utilA;utilB;utilSum;contract;pareto
2243;8253;10496;[4,67,193,48,10,1,91,129,8,84,122,73,174,135,21,99,16,77,112,71,56,18,62,120,24,197,26,9,143,20,3,2,121,160,92,49,130,22,38,34,124,94,75,12,165,153,187,127,39,107,87,76,50,53,93,23,30,134,58,86,69,64,101,151,54,158,199,6,117,98,25,110,81,52,182,28,162,78,60,79,185,148,167,61,41,36,46,131,59,133,96,157,138,178,164,173,66,126,198,159,140,118,109,29,154,156,106,19,108,146,43,128,85,152,111,83,181,82,192,139,33,13,172,195,40,37,15,35,88,145,189,194,31,171,116,57,0,113,196,89,5,141,119,74,183,63,51,72,147,65,102,115,14,45,55,155,184,161,80,114,177,169,191,11,104,180,163,170,95,137,90,125,149,32,68,97,100,7,175,179,27,150,136,144,70,168,17,103,105,142,190,188,186,176,42,47,132,166,123,44,];True
2231;8265;10496;[4,67,193,48,10,1,91,129,8,84,122,73,174,135,21,99,16,77,112,71,56,18,62,120,24,197,26,9,143,20,3,2,121,160,92,49,130,22,38,34,124,94,75,12,165,153,187,127,39,107,87,76,50,53,93,23,30,134,58,86,69,64,101,151,54,158,199,6,117,98,25,110,81,52,182,28,162,78,60,79,185,148,167,61,41,36,46,131,59,133,96,157,138,178,152,173,66,126,198,159,140,118,109,29,154,156,106,19,108,146,43,128,85,164,111,83,181,82,192,139,33,13,172,195,40,37,15,35,88,145,189,194,31,171,116,57,0,113,196,89,5,141,119,74,183,63,51,72,147,65,102,115,14,45,55,155,184,161,80,114,177,169,191,11,104,180,163,170,95,137,90,125,149,32,68,97,100,7,175,179,27,150,136,144,70,168,17,103,105,142,190,188,186,176,42,47,132,166,123,44];True
2243;8253;10496;[4,67,193,48,10,1,91,129,8,84,122,73,174,135,21,99,16,77,112,71,56,18,62,120,24,197,26,9,143,20,3,2,121,160,92,49,130,22,38,34,124,94,75,12,165,153,187,127,39,107,87,76,50,53,93,23,30,134,58,86,69,64,101,151,54,158,199,6,117,98,25,110,81,52,182,28,162,78,60,79,185,148,167,61,41,36,46,131,59,133,96,157,138,178,164,173,66,126,198,159,140,118,109,29,154,156,106,19,108,146,43,128,85,152,111,83,181,82,192,139,33,13,172,195,40,37,15,35,88,145,189,194,31,171,116,57,0,113,196,89,5,141,119,74,183,63,51,72,147,65,102,115,14,45,55,155,184,161,80,114,177,169,191,11,104,180,163,170,95,137,90,125,149,32,68,97,100,7,175,179,27,150,136,144,70,168,17,103,105,142,190,188,186,176,42,47,132,166,123,44];True
2242;8259;10501;[4,67,193,48,10,1,91,129,8,84,122,73,174,135,21,99,16,77,112,71,56,18,62,120,24,197,26,9,143,20,3,2,121,160,92,49,130,22,38,34,124,94,75,12,165,153,187,127,39,166,87,76,50,53,93,23,30,134,58,86,69,64,101,151,54,158,199,6,117,98,25,110,81,52,182,28,162,78,60,79,185,148,167,61,41,36,46,131,59,133,96,157,138,178,164,173,66,126,198,159,140,118,109,29,154,156,106,19,108,146,43,128,85,152,111,83,181,82,192,139,33,13,172,195,40,37,15,35,88,145,189,194,31,171,116,57,0,113,196,89,5,141,119,74,183,63,51,72,147,65,102,115,14,45,55,155,184,161,80,114,177,169,191,11,104,180,163,170,95,137,90,125,149,32,68,97,100,7,175,179,27,150,136,144,70,168,17,103,105,142,190,188,186,176,42,47,132,107,123,44];True
2253;8251;10504;[4,67,193,48,10,1,91,129,8,84,122,73,174,135,21,99,16,77,112,71,56,18,62,120,24,197,26,9,143,20,3,2,121,160,92,49,130,22,38,34,124,94,75,12,165,153,187,127,39,107,87,76,50,53,93,23,30,134,58,86,69,64,101,151,54,158,199,6,117,98,25,110,81,52,182,28,162,78,60,42,185,148,167,61,41,36,46,131,59,133,96,157,138,178,164,173,66,126,198,159,140,118,109,29,154,156,106,19,108,146,43,128,85,152,111,83,181,82,192,139,33,13,172,195,40,37,15,35,88,145,189,194,31,171,116,57,0,113,196,89,5,141,119,74,183,63,51,72,147,65,102,115,14,45,55,155,184,161,80,114,177,169,191,11,104,180,163,170,95,137,90,125,149,32,68,97,100,7,175,179,27,150,136,144,70,168,17,103,105,142,190,188,186,176,79,47,132,166,123,44];True
2284;8222;10506;[4,67,193,48,10,1,91,129,8,84,122,73,174,135,21,99,16,77,112,71,56,18,62,120,24,197,26,9,143,20,3,2,121,160,92,49,130,22,38,34,124,94,75,12,165,153,187,127,39,107,87,76,50,53,93,23,30,134,58,86,69,64,101,151,54,158,199,6,117,98,25,110,81,52,182,28,162,78,60,79,185,148,167,61,41,36,46,131,59,133,96,157,138,178,164,173,66,126,198,159,140,118,109,29,154,156,106,19,108,146,43,128,85,152,111,83,181,82,192,139,33,13,172,195,11,37,15,35,88,145,189,194,31,171,116,57,0,113,196,89,5,141,119,74,183,63,51,72,147,65,102,115,14,45,55,155,184,161,80,114,177,169,191,40,104,180,163,170,95,137,90,125,149,32,68,97,100,7,175,179,27,150,136,144,70,168,17,103,105,142,190,188,186,176,42,47,132,166,123,44];True
2266;8242;10508;[4,67,193,48,10,1,91,129,8,84,122,73,174,135,21,99,16,77,112,71,56,18,62,120,24,197,26,9,143,20,3,2,121,160,92,49,130,22,38,34,124,94,75,12,165,153,187,127,39,107,87,76,50,53,93,23,30,134,58,86,69,64,101,151,148,158,199,6,117,98,25,110,81,52,182,28,162,78,60,79,185,54,167,61,41,36,46,131,59,133,96,157,138,178,164,173,66,126,198,159,140,118,109,29,154,156,106,19,108,146,43,128,85,152,111,83,181,82,192,139,33,13,172,195,40,37,15,35,88,145,189,194,31,171,116,57,0,113,196,89,5,141,119,74,183,63,51,72,147,65,102,115,14,45,55,155,184,161,80,114,177,169,191,11,104,180,163,170,95,137,90,125,149,32,68,97,100,7,175,179,27,150,136,144,70,168,17,103,105,142,190,188,186,176,42,47,132,166,123,44,];True
2266;8242;10508;[4,67,193,48,10,1,91,129,8,84,122,73,174,135,21,99,16,77,112,71,56,18,62,120,24,197,26,9,143,20,3,2,121,160,92,49,130,22,38,34,124,94,75,12,165,153,187,127,39,107,87,76,50,53,93,23,30,134,58,86,69,64,101,151,148,158,199,6,117,98,25,110,81,52,182,28,162,78,60,79,185,54,167,61,41,36,46,131,59,133,96,157,138,178,164,173,66,126,198,159,140,118,109,29,154,156,106,19,108,146,43,128,85,152,111,83,181,82,192,139,33,13,172,195,40,37,15,35,88,145,189,194,31,171,116,57,0,113,196,89,5,141,119,74,183,63,51,72,147,65,102,115,14,45,55,155,184,161,80,114,177,169,191,11,104,180,163,170,95,137,90,125,149,32,68,97,100,7,175,179,27,150,136,144,70,168,17,103,105,142,190,188,186,176,42,47,132,166,123,44];True
2273;8240;10513;[4,67,193,48,10,1,91,129,8,84,122,73,174,135,21,99,16,77,112,71,56,18,62,120,24,197,26,9,143,20,3,2,121,160,92,49,130,22,38,34,124,94,75,12,165,153,187,127,39,107,87,117,50,53,93,23,30,134,58,86,69,64,101,151,54,158,199,6,76,98,25,110,81,52,182,28,162,78,60,79,185,148,167,61,41,36,46,131,59,133,96,157,138,178,164,173,66,126,198,159,140,118,109,29,154,156,106,19,108,146,43,128,85,152,111,83,181,82,192,139,33,13,172,195,40,37,15,35,88,145,189,194,31,171,116,57,0,113,196,89,5,141,119,74,183,63,51,72,147,65,102,115,14,45,55,155,184,161,80,114,177,169,191,11,104,180,163,170,95,137,90,125,149,32,68,97,100,7,175,179,27,150,136,144,70,168,17,103,105,142,190,188,186,176,42,47,132,166,123,44,];True
2273;8240;10513;[4,67,193,48,10,1,91,129,8,84,122,73,174,135,21,99,16,77,112,71,56,18,62,120,24,197,26,9,143,20,3,2,121,160,92,49,130,22,38,34,124,94,75,12,165,153,187,127,39,107,87,117,50,53,93,23,30,134,58,86,69,64,101,151,54,158,199,6,76,98,25,110,81,52,182,28,162,78,60,79,185,148,167,61,41,36,46,131,59,133,96,157,138,178,164,173,66,126,198,159,140,118,109,29,154,156,106,19,108,146,43,128,85,152,111,83,181,82,192,139,33,13,172,195,40,37,15,35,88,145,189,194,31,171,116,57,0,113,196,89,5,141,119,74,183,63,51,72,147,65,102,115,14,45,55,155,184,161,80,114,177,169,191,11,104,180,163,170,95,137,90,125,149,32,68,97,100,7,175,179,27,150,136,144,70,168,17,103,105,142,190,188,186,176,42,47,132,166,123,44];True
2300;8218;10518;[4,67,193,48,10,1,91,129,8,84,122,73,174,135,21,99,16,77,112,71,56,18,62,120,24,197,26,9,143,20,3,2,121,160,92,49,130,22,38,34,124,94,75,12,165,153,187,127,39,107,87,76,50,53,93,23,30,134,58,86,181,64,101,151,54,158,199,6,117,98,25,110,81,52,182,28,162,78,60,79,185,148,167,61,41,36,46,131,59,133,96,157,138,178,164,173,66,126,198,159,140,118,109,29,154,156,106,19,108,146,43,128,85,152,111,83,69,82,192,139,33,13,172,195,40,37,15,35,88,145,189,194,31,171,116,57,0,113,196,89,5,141,119,74,183,63,51,72,147,65,102,115,14,45,55,155,184,161,80,114,177,169,191,11,104,180,163,170,95,137,90,125,149,32,68,97,100,7,175,179,27,150,136,144,70,168,17,103,105,142,190,188,186,176,42,47,132,166,123,44,];True
2326;8192;10518;[4,67,193,48,10,145,91,129,8,84,122,73,174,135,21,99,16,77,112,71,56,18,62,120,24,197,26,9,143,20,3,2,121,160,92,49,130,22,38,34,124,94,75,12,165,153,187,127,39,107,87,76,50,53,93,23,30,134,58,86,181,64,101,151,54,158,199,6,117,98,25,110,81,52,182,28,162,78,60,79,185,148,167,61,41,36,46,131,59,133,96,157,138,178,164,173,66,126,198,159,140,118,109,29,154,156,106,19,108,146,43,128,85,152,111,83,69,82,192,139,33,13,172,195,40,37,15,35,88,1,189,194,31,171,116,57,0,113,196,89,5,141,119,74,183,63,51,72,147,65,102,115,14,45,55,155,184,161,80,114,177,169,191,11,104,180,163,170,95,137,90,125,149,32,68,97,100,7,175,179,27,150,136,144,70,168,17,103,105,142,190,188,186,176,42,47,132,166,123,44,];True
2300;8218;10518;[4,67,193,48,10,1,91,129,8,84,122,73,174,135,21,99,16,77,112,71,56,18,62,120,24,197,26,9,143,20,3,2,121,160,92,49,130,22,38,34,124,94,75,12,165,153,187,127,39,107,87,76,50,53,93,23,30,134,58,86,181,64,101,151,54,158,199,6,117,98,25,110,81,52,182,28,162,78,60,79,185,148,167,61,41,36,46,131,59,133,96,157,138,178,164,173,66,126,198,159,140,118,109,29,154,156,106,19,108,146,43,128,85,152,111,83,69,82,192,139,33,13,172,195,40,37,15,35,88,145,189,194,31,171,116,57,0,113,196,89,5,141,119,74,183,63,51,72,147,65,102,115,14,45,55,155,184,161,80,114,177,169,191,11,104,180,163,170,95,137,90,125,149,32,68,97,100,7,175,179,27,150,136,144,70,168,17,103,105,142,190,188,186,176,42,47,132,166,123,44];True
2326;8192;10518;[4,67,193,48,10,145,91,129,8,84,122,73,174,135,21,99,16,77,112,71,56,18,62,120,24,197,26,9,143,20,3,2,121,160,92,49,130,22,38,34,124,94,75,12,165,153,187,127,39,107,87,76,50,53,93,23,30,134,58,86,181,64,101,151,54,158,199,6,117,98,25,110,81,52,182,28,162,78,60,79,185,148,167,61,41,36,46,131,59,133,96,157,138,178,164,173,66,126,198,159,140,118,109,29,154,156,106,19,108,146,43,128,85,152,111,83,69,82,192,139,33,13,172,195,40,37,15,35,88,1,189,194,31,171,116,57,0,113,196,89,5,141,119,74,183,63,51,72,147,65,102,115,14,45,55,155,184,161,80,114,177,169,191,11,104,180,163,170,95,137,90,125,149,32,68,97,100,7,175,179,27,150,136,144,70,168,17,103,105,142,190,188,186,176,42,47,132,166,123,44];True
2315;8205;10520;[4,67,193,48,10,1,91,129,8,84,122,73,174,135,21,99,16,77,112,71,56,18,62,120,24,197,26,9,143,20,3,2,121,160,92,49,130,22,38,34,124,94,75,12,165,153,187,127,39,107,87,76,50,53,93,23,30,134,58,86,181,64,101,151,96,158,199,6,117,98,25,110,81,52,182,28,162,78,60,79,185,148,167,61,41,36,46,131,59,133,54,157,138,178,164,173,66,126,198,159,140,118,109,29,154,156,106,19,108,146,43,128,85,152,111,83,69,82,192,139,33,13,172,195,40,37,15,35,88,145,189,194,31,171,116,57,0,113,196,89,5,141,119,74,183,63,51,72,147,65,102,115,14,45,55,155,184,161,80,114,177,169,191,11,104,180,163,170,95,137,90,125,149,32,68,97,100,7,175,179,27,150,136,144,70,168,17,103,105,142,190,188,186,176,42,47,132,166,123,44];True
2315;8205;10520;[4,67,193,48,10,1,91,129,8,84,122,73,174,135,21,99,16,77,112,71,56,18,62,120,24,197,26,9,143,20,3,2,121,160,92,49,130,22,38,34,124,94,75,12,165,153,187,127,39,107,87,76,50,53,93,23,30,134,58,86,181,64,101,151,96,158,199,6,117,98,25,110,81,52,182,28,162,78,60,79,185,148,167,61,41,36,46,131,59,133,54,157,138,178,164,173,66,126,198,159,140,118,109,29,154,156,106,19,108,146,43,128,85,152,111,83,69,82,192,139,33,13,172,195,40,37,15,35,88,145,189,194,31,171,116,57,0,113,196,89,5,141,119,74,183,63,51,72,147,65,102,115,14,45,55,155,184,161,80,114,177,169,191,11,104,180,163,170,95,137,90,125,149,32,68,97,100,7,175,179,27,150,136,144,70,168,17,103,105,142,190,188,186,176,42,47,132,166,123,44,];True
2204;8319;10523;[4,67,193,48,10,1,91,129,8,84,122,73,174,135,21,99,16,77,112,71,56,18,62,120,24,197,26,9,143,20,3,2,121,160,92,49,130,22,38,34,124,94,75,12,165,153,187,127,39,107,87,76,50,53,93,23,30,134,58,86,69,64,101,151,54,158,199,6,117,98,25,110,81,52,182,28,162,78,60,79,185,148,167,61,41,36,46,131,59,133,96,157,138,178,164,173,66,126,198,159,140,118,109,29,154,156,106,19,108,146,43,128,85,152,111,83,181,82,192,139,33,13,172,195,40,37,15,35,88,145,189,194,31,171,116,57,0,113,196,89,5,141,119,74,183,97,51,72,147,65,102,115,14,45,55,155,184,161,80,114,177,169,191,11,104,180,163,170,95,137,90,125,149,32,68,63,100,7,175,179,27,150,136,144,70,168,17,103,105,142,190,188,186,176,42,47,132,166,123,44,];True
2204;8319;10523;[4,67,193,48,10,1,91,129,8,84,122,73,174,135,21,99,16,77,112,71,56,18,62,120,24,197,26,9,143,20,3,2,121,160,92,49,130,22,38,34,124,94,75,12,165,153,187,127,39,107,87,76,50,53,93,23,30,134,58,86,69,64,101,151,54,158,199,6,117,98,25,110,81,52,182,28,162,78,60,79,185,148,167,61,41,36,46,131,59,133,96,157,138,178,164,173,66,126,198,159,140,118,109,29,154,156,106,19,108,146,43,128,85,152,111,83,181,82,192,139,33,13,172,195,40,37,15,35,88,145,189,194,31,171,116,57,0,113,196,89,5,141,119,74,183,97,51,72,147,65,102,115,14,45,55,155,184,161,80,114,177,169,191,11,104,180,163,170,95,137,90,125,149,32,68,63,100,7,175,179,27,150,136,144,70,168,17,103,105,142,190,188,186,176,42,47,132,166,123,44];True
2324;8201;10525;[4,67,193,48,10,1,91,129,8,84,122,73,174,135,21,99,16,77,112,71,56,18,62,120,24,197,26,9,143,20,3,2,121,160,92,49,130,22,38,34,124,94,75,12,165,153,187,127,39,107,87,89,50,53,93,23,30,134,58,86,181,64,101,151,54,158,199,6,117,98,25,110,81,52,182,28,162,78,60,79,185,148,167,61,41,36,46,131,59,133,96,157,138,178,164,173,66,126,198,159,140,118,109,29,154,156,106,19,108,146,43,128,85,152,111,83,69,82,192,139,33,13,172,195,40,37,15,35,88,145,189,194,31,171,116,57,0,113,196,76,5,141,119,74,183,63,51,72,147,65,102,115,14,45,55,155,184,161,80,114,177,169,191,11,104,180,163,170,95,137,90,125,149,32,68,97,100,7,175,179,27,150,136,144,70,168,17,103,105,142,190,188,186,176,42,47,132,166,123,44];True
2324;8201;10525;[4,67,193,48,10,1,91,129,8,84,122,73,174,135,21,99,16,77,112,71,56,18,62,120,24,197,26,9,143,20,3,2,121,160,92,49,130,22,38,34,124,94,75,12,165,153,187,127,39,107,87,89,50,53,93,23,30,134,58,86,181,64,101,151,54,158,199,6,117,98,25,110,81,52,182,28,162,78,60,79,185,148,167,61,41,36,46,131,59,133,96,157,138,178,164,173,66,126,198,159,140,118,109,29,154,156,106,19,108,146,43,128,85,152,111,83,69,82,192,139,33,13,172,195,40,37,15,35,88,145,189,194,31,171,116,57,0,113,196,76,5,141,119,74,183,63,51,72,147,65,102,115,14,45,55,155,184,161,80,114,177,169,191,11,104,180,163,170,95,137,90,125,149,32,68,97,100,7,175,179,27,150,136,144,70,168,17,103,105,142,190,188,186,176,42,47,132,166,123,44,];True
2311;8215;10526;[4,67,193,48,10,1,91,129,8,84,122,73,174,135,21,99,16,77,112,71,56,18,62,120,24,197,26,9,143,20,3,2,121,160,92,49,130,22,38,34,124,94,75,12,165,153,187,127,39,107,87,76,50,53,93,23,30,134,58,86,181,64,101,151,54,158,199,6,117,98,25,110,81,52,182,28,162,78,60,79,185,148,167,61,41,36,46,131,59,133,96,157,138,178,164,173,66,126,198,159,140,118,109,29,154,156,106,19,108,146,43,128,85,137,111,83,69,82,192,139,33,13,172,195,40,37,15,35,88,145,189,194,31,171,116,57,0,113,196,89,5,141,119,74,183,63,51,72,147,65,102,115,14,45,55,155,184,161,80,114,177,169,191,11,104,180,163,170,95,152,90,125,149,32,68,97,100,7,175,179,27,150,136,144,70,168,17,103,105,142,190,188,186,176,42,47,132,166,123,44];True
2311;8215;10526;[4,67,193,48,10,1,91,129,8,84,122,73,174,135,21,99,16,77,112,71,56,18,62,120,24,197,26,9,143,20,3,2,121,160,92,49,130,22,38,34,124,94,75,12,165,153,187,127,39,107,87,76,50,53,93,23,30,134,58,86,181,64,101,151,54,158,199,6,117,98,25,110,81,52,182,28,162,78,60,79,185,148,167,61,41,36,46,131,59,133,96,157,138,178,164,173,66,126,198,159,140,118,109,29,154,156,106,19,108,146,43,128,85,137,111,83,69,82,192,139,33,13,172,195,40,37,15,35,88,145,189,194,31,171,116,57,0,113,196,89,5,141,119,74,183,63,51,72,147,65,102,115,14,45,55,155,184,161,80,114,177,169,191,11,104,180,163,170,95,152,90,125,149,32,68,97,100,7,175,179,27,150,136,144,70,168,17,103,105,142,190,188,186,176,42,47,132,166,123,44,];True
2341;8187;10528;[4,67,193,48,10,1,91,129,8,84,122,73,174,135,21,99,16,77,112,71,56,18,62,120,24,197,26,9,143,20,3,2,121,160,92,49,130,22,38,34,124,94,75,12,165,153,187,127,39,107,87,76,50,53,93,23,30,134,58,86,181,64,101,151,54,158,199,6,117,98,25,110,81,52,182,28,162,78,60,79,185,148,167,61,41,36,46,131,59,133,96,157,138,178,164,173,66,126,198,159,140,118,109,29,154,156,106,19,108,146,43,128,85,152,111,83,69,82,192,139,33,13,172,195,11,37,15,35,88,145,189,194,31,171,116,57,0,113,196,89,5,141,119,74,183,63,51,72,147,65,102,115,14,45,55,155,184,161,80,114,177,169,191,40,104,180,163,170,95,137,90,125,149,32,68,97,100,7,175,179,27,150,136,144,70,168,17,103,105,142,190,188,186,176,42,47,132,166,123,44];True
2341;8187;10528;[4,67,193,48,10,1,91,129,8,84,122,73,174,135,21,99,16,77,112,71,56,18,62,120,24,197,26,9,143,20,3,2,121,160,92,49,130,22,38,34,124,94,75,12,165,153,187,127,39,107,87,76,50,53,93,23,30,134,58,86,181,64,101,151,54,158,199,6,117,98,25,110,81,52,182,28,162,78,60,79,185,148,167,61,41,36,46,131,59,133,96,157,138,178,164,173,66,126,198,159,140,118,109,29,154,156,106,19,108,146,43,128,85,152,111,83,69,82,192,139,33,13,172,195,11,37,15,35,88,145,189,194,31,171,116,57,0,113,196,89,5,141,119,74,183,63,51,72,147,65,102,115,14,45,55,155,184,161,80,114,177,169,191,40,104,180,163,170,95,137,90,125,149,32,68,97,100,7,175,179,27,150,136,144,70,168,17,103,105,142,190,188,186,176,42,47,132,166,123,44,];True
2226;8302;10528;[4,67,193,48,10,1,91,129,8,84,122,73,174,135,105,99,16,77,112,71,56,18,62,120,24,197,26,9,143,20,3,2,121,160,92,49,130,22,38,34,124,94,75,12,165,153,187,127,39,107,87,76,50,53,93,23,30,134,58,86,181,64,101,151,54,158,199,6,117,98,25,110,81,52,182,28,162,78,60,79,185,148,167,61,59,36,46,131,41,133,96,157,138,178,164,173,66,126,198,159,140,118,109,29,154,156,106,19,108,146,43,128,85,152,111,83,69,82,192,139,33,13,172,195,40,37,15,35,88,145,189,194,31,171,116,57,0,113,196,89,5,141,119,74,183,63,51,72,147,65,102,115,14,45,55,155,184,161,80,114,177,169,191,11,104,180,163,170,95,137,90,125,149,32,68,97,100,7,175,179,27,150,136,144,70,168,17,103,21,142,190,188,186,176,42,47,132,166,123,44,];True
2226;8302;10528;[4,67,193,48,10,1,91,129,8,84,122,73,174,135,105,99,16,77,112,71,56,18,62,120,24,197,26,9,143,20,3,2,121,160,92,49,130,22,38,34,124,94,75,12,165,153,187,127,39,107,87,76,50,53,93,23,30,134,58,86,181,64,101,151,54,158,199,6,117,98,25,110,81,52,182,28,162,78,60,79,185,148,167,61,59,36,46,131,41,133,96,157,138,178,164,173,66,126,198,159,140,118,109,29,154,156,106,19,108,146,43,128,85,152,111,83,69,82,192,139,33,13,172,195,40,37,15,35,88,145,189,194,31,171,116,57,0,113,196,89,5,141,119,74,183,63,51,72,147,65,102,115,14,45,55,155,184,161,80,114,177,169,191,11,104,180,163,170,95,137,90,125,149,32,68,97,100,7,175,179,27,150,136,144,70,168,17,103,21,142,190,188,186,176,42,47,132,166,123,44];True
2221;8316;10537;[4,67,193,48,10,1,91,129,8,84,122,73,174,135,21,99,16,77,112,71,56,18,62,120,24,197,26,9,143,20,3,2,121,160,92,49,130,22,38,34,124,94,75,12,165,153,187,127,39,107,87,76,50,53,93,23,30,134,58,86,97,64,101,151,54,158,199,6,117,98,25,110,81,52,182,28,162,78,60,79,185,148,167,61,59,36,46,131,41,133,96,157,138,178,164,173,66,126,198,159,140,118,109,29,154,156,106,19,108,146,43,128,85,152,111,83,69,82,192,139,33,13,172,195,40,37,15,35,88,145,189,194,31,171,116,57,0,113,196,89,5,141,119,74,183,63,51,72,147,65,102,115,14,45,55,155,184,161,80,114,177,169,191,11,104,180,163,170,95,137,90,125,149,32,68,181,100,7,175,179,27,150,136,144,70,168,17,103,105,142,190,188,186,176,42,47,132,166,123,44];True
2221;8316;10537;[4,67,193,48,10,1,91,129,8,84,122,73,174,135,21,99,16,77,112,71,56,18,62,120,24,197,26,9,143,20,3,2,121,160,92,49,130,22,38,34,124,94,75,12,165,153,187,127,39,107,87,76,50,53,93,23,30,134,58,86,97,64,101,151,54,158,199,6,117,98,25,110,81,52,182,28,162,78,60,79,185,148,167,61,59,36,46,131,41,133,96,157,138,178,164,173,66,126,198,159,140,118,109,29,154,156,106,19,108,146,43,128,85,152,111,83,69,82,192,139,33,13,172,195,40,37,15,35,88,145,189,194,31,171,116,57,0,113,196,89,5,141,119,74,183,63,51,72,147,65,102,115,14,45,55,155,184,161,80,114,177,169,191,11,104,180,163,170,95,137,90,125,149,32,68,181,100,7,175,179,27,150,136,144,70,168,17,103,105,142,190,188,186,176,42,47,132,166,123,44,];True
2202;8342;10544;[4,67,193,48,10,1,91,129,8,84,122,73,174,135,21,99,16,77,112,71,56,18,62,120,24,197,26,9,143,20,3,2,121,160,92,49,130,22,38,34,124,94,75,12,165,153,187,127,39,107,87,76,50,53,93,23,30,134,58,86,181,64,101,151,54,158,199,6,117,98,25,110,81,52,182,28,162,106,60,79,185,148,167,61,59,36,46,131,41,133,96,157,138,178,164,173,66,126,198,159,140,118,109,29,154,156,78,19,108,146,43,128,85,152,111,83,69,82,192,139,33,13,172,195,40,37,15,35,88,145,189,194,31,171,116,57,0,113,196,89,5,141,119,74,183,63,51,72,147,65,102,115,14,45,55,155,184,161,80,114,177,169,191,11,104,180,163,170,95,137,90,125,149,32,68,97,100,7,175,179,27,150,136,144,70,168,17,103,105,142,190,188,186,176,42,47,132,166,123,44];True
2202;8342;10544;[4,67,193,48,10,1,91,129,8,84,122,73,174,135,21,99,16,77,112,71,56,18,62,120,24,197,26,9,143,20,3,2,121,160,92,49,130,22,38,34,124,94,75,12,165,153,187,127,39,107,87,76,50,53,93,23,30,134,58,86,181,64,101,151,54,158,199,6,117,98,25,110,81,52,182,28,162,106,60,79,185,148,167,61,59,36,46,131,41,133,96,157,138,178,164,173,66,126,198,159,140,118,109,29,154,156,78,19,108,146,43,128,85,152,111,83,69,82,192,139,33,13,172,195,40,37,15,35,88,145,189,194,31,171,116,57,0,113,196,89,5,141,119,74,183,63,51,72,147,65,102,115,14,45,55,155,184,161,80,114,177,169,191,11,104,180,163,170,95,137,90,125,149,32,68,97,100,7,175,179,27,150,136,144,70,168,17,103,105,142,190,188,186,176,42,47,132,166,123,44,];True
2362;8185;10547;[4,67,193,48,10,1,91,129,8,84,122,73,174,135,21,99,16,77,112,71,56,18,62,120,24,197,26,9,143,20,3,2,121,160,92,49,130,22,38,34,124,94,75,12,165,153,187,127,39,107,87,76,50,53,93,23,30,134,58,86,181,64,101,151,54,158,199,6,117,98,25,110,81,52,182,28,162,78,60,79,185,148,167,61,41,36,46,131,59,133,96,157,138,178,164,173,66,126,198,159,140,118,109,29,154,156,106,19,108,146,43,128,11,152,111,83,69,82,192,139,33,13,172,195,40,37,15,35,88,145,189,194,31,171,116,57,0,113,196,89,5,141,119,74,183,63,51,72,147,65,102,115,14,45,55,155,184,161,80,114,177,169,191,85,104,180,163,170,95,137,90,125,149,32,68,97,100,7,175,179,27,150,136,144,70,168,17,103,105,142,190,188,186,176,42,47,132,166,123,44,];True
2362;8185;10547;[4,67,193,48,10,1,91,129,8,84,122,73,174,135,21,99,16,77,112,71,56,18,62,120,24,197,26,9,143,20,3,2,121,160,92,49,130,22,38,34,124,94,75,12,165,153,187,127,39,107,87,76,50,53,93,23,30,134,58,86,181,64,101,151,54,158,199,6,117,98,25,110,81,52,182,28,162,78,60,79,185,148,167,61,41,36,46,131,59,133,96,157,138,178,164,173,66,126,198,159,140,118,109,29,154,156,106,19,108,146,43,128,11,152,111,83,69,82,192,139,33,13,172,195,40,37,15,35,88,145,189,194,31,171,116,57,0,113,196,89,5,141,119,74,183,63,51,72,147,65,102,115,14,45,55,155,184,161,80,114,177,169,191,85,104,180,163,170,95,137,90,125,149,32,68,97,100,7,175,179,27,150,136,144,70,168,17,103,105,142,190,188,186,176,42,47,132,166,123,44];True
2201;8348;10549;[4,67,193,48,10,1,91,129,8,84,122,73,174,135,21,99,16,77,112,71,56,18,62,120,24,197,26,9,143,20,3,2,121,160,92,49,130,22,38,34,124,94,75,12,165,153,187,127,39,166,87,76,50,53,93,23,30,134,58,86,181,64,101,151,54,158,199,6,117,98,25,110,81,52,182,28,162,106,60,79,185,148,167,61,59,36,46,131,41,133,96,157,138,178,164,173,66,126,198,159,140,118,109,29,154,156,78,19,108,146,43,128,85,152,111,83,69,82,192,139,33,13,172,195,40,37,15,35,88,145,189,194,31,171,116,57,0,113,196,89,5,141,119,74,183,63,51,72,147,65,102,115,14,45,55,155,184,161,80,114,177,169,191,11,104,180,163,170,95,137,90,125,149,32,68,97,100,7,175,179,27,150,136,144,70,168,17,103,105,142,190,188,186,176,42,47,132,107,123,44,];True
2201;8348;10549;[4,67,193,48,10,1,91,129,8,84,122,73,174,135,21,99,16,77,112,71,56,18,62,120,24,197,26,9,143,20,3,2,121,160,92,49,130,22,38,34,124,94,75,12,165,153,187,127,39,166,87,76,50,53,93,23,30,134,58,86,181,64,101,151,54,158,199,6,117,98,25,110,81,52,182,28,162,106,60,79,185,148,167,61,59,36,46,131,41,133,96,157,138,178,164,173,66,126,198,159,140,118,109,29,154,156,78,19,108,146,43,128,85,152,111,83,69,82,192,139,33,13,172,195,40,37,15,35,88,145,189,194,31,171,116,57,0,113,196,89,5,141,119,74,183,63,51,72,147,65,102,115,14,45,55,155,184,161,80,114,177,169,191,11,104,180,163,170,95,137,90,125,149,32,68,97,100,7,175,179,27,150,136,144,70,168,17,103,105,142,190,188,186,176,42,47,132,107,123,44];True
2404;8162;10566;[4,67,193,48,10,1,91,129,8,84,122,73,174,135,21,99,16,77,112,71,56,18,62,120,24,197,26,9,143,20,3,2,121,160,92,49,130,22,38,34,124,94,75,12,165,153,187,127,39,107,87,76,50,53,93,23,30,134,58,86,181,64,101,151,54,158,199,6,117,98,25,110,81,52,182,28,162,78,60,79,185,148,167,61,41,36,46,131,59,133,96,157,138,178,164,173,66,126,198,159,140,118,109,29,154,156,106,19,108,146,43,128,85,152,111,83,69,82,192,139,33,13,172,195,40,37,15,35,88,145,189,194,102,171,116,57,0,113,196,89,5,141,119,74,183,63,51,72,147,65,31,115,14,45,55,155,184,161,80,114,177,169,191,11,104,180,163,170,95,137,90,125,149,32,68,97,100,7,175,179,27,150,136,144,70,168,17,103,105,142,190,188,186,176,42,47,132,166,123,44,];True
2404;8162;10566;[4,67,193,48,10,1,91,129,8,84,122,73,174,135,21,99,16,77,112,71,56,18,62,120,24,197,26,9,143,20,3,2,121,160,92,49,130,22,38,34,124,94,75,12,165,153,187,127,39,107,87,76,50,53,93,23,30,134,58,86,181,64,101,151,54,158,199,6,117,98,25,110,81,52,182,28,162,78,60,79,185,148,167,61,41,36,46,131,59,133,96,157,138,178,164,173,66,126,198,159,140,118,109,29,154,156,106,19,108,146,43,128,85,152,111,83,69,82,192,139,33,13,172,195,40,37,15,35,88,145,189,194,102,171,116,57,0,113,196,89,5,141,119,74,183,63,51,72,147,65,31,115,14,45,55,155,184,161,80,114,177,169,191,11,104,180,163,170,95,137,90,125,149,32,68,97,100,7,175,179,27,150,136,144,70,168,17,103,105,142,190,188,186,176,42,47,132,166,123,44];True
2391;8184;10575;[4,67,193,48,10,1,91,129,8,84,122,73,174,135,21,99,16,77,112,71,56,18,62,120,24,197,26,9,143,20,3,2,121,160,92,49,130,22,38,34,124,94,75,12,165,153,187,127,39,107,87,76,50,53,93,23,30,134,58,86,181,64,101,151,54,158,199,6,117,98,25,110,81,52,182,28,162,78,60,79,185,148,167,61,41,36,46,131,59,133,96,157,138,178,164,173,66,126,198,159,140,118,109,29,154,156,106,19,108,146,43,128,85,152,111,83,69,82,192,139,33,13,172,195,40,37,15,35,88,145,189,194,137,171,116,57,0,113,196,89,5,141,119,74,183,63,51,72,147,65,102,115,14,45,55,155,184,161,80,114,177,169,191,11,104,180,163,170,95,31,90,125,149,32,68,97,100,7,175,179,27,150,136,144,70,168,17,103,105,142,190,188,186,176,42,47,132,166,123,44];True
2391;8184;10575;[4,67,193,48,10,1,91,129,8,84,122,73,174,135,21,99,16,77,112,71,56,18,62,120,24,197,26,9,143,20,3,2,121,160,92,49,130,22,38,34,124,94,75,12,165,153,187,127,39,107,87,76,50,53,93,23,30,134,58,86,181,64,101,151,54,158,199,6,117,98,25,110,81,52,182,28,162,78,60,79,185,148,167,61,41,36,46,131,59,133,96,157,138,178,164,173,66,126,198,159,140,118,109,29,154,156,106,19,108,146,43,128,85,152,111,83,69,82,192,139,33,13,172,195,40,37,15,35,88,145,189,194,137,171,116,57,0,113,196,89,5,141,119,74,183,63,51,72,147,65,102,115,14,45,55,155,184,161,80,114,177,169,191,11,104,180,163,170,95,31,90,125,149,32,68,97,100,7,175,179,27,150,136,144,70,168,17,103,105,142,190,188,186,176,42,47,132,166,123,44,];True
2199;8382;10581;[4,67,193,48,10,1,91,129,8,84,122,73,174,135,21,99,16,77,112,71,56,18,62,120,24,197,26,9,143,20,3,2,121,160,92,49,130,22,38,34,124,94,75,12,165,153,187,127,39,107,87,76,50,53,93,23,30,134,58,86,181,64,101,151,54,158,199,6,117,98,25,110,81,52,182,28,162,106,60,79,185,148,167,61,59,36,46,131,41,133,96,157,138,178,164,173,66,126,198,159,140,118,186,29,154,156,78,19,108,146,43,128,85,152,111,83,69,82,192,139,33,13,172,195,40,37,15,35,88,145,189,194,31,171,116,57,0,113,196,89,5,141,119,74,183,63,51,72,147,65,102,115,14,45,55,155,184,161,80,114,177,169,191,11,104,180,163,170,95,137,90,125,149,32,68,97,100,7,175,179,27,150,136,144,70,168,17,103,105,142,190,188,109,176,42,47,132,166,123,44,];True
2199;8382;10581;[4,67,193,48,10,1,91,129,8,84,122,73,174,135,21,99,16,77,112,71,56,18,62,120,24,197,26,9,143,20,3,2,121,160,92,49,130,22,38,34,124,94,75,12,165,153,187,127,39,107,87,76,50,53,93,23,30,134,58,86,181,64,101,151,54,158,199,6,117,98,25,110,81,52,182,28,162,106,60,79,185,148,167,61,59,36,46,131,41,133,96,157,138,178,164,173,66,126,198,159,140,118,186,29,154,156,78,19,108,146,43,128,85,152,111,83,69,82,192,139,33,13,172,195,40,37,15,35,88,145,189,194,31,171,116,57,0,113,196,89,5,141,119,74,183,63,51,72,147,65,102,115,14,45,55,155,184,161,80,114,177,169,191,11,104,180,163,170,95,137,90,125,149,32,68,97,100,7,175,179,27,150,136,144,70,168,17,103,105,142,190,188,109,176,42,47,132,166,123,44];True
2192;8431;10623;[4,67,193,48,10,1,91,129,8,84,122,73,174,135,21,99,16,77,112,71,56,18,62,120,24,197,26,9,143,20,3,2,121,160,92,49,130,22,38,34,124,94,75,12,165,153,187,127,39,107,87,76,50,53,93,23,30,134,58,86,181,82,101,151,54,158,199,6,117,98,25,110,81,52,182,28,162,106,60,79,185,148,167,61,59,36,46,131,41,133,96,157,138,178,164,173,66,126,198,159,140,118,186,29,154,156,78,19,108,146,43,128,85,152,111,83,69,64,192,139,33,13,172,195,40,37,15,35,88,145,189,194,31,171,116,57,0,113,196,89,5,141,119,74,183,63,51,72,147,65,102,115,14,45,55,155,184,161,80,114,177,169,191,11,104,180,163,170,95,137,90,125,149,32,68,97,100,7,175,179,27,150,136,144,70,168,17,103,105,142,190,188,109,176,42,47,132,166,123,44,];True
2192;8431;10623;[4,67,193,48,10,1,91,129,8,84,122,73,174,135,21,99,16,77,112,71,56,18,62,120,24,197,26,9,143,20,3,2,121,160,92,49,130,22,38,34,124,94,75,12,165,153,187,127,39,107,87,76,50,53,93,23,30,134,58,86,181,82,101,151,54,158,199,6,117,98,25,110,81,52,182,28,162,106,60,79,185,148,167,61,59,36,46,131,41,133,96,157,138,178,164,173,66,126,198,159,140,118,186,29,154,156,78,19,108,146,43,128,85,152,111,83,69,64,192,139,33,13,172,195,40,37,15,35,88,145,189,194,31,171,116,57,0,113,196,89,5,141,119,74,183,63,51,72,147,65,102,115,14,45,55,155,184,161,80,114,177,169,191,11,104,180,163,170,95,137,90,125,149,32,68,97,100,7,175,179,27,150,136,144,70,168,17,103,105,142,190,188,109,176,42,47,132,166,123,44];True
2173;8462;10635;[4,67,193,48,10,1,91,129,8,84,122,73,174,135,21,99,16,77,112,19,56,18,62,120,24,197,26,9,143,20,3,2,121,160,92,49,130,22,38,34,124,94,75,12,165,153,187,127,39,107,87,76,50,53,93,23,30,134,58,86,181,82,101,151,54,158,199,6,117,98,25,110,81,52,182,28,162,106,60,79,185,148,167,61,59,36,46,131,41,133,96,157,138,178,164,173,66,126,198,159,140,118,186,29,154,156,78,71,108,146,43,128,85,152,111,83,69,64,192,139,33,13,172,195,40,37,15,35,88,145,189,194,31,171,116,57,0,113,196,89,5,141,119,74,183,63,51,72,147,65,102,115,14,45,55,155,184,161,80,114,177,169,191,11,104,180,163,170,95,137,90,125,149,32,68,97,100,7,175,179,27,150,136,144,70,168,17,103,105,142,190,188,109,176,42,47,132,166,123,44];True
2173;8462;10635;[4,67,193,48,10,1,91,129,8,84,122,73,174,135,21,99,16,77,112,19,56,18,62,120,24,197,26,9,143,20,3,2,121,160,92,49,130,22,38,34,124,94,75,12,165,153,187,127,39,107,87,76,50,53,93,23,30,134,58,86,181,82,101,151,54,158,199,6,117,98,25,110,81,52,182,28,162,106,60,79,185,148,167,61,59,36,46,131,41,133,96,157,138,178,164,173,66,126,198,159,140,118,186,29,154,156,78,71,108,146,43,128,85,152,111,83,69,64,192,139,33,13,172,195,40,37,15,35,88,145,189,194,31,171,116,57,0,113,196,89,5,141,119,74,183,63,51,72,147,65,102,115,14,45,55,155,184,161,80,114,177,169,191,11,104,180,163,170,95,137,90,125,149,32,68,97,100,7,175,179,27,150,136,144,70,168,17,103,105,142,190,188,109,176,42,47,132,166,123,44,];True
1967;8715;10682;[4,67,193,48,10,1,91,129,8,84,122,107,174,19,21,99,16,77,112,60,56,18,62,120,24,197,26,9,109,20,3,2,121,25,92,49,130,22,38,34,124,94,75,12,165,153,187,127,39,73,87,76,50,53,93,23,30,134,58,86,181,82,101,151,54,158,199,6,117,98,78,110,81,52,182,28,162,192,135,79,185,148,167,61,59,36,46,131,41,133,96,157,138,178,164,173,66,126,198,159,140,118,186,29,154,160,156,71,108,146,43,128,85,152,111,83,69,64,150,139,33,13,172,195,40,37,15,35,88,145,189,194,31,171,116,57,0,113,196,89,5,141,119,74,183,97,51,72,147,65,102,115,14,45,55,155,184,161,80,114,177,169,191,11,104,180,163,170,95,137,90,125,149,32,68,63,100,7,175,143,27,106,136,144,70,168,17,103,105,142,190,188,179,176,42,47,132,166,123,44,];True
1967;8715;10682;[4,67,193,48,10,1,91,129,8,84,122,107,174,19,21,99,16,77,112,60,56,18,62,120,24,197,26,9,109,20,3,2,121,25,92,49,130,22,38,34,124,94,75,12,165,153,187,127,39,73,87,76,50,53,93,23,30,134,58,86,181,82,101,151,54,158,199,6,117,98,78,110,81,52,182,28,162,192,135,79,185,148,167,61,59,36,46,131,41,133,96,157,138,178,164,173,66,126,198,159,140,118,186,29,154,160,156,71,108,146,43,128,85,152,111,83,69,64,150,139,33,13,172,195,40,37,15,35,88,145,189,194,31,171,116,57,0,113,196,89,5,141,119,74,183,97,51,72,147,65,102,115,14,45,55,155,184,161,80,114,177,169,191,11,104,180,163,170,95,137,90,125,149,32,68,63,100,7,175,143,27,106,136,144,70,168,17,103,105,142,190,188,179,176,42,47,132,166,123,44];True
2164;8526;10690;[4,67,193,48,10,1,91,129,8,84,122,73,174,60,21,99,16,77,112,19,56,18,62,120,24,197,26,9,143,20,3,2,121,160,92,49,130,22,38,34,124,94,75,12,165,153,187,127,39,107,87,76,50,53,93,23,30,134,58,86,181,82,101,151,54,158,199,6,117,98,25,110,81,52,182,28,162,106,135,79,185,148,167,61,59,36,46,131,41,133,96,157,138,178,164,173,66,126,198,159,140,118,186,29,154,156,78,71,108,146,43,128,85,152,111,83,69,64,192,139,33,13,172,195,40,37,15,35,88,145,189,194,31,171,116,57,0,113,196,89,5,141,119,74,183,63,51,72,147,65,102,115,14,45,55,155,184,161,80,114,177,169,191,11,104,180,163,170,95,137,90,125,149,32,68,97,100,7,175,179,27,150,136,144,70,168,17,103,105,142,190,188,109,176,42,47,132,166,123,44,];True
2164;8526;10690;[4,67,193,48,10,1,91,129,8,84,122,73,174,60,21,99,16,77,112,19,56,18,62,120,24,197,26,9,143,20,3,2,121,160,92,49,130,22,38,34,124,94,75,12,165,153,187,127,39,107,87,76,50,53,93,23,30,134,58,86,181,82,101,151,54,158,199,6,117,98,25,110,81,52,182,28,162,106,135,79,185,148,167,61,59,36,46,131,41,133,96,157,138,178,164,173,66,126,198,159,140,118,186,29,154,156,78,71,108,146,43,128,85,152,111,83,69,64,192,139,33,13,172,195,40,37,15,35,88,145,189,194,31,171,116,57,0,113,196,89,5,141,119,74,183,63,51,72,147,65,102,115,14,45,55,155,184,161,80,114,177,169,191,11,104,180,163,170,95,137,90,125,149,32,68,97,100,7,175,179,27,150,136,144,70,168,17,103,105,142,190,188,109,176,42,47,132,166,123,44];True
2171;8522;10693;[4,67,193,48,10,1,91,129,8,84,122,73,174,19,21,99,16,77,112,60,56,18,62,120,24,197,26,9,143,20,3,2,121,160,92,49,130,22,38,34,124,94,75,12,165,153,187,127,39,107,87,76,50,53,93,23,30,134,58,86,181,82,101,151,54,158,199,6,117,98,25,110,81,52,182,28,162,106,135,79,185,148,167,61,59,36,46,131,41,133,96,157,138,178,164,173,66,126,198,159,140,118,186,29,154,156,78,71,108,146,43,128,85,152,111,83,69,64,192,139,33,13,172,195,40,37,15,35,88,145,189,194,31,171,116,57,0,113,196,89,5,141,119,74,183,63,51,72,147,65,102,115,14,45,55,155,184,161,80,114,177,169,191,11,104,180,163,170,95,137,90,125,149,32,68,97,100,7,175,179,27,150,136,144,70,168,17,103,105,142,190,109,188,176,42,47,132,166,123,44];True
2171;8522;10693;[4,67,193,48,10,1,91,129,8,84,122,73,174,19,21,99,16,77,112,60,56,18,62,120,24,197,26,9,143,20,3,2,121,160,92,49,130,22,38,34,124,94,75,12,165,153,187,127,39,107,87,76,50,53,93,23,30,134,58,86,181,82,101,151,54,158,199,6,117,98,25,110,81,52,182,28,162,106,135,79,185,148,167,61,59,36,46,131,41,133,96,157,138,178,164,173,66,126,198,159,140,118,186,29,154,156,78,71,108,146,43,128,85,152,111,83,69,64,192,139,33,13,172,195,40,37,15,35,88,145,189,194,31,171,116,57,0,113,196,89,5,141,119,74,183,63,51,72,147,65,102,115,14,45,55,155,184,161,80,114,177,169,191,11,104,180,163,170,95,137,90,125,149,32,68,97,100,7,175,179,27,150,136,144,70,168,17,103,105,142,190,109,188,176,42,47,132,166,123,44,];True
1985;8710;10695;[4,67,193,48,10,1,91,129,8,84,122,107,174,19,105,99,16,77,112,60,56,18,62,120,24,197,26,9,109,20,3,2,121,25,92,49,130,22,38,34,124,94,75,12,165,153,187,127,39,73,87,76,50,53,93,23,30,134,58,86,181,82,101,151,54,158,199,6,117,98,78,110,81,52,182,28,162,192,135,79,185,148,167,61,59,36,46,131,41,133,96,157,138,178,164,173,66,126,198,159,140,118,186,29,154,156,160,71,108,146,43,128,85,152,111,83,97,64,150,139,33,13,172,195,40,37,15,35,88,145,189,194,31,171,116,57,0,113,196,89,5,141,119,74,183,69,51,72,147,65,102,115,14,45,55,155,184,161,80,114,177,169,191,11,104,180,163,170,95,137,90,125,149,32,68,63,100,7,175,143,27,106,136,144,70,168,17,103,21,142,190,188,179,176,42,47,132,166,123,44];True
1985;8710;10695;[4,67,193,48,10,1,91,129,8,84,122,107,174,19,105,99,16,77,112,60,56,18,62,120,24,197,26,9,109,20,3,2,121,25,92,49,130,22,38,34,124,94,75,12,165,153,187,127,39,73,87,76,50,53,93,23,30,134,58,86,181,82,101,151,54,158,199,6,117,98,78,110,81,52,182,28,162,192,135,79,185,148,167,61,59,36,46,131,41,133,96,157,138,178,164,173,66,126,198,159,140,118,186,29,154,156,160,71,108,146,43,128,85,152,111,83,97,64,150,139,33,13,172,195,40,37,15,35,88,145,189,194,31,171,116,57,0,113,196,89,5,141,119,74,183,69,51,72,147,65,102,115,14,45,55,155,184,161,80,114,177,169,191,11,104,180,163,170,95,137,90,125,149,32,68,63,100,7,175,143,27,106,136,144,70,168,17,103,21,142,190,188,179,176,42,47,132,166,123,44,];True
1964;8733;10697;[4,67,193,48,10,1,91,129,8,84,122,107,174,19,21,99,16,77,112,60,56,18,62,120,24,197,26,9,109,20,3,2,121,25,92,49,130,22,38,34,124,94,75,12,165,153,187,127,39,73,87,76,50,53,93,23,30,134,58,86,181,82,101,151,54,158,199,6,117,98,78,110,81,52,182,28,162,192,135,79,185,148,167,61,59,36,46,131,41,133,96,157,138,178,164,173,66,126,198,159,140,118,186,29,154,156,160,71,108,146,43,128,85,152,111,83,69,64,150,139,33,13,172,195,40,37,15,35,88,145,189,194,31,171,116,57,0,113,196,89,5,141,119,74,183,97,51,72,147,65,102,115,14,45,55,155,184,143,80,114,177,169,191,11,104,180,163,170,95,137,90,125,149,32,68,63,100,7,175,161,27,106,136,144,70,168,17,103,105,142,190,188,179,176,42,47,132,166,123,44,];True
1964;8733;10697;[4,67,193,48,10,1,91,129,8,84,122,107,174,19,21,99,16,77,112,60,56,18,62,120,24,197,26,9,109,20,3,2,121,25,92,49,130,22,38,34,124,94,75,12,165,153,187,127,39,73,87,76,50,53,93,23,30,134,58,86,181,82,101,151,54,158,199,6,117,98,78,110,81,52,182,28,162,192,135,79,185,148,167,61,59,36,46,131,41,133,96,157,138,178,164,173,66,126,198,159,140,118,186,29,154,156,160,71,108,146,43,128,85,152,111,83,69,64,150,139,33,13,172,195,40,37,15,35,88,145,189,194,31,171,116,57,0,113,196,89,5,141,119,74,183,97,51,72,147,65,102,115,14,45,55,155,184,143,80,114,177,169,191,11,104,180,163,170,95,137,90,125,149,32,68,63,100,7,175,161,27,106,136,144,70,168,17,103,105,142,190,188,179,176,42,47,132,166,123,44];True
2161;8536;10697;[4,67,193,48,10,1,91,129,8,84,122,73,174,19,21,99,16,77,112,60,56,18,62,120,24,197,26,9,143,20,3,2,121,160,92,49,130,22,38,34,124,94,75,12,165,153,187,127,39,107,87,76,50,53,93,23,30,134,58,86,181,82,101,151,54,158,199,6,117,98,25,110,81,52,182,28,162,106,135,79,185,148,167,61,59,36,46,131,41,133,96,157,138,178,164,173,66,126,198,159,140,118,186,29,154,156,78,71,108,146,43,128,85,152,111,83,69,64,192,139,33,13,172,195,40,37,15,35,88,145,189,194,31,171,116,57,0,113,196,89,5,141,119,74,183,63,51,72,147,65,102,115,14,45,55,155,184,161,80,114,177,169,191,11,104,180,163,170,95,137,90,125,149,32,68,97,100,7,175,179,27,150,136,144,70,168,17,103,105,142,190,188,109,176,42,47,132,166,123,44,];True
2161;8536;10697;[4,67,193,48,10,1,91,129,8,84,122,73,174,19,21,99,16,77,112,60,56,18,62,120,24,197,26,9,143,20,3,2,121,160,92,49,130,22,38,34,124,94,75,12,165,153,187,127,39,107,87,76,50,53,93,23,30,134,58,86,181,82,101,151,54,158,199,6,117,98,25,110,81,52,182,28,162,106,135,79,185,148,167,61,59,36,46,131,41,133,96,157,138,178,164,173,66,126,198,159,140,118,186,29,154,156,78,71,108,146,43,128,85,152,111,83,69,64,192,139,33,13,172,195,40,37,15,35,88,145,189,194,31,171,116,57,0,113,196,89,5,141,119,74,183,63,51,72,147,65,102,115,14,45,55,155,184,161,80,114,177,169,191,11,104,180,163,170,95,137,90,125,149,32,68,97,100,7,175,179,27,150,136,144,70,168,17,103,105,142,190,188,109,176,42,47,132,166,123,44];True
1956;8744;10700;[4,67,193,48,10,1,91,129,8,84,122,107,174,19,21,99,16,77,112,60,56,18,62,120,24,197,26,9,109,20,3,2,121,25,92,49,130,22,38,34,124,94,75,12,165,153,187,127,39,73,87,76,50,53,93,23,30,134,58,86,181,82,101,151,54,158,199,6,117,98,78,110,81,52,182,28,162,192,135,79,185,148,167,61,59,36,46,131,41,133,96,157,138,178,164,173,66,126,198,159,140,118,186,29,154,156,160,71,108,146,43,128,85,152,111,83,69,64,150,139,33,13,172,195,40,37,15,35,88,145,189,194,31,171,116,57,0,113,196,89,5,141,119,74,183,97,51,72,147,65,102,115,14,45,55,155,184,161,80,114,177,169,191,11,104,180,163,170,95,137,90,125,149,32,68,63,100,7,175,143,27,106,136,144,70,168,17,103,105,142,190,188,179,176,42,47,132,166,123,44];True
1956;8744;10700;[4,67,193,48,10,1,91,129,8,84,122,107,174,19,21,99,16,77,112,60,56,18,62,120,24,197,26,9,109,20,3,2,121,25,92,49,130,22,38,34,124,94,75,12,165,153,187,127,39,73,87,76,50,53,93,23,30,134,58,86,181,82,101,151,54,158,199,6,117,98,78,110,81,52,182,28,162,192,135,79,185,148,167,61,59,36,46,131,41,133,96,157,138,178,164,173,66,126,198,159,140,118,186,29,154,156,160,71,108,146,43,128,85,152,111,83,69,64,150,139,33,13,172,195,40,37,15,35,88,145,189,194,31,171,116,57,0,113,196,89,5,141,119,74,183,97,51,72,147,65,102,115,14,45,55,155,184,161,80,114,177,169,191,11,104,180,163,170,95,137,90,125,149,32,68,63,100,7,175,143,27,106,136,144,70,168,17,103,105,142,190,188,179,176,42,47,132,166,123,44,];True
1996;8706;10702;[4,67,193,48,10,1,91,129,8,84,122,73,174,19,105,99,16,77,112,60,56,18,62,120,24,197,26,9,109,20,3,2,121,25,92,49,130,22,38,34,124,94,75,12,165,153,187,127,39,107,87,76,50,53,93,23,30,134,58,86,181,82,101,151,54,158,199,6,117,98,78,110,81,52,182,28,162,192,135,79,185,148,167,61,59,36,46,131,41,133,96,157,138,178,164,173,66,126,198,159,140,118,186,29,154,156,160,71,108,146,43,128,85,152,111,83,69,64,150,139,33,13,172,195,40,37,15,35,88,145,189,194,31,171,116,57,0,113,196,89,5,141,119,74,183,97,51,72,147,65,102,115,14,45,55,155,184,161,80,114,177,169,191,11,104,180,163,170,95,137,90,125,149,32,68,63,100,7,175,143,27,106,136,144,70,168,17,103,21,142,190,188,179,176,42,47,132,166,123,44,];True
1996;8706;10702;[4,67,193,48,10,1,91,129,8,84,122,73,174,19,105,99,16,77,112,60,56,18,62,120,24,197,26,9,109,20,3,2,121,25,92,49,130,22,38,34,124,94,75,12,165,153,187,127,39,107,87,76,50,53,93,23,30,134,58,86,181,82,101,151,54,158,199,6,117,98,78,110,81,52,182,28,162,192,135,79,185,148,167,61,59,36,46,131,41,133,96,157,138,178,164,173,66,126,198,159,140,118,186,29,154,156,160,71,108,146,43,128,85,152,111,83,69,64,150,139,33,13,172,195,40,37,15,35,88,145,189,194,31,171,116,57,0,113,196,89,5,141,119,74,183,97,51,72,147,65,102,115,14,45,55,155,184,161,80,114,177,169,191,11,104,180,163,170,95,137,90,125,149,32,68,63,100,7,175,143,27,106,136,144,70,168,17,103,21,142,190,188,179,176,42,47,132,166,123,44];True
2157;8546;10703;[4,67,193,48,10,1,91,129,8,84,122,73,174,19,21,99,16,77,112,60,56,18,62,120,24,197,109,9,143,20,3,2,121,25,92,49,130,22,38,34,124,94,75,12,165,153,187,127,39,107,87,76,50,53,93,23,30,134,58,86,181,82,101,151,54,158,199,6,117,98,160,110,81,52,182,28,162,106,135,79,185,148,167,61,59,36,46,131,41,133,96,157,138,178,164,173,66,126,198,159,140,118,186,29,154,156,78,71,108,146,43,128,85,152,111,83,69,64,192,139,33,13,172,195,40,37,15,35,88,145,189,194,31,171,116,57,0,113,196,89,5,141,119,74,183,63,51,72,147,65,102,115,14,45,55,155,184,161,80,114,177,169,191,11,104,180,163,170,95,137,90,125,149,32,68,97,100,7,175,179,27,150,136,144,70,168,17,103,105,142,190,188,26,176,42,47,132,166,123,44,];True
1951;8752;10703;[4,67,193,48,10,1,91,129,8,84,122,107,174,19,105,99,16,77,112,60,125,18,62,120,24,197,26,9,109,20,3,2,121,25,92,49,130,22,38,34,124,94,75,12,165,153,187,127,39,73,87,76,50,53,93,23,30,134,58,86,181,82,101,151,54,158,199,6,117,98,78,110,81,52,182,28,162,192,135,79,185,148,167,61,59,36,46,131,41,133,96,157,138,178,164,173,66,126,198,159,140,118,186,29,154,156,160,71,108,146,43,128,85,152,111,83,69,64,150,139,33,13,172,195,40,37,15,35,88,145,189,194,31,171,116,57,0,113,196,89,5,141,119,74,183,97,51,72,147,65,102,115,14,45,55,155,184,161,80,114,177,169,191,11,104,180,163,170,95,137,90,56,149,32,68,63,100,7,175,143,27,106,136,144,70,168,17,103,21,142,190,188,179,176,42,47,132,166,123,44,];True
1951;8752;10703;[4,67,193,48,10,1,91,129,8,84,122,107,174,19,105,99,16,77,112,60,125,18,62,120,24,197,26,9,109,20,3,2,121,25,92,49,130,22,38,34,124,94,75,12,165,153,187,127,39,73,87,76,50,53,93,23,30,134,58,86,181,82,101,151,54,158,199,6,117,98,78,110,81,52,182,28,162,192,135,79,185,148,167,61,59,36,46,131,41,133,96,157,138,178,164,173,66,126,198,159,140,118,186,29,154,156,160,71,108,146,43,128,85,152,111,83,69,64,150,139,33,13,172,195,40,37,15,35,88,145,189,194,31,171,116,57,0,113,196,89,5,141,119,74,183,97,51,72,147,65,102,115,14,45,55,155,184,161,80,114,177,169,191,11,104,180,163,170,95,137,90,56,149,32,68,63,100,7,175,143,27,106,136,144,70,168,17,103,21,142,190,188,179,176,42,47,132,166,123,44];True
2157;8546;10703;[4,67,193,48,10,1,91,129,8,84,122,73,174,19,21,99,16,77,112,60,56,18,62,120,24,197,109,9,143,20,3,2,121,25,92,49,130,22,38,34,124,94,75,12,165,153,187,127,39,107,87,76,50,53,93,23,30,134,58,86,181,82,101,151,54,158,199,6,117,98,160,110,81,52,182,28,162,106,135,79,185,148,167,61,59,36,46,131,41,133,96,157,138,178,164,173,66,126,198,159,140,118,186,29,154,156,78,71,108,146,43,128,85,152,111,83,69,64,192,139,33,13,172,195,40,37,15,35,88,145,189,194,31,171,116,57,0,113,196,89,5,141,119,74,183,63,51,72,147,65,102,115,14,45,55,155,184,161,80,114,177,169,191,11,104,180,163,170,95,137,90,125,149,32,68,97,100,7,175,179,27,150,136,144,70,168,17,103,105,142,190,188,26,176,42,47,132,166,123,44];True
1941;8767;10708;[4,67,193,48,10,1,91,129,8,84,122,107,174,19,105,99,16,77,112,60,56,18,62,120,24,197,26,9,109,20,3,2,121,25,92,49,130,22,38,34,124,94,75,12,165,153,187,127,39,73,87,76,50,53,93,23,30,134,58,86,181,82,101,151,54,158,199,6,117,98,78,110,81,52,182,28,162,192,135,79,185,148,167,61,59,36,46,131,41,133,96,157,138,178,164,173,66,126,198,159,140,118,186,29,154,156,160,71,108,146,43,128,85,152,111,83,69,64,150,139,33,13,172,195,40,37,15,35,88,145,189,194,31,171,116,57,0,113,196,89,5,141,119,74,183,97,51,72,147,65,102,115,14,45,55,155,184,161,80,114,177,169,191,11,104,180,163,170,95,137,90,125,149,32,68,63,100,7,175,143,27,106,136,144,70,168,17,103,21,142,190,188,179,176,42,47,132,166,123,44,];True
1941;8767;10708;[4,67,193,48,10,1,91,129,8,84,122,107,174,19,105,99,16,77,112,60,56,18,62,120,24,197,26,9,109,20,3,2,121,25,92,49,130,22,38,34,124,94,75,12,165,153,187,127,39,73,87,76,50,53,93,23,30,134,58,86,181,82,101,151,54,158,199,6,117,98,78,110,81,52,182,28,162,192,135,79,185,148,167,61,59,36,46,131,41,133,96,157,138,178,164,173,66,126,198,159,140,118,186,29,154,156,160,71,108,146,43,128,85,152,111,83,69,64,150,139,33,13,172,195,40,37,15,35,88,145,189,194,31,171,116,57,0,113,196,89,5,141,119,74,183,97,51,72,147,65,102,115,14,45,55,155,184,161,80,114,177,169,191,11,104,180,163,170,95,137,90,125,149,32,68,63,100,7,175,143,27,106,136,144,70,168,17,103,21,142,190,188,179,176,42,47,132,166,123,44];True
1940;8770;10710;[4,67,193,48,10,1,91,129,8,84,122,107,174,19,105,99,16,77,112,60,56,18,62,120,24,197,26,9,109,20,3,2,121,25,92,49,130,22,38,34,124,94,75,12,165,153,187,127,39,73,87,76,50,53,93,23,30,134,58,86,181,82,101,151,54,158,199,6,117,98,78,110,81,52,182,28,162,192,135,79,185,148,167,61,59,36,46,131,41,133,96,157,138,178,164,173,66,126,198,159,140,118,186,29,154,156,160,71,108,146,43,128,85,152,111,83,69,64,150,139,33,13,172,195,40,37,15,35,88,0,189,194,31,171,116,57,145,113,196,89,5,141,119,74,183,97,51,72,147,65,102,115,14,45,55,155,184,161,80,114,177,169,191,11,104,180,163,170,95,137,90,125,149,32,68,63,100,7,175,143,27,106,136,144,70,168,17,103,21,142,190,188,179,176,42,47,132,166,123,44,];True
1940;8770;10710;[4,67,193,48,10,1,91,129,8,84,122,107,174,19,105,99,16,77,112,60,56,18,62,120,24,197,26,9,109,20,3,2,121,25,92,49,130,22,38,34,124,94,75,12,165,153,187,127,39,73,87,76,50,53,93,23,30,134,58,86,181,82,101,151,54,158,199,6,117,98,78,110,81,52,182,28,162,192,135,79,185,148,167,61,59,36,46,131,41,133,96,157,138,178,164,173,66,126,198,159,140,118,186,29,154,156,160,71,108,146,43,128,85,152,111,83,69,64,150,139,33,13,172,195,40,37,15,35,88,0,189,194,31,171,116,57,145,113,196,89,5,141,119,74,183,97,51,72,147,65,102,115,14,45,55,155,184,161,80,114,177,169,191,11,104,180,163,170,95,137,90,125,149,32,68,63,100,7,175,143,27,106,136,144,70,168,17,103,21,142,190,188,179,176,42,47,132,166,123,44];True
1939;8774;10713;[4,67,193,48,10,1,2,129,8,84,122,107,174,19,105,99,16,77,112,60,56,18,62,120,24,197,26,9,109,20,3,91,121,25,92,49,130,22,38,34,124,94,75,12,165,153,187,127,39,73,87,76,50,53,93,23,30,134,58,86,181,82,101,151,54,158,199,6,117,98,78,110,81,52,182,28,162,192,135,79,185,148,167,61,59,36,46,131,41,133,96,157,138,178,164,173,66,126,198,159,140,118,186,29,154,156,160,71,108,146,43,128,85,152,111,83,69,64,150,139,33,13,172,195,40,37,15,35,88,145,189,194,31,171,116,57,0,113,196,89,5,141,119,74,183,97,51,72,147,65,102,115,14,45,55,155,184,161,80,114,177,169,191,11,104,180,163,170,95,137,90,125,149,32,68,63,100,7,175,143,27,106,136,144,70,168,17,103,21,142,190,188,179,176,42,47,132,166,123,44,];True
1939;8774;10713;[4,67,193,48,10,1,2,129,8,84,122,107,174,19,105,99,16,77,112,60,56,18,62,120,24,197,26,9,109,20,3,91,121,25,92,49,130,22,38,34,124,94,75,12,165,153,187,127,39,73,87,76,50,53,93,23,30,134,58,86,181,82,101,151,54,158,199,6,117,98,78,110,81,52,182,28,162,192,135,79,185,148,167,61,59,36,46,131,41,133,96,157,138,178,164,173,66,126,198,159,140,118,186,29,154,156,160,71,108,146,43,128,85,152,111,83,69,64,150,139,33,13,172,195,40,37,15,35,88,145,189,194,31,171,116,57,0,113,196,89,5,141,119,74,183,97,51,72,147,65,102,115,14,45,55,155,184,161,80,114,177,169,191,11,104,180,163,170,95,137,90,125,149,32,68,63,100,7,175,143,27,106,136,144,70,168,17,103,21,142,190,188,179,176,42,47,132,166,123,44];True
2037;8681;10718;[4,67,193,48,10,1,91,129,8,84,122,107,174,19,105,99,16,77,112,176,56,18,62,120,24,197,26,9,109,20,3,2,121,25,92,49,130,22,38,34,124,94,75,12,165,153,187,127,39,73,87,76,50,53,93,23,30,134,58,86,181,82,101,151,54,158,199,6,117,98,78,110,81,52,182,28,162,192,135,79,185,148,167,61,59,36,46,131,41,133,96,157,138,178,164,173,66,126,198,159,140,118,186,29,154,156,160,71,108,146,43,128,85,152,111,83,69,64,150,139,33,13,172,195,40,37,15,35,88,145,189,194,31,171,116,57,0,113,196,89,5,141,119,74,183,97,51,72,147,65,102,115,14,45,55,155,184,161,80,114,177,169,191,11,104,180,163,170,95,137,90,125,149,32,68,63,100,7,175,143,27,106,136,144,70,168,17,103,21,142,190,188,179,60,42,47,132,166,123,44];True
2037;8681;10718;[4,67,193,48,10,1,91,129,8,84,122,107,174,19,105,99,16,77,112,176,56,18,62,120,24,197,26,9,109,20,3,2,121,25,92,49,130,22,38,34,124,94,75,12,165,153,187,127,39,73,87,76,50,53,93,23,30,134,58,86,181,82,101,151,54,158,199,6,117,98,78,110,81,52,182,28,162,192,135,79,185,148,167,61,59,36,46,131,41,133,96,157,138,178,164,173,66,126,198,159,140,118,186,29,154,156,160,71,108,146,43,128,85,152,111,83,69,64,150,139,33,13,172,195,40,37,15,35,88,145,189,194,31,171,116,57,0,113,196,89,5,141,119,74,183,97,51,72,147,65,102,115,14,45,55,155,184,161,80,114,177,169,191,11,104,180,163,170,95,137,90,125,149,32,68,63,100,7,175,143,27,106,136,144,70,168,17,103,21,142,190,188,179,60,42,47,132,166,123,44,];True
2151;8603;10754;[4,67,193,48,10,1,91,129,8,84,122,73,174,19,21,99,16,77,112,60,56,18,62,120,24,197,26,9,143,20,3,2,121,25,92,49,130,22,38,34,124,94,75,12,165,153,187,127,39,107,87,76,50,53,93,23,30,134,58,86,181,82,101,151,54,158,199,6,117,98,160,110,81,52,182,28,162,106,135,79,185,148,167,61,59,36,46,131,41,133,96,157,138,178,164,173,66,126,198,159,140,118,186,29,154,156,78,71,108,146,43,128,85,152,111,83,69,64,192,139,33,13,172,195,40,37,15,35,88,145,189,194,31,171,116,57,0,113,196,89,5,141,119,74,183,63,51,72,147,65,102,115,14,45,55,155,184,161,80,114,177,169,191,11,104,180,163,170,95,137,90,125,149,32,68,97,100,7,175,109,27,150,136,144,70,168,17,103,105,142,190,188,179,176,42,47,132,166,123,44];True
2151;8603;10754;[4,67,193,48,10,1,91,129,8,84,122,73,174,19,21,99,16,77,112,60,56,18,62,120,24,197,26,9,143,20,3,2,121,25,92,49,130,22,38,34,124,94,75,12,165,153,187,127,39,107,87,76,50,53,93,23,30,134,58,86,181,82,101,151,54,158,199,6,117,98,160,110,81,52,182,28,162,106,135,79,185,148,167,61,59,36,46,131,41,133,96,157,138,178,164,173,66,126,198,159,140,118,186,29,154,156,78,71,108,146,43,128,85,152,111,83,69,64,192,139,33,13,172,195,40,37,15,35,88,145,189,194,31,171,116,57,0,113,196,89,5,141,119,74,183,63,51,72,147,65,102,115,14,45,55,155,184,161,80,114,177,169,191,11,104,180,163,170,95,137,90,125,149,32,68,97,100,7,175,109,27,150,136,144,70,168,17,103,105,142,190,188,179,176,42,47,132,166,123,44,];True
1938;8827;10765;[4,67,193,48,10,1,2,129,8,84,122,107,174,19,105,99,16,77,112,60,56,18,62,120,24,197,26,9,109,20,3,91,121,25,92,49,130,22,38,34,64,94,75,12,165,153,187,127,39,73,87,76,50,53,93,23,30,134,58,86,181,82,101,151,54,158,199,6,117,98,78,110,81,52,182,28,162,192,135,79,185,148,167,61,59,36,46,131,41,133,96,157,138,178,164,173,66,126,198,159,140,118,186,29,154,156,160,71,108,146,43,128,85,152,111,83,69,124,150,139,33,13,172,195,40,37,15,35,88,145,189,194,31,171,116,57,0,113,196,89,5,141,119,74,183,97,51,72,147,65,102,115,14,45,55,155,184,161,80,114,177,169,191,11,104,180,163,170,95,137,90,125,149,32,68,63,100,7,175,143,27,106,136,144,70,168,17,103,21,142,190,188,179,176,42,47,132,166,123,44,];True
1938;8827;10765;[4,67,193,48,10,1,2,129,8,84,122,107,174,19,105,99,16,77,112,60,56,18,62,120,24,197,26,9,109,20,3,91,121,25,92,49,130,22,38,34,64,94,75,12,165,153,187,127,39,73,87,76,50,53,93,23,30,134,58,86,181,82,101,151,54,158,199,6,117,98,78,110,81,52,182,28,162,192,135,79,185,148,167,61,59,36,46,131,41,133,96,157,138,178,164,173,66,126,198,159,140,118,186,29,154,156,160,71,108,146,43,128,85,152,111,83,69,124,150,139,33,13,172,195,40,37,15,35,88,145,189,194,31,171,116,57,0,113,196,89,5,141,119,74,183,97,51,72,147,65,102,115,14,45,55,155,184,161,80,114,177,169,191,11,104,180,163,170,95,137,90,125,149,32,68,63,100,7,175,143,27,106,136,144,70,168,17,103,21,142,190,188,179,176,42,47,132,166,123,44];True
2119;8660;10779;[4,67,193,48,10,1,91,129,8,84,122,73,174,19,21,99,16,77,112,60,56,18,62,120,24,197,26,9,109,20,3,2,121,25,92,49,130,22,38,34,124,94,75,12,165,153,187,127,39,107,87,76,50,53,93,23,30,134,58,86,181,82,101,151,54,158,199,6,117,98,160,110,81,52,182,28,162,106,135,79,185,148,167,61,59,36,46,131,41,133,96,157,138,178,164,173,66,126,198,159,140,118,186,29,154,156,78,71,108,146,43,128,85,152,111,83,69,64,150,139,33,13,172,195,40,37,15,35,88,145,189,194,31,171,116,57,0,113,196,89,5,141,119,74,183,63,51,72,147,65,102,115,14,45,55,155,184,161,80,114,177,169,191,11,104,180,163,170,95,137,90,125,149,32,68,97,100,7,175,143,27,192,136,144,70,168,17,103,105,142,190,188,179,176,42,47,132,166,123,44];True
2119;8660;10779;[4,67,193,48,10,1,91,129,8,84,122,73,174,19,21,99,16,77,112,60,56,18,62,120,24,197,26,9,109,20,3,2,121,25,92,49,130,22,38,34,124,94,75,12,165,153,187,127,39,107,87,76,50,53,93,23,30,134,58,86,181,82,101,151,54,158,199,6,117,98,160,110,81,52,182,28,162,106,135,79,185,148,167,61,59,36,46,131,41,133,96,157,138,178,164,173,66,126,198,159,140,118,186,29,154,156,78,71,108,146,43,128,85,152,111,83,69,64,150,139,33,13,172,195,40,37,15,35,88,145,189,194,31,171,116,57,0,113,196,89,5,141,119,74,183,63,51,72,147,65,102,115,14,45,55,155,184,161,80,114,177,169,191,11,104,180,163,170,95,137,90,125,149,32,68,97,100,7,175,143,27,192,136,144,70,168,17,103,105,142,190,188,179,176,42,47,132,166,123,44,];True
2137;8650;10787;[4,67,193,48,10,1,91,129,8,84,122,73,174,19,21,99,16,77,112,60,56,18,62,120,24,197,26,9,109,20,3,2,121,25,92,49,130,22,38,78,124,94,75,12,165,153,187,127,39,107,87,76,50,53,93,23,30,134,58,86,181,82,101,151,54,158,199,6,117,98,160,110,81,52,182,28,162,106,135,79,185,148,167,61,59,36,46,131,41,133,96,157,138,178,164,173,66,126,198,159,140,118,186,29,154,156,34,71,108,146,43,128,85,152,111,83,69,64,150,139,33,13,172,195,40,37,15,35,88,145,189,194,31,171,116,57,0,113,196,89,5,141,119,74,183,63,51,72,147,65,102,115,14,45,55,155,184,161,80,114,177,169,191,11,104,180,163,170,95,137,90,125,149,32,68,97,100,7,175,143,27,192,136,144,70,168,17,103,105,142,190,188,179,176,42,47,132,166,123,44];True
2137;8650;10787;[4,67,193,48,10,1,91,129,8,84,122,73,174,19,21,99,16,77,112,60,56,18,62,120,24,197,26,9,109,20,3,2,121,25,92,49,130,22,38,78,124,94,75,12,165,153,187,127,39,107,87,76,50,53,93,23,30,134,58,86,181,82,101,151,54,158,199,6,117,98,160,110,81,52,182,28,162,106,135,79,185,148,167,61,59,36,46,131,41,133,96,157,138,178,164,173,66,126,198,159,140,118,186,29,154,156,34,71,108,146,43,128,85,152,111,83,69,64,150,139,33,13,172,195,40,37,15,35,88,145,189,194,31,171,116,57,0,113,196,89,5,141,119,74,183,63,51,72,147,65,102,115,14,45,55,155,184,161,80,114,177,169,191,11,104,180,163,170,95,137,90,125,149,32,68,97,100,7,175,143,27,192,136,144,70,168,17,103,105,142,190,188,179,176,42,47,132,166,123,44,];True
2147;8649;10796;[4,67,193,48,10,1,91,129,8,84,122,73,174,19,21,99,16,77,112,60,56,18,62,120,24,197,26,9,143,20,3,2,121,25,92,49,130,22,38,34,124,94,75,12,165,153,187,127,39,107,87,76,50,53,93,23,30,134,58,86,181,82,101,151,54,158,199,6,117,98,160,110,81,52,182,28,162,106,135,79,185,148,167,61,59,36,46,131,41,133,96,157,138,178,164,173,66,126,198,159,140,118,186,29,154,156,78,71,108,146,43,128,85,152,111,83,69,64,150,139,33,13,172,195,40,37,15,35,88,145,189,194,31,171,116,57,0,113,196,89,5,141,119,74,183,63,51,72,147,65,102,115,14,45,55,155,184,161,80,114,177,169,191,11,104,180,163,170,95,137,90,125,149,32,68,97,100,7,175,109,27,192,136,144,70,168,17,103,105,142,190,188,179,176,42,47,132,166,123,44,];True
2147;8649;10796;[4,67,193,48,10,1,91,129,8,84,122,73,174,19,21,99,16,77,112,60,56,18,62,120,24,197,26,9,143,20,3,2,121,25,92,49,130,22,38,34,124,94,75,12,165,153,187,127,39,107,87,76,50,53,93,23,30,134,58,86,181,82,101,151,54,158,199,6,117,98,160,110,81,52,182,28,162,106,135,79,185,148,167,61,59,36,46,131,41,133,96,157,138,178,164,173,66,126,198,159,140,118,186,29,154,156,78,71,108,146,43,128,85,152,111,83,69,64,150,139,33,13,172,195,40,37,15,35,88,145,189,194,31,171,116,57,0,113,196,89,5,141,119,74,183,63,51,72,147,65,102,115,14,45,55,155,184,161,80,114,177,169,191,11,104,180,163,170,95,137,90,125,149,32,68,97,100,7,175,109,27,192,136,144,70,168,17,103,105,142,190,188,179,176,42,47,132,166,123,44];True
2650;8161;10811;[4,67,193,48,10,1,91,129,8,84,122,73,174,135,21,99,16,77,112,71,56,18,62,120,24,197,26,9,143,20,3,157,121,160,92,49,130,22,38,34,124,94,75,12,7,153,187,127,39,107,87,76,50,53,93,23,30,134,58,86,181,64,101,151,54,158,199,6,117,98,171,110,81,52,182,28,162,78,60,79,185,148,170,83,59,36,46,131,41,133,175,2,156,178,164,173,66,126,198,159,140,118,109,29,154,138,106,19,108,146,191,128,85,137,111,172,69,82,192,139,33,13,186,195,40,37,15,35,45,145,189,194,31,25,116,57,0,113,196,89,5,141,119,74,183,63,51,72,147,32,65,115,14,88,55,155,184,161,80,114,177,152,43,11,104,180,163,167,95,169,90,125,149,102,68,97,100,165,96,179,27,150,136,144,70,168,17,103,105,142,190,188,61,176,42,47,132,166,123,44,];True
2650;8161;10811;[4,67,193,48,10,1,91,129,8,84,122,73,174,135,21,99,16,77,112,71,56,18,62,120,24,197,26,9,143,20,3,157,121,160,92,49,130,22,38,34,124,94,75,12,7,153,187,127,39,107,87,76,50,53,93,23,30,134,58,86,181,64,101,151,54,158,199,6,117,98,171,110,81,52,182,28,162,78,60,79,185,148,170,83,59,36,46,131,41,133,175,2,156,178,164,173,66,126,198,159,140,118,109,29,154,138,106,19,108,146,191,128,85,137,111,172,69,82,192,139,33,13,186,195,40,37,15,35,45,145,189,194,31,25,116,57,0,113,196,89,5,141,119,74,183,63,51,72,147,32,65,115,14,88,55,155,184,161,80,114,177,152,43,11,104,180,163,167,95,169,90,125,149,102,68,97,100,165,96,179,27,150,136,144,70,168,17,103,105,142,190,188,61,176,42,47,132,166,123,44];True
2704;8155;10859;[4,67,193,48,10,1,91,129,8,84,122,73,174,135,21,99,16,77,112,71,56,18,62,120,24,197,26,9,143,20,3,157,121,160,92,49,130,22,38,34,124,94,75,12,7,153,187,127,39,107,87,76,50,53,93,23,30,134,58,86,181,64,101,151,54,158,199,6,117,98,171,110,81,52,182,28,162,78,60,79,185,148,170,83,59,36,46,176,41,133,175,2,156,178,164,173,66,126,198,159,140,118,109,29,154,138,106,19,108,146,191,128,85,137,111,172,69,82,192,139,33,13,61,195,40,37,15,35,45,145,189,194,31,25,116,57,0,113,196,89,5,141,119,74,183,63,51,72,147,32,65,115,14,88,55,155,184,161,80,114,177,152,43,11,104,180,163,167,95,169,90,125,149,102,68,97,100,165,96,179,27,150,136,144,70,168,17,103,105,142,190,188,186,131,42,47,132,166,123,44];True
2704;8155;10859;[4,67,193,48,10,1,91,129,8,84,122,73,174,135,21,99,16,77,112,71,56,18,62,120,24,197,26,9,143,20,3,157,121,160,92,49,130,22,38,34,124,94,75,12,7,153,187,127,39,107,87,76,50,53,93,23,30,134,58,86,181,64,101,151,54,158,199,6,117,98,171,110,81,52,182,28,162,78,60,79,185,148,170,83,59,36,46,176,41,133,175,2,156,178,164,173,66,126,198,159,140,118,109,29,154,138,106,19,108,146,191,128,85,137,111,172,69,82,192,139,33,13,61,195,40,37,15,35,45,145,189,194,31,25,116,57,0,113,196,89,5,141,119,74,183,63,51,72,147,32,65,115,14,88,55,155,184,161,80,114,177,152,43,11,104,180,163,167,95,169,90,125,149,102,68,97,100,165,96,179,27,150,136,144,70,168,17,103,105,142,190,188,186,131,42,47,132,166,123,44,];True
2756;8149;10905;[4,67,193,48,10,1,91,129,8,84,122,73,174,135,21,99,16,77,112,71,56,18,62,120,24,197,26,9,143,20,3,157,121,160,92,49,130,22,38,34,124,94,75,12,7,153,187,127,39,107,87,76,50,53,93,23,30,134,58,86,181,64,101,151,54,158,199,6,117,98,171,110,81,52,182,28,162,78,60,79,185,148,170,83,59,36,46,165,41,133,175,2,156,178,164,173,66,126,198,159,140,118,109,29,154,138,106,19,108,146,191,128,85,137,111,172,69,82,192,139,33,13,61,195,40,37,15,35,45,145,189,194,31,25,116,57,0,113,196,89,5,141,119,74,183,63,51,72,147,32,65,115,14,88,55,155,184,161,80,114,177,152,43,11,104,180,163,167,95,169,90,125,149,102,68,97,100,131,96,179,27,150,136,144,70,168,17,103,105,142,190,188,186,176,42,47,132,166,123,44,];True
2756;8149;10905;[4,67,193,48,10,1,91,129,8,84,122,73,174,135,21,99,16,77,112,71,56,18,62,120,24,197,26,9,143,20,3,157,121,160,92,49,130,22,38,34,124,94,75,12,7,153,187,127,39,107,87,76,50,53,93,23,30,134,58,86,181,64,101,151,54,158,199,6,117,98,171,110,81,52,182,28,162,78,60,79,185,148,170,83,59,36,46,165,41,133,175,2,156,178,164,173,66,126,198,159,140,118,109,29,154,138,106,19,108,146,191,128,85,137,111,172,69,82,192,139,33,13,61,195,40,37,15,35,45,145,189,194,31,25,116,57,0,113,196,89,5,141,119,74,183,63,51,72,147,32,65,115,14,88,55,155,184,161,80,114,177,152,43,11,104,180,163,167,95,169,90,125,149,102,68,97,100,131,96,179,27,150,136,144,70,168,17,103,105,142,190,188,186,176,42,47,132,166,123,44];True
4860;8144;13004;[198,174,190,32,189,130,6,38,61,97,199,49,12,112,167,15,16,4,147,28,24,77,20,9,150,3,157,183,37,138,126,115,1,74,34,35,93,194,8,154,166,113,188,55,44,45,131,185,68,123,50,86,52,91,69,164,53,59,11,57,132,75,175,62,120,89,2,160,56,10,90,88,156,73,41,114,47,106,153,26,172,60,145,196,84,85,66,118,124,51,29,191,197,168,14,187,128,27,178,33,13,111,122,181,139,105,180,107,148,30,64,96,76,134,99,173,116,63,42,80,169,142,19,81,25,125,192,127,101,129,43,151,186,170,103,143,136,137,18,0,146,48,92,82,144,121,162,171,149,193,78,98,39,94,46,155,17,21,108,159,109,135,140,165,65,87,100,95,152,22,133,7,176,83,117,102,110,177,40,179,58,161,182,36,195,79,158,54,119,72,71,23,5,141,163,184,70,104,31,67,];True
4860;8144;13004;[198,174,190,32,189,130,6,38,61,97,199,49,12,112,167,15,16,4,147,28,24,77,20,9,150,3,157,183,37,138,126,115,1,74,34,35,93,194,8,154,166,113,188,55,44,45,131,185,68,123,50,86,52,91,69,164,53,59,11,57,132,75,175,62,120,89,2,160,56,10,90,88,156,73,41,114,47,106,153,26,172,60,145,196,84,85,66,118,124,51,29,191,197,168,14,187,128,27,178,33,13,111,122,181,139,105,180,107,148,30,64,96,76,134,99,173,116,63,42,80,169,142,19,81,25,125,192,127,101,129,43,151,186,170,103,143,136,137,18,0,146,48,92,82,144,121,162,171,149,193,78,98,39,94,46,155,17,21,108,159,109,135,140,165,65,87,100,95,152,22,133,7,176,83,117,102,110,177,40,179,58,161,182,36,195,79,158,54,119,72,71,23,5,141,163,184,70,104,31,67];True
4897;8140;13037;[198,174,190,32,189,130,6,38,61,97,199,49,12,112,167,15,16,4,147,28,24,77,2,9,176,3,157,183,37,138,126,115,1,74,34,35,93,194,8,154,166,113,188,55,44,45,131,185,68,123,50,86,52,91,69,164,53,59,11,57,132,75,175,62,120,89,20,160,56,10,90,88,156,73,41,114,47,106,153,26,172,60,145,196,84,85,66,118,124,51,29,191,197,168,14,187,128,27,178,33,13,111,122,181,139,105,180,107,148,30,64,96,76,134,99,173,116,63,42,80,169,142,19,81,25,125,192,127,101,129,43,151,186,170,103,143,136,137,18,0,146,48,92,82,144,121,162,171,149,193,78,98,39,94,46,155,17,21,108,159,109,135,140,165,65,87,100,95,152,22,133,7,150,83,117,102,110,177,40,179,58,161,182,36,195,79,158,54,119,72,71,23,5,141,163,184,70,104,31,67,];True
4897;8140;13037;[198,174,190,32,189,130,6,38,61,97,199,49,12,112,167,15,16,4,147,28,24,77,2,9,176,3,157,183,37,138,126,115,1,74,34,35,93,194,8,154,166,113,188,55,44,45,131,185,68,123,50,86,52,91,69,164,53,59,11,57,132,75,175,62,120,89,20,160,56,10,90,88,156,73,41,114,47,106,153,26,172,60,145,196,84,85,66,118,124,51,29,191,197,168,14,187,128,27,178,33,13,111,122,181,139,105,180,107,148,30,64,96,76,134,99,173,116,63,42,80,169,142,19,81,25,125,192,127,101,129,43,151,186,170,103,143,136,137,18,0,146,48,92,82,144,121,162,171,149,193,78,98,39,94,46,155,17,21,108,159,109,135,140,165,65,87,100,95,152,22,133,7,150,83,117,102,110,177,40,179,58,161,182,36,195,79,158,54,119,72,71,23,5,141,163,184,70,104,31,67];True
5048;8066;13114;[198,174,190,32,189,130,6,38,61,163,199,49,12,112,167,15,16,4,147,28,24,150,20,9,176,3,157,183,37,138,126,115,1,74,34,35,93,194,8,154,166,113,188,55,44,45,131,185,68,123,50,86,52,91,69,164,53,59,11,57,132,75,175,62,120,89,2,67,56,10,90,88,156,73,41,114,47,165,153,26,172,60,145,196,84,85,66,118,124,51,29,191,197,168,14,187,128,27,178,33,100,111,122,151,139,105,180,107,148,30,64,96,76,134,99,173,116,63,42,80,169,142,19,81,25,125,192,127,101,129,43,181,186,170,103,143,136,137,18,0,146,48,92,82,144,121,162,171,149,193,78,98,39,94,46,155,17,21,108,159,109,135,140,106,65,87,13,95,152,22,133,7,77,83,117,102,110,177,40,179,58,161,182,36,195,79,158,54,119,72,71,23,5,141,97,184,70,104,31,160];True
5048;8066;13114;[198,174,190,32,189,130,6,38,61,163,199,49,12,112,167,15,16,4,147,28,24,150,20,9,176,3,157,183,37,138,126,115,1,74,34,35,93,194,8,154,166,113,188,55,44,45,131,185,68,123,50,86,52,91,69,164,53,59,11,57,132,75,175,62,120,89,2,67,56,10,90,88,156,73,41,114,47,165,153,26,172,60,145,196,84,85,66,118,124,51,29,191,197,168,14,187,128,27,178,33,100,111,122,151,139,105,180,107,148,30,64,96,76,134,99,173,116,63,42,80,169,142,19,81,25,125,192,127,101,129,43,181,186,170,103,143,136,137,18,0,146,48,92,82,144,121,162,171,149,193,78,98,39,94,46,155,17,21,108,159,109,135,140,106,65,87,13,95,152,22,133,7,77,83,117,102,110,177,40,179,58,161,182,36,195,79,158,54,119,72,71,23,5,141,97,184,70,104,31,160,];True
5047;8080;13127;[198,174,190,32,189,130,6,38,61,163,199,49,12,112,167,15,16,4,147,28,24,150,20,9,176,3,157,183,37,138,126,115,1,74,34,35,93,194,8,154,166,113,88,55,44,45,131,185,68,123,50,86,52,91,69,164,53,59,11,57,132,75,175,62,120,89,2,67,56,10,90,188,156,73,41,114,47,165,153,26,172,60,145,196,84,85,66,118,124,51,29,191,197,168,14,187,128,27,178,33,100,111,122,151,139,105,180,107,148,30,64,96,76,134,99,173,116,63,42,80,169,142,19,81,25,125,192,127,101,129,43,181,186,170,103,143,136,137,18,0,146,48,92,82,144,121,162,171,149,193,78,98,39,94,46,155,17,21,108,159,109,135,140,106,65,87,13,95,152,22,133,7,77,83,117,102,110,177,40,179,58,161,182,36,195,79,158,54,119,72,71,23,5,141,97,184,70,104,31,160,];True
5047;8080;13127;[198,174,190,32,189,130,6,38,61,163,199,49,12,112,167,15,16,4,147,28,24,150,20,9,176,3,157,183,37,138,126,115,1,74,34,35,93,194,8,154,166,113,88,55,44,45,131,185,68,123,50,86,52,91,69,164,53,59,11,57,132,75,175,62,120,89,2,67,56,10,90,188,156,73,41,114,47,165,153,26,172,60,145,196,84,85,66,118,124,51,29,191,197,168,14,187,128,27,178,33,100,111,122,151,139,105,180,107,148,30,64,96,76,134,99,173,116,63,42,80,169,142,19,81,25,125,192,127,101,129,43,181,186,170,103,143,136,137,18,0,146,48,92,82,144,121,162,171,149,193,78,98,39,94,46,155,17,21,108,159,109,135,140,106,65,87,13,95,152,22,133,7,77,83,117,102,110,177,40,179,58,161,182,36,195,79,158,54,119,72,71,23,5,141,97,184,70,104,31,160];True
5046;8139;13185;[198,174,190,32,189,130,6,38,61,163,199,49,12,112,167,15,16,4,147,28,24,150,20,9,176,3,157,183,37,138,126,115,1,74,34,35,93,194,8,154,166,113,188,55,44,45,131,185,68,123,50,86,52,91,69,164,53,59,11,57,132,75,175,62,120,89,2,67,56,10,90,88,156,73,41,114,47,106,153,26,172,60,145,196,84,85,66,118,124,51,29,191,197,168,14,187,128,27,178,33,100,111,122,151,139,105,180,107,148,30,64,96,76,134,99,173,116,63,42,80,169,142,19,81,25,125,192,127,101,129,43,181,186,170,103,143,136,137,18,0,146,48,92,82,144,121,162,171,149,193,78,98,39,94,46,155,17,21,108,159,109,135,140,165,65,87,13,95,152,22,133,7,77,83,117,102,110,177,40,179,58,161,182,36,195,79,158,54,119,72,71,23,5,141,97,184,70,104,31,160,];True
5046;8139;13185;[198,174,190,32,189,130,6,38,61,163,199,49,12,112,167,15,16,4,147,28,24,150,20,9,176,3,157,183,37,138,126,115,1,74,34,35,93,194,8,154,166,113,188,55,44,45,131,185,68,123,50,86,52,91,69,164,53,59,11,57,132,75,175,62,120,89,2,67,56,10,90,88,156,73,41,114,47,106,153,26,172,60,145,196,84,85,66,118,124,51,29,191,197,168,14,187,128,27,178,33,100,111,122,151,139,105,180,107,148,30,64,96,76,134,99,173,116,63,42,80,169,142,19,81,25,125,192,127,101,129,43,181,186,170,103,143,136,137,18,0,146,48,92,82,144,121,162,171,149,193,78,98,39,94,46,155,17,21,108,159,109,135,140,165,65,87,13,95,152,22,133,7,77,83,117,102,110,177,40,179,58,161,182,36,195,79,158,54,119,72,71,23,5,141,97,184,70,104,31,160];True
5165;8047;13212;[198,174,190,32,189,130,6,38,61,163,199,49,97,112,167,15,16,4,147,28,24,150,20,9,176,3,157,183,37,138,126,115,1,74,34,35,93,194,8,154,166,113,188,55,44,45,131,185,68,123,50,86,52,91,69,164,53,59,11,57,132,75,175,62,120,89,2,67,56,10,90,88,156,73,41,114,47,165,153,26,172,60,145,196,84,85,66,118,124,51,29,191,197,168,14,187,128,27,178,33,100,111,122,151,139,105,180,107,148,30,64,96,76,134,99,173,116,63,42,80,169,142,19,81,25,125,192,127,101,129,43,181,186,170,103,143,136,137,18,0,146,48,92,82,144,121,162,171,149,193,78,98,39,94,46,155,17,21,108,159,109,135,140,106,65,87,13,95,152,22,133,7,77,83,117,102,110,177,40,179,58,161,182,36,195,79,158,54,119,72,71,23,5,141,12,184,70,104,31,160,];True
5165;8047;13212;[198,174,190,32,189,130,6,38,61,163,199,49,97,112,167,15,16,4,147,28,24,150,20,9,176,3,157,183,37,138,126,115,1,74,34,35,93,194,8,154,166,113,188,55,44,45,131,185,68,123,50,86,52,91,69,164,53,59,11,57,132,75,175,62,120,89,2,67,56,10,90,88,156,73,41,114,47,165,153,26,172,60,145,196,84,85,66,118,124,51,29,191,197,168,14,187,128,27,178,33,100,111,122,151,139,105,180,107,148,30,64,96,76,134,99,173,116,63,42,80,169,142,19,81,25,125,192,127,101,129,43,181,186,170,103,143,136,137,18,0,146,48,92,82,144,121,162,171,149,193,78,98,39,94,46,155,17,21,108,159,109,135,140,106,65,87,13,95,152,22,133,7,77,83,117,102,110,177,40,179,58,161,182,36,195,79,158,54,119,72,71,23,5,141,12,184,70,104,31,160];True
5232;8038;13270;[198,174,190,32,189,130,6,38,61,163,199,49,12,112,167,15,99,4,147,28,24,150,20,9,176,3,157,183,37,138,126,115,1,74,34,35,93,194,8,154,166,113,188,55,44,45,131,185,68,123,50,86,52,91,69,164,53,59,11,57,132,75,175,62,120,89,2,67,56,10,90,88,156,73,41,114,47,165,153,26,172,60,145,196,84,85,66,118,124,51,29,191,197,168,14,187,128,27,178,33,100,111,122,151,139,105,180,107,148,30,64,96,76,134,16,173,116,63,42,80,169,142,19,81,25,125,192,127,101,129,43,181,186,170,103,143,136,137,18,0,146,48,92,82,144,121,162,171,149,193,78,98,39,94,46,155,17,21,108,159,109,135,140,106,65,87,13,95,152,22,133,7,77,79,117,102,110,177,40,179,58,161,182,36,195,83,158,54,119,72,71,23,5,141,97,184,70,104,31,160,];True
5232;8038;13270;[198,174,190,32,189,130,6,38,61,163,199,49,12,112,167,15,99,4,147,28,24,150,20,9,176,3,157,183,37,138,126,115,1,74,34,35,93,194,8,154,166,113,188,55,44,45,131,185,68,123,50,86,52,91,69,164,53,59,11,57,132,75,175,62,120,89,2,67,56,10,90,88,156,73,41,114,47,165,153,26,172,60,145,196,84,85,66,118,124,51,29,191,197,168,14,187,128,27,178,33,100,111,122,151,139,105,180,107,148,30,64,96,76,134,16,173,116,63,42,80,169,142,19,81,25,125,192,127,101,129,43,181,186,170,103,143,136,137,18,0,146,48,92,82,144,121,162,171,149,193,78,98,39,94,46,155,17,21,108,159,109,135,140,106,65,87,13,95,152,22,133,7,77,79,117,102,110,177,40,179,58,161,182,36,195,83,158,54,119,72,71,23,5,141,97,184,70,104,31,160];True
6462;8036;14498;[198,174,190,32,189,94,6,61,38,163,199,49,12,185,167,15,16,156,147,196,192,150,20,23,176,3,157,183,37,138,126,115,25,74,34,35,93,28,8,154,13,46,188,55,44,45,131,47,68,123,50,86,52,91,69,88,53,59,11,57,132,7,175,62,120,89,2,67,48,63,29,164,4,73,41,114,112,165,153,26,77,60,24,0,84,85,66,118,124,51,90,191,197,168,14,187,101,27,36,33,100,111,122,98,139,105,180,107,158,30,64,96,76,134,99,173,116,10,42,81,169,142,39,95,1,125,145,127,128,129,18,181,148,133,103,143,136,137,43,194,146,9,31,82,144,121,162,171,149,193,78,151,97,130,113,155,17,21,108,159,109,135,140,106,65,87,166,80,152,22,170,75,172,79,117,102,110,177,40,179,58,161,182,178,195,83,186,54,119,72,71,56,5,141,19,184,70,104,92,160];True
6462;8036;14498;[198,174,190,32,189,94,6,61,38,163,199,49,12,185,167,15,16,156,147,196,192,150,20,23,176,3,157,183,37,138,126,115,25,74,34,35,93,28,8,154,13,46,188,55,44,45,131,47,68,123,50,86,52,91,69,88,53,59,11,57,132,7,175,62,120,89,2,67,48,63,29,164,4,73,41,114,112,165,153,26,77,60,24,0,84,85,66,118,124,51,90,191,197,168,14,187,101,27,36,33,100,111,122,98,139,105,180,107,158,30,64,96,76,134,99,173,116,10,42,81,169,142,39,95,1,125,145,127,128,129,18,181,148,133,103,143,136,137,43,194,146,9,31,82,144,121,162,171,149,193,78,151,97,130,113,155,17,21,108,159,109,135,140,106,65,87,166,80,152,22,170,75,172,79,117,102,110,177,40,179,58,161,182,178,195,83,186,54,119,72,71,56,5,141,19,184,70,104,92,160,];True
6479;8035;14514;[198,174,190,32,189,94,6,61,38,163,199,49,12,185,167,15,16,156,147,196,192,150,20,23,176,3,157,183,37,138,126,115,25,74,34,35,152,28,8,154,13,46,188,55,44,45,131,47,68,123,50,86,52,91,69,88,53,59,11,57,132,7,175,62,120,89,2,130,48,63,29,164,4,73,41,114,112,165,153,26,77,60,24,0,84,85,66,118,124,51,90,191,197,168,14,187,101,27,36,33,100,111,122,98,139,105,180,107,158,30,64,96,76,134,99,173,116,10,42,81,169,142,39,95,1,125,145,127,128,129,18,181,148,133,103,143,136,137,43,194,146,9,31,82,144,121,162,171,149,193,78,151,97,67,113,155,17,21,108,159,109,135,140,106,65,87,166,80,93,22,170,75,172,79,117,102,110,177,40,179,58,161,182,178,195,83,186,54,119,72,71,56,5,141,19,184,70,104,92,160,];True
6479;8035;14514;[198,174,190,32,189,94,6,61,38,163,199,49,12,185,167,15,16,156,147,196,192,150,20,23,176,3,157,183,37,138,126,115,25,74,34,35,152,28,8,154,13,46,188,55,44,45,131,47,68,123,50,86,52,91,69,88,53,59,11,57,132,7,175,62,120,89,2,130,48,63,29,164,4,73,41,114,112,165,153,26,77,60,24,0,84,85,66,118,124,51,90,191,197,168,14,187,101,27,36,33,100,111,122,98,139,105,180,107,158,30,64,96,76,134,99,173,116,10,42,81,169,142,39,95,1,125,145,127,128,129,18,181,148,133,103,143,136,137,43,194,146,9,31,82,144,121,162,171,149,193,78,151,97,67,113,155,17,21,108,159,109,135,140,106,65,87,166,80,93,22,170,75,172,79,117,102,110,177,40,179,58,161,182,178,195,83,186,54,119,72,71,56,5,141,19,184,70,104,92,160];True
6513;8029;14542;[198,174,190,32,189,94,6,61,38,163,199,49,12,185,167,15,16,156,147,196,192,150,20,23,176,3,157,183,37,138,126,115,25,74,34,35,93,9,8,154,13,46,188,55,44,45,131,47,68,123,50,86,52,91,69,88,53,59,11,57,132,7,175,62,120,89,2,67,48,63,29,164,4,73,41,114,112,165,153,26,77,60,24,0,84,85,66,118,124,51,90,191,197,168,14,187,101,27,36,33,100,111,122,98,139,105,180,107,158,30,64,96,76,134,99,173,116,10,42,81,169,142,39,95,1,125,145,127,128,129,18,181,148,133,103,143,136,137,43,194,146,28,31,82,144,121,162,171,149,193,78,151,97,130,113,155,17,21,108,159,109,135,140,106,65,87,166,80,152,22,170,75,172,79,117,102,110,177,40,179,58,161,182,178,195,83,186,54,119,72,71,56,5,141,19,184,70,104,92,160,];True
6513;8029;14542;[198,174,190,32,189,94,6,61,38,163,199,49,12,185,167,15,16,156,147,196,192,150,20,23,176,3,157,183,37,138,126,115,25,74,34,35,93,9,8,154,13,46,188,55,44,45,131,47,68,123,50,86,52,91,69,88,53,59,11,57,132,7,175,62,120,89,2,67,48,63,29,164,4,73,41,114,112,165,153,26,77,60,24,0,84,85,66,118,124,51,90,191,197,168,14,187,101,27,36,33,100,111,122,98,139,105,180,107,158,30,64,96,76,134,99,173,116,10,42,81,169,142,39,95,1,125,145,127,128,129,18,181,148,133,103,143,136,137,43,194,146,28,31,82,144,121,162,171,149,193,78,151,97,130,113,155,17,21,108,159,109,135,140,106,65,87,166,80,152,22,170,75,172,79,117,102,110,177,40,179,58,161,182,178,195,83,186,54,119,72,71,56,5,141,19,184,70,104,92,160];True
6578;8011;14589;[198,174,190,32,189,87,6,61,38,163,199,49,12,185,167,15,16,156,147,196,192,150,20,23,176,3,157,183,37,138,126,115,25,74,34,35,152,28,8,154,13,46,188,55,44,45,131,47,68,123,50,86,52,91,69,88,53,59,11,57,132,7,175,62,120,89,2,67,48,63,29,164,4,73,41,114,112,165,153,26,77,60,24,0,84,85,66,118,124,51,90,191,197,168,14,187,101,27,36,33,100,111,122,98,139,105,180,107,158,30,64,96,76,134,99,173,116,10,42,81,169,142,39,95,1,125,145,127,128,129,18,181,148,133,103,143,136,137,43,194,146,9,31,82,144,121,162,171,149,193,78,151,97,130,113,155,17,21,108,159,109,135,140,106,65,94,166,80,93,22,170,75,172,79,117,102,110,177,40,179,58,161,182,178,195,83,186,54,119,72,71,56,5,141,19,184,70,104,92,160,];True
6578;8011;14589;[198,174,190,32,189,87,6,61,38,163,199,49,12,185,167,15,16,156,147,196,192,150,20,23,176,3,157,183,37,138,126,115,25,74,34,35,152,28,8,154,13,46,188,55,44,45,131,47,68,123,50,86,52,91,69,88,53,59,11,57,132,7,175,62,120,89,2,67,48,63,29,164,4,73,41,114,112,165,153,26,77,60,24,0,84,85,66,118,124,51,90,191,197,168,14,187,101,27,36,33,100,111,122,98,139,105,180,107,158,30,64,96,76,134,99,173,116,10,42,81,169,142,39,95,1,125,145,127,128,129,18,181,148,133,103,143,136,137,43,194,146,9,31,82,144,121,162,171,149,193,78,151,97,130,113,155,17,21,108,159,109,135,140,106,65,94,166,80,93,22,170,75,172,79,117,102,110,177,40,179,58,161,182,178,195,83,186,54,119,72,71,56,5,141,19,184,70,104,92,160];True
6638;7996;14634;[198,174,190,32,189,87,6,61,38,163,199,49,12,185,167,15,16,156,147,196,192,150,20,23,176,3,157,183,37,138,126,115,25,74,34,35,152,28,8,154,13,46,188,55,44,45,131,47,68,123,50,86,52,91,69,88,53,59,11,57,132,7,175,62,120,89,2,67,48,63,29,164,4,73,41,114,112,165,153,26,77,60,24,0,84,85,66,118,124,51,90,191,197,168,14,187,101,27,36,33,100,111,122,98,139,105,180,107,158,30,64,96,76,134,99,173,116,10,42,81,169,142,39,95,1,125,145,127,128,129,18,181,148,133,103,92,136,137,43,194,146,9,31,82,144,121,162,171,149,193,78,151,97,130,113,155,17,21,108,159,109,135,140,106,65,94,166,80,93,22,170,75,172,79,117,102,110,177,40,179,58,161,182,178,195,83,186,54,119,72,71,56,5,141,19,184,70,104,143,160];True
6638;7996;14634;[198,174,190,32,189,87,6,61,38,163,199,49,12,185,167,15,16,156,147,196,192,150,20,23,176,3,157,183,37,138,126,115,25,74,34,35,152,28,8,154,13,46,188,55,44,45,131,47,68,123,50,86,52,91,69,88,53,59,11,57,132,7,175,62,120,89,2,67,48,63,29,164,4,73,41,114,112,165,153,26,77,60,24,0,84,85,66,118,124,51,90,191,197,168,14,187,101,27,36,33,100,111,122,98,139,105,180,107,158,30,64,96,76,134,99,173,116,10,42,81,169,142,39,95,1,125,145,127,128,129,18,181,148,133,103,92,136,137,43,194,146,9,31,82,144,121,162,171,149,193,78,151,97,130,113,155,17,21,108,159,109,135,140,106,65,94,166,80,93,22,170,75,172,79,117,102,110,177,40,179,58,161,182,178,195,83,186,54,119,72,71,56,5,141,19,184,70,104,143,160,];True
6749;7953;14702;[198,174,190,32,189,87,6,61,38,163,199,49,12,185,167,15,16,156,147,196,192,150,20,23,176,3,157,183,37,138,126,115,25,74,34,35,152,28,8,154,13,46,188,55,44,45,131,47,68,123,50,86,52,91,69,88,53,59,11,57,132,7,175,62,120,89,2,67,48,63,29,164,4,73,41,114,112,165,153,26,77,60,24,0,84,85,66,118,124,51,90,191,197,168,14,187,101,27,36,33,100,111,122,98,139,105,180,107,158,30,64,96,76,134,99,173,116,10,42,81,169,142,39,95,1,125,145,127,128,129,18,181,148,133,103,92,136,137,43,194,146,9,31,82,144,121,162,171,149,193,78,151,97,130,113,155,17,21,108,159,109,135,140,106,65,94,166,80,93,178,170,75,172,79,117,102,110,177,40,179,58,161,182,22,195,83,186,54,119,72,71,56,5,141,19,184,70,104,143,160];True
6749;7953;14702;[198,174,190,32,189,87,6,61,38,163,199,49,12,185,167,15,16,156,147,196,192,150,20,23,176,3,157,183,37,138,126,115,25,74,34,35,152,28,8,154,13,46,188,55,44,45,131,47,68,123,50,86,52,91,69,88,53,59,11,57,132,7,175,62,120,89,2,67,48,63,29,164,4,73,41,114,112,165,153,26,77,60,24,0,84,85,66,118,124,51,90,191,197,168,14,187,101,27,36,33,100,111,122,98,139,105,180,107,158,30,64,96,76,134,99,173,116,10,42,81,169,142,39,95,1,125,145,127,128,129,18,181,148,133,103,92,136,137,43,194,146,9,31,82,144,121,162,171,149,193,78,151,97,130,113,155,17,21,108,159,109,135,140,106,65,94,166,80,93,178,170,75,172,79,117,102,110,177,40,179,58,161,182,22,195,83,186,54,119,72,71,56,5,141,19,184,70,104,143,160,];True
6719;7993;14712;[198,174,190,32,189,87,6,61,38,163,199,49,12,185,167,15,16,156,147,196,192,150,20,23,176,3,157,183,37,138,126,115,25,74,34,35,152,28,8,154,13,46,188,55,44,45,131,47,68,123,50,86,52,91,69,88,53,59,11,57,132,7,175,62,120,89,2,67,48,63,29,164,4,73,41,114,112,165,153,26,77,60,24,0,84,85,66,118,124,51,90,191,197,168,14,187,101,27,116,33,100,111,122,98,139,105,180,107,158,30,64,96,76,134,99,173,36,10,42,81,169,142,39,95,1,125,145,127,128,129,18,181,148,133,103,92,136,137,43,194,146,9,31,82,144,121,162,171,149,193,78,151,97,130,113,155,17,21,108,159,109,135,140,106,65,94,166,80,93,22,170,75,172,79,117,102,110,177,40,179,58,161,182,178,195,83,186,54,119,72,71,56,5,141,19,184,70,104,143,160,];True
6719;7993;14712;[198,174,190,32,189,87,6,61,38,163,199,49,12,185,167,15,16,156,147,196,192,150,20,23,176,3,157,183,37,138,126,115,25,74,34,35,152,28,8,154,13,46,188,55,44,45,131,47,68,123,50,86,52,91,69,88,53,59,11,57,132,7,175,62,120,89,2,67,48,63,29,164,4,73,41,114,112,165,153,26,77,60,24,0,84,85,66,118,124,51,90,191,197,168,14,187,101,27,116,33,100,111,122,98,139,105,180,107,158,30,64,96,76,134,99,173,36,10,42,81,169,142,39,95,1,125,145,127,128,129,18,181,148,133,103,92,136,137,43,194,146,9,31,82,144,121,162,171,149,193,78,151,97,130,113,155,17,21,108,159,109,135,140,106,65,94,166,80,93,22,170,75,172,79,117,102,110,177,40,179,58,161,182,178,195,83,186,54,119,72,71,56,5,141,19,184,70,104,143,160];True
6809;7928;14737;[198,174,190,32,189,87,6,61,38,163,199,49,12,185,167,15,16,156,147,196,192,150,20,23,176,3,157,183,37,138,126,115,25,74,34,35,152,28,8,154,13,46,188,55,44,45,131,47,68,123,50,86,52,91,69,88,53,59,11,57,132,7,175,62,120,2,89,67,48,63,29,164,4,73,41,114,112,165,153,26,77,60,24,0,84,85,66,118,124,51,90,191,197,168,14,187,101,27,36,33,100,111,122,98,139,105,180,107,158,30,64,96,76,134,99,173,116,10,42,81,169,142,39,95,1,125,145,127,128,129,18,181,148,133,103,92,136,137,43,194,146,9,31,82,144,121,162,171,149,193,78,151,97,130,113,155,17,21,108,159,109,135,140,106,65,94,166,80,93,178,170,75,172,79,117,102,110,177,40,179,58,161,182,22,195,83,186,54,119,72,71,56,5,141,19,184,70,104,143,160,];True
6809;7928;14737;[198,174,190,32,189,87,6,61,38,163,199,49,12,185,167,15,16,156,147,196,192,150,20,23,176,3,157,183,37,138,126,115,25,74,34,35,152,28,8,154,13,46,188,55,44,45,131,47,68,123,50,86,52,91,69,88,53,59,11,57,132,7,175,62,120,2,89,67,48,63,29,164,4,73,41,114,112,165,153,26,77,60,24,0,84,85,66,118,124,51,90,191,197,168,14,187,101,27,36,33,100,111,122,98,139,105,180,107,158,30,64,96,76,134,99,173,116,10,42,81,169,142,39,95,1,125,145,127,128,129,18,181,148,133,103,92,136,137,43,194,146,9,31,82,144,121,162,171,149,193,78,151,97,130,113,155,17,21,108,159,109,135,140,106,65,94,166,80,93,178,170,75,172,79,117,102,110,177,40,179,58,161,182,22,195,83,186,54,119,72,71,56,5,141,19,184,70,104,143,160];True
6851;7912;14763;[198,174,190,32,189,195,6,61,38,163,199,49,12,185,167,15,16,156,147,196,192,150,20,23,176,3,157,183,37,138,126,115,25,99,34,35,152,28,8,154,13,46,188,55,44,45,131,47,68,123,50,86,52,91,69,88,53,59,11,57,132,7,175,62,120,2,89,67,48,63,29,164,4,73,41,114,112,165,153,26,77,60,24,0,84,85,66,118,124,51,90,191,197,168,14,187,101,81,36,33,100,111,122,98,139,105,180,107,158,30,64,96,76,134,74,173,116,10,42,27,169,142,39,95,1,125,145,127,128,129,18,181,148,133,103,92,136,137,43,194,146,9,31,82,144,121,162,171,141,193,78,151,97,130,113,155,17,21,108,159,109,135,140,106,65,94,166,80,93,178,170,75,172,79,117,102,110,177,40,179,58,161,182,22,87,83,186,54,119,72,71,56,5,149,19,184,70,104,143,160,];True
6851;7912;14763;[198,174,190,32,189,195,6,61,38,163,199,49,12,185,167,15,16,156,147,196,192,150,20,23,176,3,157,183,37,138,126,115,25,99,34,35,152,28,8,154,13,46,188,55,44,45,131,47,68,123,50,86,52,91,69,88,53,59,11,57,132,7,175,62,120,2,89,67,48,63,29,164,4,73,41,114,112,165,153,26,77,60,24,0,84,85,66,118,124,51,90,191,197,168,14,187,101,81,36,33,100,111,122,98,139,105,180,107,158,30,64,96,76,134,74,173,116,10,42,27,169,142,39,95,1,125,145,127,128,129,18,181,148,133,103,92,136,137,43,194,146,9,31,82,144,121,162,171,141,193,78,151,97,130,113,155,17,21,108,159,109,135,140,106,65,94,166,80,93,178,170,75,172,79,117,102,110,177,40,179,58,161,182,22,87,83,186,54,119,72,71,56,5,149,19,184,70,104,143,160];True
6872;7904;14776;[198,174,190,32,189,87,6,61,38,163,199,49,12,185,167,15,16,156,147,196,192,150,20,23,176,3,157,183,37,138,126,115,25,99,34,35,152,28,8,154,13,46,188,55,44,45,131,47,68,123,50,86,52,91,69,88,53,59,11,57,132,7,175,62,120,2,89,67,48,63,29,164,4,73,41,114,112,165,153,26,77,60,24,0,84,85,66,118,124,51,90,191,197,168,14,187,101,27,36,33,100,111,122,98,139,105,180,107,158,30,64,96,76,134,74,173,116,10,42,81,169,142,39,95,1,125,145,127,128,129,18,181,148,133,103,92,136,137,43,194,146,9,31,82,144,121,162,171,149,193,78,151,97,130,113,155,17,21,108,159,109,135,140,106,65,94,166,80,93,178,170,75,172,79,117,102,110,177,40,179,58,161,182,22,195,83,186,54,119,72,71,56,5,141,19,184,70,104,143,160];True
6872;7904;14776;[198,174,190,32,189,87,6,61,38,163,199,49,12,185,167,15,16,156,147,196,192,150,20,23,176,3,157,183,37,138,126,115,25,99,34,35,152,28,8,154,13,46,188,55,44,45,131,47,68,123,50,86,52,91,69,88,53,59,11,57,132,7,175,62,120,2,89,67,48,63,29,164,4,73,41,114,112,165,153,26,77,60,24,0,84,85,66,118,124,51,90,191,197,168,14,187,101,27,36,33,100,111,122,98,139,105,180,107,158,30,64,96,76,134,74,173,116,10,42,81,169,142,39,95,1,125,145,127,128,129,18,181,148,133,103,92,136,137,43,194,146,9,31,82,144,121,162,171,149,193,78,151,97,130,113,155,17,21,108,159,109,135,140,106,65,94,166,80,93,178,170,75,172,79,117,102,110,177,40,179,58,161,182,22,195,83,186,54,119,72,71,56,5,141,19,184,70,104,143,160,];True
6924;7901;14825;[198,174,190,32,189,87,6,61,38,163,199,49,12,185,167,15,16,156,147,196,192,150,20,23,176,3,157,183,37,138,126,115,25,99,34,35,152,28,8,154,13,46,188,55,44,45,131,47,68,123,50,86,52,91,69,88,53,59,11,57,132,7,175,62,120,2,89,67,48,63,31,164,4,73,41,114,112,165,153,26,77,60,24,0,84,85,66,118,124,51,90,191,197,168,14,187,101,81,36,33,100,111,122,98,139,105,180,107,158,30,64,96,76,134,74,173,116,10,42,27,169,142,39,95,1,125,145,127,128,129,18,181,148,133,103,92,136,137,43,194,146,9,29,82,144,121,162,171,149,193,78,151,97,130,113,155,17,21,108,159,109,135,140,106,65,94,166,80,93,178,170,75,172,79,117,102,110,177,40,179,58,161,182,22,195,83,186,54,119,72,71,56,5,141,19,184,70,104,143,160];True
6924;7901;14825;[198,174,190,32,189,87,6,61,38,163,199,49,12,185,167,15,16,156,147,196,192,150,20,23,176,3,157,183,37,138,126,115,25,99,34,35,152,28,8,154,13,46,188,55,44,45,131,47,68,123,50,86,52,91,69,88,53,59,11,57,132,7,175,62,120,2,89,67,48,63,31,164,4,73,41,114,112,165,153,26,77,60,24,0,84,85,66,118,124,51,90,191,197,168,14,187,101,81,36,33,100,111,122,98,139,105,180,107,158,30,64,96,76,134,74,173,116,10,42,27,169,142,39,95,1,125,145,127,128,129,18,181,148,133,103,92,136,137,43,194,146,9,29,82,144,121,162,171,149,193,78,151,97,130,113,155,17,21,108,159,109,135,140,106,65,94,166,80,93,178,170,75,172,79,117,102,110,177,40,179,58,161,182,22,195,83,186,54,119,72,71,56,5,141,19,184,70,104,143,160,];True
6938;7900;14838;[198,174,190,32,189,87,6,61,38,163,199,49,12,185,167,15,16,156,147,196,192,150,20,23,176,3,157,183,37,138,126,115,25,99,34,35,152,28,8,154,13,46,188,55,44,45,131,47,68,123,50,86,52,91,69,88,53,59,11,57,132,7,175,62,120,2,89,67,48,63,29,164,4,73,41,114,112,165,153,26,77,60,24,0,84,85,66,118,124,51,90,191,197,168,14,187,101,81,36,33,100,111,122,98,139,105,180,107,158,30,64,96,76,134,74,173,116,10,42,27,169,142,39,95,1,125,145,127,128,129,18,181,148,133,103,92,136,137,43,194,146,9,31,82,144,121,162,171,149,193,78,151,97,130,113,155,17,21,108,159,109,135,140,106,65,94,166,80,93,178,170,75,172,79,117,102,110,177,40,179,58,161,182,22,195,83,186,54,119,72,71,56,5,141,19,184,70,104,143,160];True
6938;7900;14838;[198,174,190,32,189,87,6,61,38,163,199,49,12,185,167,15,16,156,147,196,192,150,20,23,176,3,157,183,37,138,126,115,25,99,34,35,152,28,8,154,13,46,188,55,44,45,131,47,68,123,50,86,52,91,69,88,53,59,11,57,132,7,175,62,120,2,89,67,48,63,29,164,4,73,41,114,112,165,153,26,77,60,24,0,84,85,66,118,124,51,90,191,197,168,14,187,101,81,36,33,100,111,122,98,139,105,180,107,158,30,64,96,76,134,74,173,116,10,42,27,169,142,39,95,1,125,145,127,128,129,18,181,148,133,103,92,136,137,43,194,146,9,31,82,144,121,162,171,149,193,78,151,97,130,113,155,17,21,108,159,109,135,140,106,65,94,166,80,93,178,170,75,172,79,117,102,110,177,40,179,58,161,182,22,195,83,186,54,119,72,71,56,5,141,19,184,70,104,143,160,];True
6995;7899;14894;[198,174,190,32,189,87,6,61,38,163,199,49,12,185,167,15,16,156,147,196,192,150,20,23,176,3,157,183,37,138,126,115,25,99,34,35,152,28,8,154,13,46,188,55,44,45,131,47,68,123,50,86,52,91,69,88,10,59,11,57,132,7,175,62,120,2,89,67,48,63,29,164,4,73,41,114,112,165,153,26,77,60,24,0,84,85,66,118,124,51,90,191,197,168,14,187,101,81,36,33,100,111,122,98,139,105,180,107,158,30,64,96,76,134,74,173,116,53,42,27,169,142,39,95,1,125,145,127,128,129,18,181,148,133,103,92,136,137,43,194,146,9,31,82,144,121,162,171,141,193,78,151,97,130,113,155,17,21,108,159,109,135,140,106,65,94,166,80,93,178,170,75,172,79,117,102,110,177,40,179,58,161,182,22,195,83,186,54,119,72,71,56,5,149,19,184,70,104,143,160];True
6995;7899;14894;[198,174,190,32,189,87,6,61,38,163,199,49,12,185,167,15,16,156,147,196,192,150,20,23,176,3,157,183,37,138,126,115,25,99,34,35,152,28,8,154,13,46,188,55,44,45,131,47,68,123,50,86,52,91,69,88,10,59,11,57,132,7,175,62,120,2,89,67,48,63,29,164,4,73,41,114,112,165,153,26,77,60,24,0,84,85,66,118,124,51,90,191,197,168,14,187,101,81,36,33,100,111,122,98,139,105,180,107,158,30,64,96,76,134,74,173,116,53,42,27,169,142,39,95,1,125,145,127,128,129,18,181,148,133,103,92,136,137,43,194,146,9,31,82,144,121,162,171,141,193,78,151,97,130,113,155,17,21,108,159,109,135,140,106,65,94,166,80,93,178,170,75,172,79,117,102,110,177,40,179,58,161,182,22,195,83,186,54,119,72,71,56,5,149,19,184,70,104,143,160,];True
7018;7894;14912;[198,174,190,32,189,87,6,61,38,163,199,49,12,185,167,15,16,156,147,196,192,150,20,23,176,3,157,183,37,138,126,115,25,99,34,35,152,28,8,154,13,46,188,55,44,45,131,47,68,123,50,86,52,91,69,88,53,59,11,57,132,7,175,62,120,2,89,67,48,63,29,164,4,73,41,114,112,165,153,26,77,60,24,0,84,85,66,118,124,51,90,191,197,168,14,187,101,58,36,33,100,111,122,98,139,105,180,107,158,30,64,96,76,134,74,173,116,10,42,27,169,142,39,95,1,125,145,127,128,129,18,181,148,133,103,92,136,137,43,194,146,9,31,82,144,121,162,171,149,193,78,151,97,130,113,155,17,21,108,159,109,135,140,106,65,94,166,80,93,178,170,75,172,79,117,102,110,177,40,179,81,161,182,22,195,83,186,54,119,72,71,56,5,141,19,184,70,104,143,160,];True
7018;7894;14912;[198,174,190,32,189,87,6,61,38,163,199,49,12,185,167,15,16,156,147,196,192,150,20,23,176,3,157,183,37,138,126,115,25,99,34,35,152,28,8,154,13,46,188,55,44,45,131,47,68,123,50,86,52,91,69,88,53,59,11,57,132,7,175,62,120,2,89,67,48,63,29,164,4,73,41,114,112,165,153,26,77,60,24,0,84,85,66,118,124,51,90,191,197,168,14,187,101,58,36,33,100,111,122,98,139,105,180,107,158,30,64,96,76,134,74,173,116,10,42,27,169,142,39,95,1,125,145,127,128,129,18,181,148,133,103,92,136,137,43,194,146,9,31,82,144,121,162,171,149,193,78,151,97,130,113,155,17,21,108,159,109,135,140,106,65,94,166,80,93,178,170,75,172,79,117,102,110,177,40,179,81,161,182,22,195,83,186,54,119,72,71,56,5,141,19,184,70,104,143,160];True
7021;7893;14914;[198,174,190,32,189,87,6,61,38,163,199,49,12,185,167,15,16,156,147,196,192,150,20,23,176,3,157,183,37,138,126,115,25,99,34,35,152,28,8,154,13,46,188,55,44,45,131,47,68,123,50,86,52,91,69,88,53,59,11,57,132,7,175,62,120,2,89,67,48,63,29,164,4,73,41,114,112,165,153,26,77,60,24,0,84,85,66,118,124,51,90,9,197,168,14,187,101,81,36,33,100,111,122,98,139,105,180,107,158,30,64,96,76,134,74,173,116,10,42,27,169,142,39,95,1,125,145,127,128,129,18,181,148,133,103,92,136,137,43,194,146,191,31,82,144,121,162,171,149,193,78,151,97,130,113,155,17,21,108,159,109,135,140,106,65,94,166,80,93,178,170,75,172,79,117,102,110,177,40,179,58,161,182,22,195,83,186,54,119,72,71,56,5,141,19,184,70,104,143,160,];True
7021;7893;14914;[198,174,190,32,189,87,6,61,38,163,199,49,12,185,167,15,16,156,147,196,192,150,20,23,176,3,157,183,37,138,126,115,25,99,34,35,152,28,8,154,13,46,188,55,44,45,131,47,68,123,50,86,52,91,69,88,53,59,11,57,132,7,175,62,120,2,89,67,48,63,29,164,4,73,41,114,112,165,153,26,77,60,24,0,84,85,66,118,124,51,90,9,197,168,14,187,101,81,36,33,100,111,122,98,139,105,180,107,158,30,64,96,76,134,74,173,116,10,42,27,169,142,39,95,1,125,145,127,128,129,18,181,148,133,103,92,136,137,43,194,146,191,31,82,144,121,162,171,149,193,78,151,97,130,113,155,17,21,108,159,109,135,140,106,65,94,166,80,93,178,170,75,172,79,117,102,110,177,40,179,58,161,182,22,195,83,186,54,119,72,71,56,5,141,19,184,70,104,143,160];True
7104;7874;14978;[198,174,23,32,132,87,6,61,38,163,199,49,12,185,167,15,16,160,147,196,192,150,20,190,176,3,157,183,37,138,126,115,25,99,34,35,152,28,8,154,13,46,188,55,44,45,131,47,68,123,106,86,52,91,69,88,53,59,11,57,189,7,175,62,120,2,89,67,48,63,29,164,4,73,41,114,112,165,153,26,77,60,24,0,84,85,66,118,124,51,90,9,197,168,14,187,101,81,36,33,100,111,122,98,139,105,180,107,158,30,64,96,76,134,74,173,116,10,42,27,43,142,39,95,1,125,145,127,128,129,18,181,148,133,103,92,136,137,169,194,146,191,31,82,144,121,162,171,149,193,78,151,97,130,113,155,17,21,108,159,109,135,140,50,65,94,166,80,93,178,170,75,172,79,117,102,110,177,40,179,58,161,182,22,195,83,186,54,119,72,71,56,5,141,19,184,70,104,143,156];True
7156;7865;15021;[198,174,23,32,132,87,6,61,38,163,199,49,12,185,167,15,16,159,147,196,192,150,20,190,176,3,157,183,37,138,126,115,25,99,34,35,193,28,8,154,13,46,188,55,44,45,131,47,68,123,106,86,52,91,69,88,53,59,11,57,189,7,175,62,120,2,89,67,48,63,29,164,4,73,41,114,112,165,153,26,77,60,24,0,84,85,66,118,124,51,90,9,197,168,14,187,101,81,36,33,100,111,122,98,139,105,180,107,158,30,64,96,76,134,74,173,116,10,42,27,169,142,39,95,1,125,145,127,128,129,18,181,148,133,103,92,136,137,43,194,146,191,31,82,144,121,162,171,149,152,78,151,97,130,113,155,17,21,108,160,109,135,140,50,65,94,166,80,93,178,170,75,172,79,117,102,110,177,40,179,58,161,182,22,195,83,186,54,119,72,71,56,5,141,19,184,70,104,143,156];True
7214;7812;15026;[198,174,23,32,132,87,6,88,38,163,199,78,12,185,167,15,16,160,147,196,192,150,20,190,176,3,157,183,37,138,126,115,25,99,34,35,193,28,8,154,13,46,188,55,44,45,131,47,68,123,106,86,52,91,69,61,53,59,11,97,189,26,175,62,120,2,89,107,48,63,29,164,4,73,41,114,112,165,153,7,77,60,24,0,84,85,66,118,124,51,90,9,197,168,14,142,101,81,36,33,100,111,122,98,139,105,180,67,158,30,64,96,76,134,74,173,116,10,42,27,169,187,39,95,1,125,145,127,128,129,18,181,148,133,103,92,136,137,43,194,146,191,31,82,144,121,162,171,149,152,49,151,57,130,113,155,17,21,108,159,109,135,140,50,65,94,166,80,93,178,170,75,172,79,117,102,110,177,40,179,58,161,182,22,195,83,186,54,119,72,71,56,5,141,19,184,70,104,143,156];True
7206;7864;15070;[198,174,23,32,132,87,6,61,38,163,199,49,12,185,167,15,16,160,147,196,192,150,20,190,176,3,157,183,37,138,126,115,25,99,34,35,152,28,8,154,13,46,188,55,44,45,131,47,68,123,106,86,52,91,69,88,53,59,11,57,189,7,175,62,120,2,89,67,48,63,29,164,4,73,41,114,112,165,153,26,77,60,24,0,84,85,66,118,124,51,90,9,197,168,14,187,101,81,36,33,100,111,122,98,139,105,180,107,158,30,64,96,76,134,74,173,116,10,42,27,169,142,39,95,1,125,145,127,128,129,18,181,148,133,103,92,136,137,43,194,146,191,31,82,144,121,162,171,149,193,78,151,97,130,113,155,17,21,108,159,109,135,140,50,65,94,166,80,93,178,170,75,172,79,117,102,110,177,40,179,58,161,182,22,195,83,186,54,119,72,71,56,5,141,19,184,70,104,143,156];True
7304;7796;15100;[198,174,23,32,132,87,6,88,38,163,199,78,12,185,167,15,16,160,147,196,192,150,20,190,176,3,157,183,37,138,126,115,25,99,34,35,193,28,8,154,13,46,188,55,44,45,131,47,68,123,106,86,52,91,69,61,53,59,11,57,189,26,175,62,120,2,89,107,48,63,29,164,4,73,41,114,112,165,153,7,77,60,24,83,84,85,66,118,124,51,90,9,197,168,14,142,101,81,36,33,100,111,122,98,139,105,180,67,158,30,64,96,76,134,74,173,116,10,42,27,169,187,39,95,1,125,145,127,128,129,18,181,148,133,103,92,136,137,43,194,146,191,31,82,144,121,162,171,149,152,49,151,97,130,113,155,17,21,108,159,109,135,140,50,65,94,166,80,93,178,170,75,172,79,117,102,110,177,40,179,58,161,182,22,195,0,186,54,119,72,71,56,5,141,19,184,70,104,143,156];True
7336;7785;15121;[198,174,23,32,132,87,6,88,38,163,199,78,12,185,167,15,16,160,147,196,192,150,20,190,176,3,157,183,37,138,126,115,25,99,34,35,193,28,8,154,13,46,188,55,44,45,131,47,68,123,106,86,52,91,69,61,53,59,11,57,189,26,175,62,120,2,89,107,48,63,29,164,4,73,41,114,112,165,153,7,77,60,24,0,84,85,66,118,124,51,90,9,197,168,14,142,101,81,36,33,100,111,122,98,139,105,180,67,158,30,64,96,76,134,74,173,116,10,42,27,169,187,39,95,1,125,145,127,128,129,18,181,148,133,103,92,136,137,43,194,146,191,31,82,144,121,162,171,149,152,49,151,97,130,113,155,17,21,108,159,109,135,140,50,65,94,166,80,93,104,170,75,172,79,117,102,110,177,40,179,58,161,182,22,195,83,186,54,119,72,71,56,5,141,19,184,70,178,143,156];True
7383;7775;15158;[198,174,23,32,132,87,6,88,38,163,199,78,12,185,167,15,16,160,147,196,192,150,20,190,176,3,157,183,37,138,126,115,25,99,34,35,193,28,8,154,13,46,188,55,44,45,131,47,68,123,106,86,52,91,69,61,53,59,11,57,189,26,175,62,120,2,89,107,48,63,29,164,4,73,41,114,112,165,153,7,77,60,24,0,84,85,66,118,124,51,90,9,197,168,14,142,101,81,36,33,100,111,122,98,139,105,180,67,158,30,64,96,76,134,74,173,116,10,42,27,169,187,39,95,1,125,145,127,128,129,18,181,148,133,103,92,136,137,43,194,146,191,31,82,144,121,162,171,149,152,49,151,97,130,113,155,17,21,108,159,109,135,140,50,65,94,166,80,93,178,170,75,172,79,117,102,110,177,40,179,58,161,182,22,195,83,186,54,119,72,71,56,5,141,19,184,70,104,143,156];True
7513;7772;15285;[198,174,23,32,132,87,6,88,38,163,199,78,12,185,167,15,16,160,171,196,192,150,20,190,176,3,157,183,37,138,126,115,25,99,34,35,193,28,8,154,13,46,188,55,44,45,131,47,68,123,106,86,52,91,69,61,53,59,11,57,189,26,175,62,120,2,89,107,48,63,29,164,4,73,41,114,112,165,153,7,77,60,24,0,84,85,66,118,124,51,90,9,197,168,14,142,101,81,36,33,100,111,122,98,139,105,180,67,158,30,64,96,76,134,74,173,116,10,42,27,169,187,39,95,1,125,145,127,128,129,18,181,148,133,103,92,136,137,43,194,146,191,31,82,144,121,162,147,149,152,49,151,97,130,113,155,17,21,108,159,109,135,140,50,65,94,166,80,93,178,170,75,172,79,117,102,110,177,40,179,58,161,182,22,195,83,186,54,119,72,71,56,5,141,19,184,70,104,143,156];True
7626;7768;15394;[198,174,23,32,132,87,6,88,38,163,199,78,12,185,167,15,16,160,171,196,192,150,20,190,176,3,157,183,37,138,73,115,25,99,34,35,193,28,8,154,13,46,188,55,44,45,131,47,68,123,106,86,52,91,69,61,53,59,11,57,189,26,175,62,120,2,89,107,48,63,29,164,4,126,41,114,112,165,153,7,77,60,24,0,84,85,66,118,124,51,90,9,197,168,14,142,101,81,36,33,100,111,122,98,139,105,180,67,158,30,64,96,76,134,74,173,116,10,42,27,169,187,39,95,1,125,145,127,128,129,18,181,148,133,103,92,136,137,43,194,146,191,31,82,144,121,162,147,149,152,49,151,97,130,113,155,17,21,108,159,109,135,140,50,65,94,166,80,93,178,170,75,172,79,117,102,110,177,40,179,58,161,182,22,195,83,186,54,119,72,71,56,5,141,19,184,70,104,143,156];True
7708;7753;15461;[198,174,23,32,132,87,6,88,38,163,199,78,12,185,167,15,16,160,171,196,182,150,20,190,176,3,157,183,37,138,73,115,25,99,34,35,193,28,8,154,13,46,188,55,44,45,131,47,68,123,106,86,52,91,69,61,53,59,11,57,189,26,175,62,120,2,89,107,48,63,29,164,4,126,41,114,112,165,153,7,77,60,24,0,84,85,66,118,124,51,90,9,197,168,14,142,101,81,36,33,100,111,122,98,139,105,180,67,158,30,64,96,76,134,74,173,116,10,42,27,169,187,39,95,1,125,145,127,128,129,18,181,148,133,103,92,136,137,43,194,146,191,31,82,144,121,162,147,149,152,49,151,97,130,113,155,17,21,108,159,109,135,140,50,65,94,166,80,93,178,170,75,172,79,117,102,110,177,40,179,58,161,192,22,195,83,186,54,119,72,71,56,5,141,19,184,70,104,143,156];True
7699;7766;15465;[198,174,23,32,132,87,6,88,38,163,199,78,12,185,167,15,16,160,171,196,182,150,20,190,176,3,157,183,37,138,73,115,25,99,34,35,193,28,8,154,13,46,188,55,44,45,131,47,68,123,106,86,52,91,69,61,53,59,11,57,189,26,175,62,120,2,89,107,48,63,29,164,4,126,41,114,112,165,153,7,77,60,24,0,84,85,66,118,124,51,90,9,197,168,14,142,101,81,36,33,100,111,122,98,139,105,180,67,158,30,64,96,76,134,74,173,116,10,42,27,169,187,39,95,1,125,145,127,128,129,18,181,148,133,103,92,136,137,43,194,146,191,31,82,144,121,162,147,149,152,186,151,97,130,113,155,17,21,108,159,109,135,140,50,65,94,166,80,93,178,170,75,172,79,117,102,110,177,40,179,58,161,192,22,195,83,49,54,119,72,71,56,5,141,19,184,70,104,143,156];True
7816;7748;15564;[198,174,23,32,132,87,6,88,38,163,199,78,12,185,167,15,16,160,171,196,182,150,20,190,194,3,157,183,37,138,73,115,25,99,34,35,193,28,8,154,13,116,188,55,44,45,131,47,68,123,106,86,52,91,69,61,176,59,11,57,189,26,175,62,120,2,89,107,48,63,29,164,4,126,41,114,112,165,153,7,77,60,169,0,84,85,66,118,124,51,90,9,159,168,14,142,101,81,36,145,100,111,122,98,139,105,180,67,158,30,40,96,76,134,74,173,46,10,42,27,24,187,39,95,1,125,33,127,128,129,18,181,148,133,103,92,136,137,43,53,146,191,31,82,144,121,162,147,149,152,49,151,97,130,113,155,17,21,108,197,109,135,140,50,65,94,166,80,93,178,170,75,172,79,117,102,110,177,64,179,58,161,192,22,195,83,186,54,119,72,71,56,5,141,19,184,70,104,143,156];True
7815;7749;15564;[198,174,23,32,132,87,6,88,38,163,199,78,12,185,167,15,16,160,171,196,182,150,20,190,176,3,157,183,37,138,73,115,25,99,34,35,193,28,8,154,13,46,188,55,44,45,131,47,68,123,106,86,52,91,69,61,53,59,11,57,189,26,175,62,120,2,89,107,48,63,29,164,4,126,41,114,112,165,153,7,77,60,169,0,84,85,66,118,124,51,90,9,197,168,14,142,101,81,36,33,100,111,122,98,139,105,180,67,158,30,64,96,76,134,74,173,116,10,42,27,24,187,39,95,1,125,145,127,128,129,18,181,148,133,103,92,136,137,43,194,146,191,31,82,144,121,162,147,149,152,49,151,97,130,113,155,17,21,108,159,109,135,140,50,65,94,166,80,93,178,170,75,172,79,117,102,110,177,40,179,58,161,192,22,195,83,186,54,119,72,71,56,5,141,19,184,70,104,143,156];True
7832;7737;15569;[198,174,23,32,132,87,6,88,38,163,199,78,12,185,167,15,16,160,171,196,182,150,20,190,176,3,157,183,37,138,73,115,25,99,34,35,193,28,8,154,13,46,188,55,44,45,131,47,68,123,106,86,52,91,69,61,194,59,11,57,0,26,175,62,120,2,89,107,48,63,29,164,4,126,41,114,112,165,153,7,77,60,169,189,84,85,66,118,124,51,90,9,197,168,14,142,101,81,36,145,100,111,122,98,139,105,180,67,158,30,40,96,76,134,74,173,116,10,42,27,24,187,39,95,1,125,33,127,128,129,18,181,148,133,103,92,136,137,43,53,146,191,31,82,144,121,162,147,149,152,49,151,97,130,113,155,17,21,108,159,109,135,140,50,65,94,166,80,93,178,170,75,172,79,117,102,110,177,64,179,58,161,192,22,195,83,186,54,119,72,71,56,5,141,19,184,70,104,143,156];True
7950;7682;15632;[198,174,23,69,182,87,6,88,38,163,199,78,12,185,0,15,16,160,171,196,132,150,20,190,194,3,157,183,37,138,73,115,25,99,34,35,193,28,8,154,13,184,188,55,44,45,131,47,68,123,106,86,52,91,32,61,176,59,11,57,189,26,175,62,120,2,89,107,48,63,29,164,4,126,41,114,112,165,153,7,77,177,169,167,84,85,66,118,124,51,90,134,197,168,14,142,101,81,36,145,100,111,122,98,139,105,180,67,158,30,40,96,76,9,74,173,46,10,42,27,24,187,39,95,1,125,33,127,128,129,18,181,148,133,103,92,136,137,43,53,146,191,31,82,144,121,162,147,149,152,49,151,97,130,113,155,17,21,108,159,109,135,140,50,65,94,166,80,93,178,170,75,172,79,117,102,110,60,64,179,58,161,192,22,195,83,186,54,119,72,71,56,5,141,19,116,70,104,143,156];True
8026;7638;15664;[198,174,23,32,182,87,6,88,38,163,75,86,12,185,0,15,16,160,171,196,132,150,20,190,194,3,157,183,37,138,73,115,25,99,34,35,193,28,8,154,13,184,188,55,44,45,131,47,68,123,106,78,52,91,69,61,176,59,11,57,189,26,175,62,120,2,89,107,48,63,29,164,4,126,142,114,112,165,153,7,77,177,169,167,84,85,66,118,124,51,90,134,197,168,14,41,101,81,36,145,100,111,122,98,139,105,180,67,158,30,40,96,76,9,74,173,46,10,42,27,24,187,39,95,1,125,33,127,128,129,18,181,148,133,103,92,136,137,43,53,146,191,31,82,144,121,162,147,149,152,49,151,97,130,113,155,17,21,108,159,109,135,140,50,65,94,166,80,93,178,170,199,172,79,117,102,110,60,64,179,58,161,192,22,195,83,186,54,119,72,71,56,5,141,19,116,70,104,143,156];True
7945;7724;15669;[198,174,23,32,132,87,6,88,38,163,199,78,12,185,0,15,16,160,33,196,182,150,20,190,194,3,157,183,37,138,73,115,25,99,34,35,193,28,8,154,13,116,188,55,44,45,131,47,68,123,106,86,52,91,69,61,176,59,11,57,189,26,175,62,120,2,89,107,48,63,29,164,4,126,41,114,112,165,153,7,77,60,169,167,84,85,66,118,124,51,90,9,197,168,14,142,101,81,36,145,100,111,122,98,139,105,180,67,158,30,40,96,76,134,74,173,46,10,42,27,24,187,39,95,1,125,171,127,128,129,18,181,148,133,103,92,136,137,43,53,146,191,31,82,144,121,162,147,149,152,49,151,97,130,113,155,17,21,108,159,109,135,140,50,65,94,166,80,93,178,170,75,172,79,117,102,110,177,64,179,58,161,192,22,195,83,186,54,119,72,71,56,5,141,19,184,70,104,143,156];True
8128;7634;15762;[198,174,23,32,182,87,6,88,38,163,75,86,12,185,0,15,16,160,171,196,132,150,20,190,194,3,157,183,37,138,73,115,25,99,34,35,193,28,8,154,13,184,188,55,44,45,131,47,68,123,106,78,52,91,69,61,176,59,11,57,189,26,175,62,120,2,89,107,48,63,29,164,4,126,41,114,112,165,153,7,77,177,169,167,84,85,66,118,124,51,90,134,197,168,14,142,101,81,36,145,100,111,122,98,139,105,180,67,158,30,40,96,76,9,74,173,46,10,42,27,24,187,39,95,1,125,33,127,128,129,18,181,148,133,103,92,136,137,43,53,146,191,31,82,144,121,162,147,149,152,49,151,97,130,113,155,17,21,108,159,109,135,140,50,65,94,166,80,93,178,170,199,172,79,117,102,110,60,64,179,58,161,192,22,195,83,186,54,119,72,71,56,5,141,19,116,70,104,143,156];True
