utilA;utilB;utilSum;contract;pareto
2243;8253;10496;[4,67,193,48,10,1,91,129,8,84,122,73,174,135,21,99,16,77,112,71,56,18,62,120,24,197,26,9,143,20,3,2,121,160,92,49,130,22,38,34,124,94,75,12,165,153,187,127,39,107,87,76,50,53,93,23,30,134,58,86,69,64,101,151,54,158,199,6,117,98,25,110,81,52,182,28,162,78,60,79,185,148,167,61,41,36,46,131,59,133,96,157,138,178,164,173,66,126,198,159,140,118,109,29,154,156,106,19,108,146,43,128,85,152,111,83,181,82,192,139,33,13,172,195,40,37,15,35,88,145,189,194,31,171,116,57,0,113,196,89,5,141,119,74,183,63,51,72,147,65,102,115,14,45,55,155,184,161,80,114,177,169,191,11,104,180,163,170,95,137,90,125,149,32,68,97,100,7,175,179,27,150,136,144,70,168,17,103,105,142,190,188,186,176,42,47,132,166,123,44,];True
2266;8242;10508;[4,67,193,48,10,1,91,129,8,84,122,73,174,135,21,99,16,77,112,71,56,18,62,120,24,197,26,9,143,20,3,2,121,160,92,49,130,22,38,34,124,94,75,12,165,153,187,127,39,107,87,76,50,53,93,23,30,134,58,86,69,64,101,151,148,158,199,6,117,98,25,110,81,52,182,28,162,78,60,79,185,54,167,61,41,36,46,131,59,133,96,157,138,178,164,173,66,126,198,159,140,118,109,29,154,156,106,19,108,146,43,128,85,152,111,83,181,82,192,139,33,13,172,195,40,37,15,35,88,145,189,194,31,171,116,57,0,113,196,89,5,141,119,74,183,63,51,72,147,65,102,115,14,45,55,155,184,161,80,114,177,169,191,11,104,180,163,170,95,137,90,125,149,32,68,97,100,7,175,179,27,150,136,144,70,168,17,103,105,142,190,188,186,176,42,47,132,166,123,44,];True
2273;8240;10513;[4,67,193,48,10,1,91,129,8,84,122,73,174,135,21,99,16,77,112,71,56,18,62,120,24,197,26,9,143,20,3,2,121,160,92,49,130,22,38,34,124,94,75,12,165,153,187,127,39,107,87,117,50,53,93,23,30,134,58,86,69,64,101,151,54,158,199,6,76,98,25,110,81,52,182,28,162,78,60,79,185,148,167,61,41,36,46,131,59,133,96,157,138,178,164,173,66,126,198,159,140,118,109,29,154,156,106,19,108,146,43,128,85,152,111,83,181,82,192,139,33,13,172,195,40,37,15,35,88,145,189,194,31,171,116,57,0,113,196,89,5,141,119,74,183,63,51,72,147,65,102,115,14,45,55,155,184,161,80,114,177,169,191,11,104,180,163,170,95,137,90,125,149,32,68,97,100,7,175,179,27,150,136,144,70,168,17,103,105,142,190,188,186,176,42,47,132,166,123,44,];True
2261;8252;10513;[4,67,193,48,10,1,91,129,8,84,122,73,174,135,21,99,16,77,112,71,56,18,62,120,24,197,26,9,143,20,3,2,121,160,92,49,130,22,38,34,124,94,75,12,165,153,187,127,39,107,87,76,50,53,93,23,30,134,58,86,69,64,101,151,54,158,199,6,117,98,25,110,81,52,182,28,162,78,60,79,185,148,167,61,41,36,46,131,59,133,96,157,138,178,164,173,66,126,198,159,140,118,109,29,154,156,106,19,108,146,43,128,85,152,111,83,181,82,192,139,33,13,172,195,40,37,15,35,88,145,189,194,31,171,116,57,0,113,196,89,176,141,119,74,183,63,51,72,147,65,102,115,14,45,55,155,184,161,80,114,177,169,191,11,104,180,163,170,95,137,90,125,149,32,68,97,100,7,175,179,27,150,136,144,70,168,17,103,105,142,190,188,186,5,42,47,132,166,123,44,];True
2233;8283;10516;[136,67,193,48,10,1,91,129,8,84,122,73,174,135,21,99,16,77,112,71,56,18,62,120,24,197,26,9,143,20,3,2,121,160,92,49,130,22,38,34,124,94,75,12,165,153,187,127,39,107,87,76,50,53,93,23,30,134,58,86,69,64,101,151,54,158,199,6,117,98,25,110,81,52,182,28,162,78,60,79,185,148,167,61,41,36,46,131,59,133,96,157,138,178,164,173,66,126,198,159,140,118,109,29,154,156,106,19,108,146,43,128,85,152,111,83,181,82,192,139,33,13,172,195,40,37,15,35,88,145,189,194,31,171,116,57,0,113,196,89,5,141,119,74,183,63,51,72,147,65,102,115,14,45,55,155,184,161,80,114,177,169,191,11,104,180,163,170,95,137,90,125,149,32,68,97,100,7,175,179,27,150,4,144,70,168,17,103,105,142,190,188,186,176,42,47,132,166,123,44,];True
2238;8279;10517;[4,67,193,48,122,1,91,129,8,84,10,73,174,135,21,99,16,77,112,71,56,18,62,120,24,197,26,9,143,20,3,2,121,160,92,49,130,22,38,34,124,94,75,12,165,153,187,127,39,107,87,76,50,53,93,23,30,134,58,86,69,64,101,151,54,158,199,6,117,98,25,110,81,52,182,28,162,78,60,79,185,148,167,61,41,36,46,131,59,133,96,157,138,178,164,173,66,126,198,159,140,118,109,29,154,156,106,19,108,146,43,128,85,152,111,83,181,82,192,139,33,13,172,195,40,37,15,35,88,145,189,194,31,171,116,57,0,113,196,89,5,141,119,74,183,63,51,72,147,65,102,115,14,45,55,155,184,161,80,114,177,169,191,11,104,180,163,170,95,137,90,125,149,32,68,97,100,7,175,179,27,150,136,144,70,168,17,103,105,142,190,188,186,176,42,47,132,166,123,44,];True
2326;8192;10518;[4,67,193,48,10,145,91,129,8,84,122,73,174,135,21,99,16,77,112,71,56,18,62,120,24,197,26,9,143,20,3,2,121,160,92,49,130,22,38,34,124,94,75,12,165,153,187,127,39,107,87,76,50,53,93,23,30,134,58,86,181,64,101,151,54,158,199,6,117,98,25,110,81,52,182,28,162,78,60,79,185,148,167,61,41,36,46,131,59,133,96,157,138,178,164,173,66,126,198,159,140,118,109,29,154,156,106,19,108,146,43,128,85,152,111,83,69,82,192,139,33,13,172,195,40,37,15,35,88,1,189,194,31,171,116,57,0,113,196,89,5,141,119,74,183,63,51,72,147,65,102,115,14,45,55,155,184,161,80,114,177,169,191,11,104,180,163,170,95,137,90,125,149,32,68,97,100,7,175,179,27,150,136,144,70,168,17,103,105,142,190,188,186,176,42,47,132,166,123,44,];True
2288;8230;10518;[4,67,193,48,10,1,91,129,8,84,122,73,174,135,21,99,16,77,112,71,56,18,62,120,24,197,26,9,143,20,3,2,121,160,92,49,130,22,38,34,124,94,75,12,165,153,187,127,39,107,87,76,50,53,93,23,30,134,58,86,181,64,101,151,54,158,199,6,117,98,25,110,81,52,182,28,162,78,60,79,185,148,167,61,41,36,46,131,59,133,96,157,138,178,152,173,66,126,198,159,140,118,109,29,154,156,106,19,108,146,43,128,85,164,111,83,69,82,192,139,33,13,172,195,40,37,15,35,88,145,189,194,31,171,116,57,0,113,196,89,5,141,119,74,183,63,51,72,147,65,102,115,14,45,55,155,184,161,80,114,177,169,191,11,104,180,163,170,95,137,90,125,149,32,68,97,100,7,175,179,27,150,136,144,70,168,17,103,105,142,190,188,186,176,42,47,132,166,123,44,];True
2300;8218;10518;[4,67,193,48,10,1,91,129,8,84,122,73,174,135,21,99,16,77,112,71,56,18,62,120,24,197,26,9,143,20,3,2,121,160,92,49,130,22,38,34,124,94,75,12,165,153,187,127,39,107,87,76,50,53,93,23,30,134,58,86,181,64,101,151,54,158,199,6,117,98,25,110,81,52,182,28,162,78,60,79,185,148,167,61,41,36,46,131,59,133,96,157,138,178,164,173,66,126,198,159,140,118,109,29,154,156,106,19,108,146,43,128,85,152,111,83,69,82,192,139,33,13,172,195,40,37,15,35,88,145,189,194,31,171,116,57,0,113,196,89,5,141,119,74,183,63,51,72,147,65,102,115,14,45,55,155,184,161,80,114,177,169,191,11,104,180,163,170,95,137,90,125,149,32,68,97,100,7,175,179,27,150,136,144,70,168,17,103,105,142,190,188,186,176,42,47,132,166,123,44,];True
2242;8276;10518;[4,67,193,48,10,1,91,129,8,84,122,73,174,135,21,99,16,77,112,71,56,18,62,120,24,197,26,9,143,20,3,2,121,160,92,49,130,22,38,34,124,94,75,12,165,153,187,127,39,107,87,76,50,53,93,23,30,134,58,86,69,64,101,151,54,158,199,6,117,98,25,110,81,52,182,28,162,78,60,79,185,148,167,61,41,36,46,131,59,133,96,157,138,178,164,173,66,126,198,159,140,118,109,29,154,156,142,19,108,146,43,128,85,152,111,83,181,82,192,139,33,13,172,195,40,37,15,35,88,145,189,194,31,171,116,57,0,113,196,89,5,141,119,74,183,63,51,72,147,65,102,115,14,45,55,155,184,161,80,114,177,169,191,11,104,180,163,170,95,137,90,125,149,32,68,97,100,7,175,179,27,150,136,144,70,168,17,103,105,106,190,188,186,176,42,47,132,166,123,44,];True
2315;8205;10520;[4,67,193,48,10,1,91,129,8,84,122,73,174,135,21,99,16,77,112,71,56,18,62,120,24,197,26,9,143,20,3,2,121,160,92,49,130,22,38,34,124,94,75,12,165,153,187,127,39,107,87,76,50,53,93,23,30,134,58,86,181,64,101,151,96,158,199,6,117,98,25,110,81,52,182,28,162,78,60,79,185,148,167,61,41,36,46,131,59,133,54,157,138,178,164,173,66,126,198,159,140,118,109,29,154,156,106,19,108,146,43,128,85,152,111,83,69,82,192,139,33,13,172,195,40,37,15,35,88,145,189,194,31,171,116,57,0,113,196,89,5,141,119,74,183,63,51,72,147,65,102,115,14,45,55,155,184,161,80,114,177,169,191,11,104,180,163,170,95,137,90,125,149,32,68,97,100,7,175,179,27,150,136,144,70,168,17,103,105,142,190,188,186,176,42,47,132,166,123,44,];True
2232;8291;10523;[4,67,193,48,10,1,91,129,8,84,122,73,174,135,21,99,16,77,112,71,56,18,62,120,24,197,26,9,143,20,3,2,121,160,92,108,130,22,38,34,124,94,75,12,165,153,187,127,39,107,87,76,50,53,93,23,30,134,58,86,69,64,101,151,54,158,199,6,117,98,25,110,81,52,182,28,162,78,60,79,185,148,167,61,41,36,46,131,59,133,96,157,138,178,164,173,66,126,198,159,140,118,109,29,154,156,106,19,49,146,43,128,85,152,111,83,181,82,192,139,33,13,172,195,40,37,15,35,88,145,189,194,31,171,116,57,0,113,196,89,5,141,119,74,183,63,51,72,147,65,102,115,14,45,55,155,184,161,80,114,177,169,191,11,104,180,163,170,95,137,90,125,149,32,68,97,100,7,175,179,27,150,136,144,70,168,17,103,105,142,190,188,186,176,42,47,132,166,123,44,];True
2204;8319;10523;[4,67,193,48,10,1,91,129,8,84,122,73,174,135,21,99,16,77,112,71,56,18,62,120,24,197,26,9,143,20,3,2,121,160,92,49,130,22,38,34,124,94,75,12,165,153,187,127,39,107,87,76,50,53,93,23,30,134,58,86,69,64,101,151,54,158,199,6,117,98,25,110,81,52,182,28,162,78,60,79,185,148,167,61,41,36,46,131,59,133,96,157,138,178,164,173,66,126,198,159,140,118,109,29,154,156,106,19,108,146,43,128,85,152,111,83,181,82,192,139,33,13,172,195,40,37,15,35,88,145,189,194,31,171,116,57,0,113,196,89,5,141,119,74,183,97,51,72,147,65,102,115,14,45,55,155,184,161,80,114,177,169,191,11,104,180,163,170,95,137,90,125,149,32,68,63,100,7,175,179,27,150,136,144,70,168,17,103,105,142,190,188,186,176,42,47,132,166,123,44,];True
2298;8225;10523;[4,67,193,48,10,1,2,129,8,84,122,73,174,135,21,99,16,77,112,71,56,18,62,120,24,197,26,9,143,20,3,91,121,160,92,49,130,22,38,34,124,94,75,12,165,153,187,127,39,107,87,76,50,53,93,23,30,134,58,86,181,64,101,151,54,158,199,6,117,98,25,110,81,52,182,28,162,78,60,79,185,148,167,61,41,36,46,131,59,133,96,157,138,178,164,173,66,126,198,159,140,118,109,29,154,156,106,19,108,146,43,128,85,152,111,83,69,82,192,139,33,13,172,195,40,37,15,35,88,145,189,194,31,171,116,57,0,113,196,89,5,141,119,74,183,63,51,72,147,65,102,115,14,45,55,155,184,161,80,114,177,169,191,11,104,180,163,170,95,137,90,125,149,32,68,97,100,7,175,179,27,150,136,144,70,168,17,103,105,142,190,188,186,176,42,47,132,166,123,44,];True
2324;8201;10525;[4,67,193,48,10,1,91,129,8,84,122,73,174,135,21,99,16,77,112,71,56,18,62,120,24,197,26,9,143,20,3,2,121,160,92,49,130,22,38,34,124,94,75,12,165,153,187,127,39,107,87,89,50,53,93,23,30,134,58,86,181,64,101,151,54,158,199,6,117,98,25,110,81,52,182,28,162,78,60,79,185,148,167,61,41,36,46,131,59,133,96,157,138,178,164,173,66,126,198,159,140,118,109,29,154,156,106,19,108,146,43,128,85,152,111,83,69,82,192,139,33,13,172,195,40,37,15,35,88,145,189,194,31,171,116,57,0,113,196,76,5,141,119,74,183,63,51,72,147,65,102,115,14,45,55,155,184,161,80,114,177,169,191,11,104,180,163,170,95,137,90,125,149,32,68,97,100,7,175,179,27,150,136,144,70,168,17,103,105,142,190,188,186,176,42,47,132,166,123,44,];True
2311;8215;10526;[4,67,193,48,10,1,91,129,8,84,122,73,174,135,21,99,16,77,112,71,56,18,62,120,24,197,26,9,143,20,3,2,121,160,92,49,130,22,38,34,124,94,75,12,165,153,187,127,39,107,87,76,50,53,93,23,30,134,58,86,181,64,101,151,54,158,199,6,117,98,25,110,81,52,182,28,162,78,60,79,185,148,167,61,41,36,46,131,59,133,96,157,138,178,164,173,66,126,198,159,140,118,109,29,154,156,106,19,108,146,43,128,85,137,111,83,69,82,192,139,33,13,172,195,40,37,15,35,88,145,189,194,31,171,116,57,0,113,196,89,5,141,119,74,183,63,51,72,147,65,102,115,14,45,55,155,184,161,80,114,177,169,191,11,104,180,163,170,95,152,90,125,149,32,68,97,100,7,175,179,27,150,136,144,70,168,17,103,105,142,190,188,186,176,42,47,132,166,123,44,];True
2341;8187;10528;[4,67,193,48,10,1,91,129,8,84,122,73,174,135,21,99,16,77,112,71,56,18,62,120,24,197,26,9,143,20,3,2,121,160,92,49,130,22,38,34,124,94,75,12,165,153,187,127,39,107,87,76,50,53,93,23,30,134,58,86,181,64,101,151,54,158,199,6,117,98,25,110,81,52,182,28,162,78,60,79,185,148,167,61,41,36,46,131,59,133,96,157,138,178,164,173,66,126,198,159,140,118,109,29,154,156,106,19,108,146,43,128,85,152,111,83,69,82,192,139,33,13,172,195,11,37,15,35,88,145,189,194,31,171,116,57,0,113,196,89,5,141,119,74,183,63,51,72,147,65,102,115,14,45,55,155,184,161,80,114,177,169,191,40,104,180,163,170,95,137,90,125,149,32,68,97,100,7,175,179,27,150,136,144,70,168,17,103,105,142,190,188,186,176,42,47,132,166,123,44,];True
2226;8302;10528;[4,67,193,48,10,1,91,129,8,84,122,73,174,135,105,99,16,77,112,71,56,18,62,120,24,197,26,9,143,20,3,2,121,160,92,49,130,22,38,34,124,94,75,12,165,153,187,127,39,107,87,76,50,53,93,23,30,134,58,86,181,64,101,151,54,158,199,6,117,98,25,110,81,52,182,28,162,78,60,79,185,148,167,61,59,36,46,131,41,133,96,157,138,178,164,173,66,126,198,159,140,118,109,29,154,156,106,19,108,146,43,128,85,152,111,83,69,82,192,139,33,13,172,195,40,37,15,35,88,145,189,194,31,171,116,57,0,113,196,89,5,141,119,74,183,63,51,72,147,65,102,115,14,45,55,155,184,161,80,114,177,169,191,11,104,180,163,170,95,137,90,125,149,32,68,97,100,7,175,179,27,150,136,144,70,168,17,103,21,142,190,188,186,176,42,47,132,166,123,44,];True
2221;8316;10537;[4,67,193,48,10,1,91,129,8,84,122,73,174,135,21,99,16,77,112,71,56,18,62,120,24,197,26,9,143,20,3,2,121,160,92,49,130,22,38,34,124,94,75,12,165,153,187,127,39,107,87,76,50,53,93,23,30,134,58,86,97,64,101,151,54,158,199,6,117,98,25,110,81,52,182,28,162,78,60,79,185,148,167,61,59,36,46,131,41,133,96,157,138,178,164,173,66,126,198,159,140,118,109,29,154,156,106,19,108,146,43,128,85,152,111,83,69,82,192,139,33,13,172,195,40,37,15,35,88,145,189,194,31,171,116,57,0,113,196,89,5,141,119,74,183,63,51,72,147,65,102,115,14,45,55,155,184,161,80,114,177,169,191,11,104,180,163,170,95,137,90,125,149,32,68,181,100,7,175,179,27,150,136,144,70,168,17,103,105,142,190,188,186,176,42,47,132,166,123,44,];True
2202;8342;10544;[4,67,193,48,10,1,91,129,8,84,122,73,174,135,21,99,16,77,112,71,56,18,62,120,24,197,26,9,143,20,3,2,121,160,92,49,130,22,38,34,124,94,75,12,165,153,187,127,39,107,87,76,50,53,93,23,30,134,58,86,181,64,101,151,54,158,199,6,117,98,25,110,81,52,182,28,162,106,60,79,185,148,167,61,59,36,46,131,41,133,96,157,138,178,164,173,66,126,198,159,140,118,109,29,154,156,78,19,108,146,43,128,85,152,111,83,69,82,192,139,33,13,172,195,40,37,15,35,88,145,189,194,31,171,116,57,0,113,196,89,5,141,119,74,183,63,51,72,147,65,102,115,14,45,55,155,184,161,80,114,177,169,191,11,104,180,163,170,95,137,90,125,149,32,68,97,100,7,175,179,27,150,136,144,70,168,17,103,105,142,190,188,186,176,42,47,132,166,123,44,];True
2362;8185;10547;[4,67,193,48,10,1,91,129,8,84,122,73,174,135,21,99,16,77,112,71,56,18,62,120,24,197,26,9,143,20,3,2,121,160,92,49,130,22,38,34,124,94,75,12,165,153,187,127,39,107,87,76,50,53,93,23,30,134,58,86,181,64,101,151,54,158,199,6,117,98,25,110,81,52,182,28,162,78,60,79,185,148,167,61,41,36,46,131,59,133,96,157,138,178,164,173,66,126,198,159,140,118,109,29,154,156,106,19,108,146,43,128,11,152,111,83,69,82,192,139,33,13,172,195,40,37,15,35,88,145,189,194,31,171,116,57,0,113,196,89,5,141,119,74,183,63,51,72,147,65,102,115,14,45,55,155,184,161,80,114,177,169,191,85,104,180,163,170,95,137,90,125,149,32,68,97,100,7,175,179,27,150,136,144,70,168,17,103,105,142,190,188,186,176,42,47,132,166,123,44,];True
2404;8162;10566;[4,67,193,48,10,1,91,129,8,84,122,73,174,135,21,99,16,77,112,71,56,18,62,120,24,197,26,9,143,20,3,2,121,160,92,49,130,22,38,34,124,94,75,12,165,153,187,127,39,107,87,76,50,53,93,23,30,134,58,86,181,64,101,151,54,158,199,6,117,98,25,110,81,52,182,28,162,78,60,79,185,148,167,61,41,36,46,131,59,133,96,157,138,178,164,173,66,126,198,159,140,118,109,29,154,156,106,19,108,146,43,128,85,152,111,83,69,82,192,139,33,13,172,195,40,37,15,35,88,145,189,194,102,171,116,57,0,113,196,89,5,141,119,74,183,63,51,72,147,65,31,115,14,45,55,155,184,161,80,114,177,169,191,11,104,180,163,170,95,137,90,125,149,32,68,97,100,7,175,179,27,150,136,144,70,168,17,103,105,142,190,188,186,176,42,47,132,166,123,44,];True
2391;8184;10575;[4,67,193,48,10,1,91,129,8,84,122,73,174,135,21,99,16,77,112,71,56,18,62,120,24,197,26,9,143,20,3,2,121,160,92,49,130,22,38,34,124,94,75,12,165,153,187,127,39,107,87,76,50,53,93,23,30,134,58,86,181,64,101,151,54,158,199,6,117,98,25,110,81,52,182,28,162,78,60,79,185,148,167,61,41,36,46,131,59,133,96,157,138,178,164,173,66,126,198,159,140,118,109,29,154,156,106,19,108,146,43,128,85,152,111,83,69,82,192,139,33,13,172,195,40,37,15,35,88,145,189,194,137,171,116,57,0,113,196,89,5,141,119,74,183,63,51,72,147,65,102,115,14,45,55,155,184,161,80,114,177,169,191,11,104,180,163,170,95,31,90,125,149,32,68,97,100,7,175,179,27,150,136,144,70,168,17,103,105,142,190,188,186,176,42,47,132,166,123,44,];True
2650;8161;10811;[4,67,193,48,10,1,91,129,8,84,122,73,174,135,21,99,16,77,112,71,56,18,62,120,24,197,26,9,143,20,3,157,121,160,92,49,130,22,38,34,124,94,75,12,7,153,187,127,39,107,87,76,50,53,93,23,30,134,58,86,181,64,101,151,54,158,199,6,117,98,171,110,81,52,182,28,162,78,60,79,185,148,170,83,59,36,46,131,41,133,175,2,156,178,164,173,66,126,198,159,140,118,109,29,154,138,106,19,108,146,191,128,85,137,111,172,69,82,192,139,33,13,186,195,40,37,15,35,45,145,189,194,31,25,116,57,0,113,196,89,5,141,119,74,183,63,51,72,147,32,65,115,14,88,55,155,184,161,80,114,177,152,43,11,104,180,163,167,95,169,90,125,149,102,68,97,100,165,96,179,27,150,136,144,70,168,17,103,105,142,190,188,61,176,42,47,132,166,123,44,];True
2704;8155;10859;[4,67,193,48,10,1,91,129,8,84,122,73,174,135,21,99,16,77,112,71,56,18,62,120,24,197,26,9,143,20,3,157,121,160,92,49,130,22,38,34,124,94,75,12,7,153,187,127,39,107,87,76,50,53,93,23,30,134,58,86,181,64,101,151,54,158,199,6,117,98,171,110,81,52,182,28,162,78,60,79,185,148,170,83,59,36,46,176,41,133,175,2,156,178,164,173,66,126,198,159,140,118,109,29,154,138,106,19,108,146,191,128,85,137,111,172,69,82,192,139,33,13,61,195,40,37,15,35,45,145,189,194,31,25,116,57,0,113,196,89,5,141,119,74,183,63,51,72,147,32,65,115,14,88,55,155,184,161,80,114,177,152,43,11,104,180,163,167,95,169,90,125,149,102,68,97,100,165,96,179,27,150,136,144,70,168,17,103,105,142,190,188,186,131,42,47,132,166,123,44,];True
2756;8149;10905;[4,67,193,48,10,1,91,129,8,84,122,73,174,135,21,99,16,77,112,71,56,18,62,120,24,197,26,9,143,20,3,157,121,160,92,49,130,22,38,34,124,94,75,12,7,153,187,127,39,107,87,76,50,53,93,23,30,134,58,86,181,64,101,151,54,158,199,6,117,98,171,110,81,52,182,28,162,78,60,79,185,148,170,83,59,36,46,165,41,133,175,2,156,178,164,173,66,126,198,159,140,118,109,29,154,138,106,19,108,146,191,128,85,137,111,172,69,82,192,139,33,13,61,195,40,37,15,35,45,145,189,194,31,25,116,57,0,113,196,89,5,141,119,74,183,63,51,72,147,32,65,115,14,88,55,155,184,161,80,114,177,152,43,11,104,180,163,167,95,169,90,125,149,102,68,97,100,131,96,179,27,150,136,144,70,168,17,103,105,142,190,188,186,176,42,47,132,166,123,44,];True
