utilA;utilB;utilSum;contract;pareto
1841;7324;9165;[34,127,129,70,19,87,121,178,111,132,130,84,77,112,93,147,66,157,103,105,74,188,144,9,142,117,167,61,45,138,41,49,78,128,42,57,197,8,16,126,143,160,91,1,33,124,180,196,36,46,140,92,82,23,189,81,0,85,22,26,176,193,109,20,170,95,38,139,63,118,48,194,31,198,174,184,35,67,32,72,163,25,51,50,190,125,11,113,156,71,165,65,37,94,173,18,131,110,101,59,80,100,30,134,148,195,97,58,175,151,7,44,181,68,123,6,137,158,54,52,119,187,39,107,55,14,13,172,12,89,75,149,15,135,53,183,69,159,164,90,28,155,73,99,106,136,115,152,2,161,102,86,133,76,122,116,104,17,145,56,21,108,192,40,169,4,29,154,60,177,27,43,182,96,171,141,98,114,64,79,179,47,88,5,186,199,83,153,166,24,150,10,185,62,120,3,168,191,162,146];True
1905;7272;9177;[34,4,129,70,19,87,121,178,111,132,130,84,77,112,93,147,66,157,103,105,74,188,144,9,142,117,167,61,45,138,41,49,78,128,42,57,197,8,16,126,143,160,91,1,33,124,180,196,36,46,140,92,82,23,189,81,0,85,22,26,176,193,109,20,170,95,38,139,63,118,48,194,31,198,174,184,35,67,32,72,163,25,51,50,190,125,11,113,156,71,165,65,37,94,173,18,131,110,101,59,80,100,30,134,148,195,97,58,151,175,7,44,181,68,123,6,137,158,54,52,119,187,39,107,55,14,13,172,12,89,75,149,15,135,53,183,69,159,164,90,28,155,73,99,106,136,115,152,2,161,102,86,133,76,122,116,104,17,145,56,21,108,192,40,169,182,29,154,60,177,27,43,127,96,171,141,98,114,64,79,179,47,88,5,186,199,83,153,166,24,150,10,185,62,120,3,168,191,162,146];True
1881;7296;9177;[34,4,129,70,19,87,121,178,111,132,130,84,77,112,93,147,66,157,103,105,74,188,144,184,142,117,167,61,45,138,41,49,78,128,42,57,197,8,16,126,35,160,91,1,33,124,180,196,36,46,140,92,82,23,189,81,0,85,22,26,176,193,109,20,170,95,38,139,63,118,48,194,31,198,174,9,143,67,32,72,163,25,51,50,190,125,11,113,156,71,165,65,37,94,173,18,131,110,101,59,80,100,30,134,148,195,97,58,175,151,7,44,181,68,123,6,137,158,54,52,119,187,39,107,55,14,13,172,12,89,75,149,15,135,53,183,69,159,164,90,28,155,73,99,106,136,115,152,2,161,102,86,133,76,122,116,104,17,145,56,21,108,192,40,169,182,29,154,60,177,27,43,127,96,171,141,98,114,64,79,179,47,88,5,186,199,83,153,166,24,150,10,185,62,120,3,168,191,162,146];True
1906;7271;9177;[34,4,129,70,19,87,121,178,111,132,130,84,77,112,93,147,66,157,103,105,74,188,144,9,142,117,167,61,45,138,41,49,78,128,42,57,197,8,16,126,143,160,91,1,33,124,180,196,36,46,140,92,82,23,189,81,0,85,22,26,176,193,109,20,170,95,38,139,63,118,48,194,31,198,174,184,35,67,32,72,163,25,51,50,190,125,11,113,156,71,165,65,37,94,173,18,131,110,101,59,80,100,30,134,148,195,97,58,175,151,7,44,181,68,123,6,137,158,54,52,119,187,39,107,55,14,13,172,12,89,75,149,15,135,53,183,69,159,164,90,28,155,73,99,106,136,115,152,2,161,102,86,133,76,122,116,104,17,145,56,21,108,192,40,169,182,29,154,60,177,27,43,127,96,171,141,98,114,64,79,179,47,88,5,186,199,83,153,166,24,150,10,185,62,120,3,168,191,162,146];True
1894;7289;9183;[34,4,129,70,19,87,121,178,111,132,130,84,77,112,93,147,66,157,103,105,74,188,144,9,142,117,167,61,45,138,41,49,78,128,42,57,197,8,16,126,35,160,91,1,33,124,180,196,36,46,140,92,82,23,189,81,0,85,22,26,176,193,109,20,170,95,38,139,63,118,48,194,31,198,174,184,143,67,32,72,163,25,51,50,190,125,11,113,156,71,165,65,37,94,173,18,131,110,101,59,80,100,30,134,148,195,97,58,151,175,7,44,181,68,123,6,137,158,54,52,119,187,39,107,55,14,13,172,12,89,75,149,15,135,53,183,69,159,164,90,28,155,73,99,106,136,115,152,2,161,102,86,133,76,122,116,104,17,145,56,21,108,192,40,169,182,29,154,60,177,27,43,127,96,171,141,98,114,64,79,179,47,88,5,186,199,83,153,166,24,150,10,185,62,120,3,168,191,162,146];True
1895;7288;9183;[34,4,129,70,19,87,121,178,111,132,130,84,77,112,93,147,66,157,103,105,74,188,144,9,142,117,167,61,45,138,41,49,78,128,42,57,197,8,16,126,35,160,91,1,33,124,180,196,36,46,140,92,82,23,189,81,0,85,22,26,176,193,109,20,170,95,38,139,63,118,48,194,31,198,174,184,143,67,32,72,163,25,51,50,190,125,11,113,156,71,165,65,37,94,173,18,131,110,101,59,80,100,30,134,148,195,97,58,175,151,7,44,181,68,123,6,137,158,54,52,119,187,39,107,55,14,13,172,12,89,75,149,15,135,53,183,69,159,164,90,28,155,73,99,106,136,115,152,2,161,102,86,133,76,122,116,104,17,145,56,21,108,192,40,169,182,29,154,60,177,27,43,127,96,171,141,98,114,64,79,179,47,88,5,186,199,83,153,166,24,150,10,185,62,120,3,168,191,162,146];True
1903;7281;9184;[34,4,129,70,19,87,121,178,127,132,130,84,77,112,93,147,66,157,103,105,74,188,144,9,142,117,167,61,45,138,41,49,78,128,42,57,197,8,16,126,143,160,91,1,33,124,180,196,36,46,140,92,82,23,189,81,0,85,22,26,176,193,109,20,170,95,38,139,63,118,48,194,31,198,174,184,35,67,32,72,163,25,51,50,190,125,11,113,156,71,165,65,37,94,173,18,131,110,101,59,80,100,30,134,148,195,97,58,151,175,7,44,181,68,123,6,137,158,54,52,119,187,39,107,55,14,13,172,12,89,75,149,15,135,53,183,69,159,164,90,28,155,73,99,106,136,115,152,2,161,102,86,133,76,122,116,104,17,145,56,21,108,192,40,169,182,29,154,60,177,27,43,111,96,171,141,98,114,64,79,179,47,88,5,186,199,83,153,166,24,150,10,185,62,120,3,168,191,162,146];True
1904;7280;9184;[34,4,129,70,19,87,121,178,127,132,130,84,77,112,93,147,66,157,103,105,74,188,144,9,142,117,167,61,45,138,41,49,78,128,42,57,197,8,16,126,143,160,91,1,33,124,180,196,36,46,140,92,82,23,189,81,0,85,22,26,176,193,109,20,170,95,38,139,63,118,48,194,31,198,174,184,35,67,32,72,163,25,51,50,190,125,11,113,156,71,165,65,37,94,173,18,131,110,101,59,80,100,30,134,148,195,97,58,175,151,7,44,181,68,123,6,137,158,54,52,119,187,39,107,55,14,13,172,12,89,75,149,15,135,53,183,69,159,164,90,28,155,73,99,106,136,115,152,2,161,102,86,133,76,122,116,104,17,145,56,21,108,192,40,169,182,29,154,60,177,27,43,111,96,171,141,98,114,64,79,179,47,88,5,186,199,83,153,166,24,150,10,185,62,120,3,168,191,162,146];True
1900;7285;9185;[34,118,129,162,19,87,121,178,111,132,130,84,67,112,93,147,66,157,103,105,74,188,144,9,142,117,167,61,45,138,41,36,83,128,42,57,197,8,16,126,143,160,91,1,33,124,180,196,49,46,140,92,82,77,189,23,0,85,22,26,176,193,109,20,170,95,38,139,146,4,70,194,31,198,174,184,35,78,32,72,163,25,51,50,190,125,11,113,156,71,165,65,37,94,173,18,131,110,101,59,80,100,30,134,148,195,97,58,151,175,7,191,181,68,123,6,137,158,54,52,119,187,39,107,55,14,13,172,12,89,75,149,15,135,53,183,69,159,164,90,28,155,73,99,106,136,115,152,2,161,102,86,133,76,122,116,104,17,145,56,21,108,192,40,169,182,29,154,60,177,27,43,127,96,171,141,98,114,64,79,179,47,88,5,186,199,81,153,166,24,150,10,185,62,120,3,168,44,48,63];True
1901;7284;9185;[34,118,129,162,19,87,121,178,111,132,130,84,67,112,93,147,66,157,103,105,74,188,144,9,142,117,167,61,45,138,41,36,83,128,42,57,197,8,16,126,143,160,91,1,33,124,180,196,49,46,140,92,82,77,189,23,0,85,22,26,176,193,109,20,170,95,38,139,146,4,70,194,31,198,174,184,35,78,32,72,163,25,51,50,190,125,11,113,156,71,165,65,37,94,173,18,131,110,101,59,80,100,30,134,148,195,97,58,175,151,7,191,181,68,123,6,137,158,54,52,119,187,39,107,55,14,13,172,12,89,75,149,15,135,53,183,69,159,164,90,28,155,73,99,106,136,115,152,2,161,102,86,133,76,122,116,104,17,145,56,21,108,192,40,169,182,29,154,60,177,27,43,127,96,171,141,98,114,64,79,179,47,88,5,186,199,81,153,166,24,150,10,185,62,120,3,168,44,48,63];True
1891;7294;9185;[34,4,129,70,19,87,121,178,111,132,130,84,77,112,93,147,66,157,103,105,74,188,144,9,142,117,167,61,45,138,41,49,78,128,42,57,197,8,16,126,143,160,91,1,33,124,180,196,36,46,140,92,82,23,189,81,0,85,22,26,176,193,109,20,170,95,38,139,63,118,48,194,31,198,174,184,35,67,32,72,163,25,51,50,190,125,11,113,156,71,165,65,37,94,173,18,131,110,101,59,80,100,30,134,148,195,97,58,151,175,7,116,181,68,123,6,137,158,54,52,119,187,39,107,55,14,13,172,12,89,75,149,15,135,53,183,69,159,164,90,28,155,73,99,106,136,115,152,2,161,102,86,133,76,122,44,104,17,145,56,21,108,192,40,169,182,29,154,60,177,27,43,127,96,171,141,98,114,64,79,179,47,88,5,186,199,83,153,166,24,150,10,185,62,120,3,168,191,162,146];True
1892;7293;9185;[34,4,129,70,19,87,121,178,111,132,130,84,77,112,93,147,66,157,103,105,74,188,144,9,142,117,167,61,45,138,41,49,78,128,42,57,197,8,16,126,143,160,91,1,33,124,180,196,36,46,140,92,82,23,189,81,0,85,22,26,176,193,109,20,170,95,38,139,63,118,48,194,31,198,174,184,35,67,32,72,163,25,51,50,190,125,11,113,156,71,165,65,37,94,173,18,131,110,101,59,80,100,30,134,148,195,97,58,175,151,7,116,181,68,123,6,137,158,54,52,119,187,39,107,55,14,13,172,12,89,75,149,15,135,53,183,69,159,164,90,28,155,73,99,106,136,115,152,2,161,102,86,133,76,122,44,104,17,145,56,21,108,192,40,169,182,29,154,60,177,27,43,127,96,171,141,98,114,64,79,179,47,88,5,186,199,83,153,166,24,150,10,185,62,120,3,168,191,162,146];True
1931;7259;9190;[34,118,129,162,19,87,121,178,111,132,130,84,67,112,93,147,66,157,103,105,74,188,144,9,142,117,167,61,45,138,41,49,78,128,42,57,197,8,16,126,143,160,91,1,33,124,180,196,36,46,140,92,82,77,189,23,0,85,22,26,176,193,109,20,170,95,38,139,146,4,70,194,31,198,174,184,35,83,32,72,163,25,51,50,190,125,11,113,156,71,165,65,37,94,173,18,131,110,101,59,80,100,30,134,148,195,97,58,151,175,7,191,181,68,123,6,137,158,54,52,119,187,39,107,55,14,13,172,12,89,75,149,15,135,53,183,69,159,164,90,28,155,73,99,106,136,115,152,2,161,102,86,133,76,122,116,104,17,145,56,21,108,192,40,169,182,29,154,60,177,27,43,127,96,171,141,98,114,64,79,179,47,88,5,186,199,81,153,166,24,150,10,185,62,120,3,168,44,48,63];True
1932;7258;9190;[34,118,129,162,19,87,121,178,111,132,130,84,67,112,93,147,66,157,103,105,74,188,144,9,142,117,167,61,45,138,41,49,78,128,42,57,197,8,16,126,143,160,91,1,33,124,180,196,36,46,140,92,82,77,189,23,0,85,22,26,176,193,109,20,170,95,38,139,146,4,70,194,31,198,174,184,35,83,32,72,163,25,51,50,190,125,11,113,156,71,165,65,37,94,173,18,131,110,101,59,80,100,30,134,148,195,97,58,175,151,7,191,181,68,123,6,137,158,54,52,119,187,39,107,55,14,13,172,12,89,75,149,15,135,53,183,69,159,164,90,28,155,73,99,106,136,115,152,2,161,102,86,133,76,122,116,104,17,145,56,21,108,192,40,169,182,29,154,60,177,27,43,127,96,171,141,98,114,64,79,179,47,88,5,186,199,81,153,166,24,150,10,185,62,120,3,168,44,48,63];True
1961;7230;9191;[34,4,129,70,19,87,121,178,111,132,130,84,77,112,93,147,66,157,103,105,20,188,144,9,142,117,167,61,45,138,41,49,78,128,42,57,197,8,16,126,143,160,91,1,33,124,180,196,36,46,140,92,82,23,189,81,0,85,22,26,176,193,109,162,170,95,38,139,63,118,48,194,31,198,174,184,35,67,32,72,163,25,51,50,190,125,11,113,156,71,165,65,37,94,173,18,131,110,101,59,80,100,30,134,148,195,97,58,151,175,7,191,181,68,123,6,137,158,54,52,119,187,39,107,55,14,13,172,12,89,75,149,15,135,53,183,69,159,164,90,28,155,73,99,106,136,115,152,2,161,102,86,133,76,122,116,104,17,145,56,21,108,192,40,169,182,29,154,60,177,27,43,127,96,171,141,98,114,64,79,179,47,88,5,186,199,83,153,166,24,150,10,185,62,120,3,168,44,74,146];True
1962;7229;9191;[34,4,129,70,19,87,121,178,111,132,130,84,77,112,93,147,66,157,103,105,20,188,144,9,142,117,167,61,45,138,41,49,78,128,42,57,197,8,16,126,143,160,91,1,33,124,180,196,36,46,140,92,82,23,189,81,0,85,22,26,176,193,109,162,170,95,38,139,63,118,48,194,31,198,174,184,35,67,32,72,163,25,51,50,190,125,11,113,156,71,165,65,37,94,173,18,131,110,101,59,80,100,30,134,148,195,97,58,175,151,7,191,181,68,123,6,137,158,54,52,119,187,39,107,55,14,13,172,12,89,75,149,15,135,53,183,69,159,164,90,28,155,73,99,106,136,115,152,2,161,102,86,133,76,122,116,104,17,145,56,21,108,192,40,169,182,29,154,60,177,27,43,127,96,171,141,98,114,64,79,179,47,88,5,186,199,83,153,166,24,150,10,185,62,120,3,168,44,74,146];True
1928;7268;9196;[34,118,129,162,22,87,121,178,111,132,130,84,67,112,93,147,66,157,103,105,74,188,144,9,142,117,167,61,45,138,41,49,78,128,42,57,197,8,16,126,143,160,91,1,33,124,180,196,36,46,140,92,82,77,189,23,0,85,19,26,176,193,109,20,170,95,38,139,146,4,70,194,31,198,174,184,35,83,32,72,163,25,51,50,190,125,11,113,156,71,165,65,37,94,173,18,131,110,101,59,80,100,30,134,148,195,97,58,175,151,7,191,181,68,123,6,137,158,54,52,119,187,39,107,55,14,13,172,12,89,75,149,15,135,53,183,69,159,164,90,28,155,73,99,106,136,115,152,2,161,102,86,133,76,122,116,104,17,145,56,21,108,192,40,169,182,29,154,60,177,27,43,127,96,171,141,98,114,64,79,179,47,88,5,186,199,81,153,166,24,150,10,185,62,120,3,168,44,48,63];True
1927;7269;9196;[34,118,129,162,22,87,121,178,111,132,130,84,67,112,93,147,66,157,103,105,74,188,144,9,142,117,167,61,45,138,41,49,78,128,42,57,197,8,16,126,143,160,91,1,33,124,180,196,36,46,140,92,82,77,189,23,0,85,19,26,176,193,109,20,170,95,38,139,146,4,70,194,31,198,174,184,35,83,32,72,163,25,51,50,190,125,11,113,156,71,165,65,37,94,173,18,131,110,101,59,80,100,30,134,148,195,97,58,151,175,7,191,181,68,123,6,137,158,54,52,119,187,39,107,55,14,13,172,12,89,75,149,15,135,53,183,69,159,164,90,28,155,73,99,106,136,115,152,2,161,102,86,133,76,122,116,104,17,145,56,21,108,192,40,169,182,29,154,60,177,27,43,127,96,171,141,98,114,64,79,179,47,88,5,186,199,81,153,166,24,150,10,185,62,120,3,168,44,48,63];True
1929;7267;9196;[34,118,129,162,19,87,121,178,111,132,130,84,67,112,93,147,66,157,103,105,74,188,144,9,142,117,167,61,45,138,41,49,83,128,42,57,197,8,16,126,143,160,91,1,33,124,180,196,36,46,140,92,82,77,189,23,0,85,22,26,176,193,109,20,170,95,38,139,146,4,70,194,31,198,174,184,35,78,32,72,163,25,51,50,190,125,11,113,156,71,165,65,37,94,173,18,131,110,101,59,80,100,30,134,148,195,97,58,175,151,7,191,181,68,123,6,137,158,54,52,119,187,39,107,55,14,13,172,12,89,75,149,15,135,53,183,69,159,164,90,28,155,73,99,106,136,115,152,2,161,102,86,133,76,122,116,104,17,145,56,21,108,192,40,169,182,29,154,60,177,27,43,127,96,171,141,98,114,64,79,179,47,88,5,186,199,81,153,166,24,150,10,185,62,120,3,168,44,48,63];True
1951;7246;9197;[34,4,129,70,19,87,121,178,111,132,130,84,77,112,93,147,66,157,103,105,20,188,144,9,142,117,167,61,45,138,41,49,78,128,42,57,197,8,16,126,35,160,91,1,33,124,180,196,36,46,140,92,82,23,189,81,0,85,22,26,176,193,109,162,170,95,38,139,63,118,48,194,31,198,174,184,143,67,32,72,163,25,51,50,190,125,11,113,156,71,165,65,37,94,173,18,131,110,101,59,80,100,30,134,148,195,97,58,175,151,7,191,181,68,123,6,137,158,54,52,119,187,39,107,55,14,13,172,12,89,75,149,15,135,53,183,69,159,164,90,28,155,73,99,106,136,115,152,2,161,102,86,133,76,122,116,104,17,145,56,21,108,192,40,169,182,29,154,60,177,27,43,127,96,171,141,98,114,64,79,179,47,88,5,186,199,83,153,166,24,150,10,185,62,120,3,168,44,74,146];True
1960;7238;9198;[34,4,129,70,19,87,121,178,127,132,130,84,77,112,93,147,66,157,103,105,20,188,144,9,142,117,167,61,45,138,41,49,78,128,42,57,197,8,16,126,143,160,91,1,33,124,180,196,36,46,140,92,82,23,189,81,0,85,22,26,176,193,109,162,170,95,38,139,63,118,48,194,31,198,174,184,35,67,32,72,163,25,51,50,190,125,11,113,156,71,165,65,37,94,173,18,131,110,101,59,80,100,30,134,148,195,97,58,175,151,7,191,181,68,123,6,137,158,54,52,119,187,39,107,55,14,13,172,12,89,75,149,15,135,53,183,69,159,164,90,28,155,73,99,106,136,115,152,2,161,102,86,133,76,122,116,104,17,145,56,21,108,192,40,169,182,29,154,60,177,27,43,111,96,171,141,98,114,64,79,179,47,88,5,186,199,83,153,166,24,150,10,185,62,120,3,168,44,74,146];True
1959;7241;9200;[34,4,129,70,19,87,121,178,111,132,130,84,77,112,93,147,66,157,103,105,20,188,144,9,142,117,167,61,45,138,41,49,78,128,42,57,197,8,16,126,143,160,91,1,33,124,180,196,36,46,140,92,82,23,189,81,0,85,22,26,176,193,109,162,170,95,38,139,63,118,48,194,31,198,174,184,35,67,32,72,163,25,51,50,190,125,11,113,156,71,165,65,37,94,173,18,131,110,101,59,80,100,30,134,148,195,97,58,175,151,7,191,181,68,123,6,137,158,54,52,119,187,39,107,55,14,13,172,12,89,75,149,15,135,53,183,69,159,164,90,28,155,73,99,106,136,115,152,2,161,102,86,133,76,122,116,104,17,145,56,21,108,192,40,169,182,29,154,60,179,27,43,127,96,171,141,98,114,64,79,177,47,88,5,186,199,83,153,166,24,150,10,185,62,120,3,168,44,74,146];True
1984;7227;9211;[34,4,129,70,19,87,121,178,102,132,130,84,77,112,93,147,66,157,103,105,20,188,144,9,142,117,167,61,45,138,41,49,78,128,42,57,197,8,16,126,143,160,91,1,33,124,180,196,36,46,140,92,82,23,189,81,0,85,22,26,176,193,109,162,170,95,38,139,63,118,48,194,31,198,174,184,35,67,32,72,163,25,51,50,190,125,11,113,156,71,165,65,37,94,173,18,131,110,101,59,80,100,30,134,148,195,97,58,175,151,7,191,181,68,123,6,137,158,54,52,119,187,39,107,55,14,13,172,12,89,75,149,15,135,53,183,69,159,164,90,28,155,73,99,106,136,115,152,2,161,111,86,133,76,122,116,104,17,145,56,21,108,192,40,169,182,29,154,60,177,27,43,127,96,171,141,98,114,64,79,179,47,88,5,186,199,83,153,166,24,150,10,185,62,120,3,168,44,74,146];True
2002;7225;9227;[34,4,129,70,19,87,121,178,111,132,130,84,77,112,93,147,66,157,103,105,20,188,144,9,142,117,167,61,45,138,41,49,78,128,42,57,197,8,16,126,143,160,91,1,33,124,180,196,36,46,140,92,82,23,189,81,0,85,22,26,176,193,109,162,170,95,38,139,63,118,48,194,31,198,174,184,35,67,32,72,163,25,51,50,190,125,11,113,156,71,165,65,37,94,173,18,131,110,101,59,80,100,30,134,148,195,97,58,175,151,7,191,181,68,123,6,137,158,54,52,119,102,39,107,55,14,13,172,12,89,75,149,15,135,53,183,69,159,164,90,28,155,73,99,106,136,115,152,2,161,187,86,133,76,122,116,104,17,145,56,21,108,192,40,169,182,29,154,60,177,27,43,127,96,171,141,98,114,64,79,179,47,88,5,186,199,83,153,166,24,150,10,185,62,120,3,168,44,74,146];True
2014;7214;9228;[34,4,129,70,19,87,121,178,111,132,130,84,77,112,93,147,66,157,103,105,20,188,144,9,142,117,167,61,45,138,41,49,78,128,42,57,197,8,16,126,143,160,91,1,33,124,180,196,36,46,140,92,82,23,189,81,0,85,22,26,176,193,109,190,170,95,38,139,63,118,48,194,31,198,174,184,35,67,32,72,163,25,51,50,162,125,11,113,156,71,165,65,37,94,173,18,131,110,101,59,80,100,30,134,148,195,97,58,175,151,7,191,181,68,123,6,137,158,54,52,119,187,39,107,55,14,13,172,12,89,75,149,15,135,53,183,69,159,164,90,28,155,73,99,106,136,115,152,2,161,102,86,133,76,122,116,104,17,145,56,21,108,192,40,169,182,29,154,60,177,27,43,127,96,171,141,98,114,64,79,179,47,88,5,186,199,83,153,166,24,150,10,185,62,120,3,168,44,74,146];True
2019;7213;9232;[34,4,129,70,19,87,121,178,111,132,130,84,77,112,93,147,66,157,103,105,20,188,144,9,142,117,167,61,45,138,41,49,78,128,42,57,197,8,16,126,143,160,91,1,33,124,180,196,36,46,140,92,82,67,189,81,0,85,22,26,176,193,109,162,170,95,38,139,63,118,48,194,31,198,174,184,35,23,32,72,163,25,51,50,190,125,11,113,156,71,165,65,37,94,173,18,131,110,101,59,80,100,30,134,148,195,97,58,175,151,7,191,181,68,123,6,137,158,54,52,119,187,39,107,55,14,13,172,12,89,75,149,15,135,53,183,69,159,164,90,28,155,73,99,106,136,115,152,2,161,102,86,133,76,122,116,104,17,145,56,21,108,192,40,169,182,29,154,60,177,27,43,127,96,171,141,98,114,64,79,179,47,88,5,186,199,83,153,166,24,150,10,185,62,120,3,168,44,74,146];True
2012;7222;9234;[34,4,129,70,19,87,121,178,111,132,130,84,77,112,93,147,66,157,103,105,44,138,144,9,142,117,167,61,45,188,41,49,78,128,42,57,197,8,16,126,143,160,91,1,33,124,180,196,36,46,140,92,82,23,189,81,0,85,22,26,176,193,109,162,170,95,38,139,63,118,48,194,31,198,174,184,35,67,32,72,163,25,51,50,190,125,11,113,156,71,165,65,37,94,173,18,131,110,101,59,80,100,30,134,148,195,97,58,175,151,7,191,181,68,123,6,137,158,54,52,119,187,39,107,55,14,13,172,12,89,75,149,15,135,53,183,69,159,164,90,28,155,73,99,106,136,115,152,2,161,102,86,133,76,122,116,104,17,145,56,21,108,192,40,169,182,29,154,60,177,27,43,127,96,171,141,98,114,64,79,179,47,88,5,186,199,83,153,166,24,150,10,185,62,120,3,168,74,20,146];True
1839;7402;9241;[34,118,129,162,19,87,121,178,127,132,130,84,77,112,93,147,66,157,103,105,74,188,144,9,24,117,167,61,45,138,41,49,78,128,42,57,197,8,16,126,143,160,91,1,33,124,180,196,36,46,140,92,82,23,189,81,0,85,22,26,176,193,109,20,170,166,38,139,146,4,70,194,31,198,174,184,35,67,32,72,163,25,51,50,190,125,11,113,156,71,165,65,37,94,173,18,131,110,101,59,80,95,30,134,148,195,97,58,175,151,7,191,181,68,123,6,137,158,54,52,119,100,39,107,55,14,13,172,12,89,75,149,15,135,53,183,69,159,164,90,28,155,73,99,106,136,115,152,2,161,102,86,133,76,122,43,104,17,145,56,21,108,192,40,169,182,29,154,60,177,27,116,111,96,171,141,98,114,64,79,179,47,88,5,186,199,83,153,187,142,150,10,185,62,120,3,168,44,48,63];True
1821;7424;9245;[136,118,129,162,19,87,121,178,111,132,130,84,77,112,34,147,66,157,103,105,74,188,144,9,24,117,167,61,45,138,41,49,78,128,42,57,197,8,16,126,143,160,91,1,33,124,180,196,36,46,140,92,82,23,189,81,0,85,22,26,176,193,109,20,170,166,38,139,146,4,70,194,31,198,174,184,35,67,32,72,163,25,51,50,190,125,11,113,156,71,165,65,37,94,173,18,131,110,101,59,80,95,30,134,148,195,97,58,175,151,7,191,181,68,123,6,137,158,54,52,119,100,39,107,55,14,13,172,12,89,75,149,15,135,53,183,69,159,164,90,28,155,73,99,106,93,115,152,2,161,102,86,133,76,122,116,104,17,145,56,21,108,192,40,169,182,29,154,60,177,27,43,127,96,171,141,98,114,64,79,179,47,88,5,186,199,83,153,187,142,150,10,185,62,120,3,168,44,48,63];True
2036;7212;9248;[34,4,129,70,19,87,121,178,111,132,130,84,77,112,93,147,66,157,103,105,20,188,144,9,142,117,167,61,45,138,41,49,78,128,42,57,197,8,16,126,143,160,91,1,33,124,180,196,36,46,140,92,82,23,189,81,0,85,22,26,176,193,109,162,170,95,38,139,63,118,48,194,31,198,174,184,35,67,32,72,163,25,51,50,190,173,11,113,156,71,165,65,37,94,125,18,131,110,101,59,80,100,30,134,148,195,97,58,175,151,7,191,181,68,123,6,137,158,54,52,119,187,39,107,55,14,13,172,12,89,75,149,15,135,53,183,69,159,164,90,28,155,73,99,106,136,115,152,2,161,102,86,133,76,122,116,104,17,145,56,21,108,192,40,169,182,29,154,60,177,27,43,127,96,171,141,98,114,64,79,179,47,88,5,186,199,83,153,166,24,150,10,185,62,120,3,168,44,74,146];True
1834;7416;9250;[93,118,129,162,19,87,121,178,127,132,130,84,77,112,34,147,66,157,103,105,74,188,144,9,24,117,167,61,45,138,41,49,78,128,42,57,197,8,16,126,143,160,91,1,33,124,180,196,36,46,140,92,82,23,189,81,0,85,22,26,176,193,109,20,170,166,38,139,146,4,70,194,31,198,174,184,35,67,32,72,163,25,51,50,190,125,11,113,156,71,165,65,37,94,173,18,131,110,101,59,80,95,30,134,148,195,97,58,175,151,7,191,181,68,123,6,137,158,54,52,119,100,39,107,55,14,13,172,12,89,75,149,15,135,53,183,69,159,164,90,28,155,73,99,106,136,115,152,2,161,102,86,133,76,122,116,104,17,145,56,21,108,192,40,169,182,29,154,60,177,27,43,111,96,171,141,98,114,64,79,179,47,88,5,186,199,83,153,187,142,150,10,185,62,120,3,168,44,48,63];True
1819;7433;9252;[136,118,129,162,19,87,121,178,127,132,130,84,77,112,34,147,66,157,103,105,74,188,144,9,24,117,167,61,45,138,41,49,78,128,42,57,197,8,16,126,143,160,91,1,33,124,180,196,36,46,140,92,82,23,189,81,0,85,22,26,176,193,109,20,170,166,38,139,146,4,70,194,31,198,174,184,35,67,32,72,163,25,51,50,190,125,11,113,156,71,165,65,37,94,173,18,131,110,101,59,80,95,30,134,148,195,97,58,175,151,7,191,181,68,123,6,137,158,54,52,119,100,39,107,55,14,13,172,12,89,75,149,15,135,53,183,69,159,164,90,28,155,73,99,106,93,115,152,2,161,102,86,133,76,122,116,104,17,145,56,21,108,192,40,169,182,29,154,60,177,27,43,111,96,171,141,98,114,64,79,179,47,88,5,186,199,83,153,187,142,150,10,185,62,120,3,168,44,48,63];True
2052;7200;9252;[34,4,129,70,19,87,121,178,111,132,130,84,77,112,93,147,66,157,103,105,20,188,144,9,142,117,167,61,45,138,41,49,78,128,42,57,197,8,190,126,143,160,91,1,33,124,180,196,36,46,140,92,82,23,189,81,0,85,22,26,176,193,109,162,170,95,38,139,63,118,48,194,31,198,174,184,35,67,32,72,163,25,51,50,16,125,11,113,156,71,165,65,37,94,173,18,131,110,101,59,80,100,30,134,148,195,97,58,175,151,7,191,181,68,123,6,137,158,54,52,119,187,39,107,55,14,13,172,12,89,75,149,15,135,53,183,69,159,164,90,28,155,73,99,106,136,115,152,2,161,102,86,133,76,122,116,104,17,145,56,21,108,192,40,169,182,29,154,60,177,27,43,127,96,171,141,98,114,64,79,179,47,88,5,186,199,83,153,166,24,150,10,185,62,120,3,168,44,74,146];True
1818;7434;9252;[136,118,129,162,19,87,121,178,127,132,130,84,77,112,34,147,66,157,103,105,74,188,144,9,24,117,167,61,45,138,41,49,78,128,42,57,197,8,16,126,143,160,91,1,33,124,180,196,36,46,140,92,82,23,189,81,0,85,22,26,176,193,109,20,170,166,38,139,146,4,70,194,31,198,174,184,35,67,32,72,163,25,51,50,190,125,11,113,156,71,165,65,37,94,173,18,131,110,101,59,80,95,30,134,148,195,97,58,151,175,7,191,181,68,123,6,137,158,54,52,119,100,39,107,55,14,13,172,12,89,75,149,15,135,53,183,69,159,164,90,28,155,73,99,106,93,115,152,2,161,102,86,133,76,122,116,104,17,145,56,21,108,192,40,169,182,29,154,60,177,27,43,111,96,171,141,98,114,64,79,179,47,88,5,186,199,83,153,187,142,150,10,185,62,120,3,168,44,48,63];True
1815;7443;9258;[136,118,129,162,22,87,121,178,127,132,130,84,77,112,34,147,66,157,103,105,74,188,144,9,24,117,167,61,45,138,41,49,78,128,42,57,197,8,16,126,143,160,91,1,33,124,180,196,36,46,140,92,82,23,189,81,0,85,19,26,176,193,109,20,170,166,38,139,146,4,70,194,31,198,174,184,35,67,32,72,163,25,51,50,190,125,11,113,156,71,165,65,37,94,173,18,131,110,101,59,80,95,30,134,148,195,97,58,175,151,7,191,181,68,123,6,137,158,54,52,119,100,39,107,55,14,13,172,12,89,75,149,15,135,53,183,69,159,164,90,28,155,73,99,106,93,115,152,2,161,102,86,133,76,122,116,104,17,145,56,21,108,192,40,169,182,29,154,60,177,27,43,111,96,171,141,98,114,64,79,179,47,88,5,186,199,83,153,187,142,150,10,185,62,120,3,168,44,48,63];True
1808;7450;9258;[136,118,129,162,19,87,121,178,127,132,130,84,77,112,34,147,66,157,103,105,74,188,144,9,24,117,167,61,45,138,41,49,78,128,42,57,197,8,16,126,35,160,91,1,33,124,180,196,36,46,140,92,82,23,189,81,0,85,22,26,176,193,109,20,170,166,38,139,146,4,70,194,31,198,174,184,143,67,32,72,163,25,51,50,190,125,11,113,156,71,165,65,37,94,173,18,131,110,101,59,80,95,30,134,148,195,97,58,175,151,7,191,181,68,123,6,137,158,54,52,119,100,39,107,55,14,13,172,12,89,75,149,15,135,53,183,69,159,164,90,28,155,73,99,106,93,115,152,2,161,102,86,133,76,122,116,104,17,145,56,21,108,192,40,169,182,29,154,60,177,27,43,111,96,171,141,98,114,64,79,179,47,88,5,186,199,83,153,187,142,150,10,185,62,120,3,168,44,48,63];True
1801;7465;9266;[93,118,129,162,19,87,121,178,127,132,130,84,77,112,34,147,66,157,103,105,74,188,144,9,24,117,167,61,45,138,41,49,78,128,42,57,197,8,16,126,143,160,91,1,33,124,180,196,36,46,140,92,82,23,189,81,0,85,22,26,176,193,109,20,170,166,38,139,146,4,70,194,31,198,174,184,35,67,32,72,163,25,51,50,190,125,11,113,156,71,165,65,37,94,173,18,131,110,101,59,80,95,30,134,148,195,97,58,151,175,7,191,181,68,123,6,137,158,54,52,119,100,39,107,55,14,13,172,12,89,75,149,15,135,53,183,69,159,164,90,28,155,73,99,106,136,115,152,2,161,102,86,133,76,122,43,104,17,145,56,21,108,192,40,169,182,29,154,60,177,27,116,111,96,171,141,98,114,64,79,179,47,88,5,186,199,83,153,187,142,150,10,185,62,120,3,168,44,48,63];True
1802;7464;9266;[93,118,129,162,19,87,121,178,127,132,130,84,77,112,34,147,66,157,103,105,74,188,144,9,24,117,167,61,45,138,41,49,78,128,42,57,197,8,16,126,143,160,91,1,33,124,180,196,36,46,140,92,82,23,189,81,0,85,22,26,176,193,109,20,170,166,38,139,146,4,70,194,31,198,174,184,35,67,32,72,163,25,51,50,190,125,11,113,156,71,165,65,37,94,173,18,131,110,101,59,80,95,30,134,148,195,97,58,175,151,7,191,181,68,123,6,137,158,54,52,119,100,39,107,55,14,13,172,12,89,75,149,15,135,53,183,69,159,164,90,28,155,73,99,106,136,115,152,2,161,102,86,133,76,122,43,104,17,145,56,21,108,192,40,169,182,29,154,60,177,27,116,111,96,171,141,98,114,64,79,179,47,88,5,186,199,83,153,187,142,150,10,185,62,120,3,168,44,48,63];True
1787;7481;9268;[136,118,129,162,19,87,121,178,127,132,130,84,77,112,34,147,66,157,103,105,74,188,144,9,24,117,167,61,45,138,41,49,78,128,42,57,197,8,16,126,143,160,91,1,33,124,180,196,36,46,140,92,82,23,189,81,0,85,22,26,176,193,109,20,170,166,38,139,146,4,70,194,31,198,174,184,35,67,32,72,163,25,51,50,190,125,11,113,156,71,165,65,37,94,173,18,131,110,101,59,80,95,30,134,148,195,97,58,175,151,7,191,181,68,123,6,137,158,54,52,119,100,39,107,55,14,13,172,12,89,75,149,15,135,53,183,69,159,164,90,28,155,73,99,106,93,115,152,2,161,102,86,133,76,122,43,104,17,145,56,21,108,192,40,169,182,29,154,60,177,27,116,111,96,171,141,98,114,64,79,179,47,88,5,186,199,83,153,187,142,150,10,185,62,120,3,168,44,48,63];True
1786;7482;9268;[136,118,129,162,19,87,121,178,127,132,130,84,77,112,34,147,66,157,103,105,74,188,144,9,24,117,167,61,45,138,41,49,78,128,42,57,197,8,16,126,143,160,91,1,33,124,180,196,36,46,140,92,82,23,189,81,0,85,22,26,176,193,109,20,170,166,38,139,146,4,70,194,31,198,174,184,35,67,32,72,163,25,51,50,190,125,11,113,156,71,165,65,37,94,173,18,131,110,101,59,80,95,30,134,148,195,97,58,151,175,7,191,181,68,123,6,137,158,54,52,119,100,39,107,55,14,13,172,12,89,75,149,15,135,53,183,69,159,164,90,28,155,73,99,106,93,115,152,2,161,102,86,133,76,122,43,104,17,145,56,21,108,192,40,169,182,29,154,60,177,27,116,111,96,171,141,98,114,64,79,179,47,88,5,186,199,83,153,187,142,150,10,185,62,120,3,168,44,48,63];True
2073;7196;9269;[73,6,129,70,19,87,121,178,111,132,130,84,77,112,93,147,66,157,103,105,74,188,144,31,142,117,167,61,45,138,41,49,78,128,42,57,197,126,20,146,118,160,162,1,33,124,180,196,36,46,140,92,143,23,189,81,0,85,22,26,176,193,109,190,170,95,38,139,9,4,91,145,34,198,174,184,35,67,32,72,163,25,51,8,16,125,11,113,156,71,165,65,37,94,173,18,131,110,101,59,80,100,30,134,148,195,97,58,151,175,7,191,181,68,123,82,137,158,54,52,119,187,39,107,55,14,13,172,12,89,75,149,15,135,53,183,69,159,164,90,28,155,50,99,106,136,115,152,2,161,102,86,133,76,122,116,104,17,194,56,21,108,192,40,169,182,29,154,60,177,27,43,127,96,171,141,98,114,64,79,179,47,88,5,186,199,83,153,166,24,150,10,185,62,120,3,168,44,48,63];True
2074;7195;9269;[73,6,129,70,19,87,121,178,111,132,130,84,77,112,93,147,66,157,103,105,74,188,144,31,142,117,167,61,45,138,41,49,78,128,42,57,197,126,20,146,118,160,162,1,33,124,180,196,36,46,140,92,143,23,189,81,0,85,22,26,176,193,109,190,170,95,38,139,9,4,91,145,34,198,174,184,35,67,32,72,163,25,51,8,16,125,11,113,156,71,165,65,37,94,173,18,131,110,101,59,80,100,30,134,148,195,97,58,175,151,7,191,181,68,123,82,137,158,54,52,119,187,39,107,55,14,13,172,12,89,75,149,15,135,53,183,69,159,164,90,28,155,50,99,106,136,115,152,2,161,102,86,133,76,122,116,104,17,194,56,21,108,192,40,169,182,29,154,60,177,27,43,127,96,171,141,98,114,64,79,179,47,88,5,186,199,83,153,166,24,150,10,185,62,120,3,168,44,48,63];True
1798;7474;9272;[93,118,129,162,22,87,121,178,127,132,130,84,77,112,34,147,66,157,103,105,74,188,144,9,24,117,167,61,45,138,41,49,78,128,42,57,197,8,16,126,143,160,91,1,33,124,180,196,36,46,140,92,82,23,189,81,0,85,19,26,176,193,109,20,170,166,38,139,146,4,70,194,31,198,174,184,35,67,32,72,163,25,51,50,190,125,11,113,156,71,165,65,37,94,173,18,131,110,101,59,80,95,30,134,148,195,97,58,175,151,7,191,181,68,123,6,137,158,54,52,119,100,39,107,55,14,13,172,12,89,75,149,15,135,53,183,69,159,164,90,28,155,73,99,106,136,115,152,2,161,102,86,133,76,122,43,104,17,145,56,21,108,192,40,169,182,29,154,60,177,27,116,111,96,171,141,98,114,64,79,179,47,88,5,186,199,83,153,187,142,150,10,185,62,120,3,168,44,48,63];True
2110;7163;9273;[34,4,121,162,147,67,32,138,172,12,130,84,77,112,93,184,66,157,103,105,74,188,144,51,142,117,167,61,45,22,41,49,78,128,42,57,197,146,118,126,143,160,91,1,33,124,180,196,36,46,140,92,82,23,189,81,0,85,19,26,176,193,109,190,170,95,38,139,65,20,70,194,31,198,174,178,9,6,129,2,163,25,50,8,16,125,11,113,156,71,165,87,37,94,173,18,137,175,101,59,80,100,30,134,148,195,97,58,151,110,7,191,181,68,123,72,131,158,54,52,119,187,39,107,55,14,13,111,132,89,75,149,15,135,53,183,69,159,164,90,28,155,73,99,106,136,115,152,35,161,102,86,133,76,122,116,104,17,145,56,21,108,192,40,169,182,29,154,60,177,27,43,127,96,171,141,98,114,64,79,179,47,88,5,186,199,83,153,166,24,150,10,185,62,120,3,168,44,48,63];True
1782;7492;9274;[136,118,129,162,22,87,121,178,127,132,130,84,77,112,34,147,66,157,103,105,74,188,144,9,24,117,167,61,45,138,41,49,78,128,42,57,197,8,16,126,143,160,91,1,33,124,180,196,36,46,140,92,82,23,189,81,0,85,19,26,176,193,109,20,170,166,38,139,146,4,70,194,31,198,174,184,35,67,32,72,163,25,51,50,190,125,11,113,156,71,165,65,37,94,173,18,131,110,101,59,80,95,30,134,148,195,97,58,151,175,7,191,181,68,123,6,137,158,54,52,119,100,39,107,55,14,13,172,12,89,75,149,15,135,53,183,69,159,164,90,28,155,73,99,106,93,115,152,2,161,102,86,133,76,122,43,104,17,145,56,21,108,192,40,169,182,29,154,60,177,27,116,111,96,171,141,98,114,64,79,179,47,88,5,186,199,83,153,187,142,150,10,185,62,120,3,168,44,48,63];True
1783;7491;9274;[136,118,129,162,22,87,121,178,127,132,130,84,77,112,34,147,66,157,103,105,74,188,144,9,24,117,167,61,45,138,41,49,78,128,42,57,197,8,16,126,143,160,91,1,33,124,180,196,36,46,140,92,82,23,189,81,0,85,19,26,176,193,109,20,170,166,38,139,146,4,70,194,31,198,174,184,35,67,32,72,163,25,51,50,190,125,11,113,156,71,165,65,37,94,173,18,131,110,101,59,80,95,30,134,148,195,97,58,175,151,7,191,181,68,123,6,137,158,54,52,119,100,39,107,55,14,13,172,12,89,75,149,15,135,53,183,69,159,164,90,28,155,73,99,106,93,115,152,2,161,102,86,133,76,122,43,104,17,145,56,21,108,192,40,169,182,29,154,60,177,27,116,111,96,171,141,98,114,64,79,179,47,88,5,186,199,83,153,187,142,150,10,185,62,120,3,168,44,48,63];True
1775;7499;9274;[136,118,129,162,19,87,121,178,127,132,130,84,77,112,34,147,66,157,103,105,74,188,144,9,24,117,167,61,45,138,41,49,78,128,42,57,197,8,16,126,35,160,91,1,33,124,180,196,36,46,140,92,82,23,189,81,0,85,22,26,176,193,109,20,170,166,38,139,146,4,70,194,31,198,174,184,143,67,32,72,163,25,51,50,190,125,11,113,156,71,165,65,37,94,173,18,131,110,101,59,80,95,30,134,148,195,97,58,151,175,7,191,181,68,123,6,137,158,54,52,119,100,39,107,55,14,13,172,12,89,75,149,15,135,53,183,69,159,164,90,28,155,73,99,106,93,115,152,2,161,102,86,133,76,122,43,104,17,145,56,21,108,192,40,169,182,29,154,60,177,27,116,111,96,171,141,98,114,64,79,179,47,88,5,186,199,83,153,187,142,150,10,185,62,120,3,168,44,48,63];True
1776;7498;9274;[136,118,129,162,19,87,121,178,127,132,130,84,77,112,34,147,66,157,103,105,74,188,144,9,24,117,167,61,45,138,41,49,78,128,42,57,197,8,16,126,35,160,91,1,33,124,180,196,36,46,140,92,82,23,189,81,0,85,22,26,176,193,109,20,170,166,38,139,146,4,70,194,31,198,174,184,143,67,32,72,163,25,51,50,190,125,11,113,156,71,165,65,37,94,173,18,131,110,101,59,80,95,30,134,148,195,97,58,175,151,7,191,181,68,123,6,137,158,54,52,119,100,39,107,55,14,13,172,12,89,75,149,15,135,53,183,69,159,164,90,28,155,73,99,106,93,115,152,2,161,102,86,133,76,122,43,104,17,145,56,21,108,192,40,169,182,29,154,60,177,27,116,111,96,171,141,98,114,64,79,179,47,88,5,186,199,83,153,187,142,150,10,185,62,120,3,168,44,48,63];True
1772;7508;9280;[136,118,129,162,22,87,121,178,127,132,130,84,77,112,34,147,66,157,103,105,74,188,144,9,24,117,167,61,45,138,41,49,78,128,42,57,197,8,16,126,35,160,91,1,33,124,180,196,36,46,140,92,82,23,189,81,0,85,19,26,176,193,109,20,170,166,38,139,146,4,70,194,31,198,174,184,143,67,32,72,163,25,51,50,190,125,11,113,156,71,165,65,37,94,173,18,131,110,101,59,80,95,30,134,148,195,97,58,175,151,7,191,181,68,123,6,137,158,54,52,119,100,39,107,55,14,13,172,12,89,75,149,15,135,53,183,69,159,164,90,28,155,73,99,106,93,115,152,2,161,102,86,133,76,122,43,104,17,145,56,21,108,192,40,169,182,29,154,60,177,27,116,111,96,171,141,98,114,64,79,179,47,88,5,186,199,83,153,187,142,150,10,185,62,120,3,168,44,48,63];True
2105;7176;9281;[34,4,121,162,147,67,32,138,172,12,130,84,77,112,93,184,66,157,103,105,74,188,144,51,142,117,167,61,45,22,41,49,78,128,42,57,197,146,118,126,143,160,91,1,33,124,180,196,36,46,140,92,82,23,189,81,0,85,19,26,176,193,109,190,170,95,38,139,65,20,70,194,31,198,174,178,90,6,129,2,163,25,50,8,16,125,11,113,156,71,165,87,37,94,173,18,137,175,101,59,80,100,30,134,148,195,97,58,151,110,7,191,181,68,123,72,131,158,54,52,119,187,39,107,55,14,13,111,132,89,75,149,15,135,53,183,69,159,164,9,28,155,73,99,106,136,115,152,35,161,102,86,133,76,122,116,104,17,145,56,21,108,192,40,169,182,29,154,60,177,27,43,127,96,171,141,98,114,64,79,179,47,88,5,186,199,83,153,166,24,150,10,185,62,120,3,168,44,48,63];True
2126;7155;9281;[34,4,121,162,147,67,32,138,172,12,130,84,77,112,93,184,66,157,103,105,74,188,144,31,142,117,167,61,45,22,41,49,78,128,42,57,197,146,118,126,143,160,91,1,33,124,180,196,36,46,140,92,82,23,189,81,0,85,19,26,176,193,109,190,170,95,38,139,65,20,70,194,29,198,174,178,9,6,129,2,163,25,50,8,16,125,11,113,156,71,165,87,37,94,173,18,137,175,101,59,80,100,30,134,148,195,97,58,151,110,7,191,181,68,123,72,131,158,54,52,119,187,39,107,55,14,13,111,132,89,75,149,15,135,53,183,69,159,164,90,28,155,73,99,106,136,115,152,35,161,102,86,133,76,122,116,104,17,145,56,21,108,192,40,169,182,51,154,60,177,27,43,127,96,171,141,98,114,64,79,179,47,88,5,186,199,83,153,166,24,150,10,185,62,120,3,168,44,48,63];True
2107;7175;9282;[34,4,121,162,147,67,32,138,172,12,130,84,77,112,93,184,66,157,103,105,74,188,144,51,142,117,167,61,45,22,41,49,78,128,42,57,197,146,118,126,143,160,91,1,33,124,180,196,36,46,140,92,82,23,189,81,0,85,19,26,176,193,109,190,170,95,38,139,65,20,70,194,31,198,174,178,9,6,129,2,163,25,50,8,16,125,11,113,156,71,165,87,37,94,173,18,137,175,101,59,80,100,30,134,148,195,97,58,151,110,7,191,181,68,123,72,131,158,54,52,119,187,39,107,55,14,13,111,132,89,75,149,15,135,53,183,69,159,164,90,28,155,73,99,106,136,115,152,35,161,102,86,133,76,122,116,104,17,145,56,21,108,192,40,169,182,29,154,60,179,27,43,127,96,171,141,98,114,64,79,177,47,88,5,186,199,83,153,166,24,150,10,185,62,120,3,168,44,48,63];True
2100;7182;9282;[34,4,121,162,147,67,32,138,172,12,130,84,77,112,93,184,66,157,103,105,74,188,144,51,142,117,167,61,45,22,41,49,78,128,42,57,197,146,118,126,143,160,91,1,33,124,180,196,36,46,140,92,82,23,189,81,0,85,19,26,176,193,109,190,170,95,38,139,65,20,70,194,31,198,174,178,9,28,129,2,163,25,50,8,16,125,11,113,156,71,165,87,37,94,173,18,137,175,101,59,80,100,30,134,148,195,97,58,151,110,7,191,181,68,123,72,131,158,54,52,119,187,39,107,55,14,13,111,132,89,75,149,15,135,53,183,69,159,164,90,6,155,73,99,106,136,115,152,35,161,102,86,133,76,122,116,104,17,145,56,21,108,192,40,169,182,29,154,60,177,27,43,127,96,171,141,98,114,64,79,179,47,88,5,186,199,83,153,166,24,150,10,185,62,120,3,168,44,48,63];True
2096;7187;9283;[73,6,129,70,19,87,121,178,111,132,130,84,77,112,93,147,66,157,103,105,74,188,144,31,142,117,167,61,45,138,41,49,78,128,42,57,197,126,20,146,118,160,162,1,33,124,180,196,36,46,140,92,143,23,189,81,0,85,22,26,176,193,109,190,170,95,38,139,9,4,91,145,34,198,174,184,35,67,32,72,163,25,51,8,16,125,11,113,156,71,165,65,37,94,173,18,86,110,101,59,80,100,30,134,148,195,97,58,175,151,7,191,181,68,123,82,131,158,54,52,119,187,39,107,55,14,13,172,12,89,75,149,15,135,53,183,69,159,164,90,28,155,50,99,106,136,115,152,2,161,102,137,133,76,122,116,104,17,194,56,21,108,192,40,169,182,29,154,60,177,27,43,127,96,171,141,98,114,64,79,179,47,88,5,186,199,83,153,166,24,150,10,185,62,120,3,168,44,48,63];True
2095;7188;9283;[73,6,129,70,19,87,121,178,111,132,130,84,77,112,93,147,66,157,103,105,74,188,144,31,142,117,167,61,45,138,41,49,78,128,42,57,197,126,20,146,118,160,162,1,33,124,180,196,36,46,140,92,143,23,189,81,0,85,22,26,176,193,109,190,170,95,38,139,9,4,91,145,34,198,174,184,35,67,32,72,163,25,51,8,16,125,11,113,156,71,165,65,37,94,173,18,86,110,101,59,80,100,30,134,148,195,97,58,151,175,7,191,181,68,123,82,131,158,54,52,119,187,39,107,55,14,13,172,12,89,75,149,15,135,53,183,69,159,164,90,28,155,50,99,106,136,115,152,2,161,102,137,133,76,122,116,104,17,194,56,21,108,192,40,169,182,29,154,60,177,27,43,127,96,171,141,98,114,64,79,179,47,88,5,186,199,83,153,166,24,150,10,185,62,120,3,168,44,48,63];True
2090;7194;9284;[73,6,129,70,19,87,121,178,111,132,130,84,77,112,93,147,66,157,103,105,74,188,144,31,142,117,167,61,45,138,41,49,78,128,42,57,197,126,20,146,118,160,162,1,33,124,180,196,36,46,140,92,143,23,189,81,0,85,22,26,176,193,109,190,170,95,38,139,9,4,91,145,34,198,174,184,35,67,32,72,163,25,51,8,16,125,11,113,156,71,165,65,37,94,173,18,137,110,101,59,80,100,30,134,148,195,97,58,175,151,7,191,181,68,123,82,131,158,54,52,119,187,39,107,55,14,13,172,12,89,75,149,15,135,53,183,69,159,164,90,28,155,50,99,106,136,115,152,2,161,102,86,133,76,122,116,104,17,194,56,21,108,192,40,169,182,29,154,60,177,27,43,127,96,171,141,98,114,64,79,179,47,88,5,186,199,83,153,166,24,150,10,185,62,120,3,168,44,48,63];True
1771;7519;9290;[136,118,129,162,19,87,121,178,127,132,130,84,77,112,34,147,66,157,103,105,74,188,144,9,24,117,167,61,45,138,41,49,78,128,42,57,197,8,16,126,35,160,91,1,33,124,180,196,36,46,140,92,82,23,189,81,0,85,22,26,176,193,109,20,170,166,38,139,146,4,70,194,31,198,174,184,143,67,32,72,163,25,51,50,190,125,11,113,156,71,165,65,37,94,173,18,131,110,101,59,80,95,30,134,148,195,97,137,175,151,7,191,181,68,123,6,58,158,54,52,119,100,39,107,55,14,13,172,12,89,75,149,15,135,53,183,69,159,164,90,28,155,73,99,106,93,115,152,2,161,102,86,133,76,122,43,104,17,145,56,21,108,192,40,169,182,29,154,60,177,27,116,111,96,171,141,98,114,64,79,179,47,88,5,186,199,83,153,187,142,150,10,185,62,120,3,168,44,48,63];True
2145;7147;9292;[34,4,121,162,147,67,32,91,172,12,130,84,77,112,93,184,66,157,103,105,74,188,144,31,142,117,167,61,45,22,41,49,78,128,42,57,197,146,118,126,143,160,138,1,33,124,180,196,36,46,140,92,82,23,189,81,0,85,19,26,176,193,109,190,170,95,38,139,65,20,70,194,29,198,174,178,9,6,129,2,163,25,50,8,16,125,11,113,156,71,165,87,37,94,173,18,137,175,101,59,80,100,30,134,148,195,97,58,151,110,7,191,181,68,123,72,131,158,54,52,119,187,39,107,55,14,13,111,132,89,75,149,15,135,53,183,69,159,164,90,28,155,73,99,106,136,115,152,35,161,102,86,133,76,122,116,104,17,145,56,21,108,192,40,169,182,51,154,60,177,27,43,127,96,171,141,98,114,64,79,179,47,88,5,186,199,83,153,166,24,150,10,185,62,120,3,168,44,48,63];True
1768;7526;9294;[136,118,129,162,19,87,121,178,127,132,130,84,77,112,34,147,66,157,103,105,74,188,144,9,24,117,167,61,45,138,41,49,78,128,42,57,197,8,16,126,143,160,91,1,33,124,180,196,36,46,140,92,82,23,189,81,0,85,22,26,176,193,109,20,170,166,38,139,146,4,70,194,31,198,174,184,35,67,32,72,163,25,51,50,190,125,11,113,156,71,165,65,37,94,173,18,131,110,101,59,80,95,30,134,148,195,97,58,175,151,7,191,181,68,123,6,137,158,54,52,119,100,39,107,55,14,13,172,12,89,75,149,15,108,53,183,69,159,164,90,28,155,73,99,106,93,115,152,2,161,102,86,133,76,122,43,104,17,145,56,21,135,192,40,169,182,29,154,60,177,27,116,111,96,171,141,98,114,64,79,179,47,88,5,186,199,83,153,187,142,150,10,185,62,120,3,168,44,48,63];True
1767;7527;9294;[136,118,129,162,19,87,121,178,127,132,130,84,77,112,34,147,66,157,103,105,74,188,144,9,24,117,167,61,45,138,41,49,78,128,42,57,197,8,16,126,143,160,91,1,33,124,180,196,36,46,140,92,82,23,189,81,0,85,22,26,176,193,109,20,170,166,38,139,146,4,70,194,31,198,174,184,35,67,32,72,163,25,51,50,190,125,11,113,156,71,165,65,37,94,173,18,131,110,101,59,80,95,30,134,148,195,97,58,151,175,7,191,181,68,123,6,137,158,54,52,119,100,39,107,55,14,13,172,12,89,75,149,15,108,53,183,69,159,164,90,28,155,73,99,106,93,115,152,2,161,102,86,133,76,122,43,104,17,145,56,21,135,192,40,169,182,29,154,60,177,27,116,111,96,171,141,98,114,64,79,179,47,88,5,186,199,83,153,187,142,150,10,185,62,120,3,168,44,48,63];True
2162;7132;9294;[50,4,121,162,20,67,32,138,172,12,130,84,77,112,93,184,66,157,103,105,74,188,144,31,142,117,167,61,45,65,41,49,78,128,42,57,197,146,118,126,143,160,91,1,33,124,180,196,36,46,140,92,82,23,189,81,0,85,22,26,176,193,109,190,170,95,38,139,70,147,19,145,34,198,174,178,9,6,129,2,163,25,51,8,16,125,11,113,156,71,165,87,37,94,173,18,137,175,101,59,80,100,30,134,148,195,97,58,151,110,7,191,181,68,123,72,131,158,54,52,119,187,39,107,55,14,13,111,132,89,75,149,15,135,53,183,69,159,164,90,28,155,73,99,106,136,115,152,35,161,102,86,133,76,122,116,104,17,194,56,21,108,192,40,169,182,29,154,60,177,27,43,127,96,171,141,98,114,64,79,179,47,88,5,186,199,83,153,166,24,150,10,185,62,120,3,168,44,48,63];True
2150;7145;9295;[34,4,121,162,147,67,32,138,172,12,130,84,77,112,93,184,66,157,103,105,74,188,144,31,142,117,167,61,45,22,41,49,78,128,42,57,197,146,118,126,143,160,91,1,33,124,180,196,36,46,140,92,82,23,189,81,0,85,19,26,176,193,109,190,170,95,38,139,65,20,70,194,29,198,174,178,9,6,129,2,163,25,50,51,16,125,11,113,156,71,165,87,37,94,173,18,137,175,101,59,80,100,30,134,148,195,97,58,151,110,7,191,181,68,123,72,131,158,54,52,119,187,39,107,55,14,13,111,132,89,75,149,15,135,53,183,69,159,164,90,28,155,73,99,106,136,115,152,35,161,102,86,133,76,122,116,104,17,145,56,21,108,192,40,169,182,8,154,60,177,27,43,127,96,171,141,98,114,64,79,179,47,88,5,186,199,83,153,166,24,150,10,185,62,120,3,168,44,48,63];True
1757;7543;9300;[136,118,129,162,19,87,121,178,127,132,130,84,77,112,34,147,66,157,103,105,74,188,144,9,24,117,167,61,45,138,41,49,78,128,42,57,197,8,16,126,35,160,91,1,33,124,180,196,36,46,140,92,82,23,189,81,0,85,22,26,176,193,109,20,170,166,38,139,146,4,70,194,31,198,174,184,143,67,32,72,163,25,51,50,190,125,11,113,156,71,165,65,37,94,173,18,131,110,101,59,80,95,30,134,148,195,97,58,175,151,7,191,181,68,123,6,137,158,54,52,119,100,39,107,55,14,13,172,12,89,75,149,15,108,53,183,69,159,164,90,28,155,73,99,106,93,115,152,2,161,102,86,133,76,122,43,104,17,145,56,21,135,192,40,169,182,29,154,60,177,27,116,111,96,171,141,98,114,64,79,179,47,88,5,186,199,83,153,187,142,150,10,185,62,120,3,168,44,48,63];True
1764;7536;9300;[136,118,129,162,22,87,121,178,127,132,130,84,77,112,34,147,66,157,103,105,74,188,144,9,24,117,167,61,45,138,41,49,78,128,42,57,197,8,16,126,143,160,91,1,33,124,180,196,36,46,140,92,82,23,189,81,0,85,19,26,176,193,109,20,170,166,38,139,146,4,70,194,31,198,174,184,35,67,32,72,163,25,51,50,190,125,11,113,156,71,165,65,37,94,173,18,131,110,101,59,80,95,30,134,148,195,97,58,175,151,7,191,181,68,123,6,137,158,54,52,119,100,39,107,55,14,13,172,12,89,75,149,15,108,53,183,69,159,164,90,28,155,73,99,106,93,115,152,2,161,102,86,133,76,122,43,104,17,145,56,21,135,192,40,169,182,29,154,60,177,27,116,111,96,171,141,98,114,64,79,179,47,88,5,186,199,83,153,187,142,150,10,185,62,120,3,168,44,48,63];True
2177;7124;9301;[34,4,121,162,147,67,32,138,172,12,130,84,77,112,93,184,66,157,103,105,74,188,144,31,142,117,167,61,182,19,41,49,78,128,42,57,197,146,118,126,143,160,91,1,33,124,180,196,36,46,140,92,82,23,189,81,0,85,22,26,176,193,109,190,170,95,38,139,65,20,70,194,29,198,174,178,9,6,129,2,163,25,50,51,16,125,11,113,156,71,165,87,37,94,173,18,131,110,101,59,80,100,30,134,148,195,97,58,151,175,7,191,181,68,123,72,137,158,54,52,119,187,39,107,55,14,13,111,132,89,75,149,15,135,53,183,69,159,164,90,28,155,73,99,106,136,115,152,35,161,102,86,133,76,122,116,104,17,145,56,21,108,192,40,169,45,8,154,60,177,27,43,127,96,171,141,98,114,64,79,179,47,88,5,186,199,83,153,166,24,150,10,185,62,120,3,168,44,48,63];True
2178;7123;9301;[34,4,121,162,147,67,32,138,172,12,130,84,77,112,93,184,66,157,103,105,74,188,144,31,142,117,167,61,182,19,41,49,78,128,42,57,197,146,118,126,143,160,91,1,33,124,180,196,36,46,140,92,82,23,189,81,0,85,22,26,176,193,109,190,170,95,38,139,65,20,70,194,29,198,174,178,9,6,129,2,163,25,50,51,16,125,11,113,156,71,165,87,37,94,173,18,131,110,101,59,80,100,30,134,148,195,97,58,175,151,7,191,181,68,123,72,137,158,54,52,119,187,39,107,55,14,13,111,132,89,75,149,15,135,53,183,69,159,164,90,28,155,73,99,106,136,115,152,35,161,102,86,133,76,122,116,104,17,145,56,21,108,192,40,169,45,8,154,60,177,27,43,127,96,171,141,98,114,64,79,179,47,88,5,186,199,83,153,166,24,150,10,185,62,120,3,168,44,48,63];True
2159;7144;9303;[50,4,121,162,20,67,32,138,172,12,130,84,77,112,93,184,66,157,103,105,74,188,144,31,142,117,167,61,45,65,41,49,78,128,42,57,197,146,118,126,143,160,91,1,33,124,180,196,36,46,140,92,82,23,189,81,0,85,22,26,176,193,109,190,170,95,38,139,70,147,19,145,34,198,174,178,9,6,129,2,163,25,51,8,16,125,11,113,156,71,165,87,37,94,173,18,137,175,101,59,80,100,30,134,148,195,97,58,151,110,7,191,181,68,123,72,131,158,54,52,119,187,39,107,55,14,13,111,132,89,75,149,15,135,53,183,69,159,164,90,28,155,73,99,106,136,115,152,35,161,102,86,133,76,122,116,104,17,194,56,21,108,192,40,169,182,29,154,60,179,27,43,127,96,171,141,98,114,64,79,177,47,88,5,186,199,83,153,166,24,150,10,185,62,120,3,168,44,48,63];True
1755;7554;9309;[136,118,129,162,22,87,121,178,127,132,130,84,77,112,34,147,66,157,103,105,74,188,144,9,24,117,167,61,45,138,41,49,78,128,42,57,197,8,16,126,143,160,91,1,33,124,180,196,36,46,140,92,82,23,189,81,0,85,19,26,176,193,109,20,170,166,38,139,146,4,70,194,31,198,174,184,35,67,32,72,163,25,51,50,190,125,11,113,156,71,165,65,37,94,173,18,131,149,101,59,80,95,30,134,148,195,97,58,175,151,7,191,181,68,123,6,137,158,54,52,119,100,39,107,55,14,13,172,12,89,75,110,15,135,53,183,69,159,164,90,28,155,73,99,106,93,115,152,2,161,102,86,133,76,122,43,104,17,145,56,21,108,192,40,169,182,29,154,60,177,27,116,111,96,171,141,98,114,64,79,179,47,88,5,186,199,83,153,187,142,150,10,185,62,120,3,168,44,48,63];True
1748;7561;9309;[136,118,129,162,19,87,121,178,127,132,130,84,77,112,34,147,66,157,103,105,74,188,144,9,24,117,167,61,45,138,41,49,78,128,42,57,197,8,16,126,35,160,91,1,33,124,180,196,36,46,140,92,82,23,189,81,0,85,22,26,176,193,109,20,170,166,38,139,146,4,70,194,31,198,174,184,143,67,32,72,163,25,51,50,190,125,11,113,156,71,165,65,37,94,173,18,131,149,101,59,80,95,30,134,148,195,97,58,175,151,7,191,181,68,123,6,137,158,54,52,119,100,39,107,55,14,13,172,12,89,75,110,15,135,53,183,69,159,164,90,28,155,73,99,106,93,115,152,2,161,102,86,133,76,122,43,104,17,145,56,21,108,192,40,169,182,29,154,60,177,27,116,111,96,171,141,98,114,64,79,179,47,88,5,186,199,83,153,187,142,150,10,185,62,120,3,168,44,48,63];True
2194;7116;9310;[34,4,121,162,147,67,32,138,172,12,130,84,77,112,93,184,66,157,103,105,74,188,144,31,142,117,167,182,61,19,41,49,78,128,42,57,197,146,118,126,143,160,91,1,33,124,180,196,36,46,140,92,82,23,189,81,0,85,22,26,176,193,109,190,170,95,38,139,65,20,70,194,29,198,174,178,9,6,129,2,163,25,50,51,16,125,11,113,156,71,165,87,37,94,173,18,131,110,101,59,80,100,30,134,148,195,97,58,175,151,7,191,181,68,123,72,137,158,54,52,119,187,39,107,55,14,13,111,132,89,75,149,15,135,53,183,69,159,164,90,28,155,73,99,106,136,115,152,35,161,102,86,133,76,122,116,104,17,145,56,21,108,192,40,169,45,8,154,60,177,27,43,127,96,171,141,98,114,64,79,179,47,88,5,186,199,83,153,166,24,150,10,185,62,120,3,168,44,48,63];True
2191;7121;9312;[34,4,121,162,147,67,32,138,172,12,130,84,77,112,93,184,66,157,103,105,74,188,144,31,142,117,167,61,182,19,41,49,78,128,42,57,197,146,118,126,143,160,91,1,33,124,180,196,36,46,140,92,82,23,189,81,0,85,22,26,176,193,109,190,170,95,38,139,65,20,70,194,29,198,174,178,9,6,129,2,163,25,50,51,16,125,11,113,156,71,165,87,37,94,173,18,137,110,101,59,80,100,30,134,148,195,97,58,175,151,7,191,181,68,123,72,131,158,54,52,119,187,39,107,55,14,13,111,132,89,75,149,15,135,53,183,69,159,164,90,28,155,73,99,106,136,115,152,35,161,102,86,133,76,122,116,104,17,145,56,21,108,192,40,169,45,8,154,60,177,27,43,127,96,171,141,98,114,64,79,179,47,88,5,186,199,83,153,166,24,150,10,185,62,120,3,168,44,48,63];True
2197;7115;9312;[34,4,121,162,147,67,32,91,172,12,130,84,77,112,93,184,66,157,103,105,74,188,144,31,142,117,167,61,182,19,41,49,78,128,42,57,197,146,118,126,143,160,138,1,33,124,180,196,36,46,140,92,82,23,189,81,0,85,22,26,176,193,109,190,170,95,38,139,65,20,70,194,29,198,174,178,9,6,129,2,163,25,50,51,16,125,11,113,156,71,165,87,37,94,173,18,131,110,101,59,80,100,30,134,148,195,97,58,175,151,7,191,181,68,123,72,137,158,54,52,119,187,39,107,55,14,13,111,132,89,75,149,15,135,53,183,69,159,164,90,28,155,73,99,106,136,115,152,35,161,102,86,133,76,122,116,104,17,145,56,21,108,192,40,169,45,8,154,60,177,27,43,127,96,171,141,98,114,64,79,179,47,88,5,186,199,83,153,166,24,150,10,185,62,120,3,168,44,48,63];True
1747;7568;9315;[136,118,129,162,19,87,121,178,127,132,130,84,77,112,34,147,66,157,103,105,74,188,144,9,24,117,167,61,45,138,41,49,78,128,42,57,197,8,16,126,143,160,91,1,33,124,180,196,36,46,140,92,82,23,189,81,0,85,22,26,176,193,109,20,170,166,38,139,146,4,70,194,31,198,174,184,35,67,32,72,163,25,51,50,190,125,11,113,156,71,165,65,37,94,173,18,131,110,101,59,80,95,30,134,148,195,97,58,151,175,7,191,181,68,123,6,137,158,54,52,108,100,39,107,55,14,13,172,12,89,75,149,15,135,53,183,69,159,164,90,28,155,73,99,106,93,115,152,2,161,102,86,133,76,122,43,104,17,145,56,21,119,192,40,169,182,29,154,60,177,27,116,111,96,171,141,98,114,64,79,179,47,88,5,186,199,83,153,187,142,150,10,185,62,120,3,168,44,48,63];True
1742;7576;9318;[13,172,12,22,26,178,147,3,2,130,84,117,77,112,106,24,66,157,103,105,74,188,93,118,10,0,167,61,45,138,41,49,78,128,42,57,37,121,162,126,143,160,91,1,33,14,94,196,36,182,140,92,82,23,189,81,87,85,104,46,146,193,136,144,170,95,38,139,19,20,51,149,34,194,180,123,90,111,32,72,163,25,70,65,16,190,125,113,156,71,165,184,31,8,173,18,131,110,101,59,80,100,30,134,148,195,97,137,175,151,7,191,181,68,198,142,58,158,54,52,29,154,39,107,55,124,176,67,132,89,75,4,15,135,53,183,69,159,164,9,28,155,73,99,109,50,115,152,35,44,102,86,133,76,122,116,161,43,145,56,21,108,192,40,169,129,119,11,60,177,27,187,127,96,171,141,98,114,64,79,179,47,88,5,186,199,83,153,166,174,150,6,185,62,120,197,168,17,48,63];True
1737;7584;9321;[136,118,129,162,19,87,121,178,127,132,130,84,77,112,34,147,66,157,103,105,74,188,144,9,24,117,167,61,45,138,41,49,78,128,42,57,197,8,16,126,35,160,91,1,33,124,180,196,36,46,140,92,82,23,189,81,0,85,22,26,176,193,109,20,170,166,38,139,146,4,70,194,31,198,174,184,143,67,32,72,163,25,51,50,190,125,11,113,156,71,165,65,37,94,173,18,131,110,101,59,80,95,30,134,148,195,97,58,175,151,7,191,181,68,123,6,137,158,54,52,108,100,39,107,55,14,13,172,12,89,75,149,15,135,53,183,69,159,164,90,28,155,73,99,106,93,115,152,2,161,102,86,133,76,122,43,104,17,145,56,21,119,192,40,169,182,29,154,60,177,27,116,111,96,171,141,98,114,64,79,179,47,88,5,186,199,83,153,187,142,150,10,185,62,120,3,168,44,48,63];True
1746;7575;9321;[13,172,12,22,26,178,147,3,2,130,84,117,77,112,106,24,66,157,103,105,74,188,93,118,10,0,101,61,45,138,41,49,78,128,42,57,37,121,162,126,143,160,91,1,33,14,94,196,36,182,140,92,82,23,189,81,87,85,104,20,146,193,136,144,170,95,38,139,19,46,51,149,34,194,180,123,90,111,32,72,163,25,70,65,16,190,125,113,156,71,165,184,31,8,173,18,131,110,167,59,80,100,30,134,148,195,97,137,175,151,7,191,181,68,198,142,58,158,54,52,29,154,39,107,55,124,176,67,132,89,75,4,15,135,53,183,69,159,164,9,28,155,73,99,109,50,115,152,35,44,102,86,133,76,122,116,161,187,145,56,21,108,192,40,169,129,119,11,60,177,27,43,127,96,171,141,98,114,64,79,179,47,88,5,186,199,83,153,166,174,150,6,185,62,120,197,168,17,48,63];True
2222;7109;9331;[34,4,121,162,147,67,32,138,172,12,130,84,77,112,93,184,66,157,103,105,74,188,144,31,142,117,167,61,45,19,41,49,78,128,42,57,197,146,118,126,143,160,91,1,33,124,180,196,36,46,140,92,82,23,189,81,0,85,22,26,176,193,109,190,170,95,38,139,65,20,70,194,29,198,174,178,9,6,129,2,163,25,50,8,16,125,11,113,156,71,165,87,37,94,173,18,86,110,101,59,80,100,30,134,148,195,97,58,175,151,7,191,181,68,123,72,131,158,54,52,119,187,39,107,55,14,13,111,132,89,75,149,15,135,53,183,69,159,164,90,28,155,73,99,106,136,115,152,35,161,102,137,133,76,122,116,104,17,145,56,21,108,192,40,169,182,51,154,60,177,27,43,127,96,171,141,98,114,64,79,179,47,88,5,186,199,83,153,166,24,150,10,185,62,120,3,168,44,48,63];True
2221;7110;9331;[34,4,121,162,147,67,32,138,172,12,130,84,77,112,93,184,66,157,103,105,74,188,144,31,142,117,167,61,45,19,41,49,78,128,42,57,197,146,118,126,143,160,91,1,33,124,180,196,36,46,140,92,82,23,189,81,0,85,22,26,176,193,109,190,170,95,38,139,65,20,70,194,29,198,174,178,9,6,129,2,163,25,50,8,16,125,11,113,156,71,165,87,37,94,173,18,86,110,101,59,80,100,30,134,148,195,97,58,151,175,7,191,181,68,123,72,131,158,54,52,119,187,39,107,55,14,13,111,132,89,75,149,15,135,53,183,69,159,164,90,28,155,73,99,106,136,115,152,35,161,102,137,133,76,122,116,104,17,145,56,21,108,192,40,169,182,51,154,60,177,27,43,127,96,171,141,98,114,64,79,179,47,88,5,186,199,83,153,166,24,150,10,185,62,120,3,168,44,48,63];True
2218;7114;9332;[34,4,121,162,147,67,32,19,172,12,130,84,77,112,93,184,66,157,103,105,74,188,144,31,142,117,167,61,45,138,41,49,78,128,42,57,197,146,118,126,143,160,91,1,33,124,180,196,36,46,140,92,82,23,189,81,0,85,22,26,176,193,109,190,170,95,38,139,65,20,70,194,29,198,174,178,9,6,129,2,163,25,50,51,16,125,11,113,156,71,165,87,37,94,173,18,131,110,101,59,80,100,30,134,148,195,97,58,175,151,7,191,181,68,123,72,137,158,54,52,119,187,39,107,55,14,13,111,132,89,75,149,15,135,53,183,69,159,164,90,28,155,73,99,106,136,115,152,35,161,102,86,133,76,122,116,104,17,145,56,21,108,192,40,169,182,8,154,60,177,27,43,127,96,171,141,98,114,64,79,179,47,88,5,186,199,83,153,166,24,150,10,185,62,120,3,168,44,48,63];True
1736;7597;9333;[13,172,12,22,26,178,147,3,2,130,132,117,77,112,106,24,66,157,103,105,74,188,93,118,10,0,101,61,45,138,41,49,78,128,42,57,37,121,162,126,143,160,91,1,33,14,94,196,36,182,140,92,82,23,189,81,87,85,104,46,146,193,136,144,170,95,38,139,19,20,51,149,34,194,180,123,90,111,32,72,163,25,70,65,16,190,125,113,156,71,165,184,31,8,173,18,131,110,167,59,80,100,30,134,148,195,97,137,175,151,7,191,181,68,198,142,58,158,54,52,29,154,39,107,55,124,176,67,84,89,75,4,15,135,53,183,69,159,164,9,28,155,73,99,109,50,115,152,35,44,102,86,133,76,122,116,161,187,145,56,21,108,192,40,169,129,119,11,60,177,27,43,127,96,171,141,98,114,64,79,179,47,88,5,186,199,83,153,166,174,150,6,185,62,120,197,168,17,48,63];True
1733;7600;9333;[13,172,132,22,26,178,147,3,2,130,84,117,77,112,106,24,66,157,103,105,74,188,93,118,10,0,101,61,45,138,41,49,78,128,42,57,37,121,162,126,143,160,91,1,33,14,94,196,36,182,140,92,82,23,189,81,87,85,104,46,146,193,136,144,170,95,38,139,19,20,51,149,34,194,180,123,90,111,32,72,163,25,70,65,16,190,125,113,156,71,165,184,31,8,173,18,131,110,167,59,80,100,30,134,148,195,97,137,175,151,7,191,181,68,198,142,58,158,54,52,29,154,39,107,55,124,176,67,12,89,75,4,15,135,53,183,69,159,164,9,28,155,73,99,109,50,115,152,35,44,102,86,133,76,122,116,161,187,145,56,21,108,192,40,169,129,119,11,60,177,27,43,127,96,171,141,98,114,64,79,179,47,88,5,186,199,83,153,166,174,150,6,185,62,120,197,168,17,48,63];True
2227;7108;9335;[34,4,121,162,147,67,32,138,172,12,130,84,77,112,93,184,66,157,103,105,74,188,144,31,142,117,167,61,45,19,41,49,78,128,42,57,197,146,118,126,143,160,91,1,33,124,180,196,36,46,140,92,82,23,189,81,0,85,22,26,176,193,109,190,170,95,38,139,65,20,70,194,29,198,174,178,9,6,129,2,163,25,50,51,16,125,11,113,156,71,165,87,37,94,173,18,131,110,101,59,80,100,30,134,148,195,97,58,175,151,7,191,181,68,123,72,137,158,54,52,119,187,39,107,55,14,13,111,132,89,75,149,15,135,53,183,69,159,164,90,28,155,73,99,106,136,115,152,35,161,102,86,133,76,122,116,104,17,145,56,21,108,192,40,169,182,8,154,60,177,27,43,127,96,171,141,98,114,64,79,179,47,88,5,186,199,83,153,166,24,150,10,185,62,120,3,168,44,48,63];True
1724;7611;9335;[13,172,12,22,26,178,147,3,2,130,84,117,77,112,106,24,66,157,103,105,74,188,93,118,10,0,101,61,45,138,41,49,78,128,42,57,37,121,162,126,143,160,91,1,33,14,94,196,36,182,140,92,82,23,189,81,87,85,104,20,146,193,136,144,170,95,38,139,19,46,51,149,34,194,180,123,90,111,32,72,163,25,70,65,16,190,125,113,156,71,165,184,31,8,173,18,131,110,167,59,80,100,30,134,148,195,97,137,175,151,7,191,181,68,198,142,58,158,54,52,29,154,39,107,55,124,176,67,132,89,75,4,15,135,53,183,69,159,164,9,28,155,73,99,109,50,115,152,35,44,102,86,133,76,122,116,161,43,145,56,21,108,192,40,169,129,119,11,60,177,27,187,127,96,171,141,98,114,64,79,179,47,88,5,186,199,83,153,166,174,150,6,185,62,120,197,168,17,48,63];True
2240;7095;9335;[34,4,121,162,147,67,32,138,172,12,130,84,77,112,93,184,66,157,103,105,74,188,144,31,142,117,167,61,182,19,41,49,78,128,42,57,197,146,118,126,143,160,91,1,33,124,180,196,36,46,140,92,82,23,189,81,0,85,22,26,176,193,109,190,170,95,38,139,65,20,70,194,29,198,174,178,9,6,129,2,163,25,51,50,16,125,11,113,156,71,165,87,37,94,173,18,131,110,101,59,80,100,30,134,148,195,97,58,175,151,7,191,181,68,123,72,137,158,54,52,119,187,39,107,55,14,13,111,132,89,75,149,15,135,53,183,69,159,164,90,28,155,73,99,106,136,115,152,35,161,102,86,133,76,122,116,104,17,145,56,21,108,192,40,169,45,8,154,60,177,27,43,127,96,171,141,98,114,64,79,179,47,88,5,186,199,83,153,166,24,150,10,185,62,120,3,168,44,48,63];True
2233;7104;9337;[50,4,121,162,147,67,32,138,172,12,130,84,77,112,93,184,66,157,103,105,74,188,144,31,142,117,167,61,45,65,41,49,78,128,42,57,197,146,118,126,143,160,91,1,33,124,180,196,36,46,140,92,82,23,189,81,0,85,22,26,176,193,109,190,170,95,38,139,70,20,19,145,34,198,174,178,9,6,129,2,163,25,51,8,16,125,11,113,156,71,165,87,37,94,173,18,137,175,101,59,80,100,30,134,148,195,97,58,151,110,7,191,181,68,123,72,131,158,54,52,119,187,39,107,55,14,13,111,132,89,75,149,15,135,53,183,69,159,164,90,28,155,73,99,106,136,115,152,35,161,102,86,133,76,122,116,104,17,194,56,21,108,192,40,169,182,29,154,60,177,27,43,127,96,171,141,98,114,64,79,179,47,88,5,186,199,83,153,166,24,150,10,185,62,120,3,168,44,48,63];True
1717;7621;9338;[13,172,12,22,26,178,147,3,2,130,84,117,77,112,106,24,66,157,103,105,74,188,93,118,10,0,101,61,45,138,41,49,78,128,42,57,37,121,162,126,143,160,91,1,33,14,94,196,36,182,140,92,82,23,189,81,87,85,104,46,146,193,136,144,170,95,38,139,19,20,51,149,34,194,180,123,90,111,32,72,163,25,70,65,16,190,125,113,156,71,165,184,31,8,173,18,131,110,167,59,80,100,30,134,148,195,97,137,175,151,7,191,181,68,198,142,58,158,54,52,29,154,39,107,55,124,176,67,132,89,75,4,15,135,53,183,69,159,164,9,28,155,73,99,109,50,115,152,35,44,102,86,133,76,122,116,161,43,145,56,21,108,192,40,169,129,119,11,60,177,27,187,127,96,171,141,98,114,64,79,179,47,88,5,186,199,83,153,166,174,150,6,185,62,120,197,168,17,48,63];True
1711;7636;9347;[13,172,132,22,26,178,147,3,2,130,84,117,77,112,106,24,66,157,103,105,74,188,93,118,10,0,101,61,45,138,41,49,78,128,42,57,37,121,162,126,143,160,91,1,33,14,94,196,36,182,140,92,82,23,189,81,87,85,104,46,146,193,136,144,170,95,38,139,19,20,51,149,34,194,180,123,90,111,32,72,163,25,70,65,16,190,125,113,156,71,165,184,31,8,173,18,131,110,167,59,80,100,30,134,148,195,97,137,175,151,7,191,181,68,198,142,58,158,54,52,29,154,39,107,55,124,176,67,12,89,75,4,15,135,53,183,69,159,164,9,28,155,73,99,109,50,115,152,35,44,102,86,133,76,122,116,161,43,145,56,21,108,192,40,169,129,119,11,60,177,27,187,127,96,171,141,98,114,64,79,179,47,88,5,186,199,83,153,166,174,150,6,185,62,120,197,168,17,48,63];True
1714;7633;9347;[13,172,12,22,26,178,147,3,2,130,132,117,77,112,106,24,66,157,103,105,74,188,93,118,10,0,101,61,45,138,41,49,78,128,42,57,37,121,162,126,143,160,91,1,33,14,94,196,36,182,140,92,82,23,189,81,87,85,104,46,146,193,136,144,170,95,38,139,19,20,51,149,34,194,180,123,90,111,32,72,163,25,70,65,16,190,125,113,156,71,165,184,31,8,173,18,131,110,167,59,80,100,30,134,148,195,97,137,175,151,7,191,181,68,198,142,58,158,54,52,29,154,39,107,55,124,176,67,84,89,75,4,15,135,53,183,69,159,164,9,28,155,73,99,109,50,115,152,35,44,102,86,133,76,122,116,161,43,145,56,21,108,192,40,169,129,119,11,60,177,27,187,127,96,171,141,98,114,64,79,179,47,88,5,186,199,83,153,166,174,150,6,185,62,120,197,168,17,48,63];True
2267;7088;9355;[50,21,180,178,9,37,94,118,172,12,130,117,77,112,93,184,66,157,103,105,74,188,144,174,149,195,167,61,45,138,41,49,78,128,42,134,148,121,162,126,143,160,91,1,33,124,147,196,36,46,140,17,82,23,189,81,0,85,22,26,176,193,109,190,170,95,38,139,65,20,51,142,34,198,146,4,84,67,32,72,163,25,70,19,145,125,11,113,156,71,165,87,104,31,173,18,131,110,101,59,80,100,30,57,197,2,97,58,175,151,7,191,181,68,123,6,137,158,54,52,119,187,39,107,55,14,13,111,132,89,75,129,15,135,53,183,69,159,164,90,28,155,73,99,106,136,115,152,35,161,102,86,133,76,122,116,194,8,16,56,92,108,192,40,169,182,29,154,60,177,27,43,127,96,171,141,98,114,64,79,179,47,88,5,186,199,83,153,166,24,150,10,185,62,120,3,168,44,48,63];True
2264;7094;9358;[34,4,121,162,147,67,32,91,172,12,130,84,77,112,93,184,66,157,103,105,74,188,144,31,142,117,167,61,45,19,41,49,78,128,42,57,197,146,118,126,143,160,138,1,33,124,180,196,36,46,140,92,82,23,189,81,0,85,22,26,176,193,109,190,170,95,38,139,65,20,70,194,29,198,174,178,9,6,129,2,163,25,50,51,16,125,11,113,156,71,165,87,37,94,173,18,131,110,101,59,80,100,30,134,148,195,97,58,175,151,7,191,181,68,123,72,137,158,54,52,119,187,39,107,55,14,13,111,132,89,75,149,15,135,53,183,69,159,164,90,28,155,73,99,106,136,115,152,35,161,102,86,133,76,122,116,104,8,145,56,21,108,192,40,169,182,17,154,60,177,27,43,127,96,171,141,98,114,64,79,179,47,88,5,186,199,83,153,166,24,150,10,185,62,120,3,168,44,48,63];True
1663;7695;9358;[50,172,12,22,26,178,120,3,2,130,84,117,77,112,31,29,66,157,103,105,74,188,144,118,147,0,101,61,45,138,167,180,78,128,42,57,37,121,162,126,143,160,91,1,33,124,94,196,36,182,140,92,82,23,189,81,87,85,104,20,146,193,109,93,170,95,38,139,19,194,102,149,34,127,175,123,49,67,32,72,137,25,70,65,16,190,186,113,156,71,165,184,125,8,173,18,131,110,41,59,80,100,30,134,148,195,97,58,6,43,7,191,181,68,198,142,163,158,54,60,119,187,39,107,55,14,13,197,132,89,75,4,15,135,53,183,69,159,164,90,28,155,73,99,106,136,115,152,35,176,9,86,133,76,122,116,161,46,145,56,21,108,192,40,169,129,24,154,52,5,27,151,111,96,171,141,98,114,64,79,177,47,88,179,11,199,83,153,166,174,150,10,185,62,44,51,168,17,48,63];True
1696;7664;9360;[50,172,12,22,26,178,120,3,2,130,84,117,77,112,31,29,66,157,103,105,74,188,144,118,147,0,101,61,45,138,167,180,78,128,42,57,37,121,162,126,143,160,91,1,33,124,94,196,36,182,140,92,82,23,189,81,87,85,104,20,146,193,109,93,170,95,38,139,19,194,102,149,34,127,175,123,49,67,32,72,137,25,70,65,16,190,11,113,156,71,165,184,125,8,173,18,131,110,41,59,80,100,30,134,148,195,97,58,6,43,7,191,181,68,198,142,163,158,54,60,119,187,39,107,55,14,13,197,132,89,75,4,15,135,53,183,69,159,164,90,28,155,73,99,106,136,115,152,35,176,9,86,133,76,122,116,161,46,145,56,21,108,192,40,169,129,24,154,52,179,27,151,111,96,171,141,98,114,64,79,177,47,88,5,186,199,83,153,166,174,150,10,185,62,44,51,168,17,48,63];True
1710;7650;9360;[13,172,12,22,26,178,147,3,2,130,84,117,77,112,106,24,66,157,103,105,74,188,93,118,10,0,101,61,45,138,41,49,78,128,42,57,37,121,162,126,143,160,91,1,33,14,94,196,36,182,140,92,82,23,189,81,87,85,104,46,146,193,136,144,170,166,38,139,19,20,51,149,34,194,180,123,90,111,32,72,163,25,70,65,16,190,125,113,156,71,165,184,31,8,173,18,131,110,167,59,80,100,30,134,148,195,97,137,175,151,7,191,181,68,198,142,58,158,54,52,29,154,39,107,55,124,176,67,132,89,75,4,15,135,53,183,69,159,164,9,28,155,73,99,109,50,115,152,35,44,102,86,133,76,122,116,161,43,145,56,21,108,192,40,169,129,119,11,60,177,27,187,127,96,171,141,98,114,64,79,179,47,88,5,186,199,83,153,95,174,150,6,185,62,120,197,168,17,48,63];True
2278;7084;9362;[50,21,180,178,9,37,94,118,172,12,130,117,77,112,93,184,66,157,103,105,74,188,144,174,149,195,167,61,45,138,41,49,78,128,42,134,148,121,162,126,143,160,91,1,33,124,147,196,36,46,140,17,82,23,189,81,0,85,22,26,176,193,109,190,170,95,38,139,65,20,51,142,34,194,146,4,84,67,32,72,163,25,70,19,145,125,11,113,156,71,165,87,16,8,173,18,131,110,101,59,80,100,30,57,197,2,97,58,175,151,7,191,181,68,123,6,137,158,54,52,119,187,39,107,55,14,13,111,132,89,75,129,15,135,53,183,69,159,164,90,28,155,73,99,106,136,115,152,35,161,102,86,133,76,122,116,104,31,198,56,92,108,192,40,169,182,29,154,60,177,27,43,127,96,171,141,98,114,64,79,179,47,88,5,186,199,83,153,166,24,150,10,185,62,120,3,168,44,48,63];True
1705;7659;9364;[13,172,12,22,26,178,147,3,2,130,84,117,77,112,106,24,66,157,103,105,74,188,93,118,10,0,101,61,45,138,41,49,78,128,42,57,37,121,162,126,143,160,91,1,33,14,94,196,36,182,140,92,82,23,189,81,87,85,104,46,146,193,136,144,170,95,38,139,19,20,51,149,34,194,180,123,90,111,32,72,163,25,70,65,16,190,125,113,156,71,127,184,31,8,173,18,131,110,167,59,80,100,30,134,148,195,97,137,175,151,7,191,181,68,198,142,58,158,54,52,29,154,39,107,55,124,176,67,132,89,75,4,15,135,53,183,69,159,164,9,28,155,73,99,109,50,115,152,35,44,102,86,133,76,122,116,161,187,145,56,21,108,192,40,169,129,119,11,60,177,27,43,165,96,171,141,98,114,64,79,179,47,88,5,186,199,83,153,166,174,150,6,185,62,120,197,168,17,48,63];True
1702;7662;9364;[13,172,12,22,26,178,147,3,2,130,84,117,77,112,106,24,66,157,103,105,74,188,93,118,10,0,101,61,45,138,41,49,78,128,42,57,37,121,162,126,143,160,91,1,33,14,94,196,36,182,140,92,82,23,189,81,87,85,104,46,146,193,136,144,170,95,38,139,19,20,51,149,34,194,180,123,90,111,32,72,163,25,70,65,16,190,125,113,156,71,165,184,31,8,173,18,131,110,167,59,80,100,30,134,148,195,97,137,175,151,7,191,181,68,198,142,58,158,54,52,29,154,39,107,55,124,176,67,132,89,75,4,15,135,53,183,69,159,164,9,28,155,73,99,109,50,115,152,35,44,102,86,133,153,122,116,161,43,145,56,21,108,192,40,169,129,119,11,60,177,27,187,127,96,171,141,98,114,64,79,179,47,88,5,186,199,83,76,166,174,150,6,185,62,120,197,168,17,48,63];True
2289;7080;9369;[34,4,121,162,147,67,32,138,172,12,130,84,77,112,93,184,66,157,103,105,74,188,144,31,142,117,167,61,45,19,41,49,78,128,42,57,197,146,118,126,143,160,91,1,33,124,180,196,36,46,140,92,82,23,189,81,0,85,22,26,176,193,109,190,170,95,38,139,65,20,70,194,29,198,174,178,9,6,129,2,163,25,51,50,16,125,11,113,156,71,165,87,37,94,173,18,131,110,101,59,80,100,30,134,148,195,97,58,175,151,7,191,181,68,123,72,137,158,54,52,119,187,39,107,55,14,13,111,132,89,75,149,15,135,53,183,69,159,164,90,28,155,73,99,106,136,115,152,35,161,102,86,133,76,122,116,104,17,145,56,21,108,192,40,169,182,8,154,60,177,27,43,127,96,171,141,98,114,64,79,179,47,88,5,186,199,83,153,166,24,150,10,185,62,120,3,168,44,48,63];True
2288;7081;9369;[34,4,121,162,147,67,32,138,172,12,130,84,77,112,93,184,66,157,103,105,74,188,144,31,142,117,167,61,45,19,41,49,78,128,42,57,197,146,118,126,143,160,91,1,33,124,180,196,36,46,140,92,82,23,189,81,0,85,22,26,176,193,109,190,170,95,38,139,65,20,70,194,29,198,174,178,9,6,129,2,163,25,51,50,16,125,11,113,156,71,165,87,37,94,173,18,131,110,101,59,80,100,30,134,148,195,97,58,151,175,7,191,181,68,123,72,137,158,54,52,119,187,39,107,55,14,13,111,132,89,75,149,15,135,53,183,69,159,164,90,28,155,73,99,106,136,115,152,35,161,102,86,133,76,122,116,104,17,145,56,21,108,192,40,169,182,8,154,60,177,27,43,127,96,171,141,98,114,64,79,179,47,88,5,186,199,83,153,166,24,150,10,185,62,120,3,168,44,48,63];True
1694;7680;9374;[50,172,12,22,26,178,120,3,2,130,84,117,77,112,31,29,66,157,103,105,74,188,144,118,147,0,101,61,45,138,167,180,78,128,42,57,37,121,162,126,143,160,91,1,33,124,94,196,36,182,140,92,82,23,189,81,87,85,104,20,146,193,109,93,170,95,38,139,19,194,102,149,34,127,175,123,49,67,32,72,137,25,70,65,16,190,186,113,156,71,165,184,125,8,173,18,131,110,41,59,80,100,30,134,148,195,97,58,6,43,7,191,181,68,198,142,163,158,54,60,119,187,39,107,55,14,13,197,132,89,75,4,15,135,53,183,69,159,164,90,28,155,73,99,106,136,115,152,35,176,9,86,133,76,122,116,161,46,145,56,21,108,192,40,169,129,24,154,52,179,27,151,111,96,171,141,98,114,64,79,177,47,88,5,11,199,83,153,166,174,150,10,185,62,44,51,168,17,48,63];True
2310;7066;9376;[50,21,180,178,9,37,94,118,172,12,130,117,77,112,93,184,66,157,103,105,74,188,144,174,149,195,167,61,45,138,41,49,78,128,42,134,148,121,162,126,143,160,91,1,33,124,147,196,36,46,140,17,82,23,189,81,0,85,22,26,176,193,109,190,170,95,38,139,65,20,51,142,34,198,146,4,84,67,32,72,163,25,70,19,145,125,11,113,156,71,165,87,104,31,173,18,131,110,101,59,80,100,30,57,3,2,97,58,151,175,7,191,181,68,123,6,137,158,54,52,119,187,39,107,55,14,13,111,132,89,75,129,15,135,53,183,69,159,164,90,28,155,73,99,106,136,115,152,35,161,102,86,133,76,122,116,194,8,16,56,92,108,192,40,169,182,29,154,60,177,27,43,127,96,171,141,98,114,64,79,179,47,88,5,186,199,83,153,166,24,150,10,185,62,120,197,168,44,48,63];True
2311;7065;9376;[50,21,180,178,9,37,94,118,172,12,130,117,77,112,93,184,66,157,103,105,74,188,144,174,149,195,167,61,45,138,41,49,78,128,42,134,148,121,162,126,143,160,91,1,33,124,147,196,36,46,140,17,82,23,189,81,0,85,22,26,176,193,109,190,170,95,38,139,65,20,51,142,34,198,146,4,84,67,32,72,163,25,70,19,145,125,11,113,156,71,165,87,104,31,173,18,131,110,101,59,80,100,30,57,3,2,97,58,175,151,7,191,181,68,123,6,137,158,54,52,119,187,39,107,55,14,13,111,132,89,75,129,15,135,53,183,69,159,164,90,28,155,73,99,106,136,115,152,35,161,102,86,133,76,122,116,194,8,16,56,92,108,192,40,169,182,29,154,60,177,27,43,127,96,171,141,98,114,64,79,179,47,88,5,186,199,83,153,166,24,150,10,185,62,120,197,168,44,48,63];True
2308;7072;9380;[34,4,121,162,147,67,32,91,172,12,130,84,77,112,93,184,66,157,103,105,74,188,144,31,142,117,167,61,45,19,41,49,78,128,42,57,197,146,118,126,143,160,138,1,33,124,180,196,36,46,140,92,82,23,189,81,0,85,22,26,176,193,109,190,170,95,38,139,65,20,70,194,29,198,174,178,9,6,129,2,163,25,51,50,16,125,11,113,156,71,165,87,37,94,173,18,131,110,101,59,80,100,30,134,148,195,97,58,175,151,7,191,181,68,123,72,137,158,54,52,119,187,39,107,55,14,13,111,132,89,75,149,15,135,53,183,69,159,164,90,28,155,73,99,106,136,115,152,35,161,102,86,133,76,122,116,104,17,145,56,21,108,192,40,169,182,8,154,60,177,27,43,127,96,171,141,98,114,64,79,179,47,88,5,186,199,83,153,166,24,150,10,185,62,120,3,168,44,48,63];True
2303;7077;9380;[50,21,180,178,9,37,94,118,172,12,130,117,77,112,93,184,66,157,103,105,74,188,144,174,149,195,167,61,45,138,41,49,78,128,42,134,148,121,162,126,143,160,91,1,33,124,147,196,36,46,140,17,82,23,189,81,0,85,22,26,176,193,109,190,170,95,38,139,65,20,51,142,34,194,146,4,84,67,32,72,163,25,70,19,145,125,11,113,156,71,165,87,16,8,173,18,131,110,101,59,80,100,30,57,3,35,97,58,175,151,7,191,181,68,123,6,137,158,54,52,119,187,39,107,55,14,13,111,132,89,75,129,15,135,53,183,69,159,164,90,28,155,73,99,106,136,115,152,2,161,102,86,133,76,122,116,104,31,198,56,92,108,192,40,169,182,29,154,60,177,27,43,127,96,171,141,98,114,64,79,179,47,88,5,186,199,83,153,166,24,150,10,185,62,120,197,168,44,48,63];True
2302;7078;9380;[34,4,121,162,147,67,32,138,172,12,130,84,77,112,93,184,66,157,103,105,74,188,144,31,142,117,167,61,45,19,41,49,78,128,42,57,197,146,118,126,143,160,91,1,33,124,180,196,36,46,140,92,82,23,189,81,0,85,22,26,176,193,109,190,170,95,38,139,65,20,70,194,29,198,174,178,9,6,129,2,163,25,51,50,16,125,11,113,156,71,165,87,37,94,173,18,137,110,101,59,80,100,30,134,148,195,97,58,175,151,7,191,181,68,123,72,131,158,54,52,119,187,39,107,55,14,13,111,132,89,75,149,15,135,53,183,69,159,164,90,28,155,73,99,106,136,115,152,35,161,102,86,133,76,122,116,104,17,145,56,21,108,192,40,169,182,8,154,60,177,27,43,127,96,171,141,98,114,64,79,179,47,88,5,186,199,83,153,166,24,150,10,185,62,120,3,168,44,48,63];True
2307;7074;9381;[34,4,121,162,147,67,32,138,172,12,130,84,77,112,93,184,66,157,103,105,74,188,144,31,142,117,167,61,45,19,41,49,78,128,42,57,197,146,118,126,143,160,91,1,33,124,180,196,36,46,140,92,82,23,189,81,0,85,22,26,176,193,109,190,170,95,38,139,65,20,70,194,29,198,174,178,9,6,129,2,163,25,51,50,16,125,11,113,156,71,165,87,37,94,173,18,131,110,101,59,80,100,30,134,148,195,97,58,175,151,7,191,181,68,123,72,137,158,54,52,119,187,39,107,55,14,13,111,132,89,75,149,15,135,53,183,69,159,164,90,28,155,73,99,106,136,115,152,35,161,102,86,133,76,122,116,104,8,145,56,21,108,192,40,169,182,17,154,60,177,27,43,127,96,171,141,98,114,64,79,179,47,88,5,186,199,83,153,166,24,150,10,185,62,120,3,168,44,48,63];True
1689;7693;9382;[50,172,12,22,26,178,120,3,2,130,84,117,77,112,31,29,66,157,103,105,74,188,144,118,147,0,101,61,45,138,167,180,78,128,42,57,37,121,162,126,143,160,91,1,33,124,94,196,36,182,140,92,82,23,189,81,87,85,104,20,146,193,109,93,170,166,38,139,19,194,102,149,34,127,175,123,49,67,32,72,137,25,70,65,16,190,11,113,156,71,165,184,125,8,173,18,131,110,41,59,80,100,30,134,148,195,97,58,6,43,7,191,181,68,198,142,163,158,54,60,119,187,39,107,55,14,13,197,132,89,75,4,15,135,53,183,69,159,164,90,28,155,73,99,106,136,115,152,35,176,9,86,133,76,122,116,161,46,145,56,21,108,192,40,169,129,24,154,52,179,27,151,111,96,171,141,98,114,64,79,177,47,88,5,186,199,83,153,95,174,150,10,185,62,44,51,168,17,48,63];True
2322;7061;9383;[50,21,180,178,9,37,94,118,172,12,130,117,77,112,93,184,66,157,103,105,74,188,144,174,149,195,167,61,45,138,41,49,78,128,42,134,148,121,162,126,143,160,91,1,33,124,147,196,36,46,140,17,82,23,189,81,0,85,22,26,176,193,109,190,170,95,38,139,65,20,51,142,34,194,146,4,84,67,32,72,163,25,70,19,145,125,11,113,156,71,165,87,16,8,173,18,131,110,101,59,80,100,30,57,3,2,97,58,175,151,7,191,181,68,123,6,137,158,54,52,119,187,39,107,55,14,13,111,132,89,75,129,15,135,53,183,69,159,164,90,28,155,73,99,106,136,115,152,35,161,102,86,133,76,122,116,104,31,198,56,92,108,192,40,169,182,29,154,60,177,27,43,127,96,171,141,98,114,64,79,179,47,88,5,186,199,83,153,166,24,150,10,185,62,120,197,168,44,48,63];True
2321;7062;9383;[50,21,180,178,9,37,94,118,172,12,130,117,77,112,93,184,66,157,103,105,74,188,144,174,149,195,167,61,45,138,41,49,78,128,42,134,148,121,162,126,143,160,91,1,33,124,147,196,36,46,140,17,82,23,189,81,0,85,22,26,176,193,109,190,170,95,38,139,65,20,51,142,34,194,146,4,84,67,32,72,163,25,70,19,145,125,11,113,156,71,165,87,16,8,173,18,131,110,101,59,80,100,30,57,3,2,97,58,151,175,7,191,181,68,123,6,137,158,54,52,119,187,39,107,55,14,13,111,132,89,75,129,15,135,53,183,69,159,164,90,28,155,73,99,106,136,115,152,35,161,102,86,133,76,122,116,104,31,198,56,92,108,192,40,169,182,29,154,60,177,27,43,127,96,171,141,98,114,64,79,179,47,88,5,186,199,83,153,166,24,150,10,185,62,120,197,168,44,48,63];True
2331;7053;9384;[50,21,180,178,9,37,94,118,172,12,130,117,77,112,93,184,66,157,103,105,74,188,144,174,182,2,167,61,45,138,41,49,78,128,42,57,3,121,162,126,143,160,91,1,33,124,147,196,36,46,140,17,82,23,189,81,0,85,22,26,176,193,109,190,170,95,38,139,65,20,51,142,34,198,146,4,84,67,32,72,163,25,70,19,145,125,11,113,156,71,165,169,129,8,173,18,131,110,101,59,80,100,30,134,148,195,97,58,175,151,7,191,181,68,123,6,137,158,54,52,119,187,39,107,55,14,13,111,132,89,75,149,15,135,53,183,69,159,164,90,28,155,73,99,106,136,115,152,35,161,102,86,133,76,122,116,104,31,16,56,92,108,192,40,87,194,29,154,60,177,27,43,127,96,171,141,98,114,64,79,179,47,88,5,186,199,83,153,166,24,150,10,185,62,120,197,168,44,48,63];True
1662;7734;9396;[50,172,12,22,26,178,120,3,2,130,84,117,77,112,31,29,66,157,103,105,74,188,93,118,147,0,101,61,45,138,167,180,78,128,42,57,37,121,162,126,143,160,91,1,33,124,94,196,52,182,140,92,82,23,189,81,87,85,104,20,146,193,106,144,170,95,38,139,19,194,102,149,34,127,175,123,49,67,32,72,137,25,136,65,16,190,11,113,156,71,165,184,125,8,173,18,131,110,41,59,80,100,30,134,148,195,97,58,6,43,7,191,181,68,198,142,163,158,54,36,119,187,39,107,55,14,13,197,132,89,75,4,15,135,53,183,69,159,164,90,28,155,73,99,109,70,115,152,35,176,9,86,133,76,122,116,161,46,145,56,21,108,192,40,169,129,24,154,60,177,27,151,111,96,171,141,98,114,64,79,179,47,88,5,186,199,83,153,166,174,150,10,185,62,44,51,168,17,48,63];True
1658;7741;9399;[50,172,12,22,26,178,120,3,2,130,84,117,77,112,31,29,66,157,103,105,74,188,144,118,147,0,101,61,45,138,167,180,78,128,42,57,37,121,162,126,143,160,91,1,33,124,94,196,52,182,140,92,82,23,189,81,87,85,104,20,146,193,106,93,170,95,38,139,19,194,102,149,34,127,175,123,49,67,32,72,137,25,136,65,16,190,11,113,156,71,165,184,125,8,173,18,131,110,41,59,80,100,30,134,148,195,97,58,6,43,7,191,181,68,198,142,163,158,54,36,119,187,39,107,55,14,13,197,132,89,75,4,15,135,53,183,69,159,164,90,28,155,73,99,109,70,115,152,35,176,9,86,133,76,122,116,161,46,145,56,21,108,192,40,169,129,24,154,60,177,27,151,111,96,171,141,98,114,64,79,179,47,88,5,186,199,83,153,166,174,150,10,185,62,44,51,168,17,48,63];True
1655;7749;9404;[180,172,12,22,26,178,120,3,2,130,84,117,77,112,31,29,154,157,103,44,74,188,93,164,147,0,101,61,45,138,126,35,78,128,42,57,37,121,162,146,118,10,91,1,33,124,94,196,36,182,140,92,82,23,189,81,87,85,104,20,167,193,136,144,62,95,38,139,19,194,51,149,34,127,175,123,90,67,32,72,137,25,170,65,16,125,11,113,156,71,165,184,143,8,173,18,131,110,41,59,80,100,30,134,148,195,97,58,6,43,7,191,181,68,198,142,163,158,54,60,119,187,39,107,55,14,13,197,132,89,75,4,15,135,53,183,69,159,9,105,28,155,73,99,106,70,115,152,52,161,102,86,133,76,122,116,49,46,145,56,21,108,192,40,169,129,24,66,185,179,27,151,111,96,171,141,98,114,64,79,177,47,88,5,186,199,83,153,166,174,150,160,190,109,176,50,168,17,48,63];True
1640;7764;9404;[180,172,12,22,26,178,120,3,2,130,84,117,77,112,31,29,154,157,103,44,74,188,93,164,100,0,52,61,45,138,126,35,78,128,42,57,37,121,162,146,118,10,91,1,33,124,94,196,36,182,140,92,82,23,189,81,87,85,104,20,167,193,136,144,62,95,38,139,19,194,51,149,34,127,175,123,90,67,32,72,137,25,170,65,16,125,11,113,156,71,165,184,143,8,173,18,131,110,41,59,80,147,30,134,148,195,97,58,6,43,7,191,181,68,198,142,163,158,54,60,119,187,39,107,55,14,13,197,132,89,75,4,15,135,53,183,69,159,9,105,28,155,73,99,106,70,115,152,101,161,102,86,133,76,122,116,49,46,145,56,21,108,192,40,169,129,24,66,185,179,27,151,111,96,171,141,98,114,64,79,177,47,88,5,186,199,83,153,166,174,150,160,190,109,176,50,168,17,48,63];True
1619;7786;9405;[180,172,12,22,26,178,120,3,2,130,84,117,77,112,31,29,154,157,103,44,74,188,93,164,100,0,101,61,45,138,126,35,78,128,42,57,37,121,162,146,118,10,91,1,33,124,94,196,36,182,140,92,82,23,189,81,87,85,104,20,167,193,136,144,62,95,38,139,19,194,51,149,34,127,175,123,90,67,32,72,137,25,170,65,16,125,11,113,156,71,165,184,143,8,173,18,131,110,41,59,80,147,30,134,148,195,97,58,6,43,7,191,181,68,198,142,163,158,54,60,119,187,39,107,55,14,13,197,132,89,75,4,15,135,53,183,69,159,9,105,28,155,73,99,106,70,115,152,52,161,102,86,133,76,122,116,49,46,145,56,21,108,192,40,169,129,24,66,185,179,27,151,111,96,171,141,98,114,64,79,177,47,88,5,186,199,83,153,166,174,150,160,190,109,176,50,168,17,48,63];True
1649;7759;9408;[180,172,12,22,26,178,120,3,2,130,84,117,77,112,31,29,154,157,103,44,74,188,93,164,100,0,101,61,45,138,126,35,78,128,42,57,37,121,162,146,118,10,91,1,33,124,94,196,36,182,140,92,82,23,189,81,52,85,104,20,167,193,136,144,62,95,38,139,19,194,51,149,34,127,175,123,90,67,32,72,137,25,170,65,16,125,11,113,156,71,165,184,143,8,173,18,131,110,41,59,80,147,30,134,148,195,97,58,6,43,7,191,181,68,198,142,163,158,54,60,119,187,39,107,55,14,13,197,132,89,75,4,15,135,53,183,69,159,9,105,28,155,73,99,106,70,115,152,87,161,102,86,133,76,122,116,49,46,145,56,21,108,192,40,169,129,24,66,185,179,27,151,111,96,171,141,98,114,64,79,177,47,88,5,186,199,83,153,166,174,150,160,190,109,176,50,168,17,48,63];True
1654;7755;9409;[180,172,12,22,26,178,120,3,2,130,84,117,77,112,31,29,66,157,103,44,74,188,93,164,100,0,101,61,45,138,126,185,78,128,42,57,37,121,162,146,118,10,91,1,33,124,94,196,36,182,140,92,82,23,189,81,87,85,104,20,167,193,136,144,62,95,38,139,19,194,51,149,34,127,175,123,90,67,32,72,137,25,170,65,16,125,11,113,156,71,165,184,143,8,173,18,131,110,41,59,80,147,30,134,148,195,97,58,6,43,7,191,181,68,198,142,163,158,54,52,119,187,39,107,55,14,13,197,132,89,75,4,15,135,53,183,69,159,9,105,28,155,73,99,106,70,115,152,35,161,102,86,133,76,122,116,49,46,145,56,21,108,192,40,169,129,24,154,60,177,27,151,111,96,171,141,98,114,64,79,179,47,88,5,186,199,83,153,166,174,150,160,190,109,176,50,168,17,48,63];True
1637;7773;9410;[180,172,12,22,26,178,120,3,2,130,84,117,77,112,31,29,154,157,103,44,74,188,93,164,100,0,52,61,45,55,126,35,78,128,42,57,37,121,162,146,118,10,91,1,33,124,94,196,36,182,140,92,82,23,189,81,87,85,104,20,167,193,136,144,62,95,38,139,19,194,51,149,34,127,175,123,90,67,32,72,137,25,170,65,16,125,11,113,156,71,165,184,143,8,173,18,131,110,41,59,80,147,30,134,148,195,97,58,6,43,7,191,181,68,198,142,163,158,54,60,119,187,39,107,138,14,13,197,132,89,75,4,15,135,53,183,69,159,9,105,28,155,73,99,106,70,115,152,101,161,102,86,133,76,122,116,49,46,145,56,21,108,192,40,169,129,24,66,185,179,27,151,111,96,171,141,98,114,64,79,177,47,88,5,186,199,83,153,166,174,150,160,190,109,176,50,168,17,48,63];True
1652;7758;9410;[180,172,12,22,26,178,120,3,2,130,84,117,77,112,31,29,154,157,103,44,74,188,93,164,147,0,101,61,45,55,126,35,78,128,42,57,37,121,162,146,118,10,91,1,33,124,94,196,36,182,140,92,82,23,189,81,87,85,104,20,167,193,136,144,62,95,38,139,19,194,51,149,34,127,175,123,90,67,32,72,137,25,170,65,16,125,11,113,156,71,165,184,143,8,173,18,131,110,41,59,80,100,30,134,148,195,97,58,6,43,7,191,181,68,198,142,163,158,54,60,119,187,39,107,138,14,13,197,132,89,75,4,15,135,53,183,69,159,9,105,28,155,73,99,106,70,115,152,52,161,102,86,133,76,122,116,49,46,145,56,21,108,192,40,169,129,24,66,185,179,27,151,111,96,171,141,98,114,64,79,177,47,88,5,186,199,83,153,166,174,150,160,190,109,176,50,168,17,48,63];True
1616;7795;9411;[180,172,12,22,26,178,120,3,2,130,84,117,77,112,31,29,154,157,103,44,74,188,93,164,100,0,101,61,45,55,126,35,78,128,42,57,37,121,162,146,118,10,91,1,33,124,94,196,36,182,140,92,82,23,189,81,87,85,104,20,167,193,136,144,62,95,38,139,19,194,51,149,34,127,175,123,90,67,32,72,137,25,170,65,16,125,11,113,156,71,165,184,143,8,173,18,131,110,41,59,80,147,30,134,148,195,97,58,6,43,7,191,181,68,198,142,163,158,54,60,119,187,39,107,138,14,13,197,132,89,75,4,15,135,53,183,69,159,9,105,28,155,73,99,106,70,115,152,52,161,102,86,133,76,122,116,49,46,145,56,21,108,192,40,169,129,24,66,185,179,27,151,111,96,171,141,98,114,64,79,177,47,88,5,186,199,83,153,166,174,150,160,190,109,176,50,168,17,48,63];True
1613;7812;9425;[180,172,12,22,26,178,120,3,2,130,84,117,77,112,31,29,154,166,103,44,74,188,93,164,100,0,101,61,45,55,126,35,78,128,42,57,37,121,162,146,118,10,91,1,33,124,94,196,36,182,140,92,82,23,189,81,87,85,104,20,167,193,136,144,62,95,38,139,19,194,51,149,34,127,175,123,90,67,32,72,137,25,170,65,16,125,11,113,156,71,165,184,143,8,173,18,131,110,41,59,80,147,30,134,148,195,97,58,6,43,7,191,181,68,198,142,163,158,54,60,119,187,39,107,138,14,13,197,132,89,75,4,15,135,53,183,69,159,9,105,28,155,73,99,106,70,115,152,52,161,102,86,133,76,122,116,49,46,145,56,21,108,192,40,169,129,24,66,185,179,27,151,111,96,171,141,98,114,64,79,177,47,88,5,186,199,83,153,157,174,150,160,190,109,176,50,168,17,48,63];True
2374;7052;9426;[50,21,180,178,9,37,94,118,172,12,130,117,77,112,93,184,66,157,103,105,74,188,144,174,196,195,167,61,45,138,41,49,78,128,42,57,3,121,162,126,143,160,91,1,33,124,147,182,36,46,140,17,82,23,189,81,0,85,22,26,176,193,109,190,170,95,38,139,65,20,51,142,34,198,146,4,84,67,32,72,163,25,70,19,145,125,11,113,156,71,165,169,129,8,173,18,131,110,101,59,80,100,30,134,148,2,97,58,175,151,7,191,181,68,123,6,137,158,54,52,119,187,39,107,55,14,13,111,132,89,75,149,15,135,53,183,69,159,164,90,28,155,73,99,106,136,115,152,35,161,102,86,133,76,122,116,104,31,16,56,92,108,192,40,87,194,29,154,60,177,27,43,127,96,171,141,98,114,64,79,179,47,88,5,186,199,83,153,166,24,150,10,185,62,120,197,168,44,48,63];True
1598;7828;9426;[180,172,12,22,26,178,120,3,2,130,84,117,77,112,31,29,154,157,103,44,74,188,93,164,100,0,101,61,45,138,126,35,78,128,42,57,37,121,162,146,118,10,91,1,33,124,94,196,36,182,140,92,82,23,189,81,87,85,104,20,167,193,136,144,181,95,38,139,19,194,51,149,34,127,175,123,90,67,32,72,137,25,170,65,16,125,11,113,156,71,165,184,143,8,173,18,131,110,41,59,80,147,30,134,148,195,97,58,6,43,7,191,62,68,198,142,163,158,54,60,119,187,39,107,55,14,13,197,132,89,75,4,15,135,53,183,69,159,9,105,28,155,73,99,106,70,115,152,52,161,102,86,133,76,122,116,49,46,145,56,21,108,192,40,169,129,24,66,185,179,27,151,111,96,171,141,98,114,64,79,177,47,88,5,186,199,83,153,166,174,150,160,190,109,176,50,168,17,48,63];True
1597;7830;9427;[180,172,12,22,26,178,120,3,2,130,84,117,77,112,31,29,154,157,103,44,74,188,93,164,100,0,101,61,45,138,126,185,78,128,42,57,37,121,162,146,118,10,91,1,33,124,94,196,36,182,140,92,82,23,189,81,87,85,104,20,167,193,136,144,62,95,38,139,19,194,51,149,34,127,175,123,90,67,32,72,137,25,170,66,16,125,11,113,156,71,165,184,143,8,173,18,131,110,41,59,80,147,30,134,148,195,97,58,6,43,7,191,181,68,198,142,163,158,54,60,119,187,39,107,55,14,13,197,132,89,75,4,15,135,53,183,69,159,9,105,28,155,73,99,106,70,115,152,52,161,102,86,133,76,122,116,49,46,145,56,21,108,192,40,169,129,24,65,35,179,27,151,111,96,171,141,98,114,64,79,177,47,88,5,186,199,83,153,166,174,150,160,190,109,176,50,168,17,48,63];True
1593;7836;9429;[180,172,12,22,26,178,120,3,2,130,106,117,77,112,31,29,154,157,103,44,74,188,93,164,100,0,101,61,45,138,126,35,78,128,42,57,37,121,162,146,118,10,91,1,33,124,94,196,36,182,140,92,82,23,189,81,87,85,104,20,167,193,136,144,62,95,38,139,19,194,51,149,34,127,175,123,90,67,32,72,137,25,170,65,16,125,11,113,156,71,165,184,143,8,173,18,131,110,41,59,80,147,30,134,148,195,97,58,6,43,7,191,181,68,198,142,163,158,54,60,119,187,39,107,55,14,13,197,132,89,75,4,15,135,53,183,69,159,9,105,28,155,73,99,84,70,115,152,52,161,102,86,133,76,122,116,49,46,145,56,21,108,192,40,169,129,24,66,185,179,27,151,111,96,171,141,98,114,64,79,177,47,88,5,186,199,83,153,166,174,150,160,190,109,176,50,168,17,48,63];True
1567;7862;9429;[198,155,29,187,141,119,148,7,130,107,105,146,118,178,192,183,104,50,53,162,173,18,154,120,24,197,15,135,34,159,76,134,121,10,123,90,41,22,38,14,168,17,94,60,49,153,185,127,42,57,9,28,129,8,93,46,55,165,39,166,59,36,23,12,54,151,175,83,117,44,78,171,0,52,150,140,92,100,58,79,177,95,167,61,181,65,82,5,27,133,96,157,138,45,188,87,66,126,99,86,112,40,51,106,143,160,80,71,69,190,43,128,85,164,111,195,25,37,145,139,33,13,137,81,182,109,21,73,6,56,63,31,142,115,152,102,186,113,196,89,26,176,72,74,4,97,131,158,199,62,1,189,108,84,124,174,184,161,156,147,3,169,191,11,194,180,163,170,103,91,35,125,149,32,98,114,68,116,20,67,193,16,136,144,70,19,64,101,122,172,77,2,110,30,179,47,132,75,88,48];True
1604;7827;9431;[180,172,12,22,26,178,120,3,2,130,84,117,77,112,31,29,154,157,103,44,74,188,93,164,100,0,101,61,45,138,126,35,78,128,42,57,37,121,162,146,118,10,91,1,33,124,94,196,36,182,140,92,82,23,189,81,87,85,104,20,167,193,136,144,62,95,38,139,19,194,51,149,34,127,175,123,90,67,32,72,137,25,170,65,16,125,11,113,156,71,165,184,143,8,173,18,131,110,41,59,80,147,30,134,148,195,97,58,6,43,7,191,181,68,198,142,163,158,54,60,119,187,39,107,55,14,13,197,132,89,75,4,15,135,53,183,69,159,9,105,28,155,73,99,106,70,115,152,52,161,102,86,133,153,122,116,49,46,145,56,21,108,192,40,169,129,24,66,185,179,27,151,111,96,171,141,98,114,64,79,177,47,88,5,186,199,83,76,166,174,150,160,190,109,176,50,168,17,48,63];True
1581;7851;9432;[198,155,29,187,141,119,148,7,130,107,105,146,118,178,192,183,104,50,53,162,173,18,154,120,24,197,15,135,34,159,76,134,121,10,123,90,41,22,38,14,168,17,94,60,49,153,185,127,42,57,9,28,129,8,93,46,55,165,39,166,59,36,23,12,54,151,175,83,117,44,78,171,0,52,150,140,92,100,58,79,177,25,167,61,181,65,82,5,27,133,96,157,138,45,188,87,66,126,99,86,112,40,51,106,143,160,80,71,69,190,43,128,85,164,111,195,95,37,145,139,33,13,137,81,182,109,21,73,6,56,63,31,142,115,152,102,186,113,196,89,26,176,72,74,4,97,131,158,199,62,1,189,108,84,124,174,184,161,156,147,3,169,191,11,194,180,163,170,103,91,35,125,149,32,98,114,68,116,20,67,193,16,136,144,70,19,64,101,122,172,77,2,110,30,179,47,132,75,88,48];True
1572;7860;9432;[198,155,29,187,141,119,148,7,130,107,105,146,118,178,192,183,104,50,53,162,173,18,154,120,24,197,15,135,34,159,76,134,121,10,123,90,41,22,38,14,168,17,94,60,49,153,185,127,42,57,9,28,129,8,93,46,55,165,39,166,59,36,23,12,54,151,175,83,117,44,78,171,0,52,150,140,92,100,58,79,177,95,167,61,181,65,82,5,27,133,96,157,138,45,188,87,66,126,99,86,112,40,51,106,143,160,80,71,69,190,43,128,85,164,111,195,25,37,145,139,33,13,137,81,182,109,21,73,6,56,63,31,142,115,152,102,186,196,113,89,26,176,72,74,4,97,131,158,199,62,1,189,108,84,124,174,184,161,156,147,3,169,191,11,194,180,163,170,103,91,35,125,149,32,98,114,68,116,20,67,193,16,136,144,70,19,64,101,122,172,77,2,110,30,179,47,132,75,88,48];True
1558;7874;9432;[198,155,29,187,141,119,148,7,130,107,105,146,118,178,192,183,104,50,53,162,173,18,154,120,24,197,15,135,34,159,76,134,121,10,123,90,41,22,38,14,168,17,94,125,49,153,185,127,60,57,9,28,129,8,93,46,55,165,39,166,59,36,23,12,54,151,175,83,117,44,78,171,0,52,150,140,92,100,58,79,177,95,167,61,181,65,82,5,27,133,96,157,138,45,188,87,66,126,99,86,112,40,51,106,143,160,80,71,69,190,43,128,85,164,111,195,25,37,145,139,33,13,137,81,182,109,21,73,6,56,63,31,142,115,152,102,186,113,196,89,26,176,72,74,4,97,131,158,199,62,1,189,108,84,124,174,184,161,156,147,3,169,191,11,194,180,163,170,103,91,35,42,149,32,98,114,68,116,20,67,193,16,136,144,70,19,64,101,122,172,77,2,110,30,179,47,132,75,88,48];True
1611;7823;9434;[180,172,12,22,26,178,120,3,2,130,106,117,77,112,31,29,154,157,103,44,74,188,93,164,100,0,52,61,45,55,126,35,78,128,42,57,37,121,162,146,118,10,91,1,33,124,94,196,36,182,140,92,82,23,189,81,87,85,104,20,167,193,136,144,62,95,38,139,19,194,51,149,34,127,175,123,90,67,32,72,137,25,170,65,16,125,11,113,156,71,165,184,143,8,173,18,131,110,41,59,80,147,30,134,148,195,97,58,6,43,7,191,181,68,198,142,163,158,54,60,119,187,39,107,138,14,13,197,132,89,75,4,15,135,53,183,69,159,9,105,28,155,73,99,84,70,115,152,101,161,102,86,133,76,122,116,49,46,145,56,21,108,192,40,169,129,24,66,185,179,27,151,111,96,171,141,98,114,64,79,177,47,88,5,186,199,83,153,166,174,150,160,190,109,176,50,168,17,48,63];True
1590;7845;9435;[180,172,12,22,26,178,120,3,2,130,106,117,77,112,31,29,154,157,103,44,74,188,93,164,100,0,101,61,45,55,126,35,78,128,42,57,37,121,162,146,118,10,91,1,33,124,94,196,36,182,140,92,82,23,189,81,87,85,104,20,167,193,136,144,62,95,38,139,19,194,51,149,34,127,175,123,90,67,32,72,137,25,170,65,16,125,11,113,156,71,165,184,143,8,173,18,131,110,41,59,80,147,30,134,148,195,97,58,6,43,7,191,181,68,198,142,163,158,54,60,119,187,39,107,138,14,13,197,132,89,75,4,15,135,53,183,69,159,9,105,28,155,73,99,84,70,115,152,52,161,102,86,133,76,122,116,49,46,145,56,21,108,192,40,169,129,24,66,185,179,27,151,111,96,171,141,98,114,64,79,177,47,88,5,186,199,83,153,166,174,150,160,190,109,176,50,168,17,48,63];True
1563;7872;9435;[198,155,29,187,141,119,148,7,130,107,105,146,118,178,192,183,104,50,53,162,173,18,154,120,24,197,15,135,34,159,76,134,121,10,123,90,41,22,38,14,168,17,94,125,49,153,185,127,60,57,9,28,129,8,93,46,55,165,39,166,59,36,23,12,54,151,175,83,117,44,78,171,0,52,150,140,92,100,58,79,177,95,167,61,181,65,82,5,27,133,96,157,138,45,188,87,66,126,99,86,112,40,51,106,143,160,80,71,69,190,43,128,85,164,111,195,25,37,145,139,33,13,137,81,182,109,21,73,6,56,63,31,142,115,152,102,186,196,113,89,26,176,72,74,4,97,131,158,199,62,1,189,108,84,124,174,184,161,156,147,3,169,191,11,194,180,163,170,103,91,35,42,149,32,98,114,68,116,20,67,193,16,136,144,70,19,64,101,122,172,77,2,110,30,179,47,132,75,88,48];True
1586;7849;9435;[198,155,29,187,141,119,148,7,130,107,105,146,118,178,192,183,104,50,53,162,173,18,154,120,24,197,15,135,34,159,76,134,121,10,123,90,41,22,38,14,168,17,94,60,49,153,185,127,42,57,9,28,129,8,93,46,55,165,39,166,59,36,23,12,54,151,175,83,117,44,78,171,0,52,150,140,92,100,58,79,177,25,167,61,181,65,82,5,27,133,96,157,138,45,188,87,66,126,99,86,112,40,51,106,143,160,80,71,69,190,43,128,85,164,111,195,95,37,145,139,33,13,137,81,182,109,21,73,6,56,63,31,142,115,152,102,186,196,113,89,26,176,72,74,4,97,131,158,199,62,1,189,108,84,124,174,184,161,156,147,3,169,191,11,194,180,163,170,103,91,35,125,149,32,98,114,68,116,20,67,193,16,136,144,70,19,64,101,122,172,77,2,110,30,179,47,132,75,88,48];True
2391;7045;9436;[50,21,180,178,9,37,94,118,172,12,130,117,77,112,93,184,66,157,103,105,74,188,144,174,149,195,167,61,45,138,41,49,78,128,42,57,3,121,162,126,143,160,91,1,33,124,147,196,36,46,140,17,82,23,189,81,0,85,22,26,176,193,109,190,170,95,38,139,65,20,51,142,34,198,146,4,84,67,32,72,163,25,70,19,145,125,11,113,156,71,165,169,129,8,173,18,131,110,101,59,80,100,30,134,148,2,97,58,175,151,7,191,181,68,123,6,137,158,54,52,119,187,39,107,55,14,13,111,132,89,75,182,15,135,53,183,69,159,164,90,28,155,73,99,106,136,115,152,35,161,102,86,133,76,122,116,104,31,16,56,92,108,192,40,87,194,29,154,60,177,27,43,127,96,171,141,98,114,64,79,179,47,88,5,186,199,83,153,166,24,150,10,185,62,120,197,168,44,48,63];True
2390;7046;9436;[50,21,180,178,9,37,94,118,172,12,130,117,77,112,93,184,66,157,103,105,74,188,144,174,149,195,167,61,45,138,41,49,78,128,42,57,3,121,162,126,143,160,91,1,33,124,147,196,36,46,140,17,82,23,189,81,0,85,22,26,176,193,109,190,170,95,38,139,65,20,51,142,34,198,146,4,84,67,32,72,163,25,70,19,145,125,11,113,156,71,165,169,129,8,173,18,131,110,101,59,80,100,30,134,148,2,97,58,151,175,7,191,181,68,123,6,137,158,54,52,119,187,39,107,55,14,13,111,132,89,75,182,15,135,53,183,69,159,164,90,28,155,73,99,106,136,115,152,35,161,102,86,133,76,122,116,104,31,16,56,92,108,192,40,87,194,29,154,60,177,27,43,127,96,171,141,98,114,64,79,179,47,88,5,186,199,83,153,166,24,150,10,185,62,120,197,168,44,48,63];True
1550;7889;9439;[198,155,29,187,141,119,148,7,130,107,105,146,118,178,192,183,104,50,53,162,173,18,154,120,24,197,15,135,34,159,76,134,121,10,123,90,41,22,38,14,168,17,94,125,49,153,185,127,60,57,9,28,129,8,93,46,55,165,39,166,59,36,23,12,54,151,175,83,117,44,78,171,81,52,150,140,92,100,58,79,177,95,167,61,181,65,82,5,27,133,96,157,138,45,188,87,66,126,99,86,112,40,51,106,143,160,80,71,69,190,43,128,85,164,111,195,25,37,145,139,33,13,137,158,182,109,21,73,6,56,63,31,142,115,152,102,186,113,196,89,26,176,72,74,4,97,131,0,199,62,1,189,108,84,124,174,184,161,156,147,3,169,191,11,194,180,163,170,103,91,35,42,149,32,98,114,68,116,20,67,193,16,136,144,70,19,64,101,122,172,77,2,110,30,179,47,132,75,88,48];True
1543;7899;9442;[198,155,29,187,141,119,148,7,130,107,105,146,118,178,192,183,104,50,53,162,173,18,154,120,24,197,15,135,34,159,76,134,121,10,123,90,41,22,38,14,168,17,94,42,49,153,185,127,60,57,9,28,129,8,93,46,55,165,39,166,59,36,23,12,54,151,175,83,117,44,78,171,0,52,150,140,92,100,58,79,177,95,167,61,181,65,82,5,27,133,96,157,138,45,188,87,66,126,99,86,112,40,51,106,143,160,80,71,69,190,43,128,85,164,111,195,25,37,145,139,33,13,137,81,182,109,21,73,6,56,63,31,142,115,152,102,186,113,196,89,26,176,72,74,4,97,131,158,199,62,1,189,108,84,124,174,184,161,156,147,3,169,191,11,194,180,163,170,103,91,35,125,149,32,98,114,68,116,20,67,193,16,136,144,70,19,64,101,122,172,77,2,110,30,179,47,132,75,88,48];True
1555;7887;9442;[198,155,29,187,141,119,148,7,130,107,105,146,118,178,192,183,104,50,53,162,173,18,154,120,24,197,15,135,34,159,76,134,121,10,123,90,41,22,38,14,168,17,94,125,49,153,185,127,60,57,9,28,129,8,93,46,55,165,39,166,59,36,23,12,54,151,175,83,117,44,78,171,81,52,150,140,92,100,58,79,177,95,167,61,181,65,82,5,27,133,96,157,138,45,188,87,66,126,99,86,112,40,51,106,143,160,80,71,69,190,43,128,85,164,111,195,25,37,145,139,33,13,137,158,182,109,21,73,6,56,63,31,142,115,152,102,186,196,113,89,26,176,72,74,4,97,131,0,199,62,1,189,108,84,124,174,184,161,156,147,3,169,191,11,194,180,163,170,103,91,35,42,149,32,98,114,68,116,20,67,193,16,136,144,70,19,64,101,122,172,77,2,110,30,179,47,132,75,88,48];True
1557;7885;9442;[198,155,29,187,141,119,148,7,130,107,105,146,118,178,192,183,104,17,53,162,173,18,154,120,24,197,15,135,34,159,76,134,121,10,123,90,41,22,38,14,168,50,94,125,49,153,185,127,60,57,9,28,129,8,93,46,55,165,39,166,59,36,23,12,54,151,175,83,117,44,78,171,0,52,150,140,92,100,58,79,177,95,167,61,181,65,82,5,27,133,96,157,138,45,188,87,66,126,99,86,112,40,51,106,143,160,80,71,69,190,43,128,85,164,111,195,25,37,145,139,33,13,137,81,182,109,21,73,6,56,63,31,142,115,152,102,186,113,196,89,26,176,72,74,4,97,131,158,199,62,1,189,108,84,124,174,184,161,156,147,3,169,191,11,194,180,163,170,103,91,35,42,149,32,98,114,68,116,20,67,193,16,136,144,70,19,64,101,122,172,77,2,110,30,179,47,132,75,88,48];True
2410;7033;9443;[50,21,180,178,9,37,94,118,172,12,130,117,77,112,85,87,66,157,103,105,74,188,144,174,149,195,167,61,45,138,41,49,78,128,42,57,3,121,162,126,143,160,91,1,33,124,147,196,36,46,140,17,82,23,189,81,0,93,22,26,176,193,109,190,170,95,38,139,65,20,51,142,34,198,146,4,84,67,32,72,163,25,70,19,145,173,11,113,156,71,165,184,8,16,125,18,131,110,101,59,80,100,30,134,148,2,97,58,175,151,7,191,181,68,123,6,137,158,54,52,119,187,39,107,55,14,13,111,132,89,75,129,15,135,53,183,69,159,164,90,28,155,73,99,106,136,115,152,35,161,102,86,133,76,122,116,104,31,194,56,92,108,192,40,169,182,29,154,60,177,27,43,127,96,171,141,98,114,64,79,179,47,88,5,186,199,83,153,166,24,150,10,185,62,120,197,168,44,48,63];True
1548;7897;9445;[198,155,29,187,141,119,148,7,130,107,105,146,118,178,192,183,104,50,53,162,173,18,154,120,24,197,15,135,34,159,76,134,121,10,123,90,41,22,38,14,168,17,94,42,49,153,185,127,60,57,9,28,129,8,93,46,55,165,39,166,59,36,23,12,54,151,175,83,117,44,78,171,0,52,150,140,92,100,58,79,177,95,167,61,181,65,82,5,27,133,96,157,138,45,188,87,66,126,99,86,112,40,51,106,143,160,80,71,69,190,43,128,85,164,111,195,25,37,145,139,33,13,137,81,182,109,21,73,6,56,63,31,142,115,152,102,186,196,113,89,26,176,72,74,4,97,131,158,199,62,1,189,108,84,124,174,184,161,156,147,3,169,191,11,194,180,163,170,103,91,35,125,149,32,98,114,68,116,20,67,193,16,136,144,70,19,64,101,122,172,77,2,110,30,179,47,132,75,88,48];True
1538;7910;9448;[198,155,29,187,141,119,148,7,130,107,105,146,118,178,192,183,104,50,53,162,173,18,154,120,24,197,15,135,34,159,76,134,121,10,123,90,41,22,38,14,168,17,145,42,49,153,185,127,60,57,9,28,129,8,93,46,55,165,39,166,59,36,23,12,54,151,175,83,117,44,78,171,0,52,150,140,92,100,58,79,177,95,167,61,181,65,82,5,27,133,96,157,138,45,188,87,66,126,99,86,112,40,51,106,143,160,80,71,69,190,43,128,85,164,111,195,25,37,94,139,33,13,137,81,182,109,21,73,6,56,63,31,142,115,152,102,186,113,196,89,26,176,72,74,4,97,131,158,199,62,1,189,108,84,124,174,184,161,156,147,3,169,191,11,194,180,163,170,103,91,35,125,149,32,98,114,68,116,20,67,193,16,136,144,70,19,64,101,122,172,77,2,110,30,179,47,132,75,88,48];True
2405;7044;9449;[50,21,180,178,9,37,94,118,172,12,130,117,77,112,93,184,66,157,103,105,74,188,144,174,149,195,167,61,45,138,41,49,78,128,42,134,148,121,162,126,143,160,91,1,33,124,147,196,36,46,140,17,82,23,189,81,0,85,22,26,176,193,109,190,170,95,38,139,65,20,51,142,34,198,146,4,84,67,32,72,163,25,70,19,145,125,11,113,156,71,165,87,104,31,173,18,131,110,101,59,80,100,30,57,3,2,97,58,175,151,7,191,181,68,123,6,137,158,62,52,119,187,39,107,55,14,13,111,132,89,75,129,15,135,53,183,69,159,164,90,28,155,73,99,106,136,115,152,35,161,102,86,133,76,122,116,194,8,16,56,92,108,192,40,169,182,29,154,60,177,27,43,127,96,171,141,98,114,64,79,179,47,88,5,186,199,83,153,166,24,150,10,185,54,120,197,168,44,48,63];True
1535;7914;9449;[198,155,29,187,141,119,148,7,130,107,105,146,118,178,192,183,104,50,53,162,173,18,154,120,24,197,15,135,34,159,76,134,121,10,123,90,41,22,38,14,168,17,94,42,49,153,185,127,60,57,9,28,129,8,93,46,55,165,39,166,59,36,23,12,54,151,175,83,117,44,78,171,81,52,150,140,92,100,58,79,177,95,167,61,181,65,82,5,27,133,96,157,138,45,188,87,66,126,99,86,112,40,51,106,143,160,80,71,69,190,43,128,85,164,111,195,25,37,145,139,33,13,137,158,182,109,21,73,6,56,63,31,142,115,152,102,186,113,196,89,26,176,72,74,4,97,131,0,199,62,1,189,108,84,124,174,184,161,156,147,3,169,191,11,194,180,163,170,103,91,35,125,149,32,98,114,68,116,20,67,193,16,136,144,70,19,64,101,122,172,77,2,110,30,179,47,132,75,88,48];True
1530;7925;9455;[198,155,29,187,141,119,148,7,130,107,105,146,118,178,192,183,104,50,53,162,173,18,154,120,24,197,15,135,34,159,76,134,121,10,123,90,41,22,38,14,168,17,145,42,49,153,185,127,60,57,9,28,129,8,93,46,55,165,39,166,59,36,23,12,54,151,175,83,117,44,78,171,81,52,150,140,92,100,58,79,177,95,167,61,181,65,82,5,27,133,96,157,138,45,188,87,66,126,99,86,112,40,51,106,143,160,80,71,69,190,43,128,85,164,111,195,25,37,94,139,33,13,137,158,182,109,21,73,6,56,63,31,142,115,152,102,186,113,196,89,26,176,72,74,4,97,131,0,199,62,1,189,108,84,124,174,184,161,156,147,3,169,191,11,194,180,163,170,103,91,35,125,149,32,98,114,68,116,20,67,193,16,136,144,70,19,64,101,122,172,77,2,110,30,179,47,132,75,88,48];True
1533;7924;9457;[198,155,29,187,141,119,148,7,130,107,105,146,118,178,192,183,104,50,53,162,173,18,154,120,24,197,15,135,34,159,76,134,121,10,123,90,41,22,38,14,168,17,94,42,49,153,185,127,60,57,9,28,129,8,93,46,55,165,39,166,59,36,23,12,54,151,175,83,117,44,78,171,158,52,150,140,92,100,58,79,177,95,167,61,181,65,82,5,27,133,96,157,138,45,188,87,66,126,99,86,112,40,51,106,143,160,80,71,69,190,43,128,85,164,111,195,25,37,145,139,33,13,137,81,182,109,21,73,6,56,63,31,142,115,152,102,186,113,196,89,26,176,72,74,4,97,131,0,199,62,1,189,108,84,124,174,184,161,156,147,3,169,191,11,194,180,163,170,103,91,35,125,149,32,98,114,68,116,20,67,193,16,136,144,70,19,64,101,122,172,77,2,110,30,179,47,132,75,88,48];True
1529;7931;9460;[198,155,29,187,141,119,148,7,130,107,105,146,118,178,192,183,104,50,53,162,173,18,154,120,24,197,15,135,34,159,82,134,121,10,123,90,41,22,38,14,168,17,94,125,49,153,185,127,60,57,9,28,129,8,93,46,55,165,39,166,59,36,23,12,54,151,175,83,117,44,78,171,0,52,150,140,92,100,58,79,177,95,167,61,181,65,76,5,27,133,96,157,138,45,188,87,66,126,99,86,112,40,51,106,143,160,80,71,69,190,43,128,85,164,111,195,25,37,145,139,33,13,137,81,182,109,21,73,6,56,63,31,142,115,152,102,186,113,196,89,26,176,72,74,4,97,131,158,199,62,1,189,108,84,124,174,184,161,156,147,3,169,191,11,194,180,163,170,103,91,35,42,149,32,98,114,68,116,20,67,193,16,136,144,70,19,64,101,122,172,77,2,110,30,179,47,132,75,88,48];True
1528;7935;9463;[198,155,29,187,141,119,148,7,130,107,105,146,118,178,192,183,104,50,53,162,173,18,154,120,24,197,15,135,34,159,76,134,121,10,123,90,41,22,38,14,168,17,145,42,49,153,185,127,60,57,9,28,129,8,93,46,55,165,39,166,59,36,23,12,54,151,175,83,117,44,78,171,158,52,150,140,92,100,58,79,177,95,167,61,181,65,82,5,27,133,96,157,138,45,188,87,66,126,99,86,112,40,51,106,143,160,80,71,69,190,43,128,85,164,111,195,25,37,94,139,33,13,137,81,182,109,21,73,6,56,63,31,142,115,152,102,186,113,196,89,26,176,72,74,4,97,131,0,199,62,1,189,108,84,124,174,184,161,156,147,3,169,191,11,194,180,163,170,103,91,35,125,149,32,98,114,68,116,20,67,193,16,136,144,70,19,64,101,122,172,77,2,110,30,179,47,132,75,88,48];True
1521;7946;9467;[198,155,29,187,141,119,148,7,130,107,105,146,118,178,192,183,104,50,53,162,173,18,154,120,24,197,15,135,34,159,82,134,121,10,123,90,41,22,38,14,168,17,94,125,49,153,185,127,60,57,9,28,129,8,93,46,55,165,39,166,59,36,23,12,54,151,175,83,117,44,78,171,81,52,150,140,92,100,58,79,177,95,167,61,181,65,76,5,27,133,96,157,138,45,188,87,66,126,99,86,112,40,51,106,143,160,80,71,69,190,43,128,85,164,111,195,25,37,145,139,33,13,137,158,182,109,21,73,6,56,63,31,142,115,152,102,186,113,196,89,26,176,72,74,4,97,131,0,199,62,1,189,108,84,124,174,184,161,156,147,3,169,191,11,194,180,163,170,103,91,35,42,149,32,98,114,68,116,20,67,193,16,136,144,70,19,64,101,122,172,77,2,110,30,179,47,132,75,88,48];True
1527;7941;9468;[198,155,29,187,141,119,148,7,130,107,105,146,118,178,192,183,104,50,53,162,173,18,154,120,24,197,15,135,34,159,76,134,121,10,123,90,41,22,38,14,168,17,145,42,49,153,185,127,60,57,9,28,129,8,93,46,55,165,39,166,59,36,23,12,54,151,175,83,117,44,78,171,79,52,150,140,92,100,58,158,177,95,167,61,181,65,82,5,27,133,96,157,138,45,188,87,66,126,99,86,112,40,51,106,143,160,80,71,69,190,43,128,85,164,111,195,25,37,94,139,33,13,137,81,182,109,21,73,6,56,63,31,142,115,152,102,186,113,196,89,26,176,72,74,4,97,131,0,199,62,1,189,108,84,124,174,184,161,156,147,3,169,191,11,194,180,163,170,103,91,35,125,149,32,98,114,68,116,20,67,193,16,136,144,70,19,64,101,122,172,77,2,110,30,179,47,132,75,88,48];True
2441;7029;9470;[50,21,180,178,9,37,94,118,172,12,130,117,77,112,93,144,66,157,103,105,74,188,87,174,149,195,167,61,45,138,41,49,78,128,42,57,3,121,162,126,143,160,91,1,33,124,147,196,36,46,140,17,82,23,189,81,0,85,22,26,176,193,109,190,170,95,38,139,65,20,51,142,34,198,146,4,84,67,32,72,163,25,70,19,145,173,11,113,156,71,165,184,8,16,125,18,131,110,101,59,80,100,30,134,148,2,97,58,175,151,7,191,181,68,123,6,137,158,54,52,119,187,39,107,55,14,13,111,132,89,75,129,15,135,53,183,69,159,164,90,28,155,73,99,106,136,115,152,35,161,102,86,133,76,122,116,104,31,194,56,92,108,192,40,169,182,29,154,60,177,27,43,127,96,171,141,98,114,64,79,179,47,88,5,186,199,83,153,166,24,150,10,185,62,120,197,168,44,48,63];True
1526;7944;9470;[198,155,29,187,141,119,148,7,130,107,105,146,118,178,192,183,104,50,53,162,173,18,154,120,24,197,15,135,34,159,82,134,121,10,123,90,41,22,38,14,168,17,94,125,49,153,185,127,60,57,9,28,129,8,93,46,55,165,39,166,59,36,23,12,54,151,175,83,117,44,78,171,81,52,150,140,92,100,58,79,177,95,167,61,181,65,76,5,27,133,96,157,138,45,188,87,66,126,99,86,112,40,51,106,143,160,80,71,69,190,43,128,85,164,111,195,25,37,145,139,33,13,137,158,182,109,21,73,6,56,63,31,142,115,152,102,186,196,113,89,26,176,72,74,4,97,131,0,199,62,1,189,108,84,124,174,184,161,156,147,3,169,191,11,194,180,163,170,103,91,35,42,149,32,98,114,68,116,20,67,193,16,136,144,70,19,64,101,122,172,77,2,110,30,179,47,132,75,88,48];True
1514;7956;9470;[198,155,29,187,141,119,148,7,130,107,105,146,118,178,192,183,104,50,53,162,173,18,154,120,24,197,15,135,34,159,82,134,121,10,123,90,41,22,38,14,168,17,94,42,49,153,185,127,60,57,9,28,129,8,93,46,55,165,39,166,59,36,23,12,54,151,175,83,117,44,78,171,0,52,150,140,92,100,58,79,177,95,167,61,181,65,76,5,27,133,96,157,138,45,188,87,66,126,99,86,112,40,51,106,143,160,80,71,69,190,43,128,85,164,111,195,25,37,145,139,33,13,137,81,182,109,21,73,6,56,63,31,142,115,152,102,186,113,196,89,26,176,72,74,4,97,131,158,199,62,1,189,108,84,124,174,184,161,156,147,3,169,191,11,194,180,163,170,103,91,35,125,149,32,98,114,68,116,20,67,193,16,136,144,70,19,64,101,122,172,77,2,110,30,179,47,132,75,88,48];True
1519;7954;9473;[198,155,29,187,141,119,148,7,130,107,105,146,118,178,192,183,104,50,53,162,173,18,154,120,24,197,15,135,34,159,82,134,121,10,123,90,41,22,38,14,168,17,94,42,49,153,185,127,60,57,9,28,129,8,93,46,55,165,39,166,59,36,23,12,54,151,175,83,117,44,78,171,0,52,150,140,92,100,58,79,177,95,167,61,181,65,76,5,27,133,96,157,138,45,188,87,66,126,99,86,112,40,51,106,143,160,80,71,69,190,43,128,85,164,111,195,25,37,145,139,33,13,137,81,182,109,21,73,6,56,63,31,142,115,152,102,186,196,113,89,26,176,72,74,4,97,131,158,199,62,1,189,108,84,124,174,184,161,156,147,3,169,191,11,194,180,163,170,103,91,35,125,149,32,98,114,68,116,20,67,193,16,136,144,70,19,64,101,122,172,77,2,110,30,179,47,132,75,88,48];True
1509;7967;9476;[198,155,29,187,141,119,148,7,130,107,105,146,118,178,192,183,104,50,53,162,173,18,154,120,24,197,15,135,34,159,82,134,121,10,123,90,41,22,38,14,168,17,145,42,49,153,185,127,60,57,9,28,129,8,93,46,55,165,39,166,59,36,23,12,54,151,175,83,117,44,78,171,0,52,150,140,92,100,58,79,177,95,167,61,181,65,76,5,27,133,96,157,138,45,188,87,66,126,99,86,112,40,51,106,143,160,80,71,69,190,43,128,85,164,111,195,25,37,94,139,33,13,137,81,182,109,21,73,6,56,63,31,142,115,152,102,186,113,196,89,26,176,72,74,4,97,131,158,199,62,1,189,108,84,124,174,184,161,156,147,3,169,191,11,194,180,163,170,103,91,35,125,149,32,98,114,68,116,20,67,193,16,136,144,70,19,64,101,122,172,77,2,110,30,179,47,132,75,88,48];True
1506;7971;9477;[198,155,29,187,141,119,148,7,130,107,105,146,118,178,192,183,104,50,53,162,173,18,154,120,24,197,15,135,34,159,82,134,121,10,123,90,41,22,38,14,168,17,94,42,49,153,185,127,60,57,9,28,129,8,93,46,55,165,39,166,59,36,23,12,54,151,175,83,117,44,78,171,81,52,150,140,92,100,58,79,177,95,167,61,181,65,76,5,27,133,96,157,138,45,188,87,66,126,99,86,112,40,51,106,143,160,80,71,69,190,43,128,85,164,111,195,25,37,145,139,33,13,137,158,182,109,21,73,6,56,63,31,142,115,152,102,186,113,196,89,26,176,72,74,4,97,131,0,199,62,1,189,108,84,124,174,184,161,156,147,3,169,191,11,194,180,163,170,103,91,35,125,149,32,98,114,68,116,20,67,193,16,136,144,70,19,64,101,122,172,77,2,110,30,179,47,132,75,88,48];True
2462;7021;9483;[50,21,180,178,9,37,94,118,172,12,130,117,77,112,93,87,66,157,103,105,74,188,144,174,149,195,167,61,45,138,41,49,78,128,42,57,148,121,162,126,143,160,91,1,33,124,147,196,36,46,140,17,82,23,189,81,0,85,22,26,176,193,109,190,170,95,38,139,65,20,51,142,34,198,146,4,84,67,32,72,163,25,70,19,145,173,11,113,156,71,165,184,8,16,125,18,131,110,101,59,80,100,30,134,3,2,97,58,175,151,7,191,181,68,123,6,137,158,54,52,119,187,39,107,55,14,13,111,132,89,75,129,15,135,53,183,69,159,164,90,28,155,73,99,106,136,115,152,35,161,102,86,133,76,122,116,104,31,194,56,92,108,192,40,169,182,29,154,60,177,27,43,127,96,171,141,98,114,64,79,179,47,88,5,186,199,83,153,166,24,150,10,185,62,120,197,168,44,48,63];True
1501;7982;9483;[198,155,29,187,141,119,148,7,130,107,105,146,118,178,192,183,104,50,53,162,173,18,154,120,24,197,15,135,34,159,82,134,121,10,123,90,41,22,38,14,168,17,145,42,49,153,185,127,60,57,9,28,129,8,93,46,55,165,39,166,59,36,23,12,54,151,175,83,117,44,78,171,81,52,150,140,92,100,58,79,177,95,167,61,181,65,76,5,27,133,96,157,138,45,188,87,66,126,99,86,112,40,51,106,143,160,80,71,69,190,43,128,85,164,111,195,25,37,94,139,33,13,137,158,182,109,21,73,6,56,63,31,142,115,152,102,186,113,196,89,26,176,72,74,4,97,131,0,199,62,1,189,108,84,124,174,184,161,156,147,3,169,191,11,194,180,163,170,103,91,35,125,149,32,98,114,68,116,20,67,193,16,136,144,70,19,64,101,122,172,77,2,110,30,179,47,132,75,88,48];True
1504;7981;9485;[198,155,29,187,141,119,148,7,130,107,105,146,118,178,192,183,104,50,53,162,173,18,154,120,24,197,15,135,34,159,82,134,121,10,123,90,41,22,38,14,168,17,94,42,49,153,185,127,60,57,9,28,129,8,93,46,55,165,39,166,59,36,23,12,54,151,175,83,117,44,78,171,158,52,150,140,92,100,58,79,177,95,167,61,181,65,76,5,27,133,96,157,138,45,188,87,66,126,99,86,112,40,51,106,143,160,80,71,69,190,43,128,85,164,111,195,25,37,145,139,33,13,137,81,182,109,21,73,6,56,63,31,142,115,152,102,186,113,196,89,26,176,72,74,4,97,131,0,199,62,1,189,108,84,124,174,184,161,156,147,3,169,191,11,194,180,163,170,103,91,35,125,149,32,98,114,68,116,20,67,193,16,136,144,70,19,64,101,122,172,77,2,110,30,179,47,132,75,88,48];True
2470;7015;9485;[50,21,180,178,9,37,94,118,172,12,130,117,77,112,93,87,66,157,103,105,74,188,144,174,149,195,167,61,45,138,41,49,78,128,42,57,3,121,162,126,143,160,91,1,33,124,147,196,36,46,140,17,82,23,189,81,0,85,22,26,176,193,109,190,170,95,38,139,65,20,51,142,34,194,146,4,84,67,32,72,163,25,70,19,145,173,11,113,156,71,165,184,8,16,125,18,131,110,101,59,80,100,30,134,148,2,97,58,175,151,7,191,181,68,123,6,137,158,54,52,119,187,39,107,55,14,13,111,132,89,75,129,15,135,53,183,69,159,164,90,28,155,73,99,106,136,115,152,35,161,102,86,133,76,122,116,104,31,198,56,92,108,192,40,169,182,29,154,60,177,27,43,127,96,171,141,98,114,64,79,179,47,88,5,186,199,83,153,166,24,150,10,185,62,120,197,168,44,48,63];True
1499;7992;9491;[198,155,29,187,141,119,148,7,130,107,105,146,118,178,192,183,104,50,53,162,173,18,154,120,24,197,15,135,34,159,82,134,121,10,123,90,41,22,38,14,168,17,145,42,49,153,185,127,60,57,9,28,129,8,93,46,55,165,39,166,59,36,23,12,54,151,175,83,117,44,78,171,158,52,150,140,92,100,58,79,177,95,167,61,181,65,76,5,27,133,96,157,138,45,188,87,66,126,99,86,112,40,51,106,143,160,80,71,69,190,43,128,85,164,111,195,25,37,94,139,33,13,137,81,182,109,21,73,6,56,63,31,142,115,152,102,186,113,196,89,26,176,72,74,4,97,131,0,199,62,1,189,108,84,124,174,184,161,156,147,3,169,191,11,194,180,163,170,103,91,35,125,149,32,98,114,68,116,20,67,193,16,136,144,70,19,64,101,122,172,77,2,110,30,179,47,132,75,88,48];True
2480;7012;9492;[50,21,180,178,9,37,94,118,172,12,130,117,77,112,93,87,66,157,103,105,74,188,144,174,149,195,167,61,45,138,41,49,78,128,42,57,3,121,162,126,143,160,91,1,33,124,147,196,36,46,140,17,82,23,189,81,0,85,22,26,176,193,109,190,170,95,38,139,65,20,51,142,34,198,146,4,84,67,32,72,163,25,70,19,145,173,11,113,156,71,165,184,8,16,125,18,131,110,101,59,80,100,30,134,148,2,97,58,175,151,7,191,181,68,123,6,137,158,54,52,119,187,39,107,55,14,13,111,132,89,75,129,15,135,53,183,69,159,164,90,28,155,73,99,106,136,115,152,35,161,102,86,133,76,122,116,104,31,194,56,92,108,192,40,169,182,29,154,60,177,27,43,127,96,171,141,98,114,64,79,179,47,88,5,186,199,83,153,166,24,150,10,185,62,120,197,168,44,48,63];True
2479;7013;9492;[50,21,180,178,9,37,94,118,172,12,130,117,77,112,93,87,66,157,103,105,74,188,144,174,149,195,167,61,45,138,41,49,78,128,42,57,3,121,162,126,143,160,91,1,33,124,147,196,36,46,140,17,82,23,189,81,0,85,22,26,176,193,109,190,170,95,38,139,65,20,51,142,34,198,146,4,84,67,32,72,163,25,70,19,145,173,11,113,156,71,165,184,8,16,125,18,131,110,101,59,80,100,30,134,148,2,97,58,151,175,7,191,181,68,123,6,137,158,54,52,119,187,39,107,55,14,13,111,132,89,75,129,15,135,53,183,69,159,164,90,28,155,73,99,106,136,115,152,35,161,102,86,133,76,122,116,104,31,194,56,92,108,192,40,169,182,29,154,60,177,27,43,127,96,171,141,98,114,64,79,179,47,88,5,186,199,83,153,166,24,150,10,185,62,120,197,168,44,48,63];True
1498;7998;9496;[198,155,29,187,141,119,148,7,130,107,105,146,118,178,192,183,104,50,53,162,173,18,154,120,24,197,15,135,34,159,82,134,121,10,123,90,41,22,38,14,168,17,145,42,49,153,185,127,60,57,9,28,129,8,93,46,55,165,39,166,59,36,23,12,54,151,175,83,117,44,78,171,79,52,150,140,92,100,58,158,177,95,167,61,181,65,76,5,27,133,96,157,138,45,188,87,66,126,99,86,112,40,51,106,143,160,80,71,69,190,43,128,85,164,111,195,25,37,94,139,33,13,137,81,182,109,21,73,6,56,63,31,142,115,152,102,186,113,196,89,26,176,72,74,4,97,131,0,199,62,1,189,108,84,124,174,184,161,156,147,3,169,191,11,194,180,163,170,103,91,35,125,149,32,98,114,68,116,20,67,193,16,136,144,70,19,64,101,122,172,77,2,110,30,179,47,132,75,88,48];True
2493;7011;9504;[50,21,180,178,87,37,94,118,172,12,130,117,77,112,93,9,66,157,103,105,74,188,144,174,149,195,167,61,45,138,41,49,78,128,42,57,3,121,162,126,143,160,91,1,33,124,147,196,36,46,140,17,82,23,189,81,0,85,22,26,176,193,109,190,170,95,38,139,65,20,51,142,34,198,146,4,84,67,32,72,163,25,70,19,145,173,11,113,156,71,165,184,8,16,125,18,131,110,101,59,80,100,30,134,148,2,97,58,175,151,7,191,181,68,123,6,137,158,54,52,119,187,39,107,55,14,13,111,132,89,75,129,15,135,53,183,69,159,164,90,28,155,73,99,106,136,115,152,35,161,102,86,133,76,122,116,104,31,194,56,92,108,192,40,169,182,29,154,60,177,27,43,127,96,171,141,98,114,64,79,179,47,88,5,186,199,83,153,166,24,150,10,185,62,120,197,168,44,48,63];True
1495;8010;9505;[198,155,29,187,141,119,148,128,130,107,105,146,118,178,192,183,104,50,53,162,173,18,154,120,24,197,15,135,34,159,82,134,121,10,123,90,41,22,38,14,168,17,145,42,49,153,185,127,60,57,9,28,129,8,93,46,55,165,39,166,59,36,23,12,54,151,175,83,117,44,78,171,81,52,150,140,92,100,58,79,177,95,167,61,181,65,76,5,27,133,96,157,138,45,188,87,66,126,99,86,112,40,51,106,143,160,80,71,69,190,43,7,85,164,111,195,25,37,94,139,33,13,137,158,182,109,21,73,6,56,63,31,142,115,152,102,186,113,196,89,26,176,72,74,4,97,131,0,199,62,1,189,108,84,124,174,184,161,156,147,3,169,191,11,194,180,163,170,103,91,35,125,149,32,98,114,68,116,20,67,193,16,136,144,70,19,64,101,122,172,77,2,110,30,179,47,132,75,88,48];True
1493;8020;9513;[198,155,29,187,141,119,148,128,130,107,105,146,118,178,192,183,104,50,53,162,173,18,154,120,24,197,15,135,34,159,82,134,121,10,123,90,41,22,38,14,168,17,145,42,49,153,185,127,60,57,9,28,129,8,93,46,55,165,39,166,59,36,23,12,54,151,175,83,117,44,78,171,158,52,150,140,92,100,58,79,177,95,167,61,181,65,76,5,27,133,96,157,138,45,188,87,66,126,99,86,112,40,51,106,143,160,80,71,69,190,43,7,85,164,111,195,25,37,94,139,33,13,137,81,182,109,21,73,6,56,63,31,142,115,152,102,186,113,196,89,26,176,72,74,4,97,131,0,199,62,1,189,108,84,124,174,184,161,156,147,3,169,191,11,194,180,163,170,103,91,35,125,149,32,98,114,68,116,20,67,193,16,136,144,70,19,64,101,122,172,77,2,110,30,179,47,132,75,88,48];True
2507;7010;9517;[50,21,180,178,9,37,94,118,172,12,130,117,77,112,93,87,66,157,103,105,74,188,144,174,149,195,167,61,45,138,41,49,78,128,42,57,3,121,162,126,143,160,91,1,33,124,147,196,36,46,140,17,82,23,189,81,0,85,22,26,176,193,109,190,170,95,38,139,65,20,51,142,34,198,146,4,84,67,32,72,163,25,70,19,145,5,11,113,156,71,165,184,8,16,125,18,131,110,101,59,80,100,30,134,148,2,97,58,175,151,7,191,181,68,123,6,137,158,54,52,119,187,39,107,55,14,13,111,132,89,75,129,15,135,53,183,69,159,164,90,28,155,73,99,106,136,115,152,35,161,102,86,133,76,122,116,104,31,194,56,92,108,192,40,169,182,29,154,60,177,27,43,127,96,171,141,98,114,64,79,179,47,88,173,186,199,83,153,166,24,150,10,185,62,120,197,168,44,48,63];True
2513;7005;9518;[50,21,180,178,9,37,94,118,172,12,130,117,77,112,93,87,66,157,103,105,74,188,144,174,149,195,167,61,45,138,41,49,78,128,42,57,3,121,162,126,143,160,91,1,33,124,147,196,36,46,140,17,82,23,189,81,0,85,22,26,176,193,109,190,170,95,38,139,65,20,51,53,34,198,146,4,84,67,32,72,163,25,70,19,145,173,11,113,156,71,165,184,8,16,125,18,131,110,101,59,80,100,30,134,148,2,97,58,175,151,7,191,181,68,123,6,137,158,54,52,119,187,39,107,55,14,13,111,132,89,75,129,15,135,142,183,69,159,164,90,28,155,73,99,106,136,115,152,35,161,102,86,133,76,122,116,104,31,194,56,92,108,192,40,169,182,29,154,60,177,27,43,127,96,171,141,98,114,64,79,179,47,88,5,186,199,83,153,166,24,150,10,185,62,120,197,168,44,48,63];True
1492;8026;9518;[198,155,29,187,141,119,148,128,130,107,105,146,118,178,192,183,104,50,53,162,173,18,154,120,24,197,15,135,34,159,82,134,121,10,123,90,41,22,38,14,168,17,145,42,49,153,185,127,60,57,9,28,129,8,93,46,55,165,39,166,59,36,23,12,54,151,175,83,117,44,78,171,79,52,150,140,92,100,58,158,177,95,167,61,181,65,76,5,27,133,96,157,138,45,188,87,66,126,99,86,112,40,51,106,143,160,80,71,69,190,43,7,85,164,111,195,25,37,94,139,33,13,137,81,182,109,21,73,6,56,63,31,142,115,152,102,186,113,196,89,26,176,72,74,4,97,131,0,199,62,1,189,108,84,124,174,184,161,156,147,3,169,191,11,194,180,163,170,103,91,35,125,149,32,98,114,68,116,20,67,193,16,136,144,70,19,64,101,122,172,77,2,110,30,179,47,132,75,88,48];True
1491;8038;9529;[198,155,29,187,141,119,148,7,130,107,105,146,118,178,192,183,104,50,53,162,173,18,154,120,24,197,15,135,34,159,82,134,121,10,123,90,41,22,38,85,168,17,145,42,49,153,185,127,60,57,9,28,129,8,93,46,55,165,39,166,59,36,23,12,54,151,175,83,117,44,78,171,79,52,150,140,92,100,58,158,177,95,167,61,181,65,76,5,27,133,96,157,138,45,188,87,66,126,99,86,112,40,51,106,143,160,80,71,69,190,43,128,14,164,111,195,25,37,94,139,33,13,137,81,182,109,21,73,6,56,63,31,142,115,152,102,186,113,196,89,26,176,72,74,4,97,131,0,199,62,1,189,108,84,124,174,184,161,156,147,3,169,191,11,194,180,163,170,103,91,35,125,149,32,98,114,68,116,20,67,193,16,136,144,70,19,64,101,122,172,77,2,110,30,179,47,132,75,88,48];True
2551;7004;9555;[50,21,180,178,9,37,94,118,172,12,130,117,77,112,93,87,66,157,103,105,74,188,144,174,149,195,167,61,45,138,41,49,78,128,42,57,3,121,162,126,143,160,91,1,33,124,147,196,36,46,140,17,82,23,189,187,0,85,22,26,176,193,109,190,170,95,38,139,65,20,51,142,34,198,146,4,84,67,32,72,163,25,70,19,145,173,11,113,156,71,165,184,8,16,125,18,131,110,101,59,80,100,30,134,148,2,97,58,175,151,7,191,181,68,123,6,137,158,54,52,119,81,39,107,55,14,13,111,132,89,75,129,15,135,53,183,69,159,164,90,28,155,73,99,106,136,115,152,35,161,102,86,133,76,122,116,104,31,194,56,92,108,192,40,169,182,29,154,60,177,27,43,127,96,171,141,98,114,64,79,179,47,88,5,186,199,83,153,166,24,150,10,185,62,120,197,168,44,48,63];True
1490;8066;9556;[198,155,29,187,141,119,148,7,130,107,105,146,118,178,192,183,104,50,53,162,173,18,154,120,24,197,15,135,34,159,82,134,121,10,123,90,41,22,38,14,168,17,145,42,49,153,185,127,60,57,9,28,129,8,93,46,55,165,39,166,59,36,23,12,54,151,175,83,117,44,78,171,144,52,150,140,92,100,58,158,177,95,167,61,181,65,76,5,27,133,96,157,138,45,188,87,66,126,99,86,112,40,51,106,143,160,80,71,69,190,43,128,85,164,111,195,25,37,94,139,33,13,137,81,182,109,21,73,6,56,63,31,142,115,152,102,186,113,196,89,26,176,72,74,4,97,131,0,199,62,1,189,108,84,124,174,184,161,156,147,3,169,191,11,194,180,163,170,103,91,35,125,149,32,98,114,68,116,20,67,193,16,136,79,70,19,64,101,122,172,77,2,110,30,179,47,132,75,88,48];True
2553;7003;9556;[31,198,146,190,109,147,6,193,172,12,130,22,195,112,93,118,66,157,103,105,74,188,87,37,174,149,167,61,45,138,178,9,78,128,42,57,3,121,162,126,143,160,91,1,33,124,94,196,36,44,140,92,82,23,189,81,0,85,19,26,176,46,144,49,170,95,38,139,65,20,51,50,34,194,180,4,84,67,32,72,163,25,70,41,142,117,77,113,156,71,165,2,184,8,173,18,131,110,101,59,80,100,30,134,148,11,97,58,175,151,7,191,181,68,123,16,137,158,54,52,119,187,39,107,55,14,13,111,132,89,75,129,15,135,53,183,69,159,164,90,28,155,73,99,106,136,115,152,35,161,102,86,133,76,122,116,104,125,145,56,21,108,192,40,169,182,29,154,60,177,27,43,127,96,171,141,98,114,64,79,179,47,88,5,186,199,83,153,166,24,150,10,185,62,120,197,168,17,48,63];True
2559;6999;9558;[50,21,180,178,9,37,94,118,172,12,130,117,77,112,93,87,66,157,103,105,74,188,144,174,149,195,167,61,45,138,41,49,78,128,42,57,3,121,162,126,143,160,91,1,33,124,147,196,36,46,140,17,82,23,189,81,0,85,22,26,176,193,109,190,170,95,38,139,65,20,51,142,34,198,146,4,84,67,32,72,163,25,70,19,145,173,11,113,156,71,165,184,8,16,125,18,131,110,101,59,80,100,30,134,148,2,97,58,175,151,7,191,181,68,123,6,137,158,54,52,119,154,39,107,55,14,13,111,132,89,75,129,15,135,53,183,69,159,164,90,28,155,73,99,106,136,115,152,35,161,102,86,133,76,122,116,104,31,194,56,92,108,192,40,169,182,29,187,60,177,27,43,127,96,171,141,98,114,64,79,179,47,88,5,186,199,83,153,166,24,150,10,185,62,120,197,168,44,48,63];True
2564;6996;9560;[34,198,146,190,109,118,6,193,172,12,130,22,195,112,93,147,66,157,103,105,74,188,87,37,174,149,167,61,45,138,178,9,78,128,42,57,3,121,162,126,143,160,91,1,33,124,94,196,36,44,140,92,82,23,189,81,0,85,19,26,176,46,144,49,170,95,38,139,65,20,51,50,31,194,180,4,84,67,32,72,163,25,70,41,142,117,77,113,156,71,165,2,184,8,173,18,131,110,101,59,80,100,30,134,148,11,97,58,175,151,7,191,181,68,123,16,137,158,54,52,119,187,39,107,55,14,13,111,132,89,75,129,15,135,53,183,69,159,164,90,28,155,73,99,106,136,115,152,35,161,102,86,133,76,122,116,104,125,145,56,21,108,192,40,169,182,29,154,60,177,27,43,127,96,171,141,98,114,64,79,179,47,88,5,186,199,83,153,166,24,150,10,185,62,120,197,168,17,48,63];True
2569;6994;9563;[50,21,180,178,9,37,94,118,172,12,130,117,77,112,93,87,66,157,103,105,74,188,144,174,149,195,167,61,45,138,41,49,78,128,42,57,3,121,162,126,143,160,91,1,33,124,147,196,36,46,140,17,82,23,189,81,0,85,22,26,176,193,109,190,191,95,38,139,65,20,51,142,34,198,146,4,84,67,32,72,163,25,70,19,145,173,11,113,156,71,165,184,8,16,125,18,131,110,101,59,80,100,30,134,148,2,97,58,175,151,7,170,181,68,123,6,137,158,54,52,119,187,39,107,55,14,13,111,132,89,75,129,15,135,53,183,69,159,164,90,28,155,73,99,106,136,115,152,35,161,102,86,133,76,122,116,104,31,194,56,92,108,192,40,169,182,29,154,60,177,27,43,127,96,171,141,98,114,64,79,179,47,88,5,186,199,83,153,166,24,150,10,185,62,120,197,168,44,48,63];True
2574;6991;9565;[50,21,180,178,9,37,94,118,172,12,130,117,77,112,93,87,66,157,103,105,74,188,144,174,149,195,167,61,45,138,41,49,78,128,42,57,3,121,162,126,143,160,91,1,33,124,147,196,36,46,140,17,82,23,189,81,0,85,22,26,176,193,109,190,170,95,38,139,65,20,51,142,34,198,146,4,84,67,32,72,163,25,70,19,145,173,11,113,156,71,165,184,8,16,125,18,131,110,101,59,80,100,30,134,148,2,97,58,175,151,7,191,181,68,123,6,137,158,62,52,119,187,39,107,55,14,13,111,132,89,75,129,15,135,53,183,69,159,164,90,28,155,73,99,106,136,115,152,35,161,102,86,133,76,122,116,104,31,194,56,92,108,192,40,169,182,29,154,60,177,27,43,127,96,171,141,98,114,64,79,179,47,88,5,186,199,83,153,166,24,150,10,185,54,120,197,168,44,48,63];True
1489;8087;9576;[198,155,29,187,141,119,148,128,130,107,105,146,118,178,192,183,104,50,53,162,173,18,154,120,24,197,15,135,34,159,82,134,121,10,123,90,41,22,38,14,168,17,145,42,49,153,185,127,60,57,9,28,129,8,93,46,55,165,39,166,59,36,23,12,54,151,175,83,117,44,78,171,79,52,150,140,92,100,58,158,177,95,167,61,181,65,76,5,27,133,96,157,138,45,188,87,66,126,99,86,112,40,51,106,143,160,80,71,69,190,43,7,85,164,111,195,25,37,94,139,33,13,137,81,182,109,21,73,6,56,184,31,142,115,152,102,186,113,196,89,26,176,72,74,4,97,131,0,199,62,1,189,108,84,124,174,63,161,156,147,3,169,191,11,194,180,163,170,103,91,35,125,149,32,98,114,68,116,20,67,193,16,136,144,70,19,64,101,122,172,77,2,110,30,179,47,132,75,88,48];True
1484;8094;9578;[198,155,29,187,141,119,148,128,130,107,105,146,118,178,192,183,104,50,53,162,173,18,154,120,24,197,15,135,34,159,82,134,121,10,123,90,41,22,38,14,168,17,145,42,49,153,185,127,60,57,9,28,129,8,93,46,55,165,39,166,59,36,23,12,54,151,175,83,117,44,78,171,144,52,150,140,92,100,58,158,177,95,167,61,181,65,76,5,27,133,96,157,138,45,188,87,66,126,99,86,112,40,51,106,143,160,80,71,69,190,43,7,85,164,111,195,25,37,94,139,33,13,137,81,182,109,21,73,6,56,63,31,142,115,152,102,186,113,196,89,26,176,72,74,4,97,131,0,199,62,1,189,108,84,124,174,184,161,156,147,3,169,191,11,194,180,163,170,103,91,35,125,149,32,98,114,68,116,20,67,193,16,136,79,70,19,64,101,122,172,77,2,110,30,179,47,132,75,88,48];True
2592;6986;9578;[34,198,146,190,109,147,6,193,172,12,130,22,195,112,93,118,66,157,103,105,74,188,87,37,174,149,167,61,45,138,178,9,78,128,42,57,3,121,162,126,143,160,91,1,33,124,94,196,36,44,140,92,82,23,189,81,0,85,19,26,176,46,144,49,170,95,38,139,65,20,51,50,16,194,180,4,84,67,32,72,163,25,70,41,142,117,77,113,156,71,165,2,184,8,173,18,131,110,101,59,80,100,30,134,148,11,97,58,175,151,7,191,181,68,123,31,137,158,54,52,119,187,39,107,55,14,13,111,132,89,75,129,15,135,53,183,69,159,164,90,28,155,73,99,106,136,115,152,35,161,102,86,133,76,122,116,104,125,145,56,21,108,192,40,169,182,29,154,60,177,27,43,127,96,171,141,98,114,64,79,179,47,88,5,186,199,83,153,166,24,150,10,185,62,120,197,168,17,48,63];True
2601;6985;9586;[34,198,146,190,109,147,6,193,172,12,130,22,195,112,93,118,66,157,103,105,74,188,87,37,174,149,167,61,45,138,178,9,78,128,42,57,3,121,162,126,143,160,91,1,33,124,94,196,36,44,140,92,82,23,189,81,0,85,19,26,176,46,144,49,170,95,38,139,65,20,51,50,31,194,180,4,84,67,32,72,163,25,70,41,142,117,77,113,156,71,165,2,184,8,173,18,131,110,101,59,80,100,30,134,148,11,97,58,175,151,7,191,181,68,123,16,137,158,54,52,119,187,39,107,55,14,13,111,132,89,75,129,15,135,53,183,69,159,164,90,28,155,73,99,106,136,115,152,35,161,102,86,133,76,122,116,104,125,145,56,21,108,192,40,169,182,29,154,60,177,27,43,127,96,171,141,98,114,64,79,179,47,88,5,186,199,83,153,166,24,150,10,185,62,120,197,168,17,48,63];True
1483;8106;9589;[198,155,29,187,141,119,148,7,130,107,105,146,118,178,192,183,104,50,53,162,173,18,154,120,24,197,15,135,34,159,82,134,121,10,123,90,41,22,38,85,168,17,145,42,49,153,185,127,60,57,9,28,129,8,93,46,55,165,39,166,59,36,23,12,54,151,175,83,117,44,78,171,144,52,150,140,92,100,58,158,177,95,167,61,181,65,76,5,27,133,96,157,138,45,188,87,66,126,99,86,112,40,51,106,143,160,80,71,69,190,43,128,14,164,111,195,25,37,94,139,33,13,137,81,182,109,21,73,6,56,63,31,142,115,152,102,186,113,196,89,26,176,72,74,4,97,131,0,199,62,1,189,108,84,124,174,184,161,156,147,3,169,191,11,194,180,163,170,103,91,35,125,149,32,98,114,68,116,20,67,193,16,136,79,70,19,64,101,122,172,77,2,110,30,179,47,132,75,88,48];True
2619;6983;9602;[34,198,146,190,109,147,6,193,172,12,130,22,195,112,93,118,66,157,103,105,74,188,87,37,174,149,167,61,45,138,178,9,78,128,42,57,3,121,162,126,143,160,91,1,33,124,94,196,36,44,140,92,82,23,189,81,0,85,19,26,176,46,144,49,170,95,38,139,65,20,51,50,31,194,180,4,84,67,32,72,163,25,70,41,142,117,77,113,156,71,165,2,184,8,173,18,137,110,101,59,80,100,30,134,148,11,97,58,175,151,7,191,181,68,123,16,131,158,54,52,119,187,39,107,55,14,13,111,132,89,75,129,15,135,53,183,69,159,164,90,28,155,73,99,106,136,115,152,35,161,102,86,133,76,122,116,104,125,145,56,21,108,192,40,169,182,29,154,60,177,27,43,127,96,171,141,98,114,64,79,179,47,88,5,186,199,83,153,166,24,150,10,185,62,120,197,168,17,48,63];True
2638;6977;9615;[34,198,146,190,109,147,6,193,172,12,130,22,195,112,93,118,66,157,103,105,74,188,87,37,174,149,167,61,45,138,178,9,78,128,42,57,3,121,162,126,143,160,91,1,33,124,94,196,36,44,140,92,82,23,189,81,0,85,19,26,176,46,144,49,170,95,38,139,65,20,51,50,31,194,180,4,84,67,32,72,163,25,70,41,142,117,77,113,156,71,165,2,184,8,173,18,131,110,101,59,80,100,30,134,119,11,97,58,175,151,7,191,181,68,123,16,137,158,54,52,148,187,39,107,55,14,13,111,132,89,75,129,15,135,53,183,69,159,164,90,28,155,73,99,106,136,115,152,35,161,102,86,133,76,122,116,104,125,145,56,21,108,192,40,169,182,29,154,60,177,27,43,127,96,171,141,98,114,64,79,179,47,88,5,186,199,83,153,166,24,150,10,185,62,120,197,168,17,48,63];True
2657;6976;9633;[34,198,146,190,109,147,6,193,172,12,130,22,195,112,93,118,66,157,103,105,74,188,87,37,174,149,167,61,45,138,178,144,78,128,42,57,3,121,162,126,143,160,91,1,33,124,94,196,36,44,140,92,82,23,189,81,0,85,19,26,176,46,9,49,170,95,38,139,65,20,51,50,16,194,180,4,84,67,32,72,163,25,70,41,142,117,77,113,156,71,165,2,184,8,173,18,131,110,101,59,80,100,30,134,119,11,97,58,175,151,7,191,181,68,123,31,137,158,54,52,148,187,39,107,55,14,13,111,132,89,75,129,15,135,53,183,69,159,164,90,28,155,73,99,106,136,115,152,35,161,102,86,133,76,122,116,104,125,145,56,21,108,192,40,169,182,29,154,60,177,27,43,127,96,171,141,98,114,64,79,179,47,88,5,186,199,83,153,166,24,150,10,185,62,120,197,168,17,48,63];True
2666;6975;9641;[34,198,146,190,109,147,6,193,172,12,130,22,195,112,93,118,66,157,103,105,74,188,87,37,174,149,167,61,45,138,178,144,78,128,42,57,3,121,162,126,143,160,91,1,33,124,94,196,36,44,140,92,82,23,189,81,0,85,19,26,176,46,9,49,170,95,38,139,65,20,51,50,31,194,180,4,84,67,32,72,163,25,70,41,142,117,77,113,156,71,165,2,184,8,173,18,131,110,101,59,80,100,30,134,119,11,97,58,175,151,7,191,181,68,123,16,137,158,54,52,148,187,39,107,55,14,13,111,132,89,75,129,15,135,53,183,69,159,164,90,28,155,73,99,106,136,115,152,35,161,102,86,133,76,122,116,104,125,145,56,21,108,192,40,169,182,29,154,60,177,27,43,127,96,171,141,98,114,64,79,179,47,88,5,186,199,83,153,166,24,150,10,185,62,120,197,168,17,48,63];True
2671;6973;9644;[34,198,146,190,109,147,6,193,172,12,130,22,195,112,93,118,66,157,103,105,74,188,87,37,174,149,167,61,45,138,178,9,78,128,42,57,3,121,162,126,143,160,91,1,33,124,94,196,36,44,140,17,82,23,189,81,0,85,19,26,176,46,144,49,170,95,38,139,65,20,51,50,31,194,180,4,84,67,32,72,163,25,70,41,142,117,77,113,156,71,165,2,184,8,173,18,131,110,101,59,80,100,30,134,148,11,97,58,175,151,7,191,181,68,123,16,137,158,54,52,119,187,39,107,55,14,13,111,132,89,75,129,15,135,53,183,69,159,164,90,28,155,73,99,106,136,115,152,35,161,102,86,133,76,122,116,104,125,145,56,21,108,192,40,169,182,29,154,60,177,27,43,127,96,171,141,98,114,64,79,179,47,88,5,186,199,83,153,166,24,150,10,185,62,120,197,168,92,48,63];True
2680;6972;9652;[34,198,146,190,109,147,6,193,172,12,130,22,195,112,93,118,66,157,103,105,74,188,87,37,174,149,167,61,45,138,178,9,78,128,42,57,3,121,162,126,143,160,91,1,33,124,94,196,36,104,140,92,82,23,189,81,0,85,19,26,176,46,144,49,170,95,38,139,65,20,51,50,31,194,180,4,84,67,32,72,163,25,70,41,142,117,77,113,156,71,165,2,184,8,173,18,131,110,101,59,80,100,30,134,148,11,97,58,175,151,7,191,181,68,123,16,137,158,54,52,119,187,39,107,55,14,13,111,132,89,75,129,15,135,53,183,69,159,164,90,28,155,73,99,106,136,115,152,35,161,102,86,133,76,122,116,44,125,145,56,21,108,192,40,169,182,29,154,60,177,27,43,127,96,171,141,98,114,64,79,179,47,88,5,186,199,83,153,166,24,150,10,185,62,120,197,168,17,48,63];True
2695;6964;9659;[34,198,146,190,109,147,6,193,172,12,130,22,195,112,93,118,66,157,103,105,74,188,87,37,174,149,167,61,45,138,178,9,78,128,42,57,3,121,162,126,143,160,91,1,33,124,94,196,36,44,140,92,82,23,189,81,0,85,19,26,176,46,144,49,170,95,38,139,65,20,51,50,31,194,180,4,84,67,32,72,163,25,70,41,142,117,77,113,156,71,165,2,184,8,173,18,131,110,101,59,80,100,30,134,148,11,97,58,175,151,7,191,181,68,123,16,137,158,62,52,119,187,39,107,55,14,13,111,132,89,75,129,15,135,53,183,69,159,164,90,28,155,73,99,106,136,115,152,35,161,102,86,133,76,122,116,104,125,145,56,21,108,192,40,169,182,29,154,60,177,27,43,127,96,171,141,98,114,64,79,179,47,88,5,186,199,83,153,166,24,150,10,185,54,120,197,168,17,48,63];True
2714;6963;9677;[34,198,146,190,109,147,6,193,172,12,130,22,195,112,93,118,66,157,103,105,74,188,87,37,174,149,167,61,45,138,178,144,78,128,42,57,3,121,162,126,143,160,91,1,33,124,94,196,36,44,140,92,82,23,189,81,0,85,19,26,176,46,9,49,170,95,38,139,65,20,51,50,16,194,180,4,84,67,32,72,163,25,70,41,142,117,77,113,156,71,165,2,184,8,173,18,131,110,101,59,80,100,30,134,148,11,97,58,175,151,7,191,181,68,123,31,137,158,62,52,119,187,39,107,55,14,13,111,132,89,75,129,15,135,53,183,69,159,164,90,28,155,73,99,106,136,115,152,35,161,102,86,133,76,122,116,104,125,145,56,21,108,192,40,169,182,29,154,60,177,27,43,127,96,171,141,98,114,64,79,179,47,88,5,186,199,83,153,166,24,150,10,185,54,120,197,168,17,48,63];True
2723;6962;9685;[34,198,146,190,109,147,6,193,172,12,130,22,195,112,93,118,66,157,103,105,74,188,87,37,174,149,167,61,45,138,178,144,78,128,42,57,3,121,162,126,143,160,91,1,33,124,94,196,36,44,140,92,82,23,189,81,0,85,19,26,176,46,9,49,170,95,38,139,65,20,51,50,31,194,180,4,84,67,32,72,163,25,70,41,142,117,77,113,156,71,165,2,184,8,173,18,131,110,101,59,80,100,30,134,148,11,97,58,175,151,7,191,181,68,123,16,137,158,62,52,119,187,39,107,55,14,13,111,132,89,75,129,15,135,53,183,69,159,164,90,28,155,73,99,106,136,115,152,35,161,102,86,133,76,122,116,104,125,145,56,21,108,192,40,169,182,29,154,60,177,27,43,127,96,171,141,98,114,64,79,179,47,88,5,186,199,83,153,166,24,150,10,185,54,120,197,168,17,48,63];True
2741;6960;9701;[34,198,146,190,109,147,6,193,172,12,130,22,195,112,93,118,66,157,103,105,74,188,87,37,174,149,167,61,45,138,178,144,78,128,42,57,3,121,162,126,143,160,91,1,33,124,94,196,36,44,140,92,82,23,189,81,0,85,19,26,176,46,9,49,170,95,38,139,65,20,51,50,31,194,180,4,84,67,32,72,163,25,70,41,142,117,77,113,156,71,165,2,184,8,173,18,137,110,101,59,80,100,30,134,148,11,97,58,175,151,7,191,181,68,123,16,131,158,62,52,119,187,39,107,55,14,13,111,132,89,75,129,15,135,53,183,69,159,164,90,28,155,73,99,106,136,115,152,35,161,102,86,133,76,122,116,104,125,145,56,21,108,192,40,169,182,29,154,60,177,27,43,127,96,171,141,98,114,64,79,179,47,88,5,186,199,83,153,166,24,150,10,185,54,120,197,168,17,48,63];True
2760;6954;9714;[34,198,146,190,109,147,6,193,172,12,130,22,195,112,93,118,66,157,103,105,74,188,87,37,174,149,167,61,45,138,178,144,78,128,42,57,3,121,162,126,143,160,91,1,33,124,94,196,36,44,140,92,82,23,189,81,0,85,19,26,176,46,9,49,170,95,38,139,65,20,51,50,31,194,180,4,84,67,32,72,163,25,70,41,142,117,77,113,156,71,165,2,184,8,173,18,131,110,101,59,80,100,30,134,119,11,97,58,175,151,7,191,181,68,123,16,137,158,62,52,148,187,39,107,55,14,13,111,132,89,75,129,15,135,53,183,69,159,164,90,28,155,73,99,106,136,115,152,35,161,102,86,133,76,122,116,104,125,145,56,21,108,192,40,169,182,29,154,60,177,27,43,127,96,171,141,98,114,64,79,179,47,88,5,186,199,83,153,166,24,150,10,185,54,120,197,168,17,48,63];True
2793;6950;9743;[34,198,146,190,109,147,6,193,172,12,130,22,195,112,93,118,66,157,103,105,74,188,87,37,174,149,167,61,45,138,178,144,78,128,42,57,3,121,162,126,143,160,91,1,33,124,94,196,36,44,140,17,82,23,189,81,0,85,19,26,176,46,9,49,170,95,38,139,65,20,51,50,31,194,180,4,84,67,32,72,163,25,70,41,142,117,77,113,156,71,165,2,184,8,173,18,131,110,101,59,80,100,30,134,148,11,97,58,175,151,7,191,181,68,123,16,137,158,62,52,119,187,39,107,55,14,13,111,132,89,75,129,15,135,53,183,69,159,164,90,28,155,73,99,106,136,115,152,35,161,102,86,133,76,122,116,104,125,145,56,21,108,192,40,169,182,29,154,60,177,27,43,127,96,171,141,98,114,64,79,179,47,88,5,186,199,83,153,166,24,150,10,185,54,120,197,168,92,48,63];True
2802;6949;9751;[34,198,146,190,109,147,6,193,172,12,130,22,195,112,93,118,66,157,103,105,74,188,87,37,174,149,167,61,45,138,178,144,78,128,42,57,3,121,162,126,143,160,91,1,33,124,94,196,36,104,140,92,82,23,189,81,0,85,19,26,176,46,9,49,170,95,38,139,65,20,51,50,31,194,180,4,84,67,32,72,163,25,70,41,142,117,77,113,156,71,165,2,184,8,173,18,131,110,101,59,80,100,30,134,148,11,97,58,175,151,7,191,181,68,123,16,137,158,62,52,119,187,39,107,55,14,13,111,132,89,75,129,15,135,53,183,69,159,164,90,28,155,73,99,106,136,115,152,35,161,102,86,133,76,122,116,44,125,145,56,21,108,192,40,169,182,29,154,60,177,27,43,127,96,171,141,98,114,64,79,179,47,88,5,186,199,83,153,166,24,150,10,185,54,120,197,168,17,48,63];True
2809;6944;9753;[34,198,146,190,109,147,6,193,172,12,130,22,195,112,93,118,66,157,103,105,74,188,87,37,174,149,167,61,45,138,178,144,78,128,42,57,3,121,162,126,143,160,91,1,33,124,94,196,36,44,140,92,82,23,189,81,0,85,19,26,176,46,9,49,170,95,38,139,65,20,51,50,31,194,180,4,84,67,32,72,163,25,70,41,142,117,77,113,156,71,165,2,184,8,173,18,131,110,101,59,80,100,30,134,148,11,97,58,175,151,7,191,181,68,123,16,137,158,62,52,119,185,39,107,55,14,13,111,132,89,75,129,15,135,53,183,69,159,164,90,28,155,73,99,106,136,115,152,35,161,102,86,133,76,122,116,104,125,145,56,21,108,192,40,169,182,29,154,60,177,27,43,127,96,171,141,98,114,64,79,179,47,88,5,186,199,83,153,166,24,150,10,187,54,120,197,168,17,48,63];True
2884;6941;9825;[34,198,146,190,109,147,6,193,172,12,130,22,195,112,93,118,66,157,103,105,74,188,87,37,174,149,167,61,45,138,41,49,78,128,42,57,3,121,162,126,143,160,91,1,33,124,94,196,89,104,140,92,82,23,189,81,0,85,19,26,176,46,9,144,170,95,38,139,65,20,51,50,31,194,180,4,84,67,32,72,163,25,70,178,142,117,77,113,156,71,165,2,184,8,173,18,131,110,101,59,80,100,30,134,119,11,97,58,175,151,7,191,181,68,123,16,137,158,62,52,148,187,39,107,55,14,13,111,132,36,75,129,15,135,53,183,69,159,164,90,28,155,73,99,106,136,115,152,35,161,102,86,133,76,122,116,44,125,145,56,21,108,192,40,169,182,29,154,60,177,27,43,127,96,171,141,98,114,64,79,179,47,88,5,186,199,83,153,166,24,150,10,185,54,120,197,168,17,48,63];True
2897;6940;9837;[34,198,146,190,109,147,6,193,172,12,130,22,195,112,93,118,66,157,103,105,74,188,87,37,174,149,167,61,45,138,178,49,78,128,42,57,3,121,162,126,143,160,91,1,33,124,94,196,36,104,140,92,82,23,189,81,0,85,19,26,176,46,9,144,170,95,38,139,65,20,51,50,31,194,180,4,84,67,32,72,163,25,70,41,142,117,77,113,156,71,165,2,184,8,173,18,131,110,101,59,80,100,30,134,148,11,97,58,175,151,7,191,181,68,123,16,137,158,62,52,119,185,39,107,55,14,13,111,132,89,75,129,15,135,53,183,69,159,164,90,28,155,73,99,106,136,115,152,35,161,102,86,133,76,122,116,44,125,145,56,21,108,192,40,169,182,29,154,60,177,27,43,127,96,171,141,98,114,64,79,179,47,88,5,186,199,83,153,166,24,150,10,187,54,120,197,168,17,48,63];True
2933;6931;9864;[34,198,146,190,109,147,6,193,172,12,130,22,195,112,93,118,66,157,103,105,74,188,87,37,174,149,167,61,45,138,41,49,78,128,42,57,3,121,162,126,143,160,91,1,33,124,94,196,89,104,140,92,82,23,189,81,0,85,19,26,176,46,9,144,170,95,38,139,65,20,51,50,31,194,180,4,84,67,32,72,163,25,70,178,142,117,77,113,156,71,165,2,184,8,173,18,131,110,101,59,80,100,30,134,148,11,97,58,175,151,7,191,181,68,123,16,137,158,62,52,119,185,39,107,55,14,13,111,132,36,75,129,15,135,53,183,69,159,164,90,28,155,73,99,106,136,115,152,35,161,102,86,133,76,122,116,44,125,145,56,21,108,192,40,169,182,29,154,60,177,27,43,127,96,171,141,98,114,64,79,179,47,88,5,186,199,83,153,166,24,150,10,187,54,120,197,168,17,48,63];True
2989;6928;9917;[34,198,146,190,109,147,6,193,172,132,130,22,195,112,93,118,66,157,103,105,74,188,87,37,174,149,167,61,45,138,41,49,78,128,42,57,3,121,162,126,143,160,91,1,33,124,94,196,36,104,140,92,82,23,189,81,0,85,19,26,176,46,9,144,170,95,38,139,65,20,51,50,31,194,180,4,84,67,32,72,163,25,70,178,142,117,77,113,156,71,165,2,184,8,173,18,131,110,101,59,80,100,30,134,148,11,97,58,175,151,7,191,181,68,123,16,137,158,62,52,119,185,39,107,55,14,13,111,12,89,75,129,15,135,53,183,69,159,164,90,28,155,73,99,106,136,115,152,35,161,102,86,133,76,122,116,44,125,145,56,21,108,192,40,169,182,29,154,60,177,27,43,127,96,171,141,98,114,64,79,179,47,88,5,186,199,83,153,166,24,150,10,187,54,120,197,168,17,48,63];True
3015;6926;9941;[34,198,146,190,109,147,6,193,172,12,36,22,195,112,93,118,66,157,103,105,74,188,87,37,174,149,167,61,45,138,41,49,78,128,42,57,3,121,162,126,143,160,91,1,33,124,94,196,130,104,140,92,82,23,189,81,0,85,19,26,176,46,9,144,170,95,38,139,65,20,51,50,31,194,180,4,84,67,32,72,163,25,70,178,142,117,77,113,156,71,165,2,184,8,173,18,131,110,101,59,80,100,30,134,148,11,97,58,175,151,7,191,181,68,123,16,137,158,62,52,119,185,39,107,55,14,13,111,132,89,75,129,15,135,53,183,69,159,164,90,28,155,73,99,106,136,115,152,35,161,102,86,133,76,122,116,44,125,145,56,21,108,192,40,169,182,29,154,60,177,27,43,127,96,171,141,98,114,64,79,179,47,88,5,186,199,83,153,166,24,150,10,187,54,120,197,168,17,48,63];True
1473;8477;9950;[92,49,102,122,114,3,2,129,72,105,99,73,140,178,192,10,123,17,8,94,173,18,25,120,24,197,15,9,150,143,67,75,147,65,31,142,130,22,38,21,135,14,60,151,7,153,187,127,39,107,85,76,50,53,106,131,30,134,137,86,181,82,23,12,54,158,121,168,117,98,78,110,81,52,93,118,183,83,26,79,185,148,167,61,59,36,46,5,41,133,96,157,138,45,188,87,66,126,198,159,174,1,51,124,154,156,160,71,69,190,43,128,101,164,111,88,40,37,145,139,33,13,172,195,182,109,141,35,6,56,189,194,115,171,97,57,186,113,196,89,162,146,28,74,4,91,100,0,199,62,44,34,108,20,55,155,184,161,80,58,177,169,191,11,104,180,163,170,95,29,90,125,149,32,68,63,27,116,175,165,193,16,136,144,70,19,64,103,152,84,77,112,179,176,42,47,132,166,119,48];True
3031;6919;9950;[34,198,146,190,109,147,6,193,172,12,130,22,195,112,93,118,66,157,103,105,74,188,87,37,174,149,167,61,45,138,41,49,78,128,42,57,3,121,162,126,143,160,91,1,33,124,94,196,116,44,140,92,82,23,189,81,0,85,19,26,176,46,9,144,170,95,38,139,65,20,51,50,31,194,180,4,84,67,32,72,163,25,70,178,142,117,77,113,156,71,165,2,184,8,173,18,131,110,101,59,80,100,30,134,148,11,97,58,175,151,7,191,181,68,123,16,137,158,62,52,119,185,39,107,55,14,13,111,132,89,75,129,15,135,53,183,69,159,164,90,28,155,73,99,106,136,115,152,35,161,102,86,133,76,122,88,104,125,145,56,21,108,192,40,169,182,29,154,60,177,27,43,127,96,171,141,98,114,64,79,179,47,36,5,186,199,83,153,166,24,150,10,187,54,120,197,168,17,48,63];True
1451;8500;9951;[92,49,102,122,114,3,2,129,72,105,99,73,140,178,192,10,123,17,8,94,173,18,25,120,24,197,15,9,150,143,67,75,147,95,31,142,130,22,38,21,135,14,60,151,7,153,187,127,39,107,85,76,50,53,106,131,30,134,137,86,181,82,23,12,54,158,121,168,117,98,78,110,81,52,93,118,183,83,26,79,185,148,167,61,59,36,46,5,41,133,96,157,138,45,188,87,66,126,198,159,174,1,51,29,154,156,160,71,69,190,43,128,101,164,111,88,40,37,145,139,33,13,172,195,182,109,141,35,6,56,189,194,115,171,97,57,186,113,196,89,162,146,28,74,4,91,100,0,199,62,44,34,108,20,55,155,184,161,80,58,177,169,191,11,104,180,163,170,65,124,90,125,149,32,68,63,27,116,175,165,193,16,136,144,70,19,64,103,152,84,77,112,179,176,42,47,132,166,119,48];True
3030;6923;9953;[34,198,146,190,109,147,6,193,172,12,130,22,195,112,93,118,66,157,103,105,74,188,87,37,174,149,167,61,45,138,41,49,78,128,42,57,3,121,162,126,143,160,91,1,33,124,94,196,191,104,140,92,82,23,189,81,0,85,19,26,176,46,9,144,170,95,38,139,65,20,51,50,31,194,180,4,84,67,32,72,163,25,70,178,142,117,77,113,156,71,165,2,184,8,173,18,131,110,101,59,80,100,30,134,148,11,97,58,175,151,7,36,181,68,123,16,137,158,62,52,119,185,39,107,55,14,13,111,132,89,75,129,15,135,53,183,69,159,164,90,28,155,73,99,106,136,115,152,35,161,102,86,133,76,122,116,44,125,145,56,21,108,192,40,169,182,29,154,60,177,27,43,127,96,171,141,98,114,64,79,179,47,88,5,186,199,83,153,166,24,150,10,187,54,120,197,168,17,48,63];True
1457;8496;9953;[92,49,102,122,114,3,2,129,72,105,99,73,140,178,192,10,123,17,8,94,173,18,25,120,24,197,15,9,150,143,67,75,147,95,115,142,130,22,38,21,135,14,60,151,7,153,187,127,39,107,85,76,50,53,106,131,30,134,137,86,181,82,23,12,54,158,121,168,117,98,78,110,81,52,93,118,183,83,64,79,185,148,167,61,59,36,46,5,41,133,96,157,138,45,188,87,66,126,198,159,174,1,51,29,154,156,160,71,69,190,43,128,101,164,111,88,40,37,145,139,33,13,172,195,182,109,141,35,6,56,189,194,31,171,97,57,186,113,196,89,162,146,28,74,4,91,100,0,199,62,44,34,108,20,55,155,184,161,80,58,177,169,191,11,104,180,163,170,65,124,90,125,149,32,68,63,27,116,175,165,193,16,136,144,70,19,26,103,152,84,77,112,179,176,42,47,132,166,119,48];True
1445;8510;9955;[92,49,102,122,114,3,2,129,72,105,99,73,140,178,192,10,123,17,8,94,173,18,25,120,24,197,15,9,150,143,67,75,147,95,115,142,130,22,38,21,135,14,60,151,7,153,187,127,39,107,85,76,50,53,106,131,30,134,137,86,181,82,23,12,54,158,121,168,117,98,78,110,81,52,93,118,183,83,26,79,185,148,167,61,59,36,46,5,41,133,96,157,138,45,188,87,66,126,198,159,174,1,51,29,154,160,156,71,69,190,43,128,101,164,111,88,40,37,145,139,33,13,172,195,182,109,141,35,6,56,189,194,31,171,97,57,186,113,196,89,162,146,28,74,4,91,100,0,199,62,44,34,108,20,55,155,184,161,80,58,177,169,191,11,104,180,163,170,65,124,90,125,149,32,68,63,27,116,175,165,193,16,136,144,70,19,64,103,152,84,77,112,179,176,42,47,132,166,119,48];True
1434;8539;9973;[92,49,102,122,114,3,2,129,72,105,99,73,140,178,192,10,123,17,8,94,173,18,25,120,24,197,15,9,150,143,67,75,147,95,115,142,130,22,38,21,135,14,60,151,7,153,187,127,39,107,85,76,50,53,106,131,30,134,137,86,181,82,23,12,54,158,121,168,117,98,78,110,81,52,93,118,183,83,26,79,185,148,167,61,59,36,46,5,41,133,96,157,138,45,188,87,66,126,198,159,174,1,51,29,154,156,160,71,69,190,43,128,101,164,111,88,40,37,145,139,33,13,172,195,182,109,141,35,6,56,189,194,31,171,97,57,186,113,196,89,162,146,28,74,4,91,100,0,199,62,44,34,108,20,55,155,184,161,80,58,177,169,191,11,104,180,163,170,65,124,90,125,149,32,68,63,27,116,175,165,193,16,136,144,70,19,64,103,152,84,77,112,179,176,42,47,132,166,119,48];True
1438;8538;9976;[92,49,102,122,114,3,2,129,72,105,99,73,140,178,192,10,123,17,8,94,173,18,25,120,24,197,15,9,150,143,67,75,147,95,115,142,130,22,38,21,135,14,60,151,7,153,187,127,39,107,85,76,50,53,106,131,30,134,137,86,181,82,23,12,54,158,121,168,117,98,78,110,81,52,93,118,183,83,26,79,185,148,167,61,59,36,46,5,41,133,96,157,138,45,188,87,66,126,198,159,174,1,51,29,154,156,160,71,69,190,43,128,101,164,111,88,40,37,145,139,33,13,172,195,182,109,141,35,6,56,189,194,31,171,97,57,186,113,196,89,162,146,28,74,4,91,100,0,199,62,44,34,108,20,55,155,184,161,80,58,177,169,191,11,104,180,163,170,65,124,90,125,149,32,68,63,27,116,179,165,193,16,136,144,70,19,64,103,152,84,77,112,175,176,42,47,132,166,119,48];True
1439;8537;9976;[92,49,102,122,114,3,2,129,72,105,99,73,140,178,192,10,123,17,8,94,173,18,25,120,24,197,15,9,150,143,67,75,147,95,115,142,130,22,38,21,135,14,60,151,7,153,187,127,39,107,85,76,50,53,106,131,30,134,137,86,181,82,23,12,54,158,121,168,117,98,78,110,81,52,93,118,183,83,26,79,185,148,167,61,59,36,46,5,41,133,96,157,138,45,188,87,66,126,198,159,174,1,51,29,154,156,160,71,69,190,43,128,101,164,111,88,40,37,145,139,33,13,172,195,182,109,141,35,6,56,189,194,31,171,97,57,186,196,113,89,162,146,28,74,4,91,100,0,199,62,44,34,108,20,55,155,184,161,80,58,177,169,191,11,104,180,163,170,65,124,90,125,149,32,68,63,27,116,175,165,193,16,136,144,70,19,64,103,152,84,77,112,179,176,42,47,132,166,119,48];True
1428;8557;9985;[92,49,102,122,114,3,2,129,72,105,99,73,140,178,192,10,123,17,8,94,173,18,25,120,24,197,15,9,150,143,67,75,147,95,115,142,130,22,38,21,135,14,60,151,7,153,187,127,39,107,85,76,50,55,106,131,30,134,137,86,181,82,23,12,54,158,121,168,117,98,78,110,81,52,93,118,183,83,26,79,185,148,167,61,59,36,46,5,41,133,96,157,138,45,188,87,66,126,198,159,174,1,51,29,154,156,160,71,69,190,43,128,101,164,111,88,40,37,145,139,33,13,172,195,182,109,141,35,6,56,189,194,31,171,97,57,186,113,196,89,162,146,28,74,4,91,100,0,199,62,44,34,108,20,53,155,184,161,80,58,177,169,191,11,104,180,163,170,65,124,90,125,149,32,68,63,27,116,175,165,193,16,136,144,70,19,64,103,152,84,77,112,179,176,42,47,132,166,119,48];True
1425;8573;9998;[92,49,102,122,114,3,2,129,72,105,99,73,140,178,192,10,123,17,8,94,173,18,25,120,24,197,15,9,150,143,67,75,147,95,115,142,130,22,38,21,135,14,60,151,7,153,187,127,39,107,85,76,50,53,93,131,30,134,137,86,181,82,23,12,54,158,121,168,117,98,78,110,81,52,106,118,183,83,26,79,185,148,167,61,59,36,46,5,41,133,96,157,138,45,188,87,66,126,198,159,174,1,51,29,154,156,160,71,69,190,43,128,101,164,111,88,40,37,145,139,33,13,172,195,182,109,141,35,6,56,189,194,31,171,97,57,186,113,196,89,162,146,28,74,4,91,100,0,199,62,44,34,108,20,55,155,184,161,80,58,177,169,191,11,104,180,163,170,65,124,90,125,149,32,68,63,27,116,175,165,193,16,136,144,70,19,64,103,152,84,77,112,179,176,42,47,132,166,119,48];True
3096;6918;10014;[34,103,105,190,109,147,6,193,172,12,130,22,195,112,93,118,66,157,20,51,74,188,87,37,174,149,167,61,45,138,178,49,78,128,42,57,191,121,162,126,143,160,91,1,33,124,94,196,89,104,140,92,82,23,189,81,0,85,19,26,176,46,9,41,3,95,38,139,144,48,50,168,31,194,180,4,84,67,32,72,163,25,70,65,16,117,77,113,156,71,165,2,184,8,173,18,131,110,101,59,80,100,30,134,148,11,97,58,151,175,7,170,181,68,198,142,137,158,62,52,119,185,39,107,55,14,13,111,132,36,75,129,15,135,53,183,69,159,164,90,28,155,73,99,106,136,115,152,35,161,102,86,133,76,122,116,44,125,145,56,21,108,192,40,169,182,29,154,60,177,27,43,127,96,171,141,98,114,64,79,179,47,88,5,186,199,83,153,166,24,150,10,187,54,120,197,123,17,146,63];True
3097;6917;10014;[34,103,105,190,109,147,6,193,172,12,130,22,195,112,93,118,66,157,20,51,74,188,87,37,174,149,167,61,45,138,178,49,78,128,42,57,191,121,162,126,143,160,91,1,33,124,94,196,89,104,140,92,82,23,189,81,0,85,19,26,176,46,9,41,3,95,38,139,144,48,50,168,31,194,180,4,84,67,32,72,163,25,70,65,16,117,77,113,156,71,165,2,184,8,173,18,131,110,101,59,80,100,30,134,148,11,97,58,175,151,7,170,181,68,198,142,137,158,62,52,119,185,39,107,55,14,13,111,132,36,75,129,15,135,53,183,69,159,164,90,28,155,73,99,106,136,115,152,35,161,102,86,133,76,122,116,44,125,145,56,21,108,192,40,169,182,29,154,60,177,27,43,127,96,171,141,98,114,64,79,179,47,88,5,186,199,83,153,166,24,150,10,187,54,120,197,123,17,146,63];True
3107;6913;10020;[34,103,105,190,109,147,6,193,172,12,130,22,195,112,93,118,66,157,20,51,74,188,87,37,174,149,167,61,45,138,14,49,78,128,42,57,191,121,162,126,143,160,91,1,33,124,94,196,89,104,140,92,82,23,189,81,0,85,19,26,176,46,9,41,3,95,38,139,144,48,50,168,31,194,180,4,84,67,32,72,163,25,70,65,16,117,77,113,156,71,165,2,184,8,173,18,131,110,101,59,80,100,30,134,148,11,97,58,175,151,7,170,181,68,198,142,137,158,62,52,119,185,39,107,55,178,13,111,132,36,75,129,15,135,53,183,69,159,164,90,28,155,73,99,106,136,115,152,35,161,102,86,133,76,122,116,44,125,145,56,21,108,192,40,169,182,29,154,60,177,27,43,127,96,171,141,98,114,64,79,179,47,88,5,186,199,83,153,166,24,150,10,187,54,120,197,123,17,146,63];True
1422;8598;10020;[60,49,102,122,114,3,2,129,72,14,99,73,140,178,192,10,123,17,8,94,173,18,25,120,24,197,15,9,150,143,67,75,147,65,124,142,130,22,38,21,135,105,115,151,7,153,187,127,39,107,85,76,50,53,106,131,30,134,137,86,181,82,23,12,54,158,121,168,117,98,78,110,81,52,93,118,183,83,26,79,185,148,167,61,59,36,46,5,41,133,96,157,138,45,188,87,66,126,198,159,174,1,51,29,154,156,160,71,69,190,43,128,101,164,111,88,40,37,145,139,33,13,172,195,182,109,141,35,6,56,189,194,31,171,97,57,186,113,196,89,162,146,28,74,4,92,100,0,199,62,44,34,108,20,55,155,184,161,80,58,177,169,191,11,104,180,163,170,95,152,90,125,149,32,68,63,27,116,175,165,193,16,136,144,70,19,64,103,91,84,77,112,179,176,42,47,132,166,119,48];True
1416;8624;10040;[117,49,102,122,114,60,2,129,72,14,99,73,140,178,192,10,123,17,8,94,173,18,25,120,24,197,15,9,150,143,67,75,147,65,124,142,130,22,38,21,135,105,115,151,7,153,187,127,39,107,85,76,50,53,93,131,30,134,137,86,181,82,23,12,54,158,121,168,3,98,78,110,81,52,106,118,183,83,26,79,185,148,167,61,59,36,46,5,41,133,96,157,138,45,188,87,66,126,198,159,174,1,51,29,154,156,160,71,69,190,43,128,101,164,111,88,40,37,145,139,33,13,172,195,182,109,141,35,6,56,189,194,31,171,97,57,186,113,196,89,162,146,28,74,4,92,100,0,199,62,44,34,108,20,55,155,184,161,80,58,177,169,191,11,104,180,163,170,95,91,90,125,149,32,68,63,27,116,175,165,193,16,136,144,70,19,64,103,152,84,77,112,179,176,42,47,132,166,119,48];True
1419;8623;10042;[92,49,102,122,114,3,2,129,72,105,99,73,140,178,192,10,123,17,8,94,173,18,25,120,24,197,15,9,150,143,67,75,147,95,115,142,130,22,38,21,135,14,60,151,7,153,187,127,39,107,85,76,50,53,106,131,30,134,137,86,181,82,23,12,54,158,121,168,117,98,78,110,81,52,93,118,183,83,26,79,185,74,167,61,59,36,46,5,41,133,96,157,138,45,188,87,66,126,198,159,174,1,51,29,154,156,160,71,69,190,43,128,101,164,111,88,40,37,145,139,33,13,172,195,182,109,141,35,6,56,189,194,31,171,97,57,186,113,196,89,162,146,28,148,4,91,100,0,199,62,44,34,108,20,55,155,184,161,80,58,177,169,191,11,104,180,163,170,65,124,90,125,149,32,68,63,27,116,175,165,193,16,136,144,70,19,64,103,152,84,77,112,179,176,42,47,132,166,119,48];True
1413;8632;10045;[60,49,102,122,114,3,2,129,72,14,99,73,140,178,192,10,123,17,8,94,173,18,25,120,24,197,15,9,150,143,67,75,147,65,124,142,130,22,38,21,135,105,115,151,7,153,187,127,39,107,85,76,50,53,93,131,30,134,137,86,181,82,23,12,54,158,121,168,117,98,78,110,81,52,106,118,183,83,26,79,185,148,167,61,59,36,46,5,41,133,96,157,138,45,188,87,66,126,198,159,174,1,51,29,154,156,160,71,69,190,43,128,101,164,111,88,40,37,145,139,33,13,172,195,182,109,141,35,6,56,189,194,31,171,97,57,186,113,196,89,162,146,28,74,4,92,100,0,199,62,44,34,108,20,55,155,184,161,80,58,177,169,191,11,104,180,163,170,95,152,90,125,149,32,68,63,27,116,175,165,193,16,136,144,70,19,64,103,91,84,77,112,179,176,42,47,132,166,119,48];True
1412;8645;10057;[60,49,102,122,114,3,2,129,72,14,99,73,140,178,192,10,123,17,8,94,173,18,25,120,24,197,15,9,150,143,67,75,147,65,124,168,130,22,38,21,135,105,115,151,7,153,187,127,39,107,85,76,50,53,93,131,30,134,137,86,181,82,23,12,54,158,121,142,117,98,78,110,81,52,106,118,183,83,26,79,185,148,167,61,59,36,46,5,41,133,96,157,138,45,188,87,66,126,198,159,174,1,51,29,154,156,160,71,69,190,43,128,101,164,111,88,40,37,145,139,33,13,172,195,182,109,141,35,6,56,189,194,31,171,97,57,186,113,196,89,162,146,28,74,4,92,100,0,199,62,44,34,108,20,55,155,184,161,80,58,177,169,191,11,104,180,163,170,95,152,90,125,149,32,68,63,27,116,175,165,193,16,136,144,70,19,64,103,91,84,77,112,179,176,42,47,132,166,119,48];True
3158;6905;10063;[34,103,105,190,109,147,6,193,172,132,130,22,195,112,93,118,66,157,20,51,74,188,87,37,174,149,167,61,45,138,178,49,78,128,42,57,191,121,162,126,143,160,91,1,33,124,94,196,36,182,140,92,82,23,189,81,0,85,19,26,176,46,9,41,3,95,38,139,144,48,50,168,31,194,180,4,84,67,32,72,163,25,70,65,16,117,77,113,156,71,165,2,184,8,173,18,131,110,101,59,80,100,30,134,148,11,97,58,175,151,7,170,181,68,198,142,137,158,62,52,119,185,39,107,55,14,13,111,12,89,75,129,15,135,53,183,69,159,164,90,28,155,73,99,106,136,115,152,35,161,102,86,133,76,122,116,44,125,145,56,21,108,192,40,169,104,29,154,60,177,27,43,127,96,171,141,98,114,64,79,179,47,88,5,186,199,83,153,166,24,150,10,187,54,120,197,123,17,146,63];True
3156;6908;10064;[34,103,105,190,109,147,6,193,172,132,130,22,195,112,93,118,66,157,20,51,74,188,87,37,174,149,167,61,45,138,178,49,78,128,42,57,191,121,162,126,143,160,91,1,33,124,94,196,36,104,140,92,82,23,189,81,0,85,19,26,176,46,9,41,3,95,38,139,144,48,50,168,31,194,180,4,84,67,32,72,163,25,70,65,16,117,77,113,156,71,165,2,184,8,173,18,131,110,101,59,80,100,30,134,148,11,97,58,175,151,7,170,181,68,198,142,137,158,62,12,119,185,39,107,55,14,13,111,52,89,75,129,15,135,53,183,69,159,164,90,28,155,73,99,106,136,115,152,35,161,102,86,133,76,122,116,44,125,145,56,21,108,192,40,169,182,29,154,60,177,27,43,127,96,171,141,98,114,64,79,179,47,88,5,186,199,83,153,166,24,150,10,187,54,120,197,123,17,146,63];True
1408;8663;10071;[60,49,102,122,114,3,2,129,72,14,99,73,140,178,192,10,123,17,8,94,173,18,25,120,24,197,15,9,150,143,67,75,147,65,124,142,130,22,38,21,135,105,115,151,7,153,187,127,39,107,85,76,50,53,93,131,30,134,58,86,181,82,23,12,54,158,121,168,117,98,78,110,81,52,106,118,183,83,26,79,185,148,167,61,59,36,46,5,41,133,96,157,138,45,188,87,66,126,198,159,174,1,51,29,154,156,160,71,69,190,43,128,101,164,111,88,40,37,145,139,33,13,172,195,182,109,141,35,6,56,189,194,31,171,97,57,186,113,196,89,162,146,28,74,4,92,100,0,199,62,44,34,108,20,55,155,184,161,80,137,177,169,191,11,104,180,163,170,95,152,90,125,149,32,68,63,27,116,175,165,193,16,136,144,70,19,64,103,91,84,77,112,179,176,42,47,132,166,119,48];True
3207;6898;10105;[34,103,105,190,109,147,6,193,172,12,130,22,195,112,93,118,66,157,20,51,74,188,87,37,174,149,167,61,45,138,178,49,78,128,42,57,191,121,162,126,143,160,91,1,33,124,94,196,88,104,140,92,82,23,189,81,0,85,19,26,176,46,9,41,3,95,38,139,144,48,50,168,31,194,180,4,84,67,32,72,163,25,70,65,16,117,77,113,156,71,165,2,184,8,173,18,131,110,101,59,80,100,30,134,148,11,97,58,175,151,7,170,181,68,198,142,137,158,62,52,119,185,39,107,55,14,13,111,132,36,75,129,15,135,53,183,69,159,164,90,28,155,73,99,106,136,115,152,35,161,102,86,133,76,122,116,44,125,145,56,21,108,192,40,169,182,29,154,60,177,27,43,127,96,171,141,98,114,64,79,179,47,89,5,186,199,83,153,166,24,150,10,187,54,120,197,123,17,146,63];True
1398;8716;10114;[60,49,102,122,114,3,2,129,72,14,99,73,140,178,192,10,123,17,8,94,173,18,25,120,24,197,15,9,150,143,67,75,147,65,124,142,130,22,38,21,135,105,115,151,7,153,187,127,39,107,85,76,50,53,93,131,30,134,137,86,181,82,23,12,54,158,121,168,117,98,78,110,81,52,106,118,183,83,26,79,185,74,167,61,59,36,46,5,41,133,96,157,138,45,188,87,66,126,198,159,174,1,51,29,154,156,160,71,69,190,43,128,101,164,111,88,40,37,145,139,33,13,172,195,182,109,141,35,6,56,189,194,31,171,97,57,186,113,196,89,162,146,28,148,4,92,100,0,199,62,44,34,108,20,55,155,184,161,80,58,177,169,191,11,104,180,163,170,95,152,90,125,149,32,68,63,27,116,175,165,193,16,136,144,70,19,64,103,91,84,77,112,179,176,42,47,132,166,119,48];True
1402;8712;10114;[60,49,102,122,114,3,2,129,72,14,99,73,140,178,192,10,123,17,8,94,173,18,25,120,24,197,15,9,150,143,67,75,147,65,124,142,130,22,38,21,135,105,115,151,7,153,187,127,39,107,85,76,50,53,93,131,30,134,137,86,181,82,23,12,54,158,121,168,117,98,78,110,81,52,106,118,183,83,26,79,185,74,167,61,59,36,46,5,41,133,96,157,138,45,188,87,66,126,198,159,174,1,51,29,154,156,160,71,69,190,43,128,101,164,111,88,40,37,145,139,33,13,172,195,182,109,141,35,6,56,189,194,31,171,97,57,186,113,196,89,162,146,28,148,4,92,100,0,199,62,44,34,108,20,55,155,184,161,80,58,177,169,191,11,104,180,163,170,95,91,90,125,149,32,68,63,27,116,175,165,193,16,136,144,70,19,64,103,152,84,77,112,179,176,42,47,132,166,119,48];True
1406;8711;10117;[60,49,102,122,114,3,2,129,72,14,99,73,140,178,192,10,123,17,8,94,173,18,25,120,24,197,15,9,150,143,67,75,147,65,124,142,130,22,38,21,135,105,115,151,7,153,187,127,39,107,85,76,50,53,93,131,30,134,137,86,181,82,23,12,54,158,121,168,117,98,78,110,81,52,106,118,183,83,26,79,185,74,167,61,59,36,46,5,41,133,96,157,138,45,188,87,66,126,198,159,174,1,51,29,154,156,160,71,69,190,43,128,101,164,111,88,40,37,145,139,33,13,172,195,182,109,141,35,6,56,189,194,31,171,97,57,186,113,196,89,162,146,28,148,4,92,100,0,199,62,44,34,108,20,55,155,184,161,80,58,177,169,191,11,104,180,163,170,95,91,90,125,149,32,68,63,27,116,179,165,193,16,136,144,70,19,64,103,152,84,77,112,175,176,42,47,132,166,119,48];True
1407;8710;10117;[60,49,102,122,114,3,2,129,72,14,99,73,140,178,192,10,123,17,8,94,173,18,25,120,24,197,15,9,150,143,67,75,147,65,124,142,130,22,38,21,135,105,115,151,7,153,187,127,39,107,85,76,50,53,93,131,30,134,137,86,181,82,23,12,54,158,121,168,117,98,78,110,81,52,106,118,183,83,26,79,185,74,167,61,59,36,46,5,41,133,96,157,138,45,188,87,66,126,198,159,174,1,51,29,154,156,160,71,69,190,43,128,101,164,111,88,40,37,145,139,33,13,172,195,182,109,141,35,6,56,189,194,31,171,97,57,186,196,113,89,162,146,28,148,4,92,100,0,199,62,44,34,108,20,55,155,184,161,80,58,177,169,191,11,104,180,163,170,95,91,90,125,149,32,68,63,27,116,175,165,193,16,136,144,70,19,64,103,152,84,77,112,179,176,42,47,132,166,119,48];True
3238;6896;10134;[16,194,180,41,187,117,2,169,172,132,130,22,195,112,8,184,191,93,66,157,20,188,87,37,174,149,167,61,45,138,104,125,78,128,42,57,3,121,162,126,143,160,91,1,33,124,94,196,166,103,140,17,82,23,189,81,0,85,19,26,176,46,9,142,170,95,38,139,144,63,51,56,21,92,147,4,84,67,32,72,163,25,70,74,198,173,113,190,156,71,165,193,168,31,6,18,131,110,101,59,80,100,30,134,148,11,97,58,175,151,7,77,181,68,123,29,154,158,62,122,12,49,39,107,105,14,13,111,119,145,75,129,15,135,53,183,69,159,164,90,28,155,73,99,106,136,115,152,35,161,102,86,133,76,52,116,65,118,109,50,34,108,192,40,36,182,89,137,60,177,27,43,127,96,171,141,98,114,64,79,179,47,88,5,186,199,83,153,197,24,150,10,185,54,120,178,55,44,48,146];True
1397;8743;10140;[60,49,102,122,114,3,2,129,72,14,99,73,140,178,192,10,123,17,8,94,173,18,25,120,24,197,15,9,150,143,67,75,147,65,124,142,130,22,38,21,135,105,115,151,7,153,187,127,39,107,85,76,50,53,93,131,30,134,58,86,181,82,23,12,54,158,121,168,117,98,78,110,81,52,106,118,183,83,26,79,185,74,167,61,59,36,46,5,41,133,96,157,138,45,188,87,66,126,198,159,174,1,51,29,154,156,160,71,69,190,43,128,101,164,111,88,40,37,145,139,33,13,172,195,182,109,141,35,6,56,189,194,31,171,97,57,186,113,196,89,162,146,28,148,4,92,100,0,199,62,44,34,108,20,55,155,184,161,80,137,177,169,191,11,104,180,163,170,95,91,90,125,149,32,68,63,27,116,175,165,193,16,136,144,70,19,64,103,152,84,77,112,179,176,42,47,132,166,119,48];True
3257;6895;10152;[34,103,105,190,109,147,6,193,172,132,130,22,195,112,93,118,66,157,20,51,74,188,87,37,174,149,167,61,45,138,178,49,78,128,42,57,191,121,162,126,143,160,91,1,33,124,94,196,88,104,140,92,82,23,189,81,0,85,19,26,176,46,9,41,3,95,38,139,144,48,50,168,31,194,180,4,84,67,32,72,163,25,70,65,16,117,77,113,156,71,165,2,184,8,173,18,131,110,101,59,80,100,30,134,148,11,97,58,175,151,7,170,181,68,198,142,137,158,62,52,119,185,39,107,55,14,13,111,12,89,75,129,15,135,53,183,69,159,164,90,28,155,73,99,106,136,115,152,35,161,102,86,133,76,122,116,44,125,145,56,21,108,192,40,169,182,29,154,60,177,27,43,127,96,171,141,98,114,64,79,179,47,36,5,186,199,83,153,166,24,150,10,187,54,120,197,123,17,146,63];True
3283;6894;10177;[16,194,180,41,187,117,2,169,172,132,130,22,195,112,8,184,191,93,66,157,20,188,87,37,174,149,167,61,45,138,104,125,78,128,42,57,3,121,162,126,143,160,91,1,33,124,94,196,166,103,140,17,82,23,189,81,0,85,19,26,176,46,9,142,170,95,38,139,144,63,51,50,21,92,147,4,84,67,32,72,163,25,70,74,198,173,113,190,156,71,165,193,168,31,6,18,131,110,101,59,80,100,30,134,148,11,97,58,175,151,7,77,181,68,123,29,137,158,62,122,12,49,39,107,105,14,13,111,119,145,75,129,15,135,53,183,69,159,164,90,28,155,73,99,106,136,115,152,35,161,102,86,133,76,52,116,65,118,109,56,34,108,192,40,36,182,89,154,60,177,27,43,127,96,171,141,98,114,64,79,179,47,88,5,186,199,83,153,197,24,150,10,185,54,120,178,55,44,48,146];True
3289;6892;10181;[16,194,180,41,187,117,2,169,172,132,130,22,195,112,8,184,191,93,66,157,20,188,87,37,174,149,167,61,45,138,104,125,78,128,42,57,3,121,162,126,143,160,91,1,33,124,94,196,166,103,140,17,82,23,189,81,0,85,19,26,176,46,9,142,170,95,40,139,144,63,51,56,21,92,147,4,84,67,32,72,163,25,70,74,198,173,113,190,156,71,165,193,168,31,6,18,131,110,101,59,80,100,30,134,148,11,97,58,151,175,7,77,181,68,123,89,137,158,62,122,12,49,39,107,105,14,13,111,119,145,75,129,15,135,53,183,69,159,164,90,28,155,73,99,106,136,115,152,35,161,102,86,133,76,52,116,65,118,109,50,34,108,192,38,36,182,29,154,60,177,27,43,127,96,171,141,98,114,64,79,179,47,88,5,186,199,83,153,197,24,150,10,185,54,120,178,55,44,48,146];True
3290;6891;10181;[16,194,180,41,187,117,2,169,172,132,130,22,195,112,8,184,191,93,66,157,20,188,87,37,174,149,167,61,45,138,104,125,78,128,42,57,3,121,162,126,143,160,91,1,33,124,94,196,166,103,140,17,82,23,189,81,0,85,19,26,176,46,9,142,170,95,40,139,144,63,51,56,21,92,147,4,84,67,32,72,163,25,70,74,198,173,113,190,156,71,165,193,168,31,6,18,131,110,101,59,80,100,30,134,148,11,97,58,175,151,7,77,181,68,123,89,137,158,62,122,12,49,39,107,105,14,13,111,119,145,75,129,15,135,53,183,69,159,164,90,28,155,73,99,106,136,115,152,35,161,102,86,133,76,52,116,65,118,109,50,34,108,192,38,36,182,29,154,60,177,27,43,127,96,171,141,98,114,64,79,179,47,88,5,186,199,83,153,197,24,150,10,185,54,120,178,55,44,48,146];True
3302;6890;10192;[16,194,180,41,187,117,2,169,172,132,130,22,195,112,8,184,191,93,66,157,20,188,87,37,174,149,167,61,45,138,104,125,78,128,42,57,3,121,162,126,143,160,91,1,33,124,94,196,166,103,140,17,82,23,189,81,0,85,19,26,176,46,9,142,170,95,38,139,144,63,51,56,21,92,147,4,84,67,32,72,163,25,70,74,198,173,113,190,156,71,165,193,168,31,6,18,131,110,101,59,80,100,30,134,148,11,97,58,175,151,7,77,181,68,123,29,137,158,62,122,12,49,39,107,105,14,13,111,119,145,75,129,15,135,53,183,69,159,164,90,28,155,73,99,106,136,115,152,35,161,102,86,133,76,52,116,65,118,109,50,34,108,192,40,36,182,89,154,60,177,27,43,127,96,171,141,98,114,64,79,179,47,88,5,186,199,83,153,197,24,150,10,185,54,120,178,55,44,48,146];True
3308;6886;10194;[20,190,188,93,130,5,179,47,57,3,192,89,18,181,68,48,63,118,44,140,124,94,75,36,145,196,113,61,45,138,65,82,187,128,134,195,33,183,162,126,143,160,91,6,77,149,189,7,173,103,168,17,84,122,132,97,0,85,19,26,176,116,142,49,170,95,167,87,66,135,53,56,21,92,147,67,32,165,169,23,163,25,70,90,41,88,164,37,156,71,8,184,123,146,72,78,131,110,101,59,80,100,30,114,182,139,125,58,158,54,197,1,117,98,157,136,137,151,175,12,193,172,39,107,55,14,13,111,112,40,2,129,15,9,28,105,69,159,38,144,109,155,73,99,106,4,115,152,35,161,102,86,133,76,52,104,31,74,34,108,51,50,198,174,16,194,29,154,60,177,27,43,127,96,171,141,11,22,64,79,42,119,148,83,186,199,81,153,166,24,150,10,185,62,120,178,46,180,191,121];True
3306;6888;10194;[16,194,180,41,187,117,2,169,172,132,130,22,195,112,8,184,191,93,66,157,20,188,87,37,174,149,167,61,45,138,104,125,78,128,42,57,3,121,162,126,143,160,91,1,33,124,94,196,166,103,140,17,82,23,189,81,0,85,19,26,176,46,9,142,170,95,40,139,144,146,51,56,21,92,147,4,84,67,32,72,163,25,70,74,198,173,113,190,156,71,165,193,168,31,6,18,131,110,101,59,80,100,30,134,148,11,97,58,175,151,7,77,181,68,123,89,137,158,62,122,12,49,39,107,105,14,13,111,119,145,75,129,15,135,53,183,69,159,164,90,28,155,73,99,106,136,115,152,35,161,102,86,133,76,52,116,65,118,109,50,34,108,192,38,36,182,29,154,60,177,27,43,127,96,171,141,98,114,64,79,179,47,88,5,186,199,83,153,197,24,150,10,185,54,120,178,55,44,48,63];True
3314;6884;10198;[20,190,188,87,130,5,179,47,57,3,192,89,18,181,68,48,63,118,44,140,124,94,75,36,145,196,113,61,45,138,65,82,187,128,134,195,33,183,162,126,143,160,91,6,77,149,189,7,173,103,168,17,84,122,2,97,0,85,19,26,176,116,191,49,170,95,167,178,66,135,53,56,21,92,147,67,32,165,169,23,163,25,70,90,41,88,164,37,156,71,8,184,123,146,72,78,131,110,101,59,80,100,30,114,182,139,125,58,158,54,197,1,117,98,157,136,137,151,175,12,193,172,39,107,55,14,13,111,112,40,132,129,15,9,28,105,69,159,38,144,109,155,73,99,106,4,115,152,35,161,102,186,133,76,52,104,31,74,34,108,51,50,198,174,16,194,29,154,60,177,27,43,127,96,171,141,11,22,64,79,42,119,148,83,86,199,81,153,166,24,150,10,185,62,120,93,46,180,142,121];True
3323;6876;10199;[20,190,188,87,130,5,179,47,57,3,192,89,18,181,68,48,63,118,44,140,124,94,75,36,145,196,113,61,45,138,65,82,187,128,134,195,33,183,162,126,143,160,91,6,77,149,189,7,173,103,168,17,84,122,132,97,0,85,19,26,176,116,142,49,170,95,167,178,66,135,53,56,21,92,147,67,32,165,169,23,163,25,70,90,41,88,164,37,156,71,8,184,123,146,72,78,131,110,101,59,80,100,30,114,182,139,125,58,158,54,197,1,117,98,157,136,137,151,175,12,193,172,39,107,55,14,13,111,112,40,2,129,15,9,28,105,69,159,38,144,109,155,73,99,106,4,115,152,35,161,102,186,133,76,52,104,31,74,34,108,51,50,198,174,16,194,29,154,60,177,27,43,127,96,171,141,11,22,64,79,42,119,148,83,86,199,81,153,166,24,150,10,185,62,120,93,46,180,191,121];True
3319;6882;10201;[20,190,188,93,130,5,179,47,57,3,192,89,18,181,68,48,63,118,44,140,124,94,75,36,145,196,113,61,45,138,65,82,187,128,134,195,33,183,162,126,143,160,91,6,77,149,189,7,173,103,168,17,84,122,132,163,0,85,19,26,176,116,142,49,170,95,167,87,66,135,53,56,21,92,147,67,32,165,169,23,97,25,70,90,41,88,164,37,156,71,8,184,123,146,72,78,131,110,101,59,80,100,30,114,182,139,125,58,158,54,197,1,117,98,157,136,137,151,175,12,193,172,39,107,55,14,13,111,52,40,2,129,15,9,28,105,69,159,38,144,109,155,73,99,106,4,115,152,35,161,102,86,133,76,112,104,31,74,34,108,51,50,198,174,16,194,29,154,60,177,27,43,127,96,171,141,11,22,64,79,42,119,148,83,186,199,81,153,166,24,150,10,185,62,120,178,46,180,191,121];True
3334;6872;10206;[20,190,188,87,130,5,179,47,57,3,192,89,18,181,68,48,63,118,44,140,124,94,75,36,145,196,113,61,45,138,65,82,187,128,134,195,33,183,162,126,143,160,91,6,77,149,189,7,173,103,168,17,84,122,132,163,0,85,19,26,176,116,142,49,170,95,167,178,66,135,53,56,21,92,147,67,32,165,169,23,97,25,70,90,41,88,164,37,156,71,8,184,123,146,72,78,131,110,101,59,80,100,30,114,182,139,125,58,158,54,197,1,117,98,157,136,137,151,175,12,193,172,39,107,55,14,13,111,52,40,2,129,15,9,28,105,69,159,38,144,109,155,73,99,106,4,115,152,35,161,102,186,133,76,112,104,31,74,34,108,51,50,198,174,16,194,29,154,60,177,27,43,127,96,171,141,11,22,64,79,42,119,148,83,86,199,81,153,166,24,150,10,185,62,120,93,46,180,191,121];True
3341;6868;10209;[20,190,188,87,130,5,179,47,57,3,192,89,18,181,68,48,63,118,44,140,124,94,75,36,145,196,113,61,45,138,65,82,187,128,134,195,33,183,162,126,143,160,91,6,77,149,189,7,173,103,168,17,84,122,2,97,0,85,19,26,176,116,142,49,170,95,167,178,66,135,53,56,21,92,147,67,32,165,169,23,163,25,70,90,41,88,164,37,156,71,8,184,123,146,72,78,131,110,101,59,80,100,30,114,182,139,125,58,158,54,197,1,117,98,157,136,137,151,175,12,193,172,39,107,55,14,13,111,112,40,132,129,15,9,28,105,69,159,38,144,109,155,73,99,106,4,115,152,35,161,102,86,133,76,52,104,31,74,34,108,51,50,198,174,16,194,29,154,60,177,27,43,127,96,171,141,11,22,64,79,42,119,148,83,186,199,81,153,166,24,150,10,185,62,120,93,46,180,191,121];True
3340;6871;10211;[20,190,188,87,130,5,179,47,57,3,192,89,18,181,68,48,63,118,44,140,124,94,75,36,145,196,113,61,45,138,65,82,187,128,134,195,33,183,162,126,143,160,91,6,77,149,189,7,173,103,168,17,84,122,1,97,0,85,19,26,176,116,142,49,170,95,167,178,66,135,53,56,21,92,147,67,32,165,169,23,163,25,70,90,41,88,164,37,156,71,8,184,123,146,72,78,131,110,101,59,80,100,30,114,182,139,125,58,158,54,197,132,117,98,157,136,137,151,175,12,193,172,39,107,55,14,13,111,52,40,2,129,15,9,28,105,69,159,38,144,109,155,73,99,106,4,115,152,35,161,102,186,133,76,112,104,31,74,34,108,51,50,198,174,16,194,29,154,60,177,27,43,127,96,171,141,11,22,64,79,42,119,148,83,86,199,81,153,166,24,150,10,185,62,120,93,46,180,191,121];True
1396;8823;10219;[194,113,61,19,64,101,100,67,94,143,160,105,174,118,48,99,141,86,45,15,173,18,25,115,24,197,26,9,7,20,129,72,147,65,87,106,196,22,38,34,3,2,75,12,165,153,122,127,39,73,6,76,50,53,93,110,30,134,137,111,181,82,23,109,54,158,121,92,49,112,187,142,81,52,108,74,183,83,77,79,185,148,167,189,59,36,46,5,27,133,96,85,164,41,152,56,66,126,198,159,140,182,51,29,154,156,117,71,69,190,43,145,157,138,178,192,40,124,150,139,33,13,172,195,10,78,60,35,88,135,14,31,130,171,116,57,186,98,84,89,162,146,119,28,4,97,131,0,199,62,102,120,1,114,55,155,184,161,80,58,177,169,191,11,104,193,163,170,95,91,90,125,149,32,68,63,37,151,175,128,8,16,136,144,70,168,17,103,21,180,107,188,179,176,42,47,132,166,123,44];True
3363;6867;10230;[20,190,188,87,130,5,179,47,57,3,192,89,18,181,68,48,63,118,44,140,124,94,75,36,145,196,113,61,45,138,65,82,187,128,134,195,33,183,162,126,143,160,91,6,77,149,189,7,173,103,168,17,84,122,2,97,0,85,19,26,176,116,191,49,170,95,167,178,66,135,53,56,21,92,147,67,32,165,169,23,163,25,70,90,41,88,164,37,156,71,8,184,123,146,72,78,131,110,101,59,80,100,30,114,182,139,125,58,158,54,197,1,117,98,157,136,137,151,175,12,193,172,39,107,55,14,13,111,52,40,132,129,15,9,28,105,69,159,38,144,109,155,73,99,106,4,115,152,35,161,102,86,133,76,112,104,31,74,34,108,51,50,198,174,16,194,29,154,60,177,27,43,127,96,171,141,11,22,64,79,42,119,148,83,186,199,81,153,166,24,150,10,185,62,120,93,46,180,142,121];True
3365;6866;10231;[20,190,188,87,130,5,179,47,57,3,192,89,18,181,68,48,63,118,44,140,124,94,75,36,145,196,113,61,45,138,65,82,187,128,134,195,33,183,162,126,143,160,91,6,77,149,189,7,173,103,168,17,84,122,2,97,0,85,19,26,176,116,142,49,170,95,167,178,66,135,53,56,21,92,147,67,32,165,169,23,163,25,70,90,41,88,164,37,156,71,8,184,123,146,72,78,131,110,101,59,80,100,30,114,182,139,125,58,158,54,197,1,117,98,157,136,137,151,175,12,193,172,39,107,55,14,13,111,112,40,132,129,15,9,28,105,69,159,38,144,109,155,73,99,106,4,115,152,35,161,102,186,133,76,52,104,31,74,34,108,51,50,198,174,16,194,29,154,60,177,27,43,127,96,171,141,11,22,64,79,42,119,148,83,86,199,81,153,166,24,150,10,185,62,120,93,46,180,191,121];True
3372;6859;10231;[20,190,188,87,130,5,179,47,57,3,192,89,18,181,68,48,63,118,44,140,124,94,75,36,145,196,113,61,45,138,65,82,187,128,134,195,33,183,162,126,143,160,91,6,77,149,189,7,173,103,168,17,84,122,132,97,0,85,19,26,176,116,142,49,170,95,167,178,66,135,53,56,21,92,147,67,32,165,169,23,163,25,70,90,41,88,164,37,156,71,8,184,123,146,72,78,131,110,101,59,80,100,30,114,182,139,125,58,158,54,197,1,117,98,157,136,137,151,175,12,193,172,39,107,55,14,13,111,52,40,2,129,15,9,28,105,69,159,38,144,109,155,73,99,106,4,115,152,35,161,102,86,133,76,112,104,31,74,34,108,51,50,198,174,16,194,29,154,60,177,27,43,127,96,171,141,11,22,64,79,42,119,148,83,186,199,81,153,166,24,150,10,185,62,120,93,46,180,191,121];True
3384;6854;10238;[20,190,188,87,130,5,179,47,57,3,32,173,18,181,68,48,63,118,44,140,124,94,75,36,145,196,113,61,45,138,65,82,187,128,134,195,33,183,162,126,143,160,91,6,77,149,189,7,89,103,168,17,84,122,2,97,0,85,19,26,176,116,142,49,170,95,167,93,66,135,53,56,21,92,147,67,112,165,169,23,163,25,70,90,41,88,164,37,156,71,8,184,123,146,72,78,131,110,101,59,80,100,30,114,182,139,125,58,158,54,197,1,117,98,157,136,137,151,175,12,193,172,39,107,55,14,13,111,52,40,132,129,15,9,28,105,69,159,38,144,109,155,73,99,106,4,115,152,35,161,102,186,133,76,192,104,31,74,34,108,51,50,198,174,16,194,29,154,60,177,27,43,127,96,171,141,11,22,64,79,42,119,148,83,86,199,81,153,166,24,150,10,185,62,120,178,46,180,191,121];True
1393;8850;10243;[194,113,61,19,64,101,100,67,94,143,160,105,174,118,48,99,141,86,45,15,173,18,25,115,24,197,26,9,77,20,129,72,147,65,87,106,196,22,38,34,3,2,75,12,165,153,122,127,39,73,6,76,50,53,93,110,30,134,137,111,181,82,23,109,54,158,121,92,49,112,187,142,81,52,108,74,183,83,7,79,185,148,167,189,59,36,46,5,27,133,96,37,138,41,152,56,66,126,198,159,140,182,51,29,154,156,117,71,69,190,43,145,85,164,178,192,40,124,150,139,33,13,172,195,10,78,60,35,88,135,14,31,130,171,116,57,186,98,84,89,162,146,119,28,4,97,131,0,199,62,102,120,1,114,55,155,184,161,80,58,177,169,191,11,104,193,163,170,95,91,90,125,149,32,68,63,157,151,175,128,8,16,136,144,70,168,17,103,21,180,107,188,179,176,42,47,132,166,123,44];True
1395;8848;10243;[194,113,61,19,64,101,100,0,94,143,160,105,174,118,48,99,141,86,45,15,173,18,25,115,24,197,26,9,77,20,129,72,147,65,87,106,196,22,38,34,3,2,75,12,165,153,122,127,39,73,6,76,50,53,93,110,30,134,137,111,181,82,23,109,54,158,121,92,49,112,187,142,81,52,108,74,183,83,7,79,185,148,167,189,59,36,46,5,27,133,96,37,138,41,152,56,66,126,198,159,140,182,51,29,154,156,117,71,69,190,43,145,85,164,178,192,40,124,150,139,33,13,172,195,10,78,60,35,88,135,14,31,130,171,116,57,186,98,84,89,162,146,119,28,4,97,131,67,199,62,102,120,1,114,55,155,184,161,80,58,177,169,191,11,104,193,163,170,95,91,90,125,149,32,68,63,157,151,175,128,8,16,136,144,70,168,17,103,21,180,107,188,179,176,42,47,132,166,123,44];True
1383;8861;10244;[194,113,61,19,64,101,100,0,94,143,160,105,174,118,48,99,141,86,45,15,173,18,25,115,24,197,26,9,77,20,129,72,147,65,87,106,196,22,38,34,3,2,75,12,165,153,122,127,39,73,6,178,50,53,93,110,30,134,137,111,181,82,23,109,54,158,121,92,49,112,187,142,81,52,108,74,183,83,7,79,185,148,167,189,59,36,46,5,27,133,96,157,138,41,152,56,66,126,198,159,140,182,51,29,154,156,117,71,69,190,43,145,85,164,76,192,40,124,150,139,33,13,172,195,10,78,60,35,88,135,14,31,130,171,116,57,186,98,84,89,162,146,119,28,4,97,131,67,199,62,102,120,1,114,55,155,184,161,80,58,177,169,191,11,104,193,163,170,95,91,90,125,149,32,68,63,37,151,175,128,8,16,136,144,70,168,17,103,21,180,107,188,179,176,42,47,132,166,123,44];True
1381;8863;10244;[194,113,61,19,64,101,100,67,94,143,160,105,174,118,48,99,141,86,45,15,173,18,25,115,24,197,26,9,77,20,129,72,147,65,87,106,196,22,38,34,3,2,75,12,165,153,122,127,39,73,6,178,50,53,93,110,30,134,137,111,181,82,23,109,54,158,121,92,49,112,187,142,81,52,108,74,183,83,7,79,185,148,167,189,59,36,46,5,27,133,96,157,138,41,152,56,66,126,198,159,140,182,51,29,154,156,117,71,69,190,43,145,85,164,76,192,40,124,150,139,33,13,172,195,10,78,60,35,88,135,14,31,130,171,116,57,186,98,84,89,162,146,119,28,4,97,131,0,199,62,102,120,1,114,55,155,184,161,80,58,177,169,191,11,104,193,163,170,95,91,90,125,149,32,68,63,37,151,175,128,8,16,136,144,70,168,17,103,21,180,107,188,179,176,42,47,132,166,123,44];True
3404;6853;10257;[20,190,188,87,130,5,179,47,57,3,192,89,18,181,68,48,63,118,44,140,124,94,75,36,145,196,113,61,45,138,65,82,187,128,134,195,33,183,162,126,143,160,91,6,77,149,189,7,173,103,168,17,84,122,2,97,0,85,19,26,176,116,142,49,170,95,139,178,66,135,53,56,21,92,147,67,32,165,169,23,163,25,70,90,41,88,164,37,156,71,8,184,123,146,72,78,131,110,101,59,80,100,30,114,182,167,125,58,158,54,197,1,117,98,157,136,137,151,175,12,193,172,39,107,55,14,13,111,52,40,132,129,15,9,28,105,69,159,38,144,109,155,73,99,106,4,115,152,35,161,102,86,133,76,112,104,31,74,34,108,51,50,198,174,16,194,29,154,60,177,27,43,127,96,171,141,11,22,64,79,42,119,148,83,186,199,81,153,166,24,150,10,185,62,120,93,46,180,191,121];True
1380;8878;10258;[194,113,61,19,64,101,100,0,94,143,160,105,174,118,48,99,141,86,45,15,173,18,25,115,24,197,26,9,77,20,129,72,147,65,87,106,196,22,38,34,3,2,75,12,165,153,122,127,39,73,6,178,50,53,93,110,30,134,137,111,181,82,23,109,54,158,121,92,49,112,187,142,81,52,108,74,183,83,7,79,185,148,167,189,59,36,46,5,27,133,96,37,138,41,152,56,66,126,198,159,140,182,51,29,154,156,117,71,69,190,43,145,85,164,76,192,40,124,150,139,33,13,172,195,10,78,60,35,88,135,14,31,130,171,116,57,186,98,84,89,162,146,119,28,4,97,131,67,199,62,102,120,1,114,55,155,184,161,80,58,177,169,191,11,104,193,163,170,95,91,90,125,149,32,68,63,157,151,175,128,8,16,136,144,70,168,17,103,21,180,107,188,179,176,42,47,132,166,123,44];True
3411;6850;10261;[20,190,188,87,130,5,179,47,57,3,192,89,18,181,68,48,63,118,44,140,124,94,75,36,145,196,113,61,45,138,65,82,187,128,134,195,33,183,162,126,143,160,91,6,77,149,189,7,173,103,168,17,84,122,2,97,0,85,19,26,176,116,142,49,170,95,167,178,66,135,53,56,21,92,147,67,32,165,169,23,163,25,70,90,41,88,164,37,156,71,8,184,123,146,72,78,131,110,101,59,80,100,30,114,182,139,125,58,158,54,197,1,117,40,157,136,137,151,175,12,193,172,39,107,55,14,13,111,112,98,132,129,15,9,28,105,69,159,38,144,109,155,73,99,106,4,115,152,35,161,102,186,133,76,52,104,31,74,34,108,51,50,198,174,16,194,29,154,60,177,27,43,127,96,171,141,11,22,64,79,42,119,148,83,86,199,81,153,166,24,150,10,185,62,120,93,46,180,191,121];True
3409;6852;10261;[20,190,188,87,130,5,179,47,57,3,192,89,18,181,68,48,63,118,44,140,124,94,75,36,145,196,113,61,45,138,65,82,187,128,134,195,33,183,162,126,143,160,91,6,77,149,189,7,173,103,168,17,84,122,132,97,0,85,19,26,176,116,142,49,170,95,167,178,66,135,53,56,21,92,147,67,32,165,169,23,163,25,164,90,41,88,70,37,156,71,8,184,123,146,72,78,131,110,101,59,80,100,30,114,182,139,125,58,158,54,197,1,117,98,157,136,137,151,175,12,193,172,39,107,55,14,13,111,52,40,2,129,15,9,28,105,69,159,38,144,109,155,73,99,106,4,115,152,35,161,102,186,133,76,112,104,31,74,34,108,51,50,198,174,16,194,29,154,60,177,27,43,127,96,171,141,11,22,64,79,42,119,148,83,86,199,81,153,166,24,150,10,185,62,120,93,46,180,191,121];True
1372;8891;10263;[194,113,61,19,64,101,100,0,94,143,160,105,174,118,48,99,141,86,45,15,173,18,25,115,24,197,26,9,7,20,129,72,147,65,87,106,196,22,38,34,3,2,75,12,165,153,122,127,39,73,6,76,50,53,93,110,30,134,137,111,181,82,23,109,54,158,121,92,49,112,187,142,81,52,108,74,183,83,17,79,185,148,167,189,59,36,46,5,27,133,96,85,164,41,152,56,66,126,198,159,140,182,51,29,154,156,117,71,69,190,43,145,157,138,178,192,40,124,150,139,33,13,172,195,10,78,60,35,88,135,14,31,130,171,116,57,186,98,84,89,162,146,119,28,4,97,131,67,199,62,102,120,1,114,55,155,184,161,80,58,177,169,191,11,104,193,163,170,95,91,90,125,149,32,68,63,37,151,175,128,8,16,136,144,70,168,77,103,21,180,107,188,179,176,42,47,132,166,123,44];True
1370;8893;10263;[194,113,61,19,64,101,100,67,94,143,160,105,174,118,48,99,141,86,45,15,173,18,25,115,24,197,26,9,7,20,129,72,147,65,87,106,196,22,38,34,3,2,75,12,165,153,122,127,39,73,6,76,50,53,93,110,30,134,137,111,181,82,23,109,54,158,121,92,49,112,187,142,81,52,108,74,183,83,17,79,185,148,167,189,59,36,46,5,27,133,96,85,164,41,152,56,66,126,198,159,140,182,51,29,154,156,117,71,69,190,43,145,157,138,178,192,40,124,150,139,33,13,172,195,10,78,60,35,88,135,14,31,130,171,116,57,186,98,84,89,162,146,119,28,4,97,131,0,199,62,102,120,1,114,55,155,184,161,80,58,177,169,191,11,104,193,163,170,95,91,90,125,149,32,68,63,37,151,175,128,8,16,136,144,70,168,77,103,21,180,107,188,179,176,42,47,132,166,123,44];True
3414;6849;10263;[20,190,188,87,130,5,179,47,57,3,192,89,18,181,68,48,63,118,44,140,124,94,75,36,145,196,113,61,45,138,65,82,187,128,134,195,33,183,162,126,143,160,91,6,77,149,189,7,173,103,168,17,84,122,2,97,0,85,19,26,176,116,142,49,170,95,167,178,66,135,53,56,21,92,147,67,32,165,169,23,163,25,70,90,41,88,164,37,156,71,8,184,123,146,72,78,131,110,101,59,80,100,30,114,182,139,125,58,158,54,197,1,117,98,157,136,137,151,175,12,193,172,39,107,55,14,13,111,52,40,132,129,15,9,28,105,69,159,38,144,109,155,73,99,106,4,115,152,35,161,102,86,133,76,112,104,31,74,34,108,51,50,198,174,16,194,29,154,60,177,27,43,127,96,171,141,11,22,64,79,42,119,148,83,186,199,81,153,166,24,150,10,185,62,120,93,46,180,191,121];True
1377;8886;10263;[194,113,61,19,64,101,100,67,94,143,160,105,174,118,48,99,141,86,45,15,173,18,25,115,24,197,26,9,7,20,129,72,147,6,87,106,196,22,38,34,3,2,75,12,165,153,122,127,39,73,65,76,50,53,93,110,30,134,137,111,181,82,23,109,54,158,121,92,49,112,187,142,81,52,108,74,183,83,17,79,185,148,167,189,59,36,46,5,27,133,96,85,164,41,152,56,66,126,198,159,140,182,51,29,154,156,117,71,69,190,43,145,157,138,178,192,40,124,150,139,33,13,172,195,10,78,60,35,88,135,14,31,130,171,116,57,186,98,84,89,162,146,119,28,4,97,131,0,199,62,102,120,1,114,55,155,184,161,80,58,177,169,191,11,104,193,163,170,95,91,90,125,149,32,68,63,37,151,175,128,8,16,136,144,70,168,77,103,21,180,107,188,179,176,42,47,132,166,123,44];True
3424;6847;10271;[20,190,188,87,130,5,179,47,57,3,192,89,18,181,68,48,63,118,44,140,124,94,75,36,145,196,113,61,45,138,65,82,187,128,134,195,33,183,162,126,143,160,91,6,77,149,189,7,173,103,168,17,84,122,2,97,0,85,19,26,176,116,142,137,170,95,167,178,66,135,53,56,21,92,147,67,32,165,169,23,163,25,70,90,41,88,164,37,156,71,8,184,123,146,72,78,131,110,101,59,80,100,30,114,182,139,125,58,158,54,197,1,117,98,157,136,49,151,175,12,193,172,39,107,55,14,13,111,52,40,132,129,15,9,28,105,69,159,38,144,109,155,73,99,106,4,115,152,35,161,102,86,133,76,112,104,31,74,34,108,51,50,198,174,16,194,29,154,60,177,27,43,127,96,171,141,11,22,64,79,42,119,148,83,186,199,81,153,166,24,150,10,185,62,120,93,46,180,191,121];True
3427;6844;10271;[20,190,188,87,130,5,179,47,57,3,192,89,18,181,68,48,63,118,44,140,124,94,75,36,145,196,113,61,45,138,65,82,187,128,134,195,33,183,162,126,143,160,91,6,77,149,189,7,173,103,168,17,84,122,2,97,0,85,19,26,176,116,142,49,170,95,167,178,66,135,53,56,21,92,147,67,32,165,169,23,163,25,164,90,41,88,70,37,156,71,8,184,123,146,72,78,131,110,101,59,80,100,30,114,182,139,125,58,158,54,197,1,117,98,157,136,137,151,175,12,193,172,39,107,55,14,13,111,52,40,132,129,15,9,28,105,69,159,38,144,109,155,73,99,106,4,115,152,35,161,102,86,133,76,112,104,31,74,34,108,51,50,198,174,16,194,29,154,60,177,27,43,127,96,171,141,11,22,64,79,42,119,148,83,186,199,81,153,166,24,150,10,185,62,120,93,46,180,191,121];True
1363;8910;10273;[194,113,61,19,64,101,100,67,94,143,160,105,174,118,48,99,141,86,45,15,173,18,25,115,24,197,26,9,7,20,129,72,147,65,87,106,196,22,38,34,3,2,75,12,165,153,122,127,39,73,6,76,50,53,93,110,30,134,137,111,181,82,23,109,54,158,121,92,49,112,187,142,81,52,108,74,183,83,17,79,185,148,167,189,59,36,46,5,27,133,96,85,164,41,152,56,66,126,198,159,140,182,51,29,154,156,117,71,69,190,43,145,37,138,178,192,40,124,150,139,33,13,172,195,10,78,60,35,88,135,14,31,130,171,116,57,186,98,84,89,162,146,119,28,4,97,131,0,199,62,102,120,1,114,55,155,184,161,80,58,177,169,191,11,104,193,163,170,95,91,90,125,149,32,68,63,157,151,175,128,8,16,136,144,70,168,77,103,21,180,107,188,179,176,42,47,132,166,123,44];True
3444;6839;10283;[20,190,188,87,130,5,179,47,57,3,32,173,18,181,68,48,63,118,44,140,124,94,75,36,145,196,113,61,45,138,65,82,187,128,134,195,33,183,162,126,143,160,91,6,77,149,189,7,89,103,168,17,84,122,2,97,0,85,19,26,176,116,142,49,170,95,167,93,66,135,53,56,21,92,147,67,192,165,169,23,163,25,70,90,41,88,164,37,156,71,8,184,123,146,72,78,131,110,101,59,80,100,30,114,182,139,125,58,158,54,197,1,117,98,157,136,137,151,175,12,193,172,39,107,55,14,13,111,112,40,132,129,15,9,28,105,69,159,38,144,109,155,73,99,106,4,115,152,35,161,102,186,133,76,52,104,31,74,34,108,51,50,198,174,16,194,29,154,60,177,27,43,127,96,171,141,11,22,64,79,42,119,148,83,86,199,81,153,166,24,150,10,185,62,120,178,46,180,191,121];True
3453;6833;10286;[20,190,188,87,130,5,179,47,57,3,32,173,18,181,68,48,63,118,44,140,124,94,75,36,145,196,113,61,45,138,65,82,187,128,134,195,33,183,162,126,143,160,91,6,77,149,189,7,89,103,168,17,84,122,2,97,0,85,19,26,176,116,142,49,170,95,167,178,66,135,53,56,21,92,147,67,192,165,169,23,163,25,70,90,41,88,164,37,156,71,8,184,123,146,72,78,131,110,101,59,80,100,30,114,182,139,125,58,158,54,197,1,117,98,157,136,137,151,175,12,193,172,39,107,55,14,13,111,52,40,132,129,15,9,28,105,69,159,38,144,109,155,73,99,106,4,115,152,35,161,102,186,133,76,112,104,31,74,34,108,51,50,198,174,16,194,29,154,60,177,27,43,127,96,171,141,11,22,64,79,42,119,148,83,86,199,81,153,166,24,150,10,185,62,120,93,46,180,191,121];True
3459;6827;10286;[20,190,188,87,130,5,179,47,57,3,32,173,18,181,68,48,63,118,44,140,124,94,75,36,145,196,113,61,45,138,65,82,187,128,134,195,33,183,162,126,143,160,91,6,77,149,189,132,89,103,168,17,84,122,2,97,0,85,19,26,176,116,142,49,170,95,167,93,66,135,53,56,21,92,147,67,192,165,169,23,163,25,70,90,41,88,164,37,156,71,8,184,123,146,72,78,131,110,101,59,80,100,30,114,182,139,125,58,158,54,197,1,117,98,157,136,137,151,175,12,193,172,39,107,55,14,13,111,52,40,7,129,15,9,28,105,69,159,38,144,109,155,73,99,106,4,115,152,35,161,102,186,133,76,112,104,31,74,34,108,51,50,198,174,16,194,29,154,60,177,27,43,127,96,171,141,11,22,64,79,42,119,148,83,86,199,81,153,166,24,150,10,185,62,120,178,46,180,191,121];True
1340;8965;10305;[194,113,61,19,64,101,100,67,22,143,160,105,174,118,48,99,141,86,45,15,173,18,25,115,24,197,26,9,7,20,129,72,147,65,87,106,196,31,38,34,3,2,75,12,165,153,122,127,39,73,6,178,50,53,93,110,30,134,137,111,181,82,23,109,54,158,121,92,49,112,187,142,81,52,108,74,183,83,17,79,185,148,167,189,59,36,46,5,27,133,96,157,138,41,152,56,66,126,198,159,140,182,51,29,154,156,117,71,69,190,43,145,85,164,76,192,40,124,150,139,33,13,172,195,10,78,60,35,88,135,14,94,130,171,116,57,186,98,84,89,162,146,119,28,4,97,131,0,199,62,102,120,1,114,55,155,184,161,80,58,177,169,191,11,104,193,163,170,95,91,90,125,149,32,68,63,37,151,175,128,8,16,136,144,70,168,77,103,21,180,107,188,179,176,42,47,132,166,123,44];True
1362;8947;10309;[194,113,61,19,64,101,100,0,94,143,160,105,174,118,48,99,141,86,45,15,173,18,25,115,24,197,26,9,7,20,129,72,147,65,87,106,196,22,38,34,3,2,75,12,165,153,122,127,39,73,6,178,50,53,93,110,30,134,137,111,181,82,23,109,54,158,121,92,49,112,187,142,81,52,108,74,183,83,17,79,185,148,167,189,59,36,46,5,27,133,96,157,138,41,152,56,66,126,198,159,140,182,51,29,154,156,117,71,69,190,43,145,85,164,76,192,40,124,150,139,33,13,172,195,10,78,60,35,88,135,14,31,130,171,116,57,186,98,84,89,162,146,119,28,4,97,131,67,199,62,102,120,1,114,55,155,184,161,80,58,177,169,191,11,104,193,163,170,95,91,90,125,149,32,68,63,37,151,175,128,8,16,136,144,70,168,77,103,21,180,107,188,179,176,42,47,132,166,123,44];True
1360;8949;10309;[194,113,61,19,64,101,100,67,94,143,160,105,174,118,48,99,141,86,45,15,173,18,25,115,24,197,26,9,7,20,129,72,147,65,87,106,196,22,38,34,3,2,75,12,165,153,122,127,39,73,6,178,50,53,93,110,30,134,137,111,181,82,23,109,54,158,121,92,49,112,187,142,81,52,108,74,183,83,17,79,185,148,167,189,59,36,46,5,27,133,96,157,138,41,152,56,66,126,198,159,140,182,51,29,154,156,117,71,69,190,43,145,85,164,76,192,40,124,150,139,33,13,172,195,10,78,60,35,88,135,14,31,130,171,116,57,186,98,84,89,162,146,119,28,4,97,131,0,199,62,102,120,1,114,55,155,184,161,80,58,177,169,191,11,104,193,163,170,95,91,90,125,149,32,68,63,37,151,175,128,8,16,136,144,70,168,77,103,21,180,107,188,179,176,42,47,132,166,123,44];True
1359;8954;10313;[194,113,61,19,64,101,100,67,94,143,160,105,174,118,48,99,141,86,45,15,173,18,25,115,24,197,26,9,7,20,129,72,147,65,87,106,196,22,38,34,3,2,75,12,165,153,122,127,39,73,6,178,50,53,93,110,30,134,137,111,181,82,23,109,54,158,121,92,49,112,187,142,81,52,108,74,183,83,17,79,185,148,167,189,59,36,46,5,27,133,96,157,138,41,152,56,66,126,198,159,140,182,51,29,154,156,117,71,69,190,43,145,85,164,186,192,40,124,150,139,33,13,172,195,10,78,60,35,88,135,14,31,130,171,116,57,76,98,84,89,162,146,119,28,4,97,131,0,199,62,102,120,1,114,55,155,184,161,80,58,177,169,191,11,104,193,163,170,95,91,90,125,149,32,68,63,37,151,175,128,8,16,136,144,70,168,77,103,21,180,107,188,179,176,42,47,132,166,123,44];True
3493;6822;10315;[20,190,188,87,130,5,179,47,57,3,32,173,18,181,68,48,63,118,44,140,124,94,75,36,145,196,113,61,45,138,65,82,187,128,134,195,33,183,162,126,143,160,91,6,77,149,189,7,89,103,168,17,84,122,2,97,0,85,19,26,176,116,142,49,170,95,167,93,66,135,53,56,21,92,147,67,192,165,169,23,163,25,70,90,41,88,164,37,156,71,8,184,123,146,72,78,131,110,101,59,80,100,30,114,182,139,125,58,158,54,197,1,117,98,157,136,137,151,175,12,193,172,39,107,55,14,13,111,52,40,132,129,15,9,28,105,69,159,38,144,109,155,73,99,106,4,115,152,35,161,102,86,133,76,112,104,31,74,34,108,51,50,198,174,16,194,29,154,60,177,27,43,127,96,171,141,11,22,64,79,42,119,148,83,186,199,81,153,166,24,150,10,185,62,120,178,46,180,191,121];True
3517;6820;10337;[20,190,188,87,130,5,179,47,57,3,32,173,18,181,68,48,63,118,44,140,124,94,75,36,145,196,113,61,45,138,65,82,187,128,134,195,33,183,162,126,143,160,91,6,77,149,189,7,89,103,168,17,84,122,2,97,0,85,19,26,176,116,142,49,170,95,167,93,66,135,53,56,21,92,147,67,192,165,169,23,163,25,70,90,41,88,164,37,156,71,8,184,123,146,72,78,131,110,101,59,80,100,30,114,182,139,125,58,158,54,197,1,117,98,157,136,137,151,175,12,193,172,39,107,55,14,13,111,52,40,132,129,15,9,28,105,69,159,38,144,109,155,73,99,106,4,115,152,35,161,102,186,133,76,112,104,31,74,34,108,51,50,198,174,16,194,29,154,60,177,27,43,127,96,171,141,11,22,64,79,42,119,148,83,86,199,81,153,166,24,150,10,185,62,120,178,46,180,191,121];True
3530;6815;10345;[20,190,188,87,130,5,179,47,57,3,32,173,18,181,68,48,63,118,44,140,124,94,75,36,145,196,113,61,45,138,65,82,187,128,134,195,33,183,162,126,143,160,91,6,77,149,189,7,89,103,168,17,84,122,2,97,0,85,19,26,176,116,142,49,170,95,167,93,66,135,53,56,21,92,147,67,192,165,169,23,163,25,164,90,41,88,70,37,156,71,8,184,123,146,72,78,131,110,101,59,80,100,30,114,182,139,125,58,158,54,197,1,117,98,157,136,137,151,175,12,193,172,39,107,55,14,13,111,52,40,132,129,15,9,28,105,69,159,38,144,109,155,73,99,106,4,115,152,35,161,102,186,133,76,112,104,31,74,34,108,51,50,198,174,16,194,29,154,60,177,27,43,127,96,171,141,11,22,64,79,42,119,148,83,86,199,81,153,166,24,150,10,185,62,120,178,46,180,191,121];True
3527;6818;10345;[20,190,188,87,130,5,179,47,57,3,32,173,18,181,68,48,63,118,44,140,124,94,75,36,145,196,113,61,45,138,65,82,187,128,134,195,33,183,162,126,143,160,91,6,77,149,189,7,89,103,168,17,84,122,2,97,0,85,19,26,176,116,142,137,170,95,167,93,66,135,53,56,21,92,147,67,192,165,169,23,163,25,70,90,41,88,164,37,156,71,8,184,123,146,72,78,131,110,101,59,80,100,30,114,182,139,125,58,158,54,197,1,117,98,157,136,49,151,175,12,193,172,39,107,55,14,13,111,52,40,132,129,15,9,28,105,69,159,38,144,109,155,73,99,106,4,115,152,35,161,102,186,133,76,112,104,31,74,34,108,51,50,198,174,16,194,29,154,60,177,27,43,127,96,171,141,11,22,64,79,42,119,148,83,86,199,81,153,166,24,150,10,185,62,120,178,46,180,191,121];True
3564;6812;10376;[20,190,188,87,130,5,179,47,57,3,32,173,18,181,68,48,63,118,44,140,124,94,75,36,145,196,113,61,45,138,65,82,187,128,134,195,33,183,162,126,143,160,91,6,77,149,189,7,89,103,168,17,84,122,2,97,0,85,19,26,176,116,142,49,170,95,167,93,66,135,53,56,21,92,147,67,192,165,169,23,163,25,70,90,41,88,164,37,156,71,8,184,123,146,72,78,131,110,101,59,80,100,30,114,182,139,125,137,158,54,197,1,117,98,157,136,58,151,175,12,193,172,39,107,55,14,13,111,52,40,132,129,15,9,28,105,69,159,38,144,109,155,73,99,106,4,115,152,35,161,102,186,133,76,112,104,31,74,34,108,51,50,198,174,16,194,29,154,60,177,27,43,127,96,171,141,11,22,64,79,42,119,148,83,86,199,81,153,166,24,150,10,185,62,120,178,46,180,191,121];True
3571;6811;10382;[20,190,188,87,130,5,179,47,57,3,32,173,18,181,68,48,63,118,44,140,124,94,75,36,145,196,113,61,45,138,65,82,187,128,134,195,33,183,162,126,143,160,91,6,77,149,189,7,89,103,168,17,84,122,2,97,0,85,19,26,176,116,142,49,170,95,167,93,66,135,53,56,21,92,147,67,192,165,169,23,163,25,70,90,41,88,164,37,156,71,8,184,123,146,72,78,131,110,101,59,80,100,30,114,182,139,125,58,158,54,197,1,117,98,157,136,137,151,175,12,193,172,39,107,55,14,13,111,52,40,132,129,15,9,28,105,69,159,38,144,109,155,73,99,106,4,115,152,35,161,102,186,199,76,112,104,31,74,34,108,51,50,198,174,16,194,29,154,60,177,27,43,127,96,171,141,11,22,64,79,42,119,148,83,86,133,81,153,166,24,150,10,185,62,120,178,46,180,191,121];True
3581;6803;10384;[20,190,188,87,130,5,179,47,57,3,32,173,18,181,68,48,63,118,44,140,124,94,75,36,145,196,113,61,45,138,65,82,187,128,134,195,33,183,162,126,143,160,91,6,77,149,189,7,89,103,168,17,84,122,2,97,0,85,19,26,176,116,142,49,170,95,167,93,66,135,53,56,21,92,147,67,192,165,169,23,163,25,70,90,41,88,164,37,156,71,8,184,123,109,72,78,131,110,101,59,80,100,30,114,182,139,125,58,158,54,197,1,117,98,157,136,137,151,175,12,193,172,39,107,55,14,13,111,52,40,132,129,15,9,28,105,69,159,38,144,146,155,73,99,106,4,115,152,35,161,102,186,133,76,112,104,31,74,34,108,51,50,198,174,16,194,29,154,60,177,27,43,127,96,171,141,11,22,64,79,42,119,148,83,86,199,81,153,166,24,150,10,185,62,120,178,46,180,191,121];True
3624;6799;10423;[20,190,188,87,130,5,179,47,57,3,192,173,18,181,68,48,63,118,44,140,124,94,75,36,145,196,113,61,45,138,65,82,187,128,134,195,33,183,162,126,143,160,91,6,77,149,189,7,89,103,168,17,84,122,2,97,0,85,19,26,176,116,142,49,170,95,167,93,66,135,53,56,21,92,147,67,32,165,169,23,163,25,164,90,41,88,70,37,156,71,8,184,123,109,72,78,131,110,101,59,80,100,30,114,182,139,125,58,158,54,197,1,117,98,157,136,137,151,175,12,193,172,39,107,55,14,13,111,52,40,132,129,15,9,28,105,69,159,38,144,146,155,73,99,106,4,115,152,35,161,102,186,133,76,112,104,31,74,34,108,51,50,198,174,16,194,29,154,60,177,27,43,127,96,171,141,11,22,64,79,42,119,148,83,86,199,81,153,166,24,150,10,185,62,120,178,46,180,191,121];True
3687;6796;10483;[74,20,188,87,130,5,42,47,132,89,115,152,18,181,68,48,63,118,44,140,124,94,75,36,145,196,113,61,45,138,65,82,187,128,134,195,33,183,162,126,143,160,91,6,77,149,189,148,173,116,123,17,84,122,12,97,0,85,19,26,176,3,136,49,170,95,182,93,66,135,53,56,21,92,147,67,32,165,169,23,163,25,70,90,41,88,164,37,156,71,8,184,190,109,72,78,131,110,101,59,80,100,30,114,129,139,125,58,158,54,197,1,117,98,157,142,137,151,175,57,193,172,39,107,55,14,13,111,112,40,2,167,15,9,28,105,69,159,38,144,146,155,73,99,106,4,192,103,35,161,102,186,133,76,52,104,31,168,34,108,51,50,198,174,16,194,29,154,60,179,27,43,127,96,171,141,11,22,64,79,177,199,166,83,86,119,81,153,7,24,150,10,185,62,120,178,46,180,191,121];True
3686;6798;10484;[20,190,188,87,130,5,179,47,57,3,192,173,18,181,68,48,63,118,44,140,124,94,75,36,145,196,167,61,45,138,65,82,187,128,134,195,33,183,162,126,143,160,91,6,77,149,189,7,89,103,168,17,84,122,2,97,0,85,19,26,176,116,142,49,170,95,113,93,66,135,53,56,21,92,147,67,32,165,169,23,163,25,164,90,41,88,70,37,156,71,8,184,123,109,72,78,131,110,101,59,80,100,30,114,182,139,125,58,151,54,197,1,117,98,157,136,137,158,175,12,193,172,39,107,55,14,13,111,52,40,132,129,15,9,28,105,69,159,38,144,146,155,73,99,106,4,115,152,35,161,102,186,133,76,112,104,31,74,34,108,51,50,198,174,16,194,29,154,60,177,27,43,127,96,171,141,11,22,64,79,42,119,148,83,86,199,81,153,166,24,150,10,185,62,120,178,46,180,191,121];True
3698;6795;10493;[74,20,188,87,130,5,42,47,132,89,115,152,18,181,68,48,63,118,44,140,124,94,75,36,145,196,113,61,45,138,65,82,187,128,134,195,33,183,162,126,143,160,91,6,77,149,189,148,173,116,123,17,84,122,12,97,0,85,19,26,176,3,136,49,170,95,182,93,66,135,53,56,21,92,147,67,32,165,169,23,163,25,70,90,41,88,164,37,156,71,8,184,190,109,72,78,131,110,101,59,80,100,30,114,129,139,125,58,158,54,197,1,117,98,157,142,137,151,175,57,193,172,39,107,55,14,13,111,52,112,2,167,15,9,28,105,69,159,38,144,146,155,73,99,106,4,192,103,35,161,102,186,133,76,40,104,31,168,34,108,51,50,198,174,16,194,29,154,60,179,27,43,127,96,171,141,11,22,64,79,177,199,166,83,86,119,81,153,7,24,150,10,185,62,120,178,46,180,191,121];True
3715;6784;10499;[74,20,188,87,130,5,42,119,132,89,115,152,86,181,68,48,63,118,44,140,124,94,75,36,145,196,113,61,45,138,65,82,187,128,134,195,33,183,162,126,143,160,91,6,77,149,189,148,173,116,123,17,84,122,12,97,0,85,19,26,176,3,136,49,170,95,167,93,66,135,53,56,21,92,147,67,32,165,169,23,163,25,70,90,41,88,164,37,156,71,8,184,190,109,72,78,131,110,101,59,80,100,30,114,182,139,125,58,158,54,197,1,117,98,157,142,137,151,175,57,193,172,39,107,55,14,13,111,52,40,2,129,15,9,28,105,69,159,38,144,146,155,73,99,106,4,192,103,35,161,102,186,133,18,112,104,31,168,34,108,51,50,198,174,16,194,29,154,60,179,27,43,127,96,171,141,11,22,64,79,177,199,166,83,76,47,81,153,7,24,150,10,185,62,120,178,46,180,191,121];True
3718;6783;10501;[74,20,188,87,130,5,42,47,132,89,115,152,18,181,68,48,63,118,44,140,124,94,75,36,145,196,113,61,45,138,65,82,187,128,134,195,33,183,162,126,143,160,91,6,77,149,189,148,173,116,123,17,84,122,12,97,0,85,19,26,176,3,136,49,170,95,182,93,66,135,168,56,21,92,147,67,32,165,169,23,163,25,70,90,41,88,164,37,156,71,8,184,190,109,72,78,131,110,101,59,80,100,30,114,129,139,125,58,158,54,197,1,117,98,157,142,137,151,175,57,193,172,39,107,55,14,13,111,52,40,2,167,15,9,28,105,69,159,38,144,146,155,73,99,106,4,192,103,35,161,102,186,133,76,112,104,31,53,34,108,51,50,198,174,16,194,29,154,60,179,27,43,127,96,171,141,11,22,64,79,177,199,166,83,86,119,81,153,7,24,150,10,185,62,120,178,46,180,191,121];True
3749;6780;10529;[74,20,188,87,130,5,42,47,132,89,115,152,18,181,68,48,63,118,44,140,124,94,75,36,145,196,113,61,45,138,65,82,187,128,134,195,33,183,162,126,143,160,91,6,77,149,189,148,173,116,123,17,84,122,12,97,0,85,19,26,176,3,136,49,170,95,182,93,66,135,53,56,21,92,147,67,32,165,169,23,163,25,70,90,41,88,164,37,156,71,8,184,190,109,72,78,131,110,101,59,80,100,30,114,129,139,125,58,158,54,197,1,117,98,157,142,137,151,175,57,193,172,39,107,55,14,13,111,52,40,2,167,15,9,28,105,69,159,38,144,146,155,73,99,106,4,192,103,35,161,102,186,133,76,112,104,168,31,34,108,51,50,198,174,16,194,29,154,60,179,27,43,127,96,171,141,11,22,64,79,177,199,166,83,86,119,81,153,7,24,150,10,185,62,120,178,46,180,191,121];True
3755;6779;10534;[74,20,188,87,130,5,42,47,132,89,115,152,76,181,68,48,63,118,44,140,124,94,75,36,145,196,113,61,45,138,65,82,187,128,134,195,33,183,162,126,143,160,91,6,77,149,189,148,173,116,123,17,84,122,12,97,0,85,19,26,176,3,136,49,170,95,182,93,66,135,53,56,21,92,147,67,32,165,169,23,163,25,70,90,41,88,164,37,156,71,8,184,190,109,72,78,131,110,101,59,80,100,30,114,129,139,125,58,158,54,197,1,117,98,157,142,137,151,175,57,193,172,39,107,55,14,13,111,52,40,2,167,15,9,28,105,69,159,38,144,146,155,73,99,106,4,192,103,35,161,102,186,133,18,112,104,31,168,34,108,51,50,198,174,16,194,29,154,60,179,27,43,127,96,171,141,11,22,64,79,177,199,166,83,86,119,81,153,7,24,150,10,185,62,120,178,46,180,191,121];True
3760;6777;10537;[74,20,188,87,130,5,42,47,132,89,115,152,18,181,68,48,63,118,44,140,124,94,75,36,145,196,113,61,45,138,65,82,187,128,134,195,33,183,162,126,143,160,91,6,77,149,189,148,173,116,123,17,84,122,12,97,0,85,19,26,176,3,136,49,170,95,182,93,66,135,53,56,21,92,147,67,32,165,169,23,163,25,70,90,41,88,164,37,156,71,8,184,190,109,72,78,131,110,101,59,80,100,30,114,129,139,125,58,158,54,197,1,117,98,157,142,137,151,175,57,193,172,39,107,55,14,13,111,52,40,2,167,15,9,28,105,69,159,38,144,146,155,73,99,106,4,192,103,35,161,102,186,133,76,112,104,31,168,34,108,51,50,198,174,16,194,29,154,60,179,27,43,127,96,171,141,11,22,64,79,177,199,166,83,86,119,81,153,7,24,150,10,185,62,120,178,46,180,191,121];True
3766;6776;10542;[50,20,188,87,130,5,42,47,132,89,115,152,18,181,68,48,63,118,44,140,124,94,75,36,145,196,113,61,45,138,65,82,187,128,134,195,33,183,162,126,143,160,91,6,77,149,189,148,173,116,123,17,84,122,12,97,0,85,19,26,176,3,136,49,170,95,182,93,66,135,53,56,21,92,147,67,32,165,169,23,163,25,70,90,41,88,164,37,156,71,8,184,190,109,72,78,131,110,101,59,80,100,30,114,129,139,125,58,158,54,197,1,117,98,157,142,137,151,175,57,193,172,39,107,55,14,13,111,52,40,2,167,15,9,28,105,69,159,38,144,146,155,73,99,106,4,192,103,35,161,102,186,133,76,112,104,31,168,34,108,51,74,198,174,16,194,29,154,60,179,27,43,127,96,171,141,11,22,64,79,177,199,166,83,86,119,81,153,7,24,150,10,185,62,120,178,46,180,191,121];True
3773;6772;10545;[74,20,188,87,130,5,42,47,132,89,115,152,18,181,68,48,63,118,44,140,124,94,75,36,145,196,113,61,45,138,65,82,187,128,134,195,33,183,162,126,143,160,91,6,77,149,189,148,173,116,123,17,84,122,12,97,0,85,19,26,176,3,136,49,170,95,182,93,66,135,53,56,21,92,147,67,32,165,169,23,163,25,164,90,41,88,70,37,156,71,8,184,190,109,72,78,131,110,101,59,80,100,30,114,129,139,125,58,158,54,197,1,117,98,157,142,137,151,175,57,193,172,39,107,55,14,13,111,52,40,2,167,15,9,28,105,69,159,38,144,146,155,73,99,106,4,192,103,35,161,102,186,133,76,112,104,31,168,34,108,51,50,198,174,16,194,29,154,60,179,27,43,127,96,171,141,11,22,64,79,177,199,166,83,86,119,81,153,7,24,150,10,185,62,120,178,46,180,191,121];True
3790;6768;10558;[74,20,188,87,130,5,42,47,132,89,115,152,18,181,68,48,63,118,44,140,124,94,75,36,145,196,113,61,45,138,65,82,187,128,134,195,33,183,162,126,143,160,91,6,77,149,189,148,173,116,123,17,84,122,12,97,0,85,19,26,176,3,136,49,170,95,182,93,66,135,53,56,21,92,147,67,32,165,169,23,163,25,70,90,41,88,164,37,156,71,8,184,190,109,72,78,131,110,101,59,80,100,30,179,129,139,125,58,158,54,197,1,117,98,157,142,137,151,175,57,193,172,39,107,55,14,13,111,52,40,2,167,15,9,28,105,69,159,38,144,146,155,73,99,106,4,192,103,35,161,102,186,133,76,112,104,31,168,34,108,51,50,198,174,16,194,29,154,60,114,27,43,127,96,171,141,11,22,64,79,177,199,166,83,86,119,81,153,7,24,150,10,185,62,120,178,46,180,191,121];True
3815;6763;10578;[74,20,188,87,130,5,114,47,132,89,115,152,18,181,68,48,63,118,44,140,124,94,75,36,145,196,113,61,45,138,65,82,187,128,134,195,33,183,162,126,143,160,91,6,77,149,189,148,173,116,123,17,84,122,12,97,0,85,19,26,176,3,136,49,170,95,182,93,66,135,53,56,21,92,147,67,32,165,169,23,163,25,70,90,41,88,164,37,156,71,8,184,190,109,72,78,131,110,101,59,80,100,30,42,129,139,125,58,158,54,197,1,117,98,157,142,137,151,175,57,193,172,39,107,55,14,13,111,52,40,2,167,15,9,28,105,69,159,38,144,146,155,73,99,106,4,192,103,35,161,102,186,133,76,112,104,31,168,34,108,51,50,198,174,16,194,29,154,60,179,27,43,127,96,171,141,11,22,64,79,177,199,166,83,86,119,81,153,7,24,150,10,185,62,120,178,46,180,191,121];True
3898;6758;10656;[74,20,188,87,130,5,42,47,26,89,115,152,18,181,68,48,63,118,44,140,124,94,75,36,145,196,113,61,45,138,65,82,187,128,134,195,33,183,162,126,143,160,91,6,77,149,189,148,173,116,123,17,84,122,12,97,0,85,19,132,176,3,136,49,170,95,182,93,66,135,53,56,21,92,147,67,32,165,169,23,163,25,70,90,41,88,164,37,156,71,8,184,190,109,72,78,131,110,101,59,80,100,30,114,129,139,125,58,158,54,197,1,117,98,157,142,137,151,175,57,193,172,39,107,55,14,13,111,52,40,2,167,15,9,28,105,69,159,38,144,146,155,73,99,106,4,192,103,35,161,102,186,133,76,112,104,31,168,34,108,51,50,198,174,16,194,29,154,60,179,27,43,127,96,171,141,11,22,64,79,177,199,166,83,86,119,81,153,7,24,150,10,185,62,120,178,46,180,191,121];True
3897;6761;10658;[74,20,188,87,130,5,42,47,132,89,115,152,18,181,68,48,63,118,44,140,124,94,75,36,145,196,113,61,45,138,65,82,187,128,134,195,33,183,162,126,143,160,91,6,77,149,189,148,173,116,123,17,84,122,12,97,0,85,19,26,176,3,136,49,170,95,182,93,66,135,53,56,21,92,147,67,32,165,169,23,163,25,70,90,41,88,164,37,156,71,8,184,190,109,72,78,131,110,101,59,80,100,30,114,112,139,125,58,158,54,197,1,117,98,157,142,137,151,175,57,193,172,39,107,55,14,13,111,52,40,2,167,15,9,28,105,69,159,38,144,146,155,73,99,106,4,192,103,35,161,102,186,133,76,129,104,31,168,34,108,51,50,198,174,16,194,29,154,60,179,27,43,127,96,171,141,11,22,64,79,177,199,166,83,86,119,81,153,7,24,150,10,185,62,120,178,46,180,191,121];True
3896;6762;10658;[74,20,188,87,130,5,42,47,132,89,115,152,18,181,68,48,63,118,44,140,124,94,75,36,145,196,113,61,45,138,65,82,187,128,134,195,33,183,162,126,143,160,91,6,77,149,189,7,173,116,123,17,84,122,12,97,0,85,19,26,176,3,136,49,170,95,182,93,66,135,53,56,21,92,147,67,32,165,169,23,163,25,70,90,41,88,164,37,156,71,8,184,190,109,72,78,131,110,101,59,80,100,30,114,129,139,125,58,158,54,197,1,117,98,157,142,137,151,175,57,193,172,39,107,55,14,13,111,52,40,2,167,15,9,28,105,69,159,38,144,146,155,73,99,106,4,192,103,35,161,102,186,133,76,112,104,31,168,34,108,51,50,198,174,16,194,29,154,60,179,27,43,127,96,171,141,11,22,64,79,177,199,166,83,86,119,81,153,148,24,150,10,185,62,120,178,46,180,191,121];True
3924;6757;10681;[74,20,188,87,130,5,42,47,26,89,75,152,18,181,68,48,63,118,44,140,124,94,196,36,145,115,113,61,45,138,65,82,187,128,134,195,33,183,162,126,143,160,91,6,77,149,189,148,173,116,123,17,84,122,12,97,0,85,19,39,176,3,136,49,170,95,167,93,66,135,168,56,21,92,147,67,32,165,169,23,163,25,164,90,41,88,70,37,156,71,8,184,190,109,72,78,131,110,101,59,80,100,30,114,182,139,125,58,158,54,197,1,117,98,157,142,137,151,175,57,193,172,132,107,55,14,13,111,52,40,2,129,15,9,28,105,69,159,38,144,146,155,73,99,106,4,192,103,35,161,102,186,133,76,112,104,31,53,34,108,51,50,198,174,16,194,29,154,60,179,27,43,127,96,171,141,11,22,64,79,177,199,166,83,86,119,81,153,7,24,150,10,185,62,120,178,46,180,191,121];True
3927;6755;10682;[74,20,188,87,130,5,42,47,26,89,75,36,18,181,68,48,63,118,44,140,124,94,196,152,145,115,113,61,45,138,65,82,187,128,134,195,33,183,162,126,143,160,91,6,77,149,189,148,173,116,123,17,84,122,12,97,0,85,19,132,176,3,136,49,170,95,129,93,66,135,168,56,21,92,147,67,32,165,169,23,163,25,70,90,41,88,164,37,156,71,8,184,190,109,72,78,131,110,101,59,80,100,30,114,182,139,125,58,158,54,197,1,117,98,157,142,137,151,175,57,193,172,39,107,55,14,13,111,52,40,2,167,15,9,28,105,69,159,38,144,146,155,73,99,106,4,192,103,35,161,102,186,133,76,112,104,31,53,34,108,51,50,198,174,16,194,29,154,60,179,27,43,127,96,171,141,11,22,64,79,177,199,166,83,86,119,81,153,7,24,150,10,185,62,120,178,46,180,191,121];True
3935;6753;10688;[74,20,188,87,130,5,42,47,26,89,75,36,18,181,68,48,63,118,44,140,124,94,196,152,145,115,113,61,45,138,65,82,187,128,134,195,33,183,162,126,143,160,91,6,77,149,189,148,173,116,123,17,84,122,12,97,0,85,19,132,176,3,136,49,170,95,167,93,66,135,168,56,21,92,147,67,32,165,169,23,163,25,164,90,41,88,70,37,156,71,8,184,190,109,72,78,131,110,101,59,80,100,30,114,182,139,125,58,158,54,197,1,117,98,157,142,137,151,175,57,193,172,39,107,55,14,13,111,52,40,2,129,15,9,28,105,69,159,38,144,146,155,73,99,106,4,192,103,35,161,102,186,133,76,112,104,31,53,34,108,51,50,198,174,16,194,29,154,60,179,27,43,127,96,171,141,11,22,64,79,177,199,166,83,86,119,81,153,7,24,150,10,185,62,120,178,46,180,191,121];True
3962;6743;10705;[74,20,188,87,130,5,42,47,26,89,75,152,18,181,68,48,63,118,44,140,124,94,196,36,145,115,113,61,45,138,65,82,187,128,134,195,33,183,162,126,143,160,91,6,77,149,189,148,173,116,123,17,84,122,12,97,0,85,19,132,176,3,136,49,170,95,182,93,66,135,168,56,21,92,147,67,32,165,169,23,163,25,70,90,41,88,164,37,156,71,8,184,190,109,72,78,131,110,101,59,80,100,30,114,129,139,125,58,158,54,197,1,117,98,157,142,137,151,175,57,193,172,39,107,55,14,13,111,52,40,2,167,15,9,28,105,69,159,38,144,146,155,73,99,106,4,192,103,35,161,102,186,133,76,112,104,31,53,34,108,51,50,198,174,16,194,29,154,60,179,27,43,127,96,171,141,11,22,64,79,177,199,166,83,86,119,81,153,7,24,150,10,185,62,120,178,46,180,191,121];True
3960;6752;10712;[74,20,188,87,130,5,42,47,26,89,75,152,76,181,68,48,63,118,44,140,124,94,196,36,145,115,113,61,45,138,65,82,187,128,134,195,33,183,162,126,143,160,91,6,77,149,189,148,173,116,123,17,84,122,12,97,0,85,19,132,176,3,136,49,170,95,129,93,66,135,168,56,21,92,147,67,32,165,169,23,163,25,70,90,41,88,164,37,156,71,8,184,190,109,72,78,131,110,101,59,80,100,30,114,182,139,125,58,158,54,197,1,117,98,157,142,137,151,175,57,193,172,39,107,55,14,13,111,52,40,2,167,15,9,28,105,69,159,38,144,146,155,73,99,106,4,192,103,35,161,102,186,133,18,112,104,31,53,34,108,51,50,198,174,16,194,29,154,60,179,27,43,127,96,171,141,11,22,64,79,177,199,166,83,86,119,81,153,7,24,150,10,185,62,120,178,46,180,191,121];True
4011;6740;10751;[74,20,188,87,130,5,42,47,26,89,75,152,18,181,68,48,63,118,44,140,124,94,196,36,145,115,113,61,45,138,65,82,187,128,134,195,33,183,162,126,143,160,91,6,77,149,189,148,173,116,123,17,84,122,12,97,0,85,19,132,176,3,136,49,170,95,167,93,66,135,168,56,21,92,147,67,32,165,169,23,163,25,164,90,41,88,70,37,156,71,8,184,190,109,72,78,131,110,101,59,80,100,30,114,182,139,125,137,158,54,197,1,117,98,157,142,58,151,175,57,193,172,39,107,55,14,13,111,52,40,2,129,15,9,28,105,69,159,38,144,146,155,73,99,106,4,192,103,35,161,102,186,133,76,112,104,31,53,34,108,51,50,198,174,16,194,29,154,60,179,27,43,127,96,171,141,11,22,64,79,177,199,166,83,86,119,81,153,7,24,150,10,185,62,120,178,46,180,191,121];True
4034;6732;10766;[74,20,188,87,130,5,42,47,26,89,75,152,18,181,68,48,63,118,44,140,124,94,196,36,145,115,113,61,45,138,65,82,187,128,134,195,33,183,162,126,143,160,91,6,77,149,189,7,103,116,123,17,84,122,12,97,0,85,19,132,176,3,136,49,170,95,167,93,66,135,168,56,21,92,147,67,32,165,169,23,163,25,70,90,41,88,164,37,156,71,8,184,190,109,72,78,131,110,101,59,80,100,30,114,182,139,125,58,151,175,57,1,117,98,157,142,137,158,54,197,193,172,39,107,55,14,13,111,52,40,2,129,15,9,28,105,69,159,38,144,146,155,73,99,106,4,192,173,35,161,102,186,133,76,112,104,31,53,34,108,51,50,198,174,16,194,29,154,60,179,27,43,127,96,171,141,11,22,64,79,177,199,148,83,86,119,81,153,166,24,150,10,185,62,120,178,46,180,191,121];True
4082;6731;10813;[74,20,188,87,130,5,42,47,26,89,75,152,18,181,68,48,63,118,44,140,124,94,196,36,145,115,113,61,45,138,65,82,187,128,134,195,33,183,162,126,143,160,91,6,77,149,189,148,173,116,123,17,84,122,12,97,0,85,19,132,176,3,136,49,170,95,167,93,66,135,168,56,21,92,147,67,32,165,169,23,163,25,164,90,41,88,70,37,156,71,8,184,190,109,72,78,131,110,101,59,80,100,30,114,182,139,125,58,158,54,197,1,117,98,157,142,137,151,175,57,193,172,39,107,55,14,13,111,52,40,2,7,15,9,28,105,69,159,38,144,146,155,73,99,106,4,192,103,35,161,102,186,133,76,112,104,31,53,34,108,51,50,198,174,16,194,29,154,60,179,27,43,127,96,171,141,11,22,64,79,177,199,166,83,86,119,81,153,129,24,150,10,185,62,120,178,46,180,191,121];True
4125;6730;10855;[74,20,188,87,130,5,42,47,26,89,75,152,18,181,68,48,63,118,44,140,124,94,196,36,145,115,113,61,45,138,65,82,187,128,134,195,33,183,162,126,143,160,91,6,77,149,189,7,103,116,123,17,84,122,12,97,0,85,19,132,176,3,136,49,170,95,129,93,66,135,168,56,21,92,147,67,32,165,169,23,163,25,70,90,41,88,164,37,156,71,8,184,190,109,72,78,131,110,101,59,80,100,30,114,182,139,125,58,151,175,57,1,117,98,157,142,137,158,54,197,193,172,39,107,55,14,13,111,52,40,2,167,15,9,28,105,69,159,38,144,146,155,73,99,106,4,192,173,35,161,102,186,133,76,112,104,31,53,34,108,51,50,198,174,16,194,29,154,60,179,27,43,127,96,171,141,11,22,64,79,177,199,166,83,86,119,81,153,148,24,150,10,185,62,120,178,46,180,191,121];True
4133;6728;10861;[74,20,188,87,130,5,42,47,26,89,75,152,18,181,68,48,63,118,44,140,124,94,196,36,145,115,113,61,45,138,65,82,187,128,134,195,33,183,162,126,143,160,91,6,77,149,189,7,103,116,123,17,84,122,12,97,0,85,19,132,176,3,136,49,170,95,167,93,66,135,168,56,21,92,147,67,32,165,169,23,163,25,164,90,41,88,70,37,156,71,8,184,190,109,72,78,131,110,101,59,80,100,30,114,182,139,125,58,151,175,57,1,117,98,157,142,137,158,54,197,193,172,39,107,55,14,13,111,52,40,2,129,15,9,28,105,69,159,38,144,146,155,73,99,106,4,192,173,35,161,102,186,133,76,112,104,31,53,34,108,51,50,198,174,16,194,29,154,60,179,27,43,127,96,171,141,11,22,64,79,177,199,166,83,86,119,81,153,148,24,150,10,185,62,120,178,46,180,191,121];True
4148;6727;10875;[74,20,188,87,130,5,42,47,26,89,75,152,18,181,68,48,63,118,44,140,124,94,196,36,145,115,113,61,45,138,65,82,187,128,134,195,33,183,162,126,143,160,91,6,77,149,189,7,103,116,123,17,84,122,12,97,0,85,19,132,176,3,136,49,170,95,167,93,66,135,168,56,21,92,147,67,32,165,169,23,163,25,70,90,41,88,164,37,156,71,8,184,190,109,72,78,131,110,101,59,80,100,30,114,182,139,125,137,151,175,57,1,117,98,157,142,58,158,54,197,193,172,39,107,55,14,13,111,52,40,2,129,15,9,28,105,69,159,38,144,146,155,73,99,106,4,192,173,35,161,102,186,133,76,112,104,31,53,34,108,51,50,198,174,16,194,29,154,60,179,27,43,127,96,171,141,11,22,64,79,177,199,166,83,86,119,81,153,148,24,150,10,185,62,120,178,46,180,191,121];True
4164;6726;10890;[74,20,188,87,130,5,42,47,26,89,75,152,18,181,68,48,63,118,44,140,124,94,196,36,145,115,113,61,45,138,65,82,187,128,134,195,33,183,162,126,143,160,91,6,77,149,189,7,103,116,123,17,84,122,12,97,0,85,19,132,176,3,136,49,170,95,167,93,66,135,168,56,21,92,147,67,32,165,169,23,163,25,70,90,41,88,164,37,156,71,8,157,190,109,72,78,131,110,101,59,80,100,30,114,182,139,125,58,151,175,57,1,117,98,184,142,137,158,54,197,193,172,39,107,55,14,13,111,52,40,2,129,15,9,28,105,69,159,38,144,146,155,73,99,106,4,192,173,35,161,102,186,133,76,112,104,31,53,34,108,51,50,198,174,16,194,29,154,60,179,27,43,127,96,171,141,11,22,64,79,177,199,166,83,86,119,81,153,148,24,150,10,185,62,120,178,46,180,191,121];True
4185;6725;10910;[74,20,188,87,130,5,42,47,26,89,75,152,18,181,68,48,63,118,44,140,124,94,196,36,145,115,113,61,45,138,65,82,187,128,134,195,33,183,162,126,143,160,91,6,77,149,189,7,103,116,123,17,84,122,12,97,0,85,19,132,176,3,136,49,170,95,182,93,66,135,168,56,21,92,147,67,32,165,169,23,163,25,70,90,41,88,164,37,156,71,8,184,190,109,72,78,131,110,101,59,80,100,30,114,129,139,125,58,151,175,197,1,117,98,157,142,137,158,54,57,193,172,39,107,55,14,13,111,52,40,2,167,15,9,28,105,69,159,38,144,146,155,73,99,106,4,192,173,35,161,102,186,133,76,112,104,31,53,34,108,51,50,198,174,16,194,29,154,60,179,27,43,127,96,171,141,11,22,64,79,177,199,166,83,86,119,81,153,148,24,150,10,185,62,120,178,46,180,191,121];True
4206;6722;10928;[74,20,188,87,130,5,42,47,26,89,75,152,18,181,68,48,63,118,44,140,124,94,196,36,145,115,113,61,45,138,65,82,187,128,134,195,33,183,162,126,143,160,91,6,77,149,189,7,103,116,123,17,84,122,12,97,0,85,19,132,176,3,136,49,170,95,167,93,66,135,168,56,21,92,147,67,32,165,169,23,163,25,70,90,41,88,164,37,156,71,8,184,190,109,72,78,131,110,101,59,80,100,30,114,182,139,125,58,151,175,57,1,117,98,157,142,137,158,54,197,193,172,39,107,55,14,13,111,52,40,2,129,15,9,28,105,69,159,38,144,146,155,73,99,106,4,192,173,35,161,102,186,133,22,112,104,31,53,34,108,51,50,198,174,16,194,29,154,60,179,27,43,127,96,171,141,11,76,64,79,177,199,166,83,86,119,81,153,148,24,150,10,185,62,120,178,46,180,191,121];True
4258;6720;10978;[74,20,188,87,130,5,42,47,26,89,75,152,18,181,68,48,63,118,44,140,124,94,196,36,145,115,113,61,45,138,65,82,187,128,134,195,33,183,162,126,143,160,91,6,77,149,189,7,103,116,123,17,84,122,12,97,0,85,19,132,176,3,136,49,170,95,167,93,66,135,168,56,21,92,147,67,32,165,169,23,163,25,70,90,41,88,164,37,156,71,8,184,190,109,72,78,131,110,101,59,80,100,30,114,182,139,125,58,151,175,57,1,117,98,157,142,137,158,62,197,193,172,39,107,55,14,13,111,52,40,2,129,15,9,28,105,69,159,38,144,146,155,73,99,106,4,192,173,35,161,102,186,133,76,112,104,31,53,34,108,51,50,198,174,16,194,29,154,60,179,27,43,127,96,171,141,11,22,64,79,177,199,166,83,86,119,81,153,148,24,150,10,185,54,120,178,46,180,191,121];True
4347;6719;11066;[74,20,188,87,130,5,42,47,26,89,75,152,18,181,68,48,63,118,44,140,124,94,196,36,145,115,113,61,45,138,65,82,187,128,134,195,33,183,162,126,143,160,91,6,77,149,189,7,103,116,123,17,84,122,12,97,0,85,10,132,176,3,136,49,170,95,167,93,66,135,168,56,21,92,147,67,32,165,169,23,163,25,70,90,41,88,164,37,156,71,8,157,190,109,72,78,131,110,101,59,80,100,30,114,182,139,125,58,151,175,197,1,117,98,184,142,137,158,54,57,193,172,39,107,55,14,13,111,52,40,2,129,15,9,28,105,69,159,38,144,146,155,73,99,106,4,192,173,35,161,102,186,133,76,112,104,31,53,34,108,51,50,198,174,16,194,29,154,60,179,27,43,127,96,171,141,11,22,64,79,177,199,166,83,86,119,81,153,148,24,150,19,185,62,120,178,46,180,191,121];True
4394;6718;11112;[74,20,188,87,130,5,42,47,26,89,75,152,18,181,68,48,63,118,44,140,124,94,196,36,145,115,113,61,45,138,65,82,187,128,134,195,33,183,162,126,143,160,91,6,77,149,189,7,103,116,123,17,84,122,12,97,0,85,10,132,176,3,136,49,170,95,167,93,66,135,168,146,21,92,147,67,32,165,169,23,163,25,70,90,41,88,164,37,156,71,8,184,190,109,72,78,131,110,101,59,80,100,30,114,182,139,125,58,151,175,197,1,117,98,157,142,137,158,54,57,193,172,39,107,55,14,13,111,52,40,2,129,15,9,28,105,69,159,38,144,56,155,73,99,106,4,192,173,35,161,102,186,133,76,112,104,31,53,34,108,51,50,198,174,16,194,29,154,60,179,27,43,127,96,171,141,11,22,64,79,177,199,166,83,86,119,81,153,148,24,150,19,185,62,120,178,46,180,191,121];True
4397;6716;11113;[74,20,188,87,130,5,42,47,26,89,75,152,18,181,68,48,63,118,44,140,124,94,196,36,145,115,113,61,45,138,65,82,187,128,134,195,33,183,162,126,143,160,91,6,77,149,189,7,103,116,123,17,84,122,12,185,0,85,10,132,176,3,136,49,170,95,167,93,66,135,168,56,21,92,147,67,32,165,169,23,163,25,70,90,41,88,164,37,156,71,8,184,190,109,72,78,131,110,101,59,80,100,30,114,182,139,125,58,151,175,197,1,117,98,157,142,137,158,54,57,193,172,39,107,55,14,13,111,52,40,2,129,15,9,28,105,69,159,38,144,146,155,73,99,106,4,192,173,35,161,102,186,133,76,112,104,31,53,34,108,51,50,198,174,16,194,29,154,60,179,27,43,127,96,171,141,11,22,64,79,177,199,166,83,86,119,81,153,148,24,150,19,97,62,120,178,46,180,191,121];True
4545;6715;11260;[74,20,188,87,130,5,42,47,26,89,75,152,18,181,68,48,34,118,44,140,124,94,196,36,145,115,113,61,45,138,65,82,187,128,134,195,33,183,162,126,143,160,91,6,77,149,189,7,103,116,123,17,84,122,12,97,0,85,10,132,176,3,136,49,170,95,167,93,66,135,168,56,21,92,147,67,32,165,169,23,163,25,70,90,41,88,164,37,156,71,8,184,190,109,72,78,131,110,101,59,80,100,30,114,182,139,125,58,151,175,197,1,117,98,157,142,137,158,54,57,193,172,39,107,55,14,13,111,52,40,2,129,15,9,28,105,69,159,38,144,146,155,73,99,106,4,192,173,35,161,102,186,133,76,112,104,31,53,63,108,51,50,198,174,16,194,29,154,60,179,27,43,127,96,171,141,11,22,64,79,177,199,166,83,86,119,81,153,148,24,150,19,185,62,120,178,46,180,191,121];True
4564;6714;11278;[74,20,188,87,130,5,42,47,26,89,75,152,18,181,68,48,34,118,44,140,124,94,196,36,145,115,113,61,45,138,65,82,187,128,134,195,33,183,162,126,143,160,91,6,77,149,189,7,103,116,123,17,84,122,12,185,0,85,19,132,176,3,136,49,170,95,167,93,66,135,168,56,21,92,147,67,32,165,169,23,163,25,70,90,41,88,164,37,156,71,8,184,190,109,72,78,131,110,101,59,80,100,30,114,182,139,125,58,151,175,197,1,117,98,157,142,137,158,54,57,193,172,39,107,55,14,13,111,52,40,2,129,15,9,28,105,69,159,38,144,146,155,73,99,106,4,192,173,35,161,102,186,133,76,112,104,31,53,63,108,51,50,198,174,16,194,29,154,60,179,27,43,127,96,171,141,11,22,64,79,177,199,166,83,86,119,81,153,148,24,150,10,97,62,120,178,46,180,191,121];True
4682;6712;11394;[73,20,188,87,130,5,42,47,26,89,75,152,18,181,68,48,63,118,44,140,124,94,196,36,145,115,113,61,184,138,65,82,187,128,22,40,33,183,162,126,143,160,91,6,77,149,189,7,103,116,123,168,84,122,195,97,0,85,19,132,176,3,136,49,170,95,167,93,66,135,53,56,21,92,147,67,32,165,169,23,163,25,70,90,41,88,164,37,156,71,8,45,190,109,72,78,131,110,101,59,80,100,30,114,182,139,125,58,151,175,197,1,117,98,157,142,137,158,54,57,193,172,39,107,55,14,13,111,52,2,12,129,15,9,28,105,69,159,38,144,146,155,17,99,106,4,192,173,35,161,102,186,133,76,112,104,31,74,34,108,51,50,198,174,16,194,29,154,60,179,27,43,127,96,171,141,11,134,64,79,177,199,166,83,86,119,81,153,148,24,150,10,185,62,120,178,46,180,191,121];True
4746;6698;11444;[198,174,190,10,130,5,42,47,26,145,115,152,186,148,139,48,106,20,44,140,124,168,34,142,1,117,113,61,45,138,123,82,187,128,134,195,33,94,118,126,143,160,91,75,77,149,189,7,173,116,65,4,84,122,2,97,0,85,18,132,176,3,196,49,170,95,167,93,66,135,51,50,21,92,147,67,32,165,169,23,163,25,70,90,41,88,146,37,156,71,8,184,162,109,72,78,131,110,101,59,80,100,30,114,182,15,36,58,151,175,197,125,6,98,157,136,137,158,54,120,193,172,39,107,55,14,13,111,52,40,87,181,68,9,28,105,69,159,38,144,56,63,73,99,155,178,192,103,35,161,102,12,133,76,112,104,31,183,164,108,188,74,53,17,16,194,29,154,60,179,27,43,127,96,171,141,11,22,64,79,177,199,166,83,86,119,81,153,129,24,150,19,185,62,57,89,46,180,191,121];True
4867;6696;11563;[198,174,190,10,130,5,42,47,26,145,115,152,186,148,139,48,106,20,44,140,124,168,34,136,1,117,113,61,45,138,65,82,187,128,134,195,33,94,118,126,143,160,91,75,77,149,189,7,173,116,123,4,84,122,2,97,0,85,18,132,176,3,196,49,170,95,167,93,66,135,51,50,21,92,147,67,32,165,169,23,163,25,70,90,41,88,146,37,156,71,8,184,162,109,72,78,131,110,101,59,80,100,30,114,182,15,36,58,151,175,197,125,6,98,157,142,137,158,54,120,193,172,39,107,55,14,13,111,52,40,87,181,68,9,28,105,69,159,38,144,56,63,73,99,155,178,192,103,35,161,102,12,133,76,112,104,31,183,164,108,188,74,53,17,16,194,29,154,60,179,27,43,127,96,171,141,11,22,64,79,177,199,166,83,86,119,81,153,129,24,150,19,185,62,57,89,46,180,191,121];True
4877;6695;11572;[198,174,118,10,130,5,42,47,26,145,115,152,186,148,139,48,106,20,44,140,124,168,34,136,1,117,113,61,45,138,123,82,187,128,134,195,33,94,190,126,143,160,91,75,77,149,189,7,173,116,65,4,84,122,2,97,0,85,18,132,176,3,196,49,170,95,167,93,66,135,51,50,21,92,147,67,32,165,169,23,163,25,70,90,41,88,146,37,156,71,8,184,162,109,72,78,131,110,101,59,80,100,30,114,182,15,36,58,151,175,197,125,6,98,157,142,137,158,54,120,193,172,39,107,55,14,13,111,52,40,87,181,68,9,28,105,69,159,38,144,56,63,73,99,155,178,192,103,35,161,102,12,133,76,112,104,31,183,164,108,188,74,53,17,16,194,29,154,60,179,27,43,127,96,171,141,11,22,64,79,177,199,166,83,86,119,81,153,129,24,150,19,185,62,57,89,46,180,191,121];True
4927;6693;11620;[198,174,190,10,130,5,42,47,26,145,115,152,186,166,139,48,106,20,44,140,124,168,34,136,1,117,113,61,45,138,123,82,187,128,134,195,33,94,118,126,143,160,91,75,77,149,189,7,173,116,65,4,84,122,2,97,0,85,18,132,176,3,196,49,170,95,167,93,66,135,51,50,21,92,147,67,32,165,169,23,163,25,70,90,41,88,146,37,156,71,8,184,162,109,72,78,131,110,101,59,80,100,30,114,182,15,36,58,151,175,197,125,6,98,157,142,137,158,54,120,193,172,39,107,55,14,13,111,52,40,87,181,68,9,28,105,69,159,38,144,56,63,73,99,155,178,192,103,35,161,102,12,133,76,112,104,31,183,164,108,188,74,53,17,16,194,29,154,60,179,27,43,127,96,171,141,11,22,64,79,177,199,148,83,86,119,81,153,129,24,150,19,185,62,57,89,46,180,191,121];True
4962;6689;11651;[198,174,190,10,130,5,42,47,26,145,115,152,186,148,139,48,106,20,146,140,124,168,34,136,1,117,113,61,45,138,123,82,187,128,134,195,33,94,118,126,143,160,91,75,77,149,189,7,173,116,65,4,84,122,2,97,0,85,18,132,176,3,196,49,170,95,167,93,66,135,51,50,21,92,147,67,32,165,169,23,163,25,70,90,41,88,44,37,156,71,8,184,162,109,72,78,131,110,101,59,80,100,30,114,182,15,36,58,151,175,197,125,6,98,157,142,137,158,54,120,193,172,39,107,55,14,13,111,52,40,87,181,68,9,28,105,69,159,38,144,56,63,73,99,155,178,192,103,35,161,102,12,133,76,112,104,31,183,164,108,188,74,53,17,16,194,29,154,60,179,27,43,127,96,171,141,11,22,64,79,177,199,166,83,86,119,81,153,129,24,150,19,185,62,57,89,46,180,191,121];True
5042;6688;11730;[198,174,190,10,130,5,42,47,26,145,115,152,186,148,139,48,106,20,44,37,124,168,34,136,1,117,113,61,45,138,123,82,187,128,134,195,33,94,118,126,143,160,91,75,77,149,189,7,173,116,65,4,84,122,2,97,0,85,18,132,176,3,196,49,170,95,167,93,66,135,51,50,21,92,147,67,32,165,169,23,163,25,70,90,41,88,146,140,156,71,8,184,162,109,72,78,131,110,101,59,80,100,30,114,182,15,36,58,151,175,197,125,6,98,157,142,137,158,54,120,193,172,39,107,55,14,13,111,52,40,87,181,68,9,28,105,69,159,38,144,56,63,73,99,155,178,192,103,35,161,102,12,133,76,112,104,31,183,164,108,188,74,53,17,16,194,29,154,60,179,27,43,127,96,171,141,11,22,64,79,177,199,166,83,86,119,81,153,129,24,150,19,185,62,57,89,46,180,191,121];True
5115;6681;11796;[198,29,90,41,187,60,179,47,26,145,115,152,186,129,139,123,106,20,56,140,124,168,164,190,174,196,113,61,45,138,65,82,172,128,134,195,33,94,118,126,143,160,154,75,77,149,189,7,103,116,51,4,84,122,2,97,0,85,18,132,176,3,136,49,170,95,167,93,66,135,48,50,21,92,147,67,32,165,169,23,163,25,70,125,6,88,44,37,156,71,8,184,162,109,72,78,131,110,101,59,80,100,30,114,182,15,36,58,151,175,197,1,117,98,157,142,137,158,54,57,193,91,39,107,55,14,13,111,52,40,87,181,68,9,28,105,69,159,38,144,146,63,73,99,155,178,192,173,35,161,102,12,133,76,112,104,31,183,34,108,188,74,53,17,16,194,19,130,5,42,27,43,127,96,171,141,11,22,64,79,177,199,148,83,86,119,81,153,166,24,150,10,185,62,120,89,46,180,191,121];True
5236;6675;11911;[198,29,90,41,187,60,179,47,26,145,115,152,186,129,139,123,106,20,56,140,124,168,34,108,174,196,113,61,45,138,65,82,172,128,134,195,33,94,118,126,143,160,91,75,77,149,189,7,173,116,51,4,84,122,2,97,0,85,18,132,176,3,136,49,170,95,167,93,66,135,48,50,21,92,147,67,32,165,169,23,163,25,70,125,6,88,44,37,156,71,8,184,162,109,72,78,131,110,101,59,80,100,30,114,182,15,36,58,151,175,197,1,117,98,157,142,137,158,54,57,193,154,39,107,55,14,13,111,52,40,87,181,68,9,28,105,69,159,38,144,146,63,73,99,155,178,192,103,35,161,102,12,133,76,112,104,31,183,164,190,188,74,53,17,16,194,19,130,5,42,27,43,127,96,171,141,11,22,64,79,177,199,148,83,86,119,81,153,166,24,150,10,185,62,120,89,46,180,191,121];True
5232;6680;11912;[198,29,90,41,187,60,179,47,26,145,115,152,186,129,139,123,106,194,56,140,124,168,164,190,174,196,167,61,45,138,65,82,172,128,134,195,33,94,118,126,143,160,91,75,77,149,189,7,173,116,51,4,84,122,2,97,0,85,18,132,176,3,136,49,170,95,113,93,66,135,48,50,21,92,147,67,32,165,169,23,163,25,70,125,6,88,44,37,156,71,8,184,162,109,72,78,131,110,101,59,80,100,30,114,182,15,36,58,151,175,197,1,117,98,157,142,137,158,54,57,193,154,39,107,55,14,13,111,52,40,87,181,68,9,28,105,69,159,38,144,146,63,73,99,155,178,192,103,35,161,102,12,133,76,112,104,31,183,34,108,188,74,53,17,16,20,19,130,5,42,27,43,127,96,171,141,11,22,64,79,177,199,148,83,86,119,81,153,166,24,150,10,185,62,120,89,46,180,191,121];True
5277;6674;11951;[198,29,90,41,187,60,179,47,26,145,115,152,186,129,139,123,106,20,56,140,124,168,34,190,174,196,113,61,45,138,65,82,172,128,134,195,33,94,118,126,143,160,154,75,77,149,189,7,173,116,51,4,84,122,2,97,0,85,18,132,176,3,136,49,170,95,167,93,66,135,48,50,21,92,147,67,32,165,169,23,163,25,70,125,6,88,44,37,156,71,8,184,162,109,72,78,131,110,101,59,80,100,30,114,182,15,36,58,151,175,197,1,117,98,157,142,137,158,54,57,193,91,39,107,55,14,13,111,52,40,87,181,68,9,28,105,69,159,38,144,146,63,73,99,155,178,192,103,35,161,102,12,133,76,112,104,31,183,164,108,188,74,53,17,16,194,19,130,5,42,27,43,127,96,171,141,11,22,64,79,177,199,148,83,86,119,81,153,166,24,150,10,185,62,120,89,46,180,191,121];True
5306;6672;11978;[198,29,90,41,187,60,179,47,26,145,115,152,186,129,139,123,106,20,56,140,124,168,34,108,174,196,113,61,45,135,51,82,172,128,134,195,33,94,118,126,143,160,91,75,77,149,189,7,173,116,65,4,84,122,2,97,0,85,18,132,176,3,136,49,170,95,167,93,66,138,48,50,21,92,147,67,32,165,169,23,163,25,70,125,6,88,44,37,156,71,8,184,162,109,72,78,131,110,101,59,80,100,30,114,182,15,36,58,151,175,197,1,117,98,157,142,137,158,54,57,193,154,39,107,55,14,13,111,52,40,87,181,68,9,28,105,69,159,38,144,146,63,73,99,155,178,192,103,35,161,102,12,133,76,112,104,31,183,164,190,188,74,53,17,16,194,19,130,5,42,27,43,127,96,171,141,11,22,64,79,177,199,148,83,86,119,81,153,166,24,150,10,185,62,120,89,46,180,191,121];True
5364;6665;12029;[198,29,90,41,187,60,179,47,26,145,115,152,186,129,139,123,106,20,56,140,124,168,34,108,174,196,113,61,45,188,51,82,172,128,134,195,33,94,118,126,143,160,91,75,77,149,189,7,173,116,65,4,84,122,2,97,0,85,18,132,176,3,136,49,170,95,167,93,66,135,48,50,21,92,147,67,32,165,169,23,163,25,70,125,6,88,44,37,156,71,8,184,162,109,72,78,131,110,101,59,80,100,30,114,182,15,36,58,151,175,197,1,117,98,157,142,137,158,54,57,193,154,39,107,55,14,13,111,52,40,87,181,68,9,28,105,69,159,38,144,146,63,73,99,155,178,192,103,35,161,102,12,133,76,112,104,31,183,164,190,138,74,53,17,16,194,19,130,5,42,27,43,127,96,171,141,11,22,64,79,177,199,148,83,86,119,81,153,166,24,150,10,185,62,120,89,46,180,191,121];True
5362;6669;12031;[198,29,90,41,187,60,179,47,26,145,115,152,186,129,139,123,106,20,146,140,124,168,34,118,174,196,113,61,45,138,51,82,172,128,134,195,33,94,190,126,143,160,91,75,77,149,189,7,173,116,65,4,84,122,2,97,0,85,18,132,176,3,136,49,170,95,167,93,66,135,48,50,21,92,147,67,32,165,169,23,163,25,70,125,6,88,44,37,156,71,8,184,162,109,72,78,131,110,101,59,80,100,30,114,182,15,36,58,151,175,197,1,117,98,157,142,137,158,54,57,193,154,39,107,55,14,13,111,52,40,87,181,68,9,28,105,69,159,38,144,56,63,73,99,155,178,192,103,35,161,102,12,133,76,112,104,31,183,164,108,188,74,53,17,16,194,19,130,5,42,27,43,127,96,171,141,11,22,64,79,177,199,148,83,86,119,81,153,166,24,150,10,185,62,120,89,46,180,191,121];True
5403;6663;12066;[198,29,90,41,187,60,179,47,26,145,115,152,186,129,139,123,106,20,56,140,124,168,34,118,174,196,113,61,45,138,65,82,172,128,134,195,33,94,190,126,143,160,91,75,77,149,189,7,173,116,51,4,84,122,2,97,0,85,18,132,176,3,136,49,170,95,167,93,66,135,48,50,21,92,147,67,32,165,169,23,163,25,70,125,6,88,44,37,156,71,8,184,162,109,72,78,131,110,101,59,80,100,30,114,182,15,36,58,151,175,197,1,117,98,157,142,137,158,54,57,193,154,39,107,55,14,13,111,52,40,87,181,68,9,28,105,69,159,38,144,146,63,73,99,155,178,192,103,35,161,102,12,133,76,112,104,31,183,164,108,188,74,53,17,16,194,19,130,5,42,27,43,127,96,171,141,11,22,64,79,177,199,148,83,86,119,81,153,166,24,150,10,185,62,120,89,46,180,191,121];True
5473;6660;12133;[198,29,90,41,187,60,179,47,26,145,115,152,186,129,139,123,106,20,56,140,124,168,34,118,174,196,113,61,45,135,51,82,172,128,134,195,33,94,190,126,143,160,91,75,77,149,189,7,173,116,65,4,84,122,2,97,0,85,18,132,176,3,136,49,170,95,167,93,66,138,48,50,21,92,147,67,32,165,169,23,163,25,70,125,6,88,44,37,156,71,8,184,162,109,72,78,131,110,101,59,80,100,30,114,182,15,36,58,151,175,197,1,117,98,157,142,137,158,54,57,193,154,39,107,55,14,13,111,52,40,87,181,68,9,28,105,69,159,38,144,146,63,73,99,155,178,192,103,35,161,102,12,133,76,112,104,31,183,164,108,188,74,53,17,16,194,19,130,5,42,27,43,127,96,171,141,11,22,64,79,177,199,148,83,86,119,81,153,166,24,150,10,185,62,120,89,46,180,191,121];True
5564;6655;12219;[198,29,90,41,187,60,179,47,26,145,115,152,186,129,139,123,106,20,56,140,124,168,34,118,174,196,98,61,45,138,51,82,172,128,134,195,33,94,190,126,143,160,91,75,77,149,189,7,173,116,65,4,84,122,2,97,0,85,18,132,176,3,136,49,170,95,167,93,66,135,48,50,21,92,147,67,32,165,169,23,163,25,70,125,6,88,44,37,156,71,8,184,162,109,72,78,131,110,101,59,80,100,30,114,182,15,36,58,151,175,197,1,117,113,157,142,137,158,54,57,193,154,39,107,55,14,13,111,52,40,87,181,68,9,28,105,69,159,38,144,146,63,73,99,155,178,192,103,35,161,102,12,133,76,112,104,31,183,164,108,188,74,53,17,16,194,19,130,5,42,27,43,127,96,171,141,11,22,64,79,177,199,148,83,86,119,81,153,166,24,150,10,185,62,120,89,46,180,191,121];True
5642;6650;12292;[198,29,125,78,130,5,54,120,26,145,115,152,186,129,139,123,106,20,56,140,124,168,34,118,174,196,95,61,45,138,65,82,187,128,134,195,33,94,190,126,143,160,91,75,77,149,189,7,103,116,51,4,84,122,2,97,0,85,18,132,176,3,136,49,170,98,167,93,66,135,48,50,21,92,90,67,32,165,169,23,163,25,70,147,6,88,44,37,156,71,8,184,162,109,72,41,131,110,101,59,80,100,30,114,182,15,36,58,151,175,197,1,117,113,157,142,137,158,42,57,193,172,39,107,55,14,13,111,52,40,87,181,68,9,28,105,69,159,38,144,146,63,73,99,155,178,192,173,35,161,102,12,133,76,112,104,31,183,164,108,188,74,53,17,16,194,19,154,60,179,27,43,127,96,171,141,11,22,64,79,177,199,148,83,86,119,81,153,166,24,150,10,185,62,47,89,46,180,191,121];True
5719;6648;12367;[198,29,125,78,130,5,54,120,26,145,115,152,186,129,139,123,106,20,56,140,124,168,34,118,174,196,95,61,45,44,51,82,187,128,134,195,33,94,190,126,143,160,91,75,77,149,189,7,173,116,65,4,84,122,2,97,0,85,18,132,176,3,136,49,170,98,167,93,66,138,48,50,21,92,90,67,32,165,169,23,163,25,70,147,6,88,135,37,156,71,8,184,162,109,72,41,131,110,101,59,80,100,30,114,182,15,36,58,151,175,197,1,117,113,157,142,137,158,42,57,193,172,39,107,55,14,13,111,52,40,87,181,68,9,28,105,69,159,38,144,146,63,73,99,155,178,192,103,35,161,102,12,133,76,112,104,31,183,164,108,188,74,53,17,16,194,19,154,60,179,27,43,127,96,171,141,11,22,64,79,177,199,148,83,86,119,81,153,166,24,150,10,185,62,47,89,46,180,191,121];True
5791;6647;12438;[198,29,125,78,130,5,54,120,26,145,115,152,186,129,139,123,106,194,56,140,124,168,34,118,174,196,95,61,45,135,51,82,187,128,134,195,33,94,190,126,143,160,91,75,77,149,189,7,173,116,65,4,84,122,2,97,0,85,18,132,176,3,136,49,170,98,167,93,66,138,48,50,21,92,90,67,32,165,169,23,163,25,70,147,6,88,44,37,156,71,8,184,162,109,72,41,131,110,101,59,80,100,30,114,182,15,36,58,151,175,197,1,117,113,157,142,137,158,42,57,193,172,39,107,55,14,13,111,52,40,87,181,68,9,28,105,69,159,38,144,146,63,73,99,155,178,192,103,35,161,102,12,133,76,112,104,31,183,164,108,188,74,53,17,16,20,19,154,60,179,27,43,127,96,171,141,11,22,64,79,177,199,148,83,86,119,81,153,166,24,150,10,185,62,47,89,46,180,191,121];True
5810;6646;12456;[198,29,125,78,130,5,54,120,26,145,115,152,186,129,139,123,106,20,56,140,124,168,34,118,174,196,95,61,45,138,65,82,187,128,22,195,33,94,190,126,143,160,91,75,77,149,189,7,173,116,51,4,84,122,2,97,0,85,18,132,176,3,136,49,170,98,167,93,66,135,48,50,21,92,90,67,32,165,169,23,163,25,70,147,6,88,44,37,156,71,8,184,162,109,72,41,131,110,101,59,80,100,30,114,182,15,36,58,151,175,197,1,117,113,157,142,137,158,42,57,193,172,39,107,55,14,13,111,52,40,87,181,68,9,28,105,69,159,38,144,146,63,73,99,155,178,192,103,35,161,102,12,133,76,112,104,31,183,164,108,188,74,53,17,16,194,19,154,60,179,27,43,127,96,171,141,11,134,64,79,177,199,148,83,86,119,81,153,166,24,150,10,185,62,47,89,46,180,191,121];True
5956;6645;12601;[198,29,125,78,130,5,54,120,26,145,115,77,186,129,139,123,106,20,56,140,124,168,34,118,174,196,95,61,45,135,51,82,187,128,134,195,33,94,190,126,143,160,91,75,152,149,189,7,173,116,65,4,84,122,2,97,0,85,18,132,176,3,136,49,170,98,167,93,66,138,48,50,21,92,90,67,32,165,169,23,163,25,70,147,6,88,44,37,156,71,8,184,162,109,72,41,131,110,101,59,80,100,30,114,182,15,36,58,151,175,197,1,117,113,157,142,137,158,42,57,193,172,39,107,55,14,13,111,52,40,87,181,68,9,28,105,69,159,38,144,146,63,73,99,155,178,192,103,35,161,102,12,133,76,112,104,31,183,164,108,188,74,53,17,16,194,19,154,60,179,27,43,127,96,171,141,11,22,64,79,177,199,148,83,86,119,81,153,166,24,150,10,185,62,47,89,46,180,191,121];True
6167;6641;12808;[73,154,137,86,54,120,89,69,6,18,185,175,12,7,85,15,135,194,19,33,183,17,143,38,178,13,197,123,29,71,44,160,98,2,83,59,93,138,124,94,118,48,146,90,149,163,186,148,173,116,65,192,10,95,61,97,0,77,57,26,145,3,136,49,170,103,105,74,20,156,106,198,51,50,82,67,32,165,169,23,75,36,52,25,1,88,70,37,21,92,8,184,190,109,72,78,111,128,171,110,80,100,30,114,182,139,125,187,158,62,189,130,5,122,157,84,131,79,42,27,193,172,39,107,55,14,147,196,167,40,87,181,68,9,28,162,108,102,132,144,56,63,140,99,34,159,164,91,35,161,191,152,101,134,112,104,31,53,180,4,188,168,155,126,16,142,115,127,60,179,47,43,133,76,151,141,11,58,64,96,177,199,166,22,195,119,81,153,129,24,150,174,41,117,113,66,176,46,45,121];True
6248;6638;12886;[73,154,137,86,54,120,89,69,6,18,185,175,12,7,103,15,135,20,19,33,183,17,143,38,178,13,197,123,29,71,44,91,52,2,83,59,93,138,124,94,118,48,146,90,149,163,186,148,173,116,65,192,10,95,61,97,0,77,57,26,145,3,136,49,170,85,105,74,194,156,106,198,51,50,82,67,32,165,169,23,75,36,98,25,1,88,70,37,21,92,8,184,190,109,72,78,111,128,171,110,80,100,30,114,182,139,125,187,158,62,189,130,5,122,157,84,131,79,42,27,193,172,39,107,55,14,147,196,167,40,87,181,68,9,28,162,108,102,132,144,56,63,140,99,34,159,164,160,35,161,191,152,101,134,112,104,31,53,180,4,188,168,155,126,16,142,115,127,60,179,47,43,133,76,151,141,11,58,64,96,177,199,166,22,195,119,81,153,129,24,150,174,41,117,113,66,176,46,45,121];True
6288;6637;12925;[73,154,137,86,54,120,89,69,6,18,185,175,12,7,103,15,135,194,19,33,183,17,143,38,178,13,197,123,29,71,44,91,98,2,83,59,93,138,124,94,118,48,146,90,149,163,186,148,173,116,65,192,10,95,61,97,0,77,57,26,145,3,136,49,170,85,105,74,20,156,106,198,51,50,82,67,32,165,169,23,75,36,52,25,1,88,70,37,21,92,8,184,190,109,72,78,111,128,171,110,80,100,30,114,182,139,125,187,158,62,189,130,5,122,157,84,131,79,42,27,193,172,39,107,55,14,147,196,167,40,87,181,68,9,28,162,108,102,132,144,56,63,140,99,34,159,164,160,35,161,191,152,101,134,112,104,31,53,180,4,188,168,155,126,16,142,115,127,60,179,47,43,133,76,151,141,11,58,64,96,177,199,166,22,195,119,81,153,129,24,150,174,41,117,113,66,176,46,45,121];True
6356;6635;12991;[73,154,49,86,54,120,89,69,6,18,185,175,12,7,103,15,135,194,19,33,183,17,143,38,178,13,197,123,29,71,44,91,52,2,83,59,93,138,124,94,118,48,146,90,149,163,186,148,173,116,65,192,10,95,61,97,0,77,57,26,145,3,136,137,170,85,105,74,20,156,106,198,51,50,82,67,32,165,169,23,75,36,98,25,1,88,70,37,21,92,8,184,190,109,72,78,111,128,171,110,80,100,30,114,182,139,125,187,158,62,189,130,5,122,157,84,131,79,42,27,193,172,39,107,55,14,147,196,167,40,87,181,68,9,28,162,108,102,132,144,56,63,140,99,34,159,164,160,35,161,191,152,101,134,112,104,31,53,180,4,188,168,155,126,16,142,115,127,60,179,47,43,133,76,151,141,11,58,64,96,177,199,166,22,195,119,81,153,129,24,150,174,41,117,113,66,176,46,45,121];True
6362;6634;12996;[73,154,137,86,54,120,89,69,6,101,185,175,12,7,103,15,135,194,19,33,183,17,143,38,178,13,197,123,29,71,44,91,52,2,83,59,93,138,124,94,118,48,146,90,149,163,186,148,173,116,65,192,10,95,61,97,0,77,57,26,145,3,136,49,170,85,105,74,20,156,106,198,51,50,82,67,32,165,169,23,75,36,98,25,1,88,70,37,21,92,8,184,190,109,72,78,111,128,171,110,80,100,30,114,182,139,125,187,158,62,189,130,5,122,157,84,131,79,42,27,193,172,39,107,55,14,147,196,167,40,87,181,68,9,28,162,108,102,132,144,56,63,140,99,34,159,164,160,35,161,191,152,18,134,112,104,31,53,180,4,188,168,155,126,16,142,115,127,60,179,47,43,133,76,151,141,11,58,64,96,177,199,166,22,195,119,81,153,129,24,150,174,41,117,113,66,176,46,45,121];True
6392;6632;13024;[73,154,137,86,54,120,178,69,6,18,185,175,12,7,103,15,135,194,19,33,183,17,143,38,89,160,197,123,29,71,44,91,52,2,83,59,93,138,124,94,118,48,146,90,149,163,186,148,173,116,65,192,10,95,61,97,0,77,57,26,145,3,136,49,170,85,105,74,20,156,106,198,51,50,82,67,32,165,169,23,75,36,98,25,1,88,70,37,21,92,8,184,190,109,72,78,111,128,171,110,80,100,30,114,182,139,125,187,158,62,189,130,5,122,157,84,131,79,42,27,193,172,39,107,55,14,147,196,167,40,87,181,68,9,28,162,108,102,132,144,56,63,140,99,34,159,164,41,35,161,191,152,101,134,112,104,31,53,180,4,188,168,155,126,16,142,115,127,60,179,47,43,133,76,151,141,11,58,64,96,177,199,166,22,195,119,81,153,129,24,150,174,13,117,113,66,176,46,45,121];True
6490;6630;13120;[73,154,49,86,54,120,89,69,6,18,185,175,12,7,103,15,135,194,19,33,183,17,143,38,178,160,197,123,29,71,44,91,52,2,83,59,93,138,124,94,118,48,146,90,149,163,186,148,173,116,65,192,10,95,61,97,0,77,57,26,145,3,136,137,170,85,105,74,20,156,106,198,51,50,82,67,32,165,169,23,75,36,98,25,1,88,70,37,21,92,8,184,190,109,72,78,111,128,171,110,80,100,30,114,182,139,125,187,158,62,189,130,5,122,157,84,131,79,42,27,193,172,39,107,55,14,147,196,167,40,87,181,68,9,28,162,108,102,132,144,56,63,140,99,34,159,164,41,35,161,191,152,101,134,112,104,31,53,180,4,188,168,155,126,16,142,115,127,60,179,47,43,133,76,151,141,11,58,64,96,177,199,166,22,195,119,81,153,129,24,150,174,13,117,113,66,176,46,45,121];True
6496;6629;13125;[73,154,137,86,54,120,89,69,6,101,185,175,12,7,103,15,135,194,19,33,183,17,143,38,178,160,197,123,29,71,44,91,52,2,83,59,93,138,124,94,118,48,146,90,149,163,186,148,173,116,65,192,10,95,61,97,0,77,57,26,145,3,136,49,170,85,105,74,20,156,106,198,51,50,82,67,32,165,169,23,75,36,98,25,1,88,70,37,21,92,8,184,190,109,72,78,111,128,171,110,80,100,30,114,182,139,125,187,158,62,189,130,5,122,157,84,131,79,42,27,193,172,39,107,55,14,147,196,167,40,87,181,68,9,28,162,108,102,132,144,56,63,140,99,34,159,164,41,35,161,191,152,18,134,112,104,31,53,180,4,188,168,155,126,16,142,115,127,60,179,47,43,133,76,151,141,11,58,64,96,177,199,166,22,195,119,81,153,129,24,150,174,13,117,113,66,176,46,45,121];True
6670;6626;13296;[198,174,67,163,158,60,179,47,189,75,137,133,5,185,54,52,89,191,38,14,136,118,10,36,184,66,46,44,23,190,109,48,73,74,143,91,69,159,188,65,37,8,71,56,92,90,131,59,93,3,169,142,28,61,145,94,13,111,7,77,176,35,97,171,57,2,167,107,123,50,146,51,20,17,82,78,170,18,132,161,115,25,105,4,6,88,70,108,21,106,154,122,197,162,125,49,86,110,129,24,130,127,30,114,182,139,178,72,101,175,85,1,117,120,157,173,186,79,42,27,193,172,39,32,55,155,33,192,165,40,87,181,68,9,103,140,147,196,95,144,156,180,15,135,53,183,164,41,149,152,102,62,98,134,112,104,99,63,31,34,138,168,29,126,16,194,19,83,128,141,12,43,187,76,151,148,80,58,64,96,177,199,166,22,195,119,81,153,11,26,150,84,100,0,113,116,124,160,45,121];True
6701;6623;13324;[198,174,67,163,158,60,179,47,189,75,137,133,12,185,54,52,89,23,38,14,136,118,10,36,184,66,46,44,191,190,109,48,73,74,143,91,69,159,188,65,37,8,71,56,92,90,131,59,93,3,169,142,28,61,145,94,13,111,7,77,176,35,97,171,57,2,167,107,123,50,146,51,20,17,82,78,170,18,132,161,115,25,105,4,6,88,70,108,21,106,154,122,197,162,125,49,86,110,129,24,130,127,30,114,182,139,178,72,101,175,85,1,117,120,157,173,186,79,42,27,193,172,39,32,55,155,33,192,165,40,87,181,68,9,103,140,147,196,95,144,156,180,15,135,53,183,164,41,149,152,102,62,98,134,112,104,99,63,31,34,138,168,29,126,16,194,19,83,128,141,5,43,187,76,151,148,80,58,64,96,177,199,166,22,195,119,81,153,11,26,150,84,100,0,113,116,124,160,45,121];True
6726;6622;13348;[198,174,67,163,158,60,179,47,189,75,137,133,12,185,54,52,89,191,38,14,136,118,10,36,71,66,46,44,23,190,109,48,73,74,143,91,69,159,188,65,37,8,184,56,92,90,131,59,93,3,169,142,28,61,145,94,13,111,7,77,176,35,97,171,57,2,167,107,123,50,146,51,20,17,82,78,170,18,132,161,115,25,105,4,6,88,70,108,21,106,154,122,197,162,125,49,86,110,129,24,130,127,30,114,182,139,178,72,101,175,85,1,117,120,157,173,186,79,42,27,193,172,39,32,55,155,33,192,165,40,87,181,68,9,103,140,147,196,95,144,156,180,15,135,53,183,164,41,149,152,102,62,98,134,112,104,99,63,31,34,138,168,29,126,16,194,19,83,128,141,5,43,187,76,151,148,80,58,64,96,177,199,166,22,195,119,81,153,11,26,150,84,100,0,113,116,124,160,45,121];True
6733;6620;13353;[198,174,67,163,158,60,179,47,189,75,137,133,12,185,54,52,89,191,38,14,136,118,10,36,184,66,46,44,23,190,109,48,73,74,143,91,69,159,188,65,37,34,71,56,92,90,131,59,93,3,169,142,28,61,145,94,13,111,7,77,176,35,97,171,57,2,167,107,123,50,146,51,20,17,82,78,170,18,132,161,115,25,105,4,6,88,70,108,21,106,154,122,197,162,125,49,86,110,129,24,130,127,30,114,182,139,178,72,101,175,85,1,117,120,157,173,186,79,42,27,193,172,39,32,55,155,33,192,165,40,87,181,68,9,103,140,147,196,95,144,156,180,15,135,53,183,164,41,149,152,102,62,98,134,112,104,99,63,31,8,138,168,29,126,16,194,19,83,128,141,5,43,187,76,151,148,80,58,64,96,177,199,166,22,195,119,81,153,11,26,150,84,100,0,113,116,124,160,45,121];True
6764;6619;13383;[198,174,67,163,158,60,179,47,189,75,137,133,12,185,54,52,89,191,38,14,136,118,10,36,145,66,46,44,23,190,109,48,73,74,143,91,69,159,188,65,37,8,71,56,92,90,131,59,93,3,169,142,28,61,184,94,13,111,7,77,176,35,97,171,57,2,167,107,123,50,146,51,20,17,82,78,170,18,132,161,115,25,105,4,6,88,70,108,21,106,154,122,197,162,125,49,86,110,129,24,130,127,30,114,182,139,178,72,101,175,85,1,117,120,157,173,186,79,42,27,193,172,39,32,55,155,33,192,165,40,87,181,68,9,103,140,147,196,95,144,156,180,15,135,53,183,164,41,149,152,102,62,98,134,112,104,99,63,31,34,138,168,29,126,16,194,19,83,128,141,5,43,187,76,151,148,80,58,64,96,177,199,166,22,195,119,81,153,11,26,150,84,100,0,113,116,124,160,45,121];True
6788;6616;13404;[198,174,67,163,158,60,179,47,189,75,137,133,12,185,54,52,89,191,38,14,136,145,10,36,184,66,46,44,23,190,109,48,73,74,143,91,69,159,188,65,37,8,71,56,92,90,131,59,93,3,169,142,28,61,118,94,13,111,7,77,176,35,97,171,57,2,167,107,123,50,146,51,20,17,82,78,170,18,132,161,115,25,105,4,6,88,70,108,21,106,154,122,197,162,125,49,86,110,129,24,130,127,30,114,182,139,178,72,101,175,85,1,117,120,157,173,186,79,42,27,193,172,39,32,55,155,33,192,165,40,87,181,68,9,103,140,147,196,95,144,156,180,15,135,53,183,164,41,149,152,102,62,98,134,112,104,99,63,31,34,138,168,29,126,16,194,19,83,128,141,5,43,187,76,151,148,80,58,64,96,177,199,166,22,195,119,81,153,11,26,150,84,100,0,113,116,124,160,45,121];True
6821;6615;13436;[198,174,67,163,158,60,179,47,189,75,137,133,12,185,54,52,89,191,38,14,66,118,10,36,184,136,46,44,23,190,109,48,73,74,143,91,69,159,188,65,37,8,71,56,92,90,131,59,93,3,169,142,28,61,145,94,13,111,7,77,176,35,97,171,57,2,167,107,123,50,146,51,20,17,82,78,170,18,132,161,115,25,105,4,6,88,70,108,21,106,154,122,197,162,125,49,86,110,129,24,130,127,30,114,182,139,178,72,101,175,85,1,117,120,157,173,186,79,42,27,193,172,39,32,55,155,33,192,165,40,87,181,68,9,103,140,147,196,95,144,156,180,15,135,53,183,164,41,149,152,102,62,98,134,112,104,99,63,31,34,138,168,29,126,16,194,19,83,128,141,5,43,187,76,151,148,80,58,64,96,177,199,166,22,195,119,81,153,11,26,150,84,100,0,113,116,124,160,45,121];True
6854;6614;13468;[198,84,67,163,158,60,179,47,189,75,137,133,12,185,54,52,89,191,38,14,178,118,10,36,71,66,46,44,23,190,109,48,73,74,143,91,69,159,188,65,37,8,184,56,92,90,131,59,93,3,169,142,28,61,145,94,13,111,7,77,176,35,97,171,57,2,167,107,123,50,146,51,20,17,82,78,170,18,132,161,115,25,105,4,6,88,70,108,21,106,154,122,197,162,125,49,86,110,129,24,130,127,30,114,182,139,72,136,101,175,85,1,117,120,157,173,186,79,42,27,193,172,39,32,55,155,33,192,165,40,87,181,68,9,103,140,147,196,95,144,156,180,15,135,53,183,164,41,149,152,102,62,98,134,112,104,99,63,31,34,138,168,29,126,16,194,19,83,128,141,5,43,187,76,151,148,80,58,64,96,177,199,166,22,195,119,81,153,11,26,150,174,100,0,113,116,124,160,45,121];True
6861;6612;13473;[198,84,67,163,158,60,179,47,189,75,137,133,12,185,54,52,89,191,38,14,178,118,10,36,184,66,46,44,23,190,109,48,73,74,143,91,69,159,188,65,37,34,71,56,92,90,131,59,93,3,169,142,28,61,145,94,13,111,7,77,176,35,97,171,57,2,167,107,123,50,146,51,20,17,82,78,170,18,132,161,115,25,105,4,6,88,70,108,21,106,154,122,197,162,125,49,86,110,129,24,130,127,30,114,182,139,72,136,101,175,85,1,117,120,157,173,186,79,42,27,193,172,39,32,55,155,33,192,165,40,87,181,68,9,103,140,147,196,95,144,156,180,15,135,53,183,164,41,149,152,102,62,98,134,112,104,99,63,31,8,138,168,29,126,16,194,19,83,128,141,5,43,187,76,151,148,80,58,64,96,177,199,166,22,195,119,81,153,11,26,150,174,100,0,113,116,124,160,45,121];True
6873;6609;13482;[198,174,67,163,158,60,179,47,189,75,137,133,12,185,54,52,89,191,38,14,178,118,10,36,184,66,46,44,23,190,109,48,73,74,143,91,69,159,188,65,37,8,71,56,92,90,131,59,93,3,169,142,28,61,145,94,13,111,7,77,176,35,97,171,57,2,167,107,123,50,146,51,20,17,82,78,170,18,132,161,115,25,105,4,6,88,70,108,21,106,154,122,197,162,125,49,86,110,129,24,130,127,30,114,182,139,72,136,101,175,85,1,117,120,157,173,186,79,42,27,193,172,39,32,55,155,33,192,165,40,87,181,68,9,103,140,147,196,95,144,156,180,15,135,53,183,164,41,149,152,102,62,98,134,112,104,99,63,31,34,138,168,29,126,16,194,19,83,128,141,5,43,187,76,151,148,80,58,64,96,177,199,166,22,195,119,81,153,11,26,150,84,100,0,113,116,124,160,45,121];True
6932;6608;13540;[198,84,67,163,158,60,179,47,189,75,137,133,12,185,54,52,89,191,38,14,178,118,10,36,184,8,46,44,23,190,109,48,73,74,143,91,69,159,188,65,37,66,71,56,92,90,131,59,93,3,169,142,28,61,145,94,13,111,7,77,176,35,97,171,57,2,167,107,123,50,146,51,20,17,82,78,170,18,132,161,115,25,105,4,6,88,70,108,21,106,154,122,197,162,125,49,86,110,129,24,130,127,30,114,182,139,72,136,101,175,85,1,117,120,157,173,186,79,42,27,193,172,39,32,55,155,33,192,165,40,87,181,68,9,103,140,147,196,95,144,156,180,15,135,53,183,164,41,149,152,102,62,98,134,112,104,99,63,31,34,138,168,29,126,16,194,19,83,128,141,5,43,187,76,151,148,80,58,64,96,177,199,166,22,195,119,81,153,11,26,150,174,100,0,113,116,124,160,45,121];True
6944;6607;13551;[198,84,67,163,158,60,179,47,189,75,137,133,12,185,54,52,89,191,38,14,72,118,10,36,184,66,46,44,23,190,109,48,73,74,143,91,69,159,188,65,37,8,71,56,92,90,131,59,93,3,169,142,28,61,145,94,13,111,7,77,176,35,97,171,57,2,167,107,123,50,146,51,20,17,82,78,170,18,132,161,115,25,105,4,6,88,70,108,21,106,154,122,197,162,125,49,86,110,129,24,130,127,30,114,182,139,178,136,101,175,85,1,117,120,157,173,186,79,42,27,193,172,39,32,55,155,33,192,165,40,87,181,68,9,103,140,147,196,95,144,156,180,15,135,53,183,164,41,149,152,102,62,98,134,112,104,99,63,31,34,138,168,29,126,16,194,19,83,128,141,5,43,187,76,151,148,80,58,64,96,177,199,166,22,195,119,81,153,11,26,150,174,100,0,113,116,124,160,45,121];True
6949;6604;13553;[198,174,67,163,158,60,179,47,189,75,137,133,12,185,54,52,89,191,38,14,72,118,10,36,184,66,46,44,23,190,109,48,73,74,143,91,69,159,188,65,37,8,71,56,92,90,131,59,93,3,169,142,28,61,145,94,13,111,7,77,176,35,97,171,57,2,167,107,123,50,146,51,20,17,82,78,170,18,132,161,115,25,105,4,6,88,70,108,21,106,154,122,197,162,125,49,86,110,129,24,130,127,30,114,182,139,178,136,101,175,85,1,117,120,157,173,186,79,42,27,193,172,39,32,55,155,33,192,165,40,87,181,68,9,103,140,147,196,95,144,156,180,15,135,53,183,164,41,149,152,102,62,98,134,112,104,99,63,31,34,138,168,29,126,16,194,19,83,128,141,5,43,187,76,151,148,80,58,64,96,177,199,166,22,195,119,81,153,11,26,150,84,100,0,113,116,124,160,45,121];True
7024;6597;13621;[198,174,67,163,158,60,179,47,189,75,137,133,12,185,54,52,89,191,38,118,124,14,10,36,184,66,46,44,23,190,109,48,73,74,143,91,69,159,15,135,37,8,71,56,92,90,131,59,93,3,169,142,28,61,145,94,13,111,7,77,176,35,97,171,57,2,167,107,123,50,146,51,20,17,82,78,170,18,132,161,115,25,105,4,6,88,70,108,21,106,154,122,197,162,125,49,86,110,129,24,130,127,30,114,182,139,178,136,101,175,85,1,117,120,157,173,186,79,42,27,193,172,39,32,55,155,33,192,165,40,87,181,68,9,103,140,147,196,95,144,156,180,188,65,53,183,164,41,149,152,102,62,98,134,112,104,99,63,31,34,138,168,29,126,16,194,19,83,128,141,5,43,187,76,151,148,80,58,64,96,177,199,166,22,195,119,81,153,11,26,150,84,100,0,113,116,72,160,45,121];True
7240;6593;13833;[198,174,67,163,158,60,179,47,189,75,137,133,12,185,54,57,89,191,38,14,124,118,10,36,184,66,46,44,23,190,109,48,73,74,143,91,69,159,15,135,37,8,71,56,92,90,131,59,93,3,169,142,28,61,145,94,13,111,7,77,176,35,97,171,52,2,167,107,123,50,146,51,20,17,82,78,170,18,132,161,115,25,105,4,6,88,70,108,21,106,154,122,197,162,125,49,86,110,129,24,130,127,30,114,182,139,178,136,101,175,85,1,117,120,157,173,186,79,42,27,193,172,39,32,55,155,33,192,165,40,87,181,68,9,103,140,147,196,95,144,156,180,188,65,53,183,164,41,149,152,102,62,98,134,112,104,99,63,31,34,138,168,29,126,16,194,19,83,128,141,5,43,187,76,151,148,80,58,64,96,177,199,166,22,195,119,81,153,11,26,150,84,100,0,113,116,72,160,45,121];True
7314;6591;13905;[198,174,67,163,158,60,179,47,189,75,137,171,12,185,54,57,89,191,38,14,178,118,10,36,184,66,46,44,23,190,109,48,73,74,143,91,69,159,15,135,37,8,71,56,92,90,131,59,93,3,169,142,28,61,145,94,13,111,7,77,176,35,97,133,52,2,167,107,123,50,146,51,20,17,82,78,170,18,132,161,115,25,105,4,6,88,70,108,21,106,154,122,197,162,125,49,86,110,129,24,130,127,30,114,182,139,72,136,101,175,85,1,117,120,157,173,186,79,42,27,193,172,39,32,55,155,33,192,165,40,87,181,68,9,103,140,147,196,95,144,156,180,188,65,53,183,164,41,149,152,102,62,98,134,112,104,99,63,31,34,138,168,29,126,16,194,19,83,128,141,5,43,187,76,151,148,80,58,64,96,177,199,166,22,195,119,81,153,11,26,150,84,100,0,113,116,124,160,45,121];True
7390;6586;13976;[198,174,67,163,158,60,179,47,189,75,137,171,12,185,54,57,89,191,38,14,72,118,10,36,184,66,46,44,23,190,109,48,73,74,143,91,69,159,15,135,37,8,71,56,92,90,131,59,93,3,169,142,28,61,145,94,13,111,7,77,176,35,97,133,52,2,167,107,123,50,146,51,20,17,82,78,170,18,132,161,115,25,105,4,6,88,70,108,21,106,154,122,197,162,125,49,86,110,129,24,130,127,30,114,182,139,178,136,101,175,85,1,117,120,157,173,186,79,42,27,193,172,39,32,55,155,33,192,165,40,87,181,68,9,103,140,147,196,95,144,156,180,188,65,53,183,164,41,149,152,102,62,98,134,112,104,99,63,31,34,138,168,29,126,16,194,19,83,128,141,5,43,187,76,151,148,80,58,64,96,177,199,166,22,195,119,81,153,11,26,150,84,100,0,113,116,124,160,45,121];True
7599;6582;14181;[198,51,50,174,67,83,59,57,132,75,163,133,12,185,111,36,169,115,89,3,161,159,15,135,53,180,46,44,23,190,109,10,37,156,34,91,69,28,8,124,94,118,138,48,92,90,131,148,93,14,178,191,66,61,145,84,13,151,7,38,176,35,97,128,52,2,167,107,123,146,155,65,71,17,82,18,0,77,149,170,129,25,105,4,6,88,70,108,21,106,154,122,197,24,72,78,86,110,171,189,49,127,30,114,182,139,29,137,158,175,85,1,117,120,157,173,186,79,42,27,193,172,39,32,55,125,33,192,165,40,87,181,68,9,103,162,147,196,95,144,56,63,31,143,160,183,164,41,152,130,102,62,5,134,112,104,99,73,74,20,188,168,140,126,16,194,19,98,60,179,47,43,187,76,101,141,11,58,64,96,177,199,166,22,195,119,81,153,80,26,150,136,100,54,113,116,184,142,45,121];True
7674;6580;14254;[198,51,50,174,67,83,59,57,132,75,163,133,12,185,111,36,169,115,89,3,161,159,15,135,53,180,46,44,23,190,109,10,37,156,34,91,69,28,55,124,94,71,138,48,92,90,131,148,93,14,178,191,66,61,145,84,13,151,7,38,176,35,97,128,52,2,167,107,123,146,155,65,118,17,82,18,0,77,149,170,129,25,105,4,6,88,70,108,21,106,154,122,197,24,72,78,86,110,171,189,49,127,30,114,182,139,29,137,158,175,85,1,117,120,157,173,186,79,42,27,193,172,39,32,8,125,33,192,165,40,87,181,68,9,103,162,147,196,95,144,56,63,31,143,160,183,164,41,152,130,102,62,5,134,112,104,99,73,74,20,188,168,140,126,16,194,19,98,60,179,47,43,187,76,101,141,11,58,64,96,177,199,166,22,195,119,81,153,80,26,150,136,100,54,113,116,184,142,45,121];True
7682;6577;14259;[198,51,50,174,67,83,59,57,132,75,163,133,12,185,111,36,184,115,89,3,161,159,15,135,53,180,46,44,23,190,109,10,37,156,34,91,69,28,8,124,94,71,138,48,92,90,131,148,93,14,178,191,66,61,145,84,13,151,7,38,176,35,97,128,52,2,167,107,123,146,155,65,118,17,82,18,0,77,149,170,129,25,105,4,6,88,70,108,21,106,154,122,197,24,72,78,86,110,171,189,49,127,30,114,182,139,29,137,158,175,85,1,117,120,157,173,186,79,42,27,193,172,39,32,55,125,33,192,165,40,87,181,68,9,103,162,147,196,95,144,56,63,31,143,160,183,164,41,152,130,102,62,5,134,112,104,99,73,74,20,188,168,140,126,16,194,19,98,60,179,47,43,187,76,101,141,11,58,64,96,177,199,166,22,195,119,81,153,80,26,150,136,100,54,113,116,169,142,45,121];True
7709;6575;14284;[198,51,50,174,67,83,59,57,132,75,163,133,12,185,111,26,169,115,89,3,161,159,15,135,53,180,46,44,23,190,109,10,37,156,34,91,69,28,8,124,94,71,138,48,92,90,131,148,93,14,178,191,66,61,145,84,13,151,7,38,176,35,97,128,52,2,167,107,123,146,155,65,118,17,82,18,0,77,149,170,129,25,105,4,6,88,70,108,21,106,154,122,197,24,72,78,86,110,171,189,49,127,30,114,182,139,29,137,158,175,85,1,117,120,157,173,186,79,42,27,193,172,39,32,55,125,33,192,165,40,87,181,68,9,103,162,147,196,95,144,56,63,31,143,160,183,164,41,152,130,102,62,5,134,112,104,99,73,74,20,188,168,140,126,16,194,19,98,60,179,47,43,187,76,101,141,11,58,64,96,177,199,166,22,195,119,81,153,80,36,150,136,100,54,113,116,184,142,45,121];True
7724;6572;14296;[198,51,50,174,67,83,59,57,132,75,163,133,12,185,111,36,169,115,89,3,161,159,15,135,53,180,46,44,23,190,109,10,37,124,94,91,69,28,8,184,34,71,138,48,92,90,131,148,93,14,178,191,66,61,145,84,13,151,7,38,176,35,97,128,52,2,167,107,123,146,155,65,118,17,82,18,0,77,149,170,129,25,105,4,6,88,70,108,21,106,154,122,197,24,72,78,86,110,171,189,49,127,30,114,182,139,29,137,158,175,85,1,117,120,157,173,186,79,42,27,193,172,39,32,55,125,33,192,165,40,87,181,68,9,103,162,147,196,95,144,56,63,31,143,160,183,164,41,152,130,102,62,5,134,112,104,99,73,74,20,188,168,140,126,16,194,19,98,60,179,47,43,187,76,101,141,11,58,64,96,177,199,166,22,195,119,81,153,80,26,150,136,100,54,113,116,156,142,45,121];True
7820;6571;14391;[198,51,50,174,67,83,59,57,132,75,163,133,12,185,111,36,169,115,89,3,161,159,15,135,53,180,46,44,23,190,109,10,37,124,34,91,69,28,8,184,94,118,138,48,92,90,131,148,93,14,178,191,66,61,145,84,13,151,7,38,176,35,97,128,52,2,167,107,123,146,155,65,71,17,82,18,0,77,149,170,129,25,105,4,6,88,70,108,21,106,154,122,197,24,72,78,86,110,171,189,49,127,30,114,182,139,29,137,158,175,85,1,117,120,157,173,186,79,42,27,193,172,39,32,55,125,33,192,165,40,87,181,68,9,103,162,147,196,95,144,56,63,31,143,160,183,164,41,152,130,102,62,5,134,112,104,99,73,74,20,188,168,140,126,16,194,19,98,60,179,47,43,187,76,101,141,11,58,64,96,177,199,166,22,195,119,81,153,80,26,150,136,100,54,113,116,156,142,45,121];True
7868;6569;14437;[198,51,50,174,67,83,59,57,132,75,163,133,12,185,76,26,169,115,89,3,161,159,15,135,53,180,46,44,23,190,109,10,37,156,34,91,69,28,8,184,94,71,138,48,92,90,131,148,93,14,178,191,66,61,145,84,13,151,7,38,176,35,97,128,52,2,167,107,123,146,155,65,118,17,82,18,0,77,149,170,129,25,105,4,6,88,70,108,21,106,154,122,197,24,72,78,86,110,171,189,49,127,30,114,182,139,29,137,158,175,85,1,117,120,157,173,186,79,42,27,193,172,39,32,55,125,33,192,165,40,87,181,68,9,103,162,147,196,95,144,56,63,31,143,160,183,164,41,152,130,102,62,5,134,112,104,99,73,74,20,188,168,140,126,16,194,19,98,60,179,47,43,187,111,101,141,11,58,64,96,177,199,166,22,195,119,81,153,80,36,150,136,100,54,113,116,124,142,45,121];True
7904;6567;14471;[198,51,50,174,67,83,59,57,132,75,137,133,12,185,111,26,169,115,89,3,161,159,15,135,53,180,46,44,23,190,109,10,37,156,34,91,69,28,8,184,94,71,138,48,92,90,131,148,93,14,178,191,66,61,145,84,13,151,7,38,176,35,97,128,52,2,167,107,123,146,155,65,118,17,82,18,0,77,149,170,129,25,105,4,6,88,70,108,21,106,154,122,197,24,72,78,86,110,171,189,49,127,30,114,182,139,29,163,158,175,85,1,117,120,157,173,186,79,42,27,193,172,39,32,55,125,33,192,165,40,87,181,68,9,103,162,147,196,95,144,56,63,31,143,160,183,164,41,152,130,102,62,5,134,112,104,99,73,74,20,188,168,140,126,16,194,19,98,60,179,47,43,187,76,101,141,11,58,64,96,177,199,166,22,195,119,81,153,80,36,150,136,100,54,113,116,124,142,45,121];True
7930;6564;14494;[198,51,50,174,67,83,59,57,132,75,163,133,12,185,111,26,169,115,89,3,161,159,15,135,53,180,46,44,23,190,109,10,37,124,34,91,69,28,8,184,94,71,138,48,92,90,131,148,93,14,178,191,66,61,145,84,13,151,7,38,176,35,97,128,52,2,167,107,123,146,155,65,118,17,82,18,0,77,149,170,129,25,105,4,6,88,70,108,21,106,154,122,197,24,72,78,86,110,171,189,49,127,30,114,182,139,29,137,158,175,85,1,117,120,157,173,186,79,42,27,193,172,39,32,55,125,33,192,165,40,87,181,68,9,103,162,147,196,95,144,56,63,31,143,160,183,164,41,152,130,102,62,5,134,112,104,99,73,74,20,188,168,140,126,16,194,19,98,60,179,47,43,187,76,101,141,11,58,64,96,177,199,166,22,195,119,81,153,80,36,150,136,100,54,113,116,156,142,45,121];True
7981;6555;14536;[50,174,67,36,149,83,59,57,132,75,137,133,12,185,54,120,157,84,89,3,161,159,15,135,71,165,46,44,37,190,109,10,184,51,34,91,69,28,8,118,124,53,188,48,92,90,131,148,93,14,178,142,66,61,145,94,13,151,7,38,176,35,97,111,52,2,95,107,123,73,155,29,198,17,82,18,0,77,196,170,129,25,105,4,6,88,70,108,21,106,154,122,197,24,72,78,86,110,171,189,49,127,30,114,182,139,180,163,158,128,85,1,117,167,169,115,186,79,42,27,193,172,39,32,55,125,33,192,173,40,87,181,68,9,103,162,147,23,136,144,156,146,31,143,191,183,164,41,152,130,102,62,5,134,112,104,99,63,74,20,138,168,140,126,16,194,19,98,60,179,47,43,187,76,101,141,11,58,64,96,177,199,166,22,195,119,81,153,80,26,150,56,100,175,113,116,65,160,45,121];True
8003;6550;14553;[50,174,67,36,149,83,59,57,132,75,137,133,12,185,54,120,157,84,89,3,161,159,15,135,71,165,46,44,37,190,109,10,184,51,34,91,69,28,8,116,65,53,188,48,92,90,131,148,93,14,178,142,66,61,145,94,13,151,7,38,176,35,97,111,52,2,95,107,123,73,155,29,198,17,82,18,0,77,196,170,129,25,105,4,6,88,70,108,21,106,154,122,197,24,72,78,86,110,171,189,49,127,30,114,182,139,180,163,158,128,85,1,117,167,169,115,186,79,42,27,193,172,39,32,55,125,33,192,173,40,87,181,68,9,103,162,147,23,136,144,156,146,31,143,191,183,164,41,152,130,102,62,5,134,112,104,99,63,74,20,138,168,140,126,16,194,19,98,60,179,47,43,187,76,101,141,11,58,64,96,177,199,166,22,195,119,81,153,80,26,150,56,100,175,113,118,124,160,45,121];True
8038;6549;14587;[50,174,67,36,149,83,59,57,132,75,137,133,12,185,54,120,157,84,89,3,161,159,15,135,71,173,46,44,37,190,109,66,184,51,34,91,69,28,8,116,65,53,188,48,92,90,131,148,93,14,178,142,10,61,145,94,13,151,7,38,176,35,97,111,52,2,95,107,123,73,155,29,198,17,82,18,0,77,196,170,129,25,105,4,6,88,70,108,21,106,154,122,197,24,72,78,86,110,171,189,49,127,30,114,182,139,180,163,158,128,85,1,117,167,169,115,186,79,42,27,193,172,39,32,55,125,33,192,165,40,87,181,68,9,103,162,147,23,136,144,156,146,31,143,191,183,164,41,152,130,102,62,5,134,112,104,99,63,74,20,138,168,140,126,16,194,19,98,60,179,47,43,187,76,101,141,11,58,64,96,177,199,166,22,195,119,81,153,80,26,150,56,100,175,113,118,124,160,45,121];True
8099;6545;14644;[50,174,67,36,149,83,59,57,132,75,137,133,12,185,54,120,157,84,89,3,161,159,15,135,71,165,46,44,37,190,109,10,184,51,34,91,69,28,8,118,65,53,188,48,92,90,131,148,93,124,178,142,66,61,145,94,13,151,7,38,176,35,97,111,52,2,95,107,123,73,155,29,198,17,82,18,0,77,196,170,129,25,105,4,6,88,70,108,21,106,154,122,197,24,72,78,86,110,171,189,49,127,30,114,182,139,180,163,158,128,85,1,117,167,169,115,186,79,42,27,193,172,39,32,55,125,33,192,173,40,87,181,68,9,103,162,147,23,136,144,156,146,31,143,191,183,164,41,152,130,102,62,5,134,112,104,99,63,74,20,138,168,140,126,16,194,19,98,60,179,47,43,187,76,101,141,11,58,64,96,177,199,166,22,195,119,81,153,80,26,150,56,100,175,113,116,14,160,45,121];True
8134;6544;14678;[50,174,67,36,149,83,59,57,132,75,137,133,12,185,54,120,157,84,89,3,161,159,15,135,71,173,46,44,37,190,109,66,184,51,34,91,69,28,8,118,65,53,188,48,92,90,131,148,93,124,178,142,10,61,145,94,13,151,7,38,176,35,97,111,52,2,95,107,123,73,155,29,198,17,82,18,0,77,196,170,129,25,105,4,6,88,70,108,21,106,154,122,197,24,72,78,86,110,171,189,49,127,30,114,182,139,180,163,158,128,85,1,117,167,169,115,186,79,42,27,193,172,39,32,55,125,33,192,165,40,87,181,68,9,103,162,147,23,136,144,156,146,31,143,191,183,164,41,152,130,102,62,5,134,112,104,99,63,74,20,138,168,140,126,16,194,19,98,60,179,47,43,187,76,101,141,11,58,64,96,177,199,166,22,195,119,81,153,80,26,150,56,100,175,113,116,14,160,45,121];True
8204;6543;14747;[50,174,67,36,149,83,59,57,132,75,137,133,12,185,54,120,157,84,89,3,161,159,15,135,71,173,46,44,37,190,109,10,184,51,34,91,69,28,8,118,65,53,188,48,92,90,86,148,93,124,178,142,66,61,145,94,13,151,7,38,176,35,97,111,52,2,95,107,123,73,155,29,198,17,82,18,0,77,196,170,129,25,105,4,6,88,70,108,21,106,154,122,197,24,72,78,131,110,171,189,49,127,30,114,182,139,180,163,158,128,85,1,117,167,169,115,186,79,42,27,193,172,39,32,55,125,33,192,165,40,87,181,68,9,103,162,147,23,136,144,156,146,31,143,191,183,164,41,152,130,102,62,5,134,112,104,99,63,74,20,138,168,140,126,16,194,19,98,60,179,47,43,187,76,101,141,11,58,64,96,177,199,166,22,195,119,81,153,80,26,150,56,100,175,113,116,14,160,45,121];True
8216;6542;14758;[50,174,67,36,149,83,59,57,132,75,137,133,12,185,54,120,157,84,89,3,161,159,15,135,71,165,46,44,37,190,109,10,184,51,34,91,69,28,8,139,65,53,188,48,92,90,131,148,93,14,178,142,66,61,145,94,13,151,7,38,176,35,97,111,52,2,95,107,123,73,155,29,198,17,82,18,0,77,196,170,129,25,105,4,6,88,70,108,21,106,154,122,197,24,72,78,86,110,171,189,49,127,30,114,182,118,180,163,158,128,85,1,117,167,169,115,186,79,42,27,193,172,39,32,55,125,33,192,173,40,87,181,68,9,103,162,147,23,136,144,156,146,31,143,191,183,164,41,152,130,102,62,5,134,112,104,99,63,74,20,138,168,140,126,16,194,19,98,60,179,47,43,187,76,101,141,11,58,64,96,177,199,166,22,195,119,81,153,80,26,150,56,100,175,113,116,124,160,45,121];True
8243;6540;14783;[73,174,67,36,149,83,59,57,132,75,137,133,12,185,54,120,157,84,89,3,161,159,15,135,71,173,46,44,37,190,109,10,184,51,34,91,69,28,8,118,65,53,188,48,92,90,131,148,93,124,178,142,66,61,145,94,13,151,7,38,176,35,97,111,52,2,95,107,123,50,155,29,198,17,82,18,0,77,196,170,129,25,105,4,6,88,70,108,21,106,154,122,197,24,72,78,86,110,171,189,49,127,30,114,182,139,180,163,158,128,85,1,117,167,169,115,186,79,42,27,193,172,39,32,55,125,33,192,165,40,87,181,68,9,103,162,147,23,136,144,156,146,31,143,191,183,164,41,152,130,102,62,5,134,112,104,99,63,74,20,138,168,140,126,16,194,19,98,60,179,47,43,187,76,101,141,11,58,64,96,177,199,166,22,195,119,81,153,80,26,150,56,100,175,113,116,14,160,45,121];True
8275;6538;14813;[50,174,67,36,149,83,59,57,132,75,137,133,12,185,54,120,157,84,89,3,161,159,15,135,71,173,46,44,37,190,109,10,184,51,34,91,69,28,8,118,65,53,188,48,92,90,131,148,93,124,178,142,40,61,145,94,13,151,7,38,176,35,97,111,52,2,95,107,123,73,155,29,198,17,82,18,0,77,196,170,129,25,105,4,6,88,70,108,21,106,154,122,197,24,72,78,86,110,171,189,49,127,30,114,182,139,180,163,158,128,85,1,117,167,169,115,186,79,42,27,193,172,39,32,55,125,33,192,165,66,87,181,68,9,103,162,147,23,136,144,156,146,31,143,191,183,164,41,152,130,102,62,5,134,112,104,99,63,74,20,138,168,140,126,16,194,19,98,60,179,47,43,187,76,101,141,11,58,64,96,177,199,166,22,195,119,81,153,80,26,150,56,100,175,113,116,14,160,45,121];True
8316;6532;14848;[50,174,67,36,149,83,59,57,132,75,137,133,12,185,54,120,157,84,89,3,161,159,15,135,71,173,46,44,37,190,109,10,184,51,34,91,69,28,8,118,65,53,188,48,92,90,131,148,93,138,178,142,66,61,145,94,13,151,7,38,176,35,97,111,52,2,95,107,123,73,155,29,198,17,82,18,0,77,196,170,129,25,105,4,6,88,70,108,21,106,154,122,197,24,72,78,86,110,171,189,49,127,30,114,182,139,180,163,158,128,85,1,117,167,169,115,186,79,42,27,193,172,39,32,55,125,33,192,165,40,87,181,68,9,103,162,147,23,136,144,156,146,31,143,191,183,164,41,152,130,102,62,5,134,112,104,99,63,74,20,124,168,140,126,16,194,19,98,60,179,47,43,187,76,101,141,11,58,64,96,177,199,166,22,195,119,81,153,80,26,150,56,100,175,113,116,14,160,45,121];True
8554;6530;15084;[73,174,23,136,149,83,59,57,132,75,137,133,12,185,76,80,193,173,89,3,161,159,15,135,194,115,46,44,37,190,109,10,150,51,34,91,69,28,8,118,65,53,188,48,92,90,186,148,93,124,178,142,66,61,145,94,13,151,7,38,176,35,97,128,52,2,167,107,123,50,155,29,198,17,82,18,0,77,196,170,129,25,105,4,6,88,70,108,21,106,154,122,197,24,72,78,86,110,171,189,49,127,30,114,182,139,180,163,158,175,85,1,117,120,157,84,131,79,42,27,169,172,39,32,55,125,33,192,165,40,87,181,68,9,103,162,147,67,95,144,156,146,31,143,191,183,164,41,152,130,102,62,5,134,112,104,99,63,74,20,138,168,140,126,16,71,19,98,60,179,47,43,187,111,101,141,11,58,64,96,177,199,166,22,195,119,81,153,26,36,184,56,100,54,113,116,14,160,45,121];True
8671;6527;15198;[73,174,23,136,149,83,59,57,132,75,137,133,12,185,76,80,193,173,89,3,161,159,15,135,194,115,46,44,37,190,109,10,150,51,34,91,69,28,8,139,65,53,188,48,92,90,186,148,93,14,178,142,66,61,145,94,13,151,7,38,176,35,97,128,52,2,167,107,123,50,155,29,198,17,82,18,0,77,196,170,129,25,105,4,6,88,70,108,21,106,154,122,197,24,72,78,86,110,171,189,49,127,30,114,182,118,180,163,158,175,85,1,117,120,157,84,131,79,42,27,169,172,39,32,55,125,33,192,165,40,87,181,68,9,103,162,147,67,95,144,156,146,31,143,191,183,164,41,152,130,102,62,5,134,112,104,99,63,74,20,138,168,140,126,16,71,19,98,60,179,47,43,187,111,101,141,11,58,64,96,177,199,166,22,195,119,81,153,26,36,184,56,100,54,113,116,124,160,45,121];True
8820;6524;15344;[73,174,23,136,149,83,59,57,132,75,137,133,12,185,76,80,193,173,89,3,161,159,15,135,194,115,46,44,37,190,109,10,150,51,34,91,69,28,8,118,65,53,188,48,92,90,196,148,93,14,178,142,66,61,145,94,13,151,7,38,176,35,97,128,52,2,167,107,123,50,155,29,198,17,82,18,0,77,186,170,129,25,105,4,6,88,70,108,21,106,154,122,197,24,72,78,86,110,171,189,49,127,30,114,182,139,180,163,158,175,85,1,117,120,157,84,131,79,42,27,169,172,39,32,55,125,33,192,165,40,87,181,68,9,103,162,147,67,95,144,156,146,31,143,191,183,164,41,152,130,102,62,5,134,112,104,99,63,74,20,138,168,140,126,16,71,19,98,60,179,47,43,187,111,101,141,11,58,64,96,177,199,166,22,195,119,81,153,26,36,184,56,100,54,113,116,124,160,45,121];True
8974;6522;15496;[73,174,23,136,149,83,59,57,132,75,137,133,12,185,76,11,193,173,89,3,161,159,15,135,194,115,46,44,37,190,109,10,150,51,34,91,69,28,8,139,65,53,188,48,92,90,131,148,93,14,178,142,66,61,145,94,13,151,7,38,176,35,97,128,52,2,167,107,123,50,155,29,198,17,82,18,0,77,196,170,129,25,105,4,6,88,70,108,21,106,154,122,197,24,72,78,86,110,171,189,49,127,30,114,182,118,180,163,158,175,85,1,117,120,157,84,186,79,42,27,169,172,39,32,55,125,33,192,165,40,87,181,68,9,103,162,147,67,95,144,156,146,31,143,191,183,164,41,152,130,102,62,5,134,112,104,99,63,74,20,138,168,140,126,16,71,19,98,60,179,47,43,187,111,101,141,80,58,64,96,177,199,166,22,195,119,81,153,26,36,184,56,100,54,113,116,124,160,45,121];True
9091;6519;15610;[73,174,23,136,149,11,59,57,132,75,163,86,12,185,133,98,193,173,89,3,161,66,15,135,194,115,46,44,37,190,109,10,184,51,34,91,69,159,8,118,124,198,188,48,92,90,131,148,93,14,178,142,103,61,145,94,13,151,7,38,176,35,97,128,52,2,167,107,123,50,155,65,53,17,82,18,0,36,196,170,77,25,105,4,6,88,70,108,21,106,154,122,197,24,72,78,111,110,171,189,49,127,30,114,182,139,29,137,158,175,85,1,117,120,157,84,186,79,42,27,169,172,39,32,55,125,33,192,165,40,87,181,68,9,28,162,147,67,95,144,156,146,31,143,191,183,164,41,152,130,102,62,5,134,112,104,99,63,74,20,138,168,140,126,16,71,19,83,60,179,47,43,187,76,101,141,80,58,64,96,177,199,166,22,195,119,81,153,129,26,150,56,100,54,113,116,180,160,45,121];True
9113;6517;15630;[73,174,23,136,149,11,59,57,132,75,163,86,151,185,133,98,193,173,89,3,161,66,15,135,194,115,46,44,37,190,109,10,184,51,34,91,69,159,8,118,140,198,188,48,92,90,131,148,93,14,178,142,103,61,145,94,13,12,7,38,176,35,97,128,52,2,167,107,123,50,155,65,53,17,82,18,0,36,196,170,77,25,105,4,6,88,70,108,21,106,154,122,197,24,72,78,111,110,171,189,49,127,30,114,182,139,29,137,158,175,85,1,117,120,157,84,186,79,42,27,169,172,39,32,55,125,33,192,165,40,87,181,68,9,28,162,147,67,95,144,156,146,31,143,191,183,164,41,152,130,102,62,5,134,112,104,99,63,74,20,138,168,124,126,16,71,19,83,60,179,47,43,187,76,101,141,80,58,64,96,177,199,166,22,195,119,81,153,129,26,150,56,100,54,113,116,180,160,45,121];True
9129;6513;15642;[73,174,23,136,149,11,59,57,132,75,163,86,151,185,133,98,193,173,89,3,161,66,15,135,194,115,46,44,37,190,109,10,184,51,34,91,69,159,8,118,29,198,188,48,92,90,131,148,93,14,178,142,103,61,145,94,13,12,7,38,176,35,97,128,52,2,167,107,123,50,155,65,53,17,82,18,0,36,196,170,77,25,105,4,6,88,70,108,21,106,154,122,197,24,72,78,111,110,171,189,49,127,30,114,182,139,124,137,158,175,85,1,117,120,157,84,186,79,42,27,169,172,39,32,55,125,33,192,165,40,87,181,68,9,28,162,147,67,95,144,156,146,31,143,191,183,164,41,152,130,102,62,5,134,112,104,99,63,74,20,138,168,140,126,16,71,19,83,60,179,47,43,187,76,101,141,80,58,64,96,177,199,166,22,195,119,81,153,129,26,150,56,100,54,113,116,180,160,45,121];True
9148;6511;15659;[73,174,23,136,149,11,59,57,132,75,163,86,151,185,133,98,193,173,89,3,161,66,15,135,194,115,46,44,37,190,109,10,184,51,34,91,69,159,8,118,162,198,188,48,92,90,131,148,93,14,178,142,103,61,145,94,13,12,7,38,176,35,97,128,52,2,167,107,123,50,155,65,53,17,82,18,0,36,196,170,77,25,105,4,6,88,70,108,21,106,154,122,197,24,72,78,111,110,171,189,49,127,30,114,182,139,29,137,158,175,85,1,117,120,157,84,186,79,42,27,169,172,39,32,55,125,33,192,165,40,87,181,68,9,28,124,147,67,95,144,156,146,31,143,191,183,164,41,152,130,102,62,5,134,112,104,99,63,74,20,138,168,140,126,16,71,19,83,60,179,47,43,187,76,101,141,80,58,64,96,177,199,166,22,195,119,81,153,129,26,150,56,100,54,113,116,180,160,45,121];True
