utilA;utilB;utilSum;contract;pareto
1989;8186;10175;[34,122,25,48,10,176,83,129,8,84,67,61,74,108,21,99,16,77,112,150,56,18,62,120,24,197,26,9,143,20,3,2,121,160,92,106,130,22,38,45,124,94,161,1,165,153,187,127,39,107,87,76,50,53,93,23,30,134,137,86,69,64,101,151,54,158,199,6,117,98,19,110,81,52,182,28,162,78,60,79,185,148,167,73,41,36,46,131,59,133,96,157,138,178,164,173,66,126,198,159,140,118,109,29,154,156,142,15,135,146,43,128,85,152,172,12,181,82,192,139,33,13,111,195,40,37,71,35,88,171,189,194,31,68,116,57,0,113,196,89,5,141,119,4,183,63,51,72,147,65,102,115,14,49,55,155,184,75,80,114,177,169,191,11,104,180,163,170,95,91,90,125,149,32,97,58,100,7,175,179,27,193,136,144,70,168,17,103,105,174,190,188,186,145,42,47,132,166,123,44];True
2008;8168;10176;[71,2,25,48,10,176,83,129,8,84,67,61,74,108,21,99,16,77,112,150,56,18,62,120,24,197,26,9,143,20,3,45,121,160,92,106,130,22,38,34,124,94,161,1,165,153,187,127,39,107,87,122,50,53,93,23,30,134,137,86,76,64,101,151,54,158,199,6,117,98,19,110,81,52,182,28,162,78,60,79,185,148,167,73,41,36,46,131,59,133,96,157,138,178,164,173,66,126,198,159,140,118,109,29,154,156,142,15,135,146,43,128,85,152,172,12,181,82,192,139,33,13,111,195,40,37,174,35,88,171,189,194,31,68,116,57,0,113,196,89,5,141,119,4,183,63,51,72,147,65,102,115,14,49,55,155,184,75,80,114,177,169,191,11,104,180,163,170,95,91,90,125,149,32,97,58,100,7,175,179,27,193,136,144,70,168,17,103,105,69,190,188,186,145,42,47,132,166,123,44];True
1987;8192;10179;[49,67,25,48,10,176,83,129,8,84,122,73,74,108,21,99,16,77,112,150,56,18,62,120,24,197,26,9,143,20,3,2,121,160,92,106,130,22,38,34,124,94,161,1,165,153,187,127,39,107,87,76,50,53,93,23,30,134,137,86,69,64,101,151,54,158,199,6,117,98,19,110,81,52,182,28,162,78,60,79,185,148,167,61,41,36,46,131,59,133,96,157,138,178,164,173,66,126,198,159,140,118,109,29,154,156,142,15,135,146,43,128,85,152,172,12,181,82,192,139,33,13,111,195,40,37,71,35,88,171,189,194,31,68,116,57,0,113,196,89,5,141,119,4,183,63,51,72,147,65,102,115,14,45,55,155,184,75,80,114,177,169,191,11,104,180,163,170,95,91,90,125,149,32,97,58,100,7,175,179,27,193,136,144,70,168,17,103,105,174,190,188,186,145,42,47,132,166,123,44];True
1939;8241;10180;[45,76,25,48,10,176,83,129,8,84,67,61,74,108,21,99,16,77,112,150,56,18,62,120,24,197,26,9,143,20,3,2,121,160,92,106,130,22,38,34,124,94,161,1,165,153,187,127,39,107,87,122,50,53,93,23,30,134,137,86,69,64,101,151,54,158,199,6,117,98,19,110,81,52,182,28,162,78,60,79,185,148,167,73,41,36,46,131,59,133,96,157,138,178,164,173,66,126,198,159,140,118,109,29,154,156,142,15,135,146,43,128,85,152,172,12,181,82,192,139,33,13,111,195,40,37,71,35,88,171,189,194,31,68,116,57,0,113,196,89,5,141,119,4,183,63,51,72,147,65,102,115,14,49,55,155,184,75,80,114,177,169,191,11,104,180,163,170,95,91,90,125,149,32,97,58,100,7,175,179,27,193,136,144,70,168,17,103,105,174,190,188,186,145,42,47,132,166,123,44];True
1948;8239;10187;[69,76,25,48,10,176,83,129,8,84,67,61,74,108,21,99,16,77,112,150,56,18,62,120,24,197,26,9,143,20,3,2,121,160,92,106,130,22,38,34,124,94,161,1,165,153,187,127,39,107,87,122,50,53,93,23,30,134,137,86,45,64,101,151,54,158,199,6,117,98,19,110,81,52,182,28,162,78,60,79,185,148,167,73,41,36,46,131,59,133,96,157,138,178,164,173,66,126,198,159,140,118,109,29,154,156,142,15,135,146,43,128,85,152,172,12,181,82,192,139,33,13,111,195,40,37,71,35,88,171,189,194,31,68,116,57,0,113,196,89,5,141,119,4,183,63,51,72,147,65,102,115,14,49,55,155,184,75,80,114,177,169,191,11,104,180,163,170,95,91,90,125,149,32,97,58,100,7,175,179,27,193,136,144,70,168,17,103,105,174,190,188,186,145,42,47,132,166,123,44];True
2056;8137;10193;[34,122,25,48,10,176,83,129,8,84,67,61,74,108,21,99,16,77,112,150,56,18,62,120,24,197,26,9,143,20,3,2,167,160,92,142,130,22,38,45,124,94,161,1,165,153,187,127,39,107,87,76,50,53,93,23,30,134,137,86,69,64,101,151,54,158,199,6,117,98,19,110,81,52,182,28,162,78,60,79,185,148,121,73,41,36,46,131,59,133,96,157,138,178,164,173,66,126,198,159,140,118,109,29,154,156,106,15,135,146,43,128,85,152,172,12,181,82,192,139,33,13,111,195,40,37,71,35,88,171,189,194,31,68,116,57,0,113,196,89,5,141,119,4,183,63,51,72,147,65,102,115,14,49,55,155,184,75,80,114,177,169,191,11,104,180,163,170,95,91,90,125,149,32,97,58,100,7,175,179,27,193,136,144,70,168,17,103,105,174,190,188,186,145,42,47,132,166,123,44];True
1985;8224;10209;[174,76,25,48,10,176,83,129,8,84,67,61,74,108,21,99,16,77,112,150,56,18,62,120,24,197,26,9,143,20,3,2,121,160,92,106,130,22,38,34,124,94,161,1,165,153,187,127,39,107,87,122,50,53,93,23,30,134,137,86,45,64,101,151,54,158,199,6,117,98,19,110,81,52,182,28,162,78,60,79,185,148,167,73,41,36,46,131,59,133,96,157,138,178,164,173,66,126,198,159,140,118,109,29,154,156,142,15,135,146,43,128,85,152,172,12,181,82,192,139,33,13,111,195,40,37,71,35,88,171,189,194,31,68,116,57,0,113,196,89,5,141,119,4,183,63,51,72,147,65,102,115,14,49,55,155,184,75,80,114,177,169,191,11,104,180,163,170,95,91,90,125,149,32,97,58,100,7,175,179,27,193,136,144,70,168,17,103,105,69,190,188,186,145,42,47,132,166,123,44];True
1981;8230;10211;[174,76,25,48,10,176,83,129,8,84,67,61,74,108,21,99,16,77,112,150,56,18,62,120,24,197,26,9,143,20,3,2,121,160,92,106,130,22,38,87,124,94,161,1,165,153,187,127,39,107,34,122,50,53,93,23,30,134,137,86,45,64,101,151,54,158,199,6,117,98,19,110,81,52,182,28,162,78,60,79,185,148,167,73,41,36,46,131,59,133,96,157,138,178,164,173,66,126,198,159,140,118,109,29,154,156,142,15,135,146,43,128,85,152,172,12,181,82,192,139,33,13,111,195,40,37,71,35,88,171,189,194,31,68,116,57,0,113,196,89,5,141,119,4,183,63,51,72,147,65,102,115,14,49,55,155,184,75,80,114,177,169,191,11,104,180,163,170,95,91,90,125,149,32,97,58,100,7,175,179,27,193,136,144,70,168,17,103,105,69,190,188,186,145,42,47,132,166,123,44];True
1979;8233;10212;[45,122,25,48,10,176,83,129,8,84,67,61,74,108,21,99,16,77,112,150,56,18,62,120,24,197,26,9,143,20,3,2,121,160,92,106,130,22,38,34,124,94,161,1,165,153,187,127,39,107,87,76,50,53,93,23,30,134,137,86,69,64,101,151,54,158,199,6,117,98,19,110,81,52,182,28,162,78,60,79,185,148,167,73,41,36,46,131,59,133,96,157,138,178,164,173,66,126,198,159,140,118,109,29,154,156,142,15,135,146,43,128,85,152,172,12,181,82,192,139,33,13,111,195,40,37,71,35,88,171,189,194,31,68,116,57,0,113,196,89,5,141,119,4,183,63,51,72,147,65,102,115,14,49,55,155,184,75,80,114,177,169,191,11,104,180,163,170,95,91,90,125,149,32,97,58,100,7,175,179,27,193,136,144,70,168,17,103,105,174,190,188,186,145,42,47,132,166,123,44];True
2053;8161;10214;[34,122,25,48,10,176,83,129,8,84,67,61,74,108,21,99,16,77,112,150,56,18,62,120,24,197,26,9,143,20,3,2,121,160,92,142,130,22,38,45,124,94,161,1,165,153,187,127,39,107,87,76,50,53,93,23,30,134,137,86,69,64,101,151,54,158,199,6,117,98,19,110,81,52,182,28,162,78,60,79,185,148,167,73,41,36,46,131,59,133,96,157,138,178,164,173,66,126,198,159,140,118,109,29,154,156,106,15,135,146,43,128,85,152,172,12,181,82,192,139,33,13,111,195,40,37,71,35,88,171,189,194,31,68,116,57,0,113,196,89,5,141,119,4,183,63,51,72,147,65,102,115,14,49,55,155,184,75,80,114,177,169,191,11,104,180,163,170,95,91,90,125,149,32,97,58,100,7,175,179,27,193,136,144,70,168,17,103,105,174,190,188,186,145,42,47,132,166,123,44];True
2051;8167;10218;[49,67,25,48,10,176,83,129,8,84,122,73,74,108,21,99,16,77,112,150,56,18,62,120,24,197,26,9,143,20,3,2,121,160,92,142,130,22,38,34,124,94,161,1,165,153,187,127,39,107,87,76,50,53,93,23,30,134,137,86,69,64,101,151,54,158,199,6,117,98,19,110,81,52,182,28,162,78,60,79,185,148,167,61,41,36,46,131,59,133,96,157,138,178,164,173,66,126,198,159,140,118,109,29,154,156,106,15,135,146,43,128,85,152,172,12,181,82,192,139,33,13,111,195,40,37,71,35,88,171,189,194,31,68,116,57,0,113,196,89,5,141,119,4,183,63,51,72,147,65,102,115,14,45,55,155,184,75,80,114,177,169,191,11,104,180,163,170,95,91,90,125,149,32,97,58,100,7,175,179,27,193,136,144,70,168,17,103,105,174,190,188,186,145,42,47,132,166,123,44];True
2089;8130;10219;[34,122,25,48,10,176,83,129,8,84,67,73,74,108,21,99,16,77,112,150,56,18,62,120,24,197,26,9,143,20,3,2,121,160,92,142,130,22,38,45,124,94,161,1,165,153,187,127,39,107,87,76,50,53,93,23,30,134,137,86,69,64,101,151,54,158,199,6,117,98,19,110,81,52,182,28,162,78,60,79,185,148,167,61,41,36,46,131,59,133,96,157,138,178,164,173,66,126,198,159,140,118,109,29,154,156,106,15,135,146,43,128,85,152,172,12,181,82,192,139,33,13,111,195,40,37,71,35,88,171,189,194,31,68,116,57,0,113,196,89,5,141,119,4,183,63,51,72,147,65,102,115,14,49,55,155,184,75,80,114,177,169,191,11,104,180,163,170,95,91,90,125,149,32,97,58,100,7,175,179,27,193,136,144,70,168,17,103,105,174,190,188,186,145,42,47,132,166,123,44];True
2095;8126;10221;[174,67,25,48,10,176,83,129,8,84,122,73,74,108,21,99,16,77,112,150,56,18,62,120,24,197,26,9,143,20,3,2,121,160,92,49,130,22,38,34,124,94,161,1,165,153,187,127,39,107,87,76,50,53,93,23,30,134,137,86,69,64,101,151,54,158,199,6,117,98,19,110,81,52,182,28,162,78,60,79,185,148,167,61,41,36,46,131,59,133,96,157,138,178,164,173,66,126,198,159,140,118,109,29,154,156,106,71,15,146,43,128,85,152,172,12,181,82,192,139,33,13,111,195,40,37,135,35,88,171,189,194,31,68,116,57,0,113,196,89,5,141,119,4,183,63,51,72,147,65,102,115,14,45,55,155,184,75,80,114,177,169,191,11,104,180,163,170,95,91,90,125,149,32,97,58,100,7,175,179,27,193,136,144,70,168,17,103,105,142,190,188,186,145,42,47,132,166,123,44];True
2112;8120;10232;[174,67,25,48,10,176,83,129,8,84,122,73,74,108,21,99,16,77,112,150,56,18,62,120,24,197,26,9,143,20,3,2,121,160,92,49,130,22,38,34,124,94,161,1,165,153,187,127,39,107,87,76,50,53,93,23,30,134,137,86,69,64,101,151,54,158,199,6,117,98,19,110,81,52,182,28,162,78,60,79,185,148,167,61,41,36,46,131,59,133,96,157,138,178,164,173,66,126,198,159,140,118,109,72,154,156,106,71,135,146,43,128,85,152,172,12,181,82,192,139,33,13,111,195,40,37,15,35,88,171,189,194,31,68,116,57,0,113,196,89,5,141,119,4,183,63,51,29,147,65,102,115,14,45,55,155,184,75,80,114,177,169,191,11,104,180,163,170,95,91,90,125,149,32,97,58,100,7,175,179,27,193,136,144,70,168,17,103,105,142,190,188,186,145,42,47,132,166,123,44];True
2130;8110;10240;[174,67,25,48,10,176,83,129,8,84,122,73,74,108,21,99,16,77,112,150,56,18,62,120,24,197,26,9,143,20,3,2,121,160,92,49,130,22,38,34,124,94,161,1,165,153,187,127,39,107,87,76,50,53,93,23,30,134,137,86,69,64,101,151,54,158,199,6,117,98,19,110,81,52,182,28,162,78,60,79,185,148,167,61,41,36,46,131,59,133,96,157,138,178,164,173,66,126,198,159,140,118,109,29,154,156,106,71,135,146,43,128,85,152,172,12,181,82,192,139,33,13,111,195,11,37,15,35,88,171,189,194,31,68,116,57,0,113,196,89,5,141,119,4,183,63,51,72,147,65,102,115,14,45,55,155,184,75,80,114,177,169,191,40,104,180,163,170,95,91,90,125,149,32,97,58,100,7,175,179,27,193,136,144,70,168,17,103,105,142,190,188,186,145,42,47,132,166,123,44];True
2138;8103;10241;[174,67,25,48,10,176,83,129,8,84,122,73,74,108,21,99,16,77,112,150,56,18,62,120,24,197,26,9,143,20,3,2,121,160,92,49,130,22,38,34,124,94,161,1,165,153,187,127,39,107,87,76,50,53,93,23,30,134,137,86,69,64,101,151,54,158,199,6,117,98,19,110,81,52,182,28,162,78,60,79,185,148,167,61,41,36,46,131,59,133,96,157,138,178,164,173,66,126,198,159,140,118,109,29,154,156,106,71,135,146,43,128,85,152,172,12,181,82,192,139,33,13,111,195,40,37,15,35,88,171,189,194,102,68,116,57,0,113,196,89,5,141,119,4,183,63,51,72,147,65,31,115,14,45,55,155,184,75,80,114,177,169,191,11,104,180,163,170,95,91,90,125,149,32,97,58,100,7,175,179,27,193,136,144,70,168,17,103,105,142,190,188,186,145,42,47,132,166,123,44];True
2168;8093;10261;[174,67,25,48,10,176,83,129,8,84,122,73,74,108,21,99,16,77,112,150,56,18,62,120,24,197,26,9,143,20,3,2,121,160,92,49,130,22,38,34,124,94,161,1,165,153,187,127,39,107,87,76,50,53,93,23,30,134,137,86,69,64,101,151,54,158,199,6,117,98,186,110,81,52,182,28,162,78,60,79,185,148,167,61,41,36,46,131,59,133,96,157,138,178,164,173,66,126,198,159,140,118,109,29,154,156,106,71,135,146,43,128,85,152,172,12,181,82,192,139,33,13,111,195,40,37,15,35,88,171,189,194,31,68,116,57,0,113,196,89,5,141,119,4,183,63,51,72,147,65,102,115,14,45,55,155,184,75,80,114,177,169,191,11,104,180,163,170,95,91,90,125,149,32,97,58,100,7,175,179,27,193,136,144,70,168,17,103,105,142,190,188,19,145,42,47,132,166,123,44];True
2165;8100;10265;[174,67,25,48,10,176,43,129,8,84,122,73,74,108,21,99,16,77,112,150,56,18,62,120,24,197,26,9,143,20,3,2,121,160,92,49,130,22,38,34,124,94,161,1,165,153,187,127,39,107,87,76,50,53,93,23,30,134,137,86,69,64,101,151,54,158,199,6,117,98,19,110,81,52,182,28,162,78,60,79,185,148,167,61,41,36,46,131,59,133,96,157,138,178,164,173,66,126,198,159,140,118,109,29,154,156,106,71,135,146,83,128,85,152,172,12,181,82,192,139,33,13,111,195,11,37,15,35,88,171,189,194,31,68,116,57,0,113,196,89,5,141,119,4,183,63,51,72,147,65,102,115,14,45,55,155,184,75,80,114,177,169,191,40,104,180,163,170,95,91,90,125,149,32,97,58,100,7,175,179,27,193,136,144,70,168,17,103,105,142,190,188,186,145,42,47,132,166,123,44];True
2195;8091;10286;[174,67,25,48,10,176,83,129,8,84,122,73,74,108,21,99,16,77,112,150,56,69,62,120,24,197,26,9,143,20,3,2,121,160,92,49,130,22,38,34,124,94,161,1,165,153,187,127,39,107,87,76,50,53,93,23,30,134,137,86,18,64,101,151,54,158,199,6,117,98,19,110,81,52,182,28,162,78,60,79,185,148,167,61,41,36,46,131,59,133,96,157,138,178,164,173,66,126,198,159,140,118,109,29,154,156,106,71,135,146,43,128,85,152,172,12,181,82,192,139,33,13,111,195,11,37,15,35,88,171,189,194,31,68,116,57,0,113,196,89,5,141,119,4,183,63,51,72,147,65,102,115,14,45,55,155,184,75,80,114,177,169,191,40,104,180,163,170,95,91,90,125,149,32,97,58,100,7,175,179,27,193,136,144,70,168,17,103,105,142,190,188,186,145,42,47,132,166,123,44];True
2209;8078;10287;[174,67,40,150,10,176,83,129,8,84,122,73,74,56,21,99,16,77,112,48,108,18,62,120,24,197,26,9,143,20,3,2,121,160,92,49,130,22,38,34,124,94,161,1,165,153,187,127,39,107,87,76,50,53,93,23,30,134,137,86,69,64,101,151,54,158,199,6,117,98,186,110,81,52,182,28,162,78,60,79,185,148,167,61,41,36,46,131,59,133,96,157,138,178,164,173,66,126,198,159,140,118,109,29,154,156,106,71,135,146,43,128,85,152,172,12,181,82,192,139,33,13,111,195,25,37,15,35,88,171,189,194,31,68,116,57,0,113,196,89,5,141,119,4,183,63,51,72,147,65,102,115,14,45,55,155,184,75,80,114,177,169,191,11,104,180,163,170,95,91,90,125,149,32,97,58,100,7,175,179,27,193,136,144,70,168,17,103,105,142,190,188,19,145,42,47,132,166,123,44];True
2200;8087;10287;[174,67,25,48,10,176,83,129,8,84,122,73,74,108,21,99,16,77,112,150,56,18,69,120,24,197,26,9,143,20,3,2,121,160,92,49,130,22,38,34,124,94,161,1,165,153,187,127,39,107,87,76,50,53,93,23,30,134,137,86,62,64,101,151,54,158,199,6,117,98,19,110,81,52,182,28,162,78,60,79,185,148,167,61,41,36,46,131,59,133,96,157,138,178,164,173,66,126,198,159,140,118,109,72,154,156,106,71,135,146,43,128,85,152,172,12,181,82,192,139,33,13,111,195,40,37,15,35,88,171,189,194,31,68,116,57,0,113,196,89,5,141,119,4,183,63,51,29,147,65,102,115,14,45,55,155,184,75,80,114,177,169,191,11,104,180,163,170,95,91,90,125,149,32,97,58,100,7,175,179,27,193,136,144,70,168,17,103,105,142,190,188,186,145,42,47,132,166,123,44];True
2240;8053;10293;[174,67,121,160,10,176,43,129,8,84,122,73,74,108,21,99,16,77,112,150,56,18,62,120,24,197,26,9,143,20,3,2,25,48,92,49,130,22,38,34,124,94,161,1,165,153,187,127,39,107,87,76,50,53,93,23,30,134,137,86,69,64,101,151,54,158,199,6,117,98,19,110,81,52,182,28,162,78,60,79,185,148,167,61,41,36,46,131,59,133,96,157,138,178,164,173,66,126,198,159,140,118,109,29,154,156,106,71,135,146,83,128,85,152,172,12,181,82,192,139,33,13,111,195,11,37,15,35,88,171,189,194,31,68,116,57,0,113,196,89,5,141,119,4,183,63,51,72,147,65,102,115,14,45,55,155,184,75,80,114,177,169,191,40,104,180,163,170,95,91,90,125,149,32,97,58,100,7,175,179,27,193,136,144,70,168,17,103,105,142,190,188,186,145,42,47,132,166,123,44];True
2232;8073;10305;[174,67,38,150,10,176,83,129,8,84,122,73,74,56,21,99,16,77,112,48,108,18,62,120,24,197,26,9,143,20,3,2,121,160,92,49,130,22,40,34,124,94,161,1,165,153,187,127,39,107,87,76,50,53,93,23,30,134,137,86,69,64,101,151,54,158,199,6,117,98,186,110,81,52,182,28,162,78,60,79,185,148,167,61,41,36,46,131,59,133,96,157,138,178,164,173,66,126,198,159,140,118,109,29,154,156,106,71,135,146,43,128,85,152,172,12,181,82,192,139,33,13,111,195,25,37,15,35,88,171,189,194,31,68,116,57,0,113,196,89,5,141,119,4,183,63,51,72,147,65,102,115,14,45,55,155,184,75,80,114,177,169,191,11,104,180,163,170,95,91,90,125,149,32,97,58,100,7,175,179,27,193,136,144,70,168,17,103,105,142,190,188,19,145,42,47,132,166,123,44];True
2304;8050;10354;[34,67,121,160,10,176,43,129,8,84,122,73,74,108,21,99,16,77,112,150,56,18,62,120,24,197,26,9,143,20,3,2,25,48,92,49,130,22,38,174,124,94,161,1,165,153,187,127,39,107,87,76,50,53,93,23,30,134,137,86,69,64,101,151,54,158,199,6,117,98,19,110,81,52,182,28,162,78,60,79,185,148,167,61,41,36,46,131,59,133,96,157,138,178,164,173,66,126,198,159,140,118,109,29,154,156,106,71,135,146,83,128,85,152,172,12,181,82,192,139,33,13,111,195,11,37,15,35,88,171,189,194,31,68,116,57,0,113,196,89,5,141,119,4,183,63,51,72,147,65,102,115,14,45,55,155,184,75,80,114,177,169,191,40,104,180,163,170,95,91,90,125,149,32,97,58,100,7,175,179,27,193,136,144,70,168,17,103,105,142,190,188,186,145,42,47,132,166,123,44];True
2320;8040;10360;[174,67,38,150,10,176,83,129,8,84,122,73,74,56,21,99,16,77,112,48,108,18,69,120,24,197,26,9,143,20,3,2,121,160,92,49,130,22,40,34,124,94,161,1,165,153,187,127,39,107,87,76,50,53,93,23,30,134,137,86,62,64,101,151,54,158,199,6,117,98,186,110,81,52,182,28,162,78,60,79,185,148,167,61,41,36,46,131,59,133,96,157,138,178,164,173,66,126,198,159,140,118,109,29,154,156,106,71,135,146,43,128,85,152,172,12,181,82,192,139,33,13,111,195,25,37,15,35,88,171,189,194,31,68,116,57,0,113,196,89,5,141,119,4,183,63,51,72,147,65,102,115,14,45,55,155,184,75,80,114,177,169,191,11,104,180,163,170,95,91,90,125,149,32,97,58,100,7,175,179,27,193,136,144,70,168,17,103,105,142,190,188,19,145,42,47,132,166,123,44];True
2369;8032;10401;[174,67,38,150,10,176,83,129,8,84,69,73,74,56,21,99,16,77,112,48,108,18,62,120,24,197,26,9,143,20,3,2,121,160,92,49,130,22,40,34,124,94,161,1,165,153,187,127,39,107,87,76,50,53,93,23,30,134,137,86,122,64,101,151,54,158,199,6,117,98,186,110,81,52,182,28,162,78,60,79,185,148,167,61,41,36,46,131,59,133,96,157,138,178,164,173,66,126,198,159,140,118,109,29,154,156,106,71,135,146,43,128,85,152,172,12,181,82,192,139,33,13,111,195,25,37,15,35,88,171,189,194,31,68,116,57,0,113,196,89,5,141,119,4,183,63,51,72,147,65,102,115,14,45,55,155,184,75,80,114,177,169,191,11,104,180,163,170,95,91,90,125,149,32,97,58,100,7,175,179,27,193,136,144,70,168,17,103,105,142,190,188,19,145,42,47,132,166,123,44];True
2462;8028;10490;[31,67,38,150,10,176,83,129,8,84,69,73,74,56,21,99,16,77,112,48,108,18,62,120,24,197,26,9,143,20,3,2,121,160,92,49,130,22,40,34,124,94,161,1,165,153,187,127,39,107,87,76,50,53,93,23,30,134,137,86,122,64,101,151,54,158,199,6,117,98,186,110,81,52,182,28,162,78,60,79,185,148,167,61,41,36,46,131,59,133,96,157,138,178,164,173,66,126,198,159,140,118,109,29,154,156,106,71,135,146,43,128,85,152,172,12,181,82,192,139,33,13,111,195,25,37,15,35,88,171,189,194,174,68,116,57,0,113,196,89,5,141,119,4,183,63,51,72,147,65,102,115,14,45,55,155,184,75,80,114,177,169,191,11,104,180,163,170,95,91,90,125,149,32,97,58,100,7,175,179,27,193,136,144,70,168,17,103,105,142,190,188,19,145,42,47,132,166,123,44];True
2508;8017;10525;[92,67,38,150,10,176,83,129,8,16,69,73,74,56,21,99,84,77,112,48,108,18,62,120,24,197,26,9,143,20,3,2,121,160,174,49,130,22,40,34,124,94,161,1,165,153,187,127,39,107,87,76,50,53,93,23,30,134,137,86,122,64,101,151,54,158,199,6,117,98,186,110,81,52,182,28,162,78,60,79,185,148,167,61,41,36,46,131,59,133,96,157,138,178,164,173,66,126,198,159,140,118,109,29,154,156,106,71,135,146,43,128,85,152,172,12,181,82,192,139,33,13,111,195,25,37,15,35,88,171,189,194,31,68,116,57,0,113,196,89,5,141,119,4,183,63,51,72,147,65,102,115,14,45,55,155,184,75,80,114,177,169,191,11,104,180,163,170,95,91,90,125,149,32,97,58,100,7,175,179,27,193,136,144,70,168,17,103,105,142,190,188,19,145,42,47,132,166,123,44];True
2506;8027;10533;[92,67,38,150,10,176,83,129,8,84,69,73,74,56,21,99,16,77,112,48,108,18,62,120,24,197,26,9,143,20,3,2,121,160,174,49,130,22,40,34,124,94,161,1,165,153,187,127,39,107,87,76,50,53,93,23,30,134,137,86,122,64,101,151,54,158,199,6,117,98,186,110,81,52,182,28,162,78,60,79,185,148,167,61,41,36,46,131,59,133,96,157,138,178,164,173,66,126,198,159,140,118,109,29,154,156,106,71,135,146,43,128,85,152,172,12,181,82,192,139,33,13,111,195,25,37,15,35,88,171,189,194,31,68,116,57,0,113,196,89,5,141,119,4,183,63,51,72,147,65,102,115,14,45,55,155,184,75,80,114,177,169,191,11,104,180,163,170,95,91,90,125,149,32,97,58,100,7,175,179,27,193,136,144,70,168,17,103,105,142,190,188,19,145,42,47,132,166,123,44];True
2564;8014;10578;[99,67,38,150,10,176,83,129,8,16,69,73,74,56,21,92,84,77,112,48,108,18,62,120,24,197,26,9,143,20,3,2,121,160,174,49,130,22,40,34,124,94,161,1,165,153,187,127,39,107,87,76,50,53,93,23,30,134,137,86,122,64,101,151,54,158,199,6,117,98,186,110,81,52,182,28,162,78,60,79,185,148,167,61,41,36,46,131,59,133,96,157,138,178,164,173,66,126,198,159,140,118,109,29,154,156,106,71,135,146,43,128,85,152,172,12,181,82,192,139,33,13,111,195,25,37,15,35,88,171,189,194,31,68,116,57,0,113,196,89,5,141,119,4,183,63,51,72,147,65,102,115,14,45,55,155,184,75,80,114,177,169,191,11,104,180,163,170,95,91,90,125,149,32,97,58,100,7,175,179,27,193,136,144,70,168,17,103,105,142,190,188,19,145,42,47,132,166,123,44];True
2628;8000;10628;[92,67,38,150,10,176,83,129,8,69,73,74,20,56,21,99,16,77,112,48,108,18,62,120,24,197,26,9,143,84,3,2,121,160,174,49,130,22,40,34,124,94,161,1,165,153,187,127,39,107,87,76,50,53,93,23,30,134,137,86,122,64,101,151,54,158,199,6,117,98,186,110,81,52,182,28,162,78,60,79,185,148,167,61,41,36,46,131,59,133,96,157,138,178,164,173,66,126,198,159,140,118,109,29,154,156,106,71,135,146,43,128,85,152,172,12,181,82,192,139,33,13,111,195,25,37,15,35,88,171,189,194,31,68,116,57,0,113,196,89,5,141,119,4,183,63,51,72,147,65,102,115,14,45,55,155,184,75,80,114,177,169,191,11,104,180,163,170,95,91,90,125,149,32,97,58,100,7,175,179,27,193,136,144,70,168,17,103,105,142,190,188,19,145,42,47,132,166,123,44];True
1526;9113;10639;[193,67,112,48,10,1,2,129,8,84,122,107,101,118,105,99,141,17,45,15,173,18,25,120,24,197,26,9,109,20,146,49,147,65,92,142,130,22,38,34,3,94,75,12,165,153,187,127,39,73,87,76,50,53,93,27,30,134,58,86,181,82,23,151,54,158,121,6,117,98,78,110,81,52,108,74,183,83,135,79,185,148,167,61,59,36,46,5,41,133,96,157,138,178,152,56,66,126,198,159,140,19,51,29,154,156,160,71,69,190,43,128,85,164,111,192,40,124,150,139,33,13,172,195,182,37,60,35,88,145,189,194,31,171,116,57,186,113,196,89,162,106,119,28,4,97,131,0,199,62,102,115,14,114,55,155,184,161,80,137,177,169,191,11,104,180,163,170,95,91,90,125,149,32,68,63,100,7,175,143,174,16,136,144,70,168,64,103,21,72,77,188,179,176,42,47,132,166,123,44];True
1570;9072;10642;[193,67,112,48,10,1,2,129,8,84,122,107,174,118,105,99,141,17,45,15,173,18,25,120,24,197,26,9,109,20,146,49,147,65,92,142,130,22,38,34,3,94,75,12,165,153,187,127,39,73,87,76,50,53,93,23,30,134,58,86,181,82,101,151,54,158,121,6,117,98,78,110,81,52,108,74,183,192,135,79,185,148,167,61,59,36,46,5,41,133,96,157,138,178,152,56,66,126,198,159,140,19,51,29,154,156,160,71,69,190,43,128,85,164,111,83,40,124,150,139,33,13,172,195,182,37,60,35,88,145,189,194,31,171,116,57,186,113,196,89,162,106,119,28,4,97,131,0,199,62,102,115,14,114,55,155,184,161,80,137,177,169,191,11,104,180,163,170,95,91,90,125,149,32,68,63,100,7,175,143,27,16,136,144,70,168,64,103,21,72,77,188,179,176,42,47,132,166,123,44];True
1535;9111;10646;[45,67,112,48,10,1,2,129,8,84,122,107,101,118,105,99,141,17,193,15,173,18,25,120,24,197,26,9,109,20,146,49,147,65,92,142,130,22,38,34,3,94,75,12,165,153,187,127,39,73,87,76,50,53,93,27,30,134,58,86,181,82,23,151,54,158,121,6,117,98,78,110,81,52,108,74,183,83,135,79,185,148,167,61,59,36,46,5,41,133,96,157,138,178,152,56,66,126,198,159,140,19,51,29,154,156,160,71,69,190,43,128,85,164,111,192,40,124,150,139,33,13,172,195,182,37,60,35,88,145,189,194,31,171,116,57,186,113,196,89,162,106,119,28,4,97,131,0,199,62,102,115,14,114,55,155,184,161,80,137,177,169,191,11,104,180,163,170,95,91,90,125,149,32,68,63,100,7,175,143,174,16,136,144,70,168,64,103,21,72,77,188,179,176,42,47,132,166,123,44];True
1577;9070;10647;[45,67,112,48,10,1,2,129,8,84,122,107,101,118,105,99,106,17,193,15,173,18,25,120,24,197,26,9,109,20,146,49,147,65,92,142,130,22,38,34,3,94,75,12,165,153,187,127,39,73,87,76,50,53,93,27,30,134,137,86,181,82,23,151,54,158,121,6,117,98,78,110,81,52,108,74,183,83,135,79,185,148,167,61,59,36,46,5,41,133,96,157,138,178,152,56,66,126,198,159,140,19,131,29,154,156,160,71,69,190,43,128,85,164,111,192,40,124,150,139,33,13,172,195,182,37,60,35,88,145,189,194,31,171,116,57,186,113,196,89,162,141,119,28,4,97,51,0,199,62,102,115,14,114,55,155,184,161,80,58,177,169,191,11,104,180,163,170,95,91,90,125,149,32,68,63,100,7,175,143,174,16,136,144,70,168,64,103,21,72,77,188,179,176,42,47,132,166,123,44];True
1554;9104;10658;[193,67,112,48,10,1,2,129,8,84,122,107,101,118,105,99,116,17,45,15,173,18,25,120,24,197,26,9,109,20,146,49,147,65,92,142,130,22,38,34,3,94,75,12,165,153,187,127,39,73,87,76,50,53,93,27,30,134,137,86,181,82,23,151,54,158,121,6,117,98,78,110,81,52,108,74,183,83,135,79,185,148,167,61,59,36,46,5,41,133,96,157,138,178,152,56,66,126,198,159,140,19,131,29,154,156,160,71,69,190,43,128,85,164,111,192,40,124,150,139,33,13,172,195,182,37,60,35,88,145,189,194,31,171,141,57,186,113,196,89,162,106,119,28,4,97,51,0,199,62,102,115,14,114,55,155,184,161,80,58,177,169,191,11,104,180,163,170,95,91,90,125,149,32,68,63,100,7,175,143,174,16,136,144,70,168,64,103,21,72,77,188,179,176,42,47,132,166,123,44];True
1565;9096;10661;[193,67,112,48,10,1,2,129,8,84,122,107,101,118,105,99,106,17,45,15,173,18,25,120,24,197,26,9,109,20,146,49,147,65,92,142,130,22,38,34,3,94,75,12,165,153,187,127,39,73,87,76,50,53,93,27,30,134,58,86,181,82,23,151,54,158,121,6,117,98,78,110,81,52,108,74,183,83,135,79,185,148,167,61,59,36,46,5,41,133,96,157,138,178,152,56,66,126,198,159,140,19,131,29,154,156,160,71,69,190,43,128,85,164,111,192,40,124,150,139,33,13,172,195,182,149,60,35,88,145,189,194,31,171,116,57,186,113,196,89,162,141,119,28,4,97,51,0,199,62,102,115,14,114,55,155,184,161,80,137,177,169,191,11,104,180,163,170,95,91,90,125,37,32,68,63,100,7,175,143,174,16,136,144,70,168,64,103,21,72,77,188,179,176,42,47,132,166,123,44];True
1563;9102;10665;[45,67,112,48,10,1,2,129,8,84,122,107,101,118,105,99,116,17,193,15,173,18,25,120,24,197,26,9,109,20,146,49,147,65,92,142,130,22,38,34,3,94,75,12,165,153,187,127,39,73,87,76,50,53,93,27,30,134,137,86,181,82,23,151,54,158,121,6,117,98,78,110,81,52,108,74,183,83,135,79,185,148,167,61,59,36,46,5,41,133,96,157,138,178,152,56,66,126,198,159,140,19,131,29,154,156,160,71,69,190,43,128,85,164,111,192,40,124,150,139,33,13,172,195,182,37,60,35,88,145,189,194,31,171,141,57,186,113,196,89,162,106,119,28,4,97,51,0,199,62,102,115,14,114,55,155,184,161,80,58,177,169,191,11,104,180,163,170,95,91,90,125,149,32,68,63,100,7,175,143,174,16,136,144,70,168,64,103,21,72,77,188,179,176,42,47,132,166,123,44];True
1634;9036;10670;[84,67,12,193,10,1,2,129,8,48,122,107,174,118,105,99,141,17,45,15,173,18,25,120,24,197,26,9,109,20,146,49,147,65,92,142,130,22,38,34,3,94,75,112,165,153,187,127,39,73,87,76,50,53,93,23,30,134,58,86,181,82,101,151,54,158,121,6,117,98,78,110,81,52,108,74,183,192,135,79,185,148,167,61,59,36,46,5,41,133,96,157,138,178,152,56,66,126,198,159,140,19,51,29,154,156,160,71,69,190,43,128,85,164,111,83,40,124,150,139,33,13,172,195,182,37,60,35,88,145,189,194,31,171,116,57,186,113,196,89,162,106,119,28,4,97,131,0,199,62,102,115,14,114,55,155,184,161,80,137,177,169,191,11,104,180,163,170,95,91,90,125,149,32,68,63,100,7,175,143,27,16,136,144,70,168,64,103,21,72,77,188,179,176,42,47,132,166,123,44];True
1660;9025;10685;[90,67,112,193,10,1,2,129,8,48,122,107,174,118,105,99,141,17,45,15,173,18,25,120,24,197,26,9,109,20,146,49,147,65,92,142,130,22,38,34,3,94,75,12,165,153,187,127,39,73,87,76,50,53,93,23,30,134,58,86,181,82,101,151,54,158,121,6,117,98,78,110,81,52,108,74,183,192,135,79,185,148,167,61,59,36,46,5,41,133,96,157,138,178,152,56,66,126,198,159,140,19,51,29,154,156,160,71,69,190,43,128,85,164,111,83,40,124,150,139,33,13,172,195,182,37,60,35,88,145,189,194,31,171,116,57,186,113,196,89,162,106,119,28,4,97,131,0,199,62,102,115,14,114,55,155,184,161,80,137,177,169,191,11,104,180,163,170,95,91,84,125,149,32,68,63,100,7,175,143,27,16,136,144,70,168,64,103,21,72,77,188,179,176,42,47,132,166,123,44];True
1933;8756;10689;[97,64,112,48,10,1,91,129,8,84,122,107,174,19,105,99,16,77,193,60,56,18,62,120,24,197,26,9,109,20,3,2,121,4,92,49,130,22,38,34,67,94,75,12,165,153,187,127,39,73,87,76,50,53,93,23,30,134,58,86,181,82,101,151,54,158,199,6,117,98,78,110,81,52,69,28,162,192,135,79,185,148,167,61,59,36,46,131,41,133,96,157,138,178,164,173,66,126,198,159,140,118,186,29,154,156,160,71,108,146,43,128,85,152,111,83,40,124,150,139,33,13,172,195,182,37,15,35,88,145,189,194,31,171,116,57,0,113,196,89,5,141,119,74,183,25,51,72,147,65,102,115,14,45,55,155,184,161,80,114,177,169,191,11,104,180,163,170,95,137,90,125,149,32,68,63,100,7,175,143,27,106,136,144,70,168,17,103,21,142,190,188,179,176,42,47,132,166,123,44];True
1513;9177;10690;[193,67,112,48,10,1,2,129,8,84,122,107,101,118,105,99,141,17,45,15,173,18,25,120,24,197,26,9,109,20,146,49,147,65,92,142,130,22,38,34,3,94,75,12,165,153,187,127,39,73,87,76,50,53,93,27,30,134,137,86,181,82,23,151,54,158,121,6,117,98,78,110,81,52,108,74,183,83,135,79,185,148,167,61,59,36,46,5,41,133,96,157,138,178,152,56,66,126,198,159,140,19,131,29,154,156,160,71,69,190,43,128,85,164,111,192,40,124,150,139,33,13,172,195,182,37,60,35,88,145,189,194,31,171,116,57,186,113,196,89,162,106,119,28,4,97,51,0,199,62,102,115,14,114,55,155,184,161,80,58,177,169,191,11,104,180,163,170,95,91,90,125,149,32,68,63,100,7,175,143,174,16,136,144,70,168,64,103,21,72,77,188,179,176,42,47,132,166,123,44];True
1916;8776;10692;[196,64,112,48,10,1,2,129,8,84,122,107,174,19,105,99,16,77,193,60,56,18,62,120,24,197,26,9,109,20,3,91,121,4,92,49,130,22,38,34,67,94,75,12,165,153,187,127,39,73,87,76,50,53,93,23,30,134,58,86,181,82,101,151,54,158,199,6,117,98,78,110,81,52,69,28,162,192,135,79,185,148,167,61,59,36,46,131,41,133,96,157,138,178,164,173,66,126,198,159,140,118,186,29,154,156,160,71,108,146,43,128,85,152,111,83,40,124,150,139,33,13,172,195,182,37,15,35,88,145,189,194,31,171,116,57,0,113,97,89,5,141,119,74,183,25,51,72,147,65,102,115,14,45,55,155,184,161,80,114,177,169,191,11,104,180,163,170,95,137,90,125,149,32,68,63,100,7,175,143,27,106,136,144,70,168,17,103,21,142,190,188,179,176,42,47,132,166,123,44];True
1931;8763;10694;[97,64,112,48,10,1,2,129,8,84,122,107,174,19,105,99,16,77,193,60,56,18,62,120,24,197,26,9,109,20,3,91,121,4,92,49,130,22,38,34,67,94,75,12,165,153,187,127,39,73,87,76,50,53,93,23,30,134,58,86,181,82,101,151,54,158,199,6,117,98,78,110,81,52,69,28,162,192,135,79,185,148,167,61,59,36,46,131,41,133,96,157,138,178,164,173,66,126,198,159,140,118,186,29,154,156,160,71,108,146,43,128,85,152,111,83,40,124,150,139,33,13,172,195,182,37,15,35,88,145,189,194,31,171,116,57,0,113,196,89,5,141,119,74,183,25,51,72,147,65,102,115,14,45,55,155,184,161,80,114,177,169,191,11,104,180,163,170,95,137,90,125,149,32,68,63,100,7,175,143,27,106,136,144,70,168,17,103,21,142,190,188,179,176,42,47,132,166,123,44];True
1522;9175;10697;[45,67,112,48,10,1,2,129,8,84,122,107,101,118,105,99,141,17,193,15,173,18,25,120,24,197,26,9,109,20,146,49,147,65,92,142,130,22,38,34,3,94,75,12,165,153,187,127,39,73,87,76,50,53,93,27,30,134,137,86,181,82,23,151,54,158,121,6,117,98,78,110,81,52,108,74,183,83,135,79,185,148,167,61,59,36,46,5,41,133,96,157,138,178,152,56,66,126,198,159,140,19,131,29,154,156,160,71,69,190,43,128,85,164,111,192,40,124,150,139,33,13,172,195,182,37,60,35,88,145,189,194,31,171,116,57,186,113,196,89,162,106,119,28,4,97,51,0,199,62,102,115,14,114,55,155,184,161,80,58,177,169,191,11,104,180,163,170,95,91,90,125,149,32,68,63,100,7,175,143,174,16,136,144,70,168,64,103,21,72,77,188,179,176,42,47,132,166,123,44];True
1689;9020;10709;[143,67,12,193,10,1,2,129,8,48,122,107,174,118,105,99,141,17,45,15,173,18,25,120,24,197,26,9,109,20,146,49,147,65,92,142,130,22,38,34,3,94,75,112,165,153,187,127,39,73,87,76,50,53,93,23,30,134,58,86,181,82,101,151,54,158,121,6,117,98,78,110,81,52,108,74,183,192,135,79,185,148,167,61,59,36,46,5,41,133,96,157,138,178,152,56,66,126,198,159,140,19,51,29,154,156,160,71,69,190,43,128,85,164,111,83,40,124,150,139,33,13,172,195,182,37,60,35,88,145,189,194,31,171,116,57,186,113,196,89,162,106,119,28,4,97,131,0,199,62,102,115,14,114,55,155,184,161,80,137,177,169,191,11,104,180,163,170,95,91,90,125,149,32,68,63,100,7,175,84,27,16,136,144,70,168,64,103,21,72,77,188,179,176,42,47,132,166,123,44];True
1510;9201;10711;[193,67,112,48,10,1,2,129,8,84,122,107,101,118,105,99,141,17,45,15,173,18,25,120,24,197,26,9,109,20,146,49,147,65,92,142,130,22,38,34,3,94,75,12,165,153,187,127,39,73,87,76,50,53,93,27,30,134,58,86,181,82,23,151,54,158,121,6,117,98,78,110,81,52,108,74,183,83,135,79,185,148,167,61,59,36,46,5,41,133,96,157,138,178,152,56,66,126,198,159,140,19,131,29,154,156,160,71,69,190,43,128,85,164,111,192,40,124,150,139,33,13,172,195,182,149,60,35,88,145,189,194,31,171,116,57,186,113,196,89,162,106,119,28,4,97,51,0,199,62,102,115,14,114,55,155,184,161,80,137,177,169,191,11,104,180,163,170,95,91,90,125,37,32,68,63,100,7,175,143,174,16,136,144,70,168,64,103,21,72,77,188,179,176,42,47,132,166,123,44];True
1913;8800;10713;[25,64,112,48,10,1,91,129,8,84,122,107,174,19,105,99,16,77,193,60,56,18,62,120,24,197,26,9,109,20,3,2,121,4,92,49,130,22,38,34,67,94,75,12,165,153,187,127,39,73,87,76,50,53,93,23,30,134,58,86,181,82,101,151,54,158,199,6,117,98,78,110,81,52,69,28,162,192,135,79,185,148,167,61,59,36,46,131,41,133,96,157,138,178,164,173,66,126,198,159,140,118,186,29,154,156,160,71,108,146,43,128,85,152,111,83,40,124,150,139,33,13,172,195,182,37,15,35,88,145,189,194,31,171,116,57,0,113,196,89,5,141,119,74,183,97,51,72,147,65,102,115,14,45,55,155,184,161,80,114,177,169,191,11,104,180,163,170,95,137,90,125,149,32,68,63,100,7,175,143,27,106,136,144,70,168,17,103,21,142,190,188,179,176,42,47,132,166,123,44];True
1508;9208;10716;[193,67,112,48,10,1,2,129,8,84,122,107,101,118,105,99,141,17,45,15,173,18,25,120,24,197,26,9,109,20,146,49,147,65,92,142,130,22,38,34,3,94,75,12,165,153,187,127,39,73,87,76,50,53,93,27,30,134,58,86,181,82,23,151,54,158,121,6,117,98,78,110,81,52,108,74,183,83,135,79,185,148,167,61,59,36,46,5,41,133,96,157,138,178,152,56,66,126,198,159,140,19,131,29,154,156,160,71,69,190,43,128,85,164,111,192,40,124,150,139,33,13,172,195,182,37,60,35,88,145,189,194,31,171,116,57,186,113,196,89,162,106,119,28,4,97,51,0,199,62,102,115,14,114,55,155,184,161,80,137,177,169,191,11,104,180,163,170,95,91,90,125,149,32,68,63,100,7,175,143,174,16,136,144,70,168,64,103,21,72,77,188,179,176,42,47,132,166,123,44];True
1911;8807;10718;[25,64,112,48,10,1,2,129,8,84,122,107,174,19,105,99,16,77,193,60,56,18,62,120,24,197,26,9,109,20,3,91,121,4,92,49,130,22,38,34,67,94,75,12,165,153,187,127,39,73,87,76,50,53,93,23,30,134,58,86,181,82,101,151,54,158,199,6,117,98,78,110,81,52,69,28,162,192,135,79,185,148,167,61,59,36,46,131,41,133,96,157,138,178,164,173,66,126,198,159,140,118,186,29,154,156,160,71,108,146,43,128,85,152,111,83,40,124,150,139,33,13,172,195,182,37,15,35,88,145,189,194,31,171,116,57,0,113,196,89,5,141,119,74,183,97,51,72,147,65,102,115,14,45,55,155,184,161,80,114,177,169,191,11,104,180,163,170,95,137,90,125,149,32,68,63,100,7,175,143,27,106,136,144,70,168,17,103,21,142,190,188,179,176,42,47,132,166,123,44];True
1855;8871;10726;[4,67,193,48,10,1,2,129,8,84,122,107,174,19,105,99,106,77,112,60,173,18,62,120,24,197,26,9,109,20,3,114,121,25,92,49,130,22,38,34,64,94,75,12,165,153,187,127,39,73,87,76,50,53,93,23,30,134,58,86,181,82,101,151,54,158,199,6,117,98,78,110,81,52,69,28,162,192,135,79,185,148,167,61,59,36,46,131,41,133,96,157,138,178,152,56,66,126,198,159,140,118,186,29,154,156,160,71,108,146,43,128,85,164,111,83,40,124,150,139,33,13,172,195,182,37,15,35,88,145,189,194,31,171,116,57,0,113,196,89,5,141,119,74,183,97,51,72,147,65,102,115,14,45,55,155,184,161,80,137,177,169,191,11,104,180,163,170,95,91,90,125,149,32,68,63,100,7,175,143,27,16,136,144,70,168,17,103,21,142,190,188,179,176,42,47,132,166,123,44];True
1721;9005;10726;[143,67,165,193,10,1,2,129,8,48,122,107,174,118,105,99,141,17,45,15,173,18,25,120,24,197,26,9,109,20,146,49,147,65,92,142,130,22,38,34,3,94,75,112,27,153,187,127,39,73,87,76,50,53,93,23,30,134,58,86,181,82,101,151,54,158,121,6,117,98,78,110,81,52,108,74,183,192,135,79,185,148,167,12,59,36,46,5,41,133,96,157,138,178,152,56,66,126,198,159,140,19,51,29,154,156,160,71,69,190,43,128,85,164,111,83,40,124,150,139,33,13,172,195,182,37,60,35,88,145,189,194,31,171,116,57,186,113,196,89,162,106,119,28,4,97,131,0,199,62,102,115,14,114,55,155,184,161,80,137,177,169,191,11,104,180,163,170,95,91,90,125,149,32,68,63,100,7,175,84,61,16,136,144,70,168,64,103,21,72,77,188,179,176,42,47,132,166,123,44];True
1717;9011;10728;[84,67,165,193,10,1,2,129,8,48,122,107,174,118,105,99,141,17,45,15,173,18,25,120,24,197,26,9,109,20,146,49,147,65,92,142,130,22,38,34,3,94,75,112,27,153,187,127,39,73,87,76,50,53,93,23,30,134,58,86,181,82,101,151,54,158,121,6,117,98,78,110,81,52,108,74,183,192,135,79,185,148,167,12,59,36,46,5,41,133,96,157,138,178,152,56,66,126,198,159,140,19,51,29,154,156,160,71,69,190,43,128,85,164,111,83,40,124,150,139,33,13,172,195,182,37,60,35,88,145,189,194,31,171,116,57,186,113,196,89,162,106,119,28,4,97,131,0,199,62,102,115,14,114,55,155,184,161,80,137,177,169,191,11,104,180,163,170,95,91,90,125,149,32,68,63,100,7,175,143,61,16,136,144,70,168,64,103,21,72,77,188,179,176,42,47,132,166,123,44];True
1910;8819;10729;[4,67,112,48,10,1,91,129,8,84,122,107,174,19,105,99,16,77,193,60,56,18,62,120,24,197,26,9,109,20,3,2,121,25,92,49,130,22,38,34,64,94,75,12,165,153,187,127,39,73,87,76,50,53,93,23,30,134,58,86,181,82,101,151,54,158,199,6,117,98,78,110,81,52,69,28,162,192,135,79,185,148,167,61,59,36,46,131,41,133,96,157,138,178,164,173,66,126,198,159,140,118,186,29,154,156,160,71,108,146,43,128,85,152,111,83,40,124,150,139,33,13,172,195,182,37,15,35,88,145,189,194,31,171,116,57,0,113,196,89,5,141,119,74,183,97,51,72,147,65,102,115,14,45,55,155,184,161,80,114,177,169,191,11,104,180,163,170,95,137,90,125,149,32,68,63,100,7,175,143,27,106,136,144,70,168,17,103,21,142,190,188,179,176,42,47,132,166,123,44];True
1908;8826;10734;[4,67,112,48,10,1,2,129,8,84,122,107,174,19,105,99,16,77,193,60,56,18,62,120,24,197,26,9,109,20,3,91,121,25,92,49,130,22,38,34,64,94,75,12,165,153,187,127,39,73,87,76,50,53,93,23,30,134,58,86,181,82,101,151,54,158,199,6,117,98,78,110,81,52,69,28,162,192,135,79,185,148,167,61,59,36,46,131,41,133,96,157,138,178,164,173,66,126,198,159,140,118,186,29,154,156,160,71,108,146,43,128,85,152,111,83,40,124,150,139,33,13,172,195,182,37,15,35,88,145,189,194,31,171,116,57,0,113,196,89,5,141,119,74,183,97,51,72,147,65,102,115,14,45,55,155,184,161,80,114,177,169,191,11,104,180,163,170,95,137,90,125,149,32,68,63,100,7,175,143,27,106,136,144,70,168,17,103,21,142,190,188,179,176,42,47,132,166,123,44];True
1753;8982;10735;[90,67,165,193,10,1,2,129,8,105,122,107,174,118,48,99,141,17,45,15,173,18,25,120,24,197,26,9,109,20,146,49,147,65,92,142,130,22,38,34,3,94,75,112,27,153,187,127,39,73,87,76,50,53,93,23,30,134,58,86,181,82,101,151,54,158,121,6,117,98,78,110,81,52,108,74,183,192,135,79,185,148,167,12,59,36,46,5,41,133,96,157,138,178,152,56,66,126,198,159,140,19,51,29,154,156,160,71,69,190,43,128,85,164,111,83,40,124,150,139,33,13,172,195,182,37,60,35,88,145,189,194,31,171,116,57,186,113,196,89,162,106,119,28,4,97,131,0,199,62,102,115,14,114,55,155,184,161,80,137,177,169,191,11,104,180,163,170,95,91,84,125,149,32,68,63,100,7,175,143,61,16,136,144,70,168,64,103,21,72,77,188,179,176,42,47,132,166,123,44];True
1742;8997;10739;[90,67,165,193,10,1,2,129,8,48,122,107,174,118,105,99,141,17,45,15,173,18,25,120,24,197,26,9,109,20,146,49,147,65,92,142,130,22,38,34,3,94,75,112,27,153,187,127,39,73,87,76,50,53,93,23,30,134,58,86,181,82,101,151,54,158,121,6,117,98,78,110,81,52,108,74,183,192,135,79,185,148,167,12,59,36,46,5,41,133,96,157,138,178,152,56,66,126,198,159,140,19,51,29,154,156,160,71,69,190,43,128,85,164,111,83,40,124,150,139,33,13,172,195,182,37,60,35,88,145,189,194,31,171,116,57,186,113,196,89,162,106,119,28,4,97,131,0,199,62,102,115,14,114,55,155,184,161,80,137,177,169,191,11,104,180,163,170,95,91,84,125,149,32,68,63,100,7,175,143,61,16,136,144,70,168,64,103,21,72,77,188,179,176,42,47,132,166,123,44];True
1881;8859;10740;[20,67,193,48,10,1,2,129,8,84,122,107,174,19,105,99,106,77,112,60,173,18,62,120,24,197,26,9,109,4,3,114,121,25,92,49,130,22,38,34,64,94,75,12,165,153,187,127,39,73,87,76,50,53,93,23,30,134,58,86,181,82,101,151,54,158,199,6,117,98,78,110,81,52,69,28,162,192,135,79,185,148,167,61,59,36,46,131,41,133,96,157,138,178,152,56,66,126,198,159,140,118,186,29,154,156,160,71,108,146,43,128,85,164,111,83,40,124,150,139,33,13,172,195,182,37,15,35,88,145,189,194,31,171,116,57,0,113,196,89,5,141,119,74,183,97,51,72,147,65,102,115,14,45,55,155,184,161,80,137,177,169,191,11,104,180,163,170,95,91,90,125,149,32,68,63,100,7,175,143,27,16,136,144,70,168,17,103,21,142,190,188,179,176,42,47,132,166,123,44];True
1907;8836;10743;[4,67,193,48,10,1,2,129,8,84,122,107,174,19,105,99,16,77,112,60,56,18,62,120,24,197,26,9,109,20,3,91,121,25,92,49,130,22,38,34,64,94,75,12,165,153,187,127,39,73,87,76,50,53,93,23,30,134,58,86,181,82,101,151,54,158,199,6,117,98,78,110,81,52,69,28,162,192,135,79,185,148,167,61,59,36,46,131,41,133,96,157,138,178,164,173,66,126,198,159,140,118,186,29,154,156,160,71,108,146,43,128,85,152,111,83,40,124,150,139,33,13,172,195,182,37,15,35,88,145,189,194,31,171,116,57,0,113,196,89,5,141,119,74,183,97,51,72,147,65,102,115,14,45,55,155,184,161,80,114,177,169,191,11,104,180,163,170,95,137,90,125,149,32,68,63,100,7,175,143,27,106,136,144,70,168,17,103,21,142,190,188,179,176,42,47,132,166,123,44];True
1783;8967;10750;[34,49,112,48,10,1,2,129,8,84,122,107,3,19,105,99,141,17,193,15,173,18,25,120,24,197,26,9,109,20,146,114,147,65,92,142,130,22,38,174,67,94,75,12,165,153,187,127,39,73,87,76,50,53,93,23,30,134,58,86,181,82,101,151,54,158,121,6,117,98,78,110,81,52,108,74,183,192,135,79,185,148,167,61,59,36,46,5,41,133,96,157,138,178,152,56,66,126,198,159,140,118,51,29,154,156,160,71,69,190,43,128,85,164,111,83,40,124,150,139,33,13,172,195,182,149,60,35,88,145,189,194,31,171,116,57,186,113,196,89,162,106,119,28,4,97,131,0,199,62,102,115,14,45,55,155,184,161,80,137,177,169,191,11,104,180,163,170,95,91,90,125,37,32,68,63,100,7,175,143,27,16,136,144,70,168,64,103,21,72,77,188,179,176,42,47,132,166,123,44];True
2781;7990;10771;[92,67,38,150,10,176,83,129,8,69,73,74,20,56,21,99,143,77,112,48,108,18,62,120,24,197,26,9,16,84,3,2,121,160,174,49,130,22,40,34,124,94,161,1,165,153,187,127,39,107,87,76,50,53,93,23,30,134,137,86,122,64,101,151,54,158,199,6,117,98,186,110,81,52,182,28,162,78,60,79,185,148,167,61,41,36,46,131,59,133,96,157,138,178,164,173,66,126,198,159,140,118,109,29,154,156,106,71,135,146,43,128,85,152,172,12,181,82,192,139,33,13,111,195,25,37,15,35,88,171,189,194,31,68,116,57,0,113,196,89,5,141,119,4,183,63,51,72,147,65,102,115,14,45,55,155,184,75,80,114,177,169,191,11,104,180,163,170,95,91,90,125,149,32,97,58,100,7,175,179,27,193,136,144,70,168,17,103,105,142,190,188,19,145,42,47,132,166,123,44];True
1839;8934;10773;[4,64,112,48,10,1,2,129,8,84,122,107,174,19,105,99,141,77,193,15,173,18,62,120,24,197,26,9,109,20,3,114,121,25,92,49,130,22,38,34,67,94,75,12,165,153,187,127,39,73,87,76,50,53,93,23,30,134,58,86,181,82,101,151,54,158,199,6,117,98,78,110,81,52,69,28,162,135,192,79,185,148,167,61,59,36,46,131,41,133,96,157,138,178,152,56,66,126,198,159,140,118,186,29,154,156,160,71,108,146,43,128,85,164,111,83,40,124,150,139,33,13,172,195,182,37,60,35,88,145,189,194,31,171,116,57,0,113,196,89,5,106,119,74,183,97,51,72,147,65,102,115,14,45,55,155,184,161,80,137,177,169,191,11,104,180,163,170,95,91,90,125,149,32,68,63,100,7,175,143,27,16,136,144,70,168,17,103,21,142,190,188,179,176,42,47,132,166,123,44];True
2796;7989;10785;[143,67,38,150,10,176,83,129,8,69,73,74,20,56,21,99,92,77,112,48,108,18,62,120,24,197,26,9,16,84,3,2,121,160,174,49,130,22,40,34,124,94,161,1,165,153,187,127,39,107,87,76,50,53,93,23,30,134,137,86,122,64,101,151,54,158,199,6,117,98,186,110,81,52,182,28,162,78,60,79,185,148,167,61,41,36,46,131,59,133,96,157,138,178,164,173,66,126,198,159,140,118,109,29,154,156,106,71,135,146,43,128,85,152,172,12,181,82,192,139,33,13,111,195,25,37,15,35,88,171,189,194,31,68,116,57,0,113,196,89,5,141,119,4,183,63,51,72,147,65,102,115,14,45,55,155,184,75,80,114,177,169,191,11,104,180,163,170,95,91,90,125,149,32,97,58,100,7,175,179,27,193,136,144,70,168,17,103,105,142,190,188,19,145,42,47,132,166,123,44];True
2895;7985;10880;[73,67,38,150,10,176,83,129,8,16,69,74,20,56,21,99,92,77,112,48,108,18,62,120,24,197,26,9,143,84,3,2,121,160,174,49,130,22,40,34,124,94,161,1,165,153,187,127,39,107,87,76,50,53,93,23,30,134,137,86,122,64,101,151,54,158,199,6,117,98,186,110,81,52,182,28,162,78,60,79,185,148,167,61,41,36,46,131,59,133,96,157,138,178,164,173,66,126,198,159,140,118,109,29,154,156,106,71,135,146,43,128,85,152,172,12,181,82,192,139,33,13,111,195,25,37,15,35,88,171,189,194,31,68,116,57,0,113,196,89,5,141,119,4,183,63,51,72,147,65,102,115,14,45,55,155,184,75,80,114,177,169,191,11,104,180,163,170,95,91,90,125,149,32,97,58,100,7,175,179,27,193,136,144,70,168,17,103,105,142,190,188,19,145,42,47,132,166,123,44];True
2942;7983;10925;[34,67,38,150,10,176,83,129,8,16,69,74,73,56,21,99,92,77,112,48,108,18,62,120,24,197,26,9,143,84,3,2,121,160,174,49,130,22,40,20,124,94,161,1,165,153,187,127,39,107,87,76,50,53,93,23,30,134,137,86,122,64,101,151,54,158,199,6,117,98,186,110,81,52,182,28,162,78,60,79,185,148,167,61,41,36,46,131,59,133,96,157,138,178,164,173,66,126,198,159,140,118,109,29,154,156,106,71,135,146,43,128,85,152,172,12,181,82,192,139,33,13,111,195,25,37,15,35,88,171,189,194,31,68,116,57,0,113,196,89,5,141,119,4,183,63,51,72,147,65,102,115,14,45,55,155,184,75,80,114,177,169,191,11,104,180,163,170,95,91,90,125,149,32,97,58,100,7,175,179,27,193,136,144,70,168,17,103,105,142,190,188,19,145,42,47,132,166,123,44];True
6693;7849;14542;[174,169,22,132,66,135,171,57,7,130,163,122,12,199,149,98,193,191,38,196,161,136,45,105,194,115,46,44,139,190,109,111,184,51,34,91,69,28,8,118,180,27,140,48,92,90,131,148,9,14,3,142,29,61,145,94,13,101,75,36,176,26,164,128,52,2,167,170,123,50,146,71,198,73,82,49,133,166,186,107,77,159,18,4,181,88,70,108,21,106,154,59,197,24,32,195,10,110,11,152,72,127,30,114,182,37,85,55,158,175,6,1,117,120,157,173,17,79,185,102,23,172,39,78,83,125,33,35,165,40,87,84,68,93,103,65,147,153,15,144,156,155,31,143,53,183,97,41,0,89,25,62,5,134,112,104,99,160,74,20,138,168,188,126,16,162,19,137,60,179,47,43,187,76,151,141,80,58,64,96,177,42,189,178,86,119,81,67,129,192,150,56,100,54,113,116,124,63,95,121];True
6659;7932;14591;[169,132,22,136,174,135,171,57,7,130,163,122,12,199,149,98,193,191,38,196,161,66,45,105,194,115,46,44,139,190,109,111,184,51,34,91,69,28,8,118,180,27,140,48,92,90,131,148,9,14,3,142,29,61,145,94,13,101,75,36,176,26,164,128,52,2,167,170,123,50,146,71,198,73,82,49,133,166,186,107,77,159,18,4,181,88,70,108,21,106,154,59,197,24,32,195,10,110,11,152,72,127,30,114,182,37,85,55,158,175,6,1,117,120,157,173,17,79,185,102,23,172,39,78,83,125,33,35,165,40,87,84,68,93,103,65,147,153,15,144,156,155,31,143,53,183,97,41,0,89,25,62,5,134,112,104,99,160,74,20,138,168,188,126,16,162,19,137,60,179,47,43,187,76,151,141,80,58,64,96,177,42,189,178,86,119,81,67,129,192,150,56,100,54,113,116,124,63,95,121];True
6839;7846;14685;[174,169,22,132,136,135,171,57,7,130,163,122,12,199,149,98,193,191,38,196,161,66,45,105,194,115,46,44,139,190,109,111,184,51,34,91,69,28,8,118,180,27,140,48,92,90,131,148,9,14,3,142,29,61,145,94,13,101,75,36,176,26,164,128,52,2,167,170,123,50,146,71,198,73,82,49,133,166,186,107,77,159,18,4,181,88,70,108,21,106,154,59,197,24,32,195,10,110,11,152,72,127,30,114,182,37,85,55,158,175,6,1,117,120,157,173,17,79,185,102,23,172,39,78,83,125,33,35,165,40,87,84,68,93,103,65,147,153,15,144,156,155,31,143,53,183,97,41,0,89,25,62,5,134,112,104,99,160,74,20,138,168,188,126,16,162,19,137,60,179,47,43,187,76,151,141,80,58,64,96,177,42,189,178,86,119,81,67,129,192,150,56,100,54,113,116,124,63,95,121];True
7025;7798;14823;[124,174,22,66,7,135,171,57,23,130,163,122,12,199,149,98,193,191,38,196,161,136,45,105,194,115,46,44,139,190,109,111,184,51,34,91,69,28,8,118,180,25,140,48,92,90,131,148,9,14,3,142,29,61,145,94,13,101,75,36,176,26,164,128,52,2,167,107,123,50,146,71,198,132,82,49,133,189,186,170,77,159,18,4,181,88,70,108,21,106,154,59,197,24,32,195,10,110,11,152,72,127,30,114,182,37,85,55,158,175,6,1,117,120,157,173,17,79,185,102,169,172,39,78,83,125,33,35,165,40,87,84,68,93,103,65,147,153,15,144,156,155,31,143,53,183,97,41,0,89,27,62,5,134,112,104,99,160,74,20,138,168,188,126,16,162,19,137,60,179,47,43,187,76,151,141,80,58,64,96,177,42,166,178,86,119,81,67,129,192,150,56,100,54,113,116,73,63,95,121];True
6996;7845;14841;[71,174,22,136,7,135,171,57,169,130,163,122,12,199,149,98,193,191,38,196,161,66,45,105,194,115,46,44,139,190,109,111,184,51,34,91,69,28,8,118,180,27,140,48,92,90,131,148,9,14,3,142,29,61,145,94,13,101,75,36,176,26,164,128,52,2,167,170,123,73,146,50,198,132,82,49,133,166,186,107,77,159,18,4,181,88,70,108,21,106,154,59,197,24,32,195,10,110,11,152,72,127,30,114,182,37,85,55,158,175,6,1,117,120,157,173,17,79,185,102,23,172,39,19,83,125,33,35,165,40,87,84,68,93,103,65,147,153,15,144,156,155,31,143,53,183,97,41,0,89,25,62,5,134,112,104,99,160,74,20,138,168,188,126,16,162,78,137,60,179,47,43,187,76,151,141,80,58,64,96,177,42,189,178,86,119,81,67,129,192,150,56,100,54,113,116,124,63,95,121];True
7128;7788;14916;[73,174,22,136,7,135,171,57,23,130,163,122,12,199,149,98,193,191,38,196,161,66,45,105,194,115,46,44,139,190,109,111,184,51,34,91,69,28,8,118,180,25,140,48,92,90,131,148,9,14,3,142,29,61,145,94,13,101,75,36,176,26,164,128,52,2,167,107,123,50,146,71,198,132,82,49,133,166,186,170,77,159,18,4,181,88,70,108,21,106,154,59,197,24,32,195,10,110,11,152,72,127,30,114,182,37,85,55,158,175,6,1,117,120,157,173,17,79,185,102,169,172,39,78,83,125,33,35,165,40,87,84,68,93,103,65,147,153,15,144,156,155,31,143,53,183,97,41,0,89,27,62,5,134,112,104,99,160,74,20,138,168,188,126,16,162,19,137,60,179,47,43,187,76,151,141,80,58,64,96,177,42,189,178,86,119,81,67,129,192,150,56,100,54,113,116,124,63,95,121];True
7221;7779;15000;[73,174,22,136,7,135,171,57,23,130,163,122,12,199,149,98,193,191,38,196,161,66,45,105,194,115,46,44,139,190,109,111,184,51,34,91,69,28,8,118,180,25,140,48,92,90,131,148,9,14,3,142,29,61,145,94,13,101,75,36,176,26,164,128,52,2,167,107,123,50,146,71,198,132,82,49,133,189,186,170,77,159,18,4,181,88,70,108,21,106,154,59,197,24,32,195,10,110,11,152,72,127,30,114,182,37,85,55,158,175,6,1,117,120,157,173,17,79,185,102,169,172,39,78,83,125,33,35,165,40,87,84,68,93,103,65,147,153,15,144,156,155,31,143,53,183,97,41,0,89,27,62,5,134,112,104,99,160,74,20,138,168,188,126,16,162,19,137,60,179,47,43,187,76,151,141,80,58,64,96,177,42,166,178,86,119,81,67,129,192,150,56,100,54,113,116,124,63,95,121];True
7258;7763;15021;[73,174,22,136,7,135,171,57,23,130,163,122,12,199,149,98,193,191,38,196,161,66,45,105,194,115,46,44,139,190,109,111,184,51,34,91,69,28,8,118,180,159,140,48,92,90,131,148,9,14,3,142,29,61,145,94,13,101,75,36,176,26,164,128,52,2,167,107,123,50,146,71,198,132,82,49,133,189,186,170,77,25,18,4,181,88,70,108,21,106,154,59,197,24,32,195,10,110,11,152,72,127,30,114,182,37,85,55,158,175,6,1,117,120,157,173,17,79,185,102,169,172,39,78,83,125,33,35,165,40,87,84,68,93,103,65,147,153,15,144,156,155,31,143,53,183,97,41,0,89,27,62,5,134,112,104,99,160,74,20,138,168,188,126,16,162,19,137,60,179,47,43,187,76,151,141,80,58,64,96,177,42,166,178,86,119,81,67,129,192,150,56,100,54,113,116,124,63,95,121];True
7281;7757;15038;[71,174,22,136,7,135,171,57,23,130,163,122,12,199,149,98,193,191,38,196,161,66,45,105,194,115,46,44,139,190,109,111,184,51,34,91,69,28,8,118,180,159,140,48,92,90,131,148,9,14,3,142,29,61,145,94,13,101,75,36,176,26,164,128,52,2,167,107,123,73,146,50,198,132,82,49,133,189,186,170,77,25,18,4,181,88,70,108,21,106,154,59,197,24,32,195,10,110,11,152,72,127,30,114,182,37,85,55,158,175,6,1,117,120,157,173,17,79,185,102,169,172,39,78,83,125,33,35,165,40,87,84,68,93,103,65,147,153,15,144,156,155,31,143,53,183,97,41,0,89,27,62,5,134,112,104,99,160,74,20,138,168,188,126,16,162,19,137,60,179,47,43,187,76,151,141,80,58,64,96,177,42,166,178,86,119,81,67,129,192,150,56,100,54,113,116,124,63,95,121];True
7323;7716;15039;[12,32,23,194,15,87,75,88,171,163,182,86,6,185,0,73,65,160,38,196,132,14,20,191,174,3,157,183,37,138,184,115,25,99,108,35,193,28,8,154,13,198,188,55,44,94,131,47,68,123,106,78,52,91,69,61,176,59,11,57,189,26,175,62,120,2,89,107,48,63,29,164,4,126,41,114,112,165,153,7,77,177,169,72,84,85,66,45,124,51,90,134,197,168,74,142,101,81,36,145,100,111,122,98,139,105,180,67,158,30,40,96,76,93,150,173,46,10,42,27,24,187,39,95,1,125,33,127,128,129,18,181,148,9,103,92,136,137,43,53,146,190,31,82,144,121,162,147,149,152,49,151,97,130,113,155,17,21,34,159,109,135,140,50,16,118,166,80,133,178,170,199,172,79,117,102,110,60,64,179,58,161,192,22,195,83,186,54,119,167,71,56,5,141,19,116,70,104,143,156];True
7401;7664;15065;[6,32,23,194,15,87,182,88,171,163,75,86,12,185,0,73,65,160,38,196,132,14,20,191,174,3,157,183,37,138,184,115,25,99,108,35,193,28,8,154,13,198,188,55,44,94,131,47,68,123,106,78,52,91,69,61,176,59,11,57,189,26,175,62,120,2,89,107,48,63,29,164,4,126,41,114,112,165,153,7,77,177,169,72,84,85,66,45,124,51,90,134,197,168,74,142,101,81,36,145,100,111,122,98,139,105,180,67,158,30,40,96,76,93,150,173,46,10,42,27,24,187,39,95,1,125,33,127,128,129,18,181,148,9,103,92,136,137,43,53,146,190,31,82,144,121,162,147,149,152,49,151,97,130,113,155,17,21,34,159,109,135,140,50,16,118,166,80,133,178,170,199,172,79,117,102,110,60,64,179,58,161,192,22,195,83,186,54,119,167,71,56,5,141,19,116,70,104,143,156];True
7363;7707;15070;[88,32,23,194,15,87,75,12,171,163,182,86,6,185,0,73,65,160,38,196,132,14,20,191,174,3,157,183,37,138,184,115,25,99,108,35,193,28,8,154,13,198,188,55,44,94,131,47,68,123,106,78,52,91,69,61,176,59,11,57,189,26,175,62,120,2,89,107,48,63,29,164,4,126,41,114,112,165,153,7,77,177,169,72,84,85,66,45,124,51,90,134,197,168,74,142,101,81,36,145,100,111,122,98,139,105,180,67,158,30,40,96,76,93,150,173,46,10,42,27,24,187,39,95,1,125,33,127,128,129,18,181,148,9,103,92,136,137,43,53,146,190,31,82,144,121,162,147,149,152,49,151,97,130,113,155,17,21,34,159,109,135,140,50,16,118,166,80,133,178,170,199,172,79,117,102,110,60,64,179,58,161,192,22,195,83,186,54,119,167,71,56,5,141,19,116,70,104,143,156];True
7414;7661;15075;[6,32,23,194,15,87,75,88,171,163,182,86,12,185,0,73,65,160,38,196,132,14,20,191,174,3,157,183,37,138,184,115,25,99,108,35,193,28,8,154,13,198,188,55,44,94,131,47,68,123,106,78,52,91,69,61,176,59,11,57,189,26,175,62,120,2,89,107,48,63,29,164,4,126,41,114,112,165,153,7,77,177,169,72,84,85,66,45,124,51,90,134,197,168,74,142,101,81,36,145,100,111,122,98,139,105,180,67,158,30,40,96,76,93,150,173,46,10,42,27,24,187,39,95,1,125,33,127,128,129,18,181,148,9,103,92,136,137,43,53,146,190,31,82,144,121,162,147,149,152,49,151,97,130,113,155,17,21,34,159,109,135,140,50,16,118,166,80,133,178,170,199,172,79,117,102,110,60,64,179,58,161,192,22,195,83,186,54,119,167,71,56,5,141,19,116,70,104,143,156];True
7517;7614;15131;[194,32,23,182,15,87,6,88,171,163,75,86,12,185,0,73,65,160,38,196,132,14,20,191,174,3,157,183,37,138,184,115,25,99,108,35,193,28,8,154,13,198,188,55,44,94,131,47,68,123,106,78,52,91,69,61,176,59,11,57,189,26,175,62,120,2,89,107,48,63,29,164,4,126,41,114,112,165,153,7,77,177,169,72,84,85,66,45,124,51,90,134,197,168,74,142,101,81,36,145,100,111,122,98,139,105,180,67,158,30,40,96,76,93,150,173,46,10,42,27,24,187,39,95,1,125,33,127,128,129,18,181,148,9,103,92,136,137,43,53,146,190,31,82,144,121,162,147,149,152,49,151,97,130,113,155,17,21,34,159,109,135,140,50,16,118,166,80,133,178,170,199,172,79,117,102,110,60,64,179,58,161,192,22,195,83,186,54,119,167,71,56,5,141,19,116,70,104,143,156];True
7491;7651;15142;[194,32,23,88,15,87,75,12,171,163,182,86,6,185,0,73,65,160,38,196,132,14,20,191,174,3,157,183,37,138,184,115,25,99,108,35,193,28,8,154,13,198,188,55,44,94,131,47,68,123,106,78,52,91,69,61,176,59,11,57,189,26,175,62,120,2,89,107,48,63,29,164,4,126,41,114,112,165,153,7,77,177,169,72,84,85,66,45,124,51,90,134,197,168,74,142,101,81,36,145,100,111,122,98,139,105,180,67,158,30,40,96,76,93,150,173,46,10,42,27,24,187,39,95,1,125,33,127,128,129,18,181,148,9,103,92,136,137,43,53,146,190,31,82,144,121,162,147,149,152,49,151,97,130,113,155,17,21,34,159,109,135,140,50,16,118,166,80,133,178,170,199,172,79,117,102,110,60,64,179,58,161,192,22,195,83,186,54,119,167,71,56,5,141,19,116,70,104,143,156];True
7487;7660;15147;[182,32,23,194,15,87,6,88,171,163,75,86,12,185,0,73,65,160,38,196,132,14,20,191,174,3,157,183,37,138,184,115,25,99,108,35,193,28,8,154,13,198,188,55,44,94,131,47,68,123,106,78,52,91,69,61,176,59,11,57,189,26,175,62,120,2,89,107,48,63,29,164,4,126,41,114,112,165,153,7,77,177,169,72,84,85,66,45,124,51,90,134,197,168,74,142,101,81,36,145,100,111,122,98,139,105,180,67,158,30,40,96,76,93,150,173,46,10,42,27,24,187,39,95,1,125,33,127,128,129,18,181,148,9,103,92,136,137,43,53,146,190,31,82,144,121,162,147,149,152,49,151,97,130,113,155,17,21,34,159,109,135,140,50,16,118,166,80,133,178,170,199,172,79,117,102,110,60,64,179,58,161,192,22,195,83,186,54,119,167,71,56,5,141,19,116,70,104,143,156];True
7747;7464;15211;[149,171,7,135,136,115,44,174,22,130,163,122,12,185,57,98,193,23,38,196,161,66,45,105,194,73,46,191,37,190,109,10,184,51,34,91,69,28,8,118,180,159,140,48,92,90,131,148,93,14,178,142,85,61,145,94,13,101,75,36,176,26,164,128,52,2,167,107,123,50,146,65,198,186,82,49,133,189,132,170,77,25,18,4,84,88,70,108,21,106,154,59,197,24,32,195,111,110,11,152,72,127,30,114,182,139,29,137,158,175,6,1,117,120,157,173,17,79,199,27,169,172,39,78,55,125,33,192,165,40,87,181,68,9,103,162,147,153,15,144,156,155,31,143,53,183,97,41,0,89,102,62,5,134,112,104,99,160,74,20,138,168,188,126,16,71,19,83,60,179,47,43,187,76,151,141,80,58,64,96,177,42,166,3,86,119,81,67,129,35,150,56,100,54,113,116,124,63,95,121];True
7809;7458;15267;[174,171,7,135,136,115,44,57,22,130,163,122,12,185,149,98,193,23,38,196,161,66,45,105,194,73,46,191,37,190,109,10,184,51,34,91,69,28,8,118,180,159,140,48,92,90,131,148,93,14,178,142,85,61,145,94,13,101,75,36,176,26,164,128,52,2,167,107,123,50,146,65,198,186,82,49,133,189,132,170,77,25,18,4,84,88,70,108,21,106,154,59,197,24,32,195,111,110,11,152,72,127,30,114,182,139,29,137,158,175,6,1,117,120,157,173,17,79,199,27,169,172,39,78,55,125,33,192,165,40,87,181,68,9,103,162,147,153,15,144,156,155,31,143,53,183,97,41,0,89,102,62,5,134,112,104,99,160,74,20,138,168,188,126,16,71,19,83,60,179,47,43,187,76,151,141,80,58,64,96,177,42,166,3,86,119,81,67,129,35,150,56,100,54,113,116,124,63,95,121];True
7694;7578;15272;[73,174,23,32,182,87,6,88,171,163,75,86,12,185,0,15,65,160,38,196,132,14,20,191,194,3,157,183,37,138,184,115,25,99,108,35,193,28,8,154,13,198,188,55,44,46,131,47,68,123,106,78,52,91,69,61,176,59,11,57,189,26,175,62,120,2,89,107,48,63,29,164,4,126,41,114,112,165,153,7,77,177,169,72,84,85,66,45,124,51,90,134,197,168,74,142,101,81,36,145,100,111,122,98,139,105,180,67,158,30,40,96,76,93,150,173,94,10,42,27,24,187,39,95,1,125,33,127,128,129,18,181,148,9,103,92,136,137,43,53,146,190,31,82,144,121,162,147,149,152,49,151,97,130,113,155,17,21,34,159,109,135,140,50,16,118,166,80,133,178,170,199,172,79,117,102,110,60,64,179,58,161,192,22,195,83,186,54,119,167,71,56,5,141,19,116,70,104,143,156];True
7690;7587;15277;[174,38,23,136,7,135,171,57,22,130,163,122,12,185,149,98,193,191,37,196,161,66,45,105,194,115,46,44,50,190,109,111,184,51,34,91,69,28,8,118,180,159,140,48,92,90,131,148,9,14,178,142,85,61,145,94,13,101,75,36,176,26,164,128,52,2,167,107,123,73,146,65,198,186,82,49,133,189,132,170,77,25,18,4,84,88,70,108,21,106,154,59,197,24,32,195,10,110,11,152,72,127,30,114,182,139,29,137,158,175,6,1,117,120,157,173,17,79,199,102,169,172,39,78,83,125,33,192,165,40,87,181,68,93,103,162,147,153,15,144,156,155,31,143,53,183,97,41,0,89,27,62,5,134,112,104,99,160,74,20,138,168,188,126,16,71,19,55,60,179,47,43,187,76,151,141,80,58,64,96,177,42,166,3,86,119,81,67,129,35,150,56,100,54,113,116,124,63,95,121];True
7685;7603;15288;[44,37,23,136,7,135,171,57,22,130,163,122,12,185,149,98,193,191,38,196,161,66,45,105,194,115,46,73,174,190,109,111,184,51,34,91,69,28,8,118,180,159,140,48,92,90,131,148,9,14,3,142,85,61,145,94,13,101,75,36,176,26,164,128,52,2,167,107,123,50,146,65,198,186,82,49,133,189,132,170,77,25,18,4,84,88,70,108,21,106,154,59,197,24,32,195,10,110,11,152,72,127,30,114,182,139,29,137,158,175,6,1,117,120,157,173,17,79,199,102,169,172,39,78,83,125,33,192,165,40,87,181,68,93,103,162,147,153,15,144,156,155,31,143,53,183,97,41,0,89,27,62,5,134,112,104,99,160,74,20,138,168,188,126,16,71,19,55,60,179,47,43,187,76,151,141,80,58,64,96,177,42,166,178,86,119,81,67,129,35,150,56,100,54,113,116,124,63,95,121];True
7680;7611;15291;[38,174,23,136,7,135,171,57,22,130,163,122,12,185,149,98,193,191,37,196,161,66,45,105,194,115,46,44,50,190,109,111,184,51,34,91,69,28,8,118,180,159,140,48,92,90,131,148,9,14,178,142,85,61,145,94,13,101,75,36,176,26,164,128,52,2,167,107,123,73,146,65,198,186,82,49,133,189,132,170,77,25,18,4,84,88,70,108,21,106,154,59,197,24,32,195,10,110,11,152,72,127,30,114,182,139,29,137,158,175,6,1,117,120,157,173,17,79,199,102,169,172,39,78,83,125,33,192,165,40,87,181,68,93,103,162,147,153,15,144,156,155,31,143,53,183,97,41,0,89,27,62,5,134,112,104,99,160,74,20,138,168,188,126,16,71,19,55,60,179,47,43,187,76,151,141,80,58,64,96,177,42,166,3,86,119,81,67,129,35,150,56,100,54,113,116,124,63,95,121];True
7725;7576;15301;[73,37,23,136,7,135,171,57,22,130,163,122,12,185,149,98,193,191,38,196,161,66,45,105,194,115,46,44,174,190,109,111,184,51,34,91,69,28,8,118,180,159,140,48,92,90,131,148,9,14,3,142,85,61,145,94,13,101,75,36,176,26,164,128,52,2,167,107,123,50,146,65,198,186,82,49,133,189,132,170,77,25,18,4,84,88,70,108,21,106,154,59,197,24,32,195,10,110,11,152,72,127,30,114,182,139,29,137,158,175,6,1,117,120,157,173,17,79,199,102,169,172,39,78,83,125,33,192,165,40,87,181,68,93,103,162,147,153,15,144,156,155,31,143,53,183,97,41,0,89,27,62,5,134,112,104,99,160,74,20,138,168,188,126,16,71,19,55,60,179,47,43,187,76,151,141,80,58,64,96,177,42,166,178,86,119,81,67,129,35,150,56,100,54,113,116,124,63,95,121];True
7866;7446;15312;[46,171,7,135,136,115,44,57,22,130,163,122,12,185,149,98,193,23,38,196,161,66,45,105,194,73,174,191,37,190,109,10,184,51,34,91,69,28,8,118,180,159,140,48,92,90,131,148,93,14,178,142,85,61,145,94,13,101,75,36,176,26,164,128,52,2,167,107,123,50,146,65,198,186,82,49,133,189,132,170,77,25,18,4,84,88,70,108,21,106,154,59,197,24,32,195,111,110,11,152,72,127,30,114,182,139,29,137,158,175,6,1,117,120,157,173,17,79,199,27,169,172,39,78,55,125,33,192,165,40,87,181,68,9,103,162,147,153,15,144,156,155,31,143,53,183,97,41,0,89,102,62,5,134,112,104,99,160,74,20,138,168,188,126,16,71,19,83,60,179,47,43,187,76,151,141,80,58,64,96,177,42,166,3,86,119,81,67,129,35,150,56,100,54,113,116,124,63,95,121];True
7739;7575;15314;[124,174,23,136,7,135,171,57,22,130,163,122,12,185,149,98,193,191,38,196,161,66,45,105,194,115,46,44,37,190,109,111,184,51,34,91,69,28,8,118,180,159,140,48,92,90,131,148,9,14,3,142,85,61,145,94,13,101,75,36,176,26,164,128,52,2,167,107,123,50,146,65,198,186,82,49,133,189,132,170,77,25,18,4,84,88,70,108,21,106,154,59,197,24,32,195,10,110,11,152,72,127,30,114,182,139,29,137,158,175,6,1,117,120,157,173,17,79,199,102,169,172,39,78,83,125,33,192,165,40,87,181,68,93,103,162,147,153,15,144,156,155,31,143,53,183,97,41,0,89,27,62,5,134,112,104,99,160,74,20,138,168,188,126,16,71,19,55,60,179,47,43,187,76,151,141,80,58,64,96,177,42,166,178,86,119,81,67,129,35,150,56,100,54,113,116,73,63,95,121];True
7897;7431;15328;[174,44,7,135,136,115,171,57,22,130,163,122,12,185,149,98,193,23,38,196,161,66,45,105,194,73,46,191,37,190,109,10,184,51,34,91,69,28,8,118,180,159,140,48,92,90,131,148,93,14,178,142,85,61,145,94,13,101,75,36,176,26,164,128,52,2,167,107,123,50,146,65,198,186,82,49,133,189,132,170,77,25,18,4,84,88,70,108,21,106,154,59,197,24,32,195,111,110,11,152,72,127,30,114,182,139,29,137,158,175,6,1,117,120,157,173,17,79,199,27,169,172,39,78,55,125,33,192,165,40,87,181,68,9,103,162,147,153,15,144,156,155,31,143,53,183,97,41,0,89,102,62,5,134,112,104,99,160,74,20,138,168,188,126,16,71,19,83,60,179,47,43,187,76,151,141,80,58,64,96,177,42,166,3,86,119,81,67,129,35,150,56,100,54,113,116,124,63,95,121];True
7924;7407;15331;[135,191,174,7,136,115,171,57,22,130,163,122,12,185,149,98,193,23,38,196,161,66,45,105,194,73,46,44,37,190,109,10,184,51,34,91,69,28,8,118,180,159,140,48,92,90,131,148,93,14,178,142,85,61,145,94,13,101,75,36,176,26,164,128,52,2,167,107,123,50,146,65,198,186,82,49,133,189,132,170,77,25,18,4,84,88,70,108,21,106,154,59,197,24,32,195,111,110,11,152,72,127,30,114,182,139,29,137,158,175,6,1,117,120,157,173,17,79,199,27,169,172,39,78,55,125,33,192,165,40,87,181,68,9,103,162,147,153,15,144,156,155,31,143,53,183,97,41,0,89,102,62,5,134,112,104,99,160,74,20,138,168,188,126,16,71,19,83,60,179,47,43,187,76,151,141,80,58,64,96,177,42,166,3,86,119,81,67,129,35,150,56,100,54,113,116,124,63,95,121];True
7918;7414;15332;[7,191,174,135,136,115,171,57,22,130,163,122,12,185,149,98,193,23,38,196,161,66,45,105,194,73,46,44,37,190,109,10,184,51,34,91,69,28,8,118,180,159,140,48,92,90,131,148,93,14,178,142,85,61,145,94,13,101,75,36,176,26,164,128,52,2,167,107,123,50,146,65,198,186,82,49,133,189,132,170,77,25,18,4,84,88,70,108,21,106,154,59,197,24,32,195,111,110,11,152,72,127,30,114,182,139,29,137,158,175,6,1,117,120,157,173,17,79,199,27,169,172,39,78,55,125,33,192,165,40,87,181,68,9,103,162,147,153,15,144,156,155,31,143,53,183,97,41,0,89,102,62,5,134,112,104,99,160,74,20,138,168,188,126,16,71,19,83,60,179,47,43,187,76,151,141,80,58,64,96,177,42,166,3,86,119,81,67,129,35,150,56,100,54,113,116,124,63,95,121];True
7895;7443;15338;[44,174,7,135,136,115,171,57,22,130,163,122,12,185,149,98,193,23,38,196,161,66,45,105,194,73,46,191,37,190,109,10,184,51,34,91,69,28,8,118,180,159,140,48,92,90,131,148,93,14,178,142,85,61,145,94,13,101,75,36,176,26,164,128,52,2,167,107,123,50,146,65,198,186,82,49,133,189,132,170,77,25,18,4,84,88,70,108,21,106,154,59,197,24,32,195,111,110,11,152,72,127,30,114,182,139,29,137,158,175,6,1,117,120,157,173,17,79,199,27,169,172,39,78,55,125,33,192,165,40,87,181,68,9,103,162,147,153,15,144,156,155,31,143,53,183,97,41,0,89,102,62,5,134,112,104,99,160,74,20,138,168,188,126,16,71,19,83,60,179,47,43,187,76,151,141,80,58,64,96,177,42,166,3,86,119,81,67,129,35,150,56,100,54,113,116,124,63,95,121];True
7949;7405;15354;[46,174,7,135,136,115,171,57,22,130,163,122,12,185,149,98,193,23,38,196,161,66,45,105,194,191,73,44,37,190,109,10,184,51,34,91,69,28,8,118,180,159,140,48,92,90,131,148,93,14,178,142,85,61,145,94,13,101,75,36,176,26,164,128,52,2,167,107,123,50,146,65,198,186,82,49,133,189,132,170,77,25,18,4,84,88,70,108,21,106,154,59,197,24,32,195,111,110,11,152,72,127,30,114,182,139,29,137,158,175,6,1,117,120,157,173,17,79,199,27,169,172,39,78,55,125,33,192,165,40,87,181,68,9,103,162,147,153,15,144,156,155,31,143,53,183,97,41,0,89,102,62,5,134,112,104,99,160,74,20,138,168,188,126,16,71,19,83,60,179,47,43,187,76,151,141,80,58,64,96,177,42,166,3,86,119,81,67,129,35,150,56,100,54,113,116,124,63,95,121];True
8027;7331;15358;[73,174,7,135,136,115,171,57,22,130,163,122,12,185,149,98,193,23,38,196,161,66,45,105,194,191,46,44,37,190,109,10,184,51,34,91,69,28,8,118,180,159,140,48,92,90,131,148,93,14,178,142,85,61,145,94,13,101,75,36,176,26,164,128,52,2,167,107,123,50,146,65,198,186,82,49,133,189,132,170,77,25,18,4,84,88,70,108,21,106,154,59,197,24,32,195,111,110,11,152,72,127,30,114,182,139,29,137,158,175,6,1,117,120,157,173,17,79,199,27,169,172,39,78,55,125,33,192,165,40,87,181,68,9,103,162,147,153,15,144,156,155,31,143,53,183,97,41,0,89,102,62,5,134,112,104,99,160,74,20,138,168,188,126,16,71,19,83,60,179,47,43,187,76,151,141,80,58,64,96,177,42,166,3,86,119,81,67,129,35,150,56,100,54,113,116,124,63,95,121];True
7987;7373;15360;[194,191,7,135,136,115,171,57,22,130,163,122,12,185,149,98,193,23,38,196,161,66,45,105,174,73,46,44,37,190,109,10,184,51,34,91,69,28,8,118,180,159,140,48,92,90,131,148,93,14,178,142,85,61,145,94,13,101,75,36,176,26,164,128,52,2,167,107,123,50,146,65,198,186,82,49,133,189,132,170,77,25,18,4,84,88,70,108,21,106,154,59,197,24,32,195,111,110,11,152,72,127,30,114,182,139,29,137,158,175,6,1,117,120,157,173,17,79,199,27,169,172,39,78,55,125,33,192,165,40,87,181,68,9,103,162,147,153,15,144,156,155,31,143,53,183,97,41,0,89,102,62,5,134,112,104,99,160,74,20,138,168,188,126,16,71,19,83,60,179,47,43,187,76,151,141,80,58,64,96,177,42,166,3,86,119,81,67,129,35,150,56,100,54,113,116,124,63,95,121];True
7964;7400;15364;[191,174,7,135,136,115,171,57,22,130,163,122,12,185,149,98,193,23,38,196,161,66,45,105,194,73,46,44,37,190,109,10,184,51,34,91,69,28,8,118,180,159,140,48,92,90,131,148,93,14,178,142,85,61,145,94,13,101,75,36,176,26,164,128,52,2,167,107,123,50,146,65,198,186,82,49,133,189,132,170,77,25,18,4,84,88,70,108,21,106,154,59,197,24,32,195,111,110,11,152,72,127,30,114,182,139,29,137,158,175,6,1,117,120,157,173,17,79,199,27,169,172,39,78,55,125,33,192,165,40,87,181,68,9,103,162,147,153,15,144,156,155,31,143,53,183,97,41,0,89,102,62,5,134,112,104,99,160,74,20,138,168,188,126,16,71,19,83,60,179,47,43,187,76,151,141,80,58,64,96,177,42,166,3,86,119,81,67,129,35,150,56,100,54,113,116,124,63,95,121];True
8719;6729;15448;[37,38,170,6,149,18,171,57,10,130,163,122,12,185,54,98,3,191,193,196,161,66,45,135,194,115,46,44,125,190,109,174,184,51,34,91,69,28,8,118,180,159,188,48,92,90,131,148,93,14,178,142,136,61,145,94,13,101,141,36,176,35,97,128,52,2,167,107,123,50,155,65,198,17,82,49,133,189,132,23,77,25,105,4,84,88,70,108,21,106,154,59,197,24,72,78,111,110,11,152,86,127,30,114,182,139,29,137,158,175,85,1,117,120,157,173,186,79,42,27,169,172,39,32,55,73,33,192,165,40,87,181,68,9,103,162,147,67,95,144,156,146,31,143,53,183,164,41,75,89,102,62,5,134,112,104,99,63,74,20,138,168,140,126,16,71,19,83,60,179,47,43,187,76,151,7,80,58,64,96,177,199,166,22,195,119,81,153,129,26,150,56,100,0,113,116,124,160,15,121];True
8678;6772;15450;[3,170,10,6,149,18,171,57,37,130,191,122,12,185,54,98,193,163,38,196,161,66,45,135,194,115,46,44,125,190,109,174,184,51,34,91,69,28,8,118,180,159,188,48,92,90,131,148,93,14,178,142,136,61,145,94,13,101,141,36,176,35,97,128,52,2,167,107,123,50,155,65,198,17,82,49,133,189,132,23,77,25,105,4,84,88,70,108,21,106,154,59,197,24,72,78,111,110,11,152,86,127,30,114,182,139,29,137,158,175,85,1,117,120,157,173,186,79,42,27,169,172,39,32,55,73,33,192,165,40,87,181,68,9,103,162,147,67,95,144,156,146,31,143,53,183,164,41,75,89,102,62,5,134,112,104,99,63,74,20,138,168,140,126,16,71,19,83,60,179,47,43,187,76,151,7,80,58,64,96,177,199,166,22,195,119,81,153,129,26,150,56,100,0,113,116,124,160,15,121];True
8190;7320;15510;[174,149,23,136,7,135,171,57,22,130,163,122,12,185,115,98,193,191,38,196,161,66,45,105,194,73,46,44,37,190,109,10,184,51,34,91,69,28,8,118,180,159,140,48,92,90,131,148,93,14,178,142,85,61,145,94,13,101,75,36,176,26,97,128,52,29,167,107,123,50,146,65,198,186,82,49,133,189,132,170,77,25,18,4,84,88,70,108,21,106,154,59,197,24,32,86,111,110,11,152,72,127,30,114,182,139,2,137,158,175,6,1,117,120,157,173,17,79,199,27,169,172,39,78,55,125,33,192,165,40,87,181,68,9,103,162,147,153,15,144,156,155,31,143,53,183,164,41,0,89,102,62,5,134,112,104,99,63,74,20,138,168,188,126,16,71,19,83,60,179,47,43,187,76,151,141,80,58,64,96,177,42,166,3,195,119,81,67,129,35,150,56,100,54,113,116,124,160,95,121];True
8671;6842;15513;[18,163,19,154,44,174,171,57,35,130,75,114,12,185,76,98,193,191,38,196,161,66,20,135,194,115,46,73,37,190,109,160,45,104,34,91,69,28,8,118,180,108,188,48,92,136,131,54,93,14,178,142,6,61,145,94,13,151,110,36,176,3,97,128,52,2,167,107,63,99,155,29,4,126,143,49,148,189,132,170,77,25,105,198,84,85,70,53,51,106,90,59,197,24,72,78,101,141,11,152,86,133,30,129,182,139,65,137,158,175,88,1,117,120,157,173,186,79,42,27,169,172,39,32,138,125,33,192,165,40,87,181,68,9,103,162,147,67,95,144,156,50,31,82,184,183,124,41,149,89,100,62,5,134,112,123,146,21,74,159,55,168,140,17,16,71,10,80,111,179,47,199,187,127,60,7,83,58,64,96,177,43,166,22,195,119,81,153,122,26,150,56,102,0,113,116,164,23,15,121];True
8658;6903;15561;[185,163,19,154,44,18,171,57,35,130,75,114,12,174,76,98,193,191,38,196,161,66,20,135,194,115,46,73,37,190,109,160,45,104,34,91,69,28,8,118,180,108,188,48,92,136,131,54,93,14,178,142,6,61,145,94,13,151,110,36,176,3,97,128,52,2,167,107,63,99,155,29,4,126,143,49,148,189,132,170,77,25,105,198,84,85,70,53,51,106,90,59,197,24,72,78,101,141,11,152,86,133,30,129,182,139,65,137,158,175,88,1,117,120,157,173,186,79,42,27,169,172,39,32,138,125,33,192,165,40,87,181,68,9,103,162,147,67,95,144,156,50,31,82,184,183,124,41,149,89,100,62,5,134,112,123,146,21,74,159,55,168,140,17,16,71,10,80,111,179,47,199,187,127,60,7,83,58,64,96,177,43,166,22,195,119,81,153,122,26,150,56,102,0,113,116,164,23,15,121];True
8861;6701;15562;[37,170,10,6,149,18,171,57,3,130,163,122,12,185,54,98,193,191,38,196,161,66,45,135,194,115,46,44,125,190,109,174,184,51,34,91,69,28,8,118,180,159,188,48,92,90,131,148,93,14,178,142,136,61,145,94,13,101,141,36,176,35,97,128,52,2,167,107,123,50,155,65,198,17,82,49,133,189,132,23,77,25,105,4,84,88,70,108,21,106,154,59,197,24,72,78,111,110,11,152,86,127,30,114,182,139,29,137,158,175,85,1,117,120,157,173,186,79,42,27,169,172,39,32,55,73,33,192,165,40,87,181,68,9,103,162,147,67,95,144,156,146,31,143,53,183,164,41,75,89,102,62,5,134,112,104,99,63,74,20,138,168,140,126,16,71,19,83,60,179,47,43,187,76,151,7,80,58,64,96,177,199,166,22,195,119,81,153,129,26,150,56,100,0,113,116,124,160,15,121];True
8296;7281;15577;[73,174,23,136,7,135,171,57,22,130,163,122,12,185,149,98,193,191,38,196,161,66,45,105,194,115,46,44,37,190,109,10,184,51,34,91,69,28,8,118,180,159,140,48,92,90,131,148,93,14,178,142,85,61,145,94,13,101,75,36,176,26,164,128,52,2,167,107,123,50,146,65,198,186,82,49,133,189,132,170,77,25,18,4,84,88,70,108,21,106,154,59,197,24,32,195,111,110,11,152,72,127,30,114,182,139,29,137,158,175,6,1,117,120,157,173,17,79,199,27,169,172,39,78,55,125,33,192,165,40,87,181,68,9,103,162,147,153,15,144,156,155,31,143,53,183,97,41,0,89,102,62,5,134,112,104,99,63,74,20,138,168,188,126,16,71,19,83,60,179,47,43,187,76,151,141,80,58,64,96,177,42,166,3,86,119,81,67,129,35,150,56,100,54,113,116,124,160,95,121];True
8910;6669;15579;[37,174,170,6,149,18,171,57,3,130,163,122,12,185,54,98,193,191,38,196,161,66,45,135,194,115,46,44,125,190,109,10,184,51,34,91,69,28,8,118,180,159,188,48,92,90,131,148,93,14,178,142,136,61,145,94,13,101,141,36,176,35,97,128,52,2,167,107,123,50,155,65,198,17,82,49,133,189,132,23,77,25,105,4,84,88,70,108,21,106,154,59,197,24,72,78,111,110,11,152,86,127,30,114,182,139,29,137,158,175,85,1,117,120,157,173,186,79,42,27,169,172,39,32,55,73,33,192,165,40,87,181,68,9,103,162,147,67,95,144,156,146,31,143,53,183,164,41,75,89,102,62,5,134,112,104,99,63,74,20,138,168,140,126,16,71,19,83,60,179,47,43,187,76,151,7,80,58,64,96,177,199,166,22,195,119,81,153,129,26,150,56,100,0,113,116,124,160,15,121];True
8893;6697;15590;[73,174,19,154,163,18,171,57,35,130,75,114,12,185,76,98,193,191,38,196,161,66,20,135,194,115,46,44,37,190,109,160,45,104,34,91,69,28,8,118,180,108,188,48,92,136,131,54,93,14,178,142,6,61,145,94,13,151,110,36,176,3,97,128,52,2,167,107,63,99,155,29,4,126,143,49,148,189,132,170,77,25,105,198,84,85,70,53,51,106,90,59,197,24,72,78,101,141,11,152,86,133,30,129,182,139,65,137,158,175,88,1,117,120,157,173,186,79,42,27,169,172,39,32,138,125,33,192,165,40,87,181,68,9,103,162,147,67,95,144,156,50,31,82,184,183,124,41,149,89,100,62,5,134,112,123,146,21,74,159,55,168,140,17,16,71,10,80,111,179,47,199,187,127,60,7,83,58,64,96,177,43,166,22,195,119,81,153,122,26,150,56,102,0,113,116,164,23,15,121];True
8340;7258;15598;[73,174,23,136,7,135,171,57,22,130,163,122,12,185,149,98,193,191,38,196,161,66,45,105,194,115,46,44,37,190,109,10,184,51,34,91,69,28,8,118,180,159,140,48,92,90,131,148,93,14,178,142,85,61,145,94,13,101,75,36,176,26,164,128,52,2,167,107,123,50,146,65,198,186,82,49,133,189,132,170,77,25,18,4,84,88,70,108,21,106,154,59,197,24,32,86,111,110,11,152,72,127,30,114,182,139,29,137,158,175,6,1,117,120,157,173,17,79,199,27,169,172,39,78,55,125,33,192,165,40,87,181,68,9,103,162,147,153,15,144,156,155,31,143,53,183,97,41,0,89,102,62,5,134,112,104,99,63,74,20,138,168,188,126,16,71,19,83,60,179,47,43,187,76,151,141,80,58,64,96,177,42,166,3,195,119,81,67,129,35,150,56,100,54,113,116,124,160,95,121];True
8415;7184;15599;[73,174,23,136,7,135,171,57,22,130,163,122,12,185,149,98,193,191,38,196,161,66,45,105,194,115,46,44,37,190,109,10,184,51,34,91,69,28,8,118,180,159,140,48,92,90,131,148,93,14,178,142,85,61,145,94,13,101,75,36,176,26,97,128,52,2,167,107,123,50,146,65,198,186,82,49,133,189,132,170,77,25,18,4,84,88,70,108,21,106,154,59,197,24,32,86,111,110,11,152,72,127,30,114,182,139,29,137,158,175,6,1,117,120,157,173,17,79,199,27,169,172,39,78,55,125,33,192,165,40,87,181,68,9,103,162,147,153,15,144,156,155,31,143,53,183,164,41,0,89,102,62,5,134,112,104,99,63,74,20,138,168,188,126,16,71,19,83,60,179,47,43,187,76,151,141,80,58,64,96,177,42,166,3,195,119,81,67,129,35,150,56,100,54,113,116,124,160,95,121];True
8335;7265;15600;[115,174,23,136,7,135,171,57,22,130,163,122,12,185,149,98,193,191,38,196,161,66,45,105,194,73,46,44,37,190,109,10,184,51,34,91,69,28,8,118,180,159,140,48,92,90,131,148,93,14,178,142,85,61,145,94,13,101,75,36,176,26,97,128,52,2,167,107,123,50,146,65,198,186,82,49,133,189,132,170,77,25,18,4,84,88,70,108,21,106,154,59,197,24,32,86,111,110,11,152,72,127,30,114,182,139,29,137,158,175,6,1,117,120,157,173,17,79,199,27,169,172,39,78,55,125,33,192,165,40,87,181,68,9,103,162,147,153,15,144,156,155,31,143,53,183,164,41,0,89,102,62,5,134,112,104,99,63,74,20,138,168,188,126,16,71,19,83,60,179,47,43,187,76,151,141,80,58,64,96,177,42,166,3,195,119,81,67,129,35,150,56,100,54,113,116,124,160,95,121];True
8365;7245;15610;[73,174,23,136,7,135,171,57,22,130,163,122,12,185,149,98,193,191,38,196,161,66,45,105,194,115,46,44,37,190,109,10,184,51,34,91,69,28,8,118,180,159,140,48,92,90,131,148,93,14,178,142,85,61,145,94,13,101,75,36,176,26,97,128,52,29,167,107,123,50,146,65,198,186,82,49,133,189,132,170,77,25,18,4,84,88,70,108,21,106,154,59,197,24,32,86,111,110,11,152,72,127,30,114,182,139,2,137,158,175,6,1,117,120,157,173,17,79,199,27,169,172,39,78,55,125,33,192,165,40,87,181,68,9,103,162,147,153,15,144,156,155,31,143,53,183,164,41,0,89,102,62,5,134,112,104,99,63,74,20,138,168,188,126,16,71,19,83,60,179,47,43,187,76,151,141,80,58,64,96,177,42,166,3,195,119,81,67,129,35,150,56,100,54,113,116,124,160,95,121];True
8358;7253;15611;[136,174,23,115,7,135,171,57,22,130,163,122,12,185,149,98,193,191,38,196,161,66,45,105,194,73,46,44,37,190,109,10,184,51,34,91,69,28,8,118,180,159,140,48,92,90,131,148,93,14,178,142,85,61,145,94,13,101,75,36,176,26,97,128,52,2,167,107,123,50,146,65,198,186,82,49,133,189,132,170,77,25,18,4,84,88,70,108,21,106,154,59,197,24,32,86,111,110,11,152,72,127,30,114,182,139,29,137,158,175,6,1,117,120,157,173,17,79,199,27,169,172,39,78,55,125,33,192,165,40,87,181,68,9,103,162,147,153,15,144,156,155,31,143,53,183,164,41,0,89,102,62,5,134,112,104,99,63,74,20,138,168,188,126,16,71,19,83,60,179,47,43,187,76,151,141,80,58,64,96,177,42,166,3,195,119,81,67,129,35,150,56,100,54,113,116,124,160,95,121];True
9021;6632;15653;[198,174,10,6,149,18,171,57,3,130,163,122,12,185,54,98,193,191,38,196,161,66,45,135,194,115,46,44,106,190,109,23,184,51,34,91,69,28,8,118,180,159,188,48,92,90,131,148,93,14,178,142,136,61,145,94,13,101,141,36,176,35,97,128,52,2,167,107,123,50,155,65,37,17,82,49,133,189,132,170,77,25,105,4,84,88,70,108,21,73,154,59,197,24,72,78,111,110,11,152,86,127,30,114,182,139,29,137,158,175,85,1,117,120,157,173,186,79,42,27,169,172,39,32,55,125,33,192,165,40,87,181,68,9,103,162,147,67,95,144,156,146,31,143,53,183,164,41,75,89,102,62,5,134,112,104,99,63,74,20,138,168,140,126,16,71,19,83,60,179,47,43,187,76,151,7,80,58,64,96,177,199,166,22,195,119,81,153,129,26,150,56,100,0,113,116,124,160,15,121];True
8519;7139;15658;[73,174,23,136,7,135,171,57,3,130,163,122,12,185,149,98,193,191,38,196,161,66,45,105,194,115,46,44,37,190,109,10,184,51,34,91,69,28,8,118,180,159,140,48,92,90,131,148,93,14,178,142,85,61,145,94,13,101,75,36,176,26,97,128,52,2,167,107,123,50,146,65,198,186,82,49,133,189,132,170,77,25,18,4,84,88,70,108,21,106,154,59,197,24,86,32,111,110,11,152,72,127,30,114,182,139,29,137,158,175,6,1,117,120,157,173,17,79,199,27,169,172,39,78,55,125,33,192,165,40,87,181,68,9,103,162,147,153,15,144,156,155,31,143,53,183,164,41,0,89,102,62,5,134,112,104,99,63,74,20,138,168,188,126,16,71,19,83,60,179,47,43,187,76,151,141,80,58,64,96,177,42,166,22,195,119,81,67,129,35,150,56,100,54,113,116,124,160,95,121];True
8482;7182;15664;[44,174,23,136,7,135,171,57,3,130,163,122,12,185,149,98,193,191,38,196,161,66,45,105,194,115,46,73,37,190,109,10,184,51,34,91,69,28,8,118,180,159,140,48,92,90,131,148,93,14,178,142,85,61,145,94,13,101,75,36,176,26,97,128,52,2,167,107,123,50,146,65,198,186,82,49,133,189,132,170,77,25,18,4,84,88,70,108,21,106,154,59,197,24,86,32,111,110,11,152,72,127,30,114,182,139,29,137,158,175,6,1,117,120,157,173,17,79,199,27,169,172,39,78,55,125,33,192,165,40,87,181,68,9,103,162,147,153,95,144,156,155,31,143,53,183,164,41,0,89,102,62,5,134,112,104,99,63,74,20,138,168,188,126,16,71,19,83,60,179,47,43,187,76,151,141,80,58,64,96,177,42,166,22,195,119,81,67,129,35,150,56,100,54,113,116,124,160,15,121];True
9015;6657;15672;[174,37,170,6,149,18,171,57,3,130,163,122,12,185,54,98,193,191,38,196,161,66,45,135,194,115,46,44,125,190,109,10,184,51,34,91,69,28,8,118,180,159,188,48,92,90,131,148,93,14,178,142,136,61,145,94,13,101,141,36,176,35,97,128,52,2,167,107,123,50,155,65,198,17,82,49,133,189,132,23,77,25,105,4,84,88,70,108,21,106,154,59,197,24,72,78,111,110,11,152,86,127,30,114,182,139,29,137,158,175,85,1,117,120,157,173,186,79,42,27,169,172,39,32,55,73,33,192,165,40,87,181,68,9,103,162,147,67,95,144,156,146,31,143,53,183,164,41,75,89,102,62,5,134,112,104,99,63,74,20,138,168,140,126,16,71,19,83,60,179,47,43,187,76,151,7,80,58,64,96,177,199,166,22,195,119,81,153,129,26,150,56,100,0,113,116,124,160,15,121];True
9014;6659;15673;[174,191,23,136,75,18,171,57,3,130,163,122,12,185,54,98,193,37,38,196,161,66,45,135,194,115,46,44,125,190,109,10,184,51,34,91,69,28,8,118,180,159,188,48,92,90,131,148,93,14,178,142,67,61,145,94,13,101,141,36,176,35,97,128,52,2,167,107,123,50,155,65,198,17,82,49,133,189,132,170,77,25,105,4,84,88,70,108,21,106,154,59,197,24,72,78,111,110,11,152,86,127,30,114,182,139,29,137,158,175,85,1,117,120,157,173,186,79,42,27,169,172,39,32,55,73,33,192,165,40,87,181,68,9,103,162,147,6,95,144,156,146,31,143,53,183,164,41,149,89,102,62,5,134,112,104,99,63,74,20,138,168,140,126,16,71,19,83,60,179,47,43,187,76,151,7,80,58,64,96,177,199,166,22,195,119,81,153,129,26,150,56,100,0,113,116,124,160,15,121];True
8578;7105;15683;[73,174,23,136,7,135,171,57,3,130,163,122,12,185,149,98,193,191,38,196,161,66,45,105,194,115,46,44,37,190,109,10,184,51,34,91,69,28,8,118,180,159,140,48,92,90,131,148,93,14,178,142,85,61,145,94,13,101,75,36,176,26,97,128,52,2,167,107,123,50,146,65,198,186,82,49,133,189,132,170,77,25,18,4,84,88,70,108,21,106,154,59,197,24,86,32,111,110,11,152,72,127,30,114,182,139,29,137,158,175,6,1,117,120,157,173,17,79,199,27,169,172,39,78,55,125,33,192,165,40,87,181,68,9,103,162,147,153,95,144,156,155,31,143,53,183,164,41,0,89,102,62,5,134,112,104,99,63,74,20,138,168,188,126,16,71,19,83,60,179,47,43,187,76,151,141,80,58,64,96,177,42,166,22,195,119,81,67,129,35,150,56,100,54,113,116,124,160,15,121];True
9120;6625;15745;[106,174,10,6,149,18,171,57,3,130,163,122,12,185,54,98,193,191,38,196,161,66,45,135,194,115,46,44,37,190,109,23,184,51,34,91,69,28,8,118,180,159,188,48,92,90,131,148,93,14,178,142,136,61,145,94,13,101,141,36,176,35,97,128,52,2,167,107,123,50,155,65,198,17,82,49,133,189,132,170,77,25,105,4,84,88,70,108,21,73,154,59,197,24,72,78,111,110,11,152,86,127,30,114,182,139,29,137,158,175,85,1,117,120,157,173,186,79,42,27,169,172,39,32,55,125,33,192,165,40,87,181,68,9,103,162,147,67,95,144,156,146,31,143,53,183,164,41,75,89,102,62,5,134,112,104,99,63,74,20,138,168,140,126,16,71,19,83,60,179,47,43,187,76,151,7,80,58,64,96,177,199,166,22,195,119,81,153,129,26,150,56,100,0,113,116,124,160,15,121];True
9182;6597;15779;[73,174,10,6,149,18,171,57,3,130,163,122,12,185,54,98,193,191,38,196,161,66,45,135,194,115,46,44,37,190,109,23,184,51,34,91,69,28,8,118,180,159,188,48,92,90,131,148,93,14,178,142,136,61,145,94,13,101,141,36,176,35,97,128,52,2,167,107,123,50,155,65,198,17,82,49,133,189,132,170,77,25,105,4,84,88,70,108,21,106,154,59,197,24,72,78,111,110,11,152,86,127,30,114,182,139,29,137,158,175,85,1,117,120,157,173,186,79,42,27,169,172,39,32,55,125,33,192,165,40,87,181,68,9,103,162,147,67,95,144,156,146,31,143,53,183,164,41,75,89,102,62,5,134,112,104,99,63,74,20,138,168,140,126,16,71,19,83,60,179,47,43,187,76,151,7,80,58,64,96,177,199,166,22,195,119,81,153,129,26,150,56,100,0,113,116,124,160,15,121];True
9181;6606;15787;[73,174,170,6,149,18,171,57,3,130,163,122,12,185,54,98,193,191,38,196,161,66,45,135,194,115,46,44,37,190,109,10,184,51,34,91,69,28,8,118,180,159,188,48,92,90,131,148,93,14,178,142,136,61,145,94,13,101,141,36,176,35,97,128,52,2,167,107,123,50,155,65,198,17,82,49,133,189,132,23,77,25,105,4,84,88,70,108,21,106,154,59,197,24,72,78,111,110,11,152,86,127,30,114,182,139,29,137,158,175,85,1,117,120,157,173,186,79,42,27,169,172,39,32,55,125,33,192,165,40,87,181,68,9,103,162,147,67,95,144,156,146,31,143,53,183,164,41,75,89,102,62,5,134,112,104,99,63,74,20,138,168,140,126,16,71,19,83,60,179,47,43,187,76,151,7,80,58,64,96,177,199,166,22,195,119,81,153,129,26,150,56,100,0,113,116,124,160,15,121];True
9176;6620;15796;[174,65,142,136,67,18,171,57,3,130,163,122,12,185,54,98,193,191,38,196,161,66,45,135,194,115,46,44,37,190,109,10,184,51,34,91,69,28,8,118,180,159,188,48,92,90,131,148,93,14,178,23,6,61,145,94,13,101,141,36,176,35,97,128,52,2,167,107,123,50,155,73,198,17,82,49,133,189,132,170,77,25,105,4,84,88,70,108,21,106,154,59,197,24,72,78,111,110,11,152,86,127,30,114,182,139,29,137,158,175,85,1,117,120,157,173,186,79,42,27,169,172,39,32,55,125,33,192,165,40,87,181,68,9,103,162,147,75,95,144,156,146,31,143,53,183,164,41,149,89,102,62,5,134,112,104,99,63,74,20,138,168,140,126,16,71,19,83,60,179,47,43,187,76,151,7,80,58,64,96,177,199,166,22,195,119,81,153,129,26,150,56,100,0,113,116,124,160,15,121];True
9202;6596;15798;[73,174,142,136,67,18,171,57,3,130,163,122,12,185,54,98,193,191,38,196,161,66,45,135,194,115,46,44,37,190,109,10,184,51,34,91,69,28,8,118,180,159,188,48,92,90,131,148,93,14,178,23,6,61,145,94,13,101,141,36,176,35,97,128,52,2,167,107,123,50,155,65,198,17,82,49,133,189,132,170,77,25,105,4,84,88,70,108,21,106,154,59,197,24,72,78,111,110,11,152,86,127,30,114,182,139,29,137,158,175,85,1,117,120,157,173,186,79,42,27,169,172,39,32,55,125,33,192,165,40,87,181,68,9,103,162,147,75,95,144,156,146,31,143,53,183,164,41,149,89,102,62,5,134,112,104,99,63,74,20,138,168,140,126,16,71,19,83,60,179,47,43,187,76,151,7,80,58,64,96,177,199,166,22,195,119,81,153,129,26,150,56,100,0,113,116,124,160,15,121];True
9252;6583;15835;[73,174,10,176,149,189,11,57,3,130,163,122,12,185,54,98,193,191,38,196,161,66,45,135,194,115,46,44,37,190,109,23,184,51,34,91,69,28,8,118,180,159,188,48,92,90,131,148,93,14,178,142,6,61,145,94,13,101,141,36,136,35,97,128,52,2,167,107,123,50,155,65,198,17,82,49,133,18,132,170,77,25,105,4,84,88,70,108,21,106,154,59,197,24,72,78,111,110,171,152,86,127,30,114,182,139,29,137,158,175,85,1,117,120,157,173,186,79,42,27,169,172,39,32,55,125,33,192,165,40,87,181,68,9,103,162,147,67,95,144,156,146,31,143,53,183,164,41,75,89,102,62,5,134,112,104,99,63,74,20,138,168,140,126,16,71,19,83,60,179,47,43,187,76,151,7,80,58,64,96,177,199,166,22,195,119,81,153,129,26,150,56,100,0,113,116,124,160,15,121];True
9248;6592;15840;[73,174,37,136,163,18,171,57,3,130,75,122,12,185,54,98,193,191,38,196,161,66,45,135,194,115,46,44,23,190,109,10,184,51,34,91,69,28,8,118,180,20,188,48,92,90,131,148,93,14,178,142,6,61,145,94,13,101,141,36,176,35,97,128,52,2,167,107,123,50,155,65,198,17,82,49,133,189,132,170,77,25,105,4,84,88,70,108,21,106,154,59,129,24,72,78,111,110,11,152,86,127,30,114,182,139,29,137,158,175,85,1,117,120,157,173,186,79,42,27,169,172,39,32,138,125,33,192,165,40,87,181,68,9,103,162,147,67,95,144,156,146,31,143,53,183,164,41,149,89,102,62,5,134,112,104,99,63,74,159,55,168,140,126,16,71,19,83,60,179,47,43,187,76,151,7,80,58,64,96,177,199,166,22,195,119,81,153,197,26,150,56,100,0,113,116,124,160,15,121];True
9262;6579;15841;[73,174,23,95,149,189,171,57,3,130,163,122,12,185,54,98,193,191,38,196,161,66,45,135,194,115,46,44,37,190,109,10,184,51,34,91,69,28,8,118,180,159,188,48,92,90,131,148,93,14,178,142,6,61,145,94,13,101,141,36,176,35,97,128,52,2,167,107,123,50,155,65,198,17,82,49,133,18,132,170,77,25,105,4,84,88,70,108,21,106,154,59,197,24,72,78,111,110,11,152,86,127,30,114,182,139,29,137,158,175,85,1,117,120,157,173,186,79,42,27,169,172,39,32,55,125,33,192,165,40,87,181,68,9,103,162,147,67,136,144,156,146,31,143,53,183,164,41,75,89,102,62,5,134,112,104,99,63,74,20,138,168,140,126,16,71,19,83,60,179,47,43,187,76,151,7,80,58,64,96,177,199,166,22,195,119,81,153,129,26,150,56,100,0,113,116,124,160,15,121];True
9302;6565;15867;[73,174,23,6,149,189,11,57,3,130,163,122,12,185,54,98,193,191,38,196,161,66,45,135,194,115,46,44,37,190,109,10,184,51,34,91,69,28,8,118,180,159,188,48,92,90,131,148,93,14,178,142,136,61,145,94,13,101,141,36,176,35,97,128,52,2,167,107,123,50,155,65,198,17,82,49,133,18,132,170,77,25,105,4,84,88,70,108,21,106,154,59,197,24,72,78,111,110,171,152,86,127,30,114,182,139,29,137,158,175,85,1,117,120,157,173,186,79,42,27,169,172,39,32,55,125,33,192,165,40,87,181,68,9,103,162,147,67,95,144,156,146,31,143,53,183,164,41,75,89,102,62,5,134,112,104,99,63,74,20,138,168,140,126,16,71,19,83,60,179,47,43,187,76,151,7,80,58,64,96,177,199,166,22,195,119,81,153,129,26,150,56,100,0,113,116,124,160,15,121];True
9417;6564;15981;[73,174,23,176,149,189,11,57,3,130,163,122,12,185,54,98,193,191,38,196,161,66,45,135,194,115,46,44,37,190,109,10,184,51,34,91,69,28,8,118,180,159,188,48,92,90,131,148,93,14,178,142,6,61,145,94,13,101,141,36,136,35,97,128,52,2,167,107,123,50,155,65,198,17,82,49,133,18,132,170,77,25,105,4,84,88,70,108,21,106,154,59,197,24,72,78,111,110,171,152,86,127,30,114,182,139,29,137,158,175,85,1,117,120,157,173,186,79,42,27,169,172,39,32,55,125,33,192,165,40,87,181,68,9,103,162,147,67,95,144,156,146,31,143,53,183,164,41,75,89,102,62,5,134,112,104,99,63,74,20,138,168,140,126,16,71,19,83,60,179,47,43,187,76,151,7,80,58,64,96,177,199,166,22,195,119,81,153,129,26,150,56,100,0,113,116,124,160,15,121];True
9430;6562;15992;[73,174,23,136,75,18,171,57,3,130,163,122,12,185,54,98,193,6,38,196,161,66,45,135,194,115,46,44,37,190,109,10,184,51,34,91,69,28,8,118,180,159,188,48,92,90,131,148,93,14,178,142,191,61,145,94,13,101,141,36,176,35,97,128,52,2,167,107,123,50,155,65,198,17,82,49,133,189,132,170,77,25,105,4,84,88,70,108,21,106,154,59,197,24,72,78,111,110,11,152,86,127,30,114,182,139,29,137,158,175,85,1,117,120,157,173,186,79,42,27,169,172,39,32,55,125,33,192,165,40,87,181,68,9,103,162,147,67,95,144,156,146,31,143,53,183,164,41,149,89,102,62,5,134,112,104,99,63,74,20,138,168,140,126,16,71,19,83,60,179,47,43,187,76,151,7,80,58,64,96,177,199,166,22,195,119,81,153,129,26,150,56,100,0,113,116,124,160,15,121];True
9486;6554;16040;[73,174,23,136,149,189,11,57,3,130,163,122,12,185,54,98,193,191,38,196,161,66,45,135,194,115,46,44,37,190,109,10,184,51,34,91,69,28,8,118,180,159,188,48,92,90,131,148,93,14,178,142,6,61,145,94,13,101,141,36,176,35,97,128,52,2,167,107,123,50,155,65,198,17,82,49,133,18,132,170,77,25,105,4,84,88,70,108,21,106,154,59,197,24,72,78,111,110,171,152,86,127,30,114,182,139,29,137,158,175,85,1,117,120,157,173,186,79,42,27,169,172,39,32,55,125,33,192,165,40,87,181,68,9,103,162,147,67,95,144,156,146,31,143,53,183,164,41,75,89,102,62,5,134,112,104,99,63,74,20,138,168,140,126,16,71,19,83,60,179,47,43,187,76,151,7,80,58,64,96,177,199,166,22,195,119,81,153,129,26,150,56,100,0,113,116,124,160,15,121];True
9481;6561;16042;[50,174,23,136,75,18,171,57,3,130,163,122,12,185,54,98,193,6,38,196,161,66,45,135,194,115,46,44,37,190,109,10,184,51,34,91,69,28,8,118,180,159,188,48,92,90,131,148,93,14,178,142,191,61,145,94,13,101,141,36,176,35,97,128,52,2,167,107,123,73,155,65,198,17,82,49,133,189,132,170,77,25,105,4,84,88,70,108,21,106,154,59,197,24,72,78,111,110,11,152,86,127,30,114,182,139,29,137,158,175,85,1,117,120,157,173,186,79,42,27,169,172,39,32,55,125,33,192,165,40,87,181,68,9,103,162,147,67,95,144,156,146,31,143,53,183,164,41,149,89,102,62,5,134,112,104,99,63,74,20,138,168,140,126,16,71,19,83,60,179,47,43,187,76,151,7,80,58,64,96,177,199,166,22,195,119,81,153,129,26,150,56,100,0,113,116,124,160,15,121];True
9537;6553;16090;[50,174,23,136,149,189,11,57,3,130,163,122,12,185,54,98,193,191,38,196,161,66,45,135,194,115,46,44,37,190,109,10,184,51,34,91,69,28,8,118,180,159,188,48,92,90,131,148,93,14,178,142,6,61,145,94,13,101,141,36,176,35,97,128,52,2,167,107,123,73,155,65,198,17,82,49,133,18,132,170,77,25,105,4,84,88,70,108,21,106,154,59,197,24,72,78,111,110,171,152,86,127,30,114,182,139,29,137,158,175,85,1,117,120,157,173,186,79,42,27,169,172,39,32,55,125,33,192,165,40,87,181,68,9,103,162,147,67,95,144,156,146,31,143,53,183,164,41,75,89,102,62,5,134,112,104,99,63,74,20,138,168,140,126,16,71,19,83,60,179,47,43,187,76,151,7,80,58,64,96,177,199,166,22,195,119,81,153,129,26,150,56,100,0,113,116,124,160,15,121];True
9841;6552;16393;[50,174,23,136,75,18,171,57,3,130,163,122,12,185,0,98,193,191,38,196,161,66,45,135,194,115,46,44,37,190,109,10,184,51,34,91,69,28,8,118,180,159,188,48,92,90,131,148,93,14,178,142,6,61,145,94,13,101,7,89,176,35,97,128,52,2,167,107,123,73,155,65,198,17,82,49,133,189,132,170,77,25,105,4,84,88,70,108,21,106,154,59,197,24,72,78,111,110,11,152,86,127,30,114,182,139,29,137,158,175,85,1,117,120,157,173,186,79,42,27,169,172,39,32,55,125,33,192,165,40,87,181,68,9,103,162,147,67,95,144,156,146,31,143,53,183,164,41,149,36,102,62,5,134,112,104,99,63,74,20,138,168,140,126,16,71,19,83,60,179,47,43,187,76,151,141,80,58,64,96,177,199,166,22,195,119,81,153,129,26,150,56,100,54,113,116,124,160,15,121];True
9924;6549;16473;[50,174,23,91,75,18,171,57,3,130,163,122,12,185,0,98,193,191,38,196,161,66,45,135,194,115,46,44,37,190,109,10,184,51,34,136,69,28,8,118,180,159,188,48,92,90,131,148,93,14,178,142,6,61,145,94,13,101,7,89,176,35,97,128,52,2,167,107,123,73,155,65,198,17,82,49,133,189,132,170,77,25,105,4,84,88,70,108,21,106,154,59,197,24,72,78,111,110,11,152,86,127,30,114,182,139,29,137,158,175,85,1,117,120,157,173,186,79,42,27,169,172,39,32,55,125,33,192,165,40,87,181,68,9,103,162,147,67,95,144,156,146,31,143,53,183,164,41,149,36,102,62,5,134,112,104,99,63,74,20,138,168,140,126,16,71,19,83,60,179,47,43,187,76,151,141,80,58,64,96,177,199,166,22,195,119,81,153,129,26,150,56,100,54,113,116,124,160,15,121];True
