utilA;utilB;utilSum;contract;pareto
2094;8166;10260;[174,67,25,48,10,176,83,129,8,84,122,73,74,135,21,99,16,77,112,150,56,18,62,120,24,197,26,9,143,20,3,2,121,160,92,49,130,22,38,34,124,94,161,1,165,153,187,127,39,107,87,76,50,53,93,23,30,134,137,86,69,64,101,151,54,158,199,6,117,98,19,110,81,52,182,28,162,78,60,79,185,148,167,61,41,36,46,131,59,133,96,157,138,178,164,173,66,126,198,159,140,118,109,29,154,156,106,71,108,146,43,128,85,152,172,12,181,82,192,139,33,13,111,195,40,37,15,35,88,171,189,194,31,68,116,57,0,113,196,89,5,141,119,4,183,63,51,72,147,65,102,115,14,45,55,155,184,75,80,114,177,169,191,11,104,180,163,170,95,91,90,125,149,32,97,58,100,7,175,179,27,193,136,144,70,168,17,103,105,142,190,188,186,145,42,47,132,166,123,44];True
2071;8193;10264;[174,67,22,48,10,176,83,129,8,84,122,73,74,135,21,99,16,77,112,150,56,18,62,120,24,197,26,9,143,20,3,2,121,160,92,49,130,69,38,34,124,94,161,1,165,153,187,127,39,107,87,76,50,53,93,23,30,134,137,86,25,64,101,151,54,158,199,6,117,98,19,110,81,52,182,28,162,78,60,79,185,148,167,61,41,36,46,131,59,133,96,157,138,178,164,173,66,126,198,159,140,118,109,29,154,156,106,71,108,146,43,128,85,152,172,12,181,82,192,139,33,13,111,195,40,37,15,35,88,171,189,194,31,68,116,57,0,113,196,89,5,141,119,4,183,63,51,72,147,65,102,115,14,45,55,155,184,75,80,114,177,169,191,11,104,180,163,170,95,91,90,125,149,32,97,58,100,7,175,179,27,193,136,144,70,168,17,103,105,142,190,188,186,145,42,47,132,166,123,44];True
2084;8182;10266;[4,67,25,48,10,176,83,129,8,84,122,73,74,135,21,99,16,77,112,150,56,18,62,120,24,197,26,9,143,20,3,2,121,160,92,49,130,22,38,34,124,94,161,1,165,153,187,127,39,107,87,76,50,53,93,23,30,134,137,86,69,64,101,151,54,158,199,6,117,98,19,110,81,52,182,28,162,78,60,79,185,148,167,61,41,36,46,131,59,133,96,157,138,178,164,173,66,126,198,159,140,118,109,29,154,156,106,71,108,146,43,128,85,152,172,12,181,82,192,139,33,13,111,195,40,37,15,35,88,171,189,194,31,68,116,57,0,113,196,89,5,141,119,142,183,63,51,72,147,65,102,115,14,45,55,155,184,75,80,114,177,169,191,11,104,180,163,170,95,91,90,125,149,32,97,58,100,7,175,179,27,193,136,144,70,168,17,103,105,174,190,188,186,145,42,47,132,166,123,44];True
2149;8124;10273;[174,67,25,135,10,176,83,129,8,84,122,73,74,108,21,99,16,77,112,150,56,18,62,120,24,197,26,9,143,20,3,2,121,160,92,49,130,22,38,34,124,94,161,1,165,153,187,127,39,107,87,76,50,53,93,23,30,134,137,86,69,64,101,151,54,158,199,6,117,98,19,110,81,52,182,28,162,78,60,79,185,148,167,61,41,36,46,131,59,133,96,157,138,178,164,173,66,126,198,159,140,118,109,29,154,156,106,71,48,146,43,128,85,152,172,12,181,82,192,139,33,13,111,195,40,37,15,35,88,171,189,194,31,68,116,57,0,113,196,89,5,141,119,4,183,63,51,72,147,65,102,115,14,45,55,155,184,75,80,114,177,169,191,11,104,180,163,170,95,91,90,125,149,32,97,58,100,7,175,179,27,193,136,144,70,168,17,103,105,142,190,188,186,145,42,47,132,166,123,44];True
2067;8210;10277;[174,184,25,48,10,176,83,129,8,84,122,73,74,135,21,99,16,77,112,150,56,18,62,120,24,197,26,9,143,20,3,2,121,160,92,49,130,22,38,34,124,94,161,1,165,153,187,127,39,107,87,76,50,53,93,23,30,134,137,86,69,64,101,151,54,158,199,6,117,98,19,110,81,52,182,28,162,78,60,79,185,148,167,61,41,36,46,131,59,133,96,157,138,178,164,173,66,126,198,159,140,118,109,29,154,156,106,71,108,146,43,128,85,152,172,12,181,82,192,139,33,13,111,195,40,37,15,35,88,171,189,194,31,68,116,57,0,113,196,89,5,141,119,4,183,63,51,72,147,65,102,115,14,45,55,155,190,75,80,114,177,169,191,11,104,180,163,170,95,91,90,125,149,32,97,58,100,7,175,179,27,193,136,144,70,168,17,103,105,142,67,188,186,145,42,47,132,166,123,44];True
2123;8159;10282;[143,67,25,48,10,176,83,129,8,84,122,73,74,135,21,99,16,77,112,150,56,18,62,120,24,197,26,9,142,20,3,2,121,160,92,49,130,22,38,34,124,94,161,1,165,153,187,127,39,107,87,76,50,53,93,23,30,134,137,86,69,64,101,151,54,158,199,6,117,98,19,110,81,52,182,28,162,78,60,79,185,148,167,61,41,36,46,131,59,133,96,157,138,178,164,173,66,126,198,159,140,118,109,29,154,156,106,71,108,146,43,128,85,152,172,12,181,82,192,139,33,13,111,195,40,37,15,35,88,171,189,194,31,68,116,57,0,113,196,89,5,141,119,4,183,63,51,72,147,65,102,115,14,45,55,155,184,75,80,114,177,169,191,11,104,180,163,170,95,91,90,125,149,32,97,58,100,7,175,179,27,193,136,144,70,168,17,103,105,174,190,188,186,145,42,47,132,166,123,44];True
2144;8153;10297;[90,67,25,48,10,176,83,129,8,84,122,73,74,135,21,99,16,77,112,150,56,18,62,120,24,197,26,9,143,20,3,2,121,160,92,49,130,22,38,34,124,94,161,1,165,153,187,127,39,107,87,76,50,53,93,23,30,134,137,86,69,64,101,151,54,158,199,6,117,98,19,110,81,52,182,28,162,78,60,79,185,148,167,61,41,36,46,131,59,133,96,157,138,178,164,173,66,126,198,159,140,118,109,29,154,156,106,71,108,146,43,128,85,152,172,12,181,82,192,139,33,13,111,195,40,37,15,35,88,171,189,194,31,68,116,57,0,113,196,89,5,141,119,4,183,63,51,72,147,65,102,115,14,45,55,155,184,75,80,114,177,169,191,11,104,180,163,170,95,91,142,125,149,32,97,58,100,7,175,179,27,193,136,144,70,168,17,103,105,174,190,188,186,145,42,47,132,166,123,44];True
2180;8121;10301;[34,67,25,48,10,176,83,129,8,84,122,73,74,135,21,99,16,77,112,150,56,18,62,120,24,197,26,9,143,20,3,2,121,160,92,49,130,22,38,15,124,94,161,1,165,153,187,127,39,107,87,76,50,53,93,23,30,134,137,86,69,64,101,151,54,158,199,6,117,98,19,110,81,52,182,28,162,78,60,79,185,148,167,61,41,36,46,131,59,133,96,157,138,178,164,173,66,126,198,159,140,118,109,29,154,156,106,71,108,146,43,128,85,152,172,12,181,82,192,139,33,13,111,195,40,37,174,35,88,171,189,194,31,68,116,57,0,113,196,89,5,141,119,4,183,63,51,72,147,65,102,115,14,45,55,155,184,75,80,114,177,169,191,11,104,180,163,170,95,91,90,125,149,32,97,58,100,7,175,179,27,193,136,144,70,168,17,103,105,142,190,188,186,145,42,47,132,166,123,44];True
2240;8111;10351;[34,67,71,48,10,176,83,129,8,84,122,73,74,135,21,99,16,77,112,150,56,18,62,120,24,197,26,9,143,20,3,2,121,160,92,49,130,22,38,15,124,94,161,1,165,153,187,127,39,107,87,76,50,53,93,23,30,134,137,86,69,64,101,151,54,158,199,6,117,98,25,110,81,52,182,28,162,78,60,79,185,148,167,61,41,36,46,131,59,133,96,157,138,178,164,173,66,126,198,159,140,118,109,29,154,156,106,19,108,146,43,128,85,152,172,12,181,82,192,139,33,13,111,195,40,37,174,35,88,171,189,194,31,68,116,57,0,113,196,89,5,141,119,4,183,63,51,72,147,65,102,115,14,45,55,155,184,75,80,114,177,169,191,11,104,180,163,170,95,91,90,125,149,32,97,58,100,7,175,179,27,193,136,144,70,168,17,103,105,142,190,188,186,145,42,47,132,166,123,44];True
2237;8115;10352;[34,67,193,48,10,176,83,129,8,84,122,73,74,135,21,99,16,77,112,71,56,18,62,120,24,197,26,9,143,20,3,2,121,160,92,49,130,22,38,15,124,94,161,1,165,153,187,127,39,107,87,76,50,53,93,23,30,134,137,86,69,64,101,151,54,158,199,6,117,98,25,110,81,52,182,28,162,78,60,79,185,148,167,61,41,36,46,131,59,133,96,157,138,178,164,173,66,126,198,159,140,118,109,29,154,156,106,19,108,146,43,128,85,152,172,12,181,82,192,139,33,13,111,195,40,37,174,35,88,171,189,194,31,68,116,57,0,113,196,89,5,141,119,4,183,63,51,72,147,65,102,115,14,45,55,155,184,75,80,114,177,169,191,11,104,180,163,170,95,91,90,125,149,32,97,58,100,7,175,179,27,150,136,144,70,168,17,103,105,142,190,188,186,145,42,47,132,166,123,44];True
2063;8334;10397;[62,67,25,48,10,176,83,129,8,84,122,73,74,135,21,99,16,77,112,150,56,18,63,120,24,197,26,9,143,20,3,2,121,160,92,49,130,22,38,34,124,94,161,1,165,153,187,127,39,107,87,76,50,53,93,23,30,134,137,86,69,64,101,151,54,158,199,6,117,98,19,110,81,52,182,28,162,78,60,79,185,148,167,61,41,36,46,131,59,133,96,157,138,178,164,173,66,126,198,159,140,118,109,29,154,156,106,71,108,146,43,128,85,152,172,12,181,82,192,139,33,13,111,195,40,37,15,35,88,171,189,194,31,68,116,57,0,113,196,89,5,141,119,4,183,174,51,72,147,65,102,115,14,45,55,155,184,75,80,114,177,169,191,11,104,180,163,170,95,91,90,125,149,32,97,58,100,7,175,179,27,193,136,144,70,168,17,103,105,142,190,188,186,145,42,47,132,166,123,44];True
2300;8106;10406;[174,160,71,48,10,176,83,129,8,84,122,73,74,135,21,99,16,77,112,150,56,18,62,120,24,197,26,9,143,20,3,2,121,65,92,49,130,22,38,34,124,94,161,1,165,153,187,127,39,107,87,76,50,53,93,23,30,134,137,86,69,64,101,151,54,158,199,6,117,98,25,110,81,52,182,28,162,78,60,79,185,148,167,61,41,36,46,131,59,133,96,157,138,178,164,173,66,126,198,159,140,118,109,29,154,156,106,19,108,146,43,128,85,152,172,12,181,82,192,139,33,13,111,195,40,37,15,35,88,171,189,194,31,68,116,57,0,113,196,89,5,141,119,4,183,63,51,72,147,67,102,115,14,45,55,155,184,75,80,114,177,169,191,11,104,180,163,170,95,91,90,125,149,32,97,58,100,7,175,179,27,193,136,144,70,168,17,103,105,142,190,188,186,145,42,47,132,166,123,44];True
2311;8099;10410;[4,67,193,48,10,176,83,129,8,84,122,73,174,135,21,99,16,77,112,71,56,18,62,120,24,197,26,9,143,20,3,2,121,160,92,49,130,22,38,34,124,94,161,1,165,153,187,127,39,107,87,69,50,53,93,23,30,134,137,86,76,64,101,151,54,158,199,6,117,98,25,110,81,52,182,28,162,78,60,79,185,148,167,61,41,36,46,131,59,133,96,157,138,178,164,173,66,126,198,159,140,118,109,29,154,156,106,19,108,146,43,128,85,152,172,12,181,82,192,139,33,13,111,195,40,37,15,35,88,171,189,194,31,68,116,57,0,113,196,89,5,141,119,74,183,63,51,72,147,65,102,115,14,45,55,155,184,75,80,114,177,169,191,11,104,180,163,170,95,91,90,125,149,32,97,58,100,7,175,179,27,150,136,144,70,168,17,103,105,142,190,188,186,145,42,47,132,166,123,44];True
1526;9113;10639;[193,67,112,48,10,1,2,129,8,84,122,107,101,118,105,99,141,17,45,15,173,18,25,120,24,197,26,9,109,20,146,49,147,65,92,142,130,22,38,34,3,94,75,12,165,153,187,127,39,73,87,76,50,53,93,27,30,134,58,86,181,82,23,151,54,158,121,6,117,98,78,110,81,52,108,74,183,83,135,79,185,148,167,61,59,36,46,5,41,133,96,157,138,178,152,56,66,126,198,159,140,19,51,29,154,156,160,71,69,190,43,128,85,164,111,192,40,124,150,139,33,13,172,195,182,37,60,35,88,145,189,194,31,171,116,57,186,113,196,89,162,106,119,28,4,97,131,0,199,62,102,115,14,114,55,155,184,161,80,137,177,169,191,11,104,180,163,170,95,91,90,125,149,32,68,63,100,7,175,143,174,16,136,144,70,168,64,103,21,72,77,188,179,176,42,47,132,166,123,44];True
1570;9072;10642;[193,67,112,48,10,1,2,129,8,84,122,107,174,118,105,99,141,17,45,15,173,18,25,120,24,197,26,9,109,20,146,49,147,65,92,142,130,22,38,34,3,94,75,12,165,153,187,127,39,73,87,76,50,53,93,23,30,134,58,86,181,82,101,151,54,158,121,6,117,98,78,110,81,52,108,74,183,192,135,79,185,148,167,61,59,36,46,5,41,133,96,157,138,178,152,56,66,126,198,159,140,19,51,29,154,156,160,71,69,190,43,128,85,164,111,83,40,124,150,139,33,13,172,195,182,37,60,35,88,145,189,194,31,171,116,57,186,113,196,89,162,106,119,28,4,97,131,0,199,62,102,115,14,114,55,155,184,161,80,137,177,169,191,11,104,180,163,170,95,91,90,125,149,32,68,63,100,7,175,143,27,16,136,144,70,168,64,103,21,72,77,188,179,176,42,47,132,166,123,44];True
1563;9103;10666;[193,67,112,48,10,1,2,129,8,84,122,107,101,118,105,99,106,17,45,15,173,18,25,120,24,197,26,9,109,20,146,49,147,65,92,142,130,22,38,34,3,94,75,12,165,153,187,127,39,73,87,76,50,53,93,27,30,134,58,86,181,82,23,151,54,158,121,6,117,98,78,110,81,52,108,74,183,83,135,79,185,148,167,61,59,36,46,5,41,133,96,157,138,178,152,56,66,126,198,159,140,19,131,29,154,156,160,71,69,190,43,128,85,164,111,192,40,124,150,139,33,13,172,195,182,37,60,35,88,145,189,194,31,171,116,57,186,113,196,89,162,141,119,28,4,97,51,0,199,62,102,115,14,114,55,155,184,161,80,137,177,169,191,11,104,180,163,170,95,91,90,125,149,32,68,63,100,7,175,143,174,16,136,144,70,168,64,103,21,72,77,188,179,176,42,47,132,166,123,44];True
1967;8715;10682;[4,67,193,48,10,1,91,129,8,84,122,107,174,19,21,99,16,77,112,60,56,18,62,120,24,197,26,9,109,20,3,2,121,25,92,49,130,22,38,34,124,94,75,12,165,153,187,127,39,73,87,76,50,53,93,23,30,134,58,86,181,82,101,151,54,158,199,6,117,98,78,110,81,52,182,28,162,192,135,79,185,148,167,61,59,36,46,131,41,133,96,157,138,178,164,173,66,126,198,159,140,118,186,29,154,160,156,71,108,146,43,128,85,152,111,83,69,64,150,139,33,13,172,195,40,37,15,35,88,145,189,194,31,171,116,57,0,113,196,89,5,141,119,74,183,97,51,72,147,65,102,115,14,45,55,155,184,161,80,114,177,169,191,11,104,180,163,170,95,137,90,125,149,32,68,63,100,7,175,143,27,106,136,144,70,168,17,103,105,142,190,188,179,176,42,47,132,166,123,44];True
1967;8715;10682;[4,67,193,48,10,1,91,129,8,84,122,107,174,19,21,99,16,77,112,60,56,18,62,120,24,197,26,9,109,20,3,2,121,25,92,49,130,22,38,34,124,94,75,12,165,153,187,127,39,73,87,76,50,53,93,23,30,134,58,86,181,82,101,151,54,158,199,6,117,98,78,110,81,52,182,28,162,192,135,79,185,148,167,61,59,36,46,131,41,133,96,157,138,178,164,173,66,126,198,159,140,118,186,29,154,160,156,71,108,146,43,128,85,152,111,83,69,64,150,139,33,13,172,195,40,37,15,35,88,145,189,194,31,171,116,57,0,113,196,89,5,141,119,74,183,97,51,72,147,65,102,115,14,45,55,155,184,161,80,114,177,169,191,11,104,180,163,170,95,137,90,125,149,32,68,63,100,7,175,143,27,106,136,144,70,168,17,103,105,142,190,188,179,176,42,47,132,166,123,44,];True
1513;9177;10690;[193,67,112,48,10,1,2,129,8,84,122,107,101,118,105,99,141,17,45,15,173,18,25,120,24,197,26,9,109,20,146,49,147,65,92,142,130,22,38,34,3,94,75,12,165,153,187,127,39,73,87,76,50,53,93,27,30,134,137,86,181,82,23,151,54,158,121,6,117,98,78,110,81,52,108,74,183,83,135,79,185,148,167,61,59,36,46,5,41,133,96,157,138,178,152,56,66,126,198,159,140,19,131,29,154,156,160,71,69,190,43,128,85,164,111,192,40,124,150,139,33,13,172,195,182,37,60,35,88,145,189,194,31,171,116,57,186,113,196,89,162,106,119,28,4,97,51,0,199,62,102,115,14,114,55,155,184,161,80,58,177,169,191,11,104,180,163,170,95,91,90,125,149,32,68,63,100,7,175,143,174,16,136,144,70,168,64,103,21,72,77,188,179,176,42,47,132,166,123,44];True
1985;8710;10695;[4,67,193,48,10,1,91,129,8,84,122,107,174,19,105,99,16,77,112,60,56,18,62,120,24,197,26,9,109,20,3,2,121,25,92,49,130,22,38,34,124,94,75,12,165,153,187,127,39,73,87,76,50,53,93,23,30,134,58,86,181,82,101,151,54,158,199,6,117,98,78,110,81,52,182,28,162,192,135,79,185,148,167,61,59,36,46,131,41,133,96,157,138,178,164,173,66,126,198,159,140,118,186,29,154,156,160,71,108,146,43,128,85,152,111,83,97,64,150,139,33,13,172,195,40,37,15,35,88,145,189,194,31,171,116,57,0,113,196,89,5,141,119,74,183,69,51,72,147,65,102,115,14,45,55,155,184,161,80,114,177,169,191,11,104,180,163,170,95,137,90,125,149,32,68,63,100,7,175,143,27,106,136,144,70,168,17,103,21,142,190,188,179,176,42,47,132,166,123,44];True
1985;8710;10695;[4,67,193,48,10,1,91,129,8,84,122,107,174,19,105,99,16,77,112,60,56,18,62,120,24,197,26,9,109,20,3,2,121,25,92,49,130,22,38,34,124,94,75,12,165,153,187,127,39,73,87,76,50,53,93,23,30,134,58,86,181,82,101,151,54,158,199,6,117,98,78,110,81,52,182,28,162,192,135,79,185,148,167,61,59,36,46,131,41,133,96,157,138,178,164,173,66,126,198,159,140,118,186,29,154,156,160,71,108,146,43,128,85,152,111,83,97,64,150,139,33,13,172,195,40,37,15,35,88,145,189,194,31,171,116,57,0,113,196,89,5,141,119,74,183,69,51,72,147,65,102,115,14,45,55,155,184,161,80,114,177,169,191,11,104,180,163,170,95,137,90,125,149,32,68,63,100,7,175,143,27,106,136,144,70,168,17,103,21,142,190,188,179,176,42,47,132,166,123,44,];True
1964;8733;10697;[4,67,193,48,10,1,91,129,8,84,122,107,174,19,21,99,16,77,112,60,56,18,62,120,24,197,26,9,109,20,3,2,121,25,92,49,130,22,38,34,124,94,75,12,165,153,187,127,39,73,87,76,50,53,93,23,30,134,58,86,181,82,101,151,54,158,199,6,117,98,78,110,81,52,182,28,162,192,135,79,185,148,167,61,59,36,46,131,41,133,96,157,138,178,164,173,66,126,198,159,140,118,186,29,154,156,160,71,108,146,43,128,85,152,111,83,69,64,150,139,33,13,172,195,40,37,15,35,88,145,189,194,31,171,116,57,0,113,196,89,5,141,119,74,183,97,51,72,147,65,102,115,14,45,55,155,184,143,80,114,177,169,191,11,104,180,163,170,95,137,90,125,149,32,68,63,100,7,175,161,27,106,136,144,70,168,17,103,105,142,190,188,179,176,42,47,132,166,123,44];True
1964;8733;10697;[4,67,193,48,10,1,91,129,8,84,122,107,174,19,21,99,16,77,112,60,56,18,62,120,24,197,26,9,109,20,3,2,121,25,92,49,130,22,38,34,124,94,75,12,165,153,187,127,39,73,87,76,50,53,93,23,30,134,58,86,181,82,101,151,54,158,199,6,117,98,78,110,81,52,182,28,162,192,135,79,185,148,167,61,59,36,46,131,41,133,96,157,138,178,164,173,66,126,198,159,140,118,186,29,154,156,160,71,108,146,43,128,85,152,111,83,69,64,150,139,33,13,172,195,40,37,15,35,88,145,189,194,31,171,116,57,0,113,196,89,5,141,119,74,183,97,51,72,147,65,102,115,14,45,55,155,184,143,80,114,177,169,191,11,104,180,163,170,95,137,90,125,149,32,68,63,100,7,175,161,27,106,136,144,70,168,17,103,105,142,190,188,179,176,42,47,132,166,123,44,];True
1956;8744;10700;[4,67,193,48,10,1,91,129,8,84,122,107,174,19,21,99,16,77,112,60,56,18,62,120,24,197,26,9,109,20,3,2,121,25,92,49,130,22,38,34,124,94,75,12,165,153,187,127,39,73,87,76,50,53,93,23,30,134,58,86,181,82,101,151,54,158,199,6,117,98,78,110,81,52,182,28,162,192,135,79,185,148,167,61,59,36,46,131,41,133,96,157,138,178,164,173,66,126,198,159,140,118,186,29,154,156,160,71,108,146,43,128,85,152,111,83,69,64,150,139,33,13,172,195,40,37,15,35,88,145,189,194,31,171,116,57,0,113,196,89,5,141,119,74,183,97,51,72,147,65,102,115,14,45,55,155,184,161,80,114,177,169,191,11,104,180,163,170,95,137,90,125,149,32,68,63,100,7,175,143,27,106,136,144,70,168,17,103,105,142,190,188,179,176,42,47,132,166,123,44];True
1956;8744;10700;[4,67,193,48,10,1,91,129,8,84,122,107,174,19,21,99,16,77,112,60,56,18,62,120,24,197,26,9,109,20,3,2,121,25,92,49,130,22,38,34,124,94,75,12,165,153,187,127,39,73,87,76,50,53,93,23,30,134,58,86,181,82,101,151,54,158,199,6,117,98,78,110,81,52,182,28,162,192,135,79,185,148,167,61,59,36,46,131,41,133,96,157,138,178,164,173,66,126,198,159,140,118,186,29,154,156,160,71,108,146,43,128,85,152,111,83,69,64,150,139,33,13,172,195,40,37,15,35,88,145,189,194,31,171,116,57,0,113,196,89,5,141,119,74,183,97,51,72,147,65,102,115,14,45,55,155,184,161,80,114,177,169,191,11,104,180,163,170,95,137,90,125,149,32,68,63,100,7,175,143,27,106,136,144,70,168,17,103,105,142,190,188,179,176,42,47,132,166,123,44,];True
1996;8706;10702;[4,67,193,48,10,1,91,129,8,84,122,73,174,19,105,99,16,77,112,60,56,18,62,120,24,197,26,9,109,20,3,2,121,25,92,49,130,22,38,34,124,94,75,12,165,153,187,127,39,107,87,76,50,53,93,23,30,134,58,86,181,82,101,151,54,158,199,6,117,98,78,110,81,52,182,28,162,192,135,79,185,148,167,61,59,36,46,131,41,133,96,157,138,178,164,173,66,126,198,159,140,118,186,29,154,156,160,71,108,146,43,128,85,152,111,83,69,64,150,139,33,13,172,195,40,37,15,35,88,145,189,194,31,171,116,57,0,113,196,89,5,141,119,74,183,97,51,72,147,65,102,115,14,45,55,155,184,161,80,114,177,169,191,11,104,180,163,170,95,137,90,125,149,32,68,63,100,7,175,143,27,106,136,144,70,168,17,103,21,142,190,188,179,176,42,47,132,166,123,44];True
1996;8706;10702;[4,67,193,48,10,1,91,129,8,84,122,73,174,19,105,99,16,77,112,60,56,18,62,120,24,197,26,9,109,20,3,2,121,25,92,49,130,22,38,34,124,94,75,12,165,153,187,127,39,107,87,76,50,53,93,23,30,134,58,86,181,82,101,151,54,158,199,6,117,98,78,110,81,52,182,28,162,192,135,79,185,148,167,61,59,36,46,131,41,133,96,157,138,178,164,173,66,126,198,159,140,118,186,29,154,156,160,71,108,146,43,128,85,152,111,83,69,64,150,139,33,13,172,195,40,37,15,35,88,145,189,194,31,171,116,57,0,113,196,89,5,141,119,74,183,97,51,72,147,65,102,115,14,45,55,155,184,161,80,114,177,169,191,11,104,180,163,170,95,137,90,125,149,32,68,63,100,7,175,143,27,106,136,144,70,168,17,103,21,142,190,188,179,176,42,47,132,166,123,44,];True
1951;8752;10703;[4,67,193,48,10,1,91,129,8,84,122,107,174,19,105,99,16,77,112,60,125,18,62,120,24,197,26,9,109,20,3,2,121,25,92,49,130,22,38,34,124,94,75,12,165,153,187,127,39,73,87,76,50,53,93,23,30,134,58,86,181,82,101,151,54,158,199,6,117,98,78,110,81,52,182,28,162,192,135,79,185,148,167,61,59,36,46,131,41,133,96,157,138,178,164,173,66,126,198,159,140,118,186,29,154,156,160,71,108,146,43,128,85,152,111,83,69,64,150,139,33,13,172,195,40,37,15,35,88,145,189,194,31,171,116,57,0,113,196,89,5,141,119,74,183,97,51,72,147,65,102,115,14,45,55,155,184,161,80,114,177,169,191,11,104,180,163,170,95,137,90,56,149,32,68,63,100,7,175,143,27,106,136,144,70,168,17,103,21,142,190,188,179,176,42,47,132,166,123,44];True
1951;8752;10703;[4,67,193,48,10,1,91,129,8,84,122,107,174,19,105,99,16,77,112,60,125,18,62,120,24,197,26,9,109,20,3,2,121,25,92,49,130,22,38,34,124,94,75,12,165,153,187,127,39,73,87,76,50,53,93,23,30,134,58,86,181,82,101,151,54,158,199,6,117,98,78,110,81,52,182,28,162,192,135,79,185,148,167,61,59,36,46,131,41,133,96,157,138,178,164,173,66,126,198,159,140,118,186,29,154,156,160,71,108,146,43,128,85,152,111,83,69,64,150,139,33,13,172,195,40,37,15,35,88,145,189,194,31,171,116,57,0,113,196,89,5,141,119,74,183,97,51,72,147,65,102,115,14,45,55,155,184,161,80,114,177,169,191,11,104,180,163,170,95,137,90,56,149,32,68,63,100,7,175,143,27,106,136,144,70,168,17,103,21,142,190,188,179,176,42,47,132,166,123,44,];True
1941;8767;10708;[4,67,193,48,10,1,91,129,8,84,122,107,174,19,105,99,16,77,112,60,56,18,62,120,24,197,26,9,109,20,3,2,121,25,92,49,130,22,38,34,124,94,75,12,165,153,187,127,39,73,87,76,50,53,93,23,30,134,58,86,181,82,101,151,54,158,199,6,117,98,78,110,81,52,182,28,162,192,135,79,185,148,167,61,59,36,46,131,41,133,96,157,138,178,164,173,66,126,198,159,140,118,186,29,154,156,160,71,108,146,43,128,85,152,111,83,69,64,150,139,33,13,172,195,40,37,15,35,88,145,189,194,31,171,116,57,0,113,196,89,5,141,119,74,183,97,51,72,147,65,102,115,14,45,55,155,184,161,80,114,177,169,191,11,104,180,163,170,95,137,90,125,149,32,68,63,100,7,175,143,27,106,136,144,70,168,17,103,21,142,190,188,179,176,42,47,132,166,123,44];True
1941;8767;10708;[4,67,193,48,10,1,91,129,8,84,122,107,174,19,105,99,16,77,112,60,56,18,62,120,24,197,26,9,109,20,3,2,121,25,92,49,130,22,38,34,124,94,75,12,165,153,187,127,39,73,87,76,50,53,93,23,30,134,58,86,181,82,101,151,54,158,199,6,117,98,78,110,81,52,182,28,162,192,135,79,185,148,167,61,59,36,46,131,41,133,96,157,138,178,164,173,66,126,198,159,140,118,186,29,154,156,160,71,108,146,43,128,85,152,111,83,69,64,150,139,33,13,172,195,40,37,15,35,88,145,189,194,31,171,116,57,0,113,196,89,5,141,119,74,183,97,51,72,147,65,102,115,14,45,55,155,184,161,80,114,177,169,191,11,104,180,163,170,95,137,90,125,149,32,68,63,100,7,175,143,27,106,136,144,70,168,17,103,21,142,190,188,179,176,42,47,132,166,123,44,];True
1940;8770;10710;[4,67,193,48,10,1,91,129,8,84,122,107,174,19,105,99,16,77,112,60,56,18,62,120,24,197,26,9,109,20,3,2,121,25,92,49,130,22,38,34,124,94,75,12,165,153,187,127,39,73,87,76,50,53,93,23,30,134,58,86,181,82,101,151,54,158,199,6,117,98,78,110,81,52,182,28,162,192,135,79,185,148,167,61,59,36,46,131,41,133,96,157,138,178,164,173,66,126,198,159,140,118,186,29,154,156,160,71,108,146,43,128,85,152,111,83,69,64,150,139,33,13,172,195,40,37,15,35,88,0,189,194,31,171,116,57,145,113,196,89,5,141,119,74,183,97,51,72,147,65,102,115,14,45,55,155,184,161,80,114,177,169,191,11,104,180,163,170,95,137,90,125,149,32,68,63,100,7,175,143,27,106,136,144,70,168,17,103,21,142,190,188,179,176,42,47,132,166,123,44];True
1940;8770;10710;[4,67,193,48,10,1,91,129,8,84,122,107,174,19,105,99,16,77,112,60,56,18,62,120,24,197,26,9,109,20,3,2,121,25,92,49,130,22,38,34,124,94,75,12,165,153,187,127,39,73,87,76,50,53,93,23,30,134,58,86,181,82,101,151,54,158,199,6,117,98,78,110,81,52,182,28,162,192,135,79,185,148,167,61,59,36,46,131,41,133,96,157,138,178,164,173,66,126,198,159,140,118,186,29,154,156,160,71,108,146,43,128,85,152,111,83,69,64,150,139,33,13,172,195,40,37,15,35,88,0,189,194,31,171,116,57,145,113,196,89,5,141,119,74,183,97,51,72,147,65,102,115,14,45,55,155,184,161,80,114,177,169,191,11,104,180,163,170,95,137,90,125,149,32,68,63,100,7,175,143,27,106,136,144,70,168,17,103,21,142,190,188,179,176,42,47,132,166,123,44,];True
1510;9201;10711;[193,67,112,48,10,1,2,129,8,84,122,107,101,118,105,99,141,17,45,15,173,18,25,120,24,197,26,9,109,20,146,49,147,65,92,142,130,22,38,34,3,94,75,12,165,153,187,127,39,73,87,76,50,53,93,27,30,134,58,86,181,82,23,151,54,158,121,6,117,98,78,110,81,52,108,74,183,83,135,79,185,148,167,61,59,36,46,5,41,133,96,157,138,178,152,56,66,126,198,159,140,19,131,29,154,156,160,71,69,190,43,128,85,164,111,192,40,124,150,139,33,13,172,195,182,149,60,35,88,145,189,194,31,171,116,57,186,113,196,89,162,106,119,28,4,97,51,0,199,62,102,115,14,114,55,155,184,161,80,137,177,169,191,11,104,180,163,170,95,91,90,125,37,32,68,63,100,7,175,143,174,16,136,144,70,168,64,103,21,72,77,188,179,176,42,47,132,166,123,44];True
1939;8774;10713;[4,67,193,48,10,1,2,129,8,84,122,107,174,19,105,99,16,77,112,60,56,18,62,120,24,197,26,9,109,20,3,91,121,25,92,49,130,22,38,34,124,94,75,12,165,153,187,127,39,73,87,76,50,53,93,23,30,134,58,86,181,82,101,151,54,158,199,6,117,98,78,110,81,52,182,28,162,192,135,79,185,148,167,61,59,36,46,131,41,133,96,157,138,178,164,173,66,126,198,159,140,118,186,29,154,156,160,71,108,146,43,128,85,152,111,83,69,64,150,139,33,13,172,195,40,37,15,35,88,145,189,194,31,171,116,57,0,113,196,89,5,141,119,74,183,97,51,72,147,65,102,115,14,45,55,155,184,161,80,114,177,169,191,11,104,180,163,170,95,137,90,125,149,32,68,63,100,7,175,143,27,106,136,144,70,168,17,103,21,142,190,188,179,176,42,47,132,166,123,44];True
1939;8774;10713;[4,67,193,48,10,1,2,129,8,84,122,107,174,19,105,99,16,77,112,60,56,18,62,120,24,197,26,9,109,20,3,91,121,25,92,49,130,22,38,34,124,94,75,12,165,153,187,127,39,73,87,76,50,53,93,23,30,134,58,86,181,82,101,151,54,158,199,6,117,98,78,110,81,52,182,28,162,192,135,79,185,148,167,61,59,36,46,131,41,133,96,157,138,178,164,173,66,126,198,159,140,118,186,29,154,156,160,71,108,146,43,128,85,152,111,83,69,64,150,139,33,13,172,195,40,37,15,35,88,145,189,194,31,171,116,57,0,113,196,89,5,141,119,74,183,97,51,72,147,65,102,115,14,45,55,155,184,161,80,114,177,169,191,11,104,180,163,170,95,137,90,125,149,32,68,63,100,7,175,143,27,106,136,144,70,168,17,103,21,142,190,188,179,176,42,47,132,166,123,44,];True
1508;9208;10716;[193,67,112,48,10,1,2,129,8,84,122,107,101,118,105,99,141,17,45,15,173,18,25,120,24,197,26,9,109,20,146,49,147,65,92,142,130,22,38,34,3,94,75,12,165,153,187,127,39,73,87,76,50,53,93,27,30,134,58,86,181,82,23,151,54,158,121,6,117,98,78,110,81,52,108,74,183,83,135,79,185,148,167,61,59,36,46,5,41,133,96,157,138,178,152,56,66,126,198,159,140,19,131,29,154,156,160,71,69,190,43,128,85,164,111,192,40,124,150,139,33,13,172,195,182,37,60,35,88,145,189,194,31,171,116,57,186,113,196,89,162,106,119,28,4,97,51,0,199,62,102,115,14,114,55,155,184,161,80,137,177,169,191,11,104,180,163,170,95,91,90,125,149,32,68,63,100,7,175,143,174,16,136,144,70,168,64,103,21,72,77,188,179,176,42,47,132,166,123,44];True
2037;8681;10718;[4,67,193,48,10,1,91,129,8,84,122,107,174,19,105,99,16,77,112,176,56,18,62,120,24,197,26,9,109,20,3,2,121,25,92,49,130,22,38,34,124,94,75,12,165,153,187,127,39,73,87,76,50,53,93,23,30,134,58,86,181,82,101,151,54,158,199,6,117,98,78,110,81,52,182,28,162,192,135,79,185,148,167,61,59,36,46,131,41,133,96,157,138,178,164,173,66,126,198,159,140,118,186,29,154,156,160,71,108,146,43,128,85,152,111,83,69,64,150,139,33,13,172,195,40,37,15,35,88,145,189,194,31,171,116,57,0,113,196,89,5,141,119,74,183,97,51,72,147,65,102,115,14,45,55,155,184,161,80,114,177,169,191,11,104,180,163,170,95,137,90,125,149,32,68,63,100,7,175,143,27,106,136,144,70,168,17,103,21,142,190,188,179,60,42,47,132,166,123,44,];True
2037;8681;10718;[4,67,193,48,10,1,91,129,8,84,122,107,174,19,105,99,16,77,112,176,56,18,62,120,24,197,26,9,109,20,3,2,121,25,92,49,130,22,38,34,124,94,75,12,165,153,187,127,39,73,87,76,50,53,93,23,30,134,58,86,181,82,101,151,54,158,199,6,117,98,78,110,81,52,182,28,162,192,135,79,185,148,167,61,59,36,46,131,41,133,96,157,138,178,164,173,66,126,198,159,140,118,186,29,154,156,160,71,108,146,43,128,85,152,111,83,69,64,150,139,33,13,172,195,40,37,15,35,88,145,189,194,31,171,116,57,0,113,196,89,5,141,119,74,183,97,51,72,147,65,102,115,14,45,55,155,184,161,80,114,177,169,191,11,104,180,163,170,95,137,90,125,149,32,68,63,100,7,175,143,27,106,136,144,70,168,17,103,21,142,190,188,179,60,42,47,132,166,123,44];True
1662;9057;10719;[49,67,112,48,10,1,2,129,8,84,122,107,174,19,105,99,106,17,193,15,173,18,25,120,24,197,26,9,109,20,146,114,147,65,92,142,130,22,38,34,64,94,75,12,165,153,187,127,39,73,87,76,50,53,93,23,30,134,58,86,181,82,101,151,54,158,121,6,117,98,78,110,81,52,108,74,183,192,135,79,185,148,167,61,59,36,46,5,41,133,96,157,138,178,152,56,66,126,198,159,140,118,131,29,154,156,160,71,69,190,43,128,85,164,111,83,40,124,150,139,33,13,172,195,182,149,60,35,88,145,189,194,31,171,116,57,186,113,196,89,162,141,119,28,4,97,51,0,199,62,102,115,14,45,55,155,184,161,80,137,177,169,191,11,104,180,163,170,95,91,90,125,37,32,68,63,100,7,175,143,27,16,136,144,70,168,3,103,21,72,77,188,179,176,42,47,132,166,123,44];True
1684;9039;10723;[49,67,112,48,10,1,2,129,8,84,122,107,174,19,105,99,141,17,193,15,173,18,25,120,24,197,26,9,109,20,146,114,147,65,92,142,130,22,38,34,3,94,75,12,165,153,187,127,39,73,87,76,50,53,93,23,30,134,58,86,181,82,101,151,54,158,121,6,117,98,78,110,81,52,108,74,183,192,135,79,185,148,167,61,59,36,46,5,41,133,96,157,138,178,152,56,66,126,198,159,140,118,51,29,154,156,160,71,69,190,43,128,85,164,111,83,40,124,150,139,33,13,172,195,182,149,60,35,88,145,189,194,31,171,116,57,186,113,196,89,162,106,119,28,4,97,131,0,199,62,102,115,14,45,55,155,184,161,80,137,177,169,191,11,104,180,163,170,95,91,90,125,37,32,68,63,100,7,175,143,27,16,136,144,70,168,64,103,21,72,77,188,179,176,42,47,132,166,123,44];True
1930;8796;10726;[4,67,193,48,10,1,2,129,8,84,122,107,174,183,105,99,16,77,112,60,56,18,62,120,24,197,26,9,109,20,3,91,121,25,92,49,130,22,38,34,64,94,75,12,165,153,187,127,39,73,87,76,50,53,93,23,30,134,58,86,181,82,101,151,54,158,199,6,117,98,78,110,81,52,69,28,162,192,135,79,185,148,167,61,59,36,46,131,41,133,96,157,138,178,164,173,66,126,198,159,140,118,186,29,154,156,160,71,108,146,43,128,85,152,111,83,182,124,150,139,33,13,172,195,40,37,15,35,88,145,189,194,31,171,116,57,0,113,196,89,5,141,119,74,19,97,51,72,147,65,102,115,14,45,55,155,184,161,80,114,177,169,191,11,104,180,163,170,95,137,90,125,149,32,68,63,100,7,175,143,27,106,136,144,70,168,17,103,21,142,190,188,179,176,42,47,132,166,123,44];True
1855;8871;10726;[4,67,193,48,10,1,2,129,8,84,122,107,174,19,105,99,106,77,112,60,173,18,62,120,24,197,26,9,109,20,3,114,121,25,92,49,130,22,38,34,64,94,75,12,165,153,187,127,39,73,87,76,50,53,93,23,30,134,58,86,181,82,101,151,54,158,199,6,117,98,78,110,81,52,69,28,162,192,135,79,185,148,167,61,59,36,46,131,41,133,96,157,138,178,152,56,66,126,198,159,140,118,186,29,154,156,160,71,108,146,43,128,85,164,111,83,40,124,150,139,33,13,172,195,182,37,15,35,88,145,189,194,31,171,116,57,0,113,196,89,5,141,119,74,183,97,51,72,147,65,102,115,14,45,55,155,184,161,80,137,177,169,191,11,104,180,163,170,95,91,90,125,149,32,68,63,100,7,175,143,27,16,136,144,70,168,17,103,21,142,190,188,179,176,42,47,132,166,123,44];True
1918;8820;10738;[4,67,193,48,10,1,2,129,8,84,122,107,174,19,105,99,16,77,112,60,56,18,62,120,24,197,26,9,109,20,3,91,121,25,92,49,130,22,38,34,64,94,75,12,165,153,187,127,39,73,87,76,50,53,93,23,30,134,58,86,181,82,101,151,54,158,199,6,117,98,78,110,81,52,69,28,162,192,135,79,185,148,167,61,59,36,46,131,41,133,96,157,138,178,164,173,66,126,198,159,140,118,186,29,154,156,160,71,108,146,43,128,85,152,111,83,182,124,150,139,33,13,172,195,40,37,15,35,88,145,189,194,31,171,116,57,0,113,196,89,5,141,119,74,183,97,51,72,147,65,102,115,14,45,55,155,184,161,80,114,177,169,191,11,104,180,163,170,95,137,90,125,149,32,68,63,100,7,175,143,27,106,136,144,70,168,17,103,21,142,190,188,179,176,42,47,132,166,123,44];True
1713;9028;10741;[49,67,112,48,10,1,2,129,8,84,122,107,174,19,105,99,141,17,193,15,173,18,25,120,24,197,26,9,109,20,146,114,147,65,92,142,130,22,38,34,135,94,75,12,165,153,187,127,39,73,87,76,50,53,93,23,30,134,58,86,181,82,101,151,54,158,121,6,117,98,78,110,81,52,108,28,162,192,64,79,185,148,167,61,59,36,46,5,41,133,96,157,138,178,152,56,66,126,198,159,140,118,131,29,154,156,160,71,69,190,43,128,85,164,111,83,40,124,150,139,33,13,172,195,182,149,60,35,88,145,189,194,31,171,116,57,186,113,196,89,4,106,119,74,183,97,51,0,199,62,102,115,14,45,55,155,184,161,80,137,177,169,191,11,104,180,163,170,95,91,90,125,37,32,68,63,100,7,175,143,27,16,136,144,70,168,3,103,21,72,77,188,179,176,42,47,132,166,123,44];True
1907;8836;10743;[4,67,193,48,10,1,2,129,8,84,122,107,174,19,105,99,16,77,112,60,56,18,62,120,24,197,26,9,109,20,3,91,121,25,92,49,130,22,38,34,64,94,75,12,165,153,187,127,39,73,87,76,50,53,93,23,30,134,58,86,181,82,101,151,54,158,199,6,117,98,78,110,81,52,69,28,162,192,135,79,185,148,167,61,59,36,46,131,41,133,96,157,138,178,164,173,66,126,198,159,140,118,186,29,154,156,160,71,108,146,43,128,85,152,111,83,40,124,150,139,33,13,172,195,182,37,15,35,88,145,189,194,31,171,116,57,0,113,196,89,5,141,119,74,183,97,51,72,147,65,102,115,14,45,55,155,184,161,80,114,177,169,191,11,104,180,163,170,95,137,90,125,149,32,68,63,100,7,175,143,27,106,136,144,70,168,17,103,21,142,190,188,179,176,42,47,132,166,123,44];True
1929;8817;10746;[4,67,193,48,10,1,2,129,8,84,122,107,174,19,105,99,16,77,112,60,56,18,62,120,24,197,26,9,109,20,3,91,121,25,92,49,130,22,38,34,64,94,75,12,165,153,187,127,39,73,87,76,50,53,93,23,30,134,58,86,181,82,101,151,54,158,199,6,117,98,78,110,81,52,69,28,162,192,135,79,185,148,167,61,59,36,46,131,41,133,96,157,138,178,164,173,66,126,198,159,140,118,186,29,154,156,160,71,108,146,43,128,85,137,111,83,182,124,150,139,33,13,172,195,40,37,15,35,88,145,189,194,31,171,116,57,0,113,196,89,5,141,119,74,183,97,51,72,147,65,102,115,14,45,55,155,184,161,80,114,177,169,191,11,104,180,163,170,95,152,90,125,149,32,68,63,100,7,175,143,27,106,136,144,70,168,17,103,21,142,190,188,179,176,42,47,132,166,123,44];True
1735;9018;10753;[49,67,112,48,10,1,2,129,8,84,122,107,174,19,105,99,141,17,193,15,173,18,25,120,24,197,26,9,109,20,146,114,147,65,92,142,130,22,38,34,64,94,75,12,165,153,187,127,39,73,87,76,50,53,93,23,30,134,58,86,181,82,101,151,54,158,121,6,117,98,78,110,81,52,108,28,4,192,135,79,185,148,167,61,59,36,46,5,41,133,96,157,138,178,152,56,66,126,198,159,140,118,131,29,154,156,160,71,69,190,43,128,85,164,111,83,40,124,150,139,33,13,172,195,182,149,60,35,88,145,189,194,31,171,116,57,186,113,196,89,162,106,51,74,183,97,119,0,199,62,102,115,14,45,55,155,184,161,80,137,177,169,191,11,104,180,163,170,95,91,90,125,37,32,68,63,100,7,175,143,27,16,136,144,70,168,3,103,21,72,77,188,179,176,42,47,132,166,123,44];True
1781;9001;10782;[49,67,112,48,10,1,2,129,8,84,122,107,174,19,105,99,141,119,193,15,173,18,25,120,24,197,26,9,109,20,146,114,147,65,92,142,130,22,38,34,64,94,75,12,165,153,187,127,39,73,87,76,50,53,93,23,30,134,58,86,181,82,101,151,54,158,121,6,117,98,78,110,81,52,108,28,162,192,135,79,185,148,167,61,59,36,46,5,41,133,96,157,138,178,152,56,66,131,198,159,140,118,126,29,154,156,160,71,69,190,43,128,85,164,111,83,40,124,150,139,33,13,172,195,182,149,60,35,88,145,189,194,31,171,116,57,186,113,196,89,4,106,17,74,183,97,51,72,199,62,102,115,14,45,55,155,184,161,80,137,177,169,191,11,104,180,163,170,95,91,90,125,37,32,68,63,100,7,175,143,27,16,136,144,70,168,3,103,21,0,77,188,179,176,42,47,132,166,123,44];True
1778;9009;10787;[49,67,112,48,10,1,2,129,8,84,122,107,174,19,105,99,73,17,193,15,173,18,25,120,24,197,26,9,109,20,146,114,147,65,92,142,130,22,38,34,64,94,75,12,165,153,187,127,39,141,87,76,50,53,93,23,30,134,58,86,181,82,101,151,54,158,121,6,117,98,78,110,81,52,108,28,162,192,135,79,185,148,167,61,59,36,46,5,41,133,96,157,138,178,152,56,66,131,198,159,140,118,126,29,154,156,160,71,69,190,43,128,85,164,111,83,40,124,150,139,33,13,172,195,182,149,60,35,88,145,189,194,31,171,116,57,186,113,196,89,4,106,119,74,183,97,51,72,199,62,102,115,14,45,55,155,184,161,80,137,177,169,191,11,104,180,163,170,95,91,90,125,37,32,68,63,100,7,175,143,27,16,136,144,70,168,3,103,21,0,77,188,179,176,42,47,132,166,123,44];True
1800;8994;10794;[4,67,112,48,10,1,2,129,8,84,122,107,174,19,105,99,141,77,193,15,173,18,62,120,24,197,26,9,109,20,3,114,121,25,92,49,130,22,38,34,64,94,75,12,165,153,187,127,39,73,87,76,50,53,93,23,30,134,58,86,181,82,101,151,54,158,199,6,117,98,78,110,81,52,69,28,162,192,135,79,185,148,167,61,59,36,46,131,41,133,96,157,138,178,152,56,66,126,198,159,140,118,186,29,154,156,160,71,108,146,43,128,85,164,111,83,40,124,150,139,33,13,172,195,182,37,60,35,88,145,189,194,31,171,116,57,0,113,196,89,5,106,119,74,183,97,51,72,147,65,102,115,14,45,55,155,184,161,80,137,177,169,191,11,104,180,163,170,95,91,90,125,149,32,68,63,100,7,175,143,27,16,136,144,70,168,17,103,21,142,190,188,179,176,42,47,132,166,123,44];True
1829;8968;10797;[4,67,112,48,10,1,2,129,8,84,122,107,174,19,105,99,141,77,193,15,173,18,62,120,24,197,26,9,109,20,3,114,121,25,92,49,130,22,38,34,64,94,75,12,165,153,187,127,39,73,87,76,50,53,93,23,30,134,58,86,181,82,101,151,54,158,199,6,117,98,78,110,81,52,69,28,162,135,192,79,185,148,167,61,59,36,46,131,41,133,96,157,138,178,152,56,66,126,198,159,140,118,186,29,154,156,160,71,108,146,43,128,85,164,111,83,40,124,150,139,33,13,172,195,182,37,60,35,88,145,189,194,31,171,116,57,0,113,196,89,5,106,119,74,183,97,51,72,147,65,102,115,14,45,55,155,184,161,80,137,177,169,191,11,104,180,163,170,95,91,90,125,149,32,68,63,100,7,175,143,27,16,136,144,70,168,17,103,21,142,190,188,179,176,42,47,132,166,123,44];True
5048;8066;13114;[198,174,190,32,189,130,6,38,61,163,199,49,12,112,167,15,16,4,147,28,24,150,20,9,176,3,157,183,37,138,126,115,1,74,34,35,93,194,8,154,166,113,188,55,44,45,131,185,68,123,50,86,52,91,69,164,53,59,11,57,132,75,175,62,120,89,2,67,56,10,90,88,156,73,41,114,47,165,153,26,172,60,145,196,84,85,66,118,124,51,29,191,197,168,14,187,128,27,178,33,100,111,122,151,139,105,180,107,148,30,64,96,76,134,99,173,116,63,42,80,169,142,19,81,25,125,192,127,101,129,43,181,186,170,103,143,136,137,18,0,146,48,92,82,144,121,162,171,149,193,78,98,39,94,46,155,17,21,108,159,109,135,140,106,65,87,13,95,152,22,133,7,77,83,117,102,110,177,40,179,58,161,182,36,195,79,158,54,119,72,71,23,5,141,97,184,70,104,31,160];True
5048;8066;13114;[198,174,190,32,189,130,6,38,61,163,199,49,12,112,167,15,16,4,147,28,24,150,20,9,176,3,157,183,37,138,126,115,1,74,34,35,93,194,8,154,166,113,188,55,44,45,131,185,68,123,50,86,52,91,69,164,53,59,11,57,132,75,175,62,120,89,2,67,56,10,90,88,156,73,41,114,47,165,153,26,172,60,145,196,84,85,66,118,124,51,29,191,197,168,14,187,128,27,178,33,100,111,122,151,139,105,180,107,148,30,64,96,76,134,99,173,116,63,42,80,169,142,19,81,25,125,192,127,101,129,43,181,186,170,103,143,136,137,18,0,146,48,92,82,144,121,162,171,149,193,78,98,39,94,46,155,17,21,108,159,109,135,140,106,65,87,13,95,152,22,133,7,77,83,117,102,110,177,40,179,58,161,182,36,195,79,158,54,119,72,71,23,5,141,97,184,70,104,31,160,];True
5047;8080;13127;[198,174,190,32,189,130,6,38,61,163,199,49,12,112,167,15,16,4,147,28,24,150,20,9,176,3,157,183,37,138,126,115,1,74,34,35,93,194,8,154,166,113,88,55,44,45,131,185,68,123,50,86,52,91,69,164,53,59,11,57,132,75,175,62,120,89,2,67,56,10,90,188,156,73,41,114,47,165,153,26,172,60,145,196,84,85,66,118,124,51,29,191,197,168,14,187,128,27,178,33,100,111,122,151,139,105,180,107,148,30,64,96,76,134,99,173,116,63,42,80,169,142,19,81,25,125,192,127,101,129,43,181,186,170,103,143,136,137,18,0,146,48,92,82,144,121,162,171,149,193,78,98,39,94,46,155,17,21,108,159,109,135,140,106,65,87,13,95,152,22,133,7,77,83,117,102,110,177,40,179,58,161,182,36,195,79,158,54,119,72,71,23,5,141,97,184,70,104,31,160,];True
5047;8080;13127;[198,174,190,32,189,130,6,38,61,163,199,49,12,112,167,15,16,4,147,28,24,150,20,9,176,3,157,183,37,138,126,115,1,74,34,35,93,194,8,154,166,113,88,55,44,45,131,185,68,123,50,86,52,91,69,164,53,59,11,57,132,75,175,62,120,89,2,67,56,10,90,188,156,73,41,114,47,165,153,26,172,60,145,196,84,85,66,118,124,51,29,191,197,168,14,187,128,27,178,33,100,111,122,151,139,105,180,107,148,30,64,96,76,134,99,173,116,63,42,80,169,142,19,81,25,125,192,127,101,129,43,181,186,170,103,143,136,137,18,0,146,48,92,82,144,121,162,171,149,193,78,98,39,94,46,155,17,21,108,159,109,135,140,106,65,87,13,95,152,22,133,7,77,83,117,102,110,177,40,179,58,161,182,36,195,79,158,54,119,72,71,23,5,141,97,184,70,104,31,160];True
5165;8047;13212;[198,174,190,32,189,130,6,38,61,163,199,49,97,112,167,15,16,4,147,28,24,150,20,9,176,3,157,183,37,138,126,115,1,74,34,35,93,194,8,154,166,113,188,55,44,45,131,185,68,123,50,86,52,91,69,164,53,59,11,57,132,75,175,62,120,89,2,67,56,10,90,88,156,73,41,114,47,165,153,26,172,60,145,196,84,85,66,118,124,51,29,191,197,168,14,187,128,27,178,33,100,111,122,151,139,105,180,107,148,30,64,96,76,134,99,173,116,63,42,80,169,142,19,81,25,125,192,127,101,129,43,181,186,170,103,143,136,137,18,0,146,48,92,82,144,121,162,171,149,193,78,98,39,94,46,155,17,21,108,159,109,135,140,106,65,87,13,95,152,22,133,7,77,83,117,102,110,177,40,179,58,161,182,36,195,79,158,54,119,72,71,23,5,141,12,184,70,104,31,160];True
5165;8047;13212;[198,174,190,32,189,130,6,38,61,163,199,49,97,112,167,15,16,4,147,28,24,150,20,9,176,3,157,183,37,138,126,115,1,74,34,35,93,194,8,154,166,113,188,55,44,45,131,185,68,123,50,86,52,91,69,164,53,59,11,57,132,75,175,62,120,89,2,67,56,10,90,88,156,73,41,114,47,165,153,26,172,60,145,196,84,85,66,118,124,51,29,191,197,168,14,187,128,27,178,33,100,111,122,151,139,105,180,107,148,30,64,96,76,134,99,173,116,63,42,80,169,142,19,81,25,125,192,127,101,129,43,181,186,170,103,143,136,137,18,0,146,48,92,82,144,121,162,171,149,193,78,98,39,94,46,155,17,21,108,159,109,135,140,106,65,87,13,95,152,22,133,7,77,83,117,102,110,177,40,179,58,161,182,36,195,79,158,54,119,72,71,23,5,141,12,184,70,104,31,160,];True
5232;8038;13270;[198,174,190,32,189,130,6,38,61,163,199,49,12,112,167,15,99,4,147,28,24,150,20,9,176,3,157,183,37,138,126,115,1,74,34,35,93,194,8,154,166,113,188,55,44,45,131,185,68,123,50,86,52,91,69,164,53,59,11,57,132,75,175,62,120,89,2,67,56,10,90,88,156,73,41,114,47,165,153,26,172,60,145,196,84,85,66,118,124,51,29,191,197,168,14,187,128,27,178,33,100,111,122,151,139,105,180,107,148,30,64,96,76,134,16,173,116,63,42,80,169,142,19,81,25,125,192,127,101,129,43,181,186,170,103,143,136,137,18,0,146,48,92,82,144,121,162,171,149,193,78,98,39,94,46,155,17,21,108,159,109,135,140,106,65,87,13,95,152,22,133,7,77,79,117,102,110,177,40,179,58,161,182,36,195,83,158,54,119,72,71,23,5,141,97,184,70,104,31,160];True
5232;8038;13270;[198,174,190,32,189,130,6,38,61,163,199,49,12,112,167,15,99,4,147,28,24,150,20,9,176,3,157,183,37,138,126,115,1,74,34,35,93,194,8,154,166,113,188,55,44,45,131,185,68,123,50,86,52,91,69,164,53,59,11,57,132,75,175,62,120,89,2,67,56,10,90,88,156,73,41,114,47,165,153,26,172,60,145,196,84,85,66,118,124,51,29,191,197,168,14,187,128,27,178,33,100,111,122,151,139,105,180,107,148,30,64,96,76,134,16,173,116,63,42,80,169,142,19,81,25,125,192,127,101,129,43,181,186,170,103,143,136,137,18,0,146,48,92,82,144,121,162,171,149,193,78,98,39,94,46,155,17,21,108,159,109,135,140,106,65,87,13,95,152,22,133,7,77,79,117,102,110,177,40,179,58,161,182,36,195,83,158,54,119,72,71,23,5,141,97,184,70,104,31,160,];True
6462;8036;14498;[198,174,190,32,189,94,6,61,38,163,199,49,12,185,167,15,16,156,147,196,192,150,20,23,176,3,157,183,37,138,126,115,25,74,34,35,93,28,8,154,13,46,188,55,44,45,131,47,68,123,50,86,52,91,69,88,53,59,11,57,132,7,175,62,120,89,2,67,48,63,29,164,4,73,41,114,112,165,153,26,77,60,24,0,84,85,66,118,124,51,90,191,197,168,14,187,101,27,36,33,100,111,122,98,139,105,180,107,158,30,64,96,76,134,99,173,116,10,42,81,169,142,39,95,1,125,145,127,128,129,18,181,148,133,103,143,136,137,43,194,146,9,31,82,144,121,162,171,149,193,78,151,97,130,113,155,17,21,108,159,109,135,140,106,65,87,166,80,152,22,170,75,172,79,117,102,110,177,40,179,58,161,182,178,195,83,186,54,119,72,71,56,5,141,19,184,70,104,92,160,];True
6462;8036;14498;[198,174,190,32,189,94,6,61,38,163,199,49,12,185,167,15,16,156,147,196,192,150,20,23,176,3,157,183,37,138,126,115,25,74,34,35,93,28,8,154,13,46,188,55,44,45,131,47,68,123,50,86,52,91,69,88,53,59,11,57,132,7,175,62,120,89,2,67,48,63,29,164,4,73,41,114,112,165,153,26,77,60,24,0,84,85,66,118,124,51,90,191,197,168,14,187,101,27,36,33,100,111,122,98,139,105,180,107,158,30,64,96,76,134,99,173,116,10,42,81,169,142,39,95,1,125,145,127,128,129,18,181,148,133,103,143,136,137,43,194,146,9,31,82,144,121,162,171,149,193,78,151,97,130,113,155,17,21,108,159,109,135,140,106,65,87,166,80,152,22,170,75,172,79,117,102,110,177,40,179,58,161,182,178,195,83,186,54,119,72,71,56,5,141,19,184,70,104,92,160];True
6479;8035;14514;[198,174,190,32,189,94,6,61,38,163,199,49,12,185,167,15,16,156,147,196,192,150,20,23,176,3,157,183,37,138,126,115,25,74,34,35,152,28,8,154,13,46,188,55,44,45,131,47,68,123,50,86,52,91,69,88,53,59,11,57,132,7,175,62,120,89,2,130,48,63,29,164,4,73,41,114,112,165,153,26,77,60,24,0,84,85,66,118,124,51,90,191,197,168,14,187,101,27,36,33,100,111,122,98,139,105,180,107,158,30,64,96,76,134,99,173,116,10,42,81,169,142,39,95,1,125,145,127,128,129,18,181,148,133,103,143,136,137,43,194,146,9,31,82,144,121,162,171,149,193,78,151,97,67,113,155,17,21,108,159,109,135,140,106,65,87,166,80,93,22,170,75,172,79,117,102,110,177,40,179,58,161,182,178,195,83,186,54,119,72,71,56,5,141,19,184,70,104,92,160,];True
6479;8035;14514;[198,174,190,32,189,94,6,61,38,163,199,49,12,185,167,15,16,156,147,196,192,150,20,23,176,3,157,183,37,138,126,115,25,74,34,35,152,28,8,154,13,46,188,55,44,45,131,47,68,123,50,86,52,91,69,88,53,59,11,57,132,7,175,62,120,89,2,130,48,63,29,164,4,73,41,114,112,165,153,26,77,60,24,0,84,85,66,118,124,51,90,191,197,168,14,187,101,27,36,33,100,111,122,98,139,105,180,107,158,30,64,96,76,134,99,173,116,10,42,81,169,142,39,95,1,125,145,127,128,129,18,181,148,133,103,143,136,137,43,194,146,9,31,82,144,121,162,171,149,193,78,151,97,67,113,155,17,21,108,159,109,135,140,106,65,87,166,80,93,22,170,75,172,79,117,102,110,177,40,179,58,161,182,178,195,83,186,54,119,72,71,56,5,141,19,184,70,104,92,160];True
6513;8029;14542;[198,174,190,32,189,94,6,61,38,163,199,49,12,185,167,15,16,156,147,196,192,150,20,23,176,3,157,183,37,138,126,115,25,74,34,35,93,9,8,154,13,46,188,55,44,45,131,47,68,123,50,86,52,91,69,88,53,59,11,57,132,7,175,62,120,89,2,67,48,63,29,164,4,73,41,114,112,165,153,26,77,60,24,0,84,85,66,118,124,51,90,191,197,168,14,187,101,27,36,33,100,111,122,98,139,105,180,107,158,30,64,96,76,134,99,173,116,10,42,81,169,142,39,95,1,125,145,127,128,129,18,181,148,133,103,143,136,137,43,194,146,28,31,82,144,121,162,171,149,193,78,151,97,130,113,155,17,21,108,159,109,135,140,106,65,87,166,80,152,22,170,75,172,79,117,102,110,177,40,179,58,161,182,178,195,83,186,54,119,72,71,56,5,141,19,184,70,104,92,160];True
6513;8029;14542;[198,174,190,32,189,94,6,61,38,163,199,49,12,185,167,15,16,156,147,196,192,150,20,23,176,3,157,183,37,138,126,115,25,74,34,35,93,9,8,154,13,46,188,55,44,45,131,47,68,123,50,86,52,91,69,88,53,59,11,57,132,7,175,62,120,89,2,67,48,63,29,164,4,73,41,114,112,165,153,26,77,60,24,0,84,85,66,118,124,51,90,191,197,168,14,187,101,27,36,33,100,111,122,98,139,105,180,107,158,30,64,96,76,134,99,173,116,10,42,81,169,142,39,95,1,125,145,127,128,129,18,181,148,133,103,143,136,137,43,194,146,28,31,82,144,121,162,171,149,193,78,151,97,130,113,155,17,21,108,159,109,135,140,106,65,87,166,80,152,22,170,75,172,79,117,102,110,177,40,179,58,161,182,178,195,83,186,54,119,72,71,56,5,141,19,184,70,104,92,160,];True
6578;8011;14589;[198,174,190,32,189,87,6,61,38,163,199,49,12,185,167,15,16,156,147,196,192,150,20,23,176,3,157,183,37,138,126,115,25,74,34,35,152,28,8,154,13,46,188,55,44,45,131,47,68,123,50,86,52,91,69,88,53,59,11,57,132,7,175,62,120,89,2,67,48,63,29,164,4,73,41,114,112,165,153,26,77,60,24,0,84,85,66,118,124,51,90,191,197,168,14,187,101,27,36,33,100,111,122,98,139,105,180,107,158,30,64,96,76,134,99,173,116,10,42,81,169,142,39,95,1,125,145,127,128,129,18,181,148,133,103,143,136,137,43,194,146,9,31,82,144,121,162,171,149,193,78,151,97,130,113,155,17,21,108,159,109,135,140,106,65,94,166,80,93,22,170,75,172,79,117,102,110,177,40,179,58,161,182,178,195,83,186,54,119,72,71,56,5,141,19,184,70,104,92,160];True
6578;8011;14589;[198,174,190,32,189,87,6,61,38,163,199,49,12,185,167,15,16,156,147,196,192,150,20,23,176,3,157,183,37,138,126,115,25,74,34,35,152,28,8,154,13,46,188,55,44,45,131,47,68,123,50,86,52,91,69,88,53,59,11,57,132,7,175,62,120,89,2,67,48,63,29,164,4,73,41,114,112,165,153,26,77,60,24,0,84,85,66,118,124,51,90,191,197,168,14,187,101,27,36,33,100,111,122,98,139,105,180,107,158,30,64,96,76,134,99,173,116,10,42,81,169,142,39,95,1,125,145,127,128,129,18,181,148,133,103,143,136,137,43,194,146,9,31,82,144,121,162,171,149,193,78,151,97,130,113,155,17,21,108,159,109,135,140,106,65,94,166,80,93,22,170,75,172,79,117,102,110,177,40,179,58,161,182,178,195,83,186,54,119,72,71,56,5,141,19,184,70,104,92,160,];True
6638;7996;14634;[198,174,190,32,189,87,6,61,38,163,199,49,12,185,167,15,16,156,147,196,192,150,20,23,176,3,157,183,37,138,126,115,25,74,34,35,152,28,8,154,13,46,188,55,44,45,131,47,68,123,50,86,52,91,69,88,53,59,11,57,132,7,175,62,120,89,2,67,48,63,29,164,4,73,41,114,112,165,153,26,77,60,24,0,84,85,66,118,124,51,90,191,197,168,14,187,101,27,36,33,100,111,122,98,139,105,180,107,158,30,64,96,76,134,99,173,116,10,42,81,169,142,39,95,1,125,145,127,128,129,18,181,148,133,103,92,136,137,43,194,146,9,31,82,144,121,162,171,149,193,78,151,97,130,113,155,17,21,108,159,109,135,140,106,65,94,166,80,93,22,170,75,172,79,117,102,110,177,40,179,58,161,182,178,195,83,186,54,119,72,71,56,5,141,19,184,70,104,143,160];True
6638;7996;14634;[198,174,190,32,189,87,6,61,38,163,199,49,12,185,167,15,16,156,147,196,192,150,20,23,176,3,157,183,37,138,126,115,25,74,34,35,152,28,8,154,13,46,188,55,44,45,131,47,68,123,50,86,52,91,69,88,53,59,11,57,132,7,175,62,120,89,2,67,48,63,29,164,4,73,41,114,112,165,153,26,77,60,24,0,84,85,66,118,124,51,90,191,197,168,14,187,101,27,36,33,100,111,122,98,139,105,180,107,158,30,64,96,76,134,99,173,116,10,42,81,169,142,39,95,1,125,145,127,128,129,18,181,148,133,103,92,136,137,43,194,146,9,31,82,144,121,162,171,149,193,78,151,97,130,113,155,17,21,108,159,109,135,140,106,65,94,166,80,93,22,170,75,172,79,117,102,110,177,40,179,58,161,182,178,195,83,186,54,119,72,71,56,5,141,19,184,70,104,143,160,];True
6656;7990;14646;[73,174,22,136,7,51,171,57,169,130,163,122,12,199,149,98,71,191,38,196,161,66,45,105,194,115,46,44,139,190,109,111,49,135,34,91,69,28,8,118,180,27,140,48,92,90,131,148,9,14,3,142,29,61,145,94,13,101,75,36,176,26,164,128,52,2,167,170,123,50,146,193,198,132,82,184,133,166,186,107,77,159,18,4,181,88,70,108,21,106,154,59,197,24,32,195,10,110,54,152,72,127,30,114,182,37,85,55,158,175,6,1,117,120,157,173,17,79,185,102,23,172,39,78,83,125,33,35,165,40,87,84,68,93,103,65,147,153,15,144,156,155,31,143,53,183,97,41,0,89,25,62,5,134,112,104,99,160,74,20,138,168,188,126,16,162,19,137,60,179,47,43,187,76,151,141,80,58,64,96,177,42,189,178,86,119,81,67,129,192,150,56,100,11,113,116,124,63,95,121];True
6706;7951;14657;[73,174,22,136,7,51,171,57,169,130,163,122,12,199,149,98,71,191,38,196,161,66,45,105,194,115,46,44,139,190,109,111,184,135,34,91,69,28,8,118,180,27,140,48,92,90,131,148,9,14,3,142,29,61,145,94,13,101,75,36,176,26,164,128,52,2,167,170,123,50,146,193,198,132,82,49,133,166,186,107,77,159,18,4,181,88,70,108,21,106,154,59,197,24,32,195,10,110,54,152,72,127,30,114,182,37,85,55,158,175,6,1,117,120,157,173,17,79,185,102,23,172,39,78,83,125,33,35,165,40,87,84,68,93,103,65,147,153,15,144,156,155,31,143,53,183,97,41,0,89,25,62,5,134,112,104,99,160,74,20,138,168,188,126,16,162,19,137,60,179,47,43,187,76,151,141,80,58,64,96,177,42,189,178,86,119,81,67,129,192,150,56,100,11,113,116,124,63,95,121];True
6692;7975;14667;[73,174,22,136,7,51,171,57,169,130,163,122,12,199,149,98,71,191,38,196,161,66,45,105,194,115,46,44,139,190,109,111,49,135,34,91,69,28,8,118,180,27,140,48,92,90,131,148,192,14,3,142,29,61,145,94,13,101,75,36,176,26,164,128,52,2,167,170,123,50,146,193,198,132,82,184,133,166,186,107,77,159,18,4,181,88,70,108,21,106,154,59,197,24,32,195,10,110,54,152,72,127,30,114,182,37,85,55,158,175,6,1,117,120,157,173,17,79,185,102,23,172,39,78,83,125,33,35,165,40,87,84,68,93,103,65,147,153,15,144,156,155,31,143,53,183,97,41,0,89,25,62,5,134,112,104,99,160,74,20,138,168,188,126,16,162,19,137,60,179,47,43,187,76,151,141,80,58,64,96,177,42,189,178,86,119,81,67,129,9,150,56,100,11,113,116,124,63,95,121];True
6756;7933;14689;[73,174,22,136,7,135,171,57,169,130,163,122,12,199,149,98,71,191,38,196,161,66,45,105,194,115,46,44,139,190,109,111,184,51,34,91,69,28,8,118,180,27,140,48,92,90,131,148,9,14,3,142,29,61,145,94,13,101,75,36,176,26,164,128,52,2,167,170,123,50,146,193,198,132,82,49,133,166,186,107,77,159,18,4,181,88,70,108,21,106,154,59,197,24,32,195,10,110,54,152,72,127,30,114,182,37,85,55,158,175,6,1,117,120,157,173,17,79,185,102,23,172,39,78,83,125,33,35,165,40,87,84,68,93,103,65,147,153,15,144,156,155,31,143,53,183,97,41,0,89,25,62,5,134,112,104,99,160,74,20,138,168,188,126,16,162,19,137,60,179,47,43,187,76,151,141,80,58,64,96,177,42,189,178,86,119,81,67,129,192,150,56,100,11,113,116,124,63,95,121];True
6819;7904;14723;[73,174,22,136,7,135,171,57,169,130,163,122,12,199,149,98,71,191,38,196,161,66,45,105,194,115,46,44,139,190,109,111,184,51,34,91,69,28,8,118,180,27,140,48,92,90,131,148,9,14,3,142,29,61,145,94,13,101,75,36,176,26,164,128,52,2,167,170,123,50,146,193,198,132,82,49,133,166,186,107,77,159,18,4,181,88,70,108,21,106,154,59,197,24,32,195,10,110,11,152,72,127,30,114,182,37,85,55,158,175,6,1,117,120,157,173,17,79,185,102,23,172,39,78,83,125,33,35,165,40,87,84,68,93,103,65,147,153,15,144,156,155,31,143,53,183,97,41,0,89,25,62,5,134,112,104,99,160,74,20,138,168,188,126,16,162,19,137,60,179,47,43,187,76,151,141,80,58,64,96,177,42,189,178,86,119,81,67,129,192,150,56,100,54,113,116,124,63,95,121];True
6809;7928;14737;[198,174,190,32,189,87,6,61,38,163,199,49,12,185,167,15,16,156,147,196,192,150,20,23,176,3,157,183,37,138,126,115,25,74,34,35,152,28,8,154,13,46,188,55,44,45,131,47,68,123,50,86,52,91,69,88,53,59,11,57,132,7,175,62,120,2,89,67,48,63,29,164,4,73,41,114,112,165,153,26,77,60,24,0,84,85,66,118,124,51,90,191,197,168,14,187,101,27,36,33,100,111,122,98,139,105,180,107,158,30,64,96,76,134,99,173,116,10,42,81,169,142,39,95,1,125,145,127,128,129,18,181,148,133,103,92,136,137,43,194,146,9,31,82,144,121,162,171,149,193,78,151,97,130,113,155,17,21,108,159,109,135,140,106,65,94,166,80,93,178,170,75,172,79,117,102,110,177,40,179,58,161,182,22,195,83,186,54,119,72,71,56,5,141,19,184,70,104,143,160];True
6809;7928;14737;[198,174,190,32,189,87,6,61,38,163,199,49,12,185,167,15,16,156,147,196,192,150,20,23,176,3,157,183,37,138,126,115,25,74,34,35,152,28,8,154,13,46,188,55,44,45,131,47,68,123,50,86,52,91,69,88,53,59,11,57,132,7,175,62,120,2,89,67,48,63,29,164,4,73,41,114,112,165,153,26,77,60,24,0,84,85,66,118,124,51,90,191,197,168,14,187,101,27,36,33,100,111,122,98,139,105,180,107,158,30,64,96,76,134,99,173,116,10,42,81,169,142,39,95,1,125,145,127,128,129,18,181,148,133,103,92,136,137,43,194,146,9,31,82,144,121,162,171,149,193,78,151,97,130,113,155,17,21,108,159,109,135,140,106,65,94,166,80,93,178,170,75,172,79,117,102,110,177,40,179,58,161,182,22,195,83,186,54,119,72,71,56,5,141,19,184,70,104,143,160,];True
6866;7875;14741;[73,174,22,136,7,135,171,57,169,130,163,122,12,199,149,98,193,191,38,196,161,66,45,105,194,115,46,44,139,190,109,111,184,51,34,91,69,28,8,118,180,27,140,48,92,90,131,148,9,14,3,142,29,61,145,94,13,101,75,36,176,26,164,128,52,2,167,170,123,50,146,71,198,132,82,49,133,166,186,107,77,159,18,4,181,88,70,108,21,106,154,59,197,24,32,195,10,110,11,152,72,127,30,114,182,37,85,55,158,175,6,1,117,120,157,173,17,79,185,102,23,172,39,78,83,125,33,35,165,40,87,84,68,93,103,65,147,153,15,144,156,155,31,143,53,183,97,41,0,89,25,62,5,134,112,104,99,160,74,20,138,168,188,126,16,162,19,137,60,179,47,43,187,76,151,141,80,58,64,96,177,42,189,178,86,119,81,67,129,192,150,56,100,54,113,116,124,63,95,121];True
6879;7866;14745;[73,174,22,136,7,135,171,57,23,130,163,122,12,199,149,98,193,191,38,196,161,66,45,105,194,115,46,44,139,190,109,111,184,51,34,91,69,28,8,118,180,27,140,48,92,90,131,148,9,14,3,142,29,61,145,94,13,101,75,36,176,26,164,128,52,2,167,170,123,50,146,71,198,132,82,49,133,166,186,107,77,159,18,4,181,88,70,108,21,106,154,59,197,24,32,195,10,110,11,152,72,127,30,114,182,37,85,55,158,175,6,1,117,120,157,173,17,79,185,102,169,172,39,78,83,125,33,35,165,40,87,84,68,93,103,65,147,153,15,144,156,155,31,143,53,183,97,41,0,89,25,62,5,134,112,104,99,160,74,20,138,168,188,126,16,162,19,137,60,179,47,43,187,76,151,141,80,58,64,96,177,42,189,178,86,119,81,67,129,192,150,56,100,54,113,116,124,63,95,121];True
6973;7851;14824;[73,174,22,136,7,135,171,57,169,130,163,122,12,199,149,98,193,191,38,196,161,66,45,105,194,115,46,44,139,190,109,111,184,51,34,91,69,28,8,118,180,27,140,48,92,90,131,148,9,14,3,142,29,61,145,94,13,101,75,36,176,26,164,128,52,2,167,170,123,50,146,71,198,132,82,49,133,166,186,107,77,159,18,4,181,88,70,108,21,106,154,59,197,24,32,195,10,110,11,152,72,127,30,114,182,37,85,55,158,175,6,1,117,120,157,173,17,79,185,102,23,172,39,19,83,125,33,35,165,40,87,84,68,93,103,65,147,153,15,144,156,155,31,143,53,183,97,41,0,89,25,62,5,134,112,104,99,160,74,20,138,168,188,126,16,162,78,137,60,179,47,43,187,76,151,141,80,58,64,96,177,42,189,178,86,119,81,67,129,192,150,56,100,54,113,116,124,63,95,121];True
7062;7850;14912;[73,174,22,136,7,135,171,57,23,130,163,122,12,199,149,98,193,191,38,196,161,66,45,105,194,115,46,44,139,190,109,111,184,51,34,91,69,28,8,118,180,25,140,48,92,90,131,148,9,14,3,142,29,61,145,94,13,101,75,36,176,26,164,128,52,2,167,170,123,50,146,71,198,132,82,49,133,166,186,107,77,159,18,4,181,88,70,108,21,106,154,59,197,24,32,195,10,110,11,152,72,127,30,114,182,37,85,55,158,175,6,1,117,120,157,173,17,79,185,102,169,172,39,78,83,125,33,35,165,40,87,84,68,93,103,65,147,153,15,144,156,155,31,143,53,183,97,41,0,89,27,62,5,134,112,104,99,160,74,20,138,168,188,126,16,162,19,178,60,179,47,43,187,76,151,141,80,58,64,96,177,42,189,137,86,119,81,67,129,192,150,56,100,54,113,116,124,63,95,121];True
7128;7788;14916;[73,174,22,136,7,135,171,57,23,130,163,122,12,199,149,98,193,191,38,196,161,66,45,105,194,115,46,44,139,190,109,111,184,51,34,91,69,28,8,118,180,25,140,48,92,90,131,148,9,14,3,142,29,61,145,94,13,101,75,36,176,26,164,128,52,2,167,107,123,50,146,71,198,132,82,49,133,166,186,170,77,159,18,4,181,88,70,108,21,106,154,59,197,24,32,195,10,110,11,152,72,127,30,114,182,37,85,55,158,175,6,1,117,120,157,173,17,79,185,102,169,172,39,78,83,125,33,35,165,40,87,84,68,93,103,65,147,153,15,144,156,155,31,143,53,183,97,41,0,89,27,62,5,134,112,104,99,160,74,20,138,168,188,126,16,162,19,137,60,179,47,43,187,76,151,141,80,58,64,96,177,42,189,178,86,119,81,67,129,192,150,56,100,54,113,116,124,63,95,121];True
7112;7838;14950;[73,174,22,136,7,135,171,57,23,130,163,122,12,199,149,98,193,191,38,196,161,66,45,105,194,115,46,44,139,190,109,111,184,51,34,91,69,28,8,118,180,25,140,48,92,90,131,148,9,14,3,142,29,61,145,94,13,101,75,36,176,26,164,128,52,2,167,170,123,50,146,71,198,132,82,49,133,166,186,78,77,159,18,4,181,88,70,108,21,106,154,59,197,24,32,195,10,110,11,152,72,127,30,114,182,37,85,55,158,175,6,1,117,120,157,173,17,79,185,102,169,172,39,107,83,125,33,35,165,40,87,84,68,93,103,65,147,153,15,144,156,155,31,143,53,183,97,41,0,89,27,62,5,134,112,104,99,160,74,20,138,168,188,126,16,162,19,137,60,179,47,43,187,76,151,141,80,58,64,96,177,42,189,178,86,119,81,67,129,192,150,56,100,54,113,116,124,63,95,121];True
7221;7779;15000;[73,174,22,136,7,135,171,57,23,130,163,122,12,199,149,98,193,191,38,196,161,66,45,105,194,115,46,44,139,190,109,111,184,51,34,91,69,28,8,118,180,25,140,48,92,90,131,148,9,14,3,142,29,61,145,94,13,101,75,36,176,26,164,128,52,2,167,107,123,50,146,71,198,132,82,49,133,189,186,170,77,159,18,4,181,88,70,108,21,106,154,59,197,24,32,195,10,110,11,152,72,127,30,114,182,37,85,55,158,175,6,1,117,120,157,173,17,79,185,102,169,172,39,78,83,125,33,35,165,40,87,84,68,93,103,65,147,153,15,144,156,155,31,143,53,183,97,41,0,89,27,62,5,134,112,104,99,160,74,20,138,168,188,126,16,162,19,137,60,179,47,43,187,76,151,141,80,58,64,96,177,42,166,178,86,119,81,67,129,192,150,56,100,54,113,116,124,63,95,121];True
7258;7763;15021;[73,174,22,136,7,135,171,57,23,130,163,122,12,199,149,98,193,191,38,196,161,66,45,105,194,115,46,44,139,190,109,111,184,51,34,91,69,28,8,118,180,159,140,48,92,90,131,148,9,14,3,142,29,61,145,94,13,101,75,36,176,26,164,128,52,2,167,107,123,50,146,71,198,132,82,49,133,189,186,170,77,25,18,4,181,88,70,108,21,106,154,59,197,24,32,195,10,110,11,152,72,127,30,114,182,37,85,55,158,175,6,1,117,120,157,173,17,79,185,102,169,172,39,78,83,125,33,35,165,40,87,84,68,93,103,65,147,153,15,144,156,155,31,143,53,183,97,41,0,89,27,62,5,134,112,104,99,160,74,20,138,168,188,126,16,162,19,137,60,179,47,43,187,76,151,141,80,58,64,96,177,42,166,178,86,119,81,67,129,192,150,56,100,54,113,116,124,63,95,121];True
7392;7760;15152;[73,174,22,136,7,135,171,57,23,130,163,122,12,199,192,98,193,191,38,196,161,66,45,105,194,115,46,44,139,190,109,111,184,51,34,91,69,28,8,118,180,159,140,48,92,90,131,148,9,14,3,142,29,61,145,94,13,101,75,36,176,26,164,128,52,2,167,107,123,50,146,65,198,132,82,49,133,189,186,170,77,25,18,4,181,88,70,108,21,106,154,59,197,24,32,195,10,110,11,152,72,127,30,114,182,37,85,55,158,175,6,1,117,120,157,173,17,79,185,102,169,172,39,78,83,125,33,35,165,40,87,84,68,93,103,71,147,153,15,144,156,155,31,143,53,183,97,41,0,89,27,62,5,134,112,104,99,160,74,20,138,168,188,126,16,162,19,137,60,179,47,43,187,76,151,141,80,58,64,96,177,42,166,178,86,119,81,67,129,149,150,56,100,54,113,116,124,63,95,121];True
7450;7730;15180;[73,174,22,136,7,135,171,57,23,130,163,122,12,185,149,98,193,191,38,196,161,66,45,105,194,115,46,44,139,190,109,111,184,51,34,91,69,28,8,118,180,159,140,48,92,90,131,148,9,14,3,142,29,61,145,94,13,101,75,36,176,26,164,128,52,2,167,107,123,50,146,65,198,132,82,49,133,189,186,170,77,25,18,4,84,88,70,108,21,106,154,59,197,24,32,195,10,110,11,152,72,127,30,114,182,37,85,55,158,175,6,1,117,120,157,173,17,79,199,102,169,172,39,78,83,125,33,35,165,40,87,181,68,93,103,71,147,153,15,144,156,155,31,143,53,183,97,41,0,89,27,62,5,134,112,104,99,160,74,20,138,168,188,126,16,162,19,137,60,179,47,43,187,76,151,141,80,58,64,96,177,42,166,178,86,119,81,67,129,192,150,56,100,54,113,116,124,63,95,121];True
7485;7726;15211;[73,174,23,136,7,135,171,57,22,130,163,122,12,185,149,98,193,191,38,196,161,66,45,105,194,115,46,44,139,190,109,111,184,51,34,91,69,28,8,118,180,159,140,48,92,90,131,148,9,14,3,142,29,61,145,94,13,101,75,36,176,26,164,128,52,2,167,107,123,50,146,65,198,186,82,49,133,189,132,170,77,25,18,4,84,88,70,108,21,106,154,59,197,24,32,195,10,110,11,152,72,127,30,114,182,37,85,55,158,175,6,1,117,120,157,173,17,79,199,102,169,172,39,78,83,125,33,35,165,40,87,181,68,93,103,71,147,153,15,144,156,155,31,143,53,183,97,41,0,89,27,62,5,134,112,104,99,160,74,20,138,168,188,126,16,162,19,137,60,179,47,43,187,76,151,141,80,58,64,96,177,42,166,178,86,119,81,67,129,192,150,56,100,54,113,116,124,63,95,121];True
7515;7717;15232;[73,174,23,136,7,135,171,57,22,130,163,122,12,185,149,98,193,191,38,196,161,66,45,105,194,115,46,44,139,190,109,111,184,51,34,91,69,28,8,118,180,159,140,48,92,90,131,148,9,14,3,142,29,61,145,94,13,101,75,36,176,26,164,128,52,2,167,107,123,50,146,65,198,186,32,49,133,189,132,170,77,25,18,4,84,88,70,108,21,106,154,59,197,24,82,195,10,110,11,152,72,127,30,114,182,37,85,55,158,175,6,1,117,120,157,173,17,79,199,102,169,172,39,78,83,125,33,35,165,40,87,181,68,93,103,71,147,153,15,144,156,155,31,143,53,183,97,41,0,89,27,62,5,134,112,104,99,160,74,20,138,168,188,126,16,162,19,137,60,179,47,43,187,76,151,141,80,58,64,96,177,42,166,178,86,119,81,67,129,192,150,56,100,54,113,116,124,63,95,121];True
7547;7707;15254;[73,174,23,136,7,135,171,57,22,130,163,122,12,185,149,98,193,191,38,196,161,66,45,105,194,115,46,44,139,190,109,111,184,51,34,91,69,28,8,118,180,159,140,48,92,90,131,148,9,14,3,142,29,61,145,94,13,101,75,36,176,26,164,128,52,2,167,107,123,50,146,65,198,186,82,49,133,189,132,170,77,25,18,4,84,88,70,108,21,106,154,59,197,192,32,195,10,110,11,152,72,127,30,114,182,37,85,55,158,175,6,1,117,120,157,173,17,79,199,102,169,172,39,78,83,125,33,35,165,40,87,181,68,93,103,71,147,153,15,144,156,155,31,143,53,183,97,41,0,89,27,62,5,134,112,104,99,160,74,20,138,168,188,126,16,162,19,137,60,179,47,43,187,76,151,141,80,58,64,96,177,42,166,178,86,119,81,67,129,24,150,56,100,54,113,116,124,63,95,121];True
7575;7687;15262;[73,174,23,136,7,135,171,57,22,130,163,122,12,185,149,98,193,191,38,196,161,66,45,105,194,115,46,44,139,190,109,111,184,51,34,91,69,28,8,118,180,159,140,48,92,90,131,148,9,14,3,142,29,61,145,94,13,101,75,36,176,26,164,128,52,2,167,107,123,50,146,65,198,186,82,49,133,189,132,170,77,25,18,4,84,88,70,108,21,106,154,59,197,24,32,195,10,110,11,152,72,127,30,114,182,37,85,137,158,175,6,1,117,120,157,173,17,79,199,102,169,172,39,78,83,125,33,192,165,40,87,181,68,93,103,71,147,153,15,144,156,155,31,143,53,183,97,41,0,89,27,62,5,134,112,104,99,160,74,20,138,168,188,126,16,162,19,55,60,179,47,43,187,76,151,141,80,58,64,96,177,42,166,178,86,119,81,67,129,35,150,56,100,54,113,116,124,63,95,121];True
7694;7578;15272;[73,174,23,32,182,87,6,88,171,163,75,86,12,185,0,15,65,160,38,196,132,14,20,191,194,3,157,183,37,138,184,115,25,99,108,35,193,28,8,154,13,198,188,55,44,46,131,47,68,123,106,78,52,91,69,61,176,59,11,57,189,26,175,62,120,2,89,107,48,63,29,164,4,126,41,114,112,165,153,7,77,177,169,72,84,85,66,45,124,51,90,134,197,168,74,142,101,81,36,145,100,111,122,98,139,105,180,67,158,30,40,96,76,93,150,173,94,10,42,27,24,187,39,95,1,125,33,127,128,129,18,181,148,9,103,92,136,137,43,53,146,190,31,82,144,121,162,147,149,152,49,151,97,130,113,155,17,21,34,159,109,135,140,50,16,118,166,80,133,178,170,199,172,79,117,102,110,60,64,179,58,161,192,22,195,83,186,54,119,167,71,56,5,141,19,116,70,104,143,156];True
7668;7630;15298;[73,174,199,32,182,87,6,88,171,163,75,86,12,185,0,15,65,160,38,196,132,150,20,191,194,3,157,183,37,138,184,115,25,99,108,35,193,28,8,154,13,198,188,55,44,118,131,47,68,123,106,78,52,91,69,61,176,59,11,57,189,26,175,62,120,2,89,107,48,63,29,164,4,126,41,114,112,165,153,7,77,177,169,167,84,85,66,45,124,51,90,134,197,168,74,142,101,81,36,145,100,111,122,98,139,105,180,67,158,30,40,96,76,93,14,173,46,10,42,27,24,187,39,95,1,125,33,127,128,129,18,181,148,133,103,92,136,137,43,53,146,190,31,82,144,121,162,147,149,152,49,151,97,130,113,155,17,21,34,159,109,135,140,50,16,94,166,80,9,178,170,23,172,79,117,102,110,60,64,179,58,161,192,22,195,83,186,54,119,72,71,56,5,141,19,116,70,104,143,156];True
7653;7662;15315;[73,174,23,136,7,135,171,57,22,130,163,122,12,185,149,98,193,191,38,196,161,66,45,105,194,115,46,44,139,190,109,111,184,51,34,91,69,28,8,118,180,159,140,48,92,90,131,148,9,14,3,142,85,61,145,94,13,101,75,36,176,26,164,128,52,2,167,107,123,50,146,65,198,186,82,49,133,189,132,170,77,25,18,4,84,88,70,108,21,106,154,59,197,24,32,195,10,110,11,152,72,127,30,114,182,37,29,137,158,175,6,1,117,120,157,173,17,79,199,102,169,172,39,78,83,125,33,192,165,40,87,181,68,93,103,71,147,153,15,144,156,155,31,143,53,183,97,41,0,89,27,62,5,134,112,104,99,160,74,20,138,168,188,126,16,162,19,55,60,179,47,43,187,76,151,141,80,58,64,96,177,42,166,178,86,119,81,67,129,35,150,56,100,54,113,116,124,63,95,121];True
7746;7576;15322;[73,174,23,32,182,87,6,88,171,163,75,86,12,185,0,15,65,160,38,196,132,14,20,191,194,3,157,183,37,138,184,115,25,99,108,35,193,28,8,154,13,198,188,55,44,94,131,47,68,123,106,78,52,91,69,61,176,59,11,57,189,26,175,62,120,2,142,107,48,63,29,164,4,126,41,114,112,165,153,7,77,177,169,72,84,85,66,45,124,51,90,134,197,168,74,89,101,81,36,145,100,111,122,98,139,105,180,67,158,30,40,96,76,93,150,173,46,10,42,27,24,187,39,95,1,125,33,127,128,129,18,181,148,9,103,92,136,137,43,53,146,190,31,82,144,121,162,147,149,152,49,151,97,130,113,155,17,21,34,159,109,135,140,50,16,118,166,80,133,178,170,199,172,79,117,102,110,60,64,179,58,161,192,22,195,83,186,54,119,167,71,56,5,141,19,116,70,104,143,156];True
7771;7558;15329;[73,174,23,32,182,87,6,88,171,163,75,86,12,185,0,15,65,160,38,196,132,14,20,191,194,3,157,183,37,138,184,115,25,99,108,35,193,28,8,154,13,198,188,55,44,93,131,47,68,123,106,78,52,91,69,61,176,59,11,57,189,26,175,62,120,2,89,107,48,63,29,164,4,126,41,114,112,165,153,7,77,177,169,74,84,85,66,45,124,51,90,134,197,168,72,142,101,81,36,145,100,111,122,98,139,105,180,67,158,30,40,178,76,94,150,173,46,10,42,27,24,187,39,95,1,125,33,127,128,129,18,181,148,9,103,92,136,137,43,53,146,190,31,82,144,121,162,147,149,152,49,151,97,130,113,155,17,21,34,159,109,135,140,50,16,118,166,80,133,96,170,199,172,79,117,102,110,60,64,179,58,161,192,22,195,83,186,54,119,167,71,56,5,141,19,116,70,104,143,156];True
7788;7554;15342;[73,174,23,32,182,87,6,88,171,163,75,86,12,185,0,15,65,160,38,196,132,14,20,191,194,3,157,183,37,138,184,101,25,99,108,35,193,28,8,154,13,198,188,55,44,94,131,47,68,123,106,78,52,91,69,61,176,59,11,57,189,26,175,62,120,2,89,107,48,63,29,164,4,126,41,114,112,165,153,7,77,177,169,72,84,85,66,45,124,51,90,134,197,168,74,142,115,81,36,145,100,111,122,98,139,105,180,67,158,30,40,96,76,93,150,173,46,10,42,27,24,187,39,95,1,125,33,127,128,129,18,181,148,9,103,92,136,137,43,53,146,190,31,82,144,121,162,147,149,152,49,151,97,130,113,155,17,21,34,159,109,135,140,50,16,118,166,80,133,178,170,199,172,79,117,102,110,60,64,179,58,161,192,22,195,83,186,54,119,167,71,56,5,141,19,116,70,104,143,156];True
7800;7548;15348;[73,174,23,32,182,87,6,88,171,163,75,86,12,185,0,15,65,160,38,196,132,14,20,191,194,3,157,183,37,138,184,115,25,99,108,35,193,28,8,154,13,198,188,55,44,94,131,47,68,123,106,78,52,91,69,61,176,59,11,57,189,170,175,62,120,2,89,107,48,63,29,164,4,126,41,114,112,165,153,7,77,177,169,72,84,85,66,45,124,51,90,134,197,168,74,142,101,81,36,145,100,111,122,98,139,105,180,67,158,30,40,96,76,93,150,173,46,10,42,27,24,187,39,95,1,125,33,127,128,129,18,181,148,9,103,92,136,137,43,53,146,190,31,82,144,121,162,147,149,152,49,151,97,130,113,155,17,21,34,159,109,135,140,50,16,118,166,80,133,178,26,199,172,79,117,102,110,60,64,179,58,161,192,22,195,83,186,54,119,167,71,56,5,141,19,116,70,104,143,156];True
7817;7546;15363;[73,174,23,32,182,87,6,88,171,163,75,86,12,185,0,15,65,160,38,196,132,14,20,191,194,3,157,183,37,138,184,115,25,99,108,35,193,28,8,154,13,198,188,55,44,94,131,47,68,123,106,78,52,91,69,61,176,59,11,57,189,26,175,62,120,2,89,107,48,63,29,164,4,126,41,114,112,165,153,7,77,177,169,72,84,85,66,45,124,51,90,134,197,168,74,142,101,81,36,145,100,111,122,98,139,105,180,67,158,30,40,96,76,93,150,173,46,10,42,27,24,187,39,95,1,125,33,127,128,129,18,181,148,9,103,92,136,137,43,53,146,190,31,82,144,121,162,147,149,152,49,151,97,130,113,155,17,21,34,159,109,135,140,50,16,118,166,80,133,178,170,199,172,79,117,102,110,60,64,179,58,161,192,22,195,83,186,54,119,167,71,56,5,141,19,116,70,104,143,156];True
7835;7537;15372;[73,174,23,136,7,135,171,57,22,130,163,122,12,185,149,98,193,191,38,196,161,66,45,105,194,115,46,44,37,190,109,111,184,51,34,91,69,28,8,118,180,159,140,48,92,90,131,148,9,14,3,142,85,61,145,94,13,101,75,36,176,26,164,128,52,2,167,107,123,50,146,65,198,186,82,49,133,189,132,170,77,25,18,4,84,88,70,108,21,106,154,59,197,24,32,195,10,110,11,152,72,127,30,114,182,139,29,137,158,175,6,1,117,120,157,173,17,79,199,102,169,172,39,78,83,125,33,192,165,40,87,181,68,93,103,162,147,153,15,144,156,155,31,143,53,183,97,41,0,89,27,62,5,134,112,104,99,160,74,20,138,168,188,126,16,71,19,55,60,179,47,43,187,76,151,141,80,58,64,96,177,42,166,178,86,119,81,67,129,35,150,56,100,54,113,116,124,63,95,121];True
7839;7536;15375;[73,174,23,136,7,135,171,57,22,130,163,122,12,185,149,98,193,191,38,196,161,66,45,105,194,115,46,44,37,190,109,111,184,51,34,91,69,28,8,118,94,159,140,48,92,90,131,148,9,14,178,142,85,61,145,180,13,101,75,36,176,26,164,128,52,2,167,107,123,50,146,65,198,186,82,49,133,189,132,170,77,25,18,4,84,88,70,108,21,106,154,59,197,24,32,195,10,110,11,152,72,127,30,114,182,139,29,137,158,175,6,1,117,120,157,173,17,79,199,102,169,172,39,78,83,125,33,192,165,40,87,181,68,93,103,162,147,153,15,144,156,155,31,143,53,183,97,41,0,89,27,62,5,134,112,104,99,160,74,20,138,168,188,126,16,71,19,55,60,179,47,43,187,76,151,141,80,58,64,96,177,42,166,3,86,119,81,67,129,35,150,56,100,54,113,116,124,63,95,121];True
7851;7525;15376;[73,174,23,136,7,135,171,57,22,130,163,122,12,185,149,98,193,191,38,196,161,66,45,105,194,115,46,44,37,190,109,111,184,51,34,91,69,28,8,118,180,159,140,48,92,90,131,148,9,14,178,142,85,61,145,94,13,101,75,36,176,26,164,128,52,2,167,107,123,50,146,65,198,186,82,49,133,189,132,170,77,25,18,4,84,88,70,108,21,106,154,59,197,24,32,195,10,110,11,152,72,127,30,114,182,139,29,137,158,175,6,1,117,120,157,173,17,79,199,102,169,172,39,78,83,125,33,192,165,40,87,181,68,93,103,162,147,153,15,144,156,155,31,143,53,183,97,41,0,89,27,62,5,134,112,104,99,160,74,20,138,168,188,126,16,71,19,55,60,179,47,43,187,76,151,141,80,58,64,96,177,42,166,3,86,119,81,67,129,35,150,56,100,54,113,116,124,63,95,121];True
7937;7478;15415;[73,174,23,136,7,135,171,57,22,130,163,122,12,185,149,98,193,191,38,196,161,66,45,105,194,115,46,44,37,190,109,111,184,51,34,91,69,28,8,118,180,159,140,48,92,90,131,148,9,14,178,142,85,61,145,94,13,101,75,36,176,26,164,128,52,2,167,107,123,50,146,65,198,186,82,49,133,189,132,170,77,25,18,4,84,88,70,108,21,106,154,59,197,24,32,195,10,110,11,152,72,127,30,114,182,139,29,137,158,175,6,1,117,120,157,173,17,79,199,27,169,172,39,78,83,125,33,192,165,40,87,181,68,93,103,162,147,153,15,144,156,155,31,143,53,183,97,41,0,89,102,62,5,134,112,104,99,160,74,20,138,168,188,126,16,71,19,55,60,179,47,43,187,76,151,141,80,58,64,96,177,42,166,3,86,119,81,67,129,35,150,56,100,54,113,116,124,63,95,121];True
8106;7432;15538;[73,174,23,136,7,135,171,57,22,130,163,122,12,185,149,98,193,191,38,196,161,66,45,105,194,115,46,44,37,190,109,111,184,51,34,91,69,28,8,118,180,159,140,48,92,90,131,148,9,14,178,142,85,61,145,94,13,101,75,36,176,26,164,128,52,2,167,107,123,50,146,65,198,186,82,49,133,189,132,170,77,25,18,4,84,88,70,108,21,106,154,59,197,24,32,195,10,110,11,152,72,127,30,114,182,139,29,137,158,175,6,1,117,120,157,173,17,79,199,27,169,172,39,78,55,125,33,192,165,40,87,181,68,93,103,162,147,153,15,144,156,155,31,143,53,183,97,41,0,89,102,62,5,134,112,104,99,160,74,20,138,168,188,126,16,71,19,83,60,179,47,43,187,76,151,141,80,58,64,96,177,42,166,3,86,119,81,67,129,35,150,56,100,54,113,116,124,63,95,121];True
8147;7397;15544;[73,174,23,136,7,135,171,57,22,130,163,122,12,185,149,98,193,191,38,196,161,66,45,105,194,115,46,44,37,190,109,111,184,51,34,91,69,28,8,118,180,159,140,48,92,90,131,148,93,14,178,142,85,61,145,94,13,101,75,36,176,26,164,128,52,2,167,107,123,50,146,65,198,186,82,49,133,189,132,170,77,25,18,4,84,88,70,108,21,106,154,59,197,24,32,195,10,110,11,152,72,127,30,114,182,139,29,137,158,175,6,1,117,120,157,173,17,79,199,27,169,172,39,78,55,125,33,192,165,40,87,181,68,9,103,162,147,153,15,144,156,155,31,143,53,183,97,41,0,89,102,62,5,134,112,104,99,160,74,20,138,168,188,126,16,71,19,83,60,179,47,43,187,76,151,141,80,58,64,96,177,42,166,3,86,119,81,67,129,35,150,56,100,54,113,116,124,63,95,121];True
8226;7338;15564;[73,174,23,136,7,135,171,57,22,130,163,122,12,185,149,98,193,191,38,196,161,66,45,105,194,115,46,44,37,190,109,10,184,51,34,91,69,28,8,118,180,159,140,48,92,90,131,148,93,14,178,142,85,61,145,94,13,101,75,36,176,26,164,128,52,2,167,107,123,50,146,65,198,186,82,49,133,189,132,170,77,25,18,4,84,88,70,108,21,106,154,59,197,24,32,195,111,110,11,152,72,127,30,114,182,139,29,137,158,175,6,1,117,120,157,173,17,79,199,27,169,172,39,78,55,125,33,192,165,40,87,181,68,9,103,162,147,153,15,144,156,155,31,143,53,183,97,41,0,89,102,62,5,134,112,104,99,160,74,20,138,168,188,126,16,71,19,83,60,179,47,43,187,76,151,141,80,58,64,96,177,42,166,3,86,119,81,67,129,35,150,56,100,54,113,116,124,63,95,121];True
8296;7281;15577;[73,174,23,136,7,135,171,57,22,130,163,122,12,185,149,98,193,191,38,196,161,66,45,105,194,115,46,44,37,190,109,10,184,51,34,91,69,28,8,118,180,159,140,48,92,90,131,148,93,14,178,142,85,61,145,94,13,101,75,36,176,26,164,128,52,2,167,107,123,50,146,65,198,186,82,49,133,189,132,170,77,25,18,4,84,88,70,108,21,106,154,59,197,24,32,195,111,110,11,152,72,127,30,114,182,139,29,137,158,175,6,1,117,120,157,173,17,79,199,27,169,172,39,78,55,125,33,192,165,40,87,181,68,9,103,162,147,153,15,144,156,155,31,143,53,183,97,41,0,89,102,62,5,134,112,104,99,63,74,20,138,168,188,126,16,71,19,83,60,179,47,43,187,76,151,141,80,58,64,96,177,42,166,3,86,119,81,67,129,35,150,56,100,54,113,116,124,160,95,121];True
8340;7258;15598;[73,174,23,136,7,135,171,57,22,130,163,122,12,185,149,98,193,191,38,196,161,66,45,105,194,115,46,44,37,190,109,10,184,51,34,91,69,28,8,118,180,159,140,48,92,90,131,148,93,14,178,142,85,61,145,94,13,101,75,36,176,26,164,128,52,2,167,107,123,50,146,65,198,186,82,49,133,189,132,170,77,25,18,4,84,88,70,108,21,106,154,59,197,24,32,86,111,110,11,152,72,127,30,114,182,139,29,137,158,175,6,1,117,120,157,173,17,79,199,27,169,172,39,78,55,125,33,192,165,40,87,181,68,9,103,162,147,153,15,144,156,155,31,143,53,183,97,41,0,89,102,62,5,134,112,104,99,63,74,20,138,168,188,126,16,71,19,83,60,179,47,43,187,76,151,141,80,58,64,96,177,42,166,3,195,119,81,67,129,35,150,56,100,54,113,116,124,160,95,121];True
8415;7184;15599;[73,174,23,136,7,135,171,57,22,130,163,122,12,185,149,98,193,191,38,196,161,66,45,105,194,115,46,44,37,190,109,10,184,51,34,91,69,28,8,118,180,159,140,48,92,90,131,148,93,14,178,142,85,61,145,94,13,101,75,36,176,26,97,128,52,2,167,107,123,50,146,65,198,186,82,49,133,189,132,170,77,25,18,4,84,88,70,108,21,106,154,59,197,24,32,86,111,110,11,152,72,127,30,114,182,139,29,137,158,175,6,1,117,120,157,173,17,79,199,27,169,172,39,78,55,125,33,192,165,40,87,181,68,9,103,162,147,153,15,144,156,155,31,143,53,183,164,41,0,89,102,62,5,134,112,104,99,63,74,20,138,168,188,126,16,71,19,83,60,179,47,43,187,76,151,141,80,58,64,96,177,42,166,3,195,119,81,67,129,35,150,56,100,54,113,116,124,160,95,121];True
8365;7245;15610;[73,174,23,136,7,135,171,57,22,130,163,122,12,185,149,98,193,191,38,196,161,66,45,105,194,115,46,44,37,190,109,10,184,51,34,91,69,28,8,118,180,159,140,48,92,90,131,148,93,14,178,142,85,61,145,94,13,101,75,36,176,26,97,128,52,29,167,107,123,50,146,65,198,186,82,49,133,189,132,170,77,25,18,4,84,88,70,108,21,106,154,59,197,24,32,86,111,110,11,152,72,127,30,114,182,139,2,137,158,175,6,1,117,120,157,173,17,79,199,27,169,172,39,78,55,125,33,192,165,40,87,181,68,9,103,162,147,153,15,144,156,155,31,143,53,183,164,41,0,89,102,62,5,134,112,104,99,63,74,20,138,168,188,126,16,71,19,83,60,179,47,43,187,76,151,141,80,58,64,96,177,42,166,3,195,119,81,67,129,35,150,56,100,54,113,116,124,160,95,121];True
8898;6712;15610;[73,174,23,154,163,18,171,57,35,130,75,114,12,185,76,98,193,191,38,196,161,66,20,135,194,115,46,44,37,190,109,19,144,104,34,91,69,28,8,184,180,108,188,48,92,136,131,54,93,14,178,142,6,61,145,94,13,151,110,36,176,3,97,128,129,2,167,107,63,99,155,29,4,126,143,49,148,189,132,170,77,25,105,198,84,85,70,53,51,106,90,59,197,24,72,78,101,141,11,152,86,133,30,52,182,139,65,137,158,175,88,1,117,120,157,173,186,79,42,27,169,172,39,32,138,125,33,192,165,40,87,181,68,9,103,162,147,67,95,118,156,50,31,82,45,183,124,41,149,89,100,62,5,134,112,123,146,21,74,159,55,168,140,17,16,71,10,80,111,179,47,199,187,127,60,7,83,58,64,96,177,43,166,22,195,119,81,153,122,26,150,56,102,0,113,116,164,160,15,121];True
8519;7139;15658;[73,174,23,136,7,135,171,57,3,130,163,122,12,185,149,98,193,191,38,196,161,66,45,105,194,115,46,44,37,190,109,10,184,51,34,91,69,28,8,118,180,159,140,48,92,90,131,148,93,14,178,142,85,61,145,94,13,101,75,36,176,26,97,128,52,2,167,107,123,50,146,65,198,186,82,49,133,189,132,170,77,25,18,4,84,88,70,108,21,106,154,59,197,24,86,32,111,110,11,152,72,127,30,114,182,139,29,137,158,175,6,1,117,120,157,173,17,79,199,27,169,172,39,78,55,125,33,192,165,40,87,181,68,9,103,162,147,153,15,144,156,155,31,143,53,183,164,41,0,89,102,62,5,134,112,104,99,63,74,20,138,168,188,126,16,71,19,83,60,179,47,43,187,76,151,141,80,58,64,96,177,42,166,22,195,119,81,67,129,35,150,56,100,54,113,116,124,160,95,121];True
8578;7105;15683;[73,174,23,136,7,135,171,57,3,130,163,122,12,185,149,98,193,191,38,196,161,66,45,105,194,115,46,44,37,190,109,10,184,51,34,91,69,28,8,118,180,159,140,48,92,90,131,148,93,14,178,142,85,61,145,94,13,101,75,36,176,26,97,128,52,2,167,107,123,50,146,65,198,186,82,49,133,189,132,170,77,25,18,4,84,88,70,108,21,106,154,59,197,24,86,32,111,110,11,152,72,127,30,114,182,139,29,137,158,175,6,1,117,120,157,173,17,79,199,27,169,172,39,78,55,125,33,192,165,40,87,181,68,9,103,162,147,153,95,144,156,155,31,143,53,183,164,41,0,89,102,62,5,134,112,104,99,63,74,20,138,168,188,126,16,71,19,83,60,179,47,43,187,76,151,141,80,58,64,96,177,42,166,22,195,119,81,67,129,35,150,56,100,54,113,116,124,160,15,121];True
8994;6704;15698;[73,174,23,142,163,18,171,57,35,130,75,114,12,185,76,98,193,191,38,196,161,66,20,135,194,115,46,44,37,190,109,19,118,104,34,91,69,28,8,184,180,108,188,48,92,136,131,54,93,14,178,154,6,61,145,94,13,151,110,36,32,3,97,128,129,2,167,107,63,99,155,29,4,126,143,49,148,189,132,170,77,25,105,198,84,85,70,53,51,106,90,59,197,24,72,78,101,141,11,152,86,133,30,52,182,139,65,137,158,175,88,1,117,120,157,173,186,79,42,27,169,172,39,176,138,125,33,192,165,40,87,181,68,9,103,162,147,67,95,144,156,50,31,82,45,183,124,41,149,89,100,62,5,134,112,123,146,21,74,159,55,168,140,17,16,71,10,80,111,179,47,199,187,127,60,7,83,58,64,96,177,43,166,22,195,119,81,153,122,26,150,56,102,0,113,116,164,160,15,121];True
8810;6892;15702;[73,174,23,26,32,18,52,40,35,130,75,114,12,185,128,176,193,160,38,196,161,126,20,135,194,115,157,44,37,136,184,19,46,63,34,91,69,28,8,109,180,108,188,104,190,94,131,54,93,124,29,142,88,61,89,143,13,151,119,36,163,3,97,133,129,2,167,107,48,99,106,65,4,70,41,86,148,189,132,170,77,25,105,198,84,85,66,144,146,51,90,59,197,24,72,78,101,141,11,145,100,76,30,98,182,139,178,67,158,175,6,1,117,57,150,173,186,79,42,27,169,172,39,95,138,125,33,192,165,120,87,181,68,9,103,92,147,137,171,53,155,156,31,82,45,183,162,154,149,152,49,0,83,134,112,123,50,21,74,159,55,168,140,17,16,71,10,80,111,179,47,199,187,127,58,7,102,60,64,96,177,153,166,22,195,110,81,43,122,14,118,56,5,62,113,116,164,191,15,121];True
9010;6699;15709;[73,174,23,154,163,18,171,57,35,130,75,114,12,185,76,98,193,191,38,196,161,66,20,135,194,115,46,44,37,190,109,19,184,104,34,91,69,28,8,118,180,108,188,48,92,136,131,54,93,14,178,142,6,61,145,94,13,151,110,36,176,3,97,128,129,2,167,107,63,99,155,29,4,126,143,49,148,189,132,170,77,25,105,198,84,85,70,53,51,106,90,22,197,24,72,78,101,141,11,152,86,133,30,52,182,139,65,137,158,175,88,1,117,120,157,173,186,79,42,27,169,172,39,32,138,125,33,192,165,40,87,181,68,9,103,162,147,67,95,144,156,50,31,82,45,183,124,41,149,89,100,62,5,134,112,123,146,21,74,159,55,168,140,17,16,71,10,80,111,179,47,199,187,127,60,7,83,58,64,96,177,43,166,59,195,119,81,153,122,26,150,56,102,0,113,116,164,160,15,121];True
9033;6696;15729;[73,174,23,154,163,18,171,57,35,130,75,114,12,185,76,98,193,191,38,196,161,66,20,135,194,115,46,44,37,190,109,19,184,104,34,91,69,28,8,118,180,108,188,48,92,136,131,54,93,14,178,142,6,61,145,94,13,151,110,36,176,3,97,128,52,2,167,107,63,99,155,29,4,126,143,49,148,189,132,170,77,25,105,198,84,85,70,53,51,106,90,59,197,24,72,78,101,141,11,152,86,133,30,129,182,139,65,137,158,175,88,1,117,120,157,173,186,79,179,27,169,172,39,32,138,125,33,192,165,40,87,181,68,9,103,162,147,67,95,144,156,50,31,82,45,183,124,41,149,89,100,62,5,134,112,123,146,21,74,159,55,168,140,17,16,71,10,80,111,42,47,199,187,127,60,7,83,58,64,96,177,43,166,22,195,119,81,153,122,26,150,56,102,0,113,116,164,160,15,121];True
9070;6695;15765;[73,174,23,154,163,18,171,57,35,130,75,114,12,185,76,98,193,191,38,196,161,66,20,135,194,115,46,44,37,190,109,19,184,104,34,91,69,28,8,118,180,108,188,48,92,136,131,54,93,14,178,142,6,61,145,94,13,151,110,36,176,3,97,128,129,2,167,107,63,99,155,29,4,126,143,49,148,189,132,170,77,25,105,198,84,85,70,53,51,106,90,59,197,24,72,78,101,141,11,152,86,133,30,52,182,139,65,137,158,175,88,1,117,120,157,173,186,79,42,27,169,172,39,32,138,125,33,192,165,40,87,181,68,9,103,162,147,67,95,144,156,50,31,82,45,183,124,41,149,89,100,62,5,134,112,123,146,21,74,159,55,168,140,17,16,71,10,80,111,179,47,199,187,127,60,7,83,58,64,96,177,43,166,22,195,119,81,153,122,26,150,56,102,0,113,116,164,160,15,121];True
9084;6694;15778;[73,174,23,154,163,18,171,57,35,130,75,114,12,185,76,98,193,191,38,196,161,66,20,135,194,115,46,44,37,190,109,19,45,104,34,91,69,28,8,118,180,108,188,48,92,136,131,54,93,14,178,142,6,61,145,94,13,151,110,36,176,3,97,128,52,2,167,107,63,99,155,29,4,126,143,49,148,189,132,170,77,25,105,198,84,85,70,53,51,106,90,59,197,24,72,78,101,141,11,152,86,133,30,129,182,139,65,137,158,175,88,1,117,120,157,173,186,79,42,27,169,172,39,32,138,125,33,192,165,40,87,181,68,9,103,162,147,67,95,144,156,50,31,82,184,183,124,41,149,89,100,62,5,134,112,123,146,21,74,159,55,168,140,17,16,71,10,80,111,179,47,199,187,127,60,7,83,58,64,96,177,43,166,22,195,119,81,153,122,26,150,56,102,0,113,116,164,160,15,121];True
8708;7074;15782;[73,174,23,136,7,135,171,57,3,130,163,122,12,185,149,98,193,191,38,196,161,66,45,105,194,115,46,44,37,190,109,10,184,51,34,91,69,28,8,118,180,159,188,48,92,90,131,148,93,14,178,142,85,61,145,94,13,101,75,36,176,26,97,128,52,2,167,107,123,50,146,65,198,186,82,49,133,189,132,170,77,25,18,4,84,88,70,108,21,106,154,59,197,24,86,32,111,110,11,152,72,127,30,114,182,139,29,137,158,175,6,1,117,120,157,173,17,79,199,27,169,172,39,78,55,125,33,192,165,40,87,181,68,9,103,162,147,153,95,144,156,155,31,143,53,183,164,41,0,89,102,62,5,134,112,104,99,63,74,20,138,168,140,126,16,71,19,83,60,179,47,43,187,76,151,141,80,58,64,96,177,42,166,22,195,119,81,67,129,35,150,56,100,54,113,116,124,160,15,121];True
9183;6602;15785;[73,174,23,136,163,18,171,57,3,130,75,122,12,185,148,98,193,191,38,196,161,66,45,126,194,115,46,44,37,190,109,10,184,51,34,91,69,28,8,118,180,20,188,48,92,90,131,54,93,14,178,142,6,61,145,94,13,101,141,36,176,35,97,128,52,2,167,107,123,50,155,29,198,17,82,49,133,189,132,170,95,25,105,4,84,88,70,108,21,106,154,59,197,24,72,78,111,110,11,152,86,127,30,114,182,139,65,137,158,175,85,1,117,120,157,173,186,79,42,27,169,172,39,32,138,125,33,192,165,40,87,181,68,9,103,162,147,67,77,144,156,99,31,143,53,183,164,41,149,89,100,62,5,134,112,104,146,140,74,159,55,168,63,135,16,71,19,83,60,179,47,43,187,76,151,7,80,58,64,96,177,199,166,22,195,119,81,153,129,26,150,56,102,0,113,116,124,160,15,121];True
8788;7018;15806;[73,174,23,136,7,135,171,57,3,130,163,122,12,185,149,98,193,191,38,196,161,66,45,105,194,115,46,44,37,190,109,10,184,51,34,91,69,28,8,118,180,159,188,48,92,90,131,148,93,14,178,142,85,61,145,94,13,101,75,36,176,26,97,128,52,2,167,107,123,50,146,65,198,186,82,49,133,189,132,170,77,25,18,4,84,88,70,108,21,106,154,59,197,24,86,78,111,110,11,152,72,127,30,114,182,139,29,137,158,175,6,1,117,120,157,173,17,79,199,27,169,172,39,32,55,125,33,192,165,40,87,181,68,9,103,162,147,153,95,144,156,155,31,143,53,183,164,41,0,89,102,62,5,134,112,104,99,63,74,20,138,168,140,126,16,71,19,83,60,179,47,43,187,76,151,141,80,58,64,96,177,42,166,22,195,119,81,67,129,35,150,56,100,54,113,116,124,160,15,121];True
8797;7013;15810;[73,174,23,136,7,135,171,57,3,130,163,122,12,185,149,98,193,191,38,196,161,66,45,18,194,115,46,44,37,190,109,10,184,51,34,91,69,28,8,118,180,159,188,48,92,90,131,148,93,14,178,142,85,61,145,94,13,101,75,36,176,26,97,128,52,2,167,107,123,50,146,65,198,186,82,49,133,189,132,170,77,25,105,4,84,88,70,108,21,106,154,59,197,24,86,78,111,110,11,152,72,127,30,114,182,139,29,137,158,175,6,1,117,120,157,173,17,79,199,27,169,172,39,32,55,125,33,192,165,40,87,181,68,9,103,162,147,153,95,144,156,155,31,143,53,183,164,41,0,89,102,62,5,134,112,104,99,63,74,20,138,168,140,126,16,71,19,83,60,179,47,43,187,76,151,141,80,58,64,96,177,42,166,22,195,119,81,67,129,35,150,56,100,54,113,116,124,160,15,121];True
9138;6690;15828;[73,174,23,154,163,18,171,57,35,130,75,114,12,185,76,98,193,191,38,196,161,66,20,135,194,115,46,44,37,190,109,10,184,104,34,91,69,28,8,118,180,108,188,48,92,90,131,54,93,14,178,82,6,61,145,94,13,151,110,36,176,3,97,128,52,2,167,107,63,99,155,29,4,126,143,49,148,189,132,170,77,25,105,198,84,85,70,53,51,106,136,59,197,24,72,78,101,141,11,152,86,133,30,129,182,139,65,137,158,175,88,1,117,120,157,173,186,79,42,27,169,172,39,32,138,125,33,192,165,40,87,181,68,9,103,162,147,67,95,144,123,50,31,142,45,183,124,41,149,89,100,62,5,134,112,156,146,21,74,159,55,168,140,17,16,71,19,80,111,179,47,199,187,127,60,7,83,58,64,96,177,43,166,22,195,119,81,153,122,26,150,56,102,0,113,116,164,160,15,121];True
9168;6673;15841;[73,174,23,154,163,18,171,57,35,130,75,114,12,185,76,98,193,191,38,196,161,66,20,135,194,115,46,44,37,190,109,10,184,104,34,91,69,28,8,118,180,108,188,48,92,90,131,54,93,14,178,142,88,61,145,94,13,151,110,36,176,3,97,128,52,2,167,107,63,99,155,29,4,126,143,49,148,189,132,170,77,25,105,198,84,85,70,53,51,106,136,59,197,24,72,78,101,141,11,152,86,127,30,129,182,139,65,137,158,175,6,1,117,120,157,173,186,79,42,27,169,172,39,32,138,125,33,192,165,40,87,181,68,9,103,162,147,67,95,144,123,50,31,82,45,183,124,41,149,89,100,62,5,134,112,156,146,21,74,159,55,168,140,17,16,71,19,83,111,179,47,199,187,133,60,7,80,58,64,96,177,43,166,22,195,119,81,153,122,26,150,56,102,0,113,116,164,160,15,121];True
9251;6599;15850;[73,174,23,136,163,18,171,57,3,130,75,122,12,185,148,98,193,191,38,196,161,66,45,126,194,115,46,44,37,190,109,10,184,51,34,91,69,28,8,118,180,108,188,48,92,90,131,54,93,14,71,142,6,61,145,94,13,101,141,36,176,35,97,128,52,2,167,107,123,50,155,29,198,17,82,49,133,189,132,170,77,25,105,4,84,88,70,20,21,106,154,59,197,24,72,78,111,110,11,152,86,127,30,114,182,139,65,137,158,175,85,1,117,120,157,173,186,79,42,27,169,172,39,32,138,125,33,192,165,40,87,181,68,9,103,162,147,67,95,144,156,99,31,143,53,183,124,41,149,89,100,62,5,134,112,104,146,140,74,159,55,168,63,135,16,178,19,83,60,179,47,43,187,76,151,7,80,58,64,96,177,199,166,22,195,119,81,153,129,26,150,56,102,0,113,116,164,160,15,121];True
9267;6585;15852;[73,174,23,136,163,18,171,57,3,130,170,122,12,185,148,98,193,191,38,196,161,66,45,126,194,115,46,44,37,190,109,10,184,51,34,91,69,28,8,118,180,20,188,48,92,90,131,54,93,14,178,142,6,61,145,94,13,101,141,36,176,35,97,128,52,2,167,107,123,50,155,29,198,17,82,49,133,189,132,75,77,25,105,4,84,88,70,108,21,106,154,59,197,24,72,78,111,110,11,152,86,127,30,114,182,139,65,137,158,175,85,1,117,120,157,173,186,79,42,27,169,172,39,32,138,125,33,192,165,40,87,181,68,9,103,162,147,67,95,144,156,99,31,143,53,183,164,41,149,89,100,62,5,134,112,104,146,140,74,159,55,168,63,135,16,71,19,83,60,179,47,43,187,76,151,7,80,58,64,96,177,199,166,22,195,119,81,153,129,26,150,56,102,0,113,116,124,160,15,121];True
9265;6589;15854;[73,174,23,136,163,18,171,57,3,130,75,122,12,185,148,98,193,191,38,196,161,66,45,126,194,115,46,44,37,190,109,125,184,51,34,91,69,28,8,118,180,20,188,48,92,90,131,54,93,14,178,142,6,61,145,94,13,101,141,36,176,35,97,128,52,2,167,107,123,50,155,29,198,17,82,49,133,189,132,170,77,25,105,4,84,88,70,108,21,106,154,59,197,24,72,78,111,110,11,152,86,127,30,114,182,139,65,137,158,175,85,1,117,120,157,173,186,79,42,27,169,172,39,32,138,10,33,192,165,40,87,181,68,9,103,162,147,67,95,144,156,99,31,143,53,183,164,41,149,89,100,62,5,134,112,104,146,140,74,159,55,168,63,135,16,71,19,83,60,179,47,43,187,76,151,7,80,58,64,96,177,199,166,22,195,119,81,153,129,26,150,56,102,0,113,116,124,160,15,121];True
9304;6583;15887;[73,174,23,136,163,18,171,57,3,130,75,122,12,185,148,98,193,191,38,196,161,66,45,126,194,115,46,44,37,190,109,10,184,51,34,91,69,28,8,118,180,108,188,48,92,90,131,54,93,14,178,142,6,61,145,94,13,101,141,36,176,35,97,128,52,2,167,107,123,50,155,29,198,17,82,49,133,189,132,170,77,25,105,4,84,88,70,20,21,106,154,59,197,24,72,78,111,110,11,152,86,127,30,114,182,139,135,137,158,175,85,1,117,120,157,173,186,79,42,27,169,172,39,32,138,125,33,192,165,40,87,181,68,9,103,162,147,67,95,144,156,99,31,143,53,183,124,41,149,89,100,62,5,134,112,104,146,140,74,159,55,168,63,65,16,71,19,83,60,179,47,43,187,76,151,7,80,58,64,96,177,199,166,22,195,119,81,153,129,26,150,56,102,0,113,116,164,160,15,121];True
9325;6581;15906;[73,174,23,136,75,18,171,57,3,130,163,122,12,185,54,98,193,191,38,196,161,66,45,135,194,115,46,44,37,190,109,10,184,51,34,91,69,28,8,118,180,159,188,48,92,90,131,148,93,14,178,142,67,61,145,94,13,101,141,36,176,35,97,128,52,2,167,107,123,50,155,65,198,17,82,49,133,189,132,170,77,25,105,4,84,88,70,108,21,106,154,59,197,24,72,78,111,110,11,152,86,127,30,114,182,139,29,137,158,175,85,1,117,120,157,173,186,79,42,27,169,172,39,32,55,125,33,192,165,40,87,181,68,9,103,162,147,6,95,144,156,146,31,143,53,183,164,41,149,89,102,62,5,134,112,104,99,63,74,20,138,168,140,126,16,71,19,83,60,179,47,43,187,76,151,7,80,58,64,96,177,199,166,22,195,119,81,153,129,26,150,56,100,0,113,116,124,160,15,121];True
9363;6579;15942;[73,174,23,136,75,18,171,57,3,130,163,122,12,185,54,98,193,191,38,196,161,66,45,135,194,115,46,44,37,190,109,10,121,51,34,91,69,28,8,118,180,159,188,48,92,90,131,148,93,14,178,142,6,61,145,94,13,101,141,36,176,35,97,128,52,2,167,107,123,50,155,65,198,17,82,49,133,189,132,170,77,25,105,4,84,88,70,108,21,106,154,59,197,24,72,78,111,110,11,152,86,127,30,114,182,139,29,137,158,175,85,1,117,120,157,173,186,79,42,27,169,172,39,32,55,125,33,192,165,40,87,181,68,9,103,162,147,67,95,144,156,146,31,143,53,183,164,41,149,89,102,62,5,134,112,104,99,63,74,20,138,168,140,126,16,71,19,83,60,179,47,43,187,76,151,7,80,58,64,96,177,199,166,22,195,119,81,153,129,26,150,56,100,0,113,116,124,160,15,184];True
9371;6575;15946;[73,174,23,136,163,18,171,57,3,130,75,122,12,185,54,98,193,191,38,196,161,66,45,135,194,115,46,44,37,190,109,10,184,51,34,91,69,28,8,118,180,20,188,48,92,90,131,148,93,14,178,142,6,61,145,94,13,101,141,36,176,35,97,128,52,2,167,107,123,50,155,65,198,17,82,49,133,189,132,170,77,25,105,4,84,88,70,108,21,106,154,59,129,24,72,78,111,110,11,152,86,127,30,114,182,139,29,137,158,175,85,1,117,120,157,173,186,79,42,27,169,172,39,32,138,125,33,192,165,40,87,181,68,9,103,162,147,67,95,144,156,146,31,143,53,183,164,41,149,89,102,62,5,134,112,104,99,63,74,159,55,168,140,126,16,71,19,83,60,179,47,43,187,76,151,7,80,58,64,96,177,199,166,22,195,119,81,153,197,26,150,56,100,0,113,116,124,160,15,121];True
9416;6571;15987;[73,174,23,136,75,18,171,57,3,130,163,122,12,185,54,98,193,191,38,196,161,66,45,135,194,115,46,44,37,190,109,10,184,168,34,91,69,28,8,118,180,159,188,48,92,90,131,148,93,14,178,142,6,61,145,94,13,101,141,36,176,35,97,128,52,2,167,107,123,50,155,65,198,17,82,49,133,189,132,170,77,25,105,4,84,88,70,108,21,106,154,59,197,24,72,78,111,110,11,152,86,127,30,114,182,139,29,137,158,175,85,1,117,120,157,173,186,79,42,27,169,172,39,32,55,125,33,192,165,40,87,181,68,9,103,162,147,67,95,144,156,146,31,143,53,183,164,41,149,89,102,62,5,134,112,104,99,63,74,20,138,51,140,126,16,71,19,83,60,179,47,43,187,76,151,7,80,58,64,96,177,199,166,22,195,119,81,153,129,26,150,56,100,0,113,116,124,160,15,121];True
9430;6562;15992;[73,174,23,136,75,18,171,57,3,130,163,122,12,185,54,98,193,6,38,196,161,66,45,135,194,115,46,44,37,190,109,10,184,51,34,91,69,28,8,118,180,159,188,48,92,90,131,148,93,14,178,142,191,61,145,94,13,101,141,36,176,35,97,128,52,2,167,107,123,50,155,65,198,17,82,49,133,189,132,170,77,25,105,4,84,88,70,108,21,106,154,59,197,24,72,78,111,110,11,152,86,127,30,114,182,139,29,137,158,175,85,1,117,120,157,173,186,79,42,27,169,172,39,32,55,125,33,192,165,40,87,181,68,9,103,162,147,67,95,144,156,146,31,143,53,183,164,41,149,89,102,62,5,134,112,104,99,63,74,20,138,168,140,126,16,71,19,83,60,179,47,43,187,76,151,7,80,58,64,96,177,199,166,22,195,119,81,153,129,26,150,56,100,0,113,116,124,160,15,121];True
9425;6570;15995;[73,174,23,136,67,18,171,57,3,130,163,122,12,185,54,98,193,191,38,196,161,66,45,135,194,115,46,44,37,190,109,10,184,51,34,91,69,28,8,118,180,159,188,48,92,90,131,148,93,14,178,142,6,61,145,94,13,101,141,36,176,35,97,128,52,2,167,107,123,50,155,65,198,17,82,49,133,189,132,170,77,25,105,4,84,88,70,108,21,106,154,59,197,24,72,78,111,110,11,152,86,127,30,114,182,139,29,137,158,175,85,1,117,120,157,173,186,79,42,27,169,172,39,32,55,125,33,192,165,40,87,181,68,9,103,162,147,75,95,144,156,146,31,143,53,183,164,41,149,89,102,62,5,134,112,104,99,63,74,20,138,168,140,126,16,71,19,83,60,179,47,43,187,76,151,7,80,58,64,96,177,199,166,22,195,119,81,153,129,26,150,56,100,0,113,116,124,160,15,121];True
9533;6559;16092;[73,174,23,136,75,18,171,57,3,130,163,122,12,185,54,98,193,191,38,196,161,66,45,135,194,115,46,44,37,190,109,10,184,51,34,91,69,28,8,118,180,159,188,48,92,90,131,148,93,14,178,142,6,61,145,94,13,101,141,36,176,35,97,128,52,2,167,107,123,50,155,65,198,17,82,49,133,189,132,170,77,25,105,4,84,88,70,108,21,106,154,59,197,24,72,78,111,110,11,152,86,127,30,114,182,139,29,137,158,175,85,1,117,120,157,173,186,79,42,27,169,172,39,32,55,125,33,192,165,40,87,181,68,9,103,162,147,67,95,144,156,146,31,143,53,183,164,41,149,89,102,62,5,134,112,104,99,63,74,20,138,168,140,126,16,71,19,83,60,179,47,43,187,76,151,7,80,58,64,96,177,199,166,22,195,119,81,153,129,26,150,56,100,0,113,116,124,160,15,121];True
9633;6558;16191;[73,174,23,136,75,18,171,57,3,130,163,122,12,185,0,98,193,191,38,196,161,66,45,135,194,115,46,44,37,190,109,10,150,51,34,91,69,28,8,118,180,159,188,48,92,90,131,148,93,14,178,142,6,61,145,94,13,101,141,36,176,35,97,128,52,2,167,107,123,50,155,65,198,17,82,49,133,189,132,170,77,25,105,4,84,88,70,108,21,106,154,59,197,24,72,78,111,110,11,152,86,127,30,114,182,139,29,137,158,175,85,1,117,120,157,173,186,79,42,27,169,172,39,32,55,125,33,192,165,40,87,181,68,9,103,162,147,67,95,144,156,146,31,143,53,183,164,41,149,89,102,62,5,134,112,104,99,63,74,20,138,168,140,126,16,71,19,83,60,179,47,43,187,76,151,7,80,58,64,96,177,199,166,22,195,119,81,153,129,26,184,56,100,54,113,116,124,160,15,121];True
9656;6555;16211;[73,174,23,136,75,18,171,57,3,130,163,122,12,185,0,98,193,191,38,196,161,66,45,135,194,115,46,44,37,190,109,10,184,51,34,91,69,28,8,118,180,159,188,48,92,90,131,148,93,14,178,142,6,61,145,94,13,101,141,36,176,35,97,128,52,2,167,107,123,50,155,65,198,17,82,49,133,189,132,170,77,25,105,4,84,88,70,108,21,106,154,59,197,24,72,78,111,110,11,152,86,127,30,114,182,139,29,137,158,175,85,1,117,120,157,173,186,79,42,27,169,172,39,32,55,125,33,192,165,40,87,181,68,9,103,162,147,67,95,144,156,146,31,143,53,183,164,41,149,89,102,62,5,134,112,104,99,63,74,20,138,168,140,126,16,71,19,83,60,179,47,43,187,76,151,7,80,58,64,96,177,199,166,22,195,119,81,153,129,26,150,56,100,54,113,116,124,160,15,121];True
9790;6553;16343;[73,174,23,136,75,18,171,57,3,130,163,122,12,185,0,98,193,191,38,196,161,66,45,135,194,115,46,44,37,190,109,10,184,51,34,91,69,28,8,118,180,159,188,48,92,90,131,148,93,14,178,142,6,61,145,94,13,101,7,89,176,35,97,128,52,2,167,107,123,50,155,65,198,17,82,49,133,189,132,170,77,25,105,4,84,88,70,108,21,106,154,59,197,24,72,78,111,110,11,152,86,127,30,114,182,139,29,137,158,175,85,1,117,120,157,173,186,79,42,27,169,172,39,32,55,125,33,192,165,40,87,181,68,9,103,162,147,67,95,144,156,146,31,143,53,183,164,41,149,36,102,62,5,134,112,104,99,63,74,20,138,168,140,126,16,71,19,83,60,179,47,43,187,76,151,141,80,58,64,96,177,199,166,22,195,119,81,153,129,26,150,56,100,54,113,116,124,160,15,121];True
9853;6552;16405;[73,174,23,136,75,18,171,57,3,130,163,122,12,185,0,98,193,191,38,196,161,66,45,135,194,115,46,44,37,190,109,10,184,51,34,91,69,28,8,118,180,159,188,48,92,90,131,148,93,14,178,142,6,61,145,94,13,101,7,36,176,35,97,128,52,2,167,107,123,50,155,65,198,17,82,49,133,189,132,170,77,25,105,4,84,88,70,108,21,106,154,59,197,24,72,78,111,110,11,152,86,127,30,114,182,139,29,137,158,175,85,1,117,120,157,173,186,79,42,27,169,172,39,32,55,125,33,192,165,40,87,181,68,9,103,162,147,67,95,144,156,146,31,143,53,183,164,41,149,89,102,62,5,134,112,104,99,63,74,20,138,168,140,126,16,71,19,83,60,179,47,43,187,76,151,141,80,58,64,96,177,199,166,22,195,119,81,153,129,26,150,56,100,54,113,116,124,160,15,121];True
