utilA;utilB;utilSum;contract;pareto
2342;7558;9900;[146,114,64,79,185,54,52,25,98,3,120,178,118,48,63,164,9,117,11,104,31,94,127,129,24,23,66,138,126,180,15,1,152,191,190,10,130,65,184,87,6,193,172,60,62,158,75,101,39,107,26,93,147,22,96,100,30,134,137,86,133,136,49,151,175,2,199,20,77,85,19,110,81,153,150,56,92,145,5,42,119,148,167,61,41,173,160,165,59,195,197,14,174,182,157,8,44,21,99,73,140,34,4,29,71,162,198,188,135,183,83,128,112,69,159,12,181,82,192,139,33,78,131,76,40,37,38,176,88,171,189,108,84,68,116,57,0,113,196,36,18,154,156,74,143,194,51,50,53,16,115,45,124,46,55,155,106,90,111,141,177,169,142,28,109,72,163,170,95,91,35,13,67,32,97,58,187,7,122,179,27,43,89,144,70,168,17,103,105,125,149,102,186,161,80,47,132,166,123,121];True
2235;7668;9903;[146,114,64,79,185,62,98,25,115,78,120,178,118,48,63,164,9,117,11,104,31,94,127,129,24,23,66,138,126,180,15,45,152,191,190,10,130,65,184,87,6,193,172,60,54,158,75,101,39,107,26,93,147,22,96,18,30,134,137,86,133,119,187,151,175,2,199,20,77,85,19,110,81,153,150,56,92,145,5,42,52,148,167,61,41,173,160,165,59,195,197,14,174,182,157,8,44,21,99,73,140,34,4,29,71,162,198,188,135,183,83,128,112,69,159,12,181,82,192,139,33,1,131,76,40,37,38,176,88,171,189,108,84,68,116,57,0,113,196,36,49,154,156,74,143,194,51,50,53,16,3,136,124,46,55,155,106,90,111,141,177,169,142,28,109,72,163,170,95,91,35,13,67,32,97,58,100,7,122,179,27,43,89,144,70,168,17,103,105,125,149,102,186,161,80,47,132,166,123,121];True
2361;7551;9912;[34,114,64,79,185,54,52,25,98,3,120,178,118,48,63,164,9,117,11,104,31,94,127,129,24,23,66,138,126,180,15,1,152,191,190,10,130,65,184,87,6,193,172,60,62,158,75,101,39,107,26,93,147,22,96,100,30,134,137,86,133,136,49,151,175,2,199,20,77,85,19,110,81,153,150,56,92,145,5,42,119,148,167,61,41,173,160,165,59,195,197,14,174,182,157,8,44,21,99,73,140,146,4,29,71,162,198,188,135,183,83,128,112,69,159,12,181,82,192,139,33,78,131,76,40,37,38,176,88,171,189,108,84,68,116,57,0,113,196,36,18,154,156,74,143,194,51,50,53,16,115,45,124,46,55,155,106,90,111,141,177,169,142,28,109,72,163,170,95,91,35,13,67,32,97,58,187,7,122,179,27,43,89,144,70,168,17,103,105,125,149,102,186,161,80,47,132,166,123,121];True
2384;7545;9929;[146,114,64,79,185,54,52,199,3,98,120,178,118,48,63,164,9,117,11,104,31,94,127,129,24,23,66,138,126,180,15,1,152,191,190,10,130,65,184,87,6,193,172,60,62,158,75,101,39,107,26,93,147,22,96,100,30,134,137,86,133,136,49,151,175,2,25,20,77,85,19,110,81,153,150,56,92,145,5,42,119,148,167,61,41,173,160,165,59,195,197,14,174,182,157,8,44,21,99,73,140,34,4,29,71,162,198,188,135,183,83,128,112,69,159,12,181,82,192,139,33,78,131,76,40,37,38,176,88,171,189,108,84,68,116,57,0,113,196,36,18,154,156,74,143,194,51,50,53,16,115,45,124,46,55,155,106,90,111,141,177,169,142,28,109,72,163,170,95,91,35,13,67,32,97,58,187,7,122,179,27,43,89,144,70,168,17,103,105,125,149,102,186,161,80,47,132,166,123,121];True
2297;7636;9933;[146,114,64,79,185,54,25,52,61,115,120,178,118,48,63,164,9,117,11,104,31,94,127,129,24,23,66,138,126,180,15,45,152,191,190,10,130,65,184,87,6,193,172,60,62,158,75,101,39,107,26,93,147,22,96,18,30,134,137,86,133,98,187,151,175,2,199,20,77,85,19,110,81,153,150,56,92,145,5,42,119,148,167,1,41,173,160,165,59,195,197,14,174,182,157,8,44,21,99,73,140,34,4,29,71,162,198,188,135,183,83,128,112,69,159,12,181,82,192,139,33,78,131,76,40,37,38,176,88,171,189,108,84,68,116,57,0,113,196,36,49,154,156,74,143,194,51,50,53,16,3,136,124,46,55,155,106,90,111,141,177,169,142,28,109,72,163,170,95,91,35,13,67,32,97,58,100,7,122,179,27,43,89,144,70,168,17,103,105,125,149,102,186,161,80,47,132,166,123,121];True
2314;7619;9933;[146,114,64,79,185,54,167,52,61,115,120,178,118,48,63,164,9,117,11,104,31,94,127,129,24,23,66,138,126,180,15,45,152,191,190,10,130,65,184,87,6,193,172,60,62,158,75,101,39,107,26,93,147,22,96,18,30,134,137,86,133,98,187,151,175,2,199,20,77,85,19,110,81,153,150,56,92,145,5,42,119,148,25,1,41,173,160,165,59,195,197,14,174,182,157,8,44,21,99,73,140,34,4,29,71,162,198,188,135,183,83,128,112,69,159,12,181,82,192,139,33,78,131,76,40,37,38,176,88,171,189,108,84,68,116,57,0,113,196,36,49,154,156,74,143,194,51,50,53,16,3,136,124,46,55,155,106,90,111,141,177,169,142,28,109,72,163,170,95,91,35,13,67,32,97,58,100,7,122,179,27,43,89,144,70,168,17,103,105,125,149,102,186,161,80,47,132,166,123,121];True
2403;7538;9941;[34,114,64,79,185,54,52,199,3,98,120,178,118,48,63,164,9,117,11,104,31,94,127,129,24,23,66,138,126,180,15,1,152,191,190,10,130,65,184,87,6,193,172,60,62,158,75,101,39,107,26,93,147,22,96,100,30,134,137,86,133,136,49,151,175,2,25,20,77,85,19,110,81,153,150,56,92,145,5,42,119,148,167,61,41,173,160,165,59,195,197,14,174,182,157,8,44,21,99,73,140,146,4,29,71,162,198,188,135,183,83,128,112,69,159,12,181,82,192,139,33,78,131,76,40,37,38,176,88,171,189,108,84,68,116,57,0,113,196,36,18,154,156,74,143,194,51,50,53,16,115,45,124,46,55,155,106,90,111,141,177,169,142,28,109,72,163,170,95,91,35,13,67,32,97,58,187,7,122,179,27,43,89,144,70,168,17,103,105,125,149,102,186,161,80,47,132,166,123,121];True
2333;7612;9945;[34,114,64,79,185,54,167,52,61,115,120,178,118,48,63,164,9,117,11,104,31,94,127,129,24,23,66,138,126,180,15,45,152,191,190,10,130,65,184,87,6,193,172,60,62,158,75,101,39,107,26,93,147,22,96,18,30,134,137,86,133,98,187,151,175,2,199,20,77,85,19,110,81,153,150,56,92,145,5,42,119,148,25,1,41,173,160,165,59,195,197,14,174,182,157,8,44,21,99,73,140,146,4,29,71,162,198,188,135,183,83,128,112,69,159,12,181,82,192,139,33,78,131,76,40,37,38,176,88,171,189,108,84,68,116,57,0,113,196,36,49,154,156,74,143,194,51,50,53,16,3,136,124,46,55,155,106,90,111,141,177,169,142,28,109,72,163,170,95,91,35,13,67,32,97,58,100,7,122,179,27,43,89,144,70,168,17,103,105,125,149,102,186,161,80,47,132,166,123,121];True
2284;7666;9950;[146,114,64,79,185,62,98,25,78,115,120,178,118,48,63,164,9,117,11,104,31,94,127,129,24,23,66,138,126,180,15,45,152,191,190,10,130,65,184,87,6,193,172,60,54,158,75,101,39,107,26,93,147,22,96,18,30,134,137,86,133,119,187,151,175,2,199,20,77,85,19,110,81,153,150,56,92,145,5,42,52,148,167,61,41,173,160,165,59,195,197,14,174,182,157,8,44,21,99,73,140,34,4,29,71,162,198,188,135,183,83,128,112,69,159,12,181,82,192,139,33,1,131,76,40,37,38,176,88,171,189,108,84,68,116,57,0,113,196,36,49,154,156,74,143,194,51,50,53,16,3,136,124,46,55,155,106,90,111,141,177,169,142,28,109,72,163,170,95,91,35,13,67,32,97,58,100,7,122,179,27,43,89,144,70,168,17,103,105,125,149,102,186,161,80,47,132,166,123,121];True
2200;7790;9990;[193,153,64,79,185,62,26,9,16,115,120,178,118,48,63,164,96,117,11,104,31,94,127,129,24,23,66,138,126,191,15,45,152,172,190,10,130,65,38,87,6,98,114,60,54,158,75,101,39,107,1,93,147,22,133,18,30,134,137,86,25,119,187,151,175,2,199,20,77,85,19,110,81,52,150,56,92,145,5,42,176,148,167,61,41,173,160,165,59,195,197,14,174,182,157,8,44,21,99,73,140,180,4,29,71,162,198,188,135,183,83,128,112,69,159,12,181,82,192,139,33,78,131,76,40,37,184,146,88,171,189,108,84,68,116,57,0,113,196,36,49,154,156,74,143,194,51,50,53,34,3,136,124,46,55,155,106,90,111,141,177,169,142,28,109,72,163,170,95,91,35,13,67,32,97,58,100,7,122,179,27,43,89,144,70,168,17,103,105,125,149,102,186,161,80,47,132,166,123,121];True
2468;7537;10005;[34,128,64,79,185,54,52,199,3,98,120,178,118,48,63,164,9,117,11,104,31,94,127,129,24,23,66,138,126,180,15,1,152,191,190,10,130,65,184,87,6,193,172,60,62,158,75,101,39,107,26,93,147,22,96,100,30,134,137,86,133,136,49,151,175,2,25,20,77,85,19,110,81,153,150,56,92,145,5,42,119,148,167,61,41,173,160,165,59,195,197,14,174,182,157,8,44,21,99,73,140,146,4,29,71,162,198,188,135,183,83,114,112,69,159,12,181,82,192,139,33,78,131,76,40,37,38,176,88,171,189,108,84,68,116,57,0,113,196,36,18,154,156,74,143,194,51,50,53,16,115,45,124,46,55,155,106,90,111,141,177,169,142,28,109,72,163,170,95,91,35,13,67,32,97,58,187,7,122,179,27,43,89,144,70,168,17,103,105,125,149,102,186,161,80,47,132,166,123,121];True
2234;7786;10020;[31,153,64,79,185,76,26,9,16,115,120,178,118,48,63,164,96,117,11,104,193,94,127,129,24,23,66,138,126,191,15,45,152,172,190,10,130,65,38,87,6,98,114,60,54,158,75,101,39,107,1,93,147,22,133,18,30,134,137,86,25,119,187,151,175,2,199,20,77,85,19,110,81,52,150,56,92,145,5,42,176,148,167,61,41,173,160,165,59,195,197,14,174,182,157,8,44,21,99,73,140,180,4,29,71,162,198,188,135,183,83,128,112,69,159,12,181,82,192,139,33,78,131,62,40,37,184,146,88,171,189,108,84,68,116,57,0,113,196,36,49,154,156,74,143,194,51,50,53,34,3,136,124,46,55,155,106,90,111,141,177,169,142,28,109,72,163,170,95,91,35,13,67,32,97,58,100,7,122,179,27,43,89,144,70,168,17,103,105,125,149,102,186,161,80,47,132,166,123,121];True
2489;7532;10021;[146,114,64,79,185,54,52,199,3,98,120,178,118,48,63,164,9,117,11,104,31,94,127,129,24,23,66,138,126,20,15,1,152,191,190,10,130,65,184,87,6,193,172,60,62,158,75,101,39,107,26,93,147,22,96,100,30,134,137,86,133,136,49,151,175,2,25,180,77,85,19,110,81,153,150,56,92,145,5,42,119,148,167,61,41,173,160,165,59,195,197,14,174,182,157,8,44,21,99,73,140,34,4,29,71,162,198,188,135,183,83,128,112,69,159,12,181,82,192,139,33,78,131,76,40,37,38,176,88,171,189,108,84,68,116,57,0,113,196,36,18,154,156,74,143,194,51,50,53,16,115,45,124,46,55,155,106,90,111,141,177,169,142,28,109,72,163,170,95,91,35,13,67,32,97,58,187,7,122,179,27,43,89,144,70,168,17,103,105,125,149,102,186,161,80,47,132,166,123,121];True
1947;8086;10033;[56,21,48,174,183,72,156,34,3,196,35,78,60,147,66,126,16,77,112,150,6,129,62,120,24,197,26,9,160,143,8,99,106,4,92,49,130,22,38,87,124,94,161,1,7,153,187,127,39,107,76,122,50,53,93,23,30,134,137,86,25,64,101,151,54,158,199,83,117,98,19,110,81,52,182,45,162,61,176,79,185,148,121,73,41,36,46,131,59,133,96,157,138,178,164,173,18,2,198,159,140,118,109,29,154,31,142,15,135,10,43,128,85,152,172,12,181,82,192,139,33,13,111,195,40,37,71,113,88,171,189,194,180,68,116,57,14,149,84,89,5,141,119,69,28,63,51,74,108,65,102,115,125,167,55,155,184,75,80,114,177,169,191,11,104,20,163,170,95,91,90,100,67,32,97,58,0,165,175,179,27,193,136,144,70,168,17,103,105,146,190,188,186,145,42,47,132,166,123,44];True
1984;8056;10040;[56,21,99,106,183,72,156,34,3,196,35,78,60,147,66,126,16,77,112,150,6,129,62,120,24,197,26,9,160,143,8,48,146,4,92,49,130,22,38,87,124,94,161,1,7,153,187,127,39,107,76,122,50,53,93,23,30,134,137,86,25,64,101,151,54,158,199,83,117,98,19,110,81,52,182,45,162,61,176,79,185,148,121,73,41,36,46,131,59,133,96,157,138,178,164,173,18,2,198,159,140,118,109,29,154,31,142,15,135,10,43,128,85,152,172,12,181,82,192,139,33,13,111,195,40,37,71,113,88,171,189,194,180,68,116,57,14,149,84,89,5,141,119,69,28,63,51,74,108,65,102,115,125,167,55,155,184,75,80,114,177,169,191,11,104,20,163,170,95,91,90,100,67,32,97,58,0,165,175,179,27,193,136,144,70,168,17,103,105,174,190,188,186,145,42,47,132,166,123,44];True
1857;8186;10043;[56,21,14,49,156,74,149,34,3,196,35,78,60,147,66,126,16,77,112,150,6,129,62,120,24,197,26,9,160,143,8,99,174,48,92,106,130,22,38,87,124,94,161,1,7,153,187,127,39,107,76,122,50,53,93,23,30,134,137,86,25,64,101,151,54,158,199,83,117,98,19,110,81,52,182,45,162,61,176,79,185,148,121,73,41,36,46,131,59,133,96,157,138,178,164,173,18,2,198,159,140,118,109,29,154,31,142,15,135,10,43,128,85,152,172,12,181,82,192,139,33,13,111,195,40,37,71,113,88,171,189,194,180,68,116,57,4,183,84,89,5,141,119,69,28,63,51,72,108,65,102,115,125,167,55,155,184,75,80,114,177,169,191,11,104,20,163,170,95,91,90,100,67,32,97,58,0,165,175,179,27,193,136,144,70,168,17,103,105,146,190,188,186,145,42,47,132,166,123,44];True
1723;8321;10044;[56,21,0,167,10,176,67,199,3,196,35,78,156,147,66,126,16,77,112,150,6,34,62,120,24,197,26,9,160,143,8,99,174,48,92,106,130,22,38,87,124,94,161,1,7,153,187,127,39,107,76,122,50,53,93,23,30,134,137,86,25,64,101,151,54,158,129,83,117,98,19,110,81,52,182,45,162,61,74,79,185,148,121,73,41,36,46,131,59,133,96,157,138,178,164,173,18,2,198,159,140,118,109,29,154,31,142,15,135,60,43,128,85,152,172,12,181,82,192,139,33,13,111,195,40,37,71,113,88,171,189,194,180,68,116,57,4,183,84,89,5,141,119,69,28,63,51,72,108,65,102,115,14,49,55,155,184,75,80,114,177,169,191,11,104,20,163,170,95,91,90,125,149,32,97,58,100,165,175,179,27,193,136,144,70,168,17,103,105,146,190,188,186,145,42,47,132,166,123,44];True
1972;8075;10047;[56,21,48,106,183,72,156,34,3,196,35,78,60,147,66,126,16,77,112,150,6,129,62,120,24,197,26,9,160,143,8,99,146,4,92,49,130,22,38,87,124,94,161,1,7,153,187,127,39,107,76,122,50,53,93,23,30,134,137,86,25,64,101,151,54,158,199,83,117,98,19,110,81,52,182,45,162,61,176,79,185,148,121,73,41,36,46,131,59,133,96,157,138,178,164,173,18,2,198,159,140,118,109,29,154,31,142,15,135,10,43,128,85,152,172,12,181,82,192,139,33,13,111,195,40,37,71,113,88,171,189,194,180,68,116,57,14,149,84,89,5,141,119,69,28,63,51,74,108,65,102,115,125,167,55,155,184,75,80,114,177,169,191,11,104,20,163,170,95,91,90,100,67,32,97,58,0,165,175,179,27,193,136,144,70,168,17,103,105,174,190,188,186,145,42,47,132,166,123,44];True
1920;8128;10048;[56,21,48,106,156,74,149,34,3,196,35,78,60,147,66,126,16,77,112,150,6,129,62,120,24,197,26,9,160,143,8,99,174,4,92,49,130,22,38,87,124,94,161,1,7,153,187,127,39,107,76,122,50,53,93,23,30,134,137,86,25,64,101,151,54,158,199,83,117,98,19,110,81,52,182,45,162,61,176,79,185,148,121,73,41,36,46,131,59,133,96,157,138,178,164,173,18,2,198,159,140,118,109,29,154,31,142,15,135,10,43,128,85,152,172,12,181,82,192,139,33,13,111,195,40,37,71,113,88,171,189,194,180,68,116,57,14,183,84,89,5,141,119,69,28,63,51,72,108,65,102,115,125,167,55,155,184,75,80,114,177,169,191,11,104,20,163,170,95,91,90,100,67,32,97,58,0,165,175,179,27,193,136,144,70,168,17,103,105,146,190,188,186,145,42,47,132,166,123,44];True
1711;8343;10054;[56,21,0,167,10,176,2,199,3,196,35,78,156,147,66,126,16,77,112,150,6,34,62,120,24,197,26,9,160,143,8,99,174,48,92,106,130,22,38,87,124,94,161,1,7,153,187,127,39,107,76,122,50,53,93,23,30,134,137,86,25,64,101,151,54,158,129,83,117,98,19,110,81,52,182,45,162,61,74,79,185,148,121,73,41,36,46,131,59,133,96,157,138,178,164,173,18,183,198,159,140,118,109,29,154,31,142,15,135,60,43,128,85,152,172,12,181,82,192,139,33,13,111,195,40,37,71,113,88,171,189,194,180,68,116,57,4,67,84,89,5,141,119,69,28,63,51,72,108,65,102,115,14,49,55,155,184,75,80,114,177,169,191,11,104,20,163,170,95,91,90,125,149,32,97,58,100,165,175,179,27,193,136,144,70,168,17,103,105,146,190,188,186,145,42,47,132,166,123,44];True
2127;7930;10057;[4,109,21,73,146,118,48,174,191,11,35,78,60,147,66,126,154,77,112,87,6,129,62,120,24,197,26,9,160,143,8,190,74,108,106,49,130,22,38,150,124,94,161,1,7,153,187,127,39,107,76,122,156,34,93,23,30,134,137,86,25,64,101,151,54,158,199,83,117,98,19,110,81,52,182,113,196,61,176,79,185,148,121,92,41,36,46,131,59,133,96,157,138,178,164,173,18,2,198,159,140,99,56,29,65,31,142,15,135,10,43,128,85,152,172,12,181,82,192,139,33,13,111,195,40,37,183,162,88,171,189,194,180,68,116,57,14,149,84,89,5,141,119,69,28,63,51,50,53,16,102,115,125,167,55,155,184,75,80,114,177,169,3,72,104,20,163,170,95,91,90,100,67,32,97,58,0,165,175,179,27,193,136,144,70,168,17,103,105,71,45,188,186,145,42,47,132,166,123,44];True
1944;8117;10061;[3,49,112,69,26,176,67,129,8,16,94,118,92,108,21,99,106,196,25,150,56,18,62,120,24,197,126,121,160,143,117,2,98,71,48,10,130,22,38,34,124,6,75,43,165,153,187,127,39,107,87,122,50,53,93,23,30,134,137,86,76,64,101,151,54,158,199,45,77,85,19,110,81,52,182,28,162,78,60,79,185,148,167,61,41,36,46,131,59,133,96,157,138,178,164,173,66,74,198,159,140,9,109,29,154,156,142,15,135,146,83,128,1,152,172,12,181,82,192,139,33,13,111,195,40,37,184,35,88,171,189,194,31,68,116,57,0,113,84,89,5,141,119,4,183,63,51,72,147,65,102,115,14,20,55,155,73,161,80,114,177,169,191,11,104,180,163,170,95,91,90,125,149,32,97,58,100,7,175,179,27,193,136,144,70,168,17,103,105,174,190,188,186,145,42,47,132,166,123,44];True
2544;7518;10062;[146,114,64,79,185,54,52,57,3,98,120,178,118,48,63,164,9,117,11,104,31,94,127,129,24,23,66,138,126,20,15,1,152,191,190,10,130,65,184,87,6,193,172,60,62,158,75,101,39,107,26,93,147,22,96,100,30,134,137,86,133,136,49,151,175,2,25,180,77,85,19,110,81,153,150,56,92,145,5,42,119,148,167,61,41,173,160,165,59,195,197,14,174,182,157,8,44,21,99,73,140,34,4,29,71,162,198,188,135,183,83,128,112,69,159,12,181,82,192,139,33,78,131,76,40,37,38,176,88,171,189,108,84,68,116,199,0,113,196,36,18,154,156,74,143,194,51,50,53,16,115,45,124,46,55,155,106,90,111,141,177,169,142,28,109,72,163,170,95,91,35,13,67,32,97,58,187,7,122,179,27,43,89,144,70,168,17,103,105,125,149,102,186,161,80,47,132,166,123,121];True
1806;8258;10064;[56,21,14,167,10,176,67,129,8,196,35,78,156,147,66,126,16,77,112,150,6,34,62,120,24,197,26,9,160,143,3,99,174,48,92,106,130,22,38,87,124,94,161,1,7,153,187,127,39,107,76,122,50,53,93,23,30,134,137,86,25,64,101,151,54,158,199,83,117,98,19,110,81,52,182,45,162,61,74,79,185,148,121,73,41,36,46,131,59,133,96,157,138,178,164,173,18,2,198,159,140,118,109,29,154,31,142,15,135,60,43,128,85,152,172,12,181,82,192,139,33,13,111,195,40,37,71,113,88,171,189,194,180,68,116,57,4,183,84,89,5,141,119,69,28,63,51,72,108,65,102,115,125,49,55,155,184,75,80,114,177,169,191,11,104,20,163,170,95,91,90,100,149,32,97,58,0,165,175,179,27,193,136,144,70,168,17,103,105,146,190,188,186,145,42,47,132,166,123,44];True
2058;8007;10065;[56,21,108,106,174,118,48,146,191,11,35,78,60,147,66,126,16,77,112,87,6,129,62,120,24,197,26,9,160,143,8,190,74,4,92,49,130,22,38,150,124,94,161,1,7,153,187,127,39,107,76,122,44,34,93,23,30,134,137,86,25,64,101,151,54,158,199,83,117,98,19,110,81,52,182,113,196,61,176,79,185,148,121,73,41,36,46,131,59,133,96,157,138,178,164,173,18,2,198,159,140,99,109,29,154,31,142,15,135,10,43,128,85,152,172,12,181,82,192,139,33,13,111,195,40,37,183,162,88,171,189,194,180,68,116,57,14,149,84,89,5,141,119,69,28,63,51,50,53,65,102,115,125,167,55,155,184,75,80,114,177,169,3,72,104,20,163,170,95,91,90,100,67,32,97,58,0,165,175,179,27,193,136,144,70,168,17,103,105,71,45,188,186,145,42,47,132,166,123,156];True
1914;8153;10067;[69,76,25,45,10,176,67,129,8,16,126,121,92,108,21,99,84,117,112,150,56,18,62,120,24,197,26,118,160,143,3,2,98,71,48,106,130,22,38,34,124,94,75,43,165,153,187,127,39,107,87,122,50,53,93,23,30,134,137,86,6,64,101,151,54,158,199,20,77,85,19,110,81,52,182,28,162,78,60,79,185,148,167,61,41,36,46,131,59,133,96,157,138,178,164,173,66,74,198,159,140,9,109,29,154,156,142,15,135,146,83,128,1,152,172,12,181,82,192,139,33,13,111,195,40,37,184,35,88,171,189,194,31,68,116,57,0,113,196,89,5,141,119,4,183,63,51,72,147,65,102,115,14,49,55,155,73,161,80,114,177,169,191,11,104,180,163,170,95,91,90,125,149,32,97,58,100,7,175,179,27,193,136,144,70,168,17,103,105,174,190,188,186,145,42,47,132,166,123,44];True
1942;8126;10068;[117,49,112,69,26,176,67,129,8,16,94,118,92,108,21,99,106,196,25,150,56,18,62,120,24,197,126,121,160,143,3,2,98,71,48,10,130,22,38,34,124,6,75,43,165,153,187,127,39,107,87,122,50,53,93,23,30,134,137,86,76,64,101,151,54,158,199,45,77,85,19,110,81,52,182,28,162,78,60,79,185,148,167,61,41,36,46,131,59,133,96,157,138,178,164,173,66,74,198,159,140,9,109,29,154,156,142,15,135,146,83,128,1,152,172,12,181,82,192,139,33,13,111,195,40,37,184,35,88,171,189,194,31,68,116,57,0,113,84,89,5,141,119,4,183,63,51,72,147,65,102,115,14,20,55,155,73,161,80,114,177,169,191,11,104,180,163,170,95,91,90,125,149,32,97,58,100,7,175,179,27,193,136,144,70,168,17,103,105,174,190,188,186,145,42,47,132,166,123,44];True
2089;7985;10074;[16,56,21,73,174,118,48,146,191,11,35,78,60,147,66,126,20,77,112,87,6,129,62,120,24,197,26,9,160,143,8,190,74,108,106,49,130,22,38,150,124,94,161,1,7,153,187,127,39,107,76,122,156,34,93,23,30,134,137,86,25,64,101,151,54,158,199,83,117,98,19,110,81,52,182,113,196,61,176,79,185,148,121,92,41,36,46,131,59,133,96,157,138,178,164,173,18,2,198,159,140,99,109,29,154,31,142,15,135,10,43,128,85,152,172,12,181,82,192,139,33,13,111,195,40,37,183,162,88,171,189,194,180,68,116,57,14,149,84,89,5,141,119,69,28,63,51,50,53,65,102,115,125,167,55,155,184,75,80,114,177,169,3,72,104,4,163,170,95,91,90,100,67,32,97,58,0,165,175,179,27,193,136,144,70,168,17,103,105,71,45,188,186,145,42,47,132,166,123,44];True
2563;7511;10074;[34,114,64,79,185,54,52,57,3,98,120,178,118,48,63,164,9,117,11,104,31,94,127,129,24,23,66,138,126,20,15,1,152,191,190,10,130,65,184,87,6,193,172,60,62,158,75,101,39,107,26,93,147,22,96,100,30,134,137,86,133,136,49,151,175,2,25,180,77,85,19,110,81,153,150,56,92,145,5,42,119,148,167,61,41,173,160,165,59,195,197,14,174,182,157,8,44,21,99,73,140,146,4,29,71,162,198,188,135,183,83,128,112,69,159,12,181,82,192,139,33,78,131,76,40,37,38,176,88,171,189,108,84,68,116,199,0,113,196,36,18,154,156,74,143,194,51,50,53,16,115,45,124,46,55,155,106,90,111,141,177,169,142,28,109,72,163,170,95,91,35,13,67,32,97,58,187,7,122,179,27,43,89,144,70,168,17,103,105,125,149,102,186,161,80,47,132,166,123,121];True
2088;7988;10076;[56,92,108,21,174,118,48,146,191,11,35,78,60,147,66,126,16,77,112,87,6,129,62,120,24,197,26,9,160,143,8,190,74,4,106,49,130,22,38,150,124,94,161,1,7,153,187,127,39,107,76,122,44,34,93,23,30,134,137,86,25,64,101,151,54,158,199,83,117,98,19,110,81,52,182,113,196,61,176,79,185,148,121,73,41,36,46,131,59,133,96,157,138,178,164,173,18,2,198,159,140,99,109,29,154,31,142,15,135,10,43,128,85,152,172,12,181,82,192,139,33,13,111,195,40,37,183,162,88,171,189,194,180,68,116,57,14,149,84,89,5,141,119,69,28,63,51,50,53,65,102,115,125,167,55,155,184,75,80,114,177,169,3,72,104,20,163,170,95,91,90,100,67,32,97,58,0,165,175,179,27,193,136,144,70,168,17,103,105,71,45,188,186,145,42,47,132,166,123,156];True
1644;8436;10080;[94,161,166,102,114,101,59,36,58,105,99,73,140,178,192,10,123,17,8,168,173,18,25,120,24,197,15,9,150,122,67,165,147,65,124,143,130,22,38,21,135,14,100,60,49,153,187,127,39,107,189,28,50,53,93,27,30,134,119,86,181,82,23,12,54,151,121,142,117,98,78,110,81,52,106,118,183,83,26,79,185,148,167,61,2,129,46,5,41,133,96,157,138,45,188,87,66,126,198,159,174,1,51,29,154,156,160,71,69,190,43,128,85,164,111,195,40,37,145,139,33,13,172,158,182,109,141,35,6,56,92,194,31,171,152,57,186,113,196,89,162,146,72,74,4,97,131,0,199,62,44,34,108,20,55,155,184,76,80,137,3,169,191,11,104,180,163,170,95,91,90,125,149,32,68,63,7,116,175,176,193,16,136,144,70,19,64,103,112,84,77,115,179,177,42,47,132,75,88,48];True
1655;8426;10081;[143,161,166,102,114,101,59,36,58,105,99,73,140,178,192,10,123,17,8,168,173,18,25,120,24,197,15,9,150,122,67,165,147,65,124,94,130,22,38,21,135,14,100,60,49,153,187,127,39,107,189,28,50,53,93,27,30,134,119,86,181,82,23,12,54,151,121,142,117,98,78,110,81,52,106,118,183,83,26,79,185,148,167,61,2,129,46,5,41,133,96,157,138,45,188,87,66,126,198,159,174,1,51,29,154,156,160,71,69,190,43,128,85,164,111,195,40,37,145,139,33,13,172,158,182,109,141,35,6,56,92,194,31,171,152,57,186,113,196,89,162,146,72,74,4,97,131,0,199,62,44,34,108,20,55,155,184,76,80,137,3,169,191,11,104,180,163,170,95,91,90,125,149,32,68,63,7,116,175,176,193,16,136,144,70,19,64,103,112,84,77,115,179,177,42,47,132,75,88,48];True
1612;8469;10081;[4,161,166,102,75,101,59,36,58,105,99,73,140,178,192,10,130,129,8,168,173,18,25,120,24,197,15,9,150,122,194,165,147,65,124,143,67,22,38,21,135,14,94,60,49,153,187,127,39,107,189,28,50,53,93,27,30,134,119,86,181,82,23,12,54,151,121,63,117,98,78,110,81,52,106,118,183,83,26,79,185,148,167,61,2,123,46,5,41,133,96,157,138,45,188,87,66,126,198,159,174,1,51,29,154,156,160,71,69,190,43,128,85,164,111,195,40,37,145,139,33,13,172,158,182,109,141,35,6,56,92,100,114,171,152,57,186,113,196,89,162,146,72,74,142,97,131,0,199,62,44,34,108,20,55,155,184,76,80,137,3,169,191,11,104,180,163,170,95,91,90,125,149,32,68,17,7,116,175,176,193,16,136,144,70,19,64,103,112,84,77,115,179,177,42,47,132,31,88,48];True
1909;8175;10084;[45,76,25,174,10,176,67,129,8,16,126,121,92,108,21,99,84,117,112,150,56,18,62,120,24,197,26,118,160,143,3,2,98,71,48,106,130,22,38,34,124,94,75,43,165,153,187,127,39,107,87,122,50,53,93,23,30,134,137,86,6,64,101,151,54,158,199,20,77,85,19,110,81,52,182,28,162,78,60,79,185,148,167,61,41,36,46,131,59,133,96,157,138,178,164,173,66,74,198,159,140,9,109,29,154,156,142,15,135,146,83,128,1,152,172,12,181,82,192,139,33,13,111,195,40,37,184,35,88,171,189,194,31,68,116,57,0,113,196,89,5,141,119,4,183,63,51,72,147,65,102,115,14,49,55,155,73,161,80,114,177,169,191,11,104,180,163,170,95,91,90,125,149,32,97,58,100,7,175,179,27,193,136,144,70,168,17,103,105,69,190,188,186,145,42,47,132,166,123,44];True
2109;7975;10084;[174,56,21,73,146,118,48,154,191,11,35,78,60,147,66,126,20,77,112,87,6,129,62,120,24,197,26,9,160,143,8,190,74,108,106,49,130,22,38,150,124,94,161,1,7,153,187,127,39,107,76,122,156,34,93,23,30,134,137,86,25,64,101,151,54,158,199,83,117,98,19,110,81,52,182,113,196,61,176,79,185,148,121,92,41,36,46,131,59,133,96,157,138,178,164,173,18,2,198,159,140,99,109,29,65,31,142,15,135,10,43,128,85,152,172,12,181,82,192,139,33,13,111,195,40,37,183,162,88,171,189,194,180,68,116,57,14,149,84,89,5,141,119,69,28,63,51,50,53,16,102,115,125,167,55,155,184,75,80,114,177,169,3,72,104,4,163,170,95,91,90,100,67,32,97,58,0,165,175,179,27,193,136,144,70,168,17,103,105,71,45,188,186,145,42,47,132,166,123,44];True
1838;8247;10085;[56,21,14,49,60,176,67,129,3,196,35,78,156,147,66,126,16,77,112,150,6,34,62,120,24,197,26,9,160,143,8,99,174,48,92,106,130,22,38,87,124,94,161,1,7,153,187,127,39,107,76,122,50,53,93,23,30,134,137,86,25,64,101,151,54,158,199,83,117,98,19,110,81,52,182,45,162,61,74,79,185,148,121,73,41,36,46,131,59,133,96,157,138,178,164,173,18,2,198,159,140,118,109,29,154,31,142,15,135,10,43,128,85,152,172,12,181,82,192,139,33,13,111,195,40,37,71,113,88,171,189,194,180,68,116,57,4,183,84,89,5,141,119,69,28,63,51,72,108,65,102,115,125,167,55,155,184,75,80,114,177,169,191,11,104,20,163,170,95,91,90,100,149,32,97,58,0,165,175,179,27,193,136,144,70,168,17,103,105,146,190,188,186,145,42,47,132,166,123,44];True
1663;8422;10085;[143,166,161,102,114,101,59,36,58,105,99,73,140,178,192,10,123,17,8,168,173,18,25,120,24,197,15,9,150,122,67,165,147,65,124,94,130,22,38,21,135,14,100,60,49,153,187,127,39,107,189,28,50,53,93,27,30,134,119,86,181,82,23,12,54,151,121,142,117,98,78,110,81,52,106,118,183,83,26,79,185,148,167,61,2,129,46,5,41,133,96,157,138,45,188,87,66,126,198,159,174,1,51,29,154,156,160,71,69,190,43,128,85,164,111,195,40,37,145,139,33,13,172,158,182,109,141,35,6,56,92,194,31,171,152,57,186,113,196,89,162,146,72,74,4,97,131,0,199,62,44,34,108,20,55,155,184,76,80,137,3,169,191,11,104,180,163,170,95,91,90,125,149,32,68,63,7,116,175,176,193,16,136,144,70,19,64,103,112,84,77,115,179,177,42,47,132,75,88,48];True
1908;8179;10087;[56,21,4,49,156,74,149,34,3,196,35,78,60,147,66,126,16,77,112,150,6,129,62,120,24,197,26,9,160,143,8,99,174,48,92,106,130,22,38,87,124,94,161,1,7,153,187,127,39,107,76,122,50,53,93,23,30,134,137,86,25,64,101,151,54,158,199,83,117,98,19,110,81,52,182,45,162,61,176,79,185,148,121,73,41,36,46,131,59,133,96,157,138,178,164,173,18,2,198,159,140,118,109,29,154,31,142,15,135,10,43,128,85,152,172,12,181,82,192,139,33,13,111,195,40,37,71,113,88,171,189,194,180,68,116,57,14,183,84,89,5,141,119,69,28,63,51,72,108,65,102,115,125,167,55,155,184,75,80,114,177,169,191,11,104,20,163,170,95,91,90,100,67,32,97,58,0,165,175,179,27,193,136,144,70,168,17,103,105,146,190,188,186,145,42,47,132,166,123,44];True
1907;8181;10088;[69,76,25,48,10,176,67,129,8,16,126,121,92,108,21,99,84,117,112,150,56,18,62,120,24,197,26,118,160,143,3,2,98,71,45,106,130,22,38,34,124,94,75,43,165,153,187,127,39,107,87,122,50,53,93,23,30,134,137,86,6,64,101,151,54,158,199,20,77,85,19,110,81,52,182,28,162,78,60,79,185,148,167,61,41,36,46,131,59,133,96,157,138,178,164,173,66,74,198,159,140,9,109,29,154,156,142,15,135,146,83,128,1,152,172,12,181,82,192,139,33,13,111,195,40,37,184,35,88,171,189,194,31,68,116,57,0,113,196,89,5,141,119,4,183,63,51,72,147,65,102,115,14,49,55,155,73,161,80,114,177,169,191,11,104,180,163,170,95,91,90,125,149,32,97,58,100,7,175,179,27,193,136,144,70,168,17,103,105,174,190,188,186,145,42,47,132,166,123,44];True
1793;8295;10088;[56,92,183,167,10,176,0,199,3,196,35,78,156,147,66,126,16,77,112,150,6,34,62,120,24,197,26,9,160,143,8,99,174,48,21,106,130,22,38,87,124,94,161,1,7,153,187,127,39,107,76,122,50,53,93,23,30,134,137,86,25,64,101,151,54,158,129,83,117,98,19,110,81,52,182,45,162,61,74,79,185,148,121,73,41,36,46,131,59,133,96,157,138,178,164,173,18,2,198,159,140,118,109,29,154,31,142,15,135,60,43,128,85,152,172,12,181,82,192,139,33,13,111,195,40,37,71,113,88,171,189,194,180,68,116,57,4,67,84,89,5,141,119,69,28,63,51,72,108,65,102,115,14,49,55,155,184,75,80,114,177,169,191,11,104,20,163,170,95,91,90,125,149,32,97,58,100,165,175,179,27,193,136,144,70,168,17,103,105,146,190,188,186,145,42,47,132,166,123,44];True
2122;7968;10090;[154,56,21,73,174,118,48,146,191,11,35,78,60,147,66,126,20,77,112,87,6,129,62,120,24,197,26,9,160,143,8,190,74,108,106,49,130,22,38,150,124,94,161,1,7,153,187,127,39,107,76,122,156,34,93,23,30,134,137,86,25,64,101,151,54,158,199,83,117,98,19,110,81,52,182,113,196,61,176,79,185,148,121,92,41,36,46,131,59,133,96,157,138,178,164,173,18,2,198,159,140,99,109,29,65,31,142,15,135,10,43,128,85,152,172,12,181,82,192,139,33,13,111,195,40,37,183,162,88,171,189,194,180,68,116,57,14,149,84,89,5,141,119,69,28,63,51,50,53,16,102,115,125,167,55,155,184,75,80,114,177,169,3,72,104,4,163,170,95,91,90,100,67,32,97,58,0,165,175,179,27,193,136,144,70,168,17,103,105,71,45,188,186,145,42,47,132,166,123,44];True
2162;7928;10090;[71,109,21,73,146,118,48,174,191,11,35,78,60,147,66,126,154,77,112,87,6,129,62,120,24,197,26,9,160,143,8,190,74,108,106,49,130,22,38,150,124,94,161,1,7,153,187,127,39,107,76,122,156,34,93,23,30,134,137,86,25,64,101,151,54,158,199,83,117,98,19,110,81,52,182,113,196,61,176,79,185,148,121,92,41,36,46,131,59,133,96,157,138,178,164,173,18,2,198,159,140,99,56,29,65,31,142,15,135,10,43,128,85,152,172,12,181,82,192,139,33,13,111,195,40,37,183,162,88,171,189,194,180,68,116,57,14,149,84,89,5,141,119,69,28,63,51,50,53,16,102,115,125,167,55,155,184,75,80,114,177,169,3,72,104,20,163,170,95,91,90,100,67,32,97,58,0,165,175,179,27,193,136,144,70,168,17,103,105,4,45,188,186,145,42,47,132,166,123,44];True
1853;8238;10091;[73,140,92,48,10,176,83,129,8,71,113,61,74,108,21,99,16,77,112,150,56,180,62,120,24,197,26,9,143,3,117,167,121,160,118,106,130,22,38,34,124,94,161,1,165,153,187,127,39,107,87,122,50,53,93,23,30,134,137,86,25,64,101,151,54,158,199,6,76,98,78,110,81,52,182,45,162,19,28,79,185,148,2,69,41,36,46,131,59,133,96,157,138,178,164,173,66,126,198,159,174,18,109,29,154,156,142,15,135,60,43,128,85,152,172,12,181,82,192,139,33,13,111,195,40,37,196,35,88,171,189,194,31,68,116,57,0,67,84,89,5,141,119,4,183,63,51,72,147,65,102,115,14,49,55,155,184,75,80,114,177,169,191,11,104,20,163,170,95,91,90,125,149,32,97,58,100,7,175,179,27,193,136,144,70,168,17,103,105,146,190,188,186,145,42,47,132,166,123,44];True
2585;7508;10093;[146,114,64,79,185,151,52,57,3,98,120,178,118,48,63,164,23,117,11,104,31,94,127,129,24,9,66,138,126,20,15,1,152,191,190,10,130,65,184,87,6,193,172,60,62,158,75,101,39,107,26,93,147,22,96,100,30,134,137,86,133,136,49,54,175,2,25,180,77,85,19,110,81,153,150,56,92,145,5,42,119,148,167,61,41,173,160,165,59,195,197,14,174,182,157,8,44,21,99,73,140,34,4,29,71,162,198,188,135,183,83,128,112,69,159,12,181,82,192,139,33,78,131,76,40,37,38,176,88,171,189,108,84,68,116,199,0,113,196,36,18,154,156,74,143,194,51,50,53,16,115,45,124,46,55,155,106,90,111,141,177,169,142,28,109,72,163,170,95,91,35,13,67,32,97,58,187,7,122,179,27,43,89,144,70,168,17,103,105,125,149,102,186,161,80,47,132,166,123,121];True
2053;8040;10093;[56,21,99,106,71,113,156,34,3,196,35,78,60,147,66,126,16,77,112,150,6,129,62,120,24,197,26,9,160,143,8,48,146,4,92,49,130,22,38,87,124,94,161,1,7,153,187,127,39,107,76,122,50,53,93,23,30,134,137,86,25,64,101,151,54,158,199,83,117,98,19,110,81,52,182,45,72,61,176,79,185,148,121,73,41,36,46,131,59,133,96,157,138,178,164,173,18,2,198,159,140,118,109,29,154,31,142,15,135,10,43,128,85,152,172,12,181,82,192,139,33,13,111,195,40,37,183,162,88,171,189,194,180,68,116,57,14,149,84,89,5,141,119,69,28,63,51,74,108,65,102,115,125,167,55,155,184,75,80,114,177,169,191,11,104,20,163,170,95,91,90,100,67,32,97,58,0,165,175,179,27,193,136,144,70,168,17,103,105,174,190,188,186,145,42,47,132,166,123,44];True
2040;8054;10094;[146,49,112,69,26,176,67,129,8,94,45,118,92,108,21,99,106,196,25,150,56,18,62,120,24,197,126,121,160,143,3,2,98,71,48,10,130,22,38,90,124,6,75,43,165,153,187,127,39,107,87,122,50,53,93,23,30,134,137,86,76,64,101,151,54,158,199,117,77,85,19,110,81,52,182,28,162,78,60,79,185,148,167,61,41,36,46,131,59,133,96,157,138,178,164,173,66,74,198,159,140,9,109,29,154,156,142,15,135,34,83,128,1,152,172,12,181,82,192,139,33,13,111,195,40,37,184,35,88,171,189,194,31,68,116,57,0,113,84,89,5,141,119,4,183,63,51,72,147,65,16,115,14,20,55,155,73,161,80,114,177,169,191,11,104,180,163,170,95,91,102,125,149,32,97,58,100,7,175,179,27,193,136,144,70,168,17,103,105,174,190,188,186,145,42,47,132,166,123,44];True
1786;8308;10094;[56,21,67,167,10,176,0,199,3,196,35,78,156,147,66,126,16,77,112,150,6,34,62,120,24,197,26,9,160,143,8,99,174,48,92,106,130,22,38,87,124,94,161,1,7,153,187,127,39,107,76,122,50,53,93,23,30,134,137,86,25,64,101,151,54,158,129,83,117,98,19,110,81,52,182,45,162,61,74,79,185,148,121,73,41,36,46,131,59,133,96,157,138,178,164,173,18,2,198,159,140,118,109,29,154,31,142,15,135,60,43,128,85,152,172,12,181,82,192,139,33,13,111,195,40,37,71,113,88,171,189,194,180,68,116,57,4,183,84,89,5,141,119,69,28,63,51,72,108,65,102,115,14,49,55,155,184,75,80,114,177,169,191,11,104,20,163,170,95,91,90,125,149,32,97,58,100,165,175,179,27,193,136,144,70,168,17,103,105,146,190,188,186,145,42,47,132,166,123,44];True
2120;7974;10094;[154,56,21,73,146,118,48,174,191,11,35,78,60,147,66,126,20,77,112,87,6,129,62,120,24,197,26,9,160,143,8,190,74,108,106,49,130,22,38,150,124,94,161,1,7,153,187,127,39,107,76,122,156,34,93,23,30,134,137,86,25,64,101,151,54,158,199,83,117,98,19,110,81,52,182,113,196,61,176,79,185,148,121,92,41,36,46,131,59,133,96,157,138,178,164,173,18,2,198,159,140,99,109,29,65,31,142,15,135,10,43,128,85,152,172,12,181,82,192,139,33,13,111,195,40,37,183,162,88,171,189,194,180,68,116,57,14,149,84,89,5,141,119,69,28,63,51,50,53,16,102,115,125,167,55,155,184,75,80,114,177,169,3,72,104,4,163,170,95,91,90,100,67,32,97,58,0,165,175,179,27,193,136,144,70,168,17,103,105,71,45,188,186,145,42,47,132,166,123,44];True
1804;8291;10095;[56,92,0,167,10,176,67,199,3,196,35,78,156,147,66,126,16,77,112,150,6,34,62,120,24,197,26,9,160,143,8,99,174,48,21,106,130,22,38,87,124,94,161,1,7,153,187,127,39,107,76,122,50,53,93,23,30,134,137,86,25,64,101,151,54,158,129,83,117,98,19,110,81,52,182,45,162,61,74,79,185,148,121,73,41,36,46,131,59,133,96,157,138,178,164,173,18,2,198,159,140,118,109,29,154,31,142,15,135,60,43,128,85,152,172,12,181,82,192,139,33,13,111,195,40,37,71,113,88,171,189,194,180,68,116,57,4,183,84,89,5,141,119,69,28,63,51,72,108,65,102,115,14,49,55,155,184,75,80,114,177,169,191,11,104,20,163,170,95,91,90,125,149,32,97,58,100,165,175,179,27,193,136,144,70,168,17,103,105,146,190,188,186,145,42,47,132,166,123,44];True
1642;8456;10098;[100,161,166,102,114,101,59,36,58,105,99,73,140,178,192,10,123,17,8,168,173,18,25,120,24,197,15,9,150,122,67,165,147,65,124,143,130,22,38,21,135,14,94,60,49,153,187,127,39,107,189,28,50,53,93,27,30,134,119,86,181,82,23,12,54,151,121,142,117,98,78,110,81,52,106,118,183,83,26,79,185,148,167,61,2,129,46,5,41,133,96,157,138,45,188,87,66,126,198,159,174,1,51,29,154,156,160,71,69,190,43,128,85,164,111,195,40,37,145,139,33,13,172,158,182,109,141,35,6,56,92,194,31,171,152,57,186,113,196,89,162,146,72,74,4,97,131,0,199,62,44,34,108,20,55,155,184,76,80,137,3,169,191,11,104,180,163,170,95,91,90,125,149,32,68,63,7,116,175,176,193,16,136,144,70,19,64,103,112,84,77,115,179,177,42,47,132,75,88,48];True
1601;8498;10099;[4,161,166,102,114,101,59,36,58,105,99,73,140,178,192,10,130,129,8,168,173,18,25,120,24,197,15,9,150,122,194,165,147,65,124,143,67,22,38,21,135,14,94,60,49,153,187,127,39,107,189,28,50,53,93,27,30,134,119,86,181,82,23,12,54,151,121,63,117,98,78,110,81,52,106,118,183,83,26,79,185,148,167,61,2,123,46,5,41,133,96,157,138,45,188,87,66,126,198,159,174,1,51,29,154,156,160,71,69,190,43,128,85,164,111,195,40,37,145,139,33,13,172,158,182,109,141,35,6,56,92,100,31,171,152,57,186,113,196,89,162,146,72,74,142,97,131,0,199,62,44,34,108,20,55,155,184,76,80,137,3,169,191,11,104,180,163,170,95,91,90,125,149,32,68,17,7,116,175,176,193,16,136,144,70,19,64,103,112,84,77,115,179,177,42,47,132,75,88,48];True
1632;8467;10099;[143,101,161,102,114,3,2,36,58,105,99,73,140,178,192,10,123,17,8,94,173,18,25,120,24,197,15,9,150,122,67,166,147,65,124,142,130,22,38,21,135,14,100,60,49,153,187,127,39,107,189,28,50,53,93,27,30,134,119,86,181,82,23,12,54,151,121,168,117,98,78,110,81,52,106,118,183,83,26,79,185,148,167,61,59,129,46,5,41,133,96,157,138,45,188,87,66,126,198,159,174,1,51,29,154,156,160,71,69,190,43,128,85,164,111,195,40,37,145,139,33,13,172,158,182,109,141,35,6,56,92,194,31,171,152,57,186,113,196,89,162,146,72,74,4,97,131,0,199,62,44,34,108,20,55,155,184,76,80,137,177,169,191,11,104,180,163,170,95,91,90,125,149,32,68,63,7,116,175,165,193,16,136,144,70,19,64,103,112,84,77,115,179,176,42,47,132,75,88,48];True
1590;8511;10101;[63,161,166,102,114,101,59,36,58,105,99,73,140,178,192,10,130,129,8,168,173,18,25,120,24,197,15,9,150,122,194,165,147,65,124,143,67,22,38,21,135,14,94,60,49,153,187,127,39,107,189,28,50,53,93,27,30,134,119,86,181,82,23,12,54,151,121,142,117,98,78,110,81,52,106,118,183,83,26,79,185,148,167,61,2,123,46,5,41,133,96,157,138,45,188,87,66,126,198,159,174,1,51,29,154,156,160,71,69,190,43,128,85,164,111,195,40,37,145,139,33,13,172,158,182,109,141,35,6,56,92,100,31,171,152,57,186,113,196,89,162,146,72,74,4,97,131,0,199,62,44,34,108,20,55,155,184,76,80,137,3,169,191,11,104,180,163,170,95,91,90,125,149,32,68,17,7,116,175,176,193,16,136,144,70,19,64,103,112,84,77,115,179,177,42,47,132,75,88,48];True
2604;7501;10105;[34,114,64,79,185,151,52,57,3,98,120,178,118,48,63,164,23,117,11,104,31,94,127,129,24,9,66,138,126,20,15,1,152,191,190,10,130,65,184,87,6,193,172,60,62,158,75,101,39,107,26,93,147,22,96,100,30,134,137,86,133,136,49,54,175,2,25,180,77,85,19,110,81,153,150,56,92,145,5,42,119,148,167,61,41,173,160,165,59,195,197,14,174,182,157,8,44,21,99,73,140,146,4,29,71,162,198,188,135,183,83,128,112,69,159,12,181,82,192,139,33,78,131,76,40,37,38,176,88,171,189,108,84,68,116,199,0,113,196,36,18,154,156,74,143,194,51,50,53,16,115,45,124,46,55,155,106,90,111,141,177,169,142,28,109,72,163,170,95,91,35,13,67,32,97,58,187,7,122,179,27,43,89,144,70,168,17,103,105,125,149,102,186,161,80,47,132,166,123,121];True
1641;8466;10107;[162,161,166,102,75,101,59,36,58,105,99,73,140,178,192,10,130,129,8,168,173,18,25,120,24,197,15,9,150,122,194,165,147,65,124,143,67,22,38,21,135,14,94,60,49,153,187,127,39,107,189,28,50,53,93,27,30,134,119,86,181,82,23,12,54,151,121,63,117,98,78,110,81,52,106,118,183,83,26,79,185,148,167,61,2,123,46,5,41,133,96,157,138,45,188,87,66,126,198,159,174,1,51,29,154,156,160,71,69,190,43,128,85,164,111,195,40,37,145,139,33,13,172,158,182,109,141,35,6,56,92,100,114,171,152,57,186,113,196,89,4,146,72,74,142,97,131,0,199,62,44,34,108,20,55,155,184,76,80,137,3,169,191,11,104,180,163,170,95,91,90,125,149,32,68,17,7,116,175,176,193,16,136,144,70,19,64,103,112,84,77,115,179,177,42,47,132,31,88,48];True
1693;8417;10110;[143,161,166,102,114,101,59,36,58,105,99,73,140,178,192,122,123,17,8,168,173,18,25,120,24,197,15,9,150,10,67,165,147,65,124,94,130,22,38,21,135,14,100,60,49,153,187,127,39,107,189,28,50,53,93,27,30,134,119,86,181,82,23,12,54,151,121,142,117,98,78,110,81,52,106,118,183,83,26,79,185,148,167,61,2,129,46,5,41,133,96,157,138,45,188,87,66,126,198,159,174,1,51,29,154,156,160,71,69,190,43,128,85,164,111,195,40,37,145,139,33,13,172,158,182,109,141,35,6,56,92,194,31,171,152,57,186,113,196,89,162,146,72,74,4,97,131,0,199,62,44,34,108,20,55,155,184,76,80,137,3,169,191,11,104,180,163,170,95,91,90,125,149,32,68,63,7,116,175,176,193,16,136,144,70,19,64,103,112,84,77,115,179,177,42,47,132,75,88,48];True
1705;8409;10114;[67,166,161,102,114,101,59,36,58,105,99,73,140,178,192,122,123,17,8,168,173,18,25,120,24,197,15,9,150,10,143,165,147,65,124,94,130,22,38,21,135,14,100,60,49,153,187,127,39,107,189,28,50,53,93,27,30,134,119,86,181,82,23,12,54,151,121,142,117,98,78,110,81,52,106,118,183,83,26,79,185,148,167,61,2,129,46,5,41,133,96,157,138,45,188,87,66,126,198,159,174,1,51,29,154,156,160,71,69,190,43,128,85,164,111,195,40,37,145,139,33,13,172,158,182,109,141,35,6,56,92,194,31,171,152,57,186,113,196,89,162,146,72,74,4,97,131,0,199,62,44,34,108,20,55,155,184,76,80,137,3,169,191,11,104,180,163,170,95,91,90,125,149,32,68,63,7,116,175,176,193,16,136,144,70,19,64,103,112,84,77,115,179,177,42,47,132,75,88,48];True
1701;8413;10114;[143,166,161,102,114,101,59,36,58,105,99,73,140,178,192,122,123,17,8,168,173,18,25,120,24,197,15,9,150,10,67,165,147,65,124,94,130,22,38,21,135,14,100,60,49,153,187,127,39,107,189,28,50,53,93,27,30,134,119,86,181,82,23,12,54,151,121,142,117,98,78,110,81,52,106,118,183,83,26,79,185,148,167,61,2,129,46,5,41,133,96,157,138,45,188,87,66,126,198,159,174,1,51,29,154,156,160,71,69,190,43,128,85,164,111,195,40,37,145,139,33,13,172,158,182,109,141,35,6,56,92,194,31,171,152,57,186,113,196,89,162,146,72,74,4,97,131,0,199,62,44,34,108,20,55,155,184,76,80,137,3,169,191,11,104,180,163,170,95,91,90,125,149,32,68,63,7,116,175,176,193,16,136,144,70,19,64,103,112,84,77,115,179,177,42,47,132,75,88,48];True
2624;7492;10116;[146,114,64,79,185,54,52,57,3,98,120,33,118,48,63,164,23,117,11,104,31,94,127,129,24,9,66,138,126,20,15,1,152,191,190,10,130,65,184,87,6,193,172,60,62,158,75,101,39,107,26,93,147,22,96,100,30,134,137,86,133,136,49,151,175,2,25,180,77,85,19,110,81,153,150,56,92,145,5,42,119,148,167,61,41,173,160,165,59,195,197,14,174,182,157,8,44,21,99,73,140,34,4,29,71,162,198,188,135,183,83,128,112,69,159,12,181,82,192,139,178,78,131,76,40,37,38,176,88,171,189,108,84,68,116,199,0,113,196,36,18,154,156,74,143,194,51,50,53,16,115,45,124,46,55,155,106,90,111,141,177,169,142,28,109,72,163,170,95,91,35,13,67,32,97,58,187,7,122,179,27,43,89,144,70,168,17,103,105,125,149,102,186,161,80,47,132,166,123,121];True
2194;7926;10120;[20,109,21,73,146,118,48,174,191,11,35,78,60,147,66,126,154,77,112,87,6,129,62,120,24,197,26,9,160,143,8,190,74,108,106,49,130,22,38,150,124,94,161,1,7,153,187,127,39,107,76,122,156,34,93,23,30,134,137,86,25,64,101,151,54,158,199,83,117,98,19,110,81,52,182,113,196,61,176,79,185,148,121,92,41,36,46,131,59,133,96,157,138,178,164,173,18,2,198,159,140,99,56,29,65,31,142,15,135,10,43,128,85,152,172,12,181,82,192,139,33,13,111,195,40,37,183,162,88,171,189,194,180,68,116,57,14,149,84,89,5,141,119,69,28,63,51,50,53,16,102,115,125,167,55,155,184,75,80,114,177,169,3,72,104,4,163,170,95,91,90,100,67,32,97,58,0,165,175,179,27,193,136,144,70,168,17,103,105,71,45,188,186,145,42,47,132,166,123,44];True
2643;7485;10128;[34,114,64,79,185,54,52,57,3,98,120,33,118,48,63,164,23,117,11,104,31,94,127,129,24,9,66,138,126,20,15,1,152,191,190,10,130,65,184,87,6,193,172,60,62,158,75,101,39,107,26,93,147,22,96,100,30,134,137,86,133,136,49,151,175,2,25,180,77,85,19,110,81,153,150,56,92,145,5,42,119,148,167,61,41,173,160,165,59,195,197,14,174,182,157,8,44,21,99,73,140,146,4,29,71,162,198,188,135,183,83,128,112,69,159,12,181,82,192,139,178,78,131,76,40,37,38,176,88,171,189,108,84,68,116,199,0,113,196,36,18,154,156,74,143,194,51,50,53,16,115,45,124,46,55,155,106,90,111,141,177,169,142,28,109,72,163,170,95,91,35,13,67,32,97,58,187,7,122,179,27,43,89,144,70,168,17,103,105,125,149,102,186,161,80,47,132,166,123,121];True
1589;8549;10138;[17,161,166,102,114,101,59,36,58,105,99,73,140,178,192,10,123,130,8,168,173,18,25,120,24,197,15,9,150,122,194,165,147,65,124,143,67,22,38,21,135,14,94,60,49,153,187,127,39,107,189,28,50,53,93,27,30,134,119,86,181,82,23,12,54,151,121,142,117,98,78,110,81,52,106,118,183,83,26,79,185,148,167,61,2,129,46,5,41,133,96,157,138,45,188,87,66,126,198,159,174,1,51,29,154,156,160,71,69,190,43,128,85,164,111,195,40,37,145,139,33,13,172,158,182,109,141,35,6,56,92,100,31,171,152,57,186,113,196,89,162,146,72,74,4,97,131,0,199,62,44,34,108,20,55,155,184,76,80,137,3,169,191,11,104,180,163,170,95,91,90,125,149,32,68,63,7,116,175,176,193,16,136,144,70,19,64,103,112,84,77,115,179,177,42,47,132,75,88,48];True
1576;8566;10142;[75,101,122,102,114,3,2,129,72,105,99,73,140,178,192,10,123,17,8,94,173,18,25,120,24,197,15,9,150,143,67,60,147,65,124,142,130,22,38,21,135,14,49,151,7,153,187,127,39,107,189,76,50,53,93,27,30,134,58,86,181,82,23,12,54,158,121,168,117,98,78,110,81,52,106,118,183,83,26,79,185,148,167,61,59,36,46,5,41,133,96,157,138,45,188,87,66,126,198,159,174,1,51,29,154,156,160,71,69,190,43,128,85,164,111,88,40,37,145,139,33,13,172,195,182,109,141,35,6,56,92,194,31,171,152,57,186,113,196,89,162,146,28,74,4,97,131,0,199,62,44,34,108,20,55,155,184,161,80,137,177,169,191,11,104,180,163,170,95,91,90,125,149,32,68,63,100,116,175,165,193,16,136,144,70,19,64,103,112,84,77,115,179,176,42,47,132,166,119,48];True
1533;8617;10150;[92,49,102,122,114,3,2,129,72,105,99,73,140,178,192,10,123,17,8,94,173,18,25,120,24,197,15,9,150,143,67,60,147,65,124,142,130,22,38,21,135,14,75,151,7,153,187,127,39,107,101,76,50,53,93,27,30,134,58,86,181,82,23,12,54,158,121,168,117,98,78,110,81,52,106,118,183,83,26,79,185,148,167,61,59,36,46,5,41,133,96,157,138,45,188,87,66,126,198,159,174,1,51,29,154,156,160,71,69,190,43,128,85,164,111,88,40,37,145,139,33,13,172,195,182,109,141,35,6,56,189,194,31,171,152,57,186,113,196,89,162,146,28,74,4,97,131,0,199,62,44,34,108,20,55,155,184,161,80,137,177,169,191,11,104,180,163,170,95,91,90,125,149,32,68,63,100,116,175,165,193,16,136,144,70,19,64,103,112,84,77,115,179,176,42,47,132,166,119,48];True
1552;8604;10156;[92,102,49,122,114,3,2,129,72,105,99,73,140,178,192,10,123,17,8,94,173,18,25,120,24,197,15,9,150,143,67,60,147,65,124,142,130,22,38,21,135,14,75,151,7,153,187,127,39,107,101,76,50,53,93,27,30,134,58,86,181,82,23,12,54,158,121,168,117,98,78,110,81,52,106,118,183,83,26,79,185,148,167,61,59,36,46,5,41,133,96,157,138,45,188,87,66,126,198,159,174,1,51,29,154,156,160,71,69,190,43,128,85,164,111,88,40,37,145,139,33,13,172,195,182,109,141,35,6,56,189,194,31,171,152,57,186,113,196,89,162,146,28,74,4,97,131,0,199,62,44,34,108,20,55,155,184,161,80,137,177,169,191,11,104,180,163,170,95,91,90,125,149,32,68,63,100,116,175,165,193,16,136,144,70,19,64,103,112,84,77,115,179,176,42,47,132,166,119,48];True
2701;7482;10183;[90,88,57,199,62,195,11,116,161,102,186,7,44,48,164,5,141,119,148,121,73,187,43,129,24,104,87,138,126,154,122,1,152,167,190,10,130,8,36,85,66,98,114,157,127,79,75,101,39,107,188,150,156,147,133,18,30,134,137,86,76,47,64,185,175,151,132,117,77,182,19,110,81,52,93,38,109,145,60,42,80,59,25,61,94,118,160,45,178,120,3,125,15,9,65,16,56,21,99,63,140,34,4,29,71,162,198,155,135,183,83,128,112,69,159,12,181,82,192,139,33,78,131,54,40,37,184,174,173,171,189,108,84,68,26,23,0,113,196,89,49,153,197,92,143,20,51,50,53,115,14,194,124,180,55,106,31,191,111,96,177,169,142,28,176,72,163,170,95,91,35,13,67,32,97,58,100,172,158,179,27,193,136,144,70,168,17,103,105,74,149,165,46,6,22,2,41,166,123,146];True
2727;7456;10183;[90,88,57,64,62,195,11,199,161,102,186,7,44,184,145,5,141,119,148,121,73,187,43,129,24,104,87,138,126,154,122,1,152,167,190,10,130,8,36,85,66,98,114,157,127,79,75,101,39,107,188,150,156,147,133,18,30,134,137,86,76,47,26,185,175,151,132,117,77,182,19,110,81,52,93,38,109,164,60,42,80,59,25,61,94,118,160,45,178,120,3,125,15,9,65,16,56,21,99,63,140,34,4,29,71,162,198,155,135,183,83,128,112,69,159,12,181,82,192,139,33,78,131,54,40,37,48,174,173,171,189,108,84,68,116,23,0,113,196,89,49,153,197,92,143,20,51,50,53,115,14,194,124,180,55,106,31,191,111,96,177,169,142,28,176,72,163,170,95,91,35,13,67,32,97,58,100,172,158,179,27,193,136,144,70,168,17,103,105,74,149,165,46,6,22,2,41,166,123,146];True
2706;7480;10186;[90,88,57,199,62,195,11,116,161,102,186,7,44,48,145,5,141,119,148,121,73,187,43,129,24,104,87,138,126,154,122,1,152,167,190,10,130,8,36,85,66,98,114,157,127,79,75,101,39,107,188,150,156,147,133,18,30,134,137,86,76,47,64,185,175,151,132,117,77,182,19,110,81,52,93,38,109,164,60,42,80,59,25,61,94,118,160,45,178,120,3,125,15,9,65,16,56,21,99,63,140,34,4,29,71,162,198,155,135,183,83,128,112,69,159,12,181,82,192,139,33,78,131,54,40,37,184,174,173,171,189,108,84,68,26,23,0,113,196,89,49,153,197,92,143,20,51,50,53,115,14,194,124,180,55,106,31,191,111,96,177,169,142,28,176,72,163,170,95,91,35,13,67,32,97,58,100,172,158,179,27,193,136,144,70,168,17,103,105,74,149,165,46,6,22,2,41,166,123,146];True
2721;7470;10191;[90,67,57,64,62,195,11,199,161,102,186,7,44,184,145,5,141,119,148,121,73,187,43,129,24,104,87,138,126,154,122,1,152,167,190,10,130,8,36,85,66,98,114,157,127,79,75,101,39,107,188,150,156,147,133,18,30,134,137,86,76,47,26,185,175,151,132,117,77,182,19,110,81,52,93,38,109,164,60,42,80,59,25,61,94,118,160,45,178,120,3,125,15,9,65,16,56,21,99,63,140,34,4,29,71,162,198,155,135,183,83,128,112,69,159,12,181,82,192,139,33,78,131,54,40,37,48,174,173,171,189,108,84,68,116,23,0,113,196,89,49,153,197,92,143,20,51,50,53,115,14,194,124,180,55,106,31,191,111,96,177,169,142,28,176,72,163,170,95,91,35,13,88,32,97,58,100,172,158,179,27,193,136,144,70,168,17,103,105,74,149,165,46,6,22,2,41,166,123,146];True
2766;7453;10219;[34,88,57,199,62,195,11,26,161,102,186,7,44,48,164,5,141,119,148,121,73,187,43,129,24,104,87,138,126,154,122,1,152,167,190,10,130,8,36,85,66,98,114,157,127,79,75,101,39,107,188,150,156,147,133,18,30,134,137,86,76,47,64,185,175,151,132,117,77,182,19,110,81,52,93,38,109,145,60,42,80,59,25,61,94,118,160,45,178,120,3,125,15,9,65,16,56,21,99,63,140,74,4,29,71,162,198,155,135,183,83,128,112,69,159,12,181,82,192,139,33,78,131,54,40,37,184,174,173,171,189,108,84,68,116,23,0,113,196,89,49,153,197,92,143,20,51,50,53,115,14,194,124,180,55,106,31,191,111,96,177,169,142,28,176,72,163,170,95,91,35,13,67,32,97,58,100,172,158,179,27,193,136,144,70,168,17,103,105,90,149,165,46,6,22,2,41,166,123,146];True
2796;7448;10244;[164,173,57,199,62,195,11,26,161,102,186,7,44,48,34,5,141,119,148,121,73,187,43,129,24,104,87,138,126,154,122,1,152,167,190,10,130,8,36,85,66,98,114,157,127,79,75,101,39,107,188,150,156,147,133,18,30,134,137,86,76,47,64,185,175,151,132,117,77,182,19,110,81,52,93,38,109,145,60,42,80,59,25,61,94,118,160,45,178,120,3,125,15,9,65,16,56,21,99,63,140,74,4,29,71,162,198,155,135,183,83,128,112,69,159,12,181,82,192,139,33,78,131,54,40,37,184,174,88,171,189,108,84,68,116,23,0,113,196,89,49,153,197,92,143,20,51,50,53,115,14,194,124,180,55,106,31,191,111,96,177,169,142,28,176,72,163,170,95,91,35,13,67,32,97,58,100,172,158,179,27,193,136,144,70,168,17,103,105,90,149,165,46,6,22,2,41,166,123,146];True
2794;7452;10246;[90,88,57,64,62,195,11,26,161,102,186,7,44,48,145,5,141,119,148,121,73,187,43,129,24,104,87,138,126,154,122,1,152,167,190,10,130,8,36,85,66,98,114,157,127,79,75,101,39,107,188,150,156,147,133,18,30,134,137,86,76,47,199,185,175,151,132,117,77,182,19,110,81,52,93,38,109,164,60,42,80,59,25,61,94,118,160,45,178,120,3,125,15,9,65,16,56,21,99,63,140,34,4,29,71,162,198,155,135,183,83,128,112,69,159,12,181,82,192,139,33,78,131,54,40,37,184,174,173,171,189,108,84,68,116,23,0,113,196,89,49,153,197,92,143,20,51,50,53,115,14,194,124,180,55,106,31,191,111,96,177,169,142,28,176,72,163,170,95,91,35,13,67,32,97,58,100,172,158,179,27,193,136,144,70,168,17,103,105,74,149,165,46,6,22,2,41,166,123,146];True
2819;7447;10266;[34,173,57,199,62,195,11,26,161,102,186,7,44,48,164,5,141,119,148,121,73,187,43,129,24,104,87,138,126,154,122,1,152,167,190,10,130,8,36,85,66,98,114,157,127,79,75,101,39,107,188,150,156,147,133,18,30,134,137,86,76,47,64,185,175,151,132,117,77,182,19,110,81,52,93,38,109,145,60,42,80,59,25,61,94,118,160,45,178,120,3,125,15,9,65,16,56,21,99,63,140,74,4,29,71,162,198,155,135,183,83,128,112,69,159,12,181,82,192,139,33,78,131,54,40,37,184,174,88,171,189,108,84,68,116,23,0,113,196,89,49,153,197,92,143,20,51,50,53,115,14,194,124,180,55,106,31,191,111,96,177,169,142,28,176,72,163,170,95,91,35,13,67,32,97,58,100,172,158,179,27,193,136,144,70,168,17,103,105,90,149,165,46,6,22,2,41,166,123,146];True
2827;7443;10270;[90,122,57,64,62,195,11,199,161,102,186,7,44,184,145,5,141,119,148,121,73,187,43,129,24,104,87,138,126,154,88,1,152,167,190,10,130,8,36,85,66,98,114,157,127,79,75,101,39,107,188,150,156,147,133,18,30,134,137,86,76,47,26,185,175,151,132,117,77,182,19,110,81,52,93,38,109,164,60,42,80,59,25,61,94,118,160,45,178,120,3,125,15,9,65,16,56,21,99,63,140,34,4,29,71,162,198,155,135,183,83,128,112,69,159,12,181,82,192,139,33,78,131,54,40,37,48,174,173,171,189,108,84,68,116,23,0,113,196,89,49,153,197,92,143,20,51,50,53,115,14,194,124,180,55,106,31,191,111,96,177,169,142,28,176,72,163,170,95,91,35,13,67,32,97,58,100,172,158,179,27,193,136,144,70,168,17,103,105,74,149,165,46,6,22,2,41,166,123,146];True
2832;7442;10274;[34,5,199,36,62,195,11,26,161,102,186,7,44,48,106,187,141,119,148,121,164,8,43,129,24,104,87,138,126,154,122,93,152,167,190,10,130,188,38,85,66,98,114,157,127,79,75,101,39,107,1,150,156,147,133,18,30,134,137,86,76,47,64,185,175,151,132,117,77,182,19,110,81,52,173,23,109,145,60,42,80,59,25,61,94,118,160,45,178,120,3,125,15,9,65,16,56,21,99,63,140,74,4,29,71,162,198,155,135,183,83,128,112,69,159,12,181,82,192,139,33,78,131,54,40,37,184,174,88,171,189,108,84,68,116,57,0,113,196,89,49,153,197,92,143,20,51,50,53,115,14,194,124,180,55,73,31,191,111,96,177,169,142,28,176,72,163,170,95,91,35,13,67,32,97,58,100,172,158,179,27,193,136,144,70,168,17,103,105,90,149,165,46,6,22,2,41,166,123,146];True
2873;7429;10302;[90,59,57,64,62,195,11,199,161,102,186,7,44,184,145,5,141,119,148,121,73,187,43,129,24,104,87,138,126,154,88,1,152,167,190,10,130,8,36,85,66,98,114,157,127,79,75,101,39,107,188,150,156,147,133,18,30,134,137,86,76,47,26,185,175,151,132,117,77,182,19,110,81,52,93,38,109,164,60,42,80,122,25,61,94,118,160,45,178,120,3,125,15,9,65,16,56,21,99,63,140,34,4,29,71,162,198,155,135,183,83,128,112,69,159,12,181,82,192,139,33,78,131,54,40,37,48,174,173,171,189,108,84,68,116,23,0,113,196,89,49,153,197,92,143,20,51,50,53,115,14,194,124,180,55,106,31,191,111,96,177,169,142,28,176,72,163,170,95,91,35,13,67,32,97,58,100,172,158,179,27,193,136,144,70,168,17,103,105,74,149,165,46,6,22,2,41,166,123,146];True
2940;7418;10358;[1,114,64,79,185,76,52,15,3,98,120,178,118,48,63,164,23,173,107,104,31,94,133,129,24,9,66,138,126,20,146,180,152,191,190,10,130,65,184,87,6,193,172,158,62,47,75,101,39,57,26,93,147,60,96,100,30,134,137,86,128,11,49,127,175,2,25,136,77,85,19,110,81,153,150,56,92,145,5,42,119,148,167,61,41,22,160,165,59,195,197,14,174,182,157,8,44,21,73,99,140,34,4,29,71,162,198,188,135,183,83,117,112,69,159,12,181,82,192,139,33,78,131,54,40,37,38,176,88,171,189,108,84,68,116,199,0,113,196,36,18,154,156,74,143,194,51,50,53,16,115,45,124,46,55,155,106,90,111,141,177,169,142,28,109,72,163,170,95,91,35,13,67,32,97,58,187,7,122,179,27,43,89,144,70,168,17,103,105,125,149,102,186,161,80,151,132,166,123,121];True
2980;7378;10358;[136,114,64,79,185,76,52,15,3,98,120,178,118,48,63,164,23,173,107,104,31,94,133,129,24,9,66,138,126,20,146,180,152,191,190,10,130,65,184,87,6,193,172,158,62,47,75,101,39,57,26,93,147,60,96,100,30,134,137,86,128,11,49,127,175,2,25,1,77,85,19,110,81,153,150,56,92,145,5,42,119,148,167,61,41,22,160,165,59,195,197,14,174,182,157,8,44,21,73,99,140,34,4,29,71,162,198,188,135,183,83,117,112,69,159,12,181,82,192,139,33,78,131,54,40,37,38,176,88,171,189,108,84,68,116,199,0,113,196,36,18,154,156,74,143,194,51,50,53,16,115,45,124,46,55,155,106,90,111,141,177,169,142,28,109,72,163,170,95,91,35,13,67,32,97,58,187,7,122,179,27,43,89,144,70,168,17,103,105,125,149,102,186,161,80,151,132,166,123,121];True
2934;7428;10362;[90,172,57,64,62,195,11,199,161,102,186,7,44,184,145,5,141,119,148,121,73,187,43,129,24,104,87,138,126,154,88,1,152,167,190,10,130,8,36,85,66,98,114,157,127,79,75,101,39,107,188,150,156,147,133,18,30,134,137,86,76,47,26,185,175,151,132,117,77,182,19,110,81,52,93,38,109,164,60,42,80,122,25,61,94,118,160,45,178,120,3,125,15,9,65,16,56,21,99,63,140,34,4,29,71,162,198,155,135,183,83,128,112,69,159,12,181,82,192,139,33,78,131,54,40,37,48,174,173,171,189,108,84,68,116,23,0,113,196,89,49,153,197,92,143,20,51,50,53,115,14,194,124,180,55,106,31,191,111,96,177,169,142,28,176,72,163,170,95,91,35,13,67,32,97,58,100,59,158,179,27,193,136,144,70,168,17,103,105,74,149,165,46,6,22,2,41,166,123,146];True
2966;7409;10375;[180,114,64,79,185,76,52,15,3,98,120,178,118,48,63,164,23,173,107,104,31,94,133,129,24,9,66,138,126,20,146,1,152,191,190,10,130,65,184,87,6,193,172,158,62,47,75,101,39,57,26,93,147,60,96,100,30,134,137,86,128,11,49,127,175,2,25,136,77,85,19,110,81,153,150,56,92,145,5,42,119,148,167,61,41,22,160,165,59,195,197,14,174,182,157,8,44,21,73,99,140,34,4,29,71,162,198,188,135,183,83,117,112,69,159,12,181,82,192,139,33,78,131,54,40,37,38,176,88,171,189,108,84,68,116,199,0,113,196,36,18,154,156,74,143,194,51,50,53,16,115,45,124,46,55,155,106,90,111,141,177,169,142,28,109,72,163,170,95,91,35,13,67,32,97,58,187,7,122,179,27,43,89,144,70,168,17,103,105,125,149,102,186,161,80,151,132,166,123,121];True
2977;7400;10377;[98,114,64,79,185,76,52,120,3,174,9,178,118,48,63,164,23,182,15,104,31,94,133,129,24,173,66,138,126,20,146,180,152,191,190,10,130,65,184,87,6,193,172,158,62,47,75,101,39,57,26,93,147,60,96,100,30,134,137,86,128,11,49,127,175,2,25,1,77,85,19,110,81,153,150,56,92,145,5,42,119,148,167,61,41,22,160,165,59,195,197,14,136,107,157,8,44,21,73,99,140,34,4,29,71,162,198,188,135,183,83,117,112,69,159,12,181,82,192,139,33,78,131,54,40,37,38,176,88,171,189,108,84,68,116,199,0,113,196,36,18,154,156,74,143,194,51,50,53,16,115,45,124,46,55,155,106,90,111,141,177,169,142,28,109,72,163,170,95,91,35,13,67,32,97,58,187,7,122,179,27,43,89,144,70,168,17,103,105,125,149,102,186,161,80,151,132,166,123,121];True
2973;7406;10379;[173,114,64,79,185,76,52,15,3,98,120,178,118,48,63,164,23,9,107,104,31,94,133,129,24,136,66,138,126,20,146,180,152,191,190,10,130,65,184,87,6,193,172,158,62,47,75,101,39,57,26,93,147,60,96,100,30,134,137,86,128,11,49,127,175,2,25,1,77,85,19,110,81,153,150,56,92,145,5,42,119,148,167,61,41,22,160,165,59,195,197,14,174,182,157,8,44,21,73,99,140,34,4,29,71,162,198,188,135,183,83,117,112,69,159,12,181,82,192,139,33,78,131,54,40,37,38,176,88,171,189,108,84,68,116,199,0,113,196,36,18,154,156,74,143,194,51,50,53,16,115,45,124,46,55,155,106,90,111,141,177,169,142,28,109,72,163,170,95,91,35,13,67,32,97,58,187,7,122,179,27,43,89,144,70,168,17,103,105,125,149,102,186,161,80,151,132,166,123,121];True
2964;7417;10381;[9,114,64,79,185,76,52,15,3,98,120,178,118,48,63,164,23,173,107,104,31,94,133,129,24,136,66,138,126,20,146,180,152,191,190,10,130,65,184,87,6,193,172,158,62,47,75,101,39,57,26,93,147,60,96,100,30,134,137,86,128,11,49,127,175,2,25,1,77,85,19,110,81,153,150,56,92,145,5,42,119,148,167,61,41,22,160,165,59,195,197,14,174,182,157,8,44,21,73,99,140,34,4,29,71,162,198,188,135,183,83,117,112,69,159,12,181,82,192,139,33,78,131,54,40,37,38,176,88,171,189,108,84,68,116,199,0,113,196,36,18,154,156,74,143,194,51,50,53,16,115,45,124,46,55,155,106,90,111,141,177,169,142,28,109,72,163,170,95,91,35,13,67,32,97,58,187,7,122,179,27,43,89,144,70,168,17,103,105,125,149,102,186,161,80,151,132,166,123,121];True
3024;7377;10401;[187,114,64,79,185,76,52,120,3,174,9,178,118,48,63,164,23,182,15,104,31,94,133,129,24,173,66,138,126,20,146,180,152,191,190,10,130,65,184,87,6,193,172,158,62,47,75,101,39,57,26,93,147,60,96,100,30,134,137,86,128,11,49,127,175,2,25,1,77,85,19,110,81,153,150,56,92,145,5,42,119,148,167,61,41,22,160,165,59,195,197,14,136,107,157,8,44,21,73,99,140,34,4,29,71,162,198,188,135,183,83,117,112,69,159,12,181,82,192,139,33,78,131,54,40,37,38,176,88,171,189,108,84,68,116,199,0,113,196,36,18,154,156,74,143,194,51,50,53,16,115,45,124,46,55,155,106,90,111,141,177,169,142,28,109,72,163,170,95,91,35,13,67,32,97,58,98,7,122,179,27,43,89,144,70,168,17,103,105,125,149,102,186,161,80,151,132,166,123,121];True
3035;7367;10402;[173,114,64,79,185,76,52,120,3,98,9,178,118,48,63,164,23,182,15,104,31,94,133,129,24,174,66,138,126,20,146,180,152,191,190,10,130,65,184,87,6,193,172,158,62,47,75,101,39,57,26,93,147,60,96,100,30,134,137,86,128,11,49,127,175,2,25,1,77,85,19,110,81,153,150,56,92,145,5,42,119,148,167,61,41,22,160,165,59,195,197,14,136,107,157,8,44,21,73,99,140,34,4,29,71,162,198,188,135,183,83,117,112,69,159,12,181,82,192,139,33,78,131,54,40,37,38,176,88,171,189,108,84,68,116,199,0,113,196,36,18,154,156,74,143,194,51,50,53,16,115,45,124,46,55,155,106,90,111,141,177,169,142,28,109,72,163,170,95,91,35,13,67,32,97,58,187,7,122,179,27,43,89,144,70,168,17,103,105,125,149,102,186,161,80,151,132,166,123,121];True
3053;7361;10414;[174,114,64,79,185,76,52,120,3,98,9,178,118,48,63,164,23,182,15,104,31,94,133,129,24,173,66,138,126,20,146,180,152,191,190,10,130,65,184,87,6,193,172,158,62,47,75,101,39,57,26,93,147,60,96,100,30,134,137,86,128,11,49,127,175,2,25,1,77,85,19,110,81,153,150,56,92,145,5,42,119,148,167,61,41,22,160,165,59,195,197,14,136,107,157,8,44,21,73,99,140,34,4,29,71,162,198,188,135,183,83,117,112,69,159,12,181,82,192,139,33,78,131,54,40,37,38,176,88,171,189,108,84,68,116,199,0,113,196,36,18,154,156,74,143,194,51,50,53,16,115,45,124,46,55,155,106,90,111,141,177,169,142,28,109,72,163,170,95,91,35,13,67,32,97,58,187,7,122,179,27,43,89,144,70,168,17,103,105,125,149,102,186,161,80,151,132,166,123,121];True
3147;7352;10499;[180,114,64,79,185,76,52,120,3,98,9,178,118,48,63,164,23,182,15,104,31,94,133,129,24,174,66,138,126,20,146,173,152,191,190,10,130,65,184,87,6,193,172,158,62,47,75,101,39,57,26,93,147,60,96,100,30,134,137,86,128,11,49,127,175,2,25,1,77,85,19,110,81,153,150,56,92,145,5,42,119,148,167,61,41,22,160,165,59,195,197,14,136,107,157,8,44,21,73,99,140,34,4,29,71,162,198,188,135,183,83,117,112,69,159,12,181,82,192,139,33,78,131,54,40,37,38,176,88,171,189,108,84,68,116,199,0,113,196,36,18,154,156,74,143,194,51,50,53,16,115,45,124,46,55,155,106,90,111,141,177,169,142,28,109,72,163,170,95,91,35,13,67,32,97,58,187,7,122,179,27,43,89,144,70,168,17,103,105,125,149,102,186,161,80,151,132,166,123,121];True
3251;7351;10602;[29,187,128,11,57,195,64,199,161,102,186,7,116,184,145,5,141,119,148,121,4,172,43,129,24,104,87,138,126,154,88,1,152,167,190,10,130,8,36,85,66,98,22,157,127,79,75,101,39,107,188,150,156,147,133,18,30,134,137,86,76,47,26,185,175,151,132,117,77,182,19,110,81,52,93,38,109,164,60,42,80,122,25,61,94,118,160,45,178,120,3,125,15,9,65,31,56,21,99,63,140,50,53,16,71,162,198,155,135,183,83,114,112,69,159,12,181,82,192,139,33,78,131,54,40,37,48,174,173,171,189,108,84,68,44,23,0,113,196,89,49,153,197,92,106,20,51,74,194,115,14,34,124,143,55,73,180,191,111,96,177,169,142,28,176,72,163,170,95,91,35,13,67,32,97,58,100,62,158,179,27,193,136,144,70,168,17,103,105,90,149,165,46,6,59,2,41,166,123,146];True
1514;9093;10607;[49,67,112,48,10,1,2,129,8,84,122,107,101,118,105,99,141,17,45,15,173,18,25,120,24,197,26,9,109,20,146,180,147,65,92,142,130,22,38,34,3,94,75,12,165,153,187,127,39,73,87,76,50,53,93,27,30,134,58,86,181,82,23,151,54,158,121,6,117,98,78,110,81,52,108,74,183,83,135,79,185,148,167,61,59,36,46,5,41,133,96,157,138,178,152,56,66,126,198,159,140,19,51,29,154,156,160,71,69,190,43,128,85,164,111,192,40,124,150,139,33,13,172,195,182,37,60,35,88,145,189,194,31,171,116,57,186,113,196,89,162,106,119,28,4,97,131,0,199,62,102,115,14,114,55,155,184,161,80,137,177,169,191,11,104,193,163,170,95,91,90,125,149,32,68,63,100,7,175,143,174,16,136,144,70,168,64,103,21,72,77,188,179,176,42,47,132,166,123,44];True
1530;9087;10617;[142,67,112,48,10,1,2,129,8,84,122,107,101,118,105,99,141,17,45,15,173,18,25,120,24,197,26,9,109,20,146,180,147,65,92,49,130,22,38,34,3,94,75,12,165,153,187,127,39,73,87,76,50,53,93,27,30,134,58,86,181,82,23,151,54,158,121,6,117,98,78,110,81,52,108,74,183,83,135,79,185,148,167,61,59,36,46,5,41,133,96,157,138,178,152,56,66,126,198,159,140,19,51,29,154,156,160,71,69,190,43,128,85,164,111,192,40,124,150,139,33,13,172,195,182,37,60,35,88,145,189,194,31,171,116,57,186,113,196,89,162,106,119,28,4,97,131,0,199,62,102,115,14,114,55,155,184,161,80,137,177,169,191,11,104,193,163,170,95,91,90,125,149,32,68,63,100,7,175,143,174,16,136,144,70,168,64,103,21,72,77,188,179,176,42,47,132,166,123,44];True
3290;7340;10630;[29,187,128,11,57,195,100,199,161,102,186,7,116,184,145,5,141,119,148,121,4,172,43,129,24,104,87,138,126,154,88,1,152,167,190,10,130,8,36,85,66,98,22,157,127,79,75,101,39,107,188,150,156,147,133,18,30,134,137,86,76,47,26,185,175,151,132,117,77,182,19,110,81,52,93,38,109,164,60,42,80,122,25,61,94,118,160,45,178,120,3,125,15,9,65,31,56,21,99,63,140,50,53,16,71,162,198,155,135,183,83,114,112,69,159,12,181,82,192,139,33,78,131,54,40,37,48,174,173,171,189,108,84,68,44,23,0,113,196,89,49,153,197,92,106,20,51,74,194,115,14,34,124,143,55,73,180,191,111,96,177,169,142,28,176,72,163,170,95,91,35,13,67,32,97,58,64,62,158,179,27,193,136,144,70,168,17,103,105,90,149,165,46,6,59,2,41,166,123,146];True
3285;7349;10634;[4,172,128,11,59,195,64,199,161,102,186,7,116,184,145,5,141,119,148,121,31,187,43,129,24,104,87,138,126,154,88,1,152,167,190,10,130,8,36,85,66,98,57,157,127,79,75,101,39,107,188,150,156,147,133,18,30,134,137,86,76,47,26,185,175,151,132,117,77,182,19,110,81,52,93,38,109,164,60,42,80,122,25,61,94,118,160,45,178,120,3,125,15,9,65,16,56,21,99,63,140,50,53,29,71,162,198,155,135,183,83,114,112,69,159,12,181,82,192,139,33,78,131,54,40,37,48,174,173,171,189,108,84,68,44,23,0,113,196,89,49,153,197,92,106,20,51,74,194,115,14,34,124,143,55,73,180,191,111,96,177,169,142,28,176,72,163,170,95,91,35,13,67,32,97,58,100,62,158,179,27,193,136,144,70,168,17,103,105,90,149,165,46,6,22,2,41,166,123,146];True
3317;7335;10652;[16,187,128,11,57,195,64,199,161,102,186,7,116,184,145,5,141,119,148,121,4,172,43,129,24,104,87,138,126,154,88,1,152,167,190,10,130,8,36,85,66,98,22,157,127,79,75,101,39,107,188,150,156,147,133,18,30,134,137,86,76,47,26,185,175,151,132,117,77,182,19,110,81,52,93,38,109,164,60,42,80,122,25,61,94,118,160,45,178,120,3,125,15,9,65,31,56,21,99,63,140,50,53,29,71,162,198,155,135,183,83,114,112,69,159,12,181,82,192,139,33,78,131,54,40,37,48,174,173,171,189,108,84,68,44,23,0,113,196,89,49,153,197,92,106,20,51,74,194,115,14,34,124,143,55,73,180,191,111,96,177,169,142,28,176,72,163,170,95,91,35,13,67,32,97,58,100,62,158,179,27,193,136,144,70,168,17,103,105,90,149,165,46,6,59,2,41,166,123,146];True
1503;9150;10653;[49,67,112,48,10,1,2,129,8,84,122,107,101,118,105,99,141,17,45,15,173,18,25,120,24,197,26,9,109,20,146,180,147,65,92,142,130,22,38,34,3,94,75,12,165,153,187,127,39,73,87,76,50,53,93,27,30,134,137,86,181,82,23,151,54,158,121,6,117,98,78,110,81,52,108,74,183,83,135,79,185,148,167,61,59,36,46,5,41,133,96,157,138,178,152,56,66,126,198,159,140,19,131,29,154,156,160,71,69,190,43,128,85,164,111,192,40,124,150,139,33,13,172,195,182,149,60,35,88,145,189,194,31,171,116,57,186,113,196,89,162,106,119,28,4,97,51,0,199,62,102,115,14,114,55,155,184,161,80,58,177,169,191,11,104,193,163,170,95,91,90,125,37,32,68,63,100,7,175,143,174,16,136,144,70,168,64,103,21,72,77,188,179,176,42,47,132,166,123,44];True
1508;9148;10656;[131,67,112,48,10,1,2,129,8,84,122,107,101,118,105,99,141,17,45,15,173,18,25,120,24,197,26,9,109,20,146,180,147,65,92,142,130,22,38,34,3,94,75,12,165,153,187,127,39,73,87,76,50,53,93,27,30,134,137,86,181,82,23,151,54,158,121,6,117,98,78,110,81,52,108,74,183,83,135,79,185,148,167,61,59,36,46,5,41,133,96,157,138,178,152,56,66,126,198,159,140,19,49,29,154,156,160,71,69,190,43,128,85,164,111,192,40,124,150,139,33,13,172,195,182,149,60,35,88,145,189,194,31,171,116,57,186,113,196,89,162,106,119,28,4,97,51,0,199,62,102,115,14,114,55,155,184,161,80,58,177,169,191,11,104,193,163,170,95,91,90,125,37,32,68,63,100,7,175,143,174,16,136,144,70,168,64,103,21,72,77,188,179,176,42,47,132,166,123,44];True
3358;7323;10681;[34,187,128,11,57,195,64,199,161,102,186,7,116,184,145,5,141,119,148,121,4,172,43,129,24,104,87,138,126,154,88,1,152,167,190,10,130,8,36,85,66,98,22,157,127,79,75,101,39,107,188,150,156,147,133,18,30,134,137,86,76,47,26,185,175,151,132,117,77,182,19,110,81,52,93,38,109,164,60,42,80,122,25,61,94,118,160,45,178,120,3,125,15,9,65,31,56,21,99,63,140,50,53,16,71,162,198,155,135,183,83,114,112,69,159,12,181,82,192,139,33,78,131,54,40,37,48,174,173,171,189,108,84,68,44,23,0,113,196,89,49,153,197,92,106,20,51,74,194,115,14,29,124,143,55,73,180,191,111,96,177,169,142,28,176,72,163,170,95,91,35,13,67,32,97,58,100,62,158,179,27,193,136,144,70,168,17,103,105,90,149,165,46,6,59,2,41,166,123,146];True
3353;7333;10686;[34,187,179,11,57,195,100,199,161,102,186,7,116,184,145,5,141,119,148,121,4,172,43,129,24,104,87,138,126,154,88,1,152,167,190,10,130,8,36,85,66,98,22,157,127,79,75,101,39,107,188,150,156,147,133,18,30,134,137,86,76,47,26,185,175,151,132,117,77,182,19,110,81,52,93,38,109,164,60,42,80,122,25,61,94,118,160,45,178,120,3,125,15,9,65,31,56,21,99,63,140,50,53,16,71,162,198,155,135,183,83,114,112,69,159,12,181,82,192,139,33,78,131,54,40,37,48,174,173,171,189,108,84,68,44,23,0,113,196,89,49,153,197,92,106,20,51,74,194,115,14,29,124,143,55,73,180,191,111,96,177,169,142,28,176,72,163,170,95,91,35,13,67,32,97,58,64,62,158,128,27,193,136,144,70,168,17,103,105,90,149,165,46,6,59,2,41,166,123,146];True
3397;7312;10709;[34,187,128,11,57,195,100,199,161,102,186,7,116,184,145,5,141,119,148,121,4,172,43,129,24,104,87,138,126,154,88,1,152,167,190,10,130,8,36,85,66,98,22,157,127,79,75,101,39,107,188,150,156,147,133,18,30,134,137,86,76,47,26,185,175,151,132,117,77,182,19,110,81,52,93,38,109,164,60,42,80,122,25,61,94,118,160,45,178,120,3,125,15,9,65,31,56,21,99,63,140,50,53,16,71,162,198,155,135,183,83,114,112,69,159,12,181,82,192,139,33,78,131,54,40,37,48,174,173,171,189,108,84,68,44,23,0,113,196,89,49,153,197,92,106,20,51,74,194,115,14,29,124,143,55,73,180,191,111,96,177,169,142,28,176,72,163,170,95,91,35,13,67,32,97,58,64,62,158,179,27,193,136,144,70,168,17,103,105,90,149,165,46,6,59,2,41,166,123,146];True
3391;7322;10713;[34,187,128,11,59,195,64,199,161,102,186,7,116,184,145,5,141,119,148,121,31,172,43,129,24,104,87,138,126,154,88,1,152,167,190,10,130,8,36,85,66,98,57,157,127,79,75,101,39,107,188,150,156,147,133,18,30,134,137,86,76,47,26,185,175,151,132,117,77,182,19,110,81,52,93,38,109,164,60,42,80,122,25,61,94,118,160,45,178,120,3,125,15,9,65,16,56,21,99,63,140,50,53,29,71,162,198,155,135,183,83,114,112,69,159,12,181,82,192,139,33,78,131,54,40,37,48,174,173,171,189,108,84,68,44,23,0,113,196,89,49,153,197,92,106,20,51,74,194,115,14,4,124,143,55,73,180,191,111,96,177,169,142,28,176,72,163,170,95,91,35,13,67,32,97,58,100,62,158,179,27,193,136,144,70,168,17,103,105,90,149,165,46,6,22,2,41,166,123,146];True
3608;7307;10915;[34,172,59,11,128,195,64,199,161,102,186,7,116,184,145,5,141,119,148,121,31,187,43,129,24,104,87,138,126,154,88,1,152,167,190,10,130,8,36,85,66,98,57,157,127,79,75,101,39,107,188,150,156,147,133,18,30,134,137,86,76,47,26,185,175,151,132,117,77,182,19,110,81,52,93,38,109,164,60,42,80,122,25,61,94,118,160,45,178,120,3,125,15,9,65,74,56,21,99,63,140,106,4,29,71,162,198,155,135,183,83,114,112,69,159,12,181,82,192,139,33,78,131,54,40,37,48,174,173,171,189,108,84,68,44,23,0,113,196,89,49,153,197,92,53,20,51,50,16,115,14,194,124,143,55,73,180,191,111,96,177,169,142,28,176,72,163,170,95,91,35,13,67,32,97,58,100,62,158,179,27,193,136,144,70,168,17,103,105,90,149,165,46,6,22,2,41,166,123,146];True
3631;7305;10936;[34,187,128,11,59,195,64,199,161,102,186,7,116,184,145,5,141,119,148,121,180,159,43,129,24,104,87,138,126,154,88,1,152,167,190,10,130,8,36,85,66,98,57,157,127,79,75,101,39,107,188,150,156,147,133,18,30,134,137,86,76,47,26,185,175,151,132,117,77,182,19,110,81,52,93,38,109,164,60,42,80,122,25,61,94,118,160,45,178,120,3,125,15,9,65,74,56,21,99,63,140,106,4,29,71,162,198,155,135,183,83,114,112,69,172,12,181,82,192,139,33,78,131,54,40,37,48,174,173,171,189,108,84,68,44,23,0,113,196,89,49,153,197,92,16,20,51,50,53,115,14,194,124,143,55,73,31,191,111,96,177,169,142,28,176,72,163,170,95,91,35,13,67,32,97,58,100,62,158,179,27,193,136,144,70,168,17,103,105,90,149,165,46,6,22,2,41,166,123,146];True
3676;7278;10954;[194,103,73,82,22,52,62,120,154,122,86,110,27,7,115,15,135,74,183,147,123,17,84,38,105,13,197,92,14,71,44,138,66,130,5,186,145,140,124,94,118,156,34,69,75,77,189,148,173,116,65,192,10,57,61,97,0,85,18,26,176,36,3,49,170,95,167,143,20,51,50,53,178,29,90,67,32,165,169,23,163,25,46,180,91,88,70,108,21,48,174,184,190,109,72,131,111,76,133,59,80,100,30,114,182,139,33,137,158,175,2,1,117,98,157,136,127,79,42,12,193,172,39,107,55,106,196,152,93,40,87,181,68,9,28,162,125,37,132,144,56,63,8,99,191,159,164,41,35,161,102,151,101,134,112,104,31,198,146,4,188,168,155,126,16,142,19,78,60,179,47,43,187,128,171,141,11,58,64,96,177,199,166,83,195,119,81,153,129,24,150,6,185,54,113,149,89,160,45,121];True
3689;7267;10956;[194,103,73,174,22,52,62,120,154,86,122,110,27,7,115,15,135,74,183,147,123,17,84,38,105,13,197,92,14,71,44,138,66,130,5,186,145,140,124,94,118,156,34,69,75,77,189,148,173,116,65,192,10,57,61,97,0,85,18,26,176,36,3,49,170,95,167,143,20,51,50,53,178,29,90,67,32,165,169,23,163,25,46,180,91,88,70,108,21,48,82,184,190,109,72,131,111,76,133,59,80,100,30,114,182,139,33,137,158,175,2,1,117,98,157,136,127,79,42,12,193,172,39,107,55,106,196,152,93,40,87,181,68,9,28,162,125,37,132,144,56,63,8,99,191,159,164,41,35,161,102,151,101,134,112,104,31,198,146,4,188,168,155,126,16,142,19,78,60,179,47,43,187,128,171,141,11,58,64,96,177,199,166,83,195,119,81,153,129,24,150,6,185,54,113,149,89,160,45,121];True
3699;7258;10957;[140,118,136,89,186,173,144,164,90,41,159,18,12,54,167,130,22,148,83,86,78,170,103,61,14,13,197,55,126,106,66,184,38,150,56,92,69,190,109,176,46,105,71,123,82,133,57,120,3,169,138,1,75,149,10,97,101,59,163,35,36,58,6,178,0,165,2,142,121,168,17,48,146,91,84,67,32,98,132,23,77,27,16,125,187,88,70,194,15,135,53,34,4,188,72,131,111,110,93,152,80,127,30,114,182,19,145,137,158,175,151,7,117,122,157,8,189,79,42,95,193,172,39,107,26,139,65,124,180,40,87,181,68,9,28,162,147,196,25,116,29,20,51,50,108,183,143,191,154,161,115,62,5,134,112,104,31,99,63,155,44,21,73,74,37,94,102,185,60,179,47,43,49,76,52,141,11,128,64,96,177,199,166,171,195,119,81,153,129,24,198,174,100,85,113,33,192,160,45,156];True
3705;7254;10959;[194,103,73,82,83,52,62,120,154,122,86,110,27,7,115,15,135,74,183,147,123,17,84,38,105,13,197,92,14,71,44,138,66,130,5,186,145,140,124,94,118,156,34,69,75,77,189,148,173,116,65,192,10,57,61,97,0,85,18,26,176,36,3,49,170,95,167,143,20,51,50,53,178,29,90,67,32,165,169,23,163,25,46,180,91,88,70,108,21,48,174,184,190,109,72,131,111,76,133,59,80,100,30,114,182,139,33,137,158,175,2,1,117,98,157,136,127,79,42,12,193,172,39,107,55,106,196,152,93,40,87,181,68,9,28,162,125,37,132,144,56,63,8,99,191,159,164,41,35,161,102,151,101,134,112,104,31,198,146,4,188,168,155,126,16,142,19,78,60,179,47,43,187,128,171,141,11,58,64,96,177,199,166,22,195,119,81,153,129,24,150,6,185,54,113,149,89,160,45,121];True
3735;7226;10961;[6,149,89,163,186,176,46,164,41,75,173,18,12,54,167,130,22,148,83,86,49,170,103,105,14,13,197,55,126,72,66,184,38,150,16,92,125,190,109,82,144,56,138,48,78,133,57,120,3,169,91,1,69,159,61,97,101,59,123,35,36,58,118,10,0,165,2,142,121,168,17,108,106,71,84,67,32,98,132,23,77,27,140,34,194,88,70,90,15,135,146,180,4,188,33,131,111,110,93,152,80,127,30,114,182,19,145,137,158,175,151,7,117,122,157,8,189,79,42,95,193,172,39,107,26,139,65,124,136,40,87,181,68,9,28,162,147,196,25,116,29,20,51,50,53,183,143,191,154,161,115,62,5,134,112,104,31,99,63,155,44,21,73,74,37,94,102,185,60,179,47,43,187,76,52,141,11,128,64,96,177,199,166,171,195,119,81,153,129,24,198,174,100,85,113,178,192,160,45,156];True
3739;7225;10964;[146,16,136,89,186,173,144,164,90,41,159,18,12,54,167,130,22,148,83,86,78,170,103,61,14,13,197,55,126,118,66,184,38,150,56,92,69,190,109,176,46,105,71,123,82,133,57,120,3,169,138,1,75,149,10,97,101,59,163,35,36,58,6,178,0,165,2,142,121,168,17,48,106,91,84,67,32,98,132,23,77,27,140,125,187,88,70,194,15,135,53,34,4,188,72,131,111,110,93,152,80,127,30,114,182,19,145,137,158,175,151,7,117,122,157,8,189,79,42,95,193,172,39,107,26,139,65,124,180,40,87,181,68,9,28,162,147,196,25,116,29,20,51,50,108,183,143,191,154,161,115,62,5,134,112,104,31,99,63,155,44,21,73,74,37,94,102,185,60,179,47,43,49,76,52,141,11,128,64,96,177,199,166,171,195,119,81,153,129,24,198,174,100,85,113,33,192,160,45,156];True
3728;7244;10972;[194,103,48,174,22,52,62,120,154,86,122,110,27,7,115,15,135,74,183,147,123,17,84,38,105,13,197,92,14,71,44,138,66,130,5,186,145,140,124,94,118,156,34,69,75,77,189,148,173,116,65,192,10,57,61,97,0,85,18,26,176,36,3,49,170,95,167,143,20,51,50,53,178,29,90,67,32,165,169,23,163,25,46,180,91,88,70,108,21,73,82,184,190,109,72,131,111,76,133,59,80,100,30,114,182,139,33,137,158,175,2,1,117,98,157,136,127,79,42,12,193,172,39,107,55,106,196,152,93,40,87,181,68,9,28,162,125,37,132,144,56,63,8,99,191,159,164,41,35,161,102,151,101,134,112,104,31,198,146,4,188,168,155,126,16,142,19,78,60,179,47,43,187,128,171,141,11,58,64,96,177,199,166,83,195,119,81,153,129,24,150,6,185,54,113,149,89,160,45,121];True
3726;7248;10974;[106,118,140,89,186,136,144,164,90,41,159,18,12,54,167,130,22,148,83,86,78,170,103,61,14,13,197,55,126,173,66,184,38,150,56,92,69,190,109,176,46,105,71,123,82,133,57,120,3,169,138,1,75,149,10,97,101,59,163,35,36,58,6,178,0,165,2,142,121,168,17,48,146,91,84,67,32,98,132,23,77,27,16,125,187,88,70,194,15,135,53,34,4,188,72,131,111,110,93,152,80,127,30,114,182,19,145,137,158,175,151,7,117,122,157,8,189,79,42,95,193,172,39,107,26,139,65,124,180,40,87,181,68,9,28,162,147,196,25,116,29,20,51,50,108,183,143,191,154,161,115,62,5,134,112,104,31,99,63,155,44,21,73,74,37,94,102,185,60,179,47,43,49,76,52,141,11,128,64,96,177,199,166,171,195,119,81,153,129,24,198,174,100,85,113,33,192,160,45,156];True
3765;7210;10975;[194,103,73,82,122,52,62,120,3,83,86,110,27,7,115,15,135,74,183,147,123,17,84,38,105,13,197,92,14,71,44,138,66,130,5,186,145,140,124,94,118,156,34,69,75,77,189,148,173,116,65,192,10,57,61,97,0,85,18,26,176,36,154,49,170,95,167,143,20,51,50,53,178,29,90,67,32,165,169,23,163,25,46,180,91,88,70,108,21,48,174,184,190,109,72,131,111,76,133,59,80,100,30,114,182,139,33,137,158,175,2,1,117,98,157,136,127,79,42,12,193,172,39,107,55,106,196,152,93,40,87,181,68,9,28,162,125,37,132,144,56,63,8,99,191,159,164,41,35,161,102,151,101,134,112,104,31,198,146,4,188,168,155,126,16,142,19,78,60,179,47,43,187,128,171,141,11,58,64,96,177,199,166,22,195,119,81,153,129,24,150,6,185,54,113,149,89,160,45,121];True
3777;7203;10980;[194,103,8,99,122,52,62,120,3,83,86,110,27,7,115,15,135,74,183,147,123,17,84,38,105,13,197,92,14,71,44,138,66,130,5,186,145,140,124,94,118,156,34,69,75,77,189,148,173,116,65,192,10,57,61,97,0,85,18,26,176,36,154,49,170,95,167,143,20,51,50,53,178,29,90,67,32,165,169,23,163,25,46,180,91,88,70,108,21,48,174,184,190,109,72,131,111,76,133,59,80,100,30,114,182,139,33,137,158,175,2,1,117,98,157,136,127,79,42,12,193,172,39,107,55,106,196,152,93,40,87,181,68,9,28,162,125,37,132,144,56,63,73,82,191,159,164,41,35,161,102,151,101,134,112,104,31,198,146,4,188,168,155,126,16,142,19,78,60,179,47,43,187,128,171,141,11,58,64,96,177,199,166,22,195,119,81,153,129,24,150,6,185,54,113,149,89,160,45,121];True
3849;7133;10982;[74,105,198,7,122,52,62,120,3,83,86,110,27,99,103,15,135,147,37,140,123,17,84,38,178,13,197,92,14,71,44,138,66,130,5,186,145,8,124,94,118,156,34,69,75,77,189,148,173,116,65,192,10,57,61,97,0,85,18,26,176,36,154,49,170,95,167,143,20,51,50,53,183,29,90,67,32,165,169,23,163,25,46,180,91,88,70,108,21,48,174,184,190,109,72,131,111,76,133,59,80,100,30,114,182,139,33,137,158,175,2,1,117,98,157,136,127,79,42,12,193,172,39,107,55,106,196,152,93,40,87,181,68,9,28,162,125,115,132,144,56,63,73,82,191,159,164,41,35,161,102,151,101,134,112,104,31,194,146,4,188,168,155,126,16,142,19,78,60,179,47,43,187,128,171,141,11,58,64,96,177,199,166,22,195,119,81,153,129,24,150,6,185,54,113,149,89,160,45,121];True
3789;7193;10982;[194,115,183,7,122,52,62,120,3,83,86,110,27,99,103,15,135,74,140,147,123,17,84,38,105,13,197,92,14,71,44,138,66,130,5,186,145,8,124,94,118,156,34,69,75,77,189,148,173,116,65,192,10,57,61,97,0,85,18,26,176,36,154,49,170,95,167,143,20,51,50,53,178,29,90,67,32,165,169,23,163,25,46,180,91,88,70,108,21,48,174,184,190,109,72,131,111,76,133,59,80,100,30,114,182,139,33,137,158,175,2,1,117,98,157,136,127,79,42,12,193,172,39,107,55,106,196,152,93,40,87,181,68,9,28,162,125,37,132,144,56,63,73,82,191,159,164,41,35,161,102,151,101,134,112,104,31,198,146,4,188,168,155,126,16,142,19,78,60,179,47,43,187,128,171,141,11,58,64,96,177,199,166,22,195,119,81,153,129,24,150,6,185,54,113,149,89,160,45,121];True
3786;7198;10984;[194,103,140,7,122,52,62,120,3,83,86,110,27,99,115,15,135,74,183,147,123,17,84,38,105,13,197,92,14,71,44,138,66,130,5,186,145,8,124,94,118,156,34,69,75,77,189,148,173,116,65,192,10,57,61,97,0,85,18,26,176,36,154,49,170,95,167,143,20,51,50,53,178,29,90,67,32,165,169,23,163,25,46,180,91,88,70,108,21,48,174,184,190,109,72,131,111,76,133,59,80,100,30,114,182,139,33,137,158,175,2,1,117,98,157,136,127,79,42,12,193,172,39,107,55,106,196,152,93,40,87,181,68,9,28,162,125,37,132,144,56,63,73,82,191,159,164,41,35,161,102,151,101,134,112,104,31,198,146,4,188,168,155,126,16,142,19,78,60,179,47,43,187,128,171,141,11,58,64,96,177,199,166,22,195,119,81,153,129,24,150,6,185,54,113,149,89,160,45,121];True
3805;7180;10985;[74,115,183,7,122,52,62,120,3,83,86,110,27,99,103,15,135,105,140,147,123,17,84,38,178,13,197,92,14,71,44,138,66,130,5,186,145,8,124,94,118,156,34,69,75,77,189,148,173,116,65,192,10,57,61,97,0,85,18,26,176,36,154,49,170,95,167,143,20,51,50,53,194,29,90,67,32,165,169,23,163,25,46,180,91,88,70,108,21,48,174,184,190,109,72,131,111,76,133,59,80,100,30,114,182,139,33,137,158,175,2,1,117,98,157,136,127,79,42,12,193,172,39,107,55,106,196,152,93,40,87,181,68,9,28,162,125,37,132,144,56,63,73,82,191,159,164,41,35,161,102,151,101,134,112,104,31,198,146,4,188,168,155,126,16,142,19,78,60,179,47,43,187,128,171,141,11,58,64,96,177,199,166,22,195,119,81,153,129,24,150,6,185,54,113,149,89,160,45,121];True
3804;7181;10985;[194,103,140,99,122,52,62,120,3,83,86,110,27,7,115,15,135,74,183,147,123,17,84,38,105,13,197,92,14,71,44,138,66,130,5,186,145,8,124,94,118,156,34,69,75,77,189,148,173,116,65,192,10,57,61,97,0,85,18,26,176,36,154,49,170,95,167,143,20,51,50,53,178,29,90,67,32,165,169,23,163,25,46,180,91,88,70,108,21,48,174,184,190,109,72,131,111,76,133,59,80,100,30,114,182,139,33,137,158,175,2,1,117,98,157,136,127,79,42,12,193,172,39,107,55,106,196,152,93,40,87,181,68,9,28,162,125,37,132,144,56,63,73,82,191,159,164,41,35,161,102,151,101,134,112,104,31,198,146,4,188,168,155,126,16,142,19,78,60,179,47,43,187,128,171,141,11,58,64,96,177,199,166,22,195,119,81,153,129,24,150,6,185,54,113,149,89,160,45,121];True
3839;7170;11009;[198,115,183,7,122,52,62,120,3,83,86,110,27,99,103,15,135,105,140,147,123,17,84,38,178,13,197,92,14,71,44,138,66,130,5,186,145,8,124,94,118,156,34,69,75,77,189,148,173,116,65,192,10,57,61,97,0,85,18,26,176,36,154,49,170,95,167,143,20,51,50,53,194,29,90,67,32,165,169,23,163,25,46,180,91,88,70,108,21,48,174,184,190,109,72,131,111,76,133,59,80,100,30,114,182,139,33,137,158,175,2,1,117,98,157,136,127,79,42,12,193,172,39,107,55,106,196,152,93,40,87,181,68,9,28,162,125,37,132,144,56,63,73,82,191,159,164,41,35,161,102,151,101,134,112,104,31,74,146,4,188,168,155,126,16,142,19,78,60,179,47,43,187,128,171,141,11,58,64,96,177,199,166,22,195,119,81,153,129,24,150,6,185,54,113,149,89,160,45,121];True
3837;7175;11012;[194,103,8,82,122,52,62,120,3,83,86,110,27,7,115,15,135,74,183,147,123,17,84,38,105,13,197,92,14,71,44,138,66,130,5,186,145,140,124,94,118,156,34,69,75,77,189,148,173,116,65,192,10,57,61,97,0,85,18,26,176,36,154,49,170,95,167,143,20,51,50,53,178,29,90,67,32,165,169,23,163,25,46,180,91,88,70,108,21,48,174,184,190,109,72,131,111,76,133,59,80,100,30,114,182,139,33,137,158,175,2,1,117,98,157,136,127,79,42,12,193,172,39,107,55,106,196,152,93,40,87,181,68,9,28,162,125,37,132,144,56,63,73,99,191,159,164,41,35,161,102,151,101,134,112,104,31,198,146,4,188,168,155,126,16,142,19,78,60,179,47,43,187,128,171,141,11,58,64,96,177,199,166,22,195,119,81,153,129,24,150,6,185,54,113,149,89,160,45,121];True
3887;7125;11012;[194,149,89,163,186,176,46,164,41,75,173,18,12,54,167,130,22,148,83,86,49,170,103,105,14,13,197,55,126,16,66,184,38,150,56,92,125,190,109,82,144,48,138,72,78,133,57,120,3,169,91,1,69,159,61,97,101,59,123,35,36,58,118,10,0,165,2,142,121,168,17,108,106,71,84,67,32,98,132,23,77,27,140,34,90,88,70,6,15,135,146,180,4,188,33,131,111,110,93,152,80,127,30,114,182,19,145,137,158,175,151,7,117,122,157,8,189,79,42,95,193,172,39,107,26,139,65,124,136,40,87,181,68,9,28,162,147,196,25,116,29,20,51,50,53,183,143,191,154,161,115,62,5,134,112,104,31,99,63,155,44,21,73,74,37,94,102,185,60,179,47,43,187,76,52,141,11,128,64,96,177,199,166,171,195,119,81,153,129,24,198,174,100,85,113,178,192,160,45,156];True
3910;7114;11024;[140,74,183,7,122,52,62,120,3,83,86,110,27,99,103,15,135,147,37,105,123,17,84,38,178,13,197,92,14,71,44,138,66,130,5,186,145,8,124,94,118,156,34,69,75,77,189,148,173,116,65,192,10,57,61,97,0,85,18,26,176,36,154,49,170,95,167,143,20,51,50,53,198,29,90,67,32,165,169,23,163,25,46,180,91,88,70,108,21,48,174,184,190,109,72,131,111,76,133,59,80,100,30,114,182,139,33,137,158,175,2,1,117,98,157,136,127,79,42,12,193,172,39,107,55,106,196,152,93,40,87,181,68,9,28,162,125,115,132,144,56,63,73,82,191,159,164,41,35,161,102,151,101,134,112,104,31,194,146,4,188,168,155,126,16,142,19,78,60,179,47,43,187,128,171,141,11,58,64,96,177,199,166,22,195,119,81,153,129,24,150,6,185,54,113,149,89,160,45,121];True
3960;7097;11057;[198,99,183,7,122,52,62,120,3,83,86,110,27,74,103,15,135,147,37,105,123,17,84,38,178,13,197,92,14,71,44,138,66,130,5,186,145,8,124,94,118,156,34,69,75,77,189,148,173,116,65,192,10,57,61,97,0,85,18,26,176,36,154,49,170,95,167,143,20,51,50,53,140,29,90,67,32,165,169,23,163,25,46,180,91,88,70,108,21,48,174,184,190,109,72,131,111,76,133,59,80,100,30,114,182,139,33,137,158,175,2,1,117,98,157,136,127,79,42,12,193,172,39,107,55,106,196,152,93,40,87,181,68,9,28,162,125,115,132,144,56,63,73,82,191,159,164,41,35,161,102,151,101,134,112,104,31,194,146,4,188,168,155,126,16,142,19,78,60,179,47,43,187,128,171,141,11,58,64,96,177,199,166,22,195,119,81,153,129,24,150,6,185,54,113,149,89,160,45,121];True
3958;7110;11068;[198,124,183,7,122,52,62,120,3,83,86,110,27,74,103,15,135,147,37,105,123,17,84,38,178,13,197,92,14,71,44,138,66,130,5,186,145,8,99,94,118,156,34,69,75,77,189,148,173,116,65,192,10,57,61,97,0,85,18,26,176,36,154,49,170,95,167,143,20,51,50,53,140,29,90,67,32,165,169,23,163,25,46,180,91,88,70,108,21,48,174,184,190,109,72,131,111,76,133,59,80,100,30,114,182,139,33,137,158,175,2,1,117,98,157,136,127,79,42,12,193,172,39,107,55,106,196,152,93,40,87,181,68,9,28,162,125,115,132,144,56,63,73,82,191,159,164,41,35,161,102,151,101,134,112,104,31,194,146,4,188,168,155,126,16,142,19,78,60,179,47,43,187,128,171,141,11,58,64,96,177,199,166,22,195,119,81,153,129,24,150,6,185,54,113,149,89,160,45,121];True
4016;7083;11099;[198,99,183,7,122,52,62,120,3,83,86,110,12,74,103,15,135,147,37,105,123,17,84,38,178,13,197,92,14,71,44,138,66,130,5,186,145,8,124,94,118,156,34,69,75,77,189,148,173,116,65,192,10,57,61,97,0,85,18,26,176,36,154,49,170,95,167,143,20,51,50,53,140,29,90,67,32,165,169,23,163,25,46,180,91,88,70,108,21,48,174,184,190,109,72,131,111,76,133,59,80,100,30,114,182,139,33,137,158,175,2,1,117,98,157,136,127,79,42,27,193,172,39,107,55,106,196,152,93,40,87,181,68,9,28,162,125,115,132,144,56,63,73,82,191,159,164,41,35,161,102,151,101,134,112,104,31,194,146,4,188,168,155,126,16,142,19,78,60,179,47,43,187,128,171,141,11,58,64,96,177,199,166,22,195,119,81,153,129,24,150,6,185,54,113,149,89,160,45,121];True
4015;7093;11108;[16,125,18,7,122,52,62,120,3,83,86,110,12,74,103,15,135,147,37,105,123,17,84,38,178,13,197,92,14,71,44,138,66,130,5,186,145,8,124,94,118,156,34,69,75,77,189,148,173,116,65,192,10,57,61,97,0,85,36,26,176,183,154,49,170,95,167,143,20,51,50,53,140,29,90,67,32,165,169,23,163,25,46,180,91,88,70,108,21,48,174,184,190,109,72,131,111,76,133,59,80,100,30,114,182,139,33,137,158,175,2,1,117,98,157,136,127,79,42,27,193,172,39,107,55,106,196,152,93,40,87,181,68,9,28,162,198,115,132,144,56,63,73,82,191,159,164,41,35,161,102,151,101,134,112,104,31,194,146,4,188,168,155,126,99,142,19,78,60,179,47,43,187,128,171,141,11,58,64,96,177,199,166,22,195,119,81,153,129,24,150,6,185,54,113,149,89,160,45,121];True
4014;7096;11110;[198,124,183,7,122,52,62,120,3,83,86,110,12,74,103,15,135,147,37,105,123,17,84,38,178,13,197,92,14,71,44,138,66,130,5,186,145,8,99,94,118,156,34,69,75,77,189,148,173,116,65,192,10,57,61,97,0,85,18,26,176,36,154,49,170,95,167,143,20,51,50,53,140,29,90,67,32,165,169,23,163,25,46,180,91,88,70,108,21,48,174,184,190,109,72,131,111,76,133,59,80,100,30,114,182,139,33,137,158,175,2,1,117,98,157,136,127,79,42,27,193,172,39,107,55,106,196,152,93,40,87,181,68,9,28,162,125,115,132,144,56,63,73,82,191,159,164,41,35,161,102,151,101,134,112,104,31,194,146,4,188,168,155,126,16,142,19,78,60,179,47,43,187,128,171,141,11,58,64,96,177,199,166,22,195,119,81,153,129,24,150,6,185,54,113,149,89,160,45,121];True
4083;7077;11160;[106,149,186,7,122,93,62,120,82,83,86,128,12,194,103,15,135,183,37,105,123,17,84,38,178,13,197,92,14,71,44,138,66,130,5,36,145,8,124,94,118,156,69,154,75,77,189,148,173,116,65,192,10,57,61,97,0,85,18,26,176,3,125,49,170,95,167,143,20,51,50,53,140,29,90,67,32,165,169,23,163,25,46,180,91,88,70,108,21,48,174,184,190,109,72,131,111,110,133,59,80,127,30,114,182,139,33,137,158,175,2,1,117,98,157,136,100,79,42,27,193,172,39,107,55,34,147,196,52,40,87,181,68,9,28,162,198,115,132,144,56,63,73,99,191,159,164,41,35,161,102,151,101,134,112,104,31,74,146,4,188,168,155,126,16,142,19,78,60,179,47,43,187,76,171,141,11,58,64,96,177,199,166,22,195,119,81,153,129,24,150,6,185,54,113,152,89,160,45,121];True
4131;7056;11187;[69,149,186,7,122,93,62,120,82,83,86,128,12,194,103,15,135,183,37,105,123,17,84,38,178,13,197,92,14,71,44,138,66,130,5,36,145,8,124,94,118,156,106,154,75,77,189,148,173,116,65,192,10,57,61,97,0,85,18,26,176,3,125,49,170,95,167,143,20,51,50,53,140,29,90,67,32,165,169,23,163,25,46,180,91,88,70,108,21,48,174,184,190,109,72,131,111,110,133,59,80,127,30,114,182,139,33,137,158,175,2,1,117,98,157,136,100,79,42,27,193,172,39,107,55,34,147,196,52,40,87,181,68,9,28,162,198,115,132,144,56,63,73,99,191,159,164,41,35,161,102,151,101,134,112,104,31,74,146,4,188,168,155,126,16,142,19,78,60,179,47,43,187,76,171,141,11,58,64,96,177,199,166,22,195,119,81,153,129,24,150,6,185,54,113,152,89,160,45,121];True
4118;7072;11190;[122,93,186,7,78,171,62,120,33,154,86,128,12,194,103,15,135,183,37,105,123,17,84,38,178,13,197,92,14,71,44,138,66,130,5,36,145,8,124,94,118,156,106,69,75,77,189,148,173,116,65,192,10,57,61,97,0,85,18,26,176,3,125,49,170,95,167,143,20,51,50,53,140,29,90,67,32,165,169,23,163,25,46,180,91,88,70,108,21,48,174,184,190,109,72,131,111,110,133,59,80,127,30,114,182,139,82,137,158,175,2,1,117,98,157,136,100,79,42,27,193,172,39,107,55,34,147,196,52,40,87,181,68,9,28,162,198,115,132,144,56,63,73,99,191,159,164,41,35,161,102,149,101,134,112,104,31,74,146,4,188,168,155,126,16,142,19,83,60,179,47,43,187,76,151,141,11,58,64,96,177,199,166,22,195,119,81,153,129,24,150,6,185,54,113,152,89,160,45,121];True
4128;7071;11199;[69,149,186,7,122,93,62,120,82,83,86,128,12,74,103,15,135,183,37,105,123,17,84,38,178,13,197,92,14,71,44,138,66,130,5,36,145,8,124,94,118,156,106,154,75,77,189,148,173,116,65,192,10,57,61,97,0,85,18,26,176,3,125,49,170,95,167,143,20,51,50,53,140,29,90,67,32,165,169,23,163,25,46,180,91,88,70,108,21,48,174,184,190,109,72,131,111,110,133,59,80,127,30,114,182,139,33,137,158,175,2,1,117,98,157,136,100,79,42,27,193,172,39,107,55,34,147,152,52,40,87,181,68,9,28,162,198,115,132,144,56,63,73,99,191,159,164,41,35,161,102,151,101,134,112,104,31,194,146,4,188,168,155,126,16,142,19,78,60,179,47,43,187,76,171,141,11,58,64,96,177,199,166,22,195,119,81,153,129,24,150,6,185,54,113,196,89,160,45,121];True
4157;7042;11199;[74,149,186,7,122,93,62,120,82,83,86,128,12,69,103,15,135,183,37,105,123,17,84,38,178,13,197,92,14,71,44,138,66,130,5,36,145,8,124,94,118,156,106,154,75,77,189,148,173,116,65,192,10,57,61,97,0,85,18,26,176,3,125,49,170,95,167,143,20,51,50,53,140,29,90,67,32,165,169,23,163,25,46,180,91,88,70,108,21,48,174,184,190,109,72,131,111,110,133,59,80,127,30,114,182,139,33,137,158,175,2,1,117,98,157,136,100,79,42,27,193,172,39,107,55,34,147,152,52,40,87,181,68,9,28,162,198,115,132,144,56,63,73,99,191,159,164,41,35,161,102,151,101,134,112,104,31,194,146,4,188,168,155,126,16,142,19,78,60,179,47,43,187,76,171,141,11,58,64,96,177,199,166,22,195,119,81,153,129,24,150,6,185,54,113,196,89,160,45,121];True
4211;7036;11247;[74,149,186,7,122,93,62,120,82,83,86,128,12,69,103,15,135,183,37,105,123,17,84,38,178,13,197,92,14,71,44,138,66,130,5,36,145,8,124,94,118,156,106,154,75,77,189,148,173,116,65,192,10,57,61,97,0,85,18,26,176,3,125,49,170,95,167,143,20,51,50,53,140,29,90,67,32,165,169,23,163,25,46,180,91,88,70,108,21,48,174,184,190,109,72,131,111,110,133,59,80,127,30,114,182,139,33,137,158,175,2,1,117,98,157,136,100,79,42,27,193,172,39,107,55,34,147,196,52,40,87,181,68,9,28,162,198,115,132,144,56,63,73,99,191,159,164,41,35,161,102,151,101,134,112,104,31,194,146,4,188,168,155,126,16,142,19,78,60,179,47,43,187,76,171,141,11,58,64,96,177,199,166,22,195,119,81,153,129,24,150,6,185,54,113,152,89,160,45,121];True
4223;7030;11253;[194,149,186,7,122,93,62,120,82,83,86,128,12,69,103,15,135,183,37,105,123,17,84,38,178,13,197,92,14,71,44,138,66,130,5,36,145,8,124,94,118,156,106,154,75,77,189,148,173,116,65,192,10,57,61,97,0,85,18,26,176,3,125,49,170,95,167,143,20,51,50,53,140,29,90,67,32,165,169,23,163,25,46,180,91,88,70,108,21,48,174,184,190,109,72,131,111,110,133,59,80,127,30,114,182,139,33,137,158,175,2,1,117,98,157,136,100,79,42,27,193,172,39,107,55,34,147,196,52,40,87,181,68,9,28,162,198,115,132,144,56,63,73,99,191,159,164,41,35,161,102,151,101,134,112,104,31,74,146,4,188,168,155,126,16,142,19,78,60,179,47,43,187,76,171,141,11,58,64,96,177,199,166,22,195,119,81,153,129,24,150,6,185,54,113,152,89,160,45,121];True
4222;7033;11255;[143,149,186,7,122,93,62,120,82,83,86,128,12,69,103,15,135,183,37,105,123,17,84,38,178,13,197,92,14,71,44,138,66,130,5,36,145,8,124,94,118,156,106,154,75,77,189,148,173,116,65,192,10,57,61,97,0,85,18,26,176,3,125,49,170,95,167,74,20,51,50,53,140,29,90,67,32,165,169,23,163,25,46,180,91,88,70,108,21,48,174,184,190,109,72,131,111,110,133,59,80,127,30,114,182,139,33,137,158,175,2,1,117,98,157,136,100,79,42,27,193,172,39,107,55,34,147,152,52,40,87,181,68,9,28,162,198,115,132,144,56,63,73,99,191,159,164,41,35,161,102,151,101,134,112,104,31,194,146,4,188,168,155,126,16,142,19,78,60,179,47,43,187,76,171,141,11,58,64,96,177,199,166,22,195,119,81,153,129,24,150,6,185,54,113,196,89,160,45,121];True
4265;7022;11287;[143,69,186,7,122,93,62,120,82,83,86,128,12,149,103,15,135,183,37,105,123,17,84,38,178,13,197,92,14,71,44,138,66,130,5,36,145,8,124,94,118,156,106,154,75,77,189,148,173,116,65,192,10,57,61,97,0,85,18,26,176,3,125,49,170,95,167,74,20,51,50,53,140,29,90,67,32,165,169,23,163,25,46,180,91,88,70,108,21,48,174,184,190,109,72,131,111,110,133,59,80,127,30,114,182,139,33,137,158,175,2,1,117,98,157,136,100,79,42,27,193,172,39,107,55,34,147,152,52,40,87,181,68,9,28,162,198,115,132,144,56,63,73,99,191,159,164,41,35,161,102,151,101,134,112,104,31,194,146,4,188,168,155,126,16,142,19,78,60,179,47,43,187,76,171,141,11,58,64,96,177,199,166,22,195,119,81,153,129,24,150,6,185,54,113,196,89,160,45,121];True
4319;7016;11335;[143,69,186,7,122,93,62,120,82,83,86,128,12,149,103,15,135,183,37,105,123,17,84,38,178,13,197,92,14,71,44,138,66,130,5,36,145,8,124,94,118,156,106,154,75,77,189,148,173,116,65,192,10,57,61,97,0,85,18,26,176,3,125,49,170,95,167,74,20,51,50,53,140,29,90,67,32,165,169,23,163,25,46,180,91,88,70,108,21,48,174,184,190,109,72,131,111,110,133,59,80,127,30,114,182,139,33,137,158,175,2,1,117,98,157,136,100,79,42,27,193,172,39,107,55,34,147,196,52,40,87,181,68,9,28,162,198,115,132,144,56,63,73,99,191,159,164,41,35,161,102,151,101,134,112,104,31,194,146,4,188,168,155,126,16,142,19,78,60,179,47,43,187,76,171,141,11,58,64,96,177,199,166,22,195,119,81,153,129,24,150,6,185,54,113,152,89,160,45,121];True
4324;7014;11338;[143,196,186,7,122,93,62,120,82,83,86,128,12,149,103,15,135,183,37,105,123,17,84,38,178,13,197,92,14,71,44,138,66,130,5,36,145,8,124,94,118,156,106,154,75,77,189,148,173,116,65,192,10,57,61,97,0,85,18,26,176,3,125,49,170,95,167,74,20,51,50,53,140,29,90,67,32,165,169,23,163,25,46,180,91,88,70,108,21,48,174,184,190,109,72,131,111,110,133,59,80,127,30,114,182,139,33,137,158,175,2,1,117,98,157,136,100,79,42,27,193,172,39,107,55,34,147,69,52,40,87,181,68,9,28,162,198,115,132,144,56,63,73,99,191,159,164,41,35,161,102,151,101,134,112,104,31,194,146,4,188,168,155,126,16,142,19,78,60,179,47,43,187,76,171,141,11,58,64,96,177,199,166,22,195,119,81,153,129,24,150,6,185,54,113,152,89,160,45,121];True
4335;7011;11346;[74,149,186,7,122,93,62,120,33,78,86,128,12,69,103,15,135,183,37,105,123,17,84,38,178,13,197,92,14,71,44,138,66,130,5,36,145,8,124,94,118,156,106,154,75,77,189,148,173,116,65,192,10,57,61,97,0,85,18,26,176,3,125,49,170,95,167,143,20,51,50,53,140,29,90,67,32,165,169,23,163,25,46,180,91,88,70,108,21,48,174,184,190,109,72,131,111,110,133,59,80,127,30,114,182,139,82,137,158,175,2,1,117,98,157,136,100,79,42,27,193,172,39,107,55,34,147,196,52,40,87,181,68,9,28,162,198,115,132,144,56,63,73,99,191,159,164,41,35,161,102,151,101,134,112,104,31,194,146,4,188,168,155,126,16,142,19,83,60,179,47,43,187,76,171,141,11,58,64,96,177,199,166,22,195,119,81,153,129,24,150,6,185,54,113,152,89,160,45,121];True
4347;7005;11352;[194,149,186,7,122,93,62,120,33,78,86,128,12,69,103,15,135,183,37,105,123,17,84,38,178,13,197,92,14,71,44,138,66,130,5,36,145,8,124,94,118,156,106,154,75,77,189,148,173,116,65,192,10,57,61,97,0,85,18,26,176,3,125,49,170,95,167,143,20,51,50,53,140,29,90,67,32,165,169,23,163,25,46,180,91,88,70,108,21,48,174,184,190,109,72,131,111,110,133,59,80,127,30,114,182,139,82,137,158,175,2,1,117,98,157,136,100,79,42,27,193,172,39,107,55,34,147,196,52,40,87,181,68,9,28,162,198,115,132,144,56,63,73,99,191,159,164,41,35,161,102,151,101,134,112,104,31,74,146,4,188,168,155,126,16,142,19,83,60,179,47,43,187,76,171,141,11,58,64,96,177,199,166,22,195,119,81,153,129,24,150,6,185,54,113,152,89,160,45,121];True
4435;6953;11388;[194,191,93,33,78,171,62,122,120,186,86,128,12,7,103,15,135,183,37,105,123,17,84,38,178,13,197,92,14,71,44,138,66,130,5,36,145,8,124,94,118,156,106,69,75,77,189,148,173,116,65,192,10,57,61,97,0,85,18,26,176,3,154,49,170,95,167,143,20,51,50,53,140,29,90,67,32,165,169,23,163,25,46,180,91,88,70,108,21,48,174,184,190,109,72,131,111,110,133,59,80,127,30,114,182,139,125,137,158,175,2,1,117,98,157,136,100,79,42,27,193,172,39,107,55,34,147,196,52,40,87,181,68,9,28,162,198,115,132,144,56,63,73,99,82,159,164,41,35,161,102,149,101,134,112,104,31,74,146,4,188,168,155,126,16,142,19,83,60,179,47,43,187,76,151,141,11,58,64,96,177,199,166,22,195,119,81,153,129,24,150,6,185,54,113,152,89,160,45,121];True
4426;6974;11400;[194,191,93,33,78,171,62,122,120,186,86,128,12,7,103,15,135,183,37,105,123,17,84,38,178,13,197,92,14,71,44,138,66,130,5,36,145,8,124,94,118,156,106,69,75,77,189,148,173,116,65,192,10,57,61,97,0,85,18,26,176,3,154,49,170,95,167,143,20,51,50,53,140,180,90,67,32,165,169,23,163,25,46,29,91,88,70,108,21,48,174,184,190,109,72,131,111,110,133,59,80,127,30,114,182,139,125,137,158,175,2,1,117,98,157,136,100,79,42,27,193,172,39,107,55,34,147,196,52,40,87,181,68,9,28,162,198,115,132,144,56,63,73,99,82,159,164,41,35,161,102,149,101,134,112,104,31,74,146,4,188,168,155,126,16,142,19,83,60,179,47,43,187,76,151,141,11,58,64,96,177,199,166,22,195,119,81,153,129,24,150,6,185,54,113,152,89,160,45,121];True
4400;7002;11402;[143,149,186,7,122,93,62,120,33,78,86,128,12,69,103,15,135,183,37,105,123,17,84,38,178,13,197,92,14,71,44,138,66,130,5,36,145,8,124,94,118,156,106,154,75,77,189,148,173,116,65,192,10,57,61,97,0,85,18,26,176,3,125,49,170,95,167,74,20,51,50,53,140,29,90,67,32,165,169,23,163,25,46,180,91,88,70,108,21,48,174,184,190,109,72,131,111,110,133,59,80,127,30,114,182,139,82,137,158,175,2,1,117,98,157,136,100,79,42,27,193,172,39,107,55,34,147,196,52,40,87,181,68,9,28,162,198,115,132,144,56,63,73,99,191,159,164,41,35,161,102,151,101,134,112,104,31,194,146,4,188,168,155,126,16,142,19,83,60,179,47,43,187,76,171,141,11,58,64,96,177,199,166,22,195,119,81,153,129,24,150,6,185,54,113,152,89,160,45,121];True
4410;6998;11408;[180,191,93,33,78,171,62,122,120,186,86,128,12,7,103,15,135,183,37,105,123,17,84,38,178,13,197,92,14,71,44,138,66,130,5,36,145,8,124,94,118,156,106,69,75,77,189,148,173,116,65,192,10,57,61,97,0,85,18,26,176,3,154,49,170,95,167,143,20,51,50,53,140,194,90,67,32,165,169,23,163,25,46,29,91,88,70,108,21,48,174,184,190,109,72,131,111,110,133,59,80,127,30,114,182,139,125,137,158,175,2,1,117,98,157,136,100,79,42,27,193,172,39,107,55,34,147,196,52,40,87,181,68,9,28,162,198,115,132,144,56,63,73,99,82,159,164,41,35,161,102,149,101,134,112,104,31,74,146,4,188,168,155,126,16,142,19,83,60,179,47,43,187,76,151,141,11,58,64,96,177,199,166,22,195,119,81,153,129,24,150,6,185,54,113,152,89,160,45,121];True
4668;6951;11619;[74,191,173,33,78,171,62,122,120,186,86,128,12,7,103,15,135,37,93,105,123,17,174,38,178,13,197,92,14,71,44,138,66,130,5,36,145,183,124,94,118,156,106,69,75,77,189,148,84,116,65,192,10,57,61,97,0,85,18,26,176,3,154,49,170,95,167,143,20,51,50,53,140,29,90,67,32,165,169,23,163,25,46,146,91,88,70,108,21,48,8,184,190,109,72,131,111,110,133,59,80,127,30,114,182,139,125,137,158,175,2,1,117,98,157,136,100,79,42,27,193,172,39,107,55,34,147,196,52,40,87,181,68,9,28,162,198,115,132,144,56,63,73,99,82,159,164,41,35,161,102,149,101,134,112,104,31,194,180,4,188,168,155,126,16,142,19,83,60,179,47,43,187,76,151,141,11,58,64,96,177,199,166,22,195,119,81,153,129,24,150,6,185,54,113,152,89,160,45,121];True
4696;6946;11642;[106,37,173,33,78,171,62,122,120,186,86,128,12,7,103,15,135,191,93,105,123,17,174,38,178,13,197,92,14,71,44,138,66,130,5,36,145,183,124,94,118,156,34,69,75,77,189,148,84,116,65,192,10,57,61,97,0,85,18,26,176,3,154,49,170,95,167,143,20,51,50,53,140,29,90,67,32,165,169,23,163,25,46,146,91,88,70,108,21,48,8,184,190,109,72,131,111,110,133,59,80,127,30,114,182,139,125,137,158,175,2,1,117,98,157,136,100,79,42,27,193,172,39,107,55,74,147,196,52,40,87,181,68,9,28,162,198,115,132,144,56,63,73,99,82,159,164,41,35,161,102,149,101,134,112,104,31,194,180,4,188,168,155,126,16,142,19,83,60,179,47,43,187,76,151,141,11,58,64,96,177,199,166,22,195,119,81,153,129,24,150,6,185,54,113,152,89,160,45,121];True
4711;6943;11654;[106,191,173,33,78,171,62,122,120,186,86,128,12,7,103,15,135,37,93,105,123,17,174,38,178,13,197,92,14,71,44,138,66,130,5,36,145,183,124,94,118,156,34,69,75,77,189,148,84,116,65,192,10,57,61,97,0,85,18,26,176,3,154,49,170,95,167,143,20,51,50,53,140,29,90,67,32,165,169,23,163,25,46,146,91,88,70,108,21,48,8,184,190,109,72,131,111,110,133,59,80,127,30,114,182,139,125,137,158,175,2,1,117,98,157,136,100,79,42,27,193,172,39,107,55,74,147,196,52,40,87,181,68,9,28,162,198,115,132,144,56,63,73,99,82,159,164,41,35,161,102,149,101,134,112,104,31,194,180,4,188,168,155,126,16,142,19,83,60,179,47,43,187,76,151,141,11,58,64,96,177,199,166,22,195,119,81,153,129,24,150,6,185,54,113,152,89,160,45,121];True
4722;6938;11660;[34,37,173,33,78,171,62,122,120,186,86,128,12,7,103,15,135,191,93,105,123,17,174,38,178,13,197,92,14,71,44,138,66,130,5,36,145,183,124,94,118,156,106,69,75,77,189,148,84,116,65,192,10,57,61,97,0,85,18,26,176,3,154,49,170,95,167,143,20,51,50,53,140,29,90,67,32,165,169,23,163,25,46,146,91,88,70,108,21,48,8,184,190,109,72,131,111,110,133,59,80,127,30,114,182,139,125,137,158,175,2,1,117,98,157,136,100,79,42,27,193,172,39,107,55,74,147,196,52,40,87,181,68,9,28,162,198,115,132,144,56,63,73,99,82,159,164,41,35,161,102,149,101,134,112,104,31,194,180,4,188,168,155,126,16,142,19,83,60,179,47,43,187,76,151,141,11,58,64,96,177,199,166,22,195,119,81,153,129,24,150,6,185,54,113,152,89,160,45,121];True
4720;6940;11660;[143,191,173,33,78,171,62,122,120,186,86,128,12,7,103,15,135,37,93,105,123,17,174,38,178,13,197,92,14,71,44,138,66,130,5,36,145,183,124,94,118,156,106,69,75,77,189,148,84,116,65,192,10,57,61,97,0,85,18,26,176,3,154,49,170,95,167,74,20,51,50,53,140,29,90,67,32,165,169,23,163,25,46,146,91,88,70,108,21,48,8,184,190,109,72,131,111,110,133,59,80,127,30,114,182,139,125,137,158,175,2,1,117,98,157,136,100,79,42,27,193,172,39,107,55,34,147,196,52,40,87,181,68,9,28,162,198,115,132,144,56,63,73,99,82,159,164,41,35,161,102,149,101,134,112,104,31,194,180,4,188,168,155,126,16,142,19,83,60,179,47,43,187,76,151,141,11,58,64,96,177,199,166,22,195,119,81,153,129,24,150,6,185,54,113,152,89,160,45,121];True
4772;6930;11702;[34,191,173,33,78,171,62,122,120,186,86,128,12,7,103,15,135,37,93,105,123,17,174,38,178,13,197,92,14,71,44,138,66,130,5,36,145,183,124,94,118,156,106,69,75,77,189,148,84,116,65,192,10,57,61,97,0,85,18,26,176,3,154,49,170,95,167,143,20,51,50,53,140,29,90,67,32,165,169,23,163,25,46,146,91,88,70,108,21,48,8,184,190,109,72,131,111,110,133,59,80,127,30,114,182,139,125,137,158,175,2,1,117,98,157,136,100,79,42,27,193,172,39,107,55,74,147,196,52,40,87,181,68,9,28,162,198,115,132,144,56,63,73,99,82,159,164,41,35,161,102,149,101,134,112,104,31,194,180,4,188,168,155,126,16,142,19,83,60,179,47,43,187,76,151,141,11,58,64,96,177,199,166,22,195,119,81,153,129,24,150,6,185,54,113,152,89,160,45,121];True
4825;6916;11741;[143,191,77,57,186,171,62,122,120,137,86,128,12,7,103,15,135,37,145,105,123,17,174,38,178,13,197,92,14,71,44,138,66,130,5,36,93,183,124,94,118,156,106,69,75,173,189,148,84,116,65,192,10,1,61,97,0,85,18,26,176,3,154,49,170,95,167,74,20,51,50,53,140,29,90,67,32,165,169,23,163,25,46,146,91,88,70,108,21,48,8,184,190,109,72,78,111,110,133,59,80,127,30,114,182,139,125,131,158,175,2,41,117,98,157,136,100,79,42,27,193,172,39,107,55,34,147,196,52,40,87,181,68,9,28,162,198,102,132,144,56,63,73,99,82,159,164,33,35,161,115,149,101,134,112,104,31,194,180,4,188,168,155,126,16,142,19,83,60,179,47,43,187,76,151,141,11,58,64,96,177,199,166,22,195,119,81,153,129,24,150,6,185,54,113,152,89,160,45,121];True
4929;6905;11834;[106,191,77,57,186,171,62,122,120,137,86,128,12,7,103,15,135,37,145,105,123,17,174,38,178,13,197,92,14,71,44,138,66,130,5,36,93,183,124,94,118,156,143,69,75,173,189,148,84,116,65,192,10,1,61,97,0,85,18,26,176,3,154,49,170,95,167,74,20,51,50,53,140,29,90,67,32,165,169,23,163,25,46,146,91,88,70,108,21,48,8,184,190,109,72,78,111,110,133,59,80,127,30,114,182,139,125,131,158,175,2,41,117,98,157,136,100,79,42,27,193,172,39,107,55,34,147,196,52,40,87,181,68,9,28,162,198,102,132,144,56,63,73,99,82,159,164,33,35,161,115,149,101,134,112,104,31,194,180,4,188,168,155,126,16,142,19,83,60,179,47,43,187,76,151,141,11,58,64,96,177,199,166,22,195,119,81,153,129,24,150,6,185,54,113,152,89,160,45,121];True
4995;6904;11899;[50,191,77,57,186,171,62,122,120,137,86,128,12,7,103,15,135,37,145,105,123,17,174,38,178,13,197,92,14,71,44,138,66,130,5,36,93,183,124,94,118,156,143,69,75,173,189,148,84,116,65,192,10,1,61,97,0,85,18,26,176,3,154,49,170,95,167,74,20,51,106,53,140,29,90,67,32,165,169,23,163,25,46,146,91,88,70,108,21,48,8,184,190,109,72,78,111,110,133,59,80,127,30,114,182,139,125,131,158,175,2,41,117,98,157,136,100,79,42,27,193,172,39,107,55,34,147,196,52,40,87,181,68,9,28,162,198,102,132,144,56,63,73,99,82,159,164,33,35,161,115,149,101,134,112,104,31,194,180,4,188,168,155,126,16,142,19,83,60,179,47,43,187,76,151,141,11,58,64,96,177,199,166,22,195,119,81,153,129,24,150,6,185,54,113,152,89,160,45,121];True
5048;6895;11943;[156,106,173,18,186,171,62,122,120,137,86,128,12,7,103,15,135,37,145,105,123,17,191,38,178,13,197,92,14,71,44,138,66,130,5,36,93,183,124,94,118,146,143,69,75,77,189,148,84,116,65,192,10,1,61,97,0,85,57,26,176,3,154,49,170,95,167,74,20,51,50,53,140,29,90,67,32,165,169,23,163,25,46,174,91,88,70,108,21,48,8,184,190,109,72,78,111,110,133,59,80,127,30,114,182,139,125,131,158,175,2,41,117,98,157,136,100,79,42,27,193,172,39,107,55,34,147,196,52,40,87,181,68,9,28,162,198,102,132,144,56,63,73,99,82,159,164,33,35,161,115,149,101,134,112,104,31,194,180,4,188,168,155,126,16,142,19,83,60,179,47,43,187,76,151,141,11,58,64,96,177,199,166,22,195,119,81,153,129,24,150,6,185,54,113,152,89,160,45,121];True
5062;6894;11956;[50,174,173,57,186,171,62,122,120,137,86,128,12,7,103,15,135,37,145,105,123,17,191,38,178,13,197,92,14,71,44,138,66,130,5,36,93,183,124,94,118,156,143,69,75,77,189,148,84,116,65,192,10,1,61,97,0,85,18,26,176,3,154,49,170,95,167,74,20,51,106,53,140,29,90,67,32,165,169,23,163,25,46,146,91,88,70,108,21,48,8,184,190,109,72,78,111,110,133,59,80,127,30,114,182,139,125,131,158,175,2,41,117,98,157,136,100,79,42,27,193,172,39,107,55,34,147,196,52,40,87,181,68,9,28,162,198,102,132,144,56,63,73,99,82,159,164,33,35,161,115,149,101,134,112,104,31,194,180,4,188,168,155,126,16,142,19,83,60,179,47,43,187,76,151,141,11,58,64,96,177,199,166,22,195,119,81,153,129,24,150,6,185,54,113,152,89,160,45,121];True
5071;6893;11964;[106,156,173,18,186,171,62,122,120,137,86,128,12,7,103,15,135,37,145,105,123,17,191,38,178,13,197,92,14,71,44,138,66,130,5,36,93,183,124,94,118,146,143,69,75,77,189,148,84,116,65,192,10,1,61,97,0,85,57,26,176,3,154,49,170,95,167,74,20,51,50,53,140,29,90,67,32,165,169,23,163,25,46,174,91,88,70,108,21,48,8,184,190,109,72,78,111,110,133,59,80,127,30,114,182,139,125,131,158,175,2,41,117,98,157,136,100,79,42,27,193,172,39,107,55,34,147,196,52,40,87,181,68,9,28,162,198,102,132,144,56,63,73,99,82,159,164,33,35,161,115,149,101,134,112,104,31,194,180,4,188,168,155,126,16,142,19,83,60,179,47,43,187,76,151,141,11,58,64,96,177,199,166,22,195,119,81,153,129,24,150,6,185,54,113,152,89,160,45,121];True
5085;6886;11971;[140,106,173,18,186,171,62,122,120,137,86,128,12,7,103,15,135,37,145,105,123,17,191,38,178,13,197,92,14,71,44,138,66,130,5,36,93,183,124,94,118,156,143,69,75,77,189,148,84,116,65,192,10,1,61,97,0,85,57,26,176,3,154,49,170,95,167,74,20,51,50,53,146,29,90,67,32,165,169,23,163,25,46,174,91,88,70,108,21,48,8,184,190,109,72,78,111,110,133,59,80,127,30,114,182,139,125,131,158,175,2,41,117,98,157,136,100,79,42,27,193,172,39,107,55,34,147,196,52,40,87,181,68,9,28,162,198,102,132,144,56,63,73,99,82,159,164,33,35,161,115,149,101,134,112,104,31,194,180,4,188,168,155,126,16,142,19,83,60,179,47,43,187,76,151,141,11,58,64,96,177,199,166,22,195,119,81,153,129,24,150,6,185,54,113,152,89,160,45,121];True
5103;6878;11981;[146,106,173,18,186,171,62,122,120,137,86,128,12,7,103,15,135,37,145,105,123,17,191,38,178,13,197,92,14,71,44,138,66,130,5,36,93,183,124,94,118,156,143,69,75,77,189,148,84,116,65,192,10,1,61,97,0,85,57,26,176,3,154,49,170,95,167,74,20,51,50,53,140,29,90,67,32,165,169,23,163,25,46,174,91,88,70,108,21,48,8,184,190,109,72,78,111,110,133,59,80,127,30,114,182,139,125,131,158,175,2,41,117,98,157,136,100,79,42,27,193,172,39,107,55,34,147,196,52,40,87,181,68,9,28,162,198,102,132,144,56,63,73,99,82,159,164,33,35,161,115,149,101,134,112,104,31,194,180,4,188,168,155,126,16,142,19,83,60,179,47,43,187,76,151,141,11,58,64,96,177,199,166,22,195,119,81,153,129,24,150,6,185,54,113,152,89,160,45,121];True
5154;6877;12031;[50,146,173,18,186,171,62,122,120,137,86,128,12,7,103,15,135,37,145,105,123,17,191,38,178,13,197,92,14,71,44,138,66,130,5,36,93,183,124,94,118,156,143,69,75,77,189,148,84,116,65,192,10,1,61,97,0,85,57,26,176,3,154,49,170,95,167,74,20,51,106,53,140,29,90,67,32,165,169,23,163,25,46,174,91,88,70,108,21,48,8,184,190,109,72,78,111,110,133,59,80,127,30,114,182,139,125,131,158,175,2,41,117,98,157,136,100,79,42,27,193,172,39,107,55,34,147,196,52,40,87,181,68,9,28,162,198,102,132,144,56,63,73,99,82,159,164,33,35,161,115,149,101,134,112,104,31,194,180,4,188,168,155,126,16,142,19,83,60,179,47,43,187,76,151,141,11,58,64,96,177,199,166,22,195,119,81,153,129,24,150,6,185,54,113,152,89,160,45,121];True
5194;6852;12046;[198,21,154,75,186,171,62,122,120,189,86,128,12,7,103,15,135,37,145,105,123,17,191,38,178,13,197,92,14,71,44,138,66,130,5,36,93,183,124,94,118,48,106,69,149,77,18,148,173,116,65,192,10,1,61,97,0,85,57,26,176,3,136,49,170,95,167,143,20,51,50,156,56,29,90,67,32,165,169,23,163,25,46,174,91,88,70,53,140,74,8,184,190,109,72,78,111,110,133,59,80,127,30,114,182,139,125,131,158,175,2,41,117,98,157,84,100,79,42,27,193,172,39,107,55,34,147,196,52,40,87,181,68,9,28,162,108,102,132,144,146,63,73,99,82,159,164,33,35,161,115,137,101,134,112,104,31,194,180,4,188,168,155,126,16,142,19,83,60,179,47,43,187,76,151,141,11,58,64,96,177,199,166,22,195,119,81,153,129,24,150,6,185,54,113,152,89,160,45,121];True
5241;6840;12081;[50,21,154,75,186,171,62,122,120,189,86,128,12,7,103,15,135,37,145,105,123,17,191,38,178,13,197,92,14,71,44,138,66,130,5,36,93,183,124,94,118,48,198,69,149,77,18,148,173,116,65,192,10,1,61,97,0,85,57,26,176,3,136,49,170,95,167,143,20,51,106,156,56,29,90,67,32,165,169,23,163,25,46,174,91,88,70,53,140,74,8,184,190,109,72,78,111,110,133,59,80,127,30,114,182,139,125,131,158,175,2,41,117,98,157,84,100,79,42,27,193,172,39,107,55,34,147,196,52,40,87,181,68,9,28,162,108,102,132,144,146,63,73,99,82,159,164,33,35,161,115,137,101,134,112,104,31,194,180,4,188,168,155,126,16,142,19,83,60,179,47,43,187,76,151,141,11,58,64,96,177,199,166,22,195,119,81,153,129,24,150,6,185,54,113,152,89,160,45,121];True
5237;6848;12085;[50,198,154,75,186,171,62,122,120,189,86,128,12,7,103,15,135,37,145,105,123,17,191,38,178,13,197,92,14,71,44,138,66,130,5,36,93,183,124,94,118,48,21,69,149,77,18,148,173,116,65,192,10,1,61,97,0,85,57,26,176,3,136,49,170,95,167,143,20,51,106,156,56,29,90,67,32,165,169,23,163,25,46,174,91,88,70,53,140,74,8,184,190,109,72,78,111,110,133,59,80,127,30,114,182,139,125,131,158,175,2,41,117,98,157,84,100,79,42,27,193,172,39,107,55,34,147,196,52,40,87,181,68,9,28,162,108,102,132,144,146,63,73,99,82,159,164,33,35,161,115,137,101,134,112,104,31,194,180,4,188,168,155,126,16,142,19,83,60,179,47,43,187,76,151,141,11,58,64,96,177,199,166,22,195,119,81,153,129,24,150,6,185,54,113,152,89,160,45,121];True
5352;6829;12181;[73,74,154,75,186,171,62,122,120,189,86,128,12,7,103,15,135,37,145,105,123,17,191,38,178,13,197,92,14,71,44,138,66,130,5,36,93,183,124,94,118,48,198,69,149,77,18,148,173,116,65,192,10,1,61,97,0,85,57,26,176,3,136,49,170,95,167,143,20,51,106,156,56,29,90,67,32,165,169,23,163,25,46,174,91,88,70,53,140,50,8,184,190,109,72,78,111,110,133,59,80,127,30,114,182,139,125,131,158,175,2,41,117,98,157,84,100,79,42,27,193,172,39,107,55,34,147,196,52,40,87,181,68,9,28,162,108,102,132,144,146,63,21,99,82,159,164,33,35,161,115,137,101,134,112,104,31,194,180,4,188,168,155,126,16,142,19,83,60,179,47,43,187,76,151,141,11,58,64,96,177,199,166,22,195,119,81,153,129,24,150,6,185,54,113,152,89,160,45,121];True
5447;6827;12274;[50,74,154,75,186,171,62,122,120,189,86,128,12,7,103,15,135,37,145,105,123,17,191,38,178,13,197,92,14,71,44,138,66,130,5,36,93,183,124,94,118,48,198,69,149,77,18,148,173,116,65,192,10,1,61,97,0,85,57,26,176,3,136,49,170,95,167,143,20,51,106,156,56,29,90,67,32,165,169,23,163,25,46,174,91,88,70,53,140,73,8,184,190,109,72,78,111,110,133,59,80,127,30,114,182,139,125,131,158,175,2,41,117,98,157,84,100,79,42,27,193,172,39,107,55,34,147,196,52,40,87,181,68,9,28,162,108,102,132,144,146,63,21,99,82,159,164,33,35,161,115,137,101,134,112,104,31,194,180,4,188,168,155,126,16,142,19,83,60,179,47,43,187,76,151,141,11,58,64,96,177,199,166,22,195,119,81,153,129,24,150,6,185,54,113,152,89,160,45,121];True
5472;6825;12297;[50,143,154,75,186,171,62,122,120,189,86,128,12,7,103,15,135,37,145,105,123,17,191,38,178,13,197,92,14,71,44,138,66,130,5,36,93,183,124,94,118,48,198,69,149,77,18,148,173,116,65,192,10,1,61,97,0,85,57,26,176,3,136,49,170,95,167,74,20,51,106,156,56,29,90,67,32,165,169,23,163,25,46,174,91,88,70,53,140,73,8,184,190,109,72,78,111,110,133,59,80,127,30,114,182,139,125,131,158,175,2,41,117,98,157,84,100,79,42,27,193,172,39,107,55,34,147,196,52,40,87,181,68,9,28,162,108,102,132,144,146,63,21,99,82,159,164,33,35,161,115,137,101,134,112,104,31,194,180,4,188,168,155,126,16,142,19,83,60,179,47,43,187,76,151,141,11,58,64,96,177,199,166,22,195,119,81,153,129,24,150,6,185,54,113,152,89,160,45,121];True
5557;6823;12380;[48,73,154,75,186,171,62,122,120,189,86,128,12,7,103,15,135,37,145,105,123,17,191,38,178,13,197,92,14,71,44,138,66,130,5,36,93,183,124,94,118,156,143,69,149,77,18,148,173,116,65,192,10,1,61,97,0,85,57,26,176,3,136,49,170,95,167,74,20,51,106,198,56,29,90,67,32,165,169,23,163,25,46,174,91,88,70,53,140,50,8,184,190,109,72,78,111,110,133,59,80,127,30,114,182,139,125,131,158,175,2,41,117,98,157,84,100,79,42,27,193,172,39,107,55,34,147,196,52,40,87,181,68,9,28,162,108,102,132,144,146,63,21,99,82,159,164,33,35,161,115,137,101,134,112,104,31,194,180,4,188,168,155,126,16,142,19,83,60,179,47,43,187,76,151,141,11,58,64,96,177,199,166,22,195,119,81,153,129,24,150,6,185,54,113,152,89,160,45,121];True
7543;6819;14362;[149,10,57,67,18,75,184,3,185,130,163,86,12,59,0,189,169,142,89,65,44,37,15,135,14,66,46,140,94,190,109,23,20,146,180,91,69,28,8,118,136,159,188,48,92,90,131,148,93,156,178,115,191,61,145,84,13,101,7,38,176,35,97,128,52,2,167,107,123,155,51,34,198,17,82,49,133,98,132,170,77,25,105,4,6,88,70,108,21,106,154,122,197,24,72,78,111,110,171,152,80,127,30,114,182,139,29,137,158,175,85,1,117,120,157,173,186,79,42,27,193,172,39,32,55,125,33,192,165,40,87,181,68,9,103,162,147,196,95,144,56,63,31,143,53,183,164,41,36,161,102,62,5,134,112,104,99,73,74,194,138,168,50,126,16,71,19,83,60,179,47,43,187,76,151,141,11,58,64,96,177,199,166,22,195,119,81,153,129,26,150,174,100,54,113,116,124,160,45,121];True
7554;6817;14371;[65,37,66,67,18,142,0,57,3,130,163,86,12,59,185,189,169,75,89,71,44,10,15,135,14,136,46,146,94,190,109,23,184,140,106,91,69,28,8,118,149,159,188,48,92,90,131,148,93,156,178,115,191,61,145,84,13,101,7,38,176,35,97,128,52,2,167,107,123,155,51,34,198,17,82,49,133,98,132,170,77,25,105,4,6,88,70,108,21,180,154,122,197,24,72,78,111,110,171,152,80,127,30,114,182,139,29,137,158,175,85,1,117,120,157,173,186,79,42,27,193,172,39,32,55,125,33,192,165,40,87,181,68,9,103,162,147,196,95,144,56,63,31,143,53,183,164,41,36,161,102,62,5,134,112,104,99,73,74,20,138,168,50,126,16,194,19,83,60,179,47,43,187,76,151,141,11,58,64,96,177,199,166,22,195,119,81,153,129,26,150,174,100,54,113,116,124,160,45,121];True
7585;6814;14399;[20,10,57,67,18,142,44,3,185,130,163,86,12,59,0,189,169,75,89,65,94,149,15,135,14,66,46,140,37,190,109,23,184,146,180,91,69,28,8,118,136,159,188,48,92,90,131,148,93,156,178,115,191,61,145,84,13,101,7,38,176,35,97,128,52,2,167,107,123,155,51,34,198,17,82,49,133,98,132,170,77,25,105,4,6,88,70,108,21,106,154,122,197,24,72,78,111,110,171,152,80,127,30,114,182,139,29,137,158,175,85,1,117,120,157,173,186,79,42,27,193,172,39,32,55,125,33,192,165,40,87,181,68,9,103,162,147,196,95,144,56,63,31,143,53,183,164,41,36,161,102,62,5,134,112,104,99,73,74,194,138,168,50,126,16,71,19,83,60,179,47,43,187,76,151,141,11,58,64,96,177,199,166,22,195,119,81,153,129,26,150,174,100,54,113,116,124,160,45,121];True
7593;6808;14401;[65,37,66,67,18,142,0,57,3,130,163,86,12,59,185,189,169,75,89,71,44,10,15,135,14,136,46,140,94,190,109,23,184,146,180,91,69,28,8,118,149,159,188,48,92,90,131,148,93,156,178,115,191,61,145,84,13,101,7,38,176,35,97,128,52,2,167,107,123,155,51,34,198,17,82,49,133,98,132,170,77,25,105,4,6,88,70,108,21,106,154,122,197,24,72,78,111,110,171,152,80,127,30,114,182,139,29,137,158,175,85,1,117,120,157,173,186,79,42,27,193,172,39,32,55,125,33,192,165,40,87,181,68,9,103,162,147,196,95,144,56,63,31,143,53,183,164,41,36,161,102,62,5,134,112,104,99,73,74,20,138,168,50,126,16,194,19,83,60,179,47,43,187,76,151,141,11,58,64,96,177,199,166,22,195,119,81,153,129,26,150,174,100,54,113,116,124,160,45,121];True
7612;6799;14411;[146,37,66,67,18,142,0,57,3,130,163,86,12,59,185,189,169,75,89,71,44,10,15,135,14,136,46,65,94,190,109,23,184,140,106,91,69,28,8,118,149,159,188,48,92,90,131,148,93,156,178,115,191,61,145,84,13,101,7,38,176,35,97,128,52,2,167,107,123,155,51,34,198,17,82,49,133,98,132,170,77,25,105,4,6,88,70,108,21,180,154,122,197,24,72,78,111,110,171,152,80,127,30,114,182,139,29,137,158,175,85,1,117,120,157,173,186,79,42,27,193,172,39,32,55,125,33,192,165,40,87,181,68,9,103,162,147,196,95,144,56,63,31,143,53,183,164,41,36,161,102,62,5,134,112,104,99,73,74,20,138,168,50,126,16,194,19,83,60,179,47,43,187,76,151,141,11,58,64,96,177,199,166,22,195,119,81,153,129,26,150,174,100,54,113,116,124,160,45,121];True
7693;6768;14461;[44,10,66,142,67,18,59,57,3,130,163,86,12,185,0,189,169,75,89,65,20,149,15,135,14,94,46,140,37,190,109,23,184,146,180,91,69,28,8,118,136,159,188,48,92,90,131,148,93,156,178,115,191,61,145,84,13,101,7,38,176,35,97,128,52,2,167,107,123,155,51,34,198,17,82,49,133,98,132,170,77,25,105,4,6,88,70,108,21,106,154,122,197,24,72,78,111,110,171,152,80,127,30,114,182,139,29,137,158,175,85,1,117,120,157,173,186,79,42,27,193,172,39,32,55,125,33,192,165,40,87,181,68,9,103,162,147,196,95,144,56,63,31,143,53,183,164,41,36,161,102,62,5,134,112,104,99,73,74,194,138,168,50,126,16,71,19,83,60,179,47,43,187,76,151,141,11,58,64,96,177,199,166,22,195,119,81,153,129,26,150,174,100,54,113,116,124,160,45,121];True
7668;6798;14466;[140,37,66,67,18,142,0,57,3,130,163,86,12,59,185,189,169,75,89,71,44,10,15,135,14,136,46,65,94,190,109,23,184,146,180,91,69,28,8,118,149,159,188,48,92,90,131,148,93,156,178,115,191,61,145,84,13,101,7,38,176,35,97,128,52,2,167,107,123,155,51,34,198,17,82,49,133,98,132,170,77,25,105,4,6,88,70,108,21,106,154,122,197,24,72,78,111,110,171,152,80,127,30,114,182,139,29,137,158,175,85,1,117,120,157,173,186,79,42,27,193,172,39,32,55,125,33,192,165,40,87,181,68,9,103,162,147,196,95,144,56,63,31,143,53,183,164,41,36,161,102,62,5,134,112,104,99,73,74,20,138,168,50,126,16,194,19,83,60,179,47,43,187,76,151,141,11,58,64,96,177,199,166,22,195,119,81,153,129,26,150,174,100,54,113,116,124,160,45,121];True
7676;6791;14467;[180,37,66,67,18,142,0,57,3,130,163,86,12,59,185,189,169,75,89,71,44,10,15,135,14,136,46,65,94,190,109,23,184,140,146,91,69,28,8,118,149,159,188,48,92,90,131,148,93,156,178,115,191,61,145,84,13,101,7,38,176,35,97,128,52,2,167,107,123,155,51,34,198,17,82,49,133,98,132,170,77,25,105,4,6,88,70,108,21,106,154,122,197,24,72,78,111,110,171,152,80,127,30,114,182,139,29,137,158,175,85,1,117,120,157,173,186,79,42,27,193,172,39,32,55,125,33,192,165,40,87,181,68,9,103,162,147,196,95,144,56,63,31,143,53,183,164,41,36,161,102,62,5,134,112,104,99,73,74,20,138,168,50,126,16,194,19,83,60,179,47,43,187,76,151,141,11,58,64,96,177,199,166,22,195,119,81,153,129,26,150,174,100,54,113,116,124,160,45,121];True
7728;6748;14476;[37,94,66,142,67,18,59,57,10,130,163,86,12,185,0,189,169,75,89,65,20,149,15,135,140,136,46,44,3,190,109,23,184,146,180,91,69,28,8,118,156,159,188,48,92,90,131,148,93,14,178,115,191,61,145,84,13,101,7,38,176,35,97,128,52,2,167,107,123,155,51,34,198,17,82,49,133,98,132,170,77,25,105,4,6,88,70,108,21,106,154,122,197,24,72,78,111,110,171,152,80,127,30,114,182,139,29,137,158,175,85,1,117,120,157,173,186,79,42,27,193,172,39,32,55,125,33,192,165,40,87,181,68,9,103,162,147,196,95,144,56,63,31,143,53,183,164,41,36,161,102,62,5,134,112,104,99,73,74,194,138,168,50,126,16,71,19,83,60,179,47,43,187,76,151,141,11,58,64,96,177,199,166,22,195,119,81,153,129,26,150,174,100,54,113,116,124,160,45,121];True
7839;6738;14577;[140,10,66,142,67,18,59,57,3,130,163,86,12,185,0,189,169,75,89,65,20,149,15,135,14,94,46,44,37,190,109,23,184,146,180,91,69,28,8,118,136,159,188,48,92,90,131,148,93,156,178,115,191,61,145,84,13,101,7,38,176,35,97,128,52,2,167,107,123,155,51,34,198,17,82,49,133,98,132,170,77,25,105,4,6,88,70,108,21,106,154,122,197,24,72,78,111,110,171,152,80,127,30,114,182,139,29,137,158,175,85,1,117,120,157,173,186,79,42,27,193,172,39,32,55,125,33,192,165,40,87,181,68,9,103,162,147,196,95,144,56,63,31,143,53,183,164,41,36,161,102,62,5,134,112,104,99,73,74,194,138,168,50,126,16,71,19,83,60,179,47,43,187,76,151,141,11,58,64,96,177,199,166,22,195,119,81,153,129,26,150,174,100,54,113,116,124,160,45,121];True
7873;6733;14606;[156,10,66,142,67,18,59,57,3,130,163,86,12,185,0,189,169,75,89,65,20,149,15,135,140,94,46,44,37,190,109,23,184,146,180,91,69,28,8,118,136,159,188,48,92,90,131,148,93,14,178,115,191,61,145,84,13,101,7,38,176,35,97,128,52,2,167,107,123,155,51,34,198,17,82,49,133,98,132,170,77,25,105,4,6,88,70,108,21,106,154,122,197,24,72,78,111,110,171,152,80,127,30,114,182,139,29,137,158,175,85,1,117,120,157,173,186,79,42,27,193,172,39,32,55,125,33,192,165,40,87,181,68,9,103,162,147,196,95,144,56,63,31,143,53,183,164,41,36,161,102,62,5,134,112,104,99,73,74,194,138,168,50,126,16,71,19,83,60,179,47,43,187,76,151,141,11,58,64,96,177,199,166,22,195,119,81,153,129,26,150,174,100,54,113,116,124,160,45,121];True
7906;6728;14634;[136,10,66,142,67,18,59,57,3,130,163,86,12,185,0,189,169,75,89,65,20,149,15,135,140,94,46,44,37,190,109,23,184,146,180,91,69,28,8,118,156,159,188,48,92,90,131,148,93,14,178,115,191,61,145,84,13,101,7,38,176,35,97,128,52,2,167,107,123,155,51,34,198,17,82,49,133,98,132,170,77,25,105,4,6,88,70,108,21,106,154,122,197,24,72,78,111,110,171,152,80,127,30,114,182,139,29,137,158,175,85,1,117,120,157,173,186,79,42,27,193,172,39,32,55,125,33,192,165,40,87,181,68,9,103,162,147,196,95,144,56,63,31,143,53,183,164,41,36,161,102,62,5,134,112,104,99,73,74,194,138,168,50,126,16,71,19,83,60,179,47,43,187,76,151,141,11,58,64,96,177,199,166,22,195,119,81,153,129,26,150,174,100,54,113,116,124,160,45,121];True
7902;6732;14634;[84,10,66,142,67,18,59,57,3,130,163,86,12,185,0,189,169,75,89,65,20,149,15,135,140,136,46,44,37,190,109,23,184,146,180,91,69,28,8,118,156,159,188,48,92,90,131,148,93,14,178,115,191,61,145,94,13,101,7,38,176,35,97,128,52,2,167,107,123,155,51,34,198,17,82,49,133,98,132,170,77,25,105,4,6,88,70,108,21,106,154,122,197,24,72,78,111,110,171,152,80,127,30,114,182,139,29,137,158,175,85,1,117,120,157,173,186,79,42,27,193,172,39,32,55,125,33,192,165,40,87,181,68,9,103,162,147,196,95,144,56,63,31,143,53,183,164,41,36,161,102,62,5,134,112,104,99,73,74,194,138,168,50,126,16,71,19,83,60,179,47,43,187,76,151,141,11,58,64,96,177,199,166,22,195,119,81,153,129,26,150,174,100,54,113,116,124,160,45,121];True
7927;6708;14635;[142,10,66,84,67,18,59,57,3,130,163,86,12,185,0,189,169,75,89,65,20,149,15,135,140,136,46,44,37,190,109,23,184,146,180,91,69,28,8,118,156,159,188,48,92,90,131,148,93,14,178,115,191,61,145,94,13,101,7,38,176,35,97,128,52,2,167,107,123,155,51,34,198,17,82,49,133,98,132,170,77,25,105,4,6,88,70,108,21,106,154,122,197,24,72,78,111,110,171,152,80,127,30,114,182,139,29,137,158,175,85,1,117,120,157,173,186,79,42,27,193,172,39,32,55,125,33,192,165,40,87,181,68,9,103,162,147,196,95,144,56,63,31,143,53,183,164,41,36,161,102,62,5,134,112,104,99,73,74,194,138,168,50,126,16,71,19,83,60,179,47,43,187,76,151,141,11,58,64,96,177,199,166,22,195,119,81,153,129,26,150,174,100,54,113,116,124,160,45,121];True
7911;6727;14638;[94,10,66,142,67,18,59,57,3,130,163,86,12,185,0,189,169,75,89,65,20,149,15,135,140,136,46,44,37,190,109,23,184,146,180,91,69,28,8,118,156,159,188,48,92,90,131,148,93,14,178,115,191,61,145,84,13,101,7,38,176,35,97,128,52,2,167,107,123,155,51,34,198,17,82,49,133,98,132,170,77,25,105,4,6,88,70,108,21,106,154,122,197,24,72,78,111,110,171,152,80,127,30,114,182,139,29,137,158,175,85,1,117,120,157,173,186,79,42,27,193,172,39,32,55,125,33,192,165,40,87,181,68,9,103,162,147,196,95,144,56,63,31,143,53,183,164,41,36,161,102,62,5,134,112,104,99,73,74,194,138,168,50,126,16,71,19,83,60,179,47,43,187,76,151,141,11,58,64,96,177,199,166,22,195,119,81,153,129,26,150,174,100,54,113,116,124,160,45,121];True
8039;6680;14719;[20,10,66,84,67,18,59,57,3,130,163,86,12,185,0,189,169,75,89,142,136,149,15,135,140,65,46,44,37,190,109,23,184,146,180,91,69,28,8,118,156,159,188,48,92,90,131,148,93,14,178,115,191,61,145,94,13,101,7,38,176,35,97,128,52,2,167,107,123,155,51,34,198,17,82,49,133,98,132,170,77,25,105,4,6,88,70,108,21,106,154,122,197,24,72,78,111,110,171,152,80,127,30,114,182,139,29,137,158,175,85,1,117,120,157,173,186,79,42,27,193,172,39,32,55,125,33,192,165,40,87,181,68,9,103,162,147,196,95,144,56,63,31,143,53,183,164,41,36,161,102,62,5,134,112,104,99,73,74,194,138,168,50,126,16,71,19,83,60,179,47,43,187,76,151,141,11,58,64,96,177,199,166,22,195,119,81,153,129,26,150,174,100,54,113,116,124,160,45,121];True
8193;6674;14867;[140,65,66,84,67,18,59,57,3,130,163,86,12,185,0,189,169,75,89,142,136,149,15,135,194,10,46,44,37,190,109,23,184,146,180,91,69,28,8,118,156,159,188,48,92,90,131,148,93,14,178,115,191,61,145,94,13,101,7,38,176,35,97,128,52,2,167,107,123,155,51,34,198,17,82,49,133,98,132,170,77,25,105,4,6,88,70,108,21,106,154,122,197,24,72,78,111,110,171,152,80,127,30,114,182,139,29,137,158,175,85,1,117,120,157,173,186,79,42,27,193,172,39,32,55,125,33,192,165,40,87,181,68,9,103,162,147,196,95,144,56,63,31,143,53,183,164,41,36,161,102,62,5,134,112,104,99,73,74,20,138,168,50,126,16,71,19,83,60,179,47,43,187,76,151,141,11,58,64,96,177,199,166,22,195,119,81,153,129,26,150,174,100,54,113,116,124,160,45,121];True
8493;6657;15150;[50,34,66,84,67,18,59,57,3,130,163,86,12,185,0,189,169,75,89,142,136,149,15,135,194,10,46,44,37,190,109,23,184,51,180,91,69,28,8,118,156,159,188,48,92,90,131,148,93,14,178,115,191,61,145,94,13,101,7,38,176,35,97,128,52,2,167,107,123,155,73,65,198,17,82,49,133,98,132,170,77,25,105,4,6,88,70,108,21,106,154,122,197,24,72,78,111,110,171,152,80,127,30,114,182,139,29,137,158,175,85,1,117,120,157,173,186,79,42,27,193,172,39,32,55,125,33,192,165,40,87,181,68,9,103,162,147,196,95,144,56,146,31,143,53,183,164,41,36,161,102,62,5,134,112,104,99,63,74,20,138,168,140,126,16,71,19,83,60,179,47,43,187,76,151,141,11,58,64,96,177,199,166,22,195,119,81,153,129,26,150,174,100,54,113,116,124,160,45,121];True
8583;6655;15238;[73,10,66,84,67,18,59,57,3,130,163,86,12,185,0,189,169,75,89,142,136,149,15,135,34,194,46,44,37,190,109,23,184,51,180,91,69,28,8,118,156,159,188,48,92,90,131,148,93,14,178,115,191,61,145,94,13,101,7,38,176,35,97,128,52,2,167,107,123,50,155,65,198,17,82,49,133,98,132,170,77,25,105,4,6,88,70,108,21,106,154,122,197,24,72,78,111,110,171,152,80,127,30,114,182,139,29,137,158,175,85,1,117,120,157,173,186,79,42,27,193,172,39,32,55,125,33,192,165,40,87,181,68,9,103,162,147,196,95,144,56,146,31,143,53,183,164,41,36,161,102,62,5,134,112,104,99,63,74,20,138,168,140,126,16,71,19,83,60,179,47,43,187,76,151,141,11,58,64,96,177,199,166,22,195,119,81,153,129,26,150,174,100,54,113,116,124,160,45,121];True
8593;6651;15244;[50,10,66,84,67,18,59,57,3,130,163,86,12,185,0,189,169,75,89,142,136,149,15,135,34,194,46,44,37,190,109,23,184,51,180,91,69,28,8,118,156,159,188,48,92,90,131,148,93,14,178,115,191,61,145,94,13,101,7,38,176,35,97,128,52,2,167,107,123,73,155,65,198,17,82,49,133,98,132,170,77,25,105,4,6,88,70,108,21,106,154,122,197,24,72,78,111,110,171,152,80,127,30,114,182,139,29,137,158,175,85,1,117,120,157,173,186,79,42,27,193,172,39,32,55,125,33,192,165,40,87,181,68,9,103,162,147,196,95,144,56,146,31,143,53,183,164,41,36,161,102,62,5,134,112,104,99,63,74,20,138,168,140,126,16,71,19,83,60,179,47,43,187,76,151,141,11,58,64,96,177,199,166,22,195,119,81,153,129,26,150,174,100,54,113,116,124,160,45,121];True
8615;6646;15261;[50,94,118,142,170,18,171,57,3,130,163,122,12,185,54,98,193,6,38,196,161,66,45,135,136,115,46,44,140,190,109,10,108,51,174,91,69,28,8,184,34,159,188,48,92,90,131,148,93,14,178,23,191,61,145,180,13,101,141,36,176,35,97,128,52,2,167,107,123,146,155,65,194,17,82,49,133,189,132,75,77,25,105,4,84,88,70,37,21,106,154,59,197,24,72,78,111,110,11,152,86,127,30,114,182,139,29,137,158,175,85,1,117,120,157,173,186,79,42,27,169,172,39,32,55,125,33,192,165,40,87,181,68,9,103,162,147,67,95,144,156,73,31,143,53,183,164,41,149,89,102,62,5,134,112,104,99,63,74,20,138,168,198,126,16,71,19,83,60,179,47,43,187,76,151,7,80,58,64,96,177,199,166,22,195,119,81,153,129,26,150,56,100,0,113,116,124,160,15,121];True
8680;6643;15323;[190,109,23,6,149,189,59,57,3,130,163,171,12,185,0,98,169,142,89,196,161,66,15,135,194,115,46,44,65,37,174,10,184,51,106,91,69,28,8,118,34,159,188,48,92,90,131,148,93,14,178,136,191,61,145,94,13,101,7,38,176,35,97,128,52,2,167,107,123,73,155,50,198,17,82,49,133,18,132,170,77,25,105,4,84,88,70,108,21,180,154,122,197,24,72,78,111,110,11,152,86,127,30,114,182,139,29,137,158,175,85,1,117,120,157,173,186,79,42,27,193,172,39,32,55,125,33,192,165,40,87,181,68,9,103,162,147,67,95,144,156,146,31,143,53,183,164,41,75,36,102,62,5,134,112,104,99,63,74,20,138,168,140,126,16,71,19,83,60,179,47,43,187,76,151,141,80,58,64,96,177,199,166,22,195,119,81,153,129,26,150,56,100,54,113,116,124,160,45,121];True
8710;6638;15348;[198,94,118,142,170,18,171,57,3,130,163,122,12,185,54,98,193,6,38,196,161,66,45,135,136,115,46,44,50,190,109,10,108,51,174,91,69,28,8,184,34,159,188,48,92,90,131,148,93,14,178,23,191,61,145,180,13,101,141,36,176,35,97,128,52,2,167,107,123,146,155,65,194,17,82,49,133,189,132,75,77,25,105,4,84,88,70,37,21,106,154,59,197,24,72,78,111,110,11,152,86,127,30,114,182,139,29,137,158,175,85,1,117,120,157,173,186,79,42,27,169,172,39,32,55,125,33,192,165,40,87,181,68,9,103,162,147,67,95,144,156,73,31,143,53,183,164,41,149,89,102,62,5,134,112,104,99,63,74,20,138,168,140,126,16,71,19,83,60,179,47,43,187,76,151,7,80,58,64,96,177,199,166,22,195,119,81,153,129,26,150,56,100,0,113,116,124,160,15,121];True
8722;6628;15350;[34,10,66,84,67,18,59,57,3,130,163,86,12,185,0,189,169,75,89,142,136,149,15,135,194,180,46,44,37,190,109,23,184,51,50,91,69,28,8,118,156,159,188,48,92,90,131,148,93,14,178,115,191,61,145,94,13,101,7,38,176,35,97,128,52,2,167,107,123,73,155,65,198,17,82,49,133,98,132,170,77,25,105,4,6,88,70,108,21,106,154,122,197,24,72,78,111,110,171,152,80,127,30,114,182,139,29,137,158,175,85,1,117,120,157,173,186,79,42,27,193,172,39,32,55,125,33,192,165,40,87,181,68,9,103,162,147,196,95,144,56,146,31,143,53,183,164,41,36,161,102,62,5,134,112,104,99,63,74,20,138,168,140,126,16,71,19,83,60,179,47,43,187,76,151,141,11,58,64,96,177,199,166,22,195,119,81,153,129,26,150,174,100,54,113,116,124,160,45,121];True
8721;6636;15357;[180,23,66,84,67,18,59,57,3,130,163,86,12,185,0,189,169,75,89,142,136,149,15,135,194,34,46,44,37,190,109,10,184,51,50,91,69,28,8,118,156,159,188,48,92,90,131,148,93,14,178,115,191,61,145,94,13,101,7,38,176,35,97,128,52,2,167,107,123,73,155,65,198,17,82,49,133,98,132,170,77,25,105,4,6,88,70,108,21,106,154,122,197,24,72,78,111,110,171,152,80,127,30,114,182,139,29,137,158,175,85,1,117,120,157,173,186,79,42,27,193,172,39,32,55,125,33,192,165,40,87,181,68,9,103,162,147,196,95,144,56,146,31,143,53,183,164,41,36,161,102,62,5,134,112,104,99,63,74,20,138,168,140,126,16,71,19,83,60,179,47,43,187,76,151,141,11,58,64,96,177,199,166,22,195,119,81,153,129,26,150,174,100,54,113,116,124,160,45,121];True
8747;6617;15364;[34,23,66,84,67,18,59,57,3,130,163,86,12,185,0,189,169,75,89,142,136,149,15,135,194,180,46,44,37,190,109,10,184,51,50,91,69,28,8,118,156,159,188,48,92,90,131,148,93,14,178,115,191,61,145,94,13,101,7,38,176,35,97,128,52,2,167,107,123,73,155,65,198,17,82,49,133,98,132,170,77,25,105,4,6,88,70,108,21,106,154,122,197,24,72,78,111,110,171,152,80,127,30,114,182,139,29,137,158,175,85,1,117,120,157,173,186,79,42,27,193,172,39,32,55,125,33,192,165,40,87,181,68,9,103,162,147,196,95,144,56,146,31,143,53,183,164,41,36,161,102,62,5,134,112,104,99,63,74,20,138,168,140,126,16,71,19,83,60,179,47,43,187,76,151,141,11,58,64,96,177,199,166,22,195,119,81,153,129,26,150,174,100,54,113,116,124,160,45,121];True
8832;6611;15443;[50,180,118,142,170,18,171,57,3,130,163,122,12,185,54,98,193,6,38,196,161,66,45,135,136,115,46,44,37,190,109,10,108,51,174,91,69,28,8,184,34,159,188,48,92,90,131,148,93,14,178,23,191,61,145,94,13,101,141,36,176,35,97,128,52,2,167,107,123,146,155,65,194,17,82,49,133,189,132,75,77,25,105,4,84,88,70,198,21,106,154,59,197,24,72,78,111,110,11,152,86,127,30,114,182,139,29,137,158,175,85,1,117,120,157,173,186,79,42,27,169,172,39,32,55,125,33,192,165,40,87,181,68,9,103,162,147,67,95,144,156,73,31,143,53,183,164,41,149,89,102,62,5,134,112,104,99,63,74,20,138,168,140,126,16,71,19,83,60,179,47,43,187,76,151,7,80,58,64,96,177,199,166,22,195,119,81,153,129,26,150,56,100,0,113,116,124,160,15,121];True
8854;6607;15461;[73,174,118,142,170,18,171,57,3,130,163,122,12,185,54,98,193,6,38,196,161,66,45,135,136,115,46,44,37,190,109,10,108,51,180,91,69,28,8,184,34,159,188,48,92,90,131,148,93,14,178,23,191,61,145,94,13,101,141,36,176,35,97,128,52,2,167,107,123,146,155,65,194,17,82,49,133,189,132,75,77,25,105,4,84,88,70,198,21,106,154,59,197,24,72,78,111,110,11,152,86,127,30,114,182,139,29,137,158,175,85,1,117,120,157,173,186,79,42,27,169,172,39,32,55,125,33,192,165,40,87,181,68,9,103,162,147,67,95,144,156,50,31,143,53,183,164,41,149,89,102,62,5,134,112,104,99,63,74,20,138,168,140,126,16,71,19,83,60,179,47,43,187,76,151,7,80,58,64,96,177,199,166,22,195,119,81,153,129,26,150,56,100,0,113,116,124,160,15,121];True
8905;6606;15511;[50,109,66,84,67,18,59,57,3,130,163,86,12,185,0,189,169,75,89,23,136,149,15,135,194,115,46,44,37,190,156,10,184,51,34,91,69,28,8,118,180,159,188,48,92,90,131,148,93,14,178,142,191,61,145,94,13,101,7,38,176,35,97,128,52,2,167,107,123,73,155,65,198,17,82,49,133,98,132,170,77,25,105,4,6,88,70,108,21,106,154,122,197,24,72,78,111,110,171,152,80,127,30,114,182,139,29,137,158,175,85,1,117,120,157,173,186,79,42,27,193,172,39,32,55,125,33,192,165,40,87,181,68,9,103,162,147,196,95,144,56,146,31,143,53,183,164,41,36,161,102,62,5,134,112,104,99,63,74,20,138,168,140,126,16,71,19,83,60,179,47,43,187,76,151,141,11,58,64,96,177,199,166,22,195,119,81,153,129,26,150,174,100,54,113,116,124,160,45,121];True
8907;6605;15512;[34,142,66,84,67,18,59,57,3,130,163,86,12,185,0,189,169,75,89,23,136,149,15,135,194,180,46,44,37,190,109,10,184,51,50,91,69,28,8,118,156,159,188,48,92,90,131,148,93,14,178,115,191,61,145,94,13,101,7,38,176,35,97,128,52,2,167,107,123,73,155,65,198,17,82,49,133,98,132,170,77,25,105,4,6,88,70,108,21,106,154,122,197,24,72,78,111,110,171,152,80,127,30,114,182,139,29,137,158,175,85,1,117,120,157,173,186,79,42,27,193,172,39,32,55,125,33,192,165,40,87,181,68,9,103,162,147,196,95,144,56,146,31,143,53,183,164,41,36,161,102,62,5,134,112,104,99,63,74,20,138,168,140,126,16,71,19,83,60,179,47,43,187,76,151,141,11,58,64,96,177,199,166,22,195,119,81,153,129,26,150,174,100,54,113,116,124,160,45,121];True
8910;6604;15514;[73,37,66,84,67,12,54,57,3,130,163,171,189,185,0,98,169,142,89,196,161,149,15,135,194,115,46,44,140,190,109,10,184,51,34,91,69,28,8,118,180,159,188,48,92,90,131,148,93,14,178,136,191,61,145,94,13,101,7,38,176,35,97,128,52,2,167,107,123,50,155,65,198,17,82,49,133,18,132,170,77,25,105,4,6,88,70,108,21,106,154,122,197,24,72,78,111,110,11,152,86,127,30,114,182,139,29,137,158,175,85,1,117,120,157,173,186,79,42,27,193,172,39,32,55,125,33,192,165,40,87,181,68,9,103,162,147,23,95,144,156,146,31,143,53,183,164,41,75,36,102,62,5,134,112,104,99,63,74,20,138,168,56,126,16,71,19,83,60,179,47,43,187,76,151,141,80,58,64,96,177,199,166,22,195,119,81,153,129,26,150,174,100,59,113,116,124,160,45,121];True
8915;6600;15515;[50,156,66,84,67,18,59,57,3,130,163,86,12,185,0,189,169,75,89,23,136,149,15,135,194,115,46,44,37,190,109,10,184,51,34,91,69,28,8,118,180,159,188,48,92,90,131,148,93,14,178,142,191,61,145,94,13,101,7,38,176,35,97,128,52,2,167,107,123,73,155,65,198,17,82,49,133,98,132,170,77,25,105,4,6,88,70,108,21,106,154,122,197,24,72,78,111,110,171,152,80,127,30,114,182,139,29,137,158,175,85,1,117,120,157,173,186,79,42,27,193,172,39,32,55,125,33,192,165,40,87,181,68,9,103,162,147,196,95,144,56,146,31,143,53,183,164,41,36,161,102,62,5,134,112,104,99,63,74,20,138,168,140,126,16,71,19,83,60,179,47,43,187,76,151,141,11,58,64,96,177,199,166,22,195,119,81,153,129,26,150,174,100,54,113,116,124,160,45,121];True
8933;6599;15532;[50,115,66,84,67,18,59,57,3,130,163,86,12,185,0,189,169,75,89,23,136,149,15,135,194,180,46,44,37,190,109,10,184,51,34,91,69,28,8,118,156,159,188,48,92,90,131,148,93,14,178,142,191,61,145,94,13,101,7,38,176,35,97,128,52,2,167,107,123,73,155,65,198,17,82,49,133,98,132,170,77,25,105,4,6,88,70,108,21,106,154,122,197,24,72,78,111,110,171,152,80,127,30,114,182,139,29,137,158,175,85,1,117,120,157,173,186,79,42,27,193,172,39,32,55,125,33,192,165,40,87,181,68,9,103,162,147,196,95,144,56,146,31,143,53,183,164,41,36,161,102,62,5,134,112,104,99,63,74,20,138,168,140,126,16,71,19,83,60,179,47,43,187,76,151,141,11,58,64,96,177,199,166,22,195,119,81,153,129,26,150,174,100,54,113,116,124,160,45,121];True
8970;6595;15565;[34,115,66,84,67,18,59,57,3,130,163,86,12,185,0,189,169,75,89,23,136,149,15,135,194,180,46,44,37,190,109,10,184,51,50,91,69,28,8,118,156,159,188,48,92,90,131,148,93,14,178,142,191,61,145,94,13,101,7,38,176,35,97,128,52,2,167,107,123,73,155,65,198,17,82,49,133,98,132,170,77,25,105,4,6,88,70,108,21,106,154,122,197,24,72,78,111,110,171,152,80,127,30,114,182,139,29,137,158,175,85,1,117,120,157,173,186,79,42,27,193,172,39,32,55,125,33,192,165,40,87,181,68,9,103,162,147,196,95,144,56,146,31,143,53,183,164,41,36,161,102,62,5,134,112,104,99,63,74,20,138,168,140,126,16,71,19,83,60,179,47,43,187,76,151,141,11,58,64,96,177,199,166,22,195,119,81,153,129,26,150,174,100,54,113,116,124,160,45,121];True
8993;6593;15586;[50,156,66,84,67,98,59,57,3,130,163,86,12,185,0,189,169,75,89,23,136,149,15,135,194,115,46,44,37,190,109,10,184,51,34,91,69,28,8,118,180,159,188,48,92,90,131,148,93,14,178,142,191,61,145,94,13,101,7,38,176,35,97,128,52,2,167,107,123,73,155,65,198,17,82,49,133,18,132,170,77,25,105,4,6,88,70,108,21,106,154,122,197,24,72,78,111,110,171,152,80,127,30,114,182,139,29,137,158,175,85,1,117,120,157,173,186,79,42,27,193,172,39,32,55,125,33,192,165,40,87,181,68,9,103,162,147,196,95,144,56,146,31,143,53,183,164,41,36,161,102,62,5,134,112,104,99,63,74,20,138,168,140,126,16,71,19,83,60,179,47,43,187,76,151,141,11,58,64,96,177,199,166,22,195,119,81,153,129,26,150,174,100,54,113,116,124,160,45,121];True
9010;6592;15602;[73,174,23,6,149,18,59,57,3,130,163,86,12,185,0,189,169,75,89,67,136,66,15,135,194,115,46,44,37,190,109,10,184,51,34,91,69,28,8,118,180,159,188,48,92,90,131,148,93,14,178,142,191,61,145,94,13,101,7,38,176,35,97,128,52,2,167,107,123,50,155,65,198,17,82,49,133,98,132,170,77,25,105,4,84,88,70,108,21,106,154,122,197,24,72,78,111,110,171,152,80,127,30,114,182,139,29,137,158,175,85,1,117,120,157,173,186,79,42,27,193,172,39,32,55,125,33,192,165,40,87,181,68,9,103,162,147,196,95,144,156,146,31,143,53,183,164,41,36,161,102,62,5,134,112,104,99,63,74,20,138,168,140,126,16,71,19,83,60,179,47,43,187,76,151,141,11,58,64,96,177,199,166,22,195,119,81,153,129,26,150,56,100,54,113,116,124,160,45,121];True
9036;6584;15620;[50,180,66,84,67,18,59,57,3,130,163,86,12,185,0,189,169,75,89,23,136,149,15,135,194,115,46,44,37,190,109,10,184,51,34,91,69,28,8,118,156,159,188,48,92,90,131,148,93,14,178,142,191,61,145,94,13,101,7,38,176,35,97,128,52,2,167,107,123,73,155,65,198,17,82,49,133,98,132,170,77,25,105,4,6,88,70,108,21,106,154,122,197,24,72,78,111,110,171,152,80,127,30,114,182,139,29,137,158,175,85,1,117,120,157,173,186,79,42,27,193,172,39,32,55,125,33,192,165,40,87,181,68,9,103,162,147,196,95,144,56,146,31,143,53,183,164,41,36,161,102,62,5,134,112,104,99,63,74,20,138,168,140,126,16,71,19,83,60,179,47,43,187,76,151,141,11,58,64,96,177,199,166,22,195,119,81,153,129,26,150,174,100,54,113,116,124,160,45,121];True
9044;6583;15627;[73,174,67,6,149,18,59,57,3,130,163,86,12,185,0,189,169,75,89,23,136,66,15,135,194,115,46,44,37,190,109,10,184,51,34,91,69,28,8,118,180,159,188,48,92,90,131,148,93,14,178,142,191,61,145,94,13,101,7,38,176,35,97,128,52,2,167,107,123,50,155,65,198,17,82,49,133,98,132,170,77,25,105,4,84,88,70,108,21,106,154,122,197,24,72,78,111,110,171,152,80,127,30,114,182,139,29,137,158,175,85,1,117,120,157,173,186,79,42,27,193,172,39,32,55,125,33,192,165,40,87,181,68,9,103,162,147,196,95,144,156,146,31,143,53,183,164,41,36,161,102,62,5,134,112,104,99,63,74,20,138,168,140,126,16,71,19,83,60,179,47,43,187,76,151,141,11,58,64,96,177,199,166,22,195,119,81,153,129,26,150,56,100,54,113,116,124,160,45,121];True
9061;6576;15637;[73,174,149,84,67,98,59,57,3,130,163,86,12,185,0,189,169,75,89,23,136,66,15,135,194,115,46,44,37,190,109,10,184,51,34,91,69,28,8,118,180,159,188,48,92,90,131,148,93,14,178,142,191,61,145,94,13,101,7,38,176,35,97,128,52,2,167,107,123,50,155,65,198,17,82,49,133,18,132,170,77,25,105,4,6,88,70,108,21,106,154,122,197,24,72,78,111,110,171,152,80,127,30,114,182,139,29,137,158,175,85,1,117,120,157,173,186,79,42,27,193,172,39,32,55,125,33,192,165,40,87,181,68,9,103,162,147,196,95,144,156,146,31,143,53,183,164,41,36,161,102,62,5,134,112,104,99,63,74,20,138,168,140,126,16,71,19,83,60,179,47,43,187,76,151,141,11,58,64,96,177,199,166,22,195,119,81,153,129,26,150,56,100,54,113,116,124,160,45,121];True
9074;6574;15648;[73,56,66,84,67,98,59,57,3,130,163,86,12,185,0,189,169,75,89,23,136,149,15,135,194,115,46,44,37,190,109,10,184,51,34,91,69,28,8,118,180,159,188,48,92,90,131,148,93,14,178,142,191,61,145,94,13,101,7,38,176,35,97,128,52,2,167,107,123,50,155,65,198,17,82,49,133,18,132,170,77,25,105,4,6,88,70,108,21,106,154,122,197,24,72,78,111,110,171,152,80,127,30,114,182,139,29,137,158,175,85,1,117,120,157,173,186,79,42,27,193,172,39,32,55,125,33,192,165,40,87,181,68,9,103,162,147,196,95,144,156,146,31,143,53,183,164,41,36,161,102,62,5,134,112,104,99,63,74,20,138,168,140,126,16,71,19,83,60,179,47,43,187,76,151,141,11,58,64,96,177,199,166,22,195,119,81,153,129,26,150,174,100,54,113,116,124,160,45,121];True
9095;6572;15667;[50,56,66,84,67,98,59,57,3,130,163,86,12,185,0,189,169,75,89,23,136,149,15,135,194,115,46,44,37,190,109,10,184,51,34,91,69,28,8,118,180,159,188,48,92,90,131,148,93,14,178,142,191,61,145,94,13,101,7,38,176,35,97,128,52,2,167,107,123,73,155,65,198,17,82,49,133,18,132,170,77,25,105,4,6,88,70,108,21,106,154,122,197,24,72,78,111,110,171,152,80,127,30,114,182,139,29,137,158,175,85,1,117,120,157,173,186,79,42,27,193,172,39,32,55,125,33,192,165,40,87,181,68,9,103,162,147,196,95,144,156,146,31,143,53,183,164,41,36,161,102,62,5,134,112,104,99,63,74,20,138,168,140,126,16,71,19,83,60,179,47,43,187,76,151,141,11,58,64,96,177,199,166,22,195,119,81,153,129,26,150,174,100,54,113,116,124,160,45,121];True
9144;6570;15714;[73,174,67,75,149,18,59,57,3,130,163,86,12,185,0,189,169,6,89,23,136,66,15,135,194,115,46,44,37,190,109,10,184,51,34,91,69,28,8,118,180,159,188,48,92,90,131,148,93,14,178,142,191,61,145,94,13,101,7,38,176,35,97,128,52,2,167,107,123,50,155,65,198,17,82,49,133,98,132,170,77,25,105,4,84,88,70,108,21,106,154,122,197,24,72,78,111,110,171,152,80,127,30,114,182,139,29,137,158,175,85,1,117,120,157,173,186,79,42,27,193,172,39,32,55,125,33,192,165,40,87,181,68,9,103,162,147,196,95,144,156,146,31,143,53,183,164,41,36,161,102,62,5,134,112,104,99,63,74,20,138,168,140,126,16,71,19,83,60,179,47,43,187,76,151,141,11,58,64,96,177,199,166,22,195,119,81,153,129,26,150,56,100,54,113,116,124,160,45,121];True
9165;6564;15729;[73,174,67,36,149,18,59,57,3,130,163,86,12,185,0,189,169,6,89,23,136,66,15,135,194,115,46,44,37,190,109,10,184,51,34,91,69,28,8,118,180,159,188,48,92,90,131,148,93,14,178,142,191,61,145,94,13,101,7,38,176,35,97,128,52,2,167,107,123,50,155,65,198,17,82,49,133,98,132,170,77,25,105,4,84,88,70,108,21,106,154,122,197,24,72,78,111,110,171,152,80,127,30,114,182,139,29,137,158,175,85,1,117,120,157,173,186,79,42,27,193,172,39,32,55,125,33,192,165,40,87,181,68,9,103,162,147,196,95,144,156,146,31,143,53,183,164,41,75,161,102,62,5,134,112,104,99,63,74,20,138,168,140,126,16,71,19,83,60,179,47,43,187,76,151,141,11,58,64,96,177,199,166,22,195,119,81,153,129,26,150,56,100,54,113,116,124,160,45,121];True
9212;6562;15774;[73,174,67,75,149,98,59,57,3,130,163,86,12,185,0,189,169,6,89,23,136,66,15,135,194,115,46,44,37,190,109,10,184,51,34,91,69,28,8,118,180,159,188,48,92,90,131,148,93,14,178,142,191,61,145,94,13,101,7,38,176,35,97,128,52,2,167,107,123,50,155,65,198,17,82,49,133,18,132,170,77,25,105,4,84,88,70,108,21,106,154,122,197,24,72,78,111,110,171,152,80,127,30,114,182,139,29,137,158,175,85,1,117,120,157,173,186,79,42,27,193,172,39,32,55,125,33,192,165,40,87,181,68,9,103,162,147,196,95,144,156,146,31,143,53,183,164,41,36,161,102,62,5,134,112,104,99,63,74,20,138,168,140,126,16,71,19,83,60,179,47,43,187,76,151,141,11,58,64,96,177,199,166,22,195,119,81,153,129,26,150,56,100,54,113,116,124,160,45,121];True
9233;6556;15789;[73,174,67,36,149,98,59,57,3,130,163,86,12,185,0,189,169,6,89,23,136,66,15,135,194,115,46,44,37,190,109,10,184,51,34,91,69,28,8,118,180,159,188,48,92,90,131,148,93,14,178,142,191,61,145,94,13,101,7,38,176,35,97,128,52,2,167,107,123,50,155,65,198,17,82,49,133,18,132,170,77,25,105,4,84,88,70,108,21,106,154,122,197,24,72,78,111,110,171,152,80,127,30,114,182,139,29,137,158,175,85,1,117,120,157,173,186,79,42,27,193,172,39,32,55,125,33,192,165,40,87,181,68,9,103,162,147,196,95,144,156,146,31,143,53,183,164,41,75,161,102,62,5,134,112,104,99,63,74,20,138,168,140,126,16,71,19,83,60,179,47,43,187,76,151,141,11,58,64,96,177,199,166,22,195,119,81,153,129,26,150,56,100,54,113,116,124,160,45,121];True
9284;6555;15839;[50,174,67,36,149,98,59,57,3,130,163,86,12,185,0,189,169,6,89,23,136,66,15,135,194,115,46,44,37,190,109,10,184,51,34,91,69,28,8,118,180,159,188,48,92,90,131,148,93,14,178,142,191,61,145,94,13,101,7,38,176,35,97,128,52,2,167,107,123,73,155,65,198,17,82,49,133,18,132,170,77,25,105,4,84,88,70,108,21,106,154,122,197,24,72,78,111,110,171,152,80,127,30,114,182,139,29,137,158,175,85,1,117,120,157,173,186,79,42,27,193,172,39,32,55,125,33,192,165,40,87,181,68,9,103,162,147,196,95,144,156,146,31,143,53,183,164,41,75,161,102,62,5,134,112,104,99,63,74,20,138,168,140,126,16,71,19,83,60,179,47,43,187,76,151,141,11,58,64,96,177,199,166,22,195,119,81,153,129,26,150,56,100,54,113,116,124,160,45,121];True
9320;6553;15873;[73,174,67,36,149,77,59,57,3,161,163,86,12,185,0,98,169,6,89,23,136,66,15,135,194,115,46,44,37,190,109,10,184,51,34,91,69,28,8,118,180,159,188,48,92,90,131,148,93,14,178,142,191,61,145,94,13,101,7,38,176,35,97,128,52,2,167,107,123,50,155,65,198,17,82,49,133,18,132,170,189,25,105,4,84,88,70,108,21,106,154,122,197,24,72,78,111,110,171,152,80,127,30,114,182,139,29,137,158,175,85,1,117,120,157,173,186,79,42,27,193,172,39,32,55,125,33,192,165,40,87,181,68,9,103,162,147,196,95,144,156,146,31,143,53,183,164,41,75,130,102,62,5,134,112,104,99,63,74,20,138,168,140,126,16,71,19,83,60,179,47,43,187,76,151,141,11,58,64,96,177,199,166,22,195,119,81,153,129,26,150,56,100,54,113,116,124,160,45,121];True
9351;6551;15902;[73,174,67,36,149,98,59,57,3,161,163,86,12,185,0,189,169,6,89,23,136,66,15,135,194,115,46,44,37,190,109,10,184,51,34,91,69,28,8,118,180,159,188,48,92,90,131,148,93,14,178,142,191,61,145,94,13,101,7,38,176,35,97,128,52,2,167,107,123,50,155,65,198,17,82,49,133,18,132,170,77,25,105,4,84,88,70,108,21,106,154,122,197,24,72,78,111,110,171,152,80,127,30,114,182,139,29,137,158,175,85,1,117,120,157,173,186,79,42,27,193,172,39,32,55,125,33,192,165,40,87,181,68,9,103,162,147,196,95,144,156,146,31,143,53,183,164,41,75,130,102,62,5,134,112,104,99,63,74,20,138,168,140,126,16,71,19,83,60,179,47,43,187,76,151,141,11,58,64,96,177,199,166,22,195,119,81,153,129,26,150,56,100,54,113,116,124,160,45,121];True
9366;6547;15913;[73,174,67,36,149,189,59,57,3,161,163,86,12,185,0,98,169,6,89,23,136,66,15,135,194,115,46,44,37,190,109,10,184,51,34,91,69,28,8,118,180,159,188,48,92,90,131,148,93,14,178,142,191,61,145,94,13,101,7,38,176,35,97,128,52,2,167,107,123,50,155,65,198,17,82,49,133,18,132,170,77,25,105,4,84,88,70,108,21,106,154,122,197,24,72,78,111,110,171,152,80,127,30,114,182,139,29,137,158,175,85,1,117,120,157,173,186,79,42,27,193,172,39,32,55,125,33,192,165,40,87,181,68,9,103,162,147,196,95,144,156,146,31,143,53,183,164,41,75,130,102,62,5,134,112,104,99,63,74,20,138,168,140,126,16,71,19,83,60,179,47,43,187,76,151,141,11,58,64,96,177,199,166,22,195,119,81,153,129,26,150,56,100,54,113,116,124,160,45,121];True
9417;6546;15963;[50,174,67,36,149,189,59,57,3,161,163,86,12,185,0,98,169,6,89,23,136,66,15,135,194,115,46,44,37,190,109,10,184,51,34,91,69,28,8,118,180,159,188,48,92,90,131,148,93,14,178,142,191,61,145,94,13,101,7,38,176,35,97,128,52,2,167,107,123,73,155,65,198,17,82,49,133,18,132,170,77,25,105,4,84,88,70,108,21,106,154,122,197,24,72,78,111,110,171,152,80,127,30,114,182,139,29,137,158,175,85,1,117,120,157,173,186,79,42,27,193,172,39,32,55,125,33,192,165,40,87,181,68,9,103,162,147,196,95,144,156,146,31,143,53,183,164,41,75,130,102,62,5,134,112,104,99,63,74,20,138,168,140,126,16,71,19,83,60,179,47,43,187,76,151,141,11,58,64,96,177,199,166,22,195,119,81,153,129,26,150,56,100,54,113,116,124,160,45,121];True
9488;6542;16030;[73,174,67,36,149,152,59,57,3,136,163,86,12,185,0,98,169,6,89,23,161,66,15,135,194,115,46,44,37,190,109,10,184,51,34,91,69,28,8,118,180,159,188,48,92,90,131,148,93,14,178,142,191,61,145,94,13,101,7,38,176,35,97,128,52,2,167,107,123,50,155,65,198,17,82,49,133,18,132,170,77,25,105,4,84,88,70,108,21,106,154,122,197,24,72,78,111,110,171,189,80,127,30,114,182,139,29,137,158,175,85,1,117,120,157,173,186,79,42,27,193,172,39,32,55,125,33,192,165,40,87,181,68,9,103,162,147,196,95,144,156,146,31,143,53,183,164,41,75,130,102,62,5,134,112,104,99,63,74,20,138,168,140,126,16,71,19,83,60,179,47,43,187,76,151,141,11,58,64,96,177,199,166,22,195,119,81,153,129,26,150,56,100,54,113,116,124,160,45,121];True
9539;6541;16080;[50,174,67,36,149,152,59,57,3,136,163,86,12,185,0,98,169,6,89,23,161,66,15,135,194,115,46,44,37,190,109,10,184,51,34,91,69,28,8,118,180,159,188,48,92,90,131,148,93,14,178,142,191,61,145,94,13,101,7,38,176,35,97,128,52,2,167,107,123,73,155,65,198,17,82,49,133,18,132,170,77,25,105,4,84,88,70,108,21,106,154,122,197,24,72,78,111,110,171,189,80,127,30,114,182,139,29,137,158,175,85,1,117,120,157,173,186,79,42,27,193,172,39,32,55,125,33,192,165,40,87,181,68,9,103,162,147,196,95,144,156,146,31,143,53,183,164,41,75,130,102,62,5,134,112,104,99,63,74,20,138,168,140,126,16,71,19,83,60,179,47,43,187,76,151,141,11,58,64,96,177,199,166,22,195,119,81,153,129,26,150,56,100,54,113,116,124,160,45,121];True
9605;6539;16144;[73,174,23,136,149,152,59,57,3,36,163,86,12,185,0,98,169,6,89,196,161,66,15,135,194,115,46,44,37,190,109,10,184,51,34,91,69,28,8,118,180,159,188,48,92,90,131,148,93,14,178,142,191,61,145,94,13,101,7,38,176,35,97,128,52,2,167,107,123,50,155,65,198,17,82,49,133,18,132,170,77,25,105,4,84,88,70,108,21,106,154,122,197,24,72,78,111,110,171,189,80,127,30,114,182,139,29,137,158,175,85,1,117,120,157,173,186,79,42,27,193,172,39,32,55,125,33,192,165,40,87,181,68,9,103,162,147,67,95,144,156,146,31,143,53,183,164,41,75,130,102,62,5,134,112,104,99,63,74,20,138,168,140,126,16,71,19,83,60,179,47,43,187,76,151,141,11,58,64,96,177,199,166,22,195,119,81,153,129,26,150,56,100,54,113,116,124,160,45,121];True
9656;6538;16194;[50,174,23,136,149,152,59,57,3,36,163,86,12,185,0,98,169,6,89,196,161,66,15,135,194,115,46,44,37,190,109,10,184,51,34,91,69,28,8,118,180,159,188,48,92,90,131,148,93,14,178,142,191,61,145,94,13,101,7,38,176,35,97,128,52,2,167,107,123,73,155,65,198,17,82,49,133,18,132,170,77,25,105,4,84,88,70,108,21,106,154,122,197,24,72,78,111,110,171,189,80,127,30,114,182,139,29,137,158,175,85,1,117,120,157,173,186,79,42,27,193,172,39,32,55,125,33,192,165,40,87,181,68,9,103,162,147,67,95,144,156,146,31,143,53,183,164,41,75,130,102,62,5,134,112,104,99,63,74,20,138,168,140,126,16,71,19,83,60,179,47,43,187,76,151,141,11,58,64,96,177,199,166,22,195,119,81,153,129,26,150,56,100,54,113,116,124,160,45,121];True
9781;6537;16318;[50,174,23,136,149,189,11,57,3,36,163,59,12,185,0,98,169,6,89,196,161,66,15,135,194,115,46,44,37,190,109,10,184,51,34,91,69,28,8,118,180,159,188,48,92,90,131,148,93,14,178,142,191,61,145,94,13,101,7,38,176,35,97,128,52,2,167,107,123,73,155,65,198,17,82,49,133,18,132,170,77,25,105,4,84,88,70,108,21,106,154,122,197,24,72,78,111,110,171,152,86,127,30,114,182,139,29,137,158,175,85,1,117,120,157,173,186,79,42,27,193,172,39,32,55,125,33,192,165,40,87,181,68,9,103,162,147,67,95,144,156,146,31,143,53,183,164,41,75,130,102,62,5,134,112,104,99,63,74,20,138,168,140,126,16,71,19,83,60,179,47,43,187,76,151,141,80,58,64,96,177,199,166,22,195,119,81,153,129,26,150,56,100,54,113,116,124,160,45,121];True
