utilA;utilB;utilSum;contract;pareto
1959;7250;9209;[34,118,129,162,19,87,121,178,111,132,130,84,77,112,93,147,66,157,103,105,74,188,144,9,142,117,167,61,45,138,41,49,78,128,42,57,197,8,16,126,143,160,91,1,33,124,180,196,36,46,140,92,82,23,189,81,0,85,22,26,176,193,109,20,170,95,38,139,146,4,70,194,31,198,174,184,35,67,32,72,163,25,51,50,190,125,11,113,156,71,165,65,37,94,173,18,131,110,101,59,80,100,30,134,148,195,97,58,175,151,7,191,181,68,123,6,137,158,54,52,119,187,39,107,55,14,13,172,12,89,75,149,15,135,53,183,69,159,164,90,28,155,73,99,106,136,115,152,2,161,102,86,133,76,122,116,104,17,145,56,21,108,192,40,169,182,29,154,60,177,27,43,127,96,171,141,98,114,64,79,179,47,88,5,186,199,83,153,166,24,150,10,185,62,120,3,168,44,48,63];True
1956;7260;9216;[34,118,129,162,19,87,121,178,127,132,130,84,77,112,93,147,66,157,103,105,74,188,144,9,142,117,167,61,45,138,41,49,78,128,42,57,197,8,16,126,143,160,91,1,33,124,180,196,36,46,140,92,82,23,189,81,0,85,22,26,176,193,109,20,170,95,38,139,146,4,70,194,31,198,174,184,35,67,32,72,163,25,51,50,190,125,11,113,156,71,165,65,37,94,173,18,131,110,101,59,80,100,30,134,148,195,97,58,151,175,7,191,181,68,123,6,137,158,54,52,119,187,39,107,55,14,13,172,12,89,75,149,15,135,53,183,69,159,164,90,28,155,73,99,106,136,115,152,2,161,102,86,133,76,122,116,104,17,145,56,21,108,192,40,169,182,29,154,60,177,27,43,111,96,171,141,98,114,64,79,179,47,88,5,186,199,83,153,166,24,150,10,185,62,120,3,168,44,48,63];True
1957;7259;9216;[34,118,129,162,19,87,121,178,127,132,130,84,77,112,93,147,66,157,103,105,74,188,144,9,142,117,167,61,45,138,41,49,78,128,42,57,197,8,16,126,143,160,91,1,33,124,180,196,36,46,140,92,82,23,189,81,0,85,22,26,176,193,109,20,170,95,38,139,146,4,70,194,31,198,174,184,35,67,32,72,163,25,51,50,190,125,11,113,156,71,165,65,37,94,173,18,131,110,101,59,80,100,30,134,148,195,97,58,175,151,7,191,181,68,123,6,137,158,54,52,119,187,39,107,55,14,13,172,12,89,75,149,15,135,53,183,69,159,164,90,28,155,73,99,106,136,115,152,2,161,102,86,133,76,122,116,104,17,145,56,21,108,192,40,169,182,29,154,60,177,27,43,111,96,171,141,98,114,64,79,179,47,88,5,186,199,83,153,166,24,150,10,185,62,120,3,168,44,48,63];True
1953;7269;9222;[34,118,129,162,22,87,121,178,127,132,130,84,77,112,93,147,66,157,103,105,74,188,144,9,142,117,167,61,45,138,41,49,78,128,42,57,197,8,16,126,143,160,91,1,33,124,180,196,36,46,140,92,82,23,189,81,0,85,19,26,176,193,109,20,170,95,38,139,146,4,70,194,31,198,174,184,35,67,32,72,163,25,51,50,190,125,11,113,156,71,165,65,37,94,173,18,131,110,101,59,80,100,30,134,148,195,97,58,175,151,7,191,181,68,123,6,137,158,54,52,119,187,39,107,55,14,13,172,12,89,75,149,15,135,53,183,69,159,164,90,28,155,73,99,106,136,115,152,2,161,102,86,133,76,122,116,104,17,145,56,21,108,192,40,169,182,29,154,60,177,27,43,111,96,171,141,98,114,64,79,179,47,88,5,186,199,83,153,166,24,150,10,185,62,120,3,168,44,48,63];True
1946;7276;9222;[34,118,129,162,19,87,121,178,127,132,130,84,77,112,93,147,66,157,103,105,74,188,144,9,142,117,167,61,45,138,41,49,78,128,42,57,197,8,16,126,35,160,91,1,33,124,180,196,36,46,140,92,82,23,189,81,0,85,22,26,176,193,109,20,170,95,38,139,146,4,70,194,31,198,174,184,143,67,32,72,163,25,51,50,190,125,11,113,156,71,165,65,37,94,173,18,131,110,101,59,80,100,30,134,148,195,97,58,175,151,7,191,181,68,123,6,137,158,54,52,119,187,39,107,55,14,13,172,12,89,75,149,15,135,53,183,69,159,164,90,28,155,73,99,106,136,115,152,2,161,102,86,133,76,122,116,104,17,145,56,21,108,192,40,169,182,29,154,60,177,27,43,111,96,171,141,98,114,64,79,179,47,88,5,186,199,83,153,166,24,150,10,185,62,120,3,168,44,48,63];True
1939;7287;9226;[34,123,129,162,19,87,121,178,127,132,130,84,77,112,93,147,66,157,103,105,74,188,144,9,142,117,167,61,45,138,41,49,78,128,42,57,197,8,16,126,143,160,91,1,33,124,180,196,36,46,140,92,82,23,189,81,0,85,22,26,176,193,109,20,170,95,38,139,146,4,70,194,31,198,174,184,35,67,32,72,163,25,51,50,190,125,11,113,156,71,165,65,37,94,173,18,131,110,101,59,80,100,30,134,148,195,97,58,175,151,7,191,181,68,118,6,137,158,54,52,119,187,39,107,55,14,13,172,12,89,75,149,15,135,53,183,69,159,164,90,28,155,73,99,106,136,115,152,2,161,102,86,133,76,122,116,104,17,145,56,21,108,192,40,169,182,29,154,60,177,27,43,111,96,171,141,98,114,64,79,179,47,88,5,186,199,83,153,166,24,150,10,185,62,120,3,168,44,48,63];True
1925;7307;9232;[34,118,129,162,19,87,121,178,127,132,130,84,77,112,93,147,66,157,103,105,74,188,144,9,142,117,167,61,45,138,41,49,78,128,42,57,197,8,16,126,143,160,91,1,33,124,180,196,36,46,140,92,82,23,189,81,0,85,22,26,176,193,109,20,170,95,38,139,146,4,70,194,31,198,174,184,35,67,32,72,163,25,51,50,190,125,11,113,156,71,165,65,37,94,173,18,131,110,101,59,80,100,30,134,148,195,97,58,175,151,7,191,181,68,123,6,137,158,54,52,119,187,39,107,55,14,13,172,12,89,75,149,15,135,53,183,69,159,164,90,28,155,73,99,106,136,115,152,2,161,102,86,133,76,122,43,104,17,145,56,21,108,192,40,169,182,29,154,60,177,27,116,111,96,171,141,98,114,64,79,179,47,88,5,186,199,83,153,166,24,150,10,185,62,120,3,168,44,48,63];True
1922;7312;9234;[93,118,129,162,19,87,121,178,111,132,130,84,77,112,34,147,66,157,103,105,74,188,144,9,142,117,167,61,45,138,41,49,78,128,42,57,197,8,16,126,143,160,91,1,33,124,180,196,36,46,140,92,82,23,189,81,0,85,22,26,176,193,109,20,170,95,38,139,146,4,70,194,31,198,174,184,35,67,32,72,163,25,51,50,190,125,11,113,156,71,165,65,37,94,173,18,131,110,101,59,80,100,30,134,148,195,97,58,175,151,7,191,181,68,123,6,137,158,54,52,119,187,39,107,55,14,13,172,12,89,75,149,15,135,53,183,69,159,164,90,28,155,73,99,106,136,115,152,2,161,102,86,133,76,122,116,104,17,145,56,21,108,192,40,169,182,29,154,60,177,27,43,127,96,171,141,98,114,64,79,179,47,88,5,186,199,83,153,166,24,150,10,185,62,120,3,168,44,48,63];True
1920;7321;9241;[93,118,129,162,19,87,121,178,127,132,130,84,77,112,34,147,66,157,103,105,74,188,144,9,142,117,167,61,45,138,41,49,78,128,42,57,197,8,16,126,143,160,91,1,33,124,180,196,36,46,140,92,82,23,189,81,0,85,22,26,176,193,109,20,170,95,38,139,146,4,70,194,31,198,174,184,35,67,32,72,163,25,51,50,190,125,11,113,156,71,165,65,37,94,173,18,131,110,101,59,80,100,30,134,148,195,97,58,175,151,7,191,181,68,123,6,137,158,54,52,119,187,39,107,55,14,13,172,12,89,75,149,15,135,53,183,69,159,164,90,28,155,73,99,106,136,115,152,2,161,102,86,133,76,122,116,104,17,145,56,21,108,192,40,169,182,29,154,60,177,27,43,111,96,171,141,98,114,64,79,179,47,88,5,186,199,83,153,166,24,150,10,185,62,120,3,168,44,48,63];True
1919;7322;9241;[93,118,129,162,19,87,121,178,127,132,130,84,77,112,34,147,66,157,103,105,74,188,144,9,142,117,167,61,45,138,41,49,78,128,42,57,197,8,16,126,143,160,91,1,33,124,180,196,36,46,140,92,82,23,189,81,0,85,22,26,176,193,109,20,170,95,38,139,146,4,70,194,31,198,174,184,35,67,32,72,163,25,51,50,190,125,11,113,156,71,165,65,37,94,173,18,131,110,101,59,80,100,30,134,148,195,97,58,151,175,7,191,181,68,123,6,137,158,54,52,119,187,39,107,55,14,13,172,12,89,75,149,15,135,53,183,69,159,164,90,28,155,73,99,106,136,115,152,2,161,102,86,133,76,122,116,104,17,145,56,21,108,192,40,169,182,29,154,60,177,27,43,111,96,171,141,98,114,64,79,179,47,88,5,186,199,83,153,166,24,150,10,185,62,120,3,168,44,48,63];True
1938;7304;9242;[34,118,129,162,19,87,121,178,127,132,130,84,77,112,93,147,66,157,103,105,74,188,144,9,142,117,167,61,45,138,41,49,78,128,42,57,197,8,16,126,143,160,91,1,33,124,180,196,36,46,140,92,82,23,189,81,0,85,22,26,176,193,109,20,170,95,38,139,146,4,70,194,31,198,174,184,35,67,32,72,163,25,51,50,190,125,11,113,156,71,165,65,37,94,173,18,131,110,101,59,80,100,30,134,148,195,97,58,175,151,7,191,181,68,123,6,137,158,54,52,119,187,39,107,55,14,13,172,12,89,75,149,15,108,53,183,69,159,164,90,28,155,73,99,106,136,115,152,2,161,102,86,133,76,122,116,104,17,145,56,21,135,192,40,169,182,29,154,60,177,27,43,111,96,171,141,98,114,64,79,179,47,88,5,186,199,83,153,166,24,150,10,185,62,120,3,168,44,48,63];True
1905;7338;9243;[136,118,129,162,19,87,121,178,127,132,130,84,77,112,34,147,66,157,103,105,74,188,144,9,142,117,167,61,45,138,41,49,78,128,42,57,197,8,16,126,143,160,91,1,33,124,180,196,36,46,140,92,82,23,189,81,0,85,22,26,176,193,109,20,170,95,38,139,146,4,70,194,31,198,174,184,35,67,32,72,163,25,51,50,190,125,11,113,156,71,165,65,37,94,173,18,131,110,101,59,80,100,30,134,148,195,97,58,175,151,7,191,181,68,123,6,137,158,54,52,119,187,39,107,55,14,13,172,12,89,75,149,15,135,53,183,69,159,164,90,28,155,73,99,106,93,115,152,2,161,102,86,133,76,122,116,104,17,145,56,21,108,192,40,169,182,29,154,60,177,27,43,111,96,171,141,98,114,64,79,179,47,88,5,186,199,83,153,166,24,150,10,185,62,120,3,168,44,48,63];True
1916;7331;9247;[93,118,129,162,22,87,121,178,127,132,130,84,77,112,34,147,66,157,103,105,74,188,144,9,142,117,167,61,45,138,41,49,78,128,42,57,197,8,16,126,143,160,91,1,33,124,180,196,36,46,140,92,82,23,189,81,0,85,19,26,176,193,109,20,170,95,38,139,146,4,70,194,31,198,174,184,35,67,32,72,163,25,51,50,190,125,11,113,156,71,165,65,37,94,173,18,131,110,101,59,80,100,30,134,148,195,97,58,175,151,7,191,181,68,123,6,137,158,54,52,119,187,39,107,55,14,13,172,12,89,75,149,15,135,53,183,69,159,164,90,28,155,73,99,106,136,115,152,2,161,102,86,133,76,122,116,104,17,145,56,21,108,192,40,169,182,29,154,60,177,27,43,111,96,171,141,98,114,64,79,179,47,88,5,186,199,83,153,166,24,150,10,185,62,120,3,168,44,48,63];True
2000;7247;9247;[34,118,129,70,19,87,121,178,127,132,130,84,77,112,93,147,66,157,103,105,74,188,144,9,142,117,167,61,45,138,41,49,78,128,42,57,197,8,16,126,143,160,91,1,33,124,180,196,36,46,140,92,82,23,189,81,0,85,22,26,176,193,109,20,170,95,38,139,146,4,162,194,31,198,174,184,35,67,32,72,163,25,51,50,190,125,11,113,156,71,165,65,37,94,173,18,131,110,101,59,80,100,30,134,148,195,97,58,175,151,7,191,181,68,123,6,137,158,54,52,119,187,39,107,55,14,13,172,12,89,75,149,15,135,53,183,69,159,164,90,28,155,73,99,106,136,115,152,2,161,102,86,133,76,122,116,104,17,145,56,21,108,192,40,169,182,29,154,60,177,27,43,111,96,171,141,98,114,64,79,179,47,88,5,186,199,83,153,166,24,150,10,185,62,120,3,168,44,48,63];True
2014;7243;9257;[34,118,129,162,19,87,121,178,127,132,130,84,77,112,93,147,66,157,103,105,74,188,144,9,142,117,167,61,45,138,41,49,78,128,42,57,197,8,16,126,143,160,91,1,33,124,180,196,36,46,140,92,82,67,189,81,0,85,22,26,176,193,109,20,170,95,38,139,146,4,70,194,31,198,174,184,35,23,32,72,163,25,51,50,190,125,11,113,156,71,165,65,37,94,173,18,131,110,101,59,80,100,30,134,148,195,97,58,175,151,7,191,181,68,123,6,137,158,54,52,119,187,39,107,55,14,13,172,12,89,75,149,15,135,53,183,69,159,164,90,28,155,73,99,106,136,115,152,2,161,102,86,133,76,122,116,104,17,145,56,21,108,192,40,169,182,29,154,60,177,27,43,111,96,171,141,98,114,64,79,179,47,88,5,186,199,83,153,166,24,150,10,185,62,120,3,168,44,48,63];True
1888;7369;9257;[93,118,129,162,19,87,121,178,127,132,130,84,77,112,34,147,66,157,103,105,74,188,144,9,142,117,167,61,45,138,41,49,78,128,42,57,197,8,16,126,143,160,91,1,33,124,180,196,36,46,140,92,82,23,189,81,0,85,22,26,176,193,109,20,170,95,38,139,146,4,70,194,31,198,174,184,35,67,32,72,163,25,51,50,190,125,11,113,156,71,165,65,37,94,173,18,131,110,101,59,80,100,30,134,148,195,97,58,175,151,7,191,181,68,123,6,137,158,54,52,119,187,39,107,55,14,13,172,12,89,75,149,15,135,53,183,69,159,164,90,28,155,73,99,106,136,115,152,2,161,102,86,133,76,122,43,104,17,145,56,21,108,192,40,169,182,29,154,60,177,27,116,111,96,171,141,98,114,64,79,179,47,88,5,186,199,83,153,166,24,150,10,185,62,120,3,168,44,48,63];True
2024;7237;9261;[34,118,129,8,19,87,121,178,127,132,130,84,77,112,93,147,66,157,103,105,74,188,144,9,142,117,167,61,45,138,41,49,78,128,42,57,197,162,16,126,143,160,91,1,33,124,180,196,36,46,140,92,82,23,189,81,0,85,22,26,176,193,109,20,170,95,38,139,146,4,70,194,31,198,174,184,35,67,32,72,163,25,51,50,190,125,11,113,156,71,165,65,37,94,173,18,131,110,101,59,80,100,30,134,148,195,97,58,175,151,7,191,181,68,123,6,137,158,54,52,119,187,39,107,55,14,13,172,12,89,75,149,15,135,53,183,69,159,164,90,28,155,73,99,106,136,115,152,2,161,102,86,133,76,122,116,104,17,145,56,21,108,192,40,169,182,29,154,60,177,27,43,111,96,171,141,98,114,64,79,179,47,88,5,186,199,83,153,166,24,150,10,185,62,120,3,168,44,48,63];True
2050;7217;9267;[73,6,129,162,19,87,121,178,111,132,130,84,77,112,93,147,66,157,103,105,74,188,144,31,142,117,167,61,45,138,41,49,78,128,42,57,197,126,20,146,118,160,91,1,33,124,180,196,36,46,140,92,143,23,189,81,0,85,22,26,176,193,109,190,170,95,38,139,9,4,70,194,34,198,174,184,35,67,32,72,163,25,51,8,16,125,11,113,156,71,165,65,37,94,173,18,131,110,101,59,80,100,30,134,148,195,97,58,175,151,7,191,181,68,123,82,137,158,54,52,119,187,39,107,55,14,13,172,12,89,75,149,15,135,53,183,69,159,164,90,28,155,50,99,106,136,115,152,2,161,102,86,133,76,122,116,104,17,145,56,21,108,192,40,169,182,29,154,60,177,27,43,127,96,171,141,98,114,64,79,179,47,88,5,186,199,83,153,166,24,150,10,185,62,120,3,168,44,48,63];True
1901;7366;9267;[93,118,129,162,19,87,121,178,127,132,130,84,77,112,34,147,66,157,103,105,74,188,144,9,142,117,167,61,45,138,41,49,78,128,42,57,197,8,16,126,143,160,91,1,33,124,180,196,36,46,140,92,82,23,189,81,0,85,22,26,176,193,109,20,170,95,38,139,146,4,70,194,31,198,174,184,35,67,32,72,163,25,51,50,190,125,11,113,156,71,165,65,37,94,173,18,131,110,101,59,80,100,30,134,148,195,97,58,175,151,7,191,181,68,123,6,137,158,54,52,119,187,39,107,55,14,13,172,12,89,75,149,15,108,53,183,69,159,164,90,28,155,73,99,106,136,115,152,2,161,102,86,133,76,122,116,104,17,145,56,21,135,192,40,169,182,29,154,60,177,27,43,111,96,171,141,98,114,64,79,179,47,88,5,186,199,83,153,166,24,150,10,185,62,120,3,168,44,48,63];True
2038;7233;9271;[73,6,129,162,19,87,121,178,111,132,130,84,77,112,93,147,66,157,103,105,74,188,144,31,142,117,167,61,45,138,41,49,78,128,42,57,197,126,20,109,118,160,91,1,33,124,180,196,36,46,140,92,143,23,189,81,0,85,22,26,176,193,9,190,170,95,38,139,146,4,70,194,34,198,174,184,35,67,32,72,163,25,51,8,16,125,11,113,156,71,165,65,37,94,173,18,131,110,101,59,80,100,30,134,148,195,97,58,175,151,7,191,181,68,123,82,137,158,54,52,119,187,39,107,55,14,13,172,12,89,75,149,15,135,53,183,69,159,164,90,28,155,50,99,106,136,115,152,2,161,102,86,133,76,122,116,104,17,145,56,21,108,192,40,169,182,29,154,60,177,27,43,127,96,171,141,98,114,64,79,179,47,88,5,186,199,83,153,166,24,150,10,185,62,120,3,168,44,48,63];True
2037;7234;9271;[73,6,129,162,19,87,121,178,111,132,130,84,77,112,93,147,66,157,103,105,74,188,144,31,142,117,167,61,45,138,41,49,78,128,42,57,197,126,20,109,118,160,91,1,33,124,180,196,36,46,140,92,143,23,189,81,0,85,22,26,176,193,9,190,170,95,38,139,146,4,70,194,34,198,174,184,35,67,32,72,163,25,51,8,16,125,11,113,156,71,165,65,37,94,173,18,131,110,101,59,80,100,30,134,148,195,97,58,151,175,7,191,181,68,123,82,137,158,54,52,119,187,39,107,55,14,13,172,12,89,75,149,15,135,53,183,69,159,164,90,28,155,50,99,106,136,115,152,2,161,102,86,133,76,122,116,104,17,145,56,21,108,192,40,169,182,29,154,60,177,27,43,127,96,171,141,98,114,64,79,179,47,88,5,186,199,83,153,166,24,150,10,185,62,120,3,168,44,48,63];True
2043;7232;9275;[73,6,129,162,19,87,121,178,111,132,130,84,77,112,93,147,66,157,103,105,74,188,144,31,142,117,167,61,45,138,41,49,78,128,42,57,197,126,20,9,118,160,91,1,33,124,180,196,36,46,140,92,143,23,189,81,0,85,22,26,176,193,109,190,170,95,38,139,146,4,70,194,34,198,174,184,35,67,32,72,163,25,51,8,16,125,11,113,156,71,165,65,37,94,173,18,131,110,101,59,80,100,30,134,148,195,97,58,175,151,7,191,181,68,123,82,137,158,54,52,119,187,39,107,55,14,13,172,12,89,75,149,15,135,53,183,69,159,164,90,28,155,50,99,106,136,115,152,2,161,102,86,133,76,122,116,104,17,145,56,21,108,192,40,169,182,29,154,60,177,27,43,127,96,171,141,98,114,64,79,179,47,88,5,186,199,83,153,166,24,150,10,185,62,120,3,168,44,48,63];True
2047;7230;9277;[34,118,129,162,19,87,121,178,127,132,130,84,77,112,93,147,66,157,103,105,74,188,144,9,142,117,167,61,45,138,41,49,78,128,42,57,197,8,190,126,143,160,91,1,33,124,180,196,36,46,140,92,82,23,189,81,0,85,22,26,176,193,109,20,170,95,38,139,146,4,70,194,31,198,174,184,35,67,32,72,163,25,51,50,16,125,11,113,156,71,165,65,37,94,173,18,131,110,101,59,80,100,30,134,148,195,97,58,175,151,7,191,181,68,123,6,137,158,54,52,119,187,39,107,55,14,13,172,12,89,75,149,15,135,53,183,69,159,164,90,28,155,73,99,106,136,115,152,2,161,102,86,133,76,122,116,104,17,145,56,21,108,192,40,169,182,29,154,60,177,27,43,111,96,171,141,98,114,64,79,179,47,88,5,186,199,83,153,166,24,150,10,185,62,120,3,168,44,48,63];True
2091;7214;9305;[50,190,121,162,126,20,178,19,172,12,130,84,77,112,93,147,66,157,103,105,74,188,144,31,142,117,167,61,45,138,41,49,78,128,42,57,197,146,118,92,143,160,91,1,33,124,180,196,36,46,140,109,82,23,189,81,0,85,22,26,176,193,9,149,170,95,38,139,65,4,70,194,34,198,174,184,35,67,32,72,163,25,51,8,16,125,11,113,156,71,165,87,37,94,173,18,131,110,101,59,80,100,30,134,148,195,97,58,151,175,7,191,181,68,123,6,137,158,54,52,119,187,39,107,55,14,13,111,132,89,75,129,15,135,53,183,69,159,164,90,28,155,73,99,106,136,115,152,2,161,102,86,133,76,122,116,104,17,145,56,21,108,192,40,169,182,29,154,60,177,27,43,127,96,171,141,98,114,64,79,179,47,88,5,186,199,83,153,166,24,150,10,185,62,120,3,168,44,48,63];True
2092;7213;9305;[50,190,121,162,126,20,178,19,172,12,130,84,77,112,93,147,66,157,103,105,74,188,144,31,142,117,167,61,45,138,41,49,78,128,42,57,197,146,118,92,143,160,91,1,33,124,180,196,36,46,140,109,82,23,189,81,0,85,22,26,176,193,9,149,170,95,38,139,65,4,70,194,34,198,174,184,35,67,32,72,163,25,51,8,16,125,11,113,156,71,165,87,37,94,173,18,131,110,101,59,80,100,30,134,148,195,97,58,175,151,7,191,181,68,123,6,137,158,54,52,119,187,39,107,55,14,13,111,132,89,75,129,15,135,53,183,69,159,164,90,28,155,73,99,106,136,115,152,2,161,102,86,133,76,122,116,104,17,145,56,21,108,192,40,169,182,29,154,60,177,27,43,127,96,171,141,98,114,64,79,179,47,88,5,186,199,83,153,166,24,150,10,185,62,120,3,168,44,48,63];True
2109;7198;9307;[50,4,121,178,9,118,149,19,172,12,130,84,77,112,93,147,66,157,103,105,74,188,144,31,142,117,167,61,45,138,41,49,78,128,42,57,197,146,162,126,143,160,91,1,33,124,180,196,36,46,140,92,82,23,189,81,0,85,22,26,176,193,109,190,170,95,38,139,65,20,70,194,34,198,174,184,35,67,32,72,163,25,51,8,16,125,11,113,156,71,165,87,37,94,173,18,131,110,101,59,80,100,30,134,148,195,97,58,151,175,7,191,181,68,123,6,137,158,54,52,119,187,39,107,55,14,13,111,132,89,75,129,15,135,53,183,69,159,164,90,28,155,73,99,106,136,115,152,2,161,102,86,133,76,122,116,104,17,145,56,21,108,192,40,169,182,29,154,60,177,27,43,127,96,171,141,98,114,64,79,179,47,88,5,186,199,83,153,166,24,150,10,185,62,120,3,168,44,48,63];True
2110;7197;9307;[50,4,121,178,9,118,149,19,172,12,130,84,77,112,93,147,66,157,103,105,74,188,144,31,142,117,167,61,45,138,41,49,78,128,42,57,197,146,162,126,143,160,91,1,33,124,180,196,36,46,140,92,82,23,189,81,0,85,22,26,176,193,109,190,170,95,38,139,65,20,70,194,34,198,174,184,35,67,32,72,163,25,51,8,16,125,11,113,156,71,165,87,37,94,173,18,131,110,101,59,80,100,30,134,148,195,97,58,175,151,7,191,181,68,123,6,137,158,54,52,119,187,39,107,55,14,13,111,132,89,75,129,15,135,53,183,69,159,164,90,28,155,73,99,106,136,115,152,2,161,102,86,133,76,122,116,104,17,145,56,21,108,192,40,169,182,29,154,60,177,27,43,127,96,171,141,98,114,64,79,179,47,88,5,186,199,83,153,166,24,150,10,185,62,120,3,168,44,48,63];True
2098;7212;9310;[50,4,121,178,9,143,149,19,172,12,130,84,77,112,93,147,66,157,103,105,74,188,144,31,142,117,167,61,45,138,41,49,78,128,42,57,197,146,162,126,118,160,91,1,33,124,180,196,36,46,140,92,82,23,189,81,0,85,22,26,176,193,109,190,170,95,38,139,65,20,70,194,34,198,174,184,35,67,32,72,163,25,51,8,16,125,11,113,156,71,165,87,37,94,173,18,131,110,101,59,80,100,30,134,148,195,97,58,175,151,7,191,181,68,123,6,137,158,54,52,119,187,39,107,55,14,13,111,132,89,75,129,15,135,53,183,69,159,164,90,28,155,73,99,106,136,115,152,2,161,102,86,133,76,122,116,104,17,145,56,21,108,192,40,169,182,29,154,60,177,27,43,127,96,171,141,98,114,64,79,179,47,88,5,186,199,83,153,166,24,150,10,185,62,120,3,168,44,48,63];True
2102;7208;9310;[50,190,121,162,109,20,178,19,172,12,130,84,77,112,93,147,66,157,103,105,74,188,144,31,142,117,167,61,45,138,41,49,78,128,42,57,197,146,118,126,143,160,91,1,33,124,180,196,36,46,140,92,82,23,189,81,0,85,22,26,176,193,9,149,170,95,38,139,65,4,70,194,34,198,174,184,35,67,32,72,163,25,51,8,16,125,11,113,156,71,165,87,37,94,173,18,131,110,101,59,80,100,30,134,148,195,97,58,151,175,7,191,181,68,123,6,137,158,54,52,119,187,39,107,55,14,13,111,132,89,75,129,15,135,53,183,69,159,164,90,28,155,73,99,106,136,115,152,2,161,102,86,133,76,122,116,104,17,145,56,21,108,192,40,169,182,29,154,60,177,27,43,127,96,171,141,98,114,64,79,179,47,88,5,186,199,83,153,166,24,150,10,185,62,120,3,168,44,48,63];True
2103;7207;9310;[50,190,121,162,109,20,178,19,172,12,130,84,77,112,93,147,66,157,103,105,74,188,144,31,142,117,167,61,45,138,41,49,78,128,42,57,197,146,118,126,143,160,91,1,33,124,180,196,36,46,140,92,82,23,189,81,0,85,22,26,176,193,9,149,170,95,38,139,65,4,70,194,34,198,174,184,35,67,32,72,163,25,51,8,16,125,11,113,156,71,165,87,37,94,173,18,131,110,101,59,80,100,30,134,148,195,97,58,175,151,7,191,181,68,123,6,137,158,54,52,119,187,39,107,55,14,13,111,132,89,75,129,15,135,53,183,69,159,164,90,28,155,73,99,106,136,115,152,2,161,102,86,133,76,122,116,104,17,145,56,21,108,192,40,169,182,29,154,60,177,27,43,127,96,171,141,98,114,64,79,179,47,88,5,186,199,83,153,166,24,150,10,185,62,120,3,168,44,48,63];True
2118;7195;9313;[50,190,121,162,126,20,178,19,172,12,130,84,77,112,93,147,66,157,103,105,74,188,144,31,142,117,167,61,45,138,41,49,78,128,42,57,197,146,118,109,143,160,91,1,33,124,180,196,36,46,140,92,82,23,189,81,0,85,22,26,176,193,9,149,170,95,38,139,65,4,70,194,34,198,174,184,35,67,32,72,163,25,51,8,16,125,11,113,156,71,165,87,37,94,173,18,131,110,101,59,80,100,30,134,148,195,97,58,151,175,7,191,181,68,123,6,137,158,54,52,119,187,39,107,55,14,13,111,132,89,75,129,15,135,53,183,69,159,164,90,28,155,73,99,106,136,115,152,2,161,102,86,133,76,122,116,104,17,145,56,21,108,192,40,169,182,29,154,60,177,27,43,127,96,171,141,98,114,64,79,179,47,88,5,186,199,83,153,166,24,150,10,185,62,120,3,168,44,48,63];True
2119;7194;9313;[50,190,121,162,126,20,178,19,172,12,130,84,77,112,93,147,66,157,103,105,74,188,144,31,142,117,167,61,45,138,41,49,78,128,42,57,197,146,118,109,143,160,91,1,33,124,180,196,36,46,140,92,82,23,189,81,0,85,22,26,176,193,9,149,170,95,38,139,65,4,70,194,34,198,174,184,35,67,32,72,163,25,51,8,16,125,11,113,156,71,165,87,37,94,173,18,131,110,101,59,80,100,30,134,148,195,97,58,175,151,7,191,181,68,123,6,137,158,54,52,119,187,39,107,55,14,13,111,132,89,75,129,15,135,53,183,69,159,164,90,28,155,73,99,106,136,115,152,2,161,102,86,133,76,122,116,104,17,145,56,21,108,192,40,169,182,29,154,60,177,27,43,127,96,171,141,98,114,64,79,179,47,88,5,186,199,83,153,166,24,150,10,185,62,120,3,168,44,48,63];True
2132;7192;9324;[50,4,121,178,147,9,149,19,172,12,130,84,77,112,93,118,66,157,103,105,74,188,144,31,142,117,167,61,45,138,41,49,78,128,42,57,197,146,162,126,143,160,91,1,33,124,180,196,36,46,140,92,82,23,189,81,0,85,22,26,176,193,109,190,170,95,38,139,65,20,70,194,34,198,174,184,35,67,32,72,163,25,51,8,16,125,11,113,156,71,165,87,37,94,173,18,131,110,101,59,80,100,30,134,148,195,97,58,175,151,7,191,181,68,123,6,137,158,54,52,119,187,39,107,55,14,13,111,132,89,75,129,15,135,53,183,69,159,164,90,28,155,73,99,106,136,115,152,2,161,102,86,133,76,122,116,104,17,145,56,21,108,192,40,169,182,29,154,60,177,27,43,127,96,171,141,98,114,64,79,179,47,88,5,186,199,83,153,166,24,150,10,185,62,120,3,168,44,48,63];True
2131;7193;9324;[50,4,121,178,147,9,149,19,172,12,130,84,77,112,93,118,66,157,103,105,74,188,144,31,142,117,167,61,45,138,41,49,78,128,42,57,197,146,162,126,143,160,91,1,33,124,180,196,36,46,140,92,82,23,189,81,0,85,22,26,176,193,109,190,170,95,38,139,65,20,70,194,34,198,174,184,35,67,32,72,163,25,51,8,16,125,11,113,156,71,165,87,37,94,173,18,131,110,101,59,80,100,30,134,148,195,97,58,151,175,7,191,181,68,123,6,137,158,54,52,119,187,39,107,55,14,13,111,132,89,75,129,15,135,53,183,69,159,164,90,28,155,73,99,106,136,115,152,2,161,102,86,133,76,122,116,104,17,145,56,21,108,192,40,169,182,29,154,60,177,27,43,127,96,171,141,98,114,64,79,179,47,88,5,186,199,83,153,166,24,150,10,185,62,120,3,168,44,48,63];True
1845;7480;9325;[13,172,12,22,26,178,147,3,2,130,84,117,77,112,106,24,66,157,103,105,74,188,93,118,10,0,101,61,45,138,41,49,78,128,42,57,37,121,162,126,143,160,91,1,33,14,94,196,36,182,140,92,82,23,189,81,87,85,104,46,146,193,136,144,170,95,38,139,19,20,51,149,34,194,180,123,90,67,32,72,163,25,70,65,16,190,11,113,156,71,165,184,31,8,173,18,131,110,167,59,80,100,30,134,148,195,97,137,175,151,7,191,181,68,198,142,58,158,54,52,119,187,39,107,55,124,176,111,132,89,75,129,15,135,53,183,69,159,164,9,28,155,73,99,109,50,115,152,35,161,102,86,133,76,122,116,44,125,145,56,21,108,192,40,169,4,29,154,60,177,27,43,127,96,171,141,98,114,64,79,179,47,88,5,186,199,83,153,166,174,150,6,185,62,120,197,168,17,48,63];True
2179;7146;9325;[50,4,121,162,147,67,32,138,172,12,130,84,77,112,93,184,66,157,103,105,74,188,144,31,142,117,167,61,45,22,41,49,78,128,42,57,197,146,118,126,143,160,91,1,33,124,180,196,36,46,140,92,82,23,189,81,0,85,19,26,176,193,109,190,170,95,38,139,65,20,70,194,34,198,174,178,9,6,129,2,163,25,51,8,16,125,11,113,156,71,165,87,37,94,173,18,131,110,101,59,80,100,30,134,148,195,97,58,175,151,7,191,181,68,123,72,137,158,54,52,119,187,39,107,55,14,13,111,132,89,75,149,15,135,53,183,69,159,164,90,28,155,73,99,106,136,115,152,35,161,102,86,133,76,122,116,104,17,145,56,21,108,192,40,169,182,29,154,60,177,27,43,127,96,171,141,98,114,64,79,179,47,88,5,186,199,83,153,166,24,150,10,185,62,120,3,168,44,48,63];True
2176;7151;9327;[50,4,121,162,147,67,32,138,172,12,130,84,77,112,93,184,66,157,103,105,74,188,144,31,142,117,167,61,45,65,41,49,78,128,42,57,197,146,118,126,143,160,91,1,33,124,180,196,36,46,140,92,82,23,189,81,0,85,22,26,176,193,109,190,170,95,38,139,19,20,70,194,34,198,174,178,9,6,129,2,163,25,51,8,16,125,11,113,156,71,165,87,37,94,173,18,131,110,101,59,80,100,30,134,148,195,97,58,175,151,7,191,181,68,123,72,137,158,54,52,119,187,39,107,55,14,13,111,132,89,75,149,15,135,53,183,69,159,164,90,28,155,73,99,106,136,115,152,35,161,102,86,133,76,122,116,104,17,145,56,21,108,192,40,169,182,29,154,60,177,27,43,127,96,171,141,98,114,64,79,179,47,88,5,186,199,83,153,166,24,150,10,185,62,120,3,168,44,48,63];True
1862;7467;9329;[13,172,12,22,26,178,147,3,2,130,84,117,77,112,106,24,66,157,103,105,74,188,93,118,10,0,167,61,45,138,41,49,78,128,42,57,37,121,162,126,143,160,91,1,33,14,94,196,36,182,140,92,82,23,189,81,87,85,104,46,146,193,136,144,170,95,38,139,19,20,51,149,34,194,180,123,90,67,32,72,163,25,70,65,16,190,11,113,156,71,165,184,31,8,173,18,131,110,101,59,80,100,30,134,148,195,97,137,175,151,7,191,181,68,198,142,58,158,54,52,119,187,39,107,55,124,176,111,132,89,75,4,15,135,53,183,69,159,164,9,28,155,73,99,109,50,115,152,35,161,102,86,133,76,122,116,44,125,145,56,21,108,192,40,169,129,29,154,60,177,27,43,127,96,171,141,98,114,64,79,179,47,88,5,186,199,83,153,166,174,150,6,185,62,120,197,168,17,48,63];True
1854;7478;9332;[13,172,12,22,26,178,147,3,2,130,84,117,77,112,106,24,66,157,103,105,74,188,93,118,10,0,167,61,45,138,41,49,78,128,42,57,37,121,162,126,143,160,91,1,33,14,94,196,36,182,140,92,82,23,189,81,87,85,104,20,146,193,136,144,170,95,38,139,19,46,51,149,34,194,180,123,176,67,32,72,163,25,70,65,16,190,11,113,156,71,165,184,31,8,173,18,131,110,101,59,80,100,30,134,148,195,97,137,175,151,7,191,181,68,198,142,58,158,54,52,29,187,39,107,55,124,90,111,132,89,75,4,15,135,53,183,69,159,164,9,28,155,73,99,109,50,115,152,35,161,102,86,133,76,122,116,44,125,145,56,21,108,192,40,169,129,119,154,60,177,27,43,127,96,171,141,98,114,64,79,179,47,88,5,186,199,83,153,166,174,150,6,185,62,120,197,168,17,48,63];True
1813;7521;9334;[13,172,12,22,26,178,147,3,2,130,84,117,77,112,106,24,66,157,103,105,74,188,93,118,10,0,101,61,45,138,41,49,78,128,42,57,37,121,162,126,143,160,91,1,33,14,94,196,36,182,140,92,82,23,189,81,87,85,104,46,146,193,136,144,170,95,38,139,19,20,51,149,34,194,180,123,90,67,32,72,163,25,70,65,16,190,11,113,156,71,165,184,31,8,173,18,131,110,167,59,80,100,30,134,148,195,97,137,175,151,7,191,181,68,198,142,58,158,54,52,29,187,39,107,55,124,176,111,132,89,75,4,15,135,53,183,69,159,164,9,28,155,73,99,109,50,115,152,35,161,102,86,133,76,122,116,44,125,145,56,21,108,192,40,169,129,119,154,60,177,27,43,127,96,171,141,98,114,64,79,179,47,88,5,186,199,83,153,166,174,150,6,185,62,120,197,168,17,48,63];True
2147;7190;9337;[50,190,121,162,109,9,178,19,172,12,130,84,77,112,93,147,66,157,103,105,74,188,144,31,142,117,167,61,45,138,41,49,78,128,42,57,197,146,118,126,143,160,91,1,33,124,180,196,36,46,140,92,82,23,189,81,0,85,22,26,176,193,20,149,170,95,38,139,65,4,70,194,34,198,174,184,35,67,32,72,163,25,51,8,16,125,11,113,156,71,165,87,37,94,173,18,131,110,101,59,80,100,30,134,148,195,97,58,151,175,7,191,181,68,123,6,137,158,54,52,119,187,39,107,55,14,13,111,132,89,75,129,15,135,53,183,69,159,164,90,28,155,73,99,106,136,115,152,2,161,102,86,133,76,122,116,104,17,145,56,21,108,192,40,169,182,29,154,60,177,27,43,127,96,171,141,98,114,64,79,179,47,88,5,186,199,83,153,166,24,150,10,185,62,120,3,168,44,48,63];True
2148;7189;9337;[50,190,121,162,109,9,178,19,172,12,130,84,77,112,93,147,66,157,103,105,74,188,144,31,142,117,167,61,45,138,41,49,78,128,42,57,197,146,118,126,143,160,91,1,33,124,180,196,36,46,140,92,82,23,189,81,0,85,22,26,176,193,20,149,170,95,38,139,65,4,70,194,34,198,174,184,35,67,32,72,163,25,51,8,16,125,11,113,156,71,165,87,37,94,173,18,131,110,101,59,80,100,30,134,148,195,97,58,175,151,7,191,181,68,123,6,137,158,54,52,119,187,39,107,55,14,13,111,132,89,75,129,15,135,53,183,69,159,164,90,28,155,73,99,106,136,115,152,2,161,102,86,133,76,122,116,104,17,145,56,21,108,192,40,169,182,29,154,60,177,27,43,127,96,171,141,98,114,64,79,179,47,88,5,186,199,83,153,166,24,150,10,185,62,120,3,168,44,48,63];True
1879;7460;9339;[90,172,12,22,26,178,147,3,2,130,84,117,77,112,106,24,66,157,103,105,74,188,93,118,10,110,167,61,45,138,41,49,78,128,42,57,37,121,162,126,143,160,91,1,33,124,94,196,36,182,140,92,82,23,189,81,87,85,104,20,146,193,136,144,170,95,38,139,19,46,51,149,34,194,180,123,176,67,32,72,163,25,70,65,16,190,11,113,156,71,165,184,31,8,173,18,131,0,101,59,80,100,30,134,148,195,97,137,175,151,7,191,181,68,198,142,58,158,54,52,29,187,39,107,55,14,13,111,132,89,75,4,15,135,53,183,69,159,164,9,28,155,73,99,109,50,115,152,35,161,102,86,133,76,122,116,44,125,145,56,21,108,192,40,169,129,119,154,60,177,27,43,127,96,171,141,98,114,64,79,179,47,88,5,186,199,83,153,166,174,150,6,185,62,120,197,168,17,48,63];True
1876;7464;9340;[13,172,12,22,26,178,147,3,2,130,84,117,77,112,106,24,66,157,103,105,74,188,93,118,10,0,167,61,45,138,41,49,78,128,42,57,37,121,162,126,143,160,91,1,33,124,94,196,36,182,140,92,82,23,189,81,87,85,104,20,146,193,136,144,170,95,38,139,19,46,51,149,34,194,180,123,176,67,32,72,163,25,70,65,16,190,11,113,156,71,165,184,31,8,173,18,131,110,101,59,80,100,30,134,148,195,97,137,175,151,7,191,181,68,198,142,58,158,54,52,29,187,39,107,55,14,90,111,132,89,75,4,15,135,53,183,69,159,164,9,28,155,73,99,109,50,115,152,35,161,102,86,133,76,122,116,44,125,145,56,21,108,192,40,169,129,119,154,60,177,27,43,127,96,171,141,98,114,64,79,179,47,88,5,186,199,83,153,166,174,150,6,185,62,120,197,168,17,48,63];True
2163;7178;9341;[50,4,121,162,147,9,149,19,172,12,130,84,77,112,93,184,66,157,103,105,74,188,144,31,142,117,167,61,45,138,41,49,78,128,42,57,197,146,118,126,143,160,91,1,33,124,180,196,36,46,140,92,82,23,189,81,0,85,22,26,176,193,109,190,170,95,38,139,65,20,70,194,34,198,174,178,2,67,32,72,163,25,51,8,16,125,11,113,156,71,165,87,37,94,173,18,131,110,101,59,80,100,30,134,148,195,97,58,151,175,7,191,181,68,123,6,137,158,54,52,119,187,39,107,55,14,13,111,132,89,75,129,15,135,53,183,69,159,164,90,28,155,73,99,106,136,115,152,35,161,102,86,133,76,122,116,104,17,145,56,21,108,192,40,169,182,29,154,60,177,27,43,127,96,171,141,98,114,64,79,179,47,88,5,186,199,83,153,166,24,150,10,185,62,120,3,168,44,48,63];True
2164;7177;9341;[50,4,121,162,147,9,149,19,172,12,130,84,77,112,93,184,66,157,103,105,74,188,144,31,142,117,167,61,45,138,41,49,78,128,42,57,197,146,118,126,143,160,91,1,33,124,180,196,36,46,140,92,82,23,189,81,0,85,22,26,176,193,109,190,170,95,38,139,65,20,70,194,34,198,174,178,2,67,32,72,163,25,51,8,16,125,11,113,156,71,165,87,37,94,173,18,131,110,101,59,80,100,30,134,148,195,97,58,175,151,7,191,181,68,123,6,137,158,54,52,119,187,39,107,55,14,13,111,132,89,75,129,15,135,53,183,69,159,164,90,28,155,73,99,106,136,115,152,35,161,102,86,133,76,122,116,104,17,145,56,21,108,192,40,169,182,29,154,60,177,27,43,127,96,171,141,98,114,64,79,179,47,88,5,186,199,83,153,166,24,150,10,185,62,120,3,168,44,48,63];True
1884;7459;9343;[74,172,12,22,26,178,147,3,2,130,84,117,77,112,106,24,66,157,103,105,90,188,93,118,10,0,167,61,45,138,41,49,78,128,42,57,37,121,162,126,143,160,91,1,33,124,94,196,36,182,140,92,82,23,189,81,87,85,104,20,146,193,136,144,170,95,38,139,19,46,51,149,34,194,180,123,176,67,32,72,163,25,70,65,16,190,11,113,156,71,165,184,31,8,173,18,131,110,101,59,80,100,30,134,148,195,97,137,175,151,7,191,181,68,198,142,58,158,54,52,29,187,39,107,55,14,13,111,132,89,75,4,15,135,53,183,69,159,164,9,28,155,73,99,109,50,115,152,35,161,102,86,133,76,122,116,44,125,145,56,21,108,192,40,169,129,119,154,60,177,27,43,127,96,171,141,98,114,64,79,179,47,88,5,186,199,83,153,166,174,150,6,185,62,120,197,168,17,48,63];True
1887;7457;9344;[13,172,12,22,26,178,147,3,2,130,84,117,77,112,106,24,66,157,103,105,74,188,93,118,10,0,167,61,45,138,41,49,78,128,42,57,37,121,162,126,143,160,91,1,33,124,94,196,36,182,140,92,82,23,189,81,87,85,104,20,146,193,136,144,170,95,38,139,19,46,51,149,34,194,180,123,176,67,32,72,163,25,70,65,16,190,11,113,156,71,165,184,8,31,173,18,131,110,101,59,80,100,30,134,148,195,97,137,175,151,7,191,181,68,198,142,58,158,54,52,29,187,39,107,55,14,90,111,132,89,75,4,15,135,53,183,69,159,164,9,28,155,73,99,109,50,115,152,35,161,102,86,133,76,122,116,44,125,145,56,21,108,192,40,169,129,119,154,60,177,27,43,127,96,171,141,98,114,64,79,179,47,88,5,186,199,83,153,166,174,150,6,185,62,120,197,168,17,48,63];True
2223;7122;9345;[50,4,121,162,147,67,32,19,172,12,130,84,77,112,93,184,66,157,103,105,74,188,144,31,142,117,167,61,45,138,41,49,78,128,42,57,197,146,118,126,143,160,91,1,33,124,180,196,36,46,140,92,82,23,189,81,0,85,22,26,176,193,109,190,170,95,38,139,65,20,70,194,34,198,174,178,9,6,129,2,163,25,51,8,16,125,11,113,156,71,165,87,37,94,173,18,131,110,101,59,80,100,30,134,148,195,97,58,151,175,7,191,181,68,123,72,137,158,54,52,119,187,39,107,55,14,13,111,132,89,75,149,15,135,53,183,69,159,164,90,28,155,73,99,106,136,115,152,35,161,102,86,133,76,122,116,104,17,145,56,21,108,192,40,169,182,29,154,60,177,27,43,127,96,171,141,98,114,64,79,179,47,88,5,186,199,83,153,166,24,150,10,185,62,120,3,168,44,48,63];True
2224;7121;9345;[50,4,121,162,147,67,32,19,172,12,130,84,77,112,93,184,66,157,103,105,74,188,144,31,142,117,167,61,45,138,41,49,78,128,42,57,197,146,118,126,143,160,91,1,33,124,180,196,36,46,140,92,82,23,189,81,0,85,22,26,176,193,109,190,170,95,38,139,65,20,70,194,34,198,174,178,9,6,129,2,163,25,51,8,16,125,11,113,156,71,165,87,37,94,173,18,131,110,101,59,80,100,30,134,148,195,97,58,175,151,7,191,181,68,123,72,137,158,54,52,119,187,39,107,55,14,13,111,132,89,75,149,15,135,53,183,69,159,164,90,28,155,73,99,106,136,115,152,35,161,102,86,133,76,122,116,104,17,145,56,21,108,192,40,169,182,29,154,60,177,27,43,127,96,171,141,98,114,64,79,179,47,88,5,186,199,83,153,166,24,150,10,185,62,120,3,168,44,48,63];True
2211;7134;9345;[50,4,121,162,147,67,32,138,172,12,130,84,77,112,93,184,66,157,103,105,74,188,144,31,142,117,167,61,182,19,41,49,78,128,42,57,197,146,118,126,143,160,91,1,33,124,180,196,36,46,140,92,82,23,189,81,0,85,22,26,176,193,109,190,170,95,38,139,65,20,70,194,34,198,174,178,9,6,129,2,163,25,51,8,16,125,11,113,156,71,165,87,37,94,173,18,131,110,101,59,80,100,30,134,148,195,97,58,175,151,7,191,181,68,123,72,137,158,54,52,119,187,39,107,55,14,13,111,132,89,75,149,15,135,53,183,69,159,164,90,28,155,73,99,106,136,115,152,35,161,102,86,133,76,122,116,104,17,145,56,21,108,192,40,169,45,29,154,60,177,27,43,127,96,171,141,98,114,64,79,179,47,88,5,186,199,83,153,166,24,150,10,185,62,120,3,168,44,48,63];True
1844;7502;9346;[13,172,12,22,26,178,147,3,2,130,84,117,77,112,106,24,66,157,103,105,74,188,93,118,10,0,101,61,45,138,41,49,78,128,42,57,37,121,162,126,143,160,91,1,33,14,94,196,36,182,140,92,82,23,189,81,87,85,104,20,146,193,136,144,170,95,38,139,19,46,51,149,34,194,180,123,90,67,32,72,163,25,70,65,16,190,11,113,156,71,165,184,31,8,173,18,131,110,167,59,80,100,30,134,148,195,97,137,175,151,7,191,181,68,198,142,58,158,54,52,119,187,39,107,55,124,176,111,132,89,75,4,15,135,53,183,69,159,164,9,28,155,73,99,109,50,115,152,35,161,102,86,133,76,122,116,44,125,145,56,21,108,192,40,169,129,29,154,60,177,27,43,127,96,171,141,98,114,64,79,179,47,88,5,186,199,83,153,166,174,150,6,185,62,120,197,168,17,48,63];True
2160;7186;9346;[50,4,121,178,9,147,149,19,172,12,130,84,77,112,93,118,66,157,103,105,74,188,144,31,142,117,167,61,45,138,41,49,78,128,42,57,197,146,162,126,143,160,91,1,33,124,180,196,36,46,140,92,82,23,189,81,0,85,22,26,176,193,109,190,170,95,38,139,65,20,70,194,34,198,174,184,35,67,32,72,163,25,51,8,16,125,11,113,156,71,165,87,37,94,173,18,131,110,101,59,80,100,30,134,148,195,97,58,175,151,7,191,181,68,123,6,137,158,54,52,119,187,39,107,55,14,13,111,132,89,75,129,15,135,53,183,69,159,164,90,28,155,73,99,106,136,115,152,2,161,102,86,133,76,122,116,104,17,145,56,21,108,192,40,169,182,29,154,60,177,27,43,127,96,171,141,98,114,64,79,179,47,88,5,186,199,83,153,166,24,150,10,185,62,120,3,168,44,48,63];True
2159;7187;9346;[50,4,121,178,9,147,149,19,172,12,130,84,77,112,93,118,66,157,103,105,74,188,144,31,142,117,167,61,45,138,41,49,78,128,42,57,197,146,162,126,143,160,91,1,33,124,180,196,36,46,140,92,82,23,189,81,0,85,22,26,176,193,109,190,170,95,38,139,65,20,70,194,34,198,174,184,35,67,32,72,163,25,51,8,16,125,11,113,156,71,165,87,37,94,173,18,131,110,101,59,80,100,30,134,148,195,97,58,151,175,7,191,181,68,123,6,137,158,54,52,119,187,39,107,55,14,13,111,132,89,75,129,15,135,53,183,69,159,164,90,28,155,73,99,106,136,115,152,2,161,102,86,133,76,122,116,104,17,145,56,21,108,192,40,169,182,29,154,60,177,27,43,127,96,171,141,98,114,64,79,179,47,88,5,186,199,83,153,166,24,150,10,185,62,120,3,168,44,48,63];True
2233;7115;9348;[50,4,121,162,147,67,32,138,172,12,130,84,77,112,93,184,66,157,103,105,74,188,144,31,142,117,167,61,45,19,41,49,78,128,42,57,197,146,118,126,143,160,91,1,33,124,180,196,36,46,140,92,82,23,189,81,0,85,22,26,176,193,109,190,170,95,38,139,65,20,70,194,34,198,174,178,9,6,129,2,163,25,51,8,16,125,11,113,156,71,165,87,37,94,173,18,131,110,101,59,80,100,30,134,148,195,97,58,175,151,7,191,181,68,123,72,137,158,54,52,119,187,39,107,55,14,13,111,132,89,75,149,15,135,53,183,69,159,164,90,28,155,73,99,106,136,115,152,35,161,102,86,133,76,122,116,104,17,145,56,21,108,192,40,169,182,29,154,60,177,27,43,127,96,171,141,98,114,64,79,179,47,88,5,186,199,83,153,166,24,150,10,185,62,120,3,168,44,48,63];True
2232;7116;9348;[50,4,121,162,147,67,32,138,172,12,130,84,77,112,93,184,66,157,103,105,74,188,144,31,142,117,167,61,45,19,41,49,78,128,42,57,197,146,118,126,143,160,91,1,33,124,180,196,36,46,140,92,82,23,189,81,0,85,22,26,176,193,109,190,170,95,38,139,65,20,70,194,34,198,174,178,9,6,129,2,163,25,51,8,16,125,11,113,156,71,165,87,37,94,173,18,131,110,101,59,80,100,30,134,148,195,97,58,151,175,7,191,181,68,123,72,137,158,54,52,119,187,39,107,55,14,13,111,132,89,75,149,15,135,53,183,69,159,164,90,28,155,73,99,106,136,115,152,35,161,102,86,133,76,122,116,104,17,145,56,21,108,192,40,169,182,29,154,60,177,27,43,127,96,171,141,98,114,64,79,179,47,88,5,186,199,83,153,166,24,150,10,185,62,120,3,168,44,48,63];True
1837;7512;9349;[13,172,12,22,26,178,147,3,2,130,84,117,77,112,106,24,66,157,103,105,74,188,93,118,10,0,101,61,45,138,41,49,78,128,42,57,37,121,162,126,143,160,91,1,33,14,94,196,36,182,140,92,82,23,189,81,87,85,104,46,146,193,136,144,170,95,38,139,19,20,51,149,34,194,180,123,90,67,32,72,163,25,70,65,16,190,11,113,156,71,165,184,31,8,173,18,131,110,167,59,80,100,30,134,148,195,97,137,175,151,7,191,181,68,198,142,58,158,54,52,119,187,39,107,55,124,176,111,132,89,75,4,15,135,53,183,69,159,164,9,28,155,73,99,109,50,115,152,35,161,102,86,133,76,122,116,44,125,145,56,21,108,192,40,169,129,29,154,60,177,27,43,127,96,171,141,98,114,64,79,179,47,88,5,186,199,83,153,166,174,150,6,185,62,120,197,168,17,48,63];True
2221;7133;9354;[50,4,121,162,147,67,32,19,172,12,130,84,77,112,93,184,66,157,103,105,74,188,144,31,142,117,167,61,45,138,41,49,78,128,42,57,197,146,118,126,143,160,91,1,33,124,180,196,36,46,140,92,82,23,189,81,0,85,22,26,176,193,109,190,170,95,38,139,65,20,70,194,34,198,174,178,9,6,129,2,163,25,51,8,16,125,11,113,156,71,165,87,37,94,173,18,131,110,101,59,80,100,30,134,148,195,97,58,175,151,7,191,181,68,123,72,137,158,54,52,119,187,39,107,55,14,13,111,132,89,75,149,15,135,53,183,69,159,164,90,28,155,73,99,106,136,115,152,35,161,102,86,133,76,122,116,104,17,145,56,21,108,192,40,169,182,29,154,60,179,27,43,127,96,171,141,98,114,64,79,177,47,88,5,186,199,83,153,166,24,150,10,185,62,120,3,168,44,48,63];True
2252;7107;9359;[50,4,121,162,147,67,32,91,172,12,130,84,77,112,93,184,66,157,103,105,74,188,144,31,142,117,167,61,45,19,41,49,78,128,42,57,197,146,118,126,143,160,138,1,33,124,180,196,36,46,140,92,82,23,189,81,0,85,22,26,176,193,109,190,170,95,38,139,65,20,70,194,34,198,174,178,9,6,129,2,163,25,51,8,16,125,11,113,156,71,165,87,37,94,173,18,131,110,101,59,80,100,30,134,148,195,97,58,175,151,7,191,181,68,123,72,137,158,54,52,119,187,39,107,55,14,13,111,132,89,75,149,15,135,53,183,69,159,164,90,28,155,73,99,106,136,115,152,35,161,102,86,133,76,122,116,104,17,145,56,21,108,192,40,169,182,29,154,60,177,27,43,127,96,171,141,98,114,64,79,179,47,88,5,186,199,83,153,166,24,150,10,185,62,120,3,168,44,48,63];True
2246;7113;9359;[50,4,121,162,147,67,32,138,172,12,130,84,77,112,93,184,66,157,103,105,74,188,144,31,142,117,167,61,45,19,41,49,78,128,42,57,197,146,118,126,143,160,91,1,33,124,180,196,36,46,140,92,82,23,189,81,0,85,22,26,176,193,109,190,170,95,38,139,65,20,70,194,34,198,174,178,9,6,129,2,163,25,51,8,16,125,11,113,156,71,165,87,37,94,173,18,137,110,101,59,80,100,30,134,148,195,97,58,175,151,7,191,181,68,123,72,131,158,54,52,119,187,39,107,55,14,13,111,132,89,75,149,15,135,53,183,69,159,164,90,28,155,73,99,106,136,115,152,35,161,102,86,133,76,122,116,104,17,145,56,21,108,192,40,169,182,29,154,60,177,27,43,127,96,171,141,98,114,64,79,179,47,88,5,186,199,83,153,166,24,150,10,185,62,120,3,168,44,48,63];True
1810;7555;9365;[104,172,12,22,81,93,147,3,2,130,84,117,77,112,193,24,66,157,103,105,74,188,144,118,10,0,167,61,45,138,41,88,78,128,42,57,37,121,162,126,143,160,91,1,33,124,94,196,36,46,140,92,82,23,189,49,87,106,136,26,146,190,9,178,170,95,38,139,19,20,51,149,34,194,180,123,176,67,32,72,163,25,70,65,16,125,11,113,156,71,165,184,31,8,173,18,131,110,101,59,80,100,30,134,148,195,97,137,175,151,7,191,181,68,198,142,58,158,54,52,29,187,39,107,85,14,13,111,132,89,75,4,15,135,53,183,69,159,164,90,28,155,73,99,109,50,115,152,35,161,102,86,133,76,122,116,17,55,145,56,21,108,192,40,169,129,119,154,60,177,27,43,127,96,171,141,98,114,64,79,179,47,182,83,186,199,5,153,166,174,150,6,185,62,120,197,168,44,48,63];True
1785;7582;9367;[104,172,12,22,81,93,147,3,2,130,84,117,77,112,193,24,66,157,103,105,74,188,144,118,10,0,167,61,45,138,41,88,78,128,42,57,37,121,162,126,143,160,91,1,33,124,94,196,36,46,140,92,82,23,189,49,87,106,136,26,146,159,9,190,170,95,38,139,19,20,51,149,34,194,180,123,176,67,32,72,163,25,70,65,16,125,11,113,156,71,165,184,31,8,173,18,131,110,101,59,80,100,30,134,148,195,97,137,175,151,7,191,181,68,198,142,58,158,54,52,29,187,39,107,85,14,13,111,132,89,75,4,15,135,53,183,69,178,164,90,28,155,73,99,109,50,115,152,35,161,102,86,133,76,122,116,17,55,145,56,21,108,192,40,169,129,119,154,60,177,27,43,127,96,171,141,98,114,64,79,179,47,182,83,186,199,5,153,166,174,150,6,185,62,120,197,168,44,48,63];True
1781;7587;9368;[37,172,12,22,81,93,147,3,2,130,84,117,77,112,193,24,66,157,103,105,74,188,144,118,10,0,167,61,45,138,41,88,104,128,42,57,87,121,162,126,143,160,91,1,33,124,94,196,36,46,140,92,82,23,189,49,178,106,136,26,146,159,35,78,170,95,38,139,19,20,51,149,34,194,180,123,176,67,32,72,163,25,70,65,16,125,11,113,156,71,165,184,31,8,173,18,131,110,101,59,80,100,30,134,148,195,97,137,175,151,7,191,181,68,198,142,58,158,54,52,29,187,39,107,85,14,13,111,132,89,75,4,15,135,53,183,69,190,164,90,28,155,73,99,109,50,115,152,43,161,102,86,133,76,122,116,17,55,145,56,21,108,192,40,169,129,119,154,60,177,27,185,127,96,171,141,98,114,64,79,179,47,182,5,186,199,83,153,166,174,150,6,9,62,120,197,168,44,48,63];True
1806;7564;9370;[104,172,12,22,81,93,147,3,2,130,84,117,77,112,193,24,66,157,103,105,74,188,144,118,10,0,167,61,45,138,41,88,78,128,42,57,37,121,162,126,143,160,91,1,33,124,94,196,36,46,140,92,82,23,189,49,87,106,136,26,146,190,9,178,170,95,38,139,19,20,51,149,34,194,180,123,176,67,32,72,163,25,70,65,16,125,11,113,156,71,165,184,31,8,173,18,131,110,101,59,80,100,30,134,148,195,97,137,175,151,7,191,181,68,198,142,58,158,54,52,29,187,39,107,85,14,13,111,132,89,75,4,15,135,53,183,69,159,164,90,28,155,73,99,109,50,115,152,35,161,102,86,133,76,122,116,17,55,145,56,21,108,192,40,169,129,119,154,60,177,27,43,127,96,171,141,98,114,64,79,179,47,182,5,186,199,83,153,166,174,150,6,185,62,120,197,168,44,48,63];True
1805;7566;9371;[104,172,12,22,81,93,147,3,2,130,84,117,77,112,193,24,66,157,103,105,74,188,144,118,10,0,167,61,45,138,41,88,78,128,42,57,37,121,162,126,143,160,91,1,33,124,94,196,36,46,140,92,82,23,189,49,87,106,136,26,146,159,9,178,170,95,38,139,19,20,51,149,34,194,180,123,176,67,32,72,163,25,70,65,16,125,11,113,156,71,165,184,31,8,173,18,131,110,101,59,80,100,30,134,148,195,97,137,175,151,7,191,181,68,198,142,58,158,54,52,29,187,39,107,85,14,13,111,132,89,75,4,15,135,53,183,69,190,164,90,28,155,73,99,109,50,115,152,35,161,102,86,133,76,122,116,17,55,145,56,21,108,192,40,169,129,119,154,60,177,27,43,127,96,171,141,98,114,64,79,179,47,182,83,186,199,5,153,166,174,150,6,185,62,120,197,168,44,48,63];True
1801;7575;9376;[104,172,12,22,81,93,147,3,2,130,84,117,77,112,193,24,66,157,103,105,74,188,144,118,10,0,167,61,45,138,41,88,78,128,42,57,37,121,162,126,143,160,91,1,33,124,94,196,36,46,140,92,82,23,189,49,87,106,136,26,146,159,9,178,170,95,38,139,19,20,51,149,34,194,180,123,176,67,32,72,163,25,70,65,16,125,11,113,156,71,165,184,31,8,173,18,131,110,101,59,80,100,30,134,148,195,97,137,175,151,7,191,181,68,198,142,58,158,54,52,29,187,39,107,85,14,13,111,132,89,75,4,15,135,53,183,69,190,164,90,28,155,73,99,109,50,115,152,35,161,102,86,133,76,122,116,17,55,145,56,21,108,192,40,169,129,119,154,60,177,27,43,127,96,171,141,98,114,64,79,179,47,182,5,186,199,83,153,166,174,150,6,185,62,120,197,168,44,48,63];True
1797;7580;9377;[104,172,12,22,81,93,147,3,2,130,84,117,77,112,193,24,66,157,103,105,74,188,144,118,10,0,167,61,45,138,41,88,78,128,42,57,37,121,162,126,143,160,91,1,33,124,94,196,36,46,140,92,82,23,189,49,87,106,136,26,146,159,9,190,170,95,38,139,65,20,51,149,34,194,180,123,176,67,32,72,163,25,70,19,16,125,11,113,156,71,165,184,31,8,173,18,131,110,101,59,80,100,30,134,148,195,97,137,175,151,7,191,181,68,198,142,58,158,54,52,29,187,39,107,85,14,13,111,132,89,75,4,15,135,53,183,69,178,164,90,28,155,73,99,109,50,115,152,35,161,102,86,133,76,122,116,17,55,145,56,21,108,192,40,169,129,119,154,60,177,27,43,127,96,171,141,98,114,64,79,179,47,182,5,186,199,83,153,166,174,150,6,185,62,120,197,168,44,48,63];True
1768;7612;9380;[37,172,12,22,81,93,147,3,2,130,84,117,77,112,193,24,66,157,103,105,74,188,144,118,10,110,167,61,45,138,41,88,104,128,42,57,87,121,162,126,143,160,91,1,33,124,94,196,36,46,140,92,82,23,189,49,178,106,136,26,146,159,35,78,170,95,38,139,19,20,51,149,34,194,180,123,176,67,32,72,163,25,70,65,16,125,11,113,156,71,165,184,31,8,173,18,131,0,101,59,80,100,30,134,148,195,97,137,175,151,7,191,181,68,198,142,58,158,54,52,29,187,39,107,85,14,13,111,132,89,75,4,15,135,53,183,69,190,164,90,28,155,73,99,109,50,115,152,43,161,102,86,133,76,122,116,17,55,145,56,21,108,192,40,169,129,119,154,60,177,27,185,127,96,171,141,98,114,64,79,179,47,182,83,186,199,5,153,166,174,150,6,9,62,120,197,168,44,48,63];True
1778;7603;9381;[104,172,12,22,81,93,147,3,2,130,84,117,77,112,193,24,66,157,103,105,74,188,144,118,10,0,167,61,45,138,41,88,78,128,42,57,37,121,162,126,143,160,91,1,33,124,94,196,36,46,140,92,82,23,189,49,87,106,136,26,146,159,9,190,170,95,38,139,19,20,51,149,34,194,180,123,176,67,32,72,163,25,70,65,16,125,11,113,156,71,165,184,31,8,173,18,131,110,101,59,80,100,30,134,148,195,97,137,175,151,7,191,181,68,198,142,58,158,54,52,29,187,39,107,85,14,13,111,132,89,75,4,15,135,53,183,69,178,164,90,28,155,73,99,109,50,115,152,35,161,102,86,133,76,122,116,17,55,145,56,21,108,192,40,169,129,119,154,60,179,27,43,127,96,171,141,98,114,64,79,177,47,182,5,186,199,83,153,166,174,150,6,185,62,120,197,168,44,48,63];True
1764;7621;9385;[37,172,12,22,81,93,147,3,2,130,84,117,77,112,193,24,66,157,103,105,74,188,144,118,10,110,167,61,45,138,41,88,104,128,42,57,87,121,162,126,143,160,91,1,33,124,94,196,36,46,140,92,82,23,189,49,178,106,136,26,146,159,35,78,170,95,38,139,19,20,51,149,34,194,180,123,176,67,32,72,163,25,70,65,16,125,11,113,156,71,165,184,31,8,173,18,131,0,101,59,80,100,30,134,148,195,97,137,175,151,7,191,181,68,198,142,58,158,54,52,29,187,39,107,85,14,13,111,132,89,75,4,15,135,53,183,69,190,164,90,28,155,73,99,109,50,115,152,43,161,102,86,133,76,122,116,17,55,145,56,21,108,192,40,169,129,119,154,60,177,27,185,127,96,171,141,98,114,64,79,179,47,182,5,186,199,83,153,166,174,150,6,9,62,120,197,168,44,48,63];True
2281;7106;9387;[50,4,28,162,147,67,32,138,172,12,130,84,77,112,93,184,66,157,103,105,74,188,144,31,142,117,167,61,45,19,41,49,78,128,42,57,197,146,118,126,143,160,91,1,33,124,180,196,36,46,140,92,82,23,189,81,0,85,22,26,176,193,109,190,170,95,38,139,65,20,70,194,34,198,174,178,9,6,129,2,163,25,51,8,16,125,11,113,156,71,165,87,37,94,173,18,131,110,101,59,80,100,30,134,148,195,97,58,175,151,7,191,181,68,123,72,137,158,54,52,119,187,39,107,55,14,13,111,132,89,75,149,15,135,53,183,69,159,164,90,121,155,73,99,106,136,115,152,35,161,102,86,133,76,122,116,104,17,145,56,21,108,192,40,169,182,29,154,60,177,27,43,127,96,171,141,98,114,64,79,179,47,88,5,186,199,83,153,166,24,150,10,185,62,120,3,168,44,48,63];True
1739;7651;9390;[50,180,123,22,26,178,120,3,2,130,84,117,77,112,31,29,66,157,103,105,74,188,144,118,147,0,101,61,45,138,167,172,78,128,42,57,37,121,162,126,143,160,91,1,33,124,94,196,36,182,140,92,82,23,189,81,87,85,104,20,146,193,109,93,170,95,38,139,19,194,51,149,34,127,175,12,49,67,32,72,137,25,70,65,16,190,11,113,156,71,165,184,125,8,173,18,131,110,41,59,80,100,30,134,148,195,97,58,6,43,7,191,181,68,198,142,163,158,54,52,119,187,39,107,55,14,13,197,132,89,75,4,15,135,53,183,69,159,164,90,28,155,73,99,106,136,115,152,35,176,9,86,133,76,122,116,161,46,145,56,21,108,192,40,169,129,24,154,60,177,27,151,111,96,171,141,98,114,64,79,179,47,88,5,186,199,83,153,166,174,150,10,185,62,44,102,168,17,48,63];True
1756;7636;9392;[104,172,12,22,81,93,147,3,2,130,84,117,77,112,193,24,66,157,103,105,74,188,144,118,10,0,101,61,45,138,41,88,78,128,42,57,37,121,162,126,143,160,91,1,33,124,94,196,36,46,140,92,82,23,189,49,87,106,136,26,146,159,9,190,170,95,38,139,19,20,51,149,34,194,180,123,176,67,32,72,163,25,70,65,16,125,11,113,156,71,165,184,31,8,173,18,131,110,167,59,80,100,30,134,148,195,97,137,175,151,7,191,181,68,198,142,58,158,54,52,29,187,39,107,85,14,13,111,132,89,75,4,15,135,53,183,69,178,164,90,28,155,73,99,109,50,115,152,35,161,102,86,133,76,122,116,17,55,145,56,21,108,192,40,169,129,119,154,60,177,27,43,127,96,171,141,98,114,64,79,179,47,182,5,186,199,83,153,166,174,150,6,185,62,120,197,168,44,48,63];True
2290;7102;9392;[50,4,121,162,147,67,32,138,172,12,130,84,77,112,93,184,66,157,103,105,74,188,144,31,142,117,167,61,45,19,41,49,78,128,42,57,197,146,118,126,143,160,91,1,33,124,180,196,36,46,140,92,82,23,189,81,0,85,22,26,176,193,109,190,170,95,38,139,65,20,70,145,34,198,174,178,9,6,129,2,163,25,51,8,16,125,11,113,156,71,165,87,37,94,173,18,131,110,101,59,80,100,30,134,148,195,97,58,175,151,7,191,181,68,123,72,137,158,54,52,119,187,39,107,55,14,13,111,132,89,75,149,15,135,53,183,69,159,164,90,28,155,73,99,106,136,115,152,35,161,102,86,133,76,122,116,104,17,194,56,21,108,192,40,169,182,29,154,60,177,27,43,127,96,171,141,98,114,64,79,179,47,88,5,186,199,83,153,166,24,150,10,185,62,120,3,168,44,48,63];True
1761;7633;9394;[37,172,12,22,81,93,147,3,2,130,84,117,77,112,193,24,66,157,103,105,74,188,144,118,10,110,167,61,45,138,41,88,104,128,42,57,87,121,162,126,143,160,91,1,33,124,94,196,36,46,140,92,82,23,189,49,178,106,136,26,146,159,35,78,170,95,38,139,19,20,51,149,34,194,180,123,176,67,32,72,163,25,70,65,16,125,11,113,156,71,165,184,31,8,173,18,131,0,101,59,80,100,30,134,148,195,97,137,175,151,7,191,181,68,198,142,58,158,54,52,29,187,39,107,85,14,13,111,132,89,75,4,15,135,53,183,69,190,164,90,28,155,73,99,109,50,115,152,43,161,102,86,133,76,122,116,17,55,145,56,21,108,192,40,169,129,119,154,60,179,27,185,127,96,171,141,98,114,64,79,177,47,182,5,186,199,83,153,166,174,150,6,9,62,120,197,168,44,48,63];True
2308;7100;9408;[50,4,121,162,147,67,32,138,172,12,130,84,77,112,93,184,66,157,103,105,74,188,144,31,142,117,167,61,45,19,41,49,78,128,42,57,197,146,118,126,143,160,91,1,33,124,180,196,36,46,140,92,82,23,189,81,0,85,22,26,176,193,109,190,170,95,38,139,65,20,70,194,34,198,174,178,9,6,129,2,163,25,51,16,8,125,11,113,156,71,165,87,37,94,173,18,131,110,101,59,80,100,30,134,148,195,97,58,175,151,7,191,181,68,123,72,137,158,54,52,119,187,39,107,55,14,13,111,132,89,75,149,15,135,53,183,69,159,164,90,28,155,73,99,106,136,115,152,35,161,102,86,133,76,122,116,104,17,145,56,21,108,192,40,169,182,29,154,60,177,27,43,127,96,171,141,98,114,64,79,179,47,88,5,186,199,83,153,166,24,150,10,185,62,120,3,168,44,48,63];True
1705;7704;9409;[9,180,123,22,26,178,120,3,2,130,84,117,77,112,31,29,66,157,103,105,74,188,144,118,147,0,101,61,45,138,167,172,78,128,42,57,37,121,162,126,143,160,91,1,33,124,94,196,36,182,140,92,82,23,189,81,87,85,104,20,146,193,109,93,170,95,38,139,19,194,102,149,34,127,175,12,49,67,32,72,137,25,70,65,16,190,11,113,156,71,165,184,125,8,173,18,131,110,41,59,80,100,30,134,148,195,97,58,6,43,7,191,181,68,198,142,163,158,54,52,119,187,39,107,55,14,13,197,132,89,75,4,15,135,53,183,69,159,164,90,28,155,73,99,106,136,115,152,35,176,50,86,133,76,122,116,161,46,145,56,21,108,192,40,169,129,24,154,60,177,27,151,111,96,171,141,98,114,64,79,179,47,88,5,186,199,83,153,166,174,150,10,185,62,44,51,168,17,48,63];True
1651;7764;9415;[180,172,12,22,26,178,120,3,2,130,84,117,77,112,31,29,66,157,103,44,74,188,93,164,100,0,101,61,45,55,126,185,78,128,42,57,37,121,162,146,118,10,91,1,33,124,94,196,36,182,140,92,82,23,189,81,87,85,104,20,167,193,136,144,62,95,38,139,19,194,51,149,34,127,175,123,90,67,32,72,137,25,170,65,16,125,11,113,156,71,165,184,143,8,173,18,131,110,41,59,80,147,30,134,148,195,97,58,6,43,7,191,181,68,198,142,163,158,54,52,119,187,39,107,138,14,13,197,132,89,75,4,15,135,53,183,69,159,9,105,28,155,73,99,106,70,115,152,35,161,102,86,133,76,122,116,49,46,145,56,21,108,192,40,169,129,24,154,60,177,27,151,111,96,171,141,98,114,64,79,179,47,88,5,186,199,83,153,166,174,150,160,190,109,176,50,168,17,48,63];True
2322;7097;9419;[50,4,121,162,147,67,32,138,172,12,130,84,77,112,93,184,66,157,103,105,74,188,144,31,142,117,167,61,45,19,41,49,78,128,42,57,197,146,118,126,143,160,91,1,33,124,180,196,36,46,140,92,82,23,189,81,0,85,22,26,176,193,109,190,191,95,38,139,65,20,70,194,34,198,174,178,9,6,129,2,163,25,51,8,16,125,11,113,156,71,165,87,37,94,173,18,131,110,101,59,80,100,30,134,148,195,97,58,175,151,7,170,181,68,123,72,137,158,54,52,119,187,39,107,55,14,13,111,132,89,75,149,15,135,53,183,69,159,164,90,28,155,73,99,106,136,115,152,35,161,102,86,133,76,122,116,104,17,145,56,21,108,192,40,169,182,29,154,60,177,27,43,127,96,171,141,98,114,64,79,179,47,88,5,186,199,83,153,166,24,150,10,185,62,120,3,168,44,48,63];True
2327;7094;9421;[50,4,121,162,147,67,32,138,172,12,130,84,77,112,93,184,66,157,103,105,74,188,144,31,142,117,167,61,45,19,41,49,78,128,42,57,197,146,118,126,143,160,91,1,33,124,180,196,36,46,140,92,82,23,189,81,0,85,22,26,176,193,109,190,170,95,38,139,65,20,70,194,34,198,174,178,9,6,129,2,163,25,51,8,16,125,11,113,156,71,165,87,37,94,173,18,131,110,101,59,80,100,30,134,148,195,97,58,175,151,7,191,181,68,123,72,137,158,62,52,119,187,39,107,55,14,13,111,132,89,75,149,15,135,53,183,69,159,164,90,28,155,73,99,106,136,115,152,35,161,102,86,133,76,122,116,104,17,145,56,21,108,192,40,169,182,29,154,60,177,27,43,127,96,171,141,98,114,64,79,179,47,88,5,186,199,83,153,166,24,150,10,185,54,120,3,168,44,48,63];True
1736;7696;9432;[9,180,41,22,26,178,120,3,2,130,84,117,77,112,31,29,66,157,103,105,74,188,144,118,147,0,101,61,45,138,167,172,78,128,42,57,37,121,162,126,143,160,91,1,33,124,94,196,52,182,140,92,82,23,189,81,87,85,104,20,146,193,109,93,170,95,38,139,19,194,51,149,34,127,175,123,176,67,32,72,137,25,70,65,16,190,11,113,156,71,165,184,125,8,173,18,131,110,12,59,80,100,30,134,148,195,97,58,6,43,7,191,181,68,198,142,163,158,54,36,119,187,39,107,55,14,13,197,132,89,75,4,15,135,53,183,69,159,164,90,28,155,73,99,106,136,115,152,35,161,102,86,133,76,122,116,49,46,145,56,21,108,192,40,169,129,24,154,60,177,27,151,111,96,171,141,98,114,64,79,179,47,88,5,186,199,83,153,166,174,150,10,185,62,44,50,168,17,48,63];True
1735;7703;9438;[9,180,41,22,26,178,120,3,2,130,84,117,77,112,31,29,66,157,103,105,74,188,144,118,147,0,101,61,45,138,167,172,78,128,42,57,37,121,162,126,143,160,91,1,33,124,94,196,36,182,140,92,82,23,189,81,87,85,104,20,146,193,109,93,170,95,38,139,19,194,51,149,34,127,175,123,176,67,32,72,137,25,70,65,16,190,11,113,156,71,165,184,125,8,173,18,131,110,12,59,80,100,30,134,148,195,97,58,6,43,7,191,181,68,198,142,163,158,54,52,119,187,39,107,55,14,13,197,132,89,75,4,15,108,53,183,69,159,164,90,28,155,73,99,106,136,115,152,35,161,102,86,133,76,122,116,49,46,145,56,21,135,192,40,169,129,24,154,60,177,27,151,111,96,171,141,98,114,64,79,179,47,88,5,186,199,83,153,166,174,150,10,185,62,44,50,168,17,48,63];True
2349;7089;9438;[50,4,121,162,147,67,32,138,172,12,130,84,77,112,93,184,66,157,103,105,74,188,168,31,142,117,167,61,45,19,41,49,78,128,42,57,197,146,118,126,143,160,91,1,33,124,180,196,36,46,140,92,82,23,189,81,0,85,22,26,176,193,109,190,170,95,38,139,65,20,70,194,34,198,174,178,9,6,129,2,163,25,51,8,16,125,11,113,156,71,165,87,37,94,173,18,131,110,101,59,80,100,30,134,148,195,97,58,175,151,7,191,181,68,123,72,137,158,54,52,119,187,39,107,55,14,13,111,132,89,75,149,15,135,53,183,69,159,164,90,28,155,73,99,106,136,115,152,35,161,102,86,133,76,122,116,104,17,145,56,21,108,192,40,169,182,29,154,60,177,27,43,127,96,171,141,98,114,64,79,179,47,88,5,186,199,83,153,166,24,150,10,185,62,120,3,144,44,48,63];True
1703;7745;9448;[9,180,123,22,26,178,120,3,2,130,84,117,77,112,31,29,66,157,103,105,74,188,144,118,147,0,101,61,45,138,167,172,78,128,42,57,37,121,162,126,143,160,91,1,33,124,94,196,36,182,140,92,82,23,189,81,87,85,104,20,146,193,109,93,170,95,38,139,19,194,51,149,34,127,175,12,49,67,32,72,137,25,70,65,16,190,11,113,156,71,165,184,125,8,173,18,131,110,41,59,80,100,30,134,148,195,97,58,6,43,7,191,181,68,198,142,163,158,54,52,119,187,39,107,55,14,13,197,132,89,75,4,15,135,53,183,69,159,164,90,28,155,73,99,106,136,115,152,35,176,50,86,133,76,122,116,161,46,145,56,21,108,192,40,169,129,24,154,60,177,27,151,111,96,171,141,98,114,64,79,179,47,88,5,186,199,83,153,166,174,150,10,185,62,44,102,168,17,48,63];True
1698;7753;9451;[180,172,12,22,26,178,120,3,2,130,84,117,77,112,31,29,66,157,103,44,74,188,93,164,100,0,101,61,45,138,126,185,78,128,42,57,37,121,162,146,118,10,91,1,33,124,94,196,36,182,140,92,82,23,189,81,87,85,104,20,167,193,136,144,62,95,38,139,19,194,51,149,34,127,175,123,90,67,32,72,137,25,170,65,16,125,11,113,156,71,165,184,190,8,173,18,131,110,41,59,80,147,30,134,148,195,97,58,6,43,7,191,181,68,198,142,163,158,54,52,119,187,39,107,55,14,13,197,132,89,75,4,15,135,53,183,69,159,9,105,28,155,73,99,106,70,115,152,35,161,102,86,133,76,122,116,49,46,145,56,21,108,192,40,169,129,24,154,60,177,27,151,111,96,171,141,98,114,64,79,179,47,88,5,186,199,83,153,166,174,150,160,143,109,176,50,168,17,48,63];True
1701;7751;9452;[9,180,12,22,26,178,120,3,2,130,84,117,77,112,31,29,66,157,103,105,74,188,144,118,147,0,101,61,45,138,167,172,78,128,42,57,37,121,162,126,143,160,91,1,33,124,94,196,52,182,140,92,82,23,189,81,87,85,104,20,146,193,109,93,170,95,38,139,19,194,51,149,34,127,175,123,49,67,32,72,137,25,70,65,16,190,11,113,156,71,165,184,125,8,173,18,131,110,41,59,80,100,30,134,148,195,97,58,6,43,7,191,181,68,198,142,163,158,54,36,119,187,39,107,55,14,13,197,132,89,75,4,15,135,53,183,69,159,164,90,28,155,73,99,106,136,115,152,35,176,102,86,133,76,122,116,161,46,145,56,21,108,192,40,169,129,24,154,60,177,27,151,111,96,171,141,98,114,64,79,179,47,88,5,186,199,83,153,166,174,150,10,185,62,44,50,168,17,48,63];True
1695;7762;9457;[180,172,12,22,26,178,120,3,2,130,84,117,77,112,31,29,66,157,103,44,74,188,93,164,100,0,101,61,45,55,126,185,78,128,42,57,37,121,162,146,118,10,91,1,33,124,94,196,36,182,140,92,82,23,189,81,87,85,104,20,167,193,136,144,62,95,38,139,19,194,51,149,34,127,175,123,90,67,32,72,137,25,170,65,16,125,11,113,156,71,165,184,190,8,173,18,131,110,41,59,80,147,30,134,148,195,97,58,6,43,7,191,181,68,198,142,163,158,54,52,119,187,39,107,138,14,13,197,132,89,75,4,15,135,53,183,69,159,9,105,28,155,73,99,106,70,115,152,35,161,102,86,133,76,122,116,49,46,145,56,21,108,192,40,169,129,24,154,60,177,27,151,111,96,171,141,98,114,64,79,179,47,88,5,186,199,83,153,166,174,150,160,143,109,176,50,168,17,48,63];True
2383;7079;9462;[50,21,180,178,9,37,94,118,172,12,130,117,77,112,93,184,66,157,103,105,74,188,144,174,149,195,167,61,45,138,41,49,78,128,42,57,3,121,162,126,143,160,91,1,33,124,147,196,36,46,140,31,82,23,189,81,0,85,22,26,176,193,109,190,170,95,38,139,65,20,51,142,34,198,146,4,84,67,32,72,163,25,70,19,16,125,11,113,156,71,165,87,194,8,173,18,131,110,101,59,80,100,30,134,148,2,97,58,175,151,7,191,181,68,123,6,137,158,54,52,119,187,39,107,55,14,13,111,132,89,75,129,15,135,53,183,69,159,164,90,28,155,73,99,106,136,115,152,35,161,102,86,133,76,122,116,104,17,145,56,92,108,192,40,169,182,29,154,60,177,27,43,127,96,171,141,98,114,64,79,179,47,88,5,186,199,83,153,166,24,150,10,185,62,120,197,168,44,48,63];True
1649;7824;9473;[180,172,12,22,26,178,120,3,2,130,84,117,77,112,31,29,66,157,103,44,74,188,93,164,100,0,101,61,45,138,126,185,78,128,42,57,37,121,162,146,118,10,91,1,33,124,94,196,52,182,140,92,82,23,189,81,87,85,104,20,167,193,136,144,62,95,38,139,19,194,51,149,34,127,175,123,90,67,32,72,137,25,170,65,16,190,11,113,156,71,165,184,125,8,173,18,131,110,41,59,80,147,30,134,148,195,97,58,6,43,7,191,181,68,198,142,163,158,54,36,119,187,39,107,55,14,13,197,132,89,75,4,15,135,53,183,69,159,9,105,28,155,73,99,106,70,115,152,35,161,102,86,133,76,122,116,49,46,145,56,21,108,192,40,169,129,24,154,60,177,27,151,111,96,171,141,98,114,64,79,179,47,88,5,186,199,83,153,166,174,150,160,143,109,176,50,168,17,48,63];True
1646;7828;9474;[180,172,12,22,26,178,120,3,2,130,84,117,77,112,31,29,66,157,103,44,74,188,93,164,100,0,101,61,45,138,126,185,78,128,42,57,37,121,162,146,118,10,91,1,33,124,94,196,36,182,140,92,82,23,189,81,87,85,104,20,167,193,136,144,181,95,38,139,19,194,51,149,34,127,175,123,90,67,32,72,137,25,170,65,16,190,11,113,156,71,165,184,125,8,173,18,131,110,41,59,80,147,30,134,148,195,97,58,6,43,7,191,62,68,198,142,163,158,54,52,119,187,39,107,55,14,13,197,132,89,75,4,15,135,53,183,69,159,9,105,28,155,73,99,106,70,115,152,35,161,102,86,133,76,122,116,49,46,145,56,21,108,192,40,169,129,24,154,60,177,27,151,111,96,171,141,98,114,64,79,179,47,88,5,186,199,83,153,166,174,150,160,143,109,176,50,168,17,48,63];True
1641;7836;9477;[180,172,12,22,26,178,120,3,2,130,106,117,77,112,31,29,66,157,103,44,74,188,93,164,100,0,101,61,45,138,126,185,78,128,42,57,37,121,162,146,118,10,91,1,33,124,94,196,36,182,140,92,82,23,189,81,87,85,104,20,167,193,136,144,62,95,38,139,19,194,51,149,34,127,175,123,90,67,32,72,137,25,170,65,16,190,11,113,156,71,165,184,125,8,173,18,131,110,41,59,80,147,30,134,148,195,97,58,6,43,7,191,181,68,198,142,163,158,54,52,119,187,39,107,55,14,13,197,132,89,75,4,15,135,53,183,69,159,9,105,28,155,73,99,84,70,115,152,35,161,102,86,133,76,122,116,49,46,145,56,21,108,192,40,169,129,24,154,60,177,27,151,111,96,171,141,98,114,64,79,179,47,88,5,186,199,83,153,166,174,150,160,143,109,176,50,168,17,48,63];True
1517;7961;9478;[198,155,29,187,141,119,148,7,130,107,105,146,118,178,192,183,104,50,53,162,173,18,154,120,24,197,15,135,34,159,82,134,121,10,123,90,41,22,38,14,168,17,94,60,49,153,185,127,39,57,9,28,129,8,93,46,55,165,42,166,59,36,23,12,54,151,175,83,117,44,78,171,81,52,150,140,92,100,58,79,177,95,167,61,181,65,76,5,27,133,96,157,138,45,188,87,66,126,99,86,112,40,51,106,143,160,80,71,69,190,43,128,85,164,111,195,25,37,145,139,33,13,137,158,182,109,21,73,6,56,63,31,142,115,152,102,186,113,196,89,26,176,72,74,4,97,131,0,199,62,1,189,108,84,124,174,184,161,156,147,3,169,191,11,194,180,163,170,103,91,35,125,149,32,98,114,68,116,20,67,193,16,136,144,70,19,64,101,122,172,77,2,110,30,179,47,132,75,88,48];True
1638;7845;9483;[180,172,12,22,26,178,120,3,2,130,106,117,77,112,31,29,66,157,103,44,74,188,93,164,100,0,101,61,45,55,126,185,78,128,42,57,37,121,162,146,118,10,91,1,33,124,94,196,36,182,140,92,82,23,189,81,87,85,104,20,167,193,136,144,62,95,38,139,19,194,51,149,34,127,175,123,90,67,32,72,137,25,170,65,16,190,11,113,156,71,165,184,125,8,173,18,131,110,41,59,80,147,30,134,148,195,97,58,6,43,7,191,181,68,198,142,163,158,54,52,119,187,39,107,138,14,13,197,132,89,75,4,15,135,53,183,69,159,9,105,28,155,73,99,84,70,115,152,35,161,102,86,133,76,122,116,49,46,145,56,21,108,192,40,169,129,24,154,60,177,27,151,111,96,171,141,98,114,64,79,179,47,88,5,186,199,83,153,166,174,150,160,143,109,176,50,168,17,48,63];True
1637;7850;9487;[180,172,12,22,26,178,120,3,2,130,106,117,77,112,31,29,66,157,103,44,74,188,93,164,100,0,101,61,45,138,126,185,78,128,42,57,37,121,162,146,118,10,91,1,33,124,94,196,36,182,140,92,82,23,189,81,87,85,104,20,167,193,136,144,62,95,38,139,19,194,51,149,34,127,175,123,90,67,32,72,137,25,170,65,16,190,11,113,156,71,165,184,125,8,173,18,131,110,41,59,80,147,30,134,148,195,97,58,6,43,7,191,181,68,198,142,163,158,54,52,119,187,39,107,55,14,13,197,132,89,75,4,15,135,53,183,69,159,9,105,28,155,73,99,84,70,115,152,35,49,102,86,133,76,122,116,161,46,145,56,21,108,192,40,169,129,24,154,60,177,27,151,111,96,171,141,98,114,64,79,179,47,88,5,186,199,83,153,166,174,150,160,143,109,176,50,168,17,48,63];True
1635;7857;9492;[180,172,12,22,26,178,120,3,2,130,106,117,77,112,31,29,66,157,103,44,74,188,93,164,100,0,101,61,45,55,126,185,78,128,42,57,37,121,162,146,118,10,91,1,33,124,94,196,36,182,140,92,82,23,189,81,87,85,104,20,167,193,136,144,62,95,38,139,19,194,51,149,34,127,175,123,90,67,32,72,137,25,170,65,16,190,11,113,156,71,165,184,125,8,173,18,131,110,41,59,80,147,30,134,148,195,97,58,6,43,7,191,181,68,198,142,163,158,54,52,119,187,39,107,138,14,13,197,132,89,75,4,15,135,53,183,69,159,9,105,28,155,73,99,84,70,115,152,35,161,102,86,133,76,122,116,49,46,145,56,21,108,192,40,169,129,24,154,60,179,27,151,111,96,171,141,98,114,64,79,177,47,88,5,186,199,83,153,166,174,150,160,143,109,176,50,168,17,48,63];True
1634;7859;9493;[180,172,12,22,26,178,120,3,2,130,106,117,77,112,31,29,66,157,103,44,74,188,93,164,100,0,101,61,45,55,126,185,78,128,42,57,37,121,162,146,118,10,91,1,33,124,94,196,36,182,140,92,82,23,189,81,87,85,104,20,167,193,136,144,62,95,38,139,19,194,51,149,34,127,175,123,90,67,32,72,137,25,170,65,16,190,11,113,156,71,165,184,125,8,173,18,131,110,41,59,80,147,30,134,148,195,97,58,6,43,7,191,181,68,198,142,163,158,54,52,119,187,39,107,138,14,13,197,132,89,75,4,15,135,53,183,69,159,9,105,28,155,73,99,84,70,115,152,35,49,102,86,133,76,122,116,161,46,145,56,21,108,192,40,169,129,24,154,60,177,27,151,111,96,171,141,98,114,64,79,179,47,88,5,186,199,83,153,166,174,150,160,143,109,176,50,168,17,48,63];True
1623;7874;9497;[180,172,12,22,26,178,120,3,2,130,106,117,77,112,31,29,66,157,103,44,74,188,93,164,100,0,101,61,45,138,126,185,78,128,42,57,37,121,162,146,118,10,91,1,33,124,94,196,52,182,140,92,82,23,189,81,87,85,104,20,167,193,136,144,62,95,38,139,19,194,51,149,34,127,175,123,90,67,32,72,137,25,170,65,16,190,11,113,156,71,165,184,125,8,173,18,131,110,41,59,80,147,30,134,148,195,97,58,6,43,7,191,181,68,198,142,163,158,54,36,119,187,39,107,55,14,13,197,132,89,75,4,15,135,53,183,69,159,9,105,28,155,73,99,84,70,115,152,35,161,102,86,133,76,122,116,49,46,145,56,21,108,192,40,169,129,24,154,60,177,27,151,111,96,171,141,98,114,64,79,179,47,88,5,186,199,83,153,166,174,150,160,143,109,176,50,168,17,48,63];True
1620;7878;9498;[180,172,12,22,26,178,120,3,2,130,106,117,77,112,31,29,66,157,103,44,74,188,93,164,100,0,101,61,45,138,126,185,78,128,42,57,37,121,162,146,118,10,91,1,33,124,94,196,36,182,140,92,82,23,189,81,87,85,104,20,167,193,136,144,181,95,38,139,19,194,51,149,34,127,175,123,90,67,32,72,137,25,170,65,16,190,11,113,156,71,165,184,125,8,173,18,131,110,41,59,80,147,30,134,148,195,97,58,6,43,7,191,62,68,198,142,163,158,54,52,119,187,39,107,55,14,13,197,132,89,75,4,15,135,53,183,69,159,9,105,28,155,73,99,84,70,115,152,35,161,102,86,133,76,122,116,49,46,145,56,21,108,192,40,169,129,24,154,60,177,27,151,111,96,171,141,98,114,64,79,179,47,88,5,186,199,83,153,166,174,150,160,143,109,176,50,168,17,48,63];True
1632;7866;9498;[180,172,12,22,26,178,120,3,2,130,106,117,77,112,31,29,66,157,103,44,74,188,93,164,100,0,101,61,45,138,126,185,78,128,42,57,37,121,162,146,118,10,91,1,33,124,94,196,36,182,140,92,82,23,189,81,87,85,104,20,167,193,136,144,62,95,38,139,19,194,51,149,34,127,175,123,90,67,32,72,137,25,170,65,9,190,11,113,156,71,165,184,125,8,173,18,131,110,41,59,80,147,30,134,148,195,97,58,6,43,7,191,181,68,198,142,163,158,54,52,119,187,39,107,55,14,13,197,132,89,75,4,15,135,53,183,69,159,16,105,28,155,73,99,84,70,115,152,35,161,102,86,133,76,122,116,49,46,145,56,21,108,192,40,169,129,24,154,60,177,27,151,111,96,171,141,98,114,64,79,179,47,88,5,186,199,83,153,166,174,150,160,143,109,176,50,168,17,48,63];True
1587;7911;9498;[198,155,29,187,141,119,148,7,130,107,105,146,118,178,192,183,104,50,53,162,173,18,154,120,24,197,15,135,34,159,76,134,121,10,123,90,41,22,38,14,168,17,94,60,49,153,185,127,39,57,69,28,129,8,93,46,55,165,42,166,59,36,23,12,54,151,175,83,117,44,78,171,81,52,150,140,92,100,58,79,177,95,167,61,181,65,82,5,27,133,96,157,138,45,188,87,66,126,99,86,112,40,51,106,143,160,80,71,9,190,43,128,85,164,111,195,25,37,145,139,33,13,137,158,182,109,21,73,6,56,63,31,142,115,152,102,186,113,196,89,26,176,72,74,4,97,131,0,199,62,1,189,108,84,124,174,184,161,156,147,3,169,191,11,194,180,163,170,103,91,35,125,149,32,98,114,68,116,20,67,193,16,136,144,70,19,64,101,122,172,77,2,110,30,179,47,132,75,88,48];True
2423;7078;9501;[50,4,121,162,147,67,32,19,172,12,130,84,77,112,93,184,66,157,103,105,74,188,144,31,142,117,167,61,45,138,41,49,78,128,42,57,197,146,118,126,143,160,91,1,33,124,180,196,36,46,140,92,82,23,189,81,0,85,22,26,176,193,109,190,170,95,38,139,65,20,70,194,34,198,174,178,9,6,129,2,163,25,51,8,16,125,11,113,156,71,165,87,37,94,173,18,131,110,101,59,80,100,30,134,148,195,97,58,151,175,7,191,181,68,123,72,137,158,54,52,119,187,39,107,55,14,13,111,132,89,75,149,15,135,53,183,69,159,164,90,28,155,73,99,106,136,115,152,35,161,102,86,133,76,122,116,104,17,168,56,21,108,192,40,169,182,29,154,60,177,27,43,127,96,171,141,98,114,64,79,179,47,88,5,186,199,83,153,166,24,150,10,185,62,120,3,145,44,48,63];True
2424;7077;9501;[50,4,121,162,147,67,32,19,172,12,130,84,77,112,93,184,66,157,103,105,74,188,144,31,142,117,167,61,45,138,41,49,78,128,42,57,197,146,118,126,143,160,91,1,33,124,180,196,36,46,140,92,82,23,189,81,0,85,22,26,176,193,109,190,170,95,38,139,65,20,70,194,34,198,174,178,9,6,129,2,163,25,51,8,16,125,11,113,156,71,165,87,37,94,173,18,131,110,101,59,80,100,30,134,148,195,97,58,175,151,7,191,181,68,123,72,137,158,54,52,119,187,39,107,55,14,13,111,132,89,75,149,15,135,53,183,69,159,164,90,28,155,73,99,106,136,115,152,35,161,102,86,133,76,122,116,104,17,168,56,21,108,192,40,169,182,29,154,60,177,27,43,127,96,171,141,98,114,64,79,179,47,88,5,186,199,83,153,166,24,150,10,185,62,120,3,145,44,48,63];True
2433;7071;9504;[50,4,121,162,147,67,32,138,172,12,130,84,77,112,93,184,66,157,103,105,74,188,144,31,142,117,167,61,45,19,41,49,78,128,42,57,197,146,118,126,143,160,91,1,33,124,180,196,36,46,140,92,82,23,189,81,0,85,22,26,176,193,109,190,170,95,38,139,65,20,70,194,34,198,174,178,9,6,129,2,163,25,51,8,16,125,11,113,156,71,165,87,37,94,173,18,131,110,101,59,80,100,30,134,148,195,97,58,175,151,7,191,181,68,123,72,137,158,54,52,119,187,39,107,55,14,13,111,132,89,75,149,15,135,53,183,69,159,164,90,28,155,73,99,106,136,115,152,35,161,102,86,133,76,122,116,104,17,168,56,21,108,192,40,169,182,29,154,60,177,27,43,127,96,171,141,98,114,64,79,179,47,88,5,186,199,83,153,166,24,150,10,185,62,120,3,145,44,48,63];True
1617;7887;9504;[180,172,12,22,26,178,120,3,2,130,106,117,77,112,31,29,66,157,103,44,74,188,93,164,100,0,101,61,45,55,126,185,78,128,42,57,37,121,162,146,118,10,91,1,33,124,94,196,36,182,140,92,82,23,189,81,87,85,104,20,167,193,136,144,181,95,38,139,19,194,51,149,34,127,175,123,90,67,32,72,137,25,170,65,16,190,11,113,156,71,165,184,125,8,173,18,131,110,41,59,80,147,30,134,148,195,97,58,6,43,7,191,62,68,198,142,163,158,54,52,119,187,39,107,138,14,13,197,132,89,75,4,15,135,53,183,69,159,9,105,28,155,73,99,84,70,115,152,35,161,102,86,133,76,122,116,49,46,145,56,21,108,192,40,169,129,24,154,60,177,27,151,111,96,171,141,98,114,64,79,179,47,88,5,186,199,83,153,166,174,150,160,143,109,176,50,168,17,48,63];True
1571;7941;9512;[198,155,29,187,141,119,148,7,130,107,105,146,118,178,192,183,104,50,53,162,173,18,154,120,24,197,15,135,34,159,82,134,121,10,123,90,41,22,38,14,168,17,94,60,49,153,185,127,42,57,69,28,129,8,93,46,55,165,39,166,59,36,23,12,54,151,175,83,117,44,78,171,81,52,150,140,92,100,58,79,177,95,167,61,181,65,76,5,27,133,96,157,138,45,188,87,66,126,99,86,112,40,51,106,143,160,80,71,9,190,43,128,85,164,111,195,25,37,145,139,33,13,137,158,182,109,21,73,6,56,63,31,142,115,152,102,186,113,196,89,26,176,72,74,4,97,131,0,199,62,1,189,108,84,124,174,184,161,156,147,3,169,191,11,194,180,163,170,103,91,35,125,149,32,98,114,68,116,20,67,193,16,136,144,70,19,64,101,122,172,77,2,110,30,179,47,132,75,88,48];True
1559;7959;9518;[198,155,29,187,141,119,148,7,130,107,105,146,118,178,192,183,104,50,53,162,173,18,57,120,24,197,15,135,34,159,82,134,121,10,123,90,41,22,38,14,168,17,94,60,49,153,185,127,39,154,69,28,129,8,93,46,55,165,42,166,59,36,23,12,54,151,175,83,117,44,78,171,81,52,150,140,92,100,58,79,177,95,167,61,181,65,76,5,27,133,96,157,138,45,188,87,66,126,99,86,112,40,51,106,143,160,80,71,9,190,43,128,85,164,111,195,25,37,145,139,33,13,137,158,182,109,21,73,6,56,63,31,142,115,152,102,186,113,196,89,26,176,72,74,4,97,131,0,199,62,1,189,108,84,124,174,184,161,156,147,3,169,191,11,194,180,163,170,103,91,35,125,149,32,98,114,68,116,20,67,193,16,136,144,70,19,64,101,122,172,77,2,110,30,179,47,132,75,88,48];True
2470;7063;9533;[50,21,92,178,9,37,94,118,172,12,130,117,77,112,93,46,66,157,103,105,74,188,144,174,149,195,167,61,45,138,41,49,78,128,42,57,3,121,162,126,143,160,91,1,33,124,147,196,36,184,140,31,82,23,189,81,0,85,22,26,176,193,109,190,170,95,38,139,65,20,51,142,34,198,146,4,84,67,32,72,163,25,70,19,145,125,11,113,156,71,165,87,194,8,173,18,131,110,101,59,80,100,30,134,148,2,97,58,175,151,7,191,181,68,123,6,137,158,54,52,119,187,39,107,55,14,13,111,132,89,75,129,15,135,53,183,69,159,164,90,28,155,73,99,106,136,115,152,35,161,102,86,133,76,122,116,104,17,16,56,180,108,192,40,169,182,29,154,60,177,27,43,127,96,171,141,98,114,64,79,179,47,88,5,186,199,83,153,166,24,150,10,185,62,120,197,168,44,48,63];True
2473;7062;9535;[50,56,92,178,9,37,94,118,172,12,130,117,77,112,93,46,66,157,103,105,74,188,144,174,149,195,167,61,45,138,41,49,78,128,42,57,3,121,162,126,143,160,91,1,33,124,147,196,36,184,140,17,82,23,189,81,0,85,22,26,176,193,109,190,170,95,38,139,65,20,51,142,34,198,146,4,84,67,32,72,163,25,70,19,145,125,11,113,156,71,165,87,194,8,173,18,131,110,101,59,80,100,30,134,148,2,97,58,175,151,7,191,181,68,123,6,137,158,54,52,119,187,39,107,55,14,13,111,132,89,75,129,15,135,53,183,69,159,164,90,28,155,73,99,106,136,115,152,35,161,102,86,133,76,122,116,104,31,16,21,180,108,192,40,169,182,29,154,60,177,27,43,127,96,171,141,98,114,64,79,179,47,88,5,186,199,83,153,166,24,150,10,185,62,120,197,168,44,48,63];True
2509;7055;9564;[20,146,16,190,109,147,6,193,172,12,130,22,195,112,93,118,66,157,103,105,74,188,87,37,174,149,167,61,45,123,41,49,78,128,42,57,3,121,162,126,143,160,91,1,33,124,94,196,36,44,140,92,82,23,189,81,0,85,19,26,176,46,9,144,170,95,38,139,178,138,51,50,34,194,180,4,84,67,32,72,163,25,70,104,31,117,77,113,156,71,165,2,184,8,173,18,131,110,101,59,80,100,30,134,148,11,97,137,175,151,7,191,181,68,198,142,58,158,54,52,119,187,39,107,55,14,13,111,132,89,75,129,15,135,53,183,69,159,164,90,28,155,73,99,106,136,115,152,35,161,102,86,133,76,122,116,65,125,145,56,21,108,192,40,169,182,29,154,60,177,27,43,127,96,171,141,98,114,64,79,179,47,88,5,186,199,83,153,166,24,150,10,185,62,120,197,168,17,48,63];True
2519;7047;9566;[20,146,16,190,109,118,6,193,172,12,130,22,195,112,93,147,66,157,103,105,74,188,87,37,174,149,167,61,45,123,41,49,78,128,42,57,3,121,162,126,143,160,91,1,33,124,94,196,36,44,140,92,82,23,189,81,0,85,19,26,176,46,9,144,170,95,38,139,178,138,51,50,34,194,180,4,84,67,32,72,163,25,70,104,31,117,77,113,156,71,165,2,184,8,173,18,131,110,101,59,80,100,30,134,148,11,97,58,175,151,7,191,181,68,198,142,137,158,54,52,119,187,39,107,55,14,13,111,132,89,75,129,15,135,53,183,69,159,164,90,28,155,73,99,106,136,115,152,35,161,102,86,133,76,122,116,65,125,145,56,21,108,192,40,169,182,29,154,60,177,27,43,127,96,171,141,98,114,64,79,179,47,88,5,186,199,83,153,166,24,150,10,185,62,120,197,168,17,48,63];True
2507;7061;9568;[20,146,16,190,109,118,6,193,172,195,130,22,12,112,93,147,66,157,103,105,74,188,87,37,174,149,167,61,45,123,41,49,78,128,42,57,3,121,162,126,143,160,91,1,33,124,94,196,36,44,140,92,82,23,189,81,0,85,19,26,176,46,9,144,170,95,38,139,178,138,51,50,34,194,180,4,84,67,32,72,163,25,70,104,31,117,77,113,156,71,165,2,184,8,173,18,131,110,101,59,80,100,30,134,148,11,97,58,151,175,7,191,181,68,198,142,137,158,54,52,119,187,39,107,55,14,13,111,132,89,75,129,15,135,53,183,69,159,164,90,28,155,73,99,106,136,115,152,35,161,102,86,133,76,122,116,65,125,145,56,21,108,192,40,169,182,29,154,60,177,27,43,127,96,171,141,98,114,64,79,179,47,88,5,186,199,83,153,166,24,150,10,185,62,120,197,168,17,48,63];True
2508;7060;9568;[20,146,16,190,109,118,6,193,172,195,130,22,12,112,93,147,66,157,103,105,74,188,87,37,174,149,167,61,45,123,41,49,78,128,42,57,3,121,162,126,143,160,91,1,33,124,94,196,36,44,140,92,82,23,189,81,0,85,19,26,176,46,9,144,170,95,38,139,178,138,51,50,34,194,180,4,84,67,32,72,163,25,70,104,31,117,77,113,156,71,165,2,184,8,173,18,131,110,101,59,80,100,30,134,148,11,97,58,175,151,7,191,181,68,198,142,137,158,54,52,119,187,39,107,55,14,13,111,132,89,75,129,15,135,53,183,69,159,164,90,28,155,73,99,106,136,115,152,35,161,102,86,133,76,122,116,65,125,145,56,21,108,192,40,169,182,29,154,60,177,27,43,127,96,171,141,98,114,64,79,179,47,88,5,186,199,83,153,166,24,150,10,185,62,120,197,168,17,48,63];True
2555;7037;9592;[20,146,16,190,109,147,6,193,172,12,130,22,195,112,93,118,66,157,103,105,74,188,87,37,174,149,167,61,45,123,41,49,78,128,42,57,3,121,162,126,143,160,91,1,33,124,94,196,36,44,140,92,82,23,189,81,0,85,19,26,176,46,9,144,170,95,38,139,178,138,51,50,34,194,180,4,84,67,32,72,163,25,70,104,31,117,77,113,156,71,165,2,184,8,173,18,131,110,101,59,80,100,30,134,148,11,97,58,151,175,7,191,181,68,198,142,137,158,54,52,119,187,39,107,55,14,13,111,132,89,75,129,15,135,53,183,69,159,164,90,28,155,73,99,106,136,115,152,35,161,102,86,133,76,122,116,65,125,145,56,21,108,192,40,169,182,29,154,60,177,27,43,127,96,171,141,98,114,64,79,179,47,88,5,186,199,83,153,166,24,150,10,185,62,120,197,168,17,48,63];True
2556;7036;9592;[20,146,16,190,109,147,6,193,172,12,130,22,195,112,93,118,66,157,103,105,74,188,87,37,174,149,167,61,45,123,41,49,78,128,42,57,3,121,162,126,143,160,91,1,33,124,94,196,36,44,140,92,82,23,189,81,0,85,19,26,176,46,9,144,170,95,38,139,178,138,51,50,34,194,180,4,84,67,32,72,163,25,70,104,31,117,77,113,156,71,165,2,184,8,173,18,131,110,101,59,80,100,30,134,148,11,97,58,175,151,7,191,181,68,198,142,137,158,54,52,119,187,39,107,55,14,13,111,132,89,75,129,15,135,53,183,69,159,164,90,28,155,73,99,106,136,115,152,35,161,102,86,133,76,122,116,65,125,145,56,21,108,192,40,169,182,29,154,60,177,27,43,127,96,171,141,98,114,64,79,179,47,88,5,186,199,83,153,166,24,150,10,185,62,120,197,168,17,48,63];True
2549;7044;9593;[20,146,16,190,109,147,6,193,172,12,130,22,195,112,93,118,66,157,103,105,74,188,87,37,174,149,167,61,45,123,41,49,78,128,42,57,3,121,162,126,143,160,91,1,33,124,94,196,36,44,140,92,82,23,189,81,0,85,19,26,176,46,9,144,170,95,38,139,178,138,51,50,34,194,180,4,84,67,32,72,163,25,70,104,31,117,11,113,156,71,165,2,184,8,173,18,131,110,101,59,80,100,30,134,148,77,97,58,175,151,7,191,181,68,198,142,137,158,54,52,119,187,39,107,55,14,13,111,132,89,75,129,15,135,53,183,69,159,164,90,28,155,73,99,106,136,115,152,35,161,102,86,133,76,122,116,65,125,145,56,21,108,192,40,169,182,29,154,60,177,27,43,127,96,171,141,98,114,64,79,179,47,88,5,186,199,83,153,166,24,150,10,185,62,120,197,168,17,48,63];True
2592;7028;9620;[20,146,16,190,109,147,6,193,172,12,130,22,195,112,93,118,66,157,103,105,74,188,87,37,174,149,167,61,45,123,41,49,78,128,42,57,3,121,162,126,143,160,91,1,33,124,94,196,36,44,140,92,82,23,189,81,0,85,19,26,176,46,9,144,170,95,38,139,178,138,51,50,34,194,180,4,84,67,32,72,163,25,70,168,31,117,77,113,156,71,165,2,184,8,173,18,131,110,101,59,80,100,30,134,148,11,97,58,175,151,7,191,181,68,198,142,137,158,54,52,119,187,39,107,55,14,13,111,132,89,75,129,15,135,53,183,69,159,164,90,28,155,73,99,106,136,115,152,35,161,102,86,133,76,122,116,65,125,145,56,21,108,192,40,169,182,29,154,60,177,27,43,127,96,171,141,98,114,64,79,179,47,88,5,186,199,83,153,166,24,150,10,185,62,120,197,104,17,48,63];True
2599;7026;9625;[34,123,146,190,109,147,6,193,172,12,130,22,195,112,93,118,66,157,103,105,74,188,87,37,174,149,167,61,45,138,41,49,78,128,42,57,3,121,162,126,143,160,91,1,33,124,94,196,36,44,140,92,82,23,189,81,0,85,19,26,176,46,9,144,170,95,38,139,65,20,51,50,31,194,180,4,84,67,32,72,163,25,70,178,16,117,77,113,156,71,165,2,184,8,173,18,131,110,101,59,80,100,30,134,148,11,97,58,175,151,7,191,181,68,198,142,137,158,54,52,119,187,39,107,55,14,13,111,132,89,75,129,15,135,53,183,69,159,164,90,28,155,73,99,106,136,115,152,35,161,102,86,133,76,122,116,104,125,145,56,21,108,192,40,169,182,29,154,60,177,27,43,127,96,171,141,98,114,64,79,179,47,88,5,186,199,83,153,166,24,150,10,185,62,120,197,168,17,48,63];True
2590;7035;9625;[20,146,16,190,109,147,6,193,172,12,130,22,195,112,93,118,66,157,103,105,74,188,87,37,174,149,167,61,45,123,41,49,78,128,42,57,3,121,162,126,143,160,91,1,33,124,94,196,36,44,140,92,82,23,189,81,0,85,19,26,176,46,9,144,170,95,38,139,178,138,51,50,34,194,180,4,84,67,32,72,163,25,70,104,31,117,77,113,156,71,165,2,184,8,173,18,137,110,101,59,80,100,30,134,148,11,97,58,175,151,7,191,181,68,198,142,131,158,54,52,119,187,39,107,55,14,13,111,132,89,75,129,15,135,53,183,69,159,164,90,28,155,73,99,106,136,115,152,35,161,102,86,133,76,122,116,65,125,145,56,21,108,192,40,169,182,29,154,60,177,27,43,127,96,171,141,98,114,64,79,179,47,88,5,186,199,83,153,166,24,150,10,185,62,120,197,168,17,48,63];True
2613;7018;9631;[34,198,146,190,109,118,6,193,172,12,130,22,195,112,93,147,66,157,103,105,74,188,87,37,174,149,167,61,45,138,41,49,78,128,42,57,3,121,162,126,143,160,91,1,33,124,94,196,36,44,140,92,82,23,189,81,0,85,19,26,176,46,9,144,170,95,38,139,178,20,51,50,31,194,180,4,84,67,32,72,163,25,70,65,16,117,77,113,156,71,165,2,184,8,173,18,131,110,101,59,80,100,30,134,148,11,97,58,175,151,7,191,181,68,123,142,137,158,54,52,119,187,39,107,55,14,13,111,132,89,75,129,15,135,53,183,69,159,164,90,28,155,73,99,106,136,115,152,35,161,102,86,133,76,122,116,104,125,145,56,21,108,192,40,169,182,29,154,60,177,27,43,127,96,171,141,98,114,64,79,179,47,88,5,186,199,83,153,166,24,150,10,185,62,120,197,168,17,48,63];True
2644;7012;9656;[34,198,142,190,109,147,6,193,172,12,130,22,195,112,93,118,66,157,103,105,74,188,87,37,174,149,167,61,45,138,41,49,78,128,42,57,3,121,162,126,143,160,91,1,33,124,94,196,36,44,140,92,82,23,189,81,0,85,19,26,176,46,9,144,170,95,38,139,178,20,51,50,31,194,180,4,84,67,32,72,163,25,70,65,16,117,77,113,156,71,165,2,184,8,173,18,131,110,101,59,80,100,30,134,148,11,97,58,175,151,7,191,181,68,123,146,137,158,54,52,119,187,39,107,55,14,13,111,132,89,75,129,15,135,53,183,69,159,164,90,28,155,73,99,106,136,115,152,35,161,102,86,133,76,122,116,104,125,145,56,21,108,192,40,169,182,29,154,60,177,27,43,127,96,171,141,98,114,64,79,179,47,88,5,186,199,83,153,166,24,150,10,185,62,120,197,168,17,48,63];True
2650;7007;9657;[34,198,146,190,109,147,6,193,172,12,130,22,195,112,93,118,66,157,103,105,74,188,87,37,174,149,167,61,45,138,41,49,78,128,42,57,3,121,162,126,143,160,91,1,33,124,94,196,36,44,140,92,82,23,189,81,0,85,19,26,176,46,9,144,170,95,38,139,178,20,51,50,31,194,180,4,84,67,32,72,163,25,70,65,16,117,77,113,156,71,165,2,184,8,173,18,131,110,101,59,80,100,30,134,148,11,97,58,175,151,7,191,181,68,123,142,137,158,54,52,119,187,39,107,55,14,13,111,132,89,75,129,15,135,53,183,69,159,164,90,28,155,73,99,106,136,115,152,35,161,102,86,133,76,122,116,104,125,145,56,21,108,192,40,169,182,29,154,60,177,27,43,127,96,171,141,98,114,64,79,179,47,88,5,186,199,83,153,166,24,150,10,185,62,120,197,168,17,48,63];True
2716;7005;9721;[34,198,142,190,109,147,6,193,172,12,130,22,195,112,93,118,66,157,103,105,74,188,87,37,174,149,167,61,45,138,41,49,78,128,42,57,3,121,162,126,143,160,91,1,33,124,94,196,36,44,140,17,82,23,189,81,0,85,19,26,176,46,9,178,170,95,38,139,144,20,51,50,31,194,180,4,84,67,32,72,163,25,70,65,16,117,77,113,156,71,165,2,184,8,173,18,131,110,101,59,80,100,30,134,148,11,97,58,175,151,7,191,181,68,123,146,137,158,54,52,119,187,39,107,55,14,13,111,132,89,75,129,15,135,53,183,69,159,164,90,28,155,73,99,106,136,115,152,35,161,102,86,133,76,122,116,104,125,145,56,21,108,192,40,169,182,29,154,60,177,27,43,127,96,171,141,98,114,64,79,179,47,88,5,186,199,83,153,166,24,150,10,185,62,120,197,168,92,48,63];True
2725;7004;9729;[34,198,142,190,109,147,6,193,172,12,130,22,195,112,93,118,66,157,103,105,74,188,87,37,174,149,167,61,45,138,41,49,78,128,42,57,3,121,162,126,143,160,91,1,33,124,94,196,36,104,140,92,82,23,189,81,0,85,19,26,176,46,9,178,170,95,38,139,144,20,51,50,31,194,180,4,84,67,32,72,163,25,70,65,16,117,77,113,156,71,165,2,184,8,173,18,131,110,101,59,80,100,30,134,148,11,97,58,175,151,7,191,181,68,123,146,137,158,54,52,119,187,39,107,55,14,13,111,132,89,75,129,15,135,53,183,69,159,164,90,28,155,73,99,106,136,115,152,35,161,102,86,133,76,122,116,44,125,145,56,21,108,192,40,169,182,29,154,60,177,27,43,127,96,171,141,98,114,64,79,179,47,88,5,186,199,83,153,166,24,150,10,185,62,120,197,168,17,48,63];True
2739;6994;9733;[34,103,105,190,109,147,6,193,172,12,130,22,195,112,93,118,66,157,20,51,74,188,87,37,174,149,167,61,45,138,41,49,78,128,42,57,191,121,162,126,143,160,91,1,33,124,94,196,36,44,140,92,82,23,189,81,0,85,19,26,176,46,9,178,3,95,38,139,144,146,50,168,31,194,180,4,84,67,32,72,163,25,70,65,16,117,77,113,156,71,165,2,184,8,173,18,131,110,101,59,80,100,30,134,148,11,97,58,175,151,7,170,181,68,198,142,137,158,54,52,119,187,39,107,55,14,13,111,132,89,75,129,15,135,53,183,69,159,164,90,28,155,73,99,106,136,115,152,35,161,102,86,133,76,122,116,104,125,145,56,21,108,192,40,169,182,29,154,60,177,27,43,127,96,171,141,98,114,64,79,179,47,88,5,186,199,83,153,166,24,150,10,185,62,120,197,123,17,48,63];True
2788;6993;9781;[34,103,105,190,109,147,6,193,172,12,130,22,195,112,93,118,66,157,20,51,74,188,87,37,174,149,167,61,45,138,178,49,78,128,42,57,191,121,162,126,143,160,91,1,33,124,94,196,36,44,140,92,82,23,189,81,0,85,19,26,176,46,9,41,3,95,38,139,144,146,123,50,31,194,180,4,84,67,32,72,163,25,70,65,16,117,77,113,156,71,165,2,184,8,173,18,131,110,101,59,80,100,30,134,148,11,97,58,151,175,7,170,181,68,198,142,137,158,54,52,119,187,39,107,55,14,13,111,132,89,75,129,15,135,53,183,69,159,164,90,28,155,73,99,106,136,115,152,35,161,102,86,133,76,122,116,104,125,145,56,21,108,192,40,169,182,29,154,60,177,27,43,127,96,171,141,98,114,64,79,179,47,88,5,186,199,83,153,166,24,150,10,185,62,120,197,168,17,48,63];True
2789;6992;9781;[34,103,105,190,109,147,6,193,172,12,130,22,195,112,93,118,66,157,20,51,74,188,87,37,174,149,167,61,45,138,178,49,78,128,42,57,191,121,162,126,143,160,91,1,33,124,94,196,36,44,140,92,82,23,189,81,0,85,19,26,176,46,9,41,3,95,38,139,144,146,123,50,31,194,180,4,84,67,32,72,163,25,70,65,16,117,77,113,156,71,165,2,184,8,173,18,131,110,101,59,80,100,30,134,148,11,97,58,175,151,7,170,181,68,198,142,137,158,54,52,119,187,39,107,55,14,13,111,132,89,75,129,15,135,53,183,69,159,164,90,28,155,73,99,106,136,115,152,35,161,102,86,133,76,122,116,104,125,145,56,21,108,192,40,169,182,29,154,60,177,27,43,127,96,171,141,98,114,64,79,179,47,88,5,186,199,83,153,166,24,150,10,185,62,120,197,168,17,48,63];True
2795;6987;9782;[34,103,105,190,109,147,6,193,172,12,130,22,195,112,93,118,66,157,20,51,74,188,87,37,174,149,167,61,45,138,41,49,78,128,42,57,191,121,162,126,143,160,91,1,33,124,94,196,36,44,140,92,82,23,189,81,0,85,19,26,176,46,9,178,3,95,38,139,144,123,50,146,31,194,180,4,84,67,32,72,163,25,70,65,16,117,77,113,156,71,165,2,184,8,173,18,131,110,101,59,80,100,30,134,148,11,97,58,175,151,7,170,181,68,198,142,137,158,54,52,119,187,39,107,55,14,13,111,132,89,75,129,15,135,53,183,69,159,164,90,28,155,73,99,106,136,115,152,35,161,102,86,133,76,122,116,104,125,145,56,21,108,192,40,169,182,29,154,60,177,27,43,127,96,171,141,98,114,64,79,179,47,88,5,186,199,83,153,166,24,150,10,185,62,120,197,168,17,48,63];True
2820;6986;9806;[34,103,105,190,109,147,6,193,172,12,130,22,195,112,93,118,66,157,20,51,74,188,87,37,174,149,167,61,45,138,41,49,78,128,42,57,191,121,162,126,143,160,91,1,33,124,94,196,36,44,140,92,82,23,189,81,0,85,19,26,176,46,9,178,3,95,38,139,144,123,146,50,31,194,180,4,84,67,32,72,163,25,70,65,16,117,77,113,156,71,165,2,184,8,173,18,131,110,101,59,80,100,30,134,148,11,97,58,175,151,7,170,181,68,198,142,137,158,54,52,119,187,39,107,55,14,13,111,132,89,75,129,15,135,53,183,69,159,164,90,28,155,73,99,106,136,115,152,35,161,102,86,133,76,122,116,104,125,145,56,21,108,192,40,169,182,29,154,60,177,27,43,127,96,171,141,98,114,64,79,179,47,88,5,186,199,83,153,166,24,150,10,185,62,120,197,168,17,48,63];True
2833;6973;9806;[34,103,105,190,109,147,6,193,172,12,130,22,195,112,93,118,66,157,20,51,74,188,87,37,174,149,167,61,45,138,41,49,78,128,42,57,191,121,162,126,143,160,91,1,33,124,94,196,36,44,140,92,82,23,189,81,0,85,19,26,176,46,9,178,3,95,38,139,144,146,50,168,31,194,180,4,84,67,32,72,163,25,70,65,16,117,77,113,156,71,165,2,184,8,173,18,131,110,101,59,80,100,30,134,148,11,97,58,175,151,7,170,181,68,198,142,137,158,62,52,119,187,39,107,55,14,13,111,132,89,75,129,15,135,53,183,69,159,164,90,28,155,73,99,106,136,115,152,35,161,102,86,133,76,122,116,104,125,145,56,21,108,192,40,169,182,29,154,60,177,27,43,127,96,171,141,98,114,64,79,179,47,88,5,186,199,83,153,166,24,150,10,185,54,120,197,123,17,48,63];True
2826;6984;9810;[34,103,105,190,109,147,6,193,172,12,130,22,195,112,93,118,66,157,20,51,74,188,87,37,174,149,167,61,45,138,178,49,78,128,42,57,191,121,162,126,143,160,91,1,33,124,94,196,36,44,140,92,82,23,189,81,0,85,19,26,176,46,9,41,3,95,38,139,144,146,123,50,31,194,180,4,84,67,32,72,163,25,70,65,16,117,77,113,156,71,165,2,184,8,173,18,131,110,101,59,80,100,30,134,119,11,97,58,175,151,7,170,181,68,198,142,137,158,54,52,148,187,39,107,55,14,13,111,132,89,75,129,15,135,53,183,69,159,164,90,28,155,73,99,106,136,115,152,35,161,102,86,133,76,122,116,104,125,145,56,21,108,192,40,169,182,29,154,60,177,27,43,127,96,171,141,98,114,64,79,179,47,88,5,186,199,83,153,166,24,150,10,185,62,120,197,168,17,48,63];True
2883;6971;9854;[34,103,105,190,109,147,6,193,172,12,130,22,195,112,93,118,66,157,20,51,74,188,87,37,174,149,167,61,45,138,178,49,78,128,42,57,191,121,162,126,143,160,91,1,33,124,94,196,36,44,140,92,82,23,189,81,0,85,19,26,176,46,9,41,3,95,38,139,144,146,123,50,31,194,180,4,84,67,32,72,163,25,70,65,16,117,77,113,156,71,165,2,184,8,173,18,131,110,101,59,80,100,30,134,148,11,97,58,175,151,7,170,181,68,198,142,137,158,62,52,119,187,39,107,55,14,13,111,132,89,75,129,15,135,53,183,69,159,164,90,28,155,73,99,106,136,115,152,35,161,102,86,133,76,122,116,104,125,145,56,21,108,192,40,169,182,29,154,60,177,27,43,127,96,171,141,98,114,64,79,179,47,88,5,186,199,83,153,166,24,150,10,185,54,120,197,168,17,48,63];True
2882;6972;9854;[34,103,105,190,109,147,6,193,172,12,130,22,195,112,93,118,66,157,20,51,74,188,87,37,174,149,167,61,45,138,178,49,78,128,42,57,191,121,162,126,143,160,91,1,33,124,94,196,36,44,140,92,82,23,189,81,0,85,19,26,176,46,9,41,3,95,38,139,144,146,123,50,31,194,180,4,84,67,32,72,163,25,70,65,16,117,77,113,156,71,165,2,184,8,173,18,131,110,101,59,80,100,30,134,148,11,97,58,151,175,7,170,181,68,198,142,137,158,62,52,119,187,39,107,55,14,13,111,132,89,75,129,15,135,53,183,69,159,164,90,28,155,73,99,106,136,115,152,35,161,102,86,133,76,122,116,104,125,145,56,21,108,192,40,169,182,29,154,60,177,27,43,127,96,171,141,98,114,64,79,179,47,88,5,186,199,83,153,166,24,150,10,185,54,120,197,168,17,48,63];True
2889;6966;9855;[34,103,105,190,109,147,6,193,172,12,130,22,195,112,93,118,66,157,20,51,74,188,87,37,174,149,167,61,45,138,41,49,78,128,42,57,191,121,162,126,143,160,91,1,33,124,94,196,36,44,140,92,82,23,189,81,0,85,19,26,176,46,9,178,3,95,38,139,144,123,50,146,31,194,180,4,84,67,32,72,163,25,70,65,16,117,77,113,156,71,165,2,184,8,173,18,131,110,101,59,80,100,30,134,148,11,97,58,175,151,7,170,181,68,198,142,137,158,62,52,119,187,39,107,55,14,13,111,132,89,75,129,15,135,53,183,69,159,164,90,28,155,73,99,106,136,115,152,35,161,102,86,133,76,122,116,104,125,145,56,21,108,192,40,169,182,29,154,60,177,27,43,127,96,171,141,98,114,64,79,179,47,88,5,186,199,83,153,166,24,150,10,185,54,120,197,168,17,48,63];True
2913;6962;9875;[34,103,105,190,109,147,6,193,172,12,130,22,195,112,93,118,66,157,20,51,74,188,87,37,174,149,167,61,45,138,41,49,78,128,42,57,191,121,162,126,143,160,91,1,33,124,94,196,36,44,140,92,82,23,189,81,0,85,19,26,176,46,9,178,3,95,38,139,144,146,123,50,31,194,180,4,84,67,32,72,163,25,70,65,16,117,77,113,156,71,165,2,184,8,173,18,131,110,101,59,80,100,30,134,148,11,97,58,175,151,7,170,181,68,198,142,137,158,62,52,119,43,39,107,55,14,13,111,132,89,75,129,15,135,53,183,69,159,164,90,28,155,73,99,106,136,115,152,35,161,102,86,133,76,122,116,104,125,145,56,21,108,192,40,169,182,29,154,60,177,27,185,127,96,171,141,98,114,64,79,179,47,88,5,186,199,83,153,166,24,150,10,187,54,120,197,168,17,48,63];True
2939;6960;9899;[34,103,105,190,109,147,6,193,172,12,130,22,195,112,93,118,66,157,20,51,74,188,87,37,174,149,167,61,45,138,41,49,78,128,42,57,191,121,162,126,143,160,91,1,33,124,94,196,36,44,140,92,82,23,189,81,0,85,19,26,176,46,9,178,3,95,38,139,144,146,123,50,31,194,180,4,84,67,32,72,163,25,70,65,16,117,77,113,156,71,165,2,184,8,173,18,131,110,101,59,80,100,30,134,148,11,97,58,151,175,7,170,181,68,198,142,137,158,62,52,119,185,39,107,55,14,13,111,132,89,75,129,15,135,53,183,69,159,164,90,28,155,73,99,106,136,115,152,35,161,102,86,133,76,122,116,104,125,145,56,21,108,192,40,169,182,29,154,60,177,27,43,127,96,171,141,98,114,64,79,179,47,88,5,186,199,83,153,166,24,150,10,187,54,120,197,168,17,48,63];True
2940;6959;9899;[34,103,105,190,109,147,6,193,172,12,130,22,195,112,93,118,66,157,20,51,74,188,87,37,174,149,167,61,45,138,41,49,78,128,42,57,191,121,162,126,143,160,91,1,33,124,94,196,36,44,140,92,82,23,189,81,0,85,19,26,176,46,9,178,3,95,38,139,144,146,123,50,31,194,180,4,84,67,32,72,163,25,70,65,16,117,77,113,156,71,165,2,184,8,173,18,131,110,101,59,80,100,30,134,148,11,97,58,175,151,7,170,181,68,198,142,137,158,62,52,119,185,39,107,55,14,13,111,132,89,75,129,15,135,53,183,69,159,164,90,28,155,73,99,106,136,115,152,35,161,102,86,133,76,122,116,104,125,145,56,21,108,192,40,169,182,29,154,60,177,27,43,127,96,171,141,98,114,64,79,179,47,88,5,186,199,83,153,166,24,150,10,187,54,120,197,168,17,48,63];True
2950;6957;9907;[34,103,105,190,109,147,6,193,172,12,130,22,195,112,93,118,66,157,20,51,74,188,87,37,174,149,167,61,45,138,41,49,78,128,42,57,3,121,162,126,143,160,91,1,33,124,94,196,36,44,140,92,82,23,189,81,0,85,19,26,176,46,9,178,191,95,38,139,144,146,123,50,31,194,180,4,84,67,32,72,163,25,70,65,16,117,77,113,156,71,165,2,184,8,173,18,131,110,101,59,80,100,30,134,148,11,97,58,175,151,7,170,181,68,198,142,137,158,62,52,119,185,39,107,55,14,13,111,132,89,75,129,15,135,53,183,69,159,164,90,28,155,73,99,106,136,115,152,35,161,102,86,133,76,122,116,104,125,145,56,21,108,192,40,169,182,29,154,60,177,27,43,127,96,171,141,98,114,64,79,179,47,88,5,186,199,83,153,166,24,150,10,187,54,120,197,168,17,48,63];True
2969;6953;9922;[34,103,105,190,109,147,6,193,172,12,130,22,195,112,93,118,66,157,20,51,74,188,87,37,174,149,167,61,45,138,178,49,78,128,42,57,191,121,162,126,143,160,91,1,33,124,94,196,36,44,140,92,82,23,189,81,0,85,19,26,176,46,9,41,3,95,38,139,144,146,123,50,31,194,180,4,84,67,32,72,163,25,70,65,16,117,77,113,156,71,165,2,184,8,173,18,131,110,101,59,80,100,30,134,148,11,97,58,175,151,7,170,181,68,198,142,137,158,62,52,119,185,39,107,55,14,13,111,132,89,75,129,15,135,53,183,69,159,164,90,28,155,73,99,106,136,115,152,35,161,102,86,133,76,122,116,104,125,145,56,21,108,192,40,169,182,29,154,60,177,27,43,127,96,171,141,98,114,64,79,179,47,88,5,186,199,83,153,166,24,150,10,187,54,120,197,168,17,48,63];True
2993;6952;9945;[34,103,105,190,109,147,6,193,172,12,130,22,195,112,93,118,66,157,20,51,74,188,87,37,174,149,167,61,45,138,41,49,78,128,42,57,191,121,162,126,143,160,91,1,33,124,94,196,36,104,140,92,82,23,189,81,0,85,19,26,176,46,9,178,3,95,38,139,144,123,146,50,31,194,180,4,84,67,32,72,163,25,70,65,16,117,77,113,156,71,165,2,184,8,173,18,131,110,101,59,80,100,30,134,148,11,97,58,175,151,7,170,181,68,198,142,137,158,62,52,119,187,39,107,55,14,13,111,132,89,75,129,15,135,53,183,69,159,164,90,28,155,73,99,106,136,115,152,35,161,102,86,133,76,122,116,44,125,145,56,21,108,192,40,169,182,29,154,60,177,27,43,127,96,171,141,98,114,64,79,179,47,88,5,186,199,83,153,166,24,150,10,185,54,120,197,168,17,48,63];True
3000;6947;9947;[34,103,105,190,109,147,6,193,172,12,130,22,195,112,93,118,66,157,20,51,74,188,87,37,174,149,167,61,45,138,41,49,78,128,42,57,191,121,162,126,143,160,91,1,33,124,94,196,36,44,140,92,82,23,189,81,0,85,19,26,176,46,9,178,3,95,38,139,144,123,146,50,31,194,180,4,84,67,32,72,163,25,70,65,16,117,77,113,156,71,165,2,184,8,173,18,131,110,101,59,80,100,30,134,148,11,97,58,175,151,7,170,181,68,198,142,137,158,62,52,119,185,39,107,55,14,13,111,132,89,75,129,15,135,53,183,69,159,164,90,28,155,73,99,106,136,115,152,35,161,102,86,133,76,122,116,104,125,145,56,21,108,192,40,169,182,29,154,60,177,27,43,127,96,171,141,98,114,64,79,179,47,88,5,186,199,83,153,166,24,150,10,187,54,120,197,168,17,48,63];True
3019;6946;9965;[34,103,105,190,109,147,6,193,172,12,130,22,195,112,93,118,66,157,20,51,74,188,87,37,174,149,167,61,45,138,41,49,78,128,42,57,191,121,162,126,143,160,91,1,33,124,94,196,36,104,140,92,82,23,189,81,0,85,19,26,176,46,9,178,3,95,38,139,144,146,123,50,31,194,180,4,84,67,32,72,163,25,70,65,16,117,77,113,156,71,165,2,184,8,173,18,131,110,101,59,80,100,30,134,148,11,97,58,175,151,7,170,181,68,198,142,137,158,62,52,119,185,39,107,55,14,13,111,132,89,75,129,15,135,53,183,69,159,164,90,28,155,73,99,106,136,115,152,35,161,102,86,133,76,122,116,44,125,145,56,21,108,192,40,169,182,29,154,60,177,27,43,127,96,171,141,98,114,64,79,179,47,88,5,186,199,83,153,166,24,150,10,187,54,120,197,168,17,48,63];True
3064;6943;10007;[34,103,105,190,109,147,6,193,172,12,130,22,195,112,93,118,66,157,20,51,74,188,87,37,174,149,167,61,45,138,41,49,78,128,42,57,191,121,162,126,143,160,91,1,33,124,94,196,36,44,140,92,82,23,189,81,0,85,19,26,176,46,9,178,3,95,38,139,144,146,123,50,31,194,180,4,84,67,32,72,163,25,70,65,16,117,77,113,156,71,165,2,184,8,173,18,131,110,101,59,80,100,30,134,148,11,97,58,175,151,7,170,181,68,48,142,137,158,62,52,119,185,39,107,55,14,13,111,132,89,75,129,15,135,53,183,69,159,164,90,28,155,73,99,106,136,115,152,35,161,102,86,133,76,122,116,104,125,145,56,21,108,192,40,169,182,29,154,60,177,27,43,127,96,171,141,98,114,64,79,179,47,88,5,186,199,83,153,166,24,150,10,187,54,120,197,168,17,198,63];True
3099;6941;10040;[34,103,105,190,109,147,6,193,172,12,130,22,195,112,93,118,66,157,20,51,74,188,87,37,174,149,167,61,45,138,41,49,78,128,42,57,191,121,162,126,143,160,91,1,33,124,94,196,36,44,140,21,82,23,189,81,0,85,19,26,176,46,9,178,3,95,38,139,144,146,123,50,31,194,180,4,84,67,32,72,163,25,70,65,16,117,77,113,156,71,165,2,184,8,173,18,131,110,101,59,80,100,30,134,148,11,97,58,175,151,7,170,181,68,198,142,137,158,62,52,119,185,39,107,55,14,13,111,132,89,75,129,15,135,53,183,69,159,164,90,28,155,73,99,106,136,115,152,35,161,102,86,133,76,122,116,104,125,145,56,92,108,192,40,169,182,29,154,60,177,27,43,127,96,171,141,98,114,64,79,179,47,88,5,186,199,83,153,166,24,150,10,187,54,120,197,168,17,48,63];True
1507;8552;10059;[92,49,102,122,114,3,2,129,72,105,99,73,140,178,192,10,123,17,8,94,173,18,25,120,24,197,15,9,150,143,67,75,147,65,124,142,130,22,38,21,135,14,60,151,7,153,187,127,39,107,85,76,50,53,93,131,30,134,137,86,181,82,23,12,54,158,121,168,117,98,78,110,81,52,106,118,183,83,26,79,185,148,167,61,59,36,46,5,41,133,96,157,138,45,188,87,66,126,198,159,174,1,51,29,154,156,160,71,69,190,43,128,101,164,111,88,40,37,145,139,33,13,172,195,182,109,141,35,6,56,189,194,31,171,97,57,186,113,196,89,162,146,28,74,4,115,100,0,199,62,44,34,108,20,55,155,184,161,80,58,177,169,191,11,104,180,163,170,95,91,90,125,149,32,68,63,27,116,175,165,193,16,136,144,70,19,64,103,112,84,77,152,179,176,42,47,132,166,119,48];True
1512;8548;10060;[92,49,102,122,114,3,2,129,72,105,99,73,140,178,192,10,123,17,8,94,173,18,25,120,24,197,15,9,150,143,67,75,147,65,124,142,130,22,38,21,135,14,60,151,7,153,187,127,39,107,85,76,50,53,93,27,30,134,137,86,181,82,23,12,54,158,121,168,117,98,78,110,81,52,106,118,183,83,26,79,185,148,167,61,59,36,46,5,41,133,96,157,138,45,188,87,66,126,198,159,174,1,51,29,154,156,160,71,69,190,43,128,101,164,111,88,40,37,145,139,33,13,172,195,182,109,141,179,6,56,189,194,31,171,97,57,186,113,196,89,162,146,28,74,4,115,131,0,199,62,44,34,108,20,55,155,184,161,80,58,177,169,191,11,104,180,163,170,95,91,90,125,149,32,68,63,100,116,175,165,193,16,136,144,70,19,64,103,112,84,77,152,35,176,42,47,132,166,119,48];True
1474;8590;10064;[92,49,102,122,114,3,2,129,72,105,99,73,140,178,192,10,123,17,8,94,173,18,25,120,24,197,15,9,150,143,67,75,147,65,124,142,130,22,38,21,135,14,60,151,7,153,187,127,39,107,85,76,50,53,93,27,30,134,137,86,181,82,23,12,54,158,121,168,117,98,78,110,81,52,106,118,183,83,26,79,185,148,167,61,59,36,46,5,41,133,96,157,138,45,188,87,66,126,198,159,174,1,51,29,154,156,160,71,69,190,43,128,101,164,111,88,40,37,145,139,33,13,172,195,182,109,141,35,6,56,189,194,31,171,97,57,186,113,196,89,162,146,28,74,4,115,131,0,199,62,44,34,108,20,55,155,184,161,80,58,177,169,191,11,104,180,163,170,95,91,90,125,149,32,68,63,100,116,175,165,193,16,136,144,70,19,64,103,152,84,77,112,179,176,42,47,132,166,119,48];True
3133;6937;10070;[34,103,105,190,109,147,6,193,172,12,130,22,195,112,93,118,66,157,20,51,74,188,87,37,174,149,167,61,45,138,41,49,78,128,42,57,191,121,162,126,143,160,91,1,33,124,94,196,88,44,140,92,82,23,189,81,0,85,19,26,176,46,9,178,3,95,38,139,144,146,123,50,31,194,180,4,84,67,32,72,163,25,70,65,16,117,77,113,156,71,165,2,184,8,173,18,131,110,101,59,80,100,30,134,148,11,97,58,175,151,7,170,181,68,198,142,137,158,62,52,119,185,39,107,55,14,13,111,132,89,75,129,15,135,53,183,69,159,164,90,28,155,73,99,106,136,115,152,35,161,102,86,133,76,122,116,104,125,145,56,21,108,192,40,169,182,29,154,60,177,27,43,127,96,171,141,98,114,64,79,179,47,36,5,186,199,83,153,166,24,150,10,187,54,120,197,168,17,48,63];True
3223;6926;10149;[16,194,180,41,187,117,2,169,172,132,166,22,195,112,8,184,191,93,66,157,20,188,87,37,174,149,167,61,45,138,104,125,78,128,42,57,3,121,162,126,143,160,91,77,33,124,94,196,130,103,140,17,82,23,189,81,0,85,19,26,176,46,9,142,170,95,38,139,144,63,51,56,21,92,147,4,84,67,32,72,163,25,70,74,198,173,113,190,156,71,165,193,168,31,6,1,131,110,101,59,80,100,30,134,148,11,97,58,175,151,7,18,181,68,123,89,137,158,54,52,12,49,39,107,55,14,13,111,119,145,75,129,15,135,53,183,69,159,164,90,28,155,73,99,106,136,115,152,35,161,102,86,133,76,122,116,65,118,109,50,34,108,192,40,36,182,29,154,60,177,27,43,127,96,171,141,98,114,64,79,179,47,88,5,186,199,83,153,197,24,150,10,185,62,120,178,105,44,48,146];True
3257;6922;10179;[16,194,180,41,187,117,2,169,172,132,166,22,195,112,8,184,191,93,66,157,20,188,87,37,174,149,167,61,45,138,104,125,78,128,42,57,3,121,162,126,143,160,91,1,33,124,94,196,130,103,140,17,82,23,189,81,0,85,19,26,176,46,9,142,170,95,38,139,144,63,51,56,21,92,147,4,84,67,32,72,163,25,70,74,198,173,113,190,156,71,165,193,168,31,6,18,131,110,101,59,80,100,30,134,148,11,97,58,175,151,7,77,181,68,123,89,137,158,54,52,12,49,39,107,55,14,13,111,119,145,75,129,15,135,53,183,69,159,164,90,28,155,73,99,106,136,115,152,35,161,102,86,133,76,122,116,65,118,109,50,34,108,192,40,36,182,29,154,60,177,27,43,127,96,171,141,98,114,64,79,179,47,88,5,186,199,83,153,197,24,150,10,185,62,120,178,105,44,48,146];True
3333;6916;10249;[16,194,180,41,187,117,2,169,172,132,166,22,195,112,8,184,191,93,66,157,20,188,87,37,174,149,167,61,45,138,104,125,78,128,42,57,3,121,162,126,143,160,91,77,33,124,94,196,130,103,140,17,82,23,189,81,0,85,19,26,176,46,9,142,170,95,40,139,144,63,51,56,21,92,147,4,84,67,32,72,163,25,70,74,198,173,113,190,156,71,165,193,168,31,6,18,131,110,101,59,80,100,30,134,148,11,97,58,175,151,7,1,181,68,123,89,137,158,54,52,12,49,39,107,55,14,13,111,119,145,75,129,15,135,53,183,69,159,164,90,28,155,73,99,106,136,115,152,35,161,102,86,133,76,122,116,65,118,109,50,34,108,192,38,36,182,29,154,60,177,27,43,127,96,171,141,98,114,64,79,179,47,88,5,186,199,83,153,197,24,150,10,185,62,120,178,105,44,48,146];True
1450;8810;10260;[93,113,61,19,64,101,110,175,145,143,160,105,174,118,48,99,141,86,45,15,173,18,25,115,24,197,26,9,77,20,129,72,147,65,87,106,196,22,38,14,2,1,75,12,165,153,122,127,39,73,6,76,50,51,74,100,30,134,137,187,181,82,23,151,54,158,121,92,49,112,31,142,81,52,108,53,183,83,7,79,185,148,167,189,59,36,46,5,27,133,96,157,138,41,152,56,66,126,198,159,140,182,178,29,154,156,117,71,69,190,43,128,85,164,111,192,40,124,150,139,33,13,172,195,10,78,60,35,88,135,34,194,130,171,116,57,186,98,84,89,162,146,119,28,4,97,131,67,199,62,102,120,3,114,55,155,184,161,80,58,177,169,191,11,104,193,163,170,95,91,90,125,149,32,68,63,37,109,0,94,8,16,136,144,70,168,17,103,21,180,107,188,179,176,42,47,132,166,123,44];True
1445;8819;10264;[14,113,61,19,64,101,110,175,145,143,160,105,93,118,48,99,141,86,45,15,173,18,25,115,24,197,26,9,77,20,129,72,147,65,87,106,196,22,38,174,1,2,75,12,165,153,122,127,39,73,6,76,50,51,74,100,30,134,137,187,181,82,23,151,54,158,121,92,49,112,31,142,81,52,108,53,183,83,7,79,185,148,167,189,59,36,46,5,27,133,96,157,138,41,152,56,66,126,198,159,140,182,178,29,154,156,117,71,69,190,43,128,85,164,111,192,40,124,150,139,33,13,172,195,10,78,60,35,88,135,34,194,130,171,116,57,186,98,84,89,162,146,119,28,4,97,131,67,199,62,102,120,3,114,55,155,184,161,80,58,177,169,191,11,104,193,163,170,95,91,90,125,149,32,68,63,37,109,0,94,8,16,136,144,70,168,17,103,21,180,107,188,179,176,42,47,132,166,123,44];True
1472;8795;10267;[93,113,61,19,64,101,110,175,145,143,160,105,174,118,48,99,141,86,45,15,173,18,25,115,24,197,26,9,77,20,129,72,147,65,87,106,196,22,38,14,2,1,75,12,165,153,122,127,39,73,6,76,50,51,74,100,30,134,137,187,181,82,23,151,54,158,121,92,49,112,31,142,81,52,108,53,183,83,7,79,185,148,167,189,59,36,46,5,27,133,96,157,138,41,152,56,66,126,198,159,140,182,111,29,154,156,117,71,69,190,43,128,85,164,178,192,40,124,150,139,33,13,172,195,10,78,60,35,88,135,34,194,130,171,116,57,186,98,84,89,162,146,119,28,4,97,131,67,199,62,102,120,3,114,55,155,184,161,80,58,177,169,191,11,104,193,163,170,95,91,90,125,149,32,68,63,37,109,0,94,8,16,136,144,70,168,17,103,21,180,107,188,179,176,42,47,132,166,123,44];True
1469;8798;10267;[14,113,61,19,64,101,110,175,145,143,160,105,93,118,48,99,141,86,45,15,173,18,25,115,24,197,26,9,77,20,129,72,147,65,87,106,196,22,38,174,1,2,75,12,165,153,122,127,39,73,6,76,50,51,74,100,30,134,137,187,181,82,23,151,54,158,121,92,49,112,31,142,81,52,108,53,183,83,7,79,185,148,167,189,59,36,46,5,27,133,96,157,138,41,152,56,66,126,198,159,140,182,111,29,154,156,117,71,69,190,43,128,85,164,178,192,40,124,150,139,33,13,172,195,10,78,60,35,88,135,34,194,130,171,116,57,186,98,84,89,162,146,119,28,4,97,131,67,199,62,102,120,3,114,55,155,184,161,80,58,177,169,191,11,104,193,163,170,95,91,90,125,149,32,68,63,37,109,94,0,8,16,136,144,70,168,17,103,21,180,107,188,179,176,42,47,132,166,123,44];True
1467;8804;10271;[14,113,61,19,64,101,110,175,145,143,160,105,93,118,48,99,141,86,45,15,173,18,25,115,24,197,26,9,77,20,129,72,147,65,87,106,196,22,38,174,1,2,75,12,165,153,122,127,39,73,6,76,50,51,74,100,30,134,137,187,181,82,23,151,54,158,121,92,49,112,31,142,81,52,108,53,183,83,7,79,185,148,167,189,59,36,46,5,27,133,96,157,138,41,152,56,66,126,198,159,140,182,111,29,154,156,117,71,69,190,43,128,85,164,178,192,40,124,150,139,33,13,172,195,10,78,60,35,88,135,34,194,130,171,116,57,186,98,84,89,162,146,119,28,4,97,131,67,199,62,102,120,3,114,55,155,184,161,80,58,177,169,191,11,104,193,163,170,95,91,90,125,149,32,68,63,37,109,0,94,8,16,136,144,70,168,17,103,21,180,107,188,179,176,42,47,132,166,123,44];True
1412;8886;10298;[194,113,61,19,64,101,100,0,94,143,160,105,174,118,48,99,141,86,45,15,173,18,25,115,24,197,26,9,7,20,129,72,147,65,87,106,196,22,38,34,3,2,75,12,165,153,122,127,39,73,6,76,50,53,93,110,30,134,137,111,181,82,23,151,54,158,121,92,49,112,187,142,81,52,108,74,183,83,17,79,185,148,167,189,59,36,46,5,27,133,96,157,138,41,152,56,66,126,198,159,140,182,51,29,154,156,117,71,69,190,43,128,85,164,178,192,40,124,150,139,33,13,172,195,10,78,60,35,88,135,14,31,130,171,116,57,186,98,84,89,162,146,119,28,4,97,131,67,199,62,102,120,1,114,55,155,184,161,80,58,177,169,191,11,104,193,163,170,95,91,90,125,149,32,68,63,37,109,175,145,8,16,136,144,70,168,77,103,21,180,107,188,179,176,42,47,132,166,123,44];True
3436;6914;10350;[198,188,87,132,130,5,42,22,38,178,192,89,18,181,68,48,63,118,44,140,124,94,75,36,145,196,167,61,45,138,65,82,187,128,134,195,33,183,162,126,143,160,91,6,77,149,189,148,173,103,123,17,84,122,12,97,0,85,19,26,176,116,16,49,170,95,113,93,66,135,53,56,21,92,147,3,32,165,169,142,163,25,70,90,41,88,40,37,156,71,8,184,168,31,72,78,131,110,101,59,80,100,30,52,182,139,125,58,151,54,197,1,117,98,157,136,137,158,175,2,193,172,39,107,55,14,13,111,114,119,67,129,15,9,28,105,69,159,164,190,109,155,146,99,106,4,115,152,35,161,102,186,133,76,112,104,74,194,34,108,51,50,73,174,23,20,29,154,60,179,27,43,127,96,171,141,11,57,64,79,177,47,166,83,86,199,81,153,7,24,150,10,185,62,120,144,46,180,191,121];True
3462;6902;10364;[198,188,87,132,130,5,42,22,38,178,192,89,18,181,68,48,63,118,44,140,124,94,75,36,145,196,167,61,45,138,65,82,187,128,134,195,33,183,162,126,143,160,91,6,77,149,189,148,173,103,123,17,84,122,12,97,0,85,19,26,176,116,16,49,170,95,113,93,66,135,53,56,21,92,147,3,32,165,169,142,163,25,70,90,41,88,40,37,156,71,8,184,168,31,72,78,131,110,101,59,80,100,30,52,182,139,125,58,151,175,197,1,117,98,157,136,137,158,54,2,193,172,39,107,55,14,13,111,114,119,67,129,15,9,28,105,69,159,164,190,109,155,146,99,106,4,115,152,35,161,102,186,133,76,112,104,74,194,34,108,51,50,73,174,23,20,29,154,60,177,27,43,127,96,171,141,11,57,64,79,179,47,166,83,86,199,81,153,7,24,150,10,185,62,120,144,46,180,191,121];True
1409;8966;10375;[124,94,61,19,49,145,100,0,101,174,118,10,113,196,48,99,141,86,45,15,173,18,25,115,24,197,26,9,7,20,129,72,147,65,87,106,130,22,38,34,3,2,75,12,165,153,122,127,39,73,92,178,50,53,93,110,30,134,137,111,181,82,23,109,54,158,121,6,64,112,187,142,81,52,108,74,183,83,17,79,185,148,167,189,59,36,46,5,27,133,96,157,138,41,152,56,66,126,198,159,140,182,51,29,154,156,160,71,69,190,43,128,85,164,76,192,40,37,150,139,33,13,172,195,117,78,60,35,88,135,105,194,31,171,116,57,186,98,84,89,162,146,119,28,4,97,131,67,199,62,102,120,1,114,55,155,184,161,80,58,177,169,191,11,104,193,163,170,95,91,90,125,149,32,68,63,14,151,175,143,8,16,136,144,70,168,77,103,21,180,107,188,179,176,42,47,132,166,123,44];True
1406;8972;10378;[124,94,61,19,49,54,100,0,101,174,118,10,113,196,48,99,141,86,45,15,173,18,25,115,24,197,26,9,7,20,129,72,147,65,87,106,130,22,38,34,3,2,75,12,165,153,122,127,39,73,92,178,50,53,93,110,30,134,137,111,181,82,23,109,145,158,121,6,64,112,187,142,81,52,108,74,183,83,17,79,185,148,167,189,59,36,46,5,27,133,96,157,138,41,152,56,66,126,198,159,140,182,51,29,154,156,160,71,69,190,43,128,85,164,76,192,40,37,150,139,33,13,172,195,117,78,60,35,88,135,105,194,31,171,116,57,186,98,84,89,162,146,119,28,4,97,131,67,199,62,102,120,1,114,55,155,184,161,80,58,177,169,191,11,104,193,163,170,95,91,90,125,149,32,68,63,14,151,175,143,8,16,136,144,70,168,77,103,21,180,107,188,179,176,42,47,132,166,123,44];True
1402;8988;10390;[14,94,61,19,49,145,100,0,101,174,118,10,113,196,48,99,141,86,45,15,173,18,25,115,24,197,26,9,7,20,129,72,147,65,92,106,130,22,38,34,3,2,75,12,165,153,122,127,39,73,87,76,50,53,93,110,30,134,137,111,181,82,23,109,54,158,121,6,64,112,187,142,81,52,108,74,183,83,17,79,185,195,167,189,59,36,46,5,27,133,96,157,138,41,152,56,66,126,198,159,140,182,51,29,154,156,160,71,69,190,43,128,85,164,178,192,40,124,150,139,33,13,172,148,117,78,60,35,88,135,105,194,31,171,116,57,186,98,84,89,162,146,119,28,4,97,131,67,199,62,102,120,1,114,55,155,184,161,80,58,177,169,191,11,104,193,163,170,95,91,90,125,149,32,68,63,37,151,175,143,8,16,136,144,70,168,77,103,21,180,107,188,179,176,42,47,132,166,123,44];True
1398;9000;10398;[37,94,61,19,49,54,100,0,101,174,118,10,113,196,48,99,141,86,45,15,173,18,25,115,24,197,26,127,7,20,129,72,147,65,87,106,130,22,38,34,3,2,75,12,165,153,122,164,39,73,92,76,50,53,93,110,30,134,137,111,181,82,23,109,145,158,121,6,64,112,187,142,81,52,108,74,183,83,17,79,185,148,167,189,59,36,46,5,27,133,96,157,138,41,152,56,66,126,198,159,140,182,51,29,154,156,160,71,69,190,43,128,85,9,178,192,40,124,150,139,33,13,172,195,117,78,60,35,88,135,105,194,31,171,116,57,186,98,84,89,162,146,119,28,4,97,131,67,199,62,102,120,1,114,55,155,184,161,80,58,177,169,191,11,104,193,163,170,95,91,90,125,149,32,68,63,14,151,175,143,8,16,136,144,70,168,77,103,21,180,107,188,179,176,42,47,132,166,123,44];True
3508;6895;10403;[20,190,188,93,130,5,179,47,57,3,192,89,18,181,68,48,63,118,44,140,124,94,75,36,145,196,113,61,45,138,65,82,187,128,134,195,33,183,162,126,143,160,91,6,77,149,199,166,173,103,168,17,84,122,2,97,0,85,19,26,176,116,142,49,170,95,167,87,66,135,74,56,21,92,147,67,32,165,169,23,163,25,70,90,41,88,164,37,156,71,8,184,123,146,72,78,131,110,101,59,80,100,30,114,182,139,125,58,151,175,197,1,117,98,157,136,137,158,54,12,193,172,39,107,55,14,13,111,52,40,132,129,15,9,28,105,69,159,38,144,109,155,73,99,106,4,115,152,35,161,102,186,133,76,112,104,31,53,34,108,51,50,198,174,16,194,29,154,60,177,27,43,127,96,171,141,11,22,64,79,42,119,148,83,86,189,81,153,7,24,150,10,185,62,120,178,46,180,191,121];True
1391;9020;10411;[14,94,61,19,49,54,100,0,101,174,118,10,113,196,48,99,141,86,45,15,173,18,25,115,24,197,26,127,7,20,129,72,147,65,87,106,130,22,38,34,3,2,75,12,165,153,122,164,39,73,92,76,50,53,93,110,30,134,137,111,181,82,23,109,145,158,121,6,64,112,187,142,81,52,108,74,183,83,17,79,185,148,167,189,59,36,46,5,27,133,96,157,138,41,152,56,66,126,198,159,140,182,51,29,154,156,160,71,69,190,43,128,85,9,178,192,40,124,150,139,33,13,172,195,117,78,60,35,88,135,105,194,31,171,116,57,186,98,84,89,162,146,119,28,4,97,131,67,199,62,102,120,1,114,55,155,184,161,80,58,177,169,191,11,104,193,163,170,95,91,90,125,149,32,68,63,37,151,175,143,8,16,136,144,70,168,77,103,21,180,107,188,179,176,42,47,132,166,123,44];True
3529;6892;10421;[20,190,188,93,130,5,179,47,57,3,192,89,18,181,68,48,63,118,44,140,124,94,75,36,145,196,113,61,45,138,65,82,187,128,134,195,33,183,162,126,143,160,91,6,77,149,132,166,173,103,168,17,84,122,2,97,0,85,19,26,176,116,142,49,170,95,167,87,66,135,74,56,21,92,147,67,32,165,169,23,163,25,70,90,41,88,164,37,156,71,8,184,123,146,72,78,131,110,101,59,80,100,30,114,182,139,125,58,151,175,197,1,117,98,157,136,137,158,54,12,193,172,39,107,55,14,13,111,52,40,189,129,15,9,28,105,69,159,38,144,109,155,73,99,106,4,115,152,35,161,102,186,133,76,112,104,31,53,34,108,51,50,198,174,16,194,29,154,60,177,27,43,127,96,171,141,11,22,64,79,42,119,148,83,86,199,81,153,7,24,150,10,185,62,120,178,46,180,191,121];True
3551;6874;10425;[20,190,188,93,130,5,179,47,57,3,192,89,18,181,68,48,63,118,44,140,124,94,75,36,145,196,113,61,45,138,65,82,187,128,134,195,33,183,162,126,143,160,91,6,77,149,189,7,173,103,168,17,84,122,2,97,0,85,19,26,176,116,142,49,170,95,167,87,66,135,74,56,21,92,147,67,32,165,169,23,163,25,70,90,41,88,164,37,156,71,8,184,123,146,72,78,131,110,101,59,80,100,30,114,182,139,125,58,151,175,197,1,117,98,157,136,137,158,54,12,193,172,39,107,55,14,13,111,52,40,132,129,15,9,28,105,69,159,38,144,109,155,73,99,106,4,115,152,35,161,102,186,133,76,112,104,31,53,34,108,51,50,198,174,16,194,29,154,60,177,27,43,127,96,171,141,11,22,64,79,42,119,148,83,86,199,81,153,166,24,150,10,185,62,120,178,46,180,191,121];True
3550;6887;10437;[20,190,188,93,130,5,42,119,132,142,28,115,101,181,68,48,63,118,44,140,124,94,75,36,145,196,113,61,45,65,123,82,187,128,134,195,33,183,162,126,143,160,91,6,77,149,189,148,173,144,168,17,84,122,2,97,0,85,19,26,176,3,89,49,170,95,38,87,66,135,74,56,21,92,147,67,32,165,169,23,163,25,70,90,41,88,164,37,156,71,8,184,138,109,72,78,131,110,167,59,80,100,30,114,182,139,125,58,151,175,197,1,117,98,157,136,137,158,54,57,193,172,39,107,55,14,13,111,52,18,12,129,15,9,103,105,69,159,40,116,146,155,73,99,106,4,192,152,35,161,102,186,133,76,112,104,31,53,34,108,51,50,198,174,16,194,29,154,60,179,27,43,127,96,171,141,11,22,64,79,177,47,166,83,86,199,81,153,7,24,150,10,185,62,120,178,46,180,191,121];True
3579;6864;10443;[20,190,188,87,130,5,42,119,57,3,192,89,18,181,68,48,63,118,44,140,124,94,75,36,145,196,113,61,45,138,65,82,187,128,134,195,33,183,162,126,143,160,91,6,149,77,132,166,173,103,168,17,84,122,2,97,0,85,19,26,176,116,142,49,170,95,167,93,66,135,74,56,21,92,147,67,32,165,169,23,163,25,70,90,41,88,164,37,156,71,8,184,123,146,72,78,131,110,101,59,80,100,30,114,182,139,125,58,151,175,197,1,117,98,157,136,137,158,54,12,193,172,39,107,55,14,13,111,52,40,189,129,15,9,28,105,69,159,38,144,109,155,73,99,106,4,115,152,35,161,102,186,133,76,112,104,31,53,34,108,51,50,198,174,16,194,29,154,60,177,27,43,127,96,171,141,11,22,64,79,179,47,148,83,86,199,81,153,7,24,150,10,185,62,120,178,46,180,191,121];True
3606;6853;10459;[20,190,188,87,130,5,179,47,57,3,192,89,18,181,68,48,63,118,44,140,124,94,75,36,145,196,113,61,45,138,65,82,187,128,134,195,33,183,162,126,143,160,91,6,77,149,189,7,173,103,168,17,84,122,2,97,0,85,19,26,176,116,142,49,170,95,167,93,66,135,74,56,21,92,147,67,32,165,169,23,163,25,70,90,41,88,164,37,156,71,8,184,123,146,72,78,131,110,101,59,80,100,30,114,182,139,125,58,151,175,197,1,117,98,157,136,137,158,54,12,193,172,39,107,55,14,13,111,52,40,132,129,15,9,28,105,69,159,38,144,109,155,73,99,106,4,115,152,35,161,102,186,133,76,112,104,31,53,34,108,51,50,198,174,16,194,29,154,60,177,27,43,127,96,171,141,11,22,64,79,42,119,148,83,86,199,81,153,166,24,150,10,185,62,120,178,46,180,191,121];True
3634;6847;10481;[73,74,188,87,130,5,141,119,132,89,115,116,18,181,68,48,63,118,44,140,124,94,75,36,145,196,113,61,45,138,65,82,187,128,134,195,33,183,162,126,143,160,91,6,77,149,189,148,173,103,123,168,84,122,12,97,0,85,19,26,176,3,136,49,170,95,167,93,66,135,20,56,21,92,147,67,32,165,169,23,163,25,70,90,41,88,164,37,156,71,8,184,190,109,72,78,131,110,101,59,80,100,30,114,182,139,125,58,151,175,197,1,117,98,157,142,137,158,54,57,193,172,39,107,55,14,13,111,52,40,2,129,15,9,28,105,69,159,38,144,146,155,31,99,106,4,192,152,35,161,102,186,133,76,112,104,17,53,34,108,51,50,198,174,16,194,29,154,60,177,27,43,127,96,171,179,11,22,64,79,42,47,166,83,86,199,81,153,7,24,150,10,185,62,120,178,46,180,191,121];True
3732;6846;10578;[73,74,188,87,130,5,141,119,132,142,192,103,18,181,68,48,63,118,44,140,124,94,75,36,145,196,113,61,45,138,65,82,187,128,134,195,33,183,162,126,143,160,91,6,77,149,189,148,173,116,123,168,84,122,2,97,0,85,19,26,176,3,89,49,170,95,167,93,66,135,20,56,21,92,147,67,32,165,169,23,163,25,70,90,41,88,164,37,156,71,8,184,190,109,72,78,131,110,101,59,80,100,30,114,182,139,125,58,151,175,197,1,117,98,157,136,137,158,54,57,193,172,39,107,55,14,13,111,52,40,12,129,15,9,28,105,69,159,38,144,146,155,31,99,106,4,115,152,35,161,102,186,133,76,112,104,17,53,34,108,51,50,198,174,16,194,29,154,60,177,27,43,127,96,171,179,11,22,64,79,42,47,166,83,86,199,81,153,7,24,150,10,185,62,120,178,46,180,191,121];True
3740;6845;10585;[31,74,188,87,130,5,141,119,132,89,115,103,18,181,68,48,63,118,44,140,124,94,75,36,145,196,113,61,45,138,65,82,187,128,134,195,33,183,162,126,143,160,91,6,77,149,189,148,173,116,123,168,84,122,2,97,0,85,19,26,176,3,136,49,170,95,167,93,66,135,20,56,21,92,147,67,32,165,169,23,163,25,70,90,41,88,164,37,156,71,8,184,190,109,72,78,131,110,101,59,80,100,30,114,182,139,125,58,151,175,197,1,117,98,157,142,137,158,54,57,193,172,39,107,55,14,13,111,52,40,12,129,15,9,28,105,69,159,38,144,146,155,73,99,106,4,192,152,35,161,102,186,133,76,112,104,17,53,34,108,51,50,198,174,16,194,29,154,60,177,27,43,127,96,171,179,11,22,64,79,42,47,166,83,86,199,81,153,7,24,150,10,185,62,120,178,46,180,191,121];True
3748;6841;10589;[73,74,188,87,130,5,141,119,132,89,115,103,18,181,68,48,63,118,44,140,124,94,75,36,145,196,113,61,45,138,65,82,187,128,134,195,33,183,162,126,143,160,91,6,77,149,189,148,173,116,123,168,84,122,2,97,0,85,19,26,176,3,136,49,170,95,167,93,66,135,20,56,21,92,147,67,32,165,169,23,163,25,70,90,41,88,164,37,156,71,8,184,190,109,72,78,131,110,101,59,80,100,30,114,182,139,125,58,151,175,197,1,117,98,157,142,137,158,54,57,193,172,39,107,55,14,13,111,52,40,12,129,15,9,28,105,69,159,38,144,146,155,31,99,106,4,192,152,35,161,102,186,133,76,112,104,17,53,34,108,51,50,198,174,16,194,29,154,60,177,27,43,127,96,171,179,11,22,64,79,42,47,166,83,86,199,81,153,7,24,150,10,185,62,120,178,46,180,191,121];True
1389;9201;10590;[41,196,48,10,78,145,100,129,8,94,112,1,189,72,105,99,141,17,45,15,173,18,25,120,24,197,26,9,77,20,67,118,147,65,87,106,130,22,38,34,3,2,75,86,165,153,122,127,39,73,6,76,50,53,93,110,30,134,91,12,181,82,23,151,54,158,121,92,117,98,187,142,81,52,108,74,183,83,7,79,185,148,167,61,59,36,46,5,27,133,96,157,138,178,152,56,66,126,198,159,174,19,131,29,154,156,160,71,69,190,43,128,85,164,111,192,40,124,150,139,33,13,172,195,182,37,60,35,88,135,140,194,31,171,116,57,186,113,84,89,162,146,119,28,4,97,51,0,199,62,102,115,14,114,55,155,184,161,80,58,177,169,191,11,104,193,163,170,95,137,90,125,149,32,68,63,49,109,175,143,101,16,136,144,70,168,64,103,21,180,107,188,179,176,42,47,132,166,123,44];True
3763;6839;10602;[73,74,188,87,130,5,141,119,132,142,115,103,18,181,68,48,63,118,44,140,124,94,75,36,145,196,113,61,45,138,65,82,187,128,134,195,33,183,162,126,143,160,91,6,77,149,189,148,173,116,123,168,84,122,2,97,0,85,19,26,176,3,89,49,170,95,167,93,66,135,20,56,21,92,147,67,32,165,169,23,163,25,70,90,41,88,164,37,156,71,8,184,190,109,72,78,131,110,101,59,80,100,30,114,182,139,125,58,151,175,197,1,117,98,157,136,137,158,54,57,193,172,39,107,55,14,13,111,52,40,12,129,15,9,28,105,69,159,38,144,146,155,31,99,106,4,192,152,35,161,102,186,133,76,112,104,17,53,34,108,51,50,198,174,16,194,29,154,60,177,27,43,127,96,171,179,11,22,64,79,42,47,166,83,86,199,81,153,7,24,150,10,185,62,120,178,46,180,191,121];True
3790;6814;10604;[168,20,188,87,130,5,42,47,132,89,115,152,18,181,68,48,63,118,44,140,124,94,75,36,145,196,113,61,45,138,65,82,187,128,134,195,33,183,162,126,143,160,91,6,77,149,189,148,173,116,123,17,84,122,12,97,0,85,19,26,176,3,136,49,170,95,167,93,66,135,53,56,21,92,147,67,32,165,169,23,163,25,70,90,41,88,164,37,156,71,8,184,190,109,72,78,131,110,101,59,80,100,30,114,182,139,125,58,151,175,197,1,117,98,157,142,137,158,54,57,193,172,39,107,55,14,13,111,52,40,2,129,15,9,28,105,69,159,38,144,146,155,73,99,106,4,192,103,35,161,102,186,133,76,112,104,31,74,34,108,51,50,198,174,16,194,29,154,60,179,27,43,127,96,171,141,11,22,64,79,177,199,166,83,86,119,81,153,7,24,150,10,185,62,120,178,46,180,191,121];True
3774;6838;10612;[73,74,188,87,130,5,42,119,132,89,115,103,18,181,68,48,63,118,44,140,124,94,75,36,145,196,113,61,45,138,65,82,187,128,134,195,33,183,162,126,143,160,91,6,77,149,189,148,173,116,123,168,84,122,2,97,0,85,19,26,176,3,136,49,170,95,167,93,66,135,20,56,21,92,147,67,32,165,169,23,163,25,70,90,41,88,164,37,156,71,8,184,190,109,72,78,131,110,101,59,80,100,30,114,182,139,125,58,151,175,197,1,117,98,157,142,137,158,54,57,193,172,39,107,55,14,13,111,52,40,12,129,15,9,28,105,69,159,38,144,146,155,31,99,106,4,192,152,35,161,102,186,133,76,112,104,17,53,34,108,51,50,198,174,16,194,29,154,60,177,27,43,127,96,171,179,11,22,64,79,141,47,166,83,86,199,81,153,7,24,150,10,185,62,120,178,46,180,191,121];True
3789;6836;10625;[73,74,188,87,130,5,42,119,132,142,115,103,18,181,68,48,63,118,44,140,124,94,75,36,145,196,113,61,45,138,65,82,187,128,134,195,33,183,162,126,143,160,91,6,77,149,189,148,173,116,123,168,84,122,2,97,0,85,19,26,176,3,89,49,170,95,167,93,66,135,20,56,21,92,147,67,32,165,169,23,163,25,70,90,41,88,164,37,156,71,8,184,190,109,72,78,131,110,101,59,80,100,30,114,182,139,125,58,151,175,197,1,117,98,157,136,137,158,54,57,193,172,39,107,55,14,13,111,52,40,12,129,15,9,28,105,69,159,38,144,146,155,31,99,106,4,192,152,35,161,102,186,133,76,112,104,17,53,34,108,51,50,198,174,16,194,29,154,60,177,27,43,127,96,171,179,11,22,64,79,141,47,166,83,86,199,81,153,7,24,150,10,185,62,120,178,46,180,191,121];True
3908;6807;10715;[20,188,184,87,130,5,42,47,2,89,115,152,18,181,68,48,63,118,44,140,124,94,75,36,145,196,113,61,45,138,65,82,187,128,134,195,33,183,162,126,143,160,91,6,77,149,189,148,173,116,123,17,84,122,12,97,0,85,19,26,176,3,136,49,170,95,167,93,66,135,53,56,21,92,147,67,32,165,169,23,163,25,70,90,41,88,164,37,156,71,8,168,190,109,72,78,131,110,101,59,80,100,30,114,182,139,125,58,151,175,197,1,117,98,157,142,137,158,54,57,193,172,39,107,55,14,13,111,52,40,132,129,15,9,28,105,69,159,38,144,146,155,73,99,106,4,192,103,35,161,102,186,133,76,112,104,31,74,34,108,51,50,198,174,16,194,29,154,60,179,27,43,127,96,171,141,11,22,64,79,177,199,166,83,86,119,81,153,7,24,150,10,185,62,120,178,46,180,191,121];True
3919;6798;10717;[74,20,188,87,130,5,42,47,132,89,115,152,18,181,68,48,63,118,44,140,124,94,75,36,145,196,113,61,45,138,65,82,187,128,134,195,33,183,162,126,143,160,91,6,77,149,189,148,173,116,123,17,84,122,2,97,0,85,19,26,176,3,136,49,170,95,167,93,66,135,168,56,21,92,147,67,32,165,169,23,163,25,70,90,41,88,164,37,156,71,8,184,190,109,72,78,131,110,101,59,80,100,30,114,182,139,125,58,151,175,197,1,117,98,157,142,137,158,54,57,193,172,39,107,55,14,13,111,52,40,12,129,15,9,28,105,69,159,38,144,146,155,73,99,106,4,192,103,35,161,102,186,133,76,112,104,31,53,34,108,51,50,198,174,16,194,29,154,60,179,27,43,127,96,171,141,11,22,64,79,177,199,166,83,86,119,81,153,7,24,150,10,185,62,120,178,46,180,191,121];True
3961;6792;10753;[74,20,188,87,130,5,42,47,132,89,115,152,18,181,68,48,63,118,44,140,124,94,75,36,145,196,113,61,45,138,65,82,187,128,134,195,33,183,162,126,143,160,91,6,77,149,189,148,173,116,123,17,84,122,2,97,0,85,19,26,176,3,136,49,170,95,167,93,66,135,53,56,21,92,147,67,32,165,169,23,163,25,70,90,41,88,164,37,156,71,8,184,190,109,72,78,131,110,101,59,80,100,30,114,182,139,125,58,151,175,197,1,117,98,157,142,137,158,54,57,193,172,39,107,55,14,13,111,52,40,12,129,15,9,28,105,69,159,38,144,146,155,73,99,106,4,192,103,35,161,102,186,133,76,112,104,31,168,34,108,51,50,198,174,16,194,29,154,60,179,27,43,127,96,171,141,11,22,64,79,177,199,166,83,86,119,81,153,7,24,150,10,185,62,120,178,46,180,191,121];True
4077;6791;10868;[168,20,188,87,130,5,42,47,26,89,115,152,18,181,68,48,63,118,44,140,124,94,196,36,145,75,113,61,45,138,65,82,187,128,134,195,33,183,162,126,143,160,91,6,77,149,189,148,173,116,123,17,84,122,2,97,0,85,19,132,176,3,136,49,170,95,167,93,66,135,53,56,21,92,147,67,32,165,169,23,163,25,70,90,41,88,164,37,156,71,8,184,190,109,72,78,131,110,101,59,80,100,30,114,182,139,125,58,151,175,197,1,117,98,157,142,137,158,54,57,193,172,39,107,55,14,13,111,52,40,12,129,15,9,28,105,69,159,38,144,146,155,73,99,106,4,192,103,35,161,102,186,133,76,112,104,31,74,34,108,51,50,198,174,16,194,29,154,60,179,27,43,127,96,171,141,11,22,64,79,177,199,166,83,86,119,81,153,7,24,150,10,185,62,120,178,46,180,191,121];True
4121;6771;10892;[74,20,188,87,130,5,42,47,26,89,115,152,18,181,68,48,63,118,44,140,124,94,196,36,145,75,113,61,45,138,65,82,187,128,134,195,33,183,162,126,143,160,91,6,77,149,189,148,173,116,123,17,84,122,2,97,0,85,19,132,176,3,136,49,170,95,167,93,66,135,168,56,21,92,147,67,32,165,169,23,163,25,70,90,41,88,164,37,156,71,8,184,190,109,72,78,131,110,101,59,80,100,30,114,182,139,125,58,151,175,197,1,117,98,157,142,137,158,54,57,193,172,39,107,55,14,13,111,52,40,12,129,15,9,28,105,69,159,38,144,146,155,73,99,106,4,192,103,35,161,102,186,133,76,112,104,31,53,34,108,51,50,198,174,16,194,29,154,60,179,27,43,127,96,171,141,11,22,64,79,177,199,166,83,86,119,81,153,7,24,150,10,185,62,120,178,46,180,191,121];True
4106;6787;10893;[73,20,188,87,130,5,42,47,132,89,115,152,18,181,68,48,63,118,44,140,124,94,75,36,145,196,113,61,45,138,65,82,187,128,134,195,33,183,162,126,143,160,91,6,77,149,189,148,173,116,123,17,84,122,2,97,0,85,19,26,176,3,136,49,170,95,167,93,66,135,53,56,21,92,147,67,32,165,169,23,163,25,70,90,41,88,164,37,156,71,8,184,190,109,72,78,131,110,101,59,80,100,30,114,182,139,125,58,151,175,197,1,117,98,157,142,137,158,54,57,193,172,39,107,55,14,13,111,52,40,12,129,15,9,28,105,69,159,38,144,146,155,168,99,106,4,192,103,35,161,102,186,133,76,112,104,31,74,34,108,51,50,198,174,16,194,29,154,60,179,27,43,127,96,171,141,11,22,64,79,177,199,166,83,86,119,81,153,7,24,150,10,185,62,120,178,46,180,191,121];True
4117;6780;10897;[73,146,118,87,130,5,42,47,26,89,115,152,86,181,68,48,99,155,44,140,124,94,75,36,145,196,113,61,45,138,65,82,187,76,134,195,33,183,162,126,143,160,91,6,77,149,189,148,173,116,123,17,84,122,2,97,0,85,19,132,176,3,136,49,170,95,167,93,66,135,53,56,21,92,147,67,32,165,169,23,163,25,70,90,41,88,164,37,156,71,8,184,190,109,72,78,131,110,101,59,80,100,30,114,182,139,125,58,151,175,197,1,117,98,157,142,137,158,54,57,193,172,39,107,55,14,13,111,52,40,12,129,15,9,28,105,69,159,38,144,20,188,168,63,106,4,192,103,35,161,102,186,133,18,112,104,31,74,34,108,51,50,198,174,16,194,29,154,60,179,27,43,127,96,171,141,11,22,64,79,177,199,166,83,128,119,81,153,7,24,150,10,185,62,120,178,46,180,191,121];True
4221;6770;10991;[50,20,188,87,130,5,42,47,26,89,115,152,18,181,68,48,63,118,44,140,124,94,196,36,145,75,113,61,45,138,65,82,187,128,134,195,33,183,162,126,143,160,91,6,77,149,189,148,173,116,123,17,84,122,2,97,0,85,19,132,176,3,136,49,170,95,167,93,66,135,168,56,21,92,147,67,32,165,169,23,163,25,70,90,41,88,164,37,156,71,8,184,190,109,72,78,131,110,101,59,80,100,30,114,182,139,125,58,151,175,197,1,117,98,157,142,137,158,54,57,193,172,39,107,55,14,13,111,52,40,12,129,15,9,28,105,69,159,38,144,146,155,73,99,74,4,192,103,35,161,102,186,133,76,112,104,31,53,34,108,51,106,198,174,16,194,29,154,60,179,27,43,127,96,171,141,11,22,64,79,177,199,166,83,86,119,81,153,7,24,150,10,185,62,120,178,46,180,191,121];True
4289;6766;11055;[73,20,188,87,130,5,42,47,26,89,115,152,18,181,68,48,63,118,44,140,124,94,196,36,145,75,113,61,45,138,65,82,187,128,134,195,33,183,162,126,143,160,91,6,77,149,189,148,173,116,123,168,84,122,2,97,0,85,19,132,176,3,136,49,170,95,167,93,66,135,53,56,21,92,147,67,32,165,169,23,163,25,70,90,41,88,164,37,156,71,8,184,190,109,72,78,131,110,101,59,80,100,30,114,182,139,125,58,151,175,197,1,117,98,157,142,137,158,54,57,193,172,39,107,55,14,13,111,52,40,12,129,15,9,28,105,69,159,38,144,146,155,17,99,106,4,192,103,35,161,102,186,133,76,112,104,31,74,34,108,51,50,198,174,16,194,29,154,60,179,27,43,127,96,171,141,11,22,64,79,177,199,166,83,86,119,81,153,7,24,150,10,185,62,120,178,46,180,191,121];True
4304;6765;11069;[73,146,155,87,130,5,42,47,26,89,115,152,86,181,68,48,63,118,44,140,124,94,75,36,145,117,113,61,45,138,65,82,187,76,134,195,33,183,190,126,143,160,91,6,77,149,189,148,173,116,123,17,84,122,2,97,0,85,19,132,176,3,136,49,170,95,167,93,66,135,53,56,21,92,147,67,32,165,169,23,163,25,70,90,41,88,164,37,156,71,8,184,162,109,72,78,131,110,101,59,80,100,30,114,182,139,125,58,151,175,197,1,196,98,157,142,137,158,54,57,193,172,39,107,55,14,13,111,52,40,12,129,15,9,28,105,69,159,38,144,20,188,168,99,106,4,192,103,35,161,102,186,133,18,112,104,31,74,34,108,51,50,198,174,16,194,29,154,60,179,27,43,127,96,171,141,11,22,64,79,177,199,166,83,128,119,81,153,7,24,150,10,185,62,120,178,46,180,191,121];True
4331;6753;11084;[73,20,188,87,130,5,42,47,26,89,75,152,18,181,68,48,63,118,44,140,124,94,196,36,145,115,113,61,45,138,65,82,187,128,134,195,33,183,162,126,143,160,91,6,77,149,189,148,173,116,123,168,84,122,2,97,0,85,19,132,176,3,136,49,170,95,167,93,66,135,53,56,21,92,147,67,32,165,169,23,163,25,70,90,41,88,164,37,156,71,8,184,190,109,72,78,131,110,101,59,80,100,30,114,182,139,125,58,151,175,197,1,117,98,157,142,137,158,54,57,193,172,39,107,55,14,13,111,52,40,12,129,15,9,28,105,69,159,38,144,146,155,17,99,106,4,192,103,35,161,102,186,133,76,112,104,31,74,34,108,51,50,198,174,16,194,29,154,60,179,27,43,127,96,171,141,11,22,64,79,177,199,166,83,86,119,81,153,7,24,150,10,185,62,120,178,46,180,191,121];True
4432;6749;11181;[73,20,188,87,130,5,179,47,26,89,75,152,18,181,68,48,63,118,44,140,124,94,196,36,145,115,113,61,45,138,65,82,187,128,134,195,33,183,162,126,143,160,91,6,77,149,189,148,173,116,123,168,84,122,2,97,0,85,19,132,176,3,136,49,170,95,167,93,66,135,53,56,21,92,147,67,32,165,169,23,163,25,70,90,41,88,164,37,156,71,8,184,190,109,72,78,131,110,101,59,80,100,30,114,182,139,125,58,151,175,197,1,117,98,157,142,137,158,54,57,193,172,39,107,55,14,13,111,52,40,12,129,15,9,28,105,69,159,38,144,146,155,17,99,106,4,192,103,35,161,102,186,133,76,112,104,31,74,34,108,51,50,198,174,16,194,29,154,60,42,27,43,127,96,171,141,11,22,64,79,177,199,166,83,86,119,81,153,7,24,150,10,185,62,120,178,46,180,191,121];True
4573;6748;11321;[50,20,188,87,130,5,179,47,26,89,75,152,18,181,68,48,63,118,44,140,124,94,196,36,145,115,113,61,45,138,65,82,187,128,134,195,33,183,162,126,143,160,91,6,77,149,189,148,173,116,123,168,84,122,2,97,0,85,19,132,176,3,136,49,170,95,167,93,66,135,53,56,21,92,147,67,32,165,169,23,163,25,70,90,41,88,164,37,156,71,8,184,190,109,72,78,131,110,101,59,80,100,30,114,182,139,125,58,151,175,197,1,117,98,157,142,137,158,54,57,193,172,39,107,55,14,13,111,52,40,12,129,15,9,28,105,69,159,38,144,146,155,17,99,106,4,192,103,35,161,102,186,133,76,112,104,31,74,34,108,51,73,198,174,16,194,29,154,60,42,27,43,127,96,171,141,11,22,64,79,177,199,166,83,86,119,81,153,7,24,150,10,185,62,120,178,46,180,191,121];True
4577;6746;11323;[73,20,188,61,130,5,42,47,26,89,75,152,18,181,68,48,63,118,44,140,124,94,196,36,145,115,113,87,45,138,65,82,187,128,134,195,33,183,162,126,143,160,91,6,77,149,189,148,173,116,123,168,84,122,2,97,0,85,19,132,176,3,136,49,170,95,167,93,66,135,53,56,21,92,147,67,32,165,169,23,163,25,70,90,41,88,164,37,156,71,8,184,190,109,72,78,131,110,101,59,80,100,30,114,182,139,125,58,151,175,197,1,117,98,157,142,137,158,54,57,193,172,39,107,55,14,13,111,52,40,12,129,15,9,28,105,69,159,38,144,146,155,17,99,106,4,192,103,35,161,102,186,133,76,112,104,31,74,34,108,51,50,198,174,16,194,29,154,60,179,27,43,127,96,171,141,11,22,64,79,177,199,166,83,86,119,81,153,7,24,150,10,185,62,120,178,46,180,191,121];True
4678;6742;11420;[73,20,188,61,130,5,179,47,26,89,75,152,18,181,68,48,63,118,44,140,124,94,196,36,145,115,113,87,45,138,65,82,187,128,134,195,33,183,162,126,143,160,91,6,77,149,189,148,173,116,123,168,84,122,2,97,0,85,19,132,176,3,136,49,170,95,167,93,66,135,53,56,21,92,147,67,32,165,169,23,163,25,70,90,41,88,164,37,156,71,8,184,190,109,72,78,131,110,101,59,80,100,30,114,182,139,125,58,151,175,197,1,117,98,157,142,137,158,54,57,193,172,39,107,55,14,13,111,52,40,12,129,15,9,28,105,69,159,38,144,146,155,17,99,106,4,192,103,35,161,102,186,133,76,112,104,31,74,34,108,51,50,198,174,16,194,29,154,60,42,27,43,127,96,171,141,11,22,64,79,177,199,166,83,86,119,81,153,7,24,150,10,185,62,120,178,46,180,191,121];True
4698;6740;11438;[198,174,190,10,130,5,134,120,26,145,115,152,186,7,15,51,106,20,44,140,124,168,74,136,125,6,113,61,45,138,123,82,187,128,171,195,33,94,118,126,143,160,91,75,77,149,189,148,173,116,65,4,84,122,2,97,0,85,18,132,176,3,196,49,170,95,167,93,66,135,48,50,21,92,147,67,32,165,169,23,163,25,70,90,41,88,146,37,156,71,8,184,162,109,72,78,131,110,101,59,80,100,30,114,182,139,36,58,151,175,197,1,117,98,157,142,137,158,54,57,193,172,39,107,55,14,13,111,52,40,87,181,68,9,28,105,69,159,38,144,56,63,73,99,155,178,192,103,35,161,102,12,133,76,112,104,31,183,34,108,188,164,53,17,16,194,29,154,60,179,27,43,127,96,42,141,11,22,64,79,177,199,166,83,86,119,81,153,129,24,150,19,185,62,47,89,46,180,191,121];True
4701;6739;11440;[198,174,118,10,130,5,134,120,26,145,115,152,186,7,15,51,106,20,44,140,124,168,74,136,125,6,113,61,45,138,123,82,187,128,171,195,33,94,190,126,143,160,91,75,77,149,189,148,173,116,65,4,84,122,2,97,0,85,18,132,176,3,196,49,170,95,167,93,66,135,48,50,21,92,147,67,32,165,169,23,163,25,70,90,41,88,146,37,156,71,8,184,162,109,72,78,131,110,101,59,80,100,30,114,182,139,36,58,151,175,197,1,117,98,157,142,137,158,54,57,193,172,39,107,55,14,13,111,52,40,87,181,68,9,28,105,69,159,38,144,56,63,73,99,155,178,192,103,35,161,102,12,133,76,112,104,31,183,34,108,188,164,53,17,16,194,29,154,60,179,27,43,127,96,42,141,11,22,64,79,177,199,166,83,86,119,81,153,129,24,150,19,185,62,47,89,46,180,191,121];True
4745;6736;11481;[198,174,190,10,130,5,171,57,26,145,115,152,186,7,15,51,106,20,44,140,124,168,74,136,125,6,113,61,45,138,123,82,187,128,134,195,33,94,118,126,143,160,91,75,77,149,189,148,173,116,65,4,84,122,2,97,0,85,18,132,176,3,196,49,170,95,167,93,66,135,48,50,21,92,147,67,32,165,169,23,163,25,70,90,41,88,146,37,156,71,8,184,162,109,72,78,131,110,101,59,80,100,30,114,182,139,36,58,151,175,197,1,117,98,157,142,137,158,54,120,193,172,39,107,55,14,13,111,52,40,87,181,68,9,28,105,69,159,38,144,56,63,73,99,155,178,192,103,35,161,102,12,133,76,112,104,31,183,34,108,188,164,53,17,16,194,29,154,60,179,27,43,127,96,42,141,11,22,64,79,177,199,166,83,86,119,81,153,129,24,150,19,185,62,47,89,46,180,191,121];True
4748;6735;11483;[198,174,118,10,130,5,171,57,26,145,115,152,186,7,15,51,106,20,44,140,124,168,74,136,125,6,113,61,45,138,123,82,187,128,134,195,33,94,190,126,143,160,91,75,77,149,189,148,173,116,65,4,84,122,2,97,0,85,18,132,176,3,196,49,170,95,167,93,66,135,48,50,21,92,147,67,32,165,169,23,163,25,70,90,41,88,146,37,156,71,8,184,162,109,72,78,131,110,101,59,80,100,30,114,182,139,36,58,151,175,197,1,117,98,157,142,137,158,54,120,193,172,39,107,55,14,13,111,52,40,87,181,68,9,28,105,69,159,38,144,56,63,73,99,155,178,192,103,35,161,102,12,133,76,112,104,31,183,34,108,188,164,53,17,16,194,29,154,60,179,27,43,127,96,42,141,11,22,64,79,177,199,166,83,86,119,81,153,129,24,150,19,185,62,47,89,46,180,191,121];True
4789;6728;11517;[198,174,190,10,130,5,42,47,26,145,115,152,186,7,15,51,106,20,44,140,124,168,34,136,125,6,113,61,45,138,123,82,187,128,134,195,33,94,118,126,143,160,91,75,77,149,189,148,173,116,65,4,84,122,2,97,0,85,18,132,176,3,196,49,170,95,167,93,66,135,48,50,21,92,147,67,32,165,169,23,163,25,70,90,41,88,146,37,156,71,8,184,162,109,72,78,131,110,101,59,80,100,30,114,182,139,36,58,151,175,197,1,117,98,157,142,137,158,54,120,193,172,39,107,55,14,13,111,52,40,87,181,68,9,28,105,69,159,38,144,56,63,73,99,155,178,192,103,35,161,102,12,133,76,112,104,31,183,164,108,188,74,53,17,16,194,29,154,60,179,27,43,127,96,171,141,11,22,64,79,177,199,166,83,86,119,81,153,129,24,150,19,185,62,57,89,46,180,191,121];True
4792;6727;11519;[198,174,118,10,130,5,42,47,26,145,115,152,186,7,15,51,106,20,44,140,124,168,34,136,125,6,113,61,45,138,123,82,187,128,134,195,33,94,190,126,143,160,91,75,77,149,189,148,173,116,65,4,84,122,2,97,0,85,18,132,176,3,196,49,170,95,167,93,66,135,48,50,21,92,147,67,32,165,169,23,163,25,70,90,41,88,146,37,156,71,8,184,162,109,72,78,131,110,101,59,80,100,30,114,182,139,36,58,151,175,197,1,117,98,157,142,137,158,54,120,193,172,39,107,55,14,13,111,52,40,87,181,68,9,28,105,69,159,38,144,56,63,73,99,155,178,192,103,35,161,102,12,133,76,112,104,31,183,164,108,188,74,53,17,16,194,29,154,60,179,27,43,127,96,171,141,11,22,64,79,177,199,166,83,86,119,81,153,129,24,150,19,185,62,57,89,46,180,191,121];True
4890;6724;11614;[198,174,190,10,130,5,179,47,26,145,115,152,186,7,15,51,106,20,44,140,124,168,34,136,125,6,113,61,45,138,123,82,187,128,134,195,33,94,118,126,143,160,91,75,77,149,189,148,173,116,65,4,84,122,2,97,0,85,18,132,176,3,196,49,170,95,167,93,66,135,48,50,21,92,147,67,32,165,169,23,163,25,70,90,41,88,146,37,156,71,8,184,162,109,72,78,131,110,101,59,80,100,30,114,182,139,36,58,151,175,197,1,117,98,157,142,137,158,54,120,193,172,39,107,55,14,13,111,52,40,87,181,68,9,28,105,69,159,38,144,56,63,73,99,155,178,192,103,35,161,102,12,133,76,112,104,31,183,164,108,188,74,53,17,16,194,29,154,60,42,27,43,127,96,171,141,11,22,64,79,177,199,166,83,86,119,81,153,129,24,150,19,185,62,57,89,46,180,191,121];True
4929;6723;11652;[198,29,147,78,130,5,42,47,26,145,115,152,186,129,139,123,106,20,44,140,124,168,164,190,174,196,113,61,45,138,51,82,187,128,134,195,33,94,118,126,143,160,91,75,77,149,189,7,173,116,65,4,84,122,2,97,0,85,18,132,176,3,136,49,170,95,167,93,66,135,48,50,21,92,90,67,32,165,169,23,163,25,70,125,6,88,146,37,156,71,8,184,162,109,72,41,131,110,101,59,80,100,30,114,182,15,36,58,151,175,197,1,117,98,157,142,137,158,54,57,193,172,39,107,55,14,13,111,52,40,87,181,68,9,28,105,69,159,38,144,56,63,73,99,155,178,192,103,35,161,102,12,133,76,112,104,31,183,34,108,188,74,53,17,16,194,19,154,60,179,27,43,127,96,171,141,11,22,64,79,177,199,148,83,86,119,81,153,166,24,150,10,185,62,120,89,46,180,191,121];True
4961;6718;11679;[198,29,90,41,154,60,42,47,26,145,115,152,186,129,139,123,106,20,56,140,124,168,164,190,174,196,113,61,45,138,51,82,187,128,134,195,33,94,118,126,143,160,91,75,77,149,189,7,173,116,65,4,84,122,2,97,0,85,18,132,176,3,136,49,170,95,167,93,66,135,48,50,21,92,147,67,32,165,169,23,163,25,70,125,6,88,44,37,156,71,8,184,162,109,72,78,131,110,101,59,80,100,30,114,182,15,36,58,151,175,197,1,117,98,157,142,137,158,54,57,193,172,39,107,55,14,13,111,52,40,87,181,68,9,28,105,69,159,38,144,146,63,73,99,155,178,192,103,35,161,102,12,133,76,112,104,31,183,34,108,188,74,53,17,16,194,19,130,5,179,27,43,127,96,171,141,11,22,64,79,177,199,148,83,86,119,81,153,166,24,150,10,185,62,120,89,46,180,191,121];True
4985;6715;11700;[198,29,90,41,130,5,42,47,26,145,115,152,186,129,139,123,106,20,56,140,124,168,164,190,174,196,113,61,45,138,51,82,187,128,134,195,33,94,118,126,143,160,91,75,77,149,189,7,173,116,65,4,84,122,2,97,0,85,18,132,176,3,136,49,170,95,167,93,66,135,48,50,21,92,147,67,32,165,169,23,163,25,70,125,6,88,44,37,156,71,8,184,162,109,72,78,131,110,101,59,80,100,30,114,182,15,36,58,151,175,197,1,117,98,157,142,137,158,54,57,193,172,39,107,55,14,13,111,52,40,87,181,68,9,28,105,69,159,38,144,146,63,73,99,155,178,192,103,35,161,102,12,133,76,112,104,31,183,34,108,188,74,53,17,16,194,19,154,60,179,27,43,127,96,171,141,11,22,64,79,177,199,148,83,86,119,81,153,166,24,150,10,185,62,120,89,46,180,191,121];True
5084;6713;11797;[198,29,147,78,130,5,42,47,26,145,115,152,186,129,139,123,106,20,56,140,124,168,164,190,174,196,113,61,45,138,51,82,187,128,134,195,33,94,118,126,143,160,91,75,77,149,189,7,173,116,65,4,84,122,2,97,0,85,18,132,176,3,136,49,170,95,167,93,66,135,48,50,21,92,90,67,32,165,169,23,163,25,70,125,6,88,44,37,156,71,8,184,162,109,72,41,131,110,101,59,80,100,30,114,182,15,36,58,151,175,197,1,117,98,157,142,137,158,54,57,193,172,39,107,55,14,13,111,52,40,87,181,68,9,28,105,69,159,38,144,146,63,73,99,155,178,192,103,35,161,102,12,133,76,112,104,31,183,34,108,188,74,53,17,16,194,19,154,60,179,27,43,127,96,171,141,11,22,64,79,177,199,148,83,86,119,81,153,166,24,150,10,185,62,120,89,46,180,191,121];True
5126;6707;11833;[198,29,90,41,187,60,42,47,26,145,115,152,186,129,139,123,106,20,56,140,124,168,164,190,174,196,113,61,45,138,51,82,154,128,134,195,33,94,118,126,143,160,91,75,77,149,189,7,173,116,65,4,84,122,2,97,0,85,18,132,176,3,136,49,170,95,167,93,66,135,48,50,21,92,147,67,32,165,169,23,163,25,70,125,6,88,44,37,156,71,8,184,162,109,72,78,131,110,101,59,80,100,30,114,182,15,36,58,151,175,197,1,117,98,157,142,137,158,54,57,193,172,39,107,55,14,13,111,52,40,87,181,68,9,28,105,69,159,38,144,146,63,73,99,155,178,192,103,35,161,102,12,133,76,112,104,31,183,34,108,188,74,53,17,16,194,19,130,5,179,27,43,127,96,171,141,11,22,64,79,177,199,148,83,86,119,81,153,166,24,150,10,185,62,120,89,46,180,191,121];True
5218;6703;11921;[198,29,125,78,130,5,54,120,26,145,115,152,186,129,139,123,106,20,56,140,124,168,164,190,174,196,113,61,45,138,51,82,187,128,134,195,33,94,118,126,143,160,91,75,77,149,189,7,173,116,65,4,84,122,2,97,0,85,18,132,176,3,136,49,170,95,167,93,66,135,48,50,21,92,90,67,32,165,169,23,163,25,70,147,6,88,44,37,156,71,8,184,162,109,72,41,131,110,101,59,80,100,30,114,182,15,36,58,151,175,197,1,117,98,157,142,137,158,42,57,193,172,39,107,55,14,13,111,52,40,87,181,68,9,28,105,69,159,38,144,146,63,73,99,155,178,192,103,35,161,102,12,133,76,112,104,31,183,34,108,188,74,53,17,16,194,19,154,60,179,27,43,127,96,171,141,11,22,64,79,177,199,148,83,86,119,81,153,166,24,150,10,185,62,47,89,46,180,191,121];True
5266;6699;11965;[198,29,125,78,130,5,54,120,26,145,115,152,186,129,139,123,106,194,56,140,124,168,164,190,174,196,113,61,45,138,51,82,187,128,134,195,33,94,118,126,143,160,91,75,77,149,189,7,173,116,65,4,84,122,2,97,0,85,18,132,176,3,136,49,170,95,167,93,66,135,48,50,21,92,90,67,32,165,169,23,163,25,70,147,6,88,44,37,156,71,8,184,162,109,72,41,131,110,101,59,80,100,30,114,182,15,36,58,151,175,197,1,117,98,157,142,137,158,42,57,193,172,39,107,55,14,13,111,52,40,87,181,68,9,28,105,69,159,38,144,146,63,73,99,155,178,192,103,35,161,102,12,133,76,112,104,31,183,34,108,188,74,53,17,16,20,19,154,60,179,27,43,127,96,171,141,11,22,64,79,177,199,148,83,86,119,81,153,166,24,150,10,185,62,47,89,46,180,191,121];True
5274;6697;11971;[198,29,147,78,130,5,54,120,26,145,115,152,186,129,139,123,106,194,56,140,124,168,164,190,174,196,113,61,45,138,51,82,187,128,134,195,33,94,118,126,143,160,91,75,77,149,189,7,173,116,65,4,84,122,2,97,0,85,18,132,176,3,136,49,170,95,167,93,66,135,48,50,21,92,90,67,32,165,169,23,163,25,70,125,6,88,44,37,156,71,8,184,162,109,72,41,131,110,101,59,80,100,30,114,182,15,36,58,151,175,197,1,117,98,157,142,137,158,42,57,193,172,39,107,55,14,13,111,52,40,87,181,68,9,28,105,69,159,38,144,146,63,73,99,155,178,192,103,35,161,102,12,133,76,112,104,31,183,34,108,188,74,53,17,16,20,19,154,60,179,27,43,127,96,171,141,11,22,64,79,177,199,148,83,86,119,81,153,166,24,150,10,185,62,47,89,46,180,191,121];True
5385;6695;12080;[194,29,147,78,130,5,54,120,26,145,115,152,186,129,139,123,106,198,56,140,124,168,164,190,174,196,113,61,45,138,51,82,187,128,134,195,33,94,118,126,143,160,91,75,77,149,189,7,173,116,65,4,84,122,2,97,0,85,18,132,176,3,136,49,170,95,167,93,66,135,48,50,21,92,90,67,32,165,169,23,163,25,70,125,6,88,44,37,156,71,8,184,162,109,72,41,131,110,101,59,80,100,30,114,182,15,36,58,151,175,197,1,117,98,157,142,137,158,42,57,193,172,39,107,55,14,13,111,52,40,87,181,68,9,28,105,69,159,38,144,146,63,73,99,155,178,192,103,35,161,102,12,133,76,112,104,31,183,34,108,188,74,53,17,16,20,19,154,60,179,27,43,127,96,171,141,11,22,64,79,177,199,148,83,86,119,81,153,166,24,150,10,185,62,47,89,46,180,191,121];True
5813;6692;12505;[34,147,69,127,54,120,89,46,174,18,185,175,12,7,85,15,135,198,19,33,183,17,154,38,178,13,197,123,29,71,44,91,52,2,83,59,93,138,124,94,118,48,73,90,149,163,186,148,173,116,65,192,10,95,61,97,0,77,57,26,145,3,136,49,170,103,105,74,20,156,106,194,51,50,82,67,32,165,169,23,75,36,98,25,1,88,70,37,21,92,8,184,190,109,72,78,111,128,171,110,80,100,30,114,182,139,125,187,158,62,189,130,5,122,157,84,131,79,42,27,193,172,39,107,55,14,143,196,167,40,87,181,68,9,28,162,108,102,132,144,56,63,140,99,146,159,164,41,35,161,191,152,101,134,112,104,31,53,180,4,188,168,155,126,16,142,115,86,60,179,47,43,133,76,151,141,11,58,64,96,177,199,166,22,195,119,81,153,129,24,150,6,137,117,113,66,176,160,45,121];True
5859;6689;12548;[34,147,41,127,54,120,89,46,174,18,185,175,12,7,85,15,135,198,19,33,183,17,154,38,178,13,197,123,29,71,44,91,52,2,83,59,93,138,124,94,118,48,73,90,149,163,186,148,173,116,65,192,10,95,61,97,0,77,57,26,145,3,136,49,170,103,105,74,20,156,106,194,51,50,82,67,32,165,169,23,75,36,98,25,1,88,70,37,21,92,8,184,190,109,72,78,111,128,171,110,80,100,30,114,182,139,125,187,158,62,189,130,5,122,157,84,131,79,42,27,193,172,39,107,55,14,143,196,167,40,87,181,68,9,28,162,108,102,132,144,56,63,140,99,146,159,164,69,35,161,191,152,101,134,112,104,31,53,180,4,188,168,155,126,16,142,115,86,60,179,47,43,133,76,151,141,11,58,64,96,177,199,166,22,195,119,81,153,129,24,150,6,137,117,113,66,176,160,45,121];True
5871;6686;12557;[34,147,69,100,54,120,89,46,174,18,185,175,12,7,85,15,135,198,19,33,183,17,154,38,178,13,197,123,29,71,44,91,52,2,83,59,93,138,124,94,118,48,73,90,149,163,186,148,173,116,65,192,10,95,61,97,0,77,57,26,145,3,136,49,170,103,105,74,20,156,106,194,51,50,82,67,32,165,169,23,75,36,98,25,1,88,70,37,21,92,8,184,190,109,72,78,111,128,171,110,80,127,30,114,182,139,125,187,158,62,189,130,5,122,157,84,131,79,42,27,193,172,39,107,55,14,143,196,167,40,87,181,68,9,28,162,108,102,132,144,56,63,140,99,146,159,164,41,35,161,191,152,101,134,112,104,31,53,180,4,188,168,155,126,16,142,115,86,60,179,47,43,133,76,151,141,11,58,64,96,177,199,166,22,195,119,81,153,129,24,150,6,137,117,113,66,176,160,45,121];True
5931;6685;12616;[146,147,69,100,54,120,89,46,174,18,185,175,12,7,85,15,135,198,19,33,183,17,154,38,178,13,197,123,29,71,44,91,52,2,83,59,93,138,124,94,118,48,73,90,149,163,186,148,173,116,65,192,10,95,61,97,0,77,57,26,145,3,136,49,170,103,105,74,20,156,106,194,51,50,82,67,32,165,169,23,75,36,98,25,1,88,70,37,21,92,8,184,190,109,72,78,111,128,171,110,80,127,30,114,182,139,125,187,158,62,189,130,5,122,157,84,131,79,42,27,193,172,39,107,55,14,143,196,167,40,87,181,68,9,28,162,108,102,132,144,56,63,140,99,34,159,164,41,35,161,191,152,101,134,112,104,31,53,180,4,188,168,155,126,16,142,115,86,60,179,47,43,133,76,151,141,11,58,64,96,177,199,166,22,195,119,81,153,129,24,150,6,137,117,113,66,176,160,45,121];True
5952;6681;12633;[146,143,69,100,54,120,89,46,174,18,185,175,12,7,85,15,135,198,19,33,183,17,154,38,178,13,197,123,29,71,44,91,52,2,83,59,93,138,124,94,118,48,73,90,149,163,186,148,173,116,65,192,10,95,61,97,0,77,57,26,145,3,136,49,170,103,105,74,20,156,106,194,51,50,82,67,32,165,169,23,75,36,98,25,1,88,70,37,21,92,8,184,190,109,72,78,111,128,171,110,80,127,30,114,182,139,125,187,158,62,189,130,5,122,157,84,131,79,42,27,193,172,39,107,55,14,147,196,167,40,87,181,68,9,28,162,108,102,132,144,56,63,140,99,34,159,164,41,35,161,191,152,101,134,112,104,31,53,180,4,188,168,155,126,16,142,115,86,60,179,47,43,133,76,151,141,11,58,64,96,177,199,166,22,195,119,81,153,129,24,150,6,137,117,113,66,176,160,45,121];True
6033;6679;12712;[73,143,69,100,54,120,89,46,174,18,185,175,12,7,85,15,135,198,19,33,183,17,154,38,178,13,197,123,29,71,44,91,52,2,83,59,93,138,124,94,118,48,146,90,149,163,186,148,173,116,65,192,10,95,61,97,0,77,57,26,145,3,136,49,170,103,105,74,20,156,106,194,51,50,82,67,32,165,169,23,75,36,98,25,1,88,70,37,21,92,8,184,190,109,72,78,111,128,171,110,80,127,30,114,182,139,125,187,158,62,189,130,5,122,157,84,131,79,42,27,193,172,39,107,55,14,147,196,167,40,87,181,68,9,28,162,108,102,132,144,56,63,140,99,34,159,164,41,35,161,191,152,101,134,112,104,31,53,180,4,188,168,155,126,16,142,115,86,60,179,47,43,133,76,151,141,11,58,64,96,177,199,166,22,195,119,81,153,129,24,150,6,137,117,113,66,176,160,45,121];True
6065;6667;12732;[73,154,137,86,54,120,89,46,6,18,185,175,12,7,85,15,135,198,19,33,183,17,143,38,178,41,197,123,29,71,44,91,52,2,83,59,93,138,124,94,118,48,146,90,149,163,186,148,173,116,65,192,10,95,61,97,0,77,57,26,145,3,136,49,170,103,105,74,20,156,106,194,51,50,82,67,32,165,169,23,75,36,98,25,1,88,70,37,21,92,8,184,190,109,72,78,111,128,171,110,80,100,30,114,182,139,125,187,158,62,189,130,5,122,157,84,131,79,42,27,193,172,39,107,55,14,147,196,167,40,87,181,68,9,28,162,108,102,132,144,56,63,140,99,34,159,164,69,35,161,191,152,101,134,112,104,31,53,180,4,188,168,155,126,16,142,115,127,60,179,47,43,133,76,151,141,11,58,64,96,177,199,166,22,195,119,81,153,129,24,150,174,13,117,113,66,176,160,45,121];True
6800;6666;13466;[198,174,196,83,86,128,42,47,132,89,137,133,12,185,54,52,189,28,38,14,136,118,10,36,184,66,46,44,23,190,109,48,73,74,143,91,69,159,15,135,37,8,71,56,92,90,131,59,93,3,169,142,191,61,145,94,13,111,7,77,176,35,97,171,57,2,167,107,123,50,146,51,20,17,82,78,170,18,75,161,115,25,105,4,6,88,70,108,21,180,154,122,197,162,125,163,158,110,129,24,130,127,30,114,182,139,178,72,101,175,85,1,117,120,157,173,186,79,141,27,193,172,39,32,55,155,33,192,165,40,87,181,68,9,103,140,147,67,95,144,156,106,188,65,53,183,164,41,149,152,102,62,11,134,112,104,99,63,31,34,138,168,29,126,16,194,19,49,60,179,5,43,187,76,151,148,80,58,64,96,177,199,166,22,195,98,81,153,119,26,150,84,100,0,113,116,124,160,45,121];True
6807;6662;13469;[198,174,67,83,86,128,42,47,132,89,137,133,12,185,54,52,189,28,38,14,136,118,10,36,184,66,46,44,23,190,109,48,73,74,143,91,69,159,15,135,37,8,71,56,92,90,131,59,93,3,169,142,191,61,145,94,13,111,7,77,176,35,97,171,57,2,167,107,123,50,146,51,20,17,82,78,170,18,75,161,115,25,105,4,6,88,70,108,21,180,154,122,197,162,125,163,158,110,129,24,130,127,30,114,182,139,178,72,101,175,85,1,117,120,157,173,186,79,141,27,193,172,39,32,55,155,33,192,165,40,87,181,68,9,103,140,147,196,95,144,156,106,188,65,53,183,164,41,149,152,102,62,11,134,112,104,99,63,31,34,138,168,29,126,16,194,19,49,60,179,5,43,187,76,151,148,80,58,64,96,177,199,166,22,195,98,81,153,119,26,150,84,100,0,113,116,124,160,45,121];True
6851;6654;13505;[198,84,67,163,158,60,42,57,89,75,137,133,12,185,54,52,189,28,38,14,72,118,10,36,184,66,46,44,23,190,109,56,73,74,143,91,69,159,15,135,37,8,71,48,92,90,131,59,93,3,169,142,191,61,145,94,13,111,7,77,176,35,97,171,47,2,167,107,123,50,146,51,20,17,82,78,170,18,132,161,115,25,105,4,6,88,70,108,21,106,154,122,197,162,125,49,86,110,129,24,130,127,30,114,182,139,178,136,101,175,85,1,117,120,157,173,186,79,179,27,193,172,39,32,55,155,33,192,165,40,87,181,68,9,103,140,147,196,95,144,156,180,188,65,53,183,164,41,149,152,102,62,98,134,112,104,99,63,31,34,138,168,29,126,16,194,19,83,128,141,5,43,187,76,151,148,80,58,64,96,177,199,166,22,195,119,81,153,11,26,150,174,100,0,113,116,124,160,45,121];True
6879;6653;13532;[34,90,67,83,86,128,141,119,132,89,137,133,12,185,54,52,189,28,38,14,136,118,10,36,184,66,46,44,23,190,109,48,73,74,143,91,69,159,15,135,37,8,71,56,92,84,131,59,93,3,169,142,191,61,145,94,13,111,7,77,176,35,97,171,57,2,167,107,123,50,146,51,20,17,82,78,170,18,75,161,115,25,105,4,6,88,70,108,21,106,154,122,197,162,125,163,158,110,129,24,130,127,30,114,182,139,178,72,101,175,85,1,117,120,157,173,186,79,42,27,193,172,39,32,55,155,33,192,165,40,87,181,68,9,103,140,147,196,95,144,156,180,188,65,53,183,164,41,149,152,102,62,11,134,112,104,99,63,31,198,138,168,29,126,16,194,19,49,60,179,5,43,187,76,151,148,80,58,64,96,177,199,166,22,195,98,81,153,47,26,150,174,100,0,113,116,124,160,45,121];True
6896;6650;13546;[198,174,67,163,158,30,42,47,89,75,137,133,12,185,54,52,189,28,38,14,72,118,10,36,184,66,46,44,23,190,109,56,73,74,143,91,69,159,15,135,37,8,71,48,92,90,131,59,93,3,169,142,191,61,145,94,13,111,7,77,176,35,97,171,57,2,167,107,123,50,146,51,20,17,82,78,170,18,132,161,115,25,105,4,6,88,70,108,21,106,154,122,197,162,125,49,86,110,129,24,130,127,60,114,182,139,178,136,101,175,85,1,117,120,157,173,186,79,179,27,193,172,39,32,55,155,33,192,165,40,87,181,68,9,103,140,147,196,95,144,156,180,188,65,53,183,164,41,149,152,102,62,98,134,112,104,99,63,31,34,138,168,29,126,16,194,19,83,128,141,5,43,187,76,151,148,80,58,64,96,177,199,166,22,195,119,81,153,11,26,150,84,100,0,113,116,124,160,45,121];True
6902;6648;13550;[198,174,196,83,86,128,42,119,132,89,137,133,12,185,54,52,189,28,38,14,136,118,10,36,184,66,46,44,23,190,109,48,73,74,143,91,69,159,15,135,37,8,71,56,92,90,131,59,93,3,169,142,191,61,145,94,13,111,7,77,176,35,97,171,57,2,167,107,123,50,146,51,20,17,82,78,170,18,75,161,115,25,105,4,6,88,70,108,21,106,154,122,197,162,125,163,158,110,129,24,130,127,30,114,182,139,178,72,101,175,85,1,117,120,157,173,186,79,141,27,193,172,39,32,55,155,33,192,165,40,87,181,68,9,103,140,147,67,95,144,156,180,188,65,53,183,164,41,149,152,102,62,11,134,112,104,99,63,31,34,138,168,29,126,16,194,19,49,60,179,5,43,187,76,151,148,80,58,64,96,177,199,166,22,195,98,81,153,47,26,150,84,100,0,113,116,124,160,45,121];True
6904;6647;13551;[198,84,67,83,86,128,42,119,132,89,137,133,12,185,54,52,189,28,38,14,136,118,10,36,184,66,46,44,23,190,109,48,73,74,143,91,69,159,15,135,37,8,71,56,92,90,131,59,93,3,169,142,191,61,145,94,13,111,7,77,176,35,97,171,57,2,167,107,123,50,146,51,20,17,82,78,170,18,75,161,115,25,105,4,6,88,70,108,21,106,154,122,197,162,125,163,158,110,129,24,130,127,30,114,182,139,178,72,101,175,85,1,117,120,157,173,186,79,141,27,193,172,39,32,55,155,33,192,165,40,87,181,68,9,103,140,147,196,95,144,156,180,188,65,53,183,164,41,149,152,102,62,11,134,112,104,99,63,31,34,138,168,29,126,16,194,19,49,60,179,5,43,187,76,151,148,80,58,64,96,177,199,166,22,195,98,81,153,47,26,150,174,100,0,113,116,124,160,45,121];True
6909;6644;13553;[198,174,67,83,86,128,42,119,132,89,137,133,12,185,54,52,189,28,38,14,136,118,10,36,184,66,46,44,23,190,109,48,73,74,143,91,69,159,15,135,37,8,71,56,92,90,131,59,93,3,169,142,191,61,145,94,13,111,7,77,176,35,97,171,57,2,167,107,123,50,146,51,20,17,82,78,170,18,75,161,115,25,105,4,6,88,70,108,21,106,154,122,197,162,125,163,158,110,129,24,130,127,30,114,182,139,178,72,101,175,85,1,117,120,157,173,186,79,141,27,193,172,39,32,55,155,33,192,165,40,87,181,68,9,103,140,147,196,95,144,156,180,188,65,53,183,164,41,149,152,102,62,11,134,112,104,99,63,31,34,138,168,29,126,16,194,19,49,60,179,5,43,187,76,151,148,80,58,64,96,177,199,166,22,195,98,81,153,47,26,150,84,100,0,113,116,124,160,45,121];True
6927;6642;13569;[198,174,67,83,86,128,141,119,132,89,137,133,12,185,54,52,189,28,38,14,136,118,10,36,184,66,46,44,23,190,109,48,73,74,143,91,69,159,15,135,37,8,71,56,92,90,131,59,93,3,169,142,191,61,145,94,13,111,7,77,176,35,97,171,57,2,167,107,123,50,146,51,20,17,82,78,170,18,75,161,115,25,105,4,6,88,70,108,21,106,154,122,197,162,125,163,158,110,129,24,130,127,30,114,182,139,178,72,101,175,85,1,117,120,157,173,186,79,42,27,193,172,39,32,55,155,33,192,165,40,87,181,68,9,103,140,147,196,95,144,156,180,188,65,53,183,164,41,149,152,102,62,11,134,112,104,99,63,31,34,138,168,29,126,16,194,19,49,60,179,5,43,187,76,151,148,80,58,64,96,177,199,166,22,195,98,81,153,47,26,150,84,100,0,113,116,124,160,45,121];True
6947;6641;13588;[198,84,67,163,158,60,42,47,89,75,137,133,12,185,54,52,189,28,38,14,72,118,10,36,184,66,46,44,23,190,109,56,73,74,143,91,69,159,15,135,37,8,71,48,92,90,131,59,93,3,169,142,191,61,145,94,13,111,7,77,176,35,97,171,57,2,167,107,123,50,146,51,20,17,82,78,170,18,132,161,115,25,105,4,6,88,70,108,21,106,154,122,197,162,125,49,86,110,129,24,130,127,30,114,182,139,178,136,101,175,85,1,117,120,157,173,186,79,179,27,193,172,39,32,55,155,33,192,165,40,87,181,68,9,103,140,147,196,95,144,156,180,188,65,53,183,164,41,149,152,102,62,98,134,112,104,99,63,31,34,138,168,29,126,16,194,19,83,128,141,5,43,187,76,151,148,80,58,64,96,177,199,166,22,195,119,81,153,11,26,150,174,100,0,113,116,124,160,45,121];True
6952;6638;13590;[198,174,67,163,158,60,42,47,89,75,137,133,12,185,54,52,189,28,38,14,72,118,10,36,184,66,46,44,23,190,109,56,73,74,143,91,69,159,15,135,37,8,71,48,92,90,131,59,93,3,169,142,191,61,145,94,13,111,7,77,176,35,97,171,57,2,167,107,123,50,146,51,20,17,82,78,170,18,132,161,115,25,105,4,6,88,70,108,21,106,154,122,197,162,125,49,86,110,129,24,130,127,30,114,182,139,178,136,101,175,85,1,117,120,157,173,186,79,179,27,193,172,39,32,55,155,33,192,165,40,87,181,68,9,103,140,147,196,95,144,156,180,188,65,53,183,164,41,149,152,102,62,98,134,112,104,99,63,31,34,138,168,29,126,16,194,19,83,128,141,5,43,187,76,151,148,80,58,64,96,177,199,166,22,195,119,81,153,11,26,150,84,100,0,113,116,124,160,45,121];True
6996;6637;13633;[198,174,67,163,158,30,179,47,189,75,137,133,12,185,54,52,89,28,38,14,72,118,10,36,184,66,46,44,23,190,109,56,73,74,143,91,69,159,15,135,37,8,71,48,92,90,131,59,93,3,169,142,191,61,145,94,13,111,7,77,176,35,97,171,57,2,167,107,123,50,146,51,20,17,82,78,170,18,132,161,115,25,105,4,6,88,70,108,21,106,154,122,197,162,125,49,86,110,129,24,130,127,60,114,182,139,178,136,101,175,85,1,117,120,157,173,186,79,42,27,193,172,39,32,55,155,33,192,165,40,87,181,68,9,103,140,147,196,95,144,156,180,188,65,53,183,164,41,149,152,102,62,98,134,112,104,99,63,31,34,138,168,29,126,16,194,19,83,128,141,5,43,187,76,151,148,80,58,64,96,177,199,166,22,195,119,81,153,11,26,150,84,100,0,113,116,124,160,45,121];True
7049;6636;13685;[34,90,67,163,158,60,179,47,89,75,137,133,12,185,54,52,189,28,38,14,72,118,10,36,184,66,46,44,23,190,109,56,73,74,143,91,69,159,15,135,37,8,71,48,92,84,131,59,93,3,169,142,191,61,145,94,13,111,7,77,176,35,97,171,57,2,167,107,123,50,146,51,20,17,82,78,170,18,132,161,115,25,105,4,6,88,70,108,21,106,154,122,197,162,125,49,86,110,129,24,130,127,30,114,182,139,178,136,101,175,85,1,117,120,157,173,186,79,42,27,193,172,39,32,55,155,33,192,165,40,87,181,68,9,103,140,147,196,95,144,156,180,188,65,53,183,164,41,149,152,102,62,98,134,112,104,99,63,31,198,138,168,29,126,16,194,19,83,128,141,5,43,187,76,151,148,80,58,64,96,177,199,166,22,195,119,81,153,11,26,150,174,100,0,113,116,124,160,45,121];True
7073;6627;13700;[198,84,67,163,158,60,179,47,189,75,137,133,12,185,54,52,89,28,38,14,72,118,10,36,184,66,46,44,23,190,109,56,73,74,143,91,69,159,15,135,37,8,71,48,92,90,131,59,93,3,169,142,191,61,145,94,13,111,7,77,176,35,97,171,57,2,167,107,123,50,146,51,20,17,82,78,170,18,132,161,115,25,105,4,6,88,70,108,21,106,154,122,197,162,125,49,86,110,129,24,130,127,30,114,182,139,178,136,101,175,85,1,117,120,157,173,186,79,42,27,193,172,39,32,55,155,33,192,165,40,87,181,68,9,103,140,147,196,95,144,156,180,188,65,53,183,164,41,149,152,102,62,98,134,112,104,99,63,31,34,138,168,29,126,16,194,19,83,128,141,5,43,187,76,151,148,80,58,64,96,177,199,166,22,195,119,81,153,11,26,150,174,100,0,113,116,124,160,45,121];True
7078;6624;13702;[198,174,67,163,158,60,179,47,189,75,137,133,12,185,54,52,89,28,38,14,72,118,10,36,184,66,46,44,23,190,109,56,73,74,143,91,69,159,15,135,37,8,71,48,92,90,131,59,93,3,169,142,191,61,145,94,13,111,7,77,176,35,97,171,57,2,167,107,123,50,146,51,20,17,82,78,170,18,132,161,115,25,105,4,6,88,70,108,21,106,154,122,197,162,125,49,86,110,129,24,130,127,30,114,182,139,178,136,101,175,85,1,117,120,157,173,186,79,42,27,193,172,39,32,55,155,33,192,165,40,87,181,68,9,103,140,147,196,95,144,156,180,188,65,53,183,164,41,149,152,102,62,98,134,112,104,99,63,31,34,138,168,29,126,16,194,19,83,128,141,5,43,187,76,151,148,80,58,64,96,177,199,166,22,195,119,81,153,11,26,150,84,100,0,113,116,124,160,45,121];True
7222;6622;13844;[198,174,67,163,86,128,141,47,89,75,137,133,12,185,54,52,189,28,38,14,72,118,10,36,184,66,46,44,23,190,109,56,73,74,143,91,69,159,15,135,37,8,71,48,92,90,131,59,93,3,169,142,191,61,145,94,13,111,7,77,176,35,97,171,57,2,167,107,123,50,146,51,20,17,82,78,170,18,132,161,115,25,105,4,6,88,70,108,21,106,154,122,197,162,125,49,158,110,129,24,130,127,30,114,182,139,178,136,101,175,85,1,117,120,157,173,186,79,42,27,193,172,39,32,55,155,33,192,165,40,87,181,68,9,103,140,147,196,95,144,156,180,188,65,53,183,164,41,149,152,102,62,98,134,112,104,99,63,31,34,138,168,29,126,16,194,19,83,60,179,5,43,187,76,151,148,80,58,64,96,177,199,166,22,195,119,81,153,11,26,150,84,100,0,113,116,124,160,45,121];True
7243;6621;13864;[198,174,67,163,158,128,141,47,89,75,137,133,12,185,54,52,189,28,38,14,72,118,10,36,184,66,46,44,23,190,109,56,73,74,143,91,69,159,15,135,37,8,71,48,92,90,131,59,93,3,169,142,191,61,145,94,13,86,7,77,176,35,97,171,57,2,167,107,123,50,146,51,20,17,82,78,170,18,132,161,115,25,105,4,6,88,70,108,21,106,154,122,197,162,125,49,111,110,129,24,130,127,30,114,182,139,178,136,101,175,85,1,117,120,157,173,186,79,42,27,193,172,39,32,55,155,33,192,165,40,87,181,68,9,103,140,147,196,95,144,156,180,188,65,53,183,164,41,149,152,102,62,98,134,112,104,99,63,31,34,138,168,29,126,16,194,19,83,60,179,5,43,187,76,151,148,80,58,64,96,177,199,166,22,195,119,81,153,11,26,150,84,100,0,113,116,124,160,45,121];True
7335;6619;13954;[34,84,67,163,128,158,141,47,189,75,137,133,12,185,54,52,89,28,38,14,72,118,10,36,184,66,46,44,23,190,109,56,73,74,143,91,69,159,15,135,37,8,71,48,92,90,131,59,93,3,169,142,191,61,145,94,13,86,7,77,176,35,97,171,57,2,167,107,123,50,146,51,20,17,82,78,170,18,132,161,115,25,105,4,6,88,70,108,21,106,154,122,197,162,125,49,111,110,129,24,130,127,30,114,182,139,178,136,101,175,85,1,117,120,157,173,186,79,42,27,193,172,39,32,55,155,33,192,165,40,87,181,68,9,103,140,147,196,95,144,156,180,188,65,53,183,164,41,149,152,102,62,98,134,112,104,99,63,31,198,138,168,29,126,16,194,19,83,60,179,5,43,187,76,151,148,80,58,64,96,177,199,166,22,195,119,81,153,11,26,150,174,100,0,113,116,124,160,45,121];True
7358;6618;13976;[198,84,67,163,128,158,141,47,89,75,137,133,12,185,54,52,189,28,38,14,72,118,10,36,184,66,46,44,23,190,109,56,73,74,143,91,69,159,15,135,37,8,71,48,92,90,131,59,93,3,169,142,191,61,145,94,13,86,7,77,176,35,97,171,57,2,167,107,123,50,146,51,20,17,82,78,170,18,132,161,115,25,105,4,6,88,70,108,21,106,154,122,197,162,125,49,111,110,129,24,130,127,30,114,182,139,178,136,101,175,85,1,117,120,157,173,186,79,42,27,193,172,39,32,55,155,33,192,165,40,87,181,68,9,103,140,147,196,95,144,156,180,188,65,53,183,164,41,149,152,102,62,98,134,112,104,99,63,31,34,138,168,29,126,16,194,19,83,60,179,5,43,187,76,151,148,80,58,64,96,177,199,166,22,195,119,81,153,11,26,150,174,100,0,113,116,124,160,45,121];True
7363;6615;13978;[198,174,67,163,128,158,141,47,89,75,137,133,12,185,54,52,189,28,38,14,72,118,10,36,184,66,46,44,23,190,109,56,73,74,143,91,69,159,15,135,37,8,71,48,92,90,131,59,93,3,169,142,191,61,145,94,13,86,7,77,176,35,97,171,57,2,167,107,123,50,146,51,20,17,82,78,170,18,132,161,115,25,105,4,6,88,70,108,21,106,154,122,197,162,125,49,111,110,129,24,130,127,30,114,182,139,178,136,101,175,85,1,117,120,157,173,186,79,42,27,193,172,39,32,55,155,33,192,165,40,87,181,68,9,103,140,147,196,95,144,156,180,188,65,53,183,164,41,149,152,102,62,98,134,112,104,99,63,31,34,138,168,29,126,16,194,19,83,60,179,5,43,187,76,151,148,80,58,64,96,177,199,166,22,195,119,81,153,11,26,150,84,100,0,113,116,124,160,45,121];True
7822;6614;14436;[50,51,198,174,196,83,59,57,132,75,163,133,12,185,111,36,169,115,89,3,161,159,15,135,53,29,46,44,23,190,109,10,184,56,34,91,69,28,8,37,94,71,188,48,92,90,131,148,93,14,178,191,66,61,145,84,13,151,7,38,176,35,97,128,52,2,167,107,123,146,155,65,118,17,82,18,0,77,149,170,129,25,105,4,6,88,70,108,21,106,154,122,197,24,72,78,86,110,171,189,49,127,30,114,182,139,180,137,158,175,85,1,117,120,157,173,186,79,42,27,193,172,39,32,55,125,33,192,165,40,87,181,68,9,103,162,147,67,95,144,156,63,31,143,160,183,164,41,152,130,102,62,5,134,112,104,99,73,74,20,138,168,140,126,16,194,19,98,60,179,47,43,187,76,101,141,11,58,64,96,177,199,166,22,195,119,81,153,80,26,150,136,100,54,113,116,124,142,45,121];True
7829;6610;14439;[50,51,198,174,67,83,59,57,132,75,163,133,12,185,111,36,169,115,89,3,161,159,15,135,53,29,46,44,23,190,109,10,184,56,34,91,69,28,8,37,94,71,188,48,92,90,131,148,93,14,178,191,66,61,145,84,13,151,7,38,176,35,97,128,52,2,167,107,123,146,155,65,118,17,82,18,0,77,149,170,129,25,105,4,6,88,70,108,21,106,154,122,197,24,72,78,86,110,171,189,49,127,30,114,182,139,180,137,158,175,85,1,117,120,157,173,186,79,42,27,193,172,39,32,55,125,33,192,165,40,87,181,68,9,103,162,147,196,95,144,156,63,31,143,160,183,164,41,152,130,102,62,5,134,112,104,99,73,74,20,138,168,140,126,16,194,19,98,60,179,47,43,187,76,101,141,11,58,64,96,177,199,166,22,195,119,81,153,80,26,150,136,100,54,113,116,124,142,45,121];True
7858;6609;14467;[198,51,50,174,196,83,59,57,132,75,163,133,12,185,111,36,169,115,89,3,161,159,15,135,53,29,46,44,23,190,109,10,184,56,34,91,69,28,8,37,94,71,188,48,92,90,131,148,93,14,178,191,66,61,145,84,13,151,7,38,176,35,97,128,52,2,167,107,123,146,155,65,118,17,82,18,0,77,149,170,129,25,105,4,6,88,70,108,21,106,154,122,197,24,72,78,86,110,171,189,49,127,30,114,182,139,180,137,158,175,85,1,117,120,157,173,186,79,42,27,193,172,39,32,55,125,33,192,165,40,87,181,68,9,103,162,147,67,95,144,156,63,31,143,160,183,164,41,152,130,102,62,5,134,112,104,99,73,74,20,138,168,140,126,16,194,19,98,60,179,47,43,187,76,101,141,11,58,64,96,177,199,166,22,195,119,81,153,80,26,150,136,100,54,113,116,124,142,45,121];True
7865;6605;14470;[198,51,50,174,67,83,59,57,132,75,163,133,12,185,111,36,169,115,89,3,161,159,15,135,53,29,46,44,23,190,109,10,184,56,34,91,69,28,8,37,94,71,188,48,92,90,131,148,93,14,178,191,66,61,145,84,13,151,7,38,176,35,97,128,52,2,167,107,123,146,155,65,118,17,82,18,0,77,149,170,129,25,105,4,6,88,70,108,21,106,154,122,197,24,72,78,86,110,171,189,49,127,30,114,182,139,180,137,158,175,85,1,117,120,157,173,186,79,42,27,193,172,39,32,55,125,33,192,165,40,87,181,68,9,103,162,147,196,95,144,156,63,31,143,160,183,164,41,152,130,102,62,5,134,112,104,99,73,74,20,138,168,140,126,16,194,19,98,60,179,47,43,187,76,101,141,11,58,64,96,177,199,166,22,195,119,81,153,80,26,150,136,100,54,113,116,124,142,45,121];True
7874;6604;14478;[50,51,198,174,67,83,59,57,132,75,137,133,12,185,111,36,169,115,89,3,161,159,15,135,53,29,46,44,23,190,109,10,184,56,34,91,69,28,8,37,94,71,188,48,92,90,131,148,93,14,178,191,66,61,145,84,13,151,7,38,176,35,97,128,52,2,167,107,123,146,155,65,118,17,82,18,0,77,149,170,129,25,105,4,6,88,70,108,21,106,154,122,197,24,72,78,86,110,171,189,49,127,30,114,182,139,180,163,158,175,85,1,117,120,157,173,186,79,42,27,193,172,39,32,55,125,33,192,165,40,87,181,68,9,103,162,147,196,95,144,156,63,31,143,160,183,164,41,152,130,102,62,5,134,112,104,99,73,74,20,138,168,140,126,16,194,19,98,60,179,47,43,187,76,101,141,11,58,64,96,177,199,166,22,195,119,81,153,80,26,150,136,100,54,113,116,124,142,45,121];True
7994;6603;14597;[50,51,71,174,149,83,59,57,132,75,163,133,12,185,111,36,169,115,89,3,161,159,15,135,53,180,46,44,23,190,109,10,184,56,34,91,69,28,8,37,94,198,188,48,92,90,131,148,93,14,178,191,66,61,145,84,13,151,7,38,176,35,97,128,52,2,167,107,123,146,155,65,118,17,82,18,0,77,196,170,129,25,105,4,6,88,70,108,21,106,154,122,197,24,72,78,86,110,171,189,49,127,30,114,182,139,29,137,158,175,85,1,117,120,157,173,186,79,42,27,193,172,39,32,55,125,33,192,165,40,87,181,68,9,103,162,147,67,95,144,156,63,31,143,160,183,164,41,152,130,102,62,5,134,112,104,99,73,74,20,138,168,140,126,16,194,19,98,60,179,47,43,187,76,101,141,11,58,64,96,177,199,166,22,195,119,81,153,80,26,150,136,100,54,113,116,124,142,45,121];True
8008;6592;14600;[50,51,198,174,149,83,59,57,132,75,163,133,12,185,111,36,169,115,89,3,161,159,15,135,53,180,46,44,23,190,109,10,184,56,34,91,69,28,8,37,94,71,188,48,92,90,131,148,93,14,178,191,66,61,145,84,13,151,7,38,176,35,97,128,52,2,167,107,123,146,155,65,118,17,82,18,0,77,196,170,129,25,105,4,6,88,70,108,21,106,154,122,197,24,72,78,86,110,171,189,49,127,30,114,182,139,29,137,158,175,85,1,117,120,157,173,186,79,42,27,193,172,39,32,55,125,33,192,165,40,87,181,68,9,103,162,147,67,95,144,156,63,31,143,160,183,164,41,152,130,102,62,5,134,112,104,99,73,74,20,138,168,140,126,16,194,19,98,60,179,47,43,187,76,101,141,11,58,64,96,177,199,166,22,195,119,81,153,80,26,150,136,100,54,113,116,124,142,45,121];True
8044;6587;14631;[198,51,50,174,149,83,59,57,132,75,163,133,12,185,111,36,169,115,89,3,161,159,15,135,53,180,46,44,23,190,109,10,184,56,34,91,69,28,8,37,94,71,188,48,92,90,131,148,93,14,178,191,66,61,145,84,13,151,7,38,176,35,97,128,52,2,167,107,123,146,155,65,118,17,82,18,0,77,196,170,129,25,105,4,6,88,70,108,21,106,154,122,197,24,72,78,86,110,171,189,49,127,30,114,182,139,29,137,158,175,85,1,117,120,157,173,186,79,42,27,193,172,39,32,55,125,33,192,165,40,87,181,68,9,103,162,147,67,95,144,156,63,31,143,160,183,164,41,152,130,102,62,5,134,112,104,99,73,74,20,138,168,140,126,16,194,19,98,60,179,47,43,187,76,101,141,11,58,64,96,177,199,166,22,195,119,81,153,80,26,150,136,100,54,113,116,124,142,45,121];True
8188;6583;14771;[198,56,50,174,149,83,59,57,132,75,163,133,12,185,111,36,169,115,89,3,161,159,15,135,53,180,46,44,23,190,109,10,184,51,34,91,69,28,8,37,94,71,188,48,92,90,131,148,93,14,178,191,66,61,145,84,13,151,7,38,176,35,97,128,52,2,167,107,123,146,155,65,118,17,82,18,0,77,196,170,129,25,105,4,6,88,70,108,21,106,154,122,197,24,72,78,86,110,171,189,49,127,30,114,182,139,29,137,158,175,85,1,117,120,157,173,186,79,42,27,193,172,39,32,55,125,33,192,165,40,87,181,68,9,103,162,147,67,95,144,156,63,31,143,160,183,164,41,152,130,102,62,5,134,112,104,99,73,74,20,138,168,140,126,16,194,19,98,60,179,47,43,187,76,101,141,11,58,64,96,177,199,166,22,195,119,81,153,80,26,150,136,100,54,113,116,124,142,45,121];True
8257;6581;14838;[50,34,194,136,149,83,59,57,132,75,163,133,12,185,111,26,169,84,89,3,161,159,15,135,142,115,46,44,37,190,109,10,184,51,174,91,69,28,8,118,180,198,188,48,92,90,131,148,93,14,178,23,66,61,145,94,13,151,7,38,176,35,97,128,52,2,167,107,123,146,155,65,53,17,82,18,0,77,196,170,129,25,105,4,6,88,70,108,21,106,154,122,197,24,72,78,86,110,171,189,49,127,30,114,182,139,29,137,158,175,85,1,117,120,157,173,186,79,42,27,193,172,39,32,55,125,33,192,165,40,87,181,68,9,103,162,147,67,95,144,156,140,74,143,191,183,164,41,152,130,102,62,5,134,112,104,99,63,73,20,138,168,31,126,16,71,19,98,60,179,47,43,187,76,101,141,11,58,64,96,177,199,166,22,195,119,81,153,80,36,150,56,100,54,113,116,124,160,45,121];True
8291;6577;14868;[73,74,143,136,149,83,59,57,132,75,163,133,12,185,111,26,169,84,89,3,161,159,15,135,142,115,46,44,37,190,109,10,184,51,174,91,69,28,8,118,180,198,188,48,92,90,131,148,93,14,178,23,66,61,145,94,13,151,7,38,176,35,97,128,52,2,167,107,123,146,155,65,53,17,82,18,0,77,196,170,129,25,105,4,6,88,70,108,21,106,154,122,197,24,72,78,86,110,171,189,49,127,30,114,182,139,29,137,158,175,85,1,117,120,157,173,186,79,42,27,193,172,39,32,55,125,33,192,165,40,87,181,68,9,103,162,147,67,95,144,156,140,31,194,191,183,164,41,152,130,102,62,5,134,112,104,99,63,50,20,138,168,34,126,16,71,19,98,60,179,47,43,187,76,101,141,11,58,64,96,177,199,166,22,195,119,81,153,80,36,150,56,100,54,113,116,124,160,45,121];True
8358;6571;14929;[73,74,194,136,149,83,59,57,132,75,163,133,12,185,111,26,169,84,89,3,161,159,15,135,142,115,46,44,37,190,109,10,184,51,174,91,69,28,8,118,180,198,188,48,92,90,131,148,93,14,178,23,66,61,145,94,13,151,7,38,176,35,97,128,52,2,167,107,123,146,155,65,53,17,82,18,0,77,196,170,129,25,105,4,6,88,70,108,21,106,154,122,197,24,72,78,86,110,171,189,49,127,30,114,182,139,29,137,158,175,85,1,117,120,157,173,186,79,42,27,193,172,39,32,55,125,33,192,165,40,87,181,68,9,103,162,147,67,95,144,156,140,31,143,191,183,164,41,152,130,102,62,5,134,112,104,99,63,50,20,138,168,34,126,16,71,19,98,60,179,47,43,187,76,101,141,11,58,64,96,177,199,166,22,195,119,81,153,80,36,150,56,100,54,113,116,124,160,45,121];True
8357;6575;14932;[50,31,194,136,149,83,59,57,132,75,163,133,12,185,111,26,169,84,89,3,161,159,15,135,142,115,46,44,37,190,109,10,184,51,174,91,69,28,8,118,180,198,188,48,92,90,131,148,93,14,178,23,66,61,145,94,13,151,7,38,176,35,97,128,52,2,167,107,123,146,155,65,53,17,82,18,0,77,196,170,129,25,105,4,6,88,70,108,21,106,154,122,197,24,72,78,86,110,171,189,49,127,30,114,182,139,29,137,158,175,85,1,117,120,157,173,186,79,42,27,193,172,39,32,55,125,33,192,165,40,87,181,68,9,103,162,147,67,95,144,156,140,74,143,191,183,164,41,152,130,102,62,5,134,112,104,99,63,73,20,138,168,34,126,16,71,19,98,60,179,47,43,187,76,101,141,11,58,64,96,177,199,166,22,195,119,81,153,80,36,150,56,100,54,113,116,124,160,45,121];True
8388;6565;14953;[50,31,143,136,149,83,59,57,132,75,163,133,12,185,111,26,169,84,89,3,161,159,15,135,142,115,46,44,37,190,109,10,184,51,174,91,69,28,8,118,180,198,188,48,92,90,131,148,93,14,178,23,66,61,145,94,13,151,7,38,176,35,97,128,52,2,167,107,123,146,155,65,53,17,82,18,0,77,196,170,129,25,105,4,6,88,70,108,21,106,154,122,197,24,72,78,86,110,171,189,49,127,30,114,182,139,29,137,158,175,85,1,117,120,157,173,186,79,42,27,193,172,39,32,55,125,33,192,165,40,87,181,68,9,103,162,147,67,95,144,156,140,74,194,191,183,164,41,152,130,102,62,5,134,112,104,99,63,73,20,138,168,34,126,16,71,19,98,60,179,47,43,187,76,101,141,11,58,64,96,177,199,166,22,195,119,81,153,80,36,150,56,100,54,113,116,124,160,45,121];True
8523;6564;15087;[73,174,67,36,149,83,59,57,132,75,163,133,12,185,54,120,169,84,89,3,161,159,15,135,194,115,46,44,37,190,109,10,184,51,34,91,69,28,8,118,180,53,188,48,92,90,131,148,93,14,178,142,66,61,145,94,13,151,7,38,176,35,97,111,52,2,95,107,123,50,155,65,198,17,82,18,0,77,196,170,129,25,105,4,6,88,70,108,21,106,154,122,197,24,72,78,86,110,171,189,49,127,30,114,182,139,29,137,158,128,85,1,117,167,157,173,186,79,42,27,193,172,39,32,55,125,33,192,165,40,87,181,68,9,103,162,147,23,136,144,156,146,31,143,191,183,164,41,152,130,102,62,5,134,112,104,99,63,74,20,138,168,140,126,16,71,19,98,60,179,47,43,187,76,101,141,11,58,64,96,177,199,166,22,195,119,81,153,80,26,150,56,100,175,113,116,124,160,45,121];True
8527;6561;15088;[73,174,67,36,149,83,59,57,132,75,163,133,12,185,54,120,157,84,89,3,161,159,15,135,194,115,46,44,37,190,109,10,184,51,34,91,69,28,8,118,180,53,188,48,92,90,131,148,93,14,178,142,66,61,145,94,13,151,7,38,176,35,97,111,52,2,95,107,123,50,155,65,198,17,82,18,0,77,196,170,129,25,105,4,6,88,70,108,21,106,154,122,197,24,72,78,86,110,171,189,49,127,30,114,182,139,29,137,158,128,85,1,117,167,169,173,186,79,42,27,193,172,39,32,55,125,33,192,165,40,87,181,68,9,103,162,147,23,136,144,156,146,31,143,191,183,164,41,152,130,102,62,5,134,112,104,99,63,74,20,138,168,140,126,16,71,19,98,60,179,47,43,187,76,101,141,11,58,64,96,177,199,166,22,195,119,81,153,80,26,150,56,100,175,113,116,124,160,45,121];True
8578;6560;15138;[50,174,67,36,149,83,59,57,132,75,163,133,12,185,54,120,157,84,89,3,161,159,15,135,194,115,46,44,37,190,109,10,184,51,34,91,69,28,8,118,180,53,188,48,92,90,131,148,93,14,178,142,66,61,145,94,13,151,7,38,176,35,97,111,52,2,95,107,123,73,155,65,198,17,82,18,0,77,196,170,129,25,105,4,6,88,70,108,21,106,154,122,197,24,72,78,86,110,171,189,49,127,30,114,182,139,29,137,158,128,85,1,117,167,169,173,186,79,42,27,193,172,39,32,55,125,33,192,165,40,87,181,68,9,103,162,147,23,136,144,156,146,31,143,191,183,164,41,152,130,102,62,5,134,112,104,99,63,74,20,138,168,140,126,16,71,19,98,60,179,47,43,187,76,101,141,11,58,64,96,177,199,166,22,195,119,81,153,80,26,150,56,100,175,113,116,124,160,45,121];True
8593;6559;15152;[73,174,67,36,149,83,59,57,132,75,137,133,12,185,54,120,169,84,89,3,161,159,15,135,194,115,46,44,37,190,109,10,184,51,34,91,69,28,8,118,180,53,188,48,92,90,131,148,93,14,178,142,66,61,145,94,13,151,7,38,176,35,97,111,52,2,95,107,123,50,155,65,198,17,82,18,0,77,196,170,129,25,105,4,6,88,70,108,21,106,154,122,197,24,72,78,86,110,171,189,49,127,30,114,182,139,29,163,158,128,85,1,117,167,157,173,186,79,42,27,193,172,39,32,55,125,33,192,165,40,87,181,68,9,103,162,147,23,136,144,156,146,31,143,191,183,164,41,152,130,102,62,5,134,112,104,99,63,74,20,138,168,140,126,16,71,19,98,60,179,47,43,187,76,101,141,11,58,64,96,177,199,166,22,195,119,81,153,80,26,150,56,100,175,113,116,124,160,45,121];True
8644;6558;15202;[50,174,67,36,149,83,59,57,132,75,137,133,12,185,54,120,169,84,89,3,161,159,15,135,194,115,46,44,37,190,109,10,184,51,34,91,69,28,8,118,180,53,188,48,92,90,131,148,93,14,178,142,66,61,145,94,13,151,7,38,176,35,97,111,52,2,95,107,123,73,155,65,198,17,82,18,0,77,196,170,129,25,105,4,6,88,70,108,21,106,154,122,197,24,72,78,86,110,171,189,49,127,30,114,182,139,29,163,158,128,85,1,117,167,157,173,186,79,42,27,193,172,39,32,55,125,33,192,165,40,87,181,68,9,103,162,147,23,136,144,156,146,31,143,191,183,164,41,152,130,102,62,5,134,112,104,99,63,74,20,138,168,140,126,16,71,19,98,60,179,47,43,187,76,101,141,11,58,64,96,177,199,166,22,195,119,81,153,80,26,150,56,100,175,113,116,124,160,45,121];True
8648;6555;15203;[50,174,67,36,149,83,59,57,132,75,137,133,12,185,54,120,157,84,89,3,161,159,15,135,194,115,46,44,37,190,109,10,184,51,34,91,69,28,8,118,180,53,188,48,92,90,131,148,93,14,178,142,66,61,145,94,13,151,7,38,176,35,97,111,52,2,95,107,123,73,155,65,198,17,82,18,0,77,196,170,129,25,105,4,6,88,70,108,21,106,154,122,197,24,72,78,86,110,171,189,49,127,30,114,182,139,29,163,158,128,85,1,117,167,169,173,186,79,42,27,193,172,39,32,55,125,33,192,165,40,87,181,68,9,103,162,147,23,136,144,156,146,31,143,191,183,164,41,152,130,102,62,5,134,112,104,99,63,74,20,138,168,140,126,16,71,19,98,60,179,47,43,187,76,101,141,11,58,64,96,177,199,166,22,195,119,81,153,80,26,150,56,100,175,113,116,124,160,45,121];True
8738;6553;15291;[73,174,23,136,149,83,59,57,132,75,137,133,12,185,111,26,169,84,89,3,161,159,15,135,194,115,46,44,37,190,109,66,184,51,34,91,69,28,8,118,180,53,188,48,92,90,131,148,93,14,178,142,10,61,145,94,13,151,7,38,176,35,97,128,52,2,167,107,123,50,155,65,198,17,82,18,0,77,196,170,129,25,105,4,6,88,70,108,21,106,154,122,197,24,72,78,86,110,171,189,49,127,30,114,182,139,29,163,158,175,85,1,117,120,157,173,186,79,42,27,193,172,39,32,55,125,33,192,165,40,87,181,68,9,103,162,147,67,95,144,156,146,31,143,191,183,164,41,152,130,102,62,5,134,112,104,99,63,74,20,138,168,140,126,16,71,19,98,60,179,47,43,187,76,101,141,11,58,64,96,177,199,166,22,195,119,81,153,80,36,150,56,100,54,113,116,124,160,45,121];True
8772;6550;15322;[73,174,23,136,149,83,59,57,132,75,137,133,12,185,76,26,169,84,89,3,161,159,15,135,194,115,46,44,37,190,109,66,184,51,34,91,69,28,8,118,180,53,188,48,92,90,131,148,93,14,178,142,10,61,145,94,13,151,7,38,176,35,97,128,52,2,167,107,123,50,155,65,198,17,82,18,0,77,196,170,129,25,105,4,6,88,70,108,21,106,154,122,197,24,72,78,86,110,171,189,49,127,30,114,182,139,29,163,158,175,85,1,117,120,157,173,186,79,42,27,193,172,39,32,55,125,33,192,165,40,87,181,68,9,103,162,147,67,95,144,156,146,31,143,191,183,164,41,152,130,102,62,5,134,112,104,99,63,74,20,138,168,140,126,16,71,19,98,60,179,47,43,187,111,101,141,11,58,64,96,177,199,166,22,195,119,81,153,80,36,150,56,100,54,113,116,124,160,45,121];True
8823;6549;15372;[50,174,23,136,149,83,59,57,132,75,137,133,12,185,76,26,169,84,89,3,161,159,15,135,194,115,46,44,37,190,109,66,184,51,34,91,69,28,8,118,180,53,188,48,92,90,131,148,93,14,178,142,10,61,145,94,13,151,7,38,176,35,97,128,52,2,167,107,123,73,155,65,198,17,82,18,0,77,196,170,129,25,105,4,6,88,70,108,21,106,154,122,197,24,72,78,86,110,171,189,49,127,30,114,182,139,29,163,158,175,85,1,117,120,157,173,186,79,42,27,193,172,39,32,55,125,33,192,165,40,87,181,68,9,103,162,147,67,95,144,156,146,31,143,191,183,164,41,152,130,102,62,5,134,112,104,99,63,74,20,138,168,140,126,16,71,19,98,60,179,47,43,187,111,101,141,11,58,64,96,177,199,166,22,195,119,81,153,80,36,150,56,100,54,113,116,124,160,45,121];True
8846;6545;15391;[73,174,23,136,149,83,59,57,132,75,137,133,12,185,76,26,169,173,89,3,161,159,15,135,194,115,46,44,37,190,109,66,184,51,34,91,69,28,8,118,180,53,188,48,92,90,131,148,93,14,178,142,10,61,145,94,13,151,7,38,176,35,97,128,52,2,167,107,123,50,155,65,198,17,82,18,0,77,196,170,129,25,105,4,6,88,70,108,21,106,154,122,197,24,72,78,86,110,171,189,49,127,30,114,182,139,29,163,158,175,85,1,117,120,157,84,186,79,42,27,193,172,39,32,55,125,33,192,165,40,87,181,68,9,103,162,147,67,95,144,156,146,31,143,191,183,164,41,152,130,102,62,5,134,112,104,99,63,74,20,138,168,140,126,16,71,19,98,60,179,47,43,187,111,101,141,11,58,64,96,177,199,166,22,195,119,81,153,80,36,150,56,100,54,113,116,124,160,45,121];True
8897;6544;15441;[50,174,23,136,149,83,59,57,132,75,137,133,12,185,76,26,169,173,89,3,161,159,15,135,194,115,46,44,37,190,109,66,184,51,34,91,69,28,8,118,180,53,188,48,92,90,131,148,93,14,178,142,10,61,145,94,13,151,7,38,176,35,97,128,52,2,167,107,123,73,155,65,198,17,82,18,0,77,196,170,129,25,105,4,6,88,70,108,21,106,154,122,197,24,72,78,86,110,171,189,49,127,30,114,182,139,29,163,158,175,85,1,117,120,157,84,186,79,42,27,193,172,39,32,55,125,33,192,165,40,87,181,68,9,103,162,147,67,95,144,156,146,31,143,191,183,164,41,152,130,102,62,5,134,112,104,99,63,74,20,138,168,140,126,16,71,19,98,60,179,47,43,187,111,101,141,11,58,64,96,177,199,166,22,195,119,81,153,80,36,150,56,100,54,113,116,124,160,45,121];True
8942;6542;15484;[73,174,23,136,149,83,59,57,132,75,163,86,12,185,133,26,169,84,89,3,161,159,15,135,194,115,46,44,37,190,109,10,184,51,34,91,69,28,8,118,180,53,188,48,92,90,131,148,93,14,178,142,66,61,145,94,13,151,7,38,176,35,97,128,52,2,167,107,123,50,155,65,198,17,82,18,0,77,196,170,129,25,105,4,6,88,70,108,21,106,154,122,197,24,72,78,111,110,171,189,49,127,30,114,182,139,29,137,158,175,85,1,117,120,157,173,186,79,42,27,193,172,39,32,55,125,33,192,165,40,87,181,68,9,103,162,147,67,95,144,156,146,31,143,191,183,164,41,152,130,102,62,5,134,112,104,99,63,74,20,138,168,140,126,16,71,19,98,60,179,47,43,187,76,101,141,11,58,64,96,177,199,166,22,195,119,81,153,80,36,150,56,100,54,113,116,124,160,45,121];True
8995;6539;15534;[73,174,23,136,149,83,59,57,132,75,163,133,12,185,76,26,193,173,89,3,161,159,15,135,194,115,46,44,37,190,109,10,184,51,34,91,69,28,8,118,180,53,188,48,92,90,131,148,93,14,178,142,66,61,145,94,13,151,7,38,176,35,97,128,52,2,167,107,123,50,155,65,198,17,82,18,0,77,196,170,129,25,105,4,6,88,70,108,21,106,154,122,197,24,72,78,86,110,171,189,49,127,30,114,182,139,29,137,158,175,85,1,117,120,157,84,186,79,42,27,169,172,39,32,55,125,33,192,165,40,87,181,68,9,103,162,147,67,95,144,156,146,31,143,191,183,164,41,152,130,102,62,5,134,112,104,99,63,74,20,138,168,140,126,16,71,19,98,60,179,47,43,187,111,101,141,11,58,64,96,177,199,166,22,195,119,81,153,80,36,150,56,100,54,113,116,124,160,45,121];True
8993;6541;15534;[50,174,23,136,149,83,59,57,132,75,163,86,12,185,133,26,169,84,89,3,161,159,15,135,194,115,46,44,37,190,109,10,184,51,34,91,69,28,8,118,180,53,188,48,92,90,131,148,93,14,178,142,66,61,145,94,13,151,7,38,176,35,97,128,52,2,167,107,123,73,155,65,198,17,82,18,0,77,196,170,129,25,105,4,6,88,70,108,21,106,154,122,197,24,72,78,111,110,171,189,49,127,30,114,182,139,29,137,158,175,85,1,117,120,157,173,186,79,42,27,193,172,39,32,55,125,33,192,165,40,87,181,68,9,103,162,147,67,95,144,156,146,31,143,191,183,164,41,152,130,102,62,5,134,112,104,99,63,74,20,138,168,140,126,16,71,19,98,60,179,47,43,187,76,101,141,11,58,64,96,177,199,166,22,195,119,81,153,80,36,150,56,100,54,113,116,124,160,45,121];True
9065;6534;15599;[73,174,23,136,149,83,59,57,132,75,137,133,12,185,76,26,193,173,89,3,161,159,15,135,194,115,46,44,37,190,109,10,184,51,34,91,69,28,8,118,180,53,188,48,92,90,131,148,93,14,178,142,66,61,145,94,13,151,7,38,176,35,97,128,52,2,167,107,123,50,155,65,198,17,82,18,0,77,196,170,129,25,105,4,6,88,70,108,21,106,154,122,197,24,72,78,86,110,171,189,49,127,30,114,182,139,29,163,158,175,85,1,117,120,157,84,186,79,42,27,169,172,39,32,55,125,33,192,165,40,87,181,68,9,103,162,147,67,95,144,156,146,31,143,191,183,164,41,152,130,102,62,5,134,112,104,99,63,74,20,138,168,140,126,16,71,19,98,60,179,47,43,187,111,101,141,11,58,64,96,177,199,166,22,195,119,81,153,80,36,150,56,100,54,113,116,124,160,45,121];True
9116;6533;15649;[50,174,23,136,149,83,59,57,132,75,137,133,12,185,76,26,193,173,89,3,161,159,15,135,194,115,46,44,37,190,109,10,184,51,34,91,69,28,8,118,180,53,188,48,92,90,131,148,93,14,178,142,66,61,145,94,13,151,7,38,176,35,97,128,52,2,167,107,123,73,155,65,198,17,82,18,0,77,196,170,129,25,105,4,6,88,70,108,21,106,154,122,197,24,72,78,86,110,171,189,49,127,30,114,182,139,29,163,158,175,85,1,117,120,157,84,186,79,42,27,169,172,39,32,55,125,33,192,165,40,87,181,68,9,103,162,147,67,95,144,156,146,31,143,191,183,164,41,152,130,102,62,5,134,112,104,99,63,74,20,138,168,140,126,16,71,19,98,60,179,47,43,187,111,101,141,11,58,64,96,177,199,166,22,195,119,81,153,80,36,150,56,100,54,113,116,124,160,45,121];True
9204;6530;15734;[73,174,67,36,149,11,59,57,132,75,163,86,151,185,133,98,193,173,89,3,161,159,15,135,194,115,46,44,37,190,109,10,184,51,34,91,69,28,8,118,180,53,188,48,92,90,131,148,93,14,178,142,66,61,145,94,13,12,7,38,176,35,97,128,52,2,167,107,123,50,155,65,198,17,82,18,0,95,196,170,77,25,105,4,6,88,70,108,21,106,154,122,197,24,72,78,111,110,171,189,49,127,30,114,182,139,29,137,158,175,85,1,117,120,157,84,186,79,42,27,169,172,39,32,55,125,33,192,165,40,87,181,68,9,103,162,147,23,136,144,156,146,31,143,191,183,164,41,152,130,102,62,5,134,112,104,99,63,74,20,138,168,140,126,16,71,19,83,60,179,47,43,187,76,101,141,80,58,64,96,177,199,166,22,195,119,81,153,129,26,150,56,100,54,113,116,124,160,45,121];True
9255;6529;15784;[50,174,67,36,149,11,59,57,132,75,163,86,151,185,133,98,193,173,89,3,161,159,15,135,194,115,46,44,37,190,109,10,184,51,34,91,69,28,8,118,180,53,188,48,92,90,131,148,93,14,178,142,66,61,145,94,13,12,7,38,176,35,97,128,52,2,167,107,123,73,155,65,198,17,82,18,0,95,196,170,77,25,105,4,6,88,70,108,21,106,154,122,197,24,72,78,111,110,171,189,49,127,30,114,182,139,29,137,158,175,85,1,117,120,157,84,186,79,42,27,169,172,39,32,55,125,33,192,165,40,87,181,68,9,103,162,147,23,136,144,156,146,31,143,191,183,164,41,152,130,102,62,5,134,112,104,99,63,74,20,138,168,140,126,16,71,19,83,60,179,47,43,187,76,101,141,80,58,64,96,177,199,166,22,195,119,81,153,129,26,150,56,100,54,113,116,124,160,45,121];True
9337;6528;15865;[73,174,23,75,149,11,59,57,132,152,163,86,12,185,133,98,193,173,89,3,130,159,15,135,194,115,46,44,37,190,109,10,184,51,34,91,69,28,8,118,180,53,188,48,92,90,131,148,93,14,178,142,66,61,145,94,13,151,7,38,176,35,97,128,52,2,167,107,123,50,155,65,198,17,82,18,0,36,196,170,77,25,105,4,6,88,70,108,21,106,154,122,197,24,72,78,111,110,171,189,49,127,30,114,182,139,29,137,158,175,85,1,117,120,157,84,186,79,42,27,169,172,39,32,55,125,33,192,165,40,87,181,68,9,103,162,147,67,95,144,156,146,31,143,191,183,164,41,136,161,102,62,5,134,112,104,99,63,74,20,138,168,140,126,16,71,19,83,60,179,47,43,187,76,101,141,80,58,64,96,177,199,166,22,195,119,81,153,129,26,150,56,100,54,113,116,124,160,45,121];True
9363;6527;15890;[73,174,23,75,149,11,59,57,132,152,163,86,151,185,133,98,193,173,89,3,130,159,15,135,194,115,46,44,37,190,109,10,184,51,34,91,69,28,8,118,180,53,188,48,92,90,131,148,93,14,178,142,66,61,145,94,13,12,7,38,176,35,97,128,52,2,167,107,123,50,155,65,198,17,82,18,0,36,196,170,77,25,105,4,6,88,70,108,21,106,154,122,197,24,72,78,111,110,171,189,49,127,30,114,182,139,29,137,158,175,85,1,117,120,157,84,186,79,42,27,169,172,39,32,55,125,33,192,165,40,87,181,68,9,103,162,147,67,95,144,156,146,31,143,191,183,164,41,136,161,102,62,5,134,112,104,99,63,74,20,138,168,140,126,16,71,19,83,60,179,47,43,187,76,101,141,80,58,64,96,177,199,166,22,195,119,81,153,129,26,150,56,100,54,113,116,124,160,45,121];True
9380;6521;15901;[73,174,23,136,149,11,59,57,132,75,163,86,151,185,133,98,193,173,89,3,161,159,15,135,194,115,46,44,37,190,109,10,184,51,34,91,69,28,8,118,180,53,188,48,92,90,131,148,93,14,178,142,66,61,145,94,13,12,7,38,176,35,97,128,52,2,167,107,123,50,155,65,198,17,82,18,0,36,196,170,77,25,105,4,6,88,70,108,21,106,154,122,197,24,72,78,111,110,171,189,49,127,30,114,182,139,29,137,158,175,85,1,117,120,157,84,186,79,42,27,169,172,39,32,55,125,33,192,165,40,87,181,68,9,103,162,147,67,95,144,156,146,31,143,191,183,164,41,152,130,102,62,5,134,112,104,99,63,74,20,138,168,140,126,16,71,19,83,60,179,47,43,187,76,101,141,80,58,64,96,177,199,166,22,195,119,81,153,129,26,150,56,100,54,113,116,124,160,45,121];True
9431;6520;15951;[50,174,23,136,149,11,59,57,132,75,163,86,151,185,133,98,193,173,89,3,161,159,15,135,194,115,46,44,37,190,109,10,184,51,34,91,69,28,8,118,180,53,188,48,92,90,131,148,93,14,178,142,66,61,145,94,13,12,7,38,176,35,97,128,52,2,167,107,123,73,155,65,198,17,82,18,0,36,196,170,77,25,105,4,6,88,70,108,21,106,154,122,197,24,72,78,111,110,171,189,49,127,30,114,182,139,29,137,158,175,85,1,117,120,157,84,186,79,42,27,169,172,39,32,55,125,33,192,165,40,87,181,68,9,103,162,147,67,95,144,156,146,31,143,191,183,164,41,152,130,102,62,5,134,112,104,99,63,74,20,138,168,140,126,16,71,19,83,60,179,47,43,187,76,101,141,80,58,64,96,177,199,166,22,195,119,81,153,129,26,150,56,100,54,113,116,124,160,45,121];True
9472;6519;15991;[73,174,23,136,149,11,59,57,132,152,163,86,151,185,133,98,193,173,89,3,161,159,15,135,194,115,46,44,37,190,109,10,184,51,34,91,69,28,8,118,180,53,188,48,92,90,131,148,93,14,178,142,66,61,145,94,13,12,7,38,176,35,97,128,52,2,167,107,123,50,155,65,198,17,82,18,0,36,196,170,77,25,105,4,6,88,70,108,21,106,154,122,197,24,72,78,111,110,171,189,49,127,30,114,182,139,29,137,158,175,85,1,117,120,157,84,186,79,42,27,169,172,39,32,55,125,33,192,165,40,87,181,68,9,103,162,147,67,95,144,156,146,31,143,191,183,164,41,75,130,102,62,5,134,112,104,99,63,74,20,138,168,140,126,16,71,19,83,60,179,47,43,187,76,101,141,80,58,64,96,177,199,166,22,195,119,81,153,129,26,150,56,100,54,113,116,124,160,45,121];True
9523;6518;16041;[50,174,23,136,149,11,59,57,132,152,163,86,151,185,133,98,193,173,89,3,161,159,15,135,194,115,46,44,37,190,109,10,184,51,34,91,69,28,8,118,180,53,188,48,92,90,131,148,93,14,178,142,66,61,145,94,13,12,7,38,176,35,97,128,52,2,167,107,123,73,155,65,198,17,82,18,0,36,196,170,77,25,105,4,6,88,70,108,21,106,154,122,197,24,72,78,111,110,171,189,49,127,30,114,182,139,29,137,158,175,85,1,117,120,157,84,186,79,42,27,169,172,39,32,55,125,33,192,165,40,87,181,68,9,103,162,147,67,95,144,156,146,31,143,191,183,164,41,75,130,102,62,5,134,112,104,99,63,74,20,138,168,140,126,16,71,19,83,60,179,47,43,187,76,101,141,80,58,64,96,177,199,166,22,195,119,81,153,129,26,150,56,100,54,113,116,124,160,45,121];True
