utilA;utilB;utilSum;contract;pareto
1568;7426;8994;[34,4,129,70,19,87,121,178,127,132,130,84,77,112,93,147,66,157,103,105,74,188,144,184,142,117,57,61,45,138,41,49,78,128,42,101,197,168,145,126,35,160,91,1,33,124,180,196,36,46,140,92,82,23,189,81,0,85,22,26,176,193,109,20,170,166,38,139,63,118,48,194,182,198,174,9,143,67,32,72,163,25,51,50,190,10,165,113,156,71,44,65,37,94,173,18,131,119,11,59,80,100,30,134,148,195,97,58,158,43,7,136,181,68,123,6,149,60,54,151,110,187,39,107,55,14,13,172,12,89,75,125,15,135,53,183,69,159,164,90,28,155,73,99,106,95,115,152,2,161,102,86,133,76,122,116,17,8,16,56,21,108,192,40,104,31,29,154,52,179,27,185,111,96,171,141,98,114,64,79,177,47,88,5,186,199,83,153,150,24,167,137,175,62,120,3,169,191,162,146];True
1563;7431;8994;[34,4,129,70,19,87,121,178,127,132,130,84,77,112,93,147,66,157,103,105,74,188,144,184,142,117,57,61,45,65,41,49,78,128,42,101,197,168,145,126,35,160,91,1,33,124,180,196,36,46,140,92,82,23,189,81,0,85,22,26,176,193,109,20,170,166,38,139,63,118,48,194,182,198,174,9,143,67,32,72,163,25,51,50,190,10,165,113,156,71,44,138,37,94,173,18,131,119,11,59,80,100,30,134,148,195,97,58,158,43,7,136,181,68,123,6,149,60,54,151,110,187,39,107,55,14,13,172,12,89,75,125,15,135,53,183,69,159,164,90,28,155,73,99,106,95,115,152,2,161,102,86,133,76,122,116,17,8,16,56,21,108,192,40,104,31,29,154,52,179,27,185,111,96,171,141,98,114,64,79,177,47,88,5,186,199,83,153,150,24,167,137,175,62,120,3,169,191,162,146];True
1588;7406;8994;[34,4,129,70,19,87,121,178,127,132,130,84,77,112,93,147,66,157,103,105,74,188,144,9,142,117,57,61,45,65,41,49,78,128,42,101,197,168,145,126,143,160,91,1,33,124,180,196,36,46,140,92,82,23,189,81,0,85,22,26,176,193,109,20,170,166,38,139,63,118,48,194,182,198,174,184,35,67,32,72,163,25,51,50,190,10,165,113,156,71,44,138,37,94,173,18,131,119,11,59,80,100,30,134,148,195,97,58,158,43,7,136,181,68,123,6,149,60,54,151,110,187,39,107,55,14,13,172,12,89,75,125,15,135,53,183,69,159,164,90,28,155,73,99,106,95,115,152,2,161,102,86,133,76,122,116,17,8,16,56,21,108,192,40,104,31,29,154,52,179,27,185,111,96,171,141,98,114,64,79,177,47,88,5,186,199,83,153,150,24,167,137,175,62,120,3,169,191,162,146];True
1593;7401;8994;[34,4,129,70,19,87,121,178,127,132,130,84,77,112,93,147,66,157,103,105,74,188,144,9,142,117,57,61,45,138,41,49,78,128,42,101,197,168,145,126,143,160,91,1,33,124,180,196,36,46,140,92,82,23,189,81,0,85,22,26,176,193,109,20,170,166,38,139,63,118,48,194,182,198,174,184,35,67,32,72,163,25,51,50,190,10,165,113,156,71,44,65,37,94,173,18,131,119,11,59,80,100,30,134,148,195,97,58,158,43,7,136,181,68,123,6,149,60,54,151,110,187,39,107,55,14,13,172,12,89,75,125,15,135,53,183,69,159,164,90,28,155,73,99,106,95,115,152,2,161,102,86,133,76,122,116,17,8,16,56,21,108,192,40,104,31,29,154,52,179,27,185,111,96,171,141,98,114,64,79,177,47,88,5,186,199,83,153,150,24,167,137,175,62,120,3,169,191,162,146];True
1599;7398;8997;[34,4,129,70,19,87,121,178,127,132,130,84,77,112,93,147,66,157,103,105,74,188,144,9,142,117,57,61,45,138,41,49,78,128,42,101,197,168,145,126,143,160,91,1,33,124,180,196,36,46,140,92,82,23,189,81,0,85,22,26,176,193,109,20,170,166,38,139,63,118,48,194,182,198,174,184,35,67,32,72,163,25,51,50,190,10,165,113,156,71,44,65,37,94,173,18,131,119,11,59,80,100,30,134,148,195,97,58,158,43,7,136,181,68,123,6,149,60,54,151,110,187,39,107,55,14,13,172,12,89,75,125,15,135,53,183,69,159,164,90,28,155,73,99,106,167,115,152,2,161,102,86,133,76,122,116,17,8,16,56,21,108,192,40,104,31,29,154,52,179,27,185,111,96,171,141,98,114,64,79,177,47,88,5,186,199,83,153,150,24,95,137,175,62,120,3,169,191,162,146];True
1574;7423;8997;[34,4,129,70,19,87,121,178,127,132,130,84,77,112,93,147,66,157,103,105,74,188,144,184,142,117,57,61,45,138,41,49,78,128,42,101,197,168,145,126,35,160,91,1,33,124,180,196,36,46,140,92,82,23,189,81,0,85,22,26,176,193,109,20,170,166,38,139,63,118,48,194,182,198,174,9,143,67,32,72,163,25,51,50,190,10,165,113,156,71,44,65,37,94,173,18,131,119,11,59,80,100,30,134,148,195,97,58,158,43,7,136,181,68,123,6,149,60,54,151,110,187,39,107,55,14,13,172,12,89,75,125,15,135,53,183,69,159,164,90,28,155,73,99,106,167,115,152,2,161,102,86,133,76,122,116,17,8,16,56,21,108,192,40,104,31,29,154,52,179,27,185,111,96,171,141,98,114,64,79,177,47,88,5,186,199,83,153,150,24,95,137,175,62,120,3,169,191,162,146];True
1636;7362;8998;[34,4,129,70,19,87,121,178,127,132,130,84,77,112,93,147,66,157,103,105,74,188,144,184,142,117,167,61,45,138,41,49,78,128,42,57,197,168,145,126,35,160,91,1,33,124,180,196,36,46,140,92,82,23,189,7,0,85,22,26,176,193,109,20,170,166,38,139,63,118,48,194,182,198,174,9,143,67,32,72,163,25,51,50,190,10,165,113,156,71,44,65,37,94,173,18,131,119,11,59,80,100,30,134,148,195,97,58,158,43,52,101,181,68,123,6,149,60,54,151,110,81,39,107,55,14,13,172,12,89,75,125,15,135,53,183,69,159,164,90,28,155,73,99,106,136,115,152,2,161,102,86,133,76,122,116,17,8,16,56,21,108,192,40,104,31,29,154,187,179,27,185,111,96,171,141,98,114,64,79,177,47,88,5,186,199,83,153,150,24,95,137,175,62,120,3,169,191,162,146];True
1631;7367;8998;[34,4,129,70,19,87,121,178,127,132,130,84,77,112,93,147,66,157,103,105,74,188,144,184,142,117,167,61,45,65,41,49,78,128,42,57,197,168,145,126,35,160,91,1,33,124,180,196,36,46,140,92,82,23,189,7,0,85,22,26,176,193,109,20,170,166,38,139,63,118,48,194,182,198,174,9,143,67,32,72,163,25,51,50,190,10,165,113,156,71,44,138,37,94,173,18,131,119,11,59,80,100,30,134,148,195,97,58,158,43,52,101,181,68,123,6,149,60,54,151,110,81,39,107,55,14,13,172,12,89,75,125,15,135,53,183,69,159,164,90,28,155,73,99,106,136,115,152,2,161,102,86,133,76,122,116,17,8,16,56,21,108,192,40,104,31,29,154,187,179,27,185,111,96,171,141,98,114,64,79,177,47,88,5,186,199,83,153,150,24,95,137,175,62,120,3,169,191,162,146];True
1661;7337;8998;[34,4,129,70,19,87,121,178,127,132,130,84,77,112,93,147,66,157,103,105,74,188,144,9,142,117,167,61,45,138,41,49,78,128,42,57,197,168,145,126,143,160,91,1,33,124,180,196,36,46,140,92,82,23,189,7,0,85,22,26,176,193,109,20,170,166,38,139,63,118,48,194,182,198,174,184,35,67,32,72,163,25,51,50,190,10,165,113,156,71,44,65,37,94,173,18,131,119,11,59,80,100,30,134,148,195,97,58,158,43,52,101,181,68,123,6,149,60,54,151,110,81,39,107,55,14,13,172,12,89,75,125,15,135,53,183,69,159,164,90,28,155,73,99,106,136,115,152,2,161,102,86,133,76,122,116,17,8,16,56,21,108,192,40,104,31,29,154,187,179,27,185,111,96,171,141,98,114,64,79,177,47,88,5,186,199,83,153,150,24,95,137,175,62,120,3,169,191,162,146];True
1656;7342;8998;[34,4,129,70,19,87,121,178,127,132,130,84,77,112,93,147,66,157,103,105,74,188,144,9,142,117,167,61,45,65,41,49,78,128,42,57,197,168,145,126,143,160,91,1,33,124,180,196,36,46,140,92,82,23,189,7,0,85,22,26,176,193,109,20,170,166,38,139,63,118,48,194,182,198,174,184,35,67,32,72,163,25,51,50,190,10,165,113,156,71,44,138,37,94,173,18,131,119,11,59,80,100,30,134,148,195,97,58,158,43,52,101,181,68,123,6,149,60,54,151,110,81,39,107,55,14,13,172,12,89,75,125,15,135,53,183,69,159,164,90,28,155,73,99,106,136,115,152,2,161,102,86,133,76,122,116,17,8,16,56,21,108,192,40,104,31,29,154,187,179,27,185,111,96,171,141,98,114,64,79,177,47,88,5,186,199,83,153,150,24,95,137,175,62,120,3,169,191,162,146];True
1582;7418;9000;[34,4,129,70,19,87,121,178,127,132,130,84,77,112,93,147,66,157,103,105,74,188,144,9,142,117,57,61,45,138,41,49,78,128,42,101,197,168,145,126,35,160,91,1,33,124,180,196,36,46,140,92,82,23,189,81,0,85,22,26,176,193,109,20,170,166,38,139,63,118,48,194,182,198,174,184,143,67,32,72,163,25,51,50,190,10,165,113,156,71,44,65,37,94,173,18,131,119,11,59,80,100,30,134,148,195,97,58,158,43,7,136,181,68,123,6,149,60,54,151,110,187,39,107,55,14,13,172,12,89,75,125,15,135,53,183,69,159,164,90,28,155,73,99,106,95,115,152,2,161,102,86,133,76,122,116,17,8,16,56,21,108,192,40,104,31,29,154,52,179,27,185,111,96,171,141,98,114,64,79,177,47,88,5,186,199,83,153,150,24,167,137,175,62,120,3,169,191,162,146];True
1622;7381;9003;[34,4,129,70,19,87,121,178,127,7,130,84,77,112,93,147,66,157,103,105,74,188,144,9,142,117,167,61,45,138,41,49,78,128,42,57,197,168,145,126,143,160,91,1,33,124,180,196,36,46,140,92,82,23,189,81,0,85,22,26,176,193,109,20,170,166,38,139,63,118,48,194,182,198,174,184,35,67,32,72,163,25,51,50,190,10,165,113,156,71,44,65,37,94,173,18,131,119,11,59,80,100,30,134,148,195,97,58,158,2,115,101,181,68,123,6,149,60,54,151,110,187,39,107,55,14,13,172,12,89,75,125,15,135,53,183,69,159,164,90,28,155,73,99,106,136,132,152,43,161,102,86,133,76,122,116,17,8,16,56,21,108,192,40,104,31,29,154,52,179,27,185,111,96,171,141,98,114,64,79,177,47,88,5,186,199,83,153,150,24,95,137,175,62,120,3,169,191,162,146];True
1617;7386;9003;[34,4,129,70,19,87,121,178,127,7,130,84,77,112,93,147,66,157,103,105,74,188,144,9,142,117,167,61,45,65,41,49,78,128,42,57,197,168,145,126,143,160,91,1,33,124,180,196,36,46,140,92,82,23,189,81,0,85,22,26,176,193,109,20,170,166,38,139,63,118,48,194,182,198,174,184,35,67,32,72,163,25,51,50,190,10,165,113,156,71,44,138,37,94,173,18,131,119,11,59,80,100,30,134,148,195,97,58,158,2,115,101,181,68,123,6,149,60,54,151,110,187,39,107,55,14,13,172,12,89,75,125,15,135,53,183,69,159,164,90,28,155,73,99,106,136,132,152,43,161,102,86,133,76,122,116,17,8,16,56,21,108,192,40,104,31,29,154,52,179,27,185,111,96,171,141,98,114,64,79,177,47,88,5,186,199,83,153,150,24,95,137,175,62,120,3,169,191,162,146];True
1630;7374;9004;[34,4,129,70,19,87,121,178,127,7,130,84,77,112,93,147,66,157,103,105,74,188,144,9,142,117,167,61,45,65,41,49,78,128,42,57,197,168,145,126,143,160,91,1,33,124,180,196,36,46,140,92,82,23,189,81,0,85,22,26,176,193,109,20,170,166,38,139,63,118,48,194,182,198,174,184,35,67,32,72,163,25,51,50,190,10,165,113,156,71,44,138,37,94,173,18,131,119,11,59,80,100,30,134,148,195,97,58,158,43,115,101,181,68,123,6,149,60,54,151,110,187,39,107,55,14,13,172,12,89,75,125,15,135,53,183,69,159,164,90,28,155,73,99,106,136,132,152,2,161,102,86,133,76,122,116,17,8,16,56,21,108,192,40,104,31,29,154,52,179,27,185,111,96,171,141,98,114,64,79,177,47,88,5,186,199,83,153,150,24,95,137,175,62,120,3,169,191,162,146];True
1650;7354;9004;[34,4,129,70,19,87,121,178,127,132,130,84,77,112,93,147,66,157,103,105,74,188,144,9,142,117,167,61,45,138,41,49,78,128,42,57,197,168,145,126,35,160,91,1,33,124,180,196,36,46,140,92,82,23,189,7,0,85,22,26,176,193,109,20,170,166,38,139,63,118,48,194,182,198,174,184,143,67,32,72,163,25,51,50,190,10,165,113,156,71,44,65,37,94,173,18,131,119,11,59,80,100,30,134,148,195,97,58,158,43,52,101,181,68,123,6,149,60,54,151,110,81,39,107,55,14,13,172,12,89,75,125,15,135,53,183,69,159,164,90,28,155,73,99,106,136,115,152,2,161,102,86,133,76,122,116,17,8,16,56,21,108,192,40,104,31,29,154,187,179,27,185,111,96,171,141,98,114,64,79,177,47,88,5,186,199,83,153,150,24,95,137,175,62,120,3,169,191,162,146];True
1608;7396;9004;[34,4,129,70,19,87,121,178,111,132,130,84,77,112,93,147,66,157,103,105,74,188,144,9,142,117,57,61,45,138,41,49,78,128,42,101,197,168,145,126,143,160,91,1,33,124,180,196,36,46,140,92,82,23,189,81,0,85,22,26,176,193,109,20,170,166,38,139,63,118,48,194,182,198,174,184,35,67,32,72,163,25,51,50,190,10,165,113,156,71,44,65,37,94,173,18,131,119,11,59,80,100,30,134,148,195,97,58,158,43,7,136,181,68,123,6,149,60,54,151,110,187,39,107,55,14,13,172,12,89,75,125,15,135,53,183,69,159,164,90,28,155,73,99,106,95,115,152,2,161,102,86,133,76,122,116,17,8,16,56,21,108,192,40,104,31,29,154,52,179,27,185,127,96,171,141,98,114,64,79,177,47,88,5,186,199,83,153,150,24,167,137,175,62,120,3,169,191,162,146];True
1645;7359;9004;[34,4,129,70,19,87,121,178,127,132,130,84,77,112,93,147,66,157,103,105,74,188,144,9,142,117,167,61,45,65,41,49,78,128,42,57,197,168,145,126,35,160,91,1,33,124,180,196,36,46,140,92,82,23,189,7,0,85,22,26,176,193,109,20,170,166,38,139,63,118,48,194,182,198,174,184,143,67,32,72,163,25,51,50,190,10,165,113,156,71,44,138,37,94,173,18,131,119,11,59,80,100,30,134,148,195,97,58,158,43,52,101,181,68,123,6,149,60,54,151,110,81,39,107,55,14,13,172,12,89,75,125,15,135,53,183,69,159,164,90,28,155,73,99,106,136,115,152,2,161,102,86,133,76,122,116,17,8,16,56,21,108,192,40,104,31,29,154,187,179,27,185,111,96,171,141,98,114,64,79,177,47,88,5,186,199,83,153,150,24,95,137,175,62,120,3,169,191,162,146];True
1614;7393;9007;[34,4,129,70,19,87,121,178,111,132,130,84,77,112,93,147,66,157,103,105,74,188,144,9,142,117,57,61,45,138,41,49,78,128,42,101,197,168,145,126,143,160,91,1,33,124,180,196,36,46,140,92,82,23,189,81,0,85,22,26,176,193,109,20,170,166,38,139,63,118,48,194,182,198,174,184,35,67,32,72,163,25,51,50,190,10,165,113,156,71,44,65,37,94,173,18,131,119,11,59,80,100,30,134,148,195,97,58,158,43,7,136,181,68,123,6,149,60,54,151,110,187,39,107,55,14,13,172,12,89,75,125,15,135,53,183,69,159,164,90,28,155,73,99,106,167,115,152,2,161,102,86,133,76,122,116,17,8,16,56,21,108,192,40,104,31,29,154,52,179,27,185,127,96,171,141,98,114,64,79,177,47,88,5,186,199,83,153,150,24,95,137,175,62,120,3,169,191,162,146];True
1676;7332;9008;[34,4,129,70,19,87,121,178,111,132,130,84,77,112,93,147,66,157,103,105,74,188,144,9,142,117,167,61,45,138,41,49,78,128,42,57,197,168,145,126,143,160,91,1,33,124,180,196,36,46,140,92,82,23,189,7,0,85,22,26,176,193,109,20,170,166,38,139,63,118,48,194,182,198,174,184,35,67,32,72,163,25,51,50,190,10,165,113,156,71,44,65,37,94,173,18,131,119,11,59,80,100,30,134,148,195,97,58,158,43,52,101,181,68,123,6,149,60,54,151,110,81,39,107,55,14,13,172,12,89,75,125,15,135,53,183,69,159,164,90,28,155,73,99,106,136,115,152,2,161,102,86,133,76,122,116,17,8,16,56,21,108,192,40,104,31,29,154,187,179,27,185,127,96,171,141,98,114,64,79,177,47,88,5,186,199,83,153,150,24,95,137,175,62,120,3,169,191,162,146];True
1681;7328;9009;[34,4,129,70,19,87,121,178,127,132,130,84,77,112,93,147,66,157,103,105,74,188,144,9,142,117,167,61,45,138,41,49,78,128,42,57,197,168,145,126,143,160,91,1,33,124,180,196,36,46,140,92,82,23,189,7,0,85,22,26,176,193,109,20,170,166,38,139,63,118,48,194,182,198,174,184,35,67,32,72,163,25,51,50,190,10,165,113,156,71,44,65,37,94,173,18,131,119,11,59,80,100,30,134,148,195,97,58,158,43,187,101,181,68,123,6,149,60,54,151,110,81,39,107,55,14,13,172,12,89,75,125,15,135,53,183,69,159,164,90,28,155,73,99,106,136,115,152,2,161,102,86,133,76,122,116,17,8,16,56,21,108,192,40,104,31,29,154,52,179,27,185,111,96,171,141,98,114,64,79,177,47,88,5,186,199,83,153,150,24,95,137,175,62,120,3,169,191,162,146];True
1675;7335;9010;[34,4,129,70,19,87,121,178,127,132,130,84,77,112,93,147,66,157,103,105,74,188,144,9,142,117,167,61,45,138,41,49,78,128,42,57,197,168,145,126,143,160,91,1,33,124,180,196,36,46,140,92,82,23,189,7,0,85,22,26,176,193,109,20,170,166,38,139,63,118,48,194,182,198,174,184,35,67,32,72,163,25,51,50,190,10,165,113,156,71,44,65,37,94,173,18,131,119,11,59,80,100,30,134,148,195,97,58,158,43,101,52,181,68,123,6,149,60,54,151,110,81,39,107,55,14,13,172,12,89,75,125,15,135,53,183,69,159,164,90,28,155,73,99,106,136,115,152,2,161,102,86,133,76,122,116,17,8,16,56,21,108,192,40,104,31,29,154,187,179,27,185,111,96,171,141,98,114,64,79,177,47,88,5,186,199,83,153,150,24,95,137,175,62,120,3,169,191,162,146];True
1689;7325;9014;[34,4,129,70,19,87,121,178,127,132,130,84,77,112,93,147,66,157,103,105,74,188,144,9,142,117,167,61,45,138,41,49,78,128,42,57,197,168,145,126,143,160,91,1,33,124,180,196,36,46,140,92,82,24,189,7,0,85,22,26,176,193,109,20,170,166,38,139,63,118,48,194,182,198,174,184,35,67,32,72,163,25,51,50,190,10,165,113,156,71,44,65,37,94,173,18,131,119,11,59,80,100,30,134,148,195,97,58,158,43,52,101,181,68,123,6,149,60,54,151,110,81,39,107,55,14,13,172,12,89,75,125,15,135,53,183,69,159,164,90,28,155,73,99,106,136,115,152,2,161,102,86,133,76,122,116,17,8,16,56,21,108,192,40,104,31,29,154,187,179,27,185,111,96,171,141,98,114,64,79,177,47,88,5,186,199,83,153,150,23,95,137,175,62,120,3,169,191,162,146];True
1696;7323;9019;[34,4,129,70,19,87,121,178,111,132,130,84,77,112,93,147,66,157,103,105,74,188,144,9,142,117,167,61,45,138,41,49,78,128,42,57,197,168,145,126,143,160,91,1,33,124,180,196,36,46,140,92,82,23,189,7,0,85,22,26,176,193,109,20,170,166,38,139,63,118,48,194,182,198,174,184,35,67,32,72,163,25,51,50,190,10,165,113,156,71,44,65,37,94,173,18,131,119,11,59,80,100,30,134,148,195,97,58,158,43,187,101,181,68,123,6,149,60,54,151,110,81,39,107,55,14,13,172,12,89,75,125,15,135,53,183,69,159,164,90,28,155,73,99,106,136,115,152,2,161,102,86,133,76,122,116,17,8,16,56,21,108,192,40,104,31,29,154,52,179,27,185,127,96,171,141,98,114,64,79,177,47,88,5,186,199,83,153,150,24,95,137,175,62,120,3,169,191,162,146];True
1550;7473;9023;[34,4,129,70,19,87,121,178,127,132,130,84,77,112,93,147,66,157,103,105,74,188,144,184,142,117,57,61,45,65,41,49,78,128,42,101,197,168,145,126,35,160,91,1,33,124,180,196,36,46,140,92,82,23,189,81,0,85,22,26,176,193,109,20,170,166,38,139,63,118,48,194,182,198,174,9,143,67,32,72,163,25,51,50,190,10,165,113,156,71,44,138,37,94,173,18,131,119,11,59,80,100,30,134,148,195,97,58,158,43,7,136,181,68,123,6,149,60,54,151,110,187,39,107,55,14,13,172,12,89,75,125,15,108,53,183,69,159,164,90,28,155,73,99,106,167,115,152,2,161,102,86,133,76,122,116,17,8,16,56,21,135,192,40,104,31,29,154,52,179,27,185,111,96,171,141,98,114,64,79,177,47,88,5,186,199,83,153,150,24,95,137,175,62,120,3,169,191,162,146];True
1555;7468;9023;[34,4,129,70,19,87,121,178,127,132,130,84,77,112,93,147,66,157,103,105,74,188,144,184,142,117,57,61,45,65,41,49,78,128,42,101,197,168,145,126,35,160,91,1,33,124,180,196,36,46,140,92,82,23,189,81,0,85,22,26,176,193,109,20,170,166,38,139,63,118,48,194,182,198,15,9,143,67,32,72,163,25,51,50,190,10,165,113,156,71,44,138,37,94,173,18,131,119,11,59,80,100,30,134,148,195,97,58,158,43,7,136,181,68,123,6,149,60,54,151,110,187,39,107,55,14,13,172,12,89,75,125,174,135,53,183,69,159,164,90,28,155,73,99,106,167,115,152,2,161,102,86,133,76,122,116,17,8,16,56,21,108,192,40,104,31,29,154,52,179,27,185,111,96,171,141,98,114,64,79,177,47,88,5,186,199,83,153,150,24,95,137,175,62,120,3,169,191,162,146];True
1704;7319;9023;[34,4,129,70,19,87,121,178,127,132,130,84,77,112,93,147,66,157,103,105,74,188,144,9,142,117,167,61,45,138,41,49,78,128,42,57,197,168,145,126,143,160,91,1,33,124,180,196,36,46,140,92,82,23,189,7,0,85,22,26,176,193,109,20,170,166,38,139,63,118,48,194,182,198,174,184,35,67,32,72,163,25,51,50,190,10,165,113,156,71,44,65,37,94,173,18,131,119,11,59,80,100,30,134,148,195,97,58,158,43,187,101,181,68,123,6,137,60,54,151,110,81,39,107,55,14,13,172,12,89,75,125,15,135,53,183,69,159,164,90,28,155,73,99,106,136,115,152,2,161,102,86,133,76,122,116,17,8,16,56,21,108,192,40,104,31,29,154,52,179,27,185,111,96,171,141,98,114,64,79,177,47,88,5,186,199,83,153,150,24,95,149,175,62,120,3,169,191,162,146];True
1709;7316;9025;[34,4,129,70,19,87,121,178,127,132,130,84,77,112,93,147,66,157,103,105,74,188,144,9,142,117,167,61,45,138,41,49,78,128,42,57,197,168,145,126,143,160,91,1,33,124,180,196,36,46,140,92,82,24,189,7,0,85,22,26,176,193,109,20,170,166,38,139,63,118,48,194,182,198,174,184,35,67,32,72,163,25,51,50,190,10,165,113,156,71,44,65,37,94,173,18,131,119,11,59,80,100,30,134,148,195,97,58,158,43,187,101,181,68,123,6,149,60,54,151,110,81,39,107,55,14,13,172,12,89,75,125,15,135,53,183,69,159,164,90,28,155,73,99,106,136,115,152,2,161,102,86,133,76,122,116,17,8,16,56,21,108,192,40,104,31,29,154,52,179,27,185,111,96,171,141,98,114,64,79,177,47,88,5,186,199,83,153,150,23,95,137,175,62,120,3,169,191,162,146];True
1714;7312;9026;[34,4,168,70,19,87,121,178,127,132,130,84,77,112,93,147,66,157,103,105,74,188,144,9,142,117,167,61,45,65,41,49,78,128,42,57,197,125,145,126,143,160,91,1,33,124,180,196,36,46,140,92,82,23,189,81,0,85,22,26,176,193,109,20,170,166,38,139,63,118,48,194,182,198,174,184,35,67,32,72,163,25,51,50,190,10,165,113,156,71,44,138,37,94,173,18,131,119,11,59,80,100,30,134,148,195,97,58,158,43,7,101,181,68,123,6,149,60,54,151,110,187,39,107,55,14,13,172,12,89,75,129,15,135,53,183,69,159,164,90,28,155,73,99,106,136,115,152,2,161,102,86,133,76,122,116,17,8,16,56,21,108,192,40,104,31,29,154,52,179,27,185,111,96,171,141,98,114,64,79,177,47,88,5,186,199,83,153,150,24,95,137,175,62,120,3,169,191,162,146];True
1719;7307;9026;[34,4,168,70,19,87,121,178,127,132,130,84,77,112,93,147,66,157,103,105,74,188,144,9,142,117,167,61,45,138,41,49,78,128,42,57,197,125,145,126,143,160,91,1,33,124,180,196,36,46,140,92,82,23,189,81,0,85,22,26,176,193,109,20,170,166,38,139,63,118,48,194,182,198,174,184,35,67,32,72,163,25,51,50,190,10,165,113,156,71,44,65,37,94,173,18,131,119,11,59,80,100,30,134,148,195,97,58,158,43,7,101,181,68,123,6,149,60,54,151,110,187,39,107,55,14,13,172,12,89,75,129,15,135,53,183,69,159,164,90,28,155,73,99,106,136,115,152,2,161,102,86,133,76,122,116,17,8,16,56,21,108,192,40,104,31,29,154,52,179,27,185,111,96,171,141,98,114,64,79,177,47,88,5,186,199,83,153,150,24,95,137,175,62,120,3,169,191,162,146];True
1545;7483;9028;[34,195,129,70,19,87,121,178,127,132,130,84,77,112,93,147,66,157,103,105,74,188,144,184,142,117,57,61,45,65,41,49,78,128,42,101,197,168,145,126,35,160,91,1,33,124,180,196,36,46,140,92,82,23,189,81,0,85,22,26,176,193,109,20,170,166,38,139,63,118,48,194,182,198,174,9,143,67,32,72,163,25,51,50,190,10,165,113,156,71,44,138,37,94,173,18,131,119,11,59,80,100,30,134,148,4,97,58,158,43,7,136,181,68,123,6,149,60,54,151,110,187,39,107,55,14,13,172,12,89,75,125,15,135,53,183,69,159,164,90,28,155,73,99,106,167,115,152,2,161,102,86,133,76,122,116,17,8,16,56,21,108,192,40,104,31,29,154,52,179,27,185,111,96,171,141,98,114,64,79,177,47,88,5,186,199,83,153,150,24,95,137,175,62,120,3,169,191,162,146];True
1734;7302;9036;[34,4,168,70,19,87,121,178,111,132,130,84,77,112,93,147,66,157,103,105,74,188,144,9,142,117,167,61,45,138,41,49,78,128,42,57,197,125,145,126,143,160,91,1,33,124,180,196,36,46,140,92,82,23,189,81,0,85,22,26,176,193,109,20,170,166,38,139,63,118,48,194,182,198,174,184,35,67,32,72,163,25,51,50,190,10,165,113,156,71,44,65,37,94,173,18,131,119,11,59,80,100,30,134,148,195,97,58,158,43,7,101,181,68,123,6,149,60,54,151,110,187,39,107,55,14,13,172,12,89,75,129,15,135,53,183,69,159,164,90,28,155,73,99,106,136,115,152,2,161,102,86,133,76,122,116,17,8,16,56,21,108,192,40,104,31,29,154,52,179,27,185,127,96,171,141,98,114,64,79,177,47,88,5,186,199,83,153,150,24,95,137,175,62,120,3,169,191,162,146];True
1742;7298;9040;[34,4,168,70,19,87,121,178,127,132,130,84,77,112,93,147,66,157,103,105,74,188,144,9,142,117,167,61,45,138,41,49,78,128,42,57,197,125,145,126,143,160,91,1,33,124,180,196,36,46,140,92,82,23,189,81,0,85,22,26,176,193,109,20,170,166,38,139,63,118,48,194,182,198,174,184,35,67,32,72,163,25,51,50,190,10,165,113,156,71,44,65,37,94,173,18,131,119,11,59,80,100,30,134,148,195,97,58,158,43,7,101,181,68,123,6,137,60,54,151,110,187,39,107,55,14,13,172,12,89,75,129,15,135,53,183,69,159,164,90,28,155,73,99,106,136,115,152,2,161,102,86,133,76,122,116,17,8,16,56,21,108,192,40,104,31,29,154,52,179,27,185,111,96,171,141,98,114,64,79,177,47,88,5,186,199,83,153,150,24,95,149,175,62,120,3,169,191,162,146];True
1756;7285;9041;[34,4,109,70,19,87,121,178,127,132,130,84,77,112,93,147,66,157,103,105,74,188,144,9,142,117,167,61,45,138,41,49,78,128,42,57,197,125,145,126,143,160,91,1,33,124,180,196,36,46,140,92,82,23,189,81,0,85,22,26,176,193,168,20,170,166,38,139,63,118,48,194,182,198,174,184,35,67,32,72,163,25,51,50,190,10,165,113,156,71,44,65,37,94,173,18,131,119,11,59,80,100,30,134,148,195,97,58,158,43,7,101,181,68,123,6,149,60,54,151,110,187,39,107,55,14,13,172,12,89,75,129,15,135,53,183,69,159,164,90,28,155,73,99,106,136,115,152,2,161,102,86,133,76,122,116,17,8,16,56,21,108,192,40,104,31,29,154,52,179,27,185,111,96,171,141,98,114,64,79,177,47,88,5,186,199,83,153,150,24,95,137,175,62,120,3,169,191,162,146];True
1751;7290;9041;[34,4,109,70,19,87,121,178,127,132,130,84,77,112,93,147,66,157,103,105,74,188,144,9,142,117,167,61,45,65,41,49,78,128,42,57,197,125,145,126,143,160,91,1,33,124,180,196,36,46,140,92,82,23,189,81,0,85,22,26,176,193,168,20,170,166,38,139,63,118,48,194,182,198,174,184,35,67,32,72,163,25,51,50,190,10,165,113,156,71,44,138,37,94,173,18,131,119,11,59,80,100,30,134,148,195,97,58,158,43,7,101,181,68,123,6,149,60,54,151,110,187,39,107,55,14,13,172,12,89,75,129,15,135,53,183,69,159,164,90,28,155,73,99,106,136,115,152,2,161,102,86,133,76,122,116,17,8,16,56,21,108,192,40,104,31,29,154,52,179,27,185,111,96,171,141,98,114,64,79,177,47,88,5,186,199,83,153,150,24,95,137,175,62,120,3,169,191,162,146];True
1746;7295;9041;[34,67,129,70,19,87,121,178,127,132,130,84,77,112,93,147,66,157,103,105,74,188,144,9,142,117,167,61,45,138,41,49,78,128,42,57,197,168,145,126,143,160,91,1,33,124,180,196,36,46,140,92,82,23,189,81,0,85,22,26,176,193,109,20,170,166,38,139,63,118,48,194,31,198,174,184,35,125,32,72,163,25,51,50,190,10,165,113,156,71,44,65,37,94,173,18,131,119,11,59,80,100,30,134,148,195,97,58,158,43,7,101,181,68,123,6,149,60,54,151,110,187,39,107,55,14,13,172,12,89,75,182,15,135,53,183,69,159,164,90,28,155,73,99,106,136,115,152,2,161,102,86,133,76,122,116,17,8,16,56,21,108,192,40,104,4,29,154,52,179,27,185,111,96,171,141,98,114,64,79,177,47,88,5,186,199,83,153,150,24,95,137,175,62,120,3,169,191,162,146];True
1741;7300;9041;[34,67,129,70,19,87,121,178,127,132,130,84,77,112,93,147,66,157,103,105,74,188,144,9,142,117,167,61,45,65,41,49,78,128,42,57,197,168,145,126,143,160,91,1,33,124,180,196,36,46,140,92,82,23,189,81,0,85,22,26,176,193,109,20,170,166,38,139,63,118,48,194,31,198,174,184,35,125,32,72,163,25,51,50,190,10,165,113,156,71,44,138,37,94,173,18,131,119,11,59,80,100,30,134,148,195,97,58,158,43,7,101,181,68,123,6,149,60,54,151,110,187,39,107,55,14,13,172,12,89,75,182,15,135,53,183,69,159,164,90,28,155,73,99,106,136,115,152,2,161,102,86,133,76,122,116,17,8,16,56,21,108,192,40,104,4,29,154,52,179,27,185,111,96,171,141,98,114,64,79,177,47,88,5,186,199,83,153,150,24,95,137,175,62,120,3,169,191,162,146];True
1771;7280;9051;[34,4,109,70,19,87,121,178,111,132,130,84,77,112,93,147,66,157,103,105,74,188,144,9,142,117,167,61,45,138,41,49,78,128,42,57,197,125,145,126,143,160,91,1,33,124,180,196,36,46,140,92,82,23,189,81,0,85,22,26,176,193,168,20,170,166,38,139,63,118,48,194,182,198,174,184,35,67,32,72,163,25,51,50,190,10,165,113,156,71,44,65,37,94,173,18,131,119,11,59,80,100,30,134,148,195,97,58,158,43,7,101,181,68,123,6,149,60,54,151,110,187,39,107,55,14,13,172,12,89,75,129,15,135,53,183,69,159,164,90,28,155,73,99,106,136,115,152,2,161,102,86,133,76,122,116,17,8,16,56,21,108,192,40,104,31,29,154,52,179,27,185,127,96,171,141,98,114,64,79,177,47,88,5,186,199,83,153,150,24,95,137,175,62,120,3,169,191,162,146];True
1779;7276;9055;[34,4,109,70,19,87,121,178,127,132,130,84,77,112,93,147,66,157,103,105,74,188,144,9,142,117,167,61,45,138,41,49,78,128,42,57,197,125,145,126,143,160,91,1,33,124,180,196,36,46,140,92,82,23,189,81,0,85,22,26,176,193,168,20,170,166,38,139,63,118,48,194,182,198,174,184,35,67,32,72,163,25,51,50,190,10,165,113,156,71,44,65,37,94,173,18,131,119,11,59,80,100,30,134,148,195,97,58,158,43,7,101,181,68,123,6,137,60,54,151,110,187,39,107,55,14,13,172,12,89,75,129,15,135,53,183,69,159,164,90,28,155,73,99,106,136,115,152,2,161,102,86,133,76,122,116,17,8,16,56,21,108,192,40,104,31,29,154,52,179,27,185,111,96,171,141,98,114,64,79,177,47,88,5,186,199,83,153,150,24,95,149,175,62,120,3,169,191,162,146];True
1784;7273;9057;[34,4,109,70,19,87,121,178,127,132,130,84,77,112,93,147,66,157,103,105,74,188,144,9,142,117,167,61,45,138,41,49,78,128,42,57,197,125,145,126,143,160,91,1,33,124,180,196,36,46,140,92,82,24,189,81,0,85,22,26,176,193,168,20,170,166,38,139,63,118,48,194,182,198,174,184,35,67,32,72,163,25,51,50,190,10,165,113,156,71,44,65,37,94,173,18,131,119,11,59,80,100,30,134,148,195,97,58,158,43,7,101,181,68,123,6,149,60,54,151,110,187,39,107,55,14,13,172,12,89,75,129,15,135,53,183,69,159,164,90,28,155,73,99,106,136,115,152,2,161,102,86,133,76,122,116,17,8,16,56,21,108,192,40,104,31,29,154,52,179,27,185,111,96,171,141,98,114,64,79,177,47,88,5,186,199,83,153,150,23,95,137,175,62,120,3,169,191,162,146];True
1540;7520;9060;[34,195,129,70,19,87,121,178,127,132,130,84,77,112,93,147,66,157,103,105,74,188,144,9,142,117,57,61,45,65,41,49,78,128,42,101,197,168,145,126,35,160,91,1,33,124,180,196,36,46,140,92,82,23,189,81,0,85,22,26,176,193,109,20,170,166,38,139,63,118,48,194,182,198,174,184,143,67,32,72,163,25,51,50,190,10,165,113,156,71,44,138,37,94,173,18,131,119,11,59,80,100,30,134,148,4,97,58,158,43,7,136,181,68,123,6,149,60,54,151,110,187,39,107,55,14,13,172,12,89,75,125,15,108,53,183,69,159,164,90,28,155,73,99,106,167,115,152,2,161,102,86,133,76,122,116,17,8,16,56,21,135,192,40,104,31,29,154,52,179,27,185,111,96,171,141,98,114,64,79,177,47,88,5,186,199,83,153,150,24,95,137,175,62,120,3,169,191,162,146];True
1794;7271;9065;[34,4,109,70,19,87,121,178,127,132,130,84,77,112,93,147,66,157,103,105,74,188,144,9,142,117,167,61,45,138,41,49,78,128,42,57,197,125,145,126,143,160,91,1,33,124,180,196,36,46,140,92,82,23,189,81,0,85,22,26,176,193,168,20,67,166,38,139,63,118,48,194,182,198,174,184,35,170,32,72,163,25,51,50,190,10,165,113,156,71,44,65,37,94,173,18,131,119,11,59,80,100,30,134,148,195,97,58,158,43,7,101,181,68,123,6,149,60,54,151,110,187,39,107,55,14,13,172,12,89,75,129,15,135,53,183,69,159,164,90,28,155,73,99,106,136,115,152,2,161,102,86,133,76,122,116,17,8,16,56,21,108,192,40,104,31,29,154,52,179,27,185,111,96,171,141,98,114,64,79,177,47,88,5,186,199,83,153,150,24,95,137,175,62,120,3,169,191,162,146];True
1799;7268;9067;[34,4,109,70,19,87,121,178,111,132,130,84,77,112,93,147,66,157,103,105,74,188,144,9,142,117,167,61,45,138,41,49,78,128,42,57,197,125,145,126,143,160,91,1,33,124,180,196,36,46,140,92,82,24,189,81,0,85,22,26,176,193,168,20,170,166,38,139,63,118,48,194,182,198,174,184,35,67,32,72,163,25,51,50,190,10,165,113,156,71,44,65,37,94,173,18,131,119,11,59,80,100,30,134,148,195,97,58,158,43,7,101,181,68,123,6,149,60,54,151,110,187,39,107,55,14,13,172,12,89,75,129,15,135,53,183,69,159,164,90,28,155,73,99,106,136,115,152,2,161,102,86,133,76,122,116,17,8,16,56,21,108,192,40,104,31,29,154,52,179,27,185,127,96,171,141,98,114,64,79,177,47,88,5,186,199,83,153,150,23,95,137,175,62,120,3,169,191,162,146];True
1807;7264;9071;[34,4,109,70,19,87,121,178,127,132,130,84,77,112,93,147,66,157,103,105,74,188,144,9,142,117,167,61,45,138,41,49,78,128,42,57,197,125,145,126,143,160,91,1,33,124,180,196,36,46,140,92,82,24,189,81,0,85,22,26,176,193,168,20,170,166,38,139,63,118,48,194,182,198,174,184,35,67,32,72,163,25,51,50,190,10,165,113,156,71,44,65,37,94,173,18,131,119,11,59,80,100,30,134,148,195,97,58,158,43,7,101,181,68,123,6,137,60,54,151,110,187,39,107,55,14,13,172,12,89,75,129,15,135,53,183,69,159,164,90,28,155,73,99,106,136,115,152,2,161,102,86,133,76,122,116,17,8,16,56,21,108,192,40,104,31,29,154,52,179,27,185,111,96,171,141,98,114,64,79,177,47,88,5,186,199,83,153,150,23,95,149,175,62,120,3,169,191,162,146];True
1815;7263;9078;[34,4,109,70,19,87,121,178,111,132,130,84,77,112,93,147,66,157,103,105,74,188,144,9,142,117,167,61,45,138,41,49,78,128,42,57,197,125,145,126,143,160,91,1,33,124,180,196,36,46,140,92,82,24,189,81,0,85,22,26,176,193,168,20,170,166,38,139,63,118,48,194,182,198,174,184,35,67,32,72,163,25,51,50,190,10,165,113,156,71,44,65,37,94,173,18,131,119,11,59,80,100,30,134,148,195,97,58,158,43,7,101,181,68,123,6,149,60,54,151,110,187,39,107,55,14,13,172,12,89,75,129,15,135,53,183,69,159,164,90,28,155,73,99,106,136,115,152,2,161,102,86,133,76,52,116,17,8,16,56,21,108,192,40,104,31,29,154,122,179,27,185,127,96,171,141,98,114,64,79,177,47,88,5,186,199,83,153,150,23,95,137,175,62,120,3,169,191,162,146];True
1516;7563;9079;[61,195,129,70,19,87,121,178,83,132,130,84,77,112,93,147,66,157,103,105,74,188,144,184,142,117,167,189,182,65,41,49,78,128,42,57,197,8,16,126,35,160,91,1,33,124,180,196,36,46,140,92,82,23,127,7,0,45,22,26,176,193,109,20,170,166,38,139,63,118,48,194,31,198,174,9,143,67,32,72,163,25,51,50,190,10,165,113,156,71,44,138,37,94,173,18,131,119,11,59,80,100,30,134,148,4,97,58,158,43,34,122,181,68,123,6,149,60,54,151,110,187,39,107,55,14,13,172,12,89,75,125,15,135,53,183,69,159,164,90,28,155,73,99,106,136,115,152,2,161,102,86,133,76,101,52,104,17,145,56,21,108,192,40,169,85,29,154,116,177,27,185,111,96,171,141,98,114,64,79,179,47,88,5,186,199,81,153,150,24,95,137,175,62,120,3,168,191,162,146];True
1817;7262;9079;[34,4,109,70,19,87,121,178,127,132,130,84,77,112,93,147,66,157,103,105,74,188,144,9,142,117,167,61,45,138,41,49,78,128,42,57,197,125,145,126,143,160,91,1,33,124,180,196,36,46,140,92,82,23,189,81,0,85,22,26,176,193,168,20,67,166,38,139,63,118,48,194,182,198,174,184,35,170,32,72,163,25,51,50,190,10,165,113,156,71,44,65,37,94,173,18,131,119,11,59,80,100,30,134,148,195,97,58,158,43,7,101,181,68,123,6,137,60,54,151,110,187,39,107,55,14,13,172,12,89,75,129,15,135,53,183,69,159,164,90,28,155,73,99,106,136,115,152,2,161,102,86,133,76,122,116,17,8,16,56,21,108,192,40,104,31,29,154,52,179,27,185,111,96,171,141,98,114,64,79,177,47,88,5,186,199,83,153,150,24,95,149,175,62,120,3,169,191,162,146];True
1539;7542;9081;[34,195,129,70,19,87,121,178,127,132,130,84,77,112,93,147,66,157,103,105,74,188,144,9,142,117,57,61,45,65,41,49,78,128,42,101,197,168,145,126,35,160,91,1,33,124,180,196,36,46,140,92,82,23,189,81,0,85,22,26,176,193,109,20,170,166,38,139,63,118,48,194,182,198,174,184,143,67,32,72,163,25,51,50,190,10,165,113,156,71,44,138,37,94,173,18,131,119,11,59,80,100,30,134,148,4,97,58,158,43,7,136,181,68,123,27,149,60,54,151,110,187,39,107,55,14,13,172,12,89,75,125,15,135,53,183,69,159,164,90,28,155,73,99,106,167,115,152,2,161,102,86,133,76,122,116,17,8,16,56,21,108,192,40,104,31,29,154,52,179,6,185,111,96,171,141,98,114,64,79,177,47,88,5,186,199,83,153,150,24,95,137,175,62,120,3,169,191,162,146];True
1822;7259;9081;[34,4,109,70,19,87,121,178,127,132,130,84,77,112,93,147,66,157,103,105,74,188,144,9,142,117,167,61,45,138,41,49,78,128,42,57,197,125,145,126,143,160,91,1,33,124,180,196,36,46,140,92,82,24,189,81,0,85,22,26,176,193,168,20,67,166,38,139,63,118,48,194,182,198,174,184,35,170,32,72,163,25,51,50,190,10,165,113,156,71,44,65,37,94,173,18,131,119,11,59,80,100,30,134,148,195,97,58,158,43,7,101,181,68,123,6,149,60,54,151,110,187,39,107,55,14,13,172,12,89,75,129,15,135,53,183,69,159,164,90,28,155,73,99,106,136,115,152,2,161,102,86,133,76,122,116,17,8,16,56,21,108,192,40,104,31,29,154,52,179,27,185,111,96,171,141,98,114,64,79,177,47,88,5,186,199,83,153,150,23,95,137,175,62,120,3,169,191,162,146];True
1530;7555;9085;[61,195,129,70,19,87,121,178,83,132,130,84,77,112,93,147,66,157,103,105,74,188,144,9,142,117,167,189,182,65,41,49,78,128,42,57,197,8,16,126,35,160,91,1,33,124,180,196,36,46,140,92,82,23,127,7,0,45,22,26,176,193,109,20,170,166,38,139,63,118,48,194,31,198,174,184,143,67,32,72,163,25,51,50,190,10,165,113,156,71,44,138,37,94,173,18,131,119,11,59,80,100,30,134,148,4,97,58,158,43,34,122,181,68,123,6,149,60,54,151,110,187,39,107,55,14,13,172,12,89,75,125,15,135,53,183,69,159,164,90,28,155,73,99,106,136,115,152,2,161,102,86,133,76,101,52,104,17,145,56,21,108,192,40,169,85,29,154,116,177,27,185,111,96,171,141,98,114,64,79,179,47,88,5,186,199,81,153,150,24,95,137,175,62,120,3,168,191,162,146];True
1831;7257;9088;[34,4,109,70,19,87,121,178,127,132,130,84,77,112,93,147,66,157,103,105,74,188,144,9,142,117,167,61,45,138,41,49,78,128,42,57,197,125,145,126,143,160,91,1,33,124,180,196,36,46,140,92,82,23,189,81,0,85,22,26,176,193,168,20,170,166,38,139,63,118,48,194,29,198,174,184,35,67,32,72,163,25,51,50,190,10,165,113,156,71,44,65,37,94,173,18,131,119,11,59,80,100,30,134,148,195,97,58,158,43,7,101,181,68,123,6,137,60,54,151,110,187,39,107,55,14,13,172,12,89,75,129,15,135,53,183,69,159,164,90,28,155,73,99,106,136,115,152,2,161,102,86,133,76,122,116,17,8,16,56,21,108,192,40,104,31,182,154,52,179,27,185,111,96,171,141,98,114,64,79,177,47,88,5,186,199,83,153,150,24,95,149,175,62,120,3,169,191,162,146];True
1493;7595;9088;[61,195,129,70,19,87,121,178,83,132,130,84,77,112,93,147,66,157,103,105,74,188,144,184,142,117,167,189,182,65,41,49,78,128,42,57,197,8,16,126,35,160,91,1,33,124,180,196,36,46,140,92,82,23,127,7,0,45,22,26,176,193,109,20,170,166,38,139,63,118,48,194,31,198,174,9,143,67,32,72,163,25,51,50,190,10,165,113,156,71,44,138,37,94,173,18,131,119,11,59,80,100,30,134,148,4,97,58,158,43,34,122,181,68,123,6,149,60,54,151,133,187,39,107,55,14,13,172,12,89,75,125,15,135,53,183,69,159,164,90,28,155,73,99,106,136,115,152,2,161,102,86,110,88,101,52,104,17,145,56,21,108,192,40,169,85,29,154,116,177,27,185,111,96,171,141,98,114,64,79,179,47,76,5,186,199,81,153,150,24,95,137,175,62,120,3,168,191,162,146];True
1836;7254;9090;[34,4,109,70,19,87,121,178,127,132,130,84,77,112,93,147,66,157,103,105,74,188,144,9,142,117,167,61,45,138,41,49,78,128,42,57,197,125,145,126,143,160,91,1,33,124,180,196,36,46,140,92,82,24,189,81,0,85,22,26,176,193,168,20,170,166,38,139,63,118,48,194,29,198,174,184,35,67,32,72,163,25,51,50,190,10,165,113,156,71,44,65,37,94,173,18,131,119,11,59,80,100,30,134,148,195,97,58,158,43,7,101,181,68,123,6,149,60,54,151,110,187,39,107,55,14,13,172,12,89,75,129,15,135,53,183,69,159,164,90,28,155,73,99,106,136,115,152,2,161,102,86,133,76,122,116,17,8,16,56,21,108,192,40,104,31,182,154,52,179,27,185,111,96,171,141,98,114,64,79,177,47,88,5,186,199,83,153,150,23,95,137,175,62,120,3,169,191,162,146];True
1514;7578;9092;[61,195,129,70,19,87,121,178,83,132,130,84,77,112,93,147,66,157,103,105,74,188,144,184,142,117,167,189,182,65,41,49,78,128,42,57,197,8,16,126,35,160,91,1,33,124,180,196,36,46,140,92,82,23,127,7,0,45,22,26,176,193,109,20,170,166,38,139,63,118,48,194,31,198,174,9,143,67,32,72,163,25,51,50,190,10,165,113,156,71,44,138,37,94,173,18,131,119,11,59,80,100,30,134,148,4,97,58,158,43,34,122,181,68,123,6,149,60,54,151,110,187,39,107,55,14,13,172,12,89,75,125,15,135,53,183,69,159,164,90,28,155,73,99,106,136,115,152,2,161,102,86,133,88,101,52,104,17,145,56,21,108,192,40,169,85,29,154,116,177,27,185,111,96,171,141,98,114,64,79,179,47,76,5,186,199,81,153,150,24,95,137,175,62,120,3,168,191,162,146];True
1507;7587;9094;[61,195,129,70,19,87,121,178,83,132,130,84,77,112,93,147,66,157,103,105,74,188,144,9,142,117,167,189,182,65,41,49,78,128,42,57,197,8,16,126,35,160,91,1,33,124,180,196,36,46,140,92,82,23,127,7,0,45,22,26,176,193,109,20,170,166,38,139,63,118,48,194,31,198,174,184,143,67,32,72,163,25,51,50,190,10,165,113,156,71,44,138,37,94,173,18,131,119,11,59,80,100,30,134,148,4,97,58,158,43,34,122,181,68,123,6,149,60,54,151,133,187,39,107,55,14,13,172,12,89,75,125,15,135,53,183,69,159,164,90,28,155,73,99,106,136,115,152,2,161,102,86,110,88,101,52,104,17,145,56,21,108,192,40,169,85,29,154,116,177,27,185,111,96,171,141,98,114,64,79,179,47,76,5,186,199,81,153,150,24,95,137,175,62,120,3,168,191,162,146];True
1845;7250;9095;[34,4,109,70,19,87,121,178,127,132,130,84,77,112,93,147,66,157,103,105,74,188,144,9,142,117,167,61,45,138,41,49,78,128,42,57,197,125,145,126,143,160,91,1,33,124,180,196,36,46,140,92,82,24,189,81,0,85,22,26,176,193,168,20,67,166,38,139,63,118,48,194,182,198,174,184,35,170,32,72,163,25,51,50,190,10,165,113,156,71,44,65,37,94,173,18,131,119,11,59,80,100,30,134,148,195,97,58,158,43,7,101,181,68,123,6,137,60,54,151,110,187,39,107,55,14,13,172,12,89,75,129,15,135,53,183,69,159,164,90,28,155,73,99,106,136,115,152,2,161,102,86,133,76,122,116,17,8,16,56,21,108,192,40,104,31,29,154,52,179,27,185,111,96,171,141,98,114,64,79,177,47,88,5,186,199,83,153,150,23,95,149,175,62,120,3,169,191,162,146];True
1503;7593;9096;[61,195,129,70,19,87,121,178,83,132,130,84,77,112,93,147,66,157,103,105,74,188,144,184,142,117,167,189,182,65,41,49,78,128,42,57,197,8,16,126,35,160,91,1,33,124,180,196,36,46,140,92,82,23,127,7,0,45,22,26,176,193,109,20,170,166,38,139,63,118,48,194,31,198,174,9,143,67,32,72,163,25,51,50,190,10,165,113,156,71,44,138,37,94,173,18,131,119,11,59,80,100,30,134,148,4,97,58,158,43,34,122,181,68,123,6,149,60,101,151,133,187,39,107,55,14,13,172,12,89,75,125,15,135,53,183,69,159,164,90,28,155,73,99,106,136,115,152,2,161,102,86,110,88,54,52,104,17,145,56,21,108,192,40,169,85,29,154,116,177,27,185,111,96,171,141,98,114,64,79,179,47,76,5,186,199,81,153,150,24,95,137,175,62,120,3,168,191,162,146];True
1851;7249;9100;[34,4,109,70,19,87,121,178,111,132,130,84,77,112,93,147,66,157,103,105,74,188,144,9,142,117,167,61,45,138,41,49,78,128,42,57,197,125,145,126,143,160,91,1,33,124,180,196,36,46,140,92,82,24,189,81,0,85,22,26,176,193,168,20,170,166,38,139,63,118,48,194,29,198,174,184,35,67,32,72,163,25,51,50,190,10,165,113,156,71,44,65,37,94,173,18,131,119,11,59,80,100,30,134,148,195,97,58,158,43,7,101,181,68,123,6,149,60,54,151,110,187,39,107,55,14,13,172,12,89,75,129,15,135,53,183,69,159,164,90,28,155,73,99,106,136,115,152,2,161,102,86,133,76,122,116,17,8,16,56,21,108,192,40,104,31,182,154,52,179,27,185,127,96,171,141,98,114,64,79,177,47,88,5,186,199,83,153,150,23,95,137,175,62,120,3,169,191,162,146];True
1852;7248;9100;[34,4,109,70,19,87,121,178,127,132,130,84,77,112,93,147,66,157,103,105,74,188,144,9,142,117,167,61,45,138,41,49,78,128,42,57,197,125,145,126,143,160,91,1,182,124,180,196,36,46,140,92,82,23,189,81,0,85,22,26,176,193,168,20,170,166,38,139,63,118,48,194,29,198,174,184,35,67,32,72,163,25,51,50,190,10,165,113,156,71,44,65,37,94,173,18,131,119,11,59,80,100,30,134,148,195,97,58,158,43,7,101,181,68,123,6,137,60,54,151,110,187,39,107,55,14,13,172,12,89,75,129,15,135,53,183,69,159,164,90,28,155,73,99,106,136,115,152,2,161,102,86,133,76,122,116,17,8,16,56,21,108,192,40,104,31,33,154,52,179,27,185,111,96,171,141,98,114,64,79,177,47,88,5,186,199,83,153,150,24,95,149,175,62,120,3,169,191,162,146];True
1480;7620;9100;[61,195,129,70,19,87,121,178,83,132,130,84,77,152,93,147,66,157,103,105,74,188,144,184,115,117,167,189,182,65,41,142,78,128,42,57,197,8,16,126,35,160,91,1,33,124,180,196,36,46,140,92,82,23,127,7,0,45,22,26,176,193,109,20,170,166,38,139,63,118,48,194,31,198,174,9,143,67,32,72,163,25,51,50,190,10,165,113,156,71,44,138,37,94,173,18,131,119,11,59,80,100,30,134,148,4,97,58,158,43,34,122,181,68,123,6,149,60,54,151,133,187,39,107,55,14,13,172,12,89,75,125,15,135,53,183,69,159,164,90,28,155,73,99,106,136,49,112,2,161,102,86,110,88,101,52,104,17,145,56,21,108,192,40,169,85,29,154,116,177,27,185,111,96,171,141,98,114,64,79,179,47,76,5,186,199,81,153,150,24,95,137,175,62,120,3,168,191,162,146];True
1857;7245;9102;[34,4,109,70,19,87,121,178,127,132,130,84,77,112,93,147,66,157,103,105,74,188,144,9,142,117,167,61,45,138,41,49,78,128,42,57,197,125,145,126,143,160,91,1,182,124,180,196,36,46,140,92,82,24,189,81,0,85,22,26,176,193,168,20,170,166,38,139,63,118,48,194,29,198,174,184,35,67,32,72,163,25,51,50,190,10,165,113,156,71,44,65,37,94,173,18,131,119,11,59,80,100,30,134,148,195,97,58,158,43,7,101,181,68,123,6,149,60,54,151,110,187,39,107,55,14,13,172,12,89,75,129,15,135,53,183,69,159,164,90,28,155,73,99,106,136,115,152,2,161,102,86,133,76,122,116,17,8,16,56,21,108,192,40,104,31,33,154,52,179,27,185,111,96,171,141,98,114,64,79,177,47,88,5,186,199,83,153,150,23,95,137,175,62,120,3,169,191,162,146];True
1490;7618;9108;[61,195,129,70,19,87,121,178,83,132,130,84,77,152,93,147,66,157,103,105,74,188,144,184,115,117,167,189,182,65,41,142,78,128,42,57,197,8,16,126,35,160,91,1,33,124,180,196,36,46,140,92,82,23,127,7,0,45,22,26,176,193,109,20,170,166,38,139,63,118,48,194,31,198,174,9,143,67,32,72,163,25,51,50,190,10,165,113,156,71,44,138,37,94,173,18,131,119,11,59,80,100,30,134,148,4,97,58,158,43,34,122,181,68,123,6,149,60,101,151,133,187,39,107,55,14,13,172,12,89,75,125,15,135,53,183,69,159,164,90,28,155,73,99,106,136,49,112,2,161,102,86,110,88,54,52,104,17,145,56,21,108,192,40,169,85,29,154,116,177,27,185,111,96,171,141,98,114,64,79,179,47,76,5,186,199,81,153,150,24,95,137,175,62,120,3,168,191,162,146];True
1870;7242;9112;[34,67,129,70,19,87,121,178,127,132,130,84,77,112,93,147,66,157,103,105,74,188,144,9,142,117,167,61,45,138,41,49,78,128,42,57,197,168,145,126,143,160,91,1,33,124,180,196,36,46,140,92,82,24,189,81,0,85,22,26,176,193,20,35,170,166,38,139,63,118,48,194,31,198,174,184,109,125,32,72,163,25,51,50,190,10,165,113,156,71,44,65,37,94,173,18,131,119,11,59,80,100,30,134,148,195,97,58,158,43,7,101,181,68,123,6,137,60,54,151,110,187,39,107,55,14,13,172,12,89,75,182,15,135,53,183,69,159,164,90,28,155,73,99,106,136,115,152,2,161,102,86,133,76,122,116,17,8,16,56,21,108,192,40,104,4,29,154,52,179,27,185,111,96,171,141,98,114,64,79,177,47,88,5,186,199,83,153,150,23,95,149,175,62,120,3,169,191,162,146];True
1869;7243;9112;[34,4,109,70,19,87,121,178,127,132,130,84,77,112,93,147,66,157,103,105,74,188,144,9,142,117,167,61,45,138,41,49,78,128,42,57,197,125,145,126,143,160,91,1,33,124,180,196,36,46,140,92,82,23,189,81,0,85,22,26,176,193,168,20,67,166,38,139,63,118,48,194,29,198,174,184,35,170,32,72,163,25,51,50,190,10,165,113,156,71,44,65,37,94,173,18,131,119,11,59,80,100,30,134,148,195,97,58,158,43,7,101,181,68,123,6,137,60,54,151,110,187,39,107,55,14,13,172,12,89,75,129,15,135,53,183,69,159,164,90,28,155,73,99,106,136,115,152,2,161,102,86,133,76,122,116,17,8,16,56,21,108,192,40,104,31,182,154,52,179,27,185,111,96,171,141,98,114,64,79,177,47,88,5,186,199,83,153,150,24,95,149,175,62,120,3,169,191,162,146];True
1479;7635;9114;[61,195,129,70,19,87,121,178,83,132,130,84,77,112,93,147,66,157,103,105,74,188,144,184,142,117,167,189,182,65,41,49,78,128,42,57,197,8,16,126,35,160,91,1,33,124,180,196,36,46,140,92,82,23,127,7,0,45,22,26,176,193,109,20,170,166,38,139,63,118,48,194,31,198,15,9,143,67,32,72,163,25,51,50,190,10,165,113,156,71,44,138,37,94,173,18,131,119,11,59,80,100,30,134,148,4,97,58,158,43,34,122,181,68,123,6,149,60,54,151,133,187,39,107,55,14,13,172,12,89,75,125,174,135,53,183,69,159,164,90,28,155,73,99,106,136,115,152,2,161,102,86,110,88,101,52,104,17,145,56,21,108,192,40,169,85,29,154,116,177,27,185,111,96,171,141,98,114,64,79,179,47,76,5,186,199,81,153,150,24,95,137,175,62,120,3,168,191,162,146];True
1474;7640;9114;[61,195,129,70,19,87,121,178,83,132,130,84,77,112,93,147,66,157,103,105,74,188,144,184,142,117,167,189,182,65,41,49,78,128,42,57,197,8,16,126,35,160,91,1,33,124,180,196,36,46,140,92,82,23,127,7,0,45,22,26,176,193,109,20,170,166,38,139,63,118,48,194,31,198,174,9,143,67,32,72,163,25,51,50,190,10,165,113,156,71,44,138,37,94,173,18,131,119,11,59,80,100,30,134,148,4,97,58,158,43,34,122,181,68,123,6,149,60,54,151,133,187,39,107,55,14,13,172,12,89,75,125,15,108,53,183,69,159,164,90,28,155,73,99,106,136,115,152,2,161,102,86,110,88,101,52,104,17,145,56,21,135,192,40,169,85,29,154,116,177,27,185,111,96,171,141,98,114,64,79,179,47,76,5,186,199,81,153,150,24,95,137,175,62,120,3,168,191,162,146];True
1874;7240;9114;[34,4,109,70,19,87,121,178,127,132,130,84,77,112,93,147,66,157,103,105,74,188,144,9,142,117,167,61,45,138,41,49,78,128,42,57,197,125,145,126,143,160,91,1,33,124,180,196,36,46,140,92,82,24,189,81,0,85,22,26,176,193,168,20,67,166,38,139,63,118,48,194,29,198,174,184,35,170,32,72,163,25,51,50,190,10,165,113,156,71,44,65,37,94,173,18,131,119,11,59,80,100,30,134,148,195,97,58,158,43,7,101,181,68,123,6,149,60,54,151,110,187,39,107,55,14,13,172,12,89,75,129,15,135,53,183,69,159,164,90,28,155,73,99,106,136,115,152,2,161,102,86,133,76,122,116,17,8,16,56,21,108,192,40,104,31,182,154,52,179,27,185,111,96,171,141,98,114,64,79,177,47,88,5,186,199,83,153,150,23,95,137,175,62,120,3,169,191,162,146];True
1476;7639;9115;[61,195,129,70,19,87,121,178,83,132,130,84,77,152,93,147,66,157,103,105,74,188,144,184,115,142,167,189,182,65,41,117,78,128,42,57,197,8,16,126,35,160,91,1,33,124,180,196,36,46,140,92,82,23,127,7,0,45,22,26,176,193,109,20,170,166,38,139,63,118,48,194,31,198,174,9,143,67,32,72,163,25,51,50,190,10,165,113,156,71,44,138,37,94,173,18,131,119,11,59,80,100,30,134,148,4,97,58,158,43,34,122,181,68,123,6,149,60,54,151,133,187,39,107,55,14,13,172,12,89,75,125,15,135,53,183,69,159,164,90,28,155,73,99,106,136,49,112,2,161,102,86,110,88,101,52,104,17,145,56,21,108,192,40,169,85,29,154,116,177,27,185,111,96,171,141,98,114,64,79,179,47,76,5,186,199,81,153,150,24,95,137,175,62,120,3,168,191,162,146];True
1885;7237;9122;[34,67,129,70,19,87,121,178,111,132,130,84,77,112,93,147,66,157,103,105,74,188,144,9,142,117,167,61,45,138,41,49,78,128,42,57,197,168,145,126,143,160,91,1,33,124,180,196,36,46,140,92,82,24,189,81,0,85,22,26,176,193,20,35,170,166,38,139,63,118,48,194,31,198,174,184,109,125,32,72,163,25,51,50,190,10,165,113,156,71,44,65,37,94,173,18,131,119,11,59,80,100,30,134,148,195,97,58,158,43,7,101,181,68,123,6,137,60,54,151,110,187,39,107,55,14,13,172,12,89,75,182,15,135,53,183,69,159,164,90,28,155,73,99,106,136,115,152,2,161,102,86,133,76,122,116,17,8,16,56,21,108,192,40,104,4,29,154,52,179,27,185,127,96,171,141,98,114,64,79,177,47,88,5,186,199,83,153,150,23,95,149,175,62,120,3,169,191,162,146];True
1463;7662;9125;[61,195,129,70,19,87,121,178,83,132,130,84,77,152,93,147,66,157,103,105,74,188,144,184,41,142,167,189,182,65,115,117,78,128,42,57,197,8,16,126,35,160,91,1,33,124,180,196,36,46,140,92,82,23,127,7,0,45,22,26,176,193,109,20,170,166,38,139,63,118,48,194,31,198,174,9,143,67,32,72,163,25,51,50,190,10,165,113,156,71,44,138,37,94,173,18,131,119,11,59,80,100,30,134,148,4,97,58,158,43,34,122,181,68,123,6,149,60,54,151,133,187,39,107,55,14,13,172,12,89,75,125,15,135,53,183,69,159,164,90,28,155,73,99,106,136,49,112,2,161,102,86,110,88,101,52,104,17,145,56,21,108,192,40,169,85,29,154,116,177,27,185,111,96,171,141,98,114,64,79,179,47,76,5,186,199,81,153,150,24,95,137,175,62,120,3,168,191,162,146];True
1461;7665;9126;[61,195,129,70,19,87,121,178,83,132,130,84,77,152,93,147,66,157,103,105,74,188,144,184,115,117,167,189,182,65,41,142,78,128,42,57,197,8,16,126,35,160,91,1,33,124,180,196,36,46,140,92,82,23,127,7,0,45,22,26,176,193,109,20,170,166,38,139,63,118,48,194,31,198,174,9,143,67,32,72,163,25,51,50,190,10,165,113,156,71,44,138,37,94,173,18,131,119,11,59,80,100,30,134,148,4,97,58,158,43,34,122,181,68,123,6,149,60,54,151,133,187,39,107,55,14,13,172,12,89,75,125,15,108,53,183,69,159,164,90,28,155,73,99,106,136,49,112,2,161,102,86,110,88,101,52,104,17,145,56,21,135,192,40,169,85,29,154,116,177,27,185,111,96,171,141,98,114,64,79,179,47,76,5,186,199,81,153,150,24,95,137,175,62,120,3,168,191,162,146];True
1466;7660;9126;[61,195,129,70,19,87,121,178,83,132,130,84,77,152,93,147,66,157,103,105,74,188,144,184,115,117,167,189,182,65,41,142,78,128,42,57,197,8,16,126,35,160,91,1,33,124,180,196,36,46,140,92,82,23,127,7,0,45,22,26,176,193,109,20,170,166,38,139,63,118,48,194,31,198,15,9,143,67,32,72,163,25,51,50,190,10,165,113,156,71,44,138,37,94,173,18,131,119,11,59,80,100,30,134,148,4,97,58,158,43,34,122,181,68,123,6,149,60,54,151,133,187,39,107,55,14,13,172,12,89,75,125,174,135,53,183,69,159,164,90,28,155,73,99,106,136,49,112,2,161,102,86,110,88,101,52,104,17,145,56,21,108,192,40,169,85,29,154,116,177,27,185,111,96,171,141,98,114,64,79,179,47,76,5,186,199,81,153,150,24,95,137,175,62,120,3,168,191,162,146];True
1469;7658;9127;[61,195,129,70,19,87,121,178,81,22,130,84,77,112,93,147,66,157,103,105,74,188,144,184,142,117,167,189,182,65,41,49,78,128,42,57,197,8,16,126,35,160,91,1,33,124,180,196,36,46,140,92,82,23,127,7,0,45,132,26,176,193,109,20,170,166,38,139,63,118,48,194,31,198,174,9,143,67,32,72,163,25,51,50,190,10,165,113,156,71,44,138,37,94,173,18,131,119,11,59,80,100,30,134,148,4,97,58,158,43,34,122,181,68,123,6,149,60,54,151,133,187,39,107,55,14,13,172,12,89,75,125,15,135,53,183,69,159,164,90,28,155,73,99,106,136,115,152,2,161,102,86,110,88,101,52,104,17,145,56,21,108,192,40,169,85,29,154,116,177,27,185,111,96,171,141,98,114,64,79,179,47,76,5,186,199,83,153,150,24,95,137,175,62,120,3,168,191,162,146];True
1901;7232;9133;[34,67,129,70,19,87,121,178,111,132,130,84,77,112,93,147,66,157,103,105,74,188,144,9,142,117,167,61,45,138,41,49,78,128,42,57,197,168,145,126,143,160,91,1,33,124,180,196,36,46,140,92,82,24,189,81,0,85,22,26,176,193,20,35,170,166,38,139,63,118,48,194,31,198,174,184,109,125,32,72,163,25,51,50,190,10,165,113,156,71,44,65,37,94,173,18,131,119,11,59,80,100,30,134,148,195,97,58,158,43,7,101,181,68,123,6,137,60,54,151,110,187,39,107,55,14,13,172,12,89,75,182,15,135,53,183,69,159,164,90,28,155,73,99,106,136,115,152,2,161,102,86,133,76,52,116,17,8,16,56,21,108,192,40,104,4,29,154,122,179,27,185,127,96,171,141,98,114,64,79,177,47,88,5,186,199,83,153,150,23,95,149,175,62,120,3,169,191,162,146];True
1456;7683;9139;[61,195,129,70,19,87,121,178,81,22,130,84,77,152,93,147,66,157,103,105,74,188,144,184,115,117,167,189,182,65,41,142,78,128,42,57,197,8,16,126,35,160,91,1,33,124,180,196,36,46,140,92,82,23,127,7,0,45,132,26,176,193,109,20,170,166,38,139,63,118,48,194,31,198,174,9,143,67,32,72,163,25,51,50,190,10,165,113,156,71,44,138,37,94,173,18,131,119,11,59,80,100,30,134,148,4,97,58,158,43,34,122,181,68,123,6,149,60,54,151,133,187,39,107,55,14,13,172,12,89,75,125,15,135,53,183,69,159,164,90,28,155,73,99,106,136,49,112,2,161,102,86,110,88,101,52,104,17,145,56,21,108,192,40,169,85,29,154,116,177,27,185,111,96,171,141,98,114,64,79,179,47,76,5,186,199,83,153,150,24,95,137,175,62,120,3,168,191,162,146];True
1455;7691;9146;[61,195,129,70,19,87,121,178,189,22,130,84,77,152,93,147,66,157,103,105,74,188,144,184,115,117,167,81,182,65,41,142,78,128,42,57,197,8,16,126,35,160,91,1,33,124,180,196,36,46,140,92,82,23,127,7,0,45,132,26,176,193,109,20,170,166,38,139,63,118,48,194,31,198,174,9,143,67,32,72,163,25,51,50,190,10,165,113,156,71,44,138,37,94,173,18,131,119,11,59,80,100,30,134,148,4,97,58,158,43,34,122,181,68,123,6,149,60,54,151,133,187,39,107,55,14,13,172,12,89,75,125,15,135,53,183,69,159,164,90,28,155,73,99,106,136,49,112,2,161,102,86,110,88,101,52,104,17,145,56,21,108,192,40,169,85,29,154,116,177,27,185,111,96,171,141,98,114,64,79,179,47,76,5,186,199,83,153,150,24,95,137,175,62,120,3,168,191,162,146];True
1919;7231;9150;[34,4,109,70,19,87,121,178,127,132,130,84,77,112,93,147,66,157,103,105,74,188,144,9,142,117,167,61,45,138,41,49,78,128,42,57,197,125,145,126,143,160,91,1,33,124,180,196,36,46,140,92,82,23,189,81,0,85,22,26,176,193,168,20,170,166,38,139,63,118,48,194,29,198,174,184,35,67,32,72,163,25,51,50,190,10,165,113,156,71,44,65,37,94,173,18,131,119,11,59,80,100,30,134,148,195,97,58,158,43,7,101,181,68,123,6,137,60,54,151,110,187,39,107,55,14,13,172,12,89,75,129,15,135,53,183,69,159,164,90,28,155,73,99,106,136,115,152,2,161,102,86,133,76,122,116,17,8,16,56,21,108,192,40,104,31,191,154,52,179,27,185,111,96,171,141,98,114,64,79,177,47,88,5,186,199,83,153,150,24,95,149,175,62,120,3,169,182,162,146];True
1444;7707;9151;[61,195,129,70,19,87,121,178,83,132,130,84,77,152,93,147,66,157,103,105,74,188,144,184,41,142,167,189,182,65,115,117,78,128,42,57,197,8,16,126,35,160,91,1,33,124,180,196,36,46,140,92,82,23,127,7,0,45,22,26,176,193,109,20,170,166,38,139,63,118,48,194,31,198,174,9,143,67,32,72,163,25,51,50,190,10,165,113,156,71,44,138,37,94,173,18,131,119,11,59,80,100,30,134,148,4,97,58,158,43,34,122,181,68,123,6,149,60,54,151,133,187,39,107,55,14,13,172,12,89,75,125,15,108,53,183,69,159,164,90,28,155,73,99,106,136,49,112,2,161,102,86,110,88,101,52,104,17,145,56,21,135,192,40,169,85,29,154,116,177,27,185,111,96,171,141,98,114,64,79,179,47,76,5,186,199,81,153,150,24,95,137,175,62,120,3,168,191,162,146];True
1921;7230;9151;[34,67,129,70,19,87,121,178,127,132,130,84,77,112,93,147,66,157,103,105,74,188,144,9,142,117,167,61,45,138,41,49,78,128,42,57,197,168,145,126,143,160,91,1,33,124,180,196,36,46,140,92,82,24,189,81,0,85,22,26,176,193,20,35,170,7,38,139,63,118,48,194,31,198,174,184,109,125,32,72,163,25,51,50,190,10,165,113,156,71,44,65,37,94,173,18,131,119,11,59,80,100,30,134,148,195,97,58,158,43,166,101,181,68,123,6,137,60,54,151,110,187,39,107,55,14,13,172,12,89,75,182,15,135,53,183,69,159,164,90,28,155,73,99,106,136,115,152,2,161,102,86,133,76,122,116,17,8,16,56,21,108,192,40,104,4,29,154,52,179,27,185,111,96,171,141,98,114,64,79,177,47,88,5,186,199,83,153,150,23,95,149,175,62,120,3,169,191,162,146];True
1449;7702;9151;[61,195,129,70,19,87,121,178,83,132,130,84,77,152,93,147,66,157,103,105,74,188,144,184,41,142,167,189,182,65,115,117,78,128,42,57,197,8,16,126,35,160,91,1,33,124,180,196,36,46,140,92,82,23,127,7,0,45,22,26,176,193,109,20,170,166,38,139,63,118,48,194,31,198,15,9,143,67,32,72,163,25,51,50,190,10,165,113,156,71,44,138,37,94,173,18,131,119,11,59,80,100,30,134,148,4,97,58,158,43,34,122,181,68,123,6,149,60,54,151,133,187,39,107,55,14,13,172,12,89,75,125,174,135,53,183,69,159,164,90,28,155,73,99,106,136,49,112,2,161,102,86,110,88,101,52,104,17,145,56,21,108,192,40,169,85,29,154,116,177,27,185,111,96,171,141,98,114,64,79,179,47,76,5,186,199,81,153,150,24,95,137,175,62,120,3,168,191,162,146];True
1924;7228;9152;[34,4,109,70,19,87,121,178,127,132,130,84,77,112,93,147,66,157,103,105,74,188,144,9,142,117,167,61,45,138,41,49,78,128,42,57,197,125,145,126,143,160,91,1,33,124,180,196,36,46,140,92,82,24,189,81,0,85,22,26,176,193,168,20,170,166,38,139,63,118,48,194,29,198,174,184,35,67,32,72,163,25,51,50,190,10,165,113,156,71,44,65,37,94,173,18,131,119,11,59,80,100,30,134,148,195,97,58,158,43,7,101,181,68,123,6,149,60,54,151,110,187,39,107,55,14,13,172,12,89,75,129,15,135,53,183,69,159,164,90,28,155,73,99,106,136,115,152,2,161,102,86,133,76,122,116,17,8,16,56,21,108,192,40,104,31,191,154,52,179,27,185,111,96,171,141,98,114,64,79,177,47,88,5,186,199,83,153,150,23,95,137,175,62,120,3,169,182,162,146];True
1936;7225;9161;[34,67,129,70,19,87,121,178,111,132,130,84,77,112,93,147,66,157,103,105,74,188,144,9,142,117,167,61,45,138,41,49,78,128,42,57,197,168,145,126,143,160,91,1,33,124,180,196,36,46,140,92,82,24,189,81,0,85,22,26,176,193,20,35,170,7,38,139,63,118,48,194,31,198,174,184,109,125,32,72,163,25,51,50,190,10,165,113,156,71,44,65,37,94,173,18,131,119,11,59,80,100,30,134,148,195,97,58,158,43,166,101,181,68,123,6,137,60,54,151,110,187,39,107,55,14,13,172,12,89,75,182,15,135,53,183,69,159,164,90,28,155,73,99,106,136,115,152,2,161,102,86,133,76,122,116,17,8,16,56,21,108,192,40,104,4,29,154,52,179,27,185,127,96,171,141,98,114,64,79,177,47,88,5,186,199,83,153,150,23,95,149,175,62,120,3,169,191,162,146];True
1439;7725;9164;[61,195,129,70,19,87,121,178,81,22,130,84,77,152,93,147,66,157,103,105,74,188,144,184,41,142,167,189,182,65,115,117,78,128,42,57,197,8,16,126,35,160,91,1,33,124,180,196,36,46,140,92,82,23,127,7,0,45,132,26,176,193,109,20,170,166,38,139,63,118,48,194,31,198,174,9,143,67,32,72,163,25,51,50,190,10,165,113,156,71,44,138,37,94,173,18,131,119,11,59,80,100,30,134,148,4,97,58,158,43,34,122,181,68,123,6,149,60,54,151,133,187,39,107,55,14,13,172,12,89,75,125,15,135,53,183,69,159,164,90,28,155,73,99,106,136,49,112,2,161,102,86,110,88,101,52,104,17,145,56,21,108,192,40,169,85,29,154,116,177,27,185,111,96,171,141,98,114,64,79,179,47,76,5,186,199,83,153,150,24,95,137,175,62,120,3,168,191,162,146];True
1437;7728;9165;[61,195,129,70,19,87,121,178,81,22,130,84,77,152,93,147,66,157,103,105,74,188,144,184,115,117,167,189,182,65,41,142,78,128,42,57,197,8,16,126,35,160,91,1,33,124,180,196,36,46,140,92,82,23,127,7,0,45,132,26,176,193,109,20,170,166,38,139,63,118,48,194,31,198,174,9,143,67,32,72,163,25,51,50,190,10,165,113,156,71,44,138,37,94,173,18,131,119,11,59,80,100,30,134,148,4,97,58,158,43,34,122,181,68,123,6,149,60,54,151,133,187,39,107,55,14,13,172,12,89,75,125,15,108,53,183,69,159,164,90,28,155,73,99,106,136,49,112,2,161,102,86,110,88,101,52,104,17,145,56,21,135,192,40,169,85,29,154,116,177,27,185,111,96,171,141,98,114,64,79,179,47,76,5,186,199,83,153,150,24,95,137,175,62,120,3,168,191,162,146];True
1442;7723;9165;[61,195,129,70,19,87,121,178,81,22,130,84,77,152,93,147,66,157,103,105,74,188,144,184,115,117,167,189,182,65,41,142,78,128,42,57,197,8,16,126,35,160,91,1,33,124,180,196,36,46,140,92,82,23,127,7,0,45,132,26,176,193,109,20,170,166,38,139,63,118,48,194,31,198,15,9,143,67,32,72,163,25,51,50,190,10,165,113,156,71,44,138,37,94,173,18,131,119,11,59,80,100,30,134,148,4,97,58,158,43,34,122,181,68,123,6,149,60,54,151,133,187,39,107,55,14,13,172,12,89,75,125,174,135,53,183,69,159,164,90,28,155,73,99,106,136,49,112,2,161,102,86,110,88,101,52,104,17,145,56,21,108,192,40,169,85,29,154,116,177,27,185,111,96,171,141,98,114,64,79,179,47,76,5,186,199,83,153,150,24,95,137,175,62,120,3,168,191,162,146];True
1433;7732;9165;[61,195,129,70,19,87,121,178,47,132,130,84,77,112,93,147,66,157,103,90,74,188,144,9,142,117,167,81,182,65,41,49,78,128,42,57,197,8,16,126,143,160,91,1,33,124,180,196,36,46,140,92,82,23,127,7,0,45,22,26,176,193,109,20,170,166,38,139,63,118,48,194,31,198,174,184,35,67,32,72,163,25,51,50,190,10,165,113,156,71,44,138,37,94,173,18,131,119,11,59,80,100,30,134,148,4,97,58,158,43,34,122,181,68,123,6,149,60,54,151,133,187,39,107,105,14,13,172,12,89,75,125,15,135,53,183,69,159,164,189,28,155,73,99,106,136,115,152,2,161,102,86,110,88,101,52,104,17,145,56,21,108,192,40,169,85,29,154,116,177,27,185,111,96,171,141,98,114,64,79,179,55,76,5,186,199,83,153,150,24,95,137,175,62,120,3,168,191,162,146];True
1408;7757;9165;[61,195,129,70,19,87,121,178,47,132,130,84,77,112,93,147,66,157,103,90,74,188,144,184,142,117,167,81,182,65,41,49,78,128,42,57,197,8,16,126,35,160,91,1,33,124,180,196,36,46,140,92,82,23,127,7,0,45,22,26,176,193,109,20,170,166,38,139,63,118,48,194,31,198,174,9,143,67,32,72,163,25,51,50,190,10,165,113,156,71,44,138,37,94,173,18,131,119,11,59,80,100,30,134,148,4,97,58,158,43,34,122,181,68,123,6,149,60,54,151,133,187,39,107,105,14,13,172,12,89,75,125,15,135,53,183,69,159,164,189,28,155,73,99,106,136,115,152,2,161,102,86,110,88,101,52,104,17,145,56,21,108,192,40,169,85,29,154,116,177,27,185,111,96,171,141,98,114,64,79,179,55,76,5,186,199,83,153,150,24,95,137,175,62,120,3,168,191,162,146];True
1962;7204;9166;[34,4,129,70,19,87,121,178,102,132,130,84,67,112,93,147,66,157,103,105,20,188,144,9,142,117,167,61,45,138,41,49,78,128,42,57,197,8,16,126,143,160,91,1,33,124,180,196,36,46,140,92,82,77,189,23,0,85,22,26,176,193,109,162,170,95,38,139,63,118,48,194,31,198,174,184,35,161,32,72,163,25,51,50,190,125,11,113,156,71,165,65,37,94,173,18,131,110,101,59,80,100,30,134,148,195,97,58,151,175,7,191,181,68,123,6,137,158,54,52,119,187,39,107,55,14,13,172,12,89,75,149,15,135,53,183,69,159,164,90,28,155,73,99,106,136,115,2,152,111,83,86,133,76,122,116,104,17,145,56,21,108,192,40,169,182,29,154,60,177,27,43,127,96,171,141,98,114,64,79,179,47,88,5,186,199,81,153,166,24,150,10,185,62,120,3,168,44,74,146];True
1963;7203;9166;[34,4,129,70,19,87,121,178,102,132,130,84,67,112,93,147,66,157,103,105,20,188,144,9,142,117,167,61,45,138,41,49,78,128,42,57,197,8,16,126,143,160,91,1,33,124,180,196,36,46,140,92,82,77,189,23,0,85,22,26,176,193,109,162,170,95,38,139,63,118,48,194,31,198,174,184,35,161,32,72,163,25,51,50,190,125,11,113,156,71,165,65,37,94,173,18,131,110,101,59,80,100,30,134,148,195,97,58,175,151,7,191,181,68,123,6,137,158,54,52,119,187,39,107,55,14,13,172,12,89,75,149,15,135,53,183,69,159,164,90,28,155,73,99,106,136,115,2,152,111,83,86,133,76,122,116,104,17,145,56,21,108,192,40,169,182,29,154,60,177,27,43,127,96,171,141,98,114,64,79,179,47,88,5,186,199,81,153,166,24,150,10,185,62,120,3,168,44,74,146];True
1945;7223;9168;[34,4,129,70,19,87,121,178,102,132,130,84,67,112,93,147,66,157,103,105,20,188,144,9,142,117,167,61,45,138,6,49,78,128,42,57,197,8,16,126,143,160,91,1,33,124,180,196,36,46,140,92,82,77,189,23,0,85,22,26,176,193,109,162,170,95,38,139,63,118,48,194,31,198,174,184,35,161,32,72,163,25,51,50,190,125,11,113,156,71,165,65,37,94,173,18,131,110,101,59,80,100,30,134,148,195,97,137,175,151,7,191,181,68,123,41,58,158,54,52,119,187,39,107,55,14,13,172,12,89,75,149,15,135,53,183,69,159,164,90,28,155,73,99,106,136,115,2,152,111,83,86,133,76,122,116,104,17,145,56,21,108,192,40,169,182,29,154,60,177,27,43,127,96,171,141,98,114,64,79,179,47,88,5,186,199,81,153,166,24,150,10,185,62,120,3,168,44,74,146];True
1429;7740;9169;[61,195,129,70,19,87,121,178,47,132,130,84,77,112,93,147,66,157,103,90,74,188,144,184,142,117,167,81,182,65,41,49,78,128,42,57,197,8,16,126,35,160,91,1,33,124,180,196,36,46,140,92,82,23,127,7,0,45,22,26,176,193,109,20,170,166,38,139,63,118,48,194,31,198,174,9,143,67,32,72,163,25,51,50,190,10,165,113,156,71,44,138,37,94,173,18,131,119,11,59,80,100,30,134,148,4,97,58,158,43,34,122,181,68,123,6,149,60,54,151,110,187,39,107,105,14,13,172,12,89,75,125,15,135,53,183,69,159,164,189,28,155,73,99,106,136,115,152,2,161,102,86,133,88,101,52,104,17,145,56,21,108,192,40,169,85,29,154,116,177,27,185,111,96,171,141,98,114,64,79,179,55,76,5,186,199,83,153,150,24,95,137,175,62,120,3,168,191,162,146];True
1422;7749;9171;[61,195,129,70,19,87,121,178,47,132,130,84,77,112,93,147,66,157,103,90,74,188,144,9,142,117,167,81,182,65,41,49,78,128,42,57,197,8,16,126,35,160,91,1,33,124,180,196,36,46,140,92,82,23,127,7,0,45,22,26,176,193,109,20,170,166,38,139,63,118,48,194,31,198,174,184,143,67,32,72,163,25,51,50,190,10,165,113,156,71,44,138,37,94,173,18,131,119,11,59,80,100,30,134,148,4,97,58,158,43,34,122,181,68,123,6,149,60,54,151,133,187,39,107,105,14,13,172,12,89,75,125,15,135,53,183,69,159,164,189,28,155,73,99,106,136,115,152,2,161,102,86,110,88,101,52,104,17,145,56,21,108,192,40,169,85,29,154,116,177,27,185,111,96,171,141,98,114,64,79,179,55,76,5,186,199,83,153,150,24,95,137,175,62,120,3,168,191,162,146];True
1952;7220;9172;[34,67,129,70,19,87,121,178,111,132,130,84,77,112,93,147,66,157,103,105,74,188,144,9,142,117,167,61,45,138,41,49,78,128,42,57,197,168,145,126,143,160,91,1,33,124,180,196,36,46,140,92,82,24,189,81,0,85,22,26,176,193,20,35,170,7,38,139,63,118,48,194,31,198,174,184,109,125,32,72,163,25,51,50,190,10,165,113,156,71,44,65,37,94,173,18,131,119,11,59,80,100,30,134,148,195,97,58,158,43,166,101,181,68,123,6,137,60,54,151,110,187,39,107,55,14,13,172,12,89,75,182,15,135,53,183,69,159,164,90,28,155,73,99,106,136,115,152,2,161,102,86,133,76,52,116,17,8,16,56,21,108,192,40,104,4,29,154,122,179,27,185,127,96,171,141,98,114,64,79,177,47,88,5,186,199,83,153,150,23,95,149,175,62,120,3,169,191,162,146];True
1424;7748;9172;[61,195,129,70,19,87,121,178,164,132,130,84,77,112,93,147,66,157,103,90,74,188,144,184,142,117,167,81,182,65,41,49,78,128,42,57,197,8,16,126,35,160,91,1,33,124,180,196,36,46,140,92,82,23,127,7,0,45,22,26,176,193,109,20,170,166,38,139,63,118,48,194,31,198,174,9,143,67,32,72,163,25,51,50,190,10,165,113,156,71,44,138,37,94,173,18,131,119,11,59,80,100,30,134,148,4,97,58,158,43,34,122,181,68,123,6,149,60,54,151,133,187,39,107,105,14,13,172,12,89,75,125,15,135,53,183,69,159,47,189,28,155,73,99,106,136,115,152,2,161,102,86,110,88,101,52,104,17,145,56,21,108,192,40,169,85,29,154,116,177,27,185,111,96,171,141,98,114,64,79,179,55,76,5,186,199,83,153,150,24,95,137,175,62,120,3,168,191,162,146];True
1418;7755;9173;[61,195,129,70,19,87,121,178,47,132,130,84,77,112,93,147,66,157,103,90,74,188,144,184,142,117,167,81,182,65,41,49,78,128,42,57,197,8,16,126,35,160,91,1,33,124,180,196,36,46,140,92,82,23,127,7,0,45,22,26,176,193,109,20,170,166,38,139,63,118,48,194,31,198,174,9,143,67,32,72,163,25,51,50,190,10,165,113,156,71,44,138,37,94,173,18,131,119,11,59,80,100,30,134,148,4,97,58,158,43,34,122,181,68,123,6,149,60,101,151,133,187,39,107,105,14,13,172,12,89,75,125,15,135,53,183,69,159,164,189,28,155,73,99,106,136,115,152,2,161,102,86,110,88,54,52,104,17,145,56,21,108,192,40,169,85,29,154,116,177,27,185,111,96,171,141,98,114,64,79,179,55,76,5,186,199,83,153,150,24,95,137,175,62,120,3,168,191,162,146];True
1960;7215;9175;[34,4,129,70,19,87,121,178,102,132,130,84,67,112,93,147,66,157,103,105,20,188,144,9,142,117,167,61,45,138,41,49,78,128,42,57,197,8,16,126,143,160,91,1,33,124,180,196,36,46,140,92,82,77,189,23,0,85,22,26,176,193,109,162,170,95,38,139,63,118,48,194,31,198,174,184,35,161,32,72,163,25,51,50,190,125,11,113,156,71,165,65,37,94,173,18,131,110,101,59,80,100,30,134,148,195,97,58,175,151,7,191,181,68,123,6,137,158,54,52,119,187,39,107,55,14,13,172,12,89,75,149,15,135,53,183,69,159,164,90,28,155,73,99,106,136,115,2,152,111,83,86,133,76,122,116,104,17,145,56,21,108,192,40,169,182,29,154,60,179,27,43,127,96,171,141,98,114,64,79,177,47,88,5,186,199,81,153,166,24,150,10,185,62,120,3,168,44,74,146];True
1959;7216;9175;[34,4,129,70,19,87,121,178,102,132,130,84,67,112,93,147,66,157,103,105,20,188,144,9,142,117,167,61,45,138,41,49,78,128,42,57,197,8,16,126,143,160,91,1,33,124,180,196,36,46,140,92,82,77,189,23,0,85,22,26,176,193,109,162,170,95,38,139,63,118,48,194,31,198,174,184,35,161,32,72,163,25,51,50,190,125,11,113,156,71,165,65,37,94,173,18,131,110,101,59,80,100,30,134,148,195,97,58,151,175,7,191,181,68,123,6,137,158,54,52,119,187,39,107,55,14,13,172,12,89,75,149,15,135,53,183,69,159,164,90,28,155,73,99,106,136,115,2,152,111,83,86,133,76,122,116,104,17,145,56,21,108,192,40,169,182,29,154,60,179,27,43,127,96,171,141,98,114,64,79,177,47,88,5,186,199,81,153,166,24,150,10,185,62,120,3,168,44,74,146];True
1395;7782;9177;[61,195,129,70,19,87,121,178,47,132,130,84,77,152,93,147,66,157,103,90,74,188,144,184,115,117,167,81,182,65,41,142,78,128,42,57,197,8,16,126,35,160,91,1,33,124,180,196,36,46,140,92,82,23,127,7,0,45,22,26,176,193,109,20,170,166,38,139,63,118,48,194,31,198,174,9,143,67,32,72,163,25,51,50,190,10,165,113,156,71,44,138,37,94,173,18,131,119,11,59,80,100,30,134,148,4,97,58,158,43,34,122,181,68,123,6,149,60,54,151,133,187,39,107,105,14,13,172,12,89,75,125,15,135,53,183,69,159,164,189,28,155,73,99,106,136,49,112,2,161,102,86,110,88,101,52,104,17,145,56,21,108,192,40,169,85,29,154,116,177,27,185,111,96,171,141,98,114,64,79,179,55,76,5,186,199,83,153,150,24,95,137,175,62,120,3,168,191,162,146];True
1405;7780;9185;[61,195,129,70,19,87,121,178,47,132,130,84,77,152,93,147,66,157,103,90,74,188,144,184,115,117,167,81,182,65,41,142,78,128,42,57,197,8,16,126,35,160,91,1,33,124,180,196,36,46,140,92,82,23,127,7,0,45,22,26,176,193,109,20,170,166,38,139,63,118,48,194,31,198,174,9,143,67,32,72,163,25,51,50,190,10,165,113,156,71,44,138,37,94,173,18,131,119,11,59,80,100,30,134,148,4,97,58,158,43,34,122,181,68,123,6,149,60,101,151,133,187,39,107,105,14,13,172,12,89,75,125,15,135,53,183,69,159,164,189,28,155,73,99,106,136,49,112,2,161,102,86,110,88,54,52,104,17,145,56,21,108,192,40,169,85,29,154,116,177,27,185,111,96,171,141,98,114,64,79,179,55,76,5,186,199,83,153,150,24,95,137,175,62,120,3,168,191,162,146];True
1389;7802;9191;[61,195,129,70,19,87,121,178,47,132,130,84,77,112,93,147,66,157,103,90,74,188,144,184,142,117,167,81,182,65,41,49,78,128,42,57,197,8,16,126,35,160,91,1,33,124,180,196,36,46,140,92,82,23,127,7,0,45,22,26,176,193,109,20,170,166,38,139,63,118,48,194,31,198,174,9,143,67,32,72,163,25,51,50,190,10,165,113,156,71,44,138,37,94,173,18,131,119,11,59,80,100,30,134,148,4,97,58,158,43,34,122,181,68,123,6,149,60,54,151,133,187,39,107,105,14,13,172,12,89,75,125,15,108,53,183,69,159,164,189,28,155,73,99,106,136,115,152,2,161,102,86,110,88,101,52,104,17,145,56,21,135,192,40,169,85,29,154,116,177,27,185,111,96,171,141,98,114,64,79,179,55,76,5,186,199,83,153,150,24,95,137,175,62,120,3,168,191,162,146];True
1394;7797;9191;[61,195,129,70,19,87,121,178,47,132,130,84,77,112,93,147,66,157,103,90,74,188,144,184,142,117,167,81,182,65,41,49,78,128,42,57,197,8,16,126,35,160,91,1,33,124,180,196,36,46,140,92,82,23,127,7,0,45,22,26,176,193,109,20,170,166,38,139,63,118,48,194,31,198,15,9,143,67,32,72,163,25,51,50,190,10,165,113,156,71,44,138,37,94,173,18,131,119,11,59,80,100,30,134,148,4,97,58,158,43,34,122,181,68,123,6,149,60,54,151,133,187,39,107,105,14,13,172,12,89,75,125,174,135,53,183,69,159,164,189,28,155,73,99,106,136,115,152,2,161,102,86,110,88,101,52,104,17,145,56,21,108,192,40,169,85,29,154,116,177,27,185,111,96,171,141,98,114,64,79,179,55,76,5,186,199,83,153,150,24,95,137,175,62,120,3,168,191,162,146];True
1391;7801;9192;[61,195,129,70,19,87,121,178,47,132,130,84,77,152,93,147,66,157,103,90,74,188,144,184,115,142,167,81,182,65,41,117,78,128,42,57,197,8,16,126,35,160,91,1,33,124,180,196,36,46,140,92,82,23,127,7,0,45,22,26,176,193,109,20,170,166,38,139,63,118,48,194,31,198,174,9,143,67,32,72,163,25,51,50,190,10,165,113,156,71,44,138,37,94,173,18,131,119,11,59,80,100,30,134,148,4,97,58,158,43,34,122,181,68,123,6,149,60,54,151,133,187,39,107,105,14,13,172,12,89,75,125,15,135,53,183,69,159,164,189,28,155,73,99,106,136,49,112,2,161,102,86,110,88,101,52,104,17,145,56,21,108,192,40,169,85,29,154,116,177,27,185,111,96,171,141,98,114,64,79,179,55,76,5,186,199,83,153,150,24,95,137,175,62,120,3,168,191,162,146];True
1991;7202;9193;[34,4,129,70,19,87,121,178,102,132,130,84,67,112,93,147,66,157,103,105,20,188,144,9,142,117,167,61,45,138,41,49,78,128,42,57,197,8,190,126,143,160,91,1,33,124,180,196,36,46,140,92,82,77,189,23,0,85,22,26,176,193,109,162,170,95,38,139,63,118,48,194,31,198,174,184,35,161,32,72,163,25,50,51,16,125,11,113,156,71,165,65,37,94,173,18,131,110,101,59,80,100,30,134,148,195,97,58,175,151,7,191,181,68,123,6,137,158,54,52,119,187,39,107,55,14,13,172,12,89,75,149,15,135,53,183,69,159,164,90,28,155,73,99,106,136,115,2,152,111,83,86,133,76,122,116,104,17,145,56,21,108,192,40,169,182,29,154,60,177,27,43,127,96,171,141,98,114,64,79,179,47,88,5,186,199,81,153,166,24,150,10,185,62,120,3,168,44,74,146];True
1995;7199;9194;[34,4,129,70,19,87,121,178,102,12,130,84,67,112,93,147,66,157,103,105,20,188,144,9,142,117,167,61,45,138,41,49,78,128,42,57,197,8,16,126,143,160,91,1,33,124,180,196,36,46,140,92,82,77,189,23,0,85,22,26,176,193,109,162,170,95,38,139,63,118,48,194,31,198,174,184,35,161,32,72,163,25,51,50,190,125,11,113,156,71,165,65,37,94,173,18,131,110,101,59,80,100,30,134,148,195,97,58,151,175,7,191,181,68,123,6,137,158,54,52,119,187,39,107,55,14,13,172,132,89,75,149,15,135,53,183,69,159,164,90,28,155,73,99,106,136,115,2,152,111,83,86,133,76,122,116,104,17,145,56,21,108,192,40,169,182,29,154,60,177,27,43,127,96,171,141,98,114,64,79,179,47,88,5,186,199,81,153,166,24,150,10,185,62,120,3,168,44,74,146];True
1996;7198;9194;[34,4,129,70,19,87,121,178,102,12,130,84,67,112,93,147,66,157,103,105,20,188,144,9,142,117,167,61,45,138,41,49,78,128,42,57,197,8,16,126,143,160,91,1,33,124,180,196,36,46,140,92,82,77,189,23,0,85,22,26,176,193,109,162,170,95,38,139,63,118,48,194,31,198,174,184,35,161,32,72,163,25,51,50,190,125,11,113,156,71,165,65,37,94,173,18,131,110,101,59,80,100,30,134,148,195,97,58,175,151,7,191,181,68,123,6,137,158,54,52,119,187,39,107,55,14,13,172,132,89,75,149,15,135,53,183,69,159,164,90,28,155,73,99,106,136,115,2,152,111,83,86,133,76,122,116,104,17,145,56,21,108,192,40,169,182,29,154,60,177,27,43,127,96,171,141,98,114,64,79,179,47,88,5,186,199,81,153,166,24,150,10,185,62,120,3,168,44,74,146];True
2002;7193;9195;[34,4,129,70,19,87,121,178,102,132,130,84,77,112,93,147,66,157,103,105,20,188,144,9,142,117,167,61,45,138,41,49,78,128,42,57,197,8,16,126,143,160,91,1,33,124,180,196,36,46,140,92,82,67,189,23,0,85,22,26,176,193,109,162,170,95,38,139,63,118,48,194,31,198,174,184,35,161,32,72,163,25,51,50,190,125,11,113,156,71,165,65,37,94,173,18,131,110,101,59,80,100,30,134,148,195,97,58,175,151,7,191,181,68,123,6,137,158,54,52,119,187,39,107,55,14,13,172,12,89,75,149,15,135,53,183,69,159,164,90,28,155,73,99,106,136,115,2,152,111,83,86,133,76,122,116,104,17,145,56,21,108,192,40,169,182,29,154,60,177,27,43,127,96,171,141,98,114,64,79,179,47,88,5,186,199,81,153,166,24,150,10,185,62,120,3,168,44,74,146];True
2001;7194;9195;[34,4,129,70,19,87,121,178,102,132,130,84,77,112,93,147,66,157,103,105,20,188,144,9,142,117,167,61,45,138,41,49,78,128,42,57,197,8,16,126,143,160,91,1,33,124,180,196,36,46,140,92,82,67,189,23,0,85,22,26,176,193,109,162,170,95,38,139,63,118,48,194,31,198,174,184,35,161,32,72,163,25,51,50,190,125,11,113,156,71,165,65,37,94,173,18,131,110,101,59,80,100,30,134,148,195,97,58,151,175,7,191,181,68,123,6,137,158,54,52,119,187,39,107,55,14,13,172,12,89,75,149,15,135,53,183,69,159,164,90,28,155,73,99,106,136,115,2,152,111,83,86,133,76,122,116,104,17,145,56,21,108,192,40,169,182,29,154,60,177,27,43,127,96,171,141,98,114,64,79,179,47,88,5,186,199,81,153,166,24,150,10,185,62,120,3,168,44,74,146];True
2009;7192;9201;[34,4,129,70,19,87,121,178,102,132,130,84,67,112,93,147,66,157,103,105,20,188,144,9,142,117,167,61,45,138,41,49,78,128,42,57,197,8,16,126,143,160,91,1,33,124,180,196,36,46,140,92,82,77,189,23,0,85,22,26,176,193,109,190,170,95,38,139,63,118,48,194,31,198,174,184,35,161,32,72,163,25,51,50,162,173,11,113,156,71,165,65,37,94,125,18,131,110,101,59,80,100,30,134,148,195,97,58,175,151,7,191,181,68,123,6,137,158,54,52,119,187,39,107,55,14,13,172,12,89,75,149,15,135,53,183,69,159,164,90,28,155,73,99,106,136,115,2,152,111,83,86,133,76,122,116,104,17,145,56,21,108,192,40,169,182,29,154,60,177,27,43,127,96,171,141,98,114,64,79,179,47,88,5,186,199,81,153,166,24,150,10,185,62,120,3,168,44,74,146];True
1378;7824;9202;[61,195,129,70,19,87,121,178,47,132,130,84,77,152,93,147,66,157,103,90,74,188,144,184,41,142,167,81,182,65,115,117,78,128,42,57,197,8,16,126,35,160,91,1,33,124,180,196,36,46,140,92,82,23,127,7,0,45,22,26,176,193,109,20,170,166,38,139,63,118,48,194,31,198,174,9,143,67,32,72,163,25,51,50,190,10,165,113,156,71,44,138,37,94,173,18,131,119,11,59,80,100,30,134,148,4,97,58,158,43,34,122,181,68,123,6,149,60,54,151,133,187,39,107,105,14,13,172,12,89,75,125,15,135,53,183,69,159,164,189,28,155,73,99,106,136,49,112,2,161,102,86,110,88,101,52,104,17,145,56,21,108,192,40,169,85,29,154,116,177,27,185,111,96,171,141,98,114,64,79,179,55,76,5,186,199,83,153,150,24,95,137,175,62,120,3,168,191,162,146];True
2015;7188;9203;[34,4,129,70,19,87,121,178,102,132,130,84,67,112,93,147,66,157,103,105,20,188,144,9,142,117,167,61,45,138,41,49,78,128,42,57,197,8,16,126,143,160,91,1,33,124,180,196,36,46,140,92,82,77,189,23,0,85,22,26,176,193,109,190,170,95,38,139,63,118,48,194,31,198,174,184,35,161,32,72,163,25,51,50,162,125,11,113,156,71,165,65,37,94,173,18,131,110,101,59,80,100,30,134,148,195,97,58,175,151,7,191,181,68,123,6,137,158,54,52,119,187,39,107,55,14,13,172,12,89,75,149,15,135,53,183,69,159,164,90,28,155,73,99,106,136,115,2,152,111,83,86,133,76,122,116,104,17,145,56,21,108,192,40,169,182,29,154,60,177,27,43,127,96,171,141,98,114,64,79,179,47,88,5,186,199,81,153,166,24,150,10,185,62,120,3,168,44,74,146];True
1381;7822;9203;[61,195,129,70,19,87,121,178,47,132,130,84,77,152,93,147,66,157,103,90,74,188,144,184,115,117,167,81,182,65,41,142,78,128,42,57,197,8,16,126,35,160,91,1,33,124,180,196,36,46,140,92,82,23,127,7,0,45,22,26,176,193,109,20,170,166,38,139,63,118,48,194,31,198,15,9,143,67,32,72,163,25,51,50,190,10,165,113,156,71,44,138,37,94,173,18,131,119,11,59,80,100,30,134,148,4,97,58,158,43,34,122,181,68,123,6,149,60,54,151,133,187,39,107,105,14,13,172,12,89,75,125,174,135,53,183,69,159,164,189,28,155,73,99,106,136,49,112,2,161,102,86,110,88,101,52,104,17,145,56,21,108,192,40,169,85,29,154,116,177,27,185,111,96,171,141,98,114,64,79,179,55,76,5,186,199,83,153,150,24,95,137,175,62,120,3,168,191,162,146];True
2014;7189;9203;[34,4,129,70,19,87,121,178,102,132,130,84,67,112,93,147,66,157,103,105,20,188,144,9,142,117,167,61,45,138,41,49,78,128,42,57,197,8,16,126,143,160,91,1,33,124,180,196,36,46,140,92,82,77,189,23,0,85,22,26,176,193,109,190,170,95,38,139,63,118,48,194,31,198,174,184,35,161,32,72,163,25,51,50,162,125,11,113,156,71,165,65,37,94,173,18,131,110,101,59,80,100,30,134,148,195,97,58,151,175,7,191,181,68,123,6,137,158,54,52,119,187,39,107,55,14,13,172,12,89,75,149,15,135,53,183,69,159,164,90,28,155,73,99,106,136,115,2,152,111,83,86,133,76,122,116,104,17,145,56,21,108,192,40,169,182,29,154,60,177,27,43,127,96,171,141,98,114,64,79,179,47,88,5,186,199,81,153,166,24,150,10,185,62,120,3,168,44,74,146];True
1376;7827;9203;[61,195,129,70,19,87,121,178,47,132,130,84,77,152,93,147,66,157,103,90,74,188,144,184,115,117,167,81,182,65,41,142,78,128,42,57,197,8,16,126,35,160,91,1,33,124,180,196,36,46,140,92,82,23,127,7,0,45,22,26,176,193,109,20,170,166,38,139,63,118,48,194,31,198,174,9,143,67,32,72,163,25,51,50,190,10,165,113,156,71,44,138,37,94,173,18,131,119,11,59,80,100,30,134,148,4,97,58,158,43,34,122,181,68,123,6,149,60,54,151,133,187,39,107,105,14,13,172,12,89,75,125,15,108,53,183,69,159,164,189,28,155,73,99,106,136,49,112,2,161,102,86,110,88,101,52,104,17,145,56,21,135,192,40,169,85,29,154,116,177,27,185,111,96,171,141,98,114,64,79,179,55,76,5,186,199,83,153,150,24,95,137,175,62,120,3,168,191,162,146];True
2040;7175;9215;[34,4,129,70,19,87,121,178,102,132,130,84,67,112,93,147,66,157,103,105,20,188,144,9,142,117,167,61,45,138,41,49,78,128,42,57,197,162,16,126,143,160,91,1,33,124,180,196,36,46,140,92,82,77,189,23,0,85,22,26,176,193,109,190,170,95,38,139,63,118,48,194,31,198,174,184,35,161,32,72,163,25,51,50,8,173,11,113,156,71,165,65,37,94,125,18,131,110,101,59,80,100,30,134,148,195,97,58,151,175,7,191,181,68,123,6,137,158,54,52,119,187,39,107,55,14,13,172,12,89,75,149,15,135,53,183,69,159,164,90,28,155,73,99,106,136,115,2,152,111,83,86,133,76,122,116,104,17,145,56,21,108,192,40,169,182,29,154,60,177,27,43,127,96,171,141,98,114,64,79,179,47,88,5,186,199,81,153,166,24,150,10,185,62,120,3,168,44,74,146];True
2041;7174;9215;[34,4,129,70,19,87,121,178,102,132,130,84,67,112,93,147,66,157,103,105,20,188,144,9,142,117,167,61,45,138,41,49,78,128,42,57,197,162,16,126,143,160,91,1,33,124,180,196,36,46,140,92,82,77,189,23,0,85,22,26,176,193,109,190,170,95,38,139,63,118,48,194,31,198,174,184,35,161,32,72,163,25,51,50,8,173,11,113,156,71,165,65,37,94,125,18,131,110,101,59,80,100,30,134,148,195,97,58,175,151,7,191,181,68,123,6,137,158,54,52,119,187,39,107,55,14,13,172,12,89,75,149,15,135,53,183,69,159,164,90,28,155,73,99,106,136,115,2,152,111,83,86,133,76,122,116,104,17,145,56,21,108,192,40,169,182,29,154,60,177,27,43,127,96,171,141,98,114,64,79,179,47,88,5,186,199,81,153,166,24,150,10,185,62,120,3,168,44,74,146];True
2030;7187;9217;[34,4,129,70,19,87,121,178,102,132,130,84,67,112,93,147,66,157,103,105,20,188,144,9,142,117,167,61,45,138,41,49,78,128,42,57,197,162,16,126,143,160,91,1,33,124,180,196,36,46,140,92,82,77,189,23,0,85,22,26,176,193,8,190,170,95,38,139,63,118,48,194,31,198,174,184,35,161,32,72,163,25,51,50,109,125,11,113,156,71,165,65,37,94,173,18,131,110,101,59,80,100,30,134,148,195,97,58,175,151,7,191,181,68,123,6,137,158,54,52,119,187,39,107,55,14,13,172,12,89,75,149,15,135,53,183,69,159,164,90,28,155,73,99,106,136,115,2,152,111,83,86,133,76,122,116,104,17,145,56,21,108,192,40,169,182,29,154,60,177,27,43,127,96,171,141,98,114,64,79,179,47,88,5,186,199,81,153,166,24,150,10,185,62,120,3,168,44,74,146];True
1372;7846;9218;[61,195,129,70,19,87,121,178,47,132,130,84,77,152,93,147,66,157,103,90,74,188,144,184,115,142,167,81,182,65,41,117,78,128,42,57,197,8,16,126,35,160,91,1,33,124,180,196,36,46,140,92,82,23,127,7,0,45,22,26,176,193,109,20,170,166,38,139,63,118,48,194,31,198,174,9,143,67,32,72,163,25,51,50,190,10,165,113,156,71,44,138,37,94,173,18,131,119,11,59,80,100,30,134,148,4,97,58,158,43,34,122,181,68,123,6,149,60,54,151,133,187,39,107,105,14,13,172,12,89,75,125,15,108,53,183,69,159,164,189,28,155,73,99,106,136,49,112,2,161,102,86,110,88,101,52,104,17,145,56,21,135,192,40,169,85,29,154,116,177,27,185,111,96,171,141,98,114,64,79,179,55,76,5,186,199,83,153,150,24,95,137,175,62,120,3,168,191,162,146];True
2037;7186;9223;[34,4,129,70,19,87,121,178,102,132,130,84,67,112,93,147,66,157,103,105,20,188,144,9,142,117,167,61,45,138,41,49,78,128,42,57,197,8,16,126,143,160,91,1,33,124,180,196,36,46,140,92,82,77,189,23,0,85,22,26,176,193,109,162,170,95,38,139,63,118,48,194,31,198,174,184,35,161,32,72,163,25,51,50,190,173,11,113,156,71,165,65,37,94,125,18,131,110,101,59,80,100,30,134,148,195,97,58,175,151,7,191,181,68,123,6,137,158,54,52,119,187,39,107,55,14,13,172,12,89,75,149,15,135,53,183,69,159,164,90,28,155,73,99,106,136,115,2,152,111,83,86,133,76,122,116,104,17,145,56,21,108,192,40,169,182,29,154,60,177,27,43,127,96,171,141,98,114,64,79,179,47,88,5,186,199,81,153,166,24,150,10,185,62,120,3,168,44,74,146];True
2111;7115;9226;[34,198,146,190,109,21,6,193,172,132,130,22,144,112,93,147,66,157,103,105,74,188,87,37,145,182,167,61,45,138,178,9,78,128,42,120,3,121,162,126,143,160,91,1,33,124,94,196,36,46,140,17,82,23,189,176,0,85,19,26,81,119,12,49,170,95,38,139,65,20,51,50,48,104,180,4,84,67,32,72,163,25,70,41,142,117,77,57,156,71,165,137,184,8,173,18,2,110,101,59,80,100,30,134,148,11,97,58,54,151,7,191,181,68,123,44,131,158,62,195,129,43,175,107,55,14,13,111,52,89,75,149,15,135,53,183,69,159,164,90,28,155,73,99,106,136,115,152,35,161,102,86,133,76,122,116,16,125,174,118,92,108,192,40,169,194,29,154,60,177,27,185,127,96,171,141,98,114,64,79,179,47,88,5,186,199,83,153,166,24,150,10,187,39,113,197,168,31,56,63];True
2119;7108;9227;[34,198,146,190,109,21,6,193,172,132,130,22,144,112,93,147,66,157,103,105,74,188,87,37,145,182,167,61,45,138,178,9,187,128,42,120,3,121,162,126,143,160,91,1,33,124,94,196,36,46,140,17,82,23,189,176,0,85,19,26,81,119,12,49,170,95,38,139,65,20,51,50,48,104,180,4,84,67,32,72,163,25,70,41,142,117,77,57,156,71,165,137,184,8,173,18,2,110,101,59,80,100,30,134,148,11,97,58,54,151,7,191,181,68,123,44,131,158,62,195,129,43,175,107,55,14,13,111,52,89,75,149,15,135,53,183,69,159,164,90,28,155,73,99,106,136,115,152,35,161,102,86,133,76,122,116,16,125,174,118,92,108,192,40,169,194,29,154,60,177,27,185,127,96,171,141,98,114,64,79,179,47,88,5,186,199,83,153,166,24,150,10,78,39,113,197,168,31,56,63];True
1359;7869;9228;[61,195,129,70,19,87,121,178,47,132,130,84,77,152,93,147,66,157,103,90,74,188,144,184,41,142,167,81,182,65,115,117,78,128,42,57,197,8,16,126,35,160,91,1,33,124,180,196,36,46,140,92,82,23,127,7,0,45,22,26,176,193,109,20,170,166,38,139,63,118,48,194,31,198,174,9,143,67,32,72,163,25,51,50,190,10,165,113,156,71,44,138,37,94,173,18,131,119,11,59,80,100,30,134,148,4,97,58,158,43,34,122,181,68,123,6,149,60,54,151,133,187,39,107,105,14,13,172,12,89,75,125,15,108,53,183,69,159,164,189,28,155,73,99,106,136,49,112,2,161,102,86,110,88,101,52,104,17,145,56,21,135,192,40,169,85,29,154,116,177,27,185,111,96,171,141,98,114,64,79,179,55,76,5,186,199,83,153,150,24,95,137,175,62,120,3,168,191,162,146];True
1364;7864;9228;[61,195,129,70,19,87,121,178,47,132,130,84,77,152,93,147,66,157,103,90,74,188,144,184,41,142,167,81,182,65,115,117,78,128,42,57,197,8,16,126,35,160,91,1,33,124,180,196,36,46,140,92,82,23,127,7,0,45,22,26,176,193,109,20,170,166,38,139,63,118,48,194,31,198,15,9,143,67,32,72,163,25,51,50,190,10,165,113,156,71,44,138,37,94,173,18,131,119,11,59,80,100,30,134,148,4,97,58,158,43,34,122,181,68,123,6,149,60,54,151,133,187,39,107,105,14,13,172,12,89,75,125,174,135,53,183,69,159,164,189,28,155,73,99,106,136,49,112,2,161,102,86,110,88,101,52,104,17,145,56,21,108,192,40,169,85,29,154,116,177,27,185,111,96,171,141,98,114,64,79,179,55,76,5,186,199,83,153,150,24,95,137,175,62,120,3,168,191,162,146];True
2097;7132;9229;[34,198,146,190,109,63,6,193,172,132,130,22,144,112,93,147,66,157,103,105,74,188,87,37,145,182,167,61,45,138,178,9,78,128,42,120,3,121,162,126,143,160,91,1,33,124,94,196,36,46,140,17,82,23,189,176,0,85,19,26,81,119,12,49,170,95,38,139,65,20,51,50,48,104,180,4,84,67,32,72,163,25,70,41,142,117,77,57,156,71,165,137,184,8,173,18,2,110,101,59,80,100,30,134,148,11,97,58,54,151,7,191,181,68,123,44,131,158,62,195,129,43,175,107,55,14,13,111,52,89,75,149,15,135,53,183,69,159,164,90,28,155,73,99,106,136,115,152,35,161,102,86,133,76,122,116,16,125,174,118,92,108,192,40,169,194,29,154,60,177,27,185,127,96,171,141,98,114,64,79,179,47,88,5,186,199,83,153,166,24,150,10,187,39,113,197,168,31,56,21];True
2105;7125;9230;[34,198,146,190,109,63,6,193,172,132,130,22,144,112,93,147,66,157,103,105,74,188,87,37,145,182,167,61,45,138,178,9,187,128,42,120,3,121,162,126,143,160,91,1,33,124,94,196,36,46,140,17,82,23,189,176,0,85,19,26,81,119,12,49,170,95,38,139,65,20,51,50,48,104,180,4,84,67,32,72,163,25,70,41,142,117,77,57,156,71,165,137,184,8,173,18,2,110,101,59,80,100,30,134,148,11,97,58,54,151,7,191,181,68,123,44,131,158,62,195,129,43,175,107,55,14,13,111,52,89,75,149,15,135,53,183,69,159,164,90,28,155,73,99,106,136,115,152,35,161,102,86,133,76,122,116,16,125,174,118,92,108,192,40,169,194,29,154,60,177,27,185,127,96,171,141,98,114,64,79,179,47,88,5,186,199,83,153,166,24,150,10,78,39,113,197,168,31,56,21];True
2095;7136;9231;[34,198,146,190,109,21,6,193,172,132,130,22,144,112,93,147,66,157,103,105,74,188,87,37,145,182,167,61,45,138,178,9,78,128,134,120,3,121,162,126,143,160,91,1,33,124,94,196,36,46,140,17,82,23,189,176,0,85,19,26,81,119,12,49,170,95,38,139,65,20,51,50,48,104,180,4,84,67,32,72,163,25,70,41,142,117,77,57,156,71,165,137,184,8,173,18,2,110,101,59,80,100,30,42,148,11,97,58,54,151,7,191,181,68,123,44,131,158,62,195,129,43,175,107,55,14,13,111,52,89,75,149,15,135,53,183,69,159,164,90,28,155,73,99,106,136,115,152,35,161,102,86,133,76,122,116,16,125,174,118,92,108,192,40,169,194,29,154,60,177,27,185,127,96,171,141,98,114,64,79,179,47,88,5,186,199,83,153,166,24,150,10,187,39,113,197,168,31,56,63];True
2096;7135;9231;[34,198,146,190,109,118,6,193,172,132,130,22,144,112,93,147,66,157,103,105,74,188,87,37,174,182,167,61,45,138,178,9,78,128,42,120,3,121,162,126,143,160,91,1,33,124,94,196,36,46,140,17,82,23,189,176,0,85,19,26,81,119,12,49,170,95,38,139,65,20,51,50,48,104,180,77,84,67,32,72,163,25,70,41,142,117,11,113,156,71,165,137,184,8,173,18,2,110,101,59,80,100,30,134,148,4,97,58,54,151,7,191,181,68,123,44,131,158,62,195,129,43,39,107,55,14,13,111,52,89,75,149,15,135,53,183,69,159,164,90,28,155,73,99,106,136,115,152,35,161,102,86,133,76,122,116,16,125,145,21,92,108,192,40,169,194,29,154,60,177,27,185,127,96,171,141,98,114,64,79,179,47,88,5,186,199,83,153,166,24,150,10,187,175,57,197,168,31,56,63];True
2084;7147;9231;[34,198,146,190,109,21,6,193,172,132,130,22,144,112,93,147,66,157,103,105,74,188,87,37,145,182,167,61,45,138,178,9,78,128,42,120,3,121,162,126,143,160,91,1,33,124,94,196,36,46,140,17,82,23,189,176,0,85,104,26,81,119,12,49,170,95,38,139,65,20,51,50,48,19,180,4,84,67,32,72,163,25,70,41,142,117,77,57,156,71,165,137,184,8,173,18,2,110,101,59,80,100,30,134,148,11,97,58,54,151,7,191,181,68,123,44,131,158,62,195,129,43,175,107,55,14,13,111,52,89,75,149,15,135,53,183,69,159,164,90,28,155,73,99,106,136,115,152,35,161,102,86,133,76,122,116,16,125,174,118,92,108,192,40,169,194,29,154,60,177,27,185,127,96,171,141,98,114,64,79,179,47,88,5,186,199,83,153,166,24,150,10,187,39,113,197,168,31,56,63];True
2092;7140;9232;[34,198,146,190,109,21,6,193,172,132,130,22,144,112,93,147,66,157,103,105,74,188,87,37,145,182,167,61,45,138,178,9,187,128,42,120,3,121,162,126,143,160,91,1,33,124,94,196,36,46,140,17,82,23,189,176,0,85,104,26,81,119,12,49,170,95,38,139,65,20,51,50,48,19,180,4,84,67,32,72,163,25,70,41,142,117,77,57,156,71,165,137,184,8,173,18,2,110,101,59,80,100,30,134,148,11,97,58,54,151,7,191,181,68,123,44,131,158,62,195,129,43,175,107,55,14,13,111,52,89,75,149,15,135,53,183,69,159,164,90,28,155,73,99,106,136,115,152,35,161,102,86,133,76,122,116,16,125,174,118,92,108,192,40,169,194,29,154,60,177,27,185,127,96,171,141,98,114,64,79,179,47,88,5,186,199,83,153,166,24,150,10,78,39,113,197,168,31,56,63];True
2103;7129;9232;[34,198,146,190,109,21,6,193,172,132,130,22,144,112,93,147,66,157,103,105,74,188,87,37,145,182,167,61,45,138,178,9,187,128,134,120,3,121,162,126,143,160,91,1,33,124,94,196,36,46,140,17,82,23,189,176,0,85,19,26,81,119,12,49,170,95,38,139,65,20,51,50,48,104,180,4,84,67,32,72,163,25,70,41,142,117,77,57,156,71,165,137,184,8,173,18,2,110,101,59,80,100,30,42,148,11,97,58,54,151,7,191,181,68,123,44,131,158,62,195,129,43,175,107,55,14,13,111,52,89,75,149,15,135,53,183,69,159,164,90,28,155,73,99,106,136,115,152,35,161,102,86,133,76,122,116,16,125,174,118,92,108,192,40,169,194,29,154,60,177,27,185,127,96,171,141,98,114,64,79,179,47,88,5,186,199,83,153,166,24,150,10,78,39,113,197,168,31,56,63];True
2070;7164;9234;[34,198,146,190,109,63,6,193,172,132,130,22,144,112,93,147,66,157,103,105,74,188,87,37,145,182,167,61,45,138,178,9,78,128,42,120,3,121,162,126,143,160,91,1,33,124,94,196,36,46,140,17,82,23,189,176,0,85,104,26,81,119,12,49,170,95,38,139,65,20,51,50,48,19,180,4,84,67,32,72,163,25,70,41,142,117,77,57,156,71,165,137,184,8,173,18,2,110,101,59,80,100,30,134,148,11,97,58,54,151,7,191,181,68,123,44,131,158,62,195,129,43,175,107,55,14,13,111,52,89,75,149,15,135,53,183,69,159,164,90,28,155,73,99,106,136,115,152,35,161,102,86,133,76,122,116,16,125,174,118,92,108,192,40,169,194,29,154,60,177,27,185,127,96,171,141,98,114,64,79,179,47,88,5,186,199,83,153,166,24,150,10,187,39,113,197,168,31,56,21];True
2081;7153;9234;[34,198,146,190,109,63,6,193,172,132,130,22,144,112,93,147,66,157,103,105,74,188,87,37,145,182,167,61,45,138,178,9,78,128,134,120,3,121,162,126,143,160,91,1,33,124,94,196,36,46,140,17,82,23,189,176,0,85,19,26,81,119,12,49,170,95,38,139,65,20,51,50,48,104,180,4,84,67,32,72,163,25,70,41,142,117,77,57,156,71,165,137,184,8,173,18,2,110,101,59,80,100,30,42,148,11,97,58,54,151,7,191,181,68,123,44,131,158,62,195,129,43,175,107,55,14,13,111,52,89,75,149,15,135,53,183,69,159,164,90,28,155,73,99,106,136,115,152,35,161,102,86,133,76,122,116,16,125,174,118,92,108,192,40,169,194,29,154,60,177,27,185,127,96,171,141,98,114,64,79,179,47,88,5,186,199,83,153,166,24,150,10,187,39,113,197,168,31,56,21];True
2078;7157;9235;[34,198,146,190,109,63,6,193,172,132,130,22,144,112,93,147,66,157,103,105,74,188,87,37,145,182,167,61,45,138,178,9,187,128,42,120,3,121,162,126,143,160,91,1,33,124,94,196,36,46,140,17,82,23,189,176,0,85,104,26,81,119,12,49,170,95,38,139,65,20,51,50,48,19,180,4,84,67,32,72,163,25,70,41,142,117,77,57,156,71,165,137,184,8,173,18,2,110,101,59,80,100,30,134,148,11,97,58,54,151,7,191,181,68,123,44,131,158,62,195,129,43,175,107,55,14,13,111,52,89,75,149,15,135,53,183,69,159,164,90,28,155,73,99,106,136,115,152,35,161,102,86,133,76,122,116,16,125,174,118,92,108,192,40,169,194,29,154,60,177,27,185,127,96,171,141,98,114,64,79,179,47,88,5,186,199,83,153,166,24,150,10,78,39,113,197,168,31,56,21];True
2089;7146;9235;[34,198,146,190,109,63,6,193,172,132,130,22,144,112,93,147,66,157,103,105,74,188,87,37,145,182,167,61,45,138,178,9,187,128,134,120,3,121,162,126,143,160,91,1,33,124,94,196,36,46,140,17,82,23,189,176,0,85,19,26,81,119,12,49,170,95,38,139,65,20,51,50,48,104,180,4,84,67,32,72,163,25,70,41,142,117,77,57,156,71,165,137,184,8,173,18,2,110,101,59,80,100,30,42,148,11,97,58,54,151,7,191,181,68,123,44,131,158,62,195,129,43,175,107,55,14,13,111,52,89,75,149,15,135,53,183,69,159,164,90,28,155,73,99,106,136,115,152,35,161,102,86,133,76,122,116,16,125,174,118,92,108,192,40,169,194,29,154,60,177,27,185,127,96,171,141,98,114,64,79,179,47,88,5,186,199,83,153,166,24,150,10,78,39,113,197,168,31,56,21];True
2153;7082;9235;[34,198,146,190,109,118,6,193,172,132,130,22,144,112,93,147,66,157,103,105,74,188,87,37,174,182,167,61,45,138,178,9,78,128,42,120,3,121,162,126,143,160,91,1,33,124,94,196,36,46,140,17,82,23,189,176,0,85,19,26,81,119,12,49,170,95,38,139,65,20,51,50,48,104,180,4,84,67,32,72,163,25,70,41,142,117,77,57,156,71,165,137,184,8,173,18,2,110,101,59,80,100,30,134,148,11,97,58,54,151,7,191,181,68,123,44,131,158,62,195,129,43,175,107,55,14,13,111,52,89,75,149,15,135,53,183,69,159,164,90,28,155,73,99,106,136,115,152,35,161,102,86,133,76,122,116,16,125,145,21,92,108,192,40,169,194,29,154,60,177,27,185,127,96,171,141,98,114,64,79,179,47,88,5,186,199,83,153,166,24,150,10,187,39,113,197,168,31,56,63];True
2161;7075;9236;[34,198,146,190,109,118,6,193,172,132,130,22,144,112,93,147,66,157,103,105,74,188,87,37,174,182,167,61,45,138,178,9,187,128,42,120,3,121,162,126,143,160,91,1,33,124,94,196,36,46,140,17,82,23,189,176,0,85,19,26,81,119,12,49,170,95,38,139,65,20,51,50,48,104,180,4,84,67,32,72,163,25,70,41,142,117,77,57,156,71,165,137,184,8,173,18,2,110,101,59,80,100,30,134,148,11,97,58,54,151,7,191,181,68,123,44,131,158,62,195,129,43,175,107,55,14,13,111,52,89,75,149,15,135,53,183,69,159,164,90,28,155,73,99,106,136,115,152,35,161,102,86,133,76,122,116,16,125,145,21,92,108,192,40,169,194,29,154,60,177,27,185,127,96,171,141,98,114,64,79,179,47,88,5,186,199,83,153,166,24,150,10,78,39,113,197,168,31,56,63];True
2068;7168;9236;[34,198,146,190,109,21,6,193,172,132,130,22,144,112,93,147,66,157,103,105,74,188,87,37,145,182,167,61,45,138,178,9,78,128,134,120,3,121,162,126,143,160,91,1,33,124,94,196,36,46,140,17,82,23,189,176,0,85,104,26,81,119,12,49,170,95,38,139,65,20,51,50,48,19,180,4,84,67,32,72,163,25,70,41,142,117,77,57,156,71,165,137,184,8,173,18,2,110,101,59,80,100,30,42,148,11,97,58,54,151,7,191,181,68,123,44,131,158,62,195,129,43,175,107,55,14,13,111,52,89,75,149,15,135,53,183,69,159,164,90,28,155,73,99,106,136,115,152,35,161,102,86,133,76,122,116,16,125,174,118,92,108,192,40,169,194,29,154,60,177,27,185,127,96,171,141,98,114,64,79,179,47,88,5,186,199,83,153,166,24,150,10,187,39,113,197,168,31,56,63];True
2069;7167;9236;[34,198,146,190,109,118,6,193,172,132,130,22,144,112,93,147,66,157,103,105,74,188,87,37,174,182,167,61,45,138,178,9,78,128,42,120,3,121,162,126,143,160,91,1,33,124,94,196,36,46,140,17,82,23,189,176,0,85,104,26,81,119,12,49,170,95,38,139,65,20,51,50,48,19,180,77,84,67,32,72,163,25,70,41,142,117,11,113,156,71,165,137,184,8,173,18,2,110,101,59,80,100,30,134,148,4,97,58,54,151,7,191,181,68,123,44,131,158,62,195,129,43,39,107,55,14,13,111,52,89,75,149,15,135,53,183,69,159,164,90,28,155,73,99,106,136,115,152,35,161,102,86,133,76,122,116,16,125,145,21,92,108,192,40,169,194,29,154,60,177,27,185,127,96,171,141,98,114,64,79,179,47,88,5,186,199,83,153,166,24,150,10,187,175,57,197,168,31,56,63];True
2080;7156;9236;[34,198,146,190,109,118,6,193,172,132,130,22,144,112,93,147,66,157,103,105,74,188,87,37,174,182,167,61,45,145,178,9,78,128,42,120,3,121,162,126,143,160,91,1,33,124,94,196,36,46,140,17,82,23,189,176,0,85,19,26,81,119,12,49,170,95,38,139,65,20,51,50,48,104,180,77,84,67,32,72,163,25,70,41,142,117,11,113,156,71,165,137,184,8,173,18,2,110,101,59,80,100,30,134,148,4,97,58,54,151,7,191,181,68,123,44,131,158,62,195,129,43,39,107,55,14,13,111,52,89,75,149,15,135,53,183,69,159,164,90,28,155,73,99,106,136,115,152,35,161,102,86,133,76,122,116,16,125,138,21,92,108,192,40,169,194,29,154,60,177,27,185,127,96,171,141,98,114,64,79,179,47,88,5,186,199,83,153,166,24,150,10,187,175,57,197,168,31,56,63];True
2076;7161;9237;[34,198,146,190,109,21,6,193,172,132,130,22,144,112,93,147,66,157,103,105,74,188,87,37,145,182,167,61,45,138,178,9,187,128,134,120,3,121,162,126,143,160,91,1,33,124,94,196,36,46,140,17,82,23,189,176,0,85,104,26,81,119,12,49,170,95,38,139,65,20,51,50,48,19,180,4,84,67,32,72,163,25,70,41,142,117,77,57,156,71,165,137,184,8,173,18,2,110,101,59,80,100,30,42,148,11,97,58,54,151,7,191,181,68,123,44,131,158,62,195,129,43,175,107,55,14,13,111,52,89,75,149,15,135,53,183,69,159,164,90,28,155,73,99,106,136,115,152,35,161,102,86,133,76,122,116,16,125,174,118,92,108,192,40,169,194,29,154,60,177,27,185,127,96,171,141,98,114,64,79,179,47,88,5,186,199,83,153,166,24,150,10,78,39,113,197,168,31,56,63];True
2067;7171;9238;[34,4,129,70,19,87,121,178,102,132,130,84,67,112,93,147,66,157,103,105,20,188,144,9,142,117,167,61,45,138,41,49,78,128,42,57,197,162,16,126,143,160,91,1,33,124,180,196,36,46,140,92,82,77,189,23,0,85,22,26,176,193,109,190,170,95,38,139,63,118,48,194,31,198,174,184,35,161,32,72,163,25,51,50,8,125,11,113,156,71,165,65,37,94,173,18,131,110,101,59,80,100,30,134,148,195,97,58,151,175,7,191,181,68,123,6,137,158,54,52,119,187,39,107,55,14,13,172,12,89,75,149,15,135,53,183,69,159,164,90,28,155,73,99,106,136,115,2,152,111,83,86,133,76,122,116,104,17,145,56,21,108,192,40,169,182,29,154,60,177,27,43,127,96,171,141,98,114,64,79,179,47,88,5,186,199,81,153,166,24,150,10,185,62,120,3,168,44,74,146];True
2137;7103;9240;[34,198,146,190,109,118,6,193,172,132,130,22,144,112,93,147,66,157,103,105,74,188,87,37,174,182,167,61,45,145,178,9,78,128,42,120,3,121,162,126,143,160,91,1,33,124,94,196,36,46,140,17,82,23,189,176,0,85,19,26,81,119,12,49,170,95,38,139,65,20,51,50,48,104,180,4,84,67,32,72,163,25,70,41,142,117,77,57,156,71,165,137,184,8,173,18,2,110,101,59,80,100,30,134,148,11,97,58,54,151,7,191,181,68,123,44,131,158,62,195,129,43,175,107,55,14,13,111,52,89,75,149,15,135,53,183,69,159,164,90,28,155,73,99,106,136,115,152,35,161,102,86,133,76,122,116,16,125,138,21,92,108,192,40,169,194,29,154,60,177,27,185,127,96,171,141,98,114,64,79,179,47,88,5,186,199,83,153,166,24,150,10,187,39,113,197,168,31,56,63];True
2134;7107;9241;[34,198,146,190,109,118,6,193,172,132,130,22,144,112,93,147,66,157,103,105,74,188,87,37,174,182,167,61,45,138,178,9,187,128,42,120,3,121,162,126,143,160,91,1,33,124,94,196,36,46,140,17,82,23,189,176,0,85,104,26,81,119,12,49,170,95,38,139,65,20,51,50,48,19,180,4,84,67,32,72,163,25,70,41,142,117,77,57,156,71,165,137,184,8,173,18,2,110,101,59,80,100,30,134,148,11,97,58,54,151,7,191,181,68,123,44,131,158,62,195,129,43,175,107,55,14,13,111,52,89,75,149,15,135,53,183,69,159,164,90,28,155,73,99,106,136,115,152,35,161,102,86,133,76,122,116,16,125,145,21,92,108,192,40,169,194,29,154,60,177,27,185,127,96,171,141,98,114,64,79,179,47,88,5,186,199,83,153,166,24,150,10,78,39,113,197,168,31,56,63];True
2145;7096;9241;[34,198,146,190,109,118,6,193,172,132,130,22,144,112,93,147,66,157,103,105,74,188,87,37,174,182,167,61,45,145,178,9,187,128,42,120,3,121,162,126,143,160,91,1,33,124,94,196,36,46,140,17,82,23,189,176,0,85,19,26,81,119,12,49,170,95,38,139,65,20,51,50,48,104,180,4,84,67,32,72,163,25,70,41,142,117,77,57,156,71,165,137,184,8,173,18,2,110,101,59,80,100,30,134,148,11,97,58,54,151,7,191,181,68,123,44,131,158,62,195,129,43,175,107,55,14,13,111,52,89,75,149,15,135,53,183,69,159,164,90,28,155,73,99,106,136,115,152,35,161,102,86,133,76,122,116,16,125,138,21,92,108,192,40,169,194,29,154,60,177,27,185,127,96,171,141,98,114,64,79,179,47,88,5,186,199,83,153,166,24,150,10,78,39,113,197,168,31,56,63];True
2141;7102;9243;[34,198,146,190,109,21,6,193,172,132,130,22,144,112,93,147,66,157,103,105,74,188,87,37,145,182,167,61,45,138,178,9,187,128,42,120,3,121,162,126,143,160,91,1,33,124,94,196,36,46,140,17,82,23,189,176,0,85,19,26,81,119,12,49,170,95,38,139,65,20,51,50,48,104,180,4,84,67,32,72,163,25,70,41,142,117,77,113,156,71,165,137,184,8,173,18,2,110,101,59,80,100,30,134,148,11,97,58,54,151,7,191,181,68,123,44,131,158,62,195,129,43,175,107,55,14,13,111,52,89,75,149,15,135,53,183,69,159,164,90,28,155,73,99,106,136,115,152,35,161,102,86,133,76,122,116,16,125,174,118,92,108,192,40,169,194,29,154,60,177,27,185,127,96,171,141,98,114,64,79,179,47,88,5,186,199,83,153,166,24,150,10,78,39,57,197,168,31,56,63];True
2150;7094;9244;[34,198,146,190,109,118,6,193,172,132,130,22,144,112,93,147,66,157,103,105,74,188,87,37,174,182,167,61,45,138,178,9,78,128,42,120,3,121,162,126,143,160,91,1,33,124,94,196,36,46,140,17,82,23,189,176,0,85,19,26,81,119,12,49,170,95,38,139,65,20,51,50,48,104,180,4,84,67,32,72,163,25,70,41,142,117,77,57,156,71,165,137,184,8,173,18,2,110,101,59,80,100,30,134,148,11,97,58,54,151,7,191,181,68,123,44,131,158,62,195,129,43,175,107,55,14,13,111,52,89,75,149,15,135,53,183,69,159,164,90,28,155,73,99,106,136,115,152,35,161,102,86,133,76,122,116,16,125,145,21,92,108,192,40,169,194,29,154,60,179,27,185,127,96,171,141,98,114,64,79,177,47,88,5,186,199,83,153,166,24,150,10,187,39,113,197,168,31,56,63];True
2184;7063;9247;[34,198,146,190,109,118,6,193,172,132,130,22,144,112,93,147,66,157,103,105,74,188,87,37,174,182,167,61,45,138,178,9,78,128,42,120,3,121,162,126,143,160,91,1,33,124,94,196,36,46,140,17,82,23,189,176,0,85,19,26,81,119,12,49,170,95,38,139,65,20,51,50,48,104,180,4,84,67,32,72,163,25,70,41,142,117,77,113,156,71,165,137,184,8,173,18,2,110,101,59,80,100,30,134,148,11,97,58,54,151,7,191,181,68,123,44,131,158,62,195,129,43,39,107,55,14,13,111,52,89,75,149,15,135,53,183,69,159,164,90,28,155,73,99,106,136,115,152,35,161,102,86,133,76,122,116,16,125,145,21,92,108,192,40,169,194,29,154,60,177,27,185,127,96,171,141,98,114,64,79,179,47,88,5,186,199,83,153,166,24,150,10,187,175,57,197,168,31,56,63];True
2177;7071;9248;[34,198,146,190,109,118,6,193,172,132,130,22,144,112,93,147,66,157,103,105,74,188,87,37,174,182,167,61,45,138,178,9,78,128,42,120,3,121,162,126,143,160,91,1,33,124,94,196,36,46,140,17,82,23,189,176,0,85,19,26,81,119,12,49,170,95,38,139,65,20,51,50,48,104,180,4,84,67,32,72,163,25,70,41,142,117,11,113,156,71,165,137,184,8,173,18,2,110,101,59,80,100,30,134,148,77,97,58,54,151,7,191,181,68,123,44,131,158,62,195,129,43,39,107,55,14,13,111,52,89,75,149,15,135,53,183,69,159,164,90,28,155,73,99,106,136,115,152,35,161,102,86,133,76,122,116,16,125,145,21,92,108,192,40,169,194,29,154,60,177,27,185,127,96,171,141,98,114,64,79,179,47,88,5,186,199,83,153,166,24,150,10,187,175,57,197,168,31,56,63];True
2183;7069;9252;[34,198,146,190,109,118,6,193,172,132,130,22,144,112,93,147,66,157,103,105,74,188,87,37,174,182,167,61,45,138,178,9,187,128,42,120,3,121,162,126,143,160,91,1,33,124,94,196,36,46,140,17,82,23,189,176,0,85,19,26,81,119,12,49,170,95,38,139,65,20,51,50,48,104,180,4,84,67,32,72,163,25,70,41,142,117,77,113,156,71,165,137,184,8,173,18,2,110,101,59,80,100,30,134,148,11,97,58,54,151,7,191,181,68,123,44,131,158,62,195,129,43,175,107,55,14,13,111,52,89,75,149,15,135,53,183,69,159,164,90,28,155,73,99,106,136,115,152,35,161,102,86,133,76,122,116,16,125,145,21,92,108,192,40,169,194,29,154,60,177,27,185,127,96,171,141,98,114,64,79,179,47,88,5,186,199,83,153,166,24,150,10,78,39,57,197,168,31,56,63];True
2204;7058;9262;[34,198,146,190,109,118,6,193,172,132,130,22,144,112,93,147,66,157,103,105,74,188,87,37,174,182,167,61,45,138,178,9,187,128,42,120,3,121,162,126,143,160,91,1,33,124,94,196,36,46,140,17,82,23,189,176,0,85,19,26,81,119,12,49,170,95,38,139,65,20,51,50,48,104,180,4,84,67,32,72,163,25,70,41,142,117,77,57,156,71,165,137,184,8,173,18,2,110,101,59,80,100,30,134,148,11,97,58,54,151,7,191,181,68,123,44,131,158,62,195,129,185,175,107,55,14,13,111,52,89,75,149,15,135,53,183,69,159,164,90,28,155,73,99,106,136,115,152,35,161,102,86,133,76,122,116,16,125,145,21,92,108,192,40,169,194,29,154,60,177,27,43,127,96,171,141,98,114,64,79,179,47,88,5,186,199,83,153,166,24,150,10,78,39,113,197,168,31,56,63];True
2222;7041;9263;[34,198,146,190,109,118,6,193,172,132,130,22,144,112,93,147,66,157,103,105,74,188,87,37,174,182,167,61,45,138,178,9,78,128,42,120,3,121,162,126,143,160,91,1,33,124,94,196,36,46,140,17,82,23,189,176,0,85,19,26,81,119,12,49,170,95,38,139,65,20,51,50,48,104,180,4,84,67,32,72,163,25,70,41,142,117,77,113,156,71,165,2,184,8,173,18,137,158,101,59,80,100,30,134,148,11,97,58,54,151,7,191,181,68,123,44,131,110,62,195,129,43,39,107,55,14,13,111,52,89,75,149,15,135,53,183,69,159,164,90,28,155,73,99,106,136,115,152,35,161,102,86,133,76,122,116,16,125,145,21,92,108,192,40,169,194,29,154,60,177,27,185,127,96,171,141,98,114,64,79,179,47,88,5,186,199,83,153,166,24,150,10,187,175,57,197,168,31,56,63];True
2210;7054;9264;[34,198,146,190,109,118,6,193,172,132,130,22,144,112,93,147,66,157,103,105,74,188,87,37,174,182,167,61,45,138,178,9,78,128,42,120,3,121,162,126,143,160,91,1,33,124,94,196,36,46,140,17,82,23,189,176,0,85,19,26,81,119,12,49,170,95,38,139,65,20,51,50,48,104,180,4,84,67,32,72,163,25,70,41,142,117,77,113,156,71,165,137,184,8,173,18,2,110,101,59,80,100,30,134,148,11,97,58,54,151,7,191,181,68,123,44,131,158,62,195,129,185,39,107,55,14,13,111,52,89,75,149,15,135,53,183,69,159,164,90,28,155,73,99,106,136,115,152,35,161,102,86,133,76,122,116,16,125,145,21,92,108,192,40,169,194,29,154,60,177,27,43,127,96,171,141,98,114,64,79,179,47,88,5,186,199,83,153,166,24,150,10,187,175,57,197,168,31,56,63];True
2215;7049;9264;[34,198,146,190,109,118,6,193,172,132,130,22,144,112,93,147,66,157,103,105,74,188,87,37,174,182,167,61,45,138,178,9,78,128,42,120,3,121,162,126,143,160,91,1,33,124,94,196,36,46,140,17,82,23,189,176,0,85,19,26,81,119,12,49,170,95,38,139,65,20,51,50,48,104,180,4,84,67,32,72,163,25,70,41,142,117,11,113,156,71,165,2,184,8,173,18,137,158,101,59,80,100,30,134,148,77,97,58,54,151,7,191,181,68,123,44,131,110,62,195,129,43,39,107,55,14,13,111,52,89,75,149,15,135,53,183,69,159,164,90,28,155,73,99,106,136,115,152,35,161,102,86,133,76,122,116,16,125,145,21,92,108,192,40,169,194,29,154,60,177,27,185,127,96,171,141,98,114,64,79,179,47,88,5,186,199,83,153,166,24,150,10,187,175,57,197,168,31,56,63];True
2202;7062;9264;[34,198,146,190,109,118,6,193,172,132,130,22,144,112,93,147,66,157,103,105,74,188,87,37,174,182,167,61,45,138,178,9,78,128,42,120,3,121,162,126,143,160,91,1,33,124,94,196,36,46,140,17,82,23,189,176,0,85,19,26,81,119,12,49,170,95,38,139,65,20,51,50,48,104,180,4,84,67,32,72,163,25,70,41,142,117,77,113,156,71,165,137,184,8,173,18,86,110,101,59,80,100,30,134,148,11,97,58,54,151,7,191,181,68,123,44,131,158,62,195,129,43,39,107,55,14,13,111,52,89,75,149,15,135,53,183,69,159,164,90,28,155,73,99,106,136,115,152,35,161,102,2,133,76,122,116,16,125,145,21,92,108,192,40,169,194,29,154,60,177,27,185,127,96,171,141,98,114,64,79,179,47,88,5,186,199,83,153,166,24,150,10,187,175,57,197,168,31,56,63];True
1358;7909;9267;[61,195,129,70,19,87,121,178,47,132,130,84,77,152,93,147,66,157,103,90,74,188,144,184,41,142,167,81,182,65,115,117,78,128,42,57,197,8,16,126,35,160,91,1,33,124,180,196,36,46,140,92,82,23,127,7,0,45,22,26,176,193,109,20,170,166,38,139,63,118,48,194,31,198,174,9,143,67,32,72,163,25,51,50,190,10,165,113,156,71,44,138,37,94,173,18,131,119,11,59,80,100,30,134,148,4,97,58,158,43,34,122,181,68,123,6,149,60,54,151,133,187,39,107,105,14,13,172,12,89,75,125,76,108,53,183,69,159,164,189,28,155,73,99,106,136,49,112,2,161,102,86,110,88,101,52,104,17,145,56,21,135,192,40,169,85,29,154,116,177,27,185,111,96,171,141,98,114,64,79,179,55,15,5,186,199,83,153,150,24,95,137,175,62,120,3,168,191,162,146];True
1347;7929;9276;[61,195,129,70,19,87,121,178,2,142,130,84,77,152,93,147,66,157,103,90,74,188,144,184,115,117,167,81,182,65,41,22,78,128,42,57,197,8,16,126,35,160,91,1,33,124,180,196,36,46,140,92,82,23,127,7,0,45,132,26,176,193,109,20,170,166,38,139,63,118,48,194,31,198,174,9,143,67,32,72,163,25,51,50,190,10,165,113,156,71,44,138,37,94,173,18,131,119,11,59,80,100,30,134,148,4,97,58,158,43,34,122,181,68,123,6,149,60,54,151,133,187,39,107,105,14,13,172,12,89,75,125,15,108,53,183,69,159,164,189,28,155,73,99,106,136,49,112,17,161,102,86,110,88,101,52,104,179,145,56,21,135,192,40,169,85,29,154,116,177,27,185,111,96,171,141,98,114,64,79,47,55,76,5,186,199,83,153,150,24,95,137,175,62,120,3,168,191,162,146];True
2252;7025;9277;[34,198,146,190,109,118,6,193,172,132,130,22,144,112,93,147,66,157,103,105,74,188,87,37,174,182,167,61,45,138,178,9,78,128,42,120,3,121,162,126,143,160,91,1,33,124,94,196,36,46,140,17,82,23,189,176,0,85,19,26,81,119,12,49,170,95,38,139,65,20,51,50,48,104,180,4,84,67,32,72,163,25,70,41,142,117,77,113,156,71,165,2,184,8,173,18,86,110,101,59,80,100,30,134,148,11,97,58,54,151,7,191,181,68,123,44,131,158,62,195,129,43,39,107,55,14,13,111,52,89,75,149,15,135,53,183,69,159,164,90,28,155,73,99,106,136,115,152,35,161,102,137,133,76,122,116,16,125,145,21,92,108,192,40,169,194,29,154,60,177,27,185,127,96,171,141,98,114,64,79,179,47,88,5,186,199,83,153,166,24,150,10,187,175,57,197,168,31,56,63];True
2245;7033;9278;[34,198,146,190,109,118,6,193,172,132,130,22,144,112,93,147,66,157,103,105,74,188,87,37,174,182,167,61,45,138,178,9,78,128,42,120,3,121,162,126,143,160,91,1,33,124,94,196,36,46,140,17,82,23,189,176,0,85,19,26,81,119,12,49,170,95,38,139,65,20,51,50,48,104,180,4,84,67,32,72,163,25,70,41,142,117,11,113,156,71,165,2,184,8,173,18,86,110,101,59,80,100,30,134,148,77,97,58,54,151,7,191,181,68,123,44,131,158,62,195,129,43,39,107,55,14,13,111,52,89,75,149,15,135,53,183,69,159,164,90,28,155,73,99,106,136,115,152,35,161,102,137,133,76,122,116,16,125,145,21,92,108,192,40,169,194,29,154,60,177,27,185,127,96,171,141,98,114,64,79,179,47,88,5,186,199,83,153,166,24,150,10,187,175,57,197,168,31,56,63];True
2246;7032;9278;[34,198,146,190,109,118,6,193,172,132,130,22,144,112,93,147,66,157,103,105,74,188,87,37,174,182,167,61,45,138,178,9,78,128,42,120,3,121,162,126,143,160,91,1,33,124,94,196,36,46,140,17,82,23,189,176,0,85,19,26,81,119,12,49,170,95,38,139,65,20,51,50,48,104,180,4,84,67,32,72,163,25,70,41,142,117,77,113,156,71,165,2,184,8,173,18,137,110,101,59,80,100,30,134,148,11,97,58,54,151,7,191,181,68,123,44,131,158,62,195,129,43,39,107,55,14,13,111,52,89,75,149,15,135,53,183,69,159,164,90,28,155,73,99,106,136,115,152,35,161,102,86,133,76,122,116,16,125,145,21,92,108,192,40,169,194,29,154,60,177,27,185,127,96,171,141,98,114,64,79,179,47,88,5,186,199,83,153,166,24,150,10,187,175,57,197,168,31,56,63];True
2239;7040;9279;[34,198,146,190,109,118,6,193,172,132,130,22,144,112,93,147,66,157,103,105,74,188,87,37,174,182,167,61,45,138,178,9,78,128,42,120,3,121,162,126,143,160,91,1,33,124,94,196,36,46,140,17,82,23,189,176,0,85,19,26,81,119,12,49,170,95,38,139,65,20,51,50,48,104,180,4,84,67,32,72,163,25,70,41,142,117,11,113,156,71,165,2,184,8,173,18,137,110,101,59,80,100,30,134,148,77,97,58,54,151,7,191,181,68,123,44,131,158,62,195,129,43,39,107,55,14,13,111,52,89,75,149,15,135,53,183,69,159,164,90,28,155,73,99,106,136,115,152,35,161,102,86,133,76,122,116,16,125,145,21,92,108,192,40,169,194,29,154,60,177,27,185,127,96,171,141,98,114,64,79,179,47,88,5,186,199,83,153,166,24,150,10,187,175,57,197,168,31,56,63];True
2243;7037;9280;[34,198,146,190,109,118,6,193,172,132,130,22,144,112,93,147,66,157,103,105,74,188,87,37,174,182,167,61,45,138,178,9,78,128,42,120,3,121,162,126,143,160,91,1,33,124,94,196,36,46,140,17,82,23,189,176,0,85,19,26,81,119,12,49,170,95,38,139,65,20,51,50,48,104,180,4,84,67,32,72,163,25,70,41,142,117,57,113,156,71,165,2,184,8,173,18,137,158,101,59,80,100,30,134,148,11,97,58,54,151,7,191,181,68,123,44,131,110,62,195,129,43,39,107,55,14,13,111,52,89,75,149,15,135,53,183,69,159,164,90,28,155,73,99,106,136,115,152,35,161,102,86,133,76,122,116,16,125,145,21,92,108,192,40,169,194,29,154,60,177,27,185,127,96,171,141,98,114,64,79,179,47,88,5,186,199,83,153,166,24,150,10,187,175,77,197,168,31,56,63];True
1357;7927;9284;[61,195,129,70,19,87,121,178,2,142,130,84,77,152,93,147,66,157,103,90,74,188,144,184,115,117,167,81,182,65,41,22,78,128,42,57,197,8,16,126,35,160,91,1,33,124,180,196,36,46,140,92,82,23,127,7,0,45,132,26,176,193,109,20,170,166,38,139,63,118,48,194,31,198,174,9,143,67,32,72,163,25,51,50,190,10,165,113,156,71,44,138,37,94,173,18,131,119,11,59,80,100,30,134,148,4,97,58,158,43,34,122,181,68,123,6,149,60,101,151,133,187,39,107,105,14,13,172,12,89,75,125,15,108,53,183,69,159,164,189,28,155,73,99,106,136,49,112,17,161,102,86,110,88,54,52,104,179,145,56,21,135,192,40,169,85,29,154,116,177,27,185,111,96,171,141,98,114,64,79,47,55,76,5,186,199,83,153,150,24,95,137,175,62,120,3,168,191,162,146];True
2262;7024;9286;[34,198,146,190,109,118,156,193,172,132,130,22,147,0,85,113,66,157,103,105,74,188,87,37,174,149,167,61,45,138,178,9,78,128,42,120,3,121,162,126,143,160,91,1,33,124,94,196,36,182,104,17,82,23,189,81,112,93,19,26,176,46,6,49,170,95,38,139,65,20,51,50,48,21,180,4,84,67,32,72,163,25,70,41,142,117,77,2,12,71,165,144,184,8,173,18,137,158,101,59,80,100,30,134,148,11,97,58,54,151,7,191,181,68,123,44,131,110,62,195,119,43,39,107,55,14,13,111,52,89,75,129,15,135,53,183,69,159,164,90,28,155,73,99,106,136,115,152,35,161,102,86,133,76,122,116,16,125,145,140,92,108,192,40,169,194,29,154,60,177,27,185,127,96,171,141,98,114,64,79,179,47,88,5,186,199,83,153,166,24,150,10,187,175,57,197,168,31,56,63];True
2273;7021;9294;[34,198,146,190,109,118,6,193,172,132,130,22,144,112,93,147,66,157,103,105,74,188,87,37,174,182,167,61,45,138,178,9,78,128,42,120,3,121,162,126,143,160,91,1,33,124,94,196,36,46,140,17,82,23,189,176,0,85,19,26,81,119,12,49,170,95,38,139,65,20,51,50,48,104,180,4,84,67,32,72,163,25,70,41,142,117,57,113,156,71,165,2,184,8,173,18,86,110,101,59,80,100,30,134,148,11,97,58,54,151,7,191,181,68,123,44,131,158,62,195,129,43,39,107,55,14,13,111,52,89,75,149,15,135,53,183,69,159,164,90,28,155,73,99,106,136,115,152,35,161,102,137,133,76,122,116,16,125,145,21,92,108,192,40,169,194,29,154,60,177,27,185,127,96,171,141,98,114,64,79,179,47,88,5,186,199,83,153,166,24,150,10,187,175,77,197,168,31,56,63];True
2274;7020;9294;[34,198,146,190,109,118,12,193,172,132,130,22,147,0,85,113,66,157,103,105,74,188,87,37,174,149,167,61,45,138,178,9,78,128,42,120,3,121,162,126,143,160,91,1,33,124,94,196,36,182,104,17,82,23,189,81,112,93,19,26,176,46,6,49,170,95,38,139,65,20,51,50,21,48,180,4,84,67,32,72,163,25,70,41,142,117,77,2,156,71,165,144,184,8,173,18,137,158,101,59,80,100,30,134,148,11,97,58,54,151,7,191,181,68,123,44,131,110,62,195,119,43,39,107,55,14,13,111,52,89,75,129,15,135,53,183,69,159,164,90,28,155,73,99,106,136,115,152,35,161,102,86,133,76,122,116,16,125,145,140,92,108,192,40,169,194,29,154,60,177,27,185,127,96,171,141,98,114,64,79,179,47,88,5,186,199,83,153,166,24,150,10,187,175,57,197,168,31,56,63];True
2278;7016;9294;[34,198,146,190,109,118,6,193,172,132,130,22,144,112,93,147,66,157,103,105,74,188,87,37,174,182,167,61,45,138,178,9,78,128,42,120,3,121,162,126,143,160,91,1,33,124,94,196,36,46,140,17,82,23,189,176,0,85,19,26,81,119,12,49,170,95,38,139,65,20,51,50,48,104,180,4,84,67,32,72,163,25,70,41,142,117,77,113,156,71,165,2,184,8,173,18,86,110,101,59,80,100,30,134,148,11,97,58,54,151,7,191,181,68,123,44,131,158,62,195,129,185,39,107,55,14,13,111,52,89,75,149,15,135,53,183,69,159,164,90,28,155,73,99,106,136,115,152,35,161,102,137,133,76,122,116,16,125,145,21,92,108,192,40,169,194,29,154,60,177,27,43,127,96,171,141,98,114,64,79,179,47,88,5,186,199,83,153,166,24,150,10,187,175,57,197,168,31,56,63];True
2272;7023;9295;[34,198,146,190,109,118,6,193,172,132,130,22,144,112,93,147,66,157,103,105,74,188,87,37,174,182,167,61,45,138,178,9,78,128,42,120,3,121,162,126,143,160,91,1,33,124,94,196,36,46,140,17,82,23,189,176,0,85,19,26,81,119,12,49,170,95,38,139,65,20,51,50,48,104,180,4,84,67,32,72,163,25,70,41,142,117,77,113,156,71,165,2,184,8,173,18,137,110,101,59,80,100,30,134,148,11,97,58,54,151,7,191,181,68,123,44,131,158,62,195,129,185,39,107,55,14,13,111,52,89,75,149,15,135,53,183,69,159,164,90,28,155,73,99,106,136,115,152,35,161,102,86,133,76,122,116,16,125,145,21,92,108,192,40,169,194,29,154,60,177,27,43,127,96,171,141,98,114,64,79,179,47,88,5,186,199,83,153,166,24,150,10,187,175,57,197,168,31,56,63];True
2291;7004;9295;[34,198,146,190,109,118,6,193,172,132,130,22,147,0,85,113,66,157,103,105,74,188,87,37,174,149,167,61,45,138,178,9,78,128,42,120,3,121,162,126,143,160,91,1,33,124,94,196,36,182,104,17,82,23,189,81,112,93,19,26,176,46,12,49,170,95,38,139,65,20,51,50,21,48,180,4,84,67,32,72,163,25,70,41,142,117,77,2,156,71,165,144,184,8,173,18,137,158,101,59,80,100,30,134,148,11,97,58,54,151,7,191,181,68,123,44,131,110,62,195,119,43,39,107,55,14,13,111,52,89,75,129,15,135,53,183,69,159,164,90,28,155,73,99,106,136,115,152,35,161,102,86,133,76,122,116,16,125,145,140,92,108,192,40,169,194,29,154,60,177,27,185,127,96,171,141,98,114,64,79,179,47,88,5,186,199,83,153,166,24,150,10,187,175,57,197,168,31,56,63];True
2281;7015;9296;[34,198,146,190,109,118,156,193,172,132,130,22,147,0,85,113,66,157,103,105,74,188,87,37,174,149,167,61,45,138,178,9,78,128,42,120,3,121,162,126,143,160,91,1,33,124,94,196,36,182,104,17,82,23,189,81,112,93,19,26,176,46,6,49,170,95,38,139,65,20,51,50,21,48,180,4,84,67,32,72,163,25,70,41,142,117,77,2,98,71,165,144,184,8,173,18,137,158,101,59,80,100,30,134,148,11,97,58,54,151,7,191,181,68,123,44,131,110,62,195,119,43,39,107,55,14,13,111,52,89,75,129,15,135,53,183,69,159,164,90,28,155,73,99,106,136,115,152,35,161,102,86,133,76,122,116,16,125,145,140,92,108,192,40,169,194,29,154,60,177,27,185,127,96,171,141,12,114,64,79,179,47,88,5,186,199,83,153,166,24,150,10,187,175,57,197,168,31,56,63];True
2277;7019;9296;[34,198,146,190,109,118,12,193,172,132,130,22,147,0,85,113,66,157,103,105,74,188,87,37,174,149,167,61,45,138,178,9,78,128,42,120,3,121,162,126,143,160,91,1,33,124,94,196,36,182,104,17,82,23,189,81,112,93,19,26,176,46,6,49,170,95,38,139,65,20,51,50,48,21,180,4,84,67,32,72,163,25,70,41,142,117,77,2,156,71,165,144,184,8,173,18,137,158,101,59,80,100,30,134,148,11,97,58,54,151,7,191,181,68,123,44,131,110,62,195,119,43,39,107,55,14,13,111,52,89,75,129,15,135,53,183,69,159,164,90,28,155,73,99,106,136,115,152,35,161,102,86,133,76,122,116,16,125,145,140,92,108,192,40,169,194,29,154,60,177,27,185,127,96,171,141,98,114,64,79,179,47,88,5,186,199,83,153,166,24,150,10,187,175,57,197,168,31,56,63];True
2294;7003;9297;[34,198,146,190,109,118,6,193,172,132,130,22,147,0,85,113,66,157,103,105,74,188,87,37,174,149,167,61,45,138,178,9,78,128,42,120,3,121,162,126,143,160,91,1,33,124,94,196,36,182,104,17,82,23,189,81,112,93,19,26,176,46,12,49,170,95,38,139,65,20,51,50,48,21,180,4,84,67,32,72,163,25,70,41,142,117,77,2,156,71,165,144,184,8,173,18,137,158,101,59,80,100,30,134,148,11,97,58,54,151,7,191,181,68,123,44,131,110,62,195,119,43,39,107,55,14,13,111,52,89,75,129,15,135,53,183,69,159,164,90,28,155,73,99,106,136,115,152,35,161,102,86,133,76,122,116,16,125,145,140,92,108,192,40,169,194,29,154,60,177,27,185,127,96,171,141,98,114,64,79,179,47,88,5,186,199,83,153,166,24,150,10,187,175,57,197,168,31,56,63];True
2284;7014;9298;[34,198,146,190,109,118,156,193,172,132,130,22,147,0,85,113,66,157,103,105,74,188,87,37,174,149,167,61,45,138,178,9,78,128,42,120,3,121,162,126,143,160,91,1,33,124,94,196,36,182,104,17,82,23,189,81,112,93,19,26,176,46,6,49,170,95,38,139,65,20,51,50,48,21,180,4,84,67,32,72,163,25,70,41,142,117,77,2,98,71,165,144,184,8,173,18,137,158,101,59,80,100,30,134,148,11,97,58,54,151,7,191,181,68,123,44,131,110,62,195,119,43,39,107,55,14,13,111,52,89,75,129,15,135,53,183,69,159,164,90,28,155,73,99,106,136,115,152,35,161,102,86,133,76,122,116,16,125,145,140,92,108,192,40,169,194,29,154,60,177,27,185,127,96,171,141,12,114,64,79,179,47,88,5,186,199,83,153,166,24,150,10,187,175,57,197,168,31,56,63];True
2321;6988;9309;[34,198,146,190,109,118,6,193,172,132,130,22,147,0,85,113,66,157,103,105,74,188,87,37,174,149,167,61,45,138,178,9,78,128,42,120,3,121,162,126,143,160,91,1,33,124,94,196,36,182,104,17,82,23,189,81,112,93,19,26,176,46,12,49,170,95,38,139,65,20,51,50,21,48,180,4,84,67,32,72,163,25,70,41,142,117,77,2,156,71,165,144,184,8,173,18,86,110,101,59,80,100,30,134,148,11,97,58,54,151,7,191,181,68,123,44,131,158,62,195,119,43,39,107,55,14,13,111,52,89,75,129,15,135,53,183,69,159,164,90,28,155,73,99,106,136,115,152,35,161,102,137,133,76,122,116,16,125,145,140,92,108,192,40,169,194,29,154,60,177,27,185,127,96,171,141,98,114,64,79,179,47,88,5,186,199,83,153,166,24,150,10,187,175,57,197,168,31,56,63];True
2308;7001;9309;[34,198,146,190,109,118,6,193,172,132,130,22,147,0,85,113,66,157,103,105,74,188,87,37,174,149,167,61,45,138,178,9,78,128,42,120,3,121,162,126,143,160,91,1,33,124,94,196,36,182,104,17,82,23,189,81,112,93,19,26,176,46,12,49,170,95,38,139,65,20,51,50,21,48,180,4,84,67,32,72,163,25,70,41,142,117,77,57,156,71,165,144,184,8,173,18,137,158,101,59,80,100,30,134,148,11,97,58,54,151,7,191,181,68,123,44,131,110,62,195,119,43,39,107,55,14,13,111,52,89,75,129,15,135,53,183,69,159,164,90,28,155,73,99,106,136,115,152,35,161,102,86,133,76,122,116,16,125,145,140,92,108,192,40,169,194,29,154,60,177,27,185,127,96,171,141,98,114,64,79,179,47,88,5,186,199,83,153,166,24,150,10,187,175,2,197,168,31,56,63];True
2315;6995;9310;[34,198,146,190,109,118,6,193,172,132,130,22,147,0,85,113,66,157,103,105,74,188,87,37,174,149,167,61,45,138,178,9,78,128,42,120,3,121,162,126,143,160,91,1,33,124,94,196,36,182,104,17,82,23,189,81,112,93,19,26,176,46,12,49,170,95,38,139,65,20,51,50,21,48,180,4,84,67,32,72,163,25,70,41,142,117,77,2,156,71,165,144,184,8,173,18,137,110,101,59,80,100,30,134,148,11,97,58,54,151,7,191,181,68,123,44,131,158,62,195,119,43,39,107,55,14,13,111,52,89,75,129,15,135,53,183,69,159,164,90,28,155,73,99,106,136,115,152,35,161,102,86,133,76,122,116,16,125,145,140,92,108,192,40,169,194,29,154,60,177,27,185,127,96,171,141,98,114,64,79,179,47,88,5,186,199,83,153,166,24,150,10,187,175,57,197,168,31,56,63];True
1332;7979;9311;[61,195,129,70,19,87,121,178,2,142,130,84,77,152,93,147,66,157,103,90,74,188,144,184,115,117,167,81,182,65,41,22,124,180,42,57,197,8,16,126,35,160,91,88,47,78,128,196,36,46,140,92,82,23,127,7,0,45,132,26,176,193,109,20,170,166,38,139,63,118,48,194,31,198,174,9,143,67,32,72,163,25,51,50,190,10,165,113,156,71,44,138,37,94,173,18,131,119,11,59,80,100,30,134,148,4,97,58,158,43,34,122,181,68,123,6,149,60,54,151,133,187,39,107,105,14,13,172,12,89,75,125,15,108,53,183,69,159,164,189,28,155,73,99,106,136,49,112,179,161,102,86,110,1,101,52,104,17,145,56,21,135,192,40,169,85,29,154,116,177,27,185,111,96,171,141,98,114,64,79,33,55,76,5,186,199,83,153,150,24,95,137,175,62,120,3,168,191,162,146];True
2311;7000;9311;[34,198,146,190,109,118,6,193,172,132,130,22,147,0,85,113,66,157,103,105,74,188,87,37,174,149,167,61,45,138,178,9,78,128,42,120,3,121,162,126,143,160,91,1,33,124,94,196,36,182,104,17,82,23,189,81,112,93,19,26,176,46,12,49,170,95,38,139,65,20,51,50,48,21,180,4,84,67,32,72,163,25,70,41,142,117,77,57,156,71,165,144,184,8,173,18,137,158,101,59,80,100,30,134,148,11,97,58,54,151,7,191,181,68,123,44,131,110,62,195,119,43,39,107,55,14,13,111,52,89,75,129,15,135,53,183,69,159,164,90,28,155,73,99,106,136,115,152,35,161,102,86,133,76,122,116,16,125,145,140,92,108,192,40,169,194,29,154,60,177,27,185,127,96,171,141,98,114,64,79,179,47,88,5,186,199,83,153,166,24,150,10,187,175,2,197,168,31,56,63];True
2324;6987;9311;[34,198,146,190,109,118,6,193,172,132,130,22,147,0,85,113,66,157,103,105,74,188,87,37,174,149,167,61,45,138,178,9,78,128,42,120,3,121,162,126,143,160,91,1,33,124,94,196,36,182,104,17,82,23,189,81,112,93,19,26,176,46,12,49,170,95,38,139,65,20,51,50,48,21,180,4,84,67,32,72,163,25,70,41,142,117,77,2,156,71,165,144,184,8,173,18,86,110,101,59,80,100,30,134,148,11,97,58,54,151,7,191,181,68,123,44,131,158,62,195,119,43,39,107,55,14,13,111,52,89,75,129,15,135,53,183,69,159,164,90,28,155,73,99,106,136,115,152,35,161,102,137,133,76,122,116,16,125,145,140,92,108,192,40,169,194,29,154,60,177,27,185,127,96,171,141,98,114,64,79,179,47,88,5,186,199,83,153,166,24,150,10,187,175,57,197,168,31,56,63];True
1343;7969;9312;[61,195,129,70,19,87,121,178,2,115,130,84,77,152,93,147,66,157,103,90,74,188,144,184,142,117,167,81,182,65,41,22,124,180,42,57,197,8,16,126,35,160,91,88,47,78,128,196,36,46,140,92,82,23,127,7,0,45,132,26,176,193,109,20,170,166,38,139,63,118,48,194,31,198,174,9,143,67,32,72,163,25,51,50,190,10,165,113,156,71,44,138,37,94,173,18,131,119,11,59,80,100,30,134,148,4,97,58,158,43,34,122,181,68,123,6,149,60,54,151,133,187,39,107,105,14,13,172,12,89,75,125,15,108,53,183,69,159,164,189,28,155,73,99,106,136,49,112,179,161,102,86,110,1,101,52,104,17,145,56,21,135,192,40,169,85,29,154,116,177,27,185,111,96,171,141,98,114,64,79,33,55,76,5,186,199,83,153,150,24,95,137,175,62,120,3,168,191,162,146];True
2318;6994;9312;[34,198,146,190,109,118,6,193,172,132,130,22,147,0,85,113,66,157,103,105,74,188,87,37,174,149,167,61,45,138,178,9,78,128,42,120,3,121,162,126,143,160,91,1,33,124,94,196,36,182,104,17,82,23,189,81,112,93,19,26,176,46,12,49,170,95,38,139,65,20,51,50,48,21,180,4,84,67,32,72,163,25,70,41,142,117,77,2,156,71,165,144,184,8,173,18,137,110,101,59,80,100,30,134,148,11,97,58,54,151,7,191,181,68,123,44,131,158,62,195,119,43,39,107,55,14,13,111,52,89,75,129,15,135,53,183,69,159,164,90,28,155,73,99,106,136,115,152,35,161,102,86,133,76,122,116,16,125,145,140,92,108,192,40,169,194,29,154,60,177,27,185,127,96,171,141,98,114,64,79,179,47,88,5,186,199,83,153,166,24,150,10,187,175,57,197,168,31,56,63];True
2338;6985;9323;[34,198,146,190,109,118,6,193,172,132,130,22,147,0,85,113,66,157,103,105,74,188,87,37,174,149,167,61,45,138,178,9,78,128,42,120,3,121,162,126,143,160,91,1,33,124,94,196,36,182,104,17,82,23,189,81,112,93,19,26,176,46,12,49,170,95,38,139,65,20,51,50,21,48,180,4,84,67,32,72,163,25,70,41,142,117,77,57,156,71,165,144,184,8,173,18,86,110,101,59,80,100,30,134,148,11,97,58,54,151,7,191,181,68,123,44,131,158,62,195,119,43,39,107,55,14,13,111,52,89,75,129,15,135,53,183,69,159,164,90,28,155,73,99,106,136,115,152,35,161,102,137,133,76,122,116,16,125,145,140,92,108,192,40,169,194,29,154,60,177,27,185,127,96,171,141,98,114,64,79,179,47,88,5,186,199,83,153,166,24,150,10,187,175,2,197,168,31,56,63];True
2341;6984;9325;[34,198,146,190,109,118,6,193,172,132,130,22,147,0,85,113,66,157,103,105,74,188,87,37,174,149,167,61,45,138,178,9,78,128,42,120,3,121,162,126,143,160,91,1,33,124,94,196,36,182,104,17,82,23,189,81,112,93,19,26,176,46,12,49,170,95,38,139,65,20,51,50,48,21,180,4,84,67,32,72,163,25,70,41,142,117,77,57,156,71,165,144,184,8,173,18,86,110,101,59,80,100,30,134,148,11,97,58,54,151,7,191,181,68,123,44,131,158,62,195,119,43,39,107,55,14,13,111,52,89,75,129,15,135,53,183,69,159,164,90,28,155,73,99,106,136,115,152,35,161,102,137,133,76,122,116,16,125,145,140,92,108,192,40,169,194,29,154,60,177,27,185,127,96,171,141,98,114,64,79,179,47,88,5,186,199,83,153,166,24,150,10,187,175,2,197,168,31,56,63];True
2346;6983;9329;[34,198,146,190,109,118,6,193,172,132,130,22,147,0,85,113,66,157,103,105,74,188,87,37,174,149,167,61,45,138,178,9,78,128,42,120,3,121,162,126,143,160,91,1,33,124,94,196,36,182,104,17,82,23,189,81,52,93,19,26,176,46,12,49,170,95,38,139,65,20,51,50,48,21,180,4,84,67,32,72,163,25,70,41,142,117,77,2,156,71,165,144,184,8,173,18,86,110,101,59,80,100,30,134,148,11,97,58,54,151,7,191,181,68,123,44,131,158,62,195,119,43,39,107,55,14,13,111,112,89,75,129,15,135,53,183,69,159,164,90,28,155,73,99,106,136,115,152,35,161,102,137,133,76,122,116,16,125,145,140,92,108,192,40,169,194,29,154,60,177,27,185,127,96,171,141,98,114,64,79,179,47,88,5,186,199,83,153,166,24,150,10,187,175,57,197,168,31,56,63];True
2350;6982;9332;[34,198,146,190,109,118,6,193,172,132,130,22,147,0,85,46,66,157,103,105,74,188,87,37,174,149,167,61,45,138,178,9,78,128,42,120,3,121,162,126,143,160,91,1,33,124,94,196,36,182,104,17,82,23,189,81,112,93,19,26,176,2,12,49,170,95,38,139,65,20,51,50,48,21,180,4,84,67,32,72,163,25,70,41,142,117,77,113,156,71,165,144,184,8,173,18,86,110,101,59,80,100,30,134,148,11,97,58,54,151,7,191,181,68,123,44,131,158,62,195,119,43,39,107,55,14,13,111,52,89,75,129,15,135,53,183,69,159,164,90,28,155,73,99,106,136,115,152,35,161,102,137,133,76,122,116,16,125,145,140,92,108,192,40,169,194,29,154,60,177,27,185,127,96,171,141,98,114,64,79,179,47,88,5,186,199,83,153,166,24,150,10,187,175,57,197,168,31,56,63];True
2360;6981;9341;[34,198,146,190,109,118,6,193,172,132,130,22,147,0,85,113,66,157,103,105,74,188,87,37,174,149,167,61,45,138,178,9,78,128,42,120,3,121,162,126,143,160,91,1,33,124,94,196,36,182,104,17,82,23,189,81,52,93,19,26,176,46,12,49,170,95,38,139,65,20,51,50,21,48,180,4,84,67,32,72,163,25,70,41,142,117,77,57,156,71,165,144,184,8,173,18,86,110,101,59,80,100,30,134,148,11,97,58,54,151,7,191,181,68,123,44,131,158,62,195,119,43,39,107,55,14,13,111,112,89,75,129,15,135,53,183,69,159,164,90,28,155,73,99,106,136,115,152,35,161,102,137,133,76,122,116,16,125,145,140,92,108,192,40,169,194,29,154,60,177,27,185,127,96,171,141,98,114,64,79,179,47,88,5,186,199,83,153,166,24,150,10,187,175,2,197,168,31,56,63];True
1316;8025;9341;[61,195,129,70,19,87,121,178,2,142,130,84,77,152,93,147,66,157,103,90,74,188,144,184,115,117,167,81,182,65,41,22,124,180,42,57,197,8,16,126,35,160,91,88,47,78,128,196,36,46,140,92,82,23,127,7,0,45,132,26,176,193,109,20,170,166,38,139,63,118,48,194,31,198,174,9,143,67,32,72,163,25,51,50,190,10,165,113,156,71,44,138,37,94,173,18,131,119,11,59,80,100,30,134,148,4,97,58,158,43,34,122,181,68,123,6,149,60,54,151,133,187,39,107,105,14,13,172,12,89,75,125,15,108,53,183,69,159,164,189,28,155,73,99,106,136,49,112,17,161,102,86,110,1,101,52,104,179,145,56,21,135,192,40,169,85,29,154,116,177,27,185,111,96,171,141,98,114,64,79,33,55,76,5,186,199,83,153,150,24,95,137,175,62,120,3,168,191,162,146];True
1327;8015;9342;[61,195,129,70,19,87,121,178,2,115,130,84,77,152,93,147,66,157,103,90,74,188,144,184,142,117,167,81,182,65,41,22,124,180,42,57,197,8,16,126,35,160,91,88,47,78,128,196,36,46,140,92,82,23,127,7,0,45,132,26,176,193,109,20,170,166,38,139,63,118,48,194,31,198,174,9,143,67,32,72,163,25,51,50,190,10,165,113,156,71,44,138,37,94,173,18,131,119,11,59,80,100,30,134,148,4,97,58,158,43,34,122,181,68,123,6,149,60,54,151,133,187,39,107,105,14,13,172,12,89,75,125,15,108,53,183,69,159,164,189,28,155,73,99,106,136,49,112,17,161,102,86,110,1,101,52,104,179,145,56,21,135,192,40,169,85,29,154,116,177,27,185,111,96,171,141,98,114,64,79,33,55,76,5,186,199,83,153,150,24,95,137,175,62,120,3,168,191,162,146];True
2363;6980;9343;[34,198,146,190,109,118,6,193,172,132,130,22,147,0,85,113,66,157,103,105,74,188,87,37,174,149,167,61,45,138,178,9,78,128,42,120,3,121,162,126,143,160,91,1,33,124,94,196,36,182,104,17,82,23,189,81,52,93,19,26,176,46,12,49,170,95,38,139,65,20,51,50,48,21,180,4,84,67,32,72,163,25,70,41,142,117,77,57,156,71,165,144,184,8,173,18,86,110,101,59,80,100,30,134,148,11,97,58,54,151,7,191,181,68,123,44,131,158,62,195,119,43,39,107,55,14,13,111,112,89,75,129,15,135,53,183,69,159,164,90,28,155,73,99,106,136,115,152,35,161,102,137,133,76,122,116,16,125,145,140,92,108,192,40,169,194,29,154,60,177,27,185,127,96,171,141,98,114,64,79,179,47,88,5,186,199,83,153,166,24,150,10,187,175,2,197,168,31,56,63];True
2366;6977;9343;[34,198,146,190,109,118,6,193,172,132,130,22,147,0,85,113,66,157,103,105,74,188,87,37,174,149,167,61,45,138,178,9,78,128,42,120,3,121,162,126,143,160,91,1,33,124,94,196,36,182,104,17,82,23,189,81,112,93,19,26,176,2,12,49,170,95,38,139,65,20,51,50,21,48,180,4,84,67,32,72,163,25,70,41,142,117,77,46,156,71,165,144,184,8,173,18,86,110,101,59,80,100,30,134,148,11,97,58,54,151,7,191,181,68,123,44,131,158,62,195,119,43,39,107,55,14,13,111,52,89,75,129,15,135,53,183,69,159,164,90,28,155,73,99,106,136,115,152,35,161,102,137,133,76,122,116,16,125,145,140,92,108,192,40,169,194,29,154,60,177,27,185,127,96,171,141,98,114,64,79,179,47,88,5,186,199,83,153,166,24,150,10,187,175,57,197,168,31,56,63];True
2369;6976;9345;[34,198,146,190,109,118,6,193,172,132,130,22,147,0,85,113,66,157,103,105,74,188,87,37,174,149,167,61,45,138,178,9,78,128,42,120,3,121,162,126,143,160,91,1,33,124,94,196,36,182,104,17,82,23,189,81,112,93,19,26,176,2,12,49,170,95,38,139,65,20,51,50,48,21,180,4,84,67,32,72,163,25,70,41,142,117,77,46,156,71,165,144,184,8,173,18,86,110,101,59,80,100,30,134,148,11,97,58,54,151,7,191,181,68,123,44,131,158,62,195,119,43,39,107,55,14,13,111,52,89,75,129,15,135,53,183,69,159,164,90,28,155,73,99,106,136,115,152,35,161,102,137,133,76,122,116,16,125,145,140,92,108,192,40,169,194,29,154,60,177,27,185,127,96,171,141,98,114,64,79,179,47,88,5,186,199,83,153,166,24,150,10,187,175,57,197,168,31,56,63];True
2389;6966;9355;[34,198,146,190,109,118,6,193,172,132,130,22,144,112,93,147,66,157,103,105,74,188,87,37,174,149,167,61,45,138,178,9,78,128,42,120,3,121,162,126,143,160,91,1,33,124,94,196,36,182,104,17,82,23,189,81,0,85,19,26,176,46,12,49,170,95,38,139,65,20,51,50,21,48,180,4,84,67,32,72,163,25,70,41,142,117,77,113,156,71,165,2,184,8,173,18,86,110,101,59,80,100,30,134,148,11,97,58,54,151,7,191,181,68,123,44,131,158,62,195,119,43,39,107,55,14,13,111,52,89,75,129,15,135,53,183,69,159,164,90,28,155,73,99,106,136,115,152,35,161,102,137,133,76,122,116,16,125,145,140,92,108,192,40,169,194,29,154,60,177,27,185,127,96,171,141,98,114,64,79,179,47,88,5,186,199,83,153,166,24,150,10,187,175,57,197,168,31,56,63];True
2382;6974;9356;[34,198,146,190,109,118,6,193,172,132,130,22,144,112,93,147,66,157,103,105,74,188,87,37,174,149,167,61,45,138,178,9,78,128,42,120,3,121,162,126,143,160,91,1,33,124,94,196,36,182,104,17,82,23,189,81,0,85,19,26,176,46,12,49,170,95,38,139,65,20,51,50,21,48,180,4,84,67,32,72,163,25,70,41,142,117,11,113,156,71,165,2,184,8,173,18,86,110,101,59,80,100,30,134,148,77,97,58,54,151,7,191,181,68,123,44,131,158,62,195,119,43,39,107,55,14,13,111,52,89,75,129,15,135,53,183,69,159,164,90,28,155,73,99,106,136,115,152,35,161,102,137,133,76,122,116,16,125,145,140,92,108,192,40,169,194,29,154,60,177,27,185,127,96,171,141,98,114,64,79,179,47,88,5,186,199,83,153,166,24,150,10,187,175,57,197,168,31,56,63];True
2383;6973;9356;[34,198,146,190,109,118,6,193,172,132,130,22,144,112,93,147,66,157,103,105,74,188,87,37,174,149,167,61,45,138,178,9,78,128,42,120,3,121,162,126,143,160,91,1,33,124,94,196,36,182,104,17,82,23,189,81,0,85,19,26,176,46,12,49,170,95,38,139,65,20,51,50,21,48,180,4,84,67,32,72,163,25,70,41,142,117,77,113,156,71,165,2,184,8,173,18,137,110,101,59,80,100,30,134,148,11,97,58,54,151,7,191,181,68,123,44,131,158,62,195,119,43,39,107,55,14,13,111,52,89,75,129,15,135,53,183,69,159,164,90,28,155,73,99,106,136,115,152,35,161,102,86,133,76,122,116,16,125,145,140,92,108,192,40,169,194,29,154,60,177,27,185,127,96,171,141,98,114,64,79,179,47,88,5,186,199,83,153,166,24,150,10,187,175,57,197,168,31,56,63];True
2392;6965;9357;[34,198,146,190,109,118,6,193,172,132,130,22,144,112,93,147,66,157,103,105,74,188,87,37,174,149,167,61,45,138,178,9,78,128,42,120,3,121,162,126,143,160,91,1,33,124,94,196,36,182,104,17,82,23,189,81,0,85,19,26,176,46,12,49,170,95,38,139,65,20,51,50,48,21,180,4,84,67,32,72,163,25,70,41,142,117,77,113,156,71,165,2,184,8,173,18,86,110,101,59,80,100,30,134,148,11,97,58,54,151,7,191,181,68,123,44,131,158,62,195,119,43,39,107,55,14,13,111,52,89,75,129,15,135,53,183,69,159,164,90,28,155,73,99,106,136,115,152,35,161,102,137,133,76,122,116,16,125,145,140,92,108,192,40,169,194,29,154,60,177,27,185,127,96,171,141,98,114,64,79,179,47,88,5,186,199,83,153,166,24,150,10,187,175,57,197,168,31,56,63];True
2385;6972;9357;[34,198,146,190,109,118,6,193,172,132,130,22,144,112,93,147,66,157,103,105,74,188,87,37,174,149,167,61,45,138,178,9,78,128,42,120,3,121,162,126,143,160,91,1,33,124,94,196,36,182,104,17,82,23,189,81,0,85,19,26,176,2,12,49,170,95,38,139,65,20,51,50,21,48,180,4,84,67,32,72,163,25,70,41,142,117,77,113,156,71,165,46,184,8,173,18,86,110,101,59,80,100,30,134,148,11,97,58,54,151,7,191,181,68,123,44,131,158,62,195,119,43,39,107,55,14,13,111,52,89,75,129,15,135,53,183,69,159,164,90,28,155,73,99,106,136,115,152,35,161,102,137,133,76,122,116,16,125,145,140,92,108,192,40,169,194,29,154,60,177,27,185,127,96,171,141,98,114,64,79,179,47,88,5,186,199,83,153,166,24,150,10,187,175,57,197,168,31,56,63];True
2388;6971;9359;[34,198,146,190,109,118,6,193,172,132,130,22,144,112,93,147,66,157,103,105,74,188,87,37,174,149,167,61,45,138,178,9,78,128,42,120,3,121,162,126,143,160,91,1,33,124,94,196,36,182,104,17,82,23,189,81,0,85,19,26,176,2,12,49,170,95,38,139,65,20,51,50,48,21,180,4,84,67,32,72,163,25,70,41,142,117,77,113,156,71,165,46,184,8,173,18,86,110,101,59,80,100,30,134,148,11,97,58,54,151,7,191,181,68,123,44,131,158,62,195,119,43,39,107,55,14,13,111,52,89,75,129,15,135,53,183,69,159,164,90,28,155,73,99,106,136,115,152,35,161,102,137,133,76,122,116,16,125,145,140,92,108,192,40,169,194,29,154,60,177,27,185,127,96,171,141,98,114,64,79,179,47,88,5,186,199,83,153,166,24,150,10,187,175,57,197,168,31,56,63];True
2410;6962;9372;[34,198,146,190,109,118,6,193,172,132,130,22,144,112,93,147,66,157,103,105,74,188,87,37,174,149,167,61,45,138,178,9,78,128,42,120,3,121,162,126,143,160,91,1,33,124,94,196,36,182,104,17,82,23,189,81,0,85,19,26,176,46,12,49,170,95,38,139,65,20,51,50,21,48,180,4,84,67,32,72,163,25,70,41,142,117,57,113,156,71,165,2,184,8,173,18,86,110,101,59,80,100,30,134,148,11,97,58,54,151,7,191,181,68,123,44,131,158,62,195,119,43,39,107,55,14,13,111,52,89,75,129,15,135,53,183,69,159,164,90,28,155,73,99,106,136,115,152,35,161,102,137,133,76,122,116,16,125,145,140,92,108,192,40,169,194,29,154,60,177,27,185,127,96,171,141,98,114,64,79,179,47,88,5,186,199,83,153,166,24,150,10,187,175,77,197,168,31,56,63];True
2413;6959;9372;[34,198,146,190,109,118,6,193,172,132,130,22,12,112,93,147,66,157,103,105,74,188,87,37,174,149,167,61,45,138,178,9,78,128,42,120,3,121,162,126,143,160,91,1,33,124,94,196,36,182,104,17,82,23,189,81,0,85,19,26,176,46,144,49,170,95,38,139,65,20,51,50,21,48,180,4,84,67,32,72,163,25,70,41,142,117,77,113,156,71,165,2,184,8,173,18,137,158,101,59,80,100,30,134,148,11,97,58,54,151,7,191,181,68,123,44,131,110,62,195,119,43,39,107,55,14,13,111,52,89,75,129,15,135,53,183,69,159,164,90,28,155,73,99,106,136,115,152,35,161,102,86,133,76,122,116,16,125,145,140,92,108,192,40,169,194,29,154,60,177,27,185,127,96,171,141,98,114,64,79,179,47,88,5,186,199,83,153,166,24,150,10,187,175,57,197,168,31,56,63];True
2416;6958;9374;[34,198,146,190,109,118,6,193,172,132,130,22,12,112,93,147,66,157,103,105,74,188,87,37,174,149,167,61,45,138,178,9,78,128,42,120,3,121,162,126,143,160,91,1,33,124,94,196,36,182,104,17,82,23,189,81,0,85,19,26,176,46,144,49,170,95,38,139,65,20,51,50,48,21,180,4,84,67,32,72,163,25,70,41,142,117,77,113,156,71,165,2,184,8,173,18,137,158,101,59,80,100,30,134,148,11,97,58,54,151,7,191,181,68,123,44,131,110,62,195,119,43,39,107,55,14,13,111,52,89,75,129,15,135,53,183,69,159,164,90,28,155,73,99,106,136,115,152,35,161,102,86,133,76,122,116,16,125,145,140,92,108,192,40,169,194,29,154,60,177,27,185,127,96,171,141,98,114,64,79,179,47,88,5,186,199,83,153,166,24,150,10,187,175,57,197,168,31,56,63];True
1315;8065;9380;[61,195,129,70,19,87,121,178,2,142,130,84,77,152,93,147,66,157,103,90,74,188,144,184,115,117,167,81,182,65,41,22,124,180,42,57,197,8,16,126,35,160,91,88,47,78,128,196,36,46,140,92,82,23,127,7,0,45,132,26,176,193,109,20,170,166,38,139,63,118,48,194,31,198,174,9,143,67,32,72,163,25,51,50,190,10,165,113,156,71,44,138,37,94,173,18,131,119,11,59,80,100,30,134,148,4,97,58,158,43,34,122,181,68,123,6,149,60,54,151,133,187,39,107,105,14,13,172,12,89,75,125,76,108,53,183,69,159,164,189,28,155,73,99,106,136,49,112,17,161,102,86,110,1,101,52,104,179,145,56,21,135,192,40,169,85,29,154,116,177,27,185,111,96,171,141,98,114,64,79,33,55,15,5,186,199,83,153,150,24,95,137,175,62,120,3,168,191,162,146];True
2426;6955;9381;[34,198,146,190,109,147,6,193,172,132,130,22,144,112,93,118,66,157,103,105,74,188,87,37,174,149,167,61,45,138,178,9,78,128,42,120,3,121,162,126,143,160,91,1,33,124,94,196,36,182,104,17,82,23,189,81,0,85,19,26,176,46,12,49,170,95,38,139,65,20,51,50,21,48,180,4,84,67,32,72,163,25,70,41,142,117,77,113,156,71,165,2,184,8,173,18,86,110,101,59,80,100,30,134,148,11,97,58,54,151,7,191,181,68,123,44,131,158,62,195,119,43,39,107,55,14,13,111,52,89,75,129,15,135,53,183,69,159,164,90,28,155,73,99,106,136,115,152,35,161,102,137,133,76,122,116,16,125,145,140,92,108,192,40,169,194,29,154,60,177,27,185,127,96,171,141,98,114,64,79,179,47,88,5,186,199,83,153,166,24,150,10,187,175,57,197,168,31,56,63];True
2429;6954;9383;[34,198,146,190,109,147,6,193,172,132,130,22,144,112,93,118,66,157,103,105,74,188,87,37,174,149,167,61,45,138,178,9,78,128,42,120,3,121,162,126,143,160,91,1,33,124,94,196,36,182,104,17,82,23,189,81,0,85,19,26,176,46,12,49,170,95,38,139,65,20,51,50,48,21,180,4,84,67,32,72,163,25,70,41,142,117,77,113,156,71,165,2,184,8,173,18,86,110,101,59,80,100,30,134,148,11,97,58,54,151,7,191,181,68,123,44,131,158,62,195,119,43,39,107,55,14,13,111,52,89,75,129,15,135,53,183,69,159,164,90,28,155,73,99,106,136,115,152,35,161,102,137,133,76,122,116,16,125,145,140,92,108,192,40,169,194,29,154,60,177,27,185,127,96,171,141,98,114,64,79,179,47,88,5,186,199,83,153,166,24,150,10,187,175,57,197,168,31,56,63];True
2443;6943;9386;[34,198,146,190,109,118,6,193,172,132,130,22,12,112,93,147,66,157,103,105,74,188,87,37,174,149,167,61,45,138,178,9,78,128,42,120,3,121,162,126,143,160,91,1,33,124,94,196,36,182,104,17,82,23,189,81,0,85,19,26,176,46,144,49,170,95,38,139,65,20,51,50,21,48,180,4,84,67,32,72,163,25,70,41,142,117,77,113,156,71,165,2,184,8,173,18,86,110,101,59,80,100,30,134,148,11,97,58,54,151,7,191,181,68,123,44,131,158,62,195,119,43,39,107,55,14,13,111,52,89,75,129,15,135,53,183,69,159,164,90,28,155,73,99,106,136,115,152,35,161,102,137,133,76,122,116,16,125,145,140,92,108,192,40,169,194,29,154,60,177,27,185,127,96,171,141,98,114,64,79,179,47,88,5,186,199,83,153,166,24,150,10,187,175,57,197,168,31,56,63];True
2437;6950;9387;[34,198,146,190,109,118,6,193,172,132,130,22,12,112,93,147,66,157,103,105,74,188,87,37,174,149,167,61,45,138,178,9,78,128,42,120,3,121,162,126,143,160,91,1,33,124,94,196,36,182,104,17,82,23,189,81,0,85,19,26,176,46,144,49,170,95,38,139,65,20,51,50,21,48,180,4,84,67,32,72,163,25,70,41,142,117,77,113,156,71,165,2,184,8,173,18,137,110,101,59,80,100,30,134,148,11,97,58,54,151,7,191,181,68,123,44,131,158,62,195,119,43,39,107,55,14,13,111,52,89,75,129,15,135,53,183,69,159,164,90,28,155,73,99,106,136,115,152,35,161,102,86,133,76,122,116,16,125,145,140,92,108,192,40,169,194,29,154,60,177,27,185,127,96,171,141,98,114,64,79,179,47,88,5,186,199,83,153,166,24,150,10,187,175,57,197,168,31,56,63];True
2436;6951;9387;[34,198,146,190,109,118,6,193,172,132,130,22,12,112,93,147,66,157,103,105,74,188,87,37,174,149,167,61,45,138,178,9,78,128,42,120,3,121,162,126,143,160,91,1,33,124,94,196,36,182,104,17,82,23,189,81,0,85,19,26,176,46,144,49,170,95,38,139,65,20,51,50,21,48,180,4,84,67,32,72,163,25,70,41,142,117,11,113,156,71,165,2,184,8,173,18,86,110,101,59,80,100,30,134,148,77,97,58,54,151,7,191,181,68,123,44,131,158,62,195,119,43,39,107,55,14,13,111,52,89,75,129,15,135,53,183,69,159,164,90,28,155,73,99,106,136,115,152,35,161,102,137,133,76,122,116,16,125,145,140,92,108,192,40,169,194,29,154,60,177,27,185,127,96,171,141,98,114,64,79,179,47,88,5,186,199,83,153,166,24,150,10,187,175,57,197,168,31,56,63];True
2446;6942;9388;[34,198,146,190,109,118,6,193,172,132,130,22,12,112,93,147,66,157,103,105,74,188,87,37,174,149,167,61,45,138,178,9,78,128,42,120,3,121,162,126,143,160,91,1,33,124,94,196,36,182,104,17,82,23,189,81,0,85,19,26,176,46,144,49,170,95,38,139,65,20,51,50,48,21,180,4,84,67,32,72,163,25,70,41,142,117,77,113,156,71,165,2,184,8,173,18,86,110,101,59,80,100,30,134,148,11,97,58,54,151,7,191,181,68,123,44,131,158,62,195,119,43,39,107,55,14,13,111,52,89,75,129,15,135,53,183,69,159,164,90,28,155,73,99,106,136,115,152,35,161,102,137,133,76,122,116,16,125,145,140,92,108,192,40,169,194,29,154,60,177,27,185,127,96,171,141,98,114,64,79,179,47,88,5,186,199,83,153,166,24,150,10,187,175,57,197,168,31,56,63];True
2450;6939;9389;[198,174,90,41,127,60,42,119,26,161,115,152,49,54,197,168,74,37,94,118,124,44,34,4,106,196,167,15,156,21,73,82,131,110,181,68,123,45,138,126,143,160,173,18,199,12,7,136,89,46,180,108,84,122,24,23,77,57,186,170,176,72,154,172,59,11,182,139,135,191,48,194,56,92,147,67,32,61,40,165,193,9,33,16,91,88,70,71,162,20,188,144,184,35,157,78,128,101,86,76,80,100,30,134,27,195,97,58,151,175,6,1,117,2,169,142,137,158,62,120,3,95,149,107,55,14,13,111,112,148,83,129,25,116,103,140,69,159,38,150,105,99,155,50,164,178,192,10,66,145,102,185,171,0,85,104,17,53,183,146,63,31,29,65,125,190,109,130,5,39,113,43,187,179,96,141,98,114,64,79,177,47,132,75,163,133,81,153,166,189,28,8,36,22,52,93,19,87,121,51];True
2440;6949;9389;[34,198,146,190,109,118,6,193,172,132,130,22,12,112,93,147,66,157,103,105,74,188,87,37,174,149,167,61,45,138,178,9,78,128,42,120,3,121,162,126,143,160,91,1,33,124,94,196,36,182,104,17,82,23,189,81,0,85,19,26,176,46,144,49,170,95,38,139,65,20,51,50,48,21,180,4,84,67,32,72,163,25,70,41,142,117,77,113,156,71,165,2,184,8,173,18,137,110,101,59,80,100,30,134,148,11,97,58,54,151,7,191,181,68,123,44,131,158,62,195,119,43,39,107,55,14,13,111,52,89,75,129,15,135,53,183,69,159,164,90,28,155,73,99,106,136,115,152,35,161,102,86,133,76,122,116,16,125,145,140,92,108,192,40,169,194,29,154,60,177,27,185,127,96,171,141,98,114,64,79,179,47,88,5,186,199,83,153,166,24,150,10,187,175,57,197,168,31,56,63];True
2455;6937;9392;[198,174,90,41,127,60,42,119,26,161,115,152,49,54,197,168,74,37,94,118,124,44,34,4,106,196,167,15,156,21,73,82,131,110,181,68,123,45,138,126,143,160,173,18,199,12,7,136,89,46,180,108,84,122,24,23,77,57,186,170,176,72,154,172,59,11,182,139,135,191,48,194,56,92,147,67,112,61,40,165,193,9,33,16,91,88,70,71,162,20,188,144,184,35,157,78,128,101,86,76,80,100,30,134,27,195,97,58,151,175,6,1,117,2,169,142,137,158,62,120,3,95,149,107,55,14,13,111,32,148,83,129,25,116,103,105,69,159,38,150,140,99,155,50,164,178,192,10,66,145,102,185,171,0,85,104,17,53,183,146,63,31,29,65,125,190,109,130,5,39,113,43,187,179,96,141,98,114,64,79,177,47,132,75,163,133,81,153,166,189,28,8,36,22,52,93,19,87,121,51];True
2464;6932;9396;[198,174,90,41,127,60,42,119,26,161,115,152,49,54,197,168,74,37,94,118,124,44,34,108,106,196,167,15,156,21,73,82,131,110,181,68,123,45,138,126,143,160,173,18,199,12,7,136,89,46,180,4,84,122,24,23,77,57,186,170,176,72,154,172,59,11,182,139,135,191,48,194,56,92,147,67,32,61,40,165,193,9,33,16,91,88,70,71,162,20,188,144,184,35,157,78,128,101,86,76,80,100,30,134,27,195,97,58,151,175,6,1,117,2,169,142,137,158,62,120,3,95,149,107,55,14,13,111,112,148,83,129,25,116,103,140,69,159,38,150,105,99,155,50,164,178,192,10,66,145,102,185,171,0,85,104,17,53,183,146,63,31,29,65,125,190,109,130,5,39,113,43,187,179,96,141,98,114,64,79,177,47,132,75,163,133,81,153,166,189,28,8,36,22,52,93,19,87,121,51];True
2469;6930;9399;[198,174,90,41,127,60,42,119,26,161,115,152,49,54,197,168,74,37,94,118,124,44,34,108,106,196,167,15,156,21,73,82,131,110,181,68,123,45,138,126,143,160,173,18,199,12,7,136,89,46,180,4,84,122,24,23,77,57,186,170,176,72,154,172,59,11,182,139,135,191,48,194,56,92,147,67,112,61,40,165,193,9,33,16,91,88,70,71,162,20,188,144,184,35,157,78,128,101,86,76,80,100,30,134,27,195,97,58,151,175,6,1,117,2,169,142,137,158,62,120,3,95,149,107,55,14,13,111,32,148,83,129,25,116,103,105,69,159,38,150,140,99,155,50,164,178,192,10,66,145,102,185,171,0,85,104,17,53,183,146,63,31,29,65,125,190,109,130,5,39,113,43,187,179,96,141,98,114,64,79,177,47,132,75,163,133,81,153,166,189,28,8,36,22,52,93,19,87,121,51];True
2478;6926;9404;[198,174,90,41,127,60,42,119,26,161,115,152,49,54,197,168,74,37,94,118,124,44,34,108,106,196,167,15,156,21,73,82,131,110,181,68,123,45,138,126,143,160,173,18,199,12,7,136,89,46,180,4,84,122,24,23,77,57,186,170,176,72,154,172,59,11,182,139,135,191,48,194,56,92,147,67,32,61,38,165,193,9,33,16,91,88,70,71,162,20,188,144,184,35,157,78,128,101,86,76,80,100,30,134,27,195,97,58,151,175,6,1,117,2,169,142,137,158,62,120,3,95,149,107,55,14,13,111,112,148,83,129,25,116,103,140,69,159,40,150,105,99,155,50,164,178,192,10,66,145,102,185,171,0,85,104,17,53,183,146,63,31,29,65,125,190,109,130,5,39,113,43,187,179,96,141,98,114,64,79,177,47,132,75,163,133,81,153,166,189,28,8,36,22,52,93,19,87,121,51];True
2497;6908;9405;[198,174,90,41,127,60,42,119,26,161,115,152,49,54,197,168,74,37,94,118,124,44,34,4,106,196,167,15,156,21,73,82,131,110,181,68,123,45,138,126,143,160,173,18,199,12,7,136,89,46,180,108,84,122,24,23,77,57,186,170,176,72,154,172,59,11,182,139,135,191,48,194,56,92,147,67,32,61,40,165,193,9,33,16,91,88,70,71,162,20,188,144,184,35,157,78,128,101,86,76,80,100,30,134,27,195,97,58,151,175,6,1,117,2,169,142,137,158,62,120,3,95,149,107,55,14,13,111,112,148,83,129,25,116,103,105,69,159,38,150,140,99,155,50,164,178,192,10,66,145,102,185,171,0,85,104,17,53,183,146,63,31,29,65,125,190,109,130,5,39,113,43,187,179,96,141,98,114,64,79,177,47,132,75,163,133,81,153,166,189,28,8,36,22,52,93,19,87,121,51];True
2483;6924;9407;[198,174,90,41,127,60,42,119,26,161,115,152,49,54,197,168,74,37,94,118,124,44,34,108,106,196,167,15,156,21,73,82,131,110,181,68,123,45,138,126,143,160,173,18,199,12,7,136,89,46,180,4,84,122,24,23,77,57,186,170,176,72,154,172,59,11,182,139,135,191,48,194,56,92,147,67,112,61,38,165,193,9,33,16,91,88,70,71,162,20,188,144,184,35,157,78,128,101,86,76,80,100,30,134,27,195,97,58,151,175,6,1,117,2,169,142,137,158,62,120,3,95,149,107,55,14,13,111,32,148,83,129,25,116,103,105,69,159,40,150,140,99,155,50,164,178,192,10,66,145,102,185,171,0,85,104,17,53,183,146,63,31,29,65,125,190,109,130,5,39,113,43,187,179,96,141,98,114,64,79,177,47,132,75,163,133,81,153,166,189,28,8,36,22,52,93,19,87,121,51];True
2490;6920;9410;[198,174,90,41,127,60,42,119,26,161,115,152,49,54,197,168,74,37,94,118,124,44,34,4,106,196,167,15,156,21,73,82,131,110,181,68,123,45,138,126,143,160,173,18,199,12,7,136,89,46,180,108,84,122,24,23,77,57,186,170,176,72,154,172,59,11,182,139,178,191,48,194,56,92,147,67,32,61,40,165,193,9,33,16,91,88,70,71,162,20,188,144,184,35,157,78,128,101,86,76,80,100,30,134,27,195,97,58,151,175,6,1,117,2,169,142,137,158,62,120,3,95,149,107,55,14,13,111,112,148,83,129,25,116,103,105,69,159,38,150,140,99,155,50,164,135,192,10,66,145,102,185,171,0,85,104,17,53,183,146,63,31,29,65,125,190,109,130,5,39,113,43,187,179,96,141,98,114,64,79,177,47,132,75,163,133,81,153,166,189,28,8,36,22,52,93,19,87,121,51];True
2494;6917;9411;[198,174,90,41,127,60,42,119,26,161,115,152,49,54,197,168,74,37,94,118,124,44,34,4,106,196,167,15,156,21,73,82,131,110,181,68,123,45,55,126,143,160,173,18,199,12,7,136,89,46,180,108,84,122,24,23,77,57,186,170,176,72,154,172,59,11,182,139,135,191,48,194,56,92,147,67,32,61,40,165,193,9,33,16,91,88,70,71,162,20,188,144,184,35,157,78,128,101,86,76,80,100,30,134,27,195,97,58,151,175,6,1,117,2,169,142,137,158,62,120,3,95,149,107,138,14,13,111,112,148,83,129,25,116,103,105,69,159,38,150,140,99,155,50,164,178,192,10,66,145,102,185,171,0,85,104,17,53,183,146,63,31,29,65,125,190,109,130,5,39,113,43,187,179,96,141,98,114,64,79,177,47,132,75,163,133,81,153,166,189,28,8,36,22,52,93,19,87,121,51];True
2511;6901;9412;[198,174,90,41,127,60,42,119,26,161,115,152,49,54,197,168,74,37,94,118,124,44,34,108,106,196,167,15,156,21,73,82,131,110,181,68,123,45,138,126,143,160,173,18,199,12,7,136,89,46,180,4,84,122,24,23,77,57,186,170,176,72,154,172,59,11,182,139,135,191,48,194,56,92,147,67,32,61,40,165,193,9,33,16,91,88,70,71,162,20,188,144,184,35,157,78,128,101,86,76,80,100,30,134,27,195,97,58,151,175,6,1,117,2,169,142,137,158,62,120,3,95,149,107,55,14,13,111,112,148,83,129,25,116,103,105,69,159,38,150,140,99,155,50,164,178,192,10,66,145,102,185,171,0,85,104,17,53,183,146,63,31,29,65,125,190,109,130,5,39,113,43,187,179,96,141,98,114,64,79,177,47,132,75,163,133,81,153,166,189,28,8,36,22,52,93,19,87,121,51];True
2525;6895;9420;[198,174,90,41,127,60,42,119,26,161,115,152,49,54,197,168,74,37,94,118,124,44,34,108,106,196,167,15,156,21,73,82,131,110,181,68,123,45,138,126,143,160,173,18,199,12,7,136,89,46,180,4,84,122,24,23,77,57,186,170,176,72,154,172,59,11,182,139,135,191,48,194,56,92,147,67,32,61,38,165,193,9,33,16,91,88,70,71,162,20,188,144,184,35,157,78,128,101,86,76,80,100,30,134,27,195,97,58,151,175,6,1,117,2,169,142,137,158,62,120,3,95,149,107,55,14,13,111,112,148,83,129,25,116,103,105,69,159,40,150,140,99,155,50,164,178,192,10,66,145,102,185,171,0,85,104,17,53,183,146,63,31,29,65,125,190,109,130,5,39,113,43,187,179,96,141,98,114,64,79,177,47,132,75,163,133,81,153,166,189,28,8,36,22,52,93,19,87,121,51];True
2542;6890;9432;[198,174,90,41,127,60,42,47,26,161,115,152,49,54,197,168,74,37,94,118,124,44,34,4,106,196,167,15,156,21,73,82,131,110,181,68,123,45,138,126,143,160,173,18,199,12,7,136,89,46,180,108,84,122,24,23,77,57,186,170,176,72,154,172,59,11,182,139,135,191,48,194,56,92,147,67,32,61,40,165,193,9,33,16,91,88,70,71,162,20,188,144,184,35,157,78,128,101,86,76,80,100,30,134,27,195,97,58,151,175,6,1,117,2,169,142,137,158,62,120,3,95,149,107,55,14,13,111,112,148,83,129,25,116,103,105,69,159,38,150,140,99,155,50,164,178,192,10,66,145,102,185,171,0,85,104,17,53,183,146,63,31,29,65,125,190,109,130,5,39,113,43,187,179,96,177,98,114,64,79,141,119,132,75,163,133,81,153,166,189,28,8,36,22,52,93,19,87,121,51];True
2556;6883;9439;[198,174,90,41,127,60,42,47,26,161,115,152,49,54,197,168,74,37,94,118,124,44,34,108,106,196,167,15,156,21,73,82,131,110,181,68,123,45,138,126,143,160,173,18,199,12,7,136,89,46,180,4,84,122,24,23,77,57,186,170,176,72,154,172,59,11,182,139,135,191,48,194,56,92,147,67,32,61,40,165,193,9,33,16,91,88,70,71,162,20,188,144,184,35,157,78,128,101,86,76,80,100,30,134,27,195,97,58,151,175,6,1,117,2,169,142,137,158,62,120,3,95,149,107,55,14,13,111,112,148,83,129,25,116,103,105,69,159,38,150,140,99,155,50,164,178,192,10,66,145,102,185,171,0,85,104,17,53,183,146,63,31,29,65,125,190,109,130,5,39,113,43,187,179,96,177,98,114,64,79,141,119,132,75,163,133,81,153,166,189,28,8,36,22,52,93,19,87,121,51];True
2550;6889;9439;[198,174,90,41,127,60,42,47,26,161,115,152,49,54,197,168,74,37,94,118,124,44,34,4,106,196,167,15,156,21,73,82,131,110,181,68,123,45,138,126,143,160,173,18,199,12,7,136,89,46,180,108,84,122,24,23,77,57,186,170,176,72,154,172,59,11,182,139,135,191,48,194,56,92,147,67,32,61,40,165,193,9,33,16,91,88,70,71,162,20,188,144,184,35,157,78,128,101,86,76,80,100,30,134,27,195,97,58,151,175,6,1,117,2,169,142,137,158,62,120,3,95,149,107,55,14,13,111,112,148,83,129,25,116,103,105,69,159,38,150,140,99,155,50,164,178,192,10,66,145,102,185,171,0,85,104,17,53,183,146,63,31,29,65,125,190,109,130,5,39,113,43,187,179,96,141,98,114,64,79,177,119,132,75,163,133,81,153,166,189,28,8,36,22,52,93,19,87,121,51];True
2564;6882;9446;[198,174,90,41,127,60,42,47,26,161,115,152,49,54,197,168,74,37,94,118,124,44,34,108,106,196,167,15,156,21,73,82,131,110,181,68,123,45,138,126,143,160,173,18,199,12,7,136,89,46,180,4,84,122,24,23,77,57,186,170,176,72,154,172,59,11,182,139,135,191,48,194,56,92,147,67,32,61,40,165,193,9,33,16,91,88,70,71,162,20,188,144,184,35,157,78,128,101,86,76,80,100,30,134,27,195,97,58,151,175,6,1,117,2,169,142,137,158,62,120,3,95,149,107,55,14,13,111,112,148,83,129,25,116,103,105,69,159,38,150,140,99,155,50,164,178,192,10,66,145,102,185,171,0,85,104,17,53,183,146,63,31,29,65,125,190,109,130,5,39,113,43,187,179,96,141,98,114,64,79,177,119,132,75,163,133,81,153,166,189,28,8,36,22,52,93,19,87,121,51];True
2570;6877;9447;[198,174,90,41,127,60,42,47,26,161,115,152,49,54,197,168,74,37,94,118,124,44,34,108,106,196,167,15,156,21,73,82,131,110,181,68,123,45,138,126,143,160,173,18,199,12,7,136,89,46,180,4,84,122,24,23,77,57,186,170,176,72,154,172,59,11,182,139,135,191,48,194,56,92,147,67,32,61,38,165,193,9,33,16,91,88,70,71,162,20,188,144,184,35,157,78,128,101,86,76,80,100,30,134,27,195,97,58,151,175,6,1,117,2,169,142,137,158,62,120,3,95,149,107,55,14,13,111,112,148,83,129,25,116,103,105,69,159,40,150,140,99,155,50,164,178,192,10,66,145,102,185,171,0,85,104,17,53,183,146,63,31,29,65,125,190,109,130,5,39,113,43,187,179,96,177,98,114,64,79,141,119,132,75,163,133,81,153,166,189,28,8,36,22,52,93,19,87,121,51];True
2578;6876;9454;[198,174,90,41,127,60,42,47,26,161,115,152,49,54,197,168,74,37,94,118,124,44,34,108,106,196,167,15,156,21,73,82,131,110,181,68,123,45,138,126,143,160,173,18,199,12,7,136,89,46,180,4,84,122,24,23,77,57,186,170,176,72,154,172,59,11,182,139,135,191,48,194,56,92,147,67,32,61,38,165,193,9,33,16,91,88,70,71,162,20,188,144,184,35,157,78,128,101,86,76,80,100,30,134,27,195,97,58,151,175,6,1,117,2,169,142,137,158,62,120,3,95,149,107,55,14,13,111,112,148,83,129,25,116,103,105,69,159,40,150,140,99,155,50,164,178,192,10,66,145,102,185,171,0,85,104,17,53,183,146,63,31,29,65,125,190,109,130,5,39,113,43,187,179,96,141,98,114,64,79,177,119,132,75,163,133,81,153,166,189,28,8,36,22,52,93,19,87,121,51];True
2590;6872;9462;[198,174,90,41,127,60,177,47,26,161,115,152,49,54,197,168,74,37,94,118,124,44,34,108,106,196,167,15,156,21,73,82,131,110,181,68,123,45,138,126,143,160,173,18,199,12,7,136,89,46,180,4,84,122,24,23,77,57,186,170,176,72,154,172,59,11,182,139,135,191,48,194,56,92,147,67,32,61,40,165,193,9,33,16,91,88,70,71,162,20,188,144,184,35,157,78,128,101,86,76,80,100,30,134,27,195,97,58,151,175,6,1,117,2,169,142,137,158,62,120,3,95,149,107,55,14,13,111,112,148,83,129,25,116,103,105,69,159,38,150,140,99,155,50,164,178,192,10,66,145,102,185,171,0,85,104,17,53,183,146,63,31,29,65,125,190,109,130,5,39,113,43,187,179,96,141,98,114,64,79,42,119,132,75,163,133,81,153,166,189,28,8,36,22,52,93,19,87,121,51];True
2588;6874;9462;[198,174,90,41,127,60,42,47,26,161,115,152,49,54,197,168,74,37,94,118,124,44,34,108,106,196,167,15,156,21,73,82,131,110,181,68,123,45,138,126,143,160,173,18,199,12,7,136,89,46,180,4,84,122,24,23,77,57,186,170,176,72,154,172,59,11,182,139,135,191,48,194,56,92,147,67,32,61,19,165,193,9,33,16,91,88,70,71,162,20,188,144,184,35,157,78,128,101,86,76,80,100,30,134,27,195,97,58,151,175,6,1,117,2,169,142,137,158,62,120,3,95,149,107,55,14,13,111,112,148,83,129,25,116,103,105,69,159,40,150,140,99,155,50,164,178,192,10,66,145,102,185,171,0,85,104,17,53,183,146,63,31,29,65,125,190,109,130,5,39,113,43,187,179,96,177,98,114,64,79,141,119,132,75,163,133,81,153,166,189,28,8,36,22,52,93,38,87,121,51];True
2604;6866;9470;[198,174,90,41,127,60,42,119,26,161,115,152,49,54,197,168,74,37,94,118,124,44,34,108,106,196,167,15,156,21,73,82,131,110,181,68,123,45,138,126,143,160,173,18,199,12,7,136,89,46,180,4,84,122,24,23,77,57,186,170,176,72,154,172,59,11,182,139,135,191,48,194,56,92,147,67,32,61,40,165,193,9,33,16,91,88,70,71,162,20,188,144,184,35,157,78,128,101,86,76,80,100,30,134,27,195,97,58,151,175,6,1,117,2,169,142,137,158,62,120,3,95,149,107,55,14,13,111,52,148,83,129,25,116,103,105,69,159,38,150,140,99,155,50,164,178,192,10,66,145,102,185,171,0,85,104,17,53,183,146,63,31,29,65,125,190,109,130,5,39,113,43,187,179,96,141,98,114,64,79,177,47,132,75,163,133,81,153,166,189,28,8,36,22,112,93,19,87,121,51];True
2602;6871;9473;[198,174,90,41,127,60,42,47,26,161,115,152,49,54,197,168,74,37,94,118,124,44,34,108,106,196,167,15,156,21,73,82,131,110,181,68,123,45,138,126,143,160,173,18,199,12,7,136,89,46,180,4,84,122,24,23,77,57,186,170,176,72,154,172,59,11,182,139,135,191,48,194,56,92,147,67,32,61,38,165,193,9,33,16,91,88,70,71,162,20,188,144,184,35,157,78,128,101,86,76,80,100,30,134,27,195,97,58,151,175,6,1,117,2,169,142,163,158,62,120,3,95,149,107,55,14,13,111,112,148,83,129,25,116,103,105,69,159,40,150,140,99,155,50,164,178,192,10,66,145,102,185,171,0,85,104,17,53,183,146,63,31,29,65,125,190,109,130,5,39,113,43,187,179,96,141,98,114,64,79,177,119,132,75,137,133,81,153,166,189,28,8,36,22,52,93,19,87,121,51];True
2618;6860;9478;[198,174,90,41,127,60,42,119,26,161,115,152,49,54,197,168,74,37,94,118,124,44,34,108,106,196,167,15,156,21,73,82,131,110,181,68,123,45,138,126,143,160,173,18,199,12,7,136,89,46,180,4,84,122,24,23,77,57,186,170,176,72,154,172,59,11,182,139,135,191,48,194,56,92,147,67,32,61,38,165,193,9,33,16,91,88,70,71,162,20,188,144,184,35,157,78,128,101,86,76,80,100,30,134,27,195,97,58,151,175,6,1,117,2,169,142,137,158,62,120,3,95,149,107,55,14,13,111,52,148,83,129,25,116,103,105,69,159,40,150,140,99,155,50,164,178,192,10,66,145,102,185,171,0,85,104,17,53,183,146,63,31,29,65,125,190,109,130,5,39,113,43,187,179,96,141,98,114,64,79,177,47,132,75,163,133,81,153,166,189,28,8,36,22,112,93,19,87,121,51];True
2635;6855;9490;[198,174,90,41,127,60,42,47,26,161,115,152,49,54,197,168,74,37,94,118,124,44,34,4,106,196,167,15,156,21,73,82,131,110,181,68,123,45,138,126,143,160,173,18,199,12,7,136,89,46,180,108,84,122,24,23,77,57,186,170,176,72,154,172,59,11,182,139,135,191,48,194,56,92,147,67,32,61,40,165,193,9,33,16,91,88,70,71,162,20,188,144,184,35,157,78,128,101,86,76,80,100,30,134,27,195,97,58,151,175,6,1,117,2,169,142,137,158,62,120,3,95,149,107,55,14,13,111,52,148,83,129,25,116,103,105,69,159,38,150,140,99,155,50,164,178,192,10,66,145,102,185,171,0,85,104,17,53,183,146,63,31,29,65,125,190,109,130,5,39,113,43,187,179,96,177,98,114,64,79,141,119,132,75,163,133,81,153,166,189,28,8,36,22,112,93,19,87,121,51];True
2643;6854;9497;[198,174,90,41,127,60,42,47,26,161,115,152,49,54,197,168,74,37,94,118,124,44,34,4,106,196,167,15,156,21,73,82,131,110,181,68,123,45,138,126,143,160,173,18,199,12,7,136,89,46,180,108,84,122,24,23,77,57,186,170,176,72,154,172,59,11,182,139,135,191,48,194,56,92,147,67,32,61,40,165,193,9,33,16,91,88,70,71,162,20,188,144,184,35,157,78,128,101,86,76,80,100,30,134,27,195,97,58,151,175,6,1,117,2,169,142,137,158,62,120,3,95,149,107,55,14,13,111,52,148,83,129,25,116,103,105,69,159,38,150,140,99,155,50,164,178,192,10,66,145,102,185,171,0,85,104,17,53,183,146,63,31,29,65,125,190,109,130,5,39,113,43,187,179,96,141,98,114,64,79,177,119,132,75,163,133,81,153,166,189,28,8,36,22,112,93,19,87,121,51];True
2649;6848;9497;[198,174,90,41,127,60,42,47,26,161,115,152,49,54,197,168,74,37,94,118,124,44,34,108,106,196,167,15,156,21,73,82,131,110,181,68,123,45,138,126,143,160,173,18,199,12,7,136,89,46,180,4,84,122,24,23,77,57,186,170,176,72,154,172,59,11,182,139,135,191,48,194,56,92,147,67,32,61,40,165,193,9,33,16,91,88,70,71,162,20,188,144,184,35,157,78,128,101,86,76,80,100,30,134,27,195,97,58,151,175,6,1,117,2,169,142,137,158,62,120,3,95,149,107,55,14,13,111,52,148,83,129,25,116,103,105,69,159,38,150,140,99,155,50,164,178,192,10,66,145,102,185,171,0,85,104,17,53,183,146,63,31,29,65,125,190,109,130,5,39,113,43,187,179,96,177,98,114,64,79,141,119,132,75,163,133,81,153,166,189,28,8,36,22,112,93,19,87,121,51];True
2657;6847;9504;[198,174,90,41,127,60,42,47,26,161,115,152,49,54,197,168,74,37,94,118,124,44,34,108,106,196,167,15,156,21,73,82,131,110,181,68,123,45,138,126,143,160,173,18,199,12,7,136,89,46,180,4,84,122,24,23,77,57,186,170,176,72,154,172,59,11,182,139,135,191,48,194,56,92,147,67,32,61,40,165,193,9,33,16,91,88,70,71,162,20,188,144,184,35,157,78,128,101,86,76,80,100,30,134,27,195,97,58,151,175,6,1,117,2,169,142,137,158,62,120,3,95,149,107,55,14,13,111,52,148,83,129,25,116,103,105,69,159,38,150,140,99,155,50,164,178,192,10,66,145,102,185,171,0,85,104,17,53,183,146,63,31,29,65,125,190,109,130,5,39,113,43,187,179,96,141,98,114,64,79,177,119,132,75,163,133,81,153,166,189,28,8,36,22,112,93,19,87,121,51];True
2663;6842;9505;[198,174,90,41,127,60,42,47,26,161,115,152,49,54,197,168,74,37,94,118,124,44,34,108,106,196,167,15,156,21,73,82,131,110,181,68,123,45,138,126,143,160,173,18,199,12,7,136,89,46,180,4,84,122,24,23,77,57,186,170,176,72,154,172,59,11,182,139,135,191,48,194,56,92,147,67,32,61,38,165,193,9,33,16,91,88,70,71,162,20,188,144,184,35,157,78,128,101,86,76,80,100,30,134,27,195,97,58,151,175,6,1,117,2,169,142,137,158,62,120,3,95,149,107,55,14,13,111,52,148,83,129,25,116,103,105,69,159,40,150,140,99,155,50,164,178,192,10,66,145,102,185,171,0,85,104,17,53,183,146,63,31,29,65,125,190,109,130,5,39,113,43,187,179,96,177,98,114,64,79,141,119,132,75,163,133,81,153,166,189,28,8,36,22,112,93,19,87,121,51];True
2671;6841;9512;[198,174,90,41,127,60,42,47,26,161,115,152,49,54,197,168,74,37,94,118,124,44,34,108,106,196,167,15,156,21,73,82,131,110,181,68,123,45,138,126,143,160,173,18,199,12,7,136,89,46,180,4,84,122,24,23,77,57,186,170,176,72,154,172,59,11,182,139,135,191,48,194,56,92,147,67,32,61,38,165,193,9,33,16,91,88,70,71,162,20,188,144,184,35,157,78,128,101,86,76,80,100,30,134,27,195,97,58,151,175,6,1,117,2,169,142,137,158,62,120,3,95,149,107,55,14,13,111,52,148,83,129,25,116,103,105,69,159,40,150,140,99,155,50,164,178,192,10,66,145,102,185,171,0,85,104,17,53,183,146,63,31,29,65,125,190,109,130,5,39,113,43,187,179,96,141,98,114,64,79,177,119,132,75,163,133,81,153,166,189,28,8,36,22,112,93,19,87,121,51];True
2683;6837;9520;[198,174,90,41,127,60,177,47,26,161,115,152,49,54,197,168,74,37,94,118,124,44,34,108,106,196,167,15,156,21,73,82,131,110,181,68,123,45,138,126,143,160,173,18,199,12,7,136,89,46,180,4,84,122,24,23,77,57,186,170,176,72,154,172,59,11,182,139,135,191,48,194,56,92,147,67,32,61,40,165,193,9,33,16,91,88,70,71,162,20,188,144,184,35,157,78,128,101,86,76,80,100,30,134,27,195,97,58,151,175,6,1,117,2,169,142,137,158,62,120,3,95,149,107,55,14,13,111,52,148,83,129,25,116,103,105,69,159,38,150,140,99,155,50,164,178,192,10,66,145,102,185,171,0,85,104,17,53,183,146,63,31,29,65,125,190,109,130,5,39,113,43,187,179,96,141,98,114,64,79,42,119,132,75,163,133,81,153,166,189,28,8,36,22,112,93,19,87,121,51];True
2681;6839;9520;[198,174,90,41,127,60,42,47,26,161,115,152,49,54,197,168,74,37,94,118,124,44,34,108,106,196,167,15,156,21,73,82,131,110,181,68,123,45,138,126,143,160,173,18,199,12,7,136,89,46,180,4,84,122,24,23,77,57,186,170,176,72,154,172,59,11,182,139,135,191,48,194,56,92,147,67,32,61,19,165,193,9,33,16,91,88,70,71,162,20,188,144,184,35,157,78,128,101,86,76,80,100,30,134,27,195,97,58,151,175,6,1,117,2,169,142,137,158,62,120,3,95,149,107,55,14,13,111,52,148,83,129,25,116,103,105,69,159,40,150,140,99,155,50,164,178,192,10,66,145,102,185,171,0,85,104,17,53,183,146,63,31,29,65,125,190,109,130,5,39,113,43,187,179,96,177,98,114,64,79,141,119,132,75,163,133,81,153,166,189,28,8,36,22,112,93,38,87,121,51];True
2697;6831;9528;[198,174,90,41,127,60,177,47,26,161,115,152,49,54,197,168,74,37,94,118,124,44,34,108,106,196,167,15,156,21,73,82,131,110,181,68,123,45,138,126,143,160,173,18,199,12,7,136,89,46,180,4,84,122,24,23,77,57,186,170,176,72,154,172,59,11,182,139,135,191,48,194,56,92,147,67,32,61,38,165,193,9,33,16,91,88,70,71,162,20,188,144,184,35,157,78,128,101,86,76,80,100,30,134,27,195,97,58,151,175,6,1,117,2,169,142,137,158,62,120,3,95,149,107,55,14,13,111,52,148,83,129,25,116,103,105,69,159,40,150,140,99,155,50,164,178,192,10,66,145,102,185,171,0,85,104,17,53,183,146,63,31,29,65,125,190,109,130,5,39,113,43,187,179,96,141,98,114,64,79,42,119,132,75,163,133,81,153,166,189,28,8,36,22,112,93,19,87,121,51];True
2695;6836;9531;[198,174,90,41,127,60,42,47,26,161,115,152,49,54,197,168,74,37,94,118,124,44,34,108,106,196,167,15,156,21,73,82,131,110,181,68,123,45,138,126,143,160,173,18,199,12,7,136,89,46,180,4,84,122,24,23,77,57,186,170,176,72,154,172,59,11,182,139,135,191,48,194,56,92,147,67,32,61,38,165,193,9,33,16,91,88,70,71,162,20,188,144,184,35,157,78,128,101,86,76,80,100,30,134,27,195,97,58,151,175,6,1,117,2,169,142,163,158,62,120,3,95,149,107,55,14,13,111,52,148,83,129,25,116,103,105,69,159,40,150,140,99,155,50,164,178,192,10,66,145,102,185,171,0,85,104,17,53,183,146,63,31,29,65,125,190,109,130,5,39,113,43,187,179,96,141,98,114,64,79,177,119,132,75,137,133,81,153,166,189,28,8,36,22,112,93,19,87,121,51];True
2712;6829;9541;[198,174,90,41,127,60,42,47,26,161,115,152,49,54,197,168,74,37,94,118,124,44,34,108,106,196,167,15,156,21,73,82,131,110,181,68,123,45,138,126,143,160,173,18,199,12,7,136,89,46,164,4,84,122,24,23,77,57,186,170,176,72,154,172,59,11,182,139,135,191,48,194,56,92,147,67,32,61,38,165,193,9,33,16,91,88,70,71,162,20,188,144,184,35,157,78,128,101,86,76,80,100,30,134,27,195,97,58,151,175,6,1,117,2,169,142,137,158,62,120,3,95,149,107,55,14,13,111,52,148,83,129,25,116,103,105,69,159,40,150,140,99,155,50,180,178,192,10,66,145,102,185,171,0,85,104,17,53,183,146,63,31,29,65,125,190,109,130,5,39,113,43,187,179,96,177,98,114,64,79,141,119,132,75,163,133,81,153,166,189,28,8,36,22,112,93,19,87,121,51];True
2715;6828;9543;[198,174,90,41,127,60,177,47,26,161,115,152,49,54,197,168,74,37,94,118,124,44,34,108,106,196,167,15,156,21,73,82,131,110,181,68,123,45,138,126,143,160,173,18,199,12,7,136,89,46,180,4,84,122,24,23,77,57,186,170,176,72,154,172,59,11,182,139,135,191,48,194,56,92,147,67,32,61,19,165,193,9,33,16,91,88,70,71,162,20,188,144,184,35,157,78,128,101,86,76,80,100,30,134,27,195,97,58,151,175,6,1,117,2,169,142,137,158,62,120,3,95,149,107,55,14,13,111,52,148,83,129,25,116,103,105,69,159,40,150,140,99,155,50,164,178,192,10,66,145,102,185,171,0,85,104,17,53,183,146,63,31,29,65,125,190,109,130,5,39,113,43,187,179,96,141,98,114,64,79,42,119,132,75,163,133,81,153,166,189,28,8,36,22,112,93,38,87,121,51];True
2721;6825;9546;[198,155,90,41,127,60,42,47,26,161,115,152,49,54,197,168,74,37,94,118,124,44,34,108,174,196,167,15,156,21,73,82,131,110,181,68,123,45,138,126,143,160,173,18,199,12,7,136,89,46,164,4,84,122,24,23,77,57,186,170,176,72,154,172,59,11,182,139,135,191,48,50,56,92,147,67,32,61,38,165,193,9,33,16,91,88,70,71,162,20,188,144,184,35,157,78,128,101,86,76,80,100,30,134,27,195,97,58,151,175,6,1,117,2,169,142,137,158,62,120,3,95,149,107,55,14,13,111,112,148,83,129,25,116,103,105,69,159,40,150,140,99,106,194,180,178,192,10,66,145,102,185,171,0,85,104,17,53,183,146,63,31,29,65,125,190,109,130,5,39,113,43,187,179,96,177,98,114,64,79,141,119,132,75,163,133,81,153,166,189,28,8,36,22,52,93,19,87,121,51];True
2729;6824;9553;[198,155,90,41,127,60,42,47,26,161,115,152,49,54,197,168,74,37,94,118,124,44,34,108,174,196,167,15,156,21,73,82,131,110,181,68,123,45,138,126,143,160,173,18,199,12,7,136,89,46,164,4,84,122,24,23,77,57,186,170,176,72,154,172,59,11,182,139,135,191,48,50,56,92,147,67,32,61,38,165,193,9,33,16,91,88,70,71,162,20,188,144,184,35,157,78,128,101,86,76,80,100,30,134,27,195,97,58,151,175,6,1,117,2,169,142,137,158,62,120,3,95,149,107,55,14,13,111,112,148,83,129,25,116,103,105,69,159,40,150,140,99,106,194,180,178,192,10,66,145,102,185,171,0,85,104,17,53,183,146,63,31,29,65,125,190,109,130,5,39,113,43,187,179,96,141,98,114,64,79,177,119,132,75,163,133,81,153,166,189,28,8,36,22,52,93,19,87,121,51];True
2732;6822;9554;[198,174,90,41,127,60,177,47,26,161,115,152,49,54,197,168,74,37,94,118,124,44,34,108,106,196,167,15,156,21,73,82,131,110,181,68,123,45,138,126,143,160,173,18,199,12,7,136,89,46,180,4,84,122,24,23,77,57,186,170,176,72,154,172,59,11,182,139,135,191,48,194,56,92,147,67,32,61,38,165,193,9,33,16,91,88,70,71,162,20,188,144,184,35,157,78,128,101,86,76,80,100,30,134,27,2,97,58,151,175,6,1,117,195,169,142,137,158,62,120,3,95,149,107,55,14,13,111,52,148,83,129,25,116,103,105,69,159,40,150,140,99,155,50,164,178,192,10,66,145,102,185,171,0,85,104,17,53,183,146,63,31,29,65,125,190,109,130,5,39,113,43,187,179,96,141,98,114,64,79,42,119,132,75,163,133,81,153,166,189,28,8,36,22,112,93,19,87,121,51];True
2738;6819;9557;[198,155,90,41,127,60,42,119,26,161,115,152,49,54,197,168,74,37,94,118,124,44,34,108,174,196,167,15,156,21,73,82,131,110,181,68,123,45,138,126,143,160,173,18,199,12,7,136,89,46,164,4,84,122,25,23,77,57,186,170,176,72,154,172,59,11,182,139,135,191,48,50,56,92,147,67,32,61,38,165,193,9,33,16,91,88,70,71,162,20,188,144,184,35,157,78,128,101,86,76,80,100,30,134,27,195,97,58,151,175,6,1,117,2,169,142,137,158,62,120,3,95,149,107,55,14,13,111,112,148,83,129,24,150,103,140,69,159,40,116,105,99,106,194,180,178,192,10,66,145,102,185,171,0,85,104,17,53,183,146,63,31,29,65,125,190,109,130,5,39,113,43,187,179,96,141,98,114,64,79,177,47,132,75,163,133,81,153,166,189,28,8,36,22,52,93,19,87,121,51];True
2746;6818;9564;[198,174,90,41,127,60,177,47,26,161,115,152,49,54,197,168,74,37,94,118,124,44,34,108,106,196,167,15,156,21,73,82,131,110,181,68,123,45,138,126,143,160,173,18,199,12,7,136,89,46,164,4,84,122,24,23,77,57,186,170,176,72,154,172,59,11,182,139,135,191,48,194,56,92,147,67,32,61,38,165,193,9,33,16,91,88,70,71,162,20,188,144,184,35,157,78,128,101,86,76,80,100,30,134,27,195,97,58,151,175,6,1,117,2,169,142,137,158,62,120,3,95,149,107,55,14,13,111,52,148,83,129,25,116,103,105,69,159,40,150,140,99,155,50,180,178,192,10,66,145,102,185,171,0,85,104,17,53,183,146,63,31,29,65,125,190,109,130,5,39,113,43,187,179,96,141,98,114,64,79,42,119,132,75,163,133,81,153,166,189,28,8,36,22,112,93,19,87,121,51];True
2751;6817;9568;[198,174,90,41,127,60,177,47,26,161,115,152,49,54,197,168,74,37,94,118,124,44,34,108,106,196,167,15,156,21,73,82,131,110,181,68,123,45,138,126,143,160,173,18,199,12,7,136,89,46,180,4,84,122,24,23,77,57,186,170,176,72,154,172,59,11,182,139,135,191,48,194,56,92,147,67,32,61,38,165,193,9,33,16,91,88,70,71,162,20,188,144,184,35,157,78,128,101,86,76,80,100,30,134,27,195,97,58,151,175,6,1,117,2,169,142,137,158,62,120,3,95,149,107,55,14,13,111,52,148,83,129,25,116,103,105,69,159,40,150,140,99,155,50,164,178,192,109,66,145,102,185,171,0,85,104,17,53,183,146,63,31,29,65,125,190,10,130,5,39,113,43,187,179,96,141,98,114,64,79,42,119,132,75,163,133,81,153,166,189,28,8,36,22,112,93,19,87,121,51];True
2755;6814;9569;[198,155,90,41,127,60,42,119,26,161,115,152,49,54,197,168,74,37,94,118,124,44,34,108,174,196,167,15,156,21,73,82,131,110,181,68,123,45,138,126,143,160,173,18,199,12,7,136,89,46,164,4,84,122,24,23,77,57,186,170,176,72,154,172,59,11,182,139,135,191,48,50,56,92,147,67,32,61,40,165,193,9,33,16,91,88,70,71,162,20,188,144,184,35,157,78,128,101,86,76,80,100,30,134,27,195,97,58,151,175,6,1,117,2,169,142,137,158,62,120,3,95,149,107,55,14,13,111,52,148,83,129,25,116,103,105,69,159,38,150,140,99,106,194,180,178,192,10,66,145,102,185,171,0,85,104,17,53,183,146,63,31,29,65,125,190,109,130,5,39,113,43,187,179,96,141,98,114,64,79,177,47,132,75,163,133,81,153,166,189,28,8,36,22,112,93,19,87,121,51];True
2769;6808;9577;[198,155,90,41,127,60,42,119,26,161,115,152,49,54,197,168,74,37,94,118,124,44,34,108,174,196,167,15,156,21,73,82,131,110,181,68,123,45,138,126,143,160,173,18,199,12,7,136,89,46,164,4,84,122,24,23,77,57,186,170,176,72,154,172,59,11,182,139,135,191,48,50,56,92,147,67,32,61,38,165,193,9,33,16,91,88,70,71,162,20,188,144,184,35,157,78,128,101,86,76,80,100,30,134,27,195,97,58,151,175,6,1,117,2,169,142,137,158,62,120,3,95,149,107,55,14,13,111,52,148,83,129,25,116,103,105,69,159,40,150,140,99,106,194,180,178,192,10,66,145,102,185,171,0,85,104,17,53,183,146,63,31,29,65,125,190,109,130,5,39,113,43,187,179,96,141,98,114,64,79,177,47,132,75,163,133,81,153,166,189,28,8,36,22,112,93,19,87,121,51];True
2783;6801;9584;[198,155,90,41,127,60,42,47,26,161,115,152,49,54,197,168,74,37,94,118,124,44,34,108,174,196,167,15,156,21,73,82,131,110,181,68,123,45,138,126,143,160,173,18,199,12,7,136,89,46,164,4,84,122,25,23,77,57,186,170,176,72,154,172,59,11,182,139,135,191,48,50,56,92,147,67,32,61,38,165,193,9,33,16,91,88,70,71,162,20,188,144,184,35,157,78,128,101,86,76,80,100,30,134,27,195,97,58,151,175,6,1,117,2,169,142,137,158,62,120,3,95,149,107,55,14,13,111,112,148,83,129,24,150,103,140,69,159,40,116,105,99,106,194,180,178,192,10,66,145,102,185,171,0,85,104,17,53,183,146,63,31,29,65,125,190,109,130,5,39,113,43,187,179,96,177,98,114,64,79,141,119,132,75,163,133,81,153,166,189,28,8,36,22,52,93,19,87,121,51];True
2782;6807;9589;[108,183,65,41,127,60,42,47,26,161,115,152,49,54,197,168,74,37,94,118,124,44,34,198,174,196,167,15,156,21,73,82,131,110,181,68,123,45,138,126,143,160,173,18,199,12,7,136,89,46,164,4,84,122,25,23,77,57,186,170,176,72,154,172,59,11,182,139,135,191,48,50,56,92,147,67,32,61,38,165,193,9,33,16,91,88,70,71,162,20,188,144,184,35,157,78,128,101,86,76,80,100,30,134,27,195,97,58,151,175,6,1,117,2,169,142,137,158,62,120,3,95,149,107,55,14,13,111,112,148,83,129,24,150,103,140,69,159,40,116,105,99,106,194,180,178,192,10,66,145,102,185,171,0,85,104,17,53,155,146,63,31,29,90,125,190,109,130,5,39,113,43,187,179,96,177,98,114,64,79,141,119,132,75,163,133,81,153,166,189,28,8,36,22,52,93,19,87,121,51];True
2791;6800;9591;[198,155,90,41,127,60,42,47,26,161,115,152,49,54,197,168,74,37,94,118,124,44,34,108,174,196,167,15,156,21,73,82,131,110,181,68,123,45,138,126,143,160,173,18,199,12,7,136,89,46,164,4,84,122,25,23,77,57,186,170,176,72,154,172,59,11,182,139,135,191,48,50,56,92,147,67,32,61,38,165,193,9,33,16,91,88,70,71,162,20,188,144,184,35,157,78,128,101,86,76,80,100,30,134,27,195,97,58,151,175,6,1,117,2,169,142,137,158,62,120,3,95,149,107,55,14,13,111,112,148,83,129,24,150,103,140,69,159,40,116,105,99,106,194,180,178,192,10,66,145,102,185,171,0,85,104,17,53,183,146,63,31,29,65,125,190,109,130,5,39,113,43,187,179,96,141,98,114,64,79,177,119,132,75,163,133,81,153,166,189,28,8,36,22,52,93,19,87,121,51];True
2800;6796;9596;[198,155,90,41,127,60,42,47,26,161,115,152,49,54,197,168,74,37,94,118,124,44,34,108,174,196,167,15,156,21,73,82,131,110,181,68,123,45,138,126,143,160,173,18,199,12,7,136,89,46,164,4,84,122,24,23,77,57,186,170,176,72,154,172,59,11,182,139,135,191,48,50,56,92,147,67,32,61,40,165,193,9,33,16,91,88,70,71,162,20,188,144,184,35,157,78,128,101,86,76,80,100,30,134,27,195,97,58,151,175,6,1,117,2,169,142,137,158,62,120,3,95,149,107,55,14,13,111,52,148,83,129,25,116,103,105,69,159,38,150,140,99,106,194,180,178,192,10,66,145,102,185,171,0,85,104,17,53,183,146,63,31,29,65,125,190,109,130,5,39,113,43,187,179,96,177,98,114,64,79,141,119,132,75,163,133,81,153,166,189,28,8,36,22,112,93,19,87,121,51];True
2808;6795;9603;[198,155,90,41,127,60,42,119,26,161,115,152,49,54,197,168,74,37,94,118,124,44,34,108,174,196,167,15,156,21,73,82,131,110,181,68,123,45,138,126,143,160,173,18,199,12,7,136,89,46,164,4,84,122,25,23,77,57,186,170,176,72,154,172,59,11,182,139,135,191,48,50,56,92,147,67,32,61,38,165,193,9,33,16,91,88,70,71,162,20,188,144,184,35,157,78,128,101,86,76,80,100,30,134,27,195,97,58,151,175,6,1,117,2,169,142,137,158,62,120,3,95,149,107,55,14,13,111,112,148,83,129,24,150,103,105,69,159,40,116,140,99,106,194,180,178,192,10,66,145,102,185,171,0,85,104,17,53,183,146,63,31,29,65,125,190,109,130,5,39,113,43,187,179,96,141,98,114,64,79,177,47,132,75,163,133,81,153,166,189,28,8,36,22,52,93,19,87,121,51];True
2814;6790;9604;[198,155,90,41,127,60,42,47,26,161,115,152,49,54,197,168,74,37,94,118,124,44,34,108,174,196,167,15,156,21,73,82,131,110,181,68,123,45,138,126,143,160,173,18,199,12,7,136,89,46,164,4,84,122,24,23,77,57,186,170,176,72,154,172,59,11,182,139,135,191,48,50,56,92,147,67,32,61,38,165,193,9,33,16,91,88,70,71,162,20,188,144,184,35,157,78,128,101,86,76,80,100,30,134,27,195,97,58,151,175,6,1,117,2,169,142,137,158,62,120,3,95,149,107,55,14,13,111,52,148,83,129,25,116,103,105,69,159,40,150,140,99,106,194,180,178,192,10,66,145,102,185,171,0,85,104,17,53,183,146,63,31,29,65,125,190,109,130,5,39,113,43,187,179,96,177,98,114,64,79,141,119,132,75,163,133,81,153,166,189,28,8,36,22,112,93,19,87,121,51];True
2822;6789;9611;[198,155,90,41,127,60,42,47,26,161,115,152,49,54,197,168,74,37,94,118,124,44,34,108,174,196,167,15,156,21,73,82,131,110,181,68,123,45,138,126,143,160,173,18,199,12,7,136,89,46,164,4,84,122,24,23,77,57,186,170,176,72,154,172,59,11,182,139,135,191,48,50,56,92,147,67,32,61,38,165,193,9,33,16,91,88,70,71,162,20,188,144,184,35,157,78,128,101,86,76,80,100,30,134,27,195,97,58,151,175,6,1,117,2,169,142,137,158,62,120,3,95,149,107,55,14,13,111,52,148,83,129,25,116,103,105,69,159,40,150,140,99,106,194,180,178,192,10,66,145,102,185,171,0,85,104,17,53,183,146,63,31,29,65,125,190,109,130,5,39,113,43,187,179,96,141,98,114,64,79,177,119,132,75,163,133,81,153,166,189,28,8,36,22,112,93,19,87,121,51];True
2828;6784;9612;[198,155,90,41,127,60,42,47,26,161,115,152,49,54,197,168,74,37,94,118,124,44,34,108,174,196,167,15,156,21,73,82,131,110,181,68,123,45,138,126,143,160,173,18,199,12,7,136,89,46,164,4,84,122,25,23,77,57,186,170,176,72,154,172,59,11,182,139,135,191,48,50,56,92,147,67,32,61,38,165,193,9,33,16,91,88,70,71,162,20,188,144,184,35,157,78,128,101,86,76,80,100,30,134,27,195,97,58,151,175,6,1,117,2,169,142,137,158,62,120,3,95,149,107,55,14,13,111,112,148,83,129,24,150,103,105,69,159,40,116,104,99,106,194,180,178,192,10,66,145,102,185,171,0,85,140,17,53,183,146,63,31,29,65,125,190,109,130,5,39,113,43,187,179,96,177,98,114,64,79,141,119,132,75,163,133,81,153,166,189,28,8,36,22,52,93,19,87,121,51];True
2836;6783;9619;[198,155,90,41,127,60,42,47,26,161,115,152,49,54,197,168,74,37,94,118,124,44,34,108,174,196,167,15,156,21,73,82,131,110,181,68,123,45,138,126,143,160,173,18,199,12,7,136,89,46,164,4,84,122,25,23,77,57,186,170,176,72,154,172,59,11,182,139,135,191,48,50,56,92,147,67,32,61,38,165,193,9,33,16,91,88,70,71,162,20,188,144,184,35,157,78,128,101,86,76,80,100,30,134,27,195,97,58,151,175,6,1,117,2,169,142,137,158,62,120,3,95,149,107,55,14,13,111,112,148,83,129,24,150,103,105,69,159,40,116,104,99,106,194,180,178,192,10,66,145,102,185,171,0,85,140,17,53,183,146,63,31,29,65,125,190,109,130,5,39,113,43,187,179,96,141,98,114,64,79,177,119,132,75,163,133,81,153,166,189,28,8,36,22,52,93,19,87,121,51];True
2848;6779;9627;[198,155,90,41,127,60,177,47,26,161,115,152,49,54,197,168,74,37,94,118,124,44,34,108,174,196,167,15,156,21,73,82,131,110,181,68,123,45,138,126,143,160,173,18,199,12,7,136,89,46,164,4,84,122,24,23,77,57,186,170,176,72,154,172,59,11,182,139,135,191,48,50,56,92,147,67,32,61,38,165,193,9,33,16,91,88,70,71,162,20,188,144,184,35,157,78,128,101,86,76,80,100,30,134,27,195,97,58,151,175,6,1,117,2,169,142,137,158,62,120,3,95,149,107,55,14,13,111,52,148,83,129,25,116,103,105,69,159,40,150,140,99,106,194,180,178,192,10,66,145,102,185,171,0,85,104,17,53,183,146,63,31,29,65,125,190,109,130,5,39,113,43,187,179,96,141,98,114,64,79,42,119,132,75,163,133,81,153,166,189,28,8,36,22,112,93,19,87,121,51];True
2846;6781;9627;[198,155,90,41,127,60,42,47,26,161,115,152,49,54,197,168,74,37,94,118,124,44,34,108,174,196,167,15,156,21,73,82,131,110,181,68,123,45,138,126,143,160,173,18,199,12,7,136,89,46,164,4,84,122,25,23,77,57,186,170,176,72,154,172,59,11,182,139,135,191,48,50,56,92,147,67,32,61,19,165,193,9,33,16,91,88,70,71,162,20,188,144,184,35,157,78,128,101,86,76,80,100,30,134,27,195,97,58,151,175,6,1,117,2,169,142,137,158,62,120,3,95,149,107,55,14,13,111,112,148,83,129,24,150,103,105,69,159,40,116,104,99,106,194,180,178,192,10,66,145,102,185,171,0,85,140,17,53,183,146,63,31,29,65,125,190,109,130,5,39,113,43,187,179,96,177,98,114,64,79,141,119,132,75,163,133,81,153,166,189,28,8,36,22,52,93,38,87,121,51];True
2853;6777;9630;[198,155,90,41,127,60,42,47,26,161,115,152,49,54,197,168,74,37,94,118,124,44,34,108,174,196,167,15,156,21,73,82,131,110,181,68,123,45,138,126,143,160,173,18,199,12,7,136,89,46,164,4,84,122,25,23,77,57,186,170,176,72,154,172,59,11,182,139,135,191,48,50,56,92,147,67,32,61,38,165,193,9,33,16,91,88,70,71,162,20,188,144,184,35,157,78,128,101,86,76,80,100,30,134,27,195,97,58,151,175,6,1,117,2,169,142,137,158,62,120,3,95,149,107,55,14,13,111,112,148,83,129,24,150,103,105,69,159,40,116,140,99,106,194,180,178,192,10,66,145,102,185,171,0,85,104,17,53,183,146,63,31,29,65,125,190,109,130,5,39,113,43,187,179,96,177,98,114,64,79,141,119,132,75,163,133,81,153,166,189,28,8,36,22,52,93,19,87,121,51];True
2862;6773;9635;[198,155,90,41,127,60,177,47,26,161,115,152,49,54,197,168,74,37,94,118,124,44,34,108,174,196,167,15,156,21,73,82,131,110,181,68,123,45,138,126,143,160,173,18,199,12,7,136,89,46,164,4,84,122,25,23,77,57,186,170,176,72,154,172,59,11,182,139,135,191,48,50,56,92,147,67,32,61,38,165,193,9,33,16,91,88,70,71,162,20,188,144,184,35,157,78,128,101,86,76,80,100,30,134,27,195,97,58,151,175,6,1,117,2,169,142,137,158,62,120,3,95,149,107,55,14,13,111,112,148,83,129,24,150,103,105,69,159,40,116,104,99,106,194,180,178,192,10,66,145,102,185,171,0,85,140,17,53,183,146,63,31,29,65,125,190,109,130,5,39,113,43,187,179,96,141,98,114,64,79,42,119,132,75,163,133,81,153,166,189,28,8,36,22,52,93,19,87,121,51];True
2861;6776;9637;[198,155,90,41,127,60,42,47,26,161,115,152,49,54,197,168,74,37,94,118,124,44,34,108,174,196,167,15,156,21,73,82,131,110,181,68,123,45,138,126,143,160,173,18,199,12,7,136,89,46,164,4,84,122,25,23,77,57,186,170,176,72,154,172,59,11,182,139,135,191,48,50,56,92,147,67,32,61,38,165,193,9,33,16,91,88,70,71,162,20,188,144,184,35,157,78,128,101,86,76,80,100,30,134,27,195,97,58,151,175,6,1,117,2,169,142,137,158,62,120,3,95,149,107,55,14,13,111,112,148,83,129,24,150,103,105,69,159,40,116,140,99,106,194,180,178,192,10,66,145,102,185,171,0,85,104,17,53,183,146,63,31,29,65,125,190,109,130,5,39,113,43,187,179,96,141,98,114,64,79,177,119,132,75,163,133,81,153,166,189,28,8,36,22,52,93,19,87,121,51];True
2876;6766;9642;[198,155,90,41,127,60,42,47,26,161,115,152,49,54,197,168,74,37,94,118,124,44,34,108,174,196,167,15,156,21,73,82,131,110,181,68,123,45,138,126,143,160,173,18,199,12,7,136,89,46,164,4,84,122,25,23,77,57,186,170,176,72,154,172,59,11,182,139,135,191,48,50,56,92,147,67,32,61,38,165,193,9,33,16,91,88,70,71,162,20,188,144,184,35,157,78,128,101,86,76,80,100,30,134,27,195,97,58,151,175,6,1,117,2,169,142,137,158,62,120,3,95,149,107,55,14,13,111,52,148,83,129,24,150,103,140,69,159,40,116,105,99,106,194,180,178,192,10,66,145,102,185,171,0,85,104,17,53,183,146,63,31,29,65,125,190,109,130,5,39,113,43,187,179,96,177,98,114,64,79,141,119,132,75,163,133,81,153,166,189,28,8,36,22,112,93,19,87,121,51];True
2875;6772;9647;[108,183,65,41,127,60,42,47,26,161,115,152,49,54,197,168,74,37,94,118,124,44,34,198,174,196,167,15,156,21,73,82,131,110,181,68,123,45,138,126,143,160,173,18,199,12,7,136,89,46,164,4,84,122,25,23,77,57,186,170,176,72,154,172,59,11,182,139,135,191,48,50,56,92,147,67,32,61,38,165,193,9,33,16,91,88,70,71,162,20,188,144,184,35,157,78,128,101,86,76,80,100,30,134,27,195,97,58,151,175,6,1,117,2,169,142,137,158,62,120,3,95,149,107,55,14,13,111,52,148,83,129,24,150,103,140,69,159,40,116,105,99,106,194,180,178,192,10,66,145,102,185,171,0,85,104,17,53,155,146,63,31,29,90,125,190,109,130,5,39,113,43,187,179,96,177,98,114,64,79,141,119,132,75,163,133,81,153,166,189,28,8,36,22,112,93,19,87,121,51];True
2884;6765;9649;[198,155,90,41,127,60,42,47,26,161,115,152,49,54,197,168,74,37,94,118,124,44,34,108,174,196,167,15,156,21,73,82,131,110,181,68,123,45,138,126,143,160,173,18,199,12,7,136,89,46,164,4,84,122,25,23,77,57,186,170,176,72,154,172,59,11,182,139,135,191,48,50,56,92,147,67,32,61,38,165,193,9,33,16,91,88,70,71,162,20,188,144,184,35,157,78,128,101,86,76,80,100,30,134,27,195,97,58,151,175,6,1,117,2,169,142,137,158,62,120,3,95,149,107,55,14,13,111,52,148,83,129,24,150,103,140,69,159,40,116,105,99,106,194,180,178,192,10,66,145,102,185,171,0,85,104,17,53,183,146,63,31,29,65,125,190,109,130,5,39,113,43,187,179,96,141,98,114,64,79,177,119,132,75,163,133,81,153,166,189,28,8,36,22,112,93,19,87,121,51];True
2894;6763;9657;[198,155,90,41,127,60,42,47,26,161,115,152,49,54,197,168,74,37,94,118,124,44,34,108,174,196,167,15,156,21,73,82,131,110,181,68,123,45,138,126,143,160,173,18,199,12,7,136,89,46,164,4,84,122,25,23,77,57,186,170,176,72,154,172,59,11,182,139,135,191,48,50,56,92,147,67,32,61,19,165,193,9,33,16,91,88,70,71,162,20,188,144,184,35,157,78,128,101,86,76,80,100,30,134,27,195,97,58,151,175,6,1,117,2,169,142,137,158,62,120,3,95,149,107,55,14,13,111,52,148,83,129,24,150,103,140,69,159,40,116,105,99,106,194,180,178,192,10,66,145,102,185,171,0,85,104,17,53,183,146,63,31,29,65,125,190,109,130,5,39,113,43,187,179,96,177,98,114,64,79,141,119,132,75,163,133,81,153,166,189,28,8,36,22,112,93,38,87,121,51];True
2900;6761;9661;[198,155,90,41,127,60,42,47,26,161,115,152,49,54,197,168,74,37,94,118,124,44,34,108,174,196,167,15,156,21,73,82,131,110,181,68,123,45,138,126,143,160,173,18,199,12,7,136,89,46,164,4,84,122,25,23,77,57,186,170,176,72,154,172,59,11,182,139,135,191,48,50,56,92,147,67,32,61,38,165,193,9,33,16,91,88,70,71,162,20,188,144,184,35,157,78,128,101,86,76,80,100,30,134,27,195,97,58,151,175,6,1,117,2,169,142,163,158,62,120,3,95,149,107,55,14,13,111,52,148,83,129,24,150,103,140,69,159,40,116,105,99,106,194,180,178,192,10,66,145,102,185,171,0,85,104,17,53,183,146,63,31,29,65,125,190,109,130,5,39,113,43,187,179,96,177,98,114,64,79,141,119,132,75,137,133,81,153,166,189,28,8,36,22,112,93,19,87,121,51];True
2901;6760;9661;[198,155,90,41,127,60,42,119,26,161,115,152,49,54,197,168,74,37,94,118,124,44,34,108,174,196,167,15,156,21,73,82,131,110,181,68,123,45,138,126,143,160,173,18,199,12,7,136,89,46,164,4,84,122,25,23,77,57,186,170,176,72,154,172,59,11,182,139,135,191,48,50,56,92,147,67,32,61,38,165,193,9,33,16,91,88,70,71,162,20,188,144,184,35,157,78,128,101,86,76,80,100,30,134,27,195,97,58,151,175,6,1,117,2,169,142,137,158,62,120,3,95,149,107,55,14,13,111,52,148,83,129,24,150,103,105,69,159,40,116,140,99,106,194,180,178,192,10,66,145,102,185,171,0,85,104,17,53,183,146,63,31,29,65,125,190,109,130,5,39,113,43,187,179,96,141,98,114,64,79,177,47,132,75,163,133,81,153,166,189,28,8,36,22,112,93,19,87,121,51];True
2910;6755;9665;[198,155,90,41,127,60,177,47,26,161,115,152,49,54,197,168,74,37,94,118,124,44,34,108,174,196,167,15,156,21,73,82,131,110,181,68,123,45,138,126,143,160,173,18,199,12,7,136,89,46,164,4,84,122,25,23,77,57,186,170,176,72,154,172,59,11,182,139,135,191,48,50,56,92,147,67,32,61,38,165,193,9,33,16,91,88,70,71,162,20,188,144,184,35,157,78,128,101,86,76,80,100,30,134,27,195,97,58,151,175,6,1,117,2,169,142,137,158,62,120,3,95,149,107,55,14,13,111,52,148,83,129,24,150,103,140,69,159,40,116,105,99,106,194,180,178,192,10,66,145,102,185,171,0,85,104,17,53,183,146,63,31,29,65,125,190,109,130,5,39,113,43,187,179,96,141,98,114,64,79,42,119,132,75,163,133,81,153,166,189,28,8,36,22,112,93,19,87,121,51];True
2921;6749;9670;[198,155,90,41,127,60,42,47,26,161,115,152,49,54,197,168,74,37,94,118,124,44,34,108,174,196,167,15,156,21,73,82,131,110,181,68,123,45,138,126,143,160,173,18,199,12,7,136,89,46,164,4,84,122,25,23,77,57,186,170,176,72,154,172,59,11,182,139,135,191,48,50,56,92,147,67,32,61,38,165,193,9,33,16,91,88,70,71,162,20,188,144,184,35,157,78,128,101,86,76,80,100,30,134,27,195,97,58,151,175,6,1,117,2,169,142,137,158,62,120,3,95,149,107,55,14,13,111,52,148,83,129,24,150,103,105,69,159,40,116,104,99,106,194,180,178,192,10,66,145,102,185,171,0,85,140,17,53,183,146,63,31,29,65,125,190,109,130,5,39,113,43,187,179,96,177,98,114,64,79,141,119,132,75,163,133,81,153,166,189,28,8,36,22,112,93,19,87,121,51];True
2929;6748;9677;[198,155,90,41,127,60,42,47,26,161,115,152,49,54,197,168,74,37,94,118,124,44,34,108,174,196,167,15,156,21,73,82,131,110,181,68,123,45,138,126,143,160,173,18,199,12,7,136,89,46,164,4,84,122,25,23,77,57,186,170,176,72,154,172,59,11,182,139,135,191,48,50,56,92,147,67,32,61,38,165,193,9,33,16,91,88,70,71,162,20,188,144,184,35,157,78,128,101,86,76,80,100,30,134,27,195,97,58,151,175,6,1,117,2,169,142,137,158,62,120,3,95,149,107,55,14,13,111,52,148,83,129,24,150,103,105,69,159,40,116,104,99,106,194,180,178,192,10,66,145,102,185,171,0,85,140,17,53,183,146,63,31,29,65,125,190,109,130,5,39,113,43,187,179,96,141,98,114,64,79,177,119,132,75,163,133,81,153,166,189,28,8,36,22,112,93,19,87,121,51];True
2939;6746;9685;[198,155,90,41,127,60,42,47,26,161,115,152,49,54,197,168,74,37,94,118,124,44,34,108,174,196,167,15,156,21,73,82,131,110,181,68,123,45,138,126,143,160,173,18,199,12,7,136,89,46,164,4,84,122,25,23,77,57,186,170,176,72,154,172,59,11,182,139,135,191,48,50,56,92,147,67,32,61,19,165,193,9,33,16,91,88,70,71,162,20,188,144,184,35,157,78,128,101,86,76,80,100,30,134,27,195,97,58,151,175,6,1,117,2,169,142,137,158,62,120,3,95,149,107,55,14,13,111,52,148,83,129,24,150,103,105,69,159,40,116,104,99,106,194,180,178,192,10,66,145,102,185,171,0,85,140,17,53,183,146,63,31,29,65,125,190,109,130,5,39,113,43,187,179,96,177,98,114,64,79,141,119,132,75,163,133,81,153,166,189,28,8,36,22,112,93,38,87,121,51];True
2946;6742;9688;[198,155,90,41,127,60,42,47,26,161,115,152,49,54,197,168,74,37,94,118,124,44,34,108,174,196,167,15,156,21,73,82,131,110,181,68,123,45,138,126,143,160,173,18,199,12,7,136,89,46,164,4,84,122,25,23,77,57,186,170,176,72,154,172,59,11,182,139,135,191,48,50,56,92,147,67,32,61,38,165,193,9,33,16,91,88,70,71,162,20,188,144,184,35,157,78,128,101,86,76,80,100,30,134,27,195,97,58,151,175,6,1,117,2,169,142,137,158,62,120,3,95,149,107,55,14,13,111,52,148,83,129,24,150,103,105,69,159,40,116,140,99,106,194,180,178,192,10,66,145,102,185,171,0,85,104,17,53,183,146,63,31,29,65,125,190,109,130,5,39,113,43,187,179,96,177,98,114,64,79,141,119,132,75,163,133,81,153,166,189,28,8,36,22,112,93,19,87,121,51];True
2945;6744;9689;[198,155,90,41,127,60,42,47,26,161,115,152,49,54,197,168,74,37,94,118,124,44,34,108,174,196,167,15,156,21,73,82,131,110,181,68,123,45,138,126,143,160,173,18,199,12,7,136,89,46,164,4,84,122,25,23,77,57,186,170,176,72,154,172,59,11,182,139,135,191,48,50,56,92,147,67,32,61,38,165,193,9,33,16,91,88,70,71,162,20,188,144,184,35,157,78,128,101,86,76,80,100,30,134,27,195,97,58,151,175,6,1,117,2,169,142,163,158,62,120,3,95,149,107,55,14,13,111,52,148,83,129,24,150,103,105,69,159,40,116,104,99,106,194,180,178,192,10,66,145,102,185,171,0,85,140,17,53,183,146,63,31,29,65,125,190,109,130,5,39,113,43,187,179,96,177,98,114,64,79,141,119,132,75,137,133,81,153,166,189,28,8,36,22,112,93,19,87,121,51];True
2955;6738;9693;[198,155,90,41,127,60,177,47,26,161,115,152,49,54,197,168,74,37,94,118,124,44,34,108,174,196,167,15,156,21,73,82,131,110,181,68,123,45,138,126,143,160,173,18,199,12,7,136,89,46,164,4,84,122,25,23,77,57,186,170,176,72,154,172,59,11,182,139,135,191,48,50,56,92,147,67,32,61,38,165,193,9,33,16,91,88,70,71,162,20,188,144,184,35,157,78,128,101,86,76,80,100,30,134,27,195,97,58,151,175,6,1,117,2,169,142,137,158,62,120,3,95,149,107,55,14,13,111,52,148,83,129,24,150,103,105,69,159,40,116,104,99,106,194,180,178,192,10,66,145,102,185,171,0,85,140,17,53,183,146,63,31,29,65,125,190,109,130,5,39,113,43,187,179,96,141,98,114,64,79,42,119,132,75,163,133,81,153,166,189,28,8,36,22,112,93,19,87,121,51];True
2954;6741;9695;[198,155,90,41,127,60,42,47,26,161,115,152,49,54,197,168,74,37,94,118,124,44,34,108,174,196,167,15,156,21,73,82,131,110,181,68,123,45,138,126,143,160,173,18,199,12,7,136,89,46,164,4,84,122,25,23,77,57,186,170,176,72,154,172,59,11,182,139,135,191,48,50,56,92,147,67,32,61,38,165,193,9,33,16,91,88,70,71,162,20,188,144,184,35,157,78,128,101,86,76,80,100,30,134,27,195,97,58,151,175,6,1,117,2,169,142,137,158,62,120,3,95,149,107,55,14,13,111,52,148,83,129,24,150,103,105,69,159,40,116,140,99,106,194,180,178,192,10,66,145,102,185,171,0,85,104,17,53,183,146,63,31,29,65,125,190,109,130,5,39,113,43,187,179,96,141,98,114,64,79,177,119,132,75,163,133,81,153,166,189,28,8,36,22,112,93,19,87,121,51];True
2970;6737;9707;[198,155,90,41,127,60,42,47,26,161,115,152,49,54,197,168,74,37,94,118,124,44,34,108,174,196,167,15,156,21,73,82,131,110,181,68,123,45,138,126,143,160,173,18,199,12,7,136,89,46,164,4,84,122,25,23,77,57,186,170,176,72,154,172,59,11,182,139,135,191,48,50,56,92,147,67,32,61,38,165,193,9,33,16,91,88,70,71,162,20,188,144,184,35,157,78,128,101,86,76,80,100,30,134,27,195,97,58,151,175,6,1,117,2,169,142,163,158,62,120,3,95,149,107,55,14,13,111,52,148,83,129,24,150,103,105,69,159,40,116,140,99,106,194,180,178,192,10,66,145,102,185,171,0,85,104,17,53,183,146,63,31,29,65,125,190,109,130,5,39,113,43,187,179,96,177,98,114,64,79,141,119,132,75,137,133,81,153,166,189,28,8,36,22,112,93,19,87,121,51];True
2973;6735;9708;[198,155,90,41,127,60,177,47,26,161,115,152,49,54,197,168,74,37,94,118,124,44,34,108,174,196,167,15,156,21,73,82,131,110,181,68,123,45,138,126,143,160,173,18,199,12,7,136,89,46,164,4,84,122,25,23,77,57,186,170,176,72,154,172,59,11,182,139,135,191,48,50,56,92,147,67,32,61,19,165,193,9,33,16,91,88,70,71,162,20,188,144,184,35,157,78,128,101,86,76,80,100,30,134,27,195,97,58,151,175,6,1,117,2,169,142,137,158,62,120,3,95,149,107,55,14,13,111,52,148,83,129,24,150,103,105,69,159,40,116,104,99,106,194,180,178,192,10,66,145,102,185,171,0,85,140,17,53,183,146,63,31,29,65,125,190,109,130,5,39,113,43,187,179,96,141,98,114,64,79,42,119,132,75,163,133,81,153,166,189,28,8,36,22,112,93,38,87,121,51];True
2980;6731;9711;[198,155,90,41,127,60,177,47,26,161,115,152,49,54,197,168,74,37,94,118,124,44,34,108,174,196,167,15,156,21,73,82,131,110,181,68,123,45,138,126,143,160,173,18,199,12,7,136,89,46,164,4,84,122,25,23,77,57,186,170,176,72,154,172,59,11,182,139,135,191,48,50,56,92,147,67,32,61,38,165,193,9,33,16,91,88,70,71,162,20,188,144,184,35,157,78,128,101,86,76,80,100,30,134,27,195,97,58,151,175,6,1,117,2,169,142,137,158,62,120,3,95,149,107,55,14,13,111,52,148,83,129,24,150,103,105,69,159,40,116,140,99,106,194,180,178,192,10,66,145,102,185,171,0,85,104,17,53,183,146,63,31,29,65,125,190,109,130,5,39,113,43,187,179,96,141,98,114,64,79,42,119,132,75,163,133,81,153,166,189,28,8,36,22,112,93,19,87,121,51];True
2979;6733;9712;[198,155,90,41,127,60,177,47,26,161,115,152,49,54,197,168,74,37,94,118,124,44,34,108,174,196,167,15,156,21,73,82,131,110,181,68,123,45,138,126,143,160,173,18,199,12,7,136,89,46,164,4,84,122,25,23,77,57,186,170,176,72,154,172,59,11,182,139,135,191,48,50,56,92,147,67,32,61,38,165,193,9,33,16,91,88,70,71,162,20,188,144,184,35,157,78,128,101,86,76,80,100,30,134,27,195,97,58,151,175,6,1,117,2,169,142,163,158,62,120,3,95,149,107,55,14,13,111,52,148,83,129,24,150,103,105,69,159,40,116,104,99,106,194,180,178,192,10,66,145,102,185,171,0,85,140,17,53,183,146,63,31,29,65,125,190,109,130,5,39,113,43,187,179,96,141,98,114,64,79,42,119,132,75,137,133,81,153,166,189,28,8,36,22,112,93,19,87,121,51];True
2990;6729;9719;[198,155,90,41,127,60,177,47,26,161,115,152,49,54,197,168,74,37,94,118,124,44,34,108,174,196,167,15,156,21,73,82,131,110,181,68,123,45,138,126,143,160,173,18,199,12,7,136,89,46,164,4,84,122,25,23,77,57,186,170,176,72,154,172,59,11,182,139,135,191,48,50,56,92,147,67,32,61,38,165,193,9,33,16,91,88,70,71,162,20,188,144,184,35,157,78,128,101,86,76,80,100,30,134,27,2,97,58,151,175,6,1,117,195,169,142,137,158,62,120,3,95,149,107,55,14,13,111,52,148,83,129,24,150,103,105,69,159,40,116,104,99,106,194,180,178,192,10,66,145,102,185,171,0,85,140,17,53,183,146,63,31,29,65,125,190,109,130,5,39,113,43,187,179,96,141,98,114,64,79,42,119,132,75,163,133,81,153,166,189,28,8,36,22,112,93,19,87,121,51];True
2998;6726;9724;[198,29,90,41,127,60,42,47,26,161,115,152,49,54,197,168,74,37,94,118,124,44,34,108,174,196,167,15,156,21,73,82,131,110,181,68,123,45,138,126,143,160,173,18,199,12,7,136,89,46,164,4,84,122,25,23,77,57,186,170,176,72,154,172,59,11,182,139,135,191,48,50,56,92,147,67,32,61,38,165,193,9,33,16,91,88,70,71,162,20,188,144,184,35,157,78,128,101,86,76,80,100,30,134,27,195,97,58,151,175,6,1,117,2,169,142,137,158,62,120,3,95,149,107,55,14,13,111,52,148,83,129,24,150,103,105,69,159,40,116,104,99,106,194,180,178,192,10,66,145,102,185,171,0,85,140,17,53,155,146,63,31,183,65,125,190,109,130,5,39,113,43,187,179,96,177,98,114,64,79,141,119,132,75,163,133,81,153,166,189,28,8,36,22,112,93,19,87,121,51];True
3006;6725;9731;[198,29,90,41,127,60,42,47,26,161,115,152,49,54,197,168,74,37,94,118,124,44,34,108,174,196,167,15,156,21,73,82,131,110,181,68,123,45,138,126,143,160,173,18,199,12,7,136,89,46,164,4,84,122,25,23,77,57,186,170,176,72,154,172,59,11,182,139,135,191,48,50,56,92,147,67,32,61,38,165,193,9,33,16,91,88,70,71,162,20,188,144,184,35,157,78,128,101,86,76,80,100,30,134,27,195,97,58,151,175,6,1,117,2,169,142,137,158,62,120,3,95,149,107,55,14,13,111,52,148,83,129,24,150,103,105,69,159,40,116,104,99,106,194,180,178,192,10,66,145,102,185,171,0,85,140,17,53,155,146,63,31,183,65,125,190,109,130,5,39,113,43,187,179,96,141,98,114,64,79,177,119,132,75,163,133,81,153,166,189,28,8,36,22,112,93,19,87,121,51];True
3009;6724;9733;[198,155,90,41,127,60,177,47,26,161,115,152,49,54,197,168,74,37,94,118,124,44,34,108,174,196,167,15,156,21,73,82,131,110,181,68,123,45,138,126,143,160,173,18,199,12,7,136,89,46,164,4,84,122,25,23,77,57,186,170,176,72,154,172,59,11,182,139,135,191,48,50,56,92,147,67,32,61,38,165,193,9,33,16,91,88,70,71,162,20,188,144,184,35,157,78,128,101,86,76,80,100,30,134,27,195,97,58,151,175,6,1,117,2,169,142,137,158,62,120,3,95,149,107,55,14,13,111,52,148,83,129,24,150,103,105,69,159,40,116,104,99,106,194,180,178,192,109,66,145,102,185,171,0,85,140,17,53,183,146,63,31,29,65,125,190,10,130,5,39,113,43,187,179,96,141,98,114,64,79,42,119,132,75,163,133,81,153,166,189,28,8,36,22,112,93,19,87,121,51];True
3015;6722;9737;[198,155,90,41,127,60,177,47,26,161,115,152,49,54,197,168,74,37,94,118,124,44,34,108,174,196,167,15,156,21,73,82,131,110,181,68,123,45,138,126,143,160,173,18,199,12,7,136,89,46,164,4,84,122,25,23,77,57,186,170,176,72,154,172,59,11,182,139,135,191,48,50,56,92,147,67,32,61,38,165,193,9,33,16,91,88,70,71,162,20,188,144,184,35,157,78,128,101,86,76,80,100,30,134,27,2,97,58,151,175,6,1,117,195,169,142,137,158,62,120,3,95,149,107,55,14,13,111,52,148,83,129,24,150,103,105,69,159,40,116,140,99,106,194,180,178,192,10,66,145,102,185,171,0,85,104,17,53,183,146,63,31,29,65,125,190,109,130,5,39,113,43,187,179,96,141,98,114,64,79,42,119,132,75,163,133,81,153,166,189,28,8,36,22,112,93,19,87,121,51];True
3023;6719;9742;[198,29,90,41,127,60,42,47,26,161,115,152,49,54,197,168,74,37,94,118,124,44,34,108,174,196,167,15,156,21,73,82,131,110,181,68,123,45,138,126,143,160,173,18,199,12,7,136,89,46,164,4,84,122,25,23,77,57,186,170,176,72,154,172,59,11,182,139,135,191,48,50,56,92,147,67,32,61,38,165,193,9,33,16,91,88,70,71,162,20,188,144,184,35,157,78,128,101,86,76,80,100,30,134,27,195,97,58,151,175,6,1,117,2,169,142,137,158,62,120,3,95,149,107,55,14,13,111,52,148,83,129,24,150,103,105,69,159,40,116,140,99,106,194,180,178,192,10,66,145,102,185,171,0,85,104,17,53,155,146,63,31,183,65,125,190,109,130,5,39,113,43,187,179,96,177,98,114,64,79,141,119,132,75,163,133,81,153,166,189,28,8,36,22,112,93,19,87,121,51];True
3022;6721;9743;[198,29,90,41,127,60,42,47,26,161,115,152,49,54,197,168,74,37,94,118,124,44,34,108,174,196,167,15,156,21,73,82,131,110,181,68,123,45,138,126,143,160,173,18,199,12,7,136,89,46,164,4,84,122,25,23,77,57,186,170,176,72,154,172,59,11,182,139,135,191,48,50,56,92,147,67,32,61,38,165,193,9,33,16,91,88,70,71,162,20,188,144,184,35,157,78,128,101,86,76,80,100,30,134,27,195,97,58,151,175,6,1,117,2,169,142,163,158,62,120,3,95,149,107,55,14,13,111,52,148,83,129,24,150,103,105,69,159,40,116,104,99,106,194,180,178,192,10,66,145,102,185,171,0,85,140,17,53,155,146,63,31,183,65,125,190,109,130,5,39,113,43,187,179,96,177,98,114,64,79,141,119,132,75,137,133,81,153,166,189,28,8,36,22,112,93,19,87,121,51];True
3032;6715;9747;[198,29,90,41,127,60,177,47,26,161,115,152,49,54,197,168,74,37,94,118,124,44,34,108,174,196,167,15,156,21,73,82,131,110,181,68,123,45,138,126,143,160,173,18,199,12,7,136,89,46,164,4,84,122,25,23,77,57,186,170,176,72,154,172,59,11,182,139,135,191,48,50,56,92,147,67,32,61,38,165,193,9,33,16,91,88,70,71,162,20,188,144,184,35,157,78,128,101,86,76,80,100,30,134,27,195,97,58,151,175,6,1,117,2,169,142,137,158,62,120,3,95,149,107,55,14,13,111,52,148,83,129,24,150,103,105,69,159,40,116,104,99,106,194,180,178,192,10,66,145,102,185,171,0,85,140,17,53,155,146,63,31,183,65,125,190,109,130,5,39,113,43,187,179,96,141,98,114,64,79,42,119,132,75,163,133,81,153,166,189,28,8,36,22,112,93,19,87,121,51];True
3031;6718;9749;[198,29,90,41,127,60,42,47,26,161,115,152,49,54,197,168,74,37,94,118,124,44,34,108,174,196,167,15,156,21,73,82,131,110,181,68,123,45,138,126,143,160,173,18,199,12,7,136,89,46,164,4,84,122,25,23,77,57,186,170,176,72,154,172,59,11,182,139,135,191,48,50,56,92,147,67,32,61,38,165,193,9,33,16,91,88,70,71,162,20,188,144,184,35,157,78,128,101,86,76,80,100,30,134,27,195,97,58,151,175,6,1,117,2,169,142,137,158,62,120,3,95,149,107,55,14,13,111,52,148,83,129,24,150,103,105,69,159,40,116,140,99,106,194,180,178,192,10,66,145,102,185,171,0,85,104,17,53,155,146,63,31,183,65,125,190,109,130,5,39,113,43,187,179,96,141,98,114,64,79,177,119,132,75,163,133,81,153,166,189,28,8,36,22,112,93,19,87,121,51];True
3047;6714;9761;[198,29,90,41,127,60,42,47,26,161,115,152,49,54,197,168,74,37,94,118,124,44,34,108,174,196,167,15,156,21,73,82,131,110,181,68,123,45,138,126,143,160,173,18,199,12,7,136,89,46,164,4,84,122,25,23,77,57,186,170,176,72,154,172,59,11,182,139,135,191,48,50,56,92,147,67,32,61,38,165,193,9,33,16,91,88,70,71,162,20,188,144,184,35,157,78,128,101,86,76,80,100,30,134,27,195,97,58,151,175,6,1,117,2,169,142,163,158,62,120,3,95,149,107,55,14,13,111,52,148,83,129,24,150,103,105,69,159,40,116,140,99,106,194,180,178,192,10,66,145,102,185,171,0,85,104,17,53,155,146,63,31,183,65,125,190,109,130,5,39,113,43,187,179,96,177,98,114,64,79,141,119,132,75,137,133,81,153,166,189,28,8,36,22,112,93,19,87,121,51];True
3050;6712;9762;[198,29,90,41,127,60,177,47,26,161,115,152,49,54,197,168,74,37,94,118,124,44,34,108,174,196,167,15,156,21,73,82,131,110,181,68,123,45,138,126,143,160,173,18,199,12,7,136,89,46,164,4,84,122,25,23,77,57,186,170,176,72,154,172,59,11,182,139,135,191,48,50,56,92,147,67,32,61,19,165,193,9,33,16,91,88,70,71,162,20,188,144,184,35,157,78,128,101,86,76,80,100,30,134,27,195,97,58,151,175,6,1,117,2,169,142,137,158,62,120,3,95,149,107,55,14,13,111,52,148,83,129,24,150,103,105,69,159,40,116,104,99,106,194,180,178,192,10,66,145,102,185,171,0,85,140,17,53,155,146,63,31,183,65,125,190,109,130,5,39,113,43,187,179,96,141,98,114,64,79,42,119,132,75,163,133,81,153,166,189,28,8,36,22,112,93,38,87,121,51];True
3057;6708;9765;[198,29,90,41,127,60,177,47,26,161,115,152,49,54,197,168,74,37,94,118,124,44,34,108,174,196,167,15,156,21,73,82,131,110,181,68,123,45,138,126,143,160,173,18,199,12,7,136,89,46,164,4,84,122,25,23,77,57,186,170,176,72,154,172,59,11,182,139,135,191,48,50,56,92,147,67,32,61,38,165,193,9,33,16,91,88,70,71,162,20,188,144,184,35,157,78,128,101,86,76,80,100,30,134,27,195,97,58,151,175,6,1,117,2,169,142,137,158,62,120,3,95,149,107,55,14,13,111,52,148,83,129,24,150,103,105,69,159,40,116,140,99,106,194,180,178,192,10,66,145,102,185,171,0,85,104,17,53,155,146,63,31,183,65,125,190,109,130,5,39,113,43,187,179,96,141,98,114,64,79,42,119,132,75,163,133,81,153,166,189,28,8,36,22,112,93,19,87,121,51];True
3056;6710;9766;[198,29,90,41,127,60,177,47,26,161,115,152,49,54,197,168,74,37,94,118,124,44,34,108,174,196,167,15,156,21,73,82,131,110,181,68,123,45,138,126,143,160,173,18,199,12,7,136,89,46,164,4,84,122,25,23,77,57,186,170,176,72,154,172,59,11,182,139,135,191,48,50,56,92,147,67,32,61,38,165,193,9,33,16,91,88,70,71,162,20,188,144,184,35,157,78,128,101,86,76,80,100,30,134,27,195,97,58,151,175,6,1,117,2,169,142,163,158,62,120,3,95,149,107,55,14,13,111,52,148,83,129,24,150,103,105,69,159,40,116,104,99,106,194,180,178,192,10,66,145,102,185,171,0,85,140,17,53,155,146,63,31,183,65,125,190,109,130,5,39,113,43,187,179,96,141,98,114,64,79,42,119,132,75,137,133,81,153,166,189,28,8,36,22,112,93,19,87,121,51];True
3067;6706;9773;[198,29,90,41,127,60,177,47,26,161,115,152,49,54,197,168,74,37,94,118,124,44,34,108,174,196,167,15,156,21,73,82,131,110,181,68,123,45,138,126,143,160,173,18,199,12,7,136,89,46,164,4,84,122,25,23,77,57,186,170,176,72,154,172,59,11,182,139,135,191,48,50,56,92,147,67,32,61,38,165,193,9,33,16,91,88,70,71,162,20,188,144,184,35,157,78,128,101,86,76,80,100,30,134,27,2,97,58,151,175,6,1,117,195,169,142,137,158,62,120,3,95,149,107,55,14,13,111,52,148,83,129,24,150,103,105,69,159,40,116,104,99,106,194,180,178,192,10,66,145,102,185,171,0,85,140,17,53,155,146,63,31,183,65,125,190,109,130,5,39,113,43,187,179,96,141,98,114,64,79,42,119,132,75,163,133,81,153,166,189,28,8,36,22,112,93,19,87,121,51];True
3075;6705;9780;[198,29,90,41,127,60,177,47,26,161,115,152,49,54,197,168,74,37,94,118,124,44,34,108,174,196,167,15,156,21,73,82,131,110,181,68,123,45,138,126,143,160,173,18,199,12,7,136,89,46,164,4,84,122,25,23,77,57,186,170,176,72,154,172,59,11,182,139,135,191,48,50,56,92,147,67,32,61,19,165,193,9,33,16,91,88,70,71,162,20,188,144,184,35,157,78,128,101,86,76,80,100,30,134,27,195,97,58,151,175,6,1,117,2,169,142,137,158,62,120,3,95,149,107,55,14,13,111,52,148,83,129,24,150,103,105,69,159,40,116,140,99,106,194,180,178,192,10,66,145,102,185,171,0,85,104,17,53,155,146,63,31,183,65,125,190,109,130,5,39,113,43,187,179,96,141,98,114,64,79,42,119,132,75,163,133,81,153,166,189,28,8,36,22,112,93,38,87,121,51];True
3077;6704;9781;[198,29,90,41,127,60,42,47,26,161,115,152,49,54,197,168,74,37,94,118,124,44,34,108,174,196,167,15,156,21,73,82,131,110,181,68,140,184,138,126,143,160,173,18,199,12,7,136,89,46,164,4,84,122,25,23,77,57,186,170,176,72,154,172,59,11,182,139,135,191,48,50,56,92,147,67,32,61,45,165,193,19,33,16,91,88,70,71,162,20,188,144,9,38,157,78,128,101,86,76,80,100,30,134,27,195,97,58,151,175,6,1,117,2,169,142,137,158,62,120,3,95,149,107,55,14,13,111,52,148,83,129,24,150,103,105,69,159,40,116,123,99,106,194,180,178,192,10,66,145,102,185,171,0,85,104,17,53,155,146,63,31,183,65,125,190,109,130,5,39,113,43,187,179,96,177,98,114,64,79,141,119,132,75,163,133,81,153,166,189,28,8,36,22,112,93,35,87,121,51];True
3081;6703;9784;[198,29,90,41,127,60,177,47,26,161,115,152,49,54,197,168,74,37,94,118,124,44,34,108,174,196,167,15,156,21,73,82,131,110,181,68,123,45,138,126,143,160,173,18,199,12,7,136,89,46,164,4,84,122,25,23,77,57,186,170,176,72,154,172,59,11,182,139,135,191,48,50,56,92,147,67,32,61,38,165,193,9,33,16,91,88,70,71,162,20,188,144,184,35,157,78,128,101,86,76,80,100,30,134,27,195,97,58,151,175,6,1,117,2,169,142,163,158,62,120,3,95,149,107,55,14,13,111,52,148,83,129,24,150,103,105,69,159,40,116,140,99,106,194,180,178,192,10,66,145,102,185,171,0,85,104,17,53,155,146,63,31,183,65,125,190,109,130,5,39,113,43,187,179,96,141,98,114,64,79,42,119,132,75,137,133,81,153,166,189,28,8,36,22,112,93,19,87,121,51];True
3087;6697;9784;[198,29,90,41,127,60,42,47,26,161,115,152,49,54,197,168,74,37,94,118,124,44,34,108,174,196,167,15,156,21,73,82,131,110,181,68,140,184,138,126,143,160,173,18,199,12,7,136,89,46,164,4,84,122,25,23,77,57,186,170,176,72,154,172,59,11,182,139,135,191,48,50,56,92,147,67,32,61,45,165,193,19,33,16,91,88,70,71,162,20,188,144,9,35,157,78,128,101,86,76,80,100,30,134,27,195,97,58,151,175,6,1,117,2,169,142,137,158,62,120,3,95,149,107,55,14,13,111,52,148,83,129,24,150,103,105,69,159,40,116,123,99,106,194,180,178,192,10,66,145,102,185,171,0,85,104,17,53,155,146,63,31,183,65,125,190,109,130,5,39,113,43,187,179,96,177,98,114,64,79,141,119,132,75,163,133,81,153,166,189,28,8,36,22,112,93,38,87,121,51];True
3086;6701;9787;[198,29,90,41,127,60,177,47,26,161,115,152,49,54,197,168,74,37,94,118,124,44,34,108,174,196,167,15,156,21,73,82,131,110,181,68,123,45,138,126,143,160,173,18,199,12,7,136,89,46,164,4,84,122,25,23,77,57,186,170,176,72,154,172,59,11,182,139,135,191,48,50,56,92,147,67,32,61,38,165,193,9,33,16,91,88,70,71,162,20,188,144,184,35,157,78,128,101,86,76,80,100,30,134,27,195,97,58,151,175,6,1,117,2,169,142,137,158,62,120,3,95,149,107,55,14,13,111,52,148,83,129,24,150,103,105,69,159,40,116,104,99,106,194,180,178,192,109,66,145,102,185,171,0,85,140,17,53,155,146,63,31,183,65,125,190,10,130,5,39,113,43,187,179,96,141,98,114,64,79,42,119,132,75,163,133,81,153,166,189,28,8,36,22,112,93,19,87,121,51];True
3095;6696;9791;[198,29,90,41,127,60,42,47,26,161,115,152,49,54,197,168,74,37,94,118,124,44,34,108,174,196,167,15,156,21,73,82,131,110,181,68,140,184,138,126,143,160,173,18,199,12,7,136,89,46,164,4,84,122,25,23,77,57,186,170,176,72,154,172,59,11,182,139,135,191,48,50,56,92,147,67,32,61,45,165,193,19,33,16,91,88,70,71,162,20,188,144,9,35,157,78,128,101,86,76,80,100,30,134,27,195,97,58,151,175,6,1,117,2,169,142,137,158,62,120,3,95,149,107,55,14,13,111,52,148,83,129,24,150,103,105,69,159,40,116,123,99,106,194,180,178,192,10,66,145,102,185,171,0,85,104,17,53,155,146,63,31,183,65,125,190,109,130,5,39,113,43,187,179,96,141,98,114,64,79,177,119,132,75,163,133,81,153,166,189,28,8,36,22,112,93,38,87,121,51];True
3111;6692;9803;[198,29,90,41,127,60,42,47,26,161,115,152,49,54,197,168,74,37,94,118,124,44,34,108,174,196,167,15,156,21,73,82,131,110,181,68,140,184,138,126,143,160,173,18,199,12,7,136,89,46,164,4,84,122,25,23,77,57,186,170,176,72,154,172,59,11,182,139,135,191,48,50,56,92,147,67,32,61,45,165,193,19,33,16,91,88,70,71,162,20,188,144,9,35,157,78,128,101,86,76,80,100,30,134,27,195,97,58,151,175,6,1,117,2,169,142,163,158,62,120,3,95,149,107,55,14,13,111,52,148,83,129,24,150,103,105,69,159,40,116,123,99,106,194,180,178,192,10,66,145,102,185,171,0,85,104,17,53,155,146,63,31,183,65,125,190,109,130,5,39,113,43,187,179,96,177,98,114,64,79,141,119,132,75,137,133,81,153,166,189,28,8,36,22,112,93,38,87,121,51];True
3121;6686;9807;[198,29,90,41,127,60,177,47,26,161,115,152,49,54,197,168,74,37,94,118,124,44,34,108,174,196,167,15,156,21,73,82,131,110,181,68,140,184,138,126,143,160,173,18,199,12,7,136,89,46,164,4,84,122,25,23,77,57,186,170,176,72,154,172,59,11,182,139,135,191,48,50,56,92,147,67,32,61,45,165,193,19,33,16,91,88,70,71,162,20,188,144,9,35,157,78,128,101,86,76,80,100,30,134,27,195,97,58,151,175,6,1,117,2,169,142,137,158,62,120,3,95,149,107,55,14,13,111,52,148,83,129,24,150,103,105,69,159,40,116,123,99,106,194,180,178,192,10,66,145,102,185,171,0,85,104,17,53,155,146,63,31,183,65,125,190,109,130,5,39,113,43,187,179,96,141,98,114,64,79,42,119,132,75,163,133,81,153,166,189,28,8,36,22,112,93,38,87,121,51];True
3119;6691;9810;[198,29,90,41,127,60,42,47,26,161,115,152,49,54,197,168,74,37,94,118,124,44,34,108,174,196,167,15,156,21,73,82,131,110,181,68,140,184,138,126,143,160,173,18,199,12,7,136,89,46,164,4,84,122,25,23,77,57,186,170,176,72,154,172,59,11,182,139,135,191,48,50,56,92,147,67,32,61,45,165,193,19,33,16,91,88,70,71,162,20,188,144,9,35,157,78,128,101,86,76,80,100,30,134,27,195,97,58,151,175,6,1,117,2,169,142,163,158,62,120,3,95,149,107,55,14,13,111,52,148,83,129,24,150,103,105,69,159,40,116,123,99,106,194,180,178,192,10,66,145,102,185,171,0,85,104,17,53,155,146,63,31,183,65,125,190,109,130,5,39,113,43,187,179,96,141,98,114,64,79,177,119,132,75,137,133,81,153,166,189,28,8,36,22,112,93,38,87,121,51];True
3141;6683;9824;[198,29,90,41,127,60,42,47,26,161,115,152,49,54,197,168,74,37,94,118,124,44,34,108,174,196,167,15,156,21,73,82,131,110,181,68,140,184,138,126,143,160,173,18,199,12,7,136,89,46,164,4,84,122,25,23,77,57,186,170,176,72,154,172,59,11,182,139,135,191,48,50,56,92,147,67,32,61,45,165,193,19,33,16,91,88,70,71,162,20,188,144,9,35,157,78,128,101,86,76,80,100,30,134,27,195,97,58,151,175,6,1,117,2,169,142,137,158,62,120,3,95,149,107,55,14,13,111,52,148,83,129,24,150,103,105,69,159,40,116,123,99,106,194,180,178,192,109,66,145,102,185,171,0,85,104,17,53,155,146,63,31,183,65,125,190,10,130,5,39,113,43,187,179,96,177,98,114,64,79,141,119,132,75,163,133,81,153,166,189,28,8,36,22,112,93,38,87,121,51];True
3145;6681;9826;[198,29,90,41,127,60,177,47,26,161,115,152,49,54,197,168,74,37,94,118,124,44,34,108,174,196,167,15,156,21,73,82,131,110,181,68,140,184,138,126,143,160,173,18,199,12,7,136,89,46,164,4,84,122,25,23,77,57,186,170,176,72,154,172,59,11,182,139,135,191,48,50,56,92,147,67,32,61,45,165,193,19,33,16,91,88,70,71,162,20,188,144,9,35,157,78,128,101,86,76,80,100,30,134,27,195,97,58,151,175,6,1,117,2,169,142,163,158,62,120,3,95,149,107,55,14,13,111,52,148,83,129,24,150,103,105,69,159,40,116,123,99,106,194,180,178,192,10,66,145,102,185,171,0,85,104,17,53,155,146,63,31,183,65,125,190,109,130,5,39,113,43,187,179,96,141,98,114,64,79,42,119,132,75,137,133,81,153,166,189,28,8,36,22,112,93,38,87,121,51];True
3156;6677;9833;[198,29,90,41,127,60,177,47,26,161,115,152,49,54,197,168,74,37,94,118,124,44,34,108,174,196,167,15,156,21,73,82,131,110,181,68,140,184,138,126,143,160,173,18,199,12,7,136,89,46,164,4,84,122,25,23,77,57,186,170,176,72,154,172,59,11,182,139,135,191,48,50,56,92,147,67,32,61,45,165,193,19,33,16,91,88,70,71,162,20,188,144,9,35,157,78,128,101,86,76,80,100,30,134,27,2,97,58,151,175,6,1,117,195,169,142,137,158,62,120,3,95,149,107,55,14,13,111,52,148,83,129,24,150,103,105,69,159,40,116,123,99,106,194,180,178,192,10,66,145,102,185,171,0,85,104,17,53,155,146,63,31,183,65,125,190,109,130,5,39,113,43,187,179,96,141,98,114,64,79,42,119,132,75,163,133,81,153,166,189,28,8,36,22,112,93,38,87,121,51];True
3175;6672;9847;[198,29,90,41,127,60,177,47,26,161,115,152,49,54,197,168,74,37,94,118,124,44,34,108,174,196,167,15,156,21,73,82,131,110,181,68,140,184,138,126,143,160,173,18,199,12,7,136,89,46,164,4,84,122,25,23,77,57,186,170,176,72,154,172,59,11,182,139,135,191,48,50,56,92,147,67,32,61,45,165,193,19,33,16,91,88,70,71,162,20,188,144,9,35,157,78,128,101,86,76,80,100,30,134,27,195,97,58,151,175,6,1,117,2,169,142,137,158,62,120,3,95,149,107,55,14,13,111,52,148,83,129,24,150,103,105,69,159,40,116,123,99,106,194,180,178,192,109,66,145,102,185,171,0,85,104,17,53,155,146,63,31,183,65,125,190,10,130,5,39,113,43,187,179,96,141,98,114,64,79,42,119,132,75,163,133,81,153,166,189,28,8,36,22,112,93,38,87,121,51];True
3195;6671;9866;[198,29,90,41,127,60,177,47,26,161,115,152,49,54,197,168,74,37,94,118,124,44,34,108,174,196,167,15,156,21,73,82,131,110,181,68,123,45,138,126,143,160,173,18,199,12,7,136,89,46,164,4,84,122,25,23,77,57,186,170,176,72,154,172,59,11,182,139,135,191,48,50,56,92,147,67,32,61,184,165,193,19,33,16,91,88,70,71,162,20,188,144,9,35,157,78,128,101,86,76,80,100,30,134,27,195,97,58,151,175,6,1,117,2,169,142,137,158,62,120,3,95,149,107,55,14,13,111,52,148,83,129,24,150,103,105,69,159,40,116,140,99,106,194,180,178,192,10,66,145,102,185,171,0,85,104,17,53,155,146,63,31,183,65,125,190,109,130,5,39,113,43,187,179,96,141,98,114,64,79,42,119,132,75,163,133,81,153,166,189,28,8,36,22,112,93,38,87,121,51];True
3199;6667;9866;[198,29,90,41,127,60,177,47,26,161,115,152,49,54,197,168,74,37,94,118,124,44,34,108,174,196,167,15,156,21,73,82,131,110,181,68,140,184,138,126,143,160,173,18,199,12,7,136,89,46,164,4,84,122,25,23,77,57,186,170,176,72,154,172,59,11,182,139,135,191,48,50,56,92,147,67,32,61,45,165,193,19,33,16,91,88,70,71,162,20,188,144,9,35,157,78,128,101,86,76,80,100,30,134,27,195,97,58,151,175,6,1,117,2,169,142,163,158,62,120,3,95,149,107,55,14,13,111,52,148,83,129,24,150,103,105,69,159,40,116,123,99,106,194,180,178,192,109,66,145,102,185,171,0,85,104,17,53,155,146,63,31,183,65,125,190,10,130,5,39,113,43,187,179,96,141,98,114,64,79,42,119,132,75,137,133,81,153,166,189,28,8,36,22,112,93,38,87,121,51];True
3210;6663;9873;[198,29,90,41,127,60,177,47,26,161,115,152,49,54,197,168,74,37,94,118,124,44,34,108,174,196,167,15,156,21,73,82,131,110,181,68,140,184,138,126,143,160,173,18,199,12,7,136,89,46,164,4,84,122,25,23,77,57,186,170,176,72,154,172,59,11,182,139,135,191,48,50,56,92,147,67,32,61,45,165,193,19,33,16,91,88,70,71,162,20,188,144,9,35,157,78,128,101,86,76,80,100,30,134,27,2,97,58,151,175,6,1,117,195,169,142,137,158,62,120,3,95,149,107,55,14,13,111,52,148,83,129,24,150,103,105,69,159,40,116,123,99,106,194,180,178,192,109,66,145,102,185,171,0,85,104,17,53,155,146,63,31,183,65,125,190,10,130,5,39,113,43,187,179,96,141,98,114,64,79,42,119,132,75,163,133,81,153,166,189,28,8,36,22,112,93,38,87,121,51];True
3234;6658;9892;[198,29,90,41,127,60,177,47,26,161,115,152,49,54,197,168,74,37,94,118,124,44,34,108,174,196,167,15,156,21,73,82,131,110,181,68,140,184,138,126,143,160,173,18,199,12,7,136,89,46,164,4,84,122,25,23,77,57,186,170,176,72,154,172,59,11,182,139,135,191,48,50,56,92,147,67,32,61,45,165,193,19,33,16,91,88,70,71,162,20,188,144,9,35,157,78,128,101,86,76,80,100,30,134,27,2,97,58,151,175,6,1,117,195,169,142,163,158,62,120,3,95,149,107,55,14,13,111,52,148,83,129,24,150,103,105,69,159,40,116,123,99,106,194,180,178,192,109,66,145,102,185,171,0,85,104,17,53,155,146,63,31,183,65,125,190,10,130,5,39,113,43,187,179,96,141,98,114,64,79,42,119,132,75,137,133,81,153,166,189,28,8,36,22,112,93,38,87,121,51];True
3230;6662;9892;[198,29,90,41,127,60,177,47,26,161,115,152,49,54,197,168,74,37,94,118,124,44,34,108,174,196,167,15,156,21,73,82,131,110,181,68,123,45,138,126,143,160,173,18,199,12,7,136,89,46,164,4,84,122,25,23,77,57,186,170,176,72,154,172,59,11,182,139,135,191,48,50,56,92,147,67,32,61,184,165,193,19,33,16,91,88,70,71,162,20,188,144,9,35,157,78,128,101,86,76,80,100,30,134,27,2,97,58,151,175,6,1,117,195,169,142,137,158,62,120,3,95,149,107,55,14,13,111,52,148,83,129,24,150,103,105,69,159,40,116,140,99,106,194,180,178,192,10,66,145,102,185,171,0,85,104,17,53,155,146,63,31,183,65,125,190,109,130,5,39,113,43,187,179,96,141,98,114,64,79,42,119,132,75,163,133,81,153,166,189,28,8,36,22,112,93,38,87,121,51];True
3249;6657;9906;[198,29,90,41,127,60,177,47,26,161,115,152,49,54,197,168,74,37,94,118,124,44,34,108,174,196,167,15,156,21,73,82,131,110,181,68,123,45,138,126,143,160,173,18,199,12,7,136,89,46,164,4,84,122,25,23,77,57,186,170,176,72,154,172,59,11,182,139,135,191,48,50,56,92,147,67,32,61,184,165,193,19,33,16,91,88,70,71,162,20,188,144,9,35,157,78,128,101,86,76,80,100,30,134,27,195,97,58,151,175,6,1,117,2,169,142,137,158,62,120,3,95,149,107,55,14,13,111,52,148,83,129,24,150,103,105,69,159,40,116,140,99,106,194,180,178,192,109,66,145,102,185,171,0,85,104,17,53,155,146,63,31,183,65,125,190,10,130,5,39,113,43,187,179,96,141,98,114,64,79,42,119,132,75,163,133,81,153,166,189,28,8,36,22,112,93,38,87,121,51];True
3254;6656;9910;[198,29,90,41,127,60,177,47,26,161,115,152,49,54,197,168,74,37,94,118,124,44,34,108,174,196,167,15,156,21,73,82,131,110,181,68,140,184,138,126,143,160,173,18,171,12,7,136,89,46,164,4,84,122,25,23,77,57,186,170,176,72,154,172,59,11,182,139,135,191,48,50,56,92,147,67,32,61,45,165,193,19,33,16,91,88,70,71,162,20,188,144,9,35,157,78,128,101,86,76,80,100,30,134,27,195,97,58,151,175,6,1,117,2,169,142,137,158,62,120,3,95,149,107,55,14,13,111,52,148,83,129,24,150,103,105,69,159,40,116,123,99,106,194,180,178,192,109,66,145,102,185,199,0,85,104,17,53,155,146,63,31,183,65,125,190,10,130,5,39,113,43,187,179,96,141,98,114,64,79,42,119,132,75,163,133,81,153,166,189,28,8,36,22,112,93,38,87,121,51];True
3259;6655;9914;[198,29,90,41,127,60,177,47,26,161,115,152,49,54,197,168,74,37,94,118,124,44,34,108,174,196,167,15,156,21,73,82,131,110,181,68,123,45,138,126,143,160,173,18,199,12,7,136,89,46,164,4,84,122,25,23,77,57,186,170,176,72,154,172,59,11,182,139,135,191,48,50,56,92,147,67,32,61,184,165,193,19,33,16,91,88,70,71,162,20,188,144,9,35,157,78,128,101,86,76,80,100,30,134,27,2,97,58,151,175,6,1,117,195,169,142,137,158,62,120,3,95,149,107,55,14,13,111,52,148,83,129,24,150,103,105,69,159,40,116,104,99,106,194,180,178,192,109,66,145,102,185,171,0,85,140,17,53,155,146,63,31,183,65,125,190,10,130,5,39,113,43,187,179,96,141,98,114,64,79,42,119,132,75,163,133,81,153,166,189,28,8,36,22,112,93,38,87,121,51];True
3264;6654;9918;[198,29,90,41,127,60,177,47,26,161,115,152,49,54,197,123,74,37,94,118,124,168,17,108,174,196,167,15,156,21,73,82,131,110,181,68,9,45,138,126,143,160,173,18,199,12,7,136,89,46,164,4,84,122,25,23,77,57,186,170,176,72,154,172,59,11,182,139,135,191,48,50,56,92,147,67,32,61,38,165,193,28,44,16,91,88,70,71,162,20,188,144,184,8,157,78,128,101,86,76,80,100,30,134,27,2,97,58,151,175,6,1,117,195,169,142,137,158,62,120,3,95,149,107,55,14,13,111,52,148,83,129,24,150,103,105,69,159,40,116,104,99,106,194,180,178,192,10,66,145,102,185,171,0,85,140,34,53,155,146,63,31,183,65,125,190,109,130,5,39,113,43,187,179,96,141,98,114,64,79,42,119,132,75,163,133,81,153,166,189,33,35,36,22,112,93,19,87,121,51];True
3269;6653;9922;[198,29,90,41,127,60,177,47,26,161,115,152,49,54,197,168,74,37,94,118,124,44,34,108,174,196,167,15,156,21,73,82,131,110,181,68,123,45,138,126,143,160,173,18,199,12,7,136,89,46,164,4,84,122,25,23,77,57,186,170,176,72,154,172,59,11,182,139,135,191,48,50,56,92,147,67,32,61,28,165,193,19,33,16,91,88,70,71,162,20,188,144,9,35,157,78,128,101,86,76,80,100,30,134,27,2,97,58,151,175,6,1,117,195,169,142,163,158,62,120,3,95,149,107,55,14,13,111,52,148,83,129,24,150,103,105,69,159,40,116,140,99,106,194,180,178,192,109,66,145,102,185,171,0,85,104,17,53,155,146,63,31,183,65,125,190,10,130,5,39,113,43,187,179,96,141,98,114,64,79,42,119,132,75,137,133,81,153,166,189,184,8,36,22,112,93,38,87,121,51];True
3273;6652;9925;[198,29,90,41,127,60,177,47,26,161,115,152,49,54,197,168,74,37,94,118,124,44,34,108,174,196,167,15,156,21,73,82,131,110,181,68,123,45,138,126,143,160,173,18,199,12,7,136,89,46,164,4,84,122,25,23,77,57,186,170,176,72,154,172,59,11,182,139,135,191,48,50,56,92,147,67,32,61,184,165,193,19,33,16,91,88,70,71,162,20,188,144,9,35,157,78,128,101,86,76,80,100,30,134,27,195,97,58,151,175,6,1,117,2,169,142,163,158,62,120,3,95,149,107,55,14,13,111,52,148,83,129,24,150,103,105,69,159,40,116,140,99,106,194,180,178,192,109,66,145,102,185,171,0,85,104,17,53,155,146,63,31,183,65,125,190,10,130,5,39,113,43,187,179,96,141,98,114,64,79,42,119,132,75,137,133,81,153,166,189,28,8,36,22,112,93,38,87,121,51];True
3278;6650;9928;[198,29,90,41,127,60,177,47,26,161,115,152,49,54,197,123,74,37,94,118,124,168,34,108,174,196,167,15,156,21,73,82,131,110,181,68,9,45,138,126,143,160,173,18,199,12,7,136,89,46,164,4,84,122,25,23,77,57,186,170,176,72,154,172,59,11,182,139,135,191,48,50,56,92,147,67,32,61,38,165,193,28,44,16,91,88,70,71,162,20,188,144,184,8,157,78,128,101,86,76,80,100,30,134,27,195,97,58,151,175,6,1,117,2,169,142,137,158,62,120,3,95,149,107,55,14,13,111,52,148,83,129,24,150,103,105,69,159,40,116,140,99,106,194,180,178,192,10,66,145,102,185,171,0,85,104,17,53,155,146,63,31,183,65,125,190,109,130,5,39,113,43,187,179,96,141,98,114,64,79,42,119,132,75,163,133,81,153,166,189,33,35,36,22,112,93,19,87,121,51];True
3283;6649;9932;[198,29,90,41,127,60,177,47,26,161,115,152,49,54,197,123,74,37,94,118,124,168,17,108,174,196,167,15,156,21,73,82,131,110,181,68,9,45,138,126,143,160,173,18,199,12,7,136,89,46,164,4,84,122,25,23,77,57,186,170,176,72,154,172,59,11,182,139,135,191,48,50,56,92,147,67,32,61,38,165,193,28,44,16,91,88,70,71,162,20,188,144,184,8,157,78,128,101,86,76,80,100,30,134,27,195,97,58,151,175,6,1,117,2,169,142,137,158,62,120,3,95,149,107,55,14,13,111,52,148,83,129,24,150,103,105,69,159,40,116,104,99,106,194,180,178,192,109,66,145,102,185,171,0,85,140,34,53,155,146,63,31,183,65,125,190,10,130,5,39,113,43,187,179,96,141,98,114,64,79,42,119,132,75,163,133,81,153,166,189,33,35,36,22,112,93,19,87,121,51];True
3284;6648;9932;[198,29,90,41,127,60,177,47,26,161,115,152,49,54,197,168,74,37,94,118,124,44,34,108,174,196,167,15,156,21,73,82,131,110,181,68,123,45,138,126,143,160,173,18,199,12,7,136,89,46,164,4,84,122,25,23,77,57,186,170,176,72,154,172,59,11,182,139,135,191,48,50,56,92,147,67,32,61,184,165,193,19,33,16,91,88,70,71,162,20,188,144,9,35,157,78,128,101,86,76,80,100,30,134,27,2,97,58,151,175,6,1,117,195,169,142,137,158,62,120,3,95,149,107,55,14,13,111,52,148,83,129,24,150,103,105,69,159,40,116,140,99,106,194,180,178,192,109,66,145,102,185,171,0,85,104,17,53,155,146,63,31,183,65,125,190,10,130,5,39,113,43,187,179,96,141,98,114,64,79,42,119,132,75,163,133,81,153,166,189,28,8,36,22,112,93,38,87,121,51];True
3289;6647;9936;[198,29,90,41,127,60,177,47,26,161,115,152,49,54,197,168,74,37,94,118,124,44,34,108,174,196,167,15,156,21,73,82,131,110,181,68,140,184,138,126,143,160,173,18,171,12,7,136,89,46,164,4,84,122,25,23,77,57,186,170,176,72,154,172,59,11,182,139,135,191,48,50,56,92,147,67,32,61,45,165,193,19,33,16,91,88,70,71,162,20,188,144,9,35,157,78,128,101,86,76,80,100,30,134,27,2,97,58,151,175,6,1,117,195,169,142,137,158,62,120,3,95,149,107,55,14,13,111,52,148,83,129,24,150,103,105,69,159,40,116,123,99,106,194,180,178,192,109,66,145,102,185,199,0,85,104,17,53,155,146,63,31,183,65,125,190,10,130,5,39,113,43,187,179,96,141,98,114,64,79,42,119,132,75,163,133,81,153,166,189,28,8,36,22,112,93,38,87,121,51];True
3301;6646;9947;[198,29,90,41,127,60,177,47,26,161,115,152,49,54,197,123,74,37,94,118,124,168,17,108,174,196,167,15,156,21,73,82,131,110,181,68,9,45,138,126,143,160,173,18,199,12,7,136,89,46,164,4,84,122,25,23,77,57,186,170,176,72,154,172,59,11,182,139,135,191,48,50,56,92,147,67,32,61,19,165,193,28,44,16,91,88,70,71,162,20,188,144,184,8,157,78,128,101,86,76,80,100,30,134,27,195,97,58,151,175,6,1,117,2,169,142,137,158,62,120,3,95,149,107,55,14,13,111,52,148,83,129,24,150,103,105,69,159,40,116,104,99,106,194,180,178,192,109,66,145,102,185,171,0,85,140,34,53,155,146,63,31,183,65,125,190,10,130,5,39,113,43,187,179,96,141,98,114,64,79,42,119,132,75,163,133,81,153,166,189,33,35,36,22,112,93,38,87,121,51];True
3302;6645;9947;[198,29,90,41,127,60,177,47,26,161,115,152,49,54,197,123,74,37,94,118,124,168,34,108,174,196,167,15,156,21,73,82,131,110,181,68,9,45,138,126,143,160,173,18,199,12,7,136,89,46,164,4,84,122,25,23,77,57,186,170,176,72,154,172,59,11,182,139,135,191,48,50,56,92,147,67,32,61,38,165,193,28,44,16,91,88,70,71,162,20,188,144,184,8,157,78,128,101,86,76,80,100,30,134,27,195,97,58,151,175,6,1,117,2,169,142,163,158,62,120,3,95,149,107,55,14,13,111,52,148,83,129,24,150,103,105,69,159,40,116,140,99,106,194,180,178,192,10,66,145,102,185,171,0,85,104,17,53,155,146,63,31,183,65,125,190,109,130,5,39,113,43,187,179,96,141,98,114,64,79,42,119,132,75,137,133,81,153,166,189,33,35,36,22,112,93,19,87,121,51];True
3307;6643;9950;[198,29,90,41,127,60,177,47,26,161,115,152,49,54,197,123,74,37,94,118,124,168,34,108,174,196,167,15,156,21,73,82,131,110,181,68,9,45,138,126,143,160,173,18,199,12,7,136,89,46,164,4,84,122,25,23,77,57,186,170,176,72,154,172,59,11,182,139,135,191,48,50,56,92,147,67,32,61,38,165,193,28,44,16,91,88,70,71,162,20,188,144,184,8,157,78,128,101,86,76,80,100,30,134,27,195,97,58,151,175,6,1,117,2,169,142,137,158,62,120,3,95,149,107,55,14,13,111,52,148,83,129,24,150,103,105,69,159,40,116,104,99,106,194,180,178,192,109,66,145,102,185,171,0,85,140,17,53,155,146,63,31,183,65,125,190,10,130,5,39,113,43,187,179,96,141,98,114,64,79,42,119,132,75,163,133,81,153,166,189,33,35,36,22,112,93,19,87,121,51];True
3313;6641;9954;[198,29,90,41,127,60,177,47,26,161,115,152,49,54,197,123,74,37,94,118,124,168,34,108,174,196,167,15,156,21,73,82,131,110,181,68,9,45,138,126,143,160,173,18,199,12,7,136,89,46,164,4,84,122,25,23,77,57,186,170,176,72,154,172,59,11,182,139,135,191,48,50,56,92,147,67,32,61,38,165,193,28,44,16,91,88,70,71,162,20,188,144,184,8,157,78,128,101,86,76,80,100,30,134,27,2,97,58,151,175,6,1,117,195,169,142,137,158,62,120,3,95,149,107,55,14,13,111,52,148,83,129,24,150,103,105,69,159,40,116,140,99,106,194,180,178,192,10,66,145,102,185,171,0,85,104,17,53,155,146,63,31,183,65,125,190,109,130,5,39,113,43,187,179,96,141,98,114,64,79,42,119,132,75,163,133,81,153,166,189,33,35,36,22,112,93,19,87,121,51];True
3318;6640;9958;[198,29,90,41,127,60,177,47,26,161,115,152,49,54,197,123,74,37,94,118,124,168,17,108,174,196,167,15,156,21,73,82,131,110,181,68,9,45,138,126,143,160,173,18,199,12,7,136,89,46,164,4,84,122,25,23,77,57,186,170,176,72,154,172,59,11,182,139,135,191,48,50,56,92,147,67,32,61,38,165,193,28,44,16,91,88,70,71,162,20,188,144,184,8,157,78,128,101,86,76,80,100,30,134,27,2,97,58,151,175,6,1,117,195,169,142,137,158,62,120,3,95,149,107,55,14,13,111,52,148,83,129,24,150,103,105,69,159,40,116,104,99,106,194,180,178,192,109,66,145,102,185,171,0,85,140,34,53,155,146,63,31,183,65,125,190,10,130,5,39,113,43,187,179,96,141,98,114,64,79,42,119,132,75,163,133,81,153,166,189,33,35,36,22,112,93,19,87,121,51];True
3332;6636;9968;[198,29,90,41,127,60,177,47,26,161,115,152,49,54,197,123,74,37,94,118,124,168,34,108,174,196,167,15,156,21,73,82,131,110,181,68,9,45,138,126,143,160,173,18,199,12,7,136,89,46,164,4,84,122,25,23,77,57,186,170,176,72,154,172,59,11,182,139,135,191,48,50,56,92,147,67,32,61,38,165,193,28,44,16,91,88,70,71,162,20,188,144,184,8,157,78,128,101,86,76,80,100,30,134,27,195,97,58,151,175,6,1,117,2,169,142,137,158,62,120,3,95,149,107,55,14,13,111,52,148,83,129,24,150,103,105,69,159,40,116,140,99,106,194,180,178,192,109,66,145,102,185,171,0,85,104,17,53,155,146,63,31,183,65,125,190,10,130,5,39,113,43,187,179,96,141,98,114,64,79,42,119,132,75,163,133,81,153,166,189,33,35,36,22,112,93,19,87,121,51];True
3331;6638;9969;[198,29,90,41,127,60,177,47,26,161,115,152,49,54,197,123,74,37,94,118,124,168,34,108,174,196,167,15,156,21,73,82,131,110,181,68,9,45,138,126,143,160,173,18,199,12,7,136,89,46,164,4,84,122,25,23,77,57,186,170,176,72,154,172,59,11,182,139,135,191,48,50,56,92,147,67,32,61,38,165,193,28,44,16,91,88,70,71,162,20,188,144,184,8,157,78,128,101,86,76,80,100,30,134,27,195,97,58,151,175,6,1,117,2,169,142,163,158,62,120,3,95,149,107,55,14,13,111,52,148,83,129,24,150,103,105,69,159,40,116,104,99,106,194,180,178,192,109,66,145,102,185,171,0,85,140,17,53,155,146,63,31,183,65,125,190,10,130,5,39,113,43,187,179,96,141,98,114,64,79,42,119,132,75,137,133,81,153,166,189,33,35,36,22,112,93,19,87,121,51];True
3342;6634;9976;[198,29,90,41,127,60,177,47,26,161,115,152,49,54,197,123,74,37,94,118,124,168,34,108,174,196,167,15,156,21,73,82,131,110,181,68,9,45,138,126,143,160,173,18,199,12,7,136,89,46,164,4,84,122,25,23,77,57,186,170,176,72,154,172,59,11,182,139,135,191,48,50,56,92,147,67,32,61,38,165,193,28,44,16,91,88,70,71,162,20,188,144,184,8,157,78,128,101,86,76,80,100,30,134,27,2,97,58,151,175,6,1,117,195,169,142,137,158,62,120,3,95,149,107,55,14,13,111,52,148,83,129,24,150,103,105,69,159,40,116,104,99,106,194,180,178,192,109,66,145,102,185,171,0,85,140,17,53,155,146,63,31,183,65,125,190,10,130,5,39,113,43,187,179,96,141,98,114,64,79,42,119,132,75,163,133,81,153,166,189,33,35,36,22,112,93,19,87,121,51];True
3348;6633;9981;[198,29,90,41,127,60,177,47,26,161,115,152,49,54,197,123,74,37,94,118,124,168,17,108,174,196,167,15,156,21,73,82,137,86,181,68,9,45,138,126,143,160,173,18,199,12,7,136,89,46,164,4,84,122,25,23,77,57,186,170,176,72,154,172,59,11,182,139,135,191,48,50,56,92,147,67,32,61,38,165,193,28,44,16,91,88,70,71,162,20,188,144,184,8,157,78,128,101,185,76,80,100,30,134,27,2,97,58,151,175,6,1,117,195,169,142,131,158,62,120,3,95,149,107,55,14,13,111,52,148,83,129,24,150,103,105,69,159,40,116,104,99,106,194,180,178,192,10,66,145,102,110,171,0,85,140,34,53,155,146,63,31,183,65,125,190,109,130,5,39,113,43,187,179,96,141,98,114,64,79,42,119,132,75,163,133,81,153,166,189,33,35,36,22,112,93,19,87,121,51];True
3356;6631;9987;[198,29,90,41,127,60,177,47,26,161,115,152,49,54,197,123,74,37,94,118,124,168,34,108,174,196,167,15,156,21,73,82,131,110,181,68,9,45,138,126,143,160,173,18,199,12,7,136,89,46,164,4,84,122,25,23,77,57,186,170,176,72,154,172,59,11,182,139,135,191,48,50,56,92,147,67,32,61,38,165,193,28,44,16,91,88,70,71,162,20,188,144,184,8,157,78,128,101,86,76,80,100,30,134,27,195,97,58,151,175,6,1,117,2,169,142,163,158,62,120,3,95,149,107,55,14,13,111,52,148,83,129,24,150,103,105,69,159,40,116,140,99,106,194,180,178,192,109,66,145,102,185,171,0,85,104,17,53,155,146,63,31,183,65,125,190,10,130,5,39,113,43,187,179,96,141,98,114,64,79,42,119,132,75,137,133,81,153,166,189,33,35,36,22,112,93,19,87,121,51];True
3362;6629;9991;[198,29,90,41,127,60,177,47,26,161,115,152,49,54,197,123,74,37,94,118,124,168,34,108,174,196,167,15,156,21,73,82,137,86,181,68,9,45,138,126,143,160,173,18,199,12,7,136,89,46,164,4,84,122,25,23,77,57,186,170,176,72,154,172,59,11,182,139,135,191,48,50,56,92,147,67,32,61,38,165,193,28,44,16,91,88,70,71,162,20,188,144,184,8,157,78,128,101,185,76,80,100,30,134,27,195,97,58,151,175,6,1,117,2,169,142,131,158,62,120,3,95,149,107,55,14,13,111,52,148,83,129,24,150,103,105,69,159,40,116,140,99,106,194,180,178,192,10,66,145,102,110,171,0,85,104,17,53,155,146,63,31,183,65,125,190,109,130,5,39,113,43,187,179,96,141,98,114,64,79,42,119,132,75,163,133,81,153,166,189,33,35,36,22,112,93,19,87,121,51];True
3367;6627;9994;[198,29,90,41,127,60,177,47,26,161,115,152,49,54,197,123,74,37,94,118,124,168,34,108,174,196,167,15,156,21,73,82,131,110,181,68,9,45,138,126,143,160,173,18,199,12,7,136,89,46,164,4,84,122,25,23,77,57,186,170,176,72,154,172,59,11,182,139,135,191,48,50,56,92,147,67,32,61,38,165,193,28,44,16,91,88,70,71,162,20,188,144,184,8,157,78,128,101,86,76,80,100,30,134,27,2,97,58,151,175,6,1,117,195,169,142,137,158,62,120,3,95,149,107,55,14,13,111,52,148,83,129,24,150,103,105,69,159,40,116,140,99,106,194,180,178,192,109,66,145,102,185,171,0,85,104,17,53,155,146,63,31,183,65,125,190,10,130,5,39,113,43,187,179,96,141,98,114,64,79,42,119,132,75,163,133,81,153,166,189,33,35,36,22,112,93,19,87,121,51];True
3380;6626;10006;[198,29,90,41,127,60,177,47,26,161,115,152,49,54,197,123,74,37,94,118,124,168,34,108,174,196,167,15,156,21,73,82,137,86,181,68,9,45,138,126,143,160,173,18,199,12,7,136,89,46,164,4,84,122,25,23,77,57,186,170,176,72,154,172,59,11,182,139,135,191,48,50,56,92,147,67,32,61,19,165,193,28,44,16,91,88,70,71,162,20,188,144,184,8,157,78,128,101,185,76,80,100,30,134,27,195,97,58,151,175,6,1,117,2,169,142,131,158,62,120,3,95,149,107,55,14,13,111,52,148,83,129,24,150,103,105,69,159,40,116,140,99,106,194,180,178,192,10,66,145,102,110,171,0,85,104,17,53,155,146,63,31,183,65,125,190,109,130,5,39,113,43,187,179,96,141,98,114,64,79,42,119,132,75,163,133,81,153,166,189,33,35,36,22,112,93,38,87,121,51];True
3385;6624;10009;[198,29,90,41,127,60,177,47,26,161,115,152,49,54,197,123,74,37,94,118,124,168,34,108,174,196,167,15,156,21,73,82,131,110,181,68,9,45,138,126,143,160,173,18,199,12,7,136,89,46,164,4,84,122,25,23,77,57,186,170,176,72,154,172,59,11,182,139,135,191,48,50,56,92,147,67,32,61,19,165,193,28,44,16,91,88,70,71,162,20,188,144,184,8,157,78,128,101,86,76,80,100,30,134,27,2,97,58,151,175,6,1,117,195,169,142,137,158,62,120,3,95,149,107,55,14,13,111,52,148,83,129,24,150,103,105,69,159,40,116,140,99,106,194,180,178,192,109,66,145,102,185,171,0,85,104,17,53,155,146,63,31,183,65,125,190,10,130,5,39,113,43,187,179,96,141,98,114,64,79,42,119,132,75,163,133,81,153,166,189,33,35,36,22,112,93,38,87,121,51];True
3391;6622;10013;[198,29,90,41,127,60,177,47,26,161,115,152,49,54,197,123,74,37,94,118,124,168,34,108,174,196,167,15,156,21,73,82,137,86,181,68,9,45,138,126,143,160,173,18,199,12,7,136,89,46,164,4,84,122,25,23,77,57,186,170,176,72,154,172,59,11,182,139,135,191,48,50,56,92,147,67,32,61,38,165,193,28,44,16,91,88,70,71,162,20,188,144,184,8,157,78,128,101,185,76,80,100,30,134,27,195,97,58,151,175,6,1,117,2,169,142,131,158,62,120,3,95,149,107,55,14,13,111,52,148,83,129,24,150,103,105,69,159,40,116,104,99,106,194,180,178,192,109,66,145,102,110,171,0,85,140,17,53,155,146,63,31,183,65,125,190,10,130,5,39,113,43,187,179,96,141,98,114,64,79,42,119,132,75,163,133,81,153,166,189,33,35,36,22,112,93,19,87,121,51];True
3397;6620;10017;[198,29,90,41,127,60,177,47,26,161,115,152,49,54,197,123,74,37,94,118,124,168,34,108,174,196,167,15,156,21,73,82,137,86,181,68,9,45,138,126,143,160,173,18,199,12,7,136,89,46,164,4,84,122,25,23,77,57,186,170,176,72,154,172,59,11,182,139,135,191,48,50,56,92,147,67,32,61,38,165,193,28,44,16,91,88,70,71,162,20,188,144,184,8,157,78,128,101,185,76,80,100,30,134,27,2,97,58,151,175,6,1,117,195,169,142,131,158,62,120,3,95,149,107,55,14,13,111,52,148,83,129,24,150,103,105,69,159,40,116,140,99,106,194,180,178,192,10,66,145,102,110,171,0,85,104,17,53,155,146,63,31,183,65,125,190,109,130,5,39,113,43,187,179,96,141,98,114,64,79,42,119,132,75,163,133,81,153,166,189,33,35,36,22,112,93,19,87,121,51];True
3402;6619;10021;[198,29,90,41,127,60,177,47,26,161,115,152,49,54,197,123,74,37,94,118,124,168,17,108,174,196,167,15,156,21,73,82,137,86,181,68,9,45,138,126,143,160,173,18,199,12,7,136,89,46,164,4,84,122,25,23,77,57,186,170,176,72,154,172,59,11,182,139,135,191,48,50,56,92,147,67,32,61,38,165,193,28,44,16,91,88,70,71,162,20,188,144,184,8,157,78,128,101,185,76,80,100,30,134,27,2,97,58,151,175,6,1,117,195,169,142,131,158,62,120,3,95,149,107,55,14,13,111,52,148,83,129,24,150,103,105,69,159,40,116,104,99,106,194,180,178,192,109,66,145,102,110,171,0,85,140,34,53,155,146,63,31,183,65,125,190,10,130,5,39,113,43,187,179,96,141,98,114,64,79,42,119,132,75,163,133,81,153,166,189,33,35,36,22,112,93,19,87,121,51];True
3416;6615;10031;[198,29,90,41,127,60,177,47,26,161,115,152,49,54,197,123,74,37,94,118,124,168,34,108,174,196,167,15,156,21,73,82,137,86,181,68,9,45,138,126,143,160,173,18,199,12,7,136,89,46,164,4,84,122,25,23,77,57,186,170,176,72,154,172,59,11,182,139,135,191,48,50,56,92,147,67,32,61,38,165,193,28,44,16,91,88,70,71,162,20,188,144,184,8,157,78,128,101,185,76,80,100,30,134,27,195,97,58,151,175,6,1,117,2,169,142,131,158,62,120,3,95,149,107,55,14,13,111,52,148,83,129,24,150,103,105,69,159,40,116,140,99,106,194,180,178,192,109,66,145,102,110,171,0,85,104,17,53,155,146,63,31,183,65,125,190,10,130,5,39,113,43,187,179,96,141,98,114,64,79,42,119,132,75,163,133,81,153,166,189,33,35,36,22,112,93,19,87,121,51];True
3415;6617;10032;[198,29,90,41,127,60,177,47,26,161,115,152,49,54,197,123,74,37,94,118,124,168,34,108,174,196,167,15,156,21,73,82,137,86,181,68,9,45,138,126,143,160,173,18,199,12,7,136,89,46,164,4,84,122,25,23,77,57,186,170,176,72,154,172,59,11,182,139,135,191,48,50,56,92,147,67,32,61,19,165,193,28,44,16,91,88,70,71,162,20,188,144,184,8,157,78,128,101,185,76,80,100,30,134,27,2,97,58,151,175,6,1,117,195,169,142,131,158,62,120,3,95,149,107,55,14,13,111,52,148,83,129,24,150,103,105,69,159,40,116,140,99,106,194,180,178,192,10,66,145,102,110,171,0,85,104,17,53,155,146,63,31,183,65,125,190,109,130,5,39,113,43,187,179,96,141,98,114,64,79,42,119,132,75,163,133,81,153,166,189,33,35,36,22,112,93,38,87,121,51];True
3426;6613;10039;[198,29,90,41,127,60,177,47,26,161,115,152,49,54,197,123,74,37,94,118,124,168,34,108,174,196,167,15,156,21,73,82,137,86,181,68,9,45,138,126,143,160,173,18,199,12,7,136,89,46,164,4,84,122,25,23,77,57,186,170,176,72,154,172,59,11,182,139,135,191,48,50,56,92,147,67,32,61,38,165,193,28,44,16,91,88,70,71,162,20,188,144,184,8,157,78,128,101,185,76,80,100,30,134,27,2,97,58,151,175,6,1,117,195,169,142,131,158,62,120,3,95,149,107,55,14,13,111,52,148,83,129,24,150,103,105,69,159,40,116,104,99,106,194,180,178,192,109,66,145,102,110,171,0,85,140,17,53,155,146,63,31,183,65,125,190,10,130,5,39,113,43,187,179,96,141,98,114,64,79,42,119,132,75,163,133,81,153,166,189,33,35,36,22,112,93,19,87,121,51];True
3434;6612;10046;[198,29,90,41,127,60,177,47,26,161,115,152,49,54,197,123,74,37,94,118,124,168,34,108,174,196,167,15,156,21,73,82,137,86,181,68,9,45,138,126,143,160,173,18,199,12,7,136,89,46,164,4,84,122,25,23,77,57,186,170,176,72,154,172,59,11,182,139,135,191,48,50,56,92,147,67,32,61,19,165,193,28,44,16,91,88,70,71,162,20,188,144,184,8,157,78,128,101,185,76,80,100,30,134,27,195,97,58,151,175,6,1,117,2,169,142,131,158,62,120,3,95,149,107,55,14,13,111,52,148,83,129,24,150,103,105,69,159,40,116,140,99,106,194,180,178,192,109,66,145,102,110,171,0,85,104,17,53,155,146,63,31,183,65,125,190,10,130,5,39,113,43,187,179,96,141,98,114,64,79,42,119,132,75,163,133,81,153,166,189,33,35,36,22,112,93,38,87,121,51];True
3444;6610;10054;[198,29,90,41,127,60,177,47,26,161,115,152,49,54,197,123,74,37,94,118,124,168,34,108,174,196,167,15,156,21,73,82,137,86,181,68,9,45,138,126,143,160,173,18,199,12,7,136,89,46,164,4,84,122,25,23,77,57,186,170,176,72,154,172,59,11,182,139,135,191,48,50,56,92,147,67,32,61,19,165,193,28,44,16,91,88,70,71,162,20,188,144,184,8,157,78,128,101,185,76,80,100,30,134,27,2,97,58,151,175,6,1,117,195,169,142,131,158,62,120,3,95,149,107,55,14,13,111,52,148,83,129,24,150,103,105,69,159,40,116,104,99,106,194,180,178,192,109,66,145,102,110,171,0,85,140,17,53,155,146,63,31,183,65,125,190,10,130,5,39,113,43,187,179,96,141,98,114,64,79,42,119,132,75,163,133,81,153,166,189,33,35,36,22,112,93,38,87,121,51];True
3451;6606;10057;[198,29,90,41,127,60,177,47,26,161,115,152,49,54,197,123,74,37,94,118,124,168,34,108,174,196,167,15,156,21,73,82,137,86,181,68,9,45,138,126,143,160,173,18,199,12,7,136,89,46,164,4,84,122,25,23,77,57,186,170,176,72,154,172,59,11,182,139,135,191,48,50,56,92,147,67,32,61,38,165,193,28,44,16,91,88,70,71,162,20,188,144,184,8,157,78,128,101,185,76,80,100,30,134,27,2,97,58,151,175,6,1,117,195,169,142,131,158,62,120,3,95,149,107,55,14,13,111,52,148,83,129,24,150,103,105,69,159,40,116,140,99,106,194,180,178,192,109,66,145,102,110,171,0,85,104,17,53,155,146,63,31,183,65,125,190,10,130,5,39,113,43,187,179,96,141,98,114,64,79,42,119,132,75,163,133,81,153,166,189,33,35,36,22,112,93,19,87,121,51];True
3465;6605;10070;[198,29,90,41,127,60,177,47,26,161,115,152,49,54,197,123,74,37,94,118,124,168,34,108,174,196,167,15,156,21,73,82,137,86,181,68,9,45,138,126,143,160,173,18,199,12,7,136,89,46,164,4,84,122,25,23,77,57,186,170,176,72,154,172,59,11,182,139,135,191,48,50,56,92,147,67,32,61,38,165,193,28,44,125,91,88,70,71,162,20,188,144,184,8,157,78,128,101,185,76,80,100,30,134,27,2,97,58,151,175,6,1,117,195,169,142,131,158,62,120,3,95,149,107,55,14,13,111,52,148,83,129,24,150,103,105,69,159,40,116,140,99,106,194,180,178,192,10,66,145,102,110,171,0,85,104,17,53,155,146,63,31,183,65,16,190,109,130,5,39,113,43,187,179,96,141,98,114,64,79,42,119,132,75,163,133,81,153,166,189,33,35,36,22,112,93,19,87,121,51];True
3469;6603;10072;[198,29,90,41,127,60,177,47,26,161,115,152,49,54,197,123,74,37,94,118,124,168,34,108,174,196,167,15,156,21,73,82,137,86,181,68,9,45,138,126,143,160,173,18,199,12,7,136,89,46,164,4,84,122,25,23,77,57,186,170,176,72,154,172,59,11,182,139,135,191,48,50,56,92,147,67,32,61,19,165,193,28,44,16,91,88,70,71,162,20,188,144,184,8,157,78,128,101,185,76,80,100,30,134,27,2,97,58,151,175,6,1,117,195,169,142,131,158,62,120,3,95,149,107,55,14,13,111,52,148,83,129,24,150,103,105,69,159,40,116,140,99,106,194,180,178,192,109,66,145,102,110,171,0,85,104,17,53,155,146,63,31,183,65,125,190,10,130,5,39,113,43,187,179,96,141,98,114,64,79,42,119,132,75,163,133,81,153,166,189,33,35,36,22,112,93,38,87,121,51];True
3484;6600;10084;[198,29,90,41,127,60,177,47,26,161,115,152,49,54,197,123,74,37,94,118,124,168,34,108,174,196,167,15,156,21,73,82,137,86,181,68,9,45,138,126,143,160,173,18,199,12,7,136,89,46,164,4,84,122,25,23,77,57,186,170,176,72,154,172,59,11,182,139,135,191,48,50,56,92,147,67,32,61,38,165,193,28,44,125,91,88,70,71,162,20,188,144,184,8,157,78,128,101,185,76,80,100,30,134,27,195,97,58,151,175,6,1,117,2,169,142,131,158,62,120,3,95,149,107,55,14,13,111,52,148,83,129,24,150,103,105,69,159,40,116,140,99,106,194,180,178,192,109,66,145,102,110,171,0,85,104,17,53,155,146,63,31,183,65,16,190,10,130,5,39,113,43,187,179,96,141,98,114,64,79,42,119,132,75,163,133,81,153,166,189,33,35,36,22,112,93,19,87,121,51];True
3483;6602;10085;[198,29,90,41,127,60,177,47,26,161,115,152,49,54,197,123,74,37,94,118,124,168,34,108,174,196,167,15,156,21,73,82,137,86,181,68,9,45,138,126,143,160,173,18,199,12,7,136,89,46,164,4,84,122,25,23,77,57,186,170,176,72,154,172,59,11,182,139,135,191,48,50,56,92,147,67,32,61,19,165,193,28,44,125,91,88,70,71,162,20,188,144,184,8,157,78,128,101,185,76,80,100,30,134,27,2,97,58,151,175,6,1,117,195,169,142,131,158,62,120,3,95,149,107,55,14,13,111,52,148,83,129,24,150,103,105,69,159,40,116,140,99,106,194,180,178,192,10,66,145,102,110,171,0,85,104,17,53,155,146,63,31,183,65,16,190,109,130,5,39,113,43,187,179,96,141,98,114,64,79,42,119,132,75,163,133,81,153,166,189,33,35,36,22,112,93,38,87,121,51];True
3494;6598;10092;[198,29,90,41,127,60,177,47,26,161,115,152,49,54,197,123,74,37,94,118,124,168,34,108,174,196,167,15,156,21,73,82,137,86,181,68,9,45,138,126,143,160,173,18,199,12,7,136,89,46,164,4,84,122,25,23,77,57,186,170,176,72,154,172,59,11,182,139,135,191,48,50,56,92,147,67,32,61,38,165,193,28,44,125,91,88,70,71,162,20,188,144,184,8,157,78,128,101,185,76,80,100,30,134,27,2,97,58,151,175,6,1,117,195,169,142,131,158,62,120,3,95,149,107,55,14,13,111,52,148,83,129,24,150,103,105,69,159,40,116,104,99,106,194,180,178,192,109,66,145,102,110,171,0,85,140,17,53,155,146,63,31,183,65,16,190,10,130,5,39,113,43,187,179,96,141,98,114,64,79,42,119,132,75,163,133,81,153,166,189,33,35,36,22,112,93,19,87,121,51];True
3499;6597;10096;[198,29,90,41,127,60,177,47,26,89,115,152,49,54,197,123,74,37,94,118,124,168,34,108,174,196,167,15,156,21,73,82,137,86,181,68,9,45,138,126,143,160,173,18,199,12,7,161,136,46,164,4,84,122,25,23,77,57,186,170,176,72,154,172,59,11,182,139,135,191,48,50,56,92,147,67,32,61,38,165,193,28,44,16,91,88,70,71,162,20,188,144,184,8,157,78,128,101,185,76,80,100,30,134,27,2,97,58,151,175,6,1,117,195,169,142,131,158,62,120,3,95,149,107,55,14,13,111,52,148,83,129,24,150,103,105,69,159,40,116,140,99,106,194,180,178,192,109,66,145,102,110,171,0,85,104,17,53,155,146,63,31,183,65,125,190,10,130,5,39,113,43,187,179,96,141,98,114,64,79,42,119,132,75,163,133,81,153,166,189,33,35,36,22,112,93,19,87,121,51];True
3512;6595;10107;[198,29,90,41,127,60,177,47,26,161,115,152,49,54,197,123,74,37,94,118,124,168,34,108,174,196,167,15,156,21,73,82,137,86,181,68,9,45,138,126,143,160,173,18,199,12,7,136,89,46,164,4,84,122,25,23,77,57,186,170,176,72,154,172,59,11,182,139,135,191,48,50,56,92,147,67,32,61,19,165,193,28,44,125,91,88,70,71,162,20,188,144,184,8,157,78,128,101,185,76,80,100,30,134,27,2,97,58,151,175,6,1,117,195,169,142,131,158,62,120,3,95,149,107,55,14,13,111,52,148,83,129,24,150,103,105,69,159,40,116,104,99,106,194,180,178,192,109,66,145,102,110,171,0,85,140,17,53,155,146,63,31,183,65,16,190,10,130,5,39,113,43,187,179,96,141,98,114,64,79,42,119,132,75,163,133,81,153,166,189,33,35,36,22,112,93,38,87,121,51];True
3519;6591;10110;[198,29,90,41,127,60,177,47,26,161,115,152,49,54,197,123,74,37,94,118,124,168,34,108,174,196,167,15,156,21,73,82,137,86,181,68,9,45,138,126,143,160,173,18,199,12,7,136,89,46,164,4,84,122,25,23,77,57,186,170,176,72,154,172,59,11,182,139,135,191,48,50,56,92,147,67,32,61,38,165,193,28,44,125,91,88,70,71,162,20,188,144,184,8,157,78,128,101,185,76,80,100,30,134,27,2,97,58,151,175,6,1,117,195,169,142,131,158,62,120,3,95,149,107,55,14,13,111,52,148,83,129,24,150,103,105,69,159,40,116,140,99,106,194,180,178,192,109,66,145,102,110,171,0,85,104,17,53,155,146,63,31,183,65,16,190,10,130,5,39,113,43,187,179,96,141,98,114,64,79,42,119,132,75,163,133,81,153,166,189,33,35,36,22,112,93,19,87,121,51];True
3517;6594;10111;[198,29,90,41,127,60,177,47,26,89,115,152,49,54,197,123,74,37,94,118,124,168,34,108,174,196,167,15,156,21,73,82,137,86,181,68,9,45,138,126,143,160,173,18,199,12,7,161,136,46,164,4,84,122,25,23,77,57,186,170,176,72,154,172,59,11,182,139,135,191,48,50,56,92,147,67,32,61,19,165,193,28,44,16,91,88,70,71,162,20,188,144,184,8,157,78,128,101,185,76,80,100,30,134,27,2,97,58,151,175,6,1,117,195,169,142,131,158,62,120,3,95,149,107,55,14,13,111,52,148,83,129,24,150,103,105,69,159,40,116,140,99,106,194,180,178,192,109,66,145,102,110,171,0,85,104,17,53,155,146,63,31,183,65,125,190,10,130,5,39,113,43,187,179,96,141,98,114,64,79,42,119,132,75,163,133,81,153,166,189,33,35,36,22,112,93,38,87,121,51];True
3537;6588;10125;[198,29,90,41,127,60,177,47,26,161,115,152,49,54,197,123,74,37,94,118,124,168,34,108,174,196,167,15,156,21,73,82,137,86,181,68,9,45,138,126,143,160,173,18,199,12,7,136,89,46,164,4,84,122,25,23,77,57,186,170,176,72,154,172,59,11,182,139,135,191,48,50,56,92,147,67,32,61,19,165,193,28,44,125,91,88,70,71,162,20,188,144,184,8,157,78,128,101,185,76,80,100,30,134,27,2,97,58,151,175,6,1,117,195,169,142,131,158,62,120,3,95,149,107,55,14,13,111,52,148,83,129,24,150,103,105,69,159,40,116,140,99,106,194,180,178,192,109,66,145,102,110,171,0,85,104,17,53,155,146,63,31,183,65,16,190,10,130,5,39,113,43,187,179,96,141,98,114,64,79,42,119,132,75,163,133,81,153,166,189,33,35,36,22,112,93,38,87,121,51];True
3556;6586;10142;[198,29,90,41,127,60,177,47,26,161,115,152,49,54,197,123,74,37,94,118,124,168,34,108,174,196,167,15,156,21,73,82,137,86,181,68,9,45,138,126,143,160,173,18,171,12,7,136,89,46,164,4,84,122,25,23,77,57,186,170,176,72,154,172,59,11,182,139,135,191,48,50,56,92,147,67,32,61,19,165,193,28,44,125,91,88,70,71,162,20,188,144,184,8,157,78,128,101,185,76,80,100,30,134,27,2,97,58,151,175,6,1,117,195,169,142,131,158,62,120,3,95,149,107,55,14,13,111,52,148,83,129,24,150,103,105,69,159,40,116,140,99,106,194,180,178,192,109,66,145,102,110,199,0,85,104,17,53,155,146,63,31,183,65,16,190,10,130,5,39,113,43,187,179,96,141,98,114,64,79,42,119,132,75,163,133,81,153,166,189,33,35,36,22,112,93,38,87,121,51];True
3562;6584;10146;[198,29,90,41,127,60,177,47,26,89,115,152,49,54,197,123,74,37,94,118,124,168,34,108,174,196,167,15,156,21,73,82,137,86,181,68,61,45,138,126,143,160,173,18,199,12,7,161,136,46,164,4,84,122,25,23,77,57,186,170,176,72,154,172,59,11,182,139,135,191,48,50,56,92,147,67,32,38,9,165,193,28,44,125,91,88,70,71,162,20,188,144,184,8,157,78,128,101,185,76,80,100,30,134,27,2,97,58,151,175,6,1,117,195,169,142,131,158,62,120,3,95,149,107,55,14,13,111,52,148,83,129,24,150,103,105,69,159,40,116,140,99,106,194,180,178,192,109,66,145,102,110,171,0,85,104,17,53,155,146,63,31,183,65,16,190,10,130,5,39,113,43,187,179,96,141,98,114,64,79,42,119,132,75,163,133,81,153,166,189,33,35,36,22,112,93,19,87,121,51];True
3567;6582;10149;[198,29,90,41,127,60,177,47,26,89,115,152,49,54,197,123,74,37,94,118,124,168,34,108,174,196,167,15,156,21,73,82,137,86,181,68,9,45,138,126,143,160,173,18,199,12,7,161,136,46,164,4,84,122,25,23,77,57,186,170,176,72,154,172,59,11,182,139,135,191,48,50,56,92,147,67,32,61,38,165,193,28,44,125,91,88,70,71,162,20,188,144,184,8,157,78,128,101,185,76,80,100,30,134,27,2,97,58,151,175,6,1,117,195,169,142,131,158,62,120,3,95,149,107,55,14,13,111,52,148,83,129,24,150,103,105,69,159,40,116,140,99,106,194,180,178,192,109,66,145,102,110,171,0,85,104,17,53,155,146,63,31,183,65,16,190,10,130,5,39,113,43,187,179,96,141,98,114,64,79,42,119,132,75,163,133,81,153,166,189,33,35,36,22,112,93,19,87,121,51];True
3585;6579;10164;[198,29,90,41,127,60,177,47,26,89,115,152,49,54,197,123,74,37,94,118,124,168,34,108,174,196,167,15,156,21,73,82,137,86,181,68,9,45,138,126,143,160,173,18,199,12,7,161,136,46,164,4,84,122,25,23,77,57,186,170,176,72,154,172,59,11,182,139,135,191,48,50,56,92,147,67,32,61,19,165,193,28,44,125,91,88,70,71,162,20,188,144,184,8,157,78,128,101,185,76,80,100,30,134,27,2,97,58,151,175,6,1,117,195,169,142,131,158,62,120,3,95,149,107,55,14,13,111,52,148,83,129,24,150,103,105,69,159,40,116,140,99,106,194,180,178,192,109,66,145,102,110,171,0,85,104,17,53,155,146,63,31,183,65,16,190,10,130,5,39,113,43,187,179,96,141,98,114,64,79,42,119,132,75,163,133,81,153,166,189,33,35,36,22,112,93,38,87,121,51];True
3604;6577;10181;[198,29,90,41,127,60,177,47,26,89,115,152,49,54,197,123,74,37,94,118,124,168,34,108,174,196,167,15,156,21,73,82,137,86,181,68,9,45,138,126,143,160,173,18,171,12,7,161,136,46,164,4,84,122,25,23,77,57,186,170,176,72,154,172,59,11,182,139,135,191,48,50,56,92,147,67,32,61,19,165,193,28,44,125,91,88,70,71,162,20,188,144,184,8,157,78,128,101,185,76,80,100,30,134,27,2,97,58,151,175,6,1,117,195,169,142,131,158,62,120,3,95,149,107,55,14,13,111,52,148,83,129,24,150,103,105,69,159,40,116,140,99,106,194,180,178,192,109,66,145,102,110,199,0,85,104,17,53,155,146,63,31,183,65,16,190,10,130,5,39,113,43,187,179,96,141,98,114,64,79,42,119,132,75,163,133,81,153,166,189,33,35,36,22,112,93,38,87,121,51];True
3620;6576;10196;[198,29,90,41,127,60,177,47,26,89,115,152,49,54,197,123,74,37,94,118,124,168,34,108,174,196,167,15,156,21,73,82,137,86,181,68,9,45,138,126,143,160,173,18,199,12,7,161,136,46,164,4,84,122,25,23,77,57,186,170,176,72,154,172,59,11,182,139,135,191,48,50,56,92,147,67,32,38,61,165,193,28,44,125,91,88,70,71,162,20,188,144,184,8,157,78,128,101,185,76,80,100,30,134,27,2,97,58,151,175,6,1,117,195,169,142,131,158,62,120,3,95,149,107,55,14,13,111,52,148,83,129,24,150,103,105,69,159,40,116,140,99,106,194,180,178,192,109,66,145,102,110,171,0,85,104,17,53,155,146,63,31,183,65,16,190,10,130,5,39,113,43,187,179,96,141,98,114,64,79,42,119,132,75,163,133,81,153,166,189,33,35,36,22,112,93,19,87,121,51];True
3630;6572;10202;[198,29,90,41,127,60,177,47,26,161,115,152,49,54,197,123,74,37,94,118,124,168,34,108,174,196,167,15,156,21,73,82,137,86,181,68,9,45,138,126,143,160,173,18,199,12,7,136,89,46,164,4,84,122,25,23,77,57,186,170,176,72,154,172,59,11,182,139,135,191,48,50,56,92,147,67,32,61,38,165,193,28,44,125,91,88,70,71,162,20,188,144,184,8,157,78,128,101,185,76,80,100,30,134,27,2,97,58,151,175,6,1,117,113,169,142,131,158,62,120,3,95,149,107,55,14,13,111,52,148,83,129,24,150,103,105,69,159,40,116,140,99,106,194,180,178,192,109,66,145,102,110,171,0,85,104,17,53,155,146,63,31,183,65,16,190,10,130,5,39,195,43,187,179,96,141,98,114,64,79,42,119,132,75,163,133,81,153,166,189,33,35,36,22,112,93,19,87,121,51];True
3628;6575;10203;[198,29,90,41,127,60,177,47,26,89,115,152,49,54,197,123,74,37,94,118,124,168,34,108,174,196,167,15,156,21,73,82,137,86,181,68,9,45,138,126,143,160,173,18,199,12,7,161,136,46,164,4,84,122,25,23,77,57,186,170,176,72,154,172,59,11,182,139,135,191,48,50,56,92,147,67,32,61,19,165,193,28,44,16,91,88,70,71,162,20,188,144,184,8,157,78,128,101,185,76,80,100,30,134,27,2,97,58,151,175,6,1,117,113,169,142,131,158,62,120,3,95,149,107,55,14,13,111,52,148,83,129,24,150,103,105,69,159,40,116,140,99,106,194,180,178,192,109,66,145,102,110,171,0,85,104,17,53,155,146,63,31,183,65,125,190,10,130,5,39,195,43,187,179,96,141,98,114,64,79,42,119,132,75,163,133,81,153,166,189,33,35,36,22,112,93,38,87,121,51];True
3648;6569;10217;[198,29,90,41,127,60,177,47,26,161,115,152,49,54,197,123,74,37,94,118,124,168,34,108,174,196,167,15,156,21,73,82,137,86,181,68,9,45,138,126,143,160,173,18,199,12,7,136,89,46,164,4,84,122,25,23,77,57,186,170,176,72,154,172,59,11,182,139,135,191,48,50,56,92,147,67,32,61,19,165,193,28,44,125,91,88,70,71,162,20,188,144,184,8,157,78,128,101,185,76,80,100,30,134,27,2,97,58,151,175,6,1,117,113,169,142,131,158,62,120,3,95,149,107,55,14,13,111,52,148,83,129,24,150,103,105,69,159,40,116,140,99,106,194,180,178,192,109,66,145,102,110,171,0,85,104,17,53,155,146,63,31,183,65,16,190,10,130,5,39,195,43,187,179,96,141,98,114,64,79,42,119,132,75,163,133,81,153,166,189,33,35,36,22,112,93,38,87,121,51];True
3665;6568;10233;[198,29,90,41,127,60,177,47,26,161,115,152,49,54,197,123,74,37,94,118,124,168,34,108,174,196,167,15,156,21,73,82,137,86,181,68,9,45,138,126,143,160,173,18,199,12,7,136,89,46,164,4,84,122,25,23,77,57,186,170,176,72,154,172,59,11,182,139,135,191,48,50,56,92,147,67,32,38,87,165,193,28,44,125,91,88,70,71,162,20,188,61,184,8,157,78,128,101,185,76,80,100,30,134,27,2,97,58,151,175,6,1,117,195,169,142,131,158,62,120,3,95,149,107,55,14,13,111,52,148,83,129,24,150,103,105,69,159,40,116,140,99,106,194,180,178,192,109,66,145,102,110,171,0,85,104,17,53,155,146,63,31,183,65,16,190,10,130,5,39,113,43,187,179,96,141,98,114,64,79,42,119,132,75,163,133,81,153,166,189,33,35,36,22,112,93,19,144,121,51];True
3667;6567;10234;[198,29,90,41,127,60,177,47,26,161,115,152,49,54,197,123,74,37,94,118,124,168,34,108,174,196,167,15,156,21,73,82,137,86,181,68,9,45,138,126,143,160,173,18,171,12,7,136,89,46,164,4,84,122,25,23,77,57,186,170,176,72,154,172,59,11,182,139,135,191,48,50,56,92,147,67,32,61,19,165,193,28,44,125,91,88,70,71,162,20,188,144,184,8,157,78,128,101,185,76,80,100,30,134,27,2,97,58,151,175,6,1,117,113,169,142,131,158,62,120,3,95,149,107,55,14,13,111,52,148,83,129,24,150,103,105,69,159,40,116,140,99,106,194,180,178,192,109,66,145,102,110,199,0,85,104,17,53,155,146,63,31,183,65,16,190,10,130,5,39,195,43,187,179,96,141,98,114,64,79,42,119,132,75,163,133,81,153,166,189,33,35,36,22,112,93,38,87,121,51];True
3673;6565;10238;[198,29,90,41,127,60,177,47,26,89,115,152,49,54,197,123,74,37,94,118,124,168,34,108,174,196,167,15,156,21,73,82,137,86,181,68,61,45,138,126,143,160,173,18,199,12,7,161,136,46,164,4,84,122,25,23,77,57,186,170,176,72,154,172,59,11,182,139,135,191,48,50,56,92,147,67,32,38,9,165,193,28,44,125,91,88,70,71,162,20,188,144,184,8,157,78,128,101,185,76,80,100,30,134,27,2,97,58,151,175,6,1,117,113,169,142,131,158,62,120,3,95,149,107,55,14,13,111,52,148,83,129,24,150,103,105,69,159,40,116,140,99,106,194,180,178,192,109,66,145,102,110,171,0,85,104,17,53,155,146,63,31,183,65,16,190,10,130,5,39,195,43,187,179,96,141,98,114,64,79,42,119,132,75,163,133,81,153,166,189,33,35,36,22,112,93,19,87,121,51];True
3678;6563;10241;[198,29,90,41,127,60,177,47,26,89,115,152,49,54,197,123,74,37,94,118,124,168,34,108,174,196,167,15,156,21,73,82,137,86,181,68,9,45,138,126,143,160,173,18,199,12,7,161,136,46,164,4,84,122,25,23,77,57,186,170,176,72,154,172,59,11,182,139,135,191,48,50,56,92,147,67,32,61,38,165,193,28,44,125,91,88,70,71,162,20,188,144,184,8,157,78,128,101,185,76,80,100,30,134,27,2,97,58,151,175,6,1,117,113,169,142,131,158,62,120,3,95,149,107,55,14,13,111,52,148,83,129,24,150,103,105,69,159,40,116,140,99,106,194,180,178,192,109,66,145,102,110,171,0,85,104,17,53,155,146,63,31,183,65,16,190,10,130,5,39,195,43,187,179,96,141,98,114,64,79,42,119,132,75,163,133,81,153,166,189,33,35,36,22,112,93,19,87,121,51];True
3696;6560;10256;[198,29,90,41,127,60,177,47,26,89,115,152,49,54,197,123,74,37,94,118,124,168,34,108,174,196,167,15,156,21,73,82,137,86,181,68,9,45,138,126,143,160,173,18,199,12,7,161,136,46,164,4,84,122,25,23,77,57,186,170,176,72,154,172,59,11,182,139,135,191,48,50,56,92,147,67,32,61,19,165,193,28,44,125,91,88,70,71,162,20,188,144,184,8,157,78,128,101,185,76,80,100,30,134,27,2,97,58,151,175,6,1,117,113,169,142,131,158,62,120,3,95,149,107,55,14,13,111,52,148,83,129,24,150,103,105,69,159,40,116,140,99,106,194,180,178,192,109,66,145,102,110,171,0,85,104,17,53,155,146,63,31,183,65,16,190,10,130,5,39,195,43,187,179,96,141,98,114,64,79,42,119,132,75,163,133,81,153,166,189,33,35,36,22,112,93,38,87,121,51];True
3713;6559;10272;[198,29,90,41,127,60,177,47,26,89,115,152,49,54,197,123,74,37,94,118,124,168,34,108,174,196,167,15,156,21,73,82,137,86,181,68,9,45,138,126,143,160,173,18,199,12,7,161,136,46,164,4,84,122,25,23,77,57,186,170,176,72,154,172,59,11,182,139,135,191,48,50,56,92,147,67,32,38,87,165,193,28,44,125,91,88,70,71,162,20,188,61,184,8,157,78,128,101,185,76,80,100,30,134,27,2,97,58,151,175,6,1,117,195,169,142,131,158,62,120,3,95,149,107,55,14,13,111,52,148,83,129,24,150,103,105,69,159,40,116,140,99,106,194,180,178,192,109,66,145,102,110,171,0,85,104,17,53,155,146,63,31,183,65,16,190,10,130,5,39,113,43,187,179,96,141,98,114,64,79,42,119,132,75,163,133,81,153,166,189,33,35,36,22,112,93,19,144,121,51];True
3715;6558;10273;[198,29,90,41,127,60,177,47,26,89,115,152,49,54,197,123,74,37,94,118,124,168,34,108,174,196,167,15,156,21,73,82,137,86,181,68,9,45,138,126,143,160,173,18,171,12,7,161,136,46,164,4,84,122,25,23,77,57,186,170,176,72,154,172,59,11,182,139,135,191,48,50,56,92,147,67,32,61,19,165,193,28,44,125,91,88,70,71,162,20,188,144,184,8,157,78,128,101,185,76,80,100,30,134,27,2,97,58,151,175,6,1,117,113,169,142,131,158,62,120,3,95,149,107,55,14,13,111,52,148,83,129,24,150,103,105,69,159,40,116,140,99,106,194,180,178,192,109,66,145,102,110,199,0,85,104,17,53,155,146,63,31,183,65,16,190,10,130,5,39,195,43,187,179,96,141,98,114,64,79,42,119,132,75,163,133,81,153,166,189,33,35,36,22,112,93,38,87,121,51];True
3727;6557;10284;[198,29,90,41,187,60,177,47,26,89,115,152,49,54,197,123,74,37,94,118,124,168,34,108,174,196,167,15,156,21,73,82,137,86,181,68,61,45,138,126,143,160,173,18,199,12,7,161,136,46,164,4,84,122,25,23,77,57,186,170,176,72,154,172,59,11,182,139,135,191,48,50,56,92,147,67,32,38,9,165,193,28,44,125,91,88,70,71,162,20,188,144,184,8,157,78,128,101,185,76,80,100,30,134,27,2,97,58,151,175,6,1,117,195,169,142,131,158,62,120,3,95,149,107,55,14,13,111,52,148,83,129,24,150,103,105,69,159,40,116,140,99,106,194,180,178,192,109,66,145,102,110,171,0,85,104,17,53,155,146,63,31,183,65,16,190,10,130,5,39,113,43,127,179,96,141,98,114,64,79,42,119,132,75,163,133,81,153,166,189,33,35,36,22,112,93,19,87,121,51];True
3732;6555;10287;[198,29,90,41,187,60,177,47,26,89,115,152,49,54,197,123,74,37,94,118,124,168,34,108,174,196,167,15,156,21,73,82,137,86,181,68,9,45,138,126,143,160,173,18,199,12,7,161,136,46,164,4,84,122,25,23,77,57,186,170,176,72,154,172,59,11,182,139,135,191,48,50,56,92,147,67,32,61,38,165,193,28,44,125,91,88,70,71,162,20,188,144,184,8,157,78,128,101,185,76,80,100,30,134,27,2,97,58,151,175,6,1,117,195,169,142,131,158,62,120,3,95,149,107,55,14,13,111,52,148,83,129,24,150,103,105,69,159,40,116,140,99,106,194,180,178,192,109,66,145,102,110,171,0,85,104,17,53,155,146,63,31,183,65,16,190,10,130,5,39,113,43,127,179,96,141,98,114,64,79,42,119,132,75,163,133,81,153,166,189,33,35,36,22,112,93,19,87,121,51];True
3750;6552;10302;[198,29,90,41,187,60,177,47,26,89,115,152,49,54,197,123,74,37,94,118,124,168,34,108,174,196,167,15,156,21,73,82,137,86,181,68,9,45,138,126,143,160,173,18,199,12,7,161,136,46,164,4,84,122,25,23,77,57,186,170,176,72,154,172,59,11,182,139,135,191,48,50,56,92,147,67,32,61,19,165,193,28,44,125,91,88,70,71,162,20,188,144,184,8,157,78,128,101,185,76,80,100,30,134,27,2,97,58,151,175,6,1,117,195,169,142,131,158,62,120,3,95,149,107,55,14,13,111,52,148,83,129,24,150,103,105,69,159,40,116,140,99,106,194,180,178,192,109,66,145,102,110,171,0,85,104,17,53,155,146,63,31,183,65,16,190,10,130,5,39,113,43,127,179,96,141,98,114,64,79,42,119,132,75,163,133,81,153,166,189,33,35,36,22,112,93,38,87,121,51];True
3766;6551;10317;[198,29,90,41,187,179,177,47,26,89,115,152,49,54,197,123,74,37,94,118,124,168,34,108,174,196,167,15,156,21,73,82,137,86,181,68,9,45,138,126,143,160,173,18,199,12,7,161,136,46,164,4,84,122,25,23,77,57,186,170,176,72,154,172,59,11,182,139,135,191,48,50,56,92,147,67,32,61,38,165,193,28,44,125,91,88,70,71,162,20,188,144,184,8,157,78,128,101,185,76,80,100,30,134,27,2,97,58,151,175,6,1,117,113,169,142,131,158,62,120,3,95,149,107,55,14,13,111,52,148,83,129,24,150,103,105,69,159,40,116,140,99,106,194,180,178,192,109,66,145,102,110,171,0,85,104,17,53,155,146,63,31,183,65,16,190,10,130,5,39,195,43,127,60,96,141,98,114,64,79,42,119,132,75,163,133,81,153,166,189,33,35,36,22,112,93,19,87,121,51];True
3769;6550;10319;[198,29,90,41,187,60,177,47,26,89,115,152,49,54,197,123,74,37,94,118,124,168,34,108,174,196,167,15,156,21,73,82,137,86,181,68,9,45,138,126,143,160,173,18,171,12,7,161,136,46,164,4,84,122,25,23,77,57,186,170,176,72,154,172,59,11,182,139,135,191,48,50,56,92,147,67,32,61,19,165,193,28,44,125,91,88,70,71,162,20,188,144,184,8,157,78,128,101,185,76,80,100,30,134,27,2,97,58,151,175,6,1,117,195,169,142,131,158,62,120,3,95,149,107,55,14,13,111,52,148,83,129,24,150,103,105,69,159,40,116,140,99,106,194,180,178,192,109,66,145,102,110,199,0,85,104,17,53,155,146,63,31,183,65,16,190,10,130,5,39,113,43,127,179,96,141,98,114,64,79,42,119,132,75,163,133,81,153,166,189,33,35,36,22,112,93,38,87,121,51];True
3771;6548;10319;[198,29,90,41,127,60,177,47,26,89,115,152,49,54,197,123,74,37,94,118,124,168,34,108,174,196,167,15,156,21,73,82,137,86,181,68,9,45,138,126,143,160,173,18,199,12,7,161,136,144,164,4,84,122,25,23,77,57,186,170,176,72,154,172,59,11,182,139,135,191,48,50,56,92,147,67,32,38,87,165,193,28,44,125,91,88,70,71,162,20,188,61,184,8,157,78,128,101,185,76,80,100,30,134,27,2,97,58,151,175,6,1,117,195,169,142,131,158,62,120,3,95,149,107,55,14,13,111,52,148,83,129,24,150,103,105,69,159,40,116,140,99,106,194,180,178,192,109,66,145,102,110,171,0,85,104,17,53,155,146,63,31,183,65,16,190,10,130,5,39,113,43,187,179,96,141,98,114,64,79,42,119,132,75,163,133,81,153,166,189,33,35,36,22,112,93,19,46,121,51];True
3790;6546;10336;[198,29,90,41,127,60,177,47,26,89,115,152,49,54,197,123,74,37,94,118,124,168,34,108,174,196,167,15,156,21,73,82,137,86,181,68,9,45,138,126,143,160,173,18,171,12,7,161,136,144,164,4,84,122,25,23,77,57,186,170,176,72,154,172,59,11,182,139,135,191,48,50,56,92,147,67,32,38,87,165,193,28,44,125,91,88,70,71,162,20,188,61,184,8,157,78,128,101,185,76,80,100,30,134,27,2,97,58,151,175,6,1,117,195,169,142,131,158,62,120,3,95,149,107,55,14,13,111,52,148,83,129,24,150,103,105,69,159,40,116,140,99,106,194,180,178,192,109,66,145,102,110,199,0,85,104,17,53,155,146,63,31,183,65,16,190,10,130,5,39,113,43,187,179,96,141,98,114,64,79,42,119,132,75,163,133,81,153,166,189,33,35,36,22,112,93,19,46,121,51];True
3795;6545;10340;[198,29,90,41,187,60,177,47,26,161,115,152,49,54,197,123,74,37,94,118,124,168,34,108,174,196,167,15,156,21,73,82,137,86,181,68,9,45,138,126,143,160,173,18,199,12,7,136,89,46,164,4,84,122,25,23,77,57,186,170,176,72,154,172,59,11,182,139,135,191,48,50,56,92,147,67,32,61,38,165,193,28,44,125,91,88,70,71,162,20,188,144,184,8,157,78,128,101,185,76,80,100,30,134,27,2,97,58,151,175,6,1,117,113,169,142,131,158,62,120,3,95,149,107,55,14,13,111,52,148,83,129,24,150,103,105,69,159,40,116,140,99,106,194,180,178,192,109,66,145,102,110,171,0,85,104,17,53,155,146,63,31,183,65,16,190,10,130,5,39,195,43,127,179,96,141,98,114,64,79,42,119,132,75,163,133,81,153,166,189,33,35,36,22,112,93,19,87,121,51];True
3809;6544;10353;[198,29,90,41,127,60,177,47,26,89,115,152,49,54,197,123,74,37,94,118,124,168,34,108,174,196,167,15,156,21,73,82,137,86,181,68,9,45,138,126,143,160,173,18,199,12,7,161,136,144,164,4,84,122,25,23,77,57,186,170,176,72,154,172,59,11,182,139,135,191,48,50,56,92,147,67,32,38,87,165,193,28,44,125,91,88,70,71,162,20,188,61,184,8,157,78,128,101,185,76,80,100,30,134,27,2,97,58,151,175,6,1,117,113,169,142,131,158,62,120,3,95,149,107,55,14,13,111,52,148,83,129,24,150,103,105,69,159,40,116,140,99,106,194,180,178,192,109,66,145,102,110,171,0,85,104,17,53,155,146,63,31,183,65,16,190,10,130,5,39,195,43,187,179,96,141,98,114,64,79,42,119,132,75,163,133,81,153,166,189,33,35,36,22,112,93,46,19,121,51];True
3813;6542;10355;[198,29,90,41,187,60,177,47,26,161,115,152,49,54,197,123,74,37,94,118,124,168,34,108,174,196,167,15,156,21,73,82,137,86,181,68,9,45,138,126,143,160,173,18,199,12,7,136,89,46,164,4,84,122,25,23,77,57,186,170,176,72,154,172,59,11,182,139,135,191,48,50,56,92,147,67,32,61,19,165,193,28,44,125,91,88,70,71,162,20,188,144,184,8,157,78,128,101,185,76,80,100,30,134,27,2,97,58,151,175,6,1,117,113,169,142,131,158,62,120,3,95,149,107,55,14,13,111,52,148,83,129,24,150,103,105,69,159,40,116,140,99,106,194,180,178,192,109,66,145,102,110,171,0,85,104,17,53,155,146,63,31,183,65,16,190,10,130,5,39,195,43,127,179,96,141,98,114,64,79,42,119,132,75,163,133,81,153,166,189,33,35,36,22,112,93,38,87,121,51];True
3824;6540;10364;[198,29,90,41,127,60,177,47,26,89,115,152,49,54,197,123,74,37,94,118,124,168,34,108,174,196,167,15,156,21,73,82,137,86,181,68,9,45,138,126,143,160,173,18,199,12,7,161,136,46,164,4,84,122,25,23,77,57,186,170,176,72,154,172,59,11,182,139,135,191,48,50,56,92,147,67,32,38,87,165,193,28,44,125,91,88,70,71,162,20,188,61,184,8,157,78,128,101,185,76,80,100,30,134,27,2,97,58,151,175,6,1,117,113,169,142,131,158,62,120,3,95,149,107,55,14,13,111,52,148,83,129,24,150,103,105,69,159,40,116,140,99,106,194,180,178,192,109,66,145,102,110,171,0,85,104,17,53,155,146,63,31,183,65,16,190,10,130,5,39,195,43,187,179,96,141,98,114,64,79,42,119,132,75,163,133,81,153,166,189,33,35,36,22,112,93,19,144,121,51];True
3838;6538;10376;[198,29,90,41,187,60,177,47,26,89,115,152,49,54,197,123,74,37,94,118,124,168,34,108,174,196,167,15,156,21,73,82,137,86,181,68,61,45,138,126,143,160,173,18,199,12,7,161,136,46,164,4,84,122,25,23,77,57,186,170,176,72,154,172,59,11,182,139,135,191,48,50,56,92,147,67,32,38,9,165,193,28,44,125,91,88,70,71,162,20,188,144,184,8,157,78,128,101,185,76,80,100,30,134,27,2,97,58,151,175,6,1,117,113,169,142,131,158,62,120,3,95,149,107,55,14,13,111,52,148,83,129,24,150,103,105,69,159,40,116,140,99,106,194,180,178,192,109,66,145,102,110,171,0,85,104,17,53,155,146,63,31,183,65,16,190,10,130,5,39,195,43,127,179,96,141,98,114,64,79,42,119,132,75,163,133,81,153,166,189,33,35,36,22,112,93,19,87,121,51];True
3843;6536;10379;[198,29,90,41,187,60,177,47,26,89,115,152,49,54,197,123,74,37,94,118,124,168,34,108,174,196,167,15,156,21,73,82,137,86,181,68,9,45,138,126,143,160,173,18,199,12,7,161,136,46,164,4,84,122,25,23,77,57,186,170,176,72,154,172,59,11,182,139,135,191,48,50,56,92,147,67,32,61,38,165,193,28,44,125,91,88,70,71,162,20,188,144,184,8,157,78,128,101,185,76,80,100,30,134,27,2,97,58,151,175,6,1,117,113,169,142,131,158,62,120,3,95,149,107,55,14,13,111,52,148,83,129,24,150,103,105,69,159,40,116,140,99,106,194,180,178,192,109,66,145,102,110,171,0,85,104,17,53,155,146,63,31,183,65,16,190,10,130,5,39,195,43,127,179,96,141,98,114,64,79,42,119,132,75,163,133,81,153,166,189,33,35,36,22,112,93,19,87,121,51];True
3861;6533;10394;[198,29,90,41,187,60,177,47,26,89,115,152,49,54,197,123,74,37,94,118,124,168,34,108,174,196,167,15,156,21,73,82,137,86,181,68,9,45,138,126,143,160,173,18,199,12,7,161,136,46,164,4,84,122,25,23,77,57,186,170,176,72,154,172,59,11,182,139,135,191,48,50,56,92,147,67,32,61,19,165,193,28,44,125,91,88,70,71,162,20,188,144,184,8,157,78,128,101,185,76,80,100,30,134,27,2,97,58,151,175,6,1,117,113,169,142,131,158,62,120,3,95,149,107,55,14,13,111,52,148,83,129,24,150,103,105,69,159,40,116,140,99,106,194,180,178,192,109,66,145,102,110,171,0,85,104,17,53,155,146,63,31,183,65,16,190,10,130,5,39,195,43,127,179,96,141,98,114,64,79,42,119,132,75,163,133,81,153,166,189,33,35,36,22,112,93,38,87,121,51];True
3878;6532;10410;[198,29,90,41,187,60,177,47,26,89,115,152,49,54,197,123,74,37,94,118,124,168,34,108,174,196,167,15,156,21,73,82,137,86,181,68,9,45,138,126,143,160,173,18,199,12,7,161,136,46,164,4,84,122,25,23,77,57,186,170,176,72,154,172,59,11,182,139,135,191,48,50,56,92,147,67,32,38,87,165,193,28,44,125,91,88,70,71,162,20,188,61,184,8,157,78,128,101,185,76,80,100,30,134,27,2,97,58,151,175,6,1,117,195,169,142,131,158,62,120,3,95,149,107,55,14,13,111,52,148,83,129,24,150,103,105,69,159,40,116,140,99,106,194,180,178,192,109,66,145,102,110,171,0,85,104,17,53,155,146,63,31,183,65,16,190,10,130,5,39,113,43,127,179,96,141,98,114,64,79,42,119,132,75,163,133,81,153,166,189,33,35,36,22,112,93,19,144,121,51];True
3882;6529;10411;[198,29,90,41,127,60,177,47,26,89,115,152,49,54,197,123,74,37,94,118,124,168,34,108,174,196,167,15,156,21,73,82,137,86,181,68,9,45,138,126,143,160,173,18,199,12,7,161,136,144,164,4,84,122,25,23,77,57,186,170,176,72,154,172,59,11,182,139,135,191,48,50,56,92,147,67,32,38,87,165,193,28,44,125,91,88,70,71,162,20,188,61,184,8,157,78,128,101,185,76,80,100,30,134,27,2,97,58,151,175,6,1,117,113,169,142,131,158,62,120,3,95,149,107,55,14,13,111,52,148,83,129,24,150,103,105,69,159,40,116,140,99,106,194,180,178,192,109,66,145,102,110,171,0,85,104,17,53,155,146,63,31,183,65,16,190,10,130,5,39,195,43,187,179,96,141,98,114,64,79,42,119,132,75,163,133,81,153,166,189,33,35,36,22,112,93,19,46,121,51];True
3880;6531;10411;[198,29,90,41,187,60,177,47,26,89,115,152,49,54,197,123,74,37,94,118,124,168,34,108,174,196,167,15,156,21,73,82,137,86,181,68,9,45,138,126,143,160,173,18,171,12,7,161,136,46,164,4,84,122,25,23,77,57,186,170,176,72,154,172,59,11,182,139,135,191,48,50,56,92,147,67,32,61,19,165,193,28,44,125,91,88,70,71,162,20,188,144,184,8,157,78,128,101,185,76,80,100,30,134,27,2,97,58,151,175,6,1,117,113,169,142,131,158,62,120,3,95,149,107,55,14,13,111,52,148,83,129,24,150,103,105,69,159,40,116,140,99,106,194,180,178,192,109,66,145,102,110,199,0,85,104,17,53,155,146,63,31,183,65,16,190,10,130,5,39,195,43,127,179,96,141,98,114,64,79,42,119,132,75,163,133,81,153,166,189,33,35,36,22,112,93,38,87,121,51];True
3901;6527;10428;[198,29,90,41,127,60,177,47,26,89,115,152,49,54,197,123,74,37,94,118,124,168,34,108,174,196,167,15,156,21,73,82,137,86,181,68,9,45,138,126,143,160,173,18,171,12,7,161,136,144,164,4,84,122,25,23,77,57,186,170,176,72,154,172,59,11,182,139,135,191,48,50,56,92,147,67,32,38,87,165,193,28,44,125,91,88,70,71,162,20,188,61,184,8,157,78,128,101,185,76,80,100,30,134,27,2,97,58,151,175,6,1,117,113,169,142,131,158,62,120,3,95,149,107,55,14,13,111,52,148,83,129,24,150,103,105,69,159,40,116,140,99,106,194,180,178,192,109,66,145,102,110,199,0,85,104,17,53,155,146,63,31,183,65,16,190,10,130,5,39,195,43,187,179,96,141,98,114,64,79,42,119,132,75,163,133,81,153,166,189,33,35,36,22,112,93,19,46,121,51];True
3928;6526;10454;[198,29,90,41,187,60,177,47,26,89,115,152,49,54,197,123,74,37,94,118,124,168,34,108,174,196,167,15,156,21,73,82,137,86,181,68,9,45,138,126,143,160,173,18,171,12,7,161,136,46,164,4,84,122,25,23,77,57,186,170,176,72,154,172,59,11,182,139,135,191,48,50,56,92,147,67,32,19,61,165,193,28,44,125,91,88,70,71,162,20,188,144,184,8,157,78,128,101,185,76,80,100,30,134,27,2,97,58,151,175,6,1,117,113,169,142,131,158,62,120,3,95,149,107,55,14,13,111,52,148,83,129,24,150,103,105,69,159,40,116,140,99,106,194,180,178,192,109,66,145,102,110,199,0,85,104,17,53,155,146,63,31,183,65,16,190,10,130,5,39,195,43,127,179,96,141,98,114,64,79,42,119,132,75,163,133,81,153,166,189,33,35,36,22,112,93,38,87,121,51];True
3936;6521;10457;[198,29,90,41,187,60,177,47,26,89,115,152,49,54,197,123,74,37,94,118,124,168,34,108,174,196,167,15,156,21,73,82,137,86,181,68,9,45,138,126,143,160,173,18,199,12,7,161,136,144,164,4,84,122,25,23,77,57,186,170,176,72,154,172,59,11,182,139,135,191,48,50,56,92,147,67,32,38,87,165,193,28,44,125,91,88,70,71,162,20,188,61,184,8,157,78,128,101,185,76,80,100,30,134,27,2,97,58,151,175,6,1,117,195,169,142,131,158,62,120,3,95,149,107,55,14,13,111,52,148,83,129,24,150,103,105,69,159,40,116,140,99,106,194,180,178,192,109,66,145,102,110,171,0,85,104,17,53,155,146,63,31,183,65,16,190,10,130,5,39,113,43,127,179,96,141,98,114,64,79,42,119,132,75,163,133,81,153,166,189,33,35,36,22,112,93,19,46,121,51];True
3955;6519;10474;[198,29,90,41,187,60,177,47,26,89,115,152,49,54,197,123,74,37,94,118,124,168,34,108,174,196,167,15,156,21,73,82,137,86,181,68,9,45,138,126,143,160,173,18,171,12,7,161,136,144,164,4,84,122,25,23,77,57,186,170,176,72,154,172,59,11,182,139,135,191,48,50,56,92,147,67,32,38,87,165,193,28,44,125,91,88,70,71,162,20,188,61,184,8,157,78,128,101,185,76,80,100,30,134,27,2,97,58,151,175,6,1,117,195,169,142,131,158,62,120,3,95,149,107,55,14,13,111,52,148,83,129,24,150,103,105,69,159,40,116,140,99,106,194,180,178,192,109,66,145,102,110,199,0,85,104,17,53,155,146,63,31,183,65,16,190,10,130,5,39,113,43,127,179,96,141,98,114,64,79,42,119,132,75,163,133,81,153,166,189,33,35,36,22,112,93,19,46,121,51];True
3970;6517;10487;[198,29,90,41,187,179,177,47,26,89,115,152,49,54,197,123,74,37,94,118,124,168,34,108,174,196,167,15,156,21,73,82,137,86,181,68,9,45,138,126,143,160,173,18,199,12,7,161,136,144,164,4,84,122,25,23,77,57,186,170,176,72,154,172,59,11,182,139,135,191,48,50,56,92,147,67,32,38,87,165,193,28,44,125,91,88,70,71,162,20,188,61,184,8,157,78,128,101,185,76,80,100,30,134,27,2,97,58,151,175,6,1,117,113,169,142,131,158,62,120,3,95,149,107,55,14,13,111,52,148,83,129,24,150,103,105,69,159,40,116,140,99,106,194,180,178,192,109,66,145,102,110,171,0,85,104,17,53,155,146,63,31,183,65,16,190,10,130,5,39,195,43,127,60,96,141,98,114,64,79,42,119,132,75,163,133,81,153,166,189,33,35,36,22,112,93,19,46,121,51];True
3989;6513;10502;[198,29,90,41,187,60,177,47,26,89,115,152,49,54,197,123,74,37,94,118,124,168,34,108,174,196,167,15,156,21,73,82,137,86,181,68,9,45,138,126,143,160,173,18,199,12,7,161,136,46,164,4,84,122,25,23,77,57,186,170,176,72,154,172,59,11,182,139,135,191,48,50,56,92,147,67,32,38,87,165,193,28,44,125,91,88,70,71,162,20,188,61,184,8,157,78,128,101,185,76,80,100,30,134,27,2,97,58,151,175,6,1,117,113,169,142,131,158,62,120,3,95,149,107,55,14,13,111,52,148,83,129,24,150,103,105,69,159,40,116,140,99,106,194,180,178,192,109,66,145,102,110,171,0,85,104,17,53,155,146,63,31,183,65,16,190,10,130,5,39,195,43,127,179,96,141,98,114,64,79,42,119,132,75,163,133,81,153,166,189,33,35,36,22,112,93,19,144,121,51];True
4008;6511;10519;[198,29,90,41,187,60,177,47,26,89,115,152,49,54,197,123,74,37,94,118,124,168,34,108,174,196,167,15,156,21,73,82,137,86,181,68,9,45,138,126,143,160,173,18,171,12,7,161,136,46,164,4,84,122,25,23,77,57,186,170,176,72,154,172,59,11,182,139,135,191,48,50,56,92,147,67,32,38,87,165,193,28,44,125,91,88,70,71,162,20,188,61,184,8,157,78,128,101,185,76,80,100,30,134,27,2,97,58,151,175,6,1,117,113,169,142,131,158,62,120,3,95,149,107,55,14,13,111,52,148,83,129,24,150,103,105,69,159,40,116,140,99,106,194,180,178,192,109,66,145,102,110,199,0,85,104,17,53,155,146,63,31,183,65,16,190,10,130,5,39,195,43,127,179,96,141,98,114,64,79,42,119,132,75,163,133,81,153,166,189,33,35,36,22,112,93,19,144,121,51];True
4022;6509;10531;[198,29,90,41,187,60,177,47,26,89,115,152,49,54,197,123,74,37,94,118,124,168,34,108,174,196,167,15,156,21,73,82,137,86,181,68,9,45,138,126,143,160,173,18,199,12,7,161,136,144,164,4,84,122,25,23,77,57,186,170,176,72,154,172,59,11,182,139,135,191,48,50,56,92,147,67,32,38,87,165,193,28,44,125,91,88,70,71,162,20,188,61,184,8,157,78,128,101,185,76,80,100,30,134,27,2,97,58,151,175,6,1,117,113,169,142,131,158,62,120,3,95,149,107,55,14,13,111,52,148,83,129,24,150,103,105,69,159,40,116,104,99,106,194,180,178,192,109,66,145,102,110,171,0,85,140,17,53,155,146,63,31,183,65,16,190,10,130,5,39,195,43,127,179,96,141,98,114,64,79,42,119,132,75,163,133,81,153,166,189,33,35,36,22,112,93,19,46,121,51];True
4041;6507;10548;[198,29,90,41,187,60,177,47,26,89,115,152,49,54,197,123,74,37,94,118,124,168,34,108,174,196,167,15,156,21,73,82,137,86,181,68,9,45,138,126,143,160,173,18,171,12,7,161,136,144,164,4,84,122,25,23,77,57,186,170,176,72,154,172,59,11,182,139,135,191,48,50,56,92,147,67,32,38,87,165,193,28,44,125,91,88,70,71,162,20,188,61,184,8,157,78,128,101,185,76,80,100,30,134,27,2,97,58,151,175,6,1,117,113,169,142,131,158,62,120,3,95,149,107,55,14,13,111,52,148,83,129,24,150,103,105,69,159,40,116,104,99,106,194,180,178,192,109,66,145,102,110,199,0,85,140,17,53,155,146,63,31,183,65,16,190,10,130,5,39,195,43,127,179,96,141,98,114,64,79,42,119,132,75,163,133,81,153,166,189,33,35,36,22,112,93,19,46,121,51];True
4047;6502;10549;[198,29,90,41,187,60,177,47,26,89,115,152,49,54,197,123,74,37,94,118,124,168,34,108,174,196,167,15,156,21,73,82,137,86,181,68,9,45,138,126,143,160,173,18,199,12,7,161,136,144,164,4,84,122,25,23,77,57,186,170,176,72,154,172,59,11,182,139,135,191,48,50,56,92,147,67,32,38,87,165,193,28,44,125,91,88,70,71,162,20,188,61,184,8,157,78,128,101,185,76,80,100,30,134,27,2,97,58,151,175,6,1,117,113,169,142,131,158,62,120,3,95,149,107,55,14,13,111,52,148,83,129,24,150,103,105,69,159,40,116,140,99,106,194,180,178,192,109,66,145,102,110,171,0,85,104,17,53,155,146,63,31,183,65,16,190,10,130,5,39,195,43,127,179,96,141,98,114,64,79,42,119,132,75,163,133,81,153,166,189,33,35,36,22,112,93,19,46,121,51];True
4066;6500;10566;[198,29,90,41,187,60,177,47,26,89,115,152,49,54,197,123,74,37,94,118,124,168,34,108,174,196,167,15,156,21,73,82,137,86,181,68,9,45,138,126,143,160,173,18,171,12,7,161,136,144,164,4,84,122,25,23,77,57,186,170,176,72,154,172,59,11,182,139,135,191,48,50,56,92,147,67,32,38,87,165,193,28,44,125,91,88,70,71,162,20,188,61,184,8,157,78,128,101,185,76,80,100,30,134,27,2,97,58,151,175,6,1,117,113,169,142,131,158,62,120,3,95,149,107,55,14,13,111,52,148,83,129,24,150,103,105,69,159,40,116,140,99,106,194,180,178,192,109,66,145,102,110,199,0,85,104,17,53,155,146,63,31,183,65,16,190,10,130,5,39,195,43,127,179,96,141,98,114,64,79,42,119,132,75,163,133,81,153,166,189,33,35,36,22,112,93,19,46,121,51];True
4107;6497;10604;[198,29,90,41,187,60,177,47,26,89,115,152,49,54,197,123,74,37,94,118,124,168,34,108,174,196,167,15,156,21,73,82,137,86,181,68,9,45,138,126,143,160,173,18,171,12,7,161,136,144,164,4,84,122,25,23,77,57,186,170,176,72,154,172,59,11,182,139,135,191,48,50,56,92,147,67,32,38,87,165,193,28,44,125,91,88,70,71,162,20,188,61,184,8,157,78,128,101,185,76,80,100,30,134,27,2,97,58,110,175,6,1,117,113,169,142,131,158,62,120,3,95,149,107,55,14,13,111,52,148,83,129,24,150,103,105,69,159,40,116,140,99,106,194,180,178,192,109,66,145,102,151,199,0,85,104,17,53,155,146,63,31,183,65,16,190,10,130,5,39,195,43,127,179,96,141,98,114,64,79,42,119,132,75,163,133,81,153,166,189,33,35,36,22,112,93,19,46,121,51];True
4106;6499;10605;[198,29,90,41,187,60,177,47,26,89,115,152,49,54,197,123,74,37,94,118,124,168,34,108,174,196,167,15,156,21,73,82,137,86,181,68,9,45,138,126,143,160,173,18,171,110,7,161,136,144,164,4,84,122,25,23,77,57,186,170,176,72,154,172,59,11,182,139,135,191,48,50,56,92,147,67,32,38,87,165,193,28,44,125,91,88,70,71,162,20,188,61,184,8,157,78,128,101,185,76,80,100,30,134,27,2,97,58,151,175,6,1,117,113,169,142,131,158,62,120,3,95,149,107,55,14,13,111,52,148,83,129,24,150,103,105,69,159,40,116,140,99,106,194,180,178,192,109,66,145,102,12,199,0,85,104,17,53,155,146,63,31,183,65,16,190,10,130,5,39,195,43,127,179,96,141,98,114,64,79,42,119,132,75,163,133,81,153,166,189,33,35,36,22,112,93,19,46,121,51];True
4117;6494;10611;[198,29,90,41,187,60,177,47,26,89,115,152,49,54,197,123,74,37,94,118,124,168,34,108,174,196,167,15,156,21,73,82,137,86,181,68,9,45,138,126,143,160,173,18,171,12,7,161,136,144,164,4,84,122,25,23,77,57,186,170,176,72,154,172,59,11,182,139,135,191,48,50,56,92,147,67,32,38,87,165,193,28,44,125,91,88,70,71,162,20,188,61,184,8,157,78,128,101,185,76,80,100,30,134,27,2,97,58,158,175,6,1,117,113,169,142,131,110,62,120,3,95,149,107,55,14,13,111,52,148,83,129,24,150,103,105,69,159,40,116,140,99,106,194,180,178,192,109,66,145,102,151,199,0,85,104,17,53,155,146,63,31,183,65,16,190,10,130,5,39,195,43,127,179,96,141,98,114,64,79,42,119,132,75,163,133,81,153,166,189,33,35,36,22,112,93,19,46,121,51];True
4145;6493;10638;[198,29,90,41,187,60,177,47,26,89,115,152,49,54,197,123,74,37,94,118,124,168,34,108,174,196,167,15,156,21,73,82,137,86,181,68,9,45,138,126,143,160,173,18,171,199,7,161,136,144,164,4,84,122,25,23,77,57,186,170,176,72,154,172,59,11,182,139,135,191,48,50,56,92,147,67,32,38,87,165,193,28,44,125,91,88,70,71,162,20,188,61,184,8,157,78,128,101,185,76,80,100,30,134,27,2,97,58,151,175,6,1,117,113,169,142,131,158,62,120,3,95,149,107,55,14,13,111,52,148,83,129,24,150,103,105,69,159,40,116,140,99,106,194,180,178,192,109,66,145,102,110,12,0,85,104,17,53,155,146,63,31,183,65,16,190,10,130,5,39,195,43,127,179,96,141,98,114,64,79,42,119,132,75,163,133,81,153,166,189,33,35,36,22,112,93,19,46,121,51];True
4150;6492;10642;[198,29,90,41,187,60,177,47,26,89,115,152,49,54,197,123,74,37,94,118,124,168,34,108,174,196,167,15,156,21,73,82,137,86,181,68,9,45,138,126,143,160,173,18,12,199,7,161,136,144,164,4,84,122,25,23,77,57,186,170,176,72,154,172,59,11,182,139,135,191,48,50,56,92,147,67,32,38,87,165,193,28,44,125,91,88,70,71,162,20,188,61,184,8,157,78,128,101,185,76,80,100,30,134,27,2,97,58,151,175,6,1,117,113,169,142,131,158,62,120,3,95,149,107,55,14,13,111,52,148,83,129,24,150,103,105,69,159,40,116,140,99,106,194,180,178,192,109,66,145,102,110,171,0,85,104,17,53,155,146,63,31,183,65,16,190,10,130,5,39,195,43,127,179,96,141,98,114,64,79,42,119,132,75,163,133,81,153,166,189,33,35,36,22,112,93,19,46,121,51];True
4171;6491;10662;[198,29,90,41,187,60,177,47,26,89,115,152,49,54,197,123,74,37,94,118,124,168,34,108,174,196,167,15,156,21,73,82,163,86,181,68,9,45,138,126,143,160,173,18,171,12,7,161,136,144,164,4,84,122,25,23,77,57,186,170,176,72,154,172,59,11,182,139,135,191,48,50,56,92,147,67,32,38,87,165,193,28,44,125,91,88,70,71,162,20,188,61,184,8,157,78,128,101,185,76,80,100,30,134,27,2,97,58,151,175,6,1,117,113,169,142,131,158,62,120,3,95,149,107,55,14,13,111,52,148,83,129,24,150,103,105,69,159,40,116,140,99,106,194,180,178,192,109,66,145,102,110,199,0,85,104,17,53,155,146,63,31,183,65,16,190,10,130,5,39,195,43,127,179,96,141,98,114,64,79,42,119,132,75,137,133,81,153,166,189,33,35,36,22,112,93,19,46,121,51];True
4180;6489;10669;[198,29,90,41,187,60,177,47,26,89,115,152,49,54,197,123,74,37,94,118,124,168,34,108,174,196,167,15,156,21,73,82,137,86,181,68,9,45,138,126,143,160,173,18,171,12,7,161,136,144,164,4,84,122,25,23,77,57,186,170,176,72,154,172,59,98,182,139,135,191,48,50,56,92,147,67,32,38,87,165,193,28,44,125,91,88,70,71,162,20,188,61,184,8,157,78,128,101,185,76,80,100,30,134,27,2,97,58,158,175,6,1,117,113,169,142,131,110,62,120,3,95,149,107,55,14,13,111,52,148,83,129,24,150,103,105,69,159,40,116,140,99,106,194,180,178,192,109,66,145,102,151,199,0,85,104,17,53,155,146,63,31,183,65,16,190,10,130,5,39,195,43,127,179,96,141,11,114,64,79,42,119,132,75,163,133,81,153,166,189,33,35,36,22,112,93,19,46,121,51];True
4208;6488;10696;[198,29,90,41,187,60,177,47,26,89,115,152,49,54,197,123,74,37,94,118,124,168,34,108,174,196,167,15,156,21,73,82,137,86,181,68,9,45,138,126,143,160,173,18,171,199,7,161,136,144,164,4,84,122,25,23,77,57,186,170,176,72,154,172,59,98,182,139,135,191,48,50,56,92,147,67,32,38,87,165,193,28,44,125,91,88,70,71,162,20,188,61,184,8,157,78,128,101,185,76,80,100,30,134,27,2,97,58,151,175,6,1,117,113,169,142,131,158,62,120,3,95,149,107,55,14,13,111,52,148,83,129,24,150,103,105,69,159,40,116,140,99,106,194,180,178,192,109,66,145,102,110,12,0,85,104,17,53,155,146,63,31,183,65,16,190,10,130,5,39,195,43,127,179,96,141,11,114,64,79,42,119,132,75,163,133,81,153,166,189,33,35,36,22,112,93,19,46,121,51];True
4212;6487;10699;[198,29,90,41,187,60,42,47,26,161,115,152,172,59,197,123,74,37,94,118,124,168,34,108,174,196,167,15,156,21,73,82,137,86,181,68,9,45,138,126,143,160,91,18,171,195,7,173,89,46,164,4,84,122,25,23,77,57,186,170,176,72,154,49,133,11,182,139,135,191,48,50,56,92,147,67,32,61,38,165,193,28,44,125,6,88,70,71,162,20,188,144,184,8,157,78,128,101,185,76,80,100,30,134,27,2,97,58,158,62,95,1,117,113,169,142,131,110,54,120,3,136,149,107,55,14,13,111,52,148,83,129,24,150,103,105,69,159,40,116,140,99,106,194,180,178,192,109,66,145,102,151,199,0,85,104,17,53,155,146,63,31,183,65,16,190,10,130,5,175,12,43,127,79,179,177,98,114,64,96,141,119,132,75,163,39,81,153,166,189,33,35,36,22,112,93,19,87,121,51];True
4220;6486;10706;[198,29,90,41,187,60,177,47,26,89,115,152,49,54,197,123,74,37,94,118,124,168,34,108,174,196,167,15,156,21,73,82,137,86,181,68,9,45,138,126,143,160,173,18,171,12,7,161,136,144,164,4,84,122,25,23,77,57,186,170,176,72,154,172,59,11,182,139,135,188,48,50,56,92,147,67,32,38,87,165,193,28,44,125,91,88,70,71,162,20,191,61,184,8,157,78,128,101,185,76,80,100,30,134,27,2,97,58,158,175,6,1,117,113,169,142,131,110,62,120,3,95,149,107,55,14,13,111,52,148,83,129,24,150,103,105,69,159,40,116,140,99,106,194,180,178,192,109,66,145,102,151,199,0,85,104,17,53,155,146,63,31,183,65,16,190,10,130,5,39,195,43,127,179,96,141,98,114,64,79,42,119,132,75,163,133,81,153,166,189,33,35,36,22,112,93,19,46,121,51];True
4222;6485;10707;[198,29,90,41,187,60,177,47,26,89,115,152,49,54,197,123,74,37,94,118,124,168,34,108,174,196,167,15,156,21,73,82,163,86,181,68,9,45,138,126,143,160,173,18,171,12,7,161,136,144,164,4,84,122,25,23,77,57,186,170,176,72,154,172,59,11,182,139,135,191,48,50,56,92,147,67,32,38,87,165,193,28,44,125,91,88,70,71,162,20,188,61,184,8,157,78,128,101,185,76,80,100,30,134,27,2,97,58,158,175,6,1,117,113,169,142,131,110,62,120,3,95,149,107,55,14,13,111,52,148,83,129,24,150,103,105,69,159,40,116,140,99,106,194,180,178,192,109,66,145,102,151,199,0,85,104,17,53,155,146,63,31,183,65,16,190,10,130,5,39,195,43,127,179,96,141,98,114,64,79,42,119,132,75,137,133,81,153,166,189,33,35,36,22,112,93,19,46,121,51];True
4230;6484;10714;[198,29,90,41,187,60,42,47,26,161,115,152,172,59,197,123,74,37,94,118,124,168,34,108,174,196,167,15,156,21,73,82,137,86,181,68,9,45,138,126,143,160,91,18,171,195,7,173,89,46,164,4,84,122,25,23,77,57,186,170,176,72,154,49,133,11,182,139,135,191,48,50,56,92,147,67,32,61,19,165,193,28,44,125,6,88,70,71,162,20,188,144,184,8,157,78,128,101,185,76,80,100,30,134,27,2,97,58,158,62,95,1,117,113,169,142,131,110,54,120,3,136,149,107,55,14,13,111,52,148,83,129,24,150,103,105,69,159,40,116,140,99,106,194,180,178,192,109,66,145,102,151,199,0,85,104,17,53,155,146,63,31,183,65,16,190,10,130,5,175,12,43,127,79,179,177,98,114,64,96,141,119,132,75,163,39,81,153,166,189,33,35,36,22,112,93,38,87,121,51];True
4246;6482;10728;[198,29,90,41,187,60,179,47,26,161,115,152,172,59,197,123,74,37,94,118,124,168,34,108,174,196,167,15,156,21,73,82,137,86,181,68,9,45,138,126,143,160,91,18,171,195,7,173,89,46,164,4,84,122,25,23,77,57,186,170,176,72,154,49,39,11,182,139,135,191,48,50,56,92,147,67,32,61,38,165,193,28,44,125,6,88,70,71,162,20,188,144,184,8,157,78,128,101,185,76,80,100,30,134,27,2,97,58,158,62,95,1,117,113,169,142,131,110,54,120,3,136,149,107,55,14,13,111,52,148,83,129,24,150,103,105,69,159,40,116,140,99,106,194,180,178,192,109,66,145,102,151,199,0,85,104,17,53,155,146,63,31,183,65,16,190,10,130,5,175,12,43,127,79,42,177,98,114,64,96,141,119,132,75,163,133,81,153,166,189,33,35,36,22,112,93,19,87,121,51];True
4264;6479;10743;[198,29,90,41,187,60,179,47,26,161,115,152,172,59,197,123,74,37,94,118,124,168,34,108,174,196,167,15,156,21,73,82,137,86,181,68,9,45,138,126,143,160,91,18,171,195,7,173,89,46,164,4,84,122,25,23,77,57,186,170,176,72,154,49,39,11,182,139,135,191,48,50,56,92,147,67,32,61,19,165,193,28,44,125,6,88,70,71,162,20,188,144,184,8,157,78,128,101,185,76,80,100,30,134,27,2,97,58,158,62,95,1,117,113,169,142,131,110,54,120,3,136,149,107,55,14,13,111,52,148,83,129,24,150,103,105,69,159,40,116,140,99,106,194,180,178,192,109,66,145,102,151,199,0,85,104,17,53,155,146,63,31,183,65,16,190,10,130,5,175,12,43,127,79,42,177,98,114,64,96,141,119,132,75,163,133,81,153,166,189,33,35,36,22,112,93,38,87,121,51];True
4274;6478;10752;[198,29,90,41,187,60,179,47,26,161,115,152,172,59,197,123,74,37,94,118,124,168,34,108,174,196,167,15,156,21,73,82,137,86,181,68,9,45,138,126,143,160,91,18,171,195,7,173,89,46,164,4,84,122,25,23,77,57,186,170,176,72,154,49,76,98,182,139,135,191,48,50,56,92,147,67,32,61,38,165,193,28,44,125,6,88,70,71,162,20,188,144,184,8,157,78,128,101,185,39,80,100,30,134,27,2,97,58,158,62,95,1,117,113,169,142,131,110,54,120,3,136,149,107,55,14,13,111,52,148,83,129,24,150,103,105,69,159,40,116,104,99,106,194,180,178,192,109,66,145,102,151,199,0,85,140,17,53,155,146,63,31,183,65,16,190,10,130,5,175,12,43,127,79,42,141,11,114,64,96,177,119,132,75,163,133,81,153,166,189,33,35,36,22,112,93,19,87,121,51];True
4276;6477;10753;[198,29,90,41,187,60,179,47,26,161,115,152,172,59,197,123,74,37,94,118,124,168,34,108,174,196,167,15,156,21,73,82,137,86,181,68,9,45,138,126,143,160,91,18,171,195,7,173,89,46,164,4,84,122,25,23,77,57,186,170,176,72,154,49,133,11,182,139,135,191,48,50,56,92,147,67,32,61,38,165,193,28,44,125,6,88,70,71,162,20,188,144,184,8,157,78,128,101,185,76,80,100,30,134,27,2,97,58,158,62,95,1,117,113,169,142,131,110,54,120,3,136,149,107,55,14,13,111,52,148,83,129,24,150,103,105,69,159,40,116,140,99,106,194,180,178,192,109,66,145,102,151,199,0,85,104,17,53,155,146,63,31,183,65,16,190,10,130,5,175,12,43,127,79,42,177,98,114,64,96,141,119,132,75,163,39,81,153,166,189,33,35,36,22,112,93,19,87,121,51];True
4290;6475;10765;[198,29,90,41,187,128,42,47,26,161,115,152,172,59,197,123,31,37,94,118,124,168,34,108,174,196,167,15,156,21,73,82,137,86,181,68,9,45,138,126,143,160,91,18,171,195,7,173,89,46,164,4,84,122,25,23,77,57,186,170,176,72,154,49,54,11,182,139,135,183,51,50,56,92,147,67,32,38,87,165,193,28,44,125,6,88,70,71,162,20,191,61,184,8,157,78,60,101,185,76,80,100,30,134,27,2,97,58,158,62,95,1,117,113,169,142,131,110,133,120,3,136,149,107,55,14,13,111,52,148,83,129,24,150,103,105,69,159,40,116,48,99,106,194,180,178,192,109,66,145,102,151,199,0,85,104,17,53,155,121,140,74,188,65,16,190,10,130,5,177,12,43,127,79,179,175,98,114,64,96,141,119,132,75,163,39,81,153,166,189,33,35,36,22,112,93,19,144,146,63];True
4294;6473;10767;[198,29,90,41,187,60,179,47,26,161,115,152,172,59,197,123,74,37,94,118,124,168,34,108,174,196,167,15,156,21,73,82,137,86,181,68,61,45,138,126,143,160,91,18,171,195,7,173,89,46,164,4,84,122,25,23,77,57,186,170,176,72,154,49,76,98,182,139,135,191,48,50,56,92,147,67,32,38,9,165,193,28,44,125,6,88,70,71,162,20,188,144,184,8,157,78,128,101,185,39,80,100,30,134,27,2,97,58,158,62,95,1,117,113,169,142,131,110,54,120,3,136,149,107,55,14,13,111,52,148,83,129,24,150,103,105,69,159,40,116,140,99,106,194,180,178,192,109,66,145,102,151,199,0,85,104,17,53,155,146,63,31,183,65,16,190,10,130,5,175,12,43,127,79,42,141,11,114,64,96,177,119,132,75,163,133,81,153,166,189,33,35,36,22,112,93,19,87,121,51];True
4299;6471;10770;[198,29,90,41,187,60,179,47,26,161,115,152,172,59,197,123,74,37,94,118,124,168,34,108,174,196,167,15,156,21,73,82,137,86,181,68,9,45,138,126,143,160,91,18,171,195,7,173,89,46,164,4,84,122,25,23,77,57,186,170,176,72,154,49,76,98,182,139,135,191,48,50,56,92,147,67,32,61,38,165,193,28,44,125,6,88,70,71,162,20,188,144,184,8,157,78,128,101,185,39,80,100,30,134,27,2,97,58,158,62,95,1,117,113,169,142,131,110,54,120,3,136,149,107,55,14,13,111,52,148,83,129,24,150,103,105,69,159,40,116,140,99,106,194,180,178,192,109,66,145,102,151,199,0,85,104,17,53,155,146,63,31,183,65,16,190,10,130,5,175,12,43,127,79,42,141,11,114,64,96,177,119,132,75,163,133,81,153,166,189,33,35,36,22,112,93,19,87,121,51];True
4317;6468;10785;[198,29,90,41,187,60,179,47,26,161,115,152,172,59,197,123,74,37,94,118,124,168,34,108,174,196,167,15,156,21,73,82,137,86,181,68,9,45,138,126,143,160,91,18,171,195,7,173,89,46,164,4,84,122,25,23,77,57,186,170,176,72,154,49,76,98,182,139,135,191,48,50,56,92,147,67,32,61,19,165,193,28,44,125,6,88,70,71,162,20,188,144,184,8,157,78,128,101,185,39,80,100,30,134,27,2,97,58,158,62,95,1,117,113,169,142,131,110,54,120,3,136,149,107,55,14,13,111,52,148,83,129,24,150,103,105,69,159,40,116,140,99,106,194,180,178,192,109,66,145,102,151,199,0,85,104,17,53,155,146,63,31,183,65,16,190,10,130,5,175,12,43,127,79,42,141,11,114,64,96,177,119,132,75,163,133,81,153,166,189,33,35,36,22,112,93,38,87,121,51];True
4325;6466;10791;[198,29,90,41,187,128,42,47,26,161,115,152,172,59,197,123,31,37,94,118,124,168,34,108,174,196,167,15,156,21,73,82,137,86,181,68,9,45,138,126,143,160,91,18,171,195,7,173,89,46,164,4,84,122,25,23,77,57,186,170,176,72,154,49,76,11,182,139,135,183,51,50,56,92,147,67,32,38,87,165,193,28,44,125,6,88,70,71,162,20,191,61,184,8,157,78,60,101,185,39,80,100,30,134,27,2,97,58,158,62,95,1,117,113,169,142,131,110,54,120,3,136,149,107,55,14,13,111,52,148,83,129,24,150,103,105,69,159,40,116,48,99,106,194,180,178,192,109,66,145,102,151,199,0,85,104,17,53,155,121,140,74,188,65,16,190,10,130,5,177,12,43,127,79,179,175,98,114,64,96,141,119,132,75,163,133,81,153,166,189,33,35,36,22,112,93,19,144,146,63];True
4342;6465;10807;[198,29,90,41,187,128,42,47,26,161,115,152,172,59,197,123,31,37,94,118,124,168,34,108,174,196,167,15,156,21,73,82,137,86,181,68,9,45,138,126,143,160,91,18,171,195,7,173,89,144,164,4,84,122,25,23,77,57,186,170,176,72,154,49,76,11,182,139,135,183,51,50,56,92,147,67,32,38,87,165,193,28,44,125,6,88,70,71,162,20,191,61,184,8,157,78,60,101,185,39,80,100,30,134,27,2,97,58,158,62,95,1,117,113,169,142,131,110,54,120,3,136,149,107,55,14,13,111,52,148,83,129,24,150,103,105,69,159,40,116,48,99,106,194,180,178,192,109,66,145,102,151,199,0,85,104,17,53,155,121,140,74,188,65,16,190,10,130,5,177,12,43,127,79,179,175,98,114,64,96,141,119,132,75,163,133,81,153,166,189,33,35,36,22,112,93,19,46,146,63];True
4351;6461;10812;[198,29,90,41,187,128,42,47,26,161,115,152,172,59,197,123,31,37,94,118,124,168,34,108,174,196,167,15,156,21,73,82,137,86,181,68,9,45,138,126,143,160,91,18,171,195,7,173,89,46,164,4,84,122,25,23,77,57,186,170,176,72,154,49,39,11,182,139,135,183,51,50,56,92,147,67,32,38,87,165,193,28,44,125,6,88,70,71,162,20,191,61,184,8,157,78,60,101,185,76,80,100,30,134,27,2,97,58,158,62,95,1,117,113,169,142,131,110,54,120,3,136,149,107,55,14,13,111,52,148,83,129,24,150,103,105,69,159,40,116,48,99,106,194,180,178,192,109,66,145,102,151,199,0,85,104,17,53,155,121,140,74,188,65,16,190,10,130,5,177,12,43,127,79,179,175,98,114,64,96,141,119,132,75,163,133,81,153,166,189,33,35,36,22,112,93,19,144,146,63];True
4368;6460;10828;[198,29,90,41,187,128,42,47,26,161,115,152,172,59,197,123,31,37,94,118,124,168,34,108,174,196,167,15,156,21,73,82,137,86,181,68,9,45,138,126,143,160,91,18,171,195,7,173,89,144,164,4,84,122,25,23,77,57,186,170,176,72,154,49,39,11,182,139,135,183,51,50,56,92,147,67,32,38,87,165,193,28,44,125,6,88,70,71,162,20,191,61,184,8,157,78,60,101,185,76,80,100,30,134,27,2,97,58,158,62,95,1,117,113,169,142,131,110,54,120,3,136,149,107,55,14,13,111,52,148,83,129,24,150,103,105,69,159,40,116,48,99,106,194,180,178,192,109,66,145,102,151,199,0,85,104,17,53,155,121,140,74,188,65,16,190,10,130,5,177,12,43,127,79,179,175,98,114,64,96,141,119,132,75,163,133,81,153,166,189,33,35,36,22,112,93,19,46,146,63];True
4373;6457;10830;[198,29,90,41,187,60,42,47,26,161,115,152,172,59,197,123,31,37,94,118,124,168,34,108,174,196,167,15,156,21,73,82,137,86,181,68,9,45,138,126,143,160,91,18,171,195,7,173,89,46,164,4,84,122,25,23,77,57,186,170,176,72,154,49,76,11,182,139,135,183,51,50,56,92,147,67,32,38,87,165,193,28,44,125,6,88,70,71,162,20,191,61,184,8,157,78,128,101,185,39,80,100,30,134,27,2,97,58,158,62,95,1,117,113,169,142,131,110,54,120,3,136,149,107,55,14,13,111,52,148,83,129,24,150,103,105,69,159,40,116,48,99,106,194,180,178,192,109,66,145,102,151,199,0,85,104,17,53,155,121,140,74,188,65,16,190,10,130,5,177,12,43,127,79,179,175,98,114,64,96,141,119,132,75,163,133,81,153,166,189,33,35,36,22,112,93,19,144,146,63];True
4381;6456;10837;[198,29,90,41,187,128,42,47,26,161,115,152,172,59,197,123,31,37,94,118,124,168,34,108,174,196,167,15,156,21,73,82,137,86,181,68,9,45,138,126,143,160,91,18,171,195,7,173,89,46,164,4,84,122,25,23,77,57,186,170,176,72,154,49,133,11,182,139,135,183,51,50,56,92,147,67,32,38,87,165,193,28,44,125,6,88,70,71,162,20,191,61,184,8,157,78,60,101,185,76,80,100,30,134,27,2,97,58,158,62,95,1,117,113,169,142,131,110,54,120,3,136,149,107,55,14,13,111,52,148,83,129,24,150,103,105,69,159,40,116,48,99,106,194,180,178,192,109,66,145,102,151,199,0,85,104,17,53,155,121,140,74,188,65,16,190,10,130,5,177,12,43,127,79,179,175,98,114,64,96,141,119,132,75,163,39,81,153,166,189,33,35,36,22,112,93,19,144,146,63];True
4399;6452;10851;[198,29,90,41,187,60,42,47,26,161,115,152,172,59,197,123,31,37,94,118,124,168,34,108,174,196,167,15,156,21,73,82,137,86,181,68,9,45,138,126,143,160,91,18,171,195,7,173,89,46,164,4,84,122,25,23,77,57,186,170,176,72,154,49,39,11,182,139,135,183,51,50,56,92,147,67,32,38,87,165,193,28,44,125,6,88,70,71,162,20,191,61,184,8,157,78,128,101,185,76,80,100,30,134,27,2,97,58,158,62,95,1,117,113,169,142,131,110,54,120,3,136,149,107,55,14,13,111,52,148,83,129,24,150,103,105,69,159,40,116,48,99,106,194,180,178,192,109,66,145,102,151,199,0,85,104,17,53,155,121,140,74,188,65,16,190,10,130,5,177,12,43,127,79,179,175,98,114,64,96,141,119,132,75,163,133,81,153,166,189,33,35,36,22,112,93,19,144,146,63];True
4398;6455;10853;[198,29,90,41,187,128,42,47,26,161,115,152,172,59,197,123,31,37,94,118,124,168,34,108,174,196,167,15,156,21,73,82,137,86,181,68,9,45,138,126,143,160,91,18,171,195,7,173,89,144,164,4,84,122,25,23,77,57,186,170,176,72,154,49,133,11,182,139,135,183,51,50,56,92,147,67,32,38,87,165,193,28,44,125,6,88,70,71,162,20,191,61,184,8,157,78,60,101,185,76,80,100,30,134,27,2,97,58,158,62,95,1,117,113,169,142,131,110,54,120,3,136,149,107,55,14,13,111,52,148,83,129,24,150,103,105,69,159,40,116,48,99,106,194,180,178,192,109,66,145,102,151,199,0,85,104,17,53,155,121,140,74,188,65,16,190,10,130,5,177,12,43,127,79,179,175,98,114,64,96,141,119,132,75,163,39,81,153,166,189,33,35,36,22,112,93,19,46,146,63];True
4416;6451;10867;[198,29,90,41,187,60,42,47,26,161,115,152,172,59,197,123,31,37,94,118,124,168,34,108,174,196,167,15,156,21,73,82,137,86,181,68,9,45,138,126,143,160,91,18,171,195,7,173,89,144,164,4,84,122,25,23,77,57,186,170,176,72,154,49,39,11,182,139,135,183,51,50,56,92,147,67,32,38,87,165,193,28,44,125,6,88,70,71,162,20,191,61,184,8,157,78,128,101,185,76,80,100,30,134,27,2,97,58,158,62,95,1,117,113,169,142,131,110,54,120,3,136,149,107,55,14,13,111,52,148,83,129,24,150,103,105,69,159,40,116,48,99,106,194,180,178,192,109,66,145,102,151,199,0,85,104,17,53,155,121,140,74,188,65,16,190,10,130,5,177,12,43,127,79,179,175,98,114,64,96,141,119,132,75,163,133,81,153,166,189,33,35,36,22,112,93,19,46,146,63];True
4421;6450;10871;[198,29,90,41,187,60,42,47,26,161,115,152,172,59,197,123,31,37,94,118,124,168,34,108,174,196,167,15,156,21,73,82,137,86,181,68,9,45,138,126,143,160,91,18,171,195,7,173,89,46,164,4,84,122,25,23,77,57,186,170,176,72,154,49,76,11,182,139,135,183,51,50,56,92,147,67,32,38,87,165,193,28,44,125,6,88,70,71,162,20,191,61,184,8,157,78,128,101,185,39,80,100,30,134,27,2,97,58,158,62,95,1,117,113,169,142,131,110,54,120,3,136,149,107,55,14,13,111,52,148,83,129,24,150,103,105,69,159,40,116,48,99,106,194,180,178,192,109,66,145,102,151,199,0,85,104,17,53,155,121,140,74,188,65,16,190,10,130,5,175,12,43,127,79,179,177,98,114,64,96,141,119,132,75,163,133,81,153,166,189,33,35,36,22,112,93,19,144,146,63];True
4429;6447;10876;[198,29,90,41,187,60,42,47,26,161,115,152,172,59,197,123,31,37,94,118,124,168,34,108,174,196,167,15,156,21,73,82,137,86,181,68,9,45,138,126,143,160,91,18,171,195,7,173,89,46,164,4,84,122,25,23,77,57,186,170,176,72,154,49,133,11,182,139,135,183,51,50,56,92,147,67,32,38,87,165,193,28,44,125,6,88,70,71,162,20,191,61,184,8,157,78,128,101,185,76,80,100,30,134,27,2,97,58,158,62,95,1,117,113,169,142,131,110,54,120,3,136,149,107,55,14,13,111,52,148,83,129,24,150,103,105,69,159,40,116,48,99,106,194,180,178,192,109,66,145,102,151,199,0,85,104,17,53,155,121,140,74,188,65,16,190,10,130,5,177,12,43,127,79,179,175,98,114,64,96,141,119,132,75,163,39,81,153,166,189,33,35,36,22,112,93,19,144,146,63];True
4446;6446;10892;[198,29,90,41,187,60,42,47,26,161,115,152,172,59,197,123,31,37,94,118,124,168,34,108,174,196,167,15,156,21,73,82,137,86,181,68,9,45,138,126,143,160,91,18,171,195,7,173,89,144,164,4,84,122,25,23,77,57,186,170,176,72,154,49,133,11,182,139,135,183,51,50,56,92,147,67,32,38,87,165,193,28,44,125,6,88,70,71,162,20,191,61,184,8,157,78,128,101,185,76,80,100,30,134,27,2,97,58,158,62,95,1,117,113,169,142,131,110,54,120,3,136,149,107,55,14,13,111,52,148,83,129,24,150,103,105,69,159,40,116,48,99,106,194,180,178,192,109,66,145,102,151,199,0,85,104,17,53,155,121,140,74,188,65,16,190,10,130,5,177,12,43,127,79,179,175,98,114,64,96,141,119,132,75,163,39,81,153,166,189,33,35,36,22,112,93,19,46,146,63];True
4447;6445;10892;[198,29,90,41,187,60,42,47,26,161,115,152,172,59,197,123,31,37,94,118,124,168,34,108,174,196,167,15,156,21,73,82,137,86,181,68,9,45,138,126,143,160,91,18,171,195,7,173,89,46,164,4,84,122,25,23,77,57,186,170,176,72,154,49,39,11,182,139,135,183,51,50,56,92,147,67,32,38,87,165,193,28,44,125,6,88,70,71,162,20,191,61,184,8,157,78,128,101,185,76,80,100,30,134,27,2,97,58,158,62,95,1,117,113,169,142,131,110,54,120,3,136,149,107,55,14,13,111,52,148,83,129,24,150,103,105,69,159,40,116,48,99,106,194,180,178,192,109,66,145,102,151,199,0,85,104,17,53,155,121,140,74,188,65,16,190,10,130,5,175,12,43,127,79,179,177,98,114,64,96,141,119,132,75,163,133,81,153,166,189,33,35,36,22,112,93,19,144,146,63];True
4464;6444;10908;[198,29,90,41,187,60,42,47,26,161,115,152,172,59,197,123,31,37,94,118,124,168,34,108,174,196,167,15,156,21,73,82,137,86,181,68,9,45,138,126,143,160,91,18,171,195,7,173,89,144,164,4,84,122,25,23,77,57,186,170,176,72,154,49,39,11,182,139,135,183,51,50,56,92,147,67,32,38,87,165,193,28,44,125,6,88,70,71,162,20,191,61,184,8,157,78,128,101,185,76,80,100,30,134,27,2,97,58,158,62,95,1,117,113,169,142,131,110,54,120,3,136,149,107,55,14,13,111,52,148,83,129,24,150,103,105,69,159,40,116,48,99,106,194,180,178,192,109,66,145,102,151,199,0,85,104,17,53,155,121,140,74,188,65,16,190,10,130,5,175,12,43,127,79,179,177,98,114,64,96,141,119,132,75,163,133,81,153,166,189,33,35,36,22,112,93,19,46,146,63];True
4472;6442;10914;[198,29,90,41,187,79,179,47,26,161,115,152,172,59,197,123,31,37,94,118,124,168,34,108,174,196,167,15,156,21,73,82,137,86,181,68,9,45,138,126,143,160,91,18,171,195,7,173,89,46,164,4,84,122,25,23,77,57,186,170,176,72,154,49,76,98,182,139,135,183,51,50,56,92,147,67,32,38,87,165,193,28,44,125,6,88,70,71,162,20,191,61,184,8,157,78,128,101,185,39,80,100,30,134,27,2,97,58,158,62,95,1,117,113,169,142,131,110,54,120,3,136,149,107,55,14,13,111,52,148,83,129,24,150,103,105,69,159,40,116,48,99,106,194,180,178,192,109,66,145,102,151,199,0,85,104,17,53,155,121,140,74,188,65,16,190,10,130,5,175,12,43,127,60,42,141,11,114,64,96,177,119,132,75,163,133,81,153,166,189,33,35,36,22,112,93,19,144,146,63];True
4477;6440;10917;[198,29,90,41,187,60,42,47,26,161,115,152,172,59,197,123,31,37,94,118,124,168,34,108,174,196,167,15,156,21,73,82,137,86,181,68,9,45,138,126,143,160,91,18,171,195,7,173,89,46,164,4,84,122,25,23,77,57,186,170,176,72,154,49,133,11,182,139,135,183,51,50,56,92,147,67,32,38,87,165,193,28,44,125,6,88,70,71,162,20,191,61,184,8,157,78,128,101,185,76,80,100,30,134,27,2,97,58,158,62,95,1,117,113,169,142,131,110,54,120,3,136,149,107,55,14,13,111,52,148,83,129,24,150,103,105,69,159,40,116,48,99,106,194,180,178,192,109,66,145,102,151,199,0,85,104,17,53,155,121,140,74,188,65,16,190,10,130,5,175,12,43,127,79,179,177,98,114,64,96,141,119,132,75,163,39,81,153,166,189,33,35,36,22,112,93,19,144,146,63];True
4494;6439;10933;[198,29,90,41,187,60,42,47,26,161,115,152,172,59,197,123,31,37,94,118,124,168,34,108,174,196,167,15,156,21,73,82,137,86,181,68,9,45,138,126,143,160,91,18,171,195,7,173,89,144,164,4,84,122,25,23,77,57,186,170,176,72,154,49,133,11,182,139,135,183,51,50,56,92,147,67,32,38,87,165,193,28,44,125,6,88,70,71,162,20,191,61,184,8,157,78,128,101,185,76,80,100,30,134,27,2,97,58,158,62,95,1,117,113,169,142,131,110,54,120,3,136,149,107,55,14,13,111,52,148,83,129,24,150,103,105,69,159,40,116,48,99,106,194,180,178,192,109,66,145,102,151,199,0,85,104,17,53,155,121,140,74,188,65,16,190,10,130,5,175,12,43,127,79,179,177,98,114,64,96,141,119,132,75,163,39,81,153,166,189,33,35,36,22,112,93,19,46,146,63];True
4511;6435;10946;[198,29,90,41,187,60,179,47,26,161,115,152,172,59,197,123,31,37,94,118,124,168,34,108,174,196,167,15,156,21,73,82,137,86,181,68,9,45,138,126,143,160,91,18,171,195,7,173,89,46,164,4,84,122,25,23,77,57,186,170,176,72,154,49,39,11,182,139,135,183,51,50,56,92,147,67,32,38,87,165,193,28,44,125,6,88,70,71,162,20,191,61,184,8,157,78,128,101,185,76,80,100,30,134,27,2,97,58,158,62,95,1,117,113,169,142,131,110,54,120,3,136,149,107,55,14,13,111,52,148,83,129,24,150,103,105,69,159,40,116,48,99,106,194,180,178,192,109,66,145,102,151,199,0,85,104,17,53,155,121,140,74,188,65,16,190,10,130,5,175,12,43,127,79,42,177,98,114,64,96,141,119,132,75,163,133,81,153,166,189,33,35,36,22,112,93,19,144,146,63];True
4510;6438;10948;[198,29,90,41,187,60,179,47,26,161,115,152,172,59,197,123,31,37,94,118,124,168,34,108,174,196,167,15,156,21,73,82,137,86,181,68,9,45,138,126,143,160,91,18,171,195,7,173,89,46,164,4,84,122,25,23,77,57,186,170,176,72,154,49,76,98,182,139,135,183,51,50,56,92,147,67,32,38,87,165,193,28,44,125,6,88,70,71,162,20,191,61,184,8,157,78,128,101,185,39,80,100,30,134,27,2,97,58,158,62,95,1,117,113,169,142,131,110,54,120,3,136,149,107,55,14,13,111,52,148,83,129,24,150,103,105,69,159,40,116,48,99,106,194,180,178,192,10,66,145,102,151,199,0,85,104,17,53,155,121,140,74,188,65,16,190,109,130,5,175,12,43,127,79,42,141,11,114,64,96,177,119,132,75,163,133,81,153,166,189,33,35,36,22,112,93,19,144,146,63];True
4528;6434;10962;[198,29,90,41,187,60,179,47,26,161,115,152,172,59,197,123,31,37,94,118,124,168,34,108,174,196,167,15,156,21,73,82,137,86,181,68,9,45,138,126,143,160,91,18,171,195,7,173,89,46,164,4,84,122,25,23,77,57,186,170,176,72,154,49,76,98,182,139,135,183,51,50,56,92,147,67,32,38,87,165,193,28,44,125,6,88,70,71,162,20,191,61,184,8,157,78,128,101,185,39,80,100,30,134,27,2,97,58,158,62,95,1,117,113,169,142,131,110,54,120,3,136,149,107,55,14,13,111,52,148,83,129,24,150,103,105,69,159,40,116,48,99,106,194,180,178,192,109,66,145,102,114,199,0,85,104,17,53,155,121,140,74,188,65,16,190,10,130,5,175,12,43,127,79,42,141,11,151,96,64,177,119,132,75,163,133,81,153,166,189,33,35,36,22,112,93,19,144,146,63];True
4541;6430;10971;[198,29,90,41,187,60,179,47,26,161,115,152,172,59,197,123,31,37,94,118,124,168,34,108,174,196,167,15,156,21,73,82,137,86,181,68,9,45,138,126,143,160,91,18,171,195,7,173,89,46,164,4,84,122,25,23,77,57,186,170,176,72,154,49,133,11,182,139,135,183,51,50,56,92,147,67,32,38,87,165,193,28,44,125,6,88,70,71,162,20,191,61,184,8,157,78,128,101,185,76,80,100,30,134,27,2,97,58,158,62,95,1,117,113,169,142,131,110,54,120,3,136,149,107,55,14,13,111,52,148,83,129,24,150,103,105,69,159,40,116,48,99,106,194,180,178,192,109,66,145,102,151,199,0,85,104,17,53,155,121,140,74,188,65,16,190,10,130,5,175,12,43,127,79,42,177,98,114,64,96,141,119,132,75,163,39,81,153,166,189,33,35,36,22,112,93,19,144,146,63];True
4558;6429;10987;[198,29,90,41,187,60,179,47,26,161,115,152,172,59,197,123,31,37,94,118,124,168,34,108,174,196,167,15,156,21,73,82,137,86,181,68,9,45,138,126,143,160,91,18,171,195,7,173,89,144,164,4,84,122,25,23,77,57,186,170,176,72,154,49,133,11,182,139,135,183,51,50,56,92,147,67,32,38,87,165,193,28,44,125,6,88,70,71,162,20,191,61,184,8,157,78,128,101,185,76,80,100,30,134,27,2,97,58,158,62,95,1,117,113,169,142,131,110,54,120,3,136,149,107,55,14,13,111,52,148,83,129,24,150,103,105,69,159,40,116,48,99,106,194,180,178,192,109,66,145,102,151,199,0,85,104,17,53,155,121,140,74,188,65,16,190,10,130,5,175,12,43,127,79,42,177,98,114,64,96,141,119,132,75,163,39,81,153,166,189,33,35,36,22,112,93,19,46,146,63];True
4564;6424;10988;[198,29,90,41,187,60,179,47,26,161,115,152,172,59,197,123,31,37,94,118,124,168,34,108,174,196,167,15,156,21,73,82,137,86,181,68,9,45,138,126,143,160,91,18,171,195,7,173,89,46,164,4,84,122,25,23,77,57,186,170,176,72,154,49,76,98,182,139,135,183,51,50,56,92,147,67,32,38,87,165,193,28,44,125,6,88,70,71,162,20,191,61,184,8,157,78,128,101,185,39,80,100,30,134,27,2,97,58,158,62,95,1,117,113,169,142,131,110,54,120,3,136,149,107,55,14,13,111,52,148,83,129,24,150,103,105,69,159,40,116,48,99,106,194,180,178,192,109,66,145,102,151,199,0,85,104,17,53,155,121,140,74,188,65,16,190,10,130,5,175,12,43,127,79,42,141,11,114,64,96,177,119,132,75,163,133,81,153,166,189,33,35,36,22,112,93,19,144,146,63];True
4581;6423;11004;[198,29,90,41,187,60,179,47,26,161,115,152,172,59,197,123,31,37,94,118,124,168,34,108,174,196,167,15,156,21,73,82,137,86,181,68,9,45,138,126,143,160,91,18,171,195,7,173,89,144,164,4,84,122,25,23,77,57,186,170,176,72,154,49,76,98,182,139,135,183,51,50,56,92,147,67,32,38,87,165,193,28,44,125,6,88,70,71,162,20,191,61,184,8,157,78,128,101,185,39,80,100,30,134,27,2,97,58,158,62,95,1,117,113,169,142,131,110,54,120,3,136,149,107,55,14,13,111,52,148,83,129,24,150,103,105,69,159,40,116,48,99,106,194,180,178,192,109,66,145,102,151,199,0,85,104,17,53,155,121,140,74,188,65,16,190,10,130,5,175,12,43,127,79,42,141,11,114,64,96,177,119,132,75,163,133,81,153,166,189,33,35,36,22,112,93,19,46,146,63];True
4603;6422;11025;[198,29,90,41,187,60,179,47,26,161,115,152,172,59,197,123,17,37,94,118,124,168,34,108,174,196,167,15,156,21,73,82,137,86,181,68,9,45,138,126,143,160,91,18,171,195,7,173,89,144,164,4,84,122,25,23,77,57,186,170,176,72,154,49,76,98,182,139,135,183,51,50,56,92,147,67,32,38,87,165,193,28,44,125,6,88,70,71,162,20,191,61,184,8,157,78,128,101,185,39,80,100,30,134,27,2,97,58,158,62,95,1,117,113,169,142,131,110,54,120,3,136,149,107,55,14,13,111,52,148,83,129,24,150,103,105,69,159,40,116,48,99,106,194,180,178,192,109,66,145,102,151,199,0,85,104,31,53,155,121,140,74,188,65,16,190,10,130,5,175,12,43,127,79,42,141,11,114,64,96,177,119,132,75,163,133,81,153,166,189,33,35,36,22,112,93,19,46,146,63];True
4608;6420;11028;[198,29,90,41,187,60,179,47,26,161,115,152,172,59,197,123,31,37,94,118,124,168,34,108,174,196,167,15,156,21,73,82,137,86,181,68,9,45,138,126,143,160,91,18,171,195,7,173,89,46,164,4,84,122,25,23,77,57,186,170,176,72,154,49,133,11,182,139,135,183,51,50,56,92,147,67,32,38,87,165,193,28,44,125,6,88,70,71,162,20,191,61,184,8,157,78,128,101,185,76,80,100,30,134,27,2,97,58,158,62,95,1,117,113,169,142,131,110,54,120,3,136,149,107,55,14,13,111,52,148,83,129,24,150,103,105,69,159,40,116,48,99,106,194,180,178,192,109,66,145,102,151,199,0,85,104,17,53,155,121,140,74,188,65,16,190,10,130,5,175,12,43,127,79,42,141,98,114,64,96,177,119,132,75,163,39,81,153,166,189,33,35,36,22,112,93,19,144,146,63];True
4625;6419;11044;[198,29,90,41,187,60,179,47,26,161,115,152,172,59,197,123,31,37,94,118,124,168,34,108,174,196,167,15,156,21,73,82,137,86,181,68,9,45,138,126,143,160,91,18,171,195,7,173,89,144,164,4,84,122,25,23,77,57,186,170,176,72,154,49,133,11,182,139,135,183,51,50,56,92,147,67,32,38,87,165,193,28,44,125,6,88,70,71,162,20,191,61,184,8,157,78,128,101,185,76,80,100,30,134,27,2,97,58,158,62,95,1,117,113,169,142,131,110,54,120,3,136,149,107,55,14,13,111,52,148,83,129,24,150,103,105,69,159,40,116,48,99,106,194,180,178,192,109,66,145,102,151,199,0,85,104,17,53,155,121,140,74,188,65,16,190,10,130,5,175,12,43,127,79,42,141,98,114,64,96,177,119,132,75,163,39,81,153,166,189,33,35,36,22,112,93,19,46,146,63];True
4647;6418;11065;[198,29,90,41,187,60,179,47,26,161,115,152,172,59,197,123,17,37,94,118,124,168,34,108,174,196,167,15,156,21,73,82,137,86,181,68,9,45,138,126,143,160,91,18,171,195,7,173,89,144,164,4,84,122,25,23,77,57,186,170,176,72,154,49,133,11,182,139,135,183,51,50,56,92,147,67,32,38,87,165,193,28,44,125,6,88,70,71,162,20,191,61,184,8,157,78,128,101,185,76,80,100,30,134,27,2,97,58,158,62,95,1,117,113,169,142,131,110,54,120,3,136,149,107,55,14,13,111,52,148,83,129,24,150,103,105,69,159,40,116,48,99,106,194,180,178,192,109,66,145,102,151,199,0,85,104,31,53,155,121,140,74,188,65,16,190,10,130,5,175,12,43,127,79,42,141,98,114,64,96,177,119,132,75,163,39,81,153,166,189,33,35,36,22,112,93,19,46,146,63];True
4657;6417;11074;[198,29,90,41,172,60,179,47,26,161,115,152,163,59,197,123,31,37,94,118,124,168,34,108,174,196,167,15,156,21,73,82,187,86,181,68,9,45,138,126,143,160,91,18,171,195,7,173,89,46,164,4,84,122,25,23,77,57,186,170,176,72,154,49,76,98,182,139,135,183,51,50,56,92,147,67,32,38,87,165,193,28,44,125,6,88,70,71,162,20,191,61,184,8,157,78,128,101,185,39,80,100,30,134,27,2,97,58,158,62,95,1,117,113,169,142,131,110,54,120,3,136,149,107,55,14,13,111,52,148,83,129,24,150,103,105,69,159,40,116,48,99,106,194,180,178,192,109,66,145,102,151,199,0,85,104,17,53,155,121,140,74,188,65,16,190,10,130,5,175,12,43,127,79,42,141,11,114,64,96,177,119,132,75,137,133,81,153,166,189,33,35,36,22,112,93,19,144,146,63];True
4669;6415;11084;[198,29,90,41,187,60,179,47,26,161,115,152,172,59,197,123,31,37,94,118,124,168,34,108,174,196,167,15,156,21,73,82,163,86,181,68,9,45,138,126,143,160,91,18,171,195,7,173,89,46,164,4,84,122,25,23,77,57,186,170,176,72,154,49,76,98,182,139,135,183,51,50,56,92,147,67,32,38,87,165,193,28,44,125,6,88,70,71,162,20,191,61,184,8,157,78,128,101,185,39,80,100,30,134,27,2,97,58,158,62,95,1,117,113,169,142,131,110,54,120,3,136,149,107,55,14,13,111,52,148,83,129,24,150,103,105,69,159,40,116,48,99,106,194,180,178,192,109,66,145,102,151,199,0,85,104,17,53,155,121,140,74,188,65,16,190,10,130,5,175,12,43,127,79,42,141,11,114,64,96,177,119,132,75,137,133,81,153,166,189,33,35,36,22,112,93,19,144,146,63];True
4679;6413;11092;[198,29,90,41,187,60,179,47,26,161,115,152,163,59,197,123,31,37,94,118,124,168,34,108,174,196,167,15,156,21,73,82,172,86,181,68,9,45,138,126,143,160,91,18,171,195,7,173,89,46,164,4,84,122,25,23,77,57,186,170,176,72,154,49,39,11,182,139,135,183,51,50,56,92,147,67,32,38,87,165,193,28,44,125,6,88,70,71,162,20,191,61,184,8,157,78,128,101,185,76,80,100,30,134,27,2,97,58,158,62,95,1,117,113,169,142,131,110,54,120,3,136,149,107,55,14,13,111,52,148,83,129,24,150,103,105,69,159,40,116,48,99,106,194,180,178,192,109,66,145,102,151,199,0,85,104,17,53,155,121,140,74,188,65,16,190,10,130,5,175,12,43,127,79,42,177,98,114,64,96,141,119,132,75,137,133,81,153,166,189,33,35,36,22,112,93,19,144,146,63];True
4696;6412;11108;[198,29,90,41,187,60,179,47,26,161,115,152,163,59,197,123,31,37,94,118,124,168,34,108,174,196,167,15,156,21,73,82,172,86,181,68,9,45,138,126,143,160,91,18,171,195,7,173,89,46,164,4,84,122,25,23,77,57,186,170,176,72,154,49,76,98,182,139,135,183,51,50,56,92,147,67,32,38,87,165,193,28,44,125,6,88,70,71,162,20,191,61,184,8,157,78,128,101,185,39,80,100,30,134,27,2,97,58,158,62,95,1,117,113,169,142,131,110,54,120,3,136,149,107,55,14,13,111,52,148,83,129,24,150,103,105,69,159,40,116,48,99,106,194,180,178,192,109,66,145,102,114,199,0,85,104,17,53,155,121,140,74,188,65,16,190,10,130,5,175,12,43,127,79,42,141,11,151,96,64,177,119,132,75,137,133,81,153,166,189,33,35,36,22,112,93,19,144,146,63];True
4712;6410;11122;[198,29,90,41,187,60,179,47,26,161,115,152,163,59,197,123,31,37,94,118,124,168,34,108,174,196,167,15,156,21,73,82,172,86,181,68,9,45,138,126,143,160,91,18,171,195,7,173,89,46,164,4,84,122,25,23,77,57,186,170,176,72,154,49,76,98,182,139,135,183,51,50,56,92,147,67,32,38,87,165,193,28,44,125,6,88,70,71,162,20,191,61,184,8,157,78,128,101,185,39,80,100,30,134,27,2,97,58,158,62,95,1,117,113,169,142,131,110,54,120,3,136,149,107,55,14,13,111,52,148,83,129,24,150,103,105,69,159,40,116,48,99,106,194,180,178,192,109,66,145,102,114,199,0,85,104,17,53,155,121,140,74,188,65,16,190,10,130,5,175,12,43,127,79,42,141,11,151,64,96,177,119,132,75,137,133,81,153,166,189,33,35,36,22,112,93,19,144,146,63];True
4720;6408;11128;[198,29,90,41,187,60,179,47,26,161,115,152,163,59,197,123,31,37,94,118,124,168,34,108,174,196,167,15,156,21,73,82,172,86,181,68,9,45,138,126,143,160,91,18,171,195,7,173,89,46,164,4,84,122,25,23,77,57,186,170,176,72,154,49,76,11,182,139,135,183,51,50,56,92,147,67,32,38,87,165,193,28,44,125,6,88,70,71,162,20,191,61,184,8,157,78,128,101,185,39,80,100,30,134,27,2,97,58,158,62,95,1,117,113,169,142,131,110,54,120,3,136,149,107,55,14,13,111,52,148,83,129,24,150,103,105,69,159,40,116,48,99,106,194,180,178,192,109,66,145,102,151,199,0,85,104,17,53,155,121,140,74,188,65,16,190,10,130,5,175,12,43,127,79,42,141,98,114,64,96,177,119,132,75,137,133,81,153,166,189,33,35,36,22,112,93,19,144,146,63];True
4732;6402;11134;[198,29,90,41,187,60,179,47,26,161,115,152,163,59,197,123,31,37,94,118,124,168,34,108,174,196,167,15,156,21,73,82,172,86,181,68,9,45,138,126,143,160,91,18,171,195,7,173,89,46,164,4,84,122,25,23,77,57,186,170,176,72,154,49,76,98,182,139,135,183,51,50,56,92,147,67,32,38,87,165,193,28,44,125,6,88,70,71,162,20,191,61,184,8,157,78,128,101,185,39,80,100,30,134,27,2,97,58,158,62,95,1,117,113,169,142,131,110,54,120,3,136,149,107,55,14,13,111,52,148,83,129,24,150,103,105,69,159,40,116,48,99,106,194,180,178,192,109,66,145,102,151,199,0,85,104,17,53,155,121,140,74,188,65,16,190,10,130,5,175,12,43,127,79,42,141,11,114,64,96,177,119,132,75,137,133,81,153,166,189,33,35,36,22,112,93,19,144,146,63];True
4749;6401;11150;[198,29,90,41,187,60,179,47,26,161,115,152,163,59,197,123,31,37,94,118,124,168,34,108,174,196,167,15,156,21,73,82,172,86,181,68,9,45,138,126,143,160,91,18,171,195,7,173,89,144,164,4,84,122,25,23,77,57,186,170,176,72,154,49,76,98,182,139,135,183,51,50,56,92,147,67,32,38,87,165,193,28,44,125,6,88,70,71,162,20,191,61,184,8,157,78,128,101,185,39,80,100,30,134,27,2,97,58,158,62,95,1,117,113,169,142,131,110,54,120,3,136,149,107,55,14,13,111,52,148,83,129,24,150,103,105,69,159,40,116,48,99,106,194,180,178,192,109,66,145,102,151,199,0,85,104,17,53,155,121,140,74,188,65,16,190,10,130,5,175,12,43,127,79,42,141,11,114,64,96,177,119,132,75,137,133,81,153,166,189,33,35,36,22,112,93,19,46,146,63];True
4771;6400;11171;[198,29,90,41,187,60,179,47,26,161,115,152,163,59,197,123,17,37,94,118,124,168,34,108,174,196,167,15,156,21,73,82,172,86,181,68,9,45,138,126,143,160,91,18,171,195,7,173,89,144,164,4,84,122,25,23,77,57,186,170,176,72,154,49,76,98,182,139,135,183,51,50,56,92,147,67,32,38,87,165,193,28,44,125,6,88,70,71,162,20,191,61,184,8,157,78,128,101,185,39,80,100,30,134,27,2,97,58,158,62,95,1,117,113,169,142,131,110,54,120,3,136,149,107,55,14,13,111,52,148,83,129,24,150,103,105,69,159,40,116,48,99,106,194,180,178,192,109,66,145,102,151,199,0,85,104,31,53,155,121,140,74,188,65,16,190,10,130,5,175,12,43,127,79,42,141,11,114,64,96,177,119,132,75,137,133,81,153,166,189,33,35,36,22,112,93,19,46,146,63];True
4807;6399;11206;[198,29,90,41,187,60,179,47,26,161,115,152,163,59,197,123,31,37,94,118,124,168,34,108,174,196,167,15,156,21,73,82,172,86,181,68,9,45,138,126,143,160,91,18,171,195,7,173,89,144,164,4,84,122,25,23,77,57,186,170,176,72,154,49,39,95,182,139,135,183,51,50,56,92,147,67,32,38,87,165,193,28,44,125,6,88,70,71,162,20,191,61,184,8,157,78,128,101,185,76,80,100,30,134,27,2,97,58,158,62,98,1,117,113,169,142,131,110,54,120,3,136,149,107,55,14,13,111,52,148,83,129,24,150,103,105,69,159,40,116,48,99,106,194,180,178,192,109,66,145,102,151,199,0,85,104,17,53,155,121,140,74,188,65,16,190,10,130,5,175,12,43,127,79,42,141,11,114,64,96,177,119,132,75,137,133,81,153,166,189,33,35,36,22,112,93,19,46,146,63];True
4811;6398;11209;[198,29,90,41,187,60,179,47,26,161,115,152,163,59,197,123,31,37,94,118,124,168,34,108,174,196,167,15,156,21,73,82,172,86,181,68,9,45,138,126,143,160,91,18,171,195,7,173,89,46,164,4,84,122,25,23,77,57,186,170,176,72,154,49,76,98,182,139,135,183,51,50,56,92,147,67,32,38,87,165,193,28,44,125,6,88,70,71,162,20,191,61,184,8,157,78,128,101,185,39,80,131,30,134,27,2,97,58,158,62,95,1,117,113,169,142,100,110,54,120,3,136,149,107,55,14,13,111,52,148,83,129,24,150,103,105,69,159,40,116,48,99,106,194,180,178,192,109,66,145,102,151,199,0,85,104,17,53,155,121,140,74,188,65,16,190,10,130,5,175,12,43,127,79,42,141,11,114,64,96,177,119,132,75,137,133,81,153,166,189,33,35,36,22,112,93,19,144,146,63];True
4828;6395;11223;[198,29,90,41,187,60,179,47,26,161,115,152,163,59,197,123,31,37,94,118,124,168,34,108,174,196,167,15,156,21,73,82,172,86,181,68,9,45,138,126,143,160,91,18,171,195,7,173,89,46,164,4,84,122,25,23,77,57,186,170,176,72,154,49,39,98,182,139,135,183,51,50,56,92,147,67,32,38,87,165,193,28,44,125,6,88,70,71,162,20,191,61,184,8,157,78,128,101,185,76,80,100,30,134,27,2,97,58,158,62,95,1,117,113,169,142,131,110,54,120,3,136,149,107,55,14,13,111,52,148,83,129,24,150,103,105,69,159,40,116,48,99,106,194,180,178,192,109,66,145,102,151,199,0,85,104,17,53,155,121,140,74,188,65,16,190,10,130,5,175,12,43,127,79,42,141,11,114,64,96,177,119,132,75,137,133,81,153,166,189,33,35,36,22,112,93,19,144,146,63];True
4845;6394;11239;[198,29,90,41,187,60,179,47,26,161,115,152,163,59,197,123,31,37,94,118,124,168,34,108,174,196,167,15,156,21,73,82,172,86,181,68,9,45,138,126,143,160,91,18,171,195,7,173,89,144,164,4,84,122,25,23,77,57,186,170,176,72,154,49,39,98,182,139,135,183,51,50,56,92,147,67,32,38,87,165,193,28,44,125,6,88,70,71,162,20,191,61,184,8,157,78,128,101,185,76,80,100,30,134,27,2,97,58,158,62,95,1,117,113,169,142,131,110,54,120,3,136,149,107,55,14,13,111,52,148,83,129,24,150,103,105,69,159,40,116,48,99,106,194,180,178,192,109,66,145,102,151,199,0,85,104,17,53,155,121,140,74,188,65,16,190,10,130,5,175,12,43,127,79,42,141,11,114,64,96,177,119,132,75,137,133,81,153,166,189,33,35,36,22,112,93,19,46,146,63];True
4862;6393;11255;[198,29,90,41,187,60,179,47,26,161,115,152,163,59,197,123,31,37,94,118,124,168,34,108,174,196,167,15,156,21,73,82,172,86,181,68,9,45,138,126,143,160,91,18,171,195,7,173,89,46,164,4,84,122,25,23,77,57,186,170,176,157,154,49,76,98,182,139,135,183,51,50,56,92,147,67,32,38,87,165,193,28,44,125,6,88,70,71,162,20,191,61,184,8,72,78,128,101,185,39,80,100,30,134,27,2,97,58,158,62,95,1,117,113,169,142,131,110,54,120,3,136,149,107,55,14,13,111,52,148,83,129,24,150,103,105,69,159,40,116,48,99,106,194,180,178,192,109,66,145,102,151,199,0,85,104,17,53,155,121,140,74,188,65,16,190,10,130,5,175,12,43,127,79,42,141,11,114,64,96,177,119,132,75,137,133,81,153,166,189,33,35,36,22,112,93,19,144,146,63];True
4879;6392;11271;[198,29,90,41,187,60,179,47,26,161,115,152,163,59,197,123,31,37,94,118,124,168,34,108,174,196,167,15,156,21,73,82,172,86,181,68,9,45,138,126,143,160,91,18,171,195,7,173,89,144,164,4,84,122,25,23,77,57,186,170,176,157,154,49,76,98,182,139,135,183,51,50,56,92,147,67,32,38,87,165,193,28,44,125,6,88,70,71,162,20,191,61,184,8,72,78,128,101,185,39,80,100,30,134,27,2,97,58,158,62,95,1,117,113,169,142,131,110,54,120,3,136,149,107,55,14,13,111,52,148,83,129,24,150,103,105,69,159,40,116,48,99,106,194,180,178,192,109,66,145,102,151,199,0,85,104,17,53,155,121,140,74,188,65,16,190,10,130,5,175,12,43,127,79,42,141,11,114,64,96,177,119,132,75,137,133,81,153,166,189,33,35,36,22,112,93,19,46,146,63];True
4886;6388;11274;[198,29,90,41,187,60,179,47,26,161,115,152,163,59,197,123,31,37,94,118,124,168,34,108,174,196,167,15,156,21,73,82,172,86,181,68,9,45,138,126,143,160,91,18,171,195,7,173,89,46,164,4,84,122,25,23,77,57,186,170,176,3,154,49,76,98,182,139,135,183,51,50,56,92,147,67,32,38,87,165,193,28,44,125,6,88,70,71,162,20,191,61,184,8,72,78,128,101,185,39,80,100,30,134,27,2,97,58,158,62,95,1,117,113,169,142,131,110,54,120,157,136,149,107,55,14,13,111,52,148,83,129,24,150,103,105,69,159,40,116,48,99,106,194,180,178,192,109,66,145,102,151,199,0,85,104,17,53,155,121,140,74,188,65,16,190,10,130,5,175,12,43,127,79,42,141,11,114,64,96,177,119,132,75,137,133,81,153,166,189,33,35,36,22,112,93,19,144,146,63];True
4903;6387;11290;[198,29,90,41,187,60,179,47,26,161,115,152,163,59,197,123,31,37,94,118,124,168,34,108,174,196,167,15,156,21,73,82,172,86,181,68,9,45,138,126,143,160,91,18,171,195,7,173,89,144,164,4,84,122,25,23,77,57,186,170,176,3,154,49,76,98,182,139,135,183,51,50,56,92,147,67,32,38,87,165,193,28,44,125,6,88,70,71,162,20,191,61,184,8,72,78,128,101,185,39,80,100,30,134,27,2,97,58,158,62,95,1,117,113,169,142,131,110,54,120,157,136,149,107,55,14,13,111,52,148,83,129,24,150,103,105,69,159,40,116,48,99,106,194,180,178,192,109,66,145,102,151,199,0,85,104,17,53,155,121,140,74,188,65,16,190,10,130,5,175,12,43,127,79,42,141,11,114,64,96,177,119,132,75,137,133,81,153,166,189,33,35,36,22,112,93,19,46,146,63];True
4925;6386;11311;[198,29,90,41,187,60,179,47,26,161,115,152,163,59,197,123,17,37,94,118,124,168,34,108,174,196,167,15,156,21,73,82,172,86,181,68,9,45,138,126,143,160,91,18,171,195,7,173,89,144,164,4,84,122,25,23,77,57,186,170,176,3,154,49,76,98,182,139,135,183,51,50,56,92,147,67,32,38,87,165,193,28,44,125,6,88,70,71,162,20,191,61,184,8,72,78,128,101,185,39,80,100,30,134,27,2,97,58,158,62,95,1,117,113,169,142,131,110,54,120,157,136,149,107,55,14,13,111,52,148,83,129,24,150,103,105,69,159,40,116,48,99,106,194,180,178,192,109,66,145,102,151,199,0,85,104,31,53,155,121,140,74,188,65,16,190,10,130,5,175,12,43,127,79,42,141,11,114,64,96,177,119,132,75,137,133,81,153,166,189,33,35,36,22,112,93,19,46,146,63];True
4961;6385;11346;[198,29,90,41,187,60,179,47,26,161,115,152,163,59,197,123,31,37,94,118,124,168,34,108,174,196,167,15,156,21,73,82,172,86,181,68,9,45,138,126,143,160,91,18,171,195,7,173,89,144,164,4,84,122,25,23,77,57,186,170,176,3,154,49,39,95,182,139,135,183,51,50,56,92,147,67,32,38,87,165,193,28,44,125,6,88,70,71,162,20,191,61,184,8,72,78,128,101,185,76,80,100,30,134,27,2,97,58,158,62,98,1,117,113,169,142,131,110,54,120,157,136,149,107,55,14,13,111,52,148,83,129,24,150,103,105,69,159,40,116,48,99,106,194,180,178,192,109,66,145,102,151,199,0,85,104,17,53,155,121,140,74,188,65,16,190,10,130,5,175,12,43,127,79,42,141,11,114,64,96,177,119,132,75,137,133,81,153,166,189,33,35,36,22,112,93,19,46,146,63];True
4965;6384;11349;[198,29,90,41,187,60,179,47,26,161,115,152,163,59,197,123,31,37,94,118,124,168,34,108,174,196,167,15,156,21,73,82,172,86,181,68,9,45,138,126,143,160,91,18,171,195,7,173,89,46,164,4,84,122,25,23,77,57,186,170,176,3,154,49,76,98,182,139,135,183,51,50,56,92,147,67,32,38,87,165,193,28,44,125,6,88,70,71,162,20,191,61,184,8,72,78,128,101,185,39,80,131,30,134,27,2,97,58,158,62,95,1,117,113,169,142,100,110,54,120,157,136,149,107,55,14,13,111,52,148,83,129,24,150,103,105,69,159,40,116,48,99,106,194,180,178,192,109,66,145,102,151,199,0,85,104,17,53,155,121,140,74,188,65,16,190,10,130,5,175,12,43,127,79,42,141,11,114,64,96,177,119,132,75,137,133,81,153,166,189,33,35,36,22,112,93,19,144,146,63];True
4982;6381;11363;[198,29,90,41,187,60,179,47,26,161,115,152,163,59,197,123,31,37,94,118,124,168,34,108,174,196,167,15,156,21,73,82,172,86,181,68,9,45,138,126,143,160,91,18,171,195,7,173,89,46,164,4,84,122,25,23,77,57,186,170,176,3,154,49,39,98,182,139,135,183,51,50,56,92,147,67,32,38,87,165,193,28,44,125,6,88,70,71,162,20,191,61,184,8,72,78,128,101,185,76,80,100,30,134,27,2,97,58,158,62,95,1,117,113,169,142,131,110,54,120,157,136,149,107,55,14,13,111,52,148,83,129,24,150,103,105,69,159,40,116,48,99,106,194,180,178,192,109,66,145,102,151,199,0,85,104,17,53,155,121,140,74,188,65,16,190,10,130,5,175,12,43,127,79,42,141,11,114,64,96,177,119,132,75,137,133,81,153,166,189,33,35,36,22,112,93,19,144,146,63];True
4999;6380;11379;[198,29,90,41,187,60,179,47,26,161,115,152,163,59,197,123,31,37,94,118,124,168,34,108,174,196,167,15,156,21,73,82,172,86,181,68,9,45,138,126,143,160,91,18,171,195,7,173,89,144,164,4,84,122,25,23,77,57,186,170,176,3,154,49,39,98,182,139,135,183,51,50,56,92,147,67,32,38,87,165,193,28,44,125,6,88,70,71,162,20,191,61,184,8,72,78,128,101,185,76,80,100,30,134,27,2,97,58,158,62,95,1,117,113,169,142,131,110,54,120,157,136,149,107,55,14,13,111,52,148,83,129,24,150,103,105,69,159,40,116,48,99,106,194,180,178,192,109,66,145,102,151,199,0,85,104,17,53,155,121,140,74,188,65,16,190,10,130,5,175,12,43,127,79,42,141,11,114,64,96,177,119,132,75,137,133,81,153,166,189,33,35,36,22,112,93,19,46,146,63];True
5021;6379;11400;[198,29,90,41,187,60,179,47,26,161,115,152,163,59,197,123,17,37,94,118,124,168,34,108,174,196,167,15,156,21,73,82,172,86,181,68,9,45,138,126,143,160,91,18,171,195,7,173,89,144,164,4,84,122,25,23,77,57,186,170,176,3,154,49,39,98,182,139,135,183,51,50,56,92,147,67,32,38,87,165,193,28,44,125,6,88,70,71,162,20,191,61,184,8,72,78,128,101,185,76,80,100,30,134,27,2,97,58,158,62,95,1,117,113,169,142,131,110,54,120,157,136,149,107,55,14,13,111,52,148,83,129,24,150,103,105,69,159,40,116,48,99,106,194,180,178,192,109,66,145,102,151,199,0,85,104,31,53,155,121,140,74,188,65,16,190,10,130,5,175,12,43,127,79,42,141,11,114,64,96,177,119,132,75,137,133,81,153,166,189,33,35,36,22,112,93,19,46,146,63];True
5038;6378;11416;[198,29,90,41,187,60,179,47,26,161,115,152,163,59,197,123,31,37,94,118,124,168,34,108,174,196,167,15,156,21,73,82,172,86,181,68,9,45,138,126,143,160,91,18,171,195,7,173,23,144,164,4,84,122,25,89,77,57,186,170,176,3,154,49,76,98,182,139,135,183,51,50,56,92,147,67,32,38,87,165,193,28,44,125,6,88,70,71,162,20,191,61,184,8,72,78,128,101,185,39,80,100,30,134,27,2,97,58,158,62,95,1,117,113,169,142,131,110,54,120,157,136,149,107,55,14,13,111,52,148,83,129,24,150,103,105,69,159,40,116,48,99,106,194,180,178,192,109,66,145,102,151,199,0,85,104,17,53,155,121,140,74,188,65,16,190,10,130,5,175,12,43,127,79,42,141,11,114,64,96,177,119,132,75,137,133,81,153,166,189,33,35,36,22,112,93,19,46,146,63];True
5060;6377;11437;[198,29,90,41,187,60,179,47,26,161,115,152,163,59,197,123,17,37,94,118,124,168,34,108,174,196,167,15,156,21,73,82,172,86,181,68,9,45,138,126,143,160,91,18,171,195,7,173,23,144,164,4,84,122,25,89,77,57,186,170,176,3,154,49,76,98,182,139,135,183,51,50,56,92,147,67,32,38,87,165,193,28,44,125,6,88,70,71,162,20,191,61,184,8,72,78,128,101,185,39,80,100,30,134,27,2,97,58,158,62,95,1,117,113,169,142,131,110,54,120,157,136,149,107,55,14,13,111,52,148,83,129,24,150,103,105,69,159,40,116,48,99,106,194,180,178,192,109,66,145,102,151,199,0,85,104,31,53,155,121,140,74,188,65,16,190,10,130,5,175,12,43,127,79,42,141,11,114,64,96,177,119,132,75,137,133,81,153,166,189,33,35,36,22,112,93,19,46,146,63];True
5077;6375;11452;[198,29,90,41,187,60,179,47,26,161,115,152,163,59,197,123,106,37,94,118,124,168,34,108,174,196,167,15,156,21,73,82,172,86,181,68,9,45,138,126,143,160,91,18,171,195,7,173,89,144,164,4,84,122,25,23,77,57,186,170,176,3,154,49,76,98,182,139,135,183,51,50,56,92,147,67,32,38,87,165,193,28,44,125,6,88,70,71,162,20,191,61,184,8,72,78,128,101,185,39,80,100,30,134,27,2,97,58,158,62,95,1,117,113,169,142,131,110,54,120,157,136,149,107,55,14,13,111,52,148,83,129,24,150,103,105,69,159,40,116,99,63,31,53,180,178,192,109,66,145,102,151,199,0,85,104,17,194,48,146,140,74,188,65,16,190,10,130,5,175,12,43,127,79,42,141,11,114,64,96,177,119,132,75,137,133,81,153,166,189,33,35,36,22,112,93,19,46,121,155];True
5116;6374;11490;[198,29,90,41,187,60,179,47,26,161,115,152,163,59,197,123,31,37,94,118,124,168,34,108,174,196,167,15,156,21,73,82,172,86,181,68,9,45,138,126,143,160,91,18,171,12,7,173,89,144,164,4,84,122,25,23,77,57,186,170,176,3,154,49,39,98,182,139,135,183,51,50,56,92,147,67,32,38,87,165,193,28,44,125,6,88,70,71,162,20,191,61,184,8,72,78,128,101,185,76,80,100,30,134,27,2,97,58,158,62,95,1,117,113,169,142,131,110,54,120,157,136,149,107,55,14,13,111,52,148,83,129,24,150,103,105,69,159,40,116,48,99,106,194,180,178,192,109,66,145,102,151,199,0,85,104,17,53,155,121,140,74,188,65,16,190,10,130,5,175,195,43,127,79,42,141,11,114,64,96,177,119,132,75,137,133,81,153,166,189,33,35,36,22,112,93,19,46,146,63];True
5134;6371;11505;[198,29,90,41,187,60,179,47,26,161,115,152,163,59,197,123,31,37,94,118,124,168,34,108,174,196,167,15,156,21,73,82,172,86,181,68,9,45,138,126,143,160,91,18,171,195,7,173,23,144,164,4,84,122,25,89,77,57,186,170,176,3,154,49,39,98,182,139,135,183,51,50,56,92,147,67,32,38,87,165,193,28,44,125,6,88,70,71,162,20,191,61,184,8,72,78,128,101,185,76,80,100,30,134,27,2,97,58,158,62,95,1,117,113,169,142,131,110,54,120,157,136,149,107,55,14,13,111,52,148,83,129,24,150,103,105,69,159,40,116,48,99,106,194,180,178,192,109,66,145,102,151,199,0,85,104,17,53,155,121,140,74,188,65,16,190,10,130,5,175,12,43,127,79,42,141,11,114,64,96,177,119,132,75,137,133,81,153,166,189,33,35,36,22,112,93,19,46,146,63];True
5156;6369;11525;[198,29,90,41,187,60,179,47,26,161,115,152,163,59,197,123,106,37,94,118,124,168,34,108,174,196,167,15,156,21,73,82,172,86,181,68,9,45,138,126,143,160,91,18,171,195,7,173,89,144,164,4,84,122,25,23,77,57,186,170,176,3,154,49,76,98,182,139,65,20,51,50,56,92,147,67,32,38,87,165,193,28,44,125,6,88,70,71,162,194,191,61,184,8,72,78,128,101,185,39,80,100,30,134,27,2,97,58,158,62,95,1,117,113,169,142,131,110,54,120,157,136,149,107,55,14,13,111,52,148,83,129,24,150,103,105,69,159,40,116,99,63,31,53,180,178,192,109,66,145,102,151,199,0,85,104,17,183,48,146,140,74,188,135,16,190,10,130,5,175,12,43,127,79,42,141,11,114,64,96,177,119,132,75,137,133,81,153,166,189,33,35,36,22,112,93,19,46,121,155];True
5173;6368;11541;[198,29,90,41,187,60,179,47,26,161,115,152,163,59,197,123,106,37,94,118,124,168,34,108,174,196,167,15,156,21,73,82,172,86,181,68,9,45,138,126,143,160,91,18,171,195,7,173,89,144,164,4,84,122,25,23,77,57,186,170,176,3,154,49,39,98,182,139,135,183,51,50,56,92,147,67,32,38,87,165,193,28,44,125,6,88,70,71,162,20,191,61,184,8,72,78,128,101,185,76,80,100,30,134,27,2,97,58,158,62,95,1,117,113,169,142,131,110,54,120,157,136,149,107,55,14,13,111,52,148,83,129,24,150,103,105,69,159,40,116,99,63,31,53,180,178,192,109,66,145,102,151,199,0,85,104,17,194,48,146,140,74,188,65,16,190,10,130,5,175,12,43,127,79,42,141,11,114,64,96,177,119,132,75,137,133,81,153,166,189,33,35,36,22,112,93,19,46,121,155];True
5207;6366;11573;[198,29,90,41,187,60,179,47,26,161,115,152,163,59,197,123,106,20,94,118,124,168,34,108,174,196,167,15,156,21,73,82,172,86,181,68,9,45,138,126,143,160,91,18,171,195,7,173,89,144,164,4,84,122,25,23,77,57,186,170,176,3,154,49,76,98,182,139,135,183,51,50,56,92,147,67,32,38,87,165,193,28,44,125,6,88,70,71,162,194,191,61,184,8,72,78,128,101,185,39,80,100,30,134,27,2,97,58,158,62,95,1,117,113,169,142,131,110,54,120,157,136,149,107,55,14,13,111,52,148,83,129,24,150,103,105,69,159,40,116,99,63,31,53,180,178,192,109,66,145,102,151,199,0,85,104,17,37,48,146,140,74,188,65,16,190,10,130,5,175,12,43,127,79,42,141,11,114,64,96,177,119,132,75,137,133,81,153,166,189,33,35,36,22,112,93,19,46,121,155];True
5235;6365;11600;[198,29,90,41,187,60,179,47,26,161,115,152,163,59,197,123,106,37,94,118,124,168,34,108,174,196,167,15,156,21,73,82,172,86,181,68,9,45,138,126,143,160,91,18,171,195,7,173,89,144,164,4,84,122,25,23,77,57,186,170,176,3,154,49,76,98,182,139,65,20,51,50,56,92,147,67,32,38,87,165,193,28,44,125,6,88,70,71,162,194,191,61,184,8,72,78,128,101,185,39,80,131,30,134,27,2,97,58,158,62,95,1,117,113,169,142,100,110,54,120,157,136,149,107,55,14,13,111,52,148,83,129,24,150,103,105,69,159,40,116,99,63,31,53,180,178,192,109,66,145,102,151,199,0,85,104,17,183,48,146,140,74,188,135,16,190,10,130,5,175,12,43,127,79,42,141,11,114,64,96,177,119,132,75,137,133,81,153,166,189,33,35,36,22,112,93,19,46,121,155];True
5244;6364;11608;[198,29,90,41,187,60,179,47,26,161,115,152,163,59,197,123,106,37,94,118,124,168,34,108,174,196,167,15,156,21,73,82,172,86,181,68,9,45,138,126,143,160,91,18,171,195,7,173,89,144,164,4,84,122,25,23,77,57,186,170,176,3,154,49,39,98,182,139,135,183,51,50,56,92,147,67,32,38,87,165,193,28,44,125,6,88,70,71,162,194,191,61,184,8,72,78,128,101,185,76,80,100,30,134,27,2,97,58,158,62,95,1,117,113,169,142,131,110,54,120,157,136,149,107,55,14,13,111,52,148,83,129,24,150,103,105,69,159,40,116,99,63,31,53,180,178,192,109,66,145,102,151,199,0,85,104,17,20,48,146,140,74,188,65,16,190,10,130,5,175,12,43,127,79,42,141,11,114,64,96,177,119,132,75,137,133,81,153,166,189,33,35,36,22,112,93,19,46,121,155];True
5252;6362;11614;[198,29,90,41,187,60,179,47,26,161,115,152,163,59,197,123,106,37,94,118,124,168,34,108,174,196,167,15,156,21,73,82,172,86,181,68,9,45,138,126,143,160,91,18,171,195,7,173,89,144,164,4,84,122,25,23,77,57,186,170,176,3,154,49,39,98,182,139,65,20,51,50,56,92,147,67,32,38,87,165,193,28,44,125,6,88,70,71,162,194,191,61,184,8,72,78,128,101,185,76,80,100,30,134,27,2,97,58,158,62,95,1,117,113,169,142,131,110,54,120,157,136,149,107,55,14,13,111,52,148,83,129,24,150,103,105,69,159,40,116,99,63,31,53,180,178,192,109,66,145,102,151,199,0,85,104,17,183,48,146,140,74,188,135,16,190,10,130,5,175,12,43,127,79,42,141,11,114,64,96,177,119,132,75,137,133,81,153,166,189,33,35,36,22,112,93,19,46,121,155];True
5275;6361;11636;[198,29,90,41,187,60,179,47,26,161,115,152,163,59,197,123,106,37,94,118,124,168,34,108,174,196,167,15,156,21,73,82,172,86,181,68,9,45,138,126,143,160,91,18,171,195,7,173,89,144,164,4,84,122,25,23,77,57,186,170,176,3,154,49,39,98,182,139,135,20,51,50,56,92,147,67,32,38,87,165,193,28,44,125,6,88,70,71,162,194,191,61,184,8,72,78,128,101,185,76,80,100,30,134,27,2,97,58,158,62,95,1,117,113,169,142,131,110,54,120,157,136,149,107,55,14,13,111,52,148,83,129,24,150,103,105,69,159,40,116,99,63,31,53,180,178,192,109,66,145,102,151,199,0,85,104,17,183,48,146,140,74,188,65,16,190,10,130,5,175,12,43,127,79,42,141,11,114,64,96,177,119,132,75,137,133,81,153,166,189,33,35,36,22,112,93,19,46,121,155];True
5291;6360;11651;[198,29,90,41,187,60,179,47,26,161,115,152,163,59,197,123,106,37,94,118,124,168,34,108,174,196,167,15,156,21,73,82,172,86,181,68,9,45,138,126,143,160,91,18,171,195,7,173,23,144,164,4,84,122,25,89,77,57,186,170,176,3,154,49,76,98,182,139,65,20,51,50,56,92,147,67,32,38,87,165,193,28,44,125,6,88,70,71,162,194,191,61,184,8,72,78,128,101,185,39,80,100,30,134,27,2,97,58,158,62,95,1,117,113,169,142,131,110,54,120,157,136,149,107,55,14,13,111,52,148,83,129,24,150,103,105,69,159,40,116,99,63,31,53,180,178,192,109,66,145,102,151,199,0,85,104,17,183,48,146,140,74,188,135,16,190,10,130,5,175,12,43,127,79,42,141,11,114,64,96,177,119,132,75,137,133,81,153,166,189,33,35,36,22,112,93,19,46,121,155];True
5303;6359;11662;[198,29,90,41,187,60,179,47,26,161,115,152,163,59,197,123,106,20,94,118,124,168,34,108,174,196,167,15,156,21,73,82,172,86,181,68,9,45,138,126,143,160,91,18,171,195,7,173,89,144,164,4,84,122,25,23,77,57,186,170,176,3,154,49,39,98,182,139,135,183,51,50,56,92,147,67,32,38,87,165,193,28,44,125,6,88,70,71,162,194,191,61,184,8,72,78,128,101,185,76,80,100,30,134,27,2,97,58,158,62,95,1,117,113,169,142,131,110,54,120,157,136,149,107,55,14,13,111,52,148,83,129,24,150,103,105,69,159,40,116,99,63,31,53,180,178,192,109,66,145,102,151,199,0,85,104,17,37,48,146,140,74,188,65,16,190,10,130,5,175,12,43,127,79,42,141,11,114,64,96,177,119,132,75,137,133,81,153,166,189,33,35,36,22,112,93,19,46,121,155];True
5331;6358;11689;[198,29,90,41,187,60,179,47,26,161,115,152,163,59,197,123,106,37,94,118,124,168,34,108,174,196,167,15,156,21,73,82,172,86,181,68,9,45,138,126,143,160,91,18,171,195,7,173,89,144,164,4,84,122,25,23,77,57,186,170,176,3,154,49,39,98,182,139,65,20,51,50,56,92,147,67,32,38,87,165,193,28,44,125,6,88,70,71,162,194,191,61,184,8,72,78,128,101,185,76,80,131,30,134,27,2,97,58,158,62,95,1,117,113,169,142,100,110,54,120,157,136,149,107,55,14,13,111,52,148,83,129,24,150,103,105,69,159,40,116,99,63,31,53,180,178,192,109,66,145,102,151,199,0,85,104,17,183,48,146,140,74,188,135,16,190,10,130,5,175,12,43,127,79,42,141,11,114,64,96,177,119,132,75,137,133,81,153,166,189,33,35,36,22,112,93,19,46,121,155];True
5342;6357;11699;[198,29,90,41,187,60,179,47,26,161,115,152,163,59,197,123,106,20,94,118,124,168,34,108,174,196,167,15,156,21,73,82,172,86,181,68,9,45,138,126,143,160,91,18,171,195,7,173,23,144,164,4,84,122,25,89,77,57,186,170,176,3,154,49,76,98,182,139,135,183,51,50,56,92,147,67,32,38,87,165,193,28,44,125,6,88,70,71,162,194,191,61,184,8,72,78,128,101,185,39,80,100,30,134,27,2,97,58,158,62,95,1,117,113,169,142,131,110,54,120,157,136,149,107,55,14,13,111,52,148,83,129,24,150,103,105,69,159,40,116,99,63,31,53,180,178,192,109,66,145,102,151,199,0,85,104,17,37,48,146,140,74,188,65,16,190,10,130,5,175,12,43,127,79,42,141,11,114,64,96,177,119,132,75,137,133,81,153,166,189,33,35,36,22,112,93,19,46,121,155];True
5369;6356;11725;[198,29,90,41,187,60,179,47,26,161,115,152,163,59,197,123,106,37,94,118,124,168,34,108,174,196,167,15,156,21,73,82,172,86,181,68,9,45,138,126,143,160,91,18,171,12,7,173,89,144,164,4,84,122,25,23,77,57,186,170,176,3,154,49,39,98,182,139,65,20,51,50,56,92,147,67,32,38,87,165,193,28,44,125,6,88,70,71,162,194,191,61,184,8,72,78,128,101,185,76,80,100,30,134,27,2,97,58,158,62,95,1,117,113,169,142,131,110,54,120,157,136,149,107,55,14,13,111,52,148,83,129,24,150,103,105,69,159,40,116,99,63,31,53,180,178,192,109,66,145,102,151,199,0,85,104,17,183,48,146,140,74,188,135,16,190,10,130,5,175,195,43,127,79,42,141,11,114,64,96,177,119,132,75,137,133,81,153,166,189,33,35,36,22,112,93,19,46,121,155];True
5375;6355;11730;[198,29,90,41,187,60,179,47,26,161,115,152,163,52,197,123,106,37,94,118,124,168,34,108,174,196,167,15,156,21,73,82,172,86,181,68,9,45,138,126,143,160,91,77,186,199,7,122,25,144,164,4,84,59,173,23,189,98,18,39,176,3,154,49,170,95,182,139,135,183,51,50,56,92,147,67,32,38,87,165,193,28,44,125,6,88,70,71,162,20,191,61,184,109,72,78,128,101,185,76,80,100,30,134,27,2,97,58,151,175,57,1,117,113,169,142,131,158,54,120,157,136,149,107,55,14,13,111,171,148,83,129,24,150,103,105,69,159,40,116,99,63,31,53,180,178,192,93,19,145,102,110,12,0,85,104,17,194,48,146,140,74,188,65,16,190,10,130,5,62,195,43,127,79,42,141,11,114,64,96,177,119,132,75,137,133,81,153,166,8,33,35,36,22,112,89,46,66,121,155];True
5387;6353;11740;[198,29,90,41,187,60,179,47,26,161,115,152,163,59,197,123,106,37,94,118,124,168,34,108,174,196,167,15,156,21,73,82,172,86,181,68,9,45,138,126,143,160,91,18,171,195,7,173,23,144,164,4,84,122,25,89,77,57,186,170,176,3,154,49,39,98,182,139,65,20,51,50,56,92,147,67,32,38,87,165,193,28,44,125,6,88,70,71,162,194,191,61,184,8,72,78,128,101,185,76,80,100,30,134,27,2,97,58,158,62,95,1,117,113,169,142,131,110,54,120,157,136,149,107,55,14,13,111,52,148,83,129,24,150,103,105,69,159,40,116,99,63,31,53,180,178,192,109,66,145,102,151,199,0,85,104,17,183,48,146,140,74,188,135,16,190,10,130,5,175,12,43,127,79,42,141,11,114,64,96,177,119,132,75,137,133,81,153,166,189,33,35,36,22,112,93,19,46,121,155];True
5410;6352;11762;[198,29,90,41,187,60,179,47,26,161,115,152,163,59,197,123,106,37,94,118,124,168,34,108,174,196,167,15,156,21,73,82,172,86,181,68,9,45,138,126,143,160,91,18,171,195,7,173,23,144,164,4,84,122,25,89,77,57,186,170,176,3,154,49,39,98,182,139,135,20,51,50,56,92,147,67,32,38,87,165,193,28,44,125,6,88,70,71,162,194,191,61,184,8,72,78,128,101,185,76,80,100,30,134,27,2,97,58,158,62,95,1,117,113,169,142,131,110,54,120,157,136,149,107,55,14,13,111,52,148,83,129,24,150,103,105,69,159,40,116,99,63,31,53,180,178,192,109,66,145,102,151,199,0,85,104,17,183,48,146,140,74,188,65,16,190,10,130,5,175,12,43,127,79,42,141,11,114,64,96,177,119,132,75,137,133,81,153,166,189,33,35,36,22,112,93,19,46,121,155];True
5426;6350;11776;[198,29,90,41,187,60,179,47,26,161,115,152,163,52,197,123,106,37,94,118,124,168,34,108,174,196,167,15,156,21,73,82,172,86,181,68,9,45,138,126,143,160,91,77,186,199,7,122,25,144,164,4,84,59,93,19,2,98,18,39,176,3,154,49,170,95,182,139,135,183,51,50,56,92,147,67,32,38,87,165,193,28,44,125,6,88,70,71,162,20,191,61,184,109,72,78,128,101,185,76,80,100,30,134,27,189,97,58,151,175,57,1,117,113,169,142,131,158,54,120,157,136,149,107,55,14,13,111,171,148,83,129,24,150,103,105,69,159,40,116,99,63,31,53,180,178,192,173,23,145,102,110,12,0,85,104,17,194,48,146,140,74,188,65,16,190,10,130,5,62,195,43,127,79,42,141,11,114,64,96,177,119,132,75,137,133,81,153,166,8,33,35,36,22,112,89,46,66,121,155];True
5430;6349;11779;[198,29,90,41,187,60,179,47,26,161,115,152,163,52,197,123,106,37,94,118,124,168,34,108,174,196,167,15,156,21,73,82,172,86,181,68,9,45,138,126,143,160,91,77,186,199,7,122,25,144,164,4,84,59,93,19,189,98,18,39,176,3,154,49,170,95,182,139,135,183,51,50,56,92,147,67,32,38,87,165,193,28,44,125,6,88,70,71,162,20,191,61,184,109,72,78,128,101,185,76,80,100,30,134,27,2,97,58,151,175,57,1,117,113,169,142,131,158,54,120,157,136,149,107,55,14,13,111,171,148,83,129,24,150,103,105,69,159,40,116,99,63,31,53,180,178,192,173,23,145,102,110,12,0,85,104,17,194,48,146,140,74,188,65,16,190,10,130,5,62,195,43,127,79,42,141,11,114,64,96,177,119,132,75,137,133,81,153,166,8,33,35,36,22,112,89,46,66,121,155];True
5472;6348;11820;[198,29,90,41,187,60,179,47,26,145,115,152,163,52,197,123,106,37,94,118,124,168,34,108,174,196,167,15,156,21,73,82,172,86,181,68,9,45,138,126,143,160,91,77,186,199,7,59,25,144,164,4,84,122,89,23,189,98,18,39,176,3,154,49,170,95,182,139,135,183,51,50,56,92,147,67,32,38,87,165,193,28,44,125,6,88,70,71,162,20,191,61,184,109,72,78,128,101,185,76,80,100,30,134,27,2,97,58,151,175,57,1,117,113,169,142,131,158,54,120,157,136,149,107,55,14,13,111,171,148,83,129,24,150,103,105,69,159,40,116,99,63,31,53,180,178,192,173,35,161,102,110,12,0,85,104,17,194,48,146,140,74,188,65,16,190,10,130,5,62,195,43,127,79,42,141,11,114,64,96,177,119,132,36,137,133,81,153,166,8,33,19,75,22,112,93,46,66,121,155];True
5480;6347;11827;[198,29,90,41,187,60,179,47,26,145,115,152,163,52,197,123,106,37,94,118,124,168,34,108,174,196,167,15,156,21,73,82,172,86,181,68,9,45,138,126,143,160,91,77,186,199,7,59,25,144,164,4,84,122,89,23,189,98,18,39,176,3,154,49,170,95,182,139,135,183,51,50,56,92,147,67,32,38,87,165,193,28,44,125,6,88,70,71,162,20,191,61,184,109,72,78,128,101,185,76,80,100,30,134,27,2,97,58,151,175,57,1,117,113,169,142,131,158,54,120,157,136,149,107,55,14,13,111,171,148,83,129,24,150,103,105,69,159,40,116,99,63,31,53,180,178,192,173,35,161,102,110,12,0,85,104,17,194,48,146,140,74,188,65,16,190,10,36,5,62,195,43,127,79,42,141,11,114,64,96,177,119,132,75,137,133,81,153,166,8,33,19,130,22,112,93,46,66,121,155];True
5491;6346;11837;[198,29,90,41,187,60,179,47,26,145,115,152,163,52,197,123,106,37,94,118,124,168,34,108,174,196,167,15,156,21,73,82,172,86,181,68,9,45,138,126,143,160,91,77,186,199,7,59,25,144,164,4,84,122,93,23,189,98,18,39,176,3,154,49,170,95,182,139,135,183,51,50,56,92,147,67,32,38,87,165,193,28,44,125,6,88,70,71,162,20,191,61,184,109,72,78,128,101,185,76,80,100,30,134,27,2,97,58,151,175,57,1,117,113,169,142,131,158,54,120,157,136,149,107,55,14,13,111,171,148,83,129,24,150,103,105,69,159,40,116,99,63,31,53,180,178,192,173,35,161,102,110,12,0,85,104,17,194,48,146,140,74,188,65,16,190,10,130,5,62,195,43,127,79,42,141,11,114,64,96,177,119,132,75,137,133,81,153,166,8,33,19,36,22,112,89,46,66,121,155];True
5501;6345;11846;[198,29,90,41,187,60,179,47,26,161,115,152,163,52,197,123,106,37,94,118,124,168,34,108,174,196,167,15,156,21,73,82,172,86,181,68,9,45,138,126,143,160,91,77,186,199,7,122,25,144,164,4,84,59,93,19,189,98,18,39,176,3,154,49,170,95,182,139,135,183,51,50,56,92,147,67,32,38,87,165,193,28,44,125,6,88,70,71,162,194,191,61,184,109,72,78,128,101,185,76,80,100,30,134,27,2,97,58,151,175,57,1,117,113,169,142,131,158,54,120,157,136,149,107,55,14,13,111,171,148,83,129,24,150,103,105,69,159,40,116,99,63,31,53,180,178,192,173,23,145,102,110,12,0,85,104,17,20,48,146,140,74,188,65,16,190,10,130,5,62,195,43,127,79,42,141,11,114,64,96,177,119,132,75,137,133,81,153,166,8,33,35,36,22,112,89,46,66,121,155];True
5509;6344;11853;[198,29,90,41,187,60,179,47,26,145,115,152,163,52,197,123,106,37,94,118,124,168,34,108,174,196,167,15,156,21,73,82,172,86,181,68,9,45,138,126,143,160,91,77,186,199,7,59,25,144,164,4,84,122,89,23,189,98,18,39,176,157,154,49,170,95,182,139,135,183,51,50,56,92,147,67,32,38,87,165,193,28,44,125,6,88,70,71,162,20,191,61,184,109,72,78,128,101,185,76,80,100,30,134,27,2,97,58,151,175,57,1,117,113,169,142,131,158,54,120,3,136,149,107,55,14,13,111,171,148,83,129,24,150,103,105,69,159,40,116,99,63,31,53,180,178,192,173,35,161,102,110,12,0,85,104,17,194,48,146,140,74,188,65,16,190,10,130,5,62,195,43,127,79,42,141,11,114,64,96,177,119,132,75,137,133,81,153,166,8,33,19,36,22,112,93,46,66,121,155];True
5515;6342;11857;[198,29,90,41,187,60,179,47,26,161,115,152,163,52,197,123,106,37,94,118,124,168,34,108,174,196,167,15,156,21,73,82,172,86,181,68,9,45,138,126,143,160,91,77,186,199,7,122,25,144,164,4,84,59,93,23,189,98,18,39,176,3,154,49,170,95,182,139,135,183,51,50,56,92,147,67,32,38,87,165,193,28,44,125,6,88,70,71,162,20,191,61,184,109,72,78,128,101,185,76,80,100,30,134,27,2,97,58,151,175,57,1,117,113,169,142,131,158,54,120,157,136,149,107,55,14,13,111,171,148,83,129,24,150,103,105,69,159,40,116,99,63,31,53,180,178,192,173,35,145,102,110,12,0,85,104,17,194,48,146,140,74,188,65,16,190,10,130,5,62,195,43,127,79,42,141,11,114,64,96,177,119,132,75,137,133,81,153,166,8,33,19,36,22,112,89,46,66,121,155];True
5533;6339;11872;[198,29,90,41,187,60,179,47,26,145,115,152,163,52,197,123,106,37,94,118,124,168,34,108,174,196,167,15,156,21,73,82,172,86,181,68,9,45,138,126,143,160,91,77,186,199,7,59,25,144,164,4,84,122,89,23,189,98,18,39,176,3,154,49,170,95,182,139,135,183,51,50,56,92,147,67,32,38,87,165,193,28,44,125,6,88,70,71,162,20,191,61,184,109,72,78,128,101,185,76,80,100,30,134,27,2,97,58,151,175,57,1,117,113,169,142,131,158,54,120,157,136,149,107,55,14,13,111,171,148,83,129,24,150,103,105,69,159,40,116,99,63,31,53,180,178,192,173,35,161,102,110,12,0,85,104,17,194,48,146,140,74,188,65,16,190,10,130,5,62,195,43,127,79,42,141,11,114,64,96,177,119,132,75,137,133,81,153,166,8,33,19,36,22,112,93,46,66,121,155];True
5572;6338;11910;[198,29,90,41,187,60,179,47,26,145,115,152,163,52,197,123,106,37,94,118,124,168,34,108,174,196,167,15,156,21,31,82,172,86,181,68,9,45,138,126,143,160,91,77,186,199,7,59,25,144,164,4,84,122,93,23,189,98,18,39,176,3,154,49,170,95,182,139,135,183,48,73,99,92,147,67,32,38,87,165,193,28,44,125,6,88,70,71,162,20,191,61,184,109,72,78,128,101,185,76,80,100,30,134,27,2,97,58,151,175,57,1,117,113,169,142,131,158,54,120,157,136,149,107,55,14,13,111,171,148,83,129,24,150,103,105,69,159,40,116,146,51,50,53,180,178,192,173,35,161,102,110,12,0,85,104,17,194,56,63,140,74,188,65,16,190,10,130,5,62,195,43,127,79,42,141,11,114,64,96,177,119,132,75,137,133,81,153,166,8,33,19,36,22,112,89,46,66,121,155];True
5576;6336;11912;[198,29,90,41,187,60,179,47,26,145,115,152,163,52,197,123,106,37,94,118,124,168,34,108,174,196,167,15,156,21,73,82,172,86,181,68,9,45,138,126,143,160,91,77,186,199,7,122,25,144,164,4,84,59,93,23,189,98,18,39,176,157,154,49,170,95,182,139,135,183,51,50,56,92,147,67,32,38,87,165,193,28,44,125,6,88,70,71,162,20,191,61,184,109,72,78,128,101,185,76,80,100,30,134,27,2,97,58,151,175,57,1,117,113,169,142,131,158,54,120,3,136,149,107,55,14,13,111,171,148,83,129,24,150,103,105,69,159,40,116,99,63,31,53,180,178,192,173,35,161,102,110,12,0,85,104,17,194,48,146,140,74,188,65,16,190,10,130,5,62,195,43,127,79,42,141,11,114,64,96,177,119,132,75,137,133,81,153,166,8,33,19,36,22,112,89,46,66,121,155];True
5583;6335;11918;[198,29,90,41,187,60,179,47,26,145,115,152,163,52,197,123,106,37,94,118,124,168,34,108,174,196,167,15,156,21,73,82,172,86,181,68,9,45,138,126,143,160,91,77,186,199,7,59,25,144,164,4,84,122,89,23,189,98,18,39,176,3,154,49,170,95,182,139,135,183,51,50,56,92,147,67,32,38,87,165,193,28,44,125,6,88,70,71,162,20,191,61,184,109,72,78,128,101,185,76,80,100,30,134,27,2,97,58,151,175,57,1,117,113,169,142,131,158,54,120,157,136,149,107,55,14,13,111,171,148,83,129,24,150,103,105,69,159,40,116,99,63,31,53,180,178,192,173,35,161,102,110,12,0,85,104,17,194,48,146,140,74,188,65,16,190,10,130,5,62,195,43,127,79,42,141,11,114,64,96,177,119,132,75,137,133,81,153,166,8,33,19,36,22,112,93,66,46,121,155];True
5589;6334;11923;[198,29,90,41,187,60,179,47,26,145,115,152,163,52,197,123,106,37,94,118,124,168,17,108,174,196,167,15,156,21,73,82,172,86,181,68,9,45,138,126,143,160,91,77,186,199,7,122,25,144,164,4,84,59,93,23,189,98,18,39,176,3,154,49,170,95,182,139,135,183,51,50,56,92,147,67,32,38,87,165,193,28,44,125,6,88,70,71,162,20,191,61,184,109,72,78,128,101,185,76,80,100,30,134,27,2,97,58,151,175,57,1,117,113,169,142,131,158,54,120,157,136,149,107,55,14,13,111,171,148,83,129,24,150,103,105,69,159,40,116,99,63,31,53,180,178,192,173,35,161,102,110,12,0,85,104,34,194,48,146,140,74,188,65,16,190,10,130,5,62,195,43,127,79,42,141,11,114,64,96,177,119,132,75,137,133,81,153,166,8,33,19,36,22,112,89,46,66,121,155];True
5600;6331;11931;[198,29,90,41,187,60,179,47,26,145,115,152,163,52,197,123,106,37,94,118,124,168,34,108,174,196,167,15,156,21,73,82,172,86,181,68,9,45,138,126,143,160,91,77,186,199,7,122,25,144,164,4,84,59,93,23,189,98,18,39,176,3,154,49,170,95,182,139,135,183,51,50,56,92,147,67,32,38,87,165,193,28,44,125,6,88,70,71,162,20,191,61,184,109,72,78,128,101,185,76,80,100,30,134,27,2,97,58,151,175,57,1,117,113,169,142,131,158,54,120,157,136,149,107,55,14,13,111,171,148,83,129,24,150,103,105,69,159,40,116,99,63,31,53,180,178,192,173,35,161,102,110,12,0,85,104,17,194,48,146,140,74,188,65,16,190,10,130,5,62,195,43,127,79,42,141,11,114,64,96,177,119,132,75,137,133,81,153,166,8,33,19,36,22,112,89,46,66,121,155];True
5657;6328;11985;[198,29,90,41,187,60,179,47,26,145,115,152,163,52,197,123,106,37,94,118,124,168,34,108,174,196,167,15,156,21,31,82,172,86,181,68,9,45,138,126,143,160,91,77,186,199,7,122,25,144,164,4,84,59,93,23,189,98,18,39,176,157,154,49,170,95,182,139,135,183,48,73,99,92,147,67,32,38,87,165,193,28,44,125,6,88,70,71,162,20,191,61,184,109,72,78,128,101,185,76,80,100,30,134,27,2,97,58,151,175,57,1,117,113,169,142,131,158,54,120,3,136,149,107,55,14,13,111,171,148,83,129,24,150,103,105,69,159,40,116,146,51,50,53,180,178,192,173,35,161,102,110,12,0,85,104,17,194,56,63,140,74,188,65,16,190,10,130,5,62,195,43,127,79,42,141,11,114,64,96,177,119,132,75,137,133,81,153,166,8,33,19,36,22,112,89,46,66,121,155];True
5670;6326;11996;[198,29,90,41,187,60,179,47,26,145,115,152,163,52,197,123,106,37,94,118,124,168,17,108,174,196,167,15,156,21,31,82,172,86,181,68,9,45,138,126,143,160,91,77,186,199,7,122,25,144,164,4,84,59,93,23,189,98,18,39,176,3,154,49,170,95,182,139,135,183,48,73,99,92,147,67,32,38,87,165,193,28,44,125,6,88,70,71,162,20,191,61,184,109,72,78,128,101,185,76,80,100,30,134,27,2,97,58,151,175,57,1,117,113,169,142,131,158,54,120,157,136,149,107,55,14,13,111,171,148,83,129,24,150,103,105,69,159,40,116,146,51,50,53,180,178,192,173,35,161,102,110,12,0,85,104,34,194,56,63,140,74,188,65,16,190,10,130,5,62,195,43,127,79,42,141,11,114,64,96,177,119,132,75,137,133,81,153,166,8,33,19,36,22,112,89,46,66,121,155];True
5681;6323;12004;[198,29,90,41,187,60,179,47,26,145,115,152,163,52,197,123,106,37,94,118,124,168,34,108,174,196,167,15,156,21,31,82,172,86,181,68,9,45,138,126,143,160,91,77,186,199,7,122,25,144,164,4,84,59,93,23,189,98,18,39,176,3,154,49,170,95,182,139,135,183,48,73,99,92,147,67,32,38,87,165,193,28,44,125,6,88,70,71,162,20,191,61,184,109,72,78,128,101,185,76,80,100,30,134,27,2,97,58,151,175,57,1,117,113,169,142,131,158,54,120,157,136,149,107,55,14,13,111,171,148,83,129,24,150,103,105,69,159,40,116,146,51,50,53,180,178,192,173,35,161,102,110,12,0,85,104,17,194,56,63,140,74,188,65,16,190,10,130,5,62,195,43,127,79,42,141,11,114,64,96,177,119,132,75,137,133,81,153,166,8,33,19,36,22,112,89,46,66,121,155];True
5721;6322;12043;[198,29,90,41,187,60,179,47,26,145,115,152,163,52,197,123,106,37,94,118,124,168,34,108,174,196,167,15,156,21,31,82,172,86,181,68,9,45,138,126,143,160,91,77,186,199,7,122,25,144,164,4,84,59,93,23,189,98,18,39,176,3,154,49,170,95,182,139,135,183,48,73,99,92,147,67,32,38,87,165,193,28,44,125,6,88,70,71,162,20,191,61,184,109,72,78,128,101,185,76,80,100,30,134,27,2,97,58,151,175,57,1,117,113,169,142,131,158,54,120,157,136,149,107,55,14,13,111,171,148,83,129,24,150,103,105,69,159,40,116,146,140,50,53,180,178,192,173,35,161,102,110,12,0,85,104,17,194,56,63,51,74,188,65,16,190,10,130,5,62,195,43,127,79,42,141,11,114,64,96,177,119,132,75,137,133,81,153,166,8,33,19,36,22,112,89,46,66,121,155];True
5746;6321;12067;[194,29,90,41,187,60,179,47,26,145,115,152,163,52,197,123,106,37,94,118,124,168,34,108,174,196,167,15,156,21,31,82,172,86,181,68,9,45,138,126,143,160,91,77,186,199,7,122,25,144,164,4,84,59,93,23,189,98,18,39,176,3,154,49,170,95,182,139,135,183,48,73,99,92,147,67,32,38,87,165,193,28,44,125,6,88,70,71,162,20,191,61,184,109,72,78,128,101,185,76,80,100,30,134,27,2,97,58,151,175,57,1,117,113,169,142,131,158,54,120,157,136,149,107,55,14,13,111,171,148,83,129,24,150,103,105,69,159,40,116,146,51,50,53,180,178,192,173,35,161,102,110,12,0,85,104,17,198,56,63,140,74,188,65,16,190,10,130,5,62,195,43,127,79,42,141,11,114,64,96,177,119,132,75,137,133,81,153,166,8,33,19,36,22,112,89,46,66,121,155];True
5786;6320;12106;[194,29,90,41,187,60,179,47,26,145,115,152,163,52,197,123,106,37,94,118,124,168,34,108,174,196,167,15,156,21,31,82,172,86,181,68,9,45,138,126,143,160,91,77,186,199,7,122,25,144,164,4,84,59,93,23,189,98,18,39,176,3,154,49,170,95,182,139,135,183,48,73,99,92,147,67,32,38,87,165,193,28,44,125,6,88,70,71,162,20,191,61,184,109,72,78,128,101,185,76,80,100,30,134,27,2,97,58,151,175,57,1,117,113,169,142,131,158,54,120,157,136,149,107,55,14,13,111,171,148,83,129,24,150,103,105,69,159,40,116,146,140,50,53,180,178,192,173,35,161,102,110,12,0,85,104,17,198,56,63,51,74,188,65,16,190,10,130,5,62,195,43,127,79,42,141,11,114,64,96,177,119,132,75,137,133,81,153,166,8,33,19,36,22,112,89,46,66,121,155];True
5789;6319;12108;[198,29,90,41,187,60,179,47,26,145,115,152,163,52,197,123,106,37,94,118,124,168,34,108,174,196,167,15,156,21,31,82,172,86,181,68,9,45,138,126,143,160,91,77,186,199,7,122,25,144,164,4,84,59,93,23,189,98,18,39,176,3,154,49,170,95,182,139,135,183,48,73,99,92,147,67,32,38,87,165,193,28,44,125,6,88,70,71,162,20,191,61,184,109,72,78,128,101,185,76,80,100,30,134,27,2,97,58,151,175,57,1,117,113,169,142,131,158,54,120,157,136,149,107,55,14,13,111,171,148,83,129,24,150,103,105,69,159,40,116,51,146,50,53,180,178,192,173,35,161,102,110,12,0,85,104,17,194,56,63,140,74,188,65,16,190,10,130,5,62,195,43,127,79,42,141,11,114,64,96,177,119,132,75,137,133,81,153,166,8,33,19,36,22,112,89,46,66,121,155];True
5791;6318;12109;[198,29,90,41,187,60,179,47,26,145,115,152,163,52,197,123,106,37,94,118,124,168,34,108,174,196,167,15,156,21,31,82,172,86,181,68,9,45,138,126,143,160,91,77,186,199,7,122,25,144,164,4,84,59,93,23,189,98,18,39,176,3,154,49,170,95,182,139,135,183,48,73,56,92,147,67,32,38,87,165,193,28,44,125,6,88,70,71,162,20,191,61,184,109,72,78,128,101,185,76,80,100,30,134,27,2,97,58,151,175,57,1,117,113,169,142,131,158,54,120,157,136,149,107,55,14,13,111,171,148,83,129,24,150,103,105,69,159,40,116,99,63,50,53,180,178,192,173,35,161,102,110,12,0,85,104,17,194,51,146,140,74,188,65,16,190,10,130,5,62,195,43,127,79,42,141,11,114,64,96,177,119,132,75,137,133,81,153,166,8,33,19,36,22,112,89,46,66,121,155];True
5825;6316;12141;[198,29,90,41,187,60,179,47,26,145,115,152,163,52,197,123,106,37,94,118,124,168,34,108,174,196,167,15,156,21,31,82,172,86,181,68,9,45,138,126,143,160,91,77,186,199,7,122,25,144,164,4,84,59,93,23,189,98,18,39,176,3,154,49,170,95,182,139,135,183,48,73,56,92,147,67,32,38,87,165,193,28,44,125,6,88,70,71,162,194,191,61,184,109,72,78,128,101,185,76,80,100,30,134,27,2,97,58,151,175,57,1,117,113,169,142,131,158,54,120,157,136,149,107,55,14,13,111,171,148,83,129,24,150,103,105,69,159,40,116,99,63,50,53,180,178,192,173,35,161,102,110,12,0,85,104,17,20,51,146,140,74,188,65,16,190,10,130,5,62,195,43,127,79,42,141,11,114,64,96,177,119,132,75,137,133,81,153,166,8,33,19,36,22,112,89,46,66,121,155];True
5879;6315;12194;[198,29,90,41,187,60,179,47,26,145,115,152,163,52,197,123,106,37,94,118,124,168,34,108,174,196,167,15,156,21,31,82,172,86,181,68,9,45,138,126,143,160,91,77,186,199,7,122,25,144,164,4,84,59,93,23,189,98,18,39,176,3,154,49,170,95,182,139,65,20,51,73,56,92,147,67,32,38,87,165,193,28,44,125,6,88,70,71,162,194,191,61,184,109,72,78,128,101,185,76,80,100,30,134,27,2,97,58,151,175,57,1,117,113,169,142,131,158,54,120,157,136,149,107,55,14,13,111,171,148,83,129,24,150,103,105,69,159,40,116,99,63,50,53,180,178,192,173,35,161,102,110,12,0,85,104,17,183,48,146,140,74,188,135,16,190,10,130,5,62,195,43,127,79,42,141,11,114,64,96,177,119,132,75,137,133,81,153,166,8,33,19,36,22,112,89,46,66,121,155];True
5902;6314;12216;[198,29,90,41,187,60,179,47,26,145,115,152,163,52,197,123,106,37,94,118,124,168,34,108,174,196,167,15,156,21,31,82,172,86,181,68,9,45,138,126,143,160,91,77,186,199,7,122,25,144,164,4,84,59,93,23,189,98,18,39,176,3,154,49,170,95,182,139,135,20,51,73,56,92,147,67,32,38,87,165,193,28,44,125,6,88,70,71,162,194,191,61,184,109,72,78,128,101,185,76,80,100,30,134,27,2,97,58,151,175,57,1,117,113,169,142,131,158,54,120,157,136,149,107,55,14,13,111,171,148,83,129,24,150,103,105,69,159,40,116,99,63,50,53,180,178,192,173,35,161,102,110,12,0,85,104,17,183,48,146,140,74,188,65,16,190,10,130,5,62,195,43,127,79,42,141,11,114,64,96,177,119,132,75,137,133,81,153,166,8,33,19,36,22,112,89,46,66,121,155];True
5935;6312;12247;[198,29,90,41,187,60,179,47,26,145,115,152,163,52,197,123,106,37,94,118,124,168,34,108,174,196,167,15,156,21,31,82,172,86,181,68,9,45,138,126,143,160,91,77,186,199,7,122,25,144,164,4,84,59,93,23,189,98,18,39,176,3,154,49,170,95,182,139,65,20,48,73,56,92,147,67,32,38,87,165,193,28,44,125,6,88,70,71,162,194,191,61,184,109,72,78,128,101,185,76,80,100,30,134,27,2,97,58,151,175,57,1,117,113,169,142,131,158,54,120,157,136,149,107,55,14,13,111,171,148,83,129,24,150,103,105,69,159,40,116,99,63,50,53,180,178,192,173,35,161,102,110,12,0,85,104,17,183,51,146,140,74,188,135,16,190,10,130,5,62,195,43,127,79,42,141,11,114,64,96,177,119,132,75,137,133,81,153,166,8,33,19,36,22,112,89,46,66,121,155];True
5942;6311;12253;[198,29,90,41,187,60,179,47,26,145,115,152,163,52,197,123,106,20,94,118,124,168,34,108,174,196,167,15,156,21,31,82,172,86,181,68,9,45,138,126,143,160,91,77,186,199,7,122,25,144,164,4,84,59,93,23,189,98,18,39,176,3,154,49,170,95,182,139,65,37,48,73,56,92,147,67,32,38,87,165,193,28,44,125,6,88,70,71,162,194,191,61,184,109,72,78,128,101,185,76,80,100,30,134,27,2,97,58,151,175,57,1,117,113,169,142,131,158,54,120,157,136,149,107,55,14,13,111,171,148,83,129,24,150,103,105,69,159,40,116,99,63,50,53,180,178,192,173,35,161,102,110,12,0,85,104,17,183,51,146,140,74,188,135,16,190,10,130,5,62,195,43,127,79,42,141,11,114,64,96,177,119,132,75,137,133,81,153,166,8,33,19,36,22,112,89,46,66,121,155];True
5951;6309;12260;[198,29,90,41,187,60,179,47,26,145,115,152,163,52,197,123,106,20,94,118,124,168,34,108,174,196,167,15,156,21,31,82,172,86,181,68,9,45,138,126,143,160,91,77,186,199,7,122,25,144,164,4,84,59,93,23,189,98,18,39,176,3,154,49,170,95,182,139,135,37,48,73,56,92,147,67,32,38,87,165,193,28,44,125,6,88,70,71,162,194,191,61,184,109,72,78,128,101,185,76,80,100,30,134,27,2,97,58,151,175,57,1,117,113,169,142,131,158,54,120,157,136,149,107,55,14,13,111,171,148,83,129,24,150,103,105,69,159,40,116,99,63,50,53,180,178,192,173,35,161,102,110,12,0,85,104,17,183,51,146,140,74,188,65,16,190,10,130,5,62,195,43,127,79,42,141,11,114,64,96,177,119,132,75,137,133,81,153,166,8,33,19,36,22,112,89,46,66,121,155];True
5988;6308;12296;[198,29,90,41,187,60,179,47,26,145,115,152,163,52,197,104,34,37,94,118,124,168,17,108,174,196,95,15,156,21,31,82,172,86,181,68,9,45,138,126,143,160,91,77,186,199,170,122,25,144,164,4,84,59,93,23,189,98,18,39,176,3,154,49,0,167,182,139,135,183,48,73,56,92,147,67,32,38,87,165,193,28,44,125,6,88,70,71,162,20,191,61,184,109,72,78,128,101,185,76,80,100,30,134,27,2,97,58,151,175,57,1,117,113,169,142,131,158,54,120,157,136,149,85,55,14,13,111,171,148,83,129,24,150,103,105,69,159,40,116,99,63,50,53,180,178,192,173,35,161,102,110,12,7,107,123,106,194,51,146,140,74,188,65,16,190,10,130,5,62,195,43,127,79,42,141,11,114,64,96,177,119,132,75,137,133,81,153,166,8,33,19,36,22,112,89,46,66,121,155];True
5997;6307;12304;[198,29,90,41,187,60,179,47,26,145,115,152,163,52,197,104,34,37,94,118,124,168,17,108,174,196,167,15,156,21,31,82,172,86,181,68,9,45,138,126,143,160,91,77,186,199,170,122,25,144,164,4,84,59,93,23,189,98,18,39,176,3,154,49,0,95,182,139,135,183,48,73,56,92,147,67,32,38,87,165,193,28,44,125,6,88,70,71,162,20,191,61,184,109,72,78,128,101,185,76,80,100,30,134,27,2,97,58,151,175,57,1,117,113,169,142,131,158,54,120,157,136,149,85,55,14,13,111,171,148,83,129,24,150,103,105,69,159,40,116,99,63,50,53,180,178,192,173,35,161,102,110,12,7,107,123,106,194,51,146,140,74,188,65,16,190,10,130,5,62,195,43,127,79,42,141,11,114,64,96,177,119,132,75,137,133,81,153,166,8,33,19,36,22,112,89,46,66,121,155];True
6008;6306;12314;[198,29,90,41,187,60,179,47,26,145,115,152,163,52,197,104,34,37,94,118,124,168,17,108,174,196,167,15,156,21,31,82,172,86,181,68,9,45,138,126,143,160,91,77,186,199,170,122,25,144,164,4,84,59,93,23,189,98,18,39,176,3,154,49,0,95,182,139,135,183,48,73,56,92,147,67,32,38,87,165,193,28,44,125,6,88,70,71,162,194,191,61,184,109,72,78,128,101,185,76,80,100,30,134,27,2,97,58,151,175,57,1,117,113,169,142,131,158,54,120,157,136,149,85,55,14,13,111,171,148,83,129,24,150,103,105,69,159,40,116,99,63,50,53,180,178,192,173,35,161,102,110,12,7,107,123,106,20,51,146,140,74,188,65,16,190,10,130,5,62,195,43,127,79,42,141,11,114,64,96,177,119,132,75,137,133,81,153,166,8,33,19,36,22,112,89,46,66,121,155];True
6021;6305;12326;[198,29,90,41,187,60,179,47,26,145,115,152,163,52,197,104,17,37,94,118,124,168,34,108,174,196,95,15,156,21,31,82,172,86,181,68,9,45,138,126,143,160,91,77,186,199,170,122,25,144,164,4,84,59,93,23,189,98,18,39,176,3,154,49,0,167,182,139,135,183,48,73,56,92,147,67,32,38,87,165,193,28,44,125,6,88,70,71,162,20,191,61,184,109,72,78,128,101,185,76,80,100,30,134,27,2,97,58,151,175,57,1,117,113,169,142,131,158,54,120,157,136,149,85,55,14,13,111,171,148,83,129,24,150,103,105,69,159,40,116,99,63,50,53,180,178,192,173,35,161,102,110,12,7,107,123,106,194,51,146,140,74,188,65,16,190,10,130,5,62,195,43,127,79,42,141,11,114,64,96,177,119,132,75,137,133,81,153,166,8,33,19,36,22,112,89,46,66,121,155];True
6030;6304;12334;[198,29,90,41,187,60,179,47,26,145,115,152,163,52,197,104,17,37,94,118,124,168,34,108,174,196,167,15,156,21,31,82,172,86,181,68,9,45,138,126,143,160,91,77,186,199,170,122,25,144,164,4,84,59,93,23,189,98,18,39,176,3,154,49,0,95,182,139,135,183,48,73,56,92,147,67,32,38,87,165,193,28,44,125,6,88,70,71,162,20,191,61,184,109,72,78,128,101,185,76,80,100,30,134,27,2,97,58,151,175,57,1,117,113,169,142,131,158,54,120,157,136,149,85,55,14,13,111,171,148,83,129,24,150,103,105,69,159,40,116,99,63,50,53,180,178,192,173,35,161,102,110,12,7,107,123,106,194,51,146,140,74,188,65,16,190,10,130,5,62,195,43,127,79,42,141,11,114,64,96,177,119,132,75,137,133,81,153,166,8,33,19,36,22,112,89,46,66,121,155];True
6041;6303;12344;[198,29,90,41,187,60,179,47,26,145,115,152,163,52,197,104,17,37,94,118,124,168,34,108,174,196,167,15,156,21,31,82,172,86,181,68,9,45,138,126,143,160,91,77,186,199,170,122,25,144,164,4,84,59,93,23,189,98,18,39,176,3,154,49,0,95,182,139,135,183,48,73,56,92,147,67,32,38,87,165,193,28,44,125,6,88,70,71,162,194,191,61,184,109,72,78,128,101,185,76,80,100,30,134,27,2,97,58,151,175,57,1,117,113,169,142,131,158,54,120,157,136,149,85,55,14,13,111,171,148,83,129,24,150,103,105,69,159,40,116,99,63,50,53,180,178,192,173,35,161,102,110,12,7,107,123,106,20,51,146,140,74,188,65,16,190,10,130,5,62,195,43,127,79,42,141,11,114,64,96,177,119,132,75,137,133,81,153,166,8,33,19,36,22,112,89,46,66,121,155];True
6057;6302;12359;[198,29,90,41,187,60,179,47,26,145,115,152,163,52,197,104,17,37,94,118,124,168,34,108,174,23,95,15,156,21,31,82,172,86,181,68,9,45,138,126,143,160,91,77,186,199,170,122,25,144,164,4,84,59,93,196,189,98,18,39,176,3,154,49,0,167,182,139,135,183,48,73,56,92,147,67,32,38,87,165,193,28,44,125,6,88,70,71,162,194,191,61,184,109,72,78,128,101,185,76,80,100,30,134,27,2,97,58,151,175,57,1,117,113,169,142,131,158,54,120,157,136,149,85,55,14,13,111,171,148,83,129,24,150,103,105,69,159,40,116,99,63,50,53,180,178,192,173,35,161,102,110,12,7,107,123,106,20,51,146,140,74,188,65,16,190,10,130,5,62,195,43,127,79,42,141,11,114,64,96,177,119,132,75,137,133,81,153,166,8,33,19,36,22,112,89,46,66,121,155];True
6128;6301;12429;[198,29,90,41,187,60,179,47,26,145,115,152,163,52,197,104,17,37,94,118,124,168,34,108,174,196,167,15,156,21,31,82,172,128,181,68,9,45,138,126,143,160,91,77,186,199,86,122,25,144,164,4,84,59,93,23,189,98,18,39,176,3,154,49,0,95,182,139,135,183,48,73,56,92,147,67,32,38,87,165,193,28,44,125,6,88,70,71,162,194,191,61,184,109,72,78,170,101,185,76,80,100,30,134,27,2,97,58,151,175,57,1,117,113,169,142,131,158,54,120,157,136,149,85,55,14,13,111,171,148,83,129,24,150,103,105,69,159,40,116,99,63,50,53,180,178,192,173,35,161,102,110,12,7,107,123,106,20,51,146,140,74,188,65,16,190,10,130,5,62,195,43,127,79,42,141,11,114,64,96,177,119,132,75,137,133,81,153,166,8,33,19,36,22,112,89,46,66,121,155];True
6144;6300;12444;[198,29,90,41,187,60,179,47,26,145,115,152,163,52,197,104,17,37,94,118,124,168,34,108,174,23,95,15,156,21,31,82,172,128,181,68,9,45,138,126,143,160,91,77,186,199,86,122,25,144,164,4,84,59,93,196,189,98,18,39,176,3,154,49,0,167,182,139,135,183,48,73,56,92,147,67,32,38,87,165,193,28,44,125,6,88,70,71,162,194,191,61,184,109,72,78,170,101,185,76,80,100,30,134,27,2,97,58,151,175,57,1,117,113,169,142,131,158,54,120,157,136,149,85,55,14,13,111,171,148,83,129,24,150,103,105,69,159,40,116,99,63,50,53,180,178,192,173,35,161,102,110,12,7,107,123,106,20,51,146,140,74,188,65,16,190,10,130,5,62,195,43,127,79,42,141,11,114,64,96,177,119,132,75,137,133,81,153,166,8,33,19,36,22,112,89,46,66,121,155];True
6199;6299;12498;[198,29,90,41,187,60,179,47,26,145,115,152,163,52,197,104,34,37,94,118,124,168,17,108,174,196,167,15,156,21,31,82,172,128,181,68,9,45,138,126,143,160,91,77,186,199,170,122,25,144,164,4,84,59,93,23,189,98,18,39,176,3,154,49,0,95,182,139,135,183,48,73,56,92,147,67,32,38,87,165,193,28,44,125,6,88,70,71,162,20,191,61,184,109,72,78,86,101,185,76,80,100,30,134,27,2,97,58,151,175,57,1,117,113,169,142,131,158,54,120,157,136,149,85,55,14,13,111,171,148,83,129,24,150,103,105,69,159,40,116,99,63,50,53,180,178,192,173,35,161,102,110,12,7,107,123,106,194,51,146,140,74,188,65,16,190,10,130,5,62,195,43,127,79,42,141,11,114,64,96,177,119,132,75,137,133,81,153,166,8,33,19,36,22,112,89,46,66,121,155];True
6210;6298;12508;[198,29,90,41,187,60,179,47,26,145,115,152,163,52,197,104,34,37,94,118,124,168,17,108,174,196,167,15,156,21,31,82,172,128,181,68,9,45,138,126,143,160,91,77,186,199,170,122,25,144,164,4,84,59,93,23,189,98,18,39,176,3,154,49,0,95,182,139,135,183,48,73,56,92,147,67,32,38,87,165,193,28,44,125,6,88,70,71,162,194,191,61,184,109,72,78,86,101,185,76,80,100,30,134,27,2,97,58,151,175,57,1,117,113,169,142,131,158,54,120,157,136,149,85,55,14,13,111,171,148,83,129,24,150,103,105,69,159,40,116,99,63,50,53,180,178,192,173,35,161,102,110,12,7,107,123,106,20,51,146,140,74,188,65,16,190,10,130,5,62,195,43,127,79,42,141,11,114,64,96,177,119,132,75,137,133,81,153,166,8,33,19,36,22,112,89,46,66,121,155];True
6223;6297;12520;[198,29,90,41,187,60,179,47,26,145,115,152,163,52,197,104,17,37,94,118,124,168,34,108,174,196,95,15,156,21,31,82,172,128,181,68,9,45,138,126,143,160,91,77,186,199,170,122,25,144,164,4,84,59,93,23,189,98,18,39,176,3,154,49,0,167,182,139,135,183,48,73,56,92,147,67,32,38,87,165,193,28,44,125,6,88,70,71,162,20,191,61,184,109,72,78,86,101,185,76,80,100,30,134,27,2,97,58,151,175,57,1,117,113,169,142,131,158,54,120,157,136,149,85,55,14,13,111,171,148,83,129,24,150,103,105,69,159,40,116,99,63,50,53,180,178,192,173,35,161,102,110,12,7,107,123,106,194,51,146,140,74,188,65,16,190,10,130,5,62,195,43,127,79,42,141,11,114,64,96,177,119,132,75,137,133,81,153,166,8,33,19,36,22,112,89,46,66,121,155];True
6232;6296;12528;[198,29,90,41,187,60,179,47,26,145,115,152,163,52,197,104,17,37,94,118,124,168,34,108,174,196,167,15,156,21,31,82,172,128,181,68,9,45,138,126,143,160,91,77,186,199,170,122,25,144,164,4,84,59,93,23,189,98,18,39,176,3,154,49,0,95,182,139,135,183,48,73,56,92,147,67,32,38,87,165,193,28,44,125,6,88,70,71,162,20,191,61,184,109,72,78,86,101,185,76,80,100,30,134,27,2,97,58,151,175,57,1,117,113,169,142,131,158,54,120,157,136,149,85,55,14,13,111,171,148,83,129,24,150,103,105,69,159,40,116,99,63,50,53,180,178,192,173,35,161,102,110,12,7,107,123,106,194,51,146,140,74,188,65,16,190,10,130,5,62,195,43,127,79,42,141,11,114,64,96,177,119,132,75,137,133,81,153,166,8,33,19,36,22,112,89,46,66,121,155];True
6243;6295;12538;[198,29,90,41,187,60,179,47,26,145,115,152,163,52,197,104,17,37,94,118,124,168,34,108,174,196,167,15,156,21,31,82,172,128,181,68,9,45,138,126,143,160,91,77,186,199,170,122,25,144,164,4,84,59,93,23,189,98,18,39,176,3,154,49,0,95,182,139,135,183,48,73,56,92,147,67,32,38,87,165,193,28,44,125,6,88,70,71,162,194,191,61,184,109,72,78,86,101,185,76,80,100,30,134,27,2,97,58,151,175,57,1,117,113,169,142,131,158,54,120,157,136,149,85,55,14,13,111,171,148,83,129,24,150,103,105,69,159,40,116,99,63,50,53,180,178,192,173,35,161,102,110,12,7,107,123,106,20,51,146,140,74,188,65,16,190,10,130,5,62,195,43,127,79,42,141,11,114,64,96,177,119,132,75,137,133,81,153,166,8,33,19,36,22,112,89,46,66,121,155];True
6259;6294;12553;[198,29,90,41,187,60,179,47,26,145,115,152,163,52,197,104,17,37,94,118,124,168,34,108,174,23,95,15,156,21,31,82,172,128,181,68,9,45,138,126,143,160,91,77,186,199,170,122,25,144,164,4,84,59,93,196,189,98,18,39,176,3,154,49,0,167,182,139,135,183,48,73,56,92,147,67,32,38,87,165,193,28,44,125,6,88,70,71,162,194,191,61,184,109,72,78,86,101,185,76,80,100,30,134,27,2,97,58,151,175,57,1,117,113,169,142,131,158,54,120,157,136,149,85,55,14,13,111,171,148,83,129,24,150,103,105,69,159,40,116,99,63,50,53,180,178,192,173,35,161,102,110,12,7,107,123,106,20,51,146,140,74,188,65,16,190,10,130,5,62,195,43,127,79,42,141,11,114,64,96,177,119,132,75,137,133,81,153,166,8,33,19,36,22,112,89,46,66,121,155];True
6313;6293;12606;[198,29,90,41,187,60,179,47,26,145,115,152,163,52,197,104,17,37,94,118,124,168,34,108,174,196,95,15,156,21,31,82,172,128,181,68,9,45,138,126,143,160,91,77,186,199,170,122,25,144,164,4,84,59,93,23,189,98,18,39,176,3,154,49,0,167,182,139,135,183,48,73,56,92,147,67,32,38,87,165,193,28,44,125,6,88,70,71,162,20,191,61,184,109,72,78,111,101,185,76,80,100,30,134,27,2,97,58,151,175,57,1,117,113,169,142,131,158,54,120,157,136,149,85,55,14,13,86,171,148,83,129,24,150,103,105,69,159,40,116,99,63,50,53,180,178,192,173,35,161,102,110,12,7,107,123,106,194,51,146,140,74,188,65,16,190,10,130,5,62,195,43,127,79,42,141,11,114,64,96,177,119,132,75,137,133,81,153,166,8,33,19,36,22,112,89,46,66,121,155];True
6322;6292;12614;[198,29,90,41,187,60,179,47,26,145,115,152,163,52,197,104,17,37,94,118,124,168,34,108,174,196,167,15,156,21,31,82,172,128,181,68,9,45,138,126,143,160,91,77,186,199,170,122,25,144,164,4,84,59,93,23,189,98,18,39,176,3,154,49,0,95,182,139,135,183,48,73,56,92,147,67,32,38,87,165,193,28,44,125,6,88,70,71,162,20,191,61,184,109,72,78,111,101,185,76,80,100,30,134,27,2,97,58,151,175,57,1,117,113,169,142,131,158,54,120,157,136,149,85,55,14,13,86,171,148,83,129,24,150,103,105,69,159,40,116,99,63,50,53,180,178,192,173,35,161,102,110,12,7,107,123,106,194,51,146,140,74,188,65,16,190,10,130,5,62,195,43,127,79,42,141,11,114,64,96,177,119,132,75,137,133,81,153,166,8,33,19,36,22,112,89,46,66,121,155];True
6333;6291;12624;[198,29,90,41,187,60,179,47,26,145,115,152,163,52,197,104,17,37,94,118,124,168,34,108,174,196,167,15,156,21,31,82,172,128,181,68,9,45,138,126,143,160,91,77,186,199,170,122,25,144,164,4,84,59,93,23,189,98,18,39,176,3,154,49,0,95,182,139,135,183,48,73,56,92,147,67,32,38,87,165,193,28,44,125,6,88,70,71,162,194,191,61,184,109,72,78,111,101,185,76,80,100,30,134,27,2,97,58,151,175,57,1,117,113,169,142,131,158,54,120,157,136,149,85,55,14,13,86,171,148,83,129,24,150,103,105,69,159,40,116,99,63,50,53,180,178,192,173,35,161,102,110,12,7,107,123,106,20,51,146,140,74,188,65,16,190,10,130,5,62,195,43,127,79,42,141,11,114,64,96,177,119,132,75,137,133,81,153,166,8,33,19,36,22,112,89,46,66,121,155];True
6349;6290;12639;[198,29,90,41,187,60,179,47,26,145,115,152,163,52,197,104,17,37,94,118,124,168,34,108,174,23,95,15,156,21,31,82,172,128,181,68,9,45,138,126,143,160,91,77,186,199,170,122,25,144,164,4,84,59,93,196,189,98,18,39,176,3,154,49,0,167,182,139,135,183,48,73,56,92,147,67,32,38,87,165,193,28,44,125,6,88,70,71,162,194,191,61,184,109,72,78,111,101,185,76,80,100,30,134,27,2,97,58,151,175,57,1,117,113,169,142,131,158,54,120,157,136,149,85,55,14,13,86,171,148,83,129,24,150,103,105,69,159,40,116,99,63,50,53,180,178,192,173,35,161,102,110,12,7,107,123,106,20,51,146,140,74,188,65,16,190,10,130,5,62,195,43,127,79,42,141,11,114,64,96,177,119,132,75,137,133,81,153,166,8,33,19,36,22,112,89,46,66,121,155];True
6426;6289;12715;[198,29,90,41,187,60,179,47,26,145,115,152,163,52,197,104,17,37,94,118,124,168,34,108,174,23,95,15,156,21,31,82,172,128,181,68,9,45,138,126,143,160,91,77,186,199,170,122,25,144,164,4,84,59,93,196,189,98,18,39,176,3,154,49,0,167,182,139,135,183,48,73,99,92,147,67,32,38,87,165,193,28,44,125,6,88,70,71,162,194,191,61,184,109,72,78,111,101,185,76,80,100,30,134,27,2,97,58,151,175,57,1,117,113,169,142,131,158,54,120,157,136,149,85,55,14,13,86,171,148,83,129,24,150,103,105,69,159,40,116,56,63,50,53,180,178,192,173,35,161,102,110,12,7,107,123,106,20,51,146,140,74,188,65,16,190,10,130,5,62,195,43,127,79,42,141,11,114,64,96,177,119,132,75,137,133,81,153,166,8,33,19,36,22,112,89,46,66,121,155];True
6441;6288;12729;[198,29,90,41,187,60,179,47,26,145,115,152,163,52,197,104,17,37,94,118,124,168,34,108,174,67,167,15,156,21,31,82,172,128,181,68,9,45,138,126,143,160,91,77,186,199,170,122,25,144,164,4,84,59,93,196,189,98,18,39,176,3,154,49,0,95,182,139,135,183,48,73,56,92,147,23,32,38,87,165,193,28,44,125,6,88,70,71,162,194,191,61,184,109,72,78,111,101,185,76,80,100,30,134,27,2,97,58,151,175,57,1,117,113,169,142,131,158,54,120,157,136,149,85,55,14,13,86,171,148,83,129,24,150,103,105,69,159,40,116,99,63,50,53,180,178,192,173,35,161,102,110,12,7,107,123,106,20,51,146,140,74,188,65,16,190,10,130,5,62,195,43,127,79,42,141,11,114,64,96,177,119,132,75,137,133,81,153,166,8,33,19,36,22,112,89,46,66,121,155];True
6518;6287;12805;[198,29,90,41,187,60,179,47,26,145,115,152,163,52,197,104,17,37,94,118,124,168,34,108,174,67,167,15,156,21,31,82,172,128,181,68,9,45,138,126,143,160,91,77,186,199,170,122,25,144,164,4,84,59,93,196,189,98,18,39,176,3,154,49,0,95,182,139,135,183,48,73,99,92,147,23,32,38,87,165,193,28,44,125,6,88,70,71,162,194,191,61,184,109,72,78,111,101,185,76,80,100,30,134,27,2,97,58,151,175,57,1,117,113,169,142,131,158,54,120,157,136,149,85,55,14,13,86,171,148,83,129,24,150,103,105,69,159,40,116,56,63,50,53,180,178,192,173,35,161,102,110,12,7,107,123,106,20,51,146,140,74,188,65,16,190,10,130,5,62,195,43,127,79,42,141,11,114,64,96,177,119,132,75,137,133,81,153,166,8,33,19,36,22,112,89,46,66,121,155];True
6546;6286;12832;[198,29,90,41,187,60,179,47,26,145,115,152,163,52,197,104,17,37,94,118,124,168,34,108,174,67,167,15,156,21,31,82,172,128,181,68,9,45,138,126,143,160,91,77,186,199,170,122,25,144,164,4,84,59,93,196,189,98,18,39,176,35,154,49,0,95,182,139,135,183,48,73,56,92,147,23,32,38,87,165,193,28,44,125,6,88,70,71,162,194,191,61,184,109,72,78,111,101,185,76,80,100,30,134,27,2,97,58,151,175,57,1,117,113,169,142,131,158,54,120,157,136,149,85,55,14,13,86,171,148,83,129,24,150,103,105,69,159,40,116,99,63,50,53,180,178,192,173,3,161,102,110,12,7,107,123,106,20,51,146,140,74,188,65,16,190,10,130,5,62,195,43,127,79,42,141,11,114,64,96,177,119,132,75,137,133,81,153,166,8,33,19,36,22,112,89,46,66,121,155];True
6609;6285;12894;[198,29,90,41,187,60,179,47,26,145,115,152,163,52,197,123,106,20,94,118,124,168,34,108,174,23,95,15,156,21,31,82,172,128,181,68,150,191,138,126,143,160,91,77,186,199,170,122,25,144,164,4,84,59,93,196,189,98,18,39,176,3,154,49,0,167,182,139,135,37,48,73,56,92,147,67,32,38,87,165,193,28,44,125,6,88,70,71,162,45,188,61,184,109,72,78,111,101,185,76,80,100,30,134,27,2,97,58,151,175,57,1,117,113,169,142,131,158,54,120,157,136,149,85,55,14,13,86,171,148,83,129,24,9,103,105,69,159,40,116,99,63,50,53,180,178,192,173,35,161,102,110,12,7,107,104,17,183,51,146,140,74,194,65,16,190,10,130,5,62,195,43,127,79,42,141,11,114,64,96,177,119,132,75,137,133,81,153,166,8,33,19,36,22,112,89,46,66,121,155];True
6631;6284;12915;[198,29,90,41,187,60,179,47,26,145,115,152,163,52,197,123,106,194,94,118,124,168,34,108,174,196,95,15,156,21,31,82,172,128,181,68,150,191,138,126,143,160,91,77,186,199,170,122,25,144,164,4,84,59,93,23,189,98,18,39,176,3,154,49,0,167,182,139,135,37,48,73,56,92,147,67,32,38,87,165,193,28,44,125,6,88,70,71,162,45,188,61,184,109,72,78,111,101,185,76,80,100,30,134,27,2,97,58,151,175,57,1,117,113,169,142,131,158,54,120,157,136,149,85,55,14,13,86,171,148,83,129,24,9,103,105,69,159,40,116,99,63,50,53,180,178,192,173,35,161,102,110,12,7,107,104,17,183,51,146,140,74,20,65,16,190,10,130,5,62,195,43,127,79,42,141,11,114,64,96,177,119,132,75,137,133,81,153,166,8,33,19,36,22,112,89,46,66,121,155];True
6640;6283;12923;[198,29,90,41,187,60,179,47,26,145,115,152,163,52,197,123,106,194,94,118,124,168,34,108,174,196,167,15,156,21,31,82,172,128,181,68,150,191,138,126,143,160,91,77,186,199,170,122,25,144,164,4,84,59,93,23,189,98,18,39,176,3,154,49,0,95,182,139,135,37,48,73,56,92,147,67,32,38,87,165,193,28,44,125,6,88,70,71,162,45,188,61,184,109,72,78,111,101,185,76,80,100,30,134,27,2,97,58,151,175,57,1,117,113,169,142,131,158,54,120,157,136,149,85,55,14,13,86,171,148,83,129,24,9,103,105,69,159,40,116,99,63,50,53,180,178,192,173,35,161,102,110,12,7,107,104,17,183,51,146,140,74,20,65,16,190,10,130,5,62,195,43,127,79,42,141,11,114,64,96,177,119,132,75,137,133,81,153,166,8,33,19,36,22,112,89,46,66,121,155];True
6656;6282;12938;[198,29,90,41,187,60,179,47,26,145,115,152,163,52,197,123,106,194,94,118,124,168,34,108,174,23,95,15,156,21,31,82,172,128,181,68,150,191,138,126,143,160,91,77,186,199,170,122,25,144,164,4,84,59,93,196,189,98,18,39,176,3,154,49,0,167,182,139,135,37,48,73,56,92,147,67,32,38,87,165,193,28,44,125,6,88,70,71,162,45,188,61,184,109,72,78,111,101,185,76,80,100,30,134,27,2,97,58,151,175,57,1,117,113,169,142,131,158,54,120,157,136,149,85,55,14,13,86,171,148,83,129,24,9,103,105,69,159,40,116,99,63,50,53,180,178,192,173,35,161,102,110,12,7,107,104,17,183,51,146,140,74,20,65,16,190,10,130,5,62,195,43,127,79,42,141,11,114,64,96,177,119,132,75,137,133,81,153,166,8,33,19,36,22,112,89,46,66,121,155];True
6727;6281;13008;[198,29,90,41,187,60,179,47,26,145,115,152,163,52,197,123,106,194,94,118,124,168,34,108,174,23,95,15,156,21,31,82,172,128,181,68,150,191,138,126,143,160,91,77,186,199,170,122,25,144,164,4,84,59,93,196,189,98,18,39,176,3,154,49,0,167,182,139,65,37,48,73,56,92,147,67,32,38,87,165,193,28,44,125,6,88,70,71,162,45,188,61,184,109,72,78,111,101,185,76,80,100,30,134,27,2,97,58,151,175,57,1,117,113,169,142,131,158,54,120,157,136,149,85,55,14,13,86,171,148,83,129,24,9,103,105,69,159,40,116,99,63,50,53,180,178,192,173,35,161,102,110,12,7,107,104,17,183,51,146,140,74,20,135,16,190,10,130,5,62,195,43,127,79,42,141,11,114,64,96,177,119,132,75,137,133,81,153,166,8,33,19,36,22,112,89,46,66,121,155];True
6748;6280;13028;[198,29,90,41,187,60,179,47,26,145,115,152,163,52,197,123,106,194,94,118,124,168,34,108,174,67,167,15,156,21,31,82,172,128,181,68,150,191,138,126,143,160,91,77,186,199,170,122,25,144,164,4,84,59,93,196,189,98,18,39,176,3,154,49,0,95,182,139,135,37,48,73,56,92,147,23,32,38,87,165,193,28,44,125,6,88,70,71,162,45,188,61,184,109,72,78,111,101,185,76,80,100,30,134,27,2,97,58,151,175,57,1,117,113,169,142,131,158,54,120,157,136,149,85,55,14,13,86,171,148,83,129,24,9,103,105,69,159,40,116,99,63,50,53,180,178,192,173,35,161,102,110,12,7,107,104,17,183,51,146,140,74,20,65,16,190,10,130,5,62,195,43,127,79,42,141,11,114,64,96,177,119,132,75,137,133,81,153,166,8,33,19,36,22,112,89,46,66,121,155];True
6795;6279;13074;[198,29,90,41,187,60,179,47,26,145,115,152,163,52,197,123,106,194,94,118,124,168,34,108,174,23,95,15,156,21,31,82,172,128,181,68,150,191,138,135,143,160,91,77,186,199,170,122,25,144,164,4,84,59,93,196,189,98,18,39,176,3,154,49,0,167,182,139,65,37,48,73,56,92,147,67,32,38,87,165,193,28,44,125,6,88,70,71,162,45,188,61,184,109,72,78,111,101,185,76,80,100,30,134,27,2,97,58,151,175,57,1,117,113,169,142,131,158,54,120,157,136,149,85,55,14,13,86,171,148,83,129,24,9,103,105,69,159,40,116,99,63,50,53,180,178,192,173,35,161,102,110,12,7,107,104,17,183,51,146,140,74,20,126,16,190,10,130,5,62,195,43,127,79,42,141,11,114,64,96,177,119,132,75,137,133,81,153,166,8,33,19,36,22,112,89,46,66,121,155];True
6853;6278;13131;[198,29,90,41,187,60,179,47,26,145,115,152,163,52,197,123,106,194,94,118,124,168,34,108,174,67,167,15,156,21,31,82,172,128,181,68,150,191,138,126,143,160,91,77,186,199,170,122,25,144,164,4,84,59,93,196,189,98,18,39,176,35,154,49,0,95,182,139,135,37,48,73,56,92,147,23,32,38,87,165,193,28,44,125,6,88,70,71,162,45,188,61,184,109,72,78,111,101,185,76,80,100,30,134,27,2,97,58,151,175,57,1,117,113,169,142,131,158,54,120,157,136,149,85,55,14,13,86,171,148,83,129,24,9,103,105,69,159,40,116,99,63,50,53,180,178,192,173,3,161,102,110,12,7,107,104,17,183,51,146,140,74,20,65,16,190,10,130,5,62,195,43,127,79,42,141,11,114,64,96,177,119,132,75,137,133,81,153,166,8,33,19,36,22,112,89,46,66,121,155];True
6883;6277;13160;[198,29,90,41,187,60,179,47,26,145,115,152,163,52,197,123,106,194,94,37,124,168,34,108,174,23,95,15,156,21,31,82,172,128,181,68,150,191,138,135,143,160,91,77,186,199,170,122,25,144,164,4,84,59,93,196,189,98,18,39,176,3,154,49,0,167,182,139,65,118,48,73,56,92,147,67,32,38,87,165,193,28,44,125,6,88,70,71,162,45,188,61,184,109,72,78,111,101,185,76,80,100,30,134,27,2,97,58,151,175,57,1,117,113,169,142,131,158,54,120,157,136,149,85,55,14,13,86,171,148,83,129,24,9,103,105,69,159,40,116,99,63,50,53,180,178,192,173,35,161,102,110,12,7,107,104,17,183,51,146,140,74,20,126,16,190,10,130,5,62,195,43,127,79,42,141,11,114,64,96,177,119,132,75,137,133,81,153,166,8,33,19,36,22,112,89,46,66,121,155];True
6960;6276;13236;[198,29,90,41,187,60,179,47,26,145,115,152,163,52,197,123,106,194,94,37,124,168,34,108,174,23,95,15,156,21,31,82,172,128,181,68,150,191,138,135,143,160,91,77,186,199,170,122,25,144,164,4,84,59,93,196,189,98,18,39,176,3,154,49,0,167,182,139,65,118,48,73,99,92,147,67,32,38,87,165,193,28,44,125,6,88,70,71,162,45,188,61,184,109,72,78,111,101,185,76,80,100,30,134,27,2,97,58,151,175,57,1,117,113,169,142,131,158,54,120,157,136,149,85,55,14,13,86,171,148,83,129,24,9,103,105,69,159,40,116,56,63,50,53,180,178,192,173,35,161,102,110,12,7,107,104,17,183,51,146,140,74,20,126,16,190,10,130,5,62,195,43,127,79,42,141,11,114,64,96,177,119,132,75,137,133,81,153,166,8,33,19,36,22,112,89,46,66,121,155];True
6975;6275;13250;[198,29,90,41,187,60,179,47,26,145,115,152,163,52,197,123,106,194,94,37,124,168,34,108,174,67,167,15,156,21,31,82,172,128,181,68,150,191,138,135,143,160,91,77,186,199,170,122,25,144,164,4,84,59,93,196,189,98,18,39,176,3,154,49,0,95,182,139,65,118,48,73,56,92,147,23,32,38,87,165,193,28,44,125,6,88,70,71,162,45,188,61,184,109,72,78,111,101,185,76,80,100,30,134,27,2,97,58,151,175,57,1,117,113,169,142,131,158,54,120,157,136,149,85,55,14,13,86,171,148,83,129,24,9,103,105,69,159,40,116,99,63,50,53,180,178,192,173,35,161,102,110,12,7,107,104,17,183,51,146,140,74,20,126,16,190,10,130,5,62,195,43,127,79,42,141,11,114,64,96,177,119,132,75,137,133,81,153,166,8,33,19,36,22,112,89,46,66,121,155];True
7052;6274;13326;[198,29,90,41,187,60,179,47,26,145,115,152,163,52,197,123,106,194,94,37,124,168,34,108,174,67,167,15,156,21,31,82,172,128,181,68,150,191,138,135,143,160,91,77,186,199,170,122,25,144,164,4,84,59,93,196,189,98,18,39,176,3,154,49,0,95,182,139,65,118,48,73,99,92,147,23,32,38,87,165,193,28,44,125,6,88,70,71,162,45,188,61,184,109,72,78,111,101,185,76,80,100,30,134,27,2,97,58,151,175,57,1,117,113,169,142,131,158,54,120,157,136,149,85,55,14,13,86,171,148,83,129,24,9,103,105,69,159,40,116,56,63,50,53,180,178,192,173,35,161,102,110,12,7,107,104,17,183,51,146,140,74,20,126,16,190,10,130,5,62,195,43,127,79,42,141,11,114,64,96,177,119,132,75,137,133,81,153,166,8,33,19,36,22,112,89,46,66,121,155];True
7080;6273;13353;[198,29,90,41,187,60,179,47,26,145,115,152,163,52,197,123,106,194,94,37,124,168,34,108,174,67,167,15,156,21,31,82,172,128,181,68,150,191,138,135,143,160,91,77,186,199,170,122,25,144,164,4,84,59,93,196,189,98,18,39,176,35,154,49,0,95,182,139,65,118,48,73,56,92,147,23,32,38,87,165,193,28,44,125,6,88,70,71,162,45,188,61,184,109,72,78,111,101,185,76,80,100,30,134,27,2,97,58,151,175,57,1,117,113,169,142,131,158,54,120,157,136,149,85,55,14,13,86,171,148,83,129,24,9,103,105,69,159,40,116,99,63,50,53,180,178,192,173,3,161,102,110,12,7,107,104,17,183,51,146,140,74,20,126,16,190,10,130,5,62,195,43,127,79,42,141,11,114,64,96,177,119,132,75,137,133,81,153,166,8,33,19,36,22,112,89,46,66,121,155];True
7151;6272;13423;[198,29,90,41,187,60,179,47,26,145,115,152,163,52,197,123,106,194,94,37,124,168,34,108,174,67,167,15,156,21,31,82,172,128,181,68,150,191,138,135,143,160,91,77,186,199,170,122,25,144,164,4,84,59,93,196,189,98,18,39,176,3,154,49,0,95,182,139,65,118,48,73,99,92,147,23,32,38,87,165,193,28,44,125,6,88,70,71,162,45,188,61,184,109,72,78,111,101,185,76,80,100,30,134,27,2,97,58,151,175,57,1,117,113,169,142,131,158,54,120,157,136,149,85,55,14,13,86,171,148,83,129,24,9,103,105,69,159,40,116,56,140,50,53,180,178,192,173,35,161,102,110,12,7,107,104,17,183,51,146,63,74,20,126,16,190,10,130,5,62,195,43,127,79,42,141,11,114,64,96,177,119,132,75,137,133,81,153,166,8,33,19,36,22,112,89,46,66,121,155];True
7256;6270;13526;[198,29,90,41,187,60,179,47,26,145,115,152,163,52,197,123,106,194,94,37,124,168,34,108,174,67,167,15,156,21,31,82,172,128,181,68,150,191,138,135,143,160,91,77,186,199,170,122,25,144,164,4,84,59,93,196,189,98,18,39,176,35,154,49,0,95,182,139,65,118,48,73,99,92,147,23,32,38,87,165,193,28,44,125,6,88,70,71,162,45,188,61,184,109,72,78,111,101,185,76,80,100,30,134,27,2,97,58,151,175,57,1,117,113,169,142,131,158,54,120,157,136,149,85,55,14,13,86,171,148,83,129,24,9,103,105,69,159,40,116,56,140,50,53,180,178,192,173,3,161,102,110,12,7,107,104,17,183,51,146,63,74,20,126,16,190,10,130,5,62,195,43,127,79,42,141,11,114,64,96,177,119,132,75,137,133,81,153,166,8,33,19,36,22,112,89,46,66,121,155];True
7402;6269;13671;[198,29,90,41,187,60,179,47,26,145,115,152,163,52,197,123,106,194,94,37,124,168,34,108,174,67,167,15,156,21,31,82,172,128,181,68,150,191,138,135,143,160,91,77,186,199,170,122,25,144,164,4,84,59,93,196,2,98,18,39,176,35,154,49,0,95,182,139,65,118,48,73,99,92,147,23,32,38,87,165,193,28,44,125,6,88,70,71,162,45,188,61,184,109,72,78,111,101,185,76,80,100,30,134,27,189,97,58,151,175,57,1,117,113,169,142,131,158,54,120,157,136,149,85,55,14,13,86,171,148,83,129,24,9,103,105,69,159,40,116,56,140,50,53,180,178,192,173,3,161,102,110,12,7,107,104,17,183,51,146,63,74,20,126,16,190,10,130,5,62,195,43,127,79,42,141,11,114,64,96,177,119,132,75,137,133,81,153,166,8,33,19,36,22,112,89,46,66,121,155];True
7465;6268;13733;[198,29,90,41,187,60,179,47,26,145,115,152,163,52,197,123,106,194,94,37,124,168,34,108,174,67,167,15,156,21,31,82,172,128,181,68,150,191,138,135,143,160,91,77,186,199,170,122,25,144,164,4,84,59,93,165,189,98,18,39,176,35,154,49,0,95,182,139,65,118,48,73,99,92,147,23,32,38,87,196,193,28,44,125,6,88,70,71,162,45,188,61,184,109,72,78,111,101,185,76,80,100,30,134,27,2,97,58,151,175,57,1,117,113,169,142,131,158,54,120,157,136,149,85,55,14,13,86,171,148,83,129,24,9,103,105,69,159,40,116,56,140,50,53,180,178,192,173,3,161,102,110,12,7,107,104,17,183,51,146,63,74,20,126,16,190,10,130,5,62,195,43,127,79,42,141,11,114,64,96,177,119,132,75,137,133,81,153,166,8,33,19,36,22,112,89,46,66,121,155];True
