utilA;utilB;utilSum;contract;pareto
1644;7306;8950;[34,4,144,70,19,87,121,178,2,32,61,84,77,112,93,147,66,157,103,105,74,188,168,31,142,117,167,182,45,65,41,49,78,128,42,57,197,125,145,126,143,160,91,1,150,124,180,196,36,46,140,92,82,23,189,47,175,12,22,26,176,193,109,20,67,166,38,139,63,118,48,194,29,198,174,184,35,3,169,72,163,25,51,50,190,10,130,113,156,116,44,138,37,94,173,18,131,110,81,153,101,100,30,134,148,11,97,58,158,43,7,0,62,68,123,6,137,60,54,151,119,187,39,107,55,14,13,111,52,89,75,80,71,162,53,183,69,159,164,90,28,155,73,99,106,136,132,152,102,170,172,86,76,133,85,104,17,8,16,56,21,108,192,40,15,9,33,154,122,179,195,185,127,96,171,141,98,114,64,79,177,27,88,5,186,199,83,59,129,24,95,149,165,181,120,161,115,191,135,146];True
1649;7301;8950;[34,4,144,70,19,87,121,178,2,32,61,84,77,112,93,147,66,157,103,105,74,188,168,31,142,117,167,182,45,138,41,49,78,128,42,57,197,125,145,126,143,160,91,1,150,124,180,196,36,46,140,92,82,23,189,47,175,12,22,26,176,193,109,20,67,166,38,139,63,118,48,194,29,198,174,184,35,3,169,72,163,25,51,50,190,10,130,113,156,116,44,65,37,94,173,18,131,110,81,153,101,100,30,134,148,11,97,58,158,43,7,0,62,68,123,6,137,60,54,151,119,187,39,107,55,14,13,111,52,89,75,80,71,162,53,183,69,159,164,90,28,155,73,99,106,136,132,152,102,170,172,86,76,133,85,104,17,8,16,56,21,108,192,40,15,9,33,154,122,179,195,185,127,96,171,141,98,114,64,79,177,27,88,5,186,199,83,59,129,24,95,149,165,181,120,161,115,191,135,146];True
1674;7279;8953;[34,4,144,70,19,87,121,178,2,32,61,84,77,112,93,147,66,157,103,105,74,188,168,31,142,117,167,182,116,65,41,49,78,128,42,57,197,125,145,126,143,160,91,1,150,124,180,196,36,46,140,92,82,23,189,47,175,12,22,26,176,193,109,20,67,166,38,139,63,118,48,194,29,198,174,184,35,3,169,72,163,25,51,50,190,10,130,113,156,71,44,138,37,94,173,18,131,110,81,153,101,100,30,134,148,11,97,58,158,43,7,0,62,68,123,6,137,60,54,151,119,187,39,107,55,14,13,111,52,89,75,80,45,162,53,183,69,159,164,90,28,155,73,99,106,136,132,152,102,170,172,86,76,133,85,104,17,8,16,56,21,108,192,40,15,9,33,154,122,179,195,185,127,96,171,141,98,114,64,79,177,27,88,5,186,199,83,59,129,24,95,149,165,181,120,161,115,191,135,146];True
1657;7299;8956;[34,4,144,70,19,87,121,178,2,169,61,84,77,112,93,147,66,157,103,105,74,188,168,31,142,117,167,182,45,138,41,49,78,128,42,57,197,125,145,126,143,160,91,1,150,124,180,196,36,46,140,92,82,23,189,47,175,12,22,26,176,193,109,20,67,166,38,139,63,118,48,194,29,198,174,184,35,3,32,72,163,25,51,50,190,10,130,113,156,116,44,65,37,94,173,18,131,110,81,153,101,100,30,134,148,11,97,58,158,43,7,0,62,68,123,6,137,60,54,151,119,187,39,107,55,14,13,111,52,89,75,80,71,162,53,183,69,159,164,90,28,155,73,99,106,136,132,152,102,170,172,86,76,133,85,104,17,8,16,56,21,108,192,40,15,9,33,154,122,179,195,185,127,96,171,141,98,114,64,79,177,27,88,5,186,199,83,59,129,24,95,149,165,181,120,161,115,191,135,146];True
1618;7339;8957;[34,4,144,70,19,87,121,178,2,32,61,84,77,112,150,147,66,157,103,105,74,188,168,31,142,117,167,182,45,65,41,49,78,128,42,57,197,125,145,126,143,160,91,1,93,124,180,196,36,46,140,92,82,23,189,47,175,12,22,26,176,193,109,20,67,166,38,139,63,118,48,194,29,198,174,184,35,3,169,72,163,25,51,50,190,10,130,113,156,116,44,138,37,94,173,18,131,110,81,153,101,100,30,134,148,11,97,58,158,43,7,0,62,68,123,6,137,60,54,151,119,187,39,107,55,14,13,111,52,89,75,80,71,162,53,183,69,159,164,90,28,155,73,99,106,136,132,152,102,170,172,86,76,133,85,104,17,8,16,56,21,108,192,40,15,9,33,154,122,179,195,185,127,96,171,141,98,114,64,79,177,27,88,5,186,199,83,59,129,24,95,149,165,181,120,161,115,191,135,146];True
1623;7334;8957;[34,4,144,70,19,87,121,178,2,32,61,84,77,112,150,147,66,157,103,105,74,188,168,31,142,117,167,182,45,138,41,49,78,128,42,57,197,125,145,126,143,160,91,1,93,124,180,196,36,46,140,92,82,23,189,47,175,12,22,26,176,193,109,20,67,166,38,139,63,118,48,194,29,198,174,184,35,3,169,72,163,25,51,50,190,10,130,113,156,116,44,65,37,94,173,18,131,110,81,153,101,100,30,134,148,11,97,58,158,43,7,0,62,68,123,6,137,60,54,151,119,187,39,107,55,14,13,111,52,89,75,80,71,162,53,183,69,159,164,90,28,155,73,99,106,136,132,152,102,170,172,86,76,133,85,104,17,8,16,56,21,108,192,40,15,9,33,154,122,179,195,185,127,96,171,141,98,114,64,79,177,27,88,5,186,199,83,59,129,24,95,149,165,181,120,161,115,191,135,146];True
1712;7246;8958;[34,4,144,70,19,87,121,178,102,132,130,84,77,112,93,147,66,157,103,105,74,188,168,31,142,117,167,61,45,138,41,49,78,128,42,57,197,125,145,126,143,160,91,1,150,124,180,196,36,46,140,92,82,23,189,47,175,12,22,26,176,193,109,20,67,166,38,139,63,118,48,194,29,198,174,184,35,161,32,72,163,25,51,50,190,10,182,113,156,116,44,65,37,94,173,18,131,110,81,153,101,100,30,134,148,11,97,58,158,43,7,0,62,68,123,6,137,60,54,151,119,187,39,107,55,14,13,111,52,89,75,80,71,162,53,183,69,159,164,90,28,155,73,99,106,136,115,152,2,170,172,86,76,133,85,104,17,8,16,56,21,108,192,40,15,9,33,154,122,179,195,185,127,96,171,141,98,114,64,79,177,27,88,5,186,199,83,59,129,24,95,149,165,181,120,3,169,191,135,146];True
1683;7275;8958;[34,4,144,70,19,87,121,178,2,115,182,84,77,112,93,147,66,157,103,105,74,188,168,31,142,117,167,61,45,138,41,49,78,128,42,57,197,125,145,126,143,160,91,1,150,124,180,196,36,46,140,92,82,23,189,47,175,12,22,26,176,193,109,20,67,166,38,139,63,118,48,194,29,198,174,184,35,161,32,72,163,25,51,50,190,10,130,113,156,116,44,65,37,94,173,18,131,110,81,153,101,100,30,134,148,11,97,58,158,43,7,0,62,68,123,6,137,60,54,151,119,187,39,107,55,14,13,111,52,89,75,80,71,162,53,183,69,159,164,90,28,155,73,99,106,136,132,152,102,170,172,86,76,133,85,104,17,8,16,56,21,108,192,40,15,9,33,154,122,179,195,185,127,96,171,141,98,114,64,79,177,27,88,5,186,199,83,59,129,24,95,149,165,181,120,3,169,191,135,146];True
1681;7277;8958;[34,4,144,70,19,87,121,178,2,32,61,84,77,112,93,147,66,157,103,105,74,188,168,31,142,117,167,182,45,65,41,49,78,128,42,57,197,125,145,126,143,160,91,1,150,124,180,196,36,46,140,92,82,23,189,47,175,12,22,26,176,193,109,20,67,166,38,139,63,118,48,194,29,198,174,184,35,3,169,72,163,25,51,50,190,10,130,113,156,71,44,138,37,94,173,18,131,110,81,153,101,100,30,134,148,11,97,58,158,43,7,0,62,68,123,6,137,60,54,151,119,187,39,107,55,14,13,111,52,89,75,80,116,162,53,183,69,159,164,90,28,155,73,99,106,136,132,152,102,170,172,86,76,133,85,104,17,8,16,56,21,108,192,40,15,9,33,154,122,179,195,185,127,96,171,141,98,114,64,79,177,27,88,5,186,199,83,59,129,24,95,149,165,181,120,161,115,191,135,146];True
1707;7251;8958;[34,4,144,70,19,87,121,178,102,132,130,84,77,112,93,147,66,157,103,105,74,188,168,31,142,117,167,61,45,65,41,49,78,128,42,57,197,125,145,126,143,160,91,1,150,124,180,196,36,46,140,92,82,23,189,47,175,12,22,26,176,193,109,20,67,166,38,139,63,118,48,194,29,198,174,184,35,161,32,72,163,25,51,50,190,10,182,113,156,116,44,138,37,94,173,18,131,110,81,153,101,100,30,134,148,11,97,58,158,43,7,0,62,68,123,6,137,60,54,151,119,187,39,107,55,14,13,111,52,89,75,80,71,162,53,183,69,159,164,90,28,155,73,99,106,136,115,152,2,170,172,86,76,133,85,104,17,8,16,56,21,108,192,40,15,9,33,154,122,179,195,185,127,96,171,141,98,114,64,79,177,27,88,5,186,199,83,59,129,24,95,149,165,181,120,3,169,191,135,146];True
1686;7272;8958;[34,4,144,70,19,87,121,178,2,32,61,84,77,112,93,147,66,157,103,105,74,188,168,31,142,117,167,182,45,138,41,49,78,128,42,57,197,125,145,126,143,160,91,1,150,124,180,196,36,46,140,92,82,23,189,47,175,12,22,26,176,193,109,20,67,166,38,139,63,118,48,194,29,198,174,184,35,3,169,72,163,25,51,50,190,10,130,113,156,71,44,65,37,94,173,18,131,110,81,153,101,100,30,134,148,11,97,58,158,43,7,0,62,68,123,6,137,60,54,151,119,187,39,107,55,14,13,111,52,89,75,80,116,162,53,183,69,159,164,90,28,155,73,99,106,136,132,152,102,170,172,86,76,133,85,104,17,8,16,56,21,108,192,40,15,9,33,154,122,179,195,185,127,96,171,141,98,114,64,79,177,27,88,5,186,199,83,59,129,24,95,149,165,181,120,161,115,191,135,146];True
1661;7298;8959;[34,4,144,70,19,87,121,178,2,169,182,84,77,112,93,147,66,157,103,105,74,188,168,31,142,117,167,61,45,65,41,49,78,128,42,57,197,125,145,126,143,160,91,1,150,124,180,196,36,46,140,92,82,23,189,47,175,12,22,26,176,193,109,20,67,166,38,139,63,118,48,194,29,198,174,184,35,161,32,72,163,25,51,50,190,10,130,113,156,116,44,138,37,94,173,18,131,110,81,153,101,100,30,134,148,11,97,58,158,43,7,0,62,68,123,6,137,60,54,151,119,187,39,107,55,14,13,111,52,89,75,80,71,162,53,183,69,159,164,90,28,155,73,99,106,136,132,152,102,170,172,86,76,133,85,104,17,8,16,56,21,108,192,40,15,9,33,154,122,179,195,185,127,96,171,141,98,114,64,79,177,27,88,5,186,199,83,59,129,24,95,149,165,181,120,3,115,191,135,146];True
1666;7293;8959;[34,4,144,70,19,87,121,178,2,169,182,84,77,112,93,147,66,157,103,105,74,188,168,31,142,117,167,61,45,138,41,49,78,128,42,57,197,125,145,126,143,160,91,1,150,124,180,196,36,46,140,92,82,23,189,47,175,12,22,26,176,193,109,20,67,166,38,139,63,118,48,194,29,198,174,184,35,161,32,72,163,25,51,50,190,10,130,113,156,116,44,65,37,94,173,18,131,110,81,153,101,100,30,134,148,11,97,58,158,43,7,0,62,68,123,6,137,60,54,151,119,187,39,107,55,14,13,111,52,89,75,80,71,162,53,183,69,159,164,90,28,155,73,99,106,136,132,152,102,170,172,86,76,133,85,104,17,8,16,56,21,108,192,40,15,9,33,154,122,179,195,185,127,96,171,141,98,114,64,79,177,27,88,5,186,199,83,59,129,24,95,149,165,181,120,3,115,191,135,146];True
1691;7269;8960;[34,4,144,70,19,87,121,178,115,2,130,84,77,112,93,147,66,157,103,105,74,188,168,31,142,117,167,61,45,138,41,49,78,128,42,57,197,125,145,126,143,160,91,1,150,124,180,196,36,46,140,92,82,23,189,47,175,12,22,26,176,193,109,20,67,166,38,139,63,118,48,194,29,198,174,184,35,161,32,72,163,25,51,50,190,10,182,113,156,116,44,65,37,94,173,18,131,110,81,153,101,100,30,134,148,11,97,58,158,43,7,0,62,68,123,6,137,60,54,151,119,187,39,107,55,14,13,111,52,89,75,80,71,162,53,183,69,159,164,90,28,155,73,99,106,136,132,152,102,170,172,86,76,133,85,104,17,8,16,56,21,108,192,40,15,9,33,154,122,179,195,185,127,96,171,141,98,114,64,79,177,27,88,5,186,199,83,59,129,24,95,149,165,181,120,3,169,191,135,146];True
1672;7290;8962;[34,4,144,70,19,87,121,178,2,169,61,84,77,112,93,147,66,157,103,105,74,188,168,31,142,117,167,182,45,138,41,49,78,128,42,57,197,125,145,126,143,160,91,1,150,124,180,196,36,46,140,92,82,23,189,47,175,12,22,26,176,193,109,20,67,166,38,139,63,118,48,194,29,198,174,184,35,161,32,72,163,25,51,50,190,10,130,113,156,116,44,65,37,94,173,18,131,110,81,153,101,100,30,134,148,11,97,58,158,43,7,0,62,68,123,6,137,60,54,151,119,187,39,107,55,14,13,111,52,89,75,80,71,162,53,183,69,159,164,90,28,155,73,99,106,136,132,152,102,170,172,86,76,133,85,104,17,8,16,56,21,108,192,40,15,9,33,154,122,179,195,185,127,96,171,141,98,114,64,79,177,27,88,5,186,199,83,59,129,24,95,149,165,181,120,3,115,191,135,146];True
1631;7332;8963;[34,4,144,70,19,87,121,178,2,169,61,84,77,112,150,147,66,157,103,105,74,188,168,31,142,117,167,182,45,138,41,49,78,128,42,57,197,125,145,126,143,160,91,1,93,124,180,196,36,46,140,92,82,23,189,47,175,12,22,26,176,193,109,20,67,166,38,139,63,118,48,194,29,198,174,184,35,3,32,72,163,25,51,50,190,10,130,113,156,116,44,65,37,94,173,18,131,110,81,153,101,100,30,134,148,11,97,58,158,43,7,0,62,68,123,6,137,60,54,151,119,187,39,107,55,14,13,111,52,89,75,80,71,162,53,183,69,159,164,90,28,155,73,99,106,136,132,152,102,170,172,86,76,133,85,104,17,8,16,56,21,108,192,40,15,9,33,154,122,179,195,185,127,96,171,141,98,114,64,79,177,27,88,5,186,199,83,59,129,24,95,149,165,181,120,161,115,191,135,146];True
1732;7233;8965;[34,4,144,70,19,87,121,178,102,132,130,84,77,112,93,147,66,157,103,105,74,188,168,31,142,117,167,61,45,65,41,49,78,128,42,57,197,125,145,126,143,160,91,1,150,124,180,196,36,46,140,92,82,23,189,47,175,12,22,26,176,193,109,20,67,166,38,139,63,118,48,194,29,198,174,184,35,161,32,72,163,25,51,50,190,10,0,113,156,116,44,138,37,94,173,18,131,110,81,153,101,100,30,134,148,11,97,58,158,43,7,182,62,68,123,6,137,60,54,151,119,187,39,107,55,14,13,111,52,89,75,80,71,162,53,183,69,159,164,90,28,155,73,99,106,136,115,152,2,170,172,86,76,133,85,104,17,8,16,56,21,108,192,40,15,9,33,154,122,179,195,185,127,96,171,141,98,114,64,79,177,27,88,5,186,199,83,59,129,24,95,149,165,181,120,3,169,191,135,146];True
1737;7228;8965;[34,4,144,70,19,87,121,178,102,132,130,84,77,112,93,147,66,157,103,105,74,188,168,31,142,117,167,61,45,138,41,49,78,128,42,57,197,125,145,126,143,160,91,1,150,124,180,196,36,46,140,92,82,23,189,47,175,12,22,26,176,193,109,20,67,166,38,139,63,118,48,194,29,198,174,184,35,161,32,72,163,25,51,50,190,10,0,113,156,116,44,65,37,94,173,18,131,110,81,153,101,100,30,134,148,11,97,58,158,43,7,182,62,68,123,6,137,60,54,151,119,187,39,107,55,14,13,111,52,89,75,80,71,162,53,183,69,159,164,90,28,155,73,99,106,136,115,152,2,170,172,86,76,133,85,104,17,8,16,56,21,108,192,40,15,9,33,154,122,179,195,185,127,96,171,141,98,114,64,79,177,27,88,5,186,199,83,59,129,24,95,149,165,181,120,3,169,191,135,146];True
1635;7331;8966;[34,4,144,70,19,87,121,178,2,169,182,84,77,112,150,147,66,157,103,105,74,188,168,31,142,117,167,61,45,65,41,49,78,128,42,57,197,125,145,126,143,160,91,1,93,124,180,196,36,46,140,92,82,23,189,47,175,12,22,26,176,193,109,20,67,166,38,139,63,118,48,194,29,198,174,184,35,161,32,72,163,25,51,50,190,10,130,113,156,116,44,138,37,94,173,18,131,110,81,153,101,100,30,134,148,11,97,58,158,43,7,0,62,68,123,6,137,60,54,151,119,187,39,107,55,14,13,111,52,89,75,80,71,162,53,183,69,159,164,90,28,155,73,99,106,136,132,152,102,170,172,86,76,133,85,104,17,8,16,56,21,108,192,40,15,9,33,154,122,179,195,185,127,96,171,141,98,114,64,79,177,27,88,5,186,199,83,59,129,24,95,149,165,181,120,3,115,191,135,146];True
1640;7326;8966;[34,4,144,70,19,87,121,178,2,169,182,84,77,112,150,147,66,157,103,105,74,188,168,31,142,117,167,61,45,138,41,49,78,128,42,57,197,125,145,126,143,160,91,1,93,124,180,196,36,46,140,92,82,23,189,47,175,12,22,26,176,193,109,20,67,166,38,139,63,118,48,194,29,198,174,184,35,161,32,72,163,25,51,50,190,10,130,113,156,116,44,65,37,94,173,18,131,110,81,153,101,100,30,134,148,11,97,58,158,43,7,0,62,68,123,6,137,60,54,151,119,187,39,107,55,14,13,111,52,89,75,80,71,162,53,183,69,159,164,90,28,155,73,99,106,136,132,152,102,170,172,86,76,133,85,104,17,8,16,56,21,108,192,40,15,9,33,154,122,179,195,185,127,96,171,141,98,114,64,79,177,27,88,5,186,199,83,59,129,24,95,149,165,181,120,3,115,191,135,146];True
1703;7263;8966;[34,4,144,70,19,87,121,178,2,32,61,84,77,112,93,147,66,157,103,105,74,188,168,31,142,117,167,182,116,65,41,49,78,128,42,57,197,125,145,126,143,160,91,1,150,124,180,196,36,46,140,92,82,23,189,47,175,12,22,26,176,193,109,20,67,166,38,139,63,118,48,194,29,198,174,184,35,3,169,72,163,25,51,50,190,10,130,113,156,71,44,138,37,94,173,18,131,110,81,153,101,100,30,134,148,11,97,58,158,43,7,0,181,68,123,6,137,60,54,151,119,187,39,107,55,14,13,111,52,89,75,80,45,162,53,183,69,159,164,90,28,155,73,99,106,136,132,152,102,170,172,86,76,133,85,104,17,8,16,56,21,108,192,40,15,9,33,154,122,179,195,185,127,96,171,141,98,114,64,79,177,27,88,5,186,199,83,59,129,24,95,149,165,62,120,161,115,191,135,146];True
1744;7222;8966;[34,4,144,70,19,87,121,178,102,132,130,84,77,112,93,147,66,157,103,105,74,188,168,31,142,117,167,61,45,65,41,49,78,128,42,57,197,125,145,126,143,160,91,1,150,124,180,196,36,46,140,92,82,23,189,47,175,12,22,26,176,193,109,20,67,166,38,139,63,118,48,194,29,198,174,184,35,161,32,72,163,25,51,50,190,10,182,113,156,71,44,138,37,94,173,18,131,110,81,153,101,100,30,134,148,11,97,58,158,43,7,0,62,68,123,6,137,60,54,151,119,187,39,107,55,14,13,111,52,89,75,80,116,162,53,183,69,159,164,90,28,155,73,99,106,136,115,152,2,170,172,86,76,133,85,104,17,8,16,56,21,108,192,40,15,9,33,154,122,179,195,185,127,96,171,141,98,114,64,79,177,27,88,5,186,199,83,59,129,24,95,149,165,181,120,3,169,191,135,146];True
1700;7266;8966;[34,4,144,70,19,87,121,178,102,132,130,84,77,112,93,147,66,157,103,105,74,188,168,31,142,117,167,61,45,138,41,49,78,128,42,57,197,125,145,126,143,160,91,1,150,124,180,196,36,46,140,92,82,23,189,47,175,12,22,26,176,193,109,20,67,166,38,139,63,118,48,194,29,198,174,184,35,88,32,72,163,25,51,50,190,10,182,113,156,116,44,65,37,94,173,18,131,110,81,153,101,100,30,134,148,11,97,58,158,43,7,0,62,68,123,6,137,60,54,151,119,187,39,107,55,14,13,111,52,89,75,80,71,162,53,183,69,159,164,90,28,155,73,99,106,136,115,152,2,170,172,86,76,133,85,104,17,8,16,56,21,108,192,40,15,9,33,154,122,179,195,185,127,96,171,141,98,114,64,79,177,27,161,5,186,199,83,59,129,24,95,149,165,181,120,3,169,191,135,146];True
1749;7217;8966;[34,4,144,70,19,87,121,178,102,132,130,84,77,112,93,147,66,157,103,105,74,188,168,31,142,117,167,61,45,138,41,49,78,128,42,57,197,125,145,126,143,160,91,1,150,124,180,196,36,46,140,92,82,23,189,47,175,12,22,26,176,193,109,20,67,166,38,139,63,118,48,194,29,198,174,184,35,161,32,72,163,25,51,50,190,10,182,113,156,71,44,65,37,94,173,18,131,110,81,153,101,100,30,134,148,11,97,58,158,43,7,0,62,68,123,6,137,60,54,151,119,187,39,107,55,14,13,111,52,89,75,80,116,162,53,183,69,159,164,90,28,155,73,99,106,136,115,152,2,170,172,86,76,133,85,104,17,8,16,56,21,108,192,40,15,9,33,154,122,179,195,185,127,96,171,141,98,114,64,79,177,27,88,5,186,199,83,59,129,24,95,149,165,181,120,3,169,191,135,146];True
1723;7245;8968;[34,4,144,70,19,87,121,178,115,2,130,84,77,112,93,147,66,157,103,105,74,188,168,31,142,117,167,61,45,65,41,49,78,128,42,57,197,125,145,126,143,160,91,1,150,124,180,196,36,46,140,92,82,23,189,47,175,12,22,26,176,193,109,20,67,166,38,139,63,118,48,194,29,198,174,184,35,161,32,72,163,25,51,50,190,10,182,113,156,71,44,138,37,94,173,18,131,110,81,153,101,100,30,134,148,11,97,58,158,43,7,0,62,68,123,6,137,60,54,151,119,187,39,107,55,14,13,111,52,89,75,80,116,162,53,183,69,159,164,90,28,155,73,99,106,136,132,152,102,170,172,86,76,133,85,104,17,8,16,56,21,108,192,40,15,9,33,154,122,179,195,185,127,96,171,141,98,114,64,79,177,27,88,5,186,199,83,59,129,24,95,149,165,181,120,3,169,191,135,146];True
1728;7240;8968;[34,4,144,70,19,87,121,178,115,2,130,84,77,112,93,147,66,157,103,105,74,188,168,31,142,117,167,61,45,138,41,49,78,128,42,57,197,125,145,126,143,160,91,1,150,124,180,196,36,46,140,92,82,23,189,47,175,12,22,26,176,193,109,20,67,166,38,139,63,118,48,194,29,198,174,184,35,161,32,72,163,25,51,50,190,10,182,113,156,71,44,65,37,94,173,18,131,110,81,153,101,100,30,134,148,11,97,58,158,43,7,0,62,68,123,6,137,60,54,151,119,187,39,107,55,14,13,111,52,89,75,80,116,162,53,183,69,159,164,90,28,155,73,99,106,136,132,152,102,170,172,86,76,133,85,104,17,8,16,56,21,108,192,40,15,9,33,154,122,179,195,185,127,96,171,141,98,114,64,79,177,27,88,5,186,199,83,59,129,24,95,149,165,181,120,3,169,191,135,146];True
1774;7199;8973;[34,4,144,70,19,87,121,178,102,132,130,84,77,112,93,147,66,157,103,105,74,188,168,31,142,117,167,61,45,138,41,49,78,128,42,57,197,125,145,126,143,160,91,1,150,124,180,196,36,46,140,92,82,23,189,47,175,12,22,26,176,193,109,20,67,166,38,139,63,118,48,194,29,198,174,184,35,161,32,72,163,25,51,50,190,10,0,113,156,71,44,65,37,94,173,18,131,110,81,153,101,100,30,134,148,11,97,58,158,43,7,182,62,68,123,6,137,60,54,151,119,187,39,107,55,14,13,111,52,89,75,80,116,162,53,183,69,159,164,90,28,155,73,99,106,136,115,152,2,170,172,86,76,133,85,104,17,8,16,56,21,108,192,40,15,9,33,154,122,179,195,185,127,96,171,141,98,114,64,79,177,27,88,5,186,199,83,59,129,24,95,149,165,181,120,3,169,191,135,146];True
1769;7204;8973;[34,4,144,70,19,87,121,178,102,132,130,84,77,112,93,147,66,157,103,105,74,188,168,31,142,117,167,61,45,65,41,49,78,128,42,57,197,125,145,126,143,160,91,1,150,124,180,196,36,46,140,92,82,23,189,47,175,12,22,26,176,193,109,20,67,166,38,139,63,118,48,194,29,198,174,184,35,161,32,72,163,25,51,50,190,10,0,113,156,71,44,138,37,94,173,18,131,110,81,153,101,100,30,134,148,11,97,58,158,43,7,182,62,68,123,6,137,60,54,151,119,187,39,107,55,14,13,111,52,89,75,80,116,162,53,183,69,159,164,90,28,155,73,99,106,136,115,152,2,170,172,86,76,133,85,104,17,8,16,56,21,108,192,40,15,9,33,154,122,179,195,185,127,96,171,141,98,114,64,79,177,27,88,5,186,199,83,59,129,24,95,149,165,181,120,3,169,191,135,146];True
1766;7212;8978;[34,4,144,70,19,87,121,178,102,132,130,84,77,112,93,147,66,157,103,105,74,188,168,31,142,117,167,61,45,138,41,49,78,128,42,57,197,125,145,126,143,160,91,1,150,124,180,196,36,46,140,92,82,23,189,47,182,12,22,26,176,193,109,20,67,166,38,139,63,118,48,194,29,198,174,184,35,161,32,72,163,25,51,50,190,10,0,113,156,71,44,65,37,94,173,18,131,110,81,153,101,100,30,134,148,11,97,58,158,43,7,175,62,68,123,6,137,60,54,151,119,187,39,107,55,14,13,111,52,89,75,80,116,162,53,183,69,159,164,90,28,155,73,99,106,136,115,152,2,170,172,86,76,133,85,104,17,8,16,56,21,108,192,40,15,9,33,154,122,179,195,185,127,96,171,141,98,114,64,79,177,27,88,5,186,199,83,59,129,24,95,149,165,181,120,3,169,191,135,146];True
1612;7368;8980;[34,4,144,70,19,87,121,178,2,32,61,84,77,112,150,147,66,157,103,105,74,188,168,31,142,117,167,182,45,65,41,49,78,128,42,57,197,125,145,126,143,160,91,1,93,124,180,196,36,46,140,92,82,23,189,47,175,12,22,26,176,193,109,20,67,166,38,139,63,118,48,194,29,198,174,184,35,3,169,72,163,25,51,50,190,10,130,113,156,116,44,138,37,94,173,18,131,110,81,153,101,100,30,134,148,11,97,58,158,43,7,0,62,68,123,6,137,60,54,151,119,187,39,107,55,14,13,111,52,89,75,80,71,162,53,183,69,159,164,90,28,155,73,99,106,136,132,152,102,170,172,86,76,133,85,104,17,8,16,56,21,108,192,40,15,9,33,154,122,179,165,185,127,96,171,141,98,114,64,79,177,27,88,5,186,199,83,59,129,24,95,149,195,181,120,161,115,191,135,146];True
1617;7363;8980;[34,4,144,70,19,87,121,178,2,32,61,84,77,112,150,147,66,157,103,105,74,188,168,31,142,117,167,182,45,138,41,49,78,128,42,57,197,125,145,126,143,160,91,1,93,124,180,196,36,46,140,92,82,23,189,47,175,12,22,26,176,193,109,20,67,166,38,139,63,118,48,194,29,198,174,184,35,3,169,72,163,25,51,50,190,10,130,113,156,116,44,65,37,94,173,18,131,110,81,153,101,100,30,134,148,11,97,58,158,43,7,0,62,68,123,6,137,60,54,151,119,187,39,107,55,14,13,111,52,89,75,80,71,162,53,183,69,159,164,90,28,155,73,99,106,136,132,152,102,170,172,86,76,133,85,104,17,8,16,56,21,108,192,40,15,9,33,154,122,179,165,185,127,96,171,141,98,114,64,79,177,27,88,5,186,199,83,59,129,24,95,149,195,181,120,161,115,191,135,146];True
1611;7372;8983;[34,4,144,70,19,87,121,178,2,32,61,84,77,112,150,147,66,157,103,105,74,188,168,31,142,117,45,182,167,65,41,49,78,128,42,57,197,125,145,126,143,160,91,1,93,124,180,196,36,46,140,92,82,23,189,47,175,12,22,26,176,193,109,20,67,166,38,139,63,118,48,194,29,198,174,184,35,3,169,72,163,25,51,50,190,10,130,113,156,116,44,138,37,94,173,18,131,110,81,153,101,100,30,134,148,11,97,58,158,43,7,0,62,68,123,6,137,60,54,151,119,187,39,107,55,14,13,111,52,89,75,80,71,162,53,183,69,159,164,90,28,155,73,99,106,136,132,152,102,170,172,86,76,133,85,104,17,8,16,56,21,108,192,40,15,9,33,154,122,179,195,185,127,96,171,141,98,114,64,79,177,27,88,5,186,199,83,59,129,24,95,149,165,181,120,161,115,191,135,146];True
1801;7185;8986;[34,4,144,70,19,87,121,178,102,132,130,84,77,112,93,147,66,157,103,105,74,188,168,31,142,117,167,61,45,138,41,49,78,128,42,101,197,125,145,126,143,160,91,1,150,124,180,196,36,46,140,92,82,23,189,47,175,12,22,26,176,193,109,20,67,166,38,139,63,118,48,194,29,198,174,184,35,161,32,72,163,25,51,50,190,10,57,113,156,71,44,65,37,94,173,18,131,110,81,153,80,100,30,134,148,11,97,58,158,43,7,0,62,68,123,6,137,60,54,151,119,187,39,107,55,14,13,111,52,89,75,182,116,162,53,183,69,159,164,90,28,155,73,99,106,136,115,152,2,170,172,86,76,133,85,104,17,8,16,56,21,108,192,40,15,9,33,154,122,179,195,185,127,96,171,141,98,114,64,79,177,27,88,5,186,199,83,59,129,24,95,149,165,181,120,3,169,191,135,146];True
1796;7190;8986;[34,4,144,70,19,87,121,178,102,132,130,84,77,112,93,147,66,157,103,105,74,188,168,31,142,117,167,61,45,65,41,49,78,128,42,101,197,125,145,126,143,160,91,1,150,124,180,196,36,46,140,92,82,23,189,47,175,12,22,26,176,193,109,20,67,166,38,139,63,118,48,194,29,198,174,184,35,161,32,72,163,25,51,50,190,10,57,113,156,71,44,138,37,94,173,18,131,110,81,153,80,100,30,134,148,11,97,58,158,43,7,0,62,68,123,6,137,60,54,151,119,187,39,107,55,14,13,111,52,89,75,182,116,162,53,183,69,159,164,90,28,155,73,99,106,136,115,152,2,170,172,86,76,133,85,104,17,8,16,56,21,108,192,40,15,9,33,154,122,179,195,185,127,96,171,141,98,114,64,79,177,27,88,5,186,199,83,59,129,24,95,149,165,181,120,3,169,191,135,146];True
1604;7386;8990;[146,4,144,70,19,87,121,178,2,32,61,84,77,112,150,147,66,157,103,105,74,188,168,31,142,117,167,182,45,138,41,49,78,128,42,57,197,125,145,126,143,160,91,1,93,124,180,196,36,46,140,92,82,23,189,47,175,12,22,26,176,193,109,20,67,166,38,139,63,118,48,194,29,198,174,184,35,3,169,72,163,25,51,50,190,10,130,113,156,116,44,65,37,94,173,18,131,110,81,153,101,100,30,134,148,11,97,58,158,43,7,0,62,68,123,6,137,60,54,151,119,187,39,107,55,14,13,111,52,89,75,80,71,162,53,183,69,159,164,90,28,155,73,99,106,136,132,152,102,170,172,86,76,133,85,104,17,8,16,56,21,108,192,40,15,9,33,154,122,179,195,185,127,96,171,141,98,114,64,79,177,27,88,5,186,199,83,59,129,24,95,149,165,181,120,161,115,191,135,34];True
1599;7391;8990;[146,4,144,70,19,87,121,178,2,32,61,84,77,112,150,147,66,157,103,105,74,188,168,31,142,117,167,182,45,65,41,49,78,128,42,57,197,125,145,126,143,160,91,1,93,124,180,196,36,46,140,92,82,23,189,47,175,12,22,26,176,193,109,20,67,166,38,139,63,118,48,194,29,198,174,184,35,3,169,72,163,25,51,50,190,10,130,113,156,116,44,138,37,94,173,18,131,110,81,153,101,100,30,134,148,11,97,58,158,43,7,0,62,68,123,6,137,60,54,151,119,187,39,107,55,14,13,111,52,89,75,80,71,162,53,183,69,159,164,90,28,155,73,99,106,136,132,152,102,170,172,86,76,133,85,104,17,8,16,56,21,108,192,40,15,9,33,154,122,179,195,185,127,96,171,141,98,114,64,79,177,27,88,5,186,199,83,59,129,24,95,149,165,181,120,161,115,191,135,34];True
1593;7401;8994;[34,4,129,70,19,87,121,178,127,132,130,84,77,112,93,147,66,157,103,105,74,188,144,9,142,117,57,61,45,138,41,49,78,128,42,101,197,168,145,126,143,160,91,1,33,124,180,196,36,46,140,92,82,23,189,81,0,85,22,26,176,193,109,20,170,166,38,139,63,118,48,194,182,198,174,184,35,67,32,72,163,25,51,50,190,10,165,113,156,71,44,65,37,94,173,18,131,119,11,59,80,100,30,134,148,195,97,58,158,43,7,136,181,68,123,6,149,60,54,151,110,187,39,107,55,14,13,172,12,89,75,125,15,135,53,183,69,159,164,90,28,155,73,99,106,95,115,152,2,161,102,86,133,76,122,116,17,8,16,56,21,108,192,40,104,31,29,154,52,179,27,185,111,96,171,141,98,114,64,79,177,47,88,5,186,199,83,153,150,24,167,137,175,62,120,3,169,191,162,146];True
1563;7431;8994;[34,4,129,70,19,87,121,178,127,132,130,84,77,112,93,147,66,157,103,105,74,188,144,184,142,117,57,61,45,65,41,49,78,128,42,101,197,168,145,126,35,160,91,1,33,124,180,196,36,46,140,92,82,23,189,81,0,85,22,26,176,193,109,20,170,166,38,139,63,118,48,194,182,198,174,9,143,67,32,72,163,25,51,50,190,10,165,113,156,71,44,138,37,94,173,18,131,119,11,59,80,100,30,134,148,195,97,58,158,43,7,136,181,68,123,6,149,60,54,151,110,187,39,107,55,14,13,172,12,89,75,125,15,135,53,183,69,159,164,90,28,155,73,99,106,95,115,152,2,161,102,86,133,76,122,116,17,8,16,56,21,108,192,40,104,31,29,154,52,179,27,185,111,96,171,141,98,114,64,79,177,47,88,5,186,199,83,153,150,24,167,137,175,62,120,3,169,191,162,146];True
1568;7426;8994;[34,4,129,70,19,87,121,178,127,132,130,84,77,112,93,147,66,157,103,105,74,188,144,184,142,117,57,61,45,138,41,49,78,128,42,101,197,168,145,126,35,160,91,1,33,124,180,196,36,46,140,92,82,23,189,81,0,85,22,26,176,193,109,20,170,166,38,139,63,118,48,194,182,198,174,9,143,67,32,72,163,25,51,50,190,10,165,113,156,71,44,65,37,94,173,18,131,119,11,59,80,100,30,134,148,195,97,58,158,43,7,136,181,68,123,6,149,60,54,151,110,187,39,107,55,14,13,172,12,89,75,125,15,135,53,183,69,159,164,90,28,155,73,99,106,95,115,152,2,161,102,86,133,76,122,116,17,8,16,56,21,108,192,40,104,31,29,154,52,179,27,185,111,96,171,141,98,114,64,79,177,47,88,5,186,199,83,153,150,24,167,137,175,62,120,3,169,191,162,146];True
1588;7406;8994;[34,4,129,70,19,87,121,178,127,132,130,84,77,112,93,147,66,157,103,105,74,188,144,9,142,117,57,61,45,65,41,49,78,128,42,101,197,168,145,126,143,160,91,1,33,124,180,196,36,46,140,92,82,23,189,81,0,85,22,26,176,193,109,20,170,166,38,139,63,118,48,194,182,198,174,184,35,67,32,72,163,25,51,50,190,10,165,113,156,71,44,138,37,94,173,18,131,119,11,59,80,100,30,134,148,195,97,58,158,43,7,136,181,68,123,6,149,60,54,151,110,187,39,107,55,14,13,172,12,89,75,125,15,135,53,183,69,159,164,90,28,155,73,99,106,95,115,152,2,161,102,86,133,76,122,116,17,8,16,56,21,108,192,40,104,31,29,154,52,179,27,185,111,96,171,141,98,114,64,79,177,47,88,5,186,199,83,153,150,24,167,137,175,62,120,3,169,191,162,146];True
1579;7417;8996;[34,4,129,70,19,87,121,178,127,132,130,84,77,112,93,147,66,157,103,105,74,188,144,9,142,117,57,61,45,138,41,49,78,128,42,101,197,168,145,126,143,160,91,1,33,124,180,196,36,46,140,92,82,23,189,81,0,85,22,26,176,193,109,20,67,166,38,139,63,118,48,194,182,198,174,184,35,25,32,72,163,170,51,50,190,10,165,113,156,71,44,65,37,94,173,18,131,119,11,59,80,100,30,134,148,195,97,58,158,43,7,136,181,68,123,6,149,60,54,151,110,187,39,107,55,14,13,172,12,89,75,125,15,135,53,183,69,159,164,90,28,155,73,99,106,95,115,152,2,161,102,86,133,76,122,116,17,8,16,56,21,108,192,40,104,31,29,154,52,179,27,185,111,96,171,141,98,114,64,79,177,47,88,5,186,199,83,153,150,24,167,137,175,62,120,3,169,191,162,146];True
1577;7419;8996;[34,4,129,70,19,87,121,178,127,132,130,84,77,112,93,147,66,157,103,105,74,188,144,184,142,117,57,61,45,65,41,35,78,128,42,101,197,168,145,126,143,160,91,1,33,124,180,196,36,46,140,92,82,23,189,81,0,85,22,26,176,193,109,20,170,166,38,139,63,118,48,194,182,198,174,9,49,67,32,72,163,25,51,50,190,10,165,113,156,71,44,138,37,94,173,18,131,119,11,59,80,100,30,134,148,195,97,58,158,43,7,136,181,68,123,6,149,60,54,151,110,187,39,107,55,14,13,172,12,89,75,125,15,135,53,183,69,159,164,90,28,155,73,99,106,95,115,152,2,161,102,86,133,76,122,116,17,8,16,56,21,108,192,40,104,31,29,154,52,179,27,185,111,96,171,141,98,114,64,79,177,47,88,5,186,199,83,153,150,24,167,137,175,62,120,3,169,191,162,146];True
1582;7414;8996;[34,4,129,70,19,87,121,178,127,132,130,84,77,112,93,147,66,157,103,105,74,188,144,184,142,117,57,61,45,138,41,35,78,128,42,101,197,168,145,126,143,160,91,1,33,124,180,196,36,46,140,92,82,23,189,81,0,85,22,26,176,193,109,20,170,166,38,139,63,118,48,194,182,198,174,9,49,67,32,72,163,25,51,50,190,10,165,113,156,71,44,65,37,94,173,18,131,119,11,59,80,100,30,134,148,195,97,58,158,43,7,136,181,68,123,6,149,60,54,151,110,187,39,107,55,14,13,172,12,89,75,125,15,135,53,183,69,159,164,90,28,155,73,99,106,95,115,152,2,161,102,86,133,76,122,116,17,8,16,56,21,108,192,40,104,31,29,154,52,179,27,185,111,96,171,141,98,114,64,79,177,47,88,5,186,199,83,153,150,24,167,137,175,62,120,3,169,191,162,146];True
1574;7422;8996;[34,4,129,70,19,87,121,178,127,132,130,84,77,112,93,147,66,157,103,105,74,188,144,9,142,117,57,61,45,65,41,49,78,128,42,101,197,168,145,126,143,160,91,1,33,124,180,196,36,46,140,92,82,23,189,81,0,85,22,26,176,193,109,20,67,166,38,139,63,118,48,194,182,198,174,184,35,25,32,72,163,170,51,50,190,10,165,113,156,71,44,138,37,94,173,18,131,119,11,59,80,100,30,134,148,195,97,58,158,43,7,136,181,68,123,6,149,60,54,151,110,187,39,107,55,14,13,172,12,89,75,125,15,135,53,183,69,159,164,90,28,155,73,99,106,95,115,152,2,161,102,86,133,76,122,116,17,8,16,56,21,108,192,40,104,31,29,154,52,179,27,185,111,96,171,141,98,114,64,79,177,47,88,5,186,199,83,153,150,24,167,137,175,62,120,3,169,191,162,146];True
1830;7169;8999;[34,4,144,70,19,87,121,178,102,132,130,84,77,112,93,147,66,157,103,105,74,188,168,31,142,117,167,61,45,138,41,49,78,128,42,101,197,125,145,126,143,160,91,1,150,124,180,196,36,46,140,92,82,23,189,47,175,12,22,26,176,193,109,20,67,166,38,139,63,118,48,194,29,198,174,184,35,161,32,72,163,25,51,50,190,10,57,113,156,71,44,65,37,94,173,18,131,110,81,153,80,100,30,134,148,11,97,58,158,43,7,0,181,68,123,6,137,60,54,151,119,187,39,107,55,14,13,111,52,89,75,182,116,162,53,183,69,159,164,90,28,155,73,99,106,136,115,152,2,170,172,86,76,133,85,104,17,8,16,56,21,108,192,40,15,9,33,154,122,179,195,185,127,96,171,141,98,114,64,79,177,27,88,5,186,199,83,59,129,24,95,149,165,62,120,3,169,191,135,146];True
1825;7174;8999;[34,4,144,70,19,87,121,178,102,132,130,84,77,112,93,147,66,157,103,105,74,188,168,31,142,117,167,61,45,65,41,49,78,128,42,101,197,125,145,126,143,160,91,1,150,124,180,196,36,46,140,92,82,23,189,47,175,12,22,26,176,193,109,20,67,166,38,139,63,118,48,194,29,198,174,184,35,161,32,72,163,25,51,50,190,10,57,113,156,71,44,138,37,94,173,18,131,110,81,153,80,100,30,134,148,11,97,58,158,43,7,0,181,68,123,6,137,60,54,151,119,187,39,107,55,14,13,111,52,89,75,182,116,162,53,183,69,159,164,90,28,155,73,99,106,136,115,152,2,170,172,86,76,133,85,104,17,8,16,56,21,108,192,40,15,9,33,154,122,179,195,185,127,96,171,141,98,114,64,79,177,27,88,5,186,199,83,59,129,24,95,149,165,62,120,3,169,191,135,146];True
1558;7442;9000;[34,4,129,70,19,87,121,178,127,132,130,84,77,112,93,147,66,157,103,105,74,188,144,9,142,117,57,61,45,65,41,49,78,128,42,101,197,168,145,126,143,160,91,1,33,124,180,196,36,46,140,92,82,23,189,81,0,85,22,26,176,193,109,20,170,166,38,139,63,118,48,7,182,198,174,184,35,67,32,72,163,25,51,50,190,10,165,113,156,71,44,138,37,94,173,18,131,119,11,59,80,100,30,134,148,195,97,58,158,43,161,136,181,68,123,6,149,60,54,151,110,187,39,107,55,14,13,172,12,89,75,125,15,135,53,183,69,159,164,90,28,155,73,99,106,95,115,152,2,194,102,86,133,76,122,116,17,8,16,56,21,108,192,40,104,31,29,154,52,179,27,185,111,96,171,141,98,114,64,79,177,47,88,5,186,199,83,153,150,24,167,137,175,62,120,3,169,191,162,146];True
1533;7467;9000;[34,4,129,70,19,87,121,178,127,132,130,84,77,112,93,147,66,157,103,105,74,188,144,184,142,117,57,61,45,65,41,49,78,128,42,101,197,168,145,126,35,160,91,1,33,124,180,196,36,46,140,92,82,23,189,81,0,85,22,26,176,193,109,20,170,166,38,139,63,118,48,7,182,198,174,9,143,67,32,72,163,25,51,50,190,10,165,113,156,71,44,138,37,94,173,18,131,119,11,59,80,100,30,134,148,195,97,58,158,43,161,136,181,68,123,6,149,60,54,151,110,187,39,107,55,14,13,172,12,89,75,125,15,135,53,183,69,159,164,90,28,155,73,99,106,95,115,152,2,194,102,86,133,76,122,116,17,8,16,56,21,108,192,40,104,31,29,154,52,179,27,185,111,96,171,141,98,114,64,79,177,47,88,5,186,199,83,153,150,24,167,137,175,62,120,3,169,191,162,146];True
1538;7462;9000;[34,4,129,70,19,87,121,178,127,132,130,84,77,112,93,147,66,157,103,105,74,188,144,184,142,117,57,61,45,138,41,49,78,128,42,101,197,168,145,126,35,160,91,1,33,124,180,196,36,46,140,92,82,23,189,81,0,85,22,26,176,193,109,20,170,166,38,139,63,118,48,7,182,198,174,9,143,67,32,72,163,25,51,50,190,10,165,113,156,71,44,65,37,94,173,18,131,119,11,59,80,100,30,134,148,195,97,58,158,43,161,136,181,68,123,6,149,60,54,151,110,187,39,107,55,14,13,172,12,89,75,125,15,135,53,183,69,159,164,90,28,155,73,99,106,95,115,152,2,194,102,86,133,76,122,116,17,8,16,56,21,108,192,40,104,31,29,154,52,179,27,185,111,96,171,141,98,114,64,79,177,47,88,5,186,199,83,153,150,24,167,137,175,62,120,3,169,191,162,146];True
1562;7439;9001;[34,4,106,70,19,87,121,178,127,132,130,84,77,112,93,147,66,157,103,105,74,188,144,184,142,117,57,61,45,65,41,49,78,128,42,101,197,168,145,126,35,160,91,1,33,124,180,196,36,46,140,92,82,23,189,81,0,85,22,26,176,193,109,20,170,166,38,139,63,118,48,194,182,198,174,9,143,67,32,72,163,25,51,50,190,10,165,113,156,71,44,138,37,94,173,18,131,119,11,59,80,100,30,134,148,195,97,58,158,43,7,136,181,68,123,6,149,60,54,151,110,187,39,107,55,14,13,172,12,89,75,125,15,135,53,183,69,159,164,90,28,155,73,99,191,95,115,152,2,161,102,86,133,76,122,116,17,8,16,56,21,108,192,40,104,31,29,154,52,179,27,185,111,96,171,141,98,114,64,79,177,47,88,5,186,199,83,153,150,24,167,137,175,62,120,3,169,129,162,146];True
1544;7459;9003;[34,4,129,70,19,87,121,178,127,132,130,84,77,112,93,147,66,157,103,105,74,188,144,184,142,117,57,61,45,138,41,49,78,128,42,101,197,168,145,126,35,160,91,1,33,124,180,196,36,46,140,92,82,23,189,81,0,85,22,26,176,193,109,20,170,166,38,139,63,118,48,7,182,198,174,9,143,67,32,72,163,25,51,50,190,10,165,113,156,71,44,65,37,94,173,18,131,119,11,59,80,100,30,134,148,195,97,58,158,43,161,136,181,68,123,6,149,60,54,151,110,187,39,107,55,14,13,172,12,89,75,125,15,135,53,183,69,159,164,90,28,155,73,99,106,167,115,152,2,194,102,86,133,76,122,116,17,8,16,56,21,108,192,40,104,31,29,154,52,179,27,185,111,96,171,141,98,114,64,79,177,47,88,5,186,199,83,153,150,24,95,137,175,62,120,3,169,191,162,146];True
1820;7184;9004;[34,4,144,70,19,87,121,178,102,132,130,84,77,112,93,147,66,157,103,105,74,188,168,31,142,117,167,61,45,138,41,49,78,128,42,57,197,125,145,126,143,160,91,1,150,124,180,196,36,46,140,92,82,23,189,47,175,12,22,26,176,193,109,20,67,166,38,139,63,118,48,194,29,198,174,184,35,161,32,72,163,25,51,50,190,10,0,113,156,71,44,65,37,94,173,18,131,110,81,153,101,100,30,134,148,11,97,58,158,43,7,182,181,68,123,6,137,60,54,151,119,187,39,107,55,14,13,111,52,89,75,80,116,162,53,183,69,159,164,90,28,155,73,99,106,136,115,152,2,170,172,86,76,133,85,104,17,8,16,56,21,108,192,40,15,9,33,154,122,179,195,185,127,96,171,141,98,114,64,79,177,27,88,5,186,199,83,59,129,24,95,149,165,62,120,3,169,191,135,146];True
1863;7143;9006;[34,4,144,70,19,87,121,178,102,132,130,84,77,112,93,147,66,157,103,105,74,188,168,31,142,117,167,61,45,138,41,49,78,128,42,57,197,125,145,126,143,160,91,1,150,124,180,196,36,46,140,92,82,23,189,47,175,12,22,26,176,193,109,20,67,166,38,139,63,118,48,194,29,198,174,184,35,161,32,72,163,25,51,50,190,10,0,113,156,71,44,65,37,94,173,18,131,110,81,153,80,100,30,134,148,11,97,58,158,43,7,101,181,68,123,6,137,60,54,151,119,187,39,107,55,14,13,111,52,89,75,182,116,162,53,183,69,159,164,90,28,155,73,99,106,136,115,152,2,170,172,86,76,133,85,104,17,8,16,56,21,108,192,40,15,9,33,154,122,179,195,185,127,96,171,141,98,114,64,79,177,27,88,5,186,199,83,59,129,24,95,149,165,62,120,3,169,191,135,146];True
1552;7454;9006;[34,4,129,70,19,87,121,178,127,132,130,84,77,112,93,147,66,157,103,105,74,188,144,9,142,117,57,61,45,138,41,49,78,128,42,101,197,168,145,126,35,160,91,1,33,124,180,196,36,46,140,92,82,23,189,81,0,85,22,26,176,193,109,20,170,166,38,139,63,118,48,7,182,198,174,184,143,67,32,72,163,25,51,50,190,10,165,113,156,71,44,65,37,94,173,18,131,119,11,59,80,100,30,134,148,195,97,58,158,43,161,136,181,68,123,6,149,60,54,151,110,187,39,107,55,14,13,172,12,89,75,125,15,135,53,183,69,159,164,90,28,155,73,99,106,95,115,152,2,194,102,86,133,76,122,116,17,8,16,56,21,108,192,40,104,31,29,154,52,179,27,185,111,96,171,141,98,114,64,79,177,47,88,5,186,199,83,153,150,24,167,137,175,62,120,3,169,191,162,146];True
1858;7148;9006;[34,4,144,70,19,87,121,178,102,132,130,84,77,112,93,147,66,157,103,105,74,188,168,31,142,117,167,61,45,65,41,49,78,128,42,57,197,125,145,126,143,160,91,1,150,124,180,196,36,46,140,92,82,23,189,47,175,12,22,26,176,193,109,20,67,166,38,139,63,118,48,194,29,198,174,184,35,161,32,72,163,25,51,50,190,10,0,113,156,71,44,138,37,94,173,18,131,110,81,153,80,100,30,134,148,11,97,58,158,43,7,101,181,68,123,6,137,60,54,151,119,187,39,107,55,14,13,111,52,89,75,182,116,162,53,183,69,159,164,90,28,155,73,99,106,136,115,152,2,170,172,86,76,133,85,104,17,8,16,56,21,108,192,40,15,9,33,154,122,179,195,185,127,96,171,141,98,114,64,79,177,27,88,5,186,199,83,59,129,24,95,149,165,62,120,3,169,191,135,146];True
1550;7458;9008;[34,4,129,70,19,87,121,178,127,132,130,84,77,112,93,147,66,157,103,105,74,188,144,184,142,117,57,61,45,138,41,49,78,128,42,101,197,168,36,126,35,160,91,1,33,124,180,196,165,46,140,92,82,23,189,81,0,85,22,26,176,193,109,20,170,166,38,139,63,118,48,194,182,198,174,9,143,67,32,72,163,25,51,50,190,10,145,113,156,71,44,65,37,94,173,18,131,119,11,59,80,100,30,134,148,195,97,58,158,43,7,136,181,68,123,6,149,60,54,151,110,187,39,107,55,14,13,172,12,89,75,125,15,135,53,183,69,159,164,90,28,155,73,99,106,95,115,152,2,161,102,86,133,76,122,116,17,8,16,56,21,108,192,40,104,31,29,154,52,179,27,185,111,96,171,141,98,114,64,79,177,47,88,5,186,199,83,153,150,24,167,137,175,62,120,3,169,191,162,146];True
1844;7166;9010;[34,4,144,70,19,87,121,178,102,132,130,84,77,112,93,147,66,157,103,105,74,188,168,31,142,117,167,61,45,138,41,49,78,128,42,57,197,125,145,126,143,160,91,1,150,124,180,196,36,46,140,92,82,23,189,47,175,12,22,26,176,193,109,20,67,166,38,139,63,118,48,194,29,198,174,184,35,161,32,72,163,25,51,50,190,10,0,113,156,71,44,65,37,94,173,18,131,110,81,153,101,100,30,134,148,11,97,58,158,43,7,80,181,68,123,6,137,60,54,151,119,187,39,107,55,14,13,111,52,89,75,182,116,162,53,183,69,159,164,90,28,155,73,99,106,136,115,152,2,170,172,86,76,133,85,104,17,8,16,56,21,108,192,40,15,9,33,154,122,179,195,185,127,96,171,141,98,114,64,79,177,27,88,5,186,199,83,59,129,24,95,149,165,62,120,3,169,191,135,146];True
1851;7163;9014;[34,4,144,70,19,87,121,178,102,132,130,84,77,112,93,147,66,157,103,105,74,188,168,31,142,117,167,61,45,138,41,49,78,128,42,57,197,125,145,126,143,160,91,1,150,124,180,196,36,46,140,92,82,23,189,47,175,12,22,26,176,193,109,20,67,166,38,139,63,118,48,194,29,198,174,184,35,88,32,72,163,25,51,50,190,10,0,113,156,71,44,65,37,94,173,18,131,110,81,153,80,100,30,134,148,11,97,58,158,43,7,101,181,68,123,6,137,60,54,151,119,187,39,107,55,14,13,111,52,89,75,182,116,162,53,183,69,159,164,90,28,155,73,99,106,136,115,152,2,170,172,86,76,133,85,104,17,8,16,56,21,108,192,40,15,9,33,154,122,179,195,185,127,96,171,141,98,114,64,79,177,27,161,5,186,199,83,59,129,24,95,149,165,62,120,3,169,191,135,146];True
1879;7139;9018;[34,4,144,70,19,87,121,178,102,132,130,84,77,112,93,147,66,157,103,105,74,188,168,31,142,117,167,61,45,138,41,49,78,128,42,57,197,125,145,126,143,160,91,1,150,124,180,196,36,46,140,92,82,23,189,7,175,12,22,26,176,193,109,20,67,166,38,139,63,118,48,194,29,198,174,184,35,161,32,72,163,25,51,50,190,10,0,113,156,71,44,65,37,94,173,18,131,110,81,153,80,100,30,134,148,11,97,58,158,43,195,101,181,68,123,6,137,86,76,151,119,187,39,107,55,14,13,111,52,89,75,182,116,162,53,183,69,159,164,90,28,155,73,99,106,136,115,152,2,170,172,60,54,133,85,104,17,8,16,56,21,108,192,40,15,9,33,154,122,179,27,185,127,96,171,141,98,114,64,79,177,47,88,5,186,199,83,59,129,24,95,149,165,62,120,3,169,191,135,146];True
1885;7138;9023;[34,4,144,70,19,87,121,178,102,132,130,84,77,112,93,147,66,157,103,105,74,188,168,31,142,117,167,61,45,138,41,49,78,128,42,57,197,125,145,126,143,160,91,1,150,124,180,196,36,46,140,92,82,23,189,7,175,12,22,26,176,193,109,20,67,166,38,139,63,118,48,194,29,198,174,184,35,161,32,72,163,25,51,50,190,10,0,113,156,71,44,65,37,94,173,18,131,110,81,153,80,100,30,134,148,11,97,58,158,43,195,111,181,68,123,6,137,86,76,151,119,187,39,107,55,14,13,101,52,89,75,182,116,162,53,183,69,159,164,90,28,155,73,99,106,136,115,152,2,170,172,60,54,133,85,104,17,8,16,56,21,108,192,40,15,9,33,154,122,179,27,185,127,96,171,141,98,114,64,79,177,47,88,5,186,199,83,59,129,24,95,149,165,62,120,3,169,191,135,146];True
1514;7512;9026;[34,4,129,70,19,87,121,178,127,132,130,84,77,112,93,147,66,157,103,105,74,188,144,184,142,117,57,61,45,65,41,49,78,128,42,101,197,168,145,126,35,160,91,1,33,124,180,196,36,46,140,92,82,23,189,81,0,85,22,26,176,193,109,20,170,166,38,139,63,118,48,7,182,198,174,9,143,67,32,72,163,25,51,50,190,10,165,113,156,71,44,138,37,94,173,18,131,119,11,59,80,100,30,134,148,195,97,58,158,43,161,136,181,68,123,6,149,60,54,151,110,187,39,107,55,14,13,172,12,89,75,125,15,108,53,183,69,159,164,90,28,155,73,99,106,95,115,152,2,194,102,86,133,76,122,116,17,8,16,56,21,135,192,40,104,31,29,154,52,179,27,185,111,96,171,141,98,114,64,79,177,47,88,5,186,199,83,153,150,24,167,137,175,62,120,3,169,191,162,146];True
1524;7502;9026;[34,4,129,70,19,87,121,178,127,132,130,84,77,112,93,147,66,157,103,105,74,188,144,184,142,117,57,61,45,138,41,49,78,128,42,101,197,168,145,126,35,160,91,1,33,124,180,196,36,46,140,92,82,23,189,81,0,85,22,26,176,193,109,20,170,166,38,139,63,118,48,7,182,198,15,9,143,67,32,72,163,25,51,50,190,10,165,113,156,71,44,65,37,94,173,18,131,119,11,59,80,100,30,134,148,195,97,58,158,43,161,136,181,68,123,6,149,60,54,151,110,187,39,107,55,14,13,172,12,89,75,125,174,135,53,183,69,159,164,90,28,155,73,99,106,95,115,152,2,194,102,86,133,76,122,116,17,8,16,56,21,108,192,40,104,31,29,154,52,179,27,185,111,96,171,141,98,114,64,79,177,47,88,5,186,199,83,153,150,24,167,137,175,62,120,3,169,191,162,146];True
1519;7507;9026;[34,4,129,70,19,87,121,178,127,132,130,84,77,112,93,147,66,157,103,105,74,188,144,184,142,117,57,61,45,138,41,49,78,128,42,101,197,168,145,126,35,160,91,1,33,124,180,196,36,46,140,92,82,23,189,81,0,85,22,26,176,193,109,20,170,166,38,139,63,118,48,7,182,198,174,9,143,67,32,72,163,25,51,50,190,10,165,113,156,71,44,65,37,94,173,18,131,119,11,59,80,100,30,134,148,195,97,58,158,43,161,136,181,68,123,6,149,60,54,151,110,187,39,107,55,14,13,172,12,89,75,125,15,108,53,183,69,159,164,90,28,155,73,99,106,95,115,152,2,194,102,86,133,76,122,116,17,8,16,56,21,135,192,40,104,31,29,154,52,179,27,185,111,96,171,141,98,114,64,79,177,47,88,5,186,199,83,153,150,24,167,137,175,62,120,3,169,191,162,146];True
1893;7136;9029;[34,4,144,70,19,87,121,178,102,132,130,84,77,112,93,147,66,157,103,105,74,188,168,31,142,117,167,61,45,138,41,49,78,128,42,57,197,125,145,126,143,160,91,1,150,124,180,196,36,46,140,92,82,23,189,47,175,12,22,26,176,193,109,20,67,166,38,139,63,118,48,194,29,198,174,184,35,161,32,72,163,25,51,50,190,10,0,113,156,71,44,65,37,94,173,18,131,110,81,153,80,100,30,134,148,11,97,58,158,43,7,101,181,68,123,6,137,60,54,151,119,187,39,107,55,14,13,111,52,89,75,182,116,162,53,183,69,159,164,90,28,155,73,99,106,136,115,2,152,170,172,86,76,133,85,104,17,8,16,56,21,108,192,40,15,9,33,154,122,179,195,185,127,96,171,141,98,114,64,79,177,27,88,5,186,199,83,59,129,24,95,149,165,62,120,3,169,191,135,146];True
1530;7499;9029;[34,4,129,70,19,87,121,178,127,132,130,84,77,112,93,147,66,157,103,105,74,188,144,184,142,117,57,61,45,138,41,49,78,128,42,101,197,168,145,126,35,160,91,1,33,124,180,196,36,46,140,92,82,23,189,81,0,85,22,26,176,193,109,20,170,166,38,139,63,118,48,7,182,198,15,9,143,67,32,72,163,25,51,50,190,10,165,113,156,71,44,65,37,94,173,18,131,119,11,59,80,100,30,134,148,195,97,58,158,43,161,136,181,68,123,6,149,60,54,151,110,187,39,107,55,14,13,172,12,89,75,125,174,135,53,183,69,159,164,90,28,155,73,99,106,167,115,152,2,194,102,86,133,76,122,116,17,8,16,56,21,108,192,40,104,31,29,154,52,179,27,185,111,96,171,141,98,114,64,79,177,47,88,5,186,199,83,153,150,24,95,137,175,62,120,3,169,191,162,146];True
1892;7137;9029;[34,4,144,70,19,87,121,178,102,132,130,84,77,112,93,147,66,157,103,105,74,188,168,31,142,117,113,61,45,138,41,49,78,128,42,57,197,125,145,126,143,160,91,1,150,124,180,196,36,46,140,92,82,23,189,47,175,12,22,26,176,193,109,20,67,166,38,139,63,118,48,194,29,198,174,184,35,161,32,72,163,25,51,50,190,10,0,167,156,71,44,65,37,94,173,18,131,110,81,153,80,100,30,134,148,11,97,58,158,43,7,101,181,68,123,6,137,60,54,151,119,187,39,107,55,14,13,111,52,89,75,182,116,162,53,183,69,159,164,90,28,155,73,99,106,136,115,152,2,170,172,86,76,133,85,104,17,8,16,56,21,108,192,40,15,9,33,154,122,179,195,185,127,96,171,141,98,114,64,79,177,27,88,5,186,199,83,59,129,24,95,149,165,62,120,3,169,191,135,146];True
1897;7132;9029;[34,4,144,70,19,87,121,178,102,132,130,84,77,112,93,147,66,157,103,105,74,188,168,31,142,117,167,61,45,138,41,49,78,128,42,57,197,125,145,126,143,160,91,1,150,124,180,196,36,46,140,92,82,23,189,7,175,12,22,26,176,193,109,20,67,166,38,139,63,118,48,194,29,198,174,184,35,161,32,72,163,25,51,50,190,10,0,113,156,71,44,65,37,94,173,18,131,110,81,153,80,100,30,134,148,195,97,58,158,43,11,101,181,68,123,6,137,86,76,151,119,187,39,107,55,14,13,111,52,89,75,182,116,162,53,183,69,159,164,90,28,155,73,99,106,136,115,152,2,170,172,60,54,133,85,104,17,8,16,56,21,108,192,40,15,9,33,154,122,179,27,185,127,96,171,141,98,114,64,79,177,47,88,5,186,199,83,59,129,24,95,149,165,62,120,3,169,191,135,146];True
1509;7522;9031;[34,195,129,70,19,87,121,178,127,132,130,84,77,112,93,147,66,157,103,105,74,188,144,184,142,117,57,61,45,65,41,49,78,128,42,101,197,168,145,126,35,160,91,1,33,124,180,196,36,46,140,92,82,23,189,81,0,85,22,26,176,193,109,20,170,166,38,139,63,118,48,7,182,198,174,9,143,67,32,72,163,25,51,50,190,10,165,113,156,71,44,138,37,94,173,18,131,119,11,59,80,100,30,134,148,4,97,58,158,43,161,136,181,68,123,6,149,60,54,151,110,187,39,107,55,14,13,172,12,89,75,125,15,135,53,183,69,159,164,90,28,155,73,99,106,95,115,152,2,194,102,86,133,76,122,116,17,8,16,56,21,108,192,40,104,31,29,154,52,179,27,185,111,96,171,141,98,114,64,79,177,47,88,5,186,199,83,153,150,24,167,137,175,62,120,3,169,191,162,146];True
1907;7124;9031;[34,4,144,70,19,87,121,178,102,132,130,84,77,112,93,147,66,157,103,105,74,188,168,31,142,117,167,61,45,65,41,49,78,128,42,57,197,125,145,126,143,160,91,1,150,124,180,196,36,46,140,92,82,23,189,195,175,12,22,26,176,193,109,20,67,166,38,139,63,118,48,194,29,198,174,184,35,161,32,72,163,25,51,50,190,10,0,113,156,71,44,138,37,94,173,18,131,110,81,153,80,100,30,134,148,11,97,58,158,43,7,101,181,68,123,6,137,60,54,151,119,187,39,107,55,14,13,111,52,89,75,182,116,162,53,183,69,159,164,90,28,155,73,99,106,136,115,152,2,170,172,86,76,133,85,104,17,8,16,56,21,108,192,40,15,9,33,154,122,179,27,185,127,96,171,141,98,114,64,79,177,47,88,5,186,199,83,59,129,24,95,149,165,62,120,3,169,191,135,146];True
1912;7119;9031;[34,4,144,70,19,87,121,178,102,132,130,84,77,112,93,147,66,157,103,105,74,188,168,31,142,117,167,61,45,138,41,49,78,128,42,57,197,125,145,126,143,160,91,1,150,124,180,196,36,46,140,92,82,23,189,195,175,12,22,26,176,193,109,20,67,166,38,139,63,118,48,194,29,198,174,184,35,161,32,72,163,25,51,50,190,10,0,113,156,71,44,65,37,94,173,18,131,110,81,153,80,100,30,134,148,11,97,58,158,43,7,101,181,68,123,6,137,60,54,151,119,187,39,107,55,14,13,111,52,89,75,182,116,162,53,183,69,159,164,90,28,155,73,99,106,136,115,152,2,170,172,86,76,133,85,104,17,8,16,56,21,108,192,40,15,9,33,154,122,179,27,185,127,96,171,141,98,114,64,79,177,47,88,5,186,199,83,59,129,24,95,149,165,62,120,3,169,191,135,146];True
1923;7112;9035;[34,4,144,70,19,87,121,178,102,132,130,84,77,112,93,147,66,157,103,105,74,188,168,31,142,117,167,61,45,65,41,49,78,128,42,57,197,125,145,126,143,160,91,1,150,124,180,196,36,46,140,92,82,23,189,195,175,12,22,26,176,193,109,20,67,166,38,139,63,118,48,194,29,198,174,184,35,161,32,72,163,25,51,50,190,10,0,113,156,71,44,138,37,94,173,18,131,110,81,153,80,100,30,134,148,11,97,58,158,43,7,101,181,68,123,6,137,86,76,151,119,187,39,107,55,14,13,111,52,89,75,182,116,162,53,183,69,159,164,90,28,155,73,99,106,136,115,152,2,170,172,60,54,133,85,104,17,8,16,56,21,108,192,40,15,9,33,154,122,179,27,185,127,96,171,141,98,114,64,79,177,47,88,5,186,199,83,59,129,24,95,149,165,62,120,3,169,191,135,146];True
1928;7107;9035;[34,4,144,70,19,87,121,178,102,132,130,84,77,112,93,147,66,157,103,105,74,188,168,31,142,117,167,61,45,138,41,49,78,128,42,57,197,125,145,126,143,160,91,1,150,124,180,196,36,46,140,92,82,23,189,195,175,12,22,26,176,193,109,20,67,166,38,139,63,118,48,194,29,198,174,184,35,161,32,72,163,25,51,50,190,10,0,113,156,71,44,65,37,94,173,18,131,110,81,153,80,100,30,134,148,11,97,58,158,43,7,101,181,68,123,6,137,86,76,151,119,187,39,107,55,14,13,111,52,89,75,182,116,162,53,183,69,159,164,90,28,155,73,99,106,136,115,152,2,170,172,60,54,133,85,104,17,8,16,56,21,108,192,40,15,9,33,154,122,179,27,185,127,96,171,141,98,114,64,79,177,47,88,5,186,199,83,59,129,24,95,149,165,62,120,3,169,191,135,146];True
1906;7131;9037;[34,4,144,70,19,87,121,178,102,132,130,84,77,112,93,147,66,157,103,105,74,188,168,31,142,117,167,61,45,138,41,49,78,128,42,57,197,125,145,126,143,160,91,1,150,124,180,196,36,46,140,92,82,23,189,98,175,12,22,26,176,193,109,20,67,166,38,139,63,118,48,194,29,198,174,184,35,161,32,72,163,25,51,50,190,10,0,113,156,71,44,65,37,94,173,18,131,110,81,153,80,100,30,134,148,11,97,58,158,43,7,101,181,68,123,6,137,60,54,151,119,187,39,107,55,14,13,111,52,89,75,182,116,162,53,183,69,159,164,90,28,155,73,99,106,136,115,152,2,170,172,86,76,133,85,104,17,8,16,56,21,108,192,40,15,9,33,154,122,179,195,185,127,96,171,141,47,114,64,79,177,27,88,5,186,199,83,59,129,24,95,149,165,62,120,3,169,191,135,146];True
1500;7557;9057;[34,195,129,70,19,87,121,178,127,132,130,84,77,112,93,147,66,157,103,105,74,188,144,184,142,117,57,61,45,138,41,49,78,128,42,101,197,168,145,126,35,160,91,1,33,124,180,196,36,46,140,92,82,23,189,81,0,85,22,26,176,193,109,20,170,166,38,139,63,118,48,7,182,198,15,9,143,67,32,72,163,25,51,50,190,10,165,113,156,71,44,65,37,94,173,18,131,119,11,59,80,100,30,134,148,4,97,58,158,43,161,136,181,68,123,6,149,60,54,151,110,187,39,107,55,14,13,172,12,89,75,125,174,135,53,183,69,159,164,90,28,155,73,99,106,95,115,152,2,194,102,86,133,76,122,116,17,8,16,56,21,108,192,40,104,31,29,154,52,179,27,185,111,96,171,141,98,114,64,79,177,47,88,5,186,199,83,153,150,24,167,137,175,62,120,3,169,191,162,146];True
1495;7562;9057;[34,195,129,70,19,87,121,178,127,132,130,84,77,112,93,147,66,157,103,105,74,188,144,184,142,117,57,61,45,138,41,49,78,128,42,101,197,168,145,126,35,160,91,1,33,124,180,196,36,46,140,92,82,23,189,81,0,85,22,26,176,193,109,20,170,166,38,139,63,118,48,7,182,198,174,9,143,67,32,72,163,25,51,50,190,10,165,113,156,71,44,65,37,94,173,18,131,119,11,59,80,100,30,134,148,4,97,58,158,43,161,136,181,68,123,6,149,60,54,151,110,187,39,107,55,14,13,172,12,89,75,125,15,108,53,183,69,159,164,90,28,155,73,99,106,95,115,152,2,194,102,86,133,76,122,116,17,8,16,56,21,135,192,40,104,31,29,154,52,179,27,185,111,96,171,141,98,114,64,79,177,47,88,5,186,199,83,153,150,24,167,137,175,62,120,3,169,191,162,146];True
1490;7567;9057;[34,195,129,70,19,87,121,178,127,132,130,84,77,112,93,147,66,157,103,105,74,188,144,184,142,117,57,61,45,65,41,49,78,128,42,101,197,168,145,126,35,160,91,1,33,124,180,196,36,46,140,92,82,23,189,81,0,85,22,26,176,193,109,20,170,166,38,139,63,118,48,7,182,198,174,9,143,67,32,72,163,25,51,50,190,10,165,113,156,71,44,138,37,94,173,18,131,119,11,59,80,100,30,134,148,4,97,58,158,43,161,136,181,68,123,6,149,60,54,151,110,187,39,107,55,14,13,172,12,89,75,125,15,108,53,183,69,159,164,90,28,155,73,99,106,95,115,152,2,194,102,86,133,76,122,116,17,8,16,56,21,135,192,40,104,31,29,154,52,179,27,185,111,96,171,141,98,114,64,79,177,47,88,5,186,199,83,153,150,24,167,137,175,62,120,3,169,191,162,146];True
1957;7101;9058;[34,4,144,70,19,87,121,178,102,132,130,84,77,112,93,147,66,157,103,105,74,188,168,31,142,117,113,61,45,138,41,49,78,128,42,57,197,125,145,126,143,160,91,1,150,124,180,196,36,46,140,92,82,23,189,195,175,12,22,26,176,193,109,20,67,166,38,139,63,118,48,194,29,198,174,184,35,161,32,72,163,25,51,50,190,10,0,167,156,71,44,65,37,94,173,18,131,110,81,153,80,100,30,134,148,11,97,58,158,43,7,101,181,68,123,6,137,86,76,151,119,187,39,107,55,14,13,111,52,89,75,182,116,162,53,183,69,159,164,90,28,155,73,99,106,136,115,152,2,170,172,60,54,133,85,104,17,8,16,56,21,108,192,40,15,9,33,154,122,179,27,185,127,96,171,141,98,114,64,79,177,47,88,5,186,199,83,59,129,24,95,149,165,62,120,3,169,191,135,146];True
1958;7100;9058;[34,4,144,70,19,87,121,178,102,132,130,84,77,112,93,147,66,157,103,105,74,188,168,31,142,117,167,61,45,138,41,49,78,128,42,57,197,125,145,126,143,160,91,1,150,124,180,196,36,46,140,92,82,23,189,195,175,12,22,26,176,193,109,20,67,166,38,139,63,118,48,194,29,198,174,184,35,161,32,72,163,25,51,50,190,10,0,113,156,71,44,65,37,94,173,18,131,110,81,153,80,100,30,134,148,11,97,58,158,43,7,101,181,68,123,6,137,86,76,151,119,187,39,107,55,14,13,111,52,89,75,182,116,162,53,183,69,159,164,90,28,155,73,99,106,136,115,2,152,170,172,60,54,133,85,104,17,8,16,56,21,108,192,40,15,9,33,154,122,179,27,185,127,96,171,141,98,114,64,79,177,47,88,5,186,199,83,59,129,24,95,149,165,62,120,3,169,191,135,146];True
1952;7106;9058;[34,4,144,70,19,87,121,178,102,132,130,84,77,112,93,147,66,157,103,105,74,188,168,31,142,117,113,61,45,65,41,49,78,128,42,57,197,125,145,126,143,160,91,1,150,124,180,196,36,46,140,92,82,23,189,195,175,12,22,26,176,193,109,20,67,166,38,139,63,118,48,194,29,198,174,184,35,161,32,72,163,25,51,50,190,10,0,167,156,71,44,138,37,94,173,18,131,110,81,153,80,100,30,134,148,11,97,58,158,43,7,101,181,68,123,6,137,86,76,151,119,187,39,107,55,14,13,111,52,89,75,182,116,162,53,183,69,159,164,90,28,155,73,99,106,136,115,152,2,170,172,60,54,133,85,104,17,8,16,56,21,108,192,40,15,9,33,154,122,179,27,185,127,96,171,141,98,114,64,79,177,47,88,5,186,199,83,59,129,24,95,149,165,62,120,3,169,191,135,146];True
1953;7105;9058;[34,4,144,70,19,87,121,178,102,132,130,84,77,112,93,147,66,157,103,105,74,188,168,31,142,117,167,61,45,65,41,49,78,128,42,57,197,125,145,126,143,160,91,1,150,124,180,196,36,46,140,92,82,23,189,195,175,12,22,26,176,193,109,20,67,166,38,139,63,118,48,194,29,198,174,184,35,161,32,72,163,25,51,50,190,10,0,113,156,71,44,138,37,94,173,18,131,110,81,153,80,100,30,134,148,11,97,58,158,43,7,101,181,68,123,6,137,86,76,151,119,187,39,107,55,14,13,111,52,89,75,182,116,162,53,183,69,159,164,90,28,155,73,99,106,136,115,2,152,170,172,60,54,133,85,104,17,8,16,56,21,108,192,40,15,9,33,154,122,179,27,185,127,96,171,141,98,114,64,79,177,47,88,5,186,199,83,59,129,24,95,149,165,62,120,3,169,191,135,146];True
1506;7554;9060;[34,195,129,70,19,87,121,178,127,132,130,84,77,112,93,147,66,157,103,105,74,188,144,184,142,117,57,61,45,138,41,49,78,128,42,101,197,168,145,126,35,160,91,1,33,124,180,196,36,46,140,92,82,23,189,81,0,85,22,26,176,193,109,20,170,166,38,139,63,118,48,7,182,198,15,9,143,67,32,72,163,25,51,50,190,10,165,113,156,71,44,65,37,94,173,18,131,119,11,59,80,100,30,134,148,4,97,58,158,43,161,136,181,68,123,6,149,60,54,151,110,187,39,107,55,14,13,172,12,89,75,125,174,135,53,183,69,159,164,90,28,155,73,99,106,167,115,152,2,194,102,86,133,76,122,116,17,8,16,56,21,108,192,40,104,31,29,154,52,179,27,185,111,96,171,141,98,114,64,79,177,47,88,5,186,199,83,153,150,24,95,137,175,62,120,3,169,191,162,146];True
1972;7096;9068;[34,4,144,70,19,87,121,178,102,132,130,84,77,112,93,147,66,157,103,105,74,188,168,31,142,117,167,61,45,138,41,49,78,128,42,57,197,125,145,126,143,160,91,1,150,124,180,196,36,46,140,92,82,23,189,195,175,12,22,26,176,193,109,20,67,166,38,139,63,118,48,194,29,198,174,184,35,161,32,72,163,25,51,50,190,10,0,113,156,71,44,65,37,94,173,18,131,110,81,153,80,100,30,134,119,11,97,58,158,43,7,101,181,68,123,6,137,86,76,151,148,187,39,107,55,14,13,111,52,89,75,182,116,162,53,183,69,159,164,90,28,155,73,99,106,136,115,152,2,170,172,60,54,133,85,104,17,8,16,56,21,108,192,40,15,9,33,154,122,179,27,185,127,96,171,141,98,114,64,79,177,47,88,5,186,199,83,59,129,24,95,149,165,62,120,3,169,191,135,146];True
1984;7091;9075;[34,4,144,70,19,87,121,178,102,132,130,84,77,112,93,147,66,157,103,105,74,188,168,31,142,117,167,61,45,138,41,49,78,128,42,57,197,125,145,126,20,160,91,1,150,124,180,196,36,46,140,92,143,23,189,195,175,12,22,26,176,193,109,82,67,166,38,139,63,118,48,194,29,198,174,184,35,161,32,72,163,25,51,50,190,10,0,113,156,71,44,65,37,94,173,18,131,110,81,153,80,100,30,134,148,11,97,58,158,43,7,101,181,68,123,6,137,86,76,151,119,187,39,107,55,14,13,111,52,89,75,182,116,162,53,183,69,159,164,90,28,155,73,99,106,136,115,152,2,170,172,60,54,133,85,104,17,8,16,56,21,108,192,40,15,9,33,154,122,179,27,185,127,96,171,141,98,114,64,79,177,47,88,5,186,199,83,59,129,24,95,149,165,62,120,3,169,191,135,146];True
1489;7589;9078;[34,195,129,70,19,87,121,178,127,132,130,84,77,112,93,147,66,157,103,105,74,188,144,184,142,117,57,61,45,65,41,49,78,128,42,101,197,168,145,126,35,160,91,1,33,124,180,196,36,46,140,92,82,23,189,81,0,85,22,26,176,193,109,20,170,166,38,139,63,118,48,7,182,198,174,9,143,67,32,72,163,25,51,50,190,10,165,113,156,71,44,138,37,94,173,18,131,119,11,59,80,100,30,134,148,4,97,58,158,43,161,136,181,68,123,27,149,60,54,151,110,187,39,107,55,14,13,172,12,89,75,125,15,135,53,183,69,159,164,90,28,155,73,99,106,95,115,152,2,194,102,86,133,76,122,116,17,8,16,56,21,108,192,40,104,31,29,154,52,179,6,185,111,96,171,141,98,114,64,79,177,47,88,5,186,199,83,153,150,24,167,137,175,62,120,3,169,191,162,146];True
1423;7662;9085;[61,195,129,70,19,87,121,178,83,132,130,84,77,152,93,147,66,157,103,105,74,188,144,184,115,117,167,189,182,65,41,142,78,128,42,57,197,8,16,126,35,160,91,1,33,124,180,196,36,46,140,92,82,23,127,7,0,45,22,26,176,193,109,20,170,166,38,139,63,118,48,194,31,198,174,9,143,67,32,72,163,25,51,50,190,10,165,113,156,71,44,138,37,94,173,18,131,119,11,59,80,100,30,134,148,4,97,58,158,43,34,122,181,68,123,90,47,60,54,151,133,187,39,107,55,14,13,172,12,89,75,125,15,135,53,183,69,159,164,149,28,155,73,99,106,136,49,112,2,161,102,86,110,88,101,52,104,17,145,56,21,108,192,40,169,85,29,154,116,177,27,185,111,96,171,141,98,114,64,79,179,6,76,5,186,199,81,153,150,24,95,137,175,62,120,3,168,191,162,146];True
1444;7645;9089;[61,195,129,70,19,87,121,178,83,132,130,84,77,152,93,147,66,157,103,105,74,188,144,184,115,117,167,189,182,65,41,142,78,128,42,57,197,8,16,126,35,160,91,1,33,124,180,196,36,46,140,92,82,23,127,7,0,45,22,26,176,193,109,20,170,166,38,139,63,118,48,194,31,198,174,9,143,67,32,72,163,25,51,50,190,10,165,113,156,71,44,138,37,94,173,18,131,119,11,59,80,100,30,134,148,4,97,58,158,43,34,122,181,68,123,90,47,60,54,151,110,187,39,107,55,14,13,172,12,89,75,125,15,135,53,183,69,159,164,149,28,155,73,99,106,136,49,112,2,161,102,86,133,88,101,52,104,17,145,56,21,108,192,40,169,85,29,154,116,177,27,185,111,96,171,141,98,114,64,79,179,6,76,5,186,199,81,153,150,24,95,137,175,62,120,3,168,191,162,146];True
2002;7089;9091;[34,4,144,70,19,87,121,178,102,132,130,84,77,112,93,147,66,157,103,105,74,188,168,31,142,117,167,61,45,138,41,49,78,128,42,57,197,125,145,126,143,160,91,1,150,124,180,196,36,46,140,92,82,23,189,195,175,12,22,26,176,193,109,20,67,166,38,139,63,118,48,194,29,198,174,184,35,161,32,72,163,25,51,50,190,10,0,113,156,71,44,65,37,94,173,18,131,110,81,153,80,100,30,134,119,11,97,58,158,43,7,101,181,68,123,6,137,86,76,151,148,187,39,107,55,14,13,111,52,89,75,182,116,162,53,183,69,159,164,90,28,155,73,99,106,136,115,2,152,170,172,60,54,133,85,104,17,8,16,56,21,108,192,40,15,9,33,154,122,179,27,185,127,96,171,141,98,114,64,79,177,47,88,5,186,199,83,59,129,24,95,149,165,62,120,3,169,191,135,146];True
2001;7090;9091;[34,4,144,70,19,87,121,178,102,132,130,84,77,112,93,147,66,157,103,105,74,188,168,31,142,117,113,61,45,138,41,49,78,128,42,57,197,125,145,126,143,160,91,1,150,124,180,196,36,46,140,92,82,23,189,195,175,12,22,26,176,193,109,20,67,166,38,139,63,118,48,194,29,198,174,184,35,161,32,72,163,25,51,50,190,10,0,167,156,71,44,65,37,94,173,18,131,110,81,153,80,100,30,134,119,11,97,58,158,43,7,101,181,68,123,6,137,86,76,151,148,187,39,107,55,14,13,111,52,89,75,182,116,162,53,183,69,159,164,90,28,155,73,99,106,136,115,152,2,170,172,60,54,133,85,104,17,8,16,56,21,108,192,40,15,9,33,154,122,179,27,185,127,96,171,141,98,114,64,79,177,47,88,5,186,199,83,59,129,24,95,149,165,62,120,3,169,191,135,146];True
1433;7660;9093;[61,195,129,70,19,87,121,178,83,132,130,84,77,152,93,147,66,157,103,105,74,188,144,184,115,117,167,189,182,65,41,142,78,128,42,57,197,8,16,126,35,160,91,1,33,124,180,196,36,46,140,92,82,23,127,7,0,45,22,26,176,193,109,20,170,166,38,139,63,118,48,194,31,198,174,9,143,67,32,72,163,25,51,50,190,10,165,113,156,71,44,138,37,94,173,18,131,119,11,59,80,100,30,134,148,4,97,58,158,43,34,122,181,68,123,90,47,60,101,151,133,187,39,107,55,14,13,172,12,89,75,125,15,135,53,183,69,159,164,149,28,155,73,99,106,136,49,112,2,161,102,86,110,88,54,52,104,17,145,56,21,108,192,40,169,85,29,154,116,177,27,185,111,96,171,141,98,114,64,79,179,6,76,5,186,199,81,153,150,24,95,137,175,62,120,3,168,191,162,146];True
2009;7086;9095;[34,4,144,70,19,87,121,178,102,132,130,84,77,112,93,147,66,157,103,105,74,188,168,31,142,117,167,61,45,138,41,49,78,128,42,57,197,125,145,126,20,160,91,1,150,124,180,196,36,46,140,92,143,23,189,195,175,12,22,26,176,193,109,82,67,166,38,139,63,118,48,194,29,198,174,184,35,161,32,72,163,25,51,50,190,10,39,113,156,71,44,65,37,94,173,18,131,110,81,153,80,100,30,134,119,11,97,58,158,43,187,111,181,68,123,6,137,86,76,151,148,7,0,107,55,14,13,101,52,89,75,182,116,162,53,183,69,159,164,90,28,155,73,99,106,136,115,152,2,170,172,60,54,133,85,104,17,8,16,56,21,108,192,40,15,9,33,154,122,179,27,185,127,96,171,141,98,114,64,79,177,47,88,5,186,199,83,59,129,24,95,149,165,62,120,3,169,191,135,146];True
1454;7643;9097;[61,195,129,70,19,87,121,178,83,132,130,84,77,152,93,147,66,157,103,105,74,188,144,184,115,117,167,189,182,65,41,142,78,128,42,57,197,8,16,126,35,160,91,1,33,124,180,196,36,46,140,92,82,23,127,7,0,45,22,26,176,193,109,20,170,166,38,139,63,118,48,194,31,198,174,9,143,67,32,72,163,25,51,50,190,10,165,113,156,71,44,138,37,94,173,18,131,119,11,59,80,100,30,134,148,4,97,58,158,43,34,122,181,68,123,90,47,60,101,151,110,187,39,107,55,14,13,172,12,89,75,125,15,135,53,183,69,159,164,149,28,155,73,99,106,136,49,112,2,161,102,86,133,88,54,52,104,17,145,56,21,108,192,40,169,85,29,154,116,177,27,185,111,96,171,141,98,114,64,79,179,6,76,5,186,199,81,153,150,24,95,137,175,62,120,3,168,191,162,146];True
2014;7084;9098;[34,4,144,70,19,87,121,178,102,132,130,84,77,112,93,147,66,157,103,105,74,188,168,31,142,117,167,61,45,138,41,49,78,128,42,57,197,125,145,126,20,160,91,1,150,124,180,196,36,46,140,92,143,23,189,195,175,12,22,26,176,193,109,82,67,166,38,139,63,118,48,194,29,198,174,184,35,161,32,72,163,25,51,50,190,10,0,113,156,71,44,65,37,94,173,18,131,110,81,153,80,100,30,134,148,11,97,58,158,43,7,101,181,68,123,6,137,86,76,151,119,187,39,107,55,14,13,111,52,89,75,182,116,162,53,183,69,159,164,90,28,155,73,99,106,136,115,2,152,170,172,60,54,133,85,104,17,8,16,56,21,108,192,40,15,9,33,154,122,179,27,185,127,96,171,141,98,114,64,79,177,47,88,5,186,199,83,59,129,24,95,149,165,62,120,3,169,191,135,146];True
1443;7655;9098;[61,195,129,70,19,87,121,178,83,132,130,84,77,152,93,147,66,157,103,105,74,188,144,184,115,117,167,189,182,65,41,142,78,128,42,57,197,8,16,126,35,160,91,1,33,124,180,196,36,46,140,92,82,23,127,7,0,45,22,26,176,193,109,20,170,166,38,139,63,118,48,194,31,198,174,9,143,67,32,72,163,25,51,50,190,10,165,113,156,71,44,138,37,94,173,18,131,119,11,59,80,100,30,134,148,4,97,58,158,43,34,150,181,68,123,90,47,60,54,151,133,187,39,107,55,14,13,172,12,89,75,125,15,135,53,183,69,159,164,149,28,155,73,99,106,136,49,112,2,161,102,86,110,88,101,52,104,17,145,56,21,108,192,40,169,85,29,154,116,177,27,185,111,96,171,141,98,114,64,79,179,6,76,5,186,199,81,153,122,24,95,137,175,62,120,3,168,191,162,146];True
2013;7085;9098;[34,4,144,70,19,87,121,178,102,132,130,84,77,112,93,147,66,157,103,105,74,188,168,31,142,117,113,61,45,138,41,49,78,128,42,57,197,125,145,126,20,160,91,1,150,124,180,196,36,46,140,92,143,23,189,195,175,12,22,26,176,193,109,82,67,166,38,139,63,118,48,194,29,198,174,184,35,161,32,72,163,25,51,50,190,10,0,167,156,71,44,65,37,94,173,18,131,110,81,153,80,100,30,134,148,11,97,58,158,43,7,101,181,68,123,6,137,86,76,151,119,187,39,107,55,14,13,111,52,89,75,182,116,162,53,183,69,159,164,90,28,155,73,99,106,136,115,152,2,170,172,60,54,133,85,104,17,8,16,56,21,108,192,40,15,9,33,154,122,179,27,185,127,96,171,141,98,114,64,79,177,47,88,5,186,199,83,59,129,24,95,149,165,62,120,3,169,191,135,146];True
1471;7628;9099;[83,195,129,70,19,87,121,178,102,132,130,84,77,152,93,147,66,157,103,105,74,188,144,184,115,117,167,189,182,65,41,142,78,128,42,57,197,8,16,126,35,160,91,1,33,124,180,196,36,46,140,92,82,23,127,7,0,45,22,26,176,193,109,20,170,166,38,139,63,118,48,194,31,198,174,9,143,67,32,72,163,25,51,50,190,10,165,113,156,71,44,138,37,94,173,18,131,119,11,59,80,100,30,134,148,4,97,58,158,43,34,122,181,68,123,6,149,60,54,151,133,187,39,107,55,14,13,172,12,89,75,125,15,135,53,183,69,159,164,90,28,155,73,99,106,136,49,112,2,161,61,86,110,88,101,52,104,17,145,56,21,108,192,40,169,85,29,154,116,177,27,185,111,96,171,141,98,114,64,79,179,47,76,5,186,199,81,153,150,24,95,137,175,62,120,3,168,191,162,146];True
1419;7681;9100;[61,195,129,70,19,87,121,178,83,132,130,84,77,152,93,147,66,157,103,105,74,188,144,184,115,142,167,189,182,65,41,117,78,128,42,57,197,8,16,126,35,160,91,1,33,124,180,196,36,46,140,92,82,23,127,7,0,45,22,26,176,193,109,20,170,166,38,139,63,118,48,194,31,198,174,9,143,67,32,72,163,25,51,50,190,10,165,113,156,71,44,138,37,94,173,18,131,119,11,59,80,100,30,134,148,4,97,58,158,43,34,122,181,68,123,90,47,60,54,151,133,187,39,107,55,14,13,172,12,89,75,125,15,135,53,183,69,159,164,149,28,155,73,99,106,136,49,112,2,161,102,86,110,88,101,52,104,17,145,56,21,108,192,40,169,85,29,154,116,177,27,185,111,96,171,141,98,114,64,79,179,6,76,5,186,199,81,153,150,24,95,137,175,62,120,3,168,191,162,146];True
1480;7620;9100;[61,195,129,70,19,87,121,178,83,132,130,84,77,152,93,147,66,157,103,105,74,188,144,184,115,117,167,189,182,65,41,142,78,128,42,57,197,8,16,126,35,160,91,1,33,124,180,196,36,46,140,92,82,23,127,7,0,45,22,26,176,193,109,20,170,166,38,139,63,118,48,194,31,198,174,9,143,67,32,72,163,25,51,50,190,10,165,113,156,71,44,138,37,94,173,18,131,119,11,59,80,100,30,134,148,4,97,58,158,43,34,122,181,68,123,6,149,60,54,151,133,187,39,107,55,14,13,172,12,89,75,125,15,135,53,183,69,159,164,90,28,155,73,99,106,136,49,112,2,161,102,86,110,88,101,52,104,17,145,56,21,108,192,40,169,85,29,154,116,177,27,185,111,96,171,141,98,114,64,79,179,47,76,5,186,199,81,153,150,24,95,137,175,62,120,3,168,191,162,146];True
1463;7638;9101;[61,195,129,70,19,87,121,178,83,132,130,84,77,152,93,147,66,157,103,105,74,188,144,184,115,117,167,189,182,65,41,142,78,128,42,57,197,8,16,126,143,160,91,1,33,124,180,196,36,46,140,92,82,23,127,7,0,45,22,26,176,193,109,20,170,166,38,139,63,118,48,194,31,198,174,9,35,67,32,72,163,25,51,50,190,10,165,113,156,71,44,138,37,94,173,18,131,119,11,59,80,100,30,134,148,4,97,58,158,43,34,122,181,68,123,90,47,60,54,151,133,187,39,107,55,14,13,172,12,89,75,125,15,135,53,183,69,159,164,149,28,155,73,99,106,136,49,112,2,161,102,86,110,88,101,52,104,17,145,56,21,108,192,40,169,85,29,154,116,177,27,185,111,96,171,141,98,114,64,79,179,6,76,5,186,199,81,153,150,24,95,137,175,62,120,3,168,191,162,146];True
2021;7081;9102;[34,4,144,70,19,87,121,178,102,132,130,84,77,112,93,147,66,157,103,105,74,188,168,31,142,117,167,61,45,138,41,49,78,60,42,57,197,125,145,126,20,160,91,1,150,124,180,196,36,46,140,92,143,23,189,195,175,12,22,26,176,193,109,82,67,166,38,139,63,118,48,194,29,198,174,184,35,161,32,72,163,25,51,50,190,10,0,113,156,71,44,65,37,94,173,18,131,110,81,153,80,100,30,134,119,11,97,58,158,43,172,111,181,68,123,6,137,86,76,151,148,170,7,107,55,14,13,101,52,89,75,182,116,162,53,183,69,159,164,90,28,155,73,99,106,136,115,2,152,39,187,128,54,133,85,104,17,8,16,56,21,108,192,40,15,9,33,154,122,179,27,185,127,96,171,141,98,114,64,79,177,47,88,5,186,199,83,59,129,24,95,149,165,62,120,3,169,191,135,146];True
1470;7634;9104;[34,195,129,70,19,87,121,178,127,132,130,84,77,112,93,147,66,157,103,105,74,188,144,184,142,117,57,61,45,65,41,49,78,128,42,101,197,168,145,126,35,160,91,1,33,124,180,196,36,46,140,92,82,23,189,81,0,85,22,26,176,193,109,20,170,166,38,139,63,118,48,7,182,198,174,9,143,67,32,72,163,25,51,50,190,10,165,113,156,71,44,138,37,94,173,18,131,119,11,59,80,100,30,134,148,4,97,58,158,43,161,136,181,68,123,27,149,60,54,151,110,187,39,107,55,14,13,172,12,89,75,125,15,108,53,183,69,159,164,90,28,155,73,99,106,95,115,152,2,194,102,86,133,76,122,116,17,8,16,56,21,135,192,40,104,31,29,154,52,179,6,185,111,96,171,141,98,114,64,79,177,47,88,5,186,199,83,153,150,24,167,137,175,62,120,3,169,191,162,146];True
2028;7080;9108;[34,4,144,70,19,87,121,178,102,132,130,84,77,112,93,147,66,157,103,105,74,188,168,31,142,117,167,61,45,138,41,49,78,128,42,57,197,125,145,126,20,160,91,1,150,124,180,196,36,46,140,92,143,23,189,195,175,12,22,26,176,193,109,82,67,166,38,139,63,118,48,194,29,198,174,184,35,161,32,72,163,25,51,50,190,10,0,113,156,71,44,65,37,94,173,18,131,110,81,153,80,100,30,134,119,11,97,58,158,43,7,101,181,68,123,6,137,86,76,151,148,187,39,107,55,14,13,111,52,89,75,182,116,162,53,183,69,159,164,90,28,155,73,99,106,136,115,152,2,170,172,60,54,133,85,104,17,8,16,56,21,108,192,40,15,9,33,154,122,179,27,185,127,96,171,141,98,114,64,79,177,47,88,5,186,199,83,59,129,24,95,149,165,62,120,3,169,191,135,146];True
2033;7076;9109;[34,4,144,70,19,87,121,178,102,132,130,84,77,112,93,147,66,157,103,105,74,188,168,31,142,117,167,61,45,138,41,49,78,60,42,57,197,125,145,126,20,160,91,1,150,124,180,196,36,46,140,92,143,23,189,195,175,12,22,26,176,193,109,82,67,166,38,139,63,118,48,194,29,198,174,184,35,161,32,72,163,25,51,50,190,10,0,113,156,71,44,65,37,94,173,18,131,110,81,153,80,100,30,134,119,11,97,58,158,43,172,111,181,68,123,6,137,86,76,151,148,7,170,107,55,14,13,101,52,89,75,182,116,162,53,183,69,159,164,90,28,155,73,99,106,136,115,2,152,39,187,128,54,133,85,104,17,8,16,56,21,108,192,40,15,9,33,154,122,179,27,185,127,96,171,141,98,114,64,79,177,47,88,5,186,199,83,59,129,24,95,149,165,62,120,3,169,191,135,146];True
1406;7704;9110;[61,195,129,70,19,87,121,178,83,132,130,84,77,152,93,147,66,157,103,105,74,188,144,184,41,142,167,189,182,65,115,117,78,128,42,57,197,8,16,126,35,160,91,1,33,124,180,196,36,46,140,92,82,23,127,7,0,45,22,26,176,193,109,20,170,166,38,139,63,118,48,194,31,198,174,9,143,67,32,72,163,25,51,50,190,10,165,113,156,71,44,138,37,94,173,18,131,119,11,59,80,100,30,134,148,4,97,58,158,43,34,122,181,68,123,90,47,60,54,151,133,187,39,107,55,14,13,172,12,89,75,125,15,135,53,183,69,159,164,149,28,155,73,99,106,136,49,112,2,161,102,86,110,88,101,52,104,17,145,56,21,108,192,40,169,85,29,154,116,177,27,185,111,96,171,141,98,114,64,79,179,6,76,5,186,199,81,153,150,24,95,137,175,62,120,3,168,191,162,146];True
1404;7707;9111;[61,195,129,70,19,87,121,178,83,132,130,84,77,152,93,147,66,157,103,105,74,188,144,184,115,117,167,189,182,65,41,142,78,128,42,57,197,8,16,126,35,160,91,1,33,124,180,196,36,46,140,92,82,23,127,7,0,45,22,26,176,193,109,20,170,166,38,139,63,118,48,194,31,198,174,9,143,67,32,72,163,25,51,50,190,10,165,113,156,71,44,138,37,94,173,18,131,119,11,59,80,100,30,134,148,4,97,58,158,43,34,122,181,68,123,90,47,60,54,151,133,187,39,107,55,14,13,172,12,89,75,125,15,108,53,183,69,159,164,149,28,155,73,99,106,136,49,112,2,161,102,86,110,88,101,52,104,17,145,56,21,135,192,40,169,85,29,154,116,177,27,185,111,96,171,141,98,114,64,79,179,6,76,5,186,199,81,153,150,24,95,137,175,62,120,3,168,191,162,146];True
1409;7702;9111;[61,195,129,70,19,87,121,178,83,132,130,84,77,152,93,147,66,157,103,105,74,188,144,184,115,117,167,189,182,65,41,142,78,128,42,57,197,8,16,126,35,160,91,1,33,124,180,196,36,46,140,92,82,23,127,7,0,45,22,26,176,193,109,20,170,166,38,139,63,118,48,194,31,198,15,9,143,67,32,72,163,25,51,50,190,10,165,113,156,71,44,138,37,94,173,18,131,119,11,59,80,100,30,134,148,4,97,58,158,43,34,122,181,68,123,90,47,60,54,151,133,187,39,107,55,14,13,172,12,89,75,125,174,135,53,183,69,159,164,149,28,155,73,99,106,136,49,112,2,161,102,86,110,88,101,52,104,17,145,56,21,108,192,40,169,85,29,154,116,177,27,185,111,96,171,141,98,114,64,79,179,6,76,5,186,199,81,153,150,24,95,137,175,62,120,3,168,191,162,146];True
2050;7075;9125;[34,4,144,70,19,87,121,178,102,132,130,84,77,112,93,147,66,157,103,105,74,188,168,31,142,117,113,61,45,138,41,49,78,60,42,57,197,125,145,126,20,160,91,1,150,124,180,196,36,46,140,92,143,23,189,195,175,12,22,26,176,193,109,82,67,166,38,139,63,118,48,194,29,198,174,184,35,161,32,72,163,25,51,50,190,10,0,167,156,71,44,65,37,94,173,18,131,110,81,153,80,100,30,134,119,11,97,58,158,43,172,111,181,68,123,6,137,86,76,151,148,170,7,107,55,14,13,101,52,89,75,182,116,162,53,183,69,159,164,90,28,155,73,99,106,136,115,2,152,39,187,128,54,133,85,104,17,8,16,56,21,108,192,40,15,9,33,154,122,179,27,185,127,96,171,141,98,114,64,79,177,47,88,5,186,199,83,59,129,24,95,149,165,62,120,3,169,191,135,146];True
1400;7726;9126;[61,195,129,70,19,87,121,178,83,132,130,84,77,152,93,147,66,157,103,105,74,188,144,184,115,142,167,189,182,65,41,117,78,128,42,57,197,8,16,126,35,160,91,1,33,124,180,196,36,46,140,92,82,23,127,7,0,45,22,26,176,193,109,20,170,166,38,139,63,118,48,194,31,198,174,9,143,67,32,72,163,25,51,50,190,10,165,113,156,71,44,138,37,94,173,18,131,119,11,59,80,100,30,134,148,4,97,58,158,43,34,122,181,68,123,90,47,60,54,151,133,187,39,107,55,14,13,172,12,89,75,125,15,108,53,183,69,159,164,149,28,155,73,99,106,136,49,112,2,161,102,86,110,88,101,52,104,17,145,56,21,135,192,40,169,85,29,154,116,177,27,185,111,96,171,141,98,114,64,79,179,6,76,5,186,199,81,153,150,24,95,137,175,62,120,3,168,191,162,146];True
2057;7074;9131;[34,4,144,70,19,87,121,178,102,132,130,84,77,112,93,147,66,157,103,105,74,188,168,31,142,117,113,61,45,138,41,49,78,128,42,57,197,125,145,126,20,160,91,1,150,124,180,196,36,46,140,92,143,23,189,195,175,12,22,26,176,193,109,82,67,166,38,139,63,118,48,194,29,198,174,184,35,161,32,72,163,25,51,50,190,10,0,167,156,71,44,65,37,94,173,18,131,110,81,153,80,100,30,134,119,11,97,58,158,43,7,101,181,68,123,6,137,86,76,151,148,187,39,107,55,14,13,111,52,89,75,182,116,162,53,183,69,159,164,90,28,155,73,99,106,136,115,152,2,170,172,60,54,133,85,104,17,8,16,56,21,108,192,40,15,9,33,154,122,179,27,185,127,96,171,141,98,114,64,79,177,47,88,5,186,199,83,59,129,24,95,149,165,62,120,3,169,191,135,146];True
2058;7073;9131;[34,4,144,70,19,87,121,178,102,132,130,84,77,112,93,147,66,157,103,105,74,188,168,31,142,117,167,61,45,138,41,49,78,128,42,57,197,125,145,126,20,160,91,1,150,124,180,196,36,46,140,92,143,23,189,195,175,12,22,26,176,193,109,82,67,166,38,139,63,118,48,194,29,198,174,184,35,161,32,72,163,25,51,50,190,10,0,113,156,71,44,65,37,94,173,18,131,110,81,153,80,100,30,134,119,11,97,58,158,43,7,101,181,68,123,6,137,86,76,151,148,187,39,107,55,14,13,111,52,89,75,182,116,162,53,183,69,159,164,90,28,155,73,99,106,136,115,2,152,170,172,60,54,133,85,104,17,8,16,56,21,108,192,40,15,9,33,154,122,179,27,185,127,96,171,141,98,114,64,79,177,47,88,5,186,199,83,59,129,24,95,149,165,62,120,3,169,191,135,146];True
2062;7070;9132;[34,4,144,70,19,87,121,178,102,132,130,84,77,112,93,147,66,157,103,105,74,188,168,31,142,117,113,61,45,138,41,49,78,60,42,57,197,125,145,126,20,160,91,1,150,124,180,196,36,46,140,92,143,23,189,195,175,12,22,26,176,193,109,82,67,166,38,139,63,118,48,194,29,198,174,184,35,161,32,72,163,25,51,50,190,10,0,167,156,71,44,65,37,94,173,18,131,110,81,153,80,100,30,134,119,11,97,58,158,43,172,111,181,68,123,6,137,86,76,151,148,7,170,107,55,14,13,101,52,89,75,182,116,162,53,183,69,159,164,90,28,155,73,99,106,136,115,2,152,39,187,128,54,133,85,104,17,8,16,56,21,108,192,40,15,9,33,154,122,179,27,185,127,96,171,141,98,114,64,79,177,47,88,5,186,199,83,59,129,24,95,149,165,62,120,3,169,191,135,146];True
2065;7069;9134;[34,4,144,70,19,87,121,178,102,132,130,84,77,112,93,147,66,157,103,105,74,188,168,31,142,117,167,61,45,138,41,49,78,60,42,57,197,125,145,126,20,160,91,1,150,124,180,196,36,46,140,92,143,23,189,195,175,12,22,26,176,193,109,82,67,166,38,139,63,118,48,194,29,198,174,184,35,161,32,72,163,25,51,50,190,10,0,113,156,71,44,65,37,94,173,18,131,110,81,153,80,100,30,134,119,11,97,58,158,43,172,111,181,68,123,6,137,86,76,151,199,170,7,107,55,14,13,101,52,89,75,182,116,162,53,183,69,159,164,90,28,155,73,99,106,136,115,2,152,39,187,128,54,133,85,104,17,8,16,56,21,108,192,40,15,9,33,154,122,179,27,185,127,96,171,141,98,114,64,79,177,47,88,5,186,148,83,59,129,24,95,149,165,62,120,3,169,191,135,146];True
1392;7744;9136;[61,195,129,70,19,87,121,178,83,132,130,84,77,152,93,147,66,157,103,105,74,188,144,184,41,142,167,189,182,65,115,117,78,128,42,57,197,8,16,126,35,160,91,1,33,124,180,196,36,46,140,92,82,23,127,7,0,45,22,26,176,193,109,20,170,166,38,139,63,118,48,194,31,198,15,9,143,67,32,72,163,25,51,50,190,10,165,113,156,71,44,138,37,94,173,18,131,119,11,59,80,100,30,134,148,4,97,58,158,43,34,122,181,68,123,90,47,60,54,151,133,187,39,107,55,14,13,172,12,89,75,125,174,135,53,183,69,159,164,149,28,155,73,99,106,136,49,112,2,161,102,86,110,88,101,52,104,17,145,56,21,108,192,40,169,85,29,154,116,177,27,185,111,96,171,141,98,114,64,79,179,6,76,5,186,199,81,153,150,24,95,137,175,62,120,3,168,191,162,146];True
1387;7749;9136;[61,195,129,70,19,87,121,178,83,132,130,84,77,152,93,147,66,157,103,105,74,188,144,184,41,142,167,189,182,65,115,117,78,128,42,57,197,8,16,126,35,160,91,1,33,124,180,196,36,46,140,92,82,23,127,7,0,45,22,26,176,193,109,20,170,166,38,139,63,118,48,194,31,198,174,9,143,67,32,72,163,25,51,50,190,10,165,113,156,71,44,138,37,94,173,18,131,119,11,59,80,100,30,134,148,4,97,58,158,43,34,122,181,68,123,90,47,60,54,151,133,187,39,107,55,14,13,172,12,89,75,125,15,108,53,183,69,159,164,149,28,155,73,99,106,136,49,112,2,161,102,86,110,88,101,52,104,17,145,56,21,135,192,40,169,85,29,154,116,177,27,185,111,96,171,141,98,114,64,79,179,6,76,5,186,199,81,153,150,24,95,137,175,62,120,3,168,191,162,146];True
2080;7066;9146;[34,4,144,70,19,87,121,178,102,132,130,84,77,112,93,147,66,157,103,105,74,188,168,31,142,117,167,61,45,138,41,49,78,128,42,57,197,125,145,126,20,160,91,1,150,124,180,196,36,46,140,92,143,23,189,195,175,12,22,26,176,193,109,82,67,166,38,139,63,118,48,194,29,198,174,184,35,161,32,72,163,25,51,50,190,10,0,113,156,71,44,65,37,94,173,18,131,110,81,153,80,100,30,134,119,11,97,58,158,43,187,111,181,68,123,6,137,86,76,151,148,7,170,107,55,14,13,101,52,89,75,182,116,162,53,183,69,159,164,90,28,155,73,99,106,136,115,2,152,39,172,60,54,133,85,104,17,8,16,56,21,108,192,40,15,9,33,154,122,179,27,185,127,96,171,141,98,114,64,79,177,47,88,5,186,199,83,59,129,24,95,149,165,62,120,3,169,191,135,146];True
2094;7063;9157;[34,4,144,70,19,87,121,178,102,132,130,84,77,112,93,147,66,157,103,105,74,188,168,31,142,117,113,61,45,138,41,49,78,60,42,57,197,125,145,126,20,160,91,1,150,124,180,196,36,46,140,92,143,23,189,195,175,12,22,26,176,193,109,82,67,166,38,139,63,118,48,194,29,198,174,184,35,161,32,72,163,25,51,50,190,10,0,167,156,71,44,65,37,94,173,18,131,110,81,153,80,100,30,134,119,11,97,58,158,43,172,111,181,68,123,6,137,86,76,151,199,170,7,107,55,14,13,101,52,89,75,182,116,162,53,183,69,159,164,90,28,155,73,99,106,136,115,2,152,39,187,128,54,133,85,104,17,8,16,56,21,108,192,40,15,9,33,154,122,179,27,185,127,96,171,141,98,114,64,79,177,47,88,5,186,148,83,59,129,24,95,149,165,62,120,3,169,191,135,146];True
2105;7062;9167;[34,4,144,70,19,87,121,178,102,132,130,84,77,112,93,147,66,157,103,105,74,188,168,31,142,117,167,61,45,138,41,49,78,128,42,57,197,125,145,126,20,160,91,1,150,124,180,196,36,46,140,92,143,23,189,195,175,12,22,26,176,193,109,82,67,166,38,139,63,118,48,194,29,198,174,184,35,161,32,72,163,25,51,50,190,10,0,113,156,71,44,65,37,94,173,18,131,110,81,153,80,100,30,134,119,11,97,58,158,43,172,111,181,68,123,6,137,86,76,151,199,170,7,107,55,14,13,101,52,89,75,182,116,162,53,183,69,159,164,90,28,155,73,99,106,136,115,2,152,39,187,60,54,133,85,104,17,8,16,56,21,108,192,40,15,9,33,154,122,179,27,185,127,96,171,141,98,114,64,79,177,47,88,5,186,148,83,59,129,24,95,149,165,62,120,3,169,191,135,146];True
2109;7060;9169;[34,4,144,70,19,87,121,178,102,132,130,84,77,112,93,147,66,157,103,105,74,188,168,31,142,117,113,61,45,138,41,49,78,128,42,57,197,125,145,126,20,160,91,1,150,124,180,196,36,46,140,92,143,23,189,195,175,12,22,26,176,193,109,82,67,166,38,139,63,118,48,194,29,198,174,184,35,161,32,72,163,25,51,50,190,10,0,167,156,71,44,65,37,94,173,18,131,110,81,153,80,100,30,134,119,11,97,58,158,43,187,111,181,68,123,6,137,86,76,151,148,7,170,107,55,14,13,101,52,89,75,182,116,162,53,183,69,159,164,90,28,155,73,99,106,136,115,2,152,39,172,60,54,133,85,104,17,8,16,56,21,108,192,40,15,9,33,154,122,179,27,185,127,96,171,141,98,114,64,79,177,47,88,5,186,199,83,59,129,24,95,149,165,62,120,3,169,191,135,146];True
2112;7059;9171;[34,4,144,70,19,87,121,178,102,132,130,84,77,112,93,147,66,157,103,105,74,188,168,31,142,117,167,61,45,138,41,49,78,128,42,57,197,125,145,126,20,160,91,1,150,124,180,196,36,46,140,92,143,23,189,195,175,12,22,26,176,193,109,82,67,166,38,139,63,118,48,194,29,198,174,184,35,161,32,72,163,25,51,50,190,10,0,113,156,71,44,65,37,94,173,18,131,110,81,153,80,100,30,134,119,11,97,58,158,43,187,111,181,68,123,6,137,86,76,151,199,170,7,107,55,14,13,101,52,89,75,182,116,162,53,183,69,159,164,90,28,155,73,99,106,136,115,2,152,39,172,60,54,133,85,104,17,8,16,56,21,108,192,40,15,9,33,154,122,179,27,185,127,96,171,141,98,114,64,79,177,47,88,5,186,148,83,59,129,24,95,149,165,62,120,3,169,191,135,146];True
1379;7794;9173;[117,195,129,70,19,87,121,178,47,132,130,84,77,152,93,147,66,157,103,90,74,188,144,184,41,142,167,81,182,65,115,101,78,128,42,57,197,8,16,126,35,160,91,1,33,124,180,196,36,46,140,92,82,23,127,7,0,45,22,26,176,193,109,20,170,166,38,139,63,118,48,194,31,198,174,9,143,67,32,72,163,25,51,50,190,10,165,113,156,71,44,138,37,94,173,18,131,119,11,59,80,100,30,134,148,4,97,58,158,43,34,122,181,68,123,6,149,60,54,151,133,187,39,107,105,14,13,172,12,89,75,125,15,135,53,183,69,159,164,189,28,155,73,99,106,136,49,112,2,161,102,86,110,88,61,52,104,17,145,56,21,108,192,40,169,85,29,154,116,177,27,185,111,96,171,141,98,114,64,79,179,55,76,5,186,199,83,153,150,24,95,137,175,62,120,3,168,191,162,146];True
2128;7057;9185;[34,4,144,70,19,39,121,178,102,132,130,84,77,112,93,147,66,157,103,105,74,188,168,31,142,117,113,61,45,138,41,49,78,128,42,57,197,125,145,126,20,160,91,1,150,124,180,196,36,46,140,92,143,23,189,195,175,12,22,26,176,193,109,82,67,166,38,139,63,118,48,194,29,198,174,184,35,161,32,72,163,25,51,50,190,10,0,167,156,71,44,65,37,94,173,18,131,110,81,153,80,100,30,134,119,11,97,58,158,43,187,111,181,68,123,6,137,86,76,151,148,7,170,107,55,14,13,101,52,89,75,182,116,162,53,183,69,159,164,90,28,155,73,99,106,136,115,2,152,87,172,60,54,133,85,104,17,8,16,56,21,108,192,40,15,9,33,154,122,179,27,185,127,96,171,141,98,114,64,79,177,47,88,5,186,199,83,59,129,24,95,149,165,62,120,3,169,191,135,146];True
2131;7056;9187;[34,4,144,70,19,39,121,178,102,132,130,84,77,112,93,147,66,157,103,105,74,188,168,31,142,117,167,61,45,138,41,49,78,128,42,57,197,125,145,126,20,160,91,1,150,124,180,196,36,46,140,92,143,23,189,195,175,12,22,26,176,193,109,82,67,166,38,139,63,118,48,194,29,198,174,184,35,161,32,72,163,25,51,50,190,10,0,113,156,71,44,65,37,94,173,18,131,110,81,153,80,100,30,134,119,11,97,58,158,43,187,111,181,68,123,6,137,86,76,151,199,170,7,107,55,14,13,101,52,89,75,182,116,162,53,183,69,159,164,90,28,155,73,99,106,136,115,2,152,87,172,60,54,133,85,104,17,8,16,56,21,108,192,40,15,9,33,154,122,179,27,185,127,96,171,141,98,114,64,79,177,47,88,5,186,148,83,59,129,24,95,149,165,62,120,3,169,191,135,146];True
1376;7812;9188;[180,4,129,70,19,87,121,178,2,142,130,84,77,152,93,22,66,157,103,90,74,188,144,184,115,117,167,81,182,65,41,57,78,128,42,101,197,8,16,126,35,160,91,1,33,124,147,196,36,46,140,92,82,23,127,7,0,45,132,26,176,193,109,20,170,166,38,139,63,118,48,194,31,198,174,9,143,67,32,72,163,25,51,50,190,10,165,113,156,71,44,138,37,94,173,18,131,119,11,59,80,100,30,134,148,195,97,58,158,43,34,122,181,68,123,6,149,60,54,151,133,187,39,107,105,14,13,172,12,89,75,125,15,135,53,183,69,159,164,189,28,155,73,99,106,136,49,112,179,161,102,86,110,88,61,52,104,17,145,56,21,108,192,40,169,85,29,154,116,177,27,185,111,96,171,141,98,114,64,79,47,55,76,5,186,199,83,153,150,24,95,137,175,62,120,3,168,191,162,146];True
1358;7832;9190;[82,4,129,70,19,87,121,178,2,142,130,84,77,152,93,147,66,157,103,90,74,188,144,184,115,117,167,81,182,65,41,57,78,128,42,101,197,8,16,126,35,160,91,1,33,124,180,196,36,46,140,92,22,23,127,7,0,45,132,26,176,193,109,20,170,166,38,139,63,118,48,194,31,198,174,9,143,67,32,72,163,25,51,50,190,10,165,113,156,71,44,138,37,94,173,18,131,119,11,59,80,100,30,134,148,195,97,58,158,43,34,122,181,68,123,6,149,60,54,151,133,187,39,107,105,14,13,172,12,89,75,125,15,135,53,183,69,159,164,189,28,155,73,99,106,136,49,112,179,161,102,86,110,88,61,52,104,17,145,56,21,108,192,40,169,85,29,154,116,177,27,185,111,96,171,141,98,114,64,79,47,55,76,5,186,199,83,153,150,24,95,137,175,62,120,3,168,191,162,146];True
1364;7826;9190;[147,4,129,70,19,87,121,178,2,142,130,84,77,152,93,22,66,157,103,90,74,188,144,184,115,117,167,81,182,65,41,57,78,128,42,101,197,8,16,126,35,160,91,1,33,124,180,196,36,46,140,92,82,23,127,7,0,45,132,26,176,193,109,20,170,166,38,139,63,118,48,194,31,198,174,9,143,67,32,72,163,25,51,50,190,10,165,113,156,71,44,138,37,94,173,18,131,119,11,59,80,100,30,134,148,195,97,58,158,43,34,122,181,68,123,6,149,60,54,151,133,187,39,107,105,14,13,172,12,89,75,125,15,135,53,183,69,159,164,189,28,155,73,99,106,136,49,112,179,161,102,86,110,88,61,52,104,17,145,56,21,108,192,40,169,85,29,154,116,177,27,185,111,96,171,141,98,114,64,79,47,55,76,5,186,199,83,153,150,24,95,137,175,62,120,3,168,191,162,146];True
1369;7822;9191;[82,4,129,70,19,87,121,178,2,115,130,84,77,152,93,147,66,157,103,90,74,188,144,184,142,117,167,81,182,65,41,57,78,128,42,101,197,8,16,126,35,160,91,1,33,124,180,196,36,46,140,92,22,23,127,7,0,45,132,26,176,193,109,20,170,166,38,139,63,118,48,194,31,198,174,9,143,67,32,72,163,25,51,50,190,10,165,113,156,71,44,138,37,94,173,18,131,119,11,59,80,100,30,134,148,195,97,58,158,43,34,122,181,68,123,6,149,60,54,151,133,187,39,107,105,14,13,172,12,89,75,125,15,135,53,183,69,159,164,189,28,155,73,99,106,136,49,112,179,161,102,86,110,88,61,52,104,17,145,56,21,108,192,40,169,85,29,154,116,177,27,185,111,96,171,141,98,114,64,79,47,55,76,5,186,199,83,153,150,24,95,137,175,62,120,3,168,191,162,146];True
1375;7816;9191;[147,4,129,70,19,87,121,178,2,115,130,84,77,152,93,22,66,157,103,90,74,188,144,184,142,117,167,81,182,65,41,57,78,128,42,101,197,8,16,126,35,160,91,1,33,124,180,196,36,46,140,92,82,23,127,7,0,45,132,26,176,193,109,20,170,166,38,139,63,118,48,194,31,198,174,9,143,67,32,72,163,25,51,50,190,10,165,113,156,71,44,138,37,94,173,18,131,119,11,59,80,100,30,134,148,195,97,58,158,43,34,122,181,68,123,6,149,60,54,151,133,187,39,107,105,14,13,172,12,89,75,125,15,135,53,183,69,159,164,189,28,155,73,99,106,136,49,112,179,161,102,86,110,88,61,52,104,17,145,56,21,108,192,40,169,85,29,154,116,177,27,185,111,96,171,141,98,114,64,79,47,55,76,5,186,199,83,153,150,24,95,137,175,62,120,3,168,191,162,146];True
2141;7053;9194;[34,4,144,70,19,87,121,178,102,132,130,84,77,112,93,147,66,157,103,105,74,188,168,31,142,117,113,61,45,138,41,49,78,128,42,57,197,125,145,126,20,160,91,1,150,124,180,196,36,46,140,92,143,23,189,195,175,12,22,26,176,193,109,82,67,166,38,139,63,118,48,194,29,198,174,184,35,161,32,72,163,25,51,50,190,10,0,167,156,71,44,65,37,94,173,18,131,110,81,153,80,100,30,134,119,11,97,58,158,43,187,111,181,68,123,6,137,86,76,151,199,170,7,107,55,14,13,101,52,89,75,182,116,162,53,183,69,159,164,90,28,155,73,99,106,136,115,2,152,39,172,60,54,133,85,104,17,8,16,56,21,108,192,40,15,9,33,154,122,179,27,185,127,96,171,141,98,114,64,79,177,47,88,5,186,148,83,59,129,24,95,149,165,62,120,3,169,191,135,146];True
2139;7055;9194;[34,4,144,70,19,87,121,178,102,132,130,84,77,112,93,147,66,157,103,105,74,188,168,31,142,117,113,61,45,138,41,49,78,128,42,57,197,125,145,126,20,160,91,1,150,124,180,196,36,46,140,92,143,23,189,195,175,12,22,26,176,193,109,82,67,166,38,139,63,118,48,194,29,198,174,184,35,161,32,72,163,25,51,50,190,10,0,167,156,71,44,65,37,94,173,18,131,110,81,153,80,100,30,134,119,11,97,58,158,43,187,111,181,68,123,6,137,86,76,151,148,83,39,107,55,14,13,101,52,89,75,182,116,162,53,183,69,159,164,90,28,155,73,99,106,136,115,152,2,170,172,60,54,133,85,104,17,8,16,56,21,108,192,40,15,9,33,154,122,179,27,185,127,96,171,141,98,114,64,79,177,47,88,5,186,199,7,59,129,24,95,149,165,62,120,3,169,191,135,146];True
2140;7054;9194;[34,4,144,70,19,87,121,178,102,132,130,84,77,112,93,147,66,157,103,105,74,188,168,31,142,117,167,61,45,138,41,49,78,128,42,57,197,125,145,126,20,160,91,1,150,124,180,196,36,46,140,92,143,23,189,195,175,12,22,26,176,193,109,82,67,166,38,139,63,118,48,194,29,198,174,184,35,161,32,72,163,25,51,50,190,10,0,113,156,71,44,65,37,94,173,18,131,110,81,153,80,100,30,134,119,11,97,58,158,43,187,111,181,68,123,6,137,86,76,151,148,83,39,107,55,14,13,101,52,89,75,182,116,162,53,183,69,159,164,90,28,155,73,99,106,136,115,2,152,170,172,60,54,133,85,104,17,8,16,56,21,108,192,40,15,9,33,154,122,179,27,185,127,96,171,141,98,114,64,79,177,47,88,5,186,199,7,59,129,24,95,149,165,62,120,3,169,191,135,146];True
1352;7855;9207;[180,4,129,70,19,87,121,178,2,198,130,84,77,152,93,22,66,157,103,90,74,188,144,184,115,117,167,81,182,65,41,57,78,128,42,101,197,8,16,126,35,160,91,1,33,124,147,196,36,46,140,92,82,23,127,7,0,45,132,26,176,193,109,20,170,166,38,139,63,118,48,194,31,142,15,9,143,67,32,72,163,25,51,50,190,10,165,113,156,71,44,138,37,94,173,18,131,119,11,59,80,100,30,134,148,195,97,58,158,43,34,122,181,68,123,6,149,60,54,151,133,187,39,107,105,14,13,172,12,89,75,125,174,135,53,183,69,159,164,189,28,155,73,99,106,136,49,112,179,161,102,86,110,88,61,52,104,17,145,56,21,108,192,40,169,85,29,154,116,177,27,185,111,96,171,141,98,114,64,79,47,55,76,5,186,199,83,153,150,24,95,137,175,62,120,3,168,191,162,146];True
1340;7869;9209;[147,4,129,70,19,87,121,178,2,198,130,84,77,152,93,22,66,157,103,90,74,188,144,184,115,117,167,81,182,65,41,57,78,128,42,101,197,8,16,126,35,160,91,1,33,124,180,196,36,46,140,92,82,23,127,7,0,45,132,26,176,193,109,20,170,166,38,139,63,118,48,194,31,142,15,9,143,67,32,72,163,25,51,50,190,10,165,113,156,71,44,138,37,94,173,18,131,119,11,59,80,100,30,134,148,195,97,58,158,43,34,122,181,68,123,6,149,60,54,151,133,187,39,107,105,14,13,172,12,89,75,125,174,135,53,183,69,159,164,189,28,155,73,99,106,136,49,112,179,161,102,86,110,88,61,52,104,17,145,56,21,108,192,40,169,85,29,154,116,177,27,185,111,96,171,141,98,114,64,79,47,55,76,5,186,199,83,153,150,24,95,137,175,62,120,3,168,191,162,146];True
2160;7050;9210;[34,4,144,70,19,39,121,178,102,132,130,84,77,112,93,147,66,157,103,105,74,188,168,31,142,117,113,61,45,138,41,49,78,128,42,57,197,125,145,126,20,160,91,1,150,124,180,196,36,46,140,92,143,23,189,195,175,12,22,26,176,193,109,82,67,166,38,139,63,118,48,194,29,198,174,184,35,161,32,72,163,25,51,50,190,10,0,167,156,71,44,65,37,94,173,18,131,110,81,153,80,100,30,134,119,11,97,58,158,43,187,111,181,68,123,6,137,86,76,151,199,170,7,107,55,14,13,101,52,89,75,182,116,162,53,183,69,159,164,90,28,155,73,99,106,136,115,2,152,87,172,60,54,133,85,104,17,8,16,56,21,108,192,40,15,9,33,154,122,179,27,185,127,96,171,141,98,114,64,79,177,47,88,5,186,148,83,59,129,24,95,149,165,62,120,3,169,191,135,146];True
2159;7052;9211;[34,4,144,70,19,87,121,178,102,132,130,84,77,112,93,147,66,157,103,105,74,188,168,31,142,117,113,61,45,138,41,49,78,60,42,57,197,125,145,126,20,160,91,1,150,124,180,196,36,46,140,92,143,23,189,195,175,12,22,26,176,193,109,82,67,166,38,139,63,118,48,194,29,198,174,184,35,161,32,72,163,25,51,50,190,10,0,167,156,71,44,65,37,94,173,18,131,110,81,153,80,100,30,134,119,11,97,58,158,43,172,111,181,68,123,6,137,86,76,151,199,170,7,107,55,14,13,101,52,89,75,182,116,162,53,183,69,159,164,90,28,155,73,99,106,136,115,2,152,39,187,128,54,133,85,104,17,8,16,56,21,108,192,40,15,9,33,154,122,177,27,185,127,96,171,141,98,114,64,79,179,47,88,5,186,148,83,59,129,24,95,149,165,62,120,3,169,191,135,146];True
1347;7867;9214;[82,195,129,70,19,87,121,178,2,142,130,84,77,152,93,147,66,157,103,90,74,188,144,184,115,117,167,81,182,65,41,57,78,128,42,101,197,8,16,126,35,160,91,1,33,124,180,196,36,46,140,92,22,23,127,7,0,45,132,26,176,193,109,20,170,166,38,139,63,118,48,194,31,198,174,9,143,67,32,72,163,25,51,50,190,10,165,113,156,71,44,138,37,94,173,18,131,119,11,59,80,100,30,134,148,4,97,58,158,43,34,122,181,68,123,6,149,60,54,151,133,187,39,107,105,14,13,172,12,89,75,125,15,135,53,183,69,159,164,189,28,155,73,99,106,136,49,112,179,161,102,86,110,88,61,52,104,17,145,56,21,108,192,40,169,85,29,154,116,177,27,185,111,96,171,141,98,114,64,79,47,55,76,5,186,199,83,153,150,24,95,137,175,62,120,3,168,191,162,146];True
2167;7048;9215;[34,198,174,190,109,118,149,193,172,132,130,22,147,35,182,113,66,157,103,105,74,188,87,37,94,0,167,61,45,138,178,9,78,128,42,120,3,121,162,126,143,160,91,1,33,124,180,196,36,85,104,17,82,23,189,81,112,93,19,26,176,46,6,49,170,95,38,139,65,20,51,50,21,48,146,4,84,67,32,72,163,25,70,41,142,117,77,2,156,71,165,144,184,8,173,18,137,158,101,59,80,100,30,134,148,11,97,58,54,151,7,191,181,68,123,44,131,110,62,195,119,43,39,107,55,14,13,111,52,89,75,129,15,135,53,183,69,159,164,90,28,155,73,99,106,136,115,152,12,161,102,86,133,76,122,116,16,125,145,140,92,108,192,40,169,194,29,154,60,177,27,185,127,96,171,141,98,114,64,79,179,47,88,5,186,199,83,153,166,24,150,10,187,175,57,197,168,31,56,63];True
1339;7877;9216;[82,4,129,70,19,87,121,178,2,142,130,84,77,152,93,147,66,157,103,90,74,188,144,184,115,117,167,81,182,65,41,57,78,128,42,101,197,8,16,126,35,160,91,1,33,124,180,196,36,46,140,92,22,23,127,7,0,45,132,26,176,193,109,20,170,166,38,139,63,118,48,194,31,198,174,9,143,67,32,72,163,25,51,50,190,10,165,113,156,71,44,138,37,94,173,18,131,119,11,59,80,100,30,134,148,195,97,58,158,43,34,122,181,68,123,6,149,60,54,151,133,187,39,107,105,14,13,172,12,89,75,125,15,108,53,183,69,159,164,189,28,155,73,99,106,136,49,112,179,161,102,86,110,88,61,52,104,17,145,56,21,135,192,40,169,85,29,154,116,177,27,185,111,96,171,141,98,114,64,79,47,55,76,5,186,199,83,153,150,24,95,137,175,62,120,3,168,191,162,146];True
1350;7866;9216;[147,4,129,70,19,87,121,178,2,142,130,84,77,152,93,22,66,157,103,90,74,188,144,184,115,117,167,81,182,65,41,57,78,128,42,101,197,8,16,126,35,160,91,1,33,124,180,196,36,46,140,92,82,23,127,7,0,45,132,26,176,193,109,20,170,166,38,139,63,118,48,194,31,198,15,9,143,67,32,72,163,25,51,50,190,10,165,113,156,71,44,138,37,94,173,18,131,119,11,59,80,100,30,134,148,195,97,58,158,43,34,122,181,68,123,6,149,60,54,151,133,187,39,107,105,14,13,172,12,89,75,125,174,135,53,183,69,159,164,189,28,155,73,99,106,136,49,112,179,161,102,86,110,88,61,52,104,17,145,56,21,108,192,40,169,85,29,154,116,177,27,185,111,96,171,141,98,114,64,79,47,55,76,5,186,199,83,153,150,24,95,137,175,62,120,3,168,191,162,146];True
1336;7882;9218;[147,4,129,70,19,87,121,178,2,198,130,84,77,152,93,22,66,157,103,90,74,188,144,184,115,117,167,81,182,65,41,57,78,128,42,101,197,8,16,126,35,160,91,1,33,124,180,196,36,46,140,92,82,23,127,7,0,45,132,26,176,193,109,20,170,166,38,139,63,118,48,194,31,142,15,9,143,67,32,72,163,25,51,50,190,10,165,113,156,71,44,138,37,94,173,18,131,119,11,59,80,100,30,134,148,195,97,58,158,43,34,122,181,68,123,6,149,60,54,151,133,187,39,107,105,14,13,172,12,89,75,125,174,53,135,183,69,159,164,189,28,155,73,99,106,136,49,112,179,161,102,86,110,88,61,52,104,17,145,56,21,108,192,40,169,85,29,154,116,177,27,185,111,96,171,141,98,114,64,79,47,55,76,5,186,199,83,153,150,24,95,137,175,62,120,3,168,191,162,146];True
2191;7034;9225;[34,198,174,190,109,118,149,193,172,132,130,22,147,35,88,113,66,157,103,105,74,188,87,37,94,0,167,61,45,138,178,9,78,128,42,120,3,121,162,126,143,160,91,1,33,124,180,196,36,85,104,17,82,23,189,81,112,93,19,26,176,46,6,49,170,95,38,139,65,20,51,50,21,48,146,4,84,67,32,72,163,25,70,41,142,117,77,2,156,71,165,144,184,8,173,18,137,158,101,59,80,100,30,134,148,11,97,58,54,151,7,191,181,68,123,44,131,110,62,195,119,43,39,107,55,14,13,111,52,89,75,129,15,135,53,183,69,159,164,90,28,155,73,99,106,136,115,152,12,161,102,86,133,76,122,116,16,125,145,140,92,108,192,40,169,194,29,154,60,177,27,185,127,96,171,141,98,114,64,79,179,47,182,83,186,199,5,153,166,24,150,10,187,175,57,197,168,31,56,63];True
2188;7037;9225;[34,198,174,190,109,118,149,193,172,132,130,22,147,6,182,113,66,157,103,105,74,188,87,37,94,0,167,61,45,138,178,9,78,128,42,120,3,121,162,126,143,160,91,1,33,124,180,196,36,85,104,17,82,23,189,81,112,93,19,26,176,46,12,49,170,95,38,139,65,20,51,50,21,48,146,4,84,67,32,72,137,25,70,41,142,117,77,2,156,71,165,144,184,8,173,18,163,158,101,59,80,100,30,134,148,11,97,58,54,151,7,191,181,68,123,44,131,110,62,195,119,43,39,107,55,14,13,111,52,89,75,129,15,135,53,183,69,159,164,90,28,155,73,99,106,136,115,152,35,161,102,86,133,76,122,116,16,125,145,140,92,108,192,40,169,194,29,154,60,177,27,185,127,96,171,141,98,114,64,79,179,47,88,5,186,199,83,153,166,24,150,10,187,175,57,197,168,31,56,63];True
2181;7045;9226;[34,198,174,190,109,118,149,193,172,132,130,22,147,75,182,113,66,157,103,105,74,188,87,37,94,0,167,61,45,138,178,9,78,128,42,120,3,121,162,126,143,160,91,1,33,124,180,196,36,85,104,17,82,23,189,81,112,93,19,26,176,46,12,49,170,95,38,139,65,20,51,50,21,48,146,4,84,67,32,72,137,25,70,41,142,117,77,2,156,71,165,144,184,8,173,18,163,158,101,59,80,100,30,134,148,11,97,58,54,151,7,191,181,68,123,44,131,110,62,195,119,43,39,107,55,14,13,111,52,89,6,129,15,135,53,183,69,159,164,90,28,155,73,99,106,136,115,152,35,161,102,86,133,76,122,116,16,125,145,140,92,108,192,40,169,194,29,154,60,177,27,185,127,96,171,141,98,114,64,79,179,47,88,5,186,199,83,153,166,24,150,10,187,175,57,197,168,31,56,63];True
2215;7014;9229;[34,198,174,190,109,118,149,193,172,132,130,22,147,6,182,113,66,157,103,105,74,188,87,37,94,0,167,61,45,138,178,9,78,128,42,120,3,121,162,126,143,160,91,1,33,124,180,196,36,85,104,17,82,23,189,81,112,93,19,26,176,46,12,49,170,95,38,139,65,20,51,50,21,48,146,4,84,67,32,72,163,25,70,41,142,117,77,2,156,71,165,144,184,8,173,18,137,158,101,59,80,100,30,134,148,11,97,58,54,151,7,191,181,68,123,44,131,110,62,195,119,43,39,107,55,14,13,111,52,89,75,129,15,135,53,183,69,159,164,90,28,155,73,99,106,136,115,152,35,161,102,86,133,76,122,116,16,125,145,140,92,108,192,40,169,194,29,154,60,177,27,185,127,96,171,141,98,114,64,79,179,47,88,5,186,199,83,153,166,24,150,10,187,175,57,197,168,31,56,63];True
2196;7033;9229;[34,198,174,190,109,118,149,193,172,132,130,22,147,6,182,113,66,157,103,105,74,188,87,37,94,0,167,61,45,138,178,9,78,128,42,120,3,121,162,126,143,160,91,1,33,124,180,196,36,85,104,17,82,23,189,81,112,93,19,26,176,46,35,49,170,95,38,139,65,20,51,50,21,48,146,4,84,67,32,72,163,25,70,41,142,117,77,2,156,71,165,144,184,8,173,18,137,158,101,59,80,100,30,134,148,11,97,58,54,151,7,191,181,68,123,44,131,110,62,195,119,43,39,107,55,14,13,111,52,89,75,129,15,135,53,183,69,159,164,90,28,155,73,99,106,136,115,152,12,161,102,86,133,76,122,116,16,125,145,140,92,108,192,40,169,194,29,154,60,177,27,185,127,96,171,141,98,114,64,79,179,47,88,5,186,199,83,153,166,24,150,10,187,175,57,197,168,31,56,63];True
2208;7022;9230;[34,198,174,190,109,118,149,193,172,132,130,22,147,75,182,113,66,157,103,105,74,188,87,37,94,0,167,61,45,138,178,9,78,128,42,120,3,121,162,126,143,160,91,1,33,124,180,196,36,85,104,17,82,23,189,81,112,93,19,26,176,46,12,49,170,95,38,139,65,20,51,50,21,48,146,4,84,67,32,72,163,25,70,41,142,117,77,2,156,71,165,144,184,8,173,18,137,158,101,59,80,100,30,134,148,11,97,58,54,151,7,191,181,68,123,44,131,110,62,195,119,43,39,107,55,14,13,111,52,89,6,129,15,135,53,183,69,159,164,90,28,155,73,99,106,136,115,152,35,161,102,86,133,76,122,116,16,125,145,140,92,108,192,40,169,194,29,154,60,177,27,185,127,96,171,141,98,114,64,79,179,47,88,5,186,199,83,153,166,24,150,10,187,175,57,197,168,31,56,63];True
2187;7043;9230;[34,198,174,190,109,118,149,193,172,132,130,22,147,35,88,113,66,157,103,105,74,188,87,37,94,0,167,61,45,138,178,9,78,128,42,120,3,121,162,126,143,160,91,1,33,124,180,196,36,85,104,17,82,23,189,81,112,93,19,26,176,46,6,49,170,95,38,139,65,20,51,50,21,48,146,4,84,67,32,72,163,25,70,41,142,117,77,2,156,71,165,144,184,8,173,18,137,158,101,59,80,100,30,134,148,11,97,58,54,151,7,191,181,68,123,44,131,110,62,195,119,43,39,107,55,14,13,111,52,89,75,129,15,135,53,183,69,159,164,90,28,155,73,99,106,136,115,152,12,161,102,86,133,76,122,116,16,125,145,140,92,108,192,40,169,194,29,154,60,177,27,185,127,96,171,141,98,114,64,79,179,47,182,5,186,199,83,153,166,24,150,10,187,175,57,197,168,31,56,63];True
1328;7903;9231;[147,195,129,70,19,87,121,178,2,198,130,84,77,152,93,22,66,157,103,90,74,188,144,184,115,117,167,81,182,65,41,57,78,128,42,101,197,8,16,126,35,160,91,1,33,124,180,196,36,46,140,92,82,23,127,7,0,45,132,26,176,193,109,20,170,166,38,139,63,118,48,194,31,142,15,9,143,67,32,72,163,25,51,50,190,10,165,113,156,71,44,138,37,94,173,18,131,119,11,59,80,100,30,134,148,4,97,58,158,43,34,122,181,68,123,6,149,60,54,151,133,187,39,107,105,14,13,172,12,89,75,125,174,135,53,183,69,159,164,189,28,155,73,99,106,136,49,112,179,161,102,86,110,88,61,52,104,17,145,56,21,108,192,40,169,85,29,154,116,177,27,185,111,96,171,141,98,114,64,79,47,55,76,5,186,199,83,153,150,24,95,137,175,62,120,3,168,191,162,146];True
2206;7027;9233;[34,198,174,190,109,118,149,193,172,132,130,22,147,6,182,113,66,157,103,105,74,188,87,37,94,0,167,61,45,138,178,9,78,128,42,120,3,121,162,126,143,160,91,1,33,124,180,196,36,85,104,17,82,23,189,81,112,93,19,26,176,46,12,49,170,95,38,139,65,20,51,50,21,48,146,4,84,67,32,72,163,25,70,41,142,117,77,2,156,71,165,144,184,8,173,18,137,158,101,59,80,100,30,134,148,11,97,58,54,151,7,191,181,68,123,44,131,110,62,195,119,43,175,107,55,14,13,111,52,89,75,129,15,135,53,183,69,159,164,90,28,155,73,99,106,136,115,152,35,161,102,86,133,76,122,116,16,125,145,140,92,108,192,40,169,194,29,154,60,177,27,185,127,96,171,141,98,114,64,79,179,47,88,5,186,199,83,153,166,24,150,10,187,39,57,197,168,31,56,63];True
2214;7020;9234;[34,198,174,190,109,118,149,193,172,132,130,22,147,6,182,113,66,157,103,105,74,188,87,37,94,0,167,61,45,138,178,9,187,128,42,120,3,121,162,126,143,160,91,1,33,124,180,196,36,85,104,17,82,23,189,81,112,93,19,26,176,46,12,49,170,95,38,139,65,20,51,50,21,48,146,4,84,67,32,72,163,25,70,41,142,117,77,2,156,71,165,144,184,8,173,18,137,158,101,59,80,100,30,134,148,11,97,58,54,151,7,191,181,68,123,44,131,110,62,195,119,43,175,107,55,14,13,111,52,89,75,129,15,135,53,183,69,159,164,90,28,155,73,99,106,136,115,152,35,161,102,86,133,76,122,116,16,125,145,140,92,108,192,40,169,194,29,154,60,177,27,185,127,96,171,141,98,114,64,79,179,47,88,5,186,199,83,153,166,24,150,10,78,39,57,197,168,31,56,63];True
2205;7030;9235;[34,198,174,190,109,118,149,193,172,132,130,22,147,6,85,113,66,157,103,105,74,188,87,37,94,0,167,61,45,138,178,9,78,128,42,120,3,121,162,126,143,160,91,1,33,124,180,196,36,182,104,17,82,23,189,81,112,93,19,26,176,46,35,49,170,95,38,139,65,20,51,50,21,48,146,4,84,67,32,72,163,25,70,41,142,117,77,2,156,71,165,144,184,8,173,18,137,158,101,59,80,100,30,134,148,11,97,58,54,151,7,191,181,68,123,44,131,110,62,195,119,43,39,107,55,14,13,111,52,89,75,129,15,135,53,183,69,159,164,90,28,155,73,99,106,136,115,152,12,161,102,86,133,76,122,116,16,125,145,140,92,108,192,40,169,194,29,154,60,177,27,185,127,96,171,141,98,114,64,79,179,47,88,5,186,199,83,153,166,24,150,10,187,175,57,197,168,31,56,63];True
2224;7011;9235;[34,198,174,190,109,118,149,193,172,132,130,22,147,6,85,113,66,157,103,105,74,188,87,37,94,0,167,61,45,138,178,9,78,128,42,120,3,121,162,126,143,160,91,1,33,124,180,196,36,182,104,17,82,23,189,81,112,93,19,26,176,46,12,49,170,95,38,139,65,20,51,50,21,48,146,4,84,67,32,72,163,25,70,41,142,117,77,2,156,71,165,144,184,8,173,18,137,158,101,59,80,100,30,134,148,11,97,58,54,151,7,191,181,68,123,44,131,110,62,195,119,43,39,107,55,14,13,111,52,89,75,129,15,135,53,183,69,159,164,90,28,155,73,99,106,136,115,152,35,161,102,86,133,76,122,116,16,125,145,140,92,108,192,40,169,194,29,154,60,177,27,185,127,96,171,141,98,114,64,79,179,47,88,5,186,199,83,153,166,24,150,10,187,175,57,197,168,31,56,63];True
1324;7915;9239;[147,4,129,70,19,87,121,178,2,198,130,84,77,152,93,22,66,157,103,90,74,188,144,184,115,117,167,81,182,65,41,57,78,128,42,101,197,8,16,126,35,160,91,1,33,124,180,196,36,46,140,92,82,23,127,7,0,45,132,26,176,193,109,20,170,166,38,139,63,118,48,194,31,142,15,9,143,67,32,72,163,25,51,50,190,10,165,113,156,71,44,138,37,94,173,18,131,119,11,59,80,100,30,134,148,195,97,58,158,43,34,122,181,68,123,6,149,60,54,151,133,187,39,107,105,14,13,172,12,89,75,125,174,135,53,183,69,159,164,189,28,155,73,99,106,136,49,112,17,161,102,86,110,88,61,52,104,179,145,56,21,108,192,40,169,85,29,154,116,177,27,185,111,96,171,141,98,114,64,79,47,55,76,5,186,199,83,153,150,24,95,137,175,62,120,3,168,191,162,146];True
2245;6998;9243;[34,198,174,190,109,118,149,193,172,132,130,22,147,6,182,113,66,157,103,105,74,188,87,37,94,0,167,61,45,138,178,9,78,128,42,120,3,121,162,126,143,160,91,1,33,124,180,196,36,85,104,17,82,23,189,81,112,93,19,26,176,46,12,49,170,95,38,139,65,20,51,50,21,48,146,4,84,67,32,72,163,25,70,41,142,117,77,2,156,71,165,144,184,8,173,18,86,110,101,59,80,100,30,134,148,11,97,58,54,151,7,191,181,68,123,44,131,158,62,195,119,43,39,107,55,14,13,111,52,89,75,129,15,135,53,183,69,159,164,90,28,155,73,99,106,136,115,152,35,161,102,137,133,76,122,116,16,125,145,140,92,108,192,40,169,194,29,154,60,177,27,185,127,96,171,141,98,114,64,79,179,47,88,5,186,199,83,153,166,24,150,10,187,175,57,197,168,31,56,63];True
2238;7006;9244;[34,198,174,190,109,118,149,193,172,132,130,22,147,75,182,113,66,157,103,105,74,188,87,37,94,0,167,61,45,138,178,9,78,128,42,120,3,121,162,126,143,160,91,1,33,124,180,196,36,85,104,17,82,23,189,81,112,93,19,26,176,46,12,49,170,95,38,139,65,20,51,50,21,48,146,4,84,67,32,72,163,25,70,41,142,117,77,2,156,71,165,144,184,8,173,18,86,110,101,59,80,100,30,134,148,11,97,58,54,151,7,191,181,68,123,44,131,158,62,195,119,43,39,107,55,14,13,111,52,89,6,129,15,135,53,183,69,159,164,90,28,155,73,99,106,136,115,152,35,161,102,137,133,76,122,116,16,125,145,140,92,108,192,40,169,194,29,154,60,177,27,185,127,96,171,141,98,114,64,79,179,47,88,5,186,199,83,153,166,24,150,10,187,175,57,197,168,31,56,63];True
2239;7005;9244;[34,198,174,190,109,118,149,193,172,132,130,22,147,6,182,113,66,157,103,105,74,188,87,37,94,0,167,61,45,138,178,9,78,128,42,120,3,121,162,126,143,160,91,1,33,124,180,196,36,85,104,17,82,23,189,81,112,93,19,26,176,46,12,49,170,95,38,139,65,20,51,50,21,48,146,4,84,67,32,72,163,25,70,41,142,117,77,2,156,71,165,144,184,8,173,18,137,110,101,59,80,100,30,134,148,11,97,58,54,151,7,191,181,68,123,44,131,158,62,195,119,43,39,107,55,14,13,111,52,89,75,129,15,135,53,183,69,159,164,90,28,155,73,99,106,136,115,152,35,161,102,86,133,76,122,116,16,125,145,140,92,108,192,40,169,194,29,154,60,177,27,185,127,96,171,141,98,114,64,79,179,47,88,5,186,199,83,153,166,24,150,10,187,175,57,197,168,31,56,63];True
1320;7925;9245;[148,195,129,70,19,87,121,178,2,198,130,84,77,152,93,22,66,157,103,90,74,188,144,184,115,117,167,81,182,65,41,57,78,128,42,101,197,8,16,126,35,160,91,1,33,124,180,196,36,46,140,92,82,23,127,7,0,45,132,26,176,193,109,20,170,166,38,139,63,118,48,194,31,142,15,9,143,67,32,72,163,25,51,50,190,10,165,113,156,71,44,138,37,94,173,18,131,119,11,59,80,100,30,134,147,4,97,58,158,43,34,122,181,68,123,6,149,60,54,151,133,187,39,107,105,14,13,172,12,89,75,125,174,135,53,183,69,159,164,189,28,155,73,99,106,136,49,112,179,161,102,86,110,88,61,52,104,17,145,56,21,108,192,40,169,85,29,154,116,177,27,185,111,96,171,141,98,114,64,79,47,55,76,5,186,199,83,153,150,24,95,137,175,62,120,3,168,191,162,146];True
1323;7923;9246;[82,4,129,70,19,87,121,178,2,142,130,84,77,152,93,147,66,157,103,90,74,188,144,184,115,117,167,81,182,65,41,57,78,128,42,101,197,8,16,126,35,160,91,1,33,124,180,196,36,46,140,92,22,23,127,7,0,45,132,26,176,193,109,20,170,166,38,139,63,118,48,194,31,198,174,9,143,67,32,72,163,25,51,50,190,10,165,113,156,71,44,138,37,94,173,18,131,119,11,59,80,100,30,134,148,195,97,58,158,43,34,122,181,68,123,6,149,60,54,151,133,187,39,107,105,14,13,172,12,89,75,125,15,108,53,183,69,159,164,189,28,155,73,99,106,136,49,112,17,161,102,86,110,88,61,52,104,179,145,56,21,135,192,40,169,85,29,154,116,177,27,185,111,96,171,141,98,114,64,79,47,55,76,5,186,199,83,153,150,24,95,137,175,62,120,3,168,191,162,146];True
2295;6952;9247;[34,198,174,190,109,118,6,193,172,132,130,22,12,7,182,113,66,157,103,105,74,188,87,37,94,0,167,61,45,138,178,147,78,128,42,120,3,121,162,126,143,160,91,1,33,124,180,196,36,85,104,17,82,23,189,81,112,93,19,26,176,46,9,49,170,95,38,139,65,20,51,50,21,48,146,4,84,67,32,72,163,25,70,41,142,117,77,2,156,71,191,144,184,8,173,18,86,110,101,59,80,100,30,134,148,11,97,58,54,151,149,165,181,68,123,44,131,158,62,195,119,43,39,107,55,14,13,111,52,89,75,129,15,135,53,183,69,159,164,90,28,155,73,99,106,136,115,152,35,161,102,137,133,76,122,116,16,125,145,140,92,108,192,40,169,194,29,154,60,177,27,185,127,96,171,141,98,114,64,79,179,47,88,5,186,199,83,153,166,24,150,10,187,175,57,197,168,31,56,63];True
2237;7010;9247;[34,198,174,190,109,118,149,193,172,132,130,22,147,6,182,113,66,157,103,105,74,188,87,37,94,0,167,61,45,138,178,9,78,128,42,120,3,121,162,126,143,160,91,1,33,124,180,196,36,85,104,17,82,23,189,81,52,93,19,26,176,46,12,49,170,95,38,139,65,20,51,50,21,48,146,4,84,67,32,72,163,25,70,41,142,117,77,2,156,71,165,144,184,8,173,18,137,158,101,59,80,100,30,134,148,11,97,58,54,151,7,191,181,68,123,44,131,110,62,195,119,43,39,107,55,14,13,111,112,89,75,129,15,135,53,183,69,159,164,90,28,155,73,99,106,136,115,152,35,161,102,86,133,76,122,116,16,125,145,140,92,108,192,40,169,194,29,154,60,177,27,185,127,96,171,141,98,114,64,79,179,47,88,5,186,199,83,153,166,24,150,10,187,175,57,197,168,31,56,63];True
2254;6995;9249;[34,198,174,190,109,118,149,193,172,132,130,22,147,6,85,113,66,157,103,105,74,188,87,37,94,0,167,61,45,138,178,9,78,128,42,120,3,121,162,126,143,160,91,1,33,124,180,196,36,182,104,17,82,23,189,81,112,93,19,26,176,46,12,49,170,95,38,139,65,20,51,50,21,48,146,4,84,67,32,72,163,25,70,41,142,117,77,2,156,71,165,144,184,8,173,18,86,110,101,59,80,100,30,134,148,11,97,58,54,151,7,191,181,68,123,44,131,158,62,195,119,43,39,107,55,14,13,111,52,89,75,129,15,135,53,183,69,159,164,90,28,155,73,99,106,136,115,152,35,161,102,137,133,76,122,116,16,125,145,140,92,108,192,40,169,194,29,154,60,177,27,185,127,96,171,141,98,114,64,79,179,47,88,5,186,199,83,153,166,24,150,10,187,175,57,197,168,31,56,63];True
2269;6983;9252;[34,198,174,190,109,118,149,193,172,132,130,22,147,6,129,2,66,157,103,105,74,188,87,37,94,0,167,61,45,138,178,9,78,128,42,120,3,121,162,126,143,160,91,1,33,124,180,196,36,85,104,17,82,23,189,81,112,93,19,26,176,46,12,49,170,95,38,139,65,20,51,50,21,48,146,4,84,67,32,72,163,25,70,41,142,117,77,113,156,71,165,144,184,8,173,18,86,110,101,59,80,100,30,134,148,11,97,58,54,151,7,191,181,68,123,44,131,158,62,195,119,43,39,107,55,14,13,111,52,89,75,182,15,135,53,183,69,159,164,90,28,155,73,99,106,136,115,152,35,161,102,137,133,76,122,116,16,125,145,140,92,108,192,40,169,194,29,154,60,177,27,185,127,96,171,141,98,114,64,79,179,47,88,5,186,199,83,153,166,24,150,10,187,175,57,197,168,31,56,63];True
2262;6990;9252;[34,198,174,190,109,118,149,193,172,132,130,22,147,6,182,46,66,157,103,105,74,188,87,37,94,0,167,61,45,138,178,9,78,128,42,120,3,121,162,126,143,160,91,1,33,124,180,196,36,85,104,17,82,23,189,81,112,93,19,26,176,2,12,49,170,95,38,139,65,20,51,50,21,48,146,4,84,67,32,72,163,25,70,41,142,117,77,113,156,71,165,144,184,8,173,18,86,110,101,59,80,100,30,134,148,11,97,58,54,151,7,191,181,68,123,44,131,158,62,195,119,43,39,107,55,14,13,111,52,89,75,129,15,135,53,183,69,159,164,90,28,155,73,99,106,136,115,152,35,161,102,137,133,76,122,116,16,125,145,140,92,108,192,40,169,194,29,154,60,177,27,185,127,96,171,141,98,114,64,79,179,47,88,5,186,199,83,153,166,24,150,10,187,175,57,197,168,31,56,63];True
1316;7938;9254;[148,195,129,70,19,87,121,178,2,198,130,84,77,152,93,22,66,157,103,90,74,188,144,184,115,117,167,81,182,65,41,57,78,128,42,101,197,8,16,126,35,160,91,1,33,124,180,196,36,46,140,92,82,23,127,7,0,45,132,26,176,193,109,20,170,166,38,139,63,118,48,194,31,142,15,9,143,67,32,72,163,25,51,50,190,10,165,113,156,71,44,138,37,94,173,18,131,119,11,59,80,100,30,134,147,4,97,58,158,43,34,122,181,68,123,6,149,60,54,151,133,187,39,107,105,14,13,172,12,89,75,125,174,53,135,183,69,159,164,189,28,155,73,99,106,136,49,112,179,161,102,86,110,88,61,52,104,17,145,56,21,108,192,40,169,85,29,154,116,177,27,185,111,96,171,141,98,114,64,79,47,55,76,5,186,199,83,153,150,24,95,137,175,62,120,3,168,191,162,146];True
2267;6987;9254;[34,198,174,190,109,118,6,193,172,132,130,22,12,43,129,2,66,157,103,105,74,188,87,37,94,165,119,61,45,138,178,147,78,128,42,120,3,121,162,126,143,160,91,1,33,124,180,196,36,85,104,17,82,23,189,81,112,93,19,26,176,46,116,49,170,95,38,139,65,20,51,50,21,48,146,4,84,67,32,72,163,25,70,41,142,117,77,113,156,71,191,144,184,8,173,18,86,110,101,59,80,100,30,134,148,11,97,58,54,151,7,0,181,68,123,44,131,158,62,195,167,149,39,107,55,14,13,111,52,89,75,182,15,135,53,183,69,159,164,90,28,155,73,99,106,136,115,152,35,161,102,137,133,76,122,9,16,125,145,140,92,108,192,40,169,194,29,154,60,177,27,185,127,96,171,141,98,114,64,79,179,47,88,5,186,199,83,153,166,24,150,10,187,175,57,197,168,31,56,63];True
2261;6994;9255;[34,198,174,190,109,118,6,193,172,132,130,22,12,43,129,2,66,157,103,105,74,188,87,37,94,165,119,61,45,138,178,147,78,128,42,120,3,121,162,126,143,160,91,1,33,124,180,196,36,85,104,17,82,23,189,81,112,93,19,26,176,46,116,49,170,95,38,139,65,20,51,50,21,48,146,4,84,67,32,72,163,25,70,41,142,117,77,113,156,71,191,144,184,8,173,18,137,110,101,59,80,100,30,134,148,11,97,58,54,151,7,0,181,68,123,44,131,158,62,195,167,149,39,107,55,14,13,111,52,89,75,182,15,135,53,183,69,159,164,90,28,155,73,99,106,136,115,152,35,161,102,86,133,76,122,9,16,125,145,140,92,108,192,40,169,194,29,154,60,177,27,185,127,96,171,141,98,114,64,79,179,47,88,5,186,199,83,153,166,24,150,10,187,175,57,197,168,31,56,63];True
1312;7949;9261;[147,195,129,70,19,87,121,178,2,198,130,84,77,152,93,22,66,157,103,90,74,188,144,184,115,117,167,81,182,65,41,57,78,128,42,101,197,8,16,126,35,160,91,1,33,124,180,196,36,46,140,92,82,23,127,7,0,45,132,26,176,193,109,20,170,166,38,139,63,118,48,194,31,142,15,9,143,67,32,72,163,25,51,50,190,10,165,113,156,71,44,138,37,94,173,18,131,119,11,59,80,100,30,134,148,4,97,58,158,43,34,122,181,68,123,6,149,60,54,151,133,187,39,107,105,14,13,172,12,89,75,125,174,135,53,183,69,159,164,189,28,155,73,99,106,136,49,112,17,161,102,86,110,88,61,52,104,179,145,56,21,108,192,40,169,85,29,154,116,177,27,185,111,96,171,141,98,114,64,79,47,55,76,5,186,199,83,153,150,24,95,137,175,62,120,3,168,191,162,146];True
1310;7953;9263;[61,195,129,70,19,87,121,178,2,198,130,84,77,152,93,147,66,157,103,90,74,188,144,184,115,117,182,78,136,65,41,22,131,128,42,57,197,8,16,126,35,160,91,1,33,124,180,196,36,46,140,92,82,23,127,7,0,45,132,26,176,193,109,20,170,166,38,139,63,118,48,194,31,142,15,9,143,67,32,72,163,34,51,50,190,10,165,113,156,71,44,138,37,94,173,18,25,119,11,59,80,100,30,134,148,4,97,58,158,43,49,122,181,68,123,6,149,60,54,151,133,187,39,107,105,14,13,172,12,89,75,125,174,135,53,183,69,159,164,189,28,155,73,99,106,167,81,112,179,161,102,86,110,88,101,52,104,17,145,56,21,108,192,40,169,85,29,154,116,177,27,185,111,96,171,141,98,114,64,79,47,55,76,5,186,199,83,153,150,24,95,137,175,62,120,3,168,191,162,146];True
2286;6978;9264;[34,198,174,190,109,118,6,193,172,132,130,22,147,149,129,2,66,157,103,105,74,188,87,37,94,0,167,61,45,138,178,9,78,128,42,120,3,121,162,126,143,160,91,1,33,124,180,196,36,85,104,17,82,23,189,81,112,93,19,26,176,46,12,49,170,95,38,139,65,20,51,50,21,48,146,4,84,67,32,72,163,25,70,41,142,117,77,113,156,71,165,144,184,8,173,18,86,110,101,59,80,100,30,134,148,11,97,58,54,151,7,191,181,68,123,44,131,158,62,195,119,43,39,107,55,14,13,111,52,89,75,182,15,135,53,183,69,159,164,90,28,155,73,99,106,136,115,152,35,161,102,137,133,76,122,116,16,125,145,140,92,108,192,40,169,194,29,154,60,177,27,185,127,96,171,141,98,114,64,79,179,47,88,5,186,199,83,153,166,24,150,10,187,175,57,197,168,31,56,63];True
2294;6973;9267;[34,198,174,190,109,118,6,193,172,132,130,22,12,43,129,2,66,157,103,105,74,188,87,37,94,165,119,61,45,138,178,147,78,128,42,120,3,121,162,126,143,160,91,1,33,124,180,196,36,85,104,17,82,23,189,81,112,93,19,26,176,46,123,49,170,95,38,139,65,20,51,50,21,48,146,4,84,67,32,72,163,25,70,41,142,117,77,113,156,71,191,144,184,8,173,18,86,110,101,59,80,100,30,134,148,11,97,58,54,151,7,0,181,68,116,44,131,158,62,195,167,149,39,107,55,14,13,111,52,89,75,182,15,135,53,183,69,159,164,90,28,155,73,99,106,136,115,152,35,161,102,137,133,76,122,9,16,125,145,140,92,108,192,40,169,194,29,154,60,177,27,185,127,96,171,141,98,114,64,79,179,47,88,5,186,199,83,153,166,24,150,10,187,175,57,197,168,31,56,63];True
1308;7962;9270;[147,195,129,70,19,87,121,178,2,198,130,84,77,152,93,22,66,157,103,90,74,188,144,184,115,117,167,81,182,65,41,57,78,128,42,101,197,8,16,126,35,160,91,1,33,124,180,196,36,46,140,92,82,23,127,7,0,45,132,26,176,193,109,20,170,166,38,139,63,118,48,194,31,142,15,9,143,67,32,72,163,25,51,50,190,10,165,113,156,71,44,138,37,94,173,18,131,119,11,59,80,100,30,134,148,4,97,58,158,43,34,122,181,68,123,6,149,60,54,151,133,187,39,107,105,14,13,172,12,89,75,125,174,53,135,183,69,159,164,189,28,155,73,99,106,136,49,112,17,161,102,86,110,88,61,52,104,179,145,56,21,108,192,40,169,85,29,154,116,177,27,185,111,96,171,141,98,114,64,79,47,55,76,5,186,199,83,153,150,24,95,137,175,62,120,3,168,191,162,146];True
1306;7966;9272;[61,195,129,70,19,87,121,178,2,198,130,84,77,152,93,147,66,157,103,90,74,188,144,184,115,117,182,78,136,65,41,22,131,128,42,57,197,8,16,126,35,160,91,1,33,124,180,196,36,46,140,92,82,23,127,7,0,45,132,26,176,193,109,20,170,166,38,139,63,118,48,194,31,142,15,9,143,67,32,72,163,34,51,50,190,10,165,113,156,71,44,138,37,94,173,18,25,119,11,59,80,100,30,134,148,4,97,58,158,43,49,122,181,68,123,6,149,60,54,151,133,187,39,107,105,14,13,172,12,89,75,125,174,53,135,183,69,159,164,189,28,155,73,99,106,167,81,112,179,161,102,86,110,88,101,52,104,17,145,56,21,108,192,40,169,85,29,154,116,177,27,185,111,96,171,141,98,114,64,79,47,55,76,5,186,199,83,153,150,24,95,137,175,62,120,3,168,191,162,146];True
1304;7971;9275;[148,195,129,70,19,87,121,178,2,198,130,84,77,152,93,22,66,157,103,90,74,188,144,184,115,117,167,81,182,65,41,57,78,128,42,101,197,8,16,126,35,160,91,1,33,124,180,196,36,46,140,92,82,23,127,7,0,45,132,26,176,193,109,20,170,166,38,139,63,118,48,194,31,142,15,9,143,67,32,72,163,25,51,50,190,10,165,113,156,71,44,138,37,94,173,18,131,119,11,59,80,100,30,134,147,4,97,58,158,43,34,122,181,68,123,6,149,60,54,151,133,187,39,107,105,14,13,172,12,89,75,125,174,135,53,183,69,159,164,189,28,155,73,99,106,136,49,112,17,161,102,86,110,88,61,52,104,179,145,56,21,108,192,40,169,85,29,154,116,177,27,185,111,96,171,141,98,114,64,79,47,55,76,5,186,199,83,153,150,24,95,137,175,62,120,3,168,191,162,146];True
1291;7993;9284;[61,195,129,70,19,87,121,178,2,198,130,84,77,152,93,147,66,157,103,90,74,188,144,184,115,117,182,78,136,65,41,22,131,128,42,57,197,8,16,126,35,160,91,1,33,124,180,196,36,46,140,92,82,23,127,7,0,45,132,26,176,193,109,20,170,166,38,139,63,118,48,194,31,142,15,9,143,67,32,72,163,81,51,50,190,10,165,113,156,71,44,138,37,94,173,18,25,119,11,59,80,100,30,134,148,4,97,58,158,43,34,122,181,68,123,6,149,60,54,151,133,187,39,107,105,14,13,172,12,89,75,125,174,135,53,183,69,159,164,189,28,155,73,99,106,167,49,112,179,161,102,86,110,88,101,52,104,17,145,56,21,108,192,40,169,85,29,154,116,177,27,185,111,96,171,141,98,114,64,79,47,55,76,5,186,199,83,153,150,24,95,137,175,62,120,3,168,191,162,146];True
1300;7984;9284;[148,195,129,70,19,87,121,178,2,198,130,84,77,152,93,22,66,157,103,90,74,188,144,184,115,117,167,81,182,65,41,57,78,128,42,101,197,8,16,126,35,160,91,1,33,124,180,196,36,46,140,92,82,23,127,7,0,45,132,26,176,193,109,20,170,166,38,139,63,118,48,194,31,142,15,9,143,67,32,72,163,25,51,50,190,10,165,113,156,71,44,138,37,94,173,18,131,119,11,59,80,100,30,134,147,4,97,58,158,43,34,122,181,68,123,6,149,60,54,151,133,187,39,107,105,14,13,172,12,89,75,125,174,53,135,183,69,159,164,189,28,155,73,99,106,136,49,112,17,161,102,86,110,88,61,52,104,179,145,56,21,108,192,40,169,85,29,154,116,177,27,185,111,96,171,141,98,114,64,79,47,55,76,5,186,199,83,153,150,24,95,137,175,62,120,3,168,191,162,146];True
1287;8006;9293;[61,195,129,70,19,87,121,178,2,198,130,84,77,152,93,147,66,157,103,90,74,188,144,184,115,117,182,78,136,65,41,22,131,128,42,57,197,8,16,126,35,160,91,1,33,124,180,196,36,46,140,92,82,23,127,7,0,45,132,26,176,193,109,20,170,166,38,139,63,118,48,194,31,142,15,9,143,67,32,72,163,81,51,50,190,10,165,113,156,71,44,138,37,94,173,18,25,119,11,59,80,100,30,134,148,4,97,58,158,43,34,122,181,68,123,6,149,60,54,151,133,187,39,107,105,14,13,172,12,89,75,125,174,53,135,183,69,159,164,189,28,155,73,99,106,167,49,112,179,161,102,86,110,88,101,52,104,17,145,56,21,108,192,40,169,85,29,154,116,177,27,185,111,96,171,141,98,114,64,79,47,55,76,5,186,199,83,153,150,24,95,137,175,62,120,3,168,191,162,146];True
2358;6936;9294;[34,198,174,190,109,118,6,193,172,132,130,22,12,7,182,2,66,157,103,105,74,188,87,37,94,0,167,61,45,138,178,147,78,128,42,120,3,121,162,126,143,160,91,1,33,124,180,196,36,85,104,17,82,23,189,81,112,93,19,26,176,46,9,49,170,95,38,139,65,20,51,50,21,48,146,4,84,67,32,72,163,25,70,41,142,117,77,113,156,71,191,144,184,8,173,18,86,110,101,59,80,100,30,134,148,11,97,58,54,151,149,165,181,68,123,44,131,158,62,195,119,43,39,107,55,14,13,111,52,89,75,129,15,135,53,183,69,159,164,90,28,155,73,99,106,136,115,152,35,161,102,137,133,76,122,116,16,125,145,140,92,108,192,40,169,194,29,154,60,177,27,185,127,96,171,141,98,114,64,79,179,47,88,5,186,199,83,153,166,24,150,10,187,175,57,197,168,31,56,63];True
2344;6950;9294;[34,198,174,190,109,118,6,193,172,132,130,22,12,43,129,2,66,157,103,105,74,188,87,37,94,165,119,61,45,138,178,147,78,128,42,120,3,121,162,126,143,160,91,1,33,124,180,196,36,85,104,17,82,23,189,81,112,93,19,26,176,46,9,49,170,95,38,139,65,20,51,50,21,48,146,4,84,67,32,72,163,25,70,41,142,117,57,113,156,71,191,144,184,8,173,18,86,110,101,59,80,100,30,134,148,11,97,58,54,151,7,0,181,68,123,44,131,158,62,195,167,149,39,107,55,14,13,111,52,89,75,182,15,135,53,183,69,159,164,90,28,155,73,99,106,136,115,152,35,161,102,137,133,76,122,116,16,125,145,140,92,108,192,40,169,194,29,154,60,177,27,185,127,96,171,141,98,114,64,79,179,47,88,5,186,199,83,153,166,24,150,10,187,175,77,197,168,31,56,63];True
2351;6944;9295;[34,198,174,190,109,118,6,193,172,132,130,22,12,7,182,2,66,157,103,105,74,188,87,37,94,0,167,61,45,138,178,147,78,128,42,120,3,121,162,126,143,160,91,1,33,124,180,196,36,85,104,17,82,23,189,81,112,93,19,26,176,46,9,49,170,95,38,139,65,20,51,50,21,48,146,4,84,67,32,72,163,25,70,41,142,117,11,113,156,71,191,144,184,8,173,18,86,110,101,59,80,100,30,134,148,77,97,58,54,151,149,165,181,68,123,44,131,158,62,195,119,43,39,107,55,14,13,111,52,89,75,129,15,135,53,183,69,159,164,90,28,155,73,99,106,136,115,152,35,161,102,137,133,76,122,116,16,125,145,140,92,108,192,40,169,194,29,154,60,177,27,185,127,96,171,141,98,114,64,79,179,47,88,5,186,199,83,153,166,24,150,10,187,175,57,197,168,31,56,63];True
2352;6943;9295;[34,198,174,190,109,118,6,193,172,132,130,22,12,7,182,2,66,157,103,105,74,188,87,37,94,0,167,61,45,138,178,147,78,128,42,120,3,121,162,126,143,160,91,1,33,124,180,196,36,85,104,17,82,23,189,81,112,93,19,26,176,46,9,49,170,95,38,139,65,20,51,50,21,48,146,4,84,67,32,72,163,25,70,41,142,117,77,113,156,71,191,144,184,8,173,18,137,110,101,59,80,100,30,134,148,11,97,58,54,151,149,165,181,68,123,44,131,158,62,195,119,43,39,107,55,14,13,111,52,89,75,129,15,135,53,183,69,159,164,90,28,155,73,99,106,136,115,152,35,161,102,86,133,76,122,116,16,125,145,140,92,108,192,40,169,194,29,154,60,177,27,185,127,96,171,141,98,114,64,79,179,47,88,5,186,199,83,153,166,24,150,10,187,175,57,197,168,31,56,63];True
2349;6949;9298;[34,198,174,190,109,118,6,193,172,132,130,22,12,7,182,2,66,157,103,105,74,188,87,37,94,0,167,61,45,138,178,147,78,128,42,120,3,121,162,126,143,160,91,1,33,124,180,196,36,85,104,17,82,23,189,81,112,93,19,26,176,46,9,49,170,95,38,139,65,20,51,50,21,48,146,4,84,67,32,72,163,25,70,41,142,117,77,113,156,71,191,144,184,8,173,18,86,110,101,59,80,100,30,134,148,11,97,58,54,151,149,165,181,68,123,44,131,158,62,195,119,43,175,107,55,14,13,111,52,89,75,129,15,135,53,183,69,159,164,90,28,155,73,99,106,136,115,152,35,161,102,137,133,76,122,116,16,125,145,140,92,108,192,40,169,194,29,154,60,177,27,185,127,96,171,141,98,114,64,79,179,47,88,5,186,199,83,153,166,24,150,10,187,39,57,197,168,31,56,63];True
2370;6935;9305;[34,198,174,190,109,118,6,193,172,132,130,22,12,7,129,2,66,157,103,105,74,188,87,37,94,0,167,61,45,138,178,147,78,128,42,120,3,121,162,126,143,160,91,1,33,124,180,196,36,85,104,17,82,23,189,81,112,93,19,26,176,46,9,49,170,95,38,139,65,20,51,50,21,48,146,4,84,67,32,72,163,25,70,41,142,117,77,113,156,71,191,144,184,8,173,18,86,110,101,59,80,100,30,134,148,11,97,58,54,151,149,165,181,68,123,44,131,158,62,195,119,43,39,107,55,14,13,111,52,89,75,182,15,135,53,183,69,159,164,90,28,155,73,99,106,136,115,152,35,161,102,137,133,76,122,116,16,125,145,140,92,108,192,40,169,194,29,154,60,177,27,185,127,96,171,141,98,114,64,79,179,47,88,5,186,199,83,153,166,24,150,10,187,175,57,197,168,31,56,63];True
2379;6932;9311;[34,198,174,190,109,118,6,193,172,132,130,22,12,7,182,2,66,157,103,105,74,188,87,37,94,0,167,61,45,138,178,147,78,128,42,120,3,121,162,126,143,160,91,1,33,124,180,196,36,85,104,17,82,23,189,81,112,93,19,26,176,46,9,49,170,95,38,139,65,20,51,50,21,48,146,4,84,67,32,72,163,25,70,41,142,117,57,113,156,71,191,144,184,8,173,18,86,110,101,59,80,100,30,134,148,11,97,58,54,151,149,165,181,68,123,44,131,158,62,195,119,43,39,107,55,14,13,111,52,89,75,129,15,135,53,183,69,159,164,90,28,155,73,99,106,136,115,152,35,161,102,137,133,76,122,116,16,125,145,140,92,108,192,40,169,194,29,154,60,177,27,185,127,96,171,141,98,114,64,79,179,47,88,5,186,199,83,153,166,24,150,10,187,175,77,197,168,31,56,63];True
1275;8039;9314;[61,195,129,70,19,87,121,178,2,198,130,84,77,152,93,147,66,157,103,90,74,188,144,184,115,117,182,78,136,65,41,22,131,128,42,57,197,8,16,126,35,160,91,1,33,124,180,196,36,46,140,92,82,23,127,7,0,45,132,26,176,193,109,20,170,166,38,139,63,118,48,194,31,142,15,9,143,67,32,72,163,81,51,50,190,10,165,113,156,71,44,138,37,94,173,18,25,119,11,59,80,100,30,134,148,4,97,58,158,43,34,122,181,68,123,6,149,60,54,151,133,187,39,107,105,14,13,172,12,89,75,125,174,135,53,183,69,159,164,189,28,155,73,99,106,167,49,112,17,161,102,86,110,88,101,52,104,179,145,56,21,108,192,40,169,85,29,154,116,177,27,185,111,96,171,141,98,114,64,79,47,55,76,5,186,199,83,153,150,24,95,137,175,62,120,3,168,191,162,146];True
1285;8036;9321;[61,195,129,70,19,87,121,178,2,142,130,84,77,152,93,147,66,157,103,90,74,188,144,184,115,117,182,78,136,65,41,22,131,128,42,57,197,8,16,126,35,160,91,1,33,124,180,196,36,46,140,92,82,23,127,7,0,45,132,26,176,193,109,20,170,166,38,139,63,118,48,194,31,198,15,9,143,67,32,72,163,81,51,50,190,10,165,113,156,71,44,138,37,94,173,18,25,119,11,59,80,100,30,134,148,4,97,58,158,43,34,122,181,68,123,6,149,60,54,151,133,187,39,107,105,14,13,172,12,89,75,125,174,135,53,183,69,159,164,189,28,155,73,99,106,167,49,112,17,161,102,86,110,88,101,52,104,179,145,56,21,108,192,40,169,85,29,154,116,177,27,185,111,96,171,141,98,114,64,79,47,55,76,5,186,199,83,153,150,24,95,137,175,62,120,3,168,191,162,146];True
2391;6930;9321;[34,198,174,190,109,118,6,193,172,132,130,22,12,7,182,2,66,157,103,105,74,188,87,37,94,0,167,61,45,138,178,147,78,128,42,120,3,121,162,126,143,160,91,1,33,124,180,196,36,85,104,17,82,23,189,81,112,93,19,26,176,46,9,49,170,95,38,139,65,20,51,50,21,155,146,4,84,67,32,72,163,25,70,41,142,117,77,113,156,71,191,144,184,8,173,18,86,110,101,59,80,100,30,134,148,11,97,58,54,151,149,165,181,68,123,44,131,158,62,195,119,43,39,107,55,14,13,111,52,89,75,129,15,135,53,183,69,159,164,90,28,48,73,99,106,136,115,152,35,161,102,137,133,76,122,116,16,125,145,140,92,108,192,40,169,194,29,154,60,177,27,185,127,96,171,141,98,114,64,79,179,47,88,5,186,199,83,153,166,24,150,10,187,175,57,197,168,31,56,63];True
1271;8052;9323;[61,195,129,70,19,87,121,178,2,198,130,84,77,152,93,147,66,157,103,90,74,188,144,184,115,117,182,78,136,65,41,22,131,128,42,57,197,8,16,126,35,160,91,1,33,124,180,196,36,46,140,92,82,23,127,7,0,45,132,26,176,193,109,20,170,166,38,139,63,118,48,194,31,142,15,9,143,67,32,72,163,81,51,50,190,10,165,113,156,71,44,138,37,94,173,18,25,119,11,59,80,100,30,134,148,4,97,58,158,43,34,122,181,68,123,6,149,60,54,151,133,187,39,107,105,14,13,172,12,89,75,125,174,53,135,183,69,159,164,189,28,155,73,99,106,167,49,112,17,161,102,86,110,88,101,52,104,179,145,56,21,108,192,40,169,85,29,154,116,177,27,185,111,96,171,141,98,114,64,79,47,55,76,5,186,199,83,153,150,24,95,137,175,62,120,3,168,191,162,146];True
2397;6928;9325;[34,198,174,190,109,118,6,193,172,132,130,22,12,43,129,2,66,157,103,105,74,188,87,37,94,165,167,61,45,138,178,147,78,128,42,120,3,121,162,126,143,160,91,1,33,124,180,196,36,85,104,17,82,23,189,81,112,93,19,26,176,46,9,49,170,95,38,139,65,20,51,50,21,48,146,4,84,67,32,72,163,25,70,41,142,117,77,113,156,71,191,144,184,8,173,18,86,110,101,59,80,100,30,134,148,7,97,58,54,151,119,0,181,68,123,44,131,158,62,195,11,149,39,107,55,14,13,111,52,89,75,182,15,135,53,183,69,159,164,90,28,155,73,99,106,136,115,152,35,161,102,137,133,76,122,116,16,125,145,140,92,108,192,40,169,194,29,154,60,177,27,185,127,96,171,141,98,114,64,79,179,47,88,5,186,199,83,153,166,24,150,10,187,175,57,197,168,31,56,63];True
2418;6924;9342;[34,198,174,190,109,118,6,193,172,132,130,22,12,43,129,2,66,157,103,105,74,188,87,37,94,165,167,61,45,138,178,147,78,128,42,120,3,121,162,126,143,160,91,1,33,124,180,196,36,85,104,17,82,23,189,81,112,93,19,26,176,46,9,49,170,95,38,139,65,20,51,50,21,48,146,4,84,67,32,72,163,25,70,41,142,117,57,113,156,71,191,144,184,8,173,18,86,110,101,59,80,100,30,134,148,7,97,58,54,151,119,0,181,68,123,44,131,158,62,195,11,149,39,107,55,14,13,111,52,89,75,182,15,135,53,183,69,159,164,90,28,155,73,99,106,136,115,152,35,161,102,137,133,76,122,116,16,125,145,140,92,108,192,40,169,194,29,154,60,177,27,185,127,96,171,141,98,114,64,79,179,47,88,5,186,199,83,153,166,24,150,10,187,175,77,197,168,31,56,63];True
2430;6922;9352;[34,198,174,190,109,118,6,193,172,132,130,22,12,43,129,2,66,157,103,105,74,188,87,37,94,165,167,61,45,138,178,147,78,128,42,120,3,121,162,126,143,160,91,1,33,124,180,196,36,85,104,17,82,23,189,81,112,93,19,26,176,46,9,49,170,95,38,139,65,20,51,50,21,155,146,4,84,67,32,72,163,25,70,41,142,117,77,113,156,71,191,144,184,8,173,18,86,110,101,59,80,100,30,134,148,7,97,58,54,151,119,0,181,68,123,44,131,158,62,195,11,149,39,107,55,14,13,111,52,89,75,182,15,135,53,183,69,159,164,90,28,48,73,99,106,136,115,152,35,161,102,137,133,76,122,116,16,125,145,140,92,108,192,40,169,194,29,154,60,177,27,185,127,96,171,141,98,114,64,79,179,47,88,5,186,199,83,153,166,24,150,10,187,175,57,197,168,31,56,63];True
2436;6920;9356;[34,198,174,190,109,125,6,193,172,132,130,22,12,7,129,2,66,157,103,105,74,188,87,37,94,0,167,61,45,138,178,147,78,128,42,120,3,121,162,126,143,160,91,1,33,124,180,196,36,85,104,17,82,23,189,81,112,93,19,26,176,46,9,49,170,95,38,139,65,20,51,50,21,48,146,4,84,67,32,72,163,25,70,41,142,117,77,113,156,71,191,144,184,8,173,18,86,110,101,59,80,100,30,134,148,11,97,58,54,151,149,165,181,68,123,16,131,158,62,195,119,43,39,107,55,14,13,111,52,89,75,182,15,135,53,183,69,159,164,90,28,155,73,99,106,136,115,152,35,161,102,137,133,76,122,116,44,118,145,140,92,108,192,40,169,194,29,154,60,177,27,185,127,96,171,141,98,114,64,79,179,47,88,5,186,199,83,153,166,24,150,10,187,175,57,197,168,31,56,63];True
2446;6918;9364;[34,198,174,190,109,118,6,193,172,132,130,22,12,7,182,2,66,157,103,105,74,188,87,37,94,0,167,61,45,138,178,147,78,128,42,120,3,121,162,126,143,160,91,1,33,124,180,196,36,85,104,17,82,23,189,81,112,93,19,26,176,46,9,49,170,95,38,139,65,20,51,50,21,48,146,4,84,67,32,72,163,25,70,41,142,117,77,113,156,71,191,144,184,8,173,18,86,110,101,59,80,100,30,134,148,11,97,58,54,151,149,165,181,68,123,16,131,158,62,195,119,43,39,107,55,14,13,111,52,89,75,129,15,135,53,183,69,159,164,90,28,155,73,99,106,136,115,152,35,161,102,137,133,76,122,116,44,125,145,140,92,108,192,40,169,194,29,154,60,177,27,185,127,96,171,141,98,114,64,79,179,47,88,5,186,199,83,153,166,24,150,10,187,175,57,197,168,31,56,63];True
2458;6917;9375;[34,198,174,190,109,118,6,193,172,132,130,22,12,7,129,2,66,157,103,105,74,188,87,37,94,0,167,61,45,138,178,147,78,128,42,120,3,121,162,126,143,160,91,1,33,124,180,196,36,85,104,17,82,23,189,81,112,93,19,26,176,46,9,49,170,95,38,139,65,20,51,50,21,48,146,4,84,67,32,72,163,25,70,41,142,117,77,113,156,71,191,144,184,8,173,18,86,110,101,59,80,100,30,134,148,11,97,58,54,151,149,165,181,68,123,16,131,158,62,195,119,43,39,107,55,14,13,111,52,89,75,182,15,135,53,183,69,159,164,90,28,155,73,99,106,136,115,152,35,161,102,137,133,76,122,116,44,125,145,140,92,108,192,40,169,194,29,154,60,177,27,185,127,96,171,141,98,114,64,79,179,47,88,5,186,199,83,153,166,24,150,10,187,175,57,197,168,31,56,63];True
2474;6915;9389;[34,198,174,190,109,118,6,193,172,132,130,22,12,43,129,2,66,157,103,105,74,188,87,37,94,165,167,61,45,138,178,147,78,128,42,120,3,121,162,126,143,160,91,1,33,124,180,196,36,85,104,17,82,23,189,81,112,93,19,26,176,46,9,49,170,95,38,139,65,20,51,50,21,48,146,4,84,67,32,72,163,25,70,41,142,117,77,113,156,71,191,144,184,8,173,18,86,110,101,59,80,100,30,134,148,83,97,58,54,151,119,0,181,68,123,44,131,158,62,195,11,149,39,107,55,14,13,111,52,89,75,182,15,135,53,183,69,159,164,90,28,155,73,99,106,136,115,152,35,161,102,137,133,76,122,116,16,125,145,140,92,108,192,40,169,194,29,154,60,177,27,185,127,96,171,141,98,114,64,79,179,47,88,5,186,199,7,153,166,24,150,10,187,175,57,197,168,31,56,63];True
2475;6914;9389;[34,198,174,190,109,118,6,193,172,132,130,22,12,43,129,2,66,157,103,105,74,188,87,37,94,165,167,61,45,138,178,147,78,128,42,120,3,121,162,126,143,160,91,1,33,124,180,196,36,85,104,17,82,23,189,81,112,93,19,26,176,46,9,49,170,95,38,139,65,20,51,50,21,155,146,4,84,67,32,72,163,25,70,41,142,117,77,113,156,71,191,144,184,8,173,18,86,110,101,59,80,100,30,134,148,11,97,58,54,151,119,0,181,68,123,44,131,158,62,195,7,182,39,107,55,14,13,111,52,89,75,149,15,135,53,183,69,159,164,90,28,48,73,99,106,136,115,152,35,161,102,137,133,76,122,116,16,125,145,140,92,108,192,40,169,194,29,154,60,177,27,185,127,96,171,141,98,114,64,79,179,47,88,5,186,199,83,153,166,24,150,10,187,175,57,197,168,31,56,63];True
2479;6913;9392;[34,198,174,190,109,118,6,193,172,132,130,22,12,7,129,2,66,157,103,105,74,188,87,37,94,0,167,61,45,138,178,147,78,128,42,120,3,121,162,126,143,160,91,1,33,124,180,196,36,85,104,17,82,23,189,81,112,93,19,26,176,46,9,49,170,95,38,139,65,20,51,50,21,48,146,4,84,67,32,72,163,25,70,41,142,117,57,113,156,71,191,144,184,8,173,18,86,110,101,59,80,100,30,134,148,11,97,58,54,151,149,165,181,68,123,16,131,158,62,195,119,43,39,107,55,14,13,111,52,89,75,182,15,135,53,183,69,159,164,90,28,155,73,99,106,136,115,152,35,161,102,137,133,76,122,116,44,125,145,140,92,108,192,40,169,194,29,154,60,177,27,185,127,96,171,141,98,114,64,79,179,47,88,5,186,199,83,153,166,24,150,10,187,175,77,197,168,31,56,63];True
2491;6911;9402;[34,198,174,190,109,118,6,193,172,132,130,22,12,7,129,2,66,157,103,105,74,188,87,37,94,0,167,61,45,138,178,147,78,128,42,120,3,121,162,126,143,160,91,1,33,124,180,196,36,85,104,17,82,23,189,81,112,93,19,26,176,46,9,49,170,95,38,139,65,20,51,50,21,155,146,4,84,67,32,72,163,25,70,41,142,117,77,113,156,71,191,144,184,8,173,18,86,110,101,59,80,100,30,134,148,11,97,58,54,151,149,165,181,68,123,16,131,158,62,195,119,43,39,107,55,14,13,111,52,89,75,182,15,135,53,183,69,159,164,90,28,48,73,99,106,136,115,152,35,161,102,137,133,76,122,116,44,125,145,140,92,108,192,40,169,194,29,154,60,177,27,185,127,96,171,141,98,114,64,79,179,47,88,5,186,199,83,153,166,24,150,10,187,175,57,197,168,31,56,63];True
2497;6908;9405;[198,174,90,41,127,60,42,119,26,161,115,152,49,54,197,168,74,37,94,118,124,44,34,4,106,196,167,15,156,21,73,82,131,110,181,68,123,45,138,126,143,160,173,18,199,12,7,136,89,46,180,108,84,122,24,23,77,57,186,170,176,72,154,172,59,11,182,139,135,191,48,194,56,92,147,67,32,61,40,165,193,9,33,16,91,88,70,71,162,20,188,144,184,35,157,78,128,101,86,76,80,100,30,134,27,195,97,58,151,175,6,1,117,2,169,142,137,158,62,120,3,95,149,107,55,14,13,111,112,148,83,129,25,116,103,105,69,159,38,150,140,99,155,50,164,178,192,10,66,145,102,185,171,0,85,104,17,53,183,146,63,31,29,65,125,190,109,130,5,39,113,43,187,179,96,141,98,114,64,79,177,47,132,75,163,133,81,153,166,189,28,8,36,22,52,93,19,87,121,51];True
2511;6901;9412;[198,174,90,41,127,60,42,119,26,161,115,152,49,54,197,168,74,37,94,118,124,44,34,108,106,196,167,15,156,21,73,82,131,110,181,68,123,45,138,126,143,160,173,18,199,12,7,136,89,46,180,4,84,122,24,23,77,57,186,170,176,72,154,172,59,11,182,139,135,191,48,194,56,92,147,67,32,61,40,165,193,9,33,16,91,88,70,71,162,20,188,144,184,35,157,78,128,101,86,76,80,100,30,134,27,195,97,58,151,175,6,1,117,2,169,142,137,158,62,120,3,95,149,107,55,14,13,111,112,148,83,129,25,116,103,105,69,159,38,150,140,99,155,50,164,178,192,10,66,145,102,185,171,0,85,104,17,53,183,146,63,31,29,65,125,190,109,130,5,39,113,43,187,179,96,141,98,114,64,79,177,47,132,75,163,133,81,153,166,189,28,8,36,22,52,93,19,87,121,51];True
2525;6895;9420;[198,174,90,41,127,60,42,119,26,161,115,152,49,54,197,168,74,37,94,118,124,44,34,108,106,196,167,15,156,21,73,82,131,110,181,68,123,45,138,126,143,160,173,18,199,12,7,136,89,46,180,4,84,122,24,23,77,57,186,170,176,72,154,172,59,11,182,139,135,191,48,194,56,92,147,67,32,61,38,165,193,9,33,16,91,88,70,71,162,20,188,144,184,35,157,78,128,101,86,76,80,100,30,134,27,195,97,58,151,175,6,1,117,2,169,142,137,158,62,120,3,95,149,107,55,14,13,111,112,148,83,129,25,116,103,105,69,159,40,150,140,99,155,50,164,178,192,10,66,145,102,185,171,0,85,104,17,53,183,146,63,31,29,65,125,190,109,130,5,39,113,43,187,179,96,141,98,114,64,79,177,47,132,75,163,133,81,153,166,189,28,8,36,22,52,93,19,87,121,51];True
2542;6890;9432;[198,174,90,41,127,60,42,47,26,161,115,152,49,54,197,168,74,37,94,118,124,44,34,4,106,196,167,15,156,21,73,82,131,110,181,68,123,45,138,126,143,160,173,18,199,12,7,136,89,46,180,108,84,122,24,23,77,57,186,170,176,72,154,172,59,11,182,139,135,191,48,194,56,92,147,67,32,61,40,165,193,9,33,16,91,88,70,71,162,20,188,144,184,35,157,78,128,101,86,76,80,100,30,134,27,195,97,58,151,175,6,1,117,2,169,142,137,158,62,120,3,95,149,107,55,14,13,111,112,148,83,129,25,116,103,105,69,159,38,150,140,99,155,50,164,178,192,10,66,145,102,185,171,0,85,104,17,53,183,146,63,31,29,65,125,190,109,130,5,39,113,43,187,179,96,177,98,114,64,79,141,119,132,75,163,133,81,153,166,189,28,8,36,22,52,93,19,87,121,51];True
2550;6889;9439;[198,174,90,41,127,60,42,47,26,161,115,152,49,54,197,168,74,37,94,118,124,44,34,4,106,196,167,15,156,21,73,82,131,110,181,68,123,45,138,126,143,160,173,18,199,12,7,136,89,46,180,108,84,122,24,23,77,57,186,170,176,72,154,172,59,11,182,139,135,191,48,194,56,92,147,67,32,61,40,165,193,9,33,16,91,88,70,71,162,20,188,144,184,35,157,78,128,101,86,76,80,100,30,134,27,195,97,58,151,175,6,1,117,2,169,142,137,158,62,120,3,95,149,107,55,14,13,111,112,148,83,129,25,116,103,105,69,159,38,150,140,99,155,50,164,178,192,10,66,145,102,185,171,0,85,104,17,53,183,146,63,31,29,65,125,190,109,130,5,39,113,43,187,179,96,141,98,114,64,79,177,119,132,75,163,133,81,153,166,189,28,8,36,22,52,93,19,87,121,51];True
2556;6883;9439;[198,174,90,41,127,60,42,47,26,161,115,152,49,54,197,168,74,37,94,118,124,44,34,108,106,196,167,15,156,21,73,82,131,110,181,68,123,45,138,126,143,160,173,18,199,12,7,136,89,46,180,4,84,122,24,23,77,57,186,170,176,72,154,172,59,11,182,139,135,191,48,194,56,92,147,67,32,61,40,165,193,9,33,16,91,88,70,71,162,20,188,144,184,35,157,78,128,101,86,76,80,100,30,134,27,195,97,58,151,175,6,1,117,2,169,142,137,158,62,120,3,95,149,107,55,14,13,111,112,148,83,129,25,116,103,105,69,159,38,150,140,99,155,50,164,178,192,10,66,145,102,185,171,0,85,104,17,53,183,146,63,31,29,65,125,190,109,130,5,39,113,43,187,179,96,177,98,114,64,79,141,119,132,75,163,133,81,153,166,189,28,8,36,22,52,93,19,87,121,51];True
2564;6882;9446;[198,174,90,41,127,60,42,47,26,161,115,152,49,54,197,168,74,37,94,118,124,44,34,108,106,196,167,15,156,21,73,82,131,110,181,68,123,45,138,126,143,160,173,18,199,12,7,136,89,46,180,4,84,122,24,23,77,57,186,170,176,72,154,172,59,11,182,139,135,191,48,194,56,92,147,67,32,61,40,165,193,9,33,16,91,88,70,71,162,20,188,144,184,35,157,78,128,101,86,76,80,100,30,134,27,195,97,58,151,175,6,1,117,2,169,142,137,158,62,120,3,95,149,107,55,14,13,111,112,148,83,129,25,116,103,105,69,159,38,150,140,99,155,50,164,178,192,10,66,145,102,185,171,0,85,104,17,53,183,146,63,31,29,65,125,190,109,130,5,39,113,43,187,179,96,141,98,114,64,79,177,119,132,75,163,133,81,153,166,189,28,8,36,22,52,93,19,87,121,51];True
2570;6877;9447;[198,174,90,41,127,60,42,47,26,161,115,152,49,54,197,168,74,37,94,118,124,44,34,108,106,196,167,15,156,21,73,82,131,110,181,68,123,45,138,126,143,160,173,18,199,12,7,136,89,46,180,4,84,122,24,23,77,57,186,170,176,72,154,172,59,11,182,139,135,191,48,194,56,92,147,67,32,61,38,165,193,9,33,16,91,88,70,71,162,20,188,144,184,35,157,78,128,101,86,76,80,100,30,134,27,195,97,58,151,175,6,1,117,2,169,142,137,158,62,120,3,95,149,107,55,14,13,111,112,148,83,129,25,116,103,105,69,159,40,150,140,99,155,50,164,178,192,10,66,145,102,185,171,0,85,104,17,53,183,146,63,31,29,65,125,190,109,130,5,39,113,43,187,179,96,177,98,114,64,79,141,119,132,75,163,133,81,153,166,189,28,8,36,22,52,93,19,87,121,51];True
2578;6876;9454;[198,174,90,41,127,60,42,47,26,161,115,152,49,54,197,168,74,37,94,118,124,44,34,108,106,196,167,15,156,21,73,82,131,110,181,68,123,45,138,126,143,160,173,18,199,12,7,136,89,46,180,4,84,122,24,23,77,57,186,170,176,72,154,172,59,11,182,139,135,191,48,194,56,92,147,67,32,61,38,165,193,9,33,16,91,88,70,71,162,20,188,144,184,35,157,78,128,101,86,76,80,100,30,134,27,195,97,58,151,175,6,1,117,2,169,142,137,158,62,120,3,95,149,107,55,14,13,111,112,148,83,129,25,116,103,105,69,159,40,150,140,99,155,50,164,178,192,10,66,145,102,185,171,0,85,104,17,53,183,146,63,31,29,65,125,190,109,130,5,39,113,43,187,179,96,141,98,114,64,79,177,119,132,75,163,133,81,153,166,189,28,8,36,22,52,93,19,87,121,51];True
2588;6874;9462;[198,174,90,41,127,60,42,47,26,161,115,152,49,54,197,168,74,37,94,118,124,44,34,108,106,196,167,15,156,21,73,82,131,110,181,68,123,45,138,126,143,160,173,18,199,12,7,136,89,46,180,4,84,122,24,23,77,57,186,170,176,72,154,172,59,11,182,139,135,191,48,194,56,92,147,67,32,61,19,165,193,9,33,16,91,88,70,71,162,20,188,144,184,35,157,78,128,101,86,76,80,100,30,134,27,195,97,58,151,175,6,1,117,2,169,142,137,158,62,120,3,95,149,107,55,14,13,111,112,148,83,129,25,116,103,105,69,159,40,150,140,99,155,50,164,178,192,10,66,145,102,185,171,0,85,104,17,53,183,146,63,31,29,65,125,190,109,130,5,39,113,43,187,179,96,177,98,114,64,79,141,119,132,75,163,133,81,153,166,189,28,8,36,22,52,93,38,87,121,51];True
2590;6872;9462;[198,174,90,41,127,60,177,47,26,161,115,152,49,54,197,168,74,37,94,118,124,44,34,108,106,196,167,15,156,21,73,82,131,110,181,68,123,45,138,126,143,160,173,18,199,12,7,136,89,46,180,4,84,122,24,23,77,57,186,170,176,72,154,172,59,11,182,139,135,191,48,194,56,92,147,67,32,61,40,165,193,9,33,16,91,88,70,71,162,20,188,144,184,35,157,78,128,101,86,76,80,100,30,134,27,195,97,58,151,175,6,1,117,2,169,142,137,158,62,120,3,95,149,107,55,14,13,111,112,148,83,129,25,116,103,105,69,159,38,150,140,99,155,50,164,178,192,10,66,145,102,185,171,0,85,104,17,53,183,146,63,31,29,65,125,190,109,130,5,39,113,43,187,179,96,141,98,114,64,79,42,119,132,75,163,133,81,153,166,189,28,8,36,22,52,93,19,87,121,51];True
2604;6866;9470;[198,174,90,41,127,60,42,119,26,161,115,152,49,54,197,168,74,37,94,118,124,44,34,108,106,196,167,15,156,21,73,82,131,110,181,68,123,45,138,126,143,160,173,18,199,12,7,136,89,46,180,4,84,122,24,23,77,57,186,170,176,72,154,172,59,11,182,139,135,191,48,194,56,92,147,67,32,61,40,165,193,9,33,16,91,88,70,71,162,20,188,144,184,35,157,78,128,101,86,76,80,100,30,134,27,195,97,58,151,175,6,1,117,2,169,142,137,158,62,120,3,95,149,107,55,14,13,111,52,148,83,129,25,116,103,105,69,159,38,150,140,99,155,50,164,178,192,10,66,145,102,185,171,0,85,104,17,53,183,146,63,31,29,65,125,190,109,130,5,39,113,43,187,179,96,141,98,114,64,79,177,47,132,75,163,133,81,153,166,189,28,8,36,22,112,93,19,87,121,51];True
2602;6871;9473;[198,174,90,41,127,60,42,47,26,161,115,152,49,54,197,168,74,37,94,118,124,44,34,108,106,196,167,15,156,21,73,82,131,110,181,68,123,45,138,126,143,160,173,18,199,12,7,136,89,46,180,4,84,122,24,23,77,57,186,170,176,72,154,172,59,11,182,139,135,191,48,194,56,92,147,67,32,61,38,165,193,9,33,16,91,88,70,71,162,20,188,144,184,35,157,78,128,101,86,76,80,100,30,134,27,195,97,58,151,175,6,1,117,2,169,142,163,158,62,120,3,95,149,107,55,14,13,111,112,148,83,129,25,116,103,105,69,159,40,150,140,99,155,50,164,178,192,10,66,145,102,185,171,0,85,104,17,53,183,146,63,31,29,65,125,190,109,130,5,39,113,43,187,179,96,141,98,114,64,79,177,119,132,75,137,133,81,153,166,189,28,8,36,22,52,93,19,87,121,51];True
2618;6860;9478;[198,174,90,41,127,60,42,119,26,161,115,152,49,54,197,168,74,37,94,118,124,44,34,108,106,196,167,15,156,21,73,82,131,110,181,68,123,45,138,126,143,160,173,18,199,12,7,136,89,46,180,4,84,122,24,23,77,57,186,170,176,72,154,172,59,11,182,139,135,191,48,194,56,92,147,67,32,61,38,165,193,9,33,16,91,88,70,71,162,20,188,144,184,35,157,78,128,101,86,76,80,100,30,134,27,195,97,58,151,175,6,1,117,2,169,142,137,158,62,120,3,95,149,107,55,14,13,111,52,148,83,129,25,116,103,105,69,159,40,150,140,99,155,50,164,178,192,10,66,145,102,185,171,0,85,104,17,53,183,146,63,31,29,65,125,190,109,130,5,39,113,43,187,179,96,141,98,114,64,79,177,47,132,75,163,133,81,153,166,189,28,8,36,22,112,93,19,87,121,51];True
2635;6855;9490;[198,174,90,41,127,60,42,47,26,161,115,152,49,54,197,168,74,37,94,118,124,44,34,4,106,196,167,15,156,21,73,82,131,110,181,68,123,45,138,126,143,160,173,18,199,12,7,136,89,46,180,108,84,122,24,23,77,57,186,170,176,72,154,172,59,11,182,139,135,191,48,194,56,92,147,67,32,61,40,165,193,9,33,16,91,88,70,71,162,20,188,144,184,35,157,78,128,101,86,76,80,100,30,134,27,195,97,58,151,175,6,1,117,2,169,142,137,158,62,120,3,95,149,107,55,14,13,111,52,148,83,129,25,116,103,105,69,159,38,150,140,99,155,50,164,178,192,10,66,145,102,185,171,0,85,104,17,53,183,146,63,31,29,65,125,190,109,130,5,39,113,43,187,179,96,177,98,114,64,79,141,119,132,75,163,133,81,153,166,189,28,8,36,22,112,93,19,87,121,51];True
2649;6848;9497;[198,174,90,41,127,60,42,47,26,161,115,152,49,54,197,168,74,37,94,118,124,44,34,108,106,196,167,15,156,21,73,82,131,110,181,68,123,45,138,126,143,160,173,18,199,12,7,136,89,46,180,4,84,122,24,23,77,57,186,170,176,72,154,172,59,11,182,139,135,191,48,194,56,92,147,67,32,61,40,165,193,9,33,16,91,88,70,71,162,20,188,144,184,35,157,78,128,101,86,76,80,100,30,134,27,195,97,58,151,175,6,1,117,2,169,142,137,158,62,120,3,95,149,107,55,14,13,111,52,148,83,129,25,116,103,105,69,159,38,150,140,99,155,50,164,178,192,10,66,145,102,185,171,0,85,104,17,53,183,146,63,31,29,65,125,190,109,130,5,39,113,43,187,179,96,177,98,114,64,79,141,119,132,75,163,133,81,153,166,189,28,8,36,22,112,93,19,87,121,51];True
2643;6854;9497;[198,174,90,41,127,60,42,47,26,161,115,152,49,54,197,168,74,37,94,118,124,44,34,4,106,196,167,15,156,21,73,82,131,110,181,68,123,45,138,126,143,160,173,18,199,12,7,136,89,46,180,108,84,122,24,23,77,57,186,170,176,72,154,172,59,11,182,139,135,191,48,194,56,92,147,67,32,61,40,165,193,9,33,16,91,88,70,71,162,20,188,144,184,35,157,78,128,101,86,76,80,100,30,134,27,195,97,58,151,175,6,1,117,2,169,142,137,158,62,120,3,95,149,107,55,14,13,111,52,148,83,129,25,116,103,105,69,159,38,150,140,99,155,50,164,178,192,10,66,145,102,185,171,0,85,104,17,53,183,146,63,31,29,65,125,190,109,130,5,39,113,43,187,179,96,141,98,114,64,79,177,119,132,75,163,133,81,153,166,189,28,8,36,22,112,93,19,87,121,51];True
2657;6847;9504;[198,174,90,41,127,60,42,47,26,161,115,152,49,54,197,168,74,37,94,118,124,44,34,108,106,196,167,15,156,21,73,82,131,110,181,68,123,45,138,126,143,160,173,18,199,12,7,136,89,46,180,4,84,122,24,23,77,57,186,170,176,72,154,172,59,11,182,139,135,191,48,194,56,92,147,67,32,61,40,165,193,9,33,16,91,88,70,71,162,20,188,144,184,35,157,78,128,101,86,76,80,100,30,134,27,195,97,58,151,175,6,1,117,2,169,142,137,158,62,120,3,95,149,107,55,14,13,111,52,148,83,129,25,116,103,105,69,159,38,150,140,99,155,50,164,178,192,10,66,145,102,185,171,0,85,104,17,53,183,146,63,31,29,65,125,190,109,130,5,39,113,43,187,179,96,141,98,114,64,79,177,119,132,75,163,133,81,153,166,189,28,8,36,22,112,93,19,87,121,51];True
2663;6842;9505;[198,174,90,41,127,60,42,47,26,161,115,152,49,54,197,168,74,37,94,118,124,44,34,108,106,196,167,15,156,21,73,82,131,110,181,68,123,45,138,126,143,160,173,18,199,12,7,136,89,46,180,4,84,122,24,23,77,57,186,170,176,72,154,172,59,11,182,139,135,191,48,194,56,92,147,67,32,61,38,165,193,9,33,16,91,88,70,71,162,20,188,144,184,35,157,78,128,101,86,76,80,100,30,134,27,195,97,58,151,175,6,1,117,2,169,142,137,158,62,120,3,95,149,107,55,14,13,111,52,148,83,129,25,116,103,105,69,159,40,150,140,99,155,50,164,178,192,10,66,145,102,185,171,0,85,104,17,53,183,146,63,31,29,65,125,190,109,130,5,39,113,43,187,179,96,177,98,114,64,79,141,119,132,75,163,133,81,153,166,189,28,8,36,22,112,93,19,87,121,51];True
2671;6841;9512;[198,174,90,41,127,60,42,47,26,161,115,152,49,54,197,168,74,37,94,118,124,44,34,108,106,196,167,15,156,21,73,82,131,110,181,68,123,45,138,126,143,160,173,18,199,12,7,136,89,46,180,4,84,122,24,23,77,57,186,170,176,72,154,172,59,11,182,139,135,191,48,194,56,92,147,67,32,61,38,165,193,9,33,16,91,88,70,71,162,20,188,144,184,35,157,78,128,101,86,76,80,100,30,134,27,195,97,58,151,175,6,1,117,2,169,142,137,158,62,120,3,95,149,107,55,14,13,111,52,148,83,129,25,116,103,105,69,159,40,150,140,99,155,50,164,178,192,10,66,145,102,185,171,0,85,104,17,53,183,146,63,31,29,65,125,190,109,130,5,39,113,43,187,179,96,141,98,114,64,79,177,119,132,75,163,133,81,153,166,189,28,8,36,22,112,93,19,87,121,51];True
2683;6837;9520;[198,174,90,41,127,60,177,47,26,161,115,152,49,54,197,168,74,37,94,118,124,44,34,108,106,196,167,15,156,21,73,82,131,110,181,68,123,45,138,126,143,160,173,18,199,12,7,136,89,46,180,4,84,122,24,23,77,57,186,170,176,72,154,172,59,11,182,139,135,191,48,194,56,92,147,67,32,61,40,165,193,9,33,16,91,88,70,71,162,20,188,144,184,35,157,78,128,101,86,76,80,100,30,134,27,195,97,58,151,175,6,1,117,2,169,142,137,158,62,120,3,95,149,107,55,14,13,111,52,148,83,129,25,116,103,105,69,159,38,150,140,99,155,50,164,178,192,10,66,145,102,185,171,0,85,104,17,53,183,146,63,31,29,65,125,190,109,130,5,39,113,43,187,179,96,141,98,114,64,79,42,119,132,75,163,133,81,153,166,189,28,8,36,22,112,93,19,87,121,51];True
2681;6839;9520;[198,174,90,41,127,60,42,47,26,161,115,152,49,54,197,168,74,37,94,118,124,44,34,108,106,196,167,15,156,21,73,82,131,110,181,68,123,45,138,126,143,160,173,18,199,12,7,136,89,46,180,4,84,122,24,23,77,57,186,170,176,72,154,172,59,11,182,139,135,191,48,194,56,92,147,67,32,61,19,165,193,9,33,16,91,88,70,71,162,20,188,144,184,35,157,78,128,101,86,76,80,100,30,134,27,195,97,58,151,175,6,1,117,2,169,142,137,158,62,120,3,95,149,107,55,14,13,111,52,148,83,129,25,116,103,105,69,159,40,150,140,99,155,50,164,178,192,10,66,145,102,185,171,0,85,104,17,53,183,146,63,31,29,65,125,190,109,130,5,39,113,43,187,179,96,177,98,114,64,79,141,119,132,75,163,133,81,153,166,189,28,8,36,22,112,93,38,87,121,51];True
2697;6831;9528;[198,174,90,41,127,60,177,47,26,161,115,152,49,54,197,168,74,37,94,118,124,44,34,108,106,196,167,15,156,21,73,82,131,110,181,68,123,45,138,126,143,160,173,18,199,12,7,136,89,46,180,4,84,122,24,23,77,57,186,170,176,72,154,172,59,11,182,139,135,191,48,194,56,92,147,67,32,61,38,165,193,9,33,16,91,88,70,71,162,20,188,144,184,35,157,78,128,101,86,76,80,100,30,134,27,195,97,58,151,175,6,1,117,2,169,142,137,158,62,120,3,95,149,107,55,14,13,111,52,148,83,129,25,116,103,105,69,159,40,150,140,99,155,50,164,178,192,10,66,145,102,185,171,0,85,104,17,53,183,146,63,31,29,65,125,190,109,130,5,39,113,43,187,179,96,141,98,114,64,79,42,119,132,75,163,133,81,153,166,189,28,8,36,22,112,93,19,87,121,51];True
2695;6836;9531;[198,174,90,41,127,60,42,47,26,161,115,152,49,54,197,168,74,37,94,118,124,44,34,108,106,196,167,15,156,21,73,82,131,110,181,68,123,45,138,126,143,160,173,18,199,12,7,136,89,46,180,4,84,122,24,23,77,57,186,170,176,72,154,172,59,11,182,139,135,191,48,194,56,92,147,67,32,61,38,165,193,9,33,16,91,88,70,71,162,20,188,144,184,35,157,78,128,101,86,76,80,100,30,134,27,195,97,58,151,175,6,1,117,2,169,142,163,158,62,120,3,95,149,107,55,14,13,111,52,148,83,129,25,116,103,105,69,159,40,150,140,99,155,50,164,178,192,10,66,145,102,185,171,0,85,104,17,53,183,146,63,31,29,65,125,190,109,130,5,39,113,43,187,179,96,141,98,114,64,79,177,119,132,75,137,133,81,153,166,189,28,8,36,22,112,93,19,87,121,51];True
2712;6829;9541;[198,174,90,41,127,60,42,47,26,161,115,152,49,54,197,168,74,37,94,118,124,44,34,108,106,196,167,15,156,21,73,82,131,110,181,68,123,45,138,126,143,160,173,18,199,12,7,136,89,46,164,4,84,122,24,23,77,57,186,170,176,72,154,172,59,11,182,139,135,191,48,194,56,92,147,67,32,61,38,165,193,9,33,16,91,88,70,71,162,20,188,144,184,35,157,78,128,101,86,76,80,100,30,134,27,195,97,58,151,175,6,1,117,2,169,142,137,158,62,120,3,95,149,107,55,14,13,111,52,148,83,129,25,116,103,105,69,159,40,150,140,99,155,50,180,178,192,10,66,145,102,185,171,0,85,104,17,53,183,146,63,31,29,65,125,190,109,130,5,39,113,43,187,179,96,177,98,114,64,79,141,119,132,75,163,133,81,153,166,189,28,8,36,22,112,93,19,87,121,51];True
2715;6828;9543;[198,174,90,41,127,60,177,47,26,161,115,152,49,54,197,168,74,37,94,118,124,44,34,108,106,196,167,15,156,21,73,82,131,110,181,68,123,45,138,126,143,160,173,18,199,12,7,136,89,46,180,4,84,122,24,23,77,57,186,170,176,72,154,172,59,11,182,139,135,191,48,194,56,92,147,67,32,61,19,165,193,9,33,16,91,88,70,71,162,20,188,144,184,35,157,78,128,101,86,76,80,100,30,134,27,195,97,58,151,175,6,1,117,2,169,142,137,158,62,120,3,95,149,107,55,14,13,111,52,148,83,129,25,116,103,105,69,159,40,150,140,99,155,50,164,178,192,10,66,145,102,185,171,0,85,104,17,53,183,146,63,31,29,65,125,190,109,130,5,39,113,43,187,179,96,141,98,114,64,79,42,119,132,75,163,133,81,153,166,189,28,8,36,22,112,93,38,87,121,51];True
2721;6825;9546;[198,155,90,41,127,60,42,47,26,161,115,152,49,54,197,168,74,37,94,118,124,44,34,108,174,196,167,15,156,21,73,82,131,110,181,68,123,45,138,126,143,160,173,18,199,12,7,136,89,46,164,4,84,122,24,23,77,57,186,170,176,72,154,172,59,11,182,139,135,191,48,50,56,92,147,67,32,61,38,165,193,9,33,16,91,88,70,71,162,20,188,144,184,35,157,78,128,101,86,76,80,100,30,134,27,195,97,58,151,175,6,1,117,2,169,142,137,158,62,120,3,95,149,107,55,14,13,111,112,148,83,129,25,116,103,105,69,159,40,150,140,99,106,194,180,178,192,10,66,145,102,185,171,0,85,104,17,53,183,146,63,31,29,65,125,190,109,130,5,39,113,43,187,179,96,177,98,114,64,79,141,119,132,75,163,133,81,153,166,189,28,8,36,22,52,93,19,87,121,51];True
2729;6824;9553;[198,155,90,41,127,60,42,47,26,161,115,152,49,54,197,168,74,37,94,118,124,44,34,108,174,196,167,15,156,21,73,82,131,110,181,68,123,45,138,126,143,160,173,18,199,12,7,136,89,46,164,4,84,122,24,23,77,57,186,170,176,72,154,172,59,11,182,139,135,191,48,50,56,92,147,67,32,61,38,165,193,9,33,16,91,88,70,71,162,20,188,144,184,35,157,78,128,101,86,76,80,100,30,134,27,195,97,58,151,175,6,1,117,2,169,142,137,158,62,120,3,95,149,107,55,14,13,111,112,148,83,129,25,116,103,105,69,159,40,150,140,99,106,194,180,178,192,10,66,145,102,185,171,0,85,104,17,53,183,146,63,31,29,65,125,190,109,130,5,39,113,43,187,179,96,141,98,114,64,79,177,119,132,75,163,133,81,153,166,189,28,8,36,22,52,93,19,87,121,51];True
2732;6822;9554;[198,174,90,41,127,60,177,47,26,161,115,152,49,54,197,168,74,37,94,118,124,44,34,108,106,196,167,15,156,21,73,82,131,110,181,68,123,45,138,126,143,160,173,18,199,12,7,136,89,46,180,4,84,122,24,23,77,57,186,170,176,72,154,172,59,11,182,139,135,191,48,194,56,92,147,67,32,61,38,165,193,9,33,16,91,88,70,71,162,20,188,144,184,35,157,78,128,101,86,76,80,100,30,134,27,2,97,58,151,175,6,1,117,195,169,142,137,158,62,120,3,95,149,107,55,14,13,111,52,148,83,129,25,116,103,105,69,159,40,150,140,99,155,50,164,178,192,10,66,145,102,185,171,0,85,104,17,53,183,146,63,31,29,65,125,190,109,130,5,39,113,43,187,179,96,141,98,114,64,79,42,119,132,75,163,133,81,153,166,189,28,8,36,22,112,93,19,87,121,51];True
2738;6819;9557;[198,155,90,41,127,60,42,119,26,161,115,152,49,54,197,168,74,37,94,118,124,44,34,108,174,196,167,15,156,21,73,82,131,110,181,68,123,45,138,126,143,160,173,18,199,12,7,136,89,46,164,4,84,122,25,23,77,57,186,170,176,72,154,172,59,11,182,139,135,191,48,50,56,92,147,67,32,61,38,165,193,9,33,16,91,88,70,71,162,20,188,144,184,35,157,78,128,101,86,76,80,100,30,134,27,195,97,58,151,175,6,1,117,2,169,142,137,158,62,120,3,95,149,107,55,14,13,111,112,148,83,129,24,150,103,140,69,159,40,116,105,99,106,194,180,178,192,10,66,145,102,185,171,0,85,104,17,53,183,146,63,31,29,65,125,190,109,130,5,39,113,43,187,179,96,141,98,114,64,79,177,47,132,75,163,133,81,153,166,189,28,8,36,22,52,93,19,87,121,51];True
2746;6818;9564;[198,174,90,41,127,60,177,47,26,161,115,152,49,54,197,168,74,37,94,118,124,44,34,108,106,196,167,15,156,21,73,82,131,110,181,68,123,45,138,126,143,160,173,18,199,12,7,136,89,46,164,4,84,122,24,23,77,57,186,170,176,72,154,172,59,11,182,139,135,191,48,194,56,92,147,67,32,61,38,165,193,9,33,16,91,88,70,71,162,20,188,144,184,35,157,78,128,101,86,76,80,100,30,134,27,195,97,58,151,175,6,1,117,2,169,142,137,158,62,120,3,95,149,107,55,14,13,111,52,148,83,129,25,116,103,105,69,159,40,150,140,99,155,50,180,178,192,10,66,145,102,185,171,0,85,104,17,53,183,146,63,31,29,65,125,190,109,130,5,39,113,43,187,179,96,141,98,114,64,79,42,119,132,75,163,133,81,153,166,189,28,8,36,22,112,93,19,87,121,51];True
2751;6817;9568;[198,174,90,41,127,60,177,47,26,161,115,152,49,54,197,168,74,37,94,118,124,44,34,108,106,196,167,15,156,21,73,82,131,110,181,68,123,45,138,126,143,160,173,18,199,12,7,136,89,46,180,4,84,122,24,23,77,57,186,170,176,72,154,172,59,11,182,139,135,191,48,194,56,92,147,67,32,61,38,165,193,9,33,16,91,88,70,71,162,20,188,144,184,35,157,78,128,101,86,76,80,100,30,134,27,195,97,58,151,175,6,1,117,2,169,142,137,158,62,120,3,95,149,107,55,14,13,111,52,148,83,129,25,116,103,105,69,159,40,150,140,99,155,50,164,178,192,109,66,145,102,185,171,0,85,104,17,53,183,146,63,31,29,65,125,190,10,130,5,39,113,43,187,179,96,141,98,114,64,79,42,119,132,75,163,133,81,153,166,189,28,8,36,22,112,93,19,87,121,51];True
2755;6814;9569;[198,155,90,41,127,60,42,119,26,161,115,152,49,54,197,168,74,37,94,118,124,44,34,108,174,196,167,15,156,21,73,82,131,110,181,68,123,45,138,126,143,160,173,18,199,12,7,136,89,46,164,4,84,122,24,23,77,57,186,170,176,72,154,172,59,11,182,139,135,191,48,50,56,92,147,67,32,61,40,165,193,9,33,16,91,88,70,71,162,20,188,144,184,35,157,78,128,101,86,76,80,100,30,134,27,195,97,58,151,175,6,1,117,2,169,142,137,158,62,120,3,95,149,107,55,14,13,111,52,148,83,129,25,116,103,105,69,159,38,150,140,99,106,194,180,178,192,10,66,145,102,185,171,0,85,104,17,53,183,146,63,31,29,65,125,190,109,130,5,39,113,43,187,179,96,141,98,114,64,79,177,47,132,75,163,133,81,153,166,189,28,8,36,22,112,93,19,87,121,51];True
2769;6808;9577;[198,155,90,41,127,60,42,119,26,161,115,152,49,54,197,168,74,37,94,118,124,44,34,108,174,196,167,15,156,21,73,82,131,110,181,68,123,45,138,126,143,160,173,18,199,12,7,136,89,46,164,4,84,122,24,23,77,57,186,170,176,72,154,172,59,11,182,139,135,191,48,50,56,92,147,67,32,61,38,165,193,9,33,16,91,88,70,71,162,20,188,144,184,35,157,78,128,101,86,76,80,100,30,134,27,195,97,58,151,175,6,1,117,2,169,142,137,158,62,120,3,95,149,107,55,14,13,111,52,148,83,129,25,116,103,105,69,159,40,150,140,99,106,194,180,178,192,10,66,145,102,185,171,0,85,104,17,53,183,146,63,31,29,65,125,190,109,130,5,39,113,43,187,179,96,141,98,114,64,79,177,47,132,75,163,133,81,153,166,189,28,8,36,22,112,93,19,87,121,51];True
2783;6801;9584;[198,155,90,41,127,60,42,47,26,161,115,152,49,54,197,168,74,37,94,118,124,44,34,108,174,196,167,15,156,21,73,82,131,110,181,68,123,45,138,126,143,160,173,18,199,12,7,136,89,46,164,4,84,122,25,23,77,57,186,170,176,72,154,172,59,11,182,139,135,191,48,50,56,92,147,67,32,61,38,165,193,9,33,16,91,88,70,71,162,20,188,144,184,35,157,78,128,101,86,76,80,100,30,134,27,195,97,58,151,175,6,1,117,2,169,142,137,158,62,120,3,95,149,107,55,14,13,111,112,148,83,129,24,150,103,140,69,159,40,116,105,99,106,194,180,178,192,10,66,145,102,185,171,0,85,104,17,53,183,146,63,31,29,65,125,190,109,130,5,39,113,43,187,179,96,177,98,114,64,79,141,119,132,75,163,133,81,153,166,189,28,8,36,22,52,93,19,87,121,51];True
2782;6807;9589;[108,183,65,41,127,60,42,47,26,161,115,152,49,54,197,168,74,37,94,118,124,44,34,198,174,196,167,15,156,21,73,82,131,110,181,68,123,45,138,126,143,160,173,18,199,12,7,136,89,46,164,4,84,122,25,23,77,57,186,170,176,72,154,172,59,11,182,139,135,191,48,50,56,92,147,67,32,61,38,165,193,9,33,16,91,88,70,71,162,20,188,144,184,35,157,78,128,101,86,76,80,100,30,134,27,195,97,58,151,175,6,1,117,2,169,142,137,158,62,120,3,95,149,107,55,14,13,111,112,148,83,129,24,150,103,140,69,159,40,116,105,99,106,194,180,178,192,10,66,145,102,185,171,0,85,104,17,53,155,146,63,31,29,90,125,190,109,130,5,39,113,43,187,179,96,177,98,114,64,79,141,119,132,75,163,133,81,153,166,189,28,8,36,22,52,93,19,87,121,51];True
2791;6800;9591;[198,155,90,41,127,60,42,47,26,161,115,152,49,54,197,168,74,37,94,118,124,44,34,108,174,196,167,15,156,21,73,82,131,110,181,68,123,45,138,126,143,160,173,18,199,12,7,136,89,46,164,4,84,122,25,23,77,57,186,170,176,72,154,172,59,11,182,139,135,191,48,50,56,92,147,67,32,61,38,165,193,9,33,16,91,88,70,71,162,20,188,144,184,35,157,78,128,101,86,76,80,100,30,134,27,195,97,58,151,175,6,1,117,2,169,142,137,158,62,120,3,95,149,107,55,14,13,111,112,148,83,129,24,150,103,140,69,159,40,116,105,99,106,194,180,178,192,10,66,145,102,185,171,0,85,104,17,53,183,146,63,31,29,65,125,190,109,130,5,39,113,43,187,179,96,141,98,114,64,79,177,119,132,75,163,133,81,153,166,189,28,8,36,22,52,93,19,87,121,51];True
2800;6796;9596;[198,155,90,41,127,60,42,47,26,161,115,152,49,54,197,168,74,37,94,118,124,44,34,108,174,196,167,15,156,21,73,82,131,110,181,68,123,45,138,126,143,160,173,18,199,12,7,136,89,46,164,4,84,122,24,23,77,57,186,170,176,72,154,172,59,11,182,139,135,191,48,50,56,92,147,67,32,61,40,165,193,9,33,16,91,88,70,71,162,20,188,144,184,35,157,78,128,101,86,76,80,100,30,134,27,195,97,58,151,175,6,1,117,2,169,142,137,158,62,120,3,95,149,107,55,14,13,111,52,148,83,129,25,116,103,105,69,159,38,150,140,99,106,194,180,178,192,10,66,145,102,185,171,0,85,104,17,53,183,146,63,31,29,65,125,190,109,130,5,39,113,43,187,179,96,177,98,114,64,79,141,119,132,75,163,133,81,153,166,189,28,8,36,22,112,93,19,87,121,51];True
2808;6795;9603;[198,155,90,41,127,60,42,119,26,161,115,152,49,54,197,168,74,37,94,118,124,44,34,108,174,196,167,15,156,21,73,82,131,110,181,68,123,45,138,126,143,160,173,18,199,12,7,136,89,46,164,4,84,122,25,23,77,57,186,170,176,72,154,172,59,11,182,139,135,191,48,50,56,92,147,67,32,61,38,165,193,9,33,16,91,88,70,71,162,20,188,144,184,35,157,78,128,101,86,76,80,100,30,134,27,195,97,58,151,175,6,1,117,2,169,142,137,158,62,120,3,95,149,107,55,14,13,111,112,148,83,129,24,150,103,105,69,159,40,116,140,99,106,194,180,178,192,10,66,145,102,185,171,0,85,104,17,53,183,146,63,31,29,65,125,190,109,130,5,39,113,43,187,179,96,141,98,114,64,79,177,47,132,75,163,133,81,153,166,189,28,8,36,22,52,93,19,87,121,51];True
2814;6790;9604;[198,155,90,41,127,60,42,47,26,161,115,152,49,54,197,168,74,37,94,118,124,44,34,108,174,196,167,15,156,21,73,82,131,110,181,68,123,45,138,126,143,160,173,18,199,12,7,136,89,46,164,4,84,122,24,23,77,57,186,170,176,72,154,172,59,11,182,139,135,191,48,50,56,92,147,67,32,61,38,165,193,9,33,16,91,88,70,71,162,20,188,144,184,35,157,78,128,101,86,76,80,100,30,134,27,195,97,58,151,175,6,1,117,2,169,142,137,158,62,120,3,95,149,107,55,14,13,111,52,148,83,129,25,116,103,105,69,159,40,150,140,99,106,194,180,178,192,10,66,145,102,185,171,0,85,104,17,53,183,146,63,31,29,65,125,190,109,130,5,39,113,43,187,179,96,177,98,114,64,79,141,119,132,75,163,133,81,153,166,189,28,8,36,22,112,93,19,87,121,51];True
2822;6789;9611;[198,155,90,41,127,60,42,47,26,161,115,152,49,54,197,168,74,37,94,118,124,44,34,108,174,196,167,15,156,21,73,82,131,110,181,68,123,45,138,126,143,160,173,18,199,12,7,136,89,46,164,4,84,122,24,23,77,57,186,170,176,72,154,172,59,11,182,139,135,191,48,50,56,92,147,67,32,61,38,165,193,9,33,16,91,88,70,71,162,20,188,144,184,35,157,78,128,101,86,76,80,100,30,134,27,195,97,58,151,175,6,1,117,2,169,142,137,158,62,120,3,95,149,107,55,14,13,111,52,148,83,129,25,116,103,105,69,159,40,150,140,99,106,194,180,178,192,10,66,145,102,185,171,0,85,104,17,53,183,146,63,31,29,65,125,190,109,130,5,39,113,43,187,179,96,141,98,114,64,79,177,119,132,75,163,133,81,153,166,189,28,8,36,22,112,93,19,87,121,51];True
2828;6784;9612;[198,155,90,41,127,60,42,47,26,161,115,152,49,54,197,168,74,37,94,118,124,44,34,108,174,196,167,15,156,21,73,82,131,110,181,68,123,45,138,126,143,160,173,18,199,12,7,136,89,46,164,4,84,122,25,23,77,57,186,170,176,72,154,172,59,11,182,139,135,191,48,50,56,92,147,67,32,61,38,165,193,9,33,16,91,88,70,71,162,20,188,144,184,35,157,78,128,101,86,76,80,100,30,134,27,195,97,58,151,175,6,1,117,2,169,142,137,158,62,120,3,95,149,107,55,14,13,111,112,148,83,129,24,150,103,105,69,159,40,116,104,99,106,194,180,178,192,10,66,145,102,185,171,0,85,140,17,53,183,146,63,31,29,65,125,190,109,130,5,39,113,43,187,179,96,177,98,114,64,79,141,119,132,75,163,133,81,153,166,189,28,8,36,22,52,93,19,87,121,51];True
2836;6783;9619;[198,155,90,41,127,60,42,47,26,161,115,152,49,54,197,168,74,37,94,118,124,44,34,108,174,196,167,15,156,21,73,82,131,110,181,68,123,45,138,126,143,160,173,18,199,12,7,136,89,46,164,4,84,122,25,23,77,57,186,170,176,72,154,172,59,11,182,139,135,191,48,50,56,92,147,67,32,61,38,165,193,9,33,16,91,88,70,71,162,20,188,144,184,35,157,78,128,101,86,76,80,100,30,134,27,195,97,58,151,175,6,1,117,2,169,142,137,158,62,120,3,95,149,107,55,14,13,111,112,148,83,129,24,150,103,105,69,159,40,116,104,99,106,194,180,178,192,10,66,145,102,185,171,0,85,140,17,53,183,146,63,31,29,65,125,190,109,130,5,39,113,43,187,179,96,141,98,114,64,79,177,119,132,75,163,133,81,153,166,189,28,8,36,22,52,93,19,87,121,51];True
2846;6781;9627;[198,155,90,41,127,60,42,47,26,161,115,152,49,54,197,168,74,37,94,118,124,44,34,108,174,196,167,15,156,21,73,82,131,110,181,68,123,45,138,126,143,160,173,18,199,12,7,136,89,46,164,4,84,122,25,23,77,57,186,170,176,72,154,172,59,11,182,139,135,191,48,50,56,92,147,67,32,61,19,165,193,9,33,16,91,88,70,71,162,20,188,144,184,35,157,78,128,101,86,76,80,100,30,134,27,195,97,58,151,175,6,1,117,2,169,142,137,158,62,120,3,95,149,107,55,14,13,111,112,148,83,129,24,150,103,105,69,159,40,116,104,99,106,194,180,178,192,10,66,145,102,185,171,0,85,140,17,53,183,146,63,31,29,65,125,190,109,130,5,39,113,43,187,179,96,177,98,114,64,79,141,119,132,75,163,133,81,153,166,189,28,8,36,22,52,93,38,87,121,51];True
2848;6779;9627;[198,155,90,41,127,60,177,47,26,161,115,152,49,54,197,168,74,37,94,118,124,44,34,108,174,196,167,15,156,21,73,82,131,110,181,68,123,45,138,126,143,160,173,18,199,12,7,136,89,46,164,4,84,122,24,23,77,57,186,170,176,72,154,172,59,11,182,139,135,191,48,50,56,92,147,67,32,61,38,165,193,9,33,16,91,88,70,71,162,20,188,144,184,35,157,78,128,101,86,76,80,100,30,134,27,195,97,58,151,175,6,1,117,2,169,142,137,158,62,120,3,95,149,107,55,14,13,111,52,148,83,129,25,116,103,105,69,159,40,150,140,99,106,194,180,178,192,10,66,145,102,185,171,0,85,104,17,53,183,146,63,31,29,65,125,190,109,130,5,39,113,43,187,179,96,141,98,114,64,79,42,119,132,75,163,133,81,153,166,189,28,8,36,22,112,93,19,87,121,51];True
2853;6777;9630;[198,155,90,41,127,60,42,47,26,161,115,152,49,54,197,168,74,37,94,118,124,44,34,108,174,196,167,15,156,21,73,82,131,110,181,68,123,45,138,126,143,160,173,18,199,12,7,136,89,46,164,4,84,122,25,23,77,57,186,170,176,72,154,172,59,11,182,139,135,191,48,50,56,92,147,67,32,61,38,165,193,9,33,16,91,88,70,71,162,20,188,144,184,35,157,78,128,101,86,76,80,100,30,134,27,195,97,58,151,175,6,1,117,2,169,142,137,158,62,120,3,95,149,107,55,14,13,111,112,148,83,129,24,150,103,105,69,159,40,116,140,99,106,194,180,178,192,10,66,145,102,185,171,0,85,104,17,53,183,146,63,31,29,65,125,190,109,130,5,39,113,43,187,179,96,177,98,114,64,79,141,119,132,75,163,133,81,153,166,189,28,8,36,22,52,93,19,87,121,51];True
2862;6773;9635;[198,155,90,41,127,60,177,47,26,161,115,152,49,54,197,168,74,37,94,118,124,44,34,108,174,196,167,15,156,21,73,82,131,110,181,68,123,45,138,126,143,160,173,18,199,12,7,136,89,46,164,4,84,122,25,23,77,57,186,170,176,72,154,172,59,11,182,139,135,191,48,50,56,92,147,67,32,61,38,165,193,9,33,16,91,88,70,71,162,20,188,144,184,35,157,78,128,101,86,76,80,100,30,134,27,195,97,58,151,175,6,1,117,2,169,142,137,158,62,120,3,95,149,107,55,14,13,111,112,148,83,129,24,150,103,105,69,159,40,116,104,99,106,194,180,178,192,10,66,145,102,185,171,0,85,140,17,53,183,146,63,31,29,65,125,190,109,130,5,39,113,43,187,179,96,141,98,114,64,79,42,119,132,75,163,133,81,153,166,189,28,8,36,22,52,93,19,87,121,51];True
2861;6776;9637;[198,155,90,41,127,60,42,47,26,161,115,152,49,54,197,168,74,37,94,118,124,44,34,108,174,196,167,15,156,21,73,82,131,110,181,68,123,45,138,126,143,160,173,18,199,12,7,136,89,46,164,4,84,122,25,23,77,57,186,170,176,72,154,172,59,11,182,139,135,191,48,50,56,92,147,67,32,61,38,165,193,9,33,16,91,88,70,71,162,20,188,144,184,35,157,78,128,101,86,76,80,100,30,134,27,195,97,58,151,175,6,1,117,2,169,142,137,158,62,120,3,95,149,107,55,14,13,111,112,148,83,129,24,150,103,105,69,159,40,116,140,99,106,194,180,178,192,10,66,145,102,185,171,0,85,104,17,53,183,146,63,31,29,65,125,190,109,130,5,39,113,43,187,179,96,141,98,114,64,79,177,119,132,75,163,133,81,153,166,189,28,8,36,22,52,93,19,87,121,51];True
2876;6766;9642;[198,155,90,41,127,60,42,47,26,161,115,152,49,54,197,168,74,37,94,118,124,44,34,108,174,196,167,15,156,21,73,82,131,110,181,68,123,45,138,126,143,160,173,18,199,12,7,136,89,46,164,4,84,122,25,23,77,57,186,170,176,72,154,172,59,11,182,139,135,191,48,50,56,92,147,67,32,61,38,165,193,9,33,16,91,88,70,71,162,20,188,144,184,35,157,78,128,101,86,76,80,100,30,134,27,195,97,58,151,175,6,1,117,2,169,142,137,158,62,120,3,95,149,107,55,14,13,111,52,148,83,129,24,150,103,140,69,159,40,116,105,99,106,194,180,178,192,10,66,145,102,185,171,0,85,104,17,53,183,146,63,31,29,65,125,190,109,130,5,39,113,43,187,179,96,177,98,114,64,79,141,119,132,75,163,133,81,153,166,189,28,8,36,22,112,93,19,87,121,51];True
2875;6772;9647;[108,183,65,41,127,60,42,47,26,161,115,152,49,54,197,168,74,37,94,118,124,44,34,198,174,196,167,15,156,21,73,82,131,110,181,68,123,45,138,126,143,160,173,18,199,12,7,136,89,46,164,4,84,122,25,23,77,57,186,170,176,72,154,172,59,11,182,139,135,191,48,50,56,92,147,67,32,61,38,165,193,9,33,16,91,88,70,71,162,20,188,144,184,35,157,78,128,101,86,76,80,100,30,134,27,195,97,58,151,175,6,1,117,2,169,142,137,158,62,120,3,95,149,107,55,14,13,111,52,148,83,129,24,150,103,140,69,159,40,116,105,99,106,194,180,178,192,10,66,145,102,185,171,0,85,104,17,53,155,146,63,31,29,90,125,190,109,130,5,39,113,43,187,179,96,177,98,114,64,79,141,119,132,75,163,133,81,153,166,189,28,8,36,22,112,93,19,87,121,51];True
2884;6765;9649;[198,155,90,41,127,60,42,47,26,161,115,152,49,54,197,168,74,37,94,118,124,44,34,108,174,196,167,15,156,21,73,82,131,110,181,68,123,45,138,126,143,160,173,18,199,12,7,136,89,46,164,4,84,122,25,23,77,57,186,170,176,72,154,172,59,11,182,139,135,191,48,50,56,92,147,67,32,61,38,165,193,9,33,16,91,88,70,71,162,20,188,144,184,35,157,78,128,101,86,76,80,100,30,134,27,195,97,58,151,175,6,1,117,2,169,142,137,158,62,120,3,95,149,107,55,14,13,111,52,148,83,129,24,150,103,140,69,159,40,116,105,99,106,194,180,178,192,10,66,145,102,185,171,0,85,104,17,53,183,146,63,31,29,65,125,190,109,130,5,39,113,43,187,179,96,141,98,114,64,79,177,119,132,75,163,133,81,153,166,189,28,8,36,22,112,93,19,87,121,51];True
2894;6763;9657;[198,155,90,41,127,60,42,47,26,161,115,152,49,54,197,168,74,37,94,118,124,44,34,108,174,196,167,15,156,21,73,82,131,110,181,68,123,45,138,126,143,160,173,18,199,12,7,136,89,46,164,4,84,122,25,23,77,57,186,170,176,72,154,172,59,11,182,139,135,191,48,50,56,92,147,67,32,61,19,165,193,9,33,16,91,88,70,71,162,20,188,144,184,35,157,78,128,101,86,76,80,100,30,134,27,195,97,58,151,175,6,1,117,2,169,142,137,158,62,120,3,95,149,107,55,14,13,111,52,148,83,129,24,150,103,140,69,159,40,116,105,99,106,194,180,178,192,10,66,145,102,185,171,0,85,104,17,53,183,146,63,31,29,65,125,190,109,130,5,39,113,43,187,179,96,177,98,114,64,79,141,119,132,75,163,133,81,153,166,189,28,8,36,22,112,93,38,87,121,51];True
2900;6761;9661;[198,155,90,41,127,60,42,47,26,161,115,152,49,54,197,168,74,37,94,118,124,44,34,108,174,196,167,15,156,21,73,82,131,110,181,68,123,45,138,126,143,160,173,18,199,12,7,136,89,46,164,4,84,122,25,23,77,57,186,170,176,72,154,172,59,11,182,139,135,191,48,50,56,92,147,67,32,61,38,165,193,9,33,16,91,88,70,71,162,20,188,144,184,35,157,78,128,101,86,76,80,100,30,134,27,195,97,58,151,175,6,1,117,2,169,142,163,158,62,120,3,95,149,107,55,14,13,111,52,148,83,129,24,150,103,140,69,159,40,116,105,99,106,194,180,178,192,10,66,145,102,185,171,0,85,104,17,53,183,146,63,31,29,65,125,190,109,130,5,39,113,43,187,179,96,177,98,114,64,79,141,119,132,75,137,133,81,153,166,189,28,8,36,22,112,93,19,87,121,51];True
2901;6760;9661;[198,155,90,41,127,60,42,119,26,161,115,152,49,54,197,168,74,37,94,118,124,44,34,108,174,196,167,15,156,21,73,82,131,110,181,68,123,45,138,126,143,160,173,18,199,12,7,136,89,46,164,4,84,122,25,23,77,57,186,170,176,72,154,172,59,11,182,139,135,191,48,50,56,92,147,67,32,61,38,165,193,9,33,16,91,88,70,71,162,20,188,144,184,35,157,78,128,101,86,76,80,100,30,134,27,195,97,58,151,175,6,1,117,2,169,142,137,158,62,120,3,95,149,107,55,14,13,111,52,148,83,129,24,150,103,105,69,159,40,116,140,99,106,194,180,178,192,10,66,145,102,185,171,0,85,104,17,53,183,146,63,31,29,65,125,190,109,130,5,39,113,43,187,179,96,141,98,114,64,79,177,47,132,75,163,133,81,153,166,189,28,8,36,22,112,93,19,87,121,51];True
2910;6755;9665;[198,155,90,41,127,60,177,47,26,161,115,152,49,54,197,168,74,37,94,118,124,44,34,108,174,196,167,15,156,21,73,82,131,110,181,68,123,45,138,126,143,160,173,18,199,12,7,136,89,46,164,4,84,122,25,23,77,57,186,170,176,72,154,172,59,11,182,139,135,191,48,50,56,92,147,67,32,61,38,165,193,9,33,16,91,88,70,71,162,20,188,144,184,35,157,78,128,101,86,76,80,100,30,134,27,195,97,58,151,175,6,1,117,2,169,142,137,158,62,120,3,95,149,107,55,14,13,111,52,148,83,129,24,150,103,140,69,159,40,116,105,99,106,194,180,178,192,10,66,145,102,185,171,0,85,104,17,53,183,146,63,31,29,65,125,190,109,130,5,39,113,43,187,179,96,141,98,114,64,79,42,119,132,75,163,133,81,153,166,189,28,8,36,22,112,93,19,87,121,51];True
2921;6749;9670;[198,155,90,41,127,60,42,47,26,161,115,152,49,54,197,168,74,37,94,118,124,44,34,108,174,196,167,15,156,21,73,82,131,110,181,68,123,45,138,126,143,160,173,18,199,12,7,136,89,46,164,4,84,122,25,23,77,57,186,170,176,72,154,172,59,11,182,139,135,191,48,50,56,92,147,67,32,61,38,165,193,9,33,16,91,88,70,71,162,20,188,144,184,35,157,78,128,101,86,76,80,100,30,134,27,195,97,58,151,175,6,1,117,2,169,142,137,158,62,120,3,95,149,107,55,14,13,111,52,148,83,129,24,150,103,105,69,159,40,116,104,99,106,194,180,178,192,10,66,145,102,185,171,0,85,140,17,53,183,146,63,31,29,65,125,190,109,130,5,39,113,43,187,179,96,177,98,114,64,79,141,119,132,75,163,133,81,153,166,189,28,8,36,22,112,93,19,87,121,51];True
2929;6748;9677;[198,155,90,41,127,60,42,47,26,161,115,152,49,54,197,168,74,37,94,118,124,44,34,108,174,196,167,15,156,21,73,82,131,110,181,68,123,45,138,126,143,160,173,18,199,12,7,136,89,46,164,4,84,122,25,23,77,57,186,170,176,72,154,172,59,11,182,139,135,191,48,50,56,92,147,67,32,61,38,165,193,9,33,16,91,88,70,71,162,20,188,144,184,35,157,78,128,101,86,76,80,100,30,134,27,195,97,58,151,175,6,1,117,2,169,142,137,158,62,120,3,95,149,107,55,14,13,111,52,148,83,129,24,150,103,105,69,159,40,116,104,99,106,194,180,178,192,10,66,145,102,185,171,0,85,140,17,53,183,146,63,31,29,65,125,190,109,130,5,39,113,43,187,179,96,141,98,114,64,79,177,119,132,75,163,133,81,153,166,189,28,8,36,22,112,93,19,87,121,51];True
2939;6746;9685;[198,155,90,41,127,60,42,47,26,161,115,152,49,54,197,168,74,37,94,118,124,44,34,108,174,196,167,15,156,21,73,82,131,110,181,68,123,45,138,126,143,160,173,18,199,12,7,136,89,46,164,4,84,122,25,23,77,57,186,170,176,72,154,172,59,11,182,139,135,191,48,50,56,92,147,67,32,61,19,165,193,9,33,16,91,88,70,71,162,20,188,144,184,35,157,78,128,101,86,76,80,100,30,134,27,195,97,58,151,175,6,1,117,2,169,142,137,158,62,120,3,95,149,107,55,14,13,111,52,148,83,129,24,150,103,105,69,159,40,116,104,99,106,194,180,178,192,10,66,145,102,185,171,0,85,140,17,53,183,146,63,31,29,65,125,190,109,130,5,39,113,43,187,179,96,177,98,114,64,79,141,119,132,75,163,133,81,153,166,189,28,8,36,22,112,93,38,87,121,51];True
2946;6742;9688;[198,155,90,41,127,60,42,47,26,161,115,152,49,54,197,168,74,37,94,118,124,44,34,108,174,196,167,15,156,21,73,82,131,110,181,68,123,45,138,126,143,160,173,18,199,12,7,136,89,46,164,4,84,122,25,23,77,57,186,170,176,72,154,172,59,11,182,139,135,191,48,50,56,92,147,67,32,61,38,165,193,9,33,16,91,88,70,71,162,20,188,144,184,35,157,78,128,101,86,76,80,100,30,134,27,195,97,58,151,175,6,1,117,2,169,142,137,158,62,120,3,95,149,107,55,14,13,111,52,148,83,129,24,150,103,105,69,159,40,116,140,99,106,194,180,178,192,10,66,145,102,185,171,0,85,104,17,53,183,146,63,31,29,65,125,190,109,130,5,39,113,43,187,179,96,177,98,114,64,79,141,119,132,75,163,133,81,153,166,189,28,8,36,22,112,93,19,87,121,51];True
2945;6744;9689;[198,155,90,41,127,60,42,47,26,161,115,152,49,54,197,168,74,37,94,118,124,44,34,108,174,196,167,15,156,21,73,82,131,110,181,68,123,45,138,126,143,160,173,18,199,12,7,136,89,46,164,4,84,122,25,23,77,57,186,170,176,72,154,172,59,11,182,139,135,191,48,50,56,92,147,67,32,61,38,165,193,9,33,16,91,88,70,71,162,20,188,144,184,35,157,78,128,101,86,76,80,100,30,134,27,195,97,58,151,175,6,1,117,2,169,142,163,158,62,120,3,95,149,107,55,14,13,111,52,148,83,129,24,150,103,105,69,159,40,116,104,99,106,194,180,178,192,10,66,145,102,185,171,0,85,140,17,53,183,146,63,31,29,65,125,190,109,130,5,39,113,43,187,179,96,177,98,114,64,79,141,119,132,75,137,133,81,153,166,189,28,8,36,22,112,93,19,87,121,51];True
2955;6738;9693;[198,155,90,41,127,60,177,47,26,161,115,152,49,54,197,168,74,37,94,118,124,44,34,108,174,196,167,15,156,21,73,82,131,110,181,68,123,45,138,126,143,160,173,18,199,12,7,136,89,46,164,4,84,122,25,23,77,57,186,170,176,72,154,172,59,11,182,139,135,191,48,50,56,92,147,67,32,61,38,165,193,9,33,16,91,88,70,71,162,20,188,144,184,35,157,78,128,101,86,76,80,100,30,134,27,195,97,58,151,175,6,1,117,2,169,142,137,158,62,120,3,95,149,107,55,14,13,111,52,148,83,129,24,150,103,105,69,159,40,116,104,99,106,194,180,178,192,10,66,145,102,185,171,0,85,140,17,53,183,146,63,31,29,65,125,190,109,130,5,39,113,43,187,179,96,141,98,114,64,79,42,119,132,75,163,133,81,153,166,189,28,8,36,22,112,93,19,87,121,51];True
2954;6741;9695;[198,155,90,41,127,60,42,47,26,161,115,152,49,54,197,168,74,37,94,118,124,44,34,108,174,196,167,15,156,21,73,82,131,110,181,68,123,45,138,126,143,160,173,18,199,12,7,136,89,46,164,4,84,122,25,23,77,57,186,170,176,72,154,172,59,11,182,139,135,191,48,50,56,92,147,67,32,61,38,165,193,9,33,16,91,88,70,71,162,20,188,144,184,35,157,78,128,101,86,76,80,100,30,134,27,195,97,58,151,175,6,1,117,2,169,142,137,158,62,120,3,95,149,107,55,14,13,111,52,148,83,129,24,150,103,105,69,159,40,116,140,99,106,194,180,178,192,10,66,145,102,185,171,0,85,104,17,53,183,146,63,31,29,65,125,190,109,130,5,39,113,43,187,179,96,141,98,114,64,79,177,119,132,75,163,133,81,153,166,189,28,8,36,22,112,93,19,87,121,51];True
2970;6737;9707;[198,155,90,41,127,60,42,47,26,161,115,152,49,54,197,168,74,37,94,118,124,44,34,108,174,196,167,15,156,21,73,82,131,110,181,68,123,45,138,126,143,160,173,18,199,12,7,136,89,46,164,4,84,122,25,23,77,57,186,170,176,72,154,172,59,11,182,139,135,191,48,50,56,92,147,67,32,61,38,165,193,9,33,16,91,88,70,71,162,20,188,144,184,35,157,78,128,101,86,76,80,100,30,134,27,195,97,58,151,175,6,1,117,2,169,142,163,158,62,120,3,95,149,107,55,14,13,111,52,148,83,129,24,150,103,105,69,159,40,116,140,99,106,194,180,178,192,10,66,145,102,185,171,0,85,104,17,53,183,146,63,31,29,65,125,190,109,130,5,39,113,43,187,179,96,177,98,114,64,79,141,119,132,75,137,133,81,153,166,189,28,8,36,22,112,93,19,87,121,51];True
2973;6735;9708;[198,155,90,41,127,60,177,47,26,161,115,152,49,54,197,168,74,37,94,118,124,44,34,108,174,196,167,15,156,21,73,82,131,110,181,68,123,45,138,126,143,160,173,18,199,12,7,136,89,46,164,4,84,122,25,23,77,57,186,170,176,72,154,172,59,11,182,139,135,191,48,50,56,92,147,67,32,61,19,165,193,9,33,16,91,88,70,71,162,20,188,144,184,35,157,78,128,101,86,76,80,100,30,134,27,195,97,58,151,175,6,1,117,2,169,142,137,158,62,120,3,95,149,107,55,14,13,111,52,148,83,129,24,150,103,105,69,159,40,116,104,99,106,194,180,178,192,10,66,145,102,185,171,0,85,140,17,53,183,146,63,31,29,65,125,190,109,130,5,39,113,43,187,179,96,141,98,114,64,79,42,119,132,75,163,133,81,153,166,189,28,8,36,22,112,93,38,87,121,51];True
2980;6731;9711;[198,155,90,41,127,60,177,47,26,161,115,152,49,54,197,168,74,37,94,118,124,44,34,108,174,196,167,15,156,21,73,82,131,110,181,68,123,45,138,126,143,160,173,18,199,12,7,136,89,46,164,4,84,122,25,23,77,57,186,170,176,72,154,172,59,11,182,139,135,191,48,50,56,92,147,67,32,61,38,165,193,9,33,16,91,88,70,71,162,20,188,144,184,35,157,78,128,101,86,76,80,100,30,134,27,195,97,58,151,175,6,1,117,2,169,142,137,158,62,120,3,95,149,107,55,14,13,111,52,148,83,129,24,150,103,105,69,159,40,116,140,99,106,194,180,178,192,10,66,145,102,185,171,0,85,104,17,53,183,146,63,31,29,65,125,190,109,130,5,39,113,43,187,179,96,141,98,114,64,79,42,119,132,75,163,133,81,153,166,189,28,8,36,22,112,93,19,87,121,51];True
2979;6733;9712;[198,155,90,41,127,60,177,47,26,161,115,152,49,54,197,168,74,37,94,118,124,44,34,108,174,196,167,15,156,21,73,82,131,110,181,68,123,45,138,126,143,160,173,18,199,12,7,136,89,46,164,4,84,122,25,23,77,57,186,170,176,72,154,172,59,11,182,139,135,191,48,50,56,92,147,67,32,61,38,165,193,9,33,16,91,88,70,71,162,20,188,144,184,35,157,78,128,101,86,76,80,100,30,134,27,195,97,58,151,175,6,1,117,2,169,142,163,158,62,120,3,95,149,107,55,14,13,111,52,148,83,129,24,150,103,105,69,159,40,116,104,99,106,194,180,178,192,10,66,145,102,185,171,0,85,140,17,53,183,146,63,31,29,65,125,190,109,130,5,39,113,43,187,179,96,141,98,114,64,79,42,119,132,75,137,133,81,153,166,189,28,8,36,22,112,93,19,87,121,51];True
2990;6729;9719;[198,155,90,41,127,60,177,47,26,161,115,152,49,54,197,168,74,37,94,118,124,44,34,108,174,196,167,15,156,21,73,82,131,110,181,68,123,45,138,126,143,160,173,18,199,12,7,136,89,46,164,4,84,122,25,23,77,57,186,170,176,72,154,172,59,11,182,139,135,191,48,50,56,92,147,67,32,61,38,165,193,9,33,16,91,88,70,71,162,20,188,144,184,35,157,78,128,101,86,76,80,100,30,134,27,2,97,58,151,175,6,1,117,195,169,142,137,158,62,120,3,95,149,107,55,14,13,111,52,148,83,129,24,150,103,105,69,159,40,116,104,99,106,194,180,178,192,10,66,145,102,185,171,0,85,140,17,53,183,146,63,31,29,65,125,190,109,130,5,39,113,43,187,179,96,141,98,114,64,79,42,119,132,75,163,133,81,153,166,189,28,8,36,22,112,93,19,87,121,51];True
2998;6726;9724;[198,29,90,41,127,60,42,47,26,161,115,152,49,54,197,168,74,37,94,118,124,44,34,108,174,196,167,15,156,21,73,82,131,110,181,68,123,45,138,126,143,160,173,18,199,12,7,136,89,46,164,4,84,122,25,23,77,57,186,170,176,72,154,172,59,11,182,139,135,191,48,50,56,92,147,67,32,61,38,165,193,9,33,16,91,88,70,71,162,20,188,144,184,35,157,78,128,101,86,76,80,100,30,134,27,195,97,58,151,175,6,1,117,2,169,142,137,158,62,120,3,95,149,107,55,14,13,111,52,148,83,129,24,150,103,105,69,159,40,116,104,99,106,194,180,178,192,10,66,145,102,185,171,0,85,140,17,53,155,146,63,31,183,65,125,190,109,130,5,39,113,43,187,179,96,177,98,114,64,79,141,119,132,75,163,133,81,153,166,189,28,8,36,22,112,93,19,87,121,51];True
3006;6725;9731;[198,29,90,41,127,60,42,47,26,161,115,152,49,54,197,168,74,37,94,118,124,44,34,108,174,196,167,15,156,21,73,82,131,110,181,68,123,45,138,126,143,160,173,18,199,12,7,136,89,46,164,4,84,122,25,23,77,57,186,170,176,72,154,172,59,11,182,139,135,191,48,50,56,92,147,67,32,61,38,165,193,9,33,16,91,88,70,71,162,20,188,144,184,35,157,78,128,101,86,76,80,100,30,134,27,195,97,58,151,175,6,1,117,2,169,142,137,158,62,120,3,95,149,107,55,14,13,111,52,148,83,129,24,150,103,105,69,159,40,116,104,99,106,194,180,178,192,10,66,145,102,185,171,0,85,140,17,53,155,146,63,31,183,65,125,190,109,130,5,39,113,43,187,179,96,141,98,114,64,79,177,119,132,75,163,133,81,153,166,189,28,8,36,22,112,93,19,87,121,51];True
3009;6724;9733;[198,155,90,41,127,60,177,47,26,161,115,152,49,54,197,168,74,37,94,118,124,44,34,108,174,196,167,15,156,21,73,82,131,110,181,68,123,45,138,126,143,160,173,18,199,12,7,136,89,46,164,4,84,122,25,23,77,57,186,170,176,72,154,172,59,11,182,139,135,191,48,50,56,92,147,67,32,61,38,165,193,9,33,16,91,88,70,71,162,20,188,144,184,35,157,78,128,101,86,76,80,100,30,134,27,195,97,58,151,175,6,1,117,2,169,142,137,158,62,120,3,95,149,107,55,14,13,111,52,148,83,129,24,150,103,105,69,159,40,116,104,99,106,194,180,178,192,109,66,145,102,185,171,0,85,140,17,53,183,146,63,31,29,65,125,190,10,130,5,39,113,43,187,179,96,141,98,114,64,79,42,119,132,75,163,133,81,153,166,189,28,8,36,22,112,93,19,87,121,51];True
3015;6722;9737;[198,155,90,41,127,60,177,47,26,161,115,152,49,54,197,168,74,37,94,118,124,44,34,108,174,196,167,15,156,21,73,82,131,110,181,68,123,45,138,126,143,160,173,18,199,12,7,136,89,46,164,4,84,122,25,23,77,57,186,170,176,72,154,172,59,11,182,139,135,191,48,50,56,92,147,67,32,61,38,165,193,9,33,16,91,88,70,71,162,20,188,144,184,35,157,78,128,101,86,76,80,100,30,134,27,2,97,58,151,175,6,1,117,195,169,142,137,158,62,120,3,95,149,107,55,14,13,111,52,148,83,129,24,150,103,105,69,159,40,116,140,99,106,194,180,178,192,10,66,145,102,185,171,0,85,104,17,53,183,146,63,31,29,65,125,190,109,130,5,39,113,43,187,179,96,141,98,114,64,79,42,119,132,75,163,133,81,153,166,189,28,8,36,22,112,93,19,87,121,51];True
3023;6719;9742;[198,29,90,41,127,60,42,47,26,161,115,152,49,54,197,168,74,37,94,118,124,44,34,108,174,196,167,15,156,21,73,82,131,110,181,68,123,45,138,126,143,160,173,18,199,12,7,136,89,46,164,4,84,122,25,23,77,57,186,170,176,72,154,172,59,11,182,139,135,191,48,50,56,92,147,67,32,61,38,165,193,9,33,16,91,88,70,71,162,20,188,144,184,35,157,78,128,101,86,76,80,100,30,134,27,195,97,58,151,175,6,1,117,2,169,142,137,158,62,120,3,95,149,107,55,14,13,111,52,148,83,129,24,150,103,105,69,159,40,116,140,99,106,194,180,178,192,10,66,145,102,185,171,0,85,104,17,53,155,146,63,31,183,65,125,190,109,130,5,39,113,43,187,179,96,177,98,114,64,79,141,119,132,75,163,133,81,153,166,189,28,8,36,22,112,93,19,87,121,51];True
3022;6721;9743;[198,29,90,41,127,60,42,47,26,161,115,152,49,54,197,168,74,37,94,118,124,44,34,108,174,196,167,15,156,21,73,82,131,110,181,68,123,45,138,126,143,160,173,18,199,12,7,136,89,46,164,4,84,122,25,23,77,57,186,170,176,72,154,172,59,11,182,139,135,191,48,50,56,92,147,67,32,61,38,165,193,9,33,16,91,88,70,71,162,20,188,144,184,35,157,78,128,101,86,76,80,100,30,134,27,195,97,58,151,175,6,1,117,2,169,142,163,158,62,120,3,95,149,107,55,14,13,111,52,148,83,129,24,150,103,105,69,159,40,116,104,99,106,194,180,178,192,10,66,145,102,185,171,0,85,140,17,53,155,146,63,31,183,65,125,190,109,130,5,39,113,43,187,179,96,177,98,114,64,79,141,119,132,75,137,133,81,153,166,189,28,8,36,22,112,93,19,87,121,51];True
3032;6715;9747;[198,29,90,41,127,60,177,47,26,161,115,152,49,54,197,168,74,37,94,118,124,44,34,108,174,196,167,15,156,21,73,82,131,110,181,68,123,45,138,126,143,160,173,18,199,12,7,136,89,46,164,4,84,122,25,23,77,57,186,170,176,72,154,172,59,11,182,139,135,191,48,50,56,92,147,67,32,61,38,165,193,9,33,16,91,88,70,71,162,20,188,144,184,35,157,78,128,101,86,76,80,100,30,134,27,195,97,58,151,175,6,1,117,2,169,142,137,158,62,120,3,95,149,107,55,14,13,111,52,148,83,129,24,150,103,105,69,159,40,116,104,99,106,194,180,178,192,10,66,145,102,185,171,0,85,140,17,53,155,146,63,31,183,65,125,190,109,130,5,39,113,43,187,179,96,141,98,114,64,79,42,119,132,75,163,133,81,153,166,189,28,8,36,22,112,93,19,87,121,51];True
3031;6718;9749;[198,29,90,41,127,60,42,47,26,161,115,152,49,54,197,168,74,37,94,118,124,44,34,108,174,196,167,15,156,21,73,82,131,110,181,68,123,45,138,126,143,160,173,18,199,12,7,136,89,46,164,4,84,122,25,23,77,57,186,170,176,72,154,172,59,11,182,139,135,191,48,50,56,92,147,67,32,61,38,165,193,9,33,16,91,88,70,71,162,20,188,144,184,35,157,78,128,101,86,76,80,100,30,134,27,195,97,58,151,175,6,1,117,2,169,142,137,158,62,120,3,95,149,107,55,14,13,111,52,148,83,129,24,150,103,105,69,159,40,116,140,99,106,194,180,178,192,10,66,145,102,185,171,0,85,104,17,53,155,146,63,31,183,65,125,190,109,130,5,39,113,43,187,179,96,141,98,114,64,79,177,119,132,75,163,133,81,153,166,189,28,8,36,22,112,93,19,87,121,51];True
3047;6714;9761;[198,29,90,41,127,60,42,47,26,161,115,152,49,54,197,168,74,37,94,118,124,44,34,108,174,196,167,15,156,21,73,82,131,110,181,68,123,45,138,126,143,160,173,18,199,12,7,136,89,46,164,4,84,122,25,23,77,57,186,170,176,72,154,172,59,11,182,139,135,191,48,50,56,92,147,67,32,61,38,165,193,9,33,16,91,88,70,71,162,20,188,144,184,35,157,78,128,101,86,76,80,100,30,134,27,195,97,58,151,175,6,1,117,2,169,142,163,158,62,120,3,95,149,107,55,14,13,111,52,148,83,129,24,150,103,105,69,159,40,116,140,99,106,194,180,178,192,10,66,145,102,185,171,0,85,104,17,53,155,146,63,31,183,65,125,190,109,130,5,39,113,43,187,179,96,177,98,114,64,79,141,119,132,75,137,133,81,153,166,189,28,8,36,22,112,93,19,87,121,51];True
3050;6712;9762;[198,29,90,41,127,60,177,47,26,161,115,152,49,54,197,168,74,37,94,118,124,44,34,108,174,196,167,15,156,21,73,82,131,110,181,68,123,45,138,126,143,160,173,18,199,12,7,136,89,46,164,4,84,122,25,23,77,57,186,170,176,72,154,172,59,11,182,139,135,191,48,50,56,92,147,67,32,61,19,165,193,9,33,16,91,88,70,71,162,20,188,144,184,35,157,78,128,101,86,76,80,100,30,134,27,195,97,58,151,175,6,1,117,2,169,142,137,158,62,120,3,95,149,107,55,14,13,111,52,148,83,129,24,150,103,105,69,159,40,116,104,99,106,194,180,178,192,10,66,145,102,185,171,0,85,140,17,53,155,146,63,31,183,65,125,190,109,130,5,39,113,43,187,179,96,141,98,114,64,79,42,119,132,75,163,133,81,153,166,189,28,8,36,22,112,93,38,87,121,51];True
3057;6708;9765;[198,29,90,41,127,60,177,47,26,161,115,152,49,54,197,168,74,37,94,118,124,44,34,108,174,196,167,15,156,21,73,82,131,110,181,68,123,45,138,126,143,160,173,18,199,12,7,136,89,46,164,4,84,122,25,23,77,57,186,170,176,72,154,172,59,11,182,139,135,191,48,50,56,92,147,67,32,61,38,165,193,9,33,16,91,88,70,71,162,20,188,144,184,35,157,78,128,101,86,76,80,100,30,134,27,195,97,58,151,175,6,1,117,2,169,142,137,158,62,120,3,95,149,107,55,14,13,111,52,148,83,129,24,150,103,105,69,159,40,116,140,99,106,194,180,178,192,10,66,145,102,185,171,0,85,104,17,53,155,146,63,31,183,65,125,190,109,130,5,39,113,43,187,179,96,141,98,114,64,79,42,119,132,75,163,133,81,153,166,189,28,8,36,22,112,93,19,87,121,51];True
3056;6710;9766;[198,29,90,41,127,60,177,47,26,161,115,152,49,54,197,168,74,37,94,118,124,44,34,108,174,196,167,15,156,21,73,82,131,110,181,68,123,45,138,126,143,160,173,18,199,12,7,136,89,46,164,4,84,122,25,23,77,57,186,170,176,72,154,172,59,11,182,139,135,191,48,50,56,92,147,67,32,61,38,165,193,9,33,16,91,88,70,71,162,20,188,144,184,35,157,78,128,101,86,76,80,100,30,134,27,195,97,58,151,175,6,1,117,2,169,142,163,158,62,120,3,95,149,107,55,14,13,111,52,148,83,129,24,150,103,105,69,159,40,116,104,99,106,194,180,178,192,10,66,145,102,185,171,0,85,140,17,53,155,146,63,31,183,65,125,190,109,130,5,39,113,43,187,179,96,141,98,114,64,79,42,119,132,75,137,133,81,153,166,189,28,8,36,22,112,93,19,87,121,51];True
3067;6706;9773;[198,29,90,41,127,60,177,47,26,161,115,152,49,54,197,168,74,37,94,118,124,44,34,108,174,196,167,15,156,21,73,82,131,110,181,68,123,45,138,126,143,160,173,18,199,12,7,136,89,46,164,4,84,122,25,23,77,57,186,170,176,72,154,172,59,11,182,139,135,191,48,50,56,92,147,67,32,61,38,165,193,9,33,16,91,88,70,71,162,20,188,144,184,35,157,78,128,101,86,76,80,100,30,134,27,2,97,58,151,175,6,1,117,195,169,142,137,158,62,120,3,95,149,107,55,14,13,111,52,148,83,129,24,150,103,105,69,159,40,116,104,99,106,194,180,178,192,10,66,145,102,185,171,0,85,140,17,53,155,146,63,31,183,65,125,190,109,130,5,39,113,43,187,179,96,141,98,114,64,79,42,119,132,75,163,133,81,153,166,189,28,8,36,22,112,93,19,87,121,51];True
3075;6705;9780;[198,29,90,41,127,60,177,47,26,161,115,152,49,54,197,168,74,37,94,118,124,44,34,108,174,196,167,15,156,21,73,82,131,110,181,68,123,45,138,126,143,160,173,18,199,12,7,136,89,46,164,4,84,122,25,23,77,57,186,170,176,72,154,172,59,11,182,139,135,191,48,50,56,92,147,67,32,61,19,165,193,9,33,16,91,88,70,71,162,20,188,144,184,35,157,78,128,101,86,76,80,100,30,134,27,195,97,58,151,175,6,1,117,2,169,142,137,158,62,120,3,95,149,107,55,14,13,111,52,148,83,129,24,150,103,105,69,159,40,116,140,99,106,194,180,178,192,10,66,145,102,185,171,0,85,104,17,53,155,146,63,31,183,65,125,190,109,130,5,39,113,43,187,179,96,141,98,114,64,79,42,119,132,75,163,133,81,153,166,189,28,8,36,22,112,93,38,87,121,51];True
3077;6704;9781;[198,29,90,41,127,60,42,47,26,161,115,152,49,54,197,168,74,37,94,118,124,44,34,108,174,196,167,15,156,21,73,82,131,110,181,68,140,184,138,126,143,160,173,18,199,12,7,136,89,46,164,4,84,122,25,23,77,57,186,170,176,72,154,172,59,11,182,139,135,191,48,50,56,92,147,67,32,61,45,165,193,19,33,16,91,88,70,71,162,20,188,144,9,38,157,78,128,101,86,76,80,100,30,134,27,195,97,58,151,175,6,1,117,2,169,142,137,158,62,120,3,95,149,107,55,14,13,111,52,148,83,129,24,150,103,105,69,159,40,116,123,99,106,194,180,178,192,10,66,145,102,185,171,0,85,104,17,53,155,146,63,31,183,65,125,190,109,130,5,39,113,43,187,179,96,177,98,114,64,79,141,119,132,75,163,133,81,153,166,189,28,8,36,22,112,93,35,87,121,51];True
3081;6703;9784;[198,29,90,41,127,60,177,47,26,161,115,152,49,54,197,168,74,37,94,118,124,44,34,108,174,196,167,15,156,21,73,82,131,110,181,68,123,45,138,126,143,160,173,18,199,12,7,136,89,46,164,4,84,122,25,23,77,57,186,170,176,72,154,172,59,11,182,139,135,191,48,50,56,92,147,67,32,61,38,165,193,9,33,16,91,88,70,71,162,20,188,144,184,35,157,78,128,101,86,76,80,100,30,134,27,195,97,58,151,175,6,1,117,2,169,142,163,158,62,120,3,95,149,107,55,14,13,111,52,148,83,129,24,150,103,105,69,159,40,116,140,99,106,194,180,178,192,10,66,145,102,185,171,0,85,104,17,53,155,146,63,31,183,65,125,190,109,130,5,39,113,43,187,179,96,141,98,114,64,79,42,119,132,75,137,133,81,153,166,189,28,8,36,22,112,93,19,87,121,51];True
3087;6697;9784;[198,29,90,41,127,60,42,47,26,161,115,152,49,54,197,168,74,37,94,118,124,44,34,108,174,196,167,15,156,21,73,82,131,110,181,68,140,184,138,126,143,160,173,18,199,12,7,136,89,46,164,4,84,122,25,23,77,57,186,170,176,72,154,172,59,11,182,139,135,191,48,50,56,92,147,67,32,61,45,165,193,19,33,16,91,88,70,71,162,20,188,144,9,35,157,78,128,101,86,76,80,100,30,134,27,195,97,58,151,175,6,1,117,2,169,142,137,158,62,120,3,95,149,107,55,14,13,111,52,148,83,129,24,150,103,105,69,159,40,116,123,99,106,194,180,178,192,10,66,145,102,185,171,0,85,104,17,53,155,146,63,31,183,65,125,190,109,130,5,39,113,43,187,179,96,177,98,114,64,79,141,119,132,75,163,133,81,153,166,189,28,8,36,22,112,93,38,87,121,51];True
3086;6701;9787;[198,29,90,41,127,60,177,47,26,161,115,152,49,54,197,168,74,37,94,118,124,44,34,108,174,196,167,15,156,21,73,82,131,110,181,68,123,45,138,126,143,160,173,18,199,12,7,136,89,46,164,4,84,122,25,23,77,57,186,170,176,72,154,172,59,11,182,139,135,191,48,50,56,92,147,67,32,61,38,165,193,9,33,16,91,88,70,71,162,20,188,144,184,35,157,78,128,101,86,76,80,100,30,134,27,195,97,58,151,175,6,1,117,2,169,142,137,158,62,120,3,95,149,107,55,14,13,111,52,148,83,129,24,150,103,105,69,159,40,116,104,99,106,194,180,178,192,109,66,145,102,185,171,0,85,140,17,53,155,146,63,31,183,65,125,190,10,130,5,39,113,43,187,179,96,141,98,114,64,79,42,119,132,75,163,133,81,153,166,189,28,8,36,22,112,93,19,87,121,51];True
3095;6696;9791;[198,29,90,41,127,60,42,47,26,161,115,152,49,54,197,168,74,37,94,118,124,44,34,108,174,196,167,15,156,21,73,82,131,110,181,68,140,184,138,126,143,160,173,18,199,12,7,136,89,46,164,4,84,122,25,23,77,57,186,170,176,72,154,172,59,11,182,139,135,191,48,50,56,92,147,67,32,61,45,165,193,19,33,16,91,88,70,71,162,20,188,144,9,35,157,78,128,101,86,76,80,100,30,134,27,195,97,58,151,175,6,1,117,2,169,142,137,158,62,120,3,95,149,107,55,14,13,111,52,148,83,129,24,150,103,105,69,159,40,116,123,99,106,194,180,178,192,10,66,145,102,185,171,0,85,104,17,53,155,146,63,31,183,65,125,190,109,130,5,39,113,43,187,179,96,141,98,114,64,79,177,119,132,75,163,133,81,153,166,189,28,8,36,22,112,93,38,87,121,51];True
3111;6692;9803;[198,29,90,41,127,60,42,47,26,161,115,152,49,54,197,168,74,37,94,118,124,44,34,108,174,196,167,15,156,21,73,82,131,110,181,68,140,184,138,126,143,160,173,18,199,12,7,136,89,46,164,4,84,122,25,23,77,57,186,170,176,72,154,172,59,11,182,139,135,191,48,50,56,92,147,67,32,61,45,165,193,19,33,16,91,88,70,71,162,20,188,144,9,35,157,78,128,101,86,76,80,100,30,134,27,195,97,58,151,175,6,1,117,2,169,142,163,158,62,120,3,95,149,107,55,14,13,111,52,148,83,129,24,150,103,105,69,159,40,116,123,99,106,194,180,178,192,10,66,145,102,185,171,0,85,104,17,53,155,146,63,31,183,65,125,190,109,130,5,39,113,43,187,179,96,177,98,114,64,79,141,119,132,75,137,133,81,153,166,189,28,8,36,22,112,93,38,87,121,51];True
3121;6686;9807;[198,29,90,41,127,60,177,47,26,161,115,152,49,54,197,168,74,37,94,118,124,44,34,108,174,196,167,15,156,21,73,82,131,110,181,68,140,184,138,126,143,160,173,18,199,12,7,136,89,46,164,4,84,122,25,23,77,57,186,170,176,72,154,172,59,11,182,139,135,191,48,50,56,92,147,67,32,61,45,165,193,19,33,16,91,88,70,71,162,20,188,144,9,35,157,78,128,101,86,76,80,100,30,134,27,195,97,58,151,175,6,1,117,2,169,142,137,158,62,120,3,95,149,107,55,14,13,111,52,148,83,129,24,150,103,105,69,159,40,116,123,99,106,194,180,178,192,10,66,145,102,185,171,0,85,104,17,53,155,146,63,31,183,65,125,190,109,130,5,39,113,43,187,179,96,141,98,114,64,79,42,119,132,75,163,133,81,153,166,189,28,8,36,22,112,93,38,87,121,51];True
3119;6691;9810;[198,29,90,41,127,60,42,47,26,161,115,152,49,54,197,168,74,37,94,118,124,44,34,108,174,196,167,15,156,21,73,82,131,110,181,68,140,184,138,126,143,160,173,18,199,12,7,136,89,46,164,4,84,122,25,23,77,57,186,170,176,72,154,172,59,11,182,139,135,191,48,50,56,92,147,67,32,61,45,165,193,19,33,16,91,88,70,71,162,20,188,144,9,35,157,78,128,101,86,76,80,100,30,134,27,195,97,58,151,175,6,1,117,2,169,142,163,158,62,120,3,95,149,107,55,14,13,111,52,148,83,129,24,150,103,105,69,159,40,116,123,99,106,194,180,178,192,10,66,145,102,185,171,0,85,104,17,53,155,146,63,31,183,65,125,190,109,130,5,39,113,43,187,179,96,141,98,114,64,79,177,119,132,75,137,133,81,153,166,189,28,8,36,22,112,93,38,87,121,51];True
3141;6683;9824;[198,29,90,41,127,60,42,47,26,161,115,152,49,54,197,168,74,37,94,118,124,44,34,108,174,196,167,15,156,21,73,82,131,110,181,68,140,184,138,126,143,160,173,18,199,12,7,136,89,46,164,4,84,122,25,23,77,57,186,170,176,72,154,172,59,11,182,139,135,191,48,50,56,92,147,67,32,61,45,165,193,19,33,16,91,88,70,71,162,20,188,144,9,35,157,78,128,101,86,76,80,100,30,134,27,195,97,58,151,175,6,1,117,2,169,142,137,158,62,120,3,95,149,107,55,14,13,111,52,148,83,129,24,150,103,105,69,159,40,116,123,99,106,194,180,178,192,109,66,145,102,185,171,0,85,104,17,53,155,146,63,31,183,65,125,190,10,130,5,39,113,43,187,179,96,177,98,114,64,79,141,119,132,75,163,133,81,153,166,189,28,8,36,22,112,93,38,87,121,51];True
3145;6681;9826;[198,29,90,41,127,60,177,47,26,161,115,152,49,54,197,168,74,37,94,118,124,44,34,108,174,196,167,15,156,21,73,82,131,110,181,68,140,184,138,126,143,160,173,18,199,12,7,136,89,46,164,4,84,122,25,23,77,57,186,170,176,72,154,172,59,11,182,139,135,191,48,50,56,92,147,67,32,61,45,165,193,19,33,16,91,88,70,71,162,20,188,144,9,35,157,78,128,101,86,76,80,100,30,134,27,195,97,58,151,175,6,1,117,2,169,142,163,158,62,120,3,95,149,107,55,14,13,111,52,148,83,129,24,150,103,105,69,159,40,116,123,99,106,194,180,178,192,10,66,145,102,185,171,0,85,104,17,53,155,146,63,31,183,65,125,190,109,130,5,39,113,43,187,179,96,141,98,114,64,79,42,119,132,75,137,133,81,153,166,189,28,8,36,22,112,93,38,87,121,51];True
3156;6677;9833;[198,29,90,41,127,60,177,47,26,161,115,152,49,54,197,168,74,37,94,118,124,44,34,108,174,196,167,15,156,21,73,82,131,110,181,68,140,184,138,126,143,160,173,18,199,12,7,136,89,46,164,4,84,122,25,23,77,57,186,170,176,72,154,172,59,11,182,139,135,191,48,50,56,92,147,67,32,61,45,165,193,19,33,16,91,88,70,71,162,20,188,144,9,35,157,78,128,101,86,76,80,100,30,134,27,2,97,58,151,175,6,1,117,195,169,142,137,158,62,120,3,95,149,107,55,14,13,111,52,148,83,129,24,150,103,105,69,159,40,116,123,99,106,194,180,178,192,10,66,145,102,185,171,0,85,104,17,53,155,146,63,31,183,65,125,190,109,130,5,39,113,43,187,179,96,141,98,114,64,79,42,119,132,75,163,133,81,153,166,189,28,8,36,22,112,93,38,87,121,51];True
3175;6672;9847;[198,29,90,41,127,60,177,47,26,161,115,152,49,54,197,168,74,37,94,118,124,44,34,108,174,196,167,15,156,21,73,82,131,110,181,68,140,184,138,126,143,160,173,18,199,12,7,136,89,46,164,4,84,122,25,23,77,57,186,170,176,72,154,172,59,11,182,139,135,191,48,50,56,92,147,67,32,61,45,165,193,19,33,16,91,88,70,71,162,20,188,144,9,35,157,78,128,101,86,76,80,100,30,134,27,195,97,58,151,175,6,1,117,2,169,142,137,158,62,120,3,95,149,107,55,14,13,111,52,148,83,129,24,150,103,105,69,159,40,116,123,99,106,194,180,178,192,109,66,145,102,185,171,0,85,104,17,53,155,146,63,31,183,65,125,190,10,130,5,39,113,43,187,179,96,141,98,114,64,79,42,119,132,75,163,133,81,153,166,189,28,8,36,22,112,93,38,87,121,51];True
3199;6667;9866;[198,29,90,41,127,60,177,47,26,161,115,152,49,54,197,168,74,37,94,118,124,44,34,108,174,196,167,15,156,21,73,82,131,110,181,68,140,184,138,126,143,160,173,18,199,12,7,136,89,46,164,4,84,122,25,23,77,57,186,170,176,72,154,172,59,11,182,139,135,191,48,50,56,92,147,67,32,61,45,165,193,19,33,16,91,88,70,71,162,20,188,144,9,35,157,78,128,101,86,76,80,100,30,134,27,195,97,58,151,175,6,1,117,2,169,142,163,158,62,120,3,95,149,107,55,14,13,111,52,148,83,129,24,150,103,105,69,159,40,116,123,99,106,194,180,178,192,109,66,145,102,185,171,0,85,104,17,53,155,146,63,31,183,65,125,190,10,130,5,39,113,43,187,179,96,141,98,114,64,79,42,119,132,75,137,133,81,153,166,189,28,8,36,22,112,93,38,87,121,51];True
3195;6671;9866;[198,29,90,41,127,60,177,47,26,161,115,152,49,54,197,168,74,37,94,118,124,44,34,108,174,196,167,15,156,21,73,82,131,110,181,68,123,45,138,126,143,160,173,18,199,12,7,136,89,46,164,4,84,122,25,23,77,57,186,170,176,72,154,172,59,11,182,139,135,191,48,50,56,92,147,67,32,61,184,165,193,19,33,16,91,88,70,71,162,20,188,144,9,35,157,78,128,101,86,76,80,100,30,134,27,195,97,58,151,175,6,1,117,2,169,142,137,158,62,120,3,95,149,107,55,14,13,111,52,148,83,129,24,150,103,105,69,159,40,116,140,99,106,194,180,178,192,10,66,145,102,185,171,0,85,104,17,53,155,146,63,31,183,65,125,190,109,130,5,39,113,43,187,179,96,141,98,114,64,79,42,119,132,75,163,133,81,153,166,189,28,8,36,22,112,93,38,87,121,51];True
3210;6663;9873;[198,29,90,41,127,60,177,47,26,161,115,152,49,54,197,168,74,37,94,118,124,44,34,108,174,196,167,15,156,21,73,82,131,110,181,68,140,184,138,126,143,160,173,18,199,12,7,136,89,46,164,4,84,122,25,23,77,57,186,170,176,72,154,172,59,11,182,139,135,191,48,50,56,92,147,67,32,61,45,165,193,19,33,16,91,88,70,71,162,20,188,144,9,35,157,78,128,101,86,76,80,100,30,134,27,2,97,58,151,175,6,1,117,195,169,142,137,158,62,120,3,95,149,107,55,14,13,111,52,148,83,129,24,150,103,105,69,159,40,116,123,99,106,194,180,178,192,109,66,145,102,185,171,0,85,104,17,53,155,146,63,31,183,65,125,190,10,130,5,39,113,43,187,179,96,141,98,114,64,79,42,119,132,75,163,133,81,153,166,189,28,8,36,22,112,93,38,87,121,51];True
3234;6658;9892;[198,29,90,41,127,60,177,47,26,161,115,152,49,54,197,168,74,37,94,118,124,44,34,108,174,196,167,15,156,21,73,82,131,110,181,68,140,184,138,126,143,160,173,18,199,12,7,136,89,46,164,4,84,122,25,23,77,57,186,170,176,72,154,172,59,11,182,139,135,191,48,50,56,92,147,67,32,61,45,165,193,19,33,16,91,88,70,71,162,20,188,144,9,35,157,78,128,101,86,76,80,100,30,134,27,2,97,58,151,175,6,1,117,195,169,142,163,158,62,120,3,95,149,107,55,14,13,111,52,148,83,129,24,150,103,105,69,159,40,116,123,99,106,194,180,178,192,109,66,145,102,185,171,0,85,104,17,53,155,146,63,31,183,65,125,190,10,130,5,39,113,43,187,179,96,141,98,114,64,79,42,119,132,75,137,133,81,153,166,189,28,8,36,22,112,93,38,87,121,51];True
3230;6662;9892;[198,29,90,41,127,60,177,47,26,161,115,152,49,54,197,168,74,37,94,118,124,44,34,108,174,196,167,15,156,21,73,82,131,110,181,68,123,45,138,126,143,160,173,18,199,12,7,136,89,46,164,4,84,122,25,23,77,57,186,170,176,72,154,172,59,11,182,139,135,191,48,50,56,92,147,67,32,61,184,165,193,19,33,16,91,88,70,71,162,20,188,144,9,35,157,78,128,101,86,76,80,100,30,134,27,2,97,58,151,175,6,1,117,195,169,142,137,158,62,120,3,95,149,107,55,14,13,111,52,148,83,129,24,150,103,105,69,159,40,116,140,99,106,194,180,178,192,10,66,145,102,185,171,0,85,104,17,53,155,146,63,31,183,65,125,190,109,130,5,39,113,43,187,179,96,141,98,114,64,79,42,119,132,75,163,133,81,153,166,189,28,8,36,22,112,93,38,87,121,51];True
3249;6657;9906;[198,29,90,41,127,60,177,47,26,161,115,152,49,54,197,168,74,37,94,118,124,44,34,108,174,196,167,15,156,21,73,82,131,110,181,68,123,45,138,126,143,160,173,18,199,12,7,136,89,46,164,4,84,122,25,23,77,57,186,170,176,72,154,172,59,11,182,139,135,191,48,50,56,92,147,67,32,61,184,165,193,19,33,16,91,88,70,71,162,20,188,144,9,35,157,78,128,101,86,76,80,100,30,134,27,195,97,58,151,175,6,1,117,2,169,142,137,158,62,120,3,95,149,107,55,14,13,111,52,148,83,129,24,150,103,105,69,159,40,116,140,99,106,194,180,178,192,109,66,145,102,185,171,0,85,104,17,53,155,146,63,31,183,65,125,190,10,130,5,39,113,43,187,179,96,141,98,114,64,79,42,119,132,75,163,133,81,153,166,189,28,8,36,22,112,93,38,87,121,51];True
3254;6656;9910;[198,29,90,41,127,60,177,47,26,161,115,152,49,54,197,168,74,37,94,118,124,44,34,108,174,196,167,15,156,21,73,82,131,110,181,68,140,184,138,126,143,160,173,18,171,12,7,136,89,46,164,4,84,122,25,23,77,57,186,170,176,72,154,172,59,11,182,139,135,191,48,50,56,92,147,67,32,61,45,165,193,19,33,16,91,88,70,71,162,20,188,144,9,35,157,78,128,101,86,76,80,100,30,134,27,195,97,58,151,175,6,1,117,2,169,142,137,158,62,120,3,95,149,107,55,14,13,111,52,148,83,129,24,150,103,105,69,159,40,116,123,99,106,194,180,178,192,109,66,145,102,185,199,0,85,104,17,53,155,146,63,31,183,65,125,190,10,130,5,39,113,43,187,179,96,141,98,114,64,79,42,119,132,75,163,133,81,153,166,189,28,8,36,22,112,93,38,87,121,51];True
3259;6655;9914;[198,29,90,41,127,60,177,47,26,161,115,152,49,54,197,168,74,37,94,118,124,44,34,108,174,196,167,15,156,21,73,82,131,110,181,68,123,45,138,126,143,160,173,18,199,12,7,136,89,46,164,4,84,122,25,23,77,57,186,170,176,72,154,172,59,11,182,139,135,191,48,50,56,92,147,67,32,61,184,165,193,19,33,16,91,88,70,71,162,20,188,144,9,35,157,78,128,101,86,76,80,100,30,134,27,2,97,58,151,175,6,1,117,195,169,142,137,158,62,120,3,95,149,107,55,14,13,111,52,148,83,129,24,150,103,105,69,159,40,116,104,99,106,194,180,178,192,109,66,145,102,185,171,0,85,140,17,53,155,146,63,31,183,65,125,190,10,130,5,39,113,43,187,179,96,141,98,114,64,79,42,119,132,75,163,133,81,153,166,189,28,8,36,22,112,93,38,87,121,51];True
3264;6654;9918;[198,29,90,41,127,60,177,47,26,161,115,152,49,54,197,123,74,37,94,118,124,168,17,108,174,196,167,15,156,21,73,82,131,110,181,68,9,45,138,126,143,160,173,18,199,12,7,136,89,46,164,4,84,122,25,23,77,57,186,170,176,72,154,172,59,11,182,139,135,191,48,50,56,92,147,67,32,61,38,165,193,28,44,16,91,88,70,71,162,20,188,144,184,8,157,78,128,101,86,76,80,100,30,134,27,2,97,58,151,175,6,1,117,195,169,142,137,158,62,120,3,95,149,107,55,14,13,111,52,148,83,129,24,150,103,105,69,159,40,116,104,99,106,194,180,178,192,10,66,145,102,185,171,0,85,140,34,53,155,146,63,31,183,65,125,190,109,130,5,39,113,43,187,179,96,141,98,114,64,79,42,119,132,75,163,133,81,153,166,189,33,35,36,22,112,93,19,87,121,51];True
3269;6653;9922;[198,29,90,41,127,60,177,47,26,161,115,152,49,54,197,168,74,37,94,118,124,44,34,108,174,196,167,15,156,21,73,82,131,110,181,68,123,45,138,126,143,160,173,18,199,12,7,136,89,46,164,4,84,122,25,23,77,57,186,170,176,72,154,172,59,11,182,139,135,191,48,50,56,92,147,67,32,61,28,165,193,19,33,16,91,88,70,71,162,20,188,144,9,35,157,78,128,101,86,76,80,100,30,134,27,2,97,58,151,175,6,1,117,195,169,142,163,158,62,120,3,95,149,107,55,14,13,111,52,148,83,129,24,150,103,105,69,159,40,116,140,99,106,194,180,178,192,109,66,145,102,185,171,0,85,104,17,53,155,146,63,31,183,65,125,190,10,130,5,39,113,43,187,179,96,141,98,114,64,79,42,119,132,75,137,133,81,153,166,189,184,8,36,22,112,93,38,87,121,51];True
3273;6652;9925;[198,29,90,41,127,60,177,47,26,161,115,152,49,54,197,168,74,37,94,118,124,44,34,108,174,196,167,15,156,21,73,82,131,110,181,68,123,45,138,126,143,160,173,18,199,12,7,136,89,46,164,4,84,122,25,23,77,57,186,170,176,72,154,172,59,11,182,139,135,191,48,50,56,92,147,67,32,61,184,165,193,19,33,16,91,88,70,71,162,20,188,144,9,35,157,78,128,101,86,76,80,100,30,134,27,195,97,58,151,175,6,1,117,2,169,142,163,158,62,120,3,95,149,107,55,14,13,111,52,148,83,129,24,150,103,105,69,159,40,116,140,99,106,194,180,178,192,109,66,145,102,185,171,0,85,104,17,53,155,146,63,31,183,65,125,190,10,130,5,39,113,43,187,179,96,141,98,114,64,79,42,119,132,75,137,133,81,153,166,189,28,8,36,22,112,93,38,87,121,51];True
3278;6650;9928;[198,29,90,41,127,60,177,47,26,161,115,152,49,54,197,123,74,37,94,118,124,168,34,108,174,196,167,15,156,21,73,82,131,110,181,68,9,45,138,126,143,160,173,18,199,12,7,136,89,46,164,4,84,122,25,23,77,57,186,170,176,72,154,172,59,11,182,139,135,191,48,50,56,92,147,67,32,61,38,165,193,28,44,16,91,88,70,71,162,20,188,144,184,8,157,78,128,101,86,76,80,100,30,134,27,195,97,58,151,175,6,1,117,2,169,142,137,158,62,120,3,95,149,107,55,14,13,111,52,148,83,129,24,150,103,105,69,159,40,116,140,99,106,194,180,178,192,10,66,145,102,185,171,0,85,104,17,53,155,146,63,31,183,65,125,190,109,130,5,39,113,43,187,179,96,141,98,114,64,79,42,119,132,75,163,133,81,153,166,189,33,35,36,22,112,93,19,87,121,51];True
3283;6649;9932;[198,29,90,41,127,60,177,47,26,161,115,152,49,54,197,123,74,37,94,118,124,168,17,108,174,196,167,15,156,21,73,82,131,110,181,68,9,45,138,126,143,160,173,18,199,12,7,136,89,46,164,4,84,122,25,23,77,57,186,170,176,72,154,172,59,11,182,139,135,191,48,50,56,92,147,67,32,61,38,165,193,28,44,16,91,88,70,71,162,20,188,144,184,8,157,78,128,101,86,76,80,100,30,134,27,195,97,58,151,175,6,1,117,2,169,142,137,158,62,120,3,95,149,107,55,14,13,111,52,148,83,129,24,150,103,105,69,159,40,116,104,99,106,194,180,178,192,109,66,145,102,185,171,0,85,140,34,53,155,146,63,31,183,65,125,190,10,130,5,39,113,43,187,179,96,141,98,114,64,79,42,119,132,75,163,133,81,153,166,189,33,35,36,22,112,93,19,87,121,51];True
3284;6648;9932;[198,29,90,41,127,60,177,47,26,161,115,152,49,54,197,168,74,37,94,118,124,44,34,108,174,196,167,15,156,21,73,82,131,110,181,68,123,45,138,126,143,160,173,18,199,12,7,136,89,46,164,4,84,122,25,23,77,57,186,170,176,72,154,172,59,11,182,139,135,191,48,50,56,92,147,67,32,61,184,165,193,19,33,16,91,88,70,71,162,20,188,144,9,35,157,78,128,101,86,76,80,100,30,134,27,2,97,58,151,175,6,1,117,195,169,142,137,158,62,120,3,95,149,107,55,14,13,111,52,148,83,129,24,150,103,105,69,159,40,116,140,99,106,194,180,178,192,109,66,145,102,185,171,0,85,104,17,53,155,146,63,31,183,65,125,190,10,130,5,39,113,43,187,179,96,141,98,114,64,79,42,119,132,75,163,133,81,153,166,189,28,8,36,22,112,93,38,87,121,51];True
3289;6647;9936;[198,29,90,41,127,60,177,47,26,161,115,152,49,54,197,168,74,37,94,118,124,44,34,108,174,196,167,15,156,21,73,82,131,110,181,68,140,184,138,126,143,160,173,18,171,12,7,136,89,46,164,4,84,122,25,23,77,57,186,170,176,72,154,172,59,11,182,139,135,191,48,50,56,92,147,67,32,61,45,165,193,19,33,16,91,88,70,71,162,20,188,144,9,35,157,78,128,101,86,76,80,100,30,134,27,2,97,58,151,175,6,1,117,195,169,142,137,158,62,120,3,95,149,107,55,14,13,111,52,148,83,129,24,150,103,105,69,159,40,116,123,99,106,194,180,178,192,109,66,145,102,185,199,0,85,104,17,53,155,146,63,31,183,65,125,190,10,130,5,39,113,43,187,179,96,141,98,114,64,79,42,119,132,75,163,133,81,153,166,189,28,8,36,22,112,93,38,87,121,51];True
3301;6646;9947;[198,29,90,41,127,60,177,47,26,161,115,152,49,54,197,123,74,37,94,118,124,168,17,108,174,196,167,15,156,21,73,82,131,110,181,68,9,45,138,126,143,160,173,18,199,12,7,136,89,46,164,4,84,122,25,23,77,57,186,170,176,72,154,172,59,11,182,139,135,191,48,50,56,92,147,67,32,61,19,165,193,28,44,16,91,88,70,71,162,20,188,144,184,8,157,78,128,101,86,76,80,100,30,134,27,195,97,58,151,175,6,1,117,2,169,142,137,158,62,120,3,95,149,107,55,14,13,111,52,148,83,129,24,150,103,105,69,159,40,116,104,99,106,194,180,178,192,109,66,145,102,185,171,0,85,140,34,53,155,146,63,31,183,65,125,190,10,130,5,39,113,43,187,179,96,141,98,114,64,79,42,119,132,75,163,133,81,153,166,189,33,35,36,22,112,93,38,87,121,51];True
3302;6645;9947;[198,29,90,41,127,60,177,47,26,161,115,152,49,54,197,123,74,37,94,118,124,168,34,108,174,196,167,15,156,21,73,82,131,110,181,68,9,45,138,126,143,160,173,18,199,12,7,136,89,46,164,4,84,122,25,23,77,57,186,170,176,72,154,172,59,11,182,139,135,191,48,50,56,92,147,67,32,61,38,165,193,28,44,16,91,88,70,71,162,20,188,144,184,8,157,78,128,101,86,76,80,100,30,134,27,195,97,58,151,175,6,1,117,2,169,142,163,158,62,120,3,95,149,107,55,14,13,111,52,148,83,129,24,150,103,105,69,159,40,116,140,99,106,194,180,178,192,10,66,145,102,185,171,0,85,104,17,53,155,146,63,31,183,65,125,190,109,130,5,39,113,43,187,179,96,141,98,114,64,79,42,119,132,75,137,133,81,153,166,189,33,35,36,22,112,93,19,87,121,51];True
3307;6643;9950;[198,29,90,41,127,60,177,47,26,161,115,152,49,54,197,123,74,37,94,118,124,168,34,108,174,196,167,15,156,21,73,82,131,110,181,68,9,45,138,126,143,160,173,18,199,12,7,136,89,46,164,4,84,122,25,23,77,57,186,170,176,72,154,172,59,11,182,139,135,191,48,50,56,92,147,67,32,61,38,165,193,28,44,16,91,88,70,71,162,20,188,144,184,8,157,78,128,101,86,76,80,100,30,134,27,195,97,58,151,175,6,1,117,2,169,142,137,158,62,120,3,95,149,107,55,14,13,111,52,148,83,129,24,150,103,105,69,159,40,116,104,99,106,194,180,178,192,109,66,145,102,185,171,0,85,140,17,53,155,146,63,31,183,65,125,190,10,130,5,39,113,43,187,179,96,141,98,114,64,79,42,119,132,75,163,133,81,153,166,189,33,35,36,22,112,93,19,87,121,51];True
3313;6641;9954;[198,29,90,41,127,60,177,47,26,161,115,152,49,54,197,123,74,37,94,118,124,168,34,108,174,196,167,15,156,21,73,82,131,110,181,68,9,45,138,126,143,160,173,18,199,12,7,136,89,46,164,4,84,122,25,23,77,57,186,170,176,72,154,172,59,11,182,139,135,191,48,50,56,92,147,67,32,61,38,165,193,28,44,16,91,88,70,71,162,20,188,144,184,8,157,78,128,101,86,76,80,100,30,134,27,2,97,58,151,175,6,1,117,195,169,142,137,158,62,120,3,95,149,107,55,14,13,111,52,148,83,129,24,150,103,105,69,159,40,116,140,99,106,194,180,178,192,10,66,145,102,185,171,0,85,104,17,53,155,146,63,31,183,65,125,190,109,130,5,39,113,43,187,179,96,141,98,114,64,79,42,119,132,75,163,133,81,153,166,189,33,35,36,22,112,93,19,87,121,51];True
3318;6640;9958;[198,29,90,41,127,60,177,47,26,161,115,152,49,54,197,123,74,37,94,118,124,168,17,108,174,196,167,15,156,21,73,82,131,110,181,68,9,45,138,126,143,160,173,18,199,12,7,136,89,46,164,4,84,122,25,23,77,57,186,170,176,72,154,172,59,11,182,139,135,191,48,50,56,92,147,67,32,61,38,165,193,28,44,16,91,88,70,71,162,20,188,144,184,8,157,78,128,101,86,76,80,100,30,134,27,2,97,58,151,175,6,1,117,195,169,142,137,158,62,120,3,95,149,107,55,14,13,111,52,148,83,129,24,150,103,105,69,159,40,116,104,99,106,194,180,178,192,109,66,145,102,185,171,0,85,140,34,53,155,146,63,31,183,65,125,190,10,130,5,39,113,43,187,179,96,141,98,114,64,79,42,119,132,75,163,133,81,153,166,189,33,35,36,22,112,93,19,87,121,51];True
3332;6636;9968;[198,29,90,41,127,60,177,47,26,161,115,152,49,54,197,123,74,37,94,118,124,168,34,108,174,196,167,15,156,21,73,82,131,110,181,68,9,45,138,126,143,160,173,18,199,12,7,136,89,46,164,4,84,122,25,23,77,57,186,170,176,72,154,172,59,11,182,139,135,191,48,50,56,92,147,67,32,61,38,165,193,28,44,16,91,88,70,71,162,20,188,144,184,8,157,78,128,101,86,76,80,100,30,134,27,195,97,58,151,175,6,1,117,2,169,142,137,158,62,120,3,95,149,107,55,14,13,111,52,148,83,129,24,150,103,105,69,159,40,116,140,99,106,194,180,178,192,109,66,145,102,185,171,0,85,104,17,53,155,146,63,31,183,65,125,190,10,130,5,39,113,43,187,179,96,141,98,114,64,79,42,119,132,75,163,133,81,153,166,189,33,35,36,22,112,93,19,87,121,51];True
3331;6638;9969;[198,29,90,41,127,60,177,47,26,161,115,152,49,54,197,123,74,37,94,118,124,168,34,108,174,196,167,15,156,21,73,82,131,110,181,68,9,45,138,126,143,160,173,18,199,12,7,136,89,46,164,4,84,122,25,23,77,57,186,170,176,72,154,172,59,11,182,139,135,191,48,50,56,92,147,67,32,61,38,165,193,28,44,16,91,88,70,71,162,20,188,144,184,8,157,78,128,101,86,76,80,100,30,134,27,195,97,58,151,175,6,1,117,2,169,142,163,158,62,120,3,95,149,107,55,14,13,111,52,148,83,129,24,150,103,105,69,159,40,116,104,99,106,194,180,178,192,109,66,145,102,185,171,0,85,140,17,53,155,146,63,31,183,65,125,190,10,130,5,39,113,43,187,179,96,141,98,114,64,79,42,119,132,75,137,133,81,153,166,189,33,35,36,22,112,93,19,87,121,51];True
3342;6634;9976;[198,29,90,41,127,60,177,47,26,161,115,152,49,54,197,123,74,37,94,118,124,168,34,108,174,196,167,15,156,21,73,82,131,110,181,68,9,45,138,126,143,160,173,18,199,12,7,136,89,46,164,4,84,122,25,23,77,57,186,170,176,72,154,172,59,11,182,139,135,191,48,50,56,92,147,67,32,61,38,165,193,28,44,16,91,88,70,71,162,20,188,144,184,8,157,78,128,101,86,76,80,100,30,134,27,2,97,58,151,175,6,1,117,195,169,142,137,158,62,120,3,95,149,107,55,14,13,111,52,148,83,129,24,150,103,105,69,159,40,116,104,99,106,194,180,178,192,109,66,145,102,185,171,0,85,140,17,53,155,146,63,31,183,65,125,190,10,130,5,39,113,43,187,179,96,141,98,114,64,79,42,119,132,75,163,133,81,153,166,189,33,35,36,22,112,93,19,87,121,51];True
3348;6633;9981;[198,29,90,41,127,60,177,47,26,161,115,152,49,54,197,123,74,37,94,118,124,168,17,108,174,196,167,15,156,21,73,82,137,86,181,68,9,45,138,126,143,160,173,18,199,12,7,136,89,46,164,4,84,122,25,23,77,57,186,170,176,72,154,172,59,11,182,139,135,191,48,50,56,92,147,67,32,61,38,165,193,28,44,16,91,88,70,71,162,20,188,144,184,8,157,78,128,101,185,76,80,100,30,134,27,2,97,58,151,175,6,1,117,195,169,142,131,158,62,120,3,95,149,107,55,14,13,111,52,148,83,129,24,150,103,105,69,159,40,116,104,99,106,194,180,178,192,10,66,145,102,110,171,0,85,140,34,53,155,146,63,31,183,65,125,190,109,130,5,39,113,43,187,179,96,141,98,114,64,79,42,119,132,75,163,133,81,153,166,189,33,35,36,22,112,93,19,87,121,51];True
3356;6631;9987;[198,29,90,41,127,60,177,47,26,161,115,152,49,54,197,123,74,37,94,118,124,168,34,108,174,196,167,15,156,21,73,82,131,110,181,68,9,45,138,126,143,160,173,18,199,12,7,136,89,46,164,4,84,122,25,23,77,57,186,170,176,72,154,172,59,11,182,139,135,191,48,50,56,92,147,67,32,61,38,165,193,28,44,16,91,88,70,71,162,20,188,144,184,8,157,78,128,101,86,76,80,100,30,134,27,195,97,58,151,175,6,1,117,2,169,142,163,158,62,120,3,95,149,107,55,14,13,111,52,148,83,129,24,150,103,105,69,159,40,116,140,99,106,194,180,178,192,109,66,145,102,185,171,0,85,104,17,53,155,146,63,31,183,65,125,190,10,130,5,39,113,43,187,179,96,141,98,114,64,79,42,119,132,75,137,133,81,153,166,189,33,35,36,22,112,93,19,87,121,51];True
3362;6629;9991;[198,29,90,41,127,60,177,47,26,161,115,152,49,54,197,123,74,37,94,118,124,168,34,108,174,196,167,15,156,21,73,82,137,86,181,68,9,45,138,126,143,160,173,18,199,12,7,136,89,46,164,4,84,122,25,23,77,57,186,170,176,72,154,172,59,11,182,139,135,191,48,50,56,92,147,67,32,61,38,165,193,28,44,16,91,88,70,71,162,20,188,144,184,8,157,78,128,101,185,76,80,100,30,134,27,195,97,58,151,175,6,1,117,2,169,142,131,158,62,120,3,95,149,107,55,14,13,111,52,148,83,129,24,150,103,105,69,159,40,116,140,99,106,194,180,178,192,10,66,145,102,110,171,0,85,104,17,53,155,146,63,31,183,65,125,190,109,130,5,39,113,43,187,179,96,141,98,114,64,79,42,119,132,75,163,133,81,153,166,189,33,35,36,22,112,93,19,87,121,51];True
3367;6627;9994;[198,29,90,41,127,60,177,47,26,161,115,152,49,54,197,123,74,37,94,118,124,168,34,108,174,196,167,15,156,21,73,82,131,110,181,68,9,45,138,126,143,160,173,18,199,12,7,136,89,46,164,4,84,122,25,23,77,57,186,170,176,72,154,172,59,11,182,139,135,191,48,50,56,92,147,67,32,61,38,165,193,28,44,16,91,88,70,71,162,20,188,144,184,8,157,78,128,101,86,76,80,100,30,134,27,2,97,58,151,175,6,1,117,195,169,142,137,158,62,120,3,95,149,107,55,14,13,111,52,148,83,129,24,150,103,105,69,159,40,116,140,99,106,194,180,178,192,109,66,145,102,185,171,0,85,104,17,53,155,146,63,31,183,65,125,190,10,130,5,39,113,43,187,179,96,141,98,114,64,79,42,119,132,75,163,133,81,153,166,189,33,35,36,22,112,93,19,87,121,51];True
3380;6626;10006;[198,29,90,41,127,60,177,47,26,161,115,152,49,54,197,123,74,37,94,118,124,168,34,108,174,196,167,15,156,21,73,82,137,86,181,68,9,45,138,126,143,160,173,18,199,12,7,136,89,46,164,4,84,122,25,23,77,57,186,170,176,72,154,172,59,11,182,139,135,191,48,50,56,92,147,67,32,61,19,165,193,28,44,16,91,88,70,71,162,20,188,144,184,8,157,78,128,101,185,76,80,100,30,134,27,195,97,58,151,175,6,1,117,2,169,142,131,158,62,120,3,95,149,107,55,14,13,111,52,148,83,129,24,150,103,105,69,159,40,116,140,99,106,194,180,178,192,10,66,145,102,110,171,0,85,104,17,53,155,146,63,31,183,65,125,190,109,130,5,39,113,43,187,179,96,141,98,114,64,79,42,119,132,75,163,133,81,153,166,189,33,35,36,22,112,93,38,87,121,51];True
3385;6624;10009;[198,29,90,41,127,60,177,47,26,161,115,152,49,54,197,123,74,37,94,118,124,168,34,108,174,196,167,15,156,21,73,82,131,110,181,68,9,45,138,126,143,160,173,18,199,12,7,136,89,46,164,4,84,122,25,23,77,57,186,170,176,72,154,172,59,11,182,139,135,191,48,50,56,92,147,67,32,61,19,165,193,28,44,16,91,88,70,71,162,20,188,144,184,8,157,78,128,101,86,76,80,100,30,134,27,2,97,58,151,175,6,1,117,195,169,142,137,158,62,120,3,95,149,107,55,14,13,111,52,148,83,129,24,150,103,105,69,159,40,116,140,99,106,194,180,178,192,109,66,145,102,185,171,0,85,104,17,53,155,146,63,31,183,65,125,190,10,130,5,39,113,43,187,179,96,141,98,114,64,79,42,119,132,75,163,133,81,153,166,189,33,35,36,22,112,93,38,87,121,51];True
3391;6622;10013;[198,29,90,41,127,60,177,47,26,161,115,152,49,54,197,123,74,37,94,118,124,168,34,108,174,196,167,15,156,21,73,82,137,86,181,68,9,45,138,126,143,160,173,18,199,12,7,136,89,46,164,4,84,122,25,23,77,57,186,170,176,72,154,172,59,11,182,139,135,191,48,50,56,92,147,67,32,61,38,165,193,28,44,16,91,88,70,71,162,20,188,144,184,8,157,78,128,101,185,76,80,100,30,134,27,195,97,58,151,175,6,1,117,2,169,142,131,158,62,120,3,95,149,107,55,14,13,111,52,148,83,129,24,150,103,105,69,159,40,116,104,99,106,194,180,178,192,109,66,145,102,110,171,0,85,140,17,53,155,146,63,31,183,65,125,190,10,130,5,39,113,43,187,179,96,141,98,114,64,79,42,119,132,75,163,133,81,153,166,189,33,35,36,22,112,93,19,87,121,51];True
3397;6620;10017;[198,29,90,41,127,60,177,47,26,161,115,152,49,54,197,123,74,37,94,118,124,168,34,108,174,196,167,15,156,21,73,82,137,86,181,68,9,45,138,126,143,160,173,18,199,12,7,136,89,46,164,4,84,122,25,23,77,57,186,170,176,72,154,172,59,11,182,139,135,191,48,50,56,92,147,67,32,61,38,165,193,28,44,16,91,88,70,71,162,20,188,144,184,8,157,78,128,101,185,76,80,100,30,134,27,2,97,58,151,175,6,1,117,195,169,142,131,158,62,120,3,95,149,107,55,14,13,111,52,148,83,129,24,150,103,105,69,159,40,116,140,99,106,194,180,178,192,10,66,145,102,110,171,0,85,104,17,53,155,146,63,31,183,65,125,190,109,130,5,39,113,43,187,179,96,141,98,114,64,79,42,119,132,75,163,133,81,153,166,189,33,35,36,22,112,93,19,87,121,51];True
3402;6619;10021;[198,29,90,41,127,60,177,47,26,161,115,152,49,54,197,123,74,37,94,118,124,168,17,108,174,196,167,15,156,21,73,82,137,86,181,68,9,45,138,126,143,160,173,18,199,12,7,136,89,46,164,4,84,122,25,23,77,57,186,170,176,72,154,172,59,11,182,139,135,191,48,50,56,92,147,67,32,61,38,165,193,28,44,16,91,88,70,71,162,20,188,144,184,8,157,78,128,101,185,76,80,100,30,134,27,2,97,58,151,175,6,1,117,195,169,142,131,158,62,120,3,95,149,107,55,14,13,111,52,148,83,129,24,150,103,105,69,159,40,116,104,99,106,194,180,178,192,109,66,145,102,110,171,0,85,140,34,53,155,146,63,31,183,65,125,190,10,130,5,39,113,43,187,179,96,141,98,114,64,79,42,119,132,75,163,133,81,153,166,189,33,35,36,22,112,93,19,87,121,51];True
3416;6615;10031;[198,29,90,41,127,60,177,47,26,161,115,152,49,54,197,123,74,37,94,118,124,168,34,108,174,196,167,15,156,21,73,82,137,86,181,68,9,45,138,126,143,160,173,18,199,12,7,136,89,46,164,4,84,122,25,23,77,57,186,170,176,72,154,172,59,11,182,139,135,191,48,50,56,92,147,67,32,61,38,165,193,28,44,16,91,88,70,71,162,20,188,144,184,8,157,78,128,101,185,76,80,100,30,134,27,195,97,58,151,175,6,1,117,2,169,142,131,158,62,120,3,95,149,107,55,14,13,111,52,148,83,129,24,150,103,105,69,159,40,116,140,99,106,194,180,178,192,109,66,145,102,110,171,0,85,104,17,53,155,146,63,31,183,65,125,190,10,130,5,39,113,43,187,179,96,141,98,114,64,79,42,119,132,75,163,133,81,153,166,189,33,35,36,22,112,93,19,87,121,51];True
3415;6617;10032;[198,29,90,41,127,60,177,47,26,161,115,152,49,54,197,123,74,37,94,118,124,168,34,108,174,196,167,15,156,21,73,82,137,86,181,68,9,45,138,126,143,160,173,18,199,12,7,136,89,46,164,4,84,122,25,23,77,57,186,170,176,72,154,172,59,11,182,139,135,191,48,50,56,92,147,67,32,61,19,165,193,28,44,16,91,88,70,71,162,20,188,144,184,8,157,78,128,101,185,76,80,100,30,134,27,2,97,58,151,175,6,1,117,195,169,142,131,158,62,120,3,95,149,107,55,14,13,111,52,148,83,129,24,150,103,105,69,159,40,116,140,99,106,194,180,178,192,10,66,145,102,110,171,0,85,104,17,53,155,146,63,31,183,65,125,190,109,130,5,39,113,43,187,179,96,141,98,114,64,79,42,119,132,75,163,133,81,153,166,189,33,35,36,22,112,93,38,87,121,51];True
3426;6613;10039;[198,29,90,41,127,60,177,47,26,161,115,152,49,54,197,123,74,37,94,118,124,168,34,108,174,196,167,15,156,21,73,82,137,86,181,68,9,45,138,126,143,160,173,18,199,12,7,136,89,46,164,4,84,122,25,23,77,57,186,170,176,72,154,172,59,11,182,139,135,191,48,50,56,92,147,67,32,61,38,165,193,28,44,16,91,88,70,71,162,20,188,144,184,8,157,78,128,101,185,76,80,100,30,134,27,2,97,58,151,175,6,1,117,195,169,142,131,158,62,120,3,95,149,107,55,14,13,111,52,148,83,129,24,150,103,105,69,159,40,116,104,99,106,194,180,178,192,109,66,145,102,110,171,0,85,140,17,53,155,146,63,31,183,65,125,190,10,130,5,39,113,43,187,179,96,141,98,114,64,79,42,119,132,75,163,133,81,153,166,189,33,35,36,22,112,93,19,87,121,51];True
3434;6612;10046;[198,29,90,41,127,60,177,47,26,161,115,152,49,54,197,123,74,37,94,118,124,168,34,108,174,196,167,15,156,21,73,82,137,86,181,68,9,45,138,126,143,160,173,18,199,12,7,136,89,46,164,4,84,122,25,23,77,57,186,170,176,72,154,172,59,11,182,139,135,191,48,50,56,92,147,67,32,61,19,165,193,28,44,16,91,88,70,71,162,20,188,144,184,8,157,78,128,101,185,76,80,100,30,134,27,195,97,58,151,175,6,1,117,2,169,142,131,158,62,120,3,95,149,107,55,14,13,111,52,148,83,129,24,150,103,105,69,159,40,116,140,99,106,194,180,178,192,109,66,145,102,110,171,0,85,104,17,53,155,146,63,31,183,65,125,190,10,130,5,39,113,43,187,179,96,141,98,114,64,79,42,119,132,75,163,133,81,153,166,189,33,35,36,22,112,93,38,87,121,51];True
3444;6610;10054;[198,29,90,41,127,60,177,47,26,161,115,152,49,54,197,123,74,37,94,118,124,168,34,108,174,196,167,15,156,21,73,82,137,86,181,68,9,45,138,126,143,160,173,18,199,12,7,136,89,46,164,4,84,122,25,23,77,57,186,170,176,72,154,172,59,11,182,139,135,191,48,50,56,92,147,67,32,61,19,165,193,28,44,16,91,88,70,71,162,20,188,144,184,8,157,78,128,101,185,76,80,100,30,134,27,2,97,58,151,175,6,1,117,195,169,142,131,158,62,120,3,95,149,107,55,14,13,111,52,148,83,129,24,150,103,105,69,159,40,116,104,99,106,194,180,178,192,109,66,145,102,110,171,0,85,140,17,53,155,146,63,31,183,65,125,190,10,130,5,39,113,43,187,179,96,141,98,114,64,79,42,119,132,75,163,133,81,153,166,189,33,35,36,22,112,93,38,87,121,51];True
3451;6606;10057;[198,29,90,41,127,60,177,47,26,161,115,152,49,54,197,123,74,37,94,118,124,168,34,108,174,196,167,15,156,21,73,82,137,86,181,68,9,45,138,126,143,160,173,18,199,12,7,136,89,46,164,4,84,122,25,23,77,57,186,170,176,72,154,172,59,11,182,139,135,191,48,50,56,92,147,67,32,61,38,165,193,28,44,16,91,88,70,71,162,20,188,144,184,8,157,78,128,101,185,76,80,100,30,134,27,2,97,58,151,175,6,1,117,195,169,142,131,158,62,120,3,95,149,107,55,14,13,111,52,148,83,129,24,150,103,105,69,159,40,116,140,99,106,194,180,178,192,109,66,145,102,110,171,0,85,104,17,53,155,146,63,31,183,65,125,190,10,130,5,39,113,43,187,179,96,141,98,114,64,79,42,119,132,75,163,133,81,153,166,189,33,35,36,22,112,93,19,87,121,51];True
3465;6605;10070;[198,29,90,41,127,60,177,47,26,161,115,152,49,54,197,123,74,37,94,118,124,168,34,108,174,196,167,15,156,21,73,82,137,86,181,68,9,45,138,126,143,160,173,18,199,12,7,136,89,46,164,4,84,122,25,23,77,57,186,170,176,72,154,172,59,11,182,139,135,191,48,50,56,92,147,67,32,61,38,165,193,28,44,125,91,88,70,71,162,20,188,144,184,8,157,78,128,101,185,76,80,100,30,134,27,2,97,58,151,175,6,1,117,195,169,142,131,158,62,120,3,95,149,107,55,14,13,111,52,148,83,129,24,150,103,105,69,159,40,116,140,99,106,194,180,178,192,10,66,145,102,110,171,0,85,104,17,53,155,146,63,31,183,65,16,190,109,130,5,39,113,43,187,179,96,141,98,114,64,79,42,119,132,75,163,133,81,153,166,189,33,35,36,22,112,93,19,87,121,51];True
3469;6603;10072;[198,29,90,41,127,60,177,47,26,161,115,152,49,54,197,123,74,37,94,118,124,168,34,108,174,196,167,15,156,21,73,82,137,86,181,68,9,45,138,126,143,160,173,18,199,12,7,136,89,46,164,4,84,122,25,23,77,57,186,170,176,72,154,172,59,11,182,139,135,191,48,50,56,92,147,67,32,61,19,165,193,28,44,16,91,88,70,71,162,20,188,144,184,8,157,78,128,101,185,76,80,100,30,134,27,2,97,58,151,175,6,1,117,195,169,142,131,158,62,120,3,95,149,107,55,14,13,111,52,148,83,129,24,150,103,105,69,159,40,116,140,99,106,194,180,178,192,109,66,145,102,110,171,0,85,104,17,53,155,146,63,31,183,65,125,190,10,130,5,39,113,43,187,179,96,141,98,114,64,79,42,119,132,75,163,133,81,153,166,189,33,35,36,22,112,93,38,87,121,51];True
3484;6600;10084;[198,29,90,41,127,60,177,47,26,161,115,152,49,54,197,123,74,37,94,118,124,168,34,108,174,196,167,15,156,21,73,82,137,86,181,68,9,45,138,126,143,160,173,18,199,12,7,136,89,46,164,4,84,122,25,23,77,57,186,170,176,72,154,172,59,11,182,139,135,191,48,50,56,92,147,67,32,61,38,165,193,28,44,125,91,88,70,71,162,20,188,144,184,8,157,78,128,101,185,76,80,100,30,134,27,195,97,58,151,175,6,1,117,2,169,142,131,158,62,120,3,95,149,107,55,14,13,111,52,148,83,129,24,150,103,105,69,159,40,116,140,99,106,194,180,178,192,109,66,145,102,110,171,0,85,104,17,53,155,146,63,31,183,65,16,190,10,130,5,39,113,43,187,179,96,141,98,114,64,79,42,119,132,75,163,133,81,153,166,189,33,35,36,22,112,93,19,87,121,51];True
3483;6602;10085;[198,29,90,41,127,60,177,47,26,161,115,152,49,54,197,123,74,37,94,118,124,168,34,108,174,196,167,15,156,21,73,82,137,86,181,68,9,45,138,126,143,160,173,18,199,12,7,136,89,46,164,4,84,122,25,23,77,57,186,170,176,72,154,172,59,11,182,139,135,191,48,50,56,92,147,67,32,61,19,165,193,28,44,125,91,88,70,71,162,20,188,144,184,8,157,78,128,101,185,76,80,100,30,134,27,2,97,58,151,175,6,1,117,195,169,142,131,158,62,120,3,95,149,107,55,14,13,111,52,148,83,129,24,150,103,105,69,159,40,116,140,99,106,194,180,178,192,10,66,145,102,110,171,0,85,104,17,53,155,146,63,31,183,65,16,190,109,130,5,39,113,43,187,179,96,141,98,114,64,79,42,119,132,75,163,133,81,153,166,189,33,35,36,22,112,93,38,87,121,51];True
3494;6598;10092;[198,29,90,41,127,60,177,47,26,161,115,152,49,54,197,123,74,37,94,118,124,168,34,108,174,196,167,15,156,21,73,82,137,86,181,68,9,45,138,126,143,160,173,18,199,12,7,136,89,46,164,4,84,122,25,23,77,57,186,170,176,72,154,172,59,11,182,139,135,191,48,50,56,92,147,67,32,61,38,165,193,28,44,125,91,88,70,71,162,20,188,144,184,8,157,78,128,101,185,76,80,100,30,134,27,2,97,58,151,175,6,1,117,195,169,142,131,158,62,120,3,95,149,107,55,14,13,111,52,148,83,129,24,150,103,105,69,159,40,116,104,99,106,194,180,178,192,109,66,145,102,110,171,0,85,140,17,53,155,146,63,31,183,65,16,190,10,130,5,39,113,43,187,179,96,141,98,114,64,79,42,119,132,75,163,133,81,153,166,189,33,35,36,22,112,93,19,87,121,51];True
3499;6597;10096;[198,29,90,41,127,60,177,47,26,89,115,152,49,54,197,123,74,37,94,118,124,168,34,108,174,196,167,15,156,21,73,82,137,86,181,68,9,45,138,126,143,160,173,18,199,12,7,161,136,46,164,4,84,122,25,23,77,57,186,170,176,72,154,172,59,11,182,139,135,191,48,50,56,92,147,67,32,61,38,165,193,28,44,16,91,88,70,71,162,20,188,144,184,8,157,78,128,101,185,76,80,100,30,134,27,2,97,58,151,175,6,1,117,195,169,142,131,158,62,120,3,95,149,107,55,14,13,111,52,148,83,129,24,150,103,105,69,159,40,116,140,99,106,194,180,178,192,109,66,145,102,110,171,0,85,104,17,53,155,146,63,31,183,65,125,190,10,130,5,39,113,43,187,179,96,141,98,114,64,79,42,119,132,75,163,133,81,153,166,189,33,35,36,22,112,93,19,87,121,51];True
3512;6595;10107;[198,29,90,41,127,60,177,47,26,161,115,152,49,54,197,123,74,37,94,118,124,168,34,108,174,196,167,15,156,21,73,82,137,86,181,68,9,45,138,126,143,160,173,18,199,12,7,136,89,46,164,4,84,122,25,23,77,57,186,170,176,72,154,172,59,11,182,139,135,191,48,50,56,92,147,67,32,61,19,165,193,28,44,125,91,88,70,71,162,20,188,144,184,8,157,78,128,101,185,76,80,100,30,134,27,2,97,58,151,175,6,1,117,195,169,142,131,158,62,120,3,95,149,107,55,14,13,111,52,148,83,129,24,150,103,105,69,159,40,116,104,99,106,194,180,178,192,109,66,145,102,110,171,0,85,140,17,53,155,146,63,31,183,65,16,190,10,130,5,39,113,43,187,179,96,141,98,114,64,79,42,119,132,75,163,133,81,153,166,189,33,35,36,22,112,93,38,87,121,51];True
3519;6591;10110;[198,29,90,41,127,60,177,47,26,161,115,152,49,54,197,123,74,37,94,118,124,168,34,108,174,196,167,15,156,21,73,82,137,86,181,68,9,45,138,126,143,160,173,18,199,12,7,136,89,46,164,4,84,122,25,23,77,57,186,170,176,72,154,172,59,11,182,139,135,191,48,50,56,92,147,67,32,61,38,165,193,28,44,125,91,88,70,71,162,20,188,144,184,8,157,78,128,101,185,76,80,100,30,134,27,2,97,58,151,175,6,1,117,195,169,142,131,158,62,120,3,95,149,107,55,14,13,111,52,148,83,129,24,150,103,105,69,159,40,116,140,99,106,194,180,178,192,109,66,145,102,110,171,0,85,104,17,53,155,146,63,31,183,65,16,190,10,130,5,39,113,43,187,179,96,141,98,114,64,79,42,119,132,75,163,133,81,153,166,189,33,35,36,22,112,93,19,87,121,51];True
3517;6594;10111;[198,29,90,41,127,60,177,47,26,89,115,152,49,54,197,123,74,37,94,118,124,168,34,108,174,196,167,15,156,21,73,82,137,86,181,68,9,45,138,126,143,160,173,18,199,12,7,161,136,46,164,4,84,122,25,23,77,57,186,170,176,72,154,172,59,11,182,139,135,191,48,50,56,92,147,67,32,61,19,165,193,28,44,16,91,88,70,71,162,20,188,144,184,8,157,78,128,101,185,76,80,100,30,134,27,2,97,58,151,175,6,1,117,195,169,142,131,158,62,120,3,95,149,107,55,14,13,111,52,148,83,129,24,150,103,105,69,159,40,116,140,99,106,194,180,178,192,109,66,145,102,110,171,0,85,104,17,53,155,146,63,31,183,65,125,190,10,130,5,39,113,43,187,179,96,141,98,114,64,79,42,119,132,75,163,133,81,153,166,189,33,35,36,22,112,93,38,87,121,51];True
3537;6588;10125;[198,29,90,41,127,60,177,47,26,161,115,152,49,54,197,123,74,37,94,118,124,168,34,108,174,196,167,15,156,21,73,82,137,86,181,68,9,45,138,126,143,160,173,18,199,12,7,136,89,46,164,4,84,122,25,23,77,57,186,170,176,72,154,172,59,11,182,139,135,191,48,50,56,92,147,67,32,61,19,165,193,28,44,125,91,88,70,71,162,20,188,144,184,8,157,78,128,101,185,76,80,100,30,134,27,2,97,58,151,175,6,1,117,195,169,142,131,158,62,120,3,95,149,107,55,14,13,111,52,148,83,129,24,150,103,105,69,159,40,116,140,99,106,194,180,178,192,109,66,145,102,110,171,0,85,104,17,53,155,146,63,31,183,65,16,190,10,130,5,39,113,43,187,179,96,141,98,114,64,79,42,119,132,75,163,133,81,153,166,189,33,35,36,22,112,93,38,87,121,51];True
3556;6586;10142;[198,29,90,41,127,60,177,47,26,161,115,152,49,54,197,123,74,37,94,118,124,168,34,108,174,196,167,15,156,21,73,82,137,86,181,68,9,45,138,126,143,160,173,18,171,12,7,136,89,46,164,4,84,122,25,23,77,57,186,170,176,72,154,172,59,11,182,139,135,191,48,50,56,92,147,67,32,61,19,165,193,28,44,125,91,88,70,71,162,20,188,144,184,8,157,78,128,101,185,76,80,100,30,134,27,2,97,58,151,175,6,1,117,195,169,142,131,158,62,120,3,95,149,107,55,14,13,111,52,148,83,129,24,150,103,105,69,159,40,116,140,99,106,194,180,178,192,109,66,145,102,110,199,0,85,104,17,53,155,146,63,31,183,65,16,190,10,130,5,39,113,43,187,179,96,141,98,114,64,79,42,119,132,75,163,133,81,153,166,189,33,35,36,22,112,93,38,87,121,51];True
3562;6584;10146;[198,29,90,41,127,60,177,47,26,89,115,152,49,54,197,123,74,37,94,118,124,168,34,108,174,196,167,15,156,21,73,82,137,86,181,68,61,45,138,126,143,160,173,18,199,12,7,161,136,46,164,4,84,122,25,23,77,57,186,170,176,72,154,172,59,11,182,139,135,191,48,50,56,92,147,67,32,38,9,165,193,28,44,125,91,88,70,71,162,20,188,144,184,8,157,78,128,101,185,76,80,100,30,134,27,2,97,58,151,175,6,1,117,195,169,142,131,158,62,120,3,95,149,107,55,14,13,111,52,148,83,129,24,150,103,105,69,159,40,116,140,99,106,194,180,178,192,109,66,145,102,110,171,0,85,104,17,53,155,146,63,31,183,65,16,190,10,130,5,39,113,43,187,179,96,141,98,114,64,79,42,119,132,75,163,133,81,153,166,189,33,35,36,22,112,93,19,87,121,51];True
3567;6582;10149;[198,29,90,41,127,60,177,47,26,89,115,152,49,54,197,123,74,37,94,118,124,168,34,108,174,196,167,15,156,21,73,82,137,86,181,68,9,45,138,126,143,160,173,18,199,12,7,161,136,46,164,4,84,122,25,23,77,57,186,170,176,72,154,172,59,11,182,139,135,191,48,50,56,92,147,67,32,61,38,165,193,28,44,125,91,88,70,71,162,20,188,144,184,8,157,78,128,101,185,76,80,100,30,134,27,2,97,58,151,175,6,1,117,195,169,142,131,158,62,120,3,95,149,107,55,14,13,111,52,148,83,129,24,150,103,105,69,159,40,116,140,99,106,194,180,178,192,109,66,145,102,110,171,0,85,104,17,53,155,146,63,31,183,65,16,190,10,130,5,39,113,43,187,179,96,141,98,114,64,79,42,119,132,75,163,133,81,153,166,189,33,35,36,22,112,93,19,87,121,51];True
3585;6579;10164;[198,29,90,41,127,60,177,47,26,89,115,152,49,54,197,123,74,37,94,118,124,168,34,108,174,196,167,15,156,21,73,82,137,86,181,68,9,45,138,126,143,160,173,18,199,12,7,161,136,46,164,4,84,122,25,23,77,57,186,170,176,72,154,172,59,11,182,139,135,191,48,50,56,92,147,67,32,61,19,165,193,28,44,125,91,88,70,71,162,20,188,144,184,8,157,78,128,101,185,76,80,100,30,134,27,2,97,58,151,175,6,1,117,195,169,142,131,158,62,120,3,95,149,107,55,14,13,111,52,148,83,129,24,150,103,105,69,159,40,116,140,99,106,194,180,178,192,109,66,145,102,110,171,0,85,104,17,53,155,146,63,31,183,65,16,190,10,130,5,39,113,43,187,179,96,141,98,114,64,79,42,119,132,75,163,133,81,153,166,189,33,35,36,22,112,93,38,87,121,51];True
3604;6577;10181;[198,29,90,41,127,60,177,47,26,89,115,152,49,54,197,123,74,37,94,118,124,168,34,108,174,196,167,15,156,21,73,82,137,86,181,68,9,45,138,126,143,160,173,18,171,12,7,161,136,46,164,4,84,122,25,23,77,57,186,170,176,72,154,172,59,11,182,139,135,191,48,50,56,92,147,67,32,61,19,165,193,28,44,125,91,88,70,71,162,20,188,144,184,8,157,78,128,101,185,76,80,100,30,134,27,2,97,58,151,175,6,1,117,195,169,142,131,158,62,120,3,95,149,107,55,14,13,111,52,148,83,129,24,150,103,105,69,159,40,116,140,99,106,194,180,178,192,109,66,145,102,110,199,0,85,104,17,53,155,146,63,31,183,65,16,190,10,130,5,39,113,43,187,179,96,141,98,114,64,79,42,119,132,75,163,133,81,153,166,189,33,35,36,22,112,93,38,87,121,51];True
3620;6576;10196;[198,29,90,41,127,60,177,47,26,89,115,152,49,54,197,123,74,37,94,118,124,168,34,108,174,196,167,15,156,21,73,82,137,86,181,68,9,45,138,126,143,160,173,18,199,12,7,161,136,46,164,4,84,122,25,23,77,57,186,170,176,72,154,172,59,11,182,139,135,191,48,50,56,92,147,67,32,38,61,165,193,28,44,125,91,88,70,71,162,20,188,144,184,8,157,78,128,101,185,76,80,100,30,134,27,2,97,58,151,175,6,1,117,195,169,142,131,158,62,120,3,95,149,107,55,14,13,111,52,148,83,129,24,150,103,105,69,159,40,116,140,99,106,194,180,178,192,109,66,145,102,110,171,0,85,104,17,53,155,146,63,31,183,65,16,190,10,130,5,39,113,43,187,179,96,141,98,114,64,79,42,119,132,75,163,133,81,153,166,189,33,35,36,22,112,93,19,87,121,51];True
3630;6572;10202;[198,29,90,41,127,60,177,47,26,161,115,152,49,54,197,123,74,37,94,118,124,168,34,108,174,196,167,15,156,21,73,82,137,86,181,68,9,45,138,126,143,160,173,18,199,12,7,136,89,46,164,4,84,122,25,23,77,57,186,170,176,72,154,172,59,11,182,139,135,191,48,50,56,92,147,67,32,61,38,165,193,28,44,125,91,88,70,71,162,20,188,144,184,8,157,78,128,101,185,76,80,100,30,134,27,2,97,58,151,175,6,1,117,113,169,142,131,158,62,120,3,95,149,107,55,14,13,111,52,148,83,129,24,150,103,105,69,159,40,116,140,99,106,194,180,178,192,109,66,145,102,110,171,0,85,104,17,53,155,146,63,31,183,65,16,190,10,130,5,39,195,43,187,179,96,141,98,114,64,79,42,119,132,75,163,133,81,153,166,189,33,35,36,22,112,93,19,87,121,51];True
3628;6575;10203;[198,29,90,41,127,60,177,47,26,89,115,152,49,54,197,123,74,37,94,118,124,168,34,108,174,196,167,15,156,21,73,82,137,86,181,68,9,45,138,126,143,160,173,18,199,12,7,161,136,46,164,4,84,122,25,23,77,57,186,170,176,72,154,172,59,11,182,139,135,191,48,50,56,92,147,67,32,61,19,165,193,28,44,16,91,88,70,71,162,20,188,144,184,8,157,78,128,101,185,76,80,100,30,134,27,2,97,58,151,175,6,1,117,113,169,142,131,158,62,120,3,95,149,107,55,14,13,111,52,148,83,129,24,150,103,105,69,159,40,116,140,99,106,194,180,178,192,109,66,145,102,110,171,0,85,104,17,53,155,146,63,31,183,65,125,190,10,130,5,39,195,43,187,179,96,141,98,114,64,79,42,119,132,75,163,133,81,153,166,189,33,35,36,22,112,93,38,87,121,51];True
3648;6569;10217;[198,29,90,41,127,60,177,47,26,161,115,152,49,54,197,123,74,37,94,118,124,168,34,108,174,196,167,15,156,21,73,82,137,86,181,68,9,45,138,126,143,160,173,18,199,12,7,136,89,46,164,4,84,122,25,23,77,57,186,170,176,72,154,172,59,11,182,139,135,191,48,50,56,92,147,67,32,61,19,165,193,28,44,125,91,88,70,71,162,20,188,144,184,8,157,78,128,101,185,76,80,100,30,134,27,2,97,58,151,175,6,1,117,113,169,142,131,158,62,120,3,95,149,107,55,14,13,111,52,148,83,129,24,150,103,105,69,159,40,116,140,99,106,194,180,178,192,109,66,145,102,110,171,0,85,104,17,53,155,146,63,31,183,65,16,190,10,130,5,39,195,43,187,179,96,141,98,114,64,79,42,119,132,75,163,133,81,153,166,189,33,35,36,22,112,93,38,87,121,51];True
3665;6568;10233;[198,29,90,41,127,60,177,47,26,161,115,152,49,54,197,123,74,37,94,118,124,168,34,108,174,196,167,15,156,21,73,82,137,86,181,68,9,45,138,126,143,160,173,18,199,12,7,136,89,46,164,4,84,122,25,23,77,57,186,170,176,72,154,172,59,11,182,139,135,191,48,50,56,92,147,67,32,38,87,165,193,28,44,125,91,88,70,71,162,20,188,61,184,8,157,78,128,101,185,76,80,100,30,134,27,2,97,58,151,175,6,1,117,195,169,142,131,158,62,120,3,95,149,107,55,14,13,111,52,148,83,129,24,150,103,105,69,159,40,116,140,99,106,194,180,178,192,109,66,145,102,110,171,0,85,104,17,53,155,146,63,31,183,65,16,190,10,130,5,39,113,43,187,179,96,141,98,114,64,79,42,119,132,75,163,133,81,153,166,189,33,35,36,22,112,93,19,144,121,51];True
3667;6567;10234;[198,29,90,41,127,60,177,47,26,161,115,152,49,54,197,123,74,37,94,118,124,168,34,108,174,196,167,15,156,21,73,82,137,86,181,68,9,45,138,126,143,160,173,18,171,12,7,136,89,46,164,4,84,122,25,23,77,57,186,170,176,72,154,172,59,11,182,139,135,191,48,50,56,92,147,67,32,61,19,165,193,28,44,125,91,88,70,71,162,20,188,144,184,8,157,78,128,101,185,76,80,100,30,134,27,2,97,58,151,175,6,1,117,113,169,142,131,158,62,120,3,95,149,107,55,14,13,111,52,148,83,129,24,150,103,105,69,159,40,116,140,99,106,194,180,178,192,109,66,145,102,110,199,0,85,104,17,53,155,146,63,31,183,65,16,190,10,130,5,39,195,43,187,179,96,141,98,114,64,79,42,119,132,75,163,133,81,153,166,189,33,35,36,22,112,93,38,87,121,51];True
3673;6565;10238;[198,29,90,41,127,60,177,47,26,89,115,152,49,54,197,123,74,37,94,118,124,168,34,108,174,196,167,15,156,21,73,82,137,86,181,68,61,45,138,126,143,160,173,18,199,12,7,161,136,46,164,4,84,122,25,23,77,57,186,170,176,72,154,172,59,11,182,139,135,191,48,50,56,92,147,67,32,38,9,165,193,28,44,125,91,88,70,71,162,20,188,144,184,8,157,78,128,101,185,76,80,100,30,134,27,2,97,58,151,175,6,1,117,113,169,142,131,158,62,120,3,95,149,107,55,14,13,111,52,148,83,129,24,150,103,105,69,159,40,116,140,99,106,194,180,178,192,109,66,145,102,110,171,0,85,104,17,53,155,146,63,31,183,65,16,190,10,130,5,39,195,43,187,179,96,141,98,114,64,79,42,119,132,75,163,133,81,153,166,189,33,35,36,22,112,93,19,87,121,51];True
3678;6563;10241;[198,29,90,41,127,60,177,47,26,89,115,152,49,54,197,123,74,37,94,118,124,168,34,108,174,196,167,15,156,21,73,82,137,86,181,68,9,45,138,126,143,160,173,18,199,12,7,161,136,46,164,4,84,122,25,23,77,57,186,170,176,72,154,172,59,11,182,139,135,191,48,50,56,92,147,67,32,61,38,165,193,28,44,125,91,88,70,71,162,20,188,144,184,8,157,78,128,101,185,76,80,100,30,134,27,2,97,58,151,175,6,1,117,113,169,142,131,158,62,120,3,95,149,107,55,14,13,111,52,148,83,129,24,150,103,105,69,159,40,116,140,99,106,194,180,178,192,109,66,145,102,110,171,0,85,104,17,53,155,146,63,31,183,65,16,190,10,130,5,39,195,43,187,179,96,141,98,114,64,79,42,119,132,75,163,133,81,153,166,189,33,35,36,22,112,93,19,87,121,51];True
3696;6560;10256;[198,29,90,41,127,60,177,47,26,89,115,152,49,54,197,123,74,37,94,118,124,168,34,108,174,196,167,15,156,21,73,82,137,86,181,68,9,45,138,126,143,160,173,18,199,12,7,161,136,46,164,4,84,122,25,23,77,57,186,170,176,72,154,172,59,11,182,139,135,191,48,50,56,92,147,67,32,61,19,165,193,28,44,125,91,88,70,71,162,20,188,144,184,8,157,78,128,101,185,76,80,100,30,134,27,2,97,58,151,175,6,1,117,113,169,142,131,158,62,120,3,95,149,107,55,14,13,111,52,148,83,129,24,150,103,105,69,159,40,116,140,99,106,194,180,178,192,109,66,145,102,110,171,0,85,104,17,53,155,146,63,31,183,65,16,190,10,130,5,39,195,43,187,179,96,141,98,114,64,79,42,119,132,75,163,133,81,153,166,189,33,35,36,22,112,93,38,87,121,51];True
3713;6559;10272;[198,29,90,41,127,60,177,47,26,89,115,152,49,54,197,123,74,37,94,118,124,168,34,108,174,196,167,15,156,21,73,82,137,86,181,68,9,45,138,126,143,160,173,18,199,12,7,161,136,46,164,4,84,122,25,23,77,57,186,170,176,72,154,172,59,11,182,139,135,191,48,50,56,92,147,67,32,38,87,165,193,28,44,125,91,88,70,71,162,20,188,61,184,8,157,78,128,101,185,76,80,100,30,134,27,2,97,58,151,175,6,1,117,195,169,142,131,158,62,120,3,95,149,107,55,14,13,111,52,148,83,129,24,150,103,105,69,159,40,116,140,99,106,194,180,178,192,109,66,145,102,110,171,0,85,104,17,53,155,146,63,31,183,65,16,190,10,130,5,39,113,43,187,179,96,141,98,114,64,79,42,119,132,75,163,133,81,153,166,189,33,35,36,22,112,93,19,144,121,51];True
3715;6558;10273;[198,29,90,41,127,60,177,47,26,89,115,152,49,54,197,123,74,37,94,118,124,168,34,108,174,196,167,15,156,21,73,82,137,86,181,68,9,45,138,126,143,160,173,18,171,12,7,161,136,46,164,4,84,122,25,23,77,57,186,170,176,72,154,172,59,11,182,139,135,191,48,50,56,92,147,67,32,61,19,165,193,28,44,125,91,88,70,71,162,20,188,144,184,8,157,78,128,101,185,76,80,100,30,134,27,2,97,58,151,175,6,1,117,113,169,142,131,158,62,120,3,95,149,107,55,14,13,111,52,148,83,129,24,150,103,105,69,159,40,116,140,99,106,194,180,178,192,109,66,145,102,110,199,0,85,104,17,53,155,146,63,31,183,65,16,190,10,130,5,39,195,43,187,179,96,141,98,114,64,79,42,119,132,75,163,133,81,153,166,189,33,35,36,22,112,93,38,87,121,51];True
3727;6557;10284;[198,29,90,41,187,60,177,47,26,89,115,152,49,54,197,123,74,37,94,118,124,168,34,108,174,196,167,15,156,21,73,82,137,86,181,68,61,45,138,126,143,160,173,18,199,12,7,161,136,46,164,4,84,122,25,23,77,57,186,170,176,72,154,172,59,11,182,139,135,191,48,50,56,92,147,67,32,38,9,165,193,28,44,125,91,88,70,71,162,20,188,144,184,8,157,78,128,101,185,76,80,100,30,134,27,2,97,58,151,175,6,1,117,195,169,142,131,158,62,120,3,95,149,107,55,14,13,111,52,148,83,129,24,150,103,105,69,159,40,116,140,99,106,194,180,178,192,109,66,145,102,110,171,0,85,104,17,53,155,146,63,31,183,65,16,190,10,130,5,39,113,43,127,179,96,141,98,114,64,79,42,119,132,75,163,133,81,153,166,189,33,35,36,22,112,93,19,87,121,51];True
3732;6555;10287;[198,29,90,41,187,60,177,47,26,89,115,152,49,54,197,123,74,37,94,118,124,168,34,108,174,196,167,15,156,21,73,82,137,86,181,68,9,45,138,126,143,160,173,18,199,12,7,161,136,46,164,4,84,122,25,23,77,57,186,170,176,72,154,172,59,11,182,139,135,191,48,50,56,92,147,67,32,61,38,165,193,28,44,125,91,88,70,71,162,20,188,144,184,8,157,78,128,101,185,76,80,100,30,134,27,2,97,58,151,175,6,1,117,195,169,142,131,158,62,120,3,95,149,107,55,14,13,111,52,148,83,129,24,150,103,105,69,159,40,116,140,99,106,194,180,178,192,109,66,145,102,110,171,0,85,104,17,53,155,146,63,31,183,65,16,190,10,130,5,39,113,43,127,179,96,141,98,114,64,79,42,119,132,75,163,133,81,153,166,189,33,35,36,22,112,93,19,87,121,51];True
3750;6552;10302;[198,29,90,41,187,60,177,47,26,89,115,152,49,54,197,123,74,37,94,118,124,168,34,108,174,196,167,15,156,21,73,82,137,86,181,68,9,45,138,126,143,160,173,18,199,12,7,161,136,46,164,4,84,122,25,23,77,57,186,170,176,72,154,172,59,11,182,139,135,191,48,50,56,92,147,67,32,61,19,165,193,28,44,125,91,88,70,71,162,20,188,144,184,8,157,78,128,101,185,76,80,100,30,134,27,2,97,58,151,175,6,1,117,195,169,142,131,158,62,120,3,95,149,107,55,14,13,111,52,148,83,129,24,150,103,105,69,159,40,116,140,99,106,194,180,178,192,109,66,145,102,110,171,0,85,104,17,53,155,146,63,31,183,65,16,190,10,130,5,39,113,43,127,179,96,141,98,114,64,79,42,119,132,75,163,133,81,153,166,189,33,35,36,22,112,93,38,87,121,51];True
3766;6551;10317;[198,29,90,41,187,179,177,47,26,89,115,152,49,54,197,123,74,37,94,118,124,168,34,108,174,196,167,15,156,21,73,82,137,86,181,68,9,45,138,126,143,160,173,18,199,12,7,161,136,46,164,4,84,122,25,23,77,57,186,170,176,72,154,172,59,11,182,139,135,191,48,50,56,92,147,67,32,61,38,165,193,28,44,125,91,88,70,71,162,20,188,144,184,8,157,78,128,101,185,76,80,100,30,134,27,2,97,58,151,175,6,1,117,113,169,142,131,158,62,120,3,95,149,107,55,14,13,111,52,148,83,129,24,150,103,105,69,159,40,116,140,99,106,194,180,178,192,109,66,145,102,110,171,0,85,104,17,53,155,146,63,31,183,65,16,190,10,130,5,39,195,43,127,60,96,141,98,114,64,79,42,119,132,75,163,133,81,153,166,189,33,35,36,22,112,93,19,87,121,51];True
3771;6548;10319;[198,29,90,41,127,60,177,47,26,89,115,152,49,54,197,123,74,37,94,118,124,168,34,108,174,196,167,15,156,21,73,82,137,86,181,68,9,45,138,126,143,160,173,18,199,12,7,161,136,144,164,4,84,122,25,23,77,57,186,170,176,72,154,172,59,11,182,139,135,191,48,50,56,92,147,67,32,38,87,165,193,28,44,125,91,88,70,71,162,20,188,61,184,8,157,78,128,101,185,76,80,100,30,134,27,2,97,58,151,175,6,1,117,195,169,142,131,158,62,120,3,95,149,107,55,14,13,111,52,148,83,129,24,150,103,105,69,159,40,116,140,99,106,194,180,178,192,109,66,145,102,110,171,0,85,104,17,53,155,146,63,31,183,65,16,190,10,130,5,39,113,43,187,179,96,141,98,114,64,79,42,119,132,75,163,133,81,153,166,189,33,35,36,22,112,93,19,46,121,51];True
3769;6550;10319;[198,29,90,41,187,60,177,47,26,89,115,152,49,54,197,123,74,37,94,118,124,168,34,108,174,196,167,15,156,21,73,82,137,86,181,68,9,45,138,126,143,160,173,18,171,12,7,161,136,46,164,4,84,122,25,23,77,57,186,170,176,72,154,172,59,11,182,139,135,191,48,50,56,92,147,67,32,61,19,165,193,28,44,125,91,88,70,71,162,20,188,144,184,8,157,78,128,101,185,76,80,100,30,134,27,2,97,58,151,175,6,1,117,195,169,142,131,158,62,120,3,95,149,107,55,14,13,111,52,148,83,129,24,150,103,105,69,159,40,116,140,99,106,194,180,178,192,109,66,145,102,110,199,0,85,104,17,53,155,146,63,31,183,65,16,190,10,130,5,39,113,43,127,179,96,141,98,114,64,79,42,119,132,75,163,133,81,153,166,189,33,35,36,22,112,93,38,87,121,51];True
3790;6546;10336;[198,29,90,41,127,60,177,47,26,89,115,152,49,54,197,123,74,37,94,118,124,168,34,108,174,196,167,15,156,21,73,82,137,86,181,68,9,45,138,126,143,160,173,18,171,12,7,161,136,144,164,4,84,122,25,23,77,57,186,170,176,72,154,172,59,11,182,139,135,191,48,50,56,92,147,67,32,38,87,165,193,28,44,125,91,88,70,71,162,20,188,61,184,8,157,78,128,101,185,76,80,100,30,134,27,2,97,58,151,175,6,1,117,195,169,142,131,158,62,120,3,95,149,107,55,14,13,111,52,148,83,129,24,150,103,105,69,159,40,116,140,99,106,194,180,178,192,109,66,145,102,110,199,0,85,104,17,53,155,146,63,31,183,65,16,190,10,130,5,39,113,43,187,179,96,141,98,114,64,79,42,119,132,75,163,133,81,153,166,189,33,35,36,22,112,93,19,46,121,51];True
3795;6545;10340;[198,29,90,41,187,60,177,47,26,161,115,152,49,54,197,123,74,37,94,118,124,168,34,108,174,196,167,15,156,21,73,82,137,86,181,68,9,45,138,126,143,160,173,18,199,12,7,136,89,46,164,4,84,122,25,23,77,57,186,170,176,72,154,172,59,11,182,139,135,191,48,50,56,92,147,67,32,61,38,165,193,28,44,125,91,88,70,71,162,20,188,144,184,8,157,78,128,101,185,76,80,100,30,134,27,2,97,58,151,175,6,1,117,113,169,142,131,158,62,120,3,95,149,107,55,14,13,111,52,148,83,129,24,150,103,105,69,159,40,116,140,99,106,194,180,178,192,109,66,145,102,110,171,0,85,104,17,53,155,146,63,31,183,65,16,190,10,130,5,39,195,43,127,179,96,141,98,114,64,79,42,119,132,75,163,133,81,153,166,189,33,35,36,22,112,93,19,87,121,51];True
3809;6544;10353;[198,29,90,41,127,60,177,47,26,89,115,152,49,54,197,123,74,37,94,118,124,168,34,108,174,196,167,15,156,21,73,82,137,86,181,68,9,45,138,126,143,160,173,18,199,12,7,161,136,144,164,4,84,122,25,23,77,57,186,170,176,72,154,172,59,11,182,139,135,191,48,50,56,92,147,67,32,38,87,165,193,28,44,125,91,88,70,71,162,20,188,61,184,8,157,78,128,101,185,76,80,100,30,134,27,2,97,58,151,175,6,1,117,113,169,142,131,158,62,120,3,95,149,107,55,14,13,111,52,148,83,129,24,150,103,105,69,159,40,116,140,99,106,194,180,178,192,109,66,145,102,110,171,0,85,104,17,53,155,146,63,31,183,65,16,190,10,130,5,39,195,43,187,179,96,141,98,114,64,79,42,119,132,75,163,133,81,153,166,189,33,35,36,22,112,93,46,19,121,51];True
3813;6542;10355;[198,29,90,41,187,60,177,47,26,161,115,152,49,54,197,123,74,37,94,118,124,168,34,108,174,196,167,15,156,21,73,82,137,86,181,68,9,45,138,126,143,160,173,18,199,12,7,136,89,46,164,4,84,122,25,23,77,57,186,170,176,72,154,172,59,11,182,139,135,191,48,50,56,92,147,67,32,61,19,165,193,28,44,125,91,88,70,71,162,20,188,144,184,8,157,78,128,101,185,76,80,100,30,134,27,2,97,58,151,175,6,1,117,113,169,142,131,158,62,120,3,95,149,107,55,14,13,111,52,148,83,129,24,150,103,105,69,159,40,116,140,99,106,194,180,178,192,109,66,145,102,110,171,0,85,104,17,53,155,146,63,31,183,65,16,190,10,130,5,39,195,43,127,179,96,141,98,114,64,79,42,119,132,75,163,133,81,153,166,189,33,35,36,22,112,93,38,87,121,51];True
3824;6540;10364;[198,29,90,41,127,60,177,47,26,89,115,152,49,54,197,123,74,37,94,118,124,168,34,108,174,196,167,15,156,21,73,82,137,86,181,68,9,45,138,126,143,160,173,18,199,12,7,161,136,46,164,4,84,122,25,23,77,57,186,170,176,72,154,172,59,11,182,139,135,191,48,50,56,92,147,67,32,38,87,165,193,28,44,125,91,88,70,71,162,20,188,61,184,8,157,78,128,101,185,76,80,100,30,134,27,2,97,58,151,175,6,1,117,113,169,142,131,158,62,120,3,95,149,107,55,14,13,111,52,148,83,129,24,150,103,105,69,159,40,116,140,99,106,194,180,178,192,109,66,145,102,110,171,0,85,104,17,53,155,146,63,31,183,65,16,190,10,130,5,39,195,43,187,179,96,141,98,114,64,79,42,119,132,75,163,133,81,153,166,189,33,35,36,22,112,93,19,144,121,51];True
3838;6538;10376;[198,29,90,41,187,60,177,47,26,89,115,152,49,54,197,123,74,37,94,118,124,168,34,108,174,196,167,15,156,21,73,82,137,86,181,68,61,45,138,126,143,160,173,18,199,12,7,161,136,46,164,4,84,122,25,23,77,57,186,170,176,72,154,172,59,11,182,139,135,191,48,50,56,92,147,67,32,38,9,165,193,28,44,125,91,88,70,71,162,20,188,144,184,8,157,78,128,101,185,76,80,100,30,134,27,2,97,58,151,175,6,1,117,113,169,142,131,158,62,120,3,95,149,107,55,14,13,111,52,148,83,129,24,150,103,105,69,159,40,116,140,99,106,194,180,178,192,109,66,145,102,110,171,0,85,104,17,53,155,146,63,31,183,65,16,190,10,130,5,39,195,43,127,179,96,141,98,114,64,79,42,119,132,75,163,133,81,153,166,189,33,35,36,22,112,93,19,87,121,51];True
3843;6536;10379;[198,29,90,41,187,60,177,47,26,89,115,152,49,54,197,123,74,37,94,118,124,168,34,108,174,196,167,15,156,21,73,82,137,86,181,68,9,45,138,126,143,160,173,18,199,12,7,161,136,46,164,4,84,122,25,23,77,57,186,170,176,72,154,172,59,11,182,139,135,191,48,50,56,92,147,67,32,61,38,165,193,28,44,125,91,88,70,71,162,20,188,144,184,8,157,78,128,101,185,76,80,100,30,134,27,2,97,58,151,175,6,1,117,113,169,142,131,158,62,120,3,95,149,107,55,14,13,111,52,148,83,129,24,150,103,105,69,159,40,116,140,99,106,194,180,178,192,109,66,145,102,110,171,0,85,104,17,53,155,146,63,31,183,65,16,190,10,130,5,39,195,43,127,179,96,141,98,114,64,79,42,119,132,75,163,133,81,153,166,189,33,35,36,22,112,93,19,87,121,51];True
3861;6533;10394;[198,29,90,41,187,60,177,47,26,89,115,152,49,54,197,123,74,37,94,118,124,168,34,108,174,196,167,15,156,21,73,82,137,86,181,68,9,45,138,126,143,160,173,18,199,12,7,161,136,46,164,4,84,122,25,23,77,57,186,170,176,72,154,172,59,11,182,139,135,191,48,50,56,92,147,67,32,61,19,165,193,28,44,125,91,88,70,71,162,20,188,144,184,8,157,78,128,101,185,76,80,100,30,134,27,2,97,58,151,175,6,1,117,113,169,142,131,158,62,120,3,95,149,107,55,14,13,111,52,148,83,129,24,150,103,105,69,159,40,116,140,99,106,194,180,178,192,109,66,145,102,110,171,0,85,104,17,53,155,146,63,31,183,65,16,190,10,130,5,39,195,43,127,179,96,141,98,114,64,79,42,119,132,75,163,133,81,153,166,189,33,35,36,22,112,93,38,87,121,51];True
3878;6532;10410;[198,29,90,41,187,60,177,47,26,89,115,152,49,54,197,123,74,37,94,118,124,168,34,108,174,196,167,15,156,21,73,82,137,86,181,68,9,45,138,126,143,160,173,18,199,12,7,161,136,46,164,4,84,122,25,23,77,57,186,170,176,72,154,172,59,11,182,139,135,191,48,50,56,92,147,67,32,38,87,165,193,28,44,125,91,88,70,71,162,20,188,61,184,8,157,78,128,101,185,76,80,100,30,134,27,2,97,58,151,175,6,1,117,195,169,142,131,158,62,120,3,95,149,107,55,14,13,111,52,148,83,129,24,150,103,105,69,159,40,116,140,99,106,194,180,178,192,109,66,145,102,110,171,0,85,104,17,53,155,146,63,31,183,65,16,190,10,130,5,39,113,43,127,179,96,141,98,114,64,79,42,119,132,75,163,133,81,153,166,189,33,35,36,22,112,93,19,144,121,51];True
3880;6531;10411;[198,29,90,41,187,60,177,47,26,89,115,152,49,54,197,123,74,37,94,118,124,168,34,108,174,196,167,15,156,21,73,82,137,86,181,68,9,45,138,126,143,160,173,18,171,12,7,161,136,46,164,4,84,122,25,23,77,57,186,170,176,72,154,172,59,11,182,139,135,191,48,50,56,92,147,67,32,61,19,165,193,28,44,125,91,88,70,71,162,20,188,144,184,8,157,78,128,101,185,76,80,100,30,134,27,2,97,58,151,175,6,1,117,113,169,142,131,158,62,120,3,95,149,107,55,14,13,111,52,148,83,129,24,150,103,105,69,159,40,116,140,99,106,194,180,178,192,109,66,145,102,110,199,0,85,104,17,53,155,146,63,31,183,65,16,190,10,130,5,39,195,43,127,179,96,141,98,114,64,79,42,119,132,75,163,133,81,153,166,189,33,35,36,22,112,93,38,87,121,51];True
3882;6529;10411;[198,29,90,41,127,60,177,47,26,89,115,152,49,54,197,123,74,37,94,118,124,168,34,108,174,196,167,15,156,21,73,82,137,86,181,68,9,45,138,126,143,160,173,18,199,12,7,161,136,144,164,4,84,122,25,23,77,57,186,170,176,72,154,172,59,11,182,139,135,191,48,50,56,92,147,67,32,38,87,165,193,28,44,125,91,88,70,71,162,20,188,61,184,8,157,78,128,101,185,76,80,100,30,134,27,2,97,58,151,175,6,1,117,113,169,142,131,158,62,120,3,95,149,107,55,14,13,111,52,148,83,129,24,150,103,105,69,159,40,116,140,99,106,194,180,178,192,109,66,145,102,110,171,0,85,104,17,53,155,146,63,31,183,65,16,190,10,130,5,39,195,43,187,179,96,141,98,114,64,79,42,119,132,75,163,133,81,153,166,189,33,35,36,22,112,93,19,46,121,51];True
3901;6527;10428;[198,29,90,41,127,60,177,47,26,89,115,152,49,54,197,123,74,37,94,118,124,168,34,108,174,196,167,15,156,21,73,82,137,86,181,68,9,45,138,126,143,160,173,18,171,12,7,161,136,144,164,4,84,122,25,23,77,57,186,170,176,72,154,172,59,11,182,139,135,191,48,50,56,92,147,67,32,38,87,165,193,28,44,125,91,88,70,71,162,20,188,61,184,8,157,78,128,101,185,76,80,100,30,134,27,2,97,58,151,175,6,1,117,113,169,142,131,158,62,120,3,95,149,107,55,14,13,111,52,148,83,129,24,150,103,105,69,159,40,116,140,99,106,194,180,178,192,109,66,145,102,110,199,0,85,104,17,53,155,146,63,31,183,65,16,190,10,130,5,39,195,43,187,179,96,141,98,114,64,79,42,119,132,75,163,133,81,153,166,189,33,35,36,22,112,93,19,46,121,51];True
3928;6526;10454;[198,29,90,41,187,60,177,47,26,89,115,152,49,54,197,123,74,37,94,118,124,168,34,108,174,196,167,15,156,21,73,82,137,86,181,68,9,45,138,126,143,160,173,18,171,12,7,161,136,46,164,4,84,122,25,23,77,57,186,170,176,72,154,172,59,11,182,139,135,191,48,50,56,92,147,67,32,19,61,165,193,28,44,125,91,88,70,71,162,20,188,144,184,8,157,78,128,101,185,76,80,100,30,134,27,2,97,58,151,175,6,1,117,113,169,142,131,158,62,120,3,95,149,107,55,14,13,111,52,148,83,129,24,150,103,105,69,159,40,116,140,99,106,194,180,178,192,109,66,145,102,110,199,0,85,104,17,53,155,146,63,31,183,65,16,190,10,130,5,39,195,43,127,179,96,141,98,114,64,79,42,119,132,75,163,133,81,153,166,189,33,35,36,22,112,93,38,87,121,51];True
3936;6521;10457;[198,29,90,41,187,60,177,47,26,89,115,152,49,54,197,123,74,37,94,118,124,168,34,108,174,196,167,15,156,21,73,82,137,86,181,68,9,45,138,126,143,160,173,18,199,12,7,161,136,144,164,4,84,122,25,23,77,57,186,170,176,72,154,172,59,11,182,139,135,191,48,50,56,92,147,67,32,38,87,165,193,28,44,125,91,88,70,71,162,20,188,61,184,8,157,78,128,101,185,76,80,100,30,134,27,2,97,58,151,175,6,1,117,195,169,142,131,158,62,120,3,95,149,107,55,14,13,111,52,148,83,129,24,150,103,105,69,159,40,116,140,99,106,194,180,178,192,109,66,145,102,110,171,0,85,104,17,53,155,146,63,31,183,65,16,190,10,130,5,39,113,43,127,179,96,141,98,114,64,79,42,119,132,75,163,133,81,153,166,189,33,35,36,22,112,93,19,46,121,51];True
3955;6519;10474;[198,29,90,41,187,60,177,47,26,89,115,152,49,54,197,123,74,37,94,118,124,168,34,108,174,196,167,15,156,21,73,82,137,86,181,68,9,45,138,126,143,160,173,18,171,12,7,161,136,144,164,4,84,122,25,23,77,57,186,170,176,72,154,172,59,11,182,139,135,191,48,50,56,92,147,67,32,38,87,165,193,28,44,125,91,88,70,71,162,20,188,61,184,8,157,78,128,101,185,76,80,100,30,134,27,2,97,58,151,175,6,1,117,195,169,142,131,158,62,120,3,95,149,107,55,14,13,111,52,148,83,129,24,150,103,105,69,159,40,116,140,99,106,194,180,178,192,109,66,145,102,110,199,0,85,104,17,53,155,146,63,31,183,65,16,190,10,130,5,39,113,43,127,179,96,141,98,114,64,79,42,119,132,75,163,133,81,153,166,189,33,35,36,22,112,93,19,46,121,51];True
3970;6517;10487;[198,29,90,41,187,179,177,47,26,89,115,152,49,54,197,123,74,37,94,118,124,168,34,108,174,196,167,15,156,21,73,82,137,86,181,68,9,45,138,126,143,160,173,18,199,12,7,161,136,144,164,4,84,122,25,23,77,57,186,170,176,72,154,172,59,11,182,139,135,191,48,50,56,92,147,67,32,38,87,165,193,28,44,125,91,88,70,71,162,20,188,61,184,8,157,78,128,101,185,76,80,100,30,134,27,2,97,58,151,175,6,1,117,113,169,142,131,158,62,120,3,95,149,107,55,14,13,111,52,148,83,129,24,150,103,105,69,159,40,116,140,99,106,194,180,178,192,109,66,145,102,110,171,0,85,104,17,53,155,146,63,31,183,65,16,190,10,130,5,39,195,43,127,60,96,141,98,114,64,79,42,119,132,75,163,133,81,153,166,189,33,35,36,22,112,93,19,46,121,51];True
3989;6513;10502;[198,29,90,41,187,60,177,47,26,89,115,152,49,54,197,123,74,37,94,118,124,168,34,108,174,196,167,15,156,21,73,82,137,86,181,68,9,45,138,126,143,160,173,18,199,12,7,161,136,46,164,4,84,122,25,23,77,57,186,170,176,72,154,172,59,11,182,139,135,191,48,50,56,92,147,67,32,38,87,165,193,28,44,125,91,88,70,71,162,20,188,61,184,8,157,78,128,101,185,76,80,100,30,134,27,2,97,58,151,175,6,1,117,113,169,142,131,158,62,120,3,95,149,107,55,14,13,111,52,148,83,129,24,150,103,105,69,159,40,116,140,99,106,194,180,178,192,109,66,145,102,110,171,0,85,104,17,53,155,146,63,31,183,65,16,190,10,130,5,39,195,43,127,179,96,141,98,114,64,79,42,119,132,75,163,133,81,153,166,189,33,35,36,22,112,93,19,144,121,51];True
4008;6511;10519;[198,29,90,41,187,60,177,47,26,89,115,152,49,54,197,123,74,37,94,118,124,168,34,108,174,196,167,15,156,21,73,82,137,86,181,68,9,45,138,126,143,160,173,18,171,12,7,161,136,46,164,4,84,122,25,23,77,57,186,170,176,72,154,172,59,11,182,139,135,191,48,50,56,92,147,67,32,38,87,165,193,28,44,125,91,88,70,71,162,20,188,61,184,8,157,78,128,101,185,76,80,100,30,134,27,2,97,58,151,175,6,1,117,113,169,142,131,158,62,120,3,95,149,107,55,14,13,111,52,148,83,129,24,150,103,105,69,159,40,116,140,99,106,194,180,178,192,109,66,145,102,110,199,0,85,104,17,53,155,146,63,31,183,65,16,190,10,130,5,39,195,43,127,179,96,141,98,114,64,79,42,119,132,75,163,133,81,153,166,189,33,35,36,22,112,93,19,144,121,51];True
4022;6509;10531;[198,29,90,41,187,60,177,47,26,89,115,152,49,54,197,123,74,37,94,118,124,168,34,108,174,196,167,15,156,21,73,82,137,86,181,68,9,45,138,126,143,160,173,18,199,12,7,161,136,144,164,4,84,122,25,23,77,57,186,170,176,72,154,172,59,11,182,139,135,191,48,50,56,92,147,67,32,38,87,165,193,28,44,125,91,88,70,71,162,20,188,61,184,8,157,78,128,101,185,76,80,100,30,134,27,2,97,58,151,175,6,1,117,113,169,142,131,158,62,120,3,95,149,107,55,14,13,111,52,148,83,129,24,150,103,105,69,159,40,116,104,99,106,194,180,178,192,109,66,145,102,110,171,0,85,140,17,53,155,146,63,31,183,65,16,190,10,130,5,39,195,43,127,179,96,141,98,114,64,79,42,119,132,75,163,133,81,153,166,189,33,35,36,22,112,93,19,46,121,51];True
4041;6507;10548;[198,29,90,41,187,60,177,47,26,89,115,152,49,54,197,123,74,37,94,118,124,168,34,108,174,196,167,15,156,21,73,82,137,86,181,68,9,45,138,126,143,160,173,18,171,12,7,161,136,144,164,4,84,122,25,23,77,57,186,170,176,72,154,172,59,11,182,139,135,191,48,50,56,92,147,67,32,38,87,165,193,28,44,125,91,88,70,71,162,20,188,61,184,8,157,78,128,101,185,76,80,100,30,134,27,2,97,58,151,175,6,1,117,113,169,142,131,158,62,120,3,95,149,107,55,14,13,111,52,148,83,129,24,150,103,105,69,159,40,116,104,99,106,194,180,178,192,109,66,145,102,110,199,0,85,140,17,53,155,146,63,31,183,65,16,190,10,130,5,39,195,43,127,179,96,141,98,114,64,79,42,119,132,75,163,133,81,153,166,189,33,35,36,22,112,93,19,46,121,51];True
4047;6502;10549;[198,29,90,41,187,60,177,47,26,89,115,152,49,54,197,123,74,37,94,118,124,168,34,108,174,196,167,15,156,21,73,82,137,86,181,68,9,45,138,126,143,160,173,18,199,12,7,161,136,144,164,4,84,122,25,23,77,57,186,170,176,72,154,172,59,11,182,139,135,191,48,50,56,92,147,67,32,38,87,165,193,28,44,125,91,88,70,71,162,20,188,61,184,8,157,78,128,101,185,76,80,100,30,134,27,2,97,58,151,175,6,1,117,113,169,142,131,158,62,120,3,95,149,107,55,14,13,111,52,148,83,129,24,150,103,105,69,159,40,116,140,99,106,194,180,178,192,109,66,145,102,110,171,0,85,104,17,53,155,146,63,31,183,65,16,190,10,130,5,39,195,43,127,179,96,141,98,114,64,79,42,119,132,75,163,133,81,153,166,189,33,35,36,22,112,93,19,46,121,51];True
4066;6500;10566;[198,29,90,41,187,60,177,47,26,89,115,152,49,54,197,123,74,37,94,118,124,168,34,108,174,196,167,15,156,21,73,82,137,86,181,68,9,45,138,126,143,160,173,18,171,12,7,161,136,144,164,4,84,122,25,23,77,57,186,170,176,72,154,172,59,11,182,139,135,191,48,50,56,92,147,67,32,38,87,165,193,28,44,125,91,88,70,71,162,20,188,61,184,8,157,78,128,101,185,76,80,100,30,134,27,2,97,58,151,175,6,1,117,113,169,142,131,158,62,120,3,95,149,107,55,14,13,111,52,148,83,129,24,150,103,105,69,159,40,116,140,99,106,194,180,178,192,109,66,145,102,110,199,0,85,104,17,53,155,146,63,31,183,65,16,190,10,130,5,39,195,43,127,179,96,141,98,114,64,79,42,119,132,75,163,133,81,153,166,189,33,35,36,22,112,93,19,46,121,51];True
4107;6497;10604;[198,29,90,41,187,60,177,47,26,89,115,152,49,54,197,123,74,37,94,118,124,168,34,108,174,196,167,15,156,21,73,82,137,86,181,68,9,45,138,126,143,160,173,18,171,12,7,161,136,144,164,4,84,122,25,23,77,57,186,170,176,72,154,172,59,11,182,139,135,191,48,50,56,92,147,67,32,38,87,165,193,28,44,125,91,88,70,71,162,20,188,61,184,8,157,78,128,101,185,76,80,100,30,134,27,2,97,58,110,175,6,1,117,113,169,142,131,158,62,120,3,95,149,107,55,14,13,111,52,148,83,129,24,150,103,105,69,159,40,116,140,99,106,194,180,178,192,109,66,145,102,151,199,0,85,104,17,53,155,146,63,31,183,65,16,190,10,130,5,39,195,43,127,179,96,141,98,114,64,79,42,119,132,75,163,133,81,153,166,189,33,35,36,22,112,93,19,46,121,51];True
4106;6499;10605;[198,29,90,41,187,60,177,47,26,89,115,152,49,54,197,123,74,37,94,118,124,168,34,108,174,196,167,15,156,21,73,82,137,86,181,68,9,45,138,126,143,160,173,18,171,110,7,161,136,144,164,4,84,122,25,23,77,57,186,170,176,72,154,172,59,11,182,139,135,191,48,50,56,92,147,67,32,38,87,165,193,28,44,125,91,88,70,71,162,20,188,61,184,8,157,78,128,101,185,76,80,100,30,134,27,2,97,58,151,175,6,1,117,113,169,142,131,158,62,120,3,95,149,107,55,14,13,111,52,148,83,129,24,150,103,105,69,159,40,116,140,99,106,194,180,178,192,109,66,145,102,12,199,0,85,104,17,53,155,146,63,31,183,65,16,190,10,130,5,39,195,43,127,179,96,141,98,114,64,79,42,119,132,75,163,133,81,153,166,189,33,35,36,22,112,93,19,46,121,51];True
4117;6494;10611;[198,29,90,41,187,60,177,47,26,89,115,152,49,54,197,123,74,37,94,118,124,168,34,108,174,196,167,15,156,21,73,82,137,86,181,68,9,45,138,126,143,160,173,18,171,12,7,161,136,144,164,4,84,122,25,23,77,57,186,170,176,72,154,172,59,11,182,139,135,191,48,50,56,92,147,67,32,38,87,165,193,28,44,125,91,88,70,71,162,20,188,61,184,8,157,78,128,101,185,76,80,100,30,134,27,2,97,58,158,175,6,1,117,113,169,142,131,110,62,120,3,95,149,107,55,14,13,111,52,148,83,129,24,150,103,105,69,159,40,116,140,99,106,194,180,178,192,109,66,145,102,151,199,0,85,104,17,53,155,146,63,31,183,65,16,190,10,130,5,39,195,43,127,179,96,141,98,114,64,79,42,119,132,75,163,133,81,153,166,189,33,35,36,22,112,93,19,46,121,51];True
4145;6493;10638;[198,29,90,41,187,60,177,47,26,89,115,152,49,54,197,123,74,37,94,118,124,168,34,108,174,196,167,15,156,21,73,82,137,86,181,68,9,45,138,126,143,160,173,18,171,199,7,161,136,144,164,4,84,122,25,23,77,57,186,170,176,72,154,172,59,11,182,139,135,191,48,50,56,92,147,67,32,38,87,165,193,28,44,125,91,88,70,71,162,20,188,61,184,8,157,78,128,101,185,76,80,100,30,134,27,2,97,58,151,175,6,1,117,113,169,142,131,158,62,120,3,95,149,107,55,14,13,111,52,148,83,129,24,150,103,105,69,159,40,116,140,99,106,194,180,178,192,109,66,145,102,110,12,0,85,104,17,53,155,146,63,31,183,65,16,190,10,130,5,39,195,43,127,179,96,141,98,114,64,79,42,119,132,75,163,133,81,153,166,189,33,35,36,22,112,93,19,46,121,51];True
4150;6492;10642;[198,29,90,41,187,60,177,47,26,89,115,152,49,54,197,123,74,37,94,118,124,168,34,108,174,196,167,15,156,21,73,82,137,86,181,68,9,45,138,126,143,160,173,18,12,199,7,161,136,144,164,4,84,122,25,23,77,57,186,170,176,72,154,172,59,11,182,139,135,191,48,50,56,92,147,67,32,38,87,165,193,28,44,125,91,88,70,71,162,20,188,61,184,8,157,78,128,101,185,76,80,100,30,134,27,2,97,58,151,175,6,1,117,113,169,142,131,158,62,120,3,95,149,107,55,14,13,111,52,148,83,129,24,150,103,105,69,159,40,116,140,99,106,194,180,178,192,109,66,145,102,110,171,0,85,104,17,53,155,146,63,31,183,65,16,190,10,130,5,39,195,43,127,179,96,141,98,114,64,79,42,119,132,75,163,133,81,153,166,189,33,35,36,22,112,93,19,46,121,51];True
4171;6491;10662;[198,29,90,41,187,60,177,47,26,89,115,152,49,54,197,123,74,37,94,118,124,168,34,108,174,196,167,15,156,21,73,82,163,86,181,68,9,45,138,126,143,160,173,18,171,12,7,161,136,144,164,4,84,122,25,23,77,57,186,170,176,72,154,172,59,11,182,139,135,191,48,50,56,92,147,67,32,38,87,165,193,28,44,125,91,88,70,71,162,20,188,61,184,8,157,78,128,101,185,76,80,100,30,134,27,2,97,58,151,175,6,1,117,113,169,142,131,158,62,120,3,95,149,107,55,14,13,111,52,148,83,129,24,150,103,105,69,159,40,116,140,99,106,194,180,178,192,109,66,145,102,110,199,0,85,104,17,53,155,146,63,31,183,65,16,190,10,130,5,39,195,43,127,179,96,141,98,114,64,79,42,119,132,75,137,133,81,153,166,189,33,35,36,22,112,93,19,46,121,51];True
4180;6489;10669;[198,29,90,41,187,60,177,47,26,89,115,152,49,54,197,123,74,37,94,118,124,168,34,108,174,196,167,15,156,21,73,82,137,86,181,68,9,45,138,126,143,160,173,18,171,12,7,161,136,144,164,4,84,122,25,23,77,57,186,170,176,72,154,172,59,98,182,139,135,191,48,50,56,92,147,67,32,38,87,165,193,28,44,125,91,88,70,71,162,20,188,61,184,8,157,78,128,101,185,76,80,100,30,134,27,2,97,58,158,175,6,1,117,113,169,142,131,110,62,120,3,95,149,107,55,14,13,111,52,148,83,129,24,150,103,105,69,159,40,116,140,99,106,194,180,178,192,109,66,145,102,151,199,0,85,104,17,53,155,146,63,31,183,65,16,190,10,130,5,39,195,43,127,179,96,141,11,114,64,79,42,119,132,75,163,133,81,153,166,189,33,35,36,22,112,93,19,46,121,51];True
4208;6488;10696;[198,29,90,41,187,60,177,47,26,89,115,152,49,54,197,123,74,37,94,118,124,168,34,108,174,196,167,15,156,21,73,82,137,86,181,68,9,45,138,126,143,160,173,18,171,199,7,161,136,144,164,4,84,122,25,23,77,57,186,170,176,72,154,172,59,98,182,139,135,191,48,50,56,92,147,67,32,38,87,165,193,28,44,125,91,88,70,71,162,20,188,61,184,8,157,78,128,101,185,76,80,100,30,134,27,2,97,58,151,175,6,1,117,113,169,142,131,158,62,120,3,95,149,107,55,14,13,111,52,148,83,129,24,150,103,105,69,159,40,116,140,99,106,194,180,178,192,109,66,145,102,110,12,0,85,104,17,53,155,146,63,31,183,65,16,190,10,130,5,39,195,43,127,179,96,141,11,114,64,79,42,119,132,75,163,133,81,153,166,189,33,35,36,22,112,93,19,46,121,51];True
4212;6487;10699;[198,29,90,41,187,60,42,47,26,161,115,152,172,59,197,123,74,37,94,118,124,168,34,108,174,196,167,15,156,21,73,82,137,86,181,68,9,45,138,126,143,160,91,18,171,195,7,173,89,46,164,4,84,122,25,23,77,57,186,170,176,72,154,49,133,11,182,139,135,191,48,50,56,92,147,67,32,61,38,165,193,28,44,125,6,88,70,71,162,20,188,144,184,8,157,78,128,101,185,76,80,100,30,134,27,2,97,58,158,62,95,1,117,113,169,142,131,110,54,120,3,136,149,107,55,14,13,111,52,148,83,129,24,150,103,105,69,159,40,116,140,99,106,194,180,178,192,109,66,145,102,151,199,0,85,104,17,53,155,146,63,31,183,65,16,190,10,130,5,175,12,43,127,79,179,177,98,114,64,96,141,119,132,75,163,39,81,153,166,189,33,35,36,22,112,93,19,87,121,51];True
4220;6486;10706;[198,29,90,41,187,60,177,47,26,89,115,152,49,54,197,123,74,37,94,118,124,168,34,108,174,196,167,15,156,21,73,82,137,86,181,68,9,45,138,126,143,160,173,18,171,12,7,161,136,144,164,4,84,122,25,23,77,57,186,170,176,72,154,172,59,11,182,139,135,188,48,50,56,92,147,67,32,38,87,165,193,28,44,125,91,88,70,71,162,20,191,61,184,8,157,78,128,101,185,76,80,100,30,134,27,2,97,58,158,175,6,1,117,113,169,142,131,110,62,120,3,95,149,107,55,14,13,111,52,148,83,129,24,150,103,105,69,159,40,116,140,99,106,194,180,178,192,109,66,145,102,151,199,0,85,104,17,53,155,146,63,31,183,65,16,190,10,130,5,39,195,43,127,179,96,141,98,114,64,79,42,119,132,75,163,133,81,153,166,189,33,35,36,22,112,93,19,46,121,51];True
4222;6485;10707;[198,29,90,41,187,60,177,47,26,89,115,152,49,54,197,123,74,37,94,118,124,168,34,108,174,196,167,15,156,21,73,82,163,86,181,68,9,45,138,126,143,160,173,18,171,12,7,161,136,144,164,4,84,122,25,23,77,57,186,170,176,72,154,172,59,11,182,139,135,191,48,50,56,92,147,67,32,38,87,165,193,28,44,125,91,88,70,71,162,20,188,61,184,8,157,78,128,101,185,76,80,100,30,134,27,2,97,58,158,175,6,1,117,113,169,142,131,110,62,120,3,95,149,107,55,14,13,111,52,148,83,129,24,150,103,105,69,159,40,116,140,99,106,194,180,178,192,109,66,145,102,151,199,0,85,104,17,53,155,146,63,31,183,65,16,190,10,130,5,39,195,43,127,179,96,141,98,114,64,79,42,119,132,75,137,133,81,153,166,189,33,35,36,22,112,93,19,46,121,51];True
4230;6484;10714;[198,29,90,41,187,60,42,47,26,161,115,152,172,59,197,123,74,37,94,118,124,168,34,108,174,196,167,15,156,21,73,82,137,86,181,68,9,45,138,126,143,160,91,18,171,195,7,173,89,46,164,4,84,122,25,23,77,57,186,170,176,72,154,49,133,11,182,139,135,191,48,50,56,92,147,67,32,61,19,165,193,28,44,125,6,88,70,71,162,20,188,144,184,8,157,78,128,101,185,76,80,100,30,134,27,2,97,58,158,62,95,1,117,113,169,142,131,110,54,120,3,136,149,107,55,14,13,111,52,148,83,129,24,150,103,105,69,159,40,116,140,99,106,194,180,178,192,109,66,145,102,151,199,0,85,104,17,53,155,146,63,31,183,65,16,190,10,130,5,175,12,43,127,79,179,177,98,114,64,96,141,119,132,75,163,39,81,153,166,189,33,35,36,22,112,93,38,87,121,51];True
4246;6482;10728;[198,29,90,41,187,60,179,47,26,161,115,152,172,59,197,123,74,37,94,118,124,168,34,108,174,196,167,15,156,21,73,82,137,86,181,68,9,45,138,126,143,160,91,18,171,195,7,173,89,46,164,4,84,122,25,23,77,57,186,170,176,72,154,49,39,11,182,139,135,191,48,50,56,92,147,67,32,61,38,165,193,28,44,125,6,88,70,71,162,20,188,144,184,8,157,78,128,101,185,76,80,100,30,134,27,2,97,58,158,62,95,1,117,113,169,142,131,110,54,120,3,136,149,107,55,14,13,111,52,148,83,129,24,150,103,105,69,159,40,116,140,99,106,194,180,178,192,109,66,145,102,151,199,0,85,104,17,53,155,146,63,31,183,65,16,190,10,130,5,175,12,43,127,79,42,177,98,114,64,96,141,119,132,75,163,133,81,153,166,189,33,35,36,22,112,93,19,87,121,51];True
4264;6479;10743;[198,29,90,41,187,60,179,47,26,161,115,152,172,59,197,123,74,37,94,118,124,168,34,108,174,196,167,15,156,21,73,82,137,86,181,68,9,45,138,126,143,160,91,18,171,195,7,173,89,46,164,4,84,122,25,23,77,57,186,170,176,72,154,49,39,11,182,139,135,191,48,50,56,92,147,67,32,61,19,165,193,28,44,125,6,88,70,71,162,20,188,144,184,8,157,78,128,101,185,76,80,100,30,134,27,2,97,58,158,62,95,1,117,113,169,142,131,110,54,120,3,136,149,107,55,14,13,111,52,148,83,129,24,150,103,105,69,159,40,116,140,99,106,194,180,178,192,109,66,145,102,151,199,0,85,104,17,53,155,146,63,31,183,65,16,190,10,130,5,175,12,43,127,79,42,177,98,114,64,96,141,119,132,75,163,133,81,153,166,189,33,35,36,22,112,93,38,87,121,51];True
4274;6478;10752;[198,29,90,41,187,60,179,47,26,161,115,152,172,59,197,123,74,37,94,118,124,168,34,108,174,196,167,15,156,21,73,82,137,86,181,68,9,45,138,126,143,160,91,18,171,195,7,173,89,46,164,4,84,122,25,23,77,57,186,170,176,72,154,49,76,98,182,139,135,191,48,50,56,92,147,67,32,61,38,165,193,28,44,125,6,88,70,71,162,20,188,144,184,8,157,78,128,101,185,39,80,100,30,134,27,2,97,58,158,62,95,1,117,113,169,142,131,110,54,120,3,136,149,107,55,14,13,111,52,148,83,129,24,150,103,105,69,159,40,116,104,99,106,194,180,178,192,109,66,145,102,151,199,0,85,140,17,53,155,146,63,31,183,65,16,190,10,130,5,175,12,43,127,79,42,141,11,114,64,96,177,119,132,75,163,133,81,153,166,189,33,35,36,22,112,93,19,87,121,51];True
4276;6477;10753;[198,29,90,41,187,60,179,47,26,161,115,152,172,59,197,123,74,37,94,118,124,168,34,108,174,196,167,15,156,21,73,82,137,86,181,68,9,45,138,126,143,160,91,18,171,195,7,173,89,46,164,4,84,122,25,23,77,57,186,170,176,72,154,49,133,11,182,139,135,191,48,50,56,92,147,67,32,61,38,165,193,28,44,125,6,88,70,71,162,20,188,144,184,8,157,78,128,101,185,76,80,100,30,134,27,2,97,58,158,62,95,1,117,113,169,142,131,110,54,120,3,136,149,107,55,14,13,111,52,148,83,129,24,150,103,105,69,159,40,116,140,99,106,194,180,178,192,109,66,145,102,151,199,0,85,104,17,53,155,146,63,31,183,65,16,190,10,130,5,175,12,43,127,79,42,177,98,114,64,96,141,119,132,75,163,39,81,153,166,189,33,35,36,22,112,93,19,87,121,51];True
4290;6475;10765;[198,29,90,41,187,128,42,47,26,161,115,152,172,59,197,123,31,37,94,118,124,168,34,108,174,196,167,15,156,21,73,82,137,86,181,68,9,45,138,126,143,160,91,18,171,195,7,173,89,46,164,4,84,122,25,23,77,57,186,170,176,72,154,49,54,11,182,139,135,183,51,50,56,92,147,67,32,38,87,165,193,28,44,125,6,88,70,71,162,20,191,61,184,8,157,78,60,101,185,76,80,100,30,134,27,2,97,58,158,62,95,1,117,113,169,142,131,110,133,120,3,136,149,107,55,14,13,111,52,148,83,129,24,150,103,105,69,159,40,116,48,99,106,194,180,178,192,109,66,145,102,151,199,0,85,104,17,53,155,121,140,74,188,65,16,190,10,130,5,177,12,43,127,79,179,175,98,114,64,96,141,119,132,75,163,39,81,153,166,189,33,35,36,22,112,93,19,144,146,63];True
4294;6473;10767;[198,29,90,41,187,60,179,47,26,161,115,152,172,59,197,123,74,37,94,118,124,168,34,108,174,196,167,15,156,21,73,82,137,86,181,68,61,45,138,126,143,160,91,18,171,195,7,173,89,46,164,4,84,122,25,23,77,57,186,170,176,72,154,49,76,98,182,139,135,191,48,50,56,92,147,67,32,38,9,165,193,28,44,125,6,88,70,71,162,20,188,144,184,8,157,78,128,101,185,39,80,100,30,134,27,2,97,58,158,62,95,1,117,113,169,142,131,110,54,120,3,136,149,107,55,14,13,111,52,148,83,129,24,150,103,105,69,159,40,116,140,99,106,194,180,178,192,109,66,145,102,151,199,0,85,104,17,53,155,146,63,31,183,65,16,190,10,130,5,175,12,43,127,79,42,141,11,114,64,96,177,119,132,75,163,133,81,153,166,189,33,35,36,22,112,93,19,87,121,51];True
4299;6471;10770;[198,29,90,41,187,60,179,47,26,161,115,152,172,59,197,123,74,37,94,118,124,168,34,108,174,196,167,15,156,21,73,82,137,86,181,68,9,45,138,126,143,160,91,18,171,195,7,173,89,46,164,4,84,122,25,23,77,57,186,170,176,72,154,49,76,98,182,139,135,191,48,50,56,92,147,67,32,61,38,165,193,28,44,125,6,88,70,71,162,20,188,144,184,8,157,78,128,101,185,39,80,100,30,134,27,2,97,58,158,62,95,1,117,113,169,142,131,110,54,120,3,136,149,107,55,14,13,111,52,148,83,129,24,150,103,105,69,159,40,116,140,99,106,194,180,178,192,109,66,145,102,151,199,0,85,104,17,53,155,146,63,31,183,65,16,190,10,130,5,175,12,43,127,79,42,141,11,114,64,96,177,119,132,75,163,133,81,153,166,189,33,35,36,22,112,93,19,87,121,51];True
4317;6468;10785;[198,29,90,41,187,60,179,47,26,161,115,152,172,59,197,123,74,37,94,118,124,168,34,108,174,196,167,15,156,21,73,82,137,86,181,68,9,45,138,126,143,160,91,18,171,195,7,173,89,46,164,4,84,122,25,23,77,57,186,170,176,72,154,49,76,98,182,139,135,191,48,50,56,92,147,67,32,61,19,165,193,28,44,125,6,88,70,71,162,20,188,144,184,8,157,78,128,101,185,39,80,100,30,134,27,2,97,58,158,62,95,1,117,113,169,142,131,110,54,120,3,136,149,107,55,14,13,111,52,148,83,129,24,150,103,105,69,159,40,116,140,99,106,194,180,178,192,109,66,145,102,151,199,0,85,104,17,53,155,146,63,31,183,65,16,190,10,130,5,175,12,43,127,79,42,141,11,114,64,96,177,119,132,75,163,133,81,153,166,189,33,35,36,22,112,93,38,87,121,51];True
4325;6466;10791;[198,29,90,41,187,128,42,47,26,161,115,152,172,59,197,123,31,37,94,118,124,168,34,108,174,196,167,15,156,21,73,82,137,86,181,68,9,45,138,126,143,160,91,18,171,195,7,173,89,46,164,4,84,122,25,23,77,57,186,170,176,72,154,49,76,11,182,139,135,183,51,50,56,92,147,67,32,38,87,165,193,28,44,125,6,88,70,71,162,20,191,61,184,8,157,78,60,101,185,39,80,100,30,134,27,2,97,58,158,62,95,1,117,113,169,142,131,110,54,120,3,136,149,107,55,14,13,111,52,148,83,129,24,150,103,105,69,159,40,116,48,99,106,194,180,178,192,109,66,145,102,151,199,0,85,104,17,53,155,121,140,74,188,65,16,190,10,130,5,177,12,43,127,79,179,175,98,114,64,96,141,119,132,75,163,133,81,153,166,189,33,35,36,22,112,93,19,144,146,63];True
4342;6465;10807;[198,29,90,41,187,128,42,47,26,161,115,152,172,59,197,123,31,37,94,118,124,168,34,108,174,196,167,15,156,21,73,82,137,86,181,68,9,45,138,126,143,160,91,18,171,195,7,173,89,144,164,4,84,122,25,23,77,57,186,170,176,72,154,49,76,11,182,139,135,183,51,50,56,92,147,67,32,38,87,165,193,28,44,125,6,88,70,71,162,20,191,61,184,8,157,78,60,101,185,39,80,100,30,134,27,2,97,58,158,62,95,1,117,113,169,142,131,110,54,120,3,136,149,107,55,14,13,111,52,148,83,129,24,150,103,105,69,159,40,116,48,99,106,194,180,178,192,109,66,145,102,151,199,0,85,104,17,53,155,121,140,74,188,65,16,190,10,130,5,177,12,43,127,79,179,175,98,114,64,96,141,119,132,75,163,133,81,153,166,189,33,35,36,22,112,93,19,46,146,63];True
4351;6461;10812;[198,29,90,41,187,128,42,47,26,161,115,152,172,59,197,123,31,37,94,118,124,168,34,108,174,196,167,15,156,21,73,82,137,86,181,68,9,45,138,126,143,160,91,18,171,195,7,173,89,46,164,4,84,122,25,23,77,57,186,170,176,72,154,49,39,11,182,139,135,183,51,50,56,92,147,67,32,38,87,165,193,28,44,125,6,88,70,71,162,20,191,61,184,8,157,78,60,101,185,76,80,100,30,134,27,2,97,58,158,62,95,1,117,113,169,142,131,110,54,120,3,136,149,107,55,14,13,111,52,148,83,129,24,150,103,105,69,159,40,116,48,99,106,194,180,178,192,109,66,145,102,151,199,0,85,104,17,53,155,121,140,74,188,65,16,190,10,130,5,177,12,43,127,79,179,175,98,114,64,96,141,119,132,75,163,133,81,153,166,189,33,35,36,22,112,93,19,144,146,63];True
4368;6460;10828;[198,29,90,41,187,128,42,47,26,161,115,152,172,59,197,123,31,37,94,118,124,168,34,108,174,196,167,15,156,21,73,82,137,86,181,68,9,45,138,126,143,160,91,18,171,195,7,173,89,144,164,4,84,122,25,23,77,57,186,170,176,72,154,49,39,11,182,139,135,183,51,50,56,92,147,67,32,38,87,165,193,28,44,125,6,88,70,71,162,20,191,61,184,8,157,78,60,101,185,76,80,100,30,134,27,2,97,58,158,62,95,1,117,113,169,142,131,110,54,120,3,136,149,107,55,14,13,111,52,148,83,129,24,150,103,105,69,159,40,116,48,99,106,194,180,178,192,109,66,145,102,151,199,0,85,104,17,53,155,121,140,74,188,65,16,190,10,130,5,177,12,43,127,79,179,175,98,114,64,96,141,119,132,75,163,133,81,153,166,189,33,35,36,22,112,93,19,46,146,63];True
4373;6457;10830;[198,29,90,41,187,60,42,47,26,161,115,152,172,59,197,123,31,37,94,118,124,168,34,108,174,196,167,15,156,21,73,82,137,86,181,68,9,45,138,126,143,160,91,18,171,195,7,173,89,46,164,4,84,122,25,23,77,57,186,170,176,72,154,49,76,11,182,139,135,183,51,50,56,92,147,67,32,38,87,165,193,28,44,125,6,88,70,71,162,20,191,61,184,8,157,78,128,101,185,39,80,100,30,134,27,2,97,58,158,62,95,1,117,113,169,142,131,110,54,120,3,136,149,107,55,14,13,111,52,148,83,129,24,150,103,105,69,159,40,116,48,99,106,194,180,178,192,109,66,145,102,151,199,0,85,104,17,53,155,121,140,74,188,65,16,190,10,130,5,177,12,43,127,79,179,175,98,114,64,96,141,119,132,75,163,133,81,153,166,189,33,35,36,22,112,93,19,144,146,63];True
4381;6456;10837;[198,29,90,41,187,128,42,47,26,161,115,152,172,59,197,123,31,37,94,118,124,168,34,108,174,196,167,15,156,21,73,82,137,86,181,68,9,45,138,126,143,160,91,18,171,195,7,173,89,46,164,4,84,122,25,23,77,57,186,170,176,72,154,49,133,11,182,139,135,183,51,50,56,92,147,67,32,38,87,165,193,28,44,125,6,88,70,71,162,20,191,61,184,8,157,78,60,101,185,76,80,100,30,134,27,2,97,58,158,62,95,1,117,113,169,142,131,110,54,120,3,136,149,107,55,14,13,111,52,148,83,129,24,150,103,105,69,159,40,116,48,99,106,194,180,178,192,109,66,145,102,151,199,0,85,104,17,53,155,121,140,74,188,65,16,190,10,130,5,177,12,43,127,79,179,175,98,114,64,96,141,119,132,75,163,39,81,153,166,189,33,35,36,22,112,93,19,144,146,63];True
4399;6452;10851;[198,29,90,41,187,60,42,47,26,161,115,152,172,59,197,123,31,37,94,118,124,168,34,108,174,196,167,15,156,21,73,82,137,86,181,68,9,45,138,126,143,160,91,18,171,195,7,173,89,46,164,4,84,122,25,23,77,57,186,170,176,72,154,49,39,11,182,139,135,183,51,50,56,92,147,67,32,38,87,165,193,28,44,125,6,88,70,71,162,20,191,61,184,8,157,78,128,101,185,76,80,100,30,134,27,2,97,58,158,62,95,1,117,113,169,142,131,110,54,120,3,136,149,107,55,14,13,111,52,148,83,129,24,150,103,105,69,159,40,116,48,99,106,194,180,178,192,109,66,145,102,151,199,0,85,104,17,53,155,121,140,74,188,65,16,190,10,130,5,177,12,43,127,79,179,175,98,114,64,96,141,119,132,75,163,133,81,153,166,189,33,35,36,22,112,93,19,144,146,63];True
4398;6455;10853;[198,29,90,41,187,128,42,47,26,161,115,152,172,59,197,123,31,37,94,118,124,168,34,108,174,196,167,15,156,21,73,82,137,86,181,68,9,45,138,126,143,160,91,18,171,195,7,173,89,144,164,4,84,122,25,23,77,57,186,170,176,72,154,49,133,11,182,139,135,183,51,50,56,92,147,67,32,38,87,165,193,28,44,125,6,88,70,71,162,20,191,61,184,8,157,78,60,101,185,76,80,100,30,134,27,2,97,58,158,62,95,1,117,113,169,142,131,110,54,120,3,136,149,107,55,14,13,111,52,148,83,129,24,150,103,105,69,159,40,116,48,99,106,194,180,178,192,109,66,145,102,151,199,0,85,104,17,53,155,121,140,74,188,65,16,190,10,130,5,177,12,43,127,79,179,175,98,114,64,96,141,119,132,75,163,39,81,153,166,189,33,35,36,22,112,93,19,46,146,63];True
4416;6451;10867;[198,29,90,41,187,60,42,47,26,161,115,152,172,59,197,123,31,37,94,118,124,168,34,108,174,196,167,15,156,21,73,82,137,86,181,68,9,45,138,126,143,160,91,18,171,195,7,173,89,144,164,4,84,122,25,23,77,57,186,170,176,72,154,49,39,11,182,139,135,183,51,50,56,92,147,67,32,38,87,165,193,28,44,125,6,88,70,71,162,20,191,61,184,8,157,78,128,101,185,76,80,100,30,134,27,2,97,58,158,62,95,1,117,113,169,142,131,110,54,120,3,136,149,107,55,14,13,111,52,148,83,129,24,150,103,105,69,159,40,116,48,99,106,194,180,178,192,109,66,145,102,151,199,0,85,104,17,53,155,121,140,74,188,65,16,190,10,130,5,177,12,43,127,79,179,175,98,114,64,96,141,119,132,75,163,133,81,153,166,189,33,35,36,22,112,93,19,46,146,63];True
4421;6450;10871;[198,29,90,41,187,60,42,47,26,161,115,152,172,59,197,123,31,37,94,118,124,168,34,108,174,196,167,15,156,21,73,82,137,86,181,68,9,45,138,126,143,160,91,18,171,195,7,173,89,46,164,4,84,122,25,23,77,57,186,170,176,72,154,49,76,11,182,139,135,183,51,50,56,92,147,67,32,38,87,165,193,28,44,125,6,88,70,71,162,20,191,61,184,8,157,78,128,101,185,39,80,100,30,134,27,2,97,58,158,62,95,1,117,113,169,142,131,110,54,120,3,136,149,107,55,14,13,111,52,148,83,129,24,150,103,105,69,159,40,116,48,99,106,194,180,178,192,109,66,145,102,151,199,0,85,104,17,53,155,121,140,74,188,65,16,190,10,130,5,175,12,43,127,79,179,177,98,114,64,96,141,119,132,75,163,133,81,153,166,189,33,35,36,22,112,93,19,144,146,63];True
4429;6447;10876;[198,29,90,41,187,60,42,47,26,161,115,152,172,59,197,123,31,37,94,118,124,168,34,108,174,196,167,15,156,21,73,82,137,86,181,68,9,45,138,126,143,160,91,18,171,195,7,173,89,46,164,4,84,122,25,23,77,57,186,170,176,72,154,49,133,11,182,139,135,183,51,50,56,92,147,67,32,38,87,165,193,28,44,125,6,88,70,71,162,20,191,61,184,8,157,78,128,101,185,76,80,100,30,134,27,2,97,58,158,62,95,1,117,113,169,142,131,110,54,120,3,136,149,107,55,14,13,111,52,148,83,129,24,150,103,105,69,159,40,116,48,99,106,194,180,178,192,109,66,145,102,151,199,0,85,104,17,53,155,121,140,74,188,65,16,190,10,130,5,177,12,43,127,79,179,175,98,114,64,96,141,119,132,75,163,39,81,153,166,189,33,35,36,22,112,93,19,144,146,63];True
4446;6446;10892;[198,29,90,41,187,60,42,47,26,161,115,152,172,59,197,123,31,37,94,118,124,168,34,108,174,196,167,15,156,21,73,82,137,86,181,68,9,45,138,126,143,160,91,18,171,195,7,173,89,144,164,4,84,122,25,23,77,57,186,170,176,72,154,49,133,11,182,139,135,183,51,50,56,92,147,67,32,38,87,165,193,28,44,125,6,88,70,71,162,20,191,61,184,8,157,78,128,101,185,76,80,100,30,134,27,2,97,58,158,62,95,1,117,113,169,142,131,110,54,120,3,136,149,107,55,14,13,111,52,148,83,129,24,150,103,105,69,159,40,116,48,99,106,194,180,178,192,109,66,145,102,151,199,0,85,104,17,53,155,121,140,74,188,65,16,190,10,130,5,177,12,43,127,79,179,175,98,114,64,96,141,119,132,75,163,39,81,153,166,189,33,35,36,22,112,93,19,46,146,63];True
4447;6445;10892;[198,29,90,41,187,60,42,47,26,161,115,152,172,59,197,123,31,37,94,118,124,168,34,108,174,196,167,15,156,21,73,82,137,86,181,68,9,45,138,126,143,160,91,18,171,195,7,173,89,46,164,4,84,122,25,23,77,57,186,170,176,72,154,49,39,11,182,139,135,183,51,50,56,92,147,67,32,38,87,165,193,28,44,125,6,88,70,71,162,20,191,61,184,8,157,78,128,101,185,76,80,100,30,134,27,2,97,58,158,62,95,1,117,113,169,142,131,110,54,120,3,136,149,107,55,14,13,111,52,148,83,129,24,150,103,105,69,159,40,116,48,99,106,194,180,178,192,109,66,145,102,151,199,0,85,104,17,53,155,121,140,74,188,65,16,190,10,130,5,175,12,43,127,79,179,177,98,114,64,96,141,119,132,75,163,133,81,153,166,189,33,35,36,22,112,93,19,144,146,63];True
4464;6444;10908;[198,29,90,41,187,60,42,47,26,161,115,152,172,59,197,123,31,37,94,118,124,168,34,108,174,196,167,15,156,21,73,82,137,86,181,68,9,45,138,126,143,160,91,18,171,195,7,173,89,144,164,4,84,122,25,23,77,57,186,170,176,72,154,49,39,11,182,139,135,183,51,50,56,92,147,67,32,38,87,165,193,28,44,125,6,88,70,71,162,20,191,61,184,8,157,78,128,101,185,76,80,100,30,134,27,2,97,58,158,62,95,1,117,113,169,142,131,110,54,120,3,136,149,107,55,14,13,111,52,148,83,129,24,150,103,105,69,159,40,116,48,99,106,194,180,178,192,109,66,145,102,151,199,0,85,104,17,53,155,121,140,74,188,65,16,190,10,130,5,175,12,43,127,79,179,177,98,114,64,96,141,119,132,75,163,133,81,153,166,189,33,35,36,22,112,93,19,46,146,63];True
4472;6442;10914;[198,29,90,41,187,79,179,47,26,161,115,152,172,59,197,123,31,37,94,118,124,168,34,108,174,196,167,15,156,21,73,82,137,86,181,68,9,45,138,126,143,160,91,18,171,195,7,173,89,46,164,4,84,122,25,23,77,57,186,170,176,72,154,49,76,98,182,139,135,183,51,50,56,92,147,67,32,38,87,165,193,28,44,125,6,88,70,71,162,20,191,61,184,8,157,78,128,101,185,39,80,100,30,134,27,2,97,58,158,62,95,1,117,113,169,142,131,110,54,120,3,136,149,107,55,14,13,111,52,148,83,129,24,150,103,105,69,159,40,116,48,99,106,194,180,178,192,109,66,145,102,151,199,0,85,104,17,53,155,121,140,74,188,65,16,190,10,130,5,175,12,43,127,60,42,141,11,114,64,96,177,119,132,75,163,133,81,153,166,189,33,35,36,22,112,93,19,144,146,63];True
4477;6440;10917;[198,29,90,41,187,60,42,47,26,161,115,152,172,59,197,123,31,37,94,118,124,168,34,108,174,196,167,15,156,21,73,82,137,86,181,68,9,45,138,126,143,160,91,18,171,195,7,173,89,46,164,4,84,122,25,23,77,57,186,170,176,72,154,49,133,11,182,139,135,183,51,50,56,92,147,67,32,38,87,165,193,28,44,125,6,88,70,71,162,20,191,61,184,8,157,78,128,101,185,76,80,100,30,134,27,2,97,58,158,62,95,1,117,113,169,142,131,110,54,120,3,136,149,107,55,14,13,111,52,148,83,129,24,150,103,105,69,159,40,116,48,99,106,194,180,178,192,109,66,145,102,151,199,0,85,104,17,53,155,121,140,74,188,65,16,190,10,130,5,175,12,43,127,79,179,177,98,114,64,96,141,119,132,75,163,39,81,153,166,189,33,35,36,22,112,93,19,144,146,63];True
4494;6439;10933;[198,29,90,41,187,60,42,47,26,161,115,152,172,59,197,123,31,37,94,118,124,168,34,108,174,196,167,15,156,21,73,82,137,86,181,68,9,45,138,126,143,160,91,18,171,195,7,173,89,144,164,4,84,122,25,23,77,57,186,170,176,72,154,49,133,11,182,139,135,183,51,50,56,92,147,67,32,38,87,165,193,28,44,125,6,88,70,71,162,20,191,61,184,8,157,78,128,101,185,76,80,100,30,134,27,2,97,58,158,62,95,1,117,113,169,142,131,110,54,120,3,136,149,107,55,14,13,111,52,148,83,129,24,150,103,105,69,159,40,116,48,99,106,194,180,178,192,109,66,145,102,151,199,0,85,104,17,53,155,121,140,74,188,65,16,190,10,130,5,175,12,43,127,79,179,177,98,114,64,96,141,119,132,75,163,39,81,153,166,189,33,35,36,22,112,93,19,46,146,63];True
4511;6435;10946;[198,29,90,41,187,60,179,47,26,161,115,152,172,59,197,123,31,37,94,118,124,168,34,108,174,196,167,15,156,21,73,82,137,86,181,68,9,45,138,126,143,160,91,18,171,195,7,173,89,46,164,4,84,122,25,23,77,57,186,170,176,72,154,49,39,11,182,139,135,183,51,50,56,92,147,67,32,38,87,165,193,28,44,125,6,88,70,71,162,20,191,61,184,8,157,78,128,101,185,76,80,100,30,134,27,2,97,58,158,62,95,1,117,113,169,142,131,110,54,120,3,136,149,107,55,14,13,111,52,148,83,129,24,150,103,105,69,159,40,116,48,99,106,194,180,178,192,109,66,145,102,151,199,0,85,104,17,53,155,121,140,74,188,65,16,190,10,130,5,175,12,43,127,79,42,177,98,114,64,96,141,119,132,75,163,133,81,153,166,189,33,35,36,22,112,93,19,144,146,63];True
4510;6438;10948;[198,29,90,41,187,60,179,47,26,161,115,152,172,59,197,123,31,37,94,118,124,168,34,108,174,196,167,15,156,21,73,82,137,86,181,68,9,45,138,126,143,160,91,18,171,195,7,173,89,46,164,4,84,122,25,23,77,57,186,170,176,72,154,49,76,98,182,139,135,183,51,50,56,92,147,67,32,38,87,165,193,28,44,125,6,88,70,71,162,20,191,61,184,8,157,78,128,101,185,39,80,100,30,134,27,2,97,58,158,62,95,1,117,113,169,142,131,110,54,120,3,136,149,107,55,14,13,111,52,148,83,129,24,150,103,105,69,159,40,116,48,99,106,194,180,178,192,10,66,145,102,151,199,0,85,104,17,53,155,121,140,74,188,65,16,190,109,130,5,175,12,43,127,79,42,141,11,114,64,96,177,119,132,75,163,133,81,153,166,189,33,35,36,22,112,93,19,144,146,63];True
4528;6434;10962;[198,29,90,41,187,60,179,47,26,161,115,152,172,59,197,123,31,37,94,118,124,168,34,108,174,196,167,15,156,21,73,82,137,86,181,68,9,45,138,126,143,160,91,18,171,195,7,173,89,46,164,4,84,122,25,23,77,57,186,170,176,72,154,49,76,98,182,139,135,183,51,50,56,92,147,67,32,38,87,165,193,28,44,125,6,88,70,71,162,20,191,61,184,8,157,78,128,101,185,39,80,100,30,134,27,2,97,58,158,62,95,1,117,113,169,142,131,110,54,120,3,136,149,107,55,14,13,111,52,148,83,129,24,150,103,105,69,159,40,116,48,99,106,194,180,178,192,109,66,145,102,114,199,0,85,104,17,53,155,121,140,74,188,65,16,190,10,130,5,175,12,43,127,79,42,141,11,151,96,64,177,119,132,75,163,133,81,153,166,189,33,35,36,22,112,93,19,144,146,63];True
4541;6430;10971;[198,29,90,41,187,60,179,47,26,161,115,152,172,59,197,123,31,37,94,118,124,168,34,108,174,196,167,15,156,21,73,82,137,86,181,68,9,45,138,126,143,160,91,18,171,195,7,173,89,46,164,4,84,122,25,23,77,57,186,170,176,72,154,49,133,11,182,139,135,183,51,50,56,92,147,67,32,38,87,165,193,28,44,125,6,88,70,71,162,20,191,61,184,8,157,78,128,101,185,76,80,100,30,134,27,2,97,58,158,62,95,1,117,113,169,142,131,110,54,120,3,136,149,107,55,14,13,111,52,148,83,129,24,150,103,105,69,159,40,116,48,99,106,194,180,178,192,109,66,145,102,151,199,0,85,104,17,53,155,121,140,74,188,65,16,190,10,130,5,175,12,43,127,79,42,177,98,114,64,96,141,119,132,75,163,39,81,153,166,189,33,35,36,22,112,93,19,144,146,63];True
4558;6429;10987;[198,29,90,41,187,60,179,47,26,161,115,152,172,59,197,123,31,37,94,118,124,168,34,108,174,196,167,15,156,21,73,82,137,86,181,68,9,45,138,126,143,160,91,18,171,195,7,173,89,144,164,4,84,122,25,23,77,57,186,170,176,72,154,49,133,11,182,139,135,183,51,50,56,92,147,67,32,38,87,165,193,28,44,125,6,88,70,71,162,20,191,61,184,8,157,78,128,101,185,76,80,100,30,134,27,2,97,58,158,62,95,1,117,113,169,142,131,110,54,120,3,136,149,107,55,14,13,111,52,148,83,129,24,150,103,105,69,159,40,116,48,99,106,194,180,178,192,109,66,145,102,151,199,0,85,104,17,53,155,121,140,74,188,65,16,190,10,130,5,175,12,43,127,79,42,177,98,114,64,96,141,119,132,75,163,39,81,153,166,189,33,35,36,22,112,93,19,46,146,63];True
4564;6424;10988;[198,29,90,41,187,60,179,47,26,161,115,152,172,59,197,123,31,37,94,118,124,168,34,108,174,196,167,15,156,21,73,82,137,86,181,68,9,45,138,126,143,160,91,18,171,195,7,173,89,46,164,4,84,122,25,23,77,57,186,170,176,72,154,49,76,98,182,139,135,183,51,50,56,92,147,67,32,38,87,165,193,28,44,125,6,88,70,71,162,20,191,61,184,8,157,78,128,101,185,39,80,100,30,134,27,2,97,58,158,62,95,1,117,113,169,142,131,110,54,120,3,136,149,107,55,14,13,111,52,148,83,129,24,150,103,105,69,159,40,116,48,99,106,194,180,178,192,109,66,145,102,151,199,0,85,104,17,53,155,121,140,74,188,65,16,190,10,130,5,175,12,43,127,79,42,141,11,114,64,96,177,119,132,75,163,133,81,153,166,189,33,35,36,22,112,93,19,144,146,63];True
4581;6423;11004;[198,29,90,41,187,60,179,47,26,161,115,152,172,59,197,123,31,37,94,118,124,168,34,108,174,196,167,15,156,21,73,82,137,86,181,68,9,45,138,126,143,160,91,18,171,195,7,173,89,144,164,4,84,122,25,23,77,57,186,170,176,72,154,49,76,98,182,139,135,183,51,50,56,92,147,67,32,38,87,165,193,28,44,125,6,88,70,71,162,20,191,61,184,8,157,78,128,101,185,39,80,100,30,134,27,2,97,58,158,62,95,1,117,113,169,142,131,110,54,120,3,136,149,107,55,14,13,111,52,148,83,129,24,150,103,105,69,159,40,116,48,99,106,194,180,178,192,109,66,145,102,151,199,0,85,104,17,53,155,121,140,74,188,65,16,190,10,130,5,175,12,43,127,79,42,141,11,114,64,96,177,119,132,75,163,133,81,153,166,189,33,35,36,22,112,93,19,46,146,63];True
4603;6422;11025;[198,29,90,41,187,60,179,47,26,161,115,152,172,59,197,123,17,37,94,118,124,168,34,108,174,196,167,15,156,21,73,82,137,86,181,68,9,45,138,126,143,160,91,18,171,195,7,173,89,144,164,4,84,122,25,23,77,57,186,170,176,72,154,49,76,98,182,139,135,183,51,50,56,92,147,67,32,38,87,165,193,28,44,125,6,88,70,71,162,20,191,61,184,8,157,78,128,101,185,39,80,100,30,134,27,2,97,58,158,62,95,1,117,113,169,142,131,110,54,120,3,136,149,107,55,14,13,111,52,148,83,129,24,150,103,105,69,159,40,116,48,99,106,194,180,178,192,109,66,145,102,151,199,0,85,104,31,53,155,121,140,74,188,65,16,190,10,130,5,175,12,43,127,79,42,141,11,114,64,96,177,119,132,75,163,133,81,153,166,189,33,35,36,22,112,93,19,46,146,63];True
4608;6420;11028;[198,29,90,41,187,60,179,47,26,161,115,152,172,59,197,123,31,37,94,118,124,168,34,108,174,196,167,15,156,21,73,82,137,86,181,68,9,45,138,126,143,160,91,18,171,195,7,173,89,46,164,4,84,122,25,23,77,57,186,170,176,72,154,49,133,11,182,139,135,183,51,50,56,92,147,67,32,38,87,165,193,28,44,125,6,88,70,71,162,20,191,61,184,8,157,78,128,101,185,76,80,100,30,134,27,2,97,58,158,62,95,1,117,113,169,142,131,110,54,120,3,136,149,107,55,14,13,111,52,148,83,129,24,150,103,105,69,159,40,116,48,99,106,194,180,178,192,109,66,145,102,151,199,0,85,104,17,53,155,121,140,74,188,65,16,190,10,130,5,175,12,43,127,79,42,141,98,114,64,96,177,119,132,75,163,39,81,153,166,189,33,35,36,22,112,93,19,144,146,63];True
4625;6419;11044;[198,29,90,41,187,60,179,47,26,161,115,152,172,59,197,123,31,37,94,118,124,168,34,108,174,196,167,15,156,21,73,82,137,86,181,68,9,45,138,126,143,160,91,18,171,195,7,173,89,144,164,4,84,122,25,23,77,57,186,170,176,72,154,49,133,11,182,139,135,183,51,50,56,92,147,67,32,38,87,165,193,28,44,125,6,88,70,71,162,20,191,61,184,8,157,78,128,101,185,76,80,100,30,134,27,2,97,58,158,62,95,1,117,113,169,142,131,110,54,120,3,136,149,107,55,14,13,111,52,148,83,129,24,150,103,105,69,159,40,116,48,99,106,194,180,178,192,109,66,145,102,151,199,0,85,104,17,53,155,121,140,74,188,65,16,190,10,130,5,175,12,43,127,79,42,141,98,114,64,96,177,119,132,75,163,39,81,153,166,189,33,35,36,22,112,93,19,46,146,63];True
4647;6418;11065;[198,29,90,41,187,60,179,47,26,161,115,152,172,59,197,123,17,37,94,118,124,168,34,108,174,196,167,15,156,21,73,82,137,86,181,68,9,45,138,126,143,160,91,18,171,195,7,173,89,144,164,4,84,122,25,23,77,57,186,170,176,72,154,49,133,11,182,139,135,183,51,50,56,92,147,67,32,38,87,165,193,28,44,125,6,88,70,71,162,20,191,61,184,8,157,78,128,101,185,76,80,100,30,134,27,2,97,58,158,62,95,1,117,113,169,142,131,110,54,120,3,136,149,107,55,14,13,111,52,148,83,129,24,150,103,105,69,159,40,116,48,99,106,194,180,178,192,109,66,145,102,151,199,0,85,104,31,53,155,121,140,74,188,65,16,190,10,130,5,175,12,43,127,79,42,141,98,114,64,96,177,119,132,75,163,39,81,153,166,189,33,35,36,22,112,93,19,46,146,63];True
4657;6417;11074;[198,29,90,41,172,60,179,47,26,161,115,152,163,59,197,123,31,37,94,118,124,168,34,108,174,196,167,15,156,21,73,82,187,86,181,68,9,45,138,126,143,160,91,18,171,195,7,173,89,46,164,4,84,122,25,23,77,57,186,170,176,72,154,49,76,98,182,139,135,183,51,50,56,92,147,67,32,38,87,165,193,28,44,125,6,88,70,71,162,20,191,61,184,8,157,78,128,101,185,39,80,100,30,134,27,2,97,58,158,62,95,1,117,113,169,142,131,110,54,120,3,136,149,107,55,14,13,111,52,148,83,129,24,150,103,105,69,159,40,116,48,99,106,194,180,178,192,109,66,145,102,151,199,0,85,104,17,53,155,121,140,74,188,65,16,190,10,130,5,175,12,43,127,79,42,141,11,114,64,96,177,119,132,75,137,133,81,153,166,189,33,35,36,22,112,93,19,144,146,63];True
4669;6415;11084;[198,29,90,41,187,60,179,47,26,161,115,152,172,59,197,123,31,37,94,118,124,168,34,108,174,196,167,15,156,21,73,82,163,86,181,68,9,45,138,126,143,160,91,18,171,195,7,173,89,46,164,4,84,122,25,23,77,57,186,170,176,72,154,49,76,98,182,139,135,183,51,50,56,92,147,67,32,38,87,165,193,28,44,125,6,88,70,71,162,20,191,61,184,8,157,78,128,101,185,39,80,100,30,134,27,2,97,58,158,62,95,1,117,113,169,142,131,110,54,120,3,136,149,107,55,14,13,111,52,148,83,129,24,150,103,105,69,159,40,116,48,99,106,194,180,178,192,109,66,145,102,151,199,0,85,104,17,53,155,121,140,74,188,65,16,190,10,130,5,175,12,43,127,79,42,141,11,114,64,96,177,119,132,75,137,133,81,153,166,189,33,35,36,22,112,93,19,144,146,63];True
4679;6413;11092;[198,29,90,41,187,60,179,47,26,161,115,152,163,59,197,123,31,37,94,118,124,168,34,108,174,196,167,15,156,21,73,82,172,86,181,68,9,45,138,126,143,160,91,18,171,195,7,173,89,46,164,4,84,122,25,23,77,57,186,170,176,72,154,49,39,11,182,139,135,183,51,50,56,92,147,67,32,38,87,165,193,28,44,125,6,88,70,71,162,20,191,61,184,8,157,78,128,101,185,76,80,100,30,134,27,2,97,58,158,62,95,1,117,113,169,142,131,110,54,120,3,136,149,107,55,14,13,111,52,148,83,129,24,150,103,105,69,159,40,116,48,99,106,194,180,178,192,109,66,145,102,151,199,0,85,104,17,53,155,121,140,74,188,65,16,190,10,130,5,175,12,43,127,79,42,177,98,114,64,96,141,119,132,75,137,133,81,153,166,189,33,35,36,22,112,93,19,144,146,63];True
4696;6412;11108;[198,29,90,41,187,60,179,47,26,161,115,152,163,59,197,123,31,37,94,118,124,168,34,108,174,196,167,15,156,21,73,82,172,86,181,68,9,45,138,126,143,160,91,18,171,195,7,173,89,46,164,4,84,122,25,23,77,57,186,170,176,72,154,49,76,98,182,139,135,183,51,50,56,92,147,67,32,38,87,165,193,28,44,125,6,88,70,71,162,20,191,61,184,8,157,78,128,101,185,39,80,100,30,134,27,2,97,58,158,62,95,1,117,113,169,142,131,110,54,120,3,136,149,107,55,14,13,111,52,148,83,129,24,150,103,105,69,159,40,116,48,99,106,194,180,178,192,109,66,145,102,114,199,0,85,104,17,53,155,121,140,74,188,65,16,190,10,130,5,175,12,43,127,79,42,141,11,151,96,64,177,119,132,75,137,133,81,153,166,189,33,35,36,22,112,93,19,144,146,63];True
4712;6410;11122;[198,29,90,41,187,60,179,47,26,161,115,152,163,59,197,123,31,37,94,118,124,168,34,108,174,196,167,15,156,21,73,82,172,86,181,68,9,45,138,126,143,160,91,18,171,195,7,173,89,46,164,4,84,122,25,23,77,57,186,170,176,72,154,49,76,98,182,139,135,183,51,50,56,92,147,67,32,38,87,165,193,28,44,125,6,88,70,71,162,20,191,61,184,8,157,78,128,101,185,39,80,100,30,134,27,2,97,58,158,62,95,1,117,113,169,142,131,110,54,120,3,136,149,107,55,14,13,111,52,148,83,129,24,150,103,105,69,159,40,116,48,99,106,194,180,178,192,109,66,145,102,114,199,0,85,104,17,53,155,121,140,74,188,65,16,190,10,130,5,175,12,43,127,79,42,141,11,151,64,96,177,119,132,75,137,133,81,153,166,189,33,35,36,22,112,93,19,144,146,63];True
4720;6408;11128;[198,29,90,41,187,60,179,47,26,161,115,152,163,59,197,123,31,37,94,118,124,168,34,108,174,196,167,15,156,21,73,82,172,86,181,68,9,45,138,126,143,160,91,18,171,195,7,173,89,46,164,4,84,122,25,23,77,57,186,170,176,72,154,49,76,11,182,139,135,183,51,50,56,92,147,67,32,38,87,165,193,28,44,125,6,88,70,71,162,20,191,61,184,8,157,78,128,101,185,39,80,100,30,134,27,2,97,58,158,62,95,1,117,113,169,142,131,110,54,120,3,136,149,107,55,14,13,111,52,148,83,129,24,150,103,105,69,159,40,116,48,99,106,194,180,178,192,109,66,145,102,151,199,0,85,104,17,53,155,121,140,74,188,65,16,190,10,130,5,175,12,43,127,79,42,141,98,114,64,96,177,119,132,75,137,133,81,153,166,189,33,35,36,22,112,93,19,144,146,63];True
4732;6402;11134;[198,29,90,41,187,60,179,47,26,161,115,152,163,59,197,123,31,37,94,118,124,168,34,108,174,196,167,15,156,21,73,82,172,86,181,68,9,45,138,126,143,160,91,18,171,195,7,173,89,46,164,4,84,122,25,23,77,57,186,170,176,72,154,49,76,98,182,139,135,183,51,50,56,92,147,67,32,38,87,165,193,28,44,125,6,88,70,71,162,20,191,61,184,8,157,78,128,101,185,39,80,100,30,134,27,2,97,58,158,62,95,1,117,113,169,142,131,110,54,120,3,136,149,107,55,14,13,111,52,148,83,129,24,150,103,105,69,159,40,116,48,99,106,194,180,178,192,109,66,145,102,151,199,0,85,104,17,53,155,121,140,74,188,65,16,190,10,130,5,175,12,43,127,79,42,141,11,114,64,96,177,119,132,75,137,133,81,153,166,189,33,35,36,22,112,93,19,144,146,63];True
4749;6401;11150;[198,29,90,41,187,60,179,47,26,161,115,152,163,59,197,123,31,37,94,118,124,168,34,108,174,196,167,15,156,21,73,82,172,86,181,68,9,45,138,126,143,160,91,18,171,195,7,173,89,144,164,4,84,122,25,23,77,57,186,170,176,72,154,49,76,98,182,139,135,183,51,50,56,92,147,67,32,38,87,165,193,28,44,125,6,88,70,71,162,20,191,61,184,8,157,78,128,101,185,39,80,100,30,134,27,2,97,58,158,62,95,1,117,113,169,142,131,110,54,120,3,136,149,107,55,14,13,111,52,148,83,129,24,150,103,105,69,159,40,116,48,99,106,194,180,178,192,109,66,145,102,151,199,0,85,104,17,53,155,121,140,74,188,65,16,190,10,130,5,175,12,43,127,79,42,141,11,114,64,96,177,119,132,75,137,133,81,153,166,189,33,35,36,22,112,93,19,46,146,63];True
4771;6400;11171;[198,29,90,41,187,60,179,47,26,161,115,152,163,59,197,123,17,37,94,118,124,168,34,108,174,196,167,15,156,21,73,82,172,86,181,68,9,45,138,126,143,160,91,18,171,195,7,173,89,144,164,4,84,122,25,23,77,57,186,170,176,72,154,49,76,98,182,139,135,183,51,50,56,92,147,67,32,38,87,165,193,28,44,125,6,88,70,71,162,20,191,61,184,8,157,78,128,101,185,39,80,100,30,134,27,2,97,58,158,62,95,1,117,113,169,142,131,110,54,120,3,136,149,107,55,14,13,111,52,148,83,129,24,150,103,105,69,159,40,116,48,99,106,194,180,178,192,109,66,145,102,151,199,0,85,104,31,53,155,121,140,74,188,65,16,190,10,130,5,175,12,43,127,79,42,141,11,114,64,96,177,119,132,75,137,133,81,153,166,189,33,35,36,22,112,93,19,46,146,63];True
4807;6399;11206;[198,29,90,41,187,60,179,47,26,161,115,152,163,59,197,123,31,37,94,118,124,168,34,108,174,196,167,15,156,21,73,82,172,86,181,68,9,45,138,126,143,160,91,18,171,195,7,173,89,144,164,4,84,122,25,23,77,57,186,170,176,72,154,49,39,95,182,139,135,183,51,50,56,92,147,67,32,38,87,165,193,28,44,125,6,88,70,71,162,20,191,61,184,8,157,78,128,101,185,76,80,100,30,134,27,2,97,58,158,62,98,1,117,113,169,142,131,110,54,120,3,136,149,107,55,14,13,111,52,148,83,129,24,150,103,105,69,159,40,116,48,99,106,194,180,178,192,109,66,145,102,151,199,0,85,104,17,53,155,121,140,74,188,65,16,190,10,130,5,175,12,43,127,79,42,141,11,114,64,96,177,119,132,75,137,133,81,153,166,189,33,35,36,22,112,93,19,46,146,63];True
4811;6398;11209;[198,29,90,41,187,60,179,47,26,161,115,152,163,59,197,123,31,37,94,118,124,168,34,108,174,196,167,15,156,21,73,82,172,86,181,68,9,45,138,126,143,160,91,18,171,195,7,173,89,46,164,4,84,122,25,23,77,57,186,170,176,72,154,49,76,98,182,139,135,183,51,50,56,92,147,67,32,38,87,165,193,28,44,125,6,88,70,71,162,20,191,61,184,8,157,78,128,101,185,39,80,131,30,134,27,2,97,58,158,62,95,1,117,113,169,142,100,110,54,120,3,136,149,107,55,14,13,111,52,148,83,129,24,150,103,105,69,159,40,116,48,99,106,194,180,178,192,109,66,145,102,151,199,0,85,104,17,53,155,121,140,74,188,65,16,190,10,130,5,175,12,43,127,79,42,141,11,114,64,96,177,119,132,75,137,133,81,153,166,189,33,35,36,22,112,93,19,144,146,63];True
4828;6395;11223;[198,29,90,41,187,60,179,47,26,161,115,152,163,59,197,123,31,37,94,118,124,168,34,108,174,196,167,15,156,21,73,82,172,86,181,68,9,45,138,126,143,160,91,18,171,195,7,173,89,46,164,4,84,122,25,23,77,57,186,170,176,72,154,49,39,98,182,139,135,183,51,50,56,92,147,67,32,38,87,165,193,28,44,125,6,88,70,71,162,20,191,61,184,8,157,78,128,101,185,76,80,100,30,134,27,2,97,58,158,62,95,1,117,113,169,142,131,110,54,120,3,136,149,107,55,14,13,111,52,148,83,129,24,150,103,105,69,159,40,116,48,99,106,194,180,178,192,109,66,145,102,151,199,0,85,104,17,53,155,121,140,74,188,65,16,190,10,130,5,175,12,43,127,79,42,141,11,114,64,96,177,119,132,75,137,133,81,153,166,189,33,35,36,22,112,93,19,144,146,63];True
4845;6394;11239;[198,29,90,41,187,60,179,47,26,161,115,152,163,59,197,123,31,37,94,118,124,168,34,108,174,196,167,15,156,21,73,82,172,86,181,68,9,45,138,126,143,160,91,18,171,195,7,173,89,144,164,4,84,122,25,23,77,57,186,170,176,72,154,49,39,98,182,139,135,183,51,50,56,92,147,67,32,38,87,165,193,28,44,125,6,88,70,71,162,20,191,61,184,8,157,78,128,101,185,76,80,100,30,134,27,2,97,58,158,62,95,1,117,113,169,142,131,110,54,120,3,136,149,107,55,14,13,111,52,148,83,129,24,150,103,105,69,159,40,116,48,99,106,194,180,178,192,109,66,145,102,151,199,0,85,104,17,53,155,121,140,74,188,65,16,190,10,130,5,175,12,43,127,79,42,141,11,114,64,96,177,119,132,75,137,133,81,153,166,189,33,35,36,22,112,93,19,46,146,63];True
4862;6393;11255;[198,29,90,41,187,60,179,47,26,161,115,152,163,59,197,123,31,37,94,118,124,168,34,108,174,196,167,15,156,21,73,82,172,86,181,68,9,45,138,126,143,160,91,18,171,195,7,173,89,46,164,4,84,122,25,23,77,57,186,170,176,157,154,49,76,98,182,139,135,183,51,50,56,92,147,67,32,38,87,165,193,28,44,125,6,88,70,71,162,20,191,61,184,8,72,78,128,101,185,39,80,100,30,134,27,2,97,58,158,62,95,1,117,113,169,142,131,110,54,120,3,136,149,107,55,14,13,111,52,148,83,129,24,150,103,105,69,159,40,116,48,99,106,194,180,178,192,109,66,145,102,151,199,0,85,104,17,53,155,121,140,74,188,65,16,190,10,130,5,175,12,43,127,79,42,141,11,114,64,96,177,119,132,75,137,133,81,153,166,189,33,35,36,22,112,93,19,144,146,63];True
4879;6392;11271;[198,29,90,41,187,60,179,47,26,161,115,152,163,59,197,123,31,37,94,118,124,168,34,108,174,196,167,15,156,21,73,82,172,86,181,68,9,45,138,126,143,160,91,18,171,195,7,173,89,144,164,4,84,122,25,23,77,57,186,170,176,157,154,49,76,98,182,139,135,183,51,50,56,92,147,67,32,38,87,165,193,28,44,125,6,88,70,71,162,20,191,61,184,8,72,78,128,101,185,39,80,100,30,134,27,2,97,58,158,62,95,1,117,113,169,142,131,110,54,120,3,136,149,107,55,14,13,111,52,148,83,129,24,150,103,105,69,159,40,116,48,99,106,194,180,178,192,109,66,145,102,151,199,0,85,104,17,53,155,121,140,74,188,65,16,190,10,130,5,175,12,43,127,79,42,141,11,114,64,96,177,119,132,75,137,133,81,153,166,189,33,35,36,22,112,93,19,46,146,63];True
4886;6388;11274;[198,29,90,41,187,60,179,47,26,161,115,152,163,59,197,123,31,37,94,118,124,168,34,108,174,196,167,15,156,21,73,82,172,86,181,68,9,45,138,126,143,160,91,18,171,195,7,173,89,46,164,4,84,122,25,23,77,57,186,170,176,3,154,49,76,98,182,139,135,183,51,50,56,92,147,67,32,38,87,165,193,28,44,125,6,88,70,71,162,20,191,61,184,8,72,78,128,101,185,39,80,100,30,134,27,2,97,58,158,62,95,1,117,113,169,142,131,110,54,120,157,136,149,107,55,14,13,111,52,148,83,129,24,150,103,105,69,159,40,116,48,99,106,194,180,178,192,109,66,145,102,151,199,0,85,104,17,53,155,121,140,74,188,65,16,190,10,130,5,175,12,43,127,79,42,141,11,114,64,96,177,119,132,75,137,133,81,153,166,189,33,35,36,22,112,93,19,144,146,63];True
4903;6387;11290;[198,29,90,41,187,60,179,47,26,161,115,152,163,59,197,123,31,37,94,118,124,168,34,108,174,196,167,15,156,21,73,82,172,86,181,68,9,45,138,126,143,160,91,18,171,195,7,173,89,144,164,4,84,122,25,23,77,57,186,170,176,3,154,49,76,98,182,139,135,183,51,50,56,92,147,67,32,38,87,165,193,28,44,125,6,88,70,71,162,20,191,61,184,8,72,78,128,101,185,39,80,100,30,134,27,2,97,58,158,62,95,1,117,113,169,142,131,110,54,120,157,136,149,107,55,14,13,111,52,148,83,129,24,150,103,105,69,159,40,116,48,99,106,194,180,178,192,109,66,145,102,151,199,0,85,104,17,53,155,121,140,74,188,65,16,190,10,130,5,175,12,43,127,79,42,141,11,114,64,96,177,119,132,75,137,133,81,153,166,189,33,35,36,22,112,93,19,46,146,63];True
4925;6386;11311;[198,29,90,41,187,60,179,47,26,161,115,152,163,59,197,123,17,37,94,118,124,168,34,108,174,196,167,15,156,21,73,82,172,86,181,68,9,45,138,126,143,160,91,18,171,195,7,173,89,144,164,4,84,122,25,23,77,57,186,170,176,3,154,49,76,98,182,139,135,183,51,50,56,92,147,67,32,38,87,165,193,28,44,125,6,88,70,71,162,20,191,61,184,8,72,78,128,101,185,39,80,100,30,134,27,2,97,58,158,62,95,1,117,113,169,142,131,110,54,120,157,136,149,107,55,14,13,111,52,148,83,129,24,150,103,105,69,159,40,116,48,99,106,194,180,178,192,109,66,145,102,151,199,0,85,104,31,53,155,121,140,74,188,65,16,190,10,130,5,175,12,43,127,79,42,141,11,114,64,96,177,119,132,75,137,133,81,153,166,189,33,35,36,22,112,93,19,46,146,63];True
4961;6385;11346;[198,29,90,41,187,60,179,47,26,161,115,152,163,59,197,123,31,37,94,118,124,168,34,108,174,196,167,15,156,21,73,82,172,86,181,68,9,45,138,126,143,160,91,18,171,195,7,173,89,144,164,4,84,122,25,23,77,57,186,170,176,3,154,49,39,95,182,139,135,183,51,50,56,92,147,67,32,38,87,165,193,28,44,125,6,88,70,71,162,20,191,61,184,8,72,78,128,101,185,76,80,100,30,134,27,2,97,58,158,62,98,1,117,113,169,142,131,110,54,120,157,136,149,107,55,14,13,111,52,148,83,129,24,150,103,105,69,159,40,116,48,99,106,194,180,178,192,109,66,145,102,151,199,0,85,104,17,53,155,121,140,74,188,65,16,190,10,130,5,175,12,43,127,79,42,141,11,114,64,96,177,119,132,75,137,133,81,153,166,189,33,35,36,22,112,93,19,46,146,63];True
4965;6384;11349;[198,29,90,41,187,60,179,47,26,161,115,152,163,59,197,123,31,37,94,118,124,168,34,108,174,196,167,15,156,21,73,82,172,86,181,68,9,45,138,126,143,160,91,18,171,195,7,173,89,46,164,4,84,122,25,23,77,57,186,170,176,3,154,49,76,98,182,139,135,183,51,50,56,92,147,67,32,38,87,165,193,28,44,125,6,88,70,71,162,20,191,61,184,8,72,78,128,101,185,39,80,131,30,134,27,2,97,58,158,62,95,1,117,113,169,142,100,110,54,120,157,136,149,107,55,14,13,111,52,148,83,129,24,150,103,105,69,159,40,116,48,99,106,194,180,178,192,109,66,145,102,151,199,0,85,104,17,53,155,121,140,74,188,65,16,190,10,130,5,175,12,43,127,79,42,141,11,114,64,96,177,119,132,75,137,133,81,153,166,189,33,35,36,22,112,93,19,144,146,63];True
4982;6381;11363;[198,29,90,41,187,60,179,47,26,161,115,152,163,59,197,123,31,37,94,118,124,168,34,108,174,196,167,15,156,21,73,82,172,86,181,68,9,45,138,126,143,160,91,18,171,195,7,173,89,46,164,4,84,122,25,23,77,57,186,170,176,3,154,49,39,98,182,139,135,183,51,50,56,92,147,67,32,38,87,165,193,28,44,125,6,88,70,71,162,20,191,61,184,8,72,78,128,101,185,76,80,100,30,134,27,2,97,58,158,62,95,1,117,113,169,142,131,110,54,120,157,136,149,107,55,14,13,111,52,148,83,129,24,150,103,105,69,159,40,116,48,99,106,194,180,178,192,109,66,145,102,151,199,0,85,104,17,53,155,121,140,74,188,65,16,190,10,130,5,175,12,43,127,79,42,141,11,114,64,96,177,119,132,75,137,133,81,153,166,189,33,35,36,22,112,93,19,144,146,63];True
4999;6380;11379;[198,29,90,41,187,60,179,47,26,161,115,152,163,59,197,123,31,37,94,118,124,168,34,108,174,196,167,15,156,21,73,82,172,86,181,68,9,45,138,126,143,160,91,18,171,195,7,173,89,144,164,4,84,122,25,23,77,57,186,170,176,3,154,49,39,98,182,139,135,183,51,50,56,92,147,67,32,38,87,165,193,28,44,125,6,88,70,71,162,20,191,61,184,8,72,78,128,101,185,76,80,100,30,134,27,2,97,58,158,62,95,1,117,113,169,142,131,110,54,120,157,136,149,107,55,14,13,111,52,148,83,129,24,150,103,105,69,159,40,116,48,99,106,194,180,178,192,109,66,145,102,151,199,0,85,104,17,53,155,121,140,74,188,65,16,190,10,130,5,175,12,43,127,79,42,141,11,114,64,96,177,119,132,75,137,133,81,153,166,189,33,35,36,22,112,93,19,46,146,63];True
5021;6379;11400;[198,29,90,41,187,60,179,47,26,161,115,152,163,59,197,123,17,37,94,118,124,168,34,108,174,196,167,15,156,21,73,82,172,86,181,68,9,45,138,126,143,160,91,18,171,195,7,173,89,144,164,4,84,122,25,23,77,57,186,170,176,3,154,49,39,98,182,139,135,183,51,50,56,92,147,67,32,38,87,165,193,28,44,125,6,88,70,71,162,20,191,61,184,8,72,78,128,101,185,76,80,100,30,134,27,2,97,58,158,62,95,1,117,113,169,142,131,110,54,120,157,136,149,107,55,14,13,111,52,148,83,129,24,150,103,105,69,159,40,116,48,99,106,194,180,178,192,109,66,145,102,151,199,0,85,104,31,53,155,121,140,74,188,65,16,190,10,130,5,175,12,43,127,79,42,141,11,114,64,96,177,119,132,75,137,133,81,153,166,189,33,35,36,22,112,93,19,46,146,63];True
5038;6378;11416;[198,29,90,41,187,60,179,47,26,161,115,152,163,59,197,123,31,37,94,118,124,168,34,108,174,196,167,15,156,21,73,82,172,86,181,68,9,45,138,126,143,160,91,18,171,195,7,173,23,144,164,4,84,122,25,89,77,57,186,170,176,3,154,49,76,98,182,139,135,183,51,50,56,92,147,67,32,38,87,165,193,28,44,125,6,88,70,71,162,20,191,61,184,8,72,78,128,101,185,39,80,100,30,134,27,2,97,58,158,62,95,1,117,113,169,142,131,110,54,120,157,136,149,107,55,14,13,111,52,148,83,129,24,150,103,105,69,159,40,116,48,99,106,194,180,178,192,109,66,145,102,151,199,0,85,104,17,53,155,121,140,74,188,65,16,190,10,130,5,175,12,43,127,79,42,141,11,114,64,96,177,119,132,75,137,133,81,153,166,189,33,35,36,22,112,93,19,46,146,63];True
5060;6377;11437;[198,29,90,41,187,60,179,47,26,161,115,152,163,59,197,123,17,37,94,118,124,168,34,108,174,196,167,15,156,21,73,82,172,86,181,68,9,45,138,126,143,160,91,18,171,195,7,173,23,144,164,4,84,122,25,89,77,57,186,170,176,3,154,49,76,98,182,139,135,183,51,50,56,92,147,67,32,38,87,165,193,28,44,125,6,88,70,71,162,20,191,61,184,8,72,78,128,101,185,39,80,100,30,134,27,2,97,58,158,62,95,1,117,113,169,142,131,110,54,120,157,136,149,107,55,14,13,111,52,148,83,129,24,150,103,105,69,159,40,116,48,99,106,194,180,178,192,109,66,145,102,151,199,0,85,104,31,53,155,121,140,74,188,65,16,190,10,130,5,175,12,43,127,79,42,141,11,114,64,96,177,119,132,75,137,133,81,153,166,189,33,35,36,22,112,93,19,46,146,63];True
5077;6375;11452;[198,29,90,41,187,60,179,47,26,161,115,152,163,59,197,123,106,37,94,118,124,168,34,108,174,196,167,15,156,21,73,82,172,86,181,68,9,45,138,126,143,160,91,18,171,195,7,173,89,144,164,4,84,122,25,23,77,57,186,170,176,3,154,49,76,98,182,139,135,183,51,50,56,92,147,67,32,38,87,165,193,28,44,125,6,88,70,71,162,20,191,61,184,8,72,78,128,101,185,39,80,100,30,134,27,2,97,58,158,62,95,1,117,113,169,142,131,110,54,120,157,136,149,107,55,14,13,111,52,148,83,129,24,150,103,105,69,159,40,116,99,63,31,53,180,178,192,109,66,145,102,151,199,0,85,104,17,194,48,146,140,74,188,65,16,190,10,130,5,175,12,43,127,79,42,141,11,114,64,96,177,119,132,75,137,133,81,153,166,189,33,35,36,22,112,93,19,46,121,155];True
5116;6374;11490;[198,29,90,41,187,60,179,47,26,161,115,152,163,59,197,123,31,37,94,118,124,168,34,108,174,196,167,15,156,21,73,82,172,86,181,68,9,45,138,126,143,160,91,18,171,12,7,173,89,144,164,4,84,122,25,23,77,57,186,170,176,3,154,49,39,98,182,139,135,183,51,50,56,92,147,67,32,38,87,165,193,28,44,125,6,88,70,71,162,20,191,61,184,8,72,78,128,101,185,76,80,100,30,134,27,2,97,58,158,62,95,1,117,113,169,142,131,110,54,120,157,136,149,107,55,14,13,111,52,148,83,129,24,150,103,105,69,159,40,116,48,99,106,194,180,178,192,109,66,145,102,151,199,0,85,104,17,53,155,121,140,74,188,65,16,190,10,130,5,175,195,43,127,79,42,141,11,114,64,96,177,119,132,75,137,133,81,153,166,189,33,35,36,22,112,93,19,46,146,63];True
5134;6371;11505;[198,29,90,41,187,60,179,47,26,161,115,152,163,59,197,123,31,37,94,118,124,168,34,108,174,196,167,15,156,21,73,82,172,86,181,68,9,45,138,126,143,160,91,18,171,195,7,173,23,144,164,4,84,122,25,89,77,57,186,170,176,3,154,49,39,98,182,139,135,183,51,50,56,92,147,67,32,38,87,165,193,28,44,125,6,88,70,71,162,20,191,61,184,8,72,78,128,101,185,76,80,100,30,134,27,2,97,58,158,62,95,1,117,113,169,142,131,110,54,120,157,136,149,107,55,14,13,111,52,148,83,129,24,150,103,105,69,159,40,116,48,99,106,194,180,178,192,109,66,145,102,151,199,0,85,104,17,53,155,121,140,74,188,65,16,190,10,130,5,175,12,43,127,79,42,141,11,114,64,96,177,119,132,75,137,133,81,153,166,189,33,35,36,22,112,93,19,46,146,63];True
5156;6369;11525;[198,29,90,41,187,60,179,47,26,161,115,152,163,59,197,123,106,37,94,118,124,168,34,108,174,196,167,15,156,21,73,82,172,86,181,68,9,45,138,126,143,160,91,18,171,195,7,173,89,144,164,4,84,122,25,23,77,57,186,170,176,3,154,49,76,98,182,139,65,20,51,50,56,92,147,67,32,38,87,165,193,28,44,125,6,88,70,71,162,194,191,61,184,8,72,78,128,101,185,39,80,100,30,134,27,2,97,58,158,62,95,1,117,113,169,142,131,110,54,120,157,136,149,107,55,14,13,111,52,148,83,129,24,150,103,105,69,159,40,116,99,63,31,53,180,178,192,109,66,145,102,151,199,0,85,104,17,183,48,146,140,74,188,135,16,190,10,130,5,175,12,43,127,79,42,141,11,114,64,96,177,119,132,75,137,133,81,153,166,189,33,35,36,22,112,93,19,46,121,155];True
5173;6368;11541;[198,29,90,41,187,60,179,47,26,161,115,152,163,59,197,123,106,37,94,118,124,168,34,108,174,196,167,15,156,21,73,82,172,86,181,68,9,45,138,126,143,160,91,18,171,195,7,173,89,144,164,4,84,122,25,23,77,57,186,170,176,3,154,49,39,98,182,139,135,183,51,50,56,92,147,67,32,38,87,165,193,28,44,125,6,88,70,71,162,20,191,61,184,8,72,78,128,101,185,76,80,100,30,134,27,2,97,58,158,62,95,1,117,113,169,142,131,110,54,120,157,136,149,107,55,14,13,111,52,148,83,129,24,150,103,105,69,159,40,116,99,63,31,53,180,178,192,109,66,145,102,151,199,0,85,104,17,194,48,146,140,74,188,65,16,190,10,130,5,175,12,43,127,79,42,141,11,114,64,96,177,119,132,75,137,133,81,153,166,189,33,35,36,22,112,93,19,46,121,155];True
5207;6366;11573;[198,29,90,41,187,60,179,47,26,161,115,152,163,59,197,123,106,20,94,118,124,168,34,108,174,196,167,15,156,21,73,82,172,86,181,68,9,45,138,126,143,160,91,18,171,195,7,173,89,144,164,4,84,122,25,23,77,57,186,170,176,3,154,49,76,98,182,139,135,183,51,50,56,92,147,67,32,38,87,165,193,28,44,125,6,88,70,71,162,194,191,61,184,8,72,78,128,101,185,39,80,100,30,134,27,2,97,58,158,62,95,1,117,113,169,142,131,110,54,120,157,136,149,107,55,14,13,111,52,148,83,129,24,150,103,105,69,159,40,116,99,63,31,53,180,178,192,109,66,145,102,151,199,0,85,104,17,37,48,146,140,74,188,65,16,190,10,130,5,175,12,43,127,79,42,141,11,114,64,96,177,119,132,75,137,133,81,153,166,189,33,35,36,22,112,93,19,46,121,155];True
5235;6365;11600;[198,29,90,41,187,60,179,47,26,161,115,152,163,59,197,123,106,37,94,118,124,168,34,108,174,196,167,15,156,21,73,82,172,86,181,68,9,45,138,126,143,160,91,18,171,195,7,173,89,144,164,4,84,122,25,23,77,57,186,170,176,3,154,49,76,98,182,139,65,20,51,50,56,92,147,67,32,38,87,165,193,28,44,125,6,88,70,71,162,194,191,61,184,8,72,78,128,101,185,39,80,131,30,134,27,2,97,58,158,62,95,1,117,113,169,142,100,110,54,120,157,136,149,107,55,14,13,111,52,148,83,129,24,150,103,105,69,159,40,116,99,63,31,53,180,178,192,109,66,145,102,151,199,0,85,104,17,183,48,146,140,74,188,135,16,190,10,130,5,175,12,43,127,79,42,141,11,114,64,96,177,119,132,75,137,133,81,153,166,189,33,35,36,22,112,93,19,46,121,155];True
5244;6364;11608;[198,29,90,41,187,60,179,47,26,161,115,152,163,59,197,123,106,37,94,118,124,168,34,108,174,196,167,15,156,21,73,82,172,86,181,68,9,45,138,126,143,160,91,18,171,195,7,173,89,144,164,4,84,122,25,23,77,57,186,170,176,3,154,49,39,98,182,139,135,183,51,50,56,92,147,67,32,38,87,165,193,28,44,125,6,88,70,71,162,194,191,61,184,8,72,78,128,101,185,76,80,100,30,134,27,2,97,58,158,62,95,1,117,113,169,142,131,110,54,120,157,136,149,107,55,14,13,111,52,148,83,129,24,150,103,105,69,159,40,116,99,63,31,53,180,178,192,109,66,145,102,151,199,0,85,104,17,20,48,146,140,74,188,65,16,190,10,130,5,175,12,43,127,79,42,141,11,114,64,96,177,119,132,75,137,133,81,153,166,189,33,35,36,22,112,93,19,46,121,155];True
5252;6362;11614;[198,29,90,41,187,60,179,47,26,161,115,152,163,59,197,123,106,37,94,118,124,168,34,108,174,196,167,15,156,21,73,82,172,86,181,68,9,45,138,126,143,160,91,18,171,195,7,173,89,144,164,4,84,122,25,23,77,57,186,170,176,3,154,49,39,98,182,139,65,20,51,50,56,92,147,67,32,38,87,165,193,28,44,125,6,88,70,71,162,194,191,61,184,8,72,78,128,101,185,76,80,100,30,134,27,2,97,58,158,62,95,1,117,113,169,142,131,110,54,120,157,136,149,107,55,14,13,111,52,148,83,129,24,150,103,105,69,159,40,116,99,63,31,53,180,178,192,109,66,145,102,151,199,0,85,104,17,183,48,146,140,74,188,135,16,190,10,130,5,175,12,43,127,79,42,141,11,114,64,96,177,119,132,75,137,133,81,153,166,189,33,35,36,22,112,93,19,46,121,155];True
5275;6361;11636;[198,29,90,41,187,60,179,47,26,161,115,152,163,59,197,123,106,37,94,118,124,168,34,108,174,196,167,15,156,21,73,82,172,86,181,68,9,45,138,126,143,160,91,18,171,195,7,173,89,144,164,4,84,122,25,23,77,57,186,170,176,3,154,49,39,98,182,139,135,20,51,50,56,92,147,67,32,38,87,165,193,28,44,125,6,88,70,71,162,194,191,61,184,8,72,78,128,101,185,76,80,100,30,134,27,2,97,58,158,62,95,1,117,113,169,142,131,110,54,120,157,136,149,107,55,14,13,111,52,148,83,129,24,150,103,105,69,159,40,116,99,63,31,53,180,178,192,109,66,145,102,151,199,0,85,104,17,183,48,146,140,74,188,65,16,190,10,130,5,175,12,43,127,79,42,141,11,114,64,96,177,119,132,75,137,133,81,153,166,189,33,35,36,22,112,93,19,46,121,155];True
5291;6360;11651;[198,29,90,41,187,60,179,47,26,161,115,152,163,59,197,123,106,37,94,118,124,168,34,108,174,196,167,15,156,21,73,82,172,86,181,68,9,45,138,126,143,160,91,18,171,195,7,173,23,144,164,4,84,122,25,89,77,57,186,170,176,3,154,49,76,98,182,139,65,20,51,50,56,92,147,67,32,38,87,165,193,28,44,125,6,88,70,71,162,194,191,61,184,8,72,78,128,101,185,39,80,100,30,134,27,2,97,58,158,62,95,1,117,113,169,142,131,110,54,120,157,136,149,107,55,14,13,111,52,148,83,129,24,150,103,105,69,159,40,116,99,63,31,53,180,178,192,109,66,145,102,151,199,0,85,104,17,183,48,146,140,74,188,135,16,190,10,130,5,175,12,43,127,79,42,141,11,114,64,96,177,119,132,75,137,133,81,153,166,189,33,35,36,22,112,93,19,46,121,155];True
5303;6359;11662;[198,29,90,41,187,60,179,47,26,161,115,152,163,59,197,123,106,20,94,118,124,168,34,108,174,196,167,15,156,21,73,82,172,86,181,68,9,45,138,126,143,160,91,18,171,195,7,173,89,144,164,4,84,122,25,23,77,57,186,170,176,3,154,49,39,98,182,139,135,183,51,50,56,92,147,67,32,38,87,165,193,28,44,125,6,88,70,71,162,194,191,61,184,8,72,78,128,101,185,76,80,100,30,134,27,2,97,58,158,62,95,1,117,113,169,142,131,110,54,120,157,136,149,107,55,14,13,111,52,148,83,129,24,150,103,105,69,159,40,116,99,63,31,53,180,178,192,109,66,145,102,151,199,0,85,104,17,37,48,146,140,74,188,65,16,190,10,130,5,175,12,43,127,79,42,141,11,114,64,96,177,119,132,75,137,133,81,153,166,189,33,35,36,22,112,93,19,46,121,155];True
5331;6358;11689;[198,29,90,41,187,60,179,47,26,161,115,152,163,59,197,123,106,37,94,118,124,168,34,108,174,196,167,15,156,21,73,82,172,86,181,68,9,45,138,126,143,160,91,18,171,195,7,173,89,144,164,4,84,122,25,23,77,57,186,170,176,3,154,49,39,98,182,139,65,20,51,50,56,92,147,67,32,38,87,165,193,28,44,125,6,88,70,71,162,194,191,61,184,8,72,78,128,101,185,76,80,131,30,134,27,2,97,58,158,62,95,1,117,113,169,142,100,110,54,120,157,136,149,107,55,14,13,111,52,148,83,129,24,150,103,105,69,159,40,116,99,63,31,53,180,178,192,109,66,145,102,151,199,0,85,104,17,183,48,146,140,74,188,135,16,190,10,130,5,175,12,43,127,79,42,141,11,114,64,96,177,119,132,75,137,133,81,153,166,189,33,35,36,22,112,93,19,46,121,155];True
5342;6357;11699;[198,29,90,41,187,60,179,47,26,161,115,152,163,59,197,123,106,20,94,118,124,168,34,108,174,196,167,15,156,21,73,82,172,86,181,68,9,45,138,126,143,160,91,18,171,195,7,173,23,144,164,4,84,122,25,89,77,57,186,170,176,3,154,49,76,98,182,139,135,183,51,50,56,92,147,67,32,38,87,165,193,28,44,125,6,88,70,71,162,194,191,61,184,8,72,78,128,101,185,39,80,100,30,134,27,2,97,58,158,62,95,1,117,113,169,142,131,110,54,120,157,136,149,107,55,14,13,111,52,148,83,129,24,150,103,105,69,159,40,116,99,63,31,53,180,178,192,109,66,145,102,151,199,0,85,104,17,37,48,146,140,74,188,65,16,190,10,130,5,175,12,43,127,79,42,141,11,114,64,96,177,119,132,75,137,133,81,153,166,189,33,35,36,22,112,93,19,46,121,155];True
5369;6356;11725;[198,29,90,41,187,60,179,47,26,161,115,152,163,59,197,123,106,37,94,118,124,168,34,108,174,196,167,15,156,21,73,82,172,86,181,68,9,45,138,126,143,160,91,18,171,12,7,173,89,144,164,4,84,122,25,23,77,57,186,170,176,3,154,49,39,98,182,139,65,20,51,50,56,92,147,67,32,38,87,165,193,28,44,125,6,88,70,71,162,194,191,61,184,8,72,78,128,101,185,76,80,100,30,134,27,2,97,58,158,62,95,1,117,113,169,142,131,110,54,120,157,136,149,107,55,14,13,111,52,148,83,129,24,150,103,105,69,159,40,116,99,63,31,53,180,178,192,109,66,145,102,151,199,0,85,104,17,183,48,146,140,74,188,135,16,190,10,130,5,175,195,43,127,79,42,141,11,114,64,96,177,119,132,75,137,133,81,153,166,189,33,35,36,22,112,93,19,46,121,155];True
5375;6355;11730;[198,29,90,41,187,60,179,47,26,161,115,152,163,52,197,123,106,37,94,118,124,168,34,108,174,196,167,15,156,21,73,82,172,86,181,68,9,45,138,126,143,160,91,77,186,199,7,122,25,144,164,4,84,59,173,23,189,98,18,39,176,3,154,49,170,95,182,139,135,183,51,50,56,92,147,67,32,38,87,165,193,28,44,125,6,88,70,71,162,20,191,61,184,109,72,78,128,101,185,76,80,100,30,134,27,2,97,58,151,175,57,1,117,113,169,142,131,158,54,120,157,136,149,107,55,14,13,111,171,148,83,129,24,150,103,105,69,159,40,116,99,63,31,53,180,178,192,93,19,145,102,110,12,0,85,104,17,194,48,146,140,74,188,65,16,190,10,130,5,62,195,43,127,79,42,141,11,114,64,96,177,119,132,75,137,133,81,153,166,8,33,35,36,22,112,89,46,66,121,155];True
5387;6353;11740;[198,29,90,41,187,60,179,47,26,161,115,152,163,59,197,123,106,37,94,118,124,168,34,108,174,196,167,15,156,21,73,82,172,86,181,68,9,45,138,126,143,160,91,18,171,195,7,173,23,144,164,4,84,122,25,89,77,57,186,170,176,3,154,49,39,98,182,139,65,20,51,50,56,92,147,67,32,38,87,165,193,28,44,125,6,88,70,71,162,194,191,61,184,8,72,78,128,101,185,76,80,100,30,134,27,2,97,58,158,62,95,1,117,113,169,142,131,110,54,120,157,136,149,107,55,14,13,111,52,148,83,129,24,150,103,105,69,159,40,116,99,63,31,53,180,178,192,109,66,145,102,151,199,0,85,104,17,183,48,146,140,74,188,135,16,190,10,130,5,175,12,43,127,79,42,141,11,114,64,96,177,119,132,75,137,133,81,153,166,189,33,35,36,22,112,93,19,46,121,155];True
5410;6352;11762;[198,29,90,41,187,60,179,47,26,161,115,152,163,59,197,123,106,37,94,118,124,168,34,108,174,196,167,15,156,21,73,82,172,86,181,68,9,45,138,126,143,160,91,18,171,195,7,173,23,144,164,4,84,122,25,89,77,57,186,170,176,3,154,49,39,98,182,139,135,20,51,50,56,92,147,67,32,38,87,165,193,28,44,125,6,88,70,71,162,194,191,61,184,8,72,78,128,101,185,76,80,100,30,134,27,2,97,58,158,62,95,1,117,113,169,142,131,110,54,120,157,136,149,107,55,14,13,111,52,148,83,129,24,150,103,105,69,159,40,116,99,63,31,53,180,178,192,109,66,145,102,151,199,0,85,104,17,183,48,146,140,74,188,65,16,190,10,130,5,175,12,43,127,79,42,141,11,114,64,96,177,119,132,75,137,133,81,153,166,189,33,35,36,22,112,93,19,46,121,155];True
5426;6350;11776;[198,29,90,41,187,60,179,47,26,161,115,152,163,52,197,123,106,37,94,118,124,168,34,108,174,196,167,15,156,21,73,82,172,86,181,68,9,45,138,126,143,160,91,77,186,199,7,122,25,144,164,4,84,59,93,19,2,98,18,39,176,3,154,49,170,95,182,139,135,183,51,50,56,92,147,67,32,38,87,165,193,28,44,125,6,88,70,71,162,20,191,61,184,109,72,78,128,101,185,76,80,100,30,134,27,189,97,58,151,175,57,1,117,113,169,142,131,158,54,120,157,136,149,107,55,14,13,111,171,148,83,129,24,150,103,105,69,159,40,116,99,63,31,53,180,178,192,173,23,145,102,110,12,0,85,104,17,194,48,146,140,74,188,65,16,190,10,130,5,62,195,43,127,79,42,141,11,114,64,96,177,119,132,75,137,133,81,153,166,8,33,35,36,22,112,89,46,66,121,155];True
5430;6349;11779;[198,29,90,41,187,60,179,47,26,161,115,152,163,52,197,123,106,37,94,118,124,168,34,108,174,196,167,15,156,21,73,82,172,86,181,68,9,45,138,126,143,160,91,77,186,199,7,122,25,144,164,4,84,59,93,19,189,98,18,39,176,3,154,49,170,95,182,139,135,183,51,50,56,92,147,67,32,38,87,165,193,28,44,125,6,88,70,71,162,20,191,61,184,109,72,78,128,101,185,76,80,100,30,134,27,2,97,58,151,175,57,1,117,113,169,142,131,158,54,120,157,136,149,107,55,14,13,111,171,148,83,129,24,150,103,105,69,159,40,116,99,63,31,53,180,178,192,173,23,145,102,110,12,0,85,104,17,194,48,146,140,74,188,65,16,190,10,130,5,62,195,43,127,79,42,141,11,114,64,96,177,119,132,75,137,133,81,153,166,8,33,35,36,22,112,89,46,66,121,155];True
5472;6348;11820;[198,29,90,41,187,60,179,47,26,145,115,152,163,52,197,123,106,37,94,118,124,168,34,108,174,196,167,15,156,21,73,82,172,86,181,68,9,45,138,126,143,160,91,77,186,199,7,59,25,144,164,4,84,122,89,23,189,98,18,39,176,3,154,49,170,95,182,139,135,183,51,50,56,92,147,67,32,38,87,165,193,28,44,125,6,88,70,71,162,20,191,61,184,109,72,78,128,101,185,76,80,100,30,134,27,2,97,58,151,175,57,1,117,113,169,142,131,158,54,120,157,136,149,107,55,14,13,111,171,148,83,129,24,150,103,105,69,159,40,116,99,63,31,53,180,178,192,173,35,161,102,110,12,0,85,104,17,194,48,146,140,74,188,65,16,190,10,130,5,62,195,43,127,79,42,141,11,114,64,96,177,119,132,36,137,133,81,153,166,8,33,19,75,22,112,93,46,66,121,155];True
5480;6347;11827;[198,29,90,41,187,60,179,47,26,145,115,152,163,52,197,123,106,37,94,118,124,168,34,108,174,196,167,15,156,21,73,82,172,86,181,68,9,45,138,126,143,160,91,77,186,199,7,59,25,144,164,4,84,122,89,23,189,98,18,39,176,3,154,49,170,95,182,139,135,183,51,50,56,92,147,67,32,38,87,165,193,28,44,125,6,88,70,71,162,20,191,61,184,109,72,78,128,101,185,76,80,100,30,134,27,2,97,58,151,175,57,1,117,113,169,142,131,158,54,120,157,136,149,107,55,14,13,111,171,148,83,129,24,150,103,105,69,159,40,116,99,63,31,53,180,178,192,173,35,161,102,110,12,0,85,104,17,194,48,146,140,74,188,65,16,190,10,36,5,62,195,43,127,79,42,141,11,114,64,96,177,119,132,75,137,133,81,153,166,8,33,19,130,22,112,93,46,66,121,155];True
5491;6346;11837;[198,29,90,41,187,60,179,47,26,145,115,152,163,52,197,123,106,37,94,118,124,168,34,108,174,196,167,15,156,21,73,82,172,86,181,68,9,45,138,126,143,160,91,77,186,199,7,59,25,144,164,4,84,122,93,23,189,98,18,39,176,3,154,49,170,95,182,139,135,183,51,50,56,92,147,67,32,38,87,165,193,28,44,125,6,88,70,71,162,20,191,61,184,109,72,78,128,101,185,76,80,100,30,134,27,2,97,58,151,175,57,1,117,113,169,142,131,158,54,120,157,136,149,107,55,14,13,111,171,148,83,129,24,150,103,105,69,159,40,116,99,63,31,53,180,178,192,173,35,161,102,110,12,0,85,104,17,194,48,146,140,74,188,65,16,190,10,130,5,62,195,43,127,79,42,141,11,114,64,96,177,119,132,75,137,133,81,153,166,8,33,19,36,22,112,89,46,66,121,155];True
5501;6345;11846;[198,29,90,41,187,60,179,47,26,161,115,152,163,52,197,123,106,37,94,118,124,168,34,108,174,196,167,15,156,21,73,82,172,86,181,68,9,45,138,126,143,160,91,77,186,199,7,122,25,144,164,4,84,59,93,19,189,98,18,39,176,3,154,49,170,95,182,139,135,183,51,50,56,92,147,67,32,38,87,165,193,28,44,125,6,88,70,71,162,194,191,61,184,109,72,78,128,101,185,76,80,100,30,134,27,2,97,58,151,175,57,1,117,113,169,142,131,158,54,120,157,136,149,107,55,14,13,111,171,148,83,129,24,150,103,105,69,159,40,116,99,63,31,53,180,178,192,173,23,145,102,110,12,0,85,104,17,20,48,146,140,74,188,65,16,190,10,130,5,62,195,43,127,79,42,141,11,114,64,96,177,119,132,75,137,133,81,153,166,8,33,35,36,22,112,89,46,66,121,155];True
5509;6344;11853;[198,29,90,41,187,60,179,47,26,145,115,152,163,52,197,123,106,37,94,118,124,168,34,108,174,196,167,15,156,21,73,82,172,86,181,68,9,45,138,126,143,160,91,77,186,199,7,59,25,144,164,4,84,122,89,23,189,98,18,39,176,157,154,49,170,95,182,139,135,183,51,50,56,92,147,67,32,38,87,165,193,28,44,125,6,88,70,71,162,20,191,61,184,109,72,78,128,101,185,76,80,100,30,134,27,2,97,58,151,175,57,1,117,113,169,142,131,158,54,120,3,136,149,107,55,14,13,111,171,148,83,129,24,150,103,105,69,159,40,116,99,63,31,53,180,178,192,173,35,161,102,110,12,0,85,104,17,194,48,146,140,74,188,65,16,190,10,130,5,62,195,43,127,79,42,141,11,114,64,96,177,119,132,75,137,133,81,153,166,8,33,19,36,22,112,93,46,66,121,155];True
5515;6342;11857;[198,29,90,41,187,60,179,47,26,161,115,152,163,52,197,123,106,37,94,118,124,168,34,108,174,196,167,15,156,21,73,82,172,86,181,68,9,45,138,126,143,160,91,77,186,199,7,122,25,144,164,4,84,59,93,23,189,98,18,39,176,3,154,49,170,95,182,139,135,183,51,50,56,92,147,67,32,38,87,165,193,28,44,125,6,88,70,71,162,20,191,61,184,109,72,78,128,101,185,76,80,100,30,134,27,2,97,58,151,175,57,1,117,113,169,142,131,158,54,120,157,136,149,107,55,14,13,111,171,148,83,129,24,150,103,105,69,159,40,116,99,63,31,53,180,178,192,173,35,145,102,110,12,0,85,104,17,194,48,146,140,74,188,65,16,190,10,130,5,62,195,43,127,79,42,141,11,114,64,96,177,119,132,75,137,133,81,153,166,8,33,19,36,22,112,89,46,66,121,155];True
5533;6339;11872;[198,29,90,41,187,60,179,47,26,145,115,152,163,52,197,123,106,37,94,118,124,168,34,108,174,196,167,15,156,21,73,82,172,86,181,68,9,45,138,126,143,160,91,77,186,199,7,59,25,144,164,4,84,122,89,23,189,98,18,39,176,3,154,49,170,95,182,139,135,183,51,50,56,92,147,67,32,38,87,165,193,28,44,125,6,88,70,71,162,20,191,61,184,109,72,78,128,101,185,76,80,100,30,134,27,2,97,58,151,175,57,1,117,113,169,142,131,158,54,120,157,136,149,107,55,14,13,111,171,148,83,129,24,150,103,105,69,159,40,116,99,63,31,53,180,178,192,173,35,161,102,110,12,0,85,104,17,194,48,146,140,74,188,65,16,190,10,130,5,62,195,43,127,79,42,141,11,114,64,96,177,119,132,75,137,133,81,153,166,8,33,19,36,22,112,93,46,66,121,155];True
5572;6338;11910;[198,29,90,41,187,60,179,47,26,145,115,152,163,52,197,123,106,37,94,118,124,168,34,108,174,196,167,15,156,21,31,82,172,86,181,68,9,45,138,126,143,160,91,77,186,199,7,59,25,144,164,4,84,122,93,23,189,98,18,39,176,3,154,49,170,95,182,139,135,183,48,73,99,92,147,67,32,38,87,165,193,28,44,125,6,88,70,71,162,20,191,61,184,109,72,78,128,101,185,76,80,100,30,134,27,2,97,58,151,175,57,1,117,113,169,142,131,158,54,120,157,136,149,107,55,14,13,111,171,148,83,129,24,150,103,105,69,159,40,116,146,51,50,53,180,178,192,173,35,161,102,110,12,0,85,104,17,194,56,63,140,74,188,65,16,190,10,130,5,62,195,43,127,79,42,141,11,114,64,96,177,119,132,75,137,133,81,153,166,8,33,19,36,22,112,89,46,66,121,155];True
5576;6336;11912;[198,29,90,41,187,60,179,47,26,145,115,152,163,52,197,123,106,37,94,118,124,168,34,108,174,196,167,15,156,21,73,82,172,86,181,68,9,45,138,126,143,160,91,77,186,199,7,122,25,144,164,4,84,59,93,23,189,98,18,39,176,157,154,49,170,95,182,139,135,183,51,50,56,92,147,67,32,38,87,165,193,28,44,125,6,88,70,71,162,20,191,61,184,109,72,78,128,101,185,76,80,100,30,134,27,2,97,58,151,175,57,1,117,113,169,142,131,158,54,120,3,136,149,107,55,14,13,111,171,148,83,129,24,150,103,105,69,159,40,116,99,63,31,53,180,178,192,173,35,161,102,110,12,0,85,104,17,194,48,146,140,74,188,65,16,190,10,130,5,62,195,43,127,79,42,141,11,114,64,96,177,119,132,75,137,133,81,153,166,8,33,19,36,22,112,89,46,66,121,155];True
5583;6335;11918;[198,29,90,41,187,60,179,47,26,145,115,152,163,52,197,123,106,37,94,118,124,168,34,108,174,196,167,15,156,21,73,82,172,86,181,68,9,45,138,126,143,160,91,77,186,199,7,59,25,144,164,4,84,122,89,23,189,98,18,39,176,3,154,49,170,95,182,139,135,183,51,50,56,92,147,67,32,38,87,165,193,28,44,125,6,88,70,71,162,20,191,61,184,109,72,78,128,101,185,76,80,100,30,134,27,2,97,58,151,175,57,1,117,113,169,142,131,158,54,120,157,136,149,107,55,14,13,111,171,148,83,129,24,150,103,105,69,159,40,116,99,63,31,53,180,178,192,173,35,161,102,110,12,0,85,104,17,194,48,146,140,74,188,65,16,190,10,130,5,62,195,43,127,79,42,141,11,114,64,96,177,119,132,75,137,133,81,153,166,8,33,19,36,22,112,93,66,46,121,155];True
5589;6334;11923;[198,29,90,41,187,60,179,47,26,145,115,152,163,52,197,123,106,37,94,118,124,168,17,108,174,196,167,15,156,21,73,82,172,86,181,68,9,45,138,126,143,160,91,77,186,199,7,122,25,144,164,4,84,59,93,23,189,98,18,39,176,3,154,49,170,95,182,139,135,183,51,50,56,92,147,67,32,38,87,165,193,28,44,125,6,88,70,71,162,20,191,61,184,109,72,78,128,101,185,76,80,100,30,134,27,2,97,58,151,175,57,1,117,113,169,142,131,158,54,120,157,136,149,107,55,14,13,111,171,148,83,129,24,150,103,105,69,159,40,116,99,63,31,53,180,178,192,173,35,161,102,110,12,0,85,104,34,194,48,146,140,74,188,65,16,190,10,130,5,62,195,43,127,79,42,141,11,114,64,96,177,119,132,75,137,133,81,153,166,8,33,19,36,22,112,89,46,66,121,155];True
5600;6331;11931;[198,29,90,41,187,60,179,47,26,145,115,152,163,52,197,123,106,37,94,118,124,168,34,108,174,196,167,15,156,21,73,82,172,86,181,68,9,45,138,126,143,160,91,77,186,199,7,122,25,144,164,4,84,59,93,23,189,98,18,39,176,3,154,49,170,95,182,139,135,183,51,50,56,92,147,67,32,38,87,165,193,28,44,125,6,88,70,71,162,20,191,61,184,109,72,78,128,101,185,76,80,100,30,134,27,2,97,58,151,175,57,1,117,113,169,142,131,158,54,120,157,136,149,107,55,14,13,111,171,148,83,129,24,150,103,105,69,159,40,116,99,63,31,53,180,178,192,173,35,161,102,110,12,0,85,104,17,194,48,146,140,74,188,65,16,190,10,130,5,62,195,43,127,79,42,141,11,114,64,96,177,119,132,75,137,133,81,153,166,8,33,19,36,22,112,89,46,66,121,155];True
5657;6328;11985;[198,29,90,41,187,60,179,47,26,145,115,152,163,52,197,123,106,37,94,118,124,168,34,108,174,196,167,15,156,21,31,82,172,86,181,68,9,45,138,126,143,160,91,77,186,199,7,122,25,144,164,4,84,59,93,23,189,98,18,39,176,157,154,49,170,95,182,139,135,183,48,73,99,92,147,67,32,38,87,165,193,28,44,125,6,88,70,71,162,20,191,61,184,109,72,78,128,101,185,76,80,100,30,134,27,2,97,58,151,175,57,1,117,113,169,142,131,158,54,120,3,136,149,107,55,14,13,111,171,148,83,129,24,150,103,105,69,159,40,116,146,51,50,53,180,178,192,173,35,161,102,110,12,0,85,104,17,194,56,63,140,74,188,65,16,190,10,130,5,62,195,43,127,79,42,141,11,114,64,96,177,119,132,75,137,133,81,153,166,8,33,19,36,22,112,89,46,66,121,155];True
5670;6326;11996;[198,29,90,41,187,60,179,47,26,145,115,152,163,52,197,123,106,37,94,118,124,168,17,108,174,196,167,15,156,21,31,82,172,86,181,68,9,45,138,126,143,160,91,77,186,199,7,122,25,144,164,4,84,59,93,23,189,98,18,39,176,3,154,49,170,95,182,139,135,183,48,73,99,92,147,67,32,38,87,165,193,28,44,125,6,88,70,71,162,20,191,61,184,109,72,78,128,101,185,76,80,100,30,134,27,2,97,58,151,175,57,1,117,113,169,142,131,158,54,120,157,136,149,107,55,14,13,111,171,148,83,129,24,150,103,105,69,159,40,116,146,51,50,53,180,178,192,173,35,161,102,110,12,0,85,104,34,194,56,63,140,74,188,65,16,190,10,130,5,62,195,43,127,79,42,141,11,114,64,96,177,119,132,75,137,133,81,153,166,8,33,19,36,22,112,89,46,66,121,155];True
5681;6323;12004;[198,29,90,41,187,60,179,47,26,145,115,152,163,52,197,123,106,37,94,118,124,168,34,108,174,196,167,15,156,21,31,82,172,86,181,68,9,45,138,126,143,160,91,77,186,199,7,122,25,144,164,4,84,59,93,23,189,98,18,39,176,3,154,49,170,95,182,139,135,183,48,73,99,92,147,67,32,38,87,165,193,28,44,125,6,88,70,71,162,20,191,61,184,109,72,78,128,101,185,76,80,100,30,134,27,2,97,58,151,175,57,1,117,113,169,142,131,158,54,120,157,136,149,107,55,14,13,111,171,148,83,129,24,150,103,105,69,159,40,116,146,51,50,53,180,178,192,173,35,161,102,110,12,0,85,104,17,194,56,63,140,74,188,65,16,190,10,130,5,62,195,43,127,79,42,141,11,114,64,96,177,119,132,75,137,133,81,153,166,8,33,19,36,22,112,89,46,66,121,155];True
5721;6322;12043;[198,29,90,41,187,60,179,47,26,145,115,152,163,52,197,123,106,37,94,118,124,168,34,108,174,196,167,15,156,21,31,82,172,86,181,68,9,45,138,126,143,160,91,77,186,199,7,122,25,144,164,4,84,59,93,23,189,98,18,39,176,3,154,49,170,95,182,139,135,183,48,73,99,92,147,67,32,38,87,165,193,28,44,125,6,88,70,71,162,20,191,61,184,109,72,78,128,101,185,76,80,100,30,134,27,2,97,58,151,175,57,1,117,113,169,142,131,158,54,120,157,136,149,107,55,14,13,111,171,148,83,129,24,150,103,105,69,159,40,116,146,140,50,53,180,178,192,173,35,161,102,110,12,0,85,104,17,194,56,63,51,74,188,65,16,190,10,130,5,62,195,43,127,79,42,141,11,114,64,96,177,119,132,75,137,133,81,153,166,8,33,19,36,22,112,89,46,66,121,155];True
5746;6321;12067;[194,29,90,41,187,60,179,47,26,145,115,152,163,52,197,123,106,37,94,118,124,168,34,108,174,196,167,15,156,21,31,82,172,86,181,68,9,45,138,126,143,160,91,77,186,199,7,122,25,144,164,4,84,59,93,23,189,98,18,39,176,3,154,49,170,95,182,139,135,183,48,73,99,92,147,67,32,38,87,165,193,28,44,125,6,88,70,71,162,20,191,61,184,109,72,78,128,101,185,76,80,100,30,134,27,2,97,58,151,175,57,1,117,113,169,142,131,158,54,120,157,136,149,107,55,14,13,111,171,148,83,129,24,150,103,105,69,159,40,116,146,51,50,53,180,178,192,173,35,161,102,110,12,0,85,104,17,198,56,63,140,74,188,65,16,190,10,130,5,62,195,43,127,79,42,141,11,114,64,96,177,119,132,75,137,133,81,153,166,8,33,19,36,22,112,89,46,66,121,155];True
5786;6320;12106;[194,29,90,41,187,60,179,47,26,145,115,152,163,52,197,123,106,37,94,118,124,168,34,108,174,196,167,15,156,21,31,82,172,86,181,68,9,45,138,126,143,160,91,77,186,199,7,122,25,144,164,4,84,59,93,23,189,98,18,39,176,3,154,49,170,95,182,139,135,183,48,73,99,92,147,67,32,38,87,165,193,28,44,125,6,88,70,71,162,20,191,61,184,109,72,78,128,101,185,76,80,100,30,134,27,2,97,58,151,175,57,1,117,113,169,142,131,158,54,120,157,136,149,107,55,14,13,111,171,148,83,129,24,150,103,105,69,159,40,116,146,140,50,53,180,178,192,173,35,161,102,110,12,0,85,104,17,198,56,63,51,74,188,65,16,190,10,130,5,62,195,43,127,79,42,141,11,114,64,96,177,119,132,75,137,133,81,153,166,8,33,19,36,22,112,89,46,66,121,155];True
5789;6319;12108;[198,29,90,41,187,60,179,47,26,145,115,152,163,52,197,123,106,37,94,118,124,168,34,108,174,196,167,15,156,21,31,82,172,86,181,68,9,45,138,126,143,160,91,77,186,199,7,122,25,144,164,4,84,59,93,23,189,98,18,39,176,3,154,49,170,95,182,139,135,183,48,73,99,92,147,67,32,38,87,165,193,28,44,125,6,88,70,71,162,20,191,61,184,109,72,78,128,101,185,76,80,100,30,134,27,2,97,58,151,175,57,1,117,113,169,142,131,158,54,120,157,136,149,107,55,14,13,111,171,148,83,129,24,150,103,105,69,159,40,116,51,146,50,53,180,178,192,173,35,161,102,110,12,0,85,104,17,194,56,63,140,74,188,65,16,190,10,130,5,62,195,43,127,79,42,141,11,114,64,96,177,119,132,75,137,133,81,153,166,8,33,19,36,22,112,89,46,66,121,155];True
5791;6318;12109;[198,29,90,41,187,60,179,47,26,145,115,152,163,52,197,123,106,37,94,118,124,168,34,108,174,196,167,15,156,21,31,82,172,86,181,68,9,45,138,126,143,160,91,77,186,199,7,122,25,144,164,4,84,59,93,23,189,98,18,39,176,3,154,49,170,95,182,139,135,183,48,73,56,92,147,67,32,38,87,165,193,28,44,125,6,88,70,71,162,20,191,61,184,109,72,78,128,101,185,76,80,100,30,134,27,2,97,58,151,175,57,1,117,113,169,142,131,158,54,120,157,136,149,107,55,14,13,111,171,148,83,129,24,150,103,105,69,159,40,116,99,63,50,53,180,178,192,173,35,161,102,110,12,0,85,104,17,194,51,146,140,74,188,65,16,190,10,130,5,62,195,43,127,79,42,141,11,114,64,96,177,119,132,75,137,133,81,153,166,8,33,19,36,22,112,89,46,66,121,155];True
5825;6316;12141;[198,29,90,41,187,60,179,47,26,145,115,152,163,52,197,123,106,37,94,118,124,168,34,108,174,196,167,15,156,21,31,82,172,86,181,68,9,45,138,126,143,160,91,77,186,199,7,122,25,144,164,4,84,59,93,23,189,98,18,39,176,3,154,49,170,95,182,139,135,183,48,73,56,92,147,67,32,38,87,165,193,28,44,125,6,88,70,71,162,194,191,61,184,109,72,78,128,101,185,76,80,100,30,134,27,2,97,58,151,175,57,1,117,113,169,142,131,158,54,120,157,136,149,107,55,14,13,111,171,148,83,129,24,150,103,105,69,159,40,116,99,63,50,53,180,178,192,173,35,161,102,110,12,0,85,104,17,20,51,146,140,74,188,65,16,190,10,130,5,62,195,43,127,79,42,141,11,114,64,96,177,119,132,75,137,133,81,153,166,8,33,19,36,22,112,89,46,66,121,155];True
5879;6315;12194;[198,29,90,41,187,60,179,47,26,145,115,152,163,52,197,123,106,37,94,118,124,168,34,108,174,196,167,15,156,21,31,82,172,86,181,68,9,45,138,126,143,160,91,77,186,199,7,122,25,144,164,4,84,59,93,23,189,98,18,39,176,3,154,49,170,95,182,139,65,20,51,73,56,92,147,67,32,38,87,165,193,28,44,125,6,88,70,71,162,194,191,61,184,109,72,78,128,101,185,76,80,100,30,134,27,2,97,58,151,175,57,1,117,113,169,142,131,158,54,120,157,136,149,107,55,14,13,111,171,148,83,129,24,150,103,105,69,159,40,116,99,63,50,53,180,178,192,173,35,161,102,110,12,0,85,104,17,183,48,146,140,74,188,135,16,190,10,130,5,62,195,43,127,79,42,141,11,114,64,96,177,119,132,75,137,133,81,153,166,8,33,19,36,22,112,89,46,66,121,155];True
5902;6314;12216;[198,29,90,41,187,60,179,47,26,145,115,152,163,52,197,123,106,37,94,118,124,168,34,108,174,196,167,15,156,21,31,82,172,86,181,68,9,45,138,126,143,160,91,77,186,199,7,122,25,144,164,4,84,59,93,23,189,98,18,39,176,3,154,49,170,95,182,139,135,20,51,73,56,92,147,67,32,38,87,165,193,28,44,125,6,88,70,71,162,194,191,61,184,109,72,78,128,101,185,76,80,100,30,134,27,2,97,58,151,175,57,1,117,113,169,142,131,158,54,120,157,136,149,107,55,14,13,111,171,148,83,129,24,150,103,105,69,159,40,116,99,63,50,53,180,178,192,173,35,161,102,110,12,0,85,104,17,183,48,146,140,74,188,65,16,190,10,130,5,62,195,43,127,79,42,141,11,114,64,96,177,119,132,75,137,133,81,153,166,8,33,19,36,22,112,89,46,66,121,155];True
5935;6312;12247;[198,29,90,41,187,60,179,47,26,145,115,152,163,52,197,123,106,37,94,118,124,168,34,108,174,196,167,15,156,21,31,82,172,86,181,68,9,45,138,126,143,160,91,77,186,199,7,122,25,144,164,4,84,59,93,23,189,98,18,39,176,3,154,49,170,95,182,139,65,20,48,73,56,92,147,67,32,38,87,165,193,28,44,125,6,88,70,71,162,194,191,61,184,109,72,78,128,101,185,76,80,100,30,134,27,2,97,58,151,175,57,1,117,113,169,142,131,158,54,120,157,136,149,107,55,14,13,111,171,148,83,129,24,150,103,105,69,159,40,116,99,63,50,53,180,178,192,173,35,161,102,110,12,0,85,104,17,183,51,146,140,74,188,135,16,190,10,130,5,62,195,43,127,79,42,141,11,114,64,96,177,119,132,75,137,133,81,153,166,8,33,19,36,22,112,89,46,66,121,155];True
5942;6311;12253;[198,29,90,41,187,60,179,47,26,145,115,152,163,52,197,123,106,20,94,118,124,168,34,108,174,196,167,15,156,21,31,82,172,86,181,68,9,45,138,126,143,160,91,77,186,199,7,122,25,144,164,4,84,59,93,23,189,98,18,39,176,3,154,49,170,95,182,139,65,37,48,73,56,92,147,67,32,38,87,165,193,28,44,125,6,88,70,71,162,194,191,61,184,109,72,78,128,101,185,76,80,100,30,134,27,2,97,58,151,175,57,1,117,113,169,142,131,158,54,120,157,136,149,107,55,14,13,111,171,148,83,129,24,150,103,105,69,159,40,116,99,63,50,53,180,178,192,173,35,161,102,110,12,0,85,104,17,183,51,146,140,74,188,135,16,190,10,130,5,62,195,43,127,79,42,141,11,114,64,96,177,119,132,75,137,133,81,153,166,8,33,19,36,22,112,89,46,66,121,155];True
5951;6309;12260;[198,29,90,41,187,60,179,47,26,145,115,152,163,52,197,123,106,20,94,118,124,168,34,108,174,196,167,15,156,21,31,82,172,86,181,68,9,45,138,126,143,160,91,77,186,199,7,122,25,144,164,4,84,59,93,23,189,98,18,39,176,3,154,49,170,95,182,139,135,37,48,73,56,92,147,67,32,38,87,165,193,28,44,125,6,88,70,71,162,194,191,61,184,109,72,78,128,101,185,76,80,100,30,134,27,2,97,58,151,175,57,1,117,113,169,142,131,158,54,120,157,136,149,107,55,14,13,111,171,148,83,129,24,150,103,105,69,159,40,116,99,63,50,53,180,178,192,173,35,161,102,110,12,0,85,104,17,183,51,146,140,74,188,65,16,190,10,130,5,62,195,43,127,79,42,141,11,114,64,96,177,119,132,75,137,133,81,153,166,8,33,19,36,22,112,89,46,66,121,155];True
5988;6308;12296;[198,29,90,41,187,60,179,47,26,145,115,152,163,52,197,104,34,37,94,118,124,168,17,108,174,196,95,15,156,21,31,82,172,86,181,68,9,45,138,126,143,160,91,77,186,199,170,122,25,144,164,4,84,59,93,23,189,98,18,39,176,3,154,49,0,167,182,139,135,183,48,73,56,92,147,67,32,38,87,165,193,28,44,125,6,88,70,71,162,20,191,61,184,109,72,78,128,101,185,76,80,100,30,134,27,2,97,58,151,175,57,1,117,113,169,142,131,158,54,120,157,136,149,85,55,14,13,111,171,148,83,129,24,150,103,105,69,159,40,116,99,63,50,53,180,178,192,173,35,161,102,110,12,7,107,123,106,194,51,146,140,74,188,65,16,190,10,130,5,62,195,43,127,79,42,141,11,114,64,96,177,119,132,75,137,133,81,153,166,8,33,19,36,22,112,89,46,66,121,155];True
5997;6307;12304;[198,29,90,41,187,60,179,47,26,145,115,152,163,52,197,104,34,37,94,118,124,168,17,108,174,196,167,15,156,21,31,82,172,86,181,68,9,45,138,126,143,160,91,77,186,199,170,122,25,144,164,4,84,59,93,23,189,98,18,39,176,3,154,49,0,95,182,139,135,183,48,73,56,92,147,67,32,38,87,165,193,28,44,125,6,88,70,71,162,20,191,61,184,109,72,78,128,101,185,76,80,100,30,134,27,2,97,58,151,175,57,1,117,113,169,142,131,158,54,120,157,136,149,85,55,14,13,111,171,148,83,129,24,150,103,105,69,159,40,116,99,63,50,53,180,178,192,173,35,161,102,110,12,7,107,123,106,194,51,146,140,74,188,65,16,190,10,130,5,62,195,43,127,79,42,141,11,114,64,96,177,119,132,75,137,133,81,153,166,8,33,19,36,22,112,89,46,66,121,155];True
6008;6306;12314;[198,29,90,41,187,60,179,47,26,145,115,152,163,52,197,104,34,37,94,118,124,168,17,108,174,196,167,15,156,21,31,82,172,86,181,68,9,45,138,126,143,160,91,77,186,199,170,122,25,144,164,4,84,59,93,23,189,98,18,39,176,3,154,49,0,95,182,139,135,183,48,73,56,92,147,67,32,38,87,165,193,28,44,125,6,88,70,71,162,194,191,61,184,109,72,78,128,101,185,76,80,100,30,134,27,2,97,58,151,175,57,1,117,113,169,142,131,158,54,120,157,136,149,85,55,14,13,111,171,148,83,129,24,150,103,105,69,159,40,116,99,63,50,53,180,178,192,173,35,161,102,110,12,7,107,123,106,20,51,146,140,74,188,65,16,190,10,130,5,62,195,43,127,79,42,141,11,114,64,96,177,119,132,75,137,133,81,153,166,8,33,19,36,22,112,89,46,66,121,155];True
6021;6305;12326;[198,29,90,41,187,60,179,47,26,145,115,152,163,52,197,104,17,37,94,118,124,168,34,108,174,196,95,15,156,21,31,82,172,86,181,68,9,45,138,126,143,160,91,77,186,199,170,122,25,144,164,4,84,59,93,23,189,98,18,39,176,3,154,49,0,167,182,139,135,183,48,73,56,92,147,67,32,38,87,165,193,28,44,125,6,88,70,71,162,20,191,61,184,109,72,78,128,101,185,76,80,100,30,134,27,2,97,58,151,175,57,1,117,113,169,142,131,158,54,120,157,136,149,85,55,14,13,111,171,148,83,129,24,150,103,105,69,159,40,116,99,63,50,53,180,178,192,173,35,161,102,110,12,7,107,123,106,194,51,146,140,74,188,65,16,190,10,130,5,62,195,43,127,79,42,141,11,114,64,96,177,119,132,75,137,133,81,153,166,8,33,19,36,22,112,89,46,66,121,155];True
6030;6304;12334;[198,29,90,41,187,60,179,47,26,145,115,152,163,52,197,104,17,37,94,118,124,168,34,108,174,196,167,15,156,21,31,82,172,86,181,68,9,45,138,126,143,160,91,77,186,199,170,122,25,144,164,4,84,59,93,23,189,98,18,39,176,3,154,49,0,95,182,139,135,183,48,73,56,92,147,67,32,38,87,165,193,28,44,125,6,88,70,71,162,20,191,61,184,109,72,78,128,101,185,76,80,100,30,134,27,2,97,58,151,175,57,1,117,113,169,142,131,158,54,120,157,136,149,85,55,14,13,111,171,148,83,129,24,150,103,105,69,159,40,116,99,63,50,53,180,178,192,173,35,161,102,110,12,7,107,123,106,194,51,146,140,74,188,65,16,190,10,130,5,62,195,43,127,79,42,141,11,114,64,96,177,119,132,75,137,133,81,153,166,8,33,19,36,22,112,89,46,66,121,155];True
6041;6303;12344;[198,29,90,41,187,60,179,47,26,145,115,152,163,52,197,104,17,37,94,118,124,168,34,108,174,196,167,15,156,21,31,82,172,86,181,68,9,45,138,126,143,160,91,77,186,199,170,122,25,144,164,4,84,59,93,23,189,98,18,39,176,3,154,49,0,95,182,139,135,183,48,73,56,92,147,67,32,38,87,165,193,28,44,125,6,88,70,71,162,194,191,61,184,109,72,78,128,101,185,76,80,100,30,134,27,2,97,58,151,175,57,1,117,113,169,142,131,158,54,120,157,136,149,85,55,14,13,111,171,148,83,129,24,150,103,105,69,159,40,116,99,63,50,53,180,178,192,173,35,161,102,110,12,7,107,123,106,20,51,146,140,74,188,65,16,190,10,130,5,62,195,43,127,79,42,141,11,114,64,96,177,119,132,75,137,133,81,153,166,8,33,19,36,22,112,89,46,66,121,155];True
6057;6302;12359;[198,29,90,41,187,60,179,47,26,145,115,152,163,52,197,104,17,37,94,118,124,168,34,108,174,23,95,15,156,21,31,82,172,86,181,68,9,45,138,126,143,160,91,77,186,199,170,122,25,144,164,4,84,59,93,196,189,98,18,39,176,3,154,49,0,167,182,139,135,183,48,73,56,92,147,67,32,38,87,165,193,28,44,125,6,88,70,71,162,194,191,61,184,109,72,78,128,101,185,76,80,100,30,134,27,2,97,58,151,175,57,1,117,113,169,142,131,158,54,120,157,136,149,85,55,14,13,111,171,148,83,129,24,150,103,105,69,159,40,116,99,63,50,53,180,178,192,173,35,161,102,110,12,7,107,123,106,20,51,146,140,74,188,65,16,190,10,130,5,62,195,43,127,79,42,141,11,114,64,96,177,119,132,75,137,133,81,153,166,8,33,19,36,22,112,89,46,66,121,155];True
6128;6301;12429;[198,29,90,41,187,60,179,47,26,145,115,152,163,52,197,104,17,37,94,118,124,168,34,108,174,196,167,15,156,21,31,82,172,128,181,68,9,45,138,126,143,160,91,77,186,199,86,122,25,144,164,4,84,59,93,23,189,98,18,39,176,3,154,49,0,95,182,139,135,183,48,73,56,92,147,67,32,38,87,165,193,28,44,125,6,88,70,71,162,194,191,61,184,109,72,78,170,101,185,76,80,100,30,134,27,2,97,58,151,175,57,1,117,113,169,142,131,158,54,120,157,136,149,85,55,14,13,111,171,148,83,129,24,150,103,105,69,159,40,116,99,63,50,53,180,178,192,173,35,161,102,110,12,7,107,123,106,20,51,146,140,74,188,65,16,190,10,130,5,62,195,43,127,79,42,141,11,114,64,96,177,119,132,75,137,133,81,153,166,8,33,19,36,22,112,89,46,66,121,155];True
6144;6300;12444;[198,29,90,41,187,60,179,47,26,145,115,152,163,52,197,104,17,37,94,118,124,168,34,108,174,23,95,15,156,21,31,82,172,128,181,68,9,45,138,126,143,160,91,77,186,199,86,122,25,144,164,4,84,59,93,196,189,98,18,39,176,3,154,49,0,167,182,139,135,183,48,73,56,92,147,67,32,38,87,165,193,28,44,125,6,88,70,71,162,194,191,61,184,109,72,78,170,101,185,76,80,100,30,134,27,2,97,58,151,175,57,1,117,113,169,142,131,158,54,120,157,136,149,85,55,14,13,111,171,148,83,129,24,150,103,105,69,159,40,116,99,63,50,53,180,178,192,173,35,161,102,110,12,7,107,123,106,20,51,146,140,74,188,65,16,190,10,130,5,62,195,43,127,79,42,141,11,114,64,96,177,119,132,75,137,133,81,153,166,8,33,19,36,22,112,89,46,66,121,155];True
6199;6299;12498;[198,29,90,41,187,60,179,47,26,145,115,152,163,52,197,104,34,37,94,118,124,168,17,108,174,196,167,15,156,21,31,82,172,128,181,68,9,45,138,126,143,160,91,77,186,199,170,122,25,144,164,4,84,59,93,23,189,98,18,39,176,3,154,49,0,95,182,139,135,183,48,73,56,92,147,67,32,38,87,165,193,28,44,125,6,88,70,71,162,20,191,61,184,109,72,78,86,101,185,76,80,100,30,134,27,2,97,58,151,175,57,1,117,113,169,142,131,158,54,120,157,136,149,85,55,14,13,111,171,148,83,129,24,150,103,105,69,159,40,116,99,63,50,53,180,178,192,173,35,161,102,110,12,7,107,123,106,194,51,146,140,74,188,65,16,190,10,130,5,62,195,43,127,79,42,141,11,114,64,96,177,119,132,75,137,133,81,153,166,8,33,19,36,22,112,89,46,66,121,155];True
6210;6298;12508;[198,29,90,41,187,60,179,47,26,145,115,152,163,52,197,104,34,37,94,118,124,168,17,108,174,196,167,15,156,21,31,82,172,128,181,68,9,45,138,126,143,160,91,77,186,199,170,122,25,144,164,4,84,59,93,23,189,98,18,39,176,3,154,49,0,95,182,139,135,183,48,73,56,92,147,67,32,38,87,165,193,28,44,125,6,88,70,71,162,194,191,61,184,109,72,78,86,101,185,76,80,100,30,134,27,2,97,58,151,175,57,1,117,113,169,142,131,158,54,120,157,136,149,85,55,14,13,111,171,148,83,129,24,150,103,105,69,159,40,116,99,63,50,53,180,178,192,173,35,161,102,110,12,7,107,123,106,20,51,146,140,74,188,65,16,190,10,130,5,62,195,43,127,79,42,141,11,114,64,96,177,119,132,75,137,133,81,153,166,8,33,19,36,22,112,89,46,66,121,155];True
6223;6297;12520;[198,29,90,41,187,60,179,47,26,145,115,152,163,52,197,104,17,37,94,118,124,168,34,108,174,196,95,15,156,21,31,82,172,128,181,68,9,45,138,126,143,160,91,77,186,199,170,122,25,144,164,4,84,59,93,23,189,98,18,39,176,3,154,49,0,167,182,139,135,183,48,73,56,92,147,67,32,38,87,165,193,28,44,125,6,88,70,71,162,20,191,61,184,109,72,78,86,101,185,76,80,100,30,134,27,2,97,58,151,175,57,1,117,113,169,142,131,158,54,120,157,136,149,85,55,14,13,111,171,148,83,129,24,150,103,105,69,159,40,116,99,63,50,53,180,178,192,173,35,161,102,110,12,7,107,123,106,194,51,146,140,74,188,65,16,190,10,130,5,62,195,43,127,79,42,141,11,114,64,96,177,119,132,75,137,133,81,153,166,8,33,19,36,22,112,89,46,66,121,155];True
6232;6296;12528;[198,29,90,41,187,60,179,47,26,145,115,152,163,52,197,104,17,37,94,118,124,168,34,108,174,196,167,15,156,21,31,82,172,128,181,68,9,45,138,126,143,160,91,77,186,199,170,122,25,144,164,4,84,59,93,23,189,98,18,39,176,3,154,49,0,95,182,139,135,183,48,73,56,92,147,67,32,38,87,165,193,28,44,125,6,88,70,71,162,20,191,61,184,109,72,78,86,101,185,76,80,100,30,134,27,2,97,58,151,175,57,1,117,113,169,142,131,158,54,120,157,136,149,85,55,14,13,111,171,148,83,129,24,150,103,105,69,159,40,116,99,63,50,53,180,178,192,173,35,161,102,110,12,7,107,123,106,194,51,146,140,74,188,65,16,190,10,130,5,62,195,43,127,79,42,141,11,114,64,96,177,119,132,75,137,133,81,153,166,8,33,19,36,22,112,89,46,66,121,155];True
6243;6295;12538;[198,29,90,41,187,60,179,47,26,145,115,152,163,52,197,104,17,37,94,118,124,168,34,108,174,196,167,15,156,21,31,82,172,128,181,68,9,45,138,126,143,160,91,77,186,199,170,122,25,144,164,4,84,59,93,23,189,98,18,39,176,3,154,49,0,95,182,139,135,183,48,73,56,92,147,67,32,38,87,165,193,28,44,125,6,88,70,71,162,194,191,61,184,109,72,78,86,101,185,76,80,100,30,134,27,2,97,58,151,175,57,1,117,113,169,142,131,158,54,120,157,136,149,85,55,14,13,111,171,148,83,129,24,150,103,105,69,159,40,116,99,63,50,53,180,178,192,173,35,161,102,110,12,7,107,123,106,20,51,146,140,74,188,65,16,190,10,130,5,62,195,43,127,79,42,141,11,114,64,96,177,119,132,75,137,133,81,153,166,8,33,19,36,22,112,89,46,66,121,155];True
6259;6294;12553;[198,29,90,41,187,60,179,47,26,145,115,152,163,52,197,104,17,37,94,118,124,168,34,108,174,23,95,15,156,21,31,82,172,128,181,68,9,45,138,126,143,160,91,77,186,199,170,122,25,144,164,4,84,59,93,196,189,98,18,39,176,3,154,49,0,167,182,139,135,183,48,73,56,92,147,67,32,38,87,165,193,28,44,125,6,88,70,71,162,194,191,61,184,109,72,78,86,101,185,76,80,100,30,134,27,2,97,58,151,175,57,1,117,113,169,142,131,158,54,120,157,136,149,85,55,14,13,111,171,148,83,129,24,150,103,105,69,159,40,116,99,63,50,53,180,178,192,173,35,161,102,110,12,7,107,123,106,20,51,146,140,74,188,65,16,190,10,130,5,62,195,43,127,79,42,141,11,114,64,96,177,119,132,75,137,133,81,153,166,8,33,19,36,22,112,89,46,66,121,155];True
6313;6293;12606;[198,29,90,41,187,60,179,47,26,145,115,152,163,52,197,104,17,37,94,118,124,168,34,108,174,196,95,15,156,21,31,82,172,128,181,68,9,45,138,126,143,160,91,77,186,199,170,122,25,144,164,4,84,59,93,23,189,98,18,39,176,3,154,49,0,167,182,139,135,183,48,73,56,92,147,67,32,38,87,165,193,28,44,125,6,88,70,71,162,20,191,61,184,109,72,78,111,101,185,76,80,100,30,134,27,2,97,58,151,175,57,1,117,113,169,142,131,158,54,120,157,136,149,85,55,14,13,86,171,148,83,129,24,150,103,105,69,159,40,116,99,63,50,53,180,178,192,173,35,161,102,110,12,7,107,123,106,194,51,146,140,74,188,65,16,190,10,130,5,62,195,43,127,79,42,141,11,114,64,96,177,119,132,75,137,133,81,153,166,8,33,19,36,22,112,89,46,66,121,155];True
6322;6292;12614;[198,29,90,41,187,60,179,47,26,145,115,152,163,52,197,104,17,37,94,118,124,168,34,108,174,196,167,15,156,21,31,82,172,128,181,68,9,45,138,126,143,160,91,77,186,199,170,122,25,144,164,4,84,59,93,23,189,98,18,39,176,3,154,49,0,95,182,139,135,183,48,73,56,92,147,67,32,38,87,165,193,28,44,125,6,88,70,71,162,20,191,61,184,109,72,78,111,101,185,76,80,100,30,134,27,2,97,58,151,175,57,1,117,113,169,142,131,158,54,120,157,136,149,85,55,14,13,86,171,148,83,129,24,150,103,105,69,159,40,116,99,63,50,53,180,178,192,173,35,161,102,110,12,7,107,123,106,194,51,146,140,74,188,65,16,190,10,130,5,62,195,43,127,79,42,141,11,114,64,96,177,119,132,75,137,133,81,153,166,8,33,19,36,22,112,89,46,66,121,155];True
6333;6291;12624;[198,29,90,41,187,60,179,47,26,145,115,152,163,52,197,104,17,37,94,118,124,168,34,108,174,196,167,15,156,21,31,82,172,128,181,68,9,45,138,126,143,160,91,77,186,199,170,122,25,144,164,4,84,59,93,23,189,98,18,39,176,3,154,49,0,95,182,139,135,183,48,73,56,92,147,67,32,38,87,165,193,28,44,125,6,88,70,71,162,194,191,61,184,109,72,78,111,101,185,76,80,100,30,134,27,2,97,58,151,175,57,1,117,113,169,142,131,158,54,120,157,136,149,85,55,14,13,86,171,148,83,129,24,150,103,105,69,159,40,116,99,63,50,53,180,178,192,173,35,161,102,110,12,7,107,123,106,20,51,146,140,74,188,65,16,190,10,130,5,62,195,43,127,79,42,141,11,114,64,96,177,119,132,75,137,133,81,153,166,8,33,19,36,22,112,89,46,66,121,155];True
6349;6290;12639;[198,29,90,41,187,60,179,47,26,145,115,152,163,52,197,104,17,37,94,118,124,168,34,108,174,23,95,15,156,21,31,82,172,128,181,68,9,45,138,126,143,160,91,77,186,199,170,122,25,144,164,4,84,59,93,196,189,98,18,39,176,3,154,49,0,167,182,139,135,183,48,73,56,92,147,67,32,38,87,165,193,28,44,125,6,88,70,71,162,194,191,61,184,109,72,78,111,101,185,76,80,100,30,134,27,2,97,58,151,175,57,1,117,113,169,142,131,158,54,120,157,136,149,85,55,14,13,86,171,148,83,129,24,150,103,105,69,159,40,116,99,63,50,53,180,178,192,173,35,161,102,110,12,7,107,123,106,20,51,146,140,74,188,65,16,190,10,130,5,62,195,43,127,79,42,141,11,114,64,96,177,119,132,75,137,133,81,153,166,8,33,19,36,22,112,89,46,66,121,155];True
6426;6289;12715;[198,29,90,41,187,60,179,47,26,145,115,152,163,52,197,104,17,37,94,118,124,168,34,108,174,23,95,15,156,21,31,82,172,128,181,68,9,45,138,126,143,160,91,77,186,199,170,122,25,144,164,4,84,59,93,196,189,98,18,39,176,3,154,49,0,167,182,139,135,183,48,73,99,92,147,67,32,38,87,165,193,28,44,125,6,88,70,71,162,194,191,61,184,109,72,78,111,101,185,76,80,100,30,134,27,2,97,58,151,175,57,1,117,113,169,142,131,158,54,120,157,136,149,85,55,14,13,86,171,148,83,129,24,150,103,105,69,159,40,116,56,63,50,53,180,178,192,173,35,161,102,110,12,7,107,123,106,20,51,146,140,74,188,65,16,190,10,130,5,62,195,43,127,79,42,141,11,114,64,96,177,119,132,75,137,133,81,153,166,8,33,19,36,22,112,89,46,66,121,155];True
6441;6288;12729;[198,29,90,41,187,60,179,47,26,145,115,152,163,52,197,104,17,37,94,118,124,168,34,108,174,67,167,15,156,21,31,82,172,128,181,68,9,45,138,126,143,160,91,77,186,199,170,122,25,144,164,4,84,59,93,196,189,98,18,39,176,3,154,49,0,95,182,139,135,183,48,73,56,92,147,23,32,38,87,165,193,28,44,125,6,88,70,71,162,194,191,61,184,109,72,78,111,101,185,76,80,100,30,134,27,2,97,58,151,175,57,1,117,113,169,142,131,158,54,120,157,136,149,85,55,14,13,86,171,148,83,129,24,150,103,105,69,159,40,116,99,63,50,53,180,178,192,173,35,161,102,110,12,7,107,123,106,20,51,146,140,74,188,65,16,190,10,130,5,62,195,43,127,79,42,141,11,114,64,96,177,119,132,75,137,133,81,153,166,8,33,19,36,22,112,89,46,66,121,155];True
6518;6287;12805;[198,29,90,41,187,60,179,47,26,145,115,152,163,52,197,104,17,37,94,118,124,168,34,108,174,67,167,15,156,21,31,82,172,128,181,68,9,45,138,126,143,160,91,77,186,199,170,122,25,144,164,4,84,59,93,196,189,98,18,39,176,3,154,49,0,95,182,139,135,183,48,73,99,92,147,23,32,38,87,165,193,28,44,125,6,88,70,71,162,194,191,61,184,109,72,78,111,101,185,76,80,100,30,134,27,2,97,58,151,175,57,1,117,113,169,142,131,158,54,120,157,136,149,85,55,14,13,86,171,148,83,129,24,150,103,105,69,159,40,116,56,63,50,53,180,178,192,173,35,161,102,110,12,7,107,123,106,20,51,146,140,74,188,65,16,190,10,130,5,62,195,43,127,79,42,141,11,114,64,96,177,119,132,75,137,133,81,153,166,8,33,19,36,22,112,89,46,66,121,155];True
6546;6286;12832;[198,29,90,41,187,60,179,47,26,145,115,152,163,52,197,104,17,37,94,118,124,168,34,108,174,67,167,15,156,21,31,82,172,128,181,68,9,45,138,126,143,160,91,77,186,199,170,122,25,144,164,4,84,59,93,196,189,98,18,39,176,35,154,49,0,95,182,139,135,183,48,73,56,92,147,23,32,38,87,165,193,28,44,125,6,88,70,71,162,194,191,61,184,109,72,78,111,101,185,76,80,100,30,134,27,2,97,58,151,175,57,1,117,113,169,142,131,158,54,120,157,136,149,85,55,14,13,86,171,148,83,129,24,150,103,105,69,159,40,116,99,63,50,53,180,178,192,173,3,161,102,110,12,7,107,123,106,20,51,146,140,74,188,65,16,190,10,130,5,62,195,43,127,79,42,141,11,114,64,96,177,119,132,75,137,133,81,153,166,8,33,19,36,22,112,89,46,66,121,155];True
6609;6285;12894;[198,29,90,41,187,60,179,47,26,145,115,152,163,52,197,123,106,20,94,118,124,168,34,108,174,23,95,15,156,21,31,82,172,128,181,68,150,191,138,126,143,160,91,77,186,199,170,122,25,144,164,4,84,59,93,196,189,98,18,39,176,3,154,49,0,167,182,139,135,37,48,73,56,92,147,67,32,38,87,165,193,28,44,125,6,88,70,71,162,45,188,61,184,109,72,78,111,101,185,76,80,100,30,134,27,2,97,58,151,175,57,1,117,113,169,142,131,158,54,120,157,136,149,85,55,14,13,86,171,148,83,129,24,9,103,105,69,159,40,116,99,63,50,53,180,178,192,173,35,161,102,110,12,7,107,104,17,183,51,146,140,74,194,65,16,190,10,130,5,62,195,43,127,79,42,141,11,114,64,96,177,119,132,75,137,133,81,153,166,8,33,19,36,22,112,89,46,66,121,155];True
6631;6284;12915;[198,29,90,41,187,60,179,47,26,145,115,152,163,52,197,123,106,194,94,118,124,168,34,108,174,196,95,15,156,21,31,82,172,128,181,68,150,191,138,126,143,160,91,77,186,199,170,122,25,144,164,4,84,59,93,23,189,98,18,39,176,3,154,49,0,167,182,139,135,37,48,73,56,92,147,67,32,38,87,165,193,28,44,125,6,88,70,71,162,45,188,61,184,109,72,78,111,101,185,76,80,100,30,134,27,2,97,58,151,175,57,1,117,113,169,142,131,158,54,120,157,136,149,85,55,14,13,86,171,148,83,129,24,9,103,105,69,159,40,116,99,63,50,53,180,178,192,173,35,161,102,110,12,7,107,104,17,183,51,146,140,74,20,65,16,190,10,130,5,62,195,43,127,79,42,141,11,114,64,96,177,119,132,75,137,133,81,153,166,8,33,19,36,22,112,89,46,66,121,155];True
6640;6283;12923;[198,29,90,41,187,60,179,47,26,145,115,152,163,52,197,123,106,194,94,118,124,168,34,108,174,196,167,15,156,21,31,82,172,128,181,68,150,191,138,126,143,160,91,77,186,199,170,122,25,144,164,4,84,59,93,23,189,98,18,39,176,3,154,49,0,95,182,139,135,37,48,73,56,92,147,67,32,38,87,165,193,28,44,125,6,88,70,71,162,45,188,61,184,109,72,78,111,101,185,76,80,100,30,134,27,2,97,58,151,175,57,1,117,113,169,142,131,158,54,120,157,136,149,85,55,14,13,86,171,148,83,129,24,9,103,105,69,159,40,116,99,63,50,53,180,178,192,173,35,161,102,110,12,7,107,104,17,183,51,146,140,74,20,65,16,190,10,130,5,62,195,43,127,79,42,141,11,114,64,96,177,119,132,75,137,133,81,153,166,8,33,19,36,22,112,89,46,66,121,155];True
6656;6282;12938;[198,29,90,41,187,60,179,47,26,145,115,152,163,52,197,123,106,194,94,118,124,168,34,108,174,23,95,15,156,21,31,82,172,128,181,68,150,191,138,126,143,160,91,77,186,199,170,122,25,144,164,4,84,59,93,196,189,98,18,39,176,3,154,49,0,167,182,139,135,37,48,73,56,92,147,67,32,38,87,165,193,28,44,125,6,88,70,71,162,45,188,61,184,109,72,78,111,101,185,76,80,100,30,134,27,2,97,58,151,175,57,1,117,113,169,142,131,158,54,120,157,136,149,85,55,14,13,86,171,148,83,129,24,9,103,105,69,159,40,116,99,63,50,53,180,178,192,173,35,161,102,110,12,7,107,104,17,183,51,146,140,74,20,65,16,190,10,130,5,62,195,43,127,79,42,141,11,114,64,96,177,119,132,75,137,133,81,153,166,8,33,19,36,22,112,89,46,66,121,155];True
6727;6281;13008;[198,29,90,41,187,60,179,47,26,145,115,152,163,52,197,123,106,194,94,118,124,168,34,108,174,23,95,15,156,21,31,82,172,128,181,68,150,191,138,126,143,160,91,77,186,199,170,122,25,144,164,4,84,59,93,196,189,98,18,39,176,3,154,49,0,167,182,139,65,37,48,73,56,92,147,67,32,38,87,165,193,28,44,125,6,88,70,71,162,45,188,61,184,109,72,78,111,101,185,76,80,100,30,134,27,2,97,58,151,175,57,1,117,113,169,142,131,158,54,120,157,136,149,85,55,14,13,86,171,148,83,129,24,9,103,105,69,159,40,116,99,63,50,53,180,178,192,173,35,161,102,110,12,7,107,104,17,183,51,146,140,74,20,135,16,190,10,130,5,62,195,43,127,79,42,141,11,114,64,96,177,119,132,75,137,133,81,153,166,8,33,19,36,22,112,89,46,66,121,155];True
6748;6280;13028;[198,29,90,41,187,60,179,47,26,145,115,152,163,52,197,123,106,194,94,118,124,168,34,108,174,67,167,15,156,21,31,82,172,128,181,68,150,191,138,126,143,160,91,77,186,199,170,122,25,144,164,4,84,59,93,196,189,98,18,39,176,3,154,49,0,95,182,139,135,37,48,73,56,92,147,23,32,38,87,165,193,28,44,125,6,88,70,71,162,45,188,61,184,109,72,78,111,101,185,76,80,100,30,134,27,2,97,58,151,175,57,1,117,113,169,142,131,158,54,120,157,136,149,85,55,14,13,86,171,148,83,129,24,9,103,105,69,159,40,116,99,63,50,53,180,178,192,173,35,161,102,110,12,7,107,104,17,183,51,146,140,74,20,65,16,190,10,130,5,62,195,43,127,79,42,141,11,114,64,96,177,119,132,75,137,133,81,153,166,8,33,19,36,22,112,89,46,66,121,155];True
6795;6279;13074;[198,29,90,41,187,60,179,47,26,145,115,152,163,52,197,123,106,194,94,118,124,168,34,108,174,23,95,15,156,21,31,82,172,128,181,68,150,191,138,135,143,160,91,77,186,199,170,122,25,144,164,4,84,59,93,196,189,98,18,39,176,3,154,49,0,167,182,139,65,37,48,73,56,92,147,67,32,38,87,165,193,28,44,125,6,88,70,71,162,45,188,61,184,109,72,78,111,101,185,76,80,100,30,134,27,2,97,58,151,175,57,1,117,113,169,142,131,158,54,120,157,136,149,85,55,14,13,86,171,148,83,129,24,9,103,105,69,159,40,116,99,63,50,53,180,178,192,173,35,161,102,110,12,7,107,104,17,183,51,146,140,74,20,126,16,190,10,130,5,62,195,43,127,79,42,141,11,114,64,96,177,119,132,75,137,133,81,153,166,8,33,19,36,22,112,89,46,66,121,155];True
6853;6278;13131;[198,29,90,41,187,60,179,47,26,145,115,152,163,52,197,123,106,194,94,118,124,168,34,108,174,67,167,15,156,21,31,82,172,128,181,68,150,191,138,126,143,160,91,77,186,199,170,122,25,144,164,4,84,59,93,196,189,98,18,39,176,35,154,49,0,95,182,139,135,37,48,73,56,92,147,23,32,38,87,165,193,28,44,125,6,88,70,71,162,45,188,61,184,109,72,78,111,101,185,76,80,100,30,134,27,2,97,58,151,175,57,1,117,113,169,142,131,158,54,120,157,136,149,85,55,14,13,86,171,148,83,129,24,9,103,105,69,159,40,116,99,63,50,53,180,178,192,173,3,161,102,110,12,7,107,104,17,183,51,146,140,74,20,65,16,190,10,130,5,62,195,43,127,79,42,141,11,114,64,96,177,119,132,75,137,133,81,153,166,8,33,19,36,22,112,89,46,66,121,155];True
6883;6277;13160;[198,29,90,41,187,60,179,47,26,145,115,152,163,52,197,123,106,194,94,37,124,168,34,108,174,23,95,15,156,21,31,82,172,128,181,68,150,191,138,135,143,160,91,77,186,199,170,122,25,144,164,4,84,59,93,196,189,98,18,39,176,3,154,49,0,167,182,139,65,118,48,73,56,92,147,67,32,38,87,165,193,28,44,125,6,88,70,71,162,45,188,61,184,109,72,78,111,101,185,76,80,100,30,134,27,2,97,58,151,175,57,1,117,113,169,142,131,158,54,120,157,136,149,85,55,14,13,86,171,148,83,129,24,9,103,105,69,159,40,116,99,63,50,53,180,178,192,173,35,161,102,110,12,7,107,104,17,183,51,146,140,74,20,126,16,190,10,130,5,62,195,43,127,79,42,141,11,114,64,96,177,119,132,75,137,133,81,153,166,8,33,19,36,22,112,89,46,66,121,155];True
6960;6276;13236;[198,29,90,41,187,60,179,47,26,145,115,152,163,52,197,123,106,194,94,37,124,168,34,108,174,23,95,15,156,21,31,82,172,128,181,68,150,191,138,135,143,160,91,77,186,199,170,122,25,144,164,4,84,59,93,196,189,98,18,39,176,3,154,49,0,167,182,139,65,118,48,73,99,92,147,67,32,38,87,165,193,28,44,125,6,88,70,71,162,45,188,61,184,109,72,78,111,101,185,76,80,100,30,134,27,2,97,58,151,175,57,1,117,113,169,142,131,158,54,120,157,136,149,85,55,14,13,86,171,148,83,129,24,9,103,105,69,159,40,116,56,63,50,53,180,178,192,173,35,161,102,110,12,7,107,104,17,183,51,146,140,74,20,126,16,190,10,130,5,62,195,43,127,79,42,141,11,114,64,96,177,119,132,75,137,133,81,153,166,8,33,19,36,22,112,89,46,66,121,155];True
6975;6275;13250;[198,29,90,41,187,60,179,47,26,145,115,152,163,52,197,123,106,194,94,37,124,168,34,108,174,67,167,15,156,21,31,82,172,128,181,68,150,191,138,135,143,160,91,77,186,199,170,122,25,144,164,4,84,59,93,196,189,98,18,39,176,3,154,49,0,95,182,139,65,118,48,73,56,92,147,23,32,38,87,165,193,28,44,125,6,88,70,71,162,45,188,61,184,109,72,78,111,101,185,76,80,100,30,134,27,2,97,58,151,175,57,1,117,113,169,142,131,158,54,120,157,136,149,85,55,14,13,86,171,148,83,129,24,9,103,105,69,159,40,116,99,63,50,53,180,178,192,173,35,161,102,110,12,7,107,104,17,183,51,146,140,74,20,126,16,190,10,130,5,62,195,43,127,79,42,141,11,114,64,96,177,119,132,75,137,133,81,153,166,8,33,19,36,22,112,89,46,66,121,155];True
7052;6274;13326;[198,29,90,41,187,60,179,47,26,145,115,152,163,52,197,123,106,194,94,37,124,168,34,108,174,67,167,15,156,21,31,82,172,128,181,68,150,191,138,135,143,160,91,77,186,199,170,122,25,144,164,4,84,59,93,196,189,98,18,39,176,3,154,49,0,95,182,139,65,118,48,73,99,92,147,23,32,38,87,165,193,28,44,125,6,88,70,71,162,45,188,61,184,109,72,78,111,101,185,76,80,100,30,134,27,2,97,58,151,175,57,1,117,113,169,142,131,158,54,120,157,136,149,85,55,14,13,86,171,148,83,129,24,9,103,105,69,159,40,116,56,63,50,53,180,178,192,173,35,161,102,110,12,7,107,104,17,183,51,146,140,74,20,126,16,190,10,130,5,62,195,43,127,79,42,141,11,114,64,96,177,119,132,75,137,133,81,153,166,8,33,19,36,22,112,89,46,66,121,155];True
7080;6273;13353;[198,29,90,41,187,60,179,47,26,145,115,152,163,52,197,123,106,194,94,37,124,168,34,108,174,67,167,15,156,21,31,82,172,128,181,68,150,191,138,135,143,160,91,77,186,199,170,122,25,144,164,4,84,59,93,196,189,98,18,39,176,35,154,49,0,95,182,139,65,118,48,73,56,92,147,23,32,38,87,165,193,28,44,125,6,88,70,71,162,45,188,61,184,109,72,78,111,101,185,76,80,100,30,134,27,2,97,58,151,175,57,1,117,113,169,142,131,158,54,120,157,136,149,85,55,14,13,86,171,148,83,129,24,9,103,105,69,159,40,116,99,63,50,53,180,178,192,173,3,161,102,110,12,7,107,104,17,183,51,146,140,74,20,126,16,190,10,130,5,62,195,43,127,79,42,141,11,114,64,96,177,119,132,75,137,133,81,153,166,8,33,19,36,22,112,89,46,66,121,155];True
7151;6272;13423;[198,29,90,41,187,60,179,47,26,145,115,152,163,52,197,123,106,194,94,37,124,168,34,108,174,67,167,15,156,21,31,82,172,128,181,68,150,191,138,135,143,160,91,77,186,199,170,122,25,144,164,4,84,59,93,196,189,98,18,39,176,3,154,49,0,95,182,139,65,118,48,73,99,92,147,23,32,38,87,165,193,28,44,125,6,88,70,71,162,45,188,61,184,109,72,78,111,101,185,76,80,100,30,134,27,2,97,58,151,175,57,1,117,113,169,142,131,158,54,120,157,136,149,85,55,14,13,86,171,148,83,129,24,9,103,105,69,159,40,116,56,140,50,53,180,178,192,173,35,161,102,110,12,7,107,104,17,183,51,146,63,74,20,126,16,190,10,130,5,62,195,43,127,79,42,141,11,114,64,96,177,119,132,75,137,133,81,153,166,8,33,19,36,22,112,89,46,66,121,155];True
7256;6270;13526;[198,29,90,41,187,60,179,47,26,145,115,152,163,52,197,123,106,194,94,37,124,168,34,108,174,67,167,15,156,21,31,82,172,128,181,68,150,191,138,135,143,160,91,77,186,199,170,122,25,144,164,4,84,59,93,196,189,98,18,39,176,35,154,49,0,95,182,139,65,118,48,73,99,92,147,23,32,38,87,165,193,28,44,125,6,88,70,71,162,45,188,61,184,109,72,78,111,101,185,76,80,100,30,134,27,2,97,58,151,175,57,1,117,113,169,142,131,158,54,120,157,136,149,85,55,14,13,86,171,148,83,129,24,9,103,105,69,159,40,116,56,140,50,53,180,178,192,173,3,161,102,110,12,7,107,104,17,183,51,146,63,74,20,126,16,190,10,130,5,62,195,43,127,79,42,141,11,114,64,96,177,119,132,75,137,133,81,153,166,8,33,19,36,22,112,89,46,66,121,155];True
7402;6269;13671;[198,29,90,41,187,60,179,47,26,145,115,152,163,52,197,123,106,194,94,37,124,168,34,108,174,67,167,15,156,21,31,82,172,128,181,68,150,191,138,135,143,160,91,77,186,199,170,122,25,144,164,4,84,59,93,196,2,98,18,39,176,35,154,49,0,95,182,139,65,118,48,73,99,92,147,23,32,38,87,165,193,28,44,125,6,88,70,71,162,45,188,61,184,109,72,78,111,101,185,76,80,100,30,134,27,189,97,58,151,175,57,1,117,113,169,142,131,158,54,120,157,136,149,85,55,14,13,86,171,148,83,129,24,9,103,105,69,159,40,116,56,140,50,53,180,178,192,173,3,161,102,110,12,7,107,104,17,183,51,146,63,74,20,126,16,190,10,130,5,62,195,43,127,79,42,141,11,114,64,96,177,119,132,75,137,133,81,153,166,8,33,19,36,22,112,89,46,66,121,155];True
7465;6268;13733;[198,29,90,41,187,60,179,47,26,145,115,152,163,52,197,123,106,194,94,37,124,168,34,108,174,67,167,15,156,21,31,82,172,128,181,68,150,191,138,135,143,160,91,77,186,199,170,122,25,144,164,4,84,59,93,165,189,98,18,39,176,35,154,49,0,95,182,139,65,118,48,73,99,92,147,23,32,38,87,196,193,28,44,125,6,88,70,71,162,45,188,61,184,109,72,78,111,101,185,76,80,100,30,134,27,2,97,58,151,175,57,1,117,113,169,142,131,158,54,120,157,136,149,85,55,14,13,86,171,148,83,129,24,9,103,105,69,159,40,116,56,140,50,53,180,178,192,173,3,161,102,110,12,7,107,104,17,183,51,146,63,74,20,126,16,190,10,130,5,62,195,43,127,79,42,141,11,114,64,96,177,119,132,75,137,133,81,153,166,8,33,19,36,22,112,89,46,66,121,155];True
