utilA;utilB;utilSum;contract;pareto
1680;7337;9017;[34,4,129,70,19,87,121,178,127,132,130,84,77,112,93,147,66,157,103,105,74,188,144,9,142,117,167,61,45,65,41,49,78,128,42,57,197,168,145,126,143,160,91,1,33,124,180,196,36,46,140,92,82,23,189,81,0,85,22,26,176,193,109,20,170,166,38,139,63,118,48,194,182,198,174,184,35,67,32,72,163,25,51,50,190,10,165,113,156,71,44,138,37,94,173,18,131,119,11,59,80,100,30,134,148,195,97,58,158,43,7,101,181,68,123,6,149,60,54,151,110,187,39,107,55,14,13,172,12,89,75,125,15,135,53,183,69,159,164,90,28,155,73,99,106,136,115,152,2,161,102,86,133,76,122,116,17,8,16,56,21,108,192,40,104,31,29,154,52,179,27,185,111,96,171,141,98,114,64,79,177,47,88,5,186,199,83,153,150,24,95,137,175,62,120,3,169,191,162,146];True
1660;7357;9017;[34,4,129,70,19,87,121,178,127,132,130,84,77,112,93,147,66,157,103,105,74,188,144,184,142,117,167,61,45,138,41,49,78,128,42,57,197,168,145,126,35,160,91,1,33,124,180,196,36,46,140,92,82,23,189,81,0,85,22,26,176,193,109,20,170,166,38,139,63,118,48,194,182,198,174,9,143,67,32,72,163,25,51,50,190,10,165,113,156,71,44,65,37,94,173,18,131,119,11,59,80,100,30,134,148,195,97,58,158,43,7,101,181,68,123,6,149,60,54,151,110,187,39,107,55,14,13,172,12,89,75,125,15,135,53,183,69,159,164,90,28,155,73,99,106,136,115,152,2,161,102,86,133,76,122,116,17,8,16,56,21,108,192,40,104,31,29,154,52,179,27,185,111,96,171,141,98,114,64,79,177,47,88,5,186,199,83,153,150,24,95,137,175,62,120,3,169,191,162,146];True
1655;7362;9017;[34,4,129,70,19,87,121,178,127,132,130,84,77,112,93,147,66,157,103,105,74,188,144,184,142,117,167,61,45,65,41,49,78,128,42,57,197,168,145,126,35,160,91,1,33,124,180,196,36,46,140,92,82,23,189,81,0,85,22,26,176,193,109,20,170,166,38,139,63,118,48,194,182,198,174,9,143,67,32,72,163,25,51,50,190,10,165,113,156,71,44,138,37,94,173,18,131,119,11,59,80,100,30,134,148,195,97,58,158,43,7,101,181,68,123,6,149,60,54,151,110,187,39,107,55,14,13,172,12,89,75,125,15,135,53,183,69,159,164,90,28,155,73,99,106,136,115,152,2,161,102,86,133,76,122,116,17,8,16,56,21,108,192,40,104,31,29,154,52,179,27,185,111,96,171,141,98,114,64,79,177,47,88,5,186,199,83,153,150,24,95,137,175,62,120,3,169,191,162,146];True
1685;7332;9017;[34,4,129,70,19,87,121,178,127,132,130,84,77,112,93,147,66,157,103,105,74,188,144,9,142,117,167,61,45,138,41,49,78,128,42,57,197,168,145,126,143,160,91,1,33,124,180,196,36,46,140,92,82,23,189,81,0,85,22,26,176,193,109,20,170,166,38,139,63,118,48,194,182,198,174,184,35,67,32,72,163,25,51,50,190,10,165,113,156,71,44,65,37,94,173,18,131,119,11,59,80,100,30,134,148,195,97,58,158,43,7,101,181,68,123,6,149,60,54,151,110,187,39,107,55,14,13,172,12,89,75,125,15,135,53,183,69,159,164,90,28,155,73,99,106,136,115,152,2,161,102,86,133,76,122,116,17,8,16,56,21,108,192,40,104,31,29,154,52,179,27,185,111,96,171,141,98,114,64,79,177,47,88,5,186,199,83,153,150,24,95,137,175,62,120,3,169,191,162,146];True
1671;7348;9019;[34,4,129,70,19,87,121,178,127,132,130,84,77,112,93,147,66,157,103,105,74,188,144,9,142,117,167,61,45,138,41,49,78,128,42,57,197,168,145,126,143,160,91,1,33,124,180,196,36,46,140,92,82,23,189,81,0,85,22,26,176,193,109,20,67,166,38,139,63,118,48,194,182,198,174,184,35,25,32,72,163,170,51,50,190,10,165,113,156,71,44,65,37,94,173,18,131,119,11,59,80,100,30,134,148,195,97,58,158,43,7,101,181,68,123,6,149,60,54,151,110,187,39,107,55,14,13,172,12,89,75,125,15,135,53,183,69,159,164,90,28,155,73,99,106,136,115,152,2,161,102,86,133,76,122,116,17,8,16,56,21,108,192,40,104,31,29,154,52,179,27,185,111,96,171,141,98,114,64,79,177,47,88,5,186,199,83,153,150,24,95,137,175,62,120,3,169,191,162,146];True
1666;7353;9019;[34,4,129,70,19,87,121,178,127,132,130,84,77,112,93,147,66,157,103,105,74,188,144,9,142,117,167,61,45,65,41,49,78,128,42,57,197,168,145,126,143,160,91,1,33,124,180,196,36,46,140,92,82,23,189,81,0,85,22,26,176,193,109,20,67,166,38,139,63,118,48,194,182,198,174,184,35,25,32,72,163,170,51,50,190,10,165,113,156,71,44,138,37,94,173,18,131,119,11,59,80,100,30,134,148,195,97,58,158,43,7,101,181,68,123,6,149,60,54,151,110,187,39,107,55,14,13,172,12,89,75,125,15,135,53,183,69,159,164,90,28,155,73,99,106,136,115,152,2,161,102,86,133,76,122,116,17,8,16,56,21,108,192,40,104,31,29,154,52,179,27,185,111,96,171,141,98,114,64,79,177,47,88,5,186,199,83,153,150,24,95,137,175,62,120,3,169,191,162,146];True
1639;7385;9024;[34,4,129,70,19,87,121,178,127,132,130,84,77,112,93,147,66,157,103,105,74,188,144,184,142,117,167,61,45,138,41,49,78,128,42,57,197,168,145,126,35,160,91,1,33,124,180,196,36,46,140,92,82,23,189,81,0,85,22,26,176,193,109,20,170,166,38,139,63,118,48,194,182,198,174,9,143,67,32,72,163,25,51,50,190,10,165,113,156,71,44,65,37,94,173,18,131,119,11,59,80,100,30,134,148,195,97,58,158,43,7,150,181,68,123,6,149,60,54,151,110,187,39,107,55,14,13,172,12,89,75,125,15,135,53,183,69,159,164,90,28,155,73,99,106,136,115,152,2,161,102,86,133,76,122,116,17,8,16,56,21,108,192,40,104,31,29,154,52,179,27,185,111,96,171,141,98,114,64,79,177,47,88,5,186,199,83,153,101,24,95,137,175,62,120,3,169,191,162,146];True
1634;7390;9024;[34,4,129,70,19,87,121,178,127,132,130,84,77,112,93,147,66,157,103,105,74,188,144,184,142,117,167,61,45,65,41,49,78,128,42,57,197,168,145,126,35,160,91,1,33,124,180,196,36,46,140,92,82,23,189,81,0,85,22,26,176,193,109,20,170,166,38,139,63,118,48,194,182,198,174,9,143,67,32,72,163,25,51,50,190,10,165,113,156,71,44,138,37,94,173,18,131,119,11,59,80,100,30,134,148,195,97,58,158,43,7,150,181,68,123,6,149,60,54,151,110,187,39,107,55,14,13,172,12,89,75,125,15,135,53,183,69,159,164,90,28,155,73,99,106,136,115,152,2,161,102,86,133,76,122,116,17,8,16,56,21,108,192,40,104,31,29,154,52,179,27,185,111,96,171,141,98,114,64,79,177,47,88,5,186,199,83,153,101,24,95,137,175,62,120,3,169,191,162,146];True
1650;7376;9026;[34,4,129,70,19,87,121,178,127,132,130,84,77,112,93,147,66,157,103,105,74,188,144,9,142,117,167,61,45,138,41,49,78,128,42,57,197,168,145,126,143,160,91,1,33,124,180,196,36,46,140,92,82,23,189,81,0,85,22,26,176,193,109,20,67,166,38,139,63,118,48,194,182,198,174,184,35,25,32,72,163,170,51,50,190,10,165,113,156,71,44,65,37,94,173,18,131,119,11,59,80,100,30,134,148,195,97,58,158,43,7,150,181,68,123,6,149,60,54,151,110,187,39,107,55,14,13,172,12,89,75,125,15,135,53,183,69,159,164,90,28,155,73,99,106,136,115,152,2,161,102,86,133,76,122,116,17,8,16,56,21,108,192,40,104,31,29,154,52,179,27,185,111,96,171,141,98,114,64,79,177,47,88,5,186,199,83,153,101,24,95,137,175,62,120,3,169,191,162,146];True
1645;7381;9026;[34,4,129,70,19,87,121,178,127,132,130,84,77,112,93,147,66,157,103,105,74,188,144,9,142,117,167,61,45,65,41,49,78,128,42,57,197,168,145,126,143,160,91,1,33,124,180,196,36,46,140,92,82,23,189,81,0,85,22,26,176,193,109,20,67,166,38,139,63,118,48,194,182,198,174,184,35,25,32,72,163,170,51,50,190,10,165,113,156,71,44,138,37,94,173,18,131,119,11,59,80,100,30,134,148,195,97,58,158,43,7,150,181,68,123,6,149,60,54,151,110,187,39,107,55,14,13,172,12,89,75,125,15,135,53,183,69,159,164,90,28,155,73,99,106,136,115,152,2,161,102,86,133,76,122,116,17,8,16,56,21,108,192,40,104,31,29,154,52,179,27,185,111,96,171,141,98,114,64,79,177,47,88,5,186,199,83,153,101,24,95,137,175,62,120,3,169,191,162,146];True
1700;7327;9027;[34,4,129,70,19,87,121,178,111,132,130,84,77,112,93,147,66,157,103,105,74,188,144,9,142,117,167,61,45,138,41,49,78,128,42,57,197,168,145,126,143,160,91,1,33,124,180,196,36,46,140,92,82,23,189,81,0,85,22,26,176,193,109,20,170,166,38,139,63,118,48,194,182,198,174,184,35,67,32,72,163,25,51,50,190,10,165,113,156,71,44,65,37,94,173,18,131,119,11,59,80,100,30,134,148,195,97,58,158,43,7,101,181,68,123,6,149,60,54,151,110,187,39,107,55,14,13,172,12,89,75,125,15,135,53,183,69,159,164,90,28,155,73,99,106,136,115,152,2,161,102,86,133,76,122,116,17,8,16,56,21,108,192,40,104,31,29,154,52,179,27,185,127,96,171,141,98,114,64,79,177,47,88,5,186,199,83,153,150,24,95,137,175,62,120,3,169,191,162,146];True
1621;7407;9028;[34,4,129,70,19,87,121,178,127,132,130,84,77,112,93,147,66,157,103,105,74,188,144,184,142,117,167,61,182,65,41,49,78,128,42,57,197,8,16,126,35,160,91,1,33,124,180,196,36,46,140,92,82,23,189,81,0,45,22,26,176,193,109,20,170,166,38,139,63,118,48,194,31,198,174,9,143,67,32,72,163,25,51,50,190,10,165,113,156,71,44,138,37,94,173,18,131,119,11,59,80,100,30,134,148,195,97,58,158,43,7,101,181,68,123,6,149,60,54,151,110,187,39,107,55,14,13,172,12,89,75,125,15,135,53,183,69,159,164,90,28,155,73,99,106,136,115,152,2,161,102,86,133,76,122,116,104,17,145,56,21,108,192,40,169,85,29,154,52,179,27,185,111,96,171,141,98,114,64,79,177,47,88,5,186,199,83,153,150,24,95,137,175,62,120,3,168,191,162,146];True
1601;7429;9030;[34,4,129,70,19,87,121,178,127,132,130,84,77,112,93,147,66,157,103,105,74,188,144,184,142,117,167,61,182,65,41,49,78,128,42,57,197,8,16,126,35,160,91,1,33,124,180,196,36,46,140,92,82,23,189,81,0,45,22,26,176,193,109,20,170,166,38,139,63,118,48,194,31,198,174,9,143,67,32,72,163,25,51,50,190,10,165,113,156,71,44,138,37,94,173,18,131,119,11,59,80,100,30,134,148,195,97,58,158,43,7,122,181,68,123,6,149,60,54,151,110,187,39,107,55,14,13,172,12,89,75,125,15,135,53,183,69,159,164,90,28,155,73,99,106,136,115,152,2,161,102,86,133,76,101,52,104,17,145,56,21,108,192,40,169,85,29,154,116,177,27,185,111,96,171,141,98,114,64,79,179,47,88,5,186,199,83,153,150,24,95,137,175,62,120,3,168,191,162,146];True
1626;7404;9030;[34,4,129,70,19,87,121,178,127,132,130,84,77,112,93,147,66,157,103,105,74,188,144,9,142,117,167,61,182,65,41,49,78,128,42,57,197,8,16,126,143,160,91,1,33,124,180,196,36,46,140,92,82,23,189,81,0,45,22,26,176,193,109,20,170,166,38,139,63,118,48,194,31,198,174,184,35,67,32,72,163,25,51,50,190,10,165,113,156,71,44,138,37,94,173,18,131,119,11,59,80,100,30,134,148,195,97,58,158,43,7,122,181,68,123,6,149,60,54,151,110,187,39,107,55,14,13,172,12,89,75,125,15,135,53,183,69,159,164,90,28,155,73,99,106,136,115,152,2,161,102,86,133,76,101,52,104,17,145,56,21,108,192,40,169,85,29,154,116,177,27,185,111,96,171,141,98,114,64,79,179,47,88,5,186,199,83,153,150,24,95,137,175,62,120,3,168,191,162,146];True
1708;7323;9031;[34,4,129,70,19,87,121,178,127,132,130,84,77,112,93,147,66,157,103,105,74,188,144,9,142,117,167,61,45,138,41,49,78,128,42,57,197,168,145,126,143,160,91,1,33,124,180,196,36,46,140,92,82,23,189,81,0,85,22,26,176,193,109,20,170,166,38,139,63,118,48,194,182,198,174,184,35,67,32,72,163,25,51,50,190,10,165,113,156,71,44,65,37,94,173,18,131,119,11,59,80,100,30,134,148,195,97,58,158,43,7,101,181,68,123,6,137,60,54,151,110,187,39,107,55,14,13,172,12,89,75,125,15,135,53,183,69,159,164,90,28,155,73,99,106,136,115,152,2,161,102,86,133,76,122,116,17,8,16,56,21,108,192,40,104,31,29,154,52,179,27,185,111,96,171,141,98,114,64,79,177,47,88,5,186,199,83,153,150,24,95,149,175,62,120,3,169,191,162,146];True
1713;7320;9033;[34,4,129,70,19,87,121,178,127,132,130,84,77,112,93,147,66,157,103,105,74,188,144,9,142,117,167,61,45,138,41,49,78,128,42,57,197,168,145,126,143,160,91,1,33,124,180,196,36,46,140,92,82,24,189,81,0,85,22,26,176,193,109,20,170,166,38,139,63,118,48,194,182,198,174,184,35,67,32,72,163,25,51,50,190,10,165,113,156,71,44,65,37,94,173,18,131,119,11,59,80,100,30,134,148,195,97,58,158,43,7,101,181,68,123,6,149,60,54,151,110,187,39,107,55,14,13,172,12,89,75,125,15,135,53,183,69,159,164,90,28,155,73,99,106,136,115,152,2,161,102,86,133,76,122,116,17,8,16,56,21,108,192,40,104,31,29,154,52,179,27,185,111,96,171,141,98,114,64,79,177,47,88,5,186,199,83,153,150,23,95,137,175,62,120,3,169,191,162,146];True
1600;7435;9035;[34,4,129,70,19,87,121,178,127,132,130,84,77,112,93,147,66,157,103,105,74,188,144,184,142,117,167,61,182,65,41,49,78,128,42,57,197,8,16,126,35,160,91,1,33,124,180,196,36,46,140,92,82,23,189,81,0,45,22,26,176,193,109,20,170,166,38,139,63,118,48,194,31,198,174,9,143,67,32,72,163,25,51,50,190,10,165,113,156,71,44,138,37,94,173,18,131,119,11,59,80,100,30,134,148,195,97,58,158,43,7,150,181,68,123,6,149,60,54,151,110,187,39,107,55,14,13,172,12,89,75,125,15,135,53,183,69,159,164,90,28,155,73,99,106,136,115,152,2,161,102,86,133,76,122,116,104,17,145,56,21,108,192,40,169,85,29,154,52,179,27,185,111,96,171,141,98,114,64,79,177,47,88,5,186,199,83,153,101,24,95,137,175,62,120,3,168,191,162,146];True
1613;7423;9036;[34,4,129,70,19,87,121,178,127,132,130,84,77,112,93,147,66,157,103,105,74,188,144,9,142,117,167,61,182,65,41,49,78,128,42,57,197,8,16,126,143,160,91,1,33,124,180,196,36,46,140,92,82,23,189,7,0,45,22,26,176,193,109,20,170,166,38,139,63,118,48,194,31,198,174,184,35,67,32,72,163,25,51,50,190,10,165,113,156,71,44,138,37,94,173,18,131,119,11,59,80,100,30,134,148,195,97,58,158,43,81,122,181,68,123,6,149,60,54,151,110,187,39,107,55,14,13,172,12,89,75,125,15,135,53,183,69,159,164,90,28,155,73,99,106,136,115,152,2,161,102,86,133,76,101,52,104,17,145,56,21,108,192,40,169,85,29,154,116,177,27,185,111,96,171,141,98,114,64,79,179,47,88,5,186,199,83,153,150,24,95,137,175,62,120,3,168,191,162,146];True
1615;7421;9036;[34,4,129,70,19,87,121,178,127,132,130,84,77,112,93,147,66,157,103,105,74,188,144,9,142,117,167,61,182,65,41,49,78,128,42,57,197,8,16,126,35,160,91,1,33,124,180,196,36,46,140,92,82,23,189,81,0,45,22,26,176,193,109,20,170,166,38,139,63,118,48,194,31,198,174,184,143,67,32,72,163,25,51,50,190,10,165,113,156,71,44,138,37,94,173,18,131,119,11,59,80,100,30,134,148,195,97,58,158,43,7,122,181,68,123,6,149,60,54,151,110,187,39,107,55,14,13,172,12,89,75,125,15,135,53,183,69,159,164,90,28,155,73,99,106,136,115,152,2,161,102,86,133,76,101,52,104,17,145,56,21,108,192,40,169,85,29,154,116,177,27,185,111,96,171,141,98,114,64,79,179,47,88,5,186,199,83,153,150,24,95,137,175,62,120,3,168,191,162,146];True
1588;7448;9036;[34,4,129,70,19,87,121,178,127,132,130,84,77,112,93,147,66,157,103,105,74,188,144,184,142,117,167,61,182,65,41,49,78,128,42,57,197,8,16,126,35,160,91,1,33,124,180,196,36,46,140,92,82,23,189,7,0,45,22,26,176,193,109,20,170,166,38,139,63,118,48,194,31,198,174,9,143,67,32,72,163,25,51,50,190,10,165,113,156,71,44,138,37,94,173,18,131,119,11,59,80,100,30,134,148,195,97,58,158,43,81,122,181,68,123,6,149,60,54,151,110,187,39,107,55,14,13,172,12,89,75,125,15,135,53,183,69,159,164,90,28,155,73,99,106,136,115,152,2,161,102,86,133,76,101,52,104,17,145,56,21,108,192,40,169,85,29,154,116,177,27,185,111,96,171,141,98,114,64,79,179,47,88,5,186,199,83,153,150,24,95,137,175,62,120,3,168,191,162,146];True
1595;7442;9037;[34,4,129,70,19,87,121,178,127,132,130,84,77,112,93,147,66,157,103,105,74,188,144,184,142,117,167,22,182,65,41,49,78,128,42,57,197,8,16,126,35,160,91,1,33,124,180,196,36,46,140,92,82,23,189,81,0,101,61,26,176,193,109,20,170,166,38,139,63,118,48,194,31,198,174,9,143,67,32,72,163,25,51,50,190,10,165,113,156,71,44,138,37,94,173,18,131,119,11,59,80,100,30,134,148,195,97,58,158,43,7,45,181,68,123,6,149,60,54,151,110,187,39,107,55,14,13,172,12,89,75,125,15,135,53,183,69,159,164,90,28,155,73,99,106,136,115,152,2,161,102,86,133,76,122,116,104,17,145,56,21,108,192,40,169,85,29,154,52,179,27,185,111,96,171,141,98,114,64,79,177,47,88,5,186,199,83,153,150,24,95,137,175,62,120,3,168,191,162,146];True
1578;7461;9039;[34,4,129,70,19,87,121,178,127,132,130,84,77,112,93,147,66,157,103,105,74,188,144,184,142,117,167,61,182,65,41,49,78,128,42,57,197,8,16,126,35,160,91,1,33,124,180,196,36,46,140,92,82,23,189,81,0,45,22,26,176,193,109,20,170,166,38,139,63,118,48,194,31,198,174,9,143,67,32,72,163,25,51,50,190,10,165,113,156,71,44,138,37,94,173,18,131,119,11,59,80,100,30,134,148,195,97,58,158,43,7,122,181,68,123,6,149,60,54,151,133,187,39,107,55,14,13,172,12,89,75,125,15,135,53,183,69,159,164,90,28,155,73,99,106,136,115,152,2,161,102,86,110,88,101,52,104,17,145,56,21,108,192,40,169,85,29,154,116,177,27,185,111,96,171,141,98,114,64,79,179,47,76,5,186,199,83,153,150,24,95,137,175,62,120,3,168,191,162,146];True
1746;7295;9041;[34,67,129,70,19,87,121,178,127,132,130,84,77,112,93,147,66,157,103,105,74,188,144,9,142,117,167,61,45,138,41,49,78,128,42,57,197,168,145,126,143,160,91,1,33,124,180,196,36,46,140,92,82,23,189,81,0,85,22,26,176,193,109,20,170,166,38,139,63,118,48,194,31,198,174,184,35,125,32,72,163,25,51,50,190,10,165,113,156,71,44,65,37,94,173,18,131,119,11,59,80,100,30,134,148,195,97,58,158,43,7,101,181,68,123,6,149,60,54,151,110,187,39,107,55,14,13,172,12,89,75,182,15,135,53,183,69,159,164,90,28,155,73,99,106,136,115,152,2,161,102,86,133,76,122,116,17,8,16,56,21,108,192,40,104,4,29,154,52,179,27,185,111,96,171,141,98,114,64,79,177,47,88,5,186,199,83,153,150,24,95,137,175,62,120,3,169,191,162,146];True
1723;7318;9041;[34,4,129,70,19,87,121,178,127,132,130,84,77,112,93,147,66,157,103,105,74,188,144,9,142,117,167,61,45,138,41,49,78,128,42,57,197,168,145,126,143,160,91,1,33,124,180,196,36,46,140,92,82,23,189,81,0,85,22,26,176,193,109,20,67,166,38,139,63,118,48,194,182,198,174,184,35,170,32,72,163,25,51,50,190,10,165,113,156,71,44,65,37,94,173,18,131,119,11,59,80,100,30,134,148,195,97,58,158,43,7,101,181,68,123,6,149,60,54,151,110,187,39,107,55,14,13,172,12,89,75,125,15,135,53,183,69,159,164,90,28,155,73,99,106,136,115,152,2,161,102,86,133,76,122,116,17,8,16,56,21,108,192,40,104,31,29,154,52,179,27,185,111,96,171,141,98,114,64,79,177,47,88,5,186,199,83,153,150,24,95,137,175,62,120,3,169,191,162,146];True
1741;7300;9041;[34,67,129,70,19,87,121,178,127,132,130,84,77,112,93,147,66,157,103,105,74,188,144,9,142,117,167,61,45,65,41,49,78,128,42,57,197,168,145,126,143,160,91,1,33,124,180,196,36,46,140,92,82,23,189,81,0,85,22,26,176,193,109,20,170,166,38,139,63,118,48,194,31,198,174,184,35,125,32,72,163,25,51,50,190,10,165,113,156,71,44,138,37,94,173,18,131,119,11,59,80,100,30,134,148,195,97,58,158,43,7,101,181,68,123,6,149,60,54,151,110,187,39,107,55,14,13,172,12,89,75,182,15,135,53,183,69,159,164,90,28,155,73,99,106,136,115,152,2,161,102,86,133,76,122,116,17,8,16,56,21,108,192,40,104,4,29,154,52,179,27,185,111,96,171,141,98,114,64,79,177,47,88,5,186,199,83,153,150,24,95,137,175,62,120,3,169,191,162,146];True
1728;7315;9043;[34,4,129,70,19,87,121,178,111,132,130,84,77,112,93,147,66,157,103,105,74,188,144,9,142,117,167,61,45,138,41,49,78,128,42,57,197,168,145,126,143,160,91,1,33,124,180,196,36,46,140,92,82,24,189,81,0,85,22,26,176,193,109,20,170,166,38,139,63,118,48,194,182,198,174,184,35,67,32,72,163,25,51,50,190,10,165,113,156,71,44,65,37,94,173,18,131,119,11,59,80,100,30,134,148,195,97,58,158,43,7,101,181,68,123,6,149,60,54,151,110,187,39,107,55,14,13,172,12,89,75,125,15,135,53,183,69,159,164,90,28,155,73,99,106,136,115,152,2,161,102,86,133,76,122,116,17,8,16,56,21,108,192,40,104,31,29,154,52,179,27,185,127,96,171,141,98,114,64,79,177,47,88,5,186,199,83,153,150,23,95,137,175,62,120,3,169,191,162,146];True
1565;7480;9045;[34,4,129,70,19,87,121,178,127,132,130,84,77,112,93,147,66,157,103,105,74,188,144,184,142,117,167,61,182,65,41,49,78,128,42,57,197,8,16,126,35,160,91,1,33,124,180,196,36,46,140,92,82,23,189,7,0,45,22,26,176,193,109,20,170,166,38,139,63,118,48,194,31,198,174,9,143,67,32,72,163,25,51,50,190,10,165,113,156,71,44,138,37,94,173,18,131,119,11,59,80,100,30,134,148,195,97,58,158,43,81,122,181,68,123,6,149,60,54,151,133,187,39,107,55,14,13,172,12,89,75,125,15,135,53,183,69,159,164,90,28,155,73,99,106,136,115,152,2,161,102,86,110,88,101,52,104,17,145,56,21,108,192,40,169,85,29,154,116,177,27,185,111,96,171,141,98,114,64,79,179,47,76,5,186,199,83,153,150,24,95,137,175,62,120,3,168,191,162,146];True
1736;7311;9047;[34,4,129,70,19,87,121,178,127,132,130,84,77,112,93,147,66,157,103,105,74,188,144,9,142,117,167,61,45,138,41,49,78,128,42,57,197,168,145,126,143,160,91,1,33,124,180,196,36,46,140,92,82,24,189,81,0,85,22,26,176,193,109,20,170,166,38,139,63,118,48,194,182,198,174,184,35,67,32,72,163,25,51,50,190,10,165,113,156,71,44,65,37,94,173,18,131,119,11,59,80,100,30,134,148,195,97,58,158,43,7,101,181,68,123,6,137,60,54,151,110,187,39,107,55,14,13,172,12,89,75,125,15,135,53,183,69,159,164,90,28,155,73,99,106,136,115,152,2,161,102,86,133,76,122,116,17,8,16,56,21,108,192,40,104,31,29,154,52,179,27,185,111,96,171,141,98,114,64,79,177,47,88,5,186,199,83,153,150,23,95,149,175,62,120,3,169,191,162,146];True
1576;7471;9047;[34,4,129,70,19,87,121,178,86,132,130,84,77,112,93,147,66,157,103,105,74,188,144,184,142,117,167,81,182,65,41,49,78,128,42,57,197,8,16,126,35,160,91,1,33,124,180,196,36,46,140,92,82,23,189,127,0,101,61,26,176,193,109,20,170,166,38,139,63,118,48,194,31,198,174,9,143,67,32,72,163,25,51,50,190,10,165,113,156,71,44,138,37,94,173,18,131,119,11,59,80,100,30,134,148,195,97,58,158,43,7,45,181,68,123,6,149,60,54,151,110,187,39,107,55,14,13,172,12,89,75,125,15,135,53,183,69,159,164,90,28,155,73,99,106,136,115,152,2,161,102,22,133,76,122,116,104,17,145,56,21,108,192,40,169,85,29,154,52,179,27,185,111,96,171,141,98,114,64,79,177,47,88,5,186,199,83,153,150,24,95,137,175,62,120,3,168,191,162,146];True
1759;7290;9049;[34,67,129,70,19,87,121,178,127,132,130,84,77,112,93,147,66,157,103,105,74,188,144,9,142,117,167,61,45,138,41,49,78,128,42,57,197,8,16,126,143,160,91,1,33,124,180,196,36,46,140,92,82,24,189,81,0,85,22,26,176,193,109,20,170,166,38,139,63,118,48,194,31,198,174,184,35,125,32,72,163,25,51,50,190,10,165,113,156,71,44,65,37,94,173,18,131,119,11,59,80,100,30,134,148,195,97,58,158,43,7,101,181,68,123,168,149,60,54,151,110,187,39,107,55,14,13,172,12,89,75,182,15,135,53,183,69,159,164,90,28,155,73,99,106,136,115,152,2,161,102,86,133,76,122,116,17,23,145,56,21,108,192,40,104,4,29,154,52,179,27,185,111,96,171,141,98,114,64,79,177,47,88,5,186,199,83,153,150,6,95,137,175,62,120,3,169,191,162,146];True
1575;7478;9053;[34,4,129,70,19,87,121,178,127,132,130,84,77,112,93,147,66,157,103,105,74,188,144,184,142,117,167,61,182,65,41,49,78,128,42,57,197,8,16,126,35,160,91,1,33,124,180,196,36,46,140,92,82,23,189,7,0,45,22,26,176,193,109,20,170,166,38,139,63,118,48,194,31,198,174,9,143,67,32,72,163,25,51,50,190,10,165,113,156,71,44,138,37,94,173,18,131,119,11,59,80,100,30,134,148,195,97,58,158,43,81,122,181,68,123,6,149,60,101,151,133,187,39,107,55,14,13,172,12,89,75,125,15,135,53,183,69,159,164,90,28,155,73,99,106,136,115,152,2,161,102,86,110,88,54,52,104,17,145,56,21,108,192,40,169,85,29,154,116,177,27,185,111,96,171,141,98,114,64,79,179,47,76,5,186,199,83,153,150,24,95,137,175,62,120,3,168,191,162,146];True
1769;7286;9055;[34,67,129,70,19,87,121,178,127,132,130,84,77,112,93,147,66,157,103,105,74,188,144,9,142,117,167,61,45,138,41,49,78,128,42,57,197,168,145,126,143,160,91,1,33,124,180,196,36,46,140,92,82,23,189,81,0,85,22,26,176,193,109,20,170,166,38,139,63,118,48,194,31,198,174,184,35,125,32,72,163,25,51,50,190,10,165,113,156,71,44,65,37,94,173,18,131,119,11,59,80,100,30,134,148,195,97,58,158,43,7,101,181,68,123,6,137,60,54,151,110,187,39,107,55,14,13,172,12,89,75,182,15,135,53,183,69,159,164,90,28,155,73,99,106,136,115,152,2,161,102,86,133,76,122,116,17,8,16,56,21,108,192,40,104,4,29,154,52,179,27,185,111,96,171,141,98,114,64,79,177,47,88,5,186,199,83,153,150,24,95,149,175,62,120,3,169,191,162,146];True
1774;7283;9057;[34,67,129,70,19,87,121,178,127,132,130,84,77,112,93,147,66,157,103,105,74,188,144,9,142,117,167,61,45,138,41,49,78,128,42,57,197,168,145,126,143,160,91,1,33,124,180,196,36,46,140,92,82,24,189,81,0,85,22,26,176,193,109,20,170,166,38,139,63,118,48,194,31,198,174,184,35,125,32,72,163,25,51,50,190,10,165,113,156,71,44,65,37,94,173,18,131,119,11,59,80,100,30,134,148,195,97,58,158,43,7,101,181,68,123,6,149,60,54,151,110,187,39,107,55,14,13,172,12,89,75,182,15,135,53,183,69,159,164,90,28,155,73,99,106,136,115,152,2,161,102,86,133,76,122,116,17,8,16,56,21,108,192,40,104,4,29,154,52,179,27,185,111,96,171,141,98,114,64,79,177,47,88,5,186,199,83,153,150,23,95,137,175,62,120,3,169,191,162,146];True
1782;7279;9061;[34,67,129,70,19,87,121,178,127,132,130,84,77,112,93,147,66,157,103,105,74,188,144,184,142,117,167,61,45,138,41,49,78,128,42,57,197,168,145,126,143,160,91,1,33,124,180,196,36,46,140,92,82,23,189,81,0,85,22,26,176,193,20,35,170,166,38,139,63,118,48,194,31,198,174,9,109,125,32,72,163,25,51,50,190,10,165,113,156,71,44,65,37,94,173,18,131,119,11,59,80,100,30,134,148,195,97,58,158,43,7,101,181,68,123,6,149,60,54,151,110,187,39,107,55,14,13,172,12,89,75,182,15,135,53,183,69,159,164,90,28,155,73,99,106,136,115,152,2,161,102,86,133,76,122,116,17,8,16,56,21,108,192,40,104,4,29,154,52,179,27,185,111,96,171,141,98,114,64,79,177,47,88,5,186,199,83,153,150,24,95,137,175,62,120,3,169,191,162,146];True
1564;7501;9065;[34,4,129,70,19,87,121,178,127,132,130,84,77,112,93,147,66,157,103,105,74,188,144,184,142,117,167,61,182,65,41,49,78,128,42,57,197,8,16,126,35,160,91,1,33,124,180,196,36,46,140,92,82,23,189,81,0,45,22,26,176,193,109,20,170,166,38,139,63,118,48,194,31,198,15,9,143,67,32,72,163,25,51,50,190,10,165,113,156,71,44,138,37,94,173,18,131,119,11,59,80,100,30,134,148,195,97,58,158,43,7,122,181,68,123,6,149,60,54,151,133,187,39,107,55,14,13,172,12,89,75,125,174,135,53,183,69,159,164,90,28,155,73,99,106,136,115,152,2,161,102,86,110,88,101,52,104,17,145,56,21,108,192,40,169,85,29,154,116,177,27,185,111,96,171,141,98,114,64,79,179,47,76,5,186,199,83,153,150,24,95,137,175,62,120,3,168,191,162,146];True
1559;7506;9065;[34,4,129,70,19,87,121,178,127,132,130,84,77,112,93,147,66,157,103,105,74,188,144,184,142,117,167,61,182,65,41,49,78,128,42,57,197,8,16,126,35,160,91,1,33,124,180,196,36,46,140,92,82,23,189,81,0,45,22,26,176,193,109,20,170,166,38,139,63,118,48,194,31,198,174,9,143,67,32,72,163,25,51,50,190,10,165,113,156,71,44,138,37,94,173,18,131,119,11,59,80,100,30,134,148,195,97,58,158,43,7,122,181,68,123,6,149,60,54,151,133,187,39,107,55,14,13,172,12,89,75,125,15,108,53,183,69,159,164,90,28,155,73,99,106,136,115,152,2,161,102,86,110,88,101,52,104,17,145,56,21,135,192,40,169,85,29,154,116,177,27,185,111,96,171,141,98,114,64,79,179,47,76,5,186,199,83,153,150,24,95,137,175,62,120,3,168,191,162,146];True
1789;7278;9067;[34,67,129,70,19,87,121,178,111,132,130,84,77,112,93,147,66,157,103,105,74,188,144,9,142,117,167,61,45,138,41,49,78,128,42,57,197,168,145,126,143,160,91,1,33,124,180,196,36,46,140,92,82,24,189,81,0,85,22,26,176,193,109,20,170,166,38,139,63,118,48,194,31,198,174,184,35,125,32,72,163,25,51,50,190,10,165,113,156,71,44,65,37,94,173,18,131,119,11,59,80,100,30,134,148,195,97,58,158,43,7,101,181,68,123,6,149,60,54,151,110,187,39,107,55,14,13,172,12,89,75,182,15,135,53,183,69,159,164,90,28,155,73,99,106,136,115,152,2,161,102,86,133,76,122,116,17,8,16,56,21,108,192,40,104,4,29,154,52,179,27,185,127,96,171,141,98,114,64,79,177,47,88,5,186,199,83,153,150,23,95,137,175,62,120,3,169,191,162,146];True
1558;7512;9070;[34,4,129,70,19,87,121,178,127,132,130,84,77,112,93,147,66,157,103,105,74,188,144,184,142,117,167,61,182,65,41,49,78,128,42,57,197,8,16,126,35,160,91,1,33,124,180,196,36,46,140,92,82,23,97,7,0,45,22,26,176,193,109,20,170,166,38,139,63,118,48,194,31,198,174,9,143,67,32,72,163,25,51,50,190,10,165,113,156,71,44,138,37,94,173,18,131,119,11,59,80,100,30,134,148,195,189,58,158,43,81,122,181,68,123,6,149,60,54,151,133,187,39,107,55,14,13,172,12,89,75,125,15,135,53,183,69,159,164,90,28,155,73,99,106,136,115,152,2,161,102,86,110,88,101,52,104,17,145,56,21,108,192,40,169,85,29,154,116,177,27,185,111,96,171,141,98,114,64,79,179,47,76,5,186,199,83,153,150,24,95,137,175,62,120,3,168,191,162,146];True
1554;7516;9070;[34,195,129,70,19,87,121,178,127,132,130,84,77,112,93,147,66,157,103,105,74,188,144,184,142,117,167,61,182,65,41,49,78,128,42,57,197,8,16,126,35,160,91,1,33,124,180,196,36,46,140,92,82,23,189,81,0,45,22,26,176,193,109,20,170,166,38,139,63,118,48,194,31,198,174,9,143,67,32,72,163,25,51,50,190,10,165,113,156,71,44,138,37,94,173,18,131,119,11,59,80,100,30,134,148,4,97,58,158,43,7,122,181,68,123,6,149,60,54,151,133,187,39,107,55,14,13,172,12,89,75,125,15,135,53,183,69,159,164,90,28,155,73,99,106,136,115,152,2,161,102,86,110,88,101,52,104,17,145,56,21,108,192,40,169,85,29,154,116,177,27,185,111,96,171,141,98,114,64,79,179,47,76,5,186,199,83,153,150,24,95,137,175,62,120,3,168,191,162,146];True
1551;7520;9071;[34,4,129,70,19,87,121,178,127,132,130,84,77,112,93,147,66,157,103,105,74,188,144,184,142,117,167,61,182,65,41,49,78,128,42,57,197,8,16,126,35,160,91,1,33,124,180,196,36,46,140,92,82,23,189,7,0,45,22,26,176,193,109,20,170,166,38,139,63,118,48,194,31,198,15,9,143,67,32,72,163,25,51,50,190,10,165,113,156,71,44,138,37,94,173,18,131,119,11,59,80,100,30,134,148,195,97,58,158,43,81,122,181,68,123,6,149,60,54,151,133,187,39,107,55,14,13,172,12,89,75,125,174,135,53,183,69,159,164,90,28,155,73,99,106,136,115,152,2,161,102,86,110,88,101,52,104,17,145,56,21,108,192,40,169,85,29,154,116,177,27,185,111,96,171,141,98,114,64,79,179,47,76,5,186,199,83,153,150,24,95,137,175,62,120,3,168,191,162,146];True
1797;7274;9071;[34,67,129,70,19,87,121,178,127,132,130,84,77,112,93,147,66,157,103,105,74,188,144,9,142,117,167,61,45,138,41,49,78,128,42,57,197,168,145,126,143,160,91,1,33,124,180,196,36,46,140,92,82,24,189,81,0,85,22,26,176,193,109,20,170,166,38,139,63,118,48,194,31,198,174,184,35,125,32,72,163,25,51,50,190,10,165,113,156,71,44,65,37,94,173,18,131,119,11,59,80,100,30,134,148,195,97,58,158,43,7,101,181,68,123,6,137,60,54,151,110,187,39,107,55,14,13,172,12,89,75,182,15,135,53,183,69,159,164,90,28,155,73,99,106,136,115,152,2,161,102,86,133,76,122,116,17,8,16,56,21,108,192,40,104,4,29,154,52,179,27,185,111,96,171,141,98,114,64,79,177,47,88,5,186,199,83,153,150,23,95,149,175,62,120,3,169,191,162,146];True
1546;7525;9071;[34,4,129,70,19,87,121,178,127,132,130,84,77,112,93,147,66,157,103,105,74,188,144,184,142,117,167,61,182,65,41,49,78,128,42,57,197,8,16,126,35,160,91,1,33,124,180,196,36,46,140,92,82,23,189,7,0,45,22,26,176,193,109,20,170,166,38,139,63,118,48,194,31,198,174,9,143,67,32,72,163,25,51,50,190,10,165,113,156,71,44,138,37,94,173,18,131,119,11,59,80,100,30,134,148,195,97,58,158,43,81,122,181,68,123,6,149,60,54,151,133,187,39,107,55,14,13,172,12,89,75,125,15,108,53,183,69,159,164,90,28,155,73,99,106,136,115,152,2,161,102,86,110,88,101,52,104,17,145,56,21,135,192,40,169,85,29,154,116,177,27,185,111,96,171,141,98,114,64,79,179,47,76,5,186,199,83,153,150,24,95,137,175,62,120,3,168,191,162,146];True
1805;7270;9075;[34,67,129,70,19,87,121,178,127,132,130,84,77,112,93,147,66,157,103,105,74,188,144,184,142,117,167,61,45,138,41,49,78,128,42,57,197,168,145,126,143,160,91,1,33,124,180,196,36,46,140,92,82,23,189,81,0,85,22,26,176,193,20,35,170,166,38,139,63,118,48,194,31,198,174,9,109,125,32,72,163,25,51,50,190,10,165,113,156,71,44,65,37,94,173,18,131,119,11,59,80,100,30,134,148,195,97,58,158,43,7,101,181,68,123,6,137,60,54,151,110,187,39,107,55,14,13,172,12,89,75,182,15,135,53,183,69,159,164,90,28,155,73,99,106,136,115,152,2,161,102,86,133,76,122,116,17,8,16,56,21,108,192,40,104,4,29,154,52,179,27,185,111,96,171,141,98,114,64,79,177,47,88,5,186,199,83,153,150,24,95,149,175,62,120,3,169,191,162,146];True
1541;7535;9076;[34,195,129,70,19,87,121,178,127,132,130,84,77,112,93,147,66,157,103,105,74,188,144,184,142,117,167,61,182,65,41,49,78,128,42,57,197,8,16,126,35,160,91,1,33,124,180,196,36,46,140,92,82,23,189,7,0,45,22,26,176,193,109,20,170,166,38,139,63,118,48,194,31,198,174,9,143,67,32,72,163,25,51,50,190,10,165,113,156,71,44,138,37,94,173,18,131,119,11,59,80,100,30,134,148,4,97,58,158,43,81,122,181,68,123,6,149,60,54,151,133,187,39,107,55,14,13,172,12,89,75,125,15,135,53,183,69,159,164,90,28,155,73,99,106,136,115,152,2,161,102,86,110,88,101,52,104,17,145,56,21,108,192,40,169,85,29,154,116,177,27,185,111,96,171,141,98,114,64,79,179,47,76,5,186,199,83,153,150,24,95,137,175,62,120,3,168,191,162,146];True
1810;7267;9077;[34,67,129,70,19,87,121,178,127,132,130,84,77,112,93,147,66,157,103,105,74,188,144,184,142,117,167,61,45,138,41,49,78,128,42,57,197,168,145,126,143,160,91,1,33,124,180,196,36,46,140,92,82,24,189,81,0,85,22,26,176,193,20,35,170,166,38,139,63,118,48,194,31,198,174,9,109,125,32,72,163,25,51,50,190,10,165,113,156,71,44,65,37,94,173,18,131,119,11,59,80,100,30,134,148,195,97,58,158,43,7,101,181,68,123,6,149,60,54,151,110,187,39,107,55,14,13,172,12,89,75,182,15,135,53,183,69,159,164,90,28,155,73,99,106,136,115,152,2,161,102,86,133,76,122,116,17,8,16,56,21,108,192,40,104,4,29,154,52,179,27,185,111,96,171,141,98,114,64,79,177,47,88,5,186,199,83,153,150,23,95,137,175,62,120,3,169,191,162,146];True
1516;7563;9079;[61,195,129,70,19,87,121,178,83,132,130,84,77,112,93,147,66,157,103,105,74,188,144,184,142,117,167,189,182,65,41,49,78,128,42,57,197,8,16,126,35,160,91,1,33,124,180,196,36,46,140,92,82,23,127,7,0,45,22,26,176,193,109,20,170,166,38,139,63,118,48,194,31,198,174,9,143,67,32,72,163,25,51,50,190,10,165,113,156,71,44,138,37,94,173,18,131,119,11,59,80,100,30,134,148,4,97,58,158,43,34,122,181,68,123,6,149,60,54,151,110,187,39,107,55,14,13,172,12,89,75,125,15,135,53,183,69,159,164,90,28,155,73,99,106,136,115,152,2,161,102,86,133,76,101,52,104,17,145,56,21,108,192,40,169,85,29,154,116,177,27,185,111,96,171,141,98,114,64,79,179,47,88,5,186,199,81,153,150,24,95,137,175,62,120,3,168,191,162,146];True
1819;7263;9082;[34,67,129,70,19,87,121,178,127,132,130,84,77,112,93,147,66,157,103,105,74,188,144,9,142,117,167,61,45,138,41,49,78,128,42,57,197,168,145,126,143,160,91,1,33,124,180,196,36,46,140,92,82,23,189,81,0,85,22,26,176,193,20,35,170,166,38,139,63,118,48,194,31,198,174,184,109,125,32,72,163,25,51,50,190,10,165,113,156,71,44,65,37,94,173,18,131,119,11,59,80,100,30,134,148,195,97,58,158,43,7,101,181,68,123,6,149,60,54,151,110,187,39,107,55,14,13,172,12,89,75,182,15,135,53,183,69,159,164,90,28,155,73,99,106,136,115,152,2,161,102,86,133,76,122,116,17,8,16,56,21,108,192,40,104,4,29,154,52,179,27,185,111,96,171,141,98,114,64,79,177,47,88,5,186,199,83,153,150,24,95,137,175,62,120,3,169,191,162,146];True
1530;7555;9085;[61,195,129,70,19,87,121,178,83,132,130,84,77,112,93,147,66,157,103,105,74,188,144,9,142,117,167,189,182,65,41,49,78,128,42,57,197,8,16,126,35,160,91,1,33,124,180,196,36,46,140,92,82,23,127,7,0,45,22,26,176,193,109,20,170,166,38,139,63,118,48,194,31,198,174,184,143,67,32,72,163,25,51,50,190,10,165,113,156,71,44,138,37,94,173,18,131,119,11,59,80,100,30,134,148,4,97,58,158,43,34,122,181,68,123,6,149,60,54,151,110,187,39,107,55,14,13,172,12,89,75,125,15,135,53,183,69,159,164,90,28,155,73,99,106,136,115,152,2,161,102,86,133,76,101,52,104,17,145,56,21,108,192,40,169,85,29,154,116,177,27,185,111,96,171,141,98,114,64,79,179,47,88,5,186,199,81,153,150,24,95,137,175,62,120,3,168,191,162,146];True
1825;7262;9087;[34,67,129,70,19,87,121,178,111,132,130,84,77,112,93,147,66,157,103,105,74,188,144,184,142,117,167,61,45,138,41,49,78,128,42,57,197,168,145,126,143,160,91,1,33,124,180,196,36,46,140,92,82,24,189,81,0,85,22,26,176,193,20,35,170,166,38,139,63,118,48,194,31,198,174,9,109,125,32,72,163,25,51,50,190,10,165,113,156,71,44,65,37,94,173,18,131,119,11,59,80,100,30,134,148,195,97,58,158,43,7,101,181,68,123,6,149,60,54,151,110,187,39,107,55,14,13,172,12,89,75,182,15,135,53,183,69,159,164,90,28,155,73,99,106,136,115,152,2,161,102,86,133,76,122,116,17,8,16,56,21,108,192,40,104,4,29,154,52,179,27,185,127,96,171,141,98,114,64,79,177,47,88,5,186,199,83,153,150,23,95,137,175,62,120,3,169,191,162,146];True
1493;7595;9088;[61,195,129,70,19,87,121,178,83,132,130,84,77,112,93,147,66,157,103,105,74,188,144,184,142,117,167,189,182,65,41,49,78,128,42,57,197,8,16,126,35,160,91,1,33,124,180,196,36,46,140,92,82,23,127,7,0,45,22,26,176,193,109,20,170,166,38,139,63,118,48,194,31,198,174,9,143,67,32,72,163,25,51,50,190,10,165,113,156,71,44,138,37,94,173,18,131,119,11,59,80,100,30,134,148,4,97,58,158,43,34,122,181,68,123,6,149,60,54,151,133,187,39,107,55,14,13,172,12,89,75,125,15,135,53,183,69,159,164,90,28,155,73,99,106,136,115,152,2,161,102,86,110,88,101,52,104,17,145,56,21,108,192,40,169,85,29,154,116,177,27,185,111,96,171,141,98,114,64,79,179,47,76,5,186,199,81,153,150,24,95,137,175,62,120,3,168,191,162,146];True
1833;7258;9091;[34,67,129,70,19,87,121,178,127,132,130,84,77,112,93,147,66,157,103,105,74,188,144,184,142,117,167,61,45,138,41,49,78,128,42,57,197,168,145,126,143,160,91,1,33,124,180,196,36,46,140,92,82,24,189,81,0,85,22,26,176,193,20,35,170,166,38,139,63,118,48,194,31,198,174,9,109,125,32,72,163,25,51,50,190,10,165,113,156,71,44,65,37,94,173,18,131,119,11,59,80,100,30,134,148,195,97,58,158,43,7,101,181,68,123,6,137,60,54,151,110,187,39,107,55,14,13,172,12,89,75,182,15,135,53,183,69,159,164,90,28,155,73,99,106,136,115,152,2,161,102,86,133,76,122,116,17,8,16,56,21,108,192,40,104,4,29,154,52,179,27,185,111,96,171,141,98,114,64,79,177,47,88,5,186,199,83,153,150,23,95,149,175,62,120,3,169,191,162,146];True
1514;7578;9092;[61,195,129,70,19,87,121,178,83,132,130,84,77,112,93,147,66,157,103,105,74,188,144,184,142,117,167,189,182,65,41,49,78,128,42,57,197,8,16,126,35,160,91,1,33,124,180,196,36,46,140,92,82,23,127,7,0,45,22,26,176,193,109,20,170,166,38,139,63,118,48,194,31,198,174,9,143,67,32,72,163,25,51,50,190,10,165,113,156,71,44,138,37,94,173,18,131,119,11,59,80,100,30,134,148,4,97,58,158,43,34,122,181,68,123,6,149,60,54,151,110,187,39,107,55,14,13,172,12,89,75,125,15,135,53,183,69,159,164,90,28,155,73,99,106,136,115,152,2,161,102,86,133,88,101,52,104,17,145,56,21,108,192,40,169,85,29,154,116,177,27,185,111,96,171,141,98,114,64,79,179,47,76,5,186,199,81,153,150,24,95,137,175,62,120,3,168,191,162,146];True
1539;7554;9093;[61,195,129,70,19,87,121,178,83,132,130,84,77,112,93,147,66,157,103,105,74,188,144,184,142,117,167,189,182,65,41,49,78,128,42,57,197,8,16,126,35,160,91,1,33,124,180,196,36,46,140,92,82,23,127,7,0,45,22,26,176,193,109,20,170,166,38,139,63,118,48,194,31,198,174,9,143,67,32,72,163,25,51,50,190,10,165,113,156,71,44,138,37,94,173,18,131,119,11,59,80,100,30,134,148,4,97,58,158,43,34,122,181,68,123,6,137,60,54,151,110,187,39,107,55,14,13,172,12,89,75,125,15,135,53,183,69,159,164,90,28,155,73,99,106,136,115,152,2,161,102,86,133,76,101,52,104,17,145,56,21,108,192,40,169,85,29,154,116,177,27,185,111,96,171,141,98,114,64,79,179,47,88,5,186,199,81,153,150,24,95,149,175,62,120,3,168,191,162,146];True
1507;7587;9094;[61,195,129,70,19,87,121,178,83,132,130,84,77,112,93,147,66,157,103,105,74,188,144,9,142,117,167,189,182,65,41,49,78,128,42,57,197,8,16,126,35,160,91,1,33,124,180,196,36,46,140,92,82,23,127,7,0,45,22,26,176,193,109,20,170,166,38,139,63,118,48,194,31,198,174,184,143,67,32,72,163,25,51,50,190,10,165,113,156,71,44,138,37,94,173,18,131,119,11,59,80,100,30,134,148,4,97,58,158,43,34,122,181,68,123,6,149,60,54,151,133,187,39,107,55,14,13,172,12,89,75,125,15,135,53,183,69,159,164,90,28,155,73,99,106,136,115,152,2,161,102,86,110,88,101,52,104,17,145,56,21,108,192,40,169,85,29,154,116,177,27,185,111,96,171,141,98,114,64,79,179,47,76,5,186,199,81,153,150,24,95,137,175,62,120,3,168,191,162,146];True
1503;7593;9096;[61,195,129,70,19,87,121,178,83,132,130,84,77,112,93,147,66,157,103,105,74,188,144,184,142,117,167,189,182,65,41,49,78,128,42,57,197,8,16,126,35,160,91,1,33,124,180,196,36,46,140,92,82,23,127,7,0,45,22,26,176,193,109,20,170,166,38,139,63,118,48,194,31,198,174,9,143,67,32,72,163,25,51,50,190,10,165,113,156,71,44,138,37,94,173,18,131,119,11,59,80,100,30,134,148,4,97,58,158,43,34,122,181,68,123,6,149,60,101,151,133,187,39,107,55,14,13,172,12,89,75,125,15,135,53,183,69,159,164,90,28,155,73,99,106,136,115,152,2,161,102,86,110,88,54,52,104,17,145,56,21,108,192,40,169,85,29,154,116,177,27,185,111,96,171,141,98,114,64,79,179,47,76,5,186,199,81,153,150,24,95,137,175,62,120,3,168,191,162,146];True
1842;7254;9096;[34,67,129,70,19,87,121,178,127,132,130,84,77,112,93,147,66,157,103,105,74,188,144,9,142,117,167,61,45,138,41,49,78,128,42,57,197,168,145,126,143,160,91,1,33,124,180,196,36,46,140,92,82,23,189,81,0,85,22,26,176,193,20,35,170,166,38,139,63,118,48,194,31,198,174,184,109,125,32,72,163,25,51,50,190,10,165,113,156,71,44,65,37,94,173,18,131,119,11,59,80,100,30,134,148,195,97,58,158,43,7,101,181,68,123,6,137,60,54,151,110,187,39,107,55,14,13,172,12,89,75,182,15,135,53,183,69,159,164,90,28,155,73,99,106,136,115,152,2,161,102,86,133,76,122,116,17,8,16,56,21,108,192,40,104,4,29,154,52,179,27,185,111,96,171,141,98,114,64,79,177,47,88,5,186,199,83,153,150,24,95,149,175,62,120,3,169,191,162,146];True
1847;7251;9098;[34,67,129,70,19,87,121,178,127,132,130,84,77,112,93,147,66,157,103,105,74,188,144,9,142,117,167,61,45,138,41,49,78,128,42,57,197,168,145,126,143,160,91,1,33,124,180,196,36,46,140,92,82,24,189,81,0,85,22,26,176,193,20,35,170,166,38,139,63,118,48,194,31,198,174,184,109,125,32,72,163,25,51,50,190,10,165,113,156,71,44,65,37,94,173,18,131,119,11,59,80,100,30,134,148,195,97,58,158,43,7,101,181,68,123,6,149,60,54,151,110,187,39,107,55,14,13,172,12,89,75,182,15,135,53,183,69,159,164,90,28,155,73,99,106,136,115,152,2,161,102,86,133,76,122,116,17,8,16,56,21,108,192,40,104,4,29,154,52,179,27,185,111,96,171,141,98,114,64,79,177,47,88,5,186,199,83,153,150,23,95,137,175,62,120,3,169,191,162,146];True
1841;7257;9098;[34,67,129,70,19,87,121,178,111,132,130,84,77,112,93,147,66,157,103,105,74,188,144,184,142,117,167,61,45,138,41,49,78,128,42,57,197,168,145,126,143,160,91,1,33,124,180,196,36,46,140,92,82,24,189,81,0,85,22,26,176,193,20,35,170,166,38,139,63,118,48,194,31,198,174,9,109,125,32,72,163,25,51,50,190,10,165,113,156,71,44,65,37,94,173,18,131,119,11,59,80,100,30,134,148,195,97,58,158,43,7,101,181,68,123,6,149,60,54,151,110,187,39,107,55,14,13,172,12,89,75,182,15,135,53,183,69,159,164,90,28,155,73,99,106,136,115,152,2,161,102,86,133,76,52,116,17,8,16,56,21,108,192,40,104,4,29,154,122,179,27,185,127,96,171,141,98,114,64,79,177,47,88,5,186,199,83,153,150,23,95,137,175,62,120,3,169,191,162,146];True
1480;7620;9100;[61,195,129,70,19,87,121,178,83,132,130,84,77,152,93,147,66,157,103,105,74,188,144,184,115,117,167,189,182,65,41,142,78,128,42,57,197,8,16,126,35,160,91,1,33,124,180,196,36,46,140,92,82,23,127,7,0,45,22,26,176,193,109,20,170,166,38,139,63,118,48,194,31,198,174,9,143,67,32,72,163,25,51,50,190,10,165,113,156,71,44,138,37,94,173,18,131,119,11,59,80,100,30,134,148,4,97,58,158,43,34,122,181,68,123,6,149,60,54,151,133,187,39,107,55,14,13,172,12,89,75,125,15,135,53,183,69,159,164,90,28,155,73,99,106,136,49,112,2,161,102,86,110,88,101,52,104,17,145,56,21,108,192,40,169,85,29,154,116,177,27,185,111,96,171,141,98,114,64,79,179,47,76,5,186,199,81,153,150,24,95,137,175,62,120,3,168,191,162,146];True
1857;7249;9106;[34,67,129,70,19,87,121,178,111,132,130,84,77,112,93,147,66,157,103,105,74,188,144,9,142,117,167,61,45,138,41,49,78,128,42,57,197,168,145,126,143,160,91,1,33,124,180,196,36,46,140,92,82,23,189,81,0,85,22,26,176,193,20,35,170,166,38,139,63,118,48,194,31,198,174,184,109,125,32,72,163,25,51,50,190,10,165,113,156,71,44,65,37,94,173,18,131,119,11,59,80,100,30,134,148,195,97,58,158,43,7,101,181,68,123,6,137,60,54,151,110,187,39,107,55,14,13,172,12,89,75,182,15,135,53,183,69,159,164,90,28,155,73,99,106,136,115,152,2,161,102,86,133,76,122,116,17,8,16,56,21,108,192,40,104,4,29,154,52,179,27,185,127,96,171,141,98,114,64,79,177,47,88,5,186,199,83,153,150,24,95,149,175,62,120,3,169,191,162,146];True
1490;7618;9108;[61,195,129,70,19,87,121,178,83,132,130,84,77,152,93,147,66,157,103,105,74,188,144,184,115,117,167,189,182,65,41,142,78,128,42,57,197,8,16,126,35,160,91,1,33,124,180,196,36,46,140,92,82,23,127,7,0,45,22,26,176,193,109,20,170,166,38,139,63,118,48,194,31,198,174,9,143,67,32,72,163,25,51,50,190,10,165,113,156,71,44,138,37,94,173,18,131,119,11,59,80,100,30,134,148,4,97,58,158,43,34,122,181,68,123,6,149,60,101,151,133,187,39,107,55,14,13,172,12,89,75,125,15,135,53,183,69,159,164,90,28,155,73,99,106,136,49,112,2,161,102,86,110,88,54,52,104,17,145,56,21,108,192,40,169,85,29,154,116,177,27,185,111,96,171,141,98,114,64,79,179,47,76,5,186,199,81,153,150,24,95,137,175,62,120,3,168,191,162,146];True
1862;7246;9108;[34,67,129,70,19,87,121,178,111,132,130,84,77,112,93,147,66,157,103,105,74,188,144,9,142,117,167,61,45,138,41,49,78,128,42,57,197,168,145,126,143,160,91,1,33,124,180,196,36,46,140,92,82,24,189,81,0,85,22,26,176,193,20,35,170,166,38,139,63,118,48,194,31,198,174,184,109,125,32,72,163,25,51,50,190,10,165,113,156,71,44,65,37,94,173,18,131,119,11,59,80,100,30,134,148,195,97,58,158,43,7,101,181,68,123,6,149,60,54,151,110,187,39,107,55,14,13,172,12,89,75,182,15,135,53,183,69,159,164,90,28,155,73,99,106,136,115,152,2,161,102,86,133,76,122,116,17,8,16,56,21,108,192,40,104,4,29,154,52,179,27,185,127,96,171,141,98,114,64,79,177,47,88,5,186,199,83,153,150,23,95,137,175,62,120,3,169,191,162,146];True
1870;7242;9112;[34,67,129,70,19,87,121,178,127,132,130,84,77,112,93,147,66,157,103,105,74,188,144,9,142,117,167,61,45,138,41,49,78,128,42,57,197,168,145,126,143,160,91,1,33,124,180,196,36,46,140,92,82,24,189,81,0,85,22,26,176,193,20,35,170,166,38,139,63,118,48,194,31,198,174,184,109,125,32,72,163,25,51,50,190,10,165,113,156,71,44,65,37,94,173,18,131,119,11,59,80,100,30,134,148,195,97,58,158,43,7,101,181,68,123,6,137,60,54,151,110,187,39,107,55,14,13,172,12,89,75,182,15,135,53,183,69,159,164,90,28,155,73,99,106,136,115,152,2,161,102,86,133,76,122,116,17,8,16,56,21,108,192,40,104,4,29,154,52,179,27,185,111,96,171,141,98,114,64,79,177,47,88,5,186,199,83,153,150,23,95,149,175,62,120,3,169,191,162,146];True
1474;7640;9114;[61,195,129,70,19,87,121,178,83,132,130,84,77,112,93,147,66,157,103,105,74,188,144,184,142,117,167,189,182,65,41,49,78,128,42,57,197,8,16,126,35,160,91,1,33,124,180,196,36,46,140,92,82,23,127,7,0,45,22,26,176,193,109,20,170,166,38,139,63,118,48,194,31,198,174,9,143,67,32,72,163,25,51,50,190,10,165,113,156,71,44,138,37,94,173,18,131,119,11,59,80,100,30,134,148,4,97,58,158,43,34,122,181,68,123,6,149,60,54,151,133,187,39,107,55,14,13,172,12,89,75,125,15,108,53,183,69,159,164,90,28,155,73,99,106,136,115,152,2,161,102,86,110,88,101,52,104,17,145,56,21,135,192,40,169,85,29,154,116,177,27,185,111,96,171,141,98,114,64,79,179,47,76,5,186,199,81,153,150,24,95,137,175,62,120,3,168,191,162,146];True
1479;7635;9114;[61,195,129,70,19,87,121,178,83,132,130,84,77,112,93,147,66,157,103,105,74,188,144,184,142,117,167,189,182,65,41,49,78,128,42,57,197,8,16,126,35,160,91,1,33,124,180,196,36,46,140,92,82,23,127,7,0,45,22,26,176,193,109,20,170,166,38,139,63,118,48,194,31,198,15,9,143,67,32,72,163,25,51,50,190,10,165,113,156,71,44,138,37,94,173,18,131,119,11,59,80,100,30,134,148,4,97,58,158,43,34,122,181,68,123,6,149,60,54,151,133,187,39,107,55,14,13,172,12,89,75,125,174,135,53,183,69,159,164,90,28,155,73,99,106,136,115,152,2,161,102,86,110,88,101,52,104,17,145,56,21,108,192,40,169,85,29,154,116,177,27,185,111,96,171,141,98,114,64,79,179,47,76,5,186,199,81,153,150,24,95,137,175,62,120,3,168,191,162,146];True
1476;7639;9115;[61,195,129,70,19,87,121,178,83,132,130,84,77,152,93,147,66,157,103,105,74,188,144,184,115,142,167,189,182,65,41,117,78,128,42,57,197,8,16,126,35,160,91,1,33,124,180,196,36,46,140,92,82,23,127,7,0,45,22,26,176,193,109,20,170,166,38,139,63,118,48,194,31,198,174,9,143,67,32,72,163,25,51,50,190,10,165,113,156,71,44,138,37,94,173,18,131,119,11,59,80,100,30,134,148,4,97,58,158,43,34,122,181,68,123,6,149,60,54,151,133,187,39,107,55,14,13,172,12,89,75,125,15,135,53,183,69,159,164,90,28,155,73,99,106,136,49,112,2,161,102,86,110,88,101,52,104,17,145,56,21,108,192,40,169,85,29,154,116,177,27,185,111,96,171,141,98,114,64,79,179,47,76,5,186,199,81,153,150,24,95,137,175,62,120,3,168,191,162,146];True
1878;7241;9119;[34,67,129,70,19,87,121,178,111,132,130,84,77,112,93,147,66,157,103,105,74,188,144,9,142,117,167,61,45,138,41,49,78,128,42,57,197,168,145,126,143,160,91,1,33,124,180,196,36,46,140,92,82,24,189,81,0,85,22,26,176,193,20,35,170,166,38,139,63,118,48,194,31,198,174,184,109,125,32,72,163,25,51,50,190,10,165,113,156,71,44,65,37,94,173,18,131,119,11,59,80,100,30,134,148,195,97,58,158,43,7,101,181,68,123,6,149,60,54,151,110,187,39,107,55,14,13,172,12,89,75,182,15,135,53,183,69,159,164,90,28,155,73,99,106,136,115,152,2,161,102,86,133,76,52,116,17,8,16,56,21,108,192,40,104,4,29,154,122,179,27,185,127,96,171,141,98,114,64,79,177,47,88,5,186,199,83,153,150,23,95,137,175,62,120,3,169,191,162,146];True
1885;7237;9122;[34,67,129,70,19,87,121,178,111,132,130,84,77,112,93,147,66,157,103,105,74,188,144,9,142,117,167,61,45,138,41,49,78,128,42,57,197,168,145,126,143,160,91,1,33,124,180,196,36,46,140,92,82,24,189,81,0,85,22,26,176,193,20,35,170,166,38,139,63,118,48,194,31,198,174,184,109,125,32,72,163,25,51,50,190,10,165,113,156,71,44,65,37,94,173,18,131,119,11,59,80,100,30,134,148,195,97,58,158,43,7,101,181,68,123,6,137,60,54,151,110,187,39,107,55,14,13,172,12,89,75,182,15,135,53,183,69,159,164,90,28,155,73,99,106,136,115,152,2,161,102,86,133,76,122,116,17,8,16,56,21,108,192,40,104,4,29,154,52,179,27,185,127,96,171,141,98,114,64,79,177,47,88,5,186,199,83,153,150,23,95,149,175,62,120,3,169,191,162,146];True
1463;7662;9125;[61,195,129,70,19,87,121,178,83,132,130,84,77,152,93,147,66,157,103,105,74,188,144,184,41,142,167,189,182,65,115,117,78,128,42,57,197,8,16,126,35,160,91,1,33,124,180,196,36,46,140,92,82,23,127,7,0,45,22,26,176,193,109,20,170,166,38,139,63,118,48,194,31,198,174,9,143,67,32,72,163,25,51,50,190,10,165,113,156,71,44,138,37,94,173,18,131,119,11,59,80,100,30,134,148,4,97,58,158,43,34,122,181,68,123,6,149,60,54,151,133,187,39,107,55,14,13,172,12,89,75,125,15,135,53,183,69,159,164,90,28,155,73,99,106,136,49,112,2,161,102,86,110,88,101,52,104,17,145,56,21,108,192,40,169,85,29,154,116,177,27,185,111,96,171,141,98,114,64,79,179,47,76,5,186,199,81,153,150,24,95,137,175,62,120,3,168,191,162,146];True
1461;7665;9126;[61,195,129,70,19,87,121,178,83,132,130,84,77,152,93,147,66,157,103,105,74,188,144,184,115,117,167,189,182,65,41,142,78,128,42,57,197,8,16,126,35,160,91,1,33,124,180,196,36,46,140,92,82,23,127,7,0,45,22,26,176,193,109,20,170,166,38,139,63,118,48,194,31,198,174,9,143,67,32,72,163,25,51,50,190,10,165,113,156,71,44,138,37,94,173,18,131,119,11,59,80,100,30,134,148,4,97,58,158,43,34,122,181,68,123,6,149,60,54,151,133,187,39,107,55,14,13,172,12,89,75,125,15,108,53,183,69,159,164,90,28,155,73,99,106,136,49,112,2,161,102,86,110,88,101,52,104,17,145,56,21,135,192,40,169,85,29,154,116,177,27,185,111,96,171,141,98,114,64,79,179,47,76,5,186,199,81,153,150,24,95,137,175,62,120,3,168,191,162,146];True
1466;7660;9126;[61,195,129,70,19,87,121,178,83,132,130,84,77,152,93,147,66,157,103,105,74,188,144,184,115,117,167,189,182,65,41,142,78,128,42,57,197,8,16,126,35,160,91,1,33,124,180,196,36,46,140,92,82,23,127,7,0,45,22,26,176,193,109,20,170,166,38,139,63,118,48,194,31,198,15,9,143,67,32,72,163,25,51,50,190,10,165,113,156,71,44,138,37,94,173,18,131,119,11,59,80,100,30,134,148,4,97,58,158,43,34,122,181,68,123,6,149,60,54,151,133,187,39,107,55,14,13,172,12,89,75,125,174,135,53,183,69,159,164,90,28,155,73,99,106,136,49,112,2,161,102,86,110,88,101,52,104,17,145,56,21,108,192,40,169,85,29,154,116,177,27,185,111,96,171,141,98,114,64,79,179,47,76,5,186,199,81,153,150,24,95,137,175,62,120,3,168,191,162,146];True
1469;7658;9127;[61,195,129,70,19,87,121,178,81,22,130,84,77,112,93,147,66,157,103,105,74,188,144,184,142,117,167,189,182,65,41,49,78,128,42,57,197,8,16,126,35,160,91,1,33,124,180,196,36,46,140,92,82,23,127,7,0,45,132,26,176,193,109,20,170,166,38,139,63,118,48,194,31,198,174,9,143,67,32,72,163,25,51,50,190,10,165,113,156,71,44,138,37,94,173,18,131,119,11,59,80,100,30,134,148,4,97,58,158,43,34,122,181,68,123,6,149,60,54,151,133,187,39,107,55,14,13,172,12,89,75,125,15,135,53,183,69,159,164,90,28,155,73,99,106,136,115,152,2,161,102,86,110,88,101,52,104,17,145,56,21,108,192,40,169,85,29,154,116,177,27,185,111,96,171,141,98,114,64,79,179,47,76,5,186,199,83,153,150,24,95,137,175,62,120,3,168,191,162,146];True
1901;7232;9133;[34,67,129,70,19,87,121,178,111,132,130,84,77,112,93,147,66,157,103,105,74,188,144,9,142,117,167,61,45,138,41,49,78,128,42,57,197,168,145,126,143,160,91,1,33,124,180,196,36,46,140,92,82,24,189,81,0,85,22,26,176,193,20,35,170,166,38,139,63,118,48,194,31,198,174,184,109,125,32,72,163,25,51,50,190,10,165,113,156,71,44,65,37,94,173,18,131,119,11,59,80,100,30,134,148,195,97,58,158,43,7,101,181,68,123,6,137,60,54,151,110,187,39,107,55,14,13,172,12,89,75,182,15,135,53,183,69,159,164,90,28,155,73,99,106,136,115,152,2,161,102,86,133,76,52,116,17,8,16,56,21,108,192,40,104,4,29,154,122,179,27,185,127,96,171,141,98,114,64,79,177,47,88,5,186,199,83,153,150,23,95,149,175,62,120,3,169,191,162,146];True
1456;7683;9139;[61,195,129,70,19,87,121,178,81,22,130,84,77,152,93,147,66,157,103,105,74,188,144,184,115,117,167,189,182,65,41,142,78,128,42,57,197,8,16,126,35,160,91,1,33,124,180,196,36,46,140,92,82,23,127,7,0,45,132,26,176,193,109,20,170,166,38,139,63,118,48,194,31,198,174,9,143,67,32,72,163,25,51,50,190,10,165,113,156,71,44,138,37,94,173,18,131,119,11,59,80,100,30,134,148,4,97,58,158,43,34,122,181,68,123,6,149,60,54,151,133,187,39,107,55,14,13,172,12,89,75,125,15,135,53,183,69,159,164,90,28,155,73,99,106,136,49,112,2,161,102,86,110,88,101,52,104,17,145,56,21,108,192,40,169,85,29,154,116,177,27,185,111,96,171,141,98,114,64,79,179,47,76,5,186,199,83,153,150,24,95,137,175,62,120,3,168,191,162,146];True
1455;7691;9146;[61,195,129,70,19,87,121,178,189,22,130,84,77,152,93,147,66,157,103,105,74,188,144,184,115,117,167,81,182,65,41,142,78,128,42,57,197,8,16,126,35,160,91,1,33,124,180,196,36,46,140,92,82,23,127,7,0,45,132,26,176,193,109,20,170,166,38,139,63,118,48,194,31,198,174,9,143,67,32,72,163,25,51,50,190,10,165,113,156,71,44,138,37,94,173,18,131,119,11,59,80,100,30,134,148,4,97,58,158,43,34,122,181,68,123,6,149,60,54,151,133,187,39,107,55,14,13,172,12,89,75,125,15,135,53,183,69,159,164,90,28,155,73,99,106,136,49,112,2,161,102,86,110,88,101,52,104,17,145,56,21,108,192,40,169,85,29,154,116,177,27,185,111,96,171,141,98,114,64,79,179,47,76,5,186,199,83,153,150,24,95,137,175,62,120,3,168,191,162,146];True
1921;7230;9151;[34,67,129,70,19,87,121,178,127,132,130,84,77,112,93,147,66,157,103,105,74,188,144,9,142,117,167,61,45,138,41,49,78,128,42,57,197,168,145,126,143,160,91,1,33,124,180,196,36,46,140,92,82,24,189,81,0,85,22,26,176,193,20,35,170,7,38,139,63,118,48,194,31,198,174,184,109,125,32,72,163,25,51,50,190,10,165,113,156,71,44,65,37,94,173,18,131,119,11,59,80,100,30,134,148,195,97,58,158,43,166,101,181,68,123,6,137,60,54,151,110,187,39,107,55,14,13,172,12,89,75,182,15,135,53,183,69,159,164,90,28,155,73,99,106,136,115,152,2,161,102,86,133,76,122,116,17,8,16,56,21,108,192,40,104,4,29,154,52,179,27,185,111,96,171,141,98,114,64,79,177,47,88,5,186,199,83,153,150,23,95,149,175,62,120,3,169,191,162,146];True
1444;7707;9151;[61,195,129,70,19,87,121,178,83,132,130,84,77,152,93,147,66,157,103,105,74,188,144,184,41,142,167,189,182,65,115,117,78,128,42,57,197,8,16,126,35,160,91,1,33,124,180,196,36,46,140,92,82,23,127,7,0,45,22,26,176,193,109,20,170,166,38,139,63,118,48,194,31,198,174,9,143,67,32,72,163,25,51,50,190,10,165,113,156,71,44,138,37,94,173,18,131,119,11,59,80,100,30,134,148,4,97,58,158,43,34,122,181,68,123,6,149,60,54,151,133,187,39,107,55,14,13,172,12,89,75,125,15,108,53,183,69,159,164,90,28,155,73,99,106,136,49,112,2,161,102,86,110,88,101,52,104,17,145,56,21,135,192,40,169,85,29,154,116,177,27,185,111,96,171,141,98,114,64,79,179,47,76,5,186,199,81,153,150,24,95,137,175,62,120,3,168,191,162,146];True
1449;7702;9151;[61,195,129,70,19,87,121,178,83,132,130,84,77,152,93,147,66,157,103,105,74,188,144,184,41,142,167,189,182,65,115,117,78,128,42,57,197,8,16,126,35,160,91,1,33,124,180,196,36,46,140,92,82,23,127,7,0,45,22,26,176,193,109,20,170,166,38,139,63,118,48,194,31,198,15,9,143,67,32,72,163,25,51,50,190,10,165,113,156,71,44,138,37,94,173,18,131,119,11,59,80,100,30,134,148,4,97,58,158,43,34,122,181,68,123,6,149,60,54,151,133,187,39,107,55,14,13,172,12,89,75,125,174,135,53,183,69,159,164,90,28,155,73,99,106,136,49,112,2,161,102,86,110,88,101,52,104,17,145,56,21,108,192,40,169,85,29,154,116,177,27,185,111,96,171,141,98,114,64,79,179,47,76,5,186,199,81,153,150,24,95,137,175,62,120,3,168,191,162,146];True
1928;7229;9157;[34,67,129,70,19,87,121,178,111,132,130,84,77,112,93,147,66,157,103,105,74,188,144,9,142,117,167,61,45,138,41,49,78,128,42,57,197,168,191,126,143,160,91,1,33,124,180,196,36,46,140,92,82,24,189,81,0,85,22,26,176,193,20,35,170,166,38,139,63,118,48,194,31,198,174,184,109,125,32,72,163,25,51,50,190,10,165,113,156,71,44,65,37,94,173,18,131,119,11,59,80,100,30,134,148,195,97,58,158,43,7,101,181,68,123,6,137,60,54,151,110,187,39,107,55,14,13,172,12,89,75,182,15,135,53,183,69,159,164,90,28,155,73,99,106,136,115,152,2,161,102,86,133,76,52,116,17,8,16,56,21,108,192,40,104,4,29,154,122,179,27,185,127,96,171,141,98,114,64,79,177,47,88,5,186,199,83,153,150,23,95,149,175,62,120,3,169,145,162,146];True
1936;7225;9161;[34,67,129,70,19,87,121,178,111,132,130,84,77,112,93,147,66,157,103,105,74,188,144,9,142,117,167,61,45,138,41,49,78,128,42,57,197,168,145,126,143,160,91,1,33,124,180,196,36,46,140,92,82,24,189,81,0,85,22,26,176,193,20,35,170,7,38,139,63,118,48,194,31,198,174,184,109,125,32,72,163,25,51,50,190,10,165,113,156,71,44,65,37,94,173,18,131,119,11,59,80,100,30,134,148,195,97,58,158,43,166,101,181,68,123,6,137,60,54,151,110,187,39,107,55,14,13,172,12,89,75,182,15,135,53,183,69,159,164,90,28,155,73,99,106,136,115,152,2,161,102,86,133,76,122,116,17,8,16,56,21,108,192,40,104,4,29,154,52,179,27,185,127,96,171,141,98,114,64,79,177,47,88,5,186,199,83,153,150,23,95,149,175,62,120,3,169,191,162,146];True
1439;7725;9164;[61,195,129,70,19,87,121,178,81,22,130,84,77,152,93,147,66,157,103,105,74,188,144,184,41,142,167,189,182,65,115,117,78,128,42,57,197,8,16,126,35,160,91,1,33,124,180,196,36,46,140,92,82,23,127,7,0,45,132,26,176,193,109,20,170,166,38,139,63,118,48,194,31,198,174,9,143,67,32,72,163,25,51,50,190,10,165,113,156,71,44,138,37,94,173,18,131,119,11,59,80,100,30,134,148,4,97,58,158,43,34,122,181,68,123,6,149,60,54,151,133,187,39,107,55,14,13,172,12,89,75,125,15,135,53,183,69,159,164,90,28,155,73,99,106,136,49,112,2,161,102,86,110,88,101,52,104,17,145,56,21,108,192,40,169,85,29,154,116,177,27,185,111,96,171,141,98,114,64,79,179,47,76,5,186,199,83,153,150,24,95,137,175,62,120,3,168,191,162,146];True
1437;7728;9165;[61,195,129,70,19,87,121,178,81,22,130,84,77,152,93,147,66,157,103,105,74,188,144,184,115,117,167,189,182,65,41,142,78,128,42,57,197,8,16,126,35,160,91,1,33,124,180,196,36,46,140,92,82,23,127,7,0,45,132,26,176,193,109,20,170,166,38,139,63,118,48,194,31,198,174,9,143,67,32,72,163,25,51,50,190,10,165,113,156,71,44,138,37,94,173,18,131,119,11,59,80,100,30,134,148,4,97,58,158,43,34,122,181,68,123,6,149,60,54,151,133,187,39,107,55,14,13,172,12,89,75,125,15,108,53,183,69,159,164,90,28,155,73,99,106,136,49,112,2,161,102,86,110,88,101,52,104,17,145,56,21,135,192,40,169,85,29,154,116,177,27,185,111,96,171,141,98,114,64,79,179,47,76,5,186,199,83,153,150,24,95,137,175,62,120,3,168,191,162,146];True
1408;7757;9165;[61,195,129,70,19,87,121,178,47,132,130,84,77,112,93,147,66,157,103,90,74,188,144,184,142,117,167,81,182,65,41,49,78,128,42,57,197,8,16,126,35,160,91,1,33,124,180,196,36,46,140,92,82,23,127,7,0,45,22,26,176,193,109,20,170,166,38,139,63,118,48,194,31,198,174,9,143,67,32,72,163,25,51,50,190,10,165,113,156,71,44,138,37,94,173,18,131,119,11,59,80,100,30,134,148,4,97,58,158,43,34,122,181,68,123,6,149,60,54,151,133,187,39,107,105,14,13,172,12,89,75,125,15,135,53,183,69,159,164,189,28,155,73,99,106,136,115,152,2,161,102,86,110,88,101,52,104,17,145,56,21,108,192,40,169,85,29,154,116,177,27,185,111,96,171,141,98,114,64,79,179,55,76,5,186,199,83,153,150,24,95,137,175,62,120,3,168,191,162,146];True
1433;7732;9165;[61,195,129,70,19,87,121,178,47,132,130,84,77,112,93,147,66,157,103,90,74,188,144,9,142,117,167,81,182,65,41,49,78,128,42,57,197,8,16,126,143,160,91,1,33,124,180,196,36,46,140,92,82,23,127,7,0,45,22,26,176,193,109,20,170,166,38,139,63,118,48,194,31,198,174,184,35,67,32,72,163,25,51,50,190,10,165,113,156,71,44,138,37,94,173,18,131,119,11,59,80,100,30,134,148,4,97,58,158,43,34,122,181,68,123,6,149,60,54,151,133,187,39,107,105,14,13,172,12,89,75,125,15,135,53,183,69,159,164,189,28,155,73,99,106,136,115,152,2,161,102,86,110,88,101,52,104,17,145,56,21,108,192,40,169,85,29,154,116,177,27,185,111,96,171,141,98,114,64,79,179,55,76,5,186,199,83,153,150,24,95,137,175,62,120,3,168,191,162,146];True
1442;7723;9165;[61,195,129,70,19,87,121,178,81,22,130,84,77,152,93,147,66,157,103,105,74,188,144,184,115,117,167,189,182,65,41,142,78,128,42,57,197,8,16,126,35,160,91,1,33,124,180,196,36,46,140,92,82,23,127,7,0,45,132,26,176,193,109,20,170,166,38,139,63,118,48,194,31,198,15,9,143,67,32,72,163,25,51,50,190,10,165,113,156,71,44,138,37,94,173,18,131,119,11,59,80,100,30,134,148,4,97,58,158,43,34,122,181,68,123,6,149,60,54,151,133,187,39,107,55,14,13,172,12,89,75,125,174,135,53,183,69,159,164,90,28,155,73,99,106,136,49,112,2,161,102,86,110,88,101,52,104,17,145,56,21,108,192,40,169,85,29,154,116,177,27,185,111,96,171,141,98,114,64,79,179,47,76,5,186,199,83,153,150,24,95,137,175,62,120,3,168,191,162,146];True
1962;7204;9166;[34,4,129,70,19,87,121,178,102,132,130,84,67,112,93,147,66,157,103,105,20,188,144,9,142,117,167,61,45,138,41,49,78,128,42,57,197,8,16,126,143,160,91,1,33,124,180,196,36,46,140,92,82,77,189,23,0,85,22,26,176,193,109,162,170,95,38,139,63,118,48,194,31,198,174,184,35,161,32,72,163,25,51,50,190,125,11,113,156,71,165,65,37,94,173,18,131,110,101,59,80,100,30,134,148,195,97,58,151,175,7,191,181,68,123,6,137,158,54,52,119,187,39,107,55,14,13,172,12,89,75,149,15,135,53,183,69,159,164,90,28,155,73,99,106,136,115,2,152,111,83,86,133,76,122,116,104,17,145,56,21,108,192,40,169,182,29,154,60,177,27,43,127,96,171,141,98,114,64,79,179,47,88,5,186,199,81,153,166,24,150,10,185,62,120,3,168,44,74,146];True
1963;7203;9166;[34,4,129,70,19,87,121,178,102,132,130,84,67,112,93,147,66,157,103,105,20,188,144,9,142,117,167,61,45,138,41,49,78,128,42,57,197,8,16,126,143,160,91,1,33,124,180,196,36,46,140,92,82,77,189,23,0,85,22,26,176,193,109,162,170,95,38,139,63,118,48,194,31,198,174,184,35,161,32,72,163,25,51,50,190,125,11,113,156,71,165,65,37,94,173,18,131,110,101,59,80,100,30,134,148,195,97,58,175,151,7,191,181,68,123,6,137,158,54,52,119,187,39,107,55,14,13,172,12,89,75,149,15,135,53,183,69,159,164,90,28,155,73,99,106,136,115,2,152,111,83,86,133,76,122,116,104,17,145,56,21,108,192,40,169,182,29,154,60,177,27,43,127,96,171,141,98,114,64,79,179,47,88,5,186,199,81,153,166,24,150,10,185,62,120,3,168,44,74,146];True
1945;7223;9168;[34,4,129,70,19,87,121,178,102,132,130,84,67,112,93,147,66,157,103,105,20,188,144,9,142,117,167,61,45,138,6,49,78,128,42,57,197,8,16,126,143,160,91,1,33,124,180,196,36,46,140,92,82,77,189,23,0,85,22,26,176,193,109,162,170,95,38,139,63,118,48,194,31,198,174,184,35,161,32,72,163,25,51,50,190,125,11,113,156,71,165,65,37,94,173,18,131,110,101,59,80,100,30,134,148,195,97,137,175,151,7,191,181,68,123,41,58,158,54,52,119,187,39,107,55,14,13,172,12,89,75,149,15,135,53,183,69,159,164,90,28,155,73,99,106,136,115,2,152,111,83,86,133,76,122,116,104,17,145,56,21,108,192,40,169,182,29,154,60,177,27,43,127,96,171,141,98,114,64,79,179,47,88,5,186,199,81,153,166,24,150,10,185,62,120,3,168,44,74,146];True
1429;7740;9169;[61,195,129,70,19,87,121,178,47,132,130,84,77,112,93,147,66,157,103,90,74,188,144,184,142,117,167,81,182,65,41,49,78,128,42,57,197,8,16,126,35,160,91,1,33,124,180,196,36,46,140,92,82,23,127,7,0,45,22,26,176,193,109,20,170,166,38,139,63,118,48,194,31,198,174,9,143,67,32,72,163,25,51,50,190,10,165,113,156,71,44,138,37,94,173,18,131,119,11,59,80,100,30,134,148,4,97,58,158,43,34,122,181,68,123,6,149,60,54,151,110,187,39,107,105,14,13,172,12,89,75,125,15,135,53,183,69,159,164,189,28,155,73,99,106,136,115,152,2,161,102,86,133,88,101,52,104,17,145,56,21,108,192,40,169,85,29,154,116,177,27,185,111,96,171,141,98,114,64,79,179,55,76,5,186,199,83,153,150,24,95,137,175,62,120,3,168,191,162,146];True
1422;7749;9171;[61,195,129,70,19,87,121,178,47,132,130,84,77,112,93,147,66,157,103,90,74,188,144,9,142,117,167,81,182,65,41,49,78,128,42,57,197,8,16,126,35,160,91,1,33,124,180,196,36,46,140,92,82,23,127,7,0,45,22,26,176,193,109,20,170,166,38,139,63,118,48,194,31,198,174,184,143,67,32,72,163,25,51,50,190,10,165,113,156,71,44,138,37,94,173,18,131,119,11,59,80,100,30,134,148,4,97,58,158,43,34,122,181,68,123,6,149,60,54,151,133,187,39,107,105,14,13,172,12,89,75,125,15,135,53,183,69,159,164,189,28,155,73,99,106,136,115,152,2,161,102,86,110,88,101,52,104,17,145,56,21,108,192,40,169,85,29,154,116,177,27,185,111,96,171,141,98,114,64,79,179,55,76,5,186,199,83,153,150,24,95,137,175,62,120,3,168,191,162,146];True
1424;7748;9172;[61,195,129,70,19,87,121,178,164,132,130,84,77,112,93,147,66,157,103,90,74,188,144,184,142,117,167,81,182,65,41,49,78,128,42,57,197,8,16,126,35,160,91,1,33,124,180,196,36,46,140,92,82,23,127,7,0,45,22,26,176,193,109,20,170,166,38,139,63,118,48,194,31,198,174,9,143,67,32,72,163,25,51,50,190,10,165,113,156,71,44,138,37,94,173,18,131,119,11,59,80,100,30,134,148,4,97,58,158,43,34,122,181,68,123,6,149,60,54,151,133,187,39,107,105,14,13,172,12,89,75,125,15,135,53,183,69,159,47,189,28,155,73,99,106,136,115,152,2,161,102,86,110,88,101,52,104,17,145,56,21,108,192,40,169,85,29,154,116,177,27,185,111,96,171,141,98,114,64,79,179,55,76,5,186,199,83,153,150,24,95,137,175,62,120,3,168,191,162,146];True
1952;7220;9172;[34,67,129,70,19,87,121,178,111,132,130,84,77,112,93,147,66,157,103,105,74,188,144,9,142,117,167,61,45,138,41,49,78,128,42,57,197,168,145,126,143,160,91,1,33,124,180,196,36,46,140,92,82,24,189,81,0,85,22,26,176,193,20,35,170,7,38,139,63,118,48,194,31,198,174,184,109,125,32,72,163,25,51,50,190,10,165,113,156,71,44,65,37,94,173,18,131,119,11,59,80,100,30,134,148,195,97,58,158,43,166,101,181,68,123,6,137,60,54,151,110,187,39,107,55,14,13,172,12,89,75,182,15,135,53,183,69,159,164,90,28,155,73,99,106,136,115,152,2,161,102,86,133,76,52,116,17,8,16,56,21,108,192,40,104,4,29,154,122,179,27,185,127,96,171,141,98,114,64,79,177,47,88,5,186,199,83,153,150,23,95,149,175,62,120,3,169,191,162,146];True
1418;7755;9173;[61,195,129,70,19,87,121,178,47,132,130,84,77,112,93,147,66,157,103,90,74,188,144,184,142,117,167,81,182,65,41,49,78,128,42,57,197,8,16,126,35,160,91,1,33,124,180,196,36,46,140,92,82,23,127,7,0,45,22,26,176,193,109,20,170,166,38,139,63,118,48,194,31,198,174,9,143,67,32,72,163,25,51,50,190,10,165,113,156,71,44,138,37,94,173,18,131,119,11,59,80,100,30,134,148,4,97,58,158,43,34,122,181,68,123,6,149,60,101,151,133,187,39,107,105,14,13,172,12,89,75,125,15,135,53,183,69,159,164,189,28,155,73,99,106,136,115,152,2,161,102,86,110,88,54,52,104,17,145,56,21,108,192,40,169,85,29,154,116,177,27,185,111,96,171,141,98,114,64,79,179,55,76,5,186,199,83,153,150,24,95,137,175,62,120,3,168,191,162,146];True
1960;7215;9175;[34,4,129,70,19,87,121,178,102,132,130,84,67,112,93,147,66,157,103,105,20,188,144,9,142,117,167,61,45,138,41,49,78,128,42,57,197,8,16,126,143,160,91,1,33,124,180,196,36,46,140,92,82,77,189,23,0,85,22,26,176,193,109,162,170,95,38,139,63,118,48,194,31,198,174,184,35,161,32,72,163,25,51,50,190,125,11,113,156,71,165,65,37,94,173,18,131,110,101,59,80,100,30,134,148,195,97,58,175,151,7,191,181,68,123,6,137,158,54,52,119,187,39,107,55,14,13,172,12,89,75,149,15,135,53,183,69,159,164,90,28,155,73,99,106,136,115,2,152,111,83,86,133,76,122,116,104,17,145,56,21,108,192,40,169,182,29,154,60,179,27,43,127,96,171,141,98,114,64,79,177,47,88,5,186,199,81,153,166,24,150,10,185,62,120,3,168,44,74,146];True
1959;7216;9175;[34,4,129,70,19,87,121,178,102,132,130,84,67,112,93,147,66,157,103,105,20,188,144,9,142,117,167,61,45,138,41,49,78,128,42,57,197,8,16,126,143,160,91,1,33,124,180,196,36,46,140,92,82,77,189,23,0,85,22,26,176,193,109,162,170,95,38,139,63,118,48,194,31,198,174,184,35,161,32,72,163,25,51,50,190,125,11,113,156,71,165,65,37,94,173,18,131,110,101,59,80,100,30,134,148,195,97,58,151,175,7,191,181,68,123,6,137,158,54,52,119,187,39,107,55,14,13,172,12,89,75,149,15,135,53,183,69,159,164,90,28,155,73,99,106,136,115,2,152,111,83,86,133,76,122,116,104,17,145,56,21,108,192,40,169,182,29,154,60,179,27,43,127,96,171,141,98,114,64,79,177,47,88,5,186,199,81,153,166,24,150,10,185,62,120,3,168,44,74,146];True
1395;7782;9177;[61,195,129,70,19,87,121,178,47,132,130,84,77,152,93,147,66,157,103,90,74,188,144,184,115,117,167,81,182,65,41,142,78,128,42,57,197,8,16,126,35,160,91,1,33,124,180,196,36,46,140,92,82,23,127,7,0,45,22,26,176,193,109,20,170,166,38,139,63,118,48,194,31,198,174,9,143,67,32,72,163,25,51,50,190,10,165,113,156,71,44,138,37,94,173,18,131,119,11,59,80,100,30,134,148,4,97,58,158,43,34,122,181,68,123,6,149,60,54,151,133,187,39,107,105,14,13,172,12,89,75,125,15,135,53,183,69,159,164,189,28,155,73,99,106,136,49,112,2,161,102,86,110,88,101,52,104,17,145,56,21,108,192,40,169,85,29,154,116,177,27,185,111,96,171,141,98,114,64,79,179,55,76,5,186,199,83,153,150,24,95,137,175,62,120,3,168,191,162,146];True
1405;7780;9185;[61,195,129,70,19,87,121,178,47,132,130,84,77,152,93,147,66,157,103,90,74,188,144,184,115,117,167,81,182,65,41,142,78,128,42,57,197,8,16,126,35,160,91,1,33,124,180,196,36,46,140,92,82,23,127,7,0,45,22,26,176,193,109,20,170,166,38,139,63,118,48,194,31,198,174,9,143,67,32,72,163,25,51,50,190,10,165,113,156,71,44,138,37,94,173,18,131,119,11,59,80,100,30,134,148,4,97,58,158,43,34,122,181,68,123,6,149,60,101,151,133,187,39,107,105,14,13,172,12,89,75,125,15,135,53,183,69,159,164,189,28,155,73,99,106,136,49,112,2,161,102,86,110,88,54,52,104,17,145,56,21,108,192,40,169,85,29,154,116,177,27,185,111,96,171,141,98,114,64,79,179,55,76,5,186,199,83,153,150,24,95,137,175,62,120,3,168,191,162,146];True
1394;7797;9191;[61,195,129,70,19,87,121,178,47,132,130,84,77,112,93,147,66,157,103,90,74,188,144,184,142,117,167,81,182,65,41,49,78,128,42,57,197,8,16,126,35,160,91,1,33,124,180,196,36,46,140,92,82,23,127,7,0,45,22,26,176,193,109,20,170,166,38,139,63,118,48,194,31,198,15,9,143,67,32,72,163,25,51,50,190,10,165,113,156,71,44,138,37,94,173,18,131,119,11,59,80,100,30,134,148,4,97,58,158,43,34,122,181,68,123,6,149,60,54,151,133,187,39,107,105,14,13,172,12,89,75,125,174,135,53,183,69,159,164,189,28,155,73,99,106,136,115,152,2,161,102,86,110,88,101,52,104,17,145,56,21,108,192,40,169,85,29,154,116,177,27,185,111,96,171,141,98,114,64,79,179,55,76,5,186,199,83,153,150,24,95,137,175,62,120,3,168,191,162,146];True
1389;7802;9191;[61,195,129,70,19,87,121,178,47,132,130,84,77,112,93,147,66,157,103,90,74,188,144,184,142,117,167,81,182,65,41,49,78,128,42,57,197,8,16,126,35,160,91,1,33,124,180,196,36,46,140,92,82,23,127,7,0,45,22,26,176,193,109,20,170,166,38,139,63,118,48,194,31,198,174,9,143,67,32,72,163,25,51,50,190,10,165,113,156,71,44,138,37,94,173,18,131,119,11,59,80,100,30,134,148,4,97,58,158,43,34,122,181,68,123,6,149,60,54,151,133,187,39,107,105,14,13,172,12,89,75,125,15,108,53,183,69,159,164,189,28,155,73,99,106,136,115,152,2,161,102,86,110,88,101,52,104,17,145,56,21,135,192,40,169,85,29,154,116,177,27,185,111,96,171,141,98,114,64,79,179,55,76,5,186,199,83,153,150,24,95,137,175,62,120,3,168,191,162,146];True
1391;7801;9192;[61,195,129,70,19,87,121,178,47,132,130,84,77,152,93,147,66,157,103,90,74,188,144,184,115,142,167,81,182,65,41,117,78,128,42,57,197,8,16,126,35,160,91,1,33,124,180,196,36,46,140,92,82,23,127,7,0,45,22,26,176,193,109,20,170,166,38,139,63,118,48,194,31,198,174,9,143,67,32,72,163,25,51,50,190,10,165,113,156,71,44,138,37,94,173,18,131,119,11,59,80,100,30,134,148,4,97,58,158,43,34,122,181,68,123,6,149,60,54,151,133,187,39,107,105,14,13,172,12,89,75,125,15,135,53,183,69,159,164,189,28,155,73,99,106,136,49,112,2,161,102,86,110,88,101,52,104,17,145,56,21,108,192,40,169,85,29,154,116,177,27,185,111,96,171,141,98,114,64,79,179,55,76,5,186,199,83,153,150,24,95,137,175,62,120,3,168,191,162,146];True
1991;7202;9193;[34,4,129,70,19,87,121,178,102,132,130,84,67,112,93,147,66,157,103,105,20,188,144,9,142,117,167,61,45,138,41,49,78,128,42,57,197,8,190,126,143,160,91,1,33,124,180,196,36,46,140,92,82,77,189,23,0,85,22,26,176,193,109,162,170,95,38,139,63,118,48,194,31,198,174,184,35,161,32,72,163,25,50,51,16,125,11,113,156,71,165,65,37,94,173,18,131,110,101,59,80,100,30,134,148,195,97,58,175,151,7,191,181,68,123,6,137,158,54,52,119,187,39,107,55,14,13,172,12,89,75,149,15,135,53,183,69,159,164,90,28,155,73,99,106,136,115,2,152,111,83,86,133,76,122,116,104,17,145,56,21,108,192,40,169,182,29,154,60,177,27,43,127,96,171,141,98,114,64,79,179,47,88,5,186,199,81,153,166,24,150,10,185,62,120,3,168,44,74,146];True
1995;7199;9194;[34,4,129,70,19,87,121,178,102,12,130,84,67,112,93,147,66,157,103,105,20,188,144,9,142,117,167,61,45,138,41,49,78,128,42,57,197,8,16,126,143,160,91,1,33,124,180,196,36,46,140,92,82,77,189,23,0,85,22,26,176,193,109,162,170,95,38,139,63,118,48,194,31,198,174,184,35,161,32,72,163,25,51,50,190,125,11,113,156,71,165,65,37,94,173,18,131,110,101,59,80,100,30,134,148,195,97,58,151,175,7,191,181,68,123,6,137,158,54,52,119,187,39,107,55,14,13,172,132,89,75,149,15,135,53,183,69,159,164,90,28,155,73,99,106,136,115,2,152,111,83,86,133,76,122,116,104,17,145,56,21,108,192,40,169,182,29,154,60,177,27,43,127,96,171,141,98,114,64,79,179,47,88,5,186,199,81,153,166,24,150,10,185,62,120,3,168,44,74,146];True
1996;7198;9194;[34,4,129,70,19,87,121,178,102,12,130,84,67,112,93,147,66,157,103,105,20,188,144,9,142,117,167,61,45,138,41,49,78,128,42,57,197,8,16,126,143,160,91,1,33,124,180,196,36,46,140,92,82,77,189,23,0,85,22,26,176,193,109,162,170,95,38,139,63,118,48,194,31,198,174,184,35,161,32,72,163,25,51,50,190,125,11,113,156,71,165,65,37,94,173,18,131,110,101,59,80,100,30,134,148,195,97,58,175,151,7,191,181,68,123,6,137,158,54,52,119,187,39,107,55,14,13,172,132,89,75,149,15,135,53,183,69,159,164,90,28,155,73,99,106,136,115,2,152,111,83,86,133,76,122,116,104,17,145,56,21,108,192,40,169,182,29,154,60,177,27,43,127,96,171,141,98,114,64,79,179,47,88,5,186,199,81,153,166,24,150,10,185,62,120,3,168,44,74,146];True
2001;7194;9195;[34,4,129,70,19,87,121,178,102,132,130,84,77,112,93,147,66,157,103,105,20,188,144,9,142,117,167,61,45,138,41,49,78,128,42,57,197,8,16,126,143,160,91,1,33,124,180,196,36,46,140,92,82,67,189,23,0,85,22,26,176,193,109,162,170,95,38,139,63,118,48,194,31,198,174,184,35,161,32,72,163,25,51,50,190,125,11,113,156,71,165,65,37,94,173,18,131,110,101,59,80,100,30,134,148,195,97,58,151,175,7,191,181,68,123,6,137,158,54,52,119,187,39,107,55,14,13,172,12,89,75,149,15,135,53,183,69,159,164,90,28,155,73,99,106,136,115,2,152,111,83,86,133,76,122,116,104,17,145,56,21,108,192,40,169,182,29,154,60,177,27,43,127,96,171,141,98,114,64,79,179,47,88,5,186,199,81,153,166,24,150,10,185,62,120,3,168,44,74,146];True
2002;7193;9195;[34,4,129,70,19,87,121,178,102,132,130,84,77,112,93,147,66,157,103,105,20,188,144,9,142,117,167,61,45,138,41,49,78,128,42,57,197,8,16,126,143,160,91,1,33,124,180,196,36,46,140,92,82,67,189,23,0,85,22,26,176,193,109,162,170,95,38,139,63,118,48,194,31,198,174,184,35,161,32,72,163,25,51,50,190,125,11,113,156,71,165,65,37,94,173,18,131,110,101,59,80,100,30,134,148,195,97,58,175,151,7,191,181,68,123,6,137,158,54,52,119,187,39,107,55,14,13,172,12,89,75,149,15,135,53,183,69,159,164,90,28,155,73,99,106,136,115,2,152,111,83,86,133,76,122,116,104,17,145,56,21,108,192,40,169,182,29,154,60,177,27,43,127,96,171,141,98,114,64,79,179,47,88,5,186,199,81,153,166,24,150,10,185,62,120,3,168,44,74,146];True
2009;7192;9201;[34,4,129,70,19,87,121,178,102,132,130,84,67,112,93,147,66,157,103,105,20,188,144,9,142,117,167,61,45,138,41,49,78,128,42,57,197,8,16,126,143,160,91,1,33,124,180,196,36,46,140,92,82,77,189,23,0,85,22,26,176,193,109,190,170,95,38,139,63,118,48,194,31,198,174,184,35,161,32,72,163,25,51,50,162,173,11,113,156,71,165,65,37,94,125,18,131,110,101,59,80,100,30,134,148,195,97,58,175,151,7,191,181,68,123,6,137,158,54,52,119,187,39,107,55,14,13,172,12,89,75,149,15,135,53,183,69,159,164,90,28,155,73,99,106,136,115,2,152,111,83,86,133,76,122,116,104,17,145,56,21,108,192,40,169,182,29,154,60,177,27,43,127,96,171,141,98,114,64,79,179,47,88,5,186,199,81,153,166,24,150,10,185,62,120,3,168,44,74,146];True
1378;7824;9202;[61,195,129,70,19,87,121,178,47,132,130,84,77,152,93,147,66,157,103,90,74,188,144,184,41,142,167,81,182,65,115,117,78,128,42,57,197,8,16,126,35,160,91,1,33,124,180,196,36,46,140,92,82,23,127,7,0,45,22,26,176,193,109,20,170,166,38,139,63,118,48,194,31,198,174,9,143,67,32,72,163,25,51,50,190,10,165,113,156,71,44,138,37,94,173,18,131,119,11,59,80,100,30,134,148,4,97,58,158,43,34,122,181,68,123,6,149,60,54,151,133,187,39,107,105,14,13,172,12,89,75,125,15,135,53,183,69,159,164,189,28,155,73,99,106,136,49,112,2,161,102,86,110,88,101,52,104,17,145,56,21,108,192,40,169,85,29,154,116,177,27,185,111,96,171,141,98,114,64,79,179,55,76,5,186,199,83,153,150,24,95,137,175,62,120,3,168,191,162,146];True
1376;7827;9203;[61,195,129,70,19,87,121,178,47,132,130,84,77,152,93,147,66,157,103,90,74,188,144,184,115,117,167,81,182,65,41,142,78,128,42,57,197,8,16,126,35,160,91,1,33,124,180,196,36,46,140,92,82,23,127,7,0,45,22,26,176,193,109,20,170,166,38,139,63,118,48,194,31,198,174,9,143,67,32,72,163,25,51,50,190,10,165,113,156,71,44,138,37,94,173,18,131,119,11,59,80,100,30,134,148,4,97,58,158,43,34,122,181,68,123,6,149,60,54,151,133,187,39,107,105,14,13,172,12,89,75,125,15,108,53,183,69,159,164,189,28,155,73,99,106,136,49,112,2,161,102,86,110,88,101,52,104,17,145,56,21,135,192,40,169,85,29,154,116,177,27,185,111,96,171,141,98,114,64,79,179,55,76,5,186,199,83,153,150,24,95,137,175,62,120,3,168,191,162,146];True
2014;7189;9203;[34,4,129,70,19,87,121,178,102,132,130,84,67,112,93,147,66,157,103,105,20,188,144,9,142,117,167,61,45,138,41,49,78,128,42,57,197,8,16,126,143,160,91,1,33,124,180,196,36,46,140,92,82,77,189,23,0,85,22,26,176,193,109,190,170,95,38,139,63,118,48,194,31,198,174,184,35,161,32,72,163,25,51,50,162,125,11,113,156,71,165,65,37,94,173,18,131,110,101,59,80,100,30,134,148,195,97,58,151,175,7,191,181,68,123,6,137,158,54,52,119,187,39,107,55,14,13,172,12,89,75,149,15,135,53,183,69,159,164,90,28,155,73,99,106,136,115,2,152,111,83,86,133,76,122,116,104,17,145,56,21,108,192,40,169,182,29,154,60,177,27,43,127,96,171,141,98,114,64,79,179,47,88,5,186,199,81,153,166,24,150,10,185,62,120,3,168,44,74,146];True
1381;7822;9203;[61,195,129,70,19,87,121,178,47,132,130,84,77,152,93,147,66,157,103,90,74,188,144,184,115,117,167,81,182,65,41,142,78,128,42,57,197,8,16,126,35,160,91,1,33,124,180,196,36,46,140,92,82,23,127,7,0,45,22,26,176,193,109,20,170,166,38,139,63,118,48,194,31,198,15,9,143,67,32,72,163,25,51,50,190,10,165,113,156,71,44,138,37,94,173,18,131,119,11,59,80,100,30,134,148,4,97,58,158,43,34,122,181,68,123,6,149,60,54,151,133,187,39,107,105,14,13,172,12,89,75,125,174,135,53,183,69,159,164,189,28,155,73,99,106,136,49,112,2,161,102,86,110,88,101,52,104,17,145,56,21,108,192,40,169,85,29,154,116,177,27,185,111,96,171,141,98,114,64,79,179,55,76,5,186,199,83,153,150,24,95,137,175,62,120,3,168,191,162,146];True
2015;7188;9203;[34,4,129,70,19,87,121,178,102,132,130,84,67,112,93,147,66,157,103,105,20,188,144,9,142,117,167,61,45,138,41,49,78,128,42,57,197,8,16,126,143,160,91,1,33,124,180,196,36,46,140,92,82,77,189,23,0,85,22,26,176,193,109,190,170,95,38,139,63,118,48,194,31,198,174,184,35,161,32,72,163,25,51,50,162,125,11,113,156,71,165,65,37,94,173,18,131,110,101,59,80,100,30,134,148,195,97,58,175,151,7,191,181,68,123,6,137,158,54,52,119,187,39,107,55,14,13,172,12,89,75,149,15,135,53,183,69,159,164,90,28,155,73,99,106,136,115,2,152,111,83,86,133,76,122,116,104,17,145,56,21,108,192,40,169,182,29,154,60,177,27,43,127,96,171,141,98,114,64,79,179,47,88,5,186,199,81,153,166,24,150,10,185,62,120,3,168,44,74,146];True
2041;7174;9215;[34,4,129,70,19,87,121,178,102,132,130,84,67,112,93,147,66,157,103,105,20,188,144,9,142,117,167,61,45,138,41,49,78,128,42,57,197,162,16,126,143,160,91,1,33,124,180,196,36,46,140,92,82,77,189,23,0,85,22,26,176,193,109,190,170,95,38,139,63,118,48,194,31,198,174,184,35,161,32,72,163,25,51,50,8,173,11,113,156,71,165,65,37,94,125,18,131,110,101,59,80,100,30,134,148,195,97,58,175,151,7,191,181,68,123,6,137,158,54,52,119,187,39,107,55,14,13,172,12,89,75,149,15,135,53,183,69,159,164,90,28,155,73,99,106,136,115,2,152,111,83,86,133,76,122,116,104,17,145,56,21,108,192,40,169,182,29,154,60,177,27,43,127,96,171,141,98,114,64,79,179,47,88,5,186,199,81,153,166,24,150,10,185,62,120,3,168,44,74,146];True
2040;7175;9215;[34,4,129,70,19,87,121,178,102,132,130,84,67,112,93,147,66,157,103,105,20,188,144,9,142,117,167,61,45,138,41,49,78,128,42,57,197,162,16,126,143,160,91,1,33,124,180,196,36,46,140,92,82,77,189,23,0,85,22,26,176,193,109,190,170,95,38,139,63,118,48,194,31,198,174,184,35,161,32,72,163,25,51,50,8,173,11,113,156,71,165,65,37,94,125,18,131,110,101,59,80,100,30,134,148,195,97,58,151,175,7,191,181,68,123,6,137,158,54,52,119,187,39,107,55,14,13,172,12,89,75,149,15,135,53,183,69,159,164,90,28,155,73,99,106,136,115,2,152,111,83,86,133,76,122,116,104,17,145,56,21,108,192,40,169,182,29,154,60,177,27,43,127,96,171,141,98,114,64,79,179,47,88,5,186,199,81,153,166,24,150,10,185,62,120,3,168,44,74,146];True
2030;7187;9217;[34,4,129,70,19,87,121,178,102,132,130,84,67,112,93,147,66,157,103,105,20,188,144,9,142,117,167,61,45,138,41,49,78,128,42,57,197,162,16,126,143,160,91,1,33,124,180,196,36,46,140,92,82,77,189,23,0,85,22,26,176,193,8,190,170,95,38,139,63,118,48,194,31,198,174,184,35,161,32,72,163,25,51,50,109,125,11,113,156,71,165,65,37,94,173,18,131,110,101,59,80,100,30,134,148,195,97,58,175,151,7,191,181,68,123,6,137,158,54,52,119,187,39,107,55,14,13,172,12,89,75,149,15,135,53,183,69,159,164,90,28,155,73,99,106,136,115,2,152,111,83,86,133,76,122,116,104,17,145,56,21,108,192,40,169,182,29,154,60,177,27,43,127,96,171,141,98,114,64,79,179,47,88,5,186,199,81,153,166,24,150,10,185,62,120,3,168,44,74,146];True
1372;7846;9218;[61,195,129,70,19,87,121,178,47,132,130,84,77,152,93,147,66,157,103,90,74,188,144,184,115,142,167,81,182,65,41,117,78,128,42,57,197,8,16,126,35,160,91,1,33,124,180,196,36,46,140,92,82,23,127,7,0,45,22,26,176,193,109,20,170,166,38,139,63,118,48,194,31,198,174,9,143,67,32,72,163,25,51,50,190,10,165,113,156,71,44,138,37,94,173,18,131,119,11,59,80,100,30,134,148,4,97,58,158,43,34,122,181,68,123,6,149,60,54,151,133,187,39,107,105,14,13,172,12,89,75,125,15,108,53,183,69,159,164,189,28,155,73,99,106,136,49,112,2,161,102,86,110,88,101,52,104,17,145,56,21,135,192,40,169,85,29,154,116,177,27,185,111,96,171,141,98,114,64,79,179,55,76,5,186,199,83,153,150,24,95,137,175,62,120,3,168,191,162,146];True
2037;7186;9223;[34,4,129,70,19,87,121,178,102,132,130,84,67,112,93,147,66,157,103,105,20,188,144,9,142,117,167,61,45,138,41,49,78,128,42,57,197,8,16,126,143,160,91,1,33,124,180,196,36,46,140,92,82,77,189,23,0,85,22,26,176,193,109,162,170,95,38,139,63,118,48,194,31,198,174,184,35,161,32,72,163,25,51,50,190,173,11,113,156,71,165,65,37,94,125,18,131,110,101,59,80,100,30,134,148,195,97,58,175,151,7,191,181,68,123,6,137,158,54,52,119,187,39,107,55,14,13,172,12,89,75,149,15,135,53,183,69,159,164,90,28,155,73,99,106,136,115,2,152,111,83,86,133,76,122,116,104,17,145,56,21,108,192,40,169,182,29,154,60,177,27,43,127,96,171,141,98,114,64,79,179,47,88,5,186,199,81,153,166,24,150,10,185,62,120,3,168,44,74,146];True
2111;7115;9226;[34,198,146,190,109,21,6,193,172,132,130,22,144,112,93,147,66,157,103,105,74,188,87,37,145,182,167,61,45,138,178,9,78,128,42,120,3,121,162,126,143,160,91,1,33,124,94,196,36,46,140,17,82,23,189,176,0,85,19,26,81,119,12,49,170,95,38,139,65,20,51,50,48,104,180,4,84,67,32,72,163,25,70,41,142,117,77,57,156,71,165,137,184,8,173,18,2,110,101,59,80,100,30,134,148,11,97,58,54,151,7,191,181,68,123,44,131,158,62,195,129,43,175,107,55,14,13,111,52,89,75,149,15,135,53,183,69,159,164,90,28,155,73,99,106,136,115,152,35,161,102,86,133,76,122,116,16,125,174,118,92,108,192,40,169,194,29,154,60,177,27,185,127,96,171,141,98,114,64,79,179,47,88,5,186,199,83,153,166,24,150,10,187,39,113,197,168,31,56,63];True
2119;7108;9227;[34,198,146,190,109,21,6,193,172,132,130,22,144,112,93,147,66,157,103,105,74,188,87,37,145,182,167,61,45,138,178,9,187,128,42,120,3,121,162,126,143,160,91,1,33,124,94,196,36,46,140,17,82,23,189,176,0,85,19,26,81,119,12,49,170,95,38,139,65,20,51,50,48,104,180,4,84,67,32,72,163,25,70,41,142,117,77,57,156,71,165,137,184,8,173,18,2,110,101,59,80,100,30,134,148,11,97,58,54,151,7,191,181,68,123,44,131,158,62,195,129,43,175,107,55,14,13,111,52,89,75,149,15,135,53,183,69,159,164,90,28,155,73,99,106,136,115,152,35,161,102,86,133,76,122,116,16,125,174,118,92,108,192,40,169,194,29,154,60,177,27,185,127,96,171,141,98,114,64,79,179,47,88,5,186,199,83,153,166,24,150,10,78,39,113,197,168,31,56,63];True
1364;7864;9228;[61,195,129,70,19,87,121,178,47,132,130,84,77,152,93,147,66,157,103,90,74,188,144,184,41,142,167,81,182,65,115,117,78,128,42,57,197,8,16,126,35,160,91,1,33,124,180,196,36,46,140,92,82,23,127,7,0,45,22,26,176,193,109,20,170,166,38,139,63,118,48,194,31,198,15,9,143,67,32,72,163,25,51,50,190,10,165,113,156,71,44,138,37,94,173,18,131,119,11,59,80,100,30,134,148,4,97,58,158,43,34,122,181,68,123,6,149,60,54,151,133,187,39,107,105,14,13,172,12,89,75,125,174,135,53,183,69,159,164,189,28,155,73,99,106,136,49,112,2,161,102,86,110,88,101,52,104,17,145,56,21,108,192,40,169,85,29,154,116,177,27,185,111,96,171,141,98,114,64,79,179,55,76,5,186,199,83,153,150,24,95,137,175,62,120,3,168,191,162,146];True
1359;7869;9228;[61,195,129,70,19,87,121,178,47,132,130,84,77,152,93,147,66,157,103,90,74,188,144,184,41,142,167,81,182,65,115,117,78,128,42,57,197,8,16,126,35,160,91,1,33,124,180,196,36,46,140,92,82,23,127,7,0,45,22,26,176,193,109,20,170,166,38,139,63,118,48,194,31,198,174,9,143,67,32,72,163,25,51,50,190,10,165,113,156,71,44,138,37,94,173,18,131,119,11,59,80,100,30,134,148,4,97,58,158,43,34,122,181,68,123,6,149,60,54,151,133,187,39,107,105,14,13,172,12,89,75,125,15,108,53,183,69,159,164,189,28,155,73,99,106,136,49,112,2,161,102,86,110,88,101,52,104,17,145,56,21,135,192,40,169,85,29,154,116,177,27,185,111,96,171,141,98,114,64,79,179,55,76,5,186,199,83,153,150,24,95,137,175,62,120,3,168,191,162,146];True
2097;7132;9229;[34,198,146,190,109,63,6,193,172,132,130,22,144,112,93,147,66,157,103,105,74,188,87,37,145,182,167,61,45,138,178,9,78,128,42,120,3,121,162,126,143,160,91,1,33,124,94,196,36,46,140,17,82,23,189,176,0,85,19,26,81,119,12,49,170,95,38,139,65,20,51,50,48,104,180,4,84,67,32,72,163,25,70,41,142,117,77,57,156,71,165,137,184,8,173,18,2,110,101,59,80,100,30,134,148,11,97,58,54,151,7,191,181,68,123,44,131,158,62,195,129,43,175,107,55,14,13,111,52,89,75,149,15,135,53,183,69,159,164,90,28,155,73,99,106,136,115,152,35,161,102,86,133,76,122,116,16,125,174,118,92,108,192,40,169,194,29,154,60,177,27,185,127,96,171,141,98,114,64,79,179,47,88,5,186,199,83,153,166,24,150,10,187,39,113,197,168,31,56,21];True
2105;7125;9230;[34,198,146,190,109,63,6,193,172,132,130,22,144,112,93,147,66,157,103,105,74,188,87,37,145,182,167,61,45,138,178,9,187,128,42,120,3,121,162,126,143,160,91,1,33,124,94,196,36,46,140,17,82,23,189,176,0,85,19,26,81,119,12,49,170,95,38,139,65,20,51,50,48,104,180,4,84,67,32,72,163,25,70,41,142,117,77,57,156,71,165,137,184,8,173,18,2,110,101,59,80,100,30,134,148,11,97,58,54,151,7,191,181,68,123,44,131,158,62,195,129,43,175,107,55,14,13,111,52,89,75,149,15,135,53,183,69,159,164,90,28,155,73,99,106,136,115,152,35,161,102,86,133,76,122,116,16,125,174,118,92,108,192,40,169,194,29,154,60,177,27,185,127,96,171,141,98,114,64,79,179,47,88,5,186,199,83,153,166,24,150,10,78,39,113,197,168,31,56,21];True
2095;7136;9231;[34,198,146,190,109,21,6,193,172,132,130,22,144,112,93,147,66,157,103,105,74,188,87,37,145,182,167,61,45,138,178,9,78,128,134,120,3,121,162,126,143,160,91,1,33,124,94,196,36,46,140,17,82,23,189,176,0,85,19,26,81,119,12,49,170,95,38,139,65,20,51,50,48,104,180,4,84,67,32,72,163,25,70,41,142,117,77,57,156,71,165,137,184,8,173,18,2,110,101,59,80,100,30,42,148,11,97,58,54,151,7,191,181,68,123,44,131,158,62,195,129,43,175,107,55,14,13,111,52,89,75,149,15,135,53,183,69,159,164,90,28,155,73,99,106,136,115,152,35,161,102,86,133,76,122,116,16,125,174,118,92,108,192,40,169,194,29,154,60,177,27,185,127,96,171,141,98,114,64,79,179,47,88,5,186,199,83,153,166,24,150,10,187,39,113,197,168,31,56,63];True
2084;7147;9231;[34,198,146,190,109,21,6,193,172,132,130,22,144,112,93,147,66,157,103,105,74,188,87,37,145,182,167,61,45,138,178,9,78,128,42,120,3,121,162,126,143,160,91,1,33,124,94,196,36,46,140,17,82,23,189,176,0,85,104,26,81,119,12,49,170,95,38,139,65,20,51,50,48,19,180,4,84,67,32,72,163,25,70,41,142,117,77,57,156,71,165,137,184,8,173,18,2,110,101,59,80,100,30,134,148,11,97,58,54,151,7,191,181,68,123,44,131,158,62,195,129,43,175,107,55,14,13,111,52,89,75,149,15,135,53,183,69,159,164,90,28,155,73,99,106,136,115,152,35,161,102,86,133,76,122,116,16,125,174,118,92,108,192,40,169,194,29,154,60,177,27,185,127,96,171,141,98,114,64,79,179,47,88,5,186,199,83,153,166,24,150,10,187,39,113,197,168,31,56,63];True
2096;7135;9231;[34,198,146,190,109,118,6,193,172,132,130,22,144,112,93,147,66,157,103,105,74,188,87,37,174,182,167,61,45,138,178,9,78,128,42,120,3,121,162,126,143,160,91,1,33,124,94,196,36,46,140,17,82,23,189,176,0,85,19,26,81,119,12,49,170,95,38,139,65,20,51,50,48,104,180,77,84,67,32,72,163,25,70,41,142,117,11,113,156,71,165,137,184,8,173,18,2,110,101,59,80,100,30,134,148,4,97,58,54,151,7,191,181,68,123,44,131,158,62,195,129,43,39,107,55,14,13,111,52,89,75,149,15,135,53,183,69,159,164,90,28,155,73,99,106,136,115,152,35,161,102,86,133,76,122,116,16,125,145,21,92,108,192,40,169,194,29,154,60,177,27,185,127,96,171,141,98,114,64,79,179,47,88,5,186,199,83,153,166,24,150,10,187,175,57,197,168,31,56,63];True
2103;7129;9232;[34,198,146,190,109,21,6,193,172,132,130,22,144,112,93,147,66,157,103,105,74,188,87,37,145,182,167,61,45,138,178,9,187,128,134,120,3,121,162,126,143,160,91,1,33,124,94,196,36,46,140,17,82,23,189,176,0,85,19,26,81,119,12,49,170,95,38,139,65,20,51,50,48,104,180,4,84,67,32,72,163,25,70,41,142,117,77,57,156,71,165,137,184,8,173,18,2,110,101,59,80,100,30,42,148,11,97,58,54,151,7,191,181,68,123,44,131,158,62,195,129,43,175,107,55,14,13,111,52,89,75,149,15,135,53,183,69,159,164,90,28,155,73,99,106,136,115,152,35,161,102,86,133,76,122,116,16,125,174,118,92,108,192,40,169,194,29,154,60,177,27,185,127,96,171,141,98,114,64,79,179,47,88,5,186,199,83,153,166,24,150,10,78,39,113,197,168,31,56,63];True
2092;7140;9232;[34,198,146,190,109,21,6,193,172,132,130,22,144,112,93,147,66,157,103,105,74,188,87,37,145,182,167,61,45,138,178,9,187,128,42,120,3,121,162,126,143,160,91,1,33,124,94,196,36,46,140,17,82,23,189,176,0,85,104,26,81,119,12,49,170,95,38,139,65,20,51,50,48,19,180,4,84,67,32,72,163,25,70,41,142,117,77,57,156,71,165,137,184,8,173,18,2,110,101,59,80,100,30,134,148,11,97,58,54,151,7,191,181,68,123,44,131,158,62,195,129,43,175,107,55,14,13,111,52,89,75,149,15,135,53,183,69,159,164,90,28,155,73,99,106,136,115,152,35,161,102,86,133,76,122,116,16,125,174,118,92,108,192,40,169,194,29,154,60,177,27,185,127,96,171,141,98,114,64,79,179,47,88,5,186,199,83,153,166,24,150,10,78,39,113,197,168,31,56,63];True
2070;7164;9234;[34,198,146,190,109,63,6,193,172,132,130,22,144,112,93,147,66,157,103,105,74,188,87,37,145,182,167,61,45,138,178,9,78,128,42,120,3,121,162,126,143,160,91,1,33,124,94,196,36,46,140,17,82,23,189,176,0,85,104,26,81,119,12,49,170,95,38,139,65,20,51,50,48,19,180,4,84,67,32,72,163,25,70,41,142,117,77,57,156,71,165,137,184,8,173,18,2,110,101,59,80,100,30,134,148,11,97,58,54,151,7,191,181,68,123,44,131,158,62,195,129,43,175,107,55,14,13,111,52,89,75,149,15,135,53,183,69,159,164,90,28,155,73,99,106,136,115,152,35,161,102,86,133,76,122,116,16,125,174,118,92,108,192,40,169,194,29,154,60,177,27,185,127,96,171,141,98,114,64,79,179,47,88,5,186,199,83,153,166,24,150,10,187,39,113,197,168,31,56,21];True
2081;7153;9234;[34,198,146,190,109,63,6,193,172,132,130,22,144,112,93,147,66,157,103,105,74,188,87,37,145,182,167,61,45,138,178,9,78,128,134,120,3,121,162,126,143,160,91,1,33,124,94,196,36,46,140,17,82,23,189,176,0,85,19,26,81,119,12,49,170,95,38,139,65,20,51,50,48,104,180,4,84,67,32,72,163,25,70,41,142,117,77,57,156,71,165,137,184,8,173,18,2,110,101,59,80,100,30,42,148,11,97,58,54,151,7,191,181,68,123,44,131,158,62,195,129,43,175,107,55,14,13,111,52,89,75,149,15,135,53,183,69,159,164,90,28,155,73,99,106,136,115,152,35,161,102,86,133,76,122,116,16,125,174,118,92,108,192,40,169,194,29,154,60,177,27,185,127,96,171,141,98,114,64,79,179,47,88,5,186,199,83,153,166,24,150,10,187,39,113,197,168,31,56,21];True
2078;7157;9235;[34,198,146,190,109,63,6,193,172,132,130,22,144,112,93,147,66,157,103,105,74,188,87,37,145,182,167,61,45,138,178,9,187,128,42,120,3,121,162,126,143,160,91,1,33,124,94,196,36,46,140,17,82,23,189,176,0,85,104,26,81,119,12,49,170,95,38,139,65,20,51,50,48,19,180,4,84,67,32,72,163,25,70,41,142,117,77,57,156,71,165,137,184,8,173,18,2,110,101,59,80,100,30,134,148,11,97,58,54,151,7,191,181,68,123,44,131,158,62,195,129,43,175,107,55,14,13,111,52,89,75,149,15,135,53,183,69,159,164,90,28,155,73,99,106,136,115,152,35,161,102,86,133,76,122,116,16,125,174,118,92,108,192,40,169,194,29,154,60,177,27,185,127,96,171,141,98,114,64,79,179,47,88,5,186,199,83,153,166,24,150,10,78,39,113,197,168,31,56,21];True
2089;7146;9235;[34,198,146,190,109,63,6,193,172,132,130,22,144,112,93,147,66,157,103,105,74,188,87,37,145,182,167,61,45,138,178,9,187,128,134,120,3,121,162,126,143,160,91,1,33,124,94,196,36,46,140,17,82,23,189,176,0,85,19,26,81,119,12,49,170,95,38,139,65,20,51,50,48,104,180,4,84,67,32,72,163,25,70,41,142,117,77,57,156,71,165,137,184,8,173,18,2,110,101,59,80,100,30,42,148,11,97,58,54,151,7,191,181,68,123,44,131,158,62,195,129,43,175,107,55,14,13,111,52,89,75,149,15,135,53,183,69,159,164,90,28,155,73,99,106,136,115,152,35,161,102,86,133,76,122,116,16,125,174,118,92,108,192,40,169,194,29,154,60,177,27,185,127,96,171,141,98,114,64,79,179,47,88,5,186,199,83,153,166,24,150,10,78,39,113,197,168,31,56,21];True
2153;7082;9235;[34,198,146,190,109,118,6,193,172,132,130,22,144,112,93,147,66,157,103,105,74,188,87,37,174,182,167,61,45,138,178,9,78,128,42,120,3,121,162,126,143,160,91,1,33,124,94,196,36,46,140,17,82,23,189,176,0,85,19,26,81,119,12,49,170,95,38,139,65,20,51,50,48,104,180,4,84,67,32,72,163,25,70,41,142,117,77,57,156,71,165,137,184,8,173,18,2,110,101,59,80,100,30,134,148,11,97,58,54,151,7,191,181,68,123,44,131,158,62,195,129,43,175,107,55,14,13,111,52,89,75,149,15,135,53,183,69,159,164,90,28,155,73,99,106,136,115,152,35,161,102,86,133,76,122,116,16,125,145,21,92,108,192,40,169,194,29,154,60,177,27,185,127,96,171,141,98,114,64,79,179,47,88,5,186,199,83,153,166,24,150,10,187,39,113,197,168,31,56,63];True
2069;7167;9236;[34,198,146,190,109,118,6,193,172,132,130,22,144,112,93,147,66,157,103,105,74,188,87,37,174,182,167,61,45,138,178,9,78,128,42,120,3,121,162,126,143,160,91,1,33,124,94,196,36,46,140,17,82,23,189,176,0,85,104,26,81,119,12,49,170,95,38,139,65,20,51,50,48,19,180,77,84,67,32,72,163,25,70,41,142,117,11,113,156,71,165,137,184,8,173,18,2,110,101,59,80,100,30,134,148,4,97,58,54,151,7,191,181,68,123,44,131,158,62,195,129,43,39,107,55,14,13,111,52,89,75,149,15,135,53,183,69,159,164,90,28,155,73,99,106,136,115,152,35,161,102,86,133,76,122,116,16,125,145,21,92,108,192,40,169,194,29,154,60,177,27,185,127,96,171,141,98,114,64,79,179,47,88,5,186,199,83,153,166,24,150,10,187,175,57,197,168,31,56,63];True
2080;7156;9236;[34,198,146,190,109,118,6,193,172,132,130,22,144,112,93,147,66,157,103,105,74,188,87,37,174,182,167,61,45,145,178,9,78,128,42,120,3,121,162,126,143,160,91,1,33,124,94,196,36,46,140,17,82,23,189,176,0,85,19,26,81,119,12,49,170,95,38,139,65,20,51,50,48,104,180,77,84,67,32,72,163,25,70,41,142,117,11,113,156,71,165,137,184,8,173,18,2,110,101,59,80,100,30,134,148,4,97,58,54,151,7,191,181,68,123,44,131,158,62,195,129,43,39,107,55,14,13,111,52,89,75,149,15,135,53,183,69,159,164,90,28,155,73,99,106,136,115,152,35,161,102,86,133,76,122,116,16,125,138,21,92,108,192,40,169,194,29,154,60,177,27,185,127,96,171,141,98,114,64,79,179,47,88,5,186,199,83,153,166,24,150,10,187,175,57,197,168,31,56,63];True
2068;7168;9236;[34,198,146,190,109,21,6,193,172,132,130,22,144,112,93,147,66,157,103,105,74,188,87,37,145,182,167,61,45,138,178,9,78,128,134,120,3,121,162,126,143,160,91,1,33,124,94,196,36,46,140,17,82,23,189,176,0,85,104,26,81,119,12,49,170,95,38,139,65,20,51,50,48,19,180,4,84,67,32,72,163,25,70,41,142,117,77,57,156,71,165,137,184,8,173,18,2,110,101,59,80,100,30,42,148,11,97,58,54,151,7,191,181,68,123,44,131,158,62,195,129,43,175,107,55,14,13,111,52,89,75,149,15,135,53,183,69,159,164,90,28,155,73,99,106,136,115,152,35,161,102,86,133,76,122,116,16,125,174,118,92,108,192,40,169,194,29,154,60,177,27,185,127,96,171,141,98,114,64,79,179,47,88,5,186,199,83,153,166,24,150,10,187,39,113,197,168,31,56,63];True
2161;7075;9236;[34,198,146,190,109,118,6,193,172,132,130,22,144,112,93,147,66,157,103,105,74,188,87,37,174,182,167,61,45,138,178,9,187,128,42,120,3,121,162,126,143,160,91,1,33,124,94,196,36,46,140,17,82,23,189,176,0,85,19,26,81,119,12,49,170,95,38,139,65,20,51,50,48,104,180,4,84,67,32,72,163,25,70,41,142,117,77,57,156,71,165,137,184,8,173,18,2,110,101,59,80,100,30,134,148,11,97,58,54,151,7,191,181,68,123,44,131,158,62,195,129,43,175,107,55,14,13,111,52,89,75,149,15,135,53,183,69,159,164,90,28,155,73,99,106,136,115,152,35,161,102,86,133,76,122,116,16,125,145,21,92,108,192,40,169,194,29,154,60,177,27,185,127,96,171,141,98,114,64,79,179,47,88,5,186,199,83,153,166,24,150,10,78,39,113,197,168,31,56,63];True
2076;7161;9237;[34,198,146,190,109,21,6,193,172,132,130,22,144,112,93,147,66,157,103,105,74,188,87,37,145,182,167,61,45,138,178,9,187,128,134,120,3,121,162,126,143,160,91,1,33,124,94,196,36,46,140,17,82,23,189,176,0,85,104,26,81,119,12,49,170,95,38,139,65,20,51,50,48,19,180,4,84,67,32,72,163,25,70,41,142,117,77,57,156,71,165,137,184,8,173,18,2,110,101,59,80,100,30,42,148,11,97,58,54,151,7,191,181,68,123,44,131,158,62,195,129,43,175,107,55,14,13,111,52,89,75,149,15,135,53,183,69,159,164,90,28,155,73,99,106,136,115,152,35,161,102,86,133,76,122,116,16,125,174,118,92,108,192,40,169,194,29,154,60,177,27,185,127,96,171,141,98,114,64,79,179,47,88,5,186,199,83,153,166,24,150,10,78,39,113,197,168,31,56,63];True
2067;7171;9238;[34,4,129,70,19,87,121,178,102,132,130,84,67,112,93,147,66,157,103,105,20,188,144,9,142,117,167,61,45,138,41,49,78,128,42,57,197,162,16,126,143,160,91,1,33,124,180,196,36,46,140,92,82,77,189,23,0,85,22,26,176,193,109,190,170,95,38,139,63,118,48,194,31,198,174,184,35,161,32,72,163,25,51,50,8,125,11,113,156,71,165,65,37,94,173,18,131,110,101,59,80,100,30,134,148,195,97,58,151,175,7,191,181,68,123,6,137,158,54,52,119,187,39,107,55,14,13,172,12,89,75,149,15,135,53,183,69,159,164,90,28,155,73,99,106,136,115,2,152,111,83,86,133,76,122,116,104,17,145,56,21,108,192,40,169,182,29,154,60,177,27,43,127,96,171,141,98,114,64,79,179,47,88,5,186,199,81,153,166,24,150,10,185,62,120,3,168,44,74,146];True
2137;7103;9240;[34,198,146,190,109,118,6,193,172,132,130,22,144,112,93,147,66,157,103,105,74,188,87,37,174,182,167,61,45,145,178,9,78,128,42,120,3,121,162,126,143,160,91,1,33,124,94,196,36,46,140,17,82,23,189,176,0,85,19,26,81,119,12,49,170,95,38,139,65,20,51,50,48,104,180,4,84,67,32,72,163,25,70,41,142,117,77,57,156,71,165,137,184,8,173,18,2,110,101,59,80,100,30,134,148,11,97,58,54,151,7,191,181,68,123,44,131,158,62,195,129,43,175,107,55,14,13,111,52,89,75,149,15,135,53,183,69,159,164,90,28,155,73,99,106,136,115,152,35,161,102,86,133,76,122,116,16,125,138,21,92,108,192,40,169,194,29,154,60,177,27,185,127,96,171,141,98,114,64,79,179,47,88,5,186,199,83,153,166,24,150,10,187,39,113,197,168,31,56,63];True
2134;7107;9241;[34,198,146,190,109,118,6,193,172,132,130,22,144,112,93,147,66,157,103,105,74,188,87,37,174,182,167,61,45,138,178,9,187,128,42,120,3,121,162,126,143,160,91,1,33,124,94,196,36,46,140,17,82,23,189,176,0,85,104,26,81,119,12,49,170,95,38,139,65,20,51,50,48,19,180,4,84,67,32,72,163,25,70,41,142,117,77,57,156,71,165,137,184,8,173,18,2,110,101,59,80,100,30,134,148,11,97,58,54,151,7,191,181,68,123,44,131,158,62,195,129,43,175,107,55,14,13,111,52,89,75,149,15,135,53,183,69,159,164,90,28,155,73,99,106,136,115,152,35,161,102,86,133,76,122,116,16,125,145,21,92,108,192,40,169,194,29,154,60,177,27,185,127,96,171,141,98,114,64,79,179,47,88,5,186,199,83,153,166,24,150,10,78,39,113,197,168,31,56,63];True
2145;7096;9241;[34,198,146,190,109,118,6,193,172,132,130,22,144,112,93,147,66,157,103,105,74,188,87,37,174,182,167,61,45,145,178,9,187,128,42,120,3,121,162,126,143,160,91,1,33,124,94,196,36,46,140,17,82,23,189,176,0,85,19,26,81,119,12,49,170,95,38,139,65,20,51,50,48,104,180,4,84,67,32,72,163,25,70,41,142,117,77,57,156,71,165,137,184,8,173,18,2,110,101,59,80,100,30,134,148,11,97,58,54,151,7,191,181,68,123,44,131,158,62,195,129,43,175,107,55,14,13,111,52,89,75,149,15,135,53,183,69,159,164,90,28,155,73,99,106,136,115,152,35,161,102,86,133,76,122,116,16,125,138,21,92,108,192,40,169,194,29,154,60,177,27,185,127,96,171,141,98,114,64,79,179,47,88,5,186,199,83,153,166,24,150,10,78,39,113,197,168,31,56,63];True
2141;7102;9243;[34,198,146,190,109,21,6,193,172,132,130,22,144,112,93,147,66,157,103,105,74,188,87,37,145,182,167,61,45,138,178,9,187,128,42,120,3,121,162,126,143,160,91,1,33,124,94,196,36,46,140,17,82,23,189,176,0,85,19,26,81,119,12,49,170,95,38,139,65,20,51,50,48,104,180,4,84,67,32,72,163,25,70,41,142,117,77,113,156,71,165,137,184,8,173,18,2,110,101,59,80,100,30,134,148,11,97,58,54,151,7,191,181,68,123,44,131,158,62,195,129,43,175,107,55,14,13,111,52,89,75,149,15,135,53,183,69,159,164,90,28,155,73,99,106,136,115,152,35,161,102,86,133,76,122,116,16,125,174,118,92,108,192,40,169,194,29,154,60,177,27,185,127,96,171,141,98,114,64,79,179,47,88,5,186,199,83,153,166,24,150,10,78,39,57,197,168,31,56,63];True
2150;7094;9244;[34,198,146,190,109,118,6,193,172,132,130,22,144,112,93,147,66,157,103,105,74,188,87,37,174,182,167,61,45,138,178,9,78,128,42,120,3,121,162,126,143,160,91,1,33,124,94,196,36,46,140,17,82,23,189,176,0,85,19,26,81,119,12,49,170,95,38,139,65,20,51,50,48,104,180,4,84,67,32,72,163,25,70,41,142,117,77,57,156,71,165,137,184,8,173,18,2,110,101,59,80,100,30,134,148,11,97,58,54,151,7,191,181,68,123,44,131,158,62,195,129,43,175,107,55,14,13,111,52,89,75,149,15,135,53,183,69,159,164,90,28,155,73,99,106,136,115,152,35,161,102,86,133,76,122,116,16,125,145,21,92,108,192,40,169,194,29,154,60,179,27,185,127,96,171,141,98,114,64,79,177,47,88,5,186,199,83,153,166,24,150,10,187,39,113,197,168,31,56,63];True
2184;7063;9247;[34,198,146,190,109,118,6,193,172,132,130,22,144,112,93,147,66,157,103,105,74,188,87,37,174,182,167,61,45,138,178,9,78,128,42,120,3,121,162,126,143,160,91,1,33,124,94,196,36,46,140,17,82,23,189,176,0,85,19,26,81,119,12,49,170,95,38,139,65,20,51,50,48,104,180,4,84,67,32,72,163,25,70,41,142,117,77,113,156,71,165,137,184,8,173,18,2,110,101,59,80,100,30,134,148,11,97,58,54,151,7,191,181,68,123,44,131,158,62,195,129,43,39,107,55,14,13,111,52,89,75,149,15,135,53,183,69,159,164,90,28,155,73,99,106,136,115,152,35,161,102,86,133,76,122,116,16,125,145,21,92,108,192,40,169,194,29,154,60,177,27,185,127,96,171,141,98,114,64,79,179,47,88,5,186,199,83,153,166,24,150,10,187,175,57,197,168,31,56,63];True
2177;7071;9248;[34,198,146,190,109,118,6,193,172,132,130,22,144,112,93,147,66,157,103,105,74,188,87,37,174,182,167,61,45,138,178,9,78,128,42,120,3,121,162,126,143,160,91,1,33,124,94,196,36,46,140,17,82,23,189,176,0,85,19,26,81,119,12,49,170,95,38,139,65,20,51,50,48,104,180,4,84,67,32,72,163,25,70,41,142,117,11,113,156,71,165,137,184,8,173,18,2,110,101,59,80,100,30,134,148,77,97,58,54,151,7,191,181,68,123,44,131,158,62,195,129,43,39,107,55,14,13,111,52,89,75,149,15,135,53,183,69,159,164,90,28,155,73,99,106,136,115,152,35,161,102,86,133,76,122,116,16,125,145,21,92,108,192,40,169,194,29,154,60,177,27,185,127,96,171,141,98,114,64,79,179,47,88,5,186,199,83,153,166,24,150,10,187,175,57,197,168,31,56,63];True
2183;7069;9252;[34,198,146,190,109,118,6,193,172,132,130,22,144,112,93,147,66,157,103,105,74,188,87,37,174,182,167,61,45,138,178,9,187,128,42,120,3,121,162,126,143,160,91,1,33,124,94,196,36,46,140,17,82,23,189,176,0,85,19,26,81,119,12,49,170,95,38,139,65,20,51,50,48,104,180,4,84,67,32,72,163,25,70,41,142,117,77,113,156,71,165,137,184,8,173,18,2,110,101,59,80,100,30,134,148,11,97,58,54,151,7,191,181,68,123,44,131,158,62,195,129,43,175,107,55,14,13,111,52,89,75,149,15,135,53,183,69,159,164,90,28,155,73,99,106,136,115,152,35,161,102,86,133,76,122,116,16,125,145,21,92,108,192,40,169,194,29,154,60,177,27,185,127,96,171,141,98,114,64,79,179,47,88,5,186,199,83,153,166,24,150,10,78,39,57,197,168,31,56,63];True
2204;7058;9262;[34,198,146,190,109,118,6,193,172,132,130,22,144,112,93,147,66,157,103,105,74,188,87,37,174,182,167,61,45,138,178,9,187,128,42,120,3,121,162,126,143,160,91,1,33,124,94,196,36,46,140,17,82,23,189,176,0,85,19,26,81,119,12,49,170,95,38,139,65,20,51,50,48,104,180,4,84,67,32,72,163,25,70,41,142,117,77,57,156,71,165,137,184,8,173,18,2,110,101,59,80,100,30,134,148,11,97,58,54,151,7,191,181,68,123,44,131,158,62,195,129,185,175,107,55,14,13,111,52,89,75,149,15,135,53,183,69,159,164,90,28,155,73,99,106,136,115,152,35,161,102,86,133,76,122,116,16,125,145,21,92,108,192,40,169,194,29,154,60,177,27,43,127,96,171,141,98,114,64,79,179,47,88,5,186,199,83,153,166,24,150,10,78,39,113,197,168,31,56,63];True
2222;7041;9263;[34,198,146,190,109,118,6,193,172,132,130,22,144,112,93,147,66,157,103,105,74,188,87,37,174,182,167,61,45,138,178,9,78,128,42,120,3,121,162,126,143,160,91,1,33,124,94,196,36,46,140,17,82,23,189,176,0,85,19,26,81,119,12,49,170,95,38,139,65,20,51,50,48,104,180,4,84,67,32,72,163,25,70,41,142,117,77,113,156,71,165,2,184,8,173,18,137,158,101,59,80,100,30,134,148,11,97,58,54,151,7,191,181,68,123,44,131,110,62,195,129,43,39,107,55,14,13,111,52,89,75,149,15,135,53,183,69,159,164,90,28,155,73,99,106,136,115,152,35,161,102,86,133,76,122,116,16,125,145,21,92,108,192,40,169,194,29,154,60,177,27,185,127,96,171,141,98,114,64,79,179,47,88,5,186,199,83,153,166,24,150,10,187,175,57,197,168,31,56,63];True
2215;7049;9264;[34,198,146,190,109,118,6,193,172,132,130,22,144,112,93,147,66,157,103,105,74,188,87,37,174,182,167,61,45,138,178,9,78,128,42,120,3,121,162,126,143,160,91,1,33,124,94,196,36,46,140,17,82,23,189,176,0,85,19,26,81,119,12,49,170,95,38,139,65,20,51,50,48,104,180,4,84,67,32,72,163,25,70,41,142,117,11,113,156,71,165,2,184,8,173,18,137,158,101,59,80,100,30,134,148,77,97,58,54,151,7,191,181,68,123,44,131,110,62,195,129,43,39,107,55,14,13,111,52,89,75,149,15,135,53,183,69,159,164,90,28,155,73,99,106,136,115,152,35,161,102,86,133,76,122,116,16,125,145,21,92,108,192,40,169,194,29,154,60,177,27,185,127,96,171,141,98,114,64,79,179,47,88,5,186,199,83,153,166,24,150,10,187,175,57,197,168,31,56,63];True
2202;7062;9264;[34,198,146,190,109,118,6,193,172,132,130,22,144,112,93,147,66,157,103,105,74,188,87,37,174,182,167,61,45,138,178,9,78,128,42,120,3,121,162,126,143,160,91,1,33,124,94,196,36,46,140,17,82,23,189,176,0,85,19,26,81,119,12,49,170,95,38,139,65,20,51,50,48,104,180,4,84,67,32,72,163,25,70,41,142,117,77,113,156,71,165,137,184,8,173,18,86,110,101,59,80,100,30,134,148,11,97,58,54,151,7,191,181,68,123,44,131,158,62,195,129,43,39,107,55,14,13,111,52,89,75,149,15,135,53,183,69,159,164,90,28,155,73,99,106,136,115,152,35,161,102,2,133,76,122,116,16,125,145,21,92,108,192,40,169,194,29,154,60,177,27,185,127,96,171,141,98,114,64,79,179,47,88,5,186,199,83,153,166,24,150,10,187,175,57,197,168,31,56,63];True
2210;7054;9264;[34,198,146,190,109,118,6,193,172,132,130,22,144,112,93,147,66,157,103,105,74,188,87,37,174,182,167,61,45,138,178,9,78,128,42,120,3,121,162,126,143,160,91,1,33,124,94,196,36,46,140,17,82,23,189,176,0,85,19,26,81,119,12,49,170,95,38,139,65,20,51,50,48,104,180,4,84,67,32,72,163,25,70,41,142,117,77,113,156,71,165,137,184,8,173,18,2,110,101,59,80,100,30,134,148,11,97,58,54,151,7,191,181,68,123,44,131,158,62,195,129,185,39,107,55,14,13,111,52,89,75,149,15,135,53,183,69,159,164,90,28,155,73,99,106,136,115,152,35,161,102,86,133,76,122,116,16,125,145,21,92,108,192,40,169,194,29,154,60,177,27,43,127,96,171,141,98,114,64,79,179,47,88,5,186,199,83,153,166,24,150,10,187,175,57,197,168,31,56,63];True
1358;7909;9267;[61,195,129,70,19,87,121,178,47,132,130,84,77,152,93,147,66,157,103,90,74,188,144,184,41,142,167,81,182,65,115,117,78,128,42,57,197,8,16,126,35,160,91,1,33,124,180,196,36,46,140,92,82,23,127,7,0,45,22,26,176,193,109,20,170,166,38,139,63,118,48,194,31,198,174,9,143,67,32,72,163,25,51,50,190,10,165,113,156,71,44,138,37,94,173,18,131,119,11,59,80,100,30,134,148,4,97,58,158,43,34,122,181,68,123,6,149,60,54,151,133,187,39,107,105,14,13,172,12,89,75,125,76,108,53,183,69,159,164,189,28,155,73,99,106,136,49,112,2,161,102,86,110,88,101,52,104,17,145,56,21,135,192,40,169,85,29,154,116,177,27,185,111,96,171,141,98,114,64,79,179,55,15,5,186,199,83,153,150,24,95,137,175,62,120,3,168,191,162,146];True
1347;7929;9276;[61,195,129,70,19,87,121,178,2,142,130,84,77,152,93,147,66,157,103,90,74,188,144,184,115,117,167,81,182,65,41,22,78,128,42,57,197,8,16,126,35,160,91,1,33,124,180,196,36,46,140,92,82,23,127,7,0,45,132,26,176,193,109,20,170,166,38,139,63,118,48,194,31,198,174,9,143,67,32,72,163,25,51,50,190,10,165,113,156,71,44,138,37,94,173,18,131,119,11,59,80,100,30,134,148,4,97,58,158,43,34,122,181,68,123,6,149,60,54,151,133,187,39,107,105,14,13,172,12,89,75,125,15,108,53,183,69,159,164,189,28,155,73,99,106,136,49,112,17,161,102,86,110,88,101,52,104,179,145,56,21,135,192,40,169,85,29,154,116,177,27,185,111,96,171,141,98,114,64,79,47,55,76,5,186,199,83,153,150,24,95,137,175,62,120,3,168,191,162,146];True
2252;7025;9277;[34,198,146,190,109,118,6,193,172,132,130,22,144,112,93,147,66,157,103,105,74,188,87,37,174,182,167,61,45,138,178,9,78,128,42,120,3,121,162,126,143,160,91,1,33,124,94,196,36,46,140,17,82,23,189,176,0,85,19,26,81,119,12,49,170,95,38,139,65,20,51,50,48,104,180,4,84,67,32,72,163,25,70,41,142,117,77,113,156,71,165,2,184,8,173,18,86,110,101,59,80,100,30,134,148,11,97,58,54,151,7,191,181,68,123,44,131,158,62,195,129,43,39,107,55,14,13,111,52,89,75,149,15,135,53,183,69,159,164,90,28,155,73,99,106,136,115,152,35,161,102,137,133,76,122,116,16,125,145,21,92,108,192,40,169,194,29,154,60,177,27,185,127,96,171,141,98,114,64,79,179,47,88,5,186,199,83,153,166,24,150,10,187,175,57,197,168,31,56,63];True
2245;7033;9278;[34,198,146,190,109,118,6,193,172,132,130,22,144,112,93,147,66,157,103,105,74,188,87,37,174,182,167,61,45,138,178,9,78,128,42,120,3,121,162,126,143,160,91,1,33,124,94,196,36,46,140,17,82,23,189,176,0,85,19,26,81,119,12,49,170,95,38,139,65,20,51,50,48,104,180,4,84,67,32,72,163,25,70,41,142,117,11,113,156,71,165,2,184,8,173,18,86,110,101,59,80,100,30,134,148,77,97,58,54,151,7,191,181,68,123,44,131,158,62,195,129,43,39,107,55,14,13,111,52,89,75,149,15,135,53,183,69,159,164,90,28,155,73,99,106,136,115,152,35,161,102,137,133,76,122,116,16,125,145,21,92,108,192,40,169,194,29,154,60,177,27,185,127,96,171,141,98,114,64,79,179,47,88,5,186,199,83,153,166,24,150,10,187,175,57,197,168,31,56,63];True
2246;7032;9278;[34,198,146,190,109,118,6,193,172,132,130,22,144,112,93,147,66,157,103,105,74,188,87,37,174,182,167,61,45,138,178,9,78,128,42,120,3,121,162,126,143,160,91,1,33,124,94,196,36,46,140,17,82,23,189,176,0,85,19,26,81,119,12,49,170,95,38,139,65,20,51,50,48,104,180,4,84,67,32,72,163,25,70,41,142,117,77,113,156,71,165,2,184,8,173,18,137,110,101,59,80,100,30,134,148,11,97,58,54,151,7,191,181,68,123,44,131,158,62,195,129,43,39,107,55,14,13,111,52,89,75,149,15,135,53,183,69,159,164,90,28,155,73,99,106,136,115,152,35,161,102,86,133,76,122,116,16,125,145,21,92,108,192,40,169,194,29,154,60,177,27,185,127,96,171,141,98,114,64,79,179,47,88,5,186,199,83,153,166,24,150,10,187,175,57,197,168,31,56,63];True
2239;7040;9279;[34,198,146,190,109,118,6,193,172,132,130,22,144,112,93,147,66,157,103,105,74,188,87,37,174,182,167,61,45,138,178,9,78,128,42,120,3,121,162,126,143,160,91,1,33,124,94,196,36,46,140,17,82,23,189,176,0,85,19,26,81,119,12,49,170,95,38,139,65,20,51,50,48,104,180,4,84,67,32,72,163,25,70,41,142,117,11,113,156,71,165,2,184,8,173,18,137,110,101,59,80,100,30,134,148,77,97,58,54,151,7,191,181,68,123,44,131,158,62,195,129,43,39,107,55,14,13,111,52,89,75,149,15,135,53,183,69,159,164,90,28,155,73,99,106,136,115,152,35,161,102,86,133,76,122,116,16,125,145,21,92,108,192,40,169,194,29,154,60,177,27,185,127,96,171,141,98,114,64,79,179,47,88,5,186,199,83,153,166,24,150,10,187,175,57,197,168,31,56,63];True
2243;7037;9280;[34,198,146,190,109,118,6,193,172,132,130,22,144,112,93,147,66,157,103,105,74,188,87,37,174,182,167,61,45,138,178,9,78,128,42,120,3,121,162,126,143,160,91,1,33,124,94,196,36,46,140,17,82,23,189,176,0,85,19,26,81,119,12,49,170,95,38,139,65,20,51,50,48,104,180,4,84,67,32,72,163,25,70,41,142,117,57,113,156,71,165,2,184,8,173,18,137,158,101,59,80,100,30,134,148,11,97,58,54,151,7,191,181,68,123,44,131,110,62,195,129,43,39,107,55,14,13,111,52,89,75,149,15,135,53,183,69,159,164,90,28,155,73,99,106,136,115,152,35,161,102,86,133,76,122,116,16,125,145,21,92,108,192,40,169,194,29,154,60,177,27,185,127,96,171,141,98,114,64,79,179,47,88,5,186,199,83,153,166,24,150,10,187,175,77,197,168,31,56,63];True
1357;7927;9284;[61,195,129,70,19,87,121,178,2,142,130,84,77,152,93,147,66,157,103,90,74,188,144,184,115,117,167,81,182,65,41,22,78,128,42,57,197,8,16,126,35,160,91,1,33,124,180,196,36,46,140,92,82,23,127,7,0,45,132,26,176,193,109,20,170,166,38,139,63,118,48,194,31,198,174,9,143,67,32,72,163,25,51,50,190,10,165,113,156,71,44,138,37,94,173,18,131,119,11,59,80,100,30,134,148,4,97,58,158,43,34,122,181,68,123,6,149,60,101,151,133,187,39,107,105,14,13,172,12,89,75,125,15,108,53,183,69,159,164,189,28,155,73,99,106,136,49,112,17,161,102,86,110,88,54,52,104,179,145,56,21,135,192,40,169,85,29,154,116,177,27,185,111,96,171,141,98,114,64,79,47,55,76,5,186,199,83,153,150,24,95,137,175,62,120,3,168,191,162,146];True
2262;7024;9286;[34,198,146,190,109,118,156,193,172,132,130,22,147,0,85,113,66,157,103,105,74,188,87,37,174,149,167,61,45,138,178,9,78,128,42,120,3,121,162,126,143,160,91,1,33,124,94,196,36,182,104,17,82,23,189,81,112,93,19,26,176,46,6,49,170,95,38,139,65,20,51,50,48,21,180,4,84,67,32,72,163,25,70,41,142,117,77,2,12,71,165,144,184,8,173,18,137,158,101,59,80,100,30,134,148,11,97,58,54,151,7,191,181,68,123,44,131,110,62,195,119,43,39,107,55,14,13,111,52,89,75,129,15,135,53,183,69,159,164,90,28,155,73,99,106,136,115,152,35,161,102,86,133,76,122,116,16,125,145,140,92,108,192,40,169,194,29,154,60,177,27,185,127,96,171,141,98,114,64,79,179,47,88,5,186,199,83,153,166,24,150,10,187,175,57,197,168,31,56,63];True
2278;7016;9294;[34,198,146,190,109,118,6,193,172,132,130,22,144,112,93,147,66,157,103,105,74,188,87,37,174,182,167,61,45,138,178,9,78,128,42,120,3,121,162,126,143,160,91,1,33,124,94,196,36,46,140,17,82,23,189,176,0,85,19,26,81,119,12,49,170,95,38,139,65,20,51,50,48,104,180,4,84,67,32,72,163,25,70,41,142,117,77,113,156,71,165,2,184,8,173,18,86,110,101,59,80,100,30,134,148,11,97,58,54,151,7,191,181,68,123,44,131,158,62,195,129,185,39,107,55,14,13,111,52,89,75,149,15,135,53,183,69,159,164,90,28,155,73,99,106,136,115,152,35,161,102,137,133,76,122,116,16,125,145,21,92,108,192,40,169,194,29,154,60,177,27,43,127,96,171,141,98,114,64,79,179,47,88,5,186,199,83,153,166,24,150,10,187,175,57,197,168,31,56,63];True
2274;7020;9294;[34,198,146,190,109,118,12,193,172,132,130,22,147,0,85,113,66,157,103,105,74,188,87,37,174,149,167,61,45,138,178,9,78,128,42,120,3,121,162,126,143,160,91,1,33,124,94,196,36,182,104,17,82,23,189,81,112,93,19,26,176,46,6,49,170,95,38,139,65,20,51,50,21,48,180,4,84,67,32,72,163,25,70,41,142,117,77,2,156,71,165,144,184,8,173,18,137,158,101,59,80,100,30,134,148,11,97,58,54,151,7,191,181,68,123,44,131,110,62,195,119,43,39,107,55,14,13,111,52,89,75,129,15,135,53,183,69,159,164,90,28,155,73,99,106,136,115,152,35,161,102,86,133,76,122,116,16,125,145,140,92,108,192,40,169,194,29,154,60,177,27,185,127,96,171,141,98,114,64,79,179,47,88,5,186,199,83,153,166,24,150,10,187,175,57,197,168,31,56,63];True
2273;7021;9294;[34,198,146,190,109,118,6,193,172,132,130,22,144,112,93,147,66,157,103,105,74,188,87,37,174,182,167,61,45,138,178,9,78,128,42,120,3,121,162,126,143,160,91,1,33,124,94,196,36,46,140,17,82,23,189,176,0,85,19,26,81,119,12,49,170,95,38,139,65,20,51,50,48,104,180,4,84,67,32,72,163,25,70,41,142,117,57,113,156,71,165,2,184,8,173,18,86,110,101,59,80,100,30,134,148,11,97,58,54,151,7,191,181,68,123,44,131,158,62,195,129,43,39,107,55,14,13,111,52,89,75,149,15,135,53,183,69,159,164,90,28,155,73,99,106,136,115,152,35,161,102,137,133,76,122,116,16,125,145,21,92,108,192,40,169,194,29,154,60,177,27,185,127,96,171,141,98,114,64,79,179,47,88,5,186,199,83,153,166,24,150,10,187,175,77,197,168,31,56,63];True
2291;7004;9295;[34,198,146,190,109,118,6,193,172,132,130,22,147,0,85,113,66,157,103,105,74,188,87,37,174,149,167,61,45,138,178,9,78,128,42,120,3,121,162,126,143,160,91,1,33,124,94,196,36,182,104,17,82,23,189,81,112,93,19,26,176,46,12,49,170,95,38,139,65,20,51,50,21,48,180,4,84,67,32,72,163,25,70,41,142,117,77,2,156,71,165,144,184,8,173,18,137,158,101,59,80,100,30,134,148,11,97,58,54,151,7,191,181,68,123,44,131,110,62,195,119,43,39,107,55,14,13,111,52,89,75,129,15,135,53,183,69,159,164,90,28,155,73,99,106,136,115,152,35,161,102,86,133,76,122,116,16,125,145,140,92,108,192,40,169,194,29,154,60,177,27,185,127,96,171,141,98,114,64,79,179,47,88,5,186,199,83,153,166,24,150,10,187,175,57,197,168,31,56,63];True
2272;7023;9295;[34,198,146,190,109,118,6,193,172,132,130,22,144,112,93,147,66,157,103,105,74,188,87,37,174,182,167,61,45,138,178,9,78,128,42,120,3,121,162,126,143,160,91,1,33,124,94,196,36,46,140,17,82,23,189,176,0,85,19,26,81,119,12,49,170,95,38,139,65,20,51,50,48,104,180,4,84,67,32,72,163,25,70,41,142,117,77,113,156,71,165,2,184,8,173,18,137,110,101,59,80,100,30,134,148,11,97,58,54,151,7,191,181,68,123,44,131,158,62,195,129,185,39,107,55,14,13,111,52,89,75,149,15,135,53,183,69,159,164,90,28,155,73,99,106,136,115,152,35,161,102,86,133,76,122,116,16,125,145,21,92,108,192,40,169,194,29,154,60,177,27,43,127,96,171,141,98,114,64,79,179,47,88,5,186,199,83,153,166,24,150,10,187,175,57,197,168,31,56,63];True
2281;7015;9296;[34,198,146,190,109,118,156,193,172,132,130,22,147,0,85,113,66,157,103,105,74,188,87,37,174,149,167,61,45,138,178,9,78,128,42,120,3,121,162,126,143,160,91,1,33,124,94,196,36,182,104,17,82,23,189,81,112,93,19,26,176,46,6,49,170,95,38,139,65,20,51,50,21,48,180,4,84,67,32,72,163,25,70,41,142,117,77,2,98,71,165,144,184,8,173,18,137,158,101,59,80,100,30,134,148,11,97,58,54,151,7,191,181,68,123,44,131,110,62,195,119,43,39,107,55,14,13,111,52,89,75,129,15,135,53,183,69,159,164,90,28,155,73,99,106,136,115,152,35,161,102,86,133,76,122,116,16,125,145,140,92,108,192,40,169,194,29,154,60,177,27,185,127,96,171,141,12,114,64,79,179,47,88,5,186,199,83,153,166,24,150,10,187,175,57,197,168,31,56,63];True
2277;7019;9296;[34,198,146,190,109,118,12,193,172,132,130,22,147,0,85,113,66,157,103,105,74,188,87,37,174,149,167,61,45,138,178,9,78,128,42,120,3,121,162,126,143,160,91,1,33,124,94,196,36,182,104,17,82,23,189,81,112,93,19,26,176,46,6,49,170,95,38,139,65,20,51,50,48,21,180,4,84,67,32,72,163,25,70,41,142,117,77,2,156,71,165,144,184,8,173,18,137,158,101,59,80,100,30,134,148,11,97,58,54,151,7,191,181,68,123,44,131,110,62,195,119,43,39,107,55,14,13,111,52,89,75,129,15,135,53,183,69,159,164,90,28,155,73,99,106,136,115,152,35,161,102,86,133,76,122,116,16,125,145,140,92,108,192,40,169,194,29,154,60,177,27,185,127,96,171,141,98,114,64,79,179,47,88,5,186,199,83,153,166,24,150,10,187,175,57,197,168,31,56,63];True
2294;7003;9297;[34,198,146,190,109,118,6,193,172,132,130,22,147,0,85,113,66,157,103,105,74,188,87,37,174,149,167,61,45,138,178,9,78,128,42,120,3,121,162,126,143,160,91,1,33,124,94,196,36,182,104,17,82,23,189,81,112,93,19,26,176,46,12,49,170,95,38,139,65,20,51,50,48,21,180,4,84,67,32,72,163,25,70,41,142,117,77,2,156,71,165,144,184,8,173,18,137,158,101,59,80,100,30,134,148,11,97,58,54,151,7,191,181,68,123,44,131,110,62,195,119,43,39,107,55,14,13,111,52,89,75,129,15,135,53,183,69,159,164,90,28,155,73,99,106,136,115,152,35,161,102,86,133,76,122,116,16,125,145,140,92,108,192,40,169,194,29,154,60,177,27,185,127,96,171,141,98,114,64,79,179,47,88,5,186,199,83,153,166,24,150,10,187,175,57,197,168,31,56,63];True
2284;7014;9298;[34,198,146,190,109,118,156,193,172,132,130,22,147,0,85,113,66,157,103,105,74,188,87,37,174,149,167,61,45,138,178,9,78,128,42,120,3,121,162,126,143,160,91,1,33,124,94,196,36,182,104,17,82,23,189,81,112,93,19,26,176,46,6,49,170,95,38,139,65,20,51,50,48,21,180,4,84,67,32,72,163,25,70,41,142,117,77,2,98,71,165,144,184,8,173,18,137,158,101,59,80,100,30,134,148,11,97,58,54,151,7,191,181,68,123,44,131,110,62,195,119,43,39,107,55,14,13,111,52,89,75,129,15,135,53,183,69,159,164,90,28,155,73,99,106,136,115,152,35,161,102,86,133,76,122,116,16,125,145,140,92,108,192,40,169,194,29,154,60,177,27,185,127,96,171,141,12,114,64,79,179,47,88,5,186,199,83,153,166,24,150,10,187,175,57,197,168,31,56,63];True
2308;7001;9309;[34,198,146,190,109,118,6,193,172,132,130,22,147,0,85,113,66,157,103,105,74,188,87,37,174,149,167,61,45,138,178,9,78,128,42,120,3,121,162,126,143,160,91,1,33,124,94,196,36,182,104,17,82,23,189,81,112,93,19,26,176,46,12,49,170,95,38,139,65,20,51,50,21,48,180,4,84,67,32,72,163,25,70,41,142,117,77,57,156,71,165,144,184,8,173,18,137,158,101,59,80,100,30,134,148,11,97,58,54,151,7,191,181,68,123,44,131,110,62,195,119,43,39,107,55,14,13,111,52,89,75,129,15,135,53,183,69,159,164,90,28,155,73,99,106,136,115,152,35,161,102,86,133,76,122,116,16,125,145,140,92,108,192,40,169,194,29,154,60,177,27,185,127,96,171,141,98,114,64,79,179,47,88,5,186,199,83,153,166,24,150,10,187,175,2,197,168,31,56,63];True
2321;6988;9309;[34,198,146,190,109,118,6,193,172,132,130,22,147,0,85,113,66,157,103,105,74,188,87,37,174,149,167,61,45,138,178,9,78,128,42,120,3,121,162,126,143,160,91,1,33,124,94,196,36,182,104,17,82,23,189,81,112,93,19,26,176,46,12,49,170,95,38,139,65,20,51,50,21,48,180,4,84,67,32,72,163,25,70,41,142,117,77,2,156,71,165,144,184,8,173,18,86,110,101,59,80,100,30,134,148,11,97,58,54,151,7,191,181,68,123,44,131,158,62,195,119,43,39,107,55,14,13,111,52,89,75,129,15,135,53,183,69,159,164,90,28,155,73,99,106,136,115,152,35,161,102,137,133,76,122,116,16,125,145,140,92,108,192,40,169,194,29,154,60,177,27,185,127,96,171,141,98,114,64,79,179,47,88,5,186,199,83,153,166,24,150,10,187,175,57,197,168,31,56,63];True
2315;6995;9310;[34,198,146,190,109,118,6,193,172,132,130,22,147,0,85,113,66,157,103,105,74,188,87,37,174,149,167,61,45,138,178,9,78,128,42,120,3,121,162,126,143,160,91,1,33,124,94,196,36,182,104,17,82,23,189,81,112,93,19,26,176,46,12,49,170,95,38,139,65,20,51,50,21,48,180,4,84,67,32,72,163,25,70,41,142,117,77,2,156,71,165,144,184,8,173,18,137,110,101,59,80,100,30,134,148,11,97,58,54,151,7,191,181,68,123,44,131,158,62,195,119,43,39,107,55,14,13,111,52,89,75,129,15,135,53,183,69,159,164,90,28,155,73,99,106,136,115,152,35,161,102,86,133,76,122,116,16,125,145,140,92,108,192,40,169,194,29,154,60,177,27,185,127,96,171,141,98,114,64,79,179,47,88,5,186,199,83,153,166,24,150,10,187,175,57,197,168,31,56,63];True
1332;7979;9311;[61,195,129,70,19,87,121,178,2,142,130,84,77,152,93,147,66,157,103,90,74,188,144,184,115,117,167,81,182,65,41,22,124,180,42,57,197,8,16,126,35,160,91,88,47,78,128,196,36,46,140,92,82,23,127,7,0,45,132,26,176,193,109,20,170,166,38,139,63,118,48,194,31,198,174,9,143,67,32,72,163,25,51,50,190,10,165,113,156,71,44,138,37,94,173,18,131,119,11,59,80,100,30,134,148,4,97,58,158,43,34,122,181,68,123,6,149,60,54,151,133,187,39,107,105,14,13,172,12,89,75,125,15,108,53,183,69,159,164,189,28,155,73,99,106,136,49,112,179,161,102,86,110,1,101,52,104,17,145,56,21,135,192,40,169,85,29,154,116,177,27,185,111,96,171,141,98,114,64,79,33,55,76,5,186,199,83,153,150,24,95,137,175,62,120,3,168,191,162,146];True
2311;7000;9311;[34,198,146,190,109,118,6,193,172,132,130,22,147,0,85,113,66,157,103,105,74,188,87,37,174,149,167,61,45,138,178,9,78,128,42,120,3,121,162,126,143,160,91,1,33,124,94,196,36,182,104,17,82,23,189,81,112,93,19,26,176,46,12,49,170,95,38,139,65,20,51,50,48,21,180,4,84,67,32,72,163,25,70,41,142,117,77,57,156,71,165,144,184,8,173,18,137,158,101,59,80,100,30,134,148,11,97,58,54,151,7,191,181,68,123,44,131,110,62,195,119,43,39,107,55,14,13,111,52,89,75,129,15,135,53,183,69,159,164,90,28,155,73,99,106,136,115,152,35,161,102,86,133,76,122,116,16,125,145,140,92,108,192,40,169,194,29,154,60,177,27,185,127,96,171,141,98,114,64,79,179,47,88,5,186,199,83,153,166,24,150,10,187,175,2,197,168,31,56,63];True
2324;6987;9311;[34,198,146,190,109,118,6,193,172,132,130,22,147,0,85,113,66,157,103,105,74,188,87,37,174,149,167,61,45,138,178,9,78,128,42,120,3,121,162,126,143,160,91,1,33,124,94,196,36,182,104,17,82,23,189,81,112,93,19,26,176,46,12,49,170,95,38,139,65,20,51,50,48,21,180,4,84,67,32,72,163,25,70,41,142,117,77,2,156,71,165,144,184,8,173,18,86,110,101,59,80,100,30,134,148,11,97,58,54,151,7,191,181,68,123,44,131,158,62,195,119,43,39,107,55,14,13,111,52,89,75,129,15,135,53,183,69,159,164,90,28,155,73,99,106,136,115,152,35,161,102,137,133,76,122,116,16,125,145,140,92,108,192,40,169,194,29,154,60,177,27,185,127,96,171,141,98,114,64,79,179,47,88,5,186,199,83,153,166,24,150,10,187,175,57,197,168,31,56,63];True
2318;6994;9312;[34,198,146,190,109,118,6,193,172,132,130,22,147,0,85,113,66,157,103,105,74,188,87,37,174,149,167,61,45,138,178,9,78,128,42,120,3,121,162,126,143,160,91,1,33,124,94,196,36,182,104,17,82,23,189,81,112,93,19,26,176,46,12,49,170,95,38,139,65,20,51,50,48,21,180,4,84,67,32,72,163,25,70,41,142,117,77,2,156,71,165,144,184,8,173,18,137,110,101,59,80,100,30,134,148,11,97,58,54,151,7,191,181,68,123,44,131,158,62,195,119,43,39,107,55,14,13,111,52,89,75,129,15,135,53,183,69,159,164,90,28,155,73,99,106,136,115,152,35,161,102,86,133,76,122,116,16,125,145,140,92,108,192,40,169,194,29,154,60,177,27,185,127,96,171,141,98,114,64,79,179,47,88,5,186,199,83,153,166,24,150,10,187,175,57,197,168,31,56,63];True
1343;7969;9312;[61,195,129,70,19,87,121,178,2,115,130,84,77,152,93,147,66,157,103,90,74,188,144,184,142,117,167,81,182,65,41,22,124,180,42,57,197,8,16,126,35,160,91,88,47,78,128,196,36,46,140,92,82,23,127,7,0,45,132,26,176,193,109,20,170,166,38,139,63,118,48,194,31,198,174,9,143,67,32,72,163,25,51,50,190,10,165,113,156,71,44,138,37,94,173,18,131,119,11,59,80,100,30,134,148,4,97,58,158,43,34,122,181,68,123,6,149,60,54,151,133,187,39,107,105,14,13,172,12,89,75,125,15,108,53,183,69,159,164,189,28,155,73,99,106,136,49,112,179,161,102,86,110,1,101,52,104,17,145,56,21,135,192,40,169,85,29,154,116,177,27,185,111,96,171,141,98,114,64,79,33,55,76,5,186,199,83,153,150,24,95,137,175,62,120,3,168,191,162,146];True
2338;6985;9323;[34,198,146,190,109,118,6,193,172,132,130,22,147,0,85,113,66,157,103,105,74,188,87,37,174,149,167,61,45,138,178,9,78,128,42,120,3,121,162,126,143,160,91,1,33,124,94,196,36,182,104,17,82,23,189,81,112,93,19,26,176,46,12,49,170,95,38,139,65,20,51,50,21,48,180,4,84,67,32,72,163,25,70,41,142,117,77,57,156,71,165,144,184,8,173,18,86,110,101,59,80,100,30,134,148,11,97,58,54,151,7,191,181,68,123,44,131,158,62,195,119,43,39,107,55,14,13,111,52,89,75,129,15,135,53,183,69,159,164,90,28,155,73,99,106,136,115,152,35,161,102,137,133,76,122,116,16,125,145,140,92,108,192,40,169,194,29,154,60,177,27,185,127,96,171,141,98,114,64,79,179,47,88,5,186,199,83,153,166,24,150,10,187,175,2,197,168,31,56,63];True
2341;6984;9325;[34,198,146,190,109,118,6,193,172,132,130,22,147,0,85,113,66,157,103,105,74,188,87,37,174,149,167,61,45,138,178,9,78,128,42,120,3,121,162,126,143,160,91,1,33,124,94,196,36,182,104,17,82,23,189,81,112,93,19,26,176,46,12,49,170,95,38,139,65,20,51,50,48,21,180,4,84,67,32,72,163,25,70,41,142,117,77,57,156,71,165,144,184,8,173,18,86,110,101,59,80,100,30,134,148,11,97,58,54,151,7,191,181,68,123,44,131,158,62,195,119,43,39,107,55,14,13,111,52,89,75,129,15,135,53,183,69,159,164,90,28,155,73,99,106,136,115,152,35,161,102,137,133,76,122,116,16,125,145,140,92,108,192,40,169,194,29,154,60,177,27,185,127,96,171,141,98,114,64,79,179,47,88,5,186,199,83,153,166,24,150,10,187,175,2,197,168,31,56,63];True
2346;6983;9329;[34,198,146,190,109,118,6,193,172,132,130,22,147,0,85,113,66,157,103,105,74,188,87,37,174,149,167,61,45,138,178,9,78,128,42,120,3,121,162,126,143,160,91,1,33,124,94,196,36,182,104,17,82,23,189,81,52,93,19,26,176,46,12,49,170,95,38,139,65,20,51,50,48,21,180,4,84,67,32,72,163,25,70,41,142,117,77,2,156,71,165,144,184,8,173,18,86,110,101,59,80,100,30,134,148,11,97,58,54,151,7,191,181,68,123,44,131,158,62,195,119,43,39,107,55,14,13,111,112,89,75,129,15,135,53,183,69,159,164,90,28,155,73,99,106,136,115,152,35,161,102,137,133,76,122,116,16,125,145,140,92,108,192,40,169,194,29,154,60,177,27,185,127,96,171,141,98,114,64,79,179,47,88,5,186,199,83,153,166,24,150,10,187,175,57,197,168,31,56,63];True
2350;6982;9332;[34,198,146,190,109,118,6,193,172,132,130,22,147,0,85,46,66,157,103,105,74,188,87,37,174,149,167,61,45,138,178,9,78,128,42,120,3,121,162,126,143,160,91,1,33,124,94,196,36,182,104,17,82,23,189,81,112,93,19,26,176,2,12,49,170,95,38,139,65,20,51,50,48,21,180,4,84,67,32,72,163,25,70,41,142,117,77,113,156,71,165,144,184,8,173,18,86,110,101,59,80,100,30,134,148,11,97,58,54,151,7,191,181,68,123,44,131,158,62,195,119,43,39,107,55,14,13,111,52,89,75,129,15,135,53,183,69,159,164,90,28,155,73,99,106,136,115,152,35,161,102,137,133,76,122,116,16,125,145,140,92,108,192,40,169,194,29,154,60,177,27,185,127,96,171,141,98,114,64,79,179,47,88,5,186,199,83,153,166,24,150,10,187,175,57,197,168,31,56,63];True
2360;6981;9341;[34,198,146,190,109,118,6,193,172,132,130,22,147,0,85,113,66,157,103,105,74,188,87,37,174,149,167,61,45,138,178,9,78,128,42,120,3,121,162,126,143,160,91,1,33,124,94,196,36,182,104,17,82,23,189,81,52,93,19,26,176,46,12,49,170,95,38,139,65,20,51,50,21,48,180,4,84,67,32,72,163,25,70,41,142,117,77,57,156,71,165,144,184,8,173,18,86,110,101,59,80,100,30,134,148,11,97,58,54,151,7,191,181,68,123,44,131,158,62,195,119,43,39,107,55,14,13,111,112,89,75,129,15,135,53,183,69,159,164,90,28,155,73,99,106,136,115,152,35,161,102,137,133,76,122,116,16,125,145,140,92,108,192,40,169,194,29,154,60,177,27,185,127,96,171,141,98,114,64,79,179,47,88,5,186,199,83,153,166,24,150,10,187,175,2,197,168,31,56,63];True
1316;8025;9341;[61,195,129,70,19,87,121,178,2,142,130,84,77,152,93,147,66,157,103,90,74,188,144,184,115,117,167,81,182,65,41,22,124,180,42,57,197,8,16,126,35,160,91,88,47,78,128,196,36,46,140,92,82,23,127,7,0,45,132,26,176,193,109,20,170,166,38,139,63,118,48,194,31,198,174,9,143,67,32,72,163,25,51,50,190,10,165,113,156,71,44,138,37,94,173,18,131,119,11,59,80,100,30,134,148,4,97,58,158,43,34,122,181,68,123,6,149,60,54,151,133,187,39,107,105,14,13,172,12,89,75,125,15,108,53,183,69,159,164,189,28,155,73,99,106,136,49,112,17,161,102,86,110,1,101,52,104,179,145,56,21,135,192,40,169,85,29,154,116,177,27,185,111,96,171,141,98,114,64,79,33,55,76,5,186,199,83,153,150,24,95,137,175,62,120,3,168,191,162,146];True
1327;8015;9342;[61,195,129,70,19,87,121,178,2,115,130,84,77,152,93,147,66,157,103,90,74,188,144,184,142,117,167,81,182,65,41,22,124,180,42,57,197,8,16,126,35,160,91,88,47,78,128,196,36,46,140,92,82,23,127,7,0,45,132,26,176,193,109,20,170,166,38,139,63,118,48,194,31,198,174,9,143,67,32,72,163,25,51,50,190,10,165,113,156,71,44,138,37,94,173,18,131,119,11,59,80,100,30,134,148,4,97,58,158,43,34,122,181,68,123,6,149,60,54,151,133,187,39,107,105,14,13,172,12,89,75,125,15,108,53,183,69,159,164,189,28,155,73,99,106,136,49,112,17,161,102,86,110,1,101,52,104,179,145,56,21,135,192,40,169,85,29,154,116,177,27,185,111,96,171,141,98,114,64,79,33,55,76,5,186,199,83,153,150,24,95,137,175,62,120,3,168,191,162,146];True
2366;6977;9343;[34,198,146,190,109,118,6,193,172,132,130,22,147,0,85,113,66,157,103,105,74,188,87,37,174,149,167,61,45,138,178,9,78,128,42,120,3,121,162,126,143,160,91,1,33,124,94,196,36,182,104,17,82,23,189,81,112,93,19,26,176,2,12,49,170,95,38,139,65,20,51,50,21,48,180,4,84,67,32,72,163,25,70,41,142,117,77,46,156,71,165,144,184,8,173,18,86,110,101,59,80,100,30,134,148,11,97,58,54,151,7,191,181,68,123,44,131,158,62,195,119,43,39,107,55,14,13,111,52,89,75,129,15,135,53,183,69,159,164,90,28,155,73,99,106,136,115,152,35,161,102,137,133,76,122,116,16,125,145,140,92,108,192,40,169,194,29,154,60,177,27,185,127,96,171,141,98,114,64,79,179,47,88,5,186,199,83,153,166,24,150,10,187,175,57,197,168,31,56,63];True
2363;6980;9343;[34,198,146,190,109,118,6,193,172,132,130,22,147,0,85,113,66,157,103,105,74,188,87,37,174,149,167,61,45,138,178,9,78,128,42,120,3,121,162,126,143,160,91,1,33,124,94,196,36,182,104,17,82,23,189,81,52,93,19,26,176,46,12,49,170,95,38,139,65,20,51,50,48,21,180,4,84,67,32,72,163,25,70,41,142,117,77,57,156,71,165,144,184,8,173,18,86,110,101,59,80,100,30,134,148,11,97,58,54,151,7,191,181,68,123,44,131,158,62,195,119,43,39,107,55,14,13,111,112,89,75,129,15,135,53,183,69,159,164,90,28,155,73,99,106,136,115,152,35,161,102,137,133,76,122,116,16,125,145,140,92,108,192,40,169,194,29,154,60,177,27,185,127,96,171,141,98,114,64,79,179,47,88,5,186,199,83,153,166,24,150,10,187,175,2,197,168,31,56,63];True
2369;6976;9345;[34,198,146,190,109,118,6,193,172,132,130,22,147,0,85,113,66,157,103,105,74,188,87,37,174,149,167,61,45,138,178,9,78,128,42,120,3,121,162,126,143,160,91,1,33,124,94,196,36,182,104,17,82,23,189,81,112,93,19,26,176,2,12,49,170,95,38,139,65,20,51,50,48,21,180,4,84,67,32,72,163,25,70,41,142,117,77,46,156,71,165,144,184,8,173,18,86,110,101,59,80,100,30,134,148,11,97,58,54,151,7,191,181,68,123,44,131,158,62,195,119,43,39,107,55,14,13,111,52,89,75,129,15,135,53,183,69,159,164,90,28,155,73,99,106,136,115,152,35,161,102,137,133,76,122,116,16,125,145,140,92,108,192,40,169,194,29,154,60,177,27,185,127,96,171,141,98,114,64,79,179,47,88,5,186,199,83,153,166,24,150,10,187,175,57,197,168,31,56,63];True
2389;6966;9355;[34,198,146,190,109,118,6,193,172,132,130,22,144,112,93,147,66,157,103,105,74,188,87,37,174,149,167,61,45,138,178,9,78,128,42,120,3,121,162,126,143,160,91,1,33,124,94,196,36,182,104,17,82,23,189,81,0,85,19,26,176,46,12,49,170,95,38,139,65,20,51,50,21,48,180,4,84,67,32,72,163,25,70,41,142,117,77,113,156,71,165,2,184,8,173,18,86,110,101,59,80,100,30,134,148,11,97,58,54,151,7,191,181,68,123,44,131,158,62,195,119,43,39,107,55,14,13,111,52,89,75,129,15,135,53,183,69,159,164,90,28,155,73,99,106,136,115,152,35,161,102,137,133,76,122,116,16,125,145,140,92,108,192,40,169,194,29,154,60,177,27,185,127,96,171,141,98,114,64,79,179,47,88,5,186,199,83,153,166,24,150,10,187,175,57,197,168,31,56,63];True
2382;6974;9356;[34,198,146,190,109,118,6,193,172,132,130,22,144,112,93,147,66,157,103,105,74,188,87,37,174,149,167,61,45,138,178,9,78,128,42,120,3,121,162,126,143,160,91,1,33,124,94,196,36,182,104,17,82,23,189,81,0,85,19,26,176,46,12,49,170,95,38,139,65,20,51,50,21,48,180,4,84,67,32,72,163,25,70,41,142,117,11,113,156,71,165,2,184,8,173,18,86,110,101,59,80,100,30,134,148,77,97,58,54,151,7,191,181,68,123,44,131,158,62,195,119,43,39,107,55,14,13,111,52,89,75,129,15,135,53,183,69,159,164,90,28,155,73,99,106,136,115,152,35,161,102,137,133,76,122,116,16,125,145,140,92,108,192,40,169,194,29,154,60,177,27,185,127,96,171,141,98,114,64,79,179,47,88,5,186,199,83,153,166,24,150,10,187,175,57,197,168,31,56,63];True
2383;6973;9356;[34,198,146,190,109,118,6,193,172,132,130,22,144,112,93,147,66,157,103,105,74,188,87,37,174,149,167,61,45,138,178,9,78,128,42,120,3,121,162,126,143,160,91,1,33,124,94,196,36,182,104,17,82,23,189,81,0,85,19,26,176,46,12,49,170,95,38,139,65,20,51,50,21,48,180,4,84,67,32,72,163,25,70,41,142,117,77,113,156,71,165,2,184,8,173,18,137,110,101,59,80,100,30,134,148,11,97,58,54,151,7,191,181,68,123,44,131,158,62,195,119,43,39,107,55,14,13,111,52,89,75,129,15,135,53,183,69,159,164,90,28,155,73,99,106,136,115,152,35,161,102,86,133,76,122,116,16,125,145,140,92,108,192,40,169,194,29,154,60,177,27,185,127,96,171,141,98,114,64,79,179,47,88,5,186,199,83,153,166,24,150,10,187,175,57,197,168,31,56,63];True
2392;6965;9357;[34,198,146,190,109,118,6,193,172,132,130,22,144,112,93,147,66,157,103,105,74,188,87,37,174,149,167,61,45,138,178,9,78,128,42,120,3,121,162,126,143,160,91,1,33,124,94,196,36,182,104,17,82,23,189,81,0,85,19,26,176,46,12,49,170,95,38,139,65,20,51,50,48,21,180,4,84,67,32,72,163,25,70,41,142,117,77,113,156,71,165,2,184,8,173,18,86,110,101,59,80,100,30,134,148,11,97,58,54,151,7,191,181,68,123,44,131,158,62,195,119,43,39,107,55,14,13,111,52,89,75,129,15,135,53,183,69,159,164,90,28,155,73,99,106,136,115,152,35,161,102,137,133,76,122,116,16,125,145,140,92,108,192,40,169,194,29,154,60,177,27,185,127,96,171,141,98,114,64,79,179,47,88,5,186,199,83,153,166,24,150,10,187,175,57,197,168,31,56,63];True
2385;6972;9357;[34,198,146,190,109,118,6,193,172,132,130,22,144,112,93,147,66,157,103,105,74,188,87,37,174,149,167,61,45,138,178,9,78,128,42,120,3,121,162,126,143,160,91,1,33,124,94,196,36,182,104,17,82,23,189,81,0,85,19,26,176,2,12,49,170,95,38,139,65,20,51,50,21,48,180,4,84,67,32,72,163,25,70,41,142,117,77,113,156,71,165,46,184,8,173,18,86,110,101,59,80,100,30,134,148,11,97,58,54,151,7,191,181,68,123,44,131,158,62,195,119,43,39,107,55,14,13,111,52,89,75,129,15,135,53,183,69,159,164,90,28,155,73,99,106,136,115,152,35,161,102,137,133,76,122,116,16,125,145,140,92,108,192,40,169,194,29,154,60,177,27,185,127,96,171,141,98,114,64,79,179,47,88,5,186,199,83,153,166,24,150,10,187,175,57,197,168,31,56,63];True
2388;6971;9359;[34,198,146,190,109,118,6,193,172,132,130,22,144,112,93,147,66,157,103,105,74,188,87,37,174,149,167,61,45,138,178,9,78,128,42,120,3,121,162,126,143,160,91,1,33,124,94,196,36,182,104,17,82,23,189,81,0,85,19,26,176,2,12,49,170,95,38,139,65,20,51,50,48,21,180,4,84,67,32,72,163,25,70,41,142,117,77,113,156,71,165,46,184,8,173,18,86,110,101,59,80,100,30,134,148,11,97,58,54,151,7,191,181,68,123,44,131,158,62,195,119,43,39,107,55,14,13,111,52,89,75,129,15,135,53,183,69,159,164,90,28,155,73,99,106,136,115,152,35,161,102,137,133,76,122,116,16,125,145,140,92,108,192,40,169,194,29,154,60,177,27,185,127,96,171,141,98,114,64,79,179,47,88,5,186,199,83,153,166,24,150,10,187,175,57,197,168,31,56,63];True
2410;6962;9372;[34,198,146,190,109,118,6,193,172,132,130,22,144,112,93,147,66,157,103,105,74,188,87,37,174,149,167,61,45,138,178,9,78,128,42,120,3,121,162,126,143,160,91,1,33,124,94,196,36,182,104,17,82,23,189,81,0,85,19,26,176,46,12,49,170,95,38,139,65,20,51,50,21,48,180,4,84,67,32,72,163,25,70,41,142,117,57,113,156,71,165,2,184,8,173,18,86,110,101,59,80,100,30,134,148,11,97,58,54,151,7,191,181,68,123,44,131,158,62,195,119,43,39,107,55,14,13,111,52,89,75,129,15,135,53,183,69,159,164,90,28,155,73,99,106,136,115,152,35,161,102,137,133,76,122,116,16,125,145,140,92,108,192,40,169,194,29,154,60,177,27,185,127,96,171,141,98,114,64,79,179,47,88,5,186,199,83,153,166,24,150,10,187,175,77,197,168,31,56,63];True
2413;6959;9372;[34,198,146,190,109,118,6,193,172,132,130,22,12,112,93,147,66,157,103,105,74,188,87,37,174,149,167,61,45,138,178,9,78,128,42,120,3,121,162,126,143,160,91,1,33,124,94,196,36,182,104,17,82,23,189,81,0,85,19,26,176,46,144,49,170,95,38,139,65,20,51,50,21,48,180,4,84,67,32,72,163,25,70,41,142,117,77,113,156,71,165,2,184,8,173,18,137,158,101,59,80,100,30,134,148,11,97,58,54,151,7,191,181,68,123,44,131,110,62,195,119,43,39,107,55,14,13,111,52,89,75,129,15,135,53,183,69,159,164,90,28,155,73,99,106,136,115,152,35,161,102,86,133,76,122,116,16,125,145,140,92,108,192,40,169,194,29,154,60,177,27,185,127,96,171,141,98,114,64,79,179,47,88,5,186,199,83,153,166,24,150,10,187,175,57,197,168,31,56,63];True
2416;6958;9374;[34,198,146,190,109,118,6,193,172,132,130,22,12,112,93,147,66,157,103,105,74,188,87,37,174,149,167,61,45,138,178,9,78,128,42,120,3,121,162,126,143,160,91,1,33,124,94,196,36,182,104,17,82,23,189,81,0,85,19,26,176,46,144,49,170,95,38,139,65,20,51,50,48,21,180,4,84,67,32,72,163,25,70,41,142,117,77,113,156,71,165,2,184,8,173,18,137,158,101,59,80,100,30,134,148,11,97,58,54,151,7,191,181,68,123,44,131,110,62,195,119,43,39,107,55,14,13,111,52,89,75,129,15,135,53,183,69,159,164,90,28,155,73,99,106,136,115,152,35,161,102,86,133,76,122,116,16,125,145,140,92,108,192,40,169,194,29,154,60,177,27,185,127,96,171,141,98,114,64,79,179,47,88,5,186,199,83,153,166,24,150,10,187,175,57,197,168,31,56,63];True
1315;8065;9380;[61,195,129,70,19,87,121,178,2,142,130,84,77,152,93,147,66,157,103,90,74,188,144,184,115,117,167,81,182,65,41,22,124,180,42,57,197,8,16,126,35,160,91,88,47,78,128,196,36,46,140,92,82,23,127,7,0,45,132,26,176,193,109,20,170,166,38,139,63,118,48,194,31,198,174,9,143,67,32,72,163,25,51,50,190,10,165,113,156,71,44,138,37,94,173,18,131,119,11,59,80,100,30,134,148,4,97,58,158,43,34,122,181,68,123,6,149,60,54,151,133,187,39,107,105,14,13,172,12,89,75,125,76,108,53,183,69,159,164,189,28,155,73,99,106,136,49,112,17,161,102,86,110,1,101,52,104,179,145,56,21,135,192,40,169,85,29,154,116,177,27,185,111,96,171,141,98,114,64,79,33,55,15,5,186,199,83,153,150,24,95,137,175,62,120,3,168,191,162,146];True
2426;6955;9381;[34,198,146,190,109,147,6,193,172,132,130,22,144,112,93,118,66,157,103,105,74,188,87,37,174,149,167,61,45,138,178,9,78,128,42,120,3,121,162,126,143,160,91,1,33,124,94,196,36,182,104,17,82,23,189,81,0,85,19,26,176,46,12,49,170,95,38,139,65,20,51,50,21,48,180,4,84,67,32,72,163,25,70,41,142,117,77,113,156,71,165,2,184,8,173,18,86,110,101,59,80,100,30,134,148,11,97,58,54,151,7,191,181,68,123,44,131,158,62,195,119,43,39,107,55,14,13,111,52,89,75,129,15,135,53,183,69,159,164,90,28,155,73,99,106,136,115,152,35,161,102,137,133,76,122,116,16,125,145,140,92,108,192,40,169,194,29,154,60,177,27,185,127,96,171,141,98,114,64,79,179,47,88,5,186,199,83,153,166,24,150,10,187,175,57,197,168,31,56,63];True
2429;6954;9383;[34,198,146,190,109,147,6,193,172,132,130,22,144,112,93,118,66,157,103,105,74,188,87,37,174,149,167,61,45,138,178,9,78,128,42,120,3,121,162,126,143,160,91,1,33,124,94,196,36,182,104,17,82,23,189,81,0,85,19,26,176,46,12,49,170,95,38,139,65,20,51,50,48,21,180,4,84,67,32,72,163,25,70,41,142,117,77,113,156,71,165,2,184,8,173,18,86,110,101,59,80,100,30,134,148,11,97,58,54,151,7,191,181,68,123,44,131,158,62,195,119,43,39,107,55,14,13,111,52,89,75,129,15,135,53,183,69,159,164,90,28,155,73,99,106,136,115,152,35,161,102,137,133,76,122,116,16,125,145,140,92,108,192,40,169,194,29,154,60,177,27,185,127,96,171,141,98,114,64,79,179,47,88,5,186,199,83,153,166,24,150,10,187,175,57,197,168,31,56,63];True
2443;6943;9386;[34,198,146,190,109,118,6,193,172,132,130,22,12,112,93,147,66,157,103,105,74,188,87,37,174,149,167,61,45,138,178,9,78,128,42,120,3,121,162,126,143,160,91,1,33,124,94,196,36,182,104,17,82,23,189,81,0,85,19,26,176,46,144,49,170,95,38,139,65,20,51,50,21,48,180,4,84,67,32,72,163,25,70,41,142,117,77,113,156,71,165,2,184,8,173,18,86,110,101,59,80,100,30,134,148,11,97,58,54,151,7,191,181,68,123,44,131,158,62,195,119,43,39,107,55,14,13,111,52,89,75,129,15,135,53,183,69,159,164,90,28,155,73,99,106,136,115,152,35,161,102,137,133,76,122,116,16,125,145,140,92,108,192,40,169,194,29,154,60,177,27,185,127,96,171,141,98,114,64,79,179,47,88,5,186,199,83,153,166,24,150,10,187,175,57,197,168,31,56,63];True
2436;6951;9387;[34,198,146,190,109,118,6,193,172,132,130,22,12,112,93,147,66,157,103,105,74,188,87,37,174,149,167,61,45,138,178,9,78,128,42,120,3,121,162,126,143,160,91,1,33,124,94,196,36,182,104,17,82,23,189,81,0,85,19,26,176,46,144,49,170,95,38,139,65,20,51,50,21,48,180,4,84,67,32,72,163,25,70,41,142,117,11,113,156,71,165,2,184,8,173,18,86,110,101,59,80,100,30,134,148,77,97,58,54,151,7,191,181,68,123,44,131,158,62,195,119,43,39,107,55,14,13,111,52,89,75,129,15,135,53,183,69,159,164,90,28,155,73,99,106,136,115,152,35,161,102,137,133,76,122,116,16,125,145,140,92,108,192,40,169,194,29,154,60,177,27,185,127,96,171,141,98,114,64,79,179,47,88,5,186,199,83,153,166,24,150,10,187,175,57,197,168,31,56,63];True
2437;6950;9387;[34,198,146,190,109,118,6,193,172,132,130,22,12,112,93,147,66,157,103,105,74,188,87,37,174,149,167,61,45,138,178,9,78,128,42,120,3,121,162,126,143,160,91,1,33,124,94,196,36,182,104,17,82,23,189,81,0,85,19,26,176,46,144,49,170,95,38,139,65,20,51,50,21,48,180,4,84,67,32,72,163,25,70,41,142,117,77,113,156,71,165,2,184,8,173,18,137,110,101,59,80,100,30,134,148,11,97,58,54,151,7,191,181,68,123,44,131,158,62,195,119,43,39,107,55,14,13,111,52,89,75,129,15,135,53,183,69,159,164,90,28,155,73,99,106,136,115,152,35,161,102,86,133,76,122,116,16,125,145,140,92,108,192,40,169,194,29,154,60,177,27,185,127,96,171,141,98,114,64,79,179,47,88,5,186,199,83,153,166,24,150,10,187,175,57,197,168,31,56,63];True
2446;6942;9388;[34,198,146,190,109,118,6,193,172,132,130,22,12,112,93,147,66,157,103,105,74,188,87,37,174,149,167,61,45,138,178,9,78,128,42,120,3,121,162,126,143,160,91,1,33,124,94,196,36,182,104,17,82,23,189,81,0,85,19,26,176,46,144,49,170,95,38,139,65,20,51,50,48,21,180,4,84,67,32,72,163,25,70,41,142,117,77,113,156,71,165,2,184,8,173,18,86,110,101,59,80,100,30,134,148,11,97,58,54,151,7,191,181,68,123,44,131,158,62,195,119,43,39,107,55,14,13,111,52,89,75,129,15,135,53,183,69,159,164,90,28,155,73,99,106,136,115,152,35,161,102,137,133,76,122,116,16,125,145,140,92,108,192,40,169,194,29,154,60,177,27,185,127,96,171,141,98,114,64,79,179,47,88,5,186,199,83,153,166,24,150,10,187,175,57,197,168,31,56,63];True
2440;6949;9389;[34,198,146,190,109,118,6,193,172,132,130,22,12,112,93,147,66,157,103,105,74,188,87,37,174,149,167,61,45,138,178,9,78,128,42,120,3,121,162,126,143,160,91,1,33,124,94,196,36,182,104,17,82,23,189,81,0,85,19,26,176,46,144,49,170,95,38,139,65,20,51,50,48,21,180,4,84,67,32,72,163,25,70,41,142,117,77,113,156,71,165,2,184,8,173,18,137,110,101,59,80,100,30,134,148,11,97,58,54,151,7,191,181,68,123,44,131,158,62,195,119,43,39,107,55,14,13,111,52,89,75,129,15,135,53,183,69,159,164,90,28,155,73,99,106,136,115,152,35,161,102,86,133,76,122,116,16,125,145,140,92,108,192,40,169,194,29,154,60,177,27,185,127,96,171,141,98,114,64,79,179,47,88,5,186,199,83,153,166,24,150,10,187,175,57,197,168,31,56,63];True
2464;6939;9403;[34,198,146,190,109,118,6,193,172,132,130,22,12,112,93,147,66,157,103,105,74,188,87,37,174,149,167,61,45,138,178,9,78,128,42,120,3,121,162,126,143,160,91,1,33,124,94,196,36,182,104,17,82,23,189,81,0,85,19,26,176,46,144,49,170,95,38,139,65,20,51,50,21,48,180,4,84,67,32,72,163,25,70,41,142,117,57,113,156,71,165,2,184,8,173,18,86,110,101,59,80,100,30,134,148,11,97,58,54,151,7,191,181,68,123,44,131,158,62,195,119,43,39,107,55,14,13,111,52,89,75,129,15,135,53,183,69,159,164,90,28,155,73,99,106,136,115,152,35,161,102,137,133,76,122,116,16,125,145,140,92,108,192,40,169,194,29,154,60,177,27,185,127,96,171,141,98,114,64,79,179,47,88,5,186,199,83,153,166,24,150,10,187,175,77,197,168,31,56,63];True
2467;6938;9405;[34,198,146,190,109,118,6,193,172,132,130,22,12,112,93,147,66,157,103,105,74,188,87,37,174,149,167,61,45,138,178,9,78,128,42,120,3,121,162,126,143,160,91,1,33,124,94,196,36,182,104,17,82,23,189,81,0,85,19,26,176,46,144,49,170,95,38,139,65,20,51,50,48,21,180,4,84,67,32,72,163,25,70,41,142,117,57,113,156,71,165,2,184,8,173,18,86,110,101,59,80,100,30,134,148,11,97,58,54,151,7,191,181,68,123,44,131,158,62,195,119,43,39,107,55,14,13,111,52,89,75,129,15,135,53,183,69,159,164,90,28,155,73,99,106,136,115,152,35,161,102,137,133,76,122,116,16,125,145,140,92,108,192,40,169,194,29,154,60,177,27,185,127,96,171,141,98,114,64,79,179,47,88,5,186,199,83,153,166,24,150,10,187,175,77,197,168,31,56,63];True
2480;6932;9412;[34,198,146,190,109,147,6,193,172,132,130,22,12,112,93,118,66,157,103,105,74,188,87,37,174,149,167,61,45,138,178,9,78,128,42,120,3,121,162,126,143,160,91,1,33,124,94,196,36,182,104,17,82,23,189,81,0,85,19,26,176,46,144,49,170,95,38,139,65,20,51,50,21,48,180,4,84,67,32,72,163,25,70,41,142,117,77,113,156,71,165,2,184,8,173,18,86,110,101,59,80,100,30,134,148,11,97,58,54,151,7,191,181,68,123,44,131,158,62,195,119,43,39,107,55,14,13,111,52,89,75,129,15,135,53,183,69,159,164,90,28,155,73,99,106,136,115,152,35,161,102,137,133,76,122,116,16,125,145,140,92,108,192,40,169,194,29,154,60,177,27,185,127,96,171,141,98,114,64,79,179,47,88,5,186,199,83,153,166,24,150,10,187,175,57,197,168,31,56,63];True
2483;6931;9414;[34,198,146,190,109,147,6,193,172,132,130,22,12,112,93,118,66,157,103,105,74,188,87,37,174,149,167,61,45,138,178,9,78,128,42,120,3,121,162,126,143,160,91,1,33,124,94,196,36,182,104,17,82,23,189,81,0,85,19,26,176,46,144,49,170,95,38,139,65,20,51,50,48,21,180,4,84,67,32,72,163,25,70,41,142,117,77,113,156,71,165,2,184,8,173,18,86,110,101,59,80,100,30,134,148,11,97,58,54,151,7,191,181,68,123,44,131,158,62,195,119,43,39,107,55,14,13,111,52,89,75,129,15,135,53,183,69,159,164,90,28,155,73,99,106,136,115,152,35,161,102,137,133,76,122,116,16,125,145,140,92,108,192,40,169,194,29,154,60,177,27,185,127,96,171,141,98,114,64,79,179,47,88,5,186,199,83,153,166,24,150,10,187,175,57,197,168,31,56,63];True
2501;6928;9429;[34,198,146,190,109,147,6,193,172,132,130,22,12,112,93,118,66,157,103,105,74,188,87,37,174,149,167,61,45,138,178,9,78,128,42,120,3,121,162,126,143,160,91,1,33,124,94,196,36,182,104,17,82,23,189,81,0,85,19,26,176,46,144,49,170,95,38,139,65,20,51,50,21,48,180,4,84,67,32,72,163,25,70,41,142,117,57,113,156,71,165,2,184,8,173,18,86,110,101,59,80,100,30,134,148,11,97,58,54,151,7,191,181,68,123,44,131,158,62,195,119,43,39,107,55,14,13,111,52,89,75,129,15,135,53,183,69,159,164,90,28,155,73,99,106,136,115,152,35,161,102,137,133,76,122,116,16,125,145,140,92,108,192,40,169,194,29,154,60,177,27,185,127,96,171,141,98,114,64,79,179,47,88,5,186,199,83,153,166,24,150,10,187,175,77,197,168,31,56,63];True
2504;6927;9431;[34,198,146,190,109,147,6,193,172,132,130,22,12,112,93,118,66,157,103,105,74,188,87,37,174,149,167,61,45,138,178,9,78,128,42,120,3,121,162,126,143,160,91,1,33,124,94,196,36,182,104,17,82,23,189,81,0,85,19,26,176,46,144,49,170,95,38,139,65,20,51,50,48,21,180,4,84,67,32,72,163,25,70,41,142,117,57,113,156,71,165,2,184,8,173,18,86,110,101,59,80,100,30,134,148,11,97,58,54,151,7,191,181,68,123,44,131,158,62,195,119,43,39,107,55,14,13,111,52,89,75,129,15,135,53,183,69,159,164,90,28,155,73,99,106,136,115,152,35,161,102,137,133,76,122,116,16,125,145,140,92,108,192,40,169,194,29,154,60,177,27,185,127,96,171,141,98,114,64,79,179,47,88,5,186,199,83,153,166,24,150,10,187,175,77,197,168,31,56,63];True
2518;6923;9441;[34,198,123,190,109,118,6,193,172,132,130,22,12,112,93,147,66,157,103,105,74,188,87,37,174,149,167,61,45,138,178,9,78,128,42,120,3,121,162,126,143,160,91,1,33,124,94,196,36,182,104,17,16,125,189,81,0,85,19,26,176,46,144,49,170,95,38,139,65,20,51,50,146,21,180,4,84,67,32,72,163,25,70,41,142,117,77,113,156,71,165,2,184,8,173,18,131,110,101,59,80,100,30,134,148,11,97,58,54,151,7,191,181,68,48,82,137,158,62,195,119,43,39,107,55,14,13,111,52,89,75,129,15,135,53,183,69,159,164,90,28,155,73,99,106,136,115,152,35,161,102,86,133,76,122,116,44,23,145,140,92,108,192,40,169,194,29,154,60,177,27,185,127,96,171,141,98,114,64,79,179,47,88,5,186,199,83,153,166,24,150,10,187,175,57,197,168,31,56,63];True
2540;6915;9455;[34,198,123,190,109,118,6,193,172,132,130,22,12,112,93,147,66,157,103,105,74,188,87,37,174,149,167,61,45,138,178,9,78,128,42,120,3,121,162,126,143,160,91,1,33,124,94,196,36,182,104,17,16,125,189,81,0,85,19,26,176,46,144,49,170,95,38,139,65,20,51,50,146,21,180,4,84,67,32,72,163,25,70,41,142,117,77,113,156,71,165,2,184,8,173,18,86,110,101,59,80,100,30,134,148,11,97,58,54,151,7,191,181,68,48,82,131,158,62,195,119,43,39,107,55,14,13,111,52,89,75,129,15,135,53,183,69,159,164,90,28,155,73,99,106,136,115,152,35,161,102,137,133,76,122,116,44,23,145,140,92,108,192,40,169,194,29,154,60,177,27,185,127,96,171,141,98,114,64,79,179,47,88,5,186,199,83,153,166,24,150,10,187,175,57,197,168,31,56,63];True
2534;6922;9456;[34,198,123,190,109,118,6,193,172,132,130,22,12,112,93,147,66,157,103,105,74,188,87,37,174,149,167,61,45,138,178,9,78,128,42,120,3,121,162,126,143,160,91,1,33,124,94,196,36,182,104,17,16,125,189,81,0,85,19,26,176,46,144,49,170,95,38,139,65,20,51,50,146,21,180,4,84,67,32,72,163,25,70,41,142,117,77,113,156,71,165,2,184,8,173,18,137,110,101,59,80,100,30,134,148,11,97,58,54,151,7,191,181,68,48,82,131,158,62,195,119,43,39,107,55,14,13,111,52,89,75,129,15,135,53,183,69,159,164,90,28,155,73,99,106,136,115,152,35,161,102,86,133,76,122,116,44,23,145,140,92,108,192,40,169,194,29,154,60,177,27,185,127,96,171,141,98,114,64,79,179,47,88,5,186,199,83,153,166,24,150,10,187,175,57,197,168,31,56,63];True
2539;6919;9458;[34,198,123,190,109,118,6,193,172,132,130,22,12,112,93,147,66,157,103,105,74,188,87,37,174,149,167,61,45,138,178,9,78,128,42,120,3,121,162,126,143,160,91,1,33,124,94,196,36,182,104,17,16,125,189,81,0,85,19,26,176,46,144,49,170,95,38,139,65,20,51,50,146,21,180,4,84,67,32,72,163,25,70,41,142,117,57,113,156,71,165,2,184,8,173,18,131,110,101,59,80,100,30,134,148,11,97,58,54,151,7,191,181,68,48,82,137,158,62,195,119,43,39,107,55,14,13,111,52,89,75,129,15,135,53,183,69,159,164,90,28,155,73,99,106,136,115,152,35,161,102,86,133,76,122,116,44,23,145,140,92,108,192,40,169,194,29,154,60,177,27,185,127,96,171,141,98,114,64,79,179,47,88,5,186,199,83,153,166,24,150,10,187,175,77,197,168,31,56,63];True
2555;6912;9467;[34,198,123,190,109,147,6,193,172,132,130,22,12,112,93,118,66,157,103,105,74,188,87,37,174,149,167,61,45,138,178,9,78,128,42,120,3,121,162,126,143,160,91,1,33,124,94,196,36,182,104,17,16,125,189,81,0,85,19,26,176,46,144,49,170,95,38,139,65,20,51,50,146,21,180,4,84,67,32,72,163,25,70,41,142,117,77,113,156,71,165,2,184,8,173,18,131,110,101,59,80,100,30,134,148,11,97,58,54,151,7,191,181,68,48,82,137,158,62,195,119,43,39,107,55,14,13,111,52,89,75,129,15,135,53,183,69,159,164,90,28,155,73,99,106,136,115,152,35,161,102,86,133,76,122,116,44,23,145,140,92,108,192,40,169,194,29,154,60,177,27,185,127,96,171,141,98,114,64,79,179,47,88,5,186,199,83,153,166,24,150,10,187,175,57,197,168,31,56,63];True
2561;6911;9472;[34,198,123,190,109,118,6,193,172,132,130,22,12,112,93,147,66,157,103,105,74,188,87,37,174,149,167,61,45,138,178,9,78,128,42,120,3,121,162,126,143,160,91,1,33,124,94,196,36,182,104,17,16,125,189,81,0,85,19,26,176,46,144,49,170,95,38,139,65,20,51,50,146,21,180,4,84,67,32,72,163,25,70,41,142,117,57,113,156,71,165,2,184,8,173,18,86,110,101,59,80,100,30,134,148,11,97,58,54,151,7,191,181,68,48,82,131,158,62,195,119,43,39,107,55,14,13,111,52,89,75,129,15,135,53,183,69,159,164,90,28,155,73,99,106,136,115,152,35,161,102,137,133,76,122,116,44,23,145,140,92,108,192,40,169,194,29,154,60,177,27,185,127,96,171,141,98,114,64,79,179,47,88,5,186,199,83,153,166,24,150,10,187,175,77,197,168,31,56,63];True
2577;6904;9481;[34,198,123,190,109,147,6,193,172,132,130,22,12,112,93,118,66,157,103,105,74,188,87,37,174,149,167,61,45,138,178,9,78,128,42,120,3,121,162,126,143,160,91,1,33,124,94,196,36,182,104,17,16,125,189,81,0,85,19,26,176,46,144,49,170,95,38,139,65,20,51,50,146,21,180,4,84,67,32,72,163,25,70,41,142,117,77,113,156,71,165,2,184,8,173,18,86,110,101,59,80,100,30,134,148,11,97,58,54,151,7,191,181,68,48,82,131,158,62,195,119,43,39,107,55,14,13,111,52,89,75,129,15,135,53,183,69,159,164,90,28,155,73,99,106,136,115,152,35,161,102,137,133,76,122,116,44,23,145,140,92,108,192,40,169,194,29,154,60,177,27,185,127,96,171,141,98,114,64,79,179,47,88,5,186,199,83,153,166,24,150,10,187,175,57,197,168,31,56,63];True
2576;6908;9484;[34,198,123,190,109,147,6,193,172,132,130,22,12,112,93,118,66,157,103,105,74,188,87,37,174,149,167,61,45,138,178,9,78,128,42,120,3,121,162,126,143,160,91,1,33,124,94,196,36,182,104,17,16,125,189,81,0,85,19,26,176,46,144,49,170,95,38,139,65,20,51,50,146,21,180,4,84,67,32,72,163,25,70,41,142,117,57,113,156,71,165,2,184,8,173,18,131,110,101,59,80,100,30,134,148,11,97,58,54,151,7,191,181,68,48,82,137,158,62,195,119,43,39,107,55,14,13,111,52,89,75,129,15,135,53,183,69,159,164,90,28,155,73,99,106,136,115,152,35,161,102,86,133,76,122,116,44,23,145,140,92,108,192,40,169,194,29,154,60,177,27,185,127,96,171,141,98,114,64,79,179,47,88,5,186,199,83,153,166,24,150,10,187,175,77,197,168,31,56,63];True
2598;6900;9498;[34,198,123,190,109,147,6,193,172,132,130,22,12,112,93,118,66,157,103,105,74,188,87,37,174,149,167,61,45,138,178,9,78,128,42,120,3,121,162,126,143,160,91,1,33,124,94,196,36,182,104,17,16,125,189,81,0,85,19,26,176,46,144,49,170,95,38,139,65,20,51,50,146,21,180,4,84,67,32,72,163,25,70,41,142,117,57,113,156,71,165,2,184,8,173,18,86,110,101,59,80,100,30,134,148,11,97,58,54,151,7,191,181,68,48,82,131,158,62,195,119,43,39,107,55,14,13,111,52,89,75,129,15,135,53,183,69,159,164,90,28,155,73,99,106,136,115,152,35,161,102,137,133,76,122,116,44,23,145,140,92,108,192,40,169,194,29,154,60,177,27,185,127,96,171,141,98,114,64,79,179,47,88,5,186,199,83,153,166,24,150,10,187,175,77,197,168,31,56,63];True
2625;6897;9522;[34,198,123,190,109,147,6,193,172,132,130,22,12,112,93,118,66,157,103,105,74,188,87,37,174,149,167,61,45,138,178,9,78,128,42,120,3,121,162,126,143,160,91,1,33,124,94,196,36,182,104,17,16,125,189,81,0,85,19,26,176,46,144,49,170,95,38,139,65,20,51,50,146,21,180,4,84,67,32,72,163,25,70,41,142,117,57,113,156,71,165,2,184,8,173,18,86,110,101,59,80,100,30,134,148,11,97,58,54,151,7,191,181,68,48,82,131,158,62,195,119,185,39,107,55,14,13,111,52,89,75,129,15,135,53,183,69,159,164,90,28,155,73,99,106,136,115,152,35,161,102,137,133,76,122,116,44,23,145,140,92,108,192,40,169,194,29,154,60,177,27,43,127,96,171,141,98,114,64,79,179,47,88,5,186,199,83,153,166,24,150,10,187,175,77,197,168,31,56,63];True
2624;6899;9523;[34,198,123,190,109,147,6,193,172,132,130,22,12,112,93,118,66,157,103,105,74,188,87,37,174,149,167,61,45,138,144,9,78,128,42,120,3,121,162,126,143,160,91,1,33,124,94,196,36,182,104,17,16,125,189,81,0,85,19,26,176,46,178,49,170,95,38,139,65,20,51,50,146,21,180,4,84,67,32,72,163,25,70,41,142,117,77,113,156,71,165,2,184,8,173,18,86,110,101,59,80,100,30,134,148,11,97,58,54,151,7,191,181,68,48,82,131,158,62,195,119,43,39,107,55,14,13,111,52,89,75,129,15,135,53,183,69,159,164,90,28,155,73,99,106,136,115,152,35,161,102,137,133,76,122,116,44,23,145,140,92,108,192,40,169,194,29,154,60,177,27,185,127,96,171,141,98,114,64,79,179,47,88,5,186,199,83,153,166,24,150,10,187,175,57,197,168,31,56,63];True
2645;6895;9540;[34,198,123,190,109,147,6,193,172,132,130,22,12,112,93,118,66,157,103,105,74,188,87,37,174,149,167,61,45,138,144,9,78,128,42,120,3,121,162,126,143,160,91,1,33,124,94,196,36,182,104,17,16,125,189,81,0,85,19,26,176,46,178,49,170,95,38,139,65,20,51,50,146,21,180,4,84,67,32,72,163,25,70,41,142,117,57,113,156,71,165,2,184,8,173,18,86,110,101,59,80,100,30,134,148,11,97,58,54,151,7,191,181,68,48,82,131,158,62,195,119,43,39,107,55,14,13,111,52,89,75,129,15,135,53,183,69,159,164,90,28,155,73,99,106,136,115,152,35,161,102,137,133,76,122,116,44,23,145,140,92,108,192,40,169,194,29,154,60,177,27,185,127,96,171,141,98,114,64,79,179,47,88,5,186,199,83,153,166,24,150,10,187,175,77,197,168,31,56,63];True
2654;6890;9544;[34,198,123,190,109,147,6,193,172,132,130,22,12,112,93,118,66,157,103,105,74,188,87,37,174,149,167,61,45,138,178,9,78,128,42,120,3,121,162,126,143,160,91,1,33,124,94,196,36,182,104,17,16,23,189,81,0,85,19,26,176,46,144,49,170,95,38,139,65,20,51,50,146,21,180,4,84,67,32,72,163,25,70,41,142,117,77,113,156,71,165,2,184,8,173,18,86,110,101,59,80,100,30,134,148,11,97,58,54,151,7,191,181,68,48,82,131,158,62,195,119,43,39,107,55,14,13,111,52,89,75,129,15,135,53,183,69,159,164,90,28,155,73,99,106,136,115,152,35,161,102,137,133,76,122,116,44,125,145,140,92,108,192,40,169,194,29,154,60,177,27,185,127,96,171,141,98,114,64,79,179,47,88,5,186,199,83,153,166,24,150,10,187,175,57,197,168,31,56,63];True
2653;6894;9547;[34,198,123,190,109,147,6,193,172,132,130,22,12,112,93,118,66,157,103,105,74,188,87,37,174,149,167,61,45,138,178,9,78,128,42,120,3,121,162,126,143,160,91,1,33,124,94,196,36,182,104,17,16,23,189,81,0,85,19,26,176,46,144,49,170,95,38,139,65,20,51,50,146,21,180,4,84,67,32,72,163,25,70,41,142,117,57,113,156,71,165,2,184,8,173,18,131,110,101,59,80,100,30,134,148,11,97,58,54,151,7,191,181,68,48,82,137,158,62,195,119,43,39,107,55,14,13,111,52,89,75,129,15,135,53,183,69,159,164,90,28,155,73,99,106,136,115,152,35,161,102,86,133,76,122,116,44,125,145,140,92,108,192,40,169,194,29,154,60,177,27,185,127,96,171,141,98,114,64,79,179,47,88,5,186,199,83,153,166,24,150,10,187,175,77,197,168,31,56,63];True
2675;6886;9561;[34,198,123,190,109,147,6,193,172,132,130,22,12,112,93,118,66,157,103,105,74,188,87,37,174,149,167,61,45,138,178,9,78,128,42,120,3,121,162,126,143,160,91,1,33,124,94,196,36,182,104,17,16,23,189,81,0,85,19,26,176,46,144,49,170,95,38,139,65,20,51,50,146,21,180,4,84,67,32,72,163,25,70,41,142,117,57,113,156,71,165,2,184,8,173,18,86,110,101,59,80,100,30,134,148,11,97,58,54,151,7,191,181,68,48,82,131,158,62,195,119,43,39,107,55,14,13,111,52,89,75,129,15,135,53,183,69,159,164,90,28,155,73,99,106,136,115,152,35,161,102,137,133,76,122,116,44,125,145,140,92,108,192,40,169,194,29,154,60,177,27,185,127,96,171,141,98,114,64,79,179,47,88,5,186,199,83,153,166,24,150,10,187,175,77,197,168,31,56,63];True
2702;6877;9579;[34,108,188,144,142,19,12,98,132,89,75,149,18,181,68,48,63,118,44,140,123,94,196,36,145,5,113,61,45,138,65,82,187,128,141,119,33,183,162,126,143,160,91,6,77,152,173,7,103,116,104,17,84,122,2,199,0,85,29,35,176,157,136,49,170,95,38,87,37,135,53,56,21,92,147,67,32,3,169,72,163,25,164,90,41,88,70,194,156,71,66,16,190,109,23,78,131,110,101,59,80,100,60,42,129,8,93,115,76,134,112,1,117,57,125,97,58,54,62,47,193,172,39,107,55,14,13,151,52,182,11,167,15,9,28,105,69,159,40,139,146,155,73,99,106,4,192,22,26,161,102,186,148,189,197,124,168,31,74,20,51,50,198,174,178,184,137,158,30,179,27,43,127,96,171,195,111,114,64,79,177,185,175,83,86,133,81,153,166,24,150,10,130,154,120,165,46,180,191,121];True
2708;6876;9584;[34,108,188,144,142,130,12,98,132,89,75,149,18,181,68,48,63,118,44,140,123,94,196,36,145,5,113,61,45,138,65,82,187,128,141,119,33,183,162,126,143,160,91,6,77,152,173,7,103,116,104,17,84,122,2,199,0,85,29,35,176,157,136,49,170,95,38,87,37,135,53,56,21,92,147,67,32,3,169,72,163,25,164,90,41,88,70,194,156,71,66,16,190,109,23,78,131,110,101,59,80,100,60,42,129,8,93,115,76,134,112,1,117,57,125,97,58,54,62,47,193,172,39,107,55,14,13,151,52,182,11,167,15,9,28,105,69,159,40,139,146,155,73,99,106,4,192,22,26,161,102,186,148,189,197,124,168,31,74,20,51,50,198,174,178,184,137,158,30,179,27,43,127,96,171,195,111,114,64,79,177,185,175,83,86,133,81,153,166,24,150,10,19,154,120,165,46,180,191,121];True
2701;6885;9586;[34,198,123,190,109,147,6,193,172,132,130,22,12,112,93,118,66,157,103,105,74,188,87,37,174,149,167,61,45,138,144,9,78,128,42,120,3,121,162,126,143,160,91,1,33,124,94,196,36,182,104,17,16,23,189,81,0,85,19,26,176,46,178,49,170,95,38,139,65,20,51,50,146,21,180,4,84,67,32,72,163,25,70,41,142,117,77,113,156,71,165,2,184,8,173,18,86,110,101,59,80,100,30,134,148,11,97,58,54,151,7,191,181,68,48,82,131,158,62,195,119,43,39,107,55,14,13,111,52,89,75,129,15,135,53,183,69,159,164,90,28,155,73,99,106,136,115,152,35,161,102,137,133,76,122,116,44,125,145,140,92,108,192,40,169,194,29,154,60,177,27,185,127,96,171,141,98,114,64,79,179,47,88,5,186,199,83,153,166,24,150,10,187,175,57,197,168,31,56,63];True
2721;6874;9595;[34,4,188,144,142,19,12,98,132,89,75,149,18,181,68,48,63,118,44,140,123,94,196,36,145,5,113,61,45,138,65,82,187,128,141,119,33,183,162,126,143,160,91,6,77,152,173,7,103,116,104,17,84,122,2,199,0,85,29,35,176,157,136,49,170,95,38,87,37,135,53,56,21,92,147,67,32,3,169,72,163,25,164,90,41,88,70,194,156,71,66,16,190,109,23,78,131,110,101,59,80,100,60,42,129,8,93,115,76,134,112,1,117,57,125,97,58,54,62,47,193,172,39,107,55,14,13,151,52,182,11,167,15,9,28,105,69,159,40,139,146,155,73,99,106,108,192,22,26,161,102,186,148,189,197,124,168,31,74,20,51,50,198,174,178,184,137,158,30,179,27,43,127,96,171,195,111,114,64,79,177,185,175,83,86,133,81,153,166,24,150,10,130,154,120,165,46,180,191,121];True
2726;6870;9596;[34,108,188,144,142,19,12,98,132,89,75,149,18,181,68,48,63,118,44,140,123,94,196,36,145,5,113,61,45,138,65,82,187,128,141,119,33,183,162,126,143,160,91,6,77,152,173,7,103,116,104,17,84,122,2,199,0,85,29,35,176,157,136,49,170,95,38,87,37,135,53,56,21,92,147,67,32,3,169,72,163,25,164,90,41,88,70,194,156,71,66,16,190,109,23,78,131,110,101,59,80,100,30,42,129,8,93,115,76,134,112,1,117,57,125,97,58,54,62,47,193,172,39,107,55,14,13,151,52,182,11,167,15,9,28,105,69,159,40,139,146,155,73,99,106,4,192,22,26,161,102,186,148,189,197,124,168,31,74,20,51,50,198,174,178,184,137,158,60,179,27,43,127,96,171,195,111,114,64,79,177,185,175,83,86,133,81,153,166,24,150,10,130,154,120,165,46,180,191,121];True
2732;6869;9601;[34,108,188,144,142,130,12,98,132,89,75,149,18,181,68,48,63,118,44,140,123,94,196,36,145,5,113,61,45,138,65,82,187,128,141,119,33,183,162,126,143,160,91,6,77,152,173,7,103,116,104,17,84,122,2,199,0,85,29,35,176,157,136,49,170,95,38,87,37,135,53,56,21,92,147,67,32,3,169,72,163,25,164,90,41,88,70,194,156,71,66,16,190,109,23,78,131,110,101,59,80,100,30,42,129,8,93,115,76,134,112,1,117,57,125,97,58,54,62,47,193,172,39,107,55,14,13,151,52,182,11,167,15,9,28,105,69,159,40,139,146,155,73,99,106,4,192,22,26,161,102,186,148,189,197,124,168,31,74,20,51,50,198,174,178,184,137,158,60,179,27,43,127,96,171,195,111,114,64,79,177,185,175,83,86,133,81,153,166,24,150,10,19,154,120,165,46,180,191,121];True
2749;6855;9604;[34,108,188,144,142,19,12,98,132,89,75,149,18,181,68,48,63,118,44,140,124,94,196,36,145,5,113,61,45,138,65,82,187,128,141,119,33,183,162,126,143,160,91,6,77,152,173,7,103,116,104,17,84,122,2,199,0,85,29,35,176,157,136,49,170,95,38,87,37,135,53,56,21,92,147,67,32,3,169,72,163,25,164,90,41,88,70,194,156,71,66,16,190,109,23,78,131,110,101,59,80,100,60,42,129,8,93,115,76,134,112,1,117,57,125,97,58,54,62,47,193,172,39,107,55,14,13,151,52,182,11,167,15,9,28,105,69,159,40,139,146,155,73,99,106,4,192,22,26,161,102,186,148,189,197,123,168,31,74,20,51,50,198,174,178,184,137,158,30,179,27,43,127,96,171,195,111,114,64,79,177,185,175,83,86,133,81,153,166,24,150,10,130,154,120,165,46,180,191,121];True
2747;6857;9604;[34,108,188,144,142,19,2,98,132,89,75,149,18,181,68,48,63,118,44,140,123,94,196,36,145,5,113,61,45,138,65,82,187,128,141,119,33,183,162,126,143,160,91,6,77,152,173,7,103,116,104,17,84,122,12,199,0,85,29,35,176,157,136,49,170,95,38,87,37,135,53,56,21,92,147,67,32,3,169,72,163,25,164,90,41,88,70,194,156,71,66,16,190,109,23,78,131,110,101,59,80,100,60,42,129,8,93,115,76,134,112,1,117,57,125,97,58,54,62,47,193,172,39,107,55,14,13,151,52,182,11,167,15,9,28,105,69,159,40,139,146,155,73,99,106,4,192,22,26,161,102,186,148,189,197,124,168,31,74,20,51,50,198,174,178,184,137,158,30,179,27,43,127,96,171,195,111,114,64,79,177,185,175,83,86,133,81,153,166,24,150,10,130,154,120,165,46,180,191,121];True
2738;6867;9605;[34,108,188,144,142,19,2,98,132,89,75,149,18,181,68,48,63,118,44,140,123,94,196,36,145,5,113,61,45,138,65,82,187,128,141,119,33,183,162,126,143,160,91,6,77,152,173,7,103,116,104,17,84,122,12,199,0,85,29,35,176,157,136,49,170,95,38,87,37,135,53,56,21,92,147,67,32,3,169,72,163,25,164,90,41,88,70,194,156,71,66,16,190,109,23,78,131,110,101,59,80,100,60,42,129,8,93,115,76,134,112,1,117,57,125,97,58,54,62,47,193,172,39,107,55,14,13,151,52,11,182,167,15,9,28,105,69,159,40,139,146,155,73,99,106,4,192,22,26,161,102,186,148,189,197,124,168,31,74,20,51,50,198,174,178,184,137,158,30,179,27,43,127,96,171,195,111,114,64,79,177,185,175,83,86,133,81,153,166,24,150,10,130,154,120,165,46,180,191,121];True
2740;6865;9605;[34,108,188,144,142,19,12,98,132,89,75,149,18,181,68,48,63,118,44,140,124,94,196,36,145,5,113,61,45,138,65,82,187,128,141,119,33,183,162,126,143,160,91,6,77,152,173,7,103,116,104,17,84,122,2,199,0,85,29,35,176,157,136,49,170,95,38,87,37,135,53,56,21,92,147,67,32,3,169,72,163,25,164,90,41,88,70,194,156,71,66,16,190,109,23,78,131,110,101,59,80,100,60,42,129,8,93,115,76,134,112,1,117,57,125,97,58,54,62,47,193,172,39,107,55,14,13,151,52,11,182,167,15,9,28,105,69,159,40,139,146,155,73,99,106,4,192,22,26,161,102,186,148,189,197,123,168,31,74,20,51,50,198,174,178,184,137,158,30,179,27,43,127,96,171,195,111,114,64,79,177,185,175,83,86,133,81,153,166,24,150,10,130,154,120,165,46,180,191,121];True
2755;6854;9609;[34,108,188,144,142,130,12,98,132,89,75,149,18,181,68,48,63,118,44,140,124,94,196,36,145,5,113,61,45,138,65,82,187,128,141,119,33,183,162,126,143,160,91,6,77,152,173,7,103,116,104,17,84,122,2,199,0,85,29,35,176,157,136,49,170,95,38,87,37,135,53,56,21,92,147,67,32,3,169,72,163,25,164,90,41,88,70,194,156,71,66,16,190,109,23,78,131,110,101,59,80,100,60,42,129,8,93,115,76,134,112,1,117,57,125,97,58,54,62,47,193,172,39,107,55,14,13,151,52,182,11,167,15,9,28,105,69,159,40,139,146,155,73,99,106,4,192,22,26,161,102,186,148,189,197,123,168,31,74,20,51,50,198,174,178,184,137,158,30,179,27,43,127,96,171,195,111,114,64,79,177,185,175,83,86,133,81,153,166,24,150,10,19,154,120,165,46,180,191,121];True
2746;6864;9610;[34,108,188,144,142,130,12,98,132,89,75,149,18,181,68,48,63,118,44,140,124,94,196,36,145,5,113,61,45,138,65,82,187,128,141,119,33,183,162,126,143,160,91,6,77,152,173,7,103,116,104,17,84,122,2,199,0,85,29,35,176,157,136,49,170,95,38,87,37,135,53,56,21,92,147,67,32,3,169,72,163,25,164,90,41,88,70,194,156,71,66,16,190,109,23,78,131,110,101,59,80,100,60,42,129,8,93,115,76,134,112,1,117,57,125,97,58,54,62,47,193,172,39,107,55,14,13,151,52,11,182,167,15,9,28,105,69,159,40,139,146,155,73,99,106,4,192,22,26,161,102,186,148,189,197,123,168,31,74,20,51,50,198,174,178,184,137,158,30,179,27,43,127,96,171,195,111,114,64,79,177,185,175,83,86,133,81,153,166,24,150,10,19,154,120,165,46,180,191,121];True
2768;6852;9620;[34,4,188,144,142,19,12,98,132,89,75,149,18,181,68,48,63,118,44,140,124,94,196,36,145,5,113,61,45,138,65,82,187,128,141,119,33,183,162,126,143,160,91,6,77,152,173,7,103,116,104,17,84,122,2,199,0,85,29,35,176,157,136,49,170,95,38,87,37,135,53,56,21,92,147,67,32,3,169,72,163,25,164,90,41,88,70,194,156,71,66,16,190,109,23,78,131,110,101,59,80,100,60,42,129,8,93,115,76,134,112,1,117,57,125,97,58,54,62,47,193,172,39,107,55,14,13,151,52,182,11,167,15,9,28,105,69,159,40,139,146,155,73,99,106,108,192,22,26,161,102,186,148,189,197,123,168,31,74,20,51,50,198,174,178,184,137,158,30,179,27,43,127,96,171,195,111,114,64,79,177,185,175,83,86,133,81,153,166,24,150,10,130,154,120,165,46,180,191,121];True
2771;6850;9621;[34,108,188,144,142,19,2,98,132,89,75,149,18,181,68,48,63,118,44,140,123,94,196,36,145,5,113,61,45,138,65,82,187,128,141,119,33,183,162,126,143,160,91,6,77,152,173,7,103,116,104,17,84,122,12,199,0,85,29,35,176,157,136,49,170,95,38,87,37,135,53,56,21,92,147,67,32,3,169,72,163,25,164,90,41,88,70,194,156,71,66,16,190,109,23,78,131,110,101,59,80,100,30,42,129,8,93,115,76,134,112,1,117,57,125,97,58,54,62,47,193,172,39,107,55,14,13,151,52,182,11,167,15,9,28,105,69,159,40,139,146,155,73,99,106,4,192,22,26,161,102,186,148,189,197,124,168,31,74,20,51,50,198,174,178,184,137,158,60,179,27,43,127,96,171,195,111,114,64,79,177,185,175,83,86,133,81,153,166,24,150,10,130,154,120,165,46,180,191,121];True
2773;6848;9621;[34,108,188,144,142,19,12,98,132,89,75,149,18,181,68,48,63,118,44,140,124,94,196,36,145,5,113,61,45,138,65,82,187,128,141,119,33,183,162,126,143,160,91,6,77,152,173,7,103,116,104,17,84,122,2,199,0,85,29,35,176,157,136,49,170,95,38,87,37,135,53,56,21,92,147,67,32,3,169,72,163,25,164,90,41,88,70,194,156,71,66,16,190,109,23,78,131,110,101,59,80,100,30,42,129,8,93,115,76,134,112,1,117,57,125,97,58,54,62,47,193,172,39,107,55,14,13,151,52,182,11,167,15,9,28,105,69,159,40,139,146,155,73,99,106,4,192,22,26,161,102,186,148,189,197,123,168,31,74,20,51,50,198,174,178,184,137,158,60,179,27,43,127,96,171,195,111,114,64,79,177,185,175,83,86,133,81,153,166,24,150,10,130,154,120,165,46,180,191,121];True
2779;6847;9626;[34,108,188,144,142,130,12,98,132,89,75,149,18,181,68,48,63,118,44,140,124,94,196,36,145,5,113,61,45,138,65,82,187,128,141,119,33,183,162,126,143,160,91,6,77,152,173,7,103,116,104,17,84,122,2,199,0,85,29,35,176,157,136,49,170,95,38,87,37,135,53,56,21,92,147,67,32,3,169,72,163,25,164,90,41,88,70,194,156,71,66,16,190,109,23,78,131,110,101,59,80,100,30,42,129,8,93,115,76,134,112,1,117,57,125,97,58,54,62,47,193,172,39,107,55,14,13,151,52,182,11,167,15,9,28,105,69,159,40,139,146,155,73,99,106,4,192,22,26,161,102,186,148,189,197,123,168,31,74,20,51,50,198,174,178,184,137,158,60,179,27,43,127,96,171,195,111,114,64,79,177,185,175,83,86,133,81,153,166,24,150,10,19,154,120,165,46,180,191,121];True
2794;6835;9629;[34,108,188,144,142,19,2,98,132,89,75,149,18,181,68,48,63,118,44,140,124,94,196,36,145,5,113,61,45,138,65,82,187,128,141,119,33,183,162,126,143,160,91,6,77,152,173,7,103,116,104,17,84,122,12,199,0,85,29,35,176,157,136,49,170,95,38,87,37,135,53,56,21,92,147,67,32,3,169,72,163,25,164,90,41,88,70,194,156,71,66,16,190,109,23,78,131,110,101,59,80,100,60,42,129,8,93,115,76,134,112,1,117,57,125,97,58,54,62,47,193,172,39,107,55,14,13,151,52,182,11,167,15,9,28,105,69,159,40,139,146,155,73,99,106,4,192,22,26,161,102,186,148,189,197,123,168,31,74,20,51,50,198,174,178,184,137,158,30,179,27,43,127,96,171,195,111,114,64,79,177,185,175,83,86,133,81,153,166,24,150,10,130,154,120,165,46,180,191,121];True
2785;6845;9630;[34,108,188,144,142,19,2,98,132,89,75,149,18,181,68,48,63,118,44,140,124,94,196,36,145,5,113,61,45,138,65,82,187,128,141,119,33,183,162,126,143,160,91,6,77,152,173,7,103,116,104,17,84,122,12,199,0,85,29,35,176,157,136,49,170,95,38,87,37,135,53,56,21,92,147,67,32,3,169,72,163,25,164,90,41,88,70,194,156,71,66,16,190,109,23,78,131,110,101,59,80,100,60,42,129,8,93,115,76,134,112,1,117,57,125,97,58,54,62,47,193,172,39,107,55,14,13,151,52,11,182,167,15,9,28,105,69,159,40,139,146,155,73,99,106,4,192,22,26,161,102,186,148,189,197,123,168,31,74,20,51,50,198,174,178,184,137,158,30,179,27,43,127,96,171,195,111,114,64,79,177,185,175,83,86,133,81,153,166,24,150,10,130,154,120,165,46,180,191,121];True
2813;6832;9645;[34,4,188,144,142,19,2,98,132,89,75,149,18,181,68,48,63,118,44,140,124,94,196,36,145,5,113,61,45,138,65,82,187,128,141,119,33,183,162,126,143,160,91,6,77,152,173,7,103,116,104,17,84,122,12,199,0,85,29,35,176,157,136,49,170,95,38,87,37,135,53,56,21,92,147,67,32,3,169,72,163,25,164,90,41,88,70,194,156,71,66,16,190,109,23,78,131,110,101,59,80,100,60,42,129,8,93,115,76,134,112,1,117,57,125,97,58,54,62,47,193,172,39,107,55,14,13,151,52,182,11,167,15,9,28,105,69,159,40,139,146,155,73,99,106,108,192,22,26,161,102,186,148,189,197,123,168,31,74,20,51,50,198,174,178,184,137,158,30,179,27,43,127,96,171,195,111,114,64,79,177,185,175,83,86,133,81,153,166,24,150,10,130,154,120,165,46,180,191,121];True
2818;6828;9646;[34,108,188,144,142,19,2,98,132,89,75,149,18,181,68,48,63,118,44,140,124,94,196,36,145,5,113,61,45,138,65,82,187,128,141,119,33,183,162,126,143,160,91,6,77,152,173,7,103,116,104,17,84,122,12,199,0,85,29,35,176,157,136,49,170,95,38,87,37,135,53,56,21,92,147,67,32,3,169,72,163,25,164,90,41,88,70,194,156,71,66,16,190,109,23,78,131,110,101,59,80,100,30,42,129,8,93,115,76,134,112,1,117,57,125,97,58,54,62,47,193,172,39,107,55,14,13,151,52,182,11,167,15,9,28,105,69,159,40,139,146,155,73,99,106,4,192,22,26,161,102,186,148,189,197,123,168,31,74,20,51,50,198,174,178,184,137,158,60,179,27,43,127,96,171,195,111,114,64,79,177,185,175,83,86,133,81,153,166,24,150,10,130,154,120,165,46,180,191,121];True
2824;6827;9651;[34,108,188,144,142,19,12,98,132,89,75,149,18,181,68,48,63,118,44,140,124,94,196,36,145,5,113,61,45,138,65,82,187,128,141,119,33,183,162,126,143,160,91,6,77,152,173,7,103,116,104,17,84,122,2,199,0,85,29,35,176,157,136,49,170,95,38,87,37,135,53,56,21,92,147,67,32,3,169,23,163,25,164,90,41,88,70,194,156,71,66,16,190,109,72,78,131,110,101,59,80,100,60,42,129,8,93,115,76,134,112,1,117,57,125,97,58,54,62,47,193,172,39,107,55,14,13,151,52,182,11,167,15,9,28,105,69,159,40,139,146,155,73,99,106,4,192,22,26,161,102,186,148,189,197,123,168,31,74,20,51,50,198,174,178,184,137,158,30,179,27,43,127,96,171,195,111,114,64,79,177,185,175,83,86,133,81,153,166,24,150,10,130,154,120,165,46,180,191,121];True
2830;6826;9656;[34,108,188,144,142,130,12,98,132,89,75,149,18,181,68,48,63,118,44,140,124,94,196,36,145,5,113,61,45,138,65,82,187,128,141,119,33,183,162,126,143,160,91,6,77,152,173,7,103,116,104,17,84,122,2,199,0,85,29,35,176,157,136,49,170,95,38,87,37,135,53,56,21,92,147,67,32,3,169,23,163,25,164,90,41,88,70,194,156,71,66,16,190,109,72,78,131,110,101,59,80,100,60,42,129,8,93,115,76,134,112,1,117,57,125,97,58,54,62,47,193,172,39,107,55,14,13,151,52,182,11,167,15,9,28,105,69,159,40,139,146,155,73,99,106,4,192,22,26,161,102,186,148,189,197,123,168,31,74,20,51,50,198,174,178,184,137,158,30,179,27,43,127,96,171,195,111,114,64,79,177,185,175,83,86,133,81,153,166,24,150,10,19,154,120,165,46,180,191,121];True
2837;6825;9662;[34,4,188,144,142,19,2,98,132,89,75,149,18,181,68,48,63,118,44,140,124,94,196,36,145,5,113,61,45,138,65,82,187,128,141,119,33,183,162,126,143,160,91,6,77,152,173,7,103,116,104,17,84,122,12,199,0,85,29,35,176,157,136,49,170,95,38,87,37,135,53,56,21,92,147,67,32,3,169,72,163,25,164,90,41,88,70,194,156,71,66,16,190,109,23,78,131,110,101,59,80,100,30,42,129,8,93,115,76,134,112,1,117,57,125,97,58,54,62,47,193,172,39,107,55,14,13,151,52,182,11,167,15,9,28,105,69,159,40,139,146,155,73,99,106,108,192,22,26,161,102,186,148,189,197,123,168,31,74,20,51,50,198,174,178,184,137,158,60,179,27,43,127,96,171,195,111,114,64,79,177,185,175,83,86,133,81,153,166,24,150,10,130,154,120,165,46,180,191,121];True
2843;6824;9667;[34,4,188,144,142,19,12,98,132,89,75,149,18,181,68,48,63,118,44,140,124,94,196,36,145,5,113,61,45,138,65,82,187,128,141,119,33,183,162,126,143,160,91,6,77,152,173,7,103,116,104,17,84,122,2,199,0,85,29,35,176,157,136,49,170,95,38,87,37,135,53,56,21,92,147,67,32,3,169,23,163,25,164,90,41,88,70,194,156,71,66,16,190,109,72,78,131,110,101,59,80,100,60,42,129,8,93,115,76,134,112,1,117,57,125,97,58,54,62,47,193,172,39,107,55,14,13,151,52,182,11,167,15,9,28,105,69,159,40,139,146,155,73,99,106,108,192,22,26,161,102,186,148,189,197,123,168,31,74,20,51,50,198,174,178,184,137,158,30,179,27,43,127,96,171,195,111,114,64,79,177,185,175,83,86,133,81,153,166,24,150,10,130,154,120,165,46,180,191,121];True
2848;6820;9668;[34,108,188,144,142,19,12,98,132,89,75,149,18,181,68,48,63,118,44,140,124,94,196,36,145,5,113,61,45,138,65,82,187,128,141,119,33,183,162,126,143,160,91,6,77,152,173,7,103,116,104,17,84,122,2,199,0,85,29,35,176,157,136,49,170,95,38,87,37,135,53,56,21,92,147,67,32,3,169,23,163,25,164,90,41,88,70,194,156,71,66,16,190,109,72,78,131,110,101,59,80,100,30,42,129,8,93,115,76,134,112,1,117,57,125,97,58,54,62,47,193,172,39,107,55,14,13,151,52,182,11,167,15,9,28,105,69,159,40,139,146,155,73,99,106,4,192,22,26,161,102,186,148,189,197,123,168,31,74,20,51,50,198,174,178,184,137,158,60,179,27,43,127,96,171,195,111,114,64,79,177,185,175,83,86,133,81,153,166,24,150,10,130,154,120,165,46,180,191,121];True
2846;6822;9668;[34,108,188,144,142,19,2,98,132,89,75,149,18,181,68,48,63,118,44,140,123,94,196,36,145,5,113,61,45,138,65,82,187,128,141,119,33,183,162,126,143,160,91,6,77,152,173,7,103,116,104,17,84,122,12,199,0,85,29,35,176,157,136,49,170,95,38,87,37,135,53,56,21,92,147,67,32,3,169,23,163,25,164,90,41,88,70,194,156,71,66,16,190,109,72,78,131,110,101,59,80,100,30,42,129,8,93,115,76,134,112,1,117,57,125,97,58,54,62,47,193,172,39,107,55,14,13,151,52,182,11,167,15,9,28,105,69,159,40,139,146,155,73,99,106,4,192,22,26,161,102,186,148,189,197,124,168,31,74,20,51,50,198,174,178,184,137,158,60,179,27,43,127,96,171,195,111,114,64,79,177,185,175,83,86,133,81,153,166,24,150,10,130,154,120,165,46,180,191,121];True
2854;6817;9671;[34,108,188,144,142,19,2,98,132,89,75,149,18,181,68,48,63,118,44,140,124,94,196,36,130,5,113,61,45,138,65,82,187,128,141,119,33,183,162,126,143,160,91,6,77,152,173,7,103,116,104,17,84,122,12,199,0,85,29,35,176,157,136,49,170,95,38,87,37,135,53,56,21,92,147,67,32,3,169,72,163,25,164,90,41,88,70,194,156,71,66,16,190,109,23,78,131,110,101,59,80,100,60,42,129,8,93,115,76,134,112,1,117,57,125,97,58,54,62,47,193,172,39,107,55,14,13,151,52,182,11,167,15,9,28,105,69,159,40,139,146,155,73,99,106,4,192,22,26,161,102,186,148,189,197,123,168,31,74,20,51,50,198,174,178,184,137,158,30,179,27,43,127,96,171,195,111,114,64,79,177,185,175,83,86,133,81,153,166,24,150,10,145,154,120,165,46,180,191,121];True
2869;6807;9676;[34,108,188,144,142,19,2,98,132,89,75,149,18,181,68,48,63,118,44,140,124,94,196,36,145,5,113,61,45,138,65,82,187,128,141,119,33,183,162,126,143,160,91,6,77,152,173,7,103,116,104,17,84,122,12,199,0,85,29,35,176,157,136,49,170,95,38,87,37,135,53,56,21,92,147,67,32,3,169,23,163,25,164,90,41,88,70,194,156,71,66,16,190,109,72,78,131,110,101,59,80,100,60,42,129,8,93,115,76,134,112,1,117,57,125,97,58,54,62,47,193,172,39,107,55,14,13,151,52,182,11,167,15,9,28,105,69,159,40,139,146,155,73,99,106,4,192,22,26,161,102,186,148,189,197,123,168,31,74,20,51,50,198,174,178,184,137,158,30,179,27,43,127,96,171,195,111,114,64,79,177,185,175,83,86,133,81,153,166,24,150,10,130,154,120,165,46,180,191,121];True
2888;6804;9692;[34,4,188,144,142,19,2,98,132,89,75,149,18,181,68,48,63,118,44,140,124,94,196,36,145,5,113,61,45,138,65,82,187,128,141,119,33,183,162,126,143,160,91,6,77,152,173,7,103,116,104,17,84,122,12,199,0,85,29,35,176,157,136,49,170,95,38,87,37,135,53,56,21,92,147,67,32,3,169,23,163,25,164,90,41,88,70,194,156,71,66,16,190,109,72,78,131,110,101,59,80,100,60,42,129,8,93,115,76,134,112,1,117,57,125,97,58,54,62,47,193,172,39,107,55,14,13,151,52,182,11,167,15,9,28,105,69,159,40,139,146,155,73,99,106,108,192,22,26,161,102,186,148,189,197,123,168,31,74,20,51,50,198,174,178,184,137,158,30,179,27,43,127,96,171,195,111,114,64,79,177,185,175,83,86,133,81,153,166,24,150,10,130,154,120,165,46,180,191,121];True
2893;6800;9693;[34,108,188,144,142,19,2,98,132,89,75,149,18,181,68,48,63,118,44,140,124,94,196,36,145,5,113,61,45,138,65,82,187,128,141,119,33,183,162,126,143,160,91,6,77,152,173,7,103,116,104,17,84,122,12,199,0,85,29,35,176,157,136,49,170,95,38,87,37,135,53,56,21,92,147,67,32,3,169,23,163,25,164,90,41,88,70,194,156,71,66,16,190,109,72,78,131,110,101,59,80,100,30,42,129,8,93,115,76,134,112,1,117,57,125,97,58,54,62,47,193,172,39,107,55,14,13,151,52,182,11,167,15,9,28,105,69,159,40,139,146,155,73,99,106,4,192,22,26,161,102,186,148,189,197,123,168,31,74,20,51,50,198,174,178,184,137,158,60,179,27,43,127,96,171,195,111,114,64,79,177,185,175,83,86,133,81,153,166,24,150,10,130,154,120,165,46,180,191,121];True
2908;6795;9703;[34,108,188,144,72,137,12,98,132,89,75,149,18,181,68,48,63,118,44,140,124,94,196,36,145,5,113,61,45,138,65,82,187,128,141,119,33,183,162,126,143,160,91,6,77,152,173,7,103,116,104,17,84,122,2,199,0,85,29,35,176,157,136,49,170,95,38,87,37,135,53,56,21,92,147,67,32,3,169,142,163,25,164,90,41,88,70,194,156,71,66,16,190,109,23,78,131,110,101,59,80,100,30,42,129,8,93,115,76,134,112,1,117,57,125,97,58,158,62,47,193,172,39,107,55,14,13,151,52,182,11,167,15,9,28,105,69,159,40,139,146,155,73,99,106,4,192,22,26,161,102,186,148,189,197,123,168,31,74,20,51,50,198,174,178,184,19,154,60,179,27,43,127,96,171,195,111,114,64,79,177,185,175,83,86,133,81,153,166,24,150,10,130,54,120,165,46,180,191,121];True
2921;6792;9713;[34,4,6,87,41,5,185,151,132,89,75,149,18,181,68,48,106,118,44,140,124,94,196,36,145,115,120,3,32,138,65,82,187,128,141,119,33,183,162,126,143,160,91,35,77,152,173,7,103,116,104,17,84,122,12,199,0,85,164,23,66,157,136,49,170,95,182,8,93,19,53,56,21,92,147,67,184,165,169,142,163,25,70,90,176,88,135,37,156,71,38,45,190,109,63,78,131,110,101,59,80,100,30,42,129,139,72,137,76,134,112,1,117,57,61,97,58,158,148,98,193,172,39,107,55,14,13,111,52,40,2,167,15,9,28,105,69,159,188,144,146,155,73,99,125,108,192,22,26,161,102,186,62,189,197,123,168,31,74,20,51,50,198,174,16,194,29,154,60,177,27,43,127,96,171,195,11,114,64,79,179,47,175,83,86,133,81,153,166,24,150,10,130,54,113,178,46,180,191,121];True
2929;6789;9718;[34,108,188,144,142,19,2,98,132,89,75,149,18,181,68,48,63,118,44,140,124,94,196,36,130,5,113,61,45,138,65,82,187,128,141,119,33,183,162,126,143,160,91,6,77,152,173,7,103,116,104,17,84,122,12,199,0,85,29,35,176,157,136,49,170,95,38,87,37,135,53,56,21,92,147,67,32,3,169,23,163,25,164,90,41,88,70,194,156,71,66,16,190,109,72,78,131,110,101,59,80,100,60,42,129,8,93,115,76,134,112,1,117,57,125,97,58,54,62,47,193,172,39,107,55,14,13,151,52,182,11,167,15,9,28,105,69,159,40,139,146,155,73,99,106,4,192,22,26,161,102,186,148,189,197,123,168,31,74,20,51,50,198,174,178,184,137,158,30,179,27,43,127,96,171,195,111,114,64,79,177,185,175,83,86,133,81,153,166,24,150,10,145,154,120,165,46,180,191,121];True
2928;6791;9719;[34,108,188,144,72,137,111,98,132,89,75,149,18,181,68,48,63,118,44,140,123,94,196,36,145,5,113,61,45,138,65,82,187,128,141,119,33,183,162,126,143,160,91,6,77,152,173,7,103,116,104,17,84,122,12,199,0,85,29,35,176,157,136,49,170,95,38,87,37,135,53,56,21,92,147,67,32,3,169,142,163,25,164,90,41,88,70,194,156,71,66,16,190,109,23,78,131,110,101,59,80,100,30,42,129,8,93,115,76,134,112,1,117,57,125,97,58,158,62,47,193,172,39,107,55,14,13,151,52,182,2,167,15,9,28,105,69,159,40,139,146,155,73,99,106,4,192,22,26,161,102,186,148,189,197,124,168,31,74,20,51,50,198,174,178,184,19,154,60,179,27,43,127,96,171,195,11,114,64,79,177,185,175,83,86,133,81,153,166,24,150,10,130,54,120,165,46,180,191,121];True
2934;6788;9722;[34,4,6,87,41,5,185,151,132,89,75,149,18,181,68,48,106,118,44,140,123,94,196,36,145,115,120,3,32,138,65,82,187,128,141,119,33,183,162,126,143,160,91,35,77,152,173,7,103,116,104,17,84,122,12,199,0,85,164,23,66,157,136,49,170,95,182,8,93,19,53,56,21,92,147,67,184,165,169,142,163,25,70,90,176,88,135,37,156,71,38,45,190,109,63,78,131,110,101,59,80,100,30,42,129,139,72,137,76,134,112,1,117,57,61,97,58,158,62,98,193,172,39,107,55,14,13,111,52,40,2,167,15,9,28,105,69,159,188,144,146,155,73,99,125,108,192,22,26,161,102,186,148,189,197,124,168,31,74,20,51,50,198,174,16,194,29,154,60,177,27,43,127,96,171,195,11,114,64,79,179,47,175,83,86,133,81,153,166,24,150,10,130,54,113,178,46,180,191,121];True
2938;6787;9725;[34,108,188,144,142,137,111,98,132,89,75,149,18,181,68,48,63,118,44,140,124,94,196,36,145,5,113,61,45,138,65,82,187,128,141,119,33,183,162,126,143,160,91,6,77,152,173,7,103,116,104,17,84,122,12,199,0,85,29,35,176,157,136,49,170,95,38,87,37,135,53,56,21,92,147,67,32,3,169,72,163,25,164,90,41,88,70,194,156,71,66,16,190,109,23,78,131,110,101,59,80,100,30,42,129,8,93,115,76,134,112,1,117,57,125,97,58,158,62,47,193,172,39,107,55,14,13,151,52,182,2,167,15,9,28,105,69,159,40,139,146,155,73,99,106,4,192,22,26,161,102,186,148,189,197,123,168,31,74,20,51,50,198,174,178,184,19,154,60,179,27,43,127,96,171,195,11,114,64,79,177,185,175,83,86,133,81,153,166,24,150,10,130,54,120,165,46,180,191,121];True
2946;6785;9731;[34,108,188,144,142,137,12,98,132,89,75,149,18,181,68,48,63,118,44,140,124,94,196,36,145,5,113,61,45,138,65,82,187,128,141,119,33,183,162,126,143,160,91,6,77,152,173,7,103,116,104,17,84,122,2,199,0,85,29,35,176,157,136,49,170,95,38,87,37,135,53,56,21,92,147,67,32,3,169,23,163,25,164,90,41,88,70,194,156,71,66,16,190,109,72,78,131,110,101,59,80,100,30,42,129,8,93,115,76,134,112,1,117,57,125,97,58,158,62,47,193,172,39,107,55,14,13,151,52,182,11,167,15,9,28,105,69,159,40,139,146,155,73,99,106,4,192,22,26,161,102,186,148,189,197,123,168,31,74,20,51,50,198,174,178,184,19,154,60,179,27,43,127,96,171,195,111,114,64,79,177,185,175,83,86,133,81,153,166,24,150,10,130,54,120,165,46,180,191,121];True
2949;6783;9732;[34,4,6,87,41,5,185,151,132,89,75,149,18,181,68,48,106,118,44,140,124,94,196,36,145,115,120,3,32,138,65,82,187,128,141,119,33,183,162,126,143,160,91,35,77,152,173,7,103,116,104,17,84,122,12,199,0,85,164,23,66,157,136,49,62,95,182,8,93,19,53,56,21,92,147,67,184,165,169,142,163,25,70,90,176,88,135,37,156,71,38,45,190,109,63,78,131,110,101,59,80,100,30,42,129,139,72,137,76,134,112,1,117,57,61,97,58,158,148,98,193,172,39,107,55,14,13,111,52,40,2,167,15,9,28,105,69,159,188,144,146,155,73,99,125,108,192,22,26,161,102,186,170,189,197,123,168,31,74,20,51,50,198,174,16,194,29,154,60,177,27,43,127,96,171,195,11,114,64,79,179,47,175,83,86,133,81,153,166,24,150,10,130,54,113,178,46,180,191,121];True
2953;6782;9735;[34,108,6,87,41,5,185,151,132,89,75,149,18,181,68,48,63,118,44,140,124,94,196,36,145,115,120,3,32,138,65,82,187,128,141,119,33,183,162,126,143,160,91,35,77,152,173,7,103,116,104,17,84,122,12,199,0,85,164,23,66,157,136,49,170,95,182,8,93,19,53,56,21,92,147,67,184,165,169,142,163,25,70,90,176,88,135,37,105,71,38,45,190,109,125,78,131,110,101,59,80,100,30,42,129,139,72,137,76,134,112,1,117,57,61,97,58,158,148,98,193,172,39,107,55,14,13,111,52,40,2,167,15,9,28,156,69,159,188,144,146,155,73,99,106,4,192,22,26,161,102,186,62,189,197,123,168,31,74,20,51,50,198,174,16,194,29,154,60,177,27,43,127,96,171,195,11,114,64,79,179,47,175,83,86,133,81,153,166,24,150,10,130,54,113,178,46,180,191,121];True
2960;6778;9738;[34,108,6,87,41,5,185,151,132,89,75,149,18,181,68,48,63,118,44,140,123,94,196,36,145,115,120,3,32,138,65,82,187,128,141,119,33,183,162,126,143,160,91,35,77,152,173,7,103,116,104,17,84,122,12,199,0,85,164,23,66,157,136,49,170,95,182,8,93,19,53,56,21,92,147,67,184,165,169,142,163,25,70,90,176,88,135,37,156,71,38,45,190,109,125,78,131,110,101,59,80,100,30,42,129,139,72,137,76,134,112,1,117,57,61,97,58,158,148,98,193,172,39,107,55,14,13,111,52,40,2,167,15,9,28,105,69,159,188,144,146,155,73,99,106,4,192,22,26,161,102,186,62,189,197,124,168,31,74,20,51,50,198,174,16,194,29,154,60,177,27,43,127,96,171,195,11,114,64,79,179,47,175,83,86,133,81,153,166,24,150,10,130,54,113,178,46,180,191,121];True
2968;6774;9742;[34,4,6,87,41,5,185,151,132,89,75,149,18,181,68,48,106,118,44,140,123,94,196,36,145,115,120,3,32,138,65,82,187,128,141,119,33,183,162,126,143,160,91,35,77,152,173,7,103,116,104,17,84,122,12,199,0,85,164,23,66,157,136,49,170,95,182,8,93,19,53,56,21,92,147,67,184,165,169,142,163,25,70,90,176,88,135,37,156,71,38,45,190,109,125,78,131,110,101,59,80,100,30,42,129,139,72,137,76,134,112,1,117,57,61,97,58,158,148,98,193,172,39,107,55,14,13,111,52,40,2,167,15,9,28,105,69,159,188,144,146,155,73,99,63,108,192,22,26,161,102,186,62,189,197,124,168,31,74,20,51,50,198,174,16,194,29,154,60,177,27,43,127,96,171,195,11,114,64,79,179,47,175,83,86,133,81,153,166,24,150,10,130,54,113,178,46,180,191,121];True
2970;6773;9743;[34,4,6,87,41,5,185,151,132,89,75,149,18,181,68,48,63,118,44,140,124,94,196,36,145,115,120,3,32,138,65,82,187,128,141,119,33,183,162,126,143,160,91,35,77,152,173,7,103,116,104,17,84,122,12,199,0,85,164,23,66,157,136,49,170,95,182,8,93,19,53,56,21,92,147,67,184,165,169,142,163,25,70,90,176,88,135,37,105,71,38,45,190,109,125,78,131,110,101,59,80,100,30,42,129,139,72,137,76,134,112,1,117,57,61,97,58,158,148,98,193,172,39,107,55,14,13,111,52,40,2,167,15,9,28,156,69,159,188,144,146,155,73,99,106,108,192,22,26,161,102,186,62,189,197,123,168,31,74,20,51,50,198,174,16,194,29,154,60,177,27,43,127,96,171,195,11,114,64,79,179,47,175,83,86,133,81,153,166,24,150,10,130,54,113,178,46,180,191,121];True
2975;6769;9744;[34,108,188,144,72,137,111,98,132,89,75,149,18,181,68,48,63,118,44,140,124,94,196,36,145,5,113,61,45,138,65,82,187,128,141,119,33,183,162,126,143,160,91,6,77,152,173,7,103,116,104,17,84,122,12,199,0,85,29,35,176,157,136,49,170,95,38,87,37,135,53,56,21,92,147,67,32,3,169,142,163,25,164,90,41,88,70,194,156,71,66,16,190,109,23,78,131,110,101,59,80,100,30,42,129,8,93,115,76,134,112,1,117,57,125,97,58,158,62,47,193,172,39,107,55,14,13,151,52,182,2,167,15,9,28,105,69,159,40,139,146,155,73,99,106,4,192,22,26,161,102,186,148,189,197,123,168,31,74,20,51,50,198,174,178,184,19,154,60,179,27,43,127,96,171,195,11,114,64,79,177,185,175,83,86,133,81,153,166,24,150,10,130,54,120,165,46,180,191,121];True
2981;6766;9747;[34,4,6,87,41,5,185,151,132,89,75,149,18,181,68,48,106,118,44,140,124,94,196,36,145,115,120,3,32,138,65,82,187,128,141,119,33,183,162,126,143,160,91,35,77,152,173,7,103,116,104,17,84,122,12,199,0,85,164,23,66,157,136,49,170,95,182,8,93,19,53,56,21,92,147,67,184,165,169,142,163,25,70,90,176,88,135,37,156,71,38,45,190,109,63,78,131,110,101,59,80,100,30,42,129,139,72,137,76,134,112,1,117,57,61,97,58,158,62,98,193,172,39,107,55,14,13,111,52,40,2,167,15,9,28,105,69,159,188,144,146,155,73,99,125,108,192,22,26,161,102,186,148,189,197,123,168,31,74,20,51,50,198,174,16,194,29,154,60,177,27,43,127,96,171,195,11,114,64,79,179,47,175,83,86,133,81,153,166,24,150,10,130,54,113,178,46,180,191,121];True
2996;6765;9761;[34,4,6,87,41,5,185,151,132,89,75,149,18,181,68,48,106,118,44,140,123,94,196,36,145,115,120,3,32,138,65,82,187,128,141,119,33,183,162,126,143,160,91,35,77,152,173,7,103,116,104,17,84,122,12,199,0,85,164,23,66,157,136,49,62,95,182,8,93,19,53,56,21,92,147,67,184,165,169,142,163,25,70,90,176,88,135,37,156,71,38,45,190,109,125,78,131,110,101,59,80,100,30,42,129,139,72,137,76,134,112,1,117,57,61,97,58,158,148,98,193,172,39,107,55,14,13,111,52,40,2,167,15,9,28,105,69,159,188,144,146,155,73,99,63,108,192,22,26,161,102,186,170,189,197,124,168,31,74,20,51,50,198,174,16,194,29,154,60,177,27,43,127,96,171,195,11,114,64,79,179,47,175,83,86,133,81,153,166,24,150,10,130,54,113,178,46,180,191,121];True
2998;6764;9762;[34,4,6,87,41,5,185,151,132,89,75,149,18,181,68,48,63,118,44,140,124,94,196,36,145,115,120,3,32,138,65,82,187,128,141,119,33,183,162,126,143,160,91,35,77,152,173,7,103,116,104,17,84,122,12,199,0,85,164,23,66,157,136,49,62,95,182,8,93,19,53,56,21,92,147,67,184,165,169,142,163,25,70,90,176,88,135,37,105,71,38,45,190,109,125,78,131,110,101,59,80,100,30,42,129,139,72,137,76,134,112,1,117,57,61,97,58,158,148,98,193,172,39,107,55,14,13,111,52,40,2,167,15,9,28,156,69,159,188,144,146,155,73,99,106,108,192,22,26,161,102,186,170,189,197,123,168,31,74,20,51,50,198,174,16,194,29,154,60,177,27,43,127,96,171,195,11,114,64,79,179,47,175,83,86,133,81,153,166,24,150,10,130,54,113,178,46,180,191,121];True
3007;6756;9763;[34,108,6,87,41,5,185,151,132,89,75,149,18,181,68,48,63,118,44,140,124,94,196,36,145,115,120,3,32,138,65,82,187,128,141,119,33,183,162,126,143,160,91,35,77,152,173,7,103,116,104,17,84,122,12,199,0,85,164,23,66,157,136,49,170,95,182,8,93,19,53,56,21,92,147,67,184,165,169,142,163,25,70,90,176,88,135,37,156,71,38,45,190,109,125,78,131,110,101,59,80,100,30,42,129,139,72,137,76,134,112,1,117,57,61,97,58,158,148,98,193,172,39,107,55,14,13,111,52,40,2,167,15,9,28,105,69,159,188,144,146,155,73,99,106,4,192,22,26,161,102,186,62,189,197,123,168,31,74,20,51,50,198,174,16,194,29,154,60,177,27,43,127,96,171,195,11,114,64,79,179,47,175,83,86,133,81,153,166,24,150,10,130,54,113,178,46,180,191,121];True
3005;6760;9765;[34,4,6,87,41,5,185,151,132,89,75,149,18,181,68,48,63,118,44,140,123,94,196,36,145,115,120,3,32,138,65,82,187,128,141,119,33,183,162,126,143,160,91,35,77,152,173,7,103,116,104,17,84,122,12,199,0,85,164,23,66,157,136,49,62,95,182,8,93,19,53,56,21,92,147,67,184,165,169,142,163,25,70,90,176,88,135,37,156,71,38,45,190,109,125,78,131,110,101,59,80,100,30,42,129,139,72,137,76,134,112,1,117,57,61,97,58,158,148,98,193,172,39,107,55,14,13,111,52,40,2,167,15,9,28,105,69,159,188,144,146,155,73,99,106,108,192,22,26,161,102,186,170,189,197,124,168,31,74,20,51,50,198,174,16,194,29,154,60,177,27,43,127,96,171,195,11,114,64,79,179,47,175,83,86,133,81,153,166,24,150,10,130,54,113,178,46,180,191,121];True
3015;6752;9767;[34,4,6,87,41,5,185,151,132,89,75,149,18,181,68,48,106,118,44,140,124,94,196,36,145,115,120,3,32,138,65,82,187,128,141,119,33,183,162,126,143,160,91,35,77,152,173,7,103,116,104,17,84,122,12,199,0,85,164,23,66,157,136,49,170,95,182,8,93,19,53,56,21,92,147,67,184,165,169,142,163,25,70,90,176,88,135,37,156,71,38,45,190,109,125,78,131,110,101,59,80,100,30,42,129,139,72,137,76,134,112,1,117,57,61,97,58,158,148,98,193,172,39,107,55,14,13,111,52,40,2,167,15,9,28,105,69,159,188,144,146,155,73,99,63,108,192,22,26,161,102,186,62,189,197,123,168,31,74,20,51,50,198,174,16,194,29,154,60,177,27,43,127,96,171,195,11,114,64,79,179,47,175,83,86,133,81,153,166,24,150,10,130,54,113,178,46,180,191,121];True
3024;6747;9771;[34,4,6,87,41,5,185,151,132,89,75,149,18,181,68,48,63,118,44,140,124,94,196,36,145,115,120,3,32,138,65,82,187,128,141,119,33,183,162,126,143,160,91,35,77,152,173,7,103,116,104,17,84,122,12,199,0,85,164,23,66,157,136,49,170,95,182,8,93,19,53,56,21,92,147,67,184,165,169,142,163,25,70,90,176,88,135,37,156,71,38,45,190,109,125,78,131,110,101,59,80,100,30,42,129,139,72,137,76,134,112,1,117,57,61,97,58,158,148,98,193,172,39,107,55,14,13,111,52,40,2,167,15,9,28,105,69,159,188,144,146,155,73,99,106,108,192,22,26,161,102,186,62,189,197,123,168,31,74,20,51,50,198,174,16,194,29,154,60,177,27,43,127,96,171,195,11,114,64,79,179,47,175,83,86,133,81,153,166,24,150,10,130,54,113,178,46,180,191,121];True
3023;6751;9774;[34,4,6,87,41,5,186,151,132,89,75,149,18,181,68,48,106,118,44,140,124,94,196,36,145,115,120,3,32,138,65,82,187,128,141,119,33,183,162,126,143,160,91,35,77,152,173,7,103,116,104,17,84,122,12,199,0,85,164,23,66,157,136,49,170,95,182,8,93,19,53,56,21,92,147,67,184,165,169,142,163,25,70,90,176,88,135,37,156,71,38,45,190,109,125,78,131,110,101,59,80,100,30,42,129,139,72,137,76,134,112,1,117,57,61,97,58,158,148,98,193,172,39,107,55,14,13,111,52,40,2,167,15,9,28,105,69,159,188,144,146,155,73,99,63,108,192,22,26,161,102,185,62,189,197,123,168,31,74,20,51,50,198,174,16,194,29,154,60,177,27,43,127,96,171,195,11,114,64,79,179,47,175,83,86,133,81,153,166,24,150,10,130,54,113,178,46,180,191,121];True
3032;6746;9778;[34,4,6,87,41,5,186,151,132,89,75,149,18,181,68,48,63,118,44,140,124,94,196,36,145,115,120,3,32,138,65,82,187,128,141,119,33,183,162,126,143,160,91,35,77,152,173,7,103,116,104,17,84,122,12,199,0,85,164,23,66,157,136,49,170,95,182,8,93,19,53,56,21,92,147,67,184,165,169,142,163,25,70,90,176,88,135,37,156,71,38,45,190,109,125,78,131,110,101,59,80,100,30,42,129,139,72,137,76,134,112,1,117,57,61,97,58,158,148,98,193,172,39,107,55,14,13,111,52,40,2,167,15,9,28,105,69,159,188,144,146,155,73,99,106,108,192,22,26,161,102,185,62,189,197,123,168,31,74,20,51,50,198,174,16,194,29,154,60,177,27,43,127,96,171,195,11,114,64,79,179,47,175,83,86,133,81,153,166,24,150,10,130,54,113,178,46,180,191,121];True
3037;6743;9780;[34,4,6,87,41,5,185,151,132,89,75,149,18,181,68,48,63,118,44,140,123,94,196,36,145,115,120,3,32,138,65,82,187,128,141,119,33,183,162,126,143,160,91,35,77,152,173,7,103,116,104,17,84,122,12,199,0,85,164,23,66,157,136,49,170,95,182,8,93,19,53,56,21,92,147,67,184,165,169,142,163,25,70,90,176,88,135,37,156,71,38,45,190,109,125,78,131,110,101,59,80,100,30,42,129,139,72,137,76,134,112,1,117,57,61,97,58,158,62,98,193,172,39,107,55,14,13,111,52,40,2,167,15,9,28,105,69,159,188,144,146,155,73,99,106,108,192,22,26,161,102,186,148,189,197,124,168,31,74,20,51,50,198,174,16,194,29,154,60,177,27,43,127,96,171,195,11,114,64,79,179,47,175,83,86,133,81,153,166,24,150,10,130,54,113,178,46,180,191,121];True
3052;6738;9790;[34,4,6,87,41,5,185,151,132,89,75,149,18,181,68,48,63,118,44,140,124,94,196,36,145,115,120,3,32,138,65,82,187,128,141,119,33,183,162,126,143,160,91,35,77,152,173,7,103,116,104,17,84,122,12,199,0,85,164,23,66,157,136,49,62,95,182,8,93,19,53,56,21,92,147,67,184,165,169,142,163,25,70,90,176,88,135,37,156,71,38,45,190,109,125,78,131,110,101,59,80,100,30,42,129,139,72,137,76,134,112,1,117,57,61,97,58,158,148,98,193,172,39,107,55,14,13,111,52,40,2,167,15,9,28,105,69,159,188,144,146,155,73,99,106,108,192,22,26,161,102,186,170,189,197,123,168,31,74,20,51,50,198,174,16,194,29,154,60,177,27,43,127,96,171,195,11,114,64,79,179,47,175,83,86,133,81,153,166,24,150,10,130,54,113,178,46,180,191,121];True
3067;6730;9797;[34,108,6,87,41,5,185,151,132,89,75,149,18,181,68,48,63,118,44,140,124,94,196,36,145,115,120,3,32,138,65,82,187,128,141,119,33,183,162,126,143,160,91,35,77,152,173,7,103,116,104,17,84,122,12,199,0,85,164,23,66,157,136,49,170,95,182,8,93,19,53,56,21,92,147,67,184,165,169,142,163,25,70,90,176,88,135,37,156,71,38,45,190,109,125,78,131,110,101,59,80,100,30,42,129,139,72,137,76,134,112,1,117,57,61,97,58,158,62,98,193,172,39,107,55,14,13,111,52,40,2,167,15,9,28,105,69,159,188,144,146,155,73,99,106,4,192,22,26,161,102,186,148,189,197,123,168,31,74,20,51,50,198,174,16,194,29,154,60,177,27,43,127,96,171,195,11,114,64,79,179,47,175,83,86,133,81,153,166,24,150,10,130,54,113,178,46,180,191,121];True
3075;6726;9801;[34,4,6,87,41,5,185,151,132,89,75,149,18,181,68,48,106,118,44,140,124,94,196,36,145,115,120,3,32,138,65,82,187,128,141,119,33,183,162,126,143,160,91,35,77,152,173,7,103,116,104,17,84,122,12,199,0,85,164,23,66,157,136,49,170,95,182,8,93,19,53,56,21,92,147,67,184,165,169,142,163,25,70,90,176,88,135,37,156,71,38,45,190,109,125,78,131,110,101,59,80,100,30,42,129,139,72,137,76,134,112,1,117,57,61,97,58,158,62,98,193,172,39,107,55,14,13,111,52,40,2,167,15,9,28,105,69,159,188,144,146,155,73,99,63,108,192,22,26,161,102,186,148,189,197,123,168,31,74,20,51,50,198,174,16,194,29,154,60,177,27,43,127,96,171,195,11,114,64,79,179,47,175,83,86,133,81,153,166,24,150,10,130,54,113,178,46,180,191,121];True
3084;6721;9805;[34,4,6,87,41,5,185,151,132,89,75,149,18,181,68,48,63,118,44,140,124,94,196,36,145,115,120,3,32,138,65,82,187,128,141,119,33,183,162,126,143,160,91,35,77,152,173,7,103,116,104,17,84,122,12,199,0,85,164,23,66,157,136,49,170,95,182,8,93,19,53,56,21,92,147,67,184,165,169,142,163,25,70,90,176,88,135,37,156,71,38,45,190,109,125,78,131,110,101,59,80,100,30,42,129,139,72,137,76,134,112,1,117,57,61,97,58,158,62,98,193,172,39,107,55,14,13,111,52,40,2,167,15,9,28,105,69,159,188,144,146,155,73,99,106,108,192,22,26,161,102,186,148,189,197,123,168,31,74,20,51,50,198,174,16,194,29,154,60,177,27,43,127,96,171,195,11,114,64,79,179,47,175,83,86,133,81,153,166,24,150,10,130,54,113,178,46,180,191,121];True
3120;6716;9836;[34,4,6,87,41,5,185,151,132,89,75,149,18,181,68,48,63,118,44,140,124,94,196,36,145,115,120,3,32,138,65,82,187,128,141,119,33,183,162,126,143,160,91,35,77,152,173,7,103,116,104,17,84,122,12,199,0,85,164,23,66,157,136,49,170,95,182,8,93,19,150,56,21,92,147,67,184,165,169,142,163,25,70,90,176,88,135,37,156,71,38,45,190,109,125,78,131,110,101,59,80,100,30,42,129,139,72,137,76,134,112,1,117,57,61,97,58,158,62,98,193,172,39,107,55,14,13,111,52,40,2,167,15,9,28,105,69,159,188,144,146,155,73,99,106,108,192,22,26,161,102,186,148,189,197,123,168,31,74,20,51,50,198,174,16,194,29,154,60,177,27,43,127,96,171,195,11,114,64,79,179,47,175,83,86,133,81,153,166,24,53,10,130,54,113,178,46,180,191,121];True
3151;6713;9864;[34,4,6,87,41,5,185,151,132,89,75,149,18,181,68,48,106,118,44,140,124,94,196,36,145,115,120,3,184,138,65,82,187,128,141,119,33,183,162,126,143,160,91,35,77,152,173,7,103,116,104,17,84,122,12,199,0,85,164,23,66,157,136,49,170,95,182,8,93,19,53,56,21,92,147,67,32,165,169,142,163,25,70,90,176,88,135,37,156,71,38,45,190,109,125,78,131,110,101,59,80,100,30,42,129,139,72,137,76,134,112,1,117,57,61,97,58,158,62,98,193,172,39,107,55,14,13,111,52,40,2,167,15,9,28,105,69,159,188,144,146,155,73,99,63,108,192,22,26,161,102,186,148,189,197,123,168,31,74,20,51,50,198,174,16,194,29,154,60,177,27,43,127,96,171,195,11,114,64,79,179,47,175,83,86,133,81,153,166,24,150,10,130,54,113,178,46,180,191,121];True
3159;6707;9866;[34,108,6,87,41,5,185,151,132,89,75,149,18,181,68,48,63,118,44,140,124,94,196,36,145,115,120,3,32,138,65,82,187,128,141,119,33,183,162,126,143,160,91,35,77,152,173,7,103,116,104,17,84,122,12,199,0,85,164,23,66,157,136,137,170,95,182,8,93,19,53,56,21,92,147,67,184,165,169,142,163,25,70,90,176,88,135,37,156,71,38,45,190,109,72,78,131,110,101,59,80,100,30,42,129,139,125,49,76,134,112,1,117,57,61,97,58,158,62,98,193,172,39,107,55,14,13,111,52,40,2,167,15,9,28,105,69,159,188,144,146,155,73,99,106,4,192,22,26,161,102,186,148,189,197,123,168,31,74,20,51,50,198,174,16,194,29,154,60,177,27,43,127,96,171,195,11,114,64,79,179,47,175,83,86,133,81,153,166,24,150,10,130,54,113,178,46,180,191,121];True
3167;6703;9870;[34,4,6,87,41,5,185,151,132,89,75,149,18,181,68,48,106,118,44,140,124,94,196,36,145,115,120,3,32,138,65,82,187,128,141,119,33,183,162,126,143,160,91,35,77,152,173,7,103,116,104,17,84,122,12,199,0,85,164,23,66,157,136,137,170,95,182,8,93,19,53,56,21,92,147,67,184,165,169,142,163,25,70,90,176,88,135,37,156,71,38,45,190,109,72,78,131,110,101,59,80,100,30,42,129,139,125,49,76,134,112,1,117,57,61,97,58,158,62,98,193,172,39,107,55,14,13,111,52,40,2,167,15,9,28,105,69,159,188,144,146,155,73,99,63,108,192,22,26,161,102,186,148,189,197,123,168,31,74,20,51,50,198,174,16,194,29,154,60,177,27,43,127,96,171,195,11,114,64,79,179,47,175,83,86,133,81,153,166,24,150,10,130,54,113,178,46,180,191,121];True
3176;6698;9874;[34,4,6,87,41,5,185,151,132,89,75,149,18,181,68,48,63,118,44,140,124,94,196,36,145,115,120,3,32,138,65,82,187,128,141,119,33,183,162,126,143,160,91,35,77,152,173,7,103,116,104,17,84,122,12,199,0,85,164,23,66,157,136,137,170,95,182,8,93,19,53,56,21,92,147,67,184,165,169,142,163,25,70,90,176,88,135,37,156,71,38,45,190,109,72,78,131,110,101,59,80,100,30,42,129,139,125,49,76,134,112,1,117,57,61,97,58,158,62,98,193,172,39,107,55,14,13,111,52,40,2,167,15,9,28,105,69,159,188,144,146,155,73,99,106,108,192,22,26,161,102,186,148,189,197,123,168,31,74,20,51,50,198,174,16,194,29,154,60,177,27,43,127,96,171,195,11,114,64,79,179,47,175,83,86,133,81,153,166,24,150,10,130,54,113,178,46,180,191,121];True
3212;6693;9905;[34,4,6,87,41,5,185,151,132,89,75,149,18,181,68,48,63,118,44,140,124,94,196,36,145,115,120,3,32,138,65,82,187,128,141,119,33,183,162,126,143,160,91,35,77,152,173,7,103,116,104,17,84,122,12,199,0,85,164,23,66,157,136,137,170,95,182,8,93,19,150,56,21,92,147,67,184,165,169,142,163,25,70,90,176,88,135,37,156,71,38,45,190,109,72,78,131,110,101,59,80,100,30,42,129,139,125,49,76,134,112,1,117,57,61,97,58,158,62,98,193,172,39,107,55,14,13,111,52,40,2,167,15,9,28,105,69,159,188,144,146,155,73,99,106,108,192,22,26,161,102,186,148,189,197,123,168,31,74,20,51,50,198,174,16,194,29,154,60,177,27,43,127,96,171,195,11,114,64,79,179,47,175,83,86,133,81,153,166,24,53,10,130,54,113,178,46,180,191,121];True
3243;6690;9933;[34,4,6,87,41,5,185,151,132,89,75,149,18,181,68,48,106,118,44,140,124,94,196,36,145,115,120,3,184,138,65,82,187,128,141,119,33,183,162,126,143,160,91,35,77,152,173,7,103,116,104,17,84,122,12,199,0,85,164,23,66,157,136,137,170,95,182,8,93,19,53,56,21,92,147,67,32,165,169,142,163,25,70,90,176,88,135,37,156,71,38,45,190,109,72,78,131,110,101,59,80,100,30,42,129,139,125,49,76,134,112,1,117,57,61,97,58,158,62,98,193,172,39,107,55,14,13,111,52,40,2,167,15,9,28,105,69,159,188,144,146,155,73,99,63,108,192,22,26,161,102,186,148,189,197,123,168,31,74,20,51,50,198,174,16,194,29,154,60,177,27,43,127,96,171,195,11,114,64,79,179,47,175,83,86,133,81,153,166,24,150,10,130,54,113,178,46,180,191,121];True
3252;6685;9937;[34,4,6,87,41,5,185,151,132,89,75,149,18,181,68,48,63,118,44,140,124,94,196,36,145,115,120,3,184,138,65,82,187,128,141,119,33,183,162,126,143,160,91,35,77,152,173,7,103,116,104,17,84,122,12,199,0,85,164,23,66,157,136,137,170,95,182,8,93,19,53,56,21,92,147,67,32,165,169,142,163,25,70,90,176,88,135,37,156,71,38,45,190,109,72,78,131,110,101,59,80,100,30,42,129,139,125,49,76,134,112,1,117,57,61,97,58,158,62,98,193,172,39,107,55,14,13,111,52,40,2,167,15,9,28,105,69,159,188,144,146,155,73,99,106,108,192,22,26,161,102,186,148,189,197,123,168,31,74,20,51,50,198,174,16,194,29,154,60,177,27,43,127,96,171,195,11,114,64,79,179,47,175,83,86,133,81,153,166,24,150,10,130,54,113,178,46,180,191,121];True
3288;6680;9968;[34,4,6,87,41,5,185,151,132,89,75,149,18,181,68,48,63,118,44,140,124,94,196,36,145,115,120,3,184,138,65,82,187,128,141,119,33,183,162,126,143,160,91,35,77,152,173,7,103,116,104,17,84,122,12,199,0,85,164,23,66,157,136,137,170,95,182,8,93,19,150,56,21,92,147,67,32,165,169,142,163,25,70,90,176,88,135,37,156,71,38,45,190,109,72,78,131,110,101,59,80,100,30,42,129,139,125,49,76,134,112,1,117,57,61,97,58,158,62,98,193,172,39,107,55,14,13,111,52,40,2,167,15,9,28,105,69,159,188,144,146,155,73,99,106,108,192,22,26,161,102,186,148,189,197,123,168,31,74,20,51,50,198,174,16,194,29,154,60,177,27,43,127,96,171,195,11,114,64,79,179,47,175,83,86,133,81,153,166,24,53,10,130,54,113,178,46,180,191,121];True
3294;6679;9973;[34,108,188,87,41,5,185,151,132,89,75,149,18,181,68,48,63,118,44,140,124,94,196,36,145,115,120,3,32,138,65,82,187,128,141,119,33,183,162,126,143,160,91,6,77,152,173,7,103,116,104,17,84,122,12,199,0,85,164,23,66,157,136,137,170,95,182,8,93,19,53,56,21,92,147,67,184,165,169,142,163,25,70,90,176,88,135,37,156,71,35,45,190,109,72,78,131,110,101,59,80,100,30,42,129,139,125,49,76,134,112,1,117,57,61,97,58,158,62,98,193,172,39,107,55,14,13,111,52,40,2,167,15,9,28,105,69,159,38,144,146,155,73,99,106,4,192,22,26,161,102,186,148,189,197,123,168,31,74,20,51,50,198,174,16,194,29,154,60,177,27,43,127,96,171,195,11,114,64,79,179,47,175,83,86,133,81,153,166,24,150,10,130,54,113,178,46,180,191,121];True
3313;6676;9989;[34,4,188,87,41,5,185,151,132,89,75,149,18,181,68,48,63,118,44,140,124,94,196,36,145,115,120,3,32,138,65,82,187,128,141,119,33,183,162,126,143,160,91,6,77,152,173,7,103,116,104,17,84,122,12,199,0,85,164,23,66,157,136,137,170,95,182,8,93,19,53,56,21,92,147,67,184,165,169,142,163,25,70,90,176,88,135,37,156,71,35,45,190,109,72,78,131,110,101,59,80,100,30,42,129,139,125,49,76,134,112,1,117,57,61,97,58,158,62,98,193,172,39,107,55,14,13,111,52,40,2,167,15,9,28,105,69,159,38,144,146,155,73,99,106,108,192,22,26,161,102,186,148,189,197,123,168,31,74,20,51,50,198,174,16,194,29,154,60,177,27,43,127,96,171,195,11,114,64,79,179,47,175,83,86,133,81,153,166,24,150,10,130,54,113,178,46,180,191,121];True
3330;6674;10004;[34,108,188,87,41,5,185,151,132,89,75,149,18,181,68,48,63,118,44,140,124,94,196,36,145,115,120,3,32,138,65,82,187,128,141,119,33,183,162,126,143,160,91,6,77,152,173,7,103,116,104,17,84,122,12,199,0,85,164,23,66,157,136,137,170,95,182,8,93,19,150,56,21,92,147,67,184,165,169,142,163,25,70,90,176,88,135,37,156,71,35,45,190,109,72,78,131,110,101,59,80,100,30,42,129,139,125,49,76,134,112,1,117,57,61,97,58,158,62,98,193,172,39,107,55,14,13,111,52,40,2,167,15,9,28,105,69,159,38,144,146,155,73,99,106,4,192,22,26,161,102,186,148,189,197,123,168,31,74,20,51,50,198,174,16,194,29,154,60,177,27,43,127,96,171,195,11,114,64,79,179,47,175,83,86,133,81,153,166,24,53,10,130,54,113,178,46,180,191,121];True
3331;6673;10004;[34,4,6,87,41,5,185,151,132,89,75,149,18,181,68,48,63,118,44,140,124,94,196,36,145,115,120,3,184,138,65,82,187,128,141,119,33,183,162,126,143,160,91,35,77,152,173,7,103,116,53,17,84,122,12,199,0,85,164,23,66,157,136,137,170,95,182,8,93,19,150,56,21,92,147,67,32,165,169,142,163,25,70,90,176,88,135,37,156,71,38,45,190,109,72,78,131,110,101,59,80,100,30,42,129,139,125,49,76,134,112,1,117,57,61,97,58,158,62,98,193,172,39,107,55,14,13,111,52,40,2,167,15,9,28,105,69,159,188,144,146,155,73,99,106,108,192,22,26,161,102,186,148,189,197,123,168,31,74,20,51,50,198,174,16,194,29,154,60,177,27,43,127,96,171,195,11,114,64,79,179,47,175,83,86,133,81,153,166,24,104,10,130,54,113,178,46,180,191,121];True
3334;6671;10005;[34,108,188,87,41,5,185,151,132,89,75,149,18,181,68,48,63,118,44,140,124,94,196,36,145,115,120,3,45,138,65,82,187,128,141,119,33,183,162,126,143,160,91,6,77,152,173,7,103,116,104,17,84,122,12,199,0,85,164,23,66,157,136,137,170,95,182,8,93,19,53,56,21,92,147,67,32,165,169,142,163,25,70,90,176,88,135,37,156,71,35,184,190,109,72,78,131,110,101,59,80,100,30,42,129,139,125,49,76,134,112,1,117,57,61,97,58,158,62,98,193,172,39,107,55,14,13,111,52,40,2,167,15,9,28,105,69,159,38,144,146,155,73,99,106,4,192,22,26,161,102,186,148,189,197,123,168,31,74,20,51,50,198,174,16,194,29,154,60,177,27,43,127,96,171,195,11,114,64,79,179,47,175,83,86,133,81,153,166,24,150,10,130,54,113,178,46,180,191,121];True
3353;6668;10021;[34,4,188,87,41,5,185,151,132,89,75,149,18,181,68,48,63,118,44,140,124,94,196,36,145,115,120,3,45,138,65,82,187,128,141,119,33,183,162,126,143,160,91,6,77,152,173,7,103,116,104,17,84,122,12,199,0,85,164,23,66,157,136,137,170,95,182,8,93,19,53,56,21,92,147,67,32,165,169,142,163,25,70,90,176,88,135,37,156,71,35,184,190,109,72,78,131,110,101,59,80,100,30,42,129,139,125,49,76,134,112,1,117,57,61,97,58,158,62,98,193,172,39,107,55,14,13,111,52,40,2,167,15,9,28,105,69,159,38,144,146,155,73,99,106,108,192,22,26,161,102,186,148,189,197,123,168,31,74,20,51,50,198,174,16,194,29,154,60,177,27,43,127,96,171,195,11,114,64,79,179,47,175,83,86,133,81,153,166,24,150,10,130,54,113,178,46,180,191,121];True
3370;6666;10036;[34,108,188,87,41,5,185,151,132,89,75,149,18,181,68,48,63,118,44,140,124,94,196,36,145,115,120,3,184,138,65,82,187,128,141,119,33,183,162,126,143,160,91,6,77,152,173,7,103,116,104,17,84,122,12,199,0,85,164,23,66,157,136,137,170,95,182,8,93,19,53,56,21,92,147,67,32,165,169,142,163,25,70,90,176,88,135,37,156,71,35,45,190,109,72,78,131,110,101,59,80,100,30,42,129,139,125,49,76,134,112,1,117,57,61,97,58,158,62,98,193,172,39,107,55,14,13,111,52,40,2,167,15,9,28,105,69,159,38,144,146,155,73,99,106,4,192,22,26,161,102,186,148,189,197,123,168,31,74,20,51,50,198,174,16,194,29,154,60,177,27,43,127,96,171,195,11,114,64,79,179,47,175,83,86,133,81,153,166,24,150,10,130,54,113,178,46,180,191,121];True
3385;6663;10048;[34,108,188,164,41,5,185,151,132,89,75,149,18,181,68,48,63,118,44,140,124,94,196,36,145,115,120,3,45,138,65,82,187,128,141,119,33,183,162,126,143,160,91,6,77,152,173,7,103,116,104,17,84,122,12,199,0,85,19,23,66,157,136,137,170,95,182,8,93,135,53,56,21,92,147,67,32,165,169,142,163,25,70,90,176,88,87,37,156,71,35,184,190,109,72,78,131,110,101,59,80,100,30,42,129,139,125,49,76,134,112,1,117,57,61,97,58,158,62,98,193,172,39,107,55,14,13,111,52,40,2,167,15,9,28,105,69,159,38,144,146,155,73,99,106,4,192,22,26,161,102,186,148,189,197,123,168,31,74,20,51,50,198,174,16,194,29,154,60,177,27,43,127,96,171,195,11,114,64,79,179,47,175,83,86,133,81,153,166,24,150,10,130,54,113,178,46,180,191,121];True
3393;6661;10054;[34,108,188,87,41,5,185,151,132,89,75,149,18,181,68,48,63,118,44,140,124,94,196,36,145,115,120,3,32,138,65,82,187,128,141,119,33,183,162,126,143,160,91,6,77,152,173,7,103,116,104,17,84,122,12,199,0,85,19,23,66,157,136,137,170,95,182,8,93,135,53,56,21,92,147,67,184,165,169,142,163,25,70,90,176,88,164,37,156,71,35,45,190,109,72,78,131,110,101,59,80,100,30,42,129,139,125,49,76,134,112,1,117,57,61,97,58,158,62,98,193,172,39,107,55,14,13,111,52,40,2,167,15,9,28,105,69,159,38,144,146,155,73,99,106,4,192,22,26,161,102,186,148,189,197,123,168,31,74,20,51,50,198,174,16,194,29,154,60,177,27,43,127,96,171,195,11,114,64,79,179,47,175,83,86,133,81,153,166,24,150,10,130,54,113,178,46,180,191,121];True
3406;6656;10062;[34,108,188,87,41,5,185,151,132,89,75,149,18,181,68,48,63,118,44,140,124,94,196,36,145,115,120,3,32,138,65,82,187,128,141,119,33,183,162,126,143,160,91,6,77,152,173,7,103,116,104,17,84,122,12,199,0,85,19,23,66,157,136,137,170,95,182,8,93,135,53,56,21,92,147,67,184,165,169,142,163,25,164,90,176,88,70,37,156,71,35,45,190,109,72,78,131,110,101,59,80,100,30,42,129,139,125,49,76,134,112,1,117,57,61,97,58,158,62,98,193,172,39,107,55,14,13,111,52,40,2,167,15,9,28,105,69,159,38,144,146,155,73,99,106,4,192,22,26,161,102,186,148,189,197,123,168,31,74,20,51,50,198,174,16,194,29,154,60,177,27,43,127,96,171,195,11,114,64,79,179,47,175,83,86,133,81,153,166,24,150,10,130,54,113,178,46,180,191,121];True
3404;6660;10064;[34,4,188,164,41,5,185,151,132,89,75,149,18,181,68,48,63,118,44,140,124,94,196,36,145,115,120,3,45,138,65,82,187,128,141,119,33,183,162,126,143,160,91,6,77,152,173,7,103,116,104,17,84,122,12,199,0,85,19,23,66,157,136,137,170,95,182,8,93,135,53,56,21,92,147,67,32,165,169,142,163,25,70,90,176,88,87,37,156,71,35,184,190,109,72,78,131,110,101,59,80,100,30,42,129,139,125,49,76,134,112,1,117,57,61,97,58,158,62,98,193,172,39,107,55,14,13,111,52,40,2,167,15,9,28,105,69,159,38,144,146,155,73,99,106,108,192,22,26,161,102,186,148,189,197,123,168,31,74,20,51,50,198,174,16,194,29,154,60,177,27,43,127,96,171,195,11,114,64,79,179,47,175,83,86,133,81,153,166,24,150,10,130,54,113,178,46,180,191,121];True
3425;6653;10078;[34,4,188,87,41,5,185,151,132,89,75,149,18,181,68,48,63,118,44,140,124,94,196,36,145,115,120,3,32,138,65,82,187,128,141,119,33,183,162,126,143,160,91,6,77,152,173,7,103,116,104,17,84,122,12,199,0,85,19,23,66,157,136,137,170,95,182,8,93,135,53,56,21,92,147,67,184,165,169,142,163,25,164,90,176,88,70,37,156,71,35,45,190,109,72,78,131,110,101,59,80,100,30,42,129,139,125,49,76,134,112,1,117,57,61,97,58,158,62,98,193,172,39,107,55,14,13,111,52,40,2,167,15,9,28,105,69,159,38,144,146,155,73,99,106,108,192,22,26,161,102,186,148,189,197,123,168,31,74,20,51,50,198,174,16,194,29,154,60,177,27,43,127,96,171,195,11,114,64,79,179,47,175,83,86,133,81,153,166,24,150,10,130,54,113,178,46,180,191,121];True
3446;6648;10094;[34,108,188,87,41,5,185,151,132,89,75,149,18,181,68,48,63,118,44,140,124,94,196,36,145,115,120,3,45,138,65,82,187,128,141,119,33,183,162,126,143,160,91,6,77,152,173,7,103,116,104,17,84,122,12,199,0,85,19,23,66,157,136,137,170,95,182,8,93,135,53,56,21,92,147,67,32,165,169,142,163,25,164,90,176,88,70,37,156,71,35,184,190,109,72,78,131,110,101,59,80,100,30,42,129,139,125,49,76,134,112,1,117,57,61,97,58,158,62,98,193,172,39,107,55,14,13,111,52,40,2,167,15,9,28,105,69,159,38,144,146,155,73,99,106,4,192,22,26,161,102,186,148,189,197,123,168,31,74,20,51,50,198,174,16,194,29,154,60,177,27,43,127,96,171,195,11,114,64,79,179,47,175,83,86,133,81,153,166,24,150,10,130,54,113,178,46,180,191,121];True
3465;6645;10110;[34,4,188,87,41,5,185,151,132,89,75,149,18,181,68,48,63,118,44,140,124,94,196,36,145,115,120,3,45,138,65,82,187,128,141,119,33,183,162,126,143,160,91,6,77,152,173,7,103,116,104,17,84,122,12,199,0,85,19,23,66,157,136,137,170,95,182,8,93,135,53,56,21,92,147,67,32,165,169,142,163,25,164,90,176,88,70,37,156,71,35,184,190,109,72,78,131,110,101,59,80,100,30,42,129,139,125,49,76,134,112,1,117,57,61,97,58,158,62,98,193,172,39,107,55,14,13,111,52,40,2,167,15,9,28,105,69,159,38,144,146,155,73,99,106,108,192,22,26,161,102,186,148,189,197,123,168,31,74,20,51,50,198,174,16,194,29,154,60,177,27,43,127,96,171,195,11,114,64,79,179,47,175,83,86,133,81,153,166,24,150,10,130,54,113,178,46,180,191,121];True
3482;6643;10125;[34,108,188,87,41,5,185,151,132,89,75,149,18,181,68,48,63,118,44,140,124,94,196,36,145,115,120,3,184,138,65,82,187,128,141,119,33,183,162,126,143,160,91,6,77,152,173,7,103,116,104,17,84,122,12,199,0,85,19,23,66,157,136,137,170,95,182,8,93,135,53,56,21,92,147,67,32,165,169,142,163,25,164,90,176,88,70,37,156,71,35,45,190,109,72,78,131,110,101,59,80,100,30,42,129,139,125,49,76,134,112,1,117,57,61,97,58,158,62,98,193,172,39,107,55,14,13,111,52,40,2,167,15,9,28,105,69,159,38,144,146,155,73,99,106,4,192,22,26,161,102,186,148,189,197,123,168,31,74,20,51,50,198,174,16,194,29,154,60,177,27,43,127,96,171,195,11,114,64,79,179,47,175,83,86,133,81,153,166,24,150,10,130,54,113,178,46,180,191,121];True
3501;6640;10141;[34,4,188,87,41,5,185,151,132,89,75,149,18,181,68,48,63,118,44,140,124,94,196,36,145,115,120,3,184,138,65,82,187,128,141,119,33,183,162,126,143,160,91,6,77,152,173,7,103,116,104,17,84,122,12,199,0,85,19,23,66,157,136,137,170,95,182,8,93,135,53,56,21,92,147,67,32,165,169,142,163,25,164,90,176,88,70,37,156,71,35,45,190,109,72,78,131,110,101,59,80,100,30,42,129,139,125,49,76,134,112,1,117,57,61,97,58,158,62,98,193,172,39,107,55,14,13,111,52,40,2,167,15,9,28,105,69,159,38,144,146,155,73,99,106,108,192,22,26,161,102,186,148,189,197,123,168,31,74,20,51,50,198,174,16,194,29,154,60,177,27,43,127,96,171,195,11,114,64,79,179,47,175,83,86,133,81,153,166,24,150,10,130,54,113,178,46,180,191,121];True
3523;6637;10160;[34,108,188,87,41,5,185,151,132,89,75,149,18,181,68,48,63,118,44,140,124,94,196,36,145,115,120,61,45,138,65,82,187,128,141,119,33,183,162,126,143,160,91,6,77,152,173,7,103,116,104,17,84,122,12,199,0,85,19,23,66,157,136,137,170,95,182,8,93,135,53,56,21,92,147,67,32,165,169,142,163,25,164,90,176,88,70,37,156,71,35,184,190,109,72,78,131,110,101,59,80,100,30,42,129,139,125,49,76,134,112,1,117,57,3,97,58,158,62,98,193,172,39,107,55,14,13,111,52,40,2,167,15,9,28,105,69,159,38,144,146,155,73,99,106,4,192,22,26,161,102,186,148,189,197,123,168,31,74,20,51,50,198,174,16,194,29,154,60,177,27,43,127,96,171,195,11,114,64,79,179,47,175,83,86,133,81,153,166,24,150,10,130,54,113,178,46,180,191,121];True
3528;6635;10163;[34,108,188,87,41,5,185,151,132,89,75,149,18,181,68,48,63,118,44,140,124,94,196,36,145,115,113,61,45,138,65,82,187,128,141,119,33,183,162,126,143,160,91,6,77,152,173,7,103,116,104,17,84,122,12,199,0,85,19,23,66,157,136,137,170,95,182,8,93,135,53,56,21,92,147,67,32,165,169,142,163,25,70,90,176,88,164,37,156,71,35,184,190,109,72,78,131,110,101,59,80,100,30,42,129,139,125,49,76,134,112,1,117,57,3,97,58,158,62,98,193,172,39,107,55,14,13,111,52,40,2,167,15,9,28,105,69,159,38,144,146,155,73,99,106,4,192,22,26,161,102,186,148,189,197,123,168,31,74,20,51,50,198,174,16,194,29,154,60,177,27,43,127,96,171,195,11,114,64,79,179,47,175,83,86,133,81,153,166,24,150,10,130,54,120,178,46,180,191,121];True
3541;6630;10171;[34,108,188,87,41,5,185,151,132,89,75,149,18,181,68,48,63,118,44,140,124,94,196,36,145,115,113,61,45,138,65,82,187,128,141,119,33,183,162,126,143,160,91,6,77,152,173,7,103,116,104,17,84,122,12,199,0,85,19,23,66,157,136,137,170,95,182,8,93,135,53,56,21,92,147,67,32,165,169,142,163,25,164,90,176,88,70,37,156,71,35,184,190,109,72,78,131,110,101,59,80,100,30,42,129,139,125,49,76,134,112,1,117,57,3,97,58,158,62,98,193,172,39,107,55,14,13,111,52,40,2,167,15,9,28,105,69,159,38,144,146,155,73,99,106,4,192,22,26,161,102,186,148,189,197,123,168,31,74,20,51,50,198,174,16,194,29,154,60,177,27,43,127,96,171,195,11,114,64,79,179,47,175,83,86,133,81,153,166,24,150,10,130,54,120,178,46,180,191,121];True
3560;6627;10187;[34,4,188,87,41,5,185,151,132,89,75,149,18,181,68,48,63,118,44,140,124,94,196,36,145,115,113,61,45,138,65,82,187,128,141,119,33,183,162,126,143,160,91,6,77,152,173,7,103,116,104,17,84,122,12,199,0,85,19,23,66,157,136,137,170,95,182,8,93,135,53,56,21,92,147,67,32,165,169,142,163,25,164,90,176,88,70,37,156,71,35,184,190,109,72,78,131,110,101,59,80,100,30,42,129,139,125,49,76,134,112,1,117,57,3,97,58,158,62,98,193,172,39,107,55,14,13,111,52,40,2,167,15,9,28,105,69,159,38,144,146,155,73,99,106,108,192,22,26,161,102,186,148,189,197,123,168,31,74,20,51,50,198,174,16,194,29,154,60,177,27,43,127,96,171,195,11,114,64,79,179,47,175,83,86,133,81,153,166,24,150,10,130,54,120,178,46,180,191,121];True
3579;6625;10204;[34,108,188,87,41,5,185,151,132,89,75,149,18,181,68,48,63,118,44,140,124,94,196,36,145,115,113,61,184,138,65,82,187,128,141,119,33,183,162,126,143,160,91,6,77,152,173,7,103,116,104,17,84,122,12,199,0,85,19,23,66,157,136,137,170,95,182,8,93,135,53,56,21,92,147,67,32,165,169,142,163,25,164,90,176,88,70,37,156,71,35,45,190,109,72,78,131,110,101,59,80,100,30,42,129,139,125,49,76,134,112,1,117,57,3,97,58,158,62,98,193,172,39,107,55,14,13,111,52,40,2,167,15,9,28,105,69,159,38,144,146,155,73,99,106,4,192,22,26,161,102,186,148,189,197,123,168,31,74,20,51,50,198,174,16,194,29,154,60,177,27,43,127,96,171,195,11,114,64,79,179,47,175,83,86,133,81,153,166,24,150,10,130,54,120,178,46,180,191,121];True
3598;6622;10220;[34,4,188,87,41,5,185,151,132,89,75,149,18,181,68,48,63,118,44,140,124,94,196,36,145,115,113,61,184,138,65,82,187,128,141,119,33,183,162,126,143,160,91,6,77,152,173,7,103,116,104,17,84,122,12,199,0,85,19,23,66,157,136,137,170,95,182,8,93,135,53,56,21,92,147,67,32,165,169,142,163,25,164,90,176,88,70,37,156,71,35,45,190,109,72,78,131,110,101,59,80,100,30,42,129,139,125,49,76,134,112,1,117,57,3,97,58,158,62,98,193,172,39,107,55,14,13,111,52,40,2,167,15,9,28,105,69,159,38,144,146,155,73,99,106,108,192,22,26,161,102,186,148,189,197,123,168,31,74,20,51,50,198,174,16,194,29,154,60,177,27,43,127,96,171,195,11,114,64,79,179,47,175,83,86,133,81,153,166,24,150,10,130,54,120,178,46,180,191,121];True
3596;6624;10220;[34,108,188,87,41,5,185,151,132,89,75,149,18,181,68,48,63,118,44,140,124,94,196,36,145,115,113,61,45,138,65,82,187,128,141,119,33,183,162,126,143,160,91,6,77,152,173,7,103,116,104,17,84,122,12,199,0,85,19,23,24,157,136,137,170,95,182,93,66,135,53,56,21,92,147,67,32,165,169,142,163,25,164,90,176,88,70,37,156,71,35,184,190,109,72,78,131,110,101,59,80,100,30,42,129,139,125,49,76,134,112,1,117,57,3,97,58,158,62,98,193,172,39,107,55,14,13,111,52,40,2,167,15,9,28,105,69,159,8,144,146,155,73,99,106,4,192,22,26,161,102,186,148,189,197,123,168,31,74,20,51,50,198,174,16,194,29,154,60,177,27,43,127,96,171,195,11,114,64,79,179,47,175,83,86,133,81,153,166,38,150,10,130,54,120,178,46,180,191,121];True
3615;6621;10236;[34,4,188,87,41,5,185,151,132,89,75,149,18,181,68,48,63,118,44,140,124,94,196,36,145,115,113,61,45,138,65,82,187,128,141,119,33,183,162,126,143,160,91,6,77,152,173,7,103,116,104,17,84,122,12,199,0,85,19,23,24,157,136,137,170,95,182,93,66,135,53,56,21,92,147,67,32,165,169,142,163,25,164,90,176,88,70,37,156,71,35,184,190,109,72,78,131,110,101,59,80,100,30,42,129,139,125,49,76,134,112,1,117,57,3,97,58,158,62,98,193,172,39,107,55,14,13,111,52,40,2,167,15,9,28,105,69,159,8,144,146,155,73,99,106,108,192,22,26,161,102,186,148,189,197,123,168,31,74,20,51,50,198,174,16,194,29,154,60,177,27,43,127,96,171,195,11,114,64,79,179,47,175,83,86,133,81,153,166,38,150,10,130,54,120,178,46,180,191,121];True
3634;6619;10253;[34,4,188,87,41,5,185,151,132,89,75,149,18,181,68,48,63,118,44,140,124,94,196,36,145,115,113,61,45,138,65,82,187,128,141,119,33,183,162,126,143,160,91,6,77,152,173,7,103,116,104,17,84,122,12,199,0,85,19,23,38,157,136,137,170,95,182,93,66,135,53,56,21,92,147,67,32,165,169,142,163,25,164,90,176,88,70,37,156,71,35,184,190,109,72,78,131,110,101,59,80,100,30,42,129,139,125,49,76,134,112,1,117,57,3,97,58,158,62,98,193,172,39,107,55,14,13,111,52,40,2,167,15,9,28,105,69,159,8,144,146,155,73,99,106,108,192,22,26,161,102,186,148,189,197,123,168,31,74,20,51,50,198,174,16,194,29,154,60,177,27,43,127,96,171,195,11,114,64,79,179,47,175,83,86,133,81,153,166,24,150,10,130,54,120,178,46,180,191,121];True
3640;6616;10256;[34,108,188,87,41,5,185,151,132,89,75,149,18,181,68,48,63,118,44,140,124,94,196,36,145,115,113,61,45,138,65,82,187,128,141,119,33,183,162,126,143,160,91,6,77,152,182,7,103,116,104,17,84,122,12,199,0,85,19,23,66,157,136,137,170,95,173,35,93,135,53,56,21,92,147,67,32,165,169,142,163,25,164,90,176,88,70,37,156,71,8,184,190,109,72,78,131,110,101,59,80,100,30,42,129,139,125,49,76,134,112,1,117,57,3,97,58,158,62,98,193,172,39,107,55,14,13,111,52,40,2,167,15,9,28,105,69,159,38,144,146,155,73,99,106,4,192,22,26,161,102,186,148,189,197,123,168,31,74,20,51,50,198,174,16,194,29,154,60,177,27,43,127,96,171,195,11,114,64,79,179,47,175,83,86,133,81,153,166,24,150,10,130,54,120,178,46,180,191,121];True
3659;6613;10272;[34,4,188,87,41,5,185,151,132,89,75,149,18,181,68,48,63,118,44,140,124,94,196,36,145,115,113,61,45,138,65,82,187,128,141,119,33,183,162,126,143,160,91,6,77,152,182,7,103,116,104,17,84,122,12,199,0,85,19,23,66,157,136,137,170,95,173,35,93,135,53,56,21,92,147,67,32,165,169,142,163,25,164,90,176,88,70,37,156,71,8,184,190,109,72,78,131,110,101,59,80,100,30,42,129,139,125,49,76,134,112,1,117,57,3,97,58,158,62,98,193,172,39,107,55,14,13,111,52,40,2,167,15,9,28,105,69,159,38,144,146,155,73,99,106,108,192,22,26,161,102,186,148,189,197,123,168,31,74,20,51,50,198,174,16,194,29,154,60,177,27,43,127,96,171,195,11,114,64,79,179,47,175,83,86,133,81,153,166,24,150,10,130,54,120,178,46,180,191,121];True
3692;6611;10303;[198,29,90,41,187,179,96,47,26,161,115,152,131,59,197,123,74,37,94,118,124,168,34,108,174,196,167,15,156,21,73,82,172,86,181,68,9,45,138,126,143,160,173,18,186,199,0,77,89,46,164,4,84,122,25,23,189,98,171,62,176,72,154,49,170,95,182,139,135,191,48,50,56,92,147,67,32,61,19,165,193,28,44,16,91,88,70,71,162,20,188,144,184,8,157,78,128,101,185,76,80,100,30,134,27,2,97,58,151,175,6,1,117,57,169,142,137,158,54,120,3,136,149,107,55,14,13,111,52,148,83,129,24,150,103,105,69,159,40,116,104,99,106,194,180,178,192,10,66,145,102,110,12,7,85,140,17,53,155,146,63,31,183,65,125,190,109,130,5,39,113,43,127,60,42,141,11,114,64,79,177,119,132,75,163,133,81,153,166,195,33,35,36,22,112,93,38,87,121,51];True
3699;6607;10306;[198,29,90,41,187,179,96,47,26,161,115,152,131,59,197,123,74,37,94,118,124,168,34,108,174,196,167,15,156,21,73,82,172,86,181,68,9,45,138,126,143,160,173,18,186,199,0,77,89,46,164,4,84,122,25,23,189,98,171,62,176,72,154,49,170,95,182,139,135,191,48,50,56,92,147,67,32,61,38,165,193,28,44,16,91,88,70,71,162,20,188,144,184,8,157,78,128,101,185,76,80,100,30,134,27,2,97,58,151,175,6,1,117,57,169,142,137,158,54,120,3,136,149,107,55,14,13,111,52,148,83,129,24,150,103,105,69,159,40,116,140,99,106,194,180,178,192,10,66,145,102,110,12,7,85,104,17,53,155,146,63,31,183,65,125,190,109,130,5,39,113,43,127,60,42,141,11,114,64,79,177,119,132,75,163,133,81,153,166,195,33,35,36,22,112,93,19,87,121,51];True
3698;6609;10307;[198,29,90,41,187,179,96,47,26,161,115,152,131,59,197,123,74,37,94,118,124,168,34,108,174,196,167,15,156,21,73,82,172,86,181,68,9,45,138,126,143,160,173,18,186,199,0,77,89,46,164,4,84,122,25,23,189,98,171,62,176,72,154,49,170,95,182,139,135,191,48,50,56,92,147,67,32,61,38,165,193,28,44,16,91,88,70,71,162,20,188,144,184,8,157,78,128,101,185,76,80,100,30,134,27,2,97,58,151,175,6,1,117,57,169,142,163,158,54,120,3,136,149,107,55,14,13,111,52,148,83,129,24,150,103,105,69,159,40,116,104,99,106,194,180,178,192,10,66,145,102,110,12,7,85,140,17,53,155,146,63,31,183,65,125,190,109,130,5,39,113,43,127,60,42,141,11,114,64,79,177,119,132,75,137,133,81,153,166,195,33,35,36,22,112,93,19,87,121,51];True
3704;6606;10310;[198,29,90,41,187,179,96,47,26,161,115,152,131,59,197,123,74,37,94,118,124,168,17,108,174,196,167,15,156,21,73,82,172,86,181,68,9,45,138,126,143,160,173,18,186,199,0,77,89,46,164,4,84,122,25,23,189,98,171,62,176,72,154,49,170,95,182,139,135,191,48,50,56,92,147,67,32,61,38,165,193,28,44,16,91,88,70,71,162,20,188,144,184,8,157,78,128,101,185,76,80,100,30,134,27,2,97,58,151,175,6,1,117,57,169,142,137,158,54,120,3,136,149,107,55,14,13,111,52,148,83,129,24,150,103,105,69,159,40,116,104,99,106,194,180,178,192,109,66,145,102,110,12,7,85,140,34,53,155,146,63,31,183,65,125,190,10,130,5,39,113,43,127,60,42,141,11,114,64,79,177,119,132,75,163,133,81,153,166,195,33,35,36,22,112,93,19,87,121,51];True
3717;6604;10321;[198,29,90,41,187,179,96,47,26,161,115,152,131,59,197,123,74,37,94,118,124,168,34,108,174,196,167,15,156,21,73,82,172,86,181,68,9,45,138,126,143,160,173,18,186,199,0,77,89,46,164,4,84,122,25,23,189,98,171,62,176,72,154,49,170,95,182,139,135,191,48,50,56,92,147,67,32,61,19,165,193,28,44,16,91,88,70,71,162,20,188,144,184,8,157,78,128,101,185,76,80,100,30,134,27,2,97,58,151,175,6,1,117,57,169,142,137,158,54,120,3,136,149,107,55,14,13,111,52,148,83,129,24,150,103,105,69,159,40,116,140,99,106,194,180,178,192,10,66,145,102,110,12,7,85,104,17,53,155,146,63,31,183,65,125,190,109,130,5,39,113,43,127,60,42,141,11,114,64,79,177,119,132,75,163,133,81,153,166,195,33,35,36,22,112,93,38,87,121,51];True
3722;6603;10325;[198,29,90,41,187,179,96,47,26,161,115,152,131,59,197,123,74,37,94,118,124,168,17,108,174,196,167,15,156,21,73,82,172,86,181,68,9,45,138,126,143,160,173,18,186,199,0,77,89,46,164,4,84,122,25,23,189,98,171,62,176,72,154,49,170,95,182,139,135,191,48,50,56,92,147,67,32,61,19,165,193,28,44,16,91,88,70,71,162,20,188,144,184,8,157,78,128,101,185,76,80,100,30,134,27,2,97,58,151,175,6,1,117,57,169,142,137,158,54,120,3,136,149,107,55,14,13,111,52,148,83,129,24,150,103,105,69,159,40,116,104,99,106,194,180,178,192,109,66,145,102,110,12,7,85,140,34,53,155,146,63,31,183,65,125,190,10,130,5,39,113,43,127,60,42,141,11,114,64,79,177,119,132,75,163,133,81,153,166,195,33,35,36,22,112,93,38,87,121,51];True
3723;6602;10325;[198,29,90,41,187,179,96,47,26,161,115,152,131,59,197,123,74,37,94,118,124,168,34,108,174,196,167,15,156,21,73,82,172,86,181,68,9,45,138,126,143,160,173,18,186,199,0,77,89,46,164,4,84,122,25,23,189,98,171,62,176,72,154,49,170,95,182,139,135,191,48,50,56,92,147,67,32,61,38,165,193,28,44,16,91,88,70,71,162,20,188,144,184,8,157,78,128,101,185,76,80,100,30,134,27,2,97,58,151,175,6,1,117,57,169,142,163,158,54,120,3,136,149,107,55,14,13,111,52,148,83,129,24,150,103,105,69,159,40,116,140,99,106,194,180,178,192,10,66,145,102,110,12,7,85,104,17,53,155,146,63,31,183,65,125,190,109,130,5,39,113,43,127,60,42,141,11,114,64,79,177,119,132,75,137,133,81,153,166,195,33,35,36,22,112,93,19,87,121,51];True
3728;6600;10328;[198,29,90,41,187,179,96,47,26,161,115,152,131,59,197,123,74,37,94,118,124,168,34,108,174,196,167,15,156,21,73,82,172,86,181,68,9,45,138,126,143,160,173,18,186,199,0,77,89,46,164,4,84,122,25,23,189,98,171,62,176,72,154,49,170,95,182,139,135,191,48,50,56,92,147,67,32,61,38,165,193,28,44,16,91,88,70,71,162,20,188,144,184,8,157,78,128,101,185,76,80,100,30,134,27,2,97,58,151,175,6,1,117,57,169,142,137,158,54,120,3,136,149,107,55,14,13,111,52,148,83,129,24,150,103,105,69,159,40,116,104,99,106,194,180,178,192,109,66,145,102,110,12,7,85,140,17,53,155,146,63,31,183,65,125,190,10,130,5,39,113,43,127,60,42,141,11,114,64,79,177,119,132,75,163,133,81,153,166,195,33,35,36,22,112,93,19,87,121,51];True
3741;6599;10340;[198,29,90,41,187,179,96,47,26,161,115,152,131,59,197,123,74,37,94,118,124,168,34,108,174,196,167,15,156,21,73,82,172,86,181,68,9,45,138,126,143,160,173,18,186,199,0,77,89,46,164,4,84,122,25,23,189,98,171,62,176,72,154,49,170,95,182,139,135,191,48,50,56,92,147,67,32,61,19,165,193,28,44,16,91,88,70,71,162,20,188,144,184,8,157,78,128,101,185,76,80,100,30,134,27,2,97,58,151,175,6,1,117,57,169,142,163,158,54,120,3,136,149,107,55,14,13,111,52,148,83,129,24,150,103,105,69,159,40,116,140,99,106,194,180,178,192,10,66,145,102,110,12,7,85,104,17,53,155,146,63,31,183,65,125,190,109,130,5,39,113,43,127,60,42,141,11,114,64,79,177,119,132,75,137,133,81,153,166,195,33,35,36,22,112,93,38,87,121,51];True
3745;6598;10343;[198,29,90,41,187,79,179,47,26,161,115,152,131,59,197,123,74,37,94,118,124,168,34,108,174,196,167,15,156,21,73,82,172,86,181,68,9,45,138,126,143,160,173,18,186,199,0,77,89,46,164,4,84,122,25,23,189,98,171,62,176,72,154,49,170,95,182,139,135,191,48,50,56,92,147,67,32,61,38,165,193,28,44,16,91,88,70,71,162,20,188,144,184,8,157,78,128,101,185,76,80,100,30,134,27,2,97,58,151,175,6,1,117,57,169,142,137,158,54,120,3,136,149,107,55,14,13,111,52,148,83,129,24,150,103,105,69,159,40,116,104,99,106,194,180,178,192,10,66,145,102,110,12,7,85,140,17,53,155,146,63,31,183,65,125,190,109,130,5,39,113,43,127,60,42,141,11,114,64,96,177,119,132,75,163,133,81,153,166,195,33,35,36,22,112,93,19,87,121,51];True
3746;6597;10343;[198,29,90,41,187,179,96,47,26,161,115,152,131,59,197,123,74,37,94,118,124,168,34,108,174,196,167,15,156,21,73,82,172,86,181,68,9,45,138,126,143,160,173,18,186,199,0,77,89,46,164,4,84,122,25,23,189,98,171,62,176,72,154,49,170,95,182,139,135,191,48,50,56,92,147,67,32,61,19,165,193,28,44,16,91,88,70,71,162,20,188,144,184,8,157,78,128,101,185,76,80,100,30,134,27,2,97,58,151,175,6,1,117,57,169,142,137,158,54,120,3,136,149,107,55,14,13,111,52,148,83,129,24,150,103,105,69,159,40,116,104,99,106,194,180,178,192,109,66,145,102,110,12,7,85,140,17,53,155,146,63,31,183,65,125,190,10,130,5,39,113,43,127,60,42,141,11,114,64,79,177,119,132,75,163,133,81,153,166,195,33,35,36,22,112,93,38,87,121,51];True
3753;6593;10346;[198,29,90,41,187,179,96,47,26,161,115,152,131,59,197,123,74,37,94,118,124,168,34,108,174,196,167,15,156,21,73,82,172,86,181,68,9,45,138,126,143,160,173,18,186,199,0,77,89,46,164,4,84,122,25,23,189,98,171,62,176,72,154,49,170,95,182,139,135,191,48,50,56,92,147,67,32,61,38,165,193,28,44,16,91,88,70,71,162,20,188,144,184,8,157,78,128,101,185,76,80,100,30,134,27,2,97,58,151,175,6,1,117,57,169,142,137,158,54,120,3,136,149,107,55,14,13,111,52,148,83,129,24,150,103,105,69,159,40,116,140,99,106,194,180,178,192,109,66,145,102,110,12,7,85,104,17,53,155,146,63,31,183,65,125,190,10,130,5,39,113,43,127,60,42,141,11,114,64,79,177,119,132,75,163,133,81,153,166,195,33,35,36,22,112,93,19,87,121,51];True
3752;6595;10347;[198,29,90,41,187,179,96,47,26,161,115,152,131,59,197,123,74,37,94,118,124,168,34,108,174,196,167,15,156,21,73,82,172,86,181,68,9,45,138,126,143,160,173,18,186,199,0,77,89,46,164,4,84,122,25,23,189,98,171,62,176,72,154,49,170,95,182,139,135,191,48,50,56,92,147,67,32,61,38,165,193,28,44,16,91,88,70,71,162,20,188,144,184,8,157,78,128,101,185,76,80,100,30,134,27,2,97,58,151,175,6,1,117,57,169,142,163,158,54,120,3,136,149,107,55,14,13,111,52,148,83,129,24,150,103,105,69,159,40,116,104,99,106,194,180,178,192,109,66,145,102,110,12,7,85,140,17,53,155,146,63,31,183,65,125,190,10,130,5,39,113,43,127,60,42,141,11,114,64,79,177,119,132,75,137,133,81,153,166,195,33,35,36,22,112,93,19,87,121,51];True
3767;6592;10359;[198,29,90,41,187,179,96,47,26,161,115,152,131,59,197,123,74,37,94,118,124,168,34,108,174,196,167,15,156,21,73,82,172,86,181,68,9,45,138,126,143,160,173,18,186,199,0,77,89,46,164,4,84,122,25,23,189,98,171,62,176,72,154,49,170,95,182,139,135,191,48,50,56,92,147,67,32,61,38,165,193,28,44,125,91,88,70,71,162,20,188,144,184,8,157,78,128,101,185,76,80,100,30,134,27,2,97,58,151,175,6,1,117,57,169,142,137,158,54,120,3,136,149,107,55,14,13,111,52,148,83,129,24,150,103,105,69,159,40,116,140,99,106,194,180,178,192,10,66,145,102,110,12,7,85,104,17,53,155,146,63,31,183,65,16,190,109,130,5,39,113,43,127,60,42,141,11,114,64,79,177,119,132,75,163,133,81,153,166,195,33,35,36,22,112,93,19,87,121,51];True
3771;6590;10361;[198,29,90,41,187,179,96,47,26,161,115,152,131,59,197,123,74,37,94,118,124,168,34,108,174,196,167,15,156,21,73,82,172,86,181,68,9,45,138,126,143,160,173,18,186,199,0,77,89,46,164,4,84,122,25,23,189,98,171,62,176,72,154,49,170,95,182,139,135,191,48,50,56,92,147,67,32,61,19,165,193,28,44,16,91,88,70,71,162,20,188,144,184,8,157,78,128,101,185,76,80,100,30,134,27,2,97,58,151,175,6,1,117,57,169,142,137,158,54,120,3,136,149,107,55,14,13,111,52,148,83,129,24,150,103,105,69,159,40,116,140,99,106,194,180,178,192,109,66,145,102,110,12,7,85,104,17,53,155,146,63,31,183,65,125,190,10,130,5,39,113,43,127,60,42,141,11,114,64,79,177,119,132,75,163,133,81,153,166,195,33,35,36,22,112,93,38,87,121,51];True
3770;6591;10361;[198,29,90,41,187,79,179,47,26,161,115,152,131,59,197,123,74,37,94,118,124,168,34,108,174,196,167,15,156,21,73,82,172,86,181,68,9,45,138,126,143,160,173,18,186,199,0,77,89,46,164,4,84,122,25,23,189,98,171,62,176,72,154,49,170,95,182,139,135,191,48,50,56,92,147,67,32,61,38,165,193,28,44,16,91,88,70,71,162,20,188,144,184,8,157,78,128,101,185,76,80,100,30,134,27,2,97,58,151,175,6,1,117,57,169,142,137,158,54,120,3,136,149,107,55,14,13,111,52,148,83,129,24,150,103,105,69,159,40,116,140,99,106,194,180,178,192,10,66,145,102,110,12,7,85,104,17,53,155,146,63,31,183,65,125,190,109,130,5,39,113,43,127,60,42,141,11,114,64,96,177,119,132,75,163,133,81,153,166,195,33,35,36,22,112,93,19,87,121,51];True
3777;6588;10365;[198,29,90,41,187,179,96,47,26,161,115,152,131,59,197,123,74,37,94,118,124,168,34,108,174,196,167,15,156,21,73,82,172,86,181,68,9,45,138,126,143,160,173,18,186,199,0,77,89,46,164,4,84,122,25,23,189,98,171,62,176,72,154,49,170,95,182,139,135,191,48,50,56,92,147,67,32,61,38,165,193,28,44,16,91,88,70,71,162,20,188,144,184,8,157,78,128,101,185,76,80,100,30,134,27,2,97,58,151,175,6,1,117,57,169,142,163,158,54,120,3,136,149,107,55,14,13,111,52,148,83,129,24,150,103,105,69,159,40,116,140,99,106,194,180,178,192,109,66,145,102,110,12,7,85,104,17,53,155,146,63,31,183,65,125,190,10,130,5,39,113,43,127,60,42,141,11,114,64,79,177,119,132,75,137,133,81,153,166,195,33,35,36,22,112,93,19,87,121,51];True
3791;6587;10378;[198,29,90,41,187,179,96,47,26,161,115,152,131,59,197,123,74,37,94,118,124,168,34,108,174,196,167,15,156,21,73,82,172,86,181,68,9,45,138,126,143,160,173,18,186,199,0,77,89,46,164,4,84,122,25,23,189,98,171,62,176,72,154,49,170,95,182,139,135,191,48,50,56,92,147,67,32,61,38,165,193,28,44,125,91,88,70,71,162,20,188,144,184,8,157,78,128,101,185,76,80,100,30,134,27,2,97,58,151,175,6,1,117,57,169,142,163,158,54,120,3,136,149,107,55,14,13,111,52,148,83,129,24,150,103,105,69,159,40,116,140,99,106,194,180,178,192,10,66,145,102,110,12,7,85,104,17,53,155,146,63,31,183,65,16,190,109,130,5,39,113,43,127,60,42,141,11,114,64,79,177,119,132,75,137,133,81,153,166,195,33,35,36,22,112,93,19,87,121,51];True
3794;6586;10380;[198,29,90,41,187,79,179,47,26,161,115,152,131,59,197,123,74,37,94,118,124,168,34,108,174,196,167,15,156,21,73,82,172,86,181,68,9,45,138,126,143,160,173,18,186,199,0,77,89,46,164,4,84,122,25,23,189,98,171,62,176,72,154,49,170,95,182,139,135,191,48,50,56,92,147,67,32,61,38,165,193,28,44,16,91,88,70,71,162,20,188,144,184,8,157,78,128,101,185,76,80,100,30,134,27,2,97,58,151,175,6,1,117,57,169,142,163,158,54,120,3,136,149,107,55,14,13,111,52,148,83,129,24,150,103,105,69,159,40,116,140,99,106,194,180,178,192,10,66,145,102,110,12,7,85,104,17,53,155,146,63,31,183,65,125,190,109,130,5,39,113,43,127,60,42,141,11,114,64,96,177,119,132,75,137,133,81,153,166,195,33,35,36,22,112,93,19,87,121,51];True
3795;6585;10380;[198,29,90,41,187,179,96,47,26,161,115,152,131,59,197,123,74,37,94,118,124,168,34,108,174,196,167,15,156,21,73,82,172,86,181,68,9,45,138,126,143,160,173,18,186,199,0,77,89,46,164,4,84,122,25,23,189,98,171,62,176,72,154,49,170,95,182,139,135,191,48,50,56,92,147,67,32,61,19,165,193,28,44,16,91,88,70,71,162,20,188,144,184,8,157,78,128,101,185,76,80,100,30,134,27,2,97,58,151,175,6,1,117,57,169,142,163,158,54,120,3,136,149,107,55,14,13,111,52,148,83,129,24,150,103,105,69,159,40,116,140,99,106,194,180,178,192,109,66,145,102,110,12,7,85,104,17,53,155,146,63,31,183,65,125,190,10,130,5,39,113,43,127,60,42,141,11,114,64,79,177,119,132,75,137,133,81,153,166,195,33,35,36,22,112,93,38,87,121,51];True
3799;6584;10383;[198,29,90,41,187,79,179,47,26,161,115,152,131,59,197,123,74,37,94,118,124,168,34,108,174,196,167,15,156,21,73,82,172,86,181,68,9,45,138,126,143,160,173,18,186,199,0,77,89,46,164,4,84,122,25,23,189,98,171,62,176,72,154,49,170,95,182,139,135,191,48,50,56,92,147,67,32,61,38,165,193,28,44,16,91,88,70,71,162,20,188,144,184,8,157,78,128,101,185,76,80,100,30,134,27,2,97,58,151,175,6,1,117,57,169,142,137,158,54,120,3,136,149,107,55,14,13,111,52,148,83,129,24,150,103,105,69,159,40,116,104,99,106,194,180,178,192,109,66,145,102,110,12,7,85,140,17,53,155,146,63,31,183,65,125,190,10,130,5,39,113,43,127,60,42,141,11,114,64,96,177,119,132,75,163,133,81,153,166,195,33,35,36,22,112,93,19,87,121,51];True
3803;6583;10386;[198,29,90,41,187,79,179,47,26,161,115,152,131,59,197,123,74,37,94,118,124,168,34,108,174,196,167,15,156,21,73,82,172,86,181,68,9,45,138,126,143,160,91,18,171,199,0,77,89,46,164,4,84,166,173,23,189,98,25,170,176,72,154,49,62,95,182,139,135,191,48,50,56,92,147,67,32,61,38,165,193,28,44,125,6,88,70,71,162,20,188,144,184,8,157,78,128,101,185,76,80,100,30,134,27,2,97,58,151,175,57,186,117,195,169,142,137,158,54,120,3,136,149,107,55,14,13,111,52,148,83,129,24,150,103,105,69,159,40,116,140,99,106,194,180,178,192,10,66,145,102,110,12,7,85,104,17,53,155,146,63,31,183,65,16,190,109,130,5,39,113,43,127,60,42,141,11,114,64,96,177,119,132,75,163,133,81,153,122,1,33,35,36,22,112,93,19,87,121,51];True
3814;6582;10396;[198,29,90,41,187,179,96,47,26,161,115,152,131,59,197,123,74,37,94,118,124,168,34,108,174,196,167,15,156,21,73,82,172,86,181,68,9,45,138,126,143,160,173,18,186,199,0,77,89,46,164,4,84,122,25,23,189,98,171,62,176,72,154,49,170,95,182,139,135,191,48,50,56,92,147,67,32,61,19,165,193,28,44,125,91,88,70,71,162,20,188,144,184,8,157,78,128,101,185,76,80,100,30,134,27,2,97,58,151,175,6,1,117,57,169,142,137,158,54,120,3,136,149,107,55,14,13,111,52,148,83,129,24,150,103,105,69,159,40,116,104,99,106,194,180,178,192,109,66,145,102,110,12,7,85,140,17,53,155,146,63,31,183,65,16,190,10,130,5,39,113,43,127,60,42,141,11,114,64,79,177,119,132,75,163,133,81,153,166,195,33,35,36,22,112,93,38,87,121,51];True
3816;6581;10397;[198,29,90,41,172,60,179,47,26,161,115,152,131,59,197,123,74,37,94,118,124,168,34,108,174,196,167,15,156,21,73,82,187,86,181,68,9,45,138,126,143,160,173,18,186,199,0,77,89,46,164,4,84,122,25,23,189,98,171,62,176,72,154,49,170,95,182,139,135,191,48,50,56,92,147,67,32,61,38,165,193,28,44,16,91,88,70,71,162,20,188,144,184,8,157,78,128,101,185,76,80,100,30,134,27,2,97,58,151,175,6,1,117,57,169,142,137,158,54,120,3,136,149,107,55,14,13,111,52,148,83,129,24,150,103,105,69,159,40,116,104,99,106,194,180,178,192,109,66,145,102,110,12,7,85,140,17,53,155,146,63,31,183,65,125,190,10,130,5,39,113,43,127,79,42,141,11,114,64,96,177,119,132,75,163,133,81,153,166,195,33,35,36,22,112,93,19,87,121,51];True
3819;6579;10398;[198,29,90,41,187,79,179,47,26,161,115,152,131,59,197,123,74,37,94,118,124,168,34,108,174,196,167,15,156,21,73,82,172,86,181,68,61,45,138,126,143,160,173,18,186,199,0,77,89,46,164,4,84,122,25,23,189,98,171,62,176,72,154,49,170,95,182,139,135,191,48,50,56,92,147,67,32,38,9,165,193,28,44,16,91,88,70,71,162,20,188,144,184,8,157,78,128,101,185,76,80,100,30,134,27,2,97,58,151,175,6,1,117,57,169,142,137,158,54,120,3,136,149,107,55,14,13,111,52,148,83,129,24,150,103,105,69,159,40,116,140,99,106,194,180,178,192,109,66,145,102,110,12,7,85,104,17,53,155,146,63,31,183,65,125,190,10,130,5,39,113,43,127,60,42,141,11,114,64,96,177,119,132,75,163,133,81,153,166,195,33,35,36,22,112,93,19,87,121,51];True
3821;6578;10399;[198,29,90,41,187,179,96,47,26,161,115,152,131,59,197,123,74,37,94,118,124,168,34,108,174,196,167,15,156,21,73,82,172,86,181,68,9,45,138,126,143,160,173,18,186,199,0,77,89,46,164,4,84,122,25,23,189,98,171,62,176,72,154,49,170,95,182,139,135,191,48,50,56,92,147,67,32,61,38,165,193,28,44,125,91,88,70,71,162,20,188,144,184,8,157,78,128,101,185,76,80,100,30,134,27,2,97,58,151,175,6,1,117,57,169,142,137,158,54,120,3,136,149,107,55,14,13,111,52,148,83,129,24,150,103,105,69,159,40,116,140,99,106,194,180,178,192,109,66,145,102,110,12,7,85,104,17,53,155,146,63,31,183,65,16,190,10,130,5,39,113,43,127,60,42,141,11,114,64,79,177,119,132,75,163,133,81,153,166,195,33,35,36,22,112,93,19,87,121,51];True
3824;6577;10401;[198,29,90,41,187,79,179,47,26,161,115,152,131,59,197,123,74,37,94,118,124,168,34,108,174,196,167,15,156,21,73,82,172,86,181,68,9,45,138,126,143,160,173,18,186,199,0,77,89,46,164,4,84,122,25,23,189,98,171,62,176,72,154,49,170,95,182,139,135,191,48,50,56,92,147,67,32,61,38,165,193,28,44,16,91,88,70,71,162,20,188,144,184,8,157,78,128,101,185,76,80,100,30,134,27,2,97,58,151,175,6,1,117,57,169,142,137,158,54,120,3,136,149,107,55,14,13,111,52,148,83,129,24,150,103,105,69,159,40,116,140,99,106,194,180,178,192,109,66,145,102,110,12,7,85,104,17,53,155,146,63,31,183,65,125,190,10,130,5,39,113,43,127,60,42,141,11,114,64,96,177,119,132,75,163,133,81,153,166,195,33,35,36,22,112,93,19,87,121,51];True
3832;6576;10408;[198,29,90,41,187,79,179,47,26,161,115,152,131,59,197,123,74,37,94,118,124,168,34,108,174,196,167,15,156,21,73,82,172,86,181,68,9,45,138,126,143,160,91,18,171,199,0,77,89,46,164,4,84,166,173,23,189,98,25,170,176,72,154,49,62,95,182,139,135,191,48,50,56,92,147,67,32,61,38,165,193,28,44,125,6,88,70,71,162,20,188,144,184,8,157,78,128,101,185,76,80,100,30,134,27,2,97,58,151,175,57,186,117,195,169,142,137,158,54,120,3,136,149,107,55,14,13,111,52,148,83,129,24,150,103,105,69,159,40,116,104,99,106,194,180,178,192,109,66,145,102,110,12,7,85,140,17,53,155,146,63,31,183,65,16,190,10,130,5,39,113,43,127,60,42,141,11,114,64,96,177,119,132,75,163,133,81,153,122,1,33,35,36,22,112,93,19,87,121,51];True
3839;6575;10414;[198,29,90,41,187,179,96,47,26,161,115,152,131,59,197,123,74,37,94,118,124,168,34,108,174,196,167,15,156,21,73,82,172,86,181,68,9,45,138,126,143,160,173,18,186,199,0,77,89,46,164,4,84,122,25,23,189,98,171,62,176,72,154,49,170,95,182,139,135,191,48,50,56,92,147,67,32,61,19,165,193,28,44,125,91,88,70,71,162,20,188,144,184,8,157,78,128,101,185,76,80,100,30,134,27,2,97,58,151,175,6,1,117,57,169,142,137,158,54,120,3,136,149,107,55,14,13,111,52,148,83,129,24,150,103,105,69,159,40,116,140,99,106,194,180,178,192,109,66,145,102,110,12,7,85,104,17,53,155,146,63,31,183,65,16,190,10,130,5,39,113,43,127,60,42,141,11,114,64,79,177,119,132,75,163,133,81,153,166,195,33,35,36,22,112,93,38,87,121,51];True
3841;6574;10415;[198,29,90,41,172,60,179,47,26,161,115,152,131,59,197,123,74,37,94,118,124,168,34,108,174,196,167,15,156,21,73,82,187,86,181,68,9,45,138,126,143,160,173,18,186,199,0,77,89,46,164,4,84,122,25,23,189,98,171,62,176,72,154,49,170,95,182,139,135,191,48,50,56,92,147,67,32,61,38,165,193,28,44,16,91,88,70,71,162,20,188,144,184,8,157,78,128,101,185,76,80,100,30,134,27,2,97,58,151,175,6,1,117,57,169,142,137,158,54,120,3,136,149,107,55,14,13,111,52,148,83,129,24,150,103,105,69,159,40,116,140,99,106,194,180,178,192,109,66,145,102,110,12,7,85,104,17,53,155,146,63,31,183,65,125,190,10,130,5,39,113,43,127,79,42,141,11,114,64,96,177,119,132,75,163,133,81,153,166,195,33,35,36,22,112,93,19,87,121,51];True
3845;6573;10418;[198,29,90,41,187,179,96,47,26,161,115,152,131,59,197,123,74,37,94,118,124,168,34,108,174,196,167,15,156,21,73,82,172,86,181,68,9,45,138,126,143,160,173,18,186,199,0,77,89,46,164,4,84,122,25,23,189,98,171,62,176,72,154,49,170,95,182,139,135,191,48,50,56,92,147,67,32,61,38,165,193,28,44,125,91,88,70,71,162,20,188,144,184,8,157,78,128,101,185,76,80,100,30,134,27,2,97,58,151,175,6,1,117,57,169,142,163,158,54,120,3,136,149,107,55,14,13,111,52,148,83,129,24,150,103,105,69,159,40,116,140,99,106,194,180,178,192,109,66,145,102,110,12,7,85,104,17,53,155,146,63,31,183,65,16,190,10,130,5,39,113,43,127,60,42,141,11,114,64,79,177,119,132,75,137,133,81,153,166,195,33,35,36,22,112,93,19,87,121,51];True
3848;6572;10420;[198,29,90,41,187,79,179,47,26,161,115,152,131,59,197,123,74,37,94,118,124,168,34,108,174,196,167,15,156,21,73,82,172,86,181,68,9,45,138,126,143,160,173,18,186,199,0,77,89,46,164,4,84,122,25,23,189,98,171,62,176,72,154,49,170,95,182,139,135,191,48,50,56,92,147,67,32,61,38,165,193,28,44,16,91,88,70,71,162,20,188,144,184,8,157,78,128,101,185,76,80,100,30,134,27,2,97,58,151,175,6,1,117,57,169,142,163,158,54,120,3,136,149,107,55,14,13,111,52,148,83,129,24,150,103,105,69,159,40,116,140,99,106,194,180,178,192,109,66,145,102,110,12,7,85,104,17,53,155,146,63,31,183,65,125,190,10,130,5,39,113,43,127,60,42,141,11,114,64,96,177,119,132,75,137,133,81,153,166,195,33,35,36,22,112,93,19,87,121,51];True
3857;6569;10426;[198,29,90,41,187,79,179,47,26,161,115,152,131,59,197,123,74,37,94,118,124,168,34,108,174,196,167,15,156,21,73,82,172,86,181,68,9,45,138,126,143,160,91,18,171,199,0,77,89,46,164,4,84,166,173,23,189,98,25,170,176,72,154,49,62,95,182,139,135,191,48,50,56,92,147,67,32,61,38,165,193,28,44,125,6,88,70,71,162,20,188,144,184,8,157,78,128,101,185,76,80,100,30,134,27,2,97,58,151,175,57,186,117,195,169,142,137,158,54,120,3,136,149,107,55,14,13,111,52,148,83,129,24,150,103,105,69,159,40,116,140,99,106,194,180,178,192,109,66,145,102,110,12,7,85,104,17,53,155,146,63,31,183,65,16,190,10,130,5,39,113,43,127,60,42,141,11,114,64,96,177,119,132,75,163,133,81,153,122,1,33,35,36,22,112,93,19,87,121,51];True
3856;6571;10427;[198,29,90,41,187,79,179,47,26,161,115,152,131,59,197,123,74,37,94,118,124,168,34,108,174,196,167,15,156,21,73,82,172,86,181,68,9,45,138,126,143,160,91,18,171,199,0,77,89,46,164,4,84,166,173,23,189,98,25,170,176,72,154,49,62,95,182,139,135,191,48,50,56,92,147,67,32,61,38,165,193,28,44,125,6,88,70,71,162,20,188,144,184,8,157,78,128,101,185,76,80,100,30,134,27,2,97,58,151,175,57,186,117,195,169,142,163,158,54,120,3,136,149,107,55,14,13,111,52,148,83,129,24,150,103,105,69,159,40,116,104,99,106,194,180,178,192,109,66,145,102,110,12,7,85,140,17,53,155,146,63,31,183,65,16,190,10,130,5,39,113,43,127,60,42,141,11,114,64,96,177,119,132,75,137,133,81,153,122,1,33,35,36,22,112,93,19,87,121,51];True
3869;6568;10437;[198,29,90,41,187,79,179,47,26,161,115,152,131,110,197,123,74,37,94,118,124,168,34,108,174,196,167,15,156,21,73,82,172,86,181,68,9,45,138,126,143,160,91,18,171,199,0,77,89,46,164,4,84,59,109,23,189,98,25,170,176,72,154,49,62,95,182,139,135,191,48,50,56,92,147,67,32,61,38,165,193,28,44,125,6,88,70,71,162,20,188,144,184,8,157,78,128,101,185,76,80,100,30,134,27,2,97,58,151,175,57,186,117,195,169,142,163,158,54,120,3,136,149,107,55,14,13,111,52,148,83,129,24,150,103,105,69,159,40,116,140,99,106,194,180,178,192,173,66,145,102,122,12,7,85,104,17,53,155,146,63,31,183,65,16,190,10,130,5,39,113,43,127,60,42,141,11,114,64,96,177,119,132,75,137,133,81,153,166,1,33,35,36,22,112,93,19,87,121,51];True
3874;6566;10440;[198,29,90,41,172,60,179,47,26,161,115,152,131,59,197,123,74,37,94,118,124,168,34,108,174,196,167,15,156,21,73,82,187,86,181,68,9,45,138,126,143,160,91,18,171,199,0,77,89,46,164,4,84,166,173,23,189,98,25,170,176,72,154,49,62,95,182,139,135,191,48,50,56,92,147,67,32,61,38,165,193,28,44,125,6,88,70,71,162,20,188,144,184,8,157,78,128,101,185,76,80,100,30,134,27,2,97,58,151,175,57,186,117,195,169,142,137,158,54,120,3,136,149,107,55,14,13,111,52,148,83,129,24,150,103,105,69,159,40,116,140,99,106,194,180,178,192,109,66,145,102,110,12,7,85,104,17,53,155,146,63,31,183,65,16,190,10,130,5,39,113,43,127,79,42,141,11,114,64,96,177,119,132,75,163,133,81,153,122,1,33,35,36,22,112,93,19,87,121,51];True
3881;6564;10445;[198,29,90,41,187,79,179,47,26,161,115,152,131,59,197,123,74,37,94,118,124,168,34,108,174,196,167,15,156,21,73,82,172,86,181,68,9,45,138,126,143,160,91,18,171,199,0,77,89,46,164,4,84,166,173,23,189,98,25,170,176,72,154,49,62,95,182,139,135,191,48,50,56,92,147,67,32,61,38,165,193,28,44,125,6,88,70,71,162,20,188,144,184,8,157,78,128,101,185,76,80,100,30,134,27,2,97,58,151,175,57,186,117,195,169,142,163,158,54,120,3,136,149,107,55,14,13,111,52,148,83,129,24,150,103,105,69,159,40,116,140,99,106,194,180,178,192,109,66,145,102,110,12,7,85,104,17,53,155,146,63,31,183,65,16,190,10,130,5,39,113,43,127,60,42,141,11,114,64,96,177,119,132,75,137,133,81,153,122,1,33,35,36,22,112,93,19,87,121,51];True
3887;6563;10450;[198,29,90,41,187,79,179,47,26,161,115,152,131,110,197,123,74,37,94,118,124,168,34,108,174,196,167,15,156,21,73,82,172,86,181,68,9,45,138,126,143,160,91,18,171,199,0,77,89,46,164,4,84,59,173,23,189,98,25,170,176,72,154,49,62,95,182,139,135,191,48,50,56,92,147,67,32,61,38,165,193,28,44,125,6,88,70,71,162,20,188,144,184,8,157,78,128,101,185,76,80,100,30,134,27,2,97,58,151,175,57,186,117,195,169,142,137,158,54,120,3,136,149,107,55,14,13,111,52,148,83,129,24,150,103,105,69,159,40,116,140,99,106,194,180,178,192,109,66,145,102,122,12,7,85,104,17,53,155,146,63,31,183,65,16,190,10,130,5,39,113,43,127,60,42,141,11,114,64,96,177,119,132,75,163,133,81,153,166,1,33,35,36,22,112,93,19,87,121,51];True
3892;6562;10454;[198,29,90,41,187,79,179,47,26,161,115,152,131,59,197,123,74,37,94,118,124,168,34,108,174,196,167,15,156,21,73,82,172,86,181,68,9,45,138,126,143,160,173,18,186,199,0,77,89,46,164,4,84,122,25,23,189,98,171,62,176,72,154,49,170,95,182,139,135,191,48,50,56,92,147,67,32,61,38,165,193,28,44,125,91,88,70,71,162,20,188,144,184,8,157,78,128,101,185,76,80,100,30,134,27,2,97,58,151,175,6,1,117,57,169,142,137,158,54,120,3,136,149,107,55,14,13,111,52,148,83,129,24,150,103,105,69,159,40,116,140,99,106,194,180,178,192,109,66,145,102,110,12,7,85,104,17,53,155,146,63,31,183,65,16,190,10,130,5,39,113,43,127,60,42,141,11,114,64,96,177,119,132,75,163,133,81,153,166,195,33,35,36,22,112,93,19,87,121,51];True
3897;6561;10458;[198,29,90,41,187,79,179,47,26,161,115,152,131,59,197,123,74,37,94,118,124,168,34,108,174,196,167,15,156,21,73,82,172,86,181,68,9,45,138,126,143,160,91,18,171,199,0,77,89,46,164,4,84,122,173,23,189,98,25,170,176,72,154,49,62,95,182,139,135,191,48,50,56,92,147,67,32,61,38,165,193,28,44,125,6,88,70,71,162,20,188,144,184,8,157,78,128,101,185,76,80,100,30,134,27,2,97,58,151,175,57,186,117,195,169,142,137,158,54,120,3,136,149,107,55,14,13,111,52,148,83,129,24,150,103,105,69,159,40,116,140,99,106,194,180,178,192,109,66,145,102,110,12,7,85,104,17,53,155,146,63,31,183,65,16,190,10,130,5,39,113,43,127,60,42,141,11,114,64,96,177,119,132,75,163,133,81,153,166,1,33,35,36,22,112,93,19,87,121,51];True
3904;6560;10464;[198,29,90,41,172,60,179,47,26,161,115,152,131,110,197,123,74,37,94,118,124,168,34,108,174,196,167,15,156,21,73,82,187,86,181,68,9,45,138,126,143,160,91,18,171,199,0,77,89,46,164,4,84,59,173,23,189,98,25,170,176,72,154,49,62,95,182,139,135,191,48,50,56,92,147,67,32,61,38,165,193,28,44,125,6,88,70,71,162,20,188,144,184,8,157,78,128,101,185,76,80,100,30,134,27,2,97,58,151,175,57,186,117,195,169,142,137,158,54,120,3,136,149,107,55,14,13,111,52,148,83,129,24,150,103,105,69,159,40,116,140,99,106,194,180,178,192,109,66,145,102,122,12,7,85,104,17,53,155,146,63,31,183,65,16,190,10,130,5,39,113,43,127,79,42,141,11,114,64,96,177,119,132,75,163,133,81,153,166,1,33,35,36,22,112,93,19,87,121,51];True
3909;6559;10468;[198,29,90,41,172,60,179,47,26,161,115,152,131,59,197,123,74,37,94,118,124,168,34,108,174,196,167,15,156,21,73,82,187,86,181,68,9,45,138,126,143,160,173,18,186,199,0,77,89,46,164,4,84,122,25,23,189,98,171,62,176,72,154,49,170,95,182,139,135,191,48,50,56,92,147,67,32,61,38,165,193,28,44,125,91,88,70,71,162,20,188,144,184,8,157,78,128,101,185,76,80,100,30,134,27,2,97,58,151,175,6,1,117,57,169,142,137,158,54,120,3,136,149,107,55,14,13,111,52,148,83,129,24,150,103,105,69,159,40,116,140,99,106,194,180,178,192,109,66,145,102,110,12,7,85,104,17,53,155,146,63,31,183,65,16,190,10,130,5,39,113,43,127,79,42,141,11,114,64,96,177,119,132,75,163,133,81,153,166,195,33,35,36,22,112,93,19,87,121,51];True
3911;6558;10469;[198,29,90,41,187,79,179,47,26,161,115,152,131,110,197,123,74,37,94,118,124,168,34,108,174,196,167,15,156,21,73,82,172,86,181,68,9,45,138,126,143,160,91,18,171,199,0,77,89,46,164,4,84,59,173,23,189,98,25,170,176,72,154,49,62,95,182,139,135,191,48,50,56,92,147,67,32,61,38,165,193,28,44,125,6,88,70,71,162,20,188,144,184,8,157,78,128,101,185,76,80,100,30,134,27,2,97,58,151,175,57,186,117,195,169,142,163,158,54,120,3,136,149,107,55,14,13,111,52,148,83,129,24,150,103,105,69,159,40,116,140,99,106,194,180,178,192,109,66,145,102,122,12,7,85,104,17,53,155,146,63,31,183,65,16,190,10,130,5,39,113,43,127,60,42,141,11,114,64,96,177,119,132,75,137,133,81,153,166,1,33,35,36,22,112,93,19,87,121,51];True
3915;6556;10471;[198,29,90,41,58,79,179,47,26,161,115,152,131,59,197,123,74,37,94,118,124,168,34,108,174,196,167,15,156,21,73,82,172,86,181,68,9,45,138,126,143,160,91,18,199,12,7,173,89,46,164,4,84,122,25,23,77,57,186,170,176,72,154,49,62,95,182,139,135,191,48,50,56,92,147,67,32,61,38,165,193,28,44,125,6,88,70,71,162,20,188,144,184,8,157,78,128,101,185,76,80,100,30,134,27,2,97,187,151,175,98,1,117,195,169,142,163,158,54,120,3,136,149,107,55,14,13,111,52,148,83,129,24,150,103,105,69,159,40,116,140,99,106,194,180,178,192,109,66,145,102,110,171,0,85,104,17,53,155,146,63,31,183,65,16,190,10,130,5,39,113,43,127,60,42,141,11,114,64,96,177,119,132,75,137,133,81,153,166,189,33,35,36,22,112,93,19,87,121,51];True
3924;6555;10479;[198,29,90,41,187,79,179,47,26,161,115,152,131,122,197,123,74,37,94,118,124,168,34,108,174,196,167,15,156,21,73,82,172,86,181,68,9,45,138,126,143,160,91,18,171,199,0,77,89,46,164,4,84,59,173,23,189,98,25,170,176,72,154,49,62,95,182,139,135,191,48,50,56,92,147,67,32,61,38,165,193,28,44,125,6,88,70,71,162,20,188,144,184,8,157,78,128,101,185,76,80,100,30,134,27,2,97,58,151,175,57,186,117,195,169,142,137,158,54,120,3,136,149,107,55,14,13,111,52,148,83,129,24,150,103,105,69,159,40,116,140,99,106,194,180,178,192,109,66,145,102,110,12,7,85,104,17,53,155,146,63,31,183,65,16,190,10,130,5,39,113,43,127,60,42,141,11,114,64,96,177,119,132,75,163,133,81,153,166,1,33,35,36,22,112,93,19,87,121,51];True
3933;6554;10487;[198,29,90,41,172,60,179,47,26,161,115,152,131,59,197,123,74,37,94,118,124,168,34,108,174,196,167,15,156,21,73,82,187,86,181,68,9,45,138,126,143,160,173,18,186,199,0,77,89,46,164,4,84,122,25,23,189,98,171,62,176,72,154,49,170,95,182,139,135,191,48,50,56,92,147,67,32,61,38,165,193,28,44,125,91,88,70,71,162,20,188,144,184,8,157,78,128,101,185,76,80,100,30,134,27,2,97,58,151,175,6,1,117,57,169,142,163,158,54,120,3,136,149,107,55,14,13,111,52,148,83,129,24,150,103,105,69,159,40,116,140,99,106,194,180,178,192,109,66,145,102,110,12,7,85,104,17,53,155,146,63,31,183,65,16,190,10,130,5,39,113,43,127,79,42,141,11,114,64,96,177,119,132,75,137,133,81,153,166,195,33,35,36,22,112,93,19,87,121,51];True
3938;6553;10491;[198,29,90,41,172,60,179,47,26,161,115,152,131,59,197,123,74,37,94,118,124,168,34,108,174,196,167,15,156,21,73,82,187,86,181,68,9,45,138,126,143,160,91,18,171,199,0,77,89,46,164,4,84,122,173,23,189,98,25,170,176,72,154,49,62,95,182,139,135,191,48,50,56,92,147,67,32,61,38,165,193,28,44,125,6,88,70,71,162,20,188,144,184,8,157,78,128,101,185,76,80,100,30,134,27,2,97,58,151,175,57,186,117,195,169,142,163,158,54,120,3,136,149,107,55,14,13,111,52,148,83,129,24,150,103,105,69,159,40,116,140,99,106,194,180,178,192,109,66,145,102,110,12,7,85,104,17,53,155,146,63,31,183,65,16,190,10,130,5,39,113,43,127,79,42,141,11,114,64,96,177,119,132,75,137,133,81,153,166,1,33,35,36,22,112,93,19,87,121,51];True
3941;6552;10493;[198,29,90,41,172,60,179,47,26,161,115,152,131,122,197,123,74,37,94,118,124,168,34,108,174,196,167,15,156,21,73,82,187,86,181,68,9,45,138,126,143,160,91,18,171,199,0,77,89,46,164,4,84,59,173,23,189,98,25,170,176,72,154,49,62,95,182,139,135,191,48,50,56,92,147,67,32,61,38,165,193,28,44,125,6,88,70,71,162,20,188,144,184,8,157,78,128,101,185,76,80,100,30,134,27,2,97,58,151,175,57,186,117,195,169,142,137,158,54,120,3,136,149,107,55,14,13,111,52,148,83,129,24,150,103,105,69,159,40,116,140,99,106,194,180,178,192,109,66,145,102,110,12,7,85,104,17,53,155,146,63,31,183,65,16,190,10,130,5,39,113,43,127,79,42,141,11,114,64,96,177,119,132,75,163,133,81,153,166,1,33,35,36,22,112,93,19,87,121,51];True
3945;6551;10496;[198,29,90,41,187,79,179,47,26,161,115,152,131,59,197,123,74,37,94,118,124,168,34,108,174,196,167,15,156,21,73,82,172,86,181,68,9,45,138,126,143,160,91,18,171,199,0,77,89,46,164,4,84,122,93,23,189,98,25,170,176,72,154,49,62,95,182,139,135,191,48,50,56,92,147,67,32,61,19,165,193,28,44,125,6,88,70,71,162,20,188,144,184,8,157,78,128,101,185,76,80,100,30,134,27,2,97,58,151,175,57,186,117,195,169,142,163,158,54,120,3,136,149,107,55,14,13,111,52,148,83,129,24,150,103,105,69,159,40,116,140,99,106,194,180,178,192,109,66,145,102,110,12,7,85,104,17,53,155,146,63,31,183,65,16,190,10,130,5,39,113,43,127,60,42,141,11,114,64,96,177,119,132,75,137,133,81,153,166,173,33,35,36,22,112,1,38,87,121,51];True
3948;6550;10498;[198,29,90,41,187,79,179,47,26,161,115,152,131,122,197,123,74,37,94,118,124,168,34,108,174,196,167,15,156,21,73,82,172,86,181,68,9,45,138,126,143,160,91,18,171,199,0,77,89,46,164,4,84,59,173,23,189,98,25,170,176,72,154,49,62,95,182,139,135,191,48,50,56,92,147,67,32,61,38,165,193,28,44,125,6,88,70,71,162,20,188,144,184,8,157,78,128,101,185,76,80,100,30,134,27,2,97,58,151,175,57,186,117,195,169,142,163,158,54,120,3,136,149,107,55,14,13,111,52,148,83,129,24,150,103,105,69,159,40,116,140,99,106,194,180,178,192,109,66,145,102,110,12,7,85,104,17,53,155,146,63,31,183,65,16,190,10,130,5,39,113,43,127,60,42,141,11,114,64,96,177,119,132,75,137,133,81,153,166,1,33,35,36,22,112,93,19,87,121,51];True
3950;6549;10499;[198,29,90,41,187,96,179,47,26,161,115,152,131,59,197,123,74,37,94,118,124,168,34,108,174,196,167,15,156,21,73,82,172,86,181,68,9,45,138,126,143,160,91,18,171,12,7,173,89,46,164,4,84,122,25,23,77,57,186,170,176,72,154,49,62,95,182,139,135,191,48,50,56,92,147,67,32,61,38,165,193,28,44,125,6,88,70,71,162,20,188,144,184,8,157,78,128,101,185,76,80,100,30,134,27,2,97,58,151,175,98,1,117,195,169,142,137,158,54,120,3,136,149,107,55,14,13,111,52,148,83,129,24,150,103,105,69,159,40,116,140,99,106,194,180,178,192,109,66,145,102,110,199,0,85,104,17,53,155,146,63,31,183,65,16,190,10,130,5,39,113,43,127,60,42,141,11,114,64,79,177,119,132,75,163,133,81,153,166,189,33,35,36,22,112,93,19,87,121,51];True
3955;6546;10501;[198,29,90,41,187,96,179,47,26,161,115,152,131,59,197,123,74,37,94,118,124,168,34,108,174,196,167,15,156,21,73,82,172,86,181,68,9,45,138,126,143,160,91,18,199,12,7,173,89,46,164,4,84,122,25,23,77,57,186,170,176,72,154,49,62,95,182,139,135,191,48,50,56,92,147,67,32,61,38,165,193,28,44,125,6,88,70,71,162,20,188,144,184,8,157,78,128,101,185,76,80,100,30,134,27,2,97,58,151,175,98,1,117,195,169,142,163,158,54,120,3,136,149,107,55,14,13,111,52,148,83,129,24,150,103,105,69,159,40,116,140,99,106,194,180,178,192,109,66,145,102,110,171,0,85,104,17,53,155,146,63,31,183,65,16,190,10,130,5,39,113,43,127,60,42,141,11,114,64,79,177,119,132,75,137,133,81,153,166,189,33,35,36,22,112,93,19,87,121,51];True
3953;6548;10501;[198,29,90,41,187,79,179,47,26,161,115,152,131,59,197,123,74,37,94,118,124,168,34,108,174,196,167,15,156,21,73,82,172,86,181,68,9,45,138,126,143,160,91,18,199,12,7,173,89,46,164,4,84,122,25,23,77,57,186,170,176,72,154,49,62,95,182,139,135,191,48,50,56,92,147,67,32,61,38,165,193,28,44,125,6,88,70,71,162,20,188,144,184,8,157,78,128,101,185,76,80,100,30,134,27,2,97,58,151,175,98,1,117,195,169,142,163,158,54,120,3,136,149,107,55,14,13,111,52,148,83,129,24,150,103,140,69,159,40,116,105,99,106,194,180,178,192,109,66,145,102,110,171,0,85,104,17,53,155,146,63,31,183,65,16,190,10,130,5,39,113,43,127,60,42,141,11,114,64,96,177,119,132,75,137,133,81,153,166,189,33,35,36,22,112,93,19,87,121,51];True
3964;6541;10505;[198,29,90,41,187,79,179,47,26,161,115,152,131,59,197,123,74,37,94,118,124,168,34,108,174,196,167,15,156,21,73,82,172,86,181,68,9,45,138,126,143,160,91,18,171,12,7,173,89,46,164,4,84,122,25,23,77,57,186,170,176,72,154,49,62,95,182,139,135,191,48,50,56,92,147,67,32,61,38,165,193,28,44,125,6,88,70,71,162,20,188,144,184,8,157,78,128,101,185,76,80,100,30,134,27,2,97,58,151,175,98,1,117,195,169,142,137,158,54,120,3,136,149,107,55,14,13,111,52,148,83,129,24,150,103,105,69,159,40,116,140,99,106,194,180,178,192,10,66,145,102,110,199,0,85,104,17,53,155,146,63,31,183,65,16,190,109,130,5,39,113,43,127,60,42,141,11,114,64,96,177,119,132,75,163,133,81,153,166,189,33,35,36,22,112,93,19,87,121,51];True
3969;6538;10507;[198,29,90,41,187,79,179,47,26,161,115,152,131,59,197,123,74,37,94,118,124,168,34,108,174,196,167,15,156,21,73,82,172,86,181,68,9,45,138,126,143,160,91,18,199,12,7,173,89,46,164,4,84,122,25,23,77,57,186,170,176,72,154,49,62,95,182,139,135,191,48,50,56,92,147,67,32,61,38,165,193,28,44,125,6,88,70,71,162,20,188,144,184,8,157,78,128,101,185,76,80,100,30,134,27,2,97,58,151,175,98,1,117,195,169,142,163,158,54,120,3,136,149,107,55,14,13,111,52,148,83,129,24,150,103,105,69,159,40,116,140,99,106,194,180,178,192,10,66,145,102,110,171,0,85,104,17,53,155,146,63,31,183,65,16,190,109,130,5,39,113,43,127,60,42,141,11,114,64,96,177,119,132,75,137,133,81,153,166,189,33,35,36,22,112,93,19,87,121,51];True
3983;6536;10519;[198,29,90,41,187,79,179,47,26,161,115,152,131,59,197,123,74,37,94,118,124,168,34,108,174,196,167,15,156,21,73,82,172,86,181,68,9,45,138,126,143,160,91,18,171,12,7,173,89,46,164,4,84,122,25,23,77,57,186,170,176,72,154,49,62,95,182,139,135,191,48,50,56,92,147,67,32,61,38,165,193,28,44,125,6,88,70,71,162,20,188,144,184,8,157,78,128,101,185,76,80,100,30,134,27,195,97,58,151,175,98,1,117,2,169,142,137,158,54,120,3,136,149,107,55,14,13,111,52,148,83,129,24,150,103,105,69,159,40,116,140,99,106,194,180,178,192,109,66,145,102,110,199,0,85,104,17,53,155,146,63,31,183,65,16,190,10,130,5,39,113,43,127,60,42,141,11,114,64,96,177,119,132,75,163,133,81,153,166,189,33,35,36,22,112,93,19,87,121,51];True
3988;6533;10521;[198,29,90,41,187,79,179,47,26,161,115,152,131,59,197,123,74,37,94,118,124,168,34,108,174,196,167,15,156,21,73,82,172,86,181,68,9,45,138,126,143,160,91,18,199,12,7,173,89,46,164,4,84,122,25,23,77,57,186,170,176,72,154,49,62,95,182,139,135,191,48,50,56,92,147,67,32,61,38,165,193,28,44,125,6,88,70,71,162,20,188,144,184,8,157,78,128,101,185,76,80,100,30,134,27,195,97,58,151,175,98,1,117,2,169,142,163,158,54,120,3,136,149,107,55,14,13,111,52,148,83,129,24,150,103,105,69,159,40,116,140,99,106,194,180,178,192,109,66,145,102,110,171,0,85,104,17,53,155,146,63,31,183,65,16,190,10,130,5,39,113,43,127,60,42,141,11,114,64,96,177,119,132,75,137,133,81,153,166,189,33,35,36,22,112,93,19,87,121,51];True
3999;6529;10528;[198,29,90,41,187,79,179,47,26,161,115,152,131,59,197,123,74,37,94,118,124,168,34,108,174,196,167,15,156,21,73,82,172,86,181,68,9,45,138,126,143,160,91,18,199,12,7,173,89,46,164,4,84,122,25,23,77,57,186,170,176,72,154,49,62,95,182,139,135,191,48,50,56,92,147,67,32,61,38,165,193,28,44,125,6,88,70,71,162,20,188,144,184,8,157,78,128,101,185,76,80,100,30,134,27,2,97,58,151,175,98,1,117,195,169,142,137,158,54,120,3,136,149,107,55,14,13,111,52,148,83,129,24,150,103,105,69,159,40,116,140,99,106,194,180,178,192,109,66,145,102,110,171,0,85,104,17,53,155,146,63,31,183,65,16,190,10,130,5,39,113,43,127,60,42,141,11,114,64,96,177,119,132,75,163,133,81,153,166,189,33,35,36,22,112,93,19,87,121,51];True
3998;6531;10529;[198,29,90,41,187,79,179,47,26,161,115,152,131,59,197,123,74,37,94,118,124,168,34,108,174,196,167,15,156,21,73,82,172,86,181,68,9,45,138,126,143,160,91,18,199,12,7,173,89,46,164,4,84,122,25,23,77,57,186,170,176,72,154,49,62,95,182,139,135,191,48,50,56,92,147,67,32,61,38,165,193,28,44,125,6,88,70,71,162,20,188,144,184,8,157,78,128,101,185,76,80,100,30,134,27,2,97,58,151,175,98,1,117,195,169,142,163,158,54,120,3,136,149,107,55,14,13,111,52,148,83,129,24,150,103,105,69,159,40,116,104,99,106,194,180,178,192,109,66,145,102,110,171,0,85,140,17,53,155,146,63,31,183,65,16,190,10,130,5,39,113,43,127,60,42,141,11,114,64,96,177,119,132,75,137,133,81,153,166,189,33,35,36,22,112,93,19,87,121,51];True
4018;6527;10545;[198,29,90,41,187,79,179,47,26,161,115,152,131,59,197,123,74,37,94,118,124,168,34,108,174,196,167,15,156,21,73,82,172,86,181,68,9,45,138,126,143,160,91,18,171,12,7,173,89,46,164,4,84,122,25,23,77,57,186,170,176,72,154,49,62,95,182,139,135,191,48,50,56,92,147,67,32,61,38,165,193,28,44,125,6,88,70,71,162,20,188,144,184,8,157,78,128,101,185,76,80,100,30,134,27,2,97,58,151,175,98,1,117,195,169,142,137,158,54,120,3,136,149,107,55,14,13,111,52,148,83,129,24,150,103,105,69,159,40,116,140,99,106,194,180,178,192,109,66,145,102,110,199,0,85,104,17,53,155,146,63,31,183,65,16,190,10,130,5,39,113,43,127,60,42,141,11,114,64,96,177,119,132,75,163,133,81,153,166,189,33,35,36,22,112,93,19,87,121,51];True
4023;6524;10547;[198,29,90,41,187,79,179,47,26,161,115,152,131,59,197,123,74,37,94,118,124,168,34,108,174,196,167,15,156,21,73,82,172,86,181,68,9,45,138,126,143,160,91,18,199,12,7,173,89,46,164,4,84,122,25,23,77,57,186,170,176,72,154,49,62,95,182,139,135,191,48,50,56,92,147,67,32,61,38,165,193,28,44,125,6,88,70,71,162,20,188,144,184,8,157,78,128,101,185,76,80,100,30,134,27,2,97,58,151,175,98,1,117,195,169,142,163,158,54,120,3,136,149,107,55,14,13,111,52,148,83,129,24,150,103,105,69,159,40,116,140,99,106,194,180,178,192,109,66,145,102,110,171,0,85,104,17,53,155,146,63,31,183,65,16,190,10,130,5,39,113,43,127,60,42,141,11,114,64,96,177,119,132,75,137,133,81,153,166,189,33,35,36,22,112,93,19,87,121,51];True
4040;6521;10561;[198,29,90,41,172,60,179,47,26,161,115,152,131,59,197,123,74,37,94,118,124,168,34,108,174,196,167,15,156,21,73,82,187,86,181,68,9,45,138,126,143,160,91,18,199,12,7,173,89,46,164,4,84,122,25,23,77,57,186,170,176,72,154,49,62,95,182,139,135,191,48,50,56,92,147,67,32,61,38,165,193,28,44,125,6,88,70,71,162,20,188,144,184,8,157,78,128,101,185,76,80,100,30,134,27,2,97,58,151,175,98,1,117,195,169,142,163,158,54,120,3,136,149,107,55,14,13,111,52,148,83,129,24,150,103,105,69,159,40,116,140,99,106,194,180,178,192,109,66,145,102,110,171,0,85,104,17,53,155,146,63,31,183,65,16,190,10,130,5,39,113,43,127,79,42,141,11,114,64,96,177,119,132,75,137,133,81,153,166,189,33,35,36,22,112,93,19,87,121,51];True
4059;6519;10578;[198,29,90,41,172,60,179,47,26,161,115,152,131,59,197,123,74,37,94,118,124,168,34,108,174,196,167,15,156,21,73,82,187,86,181,68,9,45,138,126,143,160,91,18,171,12,7,173,89,46,164,4,84,122,25,23,77,57,186,170,176,72,154,49,62,95,182,139,135,191,48,50,56,92,147,67,32,61,38,165,193,28,44,125,6,88,70,71,162,20,188,144,184,8,157,78,128,101,185,76,80,100,30,134,27,2,97,58,151,175,98,1,117,195,169,142,163,158,54,120,3,136,149,107,55,14,13,111,52,148,83,129,24,150,103,105,69,159,40,116,140,99,106,194,180,178,192,109,66,145,102,110,199,0,85,104,17,53,155,146,63,31,183,65,16,190,10,130,5,39,113,43,127,79,42,141,11,114,64,96,177,119,132,75,137,133,81,153,166,189,33,35,36,22,112,93,19,87,121,51];True
4074;6518;10592;[198,29,90,41,187,60,42,47,26,161,115,152,131,59,197,123,74,37,94,118,124,168,34,108,174,196,167,15,156,21,73,82,172,86,181,68,9,45,138,126,143,160,91,18,199,12,7,173,89,46,164,4,84,122,25,23,77,57,186,170,176,72,154,49,62,95,182,139,135,191,48,50,56,92,147,67,32,61,38,165,193,28,44,125,6,88,70,71,162,20,188,144,184,8,157,78,128,101,185,76,80,100,30,134,27,2,97,58,151,175,98,1,117,195,169,142,163,158,54,120,3,136,149,107,55,14,13,111,52,148,83,129,24,150,103,105,69,159,40,116,140,99,106,194,180,178,192,109,66,145,102,110,171,0,85,104,17,53,155,146,63,31,183,65,16,190,10,130,5,39,113,43,127,79,179,141,11,114,64,96,177,119,132,75,137,133,81,153,166,189,33,35,36,22,112,93,19,87,121,51];True
4077;6516;10593;[198,29,90,41,172,60,179,47,26,161,115,152,131,59,197,123,74,37,94,118,124,168,34,108,174,196,167,15,156,21,73,82,187,86,181,68,9,45,138,126,143,160,91,18,171,12,7,173,89,46,164,4,84,122,25,23,77,57,186,170,176,72,154,49,62,95,182,139,135,191,48,50,56,92,147,67,32,61,19,165,193,28,44,125,6,88,70,71,162,20,188,144,184,8,157,78,128,101,185,76,80,100,30,134,27,2,97,58,151,175,98,1,117,195,169,142,163,158,54,120,3,136,149,107,55,14,13,111,52,148,83,129,24,150,103,105,69,159,40,116,140,99,106,194,180,178,192,109,66,145,102,110,199,0,85,104,17,53,155,146,63,31,183,65,16,190,10,130,5,39,113,43,127,79,42,141,11,114,64,96,177,119,132,75,137,133,81,153,166,189,33,35,36,22,112,93,38,87,121,51];True
4080;6515;10595;[198,29,90,41,187,60,179,47,26,161,115,152,131,59,197,123,74,37,94,118,124,168,34,108,174,196,167,15,156,21,73,82,172,86,181,68,9,45,138,126,143,160,91,18,199,12,7,173,89,46,164,4,84,122,25,23,77,57,186,170,176,72,154,49,62,95,182,139,135,191,48,50,56,92,147,67,32,61,38,165,193,28,44,125,6,88,70,71,162,20,188,144,184,8,157,78,128,101,185,76,80,100,30,134,27,195,97,58,151,175,98,1,117,2,169,142,163,158,54,120,3,136,149,107,55,14,13,111,52,148,83,129,24,150,103,105,69,159,40,116,140,99,106,194,180,178,192,109,66,145,102,110,171,0,85,104,17,53,155,146,63,31,183,65,16,190,10,130,5,39,113,43,127,79,42,141,11,114,64,96,177,119,132,75,137,133,81,153,166,189,33,35,36,22,112,93,19,87,121,51];True
4091;6511;10602;[198,29,90,41,187,60,179,47,26,161,115,152,131,59,197,123,74,37,94,118,124,168,34,108,174,196,167,15,156,21,73,82,172,86,181,68,9,45,138,126,143,160,91,18,199,12,7,173,89,46,164,4,84,122,25,23,77,57,186,170,176,72,154,49,62,95,182,139,135,191,48,50,56,92,147,67,32,61,38,165,193,28,44,125,6,88,70,71,162,20,188,144,184,8,157,78,128,101,185,76,80,100,30,134,27,2,97,58,151,175,98,1,117,195,169,142,137,158,54,120,3,136,149,107,55,14,13,111,52,148,83,129,24,150,103,105,69,159,40,116,140,99,106,194,180,178,192,109,66,145,102,110,171,0,85,104,17,53,155,146,63,31,183,65,16,190,10,130,5,39,113,43,127,79,42,141,11,114,64,96,177,119,132,75,163,133,81,153,166,189,33,35,36,22,112,93,19,87,121,51];True
4090;6513;10603;[198,29,90,41,187,60,179,47,26,161,115,152,131,59,197,123,74,37,94,118,124,168,34,108,174,196,167,15,156,21,73,82,172,86,181,68,9,45,138,126,143,160,91,18,199,12,7,173,89,46,164,4,84,122,25,23,77,57,186,170,176,72,154,49,62,95,182,139,135,191,48,50,56,92,147,67,32,61,38,165,193,28,44,125,6,88,70,71,162,20,188,144,184,8,157,78,128,101,185,76,80,100,30,134,27,2,97,58,151,175,98,1,117,195,169,142,163,158,54,120,3,136,149,107,55,14,13,111,52,148,83,129,24,150,103,105,69,159,40,116,104,99,106,194,180,178,192,109,66,145,102,110,171,0,85,140,17,53,155,146,63,31,183,65,16,190,10,130,5,39,113,43,127,79,42,141,11,114,64,96,177,119,132,75,137,133,81,153,166,189,33,35,36,22,112,93,19,87,121,51];True
4110;6509;10619;[198,29,90,41,187,60,179,47,26,161,115,152,131,59,197,123,74,37,94,118,124,168,34,108,174,196,167,15,156,21,73,82,172,86,181,68,9,45,138,126,143,160,91,18,171,12,7,173,89,46,164,4,84,122,25,23,77,57,186,170,176,72,154,49,62,95,182,139,135,191,48,50,56,92,147,67,32,61,38,165,193,28,44,125,6,88,70,71,162,20,188,144,184,8,157,78,128,101,185,76,80,100,30,134,27,2,97,58,151,175,98,1,117,195,169,142,137,158,54,120,3,136,149,107,55,14,13,111,52,148,83,129,24,150,103,105,69,159,40,116,140,99,106,194,180,178,192,109,66,145,102,110,199,0,85,104,17,53,155,146,63,31,183,65,16,190,10,130,5,39,113,43,127,79,42,141,11,114,64,96,177,119,132,75,163,133,81,153,166,189,33,35,36,22,112,93,19,87,121,51];True
4115;6506;10621;[198,29,90,41,187,60,179,47,26,161,115,152,131,59,197,123,74,37,94,118,124,168,34,108,174,196,167,15,156,21,73,82,172,86,181,68,9,45,138,126,143,160,91,18,199,12,7,173,89,46,164,4,84,122,25,23,77,57,186,170,176,72,154,49,62,95,182,139,135,191,48,50,56,92,147,67,32,61,38,165,193,28,44,125,6,88,70,71,162,20,188,144,184,8,157,78,128,101,185,76,80,100,30,134,27,2,97,58,151,175,98,1,117,195,169,142,163,158,54,120,3,136,149,107,55,14,13,111,52,148,83,129,24,150,103,105,69,159,40,116,140,99,106,194,180,178,192,109,66,145,102,110,171,0,85,104,17,53,155,146,63,31,183,65,16,190,10,130,5,39,113,43,127,79,42,141,11,114,64,96,177,119,132,75,137,133,81,153,166,189,33,35,36,22,112,93,19,87,121,51];True
4133;6503;10636;[198,29,90,41,187,60,179,47,26,161,115,152,131,59,197,123,74,37,94,118,124,168,34,108,174,196,167,15,156,21,73,82,172,86,181,68,9,45,138,126,143,160,91,18,199,12,7,173,89,46,164,4,84,122,25,23,77,57,186,170,176,72,154,49,62,95,182,139,135,191,48,50,56,92,147,67,32,61,19,165,193,28,44,125,6,88,70,71,162,20,188,144,184,8,157,78,128,101,185,76,80,100,30,134,27,2,97,58,151,175,98,1,117,195,169,142,163,158,54,120,3,136,149,107,55,14,13,111,52,148,83,129,24,150,103,105,69,159,40,116,140,99,106,194,180,178,192,109,66,145,102,110,171,0,85,104,17,53,155,146,63,31,183,65,16,190,10,130,5,39,113,43,127,79,42,141,11,114,64,96,177,119,132,75,137,133,81,153,166,189,33,35,36,22,112,93,38,87,121,51];True
4151;6502;10653;[198,29,90,41,172,60,179,47,26,161,115,152,131,59,197,123,74,37,94,118,124,168,34,108,174,196,167,15,156,21,73,82,187,86,181,68,9,45,138,126,143,160,91,18,199,12,7,173,89,46,164,4,84,122,25,23,77,57,186,170,176,72,154,49,62,95,182,139,135,191,48,50,56,92,147,67,32,61,38,165,193,28,44,125,6,88,70,71,162,20,188,144,184,8,157,78,128,101,185,76,80,100,30,134,27,2,97,58,151,175,98,1,117,113,169,142,163,158,54,120,3,136,149,107,55,14,13,111,52,148,83,129,24,150,103,105,69,159,40,116,140,99,106,194,180,178,192,109,66,145,102,110,171,0,85,104,17,53,155,146,63,31,183,65,16,190,10,130,5,39,195,43,127,79,42,141,11,114,64,96,177,119,132,75,137,133,81,153,166,189,33,35,36,22,112,93,19,87,121,51];True
4152;6501;10653;[198,29,90,41,187,60,179,47,26,161,115,152,131,59,197,123,74,37,94,118,124,168,34,108,174,196,167,15,156,21,73,82,172,86,181,68,9,45,138,126,143,160,91,18,171,12,7,173,89,46,164,4,84,122,25,23,77,57,186,170,176,72,154,49,62,95,182,139,135,191,48,50,56,92,147,67,32,61,19,165,193,28,44,125,6,88,70,71,162,20,188,144,184,8,157,78,128,101,185,76,80,100,30,134,27,2,97,58,151,175,98,1,117,195,169,142,163,158,54,120,3,136,149,107,55,14,13,111,52,148,83,129,24,150,103,105,69,159,40,116,140,99,106,194,180,178,192,109,66,145,102,110,199,0,85,104,17,53,155,146,63,31,183,65,16,190,10,130,5,39,113,43,127,79,42,141,11,114,64,96,177,119,132,75,137,133,81,153,166,189,33,35,36,22,112,93,38,87,121,51];True
4168;6500;10668;[198,29,90,41,187,60,179,47,26,161,115,152,131,59,197,123,74,37,94,118,124,168,34,108,174,196,167,15,156,21,73,82,172,86,181,68,9,45,138,126,143,160,91,18,199,12,7,173,89,46,164,4,84,122,25,23,77,57,186,170,176,72,154,49,62,95,182,139,135,191,48,50,56,92,147,67,32,38,61,165,193,28,44,125,6,88,70,71,162,20,188,144,184,8,157,78,128,101,185,76,80,100,30,134,27,2,97,58,151,175,98,1,117,195,169,142,163,158,54,120,3,136,149,107,55,14,13,111,52,148,83,129,24,150,103,105,69,159,40,116,140,99,106,194,180,178,192,109,66,145,102,110,171,0,85,104,17,53,155,146,63,31,183,65,16,190,10,130,5,39,113,43,127,79,42,141,11,114,64,96,177,119,132,75,137,133,81,153,166,189,33,35,36,22,112,93,19,87,121,51];True
4169;6499;10668;[198,29,90,41,172,60,179,47,26,161,115,152,131,59,197,123,74,37,94,118,124,168,34,108,174,196,167,15,156,21,73,82,187,86,181,68,9,45,138,126,143,160,91,18,199,12,7,173,89,46,164,4,84,122,25,23,77,57,186,170,176,72,154,49,62,95,182,139,135,191,48,50,56,92,147,67,32,61,19,165,193,28,44,125,6,88,70,71,162,20,188,144,184,8,157,78,128,101,185,76,80,100,30,134,27,2,97,58,151,175,98,1,117,113,169,142,163,158,54,120,3,136,149,107,55,14,13,111,52,148,83,129,24,150,103,105,69,159,40,116,140,99,106,194,180,178,192,109,66,145,102,110,171,0,85,104,17,53,155,146,63,31,183,65,16,190,10,130,5,39,195,43,127,79,42,141,11,114,64,96,177,119,132,75,137,133,81,153,166,189,33,35,36,22,112,93,38,87,121,51];True
4188;6497;10685;[198,29,90,41,172,60,179,47,26,161,115,152,131,59,197,123,74,37,94,118,124,168,34,108,174,196,167,15,156,21,73,82,187,86,181,68,9,45,138,126,143,160,91,18,171,12,7,173,89,46,164,4,84,122,25,23,77,57,186,170,176,72,154,49,62,95,182,139,135,191,48,50,56,92,147,67,32,61,19,165,193,28,44,125,6,88,70,71,162,20,188,144,184,8,157,78,128,101,185,76,80,100,30,134,27,2,97,58,151,175,98,1,117,113,169,142,163,158,54,120,3,136,149,107,55,14,13,111,52,148,83,129,24,150,103,105,69,159,40,116,140,99,106,194,180,178,192,109,66,145,102,110,199,0,85,104,17,53,155,146,63,31,183,65,16,190,10,130,5,39,195,43,127,79,42,141,11,114,64,96,177,119,132,75,137,133,81,153,166,189,33,35,36,22,112,93,38,87,121,51];True
4187;6498;10685;[198,29,90,41,187,60,179,47,26,161,115,152,131,59,197,123,74,37,94,118,124,168,34,108,174,196,167,15,156,21,73,82,172,86,181,68,9,45,138,126,143,160,91,18,171,12,7,173,89,46,164,4,84,122,25,23,77,57,186,170,176,72,154,49,62,95,182,139,135,191,48,50,56,92,147,67,32,38,61,165,193,28,44,125,6,88,70,71,162,20,188,144,184,8,157,78,128,101,185,76,80,100,30,134,27,2,97,58,151,175,98,1,117,195,169,142,163,158,54,120,3,136,149,107,55,14,13,111,52,148,83,129,24,150,103,105,69,159,40,116,140,99,106,194,180,178,192,109,66,145,102,110,199,0,85,104,17,53,155,146,63,31,183,65,16,190,10,130,5,39,113,43,127,79,42,141,11,114,64,96,177,119,132,75,137,133,81,153,166,189,33,35,36,22,112,93,19,87,121,51];True
4202;6492;10694;[198,29,90,41,187,60,179,47,26,161,115,152,131,59,197,123,74,37,94,118,124,168,34,108,174,196,167,15,156,21,73,82,172,86,181,68,9,45,138,126,143,160,91,18,199,12,7,173,89,46,164,4,84,122,25,23,77,57,186,170,176,72,154,49,62,95,182,139,135,191,48,50,56,92,147,67,32,61,38,165,193,28,44,125,6,88,70,71,162,20,188,144,184,8,157,78,128,101,185,76,80,100,30,134,27,2,97,58,151,175,98,1,117,113,169,142,137,158,54,120,3,136,149,107,55,14,13,111,52,148,83,129,24,150,103,105,69,159,40,116,140,99,106,194,180,178,192,109,66,145,102,110,171,0,85,104,17,53,155,146,63,31,183,65,16,190,10,130,5,39,195,43,127,79,42,141,11,114,64,96,177,119,132,75,163,133,81,153,166,189,33,35,36,22,112,93,19,87,121,51];True
4201;6494;10695;[198,29,90,41,187,60,179,47,26,161,115,152,131,59,197,123,74,37,94,118,124,168,34,108,174,196,167,15,156,21,73,82,172,86,181,68,9,45,138,126,143,160,91,18,199,12,7,173,89,46,164,4,84,122,25,23,77,57,186,170,176,72,154,49,62,95,182,139,135,191,48,50,56,92,147,67,32,61,38,165,193,28,44,125,6,88,70,71,162,20,188,144,184,8,157,78,128,101,185,76,80,100,30,134,27,2,97,58,151,175,98,1,117,113,169,142,163,158,54,120,3,136,149,107,55,14,13,111,52,148,83,129,24,150,103,105,69,159,40,116,104,99,106,194,180,178,192,109,66,145,102,110,171,0,85,140,17,53,155,146,63,31,183,65,16,190,10,130,5,39,195,43,127,79,42,141,11,114,64,96,177,119,132,75,137,133,81,153,166,189,33,35,36,22,112,93,19,87,121,51];True
4200;6496;10696;[198,29,90,41,187,60,179,47,26,161,115,152,131,59,197,123,74,37,94,118,124,168,34,108,174,196,167,15,156,21,73,82,172,86,181,68,9,45,138,126,143,160,91,18,171,12,7,173,89,46,164,4,84,122,25,23,77,57,186,170,176,72,154,49,62,95,182,139,135,191,48,50,56,92,147,67,32,19,61,165,193,28,44,125,6,88,70,71,162,20,188,144,184,8,157,78,128,101,185,76,80,100,30,134,27,2,97,58,151,175,98,1,117,195,169,142,163,158,54,120,3,136,149,107,55,14,13,111,52,148,83,129,24,150,103,105,69,159,40,116,140,99,106,194,180,178,192,109,66,145,102,110,199,0,85,104,17,53,155,146,63,31,183,65,16,190,10,130,5,39,113,43,127,79,42,141,11,114,64,96,177,119,132,75,137,133,81,153,166,189,33,35,36,22,112,93,38,87,121,51];True
4220;6489;10709;[198,29,90,41,187,60,179,47,26,161,115,152,131,59,197,123,74,37,94,118,124,168,34,108,174,196,167,15,156,21,73,82,172,86,181,68,9,45,138,126,143,160,91,18,199,12,7,173,89,46,164,4,84,122,25,23,77,57,186,170,176,72,154,49,62,95,182,139,135,191,48,50,56,92,147,67,32,61,19,165,193,28,44,125,6,88,70,71,162,20,188,144,184,8,157,78,128,101,185,76,80,100,30,134,27,2,97,58,151,175,98,1,117,113,169,142,137,158,54,120,3,136,149,107,55,14,13,111,52,148,83,129,24,150,103,105,69,159,40,116,140,99,106,194,180,178,192,109,66,145,102,110,171,0,85,104,17,53,155,146,63,31,183,65,16,190,10,130,5,39,195,43,127,79,42,141,11,114,64,96,177,119,132,75,163,133,81,153,166,189,33,35,36,22,112,93,38,87,121,51];True
4219;6491;10710;[198,29,90,41,187,60,179,47,26,161,115,152,131,59,197,123,74,37,94,118,124,168,34,108,174,196,167,15,156,21,73,82,172,86,181,68,9,45,138,126,143,160,91,18,199,12,7,173,89,46,164,4,84,122,25,23,77,57,186,170,176,72,154,49,62,95,182,139,135,191,48,50,56,92,147,67,32,61,19,165,193,28,44,125,6,88,70,71,162,20,188,144,184,8,157,78,128,101,185,76,80,100,30,134,27,2,97,58,151,175,98,1,117,113,169,142,163,158,54,120,3,136,149,107,55,14,13,111,52,148,83,129,24,150,103,105,69,159,40,116,104,99,106,194,180,178,192,109,66,145,102,110,171,0,85,140,17,53,155,146,63,31,183,65,16,190,10,130,5,39,195,43,127,79,42,141,11,114,64,96,177,119,132,75,137,133,81,153,166,189,33,35,36,22,112,93,38,87,121,51];True
4226;6487;10713;[198,29,90,41,187,60,179,47,26,161,115,152,131,59,197,123,74,37,94,118,124,168,34,108,174,196,167,15,156,21,73,82,172,86,181,68,9,45,138,126,143,160,91,18,199,12,7,173,89,46,164,4,84,122,25,23,77,57,186,170,176,72,154,49,62,95,182,139,135,191,48,50,56,92,147,67,32,61,38,165,193,28,44,125,6,88,70,71,162,20,188,144,184,8,157,78,128,101,185,76,80,100,30,134,27,2,97,58,151,175,98,1,117,113,169,142,163,158,54,120,3,136,149,107,55,14,13,111,52,148,83,129,24,150,103,105,69,159,40,116,140,99,106,194,180,178,192,109,66,145,102,110,171,0,85,104,17,53,155,146,63,31,183,65,16,190,10,130,5,39,195,43,127,79,42,141,11,114,64,96,177,119,132,75,137,133,81,153,166,189,33,35,36,22,112,93,19,87,121,51];True
4244;6484;10728;[198,29,90,41,187,60,179,47,26,161,115,152,131,59,197,123,74,37,94,118,124,168,34,108,174,196,167,15,156,21,73,82,172,86,181,68,9,45,138,126,143,160,91,18,199,12,7,173,89,46,164,4,84,122,25,23,77,57,186,170,176,72,154,49,62,95,182,139,135,191,48,50,56,92,147,67,32,61,19,165,193,28,44,125,6,88,70,71,162,20,188,144,184,8,157,78,128,101,185,76,80,100,30,134,27,2,97,58,151,175,98,1,117,113,169,142,163,158,54,120,3,136,149,107,55,14,13,111,52,148,83,129,24,150,103,105,69,159,40,116,140,99,106,194,180,178,192,109,66,145,102,110,171,0,85,104,17,53,155,146,63,31,183,65,16,190,10,130,5,39,195,43,127,79,42,141,11,114,64,96,177,119,132,75,137,133,81,153,166,189,33,35,36,22,112,93,38,87,121,51];True
4263;6482;10745;[198,29,90,41,187,60,179,47,26,161,115,152,131,59,197,123,74,37,94,118,124,168,34,108,174,196,167,15,156,21,73,82,172,86,181,68,9,45,138,126,143,160,91,18,171,12,7,173,89,46,164,4,84,122,25,23,77,57,186,170,176,72,154,49,62,95,182,139,135,191,48,50,56,92,147,67,32,61,19,165,193,28,44,125,6,88,70,71,162,20,188,144,184,8,157,78,128,101,185,76,80,100,30,134,27,2,97,58,151,175,98,1,117,113,169,142,163,158,54,120,3,136,149,107,55,14,13,111,52,148,83,129,24,150,103,105,69,159,40,116,140,99,106,194,180,178,192,109,66,145,102,110,199,0,85,104,17,53,155,146,63,31,183,65,16,190,10,130,5,39,195,43,127,79,42,141,11,114,64,96,177,119,132,75,137,133,81,153,166,189,33,35,36,22,112,93,38,87,121,51];True
4279;6481;10760;[198,29,90,41,187,60,179,47,26,161,115,152,131,59,197,123,74,37,94,118,124,168,34,108,174,196,167,15,156,21,73,82,172,86,181,68,9,45,138,126,143,160,91,18,199,12,7,173,89,46,164,4,84,122,25,23,77,57,186,170,176,72,154,49,62,95,182,139,135,191,48,50,56,92,147,67,32,38,61,165,193,28,44,125,6,88,70,71,162,20,188,144,184,8,157,78,128,101,185,76,80,100,30,134,27,2,97,58,151,175,98,1,117,113,169,142,163,158,54,120,3,136,149,107,55,14,13,111,52,148,83,129,24,150,103,105,69,159,40,116,140,99,106,194,180,178,192,109,66,145,102,110,171,0,85,104,17,53,155,146,63,31,183,65,16,190,10,130,5,39,195,43,127,79,42,141,11,114,64,96,177,119,132,75,137,133,81,153,166,189,33,35,36,22,112,93,19,87,121,51];True
4292;6479;10771;[198,29,90,41,187,60,179,47,26,161,115,152,131,59,197,123,74,37,94,118,124,168,34,108,174,196,167,15,156,21,73,82,172,86,181,68,9,45,138,126,143,160,91,18,199,12,7,173,89,46,164,4,84,122,25,23,77,57,186,170,176,72,154,49,62,95,182,139,135,191,48,50,56,92,147,67,32,19,61,165,193,28,44,125,6,88,70,71,162,20,188,144,184,8,157,78,128,101,185,76,80,100,30,134,27,2,97,58,151,175,98,1,117,113,169,142,163,158,54,120,3,136,149,107,55,14,13,111,52,148,83,129,24,150,103,105,69,159,40,116,140,99,106,194,180,178,192,109,66,145,102,110,171,0,85,104,17,53,155,146,63,31,183,65,16,190,10,130,5,39,195,43,127,79,42,141,11,114,64,96,177,119,132,75,137,133,81,153,166,189,33,35,36,22,112,93,38,87,121,51];True
4311;6477;10788;[198,29,90,41,187,60,179,47,26,161,115,152,131,59,197,123,74,37,94,118,124,168,34,108,174,196,167,15,156,21,73,82,172,86,181,68,9,45,138,126,143,160,91,18,171,12,7,173,89,46,164,4,84,122,25,23,77,57,186,170,176,72,154,49,62,95,182,139,135,191,48,50,56,92,147,67,32,19,61,165,193,28,44,125,6,88,70,71,162,20,188,144,184,8,157,78,128,101,185,76,80,100,30,134,27,2,97,58,151,175,98,1,117,113,169,142,163,158,54,120,3,136,149,107,55,14,13,111,52,148,83,129,24,150,103,105,69,159,40,116,140,99,106,194,180,178,192,109,66,145,102,110,199,0,85,104,17,53,155,146,63,31,183,65,16,190,10,130,5,39,195,43,127,79,42,141,11,114,64,96,177,119,132,75,137,133,81,153,166,189,33,35,36,22,112,93,38,87,121,51];True
4325;6476;10801;[198,29,90,41,187,60,179,47,26,161,115,152,131,59,197,123,74,37,94,118,124,168,34,108,174,196,167,15,156,21,73,82,172,86,181,68,9,45,138,126,143,160,91,18,199,12,7,173,89,46,164,4,84,122,25,23,77,57,186,170,176,72,154,49,39,95,182,139,135,191,48,50,56,92,147,67,32,61,38,165,193,28,44,125,6,88,70,71,162,20,188,144,184,8,157,78,128,101,185,76,80,100,30,134,27,2,97,58,151,175,98,1,117,113,169,142,163,158,54,120,3,136,149,107,55,14,13,111,52,148,83,129,24,150,103,105,69,159,40,116,140,99,106,194,180,178,192,109,66,145,102,110,171,0,85,104,17,53,155,146,63,31,183,65,16,190,10,130,5,62,195,43,127,79,42,141,11,114,64,96,177,119,132,75,137,133,81,153,166,189,33,35,36,22,112,93,19,87,121,51];True
4342;6473;10815;[198,29,90,41,187,60,179,47,26,161,115,152,131,59,197,123,74,37,94,118,124,168,34,108,174,196,167,15,156,21,73,82,172,86,181,68,9,45,138,126,143,160,91,18,199,12,7,173,89,46,164,4,84,122,25,23,77,57,186,170,176,72,154,49,62,95,182,139,135,191,48,50,56,92,147,67,32,38,87,165,193,28,44,125,6,88,70,71,162,20,188,144,184,8,157,78,128,101,185,76,80,100,30,134,27,2,97,58,151,175,98,1,117,113,169,142,163,158,54,120,3,136,149,107,55,14,13,111,52,148,83,129,24,150,103,105,69,159,40,116,140,99,106,194,180,178,192,109,66,145,102,110,171,0,85,104,17,53,155,146,63,31,183,65,16,190,10,130,5,39,195,43,127,79,42,141,11,114,64,96,177,119,132,75,137,133,81,153,166,189,33,35,36,22,112,93,19,61,121,51];True
4352;6471;10823;[198,29,90,41,187,60,179,47,26,161,115,152,163,59,197,123,74,37,94,118,124,168,34,108,174,196,167,15,156,21,73,82,172,86,181,68,9,45,138,126,143,160,91,18,199,12,7,173,89,46,164,4,84,122,25,23,77,57,186,170,176,72,154,49,62,95,182,139,135,191,48,50,56,92,147,67,32,61,38,165,193,28,44,125,6,88,70,71,162,20,188,144,184,8,157,78,128,101,185,76,80,100,30,134,27,2,97,58,151,175,98,1,117,113,169,142,131,158,54,120,3,136,149,107,55,14,13,111,52,148,83,129,24,150,103,105,69,159,40,116,140,99,106,194,180,178,192,109,66,145,102,110,171,0,85,104,17,53,155,146,63,31,183,65,16,190,10,130,5,39,195,43,127,79,42,141,11,114,64,96,177,119,132,75,137,133,81,153,166,189,33,35,36,22,112,93,19,87,121,51];True
4370;6468;10838;[198,29,90,41,187,60,179,47,26,161,115,152,163,59,197,123,74,37,94,118,124,168,34,108,174,196,167,15,156,21,73,82,172,86,181,68,9,45,138,126,143,160,91,18,199,12,7,173,89,46,164,4,84,122,25,23,77,57,186,170,176,72,154,49,62,95,182,139,135,191,48,50,56,92,147,67,32,61,19,165,193,28,44,125,6,88,70,71,162,20,188,144,184,8,157,78,128,101,185,76,80,100,30,134,27,2,97,58,151,175,98,1,117,113,169,142,131,158,54,120,3,136,149,107,55,14,13,111,52,148,83,129,24,150,103,105,69,159,40,116,140,99,106,194,180,178,192,109,66,145,102,110,171,0,85,104,17,53,155,146,63,31,183,65,16,190,10,130,5,39,195,43,127,79,42,141,11,114,64,96,177,119,132,75,137,133,81,153,166,189,33,35,36,22,112,93,38,87,121,51];True
4389;6466;10855;[198,29,90,41,187,60,179,47,26,161,115,152,163,59,197,123,74,37,94,118,124,168,34,108,174,196,167,15,156,21,73,82,172,86,181,68,9,45,138,126,143,160,91,18,171,12,7,173,89,46,164,4,84,122,25,23,77,57,186,170,176,72,154,49,62,95,182,139,135,191,48,50,56,92,147,67,32,61,19,165,193,28,44,125,6,88,70,71,162,20,188,144,184,8,157,78,128,101,185,76,80,100,30,134,27,2,97,58,151,175,98,1,117,113,169,142,131,158,54,120,3,136,149,107,55,14,13,111,52,148,83,129,24,150,103,105,69,159,40,116,140,99,106,194,180,178,192,109,66,145,102,110,199,0,85,104,17,53,155,146,63,31,183,65,16,190,10,130,5,39,195,43,127,79,42,141,11,114,64,96,177,119,132,75,137,133,81,153,166,189,33,35,36,22,112,93,38,87,121,51];True
4405;6465;10870;[198,29,90,41,187,60,179,47,26,161,115,152,163,59,197,123,74,37,94,118,124,168,34,108,174,196,167,15,156,21,73,82,172,86,181,68,9,45,138,126,143,160,91,18,199,12,7,173,89,46,164,4,84,122,25,23,77,57,186,170,176,72,154,49,62,95,182,139,135,191,48,50,56,92,147,67,32,38,61,165,193,28,44,125,6,88,70,71,162,20,188,144,184,8,157,78,128,101,185,76,80,100,30,134,27,2,97,58,151,175,98,1,117,113,169,142,131,158,54,120,3,136,149,107,55,14,13,111,52,148,83,129,24,150,103,105,69,159,40,116,140,99,106,194,180,178,192,109,66,145,102,110,171,0,85,104,17,53,155,146,63,31,183,65,16,190,10,130,5,39,195,43,127,79,42,141,11,114,64,96,177,119,132,75,137,133,81,153,166,189,33,35,36,22,112,93,19,87,121,51];True
4418;6463;10881;[198,29,90,41,187,60,179,47,26,161,115,152,163,59,197,123,74,37,94,118,124,168,34,108,174,196,167,15,156,21,73,82,172,86,181,68,9,45,138,126,143,160,91,18,199,12,7,173,89,46,164,4,84,122,25,23,77,57,186,170,176,72,154,49,62,95,182,139,135,191,48,50,56,92,147,67,32,19,61,165,193,28,44,125,6,88,70,71,162,20,188,144,184,8,157,78,128,101,185,76,80,100,30,134,27,2,97,58,151,175,98,1,117,113,169,142,131,158,54,120,3,136,149,107,55,14,13,111,52,148,83,129,24,150,103,105,69,159,40,116,140,99,106,194,180,178,192,109,66,145,102,110,171,0,85,104,17,53,155,146,63,31,183,65,16,190,10,130,5,39,195,43,127,79,42,141,11,114,64,96,177,119,132,75,137,133,81,153,166,189,33,35,36,22,112,93,38,87,121,51];True
4437;6461;10898;[198,29,90,41,187,60,179,47,26,161,115,152,163,59,197,123,74,37,94,118,124,168,34,108,174,196,167,15,156,21,73,82,172,86,181,68,9,45,138,126,143,160,91,18,171,12,7,173,89,46,164,4,84,122,25,23,77,57,186,170,176,72,154,49,62,95,182,139,135,191,48,50,56,92,147,67,32,19,61,165,193,28,44,125,6,88,70,71,162,20,188,144,184,8,157,78,128,101,185,76,80,100,30,134,27,2,97,58,151,175,98,1,117,113,169,142,131,158,54,120,3,136,149,107,55,14,13,111,52,148,83,129,24,150,103,105,69,159,40,116,140,99,106,194,180,178,192,109,66,145,102,110,199,0,85,104,17,53,155,146,63,31,183,65,16,190,10,130,5,39,195,43,127,79,42,141,11,114,64,96,177,119,132,75,137,133,81,153,166,189,33,35,36,22,112,93,38,87,121,51];True
4451;6460;10911;[198,29,90,41,187,60,179,47,26,161,115,152,163,59,197,123,74,37,94,118,124,168,34,108,174,196,167,15,156,21,73,82,172,86,181,68,9,45,138,126,143,160,91,18,199,12,7,173,89,46,164,4,84,122,25,23,77,57,186,170,176,72,154,49,39,95,182,139,135,191,48,50,56,92,147,67,32,61,38,165,193,28,44,125,6,88,70,71,162,20,188,144,184,8,157,78,128,101,185,76,80,100,30,134,27,2,97,58,151,175,98,1,117,113,169,142,131,158,54,120,3,136,149,107,55,14,13,111,52,148,83,129,24,150,103,105,69,159,40,116,140,99,106,194,180,178,192,109,66,145,102,110,171,0,85,104,17,53,155,146,63,31,183,65,16,190,10,130,5,62,195,43,127,79,42,141,11,114,64,96,177,119,132,75,137,133,81,153,166,189,33,35,36,22,112,93,19,87,121,51];True
4468;6457;10925;[198,29,90,41,187,60,179,47,26,161,115,152,163,59,197,123,74,37,94,118,124,168,34,108,174,196,167,15,156,21,73,82,172,86,181,68,9,45,138,126,143,160,91,18,199,12,7,173,89,46,164,4,84,122,25,23,77,57,186,170,176,72,154,49,62,95,182,139,135,191,48,50,56,92,147,67,32,38,87,165,193,28,44,125,6,88,70,71,162,20,188,144,184,8,157,78,128,101,185,76,80,100,30,134,27,2,97,58,151,175,98,1,117,113,169,142,131,158,54,120,3,136,149,107,55,14,13,111,52,148,83,129,24,150,103,105,69,159,40,116,140,99,106,194,180,178,192,109,66,145,102,110,171,0,85,104,17,53,155,146,63,31,183,65,16,190,10,130,5,39,195,43,127,79,42,141,11,114,64,96,177,119,132,75,137,133,81,153,166,189,33,35,36,22,112,93,19,61,121,51];True
4487;6455;10942;[198,29,90,41,187,60,179,47,26,161,115,152,163,59,197,123,74,37,94,118,124,168,34,108,174,196,167,15,156,21,73,82,172,86,181,68,9,45,138,126,143,160,91,18,171,12,7,173,89,46,164,4,84,122,25,23,77,57,186,170,176,72,154,49,62,95,182,139,135,191,48,50,56,92,147,67,32,38,87,165,193,28,44,125,6,88,70,71,162,20,188,144,184,8,157,78,128,101,185,76,80,100,30,134,27,2,97,58,151,175,98,1,117,113,169,142,131,158,54,120,3,136,149,107,55,14,13,111,52,148,83,129,24,150,103,105,69,159,40,116,140,99,106,194,180,178,192,109,66,145,102,110,199,0,85,104,17,53,155,146,63,31,183,65,16,190,10,130,5,39,195,43,127,79,42,141,11,114,64,96,177,119,132,75,137,133,81,153,166,189,33,35,36,22,112,93,19,61,121,51];True
4504;6454;10958;[198,29,90,41,187,60,179,47,26,161,115,152,163,59,197,123,74,37,94,118,124,168,34,108,174,196,167,15,156,21,73,82,172,86,181,68,9,45,138,126,143,160,91,18,199,12,7,173,89,46,164,4,84,122,25,23,77,57,186,170,176,72,154,49,39,95,182,139,135,191,48,50,56,92,147,67,32,38,61,165,193,28,44,125,6,88,70,71,162,20,188,144,184,8,157,78,128,101,185,76,80,100,30,134,27,2,97,58,151,175,98,1,117,113,169,142,131,158,54,120,3,136,149,107,55,14,13,111,52,148,83,129,24,150,103,105,69,159,40,116,140,99,106,194,180,178,192,109,66,145,102,110,171,0,85,104,17,53,155,146,63,31,183,65,16,190,10,130,5,62,195,43,127,79,42,141,11,114,64,96,177,119,132,75,137,133,81,153,166,189,33,35,36,22,112,93,19,87,121,51];True
4521;6453;10974;[198,29,90,41,187,60,179,47,26,161,115,152,163,59,197,123,74,37,94,118,124,168,34,108,174,196,167,15,156,21,73,82,172,86,181,68,9,45,138,126,143,160,91,18,12,199,7,173,89,46,164,4,84,122,25,23,77,57,186,170,176,72,154,49,62,95,182,139,135,191,48,50,56,92,147,67,32,19,61,165,193,28,44,125,6,88,70,71,162,20,188,144,184,8,157,78,128,101,185,76,80,100,30,134,27,2,97,58,151,175,98,1,117,113,169,142,131,158,54,120,3,136,149,107,55,14,13,111,52,148,83,129,24,150,103,105,69,159,40,116,140,99,106,194,180,178,192,109,66,145,102,110,171,0,85,104,17,53,155,146,63,31,183,65,16,190,10,130,5,39,195,43,127,79,42,141,11,114,64,96,177,119,132,75,137,133,81,153,166,189,33,35,36,22,112,93,38,87,121,51];True
4523;6452;10975;[198,29,90,41,187,60,179,47,26,161,115,152,163,59,197,123,74,37,94,118,124,168,34,108,174,196,167,15,156,21,73,82,172,86,181,68,9,45,138,126,143,160,91,18,171,12,7,173,89,46,164,4,84,122,25,23,77,57,186,170,176,72,154,49,39,95,182,139,135,191,48,50,56,92,147,67,32,38,61,165,193,28,44,125,6,88,70,71,162,20,188,144,184,8,157,78,128,101,185,76,80,100,30,134,27,2,97,58,151,175,98,1,117,113,169,142,131,158,54,120,3,136,149,107,55,14,13,111,52,148,83,129,24,150,103,105,69,159,40,116,140,99,106,194,180,178,192,109,66,145,102,110,199,0,85,104,17,53,155,146,63,31,183,65,16,190,10,130,5,62,195,43,127,79,42,141,11,114,64,96,177,119,132,75,137,133,81,153,166,189,33,35,36,22,112,93,19,87,121,51];True
4527;6451;10978;[198,29,90,41,187,60,179,47,26,161,115,152,131,59,197,123,74,37,94,118,124,168,34,108,174,196,167,15,156,21,73,82,172,86,181,68,9,45,138,126,143,160,91,18,171,199,0,77,89,144,164,4,84,122,25,23,189,98,186,170,176,72,154,49,62,95,182,139,135,191,48,50,56,92,147,67,32,38,87,165,193,28,44,125,6,88,70,71,162,20,188,61,184,8,157,78,128,101,185,76,80,100,30,134,27,2,97,58,151,175,57,1,117,113,169,142,163,158,54,120,3,136,149,107,55,14,13,111,52,148,83,129,24,150,103,105,69,159,40,116,140,99,106,194,180,178,192,109,66,145,102,110,12,7,85,104,17,53,155,146,63,31,183,65,16,190,10,130,5,39,195,43,127,79,42,141,11,114,64,96,177,119,132,75,137,133,81,153,166,173,33,35,36,22,112,93,19,46,121,51];True
4551;6449;11000;[198,29,90,41,187,60,179,47,26,161,115,152,131,59,197,123,74,37,94,118,124,168,34,108,174,196,167,15,156,21,73,82,172,86,181,68,9,45,138,126,143,160,91,18,171,199,0,77,89,46,164,4,84,122,25,23,189,98,186,170,176,72,154,49,39,95,182,139,135,191,48,50,56,92,147,67,32,38,87,165,193,28,44,125,6,88,70,71,162,20,188,61,184,8,157,78,128,101,185,76,80,100,30,134,27,2,97,58,151,175,57,1,117,113,169,142,163,158,54,120,3,136,149,107,55,14,13,111,52,148,83,129,24,150,103,105,69,159,40,116,140,99,106,194,180,178,192,109,66,145,102,110,12,7,85,104,17,53,155,146,63,31,183,65,16,190,10,130,5,62,195,43,127,79,42,141,11,114,64,96,177,119,132,75,137,133,81,153,166,173,33,35,36,22,112,93,19,144,121,51];True
4565;6447;11012;[198,29,90,41,187,60,179,47,26,161,115,152,131,59,197,123,74,37,94,118,124,168,34,108,174,196,167,15,156,21,73,82,172,86,181,68,9,45,138,126,143,160,91,77,186,199,0,52,89,46,164,4,84,122,25,23,189,98,18,39,176,72,154,49,170,95,182,139,135,191,48,50,56,92,147,67,32,38,87,165,193,28,44,125,6,88,70,71,162,20,188,61,184,8,157,78,128,101,185,76,80,100,30,134,27,2,97,58,151,175,57,1,117,113,169,142,163,158,54,120,3,136,149,107,55,14,13,111,171,148,83,129,24,150,103,105,69,159,40,116,140,99,106,194,180,178,192,109,66,145,102,110,12,7,85,104,17,53,155,146,63,31,183,65,16,190,10,130,5,62,195,43,127,79,42,141,11,114,64,96,177,119,132,75,137,133,81,153,166,173,33,35,36,22,112,93,19,144,121,51];True
4578;6444;11022;[198,29,90,41,187,60,179,47,26,161,115,152,163,59,197,123,74,37,94,118,124,168,34,108,174,196,167,15,156,21,73,82,172,86,181,68,9,45,138,126,143,160,91,18,171,199,0,77,89,46,164,4,84,122,25,23,189,98,186,170,176,72,154,49,62,95,182,139,135,191,48,50,56,92,147,67,32,38,87,165,193,28,44,125,6,88,70,71,162,20,188,61,184,8,157,78,128,101,185,76,80,100,30,134,27,2,97,58,151,175,57,1,117,113,169,142,131,158,54,120,3,136,149,107,55,14,13,111,52,148,83,129,24,150,103,105,69,159,40,116,140,99,106,194,180,178,192,109,66,145,102,110,12,7,85,104,17,53,155,146,63,31,183,65,16,190,10,130,5,39,195,43,127,79,42,141,11,114,64,96,177,119,132,75,137,133,81,153,166,173,33,35,36,22,112,93,19,144,121,51];True
4577;6446;11023;[198,29,90,41,187,60,179,47,26,161,115,152,131,59,197,123,74,37,94,118,124,168,34,108,174,196,167,15,156,21,73,82,172,86,181,68,9,45,138,126,143,160,91,77,186,199,0,171,89,46,164,4,84,122,25,23,189,98,18,39,176,72,154,49,170,95,182,139,135,191,48,50,56,92,147,67,32,38,87,165,193,28,44,125,6,88,70,71,162,20,188,61,184,8,157,78,128,101,185,76,80,100,30,134,27,2,97,58,151,175,57,1,117,113,169,142,163,158,54,120,3,136,149,107,55,14,13,111,52,148,83,129,24,150,103,105,69,159,40,116,140,99,106,194,180,178,192,109,66,145,102,110,12,7,85,104,17,53,155,146,63,31,183,65,16,190,10,130,5,62,195,43,127,79,42,141,11,114,64,96,177,119,132,75,137,133,81,153,166,173,33,35,36,22,112,93,19,144,121,51];True
4615;6443;11058;[198,29,90,41,187,60,179,47,26,161,115,152,163,59,197,123,74,37,94,118,124,168,34,108,174,196,167,15,156,21,73,82,172,86,181,68,9,45,138,126,143,160,91,18,171,199,7,173,89,46,164,4,84,122,25,23,77,57,186,170,176,72,154,49,39,95,182,139,135,191,48,50,56,92,147,67,32,19,61,165,193,28,44,125,6,88,70,71,162,20,188,144,184,8,157,78,128,101,185,76,80,100,30,134,27,2,97,58,151,175,98,1,117,113,169,142,131,158,54,120,3,136,149,107,55,14,13,111,52,148,83,129,24,150,103,105,69,159,40,116,140,99,106,194,180,178,192,109,66,145,102,110,12,0,85,104,17,53,155,146,63,31,183,65,16,190,10,130,5,62,195,43,127,79,42,141,11,114,64,96,177,119,132,75,137,133,81,153,166,189,33,35,36,22,112,93,38,87,121,51];True
4626;6440;11066;[198,29,90,41,187,60,179,47,26,161,115,152,131,59,197,123,74,37,94,118,124,168,34,108,174,196,167,15,156,21,73,82,172,86,181,68,9,45,138,126,143,160,91,18,171,199,0,77,89,144,164,4,84,122,25,23,189,98,186,170,176,72,154,49,39,95,182,139,135,191,48,50,56,92,147,67,32,38,87,165,193,28,44,125,6,88,70,71,162,20,188,61,184,8,157,78,128,101,185,76,80,100,30,134,27,2,97,58,151,175,57,1,117,113,169,142,163,158,54,120,3,136,149,107,55,14,13,111,52,148,83,129,24,150,103,105,69,159,40,116,140,99,106,194,180,178,192,109,66,145,102,110,12,7,85,104,17,53,155,146,63,31,183,65,16,190,10,130,5,62,195,43,127,79,42,141,11,114,64,96,177,119,132,75,137,133,81,153,166,173,33,35,36,22,112,93,19,46,121,51];True
4640;6438;11078;[198,29,90,41,187,60,179,47,26,161,115,152,131,59,197,123,74,37,94,118,124,168,34,108,174,196,167,15,156,21,73,82,172,86,181,68,9,45,138,126,143,160,91,77,186,199,0,52,89,144,164,4,84,122,25,23,189,98,18,39,176,72,154,49,170,95,182,139,135,191,48,50,56,92,147,67,32,38,87,165,193,28,44,125,6,88,70,71,162,20,188,61,184,8,157,78,128,101,185,76,80,100,30,134,27,2,97,58,151,175,57,1,117,113,169,142,163,158,54,120,3,136,149,107,55,14,13,111,171,148,83,129,24,150,103,105,69,159,40,116,140,99,106,194,180,178,192,109,66,145,102,110,12,7,85,104,17,53,155,146,63,31,183,65,16,190,10,130,5,62,195,43,127,79,42,141,11,114,64,96,177,119,132,75,137,133,81,153,166,173,33,35,36,22,112,93,19,46,121,51];True
4653;6435;11088;[198,29,90,41,187,60,179,47,26,161,115,152,163,59,197,123,74,37,94,118,124,168,34,108,174,196,167,15,156,21,73,82,172,86,181,68,9,45,138,126,143,160,91,18,171,199,0,77,89,144,164,4,84,122,25,23,189,98,186,170,176,72,154,49,62,95,182,139,135,191,48,50,56,92,147,67,32,38,87,165,193,28,44,125,6,88,70,71,162,20,188,61,184,8,157,78,128,101,185,76,80,100,30,134,27,2,97,58,151,175,57,1,117,113,169,142,131,158,54,120,3,136,149,107,55,14,13,111,52,148,83,129,24,150,103,105,69,159,40,116,140,99,106,194,180,178,192,109,66,145,102,110,12,7,85,104,17,53,155,146,63,31,183,65,16,190,10,130,5,39,195,43,127,79,42,141,11,114,64,96,177,119,132,75,137,133,81,153,166,173,33,35,36,22,112,93,19,46,121,51];True
4652;6437;11089;[198,29,90,41,187,60,179,47,26,161,115,152,131,59,197,123,74,37,94,118,124,168,34,108,174,196,167,15,156,21,73,82,172,86,181,68,9,45,138,126,143,160,91,77,186,199,0,171,89,144,164,4,84,122,25,23,189,98,18,39,176,72,154,49,170,95,182,139,135,191,48,50,56,92,147,67,32,38,87,165,193,28,44,125,6,88,70,71,162,20,188,61,184,8,157,78,128,101,185,76,80,100,30,134,27,2,97,58,151,175,57,1,117,113,169,142,163,158,54,120,3,136,149,107,55,14,13,111,52,148,83,129,24,150,103,105,69,159,40,116,140,99,106,194,180,178,192,109,66,145,102,110,12,7,85,104,17,53,155,146,63,31,183,65,16,190,10,130,5,62,195,43,127,79,42,141,11,114,64,96,177,119,132,75,137,133,81,153,166,173,33,35,36,22,112,93,19,46,121,51];True
4677;6433;11110;[198,29,90,41,187,60,179,47,26,161,115,152,163,59,197,123,74,37,94,118,124,168,34,108,174,196,167,15,156,21,73,82,172,86,181,68,9,45,138,126,143,160,91,18,171,199,0,77,89,46,164,4,84,122,25,23,189,98,186,170,176,72,154,49,39,95,182,139,135,191,48,50,56,92,147,67,32,38,87,165,193,28,44,125,6,88,70,71,162,20,188,61,184,8,157,78,128,101,185,76,80,100,30,134,27,2,97,58,151,175,57,1,117,113,169,142,131,158,54,120,3,136,149,107,55,14,13,111,52,148,83,129,24,150,103,105,69,159,40,116,140,99,106,194,180,178,192,109,66,145,102,110,12,7,85,104,17,53,155,146,63,31,183,65,16,190,10,130,5,62,195,43,127,79,42,141,11,114,64,96,177,119,132,75,137,133,81,153,166,173,33,35,36,22,112,93,19,144,121,51];True
4691;6431;11122;[198,29,90,41,187,60,179,47,26,161,115,152,163,59,197,123,74,37,94,118,124,168,34,108,174,196,167,15,156,21,73,82,172,86,181,68,9,45,138,126,143,160,91,77,186,199,0,52,89,46,164,4,84,122,25,23,189,98,18,39,176,72,154,49,170,95,182,139,135,191,48,50,56,92,147,67,32,38,87,165,193,28,44,125,6,88,70,71,162,20,188,61,184,8,157,78,128,101,185,76,80,100,30,134,27,2,97,58,151,175,57,1,117,113,169,142,131,158,54,120,3,136,149,107,55,14,13,111,171,148,83,129,24,150,103,105,69,159,40,116,140,99,106,194,180,178,192,109,66,145,102,110,12,7,85,104,17,53,155,146,63,31,183,65,16,190,10,130,5,62,195,43,127,79,42,141,11,114,64,96,177,119,132,75,137,133,81,153,166,173,33,35,36,22,112,93,19,144,121,51];True
4703;6430;11133;[198,29,90,41,187,60,179,47,26,161,115,152,163,59,197,123,74,37,94,118,124,168,34,108,174,196,167,15,156,21,73,82,172,86,181,68,9,45,138,126,143,160,91,77,186,199,0,171,89,46,164,4,84,122,25,23,189,98,18,39,176,72,154,49,170,95,182,139,135,191,48,50,56,92,147,67,32,38,87,165,193,28,44,125,6,88,70,71,162,20,188,61,184,8,157,78,128,101,185,76,80,100,30,134,27,2,97,58,151,175,57,1,117,113,169,142,131,158,54,120,3,136,149,107,55,14,13,111,52,148,83,129,24,150,103,105,69,159,40,116,140,99,106,194,180,178,192,109,66,145,102,110,12,7,85,104,17,53,155,146,63,31,183,65,16,190,10,130,5,62,195,43,127,79,42,141,11,114,64,96,177,119,132,75,137,133,81,153,166,173,33,35,36,22,112,93,19,144,121,51];True
4741;6429;11170;[198,29,90,41,187,60,179,47,26,161,115,152,163,59,197,123,74,37,94,118,124,168,34,108,174,196,167,15,156,21,73,82,172,86,181,68,9,45,138,126,143,160,91,77,186,199,0,52,89,144,164,4,84,122,25,23,189,98,18,39,176,72,154,49,170,95,182,139,135,191,48,50,56,92,147,67,32,38,87,165,193,28,44,125,6,88,70,71,162,20,188,61,184,8,157,78,128,101,185,76,80,100,30,134,27,2,97,58,151,175,57,1,117,113,169,142,131,158,54,120,3,136,149,107,55,14,13,111,171,148,83,129,24,150,103,105,69,159,40,116,104,99,106,194,180,178,192,109,66,145,102,110,12,7,85,140,17,53,155,146,63,31,183,65,16,190,10,130,5,62,195,43,127,79,42,141,11,114,64,96,177,119,132,75,137,133,81,153,166,173,33,35,36,22,112,93,19,46,121,51];True
4746;6425;11171;[198,29,90,41,187,60,179,47,26,161,115,152,131,59,197,123,74,37,94,118,124,168,34,108,174,196,167,15,156,21,73,82,172,86,181,68,9,45,138,126,143,160,91,77,186,199,0,52,25,144,164,4,84,122,89,23,189,98,18,39,176,72,154,49,170,95,182,139,135,191,48,50,56,92,147,67,32,38,87,165,193,28,44,125,6,88,70,71,162,20,188,61,184,8,157,78,128,101,185,76,80,100,30,134,27,2,97,58,151,175,57,1,117,113,169,142,163,158,54,120,3,136,149,107,55,14,13,111,171,148,83,129,24,150,103,105,69,159,40,116,140,99,106,194,180,178,192,109,66,145,102,110,12,7,85,104,17,53,155,146,63,31,183,65,16,190,10,130,5,62,195,43,127,79,42,141,11,114,64,96,177,119,132,75,137,133,81,153,166,173,33,35,36,22,112,93,19,46,121,51];True
4752;6424;11176;[198,29,90,41,187,60,179,47,26,161,115,152,163,59,197,123,74,37,94,118,124,168,34,108,174,196,167,15,156,21,73,82,172,86,181,68,9,45,138,126,143,160,91,18,171,199,0,77,89,144,164,4,84,122,25,23,189,98,186,170,176,72,154,49,39,95,182,139,135,191,48,50,56,92,147,67,32,38,87,165,193,28,44,125,6,88,70,71,162,20,188,61,184,8,157,78,128,101,185,76,80,100,30,134,27,2,97,58,151,175,57,1,117,113,169,142,131,158,54,120,3,136,149,107,55,14,13,111,52,148,83,129,24,150,103,105,69,159,40,116,140,99,106,194,180,178,192,109,66,145,102,110,12,7,85,104,17,53,155,146,63,31,183,65,16,190,10,130,5,62,195,43,127,79,42,141,11,114,64,96,177,119,132,75,137,133,81,153,166,173,33,35,36,22,112,93,19,46,121,51];True
4766;6422;11188;[198,29,90,41,187,60,179,47,26,161,115,152,163,59,197,123,74,37,94,118,124,168,34,108,174,196,167,15,156,21,73,82,172,86,181,68,9,45,138,126,143,160,91,77,186,199,0,52,89,144,164,4,84,122,25,23,189,98,18,39,176,72,154,49,170,95,182,139,135,191,48,50,56,92,147,67,32,38,87,165,193,28,44,125,6,88,70,71,162,20,188,61,184,8,157,78,128,101,185,76,80,100,30,134,27,2,97,58,151,175,57,1,117,113,169,142,131,158,54,120,3,136,149,107,55,14,13,111,171,148,83,129,24,150,103,105,69,159,40,116,140,99,106,194,180,178,192,109,66,145,102,110,12,7,85,104,17,53,155,146,63,31,183,65,16,190,10,130,5,62,195,43,127,79,42,141,11,114,64,96,177,119,132,75,137,133,81,153,166,173,33,35,36,22,112,93,19,46,121,51];True
4778;6421;11199;[198,29,90,41,187,60,179,47,26,161,115,152,163,59,197,123,74,37,94,118,124,168,34,108,174,196,167,15,156,21,73,82,172,86,181,68,9,45,138,126,143,160,91,77,186,199,0,171,89,144,164,4,84,122,25,23,189,98,18,39,176,72,154,49,170,95,182,139,135,191,48,50,56,92,147,67,32,38,87,165,193,28,44,125,6,88,70,71,162,20,188,61,184,8,157,78,128,101,185,76,80,100,30,134,27,2,97,58,151,175,57,1,117,113,169,142,131,158,54,120,3,136,149,107,55,14,13,111,52,148,83,129,24,150,103,105,69,159,40,116,140,99,106,194,180,178,192,109,66,145,102,110,12,7,85,104,17,53,155,146,63,31,183,65,16,190,10,130,5,62,195,43,127,79,42,141,11,114,64,96,177,119,132,75,137,133,81,153,166,173,33,35,36,22,112,93,19,46,121,51];True
4796;6418;11214;[198,29,90,41,187,60,179,47,26,161,115,152,77,57,197,123,74,37,94,118,124,168,34,108,174,196,167,15,156,21,73,82,172,86,181,68,9,45,138,126,143,160,91,163,186,199,7,59,25,144,164,4,84,122,89,23,189,98,18,39,176,72,154,49,170,95,182,139,135,191,48,50,56,92,147,67,32,38,87,165,193,28,44,125,6,88,70,71,162,20,188,61,184,8,157,78,128,101,185,76,80,100,30,134,27,2,97,58,175,151,52,1,117,113,169,142,131,158,54,120,3,136,149,107,55,14,13,111,171,148,83,129,24,150,103,105,69,159,40,116,140,99,106,194,180,178,192,109,66,145,102,110,12,0,85,104,17,53,155,146,63,31,183,65,16,190,10,130,5,62,195,43,127,79,42,141,11,114,64,96,177,119,132,75,137,133,81,153,166,173,33,35,36,22,112,93,19,46,121,51];True
4834;6415;11249;[198,29,90,41,187,60,179,47,26,161,115,152,77,57,197,123,74,37,94,118,124,168,34,108,174,196,167,15,156,21,73,82,172,86,181,68,9,45,138,126,143,160,91,163,186,199,7,59,25,144,164,4,84,122,89,23,189,98,18,39,176,72,154,49,170,95,182,139,135,191,48,50,56,92,147,67,32,38,87,165,193,28,44,125,6,88,70,71,162,20,188,61,184,8,157,78,128,101,185,76,80,100,30,134,27,2,97,58,151,175,52,1,117,113,169,142,131,158,54,120,3,136,149,107,55,14,13,111,171,148,83,129,24,150,103,105,69,159,40,116,140,99,106,194,180,178,192,109,66,145,102,110,12,0,85,104,17,53,155,146,63,31,183,65,16,190,10,130,5,62,195,43,127,79,42,141,11,114,64,96,177,119,132,75,137,133,81,153,166,173,33,35,36,22,112,93,19,46,121,51];True
4850;6413;11263;[198,29,90,41,187,60,179,47,26,161,115,152,163,52,197,123,74,37,94,118,124,168,34,108,174,196,167,15,156,21,73,82,172,86,181,68,9,45,138,126,143,160,91,77,186,199,0,59,25,144,164,4,84,122,89,23,189,98,18,39,176,72,154,49,170,95,182,139,135,191,48,50,56,92,147,67,32,38,87,165,193,28,44,125,6,88,70,71,162,20,188,61,184,8,157,78,128,101,185,76,80,100,30,134,27,2,97,58,151,175,57,1,117,113,169,142,131,158,54,120,3,136,149,107,55,14,13,111,171,148,83,129,24,150,103,105,69,159,40,116,140,99,106,194,180,178,192,109,66,145,102,110,12,7,85,104,17,53,155,146,63,31,183,65,16,190,10,130,5,62,195,43,127,79,42,141,11,114,64,96,177,119,132,75,137,133,81,153,166,173,33,35,36,22,112,93,19,46,121,51];True
4854;6412;11266;[198,29,90,41,187,60,179,47,26,161,115,152,77,52,197,123,74,37,94,118,124,168,34,108,174,196,167,15,156,21,73,82,172,86,181,68,9,45,138,126,143,160,91,163,186,199,166,59,25,144,164,4,84,122,89,23,189,98,18,39,176,72,154,49,170,95,182,139,135,191,48,50,56,92,147,67,32,38,87,165,193,28,44,125,6,88,70,71,162,20,188,61,184,8,157,78,128,101,185,76,80,100,30,134,27,2,97,58,151,175,57,1,117,113,169,142,131,158,54,120,3,136,149,107,55,14,13,111,171,148,83,129,24,150,103,105,69,159,40,116,140,99,106,194,180,178,192,109,66,145,102,110,12,0,85,104,17,53,155,146,63,31,183,65,16,190,10,130,5,62,195,43,127,79,42,141,11,114,64,96,177,119,132,75,137,133,81,153,7,173,33,35,36,22,112,93,19,46,121,51];True
4872;6409;11281;[198,29,90,41,187,60,179,47,26,161,115,152,163,59,197,123,74,37,94,118,124,168,34,108,174,196,167,15,156,21,73,82,172,86,181,68,9,45,138,126,143,160,91,77,186,199,0,52,25,144,164,4,84,122,89,23,189,98,18,39,176,72,154,49,170,95,182,139,135,191,48,50,56,92,147,67,32,38,87,165,193,28,44,125,6,88,70,71,162,20,188,61,184,8,157,78,128,101,185,76,80,100,30,134,27,2,97,58,151,175,57,1,117,113,169,142,131,158,54,120,3,136,149,107,55,14,13,111,171,148,83,129,24,150,103,105,69,159,40,116,140,99,106,194,180,178,192,109,66,145,102,110,12,7,85,104,17,53,155,146,63,31,183,65,16,190,10,130,5,62,195,43,127,79,42,141,11,114,64,96,177,119,132,75,137,133,81,153,166,173,33,35,36,22,112,93,19,46,121,51];True
4888;6406;11294;[198,29,90,41,187,60,179,47,26,161,115,152,77,52,197,123,74,37,94,118,124,168,34,108,174,196,167,15,156,21,73,82,172,86,181,68,9,45,138,126,143,160,91,163,186,199,7,59,25,144,164,4,84,122,89,23,189,98,18,39,176,72,154,49,170,95,182,139,135,191,48,50,56,92,147,67,32,38,87,165,193,28,44,125,6,88,70,71,162,20,188,61,184,8,157,78,128,101,185,76,80,100,30,134,27,2,97,58,151,175,57,1,117,113,169,142,131,158,54,120,3,136,149,107,55,14,13,111,171,148,83,129,24,150,103,105,69,159,40,116,140,99,106,194,180,178,192,109,66,145,102,110,12,0,85,104,17,53,155,146,63,31,183,65,16,190,10,130,5,62,195,43,127,79,42,141,11,114,64,96,177,119,132,75,137,133,81,153,166,173,33,35,36,22,112,93,19,46,121,51];True
4902;6403;11305;[198,29,90,41,187,60,179,47,26,161,115,152,163,52,197,123,74,37,94,118,124,168,34,108,174,196,167,15,156,21,73,82,172,86,181,68,9,45,138,126,143,160,91,77,186,199,166,59,25,144,164,4,84,122,89,23,189,98,18,39,176,72,154,49,170,95,182,139,135,191,48,50,56,92,147,67,32,38,87,165,193,28,44,125,6,88,70,71,162,20,188,61,184,8,157,78,128,101,185,76,80,100,30,134,27,2,97,58,151,175,57,1,117,113,169,142,131,158,54,120,3,136,149,107,55,14,13,111,171,148,83,129,24,150,103,105,69,159,40,116,140,99,106,194,180,178,192,109,66,145,102,110,12,0,85,104,17,53,155,146,63,31,183,65,16,190,10,130,5,62,195,43,127,79,42,141,11,114,64,96,177,119,132,75,137,133,81,153,7,173,33,35,36,22,112,93,19,46,121,51];True
4927;6402;11329;[198,29,90,41,187,60,179,47,26,161,115,152,163,52,197,123,74,37,94,118,124,168,34,108,174,196,167,15,156,21,73,82,172,86,181,68,9,45,138,126,143,160,91,77,186,199,7,59,25,144,164,4,84,122,89,23,189,98,18,39,176,72,154,49,170,95,182,139,135,191,48,50,56,92,147,67,32,38,87,165,193,28,44,125,6,88,70,71,162,20,188,61,184,8,157,78,128,101,185,76,80,100,30,134,27,2,97,58,151,175,113,1,117,57,169,142,131,158,54,120,3,136,149,107,55,14,13,111,171,148,83,129,24,150,103,105,69,159,40,116,140,99,106,194,180,178,192,109,66,145,102,110,12,0,85,104,17,53,155,146,63,31,183,65,16,190,10,130,5,62,195,43,127,79,42,141,11,114,64,96,177,119,132,75,137,133,81,153,166,173,33,35,36,22,112,93,19,46,121,51];True
4936;6397;11333;[198,29,90,41,187,60,179,47,26,161,115,152,163,52,197,123,74,37,94,118,124,168,34,108,174,196,167,15,156,21,73,82,172,86,181,68,9,45,138,126,143,160,91,77,186,199,7,59,25,144,164,4,84,122,89,23,189,98,18,39,176,72,154,49,170,95,182,139,135,191,48,50,56,92,147,67,32,38,87,165,193,28,44,125,6,88,70,71,162,20,188,61,184,8,157,78,128,101,185,76,80,100,30,134,27,2,97,58,151,175,57,1,117,113,169,142,131,158,54,120,3,136,149,107,55,14,13,111,171,148,83,129,24,150,103,105,69,159,40,116,140,99,106,194,180,178,192,109,66,145,102,110,12,0,85,104,17,53,155,146,63,31,183,65,16,190,10,130,5,62,195,43,127,79,42,141,11,114,64,96,177,119,132,75,137,133,81,153,166,173,33,35,36,22,112,93,19,46,121,51];True
4987;6395;11382;[198,29,90,41,187,60,179,47,26,161,115,152,163,52,197,123,74,37,94,118,124,168,34,108,174,196,167,15,156,21,73,82,172,86,181,68,9,45,138,126,143,160,91,77,186,199,166,59,113,144,164,4,84,122,89,23,189,98,18,39,176,72,154,49,170,95,182,139,135,191,48,50,56,92,147,67,32,38,87,165,193,28,44,125,6,88,70,71,162,20,188,61,184,8,157,78,128,101,185,76,80,100,30,134,27,2,97,58,151,175,25,1,117,57,169,142,131,158,54,120,3,136,149,107,55,14,13,111,171,148,83,129,24,150,103,105,69,159,40,116,140,99,106,194,180,178,192,109,66,145,102,110,12,0,85,104,17,53,155,146,63,31,183,65,16,190,10,130,5,62,195,43,127,79,42,141,11,114,64,96,177,119,132,75,137,133,81,153,7,173,33,35,36,22,112,93,19,46,121,51];True
5007;6394;11401;[198,29,90,41,187,60,179,47,26,161,115,152,77,52,197,123,74,37,94,118,124,168,34,108,174,196,167,15,156,21,73,82,172,86,181,68,9,45,138,126,143,160,91,163,186,199,7,59,25,144,164,4,84,122,89,23,189,98,18,39,176,3,154,49,170,95,182,139,135,191,48,50,56,92,147,67,32,38,87,165,193,28,44,125,6,88,70,71,162,20,188,61,184,109,72,78,128,101,185,76,80,100,30,134,27,2,97,58,151,175,57,1,117,113,169,142,131,158,54,120,157,136,149,107,55,14,13,111,171,148,83,129,24,150,103,105,69,159,40,116,140,99,106,194,180,178,192,173,66,145,102,110,12,0,85,104,17,53,155,146,63,31,183,65,16,190,10,130,5,62,195,43,127,79,42,141,11,114,64,96,177,119,132,75,137,133,81,153,166,8,33,35,36,22,112,93,19,46,121,51];True
5021;6389;11410;[198,29,90,41,187,60,179,47,26,161,115,152,163,52,197,123,74,37,94,118,124,168,34,108,174,196,167,15,156,21,73,82,172,86,181,68,9,45,138,126,143,160,91,77,186,199,7,59,113,144,164,4,84,122,89,23,189,98,18,39,176,72,154,49,170,95,182,139,135,191,48,50,56,92,147,67,32,38,87,165,193,28,44,125,6,88,70,71,162,20,188,61,184,8,157,78,128,101,185,76,80,100,30,134,27,2,97,58,151,175,25,1,117,57,169,142,131,158,54,120,3,136,149,107,55,14,13,111,171,148,83,129,24,150,103,105,69,159,40,116,140,99,106,194,180,178,192,109,66,145,102,110,12,0,85,104,17,53,155,146,63,31,183,65,16,190,10,130,5,62,195,43,127,79,42,141,11,114,64,96,177,119,132,75,137,133,81,153,166,173,33,35,36,22,112,93,19,46,121,51];True
5018;6393;11411;[198,29,90,41,187,60,179,47,26,161,115,152,163,52,197,123,74,37,94,118,124,168,34,108,174,196,167,15,156,21,73,82,172,86,181,68,9,45,138,126,143,160,91,77,186,199,7,59,25,144,164,4,84,122,89,23,189,98,18,39,57,3,154,49,170,95,182,139,135,191,48,50,56,92,147,67,32,38,87,165,193,28,44,125,6,88,70,71,162,20,188,61,184,109,72,78,128,101,185,76,80,100,30,134,27,2,97,58,151,175,176,1,117,113,169,142,131,158,54,120,157,136,149,107,55,14,13,111,171,148,83,129,24,150,103,105,69,159,40,116,140,99,106,194,180,178,192,173,66,145,102,110,12,0,85,104,17,53,155,146,63,31,183,65,16,190,10,130,5,62,195,43,127,79,42,141,11,114,64,96,177,119,132,75,137,133,81,153,166,8,33,35,36,22,112,93,19,46,121,51];True
5055;6385;11440;[198,29,90,41,187,60,179,47,26,161,115,152,163,52,197,123,74,37,94,118,124,168,34,108,174,196,167,15,156,21,73,82,172,86,181,68,9,45,138,126,143,160,91,77,186,199,7,59,25,144,164,4,84,122,89,23,189,98,18,39,176,3,154,49,170,95,182,139,135,191,48,50,56,92,147,67,32,38,87,165,193,28,44,125,6,88,70,71,162,20,188,61,184,109,72,78,128,101,185,76,80,100,30,134,27,2,97,58,151,175,57,1,117,113,169,142,131,158,54,120,157,136,149,107,55,14,13,111,171,148,83,129,24,150,103,105,69,159,40,116,140,99,106,194,180,178,192,173,66,145,102,110,12,0,85,104,17,53,155,146,63,31,183,65,16,190,10,130,5,62,195,43,127,79,42,141,11,114,64,96,177,119,132,75,137,133,81,153,166,8,33,35,36,22,112,93,19,46,121,51];True
5113;6383;11496;[198,29,90,41,187,60,179,47,26,161,115,152,163,52,197,123,106,37,94,118,124,168,34,108,174,196,167,15,156,21,73,82,172,86,181,68,9,45,138,126,143,160,91,77,186,199,7,59,25,144,164,4,84,122,89,23,189,98,18,39,176,3,154,49,170,95,182,139,135,191,48,50,56,92,147,67,32,38,87,165,193,28,44,125,6,88,70,71,162,20,188,61,184,109,72,78,128,101,185,76,80,100,30,134,27,2,97,58,151,175,57,1,117,113,169,142,131,158,54,120,157,136,149,107,55,14,13,111,171,148,83,129,24,150,103,105,69,159,40,116,99,63,31,194,180,178,192,173,66,145,102,110,12,0,85,104,17,53,155,146,140,74,183,65,16,190,10,130,5,62,195,43,127,79,42,141,11,114,64,96,177,119,132,75,137,133,81,153,166,8,33,35,36,22,112,93,19,46,121,51];True
5116;6382;11498;[198,29,90,41,187,60,179,47,26,161,115,152,163,52,197,123,74,37,94,118,124,168,34,108,174,196,167,15,156,21,73,82,172,86,181,68,9,45,138,126,143,160,91,77,186,199,7,59,113,144,164,4,84,122,89,23,189,98,18,39,176,72,154,49,170,95,182,139,135,191,48,50,56,92,147,67,32,38,87,165,193,28,44,125,6,88,70,71,162,20,188,61,184,8,157,78,128,101,185,76,80,100,30,134,27,2,97,58,151,175,25,1,117,57,169,142,131,158,54,120,3,136,149,107,55,14,13,111,171,148,83,129,24,33,103,105,69,159,40,116,140,99,106,194,180,178,192,109,66,145,102,110,12,0,85,104,17,53,155,146,63,31,183,65,16,190,10,130,5,62,195,43,127,79,42,141,11,114,64,96,177,119,132,75,137,133,81,153,166,173,150,35,36,22,112,93,19,46,121,51];True
5124;6381;11505;[198,29,90,41,187,60,179,47,26,161,115,152,163,52,197,123,74,37,94,118,124,168,34,108,174,196,167,15,156,21,73,82,172,86,181,68,9,45,138,126,143,160,91,77,186,199,7,59,113,144,164,4,84,122,89,23,189,98,18,39,176,72,154,49,170,95,182,139,135,188,48,50,56,92,147,67,32,38,87,165,193,28,44,125,6,88,70,71,162,20,191,61,184,8,157,78,128,101,185,76,80,100,30,134,27,2,97,58,151,175,25,1,117,57,169,142,131,158,54,120,3,136,149,107,55,14,13,111,171,148,83,129,24,150,103,105,69,159,40,116,140,99,106,194,180,178,192,109,66,145,102,110,12,0,85,104,17,53,155,146,63,31,183,65,16,190,10,130,5,62,195,43,127,79,42,141,11,114,64,96,177,119,132,75,137,133,81,153,166,173,33,35,36,22,112,93,19,46,121,51];True
5134;6380;11514;[198,29,90,41,187,60,179,47,26,161,115,152,163,52,197,123,74,37,94,118,124,168,34,108,174,196,167,15,156,21,73,82,172,86,181,68,9,45,138,126,143,160,91,77,186,199,7,59,25,144,164,4,84,122,89,23,189,98,18,39,176,3,154,49,170,95,182,139,135,191,48,50,56,92,147,67,32,38,87,165,193,28,44,125,6,88,70,71,162,20,188,61,184,109,72,78,128,101,185,76,80,100,30,134,27,2,97,58,151,175,57,1,117,113,169,142,131,158,54,120,157,136,149,107,55,14,13,111,171,148,83,129,24,150,103,105,69,159,40,116,99,63,106,194,180,178,192,173,66,145,102,110,12,0,85,104,17,53,155,146,140,31,183,65,16,190,10,130,5,62,195,43,127,79,42,141,11,114,64,96,177,119,132,75,137,133,81,153,166,8,33,35,36,22,112,93,19,46,121,51];True
5158;6377;11535;[198,29,90,41,187,60,179,47,26,161,115,152,163,52,197,123,74,37,94,118,124,168,34,108,174,196,167,15,156,21,73,82,172,86,181,68,9,45,138,126,143,160,91,77,186,199,7,59,25,144,164,4,84,122,89,23,189,98,18,39,176,3,154,49,170,95,182,139,135,188,48,50,56,92,147,67,32,38,87,165,193,28,44,125,6,88,70,71,162,20,191,61,184,109,72,78,128,101,185,76,80,100,30,134,27,2,97,58,151,175,57,1,117,113,169,142,131,158,54,120,157,136,149,107,55,14,13,111,171,148,83,129,24,150,103,105,69,159,40,116,140,99,106,194,180,178,192,173,66,145,102,110,12,0,85,104,17,53,155,146,63,31,183,65,16,190,10,130,5,62,195,43,127,79,42,141,11,114,64,96,177,119,132,75,137,133,81,153,166,8,33,35,36,22,112,93,19,46,121,51];True
5198;6374;11572;[198,29,90,41,187,60,179,47,26,161,115,152,163,52,197,123,106,37,94,118,124,168,34,108,174,196,167,15,156,21,73,82,172,86,181,68,9,45,138,126,143,160,91,77,186,199,7,122,25,144,164,4,84,59,93,23,189,98,18,39,176,3,154,49,170,95,182,139,135,183,48,50,56,92,147,67,32,38,87,165,193,28,44,125,6,88,70,71,162,20,191,61,184,109,72,78,128,101,185,76,80,100,30,134,27,2,97,58,151,175,57,1,117,113,169,142,131,158,54,120,157,136,149,107,55,14,13,111,171,148,83,129,24,150,103,105,69,159,40,116,99,63,31,194,180,178,192,173,66,145,102,110,12,0,85,104,17,53,155,146,140,74,188,65,16,190,10,130,5,62,195,43,127,79,42,141,11,114,64,96,177,119,132,75,137,133,81,153,166,8,33,35,36,22,112,89,46,19,121,51];True
5233;6371;11604;[198,29,90,41,187,60,179,47,26,161,115,152,163,52,197,123,31,37,94,118,124,168,34,108,174,196,167,15,156,21,73,82,172,86,181,68,9,45,138,126,143,160,91,77,186,199,7,122,25,144,164,4,84,59,93,23,189,98,18,39,176,3,154,49,170,95,182,139,135,183,48,50,56,92,147,67,32,38,87,165,193,28,44,125,6,88,70,71,162,20,191,61,184,109,72,78,128,101,185,76,80,100,30,134,27,2,97,58,151,175,57,1,117,113,169,142,131,158,54,120,157,136,149,107,55,14,13,111,171,148,83,129,24,150,103,105,69,159,40,116,99,63,106,194,180,178,192,173,66,145,102,110,12,0,85,104,17,53,155,146,140,74,188,65,16,190,10,130,5,62,195,43,127,79,42,141,11,114,64,96,177,119,132,75,137,133,81,153,166,8,33,35,36,22,112,89,46,19,121,51];True
5255;6370;11625;[198,29,90,41,187,60,179,47,26,161,115,152,163,52,197,123,17,37,94,118,124,168,34,108,174,196,167,15,156,21,73,82,172,86,181,68,9,45,138,126,143,160,91,77,186,199,7,122,25,144,164,4,84,59,93,23,189,98,18,39,176,3,154,49,170,95,182,139,135,183,48,50,56,92,147,67,32,38,87,165,193,28,44,125,6,88,70,71,162,20,191,61,184,109,72,78,128,101,185,76,80,100,30,134,27,2,97,58,151,175,57,1,117,113,169,142,131,158,54,120,157,136,149,107,55,14,13,111,171,148,83,129,24,150,103,105,69,159,40,116,99,63,106,194,180,178,192,173,66,145,102,110,12,0,85,104,31,53,155,146,140,74,188,65,16,190,10,130,5,62,195,43,127,79,42,141,11,114,64,96,177,119,132,75,137,133,81,153,166,8,33,35,36,22,112,89,46,19,121,51];True
5260;6369;11629;[198,29,90,41,187,60,179,47,26,161,115,152,163,52,197,123,106,37,94,118,124,168,34,108,174,196,167,15,156,21,73,82,172,86,181,68,9,45,138,126,143,160,91,77,186,199,7,122,25,144,164,4,84,59,93,23,189,98,18,39,176,157,154,49,170,95,182,139,135,183,51,50,56,92,147,67,32,38,87,165,193,28,44,125,6,88,70,71,162,20,191,61,184,109,72,78,128,101,185,76,80,100,30,134,27,2,97,58,151,175,57,1,117,113,169,142,131,158,54,120,3,136,149,107,55,14,13,111,171,148,83,129,24,150,103,105,69,159,40,116,99,63,31,53,180,178,192,173,66,145,102,110,12,0,85,104,17,194,48,146,140,74,188,65,16,190,10,130,5,62,195,43,127,79,42,141,11,114,64,96,177,119,132,75,137,133,81,153,166,8,33,35,36,22,112,89,46,19,121,155];True
5267;6368;11635;[198,29,90,41,187,60,179,47,26,161,115,152,163,52,197,123,106,37,94,118,124,168,34,108,174,196,167,15,156,21,73,82,172,86,181,68,9,45,138,126,143,160,91,77,186,199,7,122,25,144,164,4,84,59,93,23,189,98,18,39,176,3,154,49,170,95,182,139,135,183,48,50,56,92,147,67,32,38,87,165,193,28,44,125,6,88,70,71,162,20,191,61,184,109,72,78,128,101,185,76,80,100,30,134,27,2,97,58,151,175,57,1,117,113,169,142,131,158,54,120,157,136,149,107,55,14,13,111,171,148,83,129,24,150,103,105,69,159,40,116,99,63,31,194,180,178,192,173,19,145,102,110,12,0,85,104,17,53,155,146,140,74,188,65,16,190,10,130,5,62,195,43,127,79,42,141,11,114,64,96,177,119,132,75,137,133,81,153,166,8,33,35,36,22,112,89,46,66,121,51];True
5273;6367;11640;[198,29,90,41,187,60,179,47,26,161,115,152,163,52,197,123,106,37,94,118,124,168,17,108,174,196,167,15,156,21,73,82,172,86,181,68,9,45,138,126,143,160,91,77,186,199,7,122,25,144,164,4,84,59,93,23,189,98,18,39,176,3,154,49,170,95,182,139,135,183,51,50,56,92,147,67,32,38,87,165,193,28,44,125,6,88,70,71,162,20,191,61,184,109,72,78,128,101,185,76,80,100,30,134,27,2,97,58,151,175,57,1,117,113,169,142,131,158,54,120,157,136,149,107,55,14,13,111,171,148,83,129,24,150,103,105,69,159,40,116,99,63,31,53,180,178,192,173,66,145,102,110,12,0,85,104,34,194,48,146,140,74,188,65,16,190,10,130,5,62,195,43,127,79,42,141,11,114,64,96,177,119,132,75,137,133,81,153,166,8,33,35,36,22,112,89,46,19,121,155];True
5284;6364;11648;[198,29,90,41,187,60,179,47,26,161,115,152,163,52,197,123,106,37,94,118,124,168,34,108,174,196,167,15,156,21,73,82,172,86,181,68,9,45,138,126,143,160,91,77,186,199,7,122,25,144,164,4,84,59,93,23,189,98,18,39,176,3,154,49,170,95,182,139,135,183,51,50,56,92,147,67,32,38,87,165,193,28,44,125,6,88,70,71,162,20,191,61,184,109,72,78,128,101,185,76,80,100,30,134,27,2,97,58,151,175,57,1,117,113,169,142,131,158,54,120,157,136,149,107,55,14,13,111,171,148,83,129,24,150,103,105,69,159,40,116,99,63,31,53,180,178,192,173,66,145,102,110,12,0,85,104,17,194,48,146,140,74,188,65,16,190,10,130,5,62,195,43,127,79,42,141,11,114,64,96,177,119,132,75,137,133,81,153,166,8,33,35,36,22,112,89,46,19,121,155];True
5329;6363;11692;[198,29,90,41,187,60,179,47,26,161,115,152,163,52,197,123,106,37,94,118,124,168,34,108,174,196,167,15,156,21,73,82,172,86,181,68,9,45,138,126,143,160,91,77,186,199,7,122,25,144,164,4,84,59,93,23,189,98,18,39,176,157,154,49,170,95,182,139,135,183,51,50,56,92,147,67,32,38,87,165,193,28,44,125,6,88,70,71,162,20,191,61,184,109,72,78,128,101,185,76,80,100,30,134,27,2,97,58,151,175,57,1,117,113,169,142,131,158,54,120,3,136,149,107,55,14,13,111,171,148,83,129,24,150,103,105,69,159,40,116,99,63,31,53,180,178,192,173,19,145,102,110,12,0,85,104,17,194,48,146,140,74,188,65,16,190,10,130,5,62,195,43,127,79,42,141,11,114,64,96,177,119,132,75,137,133,81,153,166,8,33,35,36,22,112,89,46,66,121,155];True
5340;6360;11700;[198,29,90,41,187,60,179,47,26,161,115,152,163,52,197,123,106,37,94,118,124,168,34,108,174,196,167,15,156,21,73,82,172,86,181,68,9,45,138,126,143,160,91,77,186,199,7,122,25,144,164,4,84,59,93,19,2,98,18,39,176,3,154,49,170,95,182,139,135,183,48,50,56,92,147,67,32,38,87,165,193,28,44,125,6,88,70,71,162,20,191,61,184,109,72,78,128,101,185,76,80,100,30,134,27,189,97,58,151,175,57,1,117,113,169,142,131,158,54,120,157,136,149,107,55,14,13,111,171,148,83,129,24,150,103,105,69,159,40,116,99,63,31,194,180,178,192,173,23,145,102,110,12,0,85,104,17,53,155,146,140,74,188,65,16,190,10,130,5,62,195,43,127,79,42,141,11,114,64,96,177,119,132,75,137,133,81,153,166,8,33,35,36,22,112,89,46,66,121,51];True
5344;6359;11703;[198,29,90,41,187,60,179,47,26,161,115,152,163,52,197,123,106,37,94,118,124,168,34,108,174,196,167,15,156,21,73,82,172,86,181,68,9,45,138,126,143,160,91,77,186,199,7,122,25,144,164,4,84,59,93,19,189,98,18,39,176,3,154,49,170,95,182,139,135,183,48,50,56,92,147,67,32,38,87,165,193,28,44,125,6,88,70,71,162,20,191,61,184,109,72,78,128,101,185,76,80,100,30,134,27,2,97,58,151,175,57,1,117,113,169,142,131,158,54,120,157,136,149,107,55,14,13,111,171,148,83,129,24,150,103,105,69,159,40,116,99,63,31,194,180,178,192,173,23,145,102,110,12,0,85,104,17,53,155,146,140,74,188,65,16,190,10,130,5,62,195,43,127,79,42,141,11,114,64,96,177,119,132,75,137,133,81,153,166,8,33,35,36,22,112,89,46,66,121,51];True
5353;6358;11711;[198,29,90,41,187,60,179,47,26,161,115,152,163,52,197,123,106,37,94,118,124,168,34,108,174,196,167,15,156,21,73,82,172,86,181,68,9,45,138,126,143,160,91,77,186,199,7,122,25,144,164,4,84,59,93,23,189,98,18,39,176,3,154,49,170,95,182,139,135,183,51,50,56,92,147,67,32,38,87,165,193,28,44,125,6,88,70,71,162,20,191,61,184,109,72,78,128,101,185,76,80,100,30,134,27,2,97,58,151,175,57,1,117,113,169,142,131,158,54,120,157,136,149,107,55,14,13,111,171,148,83,129,24,150,103,105,69,159,40,116,99,63,31,53,180,178,192,173,19,145,102,110,12,0,85,104,17,194,48,146,140,74,188,65,16,190,10,130,5,62,195,43,127,79,42,141,11,114,64,96,177,119,132,75,137,133,81,153,166,8,33,35,36,22,112,89,46,66,121,155];True
5375;6355;11730;[198,29,90,41,187,60,179,47,26,161,115,152,163,52,197,123,106,37,94,118,124,168,34,108,174,196,167,15,156,21,73,82,172,86,181,68,9,45,138,126,143,160,91,77,186,199,7,122,25,144,164,4,84,59,173,23,189,98,18,39,176,3,154,49,170,95,182,139,135,183,51,50,56,92,147,67,32,38,87,165,193,28,44,125,6,88,70,71,162,20,191,61,184,109,72,78,128,101,185,76,80,100,30,134,27,2,97,58,151,175,57,1,117,113,169,142,131,158,54,120,157,136,149,107,55,14,13,111,171,148,83,129,24,150,103,105,69,159,40,116,99,63,31,53,180,178,192,93,19,145,102,110,12,0,85,104,17,194,48,146,140,74,188,65,16,190,10,130,5,62,195,43,127,79,42,141,11,114,64,96,177,119,132,75,137,133,81,153,166,8,33,35,36,22,112,89,46,66,121,155];True
5406;6354;11760;[198,29,90,41,187,60,179,47,26,161,115,152,163,52,197,123,106,37,94,118,124,168,34,108,174,196,167,15,156,21,73,82,172,86,181,68,9,45,138,126,143,160,91,77,186,199,7,122,25,144,164,4,84,59,93,19,189,98,18,39,176,157,154,49,170,95,182,139,135,183,51,50,56,92,147,67,32,38,87,165,193,28,44,125,6,88,70,71,162,20,191,61,184,109,72,78,128,101,185,76,80,100,30,134,27,2,97,58,151,175,57,1,117,113,169,142,131,158,54,120,3,136,149,107,55,14,13,111,171,148,83,129,24,150,103,105,69,159,40,116,99,63,31,53,180,178,192,173,23,145,102,110,12,0,85,104,17,194,48,146,140,74,188,65,16,190,10,130,5,62,195,43,127,79,42,141,11,114,64,96,177,119,132,75,137,133,81,153,166,8,33,35,36,22,112,89,46,66,121,155];True
5415;6353;11768;[198,29,90,41,187,60,179,47,26,161,115,152,163,52,197,123,106,37,94,118,124,168,17,108,174,196,167,15,156,21,73,82,172,86,181,68,9,45,138,126,143,160,91,77,186,199,7,122,25,144,164,4,84,59,93,19,2,98,18,39,176,3,154,49,170,95,182,139,135,183,51,50,56,92,147,67,32,38,87,165,193,28,44,125,6,88,70,71,162,20,191,61,184,109,72,78,128,101,185,76,80,100,30,134,27,189,97,58,151,175,57,1,117,113,169,142,131,158,54,120,157,136,149,107,55,14,13,111,171,148,83,129,24,150,103,105,69,159,40,116,99,63,31,53,180,178,192,173,23,145,102,110,12,0,85,104,34,194,48,146,140,74,188,65,16,190,10,130,5,62,195,43,127,79,42,141,11,114,64,96,177,119,132,75,137,133,81,153,166,8,33,35,36,22,112,89,46,66,121,155];True
5419;6352;11771;[198,29,90,41,187,60,179,47,26,161,115,152,163,52,197,123,106,37,94,118,124,168,17,108,174,196,167,15,156,21,73,82,172,86,181,68,9,45,138,126,143,160,91,77,186,199,7,122,25,144,164,4,84,59,93,19,189,98,18,39,176,3,154,49,170,95,182,139,135,183,51,50,56,92,147,67,32,38,87,165,193,28,44,125,6,88,70,71,162,20,191,61,184,109,72,78,128,101,185,76,80,100,30,134,27,2,97,58,151,175,57,1,117,113,169,142,131,158,54,120,157,136,149,107,55,14,13,111,171,148,83,129,24,150,103,105,69,159,40,116,99,63,31,53,180,178,192,173,23,145,102,110,12,0,85,104,34,194,48,146,140,74,188,65,16,190,10,130,5,62,195,43,127,79,42,141,11,114,64,96,177,119,132,75,137,133,81,153,166,8,33,35,36,22,112,89,46,66,121,155];True
5426;6350;11776;[198,29,90,41,187,60,179,47,26,161,115,152,163,52,197,123,106,37,94,118,124,168,34,108,174,196,167,15,156,21,73,82,172,86,181,68,9,45,138,126,143,160,91,77,186,199,7,122,25,144,164,4,84,59,93,19,2,98,18,39,176,3,154,49,170,95,182,139,135,183,51,50,56,92,147,67,32,38,87,165,193,28,44,125,6,88,70,71,162,20,191,61,184,109,72,78,128,101,185,76,80,100,30,134,27,189,97,58,151,175,57,1,117,113,169,142,131,158,54,120,157,136,149,107,55,14,13,111,171,148,83,129,24,150,103,105,69,159,40,116,99,63,31,53,180,178,192,173,23,145,102,110,12,0,85,104,17,194,48,146,140,74,188,65,16,190,10,130,5,62,195,43,127,79,42,141,11,114,64,96,177,119,132,75,137,133,81,153,166,8,33,35,36,22,112,89,46,66,121,155];True
5430;6349;11779;[198,29,90,41,187,60,179,47,26,161,115,152,163,52,197,123,106,37,94,118,124,168,34,108,174,196,167,15,156,21,73,82,172,86,181,68,9,45,138,126,143,160,91,77,186,199,7,122,25,144,164,4,84,59,93,19,189,98,18,39,176,3,154,49,170,95,182,139,135,183,51,50,56,92,147,67,32,38,87,165,193,28,44,125,6,88,70,71,162,20,191,61,184,109,72,78,128,101,185,76,80,100,30,134,27,2,97,58,151,175,57,1,117,113,169,142,131,158,54,120,157,136,149,107,55,14,13,111,171,148,83,129,24,150,103,105,69,159,40,116,99,63,31,53,180,178,192,173,23,145,102,110,12,0,85,104,17,194,48,146,140,74,188,65,16,190,10,130,5,62,195,43,127,79,42,141,11,114,64,96,177,119,132,75,137,133,81,153,166,8,33,35,36,22,112,89,46,66,121,155];True
5472;6348;11820;[198,29,90,41,187,60,179,47,26,145,115,152,163,52,197,123,106,37,94,118,124,168,34,108,174,196,167,15,156,21,73,82,172,86,181,68,9,45,138,126,143,160,91,77,186,199,7,59,25,144,164,4,84,122,89,23,189,98,18,39,176,3,154,49,170,95,182,139,135,183,51,50,56,92,147,67,32,38,87,165,193,28,44,125,6,88,70,71,162,20,191,61,184,109,72,78,128,101,185,76,80,100,30,134,27,2,97,58,151,175,57,1,117,113,169,142,131,158,54,120,157,136,149,107,55,14,13,111,171,148,83,129,24,150,103,105,69,159,40,116,99,63,31,53,180,178,192,173,35,161,102,110,12,0,85,104,17,194,48,146,140,74,188,65,16,190,10,130,5,62,195,43,127,79,42,141,11,114,64,96,177,119,132,36,137,133,81,153,166,8,33,19,75,22,112,93,46,66,121,155];True
5480;6347;11827;[198,29,90,41,187,60,179,47,26,145,115,152,163,52,197,123,106,37,94,118,124,168,34,108,174,196,167,15,156,21,73,82,172,86,181,68,9,45,138,126,143,160,91,77,186,199,7,59,25,144,164,4,84,122,89,23,189,98,18,39,176,3,154,49,170,95,182,139,135,183,51,50,56,92,147,67,32,38,87,165,193,28,44,125,6,88,70,71,162,20,191,61,184,109,72,78,128,101,185,76,80,100,30,134,27,2,97,58,151,175,57,1,117,113,169,142,131,158,54,120,157,136,149,107,55,14,13,111,171,148,83,129,24,150,103,105,69,159,40,116,99,63,31,53,180,178,192,173,35,161,102,110,12,0,85,104,17,194,48,146,140,74,188,65,16,190,10,36,5,62,195,43,127,79,42,141,11,114,64,96,177,119,132,75,137,133,81,153,166,8,33,19,130,22,112,93,46,66,121,155];True
5491;6346;11837;[198,29,90,41,187,60,179,47,26,145,115,152,163,52,197,123,106,37,94,118,124,168,34,108,174,196,167,15,156,21,73,82,172,86,181,68,9,45,138,126,143,160,91,77,186,199,7,59,25,144,164,4,84,122,93,23,189,98,18,39,176,3,154,49,170,95,182,139,135,183,51,50,56,92,147,67,32,38,87,165,193,28,44,125,6,88,70,71,162,20,191,61,184,109,72,78,128,101,185,76,80,100,30,134,27,2,97,58,151,175,57,1,117,113,169,142,131,158,54,120,157,136,149,107,55,14,13,111,171,148,83,129,24,150,103,105,69,159,40,116,99,63,31,53,180,178,192,173,35,161,102,110,12,0,85,104,17,194,48,146,140,74,188,65,16,190,10,130,5,62,195,43,127,79,42,141,11,114,64,96,177,119,132,75,137,133,81,153,166,8,33,19,36,22,112,89,46,66,121,155];True
5501;6345;11846;[198,29,90,41,187,60,179,47,26,161,115,152,163,52,197,123,106,37,94,118,124,168,34,108,174,196,167,15,156,21,73,82,172,86,181,68,9,45,138,126,143,160,91,77,186,199,7,122,25,144,164,4,84,59,93,19,189,98,18,39,176,3,154,49,170,95,182,139,135,183,51,50,56,92,147,67,32,38,87,165,193,28,44,125,6,88,70,71,162,194,191,61,184,109,72,78,128,101,185,76,80,100,30,134,27,2,97,58,151,175,57,1,117,113,169,142,131,158,54,120,157,136,149,107,55,14,13,111,171,148,83,129,24,150,103,105,69,159,40,116,99,63,31,53,180,178,192,173,23,145,102,110,12,0,85,104,17,20,48,146,140,74,188,65,16,190,10,130,5,62,195,43,127,79,42,141,11,114,64,96,177,119,132,75,137,133,81,153,166,8,33,35,36,22,112,89,46,66,121,155];True
5509;6344;11853;[198,29,90,41,187,60,179,47,26,145,115,152,163,52,197,123,106,37,94,118,124,168,34,108,174,196,167,15,156,21,73,82,172,86,181,68,9,45,138,126,143,160,91,77,186,199,7,59,25,144,164,4,84,122,89,23,189,98,18,39,176,157,154,49,170,95,182,139,135,183,51,50,56,92,147,67,32,38,87,165,193,28,44,125,6,88,70,71,162,20,191,61,184,109,72,78,128,101,185,76,80,100,30,134,27,2,97,58,151,175,57,1,117,113,169,142,131,158,54,120,3,136,149,107,55,14,13,111,171,148,83,129,24,150,103,105,69,159,40,116,99,63,31,53,180,178,192,173,35,161,102,110,12,0,85,104,17,194,48,146,140,74,188,65,16,190,10,130,5,62,195,43,127,79,42,141,11,114,64,96,177,119,132,75,137,133,81,153,166,8,33,19,36,22,112,93,46,66,121,155];True
5515;6342;11857;[198,29,90,41,187,60,179,47,26,161,115,152,163,52,197,123,106,37,94,118,124,168,34,108,174,196,167,15,156,21,73,82,172,86,181,68,9,45,138,126,143,160,91,77,186,199,7,122,25,144,164,4,84,59,93,23,189,98,18,39,176,3,154,49,170,95,182,139,135,183,51,50,56,92,147,67,32,38,87,165,193,28,44,125,6,88,70,71,162,20,191,61,184,109,72,78,128,101,185,76,80,100,30,134,27,2,97,58,151,175,57,1,117,113,169,142,131,158,54,120,157,136,149,107,55,14,13,111,171,148,83,129,24,150,103,105,69,159,40,116,99,63,31,53,180,178,192,173,35,145,102,110,12,0,85,104,17,194,48,146,140,74,188,65,16,190,10,130,5,62,195,43,127,79,42,141,11,114,64,96,177,119,132,75,137,133,81,153,166,8,33,19,36,22,112,89,46,66,121,155];True
5533;6339;11872;[198,29,90,41,187,60,179,47,26,145,115,152,163,52,197,123,106,37,94,118,124,168,34,108,174,196,167,15,156,21,73,82,172,86,181,68,9,45,138,126,143,160,91,77,186,199,7,59,25,144,164,4,84,122,89,23,189,98,18,39,176,3,154,49,170,95,182,139,135,183,51,50,56,92,147,67,32,38,87,165,193,28,44,125,6,88,70,71,162,20,191,61,184,109,72,78,128,101,185,76,80,100,30,134,27,2,97,58,151,175,57,1,117,113,169,142,131,158,54,120,157,136,149,107,55,14,13,111,171,148,83,129,24,150,103,105,69,159,40,116,99,63,31,53,180,178,192,173,35,161,102,110,12,0,85,104,17,194,48,146,140,74,188,65,16,190,10,130,5,62,195,43,127,79,42,141,11,114,64,96,177,119,132,75,137,133,81,153,166,8,33,19,36,22,112,93,46,66,121,155];True
5572;6338;11910;[198,29,90,41,187,60,179,47,26,145,115,152,163,52,197,123,106,37,94,118,124,168,34,108,174,196,167,15,156,21,31,82,172,86,181,68,9,45,138,126,143,160,91,77,186,199,7,59,25,144,164,4,84,122,93,23,189,98,18,39,176,3,154,49,170,95,182,139,135,183,48,73,99,92,147,67,32,38,87,165,193,28,44,125,6,88,70,71,162,20,191,61,184,109,72,78,128,101,185,76,80,100,30,134,27,2,97,58,151,175,57,1,117,113,169,142,131,158,54,120,157,136,149,107,55,14,13,111,171,148,83,129,24,150,103,105,69,159,40,116,146,51,50,53,180,178,192,173,35,161,102,110,12,0,85,104,17,194,56,63,140,74,188,65,16,190,10,130,5,62,195,43,127,79,42,141,11,114,64,96,177,119,132,75,137,133,81,153,166,8,33,19,36,22,112,89,46,66,121,155];True
5576;6336;11912;[198,29,90,41,187,60,179,47,26,145,115,152,163,52,197,123,106,37,94,118,124,168,34,108,174,196,167,15,156,21,73,82,172,86,181,68,9,45,138,126,143,160,91,77,186,199,7,122,25,144,164,4,84,59,93,23,189,98,18,39,176,157,154,49,170,95,182,139,135,183,51,50,56,92,147,67,32,38,87,165,193,28,44,125,6,88,70,71,162,20,191,61,184,109,72,78,128,101,185,76,80,100,30,134,27,2,97,58,151,175,57,1,117,113,169,142,131,158,54,120,3,136,149,107,55,14,13,111,171,148,83,129,24,150,103,105,69,159,40,116,99,63,31,53,180,178,192,173,35,161,102,110,12,0,85,104,17,194,48,146,140,74,188,65,16,190,10,130,5,62,195,43,127,79,42,141,11,114,64,96,177,119,132,75,137,133,81,153,166,8,33,19,36,22,112,89,46,66,121,155];True
5583;6335;11918;[198,29,90,41,187,60,179,47,26,145,115,152,163,52,197,123,106,37,94,118,124,168,34,108,174,196,167,15,156,21,73,82,172,86,181,68,9,45,138,126,143,160,91,77,186,199,7,59,25,144,164,4,84,122,89,23,189,98,18,39,176,3,154,49,170,95,182,139,135,183,51,50,56,92,147,67,32,38,87,165,193,28,44,125,6,88,70,71,162,20,191,61,184,109,72,78,128,101,185,76,80,100,30,134,27,2,97,58,151,175,57,1,117,113,169,142,131,158,54,120,157,136,149,107,55,14,13,111,171,148,83,129,24,150,103,105,69,159,40,116,99,63,31,53,180,178,192,173,35,161,102,110,12,0,85,104,17,194,48,146,140,74,188,65,16,190,10,130,5,62,195,43,127,79,42,141,11,114,64,96,177,119,132,75,137,133,81,153,166,8,33,19,36,22,112,93,66,46,121,155];True
5589;6334;11923;[198,29,90,41,187,60,179,47,26,145,115,152,163,52,197,123,106,37,94,118,124,168,17,108,174,196,167,15,156,21,73,82,172,86,181,68,9,45,138,126,143,160,91,77,186,199,7,122,25,144,164,4,84,59,93,23,189,98,18,39,176,3,154,49,170,95,182,139,135,183,51,50,56,92,147,67,32,38,87,165,193,28,44,125,6,88,70,71,162,20,191,61,184,109,72,78,128,101,185,76,80,100,30,134,27,2,97,58,151,175,57,1,117,113,169,142,131,158,54,120,157,136,149,107,55,14,13,111,171,148,83,129,24,150,103,105,69,159,40,116,99,63,31,53,180,178,192,173,35,161,102,110,12,0,85,104,34,194,48,146,140,74,188,65,16,190,10,130,5,62,195,43,127,79,42,141,11,114,64,96,177,119,132,75,137,133,81,153,166,8,33,19,36,22,112,89,46,66,121,155];True
5600;6331;11931;[198,29,90,41,187,60,179,47,26,145,115,152,163,52,197,123,106,37,94,118,124,168,34,108,174,196,167,15,156,21,73,82,172,86,181,68,9,45,138,126,143,160,91,77,186,199,7,122,25,144,164,4,84,59,93,23,189,98,18,39,176,3,154,49,170,95,182,139,135,183,51,50,56,92,147,67,32,38,87,165,193,28,44,125,6,88,70,71,162,20,191,61,184,109,72,78,128,101,185,76,80,100,30,134,27,2,97,58,151,175,57,1,117,113,169,142,131,158,54,120,157,136,149,107,55,14,13,111,171,148,83,129,24,150,103,105,69,159,40,116,99,63,31,53,180,178,192,173,35,161,102,110,12,0,85,104,17,194,48,146,140,74,188,65,16,190,10,130,5,62,195,43,127,79,42,141,11,114,64,96,177,119,132,75,137,133,81,153,166,8,33,19,36,22,112,89,46,66,121,155];True
5657;6328;11985;[198,29,90,41,187,60,179,47,26,145,115,152,163,52,197,123,106,37,94,118,124,168,34,108,174,196,167,15,156,21,31,82,172,86,181,68,9,45,138,126,143,160,91,77,186,199,7,122,25,144,164,4,84,59,93,23,189,98,18,39,176,157,154,49,170,95,182,139,135,183,48,73,99,92,147,67,32,38,87,165,193,28,44,125,6,88,70,71,162,20,191,61,184,109,72,78,128,101,185,76,80,100,30,134,27,2,97,58,151,175,57,1,117,113,169,142,131,158,54,120,3,136,149,107,55,14,13,111,171,148,83,129,24,150,103,105,69,159,40,116,146,51,50,53,180,178,192,173,35,161,102,110,12,0,85,104,17,194,56,63,140,74,188,65,16,190,10,130,5,62,195,43,127,79,42,141,11,114,64,96,177,119,132,75,137,133,81,153,166,8,33,19,36,22,112,89,46,66,121,155];True
5670;6326;11996;[198,29,90,41,187,60,179,47,26,145,115,152,163,52,197,123,106,37,94,118,124,168,17,108,174,196,167,15,156,21,31,82,172,86,181,68,9,45,138,126,143,160,91,77,186,199,7,122,25,144,164,4,84,59,93,23,189,98,18,39,176,3,154,49,170,95,182,139,135,183,48,73,99,92,147,67,32,38,87,165,193,28,44,125,6,88,70,71,162,20,191,61,184,109,72,78,128,101,185,76,80,100,30,134,27,2,97,58,151,175,57,1,117,113,169,142,131,158,54,120,157,136,149,107,55,14,13,111,171,148,83,129,24,150,103,105,69,159,40,116,146,51,50,53,180,178,192,173,35,161,102,110,12,0,85,104,34,194,56,63,140,74,188,65,16,190,10,130,5,62,195,43,127,79,42,141,11,114,64,96,177,119,132,75,137,133,81,153,166,8,33,19,36,22,112,89,46,66,121,155];True
5681;6323;12004;[198,29,90,41,187,60,179,47,26,145,115,152,163,52,197,123,106,37,94,118,124,168,34,108,174,196,167,15,156,21,31,82,172,86,181,68,9,45,138,126,143,160,91,77,186,199,7,122,25,144,164,4,84,59,93,23,189,98,18,39,176,3,154,49,170,95,182,139,135,183,48,73,99,92,147,67,32,38,87,165,193,28,44,125,6,88,70,71,162,20,191,61,184,109,72,78,128,101,185,76,80,100,30,134,27,2,97,58,151,175,57,1,117,113,169,142,131,158,54,120,157,136,149,107,55,14,13,111,171,148,83,129,24,150,103,105,69,159,40,116,146,51,50,53,180,178,192,173,35,161,102,110,12,0,85,104,17,194,56,63,140,74,188,65,16,190,10,130,5,62,195,43,127,79,42,141,11,114,64,96,177,119,132,75,137,133,81,153,166,8,33,19,36,22,112,89,46,66,121,155];True
5721;6322;12043;[198,29,90,41,187,60,179,47,26,145,115,152,163,52,197,123,106,37,94,118,124,168,34,108,174,196,167,15,156,21,31,82,172,86,181,68,9,45,138,126,143,160,91,77,186,199,7,122,25,144,164,4,84,59,93,23,189,98,18,39,176,3,154,49,170,95,182,139,135,183,48,73,99,92,147,67,32,38,87,165,193,28,44,125,6,88,70,71,162,20,191,61,184,109,72,78,128,101,185,76,80,100,30,134,27,2,97,58,151,175,57,1,117,113,169,142,131,158,54,120,157,136,149,107,55,14,13,111,171,148,83,129,24,150,103,105,69,159,40,116,146,140,50,53,180,178,192,173,35,161,102,110,12,0,85,104,17,194,56,63,51,74,188,65,16,190,10,130,5,62,195,43,127,79,42,141,11,114,64,96,177,119,132,75,137,133,81,153,166,8,33,19,36,22,112,89,46,66,121,155];True
5746;6321;12067;[194,29,90,41,187,60,179,47,26,145,115,152,163,52,197,123,106,37,94,118,124,168,34,108,174,196,167,15,156,21,31,82,172,86,181,68,9,45,138,126,143,160,91,77,186,199,7,122,25,144,164,4,84,59,93,23,189,98,18,39,176,3,154,49,170,95,182,139,135,183,48,73,99,92,147,67,32,38,87,165,193,28,44,125,6,88,70,71,162,20,191,61,184,109,72,78,128,101,185,76,80,100,30,134,27,2,97,58,151,175,57,1,117,113,169,142,131,158,54,120,157,136,149,107,55,14,13,111,171,148,83,129,24,150,103,105,69,159,40,116,146,51,50,53,180,178,192,173,35,161,102,110,12,0,85,104,17,198,56,63,140,74,188,65,16,190,10,130,5,62,195,43,127,79,42,141,11,114,64,96,177,119,132,75,137,133,81,153,166,8,33,19,36,22,112,89,46,66,121,155];True
5786;6320;12106;[194,29,90,41,187,60,179,47,26,145,115,152,163,52,197,123,106,37,94,118,124,168,34,108,174,196,167,15,156,21,31,82,172,86,181,68,9,45,138,126,143,160,91,77,186,199,7,122,25,144,164,4,84,59,93,23,189,98,18,39,176,3,154,49,170,95,182,139,135,183,48,73,99,92,147,67,32,38,87,165,193,28,44,125,6,88,70,71,162,20,191,61,184,109,72,78,128,101,185,76,80,100,30,134,27,2,97,58,151,175,57,1,117,113,169,142,131,158,54,120,157,136,149,107,55,14,13,111,171,148,83,129,24,150,103,105,69,159,40,116,146,140,50,53,180,178,192,173,35,161,102,110,12,0,85,104,17,198,56,63,51,74,188,65,16,190,10,130,5,62,195,43,127,79,42,141,11,114,64,96,177,119,132,75,137,133,81,153,166,8,33,19,36,22,112,89,46,66,121,155];True
5789;6319;12108;[198,29,90,41,187,60,179,47,26,145,115,152,163,52,197,123,106,37,94,118,124,168,34,108,174,196,167,15,156,21,31,82,172,86,181,68,9,45,138,126,143,160,91,77,186,199,7,122,25,144,164,4,84,59,93,23,189,98,18,39,176,3,154,49,170,95,182,139,135,183,48,73,99,92,147,67,32,38,87,165,193,28,44,125,6,88,70,71,162,20,191,61,184,109,72,78,128,101,185,76,80,100,30,134,27,2,97,58,151,175,57,1,117,113,169,142,131,158,54,120,157,136,149,107,55,14,13,111,171,148,83,129,24,150,103,105,69,159,40,116,51,146,50,53,180,178,192,173,35,161,102,110,12,0,85,104,17,194,56,63,140,74,188,65,16,190,10,130,5,62,195,43,127,79,42,141,11,114,64,96,177,119,132,75,137,133,81,153,166,8,33,19,36,22,112,89,46,66,121,155];True
5791;6318;12109;[198,29,90,41,187,60,179,47,26,145,115,152,163,52,197,123,106,37,94,118,124,168,34,108,174,196,167,15,156,21,31,82,172,86,181,68,9,45,138,126,143,160,91,77,186,199,7,122,25,144,164,4,84,59,93,23,189,98,18,39,176,3,154,49,170,95,182,139,135,183,48,73,56,92,147,67,32,38,87,165,193,28,44,125,6,88,70,71,162,20,191,61,184,109,72,78,128,101,185,76,80,100,30,134,27,2,97,58,151,175,57,1,117,113,169,142,131,158,54,120,157,136,149,107,55,14,13,111,171,148,83,129,24,150,103,105,69,159,40,116,99,63,50,53,180,178,192,173,35,161,102,110,12,0,85,104,17,194,51,146,140,74,188,65,16,190,10,130,5,62,195,43,127,79,42,141,11,114,64,96,177,119,132,75,137,133,81,153,166,8,33,19,36,22,112,89,46,66,121,155];True
5825;6316;12141;[198,29,90,41,187,60,179,47,26,145,115,152,163,52,197,123,106,37,94,118,124,168,34,108,174,196,167,15,156,21,31,82,172,86,181,68,9,45,138,126,143,160,91,77,186,199,7,122,25,144,164,4,84,59,93,23,189,98,18,39,176,3,154,49,170,95,182,139,135,183,48,73,56,92,147,67,32,38,87,165,193,28,44,125,6,88,70,71,162,194,191,61,184,109,72,78,128,101,185,76,80,100,30,134,27,2,97,58,151,175,57,1,117,113,169,142,131,158,54,120,157,136,149,107,55,14,13,111,171,148,83,129,24,150,103,105,69,159,40,116,99,63,50,53,180,178,192,173,35,161,102,110,12,0,85,104,17,20,51,146,140,74,188,65,16,190,10,130,5,62,195,43,127,79,42,141,11,114,64,96,177,119,132,75,137,133,81,153,166,8,33,19,36,22,112,89,46,66,121,155];True
5879;6315;12194;[198,29,90,41,187,60,179,47,26,145,115,152,163,52,197,123,106,37,94,118,124,168,34,108,174,196,167,15,156,21,31,82,172,86,181,68,9,45,138,126,143,160,91,77,186,199,7,122,25,144,164,4,84,59,93,23,189,98,18,39,176,3,154,49,170,95,182,139,65,20,51,73,56,92,147,67,32,38,87,165,193,28,44,125,6,88,70,71,162,194,191,61,184,109,72,78,128,101,185,76,80,100,30,134,27,2,97,58,151,175,57,1,117,113,169,142,131,158,54,120,157,136,149,107,55,14,13,111,171,148,83,129,24,150,103,105,69,159,40,116,99,63,50,53,180,178,192,173,35,161,102,110,12,0,85,104,17,183,48,146,140,74,188,135,16,190,10,130,5,62,195,43,127,79,42,141,11,114,64,96,177,119,132,75,137,133,81,153,166,8,33,19,36,22,112,89,46,66,121,155];True
5902;6314;12216;[198,29,90,41,187,60,179,47,26,145,115,152,163,52,197,123,106,37,94,118,124,168,34,108,174,196,167,15,156,21,31,82,172,86,181,68,9,45,138,126,143,160,91,77,186,199,7,122,25,144,164,4,84,59,93,23,189,98,18,39,176,3,154,49,170,95,182,139,135,20,51,73,56,92,147,67,32,38,87,165,193,28,44,125,6,88,70,71,162,194,191,61,184,109,72,78,128,101,185,76,80,100,30,134,27,2,97,58,151,175,57,1,117,113,169,142,131,158,54,120,157,136,149,107,55,14,13,111,171,148,83,129,24,150,103,105,69,159,40,116,99,63,50,53,180,178,192,173,35,161,102,110,12,0,85,104,17,183,48,146,140,74,188,65,16,190,10,130,5,62,195,43,127,79,42,141,11,114,64,96,177,119,132,75,137,133,81,153,166,8,33,19,36,22,112,89,46,66,121,155];True
5935;6312;12247;[198,29,90,41,187,60,179,47,26,145,115,152,163,52,197,123,106,37,94,118,124,168,34,108,174,196,167,15,156,21,31,82,172,86,181,68,9,45,138,126,143,160,91,77,186,199,7,122,25,144,164,4,84,59,93,23,189,98,18,39,176,3,154,49,170,95,182,139,65,20,48,73,56,92,147,67,32,38,87,165,193,28,44,125,6,88,70,71,162,194,191,61,184,109,72,78,128,101,185,76,80,100,30,134,27,2,97,58,151,175,57,1,117,113,169,142,131,158,54,120,157,136,149,107,55,14,13,111,171,148,83,129,24,150,103,105,69,159,40,116,99,63,50,53,180,178,192,173,35,161,102,110,12,0,85,104,17,183,51,146,140,74,188,135,16,190,10,130,5,62,195,43,127,79,42,141,11,114,64,96,177,119,132,75,137,133,81,153,166,8,33,19,36,22,112,89,46,66,121,155];True
5942;6311;12253;[198,29,90,41,187,60,179,47,26,145,115,152,163,52,197,123,106,20,94,118,124,168,34,108,174,196,167,15,156,21,31,82,172,86,181,68,9,45,138,126,143,160,91,77,186,199,7,122,25,144,164,4,84,59,93,23,189,98,18,39,176,3,154,49,170,95,182,139,65,37,48,73,56,92,147,67,32,38,87,165,193,28,44,125,6,88,70,71,162,194,191,61,184,109,72,78,128,101,185,76,80,100,30,134,27,2,97,58,151,175,57,1,117,113,169,142,131,158,54,120,157,136,149,107,55,14,13,111,171,148,83,129,24,150,103,105,69,159,40,116,99,63,50,53,180,178,192,173,35,161,102,110,12,0,85,104,17,183,51,146,140,74,188,135,16,190,10,130,5,62,195,43,127,79,42,141,11,114,64,96,177,119,132,75,137,133,81,153,166,8,33,19,36,22,112,89,46,66,121,155];True
5951;6309;12260;[198,29,90,41,187,60,179,47,26,145,115,152,163,52,197,123,106,20,94,118,124,168,34,108,174,196,167,15,156,21,31,82,172,86,181,68,9,45,138,126,143,160,91,77,186,199,7,122,25,144,164,4,84,59,93,23,189,98,18,39,176,3,154,49,170,95,182,139,135,37,48,73,56,92,147,67,32,38,87,165,193,28,44,125,6,88,70,71,162,194,191,61,184,109,72,78,128,101,185,76,80,100,30,134,27,2,97,58,151,175,57,1,117,113,169,142,131,158,54,120,157,136,149,107,55,14,13,111,171,148,83,129,24,150,103,105,69,159,40,116,99,63,50,53,180,178,192,173,35,161,102,110,12,0,85,104,17,183,51,146,140,74,188,65,16,190,10,130,5,62,195,43,127,79,42,141,11,114,64,96,177,119,132,75,137,133,81,153,166,8,33,19,36,22,112,89,46,66,121,155];True
5988;6308;12296;[198,29,90,41,187,60,179,47,26,145,115,152,163,52,197,104,34,37,94,118,124,168,17,108,174,196,95,15,156,21,31,82,172,86,181,68,9,45,138,126,143,160,91,77,186,199,170,122,25,144,164,4,84,59,93,23,189,98,18,39,176,3,154,49,0,167,182,139,135,183,48,73,56,92,147,67,32,38,87,165,193,28,44,125,6,88,70,71,162,20,191,61,184,109,72,78,128,101,185,76,80,100,30,134,27,2,97,58,151,175,57,1,117,113,169,142,131,158,54,120,157,136,149,85,55,14,13,111,171,148,83,129,24,150,103,105,69,159,40,116,99,63,50,53,180,178,192,173,35,161,102,110,12,7,107,123,106,194,51,146,140,74,188,65,16,190,10,130,5,62,195,43,127,79,42,141,11,114,64,96,177,119,132,75,137,133,81,153,166,8,33,19,36,22,112,89,46,66,121,155];True
5997;6307;12304;[198,29,90,41,187,60,179,47,26,145,115,152,163,52,197,104,34,37,94,118,124,168,17,108,174,196,167,15,156,21,31,82,172,86,181,68,9,45,138,126,143,160,91,77,186,199,170,122,25,144,164,4,84,59,93,23,189,98,18,39,176,3,154,49,0,95,182,139,135,183,48,73,56,92,147,67,32,38,87,165,193,28,44,125,6,88,70,71,162,20,191,61,184,109,72,78,128,101,185,76,80,100,30,134,27,2,97,58,151,175,57,1,117,113,169,142,131,158,54,120,157,136,149,85,55,14,13,111,171,148,83,129,24,150,103,105,69,159,40,116,99,63,50,53,180,178,192,173,35,161,102,110,12,7,107,123,106,194,51,146,140,74,188,65,16,190,10,130,5,62,195,43,127,79,42,141,11,114,64,96,177,119,132,75,137,133,81,153,166,8,33,19,36,22,112,89,46,66,121,155];True
6008;6306;12314;[198,29,90,41,187,60,179,47,26,145,115,152,163,52,197,104,34,37,94,118,124,168,17,108,174,196,167,15,156,21,31,82,172,86,181,68,9,45,138,126,143,160,91,77,186,199,170,122,25,144,164,4,84,59,93,23,189,98,18,39,176,3,154,49,0,95,182,139,135,183,48,73,56,92,147,67,32,38,87,165,193,28,44,125,6,88,70,71,162,194,191,61,184,109,72,78,128,101,185,76,80,100,30,134,27,2,97,58,151,175,57,1,117,113,169,142,131,158,54,120,157,136,149,85,55,14,13,111,171,148,83,129,24,150,103,105,69,159,40,116,99,63,50,53,180,178,192,173,35,161,102,110,12,7,107,123,106,20,51,146,140,74,188,65,16,190,10,130,5,62,195,43,127,79,42,141,11,114,64,96,177,119,132,75,137,133,81,153,166,8,33,19,36,22,112,89,46,66,121,155];True
6021;6305;12326;[198,29,90,41,187,60,179,47,26,145,115,152,163,52,197,104,17,37,94,118,124,168,34,108,174,196,95,15,156,21,31,82,172,86,181,68,9,45,138,126,143,160,91,77,186,199,170,122,25,144,164,4,84,59,93,23,189,98,18,39,176,3,154,49,0,167,182,139,135,183,48,73,56,92,147,67,32,38,87,165,193,28,44,125,6,88,70,71,162,20,191,61,184,109,72,78,128,101,185,76,80,100,30,134,27,2,97,58,151,175,57,1,117,113,169,142,131,158,54,120,157,136,149,85,55,14,13,111,171,148,83,129,24,150,103,105,69,159,40,116,99,63,50,53,180,178,192,173,35,161,102,110,12,7,107,123,106,194,51,146,140,74,188,65,16,190,10,130,5,62,195,43,127,79,42,141,11,114,64,96,177,119,132,75,137,133,81,153,166,8,33,19,36,22,112,89,46,66,121,155];True
6030;6304;12334;[198,29,90,41,187,60,179,47,26,145,115,152,163,52,197,104,17,37,94,118,124,168,34,108,174,196,167,15,156,21,31,82,172,86,181,68,9,45,138,126,143,160,91,77,186,199,170,122,25,144,164,4,84,59,93,23,189,98,18,39,176,3,154,49,0,95,182,139,135,183,48,73,56,92,147,67,32,38,87,165,193,28,44,125,6,88,70,71,162,20,191,61,184,109,72,78,128,101,185,76,80,100,30,134,27,2,97,58,151,175,57,1,117,113,169,142,131,158,54,120,157,136,149,85,55,14,13,111,171,148,83,129,24,150,103,105,69,159,40,116,99,63,50,53,180,178,192,173,35,161,102,110,12,7,107,123,106,194,51,146,140,74,188,65,16,190,10,130,5,62,195,43,127,79,42,141,11,114,64,96,177,119,132,75,137,133,81,153,166,8,33,19,36,22,112,89,46,66,121,155];True
6041;6303;12344;[198,29,90,41,187,60,179,47,26,145,115,152,163,52,197,104,17,37,94,118,124,168,34,108,174,196,167,15,156,21,31,82,172,86,181,68,9,45,138,126,143,160,91,77,186,199,170,122,25,144,164,4,84,59,93,23,189,98,18,39,176,3,154,49,0,95,182,139,135,183,48,73,56,92,147,67,32,38,87,165,193,28,44,125,6,88,70,71,162,194,191,61,184,109,72,78,128,101,185,76,80,100,30,134,27,2,97,58,151,175,57,1,117,113,169,142,131,158,54,120,157,136,149,85,55,14,13,111,171,148,83,129,24,150,103,105,69,159,40,116,99,63,50,53,180,178,192,173,35,161,102,110,12,7,107,123,106,20,51,146,140,74,188,65,16,190,10,130,5,62,195,43,127,79,42,141,11,114,64,96,177,119,132,75,137,133,81,153,166,8,33,19,36,22,112,89,46,66,121,155];True
6057;6302;12359;[198,29,90,41,187,60,179,47,26,145,115,152,163,52,197,104,17,37,94,118,124,168,34,108,174,23,95,15,156,21,31,82,172,86,181,68,9,45,138,126,143,160,91,77,186,199,170,122,25,144,164,4,84,59,93,196,189,98,18,39,176,3,154,49,0,167,182,139,135,183,48,73,56,92,147,67,32,38,87,165,193,28,44,125,6,88,70,71,162,194,191,61,184,109,72,78,128,101,185,76,80,100,30,134,27,2,97,58,151,175,57,1,117,113,169,142,131,158,54,120,157,136,149,85,55,14,13,111,171,148,83,129,24,150,103,105,69,159,40,116,99,63,50,53,180,178,192,173,35,161,102,110,12,7,107,123,106,20,51,146,140,74,188,65,16,190,10,130,5,62,195,43,127,79,42,141,11,114,64,96,177,119,132,75,137,133,81,153,166,8,33,19,36,22,112,89,46,66,121,155];True
6128;6301;12429;[198,29,90,41,187,60,179,47,26,145,115,152,163,52,197,104,17,37,94,118,124,168,34,108,174,196,167,15,156,21,31,82,172,128,181,68,9,45,138,126,143,160,91,77,186,199,86,122,25,144,164,4,84,59,93,23,189,98,18,39,176,3,154,49,0,95,182,139,135,183,48,73,56,92,147,67,32,38,87,165,193,28,44,125,6,88,70,71,162,194,191,61,184,109,72,78,170,101,185,76,80,100,30,134,27,2,97,58,151,175,57,1,117,113,169,142,131,158,54,120,157,136,149,85,55,14,13,111,171,148,83,129,24,150,103,105,69,159,40,116,99,63,50,53,180,178,192,173,35,161,102,110,12,7,107,123,106,20,51,146,140,74,188,65,16,190,10,130,5,62,195,43,127,79,42,141,11,114,64,96,177,119,132,75,137,133,81,153,166,8,33,19,36,22,112,89,46,66,121,155];True
6144;6300;12444;[198,29,90,41,187,60,179,47,26,145,115,152,163,52,197,104,17,37,94,118,124,168,34,108,174,23,95,15,156,21,31,82,172,128,181,68,9,45,138,126,143,160,91,77,186,199,86,122,25,144,164,4,84,59,93,196,189,98,18,39,176,3,154,49,0,167,182,139,135,183,48,73,56,92,147,67,32,38,87,165,193,28,44,125,6,88,70,71,162,194,191,61,184,109,72,78,170,101,185,76,80,100,30,134,27,2,97,58,151,175,57,1,117,113,169,142,131,158,54,120,157,136,149,85,55,14,13,111,171,148,83,129,24,150,103,105,69,159,40,116,99,63,50,53,180,178,192,173,35,161,102,110,12,7,107,123,106,20,51,146,140,74,188,65,16,190,10,130,5,62,195,43,127,79,42,141,11,114,64,96,177,119,132,75,137,133,81,153,166,8,33,19,36,22,112,89,46,66,121,155];True
6199;6299;12498;[198,29,90,41,187,60,179,47,26,145,115,152,163,52,197,104,34,37,94,118,124,168,17,108,174,196,167,15,156,21,31,82,172,128,181,68,9,45,138,126,143,160,91,77,186,199,170,122,25,144,164,4,84,59,93,23,189,98,18,39,176,3,154,49,0,95,182,139,135,183,48,73,56,92,147,67,32,38,87,165,193,28,44,125,6,88,70,71,162,20,191,61,184,109,72,78,86,101,185,76,80,100,30,134,27,2,97,58,151,175,57,1,117,113,169,142,131,158,54,120,157,136,149,85,55,14,13,111,171,148,83,129,24,150,103,105,69,159,40,116,99,63,50,53,180,178,192,173,35,161,102,110,12,7,107,123,106,194,51,146,140,74,188,65,16,190,10,130,5,62,195,43,127,79,42,141,11,114,64,96,177,119,132,75,137,133,81,153,166,8,33,19,36,22,112,89,46,66,121,155];True
6210;6298;12508;[198,29,90,41,187,60,179,47,26,145,115,152,163,52,197,104,34,37,94,118,124,168,17,108,174,196,167,15,156,21,31,82,172,128,181,68,9,45,138,126,143,160,91,77,186,199,170,122,25,144,164,4,84,59,93,23,189,98,18,39,176,3,154,49,0,95,182,139,135,183,48,73,56,92,147,67,32,38,87,165,193,28,44,125,6,88,70,71,162,194,191,61,184,109,72,78,86,101,185,76,80,100,30,134,27,2,97,58,151,175,57,1,117,113,169,142,131,158,54,120,157,136,149,85,55,14,13,111,171,148,83,129,24,150,103,105,69,159,40,116,99,63,50,53,180,178,192,173,35,161,102,110,12,7,107,123,106,20,51,146,140,74,188,65,16,190,10,130,5,62,195,43,127,79,42,141,11,114,64,96,177,119,132,75,137,133,81,153,166,8,33,19,36,22,112,89,46,66,121,155];True
6223;6297;12520;[198,29,90,41,187,60,179,47,26,145,115,152,163,52,197,104,17,37,94,118,124,168,34,108,174,196,95,15,156,21,31,82,172,128,181,68,9,45,138,126,143,160,91,77,186,199,170,122,25,144,164,4,84,59,93,23,189,98,18,39,176,3,154,49,0,167,182,139,135,183,48,73,56,92,147,67,32,38,87,165,193,28,44,125,6,88,70,71,162,20,191,61,184,109,72,78,86,101,185,76,80,100,30,134,27,2,97,58,151,175,57,1,117,113,169,142,131,158,54,120,157,136,149,85,55,14,13,111,171,148,83,129,24,150,103,105,69,159,40,116,99,63,50,53,180,178,192,173,35,161,102,110,12,7,107,123,106,194,51,146,140,74,188,65,16,190,10,130,5,62,195,43,127,79,42,141,11,114,64,96,177,119,132,75,137,133,81,153,166,8,33,19,36,22,112,89,46,66,121,155];True
6232;6296;12528;[198,29,90,41,187,60,179,47,26,145,115,152,163,52,197,104,17,37,94,118,124,168,34,108,174,196,167,15,156,21,31,82,172,128,181,68,9,45,138,126,143,160,91,77,186,199,170,122,25,144,164,4,84,59,93,23,189,98,18,39,176,3,154,49,0,95,182,139,135,183,48,73,56,92,147,67,32,38,87,165,193,28,44,125,6,88,70,71,162,20,191,61,184,109,72,78,86,101,185,76,80,100,30,134,27,2,97,58,151,175,57,1,117,113,169,142,131,158,54,120,157,136,149,85,55,14,13,111,171,148,83,129,24,150,103,105,69,159,40,116,99,63,50,53,180,178,192,173,35,161,102,110,12,7,107,123,106,194,51,146,140,74,188,65,16,190,10,130,5,62,195,43,127,79,42,141,11,114,64,96,177,119,132,75,137,133,81,153,166,8,33,19,36,22,112,89,46,66,121,155];True
6243;6295;12538;[198,29,90,41,187,60,179,47,26,145,115,152,163,52,197,104,17,37,94,118,124,168,34,108,174,196,167,15,156,21,31,82,172,128,181,68,9,45,138,126,143,160,91,77,186,199,170,122,25,144,164,4,84,59,93,23,189,98,18,39,176,3,154,49,0,95,182,139,135,183,48,73,56,92,147,67,32,38,87,165,193,28,44,125,6,88,70,71,162,194,191,61,184,109,72,78,86,101,185,76,80,100,30,134,27,2,97,58,151,175,57,1,117,113,169,142,131,158,54,120,157,136,149,85,55,14,13,111,171,148,83,129,24,150,103,105,69,159,40,116,99,63,50,53,180,178,192,173,35,161,102,110,12,7,107,123,106,20,51,146,140,74,188,65,16,190,10,130,5,62,195,43,127,79,42,141,11,114,64,96,177,119,132,75,137,133,81,153,166,8,33,19,36,22,112,89,46,66,121,155];True
6259;6294;12553;[198,29,90,41,187,60,179,47,26,145,115,152,163,52,197,104,17,37,94,118,124,168,34,108,174,23,95,15,156,21,31,82,172,128,181,68,9,45,138,126,143,160,91,77,186,199,170,122,25,144,164,4,84,59,93,196,189,98,18,39,176,3,154,49,0,167,182,139,135,183,48,73,56,92,147,67,32,38,87,165,193,28,44,125,6,88,70,71,162,194,191,61,184,109,72,78,86,101,185,76,80,100,30,134,27,2,97,58,151,175,57,1,117,113,169,142,131,158,54,120,157,136,149,85,55,14,13,111,171,148,83,129,24,150,103,105,69,159,40,116,99,63,50,53,180,178,192,173,35,161,102,110,12,7,107,123,106,20,51,146,140,74,188,65,16,190,10,130,5,62,195,43,127,79,42,141,11,114,64,96,177,119,132,75,137,133,81,153,166,8,33,19,36,22,112,89,46,66,121,155];True
6313;6293;12606;[198,29,90,41,187,60,179,47,26,145,115,152,163,52,197,104,17,37,94,118,124,168,34,108,174,196,95,15,156,21,31,82,172,128,181,68,9,45,138,126,143,160,91,77,186,199,170,122,25,144,164,4,84,59,93,23,189,98,18,39,176,3,154,49,0,167,182,139,135,183,48,73,56,92,147,67,32,38,87,165,193,28,44,125,6,88,70,71,162,20,191,61,184,109,72,78,111,101,185,76,80,100,30,134,27,2,97,58,151,175,57,1,117,113,169,142,131,158,54,120,157,136,149,85,55,14,13,86,171,148,83,129,24,150,103,105,69,159,40,116,99,63,50,53,180,178,192,173,35,161,102,110,12,7,107,123,106,194,51,146,140,74,188,65,16,190,10,130,5,62,195,43,127,79,42,141,11,114,64,96,177,119,132,75,137,133,81,153,166,8,33,19,36,22,112,89,46,66,121,155];True
6322;6292;12614;[198,29,90,41,187,60,179,47,26,145,115,152,163,52,197,104,17,37,94,118,124,168,34,108,174,196,167,15,156,21,31,82,172,128,181,68,9,45,138,126,143,160,91,77,186,199,170,122,25,144,164,4,84,59,93,23,189,98,18,39,176,3,154,49,0,95,182,139,135,183,48,73,56,92,147,67,32,38,87,165,193,28,44,125,6,88,70,71,162,20,191,61,184,109,72,78,111,101,185,76,80,100,30,134,27,2,97,58,151,175,57,1,117,113,169,142,131,158,54,120,157,136,149,85,55,14,13,86,171,148,83,129,24,150,103,105,69,159,40,116,99,63,50,53,180,178,192,173,35,161,102,110,12,7,107,123,106,194,51,146,140,74,188,65,16,190,10,130,5,62,195,43,127,79,42,141,11,114,64,96,177,119,132,75,137,133,81,153,166,8,33,19,36,22,112,89,46,66,121,155];True
6333;6291;12624;[198,29,90,41,187,60,179,47,26,145,115,152,163,52,197,104,17,37,94,118,124,168,34,108,174,196,167,15,156,21,31,82,172,128,181,68,9,45,138,126,143,160,91,77,186,199,170,122,25,144,164,4,84,59,93,23,189,98,18,39,176,3,154,49,0,95,182,139,135,183,48,73,56,92,147,67,32,38,87,165,193,28,44,125,6,88,70,71,162,194,191,61,184,109,72,78,111,101,185,76,80,100,30,134,27,2,97,58,151,175,57,1,117,113,169,142,131,158,54,120,157,136,149,85,55,14,13,86,171,148,83,129,24,150,103,105,69,159,40,116,99,63,50,53,180,178,192,173,35,161,102,110,12,7,107,123,106,20,51,146,140,74,188,65,16,190,10,130,5,62,195,43,127,79,42,141,11,114,64,96,177,119,132,75,137,133,81,153,166,8,33,19,36,22,112,89,46,66,121,155];True
6349;6290;12639;[198,29,90,41,187,60,179,47,26,145,115,152,163,52,197,104,17,37,94,118,124,168,34,108,174,23,95,15,156,21,31,82,172,128,181,68,9,45,138,126,143,160,91,77,186,199,170,122,25,144,164,4,84,59,93,196,189,98,18,39,176,3,154,49,0,167,182,139,135,183,48,73,56,92,147,67,32,38,87,165,193,28,44,125,6,88,70,71,162,194,191,61,184,109,72,78,111,101,185,76,80,100,30,134,27,2,97,58,151,175,57,1,117,113,169,142,131,158,54,120,157,136,149,85,55,14,13,86,171,148,83,129,24,150,103,105,69,159,40,116,99,63,50,53,180,178,192,173,35,161,102,110,12,7,107,123,106,20,51,146,140,74,188,65,16,190,10,130,5,62,195,43,127,79,42,141,11,114,64,96,177,119,132,75,137,133,81,153,166,8,33,19,36,22,112,89,46,66,121,155];True
6426;6289;12715;[198,29,90,41,187,60,179,47,26,145,115,152,163,52,197,104,17,37,94,118,124,168,34,108,174,23,95,15,156,21,31,82,172,128,181,68,9,45,138,126,143,160,91,77,186,199,170,122,25,144,164,4,84,59,93,196,189,98,18,39,176,3,154,49,0,167,182,139,135,183,48,73,99,92,147,67,32,38,87,165,193,28,44,125,6,88,70,71,162,194,191,61,184,109,72,78,111,101,185,76,80,100,30,134,27,2,97,58,151,175,57,1,117,113,169,142,131,158,54,120,157,136,149,85,55,14,13,86,171,148,83,129,24,150,103,105,69,159,40,116,56,63,50,53,180,178,192,173,35,161,102,110,12,7,107,123,106,20,51,146,140,74,188,65,16,190,10,130,5,62,195,43,127,79,42,141,11,114,64,96,177,119,132,75,137,133,81,153,166,8,33,19,36,22,112,89,46,66,121,155];True
6441;6288;12729;[198,29,90,41,187,60,179,47,26,145,115,152,163,52,197,104,17,37,94,118,124,168,34,108,174,67,167,15,156,21,31,82,172,128,181,68,9,45,138,126,143,160,91,77,186,199,170,122,25,144,164,4,84,59,93,196,189,98,18,39,176,3,154,49,0,95,182,139,135,183,48,73,56,92,147,23,32,38,87,165,193,28,44,125,6,88,70,71,162,194,191,61,184,109,72,78,111,101,185,76,80,100,30,134,27,2,97,58,151,175,57,1,117,113,169,142,131,158,54,120,157,136,149,85,55,14,13,86,171,148,83,129,24,150,103,105,69,159,40,116,99,63,50,53,180,178,192,173,35,161,102,110,12,7,107,123,106,20,51,146,140,74,188,65,16,190,10,130,5,62,195,43,127,79,42,141,11,114,64,96,177,119,132,75,137,133,81,153,166,8,33,19,36,22,112,89,46,66,121,155];True
6518;6287;12805;[198,29,90,41,187,60,179,47,26,145,115,152,163,52,197,104,17,37,94,118,124,168,34,108,174,67,167,15,156,21,31,82,172,128,181,68,9,45,138,126,143,160,91,77,186,199,170,122,25,144,164,4,84,59,93,196,189,98,18,39,176,3,154,49,0,95,182,139,135,183,48,73,99,92,147,23,32,38,87,165,193,28,44,125,6,88,70,71,162,194,191,61,184,109,72,78,111,101,185,76,80,100,30,134,27,2,97,58,151,175,57,1,117,113,169,142,131,158,54,120,157,136,149,85,55,14,13,86,171,148,83,129,24,150,103,105,69,159,40,116,56,63,50,53,180,178,192,173,35,161,102,110,12,7,107,123,106,20,51,146,140,74,188,65,16,190,10,130,5,62,195,43,127,79,42,141,11,114,64,96,177,119,132,75,137,133,81,153,166,8,33,19,36,22,112,89,46,66,121,155];True
6546;6286;12832;[198,29,90,41,187,60,179,47,26,145,115,152,163,52,197,104,17,37,94,118,124,168,34,108,174,67,167,15,156,21,31,82,172,128,181,68,9,45,138,126,143,160,91,77,186,199,170,122,25,144,164,4,84,59,93,196,189,98,18,39,176,35,154,49,0,95,182,139,135,183,48,73,56,92,147,23,32,38,87,165,193,28,44,125,6,88,70,71,162,194,191,61,184,109,72,78,111,101,185,76,80,100,30,134,27,2,97,58,151,175,57,1,117,113,169,142,131,158,54,120,157,136,149,85,55,14,13,86,171,148,83,129,24,150,103,105,69,159,40,116,99,63,50,53,180,178,192,173,3,161,102,110,12,7,107,123,106,20,51,146,140,74,188,65,16,190,10,130,5,62,195,43,127,79,42,141,11,114,64,96,177,119,132,75,137,133,81,153,166,8,33,19,36,22,112,89,46,66,121,155];True
6609;6285;12894;[198,29,90,41,187,60,179,47,26,145,115,152,163,52,197,123,106,20,94,118,124,168,34,108,174,23,95,15,156,21,31,82,172,128,181,68,150,191,138,126,143,160,91,77,186,199,170,122,25,144,164,4,84,59,93,196,189,98,18,39,176,3,154,49,0,167,182,139,135,37,48,73,56,92,147,67,32,38,87,165,193,28,44,125,6,88,70,71,162,45,188,61,184,109,72,78,111,101,185,76,80,100,30,134,27,2,97,58,151,175,57,1,117,113,169,142,131,158,54,120,157,136,149,85,55,14,13,86,171,148,83,129,24,9,103,105,69,159,40,116,99,63,50,53,180,178,192,173,35,161,102,110,12,7,107,104,17,183,51,146,140,74,194,65,16,190,10,130,5,62,195,43,127,79,42,141,11,114,64,96,177,119,132,75,137,133,81,153,166,8,33,19,36,22,112,89,46,66,121,155];True
6631;6284;12915;[198,29,90,41,187,60,179,47,26,145,115,152,163,52,197,123,106,194,94,118,124,168,34,108,174,196,95,15,156,21,31,82,172,128,181,68,150,191,138,126,143,160,91,77,186,199,170,122,25,144,164,4,84,59,93,23,189,98,18,39,176,3,154,49,0,167,182,139,135,37,48,73,56,92,147,67,32,38,87,165,193,28,44,125,6,88,70,71,162,45,188,61,184,109,72,78,111,101,185,76,80,100,30,134,27,2,97,58,151,175,57,1,117,113,169,142,131,158,54,120,157,136,149,85,55,14,13,86,171,148,83,129,24,9,103,105,69,159,40,116,99,63,50,53,180,178,192,173,35,161,102,110,12,7,107,104,17,183,51,146,140,74,20,65,16,190,10,130,5,62,195,43,127,79,42,141,11,114,64,96,177,119,132,75,137,133,81,153,166,8,33,19,36,22,112,89,46,66,121,155];True
6640;6283;12923;[198,29,90,41,187,60,179,47,26,145,115,152,163,52,197,123,106,194,94,118,124,168,34,108,174,196,167,15,156,21,31,82,172,128,181,68,150,191,138,126,143,160,91,77,186,199,170,122,25,144,164,4,84,59,93,23,189,98,18,39,176,3,154,49,0,95,182,139,135,37,48,73,56,92,147,67,32,38,87,165,193,28,44,125,6,88,70,71,162,45,188,61,184,109,72,78,111,101,185,76,80,100,30,134,27,2,97,58,151,175,57,1,117,113,169,142,131,158,54,120,157,136,149,85,55,14,13,86,171,148,83,129,24,9,103,105,69,159,40,116,99,63,50,53,180,178,192,173,35,161,102,110,12,7,107,104,17,183,51,146,140,74,20,65,16,190,10,130,5,62,195,43,127,79,42,141,11,114,64,96,177,119,132,75,137,133,81,153,166,8,33,19,36,22,112,89,46,66,121,155];True
6656;6282;12938;[198,29,90,41,187,60,179,47,26,145,115,152,163,52,197,123,106,194,94,118,124,168,34,108,174,23,95,15,156,21,31,82,172,128,181,68,150,191,138,126,143,160,91,77,186,199,170,122,25,144,164,4,84,59,93,196,189,98,18,39,176,3,154,49,0,167,182,139,135,37,48,73,56,92,147,67,32,38,87,165,193,28,44,125,6,88,70,71,162,45,188,61,184,109,72,78,111,101,185,76,80,100,30,134,27,2,97,58,151,175,57,1,117,113,169,142,131,158,54,120,157,136,149,85,55,14,13,86,171,148,83,129,24,9,103,105,69,159,40,116,99,63,50,53,180,178,192,173,35,161,102,110,12,7,107,104,17,183,51,146,140,74,20,65,16,190,10,130,5,62,195,43,127,79,42,141,11,114,64,96,177,119,132,75,137,133,81,153,166,8,33,19,36,22,112,89,46,66,121,155];True
6727;6281;13008;[198,29,90,41,187,60,179,47,26,145,115,152,163,52,197,123,106,194,94,118,124,168,34,108,174,23,95,15,156,21,31,82,172,128,181,68,150,191,138,126,143,160,91,77,186,199,170,122,25,144,164,4,84,59,93,196,189,98,18,39,176,3,154,49,0,167,182,139,65,37,48,73,56,92,147,67,32,38,87,165,193,28,44,125,6,88,70,71,162,45,188,61,184,109,72,78,111,101,185,76,80,100,30,134,27,2,97,58,151,175,57,1,117,113,169,142,131,158,54,120,157,136,149,85,55,14,13,86,171,148,83,129,24,9,103,105,69,159,40,116,99,63,50,53,180,178,192,173,35,161,102,110,12,7,107,104,17,183,51,146,140,74,20,135,16,190,10,130,5,62,195,43,127,79,42,141,11,114,64,96,177,119,132,75,137,133,81,153,166,8,33,19,36,22,112,89,46,66,121,155];True
6748;6280;13028;[198,29,90,41,187,60,179,47,26,145,115,152,163,52,197,123,106,194,94,118,124,168,34,108,174,67,167,15,156,21,31,82,172,128,181,68,150,191,138,126,143,160,91,77,186,199,170,122,25,144,164,4,84,59,93,196,189,98,18,39,176,3,154,49,0,95,182,139,135,37,48,73,56,92,147,23,32,38,87,165,193,28,44,125,6,88,70,71,162,45,188,61,184,109,72,78,111,101,185,76,80,100,30,134,27,2,97,58,151,175,57,1,117,113,169,142,131,158,54,120,157,136,149,85,55,14,13,86,171,148,83,129,24,9,103,105,69,159,40,116,99,63,50,53,180,178,192,173,35,161,102,110,12,7,107,104,17,183,51,146,140,74,20,65,16,190,10,130,5,62,195,43,127,79,42,141,11,114,64,96,177,119,132,75,137,133,81,153,166,8,33,19,36,22,112,89,46,66,121,155];True
6795;6279;13074;[198,29,90,41,187,60,179,47,26,145,115,152,163,52,197,123,106,194,94,118,124,168,34,108,174,23,95,15,156,21,31,82,172,128,181,68,150,191,138,135,143,160,91,77,186,199,170,122,25,144,164,4,84,59,93,196,189,98,18,39,176,3,154,49,0,167,182,139,65,37,48,73,56,92,147,67,32,38,87,165,193,28,44,125,6,88,70,71,162,45,188,61,184,109,72,78,111,101,185,76,80,100,30,134,27,2,97,58,151,175,57,1,117,113,169,142,131,158,54,120,157,136,149,85,55,14,13,86,171,148,83,129,24,9,103,105,69,159,40,116,99,63,50,53,180,178,192,173,35,161,102,110,12,7,107,104,17,183,51,146,140,74,20,126,16,190,10,130,5,62,195,43,127,79,42,141,11,114,64,96,177,119,132,75,137,133,81,153,166,8,33,19,36,22,112,89,46,66,121,155];True
6853;6278;13131;[198,29,90,41,187,60,179,47,26,145,115,152,163,52,197,123,106,194,94,118,124,168,34,108,174,67,167,15,156,21,31,82,172,128,181,68,150,191,138,126,143,160,91,77,186,199,170,122,25,144,164,4,84,59,93,196,189,98,18,39,176,35,154,49,0,95,182,139,135,37,48,73,56,92,147,23,32,38,87,165,193,28,44,125,6,88,70,71,162,45,188,61,184,109,72,78,111,101,185,76,80,100,30,134,27,2,97,58,151,175,57,1,117,113,169,142,131,158,54,120,157,136,149,85,55,14,13,86,171,148,83,129,24,9,103,105,69,159,40,116,99,63,50,53,180,178,192,173,3,161,102,110,12,7,107,104,17,183,51,146,140,74,20,65,16,190,10,130,5,62,195,43,127,79,42,141,11,114,64,96,177,119,132,75,137,133,81,153,166,8,33,19,36,22,112,89,46,66,121,155];True
6883;6277;13160;[198,29,90,41,187,60,179,47,26,145,115,152,163,52,197,123,106,194,94,37,124,168,34,108,174,23,95,15,156,21,31,82,172,128,181,68,150,191,138,135,143,160,91,77,186,199,170,122,25,144,164,4,84,59,93,196,189,98,18,39,176,3,154,49,0,167,182,139,65,118,48,73,56,92,147,67,32,38,87,165,193,28,44,125,6,88,70,71,162,45,188,61,184,109,72,78,111,101,185,76,80,100,30,134,27,2,97,58,151,175,57,1,117,113,169,142,131,158,54,120,157,136,149,85,55,14,13,86,171,148,83,129,24,9,103,105,69,159,40,116,99,63,50,53,180,178,192,173,35,161,102,110,12,7,107,104,17,183,51,146,140,74,20,126,16,190,10,130,5,62,195,43,127,79,42,141,11,114,64,96,177,119,132,75,137,133,81,153,166,8,33,19,36,22,112,89,46,66,121,155];True
6960;6276;13236;[198,29,90,41,187,60,179,47,26,145,115,152,163,52,197,123,106,194,94,37,124,168,34,108,174,23,95,15,156,21,31,82,172,128,181,68,150,191,138,135,143,160,91,77,186,199,170,122,25,144,164,4,84,59,93,196,189,98,18,39,176,3,154,49,0,167,182,139,65,118,48,73,99,92,147,67,32,38,87,165,193,28,44,125,6,88,70,71,162,45,188,61,184,109,72,78,111,101,185,76,80,100,30,134,27,2,97,58,151,175,57,1,117,113,169,142,131,158,54,120,157,136,149,85,55,14,13,86,171,148,83,129,24,9,103,105,69,159,40,116,56,63,50,53,180,178,192,173,35,161,102,110,12,7,107,104,17,183,51,146,140,74,20,126,16,190,10,130,5,62,195,43,127,79,42,141,11,114,64,96,177,119,132,75,137,133,81,153,166,8,33,19,36,22,112,89,46,66,121,155];True
6975;6275;13250;[198,29,90,41,187,60,179,47,26,145,115,152,163,52,197,123,106,194,94,37,124,168,34,108,174,67,167,15,156,21,31,82,172,128,181,68,150,191,138,135,143,160,91,77,186,199,170,122,25,144,164,4,84,59,93,196,189,98,18,39,176,3,154,49,0,95,182,139,65,118,48,73,56,92,147,23,32,38,87,165,193,28,44,125,6,88,70,71,162,45,188,61,184,109,72,78,111,101,185,76,80,100,30,134,27,2,97,58,151,175,57,1,117,113,169,142,131,158,54,120,157,136,149,85,55,14,13,86,171,148,83,129,24,9,103,105,69,159,40,116,99,63,50,53,180,178,192,173,35,161,102,110,12,7,107,104,17,183,51,146,140,74,20,126,16,190,10,130,5,62,195,43,127,79,42,141,11,114,64,96,177,119,132,75,137,133,81,153,166,8,33,19,36,22,112,89,46,66,121,155];True
7052;6274;13326;[198,29,90,41,187,60,179,47,26,145,115,152,163,52,197,123,106,194,94,37,124,168,34,108,174,67,167,15,156,21,31,82,172,128,181,68,150,191,138,135,143,160,91,77,186,199,170,122,25,144,164,4,84,59,93,196,189,98,18,39,176,3,154,49,0,95,182,139,65,118,48,73,99,92,147,23,32,38,87,165,193,28,44,125,6,88,70,71,162,45,188,61,184,109,72,78,111,101,185,76,80,100,30,134,27,2,97,58,151,175,57,1,117,113,169,142,131,158,54,120,157,136,149,85,55,14,13,86,171,148,83,129,24,9,103,105,69,159,40,116,56,63,50,53,180,178,192,173,35,161,102,110,12,7,107,104,17,183,51,146,140,74,20,126,16,190,10,130,5,62,195,43,127,79,42,141,11,114,64,96,177,119,132,75,137,133,81,153,166,8,33,19,36,22,112,89,46,66,121,155];True
7080;6273;13353;[198,29,90,41,187,60,179,47,26,145,115,152,163,52,197,123,106,194,94,37,124,168,34,108,174,67,167,15,156,21,31,82,172,128,181,68,150,191,138,135,143,160,91,77,186,199,170,122,25,144,164,4,84,59,93,196,189,98,18,39,176,35,154,49,0,95,182,139,65,118,48,73,56,92,147,23,32,38,87,165,193,28,44,125,6,88,70,71,162,45,188,61,184,109,72,78,111,101,185,76,80,100,30,134,27,2,97,58,151,175,57,1,117,113,169,142,131,158,54,120,157,136,149,85,55,14,13,86,171,148,83,129,24,9,103,105,69,159,40,116,99,63,50,53,180,178,192,173,3,161,102,110,12,7,107,104,17,183,51,146,140,74,20,126,16,190,10,130,5,62,195,43,127,79,42,141,11,114,64,96,177,119,132,75,137,133,81,153,166,8,33,19,36,22,112,89,46,66,121,155];True
7151;6272;13423;[198,29,90,41,187,60,179,47,26,145,115,152,163,52,197,123,106,194,94,37,124,168,34,108,174,67,167,15,156,21,31,82,172,128,181,68,150,191,138,135,143,160,91,77,186,199,170,122,25,144,164,4,84,59,93,196,189,98,18,39,176,3,154,49,0,95,182,139,65,118,48,73,99,92,147,23,32,38,87,165,193,28,44,125,6,88,70,71,162,45,188,61,184,109,72,78,111,101,185,76,80,100,30,134,27,2,97,58,151,175,57,1,117,113,169,142,131,158,54,120,157,136,149,85,55,14,13,86,171,148,83,129,24,9,103,105,69,159,40,116,56,140,50,53,180,178,192,173,35,161,102,110,12,7,107,104,17,183,51,146,63,74,20,126,16,190,10,130,5,62,195,43,127,79,42,141,11,114,64,96,177,119,132,75,137,133,81,153,166,8,33,19,36,22,112,89,46,66,121,155];True
7256;6270;13526;[198,29,90,41,187,60,179,47,26,145,115,152,163,52,197,123,106,194,94,37,124,168,34,108,174,67,167,15,156,21,31,82,172,128,181,68,150,191,138,135,143,160,91,77,186,199,170,122,25,144,164,4,84,59,93,196,189,98,18,39,176,35,154,49,0,95,182,139,65,118,48,73,99,92,147,23,32,38,87,165,193,28,44,125,6,88,70,71,162,45,188,61,184,109,72,78,111,101,185,76,80,100,30,134,27,2,97,58,151,175,57,1,117,113,169,142,131,158,54,120,157,136,149,85,55,14,13,86,171,148,83,129,24,9,103,105,69,159,40,116,56,140,50,53,180,178,192,173,3,161,102,110,12,7,107,104,17,183,51,146,63,74,20,126,16,190,10,130,5,62,195,43,127,79,42,141,11,114,64,96,177,119,132,75,137,133,81,153,166,8,33,19,36,22,112,89,46,66,121,155];True
7402;6269;13671;[198,29,90,41,187,60,179,47,26,145,115,152,163,52,197,123,106,194,94,37,124,168,34,108,174,67,167,15,156,21,31,82,172,128,181,68,150,191,138,135,143,160,91,77,186,199,170,122,25,144,164,4,84,59,93,196,2,98,18,39,176,35,154,49,0,95,182,139,65,118,48,73,99,92,147,23,32,38,87,165,193,28,44,125,6,88,70,71,162,45,188,61,184,109,72,78,111,101,185,76,80,100,30,134,27,189,97,58,151,175,57,1,117,113,169,142,131,158,54,120,157,136,149,85,55,14,13,86,171,148,83,129,24,9,103,105,69,159,40,116,56,140,50,53,180,178,192,173,3,161,102,110,12,7,107,104,17,183,51,146,63,74,20,126,16,190,10,130,5,62,195,43,127,79,42,141,11,114,64,96,177,119,132,75,137,133,81,153,166,8,33,19,36,22,112,89,46,66,121,155];True
7465;6268;13733;[198,29,90,41,187,60,179,47,26,145,115,152,163,52,197,123,106,194,94,37,124,168,34,108,174,67,167,15,156,21,31,82,172,128,181,68,150,191,138,135,143,160,91,77,186,199,170,122,25,144,164,4,84,59,93,165,189,98,18,39,176,35,154,49,0,95,182,139,65,118,48,73,99,92,147,23,32,38,87,196,193,28,44,125,6,88,70,71,162,45,188,61,184,109,72,78,111,101,185,76,80,100,30,134,27,2,97,58,151,175,57,1,117,113,169,142,131,158,54,120,157,136,149,85,55,14,13,86,171,148,83,129,24,9,103,105,69,159,40,116,56,140,50,53,180,178,192,173,3,161,102,110,12,7,107,104,17,183,51,146,63,74,20,126,16,190,10,130,5,62,195,43,127,79,42,141,11,114,64,96,177,119,132,75,137,133,81,153,166,8,33,19,36,22,112,89,46,66,121,155];True
