utilA;utilB;utilSum;contract;pareto
2008;7300;9308;[180,118,129,162,19,87,121,178,111,132,130,84,77,112,93,147,66,157,103,70,74,188,144,31,142,117,167,61,45,138,41,49,78,128,42,57,197,146,190,126,143,160,91,1,33,124,44,196,36,46,140,92,82,23,189,81,0,85,22,26,176,193,109,20,170,95,38,139,9,4,105,194,34,198,174,184,35,67,32,72,163,25,51,8,16,125,11,113,156,71,165,65,37,94,173,18,131,110,101,59,80,100,30,134,148,195,97,58,151,175,7,191,181,68,123,6,137,158,54,52,119,187,39,107,55,14,13,172,12,89,75,149,15,135,53,183,69,159,164,90,28,155,73,99,106,136,115,152,2,161,102,86,133,76,122,116,104,17,145,56,21,108,192,40,169,182,29,154,60,177,27,43,127,96,171,141,98,114,64,79,179,47,88,5,186,199,83,153,166,24,150,10,185,62,120,3,168,50,48,63];False
1993;7307;9300;[180,118,129,162,19,87,121,178,111,132,130,84,77,112,93,147,66,157,103,105,74,188,144,31,142,117,167,61,45,138,41,49,78,128,42,57,197,170,190,126,143,160,91,1,33,124,44,196,36,46,140,92,82,23,189,81,0,85,22,26,176,193,109,20,146,95,38,139,9,4,70,194,34,198,174,184,35,67,32,72,163,25,51,8,16,125,11,113,156,71,165,65,37,94,173,18,131,110,101,59,80,100,30,134,148,195,97,58,151,175,7,191,181,68,123,6,137,158,54,52,119,187,39,107,55,14,13,172,12,89,75,149,15,135,53,183,69,159,164,90,28,155,73,99,106,136,115,152,2,161,102,86,133,76,122,116,104,17,145,56,21,108,192,40,169,182,29,154,60,177,27,43,127,96,171,141,98,114,64,79,179,47,88,5,186,199,83,153,166,24,150,10,185,62,120,3,168,50,48,63];True
2026;7268;9294;[180,118,129,162,19,87,121,178,111,132,130,84,77,112,93,147,66,157,103,105,74,188,144,31,142,117,167,61,45,138,41,49,78,128,42,57,197,9,190,126,143,160,91,1,33,124,44,196,36,46,140,92,82,23,189,81,0,85,22,26,176,193,109,20,170,95,38,139,146,4,70,194,34,198,174,184,35,67,32,72,163,25,51,8,16,125,11,113,156,71,165,65,37,94,173,18,131,110,101,59,80,100,30,134,148,195,97,58,151,175,7,191,181,68,123,6,137,158,54,52,119,187,39,107,55,14,13,172,12,89,75,149,15,135,53,183,69,159,164,90,28,155,73,99,106,136,115,152,2,161,102,86,133,76,122,116,104,17,145,56,21,108,192,40,169,182,29,154,60,177,27,43,127,96,171,141,98,114,64,79,179,47,88,5,186,199,83,153,166,24,150,10,185,62,120,3,168,50,48,63];False
2002;7291;9293;[180,118,129,162,19,87,121,178,111,132,130,84,77,112,93,147,66,157,103,105,74,188,144,31,142,117,167,61,45,138,41,49,78,128,42,57,197,146,190,126,35,160,91,1,33,124,44,196,36,46,140,92,82,23,189,81,0,85,22,26,176,193,109,20,170,95,38,139,9,4,70,194,34,198,174,184,143,67,32,72,163,25,51,8,16,125,11,113,156,71,165,65,37,94,173,18,131,110,101,59,80,100,30,134,148,195,97,58,151,175,7,191,181,68,123,6,137,158,54,52,119,187,39,107,55,14,13,172,12,89,75,149,15,135,53,183,69,159,164,90,28,155,73,99,106,136,115,152,2,161,102,86,133,76,122,116,104,17,145,56,21,108,192,40,169,182,29,154,60,177,27,43,127,96,171,141,98,114,64,79,179,47,88,5,186,199,83,153,166,24,150,10,185,62,120,3,168,50,48,63];True
1985;7337;9322;[180,118,129,162,19,87,121,178,111,132,130,84,77,112,93,147,66,157,103,105,74,188,144,31,142,117,167,61,45,138,41,49,78,128,42,57,197,146,190,126,143,160,91,1,33,124,44,196,36,46,140,92,82,23,189,81,0,85,22,26,176,193,109,20,170,95,38,139,9,4,70,194,34,198,174,184,35,67,32,72,163,25,51,8,16,125,11,113,156,71,165,65,37,94,173,18,131,149,101,59,80,100,30,134,148,195,97,58,151,175,7,191,181,68,123,6,137,158,54,52,119,187,39,107,55,14,13,172,12,89,75,110,15,135,53,183,69,159,164,90,28,155,73,99,106,136,115,152,2,161,102,86,133,76,122,116,104,17,145,56,21,108,192,40,169,182,29,154,60,177,27,43,127,96,171,141,98,114,64,79,179,47,88,5,186,199,83,153,166,24,150,10,185,62,120,3,168,50,48,63];False
2012;7282;9294;[180,118,129,162,19,87,121,178,127,132,130,84,77,112,93,147,66,157,103,105,74,188,144,31,142,117,167,61,45,138,41,49,78,128,42,57,197,146,190,126,143,160,91,1,33,124,44,196,36,46,140,92,82,23,189,81,0,85,22,26,176,193,109,20,170,95,38,139,9,4,70,194,34,198,174,184,35,67,32,72,163,25,51,8,16,125,11,113,156,71,165,65,37,94,173,18,131,110,101,59,80,100,30,134,148,195,97,58,175,151,7,191,181,68,123,6,137,158,54,52,119,187,39,107,55,14,13,172,12,89,75,149,15,135,53,183,69,159,164,90,28,155,73,99,106,136,115,152,2,161,102,86,133,76,122,116,104,17,145,56,21,108,192,40,169,182,29,154,60,177,27,43,111,96,171,141,98,114,64,79,179,47,88,5,186,199,83,153,166,24,150,10,185,62,120,3,168,50,48,63];True
1994;7306;9300;[180,118,129,162,19,87,121,178,111,132,130,84,77,112,93,147,66,157,103,105,74,188,144,31,142,117,167,61,45,138,41,49,78,128,42,57,197,170,190,126,143,160,91,1,33,124,44,196,36,46,140,92,82,23,189,81,0,85,22,26,176,193,109,20,146,95,38,139,9,4,70,194,34,198,174,184,35,67,32,72,163,25,51,8,16,125,11,113,156,71,165,65,37,94,173,18,131,110,101,59,80,100,30,134,148,195,97,58,175,151,7,191,181,68,123,6,137,158,54,52,119,187,39,107,55,14,13,172,12,89,75,149,15,135,53,183,69,159,164,90,28,155,73,99,106,136,115,152,2,161,102,86,133,76,122,116,104,17,145,56,21,108,192,40,169,182,29,154,60,177,27,43,127,96,171,141,98,114,64,79,179,47,88,5,186,199,83,153,166,24,150,10,185,62,120,3,168,50,48,63];True
2027;7267;9294;[180,118,129,162,19,87,121,178,111,132,130,84,77,112,93,147,66,157,103,105,74,188,144,31,142,117,167,61,45,138,41,49,78,128,42,57,197,9,190,126,143,160,91,1,33,124,44,196,36,46,140,92,82,23,189,81,0,85,22,26,176,193,109,20,170,95,38,139,146,4,70,194,34,198,174,184,35,67,32,72,163,25,51,8,16,125,11,113,156,71,165,65,37,94,173,18,131,110,101,59,80,100,30,134,148,195,97,58,175,151,7,191,181,68,123,6,137,158,54,52,119,187,39,107,55,14,13,172,12,89,75,149,15,135,53,183,69,159,164,90,28,155,73,99,106,136,115,152,2,161,102,86,133,76,122,116,104,17,145,56,21,108,192,40,169,182,29,154,60,177,27,43,127,96,171,141,98,114,64,79,179,47,88,5,186,199,83,153,166,24,150,10,185,62,120,3,168,50,48,63];False
2003;7290;9293;[180,118,129,162,19,87,121,178,111,132,130,84,77,112,93,147,66,157,103,105,74,188,144,31,142,117,167,61,45,138,41,49,78,128,42,57,197,146,190,126,35,160,91,1,33,124,44,196,36,46,140,92,82,23,189,81,0,85,22,26,176,193,109,20,170,95,38,139,9,4,70,194,34,198,174,184,143,67,32,72,163,25,51,8,16,125,11,113,156,71,165,65,37,94,173,18,131,110,101,59,80,100,30,134,148,195,97,58,175,151,7,191,181,68,123,6,137,158,54,52,119,187,39,107,55,14,13,172,12,89,75,149,15,135,53,183,69,159,164,90,28,155,73,99,106,136,115,152,2,161,102,86,133,76,122,116,104,17,145,56,21,108,192,40,169,182,29,154,60,177,27,43,127,96,171,141,98,114,64,79,179,47,88,5,186,199,83,153,166,24,150,10,185,62,120,3,168,50,48,63];True
1986;7336;9322;[180,118,129,162,19,87,121,178,111,132,130,84,77,112,93,147,66,157,103,105,74,188,144,31,142,117,167,61,45,138,41,49,78,128,42,57,197,146,190,126,143,160,91,1,33,124,44,196,36,46,140,92,82,23,189,81,0,85,22,26,176,193,109,20,170,95,38,139,9,4,70,194,34,198,174,184,35,67,32,72,163,25,51,8,16,125,11,113,156,71,165,65,37,94,173,18,131,149,101,59,80,100,30,134,148,195,97,58,175,151,7,191,181,68,123,6,137,158,54,52,119,187,39,107,55,14,13,172,12,89,75,110,15,135,53,183,69,159,164,90,28,155,73,99,106,136,115,152,2,161,102,86,133,76,122,116,104,17,145,56,21,108,192,40,169,182,29,154,60,177,27,43,127,96,171,141,98,114,64,79,179,47,88,5,186,199,83,153,166,24,150,10,185,62,120,3,168,50,48,63];False
1990;7316;9306;[180,118,129,162,22,87,121,178,111,132,130,84,77,112,93,147,66,157,103,105,74,188,144,31,142,117,167,61,45,138,41,49,78,128,42,57,197,170,190,126,143,160,91,1,33,124,44,196,36,46,140,92,82,23,189,81,0,85,19,26,176,193,109,20,146,95,38,139,9,4,70,194,34,198,174,184,35,67,32,72,163,25,51,8,16,125,11,113,156,71,165,65,37,94,173,18,131,110,101,59,80,100,30,134,148,195,97,58,175,151,7,191,181,68,123,6,137,158,54,52,119,187,39,107,55,14,13,172,12,89,75,149,15,135,53,183,69,159,164,90,28,155,73,99,106,136,115,152,2,161,102,86,133,76,122,116,104,17,145,56,21,108,192,40,169,182,29,154,60,177,27,43,127,96,171,141,98,114,64,79,179,47,88,5,186,199,83,153,166,24,150,10,185,62,120,3,168,50,48,63];True
1999;7300;9299;[180,118,129,162,22,87,121,178,111,132,130,84,77,112,93,147,66,157,103,105,74,188,144,31,142,117,167,61,45,138,41,49,78,128,42,57,197,146,190,126,35,160,91,1,33,124,44,196,36,46,140,92,82,23,189,81,0,85,19,26,176,193,109,20,170,95,38,139,9,4,70,194,34,198,174,184,143,67,32,72,163,25,51,8,16,125,11,113,156,71,165,65,37,94,173,18,131,110,101,59,80,100,30,134,148,195,97,58,175,151,7,191,181,68,123,6,137,158,54,52,119,187,39,107,55,14,13,172,12,89,75,149,15,135,53,183,69,159,164,90,28,155,73,99,106,136,115,152,2,161,102,86,133,76,122,116,104,17,145,56,21,108,192,40,169,182,29,154,60,177,27,43,127,96,171,141,98,114,64,79,179,47,88,5,186,199,83,153,166,24,150,10,185,62,120,3,168,50,48,63];True
1989;7317;9306;[180,118,129,162,22,87,121,178,111,132,130,84,77,112,93,147,66,157,103,105,74,188,144,31,142,117,167,61,45,138,41,49,78,128,42,57,197,170,190,126,143,160,91,1,33,124,44,196,36,46,140,92,82,23,189,81,0,85,19,26,176,193,109,20,146,95,38,139,9,4,70,194,34,198,174,184,35,67,32,72,163,25,51,8,16,125,11,113,156,71,165,65,37,94,173,18,131,110,101,59,80,100,30,134,148,195,97,58,151,175,7,191,181,68,123,6,137,158,54,52,119,187,39,107,55,14,13,172,12,89,75,149,15,135,53,183,69,159,164,90,28,155,73,99,106,136,115,152,2,161,102,86,133,76,122,116,104,17,145,56,21,108,192,40,169,182,29,154,60,177,27,43,127,96,171,141,98,114,64,79,179,47,88,5,186,199,83,153,166,24,150,10,185,62,120,3,168,50,48,63];True
1998;7301;9299;[180,118,129,162,22,87,121,178,111,132,130,84,77,112,93,147,66,157,103,105,74,188,144,31,142,117,167,61,45,138,41,49,78,128,42,57,197,146,190,126,35,160,91,1,33,124,44,196,36,46,140,92,82,23,189,81,0,85,19,26,176,193,109,20,170,95,38,139,9,4,70,194,34,198,174,184,143,67,32,72,163,25,51,8,16,125,11,113,156,71,165,65,37,94,173,18,131,110,101,59,80,100,30,134,148,195,97,58,151,175,7,191,181,68,123,6,137,158,54,52,119,187,39,107,55,14,13,172,12,89,75,149,15,135,53,183,69,159,164,90,28,155,73,99,106,136,115,152,2,161,102,86,133,76,122,116,104,17,145,56,21,108,192,40,169,182,29,154,60,177,27,43,127,96,171,141,98,114,64,79,179,47,88,5,186,199,83,153,166,24,150,10,185,62,120,3,168,50,48,63];True
1955;7377;9332;[180,118,129,162,22,87,121,178,111,132,130,84,77,112,93,147,66,157,103,105,74,188,144,31,142,117,167,61,45,138,41,49,78,128,42,57,197,146,190,126,143,160,91,1,33,124,44,196,36,46,140,92,82,23,189,81,0,85,19,26,176,193,109,20,170,95,38,139,175,4,70,194,34,198,174,184,35,67,32,72,163,25,51,8,16,125,11,113,156,71,165,65,37,94,173,18,131,110,101,59,80,100,30,134,148,195,97,58,151,9,7,191,181,68,123,6,137,158,54,52,119,187,39,107,55,14,13,172,12,89,75,149,15,135,53,183,69,159,164,90,28,155,73,99,106,136,115,152,2,161,102,86,133,76,122,116,104,17,145,56,21,108,192,40,169,182,29,154,60,177,27,43,127,96,171,141,98,114,64,79,179,47,88,5,186,199,83,153,166,24,150,10,185,62,120,3,168,50,48,63];False
2045;7260;9305;[50,143,129,162,19,87,121,178,111,132,130,84,77,112,93,147,66,157,103,105,74,188,144,31,142,117,167,61,45,138,41,49,78,128,42,57,197,126,190,9,118,160,91,1,33,124,180,196,36,46,140,92,82,23,189,81,0,85,22,26,176,193,109,20,170,95,38,139,146,4,70,194,34,198,174,184,35,67,32,72,163,25,51,8,16,125,11,113,156,71,165,65,37,94,173,18,131,110,101,59,80,100,30,134,148,195,97,58,175,151,7,191,181,68,123,6,137,158,54,52,119,187,39,107,55,14,13,172,12,89,75,149,15,135,53,183,69,159,164,90,28,155,73,99,106,136,115,152,2,161,102,86,133,76,122,116,104,17,145,56,21,108,192,40,169,182,29,154,60,177,27,43,127,96,171,141,98,114,64,79,179,47,88,5,186,199,83,153,166,24,150,10,185,62,120,3,168,44,48,63];False
2023;7264;9287;[50,143,129,162,19,87,121,178,111,132,130,84,77,112,93,147,66,157,103,105,74,188,144,31,142,117,167,61,45,138,41,49,78,128,42,57,197,1,190,126,118,160,91,9,33,124,180,196,36,46,140,92,82,23,189,81,0,85,22,26,176,193,109,20,170,95,38,139,146,4,70,194,34,198,174,184,35,67,32,72,163,25,51,8,16,125,11,113,156,71,165,65,37,94,173,18,131,110,101,59,80,100,30,134,148,195,97,58,175,151,7,191,181,68,123,6,137,158,54,52,119,187,39,107,55,14,13,172,12,89,75,149,15,135,53,183,69,159,164,90,28,155,73,99,106,136,115,152,2,161,102,86,133,76,122,116,104,17,145,56,21,108,192,40,169,182,29,154,60,177,27,43,127,96,171,141,98,114,64,79,179,47,88,5,186,199,83,153,166,24,150,10,185,62,120,3,168,44,48,63];True
2038;7251;9289;[50,143,129,162,19,87,121,178,111,132,130,84,77,112,93,147,66,157,103,105,74,188,144,31,142,117,167,61,45,138,41,49,78,128,42,57,197,146,190,126,118,160,91,1,33,124,180,196,36,46,140,92,82,23,189,81,0,85,22,26,176,193,109,20,170,95,38,139,9,4,70,194,34,198,174,184,35,67,32,72,163,25,51,8,16,125,11,113,156,71,165,65,37,94,173,18,131,110,101,59,80,100,30,134,148,195,97,58,175,151,7,191,181,68,123,6,137,158,54,52,119,187,39,107,55,14,13,172,12,89,75,149,15,135,53,183,69,159,164,90,28,155,73,99,106,136,115,152,2,161,102,86,133,76,122,116,104,17,145,56,21,108,192,40,169,182,29,154,60,177,27,43,127,96,171,141,98,114,64,79,179,47,88,5,186,199,83,153,166,24,150,10,185,62,120,3,168,44,48,63];True
2073;7225;9298;[50,143,129,162,19,87,121,178,111,132,130,84,77,112,93,147,66,157,103,105,74,188,144,31,142,117,167,61,45,138,41,49,78,128,42,57,197,123,190,126,118,160,91,1,33,124,180,196,36,46,140,92,82,23,189,81,0,85,22,26,176,193,109,20,170,95,38,139,146,4,70,194,34,198,174,184,35,67,32,72,163,25,51,8,16,125,11,113,156,71,165,65,37,94,173,18,131,110,101,59,80,100,30,134,148,195,97,58,175,151,7,191,181,68,9,6,137,158,54,52,119,187,39,107,55,14,13,172,12,89,75,149,15,135,53,183,69,159,164,90,28,155,73,99,106,136,115,152,2,161,102,86,133,76,122,116,104,17,145,56,21,108,192,40,169,182,29,154,60,177,27,43,127,96,171,141,98,114,64,79,179,47,88,5,186,199,83,153,166,24,150,10,185,62,120,3,168,44,48,63];True
2026;7257;9283;[50,143,129,162,19,87,121,178,111,132,130,84,77,112,93,147,66,157,103,105,74,188,144,31,142,117,167,61,45,138,41,49,78,128,42,57,197,119,190,126,118,160,91,1,33,124,180,196,36,46,140,92,82,23,189,81,0,85,22,26,176,193,109,20,170,95,38,139,146,4,70,194,34,198,174,184,35,67,32,72,163,25,51,8,16,125,11,113,156,71,165,65,37,94,173,18,131,110,101,59,80,100,30,134,148,195,97,58,175,151,7,191,181,68,123,6,137,158,54,52,9,187,39,107,55,14,13,172,12,89,75,149,15,135,53,183,69,159,164,90,28,155,73,99,106,136,115,152,2,161,102,86,133,76,122,116,104,17,145,56,21,108,192,40,169,182,29,154,60,177,27,43,127,96,171,141,98,114,64,79,179,47,88,5,186,199,83,153,166,24,150,10,185,62,120,3,168,44,48,63];True
2050;7246;9296;[50,143,129,162,19,87,121,178,111,132,130,84,77,112,93,147,66,157,103,105,74,188,144,31,142,117,167,61,45,138,41,49,78,128,42,57,197,9,190,126,118,160,91,1,33,124,180,196,36,46,140,92,82,23,189,81,0,85,22,26,176,193,109,20,170,95,38,139,146,4,70,194,34,198,174,184,35,67,32,72,163,25,51,8,16,125,11,113,156,71,165,65,37,94,173,18,131,110,101,59,80,100,30,134,148,195,97,58,151,175,7,191,181,68,123,6,137,158,54,52,119,187,39,107,55,14,13,172,12,89,75,149,15,135,53,183,69,159,164,90,28,155,73,99,106,136,115,152,2,161,102,86,133,76,122,116,104,17,145,56,21,108,192,40,169,182,29,154,60,177,27,43,127,96,171,141,98,114,64,79,179,47,88,5,186,199,83,153,166,24,150,10,185,62,120,3,168,44,48,63];True
1945;7374;9319;[71,118,129,162,19,87,121,178,111,132,130,84,77,112,93,147,66,157,103,197,74,188,144,9,142,117,167,61,45,138,41,49,78,128,42,57,136,50,190,126,143,160,91,1,33,124,180,196,36,46,140,92,82,23,189,81,0,85,22,26,176,193,109,20,170,95,38,139,146,4,105,194,31,198,174,184,35,67,32,72,163,25,51,8,16,125,11,113,156,34,165,65,37,94,173,18,131,110,101,59,80,100,30,134,148,195,97,58,175,151,7,191,181,68,123,6,137,158,54,52,119,187,39,107,55,14,13,172,12,89,75,149,15,135,53,183,69,159,164,90,28,155,73,99,106,70,115,152,2,161,102,86,133,76,122,116,104,17,145,56,21,108,192,40,169,182,29,154,60,177,27,43,127,96,171,141,98,114,64,79,179,47,88,5,186,199,83,153,166,24,150,10,185,62,120,3,168,44,48,63];True
1953;7334;9287;[34,4,129,162,19,87,121,178,111,132,130,84,77,112,93,147,66,157,103,197,74,188,144,9,142,117,167,61,45,138,41,49,78,128,42,57,136,50,190,126,143,160,91,1,33,124,180,196,36,46,140,92,82,23,189,81,0,85,22,26,176,193,109,20,170,95,38,139,146,118,105,194,31,198,174,184,35,67,32,72,163,25,51,8,16,125,11,113,156,71,165,65,37,94,173,18,131,110,101,59,80,100,30,134,148,195,97,58,175,151,7,191,181,68,123,6,137,158,54,52,119,187,39,107,55,14,13,172,12,89,75,149,15,135,53,183,69,159,164,90,28,155,73,99,106,70,115,152,2,161,102,86,133,76,122,116,104,17,145,56,21,108,192,40,169,182,29,154,60,177,27,43,127,96,171,141,98,114,64,79,179,47,88,5,186,199,83,153,166,24,150,10,185,62,120,3,168,44,48,63];True
2110;7204;9314;[50,4,121,178,147,9,149,19,172,12,130,84,77,112,93,162,66,157,103,105,74,188,144,31,142,117,167,61,45,138,41,49,78,128,42,57,197,146,118,126,143,160,91,1,33,124,180,196,36,46,140,92,82,23,189,81,0,85,22,26,176,193,109,190,170,95,38,139,65,20,70,194,34,198,174,184,35,67,32,72,163,25,51,8,16,125,11,113,156,71,165,87,37,94,173,18,131,110,101,59,80,100,30,134,148,195,97,58,151,175,7,191,181,68,123,6,137,158,54,52,119,187,39,107,55,14,13,111,132,89,75,129,15,135,53,183,69,159,164,90,28,155,73,99,106,136,115,152,2,161,102,86,133,76,122,116,104,17,145,56,21,108,192,40,169,182,29,154,60,177,27,43,127,96,171,141,98,114,64,79,179,47,88,5,186,199,83,153,166,24,150,10,185,62,120,3,168,44,48,63];False
2108;7213;9321;[50,190,121,178,147,9,149,19,172,12,130,84,77,112,93,118,66,157,103,105,74,188,144,31,142,117,167,61,45,138,41,49,78,128,42,57,197,146,162,126,143,160,91,1,33,124,180,196,36,46,140,92,82,23,189,81,0,85,22,26,176,193,109,20,170,95,38,139,65,4,70,194,34,198,174,184,35,67,32,72,163,25,51,8,16,125,11,113,156,71,165,87,37,94,173,18,131,110,101,59,80,100,30,134,148,195,97,58,151,175,7,191,181,68,123,6,137,158,54,52,119,187,39,107,55,14,13,111,132,89,75,129,15,135,53,183,69,159,164,90,28,155,73,99,106,136,115,152,2,161,102,86,133,76,122,116,104,17,145,56,21,108,192,40,169,182,29,154,60,177,27,43,127,96,171,141,98,114,64,79,179,47,88,5,186,199,83,153,166,24,150,10,185,62,120,3,168,44,48,63];True
1911;7395;9306;[106,118,129,162,19,87,121,178,111,132,130,84,77,112,34,147,66,157,103,197,74,188,144,9,142,117,167,61,45,138,41,49,78,128,42,57,136,50,190,126,143,160,91,1,33,124,180,196,36,46,140,92,82,23,189,81,0,85,22,26,176,193,109,20,170,95,38,139,146,4,105,194,31,198,174,184,35,67,32,72,163,25,51,8,16,125,11,113,156,71,165,65,37,94,173,18,131,110,101,59,80,100,30,134,148,195,97,58,175,151,7,191,181,68,123,6,137,158,54,52,119,187,39,107,55,14,13,172,12,89,75,149,15,135,53,183,69,159,164,90,28,155,73,99,93,70,115,152,2,161,102,86,133,76,122,116,104,17,145,56,21,108,192,40,169,182,29,154,60,177,27,43,127,96,171,141,98,114,64,79,179,47,88,5,186,199,83,153,166,24,150,10,185,62,120,3,168,44,48,63];True
2131;7193;9324;[50,4,121,178,147,9,149,19,172,12,130,84,77,112,93,118,66,157,103,105,74,188,144,31,142,117,167,61,45,138,41,49,78,128,42,57,197,146,162,126,143,160,91,1,33,124,180,196,36,46,140,92,82,23,189,81,0,85,22,26,176,193,109,190,170,95,38,139,65,20,70,194,34,198,174,184,35,67,32,72,163,25,51,8,16,125,11,113,156,71,165,87,37,94,173,18,131,110,101,59,80,100,30,134,148,195,97,58,151,175,7,191,181,68,123,6,137,158,54,52,119,187,39,107,55,14,13,111,132,89,75,129,15,135,53,183,69,159,164,90,28,155,73,99,106,136,115,152,2,161,102,86,133,76,122,116,104,17,145,56,21,108,192,40,169,182,29,154,60,177,27,43,127,96,171,141,98,114,64,79,179,47,88,5,186,199,83,153,166,24,150,10,185,62,120,3,168,44,48,63];True
1940;7392;9332;[9,118,129,162,22,87,121,178,111,132,130,84,77,112,93,147,66,157,103,197,74,188,144,31,142,117,167,61,45,138,41,49,78,128,42,57,136,50,190,126,143,160,91,1,33,124,180,196,36,46,140,92,82,23,189,81,0,85,19,26,176,193,109,20,170,95,38,139,146,4,105,194,34,198,174,184,35,67,32,72,163,25,51,8,16,125,11,113,156,71,165,65,37,94,173,18,131,110,101,59,80,100,30,134,148,195,97,58,175,151,7,191,181,68,123,6,137,158,54,52,119,187,39,107,55,14,13,172,12,89,75,149,15,135,53,183,69,159,164,90,28,155,73,99,106,70,115,152,2,161,102,86,133,76,122,116,104,17,145,56,21,108,192,40,169,182,29,154,60,177,27,43,127,96,171,141,98,114,64,79,179,47,88,5,186,199,83,153,166,24,150,10,185,62,120,3,168,44,48,63];True
1942;7391;9333;[9,118,129,162,19,87,121,178,127,132,130,84,77,112,93,147,66,157,103,197,74,188,144,31,142,117,167,61,45,138,41,49,78,128,42,57,136,50,190,126,143,160,91,1,33,124,180,196,36,46,140,92,82,23,189,81,0,85,22,26,176,193,109,20,170,95,38,139,146,4,105,194,34,198,174,184,35,67,32,72,163,25,51,8,16,125,11,113,156,71,165,65,37,94,173,18,131,110,101,59,80,100,30,134,148,195,97,58,175,151,7,191,181,68,123,6,137,158,54,52,119,187,39,107,55,14,13,172,12,89,75,149,15,135,53,183,69,159,164,90,28,155,73,99,106,70,115,152,2,161,102,86,133,76,122,116,104,17,145,56,21,108,192,40,169,182,29,154,60,177,27,43,111,96,171,141,98,114,64,79,179,47,88,5,186,199,83,153,166,24,150,10,185,62,120,3,168,44,48,63];True
1951;7360;9311;[9,118,129,162,19,87,121,178,111,132,130,84,77,112,93,147,66,157,103,197,74,188,144,31,142,117,167,61,45,138,41,49,78,128,42,57,191,50,190,126,143,160,91,1,33,124,180,196,36,46,140,92,82,23,189,81,0,85,22,26,176,193,109,20,170,95,38,139,146,4,105,194,34,198,174,184,35,67,32,72,163,25,51,8,16,125,11,113,156,71,165,65,37,94,173,18,131,110,101,59,80,100,30,134,148,195,97,58,175,151,7,136,181,68,123,6,137,158,54,52,119,187,39,107,55,14,13,172,12,89,75,149,15,135,53,183,69,159,164,90,28,155,73,99,106,70,115,152,2,161,102,86,133,76,122,116,104,17,145,56,21,108,192,40,169,182,29,154,60,177,27,43,127,96,171,141,98,114,64,79,179,47,88,5,186,199,83,153,166,24,150,10,185,62,120,3,168,44,48,63];True
1943;7383;9326;[9,118,129,162,19,87,121,178,111,132,130,84,77,112,93,147,66,157,103,197,74,188,144,31,142,117,167,61,45,138,41,49,78,128,42,57,136,50,190,126,143,160,91,1,33,124,180,196,36,46,140,92,82,23,189,81,0,85,22,26,176,193,109,20,170,95,38,139,146,4,105,194,34,198,174,184,35,67,32,72,163,25,51,8,16,125,11,113,156,71,165,65,37,94,173,18,131,110,101,59,80,100,30,134,148,195,97,58,151,175,7,191,181,68,123,6,137,158,54,52,119,187,39,107,55,14,13,172,12,89,75,149,15,135,53,183,69,159,164,90,28,155,73,99,106,70,115,152,2,161,102,86,133,76,122,116,104,17,145,56,21,108,192,40,169,182,29,154,60,177,27,43,127,96,171,141,98,114,64,79,179,47,88,5,186,199,83,153,166,24,150,10,185,62,120,3,168,44,48,63];True
2148;7189;9337;[50,190,121,162,109,9,178,19,172,12,130,84,77,112,93,147,66,157,103,105,74,188,144,31,142,117,167,61,45,138,41,49,78,128,42,57,197,146,118,126,143,160,91,1,33,124,180,196,36,46,140,92,82,23,189,81,0,85,22,26,176,193,20,149,170,95,38,139,65,4,70,194,34,198,174,184,35,67,32,72,163,25,51,8,16,125,11,113,156,71,165,87,37,94,173,18,131,110,101,59,80,100,30,134,148,195,97,58,175,151,7,191,181,68,123,6,137,158,54,52,119,187,39,107,55,14,13,111,132,89,75,129,15,135,53,183,69,159,164,90,28,155,73,99,106,136,115,152,2,161,102,86,133,76,122,116,104,17,145,56,21,108,192,40,169,182,29,154,60,177,27,43,127,96,171,141,98,114,64,79,179,47,88,5,186,199,83,153,166,24,150,10,185,62,120,3,168,44,48,63];True
2128;7201;9329;[50,190,121,162,109,9,149,19,172,12,130,84,77,112,93,147,66,157,103,105,74,188,144,31,142,117,167,61,45,138,41,49,78,128,42,57,197,146,118,126,143,160,91,1,33,124,180,196,36,46,140,92,82,23,189,81,0,85,22,26,176,193,20,178,170,95,38,139,65,4,70,194,34,198,174,184,35,67,32,72,163,25,51,8,16,125,11,113,156,71,165,87,37,94,173,18,131,110,101,59,80,100,30,134,148,195,97,58,151,175,7,191,181,68,123,6,137,158,54,52,119,187,39,107,55,14,13,111,132,89,75,129,15,135,53,183,69,159,164,90,28,155,73,99,106,136,115,152,2,161,102,86,133,76,122,116,104,17,145,56,21,108,192,40,169,182,29,154,60,177,27,43,127,96,171,141,98,114,64,79,179,47,88,5,186,199,83,153,166,24,150,10,185,62,120,3,168,44,48,63];False
2221;7163;9384;[50,4,121,162,147,9,149,19,172,12,130,84,77,112,93,178,66,157,103,105,74,188,144,31,142,117,167,61,45,138,41,49,78,128,42,57,197,146,118,126,143,160,91,1,33,124,180,196,36,46,140,92,82,67,189,81,0,85,22,26,176,193,109,190,170,95,38,139,65,20,70,194,34,198,174,184,35,23,32,72,163,25,51,8,16,125,11,113,156,71,165,87,37,94,173,18,131,110,101,59,80,100,30,134,148,195,97,58,175,151,7,191,181,68,123,6,137,158,54,52,119,187,39,107,55,14,13,111,132,89,75,129,15,135,53,183,69,159,164,90,28,155,73,99,106,136,115,152,2,161,102,86,133,76,122,116,104,17,145,56,21,108,192,40,169,182,29,154,60,177,27,43,127,96,171,141,98,114,64,79,179,47,88,5,186,199,83,153,166,24,150,10,185,62,120,3,168,44,48,63];False
2163;7180;9343;[50,4,121,162,147,9,149,19,172,12,130,84,77,112,93,178,66,157,103,105,74,188,144,31,142,117,167,61,45,138,41,49,78,128,42,57,197,146,118,126,143,160,91,1,33,124,180,196,36,46,140,92,82,23,189,81,0,85,22,26,176,193,109,190,170,95,38,139,65,20,70,194,34,198,174,184,35,67,32,72,163,25,51,8,16,125,11,113,156,71,165,87,37,94,173,18,131,110,101,59,80,100,30,134,148,195,97,58,151,175,7,191,181,68,123,6,137,158,54,52,119,187,39,107,55,14,13,111,132,89,75,129,15,135,53,183,69,159,164,90,28,155,73,99,106,136,115,152,2,161,102,86,133,76,122,116,104,17,145,56,21,108,192,40,169,182,29,154,60,177,27,43,127,96,171,141,98,114,64,79,179,47,88,5,186,199,83,153,166,24,150,10,185,62,120,3,168,44,48,63];True
2204;7175;9379;[50,4,121,162,147,9,149,19,172,12,130,84,77,112,93,178,66,157,103,105,74,188,144,31,142,117,167,61,45,138,41,49,78,128,42,57,197,146,118,126,143,160,91,1,33,124,180,196,36,46,140,92,82,23,189,81,0,85,22,26,176,193,109,190,170,95,38,139,65,20,70,194,34,198,174,184,35,67,32,72,163,25,51,8,16,125,11,113,156,71,165,87,37,94,173,18,131,110,101,59,80,100,30,134,148,195,97,58,175,151,7,191,181,68,123,6,137,158,54,52,119,102,39,107,55,14,13,111,132,89,75,129,15,135,53,183,69,159,164,90,28,155,73,99,106,136,115,152,2,161,187,86,133,76,122,116,104,17,145,56,21,108,192,40,169,182,29,154,60,177,27,43,127,96,171,141,98,114,64,79,179,47,88,5,186,199,83,153,166,24,150,10,185,62,120,3,168,44,48,63];True
2110;7197;9307;[50,4,121,178,9,118,149,19,172,12,130,84,77,112,93,147,66,157,103,105,74,188,144,31,142,117,167,61,45,138,41,49,78,128,42,57,197,146,162,126,143,160,91,1,33,124,180,196,36,46,140,92,82,23,189,81,0,85,22,26,176,193,109,190,170,95,38,139,65,20,70,194,34,198,174,184,35,67,32,72,163,25,51,8,16,125,11,113,156,71,165,87,37,94,173,18,131,110,101,59,80,100,30,134,148,195,97,58,175,151,7,191,181,68,123,6,137,158,54,52,119,187,39,107,55,14,13,111,132,89,75,129,15,135,53,183,69,159,164,90,28,155,73,99,106,136,115,152,2,161,102,86,133,76,122,116,104,17,145,56,21,108,192,40,169,182,29,154,60,177,27,43,127,96,171,141,98,114,64,79,179,47,88,5,186,199,83,153,166,24,150,10,185,62,120,3,168,44,48,63];True
2159;7187;9346;[50,4,121,178,9,147,149,19,172,12,130,84,77,112,93,118,66,157,103,105,74,188,144,31,142,117,167,61,45,138,41,49,78,128,42,57,197,146,162,126,143,160,91,1,33,124,180,196,36,46,140,92,82,23,189,81,0,85,22,26,176,193,109,190,170,95,38,139,65,20,70,194,34,198,174,184,35,67,32,72,163,25,51,8,16,125,11,113,156,71,165,87,37,94,173,18,131,110,101,59,80,100,30,134,148,195,97,58,151,175,7,191,181,68,123,6,137,158,54,52,119,187,39,107,55,14,13,111,132,89,75,129,15,135,53,183,69,159,164,90,28,155,73,99,106,136,115,152,2,161,102,86,133,76,122,116,104,17,145,56,21,108,192,40,169,182,29,154,60,177,27,43,127,96,171,141,98,114,64,79,179,47,88,5,186,199,83,153,166,24,150,10,185,62,120,3,168,44,48,63];True
1903;7451;9354;[90,172,12,22,26,178,147,3,2,130,84,117,77,112,106,24,66,157,103,105,74,188,93,118,10,110,167,61,45,138,41,49,78,128,42,57,37,121,162,126,143,160,91,1,33,124,94,196,36,182,140,92,82,23,189,81,87,85,104,20,146,193,136,144,170,95,38,139,19,46,51,149,34,194,180,123,176,67,32,72,163,25,70,65,16,190,11,113,156,71,165,184,31,8,173,18,131,0,101,59,80,100,30,134,148,195,97,137,175,151,7,191,181,68,198,142,58,158,54,52,119,187,39,107,55,14,13,111,132,89,75,4,15,135,53,183,69,159,164,9,28,155,73,99,109,50,115,152,35,161,102,86,133,76,122,116,44,125,145,56,21,108,192,40,169,129,29,154,60,177,27,43,127,96,171,141,98,114,64,79,179,47,88,5,186,199,83,153,166,174,150,6,185,62,120,197,168,17,48,63];False
1889;7490;9379;[90,172,12,22,26,178,147,3,2,130,84,117,77,112,106,24,66,157,103,105,74,188,93,118,10,110,167,61,45,138,41,49,78,128,42,57,37,121,162,126,143,160,91,1,33,124,94,196,36,182,140,92,82,23,189,81,87,85,104,46,146,193,136,144,170,166,38,139,19,20,51,149,34,194,180,123,176,67,32,72,163,25,70,65,16,190,11,113,156,71,165,184,31,8,173,18,131,0,101,59,80,100,30,134,148,195,97,137,175,151,7,191,181,68,198,142,58,158,54,52,119,187,39,107,55,14,13,111,132,89,75,4,15,135,53,183,69,159,164,9,28,155,73,99,109,50,115,152,35,161,102,86,133,76,122,116,44,125,145,56,21,108,192,40,169,129,29,154,60,177,27,43,127,96,171,141,98,114,64,79,179,47,88,5,186,199,83,153,95,174,150,6,185,62,120,197,168,17,48,63];False
1881;7486;9367;[90,172,12,22,26,178,147,3,2,130,84,117,77,112,106,24,66,157,103,105,74,188,93,118,10,110,167,61,45,138,41,49,78,128,42,57,37,121,162,126,143,160,91,1,33,124,94,196,36,182,140,92,82,23,189,81,87,85,104,46,146,193,136,144,170,95,38,139,19,20,51,149,34,194,180,123,176,67,32,72,163,25,70,65,16,190,125,113,156,71,165,184,31,8,173,18,131,0,101,59,80,100,30,134,148,195,97,137,175,151,7,191,181,68,198,142,58,158,54,52,119,187,39,107,55,14,13,111,132,89,75,4,15,135,53,183,69,159,164,9,28,155,73,99,109,50,115,152,35,161,102,86,133,76,122,116,44,11,145,56,21,108,192,40,169,129,29,154,60,177,27,43,127,96,171,141,98,114,64,79,179,47,88,5,186,199,83,153,166,174,150,6,185,62,120,197,168,17,48,63];False
1872;7470;9342;[90,172,12,22,26,178,147,3,2,130,84,117,77,112,106,24,66,157,103,105,74,188,93,118,10,110,167,61,45,138,41,49,78,128,42,57,37,121,162,126,143,160,91,1,33,124,94,196,36,182,140,92,82,23,189,81,87,85,104,46,146,193,136,144,170,95,38,139,19,20,51,149,34,194,180,123,176,67,32,72,163,25,70,65,16,190,11,113,156,71,165,184,31,8,173,18,131,0,101,59,80,100,30,134,148,195,97,137,175,151,7,191,181,68,198,142,58,158,54,52,29,187,39,107,55,14,13,111,132,89,75,4,15,135,53,183,69,159,164,9,28,155,73,99,109,50,115,152,35,161,102,86,133,76,122,116,44,125,145,56,21,108,192,40,169,129,119,154,60,177,27,43,127,96,171,141,98,114,64,79,179,47,88,5,186,199,83,153,166,174,150,6,185,62,120,197,168,17,48,63];True
1904;7429;9333;[90,172,12,22,26,178,147,3,2,130,84,117,77,112,106,24,66,157,103,105,74,188,93,118,10,110,167,61,45,138,41,49,78,128,42,57,37,121,162,126,143,160,91,1,33,124,94,196,36,182,140,92,82,23,189,81,87,85,104,46,146,193,136,144,170,95,38,139,19,20,51,149,34,194,180,123,176,67,32,72,163,25,70,65,16,190,11,113,156,71,165,184,31,8,173,18,131,0,101,59,80,100,30,134,148,195,97,137,175,151,7,191,181,68,198,142,58,158,54,52,119,187,39,107,55,14,13,111,132,89,75,129,15,135,53,183,69,159,164,9,28,155,73,99,109,50,115,152,35,161,102,86,133,76,122,116,44,125,145,56,21,108,192,40,169,4,29,154,60,177,27,43,127,96,171,141,98,114,64,79,179,47,88,5,186,199,83,153,166,174,150,6,185,62,120,197,168,17,48,63];True
1868;7510;9378;[13,172,12,22,26,178,147,3,2,130,84,117,77,112,106,24,66,157,103,105,74,188,93,118,10,0,101,61,45,138,41,49,78,128,42,57,37,121,162,126,143,160,91,1,33,124,94,196,36,182,140,92,82,23,189,81,87,85,104,46,146,193,136,144,170,95,38,139,19,20,51,149,34,194,180,123,176,67,32,72,163,25,70,65,16,190,11,113,156,71,165,184,31,8,173,18,131,110,167,59,80,100,30,134,148,195,97,137,175,151,7,191,181,68,198,142,58,158,54,52,119,187,39,107,55,14,90,111,132,89,75,4,15,135,53,183,69,159,164,9,28,155,73,99,109,50,115,152,35,161,102,86,133,76,122,116,44,125,145,56,21,108,192,40,169,129,29,154,60,177,27,43,127,96,171,141,98,114,64,79,179,47,88,5,186,199,83,153,166,174,150,6,185,62,120,197,168,17,48,63];True
1871;7479;9350;[13,172,12,22,26,178,147,3,2,130,84,117,77,112,106,24,66,157,103,105,74,188,93,118,10,0,167,61,45,138,41,49,78,128,42,57,37,121,162,126,143,160,91,1,33,14,94,196,36,182,140,92,82,23,189,81,87,85,104,46,146,193,136,144,170,95,38,139,19,20,51,149,34,194,180,123,176,67,32,72,163,25,70,65,16,190,11,113,156,71,165,184,31,8,173,18,131,110,101,59,80,100,30,134,148,195,97,137,175,151,7,191,181,68,198,142,58,158,54,52,119,187,39,107,55,124,90,111,132,89,75,4,15,135,53,183,69,159,164,9,28,155,73,99,109,50,115,152,35,161,102,86,133,76,122,116,44,125,145,56,21,108,192,40,169,129,29,154,60,177,27,43,127,96,171,141,98,114,64,79,179,47,88,5,186,199,83,153,166,174,150,6,185,62,120,197,168,17,48,63];False
1900;7455;9355;[13,172,12,22,26,178,147,3,2,130,84,117,77,112,106,24,66,157,103,105,74,188,93,118,10,0,167,61,45,138,41,49,78,128,42,57,37,121,162,126,143,160,91,1,33,124,94,196,36,182,140,92,82,23,189,81,87,85,104,20,146,193,136,144,170,95,38,139,19,46,51,149,34,194,180,123,176,67,32,72,163,25,70,65,16,190,11,113,156,71,165,184,31,8,173,18,131,110,101,59,80,100,30,134,148,195,97,137,175,151,7,191,181,68,198,142,58,158,54,52,119,187,39,107,55,14,90,111,132,89,75,4,15,135,53,183,69,159,164,9,28,155,73,99,109,50,115,152,35,161,102,86,133,76,122,116,44,125,145,56,21,108,192,40,169,129,29,154,60,177,27,43,127,96,171,141,98,114,64,79,179,47,88,5,186,199,83,153,166,174,150,6,185,62,120,197,168,17,48,63];True
1869;7474;9343;[13,172,12,22,26,178,147,3,2,130,84,117,77,112,106,24,66,157,103,105,74,188,93,118,10,0,167,61,45,138,41,49,78,128,42,57,37,121,162,126,143,160,91,1,33,124,94,196,36,182,140,92,82,23,189,81,87,85,104,46,146,193,136,144,170,95,38,139,19,20,51,149,34,194,180,123,176,67,32,72,163,25,70,65,16,190,11,113,156,71,165,184,31,8,173,18,131,110,101,59,80,100,30,134,148,195,97,137,175,151,7,191,181,68,198,142,58,158,54,52,29,187,39,107,55,14,90,111,132,89,75,4,15,135,53,183,69,159,164,9,28,155,73,99,109,50,115,152,35,161,102,86,133,76,122,116,44,125,145,56,21,108,192,40,169,129,119,154,60,177,27,43,127,96,171,141,98,114,64,79,179,47,88,5,186,199,83,153,166,174,150,6,185,62,120,197,168,17,48,63];True
1901;7433;9334;[13,172,12,22,26,178,147,3,2,130,84,117,77,112,106,24,66,157,103,105,74,188,93,118,10,0,167,61,45,138,41,49,78,128,42,57,37,121,162,126,143,160,91,1,33,124,94,196,36,182,140,92,82,23,189,81,87,85,104,46,146,193,136,144,170,95,38,139,19,20,51,149,34,194,180,123,176,67,32,72,163,25,70,65,16,190,11,113,156,71,165,184,31,8,173,18,131,110,101,59,80,100,30,134,148,195,97,137,175,151,7,191,181,68,198,142,58,158,54,52,119,187,39,107,55,14,90,111,132,89,75,129,15,135,53,183,69,159,164,9,28,155,73,99,109,50,115,152,35,161,102,86,133,76,122,116,44,125,145,56,21,108,192,40,169,4,29,154,60,177,27,43,127,96,171,141,98,114,64,79,179,47,88,5,186,199,83,153,166,174,150,6,185,62,120,197,168,17,48,63];True
2164;7177;9341;[50,4,121,162,147,9,149,19,172,12,130,84,77,112,93,184,66,157,103,105,74,188,144,31,142,117,167,61,45,138,41,49,78,128,42,57,197,146,118,126,143,160,91,1,33,124,180,196,36,46,140,92,82,23,189,81,0,85,22,26,176,193,109,190,170,95,38,139,65,20,70,194,34,198,174,178,2,67,32,72,163,25,51,8,16,125,11,113,156,71,165,87,37,94,173,18,131,110,101,59,80,100,30,134,148,195,97,58,175,151,7,191,181,68,123,6,137,158,54,52,119,187,39,107,55,14,13,111,132,89,75,129,15,135,53,183,69,159,164,90,28,155,73,99,106,136,115,152,35,161,102,86,133,76,122,116,104,17,145,56,21,108,192,40,169,182,29,154,60,177,27,43,127,96,171,141,98,114,64,79,179,47,88,5,186,199,83,153,166,24,150,10,185,62,120,3,168,44,48,63];True
1798;7596;9394;[104,172,12,22,81,93,147,3,2,130,132,117,77,112,193,24,66,157,103,105,74,188,144,118,10,0,167,61,45,138,41,88,78,128,42,57,37,121,162,126,143,160,91,1,33,124,94,196,36,46,140,92,82,23,189,49,87,106,136,26,146,159,9,178,170,95,38,139,19,20,51,149,34,194,180,123,176,67,32,72,163,25,70,65,16,125,11,113,156,71,165,184,31,8,173,18,131,110,101,59,80,100,30,134,148,195,97,137,175,151,7,191,181,68,198,142,58,158,54,52,29,187,39,107,85,14,13,111,84,89,75,4,15,135,53,183,69,190,164,90,28,155,73,99,109,50,115,152,35,161,102,86,133,76,122,116,17,55,145,56,21,108,192,40,169,129,119,154,60,177,27,43,127,96,171,141,98,114,64,79,179,47,182,5,186,199,83,153,166,174,150,6,185,62,120,197,168,44,48,63];False
1786;7650;9436;[104,172,12,22,81,93,147,3,2,130,84,117,77,112,193,24,66,137,103,105,74,188,144,118,10,0,167,61,45,138,41,88,78,128,42,57,37,121,162,126,143,160,91,1,33,124,94,196,36,46,140,92,82,23,189,49,87,106,136,26,146,159,9,178,170,95,38,139,19,20,51,149,34,194,180,123,176,67,32,72,163,25,70,65,16,125,11,113,156,71,165,184,31,8,173,18,131,110,101,59,80,100,30,134,148,195,97,157,175,151,7,191,181,68,198,142,58,158,54,52,29,187,39,107,85,14,13,111,132,89,75,4,15,135,53,183,69,190,164,90,28,155,73,99,109,50,115,152,35,161,102,86,133,76,122,116,17,55,145,56,21,108,192,40,169,129,119,154,60,177,27,43,127,96,171,141,98,114,64,79,179,47,182,5,186,199,83,153,166,174,150,6,185,62,120,197,168,44,48,63];False
1793;7612;9405;[104,172,12,22,81,93,147,3,2,130,84,117,77,112,193,24,66,157,103,105,74,164,144,118,10,0,167,61,45,138,41,88,78,128,42,57,37,121,162,126,143,160,91,1,33,124,94,196,36,46,140,92,82,23,189,49,87,106,136,26,146,159,9,178,170,95,38,139,19,20,51,149,34,194,180,123,176,67,32,72,163,25,70,65,16,125,11,113,156,71,165,184,31,8,173,18,131,110,101,59,80,100,30,134,148,195,97,137,175,151,7,191,181,68,198,142,58,158,54,52,29,187,39,107,85,14,13,111,132,89,75,4,15,135,53,183,69,190,188,90,28,155,73,99,109,50,115,152,35,161,102,86,133,76,122,116,17,55,145,56,21,108,192,40,169,129,119,154,60,177,27,43,127,96,171,141,98,114,64,79,179,47,182,5,186,199,83,153,166,174,150,6,185,62,120,197,168,44,48,63];False
1784;7609;9393;[104,172,12,22,81,93,147,3,2,130,84,117,77,112,193,24,66,157,103,105,74,188,144,118,10,110,167,61,45,138,41,88,78,128,42,57,37,121,162,126,143,160,91,1,33,124,94,196,36,46,140,92,82,23,189,49,87,106,136,26,146,159,9,178,170,95,38,139,19,20,51,149,34,194,180,123,176,67,32,72,163,25,70,65,16,125,11,113,156,71,165,184,31,8,173,18,131,0,101,59,80,100,30,134,148,195,97,137,175,151,7,191,181,68,198,142,58,158,54,52,29,187,39,107,85,14,13,111,132,89,75,4,15,135,53,183,69,190,164,90,28,155,73,99,109,50,115,152,35,161,102,86,133,76,122,116,17,55,145,56,21,108,192,40,169,129,119,154,60,177,27,43,127,96,171,141,98,114,64,79,179,47,182,5,186,199,83,153,166,174,150,6,185,62,120,197,168,44,48,63];False
1776;7620;9396;[104,172,12,22,81,93,147,3,2,130,84,117,77,112,193,24,66,157,103,105,74,188,144,118,10,0,101,61,45,138,41,88,78,128,42,57,37,121,162,126,143,160,91,1,33,124,94,196,36,46,140,92,82,23,189,49,87,106,136,26,146,159,9,178,170,95,38,139,19,20,51,149,34,194,180,123,176,67,32,72,163,25,70,65,16,125,11,113,156,71,165,184,31,8,173,18,131,110,167,59,80,100,30,134,148,195,97,137,175,151,7,191,181,68,198,142,58,158,54,52,29,187,39,107,85,14,13,111,132,89,75,4,15,135,53,183,69,190,164,90,28,155,73,99,109,50,115,152,35,161,102,86,133,76,122,116,17,55,145,56,21,108,192,40,169,129,119,154,60,177,27,43,127,96,171,141,98,114,64,79,179,47,182,5,186,199,83,153,166,174,150,6,185,62,120,197,168,44,48,63];True
1810;7567;9377;[104,172,12,22,81,93,147,3,2,130,84,117,77,112,193,24,66,157,103,105,74,188,144,118,10,0,167,61,45,138,41,182,78,128,42,57,37,121,162,126,143,160,91,1,33,124,94,196,36,46,140,92,82,23,189,49,87,106,136,26,146,159,9,178,170,95,38,139,19,20,51,149,34,194,180,123,176,67,32,72,163,25,70,65,16,125,11,113,156,71,165,184,31,8,173,18,131,110,101,59,80,100,30,134,148,195,97,137,175,151,7,191,181,68,198,142,58,158,54,52,29,187,39,107,85,14,13,111,132,89,75,4,15,135,53,183,69,190,164,90,28,155,73,99,109,50,115,152,35,161,102,86,133,76,122,116,17,55,145,56,21,108,192,40,169,129,119,154,60,177,27,43,127,96,171,141,98,114,64,79,179,47,88,5,186,199,83,153,166,174,150,6,185,62,120,197,168,44,48,63];False
1845;7554;9399;[104,172,12,22,81,93,147,3,2,130,84,117,77,112,193,24,66,157,103,105,74,188,144,118,10,0,167,61,45,138,41,88,78,128,42,57,37,121,162,126,143,160,91,1,33,124,94,196,36,46,140,92,82,23,189,49,170,106,136,26,146,159,9,178,87,95,38,139,19,20,51,149,34,194,180,123,176,67,32,72,163,25,70,65,16,125,11,113,156,71,165,184,31,8,173,18,131,110,101,59,80,100,30,134,148,195,97,137,175,151,7,191,181,68,198,142,58,158,54,52,29,187,39,107,85,14,13,111,132,89,75,4,15,135,53,183,69,190,164,90,28,155,73,99,109,50,115,152,35,161,102,86,133,76,122,116,17,55,145,56,21,108,192,40,169,129,119,154,60,177,27,43,127,96,171,141,98,114,64,79,179,47,182,5,186,199,83,153,166,174,150,6,185,62,120,197,168,44,48,63];False
1806;7564;9370;[104,172,12,22,81,93,147,3,2,130,84,117,77,112,193,24,66,157,103,105,74,188,144,118,10,0,167,61,45,138,41,88,78,128,42,57,37,121,162,126,143,160,91,1,33,124,94,196,36,46,140,92,82,23,189,49,87,106,136,26,146,190,9,178,170,95,38,139,19,20,51,149,34,194,180,123,176,67,32,72,163,25,70,65,16,125,11,113,156,71,165,184,31,8,173,18,131,110,101,59,80,100,30,134,148,195,97,137,175,151,7,191,181,68,198,142,58,158,54,52,29,187,39,107,85,14,13,111,132,89,75,4,15,135,53,183,69,159,164,90,28,155,73,99,109,50,115,152,35,161,102,86,133,76,122,116,17,55,145,56,21,108,192,40,169,129,119,154,60,177,27,43,127,96,171,141,98,114,64,79,179,47,182,5,186,199,83,153,166,174,150,6,185,62,120,197,168,44,48,63];True
1781;7591;9372;[104,172,12,22,81,93,147,3,2,130,84,117,77,112,193,24,66,157,103,105,74,188,144,118,10,0,167,61,45,138,41,88,78,128,42,57,37,121,162,126,143,160,91,1,33,124,94,196,36,46,140,92,82,23,189,49,87,106,136,26,146,159,9,190,170,95,38,139,19,20,51,149,34,194,180,123,176,67,32,72,163,25,70,65,16,125,11,113,156,71,165,184,31,8,173,18,131,110,101,59,80,100,30,134,148,195,97,137,175,151,7,191,181,68,198,142,58,158,54,52,29,187,39,107,85,14,13,111,132,89,75,4,15,135,53,183,69,178,164,90,28,155,73,99,109,50,115,152,35,161,102,86,133,76,122,116,17,55,145,56,21,108,192,40,169,129,119,154,60,177,27,43,127,96,171,141,98,114,64,79,179,47,182,5,186,199,83,153,166,174,150,6,185,62,120,197,168,44,48,63];True
1767;7649;9416;[104,172,12,22,81,93,147,3,2,130,84,117,77,112,193,24,66,157,103,105,74,188,144,118,10,0,167,61,45,138,41,88,78,128,42,57,37,121,162,126,143,160,91,1,33,124,94,196,36,46,140,92,82,23,189,49,87,106,136,26,146,159,9,178,170,95,38,139,19,20,51,149,34,194,180,123,176,67,32,72,163,25,70,65,16,125,11,113,156,71,127,184,31,8,173,18,131,110,101,59,80,100,30,134,148,195,97,137,175,151,7,191,181,68,198,142,58,158,54,52,29,187,39,107,85,14,13,111,132,89,75,4,15,135,53,183,69,190,164,90,28,155,73,99,109,50,115,152,35,161,102,86,133,76,122,116,17,55,145,56,21,108,192,40,169,129,119,154,60,177,27,43,165,96,171,141,98,114,64,79,179,47,182,5,186,199,83,153,166,174,150,6,185,62,120,197,168,44,48,63];True
1760;7661;9421;[104,172,12,22,81,93,147,3,2,130,84,117,77,112,193,24,66,157,103,105,74,188,144,118,10,0,167,61,45,138,41,88,78,128,42,57,37,121,162,126,143,160,91,1,33,124,94,196,36,46,140,92,82,23,189,49,87,106,136,26,146,159,9,178,170,95,38,139,19,20,51,149,34,194,180,123,176,67,32,72,163,25,70,65,16,125,11,113,156,71,165,184,101,8,173,18,131,110,31,59,80,100,30,134,148,195,97,137,175,151,7,191,181,68,198,142,58,158,54,52,29,187,39,107,85,14,13,111,132,89,75,4,15,135,53,183,69,190,164,90,28,155,73,99,109,50,115,152,35,161,102,86,133,76,122,116,17,55,145,56,21,108,192,40,169,129,119,154,60,177,27,43,127,96,171,141,98,114,64,79,179,47,182,5,186,199,83,153,166,174,150,6,185,62,120,197,168,44,48,63];True
1798;7587;9385;[104,172,12,22,81,93,147,3,2,130,84,117,77,112,193,24,66,157,103,105,74,188,144,118,10,0,167,61,45,138,41,88,78,128,42,57,37,121,162,126,143,160,91,1,33,124,94,196,36,46,140,92,82,23,189,49,87,106,136,26,146,159,9,178,170,95,38,139,19,20,51,149,34,194,180,123,176,67,32,72,163,25,70,65,16,125,11,113,156,71,165,184,31,8,173,18,131,110,101,59,80,100,30,134,148,195,97,137,175,151,7,191,181,68,198,142,58,158,54,52,29,187,39,107,85,14,13,111,132,89,75,4,15,135,53,183,69,190,164,90,28,155,73,99,109,50,115,152,35,161,102,86,133,76,122,116,17,55,145,56,21,108,192,40,169,129,119,154,60,179,27,43,127,96,171,141,98,114,64,79,177,47,182,5,186,199,83,153,166,174,150,6,185,62,120,197,168,44,48,63];True
1805;7566;9371;[104,172,12,22,81,93,147,3,2,130,84,117,77,112,193,24,66,157,103,105,74,188,144,118,10,0,167,61,45,138,41,88,78,128,42,57,37,121,162,126,143,160,91,1,33,124,94,196,36,46,140,92,82,23,189,49,87,106,136,26,146,159,9,178,170,95,38,139,19,20,51,149,34,194,180,123,176,67,32,72,163,25,70,65,16,125,11,113,156,71,165,184,31,8,173,18,131,110,101,59,80,100,30,134,148,195,97,137,175,151,7,191,181,68,198,142,58,158,54,52,29,187,39,107,85,14,13,111,132,89,75,4,15,135,53,183,69,190,164,90,28,155,73,99,109,50,115,152,35,161,102,86,133,76,122,116,17,55,145,56,21,108,192,40,169,129,119,154,60,177,27,43,127,96,171,141,98,114,64,79,179,47,182,83,186,199,5,153,166,174,150,6,185,62,120,197,168,44,48,63];True
1863;7520;9383;[37,172,12,22,81,93,147,3,2,130,84,117,77,112,193,24,66,157,103,105,74,188,144,118,10,0,167,61,45,138,41,88,104,128,42,57,87,121,162,126,143,160,91,1,33,124,94,196,36,46,140,92,82,23,189,49,178,106,136,26,146,190,9,78,170,95,38,139,19,20,51,149,34,194,180,123,176,67,32,72,163,25,70,65,16,125,11,113,156,71,165,184,8,31,173,18,131,110,101,59,80,100,30,134,148,195,97,137,175,151,7,191,181,68,198,142,58,158,54,52,29,187,39,107,85,14,13,111,132,89,75,4,15,135,53,183,69,159,164,90,28,155,73,99,109,50,115,152,35,161,102,86,133,76,122,116,17,55,145,56,21,108,192,40,169,129,119,154,60,177,27,43,127,96,171,141,98,114,64,79,179,47,182,5,186,199,83,153,166,174,150,6,185,62,120,197,168,44,48,63];False
1856;7518;9374;[37,172,12,22,81,93,147,3,2,130,84,117,77,112,193,24,66,157,103,105,74,188,144,118,10,0,167,61,45,138,41,88,104,128,42,57,87,121,162,126,143,160,91,1,33,124,94,196,36,46,140,92,82,23,189,49,178,106,136,26,146,190,9,78,170,95,38,139,19,20,51,149,34,194,180,123,176,67,32,72,163,25,70,65,16,125,11,113,156,71,165,184,31,8,173,18,131,110,101,59,80,100,30,134,148,195,97,137,175,151,7,191,181,68,198,142,58,158,54,52,29,187,39,107,85,14,13,111,132,89,75,4,15,135,53,183,69,159,164,90,28,155,73,99,109,50,115,152,35,161,102,86,133,76,122,116,17,55,145,56,21,108,192,40,169,129,119,154,60,177,27,43,127,96,171,141,98,114,64,79,179,47,182,83,186,199,5,153,166,174,150,6,185,62,120,197,168,44,48,63];True
2211;7171;9382;[50,4,28,162,147,9,149,19,172,12,130,84,77,112,93,178,66,157,103,105,74,188,144,31,142,117,167,61,45,138,41,49,78,128,42,57,197,146,118,126,143,160,91,1,33,124,180,196,36,46,140,92,82,23,189,81,0,85,22,26,176,193,109,190,170,95,38,139,65,20,70,194,34,198,174,184,35,67,32,72,163,25,51,8,16,125,11,113,156,71,165,87,37,94,173,18,131,110,101,59,80,100,30,134,148,195,97,58,151,175,7,191,181,68,123,6,137,158,54,52,119,187,39,107,55,14,13,111,132,89,75,129,15,135,53,183,69,159,164,90,121,155,73,99,106,136,115,152,2,161,102,86,133,76,122,116,104,17,145,56,21,108,192,40,169,182,29,154,60,177,27,43,127,96,171,141,98,114,64,79,179,47,88,5,186,199,83,153,166,24,150,10,185,62,120,3,168,44,48,63];True
1831;7546;9377;[78,172,12,22,81,93,147,3,2,130,84,117,77,112,193,24,66,157,103,105,74,188,144,118,10,0,167,61,45,138,41,88,104,128,42,57,37,121,162,126,143,160,91,1,33,124,94,196,36,46,140,92,82,23,189,49,87,106,136,26,146,190,9,178,170,95,38,139,19,20,51,149,34,194,180,123,176,67,32,72,163,25,70,65,16,125,11,113,156,71,165,184,31,8,173,18,131,110,101,59,80,100,30,134,148,195,97,137,175,151,7,191,181,68,198,142,58,158,54,52,29,187,39,107,85,14,13,111,132,89,75,4,15,135,53,183,69,159,164,90,28,155,73,99,109,50,115,152,35,161,102,86,133,76,122,116,17,55,145,56,21,108,192,40,169,129,119,154,60,177,27,43,127,96,171,141,98,114,64,79,179,47,182,5,186,199,83,153,166,174,150,6,185,62,120,197,168,44,48,63];True
1830;7548;9378;[78,172,12,22,81,93,147,3,2,130,84,117,77,112,193,24,66,157,103,105,74,188,144,118,10,0,167,61,45,138,41,88,104,128,42,57,37,121,162,126,143,160,91,1,33,124,94,196,36,46,140,92,82,23,189,49,87,106,136,26,146,159,9,178,170,95,38,139,19,20,51,149,34,194,180,123,176,67,32,72,163,25,70,65,16,125,11,113,156,71,165,184,31,8,173,18,131,110,101,59,80,100,30,134,148,195,97,137,175,151,7,191,181,68,198,142,58,158,54,52,29,187,39,107,85,14,13,111,132,89,75,4,15,135,53,183,69,190,164,90,28,155,73,99,109,50,115,152,35,161,102,86,133,76,122,116,17,55,145,56,21,108,192,40,169,129,119,154,60,177,27,43,127,96,171,141,98,114,64,79,179,47,182,83,186,199,5,153,166,174,150,6,185,62,120,197,168,44,48,63];True
1851;7529;9380;[37,172,12,22,81,93,147,3,2,130,84,117,77,112,193,24,66,157,103,105,74,188,144,118,10,0,167,61,45,138,41,88,104,128,42,57,87,121,162,126,143,160,91,1,33,124,94,196,36,46,140,92,82,23,189,49,178,106,136,26,146,159,9,78,170,95,38,139,19,20,51,149,34,194,180,123,176,67,32,72,163,25,70,65,16,125,11,113,156,71,165,184,31,8,173,18,131,110,101,59,80,100,30,134,148,195,97,137,175,151,7,191,181,68,198,142,58,158,54,52,29,187,39,107,85,14,13,111,132,89,75,4,15,135,53,183,69,190,164,90,28,155,73,99,109,50,115,152,35,161,102,86,133,76,122,116,17,55,145,56,21,108,192,40,169,129,119,154,60,177,27,43,127,96,171,141,98,114,64,79,179,47,182,83,186,199,5,153,166,174,150,6,185,62,120,197,168,44,48,63];True
2247;7146;9393;[50,4,121,162,147,6,129,19,172,12,130,84,77,112,93,184,66,157,103,105,74,188,144,31,142,117,167,61,45,138,41,49,78,128,42,57,197,146,118,126,143,160,91,1,33,124,180,196,36,46,140,92,82,23,189,81,0,85,22,26,176,193,109,190,170,95,38,139,65,20,70,194,34,198,174,178,9,67,32,2,163,25,51,8,16,125,11,113,156,71,165,87,37,94,173,18,131,110,101,59,80,100,30,134,148,195,97,58,175,151,7,191,181,68,123,72,137,158,54,52,119,187,39,107,55,14,13,111,132,89,75,149,15,135,53,183,69,159,164,90,28,155,73,99,106,136,115,152,35,161,102,86,133,76,122,116,104,17,145,56,21,108,192,40,169,182,29,154,60,177,27,43,127,96,171,141,98,114,64,79,179,47,88,5,186,199,83,153,166,24,150,10,185,62,120,3,168,44,48,63];True
2213;7169;9382;[50,4,121,162,147,6,129,19,172,12,130,84,77,112,93,184,66,157,103,105,74,188,144,31,142,117,167,61,45,138,41,49,78,128,42,57,197,146,118,126,143,160,91,1,33,124,180,196,36,46,140,92,82,23,189,81,0,85,22,26,176,193,109,190,170,95,38,139,65,20,70,194,34,198,174,178,2,32,67,9,163,25,51,8,16,125,11,113,156,71,165,87,37,94,173,18,131,110,101,59,80,100,30,134,148,195,97,58,175,151,7,191,181,68,123,72,137,158,54,52,119,187,39,107,55,14,13,111,132,89,75,149,15,135,53,183,69,159,164,90,28,155,73,99,106,136,115,152,35,161,102,86,133,76,122,116,104,17,145,56,21,108,192,40,169,182,29,154,60,177,27,43,127,96,171,141,98,114,64,79,179,47,88,5,186,199,83,153,166,24,150,10,185,62,120,3,168,44,48,63];True
2237;7153;9390;[50,4,121,162,147,6,129,19,172,12,130,84,77,112,93,184,66,157,103,105,74,188,144,31,142,117,167,61,45,138,41,49,78,128,42,57,197,146,118,126,143,160,91,1,33,124,180,196,36,46,140,92,82,23,189,81,0,85,22,26,176,193,109,190,170,95,38,139,65,20,70,194,34,198,174,178,2,67,32,9,163,25,51,8,16,125,11,113,156,71,165,87,37,94,173,18,131,110,101,59,80,100,30,134,148,195,97,58,151,175,7,191,181,68,123,72,137,158,54,52,119,187,39,107,55,14,13,111,132,89,75,149,15,135,53,183,69,159,164,90,28,155,73,99,106,136,115,152,35,161,102,86,133,76,122,116,104,17,145,56,21,108,192,40,169,182,29,154,60,177,27,43,127,96,171,141,98,114,64,79,179,47,88,5,186,199,83,153,166,24,150,10,185,62,120,3,168,44,48,63];False
2371;7116;9487;[50,4,121,162,147,6,129,70,172,12,130,84,77,112,93,184,66,157,103,105,74,188,168,31,142,117,167,61,45,138,41,49,78,128,42,57,197,146,118,126,143,160,91,1,33,124,180,196,36,46,140,92,82,23,189,81,0,85,22,26,176,193,109,190,170,95,38,139,65,20,178,194,34,198,174,19,2,67,32,9,163,25,51,8,16,125,11,113,156,71,165,87,37,94,173,18,131,110,101,59,80,100,30,134,148,195,97,58,175,151,7,191,181,68,123,72,137,158,54,52,119,187,39,107,55,14,13,111,132,89,75,149,15,135,53,183,69,159,164,90,28,155,73,99,106,136,115,152,35,161,102,86,133,76,122,116,104,17,145,56,21,108,192,40,169,182,29,154,60,177,27,43,127,96,171,141,98,114,64,79,179,47,88,5,186,199,83,153,166,24,150,10,185,62,120,3,144,44,48,63];False
2231;7148;9379;[50,4,121,162,147,6,129,70,172,12,130,84,77,112,93,184,66,157,103,105,74,188,144,31,142,117,167,61,45,138,41,49,78,128,42,57,197,146,118,126,143,160,91,1,33,124,180,196,36,46,140,92,82,23,189,2,0,85,22,26,176,193,109,190,170,95,38,139,65,20,178,194,34,198,174,19,81,67,32,9,163,25,51,8,16,125,11,113,156,71,165,87,37,94,173,18,131,110,101,59,80,100,30,134,148,195,97,58,175,151,7,191,181,68,123,72,137,158,54,52,119,187,39,107,55,14,13,111,132,89,75,149,15,135,53,183,69,159,164,90,28,155,73,99,106,136,115,152,35,161,102,86,133,76,122,116,104,17,145,56,21,108,192,40,169,182,29,154,60,177,27,43,127,96,171,141,98,114,64,79,179,47,88,5,186,199,83,153,166,24,150,10,185,62,120,3,168,44,48,63];True
2338;7118;9456;[50,4,121,162,147,6,129,70,172,12,130,84,77,112,93,184,66,157,103,105,74,188,144,31,142,117,167,61,45,138,41,49,78,128,42,57,197,146,118,126,143,160,91,1,33,124,180,196,36,46,140,92,82,23,189,81,0,85,22,26,176,193,109,190,170,95,38,139,65,20,178,145,34,198,174,19,2,67,32,9,163,25,51,8,16,125,11,113,156,71,165,87,37,94,173,18,131,110,101,59,80,100,30,134,148,195,97,58,175,151,7,191,181,68,123,72,137,158,54,52,119,187,39,107,55,14,13,111,132,89,75,149,15,135,53,183,69,159,164,90,28,155,73,99,106,136,115,152,35,161,102,86,133,76,122,116,104,17,194,56,21,108,192,40,169,182,29,154,60,177,27,43,127,96,171,141,98,114,64,79,179,47,88,5,186,199,83,153,166,24,150,10,185,62,120,3,168,44,48,63];False
2230;7159;9389;[50,4,121,162,147,6,129,70,172,12,130,84,77,112,93,184,66,157,103,105,74,188,144,31,142,117,167,61,45,138,41,49,78,128,42,57,197,146,118,126,143,160,91,1,33,124,180,196,36,46,140,92,82,23,189,81,0,85,22,26,176,193,109,190,170,95,38,139,65,20,178,194,34,198,174,19,2,32,67,9,163,25,51,8,16,125,11,113,156,71,165,87,37,94,173,18,131,110,101,59,80,100,30,134,148,195,97,58,175,151,7,191,181,68,123,72,137,158,54,52,119,187,39,107,55,14,13,111,132,89,75,149,15,135,53,183,69,159,164,90,28,155,73,99,106,136,115,152,35,161,102,86,133,76,122,116,104,17,145,56,21,108,192,40,169,182,29,154,60,177,27,43,127,96,171,141,98,114,64,79,179,47,88,5,186,199,83,153,166,24,150,10,185,62,120,3,168,44,48,63];True
2268;7140;9408;[50,4,121,162,147,6,129,70,172,12,130,84,77,112,93,184,66,157,103,105,74,188,144,31,142,117,167,61,45,138,41,49,78,128,42,57,197,146,118,126,143,160,91,1,33,124,180,196,36,46,140,92,82,23,189,81,0,85,22,26,176,193,109,190,170,95,38,139,65,20,178,194,34,198,174,19,2,67,32,9,163,25,51,8,16,125,11,113,156,71,165,87,37,94,173,18,137,110,101,59,80,100,30,134,148,195,97,58,175,151,7,191,181,68,123,72,131,158,54,52,119,187,39,107,55,14,13,111,132,89,75,149,15,135,53,183,69,159,164,90,28,155,73,99,106,136,115,152,35,161,102,86,133,76,122,116,104,17,145,56,21,108,192,40,169,182,29,154,60,177,27,43,127,96,171,141,98,114,64,79,179,47,88,5,186,199,83,153,166,24,150,10,185,62,120,3,168,44,48,63];True
2254;7143;9397;[50,4,121,162,147,6,129,70,172,12,130,84,77,112,93,184,66,157,103,105,74,188,144,31,142,117,167,61,45,138,41,49,78,128,42,57,197,146,118,126,143,160,91,1,33,124,180,196,36,46,140,92,82,23,189,81,0,85,22,26,176,193,109,190,170,95,38,139,65,20,178,194,34,198,174,19,2,67,32,9,163,25,51,8,16,125,11,113,156,71,165,87,37,94,173,18,131,110,101,59,80,100,30,134,148,195,97,58,151,175,7,191,181,68,123,72,137,158,54,52,119,187,39,107,55,14,13,111,132,89,75,149,15,135,53,183,69,159,164,90,28,155,73,99,106,136,115,152,35,161,102,86,133,76,122,116,104,17,145,56,21,108,192,40,169,182,29,154,60,177,27,43,127,96,171,141,98,114,64,79,179,47,88,5,186,199,83,153,166,24,150,10,185,62,120,3,168,44,48,63];True
2322;7121;9443;[50,21,174,178,9,37,94,118,172,12,130,117,77,112,93,184,66,157,103,105,74,188,144,31,19,2,167,61,45,138,41,49,78,128,42,57,3,121,162,126,143,160,91,1,33,124,147,196,36,46,140,92,82,23,189,81,0,85,22,26,176,193,109,190,170,95,38,139,65,20,51,149,34,198,146,4,84,67,32,72,163,25,70,142,16,125,11,113,156,71,165,87,194,8,173,18,131,110,101,59,80,100,30,134,148,195,97,58,175,151,7,191,181,68,123,6,137,158,54,52,119,187,39,107,55,14,13,111,132,89,75,129,15,135,53,183,69,159,164,90,28,155,73,99,106,136,115,152,35,161,102,86,133,76,122,116,104,17,145,56,180,108,192,40,169,182,29,154,60,177,27,43,127,96,171,141,98,114,64,79,179,47,88,5,186,199,83,153,166,24,150,10,185,62,120,197,168,44,48,63];False
2313;7128;9441;[50,21,174,178,9,37,94,118,172,12,130,117,77,112,93,184,66,157,103,105,74,188,144,31,6,2,167,61,45,138,41,49,78,128,42,57,3,121,162,126,143,160,91,1,33,124,147,196,36,46,140,92,82,23,189,81,0,85,22,26,176,193,109,190,170,95,38,139,65,20,51,149,34,198,146,4,84,67,32,72,163,25,70,19,16,125,11,113,156,71,165,87,194,8,173,18,131,110,101,59,80,100,30,134,148,195,97,58,175,151,7,191,181,68,123,142,137,158,54,52,119,187,39,107,55,14,13,111,132,89,75,129,15,135,53,183,69,159,164,90,28,155,73,99,106,136,115,152,35,161,102,86,133,76,122,116,104,17,145,56,180,108,192,40,169,182,29,154,60,177,27,43,127,96,171,141,98,114,64,79,179,47,88,5,186,199,83,153,166,24,150,10,185,62,120,197,168,44,48,63];True
2315;7114;9429;[50,21,174,178,9,37,94,118,172,12,130,117,77,112,93,184,66,157,103,105,74,188,144,31,142,2,167,61,45,138,41,49,78,128,42,57,3,121,162,126,143,160,91,1,33,124,147,196,36,46,140,92,82,23,189,81,0,85,22,26,176,193,109,190,170,95,38,139,65,20,51,149,34,198,146,4,84,67,32,72,163,25,70,19,145,125,11,113,156,71,165,87,194,8,173,18,131,110,101,59,80,100,30,134,148,195,97,58,175,151,7,191,181,68,123,6,137,158,54,52,119,187,39,107,55,14,13,111,132,89,75,129,15,135,53,183,69,159,164,90,28,155,73,99,106,136,115,152,35,161,102,86,133,76,122,116,104,17,16,56,180,108,192,40,169,182,29,154,60,177,27,43,127,96,171,141,98,114,64,79,179,47,88,5,186,199,83,153,166,24,150,10,185,62,120,197,168,44,48,63];True
2377;7110;9487;[50,21,174,178,9,37,94,118,172,12,130,117,77,112,93,184,66,157,103,105,74,188,144,31,142,2,167,61,45,138,41,49,78,128,42,57,3,121,162,126,143,160,91,1,33,124,147,196,36,46,140,92,82,23,189,81,0,85,22,26,176,193,109,190,170,95,38,139,65,20,51,149,34,198,146,4,84,67,32,72,163,25,70,19,16,125,11,113,156,71,165,87,145,8,173,18,131,110,101,59,80,100,30,134,148,195,97,58,175,151,7,191,181,68,123,6,137,158,54,52,119,187,39,107,55,14,13,111,132,89,75,129,15,135,53,183,69,159,164,90,28,155,73,99,106,136,115,152,35,161,102,86,133,76,122,116,104,17,194,56,180,108,192,40,169,182,29,154,60,177,27,43,127,96,171,141,98,114,64,79,179,47,88,5,186,199,83,153,166,24,150,10,185,62,120,197,168,44,48,63];False
2278;7137;9415;[50,21,174,178,9,37,94,118,172,12,130,117,77,112,93,184,66,157,103,105,74,188,144,31,142,2,167,61,45,138,41,49,78,128,42,57,3,121,162,126,143,160,91,1,33,124,147,196,36,46,140,92,82,23,189,81,0,85,22,26,176,193,109,190,170,95,38,139,65,20,51,149,34,198,146,4,84,67,32,72,163,25,70,19,16,125,11,113,156,71,165,87,194,8,173,18,131,110,101,59,80,100,30,134,148,195,97,58,151,175,7,191,181,68,123,6,137,158,54,52,119,187,39,107,55,14,13,111,132,89,75,129,15,135,53,183,69,159,164,90,28,155,73,99,106,136,115,152,35,161,102,86,133,76,122,116,104,17,145,56,180,108,192,40,169,182,29,154,60,177,27,43,127,96,171,141,98,114,64,79,179,47,88,5,186,199,83,153,166,24,150,10,185,62,120,197,168,44,48,63];True
1759;7681;9440;[50,172,12,22,26,178,120,3,2,130,84,117,77,112,31,29,66,157,103,105,74,188,144,118,147,0,101,61,45,138,167,180,78,128,42,57,37,121,162,126,143,160,91,1,33,124,94,196,52,182,140,92,82,23,189,81,87,85,104,20,146,193,109,93,170,166,38,139,19,194,51,149,9,127,175,123,176,67,32,72,137,25,70,65,16,190,11,113,156,71,165,184,125,8,173,18,131,110,41,59,80,100,30,134,148,195,97,58,6,43,7,191,181,68,198,142,163,158,54,36,119,187,39,107,55,14,13,197,132,89,75,4,15,135,53,183,69,159,164,90,28,155,73,99,106,136,115,152,35,161,102,86,133,76,122,116,49,46,145,56,34,108,192,40,169,129,24,154,60,177,27,151,111,96,171,141,98,114,64,79,179,47,88,5,186,199,83,153,95,174,150,10,185,62,44,21,168,17,48,63];False
1751;7692;9443;[50,172,12,22,26,178,120,3,2,130,84,117,77,112,31,29,66,157,103,105,74,188,144,118,147,0,101,61,45,138,167,180,78,128,42,57,37,121,162,126,143,160,91,1,33,124,94,196,52,182,140,92,82,23,189,81,87,85,104,20,146,193,109,93,170,95,38,139,19,194,51,149,9,127,175,123,176,67,32,72,137,25,136,65,16,190,11,113,156,71,165,184,125,8,173,18,131,110,41,59,80,100,30,134,148,195,97,58,6,43,7,191,181,68,198,142,163,158,54,36,119,187,39,107,55,14,13,197,132,89,75,4,15,135,53,183,69,159,164,90,28,155,73,99,106,70,115,152,35,161,102,86,133,76,122,116,49,46,145,56,34,108,192,40,169,129,24,154,60,177,27,151,111,96,171,141,98,114,64,79,179,47,88,5,186,199,83,153,166,174,150,10,185,62,44,21,168,17,48,63];True
1775;7648;9423;[50,172,12,22,26,178,120,3,2,130,84,117,77,112,31,29,66,157,103,105,74,188,144,118,147,0,101,61,45,138,167,180,78,128,42,57,37,121,162,126,143,160,91,1,33,124,94,196,52,182,140,92,82,23,189,81,87,85,104,20,146,193,109,93,170,95,38,139,19,194,51,149,9,127,175,123,176,67,32,72,137,25,116,65,16,190,11,113,156,71,165,184,125,8,173,18,131,110,41,59,80,100,30,134,148,195,97,58,6,43,7,191,181,68,198,142,163,158,54,36,119,187,39,107,55,14,13,197,132,89,75,4,15,135,53,183,69,159,164,90,28,155,73,99,106,136,115,152,35,161,102,86,133,76,122,70,49,46,145,56,34,108,192,40,169,129,24,154,60,177,27,151,111,96,171,141,98,114,64,79,179,47,88,5,186,199,83,153,166,174,150,10,185,62,44,21,168,17,48,63];False
2330;7110;9440;[50,21,174,178,9,37,94,118,172,12,130,117,77,112,93,184,66,157,103,105,74,188,144,31,142,195,167,61,45,138,41,49,78,128,42,57,3,121,162,126,143,160,91,1,33,124,147,196,36,46,140,92,82,23,189,81,0,85,22,26,176,193,109,190,170,95,38,139,65,20,51,149,34,198,146,4,84,67,32,72,163,25,70,19,145,125,11,113,156,71,165,87,194,8,173,18,131,110,101,59,80,100,30,134,148,2,97,58,175,151,7,191,181,68,123,6,137,158,54,52,119,187,39,107,55,14,13,111,132,89,75,129,15,135,53,183,69,159,164,90,28,155,73,99,106,136,115,152,35,161,102,86,133,76,122,116,104,17,16,56,180,108,192,40,169,182,29,154,60,177,27,43,127,96,171,141,98,114,64,79,179,47,88,5,186,199,83,153,166,24,150,10,185,62,120,197,168,44,48,63];True
2392;7106;9498;[50,21,174,178,9,37,94,118,172,12,130,117,77,112,93,184,66,157,103,105,74,188,144,31,142,195,167,61,45,138,41,49,78,128,42,57,3,121,162,126,143,160,91,1,33,124,147,196,36,46,140,92,82,23,189,81,0,85,22,26,176,193,109,190,170,95,38,139,65,20,51,149,34,198,146,4,84,67,32,72,163,25,70,19,16,125,11,113,156,71,165,87,145,8,173,18,131,110,101,59,80,100,30,134,148,2,97,58,175,151,7,191,181,68,123,6,137,158,54,52,119,187,39,107,55,14,13,111,132,89,75,129,15,135,53,183,69,159,164,90,28,155,73,99,106,136,115,152,35,161,102,86,133,76,122,116,104,17,194,56,180,108,192,40,169,182,29,154,60,177,27,43,127,96,171,141,98,114,64,79,179,47,88,5,186,199,83,153,166,24,150,10,185,62,120,197,168,44,48,63];False
2293;7133;9426;[50,21,174,178,9,37,94,118,172,12,130,117,77,112,93,184,66,157,103,105,74,188,144,31,142,195,167,61,45,138,41,49,78,128,42,57,3,121,162,126,143,160,91,1,33,124,147,196,36,46,140,92,82,23,189,81,0,85,22,26,176,193,109,190,170,95,38,139,65,20,51,149,34,198,146,4,84,67,32,72,163,25,70,19,16,125,11,113,156,71,165,87,194,8,173,18,131,110,101,59,80,100,30,134,148,2,97,58,151,175,7,191,181,68,123,6,137,158,54,52,119,187,39,107,55,14,13,111,132,89,75,129,15,135,53,183,69,159,164,90,28,155,73,99,106,136,115,152,35,161,102,86,133,76,122,116,104,17,145,56,180,108,192,40,169,182,29,154,60,177,27,43,127,96,171,141,98,114,64,79,179,47,88,5,186,199,83,153,166,24,150,10,185,62,120,197,168,44,48,63];True
2216;7160;9376;[50,146,180,178,9,37,94,118,172,12,130,117,77,112,93,184,66,157,103,105,74,188,144,31,142,2,167,61,45,138,41,49,78,128,42,57,3,121,162,126,143,160,91,1,33,124,147,196,36,46,140,92,82,23,189,81,0,85,22,26,176,193,109,190,170,95,38,139,65,20,51,149,34,198,174,182,84,67,32,72,163,25,70,19,16,125,11,113,156,71,165,87,194,8,173,18,131,110,101,59,80,100,30,134,148,195,97,58,175,151,7,191,181,68,123,6,137,158,54,52,119,187,39,107,55,14,13,111,132,89,75,129,15,135,53,183,69,159,164,90,28,155,73,99,106,136,115,152,35,161,102,86,133,76,122,116,104,17,145,56,21,108,192,40,169,4,29,154,60,177,27,43,127,96,171,141,98,114,64,79,179,47,88,5,186,199,83,153,166,24,150,10,185,62,120,197,168,44,48,63];True
2336;7107;9443;[50,146,180,178,9,37,94,118,172,12,130,117,77,112,93,184,66,157,103,105,74,188,144,31,142,2,167,61,45,138,41,49,78,128,42,57,3,121,162,126,143,160,91,1,33,124,147,196,36,46,140,92,82,23,189,81,0,85,22,26,176,193,109,190,170,95,38,139,65,20,51,149,34,198,174,4,84,67,32,72,163,25,70,19,145,125,11,113,156,71,165,87,194,8,173,18,131,110,101,59,80,100,30,134,148,195,97,58,175,151,7,191,181,68,123,6,137,158,54,52,119,187,39,107,55,14,13,111,132,89,75,129,15,135,53,183,69,159,164,90,28,155,73,99,106,136,115,152,35,161,102,86,133,76,122,116,104,17,16,56,21,108,192,40,169,182,29,154,60,177,27,43,127,96,171,141,98,114,64,79,179,47,88,5,186,199,83,153,166,24,150,10,185,62,120,197,168,44,48,63];True
2398;7103;9501;[50,146,180,178,9,37,94,118,172,12,130,117,77,112,93,184,66,157,103,105,74,188,144,31,142,2,167,61,45,138,41,49,78,128,42,57,3,121,162,126,143,160,91,1,33,124,147,196,36,46,140,92,82,23,189,81,0,85,22,26,176,193,109,190,170,95,38,139,65,20,51,149,34,198,174,4,84,67,32,72,163,25,70,19,16,125,11,113,156,71,165,87,145,8,173,18,131,110,101,59,80,100,30,134,148,195,97,58,175,151,7,191,181,68,123,6,137,158,54,52,119,187,39,107,55,14,13,111,132,89,75,129,15,135,53,183,69,159,164,90,28,155,73,99,106,136,115,152,35,161,102,86,133,76,122,116,104,17,194,56,21,108,192,40,169,182,29,154,60,177,27,43,127,96,171,141,98,114,64,79,179,47,88,5,186,199,83,153,166,24,150,10,185,62,120,197,168,44,48,63];False
2299;7130;9429;[50,146,180,178,9,37,94,118,172,12,130,117,77,112,93,184,66,157,103,105,74,188,144,31,142,2,167,61,45,138,41,49,78,128,42,57,3,121,162,126,143,160,91,1,33,124,147,196,36,46,140,92,82,23,189,81,0,85,22,26,176,193,109,190,170,95,38,139,65,20,51,149,34,198,174,4,84,67,32,72,163,25,70,19,16,125,11,113,156,71,165,87,194,8,173,18,131,110,101,59,80,100,30,134,148,195,97,58,151,175,7,191,181,68,123,6,137,158,54,52,119,187,39,107,55,14,13,111,132,89,75,129,15,135,53,183,69,159,164,90,28,155,73,99,106,136,115,152,35,161,102,86,133,76,122,116,104,17,145,56,21,108,192,40,169,182,29,154,60,177,27,43,127,96,171,141,98,114,64,79,179,47,88,5,186,199,83,153,166,24,150,10,185,62,120,197,168,44,48,63];True
1775;7644;9419;[34,180,12,22,26,178,120,3,2,130,84,117,77,112,31,29,66,157,103,105,74,188,144,118,147,0,101,61,45,138,167,172,78,128,42,57,37,121,162,126,143,160,91,1,33,124,94,196,36,182,140,92,82,23,189,81,87,85,104,20,146,193,109,93,170,95,38,139,19,194,51,149,9,127,175,123,176,67,32,72,137,25,70,65,16,190,11,113,156,71,165,184,125,8,173,18,131,110,41,59,80,100,30,134,148,195,97,58,6,43,7,191,181,68,198,142,163,158,54,52,119,187,39,107,55,14,13,197,132,89,75,4,15,135,53,183,69,159,164,90,28,155,73,99,106,136,115,152,35,161,102,86,133,76,122,116,49,46,145,56,21,108,192,40,169,129,24,154,60,177,27,151,111,96,171,141,98,114,64,79,179,47,88,5,186,199,83,153,166,174,150,10,185,62,44,50,168,17,48,63];True
1759;7679;9438;[180,172,12,22,26,176,120,3,2,130,84,117,77,112,31,29,66,157,103,105,74,188,93,164,147,0,101,61,45,55,126,185,78,128,42,57,37,121,162,146,118,10,91,1,33,124,94,196,36,182,140,92,82,23,189,81,87,85,104,20,167,193,136,144,62,95,38,139,19,194,51,149,34,127,175,123,90,67,32,72,137,25,170,65,16,190,11,113,156,71,165,184,125,8,173,18,131,110,41,59,80,100,30,134,148,195,97,58,6,43,7,191,181,68,198,142,163,158,54,52,119,187,39,107,138,178,13,197,132,89,75,4,15,135,53,183,69,159,9,14,28,155,73,99,106,70,115,152,35,161,102,86,133,76,122,116,49,46,145,56,21,108,192,40,169,129,24,154,60,177,27,151,111,96,171,141,98,114,64,79,179,47,88,5,186,199,83,153,166,174,150,160,143,109,44,50,168,17,48,63];True
1705;7754;9459;[180,172,12,22,26,176,120,3,2,130,84,117,77,112,31,29,66,157,103,105,74,188,93,164,100,0,101,61,45,55,126,185,78,128,42,57,37,121,162,146,118,10,91,1,33,124,94,196,52,182,140,92,82,23,189,81,87,85,104,20,167,193,136,144,62,95,38,139,19,194,51,149,34,127,175,123,90,67,32,72,137,25,170,65,16,190,11,113,156,71,165,184,125,8,173,18,131,110,41,59,80,147,30,134,148,195,97,58,6,43,7,191,181,68,198,142,163,158,54,36,119,187,39,107,138,178,13,197,132,89,75,4,15,135,53,183,69,159,9,14,28,155,73,99,106,70,115,152,35,161,102,86,133,76,122,116,49,46,145,56,21,108,192,40,169,129,24,154,60,177,27,151,111,96,171,141,98,114,64,79,179,47,88,5,186,199,83,153,166,174,150,160,143,109,44,50,168,17,48,63];True
1702;7758;9460;[180,172,12,22,26,176,120,3,2,130,84,117,77,112,31,29,66,157,103,105,74,188,93,164,100,0,101,61,45,55,126,185,78,128,42,57,37,121,162,146,118,10,91,1,33,124,94,196,36,182,140,92,82,23,189,81,87,85,104,20,167,193,136,144,181,95,38,139,19,194,51,149,34,127,175,123,90,67,32,72,137,25,170,65,16,190,11,113,156,71,165,184,125,8,173,18,131,110,41,59,80,147,30,134,148,195,97,58,6,43,7,191,62,68,198,142,163,158,54,52,119,187,39,107,138,178,13,197,132,89,75,4,15,135,53,183,69,159,9,14,28,155,73,99,106,70,115,152,35,161,102,86,133,76,122,116,49,46,145,56,21,108,192,40,169,129,24,154,60,177,27,151,111,96,171,141,98,114,64,79,179,47,88,5,186,199,83,153,166,174,150,160,143,109,44,50,168,17,48,63];False
1754;7683;9437;[180,172,12,22,26,176,120,3,2,130,84,117,77,112,31,29,66,157,103,105,74,188,93,164,100,0,101,61,45,55,126,185,78,128,42,57,37,121,162,146,118,10,91,1,33,124,94,196,36,182,140,92,82,23,189,81,87,85,104,20,167,193,136,144,62,95,38,139,19,194,51,149,34,127,175,123,90,67,32,72,137,25,170,65,16,125,11,113,156,71,165,184,190,8,173,18,131,110,41,59,80,147,30,134,148,195,97,58,6,43,7,191,181,68,198,142,163,158,54,52,119,187,39,107,138,178,13,197,132,89,75,4,15,135,53,183,69,159,9,14,28,155,73,99,106,70,115,152,35,161,102,86,133,76,122,116,49,46,145,56,21,108,192,40,169,129,24,154,60,177,27,151,111,96,171,141,98,114,64,79,179,47,88,5,186,199,83,153,166,174,150,160,143,109,44,50,168,17,48,63];False
1734;7713;9447;[180,172,12,22,26,176,120,3,2,130,84,117,77,112,31,29,66,157,103,105,74,188,93,164,100,0,101,61,45,55,126,185,78,128,42,57,37,121,162,146,118,10,91,1,33,124,94,196,36,182,140,92,82,23,189,81,87,85,104,20,167,193,136,144,62,95,38,139,19,194,51,149,34,127,175,123,90,67,32,72,137,25,170,65,16,190,195,113,156,71,165,184,125,8,173,18,131,110,41,59,80,147,30,134,148,11,97,58,6,43,7,191,181,68,198,142,163,158,54,52,119,187,39,107,138,178,13,197,132,89,75,4,15,135,53,183,69,159,9,14,28,155,73,99,106,70,115,152,35,161,102,86,133,76,122,116,49,46,145,56,21,108,192,40,169,129,24,154,60,177,27,151,111,96,171,141,98,114,64,79,179,47,88,5,186,199,83,153,166,174,150,160,143,109,44,50,168,17,48,63];True
1744;7703;9447;[180,172,12,22,26,176,120,3,2,130,84,117,77,112,31,29,66,157,103,105,74,188,93,164,100,0,101,61,45,55,126,185,78,128,42,57,37,121,162,146,118,10,91,1,33,124,94,196,36,182,140,92,82,23,189,81,87,85,104,20,167,193,136,144,62,95,38,139,19,194,51,149,34,127,175,123,90,67,32,72,137,25,170,65,16,190,11,113,156,71,165,184,138,8,173,18,131,110,41,59,80,147,30,134,148,195,97,58,6,43,7,191,181,68,198,142,163,158,54,52,119,187,39,107,125,178,13,197,132,89,75,4,15,135,53,183,69,159,9,14,28,155,73,99,106,70,115,152,35,161,102,86,133,76,122,116,49,46,145,56,21,108,192,40,169,129,24,154,60,177,27,151,111,96,171,141,98,114,64,79,179,47,88,5,186,199,83,153,166,174,150,160,143,109,44,50,168,17,48,63];False
1720;7728;9448;[180,172,12,22,26,176,120,3,2,130,84,117,77,112,31,29,66,157,103,105,74,188,93,164,100,0,101,61,45,55,126,185,78,128,42,57,37,121,162,146,118,10,91,1,33,124,94,196,36,182,140,92,82,23,189,81,87,85,104,20,167,193,136,144,62,95,38,139,19,194,51,149,34,127,175,123,90,67,32,72,137,25,170,65,16,190,11,113,156,71,165,184,125,8,173,18,131,110,41,59,80,147,30,134,148,195,97,58,6,43,7,191,181,68,198,142,163,158,54,52,119,187,39,107,138,178,13,197,132,89,75,4,15,135,53,183,69,159,9,14,28,155,73,99,106,70,115,152,35,161,102,86,133,76,122,116,49,46,145,56,21,108,192,40,169,129,24,154,60,179,27,151,111,96,171,141,98,114,64,79,177,47,88,5,186,199,83,153,166,174,150,160,143,109,44,50,168,17,48,63];True
1745;7702;9447;[180,172,12,22,26,176,120,3,2,130,84,117,77,112,31,29,66,157,103,105,74,188,93,164,147,0,101,61,45,55,126,185,78,128,42,57,37,121,162,146,118,10,91,1,33,124,94,196,36,182,140,92,82,23,189,81,87,85,104,20,167,193,136,144,62,95,38,139,19,194,51,149,34,127,175,123,90,67,32,72,137,25,170,65,16,190,11,113,156,71,165,184,125,8,173,18,131,110,41,59,80,100,30,134,148,195,97,58,6,43,7,191,181,68,198,142,163,158,54,52,119,187,39,107,138,14,13,197,132,89,75,4,15,135,53,183,69,159,9,151,28,155,73,99,106,70,115,152,35,161,102,86,133,76,122,116,49,46,145,56,21,108,192,40,169,129,24,154,60,177,27,178,111,96,171,141,98,114,64,79,179,47,88,5,186,199,83,153,166,174,150,160,143,109,44,50,168,17,48,63];False
1709;7739;9448;[180,172,12,22,26,176,120,3,2,130,84,117,77,112,31,29,66,157,103,105,74,188,93,164,100,0,101,61,45,55,126,185,78,128,42,57,37,121,162,146,118,10,91,1,33,124,94,196,36,182,140,92,82,23,189,81,87,85,104,20,167,193,136,144,62,95,38,139,19,194,51,149,34,127,175,123,90,67,32,72,137,25,170,65,16,190,11,113,156,71,165,184,125,8,173,18,131,110,41,59,80,147,30,134,148,195,97,58,6,43,7,191,181,68,198,142,163,158,54,52,119,187,39,107,138,14,13,197,132,89,75,4,15,135,53,183,69,159,9,151,28,155,73,99,106,70,115,152,35,161,102,86,133,76,122,116,49,46,145,56,21,108,192,40,169,129,24,154,60,177,27,178,111,96,171,141,98,114,64,79,179,47,88,5,186,199,83,153,166,174,150,160,143,109,44,50,168,17,48,63];True
1694;7768;9462;[180,172,12,22,26,176,120,3,2,130,84,117,77,112,31,29,66,157,103,105,74,188,93,164,100,0,101,61,45,138,126,185,78,128,42,57,37,121,162,146,118,10,91,1,33,124,94,196,52,182,140,92,82,23,189,81,87,85,104,20,167,193,136,144,62,95,38,139,19,194,51,149,34,127,175,123,90,67,32,72,137,25,170,65,16,190,11,113,156,71,165,184,125,8,173,18,131,110,41,59,80,147,30,134,148,195,97,58,6,43,7,191,181,68,198,142,163,158,54,36,119,187,39,107,55,14,13,197,132,89,75,4,15,135,53,183,69,159,9,151,28,155,73,99,106,70,115,152,35,161,102,86,133,76,122,116,49,46,145,56,21,108,192,40,169,129,24,154,60,177,27,178,111,96,171,141,98,114,64,79,179,47,88,5,186,199,83,153,166,174,150,160,143,109,44,50,168,17,48,63];True
1743;7697;9440;[180,172,12,22,26,176,120,3,2,130,84,117,77,112,31,29,66,157,103,105,74,188,93,164,100,0,101,61,45,138,126,185,78,128,42,57,37,121,162,146,118,10,91,1,33,124,94,196,36,182,140,92,82,23,189,81,87,85,104,20,167,193,136,144,62,95,38,139,19,194,51,149,34,127,175,123,90,67,32,72,137,25,170,65,16,125,11,113,156,71,165,184,190,8,173,18,131,110,41,59,80,147,30,134,148,195,97,58,6,43,7,191,181,68,198,142,163,158,54,52,119,187,39,107,55,14,13,197,132,89,75,4,15,135,53,183,69,159,9,151,28,155,73,99,106,70,115,152,35,161,102,86,133,76,122,116,49,46,145,56,21,108,192,40,169,129,24,154,60,177,27,178,111,96,171,141,98,114,64,79,179,47,88,5,186,199,83,153,166,174,150,160,143,109,44,50,168,17,48,63];True
1708;7744;9452;[180,172,12,22,26,176,120,3,2,130,84,117,77,112,31,29,66,157,103,105,74,188,93,164,100,0,101,61,45,138,126,185,78,128,42,57,37,121,162,146,118,10,91,1,33,124,94,196,36,182,140,92,82,23,189,81,87,85,104,20,167,193,136,144,62,95,38,139,19,194,51,149,34,127,175,123,90,67,32,72,137,25,170,65,16,190,11,113,156,71,165,184,125,8,173,18,131,110,41,59,80,147,30,134,148,195,97,58,6,43,7,191,181,68,198,142,163,158,54,52,119,187,39,107,55,14,13,197,132,89,75,4,15,135,53,183,69,159,9,151,28,155,73,99,106,70,115,152,35,49,102,86,133,76,122,116,161,46,145,56,21,108,192,40,169,129,24,154,60,177,27,178,111,96,171,141,98,114,64,79,179,47,88,5,186,199,83,153,166,174,150,160,143,109,44,50,168,17,48,63];True
1765;7658;9423;[194,172,12,22,26,178,120,3,2,130,84,117,77,112,31,29,66,157,103,105,74,188,144,118,147,0,101,61,45,138,167,180,78,128,42,57,37,121,162,126,143,160,91,1,33,124,94,196,36,182,140,92,82,23,189,81,87,85,104,20,146,193,109,93,170,95,38,139,19,9,51,149,34,127,175,123,176,67,32,72,137,25,70,65,16,190,11,113,156,71,165,184,125,8,173,18,131,110,41,59,80,100,30,134,148,195,97,58,6,43,7,191,181,68,198,142,163,158,54,52,119,187,39,107,55,14,13,197,132,89,75,4,15,135,53,183,69,159,164,90,28,155,73,99,106,136,115,152,35,161,102,86,133,76,122,116,49,46,145,56,21,108,192,40,169,129,24,154,60,177,27,151,111,96,171,141,98,114,64,79,179,47,88,5,186,199,83,153,166,174,150,10,185,62,44,50,168,17,48,63];True
1754;7682;9436;[194,172,12,22,26,178,120,3,2,130,84,117,77,112,31,29,66,157,103,105,74,188,144,118,147,0,101,61,45,138,167,180,78,128,42,57,37,121,162,126,143,160,91,1,33,124,94,196,52,182,140,92,82,23,189,81,87,85,104,20,146,193,109,93,170,95,38,139,19,119,51,149,34,127,175,123,176,67,32,72,137,25,70,65,16,190,11,113,156,71,165,184,125,8,173,18,131,110,41,59,80,100,30,134,148,195,97,58,6,43,7,191,181,68,198,142,163,158,54,36,9,187,39,107,55,14,13,197,132,89,75,4,15,135,53,183,69,159,164,90,28,155,73,99,106,136,115,152,35,161,102,86,133,76,122,116,49,46,145,56,21,108,192,40,169,129,24,154,60,177,27,151,111,96,171,141,98,114,64,79,179,47,88,5,186,199,83,153,166,174,150,10,185,62,44,50,168,17,48,63];True
1682;7785;9467;[180,172,12,22,26,176,120,3,2,130,84,117,77,112,31,24,66,157,103,105,74,188,93,164,100,0,101,61,45,138,126,185,78,128,42,57,37,121,162,146,118,10,91,1,33,124,94,196,36,182,140,92,82,23,189,81,87,85,104,20,167,193,136,144,62,95,38,139,19,194,51,149,34,127,175,123,90,67,32,72,137,25,170,65,16,190,11,113,156,71,165,184,125,8,173,18,131,110,41,59,80,147,30,134,148,195,97,58,6,43,7,191,181,68,198,142,163,158,54,52,29,187,39,107,55,14,13,197,132,89,75,4,15,135,53,183,69,159,9,151,28,155,73,99,106,70,115,152,35,49,102,86,133,76,122,116,161,46,145,56,21,108,192,40,169,129,119,154,60,177,27,178,111,96,171,141,98,114,64,79,179,47,88,5,186,199,83,153,166,174,150,160,143,109,44,50,168,17,48,63];True
1638;7845;9483;[180,172,12,22,26,178,120,3,2,130,106,117,77,112,31,29,66,157,103,44,74,188,93,164,100,0,101,61,45,55,126,185,78,128,42,57,37,121,162,146,118,10,91,1,33,124,94,196,36,182,140,92,82,23,189,81,87,85,104,20,167,193,136,144,62,95,38,139,19,194,51,149,34,127,175,123,90,67,32,72,137,25,170,65,16,190,11,113,156,71,165,184,125,8,173,18,131,110,41,59,80,147,30,134,148,195,97,58,6,43,7,191,181,68,198,142,163,158,54,52,119,187,39,107,138,14,13,197,132,89,75,4,15,135,53,183,69,159,9,105,28,155,73,99,84,70,115,152,35,161,102,86,133,76,122,116,49,46,145,56,21,108,192,40,169,129,24,154,60,177,27,151,111,96,171,141,98,114,64,79,179,47,88,5,186,199,83,153,166,174,150,160,143,109,176,50,168,17,48,63];True
1700;7758;9458;[180,172,12,22,26,178,120,3,2,130,84,117,77,112,31,29,66,157,103,44,74,188,93,164,147,0,101,61,45,55,126,185,78,128,42,57,37,121,162,146,118,10,91,1,33,124,94,196,36,182,140,92,82,23,189,81,87,85,104,20,167,193,136,144,62,95,38,139,19,194,51,149,34,127,175,123,90,67,32,72,137,25,170,65,16,190,11,113,156,71,165,184,125,8,173,18,131,110,41,59,80,100,30,134,148,195,97,58,6,43,7,191,181,68,198,142,163,158,54,52,119,187,39,107,138,14,13,197,132,89,75,4,15,135,53,183,69,159,9,105,28,155,73,99,106,70,115,152,35,161,102,86,133,76,122,116,49,46,145,56,21,108,192,40,169,129,24,154,60,177,27,151,111,96,171,141,98,114,64,79,179,47,88,5,186,199,83,153,166,174,150,160,143,109,176,50,168,17,48,63];True
1667;7786;9453;[180,172,12,22,26,178,120,3,2,130,84,117,77,112,31,29,66,157,103,44,74,188,93,164,100,0,101,61,45,138,126,185,78,128,42,57,37,121,162,146,118,10,91,1,33,124,94,196,36,182,140,92,82,23,189,81,87,85,104,20,167,193,136,144,62,95,38,139,19,194,51,149,34,127,175,123,90,67,32,72,137,25,170,65,16,190,11,113,156,71,165,184,125,8,173,18,131,110,41,59,80,147,30,134,148,195,97,58,6,43,7,191,181,68,198,142,163,158,54,52,119,187,39,107,55,14,13,197,132,89,75,4,15,135,53,183,69,159,9,105,28,155,73,99,106,70,115,152,35,161,102,86,133,76,122,116,49,46,145,56,21,108,192,40,169,129,24,154,60,177,27,151,111,96,171,141,98,114,64,79,179,47,88,5,186,199,83,153,166,174,150,160,143,109,176,50,168,17,48,63];True
1646;7833;9479;[180,172,12,22,26,178,120,3,2,130,84,117,77,112,31,29,66,157,103,44,74,188,93,164,100,0,101,61,45,55,126,185,78,128,42,57,37,121,162,146,118,10,91,1,33,124,94,196,52,182,140,92,82,23,189,81,87,85,104,20,167,193,136,144,62,95,38,139,19,194,51,149,34,127,175,123,90,67,32,72,137,25,170,65,16,190,11,113,156,71,165,184,125,8,173,18,131,110,41,59,80,147,30,134,148,195,97,58,6,43,7,191,181,68,198,142,163,158,54,36,119,187,39,107,138,14,13,197,132,89,75,4,15,135,53,183,69,159,9,105,28,155,73,99,106,70,115,152,35,161,102,86,133,76,122,116,49,46,145,56,21,108,192,40,169,129,24,154,60,177,27,151,111,96,171,141,98,114,64,79,179,47,88,5,186,199,83,153,166,174,150,160,143,109,176,50,168,17,48,63];True
1643;7837;9480;[180,172,12,22,26,178,120,3,2,130,84,117,77,112,31,29,66,157,103,44,74,188,93,164,100,0,101,61,45,55,126,185,78,128,42,57,37,121,162,146,118,10,91,1,33,124,94,196,36,182,140,92,82,23,189,81,87,85,104,20,167,193,136,144,181,95,38,139,19,194,51,149,34,127,175,123,90,67,32,72,137,25,170,65,16,190,11,113,156,71,165,184,125,8,173,18,131,110,41,59,80,147,30,134,148,195,97,58,6,43,7,191,62,68,198,142,163,158,54,52,119,187,39,107,138,14,13,197,132,89,75,4,15,135,53,183,69,159,9,105,28,155,73,99,106,70,115,152,35,161,102,86,133,76,122,116,49,46,145,56,21,108,192,40,169,129,24,154,60,177,27,151,111,96,171,141,98,114,64,79,179,47,88,5,186,199,83,153,166,174,150,160,143,109,176,50,168,17,48,63];True
1655;7825;9480;[180,172,12,22,26,178,120,3,2,130,84,117,77,112,31,29,66,157,103,44,74,188,93,164,100,0,101,61,45,55,126,185,78,128,42,57,37,121,162,146,118,10,91,1,33,124,94,196,36,182,140,92,82,23,189,81,87,85,104,20,167,193,136,144,62,95,38,139,19,194,51,149,34,127,175,123,90,67,32,72,137,25,170,65,9,190,11,113,156,71,165,184,125,8,173,18,131,110,41,59,80,147,30,134,148,195,97,58,6,43,7,191,181,68,198,142,163,158,54,52,119,187,39,107,138,14,13,197,132,89,75,4,15,135,53,183,69,159,16,105,28,155,73,99,106,70,115,152,35,161,102,86,133,76,122,116,49,46,145,56,21,108,192,40,169,129,24,154,60,177,27,151,111,96,171,141,98,114,64,79,179,47,88,5,186,199,83,153,166,174,150,160,143,109,176,50,168,17,48,63];True
1695;7762;9457;[180,172,12,22,26,178,120,3,2,130,84,117,77,112,31,29,66,157,103,44,74,188,93,164,100,0,101,61,45,55,126,185,78,128,42,57,37,121,162,146,118,10,91,1,33,124,94,196,36,182,140,92,82,23,189,81,87,85,104,20,167,193,136,144,62,95,38,139,19,194,51,149,34,127,175,123,90,67,32,72,137,25,170,65,16,125,11,113,156,71,165,184,190,8,173,18,131,110,41,59,80,147,30,134,148,195,97,58,6,43,7,191,181,68,198,142,163,158,54,52,119,187,39,107,138,14,13,197,132,89,75,4,15,135,53,183,69,159,9,105,28,155,73,99,106,70,115,152,35,161,102,86,133,76,122,116,49,46,145,56,21,108,192,40,169,129,24,154,60,177,27,151,111,96,171,141,98,114,64,79,179,47,88,5,186,199,83,153,166,174,150,160,143,109,176,50,168,17,48,63];True
1662;7811;9473;[180,172,12,22,26,178,120,3,2,130,84,117,77,112,31,29,66,157,103,44,74,188,93,164,100,0,101,61,45,55,126,185,78,128,42,57,37,121,162,146,118,10,91,1,33,124,94,196,36,182,140,92,82,23,189,81,87,85,104,20,167,193,136,144,62,95,38,139,19,194,51,149,34,127,175,123,90,67,32,72,137,25,170,65,16,190,186,113,156,71,165,184,125,8,173,18,131,110,41,59,80,147,30,134,148,195,97,58,6,43,7,191,181,68,198,142,163,158,54,52,119,187,39,107,138,14,13,197,132,89,75,4,15,135,53,183,69,159,9,105,28,155,73,99,106,70,115,152,35,161,102,86,133,76,122,116,49,46,145,56,21,108,192,40,169,129,24,154,60,177,27,151,111,96,171,141,98,114,64,79,179,47,88,5,11,199,83,153,166,174,150,160,143,109,176,50,168,17,48,63];False
1660;7809;9469;[180,172,12,22,26,178,120,3,2,130,84,117,77,112,31,29,66,157,103,44,74,188,93,164,100,0,101,61,45,55,126,185,78,128,42,57,37,121,162,146,118,10,91,1,33,124,94,196,36,182,140,92,82,23,189,81,87,85,104,20,167,193,136,144,62,95,38,139,19,194,51,149,34,127,175,123,90,67,32,72,137,25,170,65,16,190,11,113,156,71,165,184,125,8,173,18,131,110,41,59,80,147,30,134,148,195,97,58,6,43,7,191,181,68,198,142,163,158,54,52,119,187,39,107,138,14,13,197,132,89,75,4,15,135,53,183,69,159,9,105,28,155,73,99,106,70,115,152,35,49,102,86,133,76,122,116,161,46,145,56,21,108,192,40,169,129,24,154,60,177,27,151,111,96,171,141,98,114,64,79,179,47,88,5,186,199,83,153,166,174,150,160,143,109,176,50,168,17,48,63];True
1661;7807;9468;[180,172,12,22,26,178,120,3,2,130,84,117,77,112,31,29,66,157,103,44,74,188,93,164,100,0,101,61,45,55,126,185,78,128,42,57,37,121,162,146,118,10,91,1,33,124,94,196,36,182,140,92,82,23,189,81,87,85,104,20,167,193,136,144,62,95,38,139,19,194,51,149,34,127,175,123,90,67,32,72,137,25,170,65,16,190,11,113,156,71,165,184,125,8,173,18,131,110,41,59,80,147,30,134,148,195,97,58,6,43,7,191,181,68,198,142,163,158,54,52,119,187,39,107,138,14,13,197,132,89,75,4,15,135,53,183,69,159,9,105,28,155,73,99,106,70,115,152,35,161,102,86,133,76,122,116,49,46,145,56,21,108,192,40,169,129,24,154,60,179,27,151,111,96,171,141,98,114,64,79,177,47,88,5,186,199,83,153,166,174,150,160,143,109,176,50,168,17,48,63];True
2480;7089;9569;[50,146,180,4,109,31,147,37,172,12,130,117,195,112,93,118,66,157,103,105,74,188,144,44,19,2,167,61,45,138,41,49,78,128,42,57,3,121,162,126,143,160,91,1,33,124,94,196,36,46,140,92,82,23,189,81,0,85,22,26,176,193,16,178,170,95,38,139,65,20,51,149,34,198,174,184,84,67,32,72,163,25,70,6,9,190,11,113,156,71,165,87,194,8,173,18,131,110,101,59,80,100,30,134,148,77,97,58,175,151,7,191,181,68,123,142,137,158,54,52,119,187,39,107,55,14,13,111,132,89,75,129,15,135,53,183,69,159,164,90,28,155,73,99,106,136,115,152,35,161,102,86,133,76,122,116,104,125,145,56,21,108,192,40,169,182,29,154,60,177,27,43,127,96,171,141,98,114,64,79,179,47,88,5,186,199,83,153,166,24,150,10,185,62,120,197,168,17,48,63];False
2424;7093;9517;[50,146,180,4,109,31,147,37,172,12,130,117,77,112,93,184,66,157,103,105,74,188,144,44,19,2,167,61,45,138,41,49,78,128,42,57,3,121,162,126,143,160,91,1,33,124,94,196,36,46,140,92,82,23,189,81,0,85,22,26,176,193,16,178,170,95,38,139,65,20,51,149,34,198,174,118,84,67,32,72,163,25,70,6,9,190,11,113,156,71,165,87,194,8,173,18,131,110,101,59,80,100,30,134,148,195,97,58,175,151,7,191,181,68,123,142,137,158,54,52,119,187,39,107,55,14,13,111,132,89,75,129,15,135,53,183,69,159,164,90,28,155,73,99,106,136,115,152,35,161,102,86,133,76,122,116,104,125,145,56,21,108,192,40,169,182,29,154,60,177,27,43,127,96,171,141,98,114,64,79,179,47,88,5,186,199,83,153,166,24,150,10,185,62,120,197,168,17,48,63];True
2480;7087;9567;[50,146,180,4,109,31,147,37,172,12,130,117,77,112,93,118,66,157,103,105,74,188,144,44,19,2,167,61,45,138,41,49,78,128,42,57,3,121,162,126,143,160,91,1,33,124,94,196,36,46,140,17,82,23,189,81,0,85,22,26,176,193,16,178,170,95,38,139,65,20,51,149,34,198,174,184,84,67,32,72,163,25,70,6,9,190,11,113,156,71,165,87,194,8,173,18,131,110,101,59,80,100,30,134,148,195,97,58,175,151,7,191,181,68,123,142,137,158,54,52,119,187,39,107,55,14,13,111,132,89,75,129,15,135,53,183,69,159,164,90,28,155,73,99,106,136,115,152,35,161,102,86,133,76,122,116,104,125,145,56,21,108,192,40,169,182,29,154,60,177,27,43,127,96,171,141,98,114,64,79,179,47,88,5,186,199,83,153,166,24,150,10,185,62,120,197,168,92,48,63];False
2421;7096;9517;[50,146,180,4,109,31,147,37,172,12,130,117,77,112,93,118,66,157,103,105,74,188,144,44,19,2,167,61,45,138,41,49,78,128,42,57,3,121,162,126,143,160,91,1,33,124,94,196,36,46,140,92,82,23,189,81,0,85,22,26,176,193,16,178,170,95,38,139,65,20,51,149,34,198,174,184,84,67,32,72,163,25,70,6,9,190,195,113,156,71,165,87,194,8,173,18,131,110,101,59,80,100,30,134,148,11,97,58,175,151,7,191,181,68,123,142,137,158,54,52,119,187,39,107,55,14,13,111,132,89,75,129,15,135,53,183,69,159,164,90,28,155,73,99,106,136,115,152,35,161,102,86,133,76,122,116,104,125,145,56,21,108,192,40,169,182,29,154,60,177,27,43,127,96,171,141,98,114,64,79,179,47,88,5,186,199,83,153,166,24,150,10,185,62,120,197,168,17,48,63];False
2447;7090;9537;[50,146,180,4,109,31,147,37,172,12,130,117,77,112,93,118,66,157,103,105,74,188,144,44,19,2,167,61,45,138,41,49,78,128,42,57,3,121,162,126,143,160,91,1,33,124,94,196,36,46,140,92,82,23,189,81,0,85,22,26,176,193,16,178,170,95,38,139,65,20,51,149,34,198,174,184,84,67,32,72,163,25,70,6,9,190,11,113,156,71,165,169,194,8,173,18,131,110,101,59,80,100,30,134,148,195,97,58,175,151,7,191,181,68,123,142,137,158,54,52,119,187,39,107,55,14,13,111,132,89,75,129,15,135,53,183,69,159,164,90,28,155,73,99,106,136,115,152,35,161,102,86,133,76,122,116,104,125,145,56,21,108,192,40,87,182,29,154,60,177,27,43,127,96,171,141,98,114,64,79,179,47,88,5,186,199,83,153,166,24,150,10,185,62,120,197,168,17,48,63];False
2409;7100;9509;[50,146,180,4,109,31,147,37,172,12,130,117,77,112,93,118,66,157,103,105,74,188,144,44,19,2,167,61,45,138,41,49,78,128,42,57,3,121,162,126,143,160,91,1,33,124,94,196,36,46,140,92,82,23,189,81,0,85,22,26,176,193,16,178,170,95,38,139,65,20,51,149,34,198,174,184,84,67,32,72,163,25,70,6,9,190,11,113,156,71,165,87,194,8,173,18,131,110,101,59,80,100,30,134,148,195,97,58,151,175,7,191,181,68,123,142,137,158,54,52,119,187,39,107,55,14,13,111,132,89,75,129,15,135,53,183,69,159,164,90,28,155,73,99,106,136,115,152,35,161,102,86,133,76,122,116,104,125,145,56,21,108,192,40,169,182,29,154,60,177,27,43,127,96,171,141,98,114,64,79,179,47,88,5,186,199,83,153,166,24,150,10,185,62,120,197,168,17,48,63];False
2388;7094;9482;[50,146,180,4,109,31,147,37,172,12,130,117,77,112,93,118,66,157,103,105,74,188,144,44,19,2,167,61,45,138,41,49,78,128,42,57,3,121,162,126,143,160,91,1,33,124,94,196,36,46,140,92,82,23,189,81,0,85,22,26,176,193,16,178,170,95,38,139,65,20,51,149,34,198,174,184,84,67,32,72,163,25,70,6,9,190,11,113,156,71,165,87,194,8,173,18,131,110,101,59,80,100,30,134,148,195,97,58,175,151,7,191,181,68,123,90,137,158,54,52,119,187,39,107,55,14,13,111,132,89,75,129,15,135,53,183,69,159,164,142,28,155,73,99,106,136,115,152,35,161,102,86,133,76,122,116,104,125,145,56,21,108,192,40,169,182,29,154,60,177,27,43,127,96,171,141,98,114,64,79,179,47,88,5,186,199,83,153,166,24,150,10,185,62,120,197,168,17,48,63];True
1612;7931;9543;[180,172,12,22,26,178,120,3,2,130,84,117,77,112,31,29,66,157,103,44,74,188,93,90,100,0,101,61,45,138,126,185,78,128,42,57,37,121,162,146,118,10,91,1,33,124,94,196,52,182,140,92,82,23,189,81,87,85,104,20,167,193,164,144,181,95,38,139,19,194,51,149,34,127,175,123,136,67,32,72,137,25,170,65,16,190,11,113,156,71,165,184,125,8,173,18,131,110,41,59,80,147,30,134,148,195,97,58,6,43,7,191,62,68,198,142,163,158,54,36,119,187,39,107,55,14,13,197,132,89,75,4,15,108,53,183,69,159,9,105,28,155,73,99,106,70,115,152,35,161,102,86,133,76,122,116,49,46,145,56,21,135,192,40,169,129,24,154,60,177,27,151,111,96,171,141,98,114,64,79,179,47,88,5,186,199,83,153,166,174,150,160,143,109,176,50,168,17,48,63];True
1616;7927;9543;[180,172,12,22,26,178,120,3,2,130,84,117,77,112,31,29,66,157,103,44,74,188,93,90,100,0,101,61,45,138,126,185,78,128,42,57,37,121,162,146,118,10,91,1,33,124,94,196,52,182,140,92,82,23,189,81,87,85,104,20,167,193,164,144,181,95,38,139,19,194,51,149,34,127,175,123,136,67,32,72,137,25,170,65,16,190,11,113,156,71,165,184,125,8,173,18,131,110,41,59,80,147,30,134,148,195,97,58,6,43,7,191,62,68,198,142,163,158,54,36,119,187,39,107,55,14,13,197,132,89,75,4,15,135,53,183,69,159,9,105,28,155,73,99,106,70,115,152,35,161,102,86,133,153,122,116,49,46,145,56,21,108,192,40,169,129,24,154,60,177,27,151,111,96,171,141,98,114,64,79,179,47,88,5,186,199,83,76,166,174,150,160,143,109,176,50,168,17,48,63];False
1617;7924;9541;[180,172,12,22,26,178,120,3,2,130,106,117,77,112,31,29,66,157,103,44,74,188,93,90,100,0,101,61,45,138,126,185,78,128,42,57,37,121,162,146,118,10,91,1,33,124,94,196,52,182,140,92,82,23,189,81,87,85,104,20,167,193,164,144,62,95,38,139,19,194,51,149,34,127,175,123,136,67,32,72,137,25,170,65,9,190,11,113,156,71,165,184,125,8,173,18,131,110,41,59,80,147,30,134,148,195,97,58,6,43,7,191,181,68,198,142,163,158,54,36,119,187,39,107,55,14,13,197,132,89,75,4,15,135,53,183,69,159,16,105,28,155,73,99,84,70,115,152,35,161,102,86,133,76,122,116,49,46,145,56,21,108,192,40,169,129,24,154,60,177,27,151,111,96,171,141,98,114,64,79,179,47,88,5,186,199,83,153,166,174,150,160,143,109,176,50,168,17,48,63];False
1611;7935;9546;[180,172,12,22,26,178,120,3,2,130,106,117,77,112,31,29,66,157,103,44,74,188,93,90,100,0,101,61,45,138,126,185,78,128,42,57,37,121,162,146,118,10,91,1,33,124,94,196,52,182,140,92,82,23,189,81,87,85,104,20,167,193,164,144,62,95,38,139,19,194,51,149,34,127,175,123,136,67,32,72,137,25,170,65,16,190,11,113,156,71,165,184,125,8,173,18,131,110,41,59,80,147,30,134,148,195,97,58,6,43,7,191,181,68,198,142,163,158,54,36,119,187,39,107,55,14,13,197,132,89,75,4,15,135,53,183,69,159,9,105,28,155,73,99,84,70,115,152,35,161,102,86,133,153,122,116,49,46,145,56,21,108,192,40,169,129,24,154,60,177,27,151,111,96,171,141,98,114,64,79,179,47,88,5,186,199,83,76,166,174,150,160,143,109,176,50,168,17,48,63];True
1604;7943;9547;[180,172,12,22,26,178,120,3,2,130,106,117,77,112,31,29,66,157,103,44,74,188,93,90,100,0,101,61,45,138,126,185,78,128,42,57,37,121,162,146,118,10,91,1,33,124,94,196,36,182,140,92,82,23,189,81,87,85,104,20,167,193,164,144,181,95,38,139,19,194,51,149,34,127,175,123,136,67,32,72,137,25,170,65,16,190,11,113,156,71,165,184,125,8,173,18,131,110,41,59,80,147,30,134,148,195,97,58,6,43,7,191,62,68,198,142,163,158,54,52,119,187,39,107,55,14,13,197,132,89,75,4,15,108,53,183,69,159,9,105,28,155,73,99,84,70,115,152,35,161,102,86,133,76,122,116,49,46,145,56,21,135,192,40,169,129,24,154,60,177,27,151,111,96,171,141,98,114,64,79,179,47,88,5,186,199,83,153,166,174,150,160,143,109,176,50,168,17,48,63];True
1619;7912;9531;[180,172,12,22,26,178,120,3,2,130,106,117,77,112,31,29,66,157,103,44,74,188,93,90,100,0,101,61,45,138,126,185,78,128,42,57,37,121,162,146,118,10,91,1,33,124,94,196,36,182,140,92,82,23,189,81,87,85,104,20,167,193,164,144,181,95,38,139,19,194,51,149,34,127,175,123,136,67,32,72,137,25,170,65,16,190,11,113,156,71,165,184,125,8,173,18,131,110,41,59,80,147,30,134,148,195,97,58,6,43,7,191,62,68,198,142,163,158,54,52,119,187,39,107,55,14,13,197,132,89,75,4,15,135,53,183,69,159,9,105,28,155,73,99,84,70,115,152,35,49,102,86,133,76,122,116,161,46,145,56,21,108,192,40,169,129,24,154,60,177,27,151,111,96,171,141,98,114,64,79,179,47,88,5,186,199,83,153,166,174,150,160,143,109,176,50,168,17,48,63];True
1618;7923;9541;[180,172,12,22,26,178,120,3,2,130,106,117,77,112,31,29,66,157,103,44,74,188,93,90,100,0,101,61,45,55,126,185,78,128,42,57,37,121,162,146,118,10,91,1,33,124,94,196,36,182,140,92,82,23,189,81,87,85,104,20,167,193,164,144,181,95,38,139,19,194,51,149,34,127,175,123,136,67,32,72,137,25,170,65,16,190,186,113,156,71,165,184,125,8,173,18,131,110,41,59,80,147,30,134,148,195,97,58,6,43,7,191,62,68,198,142,163,158,54,52,119,187,39,107,138,14,13,197,132,89,75,4,15,135,53,183,69,159,9,105,28,155,73,99,84,70,115,152,35,161,102,86,133,76,122,116,49,46,145,56,21,108,192,40,169,129,24,154,60,177,27,151,111,96,171,141,98,114,64,79,179,47,88,5,11,199,83,153,166,174,150,160,143,109,176,50,168,17,48,63];False
1601;7952;9553;[180,172,12,22,26,178,120,3,2,130,106,117,77,112,31,29,66,157,103,44,74,188,93,90,100,0,101,61,45,55,126,185,78,128,42,57,37,121,162,146,118,10,91,1,33,124,94,196,36,182,140,92,82,23,189,81,87,85,104,20,167,193,164,144,181,95,38,139,19,194,51,149,34,127,175,123,136,67,32,72,137,25,170,65,16,190,11,113,156,71,165,184,125,8,173,18,131,110,41,59,80,147,30,134,148,195,97,58,6,43,7,191,62,68,198,142,163,158,54,52,119,187,39,107,138,14,13,197,132,89,75,4,15,108,53,183,69,159,9,105,28,155,73,99,84,70,115,152,35,161,102,86,133,76,122,116,49,46,145,56,21,135,192,40,169,129,24,154,60,177,27,151,111,96,171,141,98,114,64,79,179,47,88,5,186,199,83,153,166,174,150,160,143,109,176,50,168,17,48,63];False
1616;7921;9537;[180,172,12,22,26,178,120,3,2,130,106,117,77,112,31,29,66,157,103,44,74,188,93,90,100,0,101,61,45,55,126,185,78,128,42,57,37,121,162,146,118,10,91,1,33,124,94,196,36,182,140,92,82,23,189,81,87,85,104,20,167,193,164,144,181,95,38,139,19,194,51,149,34,127,175,123,136,67,32,72,137,25,170,65,16,190,11,113,156,71,165,184,125,8,173,18,131,110,41,59,80,147,30,134,148,195,97,58,6,43,7,191,62,68,198,142,163,158,54,52,119,187,39,107,138,14,13,197,132,89,75,4,15,135,53,183,69,159,9,105,28,155,73,99,84,70,115,152,35,49,102,86,133,76,122,116,161,46,145,56,21,108,192,40,169,129,24,154,60,177,27,151,111,96,171,141,98,114,64,79,179,47,88,5,186,199,83,153,166,174,150,160,143,109,176,50,168,17,48,63];True
1617;7919;9536;[180,172,12,22,26,178,120,3,2,130,106,117,77,112,31,29,66,157,103,44,74,188,93,90,100,0,101,61,45,55,126,185,78,128,42,57,37,121,162,146,118,10,91,1,33,124,94,196,36,182,140,92,82,23,189,81,87,85,104,20,167,193,164,144,181,95,38,139,19,194,51,149,34,127,175,123,136,67,32,72,137,25,170,65,16,190,11,113,156,71,165,184,125,8,173,18,131,110,41,59,80,147,30,134,148,195,97,58,6,43,7,191,62,68,198,142,163,158,54,52,119,187,39,107,138,14,13,197,132,89,75,4,15,135,53,183,69,159,9,105,28,155,73,99,84,70,115,152,35,161,102,86,133,76,122,116,49,46,145,56,21,108,192,40,169,129,24,154,60,179,27,151,111,96,171,141,98,114,64,79,177,47,88,5,186,199,83,153,166,174,150,160,143,109,176,50,168,17,48,63];True
1586;7981;9567;[180,172,12,22,26,178,120,3,2,130,106,117,77,112,31,29,66,157,103,44,74,188,93,90,100,0,101,61,45,138,126,185,78,128,42,57,37,121,162,146,118,10,91,1,33,124,94,196,52,182,140,92,82,23,189,81,87,85,104,20,167,193,164,144,181,95,38,139,19,194,51,149,34,127,175,123,136,67,32,72,137,25,170,65,16,190,11,113,156,71,165,184,125,8,173,18,131,110,41,59,80,147,30,134,148,195,97,58,6,43,7,191,62,68,198,142,163,158,54,36,119,187,39,107,55,14,13,197,132,89,75,4,15,108,53,183,69,159,9,105,28,155,73,99,84,70,115,152,35,161,102,86,133,76,122,116,49,46,145,56,21,135,192,40,169,129,24,154,60,177,27,151,111,96,171,141,98,114,64,79,179,47,88,5,186,199,83,153,166,174,150,160,143,109,176,50,168,17,48,63];True
1601;7950;9551;[180,172,12,22,26,178,120,3,2,130,106,117,77,112,31,29,66,157,103,44,74,188,93,90,100,0,101,61,45,138,126,185,78,128,42,57,37,121,162,146,118,10,91,1,33,124,94,196,52,182,140,92,82,23,189,81,87,85,104,20,167,193,164,144,181,95,38,139,19,194,51,149,34,127,175,123,136,67,32,72,137,25,170,65,16,190,11,113,156,71,165,184,125,8,173,18,131,110,41,59,80,147,30,134,148,195,97,58,6,43,7,191,62,68,198,142,163,158,54,36,119,187,39,107,55,14,13,197,132,89,75,4,15,135,53,183,69,159,9,105,28,155,73,99,84,70,115,152,35,49,102,86,133,76,122,116,161,46,145,56,21,108,192,40,169,129,24,154,60,177,27,151,111,96,171,141,98,114,64,79,179,47,88,5,186,199,83,153,166,174,150,160,143,109,176,50,168,17,48,63];True
1590;7977;9567;[180,172,12,22,26,178,120,3,2,130,106,117,77,112,31,29,66,157,103,44,74,188,93,90,100,0,101,61,45,138,126,185,78,128,42,57,37,121,162,146,118,10,91,1,33,124,94,196,52,182,140,92,82,23,189,81,87,85,104,20,167,193,164,144,181,95,38,139,19,194,51,149,34,127,175,123,136,67,32,72,137,25,170,65,16,190,11,113,156,71,165,184,125,8,173,18,131,110,41,59,80,147,30,134,148,195,97,58,6,43,7,191,62,68,198,142,163,158,54,36,119,187,39,107,55,14,13,197,132,89,75,4,15,135,53,183,69,159,9,105,28,155,73,99,84,70,115,152,35,161,102,86,133,153,122,116,49,46,145,56,21,108,192,40,169,129,24,154,60,177,27,151,111,96,171,141,98,114,64,79,179,47,88,5,186,199,83,76,166,174,150,160,143,109,176,50,168,17,48,63];True
1595;7973;9568;[180,172,12,22,26,178,120,3,2,130,106,117,77,112,31,29,66,157,103,44,74,188,93,90,100,0,101,61,45,138,126,185,78,128,42,57,37,121,162,146,118,10,91,1,33,124,94,196,36,182,140,92,82,23,189,81,87,85,104,20,167,193,164,144,181,95,38,139,19,194,51,149,34,127,175,123,136,67,32,72,137,25,170,65,9,190,11,113,156,71,165,184,125,8,173,18,131,110,41,59,80,147,30,134,148,195,97,58,6,43,7,191,62,68,198,142,163,158,54,52,119,187,39,107,55,14,13,197,132,89,75,4,15,108,53,183,69,159,16,105,28,155,73,99,84,70,115,152,35,161,102,86,133,76,122,116,49,46,145,56,21,135,192,40,169,129,24,154,60,177,27,151,111,96,171,141,98,114,64,79,179,47,88,5,186,199,83,153,166,174,150,160,143,109,176,50,168,17,48,63];True
1593;7975;9568;[180,172,12,22,26,178,120,3,2,130,106,117,77,112,31,29,66,157,103,44,74,188,93,90,100,0,101,61,45,55,126,185,78,128,42,57,37,121,162,146,118,10,91,1,33,124,94,196,52,182,140,92,82,23,189,81,87,85,104,20,167,193,164,144,181,95,38,139,19,194,51,149,34,127,175,123,136,67,32,72,137,25,170,65,9,190,11,113,156,71,165,184,125,8,173,18,131,110,41,59,80,147,30,134,148,195,97,58,6,43,7,191,62,68,198,142,163,158,54,36,119,187,39,107,138,14,13,197,132,89,75,4,15,135,53,183,69,159,16,105,28,155,73,99,84,70,115,152,35,161,102,86,133,76,122,116,49,46,145,56,21,108,192,40,169,129,24,154,60,177,27,151,111,96,171,141,98,114,64,79,179,47,88,5,186,199,83,153,166,174,150,160,143,109,176,50,168,17,48,63];True
1583;7990;9573;[180,172,12,22,26,178,120,3,2,130,106,117,77,112,31,29,66,157,103,44,74,188,93,90,100,0,101,61,45,55,126,185,78,128,42,57,37,121,162,146,118,10,91,1,33,124,94,196,52,182,140,92,82,23,189,81,87,85,104,20,167,193,164,144,181,95,38,139,19,194,51,149,34,127,175,123,136,67,32,72,137,25,170,65,16,190,11,113,156,71,165,184,125,8,173,18,131,110,41,59,80,147,30,134,148,195,97,58,6,43,7,191,62,68,198,142,163,158,54,36,119,187,39,107,138,14,13,197,132,89,75,4,15,108,53,183,69,159,9,105,28,155,73,99,84,70,115,152,35,161,102,86,133,76,122,116,49,46,145,56,21,135,192,40,169,129,24,154,60,177,27,151,111,96,171,141,98,114,64,79,179,47,88,5,186,199,83,153,166,174,150,160,143,109,176,50,168,17,48,63];True
1598;7959;9557;[180,172,12,22,26,178,120,3,2,130,106,117,77,112,31,29,66,157,103,44,74,188,93,90,100,0,101,61,45,55,126,185,78,128,42,57,37,121,162,146,118,10,91,1,33,124,94,196,52,182,140,92,82,23,189,81,87,85,104,20,167,193,164,144,181,95,38,139,19,194,51,149,34,127,175,123,136,67,32,72,137,25,170,65,16,190,11,113,156,71,165,184,125,8,173,18,131,110,41,59,80,147,30,134,148,195,97,58,6,43,7,191,62,68,198,142,163,158,54,36,119,187,39,107,138,14,13,197,132,89,75,4,15,135,53,183,69,159,9,105,28,155,73,99,84,70,115,152,35,49,102,86,133,76,122,116,161,46,145,56,21,108,192,40,169,129,24,154,60,177,27,151,111,96,171,141,98,114,64,79,179,47,88,5,186,199,83,153,166,174,150,160,143,109,176,50,168,17,48,63];True
1599;7957;9556;[180,172,12,22,26,178,120,3,2,130,106,117,77,112,31,29,66,157,103,44,74,188,93,90,100,0,101,61,45,55,126,185,78,128,42,57,37,121,162,146,118,10,91,1,33,124,94,196,52,182,140,92,82,23,189,81,87,85,104,20,167,193,164,144,181,95,38,139,19,194,51,149,34,127,175,123,136,67,32,72,137,25,170,65,16,190,11,113,156,71,165,184,125,8,173,18,131,110,41,59,80,147,30,134,148,195,97,58,6,43,7,191,62,68,198,142,163,158,54,36,119,187,39,107,138,14,13,197,132,89,75,4,15,135,53,183,69,159,9,105,28,155,73,99,84,70,115,152,35,161,102,86,133,76,122,116,49,46,145,56,21,108,192,40,169,129,24,154,60,179,27,151,111,96,171,141,98,114,64,79,177,47,88,5,186,199,83,153,166,174,150,160,143,109,176,50,168,17,48,63];True
1577;8011;9588;[180,172,12,22,26,178,120,3,2,130,106,117,77,112,31,29,66,157,103,44,74,188,93,90,100,0,101,61,45,138,126,185,78,128,42,57,37,121,162,146,118,10,91,1,33,124,94,196,52,182,140,92,82,23,189,81,87,85,104,20,167,193,164,144,181,95,38,139,19,194,51,149,34,127,175,123,136,67,32,72,137,25,170,65,9,190,11,113,156,71,165,184,125,8,173,18,131,110,41,59,80,147,30,134,148,195,97,58,6,43,7,191,62,68,198,142,163,158,54,36,119,187,39,107,55,14,13,197,132,89,75,4,15,108,53,183,69,159,16,105,28,155,73,99,84,70,115,152,35,161,102,86,133,76,122,116,49,46,145,56,21,135,192,40,169,129,24,154,60,177,27,151,111,96,171,141,98,114,64,79,179,47,88,5,186,199,83,153,166,174,150,160,143,109,176,50,168,17,48,63];True
1581;8007;9588;[180,172,12,22,26,178,120,3,2,130,106,117,77,112,31,29,66,157,103,44,74,188,93,90,100,0,101,61,45,138,126,185,78,128,42,57,37,121,162,146,118,10,91,1,33,124,94,196,52,182,140,92,82,23,189,81,87,85,104,20,167,193,164,144,181,95,38,139,19,194,51,149,34,127,175,123,136,67,32,72,137,25,170,65,9,190,11,113,156,71,165,184,125,8,173,18,131,110,41,59,80,147,30,134,148,195,97,58,6,43,7,191,62,68,198,142,163,158,54,36,119,187,39,107,55,14,13,197,132,89,75,4,15,135,53,183,69,159,16,105,28,155,73,99,84,70,115,152,35,161,102,86,133,153,122,116,49,46,145,56,21,108,192,40,169,129,24,154,60,177,27,151,111,96,171,141,98,114,64,79,179,47,88,5,186,199,83,76,166,174,150,160,143,109,176,50,168,17,48,63];True
2490;7075;9565;[20,146,16,190,109,118,6,193,172,12,130,22,195,112,93,147,66,157,103,105,74,188,87,37,174,149,167,61,45,123,41,49,78,128,42,57,3,121,162,126,143,160,91,1,33,124,94,196,36,46,140,92,82,23,189,81,0,85,19,26,176,44,9,144,170,95,38,139,178,138,51,50,34,194,180,4,84,67,32,72,163,25,70,65,31,117,77,113,156,71,165,2,184,8,173,18,131,110,101,59,80,100,30,134,148,11,97,58,175,151,7,191,181,68,198,142,137,158,54,52,119,187,39,107,55,14,13,111,132,89,75,129,15,135,53,183,69,159,164,90,28,155,73,99,106,136,115,152,35,161,102,86,133,76,122,116,104,125,145,56,21,108,192,40,169,182,29,154,60,177,27,43,127,96,171,141,98,114,64,79,179,47,88,5,186,199,83,153,166,24,150,10,185,62,120,197,168,17,48,63];True
2507;7073;9580;[20,146,16,190,109,118,6,193,172,12,130,22,195,112,93,147,66,157,103,105,74,188,87,37,174,149,167,61,45,123,41,49,78,128,42,57,3,121,162,126,143,160,2,1,33,124,94,196,36,46,140,92,82,23,189,81,0,85,19,26,176,104,9,144,170,95,38,139,178,138,51,50,34,194,180,4,84,67,32,72,163,25,70,65,31,117,77,113,156,71,165,91,184,8,173,18,131,110,101,59,80,100,30,134,148,11,97,58,175,151,7,191,181,68,198,142,137,158,54,52,119,187,39,107,55,14,13,111,132,89,75,129,15,135,53,183,69,159,164,90,28,155,73,99,106,136,115,152,35,161,102,86,133,76,122,116,44,125,145,56,21,108,192,40,169,182,29,154,60,177,27,43,127,96,171,141,98,114,64,79,179,47,88,5,186,199,83,153,166,24,150,10,185,62,120,197,168,17,48,63];True
2438;7088;9526;[20,146,16,190,109,118,6,193,172,12,130,22,195,112,93,147,66,157,103,105,74,188,87,37,174,149,167,61,45,123,41,49,78,128,42,57,3,121,162,126,143,160,2,1,33,124,94,196,36,46,140,92,82,23,189,81,0,85,19,26,176,44,138,144,170,95,38,139,178,9,51,50,34,194,180,4,84,67,32,72,163,25,70,65,31,117,77,113,156,71,165,91,184,8,173,18,131,110,101,59,80,100,30,134,148,11,97,58,175,151,7,191,181,68,198,142,137,158,54,52,119,187,39,107,55,14,13,111,132,89,75,129,15,135,53,183,69,159,164,90,28,155,73,99,106,136,115,152,35,161,102,86,133,76,122,116,104,125,145,56,21,108,192,40,169,182,29,154,60,177,27,43,127,96,171,141,98,114,64,79,179,47,88,5,186,199,83,153,166,24,150,10,185,62,120,197,168,17,48,63];True
2476;7076;9552;[20,146,16,190,109,118,6,193,172,12,130,22,195,112,93,147,66,157,103,105,74,188,87,37,174,149,167,61,45,123,41,49,78,128,42,57,3,121,162,126,143,160,2,1,33,124,94,196,36,46,140,92,82,23,189,81,0,85,19,26,176,44,9,144,170,95,38,139,178,138,51,50,34,194,180,4,84,67,32,72,163,25,70,104,31,117,77,113,156,71,165,91,184,8,173,18,131,110,101,59,80,100,30,134,148,11,97,58,175,151,7,191,181,68,198,142,137,158,54,52,119,187,39,107,55,14,13,111,132,89,75,129,15,135,53,183,69,159,164,90,28,155,73,99,106,136,115,152,35,161,102,86,133,76,122,116,65,125,145,56,21,108,192,40,169,182,29,154,60,177,27,43,127,96,171,141,98,114,64,79,179,47,88,5,186,199,83,153,166,24,150,10,185,62,120,197,168,17,48,63];True
2529;7056;9585;[20,146,16,190,109,118,6,193,172,12,130,22,195,112,93,147,66,157,103,105,74,188,87,37,174,149,167,61,45,123,41,49,78,128,42,57,3,121,162,126,143,160,91,1,33,124,94,196,36,44,140,92,82,23,189,81,0,85,19,26,176,46,9,144,170,95,38,139,178,138,51,50,34,194,180,4,84,67,32,72,163,25,70,65,31,117,77,113,156,71,165,2,184,8,173,18,131,110,101,59,80,100,30,134,148,11,97,58,175,151,7,191,181,68,198,142,137,158,54,52,119,187,39,107,55,14,13,111,132,89,75,129,15,135,53,183,69,159,164,90,28,155,73,99,106,136,115,152,35,161,102,86,133,76,122,116,104,125,145,56,21,108,192,40,169,182,29,154,60,177,27,43,127,96,171,141,98,114,64,79,179,47,88,5,186,199,83,153,166,24,150,10,185,62,120,197,168,17,48,63];True
2576;7051;9627;[20,146,16,190,109,118,6,193,172,12,130,22,195,112,93,147,66,157,103,105,74,188,87,37,174,149,167,61,45,123,41,49,78,128,42,57,3,121,162,126,143,160,2,1,33,124,94,196,36,44,140,92,82,23,189,81,0,85,19,26,176,46,9,91,170,95,38,139,178,138,51,50,34,194,180,4,84,67,32,72,163,25,70,65,31,117,77,113,156,71,165,144,184,8,173,18,131,110,101,59,80,100,30,134,148,11,97,58,175,151,7,191,181,68,198,142,137,158,54,52,119,187,39,107,55,14,13,111,132,89,75,129,15,135,53,183,69,159,164,90,28,155,73,99,106,136,115,152,35,161,102,86,133,76,122,116,104,125,145,56,21,108,192,40,169,182,29,154,60,177,27,43,127,96,171,141,98,114,64,79,179,47,88,5,186,199,83,153,166,24,150,10,185,62,120,197,168,17,48,63];False
2515;7057;9572;[20,146,16,190,109,118,6,193,172,12,130,22,195,112,93,147,66,157,103,105,74,188,87,37,174,149,167,61,45,123,41,49,78,128,42,57,3,121,162,126,143,160,2,1,33,124,94,196,36,44,140,92,82,23,189,81,0,85,19,26,176,46,9,144,170,95,38,139,178,138,51,50,34,194,180,4,84,67,32,72,163,25,70,104,31,117,77,113,156,71,165,91,184,8,173,18,131,110,101,59,80,100,30,134,148,11,97,58,175,151,7,191,181,68,198,142,137,158,54,52,119,187,39,107,55,14,13,111,132,89,75,129,15,135,53,183,69,159,164,90,28,155,73,99,106,136,115,152,35,161,102,86,133,76,122,116,65,125,145,56,21,108,192,40,169,182,29,154,60,177,27,43,127,96,171,141,98,114,64,79,179,47,88,5,186,199,83,153,166,24,150,10,185,62,120,197,168,17,48,63];True
1574;8035;9609;[198,155,29,154,141,119,44,7,130,107,105,146,118,178,192,183,104,50,53,162,173,18,57,120,24,197,15,135,34,159,82,134,121,10,123,90,41,22,38,14,168,17,94,60,49,153,185,127,32,148,69,28,129,8,93,46,55,165,42,166,59,36,23,12,54,151,175,83,117,98,78,171,81,52,150,140,92,100,58,79,177,95,167,61,181,65,76,5,27,133,96,157,138,45,188,87,66,126,124,86,112,40,51,106,143,160,80,71,9,190,43,128,85,164,111,195,25,37,145,139,33,13,137,158,182,109,21,73,6,56,63,31,142,115,152,102,186,113,196,89,26,176,72,74,4,97,131,0,199,62,1,189,108,84,99,174,184,161,156,147,3,169,191,11,194,180,163,170,103,91,35,125,149,39,187,114,68,116,20,67,193,16,136,144,70,19,64,101,122,172,77,2,110,30,179,47,132,75,88,48];False
1574;8027;9601;[198,155,29,154,141,119,44,7,130,107,105,146,118,178,192,183,104,50,53,162,173,18,57,120,24,197,15,135,34,159,82,134,121,10,123,90,41,22,38,14,168,17,94,60,49,153,185,127,39,148,69,28,129,8,93,46,55,165,42,166,59,36,23,12,54,151,175,83,117,98,78,171,158,52,150,140,92,100,58,79,177,95,167,61,181,65,76,5,27,133,96,157,138,45,188,87,66,126,124,86,112,40,51,106,143,160,80,71,9,190,43,128,85,164,111,195,25,37,145,139,33,13,137,81,182,109,21,73,6,56,63,31,142,115,152,102,186,113,196,89,26,176,72,74,4,97,131,0,199,62,1,189,108,84,99,174,184,161,156,147,3,169,191,11,194,180,163,170,103,91,35,125,149,32,187,114,68,116,20,67,193,16,136,144,70,19,64,101,122,172,77,2,110,30,179,47,132,75,88,48];False
1566;8016;9582;[198,155,29,154,141,119,44,7,130,107,105,146,118,178,192,183,104,50,53,162,173,18,57,120,24,197,15,135,34,159,82,134,121,10,123,90,41,22,38,14,168,17,94,60,49,153,185,127,39,148,69,28,129,8,93,46,55,165,42,166,59,36,23,12,54,151,175,83,117,98,78,171,81,52,150,140,92,100,58,79,177,95,167,61,181,65,76,5,27,133,96,157,138,45,188,87,66,126,99,86,112,40,51,106,143,160,80,71,9,190,43,128,85,164,111,195,25,37,145,139,33,13,137,158,182,109,21,73,6,56,63,31,142,115,152,102,186,113,196,89,26,176,72,74,4,97,131,0,199,62,1,189,108,84,124,174,184,161,156,147,3,169,191,11,194,180,163,170,103,91,35,125,149,32,187,114,68,116,20,67,193,16,136,144,70,19,64,101,122,172,77,2,110,30,179,47,132,75,88,48];True
2594;7043;9637;[20,146,31,190,109,147,6,193,172,12,130,22,195,112,93,118,66,157,103,105,74,188,87,37,174,149,167,61,45,123,41,49,78,128,42,57,3,121,162,126,143,160,2,1,33,124,94,196,36,44,140,92,82,23,189,81,0,85,19,26,176,46,9,144,170,95,38,139,178,138,51,50,34,194,180,4,84,67,32,72,163,25,70,65,16,117,77,113,156,71,165,91,184,8,173,18,131,110,101,59,80,100,30,134,148,11,97,58,175,151,7,191,181,68,198,142,137,158,54,52,119,187,39,107,55,14,13,111,132,89,75,129,15,135,53,183,69,159,164,90,28,155,73,99,106,136,115,152,35,161,102,86,133,76,122,116,104,125,145,56,21,108,192,40,169,182,29,154,60,177,27,43,127,96,171,141,98,114,64,79,179,47,88,5,186,199,83,153,166,24,150,10,185,62,120,197,168,17,48,63];False
2561;7044;9605;[20,146,31,190,109,118,6,193,172,12,130,22,195,112,93,147,66,157,103,105,74,188,87,37,174,149,167,61,45,123,41,49,78,128,42,57,3,121,162,126,143,160,91,1,33,124,94,196,36,44,140,92,82,23,189,81,0,85,19,26,176,46,9,144,170,95,38,139,178,138,51,50,34,194,180,4,84,67,32,72,163,25,70,65,16,117,77,113,156,71,165,2,184,8,173,18,131,110,101,59,80,100,30,134,148,11,97,58,175,151,7,191,181,68,198,142,137,158,54,52,119,187,39,107,55,14,13,111,132,89,75,129,15,135,53,183,69,159,164,90,28,155,73,99,106,136,115,152,35,161,102,86,133,76,122,116,104,125,145,56,21,108,192,40,169,182,29,154,60,177,27,43,127,96,171,141,98,114,64,79,179,47,88,5,186,199,83,153,166,24,150,10,185,62,120,197,168,17,48,63];True
2556;7055;9611;[20,146,31,190,109,118,6,193,172,12,130,22,195,112,93,147,66,157,103,105,74,188,87,37,174,149,167,61,45,123,41,49,78,128,42,57,3,121,162,126,143,160,2,1,33,124,94,196,36,44,140,92,82,23,189,81,0,85,19,26,176,46,9,144,170,95,38,139,178,138,51,50,34,194,180,4,84,67,32,72,163,25,70,65,16,117,77,113,156,71,165,91,184,8,173,18,131,110,101,59,80,100,30,134,148,11,97,58,151,175,7,191,181,68,198,142,137,158,54,52,119,187,39,107,55,14,13,111,132,89,75,129,15,135,53,183,69,159,164,90,28,155,73,99,106,136,115,152,35,161,102,86,133,76,122,116,104,125,145,56,21,108,192,40,169,182,29,154,60,177,27,43,127,96,171,141,98,114,64,79,179,47,88,5,186,199,83,153,166,24,150,10,185,62,120,197,168,17,48,63];True
1557;8074;9631;[198,155,29,154,141,119,44,7,130,107,105,146,118,178,192,183,104,50,53,162,173,18,57,120,24,197,15,135,34,159,82,134,121,10,123,90,41,22,38,85,168,17,94,60,49,153,185,127,32,148,69,28,129,8,93,46,55,165,42,166,59,36,23,12,54,151,175,83,117,98,78,171,81,52,150,140,92,100,58,79,177,95,167,61,181,65,76,5,27,133,96,157,138,45,188,87,66,126,99,86,112,40,51,106,143,160,80,71,9,190,43,128,14,164,111,195,25,37,145,139,33,13,137,158,182,109,21,73,6,56,63,31,142,115,152,102,186,113,196,89,26,176,72,74,4,97,131,0,199,62,1,189,108,84,124,174,184,161,156,147,3,169,191,11,194,180,163,170,103,91,35,125,149,39,187,114,68,116,20,67,193,16,136,144,70,19,64,101,122,172,77,2,110,30,179,47,132,75,88,48];False
1563;8050;9613;[198,155,29,154,141,119,44,7,130,107,105,146,118,178,192,183,104,50,53,162,173,18,57,120,24,197,15,135,34,159,82,134,121,10,123,90,41,22,38,85,168,17,94,60,49,153,185,127,39,148,9,28,129,8,93,46,55,165,42,166,59,36,23,12,54,151,175,83,117,98,78,171,81,52,150,140,92,100,58,79,177,95,167,61,181,65,76,5,27,133,96,157,138,45,188,87,66,126,99,86,112,40,51,106,143,160,80,71,69,190,43,128,14,164,111,195,25,37,145,139,33,13,137,158,182,109,21,73,6,56,63,31,142,115,152,102,186,113,196,89,26,176,72,74,4,97,131,0,199,62,1,189,108,84,124,174,184,161,156,147,3,169,191,11,194,180,163,170,103,91,35,125,149,32,187,114,68,116,20,67,193,16,136,144,70,19,64,101,122,172,77,2,110,30,179,47,132,75,88,48];False
1557;8066;9623;[198,155,29,154,141,119,44,7,130,107,105,146,118,178,192,183,104,50,53,162,173,18,57,120,24,197,15,135,34,159,82,134,121,10,123,90,41,22,38,85,168,17,94,60,49,153,185,127,39,148,69,28,129,8,93,46,55,165,42,166,59,36,23,12,54,151,175,83,117,98,78,171,158,52,150,140,92,100,58,79,177,95,167,61,181,65,76,5,27,133,96,157,138,45,188,87,66,126,99,86,112,40,51,106,143,160,80,71,9,190,43,128,14,164,111,195,25,37,145,139,33,13,137,81,182,109,21,73,6,56,63,31,142,115,152,102,186,113,196,89,26,176,72,74,4,97,131,0,199,62,1,189,108,84,124,174,184,161,156,147,3,169,191,11,194,180,163,170,103,91,35,125,149,32,187,114,68,116,20,67,193,16,136,144,70,19,64,101,122,172,77,2,110,30,179,47,132,75,88,48];False
1541;8058;9599;[198,155,29,154,141,119,44,7,130,107,105,146,118,178,192,183,104,50,53,162,173,18,57,120,24,197,15,135,34,159,82,134,121,10,123,90,41,22,38,85,168,17,94,60,49,153,185,127,39,148,69,28,129,8,93,46,55,165,42,166,59,36,23,12,54,151,175,83,117,98,78,171,81,52,150,140,92,100,58,79,177,95,167,61,181,65,76,5,27,133,96,157,138,45,188,87,66,126,187,86,112,40,51,106,143,160,80,71,9,190,43,128,14,164,111,195,25,37,145,139,33,13,137,158,182,109,21,73,6,56,63,31,142,115,152,102,186,113,196,89,26,176,72,74,4,97,131,0,199,62,1,189,108,84,124,174,184,161,156,147,3,169,191,11,194,180,163,170,103,91,35,125,149,32,99,114,68,116,20,67,193,16,136,144,70,19,64,101,122,172,77,2,110,30,179,47,132,75,88,48];True
1558;8036;9594;[198,155,29,154,141,119,44,7,130,107,105,146,118,178,192,183,104,50,53,162,173,18,57,120,24,197,15,135,34,159,82,134,121,10,123,90,41,22,38,85,168,17,94,60,49,153,185,127,39,148,69,28,129,8,93,46,55,165,42,166,59,36,23,12,54,151,175,83,117,98,78,171,81,52,150,140,92,100,58,79,177,95,167,61,181,65,76,5,27,133,96,157,138,45,188,87,66,126,99,86,112,40,51,106,143,160,80,71,9,187,43,128,14,164,111,195,25,37,145,139,33,13,137,158,182,109,21,73,6,56,63,31,142,115,152,102,186,113,196,89,26,176,72,74,4,97,131,0,199,62,1,189,108,84,124,174,184,161,156,147,3,169,191,11,194,180,163,170,103,91,35,125,149,32,190,114,68,116,20,67,193,16,136,144,70,19,64,101,122,172,77,2,110,30,179,47,132,75,88,48];True
2652;7012;9664;[34,198,146,190,109,147,6,193,172,12,130,22,195,112,93,118,66,157,103,105,74,188,87,37,174,149,167,61,45,138,41,49,78,128,42,57,3,121,162,126,143,160,91,1,33,124,94,196,36,44,140,92,82,23,189,81,0,85,19,26,176,46,9,178,170,95,38,139,144,20,51,50,31,194,180,4,84,67,32,72,163,25,70,65,16,117,77,113,156,71,165,2,184,8,173,18,131,110,101,59,80,100,30,134,148,11,97,58,175,151,7,191,181,68,123,142,137,158,54,52,119,187,39,107,55,14,13,111,132,89,75,129,15,135,53,183,69,159,164,90,28,155,73,99,106,136,115,152,35,161,102,86,133,76,122,116,104,125,145,56,21,108,192,40,169,182,29,154,60,177,27,43,127,96,171,141,98,114,64,79,179,47,88,5,186,199,83,153,166,24,150,10,185,62,120,197,168,17,48,63];True
2568;7043;9611;[34,123,146,190,109,118,6,193,172,12,130,22,195,112,93,147,66,157,103,105,74,188,87,37,174,149,167,61,45,138,41,49,78,128,42,57,3,121,162,126,143,160,91,1,33,124,94,196,36,44,140,92,82,23,189,81,0,85,19,26,176,46,9,178,170,95,38,139,144,20,51,50,31,194,180,4,84,67,32,72,163,25,70,65,16,117,77,113,156,71,165,2,184,8,173,18,131,110,101,59,80,100,30,134,148,11,97,58,175,151,7,191,181,68,198,142,137,158,54,52,119,187,39,107,55,14,13,111,132,89,75,129,15,135,53,183,69,159,164,90,28,155,73,99,106,136,115,152,35,161,102,86,133,76,122,116,104,125,145,56,21,108,192,40,169,182,29,154,60,177,27,43,127,96,171,141,98,114,64,79,179,47,88,5,186,199,83,153,166,24,150,10,185,62,120,197,168,17,48,63];True
2603;7027;9630;[34,123,146,190,109,147,6,193,172,12,130,22,195,112,93,118,66,157,103,105,74,188,87,37,174,149,167,61,45,138,41,49,78,128,42,57,3,121,162,126,143,160,91,1,33,124,94,196,36,44,140,92,82,23,189,81,0,85,19,26,176,46,9,144,170,95,38,139,178,20,51,50,31,194,180,4,84,67,32,72,163,25,70,65,16,117,77,113,156,71,165,2,184,8,173,18,131,110,101,59,80,100,30,134,148,11,97,58,175,151,7,191,181,68,198,142,137,158,54,52,119,187,39,107,55,14,13,111,132,89,75,129,15,135,53,183,69,159,164,90,28,155,73,99,106,136,115,152,35,161,102,86,133,76,122,116,104,125,145,56,21,108,192,40,169,182,29,154,60,177,27,43,127,96,171,141,98,114,64,79,179,47,88,5,186,199,83,153,166,24,150,10,185,62,120,197,168,17,48,63];True
2634;7026;9660;[34,103,105,190,109,118,6,193,172,12,130,22,195,112,93,147,66,157,20,51,74,188,87,37,174,149,167,61,45,138,41,49,78,128,42,57,3,121,162,126,143,160,91,1,33,124,94,196,36,44,140,92,82,23,189,81,0,85,19,26,176,46,9,178,170,95,38,139,144,146,123,50,31,194,180,4,84,67,32,72,163,25,70,65,16,117,77,113,156,71,165,2,184,8,173,18,131,110,101,59,80,100,30,134,148,11,97,58,151,175,7,191,181,68,198,142,137,158,54,52,119,187,39,107,55,14,13,111,132,89,75,129,15,135,53,183,69,159,164,90,28,155,73,99,106,136,115,152,35,161,102,86,133,76,122,116,104,125,145,56,21,108,192,40,169,182,29,154,60,177,27,43,127,96,171,141,98,114,64,79,179,47,88,5,186,199,83,153,166,24,150,10,185,62,120,197,168,17,48,63];True
2729;7004;9733;[34,103,105,190,109,118,6,193,172,12,130,22,195,112,93,147,66,157,20,51,74,188,87,37,174,149,167,61,45,138,41,49,78,128,42,57,3,121,162,126,143,160,91,1,33,124,94,196,36,44,140,92,82,23,189,81,0,85,19,26,176,46,9,178,170,95,38,139,144,146,123,50,31,194,180,4,84,67,32,72,163,25,70,65,16,117,77,113,156,71,165,2,184,8,173,18,131,110,101,59,80,100,30,134,148,11,97,58,175,151,7,191,181,68,198,142,137,158,62,52,119,187,39,107,55,14,13,111,132,89,75,129,15,135,53,183,69,159,164,90,28,155,73,99,106,136,115,152,35,161,102,86,133,76,122,116,104,125,145,56,21,108,192,40,169,182,29,154,60,177,27,43,127,96,171,141,98,114,64,79,179,47,88,5,186,199,83,153,166,24,150,10,185,54,120,197,168,17,48,63];True
2757;7000;9757;[34,103,105,190,109,118,6,193,172,12,130,22,195,112,93,178,66,157,20,51,74,188,87,37,174,149,167,61,45,138,41,49,78,128,42,57,191,121,162,126,143,160,91,1,33,124,94,196,36,44,140,92,82,23,189,81,0,85,19,26,176,46,9,147,3,95,38,139,144,146,123,50,31,194,180,4,84,67,32,72,163,25,70,65,16,117,77,113,156,71,165,2,184,8,173,18,131,110,101,59,80,100,30,134,148,11,97,58,175,151,7,170,181,68,198,142,137,158,54,52,119,187,39,107,55,14,13,111,132,89,75,129,15,135,53,183,69,159,164,90,28,155,73,99,106,136,115,152,35,161,102,86,133,76,122,116,104,125,145,56,21,108,192,40,169,182,29,154,60,177,27,43,127,96,171,141,98,114,64,79,179,47,88,5,186,199,83,153,166,24,150,10,185,62,120,197,168,17,48,63];True
2752;7003;9755;[34,103,105,190,109,118,6,193,172,12,130,22,195,112,93,147,66,157,20,51,74,188,87,37,174,149,167,61,45,138,178,49,78,128,42,57,191,121,162,126,143,160,91,1,33,124,94,196,36,44,140,92,82,23,189,81,0,85,19,26,176,46,9,41,3,95,38,139,144,146,123,50,31,194,180,4,84,67,32,72,163,25,70,65,16,117,77,113,156,71,165,2,184,8,173,18,131,110,101,59,80,100,30,134,148,11,97,58,175,151,7,170,181,68,198,142,137,158,54,52,119,187,39,107,55,14,13,111,132,89,75,129,15,135,53,183,69,159,164,90,28,155,73,99,106,136,115,152,35,161,102,86,133,76,122,116,104,125,145,56,21,108,192,40,169,182,29,154,60,177,27,43,127,96,171,141,98,114,64,79,179,47,88,5,186,199,83,153,166,24,150,10,185,62,120,197,168,17,48,63];False
2722;7010;9732;[34,103,105,190,109,118,6,193,172,12,130,22,195,112,93,147,66,157,20,51,74,188,87,37,174,149,167,61,45,138,41,49,78,128,42,57,191,121,162,126,143,160,91,1,33,124,94,196,36,44,140,92,82,23,189,81,0,85,19,26,176,46,9,178,3,95,38,139,144,146,123,50,31,194,180,4,84,67,32,72,163,25,70,65,16,117,77,113,156,71,165,2,184,8,173,18,131,110,101,59,80,100,30,134,148,11,97,58,151,175,7,170,181,68,198,142,137,158,54,52,119,187,39,107,55,14,13,111,132,89,75,129,15,135,53,183,69,159,164,90,28,155,73,99,106,136,115,152,35,161,102,86,133,76,122,116,104,125,145,56,21,108,192,40,169,182,29,154,60,177,27,43,127,96,171,141,98,114,64,79,179,47,88,5,186,199,83,153,166,24,150,10,185,62,120,197,168,17,48,63];True
2806;6993;9799;[34,103,105,190,109,147,6,193,172,132,130,22,195,112,93,118,66,157,20,51,74,188,87,37,174,149,167,61,45,138,41,49,78,128,42,57,191,121,162,126,143,160,91,1,33,124,94,196,36,44,140,92,82,23,189,81,0,85,19,26,176,46,9,178,3,95,38,139,144,146,123,50,31,194,180,4,84,67,32,72,163,25,70,65,16,117,77,113,156,71,165,2,184,8,173,18,131,110,101,59,80,100,30,134,148,11,97,58,175,151,7,170,181,68,198,142,137,158,54,52,119,187,39,107,55,14,13,111,12,89,75,129,15,135,53,183,69,159,164,90,28,155,73,99,106,136,115,152,35,161,102,86,133,76,122,116,104,125,145,56,21,108,192,40,169,182,29,154,60,177,27,43,127,96,171,141,98,114,64,79,179,47,88,5,186,199,83,153,166,24,150,10,185,62,120,197,168,17,48,63];False
2789;6992;9781;[34,103,105,190,109,147,6,193,172,12,130,22,195,112,93,118,66,157,20,51,74,188,87,37,174,149,167,61,45,138,178,49,78,128,42,57,191,121,162,126,143,160,91,1,33,124,94,196,36,44,140,92,82,23,189,81,0,85,19,26,176,46,9,41,3,95,38,139,144,146,123,50,31,194,180,4,84,67,32,72,163,25,70,65,16,117,77,113,156,71,165,2,184,8,173,18,131,110,101,59,80,100,30,134,148,11,97,58,175,151,7,170,181,68,198,142,137,158,54,52,119,187,39,107,55,14,13,111,132,89,75,129,15,135,53,183,69,159,164,90,28,155,73,99,106,136,115,152,35,161,102,86,133,76,122,116,104,125,145,56,21,108,192,40,169,182,29,154,60,177,27,43,127,96,171,141,98,114,64,79,179,47,88,5,186,199,83,153,166,24,150,10,185,62,120,197,168,17,48,63];True
2839;6985;9824;[34,103,105,190,109,147,6,193,172,12,130,22,195,112,93,118,66,157,20,51,74,188,87,37,174,149,167,61,45,138,41,49,78,128,42,57,191,121,162,126,143,160,91,1,33,124,94,196,36,104,140,92,82,23,189,81,0,85,19,26,176,46,9,178,3,95,38,139,144,146,123,50,31,194,180,4,84,67,32,72,163,25,70,65,16,117,77,113,156,71,165,2,184,8,173,18,131,110,101,59,80,100,30,134,148,11,97,58,175,151,7,170,181,68,198,142,137,158,54,52,119,187,39,107,55,14,13,111,132,89,75,129,15,135,53,183,69,159,164,90,28,155,73,99,106,136,115,152,35,161,102,86,133,76,122,116,44,125,145,56,21,108,192,40,169,182,29,154,60,177,27,43,127,96,171,141,98,114,64,79,179,47,88,5,186,199,83,153,166,24,150,10,185,62,120,197,168,17,48,63];False
2830;6986;9816;[34,103,105,190,109,147,6,193,172,12,130,22,195,112,93,118,66,157,20,51,74,188,87,37,174,149,167,61,45,138,41,49,78,128,42,57,191,121,162,126,143,160,91,1,33,124,94,196,36,44,140,17,82,23,189,81,0,85,19,26,176,46,9,178,3,95,38,139,144,146,123,50,31,194,180,4,84,67,32,72,163,25,70,65,16,117,77,113,156,71,165,2,184,8,173,18,131,110,101,59,80,100,30,134,148,11,97,58,175,151,7,170,181,68,198,142,137,158,54,52,119,187,39,107,55,14,13,111,132,89,75,129,15,135,53,183,69,159,164,90,28,155,73,99,106,136,115,152,35,161,102,86,133,76,122,116,104,125,145,56,21,108,192,40,169,182,29,154,60,177,27,43,127,96,171,141,98,114,64,79,179,47,88,5,186,199,83,153,166,24,150,10,185,62,120,197,168,92,48,63];False
2820;6986;9806;[34,103,105,190,109,147,6,193,172,12,130,22,195,112,93,118,66,157,20,51,74,188,87,37,174,149,167,61,45,138,41,49,78,128,42,57,191,121,162,126,143,160,91,1,33,124,94,196,36,44,140,92,82,23,189,81,0,85,19,26,176,46,9,178,3,95,38,139,144,123,146,50,31,194,180,4,84,67,32,72,163,25,70,65,16,117,77,113,156,71,165,2,184,8,173,18,131,110,101,59,80,100,30,134,148,11,97,58,175,151,7,170,181,68,198,142,137,158,54,52,119,187,39,107,55,14,13,111,132,89,75,129,15,135,53,183,69,159,164,90,28,155,73,99,106,136,115,152,35,161,102,86,133,76,122,116,104,125,145,56,21,108,192,40,169,182,29,154,60,177,27,43,127,96,171,141,98,114,64,79,179,47,88,5,186,199,83,153,166,24,150,10,185,62,120,197,168,17,48,63];True
2746;7003;9749;[34,103,105,190,109,147,6,193,172,12,130,22,195,112,93,118,66,157,20,51,74,188,87,37,174,149,167,61,45,138,41,49,78,128,42,57,191,121,162,126,143,160,91,1,33,124,94,196,36,44,140,92,82,23,189,81,0,85,19,26,176,46,9,178,3,95,38,139,144,146,50,123,31,194,180,4,84,67,32,72,163,25,70,65,16,117,77,113,156,71,165,2,184,8,173,18,131,110,101,59,80,100,30,134,148,11,97,58,175,151,7,170,181,68,198,142,137,158,54,52,119,187,39,107,55,14,13,111,132,89,75,129,15,135,53,183,69,159,164,90,28,155,73,99,106,136,115,152,35,161,102,86,133,76,122,116,104,125,145,56,21,108,192,40,169,182,29,154,60,177,27,43,127,96,171,141,98,114,64,79,179,47,88,5,186,199,83,153,166,24,150,10,185,62,120,197,168,17,48,63];True
2797;6990;9787;[34,103,105,190,109,147,6,193,172,12,130,22,195,112,93,118,66,157,20,51,74,188,87,37,174,149,167,61,45,138,41,49,78,128,42,57,191,121,162,126,143,160,91,1,33,124,94,196,36,44,140,92,82,23,189,81,0,85,19,26,176,46,9,178,3,95,38,139,144,146,123,50,31,194,180,4,84,67,32,72,163,25,70,65,16,117,77,113,156,71,165,2,184,8,173,18,131,110,101,59,80,100,30,134,119,11,97,58,175,151,7,170,181,68,198,142,137,158,54,52,148,187,39,107,55,14,13,111,132,89,75,129,15,135,53,183,69,159,164,90,28,155,73,99,106,136,115,152,35,161,102,86,133,76,122,116,104,125,145,56,21,108,192,40,169,182,29,154,60,177,27,43,127,96,171,141,98,114,64,79,179,47,88,5,186,199,83,153,166,24,150,10,185,62,120,197,168,17,48,63];True
2759;6999;9758;[34,103,105,190,109,147,6,193,172,12,130,22,195,112,93,118,66,157,20,51,74,188,87,37,174,149,167,61,45,138,41,49,78,128,42,57,191,121,162,126,143,160,91,1,33,124,94,196,36,44,140,92,82,23,189,81,0,85,19,26,176,46,9,178,3,95,38,139,144,146,123,50,31,194,180,4,84,67,32,72,163,25,70,65,16,117,77,113,156,71,165,2,184,8,173,18,131,110,101,59,80,100,30,134,148,11,97,58,151,175,7,170,181,68,198,142,137,158,54,52,119,187,39,107,55,14,13,111,132,89,75,129,15,135,53,183,69,159,164,90,28,155,73,99,106,136,115,152,35,161,102,86,133,76,122,116,104,125,145,56,21,108,192,40,169,182,29,154,60,177,27,43,127,96,171,141,98,114,64,79,179,47,88,5,186,199,83,153,166,24,150,10,185,62,120,197,168,17,48,63];True
2849;6983;9832;[34,103,105,190,109,147,6,193,172,12,130,22,195,112,93,118,66,157,20,51,74,188,87,37,174,149,167,61,45,138,41,49,78,128,42,57,3,121,162,126,143,160,91,1,33,124,94,196,36,104,140,92,82,23,189,81,0,85,19,26,176,46,9,178,191,95,38,139,144,146,123,50,31,194,180,4,84,67,32,72,163,25,70,65,16,117,77,113,156,71,165,2,184,8,173,18,131,110,101,59,80,100,30,134,148,11,97,58,175,151,7,170,181,68,198,142,137,158,54,52,119,187,39,107,55,14,13,111,132,89,75,129,15,135,53,183,69,159,164,90,28,155,73,99,106,136,115,152,35,161,102,86,133,76,122,116,44,125,145,56,21,108,192,40,169,182,29,154,60,177,27,43,127,96,171,141,98,114,64,79,179,47,88,5,186,199,83,153,166,24,150,10,185,62,120,197,168,17,48,63];False
2840;6984;9824;[34,103,105,190,109,147,6,193,172,12,130,22,195,112,93,118,66,157,20,51,74,188,87,37,174,149,167,61,45,138,41,49,78,128,42,57,3,121,162,126,143,160,91,1,33,124,94,196,36,44,140,17,82,23,189,81,0,85,19,26,176,46,9,178,191,95,38,139,144,146,123,50,31,194,180,4,84,67,32,72,163,25,70,65,16,117,77,113,156,71,165,2,184,8,173,18,131,110,101,59,80,100,30,134,148,11,97,58,175,151,7,170,181,68,198,142,137,158,54,52,119,187,39,107,55,14,13,111,132,89,75,129,15,135,53,183,69,159,164,90,28,155,73,99,106,136,115,152,35,161,102,86,133,76,122,116,104,125,145,56,21,108,192,40,169,182,29,154,60,177,27,43,127,96,171,141,98,114,64,79,179,47,88,5,186,199,83,153,166,24,150,10,185,62,120,197,168,92,48,63];False
2830;6984;9814;[34,103,105,190,109,147,6,193,172,12,130,22,195,112,93,118,66,157,20,51,74,188,87,37,174,149,167,61,45,138,41,49,78,128,42,57,3,121,162,126,143,160,91,1,33,124,94,196,36,44,140,92,82,23,189,81,0,85,19,26,176,46,9,178,191,95,38,139,144,123,146,50,31,194,180,4,84,67,32,72,163,25,70,65,16,117,77,113,156,71,165,2,184,8,173,18,131,110,101,59,80,100,30,134,148,11,97,58,175,151,7,170,181,68,198,142,137,158,54,52,119,187,39,107,55,14,13,111,132,89,75,129,15,135,53,183,69,159,164,90,28,155,73,99,106,136,115,152,35,161,102,86,133,76,122,116,104,125,145,56,21,108,192,40,169,182,29,154,60,177,27,43,127,96,171,141,98,114,64,79,179,47,88,5,186,199,83,153,166,24,150,10,185,62,120,197,168,17,48,63];True
2756;7001;9757;[34,103,105,190,109,147,6,193,172,12,130,22,195,112,93,118,66,157,20,51,74,188,87,37,174,149,167,61,45,138,41,49,78,128,42,57,3,121,162,126,143,160,91,1,33,124,94,196,36,44,140,92,82,23,189,81,0,85,19,26,176,46,9,178,191,95,38,139,144,146,50,123,31,194,180,4,84,67,32,72,163,25,70,65,16,117,77,113,156,71,165,2,184,8,173,18,131,110,101,59,80,100,30,134,148,11,97,58,175,151,7,170,181,68,198,142,137,158,54,52,119,187,39,107,55,14,13,111,132,89,75,129,15,135,53,183,69,159,164,90,28,155,73,99,106,136,115,152,35,161,102,86,133,76,122,116,104,125,145,56,21,108,192,40,169,182,29,154,60,177,27,43,127,96,171,141,98,114,64,79,179,47,88,5,186,199,83,153,166,24,150,10,185,62,120,197,168,17,48,63];True
2807;6988;9795;[34,103,105,190,109,147,6,193,172,12,130,22,195,112,93,118,66,157,20,51,74,188,87,37,174,149,167,61,45,138,41,49,78,128,42,57,3,121,162,126,143,160,91,1,33,124,94,196,36,44,140,92,82,23,189,81,0,85,19,26,176,46,9,178,191,95,38,139,144,146,123,50,31,194,180,4,84,67,32,72,163,25,70,65,16,117,77,113,156,71,165,2,184,8,173,18,131,110,101,59,80,100,30,134,119,11,97,58,175,151,7,170,181,68,198,142,137,158,54,52,148,187,39,107,55,14,13,111,132,89,75,129,15,135,53,183,69,159,164,90,28,155,73,99,106,136,115,152,35,161,102,86,133,76,122,116,104,125,145,56,21,108,192,40,169,182,29,154,60,177,27,43,127,96,171,141,98,114,64,79,179,47,88,5,186,199,83,153,166,24,150,10,185,62,120,197,168,17,48,63];True
2769;6997;9766;[34,103,105,190,109,147,6,193,172,12,130,22,195,112,93,118,66,157,20,51,74,188,87,37,174,149,167,61,45,138,41,49,78,128,42,57,3,121,162,126,143,160,91,1,33,124,94,196,36,44,140,92,82,23,189,81,0,85,19,26,176,46,9,178,191,95,38,139,144,146,123,50,31,194,180,4,84,67,32,72,163,25,70,65,16,117,77,113,156,71,165,2,184,8,173,18,131,110,101,59,80,100,30,134,148,11,97,58,151,175,7,170,181,68,198,142,137,158,54,52,119,187,39,107,55,14,13,111,132,89,75,129,15,135,53,183,69,159,164,90,28,155,73,99,106,136,115,152,35,161,102,86,133,76,122,116,104,125,145,56,21,108,192,40,169,182,29,154,60,177,27,43,127,96,171,141,98,114,64,79,179,47,88,5,186,199,83,153,166,24,150,10,185,62,120,197,168,17,48,63];True
2864;6975;9839;[34,103,105,190,109,147,6,193,172,12,130,22,195,112,93,118,66,157,20,51,74,188,87,37,174,149,167,61,45,138,41,49,78,128,42,57,3,121,162,126,143,160,91,1,33,124,94,196,36,44,140,92,82,23,189,81,0,85,19,26,176,46,9,178,191,95,38,139,144,146,123,50,31,194,180,4,84,67,32,72,163,25,70,65,16,117,77,113,156,71,165,2,184,8,173,18,131,110,101,59,80,100,30,134,148,11,97,58,175,151,7,170,181,68,198,142,137,158,62,52,119,187,39,107,55,14,13,111,132,89,75,129,15,135,53,183,69,159,164,90,28,155,73,99,106,136,115,152,35,161,102,86,133,76,122,116,104,125,145,56,21,108,192,40,169,182,29,154,60,177,27,43,127,96,171,141,98,114,64,79,179,47,88,5,186,199,83,153,166,24,150,10,185,54,120,197,168,17,48,63];True
1533;8244;9777;[29,71,63,69,141,119,148,128,130,107,105,44,140,178,192,183,154,50,53,162,173,18,57,120,24,197,15,118,198,159,82,134,121,10,123,90,41,22,38,150,168,58,42,60,49,153,185,127,39,187,147,100,129,8,93,46,55,155,67,166,59,36,23,12,54,151,175,83,117,98,78,171,81,52,174,135,14,94,146,79,177,95,167,61,181,65,76,5,27,133,96,157,138,45,188,87,66,126,124,86,112,40,51,106,143,160,80,28,9,190,43,7,85,164,111,195,25,37,145,139,33,13,137,158,182,109,21,73,6,56,92,31,142,115,152,102,186,113,196,89,26,176,72,74,4,97,131,0,199,62,1,189,108,84,34,165,184,161,156,104,3,169,191,11,194,180,163,170,103,91,35,125,149,32,99,114,68,20,116,17,193,16,136,144,70,19,64,101,122,172,77,2,110,30,179,47,132,75,88,48];True
2900;6972;9872;[34,103,105,190,109,147,6,193,172,132,130,22,195,112,93,118,66,157,20,51,74,188,87,37,174,149,167,61,45,138,41,49,78,128,42,57,191,121,162,126,143,160,91,1,33,124,94,196,36,44,140,92,82,23,189,81,0,85,19,26,176,46,9,178,3,95,38,139,144,146,123,50,31,194,180,4,84,67,32,72,163,25,70,65,16,117,77,113,156,71,165,2,184,8,173,18,131,110,101,59,80,100,30,134,148,11,97,58,175,151,7,170,181,68,198,142,137,158,62,52,119,187,39,107,55,14,13,111,12,89,75,129,15,135,53,183,69,159,164,90,28,155,73,99,106,136,115,152,35,161,102,86,133,76,122,116,104,125,145,56,21,108,192,40,169,182,29,154,60,177,27,43,127,96,171,141,98,114,64,79,179,47,88,5,186,199,83,153,166,24,150,10,185,54,120,197,168,17,48,63];False
2949;6967;9916;[34,103,105,190,109,147,6,193,172,12,130,22,195,112,93,118,66,157,20,123,74,188,87,37,174,149,167,61,45,138,41,49,78,128,42,57,191,121,162,126,143,160,91,1,33,124,94,196,36,44,140,92,82,23,189,81,0,85,19,26,176,46,9,178,3,95,38,139,144,146,51,50,31,194,180,4,84,67,32,72,163,25,70,65,16,117,77,113,156,71,165,2,184,8,173,18,131,110,101,59,80,100,30,134,148,11,97,58,175,151,7,170,181,68,198,142,137,158,62,52,119,187,39,107,55,14,13,111,132,89,75,129,15,135,53,183,69,159,164,90,28,155,73,99,106,136,115,152,35,161,102,86,133,76,122,116,104,125,145,56,21,108,192,40,169,182,29,154,60,177,27,43,127,96,171,141,98,114,64,79,179,47,88,5,186,199,83,153,166,24,150,10,185,54,120,197,168,17,48,63];False
2883;6971;9854;[34,103,105,190,109,147,6,193,172,12,130,22,195,112,93,118,66,157,20,51,74,188,87,37,174,149,167,61,45,138,178,49,78,128,42,57,191,121,162,126,143,160,91,1,33,124,94,196,36,44,140,92,82,23,189,81,0,85,19,26,176,46,9,41,3,95,38,139,144,146,123,50,31,194,180,4,84,67,32,72,163,25,70,65,16,117,77,113,156,71,165,2,184,8,173,18,131,110,101,59,80,100,30,134,148,11,97,58,175,151,7,170,181,68,198,142,137,158,62,52,119,187,39,107,55,14,13,111,132,89,75,129,15,135,53,183,69,159,164,90,28,155,73,99,106,136,115,152,35,161,102,86,133,76,122,116,104,125,145,56,21,108,192,40,169,182,29,154,60,177,27,43,127,96,171,141,98,114,64,79,179,47,88,5,186,199,83,153,166,24,150,10,185,54,120,197,168,17,48,63];True
2990;6962;9952;[34,103,105,190,109,147,6,193,172,12,130,22,195,112,93,118,66,157,20,51,74,188,87,37,174,149,167,61,45,138,41,187,78,128,42,57,191,121,162,126,143,160,91,1,33,124,94,196,36,44,140,92,82,23,189,81,0,85,19,26,176,46,9,178,3,95,38,139,144,146,123,50,31,194,180,4,84,67,32,72,163,25,70,65,16,117,77,113,156,71,165,2,184,8,173,18,131,110,101,59,80,100,30,134,148,11,97,58,175,151,7,170,181,68,198,142,137,158,62,52,119,49,39,107,55,14,13,111,132,89,75,129,15,135,53,183,69,159,164,90,28,155,73,99,106,136,115,152,35,161,102,86,133,76,122,116,104,125,145,56,21,108,192,40,169,182,29,154,60,177,27,43,127,96,171,141,98,114,64,79,179,47,88,5,186,199,83,153,166,24,150,10,185,54,120,197,168,17,48,63];False
2981;6964;9945;[34,103,105,190,109,147,6,193,172,12,130,22,195,112,93,118,66,157,20,51,74,188,87,37,174,149,167,61,45,138,41,49,78,128,171,57,191,121,162,126,143,160,91,1,33,124,94,196,36,44,140,92,82,23,189,81,0,85,19,26,176,46,9,178,3,95,38,139,144,146,123,50,31,194,180,4,84,67,32,72,163,25,70,65,16,117,77,113,156,71,165,2,184,8,173,18,131,110,101,59,80,100,30,134,148,11,97,58,175,151,7,170,181,68,198,142,137,158,62,52,119,187,39,107,55,14,13,111,132,89,75,129,15,135,53,183,69,159,164,90,28,155,73,99,106,136,115,152,35,161,102,86,133,76,122,116,104,125,145,56,21,108,192,40,169,182,29,154,60,177,27,43,127,96,42,141,98,114,64,79,179,47,88,5,186,199,83,153,166,24,150,10,185,54,120,197,168,17,48,63];False
3047;6955;10002;[34,103,105,190,109,147,6,193,172,12,130,22,195,112,93,118,66,157,20,51,74,188,87,37,174,149,167,61,45,138,41,49,78,128,42,57,191,121,162,126,143,160,91,1,33,124,94,196,88,44,140,92,82,23,189,81,0,85,19,26,176,46,9,178,3,95,38,139,144,146,123,50,31,194,180,4,84,67,32,72,163,25,70,65,16,117,77,113,156,71,165,2,184,8,173,18,131,110,101,59,80,100,30,134,148,11,97,58,175,151,7,170,181,68,198,142,137,158,62,52,119,187,39,107,55,14,13,111,132,89,75,129,15,135,53,183,69,159,164,90,28,155,73,99,106,136,115,152,35,161,102,86,133,76,122,116,104,125,145,56,21,108,192,40,169,182,29,154,60,177,27,43,127,96,171,141,98,114,64,79,179,47,36,5,186,199,83,153,166,24,150,10,185,54,120,197,168,17,48,63];True
2933;6964;9897;[34,103,105,190,109,147,6,193,172,12,130,22,195,112,93,118,66,157,20,51,74,188,87,37,174,149,167,61,45,138,41,49,78,128,42,57,191,121,162,126,143,160,91,1,33,124,94,196,36,104,140,92,82,23,189,81,0,85,19,26,176,46,9,178,3,95,38,139,144,146,123,50,31,194,180,4,84,67,32,72,163,25,70,65,16,117,77,113,156,71,165,2,184,8,173,18,131,110,101,59,80,100,30,134,148,11,97,58,175,151,7,170,181,68,198,142,137,158,62,52,119,187,39,107,55,14,13,111,132,89,75,129,15,135,53,183,69,159,164,90,28,155,73,99,106,136,115,152,35,161,102,86,133,76,122,116,44,125,145,56,21,108,192,40,169,182,29,154,60,177,27,43,127,96,171,141,98,114,64,79,179,47,88,5,186,199,83,153,166,24,150,10,185,54,120,197,168,17,48,63];True
2924;6965;9889;[34,103,105,190,109,147,6,193,172,12,130,22,195,112,93,118,66,157,20,51,74,188,87,37,174,149,167,61,45,138,41,49,78,128,42,57,191,121,162,126,143,160,91,1,33,124,94,196,36,44,140,17,82,23,189,81,0,85,19,26,176,46,9,178,3,95,38,139,144,146,123,50,31,194,180,4,84,67,32,72,163,25,70,65,16,117,77,113,156,71,165,2,184,8,173,18,131,110,101,59,80,100,30,134,148,11,97,58,175,151,7,170,181,68,198,142,137,158,62,52,119,187,39,107,55,14,13,111,132,89,75,129,15,135,53,183,69,159,164,90,28,155,73,99,106,136,115,152,35,161,102,86,133,76,122,116,104,125,145,56,21,108,192,40,169,182,29,154,60,177,27,43,127,96,171,141,98,114,64,79,179,47,88,5,186,199,83,153,166,24,150,10,185,54,120,197,168,92,48,63];False
2914;6965;9879;[34,103,105,190,109,147,6,193,172,12,130,22,195,112,93,118,66,157,20,51,74,188,87,37,174,149,167,61,45,138,41,49,78,128,42,57,191,121,162,126,143,160,91,1,33,124,94,196,36,44,140,92,82,23,189,81,0,85,19,26,176,46,9,178,3,95,38,139,144,123,146,50,31,194,180,4,84,67,32,72,163,25,70,65,16,117,77,113,156,71,165,2,184,8,173,18,131,110,101,59,80,100,30,134,148,11,97,58,175,151,7,170,181,68,198,142,137,158,62,52,119,187,39,107,55,14,13,111,132,89,75,129,15,135,53,183,69,159,164,90,28,155,73,99,106,136,115,152,35,161,102,86,133,76,122,116,104,125,145,56,21,108,192,40,169,182,29,154,60,177,27,43,127,96,171,141,98,114,64,79,179,47,88,5,186,199,83,153,166,24,150,10,185,54,120,197,168,17,48,63];True
2840;6982;9822;[34,103,105,190,109,147,6,193,172,12,130,22,195,112,93,118,66,157,20,51,74,188,87,37,174,149,167,61,45,138,41,49,78,128,42,57,191,121,162,126,143,160,91,1,33,124,94,196,36,44,140,92,82,23,189,81,0,85,19,26,176,46,9,178,3,95,38,139,144,146,50,123,31,194,180,4,84,67,32,72,163,25,70,65,16,117,77,113,156,71,165,2,184,8,173,18,131,110,101,59,80,100,30,134,148,11,97,58,175,151,7,170,181,68,198,142,137,158,62,52,119,187,39,107,55,14,13,111,132,89,75,129,15,135,53,183,69,159,164,90,28,155,73,99,106,136,115,152,35,161,102,86,133,76,122,116,104,125,145,56,21,108,192,40,169,182,29,154,60,177,27,43,127,96,171,141,98,114,64,79,179,47,88,5,186,199,83,153,166,24,150,10,185,54,120,197,168,17,48,63];True
2891;6969;9860;[34,103,105,190,109,147,6,193,172,12,130,22,195,112,93,118,66,157,20,51,74,188,87,37,174,149,167,61,45,138,41,49,78,128,42,57,191,121,162,126,143,160,91,1,33,124,94,196,36,44,140,92,82,23,189,81,0,85,19,26,176,46,9,178,3,95,38,139,144,146,123,50,31,194,180,4,84,67,32,72,163,25,70,65,16,117,77,113,156,71,165,2,184,8,173,18,131,110,101,59,80,100,30,134,119,11,97,58,175,151,7,170,181,68,198,142,137,158,62,52,148,187,39,107,55,14,13,111,132,89,75,129,15,135,53,183,69,159,164,90,28,155,73,99,106,136,115,152,35,161,102,86,133,76,122,116,104,125,145,56,21,108,192,40,169,182,29,154,60,177,27,43,127,96,171,141,98,114,64,79,179,47,88,5,186,199,83,153,166,24,150,10,185,54,120,197,168,17,48,63];True
2853;6978;9831;[34,103,105,190,109,147,6,193,172,12,130,22,195,112,93,118,66,157,20,51,74,188,87,37,174,149,167,61,45,138,41,49,78,128,42,57,191,121,162,126,143,160,91,1,33,124,94,196,36,44,140,92,82,23,189,81,0,85,19,26,176,46,9,178,3,95,38,139,144,146,123,50,31,194,180,4,84,67,32,72,163,25,70,65,16,117,77,113,156,71,165,2,184,8,173,18,131,110,101,59,80,100,30,134,148,11,97,58,151,175,7,170,181,68,198,142,137,158,62,52,119,187,39,107,55,14,13,111,132,89,75,129,15,135,53,183,69,159,164,90,28,155,73,99,106,136,115,152,35,161,102,86,133,76,122,116,104,125,145,56,21,108,192,40,169,182,29,154,60,177,27,43,127,96,171,141,98,114,64,79,179,47,88,5,186,199,83,153,166,24,150,10,185,54,120,197,168,17,48,63];True
2978;6961;9939;[34,103,105,190,109,147,6,193,172,12,130,22,195,112,93,118,66,157,20,51,74,188,87,37,174,149,167,61,45,138,41,49,78,128,42,57,191,121,162,126,143,160,91,1,33,124,94,196,36,44,140,92,82,23,189,81,0,85,19,26,176,46,9,178,3,95,38,139,144,146,123,50,31,194,180,4,84,67,32,72,163,25,70,65,16,117,77,113,156,71,165,2,184,8,173,18,131,110,101,59,80,100,30,134,148,11,97,58,175,151,7,170,181,68,48,142,137,158,62,52,119,187,39,107,55,14,13,111,132,89,75,129,15,135,53,183,69,159,164,90,28,155,73,99,106,136,115,152,35,161,102,86,133,76,122,116,104,125,145,56,21,108,192,40,169,182,29,154,60,177,27,43,127,96,171,141,98,114,64,79,179,47,88,5,186,199,83,153,166,24,150,10,185,54,120,197,168,17,198,63];False
2940;6959;9899;[34,103,105,190,109,147,6,193,172,12,130,22,195,112,93,118,66,157,20,51,74,188,87,37,174,149,167,61,45,138,41,49,78,128,42,57,191,121,162,126,143,160,91,1,33,124,94,196,36,44,140,92,82,23,189,81,0,85,19,26,176,46,9,178,3,95,38,139,144,146,123,50,31,194,180,4,84,67,32,72,163,25,70,65,16,117,77,113,156,71,165,2,184,8,173,18,131,110,101,59,80,100,30,134,148,11,97,58,175,151,7,170,181,68,198,142,137,158,62,52,119,185,39,107,55,14,13,111,132,89,75,129,15,135,53,183,69,159,164,90,28,155,73,99,106,136,115,152,35,161,102,86,133,76,122,116,104,125,145,56,21,108,192,40,169,182,29,154,60,177,27,43,127,96,171,141,98,114,64,79,179,47,88,5,186,199,83,153,166,24,150,10,187,54,120,197,168,17,48,63];True
1527;8316;9843;[29,71,63,69,141,119,148,128,130,107,105,152,140,178,192,183,154,50,53,162,173,18,57,120,24,197,15,118,198,159,82,134,121,10,123,90,41,22,38,150,168,58,42,60,49,153,185,127,39,187,147,100,129,8,93,46,55,155,67,166,59,36,23,12,54,151,175,83,117,98,78,171,81,52,174,135,14,94,146,79,177,95,167,61,181,65,76,5,27,133,96,157,138,45,188,87,66,126,124,86,112,40,51,106,143,160,80,28,9,190,43,7,85,164,111,195,25,37,145,139,33,13,137,158,182,109,21,73,6,56,92,31,142,115,44,102,186,113,196,89,26,176,72,74,4,97,131,0,199,62,1,189,108,84,34,165,184,161,156,104,3,169,191,11,194,180,163,170,103,91,35,125,149,32,99,114,68,20,116,17,193,16,136,144,70,19,64,101,122,172,77,2,110,30,179,47,132,75,88,48];True
1526;8576;10102;[92,49,102,122,114,3,2,129,72,105,99,73,140,178,192,10,123,17,8,94,173,18,25,120,24,197,15,9,150,143,67,75,147,65,124,142,130,22,38,21,135,14,60,179,7,153,187,127,39,107,85,76,50,53,93,100,30,134,58,86,181,82,23,12,54,158,121,168,117,98,78,110,81,52,106,118,183,83,26,79,185,148,167,61,59,36,46,5,41,133,96,157,138,45,188,87,66,126,198,159,174,1,51,29,154,156,160,71,69,190,43,128,101,164,111,88,40,37,145,139,33,13,172,195,182,109,141,35,6,56,189,194,31,171,152,57,186,113,196,89,162,146,28,74,4,97,131,0,199,62,44,34,108,20,55,155,184,161,80,137,177,169,191,11,104,180,163,170,95,91,90,125,149,32,68,63,27,116,175,165,193,16,136,144,70,19,64,103,112,84,77,115,151,176,42,47,132,166,119,48];False
1524;8564;10088;[92,49,102,122,114,3,2,129,72,105,99,73,140,178,192,10,123,17,8,94,173,18,25,120,24,197,15,9,150,143,67,75,147,65,124,142,130,22,38,21,135,14,60,151,7,153,187,127,39,107,85,76,50,53,93,100,30,134,137,86,181,82,23,12,54,158,121,168,117,98,78,110,81,52,106,118,183,83,26,79,185,148,167,61,59,36,46,5,41,133,96,157,138,45,188,87,66,126,198,159,174,1,51,29,154,156,160,71,69,190,43,128,101,164,111,88,40,37,145,139,33,13,172,195,182,109,141,35,6,56,189,194,31,171,152,57,186,113,196,89,162,146,28,74,4,97,131,0,199,62,44,34,108,20,55,155,184,161,80,58,177,169,191,11,104,180,163,170,95,91,90,125,149,32,68,63,27,116,175,165,193,16,136,144,70,19,64,103,112,84,77,115,179,176,42,47,132,166,119,48];True
1521;8572;10093;[92,49,102,122,114,3,2,129,72,105,99,73,140,178,192,10,123,17,8,94,173,18,25,120,24,197,15,9,150,143,67,75,147,65,124,142,130,22,38,21,135,14,60,151,7,153,187,127,39,107,85,76,50,53,93,100,30,134,58,86,181,82,23,12,54,158,121,168,117,98,78,110,81,52,106,118,183,83,26,79,185,148,167,61,59,36,46,5,41,133,96,157,138,45,188,87,66,126,198,159,174,1,51,29,154,156,160,71,69,190,43,128,101,164,111,88,40,37,145,139,33,13,172,195,182,109,141,35,6,56,189,194,31,171,152,57,186,113,196,89,162,146,28,74,4,115,131,0,199,62,44,34,108,20,55,155,184,161,80,137,177,169,191,11,104,180,163,170,95,91,90,125,149,32,68,63,27,116,175,165,193,16,136,144,70,19,64,103,112,84,77,97,179,176,42,47,132,166,119,48];True
1499;8599;10098;[92,49,102,122,114,3,2,129,72,105,99,73,140,178,192,10,123,17,8,94,173,18,25,120,24,197,15,9,150,143,67,75,147,65,124,142,130,22,38,21,135,14,60,151,7,153,187,127,39,107,85,76,50,53,93,100,30,134,58,86,181,82,23,12,54,158,121,168,117,98,78,110,81,52,106,118,183,83,26,79,185,148,167,61,59,36,46,5,41,133,96,157,138,45,188,87,66,126,198,159,174,1,51,29,154,156,160,71,69,190,43,128,101,164,111,88,40,37,145,139,33,13,172,195,182,109,141,35,6,56,189,194,31,171,152,57,186,113,196,89,162,146,28,74,4,97,131,0,199,62,44,34,108,20,55,155,184,161,80,137,177,169,191,11,104,180,163,170,103,91,90,125,149,32,68,63,27,116,175,165,193,16,136,144,70,19,64,95,112,84,77,115,179,176,42,47,132,166,119,48];True
1497;8612;10109;[92,49,102,122,114,3,2,129,72,105,99,73,140,178,192,10,123,17,8,94,173,18,25,120,24,197,15,9,150,143,67,75,147,65,124,142,130,22,38,21,135,14,60,151,7,153,187,127,39,107,85,76,50,53,93,100,30,134,58,86,181,82,23,12,54,158,121,168,117,98,78,110,81,52,106,118,183,83,26,79,185,148,167,61,59,36,46,5,41,133,96,157,138,45,188,87,66,126,198,159,174,1,51,29,154,156,160,71,69,190,43,128,101,164,111,88,40,37,145,139,33,13,172,195,182,109,141,35,6,56,189,194,31,171,152,57,186,113,196,89,162,146,28,74,4,97,131,0,199,62,44,34,108,20,55,155,184,161,80,137,177,169,191,11,104,180,163,170,95,112,90,125,149,32,68,63,27,116,175,165,193,16,136,144,70,19,64,103,91,84,77,115,179,176,42,47,132,166,119,48];True
3274;6940;10214;[16,194,180,41,187,117,113,9,172,132,166,22,195,112,2,184,191,93,66,157,20,188,87,37,174,149,167,61,45,138,104,125,78,128,42,57,3,121,162,126,143,160,91,77,33,124,94,196,130,103,140,17,82,23,189,81,0,85,19,26,176,46,169,142,170,95,38,139,144,63,51,56,21,92,147,4,84,67,32,72,163,25,70,74,198,173,8,190,156,71,165,193,168,31,6,18,131,110,101,59,80,100,30,134,148,11,97,58,175,151,7,1,181,68,123,89,137,158,54,52,12,49,39,107,55,14,13,111,119,145,75,129,15,135,53,183,69,159,164,90,28,155,73,99,106,136,115,152,35,161,102,86,133,76,122,116,65,118,109,50,34,108,192,40,36,182,29,154,60,177,27,43,127,96,171,141,98,114,64,79,179,47,88,5,186,199,83,153,197,24,150,10,185,62,120,178,105,44,48,146];False
3325;6938;10263;[16,194,180,41,187,117,113,9,172,132,166,22,195,112,2,145,191,93,66,157,20,188,87,37,174,149,167,61,45,138,104,125,78,128,42,57,3,121,162,126,143,160,91,77,33,124,94,196,130,103,140,17,82,23,189,81,0,85,19,26,176,46,184,142,170,95,38,139,144,63,51,56,21,92,147,4,84,67,32,72,163,25,70,74,198,173,8,190,156,71,165,193,168,31,6,18,131,110,101,59,80,100,30,134,148,11,97,58,175,151,7,1,181,68,123,89,137,158,54,52,12,49,39,107,55,14,13,111,119,169,75,129,15,135,53,183,69,159,164,90,28,155,73,99,106,136,115,152,35,161,102,86,133,76,122,116,65,118,109,50,34,108,192,40,36,182,29,154,60,177,27,43,127,96,171,141,98,114,64,79,179,47,88,5,186,199,83,153,197,24,150,10,185,62,120,178,105,44,48,146];False
3260;6948;10208;[16,194,180,41,187,117,113,9,172,132,166,22,195,112,2,169,8,93,66,157,20,188,87,37,174,149,167,61,45,138,104,125,78,128,42,57,3,121,162,126,143,160,91,77,33,124,94,196,130,103,140,17,82,23,189,81,0,85,19,26,176,46,184,142,170,95,38,139,144,63,51,56,21,92,147,4,84,67,32,72,163,25,70,74,198,173,191,190,156,71,165,193,168,31,6,18,131,110,101,59,80,100,30,134,148,11,97,58,175,151,7,1,181,68,123,89,137,158,54,52,12,49,39,107,55,14,13,111,119,145,75,129,15,135,53,183,69,159,164,90,28,155,73,99,106,136,115,152,35,161,102,86,133,76,122,116,65,118,109,50,34,108,192,40,36,182,29,154,60,177,27,43,127,96,171,141,98,114,64,79,179,47,88,5,186,199,83,153,197,24,150,10,185,62,120,178,105,44,48,146];False
3263;6945;10208;[16,194,180,41,187,117,113,9,172,132,166,22,195,112,2,169,191,93,66,157,20,188,87,118,174,149,167,61,45,138,104,125,78,128,42,57,3,121,162,126,143,160,91,77,33,124,94,196,130,103,140,17,82,23,189,81,0,85,19,26,176,46,184,142,170,95,38,139,144,63,51,56,21,92,147,4,84,67,32,72,163,25,70,74,198,173,8,190,156,71,165,193,168,31,6,18,131,110,101,59,80,100,30,134,148,11,97,58,175,151,7,1,181,68,123,89,137,158,54,52,12,49,39,107,55,14,13,111,119,145,75,129,15,135,53,183,69,159,164,90,28,155,73,99,106,136,115,152,35,161,102,86,133,76,122,116,65,37,109,50,34,108,192,40,36,182,29,154,60,177,27,43,127,96,171,141,98,114,64,79,179,47,88,5,186,199,83,153,197,24,150,10,185,62,120,178,105,44,48,146];False
3324;6937;10261;[16,194,180,41,187,117,113,9,172,132,166,22,195,112,2,169,191,93,66,157,20,188,87,37,174,23,167,61,45,138,104,125,78,128,42,57,3,121,162,126,143,160,91,77,33,124,94,196,130,103,140,17,82,149,189,81,0,85,19,26,176,46,184,142,170,95,38,139,144,63,51,56,21,92,147,4,84,67,32,72,163,25,70,74,198,173,8,190,156,71,165,193,168,31,6,18,131,110,101,59,80,100,30,134,148,11,97,58,175,151,7,1,181,68,123,89,137,158,54,52,12,49,39,107,55,14,13,111,119,145,75,129,15,135,53,183,69,159,164,90,28,155,73,99,106,136,115,152,35,161,102,86,133,76,122,116,65,118,109,50,34,108,192,40,36,182,29,154,60,177,27,43,127,96,171,141,98,114,64,79,179,47,88,5,186,199,83,153,197,24,150,10,185,62,120,178,105,44,48,146];False
3320;6936;10256;[16,194,180,41,187,117,113,9,172,132,166,22,195,112,2,169,191,93,66,157,20,188,87,37,174,149,167,61,45,138,104,125,78,128,171,57,3,121,162,126,143,160,91,77,33,124,94,196,130,103,140,17,82,23,189,81,0,85,19,26,176,46,184,142,170,95,38,139,144,63,51,56,21,92,147,4,84,67,32,72,163,25,70,74,198,173,8,190,156,71,165,193,168,31,6,18,131,110,101,59,80,100,30,134,148,11,97,58,175,151,7,1,181,68,123,89,137,158,54,52,12,49,39,107,55,14,13,111,119,145,75,129,15,135,53,183,69,159,164,90,28,155,73,99,106,136,115,152,35,161,102,86,133,76,122,116,65,118,109,50,34,108,192,40,36,182,29,154,60,177,27,43,127,96,42,141,98,114,64,79,179,47,88,5,186,199,83,153,197,24,150,10,185,62,120,178,105,44,48,146];False
3245;6947;10192;[16,194,180,41,187,117,113,9,172,132,166,22,195,112,2,169,191,93,66,157,20,188,87,37,174,149,167,61,45,138,104,125,78,128,42,57,3,103,162,126,143,160,91,77,33,124,94,196,130,121,140,17,82,23,189,81,0,85,19,26,176,46,184,142,170,95,38,139,144,63,51,56,21,92,147,4,84,67,32,72,163,25,70,74,198,173,8,190,156,71,165,193,168,31,6,18,131,110,101,59,80,100,30,134,148,11,97,58,175,151,7,1,181,68,123,89,137,158,54,52,12,49,39,107,55,14,13,111,119,145,75,129,15,135,53,183,69,159,164,90,28,155,73,99,106,136,115,152,35,161,102,86,133,76,122,116,65,118,109,50,34,108,192,40,36,182,29,154,60,177,27,43,127,96,171,141,98,114,64,79,179,47,88,5,186,199,83,153,197,24,150,10,185,62,120,178,105,44,48,146];False
3226;6936;10162;[16,194,180,41,187,117,113,9,172,132,166,22,195,112,2,169,191,93,66,157,20,188,87,37,174,149,167,61,45,138,104,125,78,128,42,57,3,121,162,126,143,160,91,1,33,124,94,196,130,103,140,17,82,23,189,81,0,85,19,26,176,46,184,142,170,95,38,139,144,63,51,56,21,92,147,4,84,67,32,72,163,25,70,74,198,173,8,190,156,71,165,193,168,31,6,18,131,110,101,59,80,100,30,134,148,11,97,58,175,151,7,77,181,68,123,89,137,158,54,52,12,49,39,107,55,14,13,111,119,145,75,129,15,135,53,183,69,159,164,90,28,155,73,99,106,136,115,152,35,161,102,86,133,76,122,116,65,118,109,50,34,108,192,40,36,182,29,154,60,177,27,43,127,96,171,141,98,114,64,79,179,47,88,5,186,199,83,153,197,24,150,10,185,62,120,178,105,44,48,146];True
3149;6954;10103;[16,194,180,41,187,117,113,9,172,132,166,22,195,112,2,169,191,93,66,157,20,188,87,37,174,149,167,61,45,138,104,125,78,128,42,57,3,121,162,126,143,160,91,77,33,124,94,196,130,103,140,17,82,23,189,81,0,85,19,26,176,46,193,142,170,95,38,139,144,63,51,56,21,92,147,4,84,67,32,72,163,25,70,74,198,173,8,190,156,71,165,184,168,31,6,18,131,110,101,59,80,100,30,134,148,11,97,58,175,151,7,1,181,68,123,89,137,158,54,52,12,49,39,107,55,14,13,111,119,145,75,129,15,135,53,183,69,159,164,90,28,155,73,99,106,136,115,152,35,161,102,86,133,76,122,116,65,118,109,50,34,108,192,40,36,182,29,154,60,177,27,43,127,96,171,141,98,114,64,79,179,47,88,5,186,199,83,153,197,24,150,10,185,62,120,178,105,44,48,146];True
3275;6935;10210;[16,194,180,41,187,117,113,9,172,132,166,22,195,112,2,169,191,93,66,157,20,188,87,37,174,149,167,61,45,138,104,125,78,128,42,57,3,121,162,126,143,160,91,77,33,124,94,196,130,103,140,17,82,23,189,81,0,85,19,26,176,46,105,142,170,95,38,139,144,63,51,56,21,92,147,4,84,67,32,72,163,25,70,74,198,173,8,190,156,71,165,193,168,31,6,18,131,110,101,59,80,100,30,134,148,11,97,58,175,151,7,1,181,68,123,89,137,158,54,52,12,49,39,107,55,14,13,111,119,145,75,129,15,135,53,183,69,159,164,90,28,155,73,99,106,136,115,152,35,161,102,86,133,76,122,116,65,118,109,50,34,108,192,40,36,182,29,154,60,177,27,43,127,96,171,141,98,114,64,79,179,47,88,5,186,199,83,153,197,24,150,10,185,62,120,178,184,44,48,146];True
3302;6930;10232;[16,194,180,41,187,117,113,9,172,132,166,22,195,112,2,169,191,93,66,157,20,188,87,37,174,149,167,61,45,138,104,125,78,128,42,57,3,121,162,126,143,160,91,77,33,124,94,196,130,103,140,17,82,23,189,81,0,85,19,26,176,46,184,142,170,95,40,139,144,63,51,56,21,92,147,4,84,67,32,72,163,25,70,74,198,173,8,190,156,71,165,193,168,31,6,18,131,110,101,59,80,100,30,134,148,11,97,58,175,151,7,1,181,68,123,89,137,158,54,52,12,49,39,107,55,14,13,111,119,145,75,129,15,135,53,183,69,159,164,90,28,155,73,99,106,136,115,152,35,161,102,86,133,76,122,116,65,118,109,50,34,108,192,38,36,182,29,154,60,177,27,43,127,96,171,141,98,114,64,79,179,47,88,5,186,199,83,153,197,24,150,10,185,62,120,178,105,44,48,146];True
3209;6946;10155;[16,194,180,41,187,117,113,9,172,132,166,22,195,112,2,169,191,93,66,157,20,188,87,37,174,149,167,61,45,138,104,125,78,128,42,57,3,121,162,126,143,160,91,77,33,124,94,196,130,103,140,17,82,23,189,81,0,85,19,26,176,46,184,142,170,95,38,139,144,146,51,56,21,92,147,4,84,67,32,72,163,25,70,74,198,173,8,190,156,71,165,193,168,31,6,18,131,110,101,59,80,100,30,134,148,11,97,58,175,151,7,1,181,68,123,89,137,158,54,52,12,49,39,107,55,14,13,111,119,145,75,129,15,135,53,183,69,159,164,90,28,155,73,99,106,136,115,152,35,161,102,86,133,76,122,116,65,118,109,50,34,108,192,40,36,182,29,154,60,177,27,43,127,96,171,141,98,114,64,79,179,47,88,5,186,199,83,153,197,24,150,10,185,62,120,178,105,44,48,63];False
3174;6953;10127;[16,194,180,41,187,117,113,9,172,132,166,22,195,112,2,169,191,93,66,157,20,188,87,37,174,149,167,61,45,138,104,125,78,128,42,57,3,121,162,126,143,160,91,77,33,124,94,196,130,103,140,17,82,23,189,81,0,85,19,26,176,46,184,142,170,95,38,139,144,63,51,50,21,92,147,4,84,67,32,72,163,25,70,74,198,173,8,190,156,71,165,193,168,31,6,18,131,110,101,59,80,100,30,134,148,11,97,58,175,151,7,1,181,68,123,89,137,158,54,52,12,49,39,107,55,14,13,111,119,145,75,129,15,135,53,183,69,159,164,90,28,155,73,99,106,136,115,152,35,161,102,86,133,76,122,116,65,118,109,56,34,108,192,40,36,182,29,154,60,177,27,43,127,96,171,141,98,114,64,79,179,47,88,5,186,199,83,153,197,24,150,10,185,62,120,178,105,44,48,146];True
3195;6942;10137;[16,194,180,41,187,117,113,9,172,132,166,22,195,112,2,169,191,93,66,157,20,188,87,37,174,149,167,61,45,138,104,125,78,128,42,57,3,121,162,126,143,160,91,77,33,124,94,196,130,103,140,17,82,23,189,81,0,85,19,26,176,46,184,142,170,95,38,139,144,63,51,56,21,92,147,4,84,67,32,72,163,25,70,74,198,173,8,105,156,71,165,193,168,31,6,18,131,110,101,59,80,100,30,134,148,11,97,58,175,151,7,1,181,68,123,89,137,158,54,52,12,49,39,107,55,14,13,111,119,145,75,129,15,135,53,183,69,159,164,90,28,155,73,99,106,136,115,152,35,161,102,86,133,76,122,116,65,118,109,50,34,108,192,40,36,182,29,154,60,177,27,43,127,96,171,141,98,114,64,79,179,47,88,5,186,199,83,153,197,24,150,10,185,62,120,178,190,44,48,146];False
3192;6940;10132;[16,194,180,41,187,117,113,9,172,132,166,22,195,112,2,169,191,93,66,157,20,188,87,37,174,149,167,61,45,138,104,125,78,128,42,57,3,121,162,126,143,160,91,77,33,124,94,196,130,103,140,17,82,23,189,81,0,85,19,26,176,46,184,142,170,95,38,139,144,63,51,56,21,92,147,4,84,67,32,72,163,25,70,74,198,173,8,190,156,71,165,193,168,31,6,1,131,110,101,59,80,100,30,134,148,11,97,58,175,151,7,18,181,68,123,89,137,158,54,52,12,49,39,107,55,14,13,111,119,145,75,129,15,135,53,183,69,159,164,90,28,155,73,99,106,136,115,152,35,161,102,86,133,76,122,116,65,118,109,50,34,108,192,40,36,182,29,154,60,177,27,43,127,96,171,141,98,114,64,79,179,47,88,5,186,199,83,153,197,24,150,10,185,62,120,178,105,44,48,146];True
1490;8827;10317;[14,113,61,19,64,101,110,175,145,143,160,105,93,118,48,99,141,86,45,15,173,18,25,115,24,197,26,9,77,20,129,72,147,65,87,106,196,22,38,174,1,2,75,12,165,153,122,127,39,73,92,76,50,51,74,100,30,134,137,187,181,82,23,151,54,158,121,6,49,112,31,142,81,52,108,53,183,83,7,79,185,148,167,189,59,36,46,5,27,133,96,157,138,41,152,56,66,126,198,159,140,182,111,29,154,156,117,71,69,190,43,128,85,164,178,192,40,124,150,139,33,13,172,195,10,78,60,35,88,135,34,194,130,171,116,57,186,98,84,89,162,146,119,28,4,97,131,67,199,62,102,120,3,114,55,155,184,161,80,58,177,169,191,11,104,193,163,170,95,91,90,125,149,32,68,63,37,109,0,94,8,16,136,144,70,168,17,103,21,180,107,188,179,176,42,47,132,166,123,44];True
1496;8814;10310;[14,113,61,19,64,101,110,175,145,143,160,105,93,118,48,99,141,86,45,15,173,18,25,115,24,197,26,9,77,20,129,72,147,65,92,106,196,22,38,174,1,2,75,12,165,153,122,127,39,73,87,76,50,51,74,100,30,134,137,187,181,82,23,151,54,158,121,6,49,112,31,142,81,52,108,53,183,83,7,79,185,148,167,189,59,36,46,5,27,133,96,157,164,41,152,56,66,126,198,159,140,182,111,29,154,156,117,71,69,190,43,128,85,138,178,192,40,124,150,139,33,13,172,195,10,78,60,35,88,135,34,194,130,171,116,57,186,98,84,89,162,146,119,28,4,97,131,67,199,62,102,120,3,114,55,155,184,161,80,58,177,169,191,11,104,193,163,170,95,91,90,125,149,32,68,63,37,109,0,94,8,16,136,144,70,168,17,103,21,180,107,188,179,176,42,47,132,166,123,44];False
1470;8833;10303;[14,113,61,19,64,101,110,175,145,143,160,105,93,118,48,99,141,86,45,15,173,18,25,115,24,197,26,9,77,20,129,72,147,65,92,106,196,22,38,174,1,2,75,12,165,153,122,127,39,73,87,76,50,51,74,100,30,134,137,187,181,82,23,151,54,158,121,6,49,112,31,142,81,52,108,53,183,83,7,79,185,148,167,189,59,36,46,5,27,133,96,157,138,41,152,56,66,126,198,159,140,182,178,29,154,156,117,71,69,190,43,128,85,164,111,192,40,124,150,139,33,13,172,195,10,78,60,35,88,135,34,194,130,171,116,57,186,98,84,89,162,146,119,28,4,97,131,67,199,62,102,120,3,114,55,155,184,161,80,58,177,169,191,11,104,193,163,170,95,91,90,125,149,32,68,63,37,109,0,94,8,16,136,144,70,168,17,103,21,180,107,188,179,176,42,47,132,166,123,44];True
1494;8812;10306;[14,113,61,19,64,101,110,175,145,143,160,105,93,118,48,99,141,86,45,15,173,18,25,115,24,197,26,9,77,20,129,72,147,65,92,106,196,22,38,174,1,2,75,12,165,153,122,127,39,73,87,76,50,51,74,100,30,134,137,187,181,82,23,151,54,158,121,6,49,112,31,142,81,52,108,53,183,83,7,79,185,148,167,189,59,36,46,5,27,133,96,157,138,41,152,56,66,126,198,159,140,182,111,29,154,156,117,71,69,190,43,128,85,164,178,192,40,124,150,139,33,13,172,195,10,78,60,35,88,135,34,194,130,171,116,57,186,98,84,89,162,146,119,28,4,97,131,67,199,62,102,120,3,114,55,155,184,161,80,58,177,169,191,11,104,193,163,170,95,91,90,125,149,32,68,63,37,109,94,0,8,16,136,144,70,168,17,103,21,180,107,188,179,176,42,47,132,166,123,44];True
3415;6928;10343;[20,188,26,132,130,5,42,22,38,178,192,89,18,181,68,48,63,118,44,140,124,94,75,36,145,196,113,144,45,138,65,82,187,128,134,195,33,183,162,126,143,160,91,6,77,149,189,148,173,103,123,17,84,122,2,97,0,85,19,61,176,116,16,49,170,95,167,93,66,135,53,146,21,92,147,3,32,165,169,142,163,25,70,90,41,88,40,37,156,71,8,184,168,31,72,78,131,110,101,59,80,100,30,52,182,139,125,58,151,175,197,1,117,98,157,136,137,158,54,12,193,172,39,107,55,14,13,111,114,119,67,129,15,9,28,105,69,159,164,190,109,155,73,99,106,4,115,152,35,161,102,186,133,76,112,104,74,194,34,108,51,50,198,174,23,56,29,154,60,179,27,43,127,96,171,141,11,57,64,79,177,47,166,83,86,199,81,153,7,24,150,10,185,62,120,87,46,180,191,121];False
3434;6922;10356;[20,188,40,132,130,5,42,22,38,178,192,89,18,181,68,48,63,118,44,140,124,94,75,36,145,196,113,144,45,138,65,82,187,128,134,195,33,183,162,126,143,160,91,6,77,149,189,148,173,103,123,17,84,122,2,97,0,85,19,26,176,116,16,49,170,95,167,93,66,135,53,146,21,92,147,3,32,165,169,142,163,25,70,90,41,88,61,37,156,71,8,184,168,31,72,78,131,110,101,59,80,100,30,52,182,139,125,58,151,175,197,1,117,98,157,136,137,158,54,12,193,172,39,107,55,14,13,111,114,119,67,129,15,9,28,105,69,159,164,190,109,155,73,99,106,4,115,152,35,161,102,186,133,76,112,104,74,194,34,108,51,50,198,174,23,56,29,154,60,179,27,43,127,96,171,141,11,57,64,79,177,47,166,83,86,199,81,153,7,24,150,10,185,62,120,87,46,180,191,121];False
3507;6912;10419;[20,188,61,132,130,5,42,57,38,178,192,89,18,181,68,48,63,118,44,140,124,94,75,36,145,196,113,144,45,138,65,82,187,128,134,195,33,183,162,126,143,160,91,6,77,149,189,148,173,103,123,17,84,122,2,97,0,85,19,26,176,116,16,49,170,95,167,93,66,135,53,146,21,92,147,3,32,165,169,142,163,25,70,90,41,88,40,37,156,71,8,184,168,31,72,78,131,110,101,59,80,100,30,52,182,139,125,58,151,175,197,1,117,98,157,136,137,158,54,12,193,172,39,107,55,14,13,111,114,119,67,129,15,9,28,105,69,159,164,190,109,155,73,99,106,4,115,152,35,161,102,186,133,76,112,104,74,194,34,108,51,50,198,174,23,56,29,154,60,179,27,43,127,96,171,141,11,22,64,79,177,47,166,83,86,199,81,153,7,24,150,10,185,62,120,87,46,180,191,121];False
3498;6912;10410;[20,188,61,132,130,5,42,22,24,178,192,89,18,181,68,48,63,118,44,140,124,94,75,36,145,196,113,144,45,138,65,82,187,128,134,195,33,183,162,126,143,160,91,6,77,149,189,148,173,103,123,17,84,122,2,97,0,85,19,26,176,116,16,49,170,95,167,93,66,135,53,146,21,92,147,3,32,165,169,142,163,25,70,90,41,88,40,37,156,71,8,184,168,31,72,78,131,110,101,59,80,100,30,52,182,139,125,58,151,175,197,1,117,98,157,136,137,158,54,12,193,172,39,107,55,14,13,111,114,119,67,129,15,9,28,105,69,159,164,190,109,155,73,99,106,4,115,152,35,161,102,186,133,76,112,104,74,194,34,108,51,50,198,174,23,56,29,154,60,179,27,43,127,96,171,141,11,57,64,79,177,47,166,83,86,199,81,153,7,38,150,10,185,62,120,87,46,180,191,121];True
3492;6916;10408;[20,188,61,132,130,5,42,22,38,178,192,89,18,181,68,48,63,118,44,140,124,94,196,36,145,75,113,144,45,138,65,82,187,128,134,195,33,183,162,126,143,160,91,6,77,149,189,148,173,103,123,17,84,122,2,97,0,85,19,26,176,116,16,49,170,95,167,93,66,135,53,146,21,92,147,3,32,165,169,142,163,25,70,90,41,88,40,37,156,71,8,184,168,31,72,78,131,110,101,59,80,100,30,52,182,139,125,58,151,175,197,1,117,98,157,136,137,158,54,12,193,172,39,107,55,14,13,111,114,119,67,129,15,9,28,105,69,159,164,190,109,155,73,99,106,4,115,152,35,161,102,186,133,76,112,104,74,194,34,108,51,50,198,174,23,56,29,154,60,179,27,43,127,96,171,141,11,57,64,79,177,47,166,83,86,199,81,153,7,24,150,10,185,62,120,87,46,180,191,121];False
3474;6921;10395;[20,188,61,132,130,5,42,22,38,178,192,89,18,181,68,48,63,118,44,140,124,94,75,36,145,196,167,144,45,138,65,82,187,128,134,195,33,183,162,126,143,160,91,6,77,149,189,148,173,103,123,17,84,122,2,97,0,85,19,26,176,116,16,49,170,95,113,93,66,135,53,146,21,92,147,3,32,165,169,142,163,25,70,90,41,88,40,37,156,71,8,184,168,31,72,78,131,110,101,59,80,100,30,52,182,139,125,58,151,175,197,1,117,98,157,136,137,158,54,12,193,172,39,107,55,14,13,111,114,119,67,129,15,9,28,105,69,159,164,190,109,155,73,99,106,4,115,152,35,161,102,186,133,76,112,104,74,194,34,108,51,50,198,174,23,56,29,154,60,179,27,43,127,96,171,141,11,57,64,79,177,47,166,83,86,199,81,153,7,24,150,10,185,62,120,87,46,180,191,121];False
3549;6903;10452;[20,188,61,132,130,5,42,22,38,178,192,89,18,181,68,48,63,118,44,140,124,94,75,36,145,196,113,144,45,138,65,82,187,128,57,195,33,183,162,126,143,160,91,6,77,149,189,148,173,103,123,17,84,122,2,97,0,85,19,26,176,116,16,49,170,95,167,93,66,135,53,146,21,92,147,3,32,165,169,142,163,25,70,90,41,88,40,37,156,71,8,184,168,31,72,78,131,110,101,59,80,100,30,52,182,139,125,58,151,175,197,1,117,98,157,136,137,158,54,12,193,172,39,107,55,14,13,111,114,119,67,129,15,9,28,105,69,159,164,190,109,155,73,99,106,4,115,152,35,161,102,186,133,76,112,104,74,194,34,108,51,50,198,174,23,56,29,154,60,179,27,43,127,96,171,141,11,134,64,79,177,47,166,83,86,199,81,153,7,24,150,10,185,62,120,87,46,180,191,121];False
3548;6898;10446;[20,188,61,132,130,5,42,22,38,178,192,89,18,181,68,48,63,118,44,140,124,94,75,36,145,196,113,144,45,138,65,82,187,128,134,195,33,183,162,126,143,160,91,6,77,149,189,166,173,103,123,17,84,122,2,97,0,85,19,26,176,116,16,49,170,95,167,93,66,135,53,146,21,92,147,3,32,165,169,142,163,25,70,90,41,88,40,37,156,71,8,184,168,31,72,78,131,110,101,59,80,100,30,52,182,139,125,58,151,175,197,1,117,98,157,136,137,158,54,12,193,172,39,107,55,14,13,111,114,119,67,129,15,9,28,105,69,159,164,190,109,155,73,99,106,4,115,152,35,161,102,186,133,76,112,104,74,194,34,108,51,50,198,174,23,56,29,154,60,179,27,43,127,96,171,141,11,57,64,79,177,47,148,83,86,199,81,153,7,24,150,10,185,62,120,87,46,180,191,121];False
3449;6915;10364;[20,188,61,132,130,5,42,22,38,178,192,89,18,181,68,48,63,118,44,140,124,94,75,36,145,196,113,144,45,138,65,82,187,128,134,195,33,183,162,126,143,160,91,6,77,149,189,148,173,103,123,17,84,122,12,97,0,85,19,26,176,116,16,49,170,95,167,93,66,135,53,146,21,92,147,3,32,165,169,142,163,25,70,90,41,88,40,37,156,71,8,184,168,31,72,78,131,110,101,59,80,100,30,52,182,139,125,58,151,175,197,1,117,98,157,136,137,158,54,2,193,172,39,107,55,14,13,111,114,119,67,129,15,9,28,105,69,159,164,190,109,155,73,99,106,4,115,152,35,161,102,186,133,76,112,104,74,194,34,108,51,50,198,174,23,56,29,154,60,179,27,43,127,96,171,141,11,57,64,79,177,47,166,83,86,199,81,153,7,24,150,10,185,62,120,87,46,180,191,121];True
3475;6913;10388;[20,188,61,132,130,5,42,22,38,178,192,89,18,181,68,48,63,118,44,140,124,94,75,36,145,196,113,144,45,138,65,82,187,128,134,195,33,183,162,126,143,160,91,6,77,149,189,148,173,103,123,17,84,122,2,97,0,85,19,26,176,116,16,49,170,95,167,93,66,135,53,146,21,92,147,3,32,165,169,142,163,25,70,90,41,159,40,37,156,71,8,184,168,31,72,78,131,110,101,59,80,100,30,52,182,139,125,58,151,175,197,1,117,98,157,136,137,158,54,12,193,172,39,107,55,14,13,111,114,119,67,129,15,9,28,105,69,88,164,190,109,155,73,99,106,4,115,152,35,161,102,186,133,76,112,104,74,194,34,108,51,50,198,174,23,56,29,154,60,179,27,43,127,96,171,141,11,57,64,79,177,47,166,83,86,199,81,153,7,24,150,10,185,62,120,87,46,180,191,121];True
3500;6910;10410;[20,188,61,132,130,5,42,22,38,178,192,89,18,181,68,48,63,118,44,140,124,94,75,36,145,196,113,144,45,138,65,82,187,128,134,195,33,183,162,126,143,160,91,6,77,149,189,148,173,103,123,17,84,122,2,97,0,85,19,26,176,116,16,49,170,95,167,93,66,135,53,146,21,92,147,3,32,165,169,142,163,25,70,90,41,166,40,37,156,71,8,184,168,31,72,78,131,110,101,59,80,100,30,52,182,139,125,58,151,175,197,1,117,98,157,136,137,158,54,12,193,172,39,107,55,14,13,111,114,119,67,129,15,9,28,105,69,159,164,190,109,155,73,99,106,4,115,152,35,161,102,186,133,76,112,104,74,194,34,108,51,50,198,174,23,56,29,154,60,179,27,43,127,96,171,141,11,57,64,79,177,47,88,83,86,199,81,153,7,24,150,10,185,62,120,87,46,180,191,121];True
3375;6916;10291;[20,188,61,132,130,5,42,22,38,178,192,89,18,181,68,48,63,118,44,140,124,94,75,36,145,196,113,144,45,138,65,82,187,128,134,195,33,183,162,126,143,160,91,6,77,149,189,148,173,103,123,17,84,122,2,97,0,85,19,26,176,116,16,49,170,95,167,93,66,135,53,146,21,92,147,3,32,165,169,142,163,25,70,90,41,88,40,37,156,71,8,184,168,31,72,78,131,110,101,59,80,100,30,52,182,139,125,58,151,54,197,1,117,98,157,136,137,158,175,12,193,172,39,107,55,14,13,111,114,119,67,129,15,9,28,105,69,159,164,190,109,155,73,99,106,4,115,152,35,161,102,186,133,76,112,104,74,194,34,108,51,50,198,174,23,56,29,154,60,179,27,43,127,96,171,141,11,57,64,79,177,47,166,83,86,199,81,153,7,24,150,10,185,62,120,87,46,180,191,121];True
1434;8956;10390;[124,94,61,19,49,145,100,0,101,174,118,10,113,196,48,99,141,86,45,15,173,18,25,115,24,197,26,9,7,20,129,72,147,65,92,106,130,22,38,14,3,2,75,12,165,153,122,127,39,73,87,76,50,53,93,110,30,134,137,111,181,82,23,109,54,158,121,6,64,112,187,142,81,52,108,74,183,83,17,79,185,148,167,189,59,36,46,5,27,133,96,157,138,41,152,56,66,126,198,159,140,182,51,29,154,156,160,71,69,190,43,128,85,164,178,192,40,34,150,139,33,13,172,195,117,78,60,35,88,135,105,194,31,171,116,57,186,98,84,89,162,146,119,28,4,97,131,67,199,62,102,120,1,114,55,155,184,161,80,58,177,169,191,11,104,193,163,170,95,91,90,125,149,32,68,63,37,151,175,143,8,16,136,144,70,168,77,103,21,180,107,188,179,176,42,47,132,166,123,44];False
1434;8940;10374;[34,94,61,19,49,54,100,0,101,174,118,10,113,196,48,99,141,86,45,15,173,18,25,115,24,197,26,9,7,20,129,72,147,65,92,106,130,22,38,14,3,2,75,12,165,153,122,127,39,73,87,76,50,53,93,110,30,134,137,111,181,82,23,109,145,158,121,6,64,112,187,142,81,52,108,74,183,83,17,79,185,148,167,189,59,36,46,5,27,133,96,157,138,41,152,56,66,126,198,159,140,182,51,29,154,156,160,71,69,190,43,128,85,164,178,192,40,124,150,139,33,13,172,195,117,78,60,35,88,135,105,194,31,171,116,57,186,98,84,89,162,146,119,28,4,97,131,67,199,62,102,120,1,114,55,155,184,161,80,58,177,169,191,11,104,193,163,170,95,91,90,125,149,32,68,63,37,151,175,143,8,16,136,144,70,168,77,103,21,180,107,188,179,176,42,47,132,166,123,44];True
1459;8926;10385;[34,94,61,19,49,145,100,0,101,174,196,10,113,118,48,99,141,86,45,15,173,18,25,115,24,197,26,9,7,20,129,72,147,65,92,106,130,22,38,14,3,2,75,12,165,153,122,127,39,73,87,76,50,53,93,110,30,134,137,111,181,82,23,109,54,158,121,6,64,112,187,142,81,52,108,74,183,83,17,79,185,148,167,189,59,36,46,5,27,133,96,157,138,41,152,56,66,126,198,159,140,182,51,29,154,156,160,71,69,190,43,128,85,164,178,192,40,124,150,139,33,13,172,195,117,78,60,35,88,135,105,194,31,171,116,57,186,98,84,89,162,146,119,28,4,97,131,67,199,62,102,120,1,114,55,155,184,161,80,58,177,169,191,11,104,193,163,170,95,91,90,125,149,32,68,63,37,151,175,143,8,16,136,144,70,168,77,103,21,180,107,188,179,176,42,47,132,166,123,44];False
1454;8926;10380;[34,94,61,19,49,145,100,0,101,174,118,10,113,196,48,99,141,86,45,15,173,18,25,115,24,197,26,9,7,20,129,72,147,65,92,106,130,22,38,14,3,187,75,12,165,153,122,127,39,73,87,76,50,53,93,110,30,134,137,111,181,82,23,109,54,158,121,6,64,112,2,142,81,52,108,74,183,83,17,79,185,148,167,189,59,36,46,5,27,133,96,157,138,41,152,56,66,126,198,159,140,182,51,29,154,156,160,71,69,190,43,128,85,164,178,192,40,124,150,139,33,13,172,195,117,78,60,35,88,135,105,194,31,171,116,57,186,98,84,89,162,146,119,28,4,97,131,67,199,62,102,120,1,114,55,155,184,161,80,58,177,169,191,11,104,193,163,170,95,91,90,125,149,32,68,63,37,151,175,143,8,16,136,144,70,168,77,103,21,180,107,188,179,176,42,47,132,166,123,44];False
1463;8864;10327;[34,94,61,19,49,145,100,0,101,174,118,10,113,196,48,99,141,86,45,15,173,18,25,115,24,197,26,9,7,20,129,72,147,65,92,106,130,22,38,14,3,2,75,12,165,153,122,127,39,73,87,76,50,53,93,110,30,134,137,111,181,82,23,109,54,158,121,6,64,112,187,142,81,52,108,74,183,83,77,79,185,148,167,189,59,36,46,5,27,133,96,157,138,41,152,56,66,126,198,159,140,182,51,29,154,156,160,71,69,190,43,128,85,164,178,192,40,124,150,139,33,13,172,195,117,78,60,35,88,135,105,194,31,171,116,57,186,98,84,89,162,146,119,28,4,97,131,67,199,62,102,120,1,114,55,155,184,161,80,58,177,169,191,11,104,193,163,170,95,91,90,125,149,32,68,63,37,151,175,143,8,16,136,144,70,168,17,103,21,180,107,188,179,176,42,47,132,166,123,44];True
1426;8942;10368;[34,94,61,19,49,145,100,0,101,174,118,10,113,196,48,99,141,86,45,15,173,18,25,115,24,197,26,9,7,20,129,72,147,65,92,106,130,22,38,14,3,2,75,12,165,153,122,127,39,73,87,76,50,53,93,110,30,134,137,111,181,82,23,109,54,158,121,6,64,112,187,142,81,52,108,74,183,83,17,79,185,195,167,189,59,36,46,5,27,133,96,157,138,41,152,56,66,126,198,159,140,182,51,29,154,156,160,71,69,190,43,128,85,164,178,192,40,124,150,139,33,13,172,148,117,78,60,35,88,135,105,194,31,171,116,57,186,98,84,89,162,146,119,28,4,97,131,67,199,62,102,120,1,114,55,155,184,161,80,58,177,169,191,11,104,193,163,170,95,91,90,125,149,32,68,63,37,151,175,143,8,16,136,144,70,168,77,103,21,180,107,188,179,176,42,47,132,166,123,44];True
1441;8930;10371;[34,94,61,19,49,145,100,0,101,174,118,10,113,196,48,99,141,86,45,15,173,18,25,115,24,197,26,9,7,20,129,72,147,65,92,106,130,22,38,14,3,2,75,12,165,153,122,127,39,73,87,76,50,53,93,110,30,134,137,111,181,82,23,109,54,158,121,6,64,112,187,142,81,52,108,74,183,83,17,79,185,148,167,189,59,36,46,5,27,133,96,157,164,41,152,56,66,126,198,159,140,182,51,29,154,156,160,71,69,190,43,128,85,138,178,192,40,124,150,139,33,13,172,195,117,78,60,35,88,135,105,194,31,171,116,57,186,98,84,89,162,146,119,28,4,97,131,67,199,62,102,120,1,114,55,155,184,161,80,58,177,169,191,11,104,193,163,170,95,91,90,125,149,32,68,63,37,151,175,143,8,16,136,144,70,168,77,103,21,180,107,188,179,176,42,47,132,166,123,44];False
1448;8905;10353;[34,94,61,19,49,145,100,0,101,174,118,10,113,196,48,99,141,86,45,15,173,18,25,115,24,197,26,9,7,20,129,72,147,65,92,106,130,22,38,14,3,2,75,12,165,153,122,127,39,73,87,76,50,53,93,110,30,134,137,111,181,82,23,109,54,158,121,6,64,112,187,142,81,52,108,74,183,83,17,79,185,148,167,189,59,36,46,5,27,133,96,157,138,41,152,56,66,126,198,159,140,182,51,29,154,160,156,71,69,190,43,128,85,164,178,192,40,124,150,139,33,13,172,195,117,78,60,35,88,135,105,194,31,171,116,57,186,98,84,89,162,146,119,28,4,97,131,67,199,62,102,120,1,114,55,155,184,161,80,58,177,169,191,11,104,193,163,170,95,91,90,125,149,32,68,63,37,151,175,143,8,16,136,144,70,168,77,103,21,180,107,188,179,176,42,47,132,166,123,44];True
1419;8954;10373;[124,94,61,19,49,145,100,0,101,174,118,10,113,196,48,99,141,86,45,15,173,18,25,115,24,197,26,9,7,20,129,72,147,65,92,106,130,22,38,34,3,2,75,12,165,153,122,127,39,73,87,76,50,53,93,110,30,134,137,111,181,82,23,109,54,158,121,6,64,112,187,142,81,52,108,74,183,83,17,79,185,148,167,189,59,36,46,5,27,133,96,157,138,41,152,56,66,126,198,159,140,182,51,29,154,156,160,71,69,190,43,128,85,164,178,192,40,37,150,139,33,13,172,195,117,78,60,35,88,135,105,194,31,171,116,57,186,98,84,89,162,146,119,28,4,97,131,67,199,62,102,120,1,114,55,155,184,161,80,58,177,169,191,11,104,193,163,170,95,91,90,125,149,32,68,63,14,151,175,143,8,16,136,144,70,168,77,103,21,180,107,188,179,176,42,47,132,166,123,44];True
1410;8986;10396;[14,94,61,19,49,54,100,0,101,174,118,10,113,196,48,99,141,86,45,15,173,18,25,115,24,197,26,9,7,20,129,72,147,65,92,106,130,22,38,34,3,2,75,12,165,153,122,127,39,73,87,76,50,53,93,110,30,134,137,111,181,82,23,109,145,158,121,6,64,112,187,142,81,52,108,74,183,83,17,79,185,148,167,189,59,36,46,5,27,133,96,157,138,41,152,56,66,126,198,159,140,182,51,29,154,156,160,71,69,190,43,128,85,164,178,192,40,124,150,139,33,13,172,195,117,78,60,35,88,135,105,194,31,171,116,57,186,98,84,89,162,146,119,28,4,97,131,67,199,62,102,120,1,114,55,155,184,161,80,58,177,169,191,11,104,193,163,170,95,91,90,125,149,32,68,63,37,151,175,143,8,16,136,144,70,168,77,103,21,180,107,188,179,176,42,47,132,166,123,44];True
1459;8902;10361;[14,94,61,19,49,145,100,0,101,174,118,10,113,196,48,99,141,86,45,15,173,18,25,115,24,197,26,9,7,20,129,72,147,65,92,106,130,22,38,34,3,2,75,12,165,153,122,127,39,73,87,76,50,53,93,110,30,134,137,111,181,82,23,109,54,158,121,6,64,112,187,142,81,52,108,74,183,104,17,79,185,148,167,189,59,36,46,5,27,133,96,157,138,41,152,56,66,126,198,159,140,182,51,29,154,156,160,71,69,190,43,128,85,164,178,192,40,124,150,139,33,13,172,195,117,78,60,35,88,135,105,194,31,171,116,57,186,98,84,89,162,146,119,28,4,97,131,67,199,62,102,120,1,114,55,155,184,161,80,58,177,169,191,11,83,193,163,170,95,91,90,125,149,32,68,63,37,151,175,143,8,16,136,144,70,168,77,103,21,180,107,188,179,176,42,47,132,166,123,44];True
1439;8910;10349;[14,94,61,19,49,145,100,0,101,174,118,10,113,196,48,99,141,86,45,15,173,18,25,115,24,197,26,9,7,20,129,72,147,65,92,106,130,22,38,34,3,2,75,12,165,153,122,127,39,73,87,76,50,53,93,110,30,134,137,111,181,82,23,109,54,158,121,6,64,112,187,142,81,52,108,74,183,83,77,79,185,148,167,189,59,36,46,5,27,133,96,157,138,41,152,56,66,126,198,159,140,182,51,29,154,156,160,71,69,190,43,128,85,164,178,192,40,124,150,139,33,13,172,195,117,78,60,35,88,135,105,194,31,171,116,57,186,98,84,89,162,146,119,28,4,97,131,67,199,62,102,120,1,114,55,155,184,161,80,58,177,169,191,11,104,193,163,170,95,91,90,125,149,32,68,63,37,151,175,143,8,16,136,144,70,168,17,103,21,180,107,188,179,176,42,47,132,166,123,44];True
1402;8988;10390;[14,94,61,19,49,145,100,0,101,174,118,10,113,196,48,99,141,86,45,15,173,18,25,115,24,197,26,9,7,20,129,72,147,65,92,106,130,22,38,34,3,2,75,12,165,153,122,127,39,73,87,76,50,53,93,110,30,134,137,111,181,82,23,109,54,158,121,6,64,112,187,142,81,52,108,74,183,83,17,79,185,195,167,189,59,36,46,5,27,133,96,157,138,41,152,56,66,126,198,159,140,182,51,29,154,156,160,71,69,190,43,128,85,164,178,192,40,124,150,139,33,13,172,148,117,78,60,35,88,135,105,194,31,171,116,57,186,98,84,89,162,146,119,28,4,97,131,67,199,62,102,120,1,114,55,155,184,161,80,58,177,169,191,11,104,193,163,170,95,91,90,125,149,32,68,63,37,151,175,143,8,16,136,144,70,168,77,103,21,180,107,188,179,176,42,47,132,166,123,44];True
1417;8976;10393;[14,94,61,19,49,145,100,0,101,174,118,10,113,196,48,99,141,86,45,15,173,18,25,115,24,197,26,9,7,20,129,72,147,65,92,106,130,22,38,34,3,2,75,12,165,153,122,127,39,73,87,76,50,53,93,110,30,134,137,111,181,82,23,109,54,158,121,6,64,112,187,142,81,52,108,74,183,83,17,79,185,148,167,189,59,36,46,5,27,133,96,157,164,41,152,56,66,126,198,159,140,182,51,29,154,156,160,71,69,190,43,128,85,138,178,192,40,124,150,139,33,13,172,195,117,78,60,35,88,135,105,194,31,171,116,57,186,98,84,89,162,146,119,28,4,97,131,67,199,62,102,120,1,114,55,155,184,161,80,58,177,169,191,11,104,193,163,170,95,91,90,125,149,32,68,63,37,151,175,143,8,16,136,144,70,168,77,103,21,180,107,188,179,176,42,47,132,166,123,44];True
1424;8951;10375;[14,94,61,19,49,145,100,0,101,174,118,10,113,196,48,99,141,86,45,15,173,18,25,115,24,197,26,9,7,20,129,72,147,65,92,106,130,22,38,34,3,2,75,12,165,153,122,127,39,73,87,76,50,53,93,110,30,134,137,111,181,82,23,109,54,158,121,6,64,112,187,142,81,52,108,74,183,83,17,79,185,148,167,189,59,36,46,5,27,133,96,157,138,41,152,56,66,126,198,159,140,182,51,29,154,160,156,71,69,190,43,128,85,164,178,192,40,124,150,139,33,13,172,195,117,78,60,35,88,135,105,194,31,171,116,57,186,98,84,89,162,146,119,28,4,97,131,67,199,62,102,120,1,114,55,155,184,161,80,58,177,169,191,11,104,193,163,170,95,91,90,125,149,32,68,63,37,151,175,143,8,16,136,144,70,168,77,103,21,180,107,188,179,176,42,47,132,166,123,44];True
3543;6902;10445;[20,190,188,87,130,5,42,119,57,3,192,89,18,181,68,48,63,118,44,140,124,94,75,36,145,196,167,61,45,138,65,82,187,128,134,195,33,183,162,126,143,160,91,6,77,149,189,148,173,103,168,17,84,122,2,97,0,85,19,26,176,116,142,49,170,95,113,93,66,135,74,56,21,92,147,67,32,165,169,23,163,25,70,90,41,88,164,37,156,71,8,184,123,146,72,78,131,110,101,59,80,100,30,114,182,139,125,58,151,175,197,1,117,98,157,136,137,158,54,12,193,172,39,107,55,14,13,111,52,40,132,129,15,9,28,105,69,159,38,144,109,155,73,99,106,4,115,152,35,161,102,186,133,76,112,104,31,53,34,108,51,50,198,174,16,194,29,154,60,179,27,43,127,96,171,141,11,22,64,79,177,47,166,83,86,199,81,153,7,24,150,10,185,62,120,178,46,180,191,121];False
3551;6896;10447;[20,190,188,87,130,5,42,119,57,3,192,89,18,181,68,48,63,118,44,140,124,94,75,36,145,196,113,61,45,138,65,82,187,128,134,195,33,183,162,126,143,160,91,6,77,149,189,148,173,103,168,17,84,122,12,97,0,85,19,26,176,116,142,49,170,95,167,93,66,135,74,56,21,92,147,67,32,165,169,23,163,25,70,90,41,88,164,37,156,71,8,184,123,146,72,78,131,110,101,59,80,100,30,114,182,139,125,58,151,175,197,1,117,98,157,136,137,158,54,2,193,172,39,107,55,14,13,111,52,40,132,129,15,9,28,105,69,159,38,144,109,155,73,99,106,4,115,152,35,161,102,186,133,76,112,104,31,53,34,108,51,50,198,174,16,194,29,154,60,179,27,43,127,96,171,141,11,22,64,79,177,47,166,83,86,199,81,153,7,24,150,10,185,62,120,178,46,180,191,121];False
3528;6896;10424;[20,190,188,87,130,5,42,119,57,3,192,89,18,181,68,48,63,118,44,140,124,94,75,36,145,196,113,61,45,138,65,82,187,128,134,195,33,183,162,126,143,160,91,6,77,149,189,148,173,103,168,17,84,122,2,97,0,85,19,26,176,116,142,49,170,95,167,93,66,135,53,56,21,92,147,67,32,165,169,23,163,25,70,90,41,88,164,37,156,71,8,184,123,146,72,78,131,110,101,59,80,100,30,114,182,139,125,58,151,175,197,1,117,98,157,136,137,158,54,12,193,172,39,107,55,14,13,111,52,40,132,129,15,9,28,105,69,159,38,144,109,155,73,99,106,4,115,152,35,161,102,186,133,76,112,104,31,74,34,108,51,50,198,174,16,194,29,154,60,179,27,43,127,96,171,141,11,22,64,79,177,47,166,83,86,199,81,153,7,24,150,10,185,62,120,178,46,180,191,121];False
3529;6892;10421;[20,190,188,93,130,5,179,47,57,3,192,89,18,181,68,48,63,118,44,140,124,94,75,36,145,196,113,61,45,138,65,82,187,128,134,195,33,183,162,126,143,160,91,6,77,149,132,166,173,103,168,17,84,122,2,97,0,85,19,26,176,116,142,49,170,95,167,87,66,135,74,56,21,92,147,67,32,165,169,23,163,25,70,90,41,88,164,37,156,71,8,184,123,146,72,78,131,110,101,59,80,100,30,114,182,139,125,58,151,175,197,1,117,98,157,136,137,158,54,12,193,172,39,107,55,14,13,111,52,40,189,129,15,9,28,105,69,159,38,144,109,155,73,99,106,4,115,152,35,161,102,186,133,76,112,104,31,53,34,108,51,50,198,174,16,194,29,154,60,177,27,43,127,96,171,141,11,22,64,79,42,119,148,83,86,199,81,153,7,24,150,10,185,62,120,178,46,180,191,121];True
3501;6909;10410;[20,190,188,93,130,5,179,47,57,3,192,89,18,181,68,48,63,118,44,140,124,94,75,36,145,196,113,61,45,138,65,82,187,128,134,195,33,183,162,126,143,160,91,6,77,149,76,166,173,103,168,17,84,122,2,97,0,85,19,26,176,116,142,49,170,95,167,87,66,135,74,56,21,92,147,67,32,165,169,23,163,25,70,90,41,88,164,37,156,71,8,184,123,146,72,78,131,110,101,59,80,100,30,114,182,139,125,58,151,175,197,1,117,98,157,136,137,158,54,12,193,172,39,107,55,14,13,111,52,40,132,129,15,9,28,105,69,159,38,144,109,155,73,99,106,4,115,152,35,161,102,186,133,189,112,104,31,53,34,108,51,50,198,174,16,194,29,154,60,177,27,43,127,96,171,141,11,22,64,79,42,119,148,83,86,199,81,153,7,24,150,10,185,62,120,178,46,180,191,121];True
3508;6895;10403;[20,190,188,93,130,5,179,47,57,3,192,89,18,181,68,48,63,118,44,140,124,94,75,36,145,196,113,61,45,138,65,82,187,128,134,195,33,183,162,126,143,160,91,6,77,149,199,166,173,103,168,17,84,122,2,97,0,85,19,26,176,116,142,49,170,95,167,87,66,135,74,56,21,92,147,67,32,165,169,23,163,25,70,90,41,88,164,37,156,71,8,184,123,146,72,78,131,110,101,59,80,100,30,114,182,139,125,58,151,175,197,1,117,98,157,136,137,158,54,12,193,172,39,107,55,14,13,111,52,40,132,129,15,9,28,105,69,159,38,144,109,155,73,99,106,4,115,152,35,161,102,186,133,76,112,104,31,53,34,108,51,50,198,174,16,194,29,154,60,177,27,43,127,96,171,141,11,22,64,79,42,119,148,83,86,189,81,153,7,24,150,10,185,62,120,178,46,180,191,121];True
3551;6874;10425;[20,190,188,93,130,5,179,47,57,3,192,89,18,181,68,48,63,118,44,140,124,94,75,36,145,196,113,61,45,138,65,82,187,128,134,195,33,183,162,126,143,160,91,6,77,149,189,7,173,103,168,17,84,122,2,97,0,85,19,26,176,116,142,49,170,95,167,87,66,135,74,56,21,92,147,67,32,165,169,23,163,25,70,90,41,88,164,37,156,71,8,184,123,146,72,78,131,110,101,59,80,100,30,114,182,139,125,58,151,175,197,1,117,98,157,136,137,158,54,12,193,172,39,107,55,14,13,111,52,40,132,129,15,9,28,105,69,159,38,144,109,155,73,99,106,4,115,152,35,161,102,186,133,76,112,104,31,53,34,108,51,50,198,174,16,194,29,154,60,177,27,43,127,96,171,141,11,22,64,79,42,119,148,83,86,199,81,153,166,24,150,10,185,62,120,178,46,180,191,121];True
3667;6864;10531;[20,190,188,87,130,5,179,47,57,3,192,89,18,181,68,48,63,118,44,140,124,94,75,36,145,196,167,61,45,138,65,82,187,128,134,195,33,183,162,126,143,160,91,6,77,149,189,166,173,103,168,17,84,122,2,97,0,85,19,26,176,116,142,49,170,95,113,93,66,135,74,56,21,92,147,67,32,165,169,23,163,25,70,90,41,88,164,37,156,71,8,184,123,146,72,78,131,110,101,59,80,100,30,114,182,139,125,58,151,175,197,1,117,98,157,136,137,158,54,12,193,172,39,107,55,14,13,111,52,40,132,129,15,9,28,105,69,159,38,144,109,155,73,99,106,4,115,152,35,161,102,186,133,76,112,104,31,53,34,108,51,50,198,174,16,194,29,154,60,177,27,43,127,96,171,141,11,22,64,79,42,119,148,83,86,199,81,153,7,24,150,10,185,62,120,178,46,180,191,121];False
3584;6871;10455;[20,190,188,87,130,5,179,47,57,3,192,89,18,181,68,48,63,118,44,140,124,94,75,36,145,196,113,61,45,138,65,82,187,128,134,195,33,183,162,126,143,160,91,6,77,149,132,166,173,103,168,17,84,122,2,97,0,85,19,26,176,116,142,49,170,95,167,93,66,135,74,56,21,92,147,67,32,165,169,23,163,25,70,90,41,88,164,37,156,71,8,184,123,146,72,78,131,110,101,59,80,100,30,114,182,139,125,58,151,175,197,1,117,98,157,136,137,158,54,12,193,172,39,107,55,14,13,111,52,40,189,129,15,9,28,105,69,159,38,144,109,155,73,99,106,4,115,152,35,161,102,186,133,76,112,104,31,53,34,108,51,50,198,174,16,194,29,154,60,177,27,43,127,96,171,141,11,22,64,79,42,119,148,83,86,199,81,153,7,24,150,10,185,62,120,178,46,180,191,121];True
3606;6853;10459;[20,190,188,87,130,5,179,47,57,3,192,89,18,181,68,48,63,118,44,140,124,94,75,36,145,196,113,61,45,138,65,82,187,128,134,195,33,183,162,126,143,160,91,6,77,149,189,7,173,103,168,17,84,122,2,97,0,85,19,26,176,116,142,49,170,95,167,93,66,135,74,56,21,92,147,67,32,165,169,23,163,25,70,90,41,88,164,37,156,71,8,184,123,146,72,78,131,110,101,59,80,100,30,114,182,139,125,58,151,175,197,1,117,98,157,136,137,158,54,12,193,172,39,107,55,14,13,111,52,40,132,129,15,9,28,105,69,159,38,144,109,155,73,99,106,4,115,152,35,161,102,186,133,76,112,104,31,53,34,108,51,50,198,174,16,194,29,154,60,177,27,43,127,96,171,141,11,22,64,79,42,119,148,83,86,199,81,153,166,24,150,10,185,62,120,178,46,180,191,121];True
3848;6838;10686;[73,74,188,87,130,5,141,119,132,89,196,116,18,181,68,48,63,118,44,140,124,94,75,36,145,115,113,61,45,138,65,82,187,128,134,195,33,183,162,126,143,160,91,6,77,149,189,148,173,103,123,168,84,122,2,97,0,85,19,26,176,3,136,49,170,95,167,93,66,135,20,56,21,92,147,67,32,165,169,23,163,25,70,90,41,88,164,37,156,71,8,184,190,109,72,78,131,110,101,59,80,100,30,114,182,139,125,58,151,175,197,1,117,98,157,142,137,158,54,57,193,172,39,107,55,14,13,111,52,40,12,129,15,9,28,105,69,159,38,144,146,155,31,99,106,4,192,152,35,161,102,186,133,76,112,104,17,53,34,108,51,50,198,174,16,194,29,154,60,177,27,43,127,96,171,179,11,22,64,79,42,47,166,83,86,199,81,153,7,24,150,10,185,62,120,178,46,180,191,121];False
3748;6841;10589;[73,74,188,87,130,5,141,119,132,89,115,103,18,181,68,48,63,118,44,140,124,94,75,36,145,196,113,61,45,138,65,82,187,128,134,195,33,183,162,126,143,160,91,6,77,149,189,148,173,116,123,168,84,122,2,97,0,85,19,26,176,3,136,49,170,95,167,93,66,135,20,56,21,92,147,67,32,165,169,23,163,25,70,90,41,88,164,37,156,71,8,184,190,109,72,78,131,110,101,59,80,100,30,114,182,139,125,58,151,175,197,1,117,98,157,142,137,158,54,57,193,172,39,107,55,14,13,111,52,40,12,129,15,9,28,105,69,159,38,144,146,155,31,99,106,4,192,152,35,161,102,186,133,76,112,104,17,53,34,108,51,50,198,174,16,194,29,154,60,177,27,43,127,96,171,179,11,22,64,79,42,47,166,83,86,199,81,153,7,24,150,10,185,62,120,178,46,180,191,121];True
3818;6838;10656;[73,74,188,87,130,5,141,119,132,89,115,116,18,181,68,48,63,118,44,140,124,94,75,36,145,117,113,61,45,138,65,82,187,128,134,195,33,183,162,126,143,160,91,6,77,149,189,148,173,103,123,168,84,122,2,97,0,85,19,26,176,3,136,49,170,95,167,93,66,135,20,56,21,92,147,67,32,165,169,23,163,25,70,90,41,88,164,37,156,71,8,184,190,109,72,78,131,110,101,59,80,100,30,114,182,139,125,58,151,175,197,1,196,98,157,142,137,158,54,57,193,172,39,107,55,14,13,111,52,40,12,129,15,9,28,105,69,159,38,144,146,155,31,99,106,4,192,152,35,161,102,186,133,76,112,104,17,53,34,108,51,50,198,174,16,194,29,154,60,177,27,43,127,96,171,179,11,22,64,79,42,47,166,83,86,199,81,153,7,24,150,10,185,62,120,178,46,180,191,121];False
3732;6848;10580;[73,74,188,87,130,5,141,119,132,89,115,116,18,181,68,48,63,118,44,140,124,94,75,36,145,196,167,61,45,138,65,82,187,128,134,195,33,183,162,126,143,160,91,6,77,149,189,148,173,103,123,168,84,122,2,97,0,85,19,26,176,3,136,49,170,95,113,93,66,135,20,56,21,92,147,67,32,165,169,23,163,25,70,90,41,88,164,37,156,71,8,184,190,109,72,78,131,110,101,59,80,100,30,114,182,139,125,58,151,175,197,1,117,98,157,142,137,158,54,57,193,172,39,107,55,14,13,111,52,40,12,129,15,9,28,105,69,159,38,144,146,155,31,99,106,4,192,152,35,161,102,186,133,76,112,104,17,53,34,108,51,50,198,174,16,194,29,154,60,177,27,43,127,96,171,179,11,22,64,79,42,47,166,83,86,199,81,153,7,24,150,10,185,62,120,178,46,180,191,121];False
3839;6825;10664;[73,74,188,87,130,5,141,119,132,89,115,116,18,181,68,48,63,118,44,140,124,94,75,36,145,196,113,61,45,138,65,82,187,128,134,195,33,183,162,126,143,160,91,6,77,149,189,166,173,103,123,168,84,122,2,97,0,85,19,26,176,3,136,49,170,95,167,93,66,135,20,56,21,92,147,67,32,165,169,23,163,25,70,90,41,88,164,37,156,71,8,184,190,109,72,78,131,110,101,59,80,100,30,114,182,139,125,58,151,175,197,1,117,98,157,142,137,158,54,57,193,172,39,107,55,14,13,111,52,40,12,129,15,9,28,105,69,159,38,144,146,155,31,99,106,4,192,152,35,161,102,186,133,76,112,104,17,53,34,108,51,50,198,174,16,194,29,154,60,177,27,43,127,96,171,179,11,22,64,79,42,47,148,83,86,199,81,153,7,24,150,10,185,62,120,178,46,180,191,121];False
3634;6847;10481;[73,74,188,87,130,5,141,119,132,89,115,116,18,181,68,48,63,118,44,140,124,94,75,36,145,196,113,61,45,138,65,82,187,128,134,195,33,183,162,126,143,160,91,6,77,149,189,148,173,103,123,168,84,122,12,97,0,85,19,26,176,3,136,49,170,95,167,93,66,135,20,56,21,92,147,67,32,165,169,23,163,25,70,90,41,88,164,37,156,71,8,184,190,109,72,78,131,110,101,59,80,100,30,114,182,139,125,58,151,175,197,1,117,98,157,142,137,158,54,57,193,172,39,107,55,14,13,111,52,40,2,129,15,9,28,105,69,159,38,144,146,155,31,99,106,4,192,152,35,161,102,186,133,76,112,104,17,53,34,108,51,50,198,174,16,194,29,154,60,177,27,43,127,96,171,179,11,22,64,79,42,47,166,83,86,199,81,153,7,24,150,10,185,62,120,178,46,180,191,121];True
1399;9226;10625;[41,196,48,10,78,145,100,129,8,94,112,1,189,72,105,99,141,17,45,15,173,18,25,120,24,197,26,9,77,20,67,118,147,65,87,106,130,22,38,34,3,2,75,12,165,153,122,127,39,73,6,117,50,53,93,110,30,134,58,86,181,82,23,151,54,158,121,92,76,98,187,142,81,52,108,74,183,83,7,79,185,148,167,61,59,36,46,5,27,133,96,157,138,178,152,56,66,126,198,159,174,19,131,29,154,156,160,71,69,190,43,128,85,164,111,192,40,124,150,139,33,13,172,195,182,37,60,35,88,135,140,194,31,171,116,57,186,113,84,89,162,146,119,28,4,97,51,0,199,62,102,115,14,114,55,155,184,161,80,137,177,169,191,11,104,193,163,170,95,91,90,125,149,32,68,63,49,109,175,143,101,16,136,144,70,168,64,103,21,180,107,188,179,176,42,47,132,166,123,44];True
3938;6806;10744;[53,20,188,87,130,5,42,47,132,89,115,152,18,181,68,48,63,118,44,140,124,94,75,36,145,196,113,61,45,138,65,82,187,128,134,195,33,183,162,126,143,160,91,6,77,149,189,148,173,116,123,17,84,122,2,97,0,85,19,26,176,3,136,49,170,95,167,93,66,135,168,56,21,92,147,67,32,165,169,23,163,25,70,90,41,88,164,37,156,71,8,184,190,109,72,78,131,110,101,59,80,100,30,114,182,139,125,58,151,175,197,1,117,98,157,142,137,158,54,57,193,172,39,107,55,14,13,111,52,40,12,129,15,9,28,105,69,159,38,144,146,155,73,99,106,4,192,103,35,161,102,186,133,76,112,104,31,74,34,108,51,50,198,174,16,194,29,154,60,179,27,43,127,96,171,141,11,22,64,79,177,199,166,83,86,119,81,153,7,24,150,10,185,62,120,178,46,180,191,121];True
4106;6787;10893;[73,20,188,87,130,5,42,47,132,89,115,152,18,181,68,48,63,118,44,140,124,94,75,36,145,196,113,61,45,138,65,82,187,128,134,195,33,183,162,126,143,160,91,6,77,149,189,148,173,116,123,17,84,122,2,97,0,85,19,26,176,3,136,49,170,95,167,93,66,135,53,56,21,92,147,67,32,165,169,23,163,25,70,90,41,88,164,37,156,71,8,184,190,109,72,78,131,110,101,59,80,100,30,114,182,139,125,58,151,175,197,1,117,98,157,142,137,158,54,57,193,172,39,107,55,14,13,111,52,40,12,129,15,9,28,105,69,159,38,144,146,155,168,99,106,4,192,103,35,161,102,186,133,76,112,104,31,74,34,108,51,50,198,174,16,194,29,154,60,179,27,43,127,96,171,141,11,22,64,79,177,199,166,83,86,119,81,153,7,24,150,10,185,62,120,178,46,180,191,121];True
3961;6792;10753;[74,20,188,87,130,5,42,47,132,89,115,152,18,181,68,48,63,118,44,140,124,94,75,36,145,196,113,61,45,138,65,82,187,128,134,195,33,183,162,126,143,160,91,6,77,149,189,148,173,116,123,17,84,122,2,97,0,85,19,26,176,3,136,49,170,95,167,93,66,135,53,56,21,92,147,67,32,165,169,23,163,25,70,90,41,88,164,37,156,71,8,184,190,109,72,78,131,110,101,59,80,100,30,114,182,139,125,58,151,175,197,1,117,98,157,142,137,158,54,57,193,172,39,107,55,14,13,111,52,40,12,129,15,9,28,105,69,159,38,144,146,155,73,99,106,4,192,103,35,161,102,186,133,76,112,104,31,168,34,108,51,50,198,174,16,194,29,154,60,179,27,43,127,96,171,141,11,22,64,79,177,199,166,83,86,119,81,153,7,24,150,10,185,62,120,178,46,180,191,121];True
3925;6813;10738;[50,20,188,87,130,5,42,47,132,89,115,152,18,181,68,48,63,118,44,140,124,94,75,36,145,196,113,61,45,138,65,82,187,128,134,195,33,183,162,126,143,160,91,6,77,149,189,148,173,116,123,17,84,122,2,97,0,85,19,26,176,3,136,49,170,95,167,93,66,135,53,56,21,92,147,67,32,165,169,23,163,25,70,90,41,88,164,37,156,71,8,184,190,109,72,78,131,110,101,59,80,100,30,114,182,139,125,58,151,175,197,1,117,98,157,142,137,158,54,57,193,172,39,107,55,14,13,111,52,40,12,129,15,9,28,105,69,159,38,144,146,155,73,99,106,4,192,103,35,161,102,186,133,76,112,104,31,74,34,108,51,168,198,174,16,194,29,154,60,179,27,43,127,96,171,141,11,22,64,79,177,199,166,83,86,119,81,153,7,24,150,10,185,62,120,178,46,180,191,121];True
3890;6816;10706;[168,20,188,87,130,5,42,47,12,89,115,152,18,181,68,48,63,118,44,140,124,94,75,36,145,196,113,61,45,138,65,82,187,128,134,195,33,183,162,126,143,160,91,6,77,149,189,148,173,116,123,17,84,122,2,97,0,85,19,26,176,3,136,49,170,95,167,93,66,135,53,56,21,92,147,67,32,165,169,23,163,25,70,90,41,88,164,37,156,71,8,184,190,109,72,78,131,110,101,59,80,100,30,114,182,139,125,58,151,175,197,1,117,98,157,142,137,158,54,57,193,172,39,107,55,14,13,111,52,40,132,129,15,9,28,105,69,159,38,144,146,155,73,99,106,4,192,103,35,161,102,186,133,76,112,104,31,74,34,108,51,50,198,174,16,194,29,154,60,179,27,43,127,96,171,141,11,22,64,79,177,199,166,83,86,119,81,153,7,24,150,10,185,62,120,178,46,180,191,121];False
3836;6833;10669;[168,20,188,87,130,5,42,47,132,89,115,6,18,181,68,48,63,118,44,140,124,94,75,36,145,196,113,61,45,138,65,82,187,128,134,195,33,183,162,126,143,160,91,152,77,149,189,148,173,116,123,17,84,122,2,97,0,85,19,26,176,3,136,49,170,95,167,93,66,135,53,56,21,92,147,67,32,165,169,23,163,25,70,90,41,88,164,37,156,71,8,184,190,109,72,78,131,110,101,59,80,100,30,114,182,139,125,58,151,175,197,1,117,98,157,142,137,158,54,57,193,172,39,107,55,14,13,111,52,40,12,129,15,9,28,105,69,159,38,144,146,155,73,99,106,4,192,103,35,161,102,186,133,76,112,104,31,74,34,108,51,50,198,174,16,194,29,154,60,179,27,43,127,96,171,141,11,22,64,79,177,199,166,83,86,119,81,153,7,24,150,10,185,62,120,178,46,180,191,121];False
3802;6839;10641;[168,20,188,87,130,5,42,47,132,89,115,152,40,181,68,48,63,118,44,140,124,94,75,36,145,196,113,61,45,138,65,82,187,128,134,195,33,183,162,126,143,160,91,6,77,149,189,148,173,116,123,17,84,122,2,97,0,85,19,26,176,3,136,49,170,95,167,93,66,135,53,56,21,92,147,67,32,165,169,23,163,25,70,90,41,88,164,37,156,71,8,184,190,109,72,78,131,110,101,59,80,100,30,114,182,139,125,58,151,175,197,1,117,98,157,142,137,158,54,57,193,172,39,107,55,14,13,111,52,18,12,129,15,9,28,105,69,159,38,144,146,155,73,99,106,4,192,103,35,161,102,186,133,76,112,104,31,74,34,108,51,50,198,174,16,194,29,154,60,179,27,43,127,96,171,141,11,22,64,79,177,199,166,83,86,119,81,153,7,24,150,10,185,62,120,178,46,180,191,121];False
3870;6820;10690;[168,20,188,87,130,5,42,47,132,89,115,152,76,181,68,48,63,118,44,140,124,94,75,36,145,196,113,61,45,138,65,82,187,128,134,195,33,183,162,126,143,160,91,6,77,149,189,148,173,116,123,17,84,122,2,97,0,85,19,26,176,3,136,49,170,95,167,93,66,135,53,56,21,92,147,67,32,165,169,23,163,25,70,90,41,88,164,37,156,71,8,184,190,109,72,78,131,110,101,59,80,100,30,114,182,139,125,58,151,175,197,1,117,98,157,142,137,158,54,57,193,172,39,107,55,14,13,111,52,40,12,129,15,9,28,105,69,159,38,144,146,155,73,99,106,4,192,103,35,161,102,186,133,18,112,104,31,74,34,108,51,50,198,174,16,194,29,154,60,179,27,43,127,96,171,141,11,22,64,79,177,199,166,83,86,119,81,153,7,24,150,10,185,62,120,178,46,180,191,121];False
3888;6815;10703;[168,20,188,87,130,5,42,47,132,89,115,152,18,181,68,48,63,118,44,140,124,94,75,36,145,196,167,61,45,138,65,82,187,128,134,195,33,183,162,126,143,160,91,6,77,149,189,148,173,116,123,17,84,122,2,97,0,85,19,26,176,3,136,49,170,95,113,93,66,135,53,56,21,92,147,67,32,165,169,23,163,25,70,90,41,88,164,37,156,71,8,184,190,109,72,78,131,110,101,59,80,100,30,114,182,139,125,58,151,175,197,1,117,98,157,142,137,158,54,57,193,172,39,107,55,14,13,111,52,40,12,129,15,9,28,105,69,159,38,144,146,155,73,99,106,4,192,103,35,161,102,186,133,76,112,104,31,74,34,108,51,50,198,174,16,194,29,154,60,179,27,43,127,96,171,141,11,22,64,79,177,199,166,83,86,119,81,153,7,24,150,10,185,62,120,178,46,180,191,121];False
3829;6834;10663;[168,20,188,87,130,5,42,47,132,89,115,152,18,181,68,48,63,118,44,140,124,94,75,36,145,196,113,61,45,138,65,82,187,128,134,195,33,183,162,126,143,160,91,6,77,149,189,148,173,116,123,17,84,122,197,97,0,85,19,26,176,3,136,49,170,95,167,93,66,135,53,56,21,92,147,67,32,165,169,23,163,25,70,90,41,88,164,37,156,71,8,184,190,109,72,78,131,110,101,59,80,100,30,114,182,139,125,58,151,175,2,1,117,98,157,142,137,158,54,57,193,172,39,107,55,14,13,111,52,40,12,129,15,9,28,105,69,159,38,144,146,155,73,99,106,4,192,103,35,161,102,186,133,76,112,104,31,74,34,108,51,50,198,174,16,194,29,154,60,179,27,43,127,96,171,141,11,22,64,79,177,199,166,83,86,119,81,153,7,24,150,10,185,62,120,178,46,180,191,121];False
3790;6814;10604;[168,20,188,87,130,5,42,47,132,89,115,152,18,181,68,48,63,118,44,140,124,94,75,36,145,196,113,61,45,138,65,82,187,128,134,195,33,183,162,126,143,160,91,6,77,149,189,148,173,116,123,17,84,122,12,97,0,85,19,26,176,3,136,49,170,95,167,93,66,135,53,56,21,92,147,67,32,165,169,23,163,25,70,90,41,88,164,37,156,71,8,184,190,109,72,78,131,110,101,59,80,100,30,114,182,139,125,58,151,175,197,1,117,98,157,142,137,158,54,57,193,172,39,107,55,14,13,111,52,40,2,129,15,9,28,105,69,159,38,144,146,155,73,99,106,4,192,103,35,161,102,186,133,76,112,104,31,74,34,108,51,50,198,174,16,194,29,154,60,179,27,43,127,96,171,141,11,22,64,79,177,199,166,83,86,119,81,153,7,24,150,10,185,62,120,178,46,180,191,121];True
4190;6783;10973;[73,146,118,87,130,5,42,47,26,89,115,152,86,181,68,48,99,155,44,140,124,94,75,36,145,196,167,61,45,138,65,82,187,76,134,195,33,183,190,126,143,160,91,6,77,149,189,148,173,116,123,17,84,122,2,97,0,85,19,132,176,3,136,49,170,95,113,93,66,135,53,56,21,92,147,67,32,165,169,23,163,25,70,90,41,88,164,37,156,71,8,184,162,109,72,78,131,110,101,59,80,100,30,114,182,139,125,58,151,175,197,1,117,98,157,142,137,158,54,57,193,172,39,107,55,14,13,111,52,40,12,129,15,9,28,105,69,159,38,144,20,188,168,63,106,4,192,103,35,161,102,186,133,18,112,104,31,74,34,108,51,50,198,174,16,194,29,154,60,179,27,43,127,96,171,141,11,22,64,79,177,199,166,83,128,119,81,153,7,24,150,10,185,62,120,178,46,180,191,121];False
4117;6780;10897;[73,146,118,87,130,5,42,47,26,89,115,152,86,181,68,48,99,155,44,140,124,94,75,36,145,196,113,61,45,138,65,82,187,76,134,195,33,183,162,126,143,160,91,6,77,149,189,148,173,116,123,17,84,122,2,97,0,85,19,132,176,3,136,49,170,95,167,93,66,135,53,56,21,92,147,67,32,165,169,23,163,25,70,90,41,88,164,37,156,71,8,184,190,109,72,78,131,110,101,59,80,100,30,114,182,139,125,58,151,175,197,1,117,98,157,142,137,158,54,57,193,172,39,107,55,14,13,111,52,40,12,129,15,9,28,105,69,159,38,144,20,188,168,63,106,4,192,103,35,161,102,186,133,18,112,104,31,74,34,108,51,50,198,174,16,194,29,154,60,179,27,43,127,96,171,141,11,22,64,79,177,199,166,83,128,119,81,153,7,24,150,10,185,62,120,178,46,180,191,121];True
4315;6772;11087;[73,146,155,178,130,5,42,47,26,89,115,152,86,181,68,48,63,118,44,140,124,94,75,36,145,196,113,61,45,138,65,82,187,76,134,195,33,183,190,126,143,160,91,6,77,149,189,148,173,116,123,17,84,122,2,97,0,85,19,132,176,3,136,49,170,95,167,93,66,135,53,56,21,92,147,67,32,165,169,23,163,25,70,90,41,88,164,37,156,71,8,184,162,109,72,78,131,110,101,59,80,100,30,114,182,139,125,58,151,175,197,1,117,98,157,142,137,158,54,57,193,172,39,107,55,14,13,111,52,40,12,129,15,9,28,105,69,159,38,144,20,188,168,99,106,4,192,103,35,161,102,186,133,18,112,104,31,74,34,108,51,50,198,174,16,194,29,154,60,179,27,43,127,96,171,141,11,22,64,79,177,199,166,83,128,119,81,153,7,24,150,10,185,62,120,87,46,180,191,121];False
4361;6762;11123;[73,146,155,87,130,5,42,47,26,89,196,152,86,181,68,48,63,118,44,140,124,94,75,36,145,115,113,61,45,138,65,82,187,76,134,195,33,183,190,126,143,160,91,6,77,149,189,148,173,116,123,17,84,122,2,97,0,85,19,132,176,3,136,49,170,95,167,93,66,135,53,56,21,92,147,67,32,165,169,23,163,25,70,90,41,88,164,37,156,71,8,184,162,109,72,78,131,110,101,59,80,100,30,114,182,139,125,58,151,175,197,1,117,98,157,142,137,158,54,57,193,172,39,107,55,14,13,111,52,40,12,129,15,9,28,105,69,159,38,144,20,188,168,99,106,4,192,103,35,161,102,186,133,18,112,104,31,74,34,108,51,50,198,174,16,194,29,154,60,179,27,43,127,96,171,141,11,22,64,79,177,199,166,83,128,119,81,153,7,24,150,10,185,62,120,178,46,180,191,121];True
4269;6770;11039;[73,146,155,87,130,5,42,47,26,89,115,152,86,181,68,48,63,118,44,140,124,94,196,36,145,75,113,61,45,138,65,82,187,76,134,195,33,183,190,126,143,160,91,6,77,149,189,148,173,116,123,17,84,122,2,97,0,85,19,132,176,3,136,49,170,95,167,93,66,135,53,56,21,92,147,67,32,165,169,23,163,25,70,90,41,88,164,37,156,71,8,184,162,109,72,78,131,110,101,59,80,100,30,114,182,139,125,58,151,175,197,1,117,98,157,142,137,158,54,57,193,172,39,107,55,14,13,111,52,40,12,129,15,9,28,105,69,159,38,144,20,188,168,99,106,4,192,103,35,161,102,186,133,18,112,104,31,74,34,108,51,50,198,174,16,194,29,154,60,179,27,43,127,96,171,141,11,22,64,79,177,199,166,83,128,119,81,153,7,24,150,10,185,62,120,178,46,180,191,121];True
4304;6765;11069;[73,146,155,87,130,5,42,47,26,89,115,152,86,181,68,48,63,118,44,140,124,94,75,36,145,117,113,61,45,138,65,82,187,76,134,195,33,183,190,126,143,160,91,6,77,149,189,148,173,116,123,17,84,122,2,97,0,85,19,132,176,3,136,49,170,95,167,93,66,135,53,56,21,92,147,67,32,165,169,23,163,25,70,90,41,88,164,37,156,71,8,184,162,109,72,78,131,110,101,59,80,100,30,114,182,139,125,58,151,175,197,1,196,98,157,142,137,158,54,57,193,172,39,107,55,14,13,111,52,40,12,129,15,9,28,105,69,159,38,144,20,188,168,99,106,4,192,103,35,161,102,186,133,18,112,104,31,74,34,108,51,50,198,174,16,194,29,154,60,179,27,43,127,96,171,141,11,22,64,79,177,199,166,83,128,119,81,153,7,24,150,10,185,62,120,178,46,180,191,121];True
4218;6775;10993;[73,146,155,87,130,5,42,47,26,89,115,152,86,181,68,48,63,118,44,140,124,94,75,36,145,196,167,61,45,138,65,82,187,76,134,195,33,183,190,126,143,160,91,6,77,149,189,148,173,116,123,17,84,122,2,97,0,85,19,132,176,3,136,49,170,95,113,93,66,135,53,56,21,92,147,67,32,165,169,23,163,25,70,90,41,88,164,37,156,71,8,184,162,109,72,78,131,110,101,59,80,100,30,114,182,139,125,58,151,175,197,1,117,98,157,142,137,158,54,57,193,172,39,107,55,14,13,111,52,40,12,129,15,9,28,105,69,159,38,144,20,188,168,99,106,4,192,103,35,161,102,186,133,18,112,104,31,74,34,108,51,50,198,174,16,194,29,154,60,179,27,43,127,96,171,141,11,22,64,79,177,199,166,83,128,119,81,153,7,24,150,10,185,62,120,178,46,180,191,121];False
4157;6779;10936;[73,146,155,87,130,5,42,47,26,89,115,152,86,181,68,48,63,118,44,140,124,94,75,36,145,196,113,61,45,138,65,82,187,76,134,119,33,183,190,126,143,160,91,6,77,149,189,148,173,116,123,17,84,122,2,97,0,85,19,132,176,3,136,49,170,95,167,93,66,135,53,56,21,92,147,67,32,165,169,23,163,25,70,90,41,88,164,37,156,71,8,184,162,109,72,78,131,110,101,59,80,100,30,114,182,139,125,58,151,175,197,1,117,98,157,142,137,158,54,57,193,172,39,107,55,14,13,111,52,40,12,129,15,9,28,105,69,159,38,144,20,188,168,99,106,4,192,103,35,161,102,186,133,18,112,104,31,74,34,108,51,50,198,174,16,194,29,154,60,179,27,43,127,96,171,141,11,22,64,79,177,199,166,83,128,195,81,153,7,24,150,10,185,62,120,178,46,180,191,121];False
4145;6772;10917;[73,146,155,87,130,5,42,47,26,89,115,152,86,181,68,48,63,118,44,140,124,94,75,36,145,196,113,61,45,138,65,82,187,76,134,195,33,183,162,126,143,160,91,6,77,149,189,148,173,116,123,17,84,122,2,97,0,85,19,132,176,3,136,49,170,95,167,93,66,135,53,56,21,92,147,67,32,165,169,23,163,25,70,90,41,88,164,37,156,71,8,184,190,109,72,78,131,110,101,59,80,100,30,114,182,139,125,58,151,175,197,1,117,98,157,142,137,158,54,57,193,172,39,107,55,14,13,111,52,40,12,129,15,9,28,105,69,159,38,144,20,188,168,99,106,4,192,103,35,161,102,186,133,18,112,104,31,74,34,108,51,50,198,174,16,194,29,154,60,179,27,43,127,96,171,141,11,22,64,79,177,199,166,83,128,119,81,153,7,24,150,10,185,62,120,178,46,180,191,121];True
4665;6754;11419;[198,174,125,6,130,5,42,47,26,145,115,152,186,148,15,51,106,20,44,140,124,168,164,190,19,196,113,61,45,138,123,82,187,128,134,195,33,94,118,126,143,160,91,75,77,149,189,7,173,116,65,4,84,122,2,97,0,85,18,132,176,3,136,49,170,95,167,93,66,135,48,50,21,92,147,67,32,165,169,23,163,25,70,90,41,88,146,37,156,71,8,184,162,109,72,78,131,110,101,59,80,100,30,114,182,139,36,58,151,175,197,1,117,98,157,142,137,158,54,57,193,172,39,107,55,14,13,111,52,40,87,181,68,9,28,105,69,159,38,144,56,63,73,99,155,178,192,103,35,161,102,12,133,76,112,104,31,183,34,108,188,74,53,17,16,194,29,154,60,179,27,43,127,96,171,141,11,22,64,79,177,199,166,83,86,119,81,153,129,24,150,10,185,62,120,89,46,180,191,121];False
4616;6755;11371;[198,174,125,6,130,5,42,47,26,145,115,152,186,7,15,48,106,20,44,140,124,168,164,190,19,196,113,61,45,138,123,82,187,128,134,195,33,94,118,126,143,160,91,75,77,149,189,148,173,116,65,4,84,122,2,97,0,85,18,132,176,3,136,49,170,95,167,93,66,135,51,50,21,92,147,67,32,165,169,23,163,25,70,90,41,88,146,37,156,71,8,184,162,109,72,78,131,110,101,59,80,100,30,114,182,139,36,58,151,175,197,1,117,98,157,142,137,158,54,57,193,172,39,107,55,14,13,111,52,40,87,181,68,9,28,105,69,159,38,144,56,63,73,99,155,178,192,103,35,161,102,12,133,76,112,104,31,183,34,108,188,74,53,17,16,194,29,154,60,179,27,43,127,96,171,141,11,22,64,79,177,199,166,83,86,119,81,153,129,24,150,10,185,62,120,89,46,180,191,121];False
4677;6753;11430;[198,174,125,6,130,5,42,47,26,145,115,152,186,7,15,51,106,20,146,140,124,168,164,190,19,196,113,61,45,138,123,82,187,128,134,195,33,94,118,126,143,160,91,75,77,149,189,148,173,116,65,4,84,122,2,97,0,85,18,132,176,3,136,49,170,95,167,93,66,135,48,50,21,92,147,67,32,165,169,23,163,25,70,90,41,88,44,37,156,71,8,184,162,109,72,78,131,110,101,59,80,100,30,114,182,139,36,58,151,175,197,1,117,98,157,142,137,158,54,57,193,172,39,107,55,14,13,111,52,40,87,181,68,9,28,105,69,159,38,144,56,63,73,99,155,178,192,103,35,161,102,12,133,76,112,104,31,183,34,108,188,74,53,17,16,194,29,154,60,179,27,43,127,96,171,141,11,22,64,79,177,199,166,83,86,119,81,153,129,24,150,10,185,62,120,89,46,180,191,121];False
4559;6755;11314;[198,174,125,6,130,5,42,47,26,145,115,152,186,7,15,51,106,20,44,140,124,168,164,190,10,196,113,61,45,138,123,82,187,128,134,195,33,94,118,126,143,160,91,75,77,149,189,148,173,116,65,4,84,122,2,97,0,85,18,132,176,3,136,49,170,95,167,93,66,135,48,50,21,92,147,67,32,165,169,23,163,25,70,90,41,88,146,37,156,71,8,184,162,109,72,78,131,110,101,59,80,100,30,114,182,139,36,58,151,175,197,1,117,98,157,142,137,158,54,57,193,172,39,107,55,14,13,111,52,40,87,181,68,9,28,105,69,159,38,144,56,63,73,99,155,178,192,103,35,161,102,12,133,76,112,104,31,183,34,108,188,74,53,17,16,194,29,154,60,179,27,43,127,96,171,141,11,22,64,79,177,199,166,83,86,119,81,153,129,24,150,19,185,62,120,89,46,180,191,121];True
4784;6742;11526;[198,29,90,41,130,5,42,120,26,145,115,152,186,7,15,51,106,20,44,140,124,168,164,190,174,196,113,61,45,138,123,82,187,128,134,195,33,94,118,126,143,160,91,75,77,149,189,148,173,116,65,4,84,122,2,97,0,85,18,132,176,3,136,49,170,95,167,93,66,135,48,50,21,92,147,67,32,165,169,23,163,25,70,125,6,88,146,37,156,71,8,184,162,109,72,78,131,110,101,59,80,100,30,114,182,139,36,58,151,175,197,1,117,98,157,142,137,158,54,57,193,172,39,107,55,14,13,111,52,40,87,181,68,9,28,105,69,159,38,144,56,63,73,99,155,178,192,103,35,161,102,12,133,76,112,104,31,183,34,108,188,74,53,17,16,194,19,154,60,179,27,43,127,96,171,141,11,22,64,79,177,199,166,83,86,119,81,153,129,24,150,10,185,62,47,89,46,180,191,121];False
4653;6750;11403;[198,29,90,41,130,5,42,47,26,145,115,152,12,7,15,51,106,20,44,140,124,168,164,190,174,196,113,61,45,138,123,82,187,128,134,195,33,94,118,126,143,160,91,75,77,149,189,148,173,116,65,4,84,122,2,97,0,85,18,132,176,3,136,49,170,95,167,93,66,135,48,50,21,92,147,67,32,165,169,23,163,25,70,125,6,88,146,37,156,71,8,184,162,109,72,78,131,110,101,59,80,100,30,114,182,139,36,58,151,175,197,1,117,98,157,142,137,158,54,57,193,172,39,107,55,14,13,111,52,40,87,181,68,9,28,105,69,159,38,144,56,63,73,99,155,178,192,103,35,161,102,186,133,76,112,104,31,183,34,108,188,74,53,17,16,194,19,154,60,179,27,43,127,96,171,141,11,22,64,79,177,199,166,83,86,119,81,153,129,24,150,10,185,62,120,89,46,180,191,121];True
4769;6741;11510;[198,29,90,41,130,5,42,47,26,145,115,152,186,148,15,51,106,20,44,140,124,168,164,190,174,196,113,61,45,138,123,82,187,128,134,195,33,94,118,126,143,160,91,75,77,149,189,7,173,116,65,4,84,122,2,97,0,85,18,132,176,3,136,49,170,95,167,93,66,135,48,50,21,92,147,67,32,165,169,23,163,25,70,125,6,88,146,37,156,71,8,184,162,109,72,78,131,110,101,59,80,100,30,114,182,139,36,58,151,175,197,1,117,98,157,142,137,158,54,57,193,172,39,107,55,14,13,111,52,40,87,181,68,9,28,105,69,159,38,144,56,63,73,99,155,178,192,103,35,161,102,12,133,76,112,104,31,183,34,108,188,74,53,17,16,194,19,154,60,179,27,43,127,96,171,141,11,22,64,79,177,199,166,83,86,119,81,153,129,24,150,10,185,62,120,89,46,180,191,121];True
4762;6746;11508;[198,29,90,41,130,5,42,47,26,145,115,152,186,7,139,51,106,20,44,140,124,168,164,190,174,196,113,61,45,138,123,82,187,128,134,195,33,94,118,126,143,160,91,75,77,149,189,148,173,116,65,4,84,122,2,97,0,85,18,132,176,3,136,49,170,95,167,93,66,135,48,50,21,92,147,67,32,165,169,23,163,25,70,125,6,88,146,37,156,71,8,184,162,109,72,78,131,110,101,59,80,100,30,114,182,15,36,58,151,175,197,1,117,98,157,142,137,158,54,57,193,172,39,107,55,14,13,111,52,40,87,181,68,9,28,105,69,159,38,144,56,63,73,99,155,178,192,103,35,161,102,12,133,76,112,104,31,183,34,108,188,74,53,17,16,194,19,154,60,179,27,43,127,96,171,141,11,22,64,79,177,199,166,83,86,119,81,153,129,24,150,10,185,62,120,89,46,180,191,121];False
4720;6742;11462;[198,29,90,41,130,5,42,47,26,145,115,152,186,7,15,48,106,20,44,140,124,168,164,190,174,196,113,61,45,138,123,82,187,128,134,195,33,94,118,126,143,160,91,75,77,149,189,148,173,116,65,4,84,122,2,97,0,85,18,132,176,3,136,49,170,95,167,93,66,135,51,50,21,92,147,67,32,165,169,23,163,25,70,125,6,88,146,37,156,71,8,184,162,109,72,78,131,110,101,59,80,100,30,114,182,139,36,58,151,175,197,1,117,98,157,142,137,158,54,57,193,172,39,107,55,14,13,111,52,40,87,181,68,9,28,105,69,159,38,144,56,63,73,99,155,178,192,103,35,161,102,12,133,76,112,104,31,183,34,108,188,74,53,17,16,194,19,154,60,179,27,43,127,96,171,141,11,22,64,79,177,199,166,83,86,119,81,153,129,24,150,10,185,62,120,89,46,180,191,121];True
4781;6740;11521;[198,29,90,41,130,5,42,47,26,145,115,152,186,7,15,51,106,20,146,140,124,168,164,190,174,196,113,61,45,138,123,82,187,128,134,195,33,94,118,126,143,160,91,75,77,149,189,148,173,116,65,4,84,122,2,97,0,85,18,132,176,3,136,49,170,95,167,93,66,135,48,50,21,92,147,67,32,165,169,23,163,25,70,125,6,88,44,37,156,71,8,184,162,109,72,78,131,110,101,59,80,100,30,114,182,139,36,58,151,175,197,1,117,98,157,142,137,158,54,57,193,172,39,107,55,14,13,111,52,40,87,181,68,9,28,105,69,159,38,144,56,63,73,99,155,178,192,103,35,161,102,12,133,76,112,104,31,183,34,108,188,74,53,17,16,194,19,154,60,179,27,43,127,96,171,141,11,22,64,79,177,199,166,83,86,119,81,153,129,24,150,10,185,62,120,89,46,180,191,121];True
4706;6744;11450;[198,29,90,41,130,5,42,47,26,145,115,152,186,7,15,51,106,20,44,140,124,168,164,190,174,196,167,61,45,138,123,82,187,128,134,195,33,94,118,126,143,160,91,75,77,149,189,148,173,116,65,4,84,122,2,97,0,85,18,132,176,3,136,49,170,95,113,93,66,135,48,50,21,92,147,67,32,165,169,23,163,25,70,125,6,88,146,37,156,71,8,184,162,109,72,78,131,110,101,59,80,100,30,114,182,139,36,58,151,175,197,1,117,98,157,142,137,158,54,57,193,172,39,107,55,14,13,111,52,40,87,181,68,9,28,105,69,159,38,144,56,63,73,99,155,178,192,103,35,161,102,12,133,76,112,104,31,183,34,108,188,74,53,17,16,194,19,154,60,179,27,43,127,96,171,141,11,22,64,79,177,199,166,83,86,119,81,153,129,24,150,10,185,62,120,89,46,180,191,121];True
4686;6747;11433;[198,29,90,41,130,5,42,47,26,145,115,152,186,7,15,51,106,20,44,140,124,168,164,190,174,196,113,61,45,138,65,82,187,128,134,195,33,94,118,126,143,160,91,75,77,149,189,148,173,116,123,4,84,122,2,97,0,85,18,132,176,3,136,49,170,95,167,93,66,135,48,50,21,92,147,67,32,165,169,23,163,25,70,125,6,88,146,37,156,71,8,184,162,109,72,78,131,110,101,59,80,100,30,114,182,139,36,58,151,175,197,1,117,98,157,142,137,158,54,57,193,172,39,107,55,14,13,111,52,40,87,181,68,9,28,105,69,159,38,144,56,63,73,99,155,178,192,103,35,161,102,12,133,76,112,104,31,183,34,108,188,74,53,17,16,194,19,154,60,179,27,43,127,96,171,141,11,22,64,79,177,199,166,83,86,119,81,153,129,24,150,10,185,62,120,89,46,180,191,121];True
