utilA;utilB;utilSum;contract;pareto
10327;9654;19981;[1,0,2,3,4,5,6,7,8,9,10,11,12,13,14,15,16,17,18,19,20,21,22,23,24,25,26,27,28,29,30,31,32,33,34,35,36,37,38,39,40,41,42,43,44,45,46,47,48,49,50,51,52,53,54,55,56,57,58,59,60,61,62,63,64,65,66,67,68,69,70,71,72,73,74,75,76,77,78,79,80,81,82,83,84,85,86,87,88,89,90,91,92,93,94,95,96,97,98,99,100,101,102,103,104,105,106,107,108,109,110,111,112,113,114,115,116,117,118,119,120,121,122,123,124,125,126,127,128,129,130,131,132,133,134,135,136,137,138,139,140,141,142,143,144,145,146,147,148,149,150,151,152,153,154,155,156,157,158,159,160,161,162,163,164,165,166,167,168,169,170,171,172,173,174,175,176,177,178,179,180,181,182,183,184,185,186,187,188,189,190,191,192,193,194,195,196,197,198,199];False
10379;9637;20016;[3,0,2,1,4,5,6,7,8,9,10,11,12,13,14,15,16,17,18,19,20,21,22,23,24,25,26,27,28,29,30,31,32,33,34,35,36,37,38,39,40,41,42,43,44,45,46,47,48,49,50,51,52,53,54,55,56,57,58,59,60,61,62,63,64,65,66,67,68,69,70,71,72,73,74,75,76,77,78,79,80,81,82,83,84,85,86,87,88,89,90,91,92,93,94,95,96,97,98,99,100,101,102,103,104,105,106,107,108,109,110,111,112,113,114,115,116,117,118,119,120,121,122,123,124,125,126,127,128,129,130,131,132,133,134,135,136,137,138,139,140,141,142,143,144,145,146,147,148,149,150,151,152,153,154,155,156,157,158,159,160,161,162,163,164,165,166,167,168,169,170,171,172,173,174,175,176,177,178,179,180,181,182,183,184,185,186,187,188,189,190,191,192,193,194,195,196,197,198,199];False
10374;9625;19999;[4,0,2,3,1,5,6,7,8,9,10,11,12,13,14,15,16,17,18,19,20,21,22,23,24,25,26,27,28,29,30,31,32,33,34,35,36,37,38,39,40,41,42,43,44,45,46,47,48,49,50,51,52,53,54,55,56,57,58,59,60,61,62,63,64,65,66,67,68,69,70,71,72,73,74,75,76,77,78,79,80,81,82,83,84,85,86,87,88,89,90,91,92,93,94,95,96,97,98,99,100,101,102,103,104,105,106,107,108,109,110,111,112,113,114,115,116,117,118,119,120,121,122,123,124,125,126,127,128,129,130,131,132,133,134,135,136,137,138,139,140,141,142,143,144,145,146,147,148,149,150,151,152,153,154,155,156,157,158,159,160,161,162,163,164,165,166,167,168,169,170,171,172,173,174,175,176,177,178,179,180,181,182,183,184,185,186,187,188,189,190,191,192,193,194,195,196,197,198,199];False
10411;9622;20033;[5,0,2,3,4,1,6,7,8,9,10,11,12,13,14,15,16,17,18,19,20,21,22,23,24,25,26,27,28,29,30,31,32,33,34,35,36,37,38,39,40,41,42,43,44,45,46,47,48,49,50,51,52,53,54,55,56,57,58,59,60,61,62,63,64,65,66,67,68,69,70,71,72,73,74,75,76,77,78,79,80,81,82,83,84,85,86,87,88,89,90,91,92,93,94,95,96,97,98,99,100,101,102,103,104,105,106,107,108,109,110,111,112,113,114,115,116,117,118,119,120,121,122,123,124,125,126,127,128,129,130,131,132,133,134,135,136,137,138,139,140,141,142,143,144,145,146,147,148,149,150,151,152,153,154,155,156,157,158,159,160,161,162,163,164,165,166,167,168,169,170,171,172,173,174,175,176,177,178,179,180,181,182,183,184,185,186,187,188,189,190,191,192,193,194,195,196,197,198,199];False
10271;9645;19916;[6,0,2,3,4,5,1,7,8,9,10,11,12,13,14,15,16,17,18,19,20,21,22,23,24,25,26,27,28,29,30,31,32,33,34,35,36,37,38,39,40,41,42,43,44,45,46,47,48,49,50,51,52,53,54,55,56,57,58,59,60,61,62,63,64,65,66,67,68,69,70,71,72,73,74,75,76,77,78,79,80,81,82,83,84,85,86,87,88,89,90,91,92,93,94,95,96,97,98,99,100,101,102,103,104,105,106,107,108,109,110,111,112,113,114,115,116,117,118,119,120,121,122,123,124,125,126,127,128,129,130,131,132,133,134,135,136,137,138,139,140,141,142,143,144,145,146,147,148,149,150,151,152,153,154,155,156,157,158,159,160,161,162,163,164,165,166,167,168,169,170,171,172,173,174,175,176,177,178,179,180,181,182,183,184,185,186,187,188,189,190,191,192,193,194,195,196,197,198,199];False
10426;9603;20029;[5,0,2,3,1,4,6,7,8,9,10,11,12,13,14,15,16,17,18,19,20,21,22,23,24,25,26,27,28,29,30,31,32,33,34,35,36,37,38,39,40,41,42,43,44,45,46,47,48,49,50,51,52,53,54,55,56,57,58,59,60,61,62,63,64,65,66,67,68,69,70,71,72,73,74,75,76,77,78,79,80,81,82,83,84,85,86,87,88,89,90,91,92,93,94,95,96,97,98,99,100,101,102,103,104,105,106,107,108,109,110,111,112,113,114,115,116,117,118,119,120,121,122,123,124,125,126,127,128,129,130,131,132,133,134,135,136,137,138,139,140,141,142,143,144,145,146,147,148,149,150,151,152,153,154,155,156,157,158,159,160,161,162,163,164,165,166,167,168,169,170,171,172,173,174,175,176,177,178,179,180,181,182,183,184,185,186,187,188,189,190,191,192,193,194,195,196,197,198,199];False
10325;9639;19964;[6,0,2,3,1,5,4,7,8,9,10,11,12,13,14,15,16,17,18,19,20,21,22,23,24,25,26,27,28,29,30,31,32,33,34,35,36,37,38,39,40,41,42,43,44,45,46,47,48,49,50,51,52,53,54,55,56,57,58,59,60,61,62,63,64,65,66,67,68,69,70,71,72,73,74,75,76,77,78,79,80,81,82,83,84,85,86,87,88,89,90,91,92,93,94,95,96,97,98,99,100,101,102,103,104,105,106,107,108,109,110,111,112,113,114,115,116,117,118,119,120,121,122,123,124,125,126,127,128,129,130,131,132,133,134,135,136,137,138,139,140,141,142,143,144,145,146,147,148,149,150,151,152,153,154,155,156,157,158,159,160,161,162,163,164,165,166,167,168,169,170,171,172,173,174,175,176,177,178,179,180,181,182,183,184,185,186,187,188,189,190,191,192,193,194,195,196,197,198,199];False
10211;9636;19847;[10,0,2,3,1,5,6,7,8,9,4,11,12,13,14,15,16,17,18,19,20,21,22,23,24,25,26,27,28,29,30,31,32,33,34,35,36,37,38,39,40,41,42,43,44,45,46,47,48,49,50,51,52,53,54,55,56,57,58,59,60,61,62,63,64,65,66,67,68,69,70,71,72,73,74,75,76,77,78,79,80,81,82,83,84,85,86,87,88,89,90,91,92,93,94,95,96,97,98,99,100,101,102,103,104,105,106,107,108,109,110,111,112,113,114,115,116,117,118,119,120,121,122,123,124,125,126,127,128,129,130,131,132,133,134,135,136,137,138,139,140,141,142,143,144,145,146,147,148,149,150,151,152,153,154,155,156,157,158,159,160,161,162,163,164,165,166,167,168,169,170,171,172,173,174,175,176,177,178,179,180,181,182,183,184,185,186,187,188,189,190,191,192,193,194,195,196,197,198,199];False
10326;9634;19960;[14,0,2,3,1,5,6,7,8,9,10,11,12,13,4,15,16,17,18,19,20,21,22,23,24,25,26,27,28,29,30,31,32,33,34,35,36,37,38,39,40,41,42,43,44,45,46,47,48,49,50,51,52,53,54,55,56,57,58,59,60,61,62,63,64,65,66,67,68,69,70,71,72,73,74,75,76,77,78,79,80,81,82,83,84,85,86,87,88,89,90,91,92,93,94,95,96,97,98,99,100,101,102,103,104,105,106,107,108,109,110,111,112,113,114,115,116,117,118,119,120,121,122,123,124,125,126,127,128,129,130,131,132,133,134,135,136,137,138,139,140,141,142,143,144,145,146,147,148,149,150,151,152,153,154,155,156,157,158,159,160,161,162,163,164,165,166,167,168,169,170,171,172,173,174,175,176,177,178,179,180,181,182,183,184,185,186,187,188,189,190,191,192,193,194,195,196,197,198,199];False
10406;9619;20025;[16,0,2,3,1,5,6,7,8,9,10,11,12,13,14,15,4,17,18,19,20,21,22,23,24,25,26,27,28,29,30,31,32,33,34,35,36,37,38,39,40,41,42,43,44,45,46,47,48,49,50,51,52,53,54,55,56,57,58,59,60,61,62,63,64,65,66,67,68,69,70,71,72,73,74,75,76,77,78,79,80,81,82,83,84,85,86,87,88,89,90,91,92,93,94,95,96,97,98,99,100,101,102,103,104,105,106,107,108,109,110,111,112,113,114,115,116,117,118,119,120,121,122,123,124,125,126,127,128,129,130,131,132,133,134,135,136,137,138,139,140,141,142,143,144,145,146,147,148,149,150,151,152,153,154,155,156,157,158,159,160,161,162,163,164,165,166,167,168,169,170,171,172,173,174,175,176,177,178,179,180,181,182,183,184,185,186,187,188,189,190,191,192,193,194,195,196,197,198,199];False
10346;9625;19971;[17,0,2,3,1,5,6,7,8,9,10,11,12,13,14,15,16,4,18,19,20,21,22,23,24,25,26,27,28,29,30,31,32,33,34,35,36,37,38,39,40,41,42,43,44,45,46,47,48,49,50,51,52,53,54,55,56,57,58,59,60,61,62,63,64,65,66,67,68,69,70,71,72,73,74,75,76,77,78,79,80,81,82,83,84,85,86,87,88,89,90,91,92,93,94,95,96,97,98,99,100,101,102,103,104,105,106,107,108,109,110,111,112,113,114,115,116,117,118,119,120,121,122,123,124,125,126,127,128,129,130,131,132,133,134,135,136,137,138,139,140,141,142,143,144,145,146,147,148,149,150,151,152,153,154,155,156,157,158,159,160,161,162,163,164,165,166,167,168,169,170,171,172,173,174,175,176,177,178,179,180,181,182,183,184,185,186,187,188,189,190,191,192,193,194,195,196,197,198,199];False
10372;9609;19981;[6,0,2,3,1,4,5,7,8,9,10,11,12,13,14,15,16,17,18,19,20,21,22,23,24,25,26,27,28,29,30,31,32,33,34,35,36,37,38,39,40,41,42,43,44,45,46,47,48,49,50,51,52,53,54,55,56,57,58,59,60,61,62,63,64,65,66,67,68,69,70,71,72,73,74,75,76,77,78,79,80,81,82,83,84,85,86,87,88,89,90,91,92,93,94,95,96,97,98,99,100,101,102,103,104,105,106,107,108,109,110,111,112,113,114,115,116,117,118,119,120,121,122,123,124,125,126,127,128,129,130,131,132,133,134,135,136,137,138,139,140,141,142,143,144,145,146,147,148,149,150,151,152,153,154,155,156,157,158,159,160,161,162,163,164,165,166,167,168,169,170,171,172,173,174,175,176,177,178,179,180,181,182,183,184,185,186,187,188,189,190,191,192,193,194,195,196,197,198,199];False
10288;9614;19902;[10,0,2,3,1,4,6,7,8,9,5,11,12,13,14,15,16,17,18,19,20,21,22,23,24,25,26,27,28,29,30,31,32,33,34,35,36,37,38,39,40,41,42,43,44,45,46,47,48,49,50,51,52,53,54,55,56,57,58,59,60,61,62,63,64,65,66,67,68,69,70,71,72,73,74,75,76,77,78,79,80,81,82,83,84,85,86,87,88,89,90,91,92,93,94,95,96,97,98,99,100,101,102,103,104,105,106,107,108,109,110,111,112,113,114,115,116,117,118,119,120,121,122,123,124,125,126,127,128,129,130,131,132,133,134,135,136,137,138,139,140,141,142,143,144,145,146,147,148,149,150,151,152,153,154,155,156,157,158,159,160,161,162,163,164,165,166,167,168,169,170,171,172,173,174,175,176,177,178,179,180,181,182,183,184,185,186,187,188,189,190,191,192,193,194,195,196,197,198,199];False
10382;9607;19989;[18,0,2,3,1,4,6,7,8,9,10,11,12,13,14,15,16,17,5,19,20,21,22,23,24,25,26,27,28,29,30,31,32,33,34,35,36,37,38,39,40,41,42,43,44,45,46,47,48,49,50,51,52,53,54,55,56,57,58,59,60,61,62,63,64,65,66,67,68,69,70,71,72,73,74,75,76,77,78,79,80,81,82,83,84,85,86,87,88,89,90,91,92,93,94,95,96,97,98,99,100,101,102,103,104,105,106,107,108,109,110,111,112,113,114,115,116,117,118,119,120,121,122,123,124,125,126,127,128,129,130,131,132,133,134,135,136,137,138,139,140,141,142,143,144,145,146,147,148,149,150,151,152,153,154,155,156,157,158,159,160,161,162,163,164,165,166,167,168,169,170,171,172,173,174,175,176,177,178,179,180,181,182,183,184,185,186,187,188,189,190,191,192,193,194,195,196,197,198,199];False
10396;9599;19995;[19,0,2,3,1,4,6,7,8,9,10,11,12,13,14,15,16,17,18,5,20,21,22,23,24,25,26,27,28,29,30,31,32,33,34,35,36,37,38,39,40,41,42,43,44,45,46,47,48,49,50,51,52,53,54,55,56,57,58,59,60,61,62,63,64,65,66,67,68,69,70,71,72,73,74,75,76,77,78,79,80,81,82,83,84,85,86,87,88,89,90,91,92,93,94,95,96,97,98,99,100,101,102,103,104,105,106,107,108,109,110,111,112,113,114,115,116,117,118,119,120,121,122,123,124,125,126,127,128,129,130,131,132,133,134,135,136,137,138,139,140,141,142,143,144,145,146,147,148,149,150,151,152,153,154,155,156,157,158,159,160,161,162,163,164,165,166,167,168,169,170,171,172,173,174,175,176,177,178,179,180,181,182,183,184,185,186,187,188,189,190,191,192,193,194,195,196,197,198,199];False
10188;9664;19852;[0,10,2,3,1,5,6,7,8,9,4,11,12,13,14,15,16,17,18,19,20,21,22,23,24,25,26,27,28,29,30,31,32,33,34,35,36,37,38,39,40,41,42,43,44,45,46,47,48,49,50,51,52,53,54,55,56,57,58,59,60,61,62,63,64,65,66,67,68,69,70,71,72,73,74,75,76,77,78,79,80,81,82,83,84,85,86,87,88,89,90,91,92,93,94,95,96,97,98,99,100,101,102,103,104,105,106,107,108,109,110,111,112,113,114,115,116,117,118,119,120,121,122,123,124,125,126,127,128,129,130,131,132,133,134,135,136,137,138,139,140,141,142,143,144,145,146,147,148,149,150,151,152,153,154,155,156,157,158,159,160,161,162,163,164,165,166,167,168,169,170,171,172,173,174,175,176,177,178,179,180,181,182,183,184,185,186,187,188,189,190,191,192,193,194,195,196,197,198,199];False
10207;9645;19852;[3,0,2,10,1,5,6,7,8,9,4,11,12,13,14,15,16,17,18,19,20,21,22,23,24,25,26,27,28,29,30,31,32,33,34,35,36,37,38,39,40,41,42,43,44,45,46,47,48,49,50,51,52,53,54,55,56,57,58,59,60,61,62,63,64,65,66,67,68,69,70,71,72,73,74,75,76,77,78,79,80,81,82,83,84,85,86,87,88,89,90,91,92,93,94,95,96,97,98,99,100,101,102,103,104,105,106,107,108,109,110,111,112,113,114,115,116,117,118,119,120,121,122,123,124,125,126,127,128,129,130,131,132,133,134,135,136,137,138,139,140,141,142,143,144,145,146,147,148,149,150,151,152,153,154,155,156,157,158,159,160,161,162,163,164,165,166,167,168,169,170,171,172,173,174,175,176,177,178,179,180,181,182,183,184,185,186,187,188,189,190,191,192,193,194,195,196,197,198,199];False
10273;9631;19904;[5,0,2,3,1,10,6,7,8,9,4,11,12,13,14,15,16,17,18,19,20,21,22,23,24,25,26,27,28,29,30,31,32,33,34,35,36,37,38,39,40,41,42,43,44,45,46,47,48,49,50,51,52,53,54,55,56,57,58,59,60,61,62,63,64,65,66,67,68,69,70,71,72,73,74,75,76,77,78,79,80,81,82,83,84,85,86,87,88,89,90,91,92,93,94,95,96,97,98,99,100,101,102,103,104,105,106,107,108,109,110,111,112,113,114,115,116,117,118,119,120,121,122,123,124,125,126,127,128,129,130,131,132,133,134,135,136,137,138,139,140,141,142,143,144,145,146,147,148,149,150,151,152,153,154,155,156,157,158,159,160,161,162,163,164,165,166,167,168,169,170,171,172,173,174,175,176,177,178,179,180,181,182,183,184,185,186,187,188,189,190,191,192,193,194,195,196,197,198,199];False
10204;9642;19846;[6,0,2,3,1,5,10,7,8,9,4,11,12,13,14,15,16,17,18,19,20,21,22,23,24,25,26,27,28,29,30,31,32,33,34,35,36,37,38,39,40,41,42,43,44,45,46,47,48,49,50,51,52,53,54,55,56,57,58,59,60,61,62,63,64,65,66,67,68,69,70,71,72,73,74,75,76,77,78,79,80,81,82,83,84,85,86,87,88,89,90,91,92,93,94,95,96,97,98,99,100,101,102,103,104,105,106,107,108,109,110,111,112,113,114,115,116,117,118,119,120,121,122,123,124,125,126,127,128,129,130,131,132,133,134,135,136,137,138,139,140,141,142,143,144,145,146,147,148,149,150,151,152,153,154,155,156,157,158,159,160,161,162,163,164,165,166,167,168,169,170,171,172,173,174,175,176,177,178,179,180,181,182,183,184,185,186,187,188,189,190,191,192,193,194,195,196,197,198,199];False
10193;9660;19853;[7,0,2,3,1,5,6,10,8,9,4,11,12,13,14,15,16,17,18,19,20,21,22,23,24,25,26,27,28,29,30,31,32,33,34,35,36,37,38,39,40,41,42,43,44,45,46,47,48,49,50,51,52,53,54,55,56,57,58,59,60,61,62,63,64,65,66,67,68,69,70,71,72,73,74,75,76,77,78,79,80,81,82,83,84,85,86,87,88,89,90,91,92,93,94,95,96,97,98,99,100,101,102,103,104,105,106,107,108,109,110,111,112,113,114,115,116,117,118,119,120,121,122,123,124,125,126,127,128,129,130,131,132,133,134,135,136,137,138,139,140,141,142,143,144,145,146,147,148,149,150,151,152,153,154,155,156,157,158,159,160,161,162,163,164,165,166,167,168,169,170,171,172,173,174,175,176,177,178,179,180,181,182,183,184,185,186,187,188,189,190,191,192,193,194,195,196,197,198,199];False
10208;9641;19849;[14,0,2,3,1,5,6,7,8,9,4,11,12,13,10,15,16,17,18,19,20,21,22,23,24,25,26,27,28,29,30,31,32,33,34,35,36,37,38,39,40,41,42,43,44,45,46,47,48,49,50,51,52,53,54,55,56,57,58,59,60,61,62,63,64,65,66,67,68,69,70,71,72,73,74,75,76,77,78,79,80,81,82,83,84,85,86,87,88,89,90,91,92,93,94,95,96,97,98,99,100,101,102,103,104,105,106,107,108,109,110,111,112,113,114,115,116,117,118,119,120,121,122,123,124,125,126,127,128,129,130,131,132,133,134,135,136,137,138,139,140,141,142,143,144,145,146,147,148,149,150,151,152,153,154,155,156,157,158,159,160,161,162,163,164,165,166,167,168,169,170,171,172,173,174,175,176,177,178,179,180,181,182,183,184,185,186,187,188,189,190,191,192,193,194,195,196,197,198,199];False
10241;9626;19867;[17,0,2,3,1,5,6,7,8,9,4,11,12,13,14,15,16,10,18,19,20,21,22,23,24,25,26,27,28,29,30,31,32,33,34,35,36,37,38,39,40,41,42,43,44,45,46,47,48,49,50,51,52,53,54,55,56,57,58,59,60,61,62,63,64,65,66,67,68,69,70,71,72,73,74,75,76,77,78,79,80,81,82,83,84,85,86,87,88,89,90,91,92,93,94,95,96,97,98,99,100,101,102,103,104,105,106,107,108,109,110,111,112,113,114,115,116,117,118,119,120,121,122,123,124,125,126,127,128,129,130,131,132,133,134,135,136,137,138,139,140,141,142,143,144,145,146,147,148,149,150,151,152,153,154,155,156,157,158,159,160,161,162,163,164,165,166,167,168,169,170,171,172,173,174,175,176,177,178,179,180,181,182,183,184,185,186,187,188,189,190,191,192,193,194,195,196,197,198,199];False
10171;9607;19778;[18,0,2,3,1,5,6,7,8,9,4,11,12,13,14,15,16,17,10,19,20,21,22,23,24,25,26,27,28,29,30,31,32,33,34,35,36,37,38,39,40,41,42,43,44,45,46,47,48,49,50,51,52,53,54,55,56,57,58,59,60,61,62,63,64,65,66,67,68,69,70,71,72,73,74,75,76,77,78,79,80,81,82,83,84,85,86,87,88,89,90,91,92,93,94,95,96,97,98,99,100,101,102,103,104,105,106,107,108,109,110,111,112,113,114,115,116,117,118,119,120,121,122,123,124,125,126,127,128,129,130,131,132,133,134,135,136,137,138,139,140,141,142,143,144,145,146,147,148,149,150,151,152,153,154,155,156,157,158,159,160,161,162,163,164,165,166,167,168,169,170,171,172,173,174,175,176,177,178,179,180,181,182,183,184,185,186,187,188,189,190,191,192,193,194,195,196,197,198,199];False
10407;9596;20003;[17,0,2,3,1,4,6,7,8,9,10,11,12,13,14,15,16,19,18,5,20,21,22,23,24,25,26,27,28,29,30,31,32,33,34,35,36,37,38,39,40,41,42,43,44,45,46,47,48,49,50,51,52,53,54,55,56,57,58,59,60,61,62,63,64,65,66,67,68,69,70,71,72,73,74,75,76,77,78,79,80,81,82,83,84,85,86,87,88,89,90,91,92,93,94,95,96,97,98,99,100,101,102,103,104,105,106,107,108,109,110,111,112,113,114,115,116,117,118,119,120,121,122,123,124,125,126,127,128,129,130,131,132,133,134,135,136,137,138,139,140,141,142,143,144,145,146,147,148,149,150,151,152,153,154,155,156,157,158,159,160,161,162,163,164,165,166,167,168,169,170,171,172,173,174,175,176,177,178,179,180,181,182,183,184,185,186,187,188,189,190,191,192,193,194,195,196,197,198,199];False
10377;9596;19973;[18,0,2,3,1,4,6,7,8,9,10,11,12,13,14,15,16,17,19,5,20,21,22,23,24,25,26,27,28,29,30,31,32,33,34,35,36,37,38,39,40,41,42,43,44,45,46,47,48,49,50,51,52,53,54,55,56,57,58,59,60,61,62,63,64,65,66,67,68,69,70,71,72,73,74,75,76,77,78,79,80,81,82,83,84,85,86,87,88,89,90,91,92,93,94,95,96,97,98,99,100,101,102,103,104,105,106,107,108,109,110,111,112,113,114,115,116,117,118,119,120,121,122,123,124,125,126,127,128,129,130,131,132,133,134,135,136,137,138,139,140,141,142,143,144,145,146,147,148,149,150,151,152,153,154,155,156,157,158,159,160,161,162,163,164,165,166,167,168,169,170,171,172,173,174,175,176,177,178,179,180,181,182,183,184,185,186,187,188,189,190,191,192,193,194,195,196,197,198,199];False
10169;9633;19802;[1,0,2,3,18,5,6,7,8,9,4,11,12,13,14,15,16,17,10,19,20,21,22,23,24,25,26,27,28,29,30,31,32,33,34,35,36,37,38,39,40,41,42,43,44,45,46,47,48,49,50,51,52,53,54,55,56,57,58,59,60,61,62,63,64,65,66,67,68,69,70,71,72,73,74,75,76,77,78,79,80,81,82,83,84,85,86,87,88,89,90,91,92,93,94,95,96,97,98,99,100,101,102,103,104,105,106,107,108,109,110,111,112,113,114,115,116,117,118,119,120,121,122,123,124,125,126,127,128,129,130,131,132,133,134,135,136,137,138,139,140,141,142,143,144,145,146,147,148,149,150,151,152,153,154,155,156,157,158,159,160,161,162,163,164,165,166,167,168,169,170,171,172,173,174,175,176,177,178,179,180,181,182,183,184,185,186,187,188,189,190,191,192,193,194,195,196,197,198,199];False
10281;9595;19876;[5,0,2,3,1,18,6,7,8,9,4,11,12,13,14,15,16,17,10,19,20,21,22,23,24,25,26,27,28,29,30,31,32,33,34,35,36,37,38,39,40,41,42,43,44,45,46,47,48,49,50,51,52,53,54,55,56,57,58,59,60,61,62,63,64,65,66,67,68,69,70,71,72,73,74,75,76,77,78,79,80,81,82,83,84,85,86,87,88,89,90,91,92,93,94,95,96,97,98,99,100,101,102,103,104,105,106,107,108,109,110,111,112,113,114,115,116,117,118,119,120,121,122,123,124,125,126,127,128,129,130,131,132,133,134,135,136,137,138,139,140,141,142,143,144,145,146,147,148,149,150,151,152,153,154,155,156,157,158,159,160,161,162,163,164,165,166,167,168,169,170,171,172,173,174,175,176,177,178,179,180,181,182,183,184,185,186,187,188,189,190,191,192,193,194,195,196,197,198,199];False
10116;9593;19709;[6,0,2,3,1,5,18,7,8,9,4,11,12,13,14,15,16,17,10,19,20,21,22,23,24,25,26,27,28,29,30,31,32,33,34,35,36,37,38,39,40,41,42,43,44,45,46,47,48,49,50,51,52,53,54,55,56,57,58,59,60,61,62,63,64,65,66,67,68,69,70,71,72,73,74,75,76,77,78,79,80,81,82,83,84,85,86,87,88,89,90,91,92,93,94,95,96,97,98,99,100,101,102,103,104,105,106,107,108,109,110,111,112,113,114,115,116,117,118,119,120,121,122,123,124,125,126,127,128,129,130,131,132,133,134,135,136,137,138,139,140,141,142,143,144,145,146,147,148,149,150,151,152,153,154,155,156,157,158,159,160,161,162,163,164,165,166,167,168,169,170,171,172,173,174,175,176,177,178,179,180,181,182,183,184,185,186,187,188,189,190,191,192,193,194,195,196,197,198,199];False
10098;9620;19718;[1,0,2,3,6,5,18,7,8,9,4,11,12,13,14,15,16,17,10,19,20,21,22,23,24,25,26,27,28,29,30,31,32,33,34,35,36,37,38,39,40,41,42,43,44,45,46,47,48,49,50,51,52,53,54,55,56,57,58,59,60,61,62,63,64,65,66,67,68,69,70,71,72,73,74,75,76,77,78,79,80,81,82,83,84,85,86,87,88,89,90,91,92,93,94,95,96,97,98,99,100,101,102,103,104,105,106,107,108,109,110,111,112,113,114,115,116,117,118,119,120,121,122,123,124,125,126,127,128,129,130,131,132,133,134,135,136,137,138,139,140,141,142,143,144,145,146,147,148,149,150,151,152,153,154,155,156,157,158,159,160,161,162,163,164,165,166,167,168,169,170,171,172,173,174,175,176,177,178,179,180,181,182,183,184,185,186,187,188,189,190,191,192,193,194,195,196,197,198,199];False
10224;9570;19794;[5,0,2,3,1,6,18,7,8,9,4,11,12,13,14,15,16,17,10,19,20,21,22,23,24,25,26,27,28,29,30,31,32,33,34,35,36,37,38,39,40,41,42,43,44,45,46,47,48,49,50,51,52,53,54,55,56,57,58,59,60,61,62,63,64,65,66,67,68,69,70,71,72,73,74,75,76,77,78,79,80,81,82,83,84,85,86,87,88,89,90,91,92,93,94,95,96,97,98,99,100,101,102,103,104,105,106,107,108,109,110,111,112,113,114,115,116,117,118,119,120,121,122,123,124,125,126,127,128,129,130,131,132,133,134,135,136,137,138,139,140,141,142,143,144,145,146,147,148,149,150,151,152,153,154,155,156,157,158,159,160,161,162,163,164,165,166,167,168,169,170,171,172,173,174,175,176,177,178,179,180,181,182,183,184,185,186,187,188,189,190,191,192,193,194,195,196,197,198,199];False
10170;9584;19754;[13,0,2,3,1,5,18,7,8,9,4,11,12,6,14,15,16,17,10,19,20,21,22,23,24,25,26,27,28,29,30,31,32,33,34,35,36,37,38,39,40,41,42,43,44,45,46,47,48,49,50,51,52,53,54,55,56,57,58,59,60,61,62,63,64,65,66,67,68,69,70,71,72,73,74,75,76,77,78,79,80,81,82,83,84,85,86,87,88,89,90,91,92,93,94,95,96,97,98,99,100,101,102,103,104,105,106,107,108,109,110,111,112,113,114,115,116,117,118,119,120,121,122,123,124,125,126,127,128,129,130,131,132,133,134,135,136,137,138,139,140,141,142,143,144,145,146,147,148,149,150,151,152,153,154,155,156,157,158,159,160,161,162,163,164,165,166,167,168,169,170,171,172,173,174,175,176,177,178,179,180,181,182,183,184,185,186,187,188,189,190,191,192,193,194,195,196,197,198,199];False
10143;9586;19729;[19,0,2,3,1,5,18,7,8,9,4,11,12,13,14,15,16,17,10,6,20,21,22,23,24,25,26,27,28,29,30,31,32,33,34,35,36,37,38,39,40,41,42,43,44,45,46,47,48,49,50,51,52,53,54,55,56,57,58,59,60,61,62,63,64,65,66,67,68,69,70,71,72,73,74,75,76,77,78,79,80,81,82,83,84,85,86,87,88,89,90,91,92,93,94,95,96,97,98,99,100,101,102,103,104,105,106,107,108,109,110,111,112,113,114,115,116,117,118,119,120,121,122,123,124,125,126,127,128,129,130,131,132,133,134,135,136,137,138,139,140,141,142,143,144,145,146,147,148,149,150,151,152,153,154,155,156,157,158,159,160,161,162,163,164,165,166,167,168,169,170,171,172,173,174,175,176,177,178,179,180,181,182,183,184,185,186,187,188,189,190,191,192,193,194,195,196,197,198,199];False
10066;9589;19655;[21,0,2,3,1,5,18,7,8,9,4,11,12,13,14,15,16,17,10,19,20,6,22,23,24,25,26,27,28,29,30,31,32,33,34,35,36,37,38,39,40,41,42,43,44,45,46,47,48,49,50,51,52,53,54,55,56,57,58,59,60,61,62,63,64,65,66,67,68,69,70,71,72,73,74,75,76,77,78,79,80,81,82,83,84,85,86,87,88,89,90,91,92,93,94,95,96,97,98,99,100,101,102,103,104,105,106,107,108,109,110,111,112,113,114,115,116,117,118,119,120,121,122,123,124,125,126,127,128,129,130,131,132,133,134,135,136,137,138,139,140,141,142,143,144,145,146,147,148,149,150,151,152,153,154,155,156,157,158,159,160,161,162,163,164,165,166,167,168,169,170,171,172,173,174,175,176,177,178,179,180,181,182,183,184,185,186,187,188,189,190,191,192,193,194,195,196,197,198,199];False
10194;9577;19771;[11,0,2,3,1,6,18,7,8,9,4,5,12,13,14,15,16,17,10,19,20,21,22,23,24,25,26,27,28,29,30,31,32,33,34,35,36,37,38,39,40,41,42,43,44,45,46,47,48,49,50,51,52,53,54,55,56,57,58,59,60,61,62,63,64,65,66,67,68,69,70,71,72,73,74,75,76,77,78,79,80,81,82,83,84,85,86,87,88,89,90,91,92,93,94,95,96,97,98,99,100,101,102,103,104,105,106,107,108,109,110,111,112,113,114,115,116,117,118,119,120,121,122,123,124,125,126,127,128,129,130,131,132,133,134,135,136,137,138,139,140,141,142,143,144,145,146,147,148,149,150,151,152,153,154,155,156,157,158,159,160,161,162,163,164,165,166,167,168,169,170,171,172,173,174,175,176,177,178,179,180,181,182,183,184,185,186,187,188,189,190,191,192,193,194,195,196,197,198,199];False
10179;9580;19759;[21,0,2,3,1,6,18,7,8,9,4,11,12,13,14,15,16,17,10,19,20,5,22,23,24,25,26,27,28,29,30,31,32,33,34,35,36,37,38,39,40,41,42,43,44,45,46,47,48,49,50,51,52,53,54,55,56,57,58,59,60,61,62,63,64,65,66,67,68,69,70,71,72,73,74,75,76,77,78,79,80,81,82,83,84,85,86,87,88,89,90,91,92,93,94,95,96,97,98,99,100,101,102,103,104,105,106,107,108,109,110,111,112,113,114,115,116,117,118,119,120,121,122,123,124,125,126,127,128,129,130,131,132,133,134,135,136,137,138,139,140,141,142,143,144,145,146,147,148,149,150,151,152,153,154,155,156,157,158,159,160,161,162,163,164,165,166,167,168,169,170,171,172,173,174,175,176,177,178,179,180,181,182,183,184,185,186,187,188,189,190,191,192,193,194,195,196,197,198,199];False
10191;9560;19751;[29,0,2,3,1,6,18,7,8,9,4,11,12,13,14,15,16,17,10,19,20,21,22,23,24,25,26,27,28,5,30,31,32,33,34,35,36,37,38,39,40,41,42,43,44,45,46,47,48,49,50,51,52,53,54,55,56,57,58,59,60,61,62,63,64,65,66,67,68,69,70,71,72,73,74,75,76,77,78,79,80,81,82,83,84,85,86,87,88,89,90,91,92,93,94,95,96,97,98,99,100,101,102,103,104,105,106,107,108,109,110,111,112,113,114,115,116,117,118,119,120,121,122,123,124,125,126,127,128,129,130,131,132,133,134,135,136,137,138,139,140,141,142,143,144,145,146,147,148,149,150,151,152,153,154,155,156,157,158,159,160,161,162,163,164,165,166,167,168,169,170,171,172,173,174,175,176,177,178,179,180,181,182,183,184,185,186,187,188,189,190,191,192,193,194,195,196,197,198,199];False
10128;9583;19711;[21,0,2,3,1,5,18,7,8,9,4,11,12,6,14,15,16,17,10,19,20,13,22,23,24,25,26,27,28,29,30,31,32,33,34,35,36,37,38,39,40,41,42,43,44,45,46,47,48,49,50,51,52,53,54,55,56,57,58,59,60,61,62,63,64,65,66,67,68,69,70,71,72,73,74,75,76,77,78,79,80,81,82,83,84,85,86,87,88,89,90,91,92,93,94,95,96,97,98,99,100,101,102,103,104,105,106,107,108,109,110,111,112,113,114,115,116,117,118,119,120,121,122,123,124,125,126,127,128,129,130,131,132,133,134,135,136,137,138,139,140,141,142,143,144,145,146,147,148,149,150,151,152,153,154,155,156,157,158,159,160,161,162,163,164,165,166,167,168,169,170,171,172,173,174,175,176,177,178,179,180,181,182,183,184,185,186,187,188,189,190,191,192,193,194,195,196,197,198,199];False
10065;9593;19658;[13,0,2,3,1,5,18,7,8,9,4,11,12,21,14,15,16,17,10,19,20,6,22,23,24,25,26,27,28,29,30,31,32,33,34,35,36,37,38,39,40,41,42,43,44,45,46,47,48,49,50,51,52,53,54,55,56,57,58,59,60,61,62,63,64,65,66,67,68,69,70,71,72,73,74,75,76,77,78,79,80,81,82,83,84,85,86,87,88,89,90,91,92,93,94,95,96,97,98,99,100,101,102,103,104,105,106,107,108,109,110,111,112,113,114,115,116,117,118,119,120,121,122,123,124,125,126,127,128,129,130,131,132,133,134,135,136,137,138,139,140,141,142,143,144,145,146,147,148,149,150,151,152,153,154,155,156,157,158,159,160,161,162,163,164,165,166,167,168,169,170,171,172,173,174,175,176,177,178,179,180,181,182,183,184,185,186,187,188,189,190,191,192,193,194,195,196,197,198,199];False
10159;9575;19734;[10,0,2,3,1,5,18,7,8,9,4,11,12,13,14,15,16,17,21,19,20,6,22,23,24,25,26,27,28,29,30,31,32,33,34,35,36,37,38,39,40,41,42,43,44,45,46,47,48,49,50,51,52,53,54,55,56,57,58,59,60,61,62,63,64,65,66,67,68,69,70,71,72,73,74,75,76,77,78,79,80,81,82,83,84,85,86,87,88,89,90,91,92,93,94,95,96,97,98,99,100,101,102,103,104,105,106,107,108,109,110,111,112,113,114,115,116,117,118,119,120,121,122,123,124,125,126,127,128,129,130,131,132,133,134,135,136,137,138,139,140,141,142,143,144,145,146,147,148,149,150,151,152,153,154,155,156,157,158,159,160,161,162,163,164,165,166,167,168,169,170,171,172,173,174,175,176,177,178,179,180,181,182,183,184,185,186,187,188,189,190,191,192,193,194,195,196,197,198,199];False
10038;9636;19674;[26,0,2,3,1,5,18,7,8,9,4,11,12,13,14,15,16,17,10,19,20,6,22,23,24,25,21,27,28,29,30,31,32,33,34,35,36,37,38,39,40,41,42,43,44,45,46,47,48,49,50,51,52,53,54,55,56,57,58,59,60,61,62,63,64,65,66,67,68,69,70,71,72,73,74,75,76,77,78,79,80,81,82,83,84,85,86,87,88,89,90,91,92,93,94,95,96,97,98,99,100,101,102,103,104,105,106,107,108,109,110,111,112,113,114,115,116,117,118,119,120,121,122,123,124,125,126,127,128,129,130,131,132,133,134,135,136,137,138,139,140,141,142,143,144,145,146,147,148,149,150,151,152,153,154,155,156,157,158,159,160,161,162,163,164,165,166,167,168,169,170,171,172,173,174,175,176,177,178,179,180,181,182,183,184,185,186,187,188,189,190,191,192,193,194,195,196,197,198,199];False
10055;9610;19665;[27,0,2,3,1,5,18,7,8,9,4,11,12,13,14,15,16,17,10,19,20,6,22,23,24,25,26,21,28,29,30,31,32,33,34,35,36,37,38,39,40,41,42,43,44,45,46,47,48,49,50,51,52,53,54,55,56,57,58,59,60,61,62,63,64,65,66,67,68,69,70,71,72,73,74,75,76,77,78,79,80,81,82,83,84,85,86,87,88,89,90,91,92,93,94,95,96,97,98,99,100,101,102,103,104,105,106,107,108,109,110,111,112,113,114,115,116,117,118,119,120,121,122,123,124,125,126,127,128,129,130,131,132,133,134,135,136,137,138,139,140,141,142,143,144,145,146,147,148,149,150,151,152,153,154,155,156,157,158,159,160,161,162,163,164,165,166,167,168,169,170,171,172,173,174,175,176,177,178,179,180,181,182,183,184,185,186,187,188,189,190,191,192,193,194,195,196,197,198,199];False
10121;9573;19694;[28,0,2,3,1,5,18,7,8,9,4,11,12,13,14,15,16,17,10,19,20,6,22,23,24,25,26,27,21,29,30,31,32,33,34,35,36,37,38,39,40,41,42,43,44,45,46,47,48,49,50,51,52,53,54,55,56,57,58,59,60,61,62,63,64,65,66,67,68,69,70,71,72,73,74,75,76,77,78,79,80,81,82,83,84,85,86,87,88,89,90,91,92,93,94,95,96,97,98,99,100,101,102,103,104,105,106,107,108,109,110,111,112,113,114,115,116,117,118,119,120,121,122,123,124,125,126,127,128,129,130,131,132,133,134,135,136,137,138,139,140,141,142,143,144,145,146,147,148,149,150,151,152,153,154,155,156,157,158,159,160,161,162,163,164,165,166,167,168,169,170,171,172,173,174,175,176,177,178,179,180,181,182,183,184,185,186,187,188,189,190,191,192,193,194,195,196,197,198,199];False
10056;9601;19657;[29,0,2,3,1,5,18,7,8,9,4,11,12,13,14,15,16,17,10,19,20,6,22,23,24,25,26,27,28,21,30,31,32,33,34,35,36,37,38,39,40,41,42,43,44,45,46,47,48,49,50,51,52,53,54,55,56,57,58,59,60,61,62,63,64,65,66,67,68,69,70,71,72,73,74,75,76,77,78,79,80,81,82,83,84,85,86,87,88,89,90,91,92,93,94,95,96,97,98,99,100,101,102,103,104,105,106,107,108,109,110,111,112,113,114,115,116,117,118,119,120,121,122,123,124,125,126,127,128,129,130,131,132,133,134,135,136,137,138,139,140,141,142,143,144,145,146,147,148,149,150,151,152,153,154,155,156,157,158,159,160,161,162,163,164,165,166,167,168,169,170,171,172,173,174,175,176,177,178,179,180,181,182,183,184,185,186,187,188,189,190,191,192,193,194,195,196,197,198,199];False
10128;9565;19693;[30,0,2,3,1,5,18,7,8,9,4,11,12,13,14,15,16,17,10,19,20,6,22,23,24,25,26,27,28,29,21,31,32,33,34,35,36,37,38,39,40,41,42,43,44,45,46,47,48,49,50,51,52,53,54,55,56,57,58,59,60,61,62,63,64,65,66,67,68,69,70,71,72,73,74,75,76,77,78,79,80,81,82,83,84,85,86,87,88,89,90,91,92,93,94,95,96,97,98,99,100,101,102,103,104,105,106,107,108,109,110,111,112,113,114,115,116,117,118,119,120,121,122,123,124,125,126,127,128,129,130,131,132,133,134,135,136,137,138,139,140,141,142,143,144,145,146,147,148,149,150,151,152,153,154,155,156,157,158,159,160,161,162,163,164,165,166,167,168,169,170,171,172,173,174,175,176,177,178,179,180,181,182,183,184,185,186,187,188,189,190,191,192,193,194,195,196,197,198,199];False
10025;9587;19612;[32,0,2,3,1,5,18,7,8,9,4,11,12,13,14,15,16,17,10,19,20,6,22,23,24,25,26,27,28,29,30,31,21,33,34,35,36,37,38,39,40,41,42,43,44,45,46,47,48,49,50,51,52,53,54,55,56,57,58,59,60,61,62,63,64,65,66,67,68,69,70,71,72,73,74,75,76,77,78,79,80,81,82,83,84,85,86,87,88,89,90,91,92,93,94,95,96,97,98,99,100,101,102,103,104,105,106,107,108,109,110,111,112,113,114,115,116,117,118,119,120,121,122,123,124,125,126,127,128,129,130,131,132,133,134,135,136,137,138,139,140,141,142,143,144,145,146,147,148,149,150,151,152,153,154,155,156,157,158,159,160,161,162,163,164,165,166,167,168,169,170,171,172,173,174,175,176,177,178,179,180,181,182,183,184,185,186,187,188,189,190,191,192,193,194,195,196,197,198,199];False
10179;9555;19734;[13,0,2,3,1,6,18,7,8,9,4,11,12,29,14,15,16,17,10,19,20,21,22,23,24,25,26,27,28,5,30,31,32,33,34,35,36,37,38,39,40,41,42,43,44,45,46,47,48,49,50,51,52,53,54,55,56,57,58,59,60,61,62,63,64,65,66,67,68,69,70,71,72,73,74,75,76,77,78,79,80,81,82,83,84,85,86,87,88,89,90,91,92,93,94,95,96,97,98,99,100,101,102,103,104,105,106,107,108,109,110,111,112,113,114,115,116,117,118,119,120,121,122,123,124,125,126,127,128,129,130,131,132,133,134,135,136,137,138,139,140,141,142,143,144,145,146,147,148,149,150,151,152,153,154,155,156,157,158,159,160,161,162,163,164,165,166,167,168,169,170,171,172,173,174,175,176,177,178,179,180,181,182,183,184,185,186,187,188,189,190,191,192,193,194,195,196,197,198,199];False
10155;9545;19700;[5,0,2,3,1,28,18,7,8,9,4,11,12,13,14,15,16,17,10,19,20,6,22,23,24,25,26,27,21,29,30,31,32,33,34,35,36,37,38,39,40,41,42,43,44,45,46,47,48,49,50,51,52,53,54,55,56,57,58,59,60,61,62,63,64,65,66,67,68,69,70,71,72,73,74,75,76,77,78,79,80,81,82,83,84,85,86,87,88,89,90,91,92,93,94,95,96,97,98,99,100,101,102,103,104,105,106,107,108,109,110,111,112,113,114,115,116,117,118,119,120,121,122,123,124,125,126,127,128,129,130,131,132,133,134,135,136,137,138,139,140,141,142,143,144,145,146,147,148,149,150,151,152,153,154,155,156,157,158,159,160,161,162,163,164,165,166,167,168,169,170,171,172,173,174,175,176,177,178,179,180,181,182,183,184,185,186,187,188,189,190,191,192,193,194,195,196,197,198,199];False
10109;9573;19682;[11,0,2,3,1,5,18,7,8,9,4,28,12,13,14,15,16,17,10,19,20,6,22,23,24,25,26,27,21,29,30,31,32,33,34,35,36,37,38,39,40,41,42,43,44,45,46,47,48,49,50,51,52,53,54,55,56,57,58,59,60,61,62,63,64,65,66,67,68,69,70,71,72,73,74,75,76,77,78,79,80,81,82,83,84,85,86,87,88,89,90,91,92,93,94,95,96,97,98,99,100,101,102,103,104,105,106,107,108,109,110,111,112,113,114,115,116,117,118,119,120,121,122,123,124,125,126,127,128,129,130,131,132,133,134,135,136,137,138,139,140,141,142,143,144,145,146,147,148,149,150,151,152,153,154,155,156,157,158,159,160,161,162,163,164,165,166,167,168,169,170,171,172,173,174,175,176,177,178,179,180,181,182,183,184,185,186,187,188,189,190,191,192,193,194,195,196,197,198,199];False
10252;9528;19780;[5,0,2,3,1,30,18,7,8,9,4,11,12,13,14,15,16,17,10,19,20,6,22,23,24,25,26,27,28,29,21,31,32,33,34,35,36,37,38,39,40,41,42,43,44,45,46,47,48,49,50,51,52,53,54,55,56,57,58,59,60,61,62,63,64,65,66,67,68,69,70,71,72,73,74,75,76,77,78,79,80,81,82,83,84,85,86,87,88,89,90,91,92,93,94,95,96,97,98,99,100,101,102,103,104,105,106,107,108,109,110,111,112,113,114,115,116,117,118,119,120,121,122,123,124,125,126,127,128,129,130,131,132,133,134,135,136,137,138,139,140,141,142,143,144,145,146,147,148,149,150,151,152,153,154,155,156,157,158,159,160,161,162,163,164,165,166,167,168,169,170,171,172,173,174,175,176,177,178,179,180,181,182,183,184,185,186,187,188,189,190,191,192,193,194,195,196,197,198,199];False
10129;9529;19658;[18,0,2,3,1,5,30,7,8,9,4,11,12,13,14,15,16,17,10,19,20,6,22,23,24,25,26,27,28,29,21,31,32,33,34,35,36,37,38,39,40,41,42,43,44,45,46,47,48,49,50,51,52,53,54,55,56,57,58,59,60,61,62,63,64,65,66,67,68,69,70,71,72,73,74,75,76,77,78,79,80,81,82,83,84,85,86,87,88,89,90,91,92,93,94,95,96,97,98,99,100,101,102,103,104,105,106,107,108,109,110,111,112,113,114,115,116,117,118,119,120,121,122,123,124,125,126,127,128,129,130,131,132,133,134,135,136,137,138,139,140,141,142,143,144,145,146,147,148,149,150,151,152,153,154,155,156,157,158,159,160,161,162,163,164,165,166,167,168,169,170,171,172,173,174,175,176,177,178,179,180,181,182,183,184,185,186,187,188,189,190,191,192,193,194,195,196,197,198,199];False
10013;9573;19586;[7,0,2,3,1,5,18,30,8,9,4,11,12,13,14,15,16,17,10,19,20,6,22,23,24,25,26,27,28,29,21,31,32,33,34,35,36,37,38,39,40,41,42,43,44,45,46,47,48,49,50,51,52,53,54,55,56,57,58,59,60,61,62,63,64,65,66,67,68,69,70,71,72,73,74,75,76,77,78,79,80,81,82,83,84,85,86,87,88,89,90,91,92,93,94,95,96,97,98,99,100,101,102,103,104,105,106,107,108,109,110,111,112,113,114,115,116,117,118,119,120,121,122,123,124,125,126,127,128,129,130,131,132,133,134,135,136,137,138,139,140,141,142,143,144,145,146,147,148,149,150,151,152,153,154,155,156,157,158,159,160,161,162,163,164,165,166,167,168,169,170,171,172,173,174,175,176,177,178,179,180,181,182,183,184,185,186,187,188,189,190,191,192,193,194,195,196,197,198,199];False
10099;9551;19650;[11,0,2,3,1,5,18,7,8,9,4,30,12,13,14,15,16,17,10,19,20,6,22,23,24,25,26,27,28,29,21,31,32,33,34,35,36,37,38,39,40,41,42,43,44,45,46,47,48,49,50,51,52,53,54,55,56,57,58,59,60,61,62,63,64,65,66,67,68,69,70,71,72,73,74,75,76,77,78,79,80,81,82,83,84,85,86,87,88,89,90,91,92,93,94,95,96,97,98,99,100,101,102,103,104,105,106,107,108,109,110,111,112,113,114,115,116,117,118,119,120,121,122,123,124,125,126,127,128,129,130,131,132,133,134,135,136,137,138,139,140,141,142,143,144,145,146,147,148,149,150,151,152,153,154,155,156,157,158,159,160,161,162,163,164,165,166,167,168,169,170,171,172,173,174,175,176,177,178,179,180,181,182,183,184,185,186,187,188,189,190,191,192,193,194,195,196,197,198,199];False
10133;9517;19650;[41,0,2,3,1,30,18,7,8,9,4,11,12,13,14,15,16,17,10,19,20,6,22,23,24,25,26,27,28,29,21,31,32,33,34,35,36,37,38,39,40,5,42,43,44,45,46,47,48,49,50,51,52,53,54,55,56,57,58,59,60,61,62,63,64,65,66,67,68,69,70,71,72,73,74,75,76,77,78,79,80,81,82,83,84,85,86,87,88,89,90,91,92,93,94,95,96,97,98,99,100,101,102,103,104,105,106,107,108,109,110,111,112,113,114,115,116,117,118,119,120,121,122,123,124,125,126,127,128,129,130,131,132,133,134,135,136,137,138,139,140,141,142,143,144,145,146,147,148,149,150,151,152,153,154,155,156,157,158,159,160,161,162,163,164,165,166,167,168,169,170,171,172,173,174,175,176,177,178,179,180,181,182,183,184,185,186,187,188,189,190,191,192,193,194,195,196,197,198,199];False
10126;9532;19658;[11,0,2,3,1,5,30,7,8,9,4,18,12,13,14,15,16,17,10,19,20,6,22,23,24,25,26,27,28,29,21,31,32,33,34,35,36,37,38,39,40,41,42,43,44,45,46,47,48,49,50,51,52,53,54,55,56,57,58,59,60,61,62,63,64,65,66,67,68,69,70,71,72,73,74,75,76,77,78,79,80,81,82,83,84,85,86,87,88,89,90,91,92,93,94,95,96,97,98,99,100,101,102,103,104,105,106,107,108,109,110,111,112,113,114,115,116,117,118,119,120,121,122,123,124,125,126,127,128,129,130,131,132,133,134,135,136,137,138,139,140,141,142,143,144,145,146,147,148,149,150,151,152,153,154,155,156,157,158,159,160,161,162,163,164,165,166,167,168,169,170,171,172,173,174,175,176,177,178,179,180,181,182,183,184,185,186,187,188,189,190,191,192,193,194,195,196,197,198,199];False
10046;9527;19573;[13,0,2,3,1,5,30,7,8,9,4,11,12,18,14,15,16,17,10,19,20,6,22,23,24,25,26,27,28,29,21,31,32,33,34,35,36,37,38,39,40,41,42,43,44,45,46,47,48,49,50,51,52,53,54,55,56,57,58,59,60,61,62,63,64,65,66,67,68,69,70,71,72,73,74,75,76,77,78,79,80,81,82,83,84,85,86,87,88,89,90,91,92,93,94,95,96,97,98,99,100,101,102,103,104,105,106,107,108,109,110,111,112,113,114,115,116,117,118,119,120,121,122,123,124,125,126,127,128,129,130,131,132,133,134,135,136,137,138,139,140,141,142,143,144,145,146,147,148,149,150,151,152,153,154,155,156,157,158,159,160,161,162,163,164,165,166,167,168,169,170,171,172,173,174,175,176,177,178,179,180,181,182,183,184,185,186,187,188,189,190,191,192,193,194,195,196,197,198,199];False
10028;9564;19592;[1,0,2,3,7,5,18,30,8,9,4,11,12,13,14,15,16,17,10,19,20,6,22,23,24,25,26,27,28,29,21,31,32,33,34,35,36,37,38,39,40,41,42,43,44,45,46,47,48,49,50,51,52,53,54,55,56,57,58,59,60,61,62,63,64,65,66,67,68,69,70,71,72,73,74,75,76,77,78,79,80,81,82,83,84,85,86,87,88,89,90,91,92,93,94,95,96,97,98,99,100,101,102,103,104,105,106,107,108,109,110,111,112,113,114,115,116,117,118,119,120,121,122,123,124,125,126,127,128,129,130,131,132,133,134,135,136,137,138,139,140,141,142,143,144,145,146,147,148,149,150,151,152,153,154,155,156,157,158,159,160,161,162,163,164,165,166,167,168,169,170,171,172,173,174,175,176,177,178,179,180,181,182,183,184,185,186,187,188,189,190,191,192,193,194,195,196,197,198,199];False
10023;9529;19552;[13,0,2,3,1,5,18,30,8,9,4,11,12,7,14,15,16,17,10,19,20,6,22,23,24,25,26,27,28,29,21,31,32,33,34,35,36,37,38,39,40,41,42,43,44,45,46,47,48,49,50,51,52,53,54,55,56,57,58,59,60,61,62,63,64,65,66,67,68,69,70,71,72,73,74,75,76,77,78,79,80,81,82,83,84,85,86,87,88,89,90,91,92,93,94,95,96,97,98,99,100,101,102,103,104,105,106,107,108,109,110,111,112,113,114,115,116,117,118,119,120,121,122,123,124,125,126,127,128,129,130,131,132,133,134,135,136,137,138,139,140,141,142,143,144,145,146,147,148,149,150,151,152,153,154,155,156,157,158,159,160,161,162,163,164,165,166,167,168,169,170,171,172,173,174,175,176,177,178,179,180,181,182,183,184,185,186,187,188,189,190,191,192,193,194,195,196,197,198,199];False
9953;9582;19535;[26,0,2,3,1,5,18,30,8,9,4,11,12,13,14,15,16,17,10,19,20,6,22,23,24,25,7,27,28,29,21,31,32,33,34,35,36,37,38,39,40,41,42,43,44,45,46,47,48,49,50,51,52,53,54,55,56,57,58,59,60,61,62,63,64,65,66,67,68,69,70,71,72,73,74,75,76,77,78,79,80,81,82,83,84,85,86,87,88,89,90,91,92,93,94,95,96,97,98,99,100,101,102,103,104,105,106,107,108,109,110,111,112,113,114,115,116,117,118,119,120,121,122,123,124,125,126,127,128,129,130,131,132,133,134,135,136,137,138,139,140,141,142,143,144,145,146,147,148,149,150,151,152,153,154,155,156,157,158,159,160,161,162,163,164,165,166,167,168,169,170,171,172,173,174,175,176,177,178,179,180,181,182,183,184,185,186,187,188,189,190,191,192,193,194,195,196,197,198,199];False
9983;9575;19558;[31,0,2,3,1,5,18,30,8,9,4,11,12,13,14,15,16,17,10,19,20,6,22,23,24,25,26,27,28,29,21,7,32,33,34,35,36,37,38,39,40,41,42,43,44,45,46,47,48,49,50,51,52,53,54,55,56,57,58,59,60,61,62,63,64,65,66,67,68,69,70,71,72,73,74,75,76,77,78,79,80,81,82,83,84,85,86,87,88,89,90,91,92,93,94,95,96,97,98,99,100,101,102,103,104,105,106,107,108,109,110,111,112,113,114,115,116,117,118,119,120,121,122,123,124,125,126,127,128,129,130,131,132,133,134,135,136,137,138,139,140,141,142,143,144,145,146,147,148,149,150,151,152,153,154,155,156,157,158,159,160,161,162,163,164,165,166,167,168,169,170,171,172,173,174,175,176,177,178,179,180,181,182,183,184,185,186,187,188,189,190,191,192,193,194,195,196,197,198,199];False
9968;9541;19509;[41,0,2,3,1,5,18,30,8,9,4,11,12,13,14,15,16,17,10,19,20,6,22,23,24,25,26,27,28,29,21,31,32,33,34,35,36,37,38,39,40,7,42,43,44,45,46,47,48,49,50,51,52,53,54,55,56,57,58,59,60,61,62,63,64,65,66,67,68,69,70,71,72,73,74,75,76,77,78,79,80,81,82,83,84,85,86,87,88,89,90,91,92,93,94,95,96,97,98,99,100,101,102,103,104,105,106,107,108,109,110,111,112,113,114,115,116,117,118,119,120,121,122,123,124,125,126,127,128,129,130,131,132,133,134,135,136,137,138,139,140,141,142,143,144,145,146,147,148,149,150,151,152,153,154,155,156,157,158,159,160,161,162,163,164,165,166,167,168,169,170,171,172,173,174,175,176,177,178,179,180,181,182,183,184,185,186,187,188,189,190,191,192,193,194,195,196,197,198,199];False
10259;9500;19759;[4,0,2,3,1,30,18,7,8,9,41,11,12,13,14,15,16,17,10,19,20,6,22,23,24,25,26,27,28,29,21,31,32,33,34,35,36,37,38,39,40,5,42,43,44,45,46,47,48,49,50,51,52,53,54,55,56,57,58,59,60,61,62,63,64,65,66,67,68,69,70,71,72,73,74,75,76,77,78,79,80,81,82,83,84,85,86,87,88,89,90,91,92,93,94,95,96,97,98,99,100,101,102,103,104,105,106,107,108,109,110,111,112,113,114,115,116,117,118,119,120,121,122,123,124,125,126,127,128,129,130,131,132,133,134,135,136,137,138,139,140,141,142,143,144,145,146,147,148,149,150,151,152,153,154,155,156,157,158,159,160,161,162,163,164,165,166,167,168,169,170,171,172,173,174,175,176,177,178,179,180,181,182,183,184,185,186,187,188,189,190,191,192,193,194,195,196,197,198,199];False
10152;9515;19667;[13,0,2,3,1,30,18,7,8,9,4,11,12,41,14,15,16,17,10,19,20,6,22,23,24,25,26,27,28,29,21,31,32,33,34,35,36,37,38,39,40,5,42,43,44,45,46,47,48,49,50,51,52,53,54,55,56,57,58,59,60,61,62,63,64,65,66,67,68,69,70,71,72,73,74,75,76,77,78,79,80,81,82,83,84,85,86,87,88,89,90,91,92,93,94,95,96,97,98,99,100,101,102,103,104,105,106,107,108,109,110,111,112,113,114,115,116,117,118,119,120,121,122,123,124,125,126,127,128,129,130,131,132,133,134,135,136,137,138,139,140,141,142,143,144,145,146,147,148,149,150,151,152,153,154,155,156,157,158,159,160,161,162,163,164,165,166,167,168,169,170,171,172,173,174,175,176,177,178,179,180,181,182,183,184,185,186,187,188,189,190,191,192,193,194,195,196,197,198,199];False
10242;9502;19744;[19,0,2,3,1,30,18,7,8,9,4,11,12,13,14,15,16,17,10,41,20,6,22,23,24,25,26,27,28,29,21,31,32,33,34,35,36,37,38,39,40,5,42,43,44,45,46,47,48,49,50,51,52,53,54,55,56,57,58,59,60,61,62,63,64,65,66,67,68,69,70,71,72,73,74,75,76,77,78,79,80,81,82,83,84,85,86,87,88,89,90,91,92,93,94,95,96,97,98,99,100,101,102,103,104,105,106,107,108,109,110,111,112,113,114,115,116,117,118,119,120,121,122,123,124,125,126,127,128,129,130,131,132,133,134,135,136,137,138,139,140,141,142,143,144,145,146,147,148,149,150,151,152,153,154,155,156,157,158,159,160,161,162,163,164,165,166,167,168,169,170,171,172,173,174,175,176,177,178,179,180,181,182,183,184,185,186,187,188,189,190,191,192,193,194,195,196,197,198,199];False
10159;9496;19655;[20,0,2,3,1,30,18,7,8,9,4,11,12,13,14,15,16,17,10,19,41,6,22,23,24,25,26,27,28,29,21,31,32,33,34,35,36,37,38,39,40,5,42,43,44,45,46,47,48,49,50,51,52,53,54,55,56,57,58,59,60,61,62,63,64,65,66,67,68,69,70,71,72,73,74,75,76,77,78,79,80,81,82,83,84,85,86,87,88,89,90,91,92,93,94,95,96,97,98,99,100,101,102,103,104,105,106,107,108,109,110,111,112,113,114,115,116,117,118,119,120,121,122,123,124,125,126,127,128,129,130,131,132,133,134,135,136,137,138,139,140,141,142,143,144,145,146,147,148,149,150,151,152,153,154,155,156,157,158,159,160,161,162,163,164,165,166,167,168,169,170,171,172,173,174,175,176,177,178,179,180,181,182,183,184,185,186,187,188,189,190,191,192,193,194,195,196,197,198,199];False
10073;9519;19592;[6,0,2,3,1,30,18,7,8,9,4,11,12,13,14,15,16,17,10,19,20,41,22,23,24,25,26,27,28,29,21,31,32,33,34,35,36,37,38,39,40,5,42,43,44,45,46,47,48,49,50,51,52,53,54,55,56,57,58,59,60,61,62,63,64,65,66,67,68,69,70,71,72,73,74,75,76,77,78,79,80,81,82,83,84,85,86,87,88,89,90,91,92,93,94,95,96,97,98,99,100,101,102,103,104,105,106,107,108,109,110,111,112,113,114,115,116,117,118,119,120,121,122,123,124,125,126,127,128,129,130,131,132,133,134,135,136,137,138,139,140,141,142,143,144,145,146,147,148,149,150,151,152,153,154,155,156,157,158,159,160,161,162,163,164,165,166,167,168,169,170,171,172,173,174,175,176,177,178,179,180,181,182,183,184,185,186,187,188,189,190,191,192,193,194,195,196,197,198,199];False
10112;9517;19629;[31,0,2,3,1,30,18,7,8,9,4,11,12,13,14,15,16,17,10,19,20,6,22,23,24,25,26,27,28,29,21,41,32,33,34,35,36,37,38,39,40,5,42,43,44,45,46,47,48,49,50,51,52,53,54,55,56,57,58,59,60,61,62,63,64,65,66,67,68,69,70,71,72,73,74,75,76,77,78,79,80,81,82,83,84,85,86,87,88,89,90,91,92,93,94,95,96,97,98,99,100,101,102,103,104,105,106,107,108,109,110,111,112,113,114,115,116,117,118,119,120,121,122,123,124,125,126,127,128,129,130,131,132,133,134,135,136,137,138,139,140,141,142,143,144,145,146,147,148,149,150,151,152,153,154,155,156,157,158,159,160,161,162,163,164,165,166,167,168,169,170,171,172,173,174,175,176,177,178,179,180,181,182,183,184,185,186,187,188,189,190,191,192,193,194,195,196,197,198,199];False
10125;9509;19634;[4,0,2,3,1,5,30,7,8,9,13,11,12,18,14,15,16,17,10,19,20,6,22,23,24,25,26,27,28,29,21,31,32,33,34,35,36,37,38,39,40,41,42,43,44,45,46,47,48,49,50,51,52,53,54,55,56,57,58,59,60,61,62,63,64,65,66,67,68,69,70,71,72,73,74,75,76,77,78,79,80,81,82,83,84,85,86,87,88,89,90,91,92,93,94,95,96,97,98,99,100,101,102,103,104,105,106,107,108,109,110,111,112,113,114,115,116,117,118,119,120,121,122,123,124,125,126,127,128,129,130,131,132,133,134,135,136,137,138,139,140,141,142,143,144,145,146,147,148,149,150,151,152,153,154,155,156,157,158,159,160,161,162,163,164,165,166,167,168,169,170,171,172,173,174,175,176,177,178,179,180,181,182,183,184,185,186,187,188,189,190,191,192,193,194,195,196,197,198,199];False
10046;9514;19560;[20,0,2,3,1,5,30,7,8,9,4,11,12,18,14,15,16,17,10,19,13,6,22,23,24,25,26,27,28,29,21,31,32,33,34,35,36,37,38,39,40,41,42,43,44,45,46,47,48,49,50,51,52,53,54,55,56,57,58,59,60,61,62,63,64,65,66,67,68,69,70,71,72,73,74,75,76,77,78,79,80,81,82,83,84,85,86,87,88,89,90,91,92,93,94,95,96,97,98,99,100,101,102,103,104,105,106,107,108,109,110,111,112,113,114,115,116,117,118,119,120,121,122,123,124,125,126,127,128,129,130,131,132,133,134,135,136,137,138,139,140,141,142,143,144,145,146,147,148,149,150,151,152,153,154,155,156,157,158,159,160,161,162,163,164,165,166,167,168,169,170,171,172,173,174,175,176,177,178,179,180,181,182,183,184,185,186,187,188,189,190,191,192,193,194,195,196,197,198,199];False
10102;9511;19613;[4,0,2,3,1,5,18,30,8,9,13,11,12,7,14,15,16,17,10,19,20,6,22,23,24,25,26,27,28,29,21,31,32,33,34,35,36,37,38,39,40,41,42,43,44,45,46,47,48,49,50,51,52,53,54,55,56,57,58,59,60,61,62,63,64,65,66,67,68,69,70,71,72,73,74,75,76,77,78,79,80,81,82,83,84,85,86,87,88,89,90,91,92,93,94,95,96,97,98,99,100,101,102,103,104,105,106,107,108,109,110,111,112,113,114,115,116,117,118,119,120,121,122,123,124,125,126,127,128,129,130,131,132,133,134,135,136,137,138,139,140,141,142,143,144,145,146,147,148,149,150,151,152,153,154,155,156,157,158,159,160,161,162,163,164,165,166,167,168,169,170,171,172,173,174,175,176,177,178,179,180,181,182,183,184,185,186,187,188,189,190,191,192,193,194,195,196,197,198,199];False
10004;9540;19544;[17,0,2,3,1,5,18,30,8,9,4,11,12,7,14,15,16,13,10,19,20,6,22,23,24,25,26,27,28,29,21,31,32,33,34,35,36,37,38,39,40,41,42,43,44,45,46,47,48,49,50,51,52,53,54,55,56,57,58,59,60,61,62,63,64,65,66,67,68,69,70,71,72,73,74,75,76,77,78,79,80,81,82,83,84,85,86,87,88,89,90,91,92,93,94,95,96,97,98,99,100,101,102,103,104,105,106,107,108,109,110,111,112,113,114,115,116,117,118,119,120,121,122,123,124,125,126,127,128,129,130,131,132,133,134,135,136,137,138,139,140,141,142,143,144,145,146,147,148,149,150,151,152,153,154,155,156,157,158,159,160,161,162,163,164,165,166,167,168,169,170,171,172,173,174,175,176,177,178,179,180,181,182,183,184,185,186,187,188,189,190,191,192,193,194,195,196,197,198,199];False
10023;9516;19539;[20,0,2,3,1,5,18,30,8,9,4,11,12,7,14,15,16,17,10,19,13,6,22,23,24,25,26,27,28,29,21,31,32,33,34,35,36,37,38,39,40,41,42,43,44,45,46,47,48,49,50,51,52,53,54,55,56,57,58,59,60,61,62,63,64,65,66,67,68,69,70,71,72,73,74,75,76,77,78,79,80,81,82,83,84,85,86,87,88,89,90,91,92,93,94,95,96,97,98,99,100,101,102,103,104,105,106,107,108,109,110,111,112,113,114,115,116,117,118,119,120,121,122,123,124,125,126,127,128,129,130,131,132,133,134,135,136,137,138,139,140,141,142,143,144,145,146,147,148,149,150,151,152,153,154,155,156,157,158,159,160,161,162,163,164,165,166,167,168,169,170,171,172,173,174,175,176,177,178,179,180,181,182,183,184,185,186,187,188,189,190,191,192,193,194,195,196,197,198,199];False
9966;9575;19541;[0,26,2,3,1,5,18,30,8,9,4,11,12,13,14,15,16,17,10,19,20,6,22,23,24,25,7,27,28,29,21,31,32,33,34,35,36,37,38,39,40,41,42,43,44,45,46,47,48,49,50,51,52,53,54,55,56,57,58,59,60,61,62,63,64,65,66,67,68,69,70,71,72,73,74,75,76,77,78,79,80,81,82,83,84,85,86,87,88,89,90,91,92,93,94,95,96,97,98,99,100,101,102,103,104,105,106,107,108,109,110,111,112,113,114,115,116,117,118,119,120,121,122,123,124,125,126,127,128,129,130,131,132,133,134,135,136,137,138,139,140,141,142,143,144,145,146,147,148,149,150,151,152,153,154,155,156,157,158,159,160,161,162,163,164,165,166,167,168,169,170,171,172,173,174,175,176,177,178,179,180,181,182,183,184,185,186,187,188,189,190,191,192,193,194,195,196,197,198,199];False
9932;9578;19510;[18,0,2,3,1,5,26,30,8,9,4,11,12,13,14,15,16,17,10,19,20,6,22,23,24,25,7,27,28,29,21,31,32,33,34,35,36,37,38,39,40,41,42,43,44,45,46,47,48,49,50,51,52,53,54,55,56,57,58,59,60,61,62,63,64,65,66,67,68,69,70,71,72,73,74,75,76,77,78,79,80,81,82,83,84,85,86,87,88,89,90,91,92,93,94,95,96,97,98,99,100,101,102,103,104,105,106,107,108,109,110,111,112,113,114,115,116,117,118,119,120,121,122,123,124,125,126,127,128,129,130,131,132,133,134,135,136,137,138,139,140,141,142,143,144,145,146,147,148,149,150,151,152,153,154,155,156,157,158,159,160,161,162,163,164,165,166,167,168,169,170,171,172,173,174,175,176,177,178,179,180,181,182,183,184,185,186,187,188,189,190,191,192,193,194,195,196,197,198,199];False
10008;9519;19527;[5,0,2,3,1,41,18,30,8,9,4,11,12,13,14,15,16,17,10,19,20,6,22,23,24,25,26,27,28,29,21,31,32,33,34,35,36,37,38,39,40,7,42,43,44,45,46,47,48,49,50,51,52,53,54,55,56,57,58,59,60,61,62,63,64,65,66,67,68,69,70,71,72,73,74,75,76,77,78,79,80,81,82,83,84,85,86,87,88,89,90,91,92,93,94,95,96,97,98,99,100,101,102,103,104,105,106,107,108,109,110,111,112,113,114,115,116,117,118,119,120,121,122,123,124,125,126,127,128,129,130,131,132,133,134,135,136,137,138,139,140,141,142,143,144,145,146,147,148,149,150,151,152,153,154,155,156,157,158,159,160,161,162,163,164,165,166,167,168,169,170,171,172,173,174,175,176,177,178,179,180,181,182,183,184,185,186,187,188,189,190,191,192,193,194,195,196,197,198,199];False
9987;9539;19526;[13,0,2,3,1,5,18,30,8,9,4,11,12,41,14,15,16,17,10,19,20,6,22,23,24,25,26,27,28,29,21,31,32,33,34,35,36,37,38,39,40,7,42,43,44,45,46,47,48,49,50,51,52,53,54,55,56,57,58,59,60,61,62,63,64,65,66,67,68,69,70,71,72,73,74,75,76,77,78,79,80,81,82,83,84,85,86,87,88,89,90,91,92,93,94,95,96,97,98,99,100,101,102,103,104,105,106,107,108,109,110,111,112,113,114,115,116,117,118,119,120,121,122,123,124,125,126,127,128,129,130,131,132,133,134,135,136,137,138,139,140,141,142,143,144,145,146,147,148,149,150,151,152,153,154,155,156,157,158,159,160,161,162,163,164,165,166,167,168,169,170,171,172,173,174,175,176,177,178,179,180,181,182,183,184,185,186,187,188,189,190,191,192,193,194,195,196,197,198,199];False
9994;9520;19514;[20,0,2,3,1,5,18,30,8,9,4,11,12,13,14,15,16,17,10,19,41,6,22,23,24,25,26,27,28,29,21,31,32,33,34,35,36,37,38,39,40,7,42,43,44,45,46,47,48,49,50,51,52,53,54,55,56,57,58,59,60,61,62,63,64,65,66,67,68,69,70,71,72,73,74,75,76,77,78,79,80,81,82,83,84,85,86,87,88,89,90,91,92,93,94,95,96,97,98,99,100,101,102,103,104,105,106,107,108,109,110,111,112,113,114,115,116,117,118,119,120,121,122,123,124,125,126,127,128,129,130,131,132,133,134,135,136,137,138,139,140,141,142,143,144,145,146,147,148,149,150,151,152,153,154,155,156,157,158,159,160,161,162,163,164,165,166,167,168,169,170,171,172,173,174,175,176,177,178,179,180,181,182,183,184,185,186,187,188,189,190,191,192,193,194,195,196,197,198,199];False
9908;9543;19451;[6,0,2,3,1,5,18,30,8,9,4,11,12,13,14,15,16,17,10,19,20,41,22,23,24,25,26,27,28,29,21,31,32,33,34,35,36,37,38,39,40,7,42,43,44,45,46,47,48,49,50,51,52,53,54,55,56,57,58,59,60,61,62,63,64,65,66,67,68,69,70,71,72,73,74,75,76,77,78,79,80,81,82,83,84,85,86,87,88,89,90,91,92,93,94,95,96,97,98,99,100,101,102,103,104,105,106,107,108,109,110,111,112,113,114,115,116,117,118,119,120,121,122,123,124,125,126,127,128,129,130,131,132,133,134,135,136,137,138,139,140,141,142,143,144,145,146,147,148,149,150,151,152,153,154,155,156,157,158,159,160,161,162,163,164,165,166,167,168,169,170,171,172,173,174,175,176,177,178,179,180,181,182,183,184,185,186,187,188,189,190,191,192,193,194,195,196,197,198,199];False
9884;9586;19470;[26,0,2,3,1,5,18,30,8,9,4,11,12,13,14,15,16,17,10,19,20,6,22,23,24,25,41,27,28,29,21,31,32,33,34,35,36,37,38,39,40,7,42,43,44,45,46,47,48,49,50,51,52,53,54,55,56,57,58,59,60,61,62,63,64,65,66,67,68,69,70,71,72,73,74,75,76,77,78,79,80,81,82,83,84,85,86,87,88,89,90,91,92,93,94,95,96,97,98,99,100,101,102,103,104,105,106,107,108,109,110,111,112,113,114,115,116,117,118,119,120,121,122,123,124,125,126,127,128,129,130,131,132,133,134,135,136,137,138,139,140,141,142,143,144,145,146,147,148,149,150,151,152,153,154,155,156,157,158,159,160,161,162,163,164,165,166,167,168,169,170,171,172,173,174,175,176,177,178,179,180,181,182,183,184,185,186,187,188,189,190,191,192,193,194,195,196,197,198,199];False
9947;9541;19488;[31,0,2,3,1,5,18,30,8,9,4,11,12,13,14,15,16,17,10,19,20,6,22,23,24,25,26,27,28,29,21,41,32,33,34,35,36,37,38,39,40,7,42,43,44,45,46,47,48,49,50,51,52,53,54,55,56,57,58,59,60,61,62,63,64,65,66,67,68,69,70,71,72,73,74,75,76,77,78,79,80,81,82,83,84,85,86,87,88,89,90,91,92,93,94,95,96,97,98,99,100,101,102,103,104,105,106,107,108,109,110,111,112,113,114,115,116,117,118,119,120,121,122,123,124,125,126,127,128,129,130,131,132,133,134,135,136,137,138,139,140,141,142,143,144,145,146,147,148,149,150,151,152,153,154,155,156,157,158,159,160,161,162,163,164,165,166,167,168,169,170,171,172,173,174,175,176,177,178,179,180,181,182,183,184,185,186,187,188,189,190,191,192,193,194,195,196,197,198,199];False
10147;9496;19643;[13,0,2,3,1,30,18,7,8,9,4,11,12,20,14,15,16,17,10,19,41,6,22,23,24,25,26,27,28,29,21,31,32,33,34,35,36,37,38,39,40,5,42,43,44,45,46,47,48,49,50,51,52,53,54,55,56,57,58,59,60,61,62,63,64,65,66,67,68,69,70,71,72,73,74,75,76,77,78,79,80,81,82,83,84,85,86,87,88,89,90,91,92,93,94,95,96,97,98,99,100,101,102,103,104,105,106,107,108,109,110,111,112,113,114,115,116,117,118,119,120,121,122,123,124,125,126,127,128,129,130,131,132,133,134,135,136,137,138,139,140,141,142,143,144,145,146,147,148,149,150,151,152,153,154,155,156,157,158,159,160,161,162,163,164,165,166,167,168,169,170,171,172,173,174,175,176,177,178,179,180,181,182,183,184,185,186,187,188,189,190,191,192,193,194,195,196,197,198,199];False
10068;9509;19577;[17,0,2,3,1,5,30,7,8,9,13,11,12,18,14,15,16,4,10,19,20,6,22,23,24,25,26,27,28,29,21,31,32,33,34,35,36,37,38,39,40,41,42,43,44,45,46,47,48,49,50,51,52,53,54,55,56,57,58,59,60,61,62,63,64,65,66,67,68,69,70,71,72,73,74,75,76,77,78,79,80,81,82,83,84,85,86,87,88,89,90,91,92,93,94,95,96,97,98,99,100,101,102,103,104,105,106,107,108,109,110,111,112,113,114,115,116,117,118,119,120,121,122,123,124,125,126,127,128,129,130,131,132,133,134,135,136,137,138,139,140,141,142,143,144,145,146,147,148,149,150,151,152,153,154,155,156,157,158,159,160,161,162,163,164,165,166,167,168,169,170,171,172,173,174,175,176,177,178,179,180,181,182,183,184,185,186,187,188,189,190,191,192,193,194,195,196,197,198,199];False
9989;9509;19498;[16,0,2,3,1,5,30,7,8,9,4,11,12,18,14,15,20,17,10,19,13,6,22,23,24,25,26,27,28,29,21,31,32,33,34,35,36,37,38,39,40,41,42,43,44,45,46,47,48,49,50,51,52,53,54,55,56,57,58,59,60,61,62,63,64,65,66,67,68,69,70,71,72,73,74,75,76,77,78,79,80,81,82,83,84,85,86,87,88,89,90,91,92,93,94,95,96,97,98,99,100,101,102,103,104,105,106,107,108,109,110,111,112,113,114,115,116,117,118,119,120,121,122,123,124,125,126,127,128,129,130,131,132,133,134,135,136,137,138,139,140,141,142,143,144,145,146,147,148,149,150,151,152,153,154,155,156,157,158,159,160,161,162,163,164,165,166,167,168,169,170,171,172,173,174,175,176,177,178,179,180,181,182,183,184,185,186,187,188,189,190,191,192,193,194,195,196,197,198,199];False
9987;9526;19513;[20,0,2,3,1,5,18,30,8,9,4,11,12,41,14,15,16,17,10,19,13,6,22,23,24,25,26,27,28,29,21,31,32,33,34,35,36,37,38,39,40,7,42,43,44,45,46,47,48,49,50,51,52,53,54,55,56,57,58,59,60,61,62,63,64,65,66,67,68,69,70,71,72,73,74,75,76,77,78,79,80,81,82,83,84,85,86,87,88,89,90,91,92,93,94,95,96,97,98,99,100,101,102,103,104,105,106,107,108,109,110,111,112,113,114,115,116,117,118,119,120,121,122,123,124,125,126,127,128,129,130,131,132,133,134,135,136,137,138,139,140,141,142,143,144,145,146,147,148,149,150,151,152,153,154,155,156,157,158,159,160,161,162,163,164,165,166,167,168,169,170,171,172,173,174,175,176,177,178,179,180,181,182,183,184,185,186,187,188,189,190,191,192,193,194,195,196,197,198,199];False
9890;9570;19460;[1,0,2,3,6,5,18,30,8,9,4,11,12,13,14,15,16,17,10,19,20,41,22,23,24,25,26,27,28,29,21,31,32,33,34,35,36,37,38,39,40,7,42,43,44,45,46,47,48,49,50,51,52,53,54,55,56,57,58,59,60,61,62,63,64,65,66,67,68,69,70,71,72,73,74,75,76,77,78,79,80,81,82,83,84,85,86,87,88,89,90,91,92,93,94,95,96,97,98,99,100,101,102,103,104,105,106,107,108,109,110,111,112,113,114,115,116,117,118,119,120,121,122,123,124,125,126,127,128,129,130,131,132,133,134,135,136,137,138,139,140,141,142,143,144,145,146,147,148,149,150,151,152,153,154,155,156,157,158,159,160,161,162,163,164,165,166,167,168,169,170,171,172,173,174,175,176,177,178,179,180,181,182,183,184,185,186,187,188,189,190,191,192,193,194,195,196,197,198,199];False
9962;9534;19496;[13,0,2,3,1,5,18,30,8,9,4,11,12,6,14,15,16,17,10,19,20,41,22,23,24,25,26,27,28,29,21,31,32,33,34,35,36,37,38,39,40,7,42,43,44,45,46,47,48,49,50,51,52,53,54,55,56,57,58,59,60,61,62,63,64,65,66,67,68,69,70,71,72,73,74,75,76,77,78,79,80,81,82,83,84,85,86,87,88,89,90,91,92,93,94,95,96,97,98,99,100,101,102,103,104,105,106,107,108,109,110,111,112,113,114,115,116,117,118,119,120,121,122,123,124,125,126,127,128,129,130,131,132,133,134,135,136,137,138,139,140,141,142,143,144,145,146,147,148,149,150,151,152,153,154,155,156,157,158,159,160,161,162,163,164,165,166,167,168,169,170,171,172,173,174,175,176,177,178,179,180,181,182,183,184,185,186,187,188,189,190,191,192,193,194,195,196,197,198,199];False
9935;9536;19471;[19,0,2,3,1,5,18,30,8,9,4,11,12,13,14,15,16,17,10,6,20,41,22,23,24,25,26,27,28,29,21,31,32,33,34,35,36,37,38,39,40,7,42,43,44,45,46,47,48,49,50,51,52,53,54,55,56,57,58,59,60,61,62,63,64,65,66,67,68,69,70,71,72,73,74,75,76,77,78,79,80,81,82,83,84,85,86,87,88,89,90,91,92,93,94,95,96,97,98,99,100,101,102,103,104,105,106,107,108,109,110,111,112,113,114,115,116,117,118,119,120,121,122,123,124,125,126,127,128,129,130,131,132,133,134,135,136,137,138,139,140,141,142,143,144,145,146,147,148,149,150,151,152,153,154,155,156,157,158,159,160,161,162,163,164,165,166,167,168,169,170,171,172,173,174,175,176,177,178,179,180,181,182,183,184,185,186,187,188,189,190,191,192,193,194,195,196,197,198,199];False
9859;9565;19424;[28,0,2,3,1,5,18,30,8,9,4,11,12,13,14,15,16,17,10,19,20,41,22,23,24,25,26,27,6,29,21,31,32,33,34,35,36,37,38,39,40,7,42,43,44,45,46,47,48,49,50,51,52,53,54,55,56,57,58,59,60,61,62,63,64,65,66,67,68,69,70,71,72,73,74,75,76,77,78,79,80,81,82,83,84,85,86,87,88,89,90,91,92,93,94,95,96,97,98,99,100,101,102,103,104,105,106,107,108,109,110,111,112,113,114,115,116,117,118,119,120,121,122,123,124,125,126,127,128,129,130,131,132,133,134,135,136,137,138,139,140,141,142,143,144,145,146,147,148,149,150,151,152,153,154,155,156,157,158,159,160,161,162,163,164,165,166,167,168,169,170,171,172,173,174,175,176,177,178,179,180,181,182,183,184,185,186,187,188,189,190,191,192,193,194,195,196,197,198,199];False
9881;9554;19435;[31,0,2,3,1,5,18,30,8,9,4,11,12,13,14,15,16,17,10,19,20,41,22,23,24,25,26,27,28,29,21,6,32,33,34,35,36,37,38,39,40,7,42,43,44,45,46,47,48,49,50,51,52,53,54,55,56,57,58,59,60,61,62,63,64,65,66,67,68,69,70,71,72,73,74,75,76,77,78,79,80,81,82,83,84,85,86,87,88,89,90,91,92,93,94,95,96,97,98,99,100,101,102,103,104,105,106,107,108,109,110,111,112,113,114,115,116,117,118,119,120,121,122,123,124,125,126,127,128,129,130,131,132,133,134,135,136,137,138,139,140,141,142,143,144,145,146,147,148,149,150,151,152,153,154,155,156,157,158,159,160,161,162,163,164,165,166,167,168,169,170,171,172,173,174,175,176,177,178,179,180,181,182,183,184,185,186,187,188,189,190,191,192,193,194,195,196,197,198,199];False
9862;9555;19417;[32,0,2,3,1,5,18,30,8,9,4,11,12,13,14,15,16,17,10,19,20,41,22,23,24,25,26,27,28,29,21,31,6,33,34,35,36,37,38,39,40,7,42,43,44,45,46,47,48,49,50,51,52,53,54,55,56,57,58,59,60,61,62,63,64,65,66,67,68,69,70,71,72,73,74,75,76,77,78,79,80,81,82,83,84,85,86,87,88,89,90,91,92,93,94,95,96,97,98,99,100,101,102,103,104,105,106,107,108,109,110,111,112,113,114,115,116,117,118,119,120,121,122,123,124,125,126,127,128,129,130,131,132,133,134,135,136,137,138,139,140,141,142,143,144,145,146,147,148,149,150,151,152,153,154,155,156,157,158,159,160,161,162,163,164,165,166,167,168,169,170,171,172,173,174,175,176,177,178,179,180,181,182,183,184,185,186,187,188,189,190,191,192,193,194,195,196,197,198,199];False
9949;9532;19481;[34,0,2,3,1,5,18,30,8,9,4,11,12,13,14,15,16,17,10,19,20,41,22,23,24,25,26,27,28,29,21,31,32,33,6,35,36,37,38,39,40,7,42,43,44,45,46,47,48,49,50,51,52,53,54,55,56,57,58,59,60,61,62,63,64,65,66,67,68,69,70,71,72,73,74,75,76,77,78,79,80,81,82,83,84,85,86,87,88,89,90,91,92,93,94,95,96,97,98,99,100,101,102,103,104,105,106,107,108,109,110,111,112,113,114,115,116,117,118,119,120,121,122,123,124,125,126,127,128,129,130,131,132,133,134,135,136,137,138,139,140,141,142,143,144,145,146,147,148,149,150,151,152,153,154,155,156,157,158,159,160,161,162,163,164,165,166,167,168,169,170,171,172,173,174,175,176,177,178,179,180,181,182,183,184,185,186,187,188,189,190,191,192,193,194,195,196,197,198,199];False
9832;9539;19371;[56,0,2,3,1,5,18,30,8,9,4,11,12,13,14,15,16,17,10,19,20,41,22,23,24,25,26,27,28,29,21,31,32,33,34,35,36,37,38,39,40,7,42,43,44,45,46,47,48,49,50,51,52,53,54,55,6,57,58,59,60,61,62,63,64,65,66,67,68,69,70,71,72,73,74,75,76,77,78,79,80,81,82,83,84,85,86,87,88,89,90,91,92,93,94,95,96,97,98,99,100,101,102,103,104,105,106,107,108,109,110,111,112,113,114,115,116,117,118,119,120,121,122,123,124,125,126,127,128,129,130,131,132,133,134,135,136,137,138,139,140,141,142,143,144,145,146,147,148,149,150,151,152,153,154,155,156,157,158,159,160,161,162,163,164,165,166,167,168,169,170,171,172,173,174,175,176,177,178,179,180,181,182,183,184,185,186,187,188,189,190,191,192,193,194,195,196,197,198,199];False
10135;9508;19643;[1,0,2,3,13,30,18,7,8,9,4,11,12,20,14,15,16,17,10,19,41,6,22,23,24,25,26,27,28,29,21,31,32,33,34,35,36,37,38,39,40,5,42,43,44,45,46,47,48,49,50,51,52,53,54,55,56,57,58,59,60,61,62,63,64,65,66,67,68,69,70,71,72,73,74,75,76,77,78,79,80,81,82,83,84,85,86,87,88,89,90,91,92,93,94,95,96,97,98,99,100,101,102,103,104,105,106,107,108,109,110,111,112,113,114,115,116,117,118,119,120,121,122,123,124,125,126,127,128,129,130,131,132,133,134,135,136,137,138,139,140,141,142,143,144,145,146,147,148,149,150,151,152,153,154,155,156,157,158,159,160,161,162,163,164,165,166,167,168,169,170,171,172,173,174,175,176,177,178,179,180,181,182,183,184,185,186,187,188,189,190,191,192,193,194,195,196,197,198,199];False
10226;9478;19704;[4,0,2,3,1,30,18,7,8,9,13,11,12,20,14,15,16,17,10,19,41,6,22,23,24,25,26,27,28,29,21,31,32,33,34,35,36,37,38,39,40,5,42,43,44,45,46,47,48,49,50,51,52,53,54,55,56,57,58,59,60,61,62,63,64,65,66,67,68,69,70,71,72,73,74,75,76,77,78,79,80,81,82,83,84,85,86,87,88,89,90,91,92,93,94,95,96,97,98,99,100,101,102,103,104,105,106,107,108,109,110,111,112,113,114,115,116,117,118,119,120,121,122,123,124,125,126,127,128,129,130,131,132,133,134,135,136,137,138,139,140,141,142,143,144,145,146,147,148,149,150,151,152,153,154,155,156,157,158,159,160,161,162,163,164,165,166,167,168,169,170,171,172,173,174,175,176,177,178,179,180,181,182,183,184,185,186,187,188,189,190,191,192,193,194,195,196,197,198,199];False
10128;9507;19635;[17,0,2,3,1,30,18,7,8,9,4,11,12,20,14,15,16,13,10,19,41,6,22,23,24,25,26,27,28,29,21,31,32,33,34,35,36,37,38,39,40,5,42,43,44,45,46,47,48,49,50,51,52,53,54,55,56,57,58,59,60,61,62,63,64,65,66,67,68,69,70,71,72,73,74,75,76,77,78,79,80,81,82,83,84,85,86,87,88,89,90,91,92,93,94,95,96,97,98,99,100,101,102,103,104,105,106,107,108,109,110,111,112,113,114,115,116,117,118,119,120,121,122,123,124,125,126,127,128,129,130,131,132,133,134,135,136,137,138,139,140,141,142,143,144,145,146,147,148,149,150,151,152,153,154,155,156,157,158,159,160,161,162,163,164,165,166,167,168,169,170,171,172,173,174,175,176,177,178,179,180,181,182,183,184,185,186,187,188,189,190,191,192,193,194,195,196,197,198,199];False
10121;9504;19625;[41,0,2,3,1,30,18,7,8,9,4,11,12,20,14,15,16,17,10,19,13,6,22,23,24,25,26,27,28,29,21,31,32,33,34,35,36,37,38,39,40,5,42,43,44,45,46,47,48,49,50,51,52,53,54,55,56,57,58,59,60,61,62,63,64,65,66,67,68,69,70,71,72,73,74,75,76,77,78,79,80,81,82,83,84,85,86,87,88,89,90,91,92,93,94,95,96,97,98,99,100,101,102,103,104,105,106,107,108,109,110,111,112,113,114,115,116,117,118,119,120,121,122,123,124,125,126,127,128,129,130,131,132,133,134,135,136,137,138,139,140,141,142,143,144,145,146,147,148,149,150,151,152,153,154,155,156,157,158,159,160,161,162,163,164,165,166,167,168,169,170,171,172,173,174,175,176,177,178,179,180,181,182,183,184,185,186,187,188,189,190,191,192,193,194,195,196,197,198,199];False
10120;9505;19625;[31,0,2,3,1,30,18,7,8,9,4,11,12,20,14,15,16,17,10,19,41,6,22,23,24,25,26,27,28,29,21,13,32,33,34,35,36,37,38,39,40,5,42,43,44,45,46,47,48,49,50,51,52,53,54,55,56,57,58,59,60,61,62,63,64,65,66,67,68,69,70,71,72,73,74,75,76,77,78,79,80,81,82,83,84,85,86,87,88,89,90,91,92,93,94,95,96,97,98,99,100,101,102,103,104,105,106,107,108,109,110,111,112,113,114,115,116,117,118,119,120,121,122,123,124,125,126,127,128,129,130,131,132,133,134,135,136,137,138,139,140,141,142,143,144,145,146,147,148,149,150,151,152,153,154,155,156,157,158,159,160,161,162,163,164,165,166,167,168,169,170,171,172,173,174,175,176,177,178,179,180,181,182,183,184,185,186,187,188,189,190,191,192,193,194,195,196,197,198,199];False
10130;9500;19630;[32,0,2,3,1,30,18,7,8,9,4,11,12,20,14,15,16,17,10,19,41,6,22,23,24,25,26,27,28,29,21,31,13,33,34,35,36,37,38,39,40,5,42,43,44,45,46,47,48,49,50,51,52,53,54,55,56,57,58,59,60,61,62,63,64,65,66,67,68,69,70,71,72,73,74,75,76,77,78,79,80,81,82,83,84,85,86,87,88,89,90,91,92,93,94,95,96,97,98,99,100,101,102,103,104,105,106,107,108,109,110,111,112,113,114,115,116,117,118,119,120,121,122,123,124,125,126,127,128,129,130,131,132,133,134,135,136,137,138,139,140,141,142,143,144,145,146,147,148,149,150,151,152,153,154,155,156,157,158,159,160,161,162,163,164,165,166,167,168,169,170,171,172,173,174,175,176,177,178,179,180,181,182,183,184,185,186,187,188,189,190,191,192,193,194,195,196,197,198,199];False
10177;9492;19669;[34,0,2,3,1,30,18,7,8,9,4,11,12,20,14,15,16,17,10,19,41,6,22,23,24,25,26,27,28,29,21,31,32,33,13,35,36,37,38,39,40,5,42,43,44,45,46,47,48,49,50,51,52,53,54,55,56,57,58,59,60,61,62,63,64,65,66,67,68,69,70,71,72,73,74,75,76,77,78,79,80,81,82,83,84,85,86,87,88,89,90,91,92,93,94,95,96,97,98,99,100,101,102,103,104,105,106,107,108,109,110,111,112,113,114,115,116,117,118,119,120,121,122,123,124,125,126,127,128,129,130,131,132,133,134,135,136,137,138,139,140,141,142,143,144,145,146,147,148,149,150,151,152,153,154,155,156,157,158,159,160,161,162,163,164,165,166,167,168,169,170,171,172,173,174,175,176,177,178,179,180,181,182,183,184,185,186,187,188,189,190,191,192,193,194,195,196,197,198,199];False
10104;9481;19585;[49,0,2,3,1,30,18,7,8,9,4,11,12,20,14,15,16,17,10,19,41,6,22,23,24,25,26,27,28,29,21,31,32,33,34,35,36,37,38,39,40,5,42,43,44,45,46,47,48,13,50,51,52,53,54,55,56,57,58,59,60,61,62,63,64,65,66,67,68,69,70,71,72,73,74,75,76,77,78,79,80,81,82,83,84,85,86,87,88,89,90,91,92,93,94,95,96,97,98,99,100,101,102,103,104,105,106,107,108,109,110,111,112,113,114,115,116,117,118,119,120,121,122,123,124,125,126,127,128,129,130,131,132,133,134,135,136,137,138,139,140,141,142,143,144,145,146,147,148,149,150,151,152,153,154,155,156,157,158,159,160,161,162,163,164,165,166,167,168,169,170,171,172,173,174,175,176,177,178,179,180,181,182,183,184,185,186,187,188,189,190,191,192,193,194,195,196,197,198,199];False
9998;9507;19505;[18,0,2,3,1,5,30,7,8,9,4,11,12,16,14,15,20,17,10,19,13,6,22,23,24,25,26,27,28,29,21,31,32,33,34,35,36,37,38,39,40,41,42,43,44,45,46,47,48,49,50,51,52,53,54,55,56,57,58,59,60,61,62,63,64,65,66,67,68,69,70,71,72,73,74,75,76,77,78,79,80,81,82,83,84,85,86,87,88,89,90,91,92,93,94,95,96,97,98,99,100,101,102,103,104,105,106,107,108,109,110,111,112,113,114,115,116,117,118,119,120,121,122,123,124,125,126,127,128,129,130,131,132,133,134,135,136,137,138,139,140,141,142,143,144,145,146,147,148,149,150,151,152,153,154,155,156,157,158,159,160,161,162,163,164,165,166,167,168,169,170,171,172,173,174,175,176,177,178,179,180,181,182,183,184,185,186,187,188,189,190,191,192,193,194,195,196,197,198,199];False
10010;9494;19504;[10,0,2,3,1,5,30,7,8,9,4,11,12,18,14,15,20,17,16,19,13,6,22,23,24,25,26,27,28,29,21,31,32,33,34,35,36,37,38,39,40,41,42,43,44,45,46,47,48,49,50,51,52,53,54,55,56,57,58,59,60,61,62,63,64,65,66,67,68,69,70,71,72,73,74,75,76,77,78,79,80,81,82,83,84,85,86,87,88,89,90,91,92,93,94,95,96,97,98,99,100,101,102,103,104,105,106,107,108,109,110,111,112,113,114,115,116,117,118,119,120,121,122,123,124,125,126,127,128,129,130,131,132,133,134,135,136,137,138,139,140,141,142,143,144,145,146,147,148,149,150,151,152,153,154,155,156,157,158,159,160,161,162,163,164,165,166,167,168,169,170,171,172,173,174,175,176,177,178,179,180,181,182,183,184,185,186,187,188,189,190,191,192,193,194,195,196,197,198,199];False
9980;9522;19502;[27,0,2,3,1,5,30,7,8,9,4,11,12,18,14,15,20,17,10,19,13,6,22,23,24,25,26,16,28,29,21,31,32,33,34,35,36,37,38,39,40,41,42,43,44,45,46,47,48,49,50,51,52,53,54,55,56,57,58,59,60,61,62,63,64,65,66,67,68,69,70,71,72,73,74,75,76,77,78,79,80,81,82,83,84,85,86,87,88,89,90,91,92,93,94,95,96,97,98,99,100,101,102,103,104,105,106,107,108,109,110,111,112,113,114,115,116,117,118,119,120,121,122,123,124,125,126,127,128,129,130,131,132,133,134,135,136,137,138,139,140,141,142,143,144,145,146,147,148,149,150,151,152,153,154,155,156,157,158,159,160,161,162,163,164,165,166,167,168,169,170,171,172,173,174,175,176,177,178,179,180,181,182,183,184,185,186,187,188,189,190,191,192,193,194,195,196,197,198,199];False
9908;9522;19430;[28,0,2,3,1,5,30,7,8,9,4,11,12,18,14,15,20,17,10,19,13,6,22,23,24,25,26,27,16,29,21,31,32,33,34,35,36,37,38,39,40,41,42,43,44,45,46,47,48,49,50,51,52,53,54,55,56,57,58,59,60,61,62,63,64,65,66,67,68,69,70,71,72,73,74,75,76,77,78,79,80,81,82,83,84,85,86,87,88,89,90,91,92,93,94,95,96,97,98,99,100,101,102,103,104,105,106,107,108,109,110,111,112,113,114,115,116,117,118,119,120,121,122,123,124,125,126,127,128,129,130,131,132,133,134,135,136,137,138,139,140,141,142,143,144,145,146,147,148,149,150,151,152,153,154,155,156,157,158,159,160,161,162,163,164,165,166,167,168,169,170,171,172,173,174,175,176,177,178,179,180,181,182,183,184,185,186,187,188,189,190,191,192,193,194,195,196,197,198,199];False
9896;9530;19426;[29,0,2,3,1,5,30,7,8,9,4,11,12,18,14,15,20,17,10,19,13,6,22,23,24,25,26,27,28,16,21,31,32,33,34,35,36,37,38,39,40,41,42,43,44,45,46,47,48,49,50,51,52,53,54,55,56,57,58,59,60,61,62,63,64,65,66,67,68,69,70,71,72,73,74,75,76,77,78,79,80,81,82,83,84,85,86,87,88,89,90,91,92,93,94,95,96,97,98,99,100,101,102,103,104,105,106,107,108,109,110,111,112,113,114,115,116,117,118,119,120,121,122,123,124,125,126,127,128,129,130,131,132,133,134,135,136,137,138,139,140,141,142,143,144,145,146,147,148,149,150,151,152,153,154,155,156,157,158,159,160,161,162,163,164,165,166,167,168,169,170,171,172,173,174,175,176,177,178,179,180,181,182,183,184,185,186,187,188,189,190,191,192,193,194,195,196,197,198,199];False
9968;9499;19467;[32,0,2,3,1,5,30,7,8,9,4,11,12,18,14,15,20,17,10,19,13,6,22,23,24,25,26,27,28,29,21,31,16,33,34,35,36,37,38,39,40,41,42,43,44,45,46,47,48,49,50,51,52,53,54,55,56,57,58,59,60,61,62,63,64,65,66,67,68,69,70,71,72,73,74,75,76,77,78,79,80,81,82,83,84,85,86,87,88,89,90,91,92,93,94,95,96,97,98,99,100,101,102,103,104,105,106,107,108,109,110,111,112,113,114,115,116,117,118,119,120,121,122,123,124,125,126,127,128,129,130,131,132,133,134,135,136,137,138,139,140,141,142,143,144,145,146,147,148,149,150,151,152,153,154,155,156,157,158,159,160,161,162,163,164,165,166,167,168,169,170,171,172,173,174,175,176,177,178,179,180,181,182,183,184,185,186,187,188,189,190,191,192,193,194,195,196,197,198,199];False
9817;9545;19362;[17,0,2,3,1,5,18,30,8,9,4,11,12,13,14,15,16,56,10,19,20,41,22,23,24,25,26,27,28,29,21,31,32,33,34,35,36,37,38,39,40,7,42,43,44,45,46,47,48,49,50,51,52,53,54,55,6,57,58,59,60,61,62,63,64,65,66,67,68,69,70,71,72,73,74,75,76,77,78,79,80,81,82,83,84,85,86,87,88,89,90,91,92,93,94,95,96,97,98,99,100,101,102,103,104,105,106,107,108,109,110,111,112,113,114,115,116,117,118,119,120,121,122,123,124,125,126,127,128,129,130,131,132,133,134,135,136,137,138,139,140,141,142,143,144,145,146,147,148,149,150,151,152,153,154,155,156,157,158,159,160,161,162,163,164,165,166,167,168,169,170,171,172,173,174,175,176,177,178,179,180,181,182,183,184,185,186,187,188,189,190,191,192,193,194,195,196,197,198,199];False
9776;9589;19365;[26,0,2,3,1,5,18,30,8,9,4,11,12,13,14,15,16,17,10,19,20,41,22,23,24,25,56,27,28,29,21,31,32,33,34,35,36,37,38,39,40,7,42,43,44,45,46,47,48,49,50,51,52,53,54,55,6,57,58,59,60,61,62,63,64,65,66,67,68,69,70,71,72,73,74,75,76,77,78,79,80,81,82,83,84,85,86,87,88,89,90,91,92,93,94,95,96,97,98,99,100,101,102,103,104,105,106,107,108,109,110,111,112,113,114,115,116,117,118,119,120,121,122,123,124,125,126,127,128,129,130,131,132,133,134,135,136,137,138,139,140,141,142,143,144,145,146,147,148,149,150,151,152,153,154,155,156,157,158,159,160,161,162,163,164,165,166,167,168,169,170,171,172,173,174,175,176,177,178,179,180,181,182,183,184,185,186,187,188,189,190,191,192,193,194,195,196,197,198,199];False
9788;9560;19348;[27,0,2,3,1,5,18,30,8,9,4,11,12,13,14,15,16,17,10,19,20,41,22,23,24,25,26,56,28,29,21,31,32,33,34,35,36,37,38,39,40,7,42,43,44,45,46,47,48,49,50,51,52,53,54,55,6,57,58,59,60,61,62,63,64,65,66,67,68,69,70,71,72,73,74,75,76,77,78,79,80,81,82,83,84,85,86,87,88,89,90,91,92,93,94,95,96,97,98,99,100,101,102,103,104,105,106,107,108,109,110,111,112,113,114,115,116,117,118,119,120,121,122,123,124,125,126,127,128,129,130,131,132,133,134,135,136,137,138,139,140,141,142,143,144,145,146,147,148,149,150,151,152,153,154,155,156,157,158,159,160,161,162,163,164,165,166,167,168,169,170,171,172,173,174,175,176,177,178,179,180,181,182,183,184,185,186,187,188,189,190,191,192,193,194,195,196,197,198,199];False
9873;9531;19404;[28,0,2,3,1,5,18,30,8,9,4,11,12,13,14,15,16,17,10,19,20,41,22,23,24,25,26,27,56,29,21,31,32,33,34,35,36,37,38,39,40,7,42,43,44,45,46,47,48,49,50,51,52,53,54,55,6,57,58,59,60,61,62,63,64,65,66,67,68,69,70,71,72,73,74,75,76,77,78,79,80,81,82,83,84,85,86,87,88,89,90,91,92,93,94,95,96,97,98,99,100,101,102,103,104,105,106,107,108,109,110,111,112,113,114,115,116,117,118,119,120,121,122,123,124,125,126,127,128,129,130,131,132,133,134,135,136,137,138,139,140,141,142,143,144,145,146,147,148,149,150,151,152,153,154,155,156,157,158,159,160,161,162,163,164,165,166,167,168,169,170,171,172,173,174,175,176,177,178,179,180,181,182,183,184,185,186,187,188,189,190,191,192,193,194,195,196,197,198,199];False
9747;9529;19276;[29,0,2,3,1,5,18,30,8,9,4,11,12,13,14,15,16,17,10,19,20,41,22,23,24,25,26,27,28,56,21,31,32,33,34,35,36,37,38,39,40,7,42,43,44,45,46,47,48,49,50,51,52,53,54,55,6,57,58,59,60,61,62,63,64,65,66,67,68,69,70,71,72,73,74,75,76,77,78,79,80,81,82,83,84,85,86,87,88,89,90,91,92,93,94,95,96,97,98,99,100,101,102,103,104,105,106,107,108,109,110,111,112,113,114,115,116,117,118,119,120,121,122,123,124,125,126,127,128,129,130,131,132,133,134,135,136,137,138,139,140,141,142,143,144,145,146,147,148,149,150,151,152,153,154,155,156,157,158,159,160,161,162,163,164,165,166,167,168,169,170,171,172,173,174,175,176,177,178,179,180,181,182,183,184,185,186,187,188,189,190,191,192,193,194,195,196,197,198,199];False
10285;9476;19761;[20,0,2,3,1,30,18,7,8,9,13,11,12,4,14,15,16,17,10,19,41,6,22,23,24,25,26,27,28,29,21,31,32,33,34,35,36,37,38,39,40,5,42,43,44,45,46,47,48,49,50,51,52,53,54,55,56,57,58,59,60,61,62,63,64,65,66,67,68,69,70,71,72,73,74,75,76,77,78,79,80,81,82,83,84,85,86,87,88,89,90,91,92,93,94,95,96,97,98,99,100,101,102,103,104,105,106,107,108,109,110,111,112,113,114,115,116,117,118,119,120,121,122,123,124,125,126,127,128,129,130,131,132,133,134,135,136,137,138,139,140,141,142,143,144,145,146,147,148,149,150,151,152,153,154,155,156,157,158,159,160,161,162,163,164,165,166,167,168,169,170,171,172,173,174,175,176,177,178,179,180,181,182,183,184,185,186,187,188,189,190,191,192,193,194,195,196,197,198,199];False
10258;9472;19730;[16,0,2,3,1,30,18,7,8,9,13,11,12,20,14,15,4,17,10,19,41,6,22,23,24,25,26,27,28,29,21,31,32,33,34,35,36,37,38,39,40,5,42,43,44,45,46,47,48,49,50,51,52,53,54,55,56,57,58,59,60,61,62,63,64,65,66,67,68,69,70,71,72,73,74,75,76,77,78,79,80,81,82,83,84,85,86,87,88,89,90,91,92,93,94,95,96,97,98,99,100,101,102,103,104,105,106,107,108,109,110,111,112,113,114,115,116,117,118,119,120,121,122,123,124,125,126,127,128,129,130,131,132,133,134,135,136,137,138,139,140,141,142,143,144,145,146,147,148,149,150,151,152,153,154,155,156,157,158,159,160,161,162,163,164,165,166,167,168,169,170,171,172,173,174,175,176,177,178,179,180,181,182,183,184,185,186,187,188,189,190,191,192,193,194,195,196,197,198,199];False
10169;9478;19647;[17,0,2,3,1,30,18,7,8,9,13,11,12,20,14,15,16,4,10,19,41,6,22,23,24,25,26,27,28,29,21,31,32,33,34,35,36,37,38,39,40,5,42,43,44,45,46,47,48,49,50,51,52,53,54,55,56,57,58,59,60,61,62,63,64,65,66,67,68,69,70,71,72,73,74,75,76,77,78,79,80,81,82,83,84,85,86,87,88,89,90,91,92,93,94,95,96,97,98,99,100,101,102,103,104,105,106,107,108,109,110,111,112,113,114,115,116,117,118,119,120,121,122,123,124,125,126,127,128,129,130,131,132,133,134,135,136,137,138,139,140,141,142,143,144,145,146,147,148,149,150,151,152,153,154,155,156,157,158,159,160,161,162,163,164,165,166,167,168,169,170,171,172,173,174,175,176,177,178,179,180,181,182,183,184,185,186,187,188,189,190,191,192,193,194,195,196,197,198,199];False
10016;9490;19506;[1,0,2,3,49,30,18,7,8,9,4,11,12,20,14,15,16,17,10,19,41,6,22,23,24,25,26,27,28,29,21,31,32,33,34,35,36,37,38,39,40,5,42,43,44,45,46,47,48,13,50,51,52,53,54,55,56,57,58,59,60,61,62,63,64,65,66,67,68,69,70,71,72,73,74,75,76,77,78,79,80,81,82,83,84,85,86,87,88,89,90,91,92,93,94,95,96,97,98,99,100,101,102,103,104,105,106,107,108,109,110,111,112,113,114,115,116,117,118,119,120,121,122,123,124,125,126,127,128,129,130,131,132,133,134,135,136,137,138,139,140,141,142,143,144,145,146,147,148,149,150,151,152,153,154,155,156,157,158,159,160,161,162,163,164,165,166,167,168,169,170,171,172,173,174,175,176,177,178,179,180,181,182,183,184,185,186,187,188,189,190,191,192,193,194,195,196,197,198,199];False
10181;9471;19652;[4,0,2,3,1,30,18,7,8,9,49,11,12,20,14,15,16,17,10,19,41,6,22,23,24,25,26,27,28,29,21,31,32,33,34,35,36,37,38,39,40,5,42,43,44,45,46,47,48,13,50,51,52,53,54,55,56,57,58,59,60,61,62,63,64,65,66,67,68,69,70,71,72,73,74,75,76,77,78,79,80,81,82,83,84,85,86,87,88,89,90,91,92,93,94,95,96,97,98,99,100,101,102,103,104,105,106,107,108,109,110,111,112,113,114,115,116,117,118,119,120,121,122,123,124,125,126,127,128,129,130,131,132,133,134,135,136,137,138,139,140,141,142,143,144,145,146,147,148,149,150,151,152,153,154,155,156,157,158,159,160,161,162,163,164,165,166,167,168,169,170,171,172,173,174,175,176,177,178,179,180,181,182,183,184,185,186,187,188,189,190,191,192,193,194,195,196,197,198,199];False
10038;9485;19523;[11,0,2,3,1,30,18,7,8,9,4,49,12,20,14,15,16,17,10,19,41,6,22,23,24,25,26,27,28,29,21,31,32,33,34,35,36,37,38,39,40,5,42,43,44,45,46,47,48,13,50,51,52,53,54,55,56,57,58,59,60,61,62,63,64,65,66,67,68,69,70,71,72,73,74,75,76,77,78,79,80,81,82,83,84,85,86,87,88,89,90,91,92,93,94,95,96,97,98,99,100,101,102,103,104,105,106,107,108,109,110,111,112,113,114,115,116,117,118,119,120,121,122,123,124,125,126,127,128,129,130,131,132,133,134,135,136,137,138,139,140,141,142,143,144,145,146,147,148,149,150,151,152,153,154,155,156,157,158,159,160,161,162,163,164,165,166,167,168,169,170,171,172,173,174,175,176,177,178,179,180,181,182,183,184,185,186,187,188,189,190,191,192,193,194,195,196,197,198,199];False
10019;9481;19500;[20,0,2,3,1,30,18,7,8,9,4,11,12,49,14,15,16,17,10,19,41,6,22,23,24,25,26,27,28,29,21,31,32,33,34,35,36,37,38,39,40,5,42,43,44,45,46,47,48,13,50,51,52,53,54,55,56,57,58,59,60,61,62,63,64,65,66,67,68,69,70,71,72,73,74,75,76,77,78,79,80,81,82,83,84,85,86,87,88,89,90,91,92,93,94,95,96,97,98,99,100,101,102,103,104,105,106,107,108,109,110,111,112,113,114,115,116,117,118,119,120,121,122,123,124,125,126,127,128,129,130,131,132,133,134,135,136,137,138,139,140,141,142,143,144,145,146,147,148,149,150,151,152,153,154,155,156,157,158,159,160,161,162,163,164,165,166,167,168,169,170,171,172,173,174,175,176,177,178,179,180,181,182,183,184,185,186,187,188,189,190,191,192,193,194,195,196,197,198,199];False
9904;9520;19424;[26,0,2,3,1,5,30,7,8,9,4,11,12,18,14,15,20,17,16,19,13,6,22,23,24,25,10,27,28,29,21,31,32,33,34,35,36,37,38,39,40,41,42,43,44,45,46,47,48,49,50,51,52,53,54,55,56,57,58,59,60,61,62,63,64,65,66,67,68,69,70,71,72,73,74,75,76,77,78,79,80,81,82,83,84,85,86,87,88,89,90,91,92,93,94,95,96,97,98,99,100,101,102,103,104,105,106,107,108,109,110,111,112,113,114,115,116,117,118,119,120,121,122,123,124,125,126,127,128,129,130,131,132,133,134,135,136,137,138,139,140,141,142,143,144,145,146,147,148,149,150,151,152,153,154,155,156,157,158,159,160,161,162,163,164,165,166,167,168,169,170,171,172,173,174,175,176,177,178,179,180,181,182,183,184,185,186,187,188,189,190,191,192,193,194,195,196,197,198,199];False
10018;9487;19505;[32,0,2,3,1,5,30,7,8,9,4,11,12,18,14,15,20,17,16,19,13,6,22,23,24,25,26,27,28,29,21,31,10,33,34,35,36,37,38,39,40,41,42,43,44,45,46,47,48,49,50,51,52,53,54,55,56,57,58,59,60,61,62,63,64,65,66,67,68,69,70,71,72,73,74,75,76,77,78,79,80,81,82,83,84,85,86,87,88,89,90,91,92,93,94,95,96,97,98,99,100,101,102,103,104,105,106,107,108,109,110,111,112,113,114,115,116,117,118,119,120,121,122,123,124,125,126,127,128,129,130,131,132,133,134,135,136,137,138,139,140,141,142,143,144,145,146,147,148,149,150,151,152,153,154,155,156,157,158,159,160,161,162,163,164,165,166,167,168,169,170,171,172,173,174,175,176,177,178,179,180,181,182,183,184,185,186,187,188,189,190,191,192,193,194,195,196,197,198,199];False
9916;9478;19394;[41,0,2,3,1,5,30,7,8,9,4,11,12,18,14,15,20,17,16,19,13,6,22,23,24,25,26,27,28,29,21,31,32,33,34,35,36,37,38,39,40,10,42,43,44,45,46,47,48,49,50,51,52,53,54,55,56,57,58,59,60,61,62,63,64,65,66,67,68,69,70,71,72,73,74,75,76,77,78,79,80,81,82,83,84,85,86,87,88,89,90,91,92,93,94,95,96,97,98,99,100,101,102,103,104,105,106,107,108,109,110,111,112,113,114,115,116,117,118,119,120,121,122,123,124,125,126,127,128,129,130,131,132,133,134,135,136,137,138,139,140,141,142,143,144,145,146,147,148,149,150,151,152,153,154,155,156,157,158,159,160,161,162,163,164,165,166,167,168,169,170,171,172,173,174,175,176,177,178,179,180,181,182,183,184,185,186,187,188,189,190,191,192,193,194,195,196,197,198,199];False
9690;9577;19267;[0,29,2,3,1,5,18,30,8,9,4,11,12,13,14,15,16,17,10,19,20,41,22,23,24,25,26,27,28,56,21,31,32,33,34,35,36,37,38,39,40,7,42,43,44,45,46,47,48,49,50,51,52,53,54,55,6,57,58,59,60,61,62,63,64,65,66,67,68,69,70,71,72,73,74,75,76,77,78,79,80,81,82,83,84,85,86,87,88,89,90,91,92,93,94,95,96,97,98,99,100,101,102,103,104,105,106,107,108,109,110,111,112,113,114,115,116,117,118,119,120,121,122,123,124,125,126,127,128,129,130,131,132,133,134,135,136,137,138,139,140,141,142,143,144,145,146,147,148,149,150,151,152,153,154,155,156,157,158,159,160,161,162,163,164,165,166,167,168,169,170,171,172,173,174,175,176,177,178,179,180,181,182,183,184,185,186,187,188,189,190,191,192,193,194,195,196,197,198,199];False
9670;9560;19230;[2,0,29,3,1,5,18,30,8,9,4,11,12,13,14,15,16,17,10,19,20,41,22,23,24,25,26,27,28,56,21,31,32,33,34,35,36,37,38,39,40,7,42,43,44,45,46,47,48,49,50,51,52,53,54,55,6,57,58,59,60,61,62,63,64,65,66,67,68,69,70,71,72,73,74,75,76,77,78,79,80,81,82,83,84,85,86,87,88,89,90,91,92,93,94,95,96,97,98,99,100,101,102,103,104,105,106,107,108,109,110,111,112,113,114,115,116,117,118,119,120,121,122,123,124,125,126,127,128,129,130,131,132,133,134,135,136,137,138,139,140,141,142,143,144,145,146,147,148,149,150,151,152,153,154,155,156,157,158,159,160,161,162,163,164,165,166,167,168,169,170,171,172,173,174,175,176,177,178,179,180,181,182,183,184,185,186,187,188,189,190,191,192,193,194,195,196,197,198,199];False
9735;9542;19277;[11,0,2,3,1,5,18,30,8,9,4,29,12,13,14,15,16,17,10,19,20,41,22,23,24,25,26,27,28,56,21,31,32,33,34,35,36,37,38,39,40,7,42,43,44,45,46,47,48,49,50,51,52,53,54,55,6,57,58,59,60,61,62,63,64,65,66,67,68,69,70,71,72,73,74,75,76,77,78,79,80,81,82,83,84,85,86,87,88,89,90,91,92,93,94,95,96,97,98,99,100,101,102,103,104,105,106,107,108,109,110,111,112,113,114,115,116,117,118,119,120,121,122,123,124,125,126,127,128,129,130,131,132,133,134,135,136,137,138,139,140,141,142,143,144,145,146,147,148,149,150,151,152,153,154,155,156,157,158,159,160,161,162,163,164,165,166,167,168,169,170,171,172,173,174,175,176,177,178,179,180,181,182,183,184,185,186,187,188,189,190,191,192,193,194,195,196,197,198,199];False
9735;9524;19259;[13,0,2,3,1,5,18,30,8,9,4,11,12,29,14,15,16,17,10,19,20,41,22,23,24,25,26,27,28,56,21,31,32,33,34,35,36,37,38,39,40,7,42,43,44,45,46,47,48,49,50,51,52,53,54,55,6,57,58,59,60,61,62,63,64,65,66,67,68,69,70,71,72,73,74,75,76,77,78,79,80,81,82,83,84,85,86,87,88,89,90,91,92,93,94,95,96,97,98,99,100,101,102,103,104,105,106,107,108,109,110,111,112,113,114,115,116,117,118,119,120,121,122,123,124,125,126,127,128,129,130,131,132,133,134,135,136,137,138,139,140,141,142,143,144,145,146,147,148,149,150,151,152,153,154,155,156,157,158,159,160,161,162,163,164,165,166,167,168,169,170,171,172,173,174,175,176,177,178,179,180,181,182,183,184,185,186,187,188,189,190,191,192,193,194,195,196,197,198,199];False
10240;9469;19709;[20,0,2,3,1,30,18,7,8,9,49,11,12,4,14,15,16,17,10,19,41,6,22,23,24,25,26,27,28,29,21,31,32,33,34,35,36,37,38,39,40,5,42,43,44,45,46,47,48,13,50,51,52,53,54,55,56,57,58,59,60,61,62,63,64,65,66,67,68,69,70,71,72,73,74,75,76,77,78,79,80,81,82,83,84,85,86,87,88,89,90,91,92,93,94,95,96,97,98,99,100,101,102,103,104,105,106,107,108,109,110,111,112,113,114,115,116,117,118,119,120,121,122,123,124,125,126,127,128,129,130,131,132,133,134,135,136,137,138,139,140,141,142,143,144,145,146,147,148,149,150,151,152,153,154,155,156,157,158,159,160,161,162,163,164,165,166,167,168,169,170,171,172,173,174,175,176,177,178,179,180,181,182,183,184,185,186,187,188,189,190,191,192,193,194,195,196,197,198,199];False
10213;9465;19678;[16,0,2,3,1,30,18,7,8,9,49,11,12,20,14,15,4,17,10,19,41,6,22,23,24,25,26,27,28,29,21,31,32,33,34,35,36,37,38,39,40,5,42,43,44,45,46,47,48,13,50,51,52,53,54,55,56,57,58,59,60,61,62,63,64,65,66,67,68,69,70,71,72,73,74,75,76,77,78,79,80,81,82,83,84,85,86,87,88,89,90,91,92,93,94,95,96,97,98,99,100,101,102,103,104,105,106,107,108,109,110,111,112,113,114,115,116,117,118,119,120,121,122,123,124,125,126,127,128,129,130,131,132,133,134,135,136,137,138,139,140,141,142,143,144,145,146,147,148,149,150,151,152,153,154,155,156,157,158,159,160,161,162,163,164,165,166,167,168,169,170,171,172,173,174,175,176,177,178,179,180,181,182,183,184,185,186,187,188,189,190,191,192,193,194,195,196,197,198,199];False
10124;9471;19595;[17,0,2,3,1,30,18,7,8,9,49,11,12,20,14,15,16,4,10,19,41,6,22,23,24,25,26,27,28,29,21,31,32,33,34,35,36,37,38,39,40,5,42,43,44,45,46,47,48,13,50,51,52,53,54,55,56,57,58,59,60,61,62,63,64,65,66,67,68,69,70,71,72,73,74,75,76,77,78,79,80,81,82,83,84,85,86,87,88,89,90,91,92,93,94,95,96,97,98,99,100,101,102,103,104,105,106,107,108,109,110,111,112,113,114,115,116,117,118,119,120,121,122,123,124,125,126,127,128,129,130,131,132,133,134,135,136,137,138,139,140,141,142,143,144,145,146,147,148,149,150,151,152,153,154,155,156,157,158,159,160,161,162,163,164,165,166,167,168,169,170,171,172,173,174,175,176,177,178,179,180,181,182,183,184,185,186,187,188,189,190,191,192,193,194,195,196,197,198,199];False
9903;9513;19416;[12,0,2,3,1,5,30,7,8,9,4,11,26,18,14,15,20,17,16,19,13,6,22,23,24,25,10,27,28,29,21,31,32,33,34,35,36,37,38,39,40,41,42,43,44,45,46,47,48,49,50,51,52,53,54,55,56,57,58,59,60,61,62,63,64,65,66,67,68,69,70,71,72,73,74,75,76,77,78,79,80,81,82,83,84,85,86,87,88,89,90,91,92,93,94,95,96,97,98,99,100,101,102,103,104,105,106,107,108,109,110,111,112,113,114,115,116,117,118,119,120,121,122,123,124,125,126,127,128,129,130,131,132,133,134,135,136,137,138,139,140,141,142,143,144,145,146,147,148,149,150,151,152,153,154,155,156,157,158,159,160,161,162,163,164,165,166,167,168,169,170,171,172,173,174,175,176,177,178,179,180,181,182,183,184,185,186,187,188,189,190,191,192,193,194,195,196,197,198,199];False
10042;9461;19503;[4,0,2,3,1,5,30,7,8,9,41,11,12,18,14,15,20,17,16,19,13,6,22,23,24,25,26,27,28,29,21,31,32,33,34,35,36,37,38,39,40,10,42,43,44,45,46,47,48,49,50,51,52,53,54,55,56,57,58,59,60,61,62,63,64,65,66,67,68,69,70,71,72,73,74,75,76,77,78,79,80,81,82,83,84,85,86,87,88,89,90,91,92,93,94,95,96,97,98,99,100,101,102,103,104,105,106,107,108,109,110,111,112,113,114,115,116,117,118,119,120,121,122,123,124,125,126,127,128,129,130,131,132,133,134,135,136,137,138,139,140,141,142,143,144,145,146,147,148,149,150,151,152,153,154,155,156,157,158,159,160,161,162,163,164,165,166,167,168,169,170,171,172,173,174,175,176,177,178,179,180,181,182,183,184,185,186,187,188,189,190,191,192,193,194,195,196,197,198,199];False
9904;9499;19403;[16,0,2,3,1,5,30,7,8,9,4,11,12,18,14,15,20,17,41,19,13,6,22,23,24,25,26,27,28,29,21,31,32,33,34,35,36,37,38,39,40,10,42,43,44,45,46,47,48,49,50,51,52,53,54,55,56,57,58,59,60,61,62,63,64,65,66,67,68,69,70,71,72,73,74,75,76,77,78,79,80,81,82,83,84,85,86,87,88,89,90,91,92,93,94,95,96,97,98,99,100,101,102,103,104,105,106,107,108,109,110,111,112,113,114,115,116,117,118,119,120,121,122,123,124,125,126,127,128,129,130,131,132,133,134,135,136,137,138,139,140,141,142,143,144,145,146,147,148,149,150,151,152,153,154,155,156,157,158,159,160,161,162,163,164,165,166,167,168,169,170,171,172,173,174,175,176,177,178,179,180,181,182,183,184,185,186,187,188,189,190,191,192,193,194,195,196,197,198,199];False
10000;9476;19476;[19,0,2,3,1,5,30,7,8,9,4,11,12,18,14,15,20,17,16,41,13,6,22,23,24,25,26,27,28,29,21,31,32,33,34,35,36,37,38,39,40,10,42,43,44,45,46,47,48,49,50,51,52,53,54,55,56,57,58,59,60,61,62,63,64,65,66,67,68,69,70,71,72,73,74,75,76,77,78,79,80,81,82,83,84,85,86,87,88,89,90,91,92,93,94,95,96,97,98,99,100,101,102,103,104,105,106,107,108,109,110,111,112,113,114,115,116,117,118,119,120,121,122,123,124,125,126,127,128,129,130,131,132,133,134,135,136,137,138,139,140,141,142,143,144,145,146,147,148,149,150,151,152,153,154,155,156,157,158,159,160,161,162,163,164,165,166,167,168,169,170,171,172,173,174,175,176,177,178,179,180,181,182,183,184,185,186,187,188,189,190,191,192,193,194,195,196,197,198,199];False
9942;9470;19412;[13,0,2,3,1,5,30,7,8,9,4,11,12,18,14,15,20,17,16,19,41,6,22,23,24,25,26,27,28,29,21,31,32,33,34,35,36,37,38,39,40,10,42,43,44,45,46,47,48,49,50,51,52,53,54,55,56,57,58,59,60,61,62,63,64,65,66,67,68,69,70,71,72,73,74,75,76,77,78,79,80,81,82,83,84,85,86,87,88,89,90,91,92,93,94,95,96,97,98,99,100,101,102,103,104,105,106,107,108,109,110,111,112,113,114,115,116,117,118,119,120,121,122,123,124,125,126,127,128,129,130,131,132,133,134,135,136,137,138,139,140,141,142,143,144,145,146,147,148,149,150,151,152,153,154,155,156,157,158,159,160,161,162,163,164,165,166,167,168,169,170,171,172,173,174,175,176,177,178,179,180,181,182,183,184,185,186,187,188,189,190,191,192,193,194,195,196,197,198,199];False
9832;9523;19355;[26,0,2,3,1,5,30,7,8,9,4,11,12,18,14,15,20,17,16,19,13,6,22,23,24,25,41,27,28,29,21,31,32,33,34,35,36,37,38,39,40,10,42,43,44,45,46,47,48,49,50,51,52,53,54,55,56,57,58,59,60,61,62,63,64,65,66,67,68,69,70,71,72,73,74,75,76,77,78,79,80,81,82,83,84,85,86,87,88,89,90,91,92,93,94,95,96,97,98,99,100,101,102,103,104,105,106,107,108,109,110,111,112,113,114,115,116,117,118,119,120,121,122,123,124,125,126,127,128,129,130,131,132,133,134,135,136,137,138,139,140,141,142,143,144,145,146,147,148,149,150,151,152,153,154,155,156,157,158,159,160,161,162,163,164,165,166,167,168,169,170,171,172,173,174,175,176,177,178,179,180,181,182,183,184,185,186,187,188,189,190,191,192,193,194,195,196,197,198,199];False
9901;9518;19419;[29,0,2,3,1,5,30,7,8,9,4,11,12,18,14,15,20,17,16,19,13,6,22,23,24,25,26,27,28,41,21,31,32,33,34,35,36,37,38,39,40,10,42,43,44,45,46,47,48,49,50,51,52,53,54,55,56,57,58,59,60,61,62,63,64,65,66,67,68,69,70,71,72,73,74,75,76,77,78,79,80,81,82,83,84,85,86,87,88,89,90,91,92,93,94,95,96,97,98,99,100,101,102,103,104,105,106,107,108,109,110,111,112,113,114,115,116,117,118,119,120,121,122,123,124,125,126,127,128,129,130,131,132,133,134,135,136,137,138,139,140,141,142,143,144,145,146,147,148,149,150,151,152,153,154,155,156,157,158,159,160,161,162,163,164,165,166,167,168,169,170,171,172,173,174,175,176,177,178,179,180,181,182,183,184,185,186,187,188,189,190,191,192,193,194,195,196,197,198,199];False
9895;9478;19373;[31,0,2,3,1,5,30,7,8,9,4,11,12,18,14,15,20,17,16,19,13,6,22,23,24,25,26,27,28,29,21,41,32,33,34,35,36,37,38,39,40,10,42,43,44,45,46,47,48,49,50,51,52,53,54,55,56,57,58,59,60,61,62,63,64,65,66,67,68,69,70,71,72,73,74,75,76,77,78,79,80,81,82,83,84,85,86,87,88,89,90,91,92,93,94,95,96,97,98,99,100,101,102,103,104,105,106,107,108,109,110,111,112,113,114,115,116,117,118,119,120,121,122,123,124,125,126,127,128,129,130,131,132,133,134,135,136,137,138,139,140,141,142,143,144,145,146,147,148,149,150,151,152,153,154,155,156,157,158,159,160,161,162,163,164,165,166,167,168,169,170,171,172,173,174,175,176,177,178,179,180,181,182,183,184,185,186,187,188,189,190,191,192,193,194,195,196,197,198,199];False
9647;9570;19217;[1,0,29,3,2,5,18,30,8,9,4,11,12,13,14,15,16,17,10,19,20,41,22,23,24,25,26,27,28,56,21,31,32,33,34,35,36,37,38,39,40,7,42,43,44,45,46,47,48,49,50,51,52,53,54,55,6,57,58,59,60,61,62,63,64,65,66,67,68,69,70,71,72,73,74,75,76,77,78,79,80,81,82,83,84,85,86,87,88,89,90,91,92,93,94,95,96,97,98,99,100,101,102,103,104,105,106,107,108,109,110,111,112,113,114,115,116,117,118,119,120,121,122,123,124,125,126,127,128,129,130,131,132,133,134,135,136,137,138,139,140,141,142,143,144,145,146,147,148,149,150,151,152,153,154,155,156,157,158,159,160,161,162,163,164,165,166,167,168,169,170,171,172,173,174,175,176,177,178,179,180,181,182,183,184,185,186,187,188,189,190,191,192,193,194,195,196,197,198,199];False
9641;9565;19206;[11,0,29,3,1,5,18,30,8,9,4,2,12,13,14,15,16,17,10,19,20,41,22,23,24,25,26,27,28,56,21,31,32,33,34,35,36,37,38,39,40,7,42,43,44,45,46,47,48,49,50,51,52,53,54,55,6,57,58,59,60,61,62,63,64,65,66,67,68,69,70,71,72,73,74,75,76,77,78,79,80,81,82,83,84,85,86,87,88,89,90,91,92,93,94,95,96,97,98,99,100,101,102,103,104,105,106,107,108,109,110,111,112,113,114,115,116,117,118,119,120,121,122,123,124,125,126,127,128,129,130,131,132,133,134,135,136,137,138,139,140,141,142,143,144,145,146,147,148,149,150,151,152,153,154,155,156,157,158,159,160,161,162,163,164,165,166,167,168,169,170,171,172,173,174,175,176,177,178,179,180,181,182,183,184,185,186,187,188,189,190,191,192,193,194,195,196,197,198,199];False
9702;9552;19254;[12,0,29,3,1,5,18,30,8,9,4,11,2,13,14,15,16,17,10,19,20,41,22,23,24,25,26,27,28,56,21,31,32,33,34,35,36,37,38,39,40,7,42,43,44,45,46,47,48,49,50,51,52,53,54,55,6,57,58,59,60,61,62,63,64,65,66,67,68,69,70,71,72,73,74,75,76,77,78,79,80,81,82,83,84,85,86,87,88,89,90,91,92,93,94,95,96,97,98,99,100,101,102,103,104,105,106,107,108,109,110,111,112,113,114,115,116,117,118,119,120,121,122,123,124,125,126,127,128,129,130,131,132,133,134,135,136,137,138,139,140,141,142,143,144,145,146,147,148,149,150,151,152,153,154,155,156,157,158,159,160,161,162,163,164,165,166,167,168,169,170,171,172,173,174,175,176,177,178,179,180,181,182,183,184,185,186,187,188,189,190,191,192,193,194,195,196,197,198,199];False
9644;9538;19182;[13,0,29,3,1,5,18,30,8,9,4,11,12,2,14,15,16,17,10,19,20,41,22,23,24,25,26,27,28,56,21,31,32,33,34,35,36,37,38,39,40,7,42,43,44,45,46,47,48,49,50,51,52,53,54,55,6,57,58,59,60,61,62,63,64,65,66,67,68,69,70,71,72,73,74,75,76,77,78,79,80,81,82,83,84,85,86,87,88,89,90,91,92,93,94,95,96,97,98,99,100,101,102,103,104,105,106,107,108,109,110,111,112,113,114,115,116,117,118,119,120,121,122,123,124,125,126,127,128,129,130,131,132,133,134,135,136,137,138,139,140,141,142,143,144,145,146,147,148,149,150,151,152,153,154,155,156,157,158,159,160,161,162,163,164,165,166,167,168,169,170,171,172,173,174,175,176,177,178,179,180,181,182,183,184,185,186,187,188,189,190,191,192,193,194,195,196,197,198,199];False
9810;9509;19319;[5,0,2,3,1,13,18,30,8,9,4,11,12,29,14,15,16,17,10,19,20,41,22,23,24,25,26,27,28,56,21,31,32,33,34,35,36,37,38,39,40,7,42,43,44,45,46,47,48,49,50,51,52,53,54,55,6,57,58,59,60,61,62,63,64,65,66,67,68,69,70,71,72,73,74,75,76,77,78,79,80,81,82,83,84,85,86,87,88,89,90,91,92,93,94,95,96,97,98,99,100,101,102,103,104,105,106,107,108,109,110,111,112,113,114,115,116,117,118,119,120,121,122,123,124,125,126,127,128,129,130,131,132,133,134,135,136,137,138,139,140,141,142,143,144,145,146,147,148,149,150,151,152,153,154,155,156,157,158,159,160,161,162,163,164,165,166,167,168,169,170,171,172,173,174,175,176,177,178,179,180,181,182,183,184,185,186,187,188,189,190,191,192,193,194,195,196,197,198,199];False
9814;9506;19320;[4,0,2,3,1,5,18,30,8,9,13,11,12,29,14,15,16,17,10,19,20,41,22,23,24,25,26,27,28,56,21,31,32,33,34,35,36,37,38,39,40,7,42,43,44,45,46,47,48,49,50,51,52,53,54,55,6,57,58,59,60,61,62,63,64,65,66,67,68,69,70,71,72,73,74,75,76,77,78,79,80,81,82,83,84,85,86,87,88,89,90,91,92,93,94,95,96,97,98,99,100,101,102,103,104,105,106,107,108,109,110,111,112,113,114,115,116,117,118,119,120,121,122,123,124,125,126,127,128,129,130,131,132,133,134,135,136,137,138,139,140,141,142,143,144,145,146,147,148,149,150,151,152,153,154,155,156,157,158,159,160,161,162,163,164,165,166,167,168,169,170,171,172,173,174,175,176,177,178,179,180,181,182,183,184,185,186,187,188,189,190,191,192,193,194,195,196,197,198,199];False
9716;9535;19251;[17,0,2,3,1,5,18,30,8,9,4,11,12,29,14,15,16,13,10,19,20,41,22,23,24,25,26,27,28,56,21,31,32,33,34,35,36,37,38,39,40,7,42,43,44,45,46,47,48,49,50,51,52,53,54,55,6,57,58,59,60,61,62,63,64,65,66,67,68,69,70,71,72,73,74,75,76,77,78,79,80,81,82,83,84,85,86,87,88,89,90,91,92,93,94,95,96,97,98,99,100,101,102,103,104,105,106,107,108,109,110,111,112,113,114,115,116,117,118,119,120,121,122,123,124,125,126,127,128,129,130,131,132,133,134,135,136,137,138,139,140,141,142,143,144,145,146,147,148,149,150,151,152,153,154,155,156,157,158,159,160,161,162,163,164,165,166,167,168,169,170,171,172,173,174,175,176,177,178,179,180,181,182,183,184,185,186,187,188,189,190,191,192,193,194,195,196,197,198,199];False
9708;9533;19241;[31,0,2,3,1,5,18,30,8,9,4,11,12,29,14,15,16,17,10,19,20,41,22,23,24,25,26,27,28,56,21,13,32,33,34,35,36,37,38,39,40,7,42,43,44,45,46,47,48,49,50,51,52,53,54,55,6,57,58,59,60,61,62,63,64,65,66,67,68,69,70,71,72,73,74,75,76,77,78,79,80,81,82,83,84,85,86,87,88,89,90,91,92,93,94,95,96,97,98,99,100,101,102,103,104,105,106,107,108,109,110,111,112,113,114,115,116,117,118,119,120,121,122,123,124,125,126,127,128,129,130,131,132,133,134,135,136,137,138,139,140,141,142,143,144,145,146,147,148,149,150,151,152,153,154,155,156,157,158,159,160,161,162,163,164,165,166,167,168,169,170,171,172,173,174,175,176,177,178,179,180,181,182,183,184,185,186,187,188,189,190,191,192,193,194,195,196,197,198,199];False
9718;9528;19246;[32,0,2,3,1,5,18,30,8,9,4,11,12,29,14,15,16,17,10,19,20,41,22,23,24,25,26,27,28,56,21,31,13,33,34,35,36,37,38,39,40,7,42,43,44,45,46,47,48,49,50,51,52,53,54,55,6,57,58,59,60,61,62,63,64,65,66,67,68,69,70,71,72,73,74,75,76,77,78,79,80,81,82,83,84,85,86,87,88,89,90,91,92,93,94,95,96,97,98,99,100,101,102,103,104,105,106,107,108,109,110,111,112,113,114,115,116,117,118,119,120,121,122,123,124,125,126,127,128,129,130,131,132,133,134,135,136,137,138,139,140,141,142,143,144,145,146,147,148,149,150,151,152,153,154,155,156,157,158,159,160,161,162,163,164,165,166,167,168,169,170,171,172,173,174,175,176,177,178,179,180,181,182,183,184,185,186,187,188,189,190,191,192,193,194,195,196,197,198,199];False
9765;9520;19285;[34,0,2,3,1,5,18,30,8,9,4,11,12,29,14,15,16,17,10,19,20,41,22,23,24,25,26,27,28,56,21,31,32,33,13,35,36,37,38,39,40,7,42,43,44,45,46,47,48,49,50,51,52,53,54,55,6,57,58,59,60,61,62,63,64,65,66,67,68,69,70,71,72,73,74,75,76,77,78,79,80,81,82,83,84,85,86,87,88,89,90,91,92,93,94,95,96,97,98,99,100,101,102,103,104,105,106,107,108,109,110,111,112,113,114,115,116,117,118,119,120,121,122,123,124,125,126,127,128,129,130,131,132,133,134,135,136,137,138,139,140,141,142,143,144,145,146,147,148,149,150,151,152,153,154,155,156,157,158,159,160,161,162,163,164,165,166,167,168,169,170,171,172,173,174,175,176,177,178,179,180,181,182,183,184,185,186,187,188,189,190,191,192,193,194,195,196,197,198,199];False
9692;9509;19201;[49,0,2,3,1,5,18,30,8,9,4,11,12,29,14,15,16,17,10,19,20,41,22,23,24,25,26,27,28,56,21,31,32,33,34,35,36,37,38,39,40,7,42,43,44,45,46,47,48,13,50,51,52,53,54,55,6,57,58,59,60,61,62,63,64,65,66,67,68,69,70,71,72,73,74,75,76,77,78,79,80,81,82,83,84,85,86,87,88,89,90,91,92,93,94,95,96,97,98,99,100,101,102,103,104,105,106,107,108,109,110,111,112,113,114,115,116,117,118,119,120,121,122,123,124,125,126,127,128,129,130,131,132,133,134,135,136,137,138,139,140,141,142,143,144,145,146,147,148,149,150,151,152,153,154,155,156,157,158,159,160,161,162,163,164,165,166,167,168,169,170,171,172,173,174,175,176,177,178,179,180,181,182,183,184,185,186,187,188,189,190,191,192,193,194,195,196,197,198,199];False
10004;9467;19471;[14,0,2,3,1,5,30,7,8,9,41,11,12,18,4,15,20,17,16,19,13,6,22,23,24,25,26,27,28,29,21,31,32,33,34,35,36,37,38,39,40,10,42,43,44,45,46,47,48,49,50,51,52,53,54,55,56,57,58,59,60,61,62,63,64,65,66,67,68,69,70,71,72,73,74,75,76,77,78,79,80,81,82,83,84,85,86,87,88,89,90,91,92,93,94,95,96,97,98,99,100,101,102,103,104,105,106,107,108,109,110,111,112,113,114,115,116,117,118,119,120,121,122,123,124,125,126,127,128,129,130,131,132,133,134,135,136,137,138,139,140,141,142,143,144,145,146,147,148,149,150,151,152,153,154,155,156,157,158,159,160,161,162,163,164,165,166,167,168,169,170,171,172,173,174,175,176,177,178,179,180,181,182,183,184,185,186,187,188,189,190,191,192,193,194,195,196,197,198,199];False
10117;9457;19574;[16,0,2,3,1,5,30,7,8,9,41,11,12,18,14,15,20,17,4,19,13,6,22,23,24,25,26,27,28,29,21,31,32,33,34,35,36,37,38,39,40,10,42,43,44,45,46,47,48,49,50,51,52,53,54,55,56,57,58,59,60,61,62,63,64,65,66,67,68,69,70,71,72,73,74,75,76,77,78,79,80,81,82,83,84,85,86,87,88,89,90,91,92,93,94,95,96,97,98,99,100,101,102,103,104,105,106,107,108,109,110,111,112,113,114,115,116,117,118,119,120,121,122,123,124,125,126,127,128,129,130,131,132,133,134,135,136,137,138,139,140,141,142,143,144,145,146,147,148,149,150,151,152,153,154,155,156,157,158,159,160,161,162,163,164,165,166,167,168,169,170,171,172,173,174,175,176,177,178,179,180,181,182,183,184,185,186,187,188,189,190,191,192,193,194,195,196,197,198,199];False
10052;9453;19505;[13,0,2,3,1,5,30,7,8,9,41,11,12,18,14,15,20,17,16,19,4,6,22,23,24,25,26,27,28,29,21,31,32,33,34,35,36,37,38,39,40,10,42,43,44,45,46,47,48,49,50,51,52,53,54,55,56,57,58,59,60,61,62,63,64,65,66,67,68,69,70,71,72,73,74,75,76,77,78,79,80,81,82,83,84,85,86,87,88,89,90,91,92,93,94,95,96,97,98,99,100,101,102,103,104,105,106,107,108,109,110,111,112,113,114,115,116,117,118,119,120,121,122,123,124,125,126,127,128,129,130,131,132,133,134,135,136,137,138,139,140,141,142,143,144,145,146,147,148,149,150,151,152,153,154,155,156,157,158,159,160,161,162,163,164,165,166,167,168,169,170,171,172,173,174,175,176,177,178,179,180,181,182,183,184,185,186,187,188,189,190,191,192,193,194,195,196,197,198,199];False
10015;9462;19477;[21,0,2,3,1,5,30,7,8,9,41,11,12,18,14,15,20,17,16,19,13,6,22,23,24,25,26,27,28,29,4,31,32,33,34,35,36,37,38,39,40,10,42,43,44,45,46,47,48,49,50,51,52,53,54,55,56,57,58,59,60,61,62,63,64,65,66,67,68,69,70,71,72,73,74,75,76,77,78,79,80,81,82,83,84,85,86,87,88,89,90,91,92,93,94,95,96,97,98,99,100,101,102,103,104,105,106,107,108,109,110,111,112,113,114,115,116,117,118,119,120,121,122,123,124,125,126,127,128,129,130,131,132,133,134,135,136,137,138,139,140,141,142,143,144,145,146,147,148,149,150,151,152,153,154,155,156,157,158,159,160,161,162,163,164,165,166,167,168,169,170,171,172,173,174,175,176,177,178,179,180,181,182,183,184,185,186,187,188,189,190,191,192,193,194,195,196,197,198,199];False
9975;9464;19439;[32,0,2,3,1,5,30,7,8,9,41,11,12,18,14,15,20,17,16,19,13,6,22,23,24,25,26,27,28,29,21,31,4,33,34,35,36,37,38,39,40,10,42,43,44,45,46,47,48,49,50,51,52,53,54,55,56,57,58,59,60,61,62,63,64,65,66,67,68,69,70,71,72,73,74,75,76,77,78,79,80,81,82,83,84,85,86,87,88,89,90,91,92,93,94,95,96,97,98,99,100,101,102,103,104,105,106,107,108,109,110,111,112,113,114,115,116,117,118,119,120,121,122,123,124,125,126,127,128,129,130,131,132,133,134,135,136,137,138,139,140,141,142,143,144,145,146,147,148,149,150,151,152,153,154,155,156,157,158,159,160,161,162,163,164,165,166,167,168,169,170,171,172,173,174,175,176,177,178,179,180,181,182,183,184,185,186,187,188,189,190,191,192,193,194,195,196,197,198,199];False
10024;9411;19435;[49,0,2,3,1,5,30,7,8,9,41,11,12,18,14,15,20,17,16,19,13,6,22,23,24,25,26,27,28,29,21,31,32,33,34,35,36,37,38,39,40,10,42,43,44,45,46,47,48,4,50,51,52,53,54,55,56,57,58,59,60,61,62,63,64,65,66,67,68,69,70,71,72,73,74,75,76,77,78,79,80,81,82,83,84,85,86,87,88,89,90,91,92,93,94,95,96,97,98,99,100,101,102,103,104,105,106,107,108,109,110,111,112,113,114,115,116,117,118,119,120,121,122,123,124,125,126,127,128,129,130,131,132,133,134,135,136,137,138,139,140,141,142,143,144,145,146,147,148,149,150,151,152,153,154,155,156,157,158,159,160,161,162,163,164,165,166,167,168,169,170,171,172,173,174,175,176,177,178,179,180,181,182,183,184,185,186,187,188,189,190,191,192,193,194,195,196,197,198,199];False
10021;9452;19473;[4,0,2,3,1,5,30,7,8,9,13,11,12,18,14,15,20,17,16,19,41,6,22,23,24,25,26,27,28,29,21,31,32,33,34,35,36,37,38,39,40,10,42,43,44,45,46,47,48,49,50,51,52,53,54,55,56,57,58,59,60,61,62,63,64,65,66,67,68,69,70,71,72,73,74,75,76,77,78,79,80,81,82,83,84,85,86,87,88,89,90,91,92,93,94,95,96,97,98,99,100,101,102,103,104,105,106,107,108,109,110,111,112,113,114,115,116,117,118,119,120,121,122,123,124,125,126,127,128,129,130,131,132,133,134,135,136,137,138,139,140,141,142,143,144,145,146,147,148,149,150,151,152,153,154,155,156,157,158,159,160,161,162,163,164,165,166,167,168,169,170,171,172,173,174,175,176,177,178,179,180,181,182,183,184,185,186,187,188,189,190,191,192,193,194,195,196,197,198,199];False
9925;9474;19399;[32,0,2,3,1,5,30,7,8,9,4,11,12,18,14,15,20,17,16,19,41,6,22,23,24,25,26,27,28,29,21,31,13,33,34,35,36,37,38,39,40,10,42,43,44,45,46,47,48,49,50,51,52,53,54,55,56,57,58,59,60,61,62,63,64,65,66,67,68,69,70,71,72,73,74,75,76,77,78,79,80,81,82,83,84,85,86,87,88,89,90,91,92,93,94,95,96,97,98,99,100,101,102,103,104,105,106,107,108,109,110,111,112,113,114,115,116,117,118,119,120,121,122,123,124,125,126,127,128,129,130,131,132,133,134,135,136,137,138,139,140,141,142,143,144,145,146,147,148,149,150,151,152,153,154,155,156,157,158,159,160,161,162,163,164,165,166,167,168,169,170,171,172,173,174,175,176,177,178,179,180,181,182,183,184,185,186,187,188,189,190,191,192,193,194,195,196,197,198,199];False
9972;9466;19438;[34,0,2,3,1,5,30,7,8,9,4,11,12,18,14,15,20,17,16,19,41,6,22,23,24,25,26,27,28,29,21,31,32,33,13,35,36,37,38,39,40,10,42,43,44,45,46,47,48,49,50,51,52,53,54,55,56,57,58,59,60,61,62,63,64,65,66,67,68,69,70,71,72,73,74,75,76,77,78,79,80,81,82,83,84,85,86,87,88,89,90,91,92,93,94,95,96,97,98,99,100,101,102,103,104,105,106,107,108,109,110,111,112,113,114,115,116,117,118,119,120,121,122,123,124,125,126,127,128,129,130,131,132,133,134,135,136,137,138,139,140,141,142,143,144,145,146,147,148,149,150,151,152,153,154,155,156,157,158,159,160,161,162,163,164,165,166,167,168,169,170,171,172,173,174,175,176,177,178,179,180,181,182,183,184,185,186,187,188,189,190,191,192,193,194,195,196,197,198,199];False
9899;9455;19354;[49,0,2,3,1,5,30,7,8,9,4,11,12,18,14,15,20,17,16,19,41,6,22,23,24,25,26,27,28,29,21,31,32,33,34,35,36,37,38,39,40,10,42,43,44,45,46,47,48,13,50,51,52,53,54,55,56,57,58,59,60,61,62,63,64,65,66,67,68,69,70,71,72,73,74,75,76,77,78,79,80,81,82,83,84,85,86,87,88,89,90,91,92,93,94,95,96,97,98,99,100,101,102,103,104,105,106,107,108,109,110,111,112,113,114,115,116,117,118,119,120,121,122,123,124,125,126,127,128,129,130,131,132,133,134,135,136,137,138,139,140,141,142,143,144,145,146,147,148,149,150,151,152,153,154,155,156,157,158,159,160,161,162,163,164,165,166,167,168,169,170,171,172,173,174,175,176,177,178,179,180,181,182,183,184,185,186,187,188,189,190,191,192,193,194,195,196,197,198,199];False
9893;9495;19388;[8,0,2,3,1,5,30,7,31,9,4,11,12,18,14,15,20,17,16,19,13,6,22,23,24,25,26,27,28,29,21,41,32,33,34,35,36,37,38,39,40,10,42,43,44,45,46,47,48,49,50,51,52,53,54,55,56,57,58,59,60,61,62,63,64,65,66,67,68,69,70,71,72,73,74,75,76,77,78,79,80,81,82,83,84,85,86,87,88,89,90,91,92,93,94,95,96,97,98,99,100,101,102,103,104,105,106,107,108,109,110,111,112,113,114,115,116,117,118,119,120,121,122,123,124,125,126,127,128,129,130,131,132,133,134,135,136,137,138,139,140,141,142,143,144,145,146,147,148,149,150,151,152,153,154,155,156,157,158,159,160,161,162,163,164,165,166,167,168,169,170,171,172,173,174,175,176,177,178,179,180,181,182,183,184,185,186,187,188,189,190,191,192,193,194,195,196,197,198,199];False
9889;9503;19392;[11,0,2,3,1,5,30,7,8,9,4,31,12,18,14,15,20,17,16,19,13,6,22,23,24,25,26,27,28,29,21,41,32,33,34,35,36,37,38,39,40,10,42,43,44,45,46,47,48,49,50,51,52,53,54,55,56,57,58,59,60,61,62,63,64,65,66,67,68,69,70,71,72,73,74,75,76,77,78,79,80,81,82,83,84,85,86,87,88,89,90,91,92,93,94,95,96,97,98,99,100,101,102,103,104,105,106,107,108,109,110,111,112,113,114,115,116,117,118,119,120,121,122,123,124,125,126,127,128,129,130,131,132,133,134,135,136,137,138,139,140,141,142,143,144,145,146,147,148,149,150,151,152,153,154,155,156,157,158,159,160,161,162,163,164,165,166,167,168,169,170,171,172,173,174,175,176,177,178,179,180,181,182,183,184,185,186,187,188,189,190,191,192,193,194,195,196,197,198,199];False
9864;9473;19337;[16,0,2,3,1,5,30,7,8,9,4,11,12,18,14,15,20,17,31,19,13,6,22,23,24,25,26,27,28,29,21,41,32,33,34,35,36,37,38,39,40,10,42,43,44,45,46,47,48,49,50,51,52,53,54,55,56,57,58,59,60,61,62,63,64,65,66,67,68,69,70,71,72,73,74,75,76,77,78,79,80,81,82,83,84,85,86,87,88,89,90,91,92,93,94,95,96,97,98,99,100,101,102,103,104,105,106,107,108,109,110,111,112,113,114,115,116,117,118,119,120,121,122,123,124,125,126,127,128,129,130,131,132,133,134,135,136,137,138,139,140,141,142,143,144,145,146,147,148,149,150,151,152,153,154,155,156,157,158,159,160,161,162,163,164,165,166,167,168,169,170,171,172,173,174,175,176,177,178,179,180,181,182,183,184,185,186,187,188,189,190,191,192,193,194,195,196,197,198,199];False
9663;9536;19199;[29,0,11,3,1,5,18,30,8,9,4,2,12,13,14,15,16,17,10,19,20,41,22,23,24,25,26,27,28,56,21,31,32,33,34,35,36,37,38,39,40,7,42,43,44,45,46,47,48,49,50,51,52,53,54,55,6,57,58,59,60,61,62,63,64,65,66,67,68,69,70,71,72,73,74,75,76,77,78,79,80,81,82,83,84,85,86,87,88,89,90,91,92,93,94,95,96,97,98,99,100,101,102,103,104,105,106,107,108,109,110,111,112,113,114,115,116,117,118,119,120,121,122,123,124,125,126,127,128,129,130,131,132,133,134,135,136,137,138,139,140,141,142,143,144,145,146,147,148,149,150,151,152,153,154,155,156,157,158,159,160,161,162,163,164,165,166,167,168,169,170,171,172,173,174,175,176,177,178,179,180,181,182,183,184,185,186,187,188,189,190,191,192,193,194,195,196,197,198,199];False
9606;9568;19174;[1,0,29,3,11,5,18,30,8,9,4,2,12,13,14,15,16,17,10,19,20,41,22,23,24,25,26,27,28,56,21,31,32,33,34,35,36,37,38,39,40,7,42,43,44,45,46,47,48,49,50,51,52,53,54,55,6,57,58,59,60,61,62,63,64,65,66,67,68,69,70,71,72,73,74,75,76,77,78,79,80,81,82,83,84,85,86,87,88,89,90,91,92,93,94,95,96,97,98,99,100,101,102,103,104,105,106,107,108,109,110,111,112,113,114,115,116,117,118,119,120,121,122,123,124,125,126,127,128,129,130,131,132,133,134,135,136,137,138,139,140,141,142,143,144,145,146,147,148,149,150,151,152,153,154,155,156,157,158,159,160,161,162,163,164,165,166,167,168,169,170,171,172,173,174,175,176,177,178,179,180,181,182,183,184,185,186,187,188,189,190,191,192,193,194,195,196,197,198,199];False
9594;9549;19143;[18,0,29,3,1,5,11,30,8,9,4,2,12,13,14,15,16,17,10,19,20,41,22,23,24,25,26,27,28,56,21,31,32,33,34,35,36,37,38,39,40,7,42,43,44,45,46,47,48,49,50,51,52,53,54,55,6,57,58,59,60,61,62,63,64,65,66,67,68,69,70,71,72,73,74,75,76,77,78,79,80,81,82,83,84,85,86,87,88,89,90,91,92,93,94,95,96,97,98,99,100,101,102,103,104,105,106,107,108,109,110,111,112,113,114,115,116,117,118,119,120,121,122,123,124,125,126,127,128,129,130,131,132,133,134,135,136,137,138,139,140,141,142,143,144,145,146,147,148,149,150,151,152,153,154,155,156,157,158,159,160,161,162,163,164,165,166,167,168,169,170,171,172,173,174,175,176,177,178,179,180,181,182,183,184,185,186,187,188,189,190,191,192,193,194,195,196,197,198,199];False
9570;9552;19122;[12,0,29,3,1,5,18,30,8,9,4,11,13,2,14,15,16,17,10,19,20,41,22,23,24,25,26,27,28,56,21,31,32,33,34,35,36,37,38,39,40,7,42,43,44,45,46,47,48,49,50,51,52,53,54,55,6,57,58,59,60,61,62,63,64,65,66,67,68,69,70,71,72,73,74,75,76,77,78,79,80,81,82,83,84,85,86,87,88,89,90,91,92,93,94,95,96,97,98,99,100,101,102,103,104,105,106,107,108,109,110,111,112,113,114,115,116,117,118,119,120,121,122,123,124,125,126,127,128,129,130,131,132,133,134,135,136,137,138,139,140,141,142,143,144,145,146,147,148,149,150,151,152,153,154,155,156,157,158,159,160,161,162,163,164,165,166,167,168,169,170,171,172,173,174,175,176,177,178,179,180,181,182,183,184,185,186,187,188,189,190,191,192,193,194,195,196,197,198,199];False
9617;9547;19164;[31,0,29,3,1,5,18,30,8,9,4,11,12,2,14,15,16,17,10,19,20,41,22,23,24,25,26,27,28,56,21,13,32,33,34,35,36,37,38,39,40,7,42,43,44,45,46,47,48,49,50,51,52,53,54,55,6,57,58,59,60,61,62,63,64,65,66,67,68,69,70,71,72,73,74,75,76,77,78,79,80,81,82,83,84,85,86,87,88,89,90,91,92,93,94,95,96,97,98,99,100,101,102,103,104,105,106,107,108,109,110,111,112,113,114,115,116,117,118,119,120,121,122,123,124,125,126,127,128,129,130,131,132,133,134,135,136,137,138,139,140,141,142,143,144,145,146,147,148,149,150,151,152,153,154,155,156,157,158,159,160,161,162,163,164,165,166,167,168,169,170,171,172,173,174,175,176,177,178,179,180,181,182,183,184,185,186,187,188,189,190,191,192,193,194,195,196,197,198,199];False
9627;9542;19169;[32,0,29,3,1,5,18,30,8,9,4,11,12,2,14,15,16,17,10,19,20,41,22,23,24,25,26,27,28,56,21,31,13,33,34,35,36,37,38,39,40,7,42,43,44,45,46,47,48,49,50,51,52,53,54,55,6,57,58,59,60,61,62,63,64,65,66,67,68,69,70,71,72,73,74,75,76,77,78,79,80,81,82,83,84,85,86,87,88,89,90,91,92,93,94,95,96,97,98,99,100,101,102,103,104,105,106,107,108,109,110,111,112,113,114,115,116,117,118,119,120,121,122,123,124,125,126,127,128,129,130,131,132,133,134,135,136,137,138,139,140,141,142,143,144,145,146,147,148,149,150,151,152,153,154,155,156,157,158,159,160,161,162,163,164,165,166,167,168,169,170,171,172,173,174,175,176,177,178,179,180,181,182,183,184,185,186,187,188,189,190,191,192,193,194,195,196,197,198,199];False
9674;9534;19208;[34,0,29,3,1,5,18,30,8,9,4,11,12,2,14,15,16,17,10,19,20,41,22,23,24,25,26,27,28,56,21,31,32,33,13,35,36,37,38,39,40,7,42,43,44,45,46,47,48,49,50,51,52,53,54,55,6,57,58,59,60,61,62,63,64,65,66,67,68,69,70,71,72,73,74,75,76,77,78,79,80,81,82,83,84,85,86,87,88,89,90,91,92,93,94,95,96,97,98,99,100,101,102,103,104,105,106,107,108,109,110,111,112,113,114,115,116,117,118,119,120,121,122,123,124,125,126,127,128,129,130,131,132,133,134,135,136,137,138,139,140,141,142,143,144,145,146,147,148,149,150,151,152,153,154,155,156,157,158,159,160,161,162,163,164,165,166,167,168,169,170,171,172,173,174,175,176,177,178,179,180,181,182,183,184,185,186,187,188,189,190,191,192,193,194,195,196,197,198,199];False
9601;9523;19124;[49,0,29,3,1,5,18,30,8,9,4,11,12,2,14,15,16,17,10,19,20,41,22,23,24,25,26,27,28,56,21,31,32,33,34,35,36,37,38,39,40,7,42,43,44,45,46,47,48,13,50,51,52,53,54,55,6,57,58,59,60,61,62,63,64,65,66,67,68,69,70,71,72,73,74,75,76,77,78,79,80,81,82,83,84,85,86,87,88,89,90,91,92,93,94,95,96,97,98,99,100,101,102,103,104,105,106,107,108,109,110,111,112,113,114,115,116,117,118,119,120,121,122,123,124,125,126,127,128,129,130,131,132,133,134,135,136,137,138,139,140,141,142,143,144,145,146,147,148,149,150,151,152,153,154,155,156,157,158,159,160,161,162,163,164,165,166,167,168,169,170,171,172,173,174,175,176,177,178,179,180,181,182,183,184,185,186,187,188,189,190,191,192,193,194,195,196,197,198,199];False
9782;9503;19285;[12,0,2,3,1,5,18,30,8,9,13,11,4,29,14,15,16,17,10,19,20,41,22,23,24,25,26,27,28,56,21,31,32,33,34,35,36,37,38,39,40,7,42,43,44,45,46,47,48,49,50,51,52,53,54,55,6,57,58,59,60,61,62,63,64,65,66,67,68,69,70,71,72,73,74,75,76,77,78,79,80,81,82,83,84,85,86,87,88,89,90,91,92,93,94,95,96,97,98,99,100,101,102,103,104,105,106,107,108,109,110,111,112,113,114,115,116,117,118,119,120,121,122,123,124,125,126,127,128,129,130,131,132,133,134,135,136,137,138,139,140,141,142,143,144,145,146,147,148,149,150,151,152,153,154,155,156,157,158,159,160,161,162,163,164,165,166,167,168,169,170,171,172,173,174,175,176,177,178,179,180,181,182,183,184,185,186,187,188,189,190,191,192,193,194,195,196,197,198,199];False
9732;9498;19230;[5,0,2,3,1,49,18,30,8,9,4,11,12,29,14,15,16,17,10,19,20,41,22,23,24,25,26,27,28,56,21,31,32,33,34,35,36,37,38,39,40,7,42,43,44,45,46,47,48,13,50,51,52,53,54,55,6,57,58,59,60,61,62,63,64,65,66,67,68,69,70,71,72,73,74,75,76,77,78,79,80,81,82,83,84,85,86,87,88,89,90,91,92,93,94,95,96,97,98,99,100,101,102,103,104,105,106,107,108,109,110,111,112,113,114,115,116,117,118,119,120,121,122,123,124,125,126,127,128,129,130,131,132,133,134,135,136,137,138,139,140,141,142,143,144,145,146,147,148,149,150,151,152,153,154,155,156,157,158,159,160,161,162,163,164,165,166,167,168,169,170,171,172,173,174,175,176,177,178,179,180,181,182,183,184,185,186,187,188,189,190,191,192,193,194,195,196,197,198,199];False
9626;9513;19139;[11,0,2,3,1,5,18,30,8,9,4,49,12,29,14,15,16,17,10,19,20,41,22,23,24,25,26,27,28,56,21,31,32,33,34,35,36,37,38,39,40,7,42,43,44,45,46,47,48,13,50,51,52,53,54,55,6,57,58,59,60,61,62,63,64,65,66,67,68,69,70,71,72,73,74,75,76,77,78,79,80,81,82,83,84,85,86,87,88,89,90,91,92,93,94,95,96,97,98,99,100,101,102,103,104,105,106,107,108,109,110,111,112,113,114,115,116,117,118,119,120,121,122,123,124,125,126,127,128,129,130,131,132,133,134,135,136,137,138,139,140,141,142,143,144,145,146,147,148,149,150,151,152,153,154,155,156,157,158,159,160,161,162,163,164,165,166,167,168,169,170,171,172,173,174,175,176,177,178,179,180,181,182,183,184,185,186,187,188,189,190,191,192,193,194,195,196,197,198,199];False
9607;9514;19121;[29,0,2,3,1,5,18,30,8,9,4,11,12,49,14,15,16,17,10,19,20,41,22,23,24,25,26,27,28,56,21,31,32,33,34,35,36,37,38,39,40,7,42,43,44,45,46,47,48,13,50,51,52,53,54,55,6,57,58,59,60,61,62,63,64,65,66,67,68,69,70,71,72,73,74,75,76,77,78,79,80,81,82,83,84,85,86,87,88,89,90,91,92,93,94,95,96,97,98,99,100,101,102,103,104,105,106,107,108,109,110,111,112,113,114,115,116,117,118,119,120,121,122,123,124,125,126,127,128,129,130,131,132,133,134,135,136,137,138,139,140,141,142,143,144,145,146,147,148,149,150,151,152,153,154,155,156,157,158,159,160,161,162,163,164,165,166,167,168,169,170,171,172,173,174,175,176,177,178,179,180,181,182,183,184,185,186,187,188,189,190,191,192,193,194,195,196,197,198,199];False
9723;9504;19227;[20,0,2,3,1,5,18,30,8,9,4,11,12,29,14,15,16,17,10,19,49,41,22,23,24,25,26,27,28,56,21,31,32,33,34,35,36,37,38,39,40,7,42,43,44,45,46,47,48,13,50,51,52,53,54,55,6,57,58,59,60,61,62,63,64,65,66,67,68,69,70,71,72,73,74,75,76,77,78,79,80,81,82,83,84,85,86,87,88,89,90,91,92,93,94,95,96,97,98,99,100,101,102,103,104,105,106,107,108,109,110,111,112,113,114,115,116,117,118,119,120,121,122,123,124,125,126,127,128,129,130,131,132,133,134,135,136,137,138,139,140,141,142,143,144,145,146,147,148,149,150,151,152,153,154,155,156,157,158,159,160,161,162,163,164,165,166,167,168,169,170,171,172,173,174,175,176,177,178,179,180,181,182,183,184,185,186,187,188,189,190,191,192,193,194,195,196,197,198,199];False
9543;9530;19073;[7,0,2,3,1,5,18,30,8,9,4,11,12,29,14,15,16,17,10,19,20,41,22,23,24,25,26,27,28,56,21,31,32,33,34,35,36,37,38,39,40,49,42,43,44,45,46,47,48,13,50,51,52,53,54,55,6,57,58,59,60,61,62,63,64,65,66,67,68,69,70,71,72,73,74,75,76,77,78,79,80,81,82,83,84,85,86,87,88,89,90,91,92,93,94,95,96,97,98,99,100,101,102,103,104,105,106,107,108,109,110,111,112,113,114,115,116,117,118,119,120,121,122,123,124,125,126,127,128,129,130,131,132,133,134,135,136,137,138,139,140,141,142,143,144,145,146,147,148,149,150,151,152,153,154,155,156,157,158,159,160,161,162,163,164,165,166,167,168,169,170,171,172,173,174,175,176,177,178,179,180,181,182,183,184,185,186,187,188,189,190,191,192,193,194,195,196,197,198,199];False
9635;9509;19144;[46,0,2,3,1,5,18,30,8,9,4,11,12,29,14,15,16,17,10,19,20,41,22,23,24,25,26,27,28,56,21,31,32,33,34,35,36,37,38,39,40,7,42,43,44,45,49,47,48,13,50,51,52,53,54,55,6,57,58,59,60,61,62,63,64,65,66,67,68,69,70,71,72,73,74,75,76,77,78,79,80,81,82,83,84,85,86,87,88,89,90,91,92,93,94,95,96,97,98,99,100,101,102,103,104,105,106,107,108,109,110,111,112,113,114,115,116,117,118,119,120,121,122,123,124,125,126,127,128,129,130,131,132,133,134,135,136,137,138,139,140,141,142,143,144,145,146,147,148,149,150,151,152,153,154,155,156,157,158,159,160,161,162,163,164,165,166,167,168,169,170,171,172,173,174,175,176,177,178,179,180,181,182,183,184,185,186,187,188,189,190,191,192,193,194,195,196,197,198,199];False
9999;9453;19452;[0,49,2,3,1,5,30,7,8,9,41,11,12,18,14,15,20,17,16,19,13,6,22,23,24,25,26,27,28,29,21,31,32,33,34,35,36,37,38,39,40,10,42,43,44,45,46,47,48,4,50,51,52,53,54,55,56,57,58,59,60,61,62,63,64,65,66,67,68,69,70,71,72,73,74,75,76,77,78,79,80,81,82,83,84,85,86,87,88,89,90,91,92,93,94,95,96,97,98,99,100,101,102,103,104,105,106,107,108,109,110,111,112,113,114,115,116,117,118,119,120,121,122,123,124,125,126,127,128,129,130,131,132,133,134,135,136,137,138,139,140,141,142,143,144,145,146,147,148,149,150,151,152,153,154,155,156,157,158,159,160,161,162,163,164,165,166,167,168,169,170,171,172,173,174,175,176,177,178,179,180,181,182,183,184,185,186,187,188,189,190,191,192,193,194,195,196,197,198,199];False
10018;9450;19468;[2,0,49,3,1,5,30,7,8,9,41,11,12,18,14,15,20,17,16,19,13,6,22,23,24,25,26,27,28,29,21,31,32,33,34,35,36,37,38,39,40,10,42,43,44,45,46,47,48,4,50,51,52,53,54,55,56,57,58,59,60,61,62,63,64,65,66,67,68,69,70,71,72,73,74,75,76,77,78,79,80,81,82,83,84,85,86,87,88,89,90,91,92,93,94,95,96,97,98,99,100,101,102,103,104,105,106,107,108,109,110,111,112,113,114,115,116,117,118,119,120,121,122,123,124,125,126,127,128,129,130,131,132,133,134,135,136,137,138,139,140,141,142,143,144,145,146,147,148,149,150,151,152,153,154,155,156,157,158,159,160,161,162,163,164,165,166,167,168,169,170,171,172,173,174,175,176,177,178,179,180,181,182,183,184,185,186,187,188,189,190,191,192,193,194,195,196,197,198,199];False
10010;9441;19451;[1,0,2,3,49,5,30,7,8,9,41,11,12,18,14,15,20,17,16,19,13,6,22,23,24,25,26,27,28,29,21,31,32,33,34,35,36,37,38,39,40,10,42,43,44,45,46,47,48,4,50,51,52,53,54,55,56,57,58,59,60,61,62,63,64,65,66,67,68,69,70,71,72,73,74,75,76,77,78,79,80,81,82,83,84,85,86,87,88,89,90,91,92,93,94,95,96,97,98,99,100,101,102,103,104,105,106,107,108,109,110,111,112,113,114,115,116,117,118,119,120,121,122,123,124,125,126,127,128,129,130,131,132,133,134,135,136,137,138,139,140,141,142,143,144,145,146,147,148,149,150,151,152,153,154,155,156,157,158,159,160,161,162,163,164,165,166,167,168,169,170,171,172,173,174,175,176,177,178,179,180,181,182,183,184,185,186,187,188,189,190,191,192,193,194,195,196,197,198,199];False
10130;9405;19535;[5,0,2,3,1,49,30,7,8,9,41,11,12,18,14,15,20,17,16,19,13,6,22,23,24,25,26,27,28,29,21,31,32,33,34,35,36,37,38,39,40,10,42,43,44,45,46,47,48,4,50,51,52,53,54,55,56,57,58,59,60,61,62,63,64,65,66,67,68,69,70,71,72,73,74,75,76,77,78,79,80,81,82,83,84,85,86,87,88,89,90,91,92,93,94,95,96,97,98,99,100,101,102,103,104,105,106,107,108,109,110,111,112,113,114,115,116,117,118,119,120,121,122,123,124,125,126,127,128,129,130,131,132,133,134,135,136,137,138,139,140,141,142,143,144,145,146,147,148,149,150,151,152,153,154,155,156,157,158,159,160,161,162,163,164,165,166,167,168,169,170,171,172,173,174,175,176,177,178,179,180,181,182,183,184,185,186,187,188,189,190,191,192,193,194,195,196,197,198,199];False
9975;9418;19393;[41,0,2,3,1,5,30,7,8,9,49,11,12,18,14,15,20,17,16,19,13,6,22,23,24,25,26,27,28,29,21,31,32,33,34,35,36,37,38,39,40,10,42,43,44,45,46,47,48,4,50,51,52,53,54,55,56,57,58,59,60,61,62,63,64,65,66,67,68,69,70,71,72,73,74,75,76,77,78,79,80,81,82,83,84,85,86,87,88,89,90,91,92,93,94,95,96,97,98,99,100,101,102,103,104,105,106,107,108,109,110,111,112,113,114,115,116,117,118,119,120,121,122,123,124,125,126,127,128,129,130,131,132,133,134,135,136,137,138,139,140,141,142,143,144,145,146,147,148,149,150,151,152,153,154,155,156,157,158,159,160,161,162,163,164,165,166,167,168,169,170,171,172,173,174,175,176,177,178,179,180,181,182,183,184,185,186,187,188,189,190,191,192,193,194,195,196,197,198,199];False
9881;9415;19296;[11,0,2,3,1,5,30,7,8,9,41,49,12,18,14,15,20,17,16,19,13,6,22,23,24,25,26,27,28,29,21,31,32,33,34,35,36,37,38,39,40,10,42,43,44,45,46,47,48,4,50,51,52,53,54,55,56,57,58,59,60,61,62,63,64,65,66,67,68,69,70,71,72,73,74,75,76,77,78,79,80,81,82,83,84,85,86,87,88,89,90,91,92,93,94,95,96,97,98,99,100,101,102,103,104,105,106,107,108,109,110,111,112,113,114,115,116,117,118,119,120,121,122,123,124,125,126,127,128,129,130,131,132,133,134,135,136,137,138,139,140,141,142,143,144,145,146,147,148,149,150,151,152,153,154,155,156,157,158,159,160,161,162,163,164,165,166,167,168,169,170,171,172,173,174,175,176,177,178,179,180,181,182,183,184,185,186,187,188,189,190,191,192,193,194,195,196,197,198,199];False
10010;9413;19423;[18,0,2,3,1,5,30,7,8,9,41,11,12,49,14,15,20,17,16,19,13,6,22,23,24,25,26,27,28,29,21,31,32,33,34,35,36,37,38,39,40,10,42,43,44,45,46,47,48,4,50,51,52,53,54,55,56,57,58,59,60,61,62,63,64,65,66,67,68,69,70,71,72,73,74,75,76,77,78,79,80,81,82,83,84,85,86,87,88,89,90,91,92,93,94,95,96,97,98,99,100,101,102,103,104,105,106,107,108,109,110,111,112,113,114,115,116,117,118,119,120,121,122,123,124,125,126,127,128,129,130,131,132,133,134,135,136,137,138,139,140,141,142,143,144,145,146,147,148,149,150,151,152,153,154,155,156,157,158,159,160,161,162,163,164,165,166,167,168,169,170,171,172,173,174,175,176,177,178,179,180,181,182,183,184,185,186,187,188,189,190,191,192,193,194,195,196,197,198,199];False
9967;9411;19378;[46,0,2,3,1,5,30,7,8,9,41,11,12,18,14,15,20,17,16,19,13,6,22,23,24,25,26,27,28,29,21,31,32,33,34,35,36,37,38,39,40,10,42,43,44,45,49,47,48,4,50,51,52,53,54,55,56,57,58,59,60,61,62,63,64,65,66,67,68,69,70,71,72,73,74,75,76,77,78,79,80,81,82,83,84,85,86,87,88,89,90,91,92,93,94,95,96,97,98,99,100,101,102,103,104,105,106,107,108,109,110,111,112,113,114,115,116,117,118,119,120,121,122,123,124,125,126,127,128,129,130,131,132,133,134,135,136,137,138,139,140,141,142,143,144,145,146,147,148,149,150,151,152,153,154,155,156,157,158,159,160,161,162,163,164,165,166,167,168,169,170,171,172,173,174,175,176,177,178,179,180,181,182,183,184,185,186,187,188,189,190,191,192,193,194,195,196,197,198,199];False
9873;9471;19344;[18,0,2,3,1,5,30,7,8,9,4,11,12,16,14,15,20,17,31,19,13,6,22,23,24,25,26,27,28,29,21,41,32,33,34,35,36,37,38,39,40,10,42,43,44,45,46,47,48,49,50,51,52,53,54,55,56,57,58,59,60,61,62,63,64,65,66,67,68,69,70,71,72,73,74,75,76,77,78,79,80,81,82,83,84,85,86,87,88,89,90,91,92,93,94,95,96,97,98,99,100,101,102,103,104,105,106,107,108,109,110,111,112,113,114,115,116,117,118,119,120,121,122,123,124,125,126,127,128,129,130,131,132,133,134,135,136,137,138,139,140,141,142,143,144,145,146,147,148,149,150,151,152,153,154,155,156,157,158,159,160,161,162,163,164,165,166,167,168,169,170,171,172,173,174,175,176,177,178,179,180,181,182,183,184,185,186,187,188,189,190,191,192,193,194,195,196,197,198,199];False
9855;9486;19341;[27,0,2,3,1,5,30,7,8,9,4,11,12,18,14,15,20,17,31,19,13,6,22,23,24,25,26,16,28,29,21,41,32,33,34,35,36,37,38,39,40,10,42,43,44,45,46,47,48,49,50,51,52,53,54,55,56,57,58,59,60,61,62,63,64,65,66,67,68,69,70,71,72,73,74,75,76,77,78,79,80,81,82,83,84,85,86,87,88,89,90,91,92,93,94,95,96,97,98,99,100,101,102,103,104,105,106,107,108,109,110,111,112,113,114,115,116,117,118,119,120,121,122,123,124,125,126,127,128,129,130,131,132,133,134,135,136,137,138,139,140,141,142,143,144,145,146,147,148,149,150,151,152,153,154,155,156,157,158,159,160,161,162,163,164,165,166,167,168,169,170,171,172,173,174,175,176,177,178,179,180,181,182,183,184,185,186,187,188,189,190,191,192,193,194,195,196,197,198,199];False
9783;9486;19269;[28,0,2,3,1,5,30,7,8,9,4,11,12,18,14,15,20,17,31,19,13,6,22,23,24,25,26,27,16,29,21,41,32,33,34,35,36,37,38,39,40,10,42,43,44,45,46,47,48,49,50,51,52,53,54,55,56,57,58,59,60,61,62,63,64,65,66,67,68,69,70,71,72,73,74,75,76,77,78,79,80,81,82,83,84,85,86,87,88,89,90,91,92,93,94,95,96,97,98,99,100,101,102,103,104,105,106,107,108,109,110,111,112,113,114,115,116,117,118,119,120,121,122,123,124,125,126,127,128,129,130,131,132,133,134,135,136,137,138,139,140,141,142,143,144,145,146,147,148,149,150,151,152,153,154,155,156,157,158,159,160,161,162,163,164,165,166,167,168,169,170,171,172,173,174,175,176,177,178,179,180,181,182,183,184,185,186,187,188,189,190,191,192,193,194,195,196,197,198,199];False
9771;9494;19265;[29,0,2,3,1,5,30,7,8,9,4,11,12,18,14,15,20,17,31,19,13,6,22,23,24,25,26,27,28,16,21,41,32,33,34,35,36,37,38,39,40,10,42,43,44,45,46,47,48,49,50,51,52,53,54,55,56,57,58,59,60,61,62,63,64,65,66,67,68,69,70,71,72,73,74,75,76,77,78,79,80,81,82,83,84,85,86,87,88,89,90,91,92,93,94,95,96,97,98,99,100,101,102,103,104,105,106,107,108,109,110,111,112,113,114,115,116,117,118,119,120,121,122,123,124,125,126,127,128,129,130,131,132,133,134,135,136,137,138,139,140,141,142,143,144,145,146,147,148,149,150,151,152,153,154,155,156,157,158,159,160,161,162,163,164,165,166,167,168,169,170,171,172,173,174,175,176,177,178,179,180,181,182,183,184,185,186,187,188,189,190,191,192,193,194,195,196,197,198,199];False
9830;9471;19301;[21,0,2,3,1,5,30,7,8,9,4,11,12,18,14,15,20,17,31,19,13,6,22,23,24,25,26,27,28,29,16,41,32,33,34,35,36,37,38,39,40,10,42,43,44,45,46,47,48,49,50,51,52,53,54,55,56,57,58,59,60,61,62,63,64,65,66,67,68,69,70,71,72,73,74,75,76,77,78,79,80,81,82,83,84,85,86,87,88,89,90,91,92,93,94,95,96,97,98,99,100,101,102,103,104,105,106,107,108,109,110,111,112,113,114,115,116,117,118,119,120,121,122,123,124,125,126,127,128,129,130,131,132,133,134,135,136,137,138,139,140,141,142,143,144,145,146,147,148,149,150,151,152,153,154,155,156,157,158,159,160,161,162,163,164,165,166,167,168,169,170,171,172,173,174,175,176,177,178,179,180,181,182,183,184,185,186,187,188,189,190,191,192,193,194,195,196,197,198,199];False
9535;9527;19062;[11,0,29,3,1,5,18,30,8,9,4,49,12,2,14,15,16,17,10,19,20,41,22,23,24,25,26,27,28,56,21,31,32,33,34,35,36,37,38,39,40,7,42,43,44,45,46,47,48,13,50,51,52,53,54,55,6,57,58,59,60,61,62,63,64,65,66,67,68,69,70,71,72,73,74,75,76,77,78,79,80,81,82,83,84,85,86,87,88,89,90,91,92,93,94,95,96,97,98,99,100,101,102,103,104,105,106,107,108,109,110,111,112,113,114,115,116,117,118,119,120,121,122,123,124,125,126,127,128,129,130,131,132,133,134,135,136,137,138,139,140,141,142,143,144,145,146,147,148,149,150,151,152,153,154,155,156,157,158,159,160,161,162,163,164,165,166,167,168,169,170,171,172,173,174,175,176,177,178,179,180,181,182,183,184,185,186,187,188,189,190,191,192,193,194,195,196,197,198,199];False
9530;9545;19075;[2,0,29,3,1,5,18,30,8,9,4,11,12,49,14,15,16,17,10,19,20,41,22,23,24,25,26,27,28,56,21,31,32,33,34,35,36,37,38,39,40,7,42,43,44,45,46,47,48,13,50,51,52,53,54,55,6,57,58,59,60,61,62,63,64,65,66,67,68,69,70,71,72,73,74,75,76,77,78,79,80,81,82,83,84,85,86,87,88,89,90,91,92,93,94,95,96,97,98,99,100,101,102,103,104,105,106,107,108,109,110,111,112,113,114,115,116,117,118,119,120,121,122,123,124,125,126,127,128,129,130,131,132,133,134,135,136,137,138,139,140,141,142,143,144,145,146,147,148,149,150,151,152,153,154,155,156,157,158,159,160,161,162,163,164,165,166,167,168,169,170,171,172,173,174,175,176,177,178,179,180,181,182,183,184,185,186,187,188,189,190,191,192,193,194,195,196,197,198,199];False
9523;9581;19104;[33,0,29,3,1,5,18,30,8,9,4,11,12,2,14,15,16,17,10,19,20,41,22,23,24,25,26,27,28,56,21,31,32,49,34,35,36,37,38,39,40,7,42,43,44,45,46,47,48,13,50,51,52,53,54,55,6,57,58,59,60,61,62,63,64,65,66,67,68,69,70,71,72,73,74,75,76,77,78,79,80,81,82,83,84,85,86,87,88,89,90,91,92,93,94,95,96,97,98,99,100,101,102,103,104,105,106,107,108,109,110,111,112,113,114,115,116,117,118,119,120,121,122,123,124,125,126,127,128,129,130,131,132,133,134,135,136,137,138,139,140,141,142,143,144,145,146,147,148,149,150,151,152,153,154,155,156,157,158,159,160,161,162,163,164,165,166,167,168,169,170,171,172,173,174,175,176,177,178,179,180,181,182,183,184,185,186,187,188,189,190,191,192,193,194,195,196,197,198,199];False
9452;9544;18996;[7,0,29,3,1,5,18,30,8,9,4,11,12,2,14,15,16,17,10,19,20,41,22,23,24,25,26,27,28,56,21,31,32,33,34,35,36,37,38,39,40,49,42,43,44,45,46,47,48,13,50,51,52,53,54,55,6,57,58,59,60,61,62,63,64,65,66,67,68,69,70,71,72,73,74,75,76,77,78,79,80,81,82,83,84,85,86,87,88,89,90,91,92,93,94,95,96,97,98,99,100,101,102,103,104,105,106,107,108,109,110,111,112,113,114,115,116,117,118,119,120,121,122,123,124,125,126,127,128,129,130,131,132,133,134,135,136,137,138,139,140,141,142,143,144,145,146,147,148,149,150,151,152,153,154,155,156,157,158,159,160,161,162,163,164,165,166,167,168,169,170,171,172,173,174,175,176,177,178,179,180,181,182,183,184,185,186,187,188,189,190,191,192,193,194,195,196,197,198,199];False
9510;9540;19050;[43,0,29,3,1,5,18,30,8,9,4,11,12,2,14,15,16,17,10,19,20,41,22,23,24,25,26,27,28,56,21,31,32,33,34,35,36,37,38,39,40,7,42,49,44,45,46,47,48,13,50,51,52,53,54,55,6,57,58,59,60,61,62,63,64,65,66,67,68,69,70,71,72,73,74,75,76,77,78,79,80,81,82,83,84,85,86,87,88,89,90,91,92,93,94,95,96,97,98,99,100,101,102,103,104,105,106,107,108,109,110,111,112,113,114,115,116,117,118,119,120,121,122,123,124,125,126,127,128,129,130,131,132,133,134,135,136,137,138,139,140,141,142,143,144,145,146,147,148,149,150,151,152,153,154,155,156,157,158,159,160,161,162,163,164,165,166,167,168,169,170,171,172,173,174,175,176,177,178,179,180,181,182,183,184,185,186,187,188,189,190,191,192,193,194,195,196,197,198,199];False
9525;9531;19056;[44,0,29,3,1,5,18,30,8,9,4,11,12,2,14,15,16,17,10,19,20,41,22,23,24,25,26,27,28,56,21,31,32,33,34,35,36,37,38,39,40,7,42,43,49,45,46,47,48,13,50,51,52,53,54,55,6,57,58,59,60,61,62,63,64,65,66,67,68,69,70,71,72,73,74,75,76,77,78,79,80,81,82,83,84,85,86,87,88,89,90,91,92,93,94,95,96,97,98,99,100,101,102,103,104,105,106,107,108,109,110,111,112,113,114,115,116,117,118,119,120,121,122,123,124,125,126,127,128,129,130,131,132,133,134,135,136,137,138,139,140,141,142,143,144,145,146,147,148,149,150,151,152,153,154,155,156,157,158,159,160,161,162,163,164,165,166,167,168,169,170,171,172,173,174,175,176,177,178,179,180,181,182,183,184,185,186,187,188,189,190,191,192,193,194,195,196,197,198,199];False
9544;9523;19067;[46,0,29,3,1,5,18,30,8,9,4,11,12,2,14,15,16,17,10,19,20,41,22,23,24,25,26,27,28,56,21,31,32,33,34,35,36,37,38,39,40,7,42,43,44,45,49,47,48,13,50,51,52,53,54,55,6,57,58,59,60,61,62,63,64,65,66,67,68,69,70,71,72,73,74,75,76,77,78,79,80,81,82,83,84,85,86,87,88,89,90,91,92,93,94,95,96,97,98,99,100,101,102,103,104,105,106,107,108,109,110,111,112,113,114,115,116,117,118,119,120,121,122,123,124,125,126,127,128,129,130,131,132,133,134,135,136,137,138,139,140,141,142,143,144,145,146,147,148,149,150,151,152,153,154,155,156,157,158,159,160,161,162,163,164,165,166,167,168,169,170,171,172,173,174,175,176,177,178,179,180,181,182,183,184,185,186,187,188,189,190,191,192,193,194,195,196,197,198,199];False
9702;9505;19207;[11,0,2,3,1,49,18,30,8,9,4,5,12,29,14,15,16,17,10,19,20,41,22,23,24,25,26,27,28,56,21,31,32,33,34,35,36,37,38,39,40,7,42,43,44,45,46,47,48,13,50,51,52,53,54,55,6,57,58,59,60,61,62,63,64,65,66,67,68,69,70,71,72,73,74,75,76,77,78,79,80,81,82,83,84,85,86,87,88,89,90,91,92,93,94,95,96,97,98,99,100,101,102,103,104,105,106,107,108,109,110,111,112,113,114,115,116,117,118,119,120,121,122,123,124,125,126,127,128,129,130,131,132,133,134,135,136,137,138,139,140,141,142,143,144,145,146,147,148,149,150,151,152,153,154,155,156,157,158,159,160,161,162,163,164,165,166,167,168,169,170,171,172,173,174,175,176,177,178,179,180,181,182,183,184,185,186,187,188,189,190,191,192,193,194,195,196,197,198,199];False
9700;9502;19202;[20,0,2,3,1,49,18,30,8,9,4,11,12,29,14,15,16,17,10,19,5,41,22,23,24,25,26,27,28,56,21,31,32,33,34,35,36,37,38,39,40,7,42,43,44,45,46,47,48,13,50,51,52,53,54,55,6,57,58,59,60,61,62,63,64,65,66,67,68,69,70,71,72,73,74,75,76,77,78,79,80,81,82,83,84,85,86,87,88,89,90,91,92,93,94,95,96,97,98,99,100,101,102,103,104,105,106,107,108,109,110,111,112,113,114,115,116,117,118,119,120,121,122,123,124,125,126,127,128,129,130,131,132,133,134,135,136,137,138,139,140,141,142,143,144,145,146,147,148,149,150,151,152,153,154,155,156,157,158,159,160,161,162,163,164,165,166,167,168,169,170,171,172,173,174,175,176,177,178,179,180,181,182,183,184,185,186,187,188,189,190,191,192,193,194,195,196,197,198,199];False
9697;9504;19201;[42,0,2,3,1,49,18,30,8,9,4,11,12,29,14,15,16,17,10,19,20,41,22,23,24,25,26,27,28,56,21,31,32,33,34,35,36,37,38,39,40,7,5,43,44,45,46,47,48,13,50,51,52,53,54,55,6,57,58,59,60,61,62,63,64,65,66,67,68,69,70,71,72,73,74,75,76,77,78,79,80,81,82,83,84,85,86,87,88,89,90,91,92,93,94,95,96,97,98,99,100,101,102,103,104,105,106,107,108,109,110,111,112,113,114,115,116,117,118,119,120,121,122,123,124,125,126,127,128,129,130,131,132,133,134,135,136,137,138,139,140,141,142,143,144,145,146,147,148,149,150,151,152,153,154,155,156,157,158,159,160,161,162,163,164,165,166,167,168,169,170,171,172,173,174,175,176,177,178,179,180,181,182,183,184,185,186,187,188,189,190,191,192,193,194,195,196,197,198,199];False
9747;9492;19239;[46,0,2,3,1,49,18,30,8,9,4,11,12,29,14,15,16,17,10,19,20,41,22,23,24,25,26,27,28,56,21,31,32,33,34,35,36,37,38,39,40,7,42,43,44,45,5,47,48,13,50,51,52,53,54,55,6,57,58,59,60,61,62,63,64,65,66,67,68,69,70,71,72,73,74,75,76,77,78,79,80,81,82,83,84,85,86,87,88,89,90,91,92,93,94,95,96,97,98,99,100,101,102,103,104,105,106,107,108,109,110,111,112,113,114,115,116,117,118,119,120,121,122,123,124,125,126,127,128,129,130,131,132,133,134,135,136,137,138,139,140,141,142,143,144,145,146,147,148,149,150,151,152,153,154,155,156,157,158,159,160,161,162,163,164,165,166,167,168,169,170,171,172,173,174,175,176,177,178,179,180,181,182,183,184,185,186,187,188,189,190,191,192,193,194,195,196,197,198,199];False
9670;9508;19178;[51,0,2,3,1,49,18,30,8,9,4,11,12,29,14,15,16,17,10,19,20,41,22,23,24,25,26,27,28,56,21,31,32,33,34,35,36,37,38,39,40,7,42,43,44,45,46,47,48,13,50,5,52,53,54,55,6,57,58,59,60,61,62,63,64,65,66,67,68,69,70,71,72,73,74,75,76,77,78,79,80,81,82,83,84,85,86,87,88,89,90,91,92,93,94,95,96,97,98,99,100,101,102,103,104,105,106,107,108,109,110,111,112,113,114,115,116,117,118,119,120,121,122,123,124,125,126,127,128,129,130,131,132,133,134,135,136,137,138,139,140,141,142,143,144,145,146,147,148,149,150,151,152,153,154,155,156,157,158,159,160,161,162,163,164,165,166,167,168,169,170,171,172,173,174,175,176,177,178,179,180,181,182,183,184,185,186,187,188,189,190,191,192,193,194,195,196,197,198,199];False
9732;9479;19211;[53,0,2,3,1,49,18,30,8,9,4,11,12,29,14,15,16,17,10,19,20,41,22,23,24,25,26,27,28,56,21,31,32,33,34,35,36,37,38,39,40,7,42,43,44,45,46,47,48,13,50,51,52,5,54,55,6,57,58,59,60,61,62,63,64,65,66,67,68,69,70,71,72,73,74,75,76,77,78,79,80,81,82,83,84,85,86,87,88,89,90,91,92,93,94,95,96,97,98,99,100,101,102,103,104,105,106,107,108,109,110,111,112,113,114,115,116,117,118,119,120,121,122,123,124,125,126,127,128,129,130,131,132,133,134,135,136,137,138,139,140,141,142,143,144,145,146,147,148,149,150,151,152,153,154,155,156,157,158,159,160,161,162,163,164,165,166,167,168,169,170,171,172,173,174,175,176,177,178,179,180,181,182,183,184,185,186,187,188,189,190,191,192,193,194,195,196,197,198,199];False
9571;9515;19086;[2,0,11,3,1,5,18,30,8,9,4,49,12,29,14,15,16,17,10,19,20,41,22,23,24,25,26,27,28,56,21,31,32,33,34,35,36,37,38,39,40,7,42,43,44,45,46,47,48,13,50,51,52,53,54,55,6,57,58,59,60,61,62,63,64,65,66,67,68,69,70,71,72,73,74,75,76,77,78,79,80,81,82,83,84,85,86,87,88,89,90,91,92,93,94,95,96,97,98,99,100,101,102,103,104,105,106,107,108,109,110,111,112,113,114,115,116,117,118,119,120,121,122,123,124,125,126,127,128,129,130,131,132,133,134,135,136,137,138,139,140,141,142,143,144,145,146,147,148,149,150,151,152,153,154,155,156,157,158,159,160,161,162,163,164,165,166,167,168,169,170,171,172,173,174,175,176,177,178,179,180,181,182,183,184,185,186,187,188,189,190,191,192,193,194,195,196,197,198,199];False
9660;9502;19162;[3,0,2,11,1,5,18,30,8,9,4,49,12,29,14,15,16,17,10,19,20,41,22,23,24,25,26,27,28,56,21,31,32,33,34,35,36,37,38,39,40,7,42,43,44,45,46,47,48,13,50,51,52,53,54,55,6,57,58,59,60,61,62,63,64,65,66,67,68,69,70,71,72,73,74,75,76,77,78,79,80,81,82,83,84,85,86,87,88,89,90,91,92,93,94,95,96,97,98,99,100,101,102,103,104,105,106,107,108,109,110,111,112,113,114,115,116,117,118,119,120,121,122,123,124,125,126,127,128,129,130,131,132,133,134,135,136,137,138,139,140,141,142,143,144,145,146,147,148,149,150,151,152,153,154,155,156,157,158,159,160,161,162,163,164,165,166,167,168,169,170,171,172,173,174,175,176,177,178,179,180,181,182,183,184,185,186,187,188,189,190,191,192,193,194,195,196,197,198,199];False
9630;9488;19118;[5,0,2,3,1,11,18,30,8,9,4,49,12,29,14,15,16,17,10,19,20,41,22,23,24,25,26,27,28,56,21,31,32,33,34,35,36,37,38,39,40,7,42,43,44,45,46,47,48,13,50,51,52,53,54,55,6,57,58,59,60,61,62,63,64,65,66,67,68,69,70,71,72,73,74,75,76,77,78,79,80,81,82,83,84,85,86,87,88,89,90,91,92,93,94,95,96,97,98,99,100,101,102,103,104,105,106,107,108,109,110,111,112,113,114,115,116,117,118,119,120,121,122,123,124,125,126,127,128,129,130,131,132,133,134,135,136,137,138,139,140,141,142,143,144,145,146,147,148,149,150,151,152,153,154,155,156,157,158,159,160,161,162,163,164,165,166,167,168,169,170,171,172,173,174,175,176,177,178,179,180,181,182,183,184,185,186,187,188,189,190,191,192,193,194,195,196,197,198,199];False
9579;9497;19076;[18,0,2,3,1,5,11,30,8,9,4,49,12,29,14,15,16,17,10,19,20,41,22,23,24,25,26,27,28,56,21,31,32,33,34,35,36,37,38,39,40,7,42,43,44,45,46,47,48,13,50,51,52,53,54,55,6,57,58,59,60,61,62,63,64,65,66,67,68,69,70,71,72,73,74,75,76,77,78,79,80,81,82,83,84,85,86,87,88,89,90,91,92,93,94,95,96,97,98,99,100,101,102,103,104,105,106,107,108,109,110,111,112,113,114,115,116,117,118,119,120,121,122,123,124,125,126,127,128,129,130,131,132,133,134,135,136,137,138,139,140,141,142,143,144,145,146,147,148,149,150,151,152,153,154,155,156,157,158,159,160,161,162,163,164,165,166,167,168,169,170,171,172,173,174,175,176,177,178,179,180,181,182,183,184,185,186,187,188,189,190,191,192,193,194,195,196,197,198,199];False
10145;9399;19544;[46,0,2,3,1,49,30,7,8,9,41,11,12,18,14,15,20,17,16,19,13,6,22,23,24,25,26,27,28,29,21,31,32,33,34,35,36,37,38,39,40,10,42,43,44,45,5,47,48,4,50,51,52,53,54,55,56,57,58,59,60,61,62,63,64,65,66,67,68,69,70,71,72,73,74,75,76,77,78,79,80,81,82,83,84,85,86,87,88,89,90,91,92,93,94,95,96,97,98,99,100,101,102,103,104,105,106,107,108,109,110,111,112,113,114,115,116,117,118,119,120,121,122,123,124,125,126,127,128,129,130,131,132,133,134,135,136,137,138,139,140,141,142,143,144,145,146,147,148,149,150,151,152,153,154,155,156,157,158,159,160,161,162,163,164,165,166,167,168,169,170,171,172,173,174,175,176,177,178,179,180,181,182,183,184,185,186,187,188,189,190,191,192,193,194,195,196,197,198,199];False
10130;9386;19516;[53,0,2,3,1,49,30,7,8,9,41,11,12,18,14,15,20,17,16,19,13,6,22,23,24,25,26,27,28,29,21,31,32,33,34,35,36,37,38,39,40,10,42,43,44,45,46,47,48,4,50,51,52,5,54,55,56,57,58,59,60,61,62,63,64,65,66,67,68,69,70,71,72,73,74,75,76,77,78,79,80,81,82,83,84,85,86,87,88,89,90,91,92,93,94,95,96,97,98,99,100,101,102,103,104,105,106,107,108,109,110,111,112,113,114,115,116,117,118,119,120,121,122,123,124,125,126,127,128,129,130,131,132,133,134,135,136,137,138,139,140,141,142,143,144,145,146,147,148,149,150,151,152,153,154,155,156,157,158,159,160,161,162,163,164,165,166,167,168,169,170,171,172,173,174,175,176,177,178,179,180,181,182,183,184,185,186,187,188,189,190,191,192,193,194,195,196,197,198,199];False
9826;9417;19243;[2,0,11,3,1,5,30,7,8,9,41,49,12,18,14,15,20,17,16,19,13,6,22,23,24,25,26,27,28,29,21,31,32,33,34,35,36,37,38,39,40,10,42,43,44,45,46,47,48,4,50,51,52,53,54,55,56,57,58,59,60,61,62,63,64,65,66,67,68,69,70,71,72,73,74,75,76,77,78,79,80,81,82,83,84,85,86,87,88,89,90,91,92,93,94,95,96,97,98,99,100,101,102,103,104,105,106,107,108,109,110,111,112,113,114,115,116,117,118,119,120,121,122,123,124,125,126,127,128,129,130,131,132,133,134,135,136,137,138,139,140,141,142,143,144,145,146,147,148,149,150,151,152,153,154,155,156,157,158,159,160,161,162,163,164,165,166,167,168,169,170,171,172,173,174,175,176,177,178,179,180,181,182,183,184,185,186,187,188,189,190,191,192,193,194,195,196,197,198,199];False
9915;9404;19319;[3,0,2,11,1,5,30,7,8,9,41,49,12,18,14,15,20,17,16,19,13,6,22,23,24,25,26,27,28,29,21,31,32,33,34,35,36,37,38,39,40,10,42,43,44,45,46,47,48,4,50,51,52,53,54,55,56,57,58,59,60,61,62,63,64,65,66,67,68,69,70,71,72,73,74,75,76,77,78,79,80,81,82,83,84,85,86,87,88,89,90,91,92,93,94,95,96,97,98,99,100,101,102,103,104,105,106,107,108,109,110,111,112,113,114,115,116,117,118,119,120,121,122,123,124,125,126,127,128,129,130,131,132,133,134,135,136,137,138,139,140,141,142,143,144,145,146,147,148,149,150,151,152,153,154,155,156,157,158,159,160,161,162,163,164,165,166,167,168,169,170,171,172,173,174,175,176,177,178,179,180,181,182,183,184,185,186,187,188,189,190,191,192,193,194,195,196,197,198,199];False
9858;9409;19267;[5,0,2,3,1,11,30,7,8,9,41,49,12,18,14,15,20,17,16,19,13,6,22,23,24,25,26,27,28,29,21,31,32,33,34,35,36,37,38,39,40,10,42,43,44,45,46,47,48,4,50,51,52,53,54,55,56,57,58,59,60,61,62,63,64,65,66,67,68,69,70,71,72,73,74,75,76,77,78,79,80,81,82,83,84,85,86,87,88,89,90,91,92,93,94,95,96,97,98,99,100,101,102,103,104,105,106,107,108,109,110,111,112,113,114,115,116,117,118,119,120,121,122,123,124,125,126,127,128,129,130,131,132,133,134,135,136,137,138,139,140,141,142,143,144,145,146,147,148,149,150,151,152,153,154,155,156,157,158,159,160,161,162,163,164,165,166,167,168,169,170,171,172,173,174,175,176,177,178,179,180,181,182,183,184,185,186,187,188,189,190,191,192,193,194,195,196,197,198,199];False
9557;9498;19055;[29,0,11,3,1,5,18,30,8,9,4,49,12,2,14,15,16,17,10,19,20,41,22,23,24,25,26,27,28,56,21,31,32,33,34,35,36,37,38,39,40,7,42,43,44,45,46,47,48,13,50,51,52,53,54,55,6,57,58,59,60,61,62,63,64,65,66,67,68,69,70,71,72,73,74,75,76,77,78,79,80,81,82,83,84,85,86,87,88,89,90,91,92,93,94,95,96,97,98,99,100,101,102,103,104,105,106,107,108,109,110,111,112,113,114,115,116,117,118,119,120,121,122,123,124,125,126,127,128,129,130,131,132,133,134,135,136,137,138,139,140,141,142,143,144,145,146,147,148,149,150,151,152,153,154,155,156,157,158,159,160,161,162,163,164,165,166,167,168,169,170,171,172,173,174,175,176,177,178,179,180,181,182,183,184,185,186,187,188,189,190,191,192,193,194,195,196,197,198,199];False
9500;9530;19030;[1,0,29,3,11,5,18,30,8,9,4,49,12,2,14,15,16,17,10,19,20,41,22,23,24,25,26,27,28,56,21,31,32,33,34,35,36,37,38,39,40,7,42,43,44,45,46,47,48,13,50,51,52,53,54,55,6,57,58,59,60,61,62,63,64,65,66,67,68,69,70,71,72,73,74,75,76,77,78,79,80,81,82,83,84,85,86,87,88,89,90,91,92,93,94,95,96,97,98,99,100,101,102,103,104,105,106,107,108,109,110,111,112,113,114,115,116,117,118,119,120,121,122,123,124,125,126,127,128,129,130,131,132,133,134,135,136,137,138,139,140,141,142,143,144,145,146,147,148,149,150,151,152,153,154,155,156,157,158,159,160,161,162,163,164,165,166,167,168,169,170,171,172,173,174,175,176,177,178,179,180,181,182,183,184,185,186,187,188,189,190,191,192,193,194,195,196,197,198,199];False
9539;9502;19041;[5,0,29,3,1,11,18,30,8,9,4,49,12,2,14,15,16,17,10,19,20,41,22,23,24,25,26,27,28,56,21,31,32,33,34,35,36,37,38,39,40,7,42,43,44,45,46,47,48,13,50,51,52,53,54,55,6,57,58,59,60,61,62,63,64,65,66,67,68,69,70,71,72,73,74,75,76,77,78,79,80,81,82,83,84,85,86,87,88,89,90,91,92,93,94,95,96,97,98,99,100,101,102,103,104,105,106,107,108,109,110,111,112,113,114,115,116,117,118,119,120,121,122,123,124,125,126,127,128,129,130,131,132,133,134,135,136,137,138,139,140,141,142,143,144,145,146,147,148,149,150,151,152,153,154,155,156,157,158,159,160,161,162,163,164,165,166,167,168,169,170,171,172,173,174,175,176,177,178,179,180,181,182,183,184,185,186,187,188,189,190,191,192,193,194,195,196,197,198,199];False
9488;9511;18999;[18,0,29,3,1,5,11,30,8,9,4,49,12,2,14,15,16,17,10,19,20,41,22,23,24,25,26,27,28,56,21,31,32,33,34,35,36,37,38,39,40,7,42,43,44,45,46,47,48,13,50,51,52,53,54,55,6,57,58,59,60,61,62,63,64,65,66,67,68,69,70,71,72,73,74,75,76,77,78,79,80,81,82,83,84,85,86,87,88,89,90,91,92,93,94,95,96,97,98,99,100,101,102,103,104,105,106,107,108,109,110,111,112,113,114,115,116,117,118,119,120,121,122,123,124,125,126,127,128,129,130,131,132,133,134,135,136,137,138,139,140,141,142,143,144,145,146,147,148,149,150,151,152,153,154,155,156,157,158,159,160,161,162,163,164,165,166,167,168,169,170,171,172,173,174,175,176,177,178,179,180,181,182,183,184,185,186,187,188,189,190,191,192,193,194,195,196,197,198,199];False
9467;9535;19002;[1,0,29,3,7,5,18,30,8,9,4,11,12,2,14,15,16,17,10,19,20,41,22,23,24,25,26,27,28,56,21,31,32,33,34,35,36,37,38,39,40,49,42,43,44,45,46,47,48,13,50,51,52,53,54,55,6,57,58,59,60,61,62,63,64,65,66,67,68,69,70,71,72,73,74,75,76,77,78,79,80,81,82,83,84,85,86,87,88,89,90,91,92,93,94,95,96,97,98,99,100,101,102,103,104,105,106,107,108,109,110,111,112,113,114,115,116,117,118,119,120,121,122,123,124,125,126,127,128,129,130,131,132,133,134,135,136,137,138,139,140,141,142,143,144,145,146,147,148,149,150,151,152,153,154,155,156,157,158,159,160,161,162,163,164,165,166,167,168,169,170,171,172,173,174,175,176,177,178,179,180,181,182,183,184,185,186,187,188,189,190,191,192,193,194,195,196,197,198,199];False
9508;9509;19017;[5,0,29,3,1,7,18,30,8,9,4,11,12,2,14,15,16,17,10,19,20,41,22,23,24,25,26,27,28,56,21,31,32,33,34,35,36,37,38,39,40,49,42,43,44,45,46,47,48,13,50,51,52,53,54,55,6,57,58,59,60,61,62,63,64,65,66,67,68,69,70,71,72,73,74,75,76,77,78,79,80,81,82,83,84,85,86,87,88,89,90,91,92,93,94,95,96,97,98,99,100,101,102,103,104,105,106,107,108,109,110,111,112,113,114,115,116,117,118,119,120,121,122,123,124,125,126,127,128,129,130,131,132,133,134,135,136,137,138,139,140,141,142,143,144,145,146,147,148,149,150,151,152,153,154,155,156,157,158,159,160,161,162,163,164,165,166,167,168,169,170,171,172,173,174,175,176,177,178,179,180,181,182,183,184,185,186,187,188,189,190,191,192,193,194,195,196,197,198,199];False
9392;9553;18945;[26,0,29,3,1,5,18,30,8,9,4,11,12,2,14,15,16,17,10,19,20,41,22,23,24,25,7,27,28,56,21,31,32,33,34,35,36,37,38,39,40,49,42,43,44,45,46,47,48,13,50,51,52,53,54,55,6,57,58,59,60,61,62,63,64,65,66,67,68,69,70,71,72,73,74,75,76,77,78,79,80,81,82,83,84,85,86,87,88,89,90,91,92,93,94,95,96,97,98,99,100,101,102,103,104,105,106,107,108,109,110,111,112,113,114,115,116,117,118,119,120,121,122,123,124,125,126,127,128,129,130,131,132,133,134,135,136,137,138,139,140,141,142,143,144,145,146,147,148,149,150,151,152,153,154,155,156,157,158,159,160,161,162,163,164,165,166,167,168,169,170,171,172,173,174,175,176,177,178,179,180,181,182,183,184,185,186,187,188,189,190,191,192,193,194,195,196,197,198,199];False
9422;9546;18968;[31,0,29,3,1,5,18,30,8,9,4,11,12,2,14,15,16,17,10,19,20,41,22,23,24,25,26,27,28,56,21,7,32,33,34,35,36,37,38,39,40,49,42,43,44,45,46,47,48,13,50,51,52,53,54,55,6,57,58,59,60,61,62,63,64,65,66,67,68,69,70,71,72,73,74,75,76,77,78,79,80,81,82,83,84,85,86,87,88,89,90,91,92,93,94,95,96,97,98,99,100,101,102,103,104,105,106,107,108,109,110,111,112,113,114,115,116,117,118,119,120,121,122,123,124,125,126,127,128,129,130,131,132,133,134,135,136,137,138,139,140,141,142,143,144,145,146,147,148,149,150,151,152,153,154,155,156,157,158,159,160,161,162,163,164,165,166,167,168,169,170,171,172,173,174,175,176,177,178,179,180,181,182,183,184,185,186,187,188,189,190,191,192,193,194,195,196,197,198,199];False
9426;9504;18930;[43,0,29,3,1,5,18,30,8,9,4,11,12,2,14,15,16,17,10,19,20,41,22,23,24,25,26,27,28,56,21,31,32,33,34,35,36,37,38,39,40,49,42,7,44,45,46,47,48,13,50,51,52,53,54,55,6,57,58,59,60,61,62,63,64,65,66,67,68,69,70,71,72,73,74,75,76,77,78,79,80,81,82,83,84,85,86,87,88,89,90,91,92,93,94,95,96,97,98,99,100,101,102,103,104,105,106,107,108,109,110,111,112,113,114,115,116,117,118,119,120,121,122,123,124,125,126,127,128,129,130,131,132,133,134,135,136,137,138,139,140,141,142,143,144,145,146,147,148,149,150,151,152,153,154,155,156,157,158,159,160,161,162,163,164,165,166,167,168,169,170,171,172,173,174,175,176,177,178,179,180,181,182,183,184,185,186,187,188,189,190,191,192,193,194,195,196,197,198,199];False
9815;9469;19284;[12,0,2,3,1,49,18,30,8,9,4,11,53,29,14,15,16,17,10,19,20,41,22,23,24,25,26,27,28,56,21,31,32,33,34,35,36,37,38,39,40,7,42,43,44,45,46,47,48,13,50,51,52,5,54,55,6,57,58,59,60,61,62,63,64,65,66,67,68,69,70,71,72,73,74,75,76,77,78,79,80,81,82,83,84,85,86,87,88,89,90,91,92,93,94,95,96,97,98,99,100,101,102,103,104,105,106,107,108,109,110,111,112,113,114,115,116,117,118,119,120,121,122,123,124,125,126,127,128,129,130,131,132,133,134,135,136,137,138,139,140,141,142,143,144,145,146,147,148,149,150,151,152,153,154,155,156,157,158,159,160,161,162,163,164,165,166,167,168,169,170,171,172,173,174,175,176,177,178,179,180,181,182,183,184,185,186,187,188,189,190,191,192,193,194,195,196,197,198,199];False
9741;9460;19201;[16,0,2,3,1,49,18,30,8,9,4,11,12,29,14,15,53,17,10,19,20,41,22,23,24,25,26,27,28,56,21,31,32,33,34,35,36,37,38,39,40,7,42,43,44,45,46,47,48,13,50,51,52,5,54,55,6,57,58,59,60,61,62,63,64,65,66,67,68,69,70,71,72,73,74,75,76,77,78,79,80,81,82,83,84,85,86,87,88,89,90,91,92,93,94,95,96,97,98,99,100,101,102,103,104,105,106,107,108,109,110,111,112,113,114,115,116,117,118,119,120,121,122,123,124,125,126,127,128,129,130,131,132,133,134,135,136,137,138,139,140,141,142,143,144,145,146,147,148,149,150,151,152,153,154,155,156,157,158,159,160,161,162,163,164,165,166,167,168,169,170,171,172,173,174,175,176,177,178,179,180,181,182,183,184,185,186,187,188,189,190,191,192,193,194,195,196,197,198,199];False
9683;9476;19159;[32,0,2,3,1,49,18,30,8,9,4,11,12,29,14,15,16,17,10,19,20,41,22,23,24,25,26,27,28,56,21,31,53,33,34,35,36,37,38,39,40,7,42,43,44,45,46,47,48,13,50,51,52,5,54,55,6,57,58,59,60,61,62,63,64,65,66,67,68,69,70,71,72,73,74,75,76,77,78,79,80,81,82,83,84,85,86,87,88,89,90,91,92,93,94,95,96,97,98,99,100,101,102,103,104,105,106,107,108,109,110,111,112,113,114,115,116,117,118,119,120,121,122,123,124,125,126,127,128,129,130,131,132,133,134,135,136,137,138,139,140,141,142,143,144,145,146,147,148,149,150,151,152,153,154,155,156,157,158,159,160,161,162,163,164,165,166,167,168,169,170,171,172,173,174,175,176,177,178,179,180,181,182,183,184,185,186,187,188,189,190,191,192,193,194,195,196,197,198,199];False
9598;9492;19090;[20,0,2,3,1,11,18,30,8,9,4,49,12,29,14,15,16,17,10,19,5,41,22,23,24,25,26,27,28,56,21,31,32,33,34,35,36,37,38,39,40,7,42,43,44,45,46,47,48,13,50,51,52,53,54,55,6,57,58,59,60,61,62,63,64,65,66,67,68,69,70,71,72,73,74,75,76,77,78,79,80,81,82,83,84,85,86,87,88,89,90,91,92,93,94,95,96,97,98,99,100,101,102,103,104,105,106,107,108,109,110,111,112,113,114,115,116,117,118,119,120,121,122,123,124,125,126,127,128,129,130,131,132,133,134,135,136,137,138,139,140,141,142,143,144,145,146,147,148,149,150,151,152,153,154,155,156,157,158,159,160,161,162,163,164,165,166,167,168,169,170,171,172,173,174,175,176,177,178,179,180,181,182,183,184,185,186,187,188,189,190,191,192,193,194,195,196,197,198,199];False
9595;9494;19089;[42,0,2,3,1,11,18,30,8,9,4,49,12,29,14,15,16,17,10,19,20,41,22,23,24,25,26,27,28,56,21,31,32,33,34,35,36,37,38,39,40,7,5,43,44,45,46,47,48,13,50,51,52,53,54,55,6,57,58,59,60,61,62,63,64,65,66,67,68,69,70,71,72,73,74,75,76,77,78,79,80,81,82,83,84,85,86,87,88,89,90,91,92,93,94,95,96,97,98,99,100,101,102,103,104,105,106,107,108,109,110,111,112,113,114,115,116,117,118,119,120,121,122,123,124,125,126,127,128,129,130,131,132,133,134,135,136,137,138,139,140,141,142,143,144,145,146,147,148,149,150,151,152,153,154,155,156,157,158,159,160,161,162,163,164,165,166,167,168,169,170,171,172,173,174,175,176,177,178,179,180,181,182,183,184,185,186,187,188,189,190,191,192,193,194,195,196,197,198,199];False
9645;9482;19127;[46,0,2,3,1,11,18,30,8,9,4,49,12,29,14,15,16,17,10,19,20,41,22,23,24,25,26,27,28,56,21,31,32,33,34,35,36,37,38,39,40,7,42,43,44,45,5,47,48,13,50,51,52,53,54,55,6,57,58,59,60,61,62,63,64,65,66,67,68,69,70,71,72,73,74,75,76,77,78,79,80,81,82,83,84,85,86,87,88,89,90,91,92,93,94,95,96,97,98,99,100,101,102,103,104,105,106,107,108,109,110,111,112,113,114,115,116,117,118,119,120,121,122,123,124,125,126,127,128,129,130,131,132,133,134,135,136,137,138,139,140,141,142,143,144,145,146,147,148,149,150,151,152,153,154,155,156,157,158,159,160,161,162,163,164,165,166,167,168,169,170,171,172,173,174,175,176,177,178,179,180,181,182,183,184,185,186,187,188,189,190,191,192,193,194,195,196,197,198,199];False
9630;9469;19099;[53,0,2,3,1,11,18,30,8,9,4,49,12,29,14,15,16,17,10,19,20,41,22,23,24,25,26,27,28,56,21,31,32,33,34,35,36,37,38,39,40,7,42,43,44,45,46,47,48,13,50,51,52,5,54,55,6,57,58,59,60,61,62,63,64,65,66,67,68,69,70,71,72,73,74,75,76,77,78,79,80,81,82,83,84,85,86,87,88,89,90,91,92,93,94,95,96,97,98,99,100,101,102,103,104,105,106,107,108,109,110,111,112,113,114,115,116,117,118,119,120,121,122,123,124,125,126,127,128,129,130,131,132,133,134,135,136,137,138,139,140,141,142,143,144,145,146,147,148,149,150,151,152,153,154,155,156,157,158,159,160,161,162,163,164,165,166,167,168,169,170,171,172,173,174,175,176,177,178,179,180,181,182,183,184,185,186,187,188,189,190,191,192,193,194,195,196,197,198,199];False
9508;9500;19008;[29,0,2,3,1,5,11,30,8,9,4,49,12,18,14,15,16,17,10,19,20,41,22,23,24,25,26,27,28,56,21,31,32,33,34,35,36,37,38,39,40,7,42,43,44,45,46,47,48,13,50,51,52,53,54,55,6,57,58,59,60,61,62,63,64,65,66,67,68,69,70,71,72,73,74,75,76,77,78,79,80,81,82,83,84,85,86,87,88,89,90,91,92,93,94,95,96,97,98,99,100,101,102,103,104,105,106,107,108,109,110,111,112,113,114,115,116,117,118,119,120,121,122,123,124,125,126,127,128,129,130,131,132,133,134,135,136,137,138,139,140,141,142,143,144,145,146,147,148,149,150,151,152,153,154,155,156,157,158,159,160,161,162,163,164,165,166,167,168,169,170,171,172,173,174,175,176,177,178,179,180,181,182,183,184,185,186,187,188,189,190,191,192,193,194,195,196,197,198,199];False
9551;9497;19048;[42,0,2,3,1,5,11,30,8,9,4,49,12,29,14,15,16,17,10,19,20,41,22,23,24,25,26,27,28,56,21,31,32,33,34,35,36,37,38,39,40,7,18,43,44,45,46,47,48,13,50,51,52,53,54,55,6,57,58,59,60,61,62,63,64,65,66,67,68,69,70,71,72,73,74,75,76,77,78,79,80,81,82,83,84,85,86,87,88,89,90,91,92,93,94,95,96,97,98,99,100,101,102,103,104,105,106,107,108,109,110,111,112,113,114,115,116,117,118,119,120,121,122,123,124,125,126,127,128,129,130,131,132,133,134,135,136,137,138,139,140,141,142,143,144,145,146,147,148,149,150,151,152,153,154,155,156,157,158,159,160,161,162,163,164,165,166,167,168,169,170,171,172,173,174,175,176,177,178,179,180,181,182,183,184,185,186,187,188,189,190,191,192,193,194,195,196,197,198,199];False
10306;9384;19690;[18,0,2,3,1,49,30,7,8,9,41,11,12,53,14,15,20,17,16,19,13,6,22,23,24,25,26,27,28,29,21,31,32,33,34,35,36,37,38,39,40,10,42,43,44,45,46,47,48,4,50,51,52,5,54,55,56,57,58,59,60,61,62,63,64,65,66,67,68,69,70,71,72,73,74,75,76,77,78,79,80,81,82,83,84,85,86,87,88,89,90,91,92,93,94,95,96,97,98,99,100,101,102,103,104,105,106,107,108,109,110,111,112,113,114,115,116,117,118,119,120,121,122,123,124,125,126,127,128,129,130,131,132,133,134,135,136,137,138,139,140,141,142,143,144,145,146,147,148,149,150,151,152,153,154,155,156,157,158,159,160,161,162,163,164,165,166,167,168,169,170,171,172,173,174,175,176,177,178,179,180,181,182,183,184,185,186,187,188,189,190,191,192,193,194,195,196,197,198,199];False
10196;9372;19568;[20,0,2,3,1,49,30,7,8,9,41,11,12,18,14,15,53,17,16,19,13,6,22,23,24,25,26,27,28,29,21,31,32,33,34,35,36,37,38,39,40,10,42,43,44,45,46,47,48,4,50,51,52,5,54,55,56,57,58,59,60,61,62,63,64,65,66,67,68,69,70,71,72,73,74,75,76,77,78,79,80,81,82,83,84,85,86,87,88,89,90,91,92,93,94,95,96,97,98,99,100,101,102,103,104,105,106,107,108,109,110,111,112,113,114,115,116,117,118,119,120,121,122,123,124,125,126,127,128,129,130,131,132,133,134,135,136,137,138,139,140,141,142,143,144,145,146,147,148,149,150,151,152,153,154,155,156,157,158,159,160,161,162,163,164,165,166,167,168,169,170,171,172,173,174,175,176,177,178,179,180,181,182,183,184,185,186,187,188,189,190,191,192,193,194,195,196,197,198,199];False
10162;9384;19546;[16,0,2,3,1,49,30,7,8,9,41,11,12,18,14,15,20,17,53,19,13,6,22,23,24,25,26,27,28,29,21,31,32,33,34,35,36,37,38,39,40,10,42,43,44,45,46,47,48,4,50,51,52,5,54,55,56,57,58,59,60,61,62,63,64,65,66,67,68,69,70,71,72,73,74,75,76,77,78,79,80,81,82,83,84,85,86,87,88,89,90,91,92,93,94,95,96,97,98,99,100,101,102,103,104,105,106,107,108,109,110,111,112,113,114,115,116,117,118,119,120,121,122,123,124,125,126,127,128,129,130,131,132,133,134,135,136,137,138,139,140,141,142,143,144,145,146,147,148,149,150,151,152,153,154,155,156,157,158,159,160,161,162,163,164,165,166,167,168,169,170,171,172,173,174,175,176,177,178,179,180,181,182,183,184,185,186,187,188,189,190,191,192,193,194,195,196,197,198,199];False
10071;9391;19462;[29,0,2,3,1,49,30,7,8,9,41,11,12,18,14,15,20,17,16,19,13,6,22,23,24,25,26,27,28,53,21,31,32,33,34,35,36,37,38,39,40,10,42,43,44,45,46,47,48,4,50,51,52,5,54,55,56,57,58,59,60,61,62,63,64,65,66,67,68,69,70,71,72,73,74,75,76,77,78,79,80,81,82,83,84,85,86,87,88,89,90,91,92,93,94,95,96,97,98,99,100,101,102,103,104,105,106,107,108,109,110,111,112,113,114,115,116,117,118,119,120,121,122,123,124,125,126,127,128,129,130,131,132,133,134,135,136,137,138,139,140,141,142,143,144,145,146,147,148,149,150,151,152,153,154,155,156,157,158,159,160,161,162,163,164,165,166,167,168,169,170,171,172,173,174,175,176,177,178,179,180,181,182,183,184,185,186,187,188,189,190,191,192,193,194,195,196,197,198,199];False
10076;9389;19465;[21,0,2,3,1,49,30,7,8,9,41,11,12,18,14,15,20,17,16,19,13,6,22,23,24,25,26,27,28,29,53,31,32,33,34,35,36,37,38,39,40,10,42,43,44,45,46,47,48,4,50,51,52,5,54,55,56,57,58,59,60,61,62,63,64,65,66,67,68,69,70,71,72,73,74,75,76,77,78,79,80,81,82,83,84,85,86,87,88,89,90,91,92,93,94,95,96,97,98,99,100,101,102,103,104,105,106,107,108,109,110,111,112,113,114,115,116,117,118,119,120,121,122,123,124,125,126,127,128,129,130,131,132,133,134,135,136,137,138,139,140,141,142,143,144,145,146,147,148,149,150,151,152,153,154,155,156,157,158,159,160,161,162,163,164,165,166,167,168,169,170,171,172,173,174,175,176,177,178,179,180,181,182,183,184,185,186,187,188,189,190,191,192,193,194,195,196,197,198,199];False
10081;9383;19464;[32,0,2,3,1,49,30,7,8,9,41,11,12,18,14,15,20,17,16,19,13,6,22,23,24,25,26,27,28,29,21,31,53,33,34,35,36,37,38,39,40,10,42,43,44,45,46,47,48,4,50,51,52,5,54,55,56,57,58,59,60,61,62,63,64,65,66,67,68,69,70,71,72,73,74,75,76,77,78,79,80,81,82,83,84,85,86,87,88,89,90,91,92,93,94,95,96,97,98,99,100,101,102,103,104,105,106,107,108,109,110,111,112,113,114,115,116,117,118,119,120,121,122,123,124,125,126,127,128,129,130,131,132,133,134,135,136,137,138,139,140,141,142,143,144,145,146,147,148,149,150,151,152,153,154,155,156,157,158,159,160,161,162,163,164,165,166,167,168,169,170,171,172,173,174,175,176,177,178,179,180,181,182,183,184,185,186,187,188,189,190,191,192,193,194,195,196,197,198,199];False
9828;9414;19242;[0,2,11,3,1,5,30,7,8,9,41,49,12,18,14,15,20,17,16,19,13,6,22,23,24,25,26,27,28,29,21,31,32,33,34,35,36,37,38,39,40,10,42,43,44,45,46,47,48,4,50,51,52,53,54,55,56,57,58,59,60,61,62,63,64,65,66,67,68,69,70,71,72,73,74,75,76,77,78,79,80,81,82,83,84,85,86,87,88,89,90,91,92,93,94,95,96,97,98,99,100,101,102,103,104,105,106,107,108,109,110,111,112,113,114,115,116,117,118,119,120,121,122,123,124,125,126,127,128,129,130,131,132,133,134,135,136,137,138,139,140,141,142,143,144,145,146,147,148,149,150,151,152,153,154,155,156,157,158,159,160,161,162,163,164,165,166,167,168,169,170,171,172,173,174,175,176,177,178,179,180,181,182,183,184,185,186,187,188,189,190,191,192,193,194,195,196,197,198,199];False
9803;9427;19230;[1,0,11,3,2,5,30,7,8,9,41,49,12,18,14,15,20,17,16,19,13,6,22,23,24,25,26,27,28,29,21,31,32,33,34,35,36,37,38,39,40,10,42,43,44,45,46,47,48,4,50,51,52,53,54,55,56,57,58,59,60,61,62,63,64,65,66,67,68,69,70,71,72,73,74,75,76,77,78,79,80,81,82,83,84,85,86,87,88,89,90,91,92,93,94,95,96,97,98,99,100,101,102,103,104,105,106,107,108,109,110,111,112,113,114,115,116,117,118,119,120,121,122,123,124,125,126,127,128,129,130,131,132,133,134,135,136,137,138,139,140,141,142,143,144,145,146,147,148,149,150,151,152,153,154,155,156,157,158,159,160,161,162,163,164,165,166,167,168,169,170,171,172,173,174,175,176,177,178,179,180,181,182,183,184,185,186,187,188,189,190,191,192,193,194,195,196,197,198,199];False
9749;9435;19184;[7,0,11,3,1,5,30,2,8,9,41,49,12,18,14,15,20,17,16,19,13,6,22,23,24,25,26,27,28,29,21,31,32,33,34,35,36,37,38,39,40,10,42,43,44,45,46,47,48,4,50,51,52,53,54,55,56,57,58,59,60,61,62,63,64,65,66,67,68,69,70,71,72,73,74,75,76,77,78,79,80,81,82,83,84,85,86,87,88,89,90,91,92,93,94,95,96,97,98,99,100,101,102,103,104,105,106,107,108,109,110,111,112,113,114,115,116,117,118,119,120,121,122,123,124,125,126,127,128,129,130,131,132,133,134,135,136,137,138,139,140,141,142,143,144,145,146,147,148,149,150,151,152,153,154,155,156,157,158,159,160,161,162,163,164,165,166,167,168,169,170,171,172,173,174,175,176,177,178,179,180,181,182,183,184,185,186,187,188,189,190,191,192,193,194,195,196,197,198,199];False
9883;9397;19280;[18,0,11,3,1,5,30,7,8,9,41,49,12,2,14,15,20,17,16,19,13,6,22,23,24,25,26,27,28,29,21,31,32,33,34,35,36,37,38,39,40,10,42,43,44,45,46,47,48,4,50,51,52,53,54,55,56,57,58,59,60,61,62,63,64,65,66,67,68,69,70,71,72,73,74,75,76,77,78,79,80,81,82,83,84,85,86,87,88,89,90,91,92,93,94,95,96,97,98,99,100,101,102,103,104,105,106,107,108,109,110,111,112,113,114,115,116,117,118,119,120,121,122,123,124,125,126,127,128,129,130,131,132,133,134,135,136,137,138,139,140,141,142,143,144,145,146,147,148,149,150,151,152,153,154,155,156,157,158,159,160,161,162,163,164,165,166,167,168,169,170,171,172,173,174,175,176,177,178,179,180,181,182,183,184,185,186,187,188,189,190,191,192,193,194,195,196,197,198,199];False
9846;9405;19251;[14,0,11,3,1,5,30,7,8,9,41,49,12,18,2,15,20,17,16,19,13,6,22,23,24,25,26,27,28,29,21,31,32,33,34,35,36,37,38,39,40,10,42,43,44,45,46,47,48,4,50,51,52,53,54,55,56,57,58,59,60,61,62,63,64,65,66,67,68,69,70,71,72,73,74,75,76,77,78,79,80,81,82,83,84,85,86,87,88,89,90,91,92,93,94,95,96,97,98,99,100,101,102,103,104,105,106,107,108,109,110,111,112,113,114,115,116,117,118,119,120,121,122,123,124,125,126,127,128,129,130,131,132,133,134,135,136,137,138,139,140,141,142,143,144,145,146,147,148,149,150,151,152,153,154,155,156,157,158,159,160,161,162,163,164,165,166,167,168,169,170,171,172,173,174,175,176,177,178,179,180,181,182,183,184,185,186,187,188,189,190,191,192,193,194,195,196,197,198,199];False
9825;9413;19238;[25,0,11,3,1,5,30,7,8,9,41,49,12,18,14,15,20,17,16,19,13,6,22,23,24,2,26,27,28,29,21,31,32,33,34,35,36,37,38,39,40,10,42,43,44,45,46,47,48,4,50,51,52,53,54,55,56,57,58,59,60,61,62,63,64,65,66,67,68,69,70,71,72,73,74,75,76,77,78,79,80,81,82,83,84,85,86,87,88,89,90,91,92,93,94,95,96,97,98,99,100,101,102,103,104,105,106,107,108,109,110,111,112,113,114,115,116,117,118,119,120,121,122,123,124,125,126,127,128,129,130,131,132,133,134,135,136,137,138,139,140,141,142,143,144,145,146,147,148,149,150,151,152,153,154,155,156,157,158,159,160,161,162,163,164,165,166,167,168,169,170,171,172,173,174,175,176,177,178,179,180,181,182,183,184,185,186,187,188,189,190,191,192,193,194,195,196,197,198,199];False
9371;9549;18920;[18,0,29,3,1,5,26,30,8,9,4,11,12,2,14,15,16,17,10,19,20,41,22,23,24,25,7,27,28,56,21,31,32,33,34,35,36,37,38,39,40,49,42,43,44,45,46,47,48,13,50,51,52,53,54,55,6,57,58,59,60,61,62,63,64,65,66,67,68,69,70,71,72,73,74,75,76,77,78,79,80,81,82,83,84,85,86,87,88,89,90,91,92,93,94,95,96,97,98,99,100,101,102,103,104,105,106,107,108,109,110,111,112,113,114,115,116,117,118,119,120,121,122,123,124,125,126,127,128,129,130,131,132,133,134,135,136,137,138,139,140,141,142,143,144,145,146,147,148,149,150,151,152,153,154,155,156,157,158,159,160,161,162,163,164,165,166,167,168,169,170,171,172,173,174,175,176,177,178,179,180,181,182,183,184,185,186,187,188,189,190,191,192,193,194,195,196,197,198,199];False
9332;9594;18926;[12,0,29,3,1,5,18,30,8,9,4,11,31,2,14,15,16,17,10,19,20,41,22,23,24,25,26,27,28,56,21,7,32,33,34,35,36,37,38,39,40,49,42,43,44,45,46,47,48,13,50,51,52,53,54,55,6,57,58,59,60,61,62,63,64,65,66,67,68,69,70,71,72,73,74,75,76,77,78,79,80,81,82,83,84,85,86,87,88,89,90,91,92,93,94,95,96,97,98,99,100,101,102,103,104,105,106,107,108,109,110,111,112,113,114,115,116,117,118,119,120,121,122,123,124,125,126,127,128,129,130,131,132,133,134,135,136,137,138,139,140,141,142,143,144,145,146,147,148,149,150,151,152,153,154,155,156,157,158,159,160,161,162,163,164,165,166,167,168,169,170,171,172,173,174,175,176,177,178,179,180,181,182,183,184,185,186,187,188,189,190,191,192,193,194,195,196,197,198,199];False
9412;9526;18938;[10,0,29,3,1,5,18,30,8,9,4,11,12,2,14,15,16,17,31,19,20,41,22,23,24,25,26,27,28,56,21,7,32,33,34,35,36,37,38,39,40,49,42,43,44,45,46,47,48,13,50,51,52,53,54,55,6,57,58,59,60,61,62,63,64,65,66,67,68,69,70,71,72,73,74,75,76,77,78,79,80,81,82,83,84,85,86,87,88,89,90,91,92,93,94,95,96,97,98,99,100,101,102,103,104,105,106,107,108,109,110,111,112,113,114,115,116,117,118,119,120,121,122,123,124,125,126,127,128,129,130,131,132,133,134,135,136,137,138,139,140,141,142,143,144,145,146,147,148,149,150,151,152,153,154,155,156,157,158,159,160,161,162,163,164,165,166,167,168,169,170,171,172,173,174,175,176,177,178,179,180,181,182,183,184,185,186,187,188,189,190,191,192,193,194,195,196,197,198,199];False
9381;9532;18913;[0,43,29,3,1,5,18,30,8,9,4,11,12,2,14,15,16,17,10,19,20,41,22,23,24,25,26,27,28,56,21,31,32,33,34,35,36,37,38,39,40,49,42,7,44,45,46,47,48,13,50,51,52,53,54,55,6,57,58,59,60,61,62,63,64,65,66,67,68,69,70,71,72,73,74,75,76,77,78,79,80,81,82,83,84,85,86,87,88,89,90,91,92,93,94,95,96,97,98,99,100,101,102,103,104,105,106,107,108,109,110,111,112,113,114,115,116,117,118,119,120,121,122,123,124,125,126,127,128,129,130,131,132,133,134,135,136,137,138,139,140,141,142,143,144,145,146,147,148,149,150,151,152,153,154,155,156,157,158,159,160,161,162,163,164,165,166,167,168,169,170,171,172,173,174,175,176,177,178,179,180,181,182,183,184,185,186,187,188,189,190,191,192,193,194,195,196,197,198,199];False
9442;9495;18937;[29,0,43,3,1,5,18,30,8,9,4,11,12,2,14,15,16,17,10,19,20,41,22,23,24,25,26,27,28,56,21,31,32,33,34,35,36,37,38,39,40,49,42,7,44,45,46,47,48,13,50,51,52,53,54,55,6,57,58,59,60,61,62,63,64,65,66,67,68,69,70,71,72,73,74,75,76,77,78,79,80,81,82,83,84,85,86,87,88,89,90,91,92,93,94,95,96,97,98,99,100,101,102,103,104,105,106,107,108,109,110,111,112,113,114,115,116,117,118,119,120,121,122,123,124,125,126,127,128,129,130,131,132,133,134,135,136,137,138,139,140,141,142,143,144,145,146,147,148,149,150,151,152,153,154,155,156,157,158,159,160,161,162,163,164,165,166,167,168,169,170,171,172,173,174,175,176,177,178,179,180,181,182,183,184,185,186,187,188,189,190,191,192,193,194,195,196,197,198,199];False
9378;9491;18869;[5,0,29,3,1,43,18,30,8,9,4,11,12,2,14,15,16,17,10,19,20,41,22,23,24,25,26,27,28,56,21,31,32,33,34,35,36,37,38,39,40,49,42,7,44,45,46,47,48,13,50,51,52,53,54,55,6,57,58,59,60,61,62,63,64,65,66,67,68,69,70,71,72,73,74,75,76,77,78,79,80,81,82,83,84,85,86,87,88,89,90,91,92,93,94,95,96,97,98,99,100,101,102,103,104,105,106,107,108,109,110,111,112,113,114,115,116,117,118,119,120,121,122,123,124,125,126,127,128,129,130,131,132,133,134,135,136,137,138,139,140,141,142,143,144,145,146,147,148,149,150,151,152,153,154,155,156,157,158,159,160,161,162,163,164,165,166,167,168,169,170,171,172,173,174,175,176,177,178,179,180,181,182,183,184,185,186,187,188,189,190,191,192,193,194,195,196,197,198,199];False
9679;9461;19140;[29,0,2,3,1,49,18,30,8,9,4,11,12,16,14,15,53,17,10,19,20,41,22,23,24,25,26,27,28,56,21,31,32,33,34,35,36,37,38,39,40,7,42,43,44,45,46,47,48,13,50,51,52,5,54,55,6,57,58,59,60,61,62,63,64,65,66,67,68,69,70,71,72,73,74,75,76,77,78,79,80,81,82,83,84,85,86,87,88,89,90,91,92,93,94,95,96,97,98,99,100,101,102,103,104,105,106,107,108,109,110,111,112,113,114,115,116,117,118,119,120,121,122,123,124,125,126,127,128,129,130,131,132,133,134,135,136,137,138,139,140,141,142,143,144,145,146,147,148,149,150,151,152,153,154,155,156,157,158,159,160,161,162,163,164,165,166,167,168,169,170,171,172,173,174,175,176,177,178,179,180,181,182,183,184,185,186,187,188,189,190,191,192,193,194,195,196,197,198,199];False
9639;9450;19089;[16,0,2,3,1,11,18,30,8,9,4,49,12,29,14,15,53,17,10,19,20,41,22,23,24,25,26,27,28,56,21,31,32,33,34,35,36,37,38,39,40,7,42,43,44,45,46,47,48,13,50,51,52,5,54,55,6,57,58,59,60,61,62,63,64,65,66,67,68,69,70,71,72,73,74,75,76,77,78,79,80,81,82,83,84,85,86,87,88,89,90,91,92,93,94,95,96,97,98,99,100,101,102,103,104,105,106,107,108,109,110,111,112,113,114,115,116,117,118,119,120,121,122,123,124,125,126,127,128,129,130,131,132,133,134,135,136,137,138,139,140,141,142,143,144,145,146,147,148,149,150,151,152,153,154,155,156,157,158,159,160,161,162,163,164,165,166,167,168,169,170,171,172,173,174,175,176,177,178,179,180,181,182,183,184,185,186,187,188,189,190,191,192,193,194,195,196,197,198,199];False
9736;9448;19184;[19,0,2,3,1,11,18,30,8,9,4,49,12,29,14,15,16,17,10,53,20,41,22,23,24,25,26,27,28,56,21,31,32,33,34,35,36,37,38,39,40,7,42,43,44,45,46,47,48,13,50,51,52,5,54,55,6,57,58,59,60,61,62,63,64,65,66,67,68,69,70,71,72,73,74,75,76,77,78,79,80,81,82,83,84,85,86,87,88,89,90,91,92,93,94,95,96,97,98,99,100,101,102,103,104,105,106,107,108,109,110,111,112,113,114,115,116,117,118,119,120,121,122,123,124,125,126,127,128,129,130,131,132,133,134,135,136,137,138,139,140,141,142,143,144,145,146,147,148,149,150,151,152,153,154,155,156,157,158,159,160,161,162,163,164,165,166,167,168,169,170,171,172,173,174,175,176,177,178,179,180,181,182,183,184,185,186,187,188,189,190,191,192,193,194,195,196,197,198,199];False
9581;9466;19047;[32,0,2,3,1,11,18,30,8,9,4,49,12,29,14,15,16,17,10,19,20,41,22,23,24,25,26,27,28,56,21,31,53,33,34,35,36,37,38,39,40,7,42,43,44,45,46,47,48,13,50,51,52,5,54,55,6,57,58,59,60,61,62,63,64,65,66,67,68,69,70,71,72,73,74,75,76,77,78,79,80,81,82,83,84,85,86,87,88,89,90,91,92,93,94,95,96,97,98,99,100,101,102,103,104,105,106,107,108,109,110,111,112,113,114,115,116,117,118,119,120,121,122,123,124,125,126,127,128,129,130,131,132,133,134,135,136,137,138,139,140,141,142,143,144,145,146,147,148,149,150,151,152,153,154,155,156,157,158,159,160,161,162,163,164,165,166,167,168,169,170,171,172,173,174,175,176,177,178,179,180,181,182,183,184,185,186,187,188,189,190,191,192,193,194,195,196,197,198,199];False
10194;9375;19569;[16,0,2,3,1,49,30,7,8,9,41,11,12,18,14,15,53,17,20,19,13,6,22,23,24,25,26,27,28,29,21,31,32,33,34,35,36,37,38,39,40,10,42,43,44,45,46,47,48,4,50,51,52,5,54,55,56,57,58,59,60,61,62,63,64,65,66,67,68,69,70,71,72,73,74,75,76,77,78,79,80,81,82,83,84,85,86,87,88,89,90,91,92,93,94,95,96,97,98,99,100,101,102,103,104,105,106,107,108,109,110,111,112,113,114,115,116,117,118,119,120,121,122,123,124,125,126,127,128,129,130,131,132,133,134,135,136,137,138,139,140,141,142,143,144,145,146,147,148,149,150,151,152,153,154,155,156,157,158,159,160,161,162,163,164,165,166,167,168,169,170,171,172,173,174,175,176,177,178,179,180,181,182,183,184,185,186,187,188,189,190,191,192,193,194,195,196,197,198,199];False
10234;9371;19605;[19,0,2,3,1,49,30,7,8,9,41,11,12,18,14,15,53,17,16,20,13,6,22,23,24,25,26,27,28,29,21,31,32,33,34,35,36,37,38,39,40,10,42,43,44,45,46,47,48,4,50,51,52,5,54,55,56,57,58,59,60,61,62,63,64,65,66,67,68,69,70,71,72,73,74,75,76,77,78,79,80,81,82,83,84,85,86,87,88,89,90,91,92,93,94,95,96,97,98,99,100,101,102,103,104,105,106,107,108,109,110,111,112,113,114,115,116,117,118,119,120,121,122,123,124,125,126,127,128,129,130,131,132,133,134,135,136,137,138,139,140,141,142,143,144,145,146,147,148,149,150,151,152,153,154,155,156,157,158,159,160,161,162,163,164,165,166,167,168,169,170,171,172,173,174,175,176,177,178,179,180,181,182,183,184,185,186,187,188,189,190,191,192,193,194,195,196,197,198,199];False
10118;9382;19500;[21,0,2,3,1,49,30,7,8,9,41,11,12,18,14,15,53,17,16,19,13,6,22,23,24,25,26,27,28,29,20,31,32,33,34,35,36,37,38,39,40,10,42,43,44,45,46,47,48,4,50,51,52,5,54,55,56,57,58,59,60,61,62,63,64,65,66,67,68,69,70,71,72,73,74,75,76,77,78,79,80,81,82,83,84,85,86,87,88,89,90,91,92,93,94,95,96,97,98,99,100,101,102,103,104,105,106,107,108,109,110,111,112,113,114,115,116,117,118,119,120,121,122,123,124,125,126,127,128,129,130,131,132,133,134,135,136,137,138,139,140,141,142,143,144,145,146,147,148,149,150,151,152,153,154,155,156,157,158,159,160,161,162,163,164,165,166,167,168,169,170,171,172,173,174,175,176,177,178,179,180,181,182,183,184,185,186,187,188,189,190,191,192,193,194,195,196,197,198,199];False
10143;9375;19518;[32,0,2,3,1,49,30,7,8,9,41,11,12,18,14,15,53,17,16,19,13,6,22,23,24,25,26,27,28,29,21,31,20,33,34,35,36,37,38,39,40,10,42,43,44,45,46,47,48,4,50,51,52,5,54,55,56,57,58,59,60,61,62,63,64,65,66,67,68,69,70,71,72,73,74,75,76,77,78,79,80,81,82,83,84,85,86,87,88,89,90,91,92,93,94,95,96,97,98,99,100,101,102,103,104,105,106,107,108,109,110,111,112,113,114,115,116,117,118,119,120,121,122,123,124,125,126,127,128,129,130,131,132,133,134,135,136,137,138,139,140,141,142,143,144,145,146,147,148,149,150,151,152,153,154,155,156,157,158,159,160,161,162,163,164,165,166,167,168,169,170,171,172,173,174,175,176,177,178,179,180,181,182,183,184,185,186,187,188,189,190,191,192,193,194,195,196,197,198,199];False
10133;9358;19491;[34,0,2,3,1,49,30,7,8,9,41,11,12,18,14,15,53,17,16,19,13,6,22,23,24,25,26,27,28,29,21,31,32,33,20,35,36,37,38,39,40,10,42,43,44,45,46,47,48,4,50,51,52,5,54,55,56,57,58,59,60,61,62,63,64,65,66,67,68,69,70,71,72,73,74,75,76,77,78,79,80,81,82,83,84,85,86,87,88,89,90,91,92,93,94,95,96,97,98,99,100,101,102,103,104,105,106,107,108,109,110,111,112,113,114,115,116,117,118,119,120,121,122,123,124,125,126,127,128,129,130,131,132,133,134,135,136,137,138,139,140,141,142,143,144,145,146,147,148,149,150,151,152,153,154,155,156,157,158,159,160,161,162,163,164,165,166,167,168,169,170,171,172,173,174,175,176,177,178,179,180,181,182,183,184,185,186,187,188,189,190,191,192,193,194,195,196,197,198,199];False
9977;9380;19357;[32,0,2,3,1,49,30,7,8,9,41,11,12,18,14,15,20,17,16,19,13,6,22,23,24,25,26,27,28,53,21,31,29,33,34,35,36,37,38,39,40,10,42,43,44,45,46,47,48,4,50,51,52,5,54,55,56,57,58,59,60,61,62,63,64,65,66,67,68,69,70,71,72,73,74,75,76,77,78,79,80,81,82,83,84,85,86,87,88,89,90,91,92,93,94,95,96,97,98,99,100,101,102,103,104,105,106,107,108,109,110,111,112,113,114,115,116,117,118,119,120,121,122,123,124,125,126,127,128,129,130,131,132,133,134,135,136,137,138,139,140,141,142,143,144,145,146,147,148,149,150,151,152,153,154,155,156,157,158,159,160,161,162,163,164,165,166,167,168,169,170,171,172,173,174,175,176,177,178,179,180,181,182,183,184,185,186,187,188,189,190,191,192,193,194,195,196,197,198,199];False
9822;9418;19240;[8,0,11,3,2,5,30,7,1,9,41,49,12,18,14,15,20,17,16,19,13,6,22,23,24,25,26,27,28,29,21,31,32,33,34,35,36,37,38,39,40,10,42,43,44,45,46,47,48,4,50,51,52,53,54,55,56,57,58,59,60,61,62,63,64,65,66,67,68,69,70,71,72,73,74,75,76,77,78,79,80,81,82,83,84,85,86,87,88,89,90,91,92,93,94,95,96,97,98,99,100,101,102,103,104,105,106,107,108,109,110,111,112,113,114,115,116,117,118,119,120,121,122,123,124,125,126,127,128,129,130,131,132,133,134,135,136,137,138,139,140,141,142,143,144,145,146,147,148,149,150,151,152,153,154,155,156,157,158,159,160,161,162,163,164,165,166,167,168,169,170,171,172,173,174,175,176,177,178,179,180,181,182,183,184,185,186,187,188,189,190,191,192,193,194,195,196,197,198,199];False
9834;9410;19244;[19,0,11,3,2,5,30,7,8,9,41,49,12,18,14,15,20,17,16,1,13,6,22,23,24,25,26,27,28,29,21,31,32,33,34,35,36,37,38,39,40,10,42,43,44,45,46,47,48,4,50,51,52,53,54,55,56,57,58,59,60,61,62,63,64,65,66,67,68,69,70,71,72,73,74,75,76,77,78,79,80,81,82,83,84,85,86,87,88,89,90,91,92,93,94,95,96,97,98,99,100,101,102,103,104,105,106,107,108,109,110,111,112,113,114,115,116,117,118,119,120,121,122,123,124,125,126,127,128,129,130,131,132,133,134,135,136,137,138,139,140,141,142,143,144,145,146,147,148,149,150,151,152,153,154,155,156,157,158,159,160,161,162,163,164,165,166,167,168,169,170,171,172,173,174,175,176,177,178,179,180,181,182,183,184,185,186,187,188,189,190,191,192,193,194,195,196,197,198,199];False
9818;9412;19230;[22,0,11,3,2,5,30,7,8,9,41,49,12,18,14,15,20,17,16,19,13,6,1,23,24,25,26,27,28,29,21,31,32,33,34,35,36,37,38,39,40,10,42,43,44,45,46,47,48,4,50,51,52,53,54,55,56,57,58,59,60,61,62,63,64,65,66,67,68,69,70,71,72,73,74,75,76,77,78,79,80,81,82,83,84,85,86,87,88,89,90,91,92,93,94,95,96,97,98,99,100,101,102,103,104,105,106,107,108,109,110,111,112,113,114,115,116,117,118,119,120,121,122,123,124,125,126,127,128,129,130,131,132,133,134,135,136,137,138,139,140,141,142,143,144,145,146,147,148,149,150,151,152,153,154,155,156,157,158,159,160,161,162,163,164,165,166,167,168,169,170,171,172,173,174,175,176,177,178,179,180,181,182,183,184,185,186,187,188,189,190,191,192,193,194,195,196,197,198,199];False
9801;9413;19214;[23,0,11,3,2,5,30,7,8,9,41,49,12,18,14,15,20,17,16,19,13,6,22,1,24,25,26,27,28,29,21,31,32,33,34,35,36,37,38,39,40,10,42,43,44,45,46,47,48,4,50,51,52,53,54,55,56,57,58,59,60,61,62,63,64,65,66,67,68,69,70,71,72,73,74,75,76,77,78,79,80,81,82,83,84,85,86,87,88,89,90,91,92,93,94,95,96,97,98,99,100,101,102,103,104,105,106,107,108,109,110,111,112,113,114,115,116,117,118,119,120,121,122,123,124,125,126,127,128,129,130,131,132,133,134,135,136,137,138,139,140,141,142,143,144,145,146,147,148,149,150,151,152,153,154,155,156,157,158,159,160,161,162,163,164,165,166,167,168,169,170,171,172,173,174,175,176,177,178,179,180,181,182,183,184,185,186,187,188,189,190,191,192,193,194,195,196,197,198,199];False
9764;9426;19190;[1,0,11,3,7,5,30,2,8,9,41,49,12,18,14,15,20,17,16,19,13,6,22,23,24,25,26,27,28,29,21,31,32,33,34,35,36,37,38,39,40,10,42,43,44,45,46,47,48,4,50,51,52,53,54,55,56,57,58,59,60,61,62,63,64,65,66,67,68,69,70,71,72,73,74,75,76,77,78,79,80,81,82,83,84,85,86,87,88,89,90,91,92,93,94,95,96,97,98,99,100,101,102,103,104,105,106,107,108,109,110,111,112,113,114,115,116,117,118,119,120,121,122,123,124,125,126,127,128,129,130,131,132,133,134,135,136,137,138,139,140,141,142,143,144,145,146,147,148,149,150,151,152,153,154,155,156,157,158,159,160,161,162,163,164,165,166,167,168,169,170,171,172,173,174,175,176,177,178,179,180,181,182,183,184,185,186,187,188,189,190,191,192,193,194,195,196,197,198,199];False
9909;9391;19300;[8,0,11,3,1,5,30,2,7,9,41,49,12,18,14,15,20,17,16,19,13,6,22,23,24,25,26,27,28,29,21,31,32,33,34,35,36,37,38,39,40,10,42,43,44,45,46,47,48,4,50,51,52,53,54,55,56,57,58,59,60,61,62,63,64,65,66,67,68,69,70,71,72,73,74,75,76,77,78,79,80,81,82,83,84,85,86,87,88,89,90,91,92,93,94,95,96,97,98,99,100,101,102,103,104,105,106,107,108,109,110,111,112,113,114,115,116,117,118,119,120,121,122,123,124,125,126,127,128,129,130,131,132,133,134,135,136,137,138,139,140,141,142,143,144,145,146,147,148,149,150,151,152,153,154,155,156,157,158,159,160,161,162,163,164,165,166,167,168,169,170,171,172,173,174,175,176,177,178,179,180,181,182,183,184,185,186,187,188,189,190,191,192,193,194,195,196,197,198,199];False
9842;9393;19235;[18,0,11,3,1,5,30,2,8,9,41,49,12,7,14,15,20,17,16,19,13,6,22,23,24,25,26,27,28,29,21,31,32,33,34,35,36,37,38,39,40,10,42,43,44,45,46,47,48,4,50,51,52,53,54,55,56,57,58,59,60,61,62,63,64,65,66,67,68,69,70,71,72,73,74,75,76,77,78,79,80,81,82,83,84,85,86,87,88,89,90,91,92,93,94,95,96,97,98,99,100,101,102,103,104,105,106,107,108,109,110,111,112,113,114,115,116,117,118,119,120,121,122,123,124,125,126,127,128,129,130,131,132,133,134,135,136,137,138,139,140,141,142,143,144,145,146,147,148,149,150,151,152,153,154,155,156,157,158,159,160,161,162,163,164,165,166,167,168,169,170,171,172,173,174,175,176,177,178,179,180,181,182,183,184,185,186,187,188,189,190,191,192,193,194,195,196,197,198,199];False
9840;9389;19229;[14,0,11,3,1,5,30,2,8,9,41,49,12,18,7,15,20,17,16,19,13,6,22,23,24,25,26,27,28,29,21,31,32,33,34,35,36,37,38,39,40,10,42,43,44,45,46,47,48,4,50,51,52,53,54,55,56,57,58,59,60,61,62,63,64,65,66,67,68,69,70,71,72,73,74,75,76,77,78,79,80,81,82,83,84,85,86,87,88,89,90,91,92,93,94,95,96,97,98,99,100,101,102,103,104,105,106,107,108,109,110,111,112,113,114,115,116,117,118,119,120,121,122,123,124,125,126,127,128,129,130,131,132,133,134,135,136,137,138,139,140,141,142,143,144,145,146,147,148,149,150,151,152,153,154,155,156,157,158,159,160,161,162,163,164,165,166,167,168,169,170,171,172,173,174,175,176,177,178,179,180,181,182,183,184,185,186,187,188,189,190,191,192,193,194,195,196,197,198,199];False
9689;9444;19133;[26,0,11,3,1,5,30,2,8,9,41,49,12,18,14,15,20,17,16,19,13,6,22,23,24,25,7,27,28,29,21,31,32,33,34,35,36,37,38,39,40,10,42,43,44,45,46,47,48,4,50,51,52,53,54,55,56,57,58,59,60,61,62,63,64,65,66,67,68,69,70,71,72,73,74,75,76,77,78,79,80,81,82,83,84,85,86,87,88,89,90,91,92,93,94,95,96,97,98,99,100,101,102,103,104,105,106,107,108,109,110,111,112,113,114,115,116,117,118,119,120,121,122,123,124,125,126,127,128,129,130,131,132,133,134,135,136,137,138,139,140,141,142,143,144,145,146,147,148,149,150,151,152,153,154,155,156,157,158,159,160,161,162,163,164,165,166,167,168,169,170,171,172,173,174,175,176,177,178,179,180,181,182,183,184,185,186,187,188,189,190,191,192,193,194,195,196,197,198,199];False
9719;9437;19156;[31,0,11,3,1,5,30,2,8,9,41,49,12,18,14,15,20,17,16,19,13,6,22,23,24,25,26,27,28,29,21,7,32,33,34,35,36,37,38,39,40,10,42,43,44,45,46,47,48,4,50,51,52,53,54,55,56,57,58,59,60,61,62,63,64,65,66,67,68,69,70,71,72,73,74,75,76,77,78,79,80,81,82,83,84,85,86,87,88,89,90,91,92,93,94,95,96,97,98,99,100,101,102,103,104,105,106,107,108,109,110,111,112,113,114,115,116,117,118,119,120,121,122,123,124,125,126,127,128,129,130,131,132,133,134,135,136,137,138,139,140,141,142,143,144,145,146,147,148,149,150,151,152,153,154,155,156,157,158,159,160,161,162,163,164,165,166,167,168,169,170,171,172,173,174,175,176,177,178,179,180,181,182,183,184,185,186,187,188,189,190,191,192,193,194,195,196,197,198,199];False
9821;9410;19231;[37,0,11,3,1,5,30,2,8,9,41,49,12,18,14,15,20,17,16,19,13,6,22,23,24,25,26,27,28,29,21,31,32,33,34,35,36,7,38,39,40,10,42,43,44,45,46,47,48,4,50,51,52,53,54,55,56,57,58,59,60,61,62,63,64,65,66,67,68,69,70,71,72,73,74,75,76,77,78,79,80,81,82,83,84,85,86,87,88,89,90,91,92,93,94,95,96,97,98,99,100,101,102,103,104,105,106,107,108,109,110,111,112,113,114,115,116,117,118,119,120,121,122,123,124,125,126,127,128,129,130,131,132,133,134,135,136,137,138,139,140,141,142,143,144,145,146,147,148,149,150,151,152,153,154,155,156,157,158,159,160,161,162,163,164,165,166,167,168,169,170,171,172,173,174,175,176,177,178,179,180,181,182,183,184,185,186,187,188,189,190,191,192,193,194,195,196,197,198,199];False
9798;9419;19217;[10,0,11,3,1,5,30,2,8,9,41,49,12,18,14,15,20,17,16,19,13,6,22,23,24,25,26,27,28,29,21,31,32,33,34,35,36,37,38,39,40,7,42,43,44,45,46,47,48,4,50,51,52,53,54,55,56,57,58,59,60,61,62,63,64,65,66,67,68,69,70,71,72,73,74,75,76,77,78,79,80,81,82,83,84,85,86,87,88,89,90,91,92,93,94,95,96,97,98,99,100,101,102,103,104,105,106,107,108,109,110,111,112,113,114,115,116,117,118,119,120,121,122,123,124,125,126,127,128,129,130,131,132,133,134,135,136,137,138,139,140,141,142,143,144,145,146,147,148,149,150,151,152,153,154,155,156,157,158,159,160,161,162,163,164,165,166,167,168,169,170,171,172,173,174,175,176,177,178,179,180,181,182,183,184,185,186,187,188,189,190,191,192,193,194,195,196,197,198,199];False
9723;9395;19118;[43,0,11,3,1,5,30,2,8,9,41,49,12,18,14,15,20,17,16,19,13,6,22,23,24,25,26,27,28,29,21,31,32,33,34,35,36,37,38,39,40,10,42,7,44,45,46,47,48,4,50,51,52,53,54,55,56,57,58,59,60,61,62,63,64,65,66,67,68,69,70,71,72,73,74,75,76,77,78,79,80,81,82,83,84,85,86,87,88,89,90,91,92,93,94,95,96,97,98,99,100,101,102,103,104,105,106,107,108,109,110,111,112,113,114,115,116,117,118,119,120,121,122,123,124,125,126,127,128,129,130,131,132,133,134,135,136,137,138,139,140,141,142,143,144,145,146,147,148,149,150,151,152,153,154,155,156,157,158,159,160,161,162,163,164,165,166,167,168,169,170,171,172,173,174,175,176,177,178,179,180,181,182,183,184,185,186,187,188,189,190,191,192,193,194,195,196,197,198,199];False
9369;9575;18944;[1,0,29,3,18,5,26,30,8,9,4,11,12,2,14,15,16,17,10,19,20,41,22,23,24,25,7,27,28,56,21,31,32,33,34,35,36,37,38,39,40,49,42,43,44,45,46,47,48,13,50,51,52,53,54,55,6,57,58,59,60,61,62,63,64,65,66,67,68,69,70,71,72,73,74,75,76,77,78,79,80,81,82,83,84,85,86,87,88,89,90,91,92,93,94,95,96,97,98,99,100,101,102,103,104,105,106,107,108,109,110,111,112,113,114,115,116,117,118,119,120,121,122,123,124,125,126,127,128,129,130,131,132,133,134,135,136,137,138,139,140,141,142,143,144,145,146,147,148,149,150,151,152,153,154,155,156,157,158,159,160,161,162,163,164,165,166,167,168,169,170,171,172,173,174,175,176,177,178,179,180,181,182,183,184,185,186,187,188,189,190,191,192,193,194,195,196,197,198,199];False
9368;9552;18920;[11,0,29,3,1,5,26,30,8,9,4,18,12,2,14,15,16,17,10,19,20,41,22,23,24,25,7,27,28,56,21,31,32,33,34,35,36,37,38,39,40,49,42,43,44,45,46,47,48,13,50,51,52,53,54,55,6,57,58,59,60,61,62,63,64,65,66,67,68,69,70,71,72,73,74,75,76,77,78,79,80,81,82,83,84,85,86,87,88,89,90,91,92,93,94,95,96,97,98,99,100,101,102,103,104,105,106,107,108,109,110,111,112,113,114,115,116,117,118,119,120,121,122,123,124,125,126,127,128,129,130,131,132,133,134,135,136,137,138,139,140,141,142,143,144,145,146,147,148,149,150,151,152,153,154,155,156,157,158,159,160,161,162,163,164,165,166,167,168,169,170,171,172,173,174,175,176,177,178,179,180,181,182,183,184,185,186,187,188,189,190,191,192,193,194,195,196,197,198,199];False
9349;9561;18910;[12,0,29,3,1,5,26,30,8,9,4,11,18,2,14,15,16,17,10,19,20,41,22,23,24,25,7,27,28,56,21,31,32,33,34,35,36,37,38,39,40,49,42,43,44,45,46,47,48,13,50,51,52,53,54,55,6,57,58,59,60,61,62,63,64,65,66,67,68,69,70,71,72,73,74,75,76,77,78,79,80,81,82,83,84,85,86,87,88,89,90,91,92,93,94,95,96,97,98,99,100,101,102,103,104,105,106,107,108,109,110,111,112,113,114,115,116,117,118,119,120,121,122,123,124,125,126,127,128,129,130,131,132,133,134,135,136,137,138,139,140,141,142,143,144,145,146,147,148,149,150,151,152,153,154,155,156,157,158,159,160,161,162,163,164,165,166,167,168,169,170,171,172,173,174,175,176,177,178,179,180,181,182,183,184,185,186,187,188,189,190,191,192,193,194,195,196,197,198,199];False
9314;9569;18883;[2,0,29,3,1,5,26,30,8,9,4,11,12,18,14,15,16,17,10,19,20,41,22,23,24,25,7,27,28,56,21,31,32,33,34,35,36,37,38,39,40,49,42,43,44,45,46,47,48,13,50,51,52,53,54,55,6,57,58,59,60,61,62,63,64,65,66,67,68,69,70,71,72,73,74,75,76,77,78,79,80,81,82,83,84,85,86,87,88,89,90,91,92,93,94,95,96,97,98,99,100,101,102,103,104,105,106,107,108,109,110,111,112,113,114,115,116,117,118,119,120,121,122,123,124,125,126,127,128,129,130,131,132,133,134,135,136,137,138,139,140,141,142,143,144,145,146,147,148,149,150,151,152,153,154,155,156,157,158,159,160,161,162,163,164,165,166,167,168,169,170,171,172,173,174,175,176,177,178,179,180,181,182,183,184,185,186,187,188,189,190,191,192,193,194,195,196,197,198,199];False
9356;9557;18913;[41,0,29,3,1,5,26,30,8,9,4,11,12,2,14,15,16,17,10,19,20,18,22,23,24,25,7,27,28,56,21,31,32,33,34,35,36,37,38,39,40,49,42,43,44,45,46,47,48,13,50,51,52,53,54,55,6,57,58,59,60,61,62,63,64,65,66,67,68,69,70,71,72,73,74,75,76,77,78,79,80,81,82,83,84,85,86,87,88,89,90,91,92,93,94,95,96,97,98,99,100,101,102,103,104,105,106,107,108,109,110,111,112,113,114,115,116,117,118,119,120,121,122,123,124,125,126,127,128,129,130,131,132,133,134,135,136,137,138,139,140,141,142,143,144,145,146,147,148,149,150,151,152,153,154,155,156,157,158,159,160,161,162,163,164,165,166,167,168,169,170,171,172,173,174,175,176,177,178,179,180,181,182,183,184,185,186,187,188,189,190,191,192,193,194,195,196,197,198,199];False
9317;9567;18884;[32,0,29,3,1,5,26,30,8,9,4,11,12,2,14,15,16,17,10,19,20,41,22,23,24,25,7,27,28,56,21,31,18,33,34,35,36,37,38,39,40,49,42,43,44,45,46,47,48,13,50,51,52,53,54,55,6,57,58,59,60,61,62,63,64,65,66,67,68,69,70,71,72,73,74,75,76,77,78,79,80,81,82,83,84,85,86,87,88,89,90,91,92,93,94,95,96,97,98,99,100,101,102,103,104,105,106,107,108,109,110,111,112,113,114,115,116,117,118,119,120,121,122,123,124,125,126,127,128,129,130,131,132,133,134,135,136,137,138,139,140,141,142,143,144,145,146,147,148,149,150,151,152,153,154,155,156,157,158,159,160,161,162,163,164,165,166,167,168,169,170,171,172,173,174,175,176,177,178,179,180,181,182,183,184,185,186,187,188,189,190,191,192,193,194,195,196,197,198,199];False
9377;9548;18925;[43,0,29,3,1,5,26,30,8,9,4,11,12,2,14,15,16,17,10,19,20,41,22,23,24,25,7,27,28,56,21,31,32,33,34,35,36,37,38,39,40,49,42,18,44,45,46,47,48,13,50,51,52,53,54,55,6,57,58,59,60,61,62,63,64,65,66,67,68,69,70,71,72,73,74,75,76,77,78,79,80,81,82,83,84,85,86,87,88,89,90,91,92,93,94,95,96,97,98,99,100,101,102,103,104,105,106,107,108,109,110,111,112,113,114,115,116,117,118,119,120,121,122,123,124,125,126,127,128,129,130,131,132,133,134,135,136,137,138,139,140,141,142,143,144,145,146,147,148,149,150,151,152,153,154,155,156,157,158,159,160,161,162,163,164,165,166,167,168,169,170,171,172,173,174,175,176,177,178,179,180,181,182,183,184,185,186,187,188,189,190,191,192,193,194,195,196,197,198,199];False
9282;9549;18831;[46,0,29,3,1,5,26,30,8,9,4,11,12,2,14,15,16,17,10,19,20,41,22,23,24,25,7,27,28,56,21,31,32,33,34,35,36,37,38,39,40,49,42,43,44,45,18,47,48,13,50,51,52,53,54,55,6,57,58,59,60,61,62,63,64,65,66,67,68,69,70,71,72,73,74,75,76,77,78,79,80,81,82,83,84,85,86,87,88,89,90,91,92,93,94,95,96,97,98,99,100,101,102,103,104,105,106,107,108,109,110,111,112,113,114,115,116,117,118,119,120,121,122,123,124,125,126,127,128,129,130,131,132,133,134,135,136,137,138,139,140,141,142,143,144,145,146,147,148,149,150,151,152,153,154,155,156,157,158,159,160,161,162,163,164,165,166,167,168,169,170,171,172,173,174,175,176,177,178,179,180,181,182,183,184,185,186,187,188,189,190,191,192,193,194,195,196,197,198,199];False
9375;9507;18882;[1,0,29,3,5,43,18,30,8,9,4,11,12,2,14,15,16,17,10,19,20,41,22,23,24,25,26,27,28,56,21,31,32,33,34,35,36,37,38,39,40,49,42,7,44,45,46,47,48,13,50,51,52,53,54,55,6,57,58,59,60,61,62,63,64,65,66,67,68,69,70,71,72,73,74,75,76,77,78,79,80,81,82,83,84,85,86,87,88,89,90,91,92,93,94,95,96,97,98,99,100,101,102,103,104,105,106,107,108,109,110,111,112,113,114,115,116,117,118,119,120,121,122,123,124,125,126,127,128,129,130,131,132,133,134,135,136,137,138,139,140,141,142,143,144,145,146,147,148,149,150,151,152,153,154,155,156,157,158,159,160,161,162,163,164,165,166,167,168,169,170,171,172,173,174,175,176,177,178,179,180,181,182,183,184,185,186,187,188,189,190,191,192,193,194,195,196,197,198,199];False
9348;9498;18846;[11,0,29,3,1,43,18,30,8,9,4,5,12,2,14,15,16,17,10,19,20,41,22,23,24,25,26,27,28,56,21,31,32,33,34,35,36,37,38,39,40,49,42,7,44,45,46,47,48,13,50,51,52,53,54,55,6,57,58,59,60,61,62,63,64,65,66,67,68,69,70,71,72,73,74,75,76,77,78,79,80,81,82,83,84,85,86,87,88,89,90,91,92,93,94,95,96,97,98,99,100,101,102,103,104,105,106,107,108,109,110,111,112,113,114,115,116,117,118,119,120,121,122,123,124,125,126,127,128,129,130,131,132,133,134,135,136,137,138,139,140,141,142,143,144,145,146,147,148,149,150,151,152,153,154,155,156,157,158,159,160,161,162,163,164,165,166,167,168,169,170,171,172,173,174,175,176,177,178,179,180,181,182,183,184,185,186,187,188,189,190,191,192,193,194,195,196,197,198,199];False
9337;9519;18856;[12,0,29,3,1,43,18,30,8,9,4,11,5,2,14,15,16,17,10,19,20,41,22,23,24,25,26,27,28,56,21,31,32,33,34,35,36,37,38,39,40,49,42,7,44,45,46,47,48,13,50,51,52,53,54,55,6,57,58,59,60,61,62,63,64,65,66,67,68,69,70,71,72,73,74,75,76,77,78,79,80,81,82,83,84,85,86,87,88,89,90,91,92,93,94,95,96,97,98,99,100,101,102,103,104,105,106,107,108,109,110,111,112,113,114,115,116,117,118,119,120,121,122,123,124,125,126,127,128,129,130,131,132,133,134,135,136,137,138,139,140,141,142,143,144,145,146,147,148,149,150,151,152,153,154,155,156,157,158,159,160,161,162,163,164,165,166,167,168,169,170,171,172,173,174,175,176,177,178,179,180,181,182,183,184,185,186,187,188,189,190,191,192,193,194,195,196,197,198,199];False
9307;9545;18852;[16,0,29,3,1,43,18,30,8,9,4,11,12,2,14,15,5,17,10,19,20,41,22,23,24,25,26,27,28,56,21,31,32,33,34,35,36,37,38,39,40,49,42,7,44,45,46,47,48,13,50,51,52,53,54,55,6,57,58,59,60,61,62,63,64,65,66,67,68,69,70,71,72,73,74,75,76,77,78,79,80,81,82,83,84,85,86,87,88,89,90,91,92,93,94,95,96,97,98,99,100,101,102,103,104,105,106,107,108,109,110,111,112,113,114,115,116,117,118,119,120,121,122,123,124,125,126,127,128,129,130,131,132,133,134,135,136,137,138,139,140,141,142,143,144,145,146,147,148,149,150,151,152,153,154,155,156,157,158,159,160,161,162,163,164,165,166,167,168,169,170,171,172,173,174,175,176,177,178,179,180,181,182,183,184,185,186,187,188,189,190,191,192,193,194,195,196,197,198,199];False
9346;9495;18841;[20,0,29,3,1,43,18,30,8,9,4,11,12,2,14,15,16,17,10,19,5,41,22,23,24,25,26,27,28,56,21,31,32,33,34,35,36,37,38,39,40,49,42,7,44,45,46,47,48,13,50,51,52,53,54,55,6,57,58,59,60,61,62,63,64,65,66,67,68,69,70,71,72,73,74,75,76,77,78,79,80,81,82,83,84,85,86,87,88,89,90,91,92,93,94,95,96,97,98,99,100,101,102,103,104,105,106,107,108,109,110,111,112,113,114,115,116,117,118,119,120,121,122,123,124,125,126,127,128,129,130,131,132,133,134,135,136,137,138,139,140,141,142,143,144,145,146,147,148,149,150,151,152,153,154,155,156,157,158,159,160,161,162,163,164,165,166,167,168,169,170,171,172,173,174,175,176,177,178,179,180,181,182,183,184,185,186,187,188,189,190,191,192,193,194,195,196,197,198,199];False
9269;9521;18790;[26,0,29,3,1,43,18,30,8,9,4,11,12,2,14,15,16,17,10,19,20,41,22,23,24,25,5,27,28,56,21,31,32,33,34,35,36,37,38,39,40,49,42,7,44,45,46,47,48,13,50,51,52,53,54,55,6,57,58,59,60,61,62,63,64,65,66,67,68,69,70,71,72,73,74,75,76,77,78,79,80,81,82,83,84,85,86,87,88,89,90,91,92,93,94,95,96,97,98,99,100,101,102,103,104,105,106,107,108,109,110,111,112,113,114,115,116,117,118,119,120,121,122,123,124,125,126,127,128,129,130,131,132,133,134,135,136,137,138,139,140,141,142,143,144,145,146,147,148,149,150,151,152,153,154,155,156,157,158,159,160,161,162,163,164,165,166,167,168,169,170,171,172,173,174,175,176,177,178,179,180,181,182,183,184,185,186,187,188,189,190,191,192,193,194,195,196,197,198,199];False
9393;9485;18878;[46,0,29,3,1,43,18,30,8,9,4,11,12,2,14,15,16,17,10,19,20,41,22,23,24,25,26,27,28,56,21,31,32,33,34,35,36,37,38,39,40,49,42,7,44,45,5,47,48,13,50,51,52,53,54,55,6,57,58,59,60,61,62,63,64,65,66,67,68,69,70,71,72,73,74,75,76,77,78,79,80,81,82,83,84,85,86,87,88,89,90,91,92,93,94,95,96,97,98,99,100,101,102,103,104,105,106,107,108,109,110,111,112,113,114,115,116,117,118,119,120,121,122,123,124,125,126,127,128,129,130,131,132,133,134,135,136,137,138,139,140,141,142,143,144,145,146,147,148,149,150,151,152,153,154,155,156,157,158,159,160,161,162,163,164,165,166,167,168,169,170,171,172,173,174,175,176,177,178,179,180,181,182,183,184,185,186,187,188,189,190,191,192,193,194,195,196,197,198,199];False
9316;9501;18817;[51,0,29,3,1,43,18,30,8,9,4,11,12,2,14,15,16,17,10,19,20,41,22,23,24,25,26,27,28,56,21,31,32,33,34,35,36,37,38,39,40,49,42,7,44,45,46,47,48,13,50,5,52,53,54,55,6,57,58,59,60,61,62,63,64,65,66,67,68,69,70,71,72,73,74,75,76,77,78,79,80,81,82,83,84,85,86,87,88,89,90,91,92,93,94,95,96,97,98,99,100,101,102,103,104,105,106,107,108,109,110,111,112,113,114,115,116,117,118,119,120,121,122,123,124,125,126,127,128,129,130,131,132,133,134,135,136,137,138,139,140,141,142,143,144,145,146,147,148,149,150,151,152,153,154,155,156,157,158,159,160,161,162,163,164,165,166,167,168,169,170,171,172,173,174,175,176,177,178,179,180,181,182,183,184,185,186,187,188,189,190,191,192,193,194,195,196,197,198,199];False
9378;9472;18850;[53,0,29,3,1,43,18,30,8,9,4,11,12,2,14,15,16,17,10,19,20,41,22,23,24,25,26,27,28,56,21,31,32,33,34,35,36,37,38,39,40,49,42,7,44,45,46,47,48,13,50,51,52,5,54,55,6,57,58,59,60,61,62,63,64,65,66,67,68,69,70,71,72,73,74,75,76,77,78,79,80,81,82,83,84,85,86,87,88,89,90,91,92,93,94,95,96,97,98,99,100,101,102,103,104,105,106,107,108,109,110,111,112,113,114,115,116,117,118,119,120,121,122,123,124,125,126,127,128,129,130,131,132,133,134,135,136,137,138,139,140,141,142,143,144,145,146,147,148,149,150,151,152,153,154,155,156,157,158,159,160,161,162,163,164,165,166,167,168,169,170,171,172,173,174,175,176,177,178,179,180,181,182,183,184,185,186,187,188,189,190,191,192,193,194,195,196,197,198,199];False
9577;9451;19028;[29,0,2,3,1,11,18,30,8,9,4,49,12,16,14,15,53,17,10,19,20,41,22,23,24,25,26,27,28,56,21,31,32,33,34,35,36,37,38,39,40,7,42,43,44,45,46,47,48,13,50,51,52,5,54,55,6,57,58,59,60,61,62,63,64,65,66,67,68,69,70,71,72,73,74,75,76,77,78,79,80,81,82,83,84,85,86,87,88,89,90,91,92,93,94,95,96,97,98,99,100,101,102,103,104,105,106,107,108,109,110,111,112,113,114,115,116,117,118,119,120,121,122,123,124,125,126,127,128,129,130,131,132,133,134,135,136,137,138,139,140,141,142,143,144,145,146,147,148,149,150,151,152,153,154,155,156,157,158,159,160,161,162,163,164,165,166,167,168,169,170,171,172,173,174,175,176,177,178,179,180,181,182,183,184,185,186,187,188,189,190,191,192,193,194,195,196,197,198,199];False
9660;9435;19095;[10,0,2,3,1,11,18,30,8,9,4,49,12,29,14,15,53,17,16,19,20,41,22,23,24,25,26,27,28,56,21,31,32,33,34,35,36,37,38,39,40,7,42,43,44,45,46,47,48,13,50,51,52,5,54,55,6,57,58,59,60,61,62,63,64,65,66,67,68,69,70,71,72,73,74,75,76,77,78,79,80,81,82,83,84,85,86,87,88,89,90,91,92,93,94,95,96,97,98,99,100,101,102,103,104,105,106,107,108,109,110,111,112,113,114,115,116,117,118,119,120,121,122,123,124,125,126,127,128,129,130,131,132,133,134,135,136,137,138,139,140,141,142,143,144,145,146,147,148,149,150,151,152,153,154,155,156,157,158,159,160,161,162,163,164,165,166,167,168,169,170,171,172,173,174,175,176,177,178,179,180,181,182,183,184,185,186,187,188,189,190,191,192,193,194,195,196,197,198,199];False
9641;9442;19083;[20,0,2,3,1,11,18,30,8,9,4,49,12,29,14,15,53,17,10,19,16,41,22,23,24,25,26,27,28,56,21,31,32,33,34,35,36,37,38,39,40,7,42,43,44,45,46,47,48,13,50,51,52,5,54,55,6,57,58,59,60,61,62,63,64,65,66,67,68,69,70,71,72,73,74,75,76,77,78,79,80,81,82,83,84,85,86,87,88,89,90,91,92,93,94,95,96,97,98,99,100,101,102,103,104,105,106,107,108,109,110,111,112,113,114,115,116,117,118,119,120,121,122,123,124,125,126,127,128,129,130,131,132,133,134,135,136,137,138,139,140,141,142,143,144,145,146,147,148,149,150,151,152,153,154,155,156,157,158,159,160,161,162,163,164,165,166,167,168,169,170,171,172,173,174,175,176,177,178,179,180,181,182,183,184,185,186,187,188,189,190,191,192,193,194,195,196,197,198,199];False
9618;9440;19058;[32,0,2,3,1,11,18,30,8,9,4,49,12,29,14,15,53,17,10,19,20,41,22,23,24,25,26,27,28,56,21,31,16,33,34,35,36,37,38,39,40,7,42,43,44,45,46,47,48,13,50,51,52,5,54,55,6,57,58,59,60,61,62,63,64,65,66,67,68,69,70,71,72,73,74,75,76,77,78,79,80,81,82,83,84,85,86,87,88,89,90,91,92,93,94,95,96,97,98,99,100,101,102,103,104,105,106,107,108,109,110,111,112,113,114,115,116,117,118,119,120,121,122,123,124,125,126,127,128,129,130,131,132,133,134,135,136,137,138,139,140,141,142,143,144,145,146,147,148,149,150,151,152,153,154,155,156,157,158,159,160,161,162,163,164,165,166,167,168,169,170,171,172,173,174,175,176,177,178,179,180,181,182,183,184,185,186,187,188,189,190,191,192,193,194,195,196,197,198,199];False
10123;9376;19499;[31,0,2,3,1,49,30,7,8,9,41,11,12,18,14,15,53,17,16,19,13,6,22,23,24,25,26,27,28,29,21,34,32,33,20,35,36,37,38,39,40,10,42,43,44,45,46,47,48,4,50,51,52,5,54,55,56,57,58,59,60,61,62,63,64,65,66,67,68,69,70,71,72,73,74,75,76,77,78,79,80,81,82,83,84,85,86,87,88,89,90,91,92,93,94,95,96,97,98,99,100,101,102,103,104,105,106,107,108,109,110,111,112,113,114,115,116,117,118,119,120,121,122,123,124,125,126,127,128,129,130,131,132,133,134,135,136,137,138,139,140,141,142,143,144,145,146,147,148,149,150,151,152,153,154,155,156,157,158,159,160,161,162,163,164,165,166,167,168,169,170,171,172,173,174,175,176,177,178,179,180,181,182,183,184,185,186,187,188,189,190,191,192,193,194,195,196,197,198,199];False
10022;9368;19390;[32,0,2,3,1,49,30,7,8,9,41,11,12,18,14,15,53,17,16,19,13,6,22,23,24,25,26,27,28,29,21,31,34,33,20,35,36,37,38,39,40,10,42,43,44,45,46,47,48,4,50,51,52,5,54,55,56,57,58,59,60,61,62,63,64,65,66,67,68,69,70,71,72,73,74,75,76,77,78,79,80,81,82,83,84,85,86,87,88,89,90,91,92,93,94,95,96,97,98,99,100,101,102,103,104,105,106,107,108,109,110,111,112,113,114,115,116,117,118,119,120,121,122,123,124,125,126,127,128,129,130,131,132,133,134,135,136,137,138,139,140,141,142,143,144,145,146,147,148,149,150,151,152,153,154,155,156,157,158,159,160,161,162,163,164,165,166,167,168,169,170,171,172,173,174,175,176,177,178,179,180,181,182,183,184,185,186,187,188,189,190,191,192,193,194,195,196,197,198,199];False
10144;9337;19481;[52,0,2,3,1,49,30,7,8,9,41,11,12,18,14,15,53,17,16,19,13,6,22,23,24,25,26,27,28,29,21,31,32,33,20,35,36,37,38,39,40,10,42,43,44,45,46,47,48,4,50,51,34,5,54,55,56,57,58,59,60,61,62,63,64,65,66,67,68,69,70,71,72,73,74,75,76,77,78,79,80,81,82,83,84,85,86,87,88,89,90,91,92,93,94,95,96,97,98,99,100,101,102,103,104,105,106,107,108,109,110,111,112,113,114,115,116,117,118,119,120,121,122,123,124,125,126,127,128,129,130,131,132,133,134,135,136,137,138,139,140,141,142,143,144,145,146,147,148,149,150,151,152,153,154,155,156,157,158,159,160,161,162,163,164,165,166,167,168,169,170,171,172,173,174,175,176,177,178,179,180,181,182,183,184,185,186,187,188,189,190,191,192,193,194,195,196,197,198,199];False
10100;9363;19463;[63,0,2,3,1,49,30,7,8,9,41,11,12,18,14,15,53,17,16,19,13,6,22,23,24,25,26,27,28,29,21,31,32,33,20,35,36,37,38,39,40,10,42,43,44,45,46,47,48,4,50,51,52,5,54,55,56,57,58,59,60,61,62,34,64,65,66,67,68,69,70,71,72,73,74,75,76,77,78,79,80,81,82,83,84,85,86,87,88,89,90,91,92,93,94,95,96,97,98,99,100,101,102,103,104,105,106,107,108,109,110,111,112,113,114,115,116,117,118,119,120,121,122,123,124,125,126,127,128,129,130,131,132,133,134,135,136,137,138,139,140,141,142,143,144,145,146,147,148,149,150,151,152,153,154,155,156,157,158,159,160,161,162,163,164,165,166,167,168,169,170,171,172,173,174,175,176,177,178,179,180,181,182,183,184,185,186,187,188,189,190,191,192,193,194,195,196,197,198,199];False
10164;9329;19493;[64,0,2,3,1,49,30,7,8,9,41,11,12,18,14,15,53,17,16,19,13,6,22,23,24,25,26,27,28,29,21,31,32,33,20,35,36,37,38,39,40,10,42,43,44,45,46,47,48,4,50,51,52,5,54,55,56,57,58,59,60,61,62,63,34,65,66,67,68,69,70,71,72,73,74,75,76,77,78,79,80,81,82,83,84,85,86,87,88,89,90,91,92,93,94,95,96,97,98,99,100,101,102,103,104,105,106,107,108,109,110,111,112,113,114,115,116,117,118,119,120,121,122,123,124,125,126,127,128,129,130,131,132,133,134,135,136,137,138,139,140,141,142,143,144,145,146,147,148,149,150,151,152,153,154,155,156,157,158,159,160,161,162,163,164,165,166,167,168,169,170,171,172,173,174,175,176,177,178,179,180,181,182,183,184,185,186,187,188,189,190,191,192,193,194,195,196,197,198,199];False
10097;9360;19457;[66,0,2,3,1,49,30,7,8,9,41,11,12,18,14,15,53,17,16,19,13,6,22,23,24,25,26,27,28,29,21,31,32,33,20,35,36,37,38,39,40,10,42,43,44,45,46,47,48,4,50,51,52,5,54,55,56,57,58,59,60,61,62,63,64,65,34,67,68,69,70,71,72,73,74,75,76,77,78,79,80,81,82,83,84,85,86,87,88,89,90,91,92,93,94,95,96,97,98,99,100,101,102,103,104,105,106,107,108,109,110,111,112,113,114,115,116,117,118,119,120,121,122,123,124,125,126,127,128,129,130,131,132,133,134,135,136,137,138,139,140,141,142,143,144,145,146,147,148,149,150,151,152,153,154,155,156,157,158,159,160,161,162,163,164,165,166,167,168,169,170,171,172,173,174,175,176,177,178,179,180,181,182,183,184,185,186,187,188,189,190,191,192,193,194,195,196,197,198,199];False
10031;9353;19384;[90,0,2,3,1,49,30,7,8,9,41,11,12,18,14,15,53,17,16,19,13,6,22,23,24,25,26,27,28,29,21,31,32,33,20,35,36,37,38,39,40,10,42,43,44,45,46,47,48,4,50,51,52,5,54,55,56,57,58,59,60,61,62,63,64,65,66,67,68,69,70,71,72,73,74,75,76,77,78,79,80,81,82,83,84,85,86,87,88,89,34,91,92,93,94,95,96,97,98,99,100,101,102,103,104,105,106,107,108,109,110,111,112,113,114,115,116,117,118,119,120,121,122,123,124,125,126,127,128,129,130,131,132,133,134,135,136,137,138,139,140,141,142,143,144,145,146,147,148,149,150,151,152,153,154,155,156,157,158,159,160,161,162,163,164,165,166,167,168,169,170,171,172,173,174,175,176,177,178,179,180,181,182,183,184,185,186,187,188,189,190,191,192,193,194,195,196,197,198,199];False
9940;9376;19316;[2,0,32,3,1,49,30,7,8,9,41,11,12,18,14,15,20,17,16,19,13,6,22,23,24,25,26,27,28,53,21,31,29,33,34,35,36,37,38,39,40,10,42,43,44,45,46,47,48,4,50,51,52,5,54,55,56,57,58,59,60,61,62,63,64,65,66,67,68,69,70,71,72,73,74,75,76,77,78,79,80,81,82,83,84,85,86,87,88,89,90,91,92,93,94,95,96,97,98,99,100,101,102,103,104,105,106,107,108,109,110,111,112,113,114,115,116,117,118,119,120,121,122,123,124,125,126,127,128,129,130,131,132,133,134,135,136,137,138,139,140,141,142,143,144,145,146,147,148,149,150,151,152,153,154,155,156,157,158,159,160,161,162,163,164,165,166,167,168,169,170,171,172,173,174,175,176,177,178,179,180,181,182,183,184,185,186,187,188,189,190,191,192,193,194,195,196,197,198,199];False
9878;9375;19253;[8,0,11,3,1,5,30,2,14,9,41,49,12,18,7,15,20,17,16,19,13,6,22,23,24,25,26,27,28,29,21,31,32,33,34,35,36,37,38,39,40,10,42,43,44,45,46,47,48,4,50,51,52,53,54,55,56,57,58,59,60,61,62,63,64,65,66,67,68,69,70,71,72,73,74,75,76,77,78,79,80,81,82,83,84,85,86,87,88,89,90,91,92,93,94,95,96,97,98,99,100,101,102,103,104,105,106,107,108,109,110,111,112,113,114,115,116,117,118,119,120,121,122,123,124,125,126,127,128,129,130,131,132,133,134,135,136,137,138,139,140,141,142,143,144,145,146,147,148,149,150,151,152,153,154,155,156,157,158,159,160,161,162,163,164,165,166,167,168,169,170,171,172,173,174,175,176,177,178,179,180,181,182,183,184,185,186,187,188,189,190,191,192,193,194,195,196,197,198,199];False
9785;9362;19147;[19,0,11,3,1,5,30,2,8,9,41,49,12,18,7,15,20,17,16,14,13,6,22,23,24,25,26,27,28,29,21,31,32,33,34,35,36,37,38,39,40,10,42,43,44,45,46,47,48,4,50,51,52,53,54,55,56,57,58,59,60,61,62,63,64,65,66,67,68,69,70,71,72,73,74,75,76,77,78,79,80,81,82,83,84,85,86,87,88,89,90,91,92,93,94,95,96,97,98,99,100,101,102,103,104,105,106,107,108,109,110,111,112,113,114,115,116,117,118,119,120,121,122,123,124,125,126,127,128,129,130,131,132,133,134,135,136,137,138,139,140,141,142,143,144,145,146,147,148,149,150,151,152,153,154,155,156,157,158,159,160,161,162,163,164,165,166,167,168,169,170,171,172,173,174,175,176,177,178,179,180,181,182,183,184,185,186,187,188,189,190,191,192,193,194,195,196,197,198,199];False
9619;9409;19028;[0,43,11,3,1,5,30,2,8,9,41,49,12,18,14,15,20,17,16,19,13,6,22,23,24,25,26,27,28,29,21,31,32,33,34,35,36,37,38,39,40,10,42,7,44,45,46,47,48,4,50,51,52,53,54,55,56,57,58,59,60,61,62,63,64,65,66,67,68,69,70,71,72,73,74,75,76,77,78,79,80,81,82,83,84,85,86,87,88,89,90,91,92,93,94,95,96,97,98,99,100,101,102,103,104,105,106,107,108,109,110,111,112,113,114,115,116,117,118,119,120,121,122,123,124,125,126,127,128,129,130,131,132,133,134,135,136,137,138,139,140,141,142,143,144,145,146,147,148,149,150,151,152,153,154,155,156,157,158,159,160,161,162,163,164,165,166,167,168,169,170,171,172,173,174,175,176,177,178,179,180,181,182,183,184,185,186,187,188,189,190,191,192,193,194,195,196,197,198,199];False
9715;9388;19103;[5,0,11,3,1,43,30,2,8,9,41,49,12,18,14,15,20,17,16,19,13,6,22,23,24,25,26,27,28,29,21,31,32,33,34,35,36,37,38,39,40,10,42,7,44,45,46,47,48,4,50,51,52,53,54,55,56,57,58,59,60,61,62,63,64,65,66,67,68,69,70,71,72,73,74,75,76,77,78,79,80,81,82,83,84,85,86,87,88,89,90,91,92,93,94,95,96,97,98,99,100,101,102,103,104,105,106,107,108,109,110,111,112,113,114,115,116,117,118,119,120,121,122,123,124,125,126,127,128,129,130,131,132,133,134,135,136,137,138,139,140,141,142,143,144,145,146,147,148,149,150,151,152,153,154,155,156,157,158,159,160,161,162,163,164,165,166,167,168,169,170,171,172,173,174,175,176,177,178,179,180,181,182,183,184,185,186,187,188,189,190,191,192,193,194,195,196,197,198,199];False
9289;9490;18779;[16,0,29,3,1,43,18,30,8,9,4,11,12,2,14,15,20,17,10,19,5,41,22,23,24,25,26,27,28,56,21,31,32,33,34,35,36,37,38,39,40,49,42,7,44,45,46,47,48,13,50,51,52,53,54,55,6,57,58,59,60,61,62,63,64,65,66,67,68,69,70,71,72,73,74,75,76,77,78,79,80,81,82,83,84,85,86,87,88,89,90,91,92,93,94,95,96,97,98,99,100,101,102,103,104,105,106,107,108,109,110,111,112,113,114,115,116,117,118,119,120,121,122,123,124,125,126,127,128,129,130,131,132,133,134,135,136,137,138,139,140,141,142,143,144,145,146,147,148,149,150,151,152,153,154,155,156,157,158,159,160,161,162,163,164,165,166,167,168,169,170,171,172,173,174,175,176,177,178,179,180,181,182,183,184,185,186,187,188,189,190,191,192,193,194,195,196,197,198,199];False
9369;9488;18857;[29,0,26,3,1,43,18,30,8,9,4,11,12,2,14,15,16,17,10,19,20,41,22,23,24,25,5,27,28,56,21,31,32,33,34,35,36,37,38,39,40,49,42,7,44,45,46,47,48,13,50,51,52,53,54,55,6,57,58,59,60,61,62,63,64,65,66,67,68,69,70,71,72,73,74,75,76,77,78,79,80,81,82,83,84,85,86,87,88,89,90,91,92,93,94,95,96,97,98,99,100,101,102,103,104,105,106,107,108,109,110,111,112,113,114,115,116,117,118,119,120,121,122,123,124,125,126,127,128,129,130,131,132,133,134,135,136,137,138,139,140,141,142,143,144,145,146,147,148,149,150,151,152,153,154,155,156,157,158,159,160,161,162,163,164,165,166,167,168,169,170,171,172,173,174,175,176,177,178,179,180,181,182,183,184,185,186,187,188,189,190,191,192,193,194,195,196,197,198,199];False
9215;9501;18716;[1,0,29,3,26,43,18,30,8,9,4,11,12,2,14,15,16,17,10,19,20,41,22,23,24,25,5,27,28,56,21,31,32,33,34,35,36,37,38,39,40,49,42,7,44,45,46,47,48,13,50,51,52,53,54,55,6,57,58,59,60,61,62,63,64,65,66,67,68,69,70,71,72,73,74,75,76,77,78,79,80,81,82,83,84,85,86,87,88,89,90,91,92,93,94,95,96,97,98,99,100,101,102,103,104,105,106,107,108,109,110,111,112,113,114,115,116,117,118,119,120,121,122,123,124,125,126,127,128,129,130,131,132,133,134,135,136,137,138,139,140,141,142,143,144,145,146,147,148,149,150,151,152,153,154,155,156,157,158,159,160,161,162,163,164,165,166,167,168,169,170,171,172,173,174,175,176,177,178,179,180,181,182,183,184,185,186,187,188,189,190,191,192,193,194,195,196,197,198,199];False
9387;9453;18840;[16,0,29,3,1,43,18,30,8,9,4,11,12,2,14,15,53,17,10,19,20,41,22,23,24,25,26,27,28,56,21,31,32,33,34,35,36,37,38,39,40,49,42,7,44,45,46,47,48,13,50,51,52,5,54,55,6,57,58,59,60,61,62,63,64,65,66,67,68,69,70,71,72,73,74,75,76,77,78,79,80,81,82,83,84,85,86,87,88,89,90,91,92,93,94,95,96,97,98,99,100,101,102,103,104,105,106,107,108,109,110,111,112,113,114,115,116,117,118,119,120,121,122,123,124,125,126,127,128,129,130,131,132,133,134,135,136,137,138,139,140,141,142,143,144,145,146,147,148,149,150,151,152,153,154,155,156,157,158,159,160,161,162,163,164,165,166,167,168,169,170,171,172,173,174,175,176,177,178,179,180,181,182,183,184,185,186,187,188,189,190,191,192,193,194,195,196,197,198,199];False
9484;9451;18935;[19,0,29,3,1,43,18,30,8,9,4,11,12,2,14,15,16,17,10,53,20,41,22,23,24,25,26,27,28,56,21,31,32,33,34,35,36,37,38,39,40,49,42,7,44,45,46,47,48,13,50,51,52,5,54,55,6,57,58,59,60,61,62,63,64,65,66,67,68,69,70,71,72,73,74,75,76,77,78,79,80,81,82,83,84,85,86,87,88,89,90,91,92,93,94,95,96,97,98,99,100,101,102,103,104,105,106,107,108,109,110,111,112,113,114,115,116,117,118,119,120,121,122,123,124,125,126,127,128,129,130,131,132,133,134,135,136,137,138,139,140,141,142,143,144,145,146,147,148,149,150,151,152,153,154,155,156,157,158,159,160,161,162,163,164,165,166,167,168,169,170,171,172,173,174,175,176,177,178,179,180,181,182,183,184,185,186,187,188,189,190,191,192,193,194,195,196,197,198,199];False
9329;9469;18798;[32,0,29,3,1,43,18,30,8,9,4,11,12,2,14,15,16,17,10,19,20,41,22,23,24,25,26,27,28,56,21,31,53,33,34,35,36,37,38,39,40,49,42,7,44,45,46,47,48,13,50,51,52,5,54,55,6,57,58,59,60,61,62,63,64,65,66,67,68,69,70,71,72,73,74,75,76,77,78,79,80,81,82,83,84,85,86,87,88,89,90,91,92,93,94,95,96,97,98,99,100,101,102,103,104,105,106,107,108,109,110,111,112,113,114,115,116,117,118,119,120,121,122,123,124,125,126,127,128,129,130,131,132,133,134,135,136,137,138,139,140,141,142,143,144,145,146,147,148,149,150,151,152,153,154,155,156,157,158,159,160,161,162,163,164,165,166,167,168,169,170,171,172,173,174,175,176,177,178,179,180,181,182,183,184,185,186,187,188,189,190,191,192,193,194,195,196,197,198,199];False
9581;9436;19017;[2,0,32,3,1,11,18,30,8,9,4,49,12,29,14,15,53,17,10,19,20,41,22,23,24,25,26,27,28,56,21,31,16,33,34,35,36,37,38,39,40,7,42,43,44,45,46,47,48,13,50,51,52,5,54,55,6,57,58,59,60,61,62,63,64,65,66,67,68,69,70,71,72,73,74,75,76,77,78,79,80,81,82,83,84,85,86,87,88,89,90,91,92,93,94,95,96,97,98,99,100,101,102,103,104,105,106,107,108,109,110,111,112,113,114,115,116,117,118,119,120,121,122,123,124,125,126,127,128,129,130,131,132,133,134,135,136,137,138,139,140,141,142,143,144,145,146,147,148,149,150,151,152,153,154,155,156,157,158,159,160,161,162,163,164,165,166,167,168,169,170,171,172,173,174,175,176,177,178,179,180,181,182,183,184,185,186,187,188,189,190,191,192,193,194,195,196,197,198,199];False
10108;9333;19441;[0,52,2,3,1,49,30,7,8,9,41,11,12,18,14,15,53,17,16,19,13,6,22,23,24,25,26,27,28,29,21,31,32,33,20,35,36,37,38,39,40,10,42,43,44,45,46,47,48,4,50,51,34,5,54,55,56,57,58,59,60,61,62,63,64,65,66,67,68,69,70,71,72,73,74,75,76,77,78,79,80,81,82,83,84,85,86,87,88,89,90,91,92,93,94,95,96,97,98,99,100,101,102,103,104,105,106,107,108,109,110,111,112,113,114,115,116,117,118,119,120,121,122,123,124,125,126,127,128,129,130,131,132,133,134,135,136,137,138,139,140,141,142,143,144,145,146,147,148,149,150,151,152,153,154,155,156,157,158,159,160,161,162,163,164,165,166,167,168,169,170,171,172,173,174,175,176,177,178,179,180,181,182,183,184,185,186,187,188,189,190,191,192,193,194,195,196,197,198,199];False
10081;9315;19396;[49,0,2,3,1,64,30,7,8,9,41,11,12,18,14,15,53,17,16,19,13,6,22,23,24,25,26,27,28,29,21,31,32,33,20,35,36,37,38,39,40,10,42,43,44,45,46,47,48,4,50,51,52,5,54,55,56,57,58,59,60,61,62,63,34,65,66,67,68,69,70,71,72,73,74,75,76,77,78,79,80,81,82,83,84,85,86,87,88,89,90,91,92,93,94,95,96,97,98,99,100,101,102,103,104,105,106,107,108,109,110,111,112,113,114,115,116,117,118,119,120,121,122,123,124,125,126,127,128,129,130,131,132,133,134,135,136,137,138,139,140,141,142,143,144,145,146,147,148,149,150,151,152,153,154,155,156,157,158,159,160,161,162,163,164,165,166,167,168,169,170,171,172,173,174,175,176,177,178,179,180,181,182,183,184,185,186,187,188,189,190,191,192,193,194,195,196,197,198,199];False
9957;9357;19314;[32,0,2,3,1,49,30,7,8,9,41,11,12,18,14,15,53,17,16,19,13,6,22,23,24,25,26,27,28,29,21,31,90,33,20,35,36,37,38,39,40,10,42,43,44,45,46,47,48,4,50,51,52,5,54,55,56,57,58,59,60,61,62,63,64,65,66,67,68,69,70,71,72,73,74,75,76,77,78,79,80,81,82,83,84,85,86,87,88,89,34,91,92,93,94,95,96,97,98,99,100,101,102,103,104,105,106,107,108,109,110,111,112,113,114,115,116,117,118,119,120,121,122,123,124,125,126,127,128,129,130,131,132,133,134,135,136,137,138,139,140,141,142,143,144,145,146,147,148,149,150,151,152,153,154,155,156,157,158,159,160,161,162,163,164,165,166,167,168,169,170,171,172,173,174,175,176,177,178,179,180,181,182,183,184,185,186,187,188,189,190,191,192,193,194,195,196,197,198,199];False
9960;9344;19304;[66,0,2,3,1,49,30,7,8,9,41,11,12,18,14,15,53,17,16,19,13,6,22,23,24,25,26,27,28,29,21,31,32,33,20,35,36,37,38,39,40,10,42,43,44,45,46,47,48,4,50,51,52,5,54,55,56,57,58,59,60,61,62,63,64,65,90,67,68,69,70,71,72,73,74,75,76,77,78,79,80,81,82,83,84,85,86,87,88,89,34,91,92,93,94,95,96,97,98,99,100,101,102,103,104,105,106,107,108,109,110,111,112,113,114,115,116,117,118,119,120,121,122,123,124,125,126,127,128,129,130,131,132,133,134,135,136,137,138,139,140,141,142,143,144,145,146,147,148,149,150,151,152,153,154,155,156,157,158,159,160,161,162,163,164,165,166,167,168,169,170,171,172,173,174,175,176,177,178,179,180,181,182,183,184,185,186,187,188,189,190,191,192,193,194,195,196,197,198,199];False
9742;9384;19126;[27,0,11,3,1,5,30,2,8,9,41,49,12,18,7,15,20,17,16,14,13,6,22,23,24,25,26,19,28,29,21,31,32,33,34,35,36,37,38,39,40,10,42,43,44,45,46,47,48,4,50,51,52,53,54,55,56,57,58,59,60,61,62,63,64,65,66,67,68,69,70,71,72,73,74,75,76,77,78,79,80,81,82,83,84,85,86,87,88,89,90,91,92,93,94,95,96,97,98,99,100,101,102,103,104,105,106,107,108,109,110,111,112,113,114,115,116,117,118,119,120,121,122,123,124,125,126,127,128,129,130,131,132,133,134,135,136,137,138,139,140,141,142,143,144,145,146,147,148,149,150,151,152,153,154,155,156,157,158,159,160,161,162,163,164,165,166,167,168,169,170,171,172,173,174,175,176,177,178,179,180,181,182,183,184,185,186,187,188,189,190,191,192,193,194,195,196,197,198,199];False
9702;9382;19084;[28,0,11,3,1,5,30,2,8,9,41,49,12,18,7,15,20,17,16,14,13,6,22,23,24,25,26,27,19,29,21,31,32,33,34,35,36,37,38,39,40,10,42,43,44,45,46,47,48,4,50,51,52,53,54,55,56,57,58,59,60,61,62,63,64,65,66,67,68,69,70,71,72,73,74,75,76,77,78,79,80,81,82,83,84,85,86,87,88,89,90,91,92,93,94,95,96,97,98,99,100,101,102,103,104,105,106,107,108,109,110,111,112,113,114,115,116,117,118,119,120,121,122,123,124,125,126,127,128,129,130,131,132,133,134,135,136,137,138,139,140,141,142,143,144,145,146,147,148,149,150,151,152,153,154,155,156,157,158,159,160,161,162,163,164,165,166,167,168,169,170,171,172,173,174,175,176,177,178,179,180,181,182,183,184,185,186,187,188,189,190,191,192,193,194,195,196,197,198,199];False
9765;9371;19136;[31,0,11,3,1,5,30,2,8,9,41,49,12,18,7,15,20,17,16,14,13,6,22,23,24,25,26,27,28,29,21,19,32,33,34,35,36,37,38,39,40,10,42,43,44,45,46,47,48,4,50,51,52,53,54,55,56,57,58,59,60,61,62,63,64,65,66,67,68,69,70,71,72,73,74,75,76,77,78,79,80,81,82,83,84,85,86,87,88,89,90,91,92,93,94,95,96,97,98,99,100,101,102,103,104,105,106,107,108,109,110,111,112,113,114,115,116,117,118,119,120,121,122,123,124,125,126,127,128,129,130,131,132,133,134,135,136,137,138,139,140,141,142,143,144,145,146,147,148,149,150,151,152,153,154,155,156,157,158,159,160,161,162,163,164,165,166,167,168,169,170,171,172,173,174,175,176,177,178,179,180,181,182,183,184,185,186,187,188,189,190,191,192,193,194,195,196,197,198,199];False
9691;9359;19050;[32,0,11,3,1,5,30,2,8,9,41,49,12,18,7,15,20,17,16,14,13,6,22,23,24,25,26,27,28,29,21,31,19,33,34,35,36,37,38,39,40,10,42,43,44,45,46,47,48,4,50,51,52,53,54,55,56,57,58,59,60,61,62,63,64,65,66,67,68,69,70,71,72,73,74,75,76,77,78,79,80,81,82,83,84,85,86,87,88,89,90,91,92,93,94,95,96,97,98,99,100,101,102,103,104,105,106,107,108,109,110,111,112,113,114,115,116,117,118,119,120,121,122,123,124,125,126,127,128,129,130,131,132,133,134,135,136,137,138,139,140,141,142,143,144,145,146,147,148,149,150,151,152,153,154,155,156,157,158,159,160,161,162,163,164,165,166,167,168,169,170,171,172,173,174,175,176,177,178,179,180,181,182,183,184,185,186,187,188,189,190,191,192,193,194,195,196,197,198,199];False
9601;9373;18974;[8,43,11,3,1,5,30,2,0,9,41,49,12,18,14,15,20,17,16,19,13,6,22,23,24,25,26,27,28,29,21,31,32,33,34,35,36,37,38,39,40,10,42,7,44,45,46,47,48,4,50,51,52,53,54,55,56,57,58,59,60,61,62,63,64,65,66,67,68,69,70,71,72,73,74,75,76,77,78,79,80,81,82,83,84,85,86,87,88,89,90,91,92,93,94,95,96,97,98,99,100,101,102,103,104,105,106,107,108,109,110,111,112,113,114,115,116,117,118,119,120,121,122,123,124,125,126,127,128,129,130,131,132,133,134,135,136,137,138,139,140,141,142,143,144,145,146,147,148,149,150,151,152,153,154,155,156,157,158,159,160,161,162,163,164,165,166,167,168,169,170,171,172,173,174,175,176,177,178,179,180,181,182,183,184,185,186,187,188,189,190,191,192,193,194,195,196,197,198,199];False
9310;9475;18785;[10,0,29,3,1,43,18,30,8,9,4,11,12,2,14,15,20,17,16,19,5,41,22,23,24,25,26,27,28,56,21,31,32,33,34,35,36,37,38,39,40,49,42,7,44,45,46,47,48,13,50,51,52,53,54,55,6,57,58,59,60,61,62,63,64,65,66,67,68,69,70,71,72,73,74,75,76,77,78,79,80,81,82,83,84,85,86,87,88,89,90,91,92,93,94,95,96,97,98,99,100,101,102,103,104,105,106,107,108,109,110,111,112,113,114,115,116,117,118,119,120,121,122,123,124,125,126,127,128,129,130,131,132,133,134,135,136,137,138,139,140,141,142,143,144,145,146,147,148,149,150,151,152,153,154,155,156,157,158,159,160,161,162,163,164,165,166,167,168,169,170,171,172,173,174,175,176,177,178,179,180,181,182,183,184,185,186,187,188,189,190,191,192,193,194,195,196,197,198,199];False
9207;9542;18749;[26,0,29,3,1,43,18,30,8,9,4,11,12,2,14,15,20,17,10,19,5,41,22,23,24,25,16,27,28,56,21,31,32,33,34,35,36,37,38,39,40,49,42,7,44,45,46,47,48,13,50,51,52,53,54,55,6,57,58,59,60,61,62,63,64,65,66,67,68,69,70,71,72,73,74,75,76,77,78,79,80,81,82,83,84,85,86,87,88,89,90,91,92,93,94,95,96,97,98,99,100,101,102,103,104,105,106,107,108,109,110,111,112,113,114,115,116,117,118,119,120,121,122,123,124,125,126,127,128,129,130,131,132,133,134,135,136,137,138,139,140,141,142,143,144,145,146,147,148,149,150,151,152,153,154,155,156,157,158,159,160,161,162,163,164,165,166,167,168,169,170,171,172,173,174,175,176,177,178,179,180,181,182,183,184,185,186,187,188,189,190,191,192,193,194,195,196,197,198,199];False
9268;9480;18748;[32,0,29,3,1,43,18,30,8,9,4,11,12,2,14,15,20,17,10,19,5,41,22,23,24,25,26,27,28,56,21,31,16,33,34,35,36,37,38,39,40,49,42,7,44,45,46,47,48,13,50,51,52,53,54,55,6,57,58,59,60,61,62,63,64,65,66,67,68,69,70,71,72,73,74,75,76,77,78,79,80,81,82,83,84,85,86,87,88,89,90,91,92,93,94,95,96,97,98,99,100,101,102,103,104,105,106,107,108,109,110,111,112,113,114,115,116,117,118,119,120,121,122,123,124,125,126,127,128,129,130,131,132,133,134,135,136,137,138,139,140,141,142,143,144,145,146,147,148,149,150,151,152,153,154,155,156,157,158,159,160,161,162,163,164,165,166,167,168,169,170,171,172,173,174,175,176,177,178,179,180,181,182,183,184,185,186,187,188,189,190,191,192,193,194,195,196,197,198,199];False
9164;9501;18665;[11,0,29,3,26,43,18,30,8,9,4,1,12,2,14,15,16,17,10,19,20,41,22,23,24,25,5,27,28,56,21,31,32,33,34,35,36,37,38,39,40,49,42,7,44,45,46,47,48,13,50,51,52,53,54,55,6,57,58,59,60,61,62,63,64,65,66,67,68,69,70,71,72,73,74,75,76,77,78,79,80,81,82,83,84,85,86,87,88,89,90,91,92,93,94,95,96,97,98,99,100,101,102,103,104,105,106,107,108,109,110,111,112,113,114,115,116,117,118,119,120,121,122,123,124,125,126,127,128,129,130,131,132,133,134,135,136,137,138,139,140,141,142,143,144,145,146,147,148,149,150,151,152,153,154,155,156,157,158,159,160,161,162,163,164,165,166,167,168,169,170,171,172,173,174,175,176,177,178,179,180,181,182,183,184,185,186,187,188,189,190,191,192,193,194,195,196,197,198,199];False
9408;9438;18846;[10,0,29,3,1,43,18,30,8,9,4,11,12,2,14,15,53,17,16,19,20,41,22,23,24,25,26,27,28,56,21,31,32,33,34,35,36,37,38,39,40,49,42,7,44,45,46,47,48,13,50,51,52,5,54,55,6,57,58,59,60,61,62,63,64,65,66,67,68,69,70,71,72,73,74,75,76,77,78,79,80,81,82,83,84,85,86,87,88,89,90,91,92,93,94,95,96,97,98,99,100,101,102,103,104,105,106,107,108,109,110,111,112,113,114,115,116,117,118,119,120,121,122,123,124,125,126,127,128,129,130,131,132,133,134,135,136,137,138,139,140,141,142,143,144,145,146,147,148,149,150,151,152,153,154,155,156,157,158,159,160,161,162,163,164,165,166,167,168,169,170,171,172,173,174,175,176,177,178,179,180,181,182,183,184,185,186,187,188,189,190,191,192,193,194,195,196,197,198,199];False
9496;9436;18932;[19,0,29,3,1,43,18,30,8,9,4,11,12,2,14,15,53,17,10,16,20,41,22,23,24,25,26,27,28,56,21,31,32,33,34,35,36,37,38,39,40,49,42,7,44,45,46,47,48,13,50,51,52,5,54,55,6,57,58,59,60,61,62,63,64,65,66,67,68,69,70,71,72,73,74,75,76,77,78,79,80,81,82,83,84,85,86,87,88,89,90,91,92,93,94,95,96,97,98,99,100,101,102,103,104,105,106,107,108,109,110,111,112,113,114,115,116,117,118,119,120,121,122,123,124,125,126,127,128,129,130,131,132,133,134,135,136,137,138,139,140,141,142,143,144,145,146,147,148,149,150,151,152,153,154,155,156,157,158,159,160,161,162,163,164,165,166,167,168,169,170,171,172,173,174,175,176,177,178,179,180,181,182,183,184,185,186,187,188,189,190,191,192,193,194,195,196,197,198,199];False
9389;9445;18834;[20,0,29,3,1,43,18,30,8,9,4,11,12,2,14,15,53,17,10,19,16,41,22,23,24,25,26,27,28,56,21,31,32,33,34,35,36,37,38,39,40,49,42,7,44,45,46,47,48,13,50,51,52,5,54,55,6,57,58,59,60,61,62,63,64,65,66,67,68,69,70,71,72,73,74,75,76,77,78,79,80,81,82,83,84,85,86,87,88,89,90,91,92,93,94,95,96,97,98,99,100,101,102,103,104,105,106,107,108,109,110,111,112,113,114,115,116,117,118,119,120,121,122,123,124,125,126,127,128,129,130,131,132,133,134,135,136,137,138,139,140,141,142,143,144,145,146,147,148,149,150,151,152,153,154,155,156,157,158,159,160,161,162,163,164,165,166,167,168,169,170,171,172,173,174,175,176,177,178,179,180,181,182,183,184,185,186,187,188,189,190,191,192,193,194,195,196,197,198,199];False
9378;9466;18844;[27,0,29,3,1,43,18,30,8,9,4,11,12,2,14,15,53,17,10,19,20,41,22,23,24,25,26,16,28,56,21,31,32,33,34,35,36,37,38,39,40,49,42,7,44,45,46,47,48,13,50,51,52,5,54,55,6,57,58,59,60,61,62,63,64,65,66,67,68,69,70,71,72,73,74,75,76,77,78,79,80,81,82,83,84,85,86,87,88,89,90,91,92,93,94,95,96,97,98,99,100,101,102,103,104,105,106,107,108,109,110,111,112,113,114,115,116,117,118,119,120,121,122,123,124,125,126,127,128,129,130,131,132,133,134,135,136,137,138,139,140,141,142,143,144,145,146,147,148,149,150,151,152,153,154,155,156,157,158,159,160,161,162,163,164,165,166,167,168,169,170,171,172,173,174,175,176,177,178,179,180,181,182,183,184,185,186,187,188,189,190,191,192,193,194,195,196,197,198,199];False
9336;9466;18802;[28,0,29,3,1,43,18,30,8,9,4,11,12,2,14,15,53,17,10,19,20,41,22,23,24,25,26,27,16,56,21,31,32,33,34,35,36,37,38,39,40,49,42,7,44,45,46,47,48,13,50,51,52,5,54,55,6,57,58,59,60,61,62,63,64,65,66,67,68,69,70,71,72,73,74,75,76,77,78,79,80,81,82,83,84,85,86,87,88,89,90,91,92,93,94,95,96,97,98,99,100,101,102,103,104,105,106,107,108,109,110,111,112,113,114,115,116,117,118,119,120,121,122,123,124,125,126,127,128,129,130,131,132,133,134,135,136,137,138,139,140,141,142,143,144,145,146,147,148,149,150,151,152,153,154,155,156,157,158,159,160,161,162,163,164,165,166,167,168,169,170,171,172,173,174,175,176,177,178,179,180,181,182,183,184,185,186,187,188,189,190,191,192,193,194,195,196,197,198,199];False
9366;9443;18809;[32,0,29,3,1,43,18,30,8,9,4,11,12,2,14,15,53,17,10,19,20,41,22,23,24,25,26,27,28,56,21,31,16,33,34,35,36,37,38,39,40,49,42,7,44,45,46,47,48,13,50,51,52,5,54,55,6,57,58,59,60,61,62,63,64,65,66,67,68,69,70,71,72,73,74,75,76,77,78,79,80,81,82,83,84,85,86,87,88,89,90,91,92,93,94,95,96,97,98,99,100,101,102,103,104,105,106,107,108,109,110,111,112,113,114,115,116,117,118,119,120,121,122,123,124,125,126,127,128,129,130,131,132,133,134,135,136,137,138,139,140,141,142,143,144,145,146,147,148,149,150,151,152,153,154,155,156,157,158,159,160,161,162,163,164,165,166,167,168,169,170,171,172,173,174,175,176,177,178,179,180,181,182,183,184,185,186,187,188,189,190,191,192,193,194,195,196,197,198,199];False
9369;9434;18803;[29,0,32,3,1,43,18,30,8,9,4,11,12,2,14,15,16,17,10,19,20,41,22,23,24,25,26,27,28,56,21,31,53,33,34,35,36,37,38,39,40,49,42,7,44,45,46,47,48,13,50,51,52,5,54,55,6,57,58,59,60,61,62,63,64,65,66,67,68,69,70,71,72,73,74,75,76,77,78,79,80,81,82,83,84,85,86,87,88,89,90,91,92,93,94,95,96,97,98,99,100,101,102,103,104,105,106,107,108,109,110,111,112,113,114,115,116,117,118,119,120,121,122,123,124,125,126,127,128,129,130,131,132,133,134,135,136,137,138,139,140,141,142,143,144,145,146,147,148,149,150,151,152,153,154,155,156,157,158,159,160,161,162,163,164,165,166,167,168,169,170,171,172,173,174,175,176,177,178,179,180,181,182,183,184,185,186,187,188,189,190,191,192,193,194,195,196,197,198,199];False
9329;9463;18792;[1,0,29,3,32,43,18,30,8,9,4,11,12,2,14,15,16,17,10,19,20,41,22,23,24,25,26,27,28,56,21,31,53,33,34,35,36,37,38,39,40,49,42,7,44,45,46,47,48,13,50,51,52,5,54,55,6,57,58,59,60,61,62,63,64,65,66,67,68,69,70,71,72,73,74,75,76,77,78,79,80,81,82,83,84,85,86,87,88,89,90,91,92,93,94,95,96,97,98,99,100,101,102,103,104,105,106,107,108,109,110,111,112,113,114,115,116,117,118,119,120,121,122,123,124,125,126,127,128,129,130,131,132,133,134,135,136,137,138,139,140,141,142,143,144,145,146,147,148,149,150,151,152,153,154,155,156,157,158,159,160,161,162,163,164,165,166,167,168,169,170,171,172,173,174,175,176,177,178,179,180,181,182,183,184,185,186,187,188,189,190,191,192,193,194,195,196,197,198,199];False
9987;9324;19311;[1,0,2,3,49,64,30,7,8,9,41,11,12,18,14,15,53,17,16,19,13,6,22,23,24,25,26,27,28,29,21,31,32,33,20,35,36,37,38,39,40,10,42,43,44,45,46,47,48,4,50,51,52,5,54,55,56,57,58,59,60,61,62,63,34,65,66,67,68,69,70,71,72,73,74,75,76,77,78,79,80,81,82,83,84,85,86,87,88,89,90,91,92,93,94,95,96,97,98,99,100,101,102,103,104,105,106,107,108,109,110,111,112,113,114,115,116,117,118,119,120,121,122,123,124,125,126,127,128,129,130,131,132,133,134,135,136,137,138,139,140,141,142,143,144,145,146,147,148,149,150,151,152,153,154,155,156,157,158,159,160,161,162,163,164,165,166,167,168,169,170,171,172,173,174,175,176,177,178,179,180,181,182,183,184,185,186,187,188,189,190,191,192,193,194,195,196,197,198,199];False
10032;9322;19354;[41,0,2,3,1,64,30,7,8,9,49,11,12,18,14,15,53,17,16,19,13,6,22,23,24,25,26,27,28,29,21,31,32,33,20,35,36,37,38,39,40,10,42,43,44,45,46,47,48,4,50,51,52,5,54,55,56,57,58,59,60,61,62,63,34,65,66,67,68,69,70,71,72,73,74,75,76,77,78,79,80,81,82,83,84,85,86,87,88,89,90,91,92,93,94,95,96,97,98,99,100,101,102,103,104,105,106,107,108,109,110,111,112,113,114,115,116,117,118,119,120,121,122,123,124,125,126,127,128,129,130,131,132,133,134,135,136,137,138,139,140,141,142,143,144,145,146,147,148,149,150,151,152,153,154,155,156,157,158,159,160,161,162,163,164,165,166,167,168,169,170,171,172,173,174,175,176,177,178,179,180,181,182,183,184,185,186,187,188,189,190,191,192,193,194,195,196,197,198,199];False
9938;9319;19257;[11,0,2,3,1,64,30,7,8,9,41,49,12,18,14,15,53,17,16,19,13,6,22,23,24,25,26,27,28,29,21,31,32,33,20,35,36,37,38,39,40,10,42,43,44,45,46,47,48,4,50,51,52,5,54,55,56,57,58,59,60,61,62,63,34,65,66,67,68,69,70,71,72,73,74,75,76,77,78,79,80,81,82,83,84,85,86,87,88,89,90,91,92,93,94,95,96,97,98,99,100,101,102,103,104,105,106,107,108,109,110,111,112,113,114,115,116,117,118,119,120,121,122,123,124,125,126,127,128,129,130,131,132,133,134,135,136,137,138,139,140,141,142,143,144,145,146,147,148,149,150,151,152,153,154,155,156,157,158,159,160,161,162,163,164,165,166,167,168,169,170,171,172,173,174,175,176,177,178,179,180,181,182,183,184,185,186,187,188,189,190,191,192,193,194,195,196,197,198,199];False
10067;9317;19384;[18,0,2,3,1,64,30,7,8,9,41,11,12,49,14,15,53,17,16,19,13,6,22,23,24,25,26,27,28,29,21,31,32,33,20,35,36,37,38,39,40,10,42,43,44,45,46,47,48,4,50,51,52,5,54,55,56,57,58,59,60,61,62,63,34,65,66,67,68,69,70,71,72,73,74,75,76,77,78,79,80,81,82,83,84,85,86,87,88,89,90,91,92,93,94,95,96,97,98,99,100,101,102,103,104,105,106,107,108,109,110,111,112,113,114,115,116,117,118,119,120,121,122,123,124,125,126,127,128,129,130,131,132,133,134,135,136,137,138,139,140,141,142,143,144,145,146,147,148,149,150,151,152,153,154,155,156,157,158,159,160,161,162,163,164,165,166,167,168,169,170,171,172,173,174,175,176,177,178,179,180,181,182,183,184,185,186,187,188,189,190,191,192,193,194,195,196,197,198,199];False
10024;9315;19339;[46,0,2,3,1,64,30,7,8,9,41,11,12,18,14,15,53,17,16,19,13,6,22,23,24,25,26,27,28,29,21,31,32,33,20,35,36,37,38,39,40,10,42,43,44,45,49,47,48,4,50,51,52,5,54,55,56,57,58,59,60,61,62,63,34,65,66,67,68,69,70,71,72,73,74,75,76,77,78,79,80,81,82,83,84,85,86,87,88,89,90,91,92,93,94,95,96,97,98,99,100,101,102,103,104,105,106,107,108,109,110,111,112,113,114,115,116,117,118,119,120,121,122,123,124,125,126,127,128,129,130,131,132,133,134,135,136,137,138,139,140,141,142,143,144,145,146,147,148,149,150,151,152,153,154,155,156,157,158,159,160,161,162,163,164,165,166,167,168,169,170,171,172,173,174,175,176,177,178,179,180,181,182,183,184,185,186,187,188,189,190,191,192,193,194,195,196,197,198,199];False
9709;9353;19062;[11,0,32,3,1,5,30,2,8,9,41,49,12,18,7,15,20,17,16,14,13,6,22,23,24,25,26,27,28,29,21,31,19,33,34,35,36,37,38,39,40,10,42,43,44,45,46,47,48,4,50,51,52,53,54,55,56,57,58,59,60,61,62,63,64,65,66,67,68,69,70,71,72,73,74,75,76,77,78,79,80,81,82,83,84,85,86,87,88,89,90,91,92,93,94,95,96,97,98,99,100,101,102,103,104,105,106,107,108,109,110,111,112,113,114,115,116,117,118,119,120,121,122,123,124,125,126,127,128,129,130,131,132,133,134,135,136,137,138,139,140,141,142,143,144,145,146,147,148,149,150,151,152,153,154,155,156,157,158,159,160,161,162,163,164,165,166,167,168,169,170,171,172,173,174,175,176,177,178,179,180,181,182,183,184,185,186,187,188,189,190,191,192,193,194,195,196,197,198,199];False
9770;9347;19117;[3,0,11,32,1,5,30,2,8,9,41,49,12,18,7,15,20,17,16,14,13,6,22,23,24,25,26,27,28,29,21,31,19,33,34,35,36,37,38,39,40,10,42,43,44,45,46,47,48,4,50,51,52,53,54,55,56,57,58,59,60,61,62,63,64,65,66,67,68,69,70,71,72,73,74,75,76,77,78,79,80,81,82,83,84,85,86,87,88,89,90,91,92,93,94,95,96,97,98,99,100,101,102,103,104,105,106,107,108,109,110,111,112,113,114,115,116,117,118,119,120,121,122,123,124,125,126,127,128,129,130,131,132,133,134,135,136,137,138,139,140,141,142,143,144,145,146,147,148,149,150,151,152,153,154,155,156,157,158,159,160,161,162,163,164,165,166,167,168,169,170,171,172,173,174,175,176,177,178,179,180,181,182,183,184,185,186,187,188,189,190,191,192,193,194,195,196,197,198,199];False
9782;9339;19121;[2,0,11,3,1,5,30,32,8,9,41,49,12,18,7,15,20,17,16,14,13,6,22,23,24,25,26,27,28,29,21,31,19,33,34,35,36,37,38,39,40,10,42,43,44,45,46,47,48,4,50,51,52,53,54,55,56,57,58,59,60,61,62,63,64,65,66,67,68,69,70,71,72,73,74,75,76,77,78,79,80,81,82,83,84,85,86,87,88,89,90,91,92,93,94,95,96,97,98,99,100,101,102,103,104,105,106,107,108,109,110,111,112,113,114,115,116,117,118,119,120,121,122,123,124,125,126,127,128,129,130,131,132,133,134,135,136,137,138,139,140,141,142,143,144,145,146,147,148,149,150,151,152,153,154,155,156,157,158,159,160,161,162,163,164,165,166,167,168,169,170,171,172,173,174,175,176,177,178,179,180,181,182,183,184,185,186,187,188,189,190,191,192,193,194,195,196,197,198,199];False
9776;9325;19101;[8,0,11,3,1,5,30,2,32,9,41,49,12,18,7,15,20,17,16,14,13,6,22,23,24,25,26,27,28,29,21,31,19,33,34,35,36,37,38,39,40,10,42,43,44,45,46,47,48,4,50,51,52,53,54,55,56,57,58,59,60,61,62,63,64,65,66,67,68,69,70,71,72,73,74,75,76,77,78,79,80,81,82,83,84,85,86,87,88,89,90,91,92,93,94,95,96,97,98,99,100,101,102,103,104,105,106,107,108,109,110,111,112,113,114,115,116,117,118,119,120,121,122,123,124,125,126,127,128,129,130,131,132,133,134,135,136,137,138,139,140,141,142,143,144,145,146,147,148,149,150,151,152,153,154,155,156,157,158,159,160,161,162,163,164,165,166,167,168,169,170,171,172,173,174,175,176,177,178,179,180,181,182,183,184,185,186,187,188,189,190,191,192,193,194,195,196,197,198,199];False
9766;9343;19109;[20,0,11,3,1,5,30,2,8,9,41,49,12,18,7,15,32,17,16,14,13,6,22,23,24,25,26,27,28,29,21,31,19,33,34,35,36,37,38,39,40,10,42,43,44,45,46,47,48,4,50,51,52,53,54,55,56,57,58,59,60,61,62,63,64,65,66,67,68,69,70,71,72,73,74,75,76,77,78,79,80,81,82,83,84,85,86,87,88,89,90,91,92,93,94,95,96,97,98,99,100,101,102,103,104,105,106,107,108,109,110,111,112,113,114,115,116,117,118,119,120,121,122,123,124,125,126,127,128,129,130,131,132,133,134,135,136,137,138,139,140,141,142,143,144,145,146,147,148,149,150,151,152,153,154,155,156,157,158,159,160,161,162,163,164,165,166,167,168,169,170,171,172,173,174,175,176,177,178,179,180,181,182,183,184,185,186,187,188,189,190,191,192,193,194,195,196,197,198,199];False
9678;9363;19041;[25,0,11,3,1,5,30,2,8,9,41,49,12,18,7,15,20,17,16,14,13,6,22,23,24,32,26,27,28,29,21,31,19,33,34,35,36,37,38,39,40,10,42,43,44,45,46,47,48,4,50,51,52,53,54,55,56,57,58,59,60,61,62,63,64,65,66,67,68,69,70,71,72,73,74,75,76,77,78,79,80,81,82,83,84,85,86,87,88,89,90,91,92,93,94,95,96,97,98,99,100,101,102,103,104,105,106,107,108,109,110,111,112,113,114,115,116,117,118,119,120,121,122,123,124,125,126,127,128,129,130,131,132,133,134,135,136,137,138,139,140,141,142,143,144,145,146,147,148,149,150,151,152,153,154,155,156,157,158,159,160,161,162,163,164,165,166,167,168,169,170,171,172,173,174,175,176,177,178,179,180,181,182,183,184,185,186,187,188,189,190,191,192,193,194,195,196,197,198,199];False
9599;9386;18985;[26,0,11,3,1,5,30,2,8,9,41,49,12,18,7,15,20,17,16,14,13,6,22,23,24,25,32,27,28,29,21,31,19,33,34,35,36,37,38,39,40,10,42,43,44,45,46,47,48,4,50,51,52,53,54,55,56,57,58,59,60,61,62,63,64,65,66,67,68,69,70,71,72,73,74,75,76,77,78,79,80,81,82,83,84,85,86,87,88,89,90,91,92,93,94,95,96,97,98,99,100,101,102,103,104,105,106,107,108,109,110,111,112,113,114,115,116,117,118,119,120,121,122,123,124,125,126,127,128,129,130,131,132,133,134,135,136,137,138,139,140,141,142,143,144,145,146,147,148,149,150,151,152,153,154,155,156,157,158,159,160,161,162,163,164,165,166,167,168,169,170,171,172,173,174,175,176,177,178,179,180,181,182,183,184,185,186,187,188,189,190,191,192,193,194,195,196,197,198,199];False
9657;9367;19024;[21,0,11,3,1,5,30,2,8,9,41,49,12,18,7,15,20,17,16,14,13,6,22,23,24,25,26,27,28,29,32,31,19,33,34,35,36,37,38,39,40,10,42,43,44,45,46,47,48,4,50,51,52,53,54,55,56,57,58,59,60,61,62,63,64,65,66,67,68,69,70,71,72,73,74,75,76,77,78,79,80,81,82,83,84,85,86,87,88,89,90,91,92,93,94,95,96,97,98,99,100,101,102,103,104,105,106,107,108,109,110,111,112,113,114,115,116,117,118,119,120,121,122,123,124,125,126,127,128,129,130,131,132,133,134,135,136,137,138,139,140,141,142,143,144,145,146,147,148,149,150,151,152,153,154,155,156,157,158,159,160,161,162,163,164,165,166,167,168,169,170,171,172,173,174,175,176,177,178,179,180,181,182,183,184,185,186,187,188,189,190,191,192,193,194,195,196,197,198,199];False
9724;9336;19060;[34,0,11,3,1,5,30,2,8,9,41,49,12,18,7,15,20,17,16,14,13,6,22,23,24,25,26,27,28,29,21,31,19,33,32,35,36,37,38,39,40,10,42,43,44,45,46,47,48,4,50,51,52,53,54,55,56,57,58,59,60,61,62,63,64,65,66,67,68,69,70,71,72,73,74,75,76,77,78,79,80,81,82,83,84,85,86,87,88,89,90,91,92,93,94,95,96,97,98,99,100,101,102,103,104,105,106,107,108,109,110,111,112,113,114,115,116,117,118,119,120,121,122,123,124,125,126,127,128,129,130,131,132,133,134,135,136,137,138,139,140,141,142,143,144,145,146,147,148,149,150,151,152,153,154,155,156,157,158,159,160,161,162,163,164,165,166,167,168,169,170,171,172,173,174,175,176,177,178,179,180,181,182,183,184,185,186,187,188,189,190,191,192,193,194,195,196,197,198,199];False
9695;9354;19049;[38,0,11,3,1,5,30,2,8,9,41,49,12,18,7,15,20,17,16,14,13,6,22,23,24,25,26,27,28,29,21,31,19,33,34,35,36,37,32,39,40,10,42,43,44,45,46,47,48,4,50,51,52,53,54,55,56,57,58,59,60,61,62,63,64,65,66,67,68,69,70,71,72,73,74,75,76,77,78,79,80,81,82,83,84,85,86,87,88,89,90,91,92,93,94,95,96,97,98,99,100,101,102,103,104,105,106,107,108,109,110,111,112,113,114,115,116,117,118,119,120,121,122,123,124,125,126,127,128,129,130,131,132,133,134,135,136,137,138,139,140,141,142,143,144,145,146,147,148,149,150,151,152,153,154,155,156,157,158,159,160,161,162,163,164,165,166,167,168,169,170,171,172,173,174,175,176,177,178,179,180,181,182,183,184,185,186,187,188,189,190,191,192,193,194,195,196,197,198,199];False
9747;9317;19064;[43,0,11,3,1,5,30,2,8,9,41,49,12,18,7,15,20,17,16,14,13,6,22,23,24,25,26,27,28,29,21,31,19,33,34,35,36,37,38,39,40,10,42,32,44,45,46,47,48,4,50,51,52,53,54,55,56,57,58,59,60,61,62,63,64,65,66,67,68,69,70,71,72,73,74,75,76,77,78,79,80,81,82,83,84,85,86,87,88,89,90,91,92,93,94,95,96,97,98,99,100,101,102,103,104,105,106,107,108,109,110,111,112,113,114,115,116,117,118,119,120,121,122,123,124,125,126,127,128,129,130,131,132,133,134,135,136,137,138,139,140,141,142,143,144,145,146,147,148,149,150,151,152,153,154,155,156,157,158,159,160,161,162,163,164,165,166,167,168,169,170,171,172,173,174,175,176,177,178,179,180,181,182,183,184,185,186,187,188,189,190,191,192,193,194,195,196,197,198,199];False
9703;9342;19045;[44,0,11,3,1,5,30,2,8,9,41,49,12,18,7,15,20,17,16,14,13,6,22,23,24,25,26,27,28,29,21,31,19,33,34,35,36,37,38,39,40,10,42,43,32,45,46,47,48,4,50,51,52,53,54,55,56,57,58,59,60,61,62,63,64,65,66,67,68,69,70,71,72,73,74,75,76,77,78,79,80,81,82,83,84,85,86,87,88,89,90,91,92,93,94,95,96,97,98,99,100,101,102,103,104,105,106,107,108,109,110,111,112,113,114,115,116,117,118,119,120,121,122,123,124,125,126,127,128,129,130,131,132,133,134,135,136,137,138,139,140,141,142,143,144,145,146,147,148,149,150,151,152,153,154,155,156,157,158,159,160,161,162,163,164,165,166,167,168,169,170,171,172,173,174,175,176,177,178,179,180,181,182,183,184,185,186,187,188,189,190,191,192,193,194,195,196,197,198,199];False
9664;9359;19023;[46,0,11,3,1,5,30,2,8,9,41,49,12,18,7,15,20,17,16,14,13,6,22,23,24,25,26,27,28,29,21,31,19,33,34,35,36,37,38,39,40,10,42,43,44,45,32,47,48,4,50,51,52,53,54,55,56,57,58,59,60,61,62,63,64,65,66,67,68,69,70,71,72,73,74,75,76,77,78,79,80,81,82,83,84,85,86,87,88,89,90,91,92,93,94,95,96,97,98,99,100,101,102,103,104,105,106,107,108,109,110,111,112,113,114,115,116,117,118,119,120,121,122,123,124,125,126,127,128,129,130,131,132,133,134,135,136,137,138,139,140,141,142,143,144,145,146,147,148,149,150,151,152,153,154,155,156,157,158,159,160,161,162,163,164,165,166,167,168,169,170,171,172,173,174,175,176,177,178,179,180,181,182,183,184,185,186,187,188,189,190,191,192,193,194,195,196,197,198,199];False
9585;9394;18979;[17,43,11,3,1,5,30,2,0,9,41,49,12,18,14,15,20,8,16,19,13,6,22,23,24,25,26,27,28,29,21,31,32,33,34,35,36,37,38,39,40,10,42,7,44,45,46,47,48,4,50,51,52,53,54,55,56,57,58,59,60,61,62,63,64,65,66,67,68,69,70,71,72,73,74,75,76,77,78,79,80,81,82,83,84,85,86,87,88,89,90,91,92,93,94,95,96,97,98,99,100,101,102,103,104,105,106,107,108,109,110,111,112,113,114,115,116,117,118,119,120,121,122,123,124,125,126,127,128,129,130,131,132,133,134,135,136,137,138,139,140,141,142,143,144,145,146,147,148,149,150,151,152,153,154,155,156,157,158,159,160,161,162,163,164,165,166,167,168,169,170,171,172,173,174,175,176,177,178,179,180,181,182,183,184,185,186,187,188,189,190,191,192,193,194,195,196,197,198,199];False
9533;9390;18923;[16,43,11,3,1,5,30,2,0,9,41,49,12,18,14,15,20,17,8,19,13,6,22,23,24,25,26,27,28,29,21,31,32,33,34,35,36,37,38,39,40,10,42,7,44,45,46,47,48,4,50,51,52,53,54,55,56,57,58,59,60,61,62,63,64,65,66,67,68,69,70,71,72,73,74,75,76,77,78,79,80,81,82,83,84,85,86,87,88,89,90,91,92,93,94,95,96,97,98,99,100,101,102,103,104,105,106,107,108,109,110,111,112,113,114,115,116,117,118,119,120,121,122,123,124,125,126,127,128,129,130,131,132,133,134,135,136,137,138,139,140,141,142,143,144,145,146,147,148,149,150,151,152,153,154,155,156,157,158,159,160,161,162,163,164,165,166,167,168,169,170,171,172,173,174,175,176,177,178,179,180,181,182,183,184,185,186,187,188,189,190,191,192,193,194,195,196,197,198,199];False
9514;9398;18912;[26,43,11,3,1,5,30,2,0,9,41,49,12,18,14,15,20,17,16,19,13,6,22,23,24,25,8,27,28,29,21,31,32,33,34,35,36,37,38,39,40,10,42,7,44,45,46,47,48,4,50,51,52,53,54,55,56,57,58,59,60,61,62,63,64,65,66,67,68,69,70,71,72,73,74,75,76,77,78,79,80,81,82,83,84,85,86,87,88,89,90,91,92,93,94,95,96,97,98,99,100,101,102,103,104,105,106,107,108,109,110,111,112,113,114,115,116,117,118,119,120,121,122,123,124,125,126,127,128,129,130,131,132,133,134,135,136,137,138,139,140,141,142,143,144,145,146,147,148,149,150,151,152,153,154,155,156,157,158,159,160,161,162,163,164,165,166,167,168,169,170,171,172,173,174,175,176,177,178,179,180,181,182,183,184,185,186,187,188,189,190,191,192,193,194,195,196,197,198,199];False
9575;9379;18954;[29,43,11,3,1,5,30,2,0,9,41,49,12,18,14,15,20,17,16,19,13,6,22,23,24,25,26,27,28,8,21,31,32,33,34,35,36,37,38,39,40,10,42,7,44,45,46,47,48,4,50,51,52,53,54,55,56,57,58,59,60,61,62,63,64,65,66,67,68,69,70,71,72,73,74,75,76,77,78,79,80,81,82,83,84,85,86,87,88,89,90,91,92,93,94,95,96,97,98,99,100,101,102,103,104,105,106,107,108,109,110,111,112,113,114,115,116,117,118,119,120,121,122,123,124,125,126,127,128,129,130,131,132,133,134,135,136,137,138,139,140,141,142,143,144,145,146,147,148,149,150,151,152,153,154,155,156,157,158,159,160,161,162,163,164,165,166,167,168,169,170,171,172,173,174,175,176,177,178,179,180,181,182,183,184,185,186,187,188,189,190,191,192,193,194,195,196,197,198,199];False
9616;9362;18978;[32,43,11,3,1,5,30,2,0,9,41,49,12,18,14,15,20,17,16,19,13,6,22,23,24,25,26,27,28,29,21,31,8,33,34,35,36,37,38,39,40,10,42,7,44,45,46,47,48,4,50,51,52,53,54,55,56,57,58,59,60,61,62,63,64,65,66,67,68,69,70,71,72,73,74,75,76,77,78,79,80,81,82,83,84,85,86,87,88,89,90,91,92,93,94,95,96,97,98,99,100,101,102,103,104,105,106,107,108,109,110,111,112,113,114,115,116,117,118,119,120,121,122,123,124,125,126,127,128,129,130,131,132,133,134,135,136,137,138,139,140,141,142,143,144,145,146,147,148,149,150,151,152,153,154,155,156,157,158,159,160,161,162,163,164,165,166,167,168,169,170,171,172,173,174,175,176,177,178,179,180,181,182,183,184,185,186,187,188,189,190,191,192,193,194,195,196,197,198,199];False
9594;9360;18954;[52,43,11,3,1,5,30,2,0,9,41,49,12,18,14,15,20,17,16,19,13,6,22,23,24,25,26,27,28,29,21,31,32,33,34,35,36,37,38,39,40,10,42,7,44,45,46,47,48,4,50,51,8,53,54,55,56,57,58,59,60,61,62,63,64,65,66,67,68,69,70,71,72,73,74,75,76,77,78,79,80,81,82,83,84,85,86,87,88,89,90,91,92,93,94,95,96,97,98,99,100,101,102,103,104,105,106,107,108,109,110,111,112,113,114,115,116,117,118,119,120,121,122,123,124,125,126,127,128,129,130,131,132,133,134,135,136,137,138,139,140,141,142,143,144,145,146,147,148,149,150,151,152,153,154,155,156,157,158,159,160,161,162,163,164,165,166,167,168,169,170,171,172,173,174,175,176,177,178,179,180,181,182,183,184,185,186,187,188,189,190,191,192,193,194,195,196,197,198,199];False
9318;9468;18786;[32,0,29,3,1,43,18,30,8,9,4,11,12,2,14,15,20,17,16,19,5,41,22,23,24,25,26,27,28,56,21,31,10,33,34,35,36,37,38,39,40,49,42,7,44,45,46,47,48,13,50,51,52,53,54,55,6,57,58,59,60,61,62,63,64,65,66,67,68,69,70,71,72,73,74,75,76,77,78,79,80,81,82,83,84,85,86,87,88,89,90,91,92,93,94,95,96,97,98,99,100,101,102,103,104,105,106,107,108,109,110,111,112,113,114,115,116,117,118,119,120,121,122,123,124,125,126,127,128,129,130,131,132,133,134,135,136,137,138,139,140,141,142,143,144,145,146,147,148,149,150,151,152,153,154,155,156,157,158,159,160,161,162,163,164,165,166,167,168,169,170,171,172,173,174,175,176,177,178,179,180,181,182,183,184,185,186,187,188,189,190,191,192,193,194,195,196,197,198,199];False
9308;9473;18781;[46,0,29,3,1,43,18,30,8,9,4,11,12,2,14,15,20,17,16,19,5,41,22,23,24,25,26,27,28,56,21,31,32,33,34,35,36,37,38,39,40,49,42,7,44,45,10,47,48,13,50,51,52,53,54,55,6,57,58,59,60,61,62,63,64,65,66,67,68,69,70,71,72,73,74,75,76,77,78,79,80,81,82,83,84,85,86,87,88,89,90,91,92,93,94,95,96,97,98,99,100,101,102,103,104,105,106,107,108,109,110,111,112,113,114,115,116,117,118,119,120,121,122,123,124,125,126,127,128,129,130,131,132,133,134,135,136,137,138,139,140,141,142,143,144,145,146,147,148,149,150,151,152,153,154,155,156,157,158,159,160,161,162,163,164,165,166,167,168,169,170,171,172,173,174,175,176,177,178,179,180,181,182,183,184,185,186,187,188,189,190,191,192,193,194,195,196,197,198,199];False
9308;9445;18753;[29,0,32,3,1,43,18,30,8,9,4,11,12,2,14,15,20,17,10,19,5,41,22,23,24,25,26,27,28,56,21,31,16,33,34,35,36,37,38,39,40,49,42,7,44,45,46,47,48,13,50,51,52,53,54,55,6,57,58,59,60,61,62,63,64,65,66,67,68,69,70,71,72,73,74,75,76,77,78,79,80,81,82,83,84,85,86,87,88,89,90,91,92,93,94,95,96,97,98,99,100,101,102,103,104,105,106,107,108,109,110,111,112,113,114,115,116,117,118,119,120,121,122,123,124,125,126,127,128,129,130,131,132,133,134,135,136,137,138,139,140,141,142,143,144,145,146,147,148,149,150,151,152,153,154,155,156,157,158,159,160,161,162,163,164,165,166,167,168,169,170,171,172,173,174,175,176,177,178,179,180,181,182,183,184,185,186,187,188,189,190,191,192,193,194,195,196,197,198,199];False
9268;9474;18742;[1,0,29,3,32,43,18,30,8,9,4,11,12,2,14,15,20,17,10,19,5,41,22,23,24,25,26,27,28,56,21,31,16,33,34,35,36,37,38,39,40,49,42,7,44,45,46,47,48,13,50,51,52,53,54,55,6,57,58,59,60,61,62,63,64,65,66,67,68,69,70,71,72,73,74,75,76,77,78,79,80,81,82,83,84,85,86,87,88,89,90,91,92,93,94,95,96,97,98,99,100,101,102,103,104,105,106,107,108,109,110,111,112,113,114,115,116,117,118,119,120,121,122,123,124,125,126,127,128,129,130,131,132,133,134,135,136,137,138,139,140,141,142,143,144,145,146,147,148,149,150,151,152,153,154,155,156,157,158,159,160,161,162,163,164,165,166,167,168,169,170,171,172,173,174,175,176,177,178,179,180,181,182,183,184,185,186,187,188,189,190,191,192,193,194,195,196,197,198,199];False
9186;9472;18658;[29,0,11,3,26,43,18,30,8,9,4,1,12,2,14,15,16,17,10,19,20,41,22,23,24,25,5,27,28,56,21,31,32,33,34,35,36,37,38,39,40,49,42,7,44,45,46,47,48,13,50,51,52,53,54,55,6,57,58,59,60,61,62,63,64,65,66,67,68,69,70,71,72,73,74,75,76,77,78,79,80,81,82,83,84,85,86,87,88,89,90,91,92,93,94,95,96,97,98,99,100,101,102,103,104,105,106,107,108,109,110,111,112,113,114,115,116,117,118,119,120,121,122,123,124,125,126,127,128,129,130,131,132,133,134,135,136,137,138,139,140,141,142,143,144,145,146,147,148,149,150,151,152,153,154,155,156,157,158,159,160,161,162,163,164,165,166,167,168,169,170,171,172,173,174,175,176,177,178,179,180,181,182,183,184,185,186,187,188,189,190,191,192,193,194,195,196,197,198,199];False
9161;9485;18646;[18,0,29,3,26,43,11,30,8,9,4,1,12,2,14,15,16,17,10,19,20,41,22,23,24,25,5,27,28,56,21,31,32,33,34,35,36,37,38,39,40,49,42,7,44,45,46,47,48,13,50,51,52,53,54,55,6,57,58,59,60,61,62,63,64,65,66,67,68,69,70,71,72,73,74,75,76,77,78,79,80,81,82,83,84,85,86,87,88,89,90,91,92,93,94,95,96,97,98,99,100,101,102,103,104,105,106,107,108,109,110,111,112,113,114,115,116,117,118,119,120,121,122,123,124,125,126,127,128,129,130,131,132,133,134,135,136,137,138,139,140,141,142,143,144,145,146,147,148,149,150,151,152,153,154,155,156,157,158,159,160,161,162,163,164,165,166,167,168,169,170,171,172,173,174,175,176,177,178,179,180,181,182,183,184,185,186,187,188,189,190,191,192,193,194,195,196,197,198,199];False
9463;9431;18894;[0,32,29,3,1,43,18,30,8,9,4,11,12,2,14,15,53,17,10,19,20,41,22,23,24,25,26,27,28,56,21,31,16,33,34,35,36,37,38,39,40,49,42,7,44,45,46,47,48,13,50,51,52,5,54,55,6,57,58,59,60,61,62,63,64,65,66,67,68,69,70,71,72,73,74,75,76,77,78,79,80,81,82,83,84,85,86,87,88,89,90,91,92,93,94,95,96,97,98,99,100,101,102,103,104,105,106,107,108,109,110,111,112,113,114,115,116,117,118,119,120,121,122,123,124,125,126,127,128,129,130,131,132,133,134,135,136,137,138,139,140,141,142,143,144,145,146,147,148,149,150,151,152,153,154,155,156,157,158,159,160,161,162,163,164,165,166,167,168,169,170,171,172,173,174,175,176,177,178,179,180,181,182,183,184,185,186,187,188,189,190,191,192,193,194,195,196,197,198,199];False
9406;9408;18814;[29,0,32,3,1,43,18,30,8,9,4,11,12,2,14,15,53,17,10,19,20,41,22,23,24,25,26,27,28,56,21,31,16,33,34,35,36,37,38,39,40,49,42,7,44,45,46,47,48,13,50,51,52,5,54,55,6,57,58,59,60,61,62,63,64,65,66,67,68,69,70,71,72,73,74,75,76,77,78,79,80,81,82,83,84,85,86,87,88,89,90,91,92,93,94,95,96,97,98,99,100,101,102,103,104,105,106,107,108,109,110,111,112,113,114,115,116,117,118,119,120,121,122,123,124,125,126,127,128,129,130,131,132,133,134,135,136,137,138,139,140,141,142,143,144,145,146,147,148,149,150,151,152,153,154,155,156,157,158,159,160,161,162,163,164,165,166,167,168,169,170,171,172,173,174,175,176,177,178,179,180,181,182,183,184,185,186,187,188,189,190,191,192,193,194,195,196,197,198,199];False
9366;9437;18803;[1,0,29,3,32,43,18,30,8,9,4,11,12,2,14,15,53,17,10,19,20,41,22,23,24,25,26,27,28,56,21,31,16,33,34,35,36,37,38,39,40,49,42,7,44,45,46,47,48,13,50,51,52,5,54,55,6,57,58,59,60,61,62,63,64,65,66,67,68,69,70,71,72,73,74,75,76,77,78,79,80,81,82,83,84,85,86,87,88,89,90,91,92,93,94,95,96,97,98,99,100,101,102,103,104,105,106,107,108,109,110,111,112,113,114,115,116,117,118,119,120,121,122,123,124,125,126,127,128,129,130,131,132,133,134,135,136,137,138,139,140,141,142,143,144,145,146,147,148,149,150,151,152,153,154,155,156,157,158,159,160,161,162,163,164,165,166,167,168,169,170,171,172,173,174,175,176,177,178,179,180,181,182,183,184,185,186,187,188,189,190,191,192,193,194,195,196,197,198,199];False
9398;9415;18813;[16,0,32,3,1,43,18,30,8,9,4,11,12,2,14,15,29,17,10,19,20,41,22,23,24,25,26,27,28,56,21,31,53,33,34,35,36,37,38,39,40,49,42,7,44,45,46,47,48,13,50,51,52,5,54,55,6,57,58,59,60,61,62,63,64,65,66,67,68,69,70,71,72,73,74,75,76,77,78,79,80,81,82,83,84,85,86,87,88,89,90,91,92,93,94,95,96,97,98,99,100,101,102,103,104,105,106,107,108,109,110,111,112,113,114,115,116,117,118,119,120,121,122,123,124,125,126,127,128,129,130,131,132,133,134,135,136,137,138,139,140,141,142,143,144,145,146,147,148,149,150,151,152,153,154,155,156,157,158,159,160,161,162,163,164,165,166,167,168,169,170,171,172,173,174,175,176,177,178,179,180,181,182,183,184,185,186,187,188,189,190,191,192,193,194,195,196,197,198,199];False
9373;9429;18802;[41,0,32,3,1,43,18,30,8,9,4,11,12,2,14,15,16,17,10,19,20,29,22,23,24,25,26,27,28,56,21,31,53,33,34,35,36,37,38,39,40,49,42,7,44,45,46,47,48,13,50,51,52,5,54,55,6,57,58,59,60,61,62,63,64,65,66,67,68,69,70,71,72,73,74,75,76,77,78,79,80,81,82,83,84,85,86,87,88,89,90,91,92,93,94,95,96,97,98,99,100,101,102,103,104,105,106,107,108,109,110,111,112,113,114,115,116,117,118,119,120,121,122,123,124,125,126,127,128,129,130,131,132,133,134,135,136,137,138,139,140,141,142,143,144,145,146,147,148,149,150,151,152,153,154,155,156,157,158,159,160,161,162,163,164,165,166,167,168,169,170,171,172,173,174,175,176,177,178,179,180,181,182,183,184,185,186,187,188,189,190,191,192,193,194,195,196,197,198,199];False
9324;9426;18750;[53,0,32,3,1,43,18,30,8,9,4,11,12,2,14,15,16,17,10,19,20,41,22,23,24,25,26,27,28,56,21,31,29,33,34,35,36,37,38,39,40,49,42,7,44,45,46,47,48,13,50,51,52,5,54,55,6,57,58,59,60,61,62,63,64,65,66,67,68,69,70,71,72,73,74,75,76,77,78,79,80,81,82,83,84,85,86,87,88,89,90,91,92,93,94,95,96,97,98,99,100,101,102,103,104,105,106,107,108,109,110,111,112,113,114,115,116,117,118,119,120,121,122,123,124,125,126,127,128,129,130,131,132,133,134,135,136,137,138,139,140,141,142,143,144,145,146,147,148,149,150,151,152,153,154,155,156,157,158,159,160,161,162,163,164,165,166,167,168,169,170,171,172,173,174,175,176,177,178,179,180,181,182,183,184,185,186,187,188,189,190,191,192,193,194,195,196,197,198,199];False
10122;9306;19428;[3,0,2,46,1,64,30,7,8,9,41,11,12,18,14,15,53,17,16,19,13,6,22,23,24,25,26,27,28,29,21,31,32,33,20,35,36,37,38,39,40,10,42,43,44,45,49,47,48,4,50,51,52,5,54,55,56,57,58,59,60,61,62,63,34,65,66,67,68,69,70,71,72,73,74,75,76,77,78,79,80,81,82,83,84,85,86,87,88,89,90,91,92,93,94,95,96,97,98,99,100,101,102,103,104,105,106,107,108,109,110,111,112,113,114,115,116,117,118,119,120,121,122,123,124,125,126,127,128,129,130,131,132,133,134,135,136,137,138,139,140,141,142,143,144,145,146,147,148,149,150,151,152,153,154,155,156,157,158,159,160,161,162,163,164,165,166,167,168,169,170,171,172,173,174,175,176,177,178,179,180,181,182,183,184,185,186,187,188,189,190,191,192,193,194,195,196,197,198,199];False
10071;9305;19376;[8,0,2,3,1,64,30,7,46,9,41,11,12,18,14,15,53,17,16,19,13,6,22,23,24,25,26,27,28,29,21,31,32,33,20,35,36,37,38,39,40,10,42,43,44,45,49,47,48,4,50,51,52,5,54,55,56,57,58,59,60,61,62,63,34,65,66,67,68,69,70,71,72,73,74,75,76,77,78,79,80,81,82,83,84,85,86,87,88,89,90,91,92,93,94,95,96,97,98,99,100,101,102,103,104,105,106,107,108,109,110,111,112,113,114,115,116,117,118,119,120,121,122,123,124,125,126,127,128,129,130,131,132,133,134,135,136,137,138,139,140,141,142,143,144,145,146,147,148,149,150,151,152,153,154,155,156,157,158,159,160,161,162,163,164,165,166,167,168,169,170,171,172,173,174,175,176,177,178,179,180,181,182,183,184,185,186,187,188,189,190,191,192,193,194,195,196,197,198,199];False
9996;9314;19310;[41,0,2,3,1,64,30,7,8,9,46,11,12,18,14,15,53,17,16,19,13,6,22,23,24,25,26,27,28,29,21,31,32,33,20,35,36,37,38,39,40,10,42,43,44,45,49,47,48,4,50,51,52,5,54,55,56,57,58,59,60,61,62,63,34,65,66,67,68,69,70,71,72,73,74,75,76,77,78,79,80,81,82,83,84,85,86,87,88,89,90,91,92,93,94,95,96,97,98,99,100,101,102,103,104,105,106,107,108,109,110,111,112,113,114,115,116,117,118,119,120,121,122,123,124,125,126,127,128,129,130,131,132,133,134,135,136,137,138,139,140,141,142,143,144,145,146,147,148,149,150,151,152,153,154,155,156,157,158,159,160,161,162,163,164,165,166,167,168,169,170,171,172,173,174,175,176,177,178,179,180,181,182,183,184,185,186,187,188,189,190,191,192,193,194,195,196,197,198,199];False
9664;9350;19014;[51,0,11,3,1,5,30,2,8,9,41,49,12,18,7,15,20,17,16,14,13,6,22,23,24,25,26,27,28,29,21,31,19,33,32,35,36,37,38,39,40,10,42,43,44,45,46,47,48,4,50,34,52,53,54,55,56,57,58,59,60,61,62,63,64,65,66,67,68,69,70,71,72,73,74,75,76,77,78,79,80,81,82,83,84,85,86,87,88,89,90,91,92,93,94,95,96,97,98,99,100,101,102,103,104,105,106,107,108,109,110,111,112,113,114,115,116,117,118,119,120,121,122,123,124,125,126,127,128,129,130,131,132,133,134,135,136,137,138,139,140,141,142,143,144,145,146,147,148,149,150,151,152,153,154,155,156,157,158,159,160,161,162,163,164,165,166,167,168,169,170,171,172,173,174,175,176,177,178,179,180,181,182,183,184,185,186,187,188,189,190,191,192,193,194,195,196,197,198,199];False
9747;9311;19058;[52,0,11,3,1,5,30,2,8,9,41,49,12,18,7,15,20,17,16,14,13,6,22,23,24,25,26,27,28,29,21,31,19,33,32,35,36,37,38,39,40,10,42,43,44,45,46,47,48,4,50,51,34,53,54,55,56,57,58,59,60,61,62,63,64,65,66,67,68,69,70,71,72,73,74,75,76,77,78,79,80,81,82,83,84,85,86,87,88,89,90,91,92,93,94,95,96,97,98,99,100,101,102,103,104,105,106,107,108,109,110,111,112,113,114,115,116,117,118,119,120,121,122,123,124,125,126,127,128,129,130,131,132,133,134,135,136,137,138,139,140,141,142,143,144,145,146,147,148,149,150,151,152,153,154,155,156,157,158,159,160,161,162,163,164,165,166,167,168,169,170,171,172,173,174,175,176,177,178,179,180,181,182,183,184,185,186,187,188,189,190,191,192,193,194,195,196,197,198,199];False
9685;9341;19026;[53,0,11,3,1,5,30,2,8,9,41,49,12,18,7,15,20,17,16,14,13,6,22,23,24,25,26,27,28,29,21,31,19,33,32,35,36,37,38,39,40,10,42,43,44,45,46,47,48,4,50,51,52,34,54,55,56,57,58,59,60,61,62,63,64,65,66,67,68,69,70,71,72,73,74,75,76,77,78,79,80,81,82,83,84,85,86,87,88,89,90,91,92,93,94,95,96,97,98,99,100,101,102,103,104,105,106,107,108,109,110,111,112,113,114,115,116,117,118,119,120,121,122,123,124,125,126,127,128,129,130,131,132,133,134,135,136,137,138,139,140,141,142,143,144,145,146,147,148,149,150,151,152,153,154,155,156,157,158,159,160,161,162,163,164,165,166,167,168,169,170,171,172,173,174,175,176,177,178,179,180,181,182,183,184,185,186,187,188,189,190,191,192,193,194,195,196,197,198,199];False
9664;9348;19012;[56,0,11,3,1,5,30,2,8,9,41,49,12,18,7,15,20,17,16,14,13,6,22,23,24,25,26,27,28,29,21,31,19,33,32,35,36,37,38,39,40,10,42,43,44,45,46,47,48,4,50,51,52,53,54,55,34,57,58,59,60,61,62,63,64,65,66,67,68,69,70,71,72,73,74,75,76,77,78,79,80,81,82,83,84,85,86,87,88,89,90,91,92,93,94,95,96,97,98,99,100,101,102,103,104,105,106,107,108,109,110,111,112,113,114,115,116,117,118,119,120,121,122,123,124,125,126,127,128,129,130,131,132,133,134,135,136,137,138,139,140,141,142,143,144,145,146,147,148,149,150,151,152,153,154,155,156,157,158,159,160,161,162,163,164,165,166,167,168,169,170,171,172,173,174,175,176,177,178,179,180,181,182,183,184,185,186,187,188,189,190,191,192,193,194,195,196,197,198,199];False
9755;9307;19062;[64,0,11,3,1,5,30,2,8,9,41,49,12,18,7,15,20,17,16,14,13,6,22,23,24,25,26,27,28,29,21,31,19,33,32,35,36,37,38,39,40,10,42,43,44,45,46,47,48,4,50,51,52,53,54,55,56,57,58,59,60,61,62,63,34,65,66,67,68,69,70,71,72,73,74,75,76,77,78,79,80,81,82,83,84,85,86,87,88,89,90,91,92,93,94,95,96,97,98,99,100,101,102,103,104,105,106,107,108,109,110,111,112,113,114,115,116,117,118,119,120,121,122,123,124,125,126,127,128,129,130,131,132,133,134,135,136,137,138,139,140,141,142,143,144,145,146,147,148,149,150,151,152,153,154,155,156,157,158,159,160,161,162,163,164,165,166,167,168,169,170,171,172,173,174,175,176,177,178,179,180,181,182,183,184,185,186,187,188,189,190,191,192,193,194,195,196,197,198,199];False
9688;9338;19026;[66,0,11,3,1,5,30,2,8,9,41,49,12,18,7,15,20,17,16,14,13,6,22,23,24,25,26,27,28,29,21,31,19,33,32,35,36,37,38,39,40,10,42,43,44,45,46,47,48,4,50,51,52,53,54,55,56,57,58,59,60,61,62,63,64,65,34,67,68,69,70,71,72,73,74,75,76,77,78,79,80,81,82,83,84,85,86,87,88,89,90,91,92,93,94,95,96,97,98,99,100,101,102,103,104,105,106,107,108,109,110,111,112,113,114,115,116,117,118,119,120,121,122,123,124,125,126,127,128,129,130,131,132,133,134,135,136,137,138,139,140,141,142,143,144,145,146,147,148,149,150,151,152,153,154,155,156,157,158,159,160,161,162,163,164,165,166,167,168,169,170,171,172,173,174,175,176,177,178,179,180,181,182,183,184,185,186,187,188,189,190,191,192,193,194,195,196,197,198,199];False
9618;9345;18963;[69,0,11,3,1,5,30,2,8,9,41,49,12,18,7,15,20,17,16,14,13,6,22,23,24,25,26,27,28,29,21,31,19,33,32,35,36,37,38,39,40,10,42,43,44,45,46,47,48,4,50,51,52,53,54,55,56,57,58,59,60,61,62,63,64,65,66,67,68,34,70,71,72,73,74,75,76,77,78,79,80,81,82,83,84,85,86,87,88,89,90,91,92,93,94,95,96,97,98,99,100,101,102,103,104,105,106,107,108,109,110,111,112,113,114,115,116,117,118,119,120,121,122,123,124,125,126,127,128,129,130,131,132,133,134,135,136,137,138,139,140,141,142,143,144,145,146,147,148,149,150,151,152,153,154,155,156,157,158,159,160,161,162,163,164,165,166,167,168,169,170,171,172,173,174,175,176,177,178,179,180,181,182,183,184,185,186,187,188,189,190,191,192,193,194,195,196,197,198,199];False
9622;9331;18953;[90,0,11,3,1,5,30,2,8,9,41,49,12,18,7,15,20,17,16,14,13,6,22,23,24,25,26,27,28,29,21,31,19,33,32,35,36,37,38,39,40,10,42,43,44,45,46,47,48,4,50,51,52,53,54,55,56,57,58,59,60,61,62,63,64,65,66,67,68,69,70,71,72,73,74,75,76,77,78,79,80,81,82,83,84,85,86,87,88,89,34,91,92,93,94,95,96,97,98,99,100,101,102,103,104,105,106,107,108,109,110,111,112,113,114,115,116,117,118,119,120,121,122,123,124,125,126,127,128,129,130,131,132,133,134,135,136,137,138,139,140,141,142,143,144,145,146,147,148,149,150,151,152,153,154,155,156,157,158,159,160,161,162,163,164,165,166,167,168,169,170,171,172,173,174,175,176,177,178,179,180,181,182,183,184,185,186,187,188,189,190,191,192,193,194,195,196,197,198,199];False
9584;9376;18960;[19,43,11,3,1,5,30,2,0,9,41,49,12,18,14,15,20,17,8,16,13,6,22,23,24,25,26,27,28,29,21,31,32,33,34,35,36,37,38,39,40,10,42,7,44,45,46,47,48,4,50,51,52,53,54,55,56,57,58,59,60,61,62,63,64,65,66,67,68,69,70,71,72,73,74,75,76,77,78,79,80,81,82,83,84,85,86,87,88,89,90,91,92,93,94,95,96,97,98,99,100,101,102,103,104,105,106,107,108,109,110,111,112,113,114,115,116,117,118,119,120,121,122,123,124,125,126,127,128,129,130,131,132,133,134,135,136,137,138,139,140,141,142,143,144,145,146,147,148,149,150,151,152,153,154,155,156,157,158,159,160,161,162,163,164,165,166,167,168,169,170,171,172,173,174,175,176,177,178,179,180,181,182,183,184,185,186,187,188,189,190,191,192,193,194,195,196,197,198,199];False
9523;9396;18919;[27,43,11,3,1,5,30,2,0,9,41,49,12,18,14,15,20,17,8,19,13,6,22,23,24,25,26,16,28,29,21,31,32,33,34,35,36,37,38,39,40,10,42,7,44,45,46,47,48,4,50,51,52,53,54,55,56,57,58,59,60,61,62,63,64,65,66,67,68,69,70,71,72,73,74,75,76,77,78,79,80,81,82,83,84,85,86,87,88,89,90,91,92,93,94,95,96,97,98,99,100,101,102,103,104,105,106,107,108,109,110,111,112,113,114,115,116,117,118,119,120,121,122,123,124,125,126,127,128,129,130,131,132,133,134,135,136,137,138,139,140,141,142,143,144,145,146,147,148,149,150,151,152,153,154,155,156,157,158,159,160,161,162,163,164,165,166,167,168,169,170,171,172,173,174,175,176,177,178,179,180,181,182,183,184,185,186,187,188,189,190,191,192,193,194,195,196,197,198,199];False
9511;9403;18914;[28,43,11,3,1,5,30,2,0,9,41,49,12,18,14,15,20,17,8,19,13,6,22,23,24,25,26,27,16,29,21,31,32,33,34,35,36,37,38,39,40,10,42,7,44,45,46,47,48,4,50,51,52,53,54,55,56,57,58,59,60,61,62,63,64,65,66,67,68,69,70,71,72,73,74,75,76,77,78,79,80,81,82,83,84,85,86,87,88,89,90,91,92,93,94,95,96,97,98,99,100,101,102,103,104,105,106,107,108,109,110,111,112,113,114,115,116,117,118,119,120,121,122,123,124,125,126,127,128,129,130,131,132,133,134,135,136,137,138,139,140,141,142,143,144,145,146,147,148,149,150,151,152,153,154,155,156,157,158,159,160,161,162,163,164,165,166,167,168,169,170,171,172,173,174,175,176,177,178,179,180,181,182,183,184,185,186,187,188,189,190,191,192,193,194,195,196,197,198,199];False
9549;9375;18924;[34,43,11,3,1,5,30,2,0,9,41,49,12,18,14,15,20,17,8,19,13,6,22,23,24,25,26,27,28,29,21,31,32,33,16,35,36,37,38,39,40,10,42,7,44,45,46,47,48,4,50,51,52,53,54,55,56,57,58,59,60,61,62,63,64,65,66,67,68,69,70,71,72,73,74,75,76,77,78,79,80,81,82,83,84,85,86,87,88,89,90,91,92,93,94,95,96,97,98,99,100,101,102,103,104,105,106,107,108,109,110,111,112,113,114,115,116,117,118,119,120,121,122,123,124,125,126,127,128,129,130,131,132,133,134,135,136,137,138,139,140,141,142,143,144,145,146,147,148,149,150,151,152,153,154,155,156,157,158,159,160,161,162,163,164,165,166,167,168,169,170,171,172,173,174,175,176,177,178,179,180,181,182,183,184,185,186,187,188,189,190,191,192,193,194,195,196,197,198,199];False
9606;9354;18960;[52,43,11,3,1,5,30,2,0,9,41,49,12,18,14,15,20,17,8,19,13,6,22,23,24,25,26,27,28,29,21,31,32,33,34,35,36,37,38,39,40,10,42,7,44,45,46,47,48,4,50,51,16,53,54,55,56,57,58,59,60,61,62,63,64,65,66,67,68,69,70,71,72,73,74,75,76,77,78,79,80,81,82,83,84,85,86,87,88,89,90,91,92,93,94,95,96,97,98,99,100,101,102,103,104,105,106,107,108,109,110,111,112,113,114,115,116,117,118,119,120,121,122,123,124,125,126,127,128,129,130,131,132,133,134,135,136,137,138,139,140,141,142,143,144,145,146,147,148,149,150,151,152,153,154,155,156,157,158,159,160,161,162,163,164,165,166,167,168,169,170,171,172,173,174,175,176,177,178,179,180,181,182,183,184,185,186,187,188,189,190,191,192,193,194,195,196,197,198,199];False
9503;9389;18892;[54,43,11,3,1,5,30,2,0,9,41,49,12,18,14,15,20,17,8,19,13,6,22,23,24,25,26,27,28,29,21,31,32,33,34,35,36,37,38,39,40,10,42,7,44,45,46,47,48,4,50,51,52,53,16,55,56,57,58,59,60,61,62,63,64,65,66,67,68,69,70,71,72,73,74,75,76,77,78,79,80,81,82,83,84,85,86,87,88,89,90,91,92,93,94,95,96,97,98,99,100,101,102,103,104,105,106,107,108,109,110,111,112,113,114,115,116,117,118,119,120,121,122,123,124,125,126,127,128,129,130,131,132,133,134,135,136,137,138,139,140,141,142,143,144,145,146,147,148,149,150,151,152,153,154,155,156,157,158,159,160,161,162,163,164,165,166,167,168,169,170,171,172,173,174,175,176,177,178,179,180,181,182,183,184,185,186,187,188,189,190,191,192,193,194,195,196,197,198,199];False
9565;9365;18930;[43,52,11,3,1,5,30,2,0,9,41,49,12,18,14,15,20,17,16,19,13,6,22,23,24,25,26,27,28,29,21,31,32,33,34,35,36,37,38,39,40,10,42,7,44,45,46,47,48,4,50,51,8,53,54,55,56,57,58,59,60,61,62,63,64,65,66,67,68,69,70,71,72,73,74,75,76,77,78,79,80,81,82,83,84,85,86,87,88,89,90,91,92,93,94,95,96,97,98,99,100,101,102,103,104,105,106,107,108,109,110,111,112,113,114,115,116,117,118,119,120,121,122,123,124,125,126,127,128,129,130,131,132,133,134,135,136,137,138,139,140,141,142,143,144,145,146,147,148,149,150,151,152,153,154,155,156,157,158,159,160,161,162,163,164,165,166,167,168,169,170,171,172,173,174,175,176,177,178,179,180,181,182,183,184,185,186,187,188,189,190,191,192,193,194,195,196,197,198,199];False
9661;9328;18989;[14,43,11,3,1,5,30,2,0,9,41,49,12,18,52,15,20,17,16,19,13,6,22,23,24,25,26,27,28,29,21,31,32,33,34,35,36,37,38,39,40,10,42,7,44,45,46,47,48,4,50,51,8,53,54,55,56,57,58,59,60,61,62,63,64,65,66,67,68,69,70,71,72,73,74,75,76,77,78,79,80,81,82,83,84,85,86,87,88,89,90,91,92,93,94,95,96,97,98,99,100,101,102,103,104,105,106,107,108,109,110,111,112,113,114,115,116,117,118,119,120,121,122,123,124,125,126,127,128,129,130,131,132,133,134,135,136,137,138,139,140,141,142,143,144,145,146,147,148,149,150,151,152,153,154,155,156,157,158,159,160,161,162,163,164,165,166,167,168,169,170,171,172,173,174,175,176,177,178,179,180,181,182,183,184,185,186,187,188,189,190,191,192,193,194,195,196,197,198,199];False
9606;9343;18949;[23,43,11,3,1,5,30,2,0,9,41,49,12,18,14,15,20,17,16,19,13,6,22,52,24,25,26,27,28,29,21,31,32,33,34,35,36,37,38,39,40,10,42,7,44,45,46,47,48,4,50,51,8,53,54,55,56,57,58,59,60,61,62,63,64,65,66,67,68,69,70,71,72,73,74,75,76,77,78,79,80,81,82,83,84,85,86,87,88,89,90,91,92,93,94,95,96,97,98,99,100,101,102,103,104,105,106,107,108,109,110,111,112,113,114,115,116,117,118,119,120,121,122,123,124,125,126,127,128,129,130,131,132,133,134,135,136,137,138,139,140,141,142,143,144,145,146,147,148,149,150,151,152,153,154,155,156,157,158,159,160,161,162,163,164,165,166,167,168,169,170,171,172,173,174,175,176,177,178,179,180,181,182,183,184,185,186,187,188,189,190,191,192,193,194,195,196,197,198,199];False
9430;9364;18794;[26,43,11,3,1,5,30,2,0,9,41,49,12,18,14,15,20,17,16,19,13,6,22,23,24,25,52,27,28,29,21,31,32,33,34,35,36,37,38,39,40,10,42,7,44,45,46,47,48,4,50,51,8,53,54,55,56,57,58,59,60,61,62,63,64,65,66,67,68,69,70,71,72,73,74,75,76,77,78,79,80,81,82,83,84,85,86,87,88,89,90,91,92,93,94,95,96,97,98,99,100,101,102,103,104,105,106,107,108,109,110,111,112,113,114,115,116,117,118,119,120,121,122,123,124,125,126,127,128,129,130,131,132,133,134,135,136,137,138,139,140,141,142,143,144,145,146,147,148,149,150,151,152,153,154,155,156,157,158,159,160,161,162,163,164,165,166,167,168,169,170,171,172,173,174,175,176,177,178,179,180,181,182,183,184,185,186,187,188,189,190,191,192,193,194,195,196,197,198,199];False
9530;9358;18888;[28,43,11,3,1,5,30,2,0,9,41,49,12,18,14,15,20,17,16,19,13,6,22,23,24,25,26,27,52,29,21,31,32,33,34,35,36,37,38,39,40,10,42,7,44,45,46,47,48,4,50,51,8,53,54,55,56,57,58,59,60,61,62,63,64,65,66,67,68,69,70,71,72,73,74,75,76,77,78,79,80,81,82,83,84,85,86,87,88,89,90,91,92,93,94,95,96,97,98,99,100,101,102,103,104,105,106,107,108,109,110,111,112,113,114,115,116,117,118,119,120,121,122,123,124,125,126,127,128,129,130,131,132,133,134,135,136,137,138,139,140,141,142,143,144,145,146,147,148,149,150,151,152,153,154,155,156,157,158,159,160,161,162,163,164,165,166,167,168,169,170,171,172,173,174,175,176,177,178,179,180,181,182,183,184,185,186,187,188,189,190,191,192,193,194,195,196,197,198,199];False
9296;9458;18754;[11,0,32,3,1,43,18,30,8,9,4,29,12,2,14,15,20,17,10,19,5,41,22,23,24,25,26,27,28,56,21,31,16,33,34,35,36,37,38,39,40,49,42,7,44,45,46,47,48,13,50,51,52,53,54,55,6,57,58,59,60,61,62,63,64,65,66,67,68,69,70,71,72,73,74,75,76,77,78,79,80,81,82,83,84,85,86,87,88,89,90,91,92,93,94,95,96,97,98,99,100,101,102,103,104,105,106,107,108,109,110,111,112,113,114,115,116,117,118,119,120,121,122,123,124,125,126,127,128,129,130,131,132,133,134,135,136,137,138,139,140,141,142,143,144,145,146,147,148,149,150,151,152,153,154,155,156,157,158,159,160,161,162,163,164,165,166,167,168,169,170,171,172,173,174,175,176,177,178,179,180,181,182,183,184,185,186,187,188,189,190,191,192,193,194,195,196,197,198,199];False
9235;9444;18679;[16,0,32,3,1,43,18,30,8,9,4,11,12,2,14,15,20,17,10,19,5,41,22,23,24,25,26,27,28,56,21,31,29,33,34,35,36,37,38,39,40,49,42,7,44,45,46,47,48,13,50,51,52,53,54,55,6,57,58,59,60,61,62,63,64,65,66,67,68,69,70,71,72,73,74,75,76,77,78,79,80,81,82,83,84,85,86,87,88,89,90,91,92,93,94,95,96,97,98,99,100,101,102,103,104,105,106,107,108,109,110,111,112,113,114,115,116,117,118,119,120,121,122,123,124,125,126,127,128,129,130,131,132,133,134,135,136,137,138,139,140,141,142,143,144,145,146,147,148,149,150,151,152,153,154,155,156,157,158,159,160,161,162,163,164,165,166,167,168,169,170,171,172,173,174,175,176,177,178,179,180,181,182,183,184,185,186,187,188,189,190,191,192,193,194,195,196,197,198,199];False
9156;9520;18676;[0,29,11,3,26,43,18,30,8,9,4,1,12,2,14,15,16,17,10,19,20,41,22,23,24,25,5,27,28,56,21,31,32,33,34,35,36,37,38,39,40,49,42,7,44,45,46,47,48,13,50,51,52,53,54,55,6,57,58,59,60,61,62,63,64,65,66,67,68,69,70,71,72,73,74,75,76,77,78,79,80,81,82,83,84,85,86,87,88,89,90,91,92,93,94,95,96,97,98,99,100,101,102,103,104,105,106,107,108,109,110,111,112,113,114,115,116,117,118,119,120,121,122,123,124,125,126,127,128,129,130,131,132,133,134,135,136,137,138,139,140,141,142,143,144,145,146,147,148,149,150,151,152,153,154,155,156,157,158,159,160,161,162,163,164,165,166,167,168,169,170,171,172,173,174,175,176,177,178,179,180,181,182,183,184,185,186,187,188,189,190,191,192,193,194,195,196,197,198,199];False
9215;9453;18668;[16,0,11,3,26,43,18,30,8,9,4,1,12,2,14,15,29,17,10,19,20,41,22,23,24,25,5,27,28,56,21,31,32,33,34,35,36,37,38,39,40,49,42,7,44,45,46,47,48,13,50,51,52,53,54,55,6,57,58,59,60,61,62,63,64,65,66,67,68,69,70,71,72,73,74,75,76,77,78,79,80,81,82,83,84,85,86,87,88,89,90,91,92,93,94,95,96,97,98,99,100,101,102,103,104,105,106,107,108,109,110,111,112,113,114,115,116,117,118,119,120,121,122,123,124,125,126,127,128,129,130,131,132,133,134,135,136,137,138,139,140,141,142,143,144,145,146,147,148,149,150,151,152,153,154,155,156,157,158,159,160,161,162,163,164,165,166,167,168,169,170,171,172,173,174,175,176,177,178,179,180,181,182,183,184,185,186,187,188,189,190,191,192,193,194,195,196,197,198,199];False
9190;9467;18657;[41,0,11,3,26,43,18,30,8,9,4,1,12,2,14,15,16,17,10,19,20,29,22,23,24,25,5,27,28,56,21,31,32,33,34,35,36,37,38,39,40,49,42,7,44,45,46,47,48,13,50,51,52,53,54,55,6,57,58,59,60,61,62,63,64,65,66,67,68,69,70,71,72,73,74,75,76,77,78,79,80,81,82,83,84,85,86,87,88,89,90,91,92,93,94,95,96,97,98,99,100,101,102,103,104,105,106,107,108,109,110,111,112,113,114,115,116,117,118,119,120,121,122,123,124,125,126,127,128,129,130,131,132,133,134,135,136,137,138,139,140,141,142,143,144,145,146,147,148,149,150,151,152,153,154,155,156,157,158,159,160,161,162,163,164,165,166,167,168,169,170,171,172,173,174,175,176,177,178,179,180,181,182,183,184,185,186,187,188,189,190,191,192,193,194,195,196,197,198,199];False
9092;9461;18553;[32,0,11,3,26,43,18,30,8,9,4,1,12,2,14,15,16,17,10,19,20,41,22,23,24,25,5,27,28,56,21,31,29,33,34,35,36,37,38,39,40,49,42,7,44,45,46,47,48,13,50,51,52,53,54,55,6,57,58,59,60,61,62,63,64,65,66,67,68,69,70,71,72,73,74,75,76,77,78,79,80,81,82,83,84,85,86,87,88,89,90,91,92,93,94,95,96,97,98,99,100,101,102,103,104,105,106,107,108,109,110,111,112,113,114,115,116,117,118,119,120,121,122,123,124,125,126,127,128,129,130,131,132,133,134,135,136,137,138,139,140,141,142,143,144,145,146,147,148,149,150,151,152,153,154,155,156,157,158,159,160,161,162,163,164,165,166,167,168,169,170,171,172,173,174,175,176,177,178,179,180,181,182,183,184,185,186,187,188,189,190,191,192,193,194,195,196,197,198,199];False
9394;9421;18815;[11,0,32,3,1,43,18,30,8,9,4,29,12,2,14,15,53,17,10,19,20,41,22,23,24,25,26,27,28,56,21,31,16,33,34,35,36,37,38,39,40,49,42,7,44,45,46,47,48,13,50,51,52,5,54,55,6,57,58,59,60,61,62,63,64,65,66,67,68,69,70,71,72,73,74,75,76,77,78,79,80,81,82,83,84,85,86,87,88,89,90,91,92,93,94,95,96,97,98,99,100,101,102,103,104,105,106,107,108,109,110,111,112,113,114,115,116,117,118,119,120,121,122,123,124,125,126,127,128,129,130,131,132,133,134,135,136,137,138,139,140,141,142,143,144,145,146,147,148,149,150,151,152,153,154,155,156,157,158,159,160,161,162,163,164,165,166,167,168,169,170,171,172,173,174,175,176,177,178,179,180,181,182,183,184,185,186,187,188,189,190,191,192,193,194,195,196,197,198,199];False
9410;9403;18813;[41,0,32,3,1,43,18,30,8,9,4,11,12,2,14,15,53,17,10,19,20,29,22,23,24,25,26,27,28,56,21,31,16,33,34,35,36,37,38,39,40,49,42,7,44,45,46,47,48,13,50,51,52,5,54,55,6,57,58,59,60,61,62,63,64,65,66,67,68,69,70,71,72,73,74,75,76,77,78,79,80,81,82,83,84,85,86,87,88,89,90,91,92,93,94,95,96,97,98,99,100,101,102,103,104,105,106,107,108,109,110,111,112,113,114,115,116,117,118,119,120,121,122,123,124,125,126,127,128,129,130,131,132,133,134,135,136,137,138,139,140,141,142,143,144,145,146,147,148,149,150,151,152,153,154,155,156,157,158,159,160,161,162,163,164,165,166,167,168,169,170,171,172,173,174,175,176,177,178,179,180,181,182,183,184,185,186,187,188,189,190,191,192,193,194,195,196,197,198,199];False
9333;9407;18740;[16,0,32,3,1,43,18,30,8,9,4,11,12,2,14,15,53,17,10,19,20,41,22,23,24,25,26,27,28,56,21,31,29,33,34,35,36,37,38,39,40,49,42,7,44,45,46,47,48,13,50,51,52,5,54,55,6,57,58,59,60,61,62,63,64,65,66,67,68,69,70,71,72,73,74,75,76,77,78,79,80,81,82,83,84,85,86,87,88,89,90,91,92,93,94,95,96,97,98,99,100,101,102,103,104,105,106,107,108,109,110,111,112,113,114,115,116,117,118,119,120,121,122,123,124,125,126,127,128,129,130,131,132,133,134,135,136,137,138,139,140,141,142,143,144,145,146,147,148,149,150,151,152,153,154,155,156,157,158,159,160,161,162,163,164,165,166,167,168,169,170,171,172,173,174,175,176,177,178,179,180,181,182,183,184,185,186,187,188,189,190,191,192,193,194,195,196,197,198,199];False
9389;9382;18771;[13,0,32,3,1,43,18,30,8,9,4,11,12,2,14,15,16,17,10,19,20,41,22,23,24,25,26,27,28,56,21,31,29,33,34,35,36,37,38,39,40,49,42,7,44,45,46,47,48,53,50,51,52,5,54,55,6,57,58,59,60,61,62,63,64,65,66,67,68,69,70,71,72,73,74,75,76,77,78,79,80,81,82,83,84,85,86,87,88,89,90,91,92,93,94,95,96,97,98,99,100,101,102,103,104,105,106,107,108,109,110,111,112,113,114,115,116,117,118,119,120,121,122,123,124,125,126,127,128,129,130,131,132,133,134,135,136,137,138,139,140,141,142,143,144,145,146,147,148,149,150,151,152,153,154,155,156,157,158,159,160,161,162,163,164,165,166,167,168,169,170,171,172,173,174,175,176,177,178,179,180,181,182,183,184,185,186,187,188,189,190,191,192,193,194,195,196,197,198,199];False
9333;9400;18733;[50,0,32,3,1,43,18,30,8,9,4,11,12,2,14,15,16,17,10,19,20,41,22,23,24,25,26,27,28,56,21,31,29,33,34,35,36,37,38,39,40,49,42,7,44,45,46,47,48,13,53,51,52,5,54,55,6,57,58,59,60,61,62,63,64,65,66,67,68,69,70,71,72,73,74,75,76,77,78,79,80,81,82,83,84,85,86,87,88,89,90,91,92,93,94,95,96,97,98,99,100,101,102,103,104,105,106,107,108,109,110,111,112,113,114,115,116,117,118,119,120,121,122,123,124,125,126,127,128,129,130,131,132,133,134,135,136,137,138,139,140,141,142,143,144,145,146,147,148,149,150,151,152,153,154,155,156,157,158,159,160,161,162,163,164,165,166,167,168,169,170,171,172,173,174,175,176,177,178,179,180,181,182,183,184,185,186,187,188,189,190,191,192,193,194,195,196,197,198,199];False
9297;9428;18725;[51,0,32,3,1,43,18,30,8,9,4,11,12,2,14,15,16,17,10,19,20,41,22,23,24,25,26,27,28,56,21,31,29,33,34,35,36,37,38,39,40,49,42,7,44,45,46,47,48,13,50,53,52,5,54,55,6,57,58,59,60,61,62,63,64,65,66,67,68,69,70,71,72,73,74,75,76,77,78,79,80,81,82,83,84,85,86,87,88,89,90,91,92,93,94,95,96,97,98,99,100,101,102,103,104,105,106,107,108,109,110,111,112,113,114,115,116,117,118,119,120,121,122,123,124,125,126,127,128,129,130,131,132,133,134,135,136,137,138,139,140,141,142,143,144,145,146,147,148,149,150,151,152,153,154,155,156,157,158,159,160,161,162,163,164,165,166,167,168,169,170,171,172,173,174,175,176,177,178,179,180,181,182,183,184,185,186,187,188,189,190,191,192,193,194,195,196,197,198,199];False
9321;9386;18707;[64,0,32,3,1,43,18,30,8,9,4,11,12,2,14,15,16,17,10,19,20,41,22,23,24,25,26,27,28,56,21,31,29,33,34,35,36,37,38,39,40,49,42,7,44,45,46,47,48,13,50,51,52,5,54,55,6,57,58,59,60,61,62,63,53,65,66,67,68,69,70,71,72,73,74,75,76,77,78,79,80,81,82,83,84,85,86,87,88,89,90,91,92,93,94,95,96,97,98,99,100,101,102,103,104,105,106,107,108,109,110,111,112,113,114,115,116,117,118,119,120,121,122,123,124,125,126,127,128,129,130,131,132,133,134,135,136,137,138,139,140,141,142,143,144,145,146,147,148,149,150,151,152,153,154,155,156,157,158,159,160,161,162,163,164,165,166,167,168,169,170,171,172,173,174,175,176,177,178,179,180,181,182,183,184,185,186,187,188,189,190,191,192,193,194,195,196,197,198,199];False
10031;9304;19335;[28,0,2,3,1,64,30,7,46,9,41,11,12,18,14,15,53,17,16,19,13,6,22,23,24,25,26,27,8,29,21,31,32,33,20,35,36,37,38,39,40,10,42,43,44,45,49,47,48,4,50,51,52,5,54,55,56,57,58,59,60,61,62,63,34,65,66,67,68,69,70,71,72,73,74,75,76,77,78,79,80,81,82,83,84,85,86,87,88,89,90,91,92,93,94,95,96,97,98,99,100,101,102,103,104,105,106,107,108,109,110,111,112,113,114,115,116,117,118,119,120,121,122,123,124,125,126,127,128,129,130,131,132,133,134,135,136,137,138,139,140,141,142,143,144,145,146,147,148,149,150,151,152,153,154,155,156,157,158,159,160,161,162,163,164,165,166,167,168,169,170,171,172,173,174,175,176,177,178,179,180,181,182,183,184,185,186,187,188,189,190,191,192,193,194,195,196,197,198,199];False
9636;9323;18959;[0,52,11,3,1,5,30,2,8,9,41,49,12,18,7,15,20,17,16,14,13,6,22,23,24,25,26,27,28,29,21,31,19,33,32,35,36,37,38,39,40,10,42,43,44,45,46,47,48,4,50,51,34,53,54,55,56,57,58,59,60,61,62,63,64,65,66,67,68,69,70,71,72,73,74,75,76,77,78,79,80,81,82,83,84,85,86,87,88,89,90,91,92,93,94,95,96,97,98,99,100,101,102,103,104,105,106,107,108,109,110,111,112,113,114,115,116,117,118,119,120,121,122,123,124,125,126,127,128,129,130,131,132,133,134,135,136,137,138,139,140,141,142,143,144,145,146,147,148,149,150,151,152,153,154,155,156,157,158,159,160,161,162,163,164,165,166,167,168,169,170,171,172,173,174,175,176,177,178,179,180,181,182,183,184,185,186,187,188,189,190,191,192,193,194,195,196,197,198,199];False
9727;9295;19022;[3,0,11,52,1,5,30,2,8,9,41,49,12,18,7,15,20,17,16,14,13,6,22,23,24,25,26,27,28,29,21,31,19,33,32,35,36,37,38,39,40,10,42,43,44,45,46,47,48,4,50,51,34,53,54,55,56,57,58,59,60,61,62,63,64,65,66,67,68,69,70,71,72,73,74,75,76,77,78,79,80,81,82,83,84,85,86,87,88,89,90,91,92,93,94,95,96,97,98,99,100,101,102,103,104,105,106,107,108,109,110,111,112,113,114,115,116,117,118,119,120,121,122,123,124,125,126,127,128,129,130,131,132,133,134,135,136,137,138,139,140,141,142,143,144,145,146,147,148,149,150,151,152,153,154,155,156,157,158,159,160,161,162,163,164,165,166,167,168,169,170,171,172,173,174,175,176,177,178,179,180,181,182,183,184,185,186,187,188,189,190,191,192,193,194,195,196,197,198,199];False
9688;9322;19010;[52,0,11,3,1,5,30,2,8,9,41,49,12,18,7,15,20,17,16,14,13,6,22,23,24,25,26,27,28,29,21,31,19,33,32,35,36,37,38,39,40,10,42,43,44,45,46,47,48,4,50,51,90,53,54,55,56,57,58,59,60,61,62,63,64,65,66,67,68,69,70,71,72,73,74,75,76,77,78,79,80,81,82,83,84,85,86,87,88,89,34,91,92,93,94,95,96,97,98,99,100,101,102,103,104,105,106,107,108,109,110,111,112,113,114,115,116,117,118,119,120,121,122,123,124,125,126,127,128,129,130,131,132,133,134,135,136,137,138,139,140,141,142,143,144,145,146,147,148,149,150,151,152,153,154,155,156,157,158,159,160,161,162,163,164,165,166,167,168,169,170,171,172,173,174,175,176,177,178,179,180,181,182,183,184,185,186,187,188,189,190,191,192,193,194,195,196,197,198,199];False
9579;9336;18915;[56,0,11,3,1,5,30,2,8,9,41,49,12,18,7,15,20,17,16,14,13,6,22,23,24,25,26,27,28,29,21,31,19,33,32,35,36,37,38,39,40,10,42,43,44,45,46,47,48,4,50,51,52,53,54,55,90,57,58,59,60,61,62,63,64,65,66,67,68,69,70,71,72,73,74,75,76,77,78,79,80,81,82,83,84,85,86,87,88,89,34,91,92,93,94,95,96,97,98,99,100,101,102,103,104,105,106,107,108,109,110,111,112,113,114,115,116,117,118,119,120,121,122,123,124,125,126,127,128,129,130,131,132,133,134,135,136,137,138,139,140,141,142,143,144,145,146,147,148,149,150,151,152,153,154,155,156,157,158,159,160,161,162,163,164,165,166,167,168,169,170,171,172,173,174,175,176,177,178,179,180,181,182,183,184,185,186,187,188,189,190,191,192,193,194,195,196,197,198,199];False
9717;9316;19033;[64,0,11,3,1,5,30,2,8,9,41,49,12,18,7,15,20,17,16,14,13,6,22,23,24,25,26,27,28,29,21,31,19,33,32,35,36,37,38,39,40,10,42,43,44,45,46,47,48,4,50,51,52,53,54,55,56,57,58,59,60,61,62,63,90,65,66,67,68,69,70,71,72,73,74,75,76,77,78,79,80,81,82,83,84,85,86,87,88,89,34,91,92,93,94,95,96,97,98,99,100,101,102,103,104,105,106,107,108,109,110,111,112,113,114,115,116,117,118,119,120,121,122,123,124,125,126,127,128,129,130,131,132,133,134,135,136,137,138,139,140,141,142,143,144,145,146,147,148,149,150,151,152,153,154,155,156,157,158,159,160,161,162,163,164,165,166,167,168,169,170,171,172,173,174,175,176,177,178,179,180,181,182,183,184,185,186,187,188,189,190,191,192,193,194,195,196,197,198,199];False
9551;9322;18873;[66,0,11,3,1,5,30,2,8,9,41,49,12,18,7,15,20,17,16,14,13,6,22,23,24,25,26,27,28,29,21,31,19,33,32,35,36,37,38,39,40,10,42,43,44,45,46,47,48,4,50,51,52,53,54,55,56,57,58,59,60,61,62,63,64,65,90,67,68,69,70,71,72,73,74,75,76,77,78,79,80,81,82,83,84,85,86,87,88,89,34,91,92,93,94,95,96,97,98,99,100,101,102,103,104,105,106,107,108,109,110,111,112,113,114,115,116,117,118,119,120,121,122,123,124,125,126,127,128,129,130,131,132,133,134,135,136,137,138,139,140,141,142,143,144,145,146,147,148,149,150,151,152,153,154,155,156,157,158,159,160,161,162,163,164,165,166,167,168,169,170,171,172,173,174,175,176,177,178,179,180,181,182,183,184,185,186,187,188,189,190,191,192,193,194,195,196,197,198,199];False
9543;9342;18885;[3,43,11,26,1,5,30,2,0,9,41,49,12,18,14,15,20,17,16,19,13,6,22,23,24,25,52,27,28,29,21,31,32,33,34,35,36,37,38,39,40,10,42,7,44,45,46,47,48,4,50,51,8,53,54,55,56,57,58,59,60,61,62,63,64,65,66,67,68,69,70,71,72,73,74,75,76,77,78,79,80,81,82,83,84,85,86,87,88,89,90,91,92,93,94,95,96,97,98,99,100,101,102,103,104,105,106,107,108,109,110,111,112,113,114,115,116,117,118,119,120,121,122,123,124,125,126,127,128,129,130,131,132,133,134,135,136,137,138,139,140,141,142,143,144,145,146,147,148,149,150,151,152,153,154,155,156,157,158,159,160,161,162,163,164,165,166,167,168,169,170,171,172,173,174,175,176,177,178,179,180,181,182,183,184,185,186,187,188,189,190,191,192,193,194,195,196,197,198,199];False
9412;9364;18776;[0,43,11,3,1,5,30,2,26,9,41,49,12,18,14,15,20,17,16,19,13,6,22,23,24,25,52,27,28,29,21,31,32,33,34,35,36,37,38,39,40,10,42,7,44,45,46,47,48,4,50,51,8,53,54,55,56,57,58,59,60,61,62,63,64,65,66,67,68,69,70,71,72,73,74,75,76,77,78,79,80,81,82,83,84,85,86,87,88,89,90,91,92,93,94,95,96,97,98,99,100,101,102,103,104,105,106,107,108,109,110,111,112,113,114,115,116,117,118,119,120,121,122,123,124,125,126,127,128,129,130,131,132,133,134,135,136,137,138,139,140,141,142,143,144,145,146,147,148,149,150,151,152,153,154,155,156,157,158,159,160,161,162,163,164,165,166,167,168,169,170,171,172,173,174,175,176,177,178,179,180,181,182,183,184,185,186,187,188,189,190,191,192,193,194,195,196,197,198,199];False
9535;9343;18878;[18,43,11,3,1,5,30,2,0,9,41,49,12,28,14,15,20,17,16,19,13,6,22,23,24,25,26,27,52,29,21,31,32,33,34,35,36,37,38,39,40,10,42,7,44,45,46,47,48,4,50,51,8,53,54,55,56,57,58,59,60,61,62,63,64,65,66,67,68,69,70,71,72,73,74,75,76,77,78,79,80,81,82,83,84,85,86,87,88,89,90,91,92,93,94,95,96,97,98,99,100,101,102,103,104,105,106,107,108,109,110,111,112,113,114,115,116,117,118,119,120,121,122,123,124,125,126,127,128,129,130,131,132,133,134,135,136,137,138,139,140,141,142,143,144,145,146,147,148,149,150,151,152,153,154,155,156,157,158,159,160,161,162,163,164,165,166,167,168,169,170,171,172,173,174,175,176,177,178,179,180,181,182,183,184,185,186,187,188,189,190,191,192,193,194,195,196,197,198,199];False
9528;9355;18883;[15,43,11,3,1,5,30,2,0,9,41,49,12,18,14,28,20,17,16,19,13,6,22,23,24,25,26,27,52,29,21,31,32,33,34,35,36,37,38,39,40,10,42,7,44,45,46,47,48,4,50,51,8,53,54,55,56,57,58,59,60,61,62,63,64,65,66,67,68,69,70,71,72,73,74,75,76,77,78,79,80,81,82,83,84,85,86,87,88,89,90,91,92,93,94,95,96,97,98,99,100,101,102,103,104,105,106,107,108,109,110,111,112,113,114,115,116,117,118,119,120,121,122,123,124,125,126,127,128,129,130,131,132,133,134,135,136,137,138,139,140,141,142,143,144,145,146,147,148,149,150,151,152,153,154,155,156,157,158,159,160,161,162,163,164,165,166,167,168,169,170,171,172,173,174,175,176,177,178,179,180,181,182,183,184,185,186,187,188,189,190,191,192,193,194,195,196,197,198,199];False
9256;9429;18685;[10,0,32,3,1,43,18,30,8,9,4,11,12,2,14,15,20,17,16,19,5,41,22,23,24,25,26,27,28,56,21,31,29,33,34,35,36,37,38,39,40,49,42,7,44,45,46,47,48,13,50,51,52,53,54,55,6,57,58,59,60,61,62,63,64,65,66,67,68,69,70,71,72,73,74,75,76,77,78,79,80,81,82,83,84,85,86,87,88,89,90,91,92,93,94,95,96,97,98,99,100,101,102,103,104,105,106,107,108,109,110,111,112,113,114,115,116,117,118,119,120,121,122,123,124,125,126,127,128,129,130,131,132,133,134,135,136,137,138,139,140,141,142,143,144,145,146,147,148,149,150,151,152,153,154,155,156,157,158,159,160,161,162,163,164,165,166,167,168,169,170,171,172,173,174,175,176,177,178,179,180,181,182,183,184,185,186,187,188,189,190,191,192,193,194,195,196,197,198,199];False
9184;9457;18641;[28,0,32,3,1,43,18,30,8,9,4,11,12,2,14,15,20,17,10,19,5,41,22,23,24,25,26,27,16,56,21,31,29,33,34,35,36,37,38,39,40,49,42,7,44,45,46,47,48,13,50,51,52,53,54,55,6,57,58,59,60,61,62,63,64,65,66,67,68,69,70,71,72,73,74,75,76,77,78,79,80,81,82,83,84,85,86,87,88,89,90,91,92,93,94,95,96,97,98,99,100,101,102,103,104,105,106,107,108,109,110,111,112,113,114,115,116,117,118,119,120,121,122,123,124,125,126,127,128,129,130,131,132,133,134,135,136,137,138,139,140,141,142,143,144,145,146,147,148,149,150,151,152,153,154,155,156,157,158,159,160,161,162,163,164,165,166,167,168,169,170,171,172,173,174,175,176,177,178,179,180,181,182,183,184,185,186,187,188,189,190,191,192,193,194,195,196,197,198,199];False
9220;9429;18649;[34,0,32,3,1,43,18,30,8,9,4,11,12,2,14,15,20,17,10,19,5,41,22,23,24,25,26,27,28,56,21,31,29,33,16,35,36,37,38,39,40,49,42,7,44,45,46,47,48,13,50,51,52,53,54,55,6,57,58,59,60,61,62,63,64,65,66,67,68,69,70,71,72,73,74,75,76,77,78,79,80,81,82,83,84,85,86,87,88,89,90,91,92,93,94,95,96,97,98,99,100,101,102,103,104,105,106,107,108,109,110,111,112,113,114,115,116,117,118,119,120,121,122,123,124,125,126,127,128,129,130,131,132,133,134,135,136,137,138,139,140,141,142,143,144,145,146,147,148,149,150,151,152,153,154,155,156,157,158,159,160,161,162,163,164,165,166,167,168,169,170,171,172,173,174,175,176,177,178,179,180,181,182,183,184,185,186,187,188,189,190,191,192,193,194,195,196,197,198,199];False
9217;9445;18662;[20,0,11,3,26,43,18,30,8,9,4,1,12,2,14,15,29,17,10,19,16,41,22,23,24,25,5,27,28,56,21,31,32,33,34,35,36,37,38,39,40,49,42,7,44,45,46,47,48,13,50,51,52,53,54,55,6,57,58,59,60,61,62,63,64,65,66,67,68,69,70,71,72,73,74,75,76,77,78,79,80,81,82,83,84,85,86,87,88,89,90,91,92,93,94,95,96,97,98,99,100,101,102,103,104,105,106,107,108,109,110,111,112,113,114,115,116,117,118,119,120,121,122,123,124,125,126,127,128,129,130,131,132,133,134,135,136,137,138,139,140,141,142,143,144,145,146,147,148,149,150,151,152,153,154,155,156,157,158,159,160,161,162,163,164,165,166,167,168,169,170,171,172,173,174,175,176,177,178,179,180,181,182,183,184,185,186,187,188,189,190,191,192,193,194,195,196,197,198,199];False
9194;9443;18637;[32,0,11,3,26,43,18,30,8,9,4,1,12,2,14,15,29,17,10,19,20,41,22,23,24,25,5,27,28,56,21,31,16,33,34,35,36,37,38,39,40,49,42,7,44,45,46,47,48,13,50,51,52,53,54,55,6,57,58,59,60,61,62,63,64,65,66,67,68,69,70,71,72,73,74,75,76,77,78,79,80,81,82,83,84,85,86,87,88,89,90,91,92,93,94,95,96,97,98,99,100,101,102,103,104,105,106,107,108,109,110,111,112,113,114,115,116,117,118,119,120,121,122,123,124,125,126,127,128,129,130,131,132,133,134,135,136,137,138,139,140,141,142,143,144,145,146,147,148,149,150,151,152,153,154,155,156,157,158,159,160,161,162,163,164,165,166,167,168,169,170,171,172,173,174,175,176,177,178,179,180,181,182,183,184,185,186,187,188,189,190,191,192,193,194,195,196,197,198,199];False
9110;9455;18565;[11,0,32,3,26,43,18,30,8,9,4,1,12,2,14,15,16,17,10,19,20,41,22,23,24,25,5,27,28,56,21,31,29,33,34,35,36,37,38,39,40,49,42,7,44,45,46,47,48,13,50,51,52,53,54,55,6,57,58,59,60,61,62,63,64,65,66,67,68,69,70,71,72,73,74,75,76,77,78,79,80,81,82,83,84,85,86,87,88,89,90,91,92,93,94,95,96,97,98,99,100,101,102,103,104,105,106,107,108,109,110,111,112,113,114,115,116,117,118,119,120,121,122,123,124,125,126,127,128,129,130,131,132,133,134,135,136,137,138,139,140,141,142,143,144,145,146,147,148,149,150,151,152,153,154,155,156,157,158,159,160,161,162,163,164,165,166,167,168,169,170,171,172,173,174,175,176,177,178,179,180,181,182,183,184,185,186,187,188,189,190,191,192,193,194,195,196,197,198,199];False
9260;9423;18683;[8,0,11,3,26,43,18,30,32,9,4,1,12,2,14,15,16,17,10,19,20,41,22,23,24,25,5,27,28,56,21,31,29,33,34,35,36,37,38,39,40,49,42,7,44,45,46,47,48,13,50,51,52,53,54,55,6,57,58,59,60,61,62,63,64,65,66,67,68,69,70,71,72,73,74,75,76,77,78,79,80,81,82,83,84,85,86,87,88,89,90,91,92,93,94,95,96,97,98,99,100,101,102,103,104,105,106,107,108,109,110,111,112,113,114,115,116,117,118,119,120,121,122,123,124,125,126,127,128,129,130,131,132,133,134,135,136,137,138,139,140,141,142,143,144,145,146,147,148,149,150,151,152,153,154,155,156,157,158,159,160,161,162,163,164,165,166,167,168,169,170,171,172,173,174,175,176,177,178,179,180,181,182,183,184,185,186,187,188,189,190,191,192,193,194,195,196,197,198,199];False
9171;9443;18614;[4,0,11,3,26,43,18,30,8,9,32,1,12,2,14,15,16,17,10,19,20,41,22,23,24,25,5,27,28,56,21,31,29,33,34,35,36,37,38,39,40,49,42,7,44,45,46,47,48,13,50,51,52,53,54,55,6,57,58,59,60,61,62,63,64,65,66,67,68,69,70,71,72,73,74,75,76,77,78,79,80,81,82,83,84,85,86,87,88,89,90,91,92,93,94,95,96,97,98,99,100,101,102,103,104,105,106,107,108,109,110,111,112,113,114,115,116,117,118,119,120,121,122,123,124,125,126,127,128,129,130,131,132,133,134,135,136,137,138,139,140,141,142,143,144,145,146,147,148,149,150,151,152,153,154,155,156,157,158,159,160,161,162,163,164,165,166,167,168,169,170,171,172,173,174,175,176,177,178,179,180,181,182,183,184,185,186,187,188,189,190,191,192,193,194,195,196,197,198,199];False
9070;9447;18517;[2,0,11,3,26,43,18,30,8,9,4,1,12,32,14,15,16,17,10,19,20,41,22,23,24,25,5,27,28,56,21,31,29,33,34,35,36,37,38,39,40,49,42,7,44,45,46,47,48,13,50,51,52,53,54,55,6,57,58,59,60,61,62,63,64,65,66,67,68,69,70,71,72,73,74,75,76,77,78,79,80,81,82,83,84,85,86,87,88,89,90,91,92,93,94,95,96,97,98,99,100,101,102,103,104,105,106,107,108,109,110,111,112,113,114,115,116,117,118,119,120,121,122,123,124,125,126,127,128,129,130,131,132,133,134,135,136,137,138,139,140,141,142,143,144,145,146,147,148,149,150,151,152,153,154,155,156,157,158,159,160,161,162,163,164,165,166,167,168,169,170,171,172,173,174,175,176,177,178,179,180,181,182,183,184,185,186,187,188,189,190,191,192,193,194,195,196,197,198,199];False
9315;9396;18711;[12,0,32,3,1,43,18,30,8,9,4,11,13,2,14,15,16,17,10,19,20,41,22,23,24,25,26,27,28,56,21,31,29,33,34,35,36,37,38,39,40,49,42,7,44,45,46,47,48,53,50,51,52,5,54,55,6,57,58,59,60,61,62,63,64,65,66,67,68,69,70,71,72,73,74,75,76,77,78,79,80,81,82,83,84,85,86,87,88,89,90,91,92,93,94,95,96,97,98,99,100,101,102,103,104,105,106,107,108,109,110,111,112,113,114,115,116,117,118,119,120,121,122,123,124,125,126,127,128,129,130,131,132,133,134,135,136,137,138,139,140,141,142,143,144,145,146,147,148,149,150,151,152,153,154,155,156,157,158,159,160,161,162,163,164,165,166,167,168,169,170,171,172,173,174,175,176,177,178,179,180,181,182,183,184,185,186,187,188,189,190,191,192,193,194,195,196,197,198,199];False
9402;9373;18775;[6,0,32,3,1,43,18,30,8,9,4,11,12,2,14,15,16,17,10,19,20,41,22,23,24,25,26,27,28,56,21,31,29,33,34,35,36,37,38,39,40,49,42,7,44,45,46,47,48,53,50,51,52,5,54,55,13,57,58,59,60,61,62,63,64,65,66,67,68,69,70,71,72,73,74,75,76,77,78,79,80,81,82,83,84,85,86,87,88,89,90,91,92,93,94,95,96,97,98,99,100,101,102,103,104,105,106,107,108,109,110,111,112,113,114,115,116,117,118,119,120,121,122,123,124,125,126,127,128,129,130,131,132,133,134,135,136,137,138,139,140,141,142,143,144,145,146,147,148,149,150,151,152,153,154,155,156,157,158,159,160,161,162,163,164,165,166,167,168,169,170,171,172,173,174,175,176,177,178,179,180,181,182,183,184,185,186,187,188,189,190,191,192,193,194,195,196,197,198,199];False
9264;9407;18671;[60,0,32,3,1,43,18,30,8,9,4,11,12,2,14,15,16,17,10,19,20,41,22,23,24,25,26,27,28,56,21,31,29,33,34,35,36,37,38,39,40,49,42,7,44,45,46,47,48,53,50,51,52,5,54,55,6,57,58,59,13,61,62,63,64,65,66,67,68,69,70,71,72,73,74,75,76,77,78,79,80,81,82,83,84,85,86,87,88,89,90,91,92,93,94,95,96,97,98,99,100,101,102,103,104,105,106,107,108,109,110,111,112,113,114,115,116,117,118,119,120,121,122,123,124,125,126,127,128,129,130,131,132,133,134,135,136,137,138,139,140,141,142,143,144,145,146,147,148,149,150,151,152,153,154,155,156,157,158,159,160,161,162,163,164,165,166,167,168,169,170,171,172,173,174,175,176,177,178,179,180,181,182,183,184,185,186,187,188,189,190,191,192,193,194,195,196,197,198,199];False
9392;9360;18752;[63,0,32,3,1,43,18,30,8,9,4,11,12,2,14,15,16,17,10,19,20,41,22,23,24,25,26,27,28,56,21,31,29,33,34,35,36,37,38,39,40,49,42,7,44,45,46,47,48,53,50,51,52,5,54,55,6,57,58,59,60,61,62,13,64,65,66,67,68,69,70,71,72,73,74,75,76,77,78,79,80,81,82,83,84,85,86,87,88,89,90,91,92,93,94,95,96,97,98,99,100,101,102,103,104,105,106,107,108,109,110,111,112,113,114,115,116,117,118,119,120,121,122,123,124,125,126,127,128,129,130,131,132,133,134,135,136,137,138,139,140,141,142,143,144,145,146,147,148,149,150,151,152,153,154,155,156,157,158,159,160,161,162,163,164,165,166,167,168,169,170,171,172,173,174,175,176,177,178,179,180,181,182,183,184,185,186,187,188,189,190,191,192,193,194,195,196,197,198,199];False
9301;9380;18681;[66,0,32,3,1,43,18,30,8,9,4,11,12,2,14,15,16,17,10,19,20,41,22,23,24,25,26,27,28,56,21,31,29,33,34,35,36,37,38,39,40,49,42,7,44,45,46,47,48,53,50,51,52,5,54,55,6,57,58,59,60,61,62,63,64,65,13,67,68,69,70,71,72,73,74,75,76,77,78,79,80,81,82,83,84,85,86,87,88,89,90,91,92,93,94,95,96,97,98,99,100,101,102,103,104,105,106,107,108,109,110,111,112,113,114,115,116,117,118,119,120,121,122,123,124,125,126,127,128,129,130,131,132,133,134,135,136,137,138,139,140,141,142,143,144,145,146,147,148,149,150,151,152,153,154,155,156,157,158,159,160,161,162,163,164,165,166,167,168,169,170,171,172,173,174,175,176,177,178,179,180,181,182,183,184,185,186,187,188,189,190,191,192,193,194,195,196,197,198,199];False
9825;9281;19106;[8,0,11,52,1,5,30,2,3,9,41,49,12,18,7,15,20,17,16,14,13,6,22,23,24,25,26,27,28,29,21,31,19,33,32,35,36,37,38,39,40,10,42,43,44,45,46,47,48,4,50,51,34,53,54,55,56,57,58,59,60,61,62,63,64,65,66,67,68,69,70,71,72,73,74,75,76,77,78,79,80,81,82,83,84,85,86,87,88,89,90,91,92,93,94,95,96,97,98,99,100,101,102,103,104,105,106,107,108,109,110,111,112,113,114,115,116,117,118,119,120,121,122,123,124,125,126,127,128,129,130,131,132,133,134,135,136,137,138,139,140,141,142,143,144,145,146,147,148,149,150,151,152,153,154,155,156,157,158,159,160,161,162,163,164,165,166,167,168,169,170,171,172,173,174,175,176,177,178,179,180,181,182,183,184,185,186,187,188,189,190,191,192,193,194,195,196,197,198,199];False
9669;9312;18981;[41,0,11,52,1,5,30,2,8,9,3,49,12,18,7,15,20,17,16,14,13,6,22,23,24,25,26,27,28,29,21,31,19,33,32,35,36,37,38,39,40,10,42,43,44,45,46,47,48,4,50,51,34,53,54,55,56,57,58,59,60,61,62,63,64,65,66,67,68,69,70,71,72,73,74,75,76,77,78,79,80,81,82,83,84,85,86,87,88,89,90,91,92,93,94,95,96,97,98,99,100,101,102,103,104,105,106,107,108,109,110,111,112,113,114,115,116,117,118,119,120,121,122,123,124,125,126,127,128,129,130,131,132,133,134,135,136,137,138,139,140,141,142,143,144,145,146,147,148,149,150,151,152,153,154,155,156,157,158,159,160,161,162,163,164,165,166,167,168,169,170,171,172,173,174,175,176,177,178,179,180,181,182,183,184,185,186,187,188,189,190,191,192,193,194,195,196,197,198,199];False
9716;9305;19021;[49,0,11,52,1,5,30,2,8,9,41,3,12,18,7,15,20,17,16,14,13,6,22,23,24,25,26,27,28,29,21,31,19,33,32,35,36,37,38,39,40,10,42,43,44,45,46,47,48,4,50,51,34,53,54,55,56,57,58,59,60,61,62,63,64,65,66,67,68,69,70,71,72,73,74,75,76,77,78,79,80,81,82,83,84,85,86,87,88,89,90,91,92,93,94,95,96,97,98,99,100,101,102,103,104,105,106,107,108,109,110,111,112,113,114,115,116,117,118,119,120,121,122,123,124,125,126,127,128,129,130,131,132,133,134,135,136,137,138,139,140,141,142,143,144,145,146,147,148,149,150,151,152,153,154,155,156,157,158,159,160,161,162,163,164,165,166,167,168,169,170,171,172,173,174,175,176,177,178,179,180,181,182,183,184,185,186,187,188,189,190,191,192,193,194,195,196,197,198,199];False
9697;9295;18992;[13,0,11,52,1,5,30,2,8,9,41,49,12,18,7,15,20,17,16,14,3,6,22,23,24,25,26,27,28,29,21,31,19,33,32,35,36,37,38,39,40,10,42,43,44,45,46,47,48,4,50,51,34,53,54,55,56,57,58,59,60,61,62,63,64,65,66,67,68,69,70,71,72,73,74,75,76,77,78,79,80,81,82,83,84,85,86,87,88,89,90,91,92,93,94,95,96,97,98,99,100,101,102,103,104,105,106,107,108,109,110,111,112,113,114,115,116,117,118,119,120,121,122,123,124,125,126,127,128,129,130,131,132,133,134,135,136,137,138,139,140,141,142,143,144,145,146,147,148,149,150,151,152,153,154,155,156,157,158,159,160,161,162,163,164,165,166,167,168,169,170,171,172,173,174,175,176,177,178,179,180,181,182,183,184,185,186,187,188,189,190,191,192,193,194,195,196,197,198,199];False
9532;9349;18881;[1,0,11,3,66,5,30,2,8,9,41,49,12,18,7,15,20,17,16,14,13,6,22,23,24,25,26,27,28,29,21,31,19,33,32,35,36,37,38,39,40,10,42,43,44,45,46,47,48,4,50,51,52,53,54,55,56,57,58,59,60,61,62,63,64,65,90,67,68,69,70,71,72,73,74,75,76,77,78,79,80,81,82,83,84,85,86,87,88,89,34,91,92,93,94,95,96,97,98,99,100,101,102,103,104,105,106,107,108,109,110,111,112,113,114,115,116,117,118,119,120,121,122,123,124,125,126,127,128,129,130,131,132,133,134,135,136,137,138,139,140,141,142,143,144,145,146,147,148,149,150,151,152,153,154,155,156,157,158,159,160,161,162,163,164,165,166,167,168,169,170,171,172,173,174,175,176,177,178,179,180,181,182,183,184,185,186,187,188,189,190,191,192,193,194,195,196,197,198,199];False
9640;9303;18943;[8,0,11,3,1,5,30,2,66,9,41,49,12,18,7,15,20,17,16,14,13,6,22,23,24,25,26,27,28,29,21,31,19,33,32,35,36,37,38,39,40,10,42,43,44,45,46,47,48,4,50,51,52,53,54,55,56,57,58,59,60,61,62,63,64,65,90,67,68,69,70,71,72,73,74,75,76,77,78,79,80,81,82,83,84,85,86,87,88,89,34,91,92,93,94,95,96,97,98,99,100,101,102,103,104,105,106,107,108,109,110,111,112,113,114,115,116,117,118,119,120,121,122,123,124,125,126,127,128,129,130,131,132,133,134,135,136,137,138,139,140,141,142,143,144,145,146,147,148,149,150,151,152,153,154,155,156,157,158,159,160,161,162,163,164,165,166,167,168,169,170,171,172,173,174,175,176,177,178,179,180,181,182,183,184,185,186,187,188,189,190,191,192,193,194,195,196,197,198,199];False
9577;9317;18894;[13,0,11,3,1,5,30,2,8,9,41,49,12,18,7,15,20,17,16,14,66,6,22,23,24,25,26,27,28,29,21,31,19,33,32,35,36,37,38,39,40,10,42,43,44,45,46,47,48,4,50,51,52,53,54,55,56,57,58,59,60,61,62,63,64,65,90,67,68,69,70,71,72,73,74,75,76,77,78,79,80,81,82,83,84,85,86,87,88,89,34,91,92,93,94,95,96,97,98,99,100,101,102,103,104,105,106,107,108,109,110,111,112,113,114,115,116,117,118,119,120,121,122,123,124,125,126,127,128,129,130,131,132,133,134,135,136,137,138,139,140,141,142,143,144,145,146,147,148,149,150,151,152,153,154,155,156,157,158,159,160,161,162,163,164,165,166,167,168,169,170,171,172,173,174,175,176,177,178,179,180,181,182,183,184,185,186,187,188,189,190,191,192,193,194,195,196,197,198,199];False
9544;9312;18856;[23,0,11,3,1,5,30,2,8,9,41,49,12,18,7,15,20,17,16,14,13,6,22,66,24,25,26,27,28,29,21,31,19,33,32,35,36,37,38,39,40,10,42,43,44,45,46,47,48,4,50,51,52,53,54,55,56,57,58,59,60,61,62,63,64,65,90,67,68,69,70,71,72,73,74,75,76,77,78,79,80,81,82,83,84,85,86,87,88,89,34,91,92,93,94,95,96,97,98,99,100,101,102,103,104,105,106,107,108,109,110,111,112,113,114,115,116,117,118,119,120,121,122,123,124,125,126,127,128,129,130,131,132,133,134,135,136,137,138,139,140,141,142,143,144,145,146,147,148,149,150,151,152,153,154,155,156,157,158,159,160,161,162,163,164,165,166,167,168,169,170,171,172,173,174,175,176,177,178,179,180,181,182,183,184,185,186,187,188,189,190,191,192,193,194,195,196,197,198,199];False
9540;9339;18879;[14,43,11,26,1,5,30,2,0,9,41,49,12,18,3,15,20,17,16,19,13,6,22,23,24,25,52,27,28,29,21,31,32,33,34,35,36,37,38,39,40,10,42,7,44,45,46,47,48,4,50,51,8,53,54,55,56,57,58,59,60,61,62,63,64,65,66,67,68,69,70,71,72,73,74,75,76,77,78,79,80,81,82,83,84,85,86,87,88,89,90,91,92,93,94,95,96,97,98,99,100,101,102,103,104,105,106,107,108,109,110,111,112,113,114,115,116,117,118,119,120,121,122,123,124,125,126,127,128,129,130,131,132,133,134,135,136,137,138,139,140,141,142,143,144,145,146,147,148,149,150,151,152,153,154,155,156,157,158,159,160,161,162,163,164,165,166,167,168,169,170,171,172,173,174,175,176,177,178,179,180,181,182,183,184,185,186,187,188,189,190,191,192,193,194,195,196,197,198,199];False
9510;9357;18867;[26,43,11,3,1,5,30,2,0,9,41,49,12,28,14,15,20,17,16,19,13,6,22,23,24,25,18,27,52,29,21,31,32,33,34,35,36,37,38,39,40,10,42,7,44,45,46,47,48,4,50,51,8,53,54,55,56,57,58,59,60,61,62,63,64,65,66,67,68,69,70,71,72,73,74,75,76,77,78,79,80,81,82,83,84,85,86,87,88,89,90,91,92,93,94,95,96,97,98,99,100,101,102,103,104,105,106,107,108,109,110,111,112,113,114,115,116,117,118,119,120,121,122,123,124,125,126,127,128,129,130,131,132,133,134,135,136,137,138,139,140,141,142,143,144,145,146,147,148,149,150,151,152,153,154,155,156,157,158,159,160,161,162,163,164,165,166,167,168,169,170,171,172,173,174,175,176,177,178,179,180,181,182,183,184,185,186,187,188,189,190,191,192,193,194,195,196,197,198,199];False
9466;9343;18809;[46,43,11,3,1,5,30,2,0,9,41,49,12,28,14,15,20,17,16,19,13,6,22,23,24,25,26,27,52,29,21,31,32,33,34,35,36,37,38,39,40,10,42,7,44,45,18,47,48,4,50,51,8,53,54,55,56,57,58,59,60,61,62,63,64,65,66,67,68,69,70,71,72,73,74,75,76,77,78,79,80,81,82,83,84,85,86,87,88,89,90,91,92,93,94,95,96,97,98,99,100,101,102,103,104,105,106,107,108,109,110,111,112,113,114,115,116,117,118,119,120,121,122,123,124,125,126,127,128,129,130,131,132,133,134,135,136,137,138,139,140,141,142,143,144,145,146,147,148,149,150,151,152,153,154,155,156,157,158,159,160,161,162,163,164,165,166,167,168,169,170,171,172,173,174,175,176,177,178,179,180,181,182,183,184,185,186,187,188,189,190,191,192,193,194,195,196,197,198,199];False
9177;9433;18610;[19,0,32,3,1,43,18,30,8,9,4,11,12,2,14,15,20,17,10,34,5,41,22,23,24,25,26,27,28,56,21,31,29,33,16,35,36,37,38,39,40,49,42,7,44,45,46,47,48,13,50,51,52,53,54,55,6,57,58,59,60,61,62,63,64,65,66,67,68,69,70,71,72,73,74,75,76,77,78,79,80,81,82,83,84,85,86,87,88,89,90,91,92,93,94,95,96,97,98,99,100,101,102,103,104,105,106,107,108,109,110,111,112,113,114,115,116,117,118,119,120,121,122,123,124,125,126,127,128,129,130,131,132,133,134,135,136,137,138,139,140,141,142,143,144,145,146,147,148,149,150,151,152,153,154,155,156,157,158,159,160,161,162,163,164,165,166,167,168,169,170,171,172,173,174,175,176,177,178,179,180,181,182,183,184,185,186,187,188,189,190,191,192,193,194,195,196,197,198,199];False
9160;9443;18603;[51,0,32,3,1,43,18,30,8,9,4,11,12,2,14,15,20,17,10,19,5,41,22,23,24,25,26,27,28,56,21,31,29,33,16,35,36,37,38,39,40,49,42,7,44,45,46,47,48,13,50,34,52,53,54,55,6,57,58,59,60,61,62,63,64,65,66,67,68,69,70,71,72,73,74,75,76,77,78,79,80,81,82,83,84,85,86,87,88,89,90,91,92,93,94,95,96,97,98,99,100,101,102,103,104,105,106,107,108,109,110,111,112,113,114,115,116,117,118,119,120,121,122,123,124,125,126,127,128,129,130,131,132,133,134,135,136,137,138,139,140,141,142,143,144,145,146,147,148,149,150,151,152,153,154,155,156,157,158,159,160,161,162,163,164,165,166,167,168,169,170,171,172,173,174,175,176,177,178,179,180,181,182,183,184,185,186,187,188,189,190,191,192,193,194,195,196,197,198,199];False
9243;9404;18647;[52,0,32,3,1,43,18,30,8,9,4,11,12,2,14,15,20,17,10,19,5,41,22,23,24,25,26,27,28,56,21,31,29,33,16,35,36,37,38,39,40,49,42,7,44,45,46,47,48,13,50,51,34,53,54,55,6,57,58,59,60,61,62,63,64,65,66,67,68,69,70,71,72,73,74,75,76,77,78,79,80,81,82,83,84,85,86,87,88,89,90,91,92,93,94,95,96,97,98,99,100,101,102,103,104,105,106,107,108,109,110,111,112,113,114,115,116,117,118,119,120,121,122,123,124,125,126,127,128,129,130,131,132,133,134,135,136,137,138,139,140,141,142,143,144,145,146,147,148,149,150,151,152,153,154,155,156,157,158,159,160,161,162,163,164,165,166,167,168,169,170,171,172,173,174,175,176,177,178,179,180,181,182,183,184,185,186,187,188,189,190,191,192,193,194,195,196,197,198,199];False
9251;9400;18651;[64,0,32,3,1,43,18,30,8,9,4,11,12,2,14,15,20,17,10,19,5,41,22,23,24,25,26,27,28,56,21,31,29,33,16,35,36,37,38,39,40,49,42,7,44,45,46,47,48,13,50,51,52,53,54,55,6,57,58,59,60,61,62,63,34,65,66,67,68,69,70,71,72,73,74,75,76,77,78,79,80,81,82,83,84,85,86,87,88,89,90,91,92,93,94,95,96,97,98,99,100,101,102,103,104,105,106,107,108,109,110,111,112,113,114,115,116,117,118,119,120,121,122,123,124,125,126,127,128,129,130,131,132,133,134,135,136,137,138,139,140,141,142,143,144,145,146,147,148,149,150,151,152,153,154,155,156,157,158,159,160,161,162,163,164,165,166,167,168,169,170,171,172,173,174,175,176,177,178,179,180,181,182,183,184,185,186,187,188,189,190,191,192,193,194,195,196,197,198,199];False
9184;9431;18615;[66,0,32,3,1,43,18,30,8,9,4,11,12,2,14,15,20,17,10,19,5,41,22,23,24,25,26,27,28,56,21,31,29,33,16,35,36,37,38,39,40,49,42,7,44,45,46,47,48,13,50,51,52,53,54,55,6,57,58,59,60,61,62,63,64,65,34,67,68,69,70,71,72,73,74,75,76,77,78,79,80,81,82,83,84,85,86,87,88,89,90,91,92,93,94,95,96,97,98,99,100,101,102,103,104,105,106,107,108,109,110,111,112,113,114,115,116,117,118,119,120,121,122,123,124,125,126,127,128,129,130,131,132,133,134,135,136,137,138,139,140,141,142,143,144,145,146,147,148,149,150,151,152,153,154,155,156,157,158,159,160,161,162,163,164,165,166,167,168,169,170,171,172,173,174,175,176,177,178,179,180,181,182,183,184,185,186,187,188,189,190,191,192,193,194,195,196,197,198,199];False
9114;9438;18552;[69,0,32,3,1,43,18,30,8,9,4,11,12,2,14,15,20,17,10,19,5,41,22,23,24,25,26,27,28,56,21,31,29,33,16,35,36,37,38,39,40,49,42,7,44,45,46,47,48,13,50,51,52,53,54,55,6,57,58,59,60,61,62,63,64,65,66,67,68,34,70,71,72,73,74,75,76,77,78,79,80,81,82,83,84,85,86,87,88,89,90,91,92,93,94,95,96,97,98,99,100,101,102,103,104,105,106,107,108,109,110,111,112,113,114,115,116,117,118,119,120,121,122,123,124,125,126,127,128,129,130,131,132,133,134,135,136,137,138,139,140,141,142,143,144,145,146,147,148,149,150,151,152,153,154,155,156,157,158,159,160,161,162,163,164,165,166,167,168,169,170,171,172,173,174,175,176,177,178,179,180,181,182,183,184,185,186,187,188,189,190,191,192,193,194,195,196,197,198,199];False
9118;9424;18542;[90,0,32,3,1,43,18,30,8,9,4,11,12,2,14,15,20,17,10,19,5,41,22,23,24,25,26,27,28,56,21,31,29,33,16,35,36,37,38,39,40,49,42,7,44,45,46,47,48,13,50,51,52,53,54,55,6,57,58,59,60,61,62,63,64,65,66,67,68,69,70,71,72,73,74,75,76,77,78,79,80,81,82,83,84,85,86,87,88,89,34,91,92,93,94,95,96,97,98,99,100,101,102,103,104,105,106,107,108,109,110,111,112,113,114,115,116,117,118,119,120,121,122,123,124,125,126,127,128,129,130,131,132,133,134,135,136,137,138,139,140,141,142,143,144,145,146,147,148,149,150,151,152,153,154,155,156,157,158,159,160,161,162,163,164,165,166,167,168,169,170,171,172,173,174,175,176,177,178,179,180,181,182,183,184,185,186,187,188,189,190,191,192,193,194,195,196,197,198,199];False
9072;9444;18516;[0,2,11,3,26,43,18,30,8,9,4,1,12,32,14,15,16,17,10,19,20,41,22,23,24,25,5,27,28,56,21,31,29,33,34,35,36,37,38,39,40,49,42,7,44,45,46,47,48,13,50,51,52,53,54,55,6,57,58,59,60,61,62,63,64,65,66,67,68,69,70,71,72,73,74,75,76,77,78,79,80,81,82,83,84,85,86,87,88,89,90,91,92,93,94,95,96,97,98,99,100,101,102,103,104,105,106,107,108,109,110,111,112,113,114,115,116,117,118,119,120,121,122,123,124,125,126,127,128,129,130,131,132,133,134,135,136,137,138,139,140,141,142,143,144,145,146,147,148,149,150,151,152,153,154,155,156,157,158,159,160,161,162,163,164,165,166,167,168,169,170,171,172,173,174,175,176,177,178,179,180,181,182,183,184,185,186,187,188,189,190,191,192,193,194,195,196,197,198,199];False
9139;9421;18560;[19,0,11,3,26,43,18,30,8,9,4,1,12,32,14,15,16,17,10,2,20,41,22,23,24,25,5,27,28,56,21,31,29,33,34,35,36,37,38,39,40,49,42,7,44,45,46,47,48,13,50,51,52,53,54,55,6,57,58,59,60,61,62,63,64,65,66,67,68,69,70,71,72,73,74,75,76,77,78,79,80,81,82,83,84,85,86,87,88,89,90,91,92,93,94,95,96,97,98,99,100,101,102,103,104,105,106,107,108,109,110,111,112,113,114,115,116,117,118,119,120,121,122,123,124,125,126,127,128,129,130,131,132,133,134,135,136,137,138,139,140,141,142,143,144,145,146,147,148,149,150,151,152,153,154,155,156,157,158,159,160,161,162,163,164,165,166,167,168,169,170,171,172,173,174,175,176,177,178,179,180,181,182,183,184,185,186,187,188,189,190,191,192,193,194,195,196,197,198,199];False
9092;9409;18501;[20,0,11,3,26,43,18,30,8,9,4,1,12,32,14,15,16,17,10,19,2,41,22,23,24,25,5,27,28,56,21,31,29,33,34,35,36,37,38,39,40,49,42,7,44,45,46,47,48,13,50,51,52,53,54,55,6,57,58,59,60,61,62,63,64,65,66,67,68,69,70,71,72,73,74,75,76,77,78,79,80,81,82,83,84,85,86,87,88,89,90,91,92,93,94,95,96,97,98,99,100,101,102,103,104,105,106,107,108,109,110,111,112,113,114,115,116,117,118,119,120,121,122,123,124,125,126,127,128,129,130,131,132,133,134,135,136,137,138,139,140,141,142,143,144,145,146,147,148,149,150,151,152,153,154,155,156,157,158,159,160,161,162,163,164,165,166,167,168,169,170,171,172,173,174,175,176,177,178,179,180,181,182,183,184,185,186,187,188,189,190,191,192,193,194,195,196,197,198,199];False
9090;9423;18513;[5,0,11,3,26,43,18,30,8,9,4,1,12,32,14,15,16,17,10,19,20,41,22,23,24,25,2,27,28,56,21,31,29,33,34,35,36,37,38,39,40,49,42,7,44,45,46,47,48,13,50,51,52,53,54,55,6,57,58,59,60,61,62,63,64,65,66,67,68,69,70,71,72,73,74,75,76,77,78,79,80,81,82,83,84,85,86,87,88,89,90,91,92,93,94,95,96,97,98,99,100,101,102,103,104,105,106,107,108,109,110,111,112,113,114,115,116,117,118,119,120,121,122,123,124,125,126,127,128,129,130,131,132,133,134,135,136,137,138,139,140,141,142,143,144,145,146,147,148,149,150,151,152,153,154,155,156,157,158,159,160,161,162,163,164,165,166,167,168,169,170,171,172,173,174,175,176,177,178,179,180,181,182,183,184,185,186,187,188,189,190,191,192,193,194,195,196,197,198,199];False
9184;9384;18568;[53,0,11,3,26,43,18,30,8,9,4,1,12,32,14,15,16,17,10,19,20,41,22,23,24,25,5,27,28,56,21,31,29,33,34,35,36,37,38,39,40,49,42,7,44,45,46,47,48,13,50,51,52,2,54,55,6,57,58,59,60,61,62,63,64,65,66,67,68,69,70,71,72,73,74,75,76,77,78,79,80,81,82,83,84,85,86,87,88,89,90,91,92,93,94,95,96,97,98,99,100,101,102,103,104,105,106,107,108,109,110,111,112,113,114,115,116,117,118,119,120,121,122,123,124,125,126,127,128,129,130,131,132,133,134,135,136,137,138,139,140,141,142,143,144,145,146,147,148,149,150,151,152,153,154,155,156,157,158,159,160,161,162,163,164,165,166,167,168,169,170,171,172,173,174,175,176,177,178,179,180,181,182,183,184,185,186,187,188,189,190,191,192,193,194,195,196,197,198,199];False
9069;9462;18531;[57,0,11,3,26,43,18,30,8,9,4,1,12,32,14,15,16,17,10,19,20,41,22,23,24,25,5,27,28,56,21,31,29,33,34,35,36,37,38,39,40,49,42,7,44,45,46,47,48,13,50,51,52,53,54,55,6,2,58,59,60,61,62,63,64,65,66,67,68,69,70,71,72,73,74,75,76,77,78,79,80,81,82,83,84,85,86,87,88,89,90,91,92,93,94,95,96,97,98,99,100,101,102,103,104,105,106,107,108,109,110,111,112,113,114,115,116,117,118,119,120,121,122,123,124,125,126,127,128,129,130,131,132,133,134,135,136,137,138,139,140,141,142,143,144,145,146,147,148,149,150,151,152,153,154,155,156,157,158,159,160,161,162,163,164,165,166,167,168,169,170,171,172,173,174,175,176,177,178,179,180,181,182,183,184,185,186,187,188,189,190,191,192,193,194,195,196,197,198,199];False
8995;9420;18415;[60,0,11,3,26,43,18,30,8,9,4,1,12,32,14,15,16,17,10,19,20,41,22,23,24,25,5,27,28,56,21,31,29,33,34,35,36,37,38,39,40,49,42,7,44,45,46,47,48,13,50,51,52,53,54,55,6,57,58,59,2,61,62,63,64,65,66,67,68,69,70,71,72,73,74,75,76,77,78,79,80,81,82,83,84,85,86,87,88,89,90,91,92,93,94,95,96,97,98,99,100,101,102,103,104,105,106,107,108,109,110,111,112,113,114,115,116,117,118,119,120,121,122,123,124,125,126,127,128,129,130,131,132,133,134,135,136,137,138,139,140,141,142,143,144,145,146,147,148,149,150,151,152,153,154,155,156,157,158,159,160,161,162,163,164,165,166,167,168,169,170,171,172,173,174,175,176,177,178,179,180,181,182,183,184,185,186,187,188,189,190,191,192,193,194,195,196,197,198,199];False
9455;9338;18793;[16,0,32,3,1,43,18,30,8,9,4,11,12,2,14,15,63,17,10,19,20,41,22,23,24,25,26,27,28,56,21,31,29,33,34,35,36,37,38,39,40,49,42,7,44,45,46,47,48,53,50,51,52,5,54,55,6,57,58,59,60,61,62,13,64,65,66,67,68,69,70,71,72,73,74,75,76,77,78,79,80,81,82,83,84,85,86,87,88,89,90,91,92,93,94,95,96,97,98,99,100,101,102,103,104,105,106,107,108,109,110,111,112,113,114,115,116,117,118,119,120,121,122,123,124,125,126,127,128,129,130,131,132,133,134,135,136,137,138,139,140,141,142,143,144,145,146,147,148,149,150,151,152,153,154,155,156,157,158,159,160,161,162,163,164,165,166,167,168,169,170,171,172,173,174,175,176,177,178,179,180,181,182,183,184,185,186,187,188,189,190,191,192,193,194,195,196,197,198,199];False
9278;9364;18642;[21,0,32,3,1,43,18,30,8,9,4,11,12,2,14,15,16,17,10,19,20,41,22,23,24,25,26,27,28,56,63,31,29,33,34,35,36,37,38,39,40,49,42,7,44,45,46,47,48,53,50,51,52,5,54,55,6,57,58,59,60,61,62,13,64,65,66,67,68,69,70,71,72,73,74,75,76,77,78,79,80,81,82,83,84,85,86,87,88,89,90,91,92,93,94,95,96,97,98,99,100,101,102,103,104,105,106,107,108,109,110,111,112,113,114,115,116,117,118,119,120,121,122,123,124,125,126,127,128,129,130,131,132,133,134,135,136,137,138,139,140,141,142,143,144,145,146,147,148,149,150,151,152,153,154,155,156,157,158,159,160,161,162,163,164,165,166,167,168,169,170,171,172,173,174,175,176,177,178,179,180,181,182,183,184,185,186,187,188,189,190,191,192,193,194,195,196,197,198,199];False
9356;9361;18717;[34,0,32,3,1,43,18,30,8,9,4,11,12,2,14,15,16,17,10,19,20,41,22,23,24,25,26,27,28,56,21,31,29,33,63,35,36,37,38,39,40,49,42,7,44,45,46,47,48,53,50,51,52,5,54,55,6,57,58,59,60,61,62,13,64,65,66,67,68,69,70,71,72,73,74,75,76,77,78,79,80,81,82,83,84,85,86,87,88,89,90,91,92,93,94,95,96,97,98,99,100,101,102,103,104,105,106,107,108,109,110,111,112,113,114,115,116,117,118,119,120,121,122,123,124,125,126,127,128,129,130,131,132,133,134,135,136,137,138,139,140,141,142,143,144,145,146,147,148,149,150,151,152,153,154,155,156,157,158,159,160,161,162,163,164,165,166,167,168,169,170,171,172,173,174,175,176,177,178,179,180,181,182,183,184,185,186,187,188,189,190,191,192,193,194,195,196,197,198,199];False
9453;9359;18812;[47,0,32,3,1,43,18,30,8,9,4,11,12,2,14,15,16,17,10,19,20,41,22,23,24,25,26,27,28,56,21,31,29,33,34,35,36,37,38,39,40,49,42,7,44,45,46,63,48,53,50,51,52,5,54,55,6,57,58,59,60,61,62,13,64,65,66,67,68,69,70,71,72,73,74,75,76,77,78,79,80,81,82,83,84,85,86,87,88,89,90,91,92,93,94,95,96,97,98,99,100,101,102,103,104,105,106,107,108,109,110,111,112,113,114,115,116,117,118,119,120,121,122,123,124,125,126,127,128,129,130,131,132,133,134,135,136,137,138,139,140,141,142,143,144,145,146,147,148,149,150,151,152,153,154,155,156,157,158,159,160,161,162,163,164,165,166,167,168,169,170,171,172,173,174,175,176,177,178,179,180,181,182,183,184,185,186,187,188,189,190,191,192,193,194,195,196,197,198,199];False
9311;9345;18656;[53,0,32,3,1,43,18,30,8,9,4,11,12,2,14,15,16,17,10,19,20,41,22,23,24,25,26,27,28,56,21,31,29,33,34,35,36,37,38,39,40,49,42,7,44,45,46,47,48,63,50,51,52,5,54,55,6,57,58,59,60,61,62,13,64,65,66,67,68,69,70,71,72,73,74,75,76,77,78,79,80,81,82,83,84,85,86,87,88,89,90,91,92,93,94,95,96,97,98,99,100,101,102,103,104,105,106,107,108,109,110,111,112,113,114,115,116,117,118,119,120,121,122,123,124,125,126,127,128,129,130,131,132,133,134,135,136,137,138,139,140,141,142,143,144,145,146,147,148,149,150,151,152,153,154,155,156,157,158,159,160,161,162,163,164,165,166,167,168,169,170,171,172,173,174,175,176,177,178,179,180,181,182,183,184,185,186,187,188,189,190,191,192,193,194,195,196,197,198,199];False
9804;9289;19093;[16,0,11,52,1,5,30,2,3,9,41,49,12,18,7,15,20,17,8,14,13,6,22,23,24,25,26,27,28,29,21,31,19,33,32,35,36,37,38,39,40,10,42,43,44,45,46,47,48,4,50,51,34,53,54,55,56,57,58,59,60,61,62,63,64,65,66,67,68,69,70,71,72,73,74,75,76,77,78,79,80,81,82,83,84,85,86,87,88,89,90,91,92,93,94,95,96,97,98,99,100,101,102,103,104,105,106,107,108,109,110,111,112,113,114,115,116,117,118,119,120,121,122,123,124,125,126,127,128,129,130,131,132,133,134,135,136,137,138,139,140,141,142,143,144,145,146,147,148,149,150,151,152,153,154,155,156,157,158,159,160,161,162,163,164,165,166,167,168,169,170,171,172,173,174,175,176,177,178,179,180,181,182,183,184,185,186,187,188,189,190,191,192,193,194,195,196,197,198,199];False
9792;9287;19079;[23,0,11,52,1,5,30,2,3,9,41,49,12,18,7,15,20,17,16,14,13,6,22,8,24,25,26,27,28,29,21,31,19,33,32,35,36,37,38,39,40,10,42,43,44,45,46,47,48,4,50,51,34,53,54,55,56,57,58,59,60,61,62,63,64,65,66,67,68,69,70,71,72,73,74,75,76,77,78,79,80,81,82,83,84,85,86,87,88,89,90,91,92,93,94,95,96,97,98,99,100,101,102,103,104,105,106,107,108,109,110,111,112,113,114,115,116,117,118,119,120,121,122,123,124,125,126,127,128,129,130,131,132,133,134,135,136,137,138,139,140,141,142,143,144,145,146,147,148,149,150,151,152,153,154,155,156,157,158,159,160,161,162,163,164,165,166,167,168,169,170,171,172,173,174,175,176,177,178,179,180,181,182,183,184,185,186,187,188,189,190,191,192,193,194,195,196,197,198,199];False
9785;9280;19065;[28,0,11,52,1,5,30,2,3,9,41,49,12,18,7,15,20,17,16,14,13,6,22,23,24,25,26,27,8,29,21,31,19,33,32,35,36,37,38,39,40,10,42,43,44,45,46,47,48,4,50,51,34,53,54,55,56,57,58,59,60,61,62,63,64,65,66,67,68,69,70,71,72,73,74,75,76,77,78,79,80,81,82,83,84,85,86,87,88,89,90,91,92,93,94,95,96,97,98,99,100,101,102,103,104,105,106,107,108,109,110,111,112,113,114,115,116,117,118,119,120,121,122,123,124,125,126,127,128,129,130,131,132,133,134,135,136,137,138,139,140,141,142,143,144,145,146,147,148,149,150,151,152,153,154,155,156,157,158,159,160,161,162,163,164,165,166,167,168,169,170,171,172,173,174,175,176,177,178,179,180,181,182,183,184,185,186,187,188,189,190,191,192,193,194,195,196,197,198,199];False
9723;9274;18997;[53,0,11,52,1,5,30,2,8,9,41,49,12,18,7,15,20,17,16,14,3,6,22,23,24,25,26,27,28,29,21,31,19,33,32,35,36,37,38,39,40,10,42,43,44,45,46,47,48,4,50,51,34,13,54,55,56,57,58,59,60,61,62,63,64,65,66,67,68,69,70,71,72,73,74,75,76,77,78,79,80,81,82,83,84,85,86,87,88,89,90,91,92,93,94,95,96,97,98,99,100,101,102,103,104,105,106,107,108,109,110,111,112,113,114,115,116,117,118,119,120,121,122,123,124,125,126,127,128,129,130,131,132,133,134,135,136,137,138,139,140,141,142,143,144,145,146,147,148,149,150,151,152,153,154,155,156,157,158,159,160,161,162,163,164,165,166,167,168,169,170,171,172,173,174,175,176,177,178,179,180,181,182,183,184,185,186,187,188,189,190,191,192,193,194,195,196,197,198,199];False
9634;9282;18916;[56,0,11,52,1,5,30,2,8,9,41,49,12,18,7,15,20,17,16,14,3,6,22,23,24,25,26,27,28,29,21,31,19,33,32,35,36,37,38,39,40,10,42,43,44,45,46,47,48,4,50,51,34,53,54,55,13,57,58,59,60,61,62,63,64,65,66,67,68,69,70,71,72,73,74,75,76,77,78,79,80,81,82,83,84,85,86,87,88,89,90,91,92,93,94,95,96,97,98,99,100,101,102,103,104,105,106,107,108,109,110,111,112,113,114,115,116,117,118,119,120,121,122,123,124,125,126,127,128,129,130,131,132,133,134,135,136,137,138,139,140,141,142,143,144,145,146,147,148,149,150,151,152,153,154,155,156,157,158,159,160,161,162,163,164,165,166,167,168,169,170,171,172,173,174,175,176,177,178,179,180,181,182,183,184,185,186,187,188,189,190,191,192,193,194,195,196,197,198,199];False
9529;9336;18865;[25,0,11,3,1,5,30,2,8,9,41,49,12,18,7,15,20,17,16,14,13,6,22,66,24,23,26,27,28,29,21,31,19,33,32,35,36,37,38,39,40,10,42,43,44,45,46,47,48,4,50,51,52,53,54,55,56,57,58,59,60,61,62,63,64,65,90,67,68,69,70,71,72,73,74,75,76,77,78,79,80,81,82,83,84,85,86,87,88,89,34,91,92,93,94,95,96,97,98,99,100,101,102,103,104,105,106,107,108,109,110,111,112,113,114,115,116,117,118,119,120,121,122,123,124,125,126,127,128,129,130,131,132,133,134,135,136,137,138,139,140,141,142,143,144,145,146,147,148,149,150,151,152,153,154,155,156,157,158,159,160,161,162,163,164,165,166,167,168,169,170,171,172,173,174,175,176,177,178,179,180,181,182,183,184,185,186,187,188,189,190,191,192,193,194,195,196,197,198,199];False
9527;9337;18864;[29,0,11,3,1,5,30,2,8,9,41,49,12,18,7,15,20,17,16,14,13,6,22,66,24,25,26,27,28,23,21,31,19,33,32,35,36,37,38,39,40,10,42,43,44,45,46,47,48,4,50,51,52,53,54,55,56,57,58,59,60,61,62,63,64,65,90,67,68,69,70,71,72,73,74,75,76,77,78,79,80,81,82,83,84,85,86,87,88,89,34,91,92,93,94,95,96,97,98,99,100,101,102,103,104,105,106,107,108,109,110,111,112,113,114,115,116,117,118,119,120,121,122,123,124,125,126,127,128,129,130,131,132,133,134,135,136,137,138,139,140,141,142,143,144,145,146,147,148,149,150,151,152,153,154,155,156,157,158,159,160,161,162,163,164,165,166,167,168,169,170,171,172,173,174,175,176,177,178,179,180,181,182,183,184,185,186,187,188,189,190,191,192,193,194,195,196,197,198,199];False
9540;9322;18862;[32,0,11,3,1,5,30,2,8,9,41,49,12,18,7,15,20,17,16,14,13,6,22,66,24,25,26,27,28,29,21,31,19,33,23,35,36,37,38,39,40,10,42,43,44,45,46,47,48,4,50,51,52,53,54,55,56,57,58,59,60,61,62,63,64,65,90,67,68,69,70,71,72,73,74,75,76,77,78,79,80,81,82,83,84,85,86,87,88,89,34,91,92,93,94,95,96,97,98,99,100,101,102,103,104,105,106,107,108,109,110,111,112,113,114,115,116,117,118,119,120,121,122,123,124,125,126,127,128,129,130,131,132,133,134,135,136,137,138,139,140,141,142,143,144,145,146,147,148,149,150,151,152,153,154,155,156,157,158,159,160,161,162,163,164,165,166,167,168,169,170,171,172,173,174,175,176,177,178,179,180,181,182,183,184,185,186,187,188,189,190,191,192,193,194,195,196,197,198,199];False
9579;9307;18886;[37,0,11,3,1,5,30,2,8,9,41,49,12,18,7,15,20,17,16,14,13,6,22,66,24,25,26,27,28,29,21,31,19,33,32,35,36,23,38,39,40,10,42,43,44,45,46,47,48,4,50,51,52,53,54,55,56,57,58,59,60,61,62,63,64,65,90,67,68,69,70,71,72,73,74,75,76,77,78,79,80,81,82,83,84,85,86,87,88,89,34,91,92,93,94,95,96,97,98,99,100,101,102,103,104,105,106,107,108,109,110,111,112,113,114,115,116,117,118,119,120,121,122,123,124,125,126,127,128,129,130,131,132,133,134,135,136,137,138,139,140,141,142,143,144,145,146,147,148,149,150,151,152,153,154,155,156,157,158,159,160,161,162,163,164,165,166,167,168,169,170,171,172,173,174,175,176,177,178,179,180,181,182,183,184,185,186,187,188,189,190,191,192,193,194,195,196,197,198,199];False
9518;9319;18837;[43,0,11,3,1,5,30,2,8,9,41,49,12,18,7,15,20,17,16,14,13,6,22,66,24,25,26,27,28,29,21,31,19,33,32,35,36,37,38,39,40,10,42,23,44,45,46,47,48,4,50,51,52,53,54,55,56,57,58,59,60,61,62,63,64,65,90,67,68,69,70,71,72,73,74,75,76,77,78,79,80,81,82,83,84,85,86,87,88,89,34,91,92,93,94,95,96,97,98,99,100,101,102,103,104,105,106,107,108,109,110,111,112,113,114,115,116,117,118,119,120,121,122,123,124,125,126,127,128,129,130,131,132,133,134,135,136,137,138,139,140,141,142,143,144,145,146,147,148,149,150,151,152,153,154,155,156,157,158,159,160,161,162,163,164,165,166,167,168,169,170,171,172,173,174,175,176,177,178,179,180,181,182,183,184,185,186,187,188,189,190,191,192,193,194,195,196,197,198,199];False
9616;9304;18920;[56,0,11,3,1,5,30,2,8,9,41,49,12,18,7,15,20,17,16,14,13,6,22,66,24,25,26,27,28,29,21,31,19,33,32,35,36,37,38,39,40,10,42,43,44,45,46,47,48,4,50,51,52,53,54,55,23,57,58,59,60,61,62,63,64,65,90,67,68,69,70,71,72,73,74,75,76,77,78,79,80,81,82,83,84,85,86,87,88,89,34,91,92,93,94,95,96,97,98,99,100,101,102,103,104,105,106,107,108,109,110,111,112,113,114,115,116,117,118,119,120,121,122,123,124,125,126,127,128,129,130,131,132,133,134,135,136,137,138,139,140,141,142,143,144,145,146,147,148,149,150,151,152,153,154,155,156,157,158,159,160,161,162,163,164,165,166,167,168,169,170,171,172,173,174,175,176,177,178,179,180,181,182,183,184,185,186,187,188,189,190,191,192,193,194,195,196,197,198,199];False
9517;9321;18838;[60,0,11,3,1,5,30,2,8,9,41,49,12,18,7,15,20,17,16,14,13,6,22,66,24,25,26,27,28,29,21,31,19,33,32,35,36,37,38,39,40,10,42,43,44,45,46,47,48,4,50,51,52,53,54,55,56,57,58,59,23,61,62,63,64,65,90,67,68,69,70,71,72,73,74,75,76,77,78,79,80,81,82,83,84,85,86,87,88,89,34,91,92,93,94,95,96,97,98,99,100,101,102,103,104,105,106,107,108,109,110,111,112,113,114,115,116,117,118,119,120,121,122,123,124,125,126,127,128,129,130,131,132,133,134,135,136,137,138,139,140,141,142,143,144,145,146,147,148,149,150,151,152,153,154,155,156,157,158,159,160,161,162,163,164,165,166,167,168,169,170,171,172,173,174,175,176,177,178,179,180,181,182,183,184,185,186,187,188,189,190,191,192,193,194,195,196,197,198,199];False
9551;9287;18838;[63,0,11,3,1,5,30,2,8,9,41,49,12,18,7,15,20,17,16,14,13,6,22,66,24,25,26,27,28,29,21,31,19,33,32,35,36,37,38,39,40,10,42,43,44,45,46,47,48,4,50,51,52,53,54,55,56,57,58,59,60,61,62,23,64,65,90,67,68,69,70,71,72,73,74,75,76,77,78,79,80,81,82,83,84,85,86,87,88,89,34,91,92,93,94,95,96,97,98,99,100,101,102,103,104,105,106,107,108,109,110,111,112,113,114,115,116,117,118,119,120,121,122,123,124,125,126,127,128,129,130,131,132,133,134,135,136,137,138,139,140,141,142,143,144,145,146,147,148,149,150,151,152,153,154,155,156,157,158,159,160,161,162,163,164,165,166,167,168,169,170,171,172,173,174,175,176,177,178,179,180,181,182,183,184,185,186,187,188,189,190,191,192,193,194,195,196,197,198,199];False
9469;9323;18792;[69,0,11,3,1,5,30,2,8,9,41,49,12,18,7,15,20,17,16,14,13,6,22,66,24,25,26,27,28,29,21,31,19,33,32,35,36,37,38,39,40,10,42,43,44,45,46,47,48,4,50,51,52,53,54,55,56,57,58,59,60,61,62,63,64,65,90,67,68,23,70,71,72,73,74,75,76,77,78,79,80,81,82,83,84,85,86,87,88,89,34,91,92,93,94,95,96,97,98,99,100,101,102,103,104,105,106,107,108,109,110,111,112,113,114,115,116,117,118,119,120,121,122,123,124,125,126,127,128,129,130,131,132,133,134,135,136,137,138,139,140,141,142,143,144,145,146,147,148,149,150,151,152,153,154,155,156,157,158,159,160,161,162,163,164,165,166,167,168,169,170,171,172,173,174,175,176,177,178,179,180,181,182,183,184,185,186,187,188,189,190,191,192,193,194,195,196,197,198,199];False
9454;9326;18780;[72,0,11,3,1,5,30,2,8,9,41,49,12,18,7,15,20,17,16,14,13,6,22,66,24,25,26,27,28,29,21,31,19,33,32,35,36,37,38,39,40,10,42,43,44,45,46,47,48,4,50,51,52,53,54,55,56,57,58,59,60,61,62,63,64,65,90,67,68,69,70,71,23,73,74,75,76,77,78,79,80,81,82,83,84,85,86,87,88,89,34,91,92,93,94,95,96,97,98,99,100,101,102,103,104,105,106,107,108,109,110,111,112,113,114,115,116,117,118,119,120,121,122,123,124,125,126,127,128,129,130,131,132,133,134,135,136,137,138,139,140,141,142,143,144,145,146,147,148,149,150,151,152,153,154,155,156,157,158,159,160,161,162,163,164,165,166,167,168,169,170,171,172,173,174,175,176,177,178,179,180,181,182,183,184,185,186,187,188,189,190,191,192,193,194,195,196,197,198,199];False
9716;9280;18996;[82,0,11,3,1,5,30,2,8,9,41,49,12,18,7,15,20,17,16,14,13,6,22,66,24,25,26,27,28,29,21,31,19,33,32,35,36,37,38,39,40,10,42,43,44,45,46,47,48,4,50,51,52,53,54,55,56,57,58,59,60,61,62,63,64,65,90,67,68,69,70,71,72,73,74,75,76,77,78,79,80,81,23,83,84,85,86,87,88,89,34,91,92,93,94,95,96,97,98,99,100,101,102,103,104,105,106,107,108,109,110,111,112,113,114,115,116,117,118,119,120,121,122,123,124,125,126,127,128,129,130,131,132,133,134,135,136,137,138,139,140,141,142,143,144,145,146,147,148,149,150,151,152,153,154,155,156,157,158,159,160,161,162,163,164,165,166,167,168,169,170,171,172,173,174,175,176,177,178,179,180,181,182,183,184,185,186,187,188,189,190,191,192,193,194,195,196,197,198,199];False
9545;9304;18849;[86,0,11,3,1,5,30,2,8,9,41,49,12,18,7,15,20,17,16,14,13,6,22,66,24,25,26,27,28,29,21,31,19,33,32,35,36,37,38,39,40,10,42,43,44,45,46,47,48,4,50,51,52,53,54,55,56,57,58,59,60,61,62,63,64,65,90,67,68,69,70,71,72,73,74,75,76,77,78,79,80,81,82,83,84,85,23,87,88,89,34,91,92,93,94,95,96,97,98,99,100,101,102,103,104,105,106,107,108,109,110,111,112,113,114,115,116,117,118,119,120,121,122,123,124,125,126,127,128,129,130,131,132,133,134,135,136,137,138,139,140,141,142,143,144,145,146,147,148,149,150,151,152,153,154,155,156,157,158,159,160,161,162,163,164,165,166,167,168,169,170,171,172,173,174,175,176,177,178,179,180,181,182,183,184,185,186,187,188,189,190,191,192,193,194,195,196,197,198,199];False
9035;9404;18439;[16,0,11,3,26,43,18,30,8,9,4,1,12,32,14,15,20,17,10,19,2,41,22,23,24,25,5,27,28,56,21,31,29,33,34,35,36,37,38,39,40,49,42,7,44,45,46,47,48,13,50,51,52,53,54,55,6,57,58,59,60,61,62,63,64,65,66,67,68,69,70,71,72,73,74,75,76,77,78,79,80,81,82,83,84,85,86,87,88,89,90,91,92,93,94,95,96,97,98,99,100,101,102,103,104,105,106,107,108,109,110,111,112,113,114,115,116,117,118,119,120,121,122,123,124,125,126,127,128,129,130,131,132,133,134,135,136,137,138,139,140,141,142,143,144,145,146,147,148,149,150,151,152,153,154,155,156,157,158,159,160,161,162,163,164,165,166,167,168,169,170,171,172,173,174,175,176,177,178,179,180,181,182,183,184,185,186,187,188,189,190,191,192,193,194,195,196,197,198,199];False
9193;9365;18558;[16,0,11,3,26,43,18,30,8,9,4,1,12,32,14,15,53,17,10,19,20,41,22,23,24,25,5,27,28,56,21,31,29,33,34,35,36,37,38,39,40,49,42,7,44,45,46,47,48,13,50,51,52,2,54,55,6,57,58,59,60,61,62,63,64,65,66,67,68,69,70,71,72,73,74,75,76,77,78,79,80,81,82,83,84,85,86,87,88,89,90,91,92,93,94,95,96,97,98,99,100,101,102,103,104,105,106,107,108,109,110,111,112,113,114,115,116,117,118,119,120,121,122,123,124,125,126,127,128,129,130,131,132,133,134,135,136,137,138,139,140,141,142,143,144,145,146,147,148,149,150,151,152,153,154,155,156,157,158,159,160,161,162,163,164,165,166,167,168,169,170,171,172,173,174,175,176,177,178,179,180,181,182,183,184,185,186,187,188,189,190,191,192,193,194,195,196,197,198,199];False
9290;9363;18653;[19,0,11,3,26,43,18,30,8,9,4,1,12,32,14,15,16,17,10,53,20,41,22,23,24,25,5,27,28,56,21,31,29,33,34,35,36,37,38,39,40,49,42,7,44,45,46,47,48,13,50,51,52,2,54,55,6,57,58,59,60,61,62,63,64,65,66,67,68,69,70,71,72,73,74,75,76,77,78,79,80,81,82,83,84,85,86,87,88,89,90,91,92,93,94,95,96,97,98,99,100,101,102,103,104,105,106,107,108,109,110,111,112,113,114,115,116,117,118,119,120,121,122,123,124,125,126,127,128,129,130,131,132,133,134,135,136,137,138,139,140,141,142,143,144,145,146,147,148,149,150,151,152,153,154,155,156,157,158,159,160,161,162,163,164,165,166,167,168,169,170,171,172,173,174,175,176,177,178,179,180,181,182,183,184,185,186,187,188,189,190,191,192,193,194,195,196,197,198,199];False
9249;9340;18589;[13,0,11,3,26,43,18,30,8,9,4,1,12,32,14,15,16,17,10,19,20,41,22,23,24,25,5,27,28,56,21,31,29,33,34,35,36,37,38,39,40,49,42,7,44,45,46,47,48,53,50,51,52,2,54,55,6,57,58,59,60,61,62,63,64,65,66,67,68,69,70,71,72,73,74,75,76,77,78,79,80,81,82,83,84,85,86,87,88,89,90,91,92,93,94,95,96,97,98,99,100,101,102,103,104,105,106,107,108,109,110,111,112,113,114,115,116,117,118,119,120,121,122,123,124,125,126,127,128,129,130,131,132,133,134,135,136,137,138,139,140,141,142,143,144,145,146,147,148,149,150,151,152,153,154,155,156,157,158,159,160,161,162,163,164,165,166,167,168,169,170,171,172,173,174,175,176,177,178,179,180,181,182,183,184,185,186,187,188,189,190,191,192,193,194,195,196,197,198,199];False
9193;9358;18551;[50,0,11,3,26,43,18,30,8,9,4,1,12,32,14,15,16,17,10,19,20,41,22,23,24,25,5,27,28,56,21,31,29,33,34,35,36,37,38,39,40,49,42,7,44,45,46,47,48,13,53,51,52,2,54,55,6,57,58,59,60,61,62,63,64,65,66,67,68,69,70,71,72,73,74,75,76,77,78,79,80,81,82,83,84,85,86,87,88,89,90,91,92,93,94,95,96,97,98,99,100,101,102,103,104,105,106,107,108,109,110,111,112,113,114,115,116,117,118,119,120,121,122,123,124,125,126,127,128,129,130,131,132,133,134,135,136,137,138,139,140,141,142,143,144,145,146,147,148,149,150,151,152,153,154,155,156,157,158,159,160,161,162,163,164,165,166,167,168,169,170,171,172,173,174,175,176,177,178,179,180,181,182,183,184,185,186,187,188,189,190,191,192,193,194,195,196,197,198,199];False
9157;9386;18543;[51,0,11,3,26,43,18,30,8,9,4,1,12,32,14,15,16,17,10,19,20,41,22,23,24,25,5,27,28,56,21,31,29,33,34,35,36,37,38,39,40,49,42,7,44,45,46,47,48,13,50,53,52,2,54,55,6,57,58,59,60,61,62,63,64,65,66,67,68,69,70,71,72,73,74,75,76,77,78,79,80,81,82,83,84,85,86,87,88,89,90,91,92,93,94,95,96,97,98,99,100,101,102,103,104,105,106,107,108,109,110,111,112,113,114,115,116,117,118,119,120,121,122,123,124,125,126,127,128,129,130,131,132,133,134,135,136,137,138,139,140,141,142,143,144,145,146,147,148,149,150,151,152,153,154,155,156,157,158,159,160,161,162,163,164,165,166,167,168,169,170,171,172,173,174,175,176,177,178,179,180,181,182,183,184,185,186,187,188,189,190,191,192,193,194,195,196,197,198,199];False
9181;9344;18525;[64,0,11,3,26,43,18,30,8,9,4,1,12,32,14,15,16,17,10,19,20,41,22,23,24,25,5,27,28,56,21,31,29,33,34,35,36,37,38,39,40,49,42,7,44,45,46,47,48,13,50,51,52,2,54,55,6,57,58,59,60,61,62,63,53,65,66,67,68,69,70,71,72,73,74,75,76,77,78,79,80,81,82,83,84,85,86,87,88,89,90,91,92,93,94,95,96,97,98,99,100,101,102,103,104,105,106,107,108,109,110,111,112,113,114,115,116,117,118,119,120,121,122,123,124,125,126,127,128,129,130,131,132,133,134,135,136,137,138,139,140,141,142,143,144,145,146,147,148,149,150,151,152,153,154,155,156,157,158,159,160,161,162,163,164,165,166,167,168,169,170,171,172,173,174,175,176,177,178,179,180,181,182,183,184,185,186,187,188,189,190,191,192,193,194,195,196,197,198,199];False
9024;9414;18438;[3,0,11,60,26,43,18,30,8,9,4,1,12,32,14,15,16,17,10,19,20,41,22,23,24,25,5,27,28,56,21,31,29,33,34,35,36,37,38,39,40,49,42,7,44,45,46,47,48,13,50,51,52,53,54,55,6,57,58,59,2,61,62,63,64,65,66,67,68,69,70,71,72,73,74,75,76,77,78,79,80,81,82,83,84,85,86,87,88,89,90,91,92,93,94,95,96,97,98,99,100,101,102,103,104,105,106,107,108,109,110,111,112,113,114,115,116,117,118,119,120,121,122,123,124,125,126,127,128,129,130,131,132,133,134,135,136,137,138,139,140,141,142,143,144,145,146,147,148,149,150,151,152,153,154,155,156,157,158,159,160,161,162,163,164,165,166,167,168,169,170,171,172,173,174,175,176,177,178,179,180,181,182,183,184,185,186,187,188,189,190,191,192,193,194,195,196,197,198,199];False
9127;9388;18515;[18,0,11,3,26,43,60,30,8,9,4,1,12,32,14,15,16,17,10,19,20,41,22,23,24,25,5,27,28,56,21,31,29,33,34,35,36,37,38,39,40,49,42,7,44,45,46,47,48,13,50,51,52,53,54,55,6,57,58,59,2,61,62,63,64,65,66,67,68,69,70,71,72,73,74,75,76,77,78,79,80,81,82,83,84,85,86,87,88,89,90,91,92,93,94,95,96,97,98,99,100,101,102,103,104,105,106,107,108,109,110,111,112,113,114,115,116,117,118,119,120,121,122,123,124,125,126,127,128,129,130,131,132,133,134,135,136,137,138,139,140,141,142,143,144,145,146,147,148,149,150,151,152,153,154,155,156,157,158,159,160,161,162,163,164,165,166,167,168,169,170,171,172,173,174,175,176,177,178,179,180,181,182,183,184,185,186,187,188,189,190,191,192,193,194,195,196,197,198,199];False
8981;9457;18438;[16,0,11,3,26,43,18,30,8,9,4,1,12,32,14,15,60,17,10,19,20,41,22,23,24,25,5,27,28,56,21,31,29,33,34,35,36,37,38,39,40,49,42,7,44,45,46,47,48,13,50,51,52,53,54,55,6,57,58,59,2,61,62,63,64,65,66,67,68,69,70,71,72,73,74,75,76,77,78,79,80,81,82,83,84,85,86,87,88,89,90,91,92,93,94,95,96,97,98,99,100,101,102,103,104,105,106,107,108,109,110,111,112,113,114,115,116,117,118,119,120,121,122,123,124,125,126,127,128,129,130,131,132,133,134,135,136,137,138,139,140,141,142,143,144,145,146,147,148,149,150,151,152,153,154,155,156,157,158,159,160,161,162,163,164,165,166,167,168,169,170,171,172,173,174,175,176,177,178,179,180,181,182,183,184,185,186,187,188,189,190,191,192,193,194,195,196,197,198,199];False
8932;9441;18373;[17,0,11,3,26,43,18,30,8,9,4,1,12,32,14,15,16,60,10,19,20,41,22,23,24,25,5,27,28,56,21,31,29,33,34,35,36,37,38,39,40,49,42,7,44,45,46,47,48,13,50,51,52,53,54,55,6,57,58,59,2,61,62,63,64,65,66,67,68,69,70,71,72,73,74,75,76,77,78,79,80,81,82,83,84,85,86,87,88,89,90,91,92,93,94,95,96,97,98,99,100,101,102,103,104,105,106,107,108,109,110,111,112,113,114,115,116,117,118,119,120,121,122,123,124,125,126,127,128,129,130,131,132,133,134,135,136,137,138,139,140,141,142,143,144,145,146,147,148,149,150,151,152,153,154,155,156,157,158,159,160,161,162,163,164,165,166,167,168,169,170,171,172,173,174,175,176,177,178,179,180,181,182,183,184,185,186,187,188,189,190,191,192,193,194,195,196,197,198,199];False
8950;9425;18375;[23,0,11,3,26,43,18,30,8,9,4,1,12,32,14,15,16,17,10,19,20,41,22,60,24,25,5,27,28,56,21,31,29,33,34,35,36,37,38,39,40,49,42,7,44,45,46,47,48,13,50,51,52,53,54,55,6,57,58,59,2,61,62,63,64,65,66,67,68,69,70,71,72,73,74,75,76,77,78,79,80,81,82,83,84,85,86,87,88,89,90,91,92,93,94,95,96,97,98,99,100,101,102,103,104,105,106,107,108,109,110,111,112,113,114,115,116,117,118,119,120,121,122,123,124,125,126,127,128,129,130,131,132,133,134,135,136,137,138,139,140,141,142,143,144,145,146,147,148,149,150,151,152,153,154,155,156,157,158,159,160,161,162,163,164,165,166,167,168,169,170,171,172,173,174,175,176,177,178,179,180,181,182,183,184,185,186,187,188,189,190,191,192,193,194,195,196,197,198,199];False
9088;9403;18491;[5,0,11,3,26,43,18,30,8,9,4,1,12,32,14,15,16,17,10,19,20,41,22,23,24,25,60,27,28,56,21,31,29,33,34,35,36,37,38,39,40,49,42,7,44,45,46,47,48,13,50,51,52,53,54,55,6,57,58,59,2,61,62,63,64,65,66,67,68,69,70,71,72,73,74,75,76,77,78,79,80,81,82,83,84,85,86,87,88,89,90,91,92,93,94,95,96,97,98,99,100,101,102,103,104,105,106,107,108,109,110,111,112,113,114,115,116,117,118,119,120,121,122,123,124,125,126,127,128,129,130,131,132,133,134,135,136,137,138,139,140,141,142,143,144,145,146,147,148,149,150,151,152,153,154,155,156,157,158,159,160,161,162,163,164,165,166,167,168,169,170,171,172,173,174,175,176,177,178,179,180,181,182,183,184,185,186,187,188,189,190,191,192,193,194,195,196,197,198,199];False
8934;9429;18363;[38,0,11,3,26,43,18,30,8,9,4,1,12,32,14,15,16,17,10,19,20,41,22,23,24,25,5,27,28,56,21,31,29,33,34,35,36,37,60,39,40,49,42,7,44,45,46,47,48,13,50,51,52,53,54,55,6,57,58,59,2,61,62,63,64,65,66,67,68,69,70,71,72,73,74,75,76,77,78,79,80,81,82,83,84,85,86,87,88,89,90,91,92,93,94,95,96,97,98,99,100,101,102,103,104,105,106,107,108,109,110,111,112,113,114,115,116,117,118,119,120,121,122,123,124,125,126,127,128,129,130,131,132,133,134,135,136,137,138,139,140,141,142,143,144,145,146,147,148,149,150,151,152,153,154,155,156,157,158,159,160,161,162,163,164,165,166,167,168,169,170,171,172,173,174,175,176,177,178,179,180,181,182,183,184,185,186,187,188,189,190,191,192,193,194,195,196,197,198,199];False
9044;9389;18433;[49,0,11,3,26,43,18,30,8,9,4,1,12,32,14,15,16,17,10,19,20,41,22,23,24,25,5,27,28,56,21,31,29,33,34,35,36,37,38,39,40,60,42,7,44,45,46,47,48,13,50,51,52,53,54,55,6,57,58,59,2,61,62,63,64,65,66,67,68,69,70,71,72,73,74,75,76,77,78,79,80,81,82,83,84,85,86,87,88,89,90,91,92,93,94,95,96,97,98,99,100,101,102,103,104,105,106,107,108,109,110,111,112,113,114,115,116,117,118,119,120,121,122,123,124,125,126,127,128,129,130,131,132,133,134,135,136,137,138,139,140,141,142,143,144,145,146,147,148,149,150,151,152,153,154,155,156,157,158,159,160,161,162,163,164,165,166,167,168,169,170,171,172,173,174,175,176,177,178,179,180,181,182,183,184,185,186,187,188,189,190,191,192,193,194,195,196,197,198,199];False
8977;9397;18374;[46,0,11,3,26,43,18,30,8,9,4,1,12,32,14,15,16,17,10,19,20,41,22,23,24,25,5,27,28,56,21,31,29,33,34,35,36,37,38,39,40,49,42,7,44,45,60,47,48,13,50,51,52,53,54,55,6,57,58,59,2,61,62,63,64,65,66,67,68,69,70,71,72,73,74,75,76,77,78,79,80,81,82,83,84,85,86,87,88,89,90,91,92,93,94,95,96,97,98,99,100,101,102,103,104,105,106,107,108,109,110,111,112,113,114,115,116,117,118,119,120,121,122,123,124,125,126,127,128,129,130,131,132,133,134,135,136,137,138,139,140,141,142,143,144,145,146,147,148,149,150,151,152,153,154,155,156,157,158,159,160,161,162,163,164,165,166,167,168,169,170,171,172,173,174,175,176,177,178,179,180,181,182,183,184,185,186,187,188,189,190,191,192,193,194,195,196,197,198,199];False
9789;9260;19049;[20,0,11,52,1,5,30,2,8,9,41,49,12,18,7,15,53,17,16,14,3,6,22,23,24,25,26,27,28,29,21,31,19,33,32,35,36,37,38,39,40,10,42,43,44,45,46,47,48,4,50,51,34,13,54,55,56,57,58,59,60,61,62,63,64,65,66,67,68,69,70,71,72,73,74,75,76,77,78,79,80,81,82,83,84,85,86,87,88,89,90,91,92,93,94,95,96,97,98,99,100,101,102,103,104,105,106,107,108,109,110,111,112,113,114,115,116,117,118,119,120,121,122,123,124,125,126,127,128,129,130,131,132,133,134,135,136,137,138,139,140,141,142,143,144,145,146,147,148,149,150,151,152,153,154,155,156,157,158,159,160,161,162,163,164,165,166,167,168,169,170,171,172,173,174,175,176,177,178,179,180,181,182,183,184,185,186,187,188,189,190,191,192,193,194,195,196,197,198,199];False
9664;9279;18943;[29,0,11,52,1,5,30,2,8,9,41,49,12,18,7,15,20,17,16,14,3,6,22,23,24,25,26,27,28,53,21,31,19,33,32,35,36,37,38,39,40,10,42,43,44,45,46,47,48,4,50,51,34,13,54,55,56,57,58,59,60,61,62,63,64,65,66,67,68,69,70,71,72,73,74,75,76,77,78,79,80,81,82,83,84,85,86,87,88,89,90,91,92,93,94,95,96,97,98,99,100,101,102,103,104,105,106,107,108,109,110,111,112,113,114,115,116,117,118,119,120,121,122,123,124,125,126,127,128,129,130,131,132,133,134,135,136,137,138,139,140,141,142,143,144,145,146,147,148,149,150,151,152,153,154,155,156,157,158,159,160,161,162,163,164,165,166,167,168,169,170,171,172,173,174,175,176,177,178,179,180,181,182,183,184,185,186,187,188,189,190,191,192,193,194,195,196,197,198,199];False
9669;9277;18946;[21,0,11,52,1,5,30,2,8,9,41,49,12,18,7,15,20,17,16,14,3,6,22,23,24,25,26,27,28,29,53,31,19,33,32,35,36,37,38,39,40,10,42,43,44,45,46,47,48,4,50,51,34,13,54,55,56,57,58,59,60,61,62,63,64,65,66,67,68,69,70,71,72,73,74,75,76,77,78,79,80,81,82,83,84,85,86,87,88,89,90,91,92,93,94,95,96,97,98,99,100,101,102,103,104,105,106,107,108,109,110,111,112,113,114,115,116,117,118,119,120,121,122,123,124,125,126,127,128,129,130,131,132,133,134,135,136,137,138,139,140,141,142,143,144,145,146,147,148,149,150,151,152,153,154,155,156,157,158,159,160,161,162,163,164,165,166,167,168,169,170,171,172,173,174,175,176,177,178,179,180,181,182,183,184,185,186,187,188,189,190,191,192,193,194,195,196,197,198,199];False
9695;9275;18970;[43,0,11,52,1,5,30,2,8,9,41,49,12,18,7,15,20,17,16,14,3,6,22,23,24,25,26,27,28,29,21,31,19,33,32,35,36,37,38,39,40,10,42,53,44,45,46,47,48,4,50,51,34,13,54,55,56,57,58,59,60,61,62,63,64,65,66,67,68,69,70,71,72,73,74,75,76,77,78,79,80,81,82,83,84,85,86,87,88,89,90,91,92,93,94,95,96,97,98,99,100,101,102,103,104,105,106,107,108,109,110,111,112,113,114,115,116,117,118,119,120,121,122,123,124,125,126,127,128,129,130,131,132,133,134,135,136,137,138,139,140,141,142,143,144,145,146,147,148,149,150,151,152,153,154,155,156,157,158,159,160,161,162,163,164,165,166,167,168,169,170,171,172,173,174,175,176,177,178,179,180,181,182,183,184,185,186,187,188,189,190,191,192,193,194,195,196,197,198,199];False
9833;9259;19092;[20,0,11,52,1,5,30,2,8,9,41,49,12,18,7,15,56,17,16,14,3,6,22,23,24,25,26,27,28,29,21,31,19,33,32,35,36,37,38,39,40,10,42,43,44,45,46,47,48,4,50,51,34,53,54,55,13,57,58,59,60,61,62,63,64,65,66,67,68,69,70,71,72,73,74,75,76,77,78,79,80,81,82,83,84,85,86,87,88,89,90,91,92,93,94,95,96,97,98,99,100,101,102,103,104,105,106,107,108,109,110,111,112,113,114,115,116,117,118,119,120,121,122,123,124,125,126,127,128,129,130,131,132,133,134,135,136,137,138,139,140,141,142,143,144,145,146,147,148,149,150,151,152,153,154,155,156,157,158,159,160,161,162,163,164,165,166,167,168,169,170,171,172,173,174,175,176,177,178,179,180,181,182,183,184,185,186,187,188,189,190,191,192,193,194,195,196,197,198,199];False
9675;9274;18949;[28,0,11,52,1,5,30,2,8,9,41,49,12,18,7,15,20,17,16,14,3,6,22,23,24,25,26,27,56,29,21,31,19,33,32,35,36,37,38,39,40,10,42,43,44,45,46,47,48,4,50,51,34,53,54,55,13,57,58,59,60,61,62,63,64,65,66,67,68,69,70,71,72,73,74,75,76,77,78,79,80,81,82,83,84,85,86,87,88,89,90,91,92,93,94,95,96,97,98,99,100,101,102,103,104,105,106,107,108,109,110,111,112,113,114,115,116,117,118,119,120,121,122,123,124,125,126,127,128,129,130,131,132,133,134,135,136,137,138,139,140,141,142,143,144,145,146,147,148,149,150,151,152,153,154,155,156,157,158,159,160,161,162,163,164,165,166,167,168,169,170,171,172,173,174,175,176,177,178,179,180,181,182,183,184,185,186,187,188,189,190,191,192,193,194,195,196,197,198,199];False
9549;9272;18821;[29,0,11,52,1,5,30,2,8,9,41,49,12,18,7,15,20,17,16,14,3,6,22,23,24,25,26,27,28,56,21,31,19,33,32,35,36,37,38,39,40,10,42,43,44,45,46,47,48,4,50,51,34,53,54,55,13,57,58,59,60,61,62,63,64,65,66,67,68,69,70,71,72,73,74,75,76,77,78,79,80,81,82,83,84,85,86,87,88,89,90,91,92,93,94,95,96,97,98,99,100,101,102,103,104,105,106,107,108,109,110,111,112,113,114,115,116,117,118,119,120,121,122,123,124,125,126,127,128,129,130,131,132,133,134,135,136,137,138,139,140,141,142,143,144,145,146,147,148,149,150,151,152,153,154,155,156,157,158,159,160,161,162,163,164,165,166,167,168,169,170,171,172,173,174,175,176,177,178,179,180,181,182,183,184,185,186,187,188,189,190,191,192,193,194,195,196,197,198,199];False
9414;9333;18747;[0,43,11,3,1,5,30,2,8,9,41,49,12,18,7,15,20,17,16,14,13,6,22,66,24,25,26,27,28,29,21,31,19,33,32,35,36,37,38,39,40,10,42,23,44,45,46,47,48,4,50,51,52,53,54,55,56,57,58,59,60,61,62,63,64,65,90,67,68,69,70,71,72,73,74,75,76,77,78,79,80,81,82,83,84,85,86,87,88,89,34,91,92,93,94,95,96,97,98,99,100,101,102,103,104,105,106,107,108,109,110,111,112,113,114,115,116,117,118,119,120,121,122,123,124,125,126,127,128,129,130,131,132,133,134,135,136,137,138,139,140,141,142,143,144,145,146,147,148,149,150,151,152,153,154,155,156,157,158,159,160,161,162,163,164,165,166,167,168,169,170,171,172,173,174,175,176,177,178,179,180,181,182,183,184,185,186,187,188,189,190,191,192,193,194,195,196,197,198,199];False
9510;9312;18822;[5,0,11,3,1,43,30,2,8,9,41,49,12,18,7,15,20,17,16,14,13,6,22,66,24,25,26,27,28,29,21,31,19,33,32,35,36,37,38,39,40,10,42,23,44,45,46,47,48,4,50,51,52,53,54,55,56,57,58,59,60,61,62,63,64,65,90,67,68,69,70,71,72,73,74,75,76,77,78,79,80,81,82,83,84,85,86,87,88,89,34,91,92,93,94,95,96,97,98,99,100,101,102,103,104,105,106,107,108,109,110,111,112,113,114,115,116,117,118,119,120,121,122,123,124,125,126,127,128,129,130,131,132,133,134,135,136,137,138,139,140,141,142,143,144,145,146,147,148,149,150,151,152,153,154,155,156,157,158,159,160,161,162,163,164,165,166,167,168,169,170,171,172,173,174,175,176,177,178,179,180,181,182,183,184,185,186,187,188,189,190,191,192,193,194,195,196,197,198,199];False
9461;9321;18782;[1,0,11,3,69,5,30,2,8,9,41,49,12,18,7,15,20,17,16,14,13,6,22,66,24,25,26,27,28,29,21,31,19,33,32,35,36,37,38,39,40,10,42,43,44,45,46,47,48,4,50,51,52,53,54,55,56,57,58,59,60,61,62,63,64,65,90,67,68,23,70,71,72,73,74,75,76,77,78,79,80,81,82,83,84,85,86,87,88,89,34,91,92,93,94,95,96,97,98,99,100,101,102,103,104,105,106,107,108,109,110,111,112,113,114,115,116,117,118,119,120,121,122,123,124,125,126,127,128,129,130,131,132,133,134,135,136,137,138,139,140,141,142,143,144,145,146,147,148,149,150,151,152,153,154,155,156,157,158,159,160,161,162,163,164,165,166,167,168,169,170,171,172,173,174,175,176,177,178,179,180,181,182,183,184,185,186,187,188,189,190,191,192,193,194,195,196,197,198,199];False
9411;9329;18740;[16,0,11,3,1,5,30,2,8,9,41,49,12,18,7,15,20,17,72,14,13,6,22,66,24,25,26,27,28,29,21,31,19,33,32,35,36,37,38,39,40,10,42,43,44,45,46,47,48,4,50,51,52,53,54,55,56,57,58,59,60,61,62,63,64,65,90,67,68,69,70,71,23,73,74,75,76,77,78,79,80,81,82,83,84,85,86,87,88,89,34,91,92,93,94,95,96,97,98,99,100,101,102,103,104,105,106,107,108,109,110,111,112,113,114,115,116,117,118,119,120,121,122,123,124,125,126,127,128,129,130,131,132,133,134,135,136,137,138,139,140,141,142,143,144,145,146,147,148,149,150,151,152,153,154,155,156,157,158,159,160,161,162,163,164,165,166,167,168,169,170,171,172,173,174,175,176,177,178,179,180,181,182,183,184,185,186,187,188,189,190,191,192,193,194,195,196,197,198,199];False
9446;9316;18762;[27,0,11,3,1,5,30,2,8,9,41,49,12,18,7,15,20,17,16,14,13,6,22,66,24,25,26,72,28,29,21,31,19,33,32,35,36,37,38,39,40,10,42,43,44,45,46,47,48,4,50,51,52,53,54,55,56,57,58,59,60,61,62,63,64,65,90,67,68,69,70,71,23,73,74,75,76,77,78,79,80,81,82,83,84,85,86,87,88,89,34,91,92,93,94,95,96,97,98,99,100,101,102,103,104,105,106,107,108,109,110,111,112,113,114,115,116,117,118,119,120,121,122,123,124,125,126,127,128,129,130,131,132,133,134,135,136,137,138,139,140,141,142,143,144,145,146,147,148,149,150,151,152,153,154,155,156,157,158,159,160,161,162,163,164,165,166,167,168,169,170,171,172,173,174,175,176,177,178,179,180,181,182,183,184,185,186,187,188,189,190,191,192,193,194,195,196,197,198,199];False
9500;9303;18803;[43,0,11,3,1,5,30,2,8,9,41,49,12,18,7,15,20,17,16,14,13,6,22,66,24,25,26,27,28,29,21,31,19,33,32,35,36,37,38,39,40,10,42,86,44,45,46,47,48,4,50,51,52,53,54,55,56,57,58,59,60,61,62,63,64,65,90,67,68,69,70,71,72,73,74,75,76,77,78,79,80,81,82,83,84,85,23,87,88,89,34,91,92,93,94,95,96,97,98,99,100,101,102,103,104,105,106,107,108,109,110,111,112,113,114,115,116,117,118,119,120,121,122,123,124,125,126,127,128,129,130,131,132,133,134,135,136,137,138,139,140,141,142,143,144,145,146,147,148,149,150,151,152,153,154,155,156,157,158,159,160,161,162,163,164,165,166,167,168,169,170,171,172,173,174,175,176,177,178,179,180,181,182,183,184,185,186,187,188,189,190,191,192,193,194,195,196,197,198,199];False
9373;9339;18712;[4,0,11,3,26,43,18,30,8,9,13,1,12,32,14,15,16,17,10,19,20,41,22,23,24,25,5,27,28,56,21,31,29,33,34,35,36,37,38,39,40,49,42,7,44,45,46,47,48,53,50,51,52,2,54,55,6,57,58,59,60,61,62,63,64,65,66,67,68,69,70,71,72,73,74,75,76,77,78,79,80,81,82,83,84,85,86,87,88,89,90,91,92,93,94,95,96,97,98,99,100,101,102,103,104,105,106,107,108,109,110,111,112,113,114,115,116,117,118,119,120,121,122,123,124,125,126,127,128,129,130,131,132,133,134,135,136,137,138,139,140,141,142,143,144,145,146,147,148,149,150,151,152,153,154,155,156,157,158,159,160,161,162,163,164,165,166,167,168,169,170,171,172,173,174,175,176,177,178,179,180,181,182,183,184,185,186,187,188,189,190,191,192,193,194,195,196,197,198,199];False
9369;9335;18704;[19,0,11,3,26,43,18,30,8,9,4,1,12,32,14,15,16,17,10,13,20,41,22,23,24,25,5,27,28,56,21,31,29,33,34,35,36,37,38,39,40,49,42,7,44,45,46,47,48,53,50,51,52,2,54,55,6,57,58,59,60,61,62,63,64,65,66,67,68,69,70,71,72,73,74,75,76,77,78,79,80,81,82,83,84,85,86,87,88,89,90,91,92,93,94,95,96,97,98,99,100,101,102,103,104,105,106,107,108,109,110,111,112,113,114,115,116,117,118,119,120,121,122,123,124,125,126,127,128,129,130,131,132,133,134,135,136,137,138,139,140,141,142,143,144,145,146,147,148,149,150,151,152,153,154,155,156,157,158,159,160,161,162,163,164,165,166,167,168,169,170,171,172,173,174,175,176,177,178,179,180,181,182,183,184,185,186,187,188,189,190,191,192,193,194,195,196,197,198,199];False
9351;9322;18673;[20,0,11,3,26,43,18,30,8,9,4,1,12,32,14,15,16,17,10,19,13,41,22,23,24,25,5,27,28,56,21,31,29,33,34,35,36,37,38,39,40,49,42,7,44,45,46,47,48,53,50,51,52,2,54,55,6,57,58,59,60,61,62,63,64,65,66,67,68,69,70,71,72,73,74,75,76,77,78,79,80,81,82,83,84,85,86,87,88,89,90,91,92,93,94,95,96,97,98,99,100,101,102,103,104,105,106,107,108,109,110,111,112,113,114,115,116,117,118,119,120,121,122,123,124,125,126,127,128,129,130,131,132,133,134,135,136,137,138,139,140,141,142,143,144,145,146,147,148,149,150,151,152,153,154,155,156,157,158,159,160,161,162,163,164,165,166,167,168,169,170,171,172,173,174,175,176,177,178,179,180,181,182,183,184,185,186,187,188,189,190,191,192,193,194,195,196,197,198,199];False
9279;9336;18615;[34,0,11,3,26,43,18,30,8,9,4,1,12,32,14,15,16,17,10,19,20,41,22,23,24,25,5,27,28,56,21,31,29,33,13,35,36,37,38,39,40,49,42,7,44,45,46,47,48,53,50,51,52,2,54,55,6,57,58,59,60,61,62,63,64,65,66,67,68,69,70,71,72,73,74,75,76,77,78,79,80,81,82,83,84,85,86,87,88,89,90,91,92,93,94,95,96,97,98,99,100,101,102,103,104,105,106,107,108,109,110,111,112,113,114,115,116,117,118,119,120,121,122,123,124,125,126,127,128,129,130,131,132,133,134,135,136,137,138,139,140,141,142,143,144,145,146,147,148,149,150,151,152,153,154,155,156,157,158,159,160,161,162,163,164,165,166,167,168,169,170,171,172,173,174,175,176,177,178,179,180,181,182,183,184,185,186,187,188,189,190,191,192,193,194,195,196,197,198,199];False
9262;9331;18593;[6,0,11,3,26,43,18,30,8,9,4,1,12,32,14,15,16,17,10,19,20,41,22,23,24,25,5,27,28,56,21,31,29,33,34,35,36,37,38,39,40,49,42,7,44,45,46,47,48,53,50,51,52,2,54,55,13,57,58,59,60,61,62,63,64,65,66,67,68,69,70,71,72,73,74,75,76,77,78,79,80,81,82,83,84,85,86,87,88,89,90,91,92,93,94,95,96,97,98,99,100,101,102,103,104,105,106,107,108,109,110,111,112,113,114,115,116,117,118,119,120,121,122,123,124,125,126,127,128,129,130,131,132,133,134,135,136,137,138,139,140,141,142,143,144,145,146,147,148,149,150,151,152,153,154,155,156,157,158,159,160,161,162,163,164,165,166,167,168,169,170,171,172,173,174,175,176,177,178,179,180,181,182,183,184,185,186,187,188,189,190,191,192,193,194,195,196,197,198,199];False
9124;9365;18489;[60,0,11,3,26,43,18,30,8,9,4,1,12,32,14,15,16,17,10,19,20,41,22,23,24,25,5,27,28,56,21,31,29,33,34,35,36,37,38,39,40,49,42,7,44,45,46,47,48,53,50,51,52,2,54,55,6,57,58,59,13,61,62,63,64,65,66,67,68,69,70,71,72,73,74,75,76,77,78,79,80,81,82,83,84,85,86,87,88,89,90,91,92,93,94,95,96,97,98,99,100,101,102,103,104,105,106,107,108,109,110,111,112,113,114,115,116,117,118,119,120,121,122,123,124,125,126,127,128,129,130,131,132,133,134,135,136,137,138,139,140,141,142,143,144,145,146,147,148,149,150,151,152,153,154,155,156,157,158,159,160,161,162,163,164,165,166,167,168,169,170,171,172,173,174,175,176,177,178,179,180,181,182,183,184,185,186,187,188,189,190,191,192,193,194,195,196,197,198,199];False
9252;9318;18570;[63,0,11,3,26,43,18,30,8,9,4,1,12,32,14,15,16,17,10,19,20,41,22,23,24,25,5,27,28,56,21,31,29,33,34,35,36,37,38,39,40,49,42,7,44,45,46,47,48,53,50,51,52,2,54,55,6,57,58,59,60,61,62,13,64,65,66,67,68,69,70,71,72,73,74,75,76,77,78,79,80,81,82,83,84,85,86,87,88,89,90,91,92,93,94,95,96,97,98,99,100,101,102,103,104,105,106,107,108,109,110,111,112,113,114,115,116,117,118,119,120,121,122,123,124,125,126,127,128,129,130,131,132,133,134,135,136,137,138,139,140,141,142,143,144,145,146,147,148,149,150,151,152,153,154,155,156,157,158,159,160,161,162,163,164,165,166,167,168,169,170,171,172,173,174,175,176,177,178,179,180,181,182,183,184,185,186,187,188,189,190,191,192,193,194,195,196,197,198,199];False
9161;9338;18499;[66,0,11,3,26,43,18,30,8,9,4,1,12,32,14,15,16,17,10,19,20,41,22,23,24,25,5,27,28,56,21,31,29,33,34,35,36,37,38,39,40,49,42,7,44,45,46,47,48,53,50,51,52,2,54,55,6,57,58,59,60,61,62,63,64,65,13,67,68,69,70,71,72,73,74,75,76,77,78,79,80,81,82,83,84,85,86,87,88,89,90,91,92,93,94,95,96,97,98,99,100,101,102,103,104,105,106,107,108,109,110,111,112,113,114,115,116,117,118,119,120,121,122,123,124,125,126,127,128,129,130,131,132,133,134,135,136,137,138,139,140,141,142,143,144,145,146,147,148,149,150,151,152,153,154,155,156,157,158,159,160,161,162,163,164,165,166,167,168,169,170,171,172,173,174,175,176,177,178,179,180,181,182,183,184,185,186,187,188,189,190,191,192,193,194,195,196,197,198,199];False
8923;9473;18396;[11,0,17,3,26,43,18,30,8,9,4,1,12,32,14,15,16,60,10,19,20,41,22,23,24,25,5,27,28,56,21,31,29,33,34,35,36,37,38,39,40,49,42,7,44,45,46,47,48,13,50,51,52,53,54,55,6,57,58,59,2,61,62,63,64,65,66,67,68,69,70,71,72,73,74,75,76,77,78,79,80,81,82,83,84,85,86,87,88,89,90,91,92,93,94,95,96,97,98,99,100,101,102,103,104,105,106,107,108,109,110,111,112,113,114,115,116,117,118,119,120,121,122,123,124,125,126,127,128,129,130,131,132,133,134,135,136,137,138,139,140,141,142,143,144,145,146,147,148,149,150,151,152,153,154,155,156,157,158,159,160,161,162,163,164,165,166,167,168,169,170,171,172,173,174,175,176,177,178,179,180,181,182,183,184,185,186,187,188,189,190,191,192,193,194,195,196,197,198,199];False
8905;9423;18328;[34,0,11,3,26,43,18,30,8,9,4,1,12,32,14,15,16,60,10,19,20,41,22,23,24,25,5,27,28,56,21,31,29,33,17,35,36,37,38,39,40,49,42,7,44,45,46,47,48,13,50,51,52,53,54,55,6,57,58,59,2,61,62,63,64,65,66,67,68,69,70,71,72,73,74,75,76,77,78,79,80,81,82,83,84,85,86,87,88,89,90,91,92,93,94,95,96,97,98,99,100,101,102,103,104,105,106,107,108,109,110,111,112,113,114,115,116,117,118,119,120,121,122,123,124,125,126,127,128,129,130,131,132,133,134,135,136,137,138,139,140,141,142,143,144,145,146,147,148,149,150,151,152,153,154,155,156,157,158,159,160,161,162,163,164,165,166,167,168,169,170,171,172,173,174,175,176,177,178,179,180,181,182,183,184,185,186,187,188,189,190,191,192,193,194,195,196,197,198,199];False
9029;9393;18422;[1,0,11,3,26,43,18,30,8,9,4,49,12,32,14,15,16,17,10,19,20,41,22,23,24,25,5,27,28,56,21,31,29,33,34,35,36,37,38,39,40,60,42,7,44,45,46,47,48,13,50,51,52,53,54,55,6,57,58,59,2,61,62,63,64,65,66,67,68,69,70,71,72,73,74,75,76,77,78,79,80,81,82,83,84,85,86,87,88,89,90,91,92,93,94,95,96,97,98,99,100,101,102,103,104,105,106,107,108,109,110,111,112,113,114,115,116,117,118,119,120,121,122,123,124,125,126,127,128,129,130,131,132,133,134,135,136,137,138,139,140,141,142,143,144,145,146,147,148,149,150,151,152,153,154,155,156,157,158,159,160,161,162,163,164,165,166,167,168,169,170,171,172,173,174,175,176,177,178,179,180,181,182,183,184,185,186,187,188,189,190,191,192,193,194,195,196,197,198,199];False
9075;9384;18459;[20,0,11,3,26,43,18,30,8,9,4,1,12,32,14,15,16,17,10,19,49,41,22,23,24,25,5,27,28,56,21,31,29,33,34,35,36,37,38,39,40,60,42,7,44,45,46,47,48,13,50,51,52,53,54,55,6,57,58,59,2,61,62,63,64,65,66,67,68,69,70,71,72,73,74,75,76,77,78,79,80,81,82,83,84,85,86,87,88,89,90,91,92,93,94,95,96,97,98,99,100,101,102,103,104,105,106,107,108,109,110,111,112,113,114,115,116,117,118,119,120,121,122,123,124,125,126,127,128,129,130,131,132,133,134,135,136,137,138,139,140,141,142,143,144,145,146,147,148,149,150,151,152,153,154,155,156,157,158,159,160,161,162,163,164,165,166,167,168,169,170,171,172,173,174,175,176,177,178,179,180,181,182,183,184,185,186,187,188,189,190,191,192,193,194,195,196,197,198,199];False
8987;9389;18376;[46,0,11,3,26,43,18,30,8,9,4,1,12,32,14,15,16,17,10,19,20,41,22,23,24,25,5,27,28,56,21,31,29,33,34,35,36,37,38,39,40,60,42,7,44,45,49,47,48,13,50,51,52,53,54,55,6,57,58,59,2,61,62,63,64,65,66,67,68,69,70,71,72,73,74,75,76,77,78,79,80,81,82,83,84,85,86,87,88,89,90,91,92,93,94,95,96,97,98,99,100,101,102,103,104,105,106,107,108,109,110,111,112,113,114,115,116,117,118,119,120,121,122,123,124,125,126,127,128,129,130,131,132,133,134,135,136,137,138,139,140,141,142,143,144,145,146,147,148,149,150,151,152,153,154,155,156,157,158,159,160,161,162,163,164,165,166,167,168,169,170,171,172,173,174,175,176,177,178,179,180,181,182,183,184,185,186,187,188,189,190,191,192,193,194,195,196,197,198,199];False
9111;9383;18494;[8,0,11,3,26,43,18,30,46,9,4,1,12,32,14,15,16,17,10,19,20,41,22,23,24,25,5,27,28,56,21,31,29,33,34,35,36,37,38,39,40,49,42,7,44,45,60,47,48,13,50,51,52,53,54,55,6,57,58,59,2,61,62,63,64,65,66,67,68,69,70,71,72,73,74,75,76,77,78,79,80,81,82,83,84,85,86,87,88,89,90,91,92,93,94,95,96,97,98,99,100,101,102,103,104,105,106,107,108,109,110,111,112,113,114,115,116,117,118,119,120,121,122,123,124,125,126,127,128,129,130,131,132,133,134,135,136,137,138,139,140,141,142,143,144,145,146,147,148,149,150,151,152,153,154,155,156,157,158,159,160,161,162,163,164,165,166,167,168,169,170,171,172,173,174,175,176,177,178,179,180,181,182,183,184,185,186,187,188,189,190,191,192,193,194,195,196,197,198,199];False
9033;9378;18411;[16,0,11,3,26,43,18,30,8,9,4,1,12,32,14,15,46,17,10,19,20,41,22,23,24,25,5,27,28,56,21,31,29,33,34,35,36,37,38,39,40,49,42,7,44,45,60,47,48,13,50,51,52,53,54,55,6,57,58,59,2,61,62,63,64,65,66,67,68,69,70,71,72,73,74,75,76,77,78,79,80,81,82,83,84,85,86,87,88,89,90,91,92,93,94,95,96,97,98,99,100,101,102,103,104,105,106,107,108,109,110,111,112,113,114,115,116,117,118,119,120,121,122,123,124,125,126,127,128,129,130,131,132,133,134,135,136,137,138,139,140,141,142,143,144,145,146,147,148,149,150,151,152,153,154,155,156,157,158,159,160,161,162,163,164,165,166,167,168,169,170,171,172,173,174,175,176,177,178,179,180,181,182,183,184,185,186,187,188,189,190,191,192,193,194,195,196,197,198,199];False
8984;9389;18373;[17,0,11,3,26,43,18,30,8,9,4,1,12,32,14,15,16,46,10,19,20,41,22,23,24,25,5,27,28,56,21,31,29,33,34,35,36,37,38,39,40,49,42,7,44,45,60,47,48,13,50,51,52,53,54,55,6,57,58,59,2,61,62,63,64,65,66,67,68,69,70,71,72,73,74,75,76,77,78,79,80,81,82,83,84,85,86,87,88,89,90,91,92,93,94,95,96,97,98,99,100,101,102,103,104,105,106,107,108,109,110,111,112,113,114,115,116,117,118,119,120,121,122,123,124,125,126,127,128,129,130,131,132,133,134,135,136,137,138,139,140,141,142,143,144,145,146,147,148,149,150,151,152,153,154,155,156,157,158,159,160,161,162,163,164,165,166,167,168,169,170,171,172,173,174,175,176,177,178,179,180,181,182,183,184,185,186,187,188,189,190,191,192,193,194,195,196,197,198,199];False
9010;9374;18384;[20,0,11,3,26,43,18,30,8,9,4,1,12,32,14,15,16,17,10,19,46,41,22,23,24,25,5,27,28,56,21,31,29,33,34,35,36,37,38,39,40,49,42,7,44,45,60,47,48,13,50,51,52,53,54,55,6,57,58,59,2,61,62,63,64,65,66,67,68,69,70,71,72,73,74,75,76,77,78,79,80,81,82,83,84,85,86,87,88,89,90,91,92,93,94,95,96,97,98,99,100,101,102,103,104,105,106,107,108,109,110,111,112,113,114,115,116,117,118,119,120,121,122,123,124,125,126,127,128,129,130,131,132,133,134,135,136,137,138,139,140,141,142,143,144,145,146,147,148,149,150,151,152,153,154,155,156,157,158,159,160,161,162,163,164,165,166,167,168,169,170,171,172,173,174,175,176,177,178,179,180,181,182,183,184,185,186,187,188,189,190,191,192,193,194,195,196,197,198,199];False
8978;9391;18369;[5,0,11,3,26,43,18,30,8,9,4,1,12,32,14,15,16,17,10,19,20,41,22,23,24,25,46,27,28,56,21,31,29,33,34,35,36,37,38,39,40,49,42,7,44,45,60,47,48,13,50,51,52,53,54,55,6,57,58,59,2,61,62,63,64,65,66,67,68,69,70,71,72,73,74,75,76,77,78,79,80,81,82,83,84,85,86,87,88,89,90,91,92,93,94,95,96,97,98,99,100,101,102,103,104,105,106,107,108,109,110,111,112,113,114,115,116,117,118,119,120,121,122,123,124,125,126,127,128,129,130,131,132,133,134,135,136,137,138,139,140,141,142,143,144,145,146,147,148,149,150,151,152,153,154,155,156,157,158,159,160,161,162,163,164,165,166,167,168,169,170,171,172,173,174,175,176,177,178,179,180,181,182,183,184,185,186,187,188,189,190,191,192,193,194,195,196,197,198,199];False
8960;9414;18374;[33,0,11,3,26,43,18,30,8,9,4,1,12,32,14,15,16,17,10,19,20,41,22,23,24,25,5,27,28,56,21,31,29,46,34,35,36,37,38,39,40,49,42,7,44,45,60,47,48,13,50,51,52,53,54,55,6,57,58,59,2,61,62,63,64,65,66,67,68,69,70,71,72,73,74,75,76,77,78,79,80,81,82,83,84,85,86,87,88,89,90,91,92,93,94,95,96,97,98,99,100,101,102,103,104,105,106,107,108,109,110,111,112,113,114,115,116,117,118,119,120,121,122,123,124,125,126,127,128,129,130,131,132,133,134,135,136,137,138,139,140,141,142,143,144,145,146,147,148,149,150,151,152,153,154,155,156,157,158,159,160,161,162,163,164,165,166,167,168,169,170,171,172,173,174,175,176,177,178,179,180,181,182,183,184,185,186,187,188,189,190,191,192,193,194,195,196,197,198,199];False
8995;9388;18383;[34,0,11,3,26,43,18,30,8,9,4,1,12,32,14,15,16,17,10,19,20,41,22,23,24,25,5,27,28,56,21,31,29,33,46,35,36,37,38,39,40,49,42,7,44,45,60,47,48,13,50,51,52,53,54,55,6,57,58,59,2,61,62,63,64,65,66,67,68,69,70,71,72,73,74,75,76,77,78,79,80,81,82,83,84,85,86,87,88,89,90,91,92,93,94,95,96,97,98,99,100,101,102,103,104,105,106,107,108,109,110,111,112,113,114,115,116,117,118,119,120,121,122,123,124,125,126,127,128,129,130,131,132,133,134,135,136,137,138,139,140,141,142,143,144,145,146,147,148,149,150,151,152,153,154,155,156,157,158,159,160,161,162,163,164,165,166,167,168,169,170,171,172,173,174,175,176,177,178,179,180,181,182,183,184,185,186,187,188,189,190,191,192,193,194,195,196,197,198,199];False
9004;9382;18386;[37,0,11,3,26,43,18,30,8,9,4,1,12,32,14,15,16,17,10,19,20,41,22,23,24,25,5,27,28,56,21,31,29,33,34,35,36,46,38,39,40,49,42,7,44,45,60,47,48,13,50,51,52,53,54,55,6,57,58,59,2,61,62,63,64,65,66,67,68,69,70,71,72,73,74,75,76,77,78,79,80,81,82,83,84,85,86,87,88,89,90,91,92,93,94,95,96,97,98,99,100,101,102,103,104,105,106,107,108,109,110,111,112,113,114,115,116,117,118,119,120,121,122,123,124,125,126,127,128,129,130,131,132,133,134,135,136,137,138,139,140,141,142,143,144,145,146,147,148,149,150,151,152,153,154,155,156,157,158,159,160,161,162,163,164,165,166,167,168,169,170,171,172,173,174,175,176,177,178,179,180,181,182,183,184,185,186,187,188,189,190,191,192,193,194,195,196,197,198,199];False
8967;9402;18369;[38,0,11,3,26,43,18,30,8,9,4,1,12,32,14,15,16,17,10,19,20,41,22,23,24,25,5,27,28,56,21,31,29,33,34,35,36,37,46,39,40,49,42,7,44,45,60,47,48,13,50,51,52,53,54,55,6,57,58,59,2,61,62,63,64,65,66,67,68,69,70,71,72,73,74,75,76,77,78,79,80,81,82,83,84,85,86,87,88,89,90,91,92,93,94,95,96,97,98,99,100,101,102,103,104,105,106,107,108,109,110,111,112,113,114,115,116,117,118,119,120,121,122,123,124,125,126,127,128,129,130,131,132,133,134,135,136,137,138,139,140,141,142,143,144,145,146,147,148,149,150,151,152,153,154,155,156,157,158,159,160,161,162,163,164,165,166,167,168,169,170,171,172,173,174,175,176,177,178,179,180,181,182,183,184,185,186,187,188,189,190,191,192,193,194,195,196,197,198,199];False
9079;9372;18451;[13,0,11,3,26,43,18,30,8,9,4,1,12,32,14,15,16,17,10,19,20,41,22,23,24,25,5,27,28,56,21,31,29,33,34,35,36,37,38,39,40,49,42,7,44,45,60,47,48,46,50,51,52,53,54,55,6,57,58,59,2,61,62,63,64,65,66,67,68,69,70,71,72,73,74,75,76,77,78,79,80,81,82,83,84,85,86,87,88,89,90,91,92,93,94,95,96,97,98,99,100,101,102,103,104,105,106,107,108,109,110,111,112,113,114,115,116,117,118,119,120,121,122,123,124,125,126,127,128,129,130,131,132,133,134,135,136,137,138,139,140,141,142,143,144,145,146,147,148,149,150,151,152,153,154,155,156,157,158,159,160,161,162,163,164,165,166,167,168,169,170,171,172,173,174,175,176,177,178,179,180,181,182,183,184,185,186,187,188,189,190,191,192,193,194,195,196,197,198,199];False
9012;9353;18365;[50,0,11,3,26,43,18,30,8,9,4,1,12,32,14,15,16,17,10,19,20,41,22,23,24,25,5,27,28,56,21,31,29,33,34,35,36,37,38,39,40,49,42,7,44,45,60,47,48,13,46,51,52,53,54,55,6,57,58,59,2,61,62,63,64,65,66,67,68,69,70,71,72,73,74,75,76,77,78,79,80,81,82,83,84,85,86,87,88,89,90,91,92,93,94,95,96,97,98,99,100,101,102,103,104,105,106,107,108,109,110,111,112,113,114,115,116,117,118,119,120,121,122,123,124,125,126,127,128,129,130,131,132,133,134,135,136,137,138,139,140,141,142,143,144,145,146,147,148,149,150,151,152,153,154,155,156,157,158,159,160,161,162,163,164,165,166,167,168,169,170,171,172,173,174,175,176,177,178,179,180,181,182,183,184,185,186,187,188,189,190,191,192,193,194,195,196,197,198,199];False
8949;9410;18359;[51,0,11,3,26,43,18,30,8,9,4,1,12,32,14,15,16,17,10,19,20,41,22,23,24,25,5,27,28,56,21,31,29,33,34,35,36,37,38,39,40,49,42,7,44,45,60,47,48,13,50,46,52,53,54,55,6,57,58,59,2,61,62,63,64,65,66,67,68,69,70,71,72,73,74,75,76,77,78,79,80,81,82,83,84,85,86,87,88,89,90,91,92,93,94,95,96,97,98,99,100,101,102,103,104,105,106,107,108,109,110,111,112,113,114,115,116,117,118,119,120,121,122,123,124,125,126,127,128,129,130,131,132,133,134,135,136,137,138,139,140,141,142,143,144,145,146,147,148,149,150,151,152,153,154,155,156,157,158,159,160,161,162,163,164,165,166,167,168,169,170,171,172,173,174,175,176,177,178,179,180,181,182,183,184,185,186,187,188,189,190,191,192,193,194,195,196,197,198,199];False
8981;9362;18343;[63,0,11,3,26,43,18,30,8,9,4,1,12,32,14,15,16,17,10,19,20,41,22,23,24,25,5,27,28,56,21,31,29,33,34,35,36,37,38,39,40,49,42,7,44,45,60,47,48,13,50,51,52,53,54,55,6,57,58,59,2,61,62,46,64,65,66,67,68,69,70,71,72,73,74,75,76,77,78,79,80,81,82,83,84,85,86,87,88,89,90,91,92,93,94,95,96,97,98,99,100,101,102,103,104,105,106,107,108,109,110,111,112,113,114,115,116,117,118,119,120,121,122,123,124,125,126,127,128,129,130,131,132,133,134,135,136,137,138,139,140,141,142,143,144,145,146,147,148,149,150,151,152,153,154,155,156,157,158,159,160,161,162,163,164,165,166,167,168,169,170,171,172,173,174,175,176,177,178,179,180,181,182,183,184,185,186,187,188,189,190,191,192,193,194,195,196,197,198,199];False
8983;9351;18334;[64,0,11,3,26,43,18,30,8,9,4,1,12,32,14,15,16,17,10,19,20,41,22,23,24,25,5,27,28,56,21,31,29,33,34,35,36,37,38,39,40,49,42,7,44,45,60,47,48,13,50,51,52,53,54,55,6,57,58,59,2,61,62,63,46,65,66,67,68,69,70,71,72,73,74,75,76,77,78,79,80,81,82,83,84,85,86,87,88,89,90,91,92,93,94,95,96,97,98,99,100,101,102,103,104,105,106,107,108,109,110,111,112,113,114,115,116,117,118,119,120,121,122,123,124,125,126,127,128,129,130,131,132,133,134,135,136,137,138,139,140,141,142,143,144,145,146,147,148,149,150,151,152,153,154,155,156,157,158,159,160,161,162,163,164,165,166,167,168,169,170,171,172,173,174,175,176,177,178,179,180,181,182,183,184,185,186,187,188,189,190,191,192,193,194,195,196,197,198,199];False
8932;9384;18316;[65,0,11,3,26,43,18,30,8,9,4,1,12,32,14,15,16,17,10,19,20,41,22,23,24,25,5,27,28,56,21,31,29,33,34,35,36,37,38,39,40,49,42,7,44,45,60,47,48,13,50,51,52,53,54,55,6,57,58,59,2,61,62,63,64,46,66,67,68,69,70,71,72,73,74,75,76,77,78,79,80,81,82,83,84,85,86,87,88,89,90,91,92,93,94,95,96,97,98,99,100,101,102,103,104,105,106,107,108,109,110,111,112,113,114,115,116,117,118,119,120,121,122,123,124,125,126,127,128,129,130,131,132,133,134,135,136,137,138,139,140,141,142,143,144,145,146,147,148,149,150,151,152,153,154,155,156,157,158,159,160,161,162,163,164,165,166,167,168,169,170,171,172,173,174,175,176,177,178,179,180,181,182,183,184,185,186,187,188,189,190,191,192,193,194,195,196,197,198,199];False
9711;9270;18981;[21,0,11,52,1,5,30,2,8,9,41,49,12,18,7,15,53,17,16,14,3,6,22,23,24,25,26,27,28,29,20,31,19,33,32,35,36,37,38,39,40,10,42,43,44,45,46,47,48,4,50,51,34,13,54,55,56,57,58,59,60,61,62,63,64,65,66,67,68,69,70,71,72,73,74,75,76,77,78,79,80,81,82,83,84,85,86,87,88,89,90,91,92,93,94,95,96,97,98,99,100,101,102,103,104,105,106,107,108,109,110,111,112,113,114,115,116,117,118,119,120,121,122,123,124,125,126,127,128,129,130,131,132,133,134,135,136,137,138,139,140,141,142,143,144,145,146,147,148,149,150,151,152,153,154,155,156,157,158,159,160,161,162,163,164,165,166,167,168,169,170,171,172,173,174,175,176,177,178,179,180,181,182,183,184,185,186,187,188,189,190,191,192,193,194,195,196,197,198,199];False
9693;9269;18962;[32,0,11,52,1,5,30,2,8,9,41,49,12,18,7,15,53,17,16,14,3,6,22,23,24,25,26,27,28,29,21,31,19,33,20,35,36,37,38,39,40,10,42,43,44,45,46,47,48,4,50,51,34,13,54,55,56,57,58,59,60,61,62,63,64,65,66,67,68,69,70,71,72,73,74,75,76,77,78,79,80,81,82,83,84,85,86,87,88,89,90,91,92,93,94,95,96,97,98,99,100,101,102,103,104,105,106,107,108,109,110,111,112,113,114,115,116,117,118,119,120,121,122,123,124,125,126,127,128,129,130,131,132,133,134,135,136,137,138,139,140,141,142,143,144,145,146,147,148,149,150,151,152,153,154,155,156,157,158,159,160,161,162,163,164,165,166,167,168,169,170,171,172,173,174,175,176,177,178,179,180,181,182,183,184,185,186,187,188,189,190,191,192,193,194,195,196,197,198,199];False
9703;9258;18961;[43,0,11,52,1,5,30,2,8,9,41,49,12,18,7,15,53,17,16,14,3,6,22,23,24,25,26,27,28,29,21,31,19,33,32,35,36,37,38,39,40,10,42,20,44,45,46,47,48,4,50,51,34,13,54,55,56,57,58,59,60,61,62,63,64,65,66,67,68,69,70,71,72,73,74,75,76,77,78,79,80,81,82,83,84,85,86,87,88,89,90,91,92,93,94,95,96,97,98,99,100,101,102,103,104,105,106,107,108,109,110,111,112,113,114,115,116,117,118,119,120,121,122,123,124,125,126,127,128,129,130,131,132,133,134,135,136,137,138,139,140,141,142,143,144,145,146,147,148,149,150,151,152,153,154,155,156,157,158,159,160,161,162,163,164,165,166,167,168,169,170,171,172,173,174,175,176,177,178,179,180,181,182,183,184,185,186,187,188,189,190,191,192,193,194,195,196,197,198,199];False
9635;9258;18893;[20,0,11,52,1,5,30,2,8,9,41,49,12,18,7,15,29,17,16,14,3,6,22,23,24,25,26,27,28,56,21,31,19,33,32,35,36,37,38,39,40,10,42,43,44,45,46,47,48,4,50,51,34,53,54,55,13,57,58,59,60,61,62,63,64,65,66,67,68,69,70,71,72,73,74,75,76,77,78,79,80,81,82,83,84,85,86,87,88,89,90,91,92,93,94,95,96,97,98,99,100,101,102,103,104,105,106,107,108,109,110,111,112,113,114,115,116,117,118,119,120,121,122,123,124,125,126,127,128,129,130,131,132,133,134,135,136,137,138,139,140,141,142,143,144,145,146,147,148,149,150,151,152,153,154,155,156,157,158,159,160,161,162,163,164,165,166,167,168,169,170,171,172,173,174,175,176,177,178,179,180,181,182,183,184,185,186,187,188,189,190,191,192,193,194,195,196,197,198,199];False
9608;9269;18877;[16,0,11,52,1,5,30,2,8,9,41,49,12,18,7,15,20,17,29,14,3,6,22,23,24,25,26,27,28,56,21,31,19,33,32,35,36,37,38,39,40,10,42,43,44,45,46,47,48,4,50,51,34,53,54,55,13,57,58,59,60,61,62,63,64,65,66,67,68,69,70,71,72,73,74,75,76,77,78,79,80,81,82,83,84,85,86,87,88,89,90,91,92,93,94,95,96,97,98,99,100,101,102,103,104,105,106,107,108,109,110,111,112,113,114,115,116,117,118,119,120,121,122,123,124,125,126,127,128,129,130,131,132,133,134,135,136,137,138,139,140,141,142,143,144,145,146,147,148,149,150,151,152,153,154,155,156,157,158,159,160,161,162,163,164,165,166,167,168,169,170,171,172,173,174,175,176,177,178,179,180,181,182,183,184,185,186,187,188,189,190,191,192,193,194,195,196,197,198,199];False
9496;9299;18795;[25,0,11,52,1,5,30,2,8,9,41,49,12,18,7,15,20,17,16,14,3,6,22,23,24,29,26,27,28,56,21,31,19,33,32,35,36,37,38,39,40,10,42,43,44,45,46,47,48,4,50,51,34,53,54,55,13,57,58,59,60,61,62,63,64,65,66,67,68,69,70,71,72,73,74,75,76,77,78,79,80,81,82,83,84,85,86,87,88,89,90,91,92,93,94,95,96,97,98,99,100,101,102,103,104,105,106,107,108,109,110,111,112,113,114,115,116,117,118,119,120,121,122,123,124,125,126,127,128,129,130,131,132,133,134,135,136,137,138,139,140,141,142,143,144,145,146,147,148,149,150,151,152,153,154,155,156,157,158,159,160,161,162,163,164,165,166,167,168,169,170,171,172,173,174,175,176,177,178,179,180,181,182,183,184,185,186,187,188,189,190,191,192,193,194,195,196,197,198,199];False
9549;9264;18813;[19,0,11,52,1,5,30,2,8,9,41,49,12,18,7,15,20,17,16,14,3,6,22,23,24,25,26,27,28,56,21,31,29,33,32,35,36,37,38,39,40,10,42,43,44,45,46,47,48,4,50,51,34,53,54,55,13,57,58,59,60,61,62,63,64,65,66,67,68,69,70,71,72,73,74,75,76,77,78,79,80,81,82,83,84,85,86,87,88,89,90,91,92,93,94,95,96,97,98,99,100,101,102,103,104,105,106,107,108,109,110,111,112,113,114,115,116,117,118,119,120,121,122,123,124,125,126,127,128,129,130,131,132,133,134,135,136,137,138,139,140,141,142,143,144,145,146,147,148,149,150,151,152,153,154,155,156,157,158,159,160,161,162,163,164,165,166,167,168,169,170,171,172,173,174,175,176,177,178,179,180,181,182,183,184,185,186,187,188,189,190,191,192,193,194,195,196,197,198,199];False
9423;9315;18738;[11,0,27,3,1,5,30,2,8,9,41,49,12,18,7,15,20,17,16,14,13,6,22,66,24,25,26,72,28,29,21,31,19,33,32,35,36,37,38,39,40,10,42,43,44,45,46,47,48,4,50,51,52,53,54,55,56,57,58,59,60,61,62,63,64,65,90,67,68,69,70,71,23,73,74,75,76,77,78,79,80,81,82,83,84,85,86,87,88,89,34,91,92,93,94,95,96,97,98,99,100,101,102,103,104,105,106,107,108,109,110,111,112,113,114,115,116,117,118,119,120,121,122,123,124,125,126,127,128,129,130,131,132,133,134,135,136,137,138,139,140,141,142,143,144,145,146,147,148,149,150,151,152,153,154,155,156,157,158,159,160,161,162,163,164,165,166,167,168,169,170,171,172,173,174,175,176,177,178,179,180,181,182,183,184,185,186,187,188,189,190,191,192,193,194,195,196,197,198,199];False
9315;9296;18611;[16,0,11,3,26,43,18,30,8,9,4,1,12,32,14,15,63,17,10,19,20,41,22,23,24,25,5,27,28,56,21,31,29,33,34,35,36,37,38,39,40,49,42,7,44,45,46,47,48,53,50,51,52,2,54,55,6,57,58,59,60,61,62,13,64,65,66,67,68,69,70,71,72,73,74,75,76,77,78,79,80,81,82,83,84,85,86,87,88,89,90,91,92,93,94,95,96,97,98,99,100,101,102,103,104,105,106,107,108,109,110,111,112,113,114,115,116,117,118,119,120,121,122,123,124,125,126,127,128,129,130,131,132,133,134,135,136,137,138,139,140,141,142,143,144,145,146,147,148,149,150,151,152,153,154,155,156,157,158,159,160,161,162,163,164,165,166,167,168,169,170,171,172,173,174,175,176,177,178,179,180,181,182,183,184,185,186,187,188,189,190,191,192,193,194,195,196,197,198,199];False
9138;9322;18460;[21,0,11,3,26,43,18,30,8,9,4,1,12,32,14,15,16,17,10,19,20,41,22,23,24,25,5,27,28,56,63,31,29,33,34,35,36,37,38,39,40,49,42,7,44,45,46,47,48,53,50,51,52,2,54,55,6,57,58,59,60,61,62,13,64,65,66,67,68,69,70,71,72,73,74,75,76,77,78,79,80,81,82,83,84,85,86,87,88,89,90,91,92,93,94,95,96,97,98,99,100,101,102,103,104,105,106,107,108,109,110,111,112,113,114,115,116,117,118,119,120,121,122,123,124,125,126,127,128,129,130,131,132,133,134,135,136,137,138,139,140,141,142,143,144,145,146,147,148,149,150,151,152,153,154,155,156,157,158,159,160,161,162,163,164,165,166,167,168,169,170,171,172,173,174,175,176,177,178,179,180,181,182,183,184,185,186,187,188,189,190,191,192,193,194,195,196,197,198,199];False
9216;9319;18535;[34,0,11,3,26,43,18,30,8,9,4,1,12,32,14,15,16,17,10,19,20,41,22,23,24,25,5,27,28,56,21,31,29,33,63,35,36,37,38,39,40,49,42,7,44,45,46,47,48,53,50,51,52,2,54,55,6,57,58,59,60,61,62,13,64,65,66,67,68,69,70,71,72,73,74,75,76,77,78,79,80,81,82,83,84,85,86,87,88,89,90,91,92,93,94,95,96,97,98,99,100,101,102,103,104,105,106,107,108,109,110,111,112,113,114,115,116,117,118,119,120,121,122,123,124,125,126,127,128,129,130,131,132,133,134,135,136,137,138,139,140,141,142,143,144,145,146,147,148,149,150,151,152,153,154,155,156,157,158,159,160,161,162,163,164,165,166,167,168,169,170,171,172,173,174,175,176,177,178,179,180,181,182,183,184,185,186,187,188,189,190,191,192,193,194,195,196,197,198,199];False
8825;9493;18318;[0,34,11,3,26,43,18,30,8,9,4,1,12,32,14,15,16,60,10,19,20,41,22,23,24,25,5,27,28,56,21,31,29,33,17,35,36,37,38,39,40,49,42,7,44,45,46,47,48,13,50,51,52,53,54,55,6,57,58,59,2,61,62,63,64,65,66,67,68,69,70,71,72,73,74,75,76,77,78,79,80,81,82,83,84,85,86,87,88,89,90,91,92,93,94,95,96,97,98,99,100,101,102,103,104,105,106,107,108,109,110,111,112,113,114,115,116,117,118,119,120,121,122,123,124,125,126,127,128,129,130,131,132,133,134,135,136,137,138,139,140,141,142,143,144,145,146,147,148,149,150,151,152,153,154,155,156,157,158,159,160,161,162,163,164,165,166,167,168,169,170,171,172,173,174,175,176,177,178,179,180,181,182,183,184,185,186,187,188,189,190,191,192,193,194,195,196,197,198,199];False
8834;9474;18308;[11,0,34,3,26,43,18,30,8,9,4,1,12,32,14,15,16,60,10,19,20,41,22,23,24,25,5,27,28,56,21,31,29,33,17,35,36,37,38,39,40,49,42,7,44,45,46,47,48,13,50,51,52,53,54,55,6,57,58,59,2,61,62,63,64,65,66,67,68,69,70,71,72,73,74,75,76,77,78,79,80,81,82,83,84,85,86,87,88,89,90,91,92,93,94,95,96,97,98,99,100,101,102,103,104,105,106,107,108,109,110,111,112,113,114,115,116,117,118,119,120,121,122,123,124,125,126,127,128,129,130,131,132,133,134,135,136,137,138,139,140,141,142,143,144,145,146,147,148,149,150,151,152,153,154,155,156,157,158,159,160,161,162,163,164,165,166,167,168,169,170,171,172,173,174,175,176,177,178,179,180,181,182,183,184,185,186,187,188,189,190,191,192,193,194,195,196,197,198,199];False
8857;9461;18318;[23,0,11,3,26,43,18,30,8,9,4,1,12,32,14,15,16,60,10,19,20,41,22,34,24,25,5,27,28,56,21,31,29,33,17,35,36,37,38,39,40,49,42,7,44,45,46,47,48,13,50,51,52,53,54,55,6,57,58,59,2,61,62,63,64,65,66,67,68,69,70,71,72,73,74,75,76,77,78,79,80,81,82,83,84,85,86,87,88,89,90,91,92,93,94,95,96,97,98,99,100,101,102,103,104,105,106,107,108,109,110,111,112,113,114,115,116,117,118,119,120,121,122,123,124,125,126,127,128,129,130,131,132,133,134,135,136,137,138,139,140,141,142,143,144,145,146,147,148,149,150,151,152,153,154,155,156,157,158,159,160,161,162,163,164,165,166,167,168,169,170,171,172,173,174,175,176,177,178,179,180,181,182,183,184,185,186,187,188,189,190,191,192,193,194,195,196,197,198,199];False
8846;9440;18286;[25,0,11,3,26,43,18,30,8,9,4,1,12,32,14,15,16,60,10,19,20,41,22,23,24,34,5,27,28,56,21,31,29,33,17,35,36,37,38,39,40,49,42,7,44,45,46,47,48,13,50,51,52,53,54,55,6,57,58,59,2,61,62,63,64,65,66,67,68,69,70,71,72,73,74,75,76,77,78,79,80,81,82,83,84,85,86,87,88,89,90,91,92,93,94,95,96,97,98,99,100,101,102,103,104,105,106,107,108,109,110,111,112,113,114,115,116,117,118,119,120,121,122,123,124,125,126,127,128,129,130,131,132,133,134,135,136,137,138,139,140,141,142,143,144,145,146,147,148,149,150,151,152,153,154,155,156,157,158,159,160,161,162,163,164,165,166,167,168,169,170,171,172,173,174,175,176,177,178,179,180,181,182,183,184,185,186,187,188,189,190,191,192,193,194,195,196,197,198,199];False
8833;9459;18292;[46,0,11,3,26,43,18,30,8,9,4,1,12,32,14,15,16,60,10,19,20,41,22,23,24,25,5,27,28,56,21,31,29,33,17,35,36,37,38,39,40,49,42,7,44,45,34,47,48,13,50,51,52,53,54,55,6,57,58,59,2,61,62,63,64,65,66,67,68,69,70,71,72,73,74,75,76,77,78,79,80,81,82,83,84,85,86,87,88,89,90,91,92,93,94,95,96,97,98,99,100,101,102,103,104,105,106,107,108,109,110,111,112,113,114,115,116,117,118,119,120,121,122,123,124,125,126,127,128,129,130,131,132,133,134,135,136,137,138,139,140,141,142,143,144,145,146,147,148,149,150,151,152,153,154,155,156,157,158,159,160,161,162,163,164,165,166,167,168,169,170,171,172,173,174,175,176,177,178,179,180,181,182,183,184,185,186,187,188,189,190,191,192,193,194,195,196,197,198,199];False
8870;9436;18306;[50,0,11,3,26,43,18,30,8,9,4,1,12,32,14,15,16,60,10,19,20,41,22,23,24,25,5,27,28,56,21,31,29,33,17,35,36,37,38,39,40,49,42,7,44,45,46,47,48,13,34,51,52,53,54,55,6,57,58,59,2,61,62,63,64,65,66,67,68,69,70,71,72,73,74,75,76,77,78,79,80,81,82,83,84,85,86,87,88,89,90,91,92,93,94,95,96,97,98,99,100,101,102,103,104,105,106,107,108,109,110,111,112,113,114,115,116,117,118,119,120,121,122,123,124,125,126,127,128,129,130,131,132,133,134,135,136,137,138,139,140,141,142,143,144,145,146,147,148,149,150,151,152,153,154,155,156,157,158,159,160,161,162,163,164,165,166,167,168,169,170,171,172,173,174,175,176,177,178,179,180,181,182,183,184,185,186,187,188,189,190,191,192,193,194,195,196,197,198,199];False
8845;9437;18282;[51,0,11,3,26,43,18,30,8,9,4,1,12,32,14,15,16,60,10,19,20,41,22,23,24,25,5,27,28,56,21,31,29,33,17,35,36,37,38,39,40,49,42,7,44,45,46,47,48,13,50,34,52,53,54,55,6,57,58,59,2,61,62,63,64,65,66,67,68,69,70,71,72,73,74,75,76,77,78,79,80,81,82,83,84,85,86,87,88,89,90,91,92,93,94,95,96,97,98,99,100,101,102,103,104,105,106,107,108,109,110,111,112,113,114,115,116,117,118,119,120,121,122,123,124,125,126,127,128,129,130,131,132,133,134,135,136,137,138,139,140,141,142,143,144,145,146,147,148,149,150,151,152,153,154,155,156,157,158,159,160,161,162,163,164,165,166,167,168,169,170,171,172,173,174,175,176,177,178,179,180,181,182,183,184,185,186,187,188,189,190,191,192,193,194,195,196,197,198,199];False
8928;9398;18326;[52,0,11,3,26,43,18,30,8,9,4,1,12,32,14,15,16,60,10,19,20,41,22,23,24,25,5,27,28,56,21,31,29,33,17,35,36,37,38,39,40,49,42,7,44,45,46,47,48,13,50,51,34,53,54,55,6,57,58,59,2,61,62,63,64,65,66,67,68,69,70,71,72,73,74,75,76,77,78,79,80,81,82,83,84,85,86,87,88,89,90,91,92,93,94,95,96,97,98,99,100,101,102,103,104,105,106,107,108,109,110,111,112,113,114,115,116,117,118,119,120,121,122,123,124,125,126,127,128,129,130,131,132,133,134,135,136,137,138,139,140,141,142,143,144,145,146,147,148,149,150,151,152,153,154,155,156,157,158,159,160,161,162,163,164,165,166,167,168,169,170,171,172,173,174,175,176,177,178,179,180,181,182,183,184,185,186,187,188,189,190,191,192,193,194,195,196,197,198,199];False
8866;9428;18294;[53,0,11,3,26,43,18,30,8,9,4,1,12,32,14,15,16,60,10,19,20,41,22,23,24,25,5,27,28,56,21,31,29,33,17,35,36,37,38,39,40,49,42,7,44,45,46,47,48,13,50,51,52,34,54,55,6,57,58,59,2,61,62,63,64,65,66,67,68,69,70,71,72,73,74,75,76,77,78,79,80,81,82,83,84,85,86,87,88,89,90,91,92,93,94,95,96,97,98,99,100,101,102,103,104,105,106,107,108,109,110,111,112,113,114,115,116,117,118,119,120,121,122,123,124,125,126,127,128,129,130,131,132,133,134,135,136,137,138,139,140,141,142,143,144,145,146,147,148,149,150,151,152,153,154,155,156,157,158,159,160,161,162,163,164,165,166,167,168,169,170,171,172,173,174,175,176,177,178,179,180,181,182,183,184,185,186,187,188,189,190,191,192,193,194,195,196,197,198,199];False
8836;9456;18292;[65,0,11,3,26,43,18,30,8,9,4,1,12,32,14,15,16,60,10,19,20,41,22,23,24,25,5,27,28,56,21,31,29,33,17,35,36,37,38,39,40,49,42,7,44,45,46,47,48,13,50,51,52,53,54,55,6,57,58,59,2,61,62,63,64,34,66,67,68,69,70,71,72,73,74,75,76,77,78,79,80,81,82,83,84,85,86,87,88,89,90,91,92,93,94,95,96,97,98,99,100,101,102,103,104,105,106,107,108,109,110,111,112,113,114,115,116,117,118,119,120,121,122,123,124,125,126,127,128,129,130,131,132,133,134,135,136,137,138,139,140,141,142,143,144,145,146,147,148,149,150,151,152,153,154,155,156,157,158,159,160,161,162,163,164,165,166,167,168,169,170,171,172,173,174,175,176,177,178,179,180,181,182,183,184,185,186,187,188,189,190,191,192,193,194,195,196,197,198,199];False
8869;9425;18294;[66,0,11,3,26,43,18,30,8,9,4,1,12,32,14,15,16,60,10,19,20,41,22,23,24,25,5,27,28,56,21,31,29,33,17,35,36,37,38,39,40,49,42,7,44,45,46,47,48,13,50,51,52,53,54,55,6,57,58,59,2,61,62,63,64,65,34,67,68,69,70,71,72,73,74,75,76,77,78,79,80,81,82,83,84,85,86,87,88,89,90,91,92,93,94,95,96,97,98,99,100,101,102,103,104,105,106,107,108,109,110,111,112,113,114,115,116,117,118,119,120,121,122,123,124,125,126,127,128,129,130,131,132,133,134,135,136,137,138,139,140,141,142,143,144,145,146,147,148,149,150,151,152,153,154,155,156,157,158,159,160,161,162,163,164,165,166,167,168,169,170,171,172,173,174,175,176,177,178,179,180,181,182,183,184,185,186,187,188,189,190,191,192,193,194,195,196,197,198,199];False
8784;9453;18237;[67,0,11,3,26,43,18,30,8,9,4,1,12,32,14,15,16,60,10,19,20,41,22,23,24,25,5,27,28,56,21,31,29,33,17,35,36,37,38,39,40,49,42,7,44,45,46,47,48,13,50,51,52,53,54,55,6,57,58,59,2,61,62,63,64,65,66,34,68,69,70,71,72,73,74,75,76,77,78,79,80,81,82,83,84,85,86,87,88,89,90,91,92,93,94,95,96,97,98,99,100,101,102,103,104,105,106,107,108,109,110,111,112,113,114,115,116,117,118,119,120,121,122,123,124,125,126,127,128,129,130,131,132,133,134,135,136,137,138,139,140,141,142,143,144,145,146,147,148,149,150,151,152,153,154,155,156,157,158,159,160,161,162,163,164,165,166,167,168,169,170,171,172,173,174,175,176,177,178,179,180,181,182,183,184,185,186,187,188,189,190,191,192,193,194,195,196,197,198,199];False
8799;9432;18231;[69,0,11,3,26,43,18,30,8,9,4,1,12,32,14,15,16,60,10,19,20,41,22,23,24,25,5,27,28,56,21,31,29,33,17,35,36,37,38,39,40,49,42,7,44,45,46,47,48,13,50,51,52,53,54,55,6,57,58,59,2,61,62,63,64,65,66,67,68,34,70,71,72,73,74,75,76,77,78,79,80,81,82,83,84,85,86,87,88,89,90,91,92,93,94,95,96,97,98,99,100,101,102,103,104,105,106,107,108,109,110,111,112,113,114,115,116,117,118,119,120,121,122,123,124,125,126,127,128,129,130,131,132,133,134,135,136,137,138,139,140,141,142,143,144,145,146,147,148,149,150,151,152,153,154,155,156,157,158,159,160,161,162,163,164,165,166,167,168,169,170,171,172,173,174,175,176,177,178,179,180,181,182,183,184,185,186,187,188,189,190,191,192,193,194,195,196,197,198,199];False
8803;9418;18221;[90,0,11,3,26,43,18,30,8,9,4,1,12,32,14,15,16,60,10,19,20,41,22,23,24,25,5,27,28,56,21,31,29,33,17,35,36,37,38,39,40,49,42,7,44,45,46,47,48,13,50,51,52,53,54,55,6,57,58,59,2,61,62,63,64,65,66,67,68,69,70,71,72,73,74,75,76,77,78,79,80,81,82,83,84,85,86,87,88,89,34,91,92,93,94,95,96,97,98,99,100,101,102,103,104,105,106,107,108,109,110,111,112,113,114,115,116,117,118,119,120,121,122,123,124,125,126,127,128,129,130,131,132,133,134,135,136,137,138,139,140,141,142,143,144,145,146,147,148,149,150,151,152,153,154,155,156,157,158,159,160,161,162,163,164,165,166,167,168,169,170,171,172,173,174,175,176,177,178,179,180,181,182,183,184,185,186,187,188,189,190,191,192,193,194,195,196,197,198,199];False
9044;9340;18384;[16,0,11,3,26,43,18,30,8,9,4,1,12,32,14,15,63,17,10,19,20,41,22,23,24,25,5,27,28,56,21,31,29,33,34,35,36,37,38,39,40,49,42,7,44,45,60,47,48,13,50,51,52,53,54,55,6,57,58,59,2,61,62,46,64,65,66,67,68,69,70,71,72,73,74,75,76,77,78,79,80,81,82,83,84,85,86,87,88,89,90,91,92,93,94,95,96,97,98,99,100,101,102,103,104,105,106,107,108,109,110,111,112,113,114,115,116,117,118,119,120,121,122,123,124,125,126,127,128,129,130,131,132,133,134,135,136,137,138,139,140,141,142,143,144,145,146,147,148,149,150,151,152,153,154,155,156,157,158,159,160,161,162,163,164,165,166,167,168,169,170,171,172,173,174,175,176,177,178,179,180,181,182,183,184,185,186,187,188,189,190,191,192,193,194,195,196,197,198,199];False
8867;9366;18233;[21,0,11,3,26,43,18,30,8,9,4,1,12,32,14,15,16,17,10,19,20,41,22,23,24,25,5,27,28,56,63,31,29,33,34,35,36,37,38,39,40,49,42,7,44,45,60,47,48,13,50,51,52,53,54,55,6,57,58,59,2,61,62,46,64,65,66,67,68,69,70,71,72,73,74,75,76,77,78,79,80,81,82,83,84,85,86,87,88,89,90,91,92,93,94,95,96,97,98,99,100,101,102,103,104,105,106,107,108,109,110,111,112,113,114,115,116,117,118,119,120,121,122,123,124,125,126,127,128,129,130,131,132,133,134,135,136,137,138,139,140,141,142,143,144,145,146,147,148,149,150,151,152,153,154,155,156,157,158,159,160,161,162,163,164,165,166,167,168,169,170,171,172,173,174,175,176,177,178,179,180,181,182,183,184,185,186,187,188,189,190,191,192,193,194,195,196,197,198,199];False
8945;9363;18308;[34,0,11,3,26,43,18,30,8,9,4,1,12,32,14,15,16,17,10,19,20,41,22,23,24,25,5,27,28,56,21,31,29,33,63,35,36,37,38,39,40,49,42,7,44,45,60,47,48,13,50,51,52,53,54,55,6,57,58,59,2,61,62,46,64,65,66,67,68,69,70,71,72,73,74,75,76,77,78,79,80,81,82,83,84,85,86,87,88,89,90,91,92,93,94,95,96,97,98,99,100,101,102,103,104,105,106,107,108,109,110,111,112,113,114,115,116,117,118,119,120,121,122,123,124,125,126,127,128,129,130,131,132,133,134,135,136,137,138,139,140,141,142,143,144,145,146,147,148,149,150,151,152,153,154,155,156,157,158,159,160,161,162,163,164,165,166,167,168,169,170,171,172,173,174,175,176,177,178,179,180,181,182,183,184,185,186,187,188,189,190,191,192,193,194,195,196,197,198,199];False
8965;9303;18268;[13,0,11,3,26,43,18,30,8,9,4,1,12,32,14,15,16,17,10,19,20,41,22,23,24,25,5,27,28,56,21,31,29,33,34,35,36,37,38,39,40,49,42,7,44,45,60,47,48,63,50,51,52,53,54,55,6,57,58,59,2,61,62,46,64,65,66,67,68,69,70,71,72,73,74,75,76,77,78,79,80,81,82,83,84,85,86,87,88,89,90,91,92,93,94,95,96,97,98,99,100,101,102,103,104,105,106,107,108,109,110,111,112,113,114,115,116,117,118,119,120,121,122,123,124,125,126,127,128,129,130,131,132,133,134,135,136,137,138,139,140,141,142,143,144,145,146,147,148,149,150,151,152,153,154,155,156,157,158,159,160,161,162,163,164,165,166,167,168,169,170,171,172,173,174,175,176,177,178,179,180,181,182,183,184,185,186,187,188,189,190,191,192,193,194,195,196,197,198,199];False
9539;9267;18806;[32,0,11,52,1,5,30,2,8,9,41,49,12,18,7,15,29,17,16,14,3,6,22,23,24,25,26,27,28,56,21,31,19,33,20,35,36,37,38,39,40,10,42,43,44,45,46,47,48,4,50,51,34,53,54,55,13,57,58,59,60,61,62,63,64,65,66,67,68,69,70,71,72,73,74,75,76,77,78,79,80,81,82,83,84,85,86,87,88,89,90,91,92,93,94,95,96,97,98,99,100,101,102,103,104,105,106,107,108,109,110,111,112,113,114,115,116,117,118,119,120,121,122,123,124,125,126,127,128,129,130,131,132,133,134,135,136,137,138,139,140,141,142,143,144,145,146,147,148,149,150,151,152,153,154,155,156,157,158,159,160,161,162,163,164,165,166,167,168,169,170,171,172,173,174,175,176,177,178,179,180,181,182,183,184,185,186,187,188,189,190,191,192,193,194,195,196,197,198,199];False
9549;9256;18805;[43,0,11,52,1,5,30,2,8,9,41,49,12,18,7,15,29,17,16,14,3,6,22,23,24,25,26,27,28,56,21,31,19,33,32,35,36,37,38,39,40,10,42,20,44,45,46,47,48,4,50,51,34,53,54,55,13,57,58,59,60,61,62,63,64,65,66,67,68,69,70,71,72,73,74,75,76,77,78,79,80,81,82,83,84,85,86,87,88,89,90,91,92,93,94,95,96,97,98,99,100,101,102,103,104,105,106,107,108,109,110,111,112,113,114,115,116,117,118,119,120,121,122,123,124,125,126,127,128,129,130,131,132,133,134,135,136,137,138,139,140,141,142,143,144,145,146,147,148,149,150,151,152,153,154,155,156,157,158,159,160,161,162,163,164,165,166,167,168,169,170,171,172,173,174,175,176,177,178,179,180,181,182,183,184,185,186,187,188,189,190,191,192,193,194,195,196,197,198,199];False
9336;9281;18617;[10,0,11,3,26,43,18,30,8,9,4,1,12,32,14,15,63,17,16,19,20,41,22,23,24,25,5,27,28,56,21,31,29,33,34,35,36,37,38,39,40,49,42,7,44,45,46,47,48,53,50,51,52,2,54,55,6,57,58,59,60,61,62,13,64,65,66,67,68,69,70,71,72,73,74,75,76,77,78,79,80,81,82,83,84,85,86,87,88,89,90,91,92,93,94,95,96,97,98,99,100,101,102,103,104,105,106,107,108,109,110,111,112,113,114,115,116,117,118,119,120,121,122,123,124,125,126,127,128,129,130,131,132,133,134,135,136,137,138,139,140,141,142,143,144,145,146,147,148,149,150,151,152,153,154,155,156,157,158,159,160,161,162,163,164,165,166,167,168,169,170,171,172,173,174,175,176,177,178,179,180,181,182,183,184,185,186,187,188,189,190,191,192,193,194,195,196,197,198,199];False
9424;9279;18703;[19,0,11,3,26,43,18,30,8,9,4,1,12,32,14,15,63,17,10,16,20,41,22,23,24,25,5,27,28,56,21,31,29,33,34,35,36,37,38,39,40,49,42,7,44,45,46,47,48,53,50,51,52,2,54,55,6,57,58,59,60,61,62,13,64,65,66,67,68,69,70,71,72,73,74,75,76,77,78,79,80,81,82,83,84,85,86,87,88,89,90,91,92,93,94,95,96,97,98,99,100,101,102,103,104,105,106,107,108,109,110,111,112,113,114,115,116,117,118,119,120,121,122,123,124,125,126,127,128,129,130,131,132,133,134,135,136,137,138,139,140,141,142,143,144,145,146,147,148,149,150,151,152,153,154,155,156,157,158,159,160,161,162,163,164,165,166,167,168,169,170,171,172,173,174,175,176,177,178,179,180,181,182,183,184,185,186,187,188,189,190,191,192,193,194,195,196,197,198,199];False
9317;9288;18605;[20,0,11,3,26,43,18,30,8,9,4,1,12,32,14,15,63,17,10,19,16,41,22,23,24,25,5,27,28,56,21,31,29,33,34,35,36,37,38,39,40,49,42,7,44,45,46,47,48,53,50,51,52,2,54,55,6,57,58,59,60,61,62,13,64,65,66,67,68,69,70,71,72,73,74,75,76,77,78,79,80,81,82,83,84,85,86,87,88,89,90,91,92,93,94,95,96,97,98,99,100,101,102,103,104,105,106,107,108,109,110,111,112,113,114,115,116,117,118,119,120,121,122,123,124,125,126,127,128,129,130,131,132,133,134,135,136,137,138,139,140,141,142,143,144,145,146,147,148,149,150,151,152,153,154,155,156,157,158,159,160,161,162,163,164,165,166,167,168,169,170,171,172,173,174,175,176,177,178,179,180,181,182,183,184,185,186,187,188,189,190,191,192,193,194,195,196,197,198,199];False
9300;9281;18581;[34,0,11,3,26,43,18,30,8,9,4,1,12,32,14,15,63,17,10,19,20,41,22,23,24,25,5,27,28,56,21,31,29,33,16,35,36,37,38,39,40,49,42,7,44,45,46,47,48,53,50,51,52,2,54,55,6,57,58,59,60,61,62,13,64,65,66,67,68,69,70,71,72,73,74,75,76,77,78,79,80,81,82,83,84,85,86,87,88,89,90,91,92,93,94,95,96,97,98,99,100,101,102,103,104,105,106,107,108,109,110,111,112,113,114,115,116,117,118,119,120,121,122,123,124,125,126,127,128,129,130,131,132,133,134,135,136,137,138,139,140,141,142,143,144,145,146,147,148,149,150,151,152,153,154,155,156,157,158,159,160,161,162,163,164,165,166,167,168,169,170,171,172,173,174,175,176,177,178,179,180,181,182,183,184,185,186,187,188,189,190,191,192,193,194,195,196,197,198,199];False
8767;9497;18264;[0,67,11,3,26,43,18,30,8,9,4,1,12,32,14,15,16,60,10,19,20,41,22,23,24,25,5,27,28,56,21,31,29,33,17,35,36,37,38,39,40,49,42,7,44,45,46,47,48,13,50,51,52,53,54,55,6,57,58,59,2,61,62,63,64,65,66,34,68,69,70,71,72,73,74,75,76,77,78,79,80,81,82,83,84,85,86,87,88,89,90,91,92,93,94,95,96,97,98,99,100,101,102,103,104,105,106,107,108,109,110,111,112,113,114,115,116,117,118,119,120,121,122,123,124,125,126,127,128,129,130,131,132,133,134,135,136,137,138,139,140,141,142,143,144,145,146,147,148,149,150,151,152,153,154,155,156,157,158,159,160,161,162,163,164,165,166,167,168,169,170,171,172,173,174,175,176,177,178,179,180,181,182,183,184,185,186,187,188,189,190,191,192,193,194,195,196,197,198,199];False
8765;9503;18268;[11,0,67,3,26,43,18,30,8,9,4,1,12,32,14,15,16,60,10,19,20,41,22,23,24,25,5,27,28,56,21,31,29,33,17,35,36,37,38,39,40,49,42,7,44,45,46,47,48,13,50,51,52,53,54,55,6,57,58,59,2,61,62,63,64,65,66,34,68,69,70,71,72,73,74,75,76,77,78,79,80,81,82,83,84,85,86,87,88,89,90,91,92,93,94,95,96,97,98,99,100,101,102,103,104,105,106,107,108,109,110,111,112,113,114,115,116,117,118,119,120,121,122,123,124,125,126,127,128,129,130,131,132,133,134,135,136,137,138,139,140,141,142,143,144,145,146,147,148,149,150,151,152,153,154,155,156,157,158,159,160,161,162,163,164,165,166,167,168,169,170,171,172,173,174,175,176,177,178,179,180,181,182,183,184,185,186,187,188,189,190,191,192,193,194,195,196,197,198,199];False
8774;9464;18238;[1,0,11,3,26,43,18,30,8,9,4,67,12,32,14,15,16,60,10,19,20,41,22,23,24,25,5,27,28,56,21,31,29,33,17,35,36,37,38,39,40,49,42,7,44,45,46,47,48,13,50,51,52,53,54,55,6,57,58,59,2,61,62,63,64,65,66,34,68,69,70,71,72,73,74,75,76,77,78,79,80,81,82,83,84,85,86,87,88,89,90,91,92,93,94,95,96,97,98,99,100,101,102,103,104,105,106,107,108,109,110,111,112,113,114,115,116,117,118,119,120,121,122,123,124,125,126,127,128,129,130,131,132,133,134,135,136,137,138,139,140,141,142,143,144,145,146,147,148,149,150,151,152,153,154,155,156,157,158,159,160,161,162,163,164,165,166,167,168,169,170,171,172,173,174,175,176,177,178,179,180,181,182,183,184,185,186,187,188,189,190,191,192,193,194,195,196,197,198,199];False
8764;9487;18251;[32,0,11,3,26,43,18,30,8,9,4,1,12,67,14,15,16,60,10,19,20,41,22,23,24,25,5,27,28,56,21,31,29,33,17,35,36,37,38,39,40,49,42,7,44,45,46,47,48,13,50,51,52,53,54,55,6,57,58,59,2,61,62,63,64,65,66,34,68,69,70,71,72,73,74,75,76,77,78,79,80,81,82,83,84,85,86,87,88,89,90,91,92,93,94,95,96,97,98,99,100,101,102,103,104,105,106,107,108,109,110,111,112,113,114,115,116,117,118,119,120,121,122,123,124,125,126,127,128,129,130,131,132,133,134,135,136,137,138,139,140,141,142,143,144,145,146,147,148,149,150,151,152,153,154,155,156,157,158,159,160,161,162,163,164,165,166,167,168,169,170,171,172,173,174,175,176,177,178,179,180,181,182,183,184,185,186,187,188,189,190,191,192,193,194,195,196,197,198,199];False
8734;9465;18199;[41,0,11,3,26,43,18,30,8,9,4,1,12,32,14,15,16,60,10,19,20,67,22,23,24,25,5,27,28,56,21,31,29,33,17,35,36,37,38,39,40,49,42,7,44,45,46,47,48,13,50,51,52,53,54,55,6,57,58,59,2,61,62,63,64,65,66,34,68,69,70,71,72,73,74,75,76,77,78,79,80,81,82,83,84,85,86,87,88,89,90,91,92,93,94,95,96,97,98,99,100,101,102,103,104,105,106,107,108,109,110,111,112,113,114,115,116,117,118,119,120,121,122,123,124,125,126,127,128,129,130,131,132,133,134,135,136,137,138,139,140,141,142,143,144,145,146,147,148,149,150,151,152,153,154,155,156,157,158,159,160,161,162,163,164,165,166,167,168,169,170,171,172,173,174,175,176,177,178,179,180,181,182,183,184,185,186,187,188,189,190,191,192,193,194,195,196,197,198,199];False
8720;9461;18181;[46,0,11,3,26,43,18,30,8,9,4,1,12,32,14,15,16,60,10,19,20,41,22,23,24,25,5,27,28,56,21,31,29,33,17,35,36,37,38,39,40,49,42,7,44,45,67,47,48,13,50,51,52,53,54,55,6,57,58,59,2,61,62,63,64,65,66,34,68,69,70,71,72,73,74,75,76,77,78,79,80,81,82,83,84,85,86,87,88,89,90,91,92,93,94,95,96,97,98,99,100,101,102,103,104,105,106,107,108,109,110,111,112,113,114,115,116,117,118,119,120,121,122,123,124,125,126,127,128,129,130,131,132,133,134,135,136,137,138,139,140,141,142,143,144,145,146,147,148,149,150,151,152,153,154,155,156,157,158,159,160,161,162,163,164,165,166,167,168,169,170,171,172,173,174,175,176,177,178,179,180,181,182,183,184,185,186,187,188,189,190,191,192,193,194,195,196,197,198,199];False
8790;9437;18227;[50,0,11,3,26,43,18,30,8,9,4,1,12,32,14,15,16,60,10,19,20,41,22,23,24,25,5,27,28,56,21,31,29,33,17,35,36,37,38,39,40,49,42,7,44,45,46,47,48,13,67,51,52,53,54,55,6,57,58,59,2,61,62,63,64,65,66,34,68,69,70,71,72,73,74,75,76,77,78,79,80,81,82,83,84,85,86,87,88,89,90,91,92,93,94,95,96,97,98,99,100,101,102,103,104,105,106,107,108,109,110,111,112,113,114,115,116,117,118,119,120,121,122,123,124,125,126,127,128,129,130,131,132,133,134,135,136,137,138,139,140,141,142,143,144,145,146,147,148,149,150,151,152,153,154,155,156,157,158,159,160,161,162,163,164,165,166,167,168,169,170,171,172,173,174,175,176,177,178,179,180,181,182,183,184,185,186,187,188,189,190,191,192,193,194,195,196,197,198,199];False
8783;9458;18241;[61,0,11,3,26,43,18,30,8,9,4,1,12,32,14,15,16,60,10,19,20,41,22,23,24,25,5,27,28,56,21,31,29,33,17,35,36,37,38,39,40,49,42,7,44,45,46,47,48,13,50,51,52,53,54,55,6,57,58,59,2,67,62,63,64,65,66,34,68,69,70,71,72,73,74,75,76,77,78,79,80,81,82,83,84,85,86,87,88,89,90,91,92,93,94,95,96,97,98,99,100,101,102,103,104,105,106,107,108,109,110,111,112,113,114,115,116,117,118,119,120,121,122,123,124,125,126,127,128,129,130,131,132,133,134,135,136,137,138,139,140,141,142,143,144,145,146,147,148,149,150,151,152,153,154,155,156,157,158,159,160,161,162,163,164,165,166,167,168,169,170,171,172,173,174,175,176,177,178,179,180,181,182,183,184,185,186,187,188,189,190,191,192,193,194,195,196,197,198,199];False
8778;9431;18209;[63,0,11,3,26,43,18,30,8,9,4,1,12,32,14,15,16,60,10,19,20,41,22,23,24,25,5,27,28,56,21,31,29,33,17,35,36,37,38,39,40,49,42,7,44,45,46,47,48,13,50,51,52,53,54,55,6,57,58,59,2,61,62,67,64,65,66,34,68,69,70,71,72,73,74,75,76,77,78,79,80,81,82,83,84,85,86,87,88,89,90,91,92,93,94,95,96,97,98,99,100,101,102,103,104,105,106,107,108,109,110,111,112,113,114,115,116,117,118,119,120,121,122,123,124,125,126,127,128,129,130,131,132,133,134,135,136,137,138,139,140,141,142,143,144,145,146,147,148,149,150,151,152,153,154,155,156,157,158,159,160,161,162,163,164,165,166,167,168,169,170,171,172,173,174,175,176,177,178,179,180,181,182,183,184,185,186,187,188,189,190,191,192,193,194,195,196,197,198,199];False
8797;9407;18204;[20,0,11,3,26,43,18,30,8,9,4,1,12,32,14,15,16,60,10,19,90,41,22,23,24,25,5,27,28,56,21,31,29,33,17,35,36,37,38,39,40,49,42,7,44,45,46,47,48,13,50,51,52,53,54,55,6,57,58,59,2,61,62,63,64,65,66,67,68,69,70,71,72,73,74,75,76,77,78,79,80,81,82,83,84,85,86,87,88,89,34,91,92,93,94,95,96,97,98,99,100,101,102,103,104,105,106,107,108,109,110,111,112,113,114,115,116,117,118,119,120,121,122,123,124,125,126,127,128,129,130,131,132,133,134,135,136,137,138,139,140,141,142,143,144,145,146,147,148,149,150,151,152,153,154,155,156,157,158,159,160,161,162,163,164,165,166,167,168,169,170,171,172,173,174,175,176,177,178,179,180,181,182,183,184,185,186,187,188,189,190,191,192,193,194,195,196,197,198,199];False
8960;9352;18312;[10,0,11,3,26,43,18,30,8,9,4,1,12,32,14,15,16,17,21,19,20,41,22,23,24,25,5,27,28,56,63,31,29,33,34,35,36,37,38,39,40,49,42,7,44,45,60,47,48,13,50,51,52,53,54,55,6,57,58,59,2,61,62,46,64,65,66,67,68,69,70,71,72,73,74,75,76,77,78,79,80,81,82,83,84,85,86,87,88,89,90,91,92,93,94,95,96,97,98,99,100,101,102,103,104,105,106,107,108,109,110,111,112,113,114,115,116,117,118,119,120,121,122,123,124,125,126,127,128,129,130,131,132,133,134,135,136,137,138,139,140,141,142,143,144,145,146,147,148,149,150,151,152,153,154,155,156,157,158,159,160,161,162,163,164,165,166,167,168,169,170,171,172,173,174,175,176,177,178,179,180,181,182,183,184,185,186,187,188,189,190,191,192,193,194,195,196,197,198,199];False
8898;9360;18258;[20,0,11,3,26,43,18,30,8,9,4,1,12,32,14,15,16,17,10,19,21,41,22,23,24,25,5,27,28,56,63,31,29,33,34,35,36,37,38,39,40,49,42,7,44,45,60,47,48,13,50,51,52,53,54,55,6,57,58,59,2,61,62,46,64,65,66,67,68,69,70,71,72,73,74,75,76,77,78,79,80,81,82,83,84,85,86,87,88,89,90,91,92,93,94,95,96,97,98,99,100,101,102,103,104,105,106,107,108,109,110,111,112,113,114,115,116,117,118,119,120,121,122,123,124,125,126,127,128,129,130,131,132,133,134,135,136,137,138,139,140,141,142,143,144,145,146,147,148,149,150,151,152,153,154,155,156,157,158,159,160,161,162,163,164,165,166,167,168,169,170,171,172,173,174,175,176,177,178,179,180,181,182,183,184,185,186,187,188,189,190,191,192,193,194,195,196,197,198,199];False
8907;9304;18211;[13,0,11,3,26,43,18,30,8,9,4,1,12,32,14,15,16,17,10,19,20,41,22,23,24,25,5,27,28,56,63,31,29,33,34,35,36,37,38,39,40,49,42,7,44,45,60,47,48,21,50,51,52,53,54,55,6,57,58,59,2,61,62,46,64,65,66,67,68,69,70,71,72,73,74,75,76,77,78,79,80,81,82,83,84,85,86,87,88,89,90,91,92,93,94,95,96,97,98,99,100,101,102,103,104,105,106,107,108,109,110,111,112,113,114,115,116,117,118,119,120,121,122,123,124,125,126,127,128,129,130,131,132,133,134,135,136,137,138,139,140,141,142,143,144,145,146,147,148,149,150,151,152,153,154,155,156,157,158,159,160,161,162,163,164,165,166,167,168,169,170,171,172,173,174,175,176,177,178,179,180,181,182,183,184,185,186,187,188,189,190,191,192,193,194,195,196,197,198,199];False
8819;9368;18187;[51,0,11,3,26,43,18,30,8,9,4,1,12,32,14,15,16,17,10,19,20,41,22,23,24,25,5,27,28,56,63,31,29,33,34,35,36,37,38,39,40,49,42,7,44,45,60,47,48,13,50,21,52,53,54,55,6,57,58,59,2,61,62,46,64,65,66,67,68,69,70,71,72,73,74,75,76,77,78,79,80,81,82,83,84,85,86,87,88,89,90,91,92,93,94,95,96,97,98,99,100,101,102,103,104,105,106,107,108,109,110,111,112,113,114,115,116,117,118,119,120,121,122,123,124,125,126,127,128,129,130,131,132,133,134,135,136,137,138,139,140,141,142,143,144,145,146,147,148,149,150,151,152,153,154,155,156,157,158,159,160,161,162,163,164,165,166,167,168,169,170,171,172,173,174,175,176,177,178,179,180,181,182,183,184,185,186,187,188,189,190,191,192,193,194,195,196,197,198,199];False
8850;9357;18207;[66,0,11,3,26,43,18,30,8,9,4,1,12,32,14,15,16,17,10,19,20,41,22,23,24,25,5,27,28,56,63,31,29,33,34,35,36,37,38,39,40,49,42,7,44,45,60,47,48,13,50,51,52,53,54,55,6,57,58,59,2,61,62,46,64,65,21,67,68,69,70,71,72,73,74,75,76,77,78,79,80,81,82,83,84,85,86,87,88,89,90,91,92,93,94,95,96,97,98,99,100,101,102,103,104,105,106,107,108,109,110,111,112,113,114,115,116,117,118,119,120,121,122,123,124,125,126,127,128,129,130,131,132,133,134,135,136,137,138,139,140,141,142,143,144,145,146,147,148,149,150,151,152,153,154,155,156,157,158,159,160,161,162,163,164,165,166,167,168,169,170,171,172,173,174,175,176,177,178,179,180,181,182,183,184,185,186,187,188,189,190,191,192,193,194,195,196,197,198,199];False
9630;9247;18877;[2,0,11,52,1,5,30,32,8,9,41,49,12,18,7,15,29,17,16,14,3,6,22,23,24,25,26,27,28,56,21,31,19,33,20,35,36,37,38,39,40,10,42,43,44,45,46,47,48,4,50,51,34,53,54,55,13,57,58,59,60,61,62,63,64,65,66,67,68,69,70,71,72,73,74,75,76,77,78,79,80,81,82,83,84,85,86,87,88,89,90,91,92,93,94,95,96,97,98,99,100,101,102,103,104,105,106,107,108,109,110,111,112,113,114,115,116,117,118,119,120,121,122,123,124,125,126,127,128,129,130,131,132,133,134,135,136,137,138,139,140,141,142,143,144,145,146,147,148,149,150,151,152,153,154,155,156,157,158,159,160,161,162,163,164,165,166,167,168,169,170,171,172,173,174,175,176,177,178,179,180,181,182,183,184,185,186,187,188,189,190,191,192,193,194,195,196,197,198,199];False
9624;9233;18857;[8,0,11,52,1,5,30,2,32,9,41,49,12,18,7,15,29,17,16,14,3,6,22,23,24,25,26,27,28,56,21,31,19,33,20,35,36,37,38,39,40,10,42,43,44,45,46,47,48,4,50,51,34,53,54,55,13,57,58,59,60,61,62,63,64,65,66,67,68,69,70,71,72,73,74,75,76,77,78,79,80,81,82,83,84,85,86,87,88,89,90,91,92,93,94,95,96,97,98,99,100,101,102,103,104,105,106,107,108,109,110,111,112,113,114,115,116,117,118,119,120,121,122,123,124,125,126,127,128,129,130,131,132,133,134,135,136,137,138,139,140,141,142,143,144,145,146,147,148,149,150,151,152,153,154,155,156,157,158,159,160,161,162,163,164,165,166,167,168,169,170,171,172,173,174,175,176,177,178,179,180,181,182,183,184,185,186,187,188,189,190,191,192,193,194,195,196,197,198,199];False
9528;9265;18793;[29,0,11,52,1,5,30,2,8,9,41,49,12,18,7,15,32,17,16,14,3,6,22,23,24,25,26,27,28,56,21,31,19,33,20,35,36,37,38,39,40,10,42,43,44,45,46,47,48,4,50,51,34,53,54,55,13,57,58,59,60,61,62,63,64,65,66,67,68,69,70,71,72,73,74,75,76,77,78,79,80,81,82,83,84,85,86,87,88,89,90,91,92,93,94,95,96,97,98,99,100,101,102,103,104,105,106,107,108,109,110,111,112,113,114,115,116,117,118,119,120,121,122,123,124,125,126,127,128,129,130,131,132,133,134,135,136,137,138,139,140,141,142,143,144,145,146,147,148,149,150,151,152,153,154,155,156,157,158,159,160,161,162,163,164,165,166,167,168,169,170,171,172,173,174,175,176,177,178,179,180,181,182,183,184,185,186,187,188,189,190,191,192,193,194,195,196,197,198,199];False
9445;9270;18715;[0,43,11,52,1,5,30,2,8,9,41,49,12,18,7,15,29,17,16,14,3,6,22,23,24,25,26,27,28,56,21,31,19,33,32,35,36,37,38,39,40,10,42,20,44,45,46,47,48,4,50,51,34,53,54,55,13,57,58,59,60,61,62,63,64,65,66,67,68,69,70,71,72,73,74,75,76,77,78,79,80,81,82,83,84,85,86,87,88,89,90,91,92,93,94,95,96,97,98,99,100,101,102,103,104,105,106,107,108,109,110,111,112,113,114,115,116,117,118,119,120,121,122,123,124,125,126,127,128,129,130,131,132,133,134,135,136,137,138,139,140,141,142,143,144,145,146,147,148,149,150,151,152,153,154,155,156,157,158,159,160,161,162,163,164,165,166,167,168,169,170,171,172,173,174,175,176,177,178,179,180,181,182,183,184,185,186,187,188,189,190,191,192,193,194,195,196,197,198,199];False
9545;9262;18807;[1,0,11,52,43,5,30,2,8,9,41,49,12,18,7,15,29,17,16,14,3,6,22,23,24,25,26,27,28,56,21,31,19,33,32,35,36,37,38,39,40,10,42,20,44,45,46,47,48,4,50,51,34,53,54,55,13,57,58,59,60,61,62,63,64,65,66,67,68,69,70,71,72,73,74,75,76,77,78,79,80,81,82,83,84,85,86,87,88,89,90,91,92,93,94,95,96,97,98,99,100,101,102,103,104,105,106,107,108,109,110,111,112,113,114,115,116,117,118,119,120,121,122,123,124,125,126,127,128,129,130,131,132,133,134,135,136,137,138,139,140,141,142,143,144,145,146,147,148,149,150,151,152,153,154,155,156,157,158,159,160,161,162,163,164,165,166,167,168,169,170,171,172,173,174,175,176,177,178,179,180,181,182,183,184,185,186,187,188,189,190,191,192,193,194,195,196,197,198,199];False
9541;9249;18790;[5,0,11,52,1,43,30,2,8,9,41,49,12,18,7,15,29,17,16,14,3,6,22,23,24,25,26,27,28,56,21,31,19,33,32,35,36,37,38,39,40,10,42,20,44,45,46,47,48,4,50,51,34,53,54,55,13,57,58,59,60,61,62,63,64,65,66,67,68,69,70,71,72,73,74,75,76,77,78,79,80,81,82,83,84,85,86,87,88,89,90,91,92,93,94,95,96,97,98,99,100,101,102,103,104,105,106,107,108,109,110,111,112,113,114,115,116,117,118,119,120,121,122,123,124,125,126,127,128,129,130,131,132,133,134,135,136,137,138,139,140,141,142,143,144,145,146,147,148,149,150,151,152,153,154,155,156,157,158,159,160,161,162,163,164,165,166,167,168,169,170,171,172,173,174,175,176,177,178,179,180,181,182,183,184,185,186,187,188,189,190,191,192,193,194,195,196,197,198,199];False
9348;9273;18621;[20,0,11,3,26,43,18,30,8,9,4,1,12,32,14,15,63,17,10,16,19,41,22,23,24,25,5,27,28,56,21,31,29,33,34,35,36,37,38,39,40,49,42,7,44,45,46,47,48,53,50,51,52,2,54,55,6,57,58,59,60,61,62,13,64,65,66,67,68,69,70,71,72,73,74,75,76,77,78,79,80,81,82,83,84,85,86,87,88,89,90,91,92,93,94,95,96,97,98,99,100,101,102,103,104,105,106,107,108,109,110,111,112,113,114,115,116,117,118,119,120,121,122,123,124,125,126,127,128,129,130,131,132,133,134,135,136,137,138,139,140,141,142,143,144,145,146,147,148,149,150,151,152,153,154,155,156,157,158,159,160,161,162,163,164,165,166,167,168,169,170,171,172,173,174,175,176,177,178,179,180,181,182,183,184,185,186,187,188,189,190,191,192,193,194,195,196,197,198,199];False
9241;9298;18539;[25,0,11,3,26,43,18,30,8,9,4,1,12,32,14,15,63,17,10,19,20,41,22,23,24,34,5,27,28,56,21,31,29,33,16,35,36,37,38,39,40,49,42,7,44,45,46,47,48,53,50,51,52,2,54,55,6,57,58,59,60,61,62,13,64,65,66,67,68,69,70,71,72,73,74,75,76,77,78,79,80,81,82,83,84,85,86,87,88,89,90,91,92,93,94,95,96,97,98,99,100,101,102,103,104,105,106,107,108,109,110,111,112,113,114,115,116,117,118,119,120,121,122,123,124,125,126,127,128,129,130,131,132,133,134,135,136,137,138,139,140,141,142,143,144,145,146,147,148,149,150,151,152,153,154,155,156,157,158,159,160,161,162,163,164,165,166,167,168,169,170,171,172,173,174,175,176,177,178,179,180,181,182,183,184,185,186,187,188,189,190,191,192,193,194,195,196,197,198,199];False
9246;9290;18536;[50,0,11,3,26,43,18,30,8,9,4,1,12,32,14,15,63,17,10,19,20,41,22,23,24,25,5,27,28,56,21,31,29,33,16,35,36,37,38,39,40,49,42,7,44,45,46,47,48,53,34,51,52,2,54,55,6,57,58,59,60,61,62,13,64,65,66,67,68,69,70,71,72,73,74,75,76,77,78,79,80,81,82,83,84,85,86,87,88,89,90,91,92,93,94,95,96,97,98,99,100,101,102,103,104,105,106,107,108,109,110,111,112,113,114,115,116,117,118,119,120,121,122,123,124,125,126,127,128,129,130,131,132,133,134,135,136,137,138,139,140,141,142,143,144,145,146,147,148,149,150,151,152,153,154,155,156,157,158,159,160,161,162,163,164,165,166,167,168,169,170,171,172,173,174,175,176,177,178,179,180,181,182,183,184,185,186,187,188,189,190,191,192,193,194,195,196,197,198,199];False
9240;9295;18535;[51,0,11,3,26,43,18,30,8,9,4,1,12,32,14,15,63,17,10,19,20,41,22,23,24,25,5,27,28,56,21,31,29,33,16,35,36,37,38,39,40,49,42,7,44,45,46,47,48,53,50,34,52,2,54,55,6,57,58,59,60,61,62,13,64,65,66,67,68,69,70,71,72,73,74,75,76,77,78,79,80,81,82,83,84,85,86,87,88,89,90,91,92,93,94,95,96,97,98,99,100,101,102,103,104,105,106,107,108,109,110,111,112,113,114,115,116,117,118,119,120,121,122,123,124,125,126,127,128,129,130,131,132,133,134,135,136,137,138,139,140,141,142,143,144,145,146,147,148,149,150,151,152,153,154,155,156,157,158,159,160,161,162,163,164,165,166,167,168,169,170,171,172,173,174,175,176,177,178,179,180,181,182,183,184,185,186,187,188,189,190,191,192,193,194,195,196,197,198,199];False
9264;9283;18547;[66,0,11,3,26,43,18,30,8,9,4,1,12,32,14,15,63,17,10,19,20,41,22,23,24,25,5,27,28,56,21,31,29,33,16,35,36,37,38,39,40,49,42,7,44,45,46,47,48,53,50,51,52,2,54,55,6,57,58,59,60,61,62,13,64,65,34,67,68,69,70,71,72,73,74,75,76,77,78,79,80,81,82,83,84,85,86,87,88,89,90,91,92,93,94,95,96,97,98,99,100,101,102,103,104,105,106,107,108,109,110,111,112,113,114,115,116,117,118,119,120,121,122,123,124,125,126,127,128,129,130,131,132,133,134,135,136,137,138,139,140,141,142,143,144,145,146,147,148,149,150,151,152,153,154,155,156,157,158,159,160,161,162,163,164,165,166,167,168,169,170,171,172,173,174,175,176,177,178,179,180,181,182,183,184,185,186,187,188,189,190,191,192,193,194,195,196,197,198,199];False
9194;9290;18484;[69,0,11,3,26,43,18,30,8,9,4,1,12,32,14,15,63,17,10,19,20,41,22,23,24,25,5,27,28,56,21,31,29,33,16,35,36,37,38,39,40,49,42,7,44,45,46,47,48,53,50,51,52,2,54,55,6,57,58,59,60,61,62,13,64,65,66,67,68,34,70,71,72,73,74,75,76,77,78,79,80,81,82,83,84,85,86,87,88,89,90,91,92,93,94,95,96,97,98,99,100,101,102,103,104,105,106,107,108,109,110,111,112,113,114,115,116,117,118,119,120,121,122,123,124,125,126,127,128,129,130,131,132,133,134,135,136,137,138,139,140,141,142,143,144,145,146,147,148,149,150,151,152,153,154,155,156,157,158,159,160,161,162,163,164,165,166,167,168,169,170,171,172,173,174,175,176,177,178,179,180,181,182,183,184,185,186,187,188,189,190,191,192,193,194,195,196,197,198,199];False
9198;9276;18474;[90,0,11,3,26,43,18,30,8,9,4,1,12,32,14,15,63,17,10,19,20,41,22,23,24,25,5,27,28,56,21,31,29,33,16,35,36,37,38,39,40,49,42,7,44,45,46,47,48,53,50,51,52,2,54,55,6,57,58,59,60,61,62,13,64,65,66,67,68,69,70,71,72,73,74,75,76,77,78,79,80,81,82,83,84,85,86,87,88,89,34,91,92,93,94,95,96,97,98,99,100,101,102,103,104,105,106,107,108,109,110,111,112,113,114,115,116,117,118,119,120,121,122,123,124,125,126,127,128,129,130,131,132,133,134,135,136,137,138,139,140,141,142,143,144,145,146,147,148,149,150,151,152,153,154,155,156,157,158,159,160,161,162,163,164,165,166,167,168,169,170,171,172,173,174,175,176,177,178,179,180,181,182,183,184,185,186,187,188,189,190,191,192,193,194,195,196,197,198,199];False
8760;9442;18202;[10,0,11,3,26,43,18,30,8,9,4,1,12,32,14,15,16,60,46,19,20,41,22,23,24,25,5,27,28,56,21,31,29,33,17,35,36,37,38,39,40,49,42,7,44,45,67,47,48,13,50,51,52,53,54,55,6,57,58,59,2,61,62,63,64,65,66,34,68,69,70,71,72,73,74,75,76,77,78,79,80,81,82,83,84,85,86,87,88,89,90,91,92,93,94,95,96,97,98,99,100,101,102,103,104,105,106,107,108,109,110,111,112,113,114,115,116,117,118,119,120,121,122,123,124,125,126,127,128,129,130,131,132,133,134,135,136,137,138,139,140,141,142,143,144,145,146,147,148,149,150,151,152,153,154,155,156,157,158,159,160,161,162,163,164,165,166,167,168,169,170,171,172,173,174,175,176,177,178,179,180,181,182,183,184,185,186,187,188,189,190,191,192,193,194,195,196,197,198,199];False
8753;9438;18191;[20,0,11,3,26,43,18,30,8,9,4,1,12,32,14,15,16,60,10,19,46,41,22,23,24,25,5,27,28,56,21,31,29,33,17,35,36,37,38,39,40,49,42,7,44,45,67,47,48,13,50,51,52,53,54,55,6,57,58,59,2,61,62,63,64,65,66,34,68,69,70,71,72,73,74,75,76,77,78,79,80,81,82,83,84,85,86,87,88,89,90,91,92,93,94,95,96,97,98,99,100,101,102,103,104,105,106,107,108,109,110,111,112,113,114,115,116,117,118,119,120,121,122,123,124,125,126,127,128,129,130,131,132,133,134,135,136,137,138,139,140,141,142,143,144,145,146,147,148,149,150,151,152,153,154,155,156,157,158,159,160,161,162,163,164,165,166,167,168,169,170,171,172,173,174,175,176,177,178,179,180,181,182,183,184,185,186,187,188,189,190,191,192,193,194,195,196,197,198,199];False
8721;9455;18176;[5,0,11,3,26,43,18,30,8,9,4,1,12,32,14,15,16,60,10,19,20,41,22,23,24,25,46,27,28,56,21,31,29,33,17,35,36,37,38,39,40,49,42,7,44,45,67,47,48,13,50,51,52,53,54,55,6,57,58,59,2,61,62,63,64,65,66,34,68,69,70,71,72,73,74,75,76,77,78,79,80,81,82,83,84,85,86,87,88,89,90,91,92,93,94,95,96,97,98,99,100,101,102,103,104,105,106,107,108,109,110,111,112,113,114,115,116,117,118,119,120,121,122,123,124,125,126,127,128,129,130,131,132,133,134,135,136,137,138,139,140,141,142,143,144,145,146,147,148,149,150,151,152,153,154,155,156,157,158,159,160,161,162,163,164,165,166,167,168,169,170,171,172,173,174,175,176,177,178,179,180,181,182,183,184,185,186,187,188,189,190,191,192,193,194,195,196,197,198,199];False
8745;9450;18195;[10,0,11,3,26,43,18,30,8,9,4,1,12,32,14,15,16,60,63,19,20,41,22,23,24,25,5,27,28,56,21,31,29,33,17,35,36,37,38,39,40,49,42,7,44,45,46,47,48,13,50,51,52,53,54,55,6,57,58,59,2,61,62,67,64,65,66,34,68,69,70,71,72,73,74,75,76,77,78,79,80,81,82,83,84,85,86,87,88,89,90,91,92,93,94,95,96,97,98,99,100,101,102,103,104,105,106,107,108,109,110,111,112,113,114,115,116,117,118,119,120,121,122,123,124,125,126,127,128,129,130,131,132,133,134,135,136,137,138,139,140,141,142,143,144,145,146,147,148,149,150,151,152,153,154,155,156,157,158,159,160,161,162,163,164,165,166,167,168,169,170,171,172,173,174,175,176,177,178,179,180,181,182,183,184,185,186,187,188,189,190,191,192,193,194,195,196,197,198,199];False
8664;9435;18099;[21,0,11,3,26,43,18,30,8,9,4,1,12,32,14,15,16,60,10,19,20,41,22,23,24,25,5,27,28,56,63,31,29,33,17,35,36,37,38,39,40,49,42,7,44,45,46,47,48,13,50,51,52,53,54,55,6,57,58,59,2,61,62,67,64,65,66,34,68,69,70,71,72,73,74,75,76,77,78,79,80,81,82,83,84,85,86,87,88,89,90,91,92,93,94,95,96,97,98,99,100,101,102,103,104,105,106,107,108,109,110,111,112,113,114,115,116,117,118,119,120,121,122,123,124,125,126,127,128,129,130,131,132,133,134,135,136,137,138,139,140,141,142,143,144,145,146,147,148,149,150,151,152,153,154,155,156,157,158,159,160,161,162,163,164,165,166,167,168,169,170,171,172,173,174,175,176,177,178,179,180,181,182,183,184,185,186,187,188,189,190,191,192,193,194,195,196,197,198,199];False
8762;9372;18134;[13,0,11,3,26,43,18,30,8,9,4,1,12,32,14,15,16,60,10,19,20,41,22,23,24,25,5,27,28,56,21,31,29,33,17,35,36,37,38,39,40,49,42,7,44,45,46,47,48,63,50,51,52,53,54,55,6,57,58,59,2,61,62,67,64,65,66,34,68,69,70,71,72,73,74,75,76,77,78,79,80,81,82,83,84,85,86,87,88,89,90,91,92,93,94,95,96,97,98,99,100,101,102,103,104,105,106,107,108,109,110,111,112,113,114,115,116,117,118,119,120,121,122,123,124,125,126,127,128,129,130,131,132,133,134,135,136,137,138,139,140,141,142,143,144,145,146,147,148,149,150,151,152,153,154,155,156,157,158,159,160,161,162,163,164,165,166,167,168,169,170,171,172,173,174,175,176,177,178,179,180,181,182,183,184,185,186,187,188,189,190,191,192,193,194,195,196,197,198,199];False
8888;9315;18203;[17,0,11,3,26,43,18,30,8,9,4,1,12,32,14,15,16,13,10,19,20,41,22,23,24,25,5,27,28,56,63,31,29,33,34,35,36,37,38,39,40,49,42,7,44,45,60,47,48,21,50,51,52,53,54,55,6,57,58,59,2,61,62,46,64,65,66,67,68,69,70,71,72,73,74,75,76,77,78,79,80,81,82,83,84,85,86,87,88,89,90,91,92,93,94,95,96,97,98,99,100,101,102,103,104,105,106,107,108,109,110,111,112,113,114,115,116,117,118,119,120,121,122,123,124,125,126,127,128,129,130,131,132,133,134,135,136,137,138,139,140,141,142,143,144,145,146,147,148,149,150,151,152,153,154,155,156,157,158,159,160,161,162,163,164,165,166,167,168,169,170,171,172,173,174,175,176,177,178,179,180,181,182,183,184,185,186,187,188,189,190,191,192,193,194,195,196,197,198,199];False
9027;9299;18326;[19,0,11,3,26,43,18,30,8,9,4,1,12,32,14,15,16,17,10,13,20,41,22,23,24,25,5,27,28,56,63,31,29,33,34,35,36,37,38,39,40,49,42,7,44,45,60,47,48,21,50,51,52,53,54,55,6,57,58,59,2,61,62,46,64,65,66,67,68,69,70,71,72,73,74,75,76,77,78,79,80,81,82,83,84,85,86,87,88,89,90,91,92,93,94,95,96,97,98,99,100,101,102,103,104,105,106,107,108,109,110,111,112,113,114,115,116,117,118,119,120,121,122,123,124,125,126,127,128,129,130,131,132,133,134,135,136,137,138,139,140,141,142,143,144,145,146,147,148,149,150,151,152,153,154,155,156,157,158,159,160,161,162,163,164,165,166,167,168,169,170,171,172,173,174,175,176,177,178,179,180,181,182,183,184,185,186,187,188,189,190,191,192,193,194,195,196,197,198,199];False
9009;9286;18295;[20,0,11,3,26,43,18,30,8,9,4,1,12,32,14,15,16,17,10,19,13,41,22,23,24,25,5,27,28,56,63,31,29,33,34,35,36,37,38,39,40,49,42,7,44,45,60,47,48,21,50,51,52,53,54,55,6,57,58,59,2,61,62,46,64,65,66,67,68,69,70,71,72,73,74,75,76,77,78,79,80,81,82,83,84,85,86,87,88,89,90,91,92,93,94,95,96,97,98,99,100,101,102,103,104,105,106,107,108,109,110,111,112,113,114,115,116,117,118,119,120,121,122,123,124,125,126,127,128,129,130,131,132,133,134,135,136,137,138,139,140,141,142,143,144,145,146,147,148,149,150,151,152,153,154,155,156,157,158,159,160,161,162,163,164,165,166,167,168,169,170,171,172,173,174,175,176,177,178,179,180,181,182,183,184,185,186,187,188,189,190,191,192,193,194,195,196,197,198,199];False
8937;9300;18237;[34,0,11,3,26,43,18,30,8,9,4,1,12,32,14,15,16,17,10,19,20,41,22,23,24,25,5,27,28,56,63,31,29,33,13,35,36,37,38,39,40,49,42,7,44,45,60,47,48,21,50,51,52,53,54,55,6,57,58,59,2,61,62,46,64,65,66,67,68,69,70,71,72,73,74,75,76,77,78,79,80,81,82,83,84,85,86,87,88,89,90,91,92,93,94,95,96,97,98,99,100,101,102,103,104,105,106,107,108,109,110,111,112,113,114,115,116,117,118,119,120,121,122,123,124,125,126,127,128,129,130,131,132,133,134,135,136,137,138,139,140,141,142,143,144,145,146,147,148,149,150,151,152,153,154,155,156,157,158,159,160,161,162,163,164,165,166,167,168,169,170,171,172,173,174,175,176,177,178,179,180,181,182,183,184,185,186,187,188,189,190,191,192,193,194,195,196,197,198,199];False
8955;9283;18238;[53,0,11,3,26,43,18,30,8,9,4,1,12,32,14,15,16,17,10,19,20,41,22,23,24,25,5,27,28,56,63,31,29,33,34,35,36,37,38,39,40,49,42,7,44,45,60,47,48,21,50,51,52,13,54,55,6,57,58,59,2,61,62,46,64,65,66,67,68,69,70,71,72,73,74,75,76,77,78,79,80,81,82,83,84,85,86,87,88,89,90,91,92,93,94,95,96,97,98,99,100,101,102,103,104,105,106,107,108,109,110,111,112,113,114,115,116,117,118,119,120,121,122,123,124,125,126,127,128,129,130,131,132,133,134,135,136,137,138,139,140,141,142,143,144,145,146,147,148,149,150,151,152,153,154,155,156,157,158,159,160,161,162,163,164,165,166,167,168,169,170,171,172,173,174,175,176,177,178,179,180,181,182,183,184,185,186,187,188,189,190,191,192,193,194,195,196,197,198,199];False
8920;9295;18215;[6,0,11,3,26,43,18,30,8,9,4,1,12,32,14,15,16,17,10,19,20,41,22,23,24,25,5,27,28,56,63,31,29,33,34,35,36,37,38,39,40,49,42,7,44,45,60,47,48,21,50,51,52,53,54,55,13,57,58,59,2,61,62,46,64,65,66,67,68,69,70,71,72,73,74,75,76,77,78,79,80,81,82,83,84,85,86,87,88,89,90,91,92,93,94,95,96,97,98,99,100,101,102,103,104,105,106,107,108,109,110,111,112,113,114,115,116,117,118,119,120,121,122,123,124,125,126,127,128,129,130,131,132,133,134,135,136,137,138,139,140,141,142,143,144,145,146,147,148,149,150,151,152,153,154,155,156,157,158,159,160,161,162,163,164,165,166,167,168,169,170,171,172,173,174,175,176,177,178,179,180,181,182,183,184,185,186,187,188,189,190,191,192,193,194,195,196,197,198,199];False
8857;9356;18213;[2,0,11,3,26,43,18,30,8,9,4,1,12,32,14,15,16,17,10,19,20,41,22,23,24,25,5,27,28,56,63,31,29,33,34,35,36,37,38,39,40,49,42,7,44,45,60,47,48,21,50,51,52,53,54,55,6,57,58,59,13,61,62,46,64,65,66,67,68,69,70,71,72,73,74,75,76,77,78,79,80,81,82,83,84,85,86,87,88,89,90,91,92,93,94,95,96,97,98,99,100,101,102,103,104,105,106,107,108,109,110,111,112,113,114,115,116,117,118,119,120,121,122,123,124,125,126,127,128,129,130,131,132,133,134,135,136,137,138,139,140,141,142,143,144,145,146,147,148,149,150,151,152,153,154,155,156,157,158,159,160,161,162,163,164,165,166,167,168,169,170,171,172,173,174,175,176,177,178,179,180,181,182,183,184,185,186,187,188,189,190,191,192,193,194,195,196,197,198,199];False
8863;9314;18177;[65,0,11,3,26,43,18,30,8,9,4,1,12,32,14,15,16,17,10,19,20,41,22,23,24,25,5,27,28,56,63,31,29,33,34,35,36,37,38,39,40,49,42,7,44,45,60,47,48,21,50,51,52,53,54,55,6,57,58,59,2,61,62,46,64,13,66,67,68,69,70,71,72,73,74,75,76,77,78,79,80,81,82,83,84,85,86,87,88,89,90,91,92,93,94,95,96,97,98,99,100,101,102,103,104,105,106,107,108,109,110,111,112,113,114,115,116,117,118,119,120,121,122,123,124,125,126,127,128,129,130,131,132,133,134,135,136,137,138,139,140,141,142,143,144,145,146,147,148,149,150,151,152,153,154,155,156,157,158,159,160,161,162,163,164,165,166,167,168,169,170,171,172,173,174,175,176,177,178,179,180,181,182,183,184,185,186,187,188,189,190,191,192,193,194,195,196,197,198,199];False
8819;9302;18121;[66,0,11,3,26,43,18,30,8,9,4,1,12,32,14,15,16,17,10,19,20,41,22,23,24,25,5,27,28,56,63,31,29,33,34,35,36,37,38,39,40,49,42,7,44,45,60,47,48,21,50,51,52,53,54,55,6,57,58,59,2,61,62,46,64,65,13,67,68,69,70,71,72,73,74,75,76,77,78,79,80,81,82,83,84,85,86,87,88,89,90,91,92,93,94,95,96,97,98,99,100,101,102,103,104,105,106,107,108,109,110,111,112,113,114,115,116,117,118,119,120,121,122,123,124,125,126,127,128,129,130,131,132,133,134,135,136,137,138,139,140,141,142,143,144,145,146,147,148,149,150,151,152,153,154,155,156,157,158,159,160,161,162,163,164,165,166,167,168,169,170,171,172,173,174,175,176,177,178,179,180,181,182,183,184,185,186,187,188,189,190,191,192,193,194,195,196,197,198,199];False
9465;9250;18715;[17,0,11,52,1,5,30,2,32,9,41,49,12,18,7,15,29,8,16,14,3,6,22,23,24,25,26,27,28,56,21,31,19,33,20,35,36,37,38,39,40,10,42,43,44,45,46,47,48,4,50,51,34,53,54,55,13,57,58,59,60,61,62,63,64,65,66,67,68,69,70,71,72,73,74,75,76,77,78,79,80,81,82,83,84,85,86,87,88,89,90,91,92,93,94,95,96,97,98,99,100,101,102,103,104,105,106,107,108,109,110,111,112,113,114,115,116,117,118,119,120,121,122,123,124,125,126,127,128,129,130,131,132,133,134,135,136,137,138,139,140,141,142,143,144,145,146,147,148,149,150,151,152,153,154,155,156,157,158,159,160,161,162,163,164,165,166,167,168,169,170,171,172,173,174,175,176,177,178,179,180,181,182,183,184,185,186,187,188,189,190,191,192,193,194,195,196,197,198,199];False
9603;9241;18844;[16,0,11,52,1,5,30,2,32,9,41,49,12,18,7,15,29,17,8,14,3,6,22,23,24,25,26,27,28,56,21,31,19,33,20,35,36,37,38,39,40,10,42,43,44,45,46,47,48,4,50,51,34,53,54,55,13,57,58,59,60,61,62,63,64,65,66,67,68,69,70,71,72,73,74,75,76,77,78,79,80,81,82,83,84,85,86,87,88,89,90,91,92,93,94,95,96,97,98,99,100,101,102,103,104,105,106,107,108,109,110,111,112,113,114,115,116,117,118,119,120,121,122,123,124,125,126,127,128,129,130,131,132,133,134,135,136,137,138,139,140,141,142,143,144,145,146,147,148,149,150,151,152,153,154,155,156,157,158,159,160,161,162,163,164,165,166,167,168,169,170,171,172,173,174,175,176,177,178,179,180,181,182,183,184,185,186,187,188,189,190,191,192,193,194,195,196,197,198,199];False
9591;9239;18830;[23,0,11,52,1,5,30,2,32,9,41,49,12,18,7,15,29,17,16,14,3,6,22,8,24,25,26,27,28,56,21,31,19,33,20,35,36,37,38,39,40,10,42,43,44,45,46,47,48,4,50,51,34,53,54,55,13,57,58,59,60,61,62,63,64,65,66,67,68,69,70,71,72,73,74,75,76,77,78,79,80,81,82,83,84,85,86,87,88,89,90,91,92,93,94,95,96,97,98,99,100,101,102,103,104,105,106,107,108,109,110,111,112,113,114,115,116,117,118,119,120,121,122,123,124,125,126,127,128,129,130,131,132,133,134,135,136,137,138,139,140,141,142,143,144,145,146,147,148,149,150,151,152,153,154,155,156,157,158,159,160,161,162,163,164,165,166,167,168,169,170,171,172,173,174,175,176,177,178,179,180,181,182,183,184,185,186,187,188,189,190,191,192,193,194,195,196,197,198,199];False
9609;9232;18841;[28,0,11,52,1,5,30,2,32,9,41,49,12,18,7,15,29,17,16,14,3,6,22,23,24,25,26,27,8,56,21,31,19,33,20,35,36,37,38,39,40,10,42,43,44,45,46,47,48,4,50,51,34,53,54,55,13,57,58,59,60,61,62,63,64,65,66,67,68,69,70,71,72,73,74,75,76,77,78,79,80,81,82,83,84,85,86,87,88,89,90,91,92,93,94,95,96,97,98,99,100,101,102,103,104,105,106,107,108,109,110,111,112,113,114,115,116,117,118,119,120,121,122,123,124,125,126,127,128,129,130,131,132,133,134,135,136,137,138,139,140,141,142,143,144,145,146,147,148,149,150,151,152,153,154,155,156,157,158,159,160,161,162,163,164,165,166,167,168,169,170,171,172,173,174,175,176,177,178,179,180,181,182,183,184,185,186,187,188,189,190,191,192,193,194,195,196,197,198,199];False
9427;9234;18661;[8,43,11,52,1,5,30,2,0,9,41,49,12,18,7,15,29,17,16,14,3,6,22,23,24,25,26,27,28,56,21,31,19,33,32,35,36,37,38,39,40,10,42,20,44,45,46,47,48,4,50,51,34,53,54,55,13,57,58,59,60,61,62,63,64,65,66,67,68,69,70,71,72,73,74,75,76,77,78,79,80,81,82,83,84,85,86,87,88,89,90,91,92,93,94,95,96,97,98,99,100,101,102,103,104,105,106,107,108,109,110,111,112,113,114,115,116,117,118,119,120,121,122,123,124,125,126,127,128,129,130,131,132,133,134,135,136,137,138,139,140,141,142,143,144,145,146,147,148,149,150,151,152,153,154,155,156,157,158,159,160,161,162,163,164,165,166,167,168,169,170,171,172,173,174,175,176,177,178,179,180,181,182,183,184,185,186,187,188,189,190,191,192,193,194,195,196,197,198,199];False
9379;9268;18647;[10,0,11,3,26,43,18,30,8,9,4,1,12,32,14,15,63,17,20,16,19,41,22,23,24,25,5,27,28,56,21,31,29,33,34,35,36,37,38,39,40,49,42,7,44,45,46,47,48,53,50,51,52,2,54,55,6,57,58,59,60,61,62,13,64,65,66,67,68,69,70,71,72,73,74,75,76,77,78,79,80,81,82,83,84,85,86,87,88,89,90,91,92,93,94,95,96,97,98,99,100,101,102,103,104,105,106,107,108,109,110,111,112,113,114,115,116,117,118,119,120,121,122,123,124,125,126,127,128,129,130,131,132,133,134,135,136,137,138,139,140,141,142,143,144,145,146,147,148,149,150,151,152,153,154,155,156,157,158,159,160,161,162,163,164,165,166,167,168,169,170,171,172,173,174,175,176,177,178,179,180,181,182,183,184,185,186,187,188,189,190,191,192,193,194,195,196,197,198,199];False
9384;9266;18650;[16,0,11,3,26,43,18,30,8,9,4,1,12,32,14,15,63,17,10,20,19,41,22,23,24,25,5,27,28,56,21,31,29,33,34,35,36,37,38,39,40,49,42,7,44,45,46,47,48,53,50,51,52,2,54,55,6,57,58,59,60,61,62,13,64,65,66,67,68,69,70,71,72,73,74,75,76,77,78,79,80,81,82,83,84,85,86,87,88,89,90,91,92,93,94,95,96,97,98,99,100,101,102,103,104,105,106,107,108,109,110,111,112,113,114,115,116,117,118,119,120,121,122,123,124,125,126,127,128,129,130,131,132,133,134,135,136,137,138,139,140,141,142,143,144,145,146,147,148,149,150,151,152,153,154,155,156,157,158,159,160,161,162,163,164,165,166,167,168,169,170,171,172,173,174,175,176,177,178,179,180,181,182,183,184,185,186,187,188,189,190,191,192,193,194,195,196,197,198,199];False
9285;9259;18544;[34,0,11,3,26,43,18,30,8,9,4,1,12,32,14,15,63,17,10,16,19,41,22,23,24,25,5,27,28,56,21,31,29,33,20,35,36,37,38,39,40,49,42,7,44,45,46,47,48,53,50,51,52,2,54,55,6,57,58,59,60,61,62,13,64,65,66,67,68,69,70,71,72,73,74,75,76,77,78,79,80,81,82,83,84,85,86,87,88,89,90,91,92,93,94,95,96,97,98,99,100,101,102,103,104,105,106,107,108,109,110,111,112,113,114,115,116,117,118,119,120,121,122,123,124,125,126,127,128,129,130,131,132,133,134,135,136,137,138,139,140,141,142,143,144,145,146,147,148,149,150,151,152,153,154,155,156,157,158,159,160,161,162,163,164,165,166,167,168,169,170,171,172,173,174,175,176,177,178,179,180,181,182,183,184,185,186,187,188,189,190,191,192,193,194,195,196,197,198,199];False
9192;9265;18457;[20,0,11,3,26,43,18,30,8,9,4,1,12,32,14,15,63,17,10,19,90,41,22,23,24,25,5,27,28,56,21,31,29,33,16,35,36,37,38,39,40,49,42,7,44,45,46,47,48,53,50,51,52,2,54,55,6,57,58,59,60,61,62,13,64,65,66,67,68,69,70,71,72,73,74,75,76,77,78,79,80,81,82,83,84,85,86,87,88,89,34,91,92,93,94,95,96,97,98,99,100,101,102,103,104,105,106,107,108,109,110,111,112,113,114,115,116,117,118,119,120,121,122,123,124,125,126,127,128,129,130,131,132,133,134,135,136,137,138,139,140,141,142,143,144,145,146,147,148,149,150,151,152,153,154,155,156,157,158,159,160,161,162,163,164,165,166,167,168,169,170,171,172,173,174,175,176,177,178,179,180,181,182,183,184,185,186,187,188,189,190,191,192,193,194,195,196,197,198,199];False
8695;9429;18124;[20,0,11,3,26,43,18,30,8,9,4,1,12,32,14,15,16,60,10,19,21,41,22,23,24,25,5,27,28,56,63,31,29,33,17,35,36,37,38,39,40,49,42,7,44,45,46,47,48,13,50,51,52,53,54,55,6,57,58,59,2,61,62,67,64,65,66,34,68,69,70,71,72,73,74,75,76,77,78,79,80,81,82,83,84,85,86,87,88,89,90,91,92,93,94,95,96,97,98,99,100,101,102,103,104,105,106,107,108,109,110,111,112,113,114,115,116,117,118,119,120,121,122,123,124,125,126,127,128,129,130,131,132,133,134,135,136,137,138,139,140,141,142,143,144,145,146,147,148,149,150,151,152,153,154,155,156,157,158,159,160,161,162,163,164,165,166,167,168,169,170,171,172,173,174,175,176,177,178,179,180,181,182,183,184,185,186,187,188,189,190,191,192,193,194,195,196,197,198,199];False
8655;9459;18114;[46,0,11,3,26,43,18,30,8,9,4,1,12,32,14,15,16,60,10,19,20,41,22,23,24,25,5,27,28,56,63,31,29,33,17,35,36,37,38,39,40,49,42,7,44,45,21,47,48,13,50,51,52,53,54,55,6,57,58,59,2,61,62,67,64,65,66,34,68,69,70,71,72,73,74,75,76,77,78,79,80,81,82,83,84,85,86,87,88,89,90,91,92,93,94,95,96,97,98,99,100,101,102,103,104,105,106,107,108,109,110,111,112,113,114,115,116,117,118,119,120,121,122,123,124,125,126,127,128,129,130,131,132,133,134,135,136,137,138,139,140,141,142,143,144,145,146,147,148,149,150,151,152,153,154,155,156,157,158,159,160,161,162,163,164,165,166,167,168,169,170,171,172,173,174,175,176,177,178,179,180,181,182,183,184,185,186,187,188,189,190,191,192,193,194,195,196,197,198,199];False
8704;9373;18077;[13,0,11,3,26,43,18,30,8,9,4,1,12,32,14,15,16,60,10,19,20,41,22,23,24,25,5,27,28,56,63,31,29,33,17,35,36,37,38,39,40,49,42,7,44,45,46,47,48,21,50,51,52,53,54,55,6,57,58,59,2,61,62,67,64,65,66,34,68,69,70,71,72,73,74,75,76,77,78,79,80,81,82,83,84,85,86,87,88,89,90,91,92,93,94,95,96,97,98,99,100,101,102,103,104,105,106,107,108,109,110,111,112,113,114,115,116,117,118,119,120,121,122,123,124,125,126,127,128,129,130,131,132,133,134,135,136,137,138,139,140,141,142,143,144,145,146,147,148,149,150,151,152,153,154,155,156,157,158,159,160,161,162,163,164,165,166,167,168,169,170,171,172,173,174,175,176,177,178,179,180,181,182,183,184,185,186,187,188,189,190,191,192,193,194,195,196,197,198,199];False
8616;9437;18053;[51,0,11,3,26,43,18,30,8,9,4,1,12,32,14,15,16,60,10,19,20,41,22,23,24,25,5,27,28,56,63,31,29,33,17,35,36,37,38,39,40,49,42,7,44,45,46,47,48,13,50,21,52,53,54,55,6,57,58,59,2,61,62,67,64,65,66,34,68,69,70,71,72,73,74,75,76,77,78,79,80,81,82,83,84,85,86,87,88,89,90,91,92,93,94,95,96,97,98,99,100,101,102,103,104,105,106,107,108,109,110,111,112,113,114,115,116,117,118,119,120,121,122,123,124,125,126,127,128,129,130,131,132,133,134,135,136,137,138,139,140,141,142,143,144,145,146,147,148,149,150,151,152,153,154,155,156,157,158,159,160,161,162,163,164,165,166,167,168,169,170,171,172,173,174,175,176,177,178,179,180,181,182,183,184,185,186,187,188,189,190,191,192,193,194,195,196,197,198,199];False
8692;9413;18105;[66,0,11,3,26,43,18,30,8,9,4,1,12,32,14,15,16,60,10,19,20,41,22,23,24,25,5,27,28,56,63,31,29,33,17,35,36,37,38,39,40,49,42,7,44,45,46,47,48,13,50,51,52,53,54,55,6,57,58,59,2,61,62,67,64,65,21,34,68,69,70,71,72,73,74,75,76,77,78,79,80,81,82,83,84,85,86,87,88,89,90,91,92,93,94,95,96,97,98,99,100,101,102,103,104,105,106,107,108,109,110,111,112,113,114,115,116,117,118,119,120,121,122,123,124,125,126,127,128,129,130,131,132,133,134,135,136,137,138,139,140,141,142,143,144,145,146,147,148,149,150,151,152,153,154,155,156,157,158,159,160,161,162,163,164,165,166,167,168,169,170,171,172,173,174,175,176,177,178,179,180,181,182,183,184,185,186,187,188,189,190,191,192,193,194,195,196,197,198,199];False
8668;9421;18089;[69,0,11,3,26,43,18,30,8,9,4,1,12,32,14,15,16,60,10,19,20,41,22,23,24,25,5,27,28,56,63,31,29,33,17,35,36,37,38,39,40,49,42,7,44,45,46,47,48,13,50,51,52,53,54,55,6,57,58,59,2,61,62,67,64,65,66,34,68,21,70,71,72,73,74,75,76,77,78,79,80,81,82,83,84,85,86,87,88,89,90,91,92,93,94,95,96,97,98,99,100,101,102,103,104,105,106,107,108,109,110,111,112,113,114,115,116,117,118,119,120,121,122,123,124,125,126,127,128,129,130,131,132,133,134,135,136,137,138,139,140,141,142,143,144,145,146,147,148,149,150,151,152,153,154,155,156,157,158,159,160,161,162,163,164,165,166,167,168,169,170,171,172,173,174,175,176,177,178,179,180,181,182,183,184,185,186,187,188,189,190,191,192,193,194,195,196,197,198,199];False
8619;9414;18033;[72,0,11,3,26,43,18,30,8,9,4,1,12,32,14,15,16,60,10,19,20,41,22,23,24,25,5,27,28,56,63,31,29,33,17,35,36,37,38,39,40,49,42,7,44,45,46,47,48,13,50,51,52,53,54,55,6,57,58,59,2,61,62,67,64,65,66,34,68,69,70,71,21,73,74,75,76,77,78,79,80,81,82,83,84,85,86,87,88,89,90,91,92,93,94,95,96,97,98,99,100,101,102,103,104,105,106,107,108,109,110,111,112,113,114,115,116,117,118,119,120,121,122,123,124,125,126,127,128,129,130,131,132,133,134,135,136,137,138,139,140,141,142,143,144,145,146,147,148,149,150,151,152,153,154,155,156,157,158,159,160,161,162,163,164,165,166,167,168,169,170,171,172,173,174,175,176,177,178,179,180,181,182,183,184,185,186,187,188,189,190,191,192,193,194,195,196,197,198,199];False
8806;9362;18168;[60,0,11,3,26,43,18,30,8,9,4,1,12,32,14,15,16,13,10,19,20,41,22,23,24,25,5,27,28,56,21,31,29,33,17,35,36,37,38,39,40,49,42,7,44,45,46,47,48,63,50,51,52,53,54,55,6,57,58,59,2,61,62,67,64,65,66,34,68,69,70,71,72,73,74,75,76,77,78,79,80,81,82,83,84,85,86,87,88,89,90,91,92,93,94,95,96,97,98,99,100,101,102,103,104,105,106,107,108,109,110,111,112,113,114,115,116,117,118,119,120,121,122,123,124,125,126,127,128,129,130,131,132,133,134,135,136,137,138,139,140,141,142,143,144,145,146,147,148,149,150,151,152,153,154,155,156,157,158,159,160,161,162,163,164,165,166,167,168,169,170,171,172,173,174,175,176,177,178,179,180,181,182,183,184,185,186,187,188,189,190,191,192,193,194,195,196,197,198,199];False
8810;9351;18161;[53,0,11,3,26,43,18,30,8,9,4,1,12,32,14,15,16,60,10,19,20,41,22,23,24,25,5,27,28,56,21,31,29,33,17,35,36,37,38,39,40,49,42,7,44,45,46,47,48,63,50,51,52,13,54,55,6,57,58,59,2,61,62,67,64,65,66,34,68,69,70,71,72,73,74,75,76,77,78,79,80,81,82,83,84,85,86,87,88,89,90,91,92,93,94,95,96,97,98,99,100,101,102,103,104,105,106,107,108,109,110,111,112,113,114,115,116,117,118,119,120,121,122,123,124,125,126,127,128,129,130,131,132,133,134,135,136,137,138,139,140,141,142,143,144,145,146,147,148,149,150,151,152,153,154,155,156,157,158,159,160,161,162,163,164,165,166,167,168,169,170,171,172,173,174,175,176,177,178,179,180,181,182,183,184,185,186,187,188,189,190,191,192,193,194,195,196,197,198,199];False
8775;9363;18138;[6,0,11,3,26,43,18,30,8,9,4,1,12,32,14,15,16,60,10,19,20,41,22,23,24,25,5,27,28,56,21,31,29,33,17,35,36,37,38,39,40,49,42,7,44,45,46,47,48,63,50,51,52,53,54,55,13,57,58,59,2,61,62,67,64,65,66,34,68,69,70,71,72,73,74,75,76,77,78,79,80,81,82,83,84,85,86,87,88,89,90,91,92,93,94,95,96,97,98,99,100,101,102,103,104,105,106,107,108,109,110,111,112,113,114,115,116,117,118,119,120,121,122,123,124,125,126,127,128,129,130,131,132,133,134,135,136,137,138,139,140,141,142,143,144,145,146,147,148,149,150,151,152,153,154,155,156,157,158,159,160,161,162,163,164,165,166,167,168,169,170,171,172,173,174,175,176,177,178,179,180,181,182,183,184,185,186,187,188,189,190,191,192,193,194,195,196,197,198,199];False
8666;9390;18056;[64,0,11,3,26,43,18,30,8,9,4,1,12,32,14,15,16,60,10,19,20,41,22,23,24,25,5,27,28,56,21,31,29,33,17,35,36,37,38,39,40,49,42,7,44,45,46,47,48,63,50,51,52,53,54,55,6,57,58,59,2,61,62,67,13,65,66,34,68,69,70,71,72,73,74,75,76,77,78,79,80,81,82,83,84,85,86,87,88,89,90,91,92,93,94,95,96,97,98,99,100,101,102,103,104,105,106,107,108,109,110,111,112,113,114,115,116,117,118,119,120,121,122,123,124,125,126,127,128,129,130,131,132,133,134,135,136,137,138,139,140,141,142,143,144,145,146,147,148,149,150,151,152,153,154,155,156,157,158,159,160,161,162,163,164,165,166,167,168,169,170,171,172,173,174,175,176,177,178,179,180,181,182,183,184,185,186,187,188,189,190,191,192,193,194,195,196,197,198,199];False
8663;9391;18054;[69,0,11,3,26,43,18,30,8,9,4,1,12,32,14,15,16,60,10,19,20,41,22,23,24,25,5,27,28,56,21,31,29,33,17,35,36,37,38,39,40,49,42,7,44,45,46,47,48,63,50,51,52,53,54,55,6,57,58,59,2,61,62,67,64,65,66,34,68,13,70,71,72,73,74,75,76,77,78,79,80,81,82,83,84,85,86,87,88,89,90,91,92,93,94,95,96,97,98,99,100,101,102,103,104,105,106,107,108,109,110,111,112,113,114,115,116,117,118,119,120,121,122,123,124,125,126,127,128,129,130,131,132,133,134,135,136,137,138,139,140,141,142,143,144,145,146,147,148,149,150,151,152,153,154,155,156,157,158,159,160,161,162,163,164,165,166,167,168,169,170,171,172,173,174,175,176,177,178,179,180,181,182,183,184,185,186,187,188,189,190,191,192,193,194,195,196,197,198,199];False
8805;9350;18155;[78,0,11,3,26,43,18,30,8,9,4,1,12,32,14,15,16,60,10,19,20,41,22,23,24,25,5,27,28,56,21,31,29,33,17,35,36,37,38,39,40,49,42,7,44,45,46,47,48,63,50,51,52,53,54,55,6,57,58,59,2,61,62,67,64,65,66,34,68,69,70,71,72,73,74,75,76,77,13,79,80,81,82,83,84,85,86,87,88,89,90,91,92,93,94,95,96,97,98,99,100,101,102,103,104,105,106,107,108,109,110,111,112,113,114,115,116,117,118,119,120,121,122,123,124,125,126,127,128,129,130,131,132,133,134,135,136,137,138,139,140,141,142,143,144,145,146,147,148,149,150,151,152,153,154,155,156,157,158,159,160,161,162,163,164,165,166,167,168,169,170,171,172,173,174,175,176,177,178,179,180,181,182,183,184,185,186,187,188,189,190,191,192,193,194,195,196,197,198,199];False
8736;9354;18090;[90,0,11,3,26,43,18,30,8,9,4,1,12,32,14,15,16,60,10,19,20,41,22,23,24,25,5,27,28,56,21,31,29,33,17,35,36,37,38,39,40,49,42,7,44,45,46,47,48,63,50,51,52,53,54,55,6,57,58,59,2,61,62,67,64,65,66,34,68,69,70,71,72,73,74,75,76,77,78,79,80,81,82,83,84,85,86,87,88,89,13,91,92,93,94,95,96,97,98,99,100,101,102,103,104,105,106,107,108,109,110,111,112,113,114,115,116,117,118,119,120,121,122,123,124,125,126,127,128,129,130,131,132,133,134,135,136,137,138,139,140,141,142,143,144,145,146,147,148,149,150,151,152,153,154,155,156,157,158,159,160,161,162,163,164,165,166,167,168,169,170,171,172,173,174,175,176,177,178,179,180,181,182,183,184,185,186,187,188,189,190,191,192,193,194,195,196,197,198,199];False
8964;9264;18228;[16,0,11,3,26,43,18,30,8,9,4,1,12,32,14,15,53,17,10,19,20,41,22,23,24,25,5,27,28,56,63,31,29,33,34,35,36,37,38,39,40,49,42,7,44,45,60,47,48,21,50,51,52,13,54,55,6,57,58,59,2,61,62,46,64,65,66,67,68,69,70,71,72,73,74,75,76,77,78,79,80,81,82,83,84,85,86,87,88,89,90,91,92,93,94,95,96,97,98,99,100,101,102,103,104,105,106,107,108,109,110,111,112,113,114,115,116,117,118,119,120,121,122,123,124,125,126,127,128,129,130,131,132,133,134,135,136,137,138,139,140,141,142,143,144,145,146,147,148,149,150,151,152,153,154,155,156,157,158,159,160,161,162,163,164,165,166,167,168,169,170,171,172,173,174,175,176,177,178,179,180,181,182,183,184,185,186,187,188,189,190,191,192,193,194,195,196,197,198,199];False
9061;9262;18323;[19,0,11,3,26,43,18,30,8,9,4,1,12,32,14,15,16,17,10,53,20,41,22,23,24,25,5,27,28,56,63,31,29,33,34,35,36,37,38,39,40,49,42,7,44,45,60,47,48,21,50,51,52,13,54,55,6,57,58,59,2,61,62,46,64,65,66,67,68,69,70,71,72,73,74,75,76,77,78,79,80,81,82,83,84,85,86,87,88,89,90,91,92,93,94,95,96,97,98,99,100,101,102,103,104,105,106,107,108,109,110,111,112,113,114,115,116,117,118,119,120,121,122,123,124,125,126,127,128,129,130,131,132,133,134,135,136,137,138,139,140,141,142,143,144,145,146,147,148,149,150,151,152,153,154,155,156,157,158,159,160,161,162,163,164,165,166,167,168,169,170,171,172,173,174,175,176,177,178,179,180,181,182,183,184,185,186,187,188,189,190,191,192,193,194,195,196,197,198,199];False
8928;9285;18213;[51,0,11,3,26,43,18,30,8,9,4,1,12,32,14,15,16,17,10,19,20,41,22,23,24,25,5,27,28,56,63,31,29,33,34,35,36,37,38,39,40,49,42,7,44,45,60,47,48,21,50,53,52,13,54,55,6,57,58,59,2,61,62,46,64,65,66,67,68,69,70,71,72,73,74,75,76,77,78,79,80,81,82,83,84,85,86,87,88,89,90,91,92,93,94,95,96,97,98,99,100,101,102,103,104,105,106,107,108,109,110,111,112,113,114,115,116,117,118,119,120,121,122,123,124,125,126,127,128,129,130,131,132,133,134,135,136,137,138,139,140,141,142,143,144,145,146,147,148,149,150,151,152,153,154,155,156,157,158,159,160,161,162,163,164,165,166,167,168,169,170,171,172,173,174,175,176,177,178,179,180,181,182,183,184,185,186,187,188,189,190,191,192,193,194,195,196,197,198,199];False
8894;9255;18149;[52,0,11,3,26,43,18,30,8,9,4,1,12,32,14,15,16,17,10,19,20,41,22,23,24,25,5,27,28,56,63,31,29,33,34,35,36,37,38,39,40,49,42,7,44,45,60,47,48,21,50,51,53,13,54,55,6,57,58,59,2,61,62,46,64,65,66,67,68,69,70,71,72,73,74,75,76,77,78,79,80,81,82,83,84,85,86,87,88,89,90,91,92,93,94,95,96,97,98,99,100,101,102,103,104,105,106,107,108,109,110,111,112,113,114,115,116,117,118,119,120,121,122,123,124,125,126,127,128,129,130,131,132,133,134,135,136,137,138,139,140,141,142,143,144,145,146,147,148,149,150,151,152,153,154,155,156,157,158,159,160,161,162,163,164,165,166,167,168,169,170,171,172,173,174,175,176,177,178,179,180,181,182,183,184,185,186,187,188,189,190,191,192,193,194,195,196,197,198,199];False
8860;9287;18147;[4,0,11,3,26,43,18,30,8,9,66,1,12,32,14,15,16,17,10,19,20,41,22,23,24,25,5,27,28,56,63,31,29,33,34,35,36,37,38,39,40,49,42,7,44,45,60,47,48,21,50,51,52,53,54,55,6,57,58,59,2,61,62,46,64,65,13,67,68,69,70,71,72,73,74,75,76,77,78,79,80,81,82,83,84,85,86,87,88,89,90,91,92,93,94,95,96,97,98,99,100,101,102,103,104,105,106,107,108,109,110,111,112,113,114,115,116,117,118,119,120,121,122,123,124,125,126,127,128,129,130,131,132,133,134,135,136,137,138,139,140,141,142,143,144,145,146,147,148,149,150,151,152,153,154,155,156,157,158,159,160,161,162,163,164,165,166,167,168,169,170,171,172,173,174,175,176,177,178,179,180,181,182,183,184,185,186,187,188,189,190,191,192,193,194,195,196,197,198,199];False
8812;9292;18104;[23,0,11,3,26,43,18,30,8,9,4,1,12,32,14,15,16,17,10,19,20,41,22,66,24,25,5,27,28,56,63,31,29,33,34,35,36,37,38,39,40,49,42,7,44,45,60,47,48,21,50,51,52,53,54,55,6,57,58,59,2,61,62,46,64,65,13,67,68,69,70,71,72,73,74,75,76,77,78,79,80,81,82,83,84,85,86,87,88,89,90,91,92,93,94,95,96,97,98,99,100,101,102,103,104,105,106,107,108,109,110,111,112,113,114,115,116,117,118,119,120,121,122,123,124,125,126,127,128,129,130,131,132,133,134,135,136,137,138,139,140,141,142,143,144,145,146,147,148,149,150,151,152,153,154,155,156,157,158,159,160,161,162,163,164,165,166,167,168,169,170,171,172,173,174,175,176,177,178,179,180,181,182,183,184,185,186,187,188,189,190,191,192,193,194,195,196,197,198,199];False
9705;9229;18934;[3,0,11,52,1,5,30,2,32,9,41,49,12,18,7,15,29,17,16,14,28,6,22,23,24,25,26,27,8,56,21,31,19,33,20,35,36,37,38,39,40,10,42,43,44,45,46,47,48,4,50,51,34,53,54,55,13,57,58,59,60,61,62,63,64,65,66,67,68,69,70,71,72,73,74,75,76,77,78,79,80,81,82,83,84,85,86,87,88,89,90,91,92,93,94,95,96,97,98,99,100,101,102,103,104,105,106,107,108,109,110,111,112,113,114,115,116,117,118,119,120,121,122,123,124,125,126,127,128,129,130,131,132,133,134,135,136,137,138,139,140,141,142,143,144,145,146,147,148,149,150,151,152,153,154,155,156,157,158,159,160,161,162,163,164,165,166,167,168,169,170,171,172,173,174,175,176,177,178,179,180,181,182,183,184,185,186,187,188,189,190,191,192,193,194,195,196,197,198,199];False
9683;9223;18906;[6,0,11,52,1,5,30,2,32,9,41,49,12,18,7,15,29,17,16,14,3,28,22,23,24,25,26,27,8,56,21,31,19,33,20,35,36,37,38,39,40,10,42,43,44,45,46,47,48,4,50,51,34,53,54,55,13,57,58,59,60,61,62,63,64,65,66,67,68,69,70,71,72,73,74,75,76,77,78,79,80,81,82,83,84,85,86,87,88,89,90,91,92,93,94,95,96,97,98,99,100,101,102,103,104,105,106,107,108,109,110,111,112,113,114,115,116,117,118,119,120,121,122,123,124,125,126,127,128,129,130,131,132,133,134,135,136,137,138,139,140,141,142,143,144,145,146,147,148,149,150,151,152,153,154,155,156,157,158,159,160,161,162,163,164,165,166,167,168,169,170,171,172,173,174,175,176,177,178,179,180,181,182,183,184,185,186,187,188,189,190,191,192,193,194,195,196,197,198,199];False
9617;9214;18831;[37,0,11,52,1,5,30,2,32,9,41,49,12,18,7,15,29,17,16,14,3,6,22,23,24,25,26,27,8,56,21,31,19,33,20,35,36,28,38,39,40,10,42,43,44,45,46,47,48,4,50,51,34,53,54,55,13,57,58,59,60,61,62,63,64,65,66,67,68,69,70,71,72,73,74,75,76,77,78,79,80,81,82,83,84,85,86,87,88,89,90,91,92,93,94,95,96,97,98,99,100,101,102,103,104,105,106,107,108,109,110,111,112,113,114,115,116,117,118,119,120,121,122,123,124,125,126,127,128,129,130,131,132,133,134,135,136,137,138,139,140,141,142,143,144,145,146,147,148,149,150,151,152,153,154,155,156,157,158,159,160,161,162,163,164,165,166,167,168,169,170,171,172,173,174,175,176,177,178,179,180,181,182,183,184,185,186,187,188,189,190,191,192,193,194,195,196,197,198,199];False
9577;9203;18780;[43,0,11,52,1,5,30,2,32,9,41,49,12,18,7,15,29,17,16,14,3,6,22,23,24,25,26,27,8,56,21,31,19,33,20,35,36,37,38,39,40,10,42,28,44,45,46,47,48,4,50,51,34,53,54,55,13,57,58,59,60,61,62,63,64,65,66,67,68,69,70,71,72,73,74,75,76,77,78,79,80,81,82,83,84,85,86,87,88,89,90,91,92,93,94,95,96,97,98,99,100,101,102,103,104,105,106,107,108,109,110,111,112,113,114,115,116,117,118,119,120,121,122,123,124,125,126,127,128,129,130,131,132,133,134,135,136,137,138,139,140,141,142,143,144,145,146,147,148,149,150,151,152,153,154,155,156,157,158,159,160,161,162,163,164,165,166,167,168,169,170,171,172,173,174,175,176,177,178,179,180,181,182,183,184,185,186,187,188,189,190,191,192,193,194,195,196,197,198,199];False
9283;9253;18536;[17,43,11,52,1,5,30,2,0,9,41,49,12,18,7,15,29,8,16,14,3,6,22,23,24,25,26,27,28,56,21,31,19,33,32,35,36,37,38,39,40,10,42,20,44,45,46,47,48,4,50,51,34,53,54,55,13,57,58,59,60,61,62,63,64,65,66,67,68,69,70,71,72,73,74,75,76,77,78,79,80,81,82,83,84,85,86,87,88,89,90,91,92,93,94,95,96,97,98,99,100,101,102,103,104,105,106,107,108,109,110,111,112,113,114,115,116,117,118,119,120,121,122,123,124,125,126,127,128,129,130,131,132,133,134,135,136,137,138,139,140,141,142,143,144,145,146,147,148,149,150,151,152,153,154,155,156,157,158,159,160,161,162,163,164,165,166,167,168,169,170,171,172,173,174,175,176,177,178,179,180,181,182,183,184,185,186,187,188,189,190,191,192,193,194,195,196,197,198,199];False
9426;9244;18670;[16,43,11,52,1,5,30,2,0,9,41,49,12,18,7,15,29,17,8,14,3,6,22,23,24,25,26,27,28,56,21,31,19,33,32,35,36,37,38,39,40,10,42,20,44,45,46,47,48,4,50,51,34,53,54,55,13,57,58,59,60,61,62,63,64,65,66,67,68,69,70,71,72,73,74,75,76,77,78,79,80,81,82,83,84,85,86,87,88,89,90,91,92,93,94,95,96,97,98,99,100,101,102,103,104,105,106,107,108,109,110,111,112,113,114,115,116,117,118,119,120,121,122,123,124,125,126,127,128,129,130,131,132,133,134,135,136,137,138,139,140,141,142,143,144,145,146,147,148,149,150,151,152,153,154,155,156,157,158,159,160,161,162,163,164,165,166,167,168,169,170,171,172,173,174,175,176,177,178,179,180,181,182,183,184,185,186,187,188,189,190,191,192,193,194,195,196,197,198,199];False
9537;9226;18763;[19,43,11,52,1,5,30,2,0,9,41,49,12,18,7,15,29,17,16,14,3,6,22,23,24,25,26,27,28,56,21,31,8,33,32,35,36,37,38,39,40,10,42,20,44,45,46,47,48,4,50,51,34,53,54,55,13,57,58,59,60,61,62,63,64,65,66,67,68,69,70,71,72,73,74,75,76,77,78,79,80,81,82,83,84,85,86,87,88,89,90,91,92,93,94,95,96,97,98,99,100,101,102,103,104,105,106,107,108,109,110,111,112,113,114,115,116,117,118,119,120,121,122,123,124,125,126,127,128,129,130,131,132,133,134,135,136,137,138,139,140,141,142,143,144,145,146,147,148,149,150,151,152,153,154,155,156,157,158,159,160,161,162,163,164,165,166,167,168,169,170,171,172,173,174,175,176,177,178,179,180,181,182,183,184,185,186,187,188,189,190,191,192,193,194,195,196,197,198,199];False
9498;9225;18723;[50,43,11,52,1,5,30,2,0,9,41,49,12,18,7,15,29,17,16,14,3,6,22,23,24,25,26,27,28,56,21,31,19,33,32,35,36,37,38,39,40,10,42,20,44,45,46,47,48,4,8,51,34,53,54,55,13,57,58,59,60,61,62,63,64,65,66,67,68,69,70,71,72,73,74,75,76,77,78,79,80,81,82,83,84,85,86,87,88,89,90,91,92,93,94,95,96,97,98,99,100,101,102,103,104,105,106,107,108,109,110,111,112,113,114,115,116,117,118,119,120,121,122,123,124,125,126,127,128,129,130,131,132,133,134,135,136,137,138,139,140,141,142,143,144,145,146,147,148,149,150,151,152,153,154,155,156,157,158,159,160,161,162,163,164,165,166,167,168,169,170,171,172,173,174,175,176,177,178,179,180,181,182,183,184,185,186,187,188,189,190,191,192,193,194,195,196,197,198,199];False
9493;9231;18724;[53,43,11,52,1,5,30,2,0,9,41,49,12,18,7,15,29,17,16,14,3,6,22,23,24,25,26,27,28,56,21,31,19,33,32,35,36,37,38,39,40,10,42,20,44,45,46,47,48,4,50,51,34,8,54,55,13,57,58,59,60,61,62,63,64,65,66,67,68,69,70,71,72,73,74,75,76,77,78,79,80,81,82,83,84,85,86,87,88,89,90,91,92,93,94,95,96,97,98,99,100,101,102,103,104,105,106,107,108,109,110,111,112,113,114,115,116,117,118,119,120,121,122,123,124,125,126,127,128,129,130,131,132,133,134,135,136,137,138,139,140,141,142,143,144,145,146,147,148,149,150,151,152,153,154,155,156,157,158,159,160,161,162,163,164,165,166,167,168,169,170,171,172,173,174,175,176,177,178,179,180,181,182,183,184,185,186,187,188,189,190,191,192,193,194,195,196,197,198,199];False
9477;9231;18708;[54,43,11,52,1,5,30,2,0,9,41,49,12,18,7,15,29,17,16,14,3,6,22,23,24,25,26,27,28,56,21,31,19,33,32,35,36,37,38,39,40,10,42,20,44,45,46,47,48,4,50,51,34,53,8,55,13,57,58,59,60,61,62,63,64,65,66,67,68,69,70,71,72,73,74,75,76,77,78,79,80,81,82,83,84,85,86,87,88,89,90,91,92,93,94,95,96,97,98,99,100,101,102,103,104,105,106,107,108,109,110,111,112,113,114,115,116,117,118,119,120,121,122,123,124,125,126,127,128,129,130,131,132,133,134,135,136,137,138,139,140,141,142,143,144,145,146,147,148,149,150,151,152,153,154,155,156,157,158,159,160,161,162,163,164,165,166,167,168,169,170,171,172,173,174,175,176,177,178,179,180,181,182,183,184,185,186,187,188,189,190,191,192,193,194,195,196,197,198,199];False
9393;9232;18625;[60,43,11,52,1,5,30,2,0,9,41,49,12,18,7,15,29,17,16,14,3,6,22,23,24,25,26,27,28,56,21,31,19,33,32,35,36,37,38,39,40,10,42,20,44,45,46,47,48,4,50,51,34,53,54,55,13,57,58,59,8,61,62,63,64,65,66,67,68,69,70,71,72,73,74,75,76,77,78,79,80,81,82,83,84,85,86,87,88,89,90,91,92,93,94,95,96,97,98,99,100,101,102,103,104,105,106,107,108,109,110,111,112,113,114,115,116,117,118,119,120,121,122,123,124,125,126,127,128,129,130,131,132,133,134,135,136,137,138,139,140,141,142,143,144,145,146,147,148,149,150,151,152,153,154,155,156,157,158,159,160,161,162,163,164,165,166,167,168,169,170,171,172,173,174,175,176,177,178,179,180,181,182,183,184,185,186,187,188,189,190,191,192,193,194,195,196,197,198,199];False
8752;9352;18104;[53,0,11,3,26,43,18,30,8,9,4,1,12,32,14,15,16,60,10,19,20,41,22,23,24,25,5,27,28,56,63,31,29,33,17,35,36,37,38,39,40,49,42,7,44,45,46,47,48,21,50,51,52,13,54,55,6,57,58,59,2,61,62,67,64,65,66,34,68,69,70,71,72,73,74,75,76,77,78,79,80,81,82,83,84,85,86,87,88,89,90,91,92,93,94,95,96,97,98,99,100,101,102,103,104,105,106,107,108,109,110,111,112,113,114,115,116,117,118,119,120,121,122,123,124,125,126,127,128,129,130,131,132,133,134,135,136,137,138,139,140,141,142,143,144,145,146,147,148,149,150,151,152,153,154,155,156,157,158,159,160,161,162,163,164,165,166,167,168,169,170,171,172,173,174,175,176,177,178,179,180,181,182,183,184,185,186,187,188,189,190,191,192,193,194,195,196,197,198,199];False
8717;9364;18081;[6,0,11,3,26,43,18,30,8,9,4,1,12,32,14,15,16,60,10,19,20,41,22,23,24,25,5,27,28,56,63,31,29,33,17,35,36,37,38,39,40,49,42,7,44,45,46,47,48,21,50,51,52,53,54,55,13,57,58,59,2,61,62,67,64,65,66,34,68,69,70,71,72,73,74,75,76,77,78,79,80,81,82,83,84,85,86,87,88,89,90,91,92,93,94,95,96,97,98,99,100,101,102,103,104,105,106,107,108,109,110,111,112,113,114,115,116,117,118,119,120,121,122,123,124,125,126,127,128,129,130,131,132,133,134,135,136,137,138,139,140,141,142,143,144,145,146,147,148,149,150,151,152,153,154,155,156,157,158,159,160,161,162,163,164,165,166,167,168,169,170,171,172,173,174,175,176,177,178,179,180,181,182,183,184,185,186,187,188,189,190,191,192,193,194,195,196,197,198,199];False
8608;9391;17999;[64,0,11,3,26,43,18,30,8,9,4,1,12,32,14,15,16,60,10,19,20,41,22,23,24,25,5,27,28,56,63,31,29,33,17,35,36,37,38,39,40,49,42,7,44,45,46,47,48,21,50,51,52,53,54,55,6,57,58,59,2,61,62,67,13,65,66,34,68,69,70,71,72,73,74,75,76,77,78,79,80,81,82,83,84,85,86,87,88,89,90,91,92,93,94,95,96,97,98,99,100,101,102,103,104,105,106,107,108,109,110,111,112,113,114,115,116,117,118,119,120,121,122,123,124,125,126,127,128,129,130,131,132,133,134,135,136,137,138,139,140,141,142,143,144,145,146,147,148,149,150,151,152,153,154,155,156,157,158,159,160,161,162,163,164,165,166,167,168,169,170,171,172,173,174,175,176,177,178,179,180,181,182,183,184,185,186,187,188,189,190,191,192,193,194,195,196,197,198,199];False
8660;9383;18043;[65,0,11,3,26,43,18,30,8,9,4,1,12,32,14,15,16,60,10,19,20,41,22,23,24,25,5,27,28,56,63,31,29,33,17,35,36,37,38,39,40,49,42,7,44,45,46,47,48,21,50,51,52,53,54,55,6,57,58,59,2,61,62,67,64,13,66,34,68,69,70,71,72,73,74,75,76,77,78,79,80,81,82,83,84,85,86,87,88,89,90,91,92,93,94,95,96,97,98,99,100,101,102,103,104,105,106,107,108,109,110,111,112,113,114,115,116,117,118,119,120,121,122,123,124,125,126,127,128,129,130,131,132,133,134,135,136,137,138,139,140,141,142,143,144,145,146,147,148,149,150,151,152,153,154,155,156,157,158,159,160,161,162,163,164,165,166,167,168,169,170,171,172,173,174,175,176,177,178,179,180,181,182,183,184,185,186,187,188,189,190,191,192,193,194,195,196,197,198,199];False
8605;9392;17997;[69,0,11,3,26,43,18,30,8,9,4,1,12,32,14,15,16,60,10,19,20,41,22,23,24,25,5,27,28,56,63,31,29,33,17,35,36,37,38,39,40,49,42,7,44,45,46,47,48,21,50,51,52,53,54,55,6,57,58,59,2,61,62,67,64,65,66,34,68,13,70,71,72,73,74,75,76,77,78,79,80,81,82,83,84,85,86,87,88,89,90,91,92,93,94,95,96,97,98,99,100,101,102,103,104,105,106,107,108,109,110,111,112,113,114,115,116,117,118,119,120,121,122,123,124,125,126,127,128,129,130,131,132,133,134,135,136,137,138,139,140,141,142,143,144,145,146,147,148,149,150,151,152,153,154,155,156,157,158,159,160,161,162,163,164,165,166,167,168,169,170,171,172,173,174,175,176,177,178,179,180,181,182,183,184,185,186,187,188,189,190,191,192,193,194,195,196,197,198,199];False
8747;9351;18098;[78,0,11,3,26,43,18,30,8,9,4,1,12,32,14,15,16,60,10,19,20,41,22,23,24,25,5,27,28,56,63,31,29,33,17,35,36,37,38,39,40,49,42,7,44,45,46,47,48,21,50,51,52,53,54,55,6,57,58,59,2,61,62,67,64,65,66,34,68,69,70,71,72,73,74,75,76,77,13,79,80,81,82,83,84,85,86,87,88,89,90,91,92,93,94,95,96,97,98,99,100,101,102,103,104,105,106,107,108,109,110,111,112,113,114,115,116,117,118,119,120,121,122,123,124,125,126,127,128,129,130,131,132,133,134,135,136,137,138,139,140,141,142,143,144,145,146,147,148,149,150,151,152,153,154,155,156,157,158,159,160,161,162,163,164,165,166,167,168,169,170,171,172,173,174,175,176,177,178,179,180,181,182,183,184,185,186,187,188,189,190,191,192,193,194,195,196,197,198,199];False
8682;9377;18059;[85,0,11,3,26,43,18,30,8,9,4,1,12,32,14,15,16,60,10,19,20,41,22,23,24,25,5,27,28,56,63,31,29,33,17,35,36,37,38,39,40,49,42,7,44,45,46,47,48,21,50,51,52,53,54,55,6,57,58,59,2,61,62,67,64,65,66,34,68,69,70,71,72,73,74,75,76,77,78,79,80,81,82,83,84,13,86,87,88,89,90,91,92,93,94,95,96,97,98,99,100,101,102,103,104,105,106,107,108,109,110,111,112,113,114,115,116,117,118,119,120,121,122,123,124,125,126,127,128,129,130,131,132,133,134,135,136,137,138,139,140,141,142,143,144,145,146,147,148,149,150,151,152,153,154,155,156,157,158,159,160,161,162,163,164,165,166,167,168,169,170,171,172,173,174,175,176,177,178,179,180,181,182,183,184,185,186,187,188,189,190,191,192,193,194,195,196,197,198,199];False
8681;9382;18063;[86,0,11,3,26,43,18,30,8,9,4,1,12,32,14,15,16,60,10,19,20,41,22,23,24,25,5,27,28,56,63,31,29,33,17,35,36,37,38,39,40,49,42,7,44,45,46,47,48,21,50,51,52,53,54,55,6,57,58,59,2,61,62,67,64,65,66,34,68,69,70,71,72,73,74,75,76,77,78,79,80,81,82,83,84,85,13,87,88,89,90,91,92,93,94,95,96,97,98,99,100,101,102,103,104,105,106,107,108,109,110,111,112,113,114,115,116,117,118,119,120,121,122,123,124,125,126,127,128,129,130,131,132,133,134,135,136,137,138,139,140,141,142,143,144,145,146,147,148,149,150,151,152,153,154,155,156,157,158,159,160,161,162,163,164,165,166,167,168,169,170,171,172,173,174,175,176,177,178,179,180,181,182,183,184,185,186,187,188,189,190,191,192,193,194,195,196,197,198,199];False
8678;9355;18033;[90,0,11,3,26,43,18,30,8,9,4,1,12,32,14,15,16,60,10,19,20,41,22,23,24,25,5,27,28,56,63,31,29,33,17,35,36,37,38,39,40,49,42,7,44,45,46,47,48,21,50,51,52,53,54,55,6,57,58,59,2,61,62,67,64,65,66,34,68,69,70,71,72,73,74,75,76,77,78,79,80,81,82,83,84,85,86,87,88,89,13,91,92,93,94,95,96,97,98,99,100,101,102,103,104,105,106,107,108,109,110,111,112,113,114,115,116,117,118,119,120,121,122,123,124,125,126,127,128,129,130,131,132,133,134,135,136,137,138,139,140,141,142,143,144,145,146,147,148,149,150,151,152,153,154,155,156,157,158,159,160,161,162,163,164,165,166,167,168,169,170,171,172,173,174,175,176,177,178,179,180,181,182,183,184,185,186,187,188,189,190,191,192,193,194,195,196,197,198,199];False
8730;9343;18073;[20,0,11,3,26,43,18,30,8,9,4,1,12,32,14,15,16,60,10,19,90,41,22,23,24,25,5,27,28,56,21,31,29,33,17,35,36,37,38,39,40,49,42,7,44,45,46,47,48,63,50,51,52,53,54,55,6,57,58,59,2,61,62,67,64,65,66,34,68,69,70,71,72,73,74,75,76,77,78,79,80,81,82,83,84,85,86,87,88,89,13,91,92,93,94,95,96,97,98,99,100,101,102,103,104,105,106,107,108,109,110,111,112,113,114,115,116,117,118,119,120,121,122,123,124,125,126,127,128,129,130,131,132,133,134,135,136,137,138,139,140,141,142,143,144,145,146,147,148,149,150,151,152,153,154,155,156,157,158,159,160,161,162,163,164,165,166,167,168,169,170,171,172,173,174,175,176,177,178,179,180,181,182,183,184,185,186,187,188,189,190,191,192,193,194,195,196,197,198,199];False
8783;9267;18050;[0,52,11,3,26,43,18,30,8,9,4,1,12,32,14,15,16,17,10,19,20,41,22,23,24,25,5,27,28,56,63,31,29,33,34,35,36,37,38,39,40,49,42,7,44,45,60,47,48,21,50,51,53,13,54,55,6,57,58,59,2,61,62,46,64,65,66,67,68,69,70,71,72,73,74,75,76,77,78,79,80,81,82,83,84,85,86,87,88,89,90,91,92,93,94,95,96,97,98,99,100,101,102,103,104,105,106,107,108,109,110,111,112,113,114,115,116,117,118,119,120,121,122,123,124,125,126,127,128,129,130,131,132,133,134,135,136,137,138,139,140,141,142,143,144,145,146,147,148,149,150,151,152,153,154,155,156,157,158,159,160,161,162,163,164,165,166,167,168,169,170,171,172,173,174,175,176,177,178,179,180,181,182,183,184,185,186,187,188,189,190,191,192,193,194,195,196,197,198,199];False
8936;9229;18165;[3,0,11,52,26,43,18,30,8,9,4,1,12,32,14,15,16,17,10,19,20,41,22,23,24,25,5,27,28,56,63,31,29,33,34,35,36,37,38,39,40,49,42,7,44,45,60,47,48,21,50,51,53,13,54,55,6,57,58,59,2,61,62,46,64,65,66,67,68,69,70,71,72,73,74,75,76,77,78,79,80,81,82,83,84,85,86,87,88,89,90,91,92,93,94,95,96,97,98,99,100,101,102,103,104,105,106,107,108,109,110,111,112,113,114,115,116,117,118,119,120,121,122,123,124,125,126,127,128,129,130,131,132,133,134,135,136,137,138,139,140,141,142,143,144,145,146,147,148,149,150,151,152,153,154,155,156,157,158,159,160,161,162,163,164,165,166,167,168,169,170,171,172,173,174,175,176,177,178,179,180,181,182,183,184,185,186,187,188,189,190,191,192,193,194,195,196,197,198,199];False
8887;9236;18123;[18,0,11,3,26,43,52,30,8,9,4,1,12,32,14,15,16,17,10,19,20,41,22,23,24,25,5,27,28,56,63,31,29,33,34,35,36,37,38,39,40,49,42,7,44,45,60,47,48,21,50,51,53,13,54,55,6,57,58,59,2,61,62,46,64,65,66,67,68,69,70,71,72,73,74,75,76,77,78,79,80,81,82,83,84,85,86,87,88,89,90,91,92,93,94,95,96,97,98,99,100,101,102,103,104,105,106,107,108,109,110,111,112,113,114,115,116,117,118,119,120,121,122,123,124,125,126,127,128,129,130,131,132,133,134,135,136,137,138,139,140,141,142,143,144,145,146,147,148,149,150,151,152,153,154,155,156,157,158,159,160,161,162,163,164,165,166,167,168,169,170,171,172,173,174,175,176,177,178,179,180,181,182,183,184,185,186,187,188,189,190,191,192,193,194,195,196,197,198,199];False
9473;9217;18690;[0,43,11,52,1,5,30,2,32,9,41,49,12,18,7,15,29,17,16,14,3,6,22,23,24,25,26,27,8,56,21,31,19,33,20,35,36,37,38,39,40,10,42,28,44,45,46,47,48,4,50,51,34,53,54,55,13,57,58,59,60,61,62,63,64,65,66,67,68,69,70,71,72,73,74,75,76,77,78,79,80,81,82,83,84,85,86,87,88,89,90,91,92,93,94,95,96,97,98,99,100,101,102,103,104,105,106,107,108,109,110,111,112,113,114,115,116,117,118,119,120,121,122,123,124,125,126,127,128,129,130,131,132,133,134,135,136,137,138,139,140,141,142,143,144,145,146,147,148,149,150,151,152,153,154,155,156,157,158,159,160,161,162,163,164,165,166,167,168,169,170,171,172,173,174,175,176,177,178,179,180,181,182,183,184,185,186,187,188,189,190,191,192,193,194,195,196,197,198,199];False
9573;9209;18782;[1,0,11,52,43,5,30,2,32,9,41,49,12,18,7,15,29,17,16,14,3,6,22,23,24,25,26,27,8,56,21,31,19,33,20,35,36,37,38,39,40,10,42,28,44,45,46,47,48,4,50,51,34,53,54,55,13,57,58,59,60,61,62,63,64,65,66,67,68,69,70,71,72,73,74,75,76,77,78,79,80,81,82,83,84,85,86,87,88,89,90,91,92,93,94,95,96,97,98,99,100,101,102,103,104,105,106,107,108,109,110,111,112,113,114,115,116,117,118,119,120,121,122,123,124,125,126,127,128,129,130,131,132,133,134,135,136,137,138,139,140,141,142,143,144,145,146,147,148,149,150,151,152,153,154,155,156,157,158,159,160,161,162,163,164,165,166,167,168,169,170,171,172,173,174,175,176,177,178,179,180,181,182,183,184,185,186,187,188,189,190,191,192,193,194,195,196,197,198,199];False
9569;9196;18765;[5,0,11,52,1,43,30,2,32,9,41,49,12,18,7,15,29,17,16,14,3,6,22,23,24,25,26,27,8,56,21,31,19,33,20,35,36,37,38,39,40,10,42,28,44,45,46,47,48,4,50,51,34,53,54,55,13,57,58,59,60,61,62,63,64,65,66,67,68,69,70,71,72,73,74,75,76,77,78,79,80,81,82,83,84,85,86,87,88,89,90,91,92,93,94,95,96,97,98,99,100,101,102,103,104,105,106,107,108,109,110,111,112,113,114,115,116,117,118,119,120,121,122,123,124,125,126,127,128,129,130,131,132,133,134,135,136,137,138,139,140,141,142,143,144,145,146,147,148,149,150,151,152,153,154,155,156,157,158,159,160,161,162,163,164,165,166,167,168,169,170,171,172,173,174,175,176,177,178,179,180,181,182,183,184,185,186,187,188,189,190,191,192,193,194,195,196,197,198,199];False
8671;9354;18025;[18,0,11,3,26,43,64,30,8,9,4,1,12,32,14,15,16,60,10,19,20,41,22,23,24,25,5,27,28,56,63,31,29,33,17,35,36,37,38,39,40,49,42,7,44,45,46,47,48,21,50,51,52,53,54,55,6,57,58,59,2,61,62,67,13,65,66,34,68,69,70,71,72,73,74,75,76,77,78,79,80,81,82,83,84,85,86,87,88,89,90,91,92,93,94,95,96,97,98,99,100,101,102,103,104,105,106,107,108,109,110,111,112,113,114,115,116,117,118,119,120,121,122,123,124,125,126,127,128,129,130,131,132,133,134,135,136,137,138,139,140,141,142,143,144,145,146,147,148,149,150,151,152,153,154,155,156,157,158,159,160,161,162,163,164,165,166,167,168,169,170,171,172,173,174,175,176,177,178,179,180,181,182,183,184,185,186,187,188,189,190,191,192,193,194,195,196,197,198,199];False
8619;9346;17965;[10,0,11,3,26,43,18,30,8,9,4,1,12,32,14,15,16,60,64,19,20,41,22,23,24,25,5,27,28,56,63,31,29,33,17,35,36,37,38,39,40,49,42,7,44,45,46,47,48,21,50,51,52,53,54,55,6,57,58,59,2,61,62,67,13,65,66,34,68,69,70,71,72,73,74,75,76,77,78,79,80,81,82,83,84,85,86,87,88,89,90,91,92,93,94,95,96,97,98,99,100,101,102,103,104,105,106,107,108,109,110,111,112,113,114,115,116,117,118,119,120,121,122,123,124,125,126,127,128,129,130,131,132,133,134,135,136,137,138,139,140,141,142,143,144,145,146,147,148,149,150,151,152,153,154,155,156,157,158,159,160,161,162,163,164,165,166,167,168,169,170,171,172,173,174,175,176,177,178,179,180,181,182,183,184,185,186,187,188,189,190,191,192,193,194,195,196,197,198,199];False
8563;9369;17932;[20,0,11,3,26,43,18,30,8,9,4,1,12,32,14,15,16,60,10,19,64,41,22,23,24,25,5,27,28,56,63,31,29,33,17,35,36,37,38,39,40,49,42,7,44,45,46,47,48,21,50,51,52,53,54,55,6,57,58,59,2,61,62,67,13,65,66,34,68,69,70,71,72,73,74,75,76,77,78,79,80,81,82,83,84,85,86,87,88,89,90,91,92,93,94,95,96,97,98,99,100,101,102,103,104,105,106,107,108,109,110,111,112,113,114,115,116,117,118,119,120,121,122,123,124,125,126,127,128,129,130,131,132,133,134,135,136,137,138,139,140,141,142,143,144,145,146,147,148,149,150,151,152,153,154,155,156,157,158,159,160,161,162,163,164,165,166,167,168,169,170,171,172,173,174,175,176,177,178,179,180,181,182,183,184,185,186,187,188,189,190,191,192,193,194,195,196,197,198,199];False
8703;9338;18041;[10,0,11,3,26,43,18,30,8,9,4,1,12,32,14,15,16,60,20,19,90,41,22,23,24,25,5,27,28,56,21,31,29,33,17,35,36,37,38,39,40,49,42,7,44,45,46,47,48,63,50,51,52,53,54,55,6,57,58,59,2,61,62,67,64,65,66,34,68,69,70,71,72,73,74,75,76,77,78,79,80,81,82,83,84,85,86,87,88,89,13,91,92,93,94,95,96,97,98,99,100,101,102,103,104,105,106,107,108,109,110,111,112,113,114,115,116,117,118,119,120,121,122,123,124,125,126,127,128,129,130,131,132,133,134,135,136,137,138,139,140,141,142,143,144,145,146,147,148,149,150,151,152,153,154,155,156,157,158,159,160,161,162,163,164,165,166,167,168,169,170,171,172,173,174,175,176,177,178,179,180,181,182,183,184,185,186,187,188,189,190,191,192,193,194,195,196,197,198,199];False
8825;9251;18076;[30,52,11,3,26,43,18,0,8,9,4,1,12,32,14,15,16,17,10,19,20,41,22,23,24,25,5,27,28,56,63,31,29,33,34,35,36,37,38,39,40,49,42,7,44,45,60,47,48,21,50,51,53,13,54,55,6,57,58,59,2,61,62,46,64,65,66,67,68,69,70,71,72,73,74,75,76,77,78,79,80,81,82,83,84,85,86,87,88,89,90,91,92,93,94,95,96,97,98,99,100,101,102,103,104,105,106,107,108,109,110,111,112,113,114,115,116,117,118,119,120,121,122,123,124,125,126,127,128,129,130,131,132,133,134,135,136,137,138,139,140,141,142,143,144,145,146,147,148,149,150,151,152,153,154,155,156,157,158,159,160,161,162,163,164,165,166,167,168,169,170,171,172,173,174,175,176,177,178,179,180,181,182,183,184,185,186,187,188,189,190,191,192,193,194,195,196,197,198,199];False
8805;9260;18065;[8,52,11,3,26,43,18,30,0,9,4,1,12,32,14,15,16,17,10,19,20,41,22,23,24,25,5,27,28,56,63,31,29,33,34,35,36,37,38,39,40,49,42,7,44,45,60,47,48,21,50,51,53,13,54,55,6,57,58,59,2,61,62,46,64,65,66,67,68,69,70,71,72,73,74,75,76,77,78,79,80,81,82,83,84,85,86,87,88,89,90,91,92,93,94,95,96,97,98,99,100,101,102,103,104,105,106,107,108,109,110,111,112,113,114,115,116,117,118,119,120,121,122,123,124,125,126,127,128,129,130,131,132,133,134,135,136,137,138,139,140,141,142,143,144,145,146,147,148,149,150,151,152,153,154,155,156,157,158,159,160,161,162,163,164,165,166,167,168,169,170,171,172,173,174,175,176,177,178,179,180,181,182,183,184,185,186,187,188,189,190,191,192,193,194,195,196,197,198,199];False
8788;9266;18054;[17,52,11,3,26,43,18,30,8,9,4,1,12,32,14,15,16,0,10,19,20,41,22,23,24,25,5,27,28,56,63,31,29,33,34,35,36,37,38,39,40,49,42,7,44,45,60,47,48,21,50,51,53,13,54,55,6,57,58,59,2,61,62,46,64,65,66,67,68,69,70,71,72,73,74,75,76,77,78,79,80,81,82,83,84,85,86,87,88,89,90,91,92,93,94,95,96,97,98,99,100,101,102,103,104,105,106,107,108,109,110,111,112,113,114,115,116,117,118,119,120,121,122,123,124,125,126,127,128,129,130,131,132,133,134,135,136,137,138,139,140,141,142,143,144,145,146,147,148,149,150,151,152,153,154,155,156,157,158,159,160,161,162,163,164,165,166,167,168,169,170,171,172,173,174,175,176,177,178,179,180,181,182,183,184,185,186,187,188,189,190,191,192,193,194,195,196,197,198,199];False
8773;9274;18047;[24,52,11,3,26,43,18,30,8,9,4,1,12,32,14,15,16,17,10,19,20,41,22,23,0,25,5,27,28,56,63,31,29,33,34,35,36,37,38,39,40,49,42,7,44,45,60,47,48,21,50,51,53,13,54,55,6,57,58,59,2,61,62,46,64,65,66,67,68,69,70,71,72,73,74,75,76,77,78,79,80,81,82,83,84,85,86,87,88,89,90,91,92,93,94,95,96,97,98,99,100,101,102,103,104,105,106,107,108,109,110,111,112,113,114,115,116,117,118,119,120,121,122,123,124,125,126,127,128,129,130,131,132,133,134,135,136,137,138,139,140,141,142,143,144,145,146,147,148,149,150,151,152,153,154,155,156,157,158,159,160,161,162,163,164,165,166,167,168,169,170,171,172,173,174,175,176,177,178,179,180,181,182,183,184,185,186,187,188,189,190,191,192,193,194,195,196,197,198,199];False
8858;9249;18107;[5,52,11,3,26,43,18,30,8,9,4,1,12,32,14,15,16,17,10,19,20,41,22,23,24,25,0,27,28,56,63,31,29,33,34,35,36,37,38,39,40,49,42,7,44,45,60,47,48,21,50,51,53,13,54,55,6,57,58,59,2,61,62,46,64,65,66,67,68,69,70,71,72,73,74,75,76,77,78,79,80,81,82,83,84,85,86,87,88,89,90,91,92,93,94,95,96,97,98,99,100,101,102,103,104,105,106,107,108,109,110,111,112,113,114,115,116,117,118,119,120,121,122,123,124,125,126,127,128,129,130,131,132,133,134,135,136,137,138,139,140,141,142,143,144,145,146,147,148,149,150,151,152,153,154,155,156,157,158,159,160,161,162,163,164,165,166,167,168,169,170,171,172,173,174,175,176,177,178,179,180,181,182,183,184,185,186,187,188,189,190,191,192,193,194,195,196,197,198,199];False
8701;9299;18000;[33,52,11,3,26,43,18,30,8,9,4,1,12,32,14,15,16,17,10,19,20,41,22,23,24,25,5,27,28,56,63,31,29,0,34,35,36,37,38,39,40,49,42,7,44,45,60,47,48,21,50,51,53,13,54,55,6,57,58,59,2,61,62,46,64,65,66,67,68,69,70,71,72,73,74,75,76,77,78,79,80,81,82,83,84,85,86,87,88,89,90,91,92,93,94,95,96,97,98,99,100,101,102,103,104,105,106,107,108,109,110,111,112,113,114,115,116,117,118,119,120,121,122,123,124,125,126,127,128,129,130,131,132,133,134,135,136,137,138,139,140,141,142,143,144,145,146,147,148,149,150,151,152,153,154,155,156,157,158,159,160,161,162,163,164,165,166,167,168,169,170,171,172,173,174,175,176,177,178,179,180,181,182,183,184,185,186,187,188,189,190,191,192,193,194,195,196,197,198,199];False
8876;9238;18114;[6,52,11,3,26,43,18,30,8,9,4,1,12,32,14,15,16,17,10,19,20,41,22,23,24,25,5,27,28,56,63,31,29,33,34,35,36,37,38,39,40,49,42,7,44,45,60,47,48,21,50,51,53,13,54,55,0,57,58,59,2,61,62,46,64,65,66,67,68,69,70,71,72,73,74,75,76,77,78,79,80,81,82,83,84,85,86,87,88,89,90,91,92,93,94,95,96,97,98,99,100,101,102,103,104,105,106,107,108,109,110,111,112,113,114,115,116,117,118,119,120,121,122,123,124,125,126,127,128,129,130,131,132,133,134,135,136,137,138,139,140,141,142,143,144,145,146,147,148,149,150,151,152,153,154,155,156,157,158,159,160,161,162,163,164,165,166,167,168,169,170,171,172,173,174,175,176,177,178,179,180,181,182,183,184,185,186,187,188,189,190,191,192,193,194,195,196,197,198,199];False
8846;9247;18093;[58,52,11,3,26,43,18,30,8,9,4,1,12,32,14,15,16,17,10,19,20,41,22,23,24,25,5,27,28,56,63,31,29,33,34,35,36,37,38,39,40,49,42,7,44,45,60,47,48,21,50,51,53,13,54,55,6,57,0,59,2,61,62,46,64,65,66,67,68,69,70,71,72,73,74,75,76,77,78,79,80,81,82,83,84,85,86,87,88,89,90,91,92,93,94,95,96,97,98,99,100,101,102,103,104,105,106,107,108,109,110,111,112,113,114,115,116,117,118,119,120,121,122,123,124,125,126,127,128,129,130,131,132,133,134,135,136,137,138,139,140,141,142,143,144,145,146,147,148,149,150,151,152,153,154,155,156,157,158,159,160,161,162,163,164,165,166,167,168,169,170,171,172,173,174,175,176,177,178,179,180,181,182,183,184,185,186,187,188,189,190,191,192,193,194,195,196,197,198,199];False
8713;9251;17964;[61,52,11,3,26,43,18,30,8,9,4,1,12,32,14,15,16,17,10,19,20,41,22,23,24,25,5,27,28,56,63,31,29,33,34,35,36,37,38,39,40,49,42,7,44,45,60,47,48,21,50,51,53,13,54,55,6,57,58,59,2,0,62,46,64,65,66,67,68,69,70,71,72,73,74,75,76,77,78,79,80,81,82,83,84,85,86,87,88,89,90,91,92,93,94,95,96,97,98,99,100,101,102,103,104,105,106,107,108,109,110,111,112,113,114,115,116,117,118,119,120,121,122,123,124,125,126,127,128,129,130,131,132,133,134,135,136,137,138,139,140,141,142,143,144,145,146,147,148,149,150,151,152,153,154,155,156,157,158,159,160,161,162,163,164,165,166,167,168,169,170,171,172,173,174,175,176,177,178,179,180,181,182,183,184,185,186,187,188,189,190,191,192,193,194,195,196,197,198,199];False
8956;9220;18176;[4,0,11,52,26,43,18,30,8,9,3,1,12,32,14,15,16,17,10,19,20,41,22,23,24,25,5,27,28,56,63,31,29,33,34,35,36,37,38,39,40,49,42,7,44,45,60,47,48,21,50,51,53,13,54,55,6,57,58,59,2,61,62,46,64,65,66,67,68,69,70,71,72,73,74,75,76,77,78,79,80,81,82,83,84,85,86,87,88,89,90,91,92,93,94,95,96,97,98,99,100,101,102,103,104,105,106,107,108,109,110,111,112,113,114,115,116,117,118,119,120,121,122,123,124,125,126,127,128,129,130,131,132,133,134,135,136,137,138,139,140,141,142,143,144,145,146,147,148,149,150,151,152,153,154,155,156,157,158,159,160,161,162,163,164,165,166,167,168,169,170,171,172,173,174,175,176,177,178,179,180,181,182,183,184,185,186,187,188,189,190,191,192,193,194,195,196,197,198,199];False
8907;9234;18141;[1,0,11,52,26,43,18,30,8,9,4,3,12,32,14,15,16,17,10,19,20,41,22,23,24,25,5,27,28,56,63,31,29,33,34,35,36,37,38,39,40,49,42,7,44,45,60,47,48,21,50,51,53,13,54,55,6,57,58,59,2,61,62,46,64,65,66,67,68,69,70,71,72,73,74,75,76,77,78,79,80,81,82,83,84,85,86,87,88,89,90,91,92,93,94,95,96,97,98,99,100,101,102,103,104,105,106,107,108,109,110,111,112,113,114,115,116,117,118,119,120,121,122,123,124,125,126,127,128,129,130,131,132,133,134,135,136,137,138,139,140,141,142,143,144,145,146,147,148,149,150,151,152,153,154,155,156,157,158,159,160,161,162,163,164,165,166,167,168,169,170,171,172,173,174,175,176,177,178,179,180,181,182,183,184,185,186,187,188,189,190,191,192,193,194,195,196,197,198,199];False
9019;9213;18232;[12,0,11,52,26,43,18,30,8,9,4,1,3,32,14,15,16,17,10,19,20,41,22,23,24,25,5,27,28,56,63,31,29,33,34,35,36,37,38,39,40,49,42,7,44,45,60,47,48,21,50,51,53,13,54,55,6,57,58,59,2,61,62,46,64,65,66,67,68,69,70,71,72,73,74,75,76,77,78,79,80,81,82,83,84,85,86,87,88,89,90,91,92,93,94,95,96,97,98,99,100,101,102,103,104,105,106,107,108,109,110,111,112,113,114,115,116,117,118,119,120,121,122,123,124,125,126,127,128,129,130,131,132,133,134,135,136,137,138,139,140,141,142,143,144,145,146,147,148,149,150,151,152,153,154,155,156,157,158,159,160,161,162,163,164,165,166,167,168,169,170,171,172,173,174,175,176,177,178,179,180,181,182,183,184,185,186,187,188,189,190,191,192,193,194,195,196,197,198,199];False
8888;9232;18120;[14,0,11,52,26,43,18,30,8,9,4,1,12,32,3,15,16,17,10,19,20,41,22,23,24,25,5,27,28,56,63,31,29,33,34,35,36,37,38,39,40,49,42,7,44,45,60,47,48,21,50,51,53,13,54,55,6,57,58,59,2,61,62,46,64,65,66,67,68,69,70,71,72,73,74,75,76,77,78,79,80,81,82,83,84,85,86,87,88,89,90,91,92,93,94,95,96,97,98,99,100,101,102,103,104,105,106,107,108,109,110,111,112,113,114,115,116,117,118,119,120,121,122,123,124,125,126,127,128,129,130,131,132,133,134,135,136,137,138,139,140,141,142,143,144,145,146,147,148,149,150,151,152,153,154,155,156,157,158,159,160,161,162,163,164,165,166,167,168,169,170,171,172,173,174,175,176,177,178,179,180,181,182,183,184,185,186,187,188,189,190,191,192,193,194,195,196,197,198,199];False
8980;9213;18193;[19,0,11,52,26,43,18,30,8,9,4,1,12,32,14,15,16,17,10,3,20,41,22,23,24,25,5,27,28,56,63,31,29,33,34,35,36,37,38,39,40,49,42,7,44,45,60,47,48,21,50,51,53,13,54,55,6,57,58,59,2,61,62,46,64,65,66,67,68,69,70,71,72,73,74,75,76,77,78,79,80,81,82,83,84,85,86,87,88,89,90,91,92,93,94,95,96,97,98,99,100,101,102,103,104,105,106,107,108,109,110,111,112,113,114,115,116,117,118,119,120,121,122,123,124,125,126,127,128,129,130,131,132,133,134,135,136,137,138,139,140,141,142,143,144,145,146,147,148,149,150,151,152,153,154,155,156,157,158,159,160,161,162,163,164,165,166,167,168,169,170,171,172,173,174,175,176,177,178,179,180,181,182,183,184,185,186,187,188,189,190,191,192,193,194,195,196,197,198,199];False
9011;9207;18218;[20,0,11,52,26,43,18,30,8,9,4,1,12,32,14,15,16,17,10,19,3,41,22,23,24,25,5,27,28,56,63,31,29,33,34,35,36,37,38,39,40,49,42,7,44,45,60,47,48,21,50,51,53,13,54,55,6,57,58,59,2,61,62,46,64,65,66,67,68,69,70,71,72,73,74,75,76,77,78,79,80,81,82,83,84,85,86,87,88,89,90,91,92,93,94,95,96,97,98,99,100,101,102,103,104,105,106,107,108,109,110,111,112,113,114,115,116,117,118,119,120,121,122,123,124,125,126,127,128,129,130,131,132,133,134,135,136,137,138,139,140,141,142,143,144,145,146,147,148,149,150,151,152,153,154,155,156,157,158,159,160,161,162,163,164,165,166,167,168,169,170,171,172,173,174,175,176,177,178,179,180,181,182,183,184,185,186,187,188,189,190,191,192,193,194,195,196,197,198,199];False
8860;9239;18099;[41,0,11,52,26,43,18,30,8,9,4,1,12,32,14,15,16,17,10,19,20,3,22,23,24,25,5,27,28,56,63,31,29,33,34,35,36,37,38,39,40,49,42,7,44,45,60,47,48,21,50,51,53,13,54,55,6,57,58,59,2,61,62,46,64,65,66,67,68,69,70,71,72,73,74,75,76,77,78,79,80,81,82,83,84,85,86,87,88,89,90,91,92,93,94,95,96,97,98,99,100,101,102,103,104,105,106,107,108,109,110,111,112,113,114,115,116,117,118,119,120,121,122,123,124,125,126,127,128,129,130,131,132,133,134,135,136,137,138,139,140,141,142,143,144,145,146,147,148,149,150,151,152,153,154,155,156,157,158,159,160,161,162,163,164,165,166,167,168,169,170,171,172,173,174,175,176,177,178,179,180,181,182,183,184,185,186,187,188,189,190,191,192,193,194,195,196,197,198,199];False
8854;9223;18077;[34,0,11,52,26,43,18,30,8,9,4,1,12,32,14,15,16,17,10,19,20,41,22,23,24,25,5,27,28,56,63,31,29,33,3,35,36,37,38,39,40,49,42,7,44,45,60,47,48,21,50,51,53,13,54,55,6,57,58,59,2,61,62,46,64,65,66,67,68,69,70,71,72,73,74,75,76,77,78,79,80,81,82,83,84,85,86,87,88,89,90,91,92,93,94,95,96,97,98,99,100,101,102,103,104,105,106,107,108,109,110,111,112,113,114,115,116,117,118,119,120,121,122,123,124,125,126,127,128,129,130,131,132,133,134,135,136,137,138,139,140,141,142,143,144,145,146,147,148,149,150,151,152,153,154,155,156,157,158,159,160,161,162,163,164,165,166,167,168,169,170,171,172,173,174,175,176,177,178,179,180,181,182,183,184,185,186,187,188,189,190,191,192,193,194,195,196,197,198,199];False
9544;9201;18745;[10,0,11,52,1,43,30,2,32,9,41,49,12,18,7,15,29,17,16,14,3,6,22,23,24,25,26,27,8,56,21,31,19,33,20,35,36,37,38,39,40,5,42,28,44,45,46,47,48,4,50,51,34,53,54,55,13,57,58,59,60,61,62,63,64,65,66,67,68,69,70,71,72,73,74,75,76,77,78,79,80,81,82,83,84,85,86,87,88,89,90,91,92,93,94,95,96,97,98,99,100,101,102,103,104,105,106,107,108,109,110,111,112,113,114,115,116,117,118,119,120,121,122,123,124,125,126,127,128,129,130,131,132,133,134,135,136,137,138,139,140,141,142,143,144,145,146,147,148,149,150,151,152,153,154,155,156,157,158,159,160,161,162,163,164,165,166,167,168,169,170,171,172,173,174,175,176,177,178,179,180,181,182,183,184,185,186,187,188,189,190,191,192,193,194,195,196,197,198,199];False
9584;9190;18774;[46,0,11,52,1,43,30,2,32,9,41,49,12,18,7,15,29,17,16,14,3,6,22,23,24,25,26,27,8,56,21,31,19,33,20,35,36,37,38,39,40,10,42,28,44,45,5,47,48,4,50,51,34,53,54,55,13,57,58,59,60,61,62,63,64,65,66,67,68,69,70,71,72,73,74,75,76,77,78,79,80,81,82,83,84,85,86,87,88,89,90,91,92,93,94,95,96,97,98,99,100,101,102,103,104,105,106,107,108,109,110,111,112,113,114,115,116,117,118,119,120,121,122,123,124,125,126,127,128,129,130,131,132,133,134,135,136,137,138,139,140,141,142,143,144,145,146,147,148,149,150,151,152,153,154,155,156,157,158,159,160,161,162,163,164,165,166,167,168,169,170,171,172,173,174,175,176,177,178,179,180,181,182,183,184,185,186,187,188,189,190,191,192,193,194,195,196,197,198,199];False
9557;9181;18738;[53,0,11,52,1,43,30,2,32,9,41,49,12,18,7,15,29,17,16,14,3,6,22,23,24,25,26,27,8,56,21,31,19,33,20,35,36,37,38,39,40,10,42,28,44,45,46,47,48,4,50,51,34,5,54,55,13,57,58,59,60,61,62,63,64,65,66,67,68,69,70,71,72,73,74,75,76,77,78,79,80,81,82,83,84,85,86,87,88,89,90,91,92,93,94,95,96,97,98,99,100,101,102,103,104,105,106,107,108,109,110,111,112,113,114,115,116,117,118,119,120,121,122,123,124,125,126,127,128,129,130,131,132,133,134,135,136,137,138,139,140,141,142,143,144,145,146,147,148,149,150,151,152,153,154,155,156,157,158,159,160,161,162,163,164,165,166,167,168,169,170,171,172,173,174,175,176,177,178,179,180,181,182,183,184,185,186,187,188,189,190,191,192,193,194,195,196,197,198,199];False
8640;9345;17985;[14,0,11,3,26,43,18,30,8,9,4,1,12,32,10,15,16,60,64,19,20,41,22,23,24,25,5,27,28,56,63,31,29,33,17,35,36,37,38,39,40,49,42,7,44,45,46,47,48,21,50,51,52,53,54,55,6,57,58,59,2,61,62,67,13,65,66,34,68,69,70,71,72,73,74,75,76,77,78,79,80,81,82,83,84,85,86,87,88,89,90,91,92,93,94,95,96,97,98,99,100,101,102,103,104,105,106,107,108,109,110,111,112,113,114,115,116,117,118,119,120,121,122,123,124,125,126,127,128,129,130,131,132,133,134,135,136,137,138,139,140,141,142,143,144,145,146,147,148,149,150,151,152,153,154,155,156,157,158,159,160,161,162,163,164,165,166,167,168,169,170,171,172,173,174,175,176,177,178,179,180,181,182,183,184,185,186,187,188,189,190,191,192,193,194,195,196,197,198,199];False
8670;9341;18011;[23,0,11,3,26,43,18,30,8,9,4,1,12,32,14,15,16,60,64,19,20,41,22,10,24,25,5,27,28,56,63,31,29,33,17,35,36,37,38,39,40,49,42,7,44,45,46,47,48,21,50,51,52,53,54,55,6,57,58,59,2,61,62,67,13,65,66,34,68,69,70,71,72,73,74,75,76,77,78,79,80,81,82,83,84,85,86,87,88,89,90,91,92,93,94,95,96,97,98,99,100,101,102,103,104,105,106,107,108,109,110,111,112,113,114,115,116,117,118,119,120,121,122,123,124,125,126,127,128,129,130,131,132,133,134,135,136,137,138,139,140,141,142,143,144,145,146,147,148,149,150,151,152,153,154,155,156,157,158,159,160,161,162,163,164,165,166,167,168,169,170,171,172,173,174,175,176,177,178,179,180,181,182,183,184,185,186,187,188,189,190,191,192,193,194,195,196,197,198,199];False
8622;9342;17964;[5,0,11,3,26,43,18,30,8,9,4,1,12,32,14,15,16,60,64,19,20,41,22,23,24,25,10,27,28,56,63,31,29,33,17,35,36,37,38,39,40,49,42,7,44,45,46,47,48,21,50,51,52,53,54,55,6,57,58,59,2,61,62,67,13,65,66,34,68,69,70,71,72,73,74,75,76,77,78,79,80,81,82,83,84,85,86,87,88,89,90,91,92,93,94,95,96,97,98,99,100,101,102,103,104,105,106,107,108,109,110,111,112,113,114,115,116,117,118,119,120,121,122,123,124,125,126,127,128,129,130,131,132,133,134,135,136,137,138,139,140,141,142,143,144,145,146,147,148,149,150,151,152,153,154,155,156,157,158,159,160,161,162,163,164,165,166,167,168,169,170,171,172,173,174,175,176,177,178,179,180,181,182,183,184,185,186,187,188,189,190,191,192,193,194,195,196,197,198,199];False
8617;9344;17961;[46,0,11,3,26,43,18,30,8,9,4,1,12,32,14,15,16,60,64,19,20,41,22,23,24,25,5,27,28,56,63,31,29,33,17,35,36,37,38,39,40,49,42,7,44,45,10,47,48,21,50,51,52,53,54,55,6,57,58,59,2,61,62,67,13,65,66,34,68,69,70,71,72,73,74,75,76,77,78,79,80,81,82,83,84,85,86,87,88,89,90,91,92,93,94,95,96,97,98,99,100,101,102,103,104,105,106,107,108,109,110,111,112,113,114,115,116,117,118,119,120,121,122,123,124,125,126,127,128,129,130,131,132,133,134,135,136,137,138,139,140,141,142,143,144,145,146,147,148,149,150,151,152,153,154,155,156,157,158,159,160,161,162,163,164,165,166,167,168,169,170,171,172,173,174,175,176,177,178,179,180,181,182,183,184,185,186,187,188,189,190,191,192,193,194,195,196,197,198,199];False
8561;9427;17988;[26,0,11,3,20,43,18,30,8,9,4,1,12,32,14,15,16,60,10,19,64,41,22,23,24,25,5,27,28,56,63,31,29,33,17,35,36,37,38,39,40,49,42,7,44,45,46,47,48,21,50,51,52,53,54,55,6,57,58,59,2,61,62,67,13,65,66,34,68,69,70,71,72,73,74,75,76,77,78,79,80,81,82,83,84,85,86,87,88,89,90,91,92,93,94,95,96,97,98,99,100,101,102,103,104,105,106,107,108,109,110,111,112,113,114,115,116,117,118,119,120,121,122,123,124,125,126,127,128,129,130,131,132,133,134,135,136,137,138,139,140,141,142,143,144,145,146,147,148,149,150,151,152,153,154,155,156,157,158,159,160,161,162,163,164,165,166,167,168,169,170,171,172,173,174,175,176,177,178,179,180,181,182,183,184,185,186,187,188,189,190,191,192,193,194,195,196,197,198,199];False
8536;9364;17900;[10,0,11,3,26,43,18,30,8,9,4,1,12,32,14,15,16,60,20,19,64,41,22,23,24,25,5,27,28,56,63,31,29,33,17,35,36,37,38,39,40,49,42,7,44,45,46,47,48,21,50,51,52,53,54,55,6,57,58,59,2,61,62,67,13,65,66,34,68,69,70,71,72,73,74,75,76,77,78,79,80,81,82,83,84,85,86,87,88,89,90,91,92,93,94,95,96,97,98,99,100,101,102,103,104,105,106,107,108,109,110,111,112,113,114,115,116,117,118,119,120,121,122,123,124,125,126,127,128,129,130,131,132,133,134,135,136,137,138,139,140,141,142,143,144,145,146,147,148,149,150,151,152,153,154,155,156,157,158,159,160,161,162,163,164,165,166,167,168,169,170,171,172,173,174,175,176,177,178,179,180,181,182,183,184,185,186,187,188,189,190,191,192,193,194,195,196,197,198,199];False
8697;9281;17978;[4,52,11,3,26,43,18,30,8,9,33,1,12,32,14,15,16,17,10,19,20,41,22,23,24,25,5,27,28,56,63,31,29,0,34,35,36,37,38,39,40,49,42,7,44,45,60,47,48,21,50,51,53,13,54,55,6,57,58,59,2,61,62,46,64,65,66,67,68,69,70,71,72,73,74,75,76,77,78,79,80,81,82,83,84,85,86,87,88,89,90,91,92,93,94,95,96,97,98,99,100,101,102,103,104,105,106,107,108,109,110,111,112,113,114,115,116,117,118,119,120,121,122,123,124,125,126,127,128,129,130,131,132,133,134,135,136,137,138,139,140,141,142,143,144,145,146,147,148,149,150,151,152,153,154,155,156,157,158,159,160,161,162,163,164,165,166,167,168,169,170,171,172,173,174,175,176,177,178,179,180,181,182,183,184,185,186,187,188,189,190,191,192,193,194,195,196,197,198,199];False
8812;9250;18062;[6,52,11,3,26,43,18,30,8,9,4,1,12,32,14,15,16,17,10,19,20,41,22,23,24,25,5,27,28,56,63,31,29,33,34,35,36,37,38,39,40,49,42,7,44,45,60,47,48,21,50,51,53,13,54,55,58,57,0,59,2,61,62,46,64,65,66,67,68,69,70,71,72,73,74,75,76,77,78,79,80,81,82,83,84,85,86,87,88,89,90,91,92,93,94,95,96,97,98,99,100,101,102,103,104,105,106,107,108,109,110,111,112,113,114,115,116,117,118,119,120,121,122,123,124,125,126,127,128,129,130,131,132,133,134,135,136,137,138,139,140,141,142,143,144,145,146,147,148,149,150,151,152,153,154,155,156,157,158,159,160,161,162,163,164,165,166,167,168,169,170,171,172,173,174,175,176,177,178,179,180,181,182,183,184,185,186,187,188,189,190,191,192,193,194,195,196,197,198,199];False
8706;9262;17968;[61,52,11,3,26,43,18,30,8,9,4,1,12,32,14,15,16,17,10,19,20,41,22,23,24,25,5,27,28,56,63,31,29,33,34,35,36,37,38,39,40,49,42,7,44,45,60,47,48,21,50,51,53,13,54,55,6,57,0,59,2,58,62,46,64,65,66,67,68,69,70,71,72,73,74,75,76,77,78,79,80,81,82,83,84,85,86,87,88,89,90,91,92,93,94,95,96,97,98,99,100,101,102,103,104,105,106,107,108,109,110,111,112,113,114,115,116,117,118,119,120,121,122,123,124,125,126,127,128,129,130,131,132,133,134,135,136,137,138,139,140,141,142,143,144,145,146,147,148,149,150,151,152,153,154,155,156,157,158,159,160,161,162,163,164,165,166,167,168,169,170,171,172,173,174,175,176,177,178,179,180,181,182,183,184,185,186,187,188,189,190,191,192,193,194,195,196,197,198,199];False
8843;9215;18058;[46,52,11,3,26,43,18,30,8,9,4,1,12,32,14,15,16,17,10,19,20,41,22,23,24,25,5,27,28,56,63,31,29,33,34,35,36,37,38,39,40,49,42,7,44,45,60,47,48,21,50,51,53,13,54,55,6,57,0,59,2,61,62,58,64,65,66,67,68,69,70,71,72,73,74,75,76,77,78,79,80,81,82,83,84,85,86,87,88,89,90,91,92,93,94,95,96,97,98,99,100,101,102,103,104,105,106,107,108,109,110,111,112,113,114,115,116,117,118,119,120,121,122,123,124,125,126,127,128,129,130,131,132,133,134,135,136,137,138,139,140,141,142,143,144,145,146,147,148,149,150,151,152,153,154,155,156,157,158,159,160,161,162,163,164,165,166,167,168,169,170,171,172,173,174,175,176,177,178,179,180,181,182,183,184,185,186,187,188,189,190,191,192,193,194,195,196,197,198,199];False
8735;9244;17979;[52,61,11,3,26,43,18,30,8,9,4,1,12,32,14,15,16,17,10,19,20,41,22,23,24,25,5,27,28,56,63,31,29,33,34,35,36,37,38,39,40,49,42,7,44,45,60,47,48,21,50,51,53,13,54,55,6,57,58,59,2,0,62,46,64,65,66,67,68,69,70,71,72,73,74,75,76,77,78,79,80,81,82,83,84,85,86,87,88,89,90,91,92,93,94,95,96,97,98,99,100,101,102,103,104,105,106,107,108,109,110,111,112,113,114,115,116,117,118,119,120,121,122,123,124,125,126,127,128,129,130,131,132,133,134,135,136,137,138,139,140,141,142,143,144,145,146,147,148,149,150,151,152,153,154,155,156,157,158,159,160,161,162,163,164,165,166,167,168,169,170,171,172,173,174,175,176,177,178,179,180,181,182,183,184,185,186,187,188,189,190,191,192,193,194,195,196,197,198,199];False
8817;9239;18056;[11,52,61,3,26,43,18,30,8,9,4,1,12,32,14,15,16,17,10,19,20,41,22,23,24,25,5,27,28,56,63,31,29,33,34,35,36,37,38,39,40,49,42,7,44,45,60,47,48,21,50,51,53,13,54,55,6,57,58,59,2,0,62,46,64,65,66,67,68,69,70,71,72,73,74,75,76,77,78,79,80,81,82,83,84,85,86,87,88,89,90,91,92,93,94,95,96,97,98,99,100,101,102,103,104,105,106,107,108,109,110,111,112,113,114,115,116,117,118,119,120,121,122,123,124,125,126,127,128,129,130,131,132,133,134,135,136,137,138,139,140,141,142,143,144,145,146,147,148,149,150,151,152,153,154,155,156,157,158,159,160,161,162,163,164,165,166,167,168,169,170,171,172,173,174,175,176,177,178,179,180,181,182,183,184,185,186,187,188,189,190,191,192,193,194,195,196,197,198,199];False
8731;9242;17973;[43,52,11,3,26,61,18,30,8,9,4,1,12,32,14,15,16,17,10,19,20,41,22,23,24,25,5,27,28,56,63,31,29,33,34,35,36,37,38,39,40,49,42,7,44,45,60,47,48,21,50,51,53,13,54,55,6,57,58,59,2,0,62,46,64,65,66,67,68,69,70,71,72,73,74,75,76,77,78,79,80,81,82,83,84,85,86,87,88,89,90,91,92,93,94,95,96,97,98,99,100,101,102,103,104,105,106,107,108,109,110,111,112,113,114,115,116,117,118,119,120,121,122,123,124,125,126,127,128,129,130,131,132,133,134,135,136,137,138,139,140,141,142,143,144,145,146,147,148,149,150,151,152,153,154,155,156,157,158,159,160,161,162,163,164,165,166,167,168,169,170,171,172,173,174,175,176,177,178,179,180,181,182,183,184,185,186,187,188,189,190,191,192,193,194,195,196,197,198,199];False
8805;9240;18045;[8,52,11,3,26,43,18,30,61,9,4,1,12,32,14,15,16,17,10,19,20,41,22,23,24,25,5,27,28,56,63,31,29,33,34,35,36,37,38,39,40,49,42,7,44,45,60,47,48,21,50,51,53,13,54,55,6,57,58,59,2,0,62,46,64,65,66,67,68,69,70,71,72,73,74,75,76,77,78,79,80,81,82,83,84,85,86,87,88,89,90,91,92,93,94,95,96,97,98,99,100,101,102,103,104,105,106,107,108,109,110,111,112,113,114,115,116,117,118,119,120,121,122,123,124,125,126,127,128,129,130,131,132,133,134,135,136,137,138,139,140,141,142,143,144,145,146,147,148,149,150,151,152,153,154,155,156,157,158,159,160,161,162,163,164,165,166,167,168,169,170,171,172,173,174,175,176,177,178,179,180,181,182,183,184,185,186,187,188,189,190,191,192,193,194,195,196,197,198,199];False
8778;9222;18000;[4,52,11,3,26,43,18,30,8,9,61,1,12,32,14,15,16,17,10,19,20,41,22,23,24,25,5,27,28,56,63,31,29,33,34,35,36,37,38,39,40,49,42,7,44,45,60,47,48,21,50,51,53,13,54,55,6,57,58,59,2,0,62,46,64,65,66,67,68,69,70,71,72,73,74,75,76,77,78,79,80,81,82,83,84,85,86,87,88,89,90,91,92,93,94,95,96,97,98,99,100,101,102,103,104,105,106,107,108,109,110,111,112,113,114,115,116,117,118,119,120,121,122,123,124,125,126,127,128,129,130,131,132,133,134,135,136,137,138,139,140,141,142,143,144,145,146,147,148,149,150,151,152,153,154,155,156,157,158,159,160,161,162,163,164,165,166,167,168,169,170,171,172,173,174,175,176,177,178,179,180,181,182,183,184,185,186,187,188,189,190,191,192,193,194,195,196,197,198,199];False
8777;9234;18011;[17,52,11,3,26,43,18,30,8,9,4,1,12,32,14,15,16,61,10,19,20,41,22,23,24,25,5,27,28,56,63,31,29,33,34,35,36,37,38,39,40,49,42,7,44,45,60,47,48,21,50,51,53,13,54,55,6,57,58,59,2,0,62,46,64,65,66,67,68,69,70,71,72,73,74,75,76,77,78,79,80,81,82,83,84,85,86,87,88,89,90,91,92,93,94,95,96,97,98,99,100,101,102,103,104,105,106,107,108,109,110,111,112,113,114,115,116,117,118,119,120,121,122,123,124,125,126,127,128,129,130,131,132,133,134,135,136,137,138,139,140,141,142,143,144,145,146,147,148,149,150,151,152,153,154,155,156,157,158,159,160,161,162,163,164,165,166,167,168,169,170,171,172,173,174,175,176,177,178,179,180,181,182,183,184,185,186,187,188,189,190,191,192,193,194,195,196,197,198,199];False
8741;9201;17942;[20,52,11,3,26,43,18,30,8,9,4,1,12,32,14,15,16,17,10,19,61,41,22,23,24,25,5,27,28,56,63,31,29,33,34,35,36,37,38,39,40,49,42,7,44,45,60,47,48,21,50,51,53,13,54,55,6,57,58,59,2,0,62,46,64,65,66,67,68,69,70,71,72,73,74,75,76,77,78,79,80,81,82,83,84,85,86,87,88,89,90,91,92,93,94,95,96,97,98,99,100,101,102,103,104,105,106,107,108,109,110,111,112,113,114,115,116,117,118,119,120,121,122,123,124,125,126,127,128,129,130,131,132,133,134,135,136,137,138,139,140,141,142,143,144,145,146,147,148,149,150,151,152,153,154,155,156,157,158,159,160,161,162,163,164,165,166,167,168,169,170,171,172,173,174,175,176,177,178,179,180,181,182,183,184,185,186,187,188,189,190,191,192,193,194,195,196,197,198,199];False
8699;9252;17951;[25,52,11,3,26,43,18,30,8,9,4,1,12,32,14,15,16,17,10,19,20,41,22,23,24,61,5,27,28,56,63,31,29,33,34,35,36,37,38,39,40,49,42,7,44,45,60,47,48,21,50,51,53,13,54,55,6,57,58,59,2,0,62,46,64,65,66,67,68,69,70,71,72,73,74,75,76,77,78,79,80,81,82,83,84,85,86,87,88,89,90,91,92,93,94,95,96,97,98,99,100,101,102,103,104,105,106,107,108,109,110,111,112,113,114,115,116,117,118,119,120,121,122,123,124,125,126,127,128,129,130,131,132,133,134,135,136,137,138,139,140,141,142,143,144,145,146,147,148,149,150,151,152,153,154,155,156,157,158,159,160,161,162,163,164,165,166,167,168,169,170,171,172,173,174,175,176,177,178,179,180,181,182,183,184,185,186,187,188,189,190,191,192,193,194,195,196,197,198,199];False
9537;9181;18718;[29,0,11,52,1,43,30,2,32,9,41,49,12,18,7,15,53,17,16,14,3,6,22,23,24,25,26,27,8,56,21,31,19,33,20,35,36,37,38,39,40,10,42,28,44,45,46,47,48,4,50,51,34,5,54,55,13,57,58,59,60,61,62,63,64,65,66,67,68,69,70,71,72,73,74,75,76,77,78,79,80,81,82,83,84,85,86,87,88,89,90,91,92,93,94,95,96,97,98,99,100,101,102,103,104,105,106,107,108,109,110,111,112,113,114,115,116,117,118,119,120,121,122,123,124,125,126,127,128,129,130,131,132,133,134,135,136,137,138,139,140,141,142,143,144,145,146,147,148,149,150,151,152,153,154,155,156,157,158,159,160,161,162,163,164,165,166,167,168,169,170,171,172,173,174,175,176,177,178,179,180,181,182,183,184,185,186,187,188,189,190,191,192,193,194,195,196,197,198,199];False
8590;9346;17936;[20,0,11,3,26,43,18,30,8,9,4,1,12,32,14,15,16,60,64,19,5,41,22,23,24,25,10,27,28,56,63,31,29,33,17,35,36,37,38,39,40,49,42,7,44,45,46,47,48,21,50,51,52,53,54,55,6,57,58,59,2,61,62,67,13,65,66,34,68,69,70,71,72,73,74,75,76,77,78,79,80,81,82,83,84,85,86,87,88,89,90,91,92,93,94,95,96,97,98,99,100,101,102,103,104,105,106,107,108,109,110,111,112,113,114,115,116,117,118,119,120,121,122,123,124,125,126,127,128,129,130,131,132,133,134,135,136,137,138,139,140,141,142,143,144,145,146,147,148,149,150,151,152,153,154,155,156,157,158,159,160,161,162,163,164,165,166,167,168,169,170,171,172,173,174,175,176,177,178,179,180,181,182,183,184,185,186,187,188,189,190,191,192,193,194,195,196,197,198,199];False
8637;9336;17973;[46,0,11,3,26,43,18,30,8,9,4,1,12,32,14,15,16,60,64,19,20,41,22,23,24,25,10,27,28,56,63,31,29,33,17,35,36,37,38,39,40,49,42,7,44,45,5,47,48,21,50,51,52,53,54,55,6,57,58,59,2,61,62,67,13,65,66,34,68,69,70,71,72,73,74,75,76,77,78,79,80,81,82,83,84,85,86,87,88,89,90,91,92,93,94,95,96,97,98,99,100,101,102,103,104,105,106,107,108,109,110,111,112,113,114,115,116,117,118,119,120,121,122,123,124,125,126,127,128,129,130,131,132,133,134,135,136,137,138,139,140,141,142,143,144,145,146,147,148,149,150,151,152,153,154,155,156,157,158,159,160,161,162,163,164,165,166,167,168,169,170,171,172,173,174,175,176,177,178,179,180,181,182,183,184,185,186,187,188,189,190,191,192,193,194,195,196,197,198,199];False
8560;9352;17912;[51,0,11,3,26,43,18,30,8,9,4,1,12,32,14,15,16,60,64,19,20,41,22,23,24,25,10,27,28,56,63,31,29,33,17,35,36,37,38,39,40,49,42,7,44,45,46,47,48,21,50,5,52,53,54,55,6,57,58,59,2,61,62,67,13,65,66,34,68,69,70,71,72,73,74,75,76,77,78,79,80,81,82,83,84,85,86,87,88,89,90,91,92,93,94,95,96,97,98,99,100,101,102,103,104,105,106,107,108,109,110,111,112,113,114,115,116,117,118,119,120,121,122,123,124,125,126,127,128,129,130,131,132,133,134,135,136,137,138,139,140,141,142,143,144,145,146,147,148,149,150,151,152,153,154,155,156,157,158,159,160,161,162,163,164,165,166,167,168,169,170,171,172,173,174,175,176,177,178,179,180,181,182,183,184,185,186,187,188,189,190,191,192,193,194,195,196,197,198,199];False
8622;9323;17945;[53,0,11,3,26,43,18,30,8,9,4,1,12,32,14,15,16,60,64,19,20,41,22,23,24,25,10,27,28,56,63,31,29,33,17,35,36,37,38,39,40,49,42,7,44,45,46,47,48,21,50,51,52,5,54,55,6,57,58,59,2,61,62,67,13,65,66,34,68,69,70,71,72,73,74,75,76,77,78,79,80,81,82,83,84,85,86,87,88,89,90,91,92,93,94,95,96,97,98,99,100,101,102,103,104,105,106,107,108,109,110,111,112,113,114,115,116,117,118,119,120,121,122,123,124,125,126,127,128,129,130,131,132,133,134,135,136,137,138,139,140,141,142,143,144,145,146,147,148,149,150,151,152,153,154,155,156,157,158,159,160,161,162,163,164,165,166,167,168,169,170,171,172,173,174,175,176,177,178,179,180,181,182,183,184,185,186,187,188,189,190,191,192,193,194,195,196,197,198,199];False
8650;9321;17971;[20,0,11,3,26,43,18,30,8,9,4,1,12,32,14,15,16,60,64,19,46,41,22,23,24,25,5,27,28,56,63,31,29,33,17,35,36,37,38,39,40,49,42,7,44,45,10,47,48,21,50,51,52,53,54,55,6,57,58,59,2,61,62,67,13,65,66,34,68,69,70,71,72,73,74,75,76,77,78,79,80,81,82,83,84,85,86,87,88,89,90,91,92,93,94,95,96,97,98,99,100,101,102,103,104,105,106,107,108,109,110,111,112,113,114,115,116,117,118,119,120,121,122,123,124,125,126,127,128,129,130,131,132,133,134,135,136,137,138,139,140,141,142,143,144,145,146,147,148,149,150,151,152,153,154,155,156,157,158,159,160,161,162,163,164,165,166,167,168,169,170,171,172,173,174,175,176,177,178,179,180,181,182,183,184,185,186,187,188,189,190,191,192,193,194,195,196,197,198,199];False
8618;9338;17956;[5,0,11,3,26,43,18,30,8,9,4,1,12,32,14,15,16,60,64,19,20,41,22,23,24,25,46,27,28,56,63,31,29,33,17,35,36,37,38,39,40,49,42,7,44,45,10,47,48,21,50,51,52,53,54,55,6,57,58,59,2,61,62,67,13,65,66,34,68,69,70,71,72,73,74,75,76,77,78,79,80,81,82,83,84,85,86,87,88,89,90,91,92,93,94,95,96,97,98,99,100,101,102,103,104,105,106,107,108,109,110,111,112,113,114,115,116,117,118,119,120,121,122,123,124,125,126,127,128,129,130,131,132,133,134,135,136,137,138,139,140,141,142,143,144,145,146,147,148,149,150,151,152,153,154,155,156,157,158,159,160,161,162,163,164,165,166,167,168,169,170,171,172,173,174,175,176,177,178,179,180,181,182,183,184,185,186,187,188,189,190,191,192,193,194,195,196,197,198,199];False
8598;9331;17929;[65,0,11,3,26,43,18,30,8,9,4,1,12,32,14,15,16,60,64,19,20,41,22,23,24,25,5,27,28,56,63,31,29,33,17,35,36,37,38,39,40,49,42,7,44,45,10,47,48,21,50,51,52,53,54,55,6,57,58,59,2,61,62,67,13,46,66,34,68,69,70,71,72,73,74,75,76,77,78,79,80,81,82,83,84,85,86,87,88,89,90,91,92,93,94,95,96,97,98,99,100,101,102,103,104,105,106,107,108,109,110,111,112,113,114,115,116,117,118,119,120,121,122,123,124,125,126,127,128,129,130,131,132,133,134,135,136,137,138,139,140,141,142,143,144,145,146,147,148,149,150,151,152,153,154,155,156,157,158,159,160,161,162,163,164,165,166,167,168,169,170,171,172,173,174,175,176,177,178,179,180,181,182,183,184,185,186,187,188,189,190,191,192,193,194,195,196,197,198,199];False
8557;9363;17920;[14,0,11,3,26,43,18,30,8,9,4,1,12,32,10,15,16,60,20,19,64,41,22,23,24,25,5,27,28,56,63,31,29,33,17,35,36,37,38,39,40,49,42,7,44,45,46,47,48,21,50,51,52,53,54,55,6,57,58,59,2,61,62,67,13,65,66,34,68,69,70,71,72,73,74,75,76,77,78,79,80,81,82,83,84,85,86,87,88,89,90,91,92,93,94,95,96,97,98,99,100,101,102,103,104,105,106,107,108,109,110,111,112,113,114,115,116,117,118,119,120,121,122,123,124,125,126,127,128,129,130,131,132,133,134,135,136,137,138,139,140,141,142,143,144,145,146,147,148,149,150,151,152,153,154,155,156,157,158,159,160,161,162,163,164,165,166,167,168,169,170,171,172,173,174,175,176,177,178,179,180,181,182,183,184,185,186,187,188,189,190,191,192,193,194,195,196,197,198,199];False
8539;9360;17899;[5,0,11,3,26,43,18,30,8,9,4,1,12,32,14,15,16,60,20,19,64,41,22,23,24,25,10,27,28,56,63,31,29,33,17,35,36,37,38,39,40,49,42,7,44,45,46,47,48,21,50,51,52,53,54,55,6,57,58,59,2,61,62,67,13,65,66,34,68,69,70,71,72,73,74,75,76,77,78,79,80,81,82,83,84,85,86,87,88,89,90,91,92,93,94,95,96,97,98,99,100,101,102,103,104,105,106,107,108,109,110,111,112,113,114,115,116,117,118,119,120,121,122,123,124,125,126,127,128,129,130,131,132,133,134,135,136,137,138,139,140,141,142,143,144,145,146,147,148,149,150,151,152,153,154,155,156,157,158,159,160,161,162,163,164,165,166,167,168,169,170,171,172,173,174,175,176,177,178,179,180,181,182,183,184,185,186,187,188,189,190,191,192,193,194,195,196,197,198,199];False
8534;9362;17896;[46,0,11,3,26,43,18,30,8,9,4,1,12,32,14,15,16,60,20,19,64,41,22,23,24,25,5,27,28,56,63,31,29,33,17,35,36,37,38,39,40,49,42,7,44,45,10,47,48,21,50,51,52,53,54,55,6,57,58,59,2,61,62,67,13,65,66,34,68,69,70,71,72,73,74,75,76,77,78,79,80,81,82,83,84,85,86,87,88,89,90,91,92,93,94,95,96,97,98,99,100,101,102,103,104,105,106,107,108,109,110,111,112,113,114,115,116,117,118,119,120,121,122,123,124,125,126,127,128,129,130,131,132,133,134,135,136,137,138,139,140,141,142,143,144,145,146,147,148,149,150,151,152,153,154,155,156,157,158,159,160,161,162,163,164,165,166,167,168,169,170,171,172,173,174,175,176,177,178,179,180,181,182,183,184,185,186,187,188,189,190,191,192,193,194,195,196,197,198,199];False
8649;9281;17930;[17,52,11,3,26,43,18,30,8,9,33,1,12,32,14,15,16,4,10,19,20,41,22,23,24,25,5,27,28,56,63,31,29,0,34,35,36,37,38,39,40,49,42,7,44,45,60,47,48,21,50,51,53,13,54,55,6,57,58,59,2,61,62,46,64,65,66,67,68,69,70,71,72,73,74,75,76,77,78,79,80,81,82,83,84,85,86,87,88,89,90,91,92,93,94,95,96,97,98,99,100,101,102,103,104,105,106,107,108,109,110,111,112,113,114,115,116,117,118,119,120,121,122,123,124,125,126,127,128,129,130,131,132,133,134,135,136,137,138,139,140,141,142,143,144,145,146,147,148,149,150,151,152,153,154,155,156,157,158,159,160,161,162,163,164,165,166,167,168,169,170,171,172,173,174,175,176,177,178,179,180,181,182,183,184,185,186,187,188,189,190,191,192,193,194,195,196,197,198,199];False
8684;9246;17930;[25,52,11,3,26,61,18,30,8,9,4,1,12,32,14,15,16,17,10,19,20,41,22,23,24,43,5,27,28,56,63,31,29,33,34,35,36,37,38,39,40,49,42,7,44,45,60,47,48,21,50,51,53,13,54,55,6,57,58,59,2,0,62,46,64,65,66,67,68,69,70,71,72,73,74,75,76,77,78,79,80,81,82,83,84,85,86,87,88,89,90,91,92,93,94,95,96,97,98,99,100,101,102,103,104,105,106,107,108,109,110,111,112,113,114,115,116,117,118,119,120,121,122,123,124,125,126,127,128,129,130,131,132,133,134,135,136,137,138,139,140,141,142,143,144,145,146,147,148,149,150,151,152,153,154,155,156,157,158,159,160,161,162,163,164,165,166,167,168,169,170,171,172,173,174,175,176,177,178,179,180,181,182,183,184,185,186,187,188,189,190,191,192,193,194,195,196,197,198,199];False
8724;9240;17964;[62,52,11,3,26,61,18,30,8,9,4,1,12,32,14,15,16,17,10,19,20,41,22,23,24,25,5,27,28,56,63,31,29,33,34,35,36,37,38,39,40,49,42,7,44,45,60,47,48,21,50,51,53,13,54,55,6,57,58,59,2,0,43,46,64,65,66,67,68,69,70,71,72,73,74,75,76,77,78,79,80,81,82,83,84,85,86,87,88,89,90,91,92,93,94,95,96,97,98,99,100,101,102,103,104,105,106,107,108,109,110,111,112,113,114,115,116,117,118,119,120,121,122,123,124,125,126,127,128,129,130,131,132,133,134,135,136,137,138,139,140,141,142,143,144,145,146,147,148,149,150,151,152,153,154,155,156,157,158,159,160,161,162,163,164,165,166,167,168,169,170,171,172,173,174,175,176,177,178,179,180,181,182,183,184,185,186,187,188,189,190,191,192,193,194,195,196,197,198,199];False
8739;9235;17974;[11,52,20,3,26,43,18,30,8,9,4,1,12,32,14,15,16,17,10,19,61,41,22,23,24,25,5,27,28,56,63,31,29,33,34,35,36,37,38,39,40,49,42,7,44,45,60,47,48,21,50,51,53,13,54,55,6,57,58,59,2,0,62,46,64,65,66,67,68,69,70,71,72,73,74,75,76,77,78,79,80,81,82,83,84,85,86,87,88,89,90,91,92,93,94,95,96,97,98,99,100,101,102,103,104,105,106,107,108,109,110,111,112,113,114,115,116,117,118,119,120,121,122,123,124,125,126,127,128,129,130,131,132,133,134,135,136,137,138,139,140,141,142,143,144,145,146,147,148,149,150,151,152,153,154,155,156,157,158,159,160,161,162,163,164,165,166,167,168,169,170,171,172,173,174,175,176,177,178,179,180,181,182,183,184,185,186,187,188,189,190,191,192,193,194,195,196,197,198,199];False
8738;9230;17968;[43,52,11,3,26,20,18,30,8,9,4,1,12,32,14,15,16,17,10,19,61,41,22,23,24,25,5,27,28,56,63,31,29,33,34,35,36,37,38,39,40,49,42,7,44,45,60,47,48,21,50,51,53,13,54,55,6,57,58,59,2,0,62,46,64,65,66,67,68,69,70,71,72,73,74,75,76,77,78,79,80,81,82,83,84,85,86,87,88,89,90,91,92,93,94,95,96,97,98,99,100,101,102,103,104,105,106,107,108,109,110,111,112,113,114,115,116,117,118,119,120,121,122,123,124,125,126,127,128,129,130,131,132,133,134,135,136,137,138,139,140,141,142,143,144,145,146,147,148,149,150,151,152,153,154,155,156,157,158,159,160,161,162,163,164,165,166,167,168,169,170,171,172,173,174,175,176,177,178,179,180,181,182,183,184,185,186,187,188,189,190,191,192,193,194,195,196,197,198,199];False
8729;9196;17925;[16,52,11,3,26,43,18,30,8,9,4,1,12,32,14,15,20,17,10,19,61,41,22,23,24,25,5,27,28,56,63,31,29,33,34,35,36,37,38,39,40,49,42,7,44,45,60,47,48,21,50,51,53,13,54,55,6,57,58,59,2,0,62,46,64,65,66,67,68,69,70,71,72,73,74,75,76,77,78,79,80,81,82,83,84,85,86,87,88,89,90,91,92,93,94,95,96,97,98,99,100,101,102,103,104,105,106,107,108,109,110,111,112,113,114,115,116,117,118,119,120,121,122,123,124,125,126,127,128,129,130,131,132,133,134,135,136,137,138,139,140,141,142,143,144,145,146,147,148,149,150,151,152,153,154,155,156,157,158,159,160,161,162,163,164,165,166,167,168,169,170,171,172,173,174,175,176,177,178,179,180,181,182,183,184,185,186,187,188,189,190,191,192,193,194,195,196,197,198,199];False
9596;9178;18774;[16,0,11,52,1,43,30,2,32,9,41,49,12,18,7,15,53,17,29,14,3,6,22,23,24,25,26,27,8,56,21,31,19,33,20,35,36,37,38,39,40,10,42,28,44,45,46,47,48,4,50,51,34,5,54,55,13,57,58,59,60,61,62,63,64,65,66,67,68,69,70,71,72,73,74,75,76,77,78,79,80,81,82,83,84,85,86,87,88,89,90,91,92,93,94,95,96,97,98,99,100,101,102,103,104,105,106,107,108,109,110,111,112,113,114,115,116,117,118,119,120,121,122,123,124,125,126,127,128,129,130,131,132,133,134,135,136,137,138,139,140,141,142,143,144,145,146,147,148,149,150,151,152,153,154,155,156,157,158,159,160,161,162,163,164,165,166,167,168,169,170,171,172,173,174,175,176,177,178,179,180,181,182,183,184,185,186,187,188,189,190,191,192,193,194,195,196,197,198,199];False
9689;9170;18859;[8,0,11,52,1,43,30,2,32,9,41,49,12,18,7,15,53,17,16,14,3,6,22,23,24,25,26,27,29,56,21,31,19,33,20,35,36,37,38,39,40,10,42,28,44,45,46,47,48,4,50,51,34,5,54,55,13,57,58,59,60,61,62,63,64,65,66,67,68,69,70,71,72,73,74,75,76,77,78,79,80,81,82,83,84,85,86,87,88,89,90,91,92,93,94,95,96,97,98,99,100,101,102,103,104,105,106,107,108,109,110,111,112,113,114,115,116,117,118,119,120,121,122,123,124,125,126,127,128,129,130,131,132,133,134,135,136,137,138,139,140,141,142,143,144,145,146,147,148,149,150,151,152,153,154,155,156,157,158,159,160,161,162,163,164,165,166,167,168,169,170,171,172,173,174,175,176,177,178,179,180,181,182,183,184,185,186,187,188,189,190,191,192,193,194,195,196,197,198,199];False
9537;9173;18710;[19,0,11,52,1,43,30,2,32,9,41,49,12,18,7,15,53,17,16,14,3,6,22,23,24,25,26,27,8,56,21,31,29,33,20,35,36,37,38,39,40,10,42,28,44,45,46,47,48,4,50,51,34,5,54,55,13,57,58,59,60,61,62,63,64,65,66,67,68,69,70,71,72,73,74,75,76,77,78,79,80,81,82,83,84,85,86,87,88,89,90,91,92,93,94,95,96,97,98,99,100,101,102,103,104,105,106,107,108,109,110,111,112,113,114,115,116,117,118,119,120,121,122,123,124,125,126,127,128,129,130,131,132,133,134,135,136,137,138,139,140,141,142,143,144,145,146,147,148,149,150,151,152,153,154,155,156,157,158,159,160,161,162,163,164,165,166,167,168,169,170,171,172,173,174,175,176,177,178,179,180,181,182,183,184,185,186,187,188,189,190,191,192,193,194,195,196,197,198,199];False
8554;9350;17904;[17,0,11,3,26,43,18,30,8,9,4,1,12,32,14,15,16,60,64,19,5,41,22,23,24,25,10,27,28,56,63,31,29,33,20,35,36,37,38,39,40,49,42,7,44,45,46,47,48,21,50,51,52,53,54,55,6,57,58,59,2,61,62,67,13,65,66,34,68,69,70,71,72,73,74,75,76,77,78,79,80,81,82,83,84,85,86,87,88,89,90,91,92,93,94,95,96,97,98,99,100,101,102,103,104,105,106,107,108,109,110,111,112,113,114,115,116,117,118,119,120,121,122,123,124,125,126,127,128,129,130,131,132,133,134,135,136,137,138,139,140,141,142,143,144,145,146,147,148,149,150,151,152,153,154,155,156,157,158,159,160,161,162,163,164,165,166,167,168,169,170,171,172,173,174,175,176,177,178,179,180,181,182,183,184,185,186,187,188,189,190,191,192,193,194,195,196,197,198,199];False
8530;9384;17914;[7,0,11,3,26,43,18,30,8,9,4,1,12,32,14,15,16,60,64,19,5,41,22,23,24,25,10,27,28,56,63,31,29,33,17,35,36,37,38,39,40,49,42,20,44,45,46,47,48,21,50,51,52,53,54,55,6,57,58,59,2,61,62,67,13,65,66,34,68,69,70,71,72,73,74,75,76,77,78,79,80,81,82,83,84,85,86,87,88,89,90,91,92,93,94,95,96,97,98,99,100,101,102,103,104,105,106,107,108,109,110,111,112,113,114,115,116,117,118,119,120,121,122,123,124,125,126,127,128,129,130,131,132,133,134,135,136,137,138,139,140,141,142,143,144,145,146,147,148,149,150,151,152,153,154,155,156,157,158,159,160,161,162,163,164,165,166,167,168,169,170,171,172,173,174,175,176,177,178,179,180,181,182,183,184,185,186,187,188,189,190,191,192,193,194,195,196,197,198,199];False
8510;9396;17906;[2,0,11,3,26,43,18,30,8,9,4,1,12,32,14,15,16,60,64,19,5,41,22,23,24,25,10,27,28,56,63,31,29,33,17,35,36,37,38,39,40,49,42,7,44,45,46,47,48,21,50,51,52,53,54,55,6,57,58,59,20,61,62,67,13,65,66,34,68,69,70,71,72,73,74,75,76,77,78,79,80,81,82,83,84,85,86,87,88,89,90,91,92,93,94,95,96,97,98,99,100,101,102,103,104,105,106,107,108,109,110,111,112,113,114,115,116,117,118,119,120,121,122,123,124,125,126,127,128,129,130,131,132,133,134,135,136,137,138,139,140,141,142,143,144,145,146,147,148,149,150,151,152,153,154,155,156,157,158,159,160,161,162,163,164,165,166,167,168,169,170,171,172,173,174,175,176,177,178,179,180,181,182,183,184,185,186,187,188,189,190,191,192,193,194,195,196,197,198,199];False
8614;9320;17934;[13,0,11,3,26,43,18,30,8,9,4,1,12,32,14,15,16,60,64,19,5,41,22,23,24,25,10,27,28,56,63,31,29,33,17,35,36,37,38,39,40,49,42,7,44,45,46,47,48,21,50,51,52,53,54,55,6,57,58,59,2,61,62,67,20,65,66,34,68,69,70,71,72,73,74,75,76,77,78,79,80,81,82,83,84,85,86,87,88,89,90,91,92,93,94,95,96,97,98,99,100,101,102,103,104,105,106,107,108,109,110,111,112,113,114,115,116,117,118,119,120,121,122,123,124,125,126,127,128,129,130,131,132,133,134,135,136,137,138,139,140,141,142,143,144,145,146,147,148,149,150,151,152,153,154,155,156,157,158,159,160,161,162,163,164,165,166,167,168,169,170,171,172,173,174,175,176,177,178,179,180,181,182,183,184,185,186,187,188,189,190,191,192,193,194,195,196,197,198,199];False
8562;9339;17901;[66,0,11,3,26,43,18,30,8,9,4,1,12,32,14,15,16,60,64,19,5,41,22,23,24,25,10,27,28,56,63,31,29,33,17,35,36,37,38,39,40,49,42,7,44,45,46,47,48,21,50,51,52,53,54,55,6,57,58,59,2,61,62,67,13,65,20,34,68,69,70,71,72,73,74,75,76,77,78,79,80,81,82,83,84,85,86,87,88,89,90,91,92,93,94,95,96,97,98,99,100,101,102,103,104,105,106,107,108,109,110,111,112,113,114,115,116,117,118,119,120,121,122,123,124,125,126,127,128,129,130,131,132,133,134,135,136,137,138,139,140,141,142,143,144,145,146,147,148,149,150,151,152,153,154,155,156,157,158,159,160,161,162,163,164,165,166,167,168,169,170,171,172,173,174,175,176,177,178,179,180,181,182,183,184,185,186,187,188,189,190,191,192,193,194,195,196,197,198,199];False
8531;9369;17900;[0,65,11,3,26,43,18,30,8,9,4,1,12,32,14,15,16,60,64,19,20,41,22,23,24,25,5,27,28,56,63,31,29,33,17,35,36,37,38,39,40,49,42,7,44,45,10,47,48,21,50,51,52,53,54,55,6,57,58,59,2,61,62,67,13,46,66,34,68,69,70,71,72,73,74,75,76,77,78,79,80,81,82,83,84,85,86,87,88,89,90,91,92,93,94,95,96,97,98,99,100,101,102,103,104,105,106,107,108,109,110,111,112,113,114,115,116,117,118,119,120,121,122,123,124,125,126,127,128,129,130,131,132,133,134,135,136,137,138,139,140,141,142,143,144,145,146,147,148,149,150,151,152,153,154,155,156,157,158,159,160,161,162,163,164,165,166,167,168,169,170,171,172,173,174,175,176,177,178,179,180,181,182,183,184,185,186,187,188,189,190,191,192,193,194,195,196,197,198,199];False
8572;9304;17876;[20,0,11,3,26,43,18,30,8,9,4,1,12,32,14,15,16,60,64,19,65,41,22,23,24,25,5,27,28,56,63,31,29,33,17,35,36,37,38,39,40,49,42,7,44,45,10,47,48,21,50,51,52,53,54,55,6,57,58,59,2,61,62,67,13,46,66,34,68,69,70,71,72,73,74,75,76,77,78,79,80,81,82,83,84,85,86,87,88,89,90,91,92,93,94,95,96,97,98,99,100,101,102,103,104,105,106,107,108,109,110,111,112,113,114,115,116,117,118,119,120,121,122,123,124,125,126,127,128,129,130,131,132,133,134,135,136,137,138,139,140,141,142,143,144,145,146,147,148,149,150,151,152,153,154,155,156,157,158,159,160,161,162,163,164,165,166,167,168,169,170,171,172,173,174,175,176,177,178,179,180,181,182,183,184,185,186,187,188,189,190,191,192,193,194,195,196,197,198,199];False
8525;9392;17917;[0,5,11,3,26,43,18,30,8,9,4,1,12,32,14,15,16,60,20,19,64,41,22,23,24,25,10,27,28,56,63,31,29,33,17,35,36,37,38,39,40,49,42,7,44,45,46,47,48,21,50,51,52,53,54,55,6,57,58,59,2,61,62,67,13,65,66,34,68,69,70,71,72,73,74,75,76,77,78,79,80,81,82,83,84,85,86,87,88,89,90,91,92,93,94,95,96,97,98,99,100,101,102,103,104,105,106,107,108,109,110,111,112,113,114,115,116,117,118,119,120,121,122,123,124,125,126,127,128,129,130,131,132,133,134,135,136,137,138,139,140,141,142,143,144,145,146,147,148,149,150,151,152,153,154,155,156,157,158,159,160,161,162,163,164,165,166,167,168,169,170,171,172,173,174,175,176,177,178,179,180,181,182,183,184,185,186,187,188,189,190,191,192,193,194,195,196,197,198,199];False
8515;9380;17895;[38,0,11,3,26,43,18,30,8,9,4,1,12,32,14,15,16,60,20,19,64,41,22,23,24,25,10,27,28,56,63,31,29,33,17,35,36,37,5,39,40,49,42,7,44,45,46,47,48,21,50,51,52,53,54,55,6,57,58,59,2,61,62,67,13,65,66,34,68,69,70,71,72,73,74,75,76,77,78,79,80,81,82,83,84,85,86,87,88,89,90,91,92,93,94,95,96,97,98,99,100,101,102,103,104,105,106,107,108,109,110,111,112,113,114,115,116,117,118,119,120,121,122,123,124,125,126,127,128,129,130,131,132,133,134,135,136,137,138,139,140,141,142,143,144,145,146,147,148,149,150,151,152,153,154,155,156,157,158,159,160,161,162,163,164,165,166,167,168,169,170,171,172,173,174,175,176,177,178,179,180,181,182,183,184,185,186,187,188,189,190,191,192,193,194,195,196,197,198,199];False
8477;9370;17847;[51,0,11,3,26,43,18,30,8,9,4,1,12,32,14,15,16,60,20,19,64,41,22,23,24,25,10,27,28,56,63,31,29,33,17,35,36,37,38,39,40,49,42,7,44,45,46,47,48,21,50,5,52,53,54,55,6,57,58,59,2,61,62,67,13,65,66,34,68,69,70,71,72,73,74,75,76,77,78,79,80,81,82,83,84,85,86,87,88,89,90,91,92,93,94,95,96,97,98,99,100,101,102,103,104,105,106,107,108,109,110,111,112,113,114,115,116,117,118,119,120,121,122,123,124,125,126,127,128,129,130,131,132,133,134,135,136,137,138,139,140,141,142,143,144,145,146,147,148,149,150,151,152,153,154,155,156,157,158,159,160,161,162,163,164,165,166,167,168,169,170,171,172,173,174,175,176,177,178,179,180,181,182,183,184,185,186,187,188,189,190,191,192,193,194,195,196,197,198,199];False
8539;9341;17880;[53,0,11,3,26,43,18,30,8,9,4,1,12,32,14,15,16,60,20,19,64,41,22,23,24,25,10,27,28,56,63,31,29,33,17,35,36,37,38,39,40,49,42,7,44,45,46,47,48,21,50,51,52,5,54,55,6,57,58,59,2,61,62,67,13,65,66,34,68,69,70,71,72,73,74,75,76,77,78,79,80,81,82,83,84,85,86,87,88,89,90,91,92,93,94,95,96,97,98,99,100,101,102,103,104,105,106,107,108,109,110,111,112,113,114,115,116,117,118,119,120,121,122,123,124,125,126,127,128,129,130,131,132,133,134,135,136,137,138,139,140,141,142,143,144,145,146,147,148,149,150,151,152,153,154,155,156,157,158,159,160,161,162,163,164,165,166,167,168,169,170,171,172,173,174,175,176,177,178,179,180,181,182,183,184,185,186,187,188,189,190,191,192,193,194,195,196,197,198,199];False
8535;9356;17891;[5,0,11,3,26,43,18,30,8,9,4,1,12,32,14,15,16,60,20,19,64,41,22,23,24,25,46,27,28,56,63,31,29,33,17,35,36,37,38,39,40,49,42,7,44,45,10,47,48,21,50,51,52,53,54,55,6,57,58,59,2,61,62,67,13,65,66,34,68,69,70,71,72,73,74,75,76,77,78,79,80,81,82,83,84,85,86,87,88,89,90,91,92,93,94,95,96,97,98,99,100,101,102,103,104,105,106,107,108,109,110,111,112,113,114,115,116,117,118,119,120,121,122,123,124,125,126,127,128,129,130,131,132,133,134,135,136,137,138,139,140,141,142,143,144,145,146,147,148,149,150,151,152,153,154,155,156,157,158,159,160,161,162,163,164,165,166,167,168,169,170,171,172,173,174,175,176,177,178,179,180,181,182,183,184,185,186,187,188,189,190,191,192,193,194,195,196,197,198,199];False
8680;9269;17949;[20,52,11,3,26,43,18,30,8,9,33,1,12,32,14,15,16,4,10,19,17,41,22,23,24,25,5,27,28,56,63,31,29,0,34,35,36,37,38,39,40,49,42,7,44,45,60,47,48,21,50,51,53,13,54,55,6,57,58,59,2,61,62,46,64,65,66,67,68,69,70,71,72,73,74,75,76,77,78,79,80,81,82,83,84,85,86,87,88,89,90,91,92,93,94,95,96,97,98,99,100,101,102,103,104,105,106,107,108,109,110,111,112,113,114,115,116,117,118,119,120,121,122,123,124,125,126,127,128,129,130,131,132,133,134,135,136,137,138,139,140,141,142,143,144,145,146,147,148,149,150,151,152,153,154,155,156,157,158,159,160,161,162,163,164,165,166,167,168,169,170,171,172,173,174,175,176,177,178,179,180,181,182,183,184,185,186,187,188,189,190,191,192,193,194,195,196,197,198,199];False
8602;9297;17899;[25,52,11,3,26,43,18,30,8,9,33,1,12,32,14,15,16,4,10,19,20,41,22,23,24,17,5,27,28,56,63,31,29,0,34,35,36,37,38,39,40,49,42,7,44,45,60,47,48,21,50,51,53,13,54,55,6,57,58,59,2,61,62,46,64,65,66,67,68,69,70,71,72,73,74,75,76,77,78,79,80,81,82,83,84,85,86,87,88,89,90,91,92,93,94,95,96,97,98,99,100,101,102,103,104,105,106,107,108,109,110,111,112,113,114,115,116,117,118,119,120,121,122,123,124,125,126,127,128,129,130,131,132,133,134,135,136,137,138,139,140,141,142,143,144,145,146,147,148,149,150,151,152,153,154,155,156,157,158,159,160,161,162,163,164,165,166,167,168,169,170,171,172,173,174,175,176,177,178,179,180,181,182,183,184,185,186,187,188,189,190,191,192,193,194,195,196,197,198,199];False
8644;9262;17906;[34,52,11,3,26,43,18,30,8,9,33,1,12,32,14,15,16,4,10,19,20,41,22,23,24,25,5,27,28,56,63,31,29,0,17,35,36,37,38,39,40,49,42,7,44,45,60,47,48,21,50,51,53,13,54,55,6,57,58,59,2,61,62,46,64,65,66,67,68,69,70,71,72,73,74,75,76,77,78,79,80,81,82,83,84,85,86,87,88,89,90,91,92,93,94,95,96,97,98,99,100,101,102,103,104,105,106,107,108,109,110,111,112,113,114,115,116,117,118,119,120,121,122,123,124,125,126,127,128,129,130,131,132,133,134,135,136,137,138,139,140,141,142,143,144,145,146,147,148,149,150,151,152,153,154,155,156,157,158,159,160,161,162,163,164,165,166,167,168,169,170,171,172,173,174,175,176,177,178,179,180,181,182,183,184,185,186,187,188,189,190,191,192,193,194,195,196,197,198,199];False
8718;9205;17923;[8,52,11,3,26,61,18,30,25,9,4,1,12,32,14,15,16,17,10,19,20,41,22,23,24,43,5,27,28,56,63,31,29,33,34,35,36,37,38,39,40,49,42,7,44,45,60,47,48,21,50,51,53,13,54,55,6,57,58,59,2,0,62,46,64,65,66,67,68,69,70,71,72,73,74,75,76,77,78,79,80,81,82,83,84,85,86,87,88,89,90,91,92,93,94,95,96,97,98,99,100,101,102,103,104,105,106,107,108,109,110,111,112,113,114,115,116,117,118,119,120,121,122,123,124,125,126,127,128,129,130,131,132,133,134,135,136,137,138,139,140,141,142,143,144,145,146,147,148,149,150,151,152,153,154,155,156,157,158,159,160,161,162,163,164,165,166,167,168,169,170,171,172,173,174,175,176,177,178,179,180,181,182,183,184,185,186,187,188,189,190,191,192,193,194,195,196,197,198,199];False
8714;9208;17922;[16,52,11,3,26,61,18,30,8,9,4,1,12,32,14,15,25,17,10,19,20,41,22,23,24,43,5,27,28,56,63,31,29,33,34,35,36,37,38,39,40,49,42,7,44,45,60,47,48,21,50,51,53,13,54,55,6,57,58,59,2,0,62,46,64,65,66,67,68,69,70,71,72,73,74,75,76,77,78,79,80,81,82,83,84,85,86,87,88,89,90,91,92,93,94,95,96,97,98,99,100,101,102,103,104,105,106,107,108,109,110,111,112,113,114,115,116,117,118,119,120,121,122,123,124,125,126,127,128,129,130,131,132,133,134,135,136,137,138,139,140,141,142,143,144,145,146,147,148,149,150,151,152,153,154,155,156,157,158,159,160,161,162,163,164,165,166,167,168,169,170,171,172,173,174,175,176,177,178,179,180,181,182,183,184,185,186,187,188,189,190,191,192,193,194,195,196,197,198,199];False
8660;9225;17885;[17,52,11,3,26,61,18,30,8,9,4,1,12,32,14,15,16,25,10,19,20,41,22,23,24,43,5,27,28,56,63,31,29,33,34,35,36,37,38,39,40,49,42,7,44,45,60,47,48,21,50,51,53,13,54,55,6,57,58,59,2,0,62,46,64,65,66,67,68,69,70,71,72,73,74,75,76,77,78,79,80,81,82,83,84,85,86,87,88,89,90,91,92,93,94,95,96,97,98,99,100,101,102,103,104,105,106,107,108,109,110,111,112,113,114,115,116,117,118,119,120,121,122,123,124,125,126,127,128,129,130,131,132,133,134,135,136,137,138,139,140,141,142,143,144,145,146,147,148,149,150,151,152,153,154,155,156,157,158,159,160,161,162,163,164,165,166,167,168,169,170,171,172,173,174,175,176,177,178,179,180,181,182,183,184,185,186,187,188,189,190,191,192,193,194,195,196,197,198,199];False
8629;9232;17861;[9,52,11,3,26,43,18,30,8,16,4,1,12,32,14,15,20,17,10,19,61,41,22,23,24,25,5,27,28,56,63,31,29,33,34,35,36,37,38,39,40,49,42,7,44,45,60,47,48,21,50,51,53,13,54,55,6,57,58,59,2,0,62,46,64,65,66,67,68,69,70,71,72,73,74,75,76,77,78,79,80,81,82,83,84,85,86,87,88,89,90,91,92,93,94,95,96,97,98,99,100,101,102,103,104,105,106,107,108,109,110,111,112,113,114,115,116,117,118,119,120,121,122,123,124,125,126,127,128,129,130,131,132,133,134,135,136,137,138,139,140,141,142,143,144,145,146,147,148,149,150,151,152,153,154,155,156,157,158,159,160,161,162,163,164,165,166,167,168,169,170,171,172,173,174,175,176,177,178,179,180,181,182,183,184,185,186,187,188,189,190,191,192,193,194,195,196,197,198,199];False
8678;9209;17887;[4,52,11,3,26,43,18,30,8,9,16,1,12,32,14,15,20,17,10,19,61,41,22,23,24,25,5,27,28,56,63,31,29,33,34,35,36,37,38,39,40,49,42,7,44,45,60,47,48,21,50,51,53,13,54,55,6,57,58,59,2,0,62,46,64,65,66,67,68,69,70,71,72,73,74,75,76,77,78,79,80,81,82,83,84,85,86,87,88,89,90,91,92,93,94,95,96,97,98,99,100,101,102,103,104,105,106,107,108,109,110,111,112,113,114,115,116,117,118,119,120,121,122,123,124,125,126,127,128,129,130,131,132,133,134,135,136,137,138,139,140,141,142,143,144,145,146,147,148,149,150,151,152,153,154,155,156,157,158,159,160,161,162,163,164,165,166,167,168,169,170,171,172,173,174,175,176,177,178,179,180,181,182,183,184,185,186,187,188,189,190,191,192,193,194,195,196,197,198,199];False
8713;9197;17910;[10,52,11,3,26,43,18,30,8,9,4,1,12,32,14,15,20,17,16,19,61,41,22,23,24,25,5,27,28,56,63,31,29,33,34,35,36,37,38,39,40,49,42,7,44,45,60,47,48,21,50,51,53,13,54,55,6,57,58,59,2,0,62,46,64,65,66,67,68,69,70,71,72,73,74,75,76,77,78,79,80,81,82,83,84,85,86,87,88,89,90,91,92,93,94,95,96,97,98,99,100,101,102,103,104,105,106,107,108,109,110,111,112,113,114,115,116,117,118,119,120,121,122,123,124,125,126,127,128,129,130,131,132,133,134,135,136,137,138,139,140,141,142,143,144,145,146,147,148,149,150,151,152,153,154,155,156,157,158,159,160,161,162,163,164,165,166,167,168,169,170,171,172,173,174,175,176,177,178,179,180,181,182,183,184,185,186,187,188,189,190,191,192,193,194,195,196,197,198,199];False
9700;9160;18860;[19,0,11,52,1,43,30,2,32,9,41,49,12,18,7,15,53,17,16,14,3,6,22,23,24,25,26,27,29,56,21,31,8,33,20,35,36,37,38,39,40,10,42,28,44,45,46,47,48,4,50,51,34,5,54,55,13,57,58,59,60,61,62,63,64,65,66,67,68,69,70,71,72,73,74,75,76,77,78,79,80,81,82,83,84,85,86,87,88,89,90,91,92,93,94,95,96,97,98,99,100,101,102,103,104,105,106,107,108,109,110,111,112,113,114,115,116,117,118,119,120,121,122,123,124,125,126,127,128,129,130,131,132,133,134,135,136,137,138,139,140,141,142,143,144,145,146,147,148,149,150,151,152,153,154,155,156,157,158,159,160,161,162,163,164,165,166,167,168,169,170,171,172,173,174,175,176,177,178,179,180,181,182,183,184,185,186,187,188,189,190,191,192,193,194,195,196,197,198,199];False
9701;9159;18860;[50,0,11,52,1,43,30,2,32,9,41,49,12,18,7,15,53,17,16,14,3,6,22,23,24,25,26,27,29,56,21,31,19,33,20,35,36,37,38,39,40,10,42,28,44,45,46,47,48,4,8,51,34,5,54,55,13,57,58,59,60,61,62,63,64,65,66,67,68,69,70,71,72,73,74,75,76,77,78,79,80,81,82,83,84,85,86,87,88,89,90,91,92,93,94,95,96,97,98,99,100,101,102,103,104,105,106,107,108,109,110,111,112,113,114,115,116,117,118,119,120,121,122,123,124,125,126,127,128,129,130,131,132,133,134,135,136,137,138,139,140,141,142,143,144,145,146,147,148,149,150,151,152,153,154,155,156,157,158,159,160,161,162,163,164,165,166,167,168,169,170,171,172,173,174,175,176,177,178,179,180,181,182,183,184,185,186,187,188,189,190,191,192,193,194,195,196,197,198,199];False
9606;9166;18772;[60,0,11,52,1,43,30,2,32,9,41,49,12,18,7,15,53,17,16,14,3,6,22,23,24,25,26,27,29,56,21,31,19,33,20,35,36,37,38,39,40,10,42,28,44,45,46,47,48,4,50,51,34,5,54,55,13,57,58,59,8,61,62,63,64,65,66,67,68,69,70,71,72,73,74,75,76,77,78,79,80,81,82,83,84,85,86,87,88,89,90,91,92,93,94,95,96,97,98,99,100,101,102,103,104,105,106,107,108,109,110,111,112,113,114,115,116,117,118,119,120,121,122,123,124,125,126,127,128,129,130,131,132,133,134,135,136,137,138,139,140,141,142,143,144,145,146,147,148,149,150,151,152,153,154,155,156,157,158,159,160,161,162,163,164,165,166,167,168,169,170,171,172,173,174,175,176,177,178,179,180,181,182,183,184,185,186,187,188,189,190,191,192,193,194,195,196,197,198,199];False
9531;9194;18725;[8,0,11,52,1,43,30,2,32,9,41,49,12,18,7,15,53,17,16,14,3,6,22,23,24,25,26,27,19,56,21,31,29,33,20,35,36,37,38,39,40,10,42,28,44,45,46,47,48,4,50,51,34,5,54,55,13,57,58,59,60,61,62,63,64,65,66,67,68,69,70,71,72,73,74,75,76,77,78,79,80,81,82,83,84,85,86,87,88,89,90,91,92,93,94,95,96,97,98,99,100,101,102,103,104,105,106,107,108,109,110,111,112,113,114,115,116,117,118,119,120,121,122,123,124,125,126,127,128,129,130,131,132,133,134,135,136,137,138,139,140,141,142,143,144,145,146,147,148,149,150,151,152,153,154,155,156,157,158,159,160,161,162,163,164,165,166,167,168,169,170,171,172,173,174,175,176,177,178,179,180,181,182,183,184,185,186,187,188,189,190,191,192,193,194,195,196,197,198,199];False
9483;9195;18678;[38,0,11,52,1,43,30,2,32,9,41,49,12,18,7,15,53,17,16,14,3,6,22,23,24,25,26,27,8,56,21,31,29,33,20,35,36,37,19,39,40,10,42,28,44,45,46,47,48,4,50,51,34,5,54,55,13,57,58,59,60,61,62,63,64,65,66,67,68,69,70,71,72,73,74,75,76,77,78,79,80,81,82,83,84,85,86,87,88,89,90,91,92,93,94,95,96,97,98,99,100,101,102,103,104,105,106,107,108,109,110,111,112,113,114,115,116,117,118,119,120,121,122,123,124,125,126,127,128,129,130,131,132,133,134,135,136,137,138,139,140,141,142,143,144,145,146,147,148,149,150,151,152,153,154,155,156,157,158,159,160,161,162,163,164,165,166,167,168,169,170,171,172,173,174,175,176,177,178,179,180,181,182,183,184,185,186,187,188,189,190,191,192,193,194,195,196,197,198,199];False
9525;9182;18707;[10,0,11,52,1,43,30,2,32,9,41,49,12,18,7,15,53,17,16,14,3,6,22,23,24,25,26,27,8,56,21,31,29,33,20,35,36,37,38,39,40,19,42,28,44,45,46,47,48,4,50,51,34,5,54,55,13,57,58,59,60,61,62,63,64,65,66,67,68,69,70,71,72,73,74,75,76,77,78,79,80,81,82,83,84,85,86,87,88,89,90,91,92,93,94,95,96,97,98,99,100,101,102,103,104,105,106,107,108,109,110,111,112,113,114,115,116,117,118,119,120,121,122,123,124,125,126,127,128,129,130,131,132,133,134,135,136,137,138,139,140,141,142,143,144,145,146,147,148,149,150,151,152,153,154,155,156,157,158,159,160,161,162,163,164,165,166,167,168,169,170,171,172,173,174,175,176,177,178,179,180,181,182,183,184,185,186,187,188,189,190,191,192,193,194,195,196,197,198,199];False
9445;9178;18623;[46,0,11,52,1,43,30,2,32,9,41,49,12,18,7,15,53,17,16,14,3,6,22,23,24,25,26,27,8,56,21,31,29,33,20,35,36,37,38,39,40,10,42,28,44,45,19,47,48,4,50,51,34,5,54,55,13,57,58,59,60,61,62,63,64,65,66,67,68,69,70,71,72,73,74,75,76,77,78,79,80,81,82,83,84,85,86,87,88,89,90,91,92,93,94,95,96,97,98,99,100,101,102,103,104,105,106,107,108,109,110,111,112,113,114,115,116,117,118,119,120,121,122,123,124,125,126,127,128,129,130,131,132,133,134,135,136,137,138,139,140,141,142,143,144,145,146,147,148,149,150,151,152,153,154,155,156,157,158,159,160,161,162,163,164,165,166,167,168,169,170,171,172,173,174,175,176,177,178,179,180,181,182,183,184,185,186,187,188,189,190,191,192,193,194,195,196,197,198,199];False
9419;9188;18607;[60,0,11,52,1,43,30,2,32,9,41,49,12,18,7,15,53,17,16,14,3,6,22,23,24,25,26,27,8,56,21,31,29,33,20,35,36,37,38,39,40,10,42,28,44,45,46,47,48,4,50,51,34,5,54,55,13,57,58,59,19,61,62,63,64,65,66,67,68,69,70,71,72,73,74,75,76,77,78,79,80,81,82,83,84,85,86,87,88,89,90,91,92,93,94,95,96,97,98,99,100,101,102,103,104,105,106,107,108,109,110,111,112,113,114,115,116,117,118,119,120,121,122,123,124,125,126,127,128,129,130,131,132,133,134,135,136,137,138,139,140,141,142,143,144,145,146,147,148,149,150,151,152,153,154,155,156,157,158,159,160,161,162,163,164,165,166,167,168,169,170,171,172,173,174,175,176,177,178,179,180,181,182,183,184,185,186,187,188,189,190,191,192,193,194,195,196,197,198,199];False
9461;9148;18609;[63,0,11,52,1,43,30,2,32,9,41,49,12,18,7,15,53,17,16,14,3,6,22,23,24,25,26,27,8,56,21,31,29,33,20,35,36,37,38,39,40,10,42,28,44,45,46,47,48,4,50,51,34,5,54,55,13,57,58,59,60,61,62,19,64,65,66,67,68,69,70,71,72,73,74,75,76,77,78,79,80,81,82,83,84,85,86,87,88,89,90,91,92,93,94,95,96,97,98,99,100,101,102,103,104,105,106,107,108,109,110,111,112,113,114,115,116,117,118,119,120,121,122,123,124,125,126,127,128,129,130,131,132,133,134,135,136,137,138,139,140,141,142,143,144,145,146,147,148,149,150,151,152,153,154,155,156,157,158,159,160,161,162,163,164,165,166,167,168,169,170,171,172,173,174,175,176,177,178,179,180,181,182,183,184,185,186,187,188,189,190,191,192,193,194,195,196,197,198,199];False
8555;9329;17884;[23,0,11,3,26,43,18,30,8,9,4,1,12,32,14,15,16,60,64,19,5,41,22,66,24,25,10,27,28,56,63,31,29,33,17,35,36,37,38,39,40,49,42,7,44,45,46,47,48,21,50,51,52,53,54,55,6,57,58,59,2,61,62,67,13,65,20,34,68,69,70,71,72,73,74,75,76,77,78,79,80,81,82,83,84,85,86,87,88,89,90,91,92,93,94,95,96,97,98,99,100,101,102,103,104,105,106,107,108,109,110,111,112,113,114,115,116,117,118,119,120,121,122,123,124,125,126,127,128,129,130,131,132,133,134,135,136,137,138,139,140,141,142,143,144,145,146,147,148,149,150,151,152,153,154,155,156,157,158,159,160,161,162,163,164,165,166,167,168,169,170,171,172,173,174,175,176,177,178,179,180,181,182,183,184,185,186,187,188,189,190,191,192,193,194,195,196,197,198,199];False
8488;9344;17832;[24,65,11,3,26,43,18,30,8,9,4,1,12,32,14,15,16,60,64,19,20,41,22,23,0,25,5,27,28,56,63,31,29,33,17,35,36,37,38,39,40,49,42,7,44,45,10,47,48,21,50,51,52,53,54,55,6,57,58,59,2,61,62,67,13,46,66,34,68,69,70,71,72,73,74,75,76,77,78,79,80,81,82,83,84,85,86,87,88,89,90,91,92,93,94,95,96,97,98,99,100,101,102,103,104,105,106,107,108,109,110,111,112,113,114,115,116,117,118,119,120,121,122,123,124,125,126,127,128,129,130,131,132,133,134,135,136,137,138,139,140,141,142,143,144,145,146,147,148,149,150,151,152,153,154,155,156,157,158,159,160,161,162,163,164,165,166,167,168,169,170,171,172,173,174,175,176,177,178,179,180,181,182,183,184,185,186,187,188,189,190,191,192,193,194,195,196,197,198,199];False
8624;9279;17903;[19,0,11,3,26,43,18,30,8,9,4,1,12,32,14,15,16,60,64,20,65,41,22,23,24,25,5,27,28,56,63,31,29,33,17,35,36,37,38,39,40,49,42,7,44,45,10,47,48,21,50,51,52,53,54,55,6,57,58,59,2,61,62,67,13,46,66,34,68,69,70,71,72,73,74,75,76,77,78,79,80,81,82,83,84,85,86,87,88,89,90,91,92,93,94,95,96,97,98,99,100,101,102,103,104,105,106,107,108,109,110,111,112,113,114,115,116,117,118,119,120,121,122,123,124,125,126,127,128,129,130,131,132,133,134,135,136,137,138,139,140,141,142,143,144,145,146,147,148,149,150,151,152,153,154,155,156,157,158,159,160,161,162,163,164,165,166,167,168,169,170,171,172,173,174,175,176,177,178,179,180,181,182,183,184,185,186,187,188,189,190,191,192,193,194,195,196,197,198,199];False
8536;9308;17844;[17,0,11,3,26,43,18,30,8,9,4,1,12,32,14,15,16,60,64,19,65,41,22,23,24,25,5,27,28,56,63,31,29,33,20,35,36,37,38,39,40,49,42,7,44,45,10,47,48,21,50,51,52,53,54,55,6,57,58,59,2,61,62,67,13,46,66,34,68,69,70,71,72,73,74,75,76,77,78,79,80,81,82,83,84,85,86,87,88,89,90,91,92,93,94,95,96,97,98,99,100,101,102,103,104,105,106,107,108,109,110,111,112,113,114,115,116,117,118,119,120,121,122,123,124,125,126,127,128,129,130,131,132,133,134,135,136,137,138,139,140,141,142,143,144,145,146,147,148,149,150,151,152,153,154,155,156,157,158,159,160,161,162,163,164,165,166,167,168,169,170,171,172,173,174,175,176,177,178,179,180,181,182,183,184,185,186,187,188,189,190,191,192,193,194,195,196,197,198,199];False
8512;9342;17854;[7,0,11,3,26,43,18,30,8,9,4,1,12,32,14,15,16,60,64,19,65,41,22,23,24,25,5,27,28,56,63,31,29,33,17,35,36,37,38,39,40,49,42,20,44,45,10,47,48,21,50,51,52,53,54,55,6,57,58,59,2,61,62,67,13,46,66,34,68,69,70,71,72,73,74,75,76,77,78,79,80,81,82,83,84,85,86,87,88,89,90,91,92,93,94,95,96,97,98,99,100,101,102,103,104,105,106,107,108,109,110,111,112,113,114,115,116,117,118,119,120,121,122,123,124,125,126,127,128,129,130,131,132,133,134,135,136,137,138,139,140,141,142,143,144,145,146,147,148,149,150,151,152,153,154,155,156,157,158,159,160,161,162,163,164,165,166,167,168,169,170,171,172,173,174,175,176,177,178,179,180,181,182,183,184,185,186,187,188,189,190,191,192,193,194,195,196,197,198,199];False
8618;9291;17909;[67,0,11,3,26,43,18,30,8,9,4,1,12,32,14,15,16,60,64,19,65,41,22,23,24,25,5,27,28,56,63,31,29,33,17,35,36,37,38,39,40,49,42,7,44,45,10,47,48,21,50,51,52,53,54,55,6,57,58,59,2,61,62,20,13,46,66,34,68,69,70,71,72,73,74,75,76,77,78,79,80,81,82,83,84,85,86,87,88,89,90,91,92,93,94,95,96,97,98,99,100,101,102,103,104,105,106,107,108,109,110,111,112,113,114,115,116,117,118,119,120,121,122,123,124,125,126,127,128,129,130,131,132,133,134,135,136,137,138,139,140,141,142,143,144,145,146,147,148,149,150,151,152,153,154,155,156,157,158,159,160,161,162,163,164,165,166,167,168,169,170,171,172,173,174,175,176,177,178,179,180,181,182,183,184,185,186,187,188,189,190,191,192,193,194,195,196,197,198,199];False
8412;9308;17720;[69,0,11,3,26,43,18,30,8,9,4,1,12,32,14,15,16,60,64,19,65,41,22,23,24,25,5,27,28,56,63,31,29,33,17,35,36,37,38,39,40,49,42,7,44,45,10,47,48,21,50,51,52,53,54,55,6,57,58,59,2,61,62,67,13,46,66,34,68,20,70,71,72,73,74,75,76,77,78,79,80,81,82,83,84,85,86,87,88,89,90,91,92,93,94,95,96,97,98,99,100,101,102,103,104,105,106,107,108,109,110,111,112,113,114,115,116,117,118,119,120,121,122,123,124,125,126,127,128,129,130,131,132,133,134,135,136,137,138,139,140,141,142,143,144,145,146,147,148,149,150,151,152,153,154,155,156,157,158,159,160,161,162,163,164,165,166,167,168,169,170,171,172,173,174,175,176,177,178,179,180,181,182,183,184,185,186,187,188,189,190,191,192,193,194,195,196,197,198,199];False
8522;9307;17829;[75,0,11,3,26,43,18,30,8,9,4,1,12,32,14,15,16,60,64,19,65,41,22,23,24,25,5,27,28,56,63,31,29,33,17,35,36,37,38,39,40,49,42,7,44,45,10,47,48,21,50,51,52,53,54,55,6,57,58,59,2,61,62,67,13,46,66,34,68,69,70,71,72,73,74,20,76,77,78,79,80,81,82,83,84,85,86,87,88,89,90,91,92,93,94,95,96,97,98,99,100,101,102,103,104,105,106,107,108,109,110,111,112,113,114,115,116,117,118,119,120,121,122,123,124,125,126,127,128,129,130,131,132,133,134,135,136,137,138,139,140,141,142,143,144,145,146,147,148,149,150,151,152,153,154,155,156,157,158,159,160,161,162,163,164,165,166,167,168,169,170,171,172,173,174,175,176,177,178,179,180,181,182,183,184,185,186,187,188,189,190,191,192,193,194,195,196,197,198,199];False
8592;9302;17894;[82,0,11,3,26,43,18,30,8,9,4,1,12,32,14,15,16,60,64,19,65,41,22,23,24,25,5,27,28,56,63,31,29,33,17,35,36,37,38,39,40,49,42,7,44,45,10,47,48,21,50,51,52,53,54,55,6,57,58,59,2,61,62,67,13,46,66,34,68,69,70,71,72,73,74,75,76,77,78,79,80,81,20,83,84,85,86,87,88,89,90,91,92,93,94,95,96,97,98,99,100,101,102,103,104,105,106,107,108,109,110,111,112,113,114,115,116,117,118,119,120,121,122,123,124,125,126,127,128,129,130,131,132,133,134,135,136,137,138,139,140,141,142,143,144,145,146,147,148,149,150,151,152,153,154,155,156,157,158,159,160,161,162,163,164,165,166,167,168,169,170,171,172,173,174,175,176,177,178,179,180,181,182,183,184,185,186,187,188,189,190,191,192,193,194,195,196,197,198,199];False
8501;9282;17783;[90,0,11,3,26,43,18,30,8,9,4,1,12,32,14,15,16,60,64,19,65,41,22,23,24,25,5,27,28,56,63,31,29,33,17,35,36,37,38,39,40,49,42,7,44,45,10,47,48,21,50,51,52,53,54,55,6,57,58,59,2,61,62,67,13,46,66,34,68,69,70,71,72,73,74,75,76,77,78,79,80,81,82,83,84,85,86,87,88,89,20,91,92,93,94,95,96,97,98,99,100,101,102,103,104,105,106,107,108,109,110,111,112,113,114,115,116,117,118,119,120,121,122,123,124,125,126,127,128,129,130,131,132,133,134,135,136,137,138,139,140,141,142,143,144,145,146,147,148,149,150,151,152,153,154,155,156,157,158,159,160,161,162,163,164,165,166,167,168,169,170,171,172,173,174,175,176,177,178,179,180,181,182,183,184,185,186,187,188,189,190,191,192,193,194,195,196,197,198,199];False
8643;9223;17866;[10,52,11,3,26,61,18,30,8,9,4,1,12,32,14,15,16,25,17,19,20,41,22,23,24,43,5,27,28,56,63,31,29,33,34,35,36,37,38,39,40,49,42,7,44,45,60,47,48,21,50,51,53,13,54,55,6,57,58,59,2,0,62,46,64,65,66,67,68,69,70,71,72,73,74,75,76,77,78,79,80,81,82,83,84,85,86,87,88,89,90,91,92,93,94,95,96,97,98,99,100,101,102,103,104,105,106,107,108,109,110,111,112,113,114,115,116,117,118,119,120,121,122,123,124,125,126,127,128,129,130,131,132,133,134,135,136,137,138,139,140,141,142,143,144,145,146,147,148,149,150,151,152,153,154,155,156,157,158,159,160,161,162,163,164,165,166,167,168,169,170,171,172,173,174,175,176,177,178,179,180,181,182,183,184,185,186,187,188,189,190,191,192,193,194,195,196,197,198,199];False
8627;9238;17865;[61,52,11,3,26,43,18,30,8,16,4,1,12,32,14,15,20,17,10,19,9,41,22,23,24,25,5,27,28,56,63,31,29,33,34,35,36,37,38,39,40,49,42,7,44,45,60,47,48,21,50,51,53,13,54,55,6,57,58,59,2,0,62,46,64,65,66,67,68,69,70,71,72,73,74,75,76,77,78,79,80,81,82,83,84,85,86,87,88,89,90,91,92,93,94,95,96,97,98,99,100,101,102,103,104,105,106,107,108,109,110,111,112,113,114,115,116,117,118,119,120,121,122,123,124,125,126,127,128,129,130,131,132,133,134,135,136,137,138,139,140,141,142,143,144,145,146,147,148,149,150,151,152,153,154,155,156,157,158,159,160,161,162,163,164,165,166,167,168,169,170,171,172,173,174,175,176,177,178,179,180,181,182,183,184,185,186,187,188,189,190,191,192,193,194,195,196,197,198,199];False
8606;9222;17828;[25,52,11,3,26,43,18,30,8,16,4,1,12,32,14,15,20,17,10,19,61,41,22,23,24,9,5,27,28,56,63,31,29,33,34,35,36,37,38,39,40,49,42,7,44,45,60,47,48,21,50,51,53,13,54,55,6,57,58,59,2,0,62,46,64,65,66,67,68,69,70,71,72,73,74,75,76,77,78,79,80,81,82,83,84,85,86,87,88,89,90,91,92,93,94,95,96,97,98,99,100,101,102,103,104,105,106,107,108,109,110,111,112,113,114,115,116,117,118,119,120,121,122,123,124,125,126,127,128,129,130,131,132,133,134,135,136,137,138,139,140,141,142,143,144,145,146,147,148,149,150,151,152,153,154,155,156,157,158,159,160,161,162,163,164,165,166,167,168,169,170,171,172,173,174,175,176,177,178,179,180,181,182,183,184,185,186,187,188,189,190,191,192,193,194,195,196,197,198,199];False
8622;9221;17843;[25,52,11,3,26,43,18,30,8,9,16,1,12,32,14,15,20,17,10,19,61,41,22,23,24,4,5,27,28,56,63,31,29,33,34,35,36,37,38,39,40,49,42,7,44,45,60,47,48,21,50,51,53,13,54,55,6,57,58,59,2,0,62,46,64,65,66,67,68,69,70,71,72,73,74,75,76,77,78,79,80,81,82,83,84,85,86,87,88,89,90,91,92,93,94,95,96,97,98,99,100,101,102,103,104,105,106,107,108,109,110,111,112,113,114,115,116,117,118,119,120,121,122,123,124,125,126,127,128,129,130,131,132,133,134,135,136,137,138,139,140,141,142,143,144,145,146,147,148,149,150,151,152,153,154,155,156,157,158,159,160,161,162,163,164,165,166,167,168,169,170,171,172,173,174,175,176,177,178,179,180,181,182,183,184,185,186,187,188,189,190,191,192,193,194,195,196,197,198,199];False
8599;9260;17859;[46,52,11,3,26,43,18,30,8,9,16,1,12,32,14,15,20,17,10,19,61,41,22,23,24,25,5,27,28,56,63,31,29,33,34,35,36,37,38,39,40,49,42,7,44,45,60,47,48,21,50,51,53,13,54,55,6,57,58,59,2,0,62,4,64,65,66,67,68,69,70,71,72,73,74,75,76,77,78,79,80,81,82,83,84,85,86,87,88,89,90,91,92,93,94,95,96,97,98,99,100,101,102,103,104,105,106,107,108,109,110,111,112,113,114,115,116,117,118,119,120,121,122,123,124,125,126,127,128,129,130,131,132,133,134,135,136,137,138,139,140,141,142,143,144,145,146,147,148,149,150,151,152,153,154,155,156,157,158,159,160,161,162,163,164,165,166,167,168,169,170,171,172,173,174,175,176,177,178,179,180,181,182,183,184,185,186,187,188,189,190,191,192,193,194,195,196,197,198,199];False
8628;9206;17834;[65,52,11,3,26,43,18,30,8,9,16,1,12,32,14,15,20,17,10,19,61,41,22,23,24,25,5,27,28,56,63,31,29,33,34,35,36,37,38,39,40,49,42,7,44,45,60,47,48,21,50,51,53,13,54,55,6,57,58,59,2,0,62,46,64,4,66,67,68,69,70,71,72,73,74,75,76,77,78,79,80,81,82,83,84,85,86,87,88,89,90,91,92,93,94,95,96,97,98,99,100,101,102,103,104,105,106,107,108,109,110,111,112,113,114,115,116,117,118,119,120,121,122,123,124,125,126,127,128,129,130,131,132,133,134,135,136,137,138,139,140,141,142,143,144,145,146,147,148,149,150,151,152,153,154,155,156,157,158,159,160,161,162,163,164,165,166,167,168,169,170,171,172,173,174,175,176,177,178,179,180,181,182,183,184,185,186,187,188,189,190,191,192,193,194,195,196,197,198,199];False
8869;9194;18063;[11,52,10,3,26,43,18,30,8,9,4,1,12,32,14,15,20,17,16,19,61,41,22,23,24,25,5,27,28,56,63,31,29,33,34,35,36,37,38,39,40,49,42,7,44,45,60,47,48,21,50,51,53,13,54,55,6,57,58,59,2,0,62,46,64,65,66,67,68,69,70,71,72,73,74,75,76,77,78,79,80,81,82,83,84,85,86,87,88,89,90,91,92,93,94,95,96,97,98,99,100,101,102,103,104,105,106,107,108,109,110,111,112,113,114,115,116,117,118,119,120,121,122,123,124,125,126,127,128,129,130,131,132,133,134,135,136,137,138,139,140,141,142,143,144,145,146,147,148,149,150,151,152,153,154,155,156,157,158,159,160,161,162,163,164,165,166,167,168,169,170,171,172,173,174,175,176,177,178,179,180,181,182,183,184,185,186,187,188,189,190,191,192,193,194,195,196,197,198,199];False
8813;9192;18005;[8,52,11,3,26,43,18,30,10,9,4,1,12,32,14,15,20,17,16,19,61,41,22,23,24,25,5,27,28,56,63,31,29,33,34,35,36,37,38,39,40,49,42,7,44,45,60,47,48,21,50,51,53,13,54,55,6,57,58,59,2,0,62,46,64,65,66,67,68,69,70,71,72,73,74,75,76,77,78,79,80,81,82,83,84,85,86,87,88,89,90,91,92,93,94,95,96,97,98,99,100,101,102,103,104,105,106,107,108,109,110,111,112,113,114,115,116,117,118,119,120,121,122,123,124,125,126,127,128,129,130,131,132,133,134,135,136,137,138,139,140,141,142,143,144,145,146,147,148,149,150,151,152,153,154,155,156,157,158,159,160,161,162,163,164,165,166,167,168,169,170,171,172,173,174,175,176,177,178,179,180,181,182,183,184,185,186,187,188,189,190,191,192,193,194,195,196,197,198,199];False
8796;9174;17970;[4,52,11,3,26,43,18,30,8,9,10,1,12,32,14,15,20,17,16,19,61,41,22,23,24,25,5,27,28,56,63,31,29,33,34,35,36,37,38,39,40,49,42,7,44,45,60,47,48,21,50,51,53,13,54,55,6,57,58,59,2,0,62,46,64,65,66,67,68,69,70,71,72,73,74,75,76,77,78,79,80,81,82,83,84,85,86,87,88,89,90,91,92,93,94,95,96,97,98,99,100,101,102,103,104,105,106,107,108,109,110,111,112,113,114,115,116,117,118,119,120,121,122,123,124,125,126,127,128,129,130,131,132,133,134,135,136,137,138,139,140,141,142,143,144,145,146,147,148,149,150,151,152,153,154,155,156,157,158,159,160,161,162,163,164,165,166,167,168,169,170,171,172,173,174,175,176,177,178,179,180,181,182,183,184,185,186,187,188,189,190,191,192,193,194,195,196,197,198,199];False
8726;9180;17906;[14,52,11,3,26,43,18,30,8,9,4,1,12,32,10,15,20,17,16,19,61,41,22,23,24,25,5,27,28,56,63,31,29,33,34,35,36,37,38,39,40,49,42,7,44,45,60,47,48,21,50,51,53,13,54,55,6,57,58,59,2,0,62,46,64,65,66,67,68,69,70,71,72,73,74,75,76,77,78,79,80,81,82,83,84,85,86,87,88,89,90,91,92,93,94,95,96,97,98,99,100,101,102,103,104,105,106,107,108,109,110,111,112,113,114,115,116,117,118,119,120,121,122,123,124,125,126,127,128,129,130,131,132,133,134,135,136,137,138,139,140,141,142,143,144,145,146,147,148,149,150,151,152,153,154,155,156,157,158,159,160,161,162,163,164,165,166,167,168,169,170,171,172,173,174,175,176,177,178,179,180,181,182,183,184,185,186,187,188,189,190,191,192,193,194,195,196,197,198,199];False
8715;9187;17902;[5,52,11,3,26,43,18,30,8,9,4,1,12,32,14,15,20,17,16,19,61,41,22,23,24,25,10,27,28,56,63,31,29,33,34,35,36,37,38,39,40,49,42,7,44,45,60,47,48,21,50,51,53,13,54,55,6,57,58,59,2,0,62,46,64,65,66,67,68,69,70,71,72,73,74,75,76,77,78,79,80,81,82,83,84,85,86,87,88,89,90,91,92,93,94,95,96,97,98,99,100,101,102,103,104,105,106,107,108,109,110,111,112,113,114,115,116,117,118,119,120,121,122,123,124,125,126,127,128,129,130,131,132,133,134,135,136,137,138,139,140,141,142,143,144,145,146,147,148,149,150,151,152,153,154,155,156,157,158,159,160,161,162,163,164,165,166,167,168,169,170,171,172,173,174,175,176,177,178,179,180,181,182,183,184,185,186,187,188,189,190,191,192,193,194,195,196,197,198,199];False
8728;9175;17903;[34,52,11,3,26,43,18,30,8,9,4,1,12,32,14,15,20,17,16,19,61,41,22,23,24,25,5,27,28,56,63,31,29,33,10,35,36,37,38,39,40,49,42,7,44,45,60,47,48,21,50,51,53,13,54,55,6,57,58,59,2,0,62,46,64,65,66,67,68,69,70,71,72,73,74,75,76,77,78,79,80,81,82,83,84,85,86,87,88,89,90,91,92,93,94,95,96,97,98,99,100,101,102,103,104,105,106,107,108,109,110,111,112,113,114,115,116,117,118,119,120,121,122,123,124,125,126,127,128,129,130,131,132,133,134,135,136,137,138,139,140,141,142,143,144,145,146,147,148,149,150,151,152,153,154,155,156,157,158,159,160,161,162,163,164,165,166,167,168,169,170,171,172,173,174,175,176,177,178,179,180,181,182,183,184,185,186,187,188,189,190,191,192,193,194,195,196,197,198,199];False
8801;9171;17972;[6,52,11,3,26,43,18,30,8,9,4,1,12,32,14,15,20,17,16,19,61,41,22,23,24,25,5,27,28,56,63,31,29,33,34,35,36,37,38,39,40,49,42,7,44,45,60,47,48,21,50,51,53,13,54,55,10,57,58,59,2,0,62,46,64,65,66,67,68,69,70,71,72,73,74,75,76,77,78,79,80,81,82,83,84,85,86,87,88,89,90,91,92,93,94,95,96,97,98,99,100,101,102,103,104,105,106,107,108,109,110,111,112,113,114,115,116,117,118,119,120,121,122,123,124,125,126,127,128,129,130,131,132,133,134,135,136,137,138,139,140,141,142,143,144,145,146,147,148,149,150,151,152,153,154,155,156,157,158,159,160,161,162,163,164,165,166,167,168,169,170,171,172,173,174,175,176,177,178,179,180,181,182,183,184,185,186,187,188,189,190,191,192,193,194,195,196,197,198,199];False
8594;9187;17781;[65,52,11,3,26,43,18,30,8,9,4,1,12,32,14,15,20,17,16,19,61,41,22,23,24,25,5,27,28,56,63,31,29,33,34,35,36,37,38,39,40,49,42,7,44,45,60,47,48,21,50,51,53,13,54,55,6,57,58,59,2,0,62,46,64,10,66,67,68,69,70,71,72,73,74,75,76,77,78,79,80,81,82,83,84,85,86,87,88,89,90,91,92,93,94,95,96,97,98,99,100,101,102,103,104,105,106,107,108,109,110,111,112,113,114,115,116,117,118,119,120,121,122,123,124,125,126,127,128,129,130,131,132,133,134,135,136,137,138,139,140,141,142,143,144,145,146,147,148,149,150,151,152,153,154,155,156,157,158,159,160,161,162,163,164,165,166,167,168,169,170,171,172,173,174,175,176,177,178,179,180,181,182,183,184,185,186,187,188,189,190,191,192,193,194,195,196,197,198,199];False
9515;9145;18660;[53,0,11,52,1,43,30,2,32,9,41,49,12,18,7,15,63,17,16,14,3,6,22,23,24,25,26,27,8,56,21,31,29,33,20,35,36,37,38,39,40,10,42,28,44,45,46,47,48,4,50,51,34,5,54,55,13,57,58,59,60,61,62,19,64,65,66,67,68,69,70,71,72,73,74,75,76,77,78,79,80,81,82,83,84,85,86,87,88,89,90,91,92,93,94,95,96,97,98,99,100,101,102,103,104,105,106,107,108,109,110,111,112,113,114,115,116,117,118,119,120,121,122,123,124,125,126,127,128,129,130,131,132,133,134,135,136,137,138,139,140,141,142,143,144,145,146,147,148,149,150,151,152,153,154,155,156,157,158,159,160,161,162,163,164,165,166,167,168,169,170,171,172,173,174,175,176,177,178,179,180,181,182,183,184,185,186,187,188,189,190,191,192,193,194,195,196,197,198,199];False
9556;9139;18695;[8,0,11,52,1,43,30,2,32,9,41,49,12,18,7,15,53,17,16,14,3,6,22,23,24,25,26,27,63,56,21,31,29,33,20,35,36,37,38,39,40,10,42,28,44,45,46,47,48,4,50,51,34,5,54,55,13,57,58,59,60,61,62,19,64,65,66,67,68,69,70,71,72,73,74,75,76,77,78,79,80,81,82,83,84,85,86,87,88,89,90,91,92,93,94,95,96,97,98,99,100,101,102,103,104,105,106,107,108,109,110,111,112,113,114,115,116,117,118,119,120,121,122,123,124,125,126,127,128,129,130,131,132,133,134,135,136,137,138,139,140,141,142,143,144,145,146,147,148,149,150,151,152,153,154,155,156,157,158,159,160,161,162,163,164,165,166,167,168,169,170,171,172,173,174,175,176,177,178,179,180,181,182,183,184,185,186,187,188,189,190,191,192,193,194,195,196,197,198,199];False
9438;9153;18591;[56,0,11,52,1,43,30,2,32,9,41,49,12,18,7,15,53,17,16,14,3,6,22,23,24,25,26,27,8,63,21,31,29,33,20,35,36,37,38,39,40,10,42,28,44,45,46,47,48,4,50,51,34,5,54,55,13,57,58,59,60,61,62,19,64,65,66,67,68,69,70,71,72,73,74,75,76,77,78,79,80,81,82,83,84,85,86,87,88,89,90,91,92,93,94,95,96,97,98,99,100,101,102,103,104,105,106,107,108,109,110,111,112,113,114,115,116,117,118,119,120,121,122,123,124,125,126,127,128,129,130,131,132,133,134,135,136,137,138,139,140,141,142,143,144,145,146,147,148,149,150,151,152,153,154,155,156,157,158,159,160,161,162,163,164,165,166,167,168,169,170,171,172,173,174,175,176,177,178,179,180,181,182,183,184,185,186,187,188,189,190,191,192,193,194,195,196,197,198,199];False
9347;9152;18499;[21,0,11,52,1,43,30,2,32,9,41,49,12,18,7,15,53,17,16,14,3,6,22,23,24,25,26,27,8,56,63,31,29,33,20,35,36,37,38,39,40,10,42,28,44,45,46,47,48,4,50,51,34,5,54,55,13,57,58,59,60,61,62,19,64,65,66,67,68,69,70,71,72,73,74,75,76,77,78,79,80,81,82,83,84,85,86,87,88,89,90,91,92,93,94,95,96,97,98,99,100,101,102,103,104,105,106,107,108,109,110,111,112,113,114,115,116,117,118,119,120,121,122,123,124,125,126,127,128,129,130,131,132,133,134,135,136,137,138,139,140,141,142,143,144,145,146,147,148,149,150,151,152,153,154,155,156,157,158,159,160,161,162,163,164,165,166,167,168,169,170,171,172,173,174,175,176,177,178,179,180,181,182,183,184,185,186,187,188,189,190,191,192,193,194,195,196,197,198,199];False
9420;9124;18544;[4,0,11,52,1,43,30,2,32,9,41,49,12,18,7,15,53,17,16,14,3,6,22,23,24,25,26,27,8,56,21,31,29,33,20,35,36,37,38,39,40,10,42,28,44,45,46,47,48,63,50,51,34,5,54,55,13,57,58,59,60,61,62,19,64,65,66,67,68,69,70,71,72,73,74,75,76,77,78,79,80,81,82,83,84,85,86,87,88,89,90,91,92,93,94,95,96,97,98,99,100,101,102,103,104,105,106,107,108,109,110,111,112,113,114,115,116,117,118,119,120,121,122,123,124,125,126,127,128,129,130,131,132,133,134,135,136,137,138,139,140,141,142,143,144,145,146,147,148,149,150,151,152,153,154,155,156,157,158,159,160,161,162,163,164,165,166,167,168,169,170,171,172,173,174,175,176,177,178,179,180,181,182,183,184,185,186,187,188,189,190,191,192,193,194,195,196,197,198,199];False
8491;9292;17783;[12,0,11,3,26,43,18,30,8,9,4,1,69,32,14,15,16,60,64,19,65,41,22,23,24,25,5,27,28,56,63,31,29,33,17,35,36,37,38,39,40,49,42,7,44,45,10,47,48,21,50,51,52,53,54,55,6,57,58,59,2,61,62,67,13,46,66,34,68,20,70,71,72,73,74,75,76,77,78,79,80,81,82,83,84,85,86,87,88,89,90,91,92,93,94,95,96,97,98,99,100,101,102,103,104,105,106,107,108,109,110,111,112,113,114,115,116,117,118,119,120,121,122,123,124,125,126,127,128,129,130,131,132,133,134,135,136,137,138,139,140,141,142,143,144,145,146,147,148,149,150,151,152,153,154,155,156,157,158,159,160,161,162,163,164,165,166,167,168,169,170,171,172,173,174,175,176,177,178,179,180,181,182,183,184,185,186,187,188,189,190,191,192,193,194,195,196,197,198,199];False
8588;9273;17861;[19,0,11,3,26,43,18,30,8,9,4,1,12,32,14,15,16,60,64,69,65,41,22,23,24,25,5,27,28,56,63,31,29,33,17,35,36,37,38,39,40,49,42,7,44,45,10,47,48,21,50,51,52,53,54,55,6,57,58,59,2,61,62,67,13,46,66,34,68,20,70,71,72,73,74,75,76,77,78,79,80,81,82,83,84,85,86,87,88,89,90,91,92,93,94,95,96,97,98,99,100,101,102,103,104,105,106,107,108,109,110,111,112,113,114,115,116,117,118,119,120,121,122,123,124,125,126,127,128,129,130,131,132,133,134,135,136,137,138,139,140,141,142,143,144,145,146,147,148,149,150,151,152,153,154,155,156,157,158,159,160,161,162,163,164,165,166,167,168,169,170,171,172,173,174,175,176,177,178,179,180,181,182,183,184,185,186,187,188,189,190,191,192,193,194,195,196,197,198,199];False
8408;9290;17698;[25,0,11,3,26,43,18,30,8,9,4,1,12,32,14,15,16,60,64,19,65,41,22,23,24,69,5,27,28,56,63,31,29,33,17,35,36,37,38,39,40,49,42,7,44,45,10,47,48,21,50,51,52,53,54,55,6,57,58,59,2,61,62,67,13,46,66,34,68,20,70,71,72,73,74,75,76,77,78,79,80,81,82,83,84,85,86,87,88,89,90,91,92,93,94,95,96,97,98,99,100,101,102,103,104,105,106,107,108,109,110,111,112,113,114,115,116,117,118,119,120,121,122,123,124,125,126,127,128,129,130,131,132,133,134,135,136,137,138,139,140,141,142,143,144,145,146,147,148,149,150,151,152,153,154,155,156,157,158,159,160,161,162,163,164,165,166,167,168,169,170,171,172,173,174,175,176,177,178,179,180,181,182,183,184,185,186,187,188,189,190,191,192,193,194,195,196,197,198,199];False
8567;9273;17840;[52,0,11,3,26,43,18,30,8,9,4,1,12,32,14,15,16,60,64,19,65,41,22,23,24,25,5,27,28,56,63,31,29,33,17,35,36,37,38,39,40,49,42,7,44,45,10,47,48,21,50,51,90,53,54,55,6,57,58,59,2,61,62,67,13,46,66,34,68,69,70,71,72,73,74,75,76,77,78,79,80,81,82,83,84,85,86,87,88,89,20,91,92,93,94,95,96,97,98,99,100,101,102,103,104,105,106,107,108,109,110,111,112,113,114,115,116,117,118,119,120,121,122,123,124,125,126,127,128,129,130,131,132,133,134,135,136,137,138,139,140,141,142,143,144,145,146,147,148,149,150,151,152,153,154,155,156,157,158,159,160,161,162,163,164,165,166,167,168,169,170,171,172,173,174,175,176,177,178,179,180,181,182,183,184,185,186,187,188,189,190,191,192,193,194,195,196,197,198,199];False
8492;9267;17759;[92,0,11,3,26,43,18,30,8,9,4,1,12,32,14,15,16,60,64,19,65,41,22,23,24,25,5,27,28,56,63,31,29,33,17,35,36,37,38,39,40,49,42,7,44,45,10,47,48,21,50,51,52,53,54,55,6,57,58,59,2,61,62,67,13,46,66,34,68,69,70,71,72,73,74,75,76,77,78,79,80,81,82,83,84,85,86,87,88,89,20,91,90,93,94,95,96,97,98,99,100,101,102,103,104,105,106,107,108,109,110,111,112,113,114,115,116,117,118,119,120,121,122,123,124,125,126,127,128,129,130,131,132,133,134,135,136,137,138,139,140,141,142,143,144,145,146,147,148,149,150,151,152,153,154,155,156,157,158,159,160,161,162,163,164,165,166,167,168,169,170,171,172,173,174,175,176,177,178,179,180,181,182,183,184,185,186,187,188,189,190,191,192,193,194,195,196,197,198,199];False
8746;9171;17917;[65,52,11,3,26,43,18,30,8,9,10,1,12,32,14,15,20,17,16,19,61,41,22,23,24,25,5,27,28,56,63,31,29,33,34,35,36,37,38,39,40,49,42,7,44,45,60,47,48,21,50,51,53,13,54,55,6,57,58,59,2,0,62,46,64,4,66,67,68,69,70,71,72,73,74,75,76,77,78,79,80,81,82,83,84,85,86,87,88,89,90,91,92,93,94,95,96,97,98,99,100,101,102,103,104,105,106,107,108,109,110,111,112,113,114,115,116,117,118,119,120,121,122,123,124,125,126,127,128,129,130,131,132,133,134,135,136,137,138,139,140,141,142,143,144,145,146,147,148,149,150,151,152,153,154,155,156,157,158,159,160,161,162,163,164,165,166,167,168,169,170,171,172,173,174,175,176,177,178,179,180,181,182,183,184,185,186,187,188,189,190,191,192,193,194,195,196,197,198,199];False
8690;9172;17862;[4,52,11,3,26,43,18,30,8,9,14,1,12,32,10,15,20,17,16,19,61,41,22,23,24,25,5,27,28,56,63,31,29,33,34,35,36,37,38,39,40,49,42,7,44,45,60,47,48,21,50,51,53,13,54,55,6,57,58,59,2,0,62,46,64,65,66,67,68,69,70,71,72,73,74,75,76,77,78,79,80,81,82,83,84,85,86,87,88,89,90,91,92,93,94,95,96,97,98,99,100,101,102,103,104,105,106,107,108,109,110,111,112,113,114,115,116,117,118,119,120,121,122,123,124,125,126,127,128,129,130,131,132,133,134,135,136,137,138,139,140,141,142,143,144,145,146,147,148,149,150,151,152,153,154,155,156,157,158,159,160,161,162,163,164,165,166,167,168,169,170,171,172,173,174,175,176,177,178,179,180,181,182,183,184,185,186,187,188,189,190,191,192,193,194,195,196,197,198,199];False
8723;9147;17870;[20,52,11,3,26,43,18,30,8,9,4,1,12,32,14,15,65,17,16,19,61,41,22,23,24,25,5,27,28,56,63,31,29,33,34,35,36,37,38,39,40,49,42,7,44,45,60,47,48,21,50,51,53,13,54,55,6,57,58,59,2,0,62,46,64,10,66,67,68,69,70,71,72,73,74,75,76,77,78,79,80,81,82,83,84,85,86,87,88,89,90,91,92,93,94,95,96,97,98,99,100,101,102,103,104,105,106,107,108,109,110,111,112,113,114,115,116,117,118,119,120,121,122,123,124,125,126,127,128,129,130,131,132,133,134,135,136,137,138,139,140,141,142,143,144,145,146,147,148,149,150,151,152,153,154,155,156,157,158,159,160,161,162,163,164,165,166,167,168,169,170,171,172,173,174,175,176,177,178,179,180,181,182,183,184,185,186,187,188,189,190,191,192,193,194,195,196,197,198,199];False
8587;9178;17765;[17,52,11,3,26,43,18,30,8,9,4,1,12,32,14,15,20,65,16,19,61,41,22,23,24,25,5,27,28,56,63,31,29,33,34,35,36,37,38,39,40,49,42,7,44,45,60,47,48,21,50,51,53,13,54,55,6,57,58,59,2,0,62,46,64,10,66,67,68,69,70,71,72,73,74,75,76,77,78,79,80,81,82,83,84,85,86,87,88,89,90,91,92,93,94,95,96,97,98,99,100,101,102,103,104,105,106,107,108,109,110,111,112,113,114,115,116,117,118,119,120,121,122,123,124,125,126,127,128,129,130,131,132,133,134,135,136,137,138,139,140,141,142,143,144,145,146,147,148,149,150,151,152,153,154,155,156,157,158,159,160,161,162,163,164,165,166,167,168,169,170,171,172,173,174,175,176,177,178,179,180,181,182,183,184,185,186,187,188,189,190,191,192,193,194,195,196,197,198,199];False
9371;9141;18512;[41,0,11,52,1,43,30,2,32,9,4,49,12,18,7,15,53,17,16,14,3,6,22,23,24,25,26,27,8,56,21,31,29,33,20,35,36,37,38,39,40,10,42,28,44,45,46,47,48,63,50,51,34,5,54,55,13,57,58,59,60,61,62,19,64,65,66,67,68,69,70,71,72,73,74,75,76,77,78,79,80,81,82,83,84,85,86,87,88,89,90,91,92,93,94,95,96,97,98,99,100,101,102,103,104,105,106,107,108,109,110,111,112,113,114,115,116,117,118,119,120,121,122,123,124,125,126,127,128,129,130,131,132,133,134,135,136,137,138,139,140,141,142,143,144,145,146,147,148,149,150,151,152,153,154,155,156,157,158,159,160,161,162,163,164,165,166,167,168,169,170,171,172,173,174,175,176,177,178,179,180,181,182,183,184,185,186,187,188,189,190,191,192,193,194,195,196,197,198,199];False
9345;9135;18480;[6,0,11,52,1,43,30,2,32,9,41,49,12,18,7,15,53,17,16,14,3,4,22,23,24,25,26,27,8,56,21,31,29,33,20,35,36,37,38,39,40,10,42,28,44,45,46,47,48,63,50,51,34,5,54,55,13,57,58,59,60,61,62,19,64,65,66,67,68,69,70,71,72,73,74,75,76,77,78,79,80,81,82,83,84,85,86,87,88,89,90,91,92,93,94,95,96,97,98,99,100,101,102,103,104,105,106,107,108,109,110,111,112,113,114,115,116,117,118,119,120,121,122,123,124,125,126,127,128,129,130,131,132,133,134,135,136,137,138,139,140,141,142,143,144,145,146,147,148,149,150,151,152,153,154,155,156,157,158,159,160,161,162,163,164,165,166,167,168,169,170,171,172,173,174,175,176,177,178,179,180,181,182,183,184,185,186,187,188,189,190,191,192,193,194,195,196,197,198,199];False
9415;9130;18545;[56,0,11,52,1,43,30,2,32,9,41,49,12,18,7,15,53,17,16,14,3,6,22,23,24,25,26,27,8,4,21,31,29,33,20,35,36,37,38,39,40,10,42,28,44,45,46,47,48,63,50,51,34,5,54,55,13,57,58,59,60,61,62,19,64,65,66,67,68,69,70,71,72,73,74,75,76,77,78,79,80,81,82,83,84,85,86,87,88,89,90,91,92,93,94,95,96,97,98,99,100,101,102,103,104,105,106,107,108,109,110,111,112,113,114,115,116,117,118,119,120,121,122,123,124,125,126,127,128,129,130,131,132,133,134,135,136,137,138,139,140,141,142,143,144,145,146,147,148,149,150,151,152,153,154,155,156,157,158,159,160,161,162,163,164,165,166,167,168,169,170,171,172,173,174,175,176,177,178,179,180,181,182,183,184,185,186,187,188,189,190,191,192,193,194,195,196,197,198,199];False
9404;9133;18537;[37,0,11,52,1,43,30,2,32,9,41,49,12,18,7,15,53,17,16,14,3,6,22,23,24,25,26,27,8,56,21,31,29,33,20,35,36,4,38,39,40,10,42,28,44,45,46,47,48,63,50,51,34,5,54,55,13,57,58,59,60,61,62,19,64,65,66,67,68,69,70,71,72,73,74,75,76,77,78,79,80,81,82,83,84,85,86,87,88,89,90,91,92,93,94,95,96,97,98,99,100,101,102,103,104,105,106,107,108,109,110,111,112,113,114,115,116,117,118,119,120,121,122,123,124,125,126,127,128,129,130,131,132,133,134,135,136,137,138,139,140,141,142,143,144,145,146,147,148,149,150,151,152,153,154,155,156,157,158,159,160,161,162,163,164,165,166,167,168,169,170,171,172,173,174,175,176,177,178,179,180,181,182,183,184,185,186,187,188,189,190,191,192,193,194,195,196,197,198,199];False
9430;9115;18545;[34,0,11,52,1,43,30,2,32,9,41,49,12,18,7,15,53,17,16,14,3,6,22,23,24,25,26,27,8,56,21,31,29,33,20,35,36,37,38,39,40,10,42,28,44,45,46,47,48,63,50,51,4,5,54,55,13,57,58,59,60,61,62,19,64,65,66,67,68,69,70,71,72,73,74,75,76,77,78,79,80,81,82,83,84,85,86,87,88,89,90,91,92,93,94,95,96,97,98,99,100,101,102,103,104,105,106,107,108,109,110,111,112,113,114,115,116,117,118,119,120,121,122,123,124,125,126,127,128,129,130,131,132,133,134,135,136,137,138,139,140,141,142,143,144,145,146,147,148,149,150,151,152,153,154,155,156,157,158,159,160,161,162,163,164,165,166,167,168,169,170,171,172,173,174,175,176,177,178,179,180,181,182,183,184,185,186,187,188,189,190,191,192,193,194,195,196,197,198,199];False
9336;9124;18460;[5,0,11,52,1,43,30,2,32,9,41,49,12,18,7,15,53,17,16,14,3,6,22,23,24,25,26,27,8,56,21,31,29,33,20,35,36,37,38,39,40,10,42,28,44,45,46,47,48,63,50,51,34,4,54,55,13,57,58,59,60,61,62,19,64,65,66,67,68,69,70,71,72,73,74,75,76,77,78,79,80,81,82,83,84,85,86,87,88,89,90,91,92,93,94,95,96,97,98,99,100,101,102,103,104,105,106,107,108,109,110,111,112,113,114,115,116,117,118,119,120,121,122,123,124,125,126,127,128,129,130,131,132,133,134,135,136,137,138,139,140,141,142,143,144,145,146,147,148,149,150,151,152,153,154,155,156,157,158,159,160,161,162,163,164,165,166,167,168,169,170,171,172,173,174,175,176,177,178,179,180,181,182,183,184,185,186,187,188,189,190,191,192,193,194,195,196,197,198,199];False
8371;9289;17660;[0,25,11,3,26,43,18,30,8,9,4,1,12,32,14,15,16,60,64,19,65,41,22,23,24,69,5,27,28,56,63,31,29,33,17,35,36,37,38,39,40,49,42,7,44,45,10,47,48,21,50,51,52,53,54,55,6,57,58,59,2,61,62,67,13,46,66,34,68,20,70,71,72,73,74,75,76,77,78,79,80,81,82,83,84,85,86,87,88,89,90,91,92,93,94,95,96,97,98,99,100,101,102,103,104,105,106,107,108,109,110,111,112,113,114,115,116,117,118,119,120,121,122,123,124,125,126,127,128,129,130,131,132,133,134,135,136,137,138,139,140,141,142,143,144,145,146,147,148,149,150,151,152,153,154,155,156,157,158,159,160,161,162,163,164,165,166,167,168,169,170,171,172,173,174,175,176,177,178,179,180,181,182,183,184,185,186,187,188,189,190,191,192,193,194,195,196,197,198,199];False
8477;9287;17764;[21,0,11,3,26,43,18,30,8,9,4,1,12,32,14,15,16,60,64,19,65,41,22,23,24,25,5,27,28,56,63,31,29,33,17,35,36,37,38,39,40,49,42,7,44,45,10,47,48,92,50,51,52,53,54,55,6,57,58,59,2,61,62,67,13,46,66,34,68,69,70,71,72,73,74,75,76,77,78,79,80,81,82,83,84,85,86,87,88,89,20,91,90,93,94,95,96,97,98,99,100,101,102,103,104,105,106,107,108,109,110,111,112,113,114,115,116,117,118,119,120,121,122,123,124,125,126,127,128,129,130,131,132,133,134,135,136,137,138,139,140,141,142,143,144,145,146,147,148,149,150,151,152,153,154,155,156,157,158,159,160,161,162,163,164,165,166,167,168,169,170,171,172,173,174,175,176,177,178,179,180,181,182,183,184,185,186,187,188,189,190,191,192,193,194,195,196,197,198,199];False
8446;9280;17726;[51,0,11,3,26,43,18,30,8,9,4,1,12,32,14,15,16,60,64,19,65,41,22,23,24,25,5,27,28,56,63,31,29,33,17,35,36,37,38,39,40,49,42,7,44,45,10,47,48,21,50,92,52,53,54,55,6,57,58,59,2,61,62,67,13,46,66,34,68,69,70,71,72,73,74,75,76,77,78,79,80,81,82,83,84,85,86,87,88,89,20,91,90,93,94,95,96,97,98,99,100,101,102,103,104,105,106,107,108,109,110,111,112,113,114,115,116,117,118,119,120,121,122,123,124,125,126,127,128,129,130,131,132,133,134,135,136,137,138,139,140,141,142,143,144,145,146,147,148,149,150,151,152,153,154,155,156,157,158,159,160,161,162,163,164,165,166,167,168,169,170,171,172,173,174,175,176,177,178,179,180,181,182,183,184,185,186,187,188,189,190,191,192,193,194,195,196,197,198,199];False
8573;9266;17839;[54,0,11,3,26,43,18,30,8,9,4,1,12,32,14,15,16,60,64,19,65,41,22,23,24,25,5,27,28,56,63,31,29,33,17,35,36,37,38,39,40,49,42,7,44,45,10,47,48,21,50,51,52,53,92,55,6,57,58,59,2,61,62,67,13,46,66,34,68,69,70,71,72,73,74,75,76,77,78,79,80,81,82,83,84,85,86,87,88,89,20,91,90,93,94,95,96,97,98,99,100,101,102,103,104,105,106,107,108,109,110,111,112,113,114,115,116,117,118,119,120,121,122,123,124,125,126,127,128,129,130,131,132,133,134,135,136,137,138,139,140,141,142,143,144,145,146,147,148,149,150,151,152,153,154,155,156,157,158,159,160,161,162,163,164,165,166,167,168,169,170,171,172,173,174,175,176,177,178,179,180,181,182,183,184,185,186,187,188,189,190,191,192,193,194,195,196,197,198,199];False
8516;9257;17773;[67,0,11,3,26,43,18,30,8,9,4,1,12,32,14,15,16,60,64,19,65,41,22,23,24,25,5,27,28,56,63,31,29,33,17,35,36,37,38,39,40,49,42,7,44,45,10,47,48,21,50,51,52,53,54,55,6,57,58,59,2,61,62,92,13,46,66,34,68,69,70,71,72,73,74,75,76,77,78,79,80,81,82,83,84,85,86,87,88,89,20,91,90,93,94,95,96,97,98,99,100,101,102,103,104,105,106,107,108,109,110,111,112,113,114,115,116,117,118,119,120,121,122,123,124,125,126,127,128,129,130,131,132,133,134,135,136,137,138,139,140,141,142,143,144,145,146,147,148,149,150,151,152,153,154,155,156,157,158,159,160,161,162,163,164,165,166,167,168,169,170,171,172,173,174,175,176,177,178,179,180,181,182,183,184,185,186,187,188,189,190,191,192,193,194,195,196,197,198,199];False
8467;9256;17723;[69,0,11,3,26,43,18,30,8,9,4,1,12,32,14,15,16,60,64,19,65,41,22,23,24,25,5,27,28,56,63,31,29,33,17,35,36,37,38,39,40,49,42,7,44,45,10,47,48,21,50,51,52,53,54,55,6,57,58,59,2,61,62,67,13,46,66,34,68,92,70,71,72,73,74,75,76,77,78,79,80,81,82,83,84,85,86,87,88,89,20,91,90,93,94,95,96,97,98,99,100,101,102,103,104,105,106,107,108,109,110,111,112,113,114,115,116,117,118,119,120,121,122,123,124,125,126,127,128,129,130,131,132,133,134,135,136,137,138,139,140,141,142,143,144,145,146,147,148,149,150,151,152,153,154,155,156,157,158,159,160,161,162,163,164,165,166,167,168,169,170,171,172,173,174,175,176,177,178,179,180,181,182,183,184,185,186,187,188,189,190,191,192,193,194,195,196,197,198,199];False
8640;9169;17809;[65,52,11,3,26,43,18,30,8,9,14,1,12,32,10,15,20,17,16,19,61,41,22,23,24,25,5,27,28,56,63,31,29,33,34,35,36,37,38,39,40,49,42,7,44,45,60,47,48,21,50,51,53,13,54,55,6,57,58,59,2,0,62,46,64,4,66,67,68,69,70,71,72,73,74,75,76,77,78,79,80,81,82,83,84,85,86,87,88,89,90,91,92,93,94,95,96,97,98,99,100,101,102,103,104,105,106,107,108,109,110,111,112,113,114,115,116,117,118,119,120,121,122,123,124,125,126,127,128,129,130,131,132,133,134,135,136,137,138,139,140,141,142,143,144,145,146,147,148,149,150,151,152,153,154,155,156,157,158,159,160,161,162,163,164,165,166,167,168,169,170,171,172,173,174,175,176,177,178,179,180,181,182,183,184,185,186,187,188,189,190,191,192,193,194,195,196,197,198,199];False
8703;9166;17869;[33,52,11,3,26,43,18,30,8,9,4,1,12,32,14,15,65,17,16,19,61,41,22,23,24,25,5,27,28,56,63,31,29,20,34,35,36,37,38,39,40,49,42,7,44,45,60,47,48,21,50,51,53,13,54,55,6,57,58,59,2,0,62,46,64,10,66,67,68,69,70,71,72,73,74,75,76,77,78,79,80,81,82,83,84,85,86,87,88,89,90,91,92,93,94,95,96,97,98,99,100,101,102,103,104,105,106,107,108,109,110,111,112,113,114,115,116,117,118,119,120,121,122,123,124,125,126,127,128,129,130,131,132,133,134,135,136,137,138,139,140,141,142,143,144,145,146,147,148,149,150,151,152,153,154,155,156,157,158,159,160,161,162,163,164,165,166,167,168,169,170,171,172,173,174,175,176,177,178,179,180,181,182,183,184,185,186,187,188,189,190,191,192,193,194,195,196,197,198,199];False
8633;9133;17766;[34,52,11,3,26,43,18,30,8,9,4,1,12,32,14,15,65,17,16,19,61,41,22,23,24,25,5,27,28,56,63,31,29,33,20,35,36,37,38,39,40,49,42,7,44,45,60,47,48,21,50,51,53,13,54,55,6,57,58,59,2,0,62,46,64,10,66,67,68,69,70,71,72,73,74,75,76,77,78,79,80,81,82,83,84,85,86,87,88,89,90,91,92,93,94,95,96,97,98,99,100,101,102,103,104,105,106,107,108,109,110,111,112,113,114,115,116,117,118,119,120,121,122,123,124,125,126,127,128,129,130,131,132,133,134,135,136,137,138,139,140,141,142,143,144,145,146,147,148,149,150,151,152,153,154,155,156,157,158,159,160,161,162,163,164,165,166,167,168,169,170,171,172,173,174,175,176,177,178,179,180,181,182,183,184,185,186,187,188,189,190,191,192,193,194,195,196,197,198,199];False
8582;9210;17792;[43,52,11,3,26,17,18,30,8,9,4,1,12,32,14,15,20,65,16,19,61,41,22,23,24,25,5,27,28,56,63,31,29,33,34,35,36,37,38,39,40,49,42,7,44,45,60,47,48,21,50,51,53,13,54,55,6,57,58,59,2,0,62,46,64,10,66,67,68,69,70,71,72,73,74,75,76,77,78,79,80,81,82,83,84,85,86,87,88,89,90,91,92,93,94,95,96,97,98,99,100,101,102,103,104,105,106,107,108,109,110,111,112,113,114,115,116,117,118,119,120,121,122,123,124,125,126,127,128,129,130,131,132,133,134,135,136,137,138,139,140,141,142,143,144,145,146,147,148,149,150,151,152,153,154,155,156,157,158,159,160,161,162,163,164,165,166,167,168,169,170,171,172,173,174,175,176,177,178,179,180,181,182,183,184,185,186,187,188,189,190,191,192,193,194,195,196,197,198,199];False
8612;9157;17769;[20,52,11,3,26,43,18,30,8,9,4,1,12,32,14,15,17,65,16,19,61,41,22,23,24,25,5,27,28,56,63,31,29,33,34,35,36,37,38,39,40,49,42,7,44,45,60,47,48,21,50,51,53,13,54,55,6,57,58,59,2,0,62,46,64,10,66,67,68,69,70,71,72,73,74,75,76,77,78,79,80,81,82,83,84,85,86,87,88,89,90,91,92,93,94,95,96,97,98,99,100,101,102,103,104,105,106,107,108,109,110,111,112,113,114,115,116,117,118,119,120,121,122,123,124,125,126,127,128,129,130,131,132,133,134,135,136,137,138,139,140,141,142,143,144,145,146,147,148,149,150,151,152,153,154,155,156,157,158,159,160,161,162,163,164,165,166,167,168,169,170,171,172,173,174,175,176,177,178,179,180,181,182,183,184,185,186,187,188,189,190,191,192,193,194,195,196,197,198,199];False
8540;9194;17734;[25,52,11,3,26,43,18,30,8,9,4,1,12,32,14,15,20,65,16,19,61,41,22,23,24,17,5,27,28,56,63,31,29,33,34,35,36,37,38,39,40,49,42,7,44,45,60,47,48,21,50,51,53,13,54,55,6,57,58,59,2,0,62,46,64,10,66,67,68,69,70,71,72,73,74,75,76,77,78,79,80,81,82,83,84,85,86,87,88,89,90,91,92,93,94,95,96,97,98,99,100,101,102,103,104,105,106,107,108,109,110,111,112,113,114,115,116,117,118,119,120,121,122,123,124,125,126,127,128,129,130,131,132,133,134,135,136,137,138,139,140,141,142,143,144,145,146,147,148,149,150,151,152,153,154,155,156,157,158,159,160,161,162,163,164,165,166,167,168,169,170,171,172,173,174,175,176,177,178,179,180,181,182,183,184,185,186,187,188,189,190,191,192,193,194,195,196,197,198,199];False
8530;9160;17690;[34,52,11,3,26,43,18,30,8,9,4,1,12,32,14,15,20,65,16,19,61,41,22,23,24,25,5,27,28,56,63,31,29,33,17,35,36,37,38,39,40,49,42,7,44,45,60,47,48,21,50,51,53,13,54,55,6,57,58,59,2,0,62,46,64,10,66,67,68,69,70,71,72,73,74,75,76,77,78,79,80,81,82,83,84,85,86,87,88,89,90,91,92,93,94,95,96,97,98,99,100,101,102,103,104,105,106,107,108,109,110,111,112,113,114,115,116,117,118,119,120,121,122,123,124,125,126,127,128,129,130,131,132,133,134,135,136,137,138,139,140,141,142,143,144,145,146,147,148,149,150,151,152,153,154,155,156,157,158,159,160,161,162,163,164,165,166,167,168,169,170,171,172,173,174,175,176,177,178,179,180,181,182,183,184,185,186,187,188,189,190,191,192,193,194,195,196,197,198,199];False
9394;9117;18511;[66,0,11,52,1,43,30,2,32,9,41,49,12,18,7,15,53,17,16,14,3,6,22,23,24,25,26,27,8,56,21,31,29,33,20,35,36,37,38,39,40,10,42,28,44,45,46,47,48,63,50,51,4,5,54,55,13,57,58,59,60,61,62,19,64,65,34,67,68,69,70,71,72,73,74,75,76,77,78,79,80,81,82,83,84,85,86,87,88,89,90,91,92,93,94,95,96,97,98,99,100,101,102,103,104,105,106,107,108,109,110,111,112,113,114,115,116,117,118,119,120,121,122,123,124,125,126,127,128,129,130,131,132,133,134,135,136,137,138,139,140,141,142,143,144,145,146,147,148,149,150,151,152,153,154,155,156,157,158,159,160,161,162,163,164,165,166,167,168,169,170,171,172,173,174,175,176,177,178,179,180,181,182,183,184,185,186,187,188,189,190,191,192,193,194,195,196,197,198,199];False
9324;9124;18448;[69,0,11,52,1,43,30,2,32,9,41,49,12,18,7,15,53,17,16,14,3,6,22,23,24,25,26,27,8,56,21,31,29,33,20,35,36,37,38,39,40,10,42,28,44,45,46,47,48,63,50,51,4,5,54,55,13,57,58,59,60,61,62,19,64,65,66,67,68,34,70,71,72,73,74,75,76,77,78,79,80,81,82,83,84,85,86,87,88,89,90,91,92,93,94,95,96,97,98,99,100,101,102,103,104,105,106,107,108,109,110,111,112,113,114,115,116,117,118,119,120,121,122,123,124,125,126,127,128,129,130,131,132,133,134,135,136,137,138,139,140,141,142,143,144,145,146,147,148,149,150,151,152,153,154,155,156,157,158,159,160,161,162,163,164,165,166,167,168,169,170,171,172,173,174,175,176,177,178,179,180,181,182,183,184,185,186,187,188,189,190,191,192,193,194,195,196,197,198,199];False
9328;9110;18438;[90,0,11,52,1,43,30,2,32,9,41,49,12,18,7,15,53,17,16,14,3,6,22,23,24,25,26,27,8,56,21,31,29,33,20,35,36,37,38,39,40,10,42,28,44,45,46,47,48,63,50,51,4,5,54,55,13,57,58,59,60,61,62,19,64,65,66,67,68,69,70,71,72,73,74,75,76,77,78,79,80,81,82,83,84,85,86,87,88,89,34,91,92,93,94,95,96,97,98,99,100,101,102,103,104,105,106,107,108,109,110,111,112,113,114,115,116,117,118,119,120,121,122,123,124,125,126,127,128,129,130,131,132,133,134,135,136,137,138,139,140,141,142,143,144,145,146,147,148,149,150,151,152,153,154,155,156,157,158,159,160,161,162,163,164,165,166,167,168,169,170,171,172,173,174,175,176,177,178,179,180,181,182,183,184,185,186,187,188,189,190,191,192,193,194,195,196,197,198,199];False
8418;9285;17703;[30,25,11,3,26,43,18,0,8,9,4,1,12,32,14,15,16,60,64,19,65,41,22,23,24,69,5,27,28,56,63,31,29,33,17,35,36,37,38,39,40,49,42,7,44,45,10,47,48,21,50,51,52,53,54,55,6,57,58,59,2,61,62,67,13,46,66,34,68,20,70,71,72,73,74,75,76,77,78,79,80,81,82,83,84,85,86,87,88,89,90,91,92,93,94,95,96,97,98,99,100,101,102,103,104,105,106,107,108,109,110,111,112,113,114,115,116,117,118,119,120,121,122,123,124,125,126,127,128,129,130,131,132,133,134,135,136,137,138,139,140,141,142,143,144,145,146,147,148,149,150,151,152,153,154,155,156,157,158,159,160,161,162,163,164,165,166,167,168,169,170,171,172,173,174,175,176,177,178,179,180,181,182,183,184,185,186,187,188,189,190,191,192,193,194,195,196,197,198,199];False
8434;9274;17708;[8,25,11,3,26,43,18,30,0,9,4,1,12,32,14,15,16,60,64,19,65,41,22,23,24,69,5,27,28,56,63,31,29,33,17,35,36,37,38,39,40,49,42,7,44,45,10,47,48,21,50,51,52,53,54,55,6,57,58,59,2,61,62,67,13,46,66,34,68,20,70,71,72,73,74,75,76,77,78,79,80,81,82,83,84,85,86,87,88,89,90,91,92,93,94,95,96,97,98,99,100,101,102,103,104,105,106,107,108,109,110,111,112,113,114,115,116,117,118,119,120,121,122,123,124,125,126,127,128,129,130,131,132,133,134,135,136,137,138,139,140,141,142,143,144,145,146,147,148,149,150,151,152,153,154,155,156,157,158,159,160,161,162,163,164,165,166,167,168,169,170,171,172,173,174,175,176,177,178,179,180,181,182,183,184,185,186,187,188,189,190,191,192,193,194,195,196,197,198,199];False
8435;9228;17663;[19,25,11,3,26,43,18,30,8,9,4,1,12,32,14,15,16,60,64,0,65,41,22,23,24,69,5,27,28,56,63,31,29,33,17,35,36,37,38,39,40,49,42,7,44,45,10,47,48,21,50,51,52,53,54,55,6,57,58,59,2,61,62,67,13,46,66,34,68,20,70,71,72,73,74,75,76,77,78,79,80,81,82,83,84,85,86,87,88,89,90,91,92,93,94,95,96,97,98,99,100,101,102,103,104,105,106,107,108,109,110,111,112,113,114,115,116,117,118,119,120,121,122,123,124,125,126,127,128,129,130,131,132,133,134,135,136,137,138,139,140,141,142,143,144,145,146,147,148,149,150,151,152,153,154,155,156,157,158,159,160,161,162,163,164,165,166,167,168,169,170,171,172,173,174,175,176,177,178,179,180,181,182,183,184,185,186,187,188,189,190,191,192,193,194,195,196,197,198,199];False
8401;9288;17689;[39,25,11,3,26,43,18,30,8,9,4,1,12,32,14,15,16,60,64,19,65,41,22,23,24,69,5,27,28,56,63,31,29,33,17,35,36,37,38,0,40,49,42,7,44,45,10,47,48,21,50,51,52,53,54,55,6,57,58,59,2,61,62,67,13,46,66,34,68,20,70,71,72,73,74,75,76,77,78,79,80,81,82,83,84,85,86,87,88,89,90,91,92,93,94,95,96,97,98,99,100,101,102,103,104,105,106,107,108,109,110,111,112,113,114,115,116,117,118,119,120,121,122,123,124,125,126,127,128,129,130,131,132,133,134,135,136,137,138,139,140,141,142,143,144,145,146,147,148,149,150,151,152,153,154,155,156,157,158,159,160,161,162,163,164,165,166,167,168,169,170,171,172,173,174,175,176,177,178,179,180,181,182,183,184,185,186,187,188,189,190,191,192,193,194,195,196,197,198,199];False
8403;9284;17687;[47,25,11,3,26,43,18,30,8,9,4,1,12,32,14,15,16,60,64,19,65,41,22,23,24,69,5,27,28,56,63,31,29,33,17,35,36,37,38,39,40,49,42,7,44,45,10,0,48,21,50,51,52,53,54,55,6,57,58,59,2,61,62,67,13,46,66,34,68,20,70,71,72,73,74,75,76,77,78,79,80,81,82,83,84,85,86,87,88,89,90,91,92,93,94,95,96,97,98,99,100,101,102,103,104,105,106,107,108,109,110,111,112,113,114,115,116,117,118,119,120,121,122,123,124,125,126,127,128,129,130,131,132,133,134,135,136,137,138,139,140,141,142,143,144,145,146,147,148,149,150,151,152,153,154,155,156,157,158,159,160,161,162,163,164,165,166,167,168,169,170,171,172,173,174,175,176,177,178,179,180,181,182,183,184,185,186,187,188,189,190,191,192,193,194,195,196,197,198,199];False
8345;9287;17632;[52,25,11,3,26,43,18,30,8,9,4,1,12,32,14,15,16,60,64,19,65,41,22,23,24,69,5,27,28,56,63,31,29,33,17,35,36,37,38,39,40,49,42,7,44,45,10,47,48,21,50,51,0,53,54,55,6,57,58,59,2,61,62,67,13,46,66,34,68,20,70,71,72,73,74,75,76,77,78,79,80,81,82,83,84,85,86,87,88,89,90,91,92,93,94,95,96,97,98,99,100,101,102,103,104,105,106,107,108,109,110,111,112,113,114,115,116,117,118,119,120,121,122,123,124,125,126,127,128,129,130,131,132,133,134,135,136,137,138,139,140,141,142,143,144,145,146,147,148,149,150,151,152,153,154,155,156,157,158,159,160,161,162,163,164,165,166,167,168,169,170,171,172,173,174,175,176,177,178,179,180,181,182,183,184,185,186,187,188,189,190,191,192,193,194,195,196,197,198,199];False
8618;9142;17760;[69,52,11,3,26,43,18,30,8,9,4,1,12,32,14,15,65,17,16,19,61,41,22,23,24,25,5,27,28,56,63,31,29,33,20,35,36,37,38,39,40,49,42,7,44,45,60,47,48,21,50,51,53,13,54,55,6,57,58,59,2,0,62,46,64,10,66,67,68,34,70,71,72,73,74,75,76,77,78,79,80,81,82,83,84,85,86,87,88,89,90,91,92,93,94,95,96,97,98,99,100,101,102,103,104,105,106,107,108,109,110,111,112,113,114,115,116,117,118,119,120,121,122,123,124,125,126,127,128,129,130,131,132,133,134,135,136,137,138,139,140,141,142,143,144,145,146,147,148,149,150,151,152,153,154,155,156,157,158,159,160,161,162,163,164,165,166,167,168,169,170,171,172,173,174,175,176,177,178,179,180,181,182,183,184,185,186,187,188,189,190,191,192,193,194,195,196,197,198,199];False
8519;9193;17712;[85,52,11,3,26,43,18,30,8,9,4,1,12,32,14,15,65,17,16,19,61,41,22,23,24,25,5,27,28,56,63,31,29,33,20,35,36,37,38,39,40,49,42,7,44,45,60,47,48,21,50,51,53,13,54,55,6,57,58,59,2,0,62,46,64,10,66,67,68,69,70,71,72,73,74,75,76,77,78,79,80,81,82,83,84,34,86,87,88,89,90,91,92,93,94,95,96,97,98,99,100,101,102,103,104,105,106,107,108,109,110,111,112,113,114,115,116,117,118,119,120,121,122,123,124,125,126,127,128,129,130,131,132,133,134,135,136,137,138,139,140,141,142,143,144,145,146,147,148,149,150,151,152,153,154,155,156,157,158,159,160,161,162,163,164,165,166,167,168,169,170,171,172,173,174,175,176,177,178,179,180,181,182,183,184,185,186,187,188,189,190,191,192,193,194,195,196,197,198,199];False
8545;9128;17673;[90,52,11,3,26,43,18,30,8,9,4,1,12,32,14,15,65,17,16,19,61,41,22,23,24,25,5,27,28,56,63,31,29,33,20,35,36,37,38,39,40,49,42,7,44,45,60,47,48,21,50,51,53,13,54,55,6,57,58,59,2,0,62,46,64,10,66,67,68,69,70,71,72,73,74,75,76,77,78,79,80,81,82,83,84,85,86,87,88,89,34,91,92,93,94,95,96,97,98,99,100,101,102,103,104,105,106,107,108,109,110,111,112,113,114,115,116,117,118,119,120,121,122,123,124,125,126,127,128,129,130,131,132,133,134,135,136,137,138,139,140,141,142,143,144,145,146,147,148,149,150,151,152,153,154,155,156,157,158,159,160,161,162,163,164,165,166,167,168,169,170,171,172,173,174,175,176,177,178,179,180,181,182,183,184,185,186,187,188,189,190,191,192,193,194,195,196,197,198,199];False
8444;9193;17637;[25,52,11,3,26,43,18,30,8,9,4,1,12,32,14,15,20,65,16,19,61,41,22,23,24,34,5,27,28,56,63,31,29,33,17,35,36,37,38,39,40,49,42,7,44,45,60,47,48,21,50,51,53,13,54,55,6,57,58,59,2,0,62,46,64,10,66,67,68,69,70,71,72,73,74,75,76,77,78,79,80,81,82,83,84,85,86,87,88,89,90,91,92,93,94,95,96,97,98,99,100,101,102,103,104,105,106,107,108,109,110,111,112,113,114,115,116,117,118,119,120,121,122,123,124,125,126,127,128,129,130,131,132,133,134,135,136,137,138,139,140,141,142,143,144,145,146,147,148,149,150,151,152,153,154,155,156,157,158,159,160,161,162,163,164,165,166,167,168,169,170,171,172,173,174,175,176,177,178,179,180,181,182,183,184,185,186,187,188,189,190,191,192,193,194,195,196,197,198,199];False
8515;9169;17684;[69,52,11,3,26,43,18,30,8,9,4,1,12,32,14,15,20,65,16,19,61,41,22,23,24,25,5,27,28,56,63,31,29,33,17,35,36,37,38,39,40,49,42,7,44,45,60,47,48,21,50,51,53,13,54,55,6,57,58,59,2,0,62,46,64,10,66,67,68,34,70,71,72,73,74,75,76,77,78,79,80,81,82,83,84,85,86,87,88,89,90,91,92,93,94,95,96,97,98,99,100,101,102,103,104,105,106,107,108,109,110,111,112,113,114,115,116,117,118,119,120,121,122,123,124,125,126,127,128,129,130,131,132,133,134,135,136,137,138,139,140,141,142,143,144,145,146,147,148,149,150,151,152,153,154,155,156,157,158,159,160,161,162,163,164,165,166,167,168,169,170,171,172,173,174,175,176,177,178,179,180,181,182,183,184,185,186,187,188,189,190,191,192,193,194,195,196,197,198,199];False
8416;9220;17636;[85,52,11,3,26,43,18,30,8,9,4,1,12,32,14,15,20,65,16,19,61,41,22,23,24,25,5,27,28,56,63,31,29,33,17,35,36,37,38,39,40,49,42,7,44,45,60,47,48,21,50,51,53,13,54,55,6,57,58,59,2,0,62,46,64,10,66,67,68,69,70,71,72,73,74,75,76,77,78,79,80,81,82,83,84,34,86,87,88,89,90,91,92,93,94,95,96,97,98,99,100,101,102,103,104,105,106,107,108,109,110,111,112,113,114,115,116,117,118,119,120,121,122,123,124,125,126,127,128,129,130,131,132,133,134,135,136,137,138,139,140,141,142,143,144,145,146,147,148,149,150,151,152,153,154,155,156,157,158,159,160,161,162,163,164,165,166,167,168,169,170,171,172,173,174,175,176,177,178,179,180,181,182,183,184,185,186,187,188,189,190,191,192,193,194,195,196,197,198,199];False
8442;9155;17597;[90,52,11,3,26,43,18,30,8,9,4,1,12,32,14,15,20,65,16,19,61,41,22,23,24,25,5,27,28,56,63,31,29,33,17,35,36,37,38,39,40,49,42,7,44,45,60,47,48,21,50,51,53,13,54,55,6,57,58,59,2,0,62,46,64,10,66,67,68,69,70,71,72,73,74,75,76,77,78,79,80,81,82,83,84,85,86,87,88,89,34,91,92,93,94,95,96,97,98,99,100,101,102,103,104,105,106,107,108,109,110,111,112,113,114,115,116,117,118,119,120,121,122,123,124,125,126,127,128,129,130,131,132,133,134,135,136,137,138,139,140,141,142,143,144,145,146,147,148,149,150,151,152,153,154,155,156,157,158,159,160,161,162,163,164,165,166,167,168,169,170,171,172,173,174,175,176,177,178,179,180,181,182,183,184,185,186,187,188,189,190,191,192,193,194,195,196,197,198,199];False
9405;9105;18510;[3,0,11,52,1,43,30,2,32,9,41,49,12,18,7,15,53,17,16,14,69,6,22,23,24,25,26,27,8,56,21,31,29,33,20,35,36,37,38,39,40,10,42,28,44,45,46,47,48,63,50,51,4,5,54,55,13,57,58,59,60,61,62,19,64,65,66,67,68,34,70,71,72,73,74,75,76,77,78,79,80,81,82,83,84,85,86,87,88,89,90,91,92,93,94,95,96,97,98,99,100,101,102,103,104,105,106,107,108,109,110,111,112,113,114,115,116,117,118,119,120,121,122,123,124,125,126,127,128,129,130,131,132,133,134,135,136,137,138,139,140,141,142,143,144,145,146,147,148,149,150,151,152,153,154,155,156,157,158,159,160,161,162,163,164,165,166,167,168,169,170,171,172,173,174,175,176,177,178,179,180,181,182,183,184,185,186,187,188,189,190,191,192,193,194,195,196,197,198,199];False
9367;9105;18472;[6,0,11,52,1,43,30,2,32,9,41,49,12,18,7,15,53,17,16,14,3,69,22,23,24,25,26,27,8,56,21,31,29,33,20,35,36,37,38,39,40,10,42,28,44,45,46,47,48,63,50,51,4,5,54,55,13,57,58,59,60,61,62,19,64,65,66,67,68,34,70,71,72,73,74,75,76,77,78,79,80,81,82,83,84,85,86,87,88,89,90,91,92,93,94,95,96,97,98,99,100,101,102,103,104,105,106,107,108,109,110,111,112,113,114,115,116,117,118,119,120,121,122,123,124,125,126,127,128,129,130,131,132,133,134,135,136,137,138,139,140,141,142,143,144,145,146,147,148,149,150,151,152,153,154,155,156,157,158,159,160,161,162,163,164,165,166,167,168,169,170,171,172,173,174,175,176,177,178,179,180,181,182,183,184,185,186,187,188,189,190,191,192,193,194,195,196,197,198,199];False
9244;9123;18367;[5,0,11,52,1,43,30,2,32,9,41,49,12,18,7,15,53,17,16,14,3,6,22,23,24,25,26,27,8,56,21,31,29,33,20,35,36,37,38,39,40,10,42,28,44,45,46,47,48,63,50,51,4,69,54,55,13,57,58,59,60,61,62,19,64,65,66,67,68,34,70,71,72,73,74,75,76,77,78,79,80,81,82,83,84,85,86,87,88,89,90,91,92,93,94,95,96,97,98,99,100,101,102,103,104,105,106,107,108,109,110,111,112,113,114,115,116,117,118,119,120,121,122,123,124,125,126,127,128,129,130,131,132,133,134,135,136,137,138,139,140,141,142,143,144,145,146,147,148,149,150,151,152,153,154,155,156,157,158,159,160,161,162,163,164,165,166,167,168,169,170,171,172,173,174,175,176,177,178,179,180,181,182,183,184,185,186,187,188,189,190,191,192,193,194,195,196,197,198,199];False
9257;9101;18358;[66,0,11,52,1,43,30,2,32,9,41,49,12,18,7,15,53,17,16,14,3,6,22,23,24,25,26,27,8,56,21,31,29,33,20,35,36,37,38,39,40,10,42,28,44,45,46,47,48,63,50,51,4,5,54,55,13,57,58,59,60,61,62,19,64,65,90,67,68,69,70,71,72,73,74,75,76,77,78,79,80,81,82,83,84,85,86,87,88,89,34,91,92,93,94,95,96,97,98,99,100,101,102,103,104,105,106,107,108,109,110,111,112,113,114,115,116,117,118,119,120,121,122,123,124,125,126,127,128,129,130,131,132,133,134,135,136,137,138,139,140,141,142,143,144,145,146,147,148,149,150,151,152,153,154,155,156,157,158,159,160,161,162,163,164,165,166,167,168,169,170,171,172,173,174,175,176,177,178,179,180,181,182,183,184,185,186,187,188,189,190,191,192,193,194,195,196,197,198,199];False
8396;9268;17664;[3,25,11,47,26,43,18,30,8,9,4,1,12,32,14,15,16,60,64,19,65,41,22,23,24,69,5,27,28,56,63,31,29,33,17,35,36,37,38,39,40,49,42,7,44,45,10,0,48,21,50,51,52,53,54,55,6,57,58,59,2,61,62,67,13,46,66,34,68,20,70,71,72,73,74,75,76,77,78,79,80,81,82,83,84,85,86,87,88,89,90,91,92,93,94,95,96,97,98,99,100,101,102,103,104,105,106,107,108,109,110,111,112,113,114,115,116,117,118,119,120,121,122,123,124,125,126,127,128,129,130,131,132,133,134,135,136,137,138,139,140,141,142,143,144,145,146,147,148,149,150,151,152,153,154,155,156,157,158,159,160,161,162,163,164,165,166,167,168,169,170,171,172,173,174,175,176,177,178,179,180,181,182,183,184,185,186,187,188,189,190,191,192,193,194,195,196,197,198,199];False
8234;9317;17551;[25,52,11,3,26,43,18,30,8,9,4,1,12,32,14,15,16,60,64,19,65,41,22,23,24,69,5,27,28,56,63,31,29,33,17,35,36,37,38,39,40,49,42,7,44,45,10,47,48,21,50,51,0,53,54,55,6,57,58,59,2,61,62,67,13,46,66,34,68,20,70,71,72,73,74,75,76,77,78,79,80,81,82,83,84,85,86,87,88,89,90,91,92,93,94,95,96,97,98,99,100,101,102,103,104,105,106,107,108,109,110,111,112,113,114,115,116,117,118,119,120,121,122,123,124,125,126,127,128,129,130,131,132,133,134,135,136,137,138,139,140,141,142,143,144,145,146,147,148,149,150,151,152,153,154,155,156,157,158,159,160,161,162,163,164,165,166,167,168,169,170,171,172,173,174,175,176,177,178,179,180,181,182,183,184,185,186,187,188,189,190,191,192,193,194,195,196,197,198,199];False
8353;9259;17612;[8,25,11,3,26,43,18,30,52,9,4,1,12,32,14,15,16,60,64,19,65,41,22,23,24,69,5,27,28,56,63,31,29,33,17,35,36,37,38,39,40,49,42,7,44,45,10,47,48,21,50,51,0,53,54,55,6,57,58,59,2,61,62,67,13,46,66,34,68,20,70,71,72,73,74,75,76,77,78,79,80,81,82,83,84,85,86,87,88,89,90,91,92,93,94,95,96,97,98,99,100,101,102,103,104,105,106,107,108,109,110,111,112,113,114,115,116,117,118,119,120,121,122,123,124,125,126,127,128,129,130,131,132,133,134,135,136,137,138,139,140,141,142,143,144,145,146,147,148,149,150,151,152,153,154,155,156,157,158,159,160,161,162,163,164,165,166,167,168,169,170,171,172,173,174,175,176,177,178,179,180,181,182,183,184,185,186,187,188,189,190,191,192,193,194,195,196,197,198,199];False
8341;9291;17632;[16,25,11,3,26,43,18,30,8,9,4,1,12,32,14,15,52,60,64,19,65,41,22,23,24,69,5,27,28,56,63,31,29,33,17,35,36,37,38,39,40,49,42,7,44,45,10,47,48,21,50,51,0,53,54,55,6,57,58,59,2,61,62,67,13,46,66,34,68,20,70,71,72,73,74,75,76,77,78,79,80,81,82,83,84,85,86,87,88,89,90,91,92,93,94,95,96,97,98,99,100,101,102,103,104,105,106,107,108,109,110,111,112,113,114,115,116,117,118,119,120,121,122,123,124,125,126,127,128,129,130,131,132,133,134,135,136,137,138,139,140,141,142,143,144,145,146,147,148,149,150,151,152,153,154,155,156,157,158,159,160,161,162,163,164,165,166,167,168,169,170,171,172,173,174,175,176,177,178,179,180,181,182,183,184,185,186,187,188,189,190,191,192,193,194,195,196,197,198,199];False
8330;9293;17623;[28,25,11,3,26,43,18,30,8,9,4,1,12,32,14,15,16,60,64,19,65,41,22,23,24,69,5,27,52,56,63,31,29,33,17,35,36,37,38,39,40,49,42,7,44,45,10,47,48,21,50,51,0,53,54,55,6,57,58,59,2,61,62,67,13,46,66,34,68,20,70,71,72,73,74,75,76,77,78,79,80,81,82,83,84,85,86,87,88,89,90,91,92,93,94,95,96,97,98,99,100,101,102,103,104,105,106,107,108,109,110,111,112,113,114,115,116,117,118,119,120,121,122,123,124,125,126,127,128,129,130,131,132,133,134,135,136,137,138,139,140,141,142,143,144,145,146,147,148,149,150,151,152,153,154,155,156,157,158,159,160,161,162,163,164,165,166,167,168,169,170,171,172,173,174,175,176,177,178,179,180,181,182,183,184,185,186,187,188,189,190,191,192,193,194,195,196,197,198,199];False
8268;9311;17579;[17,25,11,3,26,43,18,30,8,9,4,1,12,32,14,15,16,60,64,19,65,41,22,23,24,69,5,27,28,56,63,31,29,33,52,35,36,37,38,39,40,49,42,7,44,45,10,47,48,21,50,51,0,53,54,55,6,57,58,59,2,61,62,67,13,46,66,34,68,20,70,71,72,73,74,75,76,77,78,79,80,81,82,83,84,85,86,87,88,89,90,91,92,93,94,95,96,97,98,99,100,101,102,103,104,105,106,107,108,109,110,111,112,113,114,115,116,117,118,119,120,121,122,123,124,125,126,127,128,129,130,131,132,133,134,135,136,137,138,139,140,141,142,143,144,145,146,147,148,149,150,151,152,153,154,155,156,157,158,159,160,161,162,163,164,165,166,167,168,169,170,171,172,173,174,175,176,177,178,179,180,181,182,183,184,185,186,187,188,189,190,191,192,193,194,195,196,197,198,199];False
8352;9277;17629;[37,25,11,3,26,43,18,30,8,9,4,1,12,32,14,15,16,60,64,19,65,41,22,23,24,69,5,27,28,56,63,31,29,33,17,35,36,52,38,39,40,49,42,7,44,45,10,47,48,21,50,51,0,53,54,55,6,57,58,59,2,61,62,67,13,46,66,34,68,20,70,71,72,73,74,75,76,77,78,79,80,81,82,83,84,85,86,87,88,89,90,91,92,93,94,95,96,97,98,99,100,101,102,103,104,105,106,107,108,109,110,111,112,113,114,115,116,117,118,119,120,121,122,123,124,125,126,127,128,129,130,131,132,133,134,135,136,137,138,139,140,141,142,143,144,145,146,147,148,149,150,151,152,153,154,155,156,157,158,159,160,161,162,163,164,165,166,167,168,169,170,171,172,173,174,175,176,177,178,179,180,181,182,183,184,185,186,187,188,189,190,191,192,193,194,195,196,197,198,199];False
8317;9298;17615;[39,25,11,3,26,43,18,30,8,9,4,1,12,32,14,15,16,60,64,19,65,41,22,23,24,69,5,27,28,56,63,31,29,33,17,35,36,37,38,52,40,49,42,7,44,45,10,47,48,21,50,51,0,53,54,55,6,57,58,59,2,61,62,67,13,46,66,34,68,20,70,71,72,73,74,75,76,77,78,79,80,81,82,83,84,85,86,87,88,89,90,91,92,93,94,95,96,97,98,99,100,101,102,103,104,105,106,107,108,109,110,111,112,113,114,115,116,117,118,119,120,121,122,123,124,125,126,127,128,129,130,131,132,133,134,135,136,137,138,139,140,141,142,143,144,145,146,147,148,149,150,151,152,153,154,155,156,157,158,159,160,161,162,163,164,165,166,167,168,169,170,171,172,173,174,175,176,177,178,179,180,181,182,183,184,185,186,187,188,189,190,191,192,193,194,195,196,197,198,199];False
8324;9292;17616;[49,25,11,3,26,43,18,30,8,9,4,1,12,32,14,15,16,60,64,19,65,41,22,23,24,69,5,27,28,56,63,31,29,33,17,35,36,37,38,39,40,52,42,7,44,45,10,47,48,21,50,51,0,53,54,55,6,57,58,59,2,61,62,67,13,46,66,34,68,20,70,71,72,73,74,75,76,77,78,79,80,81,82,83,84,85,86,87,88,89,90,91,92,93,94,95,96,97,98,99,100,101,102,103,104,105,106,107,108,109,110,111,112,113,114,115,116,117,118,119,120,121,122,123,124,125,126,127,128,129,130,131,132,133,134,135,136,137,138,139,140,141,142,143,144,145,146,147,148,149,150,151,152,153,154,155,156,157,158,159,160,161,162,163,164,165,166,167,168,169,170,171,172,173,174,175,176,177,178,179,180,181,182,183,184,185,186,187,188,189,190,191,192,193,194,195,196,197,198,199];False
8342;9247;17589;[53,25,11,3,26,43,18,30,8,9,4,1,12,32,14,15,16,60,64,19,65,41,22,23,24,69,5,27,28,56,63,31,29,33,17,35,36,37,38,39,40,49,42,7,44,45,10,47,48,21,50,51,0,52,54,55,6,57,58,59,2,61,62,67,13,46,66,34,68,20,70,71,72,73,74,75,76,77,78,79,80,81,82,83,84,85,86,87,88,89,90,91,92,93,94,95,96,97,98,99,100,101,102,103,104,105,106,107,108,109,110,111,112,113,114,115,116,117,118,119,120,121,122,123,124,125,126,127,128,129,130,131,132,133,134,135,136,137,138,139,140,141,142,143,144,145,146,147,148,149,150,151,152,153,154,155,156,157,158,159,160,161,162,163,164,165,166,167,168,169,170,171,172,173,174,175,176,177,178,179,180,181,182,183,184,185,186,187,188,189,190,191,192,193,194,195,196,197,198,199];False
8508;9147;17655;[73,52,11,3,26,43,18,30,8,9,4,1,12,32,14,15,65,17,16,19,61,41,22,23,24,25,5,27,28,56,63,31,29,33,20,35,36,37,38,39,40,49,42,7,44,45,60,47,48,21,50,51,53,13,54,55,6,57,58,59,2,0,62,46,64,10,66,67,68,69,70,71,72,90,74,75,76,77,78,79,80,81,82,83,84,85,86,87,88,89,34,91,92,93,94,95,96,97,98,99,100,101,102,103,104,105,106,107,108,109,110,111,112,113,114,115,116,117,118,119,120,121,122,123,124,125,126,127,128,129,130,131,132,133,134,135,136,137,138,139,140,141,142,143,144,145,146,147,148,149,150,151,152,153,154,155,156,157,158,159,160,161,162,163,164,165,166,167,168,169,170,171,172,173,174,175,176,177,178,179,180,181,182,183,184,185,186,187,188,189,190,191,192,193,194,195,196,197,198,199];False
8711;9115;17826;[82,52,11,3,26,43,18,30,8,9,4,1,12,32,14,15,65,17,16,19,61,41,22,23,24,25,5,27,28,56,63,31,29,33,20,35,36,37,38,39,40,49,42,7,44,45,60,47,48,21,50,51,53,13,54,55,6,57,58,59,2,0,62,46,64,10,66,67,68,69,70,71,72,73,74,75,76,77,78,79,80,81,90,83,84,85,86,87,88,89,34,91,92,93,94,95,96,97,98,99,100,101,102,103,104,105,106,107,108,109,110,111,112,113,114,115,116,117,118,119,120,121,122,123,124,125,126,127,128,129,130,131,132,133,134,135,136,137,138,139,140,141,142,143,144,145,146,147,148,149,150,151,152,153,154,155,156,157,158,159,160,161,162,163,164,165,166,167,168,169,170,171,172,173,174,175,176,177,178,179,180,181,182,183,184,185,186,187,188,189,190,191,192,193,194,195,196,197,198,199];False
8563;9113;17676;[92,52,11,3,26,43,18,30,8,9,4,1,12,32,14,15,65,17,16,19,61,41,22,23,24,25,5,27,28,56,63,31,29,33,20,35,36,37,38,39,40,49,42,7,44,45,60,47,48,21,50,51,53,13,54,55,6,57,58,59,2,0,62,46,64,10,66,67,68,69,70,71,72,73,74,75,76,77,78,79,80,81,82,83,84,85,86,87,88,89,34,91,90,93,94,95,96,97,98,99,100,101,102,103,104,105,106,107,108,109,110,111,112,113,114,115,116,117,118,119,120,121,122,123,124,125,126,127,128,129,130,131,132,133,134,135,136,137,138,139,140,141,142,143,144,145,146,147,148,149,150,151,152,153,154,155,156,157,158,159,160,161,162,163,164,165,166,167,168,169,170,171,172,173,174,175,176,177,178,179,180,181,182,183,184,185,186,187,188,189,190,191,192,193,194,195,196,197,198,199];False
8508;9143;17651;[94,52,11,3,26,43,18,30,8,9,4,1,12,32,14,15,65,17,16,19,61,41,22,23,24,25,5,27,28,56,63,31,29,33,20,35,36,37,38,39,40,49,42,7,44,45,60,47,48,21,50,51,53,13,54,55,6,57,58,59,2,0,62,46,64,10,66,67,68,69,70,71,72,73,74,75,76,77,78,79,80,81,82,83,84,85,86,87,88,89,34,91,92,93,90,95,96,97,98,99,100,101,102,103,104,105,106,107,108,109,110,111,112,113,114,115,116,117,118,119,120,121,122,123,124,125,126,127,128,129,130,131,132,133,134,135,136,137,138,139,140,141,142,143,144,145,146,147,148,149,150,151,152,153,154,155,156,157,158,159,160,161,162,163,164,165,166,167,168,169,170,171,172,173,174,175,176,177,178,179,180,181,182,183,184,185,186,187,188,189,190,191,192,193,194,195,196,197,198,199];False
8470;9153;17623;[149,52,11,3,26,43,18,30,8,9,4,1,12,32,14,15,65,17,16,19,61,41,22,23,24,25,5,27,28,56,63,31,29,33,20,35,36,37,38,39,40,49,42,7,44,45,60,47,48,21,50,51,53,13,54,55,6,57,58,59,2,0,62,46,64,10,66,67,68,69,70,71,72,73,74,75,76,77,78,79,80,81,82,83,84,85,86,87,88,89,34,91,92,93,94,95,96,97,98,99,100,101,102,103,104,105,106,107,108,109,110,111,112,113,114,115,116,117,118,119,120,121,122,123,124,125,126,127,128,129,130,131,132,133,134,135,136,137,138,139,140,141,142,143,144,145,146,147,148,90,150,151,152,153,154,155,156,157,158,159,160,161,162,163,164,165,166,167,168,169,170,171,172,173,174,175,176,177,178,179,180,181,182,183,184,185,186,187,188,189,190,191,192,193,194,195,196,197,198,199];False
8479;9150;17629;[154,52,11,3,26,43,18,30,8,9,4,1,12,32,14,15,65,17,16,19,61,41,22,23,24,25,5,27,28,56,63,31,29,33,20,35,36,37,38,39,40,49,42,7,44,45,60,47,48,21,50,51,53,13,54,55,6,57,58,59,2,0,62,46,64,10,66,67,68,69,70,71,72,73,74,75,76,77,78,79,80,81,82,83,84,85,86,87,88,89,34,91,92,93,94,95,96,97,98,99,100,101,102,103,104,105,106,107,108,109,110,111,112,113,114,115,116,117,118,119,120,121,122,123,124,125,126,127,128,129,130,131,132,133,134,135,136,137,138,139,140,141,142,143,144,145,146,147,148,149,150,151,152,153,90,155,156,157,158,159,160,161,162,163,164,165,166,167,168,169,170,171,172,173,174,175,176,177,178,179,180,181,182,183,184,185,186,187,188,189,190,191,192,193,194,195,196,197,198,199];False
8713;9104;17817;[90,3,11,52,26,43,18,30,8,9,4,1,12,32,14,15,65,17,16,19,61,41,22,23,24,25,5,27,28,56,63,31,29,33,20,35,36,37,38,39,40,49,42,7,44,45,60,47,48,21,50,51,53,13,54,55,6,57,58,59,2,0,62,46,64,10,66,67,68,69,70,71,72,73,74,75,76,77,78,79,80,81,82,83,84,85,86,87,88,89,34,91,92,93,94,95,96,97,98,99,100,101,102,103,104,105,106,107,108,109,110,111,112,113,114,115,116,117,118,119,120,121,122,123,124,125,126,127,128,129,130,131,132,133,134,135,136,137,138,139,140,141,142,143,144,145,146,147,148,149,150,151,152,153,154,155,156,157,158,159,160,161,162,163,164,165,166,167,168,169,170,171,172,173,174,175,176,177,178,179,180,181,182,183,184,185,186,187,188,189,190,191,192,193,194,195,196,197,198,199];False
8702;9103;17805;[90,59,11,3,26,43,18,30,8,9,4,1,12,32,14,15,65,17,16,19,61,41,22,23,24,25,5,27,28,56,63,31,29,33,20,35,36,37,38,39,40,49,42,7,44,45,60,47,48,21,50,51,53,13,54,55,6,57,58,52,2,0,62,46,64,10,66,67,68,69,70,71,72,73,74,75,76,77,78,79,80,81,82,83,84,85,86,87,88,89,34,91,92,93,94,95,96,97,98,99,100,101,102,103,104,105,106,107,108,109,110,111,112,113,114,115,116,117,118,119,120,121,122,123,124,125,126,127,128,129,130,131,132,133,134,135,136,137,138,139,140,141,142,143,144,145,146,147,148,149,150,151,152,153,154,155,156,157,158,159,160,161,162,163,164,165,166,167,168,169,170,171,172,173,174,175,176,177,178,179,180,181,182,183,184,185,186,187,188,189,190,191,192,193,194,195,196,197,198,199];False
8558;9083;17641;[90,46,11,3,26,43,18,30,8,9,4,1,12,32,14,15,65,17,16,19,61,41,22,23,24,25,5,27,28,56,63,31,29,33,20,35,36,37,38,39,40,49,42,7,44,45,60,47,48,21,50,51,53,13,54,55,6,57,58,59,2,0,62,52,64,10,66,67,68,69,70,71,72,73,74,75,76,77,78,79,80,81,82,83,84,85,86,87,88,89,34,91,92,93,94,95,96,97,98,99,100,101,102,103,104,105,106,107,108,109,110,111,112,113,114,115,116,117,118,119,120,121,122,123,124,125,126,127,128,129,130,131,132,133,134,135,136,137,138,139,140,141,142,143,144,145,146,147,148,149,150,151,152,153,154,155,156,157,158,159,160,161,162,163,164,165,166,167,168,169,170,171,172,173,174,175,176,177,178,179,180,181,182,183,184,185,186,187,188,189,190,191,192,193,194,195,196,197,198,199];False
8525;9120;17645;[90,80,11,3,26,43,18,30,8,9,4,1,12,32,14,15,65,17,16,19,61,41,22,23,24,25,5,27,28,56,63,31,29,33,20,35,36,37,38,39,40,49,42,7,44,45,60,47,48,21,50,51,53,13,54,55,6,57,58,59,2,0,62,46,64,10,66,67,68,69,70,71,72,73,74,75,76,77,78,79,52,81,82,83,84,85,86,87,88,89,34,91,92,93,94,95,96,97,98,99,100,101,102,103,104,105,106,107,108,109,110,111,112,113,114,115,116,117,118,119,120,121,122,123,124,125,126,127,128,129,130,131,132,133,134,135,136,137,138,139,140,141,142,143,144,145,146,147,148,149,150,151,152,153,154,155,156,157,158,159,160,161,162,163,164,165,166,167,168,169,170,171,172,173,174,175,176,177,178,179,180,181,182,183,184,185,186,187,188,189,190,191,192,193,194,195,196,197,198,199];False
8412;9227;17639;[33,52,11,3,26,43,18,30,8,9,4,1,12,32,14,15,20,65,16,19,61,41,22,23,24,25,5,27,28,56,63,31,29,85,17,35,36,37,38,39,40,49,42,7,44,45,60,47,48,21,50,51,53,13,54,55,6,57,58,59,2,0,62,46,64,10,66,67,68,69,70,71,72,73,74,75,76,77,78,79,80,81,82,83,84,34,86,87,88,89,90,91,92,93,94,95,96,97,98,99,100,101,102,103,104,105,106,107,108,109,110,111,112,113,114,115,116,117,118,119,120,121,122,123,124,125,126,127,128,129,130,131,132,133,134,135,136,137,138,139,140,141,142,143,144,145,146,147,148,149,150,151,152,153,154,155,156,157,158,159,160,161,162,163,164,165,166,167,168,169,170,171,172,173,174,175,176,177,178,179,180,181,182,183,184,185,186,187,188,189,190,191,192,193,194,195,196,197,198,199];False
8408;9215;17623;[39,52,11,3,26,43,18,30,8,9,4,1,12,32,14,15,20,65,16,19,61,41,22,23,24,25,5,27,28,56,63,31,29,33,17,35,36,37,38,85,40,49,42,7,44,45,60,47,48,21,50,51,53,13,54,55,6,57,58,59,2,0,62,46,64,10,66,67,68,69,70,71,72,73,74,75,76,77,78,79,80,81,82,83,84,34,86,87,88,89,90,91,92,93,94,95,96,97,98,99,100,101,102,103,104,105,106,107,108,109,110,111,112,113,114,115,116,117,118,119,120,121,122,123,124,125,126,127,128,129,130,131,132,133,134,135,136,137,138,139,140,141,142,143,144,145,146,147,148,149,150,151,152,153,154,155,156,157,158,159,160,161,162,163,164,165,166,167,168,169,170,171,172,173,174,175,176,177,178,179,180,181,182,183,184,185,186,187,188,189,190,191,192,193,194,195,196,197,198,199];False
8421;9194;17615;[61,52,11,3,26,43,18,30,8,9,4,1,12,32,14,15,20,65,16,19,90,41,22,23,24,25,5,27,28,56,63,31,29,33,17,35,36,37,38,39,40,49,42,7,44,45,60,47,48,21,50,51,53,13,54,55,6,57,58,59,2,0,62,46,64,10,66,67,68,69,70,71,72,73,74,75,76,77,78,79,80,81,82,83,84,85,86,87,88,89,34,91,92,93,94,95,96,97,98,99,100,101,102,103,104,105,106,107,108,109,110,111,112,113,114,115,116,117,118,119,120,121,122,123,124,125,126,127,128,129,130,131,132,133,134,135,136,137,138,139,140,141,142,143,144,145,146,147,148,149,150,151,152,153,154,155,156,157,158,159,160,161,162,163,164,165,166,167,168,169,170,171,172,173,174,175,176,177,178,179,180,181,182,183,184,185,186,187,188,189,190,191,192,193,194,195,196,197,198,199];False
8405;9174;17579;[73,52,11,3,26,43,18,30,8,9,4,1,12,32,14,15,20,65,16,19,61,41,22,23,24,25,5,27,28,56,63,31,29,33,17,35,36,37,38,39,40,49,42,7,44,45,60,47,48,21,50,51,53,13,54,55,6,57,58,59,2,0,62,46,64,10,66,67,68,69,70,71,72,90,74,75,76,77,78,79,80,81,82,83,84,85,86,87,88,89,34,91,92,93,94,95,96,97,98,99,100,101,102,103,104,105,106,107,108,109,110,111,112,113,114,115,116,117,118,119,120,121,122,123,124,125,126,127,128,129,130,131,132,133,134,135,136,137,138,139,140,141,142,143,144,145,146,147,148,149,150,151,152,153,154,155,156,157,158,159,160,161,162,163,164,165,166,167,168,169,170,171,172,173,174,175,176,177,178,179,180,181,182,183,184,185,186,187,188,189,190,191,192,193,194,195,196,197,198,199];False
8397;9190;17587;[76,52,11,3,26,43,18,30,8,9,4,1,12,32,14,15,20,65,16,19,61,41,22,23,24,25,5,27,28,56,63,31,29,33,17,35,36,37,38,39,40,49,42,7,44,45,60,47,48,21,50,51,53,13,54,55,6,57,58,59,2,0,62,46,64,10,66,67,68,69,70,71,72,73,74,75,90,77,78,79,80,81,82,83,84,85,86,87,88,89,34,91,92,93,94,95,96,97,98,99,100,101,102,103,104,105,106,107,108,109,110,111,112,113,114,115,116,117,118,119,120,121,122,123,124,125,126,127,128,129,130,131,132,133,134,135,136,137,138,139,140,141,142,143,144,145,146,147,148,149,150,151,152,153,154,155,156,157,158,159,160,161,162,163,164,165,166,167,168,169,170,171,172,173,174,175,176,177,178,179,180,181,182,183,184,185,186,187,188,189,190,191,192,193,194,195,196,197,198,199];False
8460;9140;17600;[92,52,11,3,26,43,18,30,8,9,4,1,12,32,14,15,20,65,16,19,61,41,22,23,24,25,5,27,28,56,63,31,29,33,17,35,36,37,38,39,40,49,42,7,44,45,60,47,48,21,50,51,53,13,54,55,6,57,58,59,2,0,62,46,64,10,66,67,68,69,70,71,72,73,74,75,76,77,78,79,80,81,82,83,84,85,86,87,88,89,34,91,90,93,94,95,96,97,98,99,100,101,102,103,104,105,106,107,108,109,110,111,112,113,114,115,116,117,118,119,120,121,122,123,124,125,126,127,128,129,130,131,132,133,134,135,136,137,138,139,140,141,142,143,144,145,146,147,148,149,150,151,152,153,154,155,156,157,158,159,160,161,162,163,164,165,166,167,168,169,170,171,172,173,174,175,176,177,178,179,180,181,182,183,184,185,186,187,188,189,190,191,192,193,194,195,196,197,198,199];False
8395;9182;17577;[93,52,11,3,26,43,18,30,8,9,4,1,12,32,14,15,20,65,16,19,61,41,22,23,24,25,5,27,28,56,63,31,29,33,17,35,36,37,38,39,40,49,42,7,44,45,60,47,48,21,50,51,53,13,54,55,6,57,58,59,2,0,62,46,64,10,66,67,68,69,70,71,72,73,74,75,76,77,78,79,80,81,82,83,84,85,86,87,88,89,34,91,92,90,94,95,96,97,98,99,100,101,102,103,104,105,106,107,108,109,110,111,112,113,114,115,116,117,118,119,120,121,122,123,124,125,126,127,128,129,130,131,132,133,134,135,136,137,138,139,140,141,142,143,144,145,146,147,148,149,150,151,152,153,154,155,156,157,158,159,160,161,162,163,164,165,166,167,168,169,170,171,172,173,174,175,176,177,178,179,180,181,182,183,184,185,186,187,188,189,190,191,192,193,194,195,196,197,198,199];False
8405;9170;17575;[94,52,11,3,26,43,18,30,8,9,4,1,12,32,14,15,20,65,16,19,61,41,22,23,24,25,5,27,28,56,63,31,29,33,17,35,36,37,38,39,40,49,42,7,44,45,60,47,48,21,50,51,53,13,54,55,6,57,58,59,2,0,62,46,64,10,66,67,68,69,70,71,72,73,74,75,76,77,78,79,80,81,82,83,84,85,86,87,88,89,34,91,92,93,90,95,96,97,98,99,100,101,102,103,104,105,106,107,108,109,110,111,112,113,114,115,116,117,118,119,120,121,122,123,124,125,126,127,128,129,130,131,132,133,134,135,136,137,138,139,140,141,142,143,144,145,146,147,148,149,150,151,152,153,154,155,156,157,158,159,160,161,162,163,164,165,166,167,168,169,170,171,172,173,174,175,176,177,178,179,180,181,182,183,184,185,186,187,188,189,190,191,192,193,194,195,196,197,198,199];False
8344;9190;17534;[124,52,11,3,26,43,18,30,8,9,4,1,12,32,14,15,20,65,16,19,61,41,22,23,24,25,5,27,28,56,63,31,29,33,17,35,36,37,38,39,40,49,42,7,44,45,60,47,48,21,50,51,53,13,54,55,6,57,58,59,2,0,62,46,64,10,66,67,68,69,70,71,72,73,74,75,76,77,78,79,80,81,82,83,84,85,86,87,88,89,34,91,92,93,94,95,96,97,98,99,100,101,102,103,104,105,106,107,108,109,110,111,112,113,114,115,116,117,118,119,120,121,122,123,90,125,126,127,128,129,130,131,132,133,134,135,136,137,138,139,140,141,142,143,144,145,146,147,148,149,150,151,152,153,154,155,156,157,158,159,160,161,162,163,164,165,166,167,168,169,170,171,172,173,174,175,176,177,178,179,180,181,182,183,184,185,186,187,188,189,190,191,192,193,194,195,196,197,198,199];False
8367;9180;17547;[149,52,11,3,26,43,18,30,8,9,4,1,12,32,14,15,20,65,16,19,61,41,22,23,24,25,5,27,28,56,63,31,29,33,17,35,36,37,38,39,40,49,42,7,44,45,60,47,48,21,50,51,53,13,54,55,6,57,58,59,2,0,62,46,64,10,66,67,68,69,70,71,72,73,74,75,76,77,78,79,80,81,82,83,84,85,86,87,88,89,34,91,92,93,94,95,96,97,98,99,100,101,102,103,104,105,106,107,108,109,110,111,112,113,114,115,116,117,118,119,120,121,122,123,124,125,126,127,128,129,130,131,132,133,134,135,136,137,138,139,140,141,142,143,144,145,146,147,148,90,150,151,152,153,154,155,156,157,158,159,160,161,162,163,164,165,166,167,168,169,170,171,172,173,174,175,176,177,178,179,180,181,182,183,184,185,186,187,188,189,190,191,192,193,194,195,196,197,198,199];False
8376;9177;17553;[154,52,11,3,26,43,18,30,8,9,4,1,12,32,14,15,20,65,16,19,61,41,22,23,24,25,5,27,28,56,63,31,29,33,17,35,36,37,38,39,40,49,42,7,44,45,60,47,48,21,50,51,53,13,54,55,6,57,58,59,2,0,62,46,64,10,66,67,68,69,70,71,72,73,74,75,76,77,78,79,80,81,82,83,84,85,86,87,88,89,34,91,92,93,94,95,96,97,98,99,100,101,102,103,104,105,106,107,108,109,110,111,112,113,114,115,116,117,118,119,120,121,122,123,124,125,126,127,128,129,130,131,132,133,134,135,136,137,138,139,140,141,142,143,144,145,146,147,148,149,150,151,152,153,90,155,156,157,158,159,160,161,162,163,164,165,166,167,168,169,170,171,172,173,174,175,176,177,178,179,180,181,182,183,184,185,186,187,188,189,190,191,192,193,194,195,196,197,198,199];False
8455;9110;17565;[90,46,11,3,26,43,18,30,8,9,4,1,12,32,14,15,20,65,16,19,61,41,22,23,24,25,5,27,28,56,63,31,29,33,17,35,36,37,38,39,40,49,42,7,44,45,60,47,48,21,50,51,53,13,54,55,6,57,58,59,2,0,62,52,64,10,66,67,68,69,70,71,72,73,74,75,76,77,78,79,80,81,82,83,84,85,86,87,88,89,34,91,92,93,94,95,96,97,98,99,100,101,102,103,104,105,106,107,108,109,110,111,112,113,114,115,116,117,118,119,120,121,122,123,124,125,126,127,128,129,130,131,132,133,134,135,136,137,138,139,140,141,142,143,144,145,146,147,148,149,150,151,152,153,154,155,156,157,158,159,160,161,162,163,164,165,166,167,168,169,170,171,172,173,174,175,176,177,178,179,180,181,182,183,184,185,186,187,188,189,190,191,192,193,194,195,196,197,198,199];False
8422;9147;17569;[90,80,11,3,26,43,18,30,8,9,4,1,12,32,14,15,20,65,16,19,61,41,22,23,24,25,5,27,28,56,63,31,29,33,17,35,36,37,38,39,40,49,42,7,44,45,60,47,48,21,50,51,53,13,54,55,6,57,58,59,2,0,62,46,64,10,66,67,68,69,70,71,72,73,74,75,76,77,78,79,52,81,82,83,84,85,86,87,88,89,34,91,92,93,94,95,96,97,98,99,100,101,102,103,104,105,106,107,108,109,110,111,112,113,114,115,116,117,118,119,120,121,122,123,124,125,126,127,128,129,130,131,132,133,134,135,136,137,138,139,140,141,142,143,144,145,146,147,148,149,150,151,152,153,154,155,156,157,158,159,160,161,162,163,164,165,166,167,168,169,170,171,172,173,174,175,176,177,178,179,180,181,182,183,184,185,186,187,188,189,190,191,192,193,194,195,196,197,198,199];False
8335;9290;17625;[30,52,11,3,26,43,18,25,8,9,4,1,12,32,14,15,16,60,64,19,65,41,22,23,24,69,5,27,28,56,63,31,29,33,17,35,36,37,38,39,40,49,42,7,44,45,10,47,48,21,50,51,0,53,54,55,6,57,58,59,2,61,62,67,13,46,66,34,68,20,70,71,72,73,74,75,76,77,78,79,80,81,82,83,84,85,86,87,88,89,90,91,92,93,94,95,96,97,98,99,100,101,102,103,104,105,106,107,108,109,110,111,112,113,114,115,116,117,118,119,120,121,122,123,124,125,126,127,128,129,130,131,132,133,134,135,136,137,138,139,140,141,142,143,144,145,146,147,148,149,150,151,152,153,154,155,156,157,158,159,160,161,162,163,164,165,166,167,168,169,170,171,172,173,174,175,176,177,178,179,180,181,182,183,184,185,186,187,188,189,190,191,192,193,194,195,196,197,198,199];False
8268;9276;17544;[8,52,11,3,26,43,18,30,25,9,4,1,12,32,14,15,16,60,64,19,65,41,22,23,24,69,5,27,28,56,63,31,29,33,17,35,36,37,38,39,40,49,42,7,44,45,10,47,48,21,50,51,0,53,54,55,6,57,58,59,2,61,62,67,13,46,66,34,68,20,70,71,72,73,74,75,76,77,78,79,80,81,82,83,84,85,86,87,88,89,90,91,92,93,94,95,96,97,98,99,100,101,102,103,104,105,106,107,108,109,110,111,112,113,114,115,116,117,118,119,120,121,122,123,124,125,126,127,128,129,130,131,132,133,134,135,136,137,138,139,140,141,142,143,144,145,146,147,148,149,150,151,152,153,154,155,156,157,158,159,160,161,162,163,164,165,166,167,168,169,170,171,172,173,174,175,176,177,178,179,180,181,182,183,184,185,186,187,188,189,190,191,192,193,194,195,196,197,198,199];False
8234;9300;17534;[65,52,11,3,26,43,18,30,8,9,4,1,12,32,14,15,16,60,64,19,25,41,22,23,24,69,5,27,28,56,63,31,29,33,17,35,36,37,38,39,40,49,42,7,44,45,10,47,48,21,50,51,0,53,54,55,6,57,58,59,2,61,62,67,13,46,66,34,68,20,70,71,72,73,74,75,76,77,78,79,80,81,82,83,84,85,86,87,88,89,90,91,92,93,94,95,96,97,98,99,100,101,102,103,104,105,106,107,108,109,110,111,112,113,114,115,116,117,118,119,120,121,122,123,124,125,126,127,128,129,130,131,132,133,134,135,136,137,138,139,140,141,142,143,144,145,146,147,148,149,150,151,152,153,154,155,156,157,158,159,160,161,162,163,164,165,166,167,168,169,170,171,172,173,174,175,176,177,178,179,180,181,182,183,184,185,186,187,188,189,190,191,192,193,194,195,196,197,198,199];False
8311;9262;17573;[35,25,11,3,26,43,18,30,8,9,4,1,12,32,14,15,16,60,64,19,65,41,22,23,24,69,5,27,28,56,63,31,29,33,17,53,36,37,38,39,40,49,42,7,44,45,10,47,48,21,50,51,0,52,54,55,6,57,58,59,2,61,62,67,13,46,66,34,68,20,70,71,72,73,74,75,76,77,78,79,80,81,82,83,84,85,86,87,88,89,90,91,92,93,94,95,96,97,98,99,100,101,102,103,104,105,106,107,108,109,110,111,112,113,114,115,116,117,118,119,120,121,122,123,124,125,126,127,128,129,130,131,132,133,134,135,136,137,138,139,140,141,142,143,144,145,146,147,148,149,150,151,152,153,154,155,156,157,158,159,160,161,162,163,164,165,166,167,168,169,170,171,172,173,174,175,176,177,178,179,180,181,182,183,184,185,186,187,188,189,190,191,192,193,194,195,196,197,198,199];False
8299;9273;17572;[54,25,11,3,26,43,18,30,8,9,4,1,12,32,14,15,16,60,64,19,65,41,22,23,24,69,5,27,28,56,63,31,29,33,17,35,36,37,38,39,40,49,42,7,44,45,10,47,48,21,50,51,0,52,53,55,6,57,58,59,2,61,62,67,13,46,66,34,68,20,70,71,72,73,74,75,76,77,78,79,80,81,82,83,84,85,86,87,88,89,90,91,92,93,94,95,96,97,98,99,100,101,102,103,104,105,106,107,108,109,110,111,112,113,114,115,116,117,118,119,120,121,122,123,124,125,126,127,128,129,130,131,132,133,134,135,136,137,138,139,140,141,142,143,144,145,146,147,148,149,150,151,152,153,154,155,156,157,158,159,160,161,162,163,164,165,166,167,168,169,170,171,172,173,174,175,176,177,178,179,180,181,182,183,184,185,186,187,188,189,190,191,192,193,194,195,196,197,198,199];False
8312;9250;17562;[72,25,11,3,26,43,18,30,8,9,4,1,12,32,14,15,16,60,64,19,65,41,22,23,24,69,5,27,28,56,63,31,29,33,17,35,36,37,38,39,40,49,42,7,44,45,10,47,48,21,50,51,0,52,54,55,6,57,58,59,2,61,62,67,13,46,66,34,68,20,70,71,53,73,74,75,76,77,78,79,80,81,82,83,84,85,86,87,88,89,90,91,92,93,94,95,96,97,98,99,100,101,102,103,104,105,106,107,108,109,110,111,112,113,114,115,116,117,118,119,120,121,122,123,124,125,126,127,128,129,130,131,132,133,134,135,136,137,138,139,140,141,142,143,144,145,146,147,148,149,150,151,152,153,154,155,156,157,158,159,160,161,162,163,164,165,166,167,168,169,170,171,172,173,174,175,176,177,178,179,180,181,182,183,184,185,186,187,188,189,190,191,192,193,194,195,196,197,198,199];False
8292;9263;17555;[86,25,11,3,26,43,18,30,8,9,4,1,12,32,14,15,16,60,64,19,65,41,22,23,24,69,5,27,28,56,63,31,29,33,17,35,36,37,38,39,40,49,42,7,44,45,10,47,48,21,50,51,0,52,54,55,6,57,58,59,2,61,62,67,13,46,66,34,68,20,70,71,72,73,74,75,76,77,78,79,80,81,82,83,84,85,53,87,88,89,90,91,92,93,94,95,96,97,98,99,100,101,102,103,104,105,106,107,108,109,110,111,112,113,114,115,116,117,118,119,120,121,122,123,124,125,126,127,128,129,130,131,132,133,134,135,136,137,138,139,140,141,142,143,144,145,146,147,148,149,150,151,152,153,154,155,156,157,158,159,160,161,162,163,164,165,166,167,168,169,170,171,172,173,174,175,176,177,178,179,180,181,182,183,184,185,186,187,188,189,190,191,192,193,194,195,196,197,198,199];False
8251;9222;17473;[90,25,11,3,26,43,18,30,8,9,4,1,12,32,14,15,16,60,64,19,65,41,22,23,24,69,5,27,28,56,63,31,29,33,17,35,36,37,38,39,40,49,42,7,44,45,10,47,48,21,50,51,0,52,54,55,6,57,58,59,2,61,62,67,13,46,66,34,68,20,70,71,72,73,74,75,76,77,78,79,80,81,82,83,84,85,86,87,88,89,53,91,92,93,94,95,96,97,98,99,100,101,102,103,104,105,106,107,108,109,110,111,112,113,114,115,116,117,118,119,120,121,122,123,124,125,126,127,128,129,130,131,132,133,134,135,136,137,138,139,140,141,142,143,144,145,146,147,148,149,150,151,152,153,154,155,156,157,158,159,160,161,162,163,164,165,166,167,168,169,170,171,172,173,174,175,176,177,178,179,180,181,182,183,184,185,186,187,188,189,190,191,192,193,194,195,196,197,198,199];False
8506;9100;17606;[16,46,11,3,26,43,18,30,8,9,4,1,12,32,14,15,65,17,90,19,61,41,22,23,24,25,5,27,28,56,63,31,29,33,20,35,36,37,38,39,40,49,42,7,44,45,60,47,48,21,50,51,53,13,54,55,6,57,58,59,2,0,62,52,64,10,66,67,68,69,70,71,72,73,74,75,76,77,78,79,80,81,82,83,84,85,86,87,88,89,34,91,92,93,94,95,96,97,98,99,100,101,102,103,104,105,106,107,108,109,110,111,112,113,114,115,116,117,118,119,120,121,122,123,124,125,126,127,128,129,130,131,132,133,134,135,136,137,138,139,140,141,142,143,144,145,146,147,148,149,150,151,152,153,154,155,156,157,158,159,160,161,162,163,164,165,166,167,168,169,170,171,172,173,174,175,176,177,178,179,180,181,182,183,184,185,186,187,188,189,190,191,192,193,194,195,196,197,198,199];False
8553;9099;17652;[19,46,11,3,26,43,18,30,8,9,4,1,12,32,14,15,65,17,16,90,61,41,22,23,24,25,5,27,28,56,63,31,29,33,20,35,36,37,38,39,40,49,42,7,44,45,60,47,48,21,50,51,53,13,54,55,6,57,58,59,2,0,62,52,64,10,66,67,68,69,70,71,72,73,74,75,76,77,78,79,80,81,82,83,84,85,86,87,88,89,34,91,92,93,94,95,96,97,98,99,100,101,102,103,104,105,106,107,108,109,110,111,112,113,114,115,116,117,118,119,120,121,122,123,124,125,126,127,128,129,130,131,132,133,134,135,136,137,138,139,140,141,142,143,144,145,146,147,148,149,150,151,152,153,154,155,156,157,158,159,160,161,162,163,164,165,166,167,168,169,170,171,172,173,174,175,176,177,178,179,180,181,182,183,184,185,186,187,188,189,190,191,192,193,194,195,196,197,198,199];False
8525;9090;17615;[29,46,11,3,26,43,18,30,8,9,4,1,12,32,14,15,65,17,16,19,61,41,22,23,24,25,5,27,28,56,63,31,90,33,20,35,36,37,38,39,40,49,42,7,44,45,60,47,48,21,50,51,53,13,54,55,6,57,58,59,2,0,62,52,64,10,66,67,68,69,70,71,72,73,74,75,76,77,78,79,80,81,82,83,84,85,86,87,88,89,34,91,92,93,94,95,96,97,98,99,100,101,102,103,104,105,106,107,108,109,110,111,112,113,114,115,116,117,118,119,120,121,122,123,124,125,126,127,128,129,130,131,132,133,134,135,136,137,138,139,140,141,142,143,144,145,146,147,148,149,150,151,152,153,154,155,156,157,158,159,160,161,162,163,164,165,166,167,168,169,170,171,172,173,174,175,176,177,178,179,180,181,182,183,184,185,186,187,188,189,190,191,192,193,194,195,196,197,198,199];False
8522;9089;17611;[66,46,11,3,26,43,18,30,8,9,4,1,12,32,14,15,65,17,16,19,61,41,22,23,24,25,5,27,28,56,63,31,29,33,20,35,36,37,38,39,40,49,42,7,44,45,60,47,48,21,50,51,53,13,54,55,6,57,58,59,2,0,62,52,64,10,90,67,68,69,70,71,72,73,74,75,76,77,78,79,80,81,82,83,84,85,86,87,88,89,34,91,92,93,94,95,96,97,98,99,100,101,102,103,104,105,106,107,108,109,110,111,112,113,114,115,116,117,118,119,120,121,122,123,124,125,126,127,128,129,130,131,132,133,134,135,136,137,138,139,140,141,142,143,144,145,146,147,148,149,150,151,152,153,154,155,156,157,158,159,160,161,162,163,164,165,166,167,168,169,170,171,172,173,174,175,176,177,178,179,180,181,182,183,184,185,186,187,188,189,190,191,192,193,194,195,196,197,198,199];False
8469;9094;17563;[73,46,11,3,26,43,18,30,8,9,4,1,12,32,14,15,65,17,16,19,61,41,22,23,24,25,5,27,28,56,63,31,29,33,20,35,36,37,38,39,40,49,42,7,44,45,60,47,48,21,50,51,53,13,54,55,6,57,58,59,2,0,62,52,64,10,66,67,68,69,70,71,72,90,74,75,76,77,78,79,80,81,82,83,84,85,86,87,88,89,34,91,92,93,94,95,96,97,98,99,100,101,102,103,104,105,106,107,108,109,110,111,112,113,114,115,116,117,118,119,120,121,122,123,124,125,126,127,128,129,130,131,132,133,134,135,136,137,138,139,140,141,142,143,144,145,146,147,148,149,150,151,152,153,154,155,156,157,158,159,160,161,162,163,164,165,166,167,168,169,170,171,172,173,174,175,176,177,178,179,180,181,182,183,184,185,186,187,188,189,190,191,192,193,194,195,196,197,198,199];False
8659;9080;17739;[74,46,11,3,26,43,18,30,8,9,4,1,12,32,14,15,65,17,16,19,61,41,22,23,24,25,5,27,28,56,63,31,29,33,20,35,36,37,38,39,40,49,42,7,44,45,60,47,48,21,50,51,53,13,54,55,6,57,58,59,2,0,62,52,64,10,66,67,68,69,70,71,72,73,90,75,76,77,78,79,80,81,82,83,84,85,86,87,88,89,34,91,92,93,94,95,96,97,98,99,100,101,102,103,104,105,106,107,108,109,110,111,112,113,114,115,116,117,118,119,120,121,122,123,124,125,126,127,128,129,130,131,132,133,134,135,136,137,138,139,140,141,142,143,144,145,146,147,148,149,150,151,152,153,154,155,156,157,158,159,160,161,162,163,164,165,166,167,168,169,170,171,172,173,174,175,176,177,178,179,180,181,182,183,184,185,186,187,188,189,190,191,192,193,194,195,196,197,198,199];False
8694;9066;17760;[82,46,11,3,26,43,18,30,8,9,4,1,12,32,14,15,65,17,16,19,61,41,22,23,24,25,5,27,28,56,63,31,29,33,20,35,36,37,38,39,40,49,42,7,44,45,60,47,48,21,50,51,53,13,54,55,6,57,58,59,2,0,62,52,64,10,66,67,68,69,70,71,72,73,74,75,76,77,78,79,80,81,90,83,84,85,86,87,88,89,34,91,92,93,94,95,96,97,98,99,100,101,102,103,104,105,106,107,108,109,110,111,112,113,114,115,116,117,118,119,120,121,122,123,124,125,126,127,128,129,130,131,132,133,134,135,136,137,138,139,140,141,142,143,144,145,146,147,148,149,150,151,152,153,154,155,156,157,158,159,160,161,162,163,164,165,166,167,168,169,170,171,172,173,174,175,176,177,178,179,180,181,182,183,184,185,186,187,188,189,190,191,192,193,194,195,196,197,198,199];False
8619;9080;17699;[34,46,11,3,26,43,18,30,8,9,4,1,12,32,14,15,65,17,16,19,61,41,22,23,24,25,5,27,28,56,63,31,29,33,20,35,36,37,38,39,40,49,42,7,44,45,60,47,48,21,50,51,53,13,54,55,6,57,58,59,2,0,62,52,64,10,66,67,68,69,70,71,72,73,74,75,76,77,78,79,80,81,82,83,84,85,86,87,88,89,90,91,92,93,94,95,96,97,98,99,100,101,102,103,104,105,106,107,108,109,110,111,112,113,114,115,116,117,118,119,120,121,122,123,124,125,126,127,128,129,130,131,132,133,134,135,136,137,138,139,140,141,142,143,144,145,146,147,148,149,150,151,152,153,154,155,156,157,158,159,160,161,162,163,164,165,166,167,168,169,170,171,172,173,174,175,176,177,178,179,180,181,182,183,184,185,186,187,188,189,190,191,192,193,194,195,196,197,198,199];False
8529;9060;17589;[92,46,11,3,26,43,18,30,8,9,4,1,12,32,14,15,65,17,16,19,61,41,22,23,24,25,5,27,28,56,63,31,29,33,20,35,36,37,38,39,40,49,42,7,44,45,60,47,48,21,50,51,53,13,54,55,6,57,58,59,2,0,62,52,64,10,66,67,68,69,70,71,72,73,74,75,76,77,78,79,80,81,82,83,84,85,86,87,88,89,34,91,90,93,94,95,96,97,98,99,100,101,102,103,104,105,106,107,108,109,110,111,112,113,114,115,116,117,118,119,120,121,122,123,124,125,126,127,128,129,130,131,132,133,134,135,136,137,138,139,140,141,142,143,144,145,146,147,148,149,150,151,152,153,154,155,156,157,158,159,160,161,162,163,164,165,166,167,168,169,170,171,172,173,174,175,176,177,178,179,180,181,182,183,184,185,186,187,188,189,190,191,192,193,194,195,196,197,198,199];False
8374;9174;17548;[19,52,11,3,26,43,18,30,8,9,4,1,12,32,14,15,20,65,16,94,61,41,22,23,24,25,5,27,28,56,63,31,29,33,17,35,36,37,38,39,40,49,42,7,44,45,60,47,48,21,50,51,53,13,54,55,6,57,58,59,2,0,62,46,64,10,66,67,68,69,70,71,72,73,74,75,76,77,78,79,80,81,82,83,84,85,86,87,88,89,34,91,92,93,90,95,96,97,98,99,100,101,102,103,104,105,106,107,108,109,110,111,112,113,114,115,116,117,118,119,120,121,122,123,124,125,126,127,128,129,130,131,132,133,134,135,136,137,138,139,140,141,142,143,144,145,146,147,148,149,150,151,152,153,154,155,156,157,158,159,160,161,162,163,164,165,166,167,168,169,170,171,172,173,174,175,176,177,178,179,180,181,182,183,184,185,186,187,188,189,190,191,192,193,194,195,196,197,198,199];False
8364;9187;17551;[25,52,11,3,26,43,18,30,8,9,4,1,12,32,14,15,20,65,16,19,61,41,22,23,24,94,5,27,28,56,63,31,29,33,17,35,36,37,38,39,40,49,42,7,44,45,60,47,48,21,50,51,53,13,54,55,6,57,58,59,2,0,62,46,64,10,66,67,68,69,70,71,72,73,74,75,76,77,78,79,80,81,82,83,84,85,86,87,88,89,34,91,92,93,90,95,96,97,98,99,100,101,102,103,104,105,106,107,108,109,110,111,112,113,114,115,116,117,118,119,120,121,122,123,124,125,126,127,128,129,130,131,132,133,134,135,136,137,138,139,140,141,142,143,144,145,146,147,148,149,150,151,152,153,154,155,156,157,158,159,160,161,162,163,164,165,166,167,168,169,170,171,172,173,174,175,176,177,178,179,180,181,182,183,184,185,186,187,188,189,190,191,192,193,194,195,196,197,198,199];False
8406;9168;17574;[29,52,11,3,26,43,18,30,8,9,4,1,12,32,14,15,20,65,16,19,61,41,22,23,24,25,5,27,28,56,63,31,94,33,17,35,36,37,38,39,40,49,42,7,44,45,60,47,48,21,50,51,53,13,54,55,6,57,58,59,2,0,62,46,64,10,66,67,68,69,70,71,72,73,74,75,76,77,78,79,80,81,82,83,84,85,86,87,88,89,34,91,92,93,90,95,96,97,98,99,100,101,102,103,104,105,106,107,108,109,110,111,112,113,114,115,116,117,118,119,120,121,122,123,124,125,126,127,128,129,130,131,132,133,134,135,136,137,138,139,140,141,142,143,144,145,146,147,148,149,150,151,152,153,154,155,156,157,158,159,160,161,162,163,164,165,166,167,168,169,170,171,172,173,174,175,176,177,178,179,180,181,182,183,184,185,186,187,188,189,190,191,192,193,194,195,196,197,198,199];False
8310;9197;17507;[33,52,11,3,26,43,18,30,8,9,4,1,12,32,14,15,20,65,16,19,61,41,22,23,24,25,5,27,28,56,63,31,29,94,17,35,36,37,38,39,40,49,42,7,44,45,60,47,48,21,50,51,53,13,54,55,6,57,58,59,2,0,62,46,64,10,66,67,68,69,70,71,72,73,74,75,76,77,78,79,80,81,82,83,84,85,86,87,88,89,34,91,92,93,90,95,96,97,98,99,100,101,102,103,104,105,106,107,108,109,110,111,112,113,114,115,116,117,118,119,120,121,122,123,124,125,126,127,128,129,130,131,132,133,134,135,136,137,138,139,140,141,142,143,144,145,146,147,148,149,150,151,152,153,154,155,156,157,158,159,160,161,162,163,164,165,166,167,168,169,170,171,172,173,174,175,176,177,178,179,180,181,182,183,184,185,186,187,188,189,190,191,192,193,194,195,196,197,198,199];False
8358;9187;17545;[38,52,11,3,26,43,18,30,8,9,4,1,12,32,14,15,20,65,16,19,61,41,22,23,24,25,5,27,28,56,63,31,29,33,17,35,36,37,94,39,40,49,42,7,44,45,60,47,48,21,50,51,53,13,54,55,6,57,58,59,2,0,62,46,64,10,66,67,68,69,70,71,72,73,74,75,76,77,78,79,80,81,82,83,84,85,86,87,88,89,34,91,92,93,90,95,96,97,98,99,100,101,102,103,104,105,106,107,108,109,110,111,112,113,114,115,116,117,118,119,120,121,122,123,124,125,126,127,128,129,130,131,132,133,134,135,136,137,138,139,140,141,142,143,144,145,146,147,148,149,150,151,152,153,154,155,156,157,158,159,160,161,162,163,164,165,166,167,168,169,170,171,172,173,174,175,176,177,178,179,180,181,182,183,184,185,186,187,188,189,190,191,192,193,194,195,196,197,198,199];False
8372;9175;17547;[62,52,11,3,26,43,18,30,8,9,4,1,12,32,14,15,20,65,16,19,61,41,22,23,24,25,5,27,28,56,63,31,29,33,17,35,36,37,38,39,40,49,42,7,44,45,60,47,48,21,50,51,53,13,54,55,6,57,58,59,2,0,94,46,64,10,66,67,68,69,70,71,72,73,74,75,76,77,78,79,80,81,82,83,84,85,86,87,88,89,34,91,92,93,90,95,96,97,98,99,100,101,102,103,104,105,106,107,108,109,110,111,112,113,114,115,116,117,118,119,120,121,122,123,124,125,126,127,128,129,130,131,132,133,134,135,136,137,138,139,140,141,142,143,144,145,146,147,148,149,150,151,152,153,154,155,156,157,158,159,160,161,162,163,164,165,166,167,168,169,170,171,172,173,174,175,176,177,178,179,180,181,182,183,184,185,186,187,188,189,190,191,192,193,194,195,196,197,198,199];False
8360;9185;17545;[10,52,11,3,26,43,18,30,8,9,4,1,12,32,14,15,20,65,16,19,61,41,22,23,24,25,5,27,28,56,63,31,29,33,17,35,36,37,38,39,40,49,42,7,44,45,60,47,48,21,50,51,53,13,54,55,6,57,58,59,2,0,62,46,64,94,66,67,68,69,70,71,72,73,74,75,76,77,78,79,80,81,82,83,84,85,86,87,88,89,34,91,92,93,90,95,96,97,98,99,100,101,102,103,104,105,106,107,108,109,110,111,112,113,114,115,116,117,118,119,120,121,122,123,124,125,126,127,128,129,130,131,132,133,134,135,136,137,138,139,140,141,142,143,144,145,146,147,148,149,150,151,152,153,154,155,156,157,158,159,160,161,162,163,164,165,166,167,168,169,170,171,172,173,174,175,176,177,178,179,180,181,182,183,184,185,186,187,188,189,190,191,192,193,194,195,196,197,198,199];False
8363;9182;17545;[67,52,11,3,26,43,18,30,8,9,4,1,12,32,14,15,20,65,16,19,61,41,22,23,24,25,5,27,28,56,63,31,29,33,17,35,36,37,38,39,40,49,42,7,44,45,60,47,48,21,50,51,53,13,54,55,6,57,58,59,2,0,62,46,64,10,66,94,68,69,70,71,72,73,74,75,76,77,78,79,80,81,82,83,84,85,86,87,88,89,34,91,92,93,90,95,96,97,98,99,100,101,102,103,104,105,106,107,108,109,110,111,112,113,114,115,116,117,118,119,120,121,122,123,124,125,126,127,128,129,130,131,132,133,134,135,136,137,138,139,140,141,142,143,144,145,146,147,148,149,150,151,152,153,154,155,156,157,158,159,160,161,162,163,164,165,166,167,168,169,170,171,172,173,174,175,176,177,178,179,180,181,182,183,184,185,186,187,188,189,190,191,192,193,194,195,196,197,198,199];False
8360;9169;17529;[72,52,11,3,26,43,18,30,8,9,4,1,12,32,14,15,20,65,16,19,61,41,22,23,24,25,5,27,28,56,63,31,29,33,17,35,36,37,38,39,40,49,42,7,44,45,60,47,48,21,50,51,53,13,54,55,6,57,58,59,2,0,62,46,64,10,66,67,68,69,70,71,94,73,74,75,76,77,78,79,80,81,82,83,84,85,86,87,88,89,34,91,92,93,90,95,96,97,98,99,100,101,102,103,104,105,106,107,108,109,110,111,112,113,114,115,116,117,118,119,120,121,122,123,124,125,126,127,128,129,130,131,132,133,134,135,136,137,138,139,140,141,142,143,144,145,146,147,148,149,150,151,152,153,154,155,156,157,158,159,160,161,162,163,164,165,166,167,168,169,170,171,172,173,174,175,176,177,178,179,180,181,182,183,184,185,186,187,188,189,190,191,192,193,194,195,196,197,198,199];False
8261;9200;17461;[8,52,11,3,26,43,18,30,124,9,4,1,12,32,14,15,20,65,16,19,61,41,22,23,24,25,5,27,28,56,63,31,29,33,17,35,36,37,38,39,40,49,42,7,44,45,60,47,48,21,50,51,53,13,54,55,6,57,58,59,2,0,62,46,64,10,66,67,68,69,70,71,72,73,74,75,76,77,78,79,80,81,82,83,84,85,86,87,88,89,34,91,92,93,94,95,96,97,98,99,100,101,102,103,104,105,106,107,108,109,110,111,112,113,114,115,116,117,118,119,120,121,122,123,90,125,126,127,128,129,130,131,132,133,134,135,136,137,138,139,140,141,142,143,144,145,146,147,148,149,150,151,152,153,154,155,156,157,158,159,160,161,162,163,164,165,166,167,168,169,170,171,172,173,174,175,176,177,178,179,180,181,182,183,184,185,186,187,188,189,190,191,192,193,194,195,196,197,198,199];False
8254;9211;17465;[9,52,11,3,26,43,18,30,8,124,4,1,12,32,14,15,20,65,16,19,61,41,22,23,24,25,5,27,28,56,63,31,29,33,17,35,36,37,38,39,40,49,42,7,44,45,60,47,48,21,50,51,53,13,54,55,6,57,58,59,2,0,62,46,64,10,66,67,68,69,70,71,72,73,74,75,76,77,78,79,80,81,82,83,84,85,86,87,88,89,34,91,92,93,94,95,96,97,98,99,100,101,102,103,104,105,106,107,108,109,110,111,112,113,114,115,116,117,118,119,120,121,122,123,90,125,126,127,128,129,130,131,132,133,134,135,136,137,138,139,140,141,142,143,144,145,146,147,148,149,150,151,152,153,154,155,156,157,158,159,160,161,162,163,164,165,166,167,168,169,170,171,172,173,174,175,176,177,178,179,180,181,182,183,184,185,186,187,188,189,190,191,192,193,194,195,196,197,198,199];False
8332;9166;17498;[20,52,11,3,26,43,18,30,8,9,4,1,12,32,14,15,124,65,16,19,61,41,22,23,24,25,5,27,28,56,63,31,29,33,17,35,36,37,38,39,40,49,42,7,44,45,60,47,48,21,50,51,53,13,54,55,6,57,58,59,2,0,62,46,64,10,66,67,68,69,70,71,72,73,74,75,76,77,78,79,80,81,82,83,84,85,86,87,88,89,34,91,92,93,94,95,96,97,98,99,100,101,102,103,104,105,106,107,108,109,110,111,112,113,114,115,116,117,118,119,120,121,122,123,90,125,126,127,128,129,130,131,132,133,134,135,136,137,138,139,140,141,142,143,144,145,146,147,148,149,150,151,152,153,154,155,156,157,158,159,160,161,162,163,164,165,166,167,168,169,170,171,172,173,174,175,176,177,178,179,180,181,182,183,184,185,186,187,188,189,190,191,192,193,194,195,196,197,198,199];False
8424;9128;17552;[16,46,11,3,26,43,18,30,8,9,4,1,12,32,14,15,20,65,90,19,61,41,22,23,24,25,5,27,28,56,63,31,29,33,17,35,36,37,38,39,40,49,42,7,44,45,60,47,48,21,50,51,53,13,54,55,6,57,58,59,2,0,62,52,64,10,66,67,68,69,70,71,72,73,74,75,76,77,78,79,80,81,82,83,84,85,86,87,88,89,34,91,92,93,94,95,96,97,98,99,100,101,102,103,104,105,106,107,108,109,110,111,112,113,114,115,116,117,118,119,120,121,122,123,124,125,126,127,128,129,130,131,132,133,134,135,136,137,138,139,140,141,142,143,144,145,146,147,148,149,150,151,152,153,154,155,156,157,158,159,160,161,162,163,164,165,166,167,168,169,170,171,172,173,174,175,176,177,178,179,180,181,182,183,184,185,186,187,188,189,190,191,192,193,194,195,196,197,198,199];False
8450;9126;17576;[19,46,11,3,26,43,18,30,8,9,4,1,12,32,14,15,20,65,16,90,61,41,22,23,24,25,5,27,28,56,63,31,29,33,17,35,36,37,38,39,40,49,42,7,44,45,60,47,48,21,50,51,53,13,54,55,6,57,58,59,2,0,62,52,64,10,66,67,68,69,70,71,72,73,74,75,76,77,78,79,80,81,82,83,84,85,86,87,88,89,34,91,92,93,94,95,96,97,98,99,100,101,102,103,104,105,106,107,108,109,110,111,112,113,114,115,116,117,118,119,120,121,122,123,124,125,126,127,128,129,130,131,132,133,134,135,136,137,138,139,140,141,142,143,144,145,146,147,148,149,150,151,152,153,154,155,156,157,158,159,160,161,162,163,164,165,166,167,168,169,170,171,172,173,174,175,176,177,178,179,180,181,182,183,184,185,186,187,188,189,190,191,192,193,194,195,196,197,198,199];False
8422;9117;17539;[29,46,11,3,26,43,18,30,8,9,4,1,12,32,14,15,20,65,16,19,61,41,22,23,24,25,5,27,28,56,63,31,90,33,17,35,36,37,38,39,40,49,42,7,44,45,60,47,48,21,50,51,53,13,54,55,6,57,58,59,2,0,62,52,64,10,66,67,68,69,70,71,72,73,74,75,76,77,78,79,80,81,82,83,84,85,86,87,88,89,34,91,92,93,94,95,96,97,98,99,100,101,102,103,104,105,106,107,108,109,110,111,112,113,114,115,116,117,118,119,120,121,122,123,124,125,126,127,128,129,130,131,132,133,134,135,136,137,138,139,140,141,142,143,144,145,146,147,148,149,150,151,152,153,154,155,156,157,158,159,160,161,162,163,164,165,166,167,168,169,170,171,172,173,174,175,176,177,178,179,180,181,182,183,184,185,186,187,188,189,190,191,192,193,194,195,196,197,198,199];False
8419;9116;17535;[66,46,11,3,26,43,18,30,8,9,4,1,12,32,14,15,20,65,16,19,61,41,22,23,24,25,5,27,28,56,63,31,29,33,17,35,36,37,38,39,40,49,42,7,44,45,60,47,48,21,50,51,53,13,54,55,6,57,58,59,2,0,62,52,64,10,90,67,68,69,70,71,72,73,74,75,76,77,78,79,80,81,82,83,84,85,86,87,88,89,34,91,92,93,94,95,96,97,98,99,100,101,102,103,104,105,106,107,108,109,110,111,112,113,114,115,116,117,118,119,120,121,122,123,124,125,126,127,128,129,130,131,132,133,134,135,136,137,138,139,140,141,142,143,144,145,146,147,148,149,150,151,152,153,154,155,156,157,158,159,160,161,162,163,164,165,166,167,168,169,170,171,172,173,174,175,176,177,178,179,180,181,182,183,184,185,186,187,188,189,190,191,192,193,194,195,196,197,198,199];False
8412;9150;17562;[72,46,11,3,26,43,18,30,8,9,4,1,12,32,14,15,20,65,16,19,61,41,22,23,24,25,5,27,28,56,63,31,29,33,17,35,36,37,38,39,40,49,42,7,44,45,60,47,48,21,50,51,53,13,54,55,6,57,58,59,2,0,62,52,64,10,66,67,68,69,70,71,90,73,74,75,76,77,78,79,80,81,82,83,84,85,86,87,88,89,34,91,92,93,94,95,96,97,98,99,100,101,102,103,104,105,106,107,108,109,110,111,112,113,114,115,116,117,118,119,120,121,122,123,124,125,126,127,128,129,130,131,132,133,134,135,136,137,138,139,140,141,142,143,144,145,146,147,148,149,150,151,152,153,154,155,156,157,158,159,160,161,162,163,164,165,166,167,168,169,170,171,172,173,174,175,176,177,178,179,180,181,182,183,184,185,186,187,188,189,190,191,192,193,194,195,196,197,198,199];False
8366;9121;17487;[73,46,11,3,26,43,18,30,8,9,4,1,12,32,14,15,20,65,16,19,61,41,22,23,24,25,5,27,28,56,63,31,29,33,17,35,36,37,38,39,40,49,42,7,44,45,60,47,48,21,50,51,53,13,54,55,6,57,58,59,2,0,62,52,64,10,66,67,68,69,70,71,72,90,74,75,76,77,78,79,80,81,82,83,84,85,86,87,88,89,34,91,92,93,94,95,96,97,98,99,100,101,102,103,104,105,106,107,108,109,110,111,112,113,114,115,116,117,118,119,120,121,122,123,124,125,126,127,128,129,130,131,132,133,134,135,136,137,138,139,140,141,142,143,144,145,146,147,148,149,150,151,152,153,154,155,156,157,158,159,160,161,162,163,164,165,166,167,168,169,170,171,172,173,174,175,176,177,178,179,180,181,182,183,184,185,186,187,188,189,190,191,192,193,194,195,196,197,198,199];False
8426;9087;17513;[92,46,11,3,26,43,18,30,8,9,4,1,12,32,14,15,20,65,16,19,61,41,22,23,24,25,5,27,28,56,63,31,29,33,17,35,36,37,38,39,40,49,42,7,44,45,60,47,48,21,50,51,53,13,54,55,6,57,58,59,2,0,62,52,64,10,66,67,68,69,70,71,72,73,74,75,76,77,78,79,80,81,82,83,84,85,86,87,88,89,34,91,90,93,94,95,96,97,98,99,100,101,102,103,104,105,106,107,108,109,110,111,112,113,114,115,116,117,118,119,120,121,122,123,124,125,126,127,128,129,130,131,132,133,134,135,136,137,138,139,140,141,142,143,144,145,146,147,148,149,150,151,152,153,154,155,156,157,158,159,160,161,162,163,164,165,166,167,168,169,170,171,172,173,174,175,176,177,178,179,180,181,182,183,184,185,186,187,188,189,190,191,192,193,194,195,196,197,198,199];False
8246;9297;17543;[33,52,11,3,26,43,18,30,8,9,4,1,12,32,14,15,16,60,64,19,25,41,22,23,24,69,5,27,28,56,63,31,29,65,17,35,36,37,38,39,40,49,42,7,44,45,10,47,48,21,50,51,0,53,54,55,6,57,58,59,2,61,62,67,13,46,66,34,68,20,70,71,72,73,74,75,76,77,78,79,80,81,82,83,84,85,86,87,88,89,90,91,92,93,94,95,96,97,98,99,100,101,102,103,104,105,106,107,108,109,110,111,112,113,114,115,116,117,118,119,120,121,122,123,124,125,126,127,128,129,130,131,132,133,134,135,136,137,138,139,140,141,142,143,144,145,146,147,148,149,150,151,152,153,154,155,156,157,158,159,160,161,162,163,164,165,166,167,168,169,170,171,172,173,174,175,176,177,178,179,180,181,182,183,184,185,186,187,188,189,190,191,192,193,194,195,196,197,198,199];False
8193;9315;17508;[36,52,11,3,26,43,18,30,8,9,4,1,12,32,14,15,16,60,64,19,25,41,22,23,24,69,5,27,28,56,63,31,29,33,17,35,65,37,38,39,40,49,42,7,44,45,10,47,48,21,50,51,0,53,54,55,6,57,58,59,2,61,62,67,13,46,66,34,68,20,70,71,72,73,74,75,76,77,78,79,80,81,82,83,84,85,86,87,88,89,90,91,92,93,94,95,96,97,98,99,100,101,102,103,104,105,106,107,108,109,110,111,112,113,114,115,116,117,118,119,120,121,122,123,124,125,126,127,128,129,130,131,132,133,134,135,136,137,138,139,140,141,142,143,144,145,146,147,148,149,150,151,152,153,154,155,156,157,158,159,160,161,162,163,164,165,166,167,168,169,170,171,172,173,174,175,176,177,178,179,180,181,182,183,184,185,186,187,188,189,190,191,192,193,194,195,196,197,198,199];False
8237;9273;17510;[54,52,11,3,26,43,18,30,8,9,4,1,12,32,14,15,16,60,64,19,25,41,22,23,24,69,5,27,28,56,63,31,29,33,17,35,36,37,38,39,40,49,42,7,44,45,10,47,48,21,50,51,0,53,65,55,6,57,58,59,2,61,62,67,13,46,66,34,68,20,70,71,72,73,74,75,76,77,78,79,80,81,82,83,84,85,86,87,88,89,90,91,92,93,94,95,96,97,98,99,100,101,102,103,104,105,106,107,108,109,110,111,112,113,114,115,116,117,118,119,120,121,122,123,124,125,126,127,128,129,130,131,132,133,134,135,136,137,138,139,140,141,142,143,144,145,146,147,148,149,150,151,152,153,154,155,156,157,158,159,160,161,162,163,164,165,166,167,168,169,170,171,172,173,174,175,176,177,178,179,180,181,182,183,184,185,186,187,188,189,190,191,192,193,194,195,196,197,198,199];False
8202;9271;17473;[73,52,11,3,26,43,18,30,8,9,4,1,12,32,14,15,16,60,64,19,25,41,22,23,24,69,5,27,28,56,63,31,29,33,17,35,36,37,38,39,40,49,42,7,44,45,10,47,48,21,50,51,0,53,54,55,6,57,58,59,2,61,62,67,13,46,66,34,68,20,70,71,72,65,74,75,76,77,78,79,80,81,82,83,84,85,86,87,88,89,90,91,92,93,94,95,96,97,98,99,100,101,102,103,104,105,106,107,108,109,110,111,112,113,114,115,116,117,118,119,120,121,122,123,124,125,126,127,128,129,130,131,132,133,134,135,136,137,138,139,140,141,142,143,144,145,146,147,148,149,150,151,152,153,154,155,156,157,158,159,160,161,162,163,164,165,166,167,168,169,170,171,172,173,174,175,176,177,178,179,180,181,182,183,184,185,186,187,188,189,190,191,192,193,194,195,196,197,198,199];False
8196;9278;17474;[25,90,11,3,26,43,18,30,8,9,4,1,12,32,14,15,16,60,64,19,65,41,22,23,24,69,5,27,28,56,63,31,29,33,17,35,36,37,38,39,40,49,42,7,44,45,10,47,48,21,50,51,0,52,54,55,6,57,58,59,2,61,62,67,13,46,66,34,68,20,70,71,72,73,74,75,76,77,78,79,80,81,82,83,84,85,86,87,88,89,53,91,92,93,94,95,96,97,98,99,100,101,102,103,104,105,106,107,108,109,110,111,112,113,114,115,116,117,118,119,120,121,122,123,124,125,126,127,128,129,130,131,132,133,134,135,136,137,138,139,140,141,142,143,144,145,146,147,148,149,150,151,152,153,154,155,156,157,158,159,160,161,162,163,164,165,166,167,168,169,170,171,172,173,174,175,176,177,178,179,180,181,182,183,184,185,186,187,188,189,190,191,192,193,194,195,196,197,198,199];False
8240;9237;17477;[29,25,11,3,26,43,18,30,8,9,4,1,12,32,14,15,16,60,64,19,65,41,22,23,24,69,5,27,28,56,63,31,90,33,17,35,36,37,38,39,40,49,42,7,44,45,10,47,48,21,50,51,0,52,54,55,6,57,58,59,2,61,62,67,13,46,66,34,68,20,70,71,72,73,74,75,76,77,78,79,80,81,82,83,84,85,86,87,88,89,53,91,92,93,94,95,96,97,98,99,100,101,102,103,104,105,106,107,108,109,110,111,112,113,114,115,116,117,118,119,120,121,122,123,124,125,126,127,128,129,130,131,132,133,134,135,136,137,138,139,140,141,142,143,144,145,146,147,148,149,150,151,152,153,154,155,156,157,158,159,160,161,162,163,164,165,166,167,168,169,170,171,172,173,174,175,176,177,178,179,180,181,182,183,184,185,186,187,188,189,190,191,192,193,194,195,196,197,198,199];False
8238;9259;17497;[39,25,11,3,26,43,18,30,8,9,4,1,12,32,14,15,16,60,64,19,65,41,22,23,24,69,5,27,28,56,63,31,29,33,17,35,36,37,38,90,40,49,42,7,44,45,10,47,48,21,50,51,0,52,54,55,6,57,58,59,2,61,62,67,13,46,66,34,68,20,70,71,72,73,74,75,76,77,78,79,80,81,82,83,84,85,86,87,88,89,53,91,92,93,94,95,96,97,98,99,100,101,102,103,104,105,106,107,108,109,110,111,112,113,114,115,116,117,118,119,120,121,122,123,124,125,126,127,128,129,130,131,132,133,134,135,136,137,138,139,140,141,142,143,144,145,146,147,148,149,150,151,152,153,154,155,156,157,158,159,160,161,162,163,164,165,166,167,168,169,170,171,172,173,174,175,176,177,178,179,180,181,182,183,184,185,186,187,188,189,190,191,192,193,194,195,196,197,198,199];False
8233;9215;17448;[0,25,11,3,26,43,18,30,8,9,4,1,12,32,14,15,16,60,64,19,65,41,22,23,24,69,5,27,28,56,63,31,29,33,17,35,36,37,38,39,40,49,42,7,44,45,10,47,48,21,50,51,90,52,54,55,6,57,58,59,2,61,62,67,13,46,66,34,68,20,70,71,72,73,74,75,76,77,78,79,80,81,82,83,84,85,86,87,88,89,53,91,92,93,94,95,96,97,98,99,100,101,102,103,104,105,106,107,108,109,110,111,112,113,114,115,116,117,118,119,120,121,122,123,124,125,126,127,128,129,130,131,132,133,134,135,136,137,138,139,140,141,142,143,144,145,146,147,148,149,150,151,152,153,154,155,156,157,158,159,160,161,162,163,164,165,166,167,168,169,170,171,172,173,174,175,176,177,178,179,180,181,182,183,184,185,186,187,188,189,190,191,192,193,194,195,196,197,198,199];False
8527;9080;17607;[29,46,11,3,26,43,18,30,8,9,4,1,12,32,14,15,65,17,16,19,61,41,22,23,24,25,5,27,28,56,63,31,92,33,20,35,36,37,38,39,40,49,42,7,44,45,60,47,48,21,50,51,53,13,54,55,6,57,58,59,2,0,62,52,64,10,66,67,68,69,70,71,72,73,74,75,76,77,78,79,80,81,82,83,84,85,86,87,88,89,34,91,90,93,94,95,96,97,98,99,100,101,102,103,104,105,106,107,108,109,110,111,112,113,114,115,116,117,118,119,120,121,122,123,124,125,126,127,128,129,130,131,132,133,134,135,136,137,138,139,140,141,142,143,144,145,146,147,148,149,150,151,152,153,154,155,156,157,158,159,160,161,162,163,164,165,166,167,168,169,170,171,172,173,174,175,176,177,178,179,180,181,182,183,184,185,186,187,188,189,190,191,192,193,194,195,196,197,198,199];False
8600;9054;17654;[50,46,11,3,26,43,18,30,8,9,4,1,12,32,14,15,65,17,16,19,61,41,22,23,24,25,5,27,28,56,63,31,29,33,20,35,36,37,38,39,40,49,42,7,44,45,60,47,48,21,92,51,53,13,54,55,6,57,58,59,2,0,62,52,64,10,66,67,68,69,70,71,72,73,74,75,76,77,78,79,80,81,82,83,84,85,86,87,88,89,34,91,90,93,94,95,96,97,98,99,100,101,102,103,104,105,106,107,108,109,110,111,112,113,114,115,116,117,118,119,120,121,122,123,124,125,126,127,128,129,130,131,132,133,134,135,136,137,138,139,140,141,142,143,144,145,146,147,148,149,150,151,152,153,154,155,156,157,158,159,160,161,162,163,164,165,166,167,168,169,170,171,172,173,174,175,176,177,178,179,180,181,182,183,184,185,186,187,188,189,190,191,192,193,194,195,196,197,198,199];False
8645;9053;17698;[53,46,11,3,26,43,18,30,8,9,4,1,12,32,14,15,65,17,16,19,61,41,22,23,24,25,5,27,28,56,63,31,29,33,20,35,36,37,38,39,40,49,42,7,44,45,60,47,48,21,50,51,92,13,54,55,6,57,58,59,2,0,62,52,64,10,66,67,68,69,70,71,72,73,74,75,76,77,78,79,80,81,82,83,84,85,86,87,88,89,34,91,90,93,94,95,96,97,98,99,100,101,102,103,104,105,106,107,108,109,110,111,112,113,114,115,116,117,118,119,120,121,122,123,124,125,126,127,128,129,130,131,132,133,134,135,136,137,138,139,140,141,142,143,144,145,146,147,148,149,150,151,152,153,154,155,156,157,158,159,160,161,162,163,164,165,166,167,168,169,170,171,172,173,174,175,176,177,178,179,180,181,182,183,184,185,186,187,188,189,190,191,192,193,194,195,196,197,198,199];False
8568;9052;17620;[69,46,11,3,26,43,18,30,8,9,4,1,12,32,14,15,65,17,16,19,61,41,22,23,24,25,5,27,28,56,63,31,29,33,20,35,36,37,38,39,40,49,42,7,44,45,60,47,48,21,50,51,53,13,54,55,6,57,58,59,2,0,62,52,64,10,66,67,68,92,70,71,72,73,74,75,76,77,78,79,80,81,82,83,84,85,86,87,88,89,34,91,90,93,94,95,96,97,98,99,100,101,102,103,104,105,106,107,108,109,110,111,112,113,114,115,116,117,118,119,120,121,122,123,124,125,126,127,128,129,130,131,132,133,134,135,136,137,138,139,140,141,142,143,144,145,146,147,148,149,150,151,152,153,154,155,156,157,158,159,160,161,162,163,164,165,166,167,168,169,170,171,172,173,174,175,176,177,178,179,180,181,182,183,184,185,186,187,188,189,190,191,192,193,194,195,196,197,198,199];False
8480;9074;17554;[73,46,11,3,26,43,18,30,8,9,4,1,12,32,14,15,65,17,16,19,61,41,22,23,24,25,5,27,28,56,63,31,29,33,20,35,36,37,38,39,40,49,42,7,44,45,60,47,48,21,50,51,53,13,54,55,6,57,58,59,2,0,62,52,64,10,66,67,68,69,70,71,72,92,74,75,76,77,78,79,80,81,82,83,84,85,86,87,88,89,34,91,90,93,94,95,96,97,98,99,100,101,102,103,104,105,106,107,108,109,110,111,112,113,114,115,116,117,118,119,120,121,122,123,124,125,126,127,128,129,130,131,132,133,134,135,136,137,138,139,140,141,142,143,144,145,146,147,148,149,150,151,152,153,154,155,156,157,158,159,160,161,162,163,164,165,166,167,168,169,170,171,172,173,174,175,176,177,178,179,180,181,182,183,184,185,186,187,188,189,190,191,192,193,194,195,196,197,198,199];False
8475;9063;17538;[34,46,11,3,26,43,18,30,8,9,4,1,12,32,14,15,65,17,16,19,61,41,22,23,24,25,5,27,28,56,63,31,29,33,20,35,36,37,38,39,40,49,42,7,44,45,60,47,48,21,50,51,53,13,54,55,6,57,58,59,2,0,62,52,64,10,66,67,68,69,70,71,72,73,74,75,76,77,78,79,80,81,82,83,84,85,86,87,88,89,92,91,90,93,94,95,96,97,98,99,100,101,102,103,104,105,106,107,108,109,110,111,112,113,114,115,116,117,118,119,120,121,122,123,124,125,126,127,128,129,130,131,132,133,134,135,136,137,138,139,140,141,142,143,144,145,146,147,148,149,150,151,152,153,154,155,156,157,158,159,160,161,162,163,164,165,166,167,168,169,170,171,172,173,174,175,176,177,178,179,180,181,182,183,184,185,186,187,188,189,190,191,192,193,194,195,196,197,198,199];False
8465;9082;17547;[105,46,11,3,26,43,18,30,8,9,4,1,12,32,14,15,65,17,16,19,61,41,22,23,24,25,5,27,28,56,63,31,29,33,20,35,36,37,38,39,40,49,42,7,44,45,60,47,48,21,50,51,53,13,54,55,6,57,58,59,2,0,62,52,64,10,66,67,68,69,70,71,72,73,74,75,76,77,78,79,80,81,82,83,84,85,86,87,88,89,34,91,90,93,94,95,96,97,98,99,100,101,102,103,104,92,106,107,108,109,110,111,112,113,114,115,116,117,118,119,120,121,122,123,124,125,126,127,128,129,130,131,132,133,134,135,136,137,138,139,140,141,142,143,144,145,146,147,148,149,150,151,152,153,154,155,156,157,158,159,160,161,162,163,164,165,166,167,168,169,170,171,172,173,174,175,176,177,178,179,180,181,182,183,184,185,186,187,188,189,190,191,192,193,194,195,196,197,198,199];False
8477;9056;17533;[107,46,11,3,26,43,18,30,8,9,4,1,12,32,14,15,65,17,16,19,61,41,22,23,24,25,5,27,28,56,63,31,29,33,20,35,36,37,38,39,40,49,42,7,44,45,60,47,48,21,50,51,53,13,54,55,6,57,58,59,2,0,62,52,64,10,66,67,68,69,70,71,72,73,74,75,76,77,78,79,80,81,82,83,84,85,86,87,88,89,34,91,90,93,94,95,96,97,98,99,100,101,102,103,104,105,106,92,108,109,110,111,112,113,114,115,116,117,118,119,120,121,122,123,124,125,126,127,128,129,130,131,132,133,134,135,136,137,138,139,140,141,142,143,144,145,146,147,148,149,150,151,152,153,154,155,156,157,158,159,160,161,162,163,164,165,166,167,168,169,170,171,172,173,174,175,176,177,178,179,180,181,182,183,184,185,186,187,188,189,190,191,192,193,194,195,196,197,198,199];False
8306;9179;17485;[4,52,11,3,26,43,18,30,8,9,33,1,12,32,14,15,20,65,16,19,61,41,22,23,24,25,5,27,28,56,63,31,29,94,17,35,36,37,38,39,40,49,42,7,44,45,60,47,48,21,50,51,53,13,54,55,6,57,58,59,2,0,62,46,64,10,66,67,68,69,70,71,72,73,74,75,76,77,78,79,80,81,82,83,84,85,86,87,88,89,34,91,92,93,90,95,96,97,98,99,100,101,102,103,104,105,106,107,108,109,110,111,112,113,114,115,116,117,118,119,120,121,122,123,124,125,126,127,128,129,130,131,132,133,134,135,136,137,138,139,140,141,142,143,144,145,146,147,148,149,150,151,152,153,154,155,156,157,158,159,160,161,162,163,164,165,166,167,168,169,170,171,172,173,174,175,176,177,178,179,180,181,182,183,184,185,186,187,188,189,190,191,192,193,194,195,196,197,198,199];False
8206;9239;17445;[68,52,11,3,26,43,18,30,124,9,4,1,12,32,14,15,20,65,16,19,61,41,22,23,24,25,5,27,28,56,63,31,29,33,17,35,36,37,38,39,40,49,42,7,44,45,60,47,48,21,50,51,53,13,54,55,6,57,58,59,2,0,62,46,64,10,66,67,8,69,70,71,72,73,74,75,76,77,78,79,80,81,82,83,84,85,86,87,88,89,34,91,92,93,94,95,96,97,98,99,100,101,102,103,104,105,106,107,108,109,110,111,112,113,114,115,116,117,118,119,120,121,122,123,90,125,126,127,128,129,130,131,132,133,134,135,136,137,138,139,140,141,142,143,144,145,146,147,148,149,150,151,152,153,154,155,156,157,158,159,160,161,162,163,164,165,166,167,168,169,170,171,172,173,174,175,176,177,178,179,180,181,182,183,184,185,186,187,188,189,190,191,192,193,194,195,196,197,198,199];False
8225;9215;17440;[70,52,11,3,26,43,18,30,124,9,4,1,12,32,14,15,20,65,16,19,61,41,22,23,24,25,5,27,28,56,63,31,29,33,17,35,36,37,38,39,40,49,42,7,44,45,60,47,48,21,50,51,53,13,54,55,6,57,58,59,2,0,62,46,64,10,66,67,68,69,8,71,72,73,74,75,76,77,78,79,80,81,82,83,84,85,86,87,88,89,34,91,92,93,94,95,96,97,98,99,100,101,102,103,104,105,106,107,108,109,110,111,112,113,114,115,116,117,118,119,120,121,122,123,90,125,126,127,128,129,130,131,132,133,134,135,136,137,138,139,140,141,142,143,144,145,146,147,148,149,150,151,152,153,154,155,156,157,158,159,160,161,162,163,164,165,166,167,168,169,170,171,172,173,174,175,176,177,178,179,180,181,182,183,184,185,186,187,188,189,190,191,192,193,194,195,196,197,198,199];False
8248;9189;17437;[73,52,11,3,26,43,18,30,124,9,4,1,12,32,14,15,20,65,16,19,61,41,22,23,24,25,5,27,28,56,63,31,29,33,17,35,36,37,38,39,40,49,42,7,44,45,60,47,48,21,50,51,53,13,54,55,6,57,58,59,2,0,62,46,64,10,66,67,68,69,70,71,72,8,74,75,76,77,78,79,80,81,82,83,84,85,86,87,88,89,34,91,92,93,94,95,96,97,98,99,100,101,102,103,104,105,106,107,108,109,110,111,112,113,114,115,116,117,118,119,120,121,122,123,90,125,126,127,128,129,130,131,132,133,134,135,136,137,138,139,140,141,142,143,144,145,146,147,148,149,150,151,152,153,154,155,156,157,158,159,160,161,162,163,164,165,166,167,168,169,170,171,172,173,174,175,176,177,178,179,180,181,182,183,184,185,186,187,188,189,190,191,192,193,194,195,196,197,198,199];False
8298;9180;17478;[33,52,11,3,26,43,18,30,8,9,4,1,12,32,14,15,124,65,16,19,61,41,22,23,24,25,5,27,28,56,63,31,29,20,17,35,36,37,38,39,40,49,42,7,44,45,60,47,48,21,50,51,53,13,54,55,6,57,58,59,2,0,62,46,64,10,66,67,68,69,70,71,72,73,74,75,76,77,78,79,80,81,82,83,84,85,86,87,88,89,34,91,92,93,94,95,96,97,98,99,100,101,102,103,104,105,106,107,108,109,110,111,112,113,114,115,116,117,118,119,120,121,122,123,90,125,126,127,128,129,130,131,132,133,134,135,136,137,138,139,140,141,142,143,144,145,146,147,148,149,150,151,152,153,154,155,156,157,158,159,160,161,162,163,164,165,166,167,168,169,170,171,172,173,174,175,176,177,178,179,180,181,182,183,184,185,186,187,188,189,190,191,192,193,194,195,196,197,198,199];False
8299;9170;17469;[17,52,11,3,26,43,18,30,8,9,4,1,12,32,14,15,124,65,16,19,61,41,22,23,24,25,5,27,28,56,63,31,29,33,20,35,36,37,38,39,40,49,42,7,44,45,60,47,48,21,50,51,53,13,54,55,6,57,58,59,2,0,62,46,64,10,66,67,68,69,70,71,72,73,74,75,76,77,78,79,80,81,82,83,84,85,86,87,88,89,34,91,92,93,94,95,96,97,98,99,100,101,102,103,104,105,106,107,108,109,110,111,112,113,114,115,116,117,118,119,120,121,122,123,90,125,126,127,128,129,130,131,132,133,134,135,136,137,138,139,140,141,142,143,144,145,146,147,148,149,150,151,152,153,154,155,156,157,158,159,160,161,162,163,164,165,166,167,168,169,170,171,172,173,174,175,176,177,178,179,180,181,182,183,184,185,186,187,188,189,190,191,192,193,194,195,196,197,198,199];False
8236;9170;17406;[69,52,11,3,26,43,18,30,8,9,4,1,12,32,14,15,124,65,16,19,61,41,22,23,24,25,5,27,28,56,63,31,29,33,17,35,36,37,38,39,40,49,42,7,44,45,60,47,48,21,50,51,53,13,54,55,6,57,58,59,2,0,62,46,64,10,66,67,68,20,70,71,72,73,74,75,76,77,78,79,80,81,82,83,84,85,86,87,88,89,34,91,92,93,94,95,96,97,98,99,100,101,102,103,104,105,106,107,108,109,110,111,112,113,114,115,116,117,118,119,120,121,122,123,90,125,126,127,128,129,130,131,132,133,134,135,136,137,138,139,140,141,142,143,144,145,146,147,148,149,150,151,152,153,154,155,156,157,158,159,160,161,162,163,164,165,166,167,168,169,170,171,172,173,174,175,176,177,178,179,180,181,182,183,184,185,186,187,188,189,190,191,192,193,194,195,196,197,198,199];False
8234;9195;17429;[76,52,11,3,26,43,18,30,8,9,4,1,12,32,14,15,124,65,16,19,61,41,22,23,24,25,5,27,28,56,63,31,29,33,17,35,36,37,38,39,40,49,42,7,44,45,60,47,48,21,50,51,53,13,54,55,6,57,58,59,2,0,62,46,64,10,66,67,68,69,70,71,72,73,74,75,20,77,78,79,80,81,82,83,84,85,86,87,88,89,34,91,92,93,94,95,96,97,98,99,100,101,102,103,104,105,106,107,108,109,110,111,112,113,114,115,116,117,118,119,120,121,122,123,90,125,126,127,128,129,130,131,132,133,134,135,136,137,138,139,140,141,142,143,144,145,146,147,148,149,150,151,152,153,154,155,156,157,158,159,160,161,162,163,164,165,166,167,168,169,170,171,172,173,174,175,176,177,178,179,180,181,182,183,184,185,186,187,188,189,190,191,192,193,194,195,196,197,198,199];False
8326;9164;17490;[82,52,11,3,26,43,18,30,8,9,4,1,12,32,14,15,124,65,16,19,61,41,22,23,24,25,5,27,28,56,63,31,29,33,17,35,36,37,38,39,40,49,42,7,44,45,60,47,48,21,50,51,53,13,54,55,6,57,58,59,2,0,62,46,64,10,66,67,68,69,70,71,72,73,74,75,76,77,78,79,80,81,20,83,84,85,86,87,88,89,34,91,92,93,94,95,96,97,98,99,100,101,102,103,104,105,106,107,108,109,110,111,112,113,114,115,116,117,118,119,120,121,122,123,90,125,126,127,128,129,130,131,132,133,134,135,136,137,138,139,140,141,142,143,144,145,146,147,148,149,150,151,152,153,154,155,156,157,158,159,160,161,162,163,164,165,166,167,168,169,170,171,172,173,174,175,176,177,178,179,180,181,182,183,184,185,186,187,188,189,190,191,192,193,194,195,196,197,198,199];False
8337;9132;17469;[25,46,11,3,26,43,18,30,8,9,4,1,12,32,14,15,20,65,16,19,61,41,22,23,24,66,5,27,28,56,63,31,29,33,17,35,36,37,38,39,40,49,42,7,44,45,60,47,48,21,50,51,53,13,54,55,6,57,58,59,2,0,62,52,64,10,90,67,68,69,70,71,72,73,74,75,76,77,78,79,80,81,82,83,84,85,86,87,88,89,34,91,92,93,94,95,96,97,98,99,100,101,102,103,104,105,106,107,108,109,110,111,112,113,114,115,116,117,118,119,120,121,122,123,124,125,126,127,128,129,130,131,132,133,134,135,136,137,138,139,140,141,142,143,144,145,146,147,148,149,150,151,152,153,154,155,156,157,158,159,160,161,162,163,164,165,166,167,168,169,170,171,172,173,174,175,176,177,178,179,180,181,182,183,184,185,186,187,188,189,190,191,192,193,194,195,196,197,198,199];False
8396;9104;17500;[69,46,11,3,26,43,18,30,8,9,4,1,12,32,14,15,20,65,16,19,61,41,22,23,24,25,5,27,28,56,63,31,29,33,17,35,36,37,38,39,40,49,42,7,44,45,60,47,48,21,50,51,53,13,54,55,6,57,58,59,2,0,62,52,64,10,90,67,68,66,70,71,72,73,74,75,76,77,78,79,80,81,82,83,84,85,86,87,88,89,34,91,92,93,94,95,96,97,98,99,100,101,102,103,104,105,106,107,108,109,110,111,112,113,114,115,116,117,118,119,120,121,122,123,124,125,126,127,128,129,130,131,132,133,134,135,136,137,138,139,140,141,142,143,144,145,146,147,148,149,150,151,152,153,154,155,156,157,158,159,160,161,162,163,164,165,166,167,168,169,170,171,172,173,174,175,176,177,178,179,180,181,182,183,184,185,186,187,188,189,190,191,192,193,194,195,196,197,198,199];False
8332;9123;17455;[34,46,11,3,26,43,18,30,8,9,4,1,12,32,14,15,20,65,16,19,61,41,22,23,24,25,5,27,28,56,63,31,29,33,17,35,36,37,38,39,40,49,42,7,44,45,60,47,48,21,50,51,53,13,54,55,6,57,58,59,2,0,62,52,64,10,66,67,68,69,70,71,72,90,74,75,76,77,78,79,80,81,82,83,84,85,86,87,88,89,73,91,92,93,94,95,96,97,98,99,100,101,102,103,104,105,106,107,108,109,110,111,112,113,114,115,116,117,118,119,120,121,122,123,124,125,126,127,128,129,130,131,132,133,134,135,136,137,138,139,140,141,142,143,144,145,146,147,148,149,150,151,152,153,154,155,156,157,158,159,160,161,162,163,164,165,166,167,168,169,170,171,172,173,174,175,176,177,178,179,180,181,182,183,184,185,186,187,188,189,190,191,192,193,194,195,196,197,198,199];False
8313;9124;17437;[92,46,11,3,26,43,18,30,8,9,4,1,12,32,14,15,20,65,16,19,61,41,22,23,24,25,5,27,28,56,63,31,29,33,17,35,36,37,38,39,40,49,42,7,44,45,60,47,48,21,50,51,53,13,54,55,6,57,58,59,2,0,62,52,64,10,66,67,68,69,70,71,72,90,74,75,76,77,78,79,80,81,82,83,84,85,86,87,88,89,34,91,73,93,94,95,96,97,98,99,100,101,102,103,104,105,106,107,108,109,110,111,112,113,114,115,116,117,118,119,120,121,122,123,124,125,126,127,128,129,130,131,132,133,134,135,136,137,138,139,140,141,142,143,144,145,146,147,148,149,150,151,152,153,154,155,156,157,158,159,160,161,162,163,164,165,166,167,168,169,170,171,172,173,174,175,176,177,178,179,180,181,182,183,184,185,186,187,188,189,190,191,192,193,194,195,196,197,198,199];False
8282;9168;17450;[104,46,11,3,26,43,18,30,8,9,4,1,12,32,14,15,20,65,16,19,61,41,22,23,24,25,5,27,28,56,63,31,29,33,17,35,36,37,38,39,40,49,42,7,44,45,60,47,48,21,50,51,53,13,54,55,6,57,58,59,2,0,62,52,64,10,66,67,68,69,70,71,72,90,74,75,76,77,78,79,80,81,82,83,84,85,86,87,88,89,34,91,92,93,94,95,96,97,98,99,100,101,102,103,73,105,106,107,108,109,110,111,112,113,114,115,116,117,118,119,120,121,122,123,124,125,126,127,128,129,130,131,132,133,134,135,136,137,138,139,140,141,142,143,144,145,146,147,148,149,150,151,152,153,154,155,156,157,158,159,160,161,162,163,164,165,166,167,168,169,170,171,172,173,174,175,176,177,178,179,180,181,182,183,184,185,186,187,188,189,190,191,192,193,194,195,196,197,198,199];False
8338;9118;17456;[107,46,11,3,26,43,18,30,8,9,4,1,12,32,14,15,20,65,16,19,61,41,22,23,24,25,5,27,28,56,63,31,29,33,17,35,36,37,38,39,40,49,42,7,44,45,60,47,48,21,50,51,53,13,54,55,6,57,58,59,2,0,62,52,64,10,66,67,68,69,70,71,72,90,74,75,76,77,78,79,80,81,82,83,84,85,86,87,88,89,34,91,92,93,94,95,96,97,98,99,100,101,102,103,104,105,106,73,108,109,110,111,112,113,114,115,116,117,118,119,120,121,122,123,124,125,126,127,128,129,130,131,132,133,134,135,136,137,138,139,140,141,142,143,144,145,146,147,148,149,150,151,152,153,154,155,156,157,158,159,160,161,162,163,164,165,166,167,168,169,170,171,172,173,174,175,176,177,178,179,180,181,182,183,184,185,186,187,188,189,190,191,192,193,194,195,196,197,198,199];False
8465;9079;17544;[69,46,11,3,26,43,18,30,8,9,4,1,12,32,14,15,20,65,16,19,61,41,22,23,24,25,5,27,28,56,63,31,29,33,17,35,36,37,38,39,40,49,42,7,44,45,60,47,48,21,50,51,53,13,54,55,6,57,58,59,2,0,62,52,64,10,66,67,68,92,70,71,72,73,74,75,76,77,78,79,80,81,82,83,84,85,86,87,88,89,34,91,90,93,94,95,96,97,98,99,100,101,102,103,104,105,106,107,108,109,110,111,112,113,114,115,116,117,118,119,120,121,122,123,124,125,126,127,128,129,130,131,132,133,134,135,136,137,138,139,140,141,142,143,144,145,146,147,148,149,150,151,152,153,154,155,156,157,158,159,160,161,162,163,164,165,166,167,168,169,170,171,172,173,174,175,176,177,178,179,180,181,182,183,184,185,186,187,188,189,190,191,192,193,194,195,196,197,198,199];False
8377;9101;17478;[73,46,11,3,26,43,18,30,8,9,4,1,12,32,14,15,20,65,16,19,61,41,22,23,24,25,5,27,28,56,63,31,29,33,17,35,36,37,38,39,40,49,42,7,44,45,60,47,48,21,50,51,53,13,54,55,6,57,58,59,2,0,62,52,64,10,66,67,68,69,70,71,72,92,74,75,76,77,78,79,80,81,82,83,84,85,86,87,88,89,34,91,90,93,94,95,96,97,98,99,100,101,102,103,104,105,106,107,108,109,110,111,112,113,114,115,116,117,118,119,120,121,122,123,124,125,126,127,128,129,130,131,132,133,134,135,136,137,138,139,140,141,142,143,144,145,146,147,148,149,150,151,152,153,154,155,156,157,158,159,160,161,162,163,164,165,166,167,168,169,170,171,172,173,174,175,176,177,178,179,180,181,182,183,184,185,186,187,188,189,190,191,192,193,194,195,196,197,198,199];False
8372;9090;17462;[34,46,11,3,26,43,18,30,8,9,4,1,12,32,14,15,20,65,16,19,61,41,22,23,24,25,5,27,28,56,63,31,29,33,17,35,36,37,38,39,40,49,42,7,44,45,60,47,48,21,50,51,53,13,54,55,6,57,58,59,2,0,62,52,64,10,66,67,68,69,70,71,72,73,74,75,76,77,78,79,80,81,82,83,84,85,86,87,88,89,92,91,90,93,94,95,96,97,98,99,100,101,102,103,104,105,106,107,108,109,110,111,112,113,114,115,116,117,118,119,120,121,122,123,124,125,126,127,128,129,130,131,132,133,134,135,136,137,138,139,140,141,142,143,144,145,146,147,148,149,150,151,152,153,154,155,156,157,158,159,160,161,162,163,164,165,166,167,168,169,170,171,172,173,174,175,176,177,178,179,180,181,182,183,184,185,186,187,188,189,190,191,192,193,194,195,196,197,198,199];False
8362;9109;17471;[105,46,11,3,26,43,18,30,8,9,4,1,12,32,14,15,20,65,16,19,61,41,22,23,24,25,5,27,28,56,63,31,29,33,17,35,36,37,38,39,40,49,42,7,44,45,60,47,48,21,50,51,53,13,54,55,6,57,58,59,2,0,62,52,64,10,66,67,68,69,70,71,72,73,74,75,76,77,78,79,80,81,82,83,84,85,86,87,88,89,34,91,90,93,94,95,96,97,98,99,100,101,102,103,104,92,106,107,108,109,110,111,112,113,114,115,116,117,118,119,120,121,122,123,124,125,126,127,128,129,130,131,132,133,134,135,136,137,138,139,140,141,142,143,144,145,146,147,148,149,150,151,152,153,154,155,156,157,158,159,160,161,162,163,164,165,166,167,168,169,170,171,172,173,174,175,176,177,178,179,180,181,182,183,184,185,186,187,188,189,190,191,192,193,194,195,196,197,198,199];False
8374;9083;17457;[107,46,11,3,26,43,18,30,8,9,4,1,12,32,14,15,20,65,16,19,61,41,22,23,24,25,5,27,28,56,63,31,29,33,17,35,36,37,38,39,40,49,42,7,44,45,60,47,48,21,50,51,53,13,54,55,6,57,58,59,2,0,62,52,64,10,66,67,68,69,70,71,72,73,74,75,76,77,78,79,80,81,82,83,84,85,86,87,88,89,34,91,90,93,94,95,96,97,98,99,100,101,102,103,104,105,106,92,108,109,110,111,112,113,114,115,116,117,118,119,120,121,122,123,124,125,126,127,128,129,130,131,132,133,134,135,136,137,138,139,140,141,142,143,144,145,146,147,148,149,150,151,152,153,154,155,156,157,158,159,160,161,162,163,164,165,166,167,168,169,170,171,172,173,174,175,176,177,178,179,180,181,182,183,184,185,186,187,188,189,190,191,192,193,194,195,196,197,198,199];False
8171;9304;17475;[8,52,11,3,26,43,18,30,36,9,4,1,12,32,14,15,16,60,64,19,25,41,22,23,24,69,5,27,28,56,63,31,29,33,17,35,65,37,38,39,40,49,42,7,44,45,10,47,48,21,50,51,0,53,54,55,6,57,58,59,2,61,62,67,13,46,66,34,68,20,70,71,72,73,74,75,76,77,78,79,80,81,82,83,84,85,86,87,88,89,90,91,92,93,94,95,96,97,98,99,100,101,102,103,104,105,106,107,108,109,110,111,112,113,114,115,116,117,118,119,120,121,122,123,124,125,126,127,128,129,130,131,132,133,134,135,136,137,138,139,140,141,142,143,144,145,146,147,148,149,150,151,152,153,154,155,156,157,158,159,160,161,162,163,164,165,166,167,168,169,170,171,172,173,174,175,176,177,178,179,180,181,182,183,184,185,186,187,188,189,190,191,192,193,194,195,196,197,198,199];False
8164;9323;17487;[25,52,11,3,26,43,18,30,8,9,4,1,12,32,14,15,16,60,64,19,73,41,22,23,24,69,5,27,28,56,63,31,29,33,17,35,36,37,38,39,40,49,42,7,44,45,10,47,48,21,50,51,0,53,54,55,6,57,58,59,2,61,62,67,13,46,66,34,68,20,70,71,72,65,74,75,76,77,78,79,80,81,82,83,84,85,86,87,88,89,90,91,92,93,94,95,96,97,98,99,100,101,102,103,104,105,106,107,108,109,110,111,112,113,114,115,116,117,118,119,120,121,122,123,124,125,126,127,128,129,130,131,132,133,134,135,136,137,138,139,140,141,142,143,144,145,146,147,148,149,150,151,152,153,154,155,156,157,158,159,160,161,162,163,164,165,166,167,168,169,170,171,172,173,174,175,176,177,178,179,180,181,182,183,184,185,186,187,188,189,190,191,192,193,194,195,196,197,198,199];False
8189;9298;17487;[33,52,11,3,26,43,18,30,8,9,4,1,12,32,14,15,16,60,64,19,25,41,22,23,24,69,5,27,28,56,63,31,29,73,17,35,36,37,38,39,40,49,42,7,44,45,10,47,48,21,50,51,0,53,54,55,6,57,58,59,2,61,62,67,13,46,66,34,68,20,70,71,72,65,74,75,76,77,78,79,80,81,82,83,84,85,86,87,88,89,90,91,92,93,94,95,96,97,98,99,100,101,102,103,104,105,106,107,108,109,110,111,112,113,114,115,116,117,118,119,120,121,122,123,124,125,126,127,128,129,130,131,132,133,134,135,136,137,138,139,140,141,142,143,144,145,146,147,148,149,150,151,152,153,154,155,156,157,158,159,160,161,162,163,164,165,166,167,168,169,170,171,172,173,174,175,176,177,178,179,180,181,182,183,184,185,186,187,188,189,190,191,192,193,194,195,196,197,198,199];False
8138;9330;17468;[10,52,11,3,26,43,18,30,8,9,4,1,12,32,14,15,16,60,64,19,25,41,22,23,24,69,5,27,28,56,63,31,29,33,17,35,36,37,38,39,40,49,42,7,44,45,73,47,48,21,50,51,0,53,54,55,6,57,58,59,2,61,62,67,13,46,66,34,68,20,70,71,72,65,74,75,76,77,78,79,80,81,82,83,84,85,86,87,88,89,90,91,92,93,94,95,96,97,98,99,100,101,102,103,104,105,106,107,108,109,110,111,112,113,114,115,116,117,118,119,120,121,122,123,124,125,126,127,128,129,130,131,132,133,134,135,136,137,138,139,140,141,142,143,144,145,146,147,148,149,150,151,152,153,154,155,156,157,158,159,160,161,162,163,164,165,166,167,168,169,170,171,172,173,174,175,176,177,178,179,180,181,182,183,184,185,186,187,188,189,190,191,192,193,194,195,196,197,198,199];False
8146;9288;17434;[81,52,11,3,26,43,18,30,8,9,4,1,12,32,14,15,16,60,64,19,25,41,22,23,24,69,5,27,28,56,63,31,29,33,17,35,36,37,38,39,40,49,42,7,44,45,10,47,48,21,50,51,0,53,54,55,6,57,58,59,2,61,62,67,13,46,66,34,68,20,70,71,72,65,74,75,76,77,78,79,80,73,82,83,84,85,86,87,88,89,90,91,92,93,94,95,96,97,98,99,100,101,102,103,104,105,106,107,108,109,110,111,112,113,114,115,116,117,118,119,120,121,122,123,124,125,126,127,128,129,130,131,132,133,134,135,136,137,138,139,140,141,142,143,144,145,146,147,148,149,150,151,152,153,154,155,156,157,158,159,160,161,162,163,164,165,166,167,168,169,170,171,172,173,174,175,176,177,178,179,180,181,182,183,184,185,186,187,188,189,190,191,192,193,194,195,196,197,198,199];False
8126;9287;17413;[86,52,11,3,26,43,18,30,8,9,4,1,12,32,14,15,16,60,64,19,25,41,22,23,24,69,5,27,28,56,63,31,29,33,17,35,36,37,38,39,40,49,42,7,44,45,10,47,48,21,50,51,0,53,54,55,6,57,58,59,2,61,62,67,13,46,66,34,68,20,70,71,72,65,74,75,76,77,78,79,80,81,82,83,84,85,73,87,88,89,90,91,92,93,94,95,96,97,98,99,100,101,102,103,104,105,106,107,108,109,110,111,112,113,114,115,116,117,118,119,120,121,122,123,124,125,126,127,128,129,130,131,132,133,134,135,136,137,138,139,140,141,142,143,144,145,146,147,148,149,150,151,152,153,154,155,156,157,158,159,160,161,162,163,164,165,166,167,168,169,170,171,172,173,174,175,176,177,178,179,180,181,182,183,184,185,186,187,188,189,190,191,192,193,194,195,196,197,198,199];False
8055;9268;17323;[90,52,11,3,26,43,18,30,8,9,4,1,12,32,14,15,16,60,64,19,25,41,22,23,24,69,5,27,28,56,63,31,29,33,17,35,36,37,38,39,40,49,42,7,44,45,10,47,48,21,50,51,0,53,54,55,6,57,58,59,2,61,62,67,13,46,66,34,68,20,70,71,72,65,74,75,76,77,78,79,80,81,82,83,84,85,86,87,88,89,73,91,92,93,94,95,96,97,98,99,100,101,102,103,104,105,106,107,108,109,110,111,112,113,114,115,116,117,118,119,120,121,122,123,124,125,126,127,128,129,130,131,132,133,134,135,136,137,138,139,140,141,142,143,144,145,146,147,148,149,150,151,152,153,154,155,156,157,158,159,160,161,162,163,164,165,166,167,168,169,170,171,172,173,174,175,176,177,178,179,180,181,182,183,184,185,186,187,188,189,190,191,192,193,194,195,196,197,198,199];False
8563;9031;17594;[4,46,11,3,26,43,18,30,8,9,69,1,12,32,14,15,65,17,16,19,61,41,22,23,24,25,5,27,28,56,63,31,29,33,20,35,36,37,38,39,40,49,42,7,44,45,60,47,48,21,50,51,53,13,54,55,6,57,58,59,2,0,62,52,64,10,66,67,68,92,70,71,72,73,74,75,76,77,78,79,80,81,82,83,84,85,86,87,88,89,34,91,90,93,94,95,96,97,98,99,100,101,102,103,104,105,106,107,108,109,110,111,112,113,114,115,116,117,118,119,120,121,122,123,124,125,126,127,128,129,130,131,132,133,134,135,136,137,138,139,140,141,142,143,144,145,146,147,148,149,150,151,152,153,154,155,156,157,158,159,160,161,162,163,164,165,166,167,168,169,170,171,172,173,174,175,176,177,178,179,180,181,182,183,184,185,186,187,188,189,190,191,192,193,194,195,196,197,198,199];False
8454;9075;17529;[69,46,11,3,26,43,18,30,8,9,4,1,12,32,14,15,65,17,16,19,61,41,22,23,24,25,5,27,28,56,63,31,29,33,20,35,36,37,38,39,40,49,42,7,44,45,60,47,48,21,50,51,53,13,54,55,6,57,58,59,2,0,62,52,64,10,66,67,68,34,70,71,72,73,74,75,76,77,78,79,80,81,82,83,84,85,86,87,88,89,92,91,90,93,94,95,96,97,98,99,100,101,102,103,104,105,106,107,108,109,110,111,112,113,114,115,116,117,118,119,120,121,122,123,124,125,126,127,128,129,130,131,132,133,134,135,136,137,138,139,140,141,142,143,144,145,146,147,148,149,150,151,152,153,154,155,156,157,158,159,160,161,162,163,164,165,166,167,168,169,170,171,172,173,174,175,176,177,178,179,180,181,182,183,184,185,186,187,188,189,190,191,192,193,194,195,196,197,198,199];False
8427;9064;17491;[107,46,11,3,26,43,18,30,8,9,4,1,12,32,14,15,65,17,16,19,61,41,22,23,24,25,5,27,28,56,63,31,29,33,20,35,36,37,38,39,40,49,42,7,44,45,60,47,48,21,50,51,53,13,54,55,6,57,58,59,2,0,62,52,64,10,66,67,68,69,70,71,72,73,74,75,76,77,78,79,80,81,82,83,84,85,86,87,88,89,92,91,90,93,94,95,96,97,98,99,100,101,102,103,104,105,106,34,108,109,110,111,112,113,114,115,116,117,118,119,120,121,122,123,124,125,126,127,128,129,130,131,132,133,134,135,136,137,138,139,140,141,142,143,144,145,146,147,148,149,150,151,152,153,154,155,156,157,158,159,160,161,162,163,164,165,166,167,168,169,170,171,172,173,174,175,176,177,178,179,180,181,182,183,184,185,186,187,188,189,190,191,192,193,194,195,196,197,198,199];False
8413;9081;17494;[114,46,11,3,26,43,18,30,8,9,4,1,12,32,14,15,65,17,16,19,61,41,22,23,24,25,5,27,28,56,63,31,29,33,20,35,36,37,38,39,40,49,42,7,44,45,60,47,48,21,50,51,53,13,54,55,6,57,58,59,2,0,62,52,64,10,66,67,68,69,70,71,72,73,74,75,76,77,78,79,80,81,82,83,84,85,86,87,88,89,92,91,90,93,94,95,96,97,98,99,100,101,102,103,104,105,106,107,108,109,110,111,112,113,34,115,116,117,118,119,120,121,122,123,124,125,126,127,128,129,130,131,132,133,134,135,136,137,138,139,140,141,142,143,144,145,146,147,148,149,150,151,152,153,154,155,156,157,158,159,160,161,162,163,164,165,166,167,168,169,170,171,172,173,174,175,176,177,178,179,180,181,182,183,184,185,186,187,188,189,190,191,192,193,194,195,196,197,198,199];False
8466;9059;17525;[117,46,11,3,26,43,18,30,8,9,4,1,12,32,14,15,65,17,16,19,61,41,22,23,24,25,5,27,28,56,63,31,29,33,20,35,36,37,38,39,40,49,42,7,44,45,60,47,48,21,50,51,53,13,54,55,6,57,58,59,2,0,62,52,64,10,66,67,68,69,70,71,72,73,74,75,76,77,78,79,80,81,82,83,84,85,86,87,88,89,92,91,90,93,94,95,96,97,98,99,100,101,102,103,104,105,106,107,108,109,110,111,112,113,114,115,116,34,118,119,120,121,122,123,124,125,126,127,128,129,130,131,132,133,134,135,136,137,138,139,140,141,142,143,144,145,146,147,148,149,150,151,152,153,154,155,156,157,158,159,160,161,162,163,164,165,166,167,168,169,170,171,172,173,174,175,176,177,178,179,180,181,182,183,184,185,186,187,188,189,190,191,192,193,194,195,196,197,198,199];False
8559;9034;17593;[8,46,11,3,26,43,18,30,107,9,4,1,12,32,14,15,65,17,16,19,61,41,22,23,24,25,5,27,28,56,63,31,29,33,20,35,36,37,38,39,40,49,42,7,44,45,60,47,48,21,50,51,53,13,54,55,6,57,58,59,2,0,62,52,64,10,66,67,68,69,70,71,72,73,74,75,76,77,78,79,80,81,82,83,84,85,86,87,88,89,34,91,90,93,94,95,96,97,98,99,100,101,102,103,104,105,106,92,108,109,110,111,112,113,114,115,116,117,118,119,120,121,122,123,124,125,126,127,128,129,130,131,132,133,134,135,136,137,138,139,140,141,142,143,144,145,146,147,148,149,150,151,152,153,154,155,156,157,158,159,160,161,162,163,164,165,166,167,168,169,170,171,172,173,174,175,176,177,178,179,180,181,182,183,184,185,186,187,188,189,190,191,192,193,194,195,196,197,198,199];False
8467;9036;17503;[4,46,11,3,26,43,18,30,8,9,107,1,12,32,14,15,65,17,16,19,61,41,22,23,24,25,5,27,28,56,63,31,29,33,20,35,36,37,38,39,40,49,42,7,44,45,60,47,48,21,50,51,53,13,54,55,6,57,58,59,2,0,62,52,64,10,66,67,68,69,70,71,72,73,74,75,76,77,78,79,80,81,82,83,84,85,86,87,88,89,34,91,90,93,94,95,96,97,98,99,100,101,102,103,104,105,106,92,108,109,110,111,112,113,114,115,116,117,118,119,120,121,122,123,124,125,126,127,128,129,130,131,132,133,134,135,136,137,138,139,140,141,142,143,144,145,146,147,148,149,150,151,152,153,154,155,156,157,158,159,160,161,162,163,164,165,166,167,168,169,170,171,172,173,174,175,176,177,178,179,180,181,182,183,184,185,186,187,188,189,190,191,192,193,194,195,196,197,198,199];False
8215;9230;17445;[43,52,11,3,26,68,18,30,124,9,4,1,12,32,14,15,20,65,16,19,61,41,22,23,24,25,5,27,28,56,63,31,29,33,17,35,36,37,38,39,40,49,42,7,44,45,60,47,48,21,50,51,53,13,54,55,6,57,58,59,2,0,62,46,64,10,66,67,8,69,70,71,72,73,74,75,76,77,78,79,80,81,82,83,84,85,86,87,88,89,34,91,92,93,94,95,96,97,98,99,100,101,102,103,104,105,106,107,108,109,110,111,112,113,114,115,116,117,118,119,120,121,122,123,90,125,126,127,128,129,130,131,132,133,134,135,136,137,138,139,140,141,142,143,144,145,146,147,148,149,150,151,152,153,154,155,156,157,158,159,160,161,162,163,164,165,166,167,168,169,170,171,172,173,174,175,176,177,178,179,180,181,182,183,184,185,186,187,188,189,190,191,192,193,194,195,196,197,198,199];False
8209;9216;17425;[14,52,11,3,26,43,18,30,124,9,4,1,12,32,68,15,20,65,16,19,61,41,22,23,24,25,5,27,28,56,63,31,29,33,17,35,36,37,38,39,40,49,42,7,44,45,60,47,48,21,50,51,53,13,54,55,6,57,58,59,2,0,62,46,64,10,66,67,8,69,70,71,72,73,74,75,76,77,78,79,80,81,82,83,84,85,86,87,88,89,34,91,92,93,94,95,96,97,98,99,100,101,102,103,104,105,106,107,108,109,110,111,112,113,114,115,116,117,118,119,120,121,122,123,90,125,126,127,128,129,130,131,132,133,134,135,136,137,138,139,140,141,142,143,144,145,146,147,148,149,150,151,152,153,154,155,156,157,158,159,160,161,162,163,164,165,166,167,168,169,170,171,172,173,174,175,176,177,178,179,180,181,182,183,184,185,186,187,188,189,190,191,192,193,194,195,196,197,198,199];False
8159;9244;17403;[15,52,11,3,26,43,18,30,124,9,4,1,12,32,14,68,20,65,16,19,61,41,22,23,24,25,5,27,28,56,63,31,29,33,17,35,36,37,38,39,40,49,42,7,44,45,60,47,48,21,50,51,53,13,54,55,6,57,58,59,2,0,62,46,64,10,66,67,8,69,70,71,72,73,74,75,76,77,78,79,80,81,82,83,84,85,86,87,88,89,34,91,92,93,94,95,96,97,98,99,100,101,102,103,104,105,106,107,108,109,110,111,112,113,114,115,116,117,118,119,120,121,122,123,90,125,126,127,128,129,130,131,132,133,134,135,136,137,138,139,140,141,142,143,144,145,146,147,148,149,150,151,152,153,154,155,156,157,158,159,160,161,162,163,164,165,166,167,168,169,170,171,172,173,174,175,176,177,178,179,180,181,182,183,184,185,186,187,188,189,190,191,192,193,194,195,196,197,198,199];False
8208;9203;17411;[5,52,11,3,26,43,18,30,124,9,4,1,12,32,14,15,20,65,16,19,61,41,22,23,24,25,68,27,28,56,63,31,29,33,17,35,36,37,38,39,40,49,42,7,44,45,60,47,48,21,50,51,53,13,54,55,6,57,58,59,2,0,62,46,64,10,66,67,8,69,70,71,72,73,74,75,76,77,78,79,80,81,82,83,84,85,86,87,88,89,34,91,92,93,94,95,96,97,98,99,100,101,102,103,104,105,106,107,108,109,110,111,112,113,114,115,116,117,118,119,120,121,122,123,90,125,126,127,128,129,130,131,132,133,134,135,136,137,138,139,140,141,142,143,144,145,146,147,148,149,150,151,152,153,154,155,156,157,158,159,160,161,162,163,164,165,166,167,168,169,170,171,172,173,174,175,176,177,178,179,180,181,182,183,184,185,186,187,188,189,190,191,192,193,194,195,196,197,198,199];False
8203;9222;17425;[33,52,11,3,26,43,18,30,124,9,4,1,12,32,14,15,20,65,16,19,61,41,22,23,24,25,5,27,28,56,63,31,29,68,17,35,36,37,38,39,40,49,42,7,44,45,60,47,48,21,50,51,53,13,54,55,6,57,58,59,2,0,62,46,64,10,66,67,8,69,70,71,72,73,74,75,76,77,78,79,80,81,82,83,84,85,86,87,88,89,34,91,92,93,94,95,96,97,98,99,100,101,102,103,104,105,106,107,108,109,110,111,112,113,114,115,116,117,118,119,120,121,122,123,90,125,126,127,128,129,130,131,132,133,134,135,136,137,138,139,140,141,142,143,144,145,146,147,148,149,150,151,152,153,154,155,156,157,158,159,160,161,162,163,164,165,166,167,168,169,170,171,172,173,174,175,176,177,178,179,180,181,182,183,184,185,186,187,188,189,190,191,192,193,194,195,196,197,198,199];False
8216;9186;17402;[30,52,11,3,26,43,18,69,8,9,4,1,12,32,14,15,124,65,16,19,61,41,22,23,24,25,5,27,28,56,63,31,29,33,17,35,36,37,38,39,40,49,42,7,44,45,60,47,48,21,50,51,53,13,54,55,6,57,58,59,2,0,62,46,64,10,66,67,68,20,70,71,72,73,74,75,76,77,78,79,80,81,82,83,84,85,86,87,88,89,34,91,92,93,94,95,96,97,98,99,100,101,102,103,104,105,106,107,108,109,110,111,112,113,114,115,116,117,118,119,120,121,122,123,90,125,126,127,128,129,130,131,132,133,134,135,136,137,138,139,140,141,142,143,144,145,146,147,148,149,150,151,152,153,154,155,156,157,158,159,160,161,162,163,164,165,166,167,168,169,170,171,172,173,174,175,176,177,178,179,180,181,182,183,184,185,186,187,188,189,190,191,192,193,194,195,196,197,198,199];False
8261;9152;17413;[4,52,11,3,26,43,18,30,8,9,69,1,12,32,14,15,124,65,16,19,61,41,22,23,24,25,5,27,28,56,63,31,29,33,17,35,36,37,38,39,40,49,42,7,44,45,60,47,48,21,50,51,53,13,54,55,6,57,58,59,2,0,62,46,64,10,66,67,68,20,70,71,72,73,74,75,76,77,78,79,80,81,82,83,84,85,86,87,88,89,34,91,92,93,94,95,96,97,98,99,100,101,102,103,104,105,106,107,108,109,110,111,112,113,114,115,116,117,118,119,120,121,122,123,90,125,126,127,128,129,130,131,132,133,134,135,136,137,138,139,140,141,142,143,144,145,146,147,148,149,150,151,152,153,154,155,156,157,158,159,160,161,162,163,164,165,166,167,168,169,170,171,172,173,174,175,176,177,178,179,180,181,182,183,184,185,186,187,188,189,190,191,192,193,194,195,196,197,198,199];False
8198;9178;17376;[14,52,11,3,26,43,18,30,8,9,4,1,12,32,69,15,124,65,16,19,61,41,22,23,24,25,5,27,28,56,63,31,29,33,17,35,36,37,38,39,40,49,42,7,44,45,60,47,48,21,50,51,53,13,54,55,6,57,58,59,2,0,62,46,64,10,66,67,68,20,70,71,72,73,74,75,76,77,78,79,80,81,82,83,84,85,86,87,88,89,34,91,92,93,94,95,96,97,98,99,100,101,102,103,104,105,106,107,108,109,110,111,112,113,114,115,116,117,118,119,120,121,122,123,90,125,126,127,128,129,130,131,132,133,134,135,136,137,138,139,140,141,142,143,144,145,146,147,148,149,150,151,152,153,154,155,156,157,158,159,160,161,162,163,164,165,166,167,168,169,170,171,172,173,174,175,176,177,178,179,180,181,182,183,184,185,186,187,188,189,190,191,192,193,194,195,196,197,198,199];False
8172;9196;17368;[61,52,11,3,26,43,18,30,8,9,4,1,12,32,14,15,124,65,16,19,69,41,22,23,24,25,5,27,28,56,63,31,29,33,17,35,36,37,38,39,40,49,42,7,44,45,60,47,48,21,50,51,53,13,54,55,6,57,58,59,2,0,62,46,64,10,66,67,68,20,70,71,72,73,74,75,76,77,78,79,80,81,82,83,84,85,86,87,88,89,34,91,92,93,94,95,96,97,98,99,100,101,102,103,104,105,106,107,108,109,110,111,112,113,114,115,116,117,118,119,120,121,122,123,90,125,126,127,128,129,130,131,132,133,134,135,136,137,138,139,140,141,142,143,144,145,146,147,148,149,150,151,152,153,154,155,156,157,158,159,160,161,162,163,164,165,166,167,168,169,170,171,172,173,174,175,176,177,178,179,180,181,182,183,184,185,186,187,188,189,190,191,192,193,194,195,196,197,198,199];False
8114;9168;17282;[25,52,11,3,26,43,18,30,8,9,4,1,12,32,14,15,124,65,16,19,61,41,22,23,24,69,5,27,28,56,63,31,29,33,17,35,36,37,38,39,40,49,42,7,44,45,60,47,48,21,50,51,53,13,54,55,6,57,58,59,2,0,62,46,64,10,66,67,68,20,70,71,72,73,74,75,76,77,78,79,80,81,82,83,84,85,86,87,88,89,34,91,92,93,94,95,96,97,98,99,100,101,102,103,104,105,106,107,108,109,110,111,112,113,114,115,116,117,118,119,120,121,122,123,90,125,126,127,128,129,130,131,132,133,134,135,136,137,138,139,140,141,142,143,144,145,146,147,148,149,150,151,152,153,154,155,156,157,158,159,160,161,162,163,164,165,166,167,168,169,170,171,172,173,174,175,176,177,178,179,180,181,182,183,184,185,186,187,188,189,190,191,192,193,194,195,196,197,198,199];False
8311;9144;17455;[29,46,11,3,26,43,18,30,8,9,4,1,12,32,14,15,20,65,16,19,61,41,22,23,24,25,5,27,28,56,63,31,92,33,17,35,36,37,38,39,40,49,42,7,44,45,60,47,48,21,50,51,53,13,54,55,6,57,58,59,2,0,62,52,64,10,66,67,68,69,70,71,72,90,74,75,76,77,78,79,80,81,82,83,84,85,86,87,88,89,34,91,73,93,94,95,96,97,98,99,100,101,102,103,104,105,106,107,108,109,110,111,112,113,114,115,116,117,118,119,120,121,122,123,124,125,126,127,128,129,130,131,132,133,134,135,136,137,138,139,140,141,142,143,144,145,146,147,148,149,150,151,152,153,154,155,156,157,158,159,160,161,162,163,164,165,166,167,168,169,170,171,172,173,174,175,176,177,178,179,180,181,182,183,184,185,186,187,188,189,190,191,192,193,194,195,196,197,198,199];False
8352;9116;17468;[69,46,11,3,26,43,18,30,8,9,4,1,12,32,14,15,20,65,16,19,61,41,22,23,24,25,5,27,28,56,63,31,29,33,17,35,36,37,38,39,40,49,42,7,44,45,60,47,48,21,50,51,53,13,54,55,6,57,58,59,2,0,62,52,64,10,66,67,68,92,70,71,72,90,74,75,76,77,78,79,80,81,82,83,84,85,86,87,88,89,34,91,73,93,94,95,96,97,98,99,100,101,102,103,104,105,106,107,108,109,110,111,112,113,114,115,116,117,118,119,120,121,122,123,124,125,126,127,128,129,130,131,132,133,134,135,136,137,138,139,140,141,142,143,144,145,146,147,148,149,150,151,152,153,154,155,156,157,158,159,160,161,162,163,164,165,166,167,168,169,170,171,172,173,174,175,176,177,178,179,180,181,182,183,184,185,186,187,188,189,190,191,192,193,194,195,196,197,198,199];False
8308;9149;17457;[86,46,11,3,26,43,18,30,8,9,4,1,12,32,14,15,20,65,16,19,61,41,22,23,24,25,5,27,28,56,63,31,29,33,17,35,36,37,38,39,40,49,42,7,44,45,60,47,48,21,50,51,53,13,54,55,6,57,58,59,2,0,62,52,64,10,66,67,68,69,70,71,72,90,74,75,76,77,78,79,80,81,82,83,84,85,92,87,88,89,34,91,73,93,94,95,96,97,98,99,100,101,102,103,104,105,106,107,108,109,110,111,112,113,114,115,116,117,118,119,120,121,122,123,124,125,126,127,128,129,130,131,132,133,134,135,136,137,138,139,140,141,142,143,144,145,146,147,148,149,150,151,152,153,154,155,156,157,158,159,160,161,162,163,164,165,166,167,168,169,170,171,172,173,174,175,176,177,178,179,180,181,182,183,184,185,186,187,188,189,190,191,192,193,194,195,196,197,198,199];False
8259;9127;17386;[34,46,11,3,26,43,18,30,8,9,4,1,12,32,14,15,20,65,16,19,61,41,22,23,24,25,5,27,28,56,63,31,29,33,17,35,36,37,38,39,40,49,42,7,44,45,60,47,48,21,50,51,53,13,54,55,6,57,58,59,2,0,62,52,64,10,66,67,68,69,70,71,72,90,74,75,76,77,78,79,80,81,82,83,84,85,86,87,88,89,92,91,73,93,94,95,96,97,98,99,100,101,102,103,104,105,106,107,108,109,110,111,112,113,114,115,116,117,118,119,120,121,122,123,124,125,126,127,128,129,130,131,132,133,134,135,136,137,138,139,140,141,142,143,144,145,146,147,148,149,150,151,152,153,154,155,156,157,158,159,160,161,162,163,164,165,166,167,168,169,170,171,172,173,174,175,176,177,178,179,180,181,182,183,184,185,186,187,188,189,190,191,192,193,194,195,196,197,198,199];False
8267;9120;17387;[93,46,11,3,26,43,18,30,8,9,4,1,12,32,14,15,20,65,16,19,61,41,22,23,24,25,5,27,28,56,63,31,29,33,17,35,36,37,38,39,40,49,42,7,44,45,60,47,48,21,50,51,53,13,54,55,6,57,58,59,2,0,62,52,64,10,66,67,68,69,70,71,72,90,74,75,76,77,78,79,80,81,82,83,84,85,86,87,88,89,34,91,73,92,94,95,96,97,98,99,100,101,102,103,104,105,106,107,108,109,110,111,112,113,114,115,116,117,118,119,120,121,122,123,124,125,126,127,128,129,130,131,132,133,134,135,136,137,138,139,140,141,142,143,144,145,146,147,148,149,150,151,152,153,154,155,156,157,158,159,160,161,162,163,164,165,166,167,168,169,170,171,172,173,174,175,176,177,178,179,180,181,182,183,184,185,186,187,188,189,190,191,192,193,194,195,196,197,198,199];False
8328;9098;17426;[4,46,11,3,26,43,18,30,8,9,107,1,12,32,14,15,20,65,16,19,61,41,22,23,24,25,5,27,28,56,63,31,29,33,17,35,36,37,38,39,40,49,42,7,44,45,60,47,48,21,50,51,53,13,54,55,6,57,58,59,2,0,62,52,64,10,66,67,68,69,70,71,72,90,74,75,76,77,78,79,80,81,82,83,84,85,86,87,88,89,34,91,92,93,94,95,96,97,98,99,100,101,102,103,104,105,106,73,108,109,110,111,112,113,114,115,116,117,118,119,120,121,122,123,124,125,126,127,128,129,130,131,132,133,134,135,136,137,138,139,140,141,142,143,144,145,146,147,148,149,150,151,152,153,154,155,156,157,158,159,160,161,162,163,164,165,166,167,168,169,170,171,172,173,174,175,176,177,178,179,180,181,182,183,184,185,186,187,188,189,190,191,192,193,194,195,196,197,198,199];False
8242;9157;17399;[85,46,11,3,26,43,18,30,8,9,4,1,12,32,14,15,20,65,16,19,61,41,22,23,24,25,5,27,28,56,63,31,29,33,17,35,36,37,38,39,40,49,42,7,44,45,60,47,48,21,50,51,53,13,54,55,6,57,58,59,2,0,62,52,64,10,66,67,68,69,70,71,72,73,74,75,76,77,78,79,80,81,82,83,84,34,86,87,88,89,92,91,90,93,94,95,96,97,98,99,100,101,102,103,104,105,106,107,108,109,110,111,112,113,114,115,116,117,118,119,120,121,122,123,124,125,126,127,128,129,130,131,132,133,134,135,136,137,138,139,140,141,142,143,144,145,146,147,148,149,150,151,152,153,154,155,156,157,158,159,160,161,162,163,164,165,166,167,168,169,170,171,172,173,174,175,176,177,178,179,180,181,182,183,184,185,186,187,188,189,190,191,192,193,194,195,196,197,198,199];False
8237;9144;17381;[93,46,11,3,26,43,18,30,8,9,4,1,12,32,14,15,20,65,16,19,61,41,22,23,24,25,5,27,28,56,63,31,29,33,17,35,36,37,38,39,40,49,42,7,44,45,60,47,48,21,50,51,53,13,54,55,6,57,58,59,2,0,62,52,64,10,66,67,68,69,70,71,72,73,74,75,76,77,78,79,80,81,82,83,84,85,86,87,88,89,92,91,90,34,94,95,96,97,98,99,100,101,102,103,104,105,106,107,108,109,110,111,112,113,114,115,116,117,118,119,120,121,122,123,124,125,126,127,128,129,130,131,132,133,134,135,136,137,138,139,140,141,142,143,144,145,146,147,148,149,150,151,152,153,154,155,156,157,158,159,160,161,162,163,164,165,166,167,168,169,170,171,172,173,174,175,176,177,178,179,180,181,182,183,184,185,186,187,188,189,190,191,192,193,194,195,196,197,198,199];False
8316;9118;17434;[94,46,11,3,26,43,18,30,8,9,4,1,12,32,14,15,20,65,16,19,61,41,22,23,24,25,5,27,28,56,63,31,29,33,17,35,36,37,38,39,40,49,42,7,44,45,60,47,48,21,50,51,53,13,54,55,6,57,58,59,2,0,62,52,64,10,66,67,68,69,70,71,72,73,74,75,76,77,78,79,80,81,82,83,84,85,86,87,88,89,92,91,90,93,34,95,96,97,98,99,100,101,102,103,104,105,106,107,108,109,110,111,112,113,114,115,116,117,118,119,120,121,122,123,124,125,126,127,128,129,130,131,132,133,134,135,136,137,138,139,140,141,142,143,144,145,146,147,148,149,150,151,152,153,154,155,156,157,158,159,160,161,162,163,164,165,166,167,168,169,170,171,172,173,174,175,176,177,178,179,180,181,182,183,184,185,186,187,188,189,190,191,192,193,194,195,196,197,198,199];False
8324;9091;17415;[107,46,11,3,26,43,18,30,8,9,4,1,12,32,14,15,20,65,16,19,61,41,22,23,24,25,5,27,28,56,63,31,29,33,17,35,36,37,38,39,40,49,42,7,44,45,60,47,48,21,50,51,53,13,54,55,6,57,58,59,2,0,62,52,64,10,66,67,68,69,70,71,72,73,74,75,76,77,78,79,80,81,82,83,84,85,86,87,88,89,92,91,90,93,94,95,96,97,98,99,100,101,102,103,104,105,106,34,108,109,110,111,112,113,114,115,116,117,118,119,120,121,122,123,124,125,126,127,128,129,130,131,132,133,134,135,136,137,138,139,140,141,142,143,144,145,146,147,148,149,150,151,152,153,154,155,156,157,158,159,160,161,162,163,164,165,166,167,168,169,170,171,172,173,174,175,176,177,178,179,180,181,182,183,184,185,186,187,188,189,190,191,192,193,194,195,196,197,198,199];False
8310;9108;17418;[114,46,11,3,26,43,18,30,8,9,4,1,12,32,14,15,20,65,16,19,61,41,22,23,24,25,5,27,28,56,63,31,29,33,17,35,36,37,38,39,40,49,42,7,44,45,60,47,48,21,50,51,53,13,54,55,6,57,58,59,2,0,62,52,64,10,66,67,68,69,70,71,72,73,74,75,76,77,78,79,80,81,82,83,84,85,86,87,88,89,92,91,90,93,94,95,96,97,98,99,100,101,102,103,104,105,106,107,108,109,110,111,112,113,34,115,116,117,118,119,120,121,122,123,124,125,126,127,128,129,130,131,132,133,134,135,136,137,138,139,140,141,142,143,144,145,146,147,148,149,150,151,152,153,154,155,156,157,158,159,160,161,162,163,164,165,166,167,168,169,170,171,172,173,174,175,176,177,178,179,180,181,182,183,184,185,186,187,188,189,190,191,192,193,194,195,196,197,198,199];False
8363;9086;17449;[117,46,11,3,26,43,18,30,8,9,4,1,12,32,14,15,20,65,16,19,61,41,22,23,24,25,5,27,28,56,63,31,29,33,17,35,36,37,38,39,40,49,42,7,44,45,60,47,48,21,50,51,53,13,54,55,6,57,58,59,2,0,62,52,64,10,66,67,68,69,70,71,72,73,74,75,76,77,78,79,80,81,82,83,84,85,86,87,88,89,92,91,90,93,94,95,96,97,98,99,100,101,102,103,104,105,106,107,108,109,110,111,112,113,114,115,116,34,118,119,120,121,122,123,124,125,126,127,128,129,130,131,132,133,134,135,136,137,138,139,140,141,142,143,144,145,146,147,148,149,150,151,152,153,154,155,156,157,158,159,160,161,162,163,164,165,166,167,168,169,170,171,172,173,174,175,176,177,178,179,180,181,182,183,184,185,186,187,188,189,190,191,192,193,194,195,196,197,198,199];False
8456;9061;17517;[8,46,11,3,26,43,18,30,107,9,4,1,12,32,14,15,20,65,16,19,61,41,22,23,24,25,5,27,28,56,63,31,29,33,17,35,36,37,38,39,40,49,42,7,44,45,60,47,48,21,50,51,53,13,54,55,6,57,58,59,2,0,62,52,64,10,66,67,68,69,70,71,72,73,74,75,76,77,78,79,80,81,82,83,84,85,86,87,88,89,34,91,90,93,94,95,96,97,98,99,100,101,102,103,104,105,106,92,108,109,110,111,112,113,114,115,116,117,118,119,120,121,122,123,124,125,126,127,128,129,130,131,132,133,134,135,136,137,138,139,140,141,142,143,144,145,146,147,148,149,150,151,152,153,154,155,156,157,158,159,160,161,162,163,164,165,166,167,168,169,170,171,172,173,174,175,176,177,178,179,180,181,182,183,184,185,186,187,188,189,190,191,192,193,194,195,196,197,198,199];False
8364;9063;17427;[4,46,11,3,26,43,18,30,8,9,107,1,12,32,14,15,20,65,16,19,61,41,22,23,24,25,5,27,28,56,63,31,29,33,17,35,36,37,38,39,40,49,42,7,44,45,60,47,48,21,50,51,53,13,54,55,6,57,58,59,2,0,62,52,64,10,66,67,68,69,70,71,72,73,74,75,76,77,78,79,80,81,82,83,84,85,86,87,88,89,34,91,90,93,94,95,96,97,98,99,100,101,102,103,104,105,106,92,108,109,110,111,112,113,114,115,116,117,118,119,120,121,122,123,124,125,126,127,128,129,130,131,132,133,134,135,136,137,138,139,140,141,142,143,144,145,146,147,148,149,150,151,152,153,154,155,156,157,158,159,160,161,162,163,164,165,166,167,168,169,170,171,172,173,174,175,176,177,178,179,180,181,182,183,184,185,186,187,188,189,190,191,192,193,194,195,196,197,198,199];False
8046;9301;17347;[25,52,11,3,26,43,18,30,8,9,4,1,12,32,14,15,16,60,64,19,90,41,22,23,24,69,5,27,28,56,63,31,29,33,17,35,36,37,38,39,40,49,42,7,44,45,10,47,48,21,50,51,0,53,54,55,6,57,58,59,2,61,62,67,13,46,66,34,68,20,70,71,72,65,74,75,76,77,78,79,80,81,82,83,84,85,86,87,88,89,73,91,92,93,94,95,96,97,98,99,100,101,102,103,104,105,106,107,108,109,110,111,112,113,114,115,116,117,118,119,120,121,122,123,124,125,126,127,128,129,130,131,132,133,134,135,136,137,138,139,140,141,142,143,144,145,146,147,148,149,150,151,152,153,154,155,156,157,158,159,160,161,162,163,164,165,166,167,168,169,170,171,172,173,174,175,176,177,178,179,180,181,182,183,184,185,186,187,188,189,190,191,192,193,194,195,196,197,198,199];False
8040;9290;17330;[54,52,11,3,26,43,18,30,8,9,4,1,12,32,14,15,16,60,64,19,25,41,22,23,24,69,5,27,28,56,63,31,29,33,17,35,36,37,38,39,40,49,42,7,44,45,10,47,48,21,50,51,0,53,90,55,6,57,58,59,2,61,62,67,13,46,66,34,68,20,70,71,72,65,74,75,76,77,78,79,80,81,82,83,84,85,86,87,88,89,73,91,92,93,94,95,96,97,98,99,100,101,102,103,104,105,106,107,108,109,110,111,112,113,114,115,116,117,118,119,120,121,122,123,124,125,126,127,128,129,130,131,132,133,134,135,136,137,138,139,140,141,142,143,144,145,146,147,148,149,150,151,152,153,154,155,156,157,158,159,160,161,162,163,164,165,166,167,168,169,170,171,172,173,174,175,176,177,178,179,180,181,182,183,184,185,186,187,188,189,190,191,192,193,194,195,196,197,198,199];False
8010;9303;17313;[76,52,11,3,26,43,18,30,8,9,4,1,12,32,14,15,16,60,64,19,25,41,22,23,24,69,5,27,28,56,63,31,29,33,17,35,36,37,38,39,40,49,42,7,44,45,10,47,48,21,50,51,0,53,54,55,6,57,58,59,2,61,62,67,13,46,66,34,68,20,70,71,72,65,74,75,90,77,78,79,80,81,82,83,84,85,86,87,88,89,73,91,92,93,94,95,96,97,98,99,100,101,102,103,104,105,106,107,108,109,110,111,112,113,114,115,116,117,118,119,120,121,122,123,124,125,126,127,128,129,130,131,132,133,134,135,136,137,138,139,140,141,142,143,144,145,146,147,148,149,150,151,152,153,154,155,156,157,158,159,160,161,162,163,164,165,166,167,168,169,170,171,172,173,174,175,176,177,178,179,180,181,182,183,184,185,186,187,188,189,190,191,192,193,194,195,196,197,198,199];False
8073;9253;17326;[92,52,11,3,26,43,18,30,8,9,4,1,12,32,14,15,16,60,64,19,25,41,22,23,24,69,5,27,28,56,63,31,29,33,17,35,36,37,38,39,40,49,42,7,44,45,10,47,48,21,50,51,0,53,54,55,6,57,58,59,2,61,62,67,13,46,66,34,68,20,70,71,72,65,74,75,76,77,78,79,80,81,82,83,84,85,86,87,88,89,73,91,90,93,94,95,96,97,98,99,100,101,102,103,104,105,106,107,108,109,110,111,112,113,114,115,116,117,118,119,120,121,122,123,124,125,126,127,128,129,130,131,132,133,134,135,136,137,138,139,140,141,142,143,144,145,146,147,148,149,150,151,152,153,154,155,156,157,158,159,160,161,162,163,164,165,166,167,168,169,170,171,172,173,174,175,176,177,178,179,180,181,182,183,184,185,186,187,188,189,190,191,192,193,194,195,196,197,198,199];False
8008;9295;17303;[93,52,11,3,26,43,18,30,8,9,4,1,12,32,14,15,16,60,64,19,25,41,22,23,24,69,5,27,28,56,63,31,29,33,17,35,36,37,38,39,40,49,42,7,44,45,10,47,48,21,50,51,0,53,54,55,6,57,58,59,2,61,62,67,13,46,66,34,68,20,70,71,72,65,74,75,76,77,78,79,80,81,82,83,84,85,86,87,88,89,73,91,92,90,94,95,96,97,98,99,100,101,102,103,104,105,106,107,108,109,110,111,112,113,114,115,116,117,118,119,120,121,122,123,124,125,126,127,128,129,130,131,132,133,134,135,136,137,138,139,140,141,142,143,144,145,146,147,148,149,150,151,152,153,154,155,156,157,158,159,160,161,162,163,164,165,166,167,168,169,170,171,172,173,174,175,176,177,178,179,180,181,182,183,184,185,186,187,188,189,190,191,192,193,194,195,196,197,198,199];False
8018;9283;17301;[94,52,11,3,26,43,18,30,8,9,4,1,12,32,14,15,16,60,64,19,25,41,22,23,24,69,5,27,28,56,63,31,29,33,17,35,36,37,38,39,40,49,42,7,44,45,10,47,48,21,50,51,0,53,54,55,6,57,58,59,2,61,62,67,13,46,66,34,68,20,70,71,72,65,74,75,76,77,78,79,80,81,82,83,84,85,86,87,88,89,73,91,92,93,90,95,96,97,98,99,100,101,102,103,104,105,106,107,108,109,110,111,112,113,114,115,116,117,118,119,120,121,122,123,124,125,126,127,128,129,130,131,132,133,134,135,136,137,138,139,140,141,142,143,144,145,146,147,148,149,150,151,152,153,154,155,156,157,158,159,160,161,162,163,164,165,166,167,168,169,170,171,172,173,174,175,176,177,178,179,180,181,182,183,184,185,186,187,188,189,190,191,192,193,194,195,196,197,198,199];False
7957;9303;17260;[124,52,11,3,26,43,18,30,8,9,4,1,12,32,14,15,16,60,64,19,25,41,22,23,24,69,5,27,28,56,63,31,29,33,17,35,36,37,38,39,40,49,42,7,44,45,10,47,48,21,50,51,0,53,54,55,6,57,58,59,2,61,62,67,13,46,66,34,68,20,70,71,72,65,74,75,76,77,78,79,80,81,82,83,84,85,86,87,88,89,73,91,92,93,94,95,96,97,98,99,100,101,102,103,104,105,106,107,108,109,110,111,112,113,114,115,116,117,118,119,120,121,122,123,90,125,126,127,128,129,130,131,132,133,134,135,136,137,138,139,140,141,142,143,144,145,146,147,148,149,150,151,152,153,154,155,156,157,158,159,160,161,162,163,164,165,166,167,168,169,170,171,172,173,174,175,176,177,178,179,180,181,182,183,184,185,186,187,188,189,190,191,192,193,194,195,196,197,198,199];False
7980;9293;17273;[149,52,11,3,26,43,18,30,8,9,4,1,12,32,14,15,16,60,64,19,25,41,22,23,24,69,5,27,28,56,63,31,29,33,17,35,36,37,38,39,40,49,42,7,44,45,10,47,48,21,50,51,0,53,54,55,6,57,58,59,2,61,62,67,13,46,66,34,68,20,70,71,72,65,74,75,76,77,78,79,80,81,82,83,84,85,86,87,88,89,73,91,92,93,94,95,96,97,98,99,100,101,102,103,104,105,106,107,108,109,110,111,112,113,114,115,116,117,118,119,120,121,122,123,124,125,126,127,128,129,130,131,132,133,134,135,136,137,138,139,140,141,142,143,144,145,146,147,148,90,150,151,152,153,154,155,156,157,158,159,160,161,162,163,164,165,166,167,168,169,170,171,172,173,174,175,176,177,178,179,180,181,182,183,184,185,186,187,188,189,190,191,192,193,194,195,196,197,198,199];False
7989;9290;17279;[154,52,11,3,26,43,18,30,8,9,4,1,12,32,14,15,16,60,64,19,25,41,22,23,24,69,5,27,28,56,63,31,29,33,17,35,36,37,38,39,40,49,42,7,44,45,10,47,48,21,50,51,0,53,54,55,6,57,58,59,2,61,62,67,13,46,66,34,68,20,70,71,72,65,74,75,76,77,78,79,80,81,82,83,84,85,86,87,88,89,73,91,92,93,94,95,96,97,98,99,100,101,102,103,104,105,106,107,108,109,110,111,112,113,114,115,116,117,118,119,120,121,122,123,124,125,126,127,128,129,130,131,132,133,134,135,136,137,138,139,140,141,142,143,144,145,146,147,148,149,150,151,152,153,90,155,156,157,158,159,160,161,162,163,164,165,166,167,168,169,170,171,172,173,174,175,176,177,178,179,180,181,182,183,184,185,186,187,188,189,190,191,192,193,194,195,196,197,198,199];False
8069;9251;17320;[90,77,11,3,26,43,18,30,8,9,4,1,12,32,14,15,16,60,64,19,25,41,22,23,24,69,5,27,28,56,63,31,29,33,17,35,36,37,38,39,40,49,42,7,44,45,10,47,48,21,50,51,0,53,54,55,6,57,58,59,2,61,62,67,13,46,66,34,68,20,70,71,72,65,74,75,76,52,78,79,80,81,82,83,84,85,86,87,88,89,73,91,92,93,94,95,96,97,98,99,100,101,102,103,104,105,106,107,108,109,110,111,112,113,114,115,116,117,118,119,120,121,122,123,124,125,126,127,128,129,130,131,132,133,134,135,136,137,138,139,140,141,142,143,144,145,146,147,148,149,150,151,152,153,154,155,156,157,158,159,160,161,162,163,164,165,166,167,168,169,170,171,172,173,174,175,176,177,178,179,180,181,182,183,184,185,186,187,188,189,190,191,192,193,194,195,196,197,198,199];False
8035;9260;17295;[90,80,11,3,26,43,18,30,8,9,4,1,12,32,14,15,16,60,64,19,25,41,22,23,24,69,5,27,28,56,63,31,29,33,17,35,36,37,38,39,40,49,42,7,44,45,10,47,48,21,50,51,0,53,54,55,6,57,58,59,2,61,62,67,13,46,66,34,68,20,70,71,72,65,74,75,76,77,78,79,52,81,82,83,84,85,86,87,88,89,73,91,92,93,94,95,96,97,98,99,100,101,102,103,104,105,106,107,108,109,110,111,112,113,114,115,116,117,118,119,120,121,122,123,124,125,126,127,128,129,130,131,132,133,134,135,136,137,138,139,140,141,142,143,144,145,146,147,148,149,150,151,152,153,154,155,156,157,158,159,160,161,162,163,164,165,166,167,168,169,170,171,172,173,174,175,176,177,178,179,180,181,182,183,184,185,186,187,188,189,190,191,192,193,194,195,196,197,198,199];False
8641;9027;17668;[16,46,11,3,26,43,18,30,8,9,69,1,12,32,14,15,65,17,4,19,61,41,22,23,24,25,5,27,28,56,63,31,29,33,20,35,36,37,38,39,40,49,42,7,44,45,60,47,48,21,50,51,53,13,54,55,6,57,58,59,2,0,62,52,64,10,66,67,68,92,70,71,72,73,74,75,76,77,78,79,80,81,82,83,84,85,86,87,88,89,34,91,90,93,94,95,96,97,98,99,100,101,102,103,104,105,106,107,108,109,110,111,112,113,114,115,116,117,118,119,120,121,122,123,124,125,126,127,128,129,130,131,132,133,134,135,136,137,138,139,140,141,142,143,144,145,146,147,148,149,150,151,152,153,154,155,156,157,158,159,160,161,162,163,164,165,166,167,168,169,170,171,172,173,174,175,176,177,178,179,180,181,182,183,184,185,186,187,188,189,190,191,192,193,194,195,196,197,198,199];False
8707;9019;17726;[82,46,11,3,26,43,18,30,8,9,69,1,12,32,14,15,65,17,16,19,61,41,22,23,24,25,5,27,28,56,63,31,29,33,20,35,36,37,38,39,40,49,42,7,44,45,60,47,48,21,50,51,53,13,54,55,6,57,58,59,2,0,62,52,64,10,66,67,68,92,70,71,72,73,74,75,76,77,78,79,80,81,4,83,84,85,86,87,88,89,34,91,90,93,94,95,96,97,98,99,100,101,102,103,104,105,106,107,108,109,110,111,112,113,114,115,116,117,118,119,120,121,122,123,124,125,126,127,128,129,130,131,132,133,134,135,136,137,138,139,140,141,142,143,144,145,146,147,148,149,150,151,152,153,154,155,156,157,158,159,160,161,162,163,164,165,166,167,168,169,170,171,172,173,174,175,176,177,178,179,180,181,182,183,184,185,186,187,188,189,190,191,192,193,194,195,196,197,198,199];False
8486;9018;17504;[34,46,11,3,26,43,18,30,8,9,69,1,12,32,14,15,65,17,16,19,61,41,22,23,24,25,5,27,28,56,63,31,29,33,20,35,36,37,38,39,40,49,42,7,44,45,60,47,48,21,50,51,53,13,54,55,6,57,58,59,2,0,62,52,64,10,66,67,68,92,70,71,72,73,74,75,76,77,78,79,80,81,82,83,84,85,86,87,88,89,4,91,90,93,94,95,96,97,98,99,100,101,102,103,104,105,106,107,108,109,110,111,112,113,114,115,116,117,118,119,120,121,122,123,124,125,126,127,128,129,130,131,132,133,134,135,136,137,138,139,140,141,142,143,144,145,146,147,148,149,150,151,152,153,154,155,156,157,158,159,160,161,162,163,164,165,166,167,168,169,170,171,172,173,174,175,176,177,178,179,180,181,182,183,184,185,186,187,188,189,190,191,192,193,194,195,196,197,198,199];False
8445;9040;17485;[46,117,11,3,26,43,18,30,8,9,4,1,12,32,14,15,65,17,16,19,61,41,22,23,24,25,5,27,28,56,63,31,29,33,20,35,36,37,38,39,40,49,42,7,44,45,60,47,48,21,50,51,53,13,54,55,6,57,58,59,2,0,62,52,64,10,66,67,68,69,70,71,72,73,74,75,76,77,78,79,80,81,82,83,84,85,86,87,88,89,92,91,90,93,94,95,96,97,98,99,100,101,102,103,104,105,106,107,108,109,110,111,112,113,114,115,116,34,118,119,120,121,122,123,124,125,126,127,128,129,130,131,132,133,134,135,136,137,138,139,140,141,142,143,144,145,146,147,148,149,150,151,152,153,154,155,156,157,158,159,160,161,162,163,164,165,166,167,168,169,170,171,172,173,174,175,176,177,178,179,180,181,182,183,184,185,186,187,188,189,190,191,192,193,194,195,196,197,198,199];False
8433;9046;17479;[25,46,11,3,26,43,18,30,8,9,107,1,12,32,14,15,65,17,16,19,61,41,22,23,24,4,5,27,28,56,63,31,29,33,20,35,36,37,38,39,40,49,42,7,44,45,60,47,48,21,50,51,53,13,54,55,6,57,58,59,2,0,62,52,64,10,66,67,68,69,70,71,72,73,74,75,76,77,78,79,80,81,82,83,84,85,86,87,88,89,34,91,90,93,94,95,96,97,98,99,100,101,102,103,104,105,106,92,108,109,110,111,112,113,114,115,116,117,118,119,120,121,122,123,124,125,126,127,128,129,130,131,132,133,134,135,136,137,138,139,140,141,142,143,144,145,146,147,148,149,150,151,152,153,154,155,156,157,158,159,160,161,162,163,164,165,166,167,168,169,170,171,172,173,174,175,176,177,178,179,180,181,182,183,184,185,186,187,188,189,190,191,192,193,194,195,196,197,198,199];False
8438;9034;17472;[69,46,11,3,26,43,18,30,8,9,107,1,12,32,14,15,65,17,16,19,61,41,22,23,24,25,5,27,28,56,63,31,29,33,20,35,36,37,38,39,40,49,42,7,44,45,60,47,48,21,50,51,53,13,54,55,6,57,58,59,2,0,62,52,64,10,66,67,68,4,70,71,72,73,74,75,76,77,78,79,80,81,82,83,84,85,86,87,88,89,34,91,90,93,94,95,96,97,98,99,100,101,102,103,104,105,106,92,108,109,110,111,112,113,114,115,116,117,118,119,120,121,122,123,124,125,126,127,128,129,130,131,132,133,134,135,136,137,138,139,140,141,142,143,144,145,146,147,148,149,150,151,152,153,154,155,156,157,158,159,160,161,162,163,164,165,166,167,168,169,170,171,172,173,174,175,176,177,178,179,180,181,182,183,184,185,186,187,188,189,190,191,192,193,194,195,196,197,198,199];False
8225;9138;17363;[52,25,11,3,26,43,18,30,8,9,4,1,12,32,14,15,124,65,16,19,61,41,22,23,24,69,5,27,28,56,63,31,29,33,17,35,36,37,38,39,40,49,42,7,44,45,60,47,48,21,50,51,53,13,54,55,6,57,58,59,2,0,62,46,64,10,66,67,68,20,70,71,72,73,74,75,76,77,78,79,80,81,82,83,84,85,86,87,88,89,34,91,92,93,94,95,96,97,98,99,100,101,102,103,104,105,106,107,108,109,110,111,112,113,114,115,116,117,118,119,120,121,122,123,90,125,126,127,128,129,130,131,132,133,134,135,136,137,138,139,140,141,142,143,144,145,146,147,148,149,150,151,152,153,154,155,156,157,158,159,160,161,162,163,164,165,166,167,168,169,170,171,172,173,174,175,176,177,178,179,180,181,182,183,184,185,186,187,188,189,190,191,192,193,194,195,196,197,198,199];False
8249;9136;17385;[11,52,25,3,26,43,18,30,8,9,4,1,12,32,14,15,124,65,16,19,61,41,22,23,24,69,5,27,28,56,63,31,29,33,17,35,36,37,38,39,40,49,42,7,44,45,60,47,48,21,50,51,53,13,54,55,6,57,58,59,2,0,62,46,64,10,66,67,68,20,70,71,72,73,74,75,76,77,78,79,80,81,82,83,84,85,86,87,88,89,34,91,92,93,94,95,96,97,98,99,100,101,102,103,104,105,106,107,108,109,110,111,112,113,114,115,116,117,118,119,120,121,122,123,90,125,126,127,128,129,130,131,132,133,134,135,136,137,138,139,140,141,142,143,144,145,146,147,148,149,150,151,152,153,154,155,156,157,158,159,160,161,162,163,164,165,166,167,168,169,170,171,172,173,174,175,176,177,178,179,180,181,182,183,184,185,186,187,188,189,190,191,192,193,194,195,196,197,198,199];False
8205;9158;17363;[43,52,11,3,26,25,18,30,8,9,4,1,12,32,14,15,124,65,16,19,61,41,22,23,24,69,5,27,28,56,63,31,29,33,17,35,36,37,38,39,40,49,42,7,44,45,60,47,48,21,50,51,53,13,54,55,6,57,58,59,2,0,62,46,64,10,66,67,68,20,70,71,72,73,74,75,76,77,78,79,80,81,82,83,84,85,86,87,88,89,34,91,92,93,94,95,96,97,98,99,100,101,102,103,104,105,106,107,108,109,110,111,112,113,114,115,116,117,118,119,120,121,122,123,90,125,126,127,128,129,130,131,132,133,134,135,136,137,138,139,140,141,142,143,144,145,146,147,148,149,150,151,152,153,154,155,156,157,158,159,160,161,162,163,164,165,166,167,168,169,170,171,172,173,174,175,176,177,178,179,180,181,182,183,184,185,186,187,188,189,190,191,192,193,194,195,196,197,198,199];False
8215;9141;17356;[30,52,11,3,26,43,18,25,8,9,4,1,12,32,14,15,124,65,16,19,61,41,22,23,24,69,5,27,28,56,63,31,29,33,17,35,36,37,38,39,40,49,42,7,44,45,60,47,48,21,50,51,53,13,54,55,6,57,58,59,2,0,62,46,64,10,66,67,68,20,70,71,72,73,74,75,76,77,78,79,80,81,82,83,84,85,86,87,88,89,34,91,92,93,94,95,96,97,98,99,100,101,102,103,104,105,106,107,108,109,110,111,112,113,114,115,116,117,118,119,120,121,122,123,90,125,126,127,128,129,130,131,132,133,134,135,136,137,138,139,140,141,142,143,144,145,146,147,148,149,150,151,152,153,154,155,156,157,158,159,160,161,162,163,164,165,166,167,168,169,170,171,172,173,174,175,176,177,178,179,180,181,182,183,184,185,186,187,188,189,190,191,192,193,194,195,196,197,198,199];False
8148;9127;17275;[8,52,11,3,26,43,18,30,25,9,4,1,12,32,14,15,124,65,16,19,61,41,22,23,24,69,5,27,28,56,63,31,29,33,17,35,36,37,38,39,40,49,42,7,44,45,60,47,48,21,50,51,53,13,54,55,6,57,58,59,2,0,62,46,64,10,66,67,68,20,70,71,72,73,74,75,76,77,78,79,80,81,82,83,84,85,86,87,88,89,34,91,92,93,94,95,96,97,98,99,100,101,102,103,104,105,106,107,108,109,110,111,112,113,114,115,116,117,118,119,120,121,122,123,90,125,126,127,128,129,130,131,132,133,134,135,136,137,138,139,140,141,142,143,144,145,146,147,148,149,150,151,152,153,154,155,156,157,158,159,160,161,162,163,164,165,166,167,168,169,170,171,172,173,174,175,176,177,178,179,180,181,182,183,184,185,186,187,188,189,190,191,192,193,194,195,196,197,198,199];False
8146;9148;17294;[19,52,11,3,26,43,18,30,8,9,4,1,12,32,14,15,124,65,16,25,61,41,22,23,24,69,5,27,28,56,63,31,29,33,17,35,36,37,38,39,40,49,42,7,44,45,60,47,48,21,50,51,53,13,54,55,6,57,58,59,2,0,62,46,64,10,66,67,68,20,70,71,72,73,74,75,76,77,78,79,80,81,82,83,84,85,86,87,88,89,34,91,92,93,94,95,96,97,98,99,100,101,102,103,104,105,106,107,108,109,110,111,112,113,114,115,116,117,118,119,120,121,122,123,90,125,126,127,128,129,130,131,132,133,134,135,136,137,138,139,140,141,142,143,144,145,146,147,148,149,150,151,152,153,154,155,156,157,158,159,160,161,162,163,164,165,166,167,168,169,170,171,172,173,174,175,176,177,178,179,180,181,182,183,184,185,186,187,188,189,190,191,192,193,194,195,196,197,198,199];False
8102;9174;17276;[61,52,11,3,26,43,18,30,8,9,4,1,12,32,14,15,124,65,16,19,25,41,22,23,24,69,5,27,28,56,63,31,29,33,17,35,36,37,38,39,40,49,42,7,44,45,60,47,48,21,50,51,53,13,54,55,6,57,58,59,2,0,62,46,64,10,66,67,68,20,70,71,72,73,74,75,76,77,78,79,80,81,82,83,84,85,86,87,88,89,34,91,92,93,94,95,96,97,98,99,100,101,102,103,104,105,106,107,108,109,110,111,112,113,114,115,116,117,118,119,120,121,122,123,90,125,126,127,128,129,130,131,132,133,134,135,136,137,138,139,140,141,142,143,144,145,146,147,148,149,150,151,152,153,154,155,156,157,158,159,160,161,162,163,164,165,166,167,168,169,170,171,172,173,174,175,176,177,178,179,180,181,182,183,184,185,186,187,188,189,190,191,192,193,194,195,196,197,198,199];False
8200;9125;17325;[28,52,11,3,26,43,18,30,8,9,4,1,12,32,14,15,124,65,16,19,61,41,22,23,24,69,5,27,25,56,63,31,29,33,17,35,36,37,38,39,40,49,42,7,44,45,60,47,48,21,50,51,53,13,54,55,6,57,58,59,2,0,62,46,64,10,66,67,68,20,70,71,72,73,74,75,76,77,78,79,80,81,82,83,84,85,86,87,88,89,34,91,92,93,94,95,96,97,98,99,100,101,102,103,104,105,106,107,108,109,110,111,112,113,114,115,116,117,118,119,120,121,122,123,90,125,126,127,128,129,130,131,132,133,134,135,136,137,138,139,140,141,142,143,144,145,146,147,148,149,150,151,152,153,154,155,156,157,158,159,160,161,162,163,164,165,166,167,168,169,170,171,172,173,174,175,176,177,178,179,180,181,182,183,184,185,186,187,188,189,190,191,192,193,194,195,196,197,198,199];False
8077;9169;17246;[33,52,11,3,26,43,18,30,8,9,4,1,12,32,14,15,124,65,16,19,61,41,22,23,24,69,5,27,28,56,63,31,29,25,17,35,36,37,38,39,40,49,42,7,44,45,60,47,48,21,50,51,53,13,54,55,6,57,58,59,2,0,62,46,64,10,66,67,68,20,70,71,72,73,74,75,76,77,78,79,80,81,82,83,84,85,86,87,88,89,34,91,92,93,94,95,96,97,98,99,100,101,102,103,104,105,106,107,108,109,110,111,112,113,114,115,116,117,118,119,120,121,122,123,90,125,126,127,128,129,130,131,132,133,134,135,136,137,138,139,140,141,142,143,144,145,146,147,148,149,150,151,152,153,154,155,156,157,158,159,160,161,162,163,164,165,166,167,168,169,170,171,172,173,174,175,176,177,178,179,180,181,182,183,184,185,186,187,188,189,190,191,192,193,194,195,196,197,198,199];False
8064;9167;17231;[36,52,11,3,26,43,18,30,8,9,4,1,12,32,14,15,124,65,16,19,61,41,22,23,24,69,5,27,28,56,63,31,29,33,17,35,25,37,38,39,40,49,42,7,44,45,60,47,48,21,50,51,53,13,54,55,6,57,58,59,2,0,62,46,64,10,66,67,68,20,70,71,72,73,74,75,76,77,78,79,80,81,82,83,84,85,86,87,88,89,34,91,92,93,94,95,96,97,98,99,100,101,102,103,104,105,106,107,108,109,110,111,112,113,114,115,116,117,118,119,120,121,122,123,90,125,126,127,128,129,130,131,132,133,134,135,136,137,138,139,140,141,142,143,144,145,146,147,148,149,150,151,152,153,154,155,156,157,158,159,160,161,162,163,164,165,166,167,168,169,170,171,172,173,174,175,176,177,178,179,180,181,182,183,184,185,186,187,188,189,190,191,192,193,194,195,196,197,198,199];False
8305;9102;17407;[4,46,11,3,26,43,18,30,8,9,93,1,12,32,14,15,20,65,16,19,61,41,22,23,24,25,5,27,28,56,63,31,29,33,17,35,36,37,38,39,40,49,42,7,44,45,60,47,48,21,50,51,53,13,54,55,6,57,58,59,2,0,62,52,64,10,66,67,68,69,70,71,72,90,74,75,76,77,78,79,80,81,82,83,84,85,86,87,88,89,34,91,73,92,94,95,96,97,98,99,100,101,102,103,104,105,106,107,108,109,110,111,112,113,114,115,116,117,118,119,120,121,122,123,124,125,126,127,128,129,130,131,132,133,134,135,136,137,138,139,140,141,142,143,144,145,146,147,148,149,150,151,152,153,154,155,156,157,158,159,160,161,162,163,164,165,166,167,168,169,170,171,172,173,174,175,176,177,178,179,180,181,182,183,184,185,186,187,188,189,190,191,192,193,194,195,196,197,198,199];False
8320;9092;17412;[20,46,11,3,26,43,18,30,8,9,4,1,12,32,14,15,93,65,16,19,61,41,22,23,24,25,5,27,28,56,63,31,29,33,17,35,36,37,38,39,40,49,42,7,44,45,60,47,48,21,50,51,53,13,54,55,6,57,58,59,2,0,62,52,64,10,66,67,68,69,70,71,72,90,74,75,76,77,78,79,80,81,82,83,84,85,86,87,88,89,34,91,73,92,94,95,96,97,98,99,100,101,102,103,104,105,106,107,108,109,110,111,112,113,114,115,116,117,118,119,120,121,122,123,124,125,126,127,128,129,130,131,132,133,134,135,136,137,138,139,140,141,142,143,144,145,146,147,148,149,150,151,152,153,154,155,156,157,158,159,160,161,162,163,164,165,166,167,168,169,170,171,172,173,174,175,176,177,178,179,180,181,182,183,184,185,186,187,188,189,190,191,192,193,194,195,196,197,198,199];False
8258;9098;17356;[37,46,11,3,26,43,18,30,8,9,4,1,12,32,14,15,20,65,16,19,61,41,22,23,24,25,5,27,28,56,63,31,29,33,17,35,36,93,38,39,40,49,42,7,44,45,60,47,48,21,50,51,53,13,54,55,6,57,58,59,2,0,62,52,64,10,66,67,68,69,70,71,72,90,74,75,76,77,78,79,80,81,82,83,84,85,86,87,88,89,34,91,73,92,94,95,96,97,98,99,100,101,102,103,104,105,106,107,108,109,110,111,112,113,114,115,116,117,118,119,120,121,122,123,124,125,126,127,128,129,130,131,132,133,134,135,136,137,138,139,140,141,142,143,144,145,146,147,148,149,150,151,152,153,154,155,156,157,158,159,160,161,162,163,164,165,166,167,168,169,170,171,172,173,174,175,176,177,178,179,180,181,182,183,184,185,186,187,188,189,190,191,192,193,194,195,196,197,198,199];False
8330;9073;17403;[25,46,11,3,26,43,18,30,8,9,107,1,12,32,14,15,20,65,16,19,61,41,22,23,24,4,5,27,28,56,63,31,29,33,17,35,36,37,38,39,40,49,42,7,44,45,60,47,48,21,50,51,53,13,54,55,6,57,58,59,2,0,62,52,64,10,66,67,68,69,70,71,72,73,74,75,76,77,78,79,80,81,82,83,84,85,86,87,88,89,34,91,90,93,94,95,96,97,98,99,100,101,102,103,104,105,106,92,108,109,110,111,112,113,114,115,116,117,118,119,120,121,122,123,124,125,126,127,128,129,130,131,132,133,134,135,136,137,138,139,140,141,142,143,144,145,146,147,148,149,150,151,152,153,154,155,156,157,158,159,160,161,162,163,164,165,166,167,168,169,170,171,172,173,174,175,176,177,178,179,180,181,182,183,184,185,186,187,188,189,190,191,192,193,194,195,196,197,198,199];False
8335;9061;17396;[69,46,11,3,26,43,18,30,8,9,107,1,12,32,14,15,20,65,16,19,61,41,22,23,24,25,5,27,28,56,63,31,29,33,17,35,36,37,38,39,40,49,42,7,44,45,60,47,48,21,50,51,53,13,54,55,6,57,58,59,2,0,62,52,64,10,66,67,68,4,70,71,72,73,74,75,76,77,78,79,80,81,82,83,84,85,86,87,88,89,34,91,90,93,94,95,96,97,98,99,100,101,102,103,104,105,106,92,108,109,110,111,112,113,114,115,116,117,118,119,120,121,122,123,124,125,126,127,128,129,130,131,132,133,134,135,136,137,138,139,140,141,142,143,144,145,146,147,148,149,150,151,152,153,154,155,156,157,158,159,160,161,162,163,164,165,166,167,168,169,170,171,172,173,174,175,176,177,178,179,180,181,182,183,184,185,186,187,188,189,190,191,192,193,194,195,196,197,198,199];False
8019;9281;17300;[29,52,11,3,26,43,18,30,8,9,4,1,12,32,14,15,16,60,64,19,25,41,22,23,24,69,5,27,28,56,63,31,94,33,17,35,36,37,38,39,40,49,42,7,44,45,10,47,48,21,50,51,0,53,54,55,6,57,58,59,2,61,62,67,13,46,66,34,68,20,70,71,72,65,74,75,76,77,78,79,80,81,82,83,84,85,86,87,88,89,73,91,92,93,90,95,96,97,98,99,100,101,102,103,104,105,106,107,108,109,110,111,112,113,114,115,116,117,118,119,120,121,122,123,124,125,126,127,128,129,130,131,132,133,134,135,136,137,138,139,140,141,142,143,144,145,146,147,148,149,150,151,152,153,154,155,156,157,158,159,160,161,162,163,164,165,166,167,168,169,170,171,172,173,174,175,176,177,178,179,180,181,182,183,184,185,186,187,188,189,190,191,192,193,194,195,196,197,198,199];False
7934;9328;17262;[52,124,11,3,26,43,18,30,8,9,4,1,12,32,14,15,16,60,64,19,25,41,22,23,24,69,5,27,28,56,63,31,29,33,17,35,36,37,38,39,40,49,42,7,44,45,10,47,48,21,50,51,0,53,54,55,6,57,58,59,2,61,62,67,13,46,66,34,68,20,70,71,72,65,74,75,76,77,78,79,80,81,82,83,84,85,86,87,88,89,73,91,92,93,94,95,96,97,98,99,100,101,102,103,104,105,106,107,108,109,110,111,112,113,114,115,116,117,118,119,120,121,122,123,90,125,126,127,128,129,130,131,132,133,134,135,136,137,138,139,140,141,142,143,144,145,146,147,148,149,150,151,152,153,154,155,156,157,158,159,160,161,162,163,164,165,166,167,168,169,170,171,172,173,174,175,176,177,178,179,180,181,182,183,184,185,186,187,188,189,190,191,192,193,194,195,196,197,198,199];False
7874;9313;17187;[8,52,11,3,26,43,18,30,124,9,4,1,12,32,14,15,16,60,64,19,25,41,22,23,24,69,5,27,28,56,63,31,29,33,17,35,36,37,38,39,40,49,42,7,44,45,10,47,48,21,50,51,0,53,54,55,6,57,58,59,2,61,62,67,13,46,66,34,68,20,70,71,72,65,74,75,76,77,78,79,80,81,82,83,84,85,86,87,88,89,73,91,92,93,94,95,96,97,98,99,100,101,102,103,104,105,106,107,108,109,110,111,112,113,114,115,116,117,118,119,120,121,122,123,90,125,126,127,128,129,130,131,132,133,134,135,136,137,138,139,140,141,142,143,144,145,146,147,148,149,150,151,152,153,154,155,156,157,158,159,160,161,162,163,164,165,166,167,168,169,170,171,172,173,174,175,176,177,178,179,180,181,182,183,184,185,186,187,188,189,190,191,192,193,194,195,196,197,198,199];False
7867;9324;17191;[9,52,11,3,26,43,18,30,8,124,4,1,12,32,14,15,16,60,64,19,25,41,22,23,24,69,5,27,28,56,63,31,29,33,17,35,36,37,38,39,40,49,42,7,44,45,10,47,48,21,50,51,0,53,54,55,6,57,58,59,2,61,62,67,13,46,66,34,68,20,70,71,72,65,74,75,76,77,78,79,80,81,82,83,84,85,86,87,88,89,73,91,92,93,94,95,96,97,98,99,100,101,102,103,104,105,106,107,108,109,110,111,112,113,114,115,116,117,118,119,120,121,122,123,90,125,126,127,128,129,130,131,132,133,134,135,136,137,138,139,140,141,142,143,144,145,146,147,148,149,150,151,152,153,154,155,156,157,158,159,160,161,162,163,164,165,166,167,168,169,170,171,172,173,174,175,176,177,178,179,180,181,182,183,184,185,186,187,188,189,190,191,192,193,194,195,196,197,198,199];False
7956;9303;17259;[4,52,11,3,26,43,18,30,8,9,124,1,12,32,14,15,16,60,64,19,25,41,22,23,24,69,5,27,28,56,63,31,29,33,17,35,36,37,38,39,40,49,42,7,44,45,10,47,48,21,50,51,0,53,54,55,6,57,58,59,2,61,62,67,13,46,66,34,68,20,70,71,72,65,74,75,76,77,78,79,80,81,82,83,84,85,86,87,88,89,73,91,92,93,94,95,96,97,98,99,100,101,102,103,104,105,106,107,108,109,110,111,112,113,114,115,116,117,118,119,120,121,122,123,90,125,126,127,128,129,130,131,132,133,134,135,136,137,138,139,140,141,142,143,144,145,146,147,148,149,150,151,152,153,154,155,156,157,158,159,160,161,162,163,164,165,166,167,168,169,170,171,172,173,174,175,176,177,178,179,180,181,182,183,184,185,186,187,188,189,190,191,192,193,194,195,196,197,198,199];False
7987;9284;17271;[4,52,11,3,26,43,18,30,8,9,149,1,12,32,14,15,16,60,64,19,25,41,22,23,24,69,5,27,28,56,63,31,29,33,17,35,36,37,38,39,40,49,42,7,44,45,10,47,48,21,50,51,0,53,54,55,6,57,58,59,2,61,62,67,13,46,66,34,68,20,70,71,72,65,74,75,76,77,78,79,80,81,82,83,84,85,86,87,88,89,73,91,92,93,94,95,96,97,98,99,100,101,102,103,104,105,106,107,108,109,110,111,112,113,114,115,116,117,118,119,120,121,122,123,124,125,126,127,128,129,130,131,132,133,134,135,136,137,138,139,140,141,142,143,144,145,146,147,148,90,150,151,152,153,154,155,156,157,158,159,160,161,162,163,164,165,166,167,168,169,170,171,172,173,174,175,176,177,178,179,180,181,182,183,184,185,186,187,188,189,190,191,192,193,194,195,196,197,198,199];False
7986;9282;17268;[0,52,11,3,26,43,18,30,8,9,4,1,12,32,14,15,16,60,64,19,25,41,22,23,24,69,5,27,28,56,63,31,29,33,17,35,36,37,38,39,40,49,42,7,44,45,10,47,48,21,50,51,149,53,54,55,6,57,58,59,2,61,62,67,13,46,66,34,68,20,70,71,72,65,74,75,76,77,78,79,80,81,82,83,84,85,86,87,88,89,73,91,92,93,94,95,96,97,98,99,100,101,102,103,104,105,106,107,108,109,110,111,112,113,114,115,116,117,118,119,120,121,122,123,124,125,126,127,128,129,130,131,132,133,134,135,136,137,138,139,140,141,142,143,144,145,146,147,148,90,150,151,152,153,154,155,156,157,158,159,160,161,162,163,164,165,166,167,168,169,170,171,172,173,174,175,176,177,178,179,180,181,182,183,184,185,186,187,188,189,190,191,192,193,194,195,196,197,198,199];False
8027;9274;17301;[54,52,11,3,26,43,18,30,8,9,4,1,12,32,14,15,16,60,64,19,25,41,22,23,24,69,5,27,28,56,63,31,29,33,17,35,36,37,38,39,40,49,42,7,44,45,10,47,48,21,50,51,0,53,149,55,6,57,58,59,2,61,62,67,13,46,66,34,68,20,70,71,72,65,74,75,76,77,78,79,80,81,82,83,84,85,86,87,88,89,73,91,92,93,94,95,96,97,98,99,100,101,102,103,104,105,106,107,108,109,110,111,112,113,114,115,116,117,118,119,120,121,122,123,124,125,126,127,128,129,130,131,132,133,134,135,136,137,138,139,140,141,142,143,144,145,146,147,148,90,150,151,152,153,154,155,156,157,158,159,160,161,162,163,164,165,166,167,168,169,170,171,172,173,174,175,176,177,178,179,180,181,182,183,184,185,186,187,188,189,190,191,192,193,194,195,196,197,198,199];False
8012;9281;17293;[6,52,11,3,26,43,18,30,8,9,4,1,12,32,14,15,16,60,64,19,25,41,22,23,24,69,5,27,28,56,63,31,29,33,17,35,36,37,38,39,40,49,42,7,44,45,10,47,48,21,50,51,0,53,54,55,149,57,58,59,2,61,62,67,13,46,66,34,68,20,70,71,72,65,74,75,76,77,78,79,80,81,82,83,84,85,86,87,88,89,73,91,92,93,94,95,96,97,98,99,100,101,102,103,104,105,106,107,108,109,110,111,112,113,114,115,116,117,118,119,120,121,122,123,124,125,126,127,128,129,130,131,132,133,134,135,136,137,138,139,140,141,142,143,144,145,146,147,148,90,150,151,152,153,154,155,156,157,158,159,160,161,162,163,164,165,166,167,168,169,170,171,172,173,174,175,176,177,178,179,180,181,182,183,184,185,186,187,188,189,190,191,192,193,194,195,196,197,198,199];False
7976;9301;17277;[71,52,11,3,26,43,18,30,8,9,4,1,12,32,14,15,16,60,64,19,25,41,22,23,24,69,5,27,28,56,63,31,29,33,17,35,36,37,38,39,40,49,42,7,44,45,10,47,48,21,50,51,0,53,54,55,6,57,58,59,2,61,62,67,13,46,66,34,68,20,70,149,72,65,74,75,76,77,78,79,80,81,82,83,84,85,86,87,88,89,73,91,92,93,94,95,96,97,98,99,100,101,102,103,104,105,106,107,108,109,110,111,112,113,114,115,116,117,118,119,120,121,122,123,124,125,126,127,128,129,130,131,132,133,134,135,136,137,138,139,140,141,142,143,144,145,146,147,148,90,150,151,152,153,154,155,156,157,158,159,160,161,162,163,164,165,166,167,168,169,170,171,172,173,174,175,176,177,178,179,180,181,182,183,184,185,186,187,188,189,190,191,192,193,194,195,196,197,198,199];False
7928;9289;17217;[75,52,11,3,26,43,18,30,8,9,4,1,12,32,14,15,16,60,64,19,25,41,22,23,24,69,5,27,28,56,63,31,29,33,17,35,36,37,38,39,40,49,42,7,44,45,10,47,48,21,50,51,0,53,54,55,6,57,58,59,2,61,62,67,13,46,66,34,68,20,70,71,72,65,74,149,76,77,78,79,80,81,82,83,84,85,86,87,88,89,73,91,92,93,94,95,96,97,98,99,100,101,102,103,104,105,106,107,108,109,110,111,112,113,114,115,116,117,118,119,120,121,122,123,124,125,126,127,128,129,130,131,132,133,134,135,136,137,138,139,140,141,142,143,144,145,146,147,148,90,150,151,152,153,154,155,156,157,158,159,160,161,162,163,164,165,166,167,168,169,170,171,172,173,174,175,176,177,178,179,180,181,182,183,184,185,186,187,188,189,190,191,192,193,194,195,196,197,198,199];False
7967;9275;17242;[94,80,11,3,26,43,18,30,8,9,4,1,12,32,14,15,16,60,64,19,25,41,22,23,24,69,5,27,28,56,63,31,29,33,17,35,36,37,38,39,40,49,42,7,44,45,10,47,48,21,50,51,0,53,54,55,6,57,58,59,2,61,62,67,13,46,66,34,68,20,70,71,72,65,74,75,76,77,78,79,52,81,82,83,84,85,86,87,88,89,73,91,92,93,90,95,96,97,98,99,100,101,102,103,104,105,106,107,108,109,110,111,112,113,114,115,116,117,118,119,120,121,122,123,124,125,126,127,128,129,130,131,132,133,134,135,136,137,138,139,140,141,142,143,144,145,146,147,148,149,150,151,152,153,154,155,156,157,158,159,160,161,162,163,164,165,166,167,168,169,170,171,172,173,174,175,176,177,178,179,180,181,182,183,184,185,186,187,188,189,190,191,192,193,194,195,196,197,198,199];False
7879;9295;17174;[124,80,11,3,26,43,18,30,8,9,4,1,12,32,14,15,16,60,64,19,25,41,22,23,24,69,5,27,28,56,63,31,29,33,17,35,36,37,38,39,40,49,42,7,44,45,10,47,48,21,50,51,0,53,54,55,6,57,58,59,2,61,62,67,13,46,66,34,68,20,70,71,72,65,74,75,76,77,78,79,52,81,82,83,84,85,86,87,88,89,73,91,92,93,94,95,96,97,98,99,100,101,102,103,104,105,106,107,108,109,110,111,112,113,114,115,116,117,118,119,120,121,122,123,90,125,126,127,128,129,130,131,132,133,134,135,136,137,138,139,140,141,142,143,144,145,146,147,148,149,150,151,152,153,154,155,156,157,158,159,160,161,162,163,164,165,166,167,168,169,170,171,172,173,174,175,176,177,178,179,180,181,182,183,184,185,186,187,188,189,190,191,192,193,194,195,196,197,198,199];False
7967;9272;17239;[149,80,11,3,26,43,18,30,8,9,4,1,12,32,14,15,16,60,64,19,25,41,22,23,24,69,5,27,28,56,63,31,29,33,17,35,36,37,38,39,40,49,42,7,44,45,10,47,48,21,50,51,0,53,54,55,6,57,58,59,2,61,62,67,13,46,66,34,68,20,70,71,72,65,74,75,76,77,78,79,52,81,82,83,84,85,86,87,88,89,73,91,92,93,94,95,96,97,98,99,100,101,102,103,104,105,106,107,108,109,110,111,112,113,114,115,116,117,118,119,120,121,122,123,124,125,126,127,128,129,130,131,132,133,134,135,136,137,138,139,140,141,142,143,144,145,146,147,148,90,150,151,152,153,154,155,156,157,158,159,160,161,162,163,164,165,166,167,168,169,170,171,172,173,174,175,176,177,178,179,180,181,182,183,184,185,186,187,188,189,190,191,192,193,194,195,196,197,198,199];False
8008;9263;17271;[165,80,11,3,26,43,18,30,8,9,4,1,12,32,14,15,16,60,64,19,25,41,22,23,24,69,5,27,28,56,63,31,29,33,17,35,36,37,38,39,40,49,42,7,44,45,10,47,48,21,50,51,0,53,54,55,6,57,58,59,2,61,62,67,13,46,66,34,68,20,70,71,72,65,74,75,76,77,78,79,52,81,82,83,84,85,86,87,88,89,73,91,92,93,94,95,96,97,98,99,100,101,102,103,104,105,106,107,108,109,110,111,112,113,114,115,116,117,118,119,120,121,122,123,124,125,126,127,128,129,130,131,132,133,134,135,136,137,138,139,140,141,142,143,144,145,146,147,148,149,150,151,152,153,154,155,156,157,158,159,160,161,162,163,164,90,166,167,168,169,170,171,172,173,174,175,176,177,178,179,180,181,182,183,184,185,186,187,188,189,190,191,192,193,194,195,196,197,198,199];False
8022;9249;17271;[174,80,11,3,26,43,18,30,8,9,4,1,12,32,14,15,16,60,64,19,25,41,22,23,24,69,5,27,28,56,63,31,29,33,17,35,36,37,38,39,40,49,42,7,44,45,10,47,48,21,50,51,0,53,54,55,6,57,58,59,2,61,62,67,13,46,66,34,68,20,70,71,72,65,74,75,76,77,78,79,52,81,82,83,84,85,86,87,88,89,73,91,92,93,94,95,96,97,98,99,100,101,102,103,104,105,106,107,108,109,110,111,112,113,114,115,116,117,118,119,120,121,122,123,124,125,126,127,128,129,130,131,132,133,134,135,136,137,138,139,140,141,142,143,144,145,146,147,148,149,150,151,152,153,154,155,156,157,158,159,160,161,162,163,164,165,166,167,168,169,170,171,172,173,90,175,176,177,178,179,180,181,182,183,184,185,186,187,188,189,190,191,192,193,194,195,196,197,198,199];False
8386;9049;17435;[25,46,11,3,26,43,18,30,8,9,69,1,12,32,14,15,65,17,16,19,61,41,22,23,24,34,5,27,28,56,63,31,29,33,20,35,36,37,38,39,40,49,42,7,44,45,60,47,48,21,50,51,53,13,54,55,6,57,58,59,2,0,62,52,64,10,66,67,68,92,70,71,72,73,74,75,76,77,78,79,80,81,82,83,84,85,86,87,88,89,4,91,90,93,94,95,96,97,98,99,100,101,102,103,104,105,106,107,108,109,110,111,112,113,114,115,116,117,118,119,120,121,122,123,124,125,126,127,128,129,130,131,132,133,134,135,136,137,138,139,140,141,142,143,144,145,146,147,148,149,150,151,152,153,154,155,156,157,158,159,160,161,162,163,164,165,166,167,168,169,170,171,172,173,174,175,176,177,178,179,180,181,182,183,184,185,186,187,188,189,190,191,192,193,194,195,196,197,198,199];False
8426;9038;17464;[92,46,11,3,26,43,18,30,8,9,69,1,12,32,14,15,65,17,16,19,61,41,22,23,24,25,5,27,28,56,63,31,29,33,20,35,36,37,38,39,40,49,42,7,44,45,60,47,48,21,50,51,53,13,54,55,6,57,58,59,2,0,62,52,64,10,66,67,68,34,70,71,72,73,74,75,76,77,78,79,80,81,82,83,84,85,86,87,88,89,4,91,90,93,94,95,96,97,98,99,100,101,102,103,104,105,106,107,108,109,110,111,112,113,114,115,116,117,118,119,120,121,122,123,124,125,126,127,128,129,130,131,132,133,134,135,136,137,138,139,140,141,142,143,144,145,146,147,148,149,150,151,152,153,154,155,156,157,158,159,160,161,162,163,164,165,166,167,168,169,170,171,172,173,174,175,176,177,178,179,180,181,182,183,184,185,186,187,188,189,190,191,192,193,194,195,196,197,198,199];False
8438;9019;17457;[107,46,11,3,26,43,18,30,8,9,69,1,12,32,14,15,65,17,16,19,61,41,22,23,24,25,5,27,28,56,63,31,29,33,20,35,36,37,38,39,40,49,42,7,44,45,60,47,48,21,50,51,53,13,54,55,6,57,58,59,2,0,62,52,64,10,66,67,68,92,70,71,72,73,74,75,76,77,78,79,80,81,82,83,84,85,86,87,88,89,4,91,90,93,94,95,96,97,98,99,100,101,102,103,104,105,106,34,108,109,110,111,112,113,114,115,116,117,118,119,120,121,122,123,124,125,126,127,128,129,130,131,132,133,134,135,136,137,138,139,140,141,142,143,144,145,146,147,148,149,150,151,152,153,154,155,156,157,158,159,160,161,162,163,164,165,166,167,168,169,170,171,172,173,174,175,176,177,178,179,180,181,182,183,184,185,186,187,188,189,190,191,192,193,194,195,196,197,198,199];False
8424;9036;17460;[114,46,11,3,26,43,18,30,8,9,69,1,12,32,14,15,65,17,16,19,61,41,22,23,24,25,5,27,28,56,63,31,29,33,20,35,36,37,38,39,40,49,42,7,44,45,60,47,48,21,50,51,53,13,54,55,6,57,58,59,2,0,62,52,64,10,66,67,68,92,70,71,72,73,74,75,76,77,78,79,80,81,82,83,84,85,86,87,88,89,4,91,90,93,94,95,96,97,98,99,100,101,102,103,104,105,106,107,108,109,110,111,112,113,34,115,116,117,118,119,120,121,122,123,124,125,126,127,128,129,130,131,132,133,134,135,136,137,138,139,140,141,142,143,144,145,146,147,148,149,150,151,152,153,154,155,156,157,158,159,160,161,162,163,164,165,166,167,168,169,170,171,172,173,174,175,176,177,178,179,180,181,182,183,184,185,186,187,188,189,190,191,192,193,194,195,196,197,198,199];False
8477;9014;17491;[117,46,11,3,26,43,18,30,8,9,69,1,12,32,14,15,65,17,16,19,61,41,22,23,24,25,5,27,28,56,63,31,29,33,20,35,36,37,38,39,40,49,42,7,44,45,60,47,48,21,50,51,53,13,54,55,6,57,58,59,2,0,62,52,64,10,66,67,68,92,70,71,72,73,74,75,76,77,78,79,80,81,82,83,84,85,86,87,88,89,4,91,90,93,94,95,96,97,98,99,100,101,102,103,104,105,106,107,108,109,110,111,112,113,114,115,116,34,118,119,120,121,122,123,124,125,126,127,128,129,130,131,132,133,134,135,136,137,138,139,140,141,142,143,144,145,146,147,148,149,150,151,152,153,154,155,156,157,158,159,160,161,162,163,164,165,166,167,168,169,170,171,172,173,174,175,176,177,178,179,180,181,182,183,184,185,186,187,188,189,190,191,192,193,194,195,196,197,198,199];False
8254;9112;17366;[4,52,11,3,26,43,18,30,25,9,8,1,12,32,14,15,124,65,16,19,61,41,22,23,24,69,5,27,28,56,63,31,29,33,17,35,36,37,38,39,40,49,42,7,44,45,60,47,48,21,50,51,53,13,54,55,6,57,58,59,2,0,62,46,64,10,66,67,68,20,70,71,72,73,74,75,76,77,78,79,80,81,82,83,84,85,86,87,88,89,34,91,92,93,94,95,96,97,98,99,100,101,102,103,104,105,106,107,108,109,110,111,112,113,114,115,116,117,118,119,120,121,122,123,90,125,126,127,128,129,130,131,132,133,134,135,136,137,138,139,140,141,142,143,144,145,146,147,148,149,150,151,152,153,154,155,156,157,158,159,160,161,162,163,164,165,166,167,168,169,170,171,172,173,174,175,176,177,178,179,180,181,182,183,184,185,186,187,188,189,190,191,192,193,194,195,196,197,198,199];False
8239;9120;17359;[1,52,11,3,26,43,18,30,25,9,4,8,12,32,14,15,124,65,16,19,61,41,22,23,24,69,5,27,28,56,63,31,29,33,17,35,36,37,38,39,40,49,42,7,44,45,60,47,48,21,50,51,53,13,54,55,6,57,58,59,2,0,62,46,64,10,66,67,68,20,70,71,72,73,74,75,76,77,78,79,80,81,82,83,84,85,86,87,88,89,34,91,92,93,94,95,96,97,98,99,100,101,102,103,104,105,106,107,108,109,110,111,112,113,114,115,116,117,118,119,120,121,122,123,90,125,126,127,128,129,130,131,132,133,134,135,136,137,138,139,140,141,142,143,144,145,146,147,148,149,150,151,152,153,154,155,156,157,158,159,160,161,162,163,164,165,166,167,168,169,170,171,172,173,174,175,176,177,178,179,180,181,182,183,184,185,186,187,188,189,190,191,192,193,194,195,196,197,198,199];False
8208;9122;17330;[14,52,11,3,26,43,18,30,25,9,4,1,12,32,8,15,124,65,16,19,61,41,22,23,24,69,5,27,28,56,63,31,29,33,17,35,36,37,38,39,40,49,42,7,44,45,60,47,48,21,50,51,53,13,54,55,6,57,58,59,2,0,62,46,64,10,66,67,68,20,70,71,72,73,74,75,76,77,78,79,80,81,82,83,84,85,86,87,88,89,34,91,92,93,94,95,96,97,98,99,100,101,102,103,104,105,106,107,108,109,110,111,112,113,114,115,116,117,118,119,120,121,122,123,90,125,126,127,128,129,130,131,132,133,134,135,136,137,138,139,140,141,142,143,144,145,146,147,148,149,150,151,152,153,154,155,156,157,158,159,160,161,162,163,164,165,166,167,168,169,170,171,172,173,174,175,176,177,178,179,180,181,182,183,184,185,186,187,188,189,190,191,192,193,194,195,196,197,198,199];False
8125;9143;17268;[65,52,11,3,26,43,18,30,25,9,4,1,12,32,14,15,124,8,16,19,61,41,22,23,24,69,5,27,28,56,63,31,29,33,17,35,36,37,38,39,40,49,42,7,44,45,60,47,48,21,50,51,53,13,54,55,6,57,58,59,2,0,62,46,64,10,66,67,68,20,70,71,72,73,74,75,76,77,78,79,80,81,82,83,84,85,86,87,88,89,34,91,92,93,94,95,96,97,98,99,100,101,102,103,104,105,106,107,108,109,110,111,112,113,114,115,116,117,118,119,120,121,122,123,90,125,126,127,128,129,130,131,132,133,134,135,136,137,138,139,140,141,142,143,144,145,146,147,148,149,150,151,152,153,154,155,156,157,158,159,160,161,162,163,164,165,166,167,168,169,170,171,172,173,174,175,176,177,178,179,180,181,182,183,184,185,186,187,188,189,190,191,192,193,194,195,196,197,198,199];False
8234;9115;17349;[19,52,11,3,26,43,18,30,25,9,4,1,12,32,14,15,124,65,16,8,61,41,22,23,24,69,5,27,28,56,63,31,29,33,17,35,36,37,38,39,40,49,42,7,44,45,60,47,48,21,50,51,53,13,54,55,6,57,58,59,2,0,62,46,64,10,66,67,68,20,70,71,72,73,74,75,76,77,78,79,80,81,82,83,84,85,86,87,88,89,34,91,92,93,94,95,96,97,98,99,100,101,102,103,104,105,106,107,108,109,110,111,112,113,114,115,116,117,118,119,120,121,122,123,90,125,126,127,128,129,130,131,132,133,134,135,136,137,138,139,140,141,142,143,144,145,146,147,148,149,150,151,152,153,154,155,156,157,158,159,160,161,162,163,164,165,166,167,168,169,170,171,172,173,174,175,176,177,178,179,180,181,182,183,184,185,186,187,188,189,190,191,192,193,194,195,196,197,198,199];False
8239;9110;17349;[28,52,11,3,26,43,18,30,25,9,4,1,12,32,14,15,124,65,16,19,61,41,22,23,24,69,5,27,8,56,63,31,29,33,17,35,36,37,38,39,40,49,42,7,44,45,60,47,48,21,50,51,53,13,54,55,6,57,58,59,2,0,62,46,64,10,66,67,68,20,70,71,72,73,74,75,76,77,78,79,80,81,82,83,84,85,86,87,88,89,34,91,92,93,94,95,96,97,98,99,100,101,102,103,104,105,106,107,108,109,110,111,112,113,114,115,116,117,118,119,120,121,122,123,90,125,126,127,128,129,130,131,132,133,134,135,136,137,138,139,140,141,142,143,144,145,146,147,148,149,150,151,152,153,154,155,156,157,158,159,160,161,162,163,164,165,166,167,168,169,170,171,172,173,174,175,176,177,178,179,180,181,182,183,184,185,186,187,188,189,190,191,192,193,194,195,196,197,198,199];False
8198;9123;17321;[67,52,11,3,26,43,18,30,25,9,4,1,12,32,14,15,124,65,16,19,61,41,22,23,24,69,5,27,28,56,63,31,29,33,17,35,36,37,38,39,40,49,42,7,44,45,60,47,48,21,50,51,53,13,54,55,6,57,58,59,2,0,62,46,64,10,66,8,68,20,70,71,72,73,74,75,76,77,78,79,80,81,82,83,84,85,86,87,88,89,34,91,92,93,94,95,96,97,98,99,100,101,102,103,104,105,106,107,108,109,110,111,112,113,114,115,116,117,118,119,120,121,122,123,90,125,126,127,128,129,130,131,132,133,134,135,136,137,138,139,140,141,142,143,144,145,146,147,148,149,150,151,152,153,154,155,156,157,158,159,160,161,162,163,164,165,166,167,168,169,170,171,172,173,174,175,176,177,178,179,180,181,182,183,184,185,186,187,188,189,190,191,192,193,194,195,196,197,198,199];False
8232;9118;17350;[71,52,11,3,26,43,18,30,25,9,4,1,12,32,14,15,124,65,16,19,61,41,22,23,24,69,5,27,28,56,63,31,29,33,17,35,36,37,38,39,40,49,42,7,44,45,60,47,48,21,50,51,53,13,54,55,6,57,58,59,2,0,62,46,64,10,66,67,68,20,70,8,72,73,74,75,76,77,78,79,80,81,82,83,84,85,86,87,88,89,34,91,92,93,94,95,96,97,98,99,100,101,102,103,104,105,106,107,108,109,110,111,112,113,114,115,116,117,118,119,120,121,122,123,90,125,126,127,128,129,130,131,132,133,134,135,136,137,138,139,140,141,142,143,144,145,146,147,148,149,150,151,152,153,154,155,156,157,158,159,160,161,162,163,164,165,166,167,168,169,170,171,172,173,174,175,176,177,178,179,180,181,182,183,184,185,186,187,188,189,190,191,192,193,194,195,196,197,198,199];False
8197;9109;17306;[72,52,11,3,26,43,18,30,25,9,4,1,12,32,14,15,124,65,16,19,61,41,22,23,24,69,5,27,28,56,63,31,29,33,17,35,36,37,38,39,40,49,42,7,44,45,60,47,48,21,50,51,53,13,54,55,6,57,58,59,2,0,62,46,64,10,66,67,68,20,70,71,8,73,74,75,76,77,78,79,80,81,82,83,84,85,86,87,88,89,34,91,92,93,94,95,96,97,98,99,100,101,102,103,104,105,106,107,108,109,110,111,112,113,114,115,116,117,118,119,120,121,122,123,90,125,126,127,128,129,130,131,132,133,134,135,136,137,138,139,140,141,142,143,144,145,146,147,148,149,150,151,152,153,154,155,156,157,158,159,160,161,162,163,164,165,166,167,168,169,170,171,172,173,174,175,176,177,178,179,180,181,182,183,184,185,186,187,188,189,190,191,192,193,194,195,196,197,198,199];False
8135;9116;17251;[73,52,11,3,26,43,18,30,25,9,4,1,12,32,14,15,124,65,16,19,61,41,22,23,24,69,5,27,28,56,63,31,29,33,17,35,36,37,38,39,40,49,42,7,44,45,60,47,48,21,50,51,53,13,54,55,6,57,58,59,2,0,62,46,64,10,66,67,68,20,70,71,72,8,74,75,76,77,78,79,80,81,82,83,84,85,86,87,88,89,34,91,92,93,94,95,96,97,98,99,100,101,102,103,104,105,106,107,108,109,110,111,112,113,114,115,116,117,118,119,120,121,122,123,90,125,126,127,128,129,130,131,132,133,134,135,136,137,138,139,140,141,142,143,144,145,146,147,148,149,150,151,152,153,154,155,156,157,158,159,160,161,162,163,164,165,166,167,168,169,170,171,172,173,174,175,176,177,178,179,180,181,182,183,184,185,186,187,188,189,190,191,192,193,194,195,196,197,198,199];False
8122;9151;17273;[43,52,11,3,26,36,18,30,8,9,4,1,12,32,14,15,124,65,16,19,61,41,22,23,24,69,5,27,28,56,63,31,29,33,17,35,25,37,38,39,40,49,42,7,44,45,60,47,48,21,50,51,53,13,54,55,6,57,58,59,2,0,62,46,64,10,66,67,68,20,70,71,72,73,74,75,76,77,78,79,80,81,82,83,84,85,86,87,88,89,34,91,92,93,94,95,96,97,98,99,100,101,102,103,104,105,106,107,108,109,110,111,112,113,114,115,116,117,118,119,120,121,122,123,90,125,126,127,128,129,130,131,132,133,134,135,136,137,138,139,140,141,142,143,144,145,146,147,148,149,150,151,152,153,154,155,156,157,158,159,160,161,162,163,164,165,166,167,168,169,170,171,172,173,174,175,176,177,178,179,180,181,182,183,184,185,186,187,188,189,190,191,192,193,194,195,196,197,198,199];False
8042;9156;17198;[8,52,11,3,26,43,18,30,36,9,4,1,12,32,14,15,124,65,16,19,61,41,22,23,24,69,5,27,28,56,63,31,29,33,17,35,25,37,38,39,40,49,42,7,44,45,60,47,48,21,50,51,53,13,54,55,6,57,58,59,2,0,62,46,64,10,66,67,68,20,70,71,72,73,74,75,76,77,78,79,80,81,82,83,84,85,86,87,88,89,34,91,92,93,94,95,96,97,98,99,100,101,102,103,104,105,106,107,108,109,110,111,112,113,114,115,116,117,118,119,120,121,122,123,90,125,126,127,128,129,130,131,132,133,134,135,136,137,138,139,140,141,142,143,144,145,146,147,148,149,150,151,152,153,154,155,156,157,158,159,160,161,162,163,164,165,166,167,168,169,170,171,172,173,174,175,176,177,178,179,180,181,182,183,184,185,186,187,188,189,190,191,192,193,194,195,196,197,198,199];False
8264;9094;17358;[16,46,11,3,26,43,18,30,8,9,4,1,12,32,14,15,93,65,20,19,61,41,22,23,24,25,5,27,28,56,63,31,29,33,17,35,36,37,38,39,40,49,42,7,44,45,60,47,48,21,50,51,53,13,54,55,6,57,58,59,2,0,62,52,64,10,66,67,68,69,70,71,72,90,74,75,76,77,78,79,80,81,82,83,84,85,86,87,88,89,34,91,73,92,94,95,96,97,98,99,100,101,102,103,104,105,106,107,108,109,110,111,112,113,114,115,116,117,118,119,120,121,122,123,124,125,126,127,128,129,130,131,132,133,134,135,136,137,138,139,140,141,142,143,144,145,146,147,148,149,150,151,152,153,154,155,156,157,158,159,160,161,162,163,164,165,166,167,168,169,170,171,172,173,174,175,176,177,178,179,180,181,182,183,184,185,186,187,188,189,190,191,192,193,194,195,196,197,198,199];False
8200;9099;17299;[69,46,11,3,26,43,18,30,8,9,4,1,12,32,14,15,93,65,16,19,61,41,22,23,24,25,5,27,28,56,63,31,29,33,17,35,36,37,38,39,40,49,42,7,44,45,60,47,48,21,50,51,53,13,54,55,6,57,58,59,2,0,62,52,64,10,66,67,68,20,70,71,72,90,74,75,76,77,78,79,80,81,82,83,84,85,86,87,88,89,34,91,73,92,94,95,96,97,98,99,100,101,102,103,104,105,106,107,108,109,110,111,112,113,114,115,116,117,118,119,120,121,122,123,124,125,126,127,128,129,130,131,132,133,134,135,136,137,138,139,140,141,142,143,144,145,146,147,148,149,150,151,152,153,154,155,156,157,158,159,160,161,162,163,164,165,166,167,168,169,170,171,172,173,174,175,176,177,178,179,180,181,182,183,184,185,186,187,188,189,190,191,192,193,194,195,196,197,198,199];False
8306;9075;17381;[34,46,11,3,26,43,18,30,8,9,4,1,12,32,14,15,93,65,16,19,61,41,22,23,24,25,5,27,28,56,63,31,29,33,17,35,36,37,38,39,40,49,42,7,44,45,60,47,48,21,50,51,53,13,54,55,6,57,58,59,2,0,62,52,64,10,66,67,68,69,70,71,72,90,74,75,76,77,78,79,80,81,82,83,84,85,86,87,88,89,20,91,73,92,94,95,96,97,98,99,100,101,102,103,104,105,106,107,108,109,110,111,112,113,114,115,116,117,118,119,120,121,122,123,124,125,126,127,128,129,130,131,132,133,134,135,136,137,138,139,140,141,142,143,144,145,146,147,148,149,150,151,152,153,154,155,156,157,158,159,160,161,162,163,164,165,166,167,168,169,170,171,172,173,174,175,176,177,178,179,180,181,182,183,184,185,186,187,188,189,190,191,192,193,194,195,196,197,198,199];False
8295;9092;17387;[4,46,11,3,26,43,18,30,8,9,37,1,12,32,14,15,20,65,16,19,61,41,22,23,24,25,5,27,28,56,63,31,29,33,17,35,36,93,38,39,40,49,42,7,44,45,60,47,48,21,50,51,53,13,54,55,6,57,58,59,2,0,62,52,64,10,66,67,68,69,70,71,72,90,74,75,76,77,78,79,80,81,82,83,84,85,86,87,88,89,34,91,73,92,94,95,96,97,98,99,100,101,102,103,104,105,106,107,108,109,110,111,112,113,114,115,116,117,118,119,120,121,122,123,124,125,126,127,128,129,130,131,132,133,134,135,136,137,138,139,140,141,142,143,144,145,146,147,148,149,150,151,152,153,154,155,156,157,158,159,160,161,162,163,164,165,166,167,168,169,170,171,172,173,174,175,176,177,178,179,180,181,182,183,184,185,186,187,188,189,190,191,192,193,194,195,196,197,198,199];False
8257;9089;17346;[69,46,11,3,26,43,18,30,8,9,4,1,12,32,14,15,20,65,16,19,61,41,22,23,24,25,5,27,28,56,63,31,29,33,17,35,36,93,38,39,40,49,42,7,44,45,60,47,48,21,50,51,53,13,54,55,6,57,58,59,2,0,62,52,64,10,66,67,68,37,70,71,72,90,74,75,76,77,78,79,80,81,82,83,84,85,86,87,88,89,34,91,73,92,94,95,96,97,98,99,100,101,102,103,104,105,106,107,108,109,110,111,112,113,114,115,116,117,118,119,120,121,122,123,124,125,126,127,128,129,130,131,132,133,134,135,136,137,138,139,140,141,142,143,144,145,146,147,148,149,150,151,152,153,154,155,156,157,158,159,160,161,162,163,164,165,166,167,168,169,170,171,172,173,174,175,176,177,178,179,180,181,182,183,184,185,186,187,188,189,190,191,192,193,194,195,196,197,198,199];False
8402;9031;17433;[8,46,11,3,26,43,18,30,25,9,107,1,12,32,14,15,20,65,16,19,61,41,22,23,24,4,5,27,28,56,63,31,29,33,17,35,36,37,38,39,40,49,42,7,44,45,60,47,48,21,50,51,53,13,54,55,6,57,58,59,2,0,62,52,64,10,66,67,68,69,70,71,72,73,74,75,76,77,78,79,80,81,82,83,84,85,86,87,88,89,34,91,90,93,94,95,96,97,98,99,100,101,102,103,104,105,106,92,108,109,110,111,112,113,114,115,116,117,118,119,120,121,122,123,124,125,126,127,128,129,130,131,132,133,134,135,136,137,138,139,140,141,142,143,144,145,146,147,148,149,150,151,152,153,154,155,156,157,158,159,160,161,162,163,164,165,166,167,168,169,170,171,172,173,174,175,176,177,178,179,180,181,182,183,184,185,186,187,188,189,190,191,192,193,194,195,196,197,198,199];False
8316;9053;17369;[19,46,11,3,26,43,18,30,8,9,107,1,12,32,14,15,20,65,16,25,61,41,22,23,24,4,5,27,28,56,63,31,29,33,17,35,36,37,38,39,40,49,42,7,44,45,60,47,48,21,50,51,53,13,54,55,6,57,58,59,2,0,62,52,64,10,66,67,68,69,70,71,72,73,74,75,76,77,78,79,80,81,82,83,84,85,86,87,88,89,34,91,90,93,94,95,96,97,98,99,100,101,102,103,104,105,106,92,108,109,110,111,112,113,114,115,116,117,118,119,120,121,122,123,124,125,126,127,128,129,130,131,132,133,134,135,136,137,138,139,140,141,142,143,144,145,146,147,148,149,150,151,152,153,154,155,156,157,158,159,160,161,162,163,164,165,166,167,168,169,170,171,172,173,174,175,176,177,178,179,180,181,182,183,184,185,186,187,188,189,190,191,192,193,194,195,196,197,198,199];False
7860;9335;17195;[15,52,11,3,26,43,18,30,124,9,4,1,12,32,14,8,16,60,64,19,25,41,22,23,24,69,5,27,28,56,63,31,29,33,17,35,36,37,38,39,40,49,42,7,44,45,10,47,48,21,50,51,0,53,54,55,6,57,58,59,2,61,62,67,13,46,66,34,68,20,70,71,72,65,74,75,76,77,78,79,80,81,82,83,84,85,86,87,88,89,73,91,92,93,94,95,96,97,98,99,100,101,102,103,104,105,106,107,108,109,110,111,112,113,114,115,116,117,118,119,120,121,122,123,90,125,126,127,128,129,130,131,132,133,134,135,136,137,138,139,140,141,142,143,144,145,146,147,148,149,150,151,152,153,154,155,156,157,158,159,160,161,162,163,164,165,166,167,168,169,170,171,172,173,174,175,176,177,178,179,180,181,182,183,184,185,186,187,188,189,190,191,192,193,194,195,196,197,198,199];False
7923;9284;17207;[0,52,11,3,26,43,18,30,124,9,4,1,12,32,14,15,16,60,64,19,25,41,22,23,24,69,5,27,28,56,63,31,29,33,17,35,36,37,38,39,40,49,42,7,44,45,10,47,48,21,50,51,8,53,54,55,6,57,58,59,2,61,62,67,13,46,66,34,68,20,70,71,72,65,74,75,76,77,78,79,80,81,82,83,84,85,86,87,88,89,73,91,92,93,94,95,96,97,98,99,100,101,102,103,104,105,106,107,108,109,110,111,112,113,114,115,116,117,118,119,120,121,122,123,90,125,126,127,128,129,130,131,132,133,134,135,136,137,138,139,140,141,142,143,144,145,146,147,148,149,150,151,152,153,154,155,156,157,158,159,160,161,162,163,164,165,166,167,168,169,170,171,172,173,174,175,176,177,178,179,180,181,182,183,184,185,186,187,188,189,190,191,192,193,194,195,196,197,198,199];False
7885;9278;17163;[53,52,11,3,26,43,18,30,124,9,4,1,12,32,14,15,16,60,64,19,25,41,22,23,24,69,5,27,28,56,63,31,29,33,17,35,36,37,38,39,40,49,42,7,44,45,10,47,48,21,50,51,0,8,54,55,6,57,58,59,2,61,62,67,13,46,66,34,68,20,70,71,72,65,74,75,76,77,78,79,80,81,82,83,84,85,86,87,88,89,73,91,92,93,94,95,96,97,98,99,100,101,102,103,104,105,106,107,108,109,110,111,112,113,114,115,116,117,118,119,120,121,122,123,90,125,126,127,128,129,130,131,132,133,134,135,136,137,138,139,140,141,142,143,144,145,146,147,148,149,150,151,152,153,154,155,156,157,158,159,160,161,162,163,164,165,166,167,168,169,170,171,172,173,174,175,176,177,178,179,180,181,182,183,184,185,186,187,188,189,190,191,192,193,194,195,196,197,198,199];False
7851;9341;17192;[61,52,11,3,26,43,18,30,124,9,4,1,12,32,14,15,16,60,64,19,25,41,22,23,24,69,5,27,28,56,63,31,29,33,17,35,36,37,38,39,40,49,42,7,44,45,10,47,48,21,50,51,0,53,54,55,6,57,58,59,2,8,62,67,13,46,66,34,68,20,70,71,72,65,74,75,76,77,78,79,80,81,82,83,84,85,86,87,88,89,73,91,92,93,94,95,96,97,98,99,100,101,102,103,104,105,106,107,108,109,110,111,112,113,114,115,116,117,118,119,120,121,122,123,90,125,126,127,128,129,130,131,132,133,134,135,136,137,138,139,140,141,142,143,144,145,146,147,148,149,150,151,152,153,154,155,156,157,158,159,160,161,162,163,164,165,166,167,168,169,170,171,172,173,174,175,176,177,178,179,180,181,182,183,184,185,186,187,188,189,190,191,192,193,194,195,196,197,198,199];False
8001;9268;17269;[34,52,11,3,26,43,18,30,124,9,4,1,12,32,14,15,16,60,64,19,25,41,22,23,24,69,5,27,28,56,63,31,29,33,17,35,36,37,38,39,40,49,42,7,44,45,10,47,48,21,50,51,0,53,54,55,6,57,58,59,2,61,62,67,13,46,66,8,68,20,70,71,72,65,74,75,76,77,78,79,80,81,82,83,84,85,86,87,88,89,73,91,92,93,94,95,96,97,98,99,100,101,102,103,104,105,106,107,108,109,110,111,112,113,114,115,116,117,118,119,120,121,122,123,90,125,126,127,128,129,130,131,132,133,134,135,136,137,138,139,140,141,142,143,144,145,146,147,148,149,150,151,152,153,154,155,156,157,158,159,160,161,162,163,164,165,166,167,168,169,170,171,172,173,174,175,176,177,178,179,180,181,182,183,184,185,186,187,188,189,190,191,192,193,194,195,196,197,198,199];False
7793;9329;17122;[76,52,11,3,26,43,18,30,124,9,4,1,12,32,14,15,16,60,64,19,25,41,22,23,24,69,5,27,28,56,63,31,29,33,17,35,36,37,38,39,40,49,42,7,44,45,10,47,48,21,50,51,0,53,54,55,6,57,58,59,2,61,62,67,13,46,66,34,68,20,70,71,72,65,74,75,8,77,78,79,80,81,82,83,84,85,86,87,88,89,73,91,92,93,94,95,96,97,98,99,100,101,102,103,104,105,106,107,108,109,110,111,112,113,114,115,116,117,118,119,120,121,122,123,90,125,126,127,128,129,130,131,132,133,134,135,136,137,138,139,140,141,142,143,144,145,146,147,148,149,150,151,152,153,154,155,156,157,158,159,160,161,162,163,164,165,166,167,168,169,170,171,172,173,174,175,176,177,178,179,180,181,182,183,184,185,186,187,188,189,190,191,192,193,194,195,196,197,198,199];False
7821;9322;17143;[77,52,11,3,26,43,18,30,124,9,4,1,12,32,14,15,16,60,64,19,25,41,22,23,24,69,5,27,28,56,63,31,29,33,17,35,36,37,38,39,40,49,42,7,44,45,10,47,48,21,50,51,0,53,54,55,6,57,58,59,2,61,62,67,13,46,66,34,68,20,70,71,72,65,74,75,76,8,78,79,80,81,82,83,84,85,86,87,88,89,73,91,92,93,94,95,96,97,98,99,100,101,102,103,104,105,106,107,108,109,110,111,112,113,114,115,116,117,118,119,120,121,122,123,90,125,126,127,128,129,130,131,132,133,134,135,136,137,138,139,140,141,142,143,144,145,146,147,148,149,150,151,152,153,154,155,156,157,158,159,160,161,162,163,164,165,166,167,168,169,170,171,172,173,174,175,176,177,178,179,180,181,182,183,184,185,186,187,188,189,190,191,192,193,194,195,196,197,198,199];False
7824;9317;17141;[81,52,11,3,26,43,18,30,124,9,4,1,12,32,14,15,16,60,64,19,25,41,22,23,24,69,5,27,28,56,63,31,29,33,17,35,36,37,38,39,40,49,42,7,44,45,10,47,48,21,50,51,0,53,54,55,6,57,58,59,2,61,62,67,13,46,66,34,68,20,70,71,72,65,74,75,76,77,78,79,80,8,82,83,84,85,86,87,88,89,73,91,92,93,94,95,96,97,98,99,100,101,102,103,104,105,106,107,108,109,110,111,112,113,114,115,116,117,118,119,120,121,122,123,90,125,126,127,128,129,130,131,132,133,134,135,136,137,138,139,140,141,142,143,144,145,146,147,148,149,150,151,152,153,154,155,156,157,158,159,160,161,162,163,164,165,166,167,168,169,170,171,172,173,174,175,176,177,178,179,180,181,182,183,184,185,186,187,188,189,190,191,192,193,194,195,196,197,198,199];False
7871;9314;17185;[83,52,11,3,26,43,18,30,124,9,4,1,12,32,14,15,16,60,64,19,25,41,22,23,24,69,5,27,28,56,63,31,29,33,17,35,36,37,38,39,40,49,42,7,44,45,10,47,48,21,50,51,0,53,54,55,6,57,58,59,2,61,62,67,13,46,66,34,68,20,70,71,72,65,74,75,76,77,78,79,80,81,82,8,84,85,86,87,88,89,73,91,92,93,94,95,96,97,98,99,100,101,102,103,104,105,106,107,108,109,110,111,112,113,114,115,116,117,118,119,120,121,122,123,90,125,126,127,128,129,130,131,132,133,134,135,136,137,138,139,140,141,142,143,144,145,146,147,148,149,150,151,152,153,154,155,156,157,158,159,160,161,162,163,164,165,166,167,168,169,170,171,172,173,174,175,176,177,178,179,180,181,182,183,184,185,186,187,188,189,190,191,192,193,194,195,196,197,198,199];False
7911;9268;17179;[86,52,11,3,26,43,18,30,124,9,4,1,12,32,14,15,16,60,64,19,25,41,22,23,24,69,5,27,28,56,63,31,29,33,17,35,36,37,38,39,40,49,42,7,44,45,10,47,48,21,50,51,0,53,54,55,6,57,58,59,2,61,62,67,13,46,66,34,68,20,70,71,72,65,74,75,76,77,78,79,80,81,82,83,84,85,8,87,88,89,73,91,92,93,94,95,96,97,98,99,100,101,102,103,104,105,106,107,108,109,110,111,112,113,114,115,116,117,118,119,120,121,122,123,90,125,126,127,128,129,130,131,132,133,134,135,136,137,138,139,140,141,142,143,144,145,146,147,148,149,150,151,152,153,154,155,156,157,158,159,160,161,162,163,164,165,166,167,168,169,170,171,172,173,174,175,176,177,178,179,180,181,182,183,184,185,186,187,188,189,190,191,192,193,194,195,196,197,198,199];False
7875;9266;17141;[92,52,11,3,26,43,18,30,124,9,4,1,12,32,14,15,16,60,64,19,25,41,22,23,24,69,5,27,28,56,63,31,29,33,17,35,36,37,38,39,40,49,42,7,44,45,10,47,48,21,50,51,0,53,54,55,6,57,58,59,2,61,62,67,13,46,66,34,68,20,70,71,72,65,74,75,76,77,78,79,80,81,82,83,84,85,86,87,88,89,73,91,8,93,94,95,96,97,98,99,100,101,102,103,104,105,106,107,108,109,110,111,112,113,114,115,116,117,118,119,120,121,122,123,90,125,126,127,128,129,130,131,132,133,134,135,136,137,138,139,140,141,142,143,144,145,146,147,148,149,150,151,152,153,154,155,156,157,158,159,160,161,162,163,164,165,166,167,168,169,170,171,172,173,174,175,176,177,178,179,180,181,182,183,184,185,186,187,188,189,190,191,192,193,194,195,196,197,198,199];False
7768;9308;17076;[93,52,11,3,26,43,18,30,124,9,4,1,12,32,14,15,16,60,64,19,25,41,22,23,24,69,5,27,28,56,63,31,29,33,17,35,36,37,38,39,40,49,42,7,44,45,10,47,48,21,50,51,0,53,54,55,6,57,58,59,2,61,62,67,13,46,66,34,68,20,70,71,72,65,74,75,76,77,78,79,80,81,82,83,84,85,86,87,88,89,73,91,92,8,94,95,96,97,98,99,100,101,102,103,104,105,106,107,108,109,110,111,112,113,114,115,116,117,118,119,120,121,122,123,90,125,126,127,128,129,130,131,132,133,134,135,136,137,138,139,140,141,142,143,144,145,146,147,148,149,150,151,152,153,154,155,156,157,158,159,160,161,162,163,164,165,166,167,168,169,170,171,172,173,174,175,176,177,178,179,180,181,182,183,184,185,186,187,188,189,190,191,192,193,194,195,196,197,198,199];False
8009;9215;17224;[53,80,11,3,26,43,18,30,8,9,4,1,12,32,14,15,16,60,64,19,25,41,22,23,24,69,5,27,28,56,63,31,29,33,17,35,36,37,38,39,40,49,42,7,44,45,10,47,48,21,50,51,0,165,54,55,6,57,58,59,2,61,62,67,13,46,66,34,68,20,70,71,72,65,74,75,76,77,78,79,52,81,82,83,84,85,86,87,88,89,73,91,92,93,94,95,96,97,98,99,100,101,102,103,104,105,106,107,108,109,110,111,112,113,114,115,116,117,118,119,120,121,122,123,124,125,126,127,128,129,130,131,132,133,134,135,136,137,138,139,140,141,142,143,144,145,146,147,148,149,150,151,152,153,154,155,156,157,158,159,160,161,162,163,164,90,166,167,168,169,170,171,172,173,174,175,176,177,178,179,180,181,182,183,184,185,186,187,188,189,190,191,192,193,194,195,196,197,198,199];False
7954;9264;17218;[72,80,11,3,26,43,18,30,8,9,4,1,12,32,14,15,16,60,64,19,25,41,22,23,24,69,5,27,28,56,63,31,29,33,17,35,36,37,38,39,40,49,42,7,44,45,10,47,48,21,50,51,0,53,54,55,6,57,58,59,2,61,62,67,13,46,66,34,68,20,70,71,165,65,74,75,76,77,78,79,52,81,82,83,84,85,86,87,88,89,73,91,92,93,94,95,96,97,98,99,100,101,102,103,104,105,106,107,108,109,110,111,112,113,114,115,116,117,118,119,120,121,122,123,124,125,126,127,128,129,130,131,132,133,134,135,136,137,138,139,140,141,142,143,144,145,146,147,148,149,150,151,152,153,154,155,156,157,158,159,160,161,162,163,164,90,166,167,168,169,170,171,172,173,174,175,176,177,178,179,180,181,182,183,184,185,186,187,188,189,190,191,192,193,194,195,196,197,198,199];False
8458;9007;17465;[8,46,11,3,26,43,18,30,25,9,69,1,12,32,14,15,65,17,16,19,61,41,22,23,24,34,5,27,28,56,63,31,29,33,20,35,36,37,38,39,40,49,42,7,44,45,60,47,48,21,50,51,53,13,54,55,6,57,58,59,2,0,62,52,64,10,66,67,68,92,70,71,72,73,74,75,76,77,78,79,80,81,82,83,84,85,86,87,88,89,4,91,90,93,94,95,96,97,98,99,100,101,102,103,104,105,106,107,108,109,110,111,112,113,114,115,116,117,118,119,120,121,122,123,124,125,126,127,128,129,130,131,132,133,134,135,136,137,138,139,140,141,142,143,144,145,146,147,148,149,150,151,152,153,154,155,156,157,158,159,160,161,162,163,164,165,166,167,168,169,170,171,172,173,174,175,176,177,178,179,180,181,182,183,184,185,186,187,188,189,190,191,192,193,194,195,196,197,198,199];False
8372;9029;17401;[19,46,11,3,26,43,18,30,8,9,69,1,12,32,14,15,65,17,16,25,61,41,22,23,24,34,5,27,28,56,63,31,29,33,20,35,36,37,38,39,40,49,42,7,44,45,60,47,48,21,50,51,53,13,54,55,6,57,58,59,2,0,62,52,64,10,66,67,68,92,70,71,72,73,74,75,76,77,78,79,80,81,82,83,84,85,86,87,88,89,4,91,90,93,94,95,96,97,98,99,100,101,102,103,104,105,106,107,108,109,110,111,112,113,114,115,116,117,118,119,120,121,122,123,124,125,126,127,128,129,130,131,132,133,134,135,136,137,138,139,140,141,142,143,144,145,146,147,148,149,150,151,152,153,154,155,156,157,158,159,160,161,162,163,164,165,166,167,168,169,170,171,172,173,174,175,176,177,178,179,180,181,182,183,184,185,186,187,188,189,190,191,192,193,194,195,196,197,198,199];False
8520;8997;17517;[8,46,11,3,26,43,18,30,107,9,69,1,12,32,14,15,65,17,16,19,61,41,22,23,24,25,5,27,28,56,63,31,29,33,20,35,36,37,38,39,40,49,42,7,44,45,60,47,48,21,50,51,53,13,54,55,6,57,58,59,2,0,62,52,64,10,66,67,68,92,70,71,72,73,74,75,76,77,78,79,80,81,82,83,84,85,86,87,88,89,4,91,90,93,94,95,96,97,98,99,100,101,102,103,104,105,106,34,108,109,110,111,112,113,114,115,116,117,118,119,120,121,122,123,124,125,126,127,128,129,130,131,132,133,134,135,136,137,138,139,140,141,142,143,144,145,146,147,148,149,150,151,152,153,154,155,156,157,158,159,160,161,162,163,164,165,166,167,168,169,170,171,172,173,174,175,176,177,178,179,180,181,182,183,184,185,186,187,188,189,190,191,192,193,194,195,196,197,198,199];False
8433;9020;17453;[69,46,11,3,26,43,18,30,8,9,107,1,12,32,14,15,65,17,16,19,61,41,22,23,24,25,5,27,28,56,63,31,29,33,20,35,36,37,38,39,40,49,42,7,44,45,60,47,48,21,50,51,53,13,54,55,6,57,58,59,2,0,62,52,64,10,66,67,68,92,70,71,72,73,74,75,76,77,78,79,80,81,82,83,84,85,86,87,88,89,4,91,90,93,94,95,96,97,98,99,100,101,102,103,104,105,106,34,108,109,110,111,112,113,114,115,116,117,118,119,120,121,122,123,124,125,126,127,128,129,130,131,132,133,134,135,136,137,138,139,140,141,142,143,144,145,146,147,148,149,150,151,152,153,154,155,156,157,158,159,160,161,162,163,164,165,166,167,168,169,170,171,172,173,174,175,176,177,178,179,180,181,182,183,184,185,186,187,188,189,190,191,192,193,194,195,196,197,198,199];False
8093;9114;17207;[73,52,11,3,26,43,18,30,25,9,4,1,12,32,14,15,124,8,16,19,61,41,22,23,24,69,5,27,28,56,63,31,29,33,17,35,36,37,38,39,40,49,42,7,44,45,60,47,48,21,50,51,53,13,54,55,6,57,58,59,2,0,62,46,64,10,66,67,68,20,70,71,72,65,74,75,76,77,78,79,80,81,82,83,84,85,86,87,88,89,34,91,92,93,94,95,96,97,98,99,100,101,102,103,104,105,106,107,108,109,110,111,112,113,114,115,116,117,118,119,120,121,122,123,90,125,126,127,128,129,130,131,132,133,134,135,136,137,138,139,140,141,142,143,144,145,146,147,148,149,150,151,152,153,154,155,156,157,158,159,160,161,162,163,164,165,166,167,168,169,170,171,172,173,174,175,176,177,178,179,180,181,182,183,184,185,186,187,188,189,190,191,192,193,194,195,196,197,198,199];False
8153;9097;17250;[17,52,11,3,26,43,18,30,25,9,4,1,12,32,14,15,124,65,16,19,61,41,22,23,24,69,5,27,28,56,63,31,29,33,72,35,36,37,38,39,40,49,42,7,44,45,60,47,48,21,50,51,53,13,54,55,6,57,58,59,2,0,62,46,64,10,66,67,68,20,70,71,8,73,74,75,76,77,78,79,80,81,82,83,84,85,86,87,88,89,34,91,92,93,94,95,96,97,98,99,100,101,102,103,104,105,106,107,108,109,110,111,112,113,114,115,116,117,118,119,120,121,122,123,90,125,126,127,128,129,130,131,132,133,134,135,136,137,138,139,140,141,142,143,144,145,146,147,148,149,150,151,152,153,154,155,156,157,158,159,160,161,162,163,164,165,166,167,168,169,170,171,172,173,174,175,176,177,178,179,180,181,182,183,184,185,186,187,188,189,190,191,192,193,194,195,196,197,198,199];False
8019;9172;17191;[65,52,11,3,26,43,18,30,36,9,4,1,12,32,14,15,124,8,16,19,61,41,22,23,24,69,5,27,28,56,63,31,29,33,17,35,25,37,38,39,40,49,42,7,44,45,60,47,48,21,50,51,53,13,54,55,6,57,58,59,2,0,62,46,64,10,66,67,68,20,70,71,72,73,74,75,76,77,78,79,80,81,82,83,84,85,86,87,88,89,34,91,92,93,94,95,96,97,98,99,100,101,102,103,104,105,106,107,108,109,110,111,112,113,114,115,116,117,118,119,120,121,122,123,90,125,126,127,128,129,130,131,132,133,134,135,136,137,138,139,140,141,142,143,144,145,146,147,148,149,150,151,152,153,154,155,156,157,158,159,160,161,162,163,164,165,166,167,168,169,170,171,172,173,174,175,176,177,178,179,180,181,182,183,184,185,186,187,188,189,190,191,192,193,194,195,196,197,198,199];False
8092;9152;17244;[67,52,11,3,26,43,18,30,36,9,4,1,12,32,14,15,124,65,16,19,61,41,22,23,24,69,5,27,28,56,63,31,29,33,17,35,25,37,38,39,40,49,42,7,44,45,60,47,48,21,50,51,53,13,54,55,6,57,58,59,2,0,62,46,64,10,66,8,68,20,70,71,72,73,74,75,76,77,78,79,80,81,82,83,84,85,86,87,88,89,34,91,92,93,94,95,96,97,98,99,100,101,102,103,104,105,106,107,108,109,110,111,112,113,114,115,116,117,118,119,120,121,122,123,90,125,126,127,128,129,130,131,132,133,134,135,136,137,138,139,140,141,142,143,144,145,146,147,148,149,150,151,152,153,154,155,156,157,158,159,160,161,162,163,164,165,166,167,168,169,170,171,172,173,174,175,176,177,178,179,180,181,182,183,184,185,186,187,188,189,190,191,192,193,194,195,196,197,198,199];False
8091;9138;17229;[72,52,11,3,26,43,18,30,36,9,4,1,12,32,14,15,124,65,16,19,61,41,22,23,24,69,5,27,28,56,63,31,29,33,17,35,25,37,38,39,40,49,42,7,44,45,60,47,48,21,50,51,53,13,54,55,6,57,58,59,2,0,62,46,64,10,66,67,68,20,70,71,8,73,74,75,76,77,78,79,80,81,82,83,84,85,86,87,88,89,34,91,92,93,94,95,96,97,98,99,100,101,102,103,104,105,106,107,108,109,110,111,112,113,114,115,116,117,118,119,120,121,122,123,90,125,126,127,128,129,130,131,132,133,134,135,136,137,138,139,140,141,142,143,144,145,146,147,148,149,150,151,152,153,154,155,156,157,158,159,160,161,162,163,164,165,166,167,168,169,170,171,172,173,174,175,176,177,178,179,180,181,182,183,184,185,186,187,188,189,190,191,192,193,194,195,196,197,198,199];False
8029;9145;17174;[73,52,11,3,26,43,18,30,36,9,4,1,12,32,14,15,124,65,16,19,61,41,22,23,24,69,5,27,28,56,63,31,29,33,17,35,25,37,38,39,40,49,42,7,44,45,60,47,48,21,50,51,53,13,54,55,6,57,58,59,2,0,62,46,64,10,66,67,68,20,70,71,72,8,74,75,76,77,78,79,80,81,82,83,84,85,86,87,88,89,34,91,92,93,94,95,96,97,98,99,100,101,102,103,104,105,106,107,108,109,110,111,112,113,114,115,116,117,118,119,120,121,122,123,90,125,126,127,128,129,130,131,132,133,134,135,136,137,138,139,140,141,142,143,144,145,146,147,148,149,150,151,152,153,154,155,156,157,158,159,160,161,162,163,164,165,166,167,168,169,170,171,172,173,174,175,176,177,178,179,180,181,182,183,184,185,186,187,188,189,190,191,192,193,194,195,196,197,198,199];False
8285;9087;17372;[69,46,11,3,26,43,18,30,8,9,4,1,12,32,14,15,93,65,16,19,61,41,22,23,24,25,5,27,28,56,63,31,29,33,17,35,36,37,38,39,40,49,42,7,44,45,60,47,48,21,50,51,53,13,54,55,6,57,58,59,2,0,62,52,64,10,66,67,68,34,70,71,72,90,74,75,76,77,78,79,80,81,82,83,84,85,86,87,88,89,20,91,73,92,94,95,96,97,98,99,100,101,102,103,104,105,106,107,108,109,110,111,112,113,114,115,116,117,118,119,120,121,122,123,124,125,126,127,128,129,130,131,132,133,134,135,136,137,138,139,140,141,142,143,144,145,146,147,148,149,150,151,152,153,154,155,156,157,158,159,160,161,162,163,164,165,166,167,168,169,170,171,172,173,174,175,176,177,178,179,180,181,182,183,184,185,186,187,188,189,190,191,192,193,194,195,196,197,198,199];False
8258;9076;17334;[107,46,11,3,26,43,18,30,8,9,4,1,12,32,14,15,93,65,16,19,61,41,22,23,24,25,5,27,28,56,63,31,29,33,17,35,36,37,38,39,40,49,42,7,44,45,60,47,48,21,50,51,53,13,54,55,6,57,58,59,2,0,62,52,64,10,66,67,68,69,70,71,72,90,74,75,76,77,78,79,80,81,82,83,84,85,86,87,88,89,20,91,73,92,94,95,96,97,98,99,100,101,102,103,104,105,106,34,108,109,110,111,112,113,114,115,116,117,118,119,120,121,122,123,124,125,126,127,128,129,130,131,132,133,134,135,136,137,138,139,140,141,142,143,144,145,146,147,148,149,150,151,152,153,154,155,156,157,158,159,160,161,162,163,164,165,166,167,168,169,170,171,172,173,174,175,176,177,178,179,180,181,182,183,184,185,186,187,188,189,190,191,192,193,194,195,196,197,198,199];False
8244;9093;17337;[114,46,11,3,26,43,18,30,8,9,4,1,12,32,14,15,93,65,16,19,61,41,22,23,24,25,5,27,28,56,63,31,29,33,17,35,36,37,38,39,40,49,42,7,44,45,60,47,48,21,50,51,53,13,54,55,6,57,58,59,2,0,62,52,64,10,66,67,68,69,70,71,72,90,74,75,76,77,78,79,80,81,82,83,84,85,86,87,88,89,20,91,73,92,94,95,96,97,98,99,100,101,102,103,104,105,106,107,108,109,110,111,112,113,34,115,116,117,118,119,120,121,122,123,124,125,126,127,128,129,130,131,132,133,134,135,136,137,138,139,140,141,142,143,144,145,146,147,148,149,150,151,152,153,154,155,156,157,158,159,160,161,162,163,164,165,166,167,168,169,170,171,172,173,174,175,176,177,178,179,180,181,182,183,184,185,186,187,188,189,190,191,192,193,194,195,196,197,198,199];False
8297;9071;17368;[117,46,11,3,26,43,18,30,8,9,4,1,12,32,14,15,93,65,16,19,61,41,22,23,24,25,5,27,28,56,63,31,29,33,17,35,36,37,38,39,40,49,42,7,44,45,60,47,48,21,50,51,53,13,54,55,6,57,58,59,2,0,62,52,64,10,66,67,68,69,70,71,72,90,74,75,76,77,78,79,80,81,82,83,84,85,86,87,88,89,20,91,73,92,94,95,96,97,98,99,100,101,102,103,104,105,106,107,108,109,110,111,112,113,114,115,116,34,118,119,120,121,122,123,124,125,126,127,128,129,130,131,132,133,134,135,136,137,138,139,140,141,142,143,144,145,146,147,148,149,150,151,152,153,154,155,156,157,158,159,160,161,162,163,164,165,166,167,168,169,170,171,172,173,174,175,176,177,178,179,180,181,182,183,184,185,186,187,188,189,190,191,192,193,194,195,196,197,198,199];False
8252;9068;17320;[4,46,11,3,26,43,18,30,8,9,69,1,12,32,14,15,20,65,16,19,61,41,22,23,24,25,5,27,28,56,63,31,29,33,17,35,36,93,38,39,40,49,42,7,44,45,60,47,48,21,50,51,53,13,54,55,6,57,58,59,2,0,62,52,64,10,66,67,68,37,70,71,72,90,74,75,76,77,78,79,80,81,82,83,84,85,86,87,88,89,34,91,73,92,94,95,96,97,98,99,100,101,102,103,104,105,106,107,108,109,110,111,112,113,114,115,116,117,118,119,120,121,122,123,124,125,126,127,128,129,130,131,132,133,134,135,136,137,138,139,140,141,142,143,144,145,146,147,148,149,150,151,152,153,154,155,156,157,158,159,160,161,162,163,164,165,166,167,168,169,170,171,172,173,174,175,176,177,178,179,180,181,182,183,184,185,186,187,188,189,190,191,192,193,194,195,196,197,198,199];False
8352;9044;17396;[16,46,11,3,26,43,18,30,8,9,107,1,12,32,14,15,20,65,19,25,61,41,22,23,24,4,5,27,28,56,63,31,29,33,17,35,36,37,38,39,40,49,42,7,44,45,60,47,48,21,50,51,53,13,54,55,6,57,58,59,2,0,62,52,64,10,66,67,68,69,70,71,72,73,74,75,76,77,78,79,80,81,82,83,84,85,86,87,88,89,34,91,90,93,94,95,96,97,98,99,100,101,102,103,104,105,106,92,108,109,110,111,112,113,114,115,116,117,118,119,120,121,122,123,124,125,126,127,128,129,130,131,132,133,134,135,136,137,138,139,140,141,142,143,144,145,146,147,148,149,150,151,152,153,154,155,156,157,158,159,160,161,162,163,164,165,166,167,168,169,170,171,172,173,174,175,176,177,178,179,180,181,182,183,184,185,186,187,188,189,190,191,192,193,194,195,196,197,198,199];False
8329;9050;17379;[29,46,11,3,26,43,18,30,8,9,107,1,12,32,14,15,20,65,16,25,61,41,22,23,24,4,5,27,28,56,63,31,19,33,17,35,36,37,38,39,40,49,42,7,44,45,60,47,48,21,50,51,53,13,54,55,6,57,58,59,2,0,62,52,64,10,66,67,68,69,70,71,72,73,74,75,76,77,78,79,80,81,82,83,84,85,86,87,88,89,34,91,90,93,94,95,96,97,98,99,100,101,102,103,104,105,106,92,108,109,110,111,112,113,114,115,116,117,118,119,120,121,122,123,124,125,126,127,128,129,130,131,132,133,134,135,136,137,138,139,140,141,142,143,144,145,146,147,148,149,150,151,152,153,154,155,156,157,158,159,160,161,162,163,164,165,166,167,168,169,170,171,172,173,174,175,176,177,178,179,180,181,182,183,184,185,186,187,188,189,190,191,192,193,194,195,196,197,198,199];False
8241;9089;17330;[68,46,11,3,26,43,18,30,8,9,107,1,12,32,14,15,20,65,16,25,61,41,22,23,24,4,5,27,28,56,63,31,29,33,17,35,36,37,38,39,40,49,42,7,44,45,60,47,48,21,50,51,53,13,54,55,6,57,58,59,2,0,62,52,64,10,66,67,19,69,70,71,72,73,74,75,76,77,78,79,80,81,82,83,84,85,86,87,88,89,34,91,90,93,94,95,96,97,98,99,100,101,102,103,104,105,106,92,108,109,110,111,112,113,114,115,116,117,118,119,120,121,122,123,124,125,126,127,128,129,130,131,132,133,134,135,136,137,138,139,140,141,142,143,144,145,146,147,148,149,150,151,152,153,154,155,156,157,158,159,160,161,162,163,164,165,166,167,168,169,170,171,172,173,174,175,176,177,178,179,180,181,182,183,184,185,186,187,188,189,190,191,192,193,194,195,196,197,198,199];False
8287;9061;17348;[73,46,11,3,26,43,18,30,8,9,107,1,12,32,14,15,20,65,16,25,61,41,22,23,24,4,5,27,28,56,63,31,29,33,17,35,36,37,38,39,40,49,42,7,44,45,60,47,48,21,50,51,53,13,54,55,6,57,58,59,2,0,62,52,64,10,66,67,68,69,70,71,72,19,74,75,76,77,78,79,80,81,82,83,84,85,86,87,88,89,34,91,90,93,94,95,96,97,98,99,100,101,102,103,104,105,106,92,108,109,110,111,112,113,114,115,116,117,118,119,120,121,122,123,124,125,126,127,128,129,130,131,132,133,134,135,136,137,138,139,140,141,142,143,144,145,146,147,148,149,150,151,152,153,154,155,156,157,158,159,160,161,162,163,164,165,166,167,168,169,170,171,172,173,174,175,176,177,178,179,180,181,182,183,184,185,186,187,188,189,190,191,192,193,194,195,196,197,198,199];False
8234;9077;17311;[77,46,11,3,26,43,18,30,8,9,107,1,12,32,14,15,20,65,16,25,61,41,22,23,24,4,5,27,28,56,63,31,29,33,17,35,36,37,38,39,40,49,42,7,44,45,60,47,48,21,50,51,53,13,54,55,6,57,58,59,2,0,62,52,64,10,66,67,68,69,70,71,72,73,74,75,76,19,78,79,80,81,82,83,84,85,86,87,88,89,34,91,90,93,94,95,96,97,98,99,100,101,102,103,104,105,106,92,108,109,110,111,112,113,114,115,116,117,118,119,120,121,122,123,124,125,126,127,128,129,130,131,132,133,134,135,136,137,138,139,140,141,142,143,144,145,146,147,148,149,150,151,152,153,154,155,156,157,158,159,160,161,162,163,164,165,166,167,168,169,170,171,172,173,174,175,176,177,178,179,180,181,182,183,184,185,186,187,188,189,190,191,192,193,194,195,196,197,198,199];False
8367;9037;17404;[34,46,11,3,26,43,18,30,8,9,107,1,12,32,14,15,20,65,16,25,61,41,22,23,24,4,5,27,28,56,63,31,29,33,17,35,36,37,38,39,40,49,42,7,44,45,60,47,48,21,50,51,53,13,54,55,6,57,58,59,2,0,62,52,64,10,66,67,68,69,70,71,72,73,74,75,76,77,78,79,80,81,82,83,84,85,86,87,88,89,19,91,90,93,94,95,96,97,98,99,100,101,102,103,104,105,106,92,108,109,110,111,112,113,114,115,116,117,118,119,120,121,122,123,124,125,126,127,128,129,130,131,132,133,134,135,136,137,138,139,140,141,142,143,144,145,146,147,148,149,150,151,152,153,154,155,156,157,158,159,160,161,162,163,164,165,166,167,168,169,170,171,172,173,174,175,176,177,178,179,180,181,182,183,184,185,186,187,188,189,190,191,192,193,194,195,196,197,198,199];False
8294;9039;17333;[94,46,11,3,26,43,18,30,8,9,107,1,12,32,14,15,20,65,16,25,61,41,22,23,24,4,5,27,28,56,63,31,29,33,17,35,36,37,38,39,40,49,42,7,44,45,60,47,48,21,50,51,53,13,54,55,6,57,58,59,2,0,62,52,64,10,66,67,68,69,70,71,72,73,74,75,76,77,78,79,80,81,82,83,84,85,86,87,88,89,34,91,90,93,19,95,96,97,98,99,100,101,102,103,104,105,106,92,108,109,110,111,112,113,114,115,116,117,118,119,120,121,122,123,124,125,126,127,128,129,130,131,132,133,134,135,136,137,138,139,140,141,142,143,144,145,146,147,148,149,150,151,152,153,154,155,156,157,158,159,160,161,162,163,164,165,166,167,168,169,170,171,172,173,174,175,176,177,178,179,180,181,182,183,184,185,186,187,188,189,190,191,192,193,194,195,196,197,198,199];False
7869;9280;17149;[63,52,11,3,26,43,18,30,124,9,4,1,12,32,14,15,16,60,64,19,25,41,22,23,24,69,5,27,28,56,92,31,29,33,17,35,36,37,38,39,40,49,42,7,44,45,10,47,48,21,50,51,0,53,54,55,6,57,58,59,2,61,62,67,13,46,66,34,68,20,70,71,72,65,74,75,76,77,78,79,80,81,82,83,84,85,86,87,88,89,73,91,8,93,94,95,96,97,98,99,100,101,102,103,104,105,106,107,108,109,110,111,112,113,114,115,116,117,118,119,120,121,122,123,90,125,126,127,128,129,130,131,132,133,134,135,136,137,138,139,140,141,142,143,144,145,146,147,148,149,150,151,152,153,154,155,156,157,158,159,160,161,162,163,164,165,166,167,168,169,170,171,172,173,174,175,176,177,178,179,180,181,182,183,184,185,186,187,188,189,190,191,192,193,194,195,196,197,198,199];False
7860;9306;17166;[33,52,11,3,26,43,18,30,124,9,4,1,12,32,14,15,16,60,64,19,25,41,22,23,24,69,5,27,28,56,63,31,29,92,17,35,36,37,38,39,40,49,42,7,44,45,10,47,48,21,50,51,0,53,54,55,6,57,58,59,2,61,62,67,13,46,66,34,68,20,70,71,72,65,74,75,76,77,78,79,80,81,82,83,84,85,86,87,88,89,73,91,8,93,94,95,96,97,98,99,100,101,102,103,104,105,106,107,108,109,110,111,112,113,114,115,116,117,118,119,120,121,122,123,90,125,126,127,128,129,130,131,132,133,134,135,136,137,138,139,140,141,142,143,144,145,146,147,148,149,150,151,152,153,154,155,156,157,158,159,160,161,162,163,164,165,166,167,168,169,170,171,172,173,174,175,176,177,178,179,180,181,182,183,184,185,186,187,188,189,190,191,192,193,194,195,196,197,198,199];False
7821;9302;17123;[47,52,11,3,26,43,18,30,124,9,4,1,12,32,14,15,16,60,64,19,25,41,22,23,24,69,5,27,28,56,63,31,29,33,17,35,36,37,38,39,40,49,42,7,44,45,10,92,48,21,50,51,0,53,54,55,6,57,58,59,2,61,62,67,13,46,66,34,68,20,70,71,72,65,74,75,76,77,78,79,80,81,82,83,84,85,86,87,88,89,73,91,8,93,94,95,96,97,98,99,100,101,102,103,104,105,106,107,108,109,110,111,112,113,114,115,116,117,118,119,120,121,122,123,90,125,126,127,128,129,130,131,132,133,134,135,136,137,138,139,140,141,142,143,144,145,146,147,148,149,150,151,152,153,154,155,156,157,158,159,160,161,162,163,164,165,166,167,168,169,170,171,172,173,174,175,176,177,178,179,180,181,182,183,184,185,186,187,188,189,190,191,192,193,194,195,196,197,198,199];False
7963;9260;17223;[50,52,11,3,26,43,18,30,124,9,4,1,12,32,14,15,16,60,64,19,25,41,22,23,24,69,5,27,28,56,63,31,29,33,17,35,36,37,38,39,40,49,42,7,44,45,10,47,48,21,92,51,0,53,54,55,6,57,58,59,2,61,62,67,13,46,66,34,68,20,70,71,72,65,74,75,76,77,78,79,80,81,82,83,84,85,86,87,88,89,73,91,8,93,94,95,96,97,98,99,100,101,102,103,104,105,106,107,108,109,110,111,112,113,114,115,116,117,118,119,120,121,122,123,90,125,126,127,128,129,130,131,132,133,134,135,136,137,138,139,140,141,142,143,144,145,146,147,148,149,150,151,152,153,154,155,156,157,158,159,160,161,162,163,164,165,166,167,168,169,170,171,172,173,174,175,176,177,178,179,180,181,182,183,184,185,186,187,188,189,190,191,192,193,194,195,196,197,198,199];False
7875;9253;17128;[54,52,11,3,26,43,18,30,124,9,4,1,12,32,14,15,16,60,64,19,25,41,22,23,24,69,5,27,28,56,63,31,29,33,17,35,36,37,38,39,40,49,42,7,44,45,10,47,48,21,50,51,0,53,92,55,6,57,58,59,2,61,62,67,13,46,66,34,68,20,70,71,72,65,74,75,76,77,78,79,80,81,82,83,84,85,86,87,88,89,73,91,8,93,94,95,96,97,98,99,100,101,102,103,104,105,106,107,108,109,110,111,112,113,114,115,116,117,118,119,120,121,122,123,90,125,126,127,128,129,130,131,132,133,134,135,136,137,138,139,140,141,142,143,144,145,146,147,148,149,150,151,152,153,154,155,156,157,158,159,160,161,162,163,164,165,166,167,168,169,170,171,172,173,174,175,176,177,178,179,180,181,182,183,184,185,186,187,188,189,190,191,192,193,194,195,196,197,198,199];False
7809;9305;17114;[52,93,11,3,26,43,18,30,124,9,4,1,12,32,14,15,16,60,64,19,25,41,22,23,24,69,5,27,28,56,63,31,29,33,17,35,36,37,38,39,40,49,42,7,44,45,10,47,48,21,50,51,0,53,54,55,6,57,58,59,2,61,62,67,13,46,66,34,68,20,70,71,72,65,74,75,76,77,78,79,80,81,82,83,84,85,86,87,88,89,73,91,92,8,94,95,96,97,98,99,100,101,102,103,104,105,106,107,108,109,110,111,112,113,114,115,116,117,118,119,120,121,122,123,90,125,126,127,128,129,130,131,132,133,134,135,136,137,138,139,140,141,142,143,144,145,146,147,148,149,150,151,152,153,154,155,156,157,158,159,160,161,162,163,164,165,166,167,168,169,170,171,172,173,174,175,176,177,178,179,180,181,182,183,184,185,186,187,188,189,190,191,192,193,194,195,196,197,198,199];False
7810;9286;17096;[11,52,93,3,26,43,18,30,124,9,4,1,12,32,14,15,16,60,64,19,25,41,22,23,24,69,5,27,28,56,63,31,29,33,17,35,36,37,38,39,40,49,42,7,44,45,10,47,48,21,50,51,0,53,54,55,6,57,58,59,2,61,62,67,13,46,66,34,68,20,70,71,72,65,74,75,76,77,78,79,80,81,82,83,84,85,86,87,88,89,73,91,92,8,94,95,96,97,98,99,100,101,102,103,104,105,106,107,108,109,110,111,112,113,114,115,116,117,118,119,120,121,122,123,90,125,126,127,128,129,130,131,132,133,134,135,136,137,138,139,140,141,142,143,144,145,146,147,148,149,150,151,152,153,154,155,156,157,158,159,160,161,162,163,164,165,166,167,168,169,170,171,172,173,174,175,176,177,178,179,180,181,182,183,184,185,186,187,188,189,190,191,192,193,194,195,196,197,198,199];False
7797;9289;17086;[4,52,11,3,26,43,18,30,124,9,93,1,12,32,14,15,16,60,64,19,25,41,22,23,24,69,5,27,28,56,63,31,29,33,17,35,36,37,38,39,40,49,42,7,44,45,10,47,48,21,50,51,0,53,54,55,6,57,58,59,2,61,62,67,13,46,66,34,68,20,70,71,72,65,74,75,76,77,78,79,80,81,82,83,84,85,86,87,88,89,73,91,92,8,94,95,96,97,98,99,100,101,102,103,104,105,106,107,108,109,110,111,112,113,114,115,116,117,118,119,120,121,122,123,90,125,126,127,128,129,130,131,132,133,134,135,136,137,138,139,140,141,142,143,144,145,146,147,148,149,150,151,152,153,154,155,156,157,158,159,160,161,162,163,164,165,166,167,168,169,170,171,172,173,174,175,176,177,178,179,180,181,182,183,184,185,186,187,188,189,190,191,192,193,194,195,196,197,198,199];False
7761;9329;17090;[63,52,11,3,26,43,18,30,124,9,4,1,12,32,14,15,16,60,64,19,25,41,22,23,24,69,5,27,28,56,93,31,29,33,17,35,36,37,38,39,40,49,42,7,44,45,10,47,48,21,50,51,0,53,54,55,6,57,58,59,2,61,62,67,13,46,66,34,68,20,70,71,72,65,74,75,76,77,78,79,80,81,82,83,84,85,86,87,88,89,73,91,92,8,94,95,96,97,98,99,100,101,102,103,104,105,106,107,108,109,110,111,112,113,114,115,116,117,118,119,120,121,122,123,90,125,126,127,128,129,130,131,132,133,134,135,136,137,138,139,140,141,142,143,144,145,146,147,148,149,150,151,152,153,154,155,156,157,158,159,160,161,162,163,164,165,166,167,168,169,170,171,172,173,174,175,176,177,178,179,180,181,182,183,184,185,186,187,188,189,190,191,192,193,194,195,196,197,198,199];False
7744;9324;17068;[33,52,11,3,26,43,18,30,124,9,4,1,12,32,14,15,16,60,64,19,25,41,22,23,24,69,5,27,28,56,63,31,29,93,17,35,36,37,38,39,40,49,42,7,44,45,10,47,48,21,50,51,0,53,54,55,6,57,58,59,2,61,62,67,13,46,66,34,68,20,70,71,72,65,74,75,76,77,78,79,80,81,82,83,84,85,86,87,88,89,73,91,92,8,94,95,96,97,98,99,100,101,102,103,104,105,106,107,108,109,110,111,112,113,114,115,116,117,118,119,120,121,122,123,90,125,126,127,128,129,130,131,132,133,134,135,136,137,138,139,140,141,142,143,144,145,146,147,148,149,150,151,152,153,154,155,156,157,158,159,160,161,162,163,164,165,166,167,168,169,170,171,172,173,174,175,176,177,178,179,180,181,182,183,184,185,186,187,188,189,190,191,192,193,194,195,196,197,198,199];False
7757;9304;17061;[17,52,11,3,26,43,18,30,124,9,4,1,12,32,14,15,16,60,64,19,25,41,22,23,24,69,5,27,28,56,63,31,29,33,93,35,36,37,38,39,40,49,42,7,44,45,10,47,48,21,50,51,0,53,54,55,6,57,58,59,2,61,62,67,13,46,66,34,68,20,70,71,72,65,74,75,76,77,78,79,80,81,82,83,84,85,86,87,88,89,73,91,92,8,94,95,96,97,98,99,100,101,102,103,104,105,106,107,108,109,110,111,112,113,114,115,116,117,118,119,120,121,122,123,90,125,126,127,128,129,130,131,132,133,134,135,136,137,138,139,140,141,142,143,144,145,146,147,148,149,150,151,152,153,154,155,156,157,158,159,160,161,162,163,164,165,166,167,168,169,170,171,172,173,174,175,176,177,178,179,180,181,182,183,184,185,186,187,188,189,190,191,192,193,194,195,196,197,198,199];False
8004;9240;17244;[25,80,11,3,26,43,18,30,8,9,4,1,12,32,14,15,16,60,64,19,53,41,22,23,24,69,5,27,28,56,63,31,29,33,17,35,36,37,38,39,40,49,42,7,44,45,10,47,48,21,50,51,0,165,54,55,6,57,58,59,2,61,62,67,13,46,66,34,68,20,70,71,72,65,74,75,76,77,78,79,52,81,82,83,84,85,86,87,88,89,73,91,92,93,94,95,96,97,98,99,100,101,102,103,104,105,106,107,108,109,110,111,112,113,114,115,116,117,118,119,120,121,122,123,124,125,126,127,128,129,130,131,132,133,134,135,136,137,138,139,140,141,142,143,144,145,146,147,148,149,150,151,152,153,154,155,156,157,158,159,160,161,162,163,164,90,166,167,168,169,170,171,172,173,174,175,176,177,178,179,180,181,182,183,184,185,186,187,188,189,190,191,192,193,194,195,196,197,198,199];False
7965;9220;17185;[33,80,11,3,26,43,18,30,8,9,4,1,12,32,14,15,16,60,64,19,25,41,22,23,24,69,5,27,28,56,63,31,29,53,17,35,36,37,38,39,40,49,42,7,44,45,10,47,48,21,50,51,0,165,54,55,6,57,58,59,2,61,62,67,13,46,66,34,68,20,70,71,72,65,74,75,76,77,78,79,52,81,82,83,84,85,86,87,88,89,73,91,92,93,94,95,96,97,98,99,100,101,102,103,104,105,106,107,108,109,110,111,112,113,114,115,116,117,118,119,120,121,122,123,124,125,126,127,128,129,130,131,132,133,134,135,136,137,138,139,140,141,142,143,144,145,146,147,148,149,150,151,152,153,154,155,156,157,158,159,160,161,162,163,164,90,166,167,168,169,170,171,172,173,174,175,176,177,178,179,180,181,182,183,184,185,186,187,188,189,190,191,192,193,194,195,196,197,198,199];False
7938;9221;17159;[72,80,11,3,26,43,18,30,8,9,4,1,12,32,14,15,16,60,64,19,25,41,22,23,24,69,5,27,28,56,63,31,29,33,17,35,36,37,38,39,40,49,42,7,44,45,10,47,48,21,50,51,0,165,54,55,6,57,58,59,2,61,62,67,13,46,66,34,68,20,70,71,53,65,74,75,76,77,78,79,52,81,82,83,84,85,86,87,88,89,73,91,92,93,94,95,96,97,98,99,100,101,102,103,104,105,106,107,108,109,110,111,112,113,114,115,116,117,118,119,120,121,122,123,124,125,126,127,128,129,130,131,132,133,134,135,136,137,138,139,140,141,142,143,144,145,146,147,148,149,150,151,152,153,154,155,156,157,158,159,160,161,162,163,164,90,166,167,168,169,170,171,172,173,174,175,176,177,178,179,180,181,182,183,184,185,186,187,188,189,190,191,192,193,194,195,196,197,198,199];False
7913;9234;17147;[78,80,11,3,26,43,18,30,8,9,4,1,12,32,14,15,16,60,64,19,25,41,22,23,24,69,5,27,28,56,63,31,29,33,17,35,36,37,38,39,40,49,42,7,44,45,10,47,48,21,50,51,0,165,54,55,6,57,58,59,2,61,62,67,13,46,66,34,68,20,70,71,72,65,74,75,76,77,53,79,52,81,82,83,84,85,86,87,88,89,73,91,92,93,94,95,96,97,98,99,100,101,102,103,104,105,106,107,108,109,110,111,112,113,114,115,116,117,118,119,120,121,122,123,124,125,126,127,128,129,130,131,132,133,134,135,136,137,138,139,140,141,142,143,144,145,146,147,148,149,150,151,152,153,154,155,156,157,158,159,160,161,162,163,164,90,166,167,168,169,170,171,172,173,174,175,176,177,178,179,180,181,182,183,184,185,186,187,188,189,190,191,192,193,194,195,196,197,198,199];False
7932;9232;17164;[86,80,11,3,26,43,18,30,8,9,4,1,12,32,14,15,16,60,64,19,25,41,22,23,24,69,5,27,28,56,63,31,29,33,17,35,36,37,38,39,40,49,42,7,44,45,10,47,48,21,50,51,0,165,54,55,6,57,58,59,2,61,62,67,13,46,66,34,68,20,70,71,72,65,74,75,76,77,78,79,52,81,82,83,84,85,53,87,88,89,73,91,92,93,94,95,96,97,98,99,100,101,102,103,104,105,106,107,108,109,110,111,112,113,114,115,116,117,118,119,120,121,122,123,124,125,126,127,128,129,130,131,132,133,134,135,136,137,138,139,140,141,142,143,144,145,146,147,148,149,150,151,152,153,154,155,156,157,158,159,160,161,162,163,164,90,166,167,168,169,170,171,172,173,174,175,176,177,178,179,180,181,182,183,184,185,186,187,188,189,190,191,192,193,194,195,196,197,198,199];False
8008;9193;17201;[73,80,11,3,26,43,18,30,8,9,4,1,12,32,14,15,16,60,64,19,25,41,22,23,24,69,5,27,28,56,63,31,29,33,17,35,36,37,38,39,40,49,42,7,44,45,10,47,48,21,50,51,0,165,54,55,6,57,58,59,2,61,62,67,13,46,66,34,68,20,70,71,72,65,74,75,76,77,78,79,52,81,82,83,84,85,86,87,88,89,53,91,92,93,94,95,96,97,98,99,100,101,102,103,104,105,106,107,108,109,110,111,112,113,114,115,116,117,118,119,120,121,122,123,124,125,126,127,128,129,130,131,132,133,134,135,136,137,138,139,140,141,142,143,144,145,146,147,148,149,150,151,152,153,154,155,156,157,158,159,160,161,162,163,164,90,166,167,168,169,170,171,172,173,174,175,176,177,178,179,180,181,182,183,184,185,186,187,188,189,190,191,192,193,194,195,196,197,198,199];False
8496;9005;17501;[14,46,11,3,26,43,18,30,25,9,69,1,12,32,8,15,65,17,16,19,61,41,22,23,24,34,5,27,28,56,63,31,29,33,20,35,36,37,38,39,40,49,42,7,44,45,60,47,48,21,50,51,53,13,54,55,6,57,58,59,2,0,62,52,64,10,66,67,68,92,70,71,72,73,74,75,76,77,78,79,80,81,82,83,84,85,86,87,88,89,4,91,90,93,94,95,96,97,98,99,100,101,102,103,104,105,106,107,108,109,110,111,112,113,114,115,116,117,118,119,120,121,122,123,124,125,126,127,128,129,130,131,132,133,134,135,136,137,138,139,140,141,142,143,144,145,146,147,148,149,150,151,152,153,154,155,156,157,158,159,160,161,162,163,164,165,166,167,168,169,170,171,172,173,174,175,176,177,178,179,180,181,182,183,184,185,186,187,188,189,190,191,192,193,194,195,196,197,198,199];False
8364;9019;17383;[17,46,11,3,26,43,18,30,25,9,69,1,12,32,14,15,65,8,16,19,61,41,22,23,24,34,5,27,28,56,63,31,29,33,20,35,36,37,38,39,40,49,42,7,44,45,60,47,48,21,50,51,53,13,54,55,6,57,58,59,2,0,62,52,64,10,66,67,68,92,70,71,72,73,74,75,76,77,78,79,80,81,82,83,84,85,86,87,88,89,4,91,90,93,94,95,96,97,98,99,100,101,102,103,104,105,106,107,108,109,110,111,112,113,114,115,116,117,118,119,120,121,122,123,124,125,126,127,128,129,130,131,132,133,134,135,136,137,138,139,140,141,142,143,144,145,146,147,148,149,150,151,152,153,154,155,156,157,158,159,160,161,162,163,164,165,166,167,168,169,170,171,172,173,174,175,176,177,178,179,180,181,182,183,184,185,186,187,188,189,190,191,192,193,194,195,196,197,198,199];False
8372;9009;17381;[16,46,11,3,26,43,18,30,25,9,69,1,12,32,14,15,65,17,8,19,61,41,22,23,24,34,5,27,28,56,63,31,29,33,20,35,36,37,38,39,40,49,42,7,44,45,60,47,48,21,50,51,53,13,54,55,6,57,58,59,2,0,62,52,64,10,66,67,68,92,70,71,72,73,74,75,76,77,78,79,80,81,82,83,84,85,86,87,88,89,4,91,90,93,94,95,96,97,98,99,100,101,102,103,104,105,106,107,108,109,110,111,112,113,114,115,116,117,118,119,120,121,122,123,124,125,126,127,128,129,130,131,132,133,134,135,136,137,138,139,140,141,142,143,144,145,146,147,148,149,150,151,152,153,154,155,156,157,158,159,160,161,162,163,164,165,166,167,168,169,170,171,172,173,174,175,176,177,178,179,180,181,182,183,184,185,186,187,188,189,190,191,192,193,194,195,196,197,198,199];False
8460;8996;17456;[19,46,11,3,26,43,18,30,25,9,69,1,12,32,14,15,65,17,16,8,61,41,22,23,24,34,5,27,28,56,63,31,29,33,20,35,36,37,38,39,40,49,42,7,44,45,60,47,48,21,50,51,53,13,54,55,6,57,58,59,2,0,62,52,64,10,66,67,68,92,70,71,72,73,74,75,76,77,78,79,80,81,82,83,84,85,86,87,88,89,4,91,90,93,94,95,96,97,98,99,100,101,102,103,104,105,106,107,108,109,110,111,112,113,114,115,116,117,118,119,120,121,122,123,124,125,126,127,128,129,130,131,132,133,134,135,136,137,138,139,140,141,142,143,144,145,146,147,148,149,150,151,152,153,154,155,156,157,158,159,160,161,162,163,164,165,166,167,168,169,170,171,172,173,174,175,176,177,178,179,180,181,182,183,184,185,186,187,188,189,190,191,192,193,194,195,196,197,198,199];False
8471;8992;17463;[29,46,11,3,26,43,18,30,25,9,69,1,12,32,14,15,65,17,16,19,61,41,22,23,24,34,5,27,28,56,63,31,8,33,20,35,36,37,38,39,40,49,42,7,44,45,60,47,48,21,50,51,53,13,54,55,6,57,58,59,2,0,62,52,64,10,66,67,68,92,70,71,72,73,74,75,76,77,78,79,80,81,82,83,84,85,86,87,88,89,4,91,90,93,94,95,96,97,98,99,100,101,102,103,104,105,106,107,108,109,110,111,112,113,114,115,116,117,118,119,120,121,122,123,124,125,126,127,128,129,130,131,132,133,134,135,136,137,138,139,140,141,142,143,144,145,146,147,148,149,150,151,152,153,154,155,156,157,158,159,160,161,162,163,164,165,166,167,168,169,170,171,172,173,174,175,176,177,178,179,180,181,182,183,184,185,186,187,188,189,190,191,192,193,194,195,196,197,198,199];False
8433;9008;17441;[92,46,11,3,26,43,18,30,25,9,69,1,12,32,14,15,65,17,16,19,61,41,22,23,24,34,5,27,28,56,63,31,29,33,20,35,36,37,38,39,40,49,42,7,44,45,60,47,48,21,50,51,53,13,54,55,6,57,58,59,2,0,62,52,64,10,66,67,68,8,70,71,72,73,74,75,76,77,78,79,80,81,82,83,84,85,86,87,88,89,4,91,90,93,94,95,96,97,98,99,100,101,102,103,104,105,106,107,108,109,110,111,112,113,114,115,116,117,118,119,120,121,122,123,124,125,126,127,128,129,130,131,132,133,134,135,136,137,138,139,140,141,142,143,144,145,146,147,148,149,150,151,152,153,154,155,156,157,158,159,160,161,162,163,164,165,166,167,168,169,170,171,172,173,174,175,176,177,178,179,180,181,182,183,184,185,186,187,188,189,190,191,192,193,194,195,196,197,198,199];False
8080;9141;17221;[33,52,11,3,26,43,18,30,25,9,4,1,12,32,14,15,124,8,16,19,61,41,22,23,24,69,5,27,28,56,63,31,29,73,17,35,36,37,38,39,40,49,42,7,44,45,60,47,48,21,50,51,53,13,54,55,6,57,58,59,2,0,62,46,64,10,66,67,68,20,70,71,72,65,74,75,76,77,78,79,80,81,82,83,84,85,86,87,88,89,34,91,92,93,94,95,96,97,98,99,100,101,102,103,104,105,106,107,108,109,110,111,112,113,114,115,116,117,118,119,120,121,122,123,90,125,126,127,128,129,130,131,132,133,134,135,136,137,138,139,140,141,142,143,144,145,146,147,148,149,150,151,152,153,154,155,156,157,158,159,160,161,162,163,164,165,166,167,168,169,170,171,172,173,174,175,176,177,178,179,180,181,182,183,184,185,186,187,188,189,190,191,192,193,194,195,196,197,198,199];False
8137;9111;17248;[50,52,11,3,26,43,18,30,25,9,4,1,12,32,14,15,124,8,16,19,61,41,22,23,24,69,5,27,28,56,63,31,29,33,17,35,36,37,38,39,40,49,42,7,44,45,60,47,48,21,73,51,53,13,54,55,6,57,58,59,2,0,62,46,64,10,66,67,68,20,70,71,72,65,74,75,76,77,78,79,80,81,82,83,84,85,86,87,88,89,34,91,92,93,94,95,96,97,98,99,100,101,102,103,104,105,106,107,108,109,110,111,112,113,114,115,116,117,118,119,120,121,122,123,90,125,126,127,128,129,130,131,132,133,134,135,136,137,138,139,140,141,142,143,144,145,146,147,148,149,150,151,152,153,154,155,156,157,158,159,160,161,162,163,164,165,166,167,168,169,170,171,172,173,174,175,176,177,178,179,180,181,182,183,184,185,186,187,188,189,190,191,192,193,194,195,196,197,198,199];False
8037;9131;17168;[81,52,11,3,26,43,18,30,25,9,4,1,12,32,14,15,124,8,16,19,61,41,22,23,24,69,5,27,28,56,63,31,29,33,17,35,36,37,38,39,40,49,42,7,44,45,60,47,48,21,50,51,53,13,54,55,6,57,58,59,2,0,62,46,64,10,66,67,68,20,70,71,72,65,74,75,76,77,78,79,80,73,82,83,84,85,86,87,88,89,34,91,92,93,94,95,96,97,98,99,100,101,102,103,104,105,106,107,108,109,110,111,112,113,114,115,116,117,118,119,120,121,122,123,90,125,126,127,128,129,130,131,132,133,134,135,136,137,138,139,140,141,142,143,144,145,146,147,148,149,150,151,152,153,154,155,156,157,158,159,160,161,162,163,164,165,166,167,168,169,170,171,172,173,174,175,176,177,178,179,180,181,182,183,184,185,186,187,188,189,190,191,192,193,194,195,196,197,198,199];False
8017;9130;17147;[86,52,11,3,26,43,18,30,25,9,4,1,12,32,14,15,124,8,16,19,61,41,22,23,24,69,5,27,28,56,63,31,29,33,17,35,36,37,38,39,40,49,42,7,44,45,60,47,48,21,50,51,53,13,54,55,6,57,58,59,2,0,62,46,64,10,66,67,68,20,70,71,72,65,74,75,76,77,78,79,80,81,82,83,84,85,73,87,88,89,34,91,92,93,94,95,96,97,98,99,100,101,102,103,104,105,106,107,108,109,110,111,112,113,114,115,116,117,118,119,120,121,122,123,90,125,126,127,128,129,130,131,132,133,134,135,136,137,138,139,140,141,142,143,144,145,146,147,148,149,150,151,152,153,154,155,156,157,158,159,160,161,162,163,164,165,166,167,168,169,170,171,172,173,174,175,176,177,178,179,180,181,182,183,184,185,186,187,188,189,190,191,192,193,194,195,196,197,198,199];False
8034;9116;17150;[34,52,11,3,26,43,18,30,25,9,4,1,12,32,14,15,124,8,16,19,61,41,22,23,24,69,5,27,28,56,63,31,29,33,17,35,36,37,38,39,40,49,42,7,44,45,60,47,48,21,50,51,53,13,54,55,6,57,58,59,2,0,62,46,64,10,66,67,68,20,70,71,72,65,74,75,76,77,78,79,80,81,82,83,84,85,86,87,88,89,73,91,92,93,94,95,96,97,98,99,100,101,102,103,104,105,106,107,108,109,110,111,112,113,114,115,116,117,118,119,120,121,122,123,90,125,126,127,128,129,130,131,132,133,134,135,136,137,138,139,140,141,142,143,144,145,146,147,148,149,150,151,152,153,154,155,156,157,158,159,160,161,162,163,164,165,166,167,168,169,170,171,172,173,174,175,176,177,178,179,180,181,182,183,184,185,186,187,188,189,190,191,192,193,194,195,196,197,198,199];False
8083;9080;17163;[117,52,11,3,26,43,18,30,25,9,4,1,12,32,14,15,124,8,16,19,61,41,22,23,24,69,5,27,28,56,63,31,29,33,17,35,36,37,38,39,40,49,42,7,44,45,60,47,48,21,50,51,53,13,54,55,6,57,58,59,2,0,62,46,64,10,66,67,68,20,70,71,72,65,74,75,76,77,78,79,80,81,82,83,84,85,86,87,88,89,34,91,92,93,94,95,96,97,98,99,100,101,102,103,104,105,106,107,108,109,110,111,112,113,114,115,116,73,118,119,120,121,122,123,90,125,126,127,128,129,130,131,132,133,134,135,136,137,138,139,140,141,142,143,144,145,146,147,148,149,150,151,152,153,154,155,156,157,158,159,160,161,162,163,164,165,166,167,168,169,170,171,172,173,174,175,176,177,178,179,180,181,182,183,184,185,186,187,188,189,190,191,192,193,194,195,196,197,198,199];False
8218;9078;17296;[25,46,11,3,26,43,18,30,8,9,69,1,12,32,14,15,20,65,16,19,61,41,22,23,24,4,5,27,28,56,63,31,29,33,17,35,36,93,38,39,40,49,42,7,44,45,60,47,48,21,50,51,53,13,54,55,6,57,58,59,2,0,62,52,64,10,66,67,68,37,70,71,72,90,74,75,76,77,78,79,80,81,82,83,84,85,86,87,88,89,34,91,73,92,94,95,96,97,98,99,100,101,102,103,104,105,106,107,108,109,110,111,112,113,114,115,116,117,118,119,120,121,122,123,124,125,126,127,128,129,130,131,132,133,134,135,136,137,138,139,140,141,142,143,144,145,146,147,148,149,150,151,152,153,154,155,156,157,158,159,160,161,162,163,164,165,166,167,168,169,170,171,172,173,174,175,176,177,178,179,180,181,182,183,184,185,186,187,188,189,190,191,192,193,194,195,196,197,198,199];False
8224;9075;17299;[37,46,11,3,26,43,18,30,8,9,69,1,12,32,14,15,20,65,16,19,61,41,22,23,24,25,5,27,28,56,63,31,29,33,17,35,36,93,38,39,40,49,42,7,44,45,60,47,48,21,50,51,53,13,54,55,6,57,58,59,2,0,62,52,64,10,66,67,68,4,70,71,72,90,74,75,76,77,78,79,80,81,82,83,84,85,86,87,88,89,34,91,73,92,94,95,96,97,98,99,100,101,102,103,104,105,106,107,108,109,110,111,112,113,114,115,116,117,118,119,120,121,122,123,124,125,126,127,128,129,130,131,132,133,134,135,136,137,138,139,140,141,142,143,144,145,146,147,148,149,150,151,152,153,154,155,156,157,158,159,160,161,162,163,164,165,166,167,168,169,170,171,172,173,174,175,176,177,178,179,180,181,182,183,184,185,186,187,188,189,190,191,192,193,194,195,196,197,198,199];False
8175;9055;17230;[34,46,11,3,26,43,18,30,8,9,69,1,12,32,14,15,20,65,16,19,61,41,22,23,24,25,5,27,28,56,63,31,29,33,17,35,36,93,38,39,40,49,42,7,44,45,60,47,48,21,50,51,53,13,54,55,6,57,58,59,2,0,62,52,64,10,66,67,68,37,70,71,72,90,74,75,76,77,78,79,80,81,82,83,84,85,86,87,88,89,4,91,73,92,94,95,96,97,98,99,100,101,102,103,104,105,106,107,108,109,110,111,112,113,114,115,116,117,118,119,120,121,122,123,124,125,126,127,128,129,130,131,132,133,134,135,136,137,138,139,140,141,142,143,144,145,146,147,148,149,150,151,152,153,154,155,156,157,158,159,160,161,162,163,164,165,166,167,168,169,170,171,172,173,174,175,176,177,178,179,180,181,182,183,184,185,186,187,188,189,190,191,192,193,194,195,196,197,198,199];False
8348;9034;17382;[16,46,11,3,26,43,18,30,8,9,107,1,12,32,14,15,20,65,94,25,61,41,22,23,24,4,5,27,28,56,63,31,29,33,17,35,36,37,38,39,40,49,42,7,44,45,60,47,48,21,50,51,53,13,54,55,6,57,58,59,2,0,62,52,64,10,66,67,68,69,70,71,72,73,74,75,76,77,78,79,80,81,82,83,84,85,86,87,88,89,34,91,90,93,19,95,96,97,98,99,100,101,102,103,104,105,106,92,108,109,110,111,112,113,114,115,116,117,118,119,120,121,122,123,124,125,126,127,128,129,130,131,132,133,134,135,136,137,138,139,140,141,142,143,144,145,146,147,148,149,150,151,152,153,154,155,156,157,158,159,160,161,162,163,164,165,166,167,168,169,170,171,172,173,174,175,176,177,178,179,180,181,182,183,184,185,186,187,188,189,190,191,192,193,194,195,196,197,198,199];False
8245;9037;17282;[29,46,11,3,26,43,18,30,8,9,107,1,12,32,14,15,20,65,16,25,61,41,22,23,24,4,5,27,28,56,63,31,94,33,17,35,36,37,38,39,40,49,42,7,44,45,60,47,48,21,50,51,53,13,54,55,6,57,58,59,2,0,62,52,64,10,66,67,68,69,70,71,72,73,74,75,76,77,78,79,80,81,82,83,84,85,86,87,88,89,34,91,90,93,19,95,96,97,98,99,100,101,102,103,104,105,106,92,108,109,110,111,112,113,114,115,116,117,118,119,120,121,122,123,124,125,126,127,128,129,130,131,132,133,134,135,136,137,138,139,140,141,142,143,144,145,146,147,148,149,150,151,152,153,154,155,156,157,158,159,160,161,162,163,164,165,166,167,168,169,170,171,172,173,174,175,176,177,178,179,180,181,182,183,184,185,186,187,188,189,190,191,192,193,194,195,196,197,198,199];False
7874;9270;17144;[108,52,11,3,26,43,18,30,124,9,4,1,12,32,14,15,16,60,64,19,25,41,22,23,24,69,5,27,28,56,92,31,29,33,17,35,36,37,38,39,40,49,42,7,44,45,10,47,48,21,50,51,0,53,54,55,6,57,58,59,2,61,62,67,13,46,66,34,68,20,70,71,72,65,74,75,76,77,78,79,80,81,82,83,84,85,86,87,88,89,73,91,8,93,94,95,96,97,98,99,100,101,102,103,104,105,106,107,63,109,110,111,112,113,114,115,116,117,118,119,120,121,122,123,90,125,126,127,128,129,130,131,132,133,134,135,136,137,138,139,140,141,142,143,144,145,146,147,148,149,150,151,152,153,154,155,156,157,158,159,160,161,162,163,164,165,166,167,168,169,170,171,172,173,174,175,176,177,178,179,180,181,182,183,184,185,186,187,188,189,190,191,192,193,194,195,196,197,198,199];False
7774;9301;17075;[110,52,11,3,26,43,18,30,124,9,4,1,12,32,14,15,16,60,64,19,25,41,22,23,24,69,5,27,28,56,92,31,29,33,17,35,36,37,38,39,40,49,42,7,44,45,10,47,48,21,50,51,0,53,54,55,6,57,58,59,2,61,62,67,13,46,66,34,68,20,70,71,72,65,74,75,76,77,78,79,80,81,82,83,84,85,86,87,88,89,73,91,8,93,94,95,96,97,98,99,100,101,102,103,104,105,106,107,108,109,63,111,112,113,114,115,116,117,118,119,120,121,122,123,90,125,126,127,128,129,130,131,132,133,134,135,136,137,138,139,140,141,142,143,144,145,146,147,148,149,150,151,152,153,154,155,156,157,158,159,160,161,162,163,164,165,166,167,168,169,170,171,172,173,174,175,176,177,178,179,180,181,182,183,184,185,186,187,188,189,190,191,192,193,194,195,196,197,198,199];False
7851;9235;17086;[117,52,11,3,26,43,18,30,124,9,4,1,12,32,14,15,16,60,64,19,25,41,22,23,24,69,5,27,28,56,92,31,29,33,17,35,36,37,38,39,40,49,42,7,44,45,10,47,48,21,50,51,0,53,54,55,6,57,58,59,2,61,62,67,13,46,66,34,68,20,70,71,72,65,74,75,76,77,78,79,80,81,82,83,84,85,86,87,88,89,73,91,8,93,94,95,96,97,98,99,100,101,102,103,104,105,106,107,108,109,110,111,112,113,114,115,116,63,118,119,120,121,122,123,90,125,126,127,128,129,130,131,132,133,134,135,136,137,138,139,140,141,142,143,144,145,146,147,148,149,150,151,152,153,154,155,156,157,158,159,160,161,162,163,164,165,166,167,168,169,170,171,172,173,174,175,176,177,178,179,180,181,182,183,184,185,186,187,188,189,190,191,192,193,194,195,196,197,198,199];False
7764;9301;17065;[17,52,93,3,26,43,18,30,124,9,4,1,12,32,14,15,16,60,64,19,25,41,22,23,24,69,5,27,28,56,63,31,29,33,11,35,36,37,38,39,40,49,42,7,44,45,10,47,48,21,50,51,0,53,54,55,6,57,58,59,2,61,62,67,13,46,66,34,68,20,70,71,72,65,74,75,76,77,78,79,80,81,82,83,84,85,86,87,88,89,73,91,92,8,94,95,96,97,98,99,100,101,102,103,104,105,106,107,108,109,110,111,112,113,114,115,116,117,118,119,120,121,122,123,90,125,126,127,128,129,130,131,132,133,134,135,136,137,138,139,140,141,142,143,144,145,146,147,148,149,150,151,152,153,154,155,156,157,158,159,160,161,162,163,164,165,166,167,168,169,170,171,172,173,174,175,176,177,178,179,180,181,182,183,184,185,186,187,188,189,190,191,192,193,194,195,196,197,198,199];False
7740;9304;17044;[10,52,93,3,26,43,18,30,124,9,4,1,12,32,14,15,16,60,64,19,25,41,22,23,24,69,5,27,28,56,63,31,29,33,17,35,36,37,38,39,40,49,42,7,44,45,11,47,48,21,50,51,0,53,54,55,6,57,58,59,2,61,62,67,13,46,66,34,68,20,70,71,72,65,74,75,76,77,78,79,80,81,82,83,84,85,86,87,88,89,73,91,92,8,94,95,96,97,98,99,100,101,102,103,104,105,106,107,108,109,110,111,112,113,114,115,116,117,118,119,120,121,122,123,90,125,126,127,128,129,130,131,132,133,134,135,136,137,138,139,140,141,142,143,144,145,146,147,148,149,150,151,152,153,154,155,156,157,158,159,160,161,162,163,164,165,166,167,168,169,170,171,172,173,174,175,176,177,178,179,180,181,182,183,184,185,186,187,188,189,190,191,192,193,194,195,196,197,198,199];False
7842;9223;17065;[53,52,93,3,26,43,18,30,124,9,4,1,12,32,14,15,16,60,64,19,25,41,22,23,24,69,5,27,28,56,63,31,29,33,17,35,36,37,38,39,40,49,42,7,44,45,10,47,48,21,50,51,0,11,54,55,6,57,58,59,2,61,62,67,13,46,66,34,68,20,70,71,72,65,74,75,76,77,78,79,80,81,82,83,84,85,86,87,88,89,73,91,92,8,94,95,96,97,98,99,100,101,102,103,104,105,106,107,108,109,110,111,112,113,114,115,116,117,118,119,120,121,122,123,90,125,126,127,128,129,130,131,132,133,134,135,136,137,138,139,140,141,142,143,144,145,146,147,148,149,150,151,152,153,154,155,156,157,158,159,160,161,162,163,164,165,166,167,168,169,170,171,172,173,174,175,176,177,178,179,180,181,182,183,184,185,186,187,188,189,190,191,192,193,194,195,196,197,198,199];False
7731;9292;17023;[54,52,93,3,26,43,18,30,124,9,4,1,12,32,14,15,16,60,64,19,25,41,22,23,24,69,5,27,28,56,63,31,29,33,17,35,36,37,38,39,40,49,42,7,44,45,10,47,48,21,50,51,0,53,11,55,6,57,58,59,2,61,62,67,13,46,66,34,68,20,70,71,72,65,74,75,76,77,78,79,80,81,82,83,84,85,86,87,88,89,73,91,92,8,94,95,96,97,98,99,100,101,102,103,104,105,106,107,108,109,110,111,112,113,114,115,116,117,118,119,120,121,122,123,90,125,126,127,128,129,130,131,132,133,134,135,136,137,138,139,140,141,142,143,144,145,146,147,148,149,150,151,152,153,154,155,156,157,158,159,160,161,162,163,164,165,166,167,168,169,170,171,172,173,174,175,176,177,178,179,180,181,182,183,184,185,186,187,188,189,190,191,192,193,194,195,196,197,198,199];False
7817;9265;17082;[6,52,93,3,26,43,18,30,124,9,4,1,12,32,14,15,16,60,64,19,25,41,22,23,24,69,5,27,28,56,63,31,29,33,17,35,36,37,38,39,40,49,42,7,44,45,10,47,48,21,50,51,0,53,54,55,11,57,58,59,2,61,62,67,13,46,66,34,68,20,70,71,72,65,74,75,76,77,78,79,80,81,82,83,84,85,86,87,88,89,73,91,92,8,94,95,96,97,98,99,100,101,102,103,104,105,106,107,108,109,110,111,112,113,114,115,116,117,118,119,120,121,122,123,90,125,126,127,128,129,130,131,132,133,134,135,136,137,138,139,140,141,142,143,144,145,146,147,148,149,150,151,152,153,154,155,156,157,158,159,160,161,162,163,164,165,166,167,168,169,170,171,172,173,174,175,176,177,178,179,180,181,182,183,184,185,186,187,188,189,190,191,192,193,194,195,196,197,198,199];False
7750;9275;17025;[61,52,93,3,26,43,18,30,124,9,4,1,12,32,14,15,16,60,64,19,25,41,22,23,24,69,5,27,28,56,63,31,29,33,17,35,36,37,38,39,40,49,42,7,44,45,10,47,48,21,50,51,0,53,54,55,6,57,58,59,2,11,62,67,13,46,66,34,68,20,70,71,72,65,74,75,76,77,78,79,80,81,82,83,84,85,86,87,88,89,73,91,92,8,94,95,96,97,98,99,100,101,102,103,104,105,106,107,108,109,110,111,112,113,114,115,116,117,118,119,120,121,122,123,90,125,126,127,128,129,130,131,132,133,134,135,136,137,138,139,140,141,142,143,144,145,146,147,148,149,150,151,152,153,154,155,156,157,158,159,160,161,162,163,164,165,166,167,168,169,170,171,172,173,174,175,176,177,178,179,180,181,182,183,184,185,186,187,188,189,190,191,192,193,194,195,196,197,198,199];False
7943;9202;17145;[4,80,11,3,26,43,18,30,8,9,33,1,12,32,14,15,16,60,64,19,25,41,22,23,24,69,5,27,28,56,63,31,29,53,17,35,36,37,38,39,40,49,42,7,44,45,10,47,48,21,50,51,0,165,54,55,6,57,58,59,2,61,62,67,13,46,66,34,68,20,70,71,72,65,74,75,76,77,78,79,52,81,82,83,84,85,86,87,88,89,73,91,92,93,94,95,96,97,98,99,100,101,102,103,104,105,106,107,108,109,110,111,112,113,114,115,116,117,118,119,120,121,122,123,124,125,126,127,128,129,130,131,132,133,134,135,136,137,138,139,140,141,142,143,144,145,146,147,148,149,150,151,152,153,154,155,156,157,158,159,160,161,162,163,164,90,166,167,168,169,170,171,172,173,174,175,176,177,178,179,180,181,182,183,184,185,186,187,188,189,190,191,192,193,194,195,196,197,198,199];False
7939;9216;17155;[35,80,11,3,26,43,18,30,8,9,4,1,12,32,14,15,16,60,64,19,25,41,22,23,24,69,5,27,28,56,63,31,29,33,17,72,36,37,38,39,40,49,42,7,44,45,10,47,48,21,50,51,0,165,54,55,6,57,58,59,2,61,62,67,13,46,66,34,68,20,70,71,53,65,74,75,76,77,78,79,52,81,82,83,84,85,86,87,88,89,73,91,92,93,94,95,96,97,98,99,100,101,102,103,104,105,106,107,108,109,110,111,112,113,114,115,116,117,118,119,120,121,122,123,124,125,126,127,128,129,130,131,132,133,134,135,136,137,138,139,140,141,142,143,144,145,146,147,148,149,150,151,152,153,154,155,156,157,158,159,160,161,162,163,164,90,166,167,168,169,170,171,172,173,174,175,176,177,178,179,180,181,182,183,184,185,186,187,188,189,190,191,192,193,194,195,196,197,198,199];False
7984;9196;17180;[20,80,11,3,26,43,18,30,8,9,4,1,12,32,14,15,16,60,64,19,25,41,22,23,24,69,5,27,28,56,63,31,29,33,17,35,36,37,38,39,40,49,42,7,44,45,10,47,48,21,50,51,0,165,54,55,6,57,58,59,2,61,62,67,13,46,66,34,68,72,70,71,53,65,74,75,76,77,78,79,52,81,82,83,84,85,86,87,88,89,73,91,92,93,94,95,96,97,98,99,100,101,102,103,104,105,106,107,108,109,110,111,112,113,114,115,116,117,118,119,120,121,122,123,124,125,126,127,128,129,130,131,132,133,134,135,136,137,138,139,140,141,142,143,144,145,146,147,148,149,150,151,152,153,154,155,156,157,158,159,160,161,162,163,164,90,166,167,168,169,170,171,172,173,174,175,176,177,178,179,180,181,182,183,184,185,186,187,188,189,190,191,192,193,194,195,196,197,198,199];False
7840;9235;17075;[76,80,11,3,26,43,18,30,8,9,4,1,12,32,14,15,16,60,64,19,25,41,22,23,24,69,5,27,28,56,63,31,29,33,17,35,36,37,38,39,40,49,42,7,44,45,10,47,48,21,50,51,0,165,54,55,6,57,58,59,2,61,62,67,13,46,66,34,68,20,70,71,53,65,74,75,72,77,78,79,52,81,82,83,84,85,86,87,88,89,73,91,92,93,94,95,96,97,98,99,100,101,102,103,104,105,106,107,108,109,110,111,112,113,114,115,116,117,118,119,120,121,122,123,124,125,126,127,128,129,130,131,132,133,134,135,136,137,138,139,140,141,142,143,144,145,146,147,148,149,150,151,152,153,154,155,156,157,158,159,160,161,162,163,164,90,166,167,168,169,170,171,172,173,174,175,176,177,178,179,180,181,182,183,184,185,186,187,188,189,190,191,192,193,194,195,196,197,198,199];False
7902;9208;17110;[77,80,11,3,26,43,18,30,8,9,4,1,12,32,14,15,16,60,64,19,25,41,22,23,24,69,5,27,28,56,63,31,29,33,17,35,36,37,38,39,40,49,42,7,44,45,10,47,48,21,50,51,0,165,54,55,6,57,58,59,2,61,62,67,13,46,66,34,68,20,70,71,53,65,74,75,76,72,78,79,52,81,82,83,84,85,86,87,88,89,73,91,92,93,94,95,96,97,98,99,100,101,102,103,104,105,106,107,108,109,110,111,112,113,114,115,116,117,118,119,120,121,122,123,124,125,126,127,128,129,130,131,132,133,134,135,136,137,138,139,140,141,142,143,144,145,146,147,148,149,150,151,152,153,154,155,156,157,158,159,160,161,162,163,164,90,166,167,168,169,170,171,172,173,174,175,176,177,178,179,180,181,182,183,184,185,186,187,188,189,190,191,192,193,194,195,196,197,198,199];False
7993;9191;17184;[28,80,11,3,26,43,18,30,8,9,4,1,12,32,14,15,16,60,64,19,25,41,22,23,24,69,5,27,73,56,63,31,29,33,17,35,36,37,38,39,40,49,42,7,44,45,10,47,48,21,50,51,0,165,54,55,6,57,58,59,2,61,62,67,13,46,66,34,68,20,70,71,72,65,74,75,76,77,78,79,52,81,82,83,84,85,86,87,88,89,53,91,92,93,94,95,96,97,98,99,100,101,102,103,104,105,106,107,108,109,110,111,112,113,114,115,116,117,118,119,120,121,122,123,124,125,126,127,128,129,130,131,132,133,134,135,136,137,138,139,140,141,142,143,144,145,146,147,148,149,150,151,152,153,154,155,156,157,158,159,160,161,162,163,164,90,166,167,168,169,170,171,172,173,174,175,176,177,178,179,180,181,182,183,184,185,186,187,188,189,190,191,192,193,194,195,196,197,198,199];False
8302;9033;17335;[65,46,11,3,26,43,18,30,25,9,69,1,12,32,14,15,17,8,16,19,61,41,22,23,24,34,5,27,28,56,63,31,29,33,20,35,36,37,38,39,40,49,42,7,44,45,60,47,48,21,50,51,53,13,54,55,6,57,58,59,2,0,62,52,64,10,66,67,68,92,70,71,72,73,74,75,76,77,78,79,80,81,82,83,84,85,86,87,88,89,4,91,90,93,94,95,96,97,98,99,100,101,102,103,104,105,106,107,108,109,110,111,112,113,114,115,116,117,118,119,120,121,122,123,124,125,126,127,128,129,130,131,132,133,134,135,136,137,138,139,140,141,142,143,144,145,146,147,148,149,150,151,152,153,154,155,156,157,158,159,160,161,162,163,164,165,166,167,168,169,170,171,172,173,174,175,176,177,178,179,180,181,182,183,184,185,186,187,188,189,190,191,192,193,194,195,196,197,198,199];False
8368;9012;17380;[16,46,11,3,26,43,18,30,25,9,69,1,12,32,14,15,65,8,17,19,61,41,22,23,24,34,5,27,28,56,63,31,29,33,20,35,36,37,38,39,40,49,42,7,44,45,60,47,48,21,50,51,53,13,54,55,6,57,58,59,2,0,62,52,64,10,66,67,68,92,70,71,72,73,74,75,76,77,78,79,80,81,82,83,84,85,86,87,88,89,4,91,90,93,94,95,96,97,98,99,100,101,102,103,104,105,106,107,108,109,110,111,112,113,114,115,116,117,118,119,120,121,122,123,124,125,126,127,128,129,130,131,132,133,134,135,136,137,138,139,140,141,142,143,144,145,146,147,148,149,150,151,152,153,154,155,156,157,158,159,160,161,162,163,164,165,166,167,168,169,170,171,172,173,174,175,176,177,178,179,180,181,182,183,184,185,186,187,188,189,190,191,192,193,194,195,196,197,198,199];False
8389;9002;17391;[34,46,11,3,26,43,18,30,25,9,69,1,12,32,14,15,65,8,16,19,61,41,22,23,24,17,5,27,28,56,63,31,29,33,20,35,36,37,38,39,40,49,42,7,44,45,60,47,48,21,50,51,53,13,54,55,6,57,58,59,2,0,62,52,64,10,66,67,68,92,70,71,72,73,74,75,76,77,78,79,80,81,82,83,84,85,86,87,88,89,4,91,90,93,94,95,96,97,98,99,100,101,102,103,104,105,106,107,108,109,110,111,112,113,114,115,116,117,118,119,120,121,122,123,124,125,126,127,128,129,130,131,132,133,134,135,136,137,138,139,140,141,142,143,144,145,146,147,148,149,150,151,152,153,154,155,156,157,158,159,160,161,162,163,164,165,166,167,168,169,170,171,172,173,174,175,176,177,178,179,180,181,182,183,184,185,186,187,188,189,190,191,192,193,194,195,196,197,198,199];False
8418;9000;17418;[50,46,11,3,26,43,18,30,25,9,69,1,12,32,14,15,65,8,16,19,61,41,22,23,24,34,5,27,28,56,63,31,29,33,20,35,36,37,38,39,40,49,42,7,44,45,60,47,48,21,17,51,53,13,54,55,6,57,58,59,2,0,62,52,64,10,66,67,68,92,70,71,72,73,74,75,76,77,78,79,80,81,82,83,84,85,86,87,88,89,4,91,90,93,94,95,96,97,98,99,100,101,102,103,104,105,106,107,108,109,110,111,112,113,114,115,116,117,118,119,120,121,122,123,124,125,126,127,128,129,130,131,132,133,134,135,136,137,138,139,140,141,142,143,144,145,146,147,148,149,150,151,152,153,154,155,156,157,158,159,160,161,162,163,164,165,166,167,168,169,170,171,172,173,174,175,176,177,178,179,180,181,182,183,184,185,186,187,188,189,190,191,192,193,194,195,196,197,198,199];False
8360;9031;17391;[6,46,11,3,26,43,18,30,25,9,69,1,12,32,14,15,65,8,16,19,61,41,22,23,24,34,5,27,28,56,63,31,29,33,20,35,36,37,38,39,40,49,42,7,44,45,60,47,48,21,50,51,53,13,54,55,17,57,58,59,2,0,62,52,64,10,66,67,68,92,70,71,72,73,74,75,76,77,78,79,80,81,82,83,84,85,86,87,88,89,4,91,90,93,94,95,96,97,98,99,100,101,102,103,104,105,106,107,108,109,110,111,112,113,114,115,116,117,118,119,120,121,122,123,124,125,126,127,128,129,130,131,132,133,134,135,136,137,138,139,140,141,142,143,144,145,146,147,148,149,150,151,152,153,154,155,156,157,158,159,160,161,162,163,164,165,166,167,168,169,170,171,172,173,174,175,176,177,178,179,180,181,182,183,184,185,186,187,188,189,190,191,192,193,194,195,196,197,198,199];False
8288;9004;17292;[92,46,11,3,26,43,18,30,25,9,69,1,12,32,14,15,65,8,16,19,61,41,22,23,24,34,5,27,28,56,63,31,29,33,20,35,36,37,38,39,40,49,42,7,44,45,60,47,48,21,50,51,53,13,54,55,6,57,58,59,2,0,62,52,64,10,66,67,68,17,70,71,72,73,74,75,76,77,78,79,80,81,82,83,84,85,86,87,88,89,4,91,90,93,94,95,96,97,98,99,100,101,102,103,104,105,106,107,108,109,110,111,112,113,114,115,116,117,118,119,120,121,122,123,124,125,126,127,128,129,130,131,132,133,134,135,136,137,138,139,140,141,142,143,144,145,146,147,148,149,150,151,152,153,154,155,156,157,158,159,160,161,162,163,164,165,166,167,168,169,170,171,172,173,174,175,176,177,178,179,180,181,182,183,184,185,186,187,188,189,190,191,192,193,194,195,196,197,198,199];False
8641;8990;17631;[20,46,11,3,26,43,18,30,25,9,69,1,12,32,14,15,65,17,16,8,61,41,22,23,24,34,5,27,28,56,63,31,29,33,19,35,36,37,38,39,40,49,42,7,44,45,60,47,48,21,50,51,53,13,54,55,6,57,58,59,2,0,62,52,64,10,66,67,68,92,70,71,72,73,74,75,76,77,78,79,80,81,82,83,84,85,86,87,88,89,4,91,90,93,94,95,96,97,98,99,100,101,102,103,104,105,106,107,108,109,110,111,112,113,114,115,116,117,118,119,120,121,122,123,124,125,126,127,128,129,130,131,132,133,134,135,136,137,138,139,140,141,142,143,144,145,146,147,148,149,150,151,152,153,154,155,156,157,158,159,160,161,162,163,164,165,166,167,168,169,170,171,172,173,174,175,176,177,178,179,180,181,182,183,184,185,186,187,188,189,190,191,192,193,194,195,196,197,198,199];False
8591;8977;17568;[82,46,11,3,26,43,18,30,25,9,69,1,12,32,14,15,65,17,16,8,61,41,22,23,24,34,5,27,28,56,63,31,29,33,20,35,36,37,38,39,40,49,42,7,44,45,60,47,48,21,50,51,53,13,54,55,6,57,58,59,2,0,62,52,64,10,66,67,68,92,70,71,72,73,74,75,76,77,78,79,80,81,19,83,84,85,86,87,88,89,4,91,90,93,94,95,96,97,98,99,100,101,102,103,104,105,106,107,108,109,110,111,112,113,114,115,116,117,118,119,120,121,122,123,124,125,126,127,128,129,130,131,132,133,134,135,136,137,138,139,140,141,142,143,144,145,146,147,148,149,150,151,152,153,154,155,156,157,158,159,160,161,162,163,164,165,166,167,168,169,170,171,172,173,174,175,176,177,178,179,180,181,182,183,184,185,186,187,188,189,190,191,192,193,194,195,196,197,198,199];False
8585;8987;17572;[91,46,11,3,26,43,18,30,25,9,69,1,12,32,14,15,65,17,16,8,61,41,22,23,24,34,5,27,28,56,63,31,29,33,20,35,36,37,38,39,40,49,42,7,44,45,60,47,48,21,50,51,53,13,54,55,6,57,58,59,2,0,62,52,64,10,66,67,68,92,70,71,72,73,74,75,76,77,78,79,80,81,82,83,84,85,86,87,88,89,4,19,90,93,94,95,96,97,98,99,100,101,102,103,104,105,106,107,108,109,110,111,112,113,114,115,116,117,118,119,120,121,122,123,124,125,126,127,128,129,130,131,132,133,134,135,136,137,138,139,140,141,142,143,144,145,146,147,148,149,150,151,152,153,154,155,156,157,158,159,160,161,162,163,164,165,166,167,168,169,170,171,172,173,174,175,176,177,178,179,180,181,182,183,184,185,186,187,188,189,190,191,192,193,194,195,196,197,198,199];False
8544;8986;17530;[90,46,11,3,26,43,18,30,25,9,69,1,12,32,14,15,65,17,16,8,61,41,22,23,24,34,5,27,28,56,63,31,29,33,20,35,36,37,38,39,40,49,42,7,44,45,60,47,48,21,50,51,53,13,54,55,6,57,58,59,2,0,62,52,64,10,66,67,68,92,70,71,72,73,74,75,76,77,78,79,80,81,82,83,84,85,86,87,88,89,4,91,19,93,94,95,96,97,98,99,100,101,102,103,104,105,106,107,108,109,110,111,112,113,114,115,116,117,118,119,120,121,122,123,124,125,126,127,128,129,130,131,132,133,134,135,136,137,138,139,140,141,142,143,144,145,146,147,148,149,150,151,152,153,154,155,156,157,158,159,160,161,162,163,164,165,166,167,168,169,170,171,172,173,174,175,176,177,178,179,180,181,182,183,184,185,186,187,188,189,190,191,192,193,194,195,196,197,198,199];False
8438;8982;17420;[94,46,11,3,26,43,18,30,25,9,69,1,12,32,14,15,65,17,16,8,61,41,22,23,24,34,5,27,28,56,63,31,29,33,20,35,36,37,38,39,40,49,42,7,44,45,60,47,48,21,50,51,53,13,54,55,6,57,58,59,2,0,62,52,64,10,66,67,68,92,70,71,72,73,74,75,76,77,78,79,80,81,82,83,84,85,86,87,88,89,4,91,90,93,19,95,96,97,98,99,100,101,102,103,104,105,106,107,108,109,110,111,112,113,114,115,116,117,118,119,120,121,122,123,124,125,126,127,128,129,130,131,132,133,134,135,136,137,138,139,140,141,142,143,144,145,146,147,148,149,150,151,152,153,154,155,156,157,158,159,160,161,162,163,164,165,166,167,168,169,170,171,172,173,174,175,176,177,178,179,180,181,182,183,184,185,186,187,188,189,190,191,192,193,194,195,196,197,198,199];False
7993;9154;17147;[43,52,11,3,26,86,18,30,25,9,4,1,12,32,14,15,124,8,16,19,61,41,22,23,24,69,5,27,28,56,63,31,29,33,17,35,36,37,38,39,40,49,42,7,44,45,60,47,48,21,50,51,53,13,54,55,6,57,58,59,2,0,62,46,64,10,66,67,68,20,70,71,72,65,74,75,76,77,78,79,80,81,82,83,84,85,73,87,88,89,34,91,92,93,94,95,96,97,98,99,100,101,102,103,104,105,106,107,108,109,110,111,112,113,114,115,116,117,118,119,120,121,122,123,90,125,126,127,128,129,130,131,132,133,134,135,136,137,138,139,140,141,142,143,144,145,146,147,148,149,150,151,152,153,154,155,156,157,158,159,160,161,162,163,164,165,166,167,168,169,170,171,172,173,174,175,176,177,178,179,180,181,182,183,184,185,186,187,188,189,190,191,192,193,194,195,196,197,198,199];False
7995;9147;17142;[30,52,11,3,26,43,18,86,25,9,4,1,12,32,14,15,124,8,16,19,61,41,22,23,24,69,5,27,28,56,63,31,29,33,17,35,36,37,38,39,40,49,42,7,44,45,60,47,48,21,50,51,53,13,54,55,6,57,58,59,2,0,62,46,64,10,66,67,68,20,70,71,72,65,74,75,76,77,78,79,80,81,82,83,84,85,73,87,88,89,34,91,92,93,94,95,96,97,98,99,100,101,102,103,104,105,106,107,108,109,110,111,112,113,114,115,116,117,118,119,120,121,122,123,90,125,126,127,128,129,130,131,132,133,134,135,136,137,138,139,140,141,142,143,144,145,146,147,148,149,150,151,152,153,154,155,156,157,158,159,160,161,162,163,164,165,166,167,168,169,170,171,172,173,174,175,176,177,178,179,180,181,182,183,184,185,186,187,188,189,190,191,192,193,194,195,196,197,198,199];False
7956;9172;17128;[8,52,11,3,26,43,18,30,25,9,4,1,12,32,14,15,124,86,16,19,61,41,22,23,24,69,5,27,28,56,63,31,29,33,17,35,36,37,38,39,40,49,42,7,44,45,60,47,48,21,50,51,53,13,54,55,6,57,58,59,2,0,62,46,64,10,66,67,68,20,70,71,72,65,74,75,76,77,78,79,80,81,82,83,84,85,73,87,88,89,34,91,92,93,94,95,96,97,98,99,100,101,102,103,104,105,106,107,108,109,110,111,112,113,114,115,116,117,118,119,120,121,122,123,90,125,126,127,128,129,130,131,132,133,134,135,136,137,138,139,140,141,142,143,144,145,146,147,148,149,150,151,152,153,154,155,156,157,158,159,160,161,162,163,164,165,166,167,168,169,170,171,172,173,174,175,176,177,178,179,180,181,182,183,184,185,186,187,188,189,190,191,192,193,194,195,196,197,198,199];False
7970;9146;17116;[60,52,11,3,26,43,18,30,25,9,4,1,12,32,14,15,124,8,16,19,61,41,22,23,24,69,5,27,28,56,63,31,29,33,17,35,36,37,38,39,40,49,42,7,44,45,86,47,48,21,50,51,53,13,54,55,6,57,58,59,2,0,62,46,64,10,66,67,68,20,70,71,72,65,74,75,76,77,78,79,80,81,82,83,84,85,73,87,88,89,34,91,92,93,94,95,96,97,98,99,100,101,102,103,104,105,106,107,108,109,110,111,112,113,114,115,116,117,118,119,120,121,122,123,90,125,126,127,128,129,130,131,132,133,134,135,136,137,138,139,140,141,142,143,144,145,146,147,148,149,150,151,152,153,154,155,156,157,158,159,160,161,162,163,164,165,166,167,168,169,170,171,172,173,174,175,176,177,178,179,180,181,182,183,184,185,186,187,188,189,190,191,192,193,194,195,196,197,198,199];False
7996;9142;17138;[54,52,11,3,26,43,18,30,25,9,4,1,12,32,14,15,124,8,16,19,61,41,22,23,24,69,5,27,28,56,63,31,29,33,17,35,36,37,38,39,40,49,42,7,44,45,60,47,48,21,50,51,53,13,86,55,6,57,58,59,2,0,62,46,64,10,66,67,68,20,70,71,72,65,74,75,76,77,78,79,80,81,82,83,84,85,73,87,88,89,34,91,92,93,94,95,96,97,98,99,100,101,102,103,104,105,106,107,108,109,110,111,112,113,114,115,116,117,118,119,120,121,122,123,90,125,126,127,128,129,130,131,132,133,134,135,136,137,138,139,140,141,142,143,144,145,146,147,148,149,150,151,152,153,154,155,156,157,158,159,160,161,162,163,164,165,166,167,168,169,170,171,172,173,174,175,176,177,178,179,180,181,182,183,184,185,186,187,188,189,190,191,192,193,194,195,196,197,198,199];False
8024;9120;17144;[6,52,11,3,26,43,18,30,25,9,4,1,12,32,14,15,124,8,16,19,61,41,22,23,24,69,5,27,28,56,63,31,29,33,17,35,36,37,38,39,40,49,42,7,44,45,60,47,48,21,50,51,53,13,54,55,86,57,58,59,2,0,62,46,64,10,66,67,68,20,70,71,72,65,74,75,76,77,78,79,80,81,82,83,84,85,73,87,88,89,34,91,92,93,94,95,96,97,98,99,100,101,102,103,104,105,106,107,108,109,110,111,112,113,114,115,116,117,118,119,120,121,122,123,90,125,126,127,128,129,130,131,132,133,134,135,136,137,138,139,140,141,142,143,144,145,146,147,148,149,150,151,152,153,154,155,156,157,158,159,160,161,162,163,164,165,166,167,168,169,170,171,172,173,174,175,176,177,178,179,180,181,182,183,184,185,186,187,188,189,190,191,192,193,194,195,196,197,198,199];False
7998;9118;17116;[46,52,11,3,26,43,18,30,25,9,4,1,12,32,14,15,124,8,16,19,61,41,22,23,24,69,5,27,28,56,63,31,29,33,17,35,36,37,38,39,40,49,42,7,44,45,60,47,48,21,50,51,53,13,54,55,6,57,58,59,2,0,62,86,64,10,66,67,68,20,70,71,72,65,74,75,76,77,78,79,80,81,82,83,84,85,73,87,88,89,34,91,92,93,94,95,96,97,98,99,100,101,102,103,104,105,106,107,108,109,110,111,112,113,114,115,116,117,118,119,120,121,122,123,90,125,126,127,128,129,130,131,132,133,134,135,136,137,138,139,140,141,142,143,144,145,146,147,148,149,150,151,152,153,154,155,156,157,158,159,160,161,162,163,164,165,166,167,168,169,170,171,172,173,174,175,176,177,178,179,180,181,182,183,184,185,186,187,188,189,190,191,192,193,194,195,196,197,198,199];False
7957;9157;17114;[67,52,11,3,26,43,18,30,25,9,4,1,12,32,14,15,124,8,16,19,61,41,22,23,24,69,5,27,28,56,63,31,29,33,17,35,36,37,38,39,40,49,42,7,44,45,60,47,48,21,50,51,53,13,54,55,6,57,58,59,2,0,62,46,64,10,66,34,68,20,70,71,72,65,74,75,76,77,78,79,80,81,82,83,84,85,86,87,88,89,73,91,92,93,94,95,96,97,98,99,100,101,102,103,104,105,106,107,108,109,110,111,112,113,114,115,116,117,118,119,120,121,122,123,90,125,126,127,128,129,130,131,132,133,134,135,136,137,138,139,140,141,142,143,144,145,146,147,148,149,150,151,152,153,154,155,156,157,158,159,160,161,162,163,164,165,166,167,168,169,170,171,172,173,174,175,176,177,178,179,180,181,182,183,184,185,186,187,188,189,190,191,192,193,194,195,196,197,198,199];False
7920;9176;17096;[85,52,11,3,26,43,18,30,25,9,4,1,12,32,14,15,124,8,16,19,61,41,22,23,24,69,5,27,28,56,63,31,29,33,17,35,36,37,38,39,40,49,42,7,44,45,60,47,48,21,50,51,53,13,54,55,6,57,58,59,2,0,62,46,64,10,66,67,68,20,70,71,72,65,74,75,76,77,78,79,80,81,82,83,84,34,86,87,88,89,73,91,92,93,94,95,96,97,98,99,100,101,102,103,104,105,106,107,108,109,110,111,112,113,114,115,116,117,118,119,120,121,122,123,90,125,126,127,128,129,130,131,132,133,134,135,136,137,138,139,140,141,142,143,144,145,146,147,148,149,150,151,152,153,154,155,156,157,158,159,160,161,162,163,164,165,166,167,168,169,170,171,172,173,174,175,176,177,178,179,180,181,182,183,184,185,186,187,188,189,190,191,192,193,194,195,196,197,198,199];False
7978;9144;17122;[93,52,11,3,26,43,18,30,25,9,4,1,12,32,14,15,124,8,16,19,61,41,22,23,24,69,5,27,28,56,63,31,29,33,17,35,36,37,38,39,40,49,42,7,44,45,60,47,48,21,50,51,53,13,54,55,6,57,58,59,2,0,62,46,64,10,66,67,68,20,70,71,72,65,74,75,76,77,78,79,80,81,82,83,84,85,86,87,88,89,73,91,92,34,94,95,96,97,98,99,100,101,102,103,104,105,106,107,108,109,110,111,112,113,114,115,116,117,118,119,120,121,122,123,90,125,126,127,128,129,130,131,132,133,134,135,136,137,138,139,140,141,142,143,144,145,146,147,148,149,150,151,152,153,154,155,156,157,158,159,160,161,162,163,164,165,166,167,168,169,170,171,172,173,174,175,176,177,178,179,180,181,182,183,184,185,186,187,188,189,190,191,192,193,194,195,196,197,198,199];False
8041;9076;17117;[117,52,11,3,26,43,18,30,25,9,4,1,12,32,14,15,124,8,16,19,61,41,22,23,24,69,5,27,28,56,63,31,29,33,17,35,36,37,38,39,40,49,42,7,44,45,60,47,48,21,50,51,53,13,54,55,6,57,58,59,2,0,62,46,64,10,66,67,68,20,70,71,72,65,74,75,76,77,78,79,80,81,82,83,84,85,86,87,88,89,73,91,92,93,94,95,96,97,98,99,100,101,102,103,104,105,106,107,108,109,110,111,112,113,114,115,116,34,118,119,120,121,122,123,90,125,126,127,128,129,130,131,132,133,134,135,136,137,138,139,140,141,142,143,144,145,146,147,148,149,150,151,152,153,154,155,156,157,158,159,160,161,162,163,164,165,166,167,168,169,170,171,172,173,174,175,176,177,178,179,180,181,182,183,184,185,186,187,188,189,190,191,192,193,194,195,196,197,198,199];False
7920;9155;17075;[121,52,11,3,26,43,18,30,25,9,4,1,12,32,14,15,124,8,16,19,61,41,22,23,24,69,5,27,28,56,63,31,29,33,17,35,36,37,38,39,40,49,42,7,44,45,60,47,48,21,50,51,53,13,54,55,6,57,58,59,2,0,62,46,64,10,66,67,68,20,70,71,72,65,74,75,76,77,78,79,80,81,82,83,84,85,86,87,88,89,73,91,92,93,94,95,96,97,98,99,100,101,102,103,104,105,106,107,108,109,110,111,112,113,114,115,116,117,118,119,120,34,122,123,90,125,126,127,128,129,130,131,132,133,134,135,136,137,138,139,140,141,142,143,144,145,146,147,148,149,150,151,152,153,154,155,156,157,158,159,160,161,162,163,164,165,166,167,168,169,170,171,172,173,174,175,176,177,178,179,180,181,182,183,184,185,186,187,188,189,190,191,192,193,194,195,196,197,198,199];False
7956;9151;17107;[140,52,11,3,26,43,18,30,25,9,4,1,12,32,14,15,124,8,16,19,61,41,22,23,24,69,5,27,28,56,63,31,29,33,17,35,36,37,38,39,40,49,42,7,44,45,60,47,48,21,50,51,53,13,54,55,6,57,58,59,2,0,62,46,64,10,66,67,68,20,70,71,72,65,74,75,76,77,78,79,80,81,82,83,84,85,86,87,88,89,73,91,92,93,94,95,96,97,98,99,100,101,102,103,104,105,106,107,108,109,110,111,112,113,114,115,116,117,118,119,120,121,122,123,90,125,126,127,128,129,130,131,132,133,134,135,136,137,138,139,34,141,142,143,144,145,146,147,148,149,150,151,152,153,154,155,156,157,158,159,160,161,162,163,164,165,166,167,168,169,170,171,172,173,174,175,176,177,178,179,180,181,182,183,184,185,186,187,188,189,190,191,192,193,194,195,196,197,198,199];False
7996;9137;17133;[143,52,11,3,26,43,18,30,25,9,4,1,12,32,14,15,124,8,16,19,61,41,22,23,24,69,5,27,28,56,63,31,29,33,17,35,36,37,38,39,40,49,42,7,44,45,60,47,48,21,50,51,53,13,54,55,6,57,58,59,2,0,62,46,64,10,66,67,68,20,70,71,72,65,74,75,76,77,78,79,80,81,82,83,84,85,86,87,88,89,73,91,92,93,94,95,96,97,98,99,100,101,102,103,104,105,106,107,108,109,110,111,112,113,114,115,116,117,118,119,120,121,122,123,90,125,126,127,128,129,130,131,132,133,134,135,136,137,138,139,140,141,142,34,144,145,146,147,148,149,150,151,152,153,154,155,156,157,158,159,160,161,162,163,164,165,166,167,168,169,170,171,172,173,174,175,176,177,178,179,180,181,182,183,184,185,186,187,188,189,190,191,192,193,194,195,196,197,198,199];False
7942;9131;17073;[146,52,11,3,26,43,18,30,25,9,4,1,12,32,14,15,124,8,16,19,61,41,22,23,24,69,5,27,28,56,63,31,29,33,17,35,36,37,38,39,40,49,42,7,44,45,60,47,48,21,50,51,53,13,54,55,6,57,58,59,2,0,62,46,64,10,66,67,68,20,70,71,72,65,74,75,76,77,78,79,80,81,82,83,84,85,86,87,88,89,73,91,92,93,94,95,96,97,98,99,100,101,102,103,104,105,106,107,108,109,110,111,112,113,114,115,116,117,118,119,120,121,122,123,90,125,126,127,128,129,130,131,132,133,134,135,136,137,138,139,140,141,142,143,144,145,34,147,148,149,150,151,152,153,154,155,156,157,158,159,160,161,162,163,164,165,166,167,168,169,170,171,172,173,174,175,176,177,178,179,180,181,182,183,184,185,186,187,188,189,190,191,192,193,194,195,196,197,198,199];False
7926;9139;17065;[149,52,11,3,26,43,18,30,25,9,4,1,12,32,14,15,124,8,16,19,61,41,22,23,24,69,5,27,28,56,63,31,29,33,17,35,36,37,38,39,40,49,42,7,44,45,60,47,48,21,50,51,53,13,54,55,6,57,58,59,2,0,62,46,64,10,66,67,68,20,70,71,72,65,74,75,76,77,78,79,80,81,82,83,84,85,86,87,88,89,73,91,92,93,94,95,96,97,98,99,100,101,102,103,104,105,106,107,108,109,110,111,112,113,114,115,116,117,118,119,120,121,122,123,90,125,126,127,128,129,130,131,132,133,134,135,136,137,138,139,140,141,142,143,144,145,146,147,148,34,150,151,152,153,154,155,156,157,158,159,160,161,162,163,164,165,166,167,168,169,170,171,172,173,174,175,176,177,178,179,180,181,182,183,184,185,186,187,188,189,190,191,192,193,194,195,196,197,198,199];False
7905;9137;17042;[151,52,11,3,26,43,18,30,25,9,4,1,12,32,14,15,124,8,16,19,61,41,22,23,24,69,5,27,28,56,63,31,29,33,17,35,36,37,38,39,40,49,42,7,44,45,60,47,48,21,50,51,53,13,54,55,6,57,58,59,2,0,62,46,64,10,66,67,68,20,70,71,72,65,74,75,76,77,78,79,80,81,82,83,84,85,86,87,88,89,73,91,92,93,94,95,96,97,98,99,100,101,102,103,104,105,106,107,108,109,110,111,112,113,114,115,116,117,118,119,120,121,122,123,90,125,126,127,128,129,130,131,132,133,134,135,136,137,138,139,140,141,142,143,144,145,146,147,148,149,150,34,152,153,154,155,156,157,158,159,160,161,162,163,164,165,166,167,168,169,170,171,172,173,174,175,176,177,178,179,180,181,182,183,184,185,186,187,188,189,190,191,192,193,194,195,196,197,198,199];False
7959;9129;17088;[154,52,11,3,26,43,18,30,25,9,4,1,12,32,14,15,124,8,16,19,61,41,22,23,24,69,5,27,28,56,63,31,29,33,17,35,36,37,38,39,40,49,42,7,44,45,60,47,48,21,50,51,53,13,54,55,6,57,58,59,2,0,62,46,64,10,66,67,68,20,70,71,72,65,74,75,76,77,78,79,80,81,82,83,84,85,86,87,88,89,73,91,92,93,94,95,96,97,98,99,100,101,102,103,104,105,106,107,108,109,110,111,112,113,114,115,116,117,118,119,120,121,122,123,90,125,126,127,128,129,130,131,132,133,134,135,136,137,138,139,140,141,142,143,144,145,146,147,148,149,150,151,152,153,34,155,156,157,158,159,160,161,162,163,164,165,166,167,168,169,170,171,172,173,174,175,176,177,178,179,180,181,182,183,184,185,186,187,188,189,190,191,192,193,194,195,196,197,198,199];False
7992;9119;17111;[158,52,11,3,26,43,18,30,25,9,4,1,12,32,14,15,124,8,16,19,61,41,22,23,24,69,5,27,28,56,63,31,29,33,17,35,36,37,38,39,40,49,42,7,44,45,60,47,48,21,50,51,53,13,54,55,6,57,58,59,2,0,62,46,64,10,66,67,68,20,70,71,72,65,74,75,76,77,78,79,80,81,82,83,84,85,86,87,88,89,73,91,92,93,94,95,96,97,98,99,100,101,102,103,104,105,106,107,108,109,110,111,112,113,114,115,116,117,118,119,120,121,122,123,90,125,126,127,128,129,130,131,132,133,134,135,136,137,138,139,140,141,142,143,144,145,146,147,148,149,150,151,152,153,154,155,156,157,34,159,160,161,162,163,164,165,166,167,168,169,170,171,172,173,174,175,176,177,178,179,180,181,182,183,184,185,186,187,188,189,190,191,192,193,194,195,196,197,198,199];False
7889;9154;17043;[185,52,11,3,26,43,18,30,25,9,4,1,12,32,14,15,124,8,16,19,61,41,22,23,24,69,5,27,28,56,63,31,29,33,17,35,36,37,38,39,40,49,42,7,44,45,60,47,48,21,50,51,53,13,54,55,6,57,58,59,2,0,62,46,64,10,66,67,68,20,70,71,72,65,74,75,76,77,78,79,80,81,82,83,84,85,86,87,88,89,73,91,92,93,94,95,96,97,98,99,100,101,102,103,104,105,106,107,108,109,110,111,112,113,114,115,116,117,118,119,120,121,122,123,90,125,126,127,128,129,130,131,132,133,134,135,136,137,138,139,140,141,142,143,144,145,146,147,148,149,150,151,152,153,154,155,156,157,158,159,160,161,162,163,164,165,166,167,168,169,170,171,172,173,174,175,176,177,178,179,180,181,182,183,184,34,186,187,188,189,190,191,192,193,194,195,196,197,198,199];False
8011;9112;17123;[34,4,11,3,26,43,18,30,25,9,52,1,12,32,14,15,124,8,16,19,61,41,22,23,24,69,5,27,28,56,63,31,29,33,17,35,36,37,38,39,40,49,42,7,44,45,60,47,48,21,50,51,53,13,54,55,6,57,58,59,2,0,62,46,64,10,66,67,68,20,70,71,72,65,74,75,76,77,78,79,80,81,82,83,84,85,86,87,88,89,73,91,92,93,94,95,96,97,98,99,100,101,102,103,104,105,106,107,108,109,110,111,112,113,114,115,116,117,118,119,120,121,122,123,90,125,126,127,128,129,130,131,132,133,134,135,136,137,138,139,140,141,142,143,144,145,146,147,148,149,150,151,152,153,154,155,156,157,158,159,160,161,162,163,164,165,166,167,168,169,170,171,172,173,174,175,176,177,178,179,180,181,182,183,184,185,186,187,188,189,190,191,192,193,194,195,196,197,198,199];False
8127;9056;17183;[107,46,11,3,26,43,18,30,8,9,69,1,12,32,14,15,20,65,16,19,61,41,22,23,24,25,5,27,28,56,63,31,29,33,17,35,36,93,38,39,40,49,42,7,44,45,60,47,48,21,50,51,53,13,54,55,6,57,58,59,2,0,62,52,64,10,66,67,68,37,70,71,72,90,74,75,76,77,78,79,80,81,82,83,84,85,86,87,88,89,4,91,73,92,94,95,96,97,98,99,100,101,102,103,104,105,106,34,108,109,110,111,112,113,114,115,116,117,118,119,120,121,122,123,124,125,126,127,128,129,130,131,132,133,134,135,136,137,138,139,140,141,142,143,144,145,146,147,148,149,150,151,152,153,154,155,156,157,158,159,160,161,162,163,164,165,166,167,168,169,170,171,172,173,174,175,176,177,178,179,180,181,182,183,184,185,186,187,188,189,190,191,192,193,194,195,196,197,198,199];False
8113;9073;17186;[114,46,11,3,26,43,18,30,8,9,69,1,12,32,14,15,20,65,16,19,61,41,22,23,24,25,5,27,28,56,63,31,29,33,17,35,36,93,38,39,40,49,42,7,44,45,60,47,48,21,50,51,53,13,54,55,6,57,58,59,2,0,62,52,64,10,66,67,68,37,70,71,72,90,74,75,76,77,78,79,80,81,82,83,84,85,86,87,88,89,4,91,73,92,94,95,96,97,98,99,100,101,102,103,104,105,106,107,108,109,110,111,112,113,34,115,116,117,118,119,120,121,122,123,124,125,126,127,128,129,130,131,132,133,134,135,136,137,138,139,140,141,142,143,144,145,146,147,148,149,150,151,152,153,154,155,156,157,158,159,160,161,162,163,164,165,166,167,168,169,170,171,172,173,174,175,176,177,178,179,180,181,182,183,184,185,186,187,188,189,190,191,192,193,194,195,196,197,198,199];False
8166;9051;17217;[117,46,11,3,26,43,18,30,8,9,69,1,12,32,14,15,20,65,16,19,61,41,22,23,24,25,5,27,28,56,63,31,29,33,17,35,36,93,38,39,40,49,42,7,44,45,60,47,48,21,50,51,53,13,54,55,6,57,58,59,2,0,62,52,64,10,66,67,68,37,70,71,72,90,74,75,76,77,78,79,80,81,82,83,84,85,86,87,88,89,4,91,73,92,94,95,96,97,98,99,100,101,102,103,104,105,106,107,108,109,110,111,112,113,114,115,116,34,118,119,120,121,122,123,124,125,126,127,128,129,130,131,132,133,134,135,136,137,138,139,140,141,142,143,144,145,146,147,148,149,150,151,152,153,154,155,156,157,158,159,160,161,162,163,164,165,166,167,168,169,170,171,172,173,174,175,176,177,178,179,180,181,182,183,184,185,186,187,188,189,190,191,192,193,194,195,196,197,198,199];False
8262;9026;17288;[72,46,11,3,26,43,18,30,8,9,107,1,12,32,14,15,20,65,16,25,61,41,22,23,24,4,5,27,28,56,63,31,94,33,17,35,36,37,38,39,40,49,42,7,44,45,60,47,48,21,50,51,53,13,54,55,6,57,58,59,2,0,62,52,64,10,66,67,68,69,70,71,29,73,74,75,76,77,78,79,80,81,82,83,84,85,86,87,88,89,34,91,90,93,19,95,96,97,98,99,100,101,102,103,104,105,106,92,108,109,110,111,112,113,114,115,116,117,118,119,120,121,122,123,124,125,126,127,128,129,130,131,132,133,134,135,136,137,138,139,140,141,142,143,144,145,146,147,148,149,150,151,152,153,154,155,156,157,158,159,160,161,162,163,164,165,166,167,168,169,170,171,172,173,174,175,176,177,178,179,180,181,182,183,184,185,186,187,188,189,190,191,192,193,194,195,196,197,198,199];False
8198;9018;17216;[34,46,11,3,26,43,18,30,8,9,107,1,12,32,14,15,20,65,16,25,61,41,22,23,24,4,5,27,28,56,63,31,94,33,17,35,36,37,38,39,40,49,42,7,44,45,60,47,48,21,50,51,53,13,54,55,6,57,58,59,2,0,62,52,64,10,66,67,68,69,70,71,72,73,74,75,76,77,78,79,80,81,82,83,84,85,86,87,88,89,29,91,90,93,19,95,96,97,98,99,100,101,102,103,104,105,106,92,108,109,110,111,112,113,114,115,116,117,118,119,120,121,122,123,124,125,126,127,128,129,130,131,132,133,134,135,136,137,138,139,140,141,142,143,144,145,146,147,148,149,150,151,152,153,154,155,156,157,158,159,160,161,162,163,164,165,166,167,168,169,170,171,172,173,174,175,176,177,178,179,180,181,182,183,184,185,186,187,188,189,190,191,192,193,194,195,196,197,198,199];False
7839;9249;17088;[30,52,93,3,26,43,18,53,124,9,4,1,12,32,14,15,16,60,64,19,25,41,22,23,24,69,5,27,28,56,63,31,29,33,17,35,36,37,38,39,40,49,42,7,44,45,10,47,48,21,50,51,0,11,54,55,6,57,58,59,2,61,62,67,13,46,66,34,68,20,70,71,72,65,74,75,76,77,78,79,80,81,82,83,84,85,86,87,88,89,73,91,92,8,94,95,96,97,98,99,100,101,102,103,104,105,106,107,108,109,110,111,112,113,114,115,116,117,118,119,120,121,122,123,90,125,126,127,128,129,130,131,132,133,134,135,136,137,138,139,140,141,142,143,144,145,146,147,148,149,150,151,152,153,154,155,156,157,158,159,160,161,162,163,164,165,166,167,168,169,170,171,172,173,174,175,176,177,178,179,180,181,182,183,184,185,186,187,188,189,190,191,192,193,194,195,196,197,198,199];False
7831;9251;17082;[15,52,93,3,26,43,18,30,124,9,4,1,12,32,14,53,16,60,64,19,25,41,22,23,24,69,5,27,28,56,63,31,29,33,17,35,36,37,38,39,40,49,42,7,44,45,10,47,48,21,50,51,0,11,54,55,6,57,58,59,2,61,62,67,13,46,66,34,68,20,70,71,72,65,74,75,76,77,78,79,80,81,82,83,84,85,86,87,88,89,73,91,92,8,94,95,96,97,98,99,100,101,102,103,104,105,106,107,108,109,110,111,112,113,114,115,116,117,118,119,120,121,122,123,90,125,126,127,128,129,130,131,132,133,134,135,136,137,138,139,140,141,142,143,144,145,146,147,148,149,150,151,152,153,154,155,156,157,158,159,160,161,162,163,164,165,166,167,168,169,170,171,172,173,174,175,176,177,178,179,180,181,182,183,184,185,186,187,188,189,190,191,192,193,194,195,196,197,198,199];False
7810;9260;17070;[25,52,93,3,26,43,18,30,124,9,4,1,12,32,14,15,16,60,64,19,53,41,22,23,24,69,5,27,28,56,63,31,29,33,17,35,36,37,38,39,40,49,42,7,44,45,10,47,48,21,50,51,0,11,54,55,6,57,58,59,2,61,62,67,13,46,66,34,68,20,70,71,72,65,74,75,76,77,78,79,80,81,82,83,84,85,86,87,88,89,73,91,92,8,94,95,96,97,98,99,100,101,102,103,104,105,106,107,108,109,110,111,112,113,114,115,116,117,118,119,120,121,122,123,90,125,126,127,128,129,130,131,132,133,134,135,136,137,138,139,140,141,142,143,144,145,146,147,148,149,150,151,152,153,154,155,156,157,158,159,160,161,162,163,164,165,166,167,168,169,170,171,172,173,174,175,176,177,178,179,180,181,182,183,184,185,186,187,188,189,190,191,192,193,194,195,196,197,198,199];False
7817;9251;17068;[22,52,93,3,26,43,18,30,124,9,4,1,12,32,14,15,16,60,64,19,25,41,53,23,24,69,5,27,28,56,63,31,29,33,17,35,36,37,38,39,40,49,42,7,44,45,10,47,48,21,50,51,0,11,54,55,6,57,58,59,2,61,62,67,13,46,66,34,68,20,70,71,72,65,74,75,76,77,78,79,80,81,82,83,84,85,86,87,88,89,73,91,92,8,94,95,96,97,98,99,100,101,102,103,104,105,106,107,108,109,110,111,112,113,114,115,116,117,118,119,120,121,122,123,90,125,126,127,128,129,130,131,132,133,134,135,136,137,138,139,140,141,142,143,144,145,146,147,148,149,150,151,152,153,154,155,156,157,158,159,160,161,162,163,164,165,166,167,168,169,170,171,172,173,174,175,176,177,178,179,180,181,182,183,184,185,186,187,188,189,190,191,192,193,194,195,196,197,198,199];False
7788;9228;17016;[33,52,93,3,26,43,18,30,124,9,4,1,12,32,14,15,16,60,64,19,25,41,22,23,24,69,5,27,28,56,63,31,29,53,17,35,36,37,38,39,40,49,42,7,44,45,10,47,48,21,50,51,0,11,54,55,6,57,58,59,2,61,62,67,13,46,66,34,68,20,70,71,72,65,74,75,76,77,78,79,80,81,82,83,84,85,86,87,88,89,73,91,92,8,94,95,96,97,98,99,100,101,102,103,104,105,106,107,108,109,110,111,112,113,114,115,116,117,118,119,120,121,122,123,90,125,126,127,128,129,130,131,132,133,134,135,136,137,138,139,140,141,142,143,144,145,146,147,148,149,150,151,152,153,154,155,156,157,158,159,160,161,162,163,164,165,166,167,168,169,170,171,172,173,174,175,176,177,178,179,180,181,182,183,184,185,186,187,188,189,190,191,192,193,194,195,196,197,198,199];False
7766;9270;17036;[10,52,93,3,26,43,18,30,124,9,4,1,12,32,14,15,16,60,64,19,25,41,22,23,24,69,5,27,28,56,63,31,29,33,17,35,36,37,38,39,40,49,42,7,44,45,53,47,48,21,50,51,0,11,54,55,6,57,58,59,2,61,62,67,13,46,66,34,68,20,70,71,72,65,74,75,76,77,78,79,80,81,82,83,84,85,86,87,88,89,73,91,92,8,94,95,96,97,98,99,100,101,102,103,104,105,106,107,108,109,110,111,112,113,114,115,116,117,118,119,120,121,122,123,90,125,126,127,128,129,130,131,132,133,134,135,136,137,138,139,140,141,142,143,144,145,146,147,148,149,150,151,152,153,154,155,156,157,158,159,160,161,162,163,164,165,166,167,168,169,170,171,172,173,174,175,176,177,178,179,180,181,182,183,184,185,186,187,188,189,190,191,192,193,194,195,196,197,198,199];False
7851;9220;17071;[50,52,93,3,26,43,18,30,124,9,4,1,12,32,14,15,16,60,64,19,25,41,22,23,24,69,5,27,28,56,63,31,29,33,17,35,36,37,38,39,40,49,42,7,44,45,10,47,48,21,53,51,0,11,54,55,6,57,58,59,2,61,62,67,13,46,66,34,68,20,70,71,72,65,74,75,76,77,78,79,80,81,82,83,84,85,86,87,88,89,73,91,92,8,94,95,96,97,98,99,100,101,102,103,104,105,106,107,108,109,110,111,112,113,114,115,116,117,118,119,120,121,122,123,90,125,126,127,128,129,130,131,132,133,134,135,136,137,138,139,140,141,142,143,144,145,146,147,148,149,150,151,152,153,154,155,156,157,158,159,160,161,162,163,164,165,166,167,168,169,170,171,172,173,174,175,176,177,178,179,180,181,182,183,184,185,186,187,188,189,190,191,192,193,194,195,196,197,198,199];False
7779;9238;17017;[0,52,93,3,26,43,18,30,124,9,4,1,12,32,14,15,16,60,64,19,25,41,22,23,24,69,5,27,28,56,63,31,29,33,17,35,36,37,38,39,40,49,42,7,44,45,10,47,48,21,50,51,53,11,54,55,6,57,58,59,2,61,62,67,13,46,66,34,68,20,70,71,72,65,74,75,76,77,78,79,80,81,82,83,84,85,86,87,88,89,73,91,92,8,94,95,96,97,98,99,100,101,102,103,104,105,106,107,108,109,110,111,112,113,114,115,116,117,118,119,120,121,122,123,90,125,126,127,128,129,130,131,132,133,134,135,136,137,138,139,140,141,142,143,144,145,146,147,148,149,150,151,152,153,154,155,156,157,158,159,160,161,162,163,164,165,166,167,168,169,170,171,172,173,174,175,176,177,178,179,180,181,182,183,184,185,186,187,188,189,190,191,192,193,194,195,196,197,198,199];False
7852;9212;17064;[62,52,93,3,26,43,18,30,124,9,4,1,12,32,14,15,16,60,64,19,25,41,22,23,24,69,5,27,28,56,63,31,29,33,17,35,36,37,38,39,40,49,42,7,44,45,10,47,48,21,50,51,0,11,54,55,6,57,58,59,2,61,53,67,13,46,66,34,68,20,70,71,72,65,74,75,76,77,78,79,80,81,82,83,84,85,86,87,88,89,73,91,92,8,94,95,96,97,98,99,100,101,102,103,104,105,106,107,108,109,110,111,112,113,114,115,116,117,118,119,120,121,122,123,90,125,126,127,128,129,130,131,132,133,134,135,136,137,138,139,140,141,142,143,144,145,146,147,148,149,150,151,152,153,154,155,156,157,158,159,160,161,162,163,164,165,166,167,168,169,170,171,172,173,174,175,176,177,178,179,180,181,182,183,184,185,186,187,188,189,190,191,192,193,194,195,196,197,198,199];False
7886;9203;17089;[34,52,93,3,26,43,18,30,124,9,4,1,12,32,14,15,16,60,64,19,25,41,22,23,24,69,5,27,28,56,63,31,29,33,17,35,36,37,38,39,40,49,42,7,44,45,10,47,48,21,50,51,0,11,54,55,6,57,58,59,2,61,62,67,13,46,66,53,68,20,70,71,72,65,74,75,76,77,78,79,80,81,82,83,84,85,86,87,88,89,73,91,92,8,94,95,96,97,98,99,100,101,102,103,104,105,106,107,108,109,110,111,112,113,114,115,116,117,118,119,120,121,122,123,90,125,126,127,128,129,130,131,132,133,134,135,136,137,138,139,140,141,142,143,144,145,146,147,148,149,150,151,152,153,154,155,156,157,158,159,160,161,162,163,164,165,166,167,168,169,170,171,172,173,174,175,176,177,178,179,180,181,182,183,184,185,186,187,188,189,190,191,192,193,194,195,196,197,198,199];False
7750;9236;16986;[78,52,93,3,26,43,18,30,124,9,4,1,12,32,14,15,16,60,64,19,25,41,22,23,24,69,5,27,28,56,63,31,29,33,17,35,36,37,38,39,40,49,42,7,44,45,10,47,48,21,50,51,0,11,54,55,6,57,58,59,2,61,62,67,13,46,66,34,68,20,70,71,72,65,74,75,76,77,53,79,80,81,82,83,84,85,86,87,88,89,73,91,92,8,94,95,96,97,98,99,100,101,102,103,104,105,106,107,108,109,110,111,112,113,114,115,116,117,118,119,120,121,122,123,90,125,126,127,128,129,130,131,132,133,134,135,136,137,138,139,140,141,142,143,144,145,146,147,148,149,150,151,152,153,154,155,156,157,158,159,160,161,162,163,164,165,166,167,168,169,170,171,172,173,174,175,176,177,178,179,180,181,182,183,184,185,186,187,188,189,190,191,192,193,194,195,196,197,198,199];False
7709;9263;16972;[85,52,93,3,26,43,18,30,124,9,4,1,12,32,14,15,16,60,64,19,25,41,22,23,24,69,5,27,28,56,63,31,29,33,17,35,36,37,38,39,40,49,42,7,44,45,10,47,48,21,50,51,0,11,54,55,6,57,58,59,2,61,62,67,13,46,66,34,68,20,70,71,72,65,74,75,76,77,78,79,80,81,82,83,84,53,86,87,88,89,73,91,92,8,94,95,96,97,98,99,100,101,102,103,104,105,106,107,108,109,110,111,112,113,114,115,116,117,118,119,120,121,122,123,90,125,126,127,128,129,130,131,132,133,134,135,136,137,138,139,140,141,142,143,144,145,146,147,148,149,150,151,152,153,154,155,156,157,158,159,160,161,162,163,164,165,166,167,168,169,170,171,172,173,174,175,176,177,178,179,180,181,182,183,184,185,186,187,188,189,190,191,192,193,194,195,196,197,198,199];False
7763;9234;16997;[86,52,93,3,26,43,18,30,124,9,4,1,12,32,14,15,16,60,64,19,25,41,22,23,24,69,5,27,28,56,63,31,29,33,17,35,36,37,38,39,40,49,42,7,44,45,10,47,48,21,50,51,0,11,54,55,6,57,58,59,2,61,62,67,13,46,66,34,68,20,70,71,72,65,74,75,76,77,78,79,80,81,82,83,84,85,53,87,88,89,73,91,92,8,94,95,96,97,98,99,100,101,102,103,104,105,106,107,108,109,110,111,112,113,114,115,116,117,118,119,120,121,122,123,90,125,126,127,128,129,130,131,132,133,134,135,136,137,138,139,140,141,142,143,144,145,146,147,148,149,150,151,152,153,154,155,156,157,158,159,160,161,162,163,164,165,166,167,168,169,170,171,172,173,174,175,176,177,178,179,180,181,182,183,184,185,186,187,188,189,190,191,192,193,194,195,196,197,198,199];False
7795;9201;16996;[73,52,93,3,26,43,18,30,124,9,4,1,12,32,14,15,16,60,64,19,25,41,22,23,24,69,5,27,28,56,63,31,29,33,17,35,36,37,38,39,40,49,42,7,44,45,10,47,48,21,50,51,0,11,54,55,6,57,58,59,2,61,62,67,13,46,66,34,68,20,70,71,72,65,74,75,76,77,78,79,80,81,82,83,84,85,86,87,88,89,53,91,92,8,94,95,96,97,98,99,100,101,102,103,104,105,106,107,108,109,110,111,112,113,114,115,116,117,118,119,120,121,122,123,90,125,126,127,128,129,130,131,132,133,134,135,136,137,138,139,140,141,142,143,144,145,146,147,148,149,150,151,152,153,154,155,156,157,158,159,160,161,162,163,164,165,166,167,168,169,170,171,172,173,174,175,176,177,178,179,180,181,182,183,184,185,186,187,188,189,190,191,192,193,194,195,196,197,198,199];False
8341;9003;17344;[107,46,11,3,26,43,18,30,25,9,69,1,12,32,14,15,65,8,16,19,61,41,22,23,24,17,5,27,28,56,63,31,29,33,20,35,36,37,38,39,40,49,42,7,44,45,60,47,48,21,50,51,53,13,54,55,6,57,58,59,2,0,62,52,64,10,66,67,68,92,70,71,72,73,74,75,76,77,78,79,80,81,82,83,84,85,86,87,88,89,4,91,90,93,94,95,96,97,98,99,100,101,102,103,104,105,106,34,108,109,110,111,112,113,114,115,116,117,118,119,120,121,122,123,124,125,126,127,128,129,130,131,132,133,134,135,136,137,138,139,140,141,142,143,144,145,146,147,148,149,150,151,152,153,154,155,156,157,158,159,160,161,162,163,164,165,166,167,168,169,170,171,172,173,174,175,176,177,178,179,180,181,182,183,184,185,186,187,188,189,190,191,192,193,194,195,196,197,198,199];False
8380;8998;17378;[117,46,11,3,26,43,18,30,25,9,69,1,12,32,14,15,65,8,16,19,61,41,22,23,24,17,5,27,28,56,63,31,29,33,20,35,36,37,38,39,40,49,42,7,44,45,60,47,48,21,50,51,53,13,54,55,6,57,58,59,2,0,62,52,64,10,66,67,68,92,70,71,72,73,74,75,76,77,78,79,80,81,82,83,84,85,86,87,88,89,4,91,90,93,94,95,96,97,98,99,100,101,102,103,104,105,106,107,108,109,110,111,112,113,114,115,116,34,118,119,120,121,122,123,124,125,126,127,128,129,130,131,132,133,134,135,136,137,138,139,140,141,142,143,144,145,146,147,148,149,150,151,152,153,154,155,156,157,158,159,160,161,162,163,164,165,166,167,168,169,170,171,172,173,174,175,176,177,178,179,180,181,182,183,184,185,186,187,188,189,190,191,192,193,194,195,196,197,198,199];False
8359;8998;17357;[50,46,11,3,26,43,18,30,25,9,69,1,12,32,14,15,65,8,16,19,61,41,22,23,24,34,5,27,28,56,63,31,29,33,20,35,36,37,38,39,40,49,42,7,44,45,60,47,48,21,92,51,53,13,54,55,6,57,58,59,2,0,62,52,64,10,66,67,68,17,70,71,72,73,74,75,76,77,78,79,80,81,82,83,84,85,86,87,88,89,4,91,90,93,94,95,96,97,98,99,100,101,102,103,104,105,106,107,108,109,110,111,112,113,114,115,116,117,118,119,120,121,122,123,124,125,126,127,128,129,130,131,132,133,134,135,136,137,138,139,140,141,142,143,144,145,146,147,148,149,150,151,152,153,154,155,156,157,158,159,160,161,162,163,164,165,166,167,168,169,170,171,172,173,174,175,176,177,178,179,180,181,182,183,184,185,186,187,188,189,190,191,192,193,194,195,196,197,198,199];False
8404;8997;17401;[53,46,11,3,26,43,18,30,25,9,69,1,12,32,14,15,65,8,16,19,61,41,22,23,24,34,5,27,28,56,63,31,29,33,20,35,36,37,38,39,40,49,42,7,44,45,60,47,48,21,50,51,92,13,54,55,6,57,58,59,2,0,62,52,64,10,66,67,68,17,70,71,72,73,74,75,76,77,78,79,80,81,82,83,84,85,86,87,88,89,4,91,90,93,94,95,96,97,98,99,100,101,102,103,104,105,106,107,108,109,110,111,112,113,114,115,116,117,118,119,120,121,122,123,124,125,126,127,128,129,130,131,132,133,134,135,136,137,138,139,140,141,142,143,144,145,146,147,148,149,150,151,152,153,154,155,156,157,158,159,160,161,162,163,164,165,166,167,168,169,170,171,172,173,174,175,176,177,178,179,180,181,182,183,184,185,186,187,188,189,190,191,192,193,194,195,196,197,198,199];False
8330;9000;17330;[91,46,11,3,26,43,18,30,25,9,69,1,12,32,14,15,65,8,16,19,61,41,22,23,24,34,5,27,28,56,63,31,29,33,20,35,36,37,38,39,40,49,42,7,44,45,60,47,48,21,50,51,53,13,54,55,6,57,58,59,2,0,62,52,64,10,66,67,68,17,70,71,72,73,74,75,76,77,78,79,80,81,82,83,84,85,86,87,88,89,4,92,90,93,94,95,96,97,98,99,100,101,102,103,104,105,106,107,108,109,110,111,112,113,114,115,116,117,118,119,120,121,122,123,124,125,126,127,128,129,130,131,132,133,134,135,136,137,138,139,140,141,142,143,144,145,146,147,148,149,150,151,152,153,154,155,156,157,158,159,160,161,162,163,164,165,166,167,168,169,170,171,172,173,174,175,176,177,178,179,180,181,182,183,184,185,186,187,188,189,190,191,192,193,194,195,196,197,198,199];False
8236;9000;17236;[107,46,11,3,26,43,18,30,25,9,69,1,12,32,14,15,65,8,16,19,61,41,22,23,24,34,5,27,28,56,63,31,29,33,20,35,36,37,38,39,40,49,42,7,44,45,60,47,48,21,50,51,53,13,54,55,6,57,58,59,2,0,62,52,64,10,66,67,68,17,70,71,72,73,74,75,76,77,78,79,80,81,82,83,84,85,86,87,88,89,4,91,90,93,94,95,96,97,98,99,100,101,102,103,104,105,106,92,108,109,110,111,112,113,114,115,116,117,118,119,120,121,122,123,124,125,126,127,128,129,130,131,132,133,134,135,136,137,138,139,140,141,142,143,144,145,146,147,148,149,150,151,152,153,154,155,156,157,158,159,160,161,162,163,164,165,166,167,168,169,170,171,172,173,174,175,176,177,178,179,180,181,182,183,184,185,186,187,188,189,190,191,192,193,194,195,196,197,198,199];False
8660;8960;17620;[34,46,11,3,26,43,18,30,25,9,69,1,12,32,14,15,65,17,16,8,61,41,22,23,24,82,5,27,28,56,63,31,29,33,20,35,36,37,38,39,40,49,42,7,44,45,60,47,48,21,50,51,53,13,54,55,6,57,58,59,2,0,62,52,64,10,66,67,68,92,70,71,72,73,74,75,76,77,78,79,80,81,19,83,84,85,86,87,88,89,4,91,90,93,94,95,96,97,98,99,100,101,102,103,104,105,106,107,108,109,110,111,112,113,114,115,116,117,118,119,120,121,122,123,124,125,126,127,128,129,130,131,132,133,134,135,136,137,138,139,140,141,142,143,144,145,146,147,148,149,150,151,152,153,154,155,156,157,158,159,160,161,162,163,164,165,166,167,168,169,170,171,172,173,174,175,176,177,178,179,180,181,182,183,184,185,186,187,188,189,190,191,192,193,194,195,196,197,198,199];False
8613;8973;17586;[74,46,11,3,26,43,18,30,25,9,69,1,12,32,14,15,65,17,16,8,61,41,22,23,24,34,5,27,28,56,63,31,29,33,20,35,36,37,38,39,40,49,42,7,44,45,60,47,48,21,50,51,53,13,54,55,6,57,58,59,2,0,62,52,64,10,66,67,68,92,70,71,72,73,82,75,76,77,78,79,80,81,19,83,84,85,86,87,88,89,4,91,90,93,94,95,96,97,98,99,100,101,102,103,104,105,106,107,108,109,110,111,112,113,114,115,116,117,118,119,120,121,122,123,124,125,126,127,128,129,130,131,132,133,134,135,136,137,138,139,140,141,142,143,144,145,146,147,148,149,150,151,152,153,154,155,156,157,158,159,160,161,162,163,164,165,166,167,168,169,170,171,172,173,174,175,176,177,178,179,180,181,182,183,184,185,186,187,188,189,190,191,192,193,194,195,196,197,198,199];False
8571;8979;17550;[90,46,11,3,26,43,18,30,25,9,69,1,12,32,14,15,65,17,16,8,61,41,22,23,24,34,5,27,28,56,63,31,29,33,20,35,36,37,38,39,40,49,42,7,44,45,60,47,48,21,50,51,53,13,54,55,6,57,58,59,2,0,62,52,64,10,66,67,68,92,70,71,72,73,74,75,76,77,78,79,80,81,19,83,84,85,86,87,88,89,4,91,82,93,94,95,96,97,98,99,100,101,102,103,104,105,106,107,108,109,110,111,112,113,114,115,116,117,118,119,120,121,122,123,124,125,126,127,128,129,130,131,132,133,134,135,136,137,138,139,140,141,142,143,144,145,146,147,148,149,150,151,152,153,154,155,156,157,158,159,160,161,162,163,164,165,166,167,168,169,170,171,172,173,174,175,176,177,178,179,180,181,182,183,184,185,186,187,188,189,190,191,192,193,194,195,196,197,198,199];False
8597;8969;17566;[99,46,11,3,26,43,18,30,25,9,69,1,12,32,14,15,65,17,16,8,61,41,22,23,24,34,5,27,28,56,63,31,29,33,20,35,36,37,38,39,40,49,42,7,44,45,60,47,48,21,50,51,53,13,54,55,6,57,58,59,2,0,62,52,64,10,66,67,68,92,70,71,72,73,74,75,76,77,78,79,80,81,19,83,84,85,86,87,88,89,4,91,90,93,94,95,96,97,98,82,100,101,102,103,104,105,106,107,108,109,110,111,112,113,114,115,116,117,118,119,120,121,122,123,124,125,126,127,128,129,130,131,132,133,134,135,136,137,138,139,140,141,142,143,144,145,146,147,148,149,150,151,152,153,154,155,156,157,158,159,160,161,162,163,164,165,166,167,168,169,170,171,172,173,174,175,176,177,178,179,180,181,182,183,184,185,186,187,188,189,190,191,192,193,194,195,196,197,198,199];False
8581;8974;17555;[107,46,11,3,26,43,18,30,25,9,69,1,12,32,14,15,65,17,16,8,61,41,22,23,24,34,5,27,28,56,63,31,29,33,20,35,36,37,38,39,40,49,42,7,44,45,60,47,48,21,50,51,53,13,54,55,6,57,58,59,2,0,62,52,64,10,66,67,68,92,70,71,72,73,74,75,76,77,78,79,80,81,19,83,84,85,86,87,88,89,4,91,90,93,94,95,96,97,98,99,100,101,102,103,104,105,106,82,108,109,110,111,112,113,114,115,116,117,118,119,120,121,122,123,124,125,126,127,128,129,130,131,132,133,134,135,136,137,138,139,140,141,142,143,144,145,146,147,148,149,150,151,152,153,154,155,156,157,158,159,160,161,162,163,164,165,166,167,168,169,170,171,172,173,174,175,176,177,178,179,180,181,182,183,184,185,186,187,188,189,190,191,192,193,194,195,196,197,198,199];False
8381;8985;17366;[16,46,11,3,26,43,18,30,25,9,69,1,12,32,14,15,65,17,94,8,61,41,22,23,24,34,5,27,28,56,63,31,29,33,20,35,36,37,38,39,40,49,42,7,44,45,60,47,48,21,50,51,53,13,54,55,6,57,58,59,2,0,62,52,64,10,66,67,68,92,70,71,72,73,74,75,76,77,78,79,80,81,82,83,84,85,86,87,88,89,4,91,90,93,19,95,96,97,98,99,100,101,102,103,104,105,106,107,108,109,110,111,112,113,114,115,116,117,118,119,120,121,122,123,124,125,126,127,128,129,130,131,132,133,134,135,136,137,138,139,140,141,142,143,144,145,146,147,148,149,150,151,152,153,154,155,156,157,158,159,160,161,162,163,164,165,166,167,168,169,170,171,172,173,174,175,176,177,178,179,180,181,182,183,184,185,186,187,188,189,190,191,192,193,194,195,196,197,198,199];False
8378;8995;17373;[8,46,11,3,26,43,18,30,25,9,69,1,12,32,14,15,65,17,16,94,61,41,22,23,24,34,5,27,28,56,63,31,29,33,20,35,36,37,38,39,40,49,42,7,44,45,60,47,48,21,50,51,53,13,54,55,6,57,58,59,2,0,62,52,64,10,66,67,68,92,70,71,72,73,74,75,76,77,78,79,80,81,82,83,84,85,86,87,88,89,4,91,90,93,19,95,96,97,98,99,100,101,102,103,104,105,106,107,108,109,110,111,112,113,114,115,116,117,118,119,120,121,122,123,124,125,126,127,128,129,130,131,132,133,134,135,136,137,138,139,140,141,142,143,144,145,146,147,148,149,150,151,152,153,154,155,156,157,158,159,160,161,162,163,164,165,166,167,168,169,170,171,172,173,174,175,176,177,178,179,180,181,182,183,184,185,186,187,188,189,190,191,192,193,194,195,196,197,198,199];False
8516;8966;17482;[34,46,11,3,26,43,18,30,25,9,69,1,12,32,14,15,65,17,16,8,61,41,22,23,24,94,5,27,28,56,63,31,29,33,20,35,36,37,38,39,40,49,42,7,44,45,60,47,48,21,50,51,53,13,54,55,6,57,58,59,2,0,62,52,64,10,66,67,68,92,70,71,72,73,74,75,76,77,78,79,80,81,82,83,84,85,86,87,88,89,4,91,90,93,19,95,96,97,98,99,100,101,102,103,104,105,106,107,108,109,110,111,112,113,114,115,116,117,118,119,120,121,122,123,124,125,126,127,128,129,130,131,132,133,134,135,136,137,138,139,140,141,142,143,144,145,146,147,148,149,150,151,152,153,154,155,156,157,158,159,160,161,162,163,164,165,166,167,168,169,170,171,172,173,174,175,176,177,178,179,180,181,182,183,184,185,186,187,188,189,190,191,192,193,194,195,196,197,198,199];False
8389;8980;17369;[29,46,11,3,26,43,18,30,25,9,69,1,12,32,14,15,65,17,16,8,61,41,22,23,24,34,5,27,28,56,63,31,94,33,20,35,36,37,38,39,40,49,42,7,44,45,60,47,48,21,50,51,53,13,54,55,6,57,58,59,2,0,62,52,64,10,66,67,68,92,70,71,72,73,74,75,76,77,78,79,80,81,82,83,84,85,86,87,88,89,4,91,90,93,19,95,96,97,98,99,100,101,102,103,104,105,106,107,108,109,110,111,112,113,114,115,116,117,118,119,120,121,122,123,124,125,126,127,128,129,130,131,132,133,134,135,136,137,138,139,140,141,142,143,144,145,146,147,148,149,150,151,152,153,154,155,156,157,158,159,160,161,162,163,164,165,166,167,168,169,170,171,172,173,174,175,176,177,178,179,180,181,182,183,184,185,186,187,188,189,190,191,192,193,194,195,196,197,198,199];False
7960;9120;17080;[8,52,11,3,26,43,18,30,25,9,4,1,12,32,14,15,124,46,16,19,61,41,22,23,24,69,5,27,28,56,63,31,29,33,17,35,36,37,38,39,40,49,42,7,44,45,60,47,48,21,50,51,53,13,54,55,6,57,58,59,2,0,62,86,64,10,66,67,68,20,70,71,72,65,74,75,76,77,78,79,80,81,82,83,84,85,73,87,88,89,34,91,92,93,94,95,96,97,98,99,100,101,102,103,104,105,106,107,108,109,110,111,112,113,114,115,116,117,118,119,120,121,122,123,90,125,126,127,128,129,130,131,132,133,134,135,136,137,138,139,140,141,142,143,144,145,146,147,148,149,150,151,152,153,154,155,156,157,158,159,160,161,162,163,164,165,166,167,168,169,170,171,172,173,174,175,176,177,178,179,180,181,182,183,184,185,186,187,188,189,190,191,192,193,194,195,196,197,198,199];False
7932;9112;17044;[33,52,11,3,26,43,18,30,25,9,4,1,12,32,14,15,124,8,16,19,61,41,22,23,24,69,5,27,28,56,63,31,29,46,17,35,36,37,38,39,40,49,42,7,44,45,60,47,48,21,50,51,53,13,54,55,6,57,58,59,2,0,62,86,64,10,66,67,68,20,70,71,72,65,74,75,76,77,78,79,80,81,82,83,84,85,73,87,88,89,34,91,92,93,94,95,96,97,98,99,100,101,102,103,104,105,106,107,108,109,110,111,112,113,114,115,116,117,118,119,120,121,122,123,90,125,126,127,128,129,130,131,132,133,134,135,136,137,138,139,140,141,142,143,144,145,146,147,148,149,150,151,152,153,154,155,156,157,158,159,160,161,162,163,164,165,166,167,168,169,170,171,172,173,174,175,176,177,178,179,180,181,182,183,184,185,186,187,188,189,190,191,192,193,194,195,196,197,198,199];False
8011;9102;17113;[52,117,11,3,26,43,18,30,25,9,4,1,12,32,14,15,124,8,16,19,61,41,22,23,24,69,5,27,28,56,63,31,29,33,17,35,36,37,38,39,40,49,42,7,44,45,60,47,48,21,50,51,53,13,54,55,6,57,58,59,2,0,62,46,64,10,66,67,68,20,70,71,72,65,74,75,76,77,78,79,80,81,82,83,84,85,86,87,88,89,73,91,92,93,94,95,96,97,98,99,100,101,102,103,104,105,106,107,108,109,110,111,112,113,114,115,116,34,118,119,120,121,122,123,90,125,126,127,128,129,130,131,132,133,134,135,136,137,138,139,140,141,142,143,144,145,146,147,148,149,150,151,152,153,154,155,156,157,158,159,160,161,162,163,164,165,166,167,168,169,170,171,172,173,174,175,176,177,178,179,180,181,182,183,184,185,186,187,188,189,190,191,192,193,194,195,196,197,198,199];False
8110;9075;17185;[1,52,11,3,26,43,18,30,25,9,4,117,12,32,14,15,124,8,16,19,61,41,22,23,24,69,5,27,28,56,63,31,29,33,17,35,36,37,38,39,40,49,42,7,44,45,60,47,48,21,50,51,53,13,54,55,6,57,58,59,2,0,62,46,64,10,66,67,68,20,70,71,72,65,74,75,76,77,78,79,80,81,82,83,84,85,86,87,88,89,73,91,92,93,94,95,96,97,98,99,100,101,102,103,104,105,106,107,108,109,110,111,112,113,114,115,116,34,118,119,120,121,122,123,90,125,126,127,128,129,130,131,132,133,134,135,136,137,138,139,140,141,142,143,144,145,146,147,148,149,150,151,152,153,154,155,156,157,158,159,160,161,162,163,164,165,166,167,168,169,170,171,172,173,174,175,176,177,178,179,180,181,182,183,184,185,186,187,188,189,190,191,192,193,194,195,196,197,198,199];False
7997;9110;17107;[38,52,11,3,26,43,18,30,25,9,4,1,12,32,14,15,124,8,16,19,61,41,22,23,24,69,5,27,28,56,63,31,29,33,17,35,36,37,117,39,40,49,42,7,44,45,60,47,48,21,50,51,53,13,54,55,6,57,58,59,2,0,62,46,64,10,66,67,68,20,70,71,72,65,74,75,76,77,78,79,80,81,82,83,84,85,86,87,88,89,73,91,92,93,94,95,96,97,98,99,100,101,102,103,104,105,106,107,108,109,110,111,112,113,114,115,116,34,118,119,120,121,122,123,90,125,126,127,128,129,130,131,132,133,134,135,136,137,138,139,140,141,142,143,144,145,146,147,148,149,150,151,152,153,154,155,156,157,158,159,160,161,162,163,164,165,166,167,168,169,170,171,172,173,174,175,176,177,178,179,180,181,182,183,184,185,186,187,188,189,190,191,192,193,194,195,196,197,198,199];False
8022;9095;17117;[39,52,11,3,26,43,18,30,25,9,4,1,12,32,14,15,124,8,16,19,61,41,22,23,24,69,5,27,28,56,63,31,29,33,17,35,36,37,38,117,40,49,42,7,44,45,60,47,48,21,50,51,53,13,54,55,6,57,58,59,2,0,62,46,64,10,66,67,68,20,70,71,72,65,74,75,76,77,78,79,80,81,82,83,84,85,86,87,88,89,73,91,92,93,94,95,96,97,98,99,100,101,102,103,104,105,106,107,108,109,110,111,112,113,114,115,116,34,118,119,120,121,122,123,90,125,126,127,128,129,130,131,132,133,134,135,136,137,138,139,140,141,142,143,144,145,146,147,148,149,150,151,152,153,154,155,156,157,158,159,160,161,162,163,164,165,166,167,168,169,170,171,172,173,174,175,176,177,178,179,180,181,182,183,184,185,186,187,188,189,190,191,192,193,194,195,196,197,198,199];False
8080;9063;17143;[6,52,11,3,26,43,18,30,25,9,4,1,12,32,14,15,124,8,16,19,61,41,22,23,24,69,5,27,28,56,63,31,29,33,17,35,36,37,38,39,40,49,42,7,44,45,60,47,48,21,50,51,53,13,54,55,117,57,58,59,2,0,62,46,64,10,66,67,68,20,70,71,72,65,74,75,76,77,78,79,80,81,82,83,84,85,86,87,88,89,73,91,92,93,94,95,96,97,98,99,100,101,102,103,104,105,106,107,108,109,110,111,112,113,114,115,116,34,118,119,120,121,122,123,90,125,126,127,128,129,130,131,132,133,134,135,136,137,138,139,140,141,142,143,144,145,146,147,148,149,150,151,152,153,154,155,156,157,158,159,160,161,162,163,164,165,166,167,168,169,170,171,172,173,174,175,176,177,178,179,180,181,182,183,184,185,186,187,188,189,190,191,192,193,194,195,196,197,198,199];False
8072;9065;17137;[46,52,11,3,26,43,18,30,25,9,4,1,12,32,14,15,124,8,16,19,61,41,22,23,24,69,5,27,28,56,63,31,29,33,17,35,36,37,38,39,40,49,42,7,44,45,60,47,48,21,50,51,53,13,54,55,6,57,58,59,2,0,62,117,64,10,66,67,68,20,70,71,72,65,74,75,76,77,78,79,80,81,82,83,84,85,86,87,88,89,73,91,92,93,94,95,96,97,98,99,100,101,102,103,104,105,106,107,108,109,110,111,112,113,114,115,116,34,118,119,120,121,122,123,90,125,126,127,128,129,130,131,132,133,134,135,136,137,138,139,140,141,142,143,144,145,146,147,148,149,150,151,152,153,154,155,156,157,158,159,160,161,162,163,164,165,166,167,168,169,170,171,172,173,174,175,176,177,178,179,180,181,182,183,184,185,186,187,188,189,190,191,192,193,194,195,196,197,198,199];False
7945;9084;17029;[67,52,11,3,26,43,18,30,25,9,4,1,12,32,14,15,124,8,16,19,61,41,22,23,24,69,5,27,28,56,63,31,29,33,17,35,36,37,38,39,40,49,42,7,44,45,60,47,48,21,50,51,53,13,54,55,6,57,58,59,2,0,62,46,64,10,66,117,68,20,70,71,72,65,74,75,76,77,78,79,80,81,82,83,84,85,86,87,88,89,73,91,92,93,94,95,96,97,98,99,100,101,102,103,104,105,106,107,108,109,110,111,112,113,114,115,116,34,118,119,120,121,122,123,90,125,126,127,128,129,130,131,132,133,134,135,136,137,138,139,140,141,142,143,144,145,146,147,148,149,150,151,152,153,154,155,156,157,158,159,160,161,162,163,164,165,166,167,168,169,170,171,172,173,174,175,176,177,178,179,180,181,182,183,184,185,186,187,188,189,190,191,192,193,194,195,196,197,198,199];False
7967;9082;17049;[76,52,11,3,26,43,18,30,25,9,4,1,12,32,14,15,124,8,16,19,61,41,22,23,24,69,5,27,28,56,63,31,29,33,17,35,36,37,38,39,40,49,42,7,44,45,60,47,48,21,50,51,53,13,54,55,6,57,58,59,2,0,62,46,64,10,66,67,68,20,70,71,72,65,74,75,117,77,78,79,80,81,82,83,84,85,86,87,88,89,73,91,92,93,94,95,96,97,98,99,100,101,102,103,104,105,106,107,108,109,110,111,112,113,114,115,116,34,118,119,120,121,122,123,90,125,126,127,128,129,130,131,132,133,134,135,136,137,138,139,140,141,142,143,144,145,146,147,148,149,150,151,152,153,154,155,156,157,158,159,160,161,162,163,164,165,166,167,168,169,170,171,172,173,174,175,176,177,178,179,180,181,182,183,184,185,186,187,188,189,190,191,192,193,194,195,196,197,198,199];False
8089;9060;17149;[78,52,11,3,26,43,18,30,25,9,4,1,12,32,14,15,124,8,16,19,61,41,22,23,24,69,5,27,28,56,63,31,29,33,17,35,36,37,38,39,40,49,42,7,44,45,60,47,48,21,50,51,53,13,54,55,6,57,58,59,2,0,62,46,64,10,66,67,68,20,70,71,72,65,74,75,76,77,117,79,80,81,82,83,84,85,86,87,88,89,73,91,92,93,94,95,96,97,98,99,100,101,102,103,104,105,106,107,108,109,110,111,112,113,114,115,116,34,118,119,120,121,122,123,90,125,126,127,128,129,130,131,132,133,134,135,136,137,138,139,140,141,142,143,144,145,146,147,148,149,150,151,152,153,154,155,156,157,158,159,160,161,162,163,164,165,166,167,168,169,170,171,172,173,174,175,176,177,178,179,180,181,182,183,184,185,186,187,188,189,190,191,192,193,194,195,196,197,198,199];False
7990;9063;17053;[80,52,11,3,26,43,18,30,25,9,4,1,12,32,14,15,124,8,16,19,61,41,22,23,24,69,5,27,28,56,63,31,29,33,17,35,36,37,38,39,40,49,42,7,44,45,60,47,48,21,50,51,53,13,54,55,6,57,58,59,2,0,62,46,64,10,66,67,68,20,70,71,72,65,74,75,76,77,78,79,117,81,82,83,84,85,86,87,88,89,73,91,92,93,94,95,96,97,98,99,100,101,102,103,104,105,106,107,108,109,110,111,112,113,114,115,116,34,118,119,120,121,122,123,90,125,126,127,128,129,130,131,132,133,134,135,136,137,138,139,140,141,142,143,144,145,146,147,148,149,150,151,152,153,154,155,156,157,158,159,160,161,162,163,164,165,166,167,168,169,170,171,172,173,174,175,176,177,178,179,180,181,182,183,184,185,186,187,188,189,190,191,192,193,194,195,196,197,198,199];False
7911;9131;17042;[42,52,11,3,26,43,18,30,25,9,4,1,12,32,14,15,124,8,16,19,61,41,22,23,24,69,5,27,28,56,63,31,29,33,17,35,36,37,38,39,40,49,151,7,44,45,60,47,48,21,50,51,53,13,54,55,6,57,58,59,2,0,62,46,64,10,66,67,68,20,70,71,72,65,74,75,76,77,78,79,80,81,82,83,84,85,86,87,88,89,73,91,92,93,94,95,96,97,98,99,100,101,102,103,104,105,106,107,108,109,110,111,112,113,114,115,116,117,118,119,120,121,122,123,90,125,126,127,128,129,130,131,132,133,134,135,136,137,138,139,140,141,142,143,144,145,146,147,148,149,150,34,152,153,154,155,156,157,158,159,160,161,162,163,164,165,166,167,168,169,170,171,172,173,174,175,176,177,178,179,180,181,182,183,184,185,186,187,188,189,190,191,192,193,194,195,196,197,198,199];False
7882;9152;17034;[67,52,11,3,26,43,18,30,25,9,4,1,12,32,14,15,124,8,16,19,61,41,22,23,24,69,5,27,28,56,63,31,29,33,17,35,36,37,38,39,40,49,42,7,44,45,60,47,48,21,50,51,53,13,54,55,6,57,58,59,2,0,62,46,64,10,66,151,68,20,70,71,72,65,74,75,76,77,78,79,80,81,82,83,84,85,86,87,88,89,73,91,92,93,94,95,96,97,98,99,100,101,102,103,104,105,106,107,108,109,110,111,112,113,114,115,116,117,118,119,120,121,122,123,90,125,126,127,128,129,130,131,132,133,134,135,136,137,138,139,140,141,142,143,144,145,146,147,148,149,150,34,152,153,154,155,156,157,158,159,160,161,162,163,164,165,166,167,168,169,170,171,172,173,174,175,176,177,178,179,180,181,182,183,184,185,186,187,188,189,190,191,192,193,194,195,196,197,198,199];False
7831;9137;16968;[76,52,11,3,26,43,18,30,25,9,4,1,12,32,14,15,124,8,16,19,61,41,22,23,24,69,5,27,28,56,63,31,29,33,17,35,36,37,38,39,40,49,42,7,44,45,60,47,48,21,50,51,53,13,54,55,6,57,58,59,2,0,62,46,64,10,66,67,68,20,70,71,72,65,74,75,151,77,78,79,80,81,82,83,84,85,86,87,88,89,73,91,92,93,94,95,96,97,98,99,100,101,102,103,104,105,106,107,108,109,110,111,112,113,114,115,116,117,118,119,120,121,122,123,90,125,126,127,128,129,130,131,132,133,134,135,136,137,138,139,140,141,142,143,144,145,146,147,148,149,150,34,152,153,154,155,156,157,158,159,160,161,162,163,164,165,166,167,168,169,170,171,172,173,174,175,176,177,178,179,180,181,182,183,184,185,186,187,188,189,190,191,192,193,194,195,196,197,198,199];False
8122;9057;17179;[69,46,11,3,26,43,18,30,8,9,107,1,12,32,14,15,20,65,16,19,61,41,22,23,24,25,5,27,28,56,63,31,29,33,17,35,36,93,38,39,40,49,42,7,44,45,60,47,48,21,50,51,53,13,54,55,6,57,58,59,2,0,62,52,64,10,66,67,68,37,70,71,72,90,74,75,76,77,78,79,80,81,82,83,84,85,86,87,88,89,4,91,73,92,94,95,96,97,98,99,100,101,102,103,104,105,106,34,108,109,110,111,112,113,114,115,116,117,118,119,120,121,122,123,124,125,126,127,128,129,130,131,132,133,134,135,136,137,138,139,140,141,142,143,144,145,146,147,148,149,150,151,152,153,154,155,156,157,158,159,160,161,162,163,164,165,166,167,168,169,170,171,172,173,174,175,176,177,178,179,180,181,182,183,184,185,186,187,188,189,190,191,192,193,194,195,196,197,198,199];False
8145;9032;17177;[46,117,11,3,26,43,18,30,8,9,69,1,12,32,14,15,20,65,16,19,61,41,22,23,24,25,5,27,28,56,63,31,29,33,17,35,36,93,38,39,40,49,42,7,44,45,60,47,48,21,50,51,53,13,54,55,6,57,58,59,2,0,62,52,64,10,66,67,68,37,70,71,72,90,74,75,76,77,78,79,80,81,82,83,84,85,86,87,88,89,4,91,73,92,94,95,96,97,98,99,100,101,102,103,104,105,106,107,108,109,110,111,112,113,114,115,116,34,118,119,120,121,122,123,124,125,126,127,128,129,130,131,132,133,134,135,136,137,138,139,140,141,142,143,144,145,146,147,148,149,150,151,152,153,154,155,156,157,158,159,160,161,162,163,164,165,166,167,168,169,170,171,172,173,174,175,176,177,178,179,180,181,182,183,184,185,186,187,188,189,190,191,192,193,194,195,196,197,198,199];False
8132;9039;17171;[4,46,11,3,26,43,18,30,8,9,107,1,12,32,14,15,20,65,16,25,61,41,22,23,24,34,5,27,28,56,63,31,94,33,17,35,36,37,38,39,40,49,42,7,44,45,60,47,48,21,50,51,53,13,54,55,6,57,58,59,2,0,62,52,64,10,66,67,68,69,70,71,72,73,74,75,76,77,78,79,80,81,82,83,84,85,86,87,88,89,29,91,90,93,19,95,96,97,98,99,100,101,102,103,104,105,106,92,108,109,110,111,112,113,114,115,116,117,118,119,120,121,122,123,124,125,126,127,128,129,130,131,132,133,134,135,136,137,138,139,140,141,142,143,144,145,146,147,148,149,150,151,152,153,154,155,156,157,158,159,160,161,162,163,164,165,166,167,168,169,170,171,172,173,174,175,176,177,178,179,180,181,182,183,184,185,186,187,188,189,190,191,192,193,194,195,196,197,198,199];False
8177;9030;17207;[69,46,11,3,26,43,18,30,8,9,107,1,12,32,14,15,20,65,16,25,61,41,22,23,24,4,5,27,28,56,63,31,94,33,17,35,36,37,38,39,40,49,42,7,44,45,60,47,48,21,50,51,53,13,54,55,6,57,58,59,2,0,62,52,64,10,66,67,68,34,70,71,72,73,74,75,76,77,78,79,80,81,82,83,84,85,86,87,88,89,29,91,90,93,19,95,96,97,98,99,100,101,102,103,104,105,106,92,108,109,110,111,112,113,114,115,116,117,118,119,120,121,122,123,124,125,126,127,128,129,130,131,132,133,134,135,136,137,138,139,140,141,142,143,144,145,146,147,148,149,150,151,152,153,154,155,156,157,158,159,160,161,162,163,164,165,166,167,168,169,170,171,172,173,174,175,176,177,178,179,180,181,182,183,184,185,186,187,188,189,190,191,192,193,194,195,196,197,198,199];False
8114;9055;17169;[105,46,11,3,26,43,18,30,8,9,107,1,12,32,14,15,20,65,16,25,61,41,22,23,24,4,5,27,28,56,63,31,94,33,17,35,36,37,38,39,40,49,42,7,44,45,60,47,48,21,50,51,53,13,54,55,6,57,58,59,2,0,62,52,64,10,66,67,68,69,70,71,72,73,74,75,76,77,78,79,80,81,82,83,84,85,86,87,88,89,29,91,90,93,19,95,96,97,98,99,100,101,102,103,104,34,106,92,108,109,110,111,112,113,114,115,116,117,118,119,120,121,122,123,124,125,126,127,128,129,130,131,132,133,134,135,136,137,138,139,140,141,142,143,144,145,146,147,148,149,150,151,152,153,154,155,156,157,158,159,160,161,162,163,164,165,166,167,168,169,170,171,172,173,174,175,176,177,178,179,180,181,182,183,184,185,186,187,188,189,190,191,192,193,194,195,196,197,198,199];False
8136;9036;17172;[114,46,11,3,26,43,18,30,8,9,107,1,12,32,14,15,20,65,16,25,61,41,22,23,24,4,5,27,28,56,63,31,94,33,17,35,36,37,38,39,40,49,42,7,44,45,60,47,48,21,50,51,53,13,54,55,6,57,58,59,2,0,62,52,64,10,66,67,68,69,70,71,72,73,74,75,76,77,78,79,80,81,82,83,84,85,86,87,88,89,29,91,90,93,19,95,96,97,98,99,100,101,102,103,104,105,106,92,108,109,110,111,112,113,34,115,116,117,118,119,120,121,122,123,124,125,126,127,128,129,130,131,132,133,134,135,136,137,138,139,140,141,142,143,144,145,146,147,148,149,150,151,152,153,154,155,156,157,158,159,160,161,162,163,164,165,166,167,168,169,170,171,172,173,174,175,176,177,178,179,180,181,182,183,184,185,186,187,188,189,190,191,192,193,194,195,196,197,198,199];False
8189;9014;17203;[117,46,11,3,26,43,18,30,8,9,107,1,12,32,14,15,20,65,16,25,61,41,22,23,24,4,5,27,28,56,63,31,94,33,17,35,36,37,38,39,40,49,42,7,44,45,60,47,48,21,50,51,53,13,54,55,6,57,58,59,2,0,62,52,64,10,66,67,68,69,70,71,72,73,74,75,76,77,78,79,80,81,82,83,84,85,86,87,88,89,29,91,90,93,19,95,96,97,98,99,100,101,102,103,104,105,106,92,108,109,110,111,112,113,114,115,116,34,118,119,120,121,122,123,124,125,126,127,128,129,130,131,132,133,134,135,136,137,138,139,140,141,142,143,144,145,146,147,148,149,150,151,152,153,154,155,156,157,158,159,160,161,162,163,164,165,166,167,168,169,170,171,172,173,174,175,176,177,178,179,180,181,182,183,184,185,186,187,188,189,190,191,192,193,194,195,196,197,198,199];False
7784;9210;16994;[4,52,93,3,26,43,18,30,124,9,33,1,12,32,14,15,16,60,64,19,25,41,22,23,24,69,5,27,28,56,63,31,29,53,17,35,36,37,38,39,40,49,42,7,44,45,10,47,48,21,50,51,0,11,54,55,6,57,58,59,2,61,62,67,13,46,66,34,68,20,70,71,72,65,74,75,76,77,78,79,80,81,82,83,84,85,86,87,88,89,73,91,92,8,94,95,96,97,98,99,100,101,102,103,104,105,106,107,108,109,110,111,112,113,114,115,116,117,118,119,120,121,122,123,90,125,126,127,128,129,130,131,132,133,134,135,136,137,138,139,140,141,142,143,144,145,146,147,148,149,150,151,152,153,154,155,156,157,158,159,160,161,162,163,164,165,166,167,168,169,170,171,172,173,174,175,176,177,178,179,180,181,182,183,184,185,186,187,188,189,190,191,192,193,194,195,196,197,198,199];False
7699;9274;16973;[10,52,93,3,26,43,18,30,124,9,4,1,12,32,14,15,16,60,64,19,25,41,22,23,24,69,5,27,28,56,63,31,29,33,17,35,36,37,38,39,40,49,42,7,44,45,78,47,48,21,50,51,0,11,54,55,6,57,58,59,2,61,62,67,13,46,66,34,68,20,70,71,72,65,74,75,76,77,53,79,80,81,82,83,84,85,86,87,88,89,73,91,92,8,94,95,96,97,98,99,100,101,102,103,104,105,106,107,108,109,110,111,112,113,114,115,116,117,118,119,120,121,122,123,90,125,126,127,128,129,130,131,132,133,134,135,136,137,138,139,140,141,142,143,144,145,146,147,148,149,150,151,152,153,154,155,156,157,158,159,160,161,162,163,164,165,166,167,168,169,170,171,172,173,174,175,176,177,178,179,180,181,182,183,184,185,186,187,188,189,190,191,192,193,194,195,196,197,198,199];False
7742;9246;16988;[79,52,93,3,26,43,18,30,124,9,4,1,12,32,14,15,16,60,64,19,25,41,22,23,24,69,5,27,28,56,63,31,29,33,17,35,36,37,38,39,40,49,42,7,44,45,10,47,48,21,50,51,0,11,54,55,6,57,58,59,2,61,62,67,13,46,66,34,68,20,70,71,72,65,74,75,76,77,53,78,80,81,82,83,84,85,86,87,88,89,73,91,92,8,94,95,96,97,98,99,100,101,102,103,104,105,106,107,108,109,110,111,112,113,114,115,116,117,118,119,120,121,122,123,90,125,126,127,128,129,130,131,132,133,134,135,136,137,138,139,140,141,142,143,144,145,146,147,148,149,150,151,152,153,154,155,156,157,158,159,160,161,162,163,164,165,166,167,168,169,170,171,172,173,174,175,176,177,178,179,180,181,182,183,184,185,186,187,188,189,190,191,192,193,194,195,196,197,198,199];False
7758;9235;16993;[84,52,93,3,26,43,18,30,124,9,4,1,12,32,14,15,16,60,64,19,25,41,22,23,24,69,5,27,28,56,63,31,29,33,17,35,36,37,38,39,40,49,42,7,44,45,10,47,48,21,50,51,0,11,54,55,6,57,58,59,2,61,62,67,13,46,66,34,68,20,70,71,72,65,74,75,76,77,53,79,80,81,82,83,78,85,86,87,88,89,73,91,92,8,94,95,96,97,98,99,100,101,102,103,104,105,106,107,108,109,110,111,112,113,114,115,116,117,118,119,120,121,122,123,90,125,126,127,128,129,130,131,132,133,134,135,136,137,138,139,140,141,142,143,144,145,146,147,148,149,150,151,152,153,154,155,156,157,158,159,160,161,162,163,164,165,166,167,168,169,170,171,172,173,174,175,176,177,178,179,180,181,182,183,184,185,186,187,188,189,190,191,192,193,194,195,196,197,198,199];False
7719;9261;16980;[85,52,93,3,26,43,18,30,124,9,4,1,12,32,14,15,16,60,64,19,25,41,22,23,24,69,5,27,28,56,63,31,29,33,17,35,36,37,38,39,40,49,42,7,44,45,10,47,48,21,50,51,0,11,54,55,6,57,58,59,2,61,62,67,13,46,66,34,68,20,70,71,72,65,74,75,76,77,53,79,80,81,82,83,84,78,86,87,88,89,73,91,92,8,94,95,96,97,98,99,100,101,102,103,104,105,106,107,108,109,110,111,112,113,114,115,116,117,118,119,120,121,122,123,90,125,126,127,128,129,130,131,132,133,134,135,136,137,138,139,140,141,142,143,144,145,146,147,148,149,150,151,152,153,154,155,156,157,158,159,160,161,162,163,164,165,166,167,168,169,170,171,172,173,174,175,176,177,178,179,180,181,182,183,184,185,186,187,188,189,190,191,192,193,194,195,196,197,198,199];False
7735;9241;16976;[73,52,93,3,26,43,18,30,124,9,4,1,12,32,14,15,16,60,64,19,25,41,22,23,24,69,5,27,28,56,63,31,29,33,17,35,36,37,38,39,40,49,42,7,44,45,10,47,48,21,50,51,0,11,54,55,6,57,58,59,2,61,62,67,13,46,66,34,68,20,70,71,72,65,74,75,76,77,53,79,80,81,82,83,84,85,86,87,88,89,78,91,92,8,94,95,96,97,98,99,100,101,102,103,104,105,106,107,108,109,110,111,112,113,114,115,116,117,118,119,120,121,122,123,90,125,126,127,128,129,130,131,132,133,134,135,136,137,138,139,140,141,142,143,144,145,146,147,148,149,150,151,152,153,154,155,156,157,158,159,160,161,162,163,164,165,166,167,168,169,170,171,172,173,174,175,176,177,178,179,180,181,182,183,184,185,186,187,188,189,190,191,192,193,194,195,196,197,198,199];False
7730;9247;16977;[92,52,93,3,26,43,18,30,124,9,4,1,12,32,14,15,16,60,64,19,25,41,22,23,24,69,5,27,28,56,63,31,29,33,17,35,36,37,38,39,40,49,42,7,44,45,10,47,48,21,50,51,0,11,54,55,6,57,58,59,2,61,62,67,13,46,66,34,68,20,70,71,72,65,74,75,76,77,53,79,80,81,82,83,84,85,86,87,88,89,73,91,78,8,94,95,96,97,98,99,100,101,102,103,104,105,106,107,108,109,110,111,112,113,114,115,116,117,118,119,120,121,122,123,90,125,126,127,128,129,130,131,132,133,134,135,136,137,138,139,140,141,142,143,144,145,146,147,148,149,150,151,152,153,154,155,156,157,158,159,160,161,162,163,164,165,166,167,168,169,170,171,172,173,174,175,176,177,178,179,180,181,182,183,184,185,186,187,188,189,190,191,192,193,194,195,196,197,198,199];False
7727;9247;16974;[102,52,93,3,26,43,18,30,124,9,4,1,12,32,14,15,16,60,64,19,25,41,22,23,24,69,5,27,28,56,63,31,29,33,17,35,36,37,38,39,40,49,42,7,44,45,10,47,48,21,50,51,0,11,54,55,6,57,58,59,2,61,62,67,13,46,66,34,68,20,70,71,72,65,74,75,76,77,53,79,80,81,82,83,84,85,86,87,88,89,73,91,92,8,94,95,96,97,98,99,100,101,78,103,104,105,106,107,108,109,110,111,112,113,114,115,116,117,118,119,120,121,122,123,90,125,126,127,128,129,130,131,132,133,134,135,136,137,138,139,140,141,142,143,144,145,146,147,148,149,150,151,152,153,154,155,156,157,158,159,160,161,162,163,164,165,166,167,168,169,170,171,172,173,174,175,176,177,178,179,180,181,182,183,184,185,186,187,188,189,190,191,192,193,194,195,196,197,198,199];False
7630;9322;16952;[104,52,93,3,26,43,18,30,124,9,4,1,12,32,14,15,16,60,64,19,25,41,22,23,24,69,5,27,28,56,63,31,29,33,17,35,36,37,38,39,40,49,42,7,44,45,10,47,48,21,50,51,0,11,54,55,6,57,58,59,2,61,62,67,13,46,66,34,68,20,70,71,72,65,74,75,76,77,53,79,80,81,82,83,84,85,86,87,88,89,73,91,92,8,94,95,96,97,98,99,100,101,102,103,78,105,106,107,108,109,110,111,112,113,114,115,116,117,118,119,120,121,122,123,90,125,126,127,128,129,130,131,132,133,134,135,136,137,138,139,140,141,142,143,144,145,146,147,148,149,150,151,152,153,154,155,156,157,158,159,160,161,162,163,164,165,166,167,168,169,170,171,172,173,174,175,176,177,178,179,180,181,182,183,184,185,186,187,188,189,190,191,192,193,194,195,196,197,198,199];False
7697;9254;16951;[106,52,93,3,26,43,18,30,124,9,4,1,12,32,14,15,16,60,64,19,25,41,22,23,24,69,5,27,28,56,63,31,29,33,17,35,36,37,38,39,40,49,42,7,44,45,10,47,48,21,50,51,0,11,54,55,6,57,58,59,2,61,62,67,13,46,66,34,68,20,70,71,72,65,74,75,76,77,53,79,80,81,82,83,84,85,86,87,88,89,73,91,92,8,94,95,96,97,98,99,100,101,102,103,104,105,78,107,108,109,110,111,112,113,114,115,116,117,118,119,120,121,122,123,90,125,126,127,128,129,130,131,132,133,134,135,136,137,138,139,140,141,142,143,144,145,146,147,148,149,150,151,152,153,154,155,156,157,158,159,160,161,162,163,164,165,166,167,168,169,170,171,172,173,174,175,176,177,178,179,180,181,182,183,184,185,186,187,188,189,190,191,192,193,194,195,196,197,198,199];False
7657;9241;16898;[109,52,93,3,26,43,18,30,124,9,4,1,12,32,14,15,16,60,64,19,25,41,22,23,24,69,5,27,28,56,63,31,29,33,17,35,36,37,38,39,40,49,42,7,44,45,10,47,48,21,50,51,0,11,54,55,6,57,58,59,2,61,62,67,13,46,66,34,68,20,70,71,72,65,74,75,76,77,53,79,80,81,82,83,84,85,86,87,88,89,73,91,92,8,94,95,96,97,98,99,100,101,102,103,104,105,106,107,108,78,110,111,112,113,114,115,116,117,118,119,120,121,122,123,90,125,126,127,128,129,130,131,132,133,134,135,136,137,138,139,140,141,142,143,144,145,146,147,148,149,150,151,152,153,154,155,156,157,158,159,160,161,162,163,164,165,166,167,168,169,170,171,172,173,174,175,176,177,178,179,180,181,182,183,184,185,186,187,188,189,190,191,192,193,194,195,196,197,198,199];False
7646;9277;16923;[132,52,93,3,26,43,18,30,124,9,4,1,12,32,14,15,16,60,64,19,25,41,22,23,24,69,5,27,28,56,63,31,29,33,17,35,36,37,38,39,40,49,42,7,44,45,10,47,48,21,50,51,0,11,54,55,6,57,58,59,2,61,62,67,13,46,66,34,68,20,70,71,72,65,74,75,76,77,53,79,80,81,82,83,84,85,86,87,88,89,73,91,92,8,94,95,96,97,98,99,100,101,102,103,104,105,106,107,108,109,110,111,112,113,114,115,116,117,118,119,120,121,122,123,90,125,126,127,128,129,130,131,78,133,134,135,136,137,138,139,140,141,142,143,144,145,146,147,148,149,150,151,152,153,154,155,156,157,158,159,160,161,162,163,164,165,166,167,168,169,170,171,172,173,174,175,176,177,178,179,180,181,182,183,184,185,186,187,188,189,190,191,192,193,194,195,196,197,198,199];False
7622;9296;16918;[135,52,93,3,26,43,18,30,124,9,4,1,12,32,14,15,16,60,64,19,25,41,22,23,24,69,5,27,28,56,63,31,29,33,17,35,36,37,38,39,40,49,42,7,44,45,10,47,48,21,50,51,0,11,54,55,6,57,58,59,2,61,62,67,13,46,66,34,68,20,70,71,72,65,74,75,76,77,53,79,80,81,82,83,84,85,86,87,88,89,73,91,92,8,94,95,96,97,98,99,100,101,102,103,104,105,106,107,108,109,110,111,112,113,114,115,116,117,118,119,120,121,122,123,90,125,126,127,128,129,130,131,132,133,134,78,136,137,138,139,140,141,142,143,144,145,146,147,148,149,150,151,152,153,154,155,156,157,158,159,160,161,162,163,164,165,166,167,168,169,170,171,172,173,174,175,176,177,178,179,180,181,182,183,184,185,186,187,188,189,190,191,192,193,194,195,196,197,198,199];False
7590;9332;16922;[139,52,93,3,26,43,18,30,124,9,4,1,12,32,14,15,16,60,64,19,25,41,22,23,24,69,5,27,28,56,63,31,29,33,17,35,36,37,38,39,40,49,42,7,44,45,10,47,48,21,50,51,0,11,54,55,6,57,58,59,2,61,62,67,13,46,66,34,68,20,70,71,72,65,74,75,76,77,53,79,80,81,82,83,84,85,86,87,88,89,73,91,92,8,94,95,96,97,98,99,100,101,102,103,104,105,106,107,108,109,110,111,112,113,114,115,116,117,118,119,120,121,122,123,90,125,126,127,128,129,130,131,132,133,134,135,136,137,138,78,140,141,142,143,144,145,146,147,148,149,150,151,152,153,154,155,156,157,158,159,160,161,162,163,164,165,166,167,168,169,170,171,172,173,174,175,176,177,178,179,180,181,182,183,184,185,186,187,188,189,190,191,192,193,194,195,196,197,198,199];False
7594;9289;16883;[144,52,93,3,26,43,18,30,124,9,4,1,12,32,14,15,16,60,64,19,25,41,22,23,24,69,5,27,28,56,63,31,29,33,17,35,36,37,38,39,40,49,42,7,44,45,10,47,48,21,50,51,0,11,54,55,6,57,58,59,2,61,62,67,13,46,66,34,68,20,70,71,72,65,74,75,76,77,53,79,80,81,82,83,84,85,86,87,88,89,73,91,92,8,94,95,96,97,98,99,100,101,102,103,104,105,106,107,108,109,110,111,112,113,114,115,116,117,118,119,120,121,122,123,90,125,126,127,128,129,130,131,132,133,134,135,136,137,138,139,140,141,142,143,78,145,146,147,148,149,150,151,152,153,154,155,156,157,158,159,160,161,162,163,164,165,166,167,168,169,170,171,172,173,174,175,176,177,178,179,180,181,182,183,184,185,186,187,188,189,190,191,192,193,194,195,196,197,198,199];False
7639;9248;16887;[151,52,93,3,26,43,18,30,124,9,4,1,12,32,14,15,16,60,64,19,25,41,22,23,24,69,5,27,28,56,63,31,29,33,17,35,36,37,38,39,40,49,42,7,44,45,10,47,48,21,50,51,0,11,54,55,6,57,58,59,2,61,62,67,13,46,66,34,68,20,70,71,72,65,74,75,76,77,53,79,80,81,82,83,84,85,86,87,88,89,73,91,92,8,94,95,96,97,98,99,100,101,102,103,104,105,106,107,108,109,110,111,112,113,114,115,116,117,118,119,120,121,122,123,90,125,126,127,128,129,130,131,132,133,134,135,136,137,138,139,140,141,142,143,144,145,146,147,148,149,150,78,152,153,154,155,156,157,158,159,160,161,162,163,164,165,166,167,168,169,170,171,172,173,174,175,176,177,178,179,180,181,182,183,184,185,186,187,188,189,190,191,192,193,194,195,196,197,198,199];False
7703;9239;16942;[157,52,93,3,26,43,18,30,124,9,4,1,12,32,14,15,16,60,64,19,25,41,22,23,24,69,5,27,28,56,63,31,29,33,17,35,36,37,38,39,40,49,42,7,44,45,10,47,48,21,50,51,0,11,54,55,6,57,58,59,2,61,62,67,13,46,66,34,68,20,70,71,72,65,74,75,76,77,53,79,80,81,82,83,84,85,86,87,88,89,73,91,92,8,94,95,96,97,98,99,100,101,102,103,104,105,106,107,108,109,110,111,112,113,114,115,116,117,118,119,120,121,122,123,90,125,126,127,128,129,130,131,132,133,134,135,136,137,138,139,140,141,142,143,144,145,146,147,148,149,150,151,152,153,154,155,156,78,158,159,160,161,162,163,164,165,166,167,168,169,170,171,172,173,174,175,176,177,178,179,180,181,182,183,184,185,186,187,188,189,190,191,192,193,194,195,196,197,198,199];False
7781;9231;17012;[78,95,93,3,26,43,18,30,124,9,4,1,12,32,14,15,16,60,64,19,25,41,22,23,24,69,5,27,28,56,63,31,29,33,17,35,36,37,38,39,40,49,42,7,44,45,10,47,48,21,50,51,0,11,54,55,6,57,58,59,2,61,62,67,13,46,66,34,68,20,70,71,72,65,74,75,76,77,53,79,80,81,82,83,84,85,86,87,88,89,73,91,92,8,94,52,96,97,98,99,100,101,102,103,104,105,106,107,108,109,110,111,112,113,114,115,116,117,118,119,120,121,122,123,90,125,126,127,128,129,130,131,132,133,134,135,136,137,138,139,140,141,142,143,144,145,146,147,148,149,150,151,152,153,154,155,156,157,158,159,160,161,162,163,164,165,166,167,168,169,170,171,172,173,174,175,176,177,178,179,180,181,182,183,184,185,186,187,188,189,190,191,192,193,194,195,196,197,198,199];False
7604;9259;16863;[78,110,93,3,26,43,18,30,124,9,4,1,12,32,14,15,16,60,64,19,25,41,22,23,24,69,5,27,28,56,63,31,29,33,17,35,36,37,38,39,40,49,42,7,44,45,10,47,48,21,50,51,0,11,54,55,6,57,58,59,2,61,62,67,13,46,66,34,68,20,70,71,72,65,74,75,76,77,53,79,80,81,82,83,84,85,86,87,88,89,73,91,92,8,94,95,96,97,98,99,100,101,102,103,104,105,106,107,108,109,52,111,112,113,114,115,116,117,118,119,120,121,122,123,90,125,126,127,128,129,130,131,132,133,134,135,136,137,138,139,140,141,142,143,144,145,146,147,148,149,150,151,152,153,154,155,156,157,158,159,160,161,162,163,164,165,166,167,168,169,170,171,172,173,174,175,176,177,178,179,180,181,182,183,184,185,186,187,188,189,190,191,192,193,194,195,196,197,198,199];False
7729;9234;16963;[78,114,93,3,26,43,18,30,124,9,4,1,12,32,14,15,16,60,64,19,25,41,22,23,24,69,5,27,28,56,63,31,29,33,17,35,36,37,38,39,40,49,42,7,44,45,10,47,48,21,50,51,0,11,54,55,6,57,58,59,2,61,62,67,13,46,66,34,68,20,70,71,72,65,74,75,76,77,53,79,80,81,82,83,84,85,86,87,88,89,73,91,92,8,94,95,96,97,98,99,100,101,102,103,104,105,106,107,108,109,110,111,112,113,52,115,116,117,118,119,120,121,122,123,90,125,126,127,128,129,130,131,132,133,134,135,136,137,138,139,140,141,142,143,144,145,146,147,148,149,150,151,152,153,154,155,156,157,158,159,160,161,162,163,164,165,166,167,168,169,170,171,172,173,174,175,176,177,178,179,180,181,182,183,184,185,186,187,188,189,190,191,192,193,194,195,196,197,198,199];False
7782;9228;17010;[33,52,93,3,26,43,18,30,124,9,4,1,12,32,14,15,16,60,64,19,25,41,22,23,24,69,5,27,28,56,63,31,29,73,17,35,36,37,38,39,40,49,42,7,44,45,10,47,48,21,50,51,0,11,54,55,6,57,58,59,2,61,62,67,13,46,66,34,68,20,70,71,72,65,74,75,76,77,78,79,80,81,82,83,84,85,86,87,88,89,53,91,92,8,94,95,96,97,98,99,100,101,102,103,104,105,106,107,108,109,110,111,112,113,114,115,116,117,118,119,120,121,122,123,90,125,126,127,128,129,130,131,132,133,134,135,136,137,138,139,140,141,142,143,144,145,146,147,148,149,150,151,152,153,154,155,156,157,158,159,160,161,162,163,164,165,166,167,168,169,170,171,172,173,174,175,176,177,178,179,180,181,182,183,184,185,186,187,188,189,190,191,192,193,194,195,196,197,198,199];False
7739;9218;16957;[81,52,93,3,26,43,18,30,124,9,4,1,12,32,14,15,16,60,64,19,25,41,22,23,24,69,5,27,28,56,63,31,29,33,17,35,36,37,38,39,40,49,42,7,44,45,10,47,48,21,50,51,0,11,54,55,6,57,58,59,2,61,62,67,13,46,66,34,68,20,70,71,72,65,74,75,76,77,78,79,80,73,82,83,84,85,86,87,88,89,53,91,92,8,94,95,96,97,98,99,100,101,102,103,104,105,106,107,108,109,110,111,112,113,114,115,116,117,118,119,120,121,122,123,90,125,126,127,128,129,130,131,132,133,134,135,136,137,138,139,140,141,142,143,144,145,146,147,148,149,150,151,152,153,154,155,156,157,158,159,160,161,162,163,164,165,166,167,168,169,170,171,172,173,174,175,176,177,178,179,180,181,182,183,184,185,186,187,188,189,190,191,192,193,194,195,196,197,198,199];False
7719;9217;16936;[86,52,93,3,26,43,18,30,124,9,4,1,12,32,14,15,16,60,64,19,25,41,22,23,24,69,5,27,28,56,63,31,29,33,17,35,36,37,38,39,40,49,42,7,44,45,10,47,48,21,50,51,0,11,54,55,6,57,58,59,2,61,62,67,13,46,66,34,68,20,70,71,72,65,74,75,76,77,78,79,80,81,82,83,84,85,73,87,88,89,53,91,92,8,94,95,96,97,98,99,100,101,102,103,104,105,106,107,108,109,110,111,112,113,114,115,116,117,118,119,120,121,122,123,90,125,126,127,128,129,130,131,132,133,134,135,136,137,138,139,140,141,142,143,144,145,146,147,148,149,150,151,152,153,154,155,156,157,158,159,160,161,162,163,164,165,166,167,168,169,170,171,172,173,174,175,176,177,178,179,180,181,182,183,184,185,186,187,188,189,190,191,192,193,194,195,196,197,198,199];False
7801;9200;17001;[92,52,93,3,26,43,18,30,124,9,4,1,12,32,14,15,16,60,64,19,25,41,22,23,24,69,5,27,28,56,63,31,29,33,17,35,36,37,38,39,40,49,42,7,44,45,10,47,48,21,50,51,0,11,54,55,6,57,58,59,2,61,62,67,13,46,66,34,68,20,70,71,72,65,74,75,76,77,78,79,80,81,82,83,84,85,86,87,88,89,53,91,73,8,94,95,96,97,98,99,100,101,102,103,104,105,106,107,108,109,110,111,112,113,114,115,116,117,118,119,120,121,122,123,90,125,126,127,128,129,130,131,132,133,134,135,136,137,138,139,140,141,142,143,144,145,146,147,148,149,150,151,152,153,154,155,156,157,158,159,160,161,162,163,164,165,166,167,168,169,170,171,172,173,174,175,176,177,178,179,180,181,182,183,184,185,186,187,188,189,190,191,192,193,194,195,196,197,198,199];False
7767;9213;16980;[105,52,93,3,26,43,18,30,124,9,4,1,12,32,14,15,16,60,64,19,25,41,22,23,24,69,5,27,28,56,63,31,29,33,17,35,36,37,38,39,40,49,42,7,44,45,10,47,48,21,50,51,0,11,54,55,6,57,58,59,2,61,62,67,13,46,66,34,68,20,70,71,72,65,74,75,76,77,78,79,80,81,82,83,84,85,86,87,88,89,53,91,92,8,94,95,96,97,98,99,100,101,102,103,104,73,106,107,108,109,110,111,112,113,114,115,116,117,118,119,120,121,122,123,90,125,126,127,128,129,130,131,132,133,134,135,136,137,138,139,140,141,142,143,144,145,146,147,148,149,150,151,152,153,154,155,156,157,158,159,160,161,162,163,164,165,166,167,168,169,170,171,172,173,174,175,176,177,178,179,180,181,182,183,184,185,186,187,188,189,190,191,192,193,194,195,196,197,198,199];False
7785;9167;16952;[117,52,93,3,26,43,18,30,124,9,4,1,12,32,14,15,16,60,64,19,25,41,22,23,24,69,5,27,28,56,63,31,29,33,17,35,36,37,38,39,40,49,42,7,44,45,10,47,48,21,50,51,0,11,54,55,6,57,58,59,2,61,62,67,13,46,66,34,68,20,70,71,72,65,74,75,76,77,78,79,80,81,82,83,84,85,86,87,88,89,53,91,92,8,94,95,96,97,98,99,100,101,102,103,104,105,106,107,108,109,110,111,112,113,114,115,116,73,118,119,120,121,122,123,90,125,126,127,128,129,130,131,132,133,134,135,136,137,138,139,140,141,142,143,144,145,146,147,148,149,150,151,152,153,154,155,156,157,158,159,160,161,162,163,164,165,166,167,168,169,170,171,172,173,174,175,176,177,178,179,180,181,182,183,184,185,186,187,188,189,190,191,192,193,194,195,196,197,198,199];False
8453;8977;17430;[50,10,11,3,26,43,18,30,25,9,69,1,12,32,14,15,65,8,16,19,61,41,22,23,24,34,5,27,28,56,63,31,29,33,20,35,36,37,38,39,40,49,42,7,44,45,60,47,48,21,92,51,53,13,54,55,6,57,58,59,2,0,62,52,64,46,66,67,68,17,70,71,72,73,74,75,76,77,78,79,80,81,82,83,84,85,86,87,88,89,4,91,90,93,94,95,96,97,98,99,100,101,102,103,104,105,106,107,108,109,110,111,112,113,114,115,116,117,118,119,120,121,122,123,124,125,126,127,128,129,130,131,132,133,134,135,136,137,138,139,140,141,142,143,144,145,146,147,148,149,150,151,152,153,154,155,156,157,158,159,160,161,162,163,164,165,166,167,168,169,170,171,172,173,174,175,176,177,178,179,180,181,182,183,184,185,186,187,188,189,190,191,192,193,194,195,196,197,198,199];False
8320;8992;17312;[50,72,11,3,26,43,18,30,25,9,69,1,12,32,14,15,65,8,16,19,61,41,22,23,24,34,5,27,28,56,63,31,29,33,20,35,36,37,38,39,40,49,42,7,44,45,60,47,48,21,92,51,53,13,54,55,6,57,58,59,2,0,62,52,64,10,66,67,68,17,70,71,46,73,74,75,76,77,78,79,80,81,82,83,84,85,86,87,88,89,4,91,90,93,94,95,96,97,98,99,100,101,102,103,104,105,106,107,108,109,110,111,112,113,114,115,116,117,118,119,120,121,122,123,124,125,126,127,128,129,130,131,132,133,134,135,136,137,138,139,140,141,142,143,144,145,146,147,148,149,150,151,152,153,154,155,156,157,158,159,160,161,162,163,164,165,166,167,168,169,170,171,172,173,174,175,176,177,178,179,180,181,182,183,184,185,186,187,188,189,190,191,192,193,194,195,196,197,198,199];False
8231;9001;17232;[69,46,11,3,26,43,18,30,25,9,107,1,12,32,14,15,65,8,16,19,61,41,22,23,24,34,5,27,28,56,63,31,29,33,20,35,36,37,38,39,40,49,42,7,44,45,60,47,48,21,50,51,53,13,54,55,6,57,58,59,2,0,62,52,64,10,66,67,68,17,70,71,72,73,74,75,76,77,78,79,80,81,82,83,84,85,86,87,88,89,4,91,90,93,94,95,96,97,98,99,100,101,102,103,104,105,106,92,108,109,110,111,112,113,114,115,116,117,118,119,120,121,122,123,124,125,126,127,128,129,130,131,132,133,134,135,136,137,138,139,140,141,142,143,144,145,146,147,148,149,150,151,152,153,154,155,156,157,158,159,160,161,162,163,164,165,166,167,168,169,170,171,172,173,174,175,176,177,178,179,180,181,182,183,184,185,186,187,188,189,190,191,192,193,194,195,196,197,198,199];False
8360;8982;17342;[16,46,11,3,26,43,18,30,25,9,69,1,12,32,14,15,65,8,107,19,61,41,22,23,24,34,5,27,28,56,63,31,29,33,20,35,36,37,38,39,40,49,42,7,44,45,60,47,48,21,50,51,53,13,54,55,6,57,58,59,2,0,62,52,64,10,66,67,68,17,70,71,72,73,74,75,76,77,78,79,80,81,82,83,84,85,86,87,88,89,4,91,90,93,94,95,96,97,98,99,100,101,102,103,104,105,106,92,108,109,110,111,112,113,114,115,116,117,118,119,120,121,122,123,124,125,126,127,128,129,130,131,132,133,134,135,136,137,138,139,140,141,142,143,144,145,146,147,148,149,150,151,152,153,154,155,156,157,158,159,160,161,162,163,164,165,166,167,168,169,170,171,172,173,174,175,176,177,178,179,180,181,182,183,184,185,186,187,188,189,190,191,192,193,194,195,196,197,198,199];False
8341;8984;17325;[19,46,11,3,26,43,18,30,25,9,69,1,12,32,14,15,65,8,16,107,61,41,22,23,24,34,5,27,28,56,63,31,29,33,20,35,36,37,38,39,40,49,42,7,44,45,60,47,48,21,50,51,53,13,54,55,6,57,58,59,2,0,62,52,64,10,66,67,68,17,70,71,72,73,74,75,76,77,78,79,80,81,82,83,84,85,86,87,88,89,4,91,90,93,94,95,96,97,98,99,100,101,102,103,104,105,106,92,108,109,110,111,112,113,114,115,116,117,118,119,120,121,122,123,124,125,126,127,128,129,130,131,132,133,134,135,136,137,138,139,140,141,142,143,144,145,146,147,148,149,150,151,152,153,154,155,156,157,158,159,160,161,162,163,164,165,166,167,168,169,170,171,172,173,174,175,176,177,178,179,180,181,182,183,184,185,186,187,188,189,190,191,192,193,194,195,196,197,198,199];False
8271;8991;17262;[28,46,11,3,26,43,18,30,25,9,69,1,12,32,14,15,65,8,16,19,61,41,22,23,24,34,5,27,107,56,63,31,29,33,20,35,36,37,38,39,40,49,42,7,44,45,60,47,48,21,50,51,53,13,54,55,6,57,58,59,2,0,62,52,64,10,66,67,68,17,70,71,72,73,74,75,76,77,78,79,80,81,82,83,84,85,86,87,88,89,4,91,90,93,94,95,96,97,98,99,100,101,102,103,104,105,106,92,108,109,110,111,112,113,114,115,116,117,118,119,120,121,122,123,124,125,126,127,128,129,130,131,132,133,134,135,136,137,138,139,140,141,142,143,144,145,146,147,148,149,150,151,152,153,154,155,156,157,158,159,160,161,162,163,164,165,166,167,168,169,170,171,172,173,174,175,176,177,178,179,180,181,182,183,184,185,186,187,188,189,190,191,192,193,194,195,196,197,198,199];False
8229;9006;17235;[29,46,11,3,26,43,18,30,25,9,69,1,12,32,14,15,65,8,16,19,61,41,22,23,24,34,5,27,28,56,63,31,107,33,20,35,36,37,38,39,40,49,42,7,44,45,60,47,48,21,50,51,53,13,54,55,6,57,58,59,2,0,62,52,64,10,66,67,68,17,70,71,72,73,74,75,76,77,78,79,80,81,82,83,84,85,86,87,88,89,4,91,90,93,94,95,96,97,98,99,100,101,102,103,104,105,106,92,108,109,110,111,112,113,114,115,116,117,118,119,120,121,122,123,124,125,126,127,128,129,130,131,132,133,134,135,136,137,138,139,140,141,142,143,144,145,146,147,148,149,150,151,152,153,154,155,156,157,158,159,160,161,162,163,164,165,166,167,168,169,170,171,172,173,174,175,176,177,178,179,180,181,182,183,184,185,186,187,188,189,190,191,192,193,194,195,196,197,198,199];False
8312;8979;17291;[37,46,11,3,26,43,18,30,25,9,69,1,12,32,14,15,65,8,16,19,61,41,22,23,24,34,5,27,28,56,63,31,29,33,20,35,36,107,38,39,40,49,42,7,44,45,60,47,48,21,50,51,53,13,54,55,6,57,58,59,2,0,62,52,64,10,66,67,68,17,70,71,72,73,74,75,76,77,78,79,80,81,82,83,84,85,86,87,88,89,4,91,90,93,94,95,96,97,98,99,100,101,102,103,104,105,106,92,108,109,110,111,112,113,114,115,116,117,118,119,120,121,122,123,124,125,126,127,128,129,130,131,132,133,134,135,136,137,138,139,140,141,142,143,144,145,146,147,148,149,150,151,152,153,154,155,156,157,158,159,160,161,162,163,164,165,166,167,168,169,170,171,172,173,174,175,176,177,178,179,180,181,182,183,184,185,186,187,188,189,190,191,192,193,194,195,196,197,198,199];False
8269;8991;17260;[50,46,11,3,26,43,18,30,25,9,69,1,12,32,14,15,65,8,16,19,61,41,22,23,24,34,5,27,28,56,63,31,29,33,20,35,36,37,38,39,40,49,42,7,44,45,60,47,48,21,107,51,53,13,54,55,6,57,58,59,2,0,62,52,64,10,66,67,68,17,70,71,72,73,74,75,76,77,78,79,80,81,82,83,84,85,86,87,88,89,4,91,90,93,94,95,96,97,98,99,100,101,102,103,104,105,106,92,108,109,110,111,112,113,114,115,116,117,118,119,120,121,122,123,124,125,126,127,128,129,130,131,132,133,134,135,136,137,138,139,140,141,142,143,144,145,146,147,148,149,150,151,152,153,154,155,156,157,158,159,160,161,162,163,164,165,166,167,168,169,170,171,172,173,174,175,176,177,178,179,180,181,182,183,184,185,186,187,188,189,190,191,192,193,194,195,196,197,198,199];False
8238;8999;17237;[55,46,11,3,26,43,18,30,25,9,69,1,12,32,14,15,65,8,16,19,61,41,22,23,24,34,5,27,28,56,63,31,29,33,20,35,36,37,38,39,40,49,42,7,44,45,60,47,48,21,50,51,53,13,54,107,6,57,58,59,2,0,62,52,64,10,66,67,68,17,70,71,72,73,74,75,76,77,78,79,80,81,82,83,84,85,86,87,88,89,4,91,90,93,94,95,96,97,98,99,100,101,102,103,104,105,106,92,108,109,110,111,112,113,114,115,116,117,118,119,120,121,122,123,124,125,126,127,128,129,130,131,132,133,134,135,136,137,138,139,140,141,142,143,144,145,146,147,148,149,150,151,152,153,154,155,156,157,158,159,160,161,162,163,164,165,166,167,168,169,170,171,172,173,174,175,176,177,178,179,180,181,182,183,184,185,186,187,188,189,190,191,192,193,194,195,196,197,198,199];False
8243;8983;17226;[72,46,11,3,26,43,18,30,25,9,69,1,12,32,14,15,65,8,16,19,61,41,22,23,24,34,5,27,28,56,63,31,29,33,20,35,36,37,38,39,40,49,42,7,44,45,60,47,48,21,50,51,53,13,54,55,6,57,58,59,2,0,62,52,64,10,66,67,68,17,70,71,107,73,74,75,76,77,78,79,80,81,82,83,84,85,86,87,88,89,4,91,90,93,94,95,96,97,98,99,100,101,102,103,104,105,106,92,108,109,110,111,112,113,114,115,116,117,118,119,120,121,122,123,124,125,126,127,128,129,130,131,132,133,134,135,136,137,138,139,140,141,142,143,144,145,146,147,148,149,150,151,152,153,154,155,156,157,158,159,160,161,162,163,164,165,166,167,168,169,170,171,172,173,174,175,176,177,178,179,180,181,182,183,184,185,186,187,188,189,190,191,192,193,194,195,196,197,198,199];False
8266;8980;17246;[73,46,11,3,26,43,18,30,25,9,69,1,12,32,14,15,65,8,16,19,61,41,22,23,24,34,5,27,28,56,63,31,29,33,20,35,36,37,38,39,40,49,42,7,44,45,60,47,48,21,50,51,53,13,54,55,6,57,58,59,2,0,62,52,64,10,66,67,68,17,70,71,72,107,74,75,76,77,78,79,80,81,82,83,84,85,86,87,88,89,4,91,90,93,94,95,96,97,98,99,100,101,102,103,104,105,106,92,108,109,110,111,112,113,114,115,116,117,118,119,120,121,122,123,124,125,126,127,128,129,130,131,132,133,134,135,136,137,138,139,140,141,142,143,144,145,146,147,148,149,150,151,152,153,154,155,156,157,158,159,160,161,162,163,164,165,166,167,168,169,170,171,172,173,174,175,176,177,178,179,180,181,182,183,184,185,186,187,188,189,190,191,192,193,194,195,196,197,198,199];False
8388;8969;17357;[82,46,11,3,26,43,18,30,25,9,69,1,12,32,14,15,65,8,16,19,61,41,22,23,24,34,5,27,28,56,63,31,29,33,20,35,36,37,38,39,40,49,42,7,44,45,60,47,48,21,50,51,53,13,54,55,6,57,58,59,2,0,62,52,64,10,66,67,68,17,70,71,72,73,74,75,76,77,78,79,80,81,107,83,84,85,86,87,88,89,4,91,90,93,94,95,96,97,98,99,100,101,102,103,104,105,106,92,108,109,110,111,112,113,114,115,116,117,118,119,120,121,122,123,124,125,126,127,128,129,130,131,132,133,134,135,136,137,138,139,140,141,142,143,144,145,146,147,148,149,150,151,152,153,154,155,156,157,158,159,160,161,162,163,164,165,166,167,168,169,170,171,172,173,174,175,176,177,178,179,180,181,182,183,184,185,186,187,188,189,190,191,192,193,194,195,196,197,198,199];False
8224;8984;17208;[84,46,11,3,26,43,18,30,25,9,69,1,12,32,14,15,65,8,16,19,61,41,22,23,24,34,5,27,28,56,63,31,29,33,20,35,36,37,38,39,40,49,42,7,44,45,60,47,48,21,50,51,53,13,54,55,6,57,58,59,2,0,62,52,64,10,66,67,68,17,70,71,72,73,74,75,76,77,78,79,80,81,82,83,107,85,86,87,88,89,4,91,90,93,94,95,96,97,98,99,100,101,102,103,104,105,106,92,108,109,110,111,112,113,114,115,116,117,118,119,120,121,122,123,124,125,126,127,128,129,130,131,132,133,134,135,136,137,138,139,140,141,142,143,144,145,146,147,148,149,150,151,152,153,154,155,156,157,158,159,160,161,162,163,164,165,166,167,168,169,170,171,172,173,174,175,176,177,178,179,180,181,182,183,184,185,186,187,188,189,190,191,192,193,194,195,196,197,198,199];False
8612;8961;17573;[107,46,11,3,26,43,18,30,25,9,69,1,12,32,14,15,65,17,16,8,61,41,22,23,24,82,5,27,28,56,63,31,29,33,20,35,36,37,38,39,40,49,42,7,44,45,60,47,48,21,50,51,53,13,54,55,6,57,58,59,2,0,62,52,64,10,66,67,68,92,70,71,72,73,74,75,76,77,78,79,80,81,19,83,84,85,86,87,88,89,4,91,90,93,94,95,96,97,98,99,100,101,102,103,104,105,106,34,108,109,110,111,112,113,114,115,116,117,118,119,120,121,122,123,124,125,126,127,128,129,130,131,132,133,134,135,136,137,138,139,140,141,142,143,144,145,146,147,148,149,150,151,152,153,154,155,156,157,158,159,160,161,162,163,164,165,166,167,168,169,170,171,172,173,174,175,176,177,178,179,180,181,182,183,184,185,186,187,188,189,190,191,192,193,194,195,196,197,198,199];False
8651;8956;17607;[117,46,11,3,26,43,18,30,25,9,69,1,12,32,14,15,65,17,16,8,61,41,22,23,24,82,5,27,28,56,63,31,29,33,20,35,36,37,38,39,40,49,42,7,44,45,60,47,48,21,50,51,53,13,54,55,6,57,58,59,2,0,62,52,64,10,66,67,68,92,70,71,72,73,74,75,76,77,78,79,80,81,19,83,84,85,86,87,88,89,4,91,90,93,94,95,96,97,98,99,100,101,102,103,104,105,106,107,108,109,110,111,112,113,114,115,116,34,118,119,120,121,122,123,124,125,126,127,128,129,130,131,132,133,134,135,136,137,138,139,140,141,142,143,144,145,146,147,148,149,150,151,152,153,154,155,156,157,158,159,160,161,162,163,164,165,166,167,168,169,170,171,172,173,174,175,176,177,178,179,180,181,182,183,184,185,186,187,188,189,190,191,192,193,194,195,196,197,198,199];False
8468;8967;17435;[107,46,11,3,26,43,18,30,25,9,69,1,12,32,14,15,65,17,16,8,61,41,22,23,24,94,5,27,28,56,63,31,29,33,20,35,36,37,38,39,40,49,42,7,44,45,60,47,48,21,50,51,53,13,54,55,6,57,58,59,2,0,62,52,64,10,66,67,68,92,70,71,72,73,74,75,76,77,78,79,80,81,82,83,84,85,86,87,88,89,4,91,90,93,19,95,96,97,98,99,100,101,102,103,104,105,106,34,108,109,110,111,112,113,114,115,116,117,118,119,120,121,122,123,124,125,126,127,128,129,130,131,132,133,134,135,136,137,138,139,140,141,142,143,144,145,146,147,148,149,150,151,152,153,154,155,156,157,158,159,160,161,162,163,164,165,166,167,168,169,170,171,172,173,174,175,176,177,178,179,180,181,182,183,184,185,186,187,188,189,190,191,192,193,194,195,196,197,198,199];False
8507;8962;17469;[117,46,11,3,26,43,18,30,25,9,69,1,12,32,14,15,65,17,16,8,61,41,22,23,24,94,5,27,28,56,63,31,29,33,20,35,36,37,38,39,40,49,42,7,44,45,60,47,48,21,50,51,53,13,54,55,6,57,58,59,2,0,62,52,64,10,66,67,68,92,70,71,72,73,74,75,76,77,78,79,80,81,82,83,84,85,86,87,88,89,4,91,90,93,19,95,96,97,98,99,100,101,102,103,104,105,106,107,108,109,110,111,112,113,114,115,116,34,118,119,120,121,122,123,124,125,126,127,128,129,130,131,132,133,134,135,136,137,138,139,140,141,142,143,144,145,146,147,148,149,150,151,152,153,154,155,156,157,158,159,160,161,162,163,164,165,166,167,168,169,170,171,172,173,174,175,176,177,178,179,180,181,182,183,184,185,186,187,188,189,190,191,192,193,194,195,196,197,198,199];False
7928;9094;17022;[4,52,11,3,26,43,18,30,25,9,33,1,12,32,14,15,124,8,16,19,61,41,22,23,24,69,5,27,28,56,63,31,29,46,17,35,36,37,38,39,40,49,42,7,44,45,60,47,48,21,50,51,53,13,54,55,6,57,58,59,2,0,62,86,64,10,66,67,68,20,70,71,72,65,74,75,76,77,78,79,80,81,82,83,84,85,73,87,88,89,34,91,92,93,94,95,96,97,98,99,100,101,102,103,104,105,106,107,108,109,110,111,112,113,114,115,116,117,118,119,120,121,122,123,90,125,126,127,128,129,130,131,132,133,134,135,136,137,138,139,140,141,142,143,144,145,146,147,148,149,150,151,152,153,154,155,156,157,158,159,160,161,162,163,164,165,166,167,168,169,170,171,172,173,174,175,176,177,178,179,180,181,182,183,184,185,186,187,188,189,190,191,192,193,194,195,196,197,198,199];False
7919;9100;17019;[43,52,11,3,26,67,18,30,25,9,4,1,12,32,14,15,124,8,16,19,61,41,22,23,24,69,5,27,28,56,63,31,29,33,17,35,36,37,38,39,40,49,42,7,44,45,60,47,48,21,50,51,53,13,54,55,6,57,58,59,2,0,62,46,64,10,66,117,68,20,70,71,72,65,74,75,76,77,78,79,80,81,82,83,84,85,86,87,88,89,73,91,92,93,94,95,96,97,98,99,100,101,102,103,104,105,106,107,108,109,110,111,112,113,114,115,116,34,118,119,120,121,122,123,90,125,126,127,128,129,130,131,132,133,134,135,136,137,138,139,140,141,142,143,144,145,146,147,148,149,150,151,152,153,154,155,156,157,158,159,160,161,162,163,164,165,166,167,168,169,170,171,172,173,174,175,176,177,178,179,180,181,182,183,184,185,186,187,188,189,190,191,192,193,194,195,196,197,198,199];False
7884;9123;17007;[36,52,11,3,26,43,18,30,25,9,4,1,12,32,14,15,124,8,16,19,61,41,22,23,24,69,5,27,28,56,63,31,29,33,17,35,67,37,38,39,40,49,42,7,44,45,60,47,48,21,50,51,53,13,54,55,6,57,58,59,2,0,62,46,64,10,66,117,68,20,70,71,72,65,74,75,76,77,78,79,80,81,82,83,84,85,86,87,88,89,73,91,92,93,94,95,96,97,98,99,100,101,102,103,104,105,106,107,108,109,110,111,112,113,114,115,116,34,118,119,120,121,122,123,90,125,126,127,128,129,130,131,132,133,134,135,136,137,138,139,140,141,142,143,144,145,146,147,148,149,150,151,152,153,154,155,156,157,158,159,160,161,162,163,164,165,166,167,168,169,170,171,172,173,174,175,176,177,178,179,180,181,182,183,184,185,186,187,188,189,190,191,192,193,194,195,196,197,198,199];False
7913;9090;17003;[54,52,11,3,26,43,18,30,25,9,4,1,12,32,14,15,124,8,16,19,61,41,22,23,24,69,5,27,28,56,63,31,29,33,17,35,36,37,38,39,40,49,42,7,44,45,60,47,48,21,50,51,53,13,67,55,6,57,58,59,2,0,62,46,64,10,66,117,68,20,70,71,72,65,74,75,76,77,78,79,80,81,82,83,84,85,86,87,88,89,73,91,92,93,94,95,96,97,98,99,100,101,102,103,104,105,106,107,108,109,110,111,112,113,114,115,116,34,118,119,120,121,122,123,90,125,126,127,128,129,130,131,132,133,134,135,136,137,138,139,140,141,142,143,144,145,146,147,148,149,150,151,152,153,154,155,156,157,158,159,160,161,162,163,164,165,166,167,168,169,170,171,172,173,174,175,176,177,178,179,180,181,182,183,184,185,186,187,188,189,190,191,192,193,194,195,196,197,198,199];False
7962;9072;17034;[6,52,11,3,26,43,18,30,25,9,4,1,12,32,14,15,124,8,16,19,61,41,22,23,24,69,5,27,28,56,63,31,29,33,17,35,36,37,38,39,40,49,42,7,44,45,60,47,48,21,50,51,53,13,54,55,67,57,58,59,2,0,62,46,64,10,66,117,68,20,70,71,72,65,74,75,76,77,78,79,80,81,82,83,84,85,86,87,88,89,73,91,92,93,94,95,96,97,98,99,100,101,102,103,104,105,106,107,108,109,110,111,112,113,114,115,116,34,118,119,120,121,122,123,90,125,126,127,128,129,130,131,132,133,134,135,136,137,138,139,140,141,142,143,144,145,146,147,148,149,150,151,152,153,154,155,156,157,158,159,160,161,162,163,164,165,166,167,168,169,170,171,172,173,174,175,176,177,178,179,180,181,182,183,184,185,186,187,188,189,190,191,192,193,194,195,196,197,198,199];False
7819;9083;16902;[76,52,11,3,26,43,18,30,25,9,4,1,12,32,14,15,124,8,16,19,61,41,22,23,24,69,5,27,28,56,63,31,29,33,17,35,36,37,38,39,40,49,42,7,44,45,60,47,48,21,50,51,53,13,54,55,6,57,58,59,2,0,62,46,64,10,66,117,68,20,70,71,72,65,74,75,67,77,78,79,80,81,82,83,84,85,86,87,88,89,73,91,92,93,94,95,96,97,98,99,100,101,102,103,104,105,106,107,108,109,110,111,112,113,114,115,116,34,118,119,120,121,122,123,90,125,126,127,128,129,130,131,132,133,134,135,136,137,138,139,140,141,142,143,144,145,146,147,148,149,150,151,152,153,154,155,156,157,158,159,160,161,162,163,164,165,166,167,168,169,170,171,172,173,174,175,176,177,178,179,180,181,182,183,184,185,186,187,188,189,190,191,192,193,194,195,196,197,198,199];False
8024;9044;17068;[92,52,11,3,26,43,18,30,25,9,4,1,12,32,14,15,124,8,16,19,61,41,22,23,24,69,5,27,28,56,63,31,29,33,17,35,36,37,38,39,40,49,42,7,44,45,60,47,48,21,50,51,53,13,54,55,6,57,58,59,2,0,62,46,64,10,66,67,68,20,70,71,72,65,74,75,76,77,117,79,80,81,82,83,84,85,86,87,88,89,73,91,78,93,94,95,96,97,98,99,100,101,102,103,104,105,106,107,108,109,110,111,112,113,114,115,116,34,118,119,120,121,122,123,90,125,126,127,128,129,130,131,132,133,134,135,136,137,138,139,140,141,142,143,144,145,146,147,148,149,150,151,152,153,154,155,156,157,158,159,160,161,162,163,164,165,166,167,168,169,170,171,172,173,174,175,176,177,178,179,180,181,182,183,184,185,186,187,188,189,190,191,192,193,194,195,196,197,198,199];False
8006;9060;17066;[4,52,11,3,26,43,18,30,25,9,80,1,12,32,14,15,124,8,16,19,61,41,22,23,24,69,5,27,28,56,63,31,29,33,17,35,36,37,38,39,40,49,42,7,44,45,60,47,48,21,50,51,53,13,54,55,6,57,58,59,2,0,62,46,64,10,66,67,68,20,70,71,72,65,74,75,76,77,78,79,117,81,82,83,84,85,86,87,88,89,73,91,92,93,94,95,96,97,98,99,100,101,102,103,104,105,106,107,108,109,110,111,112,113,114,115,116,34,118,119,120,121,122,123,90,125,126,127,128,129,130,131,132,133,134,135,136,137,138,139,140,141,142,143,144,145,146,147,148,149,150,151,152,153,154,155,156,157,158,159,160,161,162,163,164,165,166,167,168,169,170,171,172,173,174,175,176,177,178,179,180,181,182,183,184,185,186,187,188,189,190,191,192,193,194,195,196,197,198,199];False
7951;9075;17026;[17,52,11,3,26,43,18,30,25,9,4,1,12,32,14,15,124,8,16,19,61,41,22,23,24,69,5,27,28,56,63,31,29,33,80,35,36,37,38,39,40,49,42,7,44,45,60,47,48,21,50,51,53,13,54,55,6,57,58,59,2,0,62,46,64,10,66,67,68,20,70,71,72,65,74,75,76,77,78,79,117,81,82,83,84,85,86,87,88,89,73,91,92,93,94,95,96,97,98,99,100,101,102,103,104,105,106,107,108,109,110,111,112,113,114,115,116,34,118,119,120,121,122,123,90,125,126,127,128,129,130,131,132,133,134,135,136,137,138,139,140,141,142,143,144,145,146,147,148,149,150,151,152,153,154,155,156,157,158,159,160,161,162,163,164,165,166,167,168,169,170,171,172,173,174,175,176,177,178,179,180,181,182,183,184,185,186,187,188,189,190,191,192,193,194,195,196,197,198,199];False
8084;9042;17126;[6,52,11,3,26,43,18,30,25,9,4,1,12,32,14,15,124,8,16,19,61,41,22,23,24,69,5,27,28,56,63,31,29,33,17,35,36,37,38,39,40,49,42,7,44,45,60,47,48,21,50,51,53,13,54,55,80,57,58,59,2,0,62,46,64,10,66,67,68,20,70,71,72,65,74,75,76,77,78,79,117,81,82,83,84,85,86,87,88,89,73,91,92,93,94,95,96,97,98,99,100,101,102,103,104,105,106,107,108,109,110,111,112,113,114,115,116,34,118,119,120,121,122,123,90,125,126,127,128,129,130,131,132,133,134,135,136,137,138,139,140,141,142,143,144,145,146,147,148,149,150,151,152,153,154,155,156,157,158,159,160,161,162,163,164,165,166,167,168,169,170,171,172,173,174,175,176,177,178,179,180,181,182,183,184,185,186,187,188,189,190,191,192,193,194,195,196,197,198,199];False
8022;9057;17079;[57,52,11,3,26,43,18,30,25,9,4,1,12,32,14,15,124,8,16,19,61,41,22,23,24,69,5,27,28,56,63,31,29,33,17,35,36,37,38,39,40,49,42,7,44,45,60,47,48,21,50,51,53,13,54,55,6,80,58,59,2,0,62,46,64,10,66,67,68,20,70,71,72,65,74,75,76,77,78,79,117,81,82,83,84,85,86,87,88,89,73,91,92,93,94,95,96,97,98,99,100,101,102,103,104,105,106,107,108,109,110,111,112,113,114,115,116,34,118,119,120,121,122,123,90,125,126,127,128,129,130,131,132,133,134,135,136,137,138,139,140,141,142,143,144,145,146,147,148,149,150,151,152,153,154,155,156,157,158,159,160,161,162,163,164,165,166,167,168,169,170,171,172,173,174,175,176,177,178,179,180,181,182,183,184,185,186,187,188,189,190,191,192,193,194,195,196,197,198,199];False
8003;9055;17058;[10,52,11,3,26,43,18,30,25,9,4,1,12,32,14,15,124,8,16,19,61,41,22,23,24,69,5,27,28,56,63,31,29,33,17,35,36,37,38,39,40,49,42,7,44,45,60,47,48,21,50,51,53,13,54,55,6,57,58,59,2,0,62,46,64,80,66,67,68,20,70,71,72,65,74,75,76,77,78,79,117,81,82,83,84,85,86,87,88,89,73,91,92,93,94,95,96,97,98,99,100,101,102,103,104,105,106,107,108,109,110,111,112,113,114,115,116,34,118,119,120,121,122,123,90,125,126,127,128,129,130,131,132,133,134,135,136,137,138,139,140,141,142,143,144,145,146,147,148,149,150,151,152,153,154,155,156,157,158,159,160,161,162,163,164,165,166,167,168,169,170,171,172,173,174,175,176,177,178,179,180,181,182,183,184,185,186,187,188,189,190,191,192,193,194,195,196,197,198,199];False
7922;9054;16976;[76,52,11,3,26,43,18,30,25,9,4,1,12,32,14,15,124,8,16,19,61,41,22,23,24,69,5,27,28,56,63,31,29,33,17,35,36,37,38,39,40,49,42,7,44,45,60,47,48,21,50,51,53,13,54,55,6,57,58,59,2,0,62,46,64,10,66,67,68,20,70,71,72,65,74,75,80,77,78,79,117,81,82,83,84,85,86,87,88,89,73,91,92,93,94,95,96,97,98,99,100,101,102,103,104,105,106,107,108,109,110,111,112,113,114,115,116,34,118,119,120,121,122,123,90,125,126,127,128,129,130,131,132,133,134,135,136,137,138,139,140,141,142,143,144,145,146,147,148,149,150,151,152,153,154,155,156,157,158,159,160,161,162,163,164,165,166,167,168,169,170,171,172,173,174,175,176,177,178,179,180,181,182,183,184,185,186,187,188,189,190,191,192,193,194,195,196,197,198,199];False
8181;9014;17195;[69,117,11,3,26,43,18,30,8,9,46,1,12,32,14,15,20,65,16,19,61,41,22,23,24,25,5,27,28,56,63,31,29,33,17,35,36,93,38,39,40,49,42,7,44,45,60,47,48,21,50,51,53,13,54,55,6,57,58,59,2,0,62,52,64,10,66,67,68,37,70,71,72,90,74,75,76,77,78,79,80,81,82,83,84,85,86,87,88,89,4,91,73,92,94,95,96,97,98,99,100,101,102,103,104,105,106,107,108,109,110,111,112,113,114,115,116,34,118,119,120,121,122,123,124,125,126,127,128,129,130,131,132,133,134,135,136,137,138,139,140,141,142,143,144,145,146,147,148,149,150,151,152,153,154,155,156,157,158,159,160,161,162,163,164,165,166,167,168,169,170,171,172,173,174,175,176,177,178,179,180,181,182,183,184,185,186,187,188,189,190,191,192,193,194,195,196,197,198,199];False
8148;9026;17174;[16,117,11,3,26,43,18,30,8,9,69,1,12,32,14,15,20,65,46,19,61,41,22,23,24,25,5,27,28,56,63,31,29,33,17,35,36,93,38,39,40,49,42,7,44,45,60,47,48,21,50,51,53,13,54,55,6,57,58,59,2,0,62,52,64,10,66,67,68,37,70,71,72,90,74,75,76,77,78,79,80,81,82,83,84,85,86,87,88,89,4,91,73,92,94,95,96,97,98,99,100,101,102,103,104,105,106,107,108,109,110,111,112,113,114,115,116,34,118,119,120,121,122,123,124,125,126,127,128,129,130,131,132,133,134,135,136,137,138,139,140,141,142,143,144,145,146,147,148,149,150,151,152,153,154,155,156,157,158,159,160,161,162,163,164,165,166,167,168,169,170,171,172,173,174,175,176,177,178,179,180,181,182,183,184,185,186,187,188,189,190,191,192,193,194,195,196,197,198,199];False
8194;9011;17205;[19,117,11,3,26,43,18,30,8,9,69,1,12,32,14,15,20,65,16,46,61,41,22,23,24,25,5,27,28,56,63,31,29,33,17,35,36,93,38,39,40,49,42,7,44,45,60,47,48,21,50,51,53,13,54,55,6,57,58,59,2,0,62,52,64,10,66,67,68,37,70,71,72,90,74,75,76,77,78,79,80,81,82,83,84,85,86,87,88,89,4,91,73,92,94,95,96,97,98,99,100,101,102,103,104,105,106,107,108,109,110,111,112,113,114,115,116,34,118,119,120,121,122,123,124,125,126,127,128,129,130,131,132,133,134,135,136,137,138,139,140,141,142,143,144,145,146,147,148,149,150,151,152,153,154,155,156,157,158,159,160,161,162,163,164,165,166,167,168,169,170,171,172,173,174,175,176,177,178,179,180,181,182,183,184,185,186,187,188,189,190,191,192,193,194,195,196,197,198,199];False
8170;9013;17183;[23,117,11,3,26,43,18,30,8,9,69,1,12,32,14,15,20,65,16,19,61,41,22,46,24,25,5,27,28,56,63,31,29,33,17,35,36,93,38,39,40,49,42,7,44,45,60,47,48,21,50,51,53,13,54,55,6,57,58,59,2,0,62,52,64,10,66,67,68,37,70,71,72,90,74,75,76,77,78,79,80,81,82,83,84,85,86,87,88,89,4,91,73,92,94,95,96,97,98,99,100,101,102,103,104,105,106,107,108,109,110,111,112,113,114,115,116,34,118,119,120,121,122,123,124,125,126,127,128,129,130,131,132,133,134,135,136,137,138,139,140,141,142,143,144,145,146,147,148,149,150,151,152,153,154,155,156,157,158,159,160,161,162,163,164,165,166,167,168,169,170,171,172,173,174,175,176,177,178,179,180,181,182,183,184,185,186,187,188,189,190,191,192,193,194,195,196,197,198,199];False
8091;9039;17130;[5,117,11,3,26,43,18,30,8,9,69,1,12,32,14,15,20,65,16,19,61,41,22,23,24,25,46,27,28,56,63,31,29,33,17,35,36,93,38,39,40,49,42,7,44,45,60,47,48,21,50,51,53,13,54,55,6,57,58,59,2,0,62,52,64,10,66,67,68,37,70,71,72,90,74,75,76,77,78,79,80,81,82,83,84,85,86,87,88,89,4,91,73,92,94,95,96,97,98,99,100,101,102,103,104,105,106,107,108,109,110,111,112,113,114,115,116,34,118,119,120,121,122,123,124,125,126,127,128,129,130,131,132,133,134,135,136,137,138,139,140,141,142,143,144,145,146,147,148,149,150,151,152,153,154,155,156,157,158,159,160,161,162,163,164,165,166,167,168,169,170,171,172,173,174,175,176,177,178,179,180,181,182,183,184,185,186,187,188,189,190,191,192,193,194,195,196,197,198,199];False
8161;9021;17182;[33,117,11,3,26,43,18,30,8,9,69,1,12,32,14,15,20,65,16,19,61,41,22,23,24,25,5,27,28,56,63,31,29,46,17,35,36,93,38,39,40,49,42,7,44,45,60,47,48,21,50,51,53,13,54,55,6,57,58,59,2,0,62,52,64,10,66,67,68,37,70,71,72,90,74,75,76,77,78,79,80,81,82,83,84,85,86,87,88,89,4,91,73,92,94,95,96,97,98,99,100,101,102,103,104,105,106,107,108,109,110,111,112,113,114,115,116,34,118,119,120,121,122,123,124,125,126,127,128,129,130,131,132,133,134,135,136,137,138,139,140,141,142,143,144,145,146,147,148,149,150,151,152,153,154,155,156,157,158,159,160,161,162,163,164,165,166,167,168,169,170,171,172,173,174,175,176,177,178,179,180,181,182,183,184,185,186,187,188,189,190,191,192,193,194,195,196,197,198,199];False
8091;9033;17124;[38,117,11,3,26,43,18,30,8,9,69,1,12,32,14,15,20,65,16,19,61,41,22,23,24,25,5,27,28,56,63,31,29,33,17,35,36,93,46,39,40,49,42,7,44,45,60,47,48,21,50,51,53,13,54,55,6,57,58,59,2,0,62,52,64,10,66,67,68,37,70,71,72,90,74,75,76,77,78,79,80,81,82,83,84,85,86,87,88,89,4,91,73,92,94,95,96,97,98,99,100,101,102,103,104,105,106,107,108,109,110,111,112,113,114,115,116,34,118,119,120,121,122,123,124,125,126,127,128,129,130,131,132,133,134,135,136,137,138,139,140,141,142,143,144,145,146,147,148,149,150,151,152,153,154,155,156,157,158,159,160,161,162,163,164,165,166,167,168,169,170,171,172,173,174,175,176,177,178,179,180,181,182,183,184,185,186,187,188,189,190,191,192,193,194,195,196,197,198,199];False
8153;9015;17168;[67,117,11,3,26,43,18,30,8,9,69,1,12,32,14,15,20,65,16,19,61,41,22,23,24,25,5,27,28,56,63,31,29,33,17,35,36,93,38,39,40,49,42,7,44,45,60,47,48,21,50,51,53,13,54,55,6,57,58,59,2,0,62,52,64,10,66,46,68,37,70,71,72,90,74,75,76,77,78,79,80,81,82,83,84,85,86,87,88,89,4,91,73,92,94,95,96,97,98,99,100,101,102,103,104,105,106,107,108,109,110,111,112,113,114,115,116,34,118,119,120,121,122,123,124,125,126,127,128,129,130,131,132,133,134,135,136,137,138,139,140,141,142,143,144,145,146,147,148,149,150,151,152,153,154,155,156,157,158,159,160,161,162,163,164,165,166,167,168,169,170,171,172,173,174,175,176,177,178,179,180,181,182,183,184,185,186,187,188,189,190,191,192,193,194,195,196,197,198,199];False
8176;9010;17186;[37,117,11,3,26,43,18,30,8,9,69,1,12,32,14,15,20,65,16,19,61,41,22,23,24,25,5,27,28,56,63,31,29,33,17,35,36,93,38,39,40,49,42,7,44,45,60,47,48,21,50,51,53,13,54,55,6,57,58,59,2,0,62,52,64,10,66,67,68,46,70,71,72,90,74,75,76,77,78,79,80,81,82,83,84,85,86,87,88,89,4,91,73,92,94,95,96,97,98,99,100,101,102,103,104,105,106,107,108,109,110,111,112,113,114,115,116,34,118,119,120,121,122,123,124,125,126,127,128,129,130,131,132,133,134,135,136,137,138,139,140,141,142,143,144,145,146,147,148,149,150,151,152,153,154,155,156,157,158,159,160,161,162,163,164,165,166,167,168,169,170,171,172,173,174,175,176,177,178,179,180,181,182,183,184,185,186,187,188,189,190,191,192,193,194,195,196,197,198,199];False
8200;8980;17180;[74,117,11,3,26,43,18,30,8,9,69,1,12,32,14,15,20,65,16,19,61,41,22,23,24,25,5,27,28,56,63,31,29,33,17,35,36,93,38,39,40,49,42,7,44,45,60,47,48,21,50,51,53,13,54,55,6,57,58,59,2,0,62,52,64,10,66,67,68,37,70,71,72,90,46,75,76,77,78,79,80,81,82,83,84,85,86,87,88,89,4,91,73,92,94,95,96,97,98,99,100,101,102,103,104,105,106,107,108,109,110,111,112,113,114,115,116,34,118,119,120,121,122,123,124,125,126,127,128,129,130,131,132,133,134,135,136,137,138,139,140,141,142,143,144,145,146,147,148,149,150,151,152,153,154,155,156,157,158,159,160,161,162,163,164,165,166,167,168,169,170,171,172,173,174,175,176,177,178,179,180,181,182,183,184,185,186,187,188,189,190,191,192,193,194,195,196,197,198,199];False
8160;8989;17149;[78,117,11,3,26,43,18,30,8,9,69,1,12,32,14,15,20,65,16,19,61,41,22,23,24,25,5,27,28,56,63,31,29,33,17,35,36,93,38,39,40,49,42,7,44,45,60,47,48,21,50,51,53,13,54,55,6,57,58,59,2,0,62,52,64,10,66,67,68,37,70,71,72,90,74,75,76,77,46,79,80,81,82,83,84,85,86,87,88,89,4,91,73,92,94,95,96,97,98,99,100,101,102,103,104,105,106,107,108,109,110,111,112,113,114,115,116,34,118,119,120,121,122,123,124,125,126,127,128,129,130,131,132,133,134,135,136,137,138,139,140,141,142,143,144,145,146,147,148,149,150,151,152,153,154,155,156,157,158,159,160,161,162,163,164,165,166,167,168,169,170,171,172,173,174,175,176,177,178,179,180,181,182,183,184,185,186,187,188,189,190,191,192,193,194,195,196,197,198,199];False
8196;8975;17171;[82,117,11,3,26,43,18,30,8,9,69,1,12,32,14,15,20,65,16,19,61,41,22,23,24,25,5,27,28,56,63,31,29,33,17,35,36,93,38,39,40,49,42,7,44,45,60,47,48,21,50,51,53,13,54,55,6,57,58,59,2,0,62,52,64,10,66,67,68,37,70,71,72,90,74,75,76,77,78,79,80,81,46,83,84,85,86,87,88,89,4,91,73,92,94,95,96,97,98,99,100,101,102,103,104,105,106,107,108,109,110,111,112,113,114,115,116,34,118,119,120,121,122,123,124,125,126,127,128,129,130,131,132,133,134,135,136,137,138,139,140,141,142,143,144,145,146,147,148,149,150,151,152,153,154,155,156,157,158,159,160,161,162,163,164,165,166,167,168,169,170,171,172,173,174,175,176,177,178,179,180,181,182,183,184,185,186,187,188,189,190,191,192,193,194,195,196,197,198,199];False
8123;9006;17129;[84,117,11,3,26,43,18,30,8,9,69,1,12,32,14,15,20,65,16,19,61,41,22,23,24,25,5,27,28,56,63,31,29,33,17,35,36,93,38,39,40,49,42,7,44,45,60,47,48,21,50,51,53,13,54,55,6,57,58,59,2,0,62,52,64,10,66,67,68,37,70,71,72,90,74,75,76,77,78,79,80,81,82,83,46,85,86,87,88,89,4,91,73,92,94,95,96,97,98,99,100,101,102,103,104,105,106,107,108,109,110,111,112,113,114,115,116,34,118,119,120,121,122,123,124,125,126,127,128,129,130,131,132,133,134,135,136,137,138,139,140,141,142,143,144,145,146,147,148,149,150,151,152,153,154,155,156,157,158,159,160,161,162,163,164,165,166,167,168,169,170,171,172,173,174,175,176,177,178,179,180,181,182,183,184,185,186,187,188,189,190,191,192,193,194,195,196,197,198,199];False
7705;9238;16943;[76,52,93,3,26,43,18,30,124,9,33,1,12,32,14,15,16,60,64,19,25,41,22,23,24,69,5,27,28,56,63,31,29,53,17,35,36,37,38,39,40,49,42,7,44,45,10,47,48,21,50,51,0,11,54,55,6,57,58,59,2,61,62,67,13,46,66,34,68,20,70,71,72,65,74,75,4,77,78,79,80,81,82,83,84,85,86,87,88,89,73,91,92,8,94,95,96,97,98,99,100,101,102,103,104,105,106,107,108,109,110,111,112,113,114,115,116,117,118,119,120,121,122,123,90,125,126,127,128,129,130,131,132,133,134,135,136,137,138,139,140,141,142,143,144,145,146,147,148,149,150,151,152,153,154,155,156,157,158,159,160,161,162,163,164,165,166,167,168,169,170,171,172,173,174,175,176,177,178,179,180,181,182,183,184,185,186,187,188,189,190,191,192,193,194,195,196,197,198,199];False
7706;9236;16942;[77,52,93,3,26,43,18,30,124,9,33,1,12,32,14,15,16,60,64,19,25,41,22,23,24,69,5,27,28,56,63,31,29,53,17,35,36,37,38,39,40,49,42,7,44,45,10,47,48,21,50,51,0,11,54,55,6,57,58,59,2,61,62,67,13,46,66,34,68,20,70,71,72,65,74,75,76,4,78,79,80,81,82,83,84,85,86,87,88,89,73,91,92,8,94,95,96,97,98,99,100,101,102,103,104,105,106,107,108,109,110,111,112,113,114,115,116,117,118,119,120,121,122,123,90,125,126,127,128,129,130,131,132,133,134,135,136,137,138,139,140,141,142,143,144,145,146,147,148,149,150,151,152,153,154,155,156,157,158,159,160,161,162,163,164,165,166,167,168,169,170,171,172,173,174,175,176,177,178,179,180,181,182,183,184,185,186,187,188,189,190,191,192,193,194,195,196,197,198,199];False
7778;9212;16990;[78,52,93,3,26,43,18,30,124,9,33,1,12,32,14,15,16,60,64,19,25,41,22,23,24,69,5,27,28,56,63,31,29,53,17,35,36,37,38,39,40,49,42,7,44,45,10,47,48,21,50,51,0,11,54,55,6,57,58,59,2,61,62,67,13,46,66,34,68,20,70,71,72,65,74,75,76,77,4,79,80,81,82,83,84,85,86,87,88,89,73,91,92,8,94,95,96,97,98,99,100,101,102,103,104,105,106,107,108,109,110,111,112,113,114,115,116,117,118,119,120,121,122,123,90,125,126,127,128,129,130,131,132,133,134,135,136,137,138,139,140,141,142,143,144,145,146,147,148,149,150,151,152,153,154,155,156,157,158,159,160,161,162,163,164,165,166,167,168,169,170,171,172,173,174,175,176,177,178,179,180,181,182,183,184,185,186,187,188,189,190,191,192,193,194,195,196,197,198,199];False
7753;9188;16941;[83,52,93,3,26,43,18,30,124,9,33,1,12,32,14,15,16,60,64,19,25,41,22,23,24,69,5,27,28,56,63,31,29,53,17,35,36,37,38,39,40,49,42,7,44,45,10,47,48,21,50,51,0,11,54,55,6,57,58,59,2,61,62,67,13,46,66,34,68,20,70,71,72,65,74,75,76,77,78,79,80,81,82,4,84,85,86,87,88,89,73,91,92,8,94,95,96,97,98,99,100,101,102,103,104,105,106,107,108,109,110,111,112,113,114,115,116,117,118,119,120,121,122,123,90,125,126,127,128,129,130,131,132,133,134,135,136,137,138,139,140,141,142,143,144,145,146,147,148,149,150,151,152,153,154,155,156,157,158,159,160,161,162,163,164,165,166,167,168,169,170,171,172,173,174,175,176,177,178,179,180,181,182,183,184,185,186,187,188,189,190,191,192,193,194,195,196,197,198,199];False
7705;9235;16940;[4,52,93,3,26,43,18,30,124,9,109,1,12,32,14,15,16,60,64,19,25,41,22,23,24,69,5,27,28,56,63,31,29,33,17,35,36,37,38,39,40,49,42,7,44,45,10,47,48,21,50,51,0,11,54,55,6,57,58,59,2,61,62,67,13,46,66,34,68,20,70,71,72,65,74,75,76,77,53,79,80,81,82,83,84,85,86,87,88,89,73,91,92,8,94,95,96,97,98,99,100,101,102,103,104,105,106,107,108,78,110,111,112,113,114,115,116,117,118,119,120,121,122,123,90,125,126,127,128,129,130,131,132,133,134,135,136,137,138,139,140,141,142,143,144,145,146,147,148,149,150,151,152,153,154,155,156,157,158,159,160,161,162,163,164,165,166,167,168,169,170,171,172,173,174,175,176,177,178,179,180,181,182,183,184,185,186,187,188,189,190,191,192,193,194,195,196,197,198,199];False
7704;9233;16937;[28,52,93,3,26,43,18,30,124,9,4,1,12,32,14,15,16,60,64,19,25,41,22,23,24,69,5,27,109,56,63,31,29,33,17,35,36,37,38,39,40,49,42,7,44,45,10,47,48,21,50,51,0,11,54,55,6,57,58,59,2,61,62,67,13,46,66,34,68,20,70,71,72,65,74,75,76,77,53,79,80,81,82,83,84,85,86,87,88,89,73,91,92,8,94,95,96,97,98,99,100,101,102,103,104,105,106,107,108,78,110,111,112,113,114,115,116,117,118,119,120,121,122,123,90,125,126,127,128,129,130,131,132,133,134,135,136,137,138,139,140,141,142,143,144,145,146,147,148,149,150,151,152,153,154,155,156,157,158,159,160,161,162,163,164,165,166,167,168,169,170,171,172,173,174,175,176,177,178,179,180,181,182,183,184,185,186,187,188,189,190,191,192,193,194,195,196,197,198,199];False
7647;9246;16893;[33,52,93,3,26,43,18,30,124,9,4,1,12,32,14,15,16,60,64,19,25,41,22,23,24,69,5,27,28,56,63,31,29,109,17,35,36,37,38,39,40,49,42,7,44,45,10,47,48,21,50,51,0,11,54,55,6,57,58,59,2,61,62,67,13,46,66,34,68,20,70,71,72,65,74,75,76,77,53,79,80,81,82,83,84,85,86,87,88,89,73,91,92,8,94,95,96,97,98,99,100,101,102,103,104,105,106,107,108,78,110,111,112,113,114,115,116,117,118,119,120,121,122,123,90,125,126,127,128,129,130,131,132,133,134,135,136,137,138,139,140,141,142,143,144,145,146,147,148,149,150,151,152,153,154,155,156,157,158,159,160,161,162,163,164,165,166,167,168,169,170,171,172,173,174,175,176,177,178,179,180,181,182,183,184,185,186,187,188,189,190,191,192,193,194,195,196,197,198,199];False
7679;9230;16909;[71,52,93,3,26,43,18,30,124,9,4,1,12,32,14,15,16,60,64,19,25,41,22,23,24,69,5,27,28,56,63,31,29,33,17,35,36,37,38,39,40,49,42,7,44,45,10,47,48,21,50,51,0,11,54,55,6,57,58,59,2,61,62,67,13,46,66,34,68,20,70,109,72,65,74,75,76,77,53,79,80,81,82,83,84,85,86,87,88,89,73,91,92,8,94,95,96,97,98,99,100,101,102,103,104,105,106,107,108,78,110,111,112,113,114,115,116,117,118,119,120,121,122,123,90,125,126,127,128,129,130,131,132,133,134,135,136,137,138,139,140,141,142,143,144,145,146,147,148,149,150,151,152,153,154,155,156,157,158,159,160,161,162,163,164,165,166,167,168,169,170,171,172,173,174,175,176,177,178,179,180,181,182,183,184,185,186,187,188,189,190,191,192,193,194,195,196,197,198,199];False
7634;9252;16886;[76,52,93,3,26,43,18,30,124,9,4,1,12,32,14,15,16,60,64,19,25,41,22,23,24,69,5,27,28,56,63,31,29,33,17,35,36,37,38,39,40,49,42,7,44,45,10,47,48,21,50,51,0,11,54,55,6,57,58,59,2,61,62,67,13,46,66,34,68,20,70,71,72,65,74,75,109,77,53,79,80,81,82,83,84,85,86,87,88,89,73,91,92,8,94,95,96,97,98,99,100,101,102,103,104,105,106,107,108,78,110,111,112,113,114,115,116,117,118,119,120,121,122,123,90,125,126,127,128,129,130,131,132,133,134,135,136,137,138,139,140,141,142,143,144,145,146,147,148,149,150,151,152,153,154,155,156,157,158,159,160,161,162,163,164,165,166,167,168,169,170,171,172,173,174,175,176,177,178,179,180,181,182,183,184,185,186,187,188,189,190,191,192,193,194,195,196,197,198,199];False
7631;9244;16875;[83,52,93,3,26,43,18,30,124,9,4,1,12,32,14,15,16,60,64,19,25,41,22,23,24,69,5,27,28,56,63,31,29,33,17,35,36,37,38,39,40,49,42,7,44,45,10,47,48,21,50,51,0,11,54,55,6,57,58,59,2,61,62,67,13,46,66,34,68,20,70,71,72,65,74,75,76,77,53,79,80,81,82,109,84,85,86,87,88,89,73,91,92,8,94,95,96,97,98,99,100,101,102,103,104,105,106,107,108,78,110,111,112,113,114,115,116,117,118,119,120,121,122,123,90,125,126,127,128,129,130,131,132,133,134,135,136,137,138,139,140,141,142,143,144,145,146,147,148,149,150,151,152,153,154,155,156,157,158,159,160,161,162,163,164,165,166,167,168,169,170,171,172,173,174,175,176,177,178,179,180,181,182,183,184,185,186,187,188,189,190,191,192,193,194,195,196,197,198,199];False
7676;9224;16900;[86,52,93,3,26,43,18,30,124,9,4,1,12,32,14,15,16,60,64,19,25,41,22,23,24,69,5,27,28,56,63,31,29,33,17,35,36,37,38,39,40,49,42,7,44,45,10,47,48,21,50,51,0,11,54,55,6,57,58,59,2,61,62,67,13,46,66,34,68,20,70,71,72,65,74,75,76,77,53,79,80,81,82,83,84,85,109,87,88,89,73,91,92,8,94,95,96,97,98,99,100,101,102,103,104,105,106,107,108,78,110,111,112,113,114,115,116,117,118,119,120,121,122,123,90,125,126,127,128,129,130,131,132,133,134,135,136,137,138,139,140,141,142,143,144,145,146,147,148,149,150,151,152,153,154,155,156,157,158,159,160,161,162,163,164,165,166,167,168,169,170,171,172,173,174,175,176,177,178,179,180,181,182,183,184,185,186,187,188,189,190,191,192,193,194,195,196,197,198,199];False
7722;9210;16932;[73,52,93,3,26,43,18,30,124,9,4,1,12,32,14,15,16,60,64,19,25,41,22,23,24,69,5,27,28,56,63,31,29,33,17,35,36,37,38,39,40,49,42,7,44,45,10,47,48,21,50,51,0,11,54,55,6,57,58,59,2,61,62,67,13,46,66,34,68,20,70,71,72,65,74,75,76,77,53,79,80,81,82,83,84,85,86,87,88,89,109,91,92,8,94,95,96,97,98,99,100,101,102,103,104,105,106,107,108,78,110,111,112,113,114,115,116,117,118,119,120,121,122,123,90,125,126,127,128,129,130,131,132,133,134,135,136,137,138,139,140,141,142,143,144,145,146,147,148,149,150,151,152,153,154,155,156,157,158,159,160,161,162,163,164,165,166,167,168,169,170,171,172,173,174,175,176,177,178,179,180,181,182,183,184,185,186,187,188,189,190,191,192,193,194,195,196,197,198,199];False
7681;9204;16885;[92,52,93,3,26,43,18,30,124,9,4,1,12,32,14,15,16,60,64,19,25,41,22,23,24,69,5,27,28,56,63,31,29,33,17,35,36,37,38,39,40,49,42,7,44,45,10,47,48,21,50,51,0,11,54,55,6,57,58,59,2,61,62,67,13,46,66,34,68,20,70,71,72,65,74,75,76,77,53,79,80,81,82,83,84,85,86,87,88,89,73,91,109,8,94,95,96,97,98,99,100,101,102,103,104,105,106,107,108,78,110,111,112,113,114,115,116,117,118,119,120,121,122,123,90,125,126,127,128,129,130,131,132,133,134,135,136,137,138,139,140,141,142,143,144,145,146,147,148,149,150,151,152,153,154,155,156,157,158,159,160,161,162,163,164,165,166,167,168,169,170,171,172,173,174,175,176,177,178,179,180,181,182,183,184,185,186,187,188,189,190,191,192,193,194,195,196,197,198,199];False
7582;9251;16833;[95,52,93,3,26,43,18,30,124,9,4,1,12,32,14,15,16,60,64,19,25,41,22,23,24,69,5,27,28,56,63,31,29,33,17,35,36,37,38,39,40,49,42,7,44,45,10,47,48,21,50,51,0,11,54,55,6,57,58,59,2,61,62,67,13,46,66,34,68,20,70,71,72,65,74,75,76,77,53,79,80,81,82,83,84,85,86,87,88,89,73,91,92,8,94,109,96,97,98,99,100,101,102,103,104,105,106,107,108,78,110,111,112,113,114,115,116,117,118,119,120,121,122,123,90,125,126,127,128,129,130,131,132,133,134,135,136,137,138,139,140,141,142,143,144,145,146,147,148,149,150,151,152,153,154,155,156,157,158,159,160,161,162,163,164,165,166,167,168,169,170,171,172,173,174,175,176,177,178,179,180,181,182,183,184,185,186,187,188,189,190,191,192,193,194,195,196,197,198,199];False
7600;9243;16843;[108,52,93,3,26,43,18,30,124,9,4,1,12,32,14,15,16,60,64,19,25,41,22,23,24,69,5,27,28,56,63,31,29,33,17,35,36,37,38,39,40,49,42,7,44,45,10,47,48,21,50,51,0,11,54,55,6,57,58,59,2,61,62,67,13,46,66,34,68,20,70,71,72,65,74,75,76,77,53,79,80,81,82,83,84,85,86,87,88,89,73,91,92,8,94,95,96,97,98,99,100,101,102,103,104,105,106,107,109,78,110,111,112,113,114,115,116,117,118,119,120,121,122,123,90,125,126,127,128,129,130,131,132,133,134,135,136,137,138,139,140,141,142,143,144,145,146,147,148,149,150,151,152,153,154,155,156,157,158,159,160,161,162,163,164,165,166,167,168,169,170,171,172,173,174,175,176,177,178,179,180,181,182,183,184,185,186,187,188,189,190,191,192,193,194,195,196,197,198,199];False
7712;9192;16904;[117,52,93,3,26,43,18,30,124,9,4,1,12,32,14,15,16,60,64,19,25,41,22,23,24,69,5,27,28,56,63,31,29,33,17,35,36,37,38,39,40,49,42,7,44,45,10,47,48,21,50,51,0,11,54,55,6,57,58,59,2,61,62,67,13,46,66,34,68,20,70,71,72,65,74,75,76,77,53,79,80,81,82,83,84,85,86,87,88,89,73,91,92,8,94,95,96,97,98,99,100,101,102,103,104,105,106,107,108,78,110,111,112,113,114,115,116,109,118,119,120,121,122,123,90,125,126,127,128,129,130,131,132,133,134,135,136,137,138,139,140,141,142,143,144,145,146,147,148,149,150,151,152,153,154,155,156,157,158,159,160,161,162,163,164,165,166,167,168,169,170,171,172,173,174,175,176,177,178,179,180,181,182,183,184,185,186,187,188,189,190,191,192,193,194,195,196,197,198,199];False
7665;9227;16892;[141,52,93,3,26,43,18,30,124,9,4,1,12,32,14,15,16,60,64,19,25,41,22,23,24,69,5,27,28,56,63,31,29,33,17,35,36,37,38,39,40,49,42,7,44,45,10,47,48,21,50,51,0,11,54,55,6,57,58,59,2,61,62,67,13,46,66,34,68,20,70,71,72,65,74,75,76,77,53,79,80,81,82,83,84,85,86,87,88,89,73,91,92,8,94,95,96,97,98,99,100,101,102,103,104,105,106,107,108,78,110,111,112,113,114,115,116,117,118,119,120,121,122,123,90,125,126,127,128,129,130,131,132,133,134,135,136,137,138,139,140,109,142,143,144,145,146,147,148,149,150,151,152,153,154,155,156,157,158,159,160,161,162,163,164,165,166,167,168,169,170,171,172,173,174,175,176,177,178,179,180,181,182,183,184,185,186,187,188,189,190,191,192,193,194,195,196,197,198,199];False
7647;9230;16877;[142,52,93,3,26,43,18,30,124,9,4,1,12,32,14,15,16,60,64,19,25,41,22,23,24,69,5,27,28,56,63,31,29,33,17,35,36,37,38,39,40,49,42,7,44,45,10,47,48,21,50,51,0,11,54,55,6,57,58,59,2,61,62,67,13,46,66,34,68,20,70,71,72,65,74,75,76,77,53,79,80,81,82,83,84,85,86,87,88,89,73,91,92,8,94,95,96,97,98,99,100,101,102,103,104,105,106,107,108,78,110,111,112,113,114,115,116,117,118,119,120,121,122,123,90,125,126,127,128,129,130,131,132,133,134,135,136,137,138,139,140,141,109,143,144,145,146,147,148,149,150,151,152,153,154,155,156,157,158,159,160,161,162,163,164,165,166,167,168,169,170,171,172,173,174,175,176,177,178,179,180,181,182,183,184,185,186,187,188,189,190,191,192,193,194,195,196,197,198,199];False
7766;9186;16952;[39,52,93,3,26,43,18,30,124,9,4,1,12,32,14,15,16,60,64,19,25,41,22,23,24,69,5,27,28,56,63,31,29,33,17,35,36,37,38,117,40,49,42,7,44,45,10,47,48,21,50,51,0,11,54,55,6,57,58,59,2,61,62,67,13,46,66,34,68,20,70,71,72,65,74,75,76,77,78,79,80,81,82,83,84,85,86,87,88,89,53,91,92,8,94,95,96,97,98,99,100,101,102,103,104,105,106,107,108,109,110,111,112,113,114,115,116,73,118,119,120,121,122,123,90,125,126,127,128,129,130,131,132,133,134,135,136,137,138,139,140,141,142,143,144,145,146,147,148,149,150,151,152,153,154,155,156,157,158,159,160,161,162,163,164,165,166,167,168,169,170,171,172,173,174,175,176,177,178,179,180,181,182,183,184,185,186,187,188,189,190,191,192,193,194,195,196,197,198,199];False
7762;9182;16944;[10,52,93,3,26,43,18,30,124,9,4,1,12,32,14,15,16,60,64,19,25,41,22,23,24,69,5,27,28,56,63,31,29,33,17,35,36,37,38,39,40,49,42,7,44,45,117,47,48,21,50,51,0,11,54,55,6,57,58,59,2,61,62,67,13,46,66,34,68,20,70,71,72,65,74,75,76,77,78,79,80,81,82,83,84,85,86,87,88,89,53,91,92,8,94,95,96,97,98,99,100,101,102,103,104,105,106,107,108,109,110,111,112,113,114,115,116,73,118,119,120,121,122,123,90,125,126,127,128,129,130,131,132,133,134,135,136,137,138,139,140,141,142,143,144,145,146,147,148,149,150,151,152,153,154,155,156,157,158,159,160,161,162,163,164,165,166,167,168,169,170,171,172,173,174,175,176,177,178,179,180,181,182,183,184,185,186,187,188,189,190,191,192,193,194,195,196,197,198,199];False
7714;9174;16888;[0,52,93,3,26,43,18,30,124,9,4,1,12,32,14,15,16,60,64,19,25,41,22,23,24,69,5,27,28,56,63,31,29,33,17,35,36,37,38,39,40,49,42,7,44,45,10,47,48,21,50,51,117,11,54,55,6,57,58,59,2,61,62,67,13,46,66,34,68,20,70,71,72,65,74,75,76,77,78,79,80,81,82,83,84,85,86,87,88,89,53,91,92,8,94,95,96,97,98,99,100,101,102,103,104,105,106,107,108,109,110,111,112,113,114,115,116,73,118,119,120,121,122,123,90,125,126,127,128,129,130,131,132,133,134,135,136,137,138,139,140,141,142,143,144,145,146,147,148,149,150,151,152,153,154,155,156,157,158,159,160,161,162,163,164,165,166,167,168,169,170,171,172,173,174,175,176,177,178,179,180,181,182,183,184,185,186,187,188,189,190,191,192,193,194,195,196,197,198,199];False
7766;9134;16900;[34,52,93,3,26,43,18,30,124,9,4,1,12,32,14,15,16,60,64,19,25,41,22,23,24,69,5,27,28,56,63,31,29,33,17,35,36,37,38,39,40,49,42,7,44,45,10,47,48,21,50,51,0,11,54,55,6,57,58,59,2,61,62,67,13,46,66,117,68,20,70,71,72,65,74,75,76,77,78,79,80,81,82,83,84,85,86,87,88,89,53,91,92,8,94,95,96,97,98,99,100,101,102,103,104,105,106,107,108,109,110,111,112,113,114,115,116,73,118,119,120,121,122,123,90,125,126,127,128,129,130,131,132,133,134,135,136,137,138,139,140,141,142,143,144,145,146,147,148,149,150,151,152,153,154,155,156,157,158,159,160,161,162,163,164,165,166,167,168,169,170,171,172,173,174,175,176,177,178,179,180,181,182,183,184,185,186,187,188,189,190,191,192,193,194,195,196,197,198,199];False
8457;8952;17409;[34,46,11,3,26,43,18,30,25,9,69,1,12,32,14,15,65,8,16,19,61,41,22,23,24,82,5,27,28,56,63,31,29,33,20,35,36,37,38,39,40,49,42,7,44,45,60,47,48,21,50,51,53,13,54,55,6,57,58,59,2,0,62,52,64,10,66,67,68,17,70,71,72,73,74,75,76,77,78,79,80,81,107,83,84,85,86,87,88,89,4,91,90,93,94,95,96,97,98,99,100,101,102,103,104,105,106,92,108,109,110,111,112,113,114,115,116,117,118,119,120,121,122,123,124,125,126,127,128,129,130,131,132,133,134,135,136,137,138,139,140,141,142,143,144,145,146,147,148,149,150,151,152,153,154,155,156,157,158,159,160,161,162,163,164,165,166,167,168,169,170,171,172,173,174,175,176,177,178,179,180,181,182,183,184,185,186,187,188,189,190,191,192,193,194,195,196,197,198,199];False
8410;8965;17375;[74,46,11,3,26,43,18,30,25,9,69,1,12,32,14,15,65,8,16,19,61,41,22,23,24,34,5,27,28,56,63,31,29,33,20,35,36,37,38,39,40,49,42,7,44,45,60,47,48,21,50,51,53,13,54,55,6,57,58,59,2,0,62,52,64,10,66,67,68,17,70,71,72,73,82,75,76,77,78,79,80,81,107,83,84,85,86,87,88,89,4,91,90,93,94,95,96,97,98,99,100,101,102,103,104,105,106,92,108,109,110,111,112,113,114,115,116,117,118,119,120,121,122,123,124,125,126,127,128,129,130,131,132,133,134,135,136,137,138,139,140,141,142,143,144,145,146,147,148,149,150,151,152,153,154,155,156,157,158,159,160,161,162,163,164,165,166,167,168,169,170,171,172,173,174,175,176,177,178,179,180,181,182,183,184,185,186,187,188,189,190,191,192,193,194,195,196,197,198,199];False
8368;8971;17339;[90,46,11,3,26,43,18,30,25,9,69,1,12,32,14,15,65,8,16,19,61,41,22,23,24,34,5,27,28,56,63,31,29,33,20,35,36,37,38,39,40,49,42,7,44,45,60,47,48,21,50,51,53,13,54,55,6,57,58,59,2,0,62,52,64,10,66,67,68,17,70,71,72,73,74,75,76,77,78,79,80,81,107,83,84,85,86,87,88,89,4,91,82,93,94,95,96,97,98,99,100,101,102,103,104,105,106,92,108,109,110,111,112,113,114,115,116,117,118,119,120,121,122,123,124,125,126,127,128,129,130,131,132,133,134,135,136,137,138,139,140,141,142,143,144,145,146,147,148,149,150,151,152,153,154,155,156,157,158,159,160,161,162,163,164,165,166,167,168,169,170,171,172,173,174,175,176,177,178,179,180,181,182,183,184,185,186,187,188,189,190,191,192,193,194,195,196,197,198,199];False
8394;8961;17355;[99,46,11,3,26,43,18,30,25,9,69,1,12,32,14,15,65,8,16,19,61,41,22,23,24,34,5,27,28,56,63,31,29,33,20,35,36,37,38,39,40,49,42,7,44,45,60,47,48,21,50,51,53,13,54,55,6,57,58,59,2,0,62,52,64,10,66,67,68,17,70,71,72,73,74,75,76,77,78,79,80,81,107,83,84,85,86,87,88,89,4,91,90,93,94,95,96,97,98,82,100,101,102,103,104,105,106,92,108,109,110,111,112,113,114,115,116,117,118,119,120,121,122,123,124,125,126,127,128,129,130,131,132,133,134,135,136,137,138,139,140,141,142,143,144,145,146,147,148,149,150,151,152,153,154,155,156,157,158,159,160,161,162,163,164,165,166,167,168,169,170,171,172,173,174,175,176,177,178,179,180,181,182,183,184,185,186,187,188,189,190,191,192,193,194,195,196,197,198,199];False
8359;8972;17331;[136,46,11,3,26,43,18,30,25,9,69,1,12,32,14,15,65,8,16,19,61,41,22,23,24,34,5,27,28,56,63,31,29,33,20,35,36,37,38,39,40,49,42,7,44,45,60,47,48,21,50,51,53,13,54,55,6,57,58,59,2,0,62,52,64,10,66,67,68,17,70,71,72,73,74,75,76,77,78,79,80,81,107,83,84,85,86,87,88,89,4,91,90,93,94,95,96,97,98,99,100,101,102,103,104,105,106,92,108,109,110,111,112,113,114,115,116,117,118,119,120,121,122,123,124,125,126,127,128,129,130,131,132,133,134,135,82,137,138,139,140,141,142,143,144,145,146,147,148,149,150,151,152,153,154,155,156,157,158,159,160,161,162,163,164,165,166,167,168,169,170,171,172,173,174,175,176,177,178,179,180,181,182,183,184,185,186,187,188,189,190,191,192,193,194,195,196,197,198,199];False
8276;8959;17235;[174,46,11,3,26,43,18,30,25,9,69,1,12,32,14,15,65,8,16,19,61,41,22,23,24,34,5,27,28,56,63,31,29,33,20,35,36,37,38,39,40,49,42,7,44,45,60,47,48,21,50,51,53,13,54,55,6,57,58,59,2,0,62,52,64,10,66,67,68,17,70,71,72,73,74,75,76,77,78,79,80,81,107,83,84,85,86,87,88,89,4,91,90,93,94,95,96,97,98,99,100,101,102,103,104,105,106,92,108,109,110,111,112,113,114,115,116,117,118,119,120,121,122,123,124,125,126,127,128,129,130,131,132,133,134,135,136,137,138,139,140,141,142,143,144,145,146,147,148,149,150,151,152,153,154,155,156,157,158,159,160,161,162,163,164,165,166,167,168,169,170,171,172,173,82,175,176,177,178,179,180,181,182,183,184,185,186,187,188,189,190,191,192,193,194,195,196,197,198,199];False
7889;9081;16970;[1,52,11,3,26,43,18,30,25,9,4,76,12,32,14,15,124,8,16,19,61,41,22,23,24,69,5,27,28,56,63,31,29,33,17,35,36,37,38,39,40,49,42,7,44,45,60,47,48,21,50,51,53,13,54,55,6,57,58,59,2,0,62,46,64,10,66,117,68,20,70,71,72,65,74,75,67,77,78,79,80,81,82,83,84,85,86,87,88,89,73,91,92,93,94,95,96,97,98,99,100,101,102,103,104,105,106,107,108,109,110,111,112,113,114,115,116,34,118,119,120,121,122,123,90,125,126,127,128,129,130,131,132,133,134,135,136,137,138,139,140,141,142,143,144,145,146,147,148,149,150,151,152,153,154,155,156,157,158,159,160,161,162,163,164,165,166,167,168,169,170,171,172,173,174,175,176,177,178,179,180,181,182,183,184,185,186,187,188,189,190,191,192,193,194,195,196,197,198,199];False
7869;9082;16951;[42,52,11,3,26,43,18,30,25,9,4,1,12,32,14,15,124,8,16,19,61,41,22,23,24,69,5,27,28,56,63,31,29,33,17,35,36,37,38,39,40,49,76,7,44,45,60,47,48,21,50,51,53,13,54,55,6,57,58,59,2,0,62,46,64,10,66,117,68,20,70,71,72,65,74,75,67,77,78,79,80,81,82,83,84,85,86,87,88,89,73,91,92,93,94,95,96,97,98,99,100,101,102,103,104,105,106,107,108,109,110,111,112,113,114,115,116,34,118,119,120,121,122,123,90,125,126,127,128,129,130,131,132,133,134,135,136,137,138,139,140,141,142,143,144,145,146,147,148,149,150,151,152,153,154,155,156,157,158,159,160,161,162,163,164,165,166,167,168,169,170,171,172,173,174,175,176,177,178,179,180,181,182,183,184,185,186,187,188,189,190,191,192,193,194,195,196,197,198,199];False
7800;9094;16894;[60,52,11,3,26,43,18,30,25,9,4,1,12,32,14,15,124,8,16,19,61,41,22,23,24,69,5,27,28,56,63,31,29,33,17,35,36,37,38,39,40,49,42,7,44,45,76,47,48,21,50,51,53,13,54,55,6,57,58,59,2,0,62,46,64,10,66,117,68,20,70,71,72,65,74,75,67,77,78,79,80,81,82,83,84,85,86,87,88,89,73,91,92,93,94,95,96,97,98,99,100,101,102,103,104,105,106,107,108,109,110,111,112,113,114,115,116,34,118,119,120,121,122,123,90,125,126,127,128,129,130,131,132,133,134,135,136,137,138,139,140,141,142,143,144,145,146,147,148,149,150,151,152,153,154,155,156,157,158,159,160,161,162,163,164,165,166,167,168,169,170,171,172,173,174,175,176,177,178,179,180,181,182,183,184,185,186,187,188,189,190,191,192,193,194,195,196,197,198,199];False
7896;9070;16966;[6,52,11,3,26,43,18,30,25,9,4,1,12,32,14,15,124,8,16,19,61,41,22,23,24,69,5,27,28,56,63,31,29,33,17,35,36,37,38,39,40,49,42,7,44,45,60,47,48,21,50,51,53,13,54,55,76,57,58,59,2,0,62,46,64,10,66,117,68,20,70,71,72,65,74,75,67,77,78,79,80,81,82,83,84,85,86,87,88,89,73,91,92,93,94,95,96,97,98,99,100,101,102,103,104,105,106,107,108,109,110,111,112,113,114,115,116,34,118,119,120,121,122,123,90,125,126,127,128,129,130,131,132,133,134,135,136,137,138,139,140,141,142,143,144,145,146,147,148,149,150,151,152,153,154,155,156,157,158,159,160,161,162,163,164,165,166,167,168,169,170,171,172,173,174,175,176,177,178,179,180,181,182,183,184,185,186,187,188,189,190,191,192,193,194,195,196,197,198,199];False
7857;9052;16909;[46,52,11,3,26,43,18,30,25,9,4,1,12,32,14,15,124,8,16,19,61,41,22,23,24,69,5,27,28,56,63,31,29,33,17,35,36,37,38,39,40,49,42,7,44,45,60,47,48,21,50,51,53,13,54,55,6,57,58,59,2,0,62,76,64,10,66,117,68,20,70,71,72,65,74,75,67,77,78,79,80,81,82,83,84,85,86,87,88,89,73,91,92,93,94,95,96,97,98,99,100,101,102,103,104,105,106,107,108,109,110,111,112,113,114,115,116,34,118,119,120,121,122,123,90,125,126,127,128,129,130,131,132,133,134,135,136,137,138,139,140,141,142,143,144,145,146,147,148,149,150,151,152,153,154,155,156,157,158,159,160,161,162,163,164,165,166,167,168,169,170,171,172,173,174,175,176,177,178,179,180,181,182,183,184,185,186,187,188,189,190,191,192,193,194,195,196,197,198,199];False
7791;9099;16890;[74,52,11,3,26,43,18,30,25,9,4,1,12,32,14,15,124,8,16,19,61,41,22,23,24,69,5,27,28,56,63,31,29,33,17,35,36,37,38,39,40,49,42,7,44,45,60,47,48,21,50,51,53,13,54,55,6,57,58,59,2,0,62,46,64,10,66,117,68,20,70,71,72,65,76,75,67,77,78,79,80,81,82,83,84,85,86,87,88,89,73,91,92,93,94,95,96,97,98,99,100,101,102,103,104,105,106,107,108,109,110,111,112,113,114,115,116,34,118,119,120,121,122,123,90,125,126,127,128,129,130,131,132,133,134,135,136,137,138,139,140,141,142,143,144,145,146,147,148,149,150,151,152,153,154,155,156,157,158,159,160,161,162,163,164,165,166,167,168,169,170,171,172,173,174,175,176,177,178,179,180,181,182,183,184,185,186,187,188,189,190,191,192,193,194,195,196,197,198,199];False
7859;9040;16899;[78,52,11,3,26,43,18,30,25,9,4,1,12,32,14,15,124,8,16,19,61,41,22,23,24,69,5,27,28,56,63,31,29,33,17,35,36,37,38,39,40,49,42,7,44,45,60,47,48,21,50,51,53,13,54,55,6,57,58,59,2,0,62,46,64,10,66,117,68,20,70,71,72,65,74,75,67,77,76,79,80,81,82,83,84,85,86,87,88,89,73,91,92,93,94,95,96,97,98,99,100,101,102,103,104,105,106,107,108,109,110,111,112,113,114,115,116,34,118,119,120,121,122,123,90,125,126,127,128,129,130,131,132,133,134,135,136,137,138,139,140,141,142,143,144,145,146,147,148,149,150,151,152,153,154,155,156,157,158,159,160,161,162,163,164,165,166,167,168,169,170,171,172,173,174,175,176,177,178,179,180,181,182,183,184,185,186,187,188,189,190,191,192,193,194,195,196,197,198,199];False
7827;9060;16887;[80,52,11,3,26,43,18,30,25,9,4,1,12,32,14,15,124,8,16,19,61,41,22,23,24,69,5,27,28,56,63,31,29,33,17,35,36,37,38,39,40,49,42,7,44,45,60,47,48,21,50,51,53,13,54,55,6,57,58,59,2,0,62,46,64,10,66,117,68,20,70,71,72,65,74,75,67,77,78,79,76,81,82,83,84,85,86,87,88,89,73,91,92,93,94,95,96,97,98,99,100,101,102,103,104,105,106,107,108,109,110,111,112,113,114,115,116,34,118,119,120,121,122,123,90,125,126,127,128,129,130,131,132,133,134,135,136,137,138,139,140,141,142,143,144,145,146,147,148,149,150,151,152,153,154,155,156,157,158,159,160,161,162,163,164,165,166,167,168,169,170,171,172,173,174,175,176,177,178,179,180,181,182,183,184,185,186,187,188,189,190,191,192,193,194,195,196,197,198,199];False
7919;9037;16956;[82,52,11,3,26,43,18,30,25,9,4,1,12,32,14,15,124,8,16,19,61,41,22,23,24,69,5,27,28,56,63,31,29,33,17,35,36,37,38,39,40,49,42,7,44,45,60,47,48,21,50,51,53,13,54,55,6,57,58,59,2,0,62,46,64,10,66,117,68,20,70,71,72,65,74,75,67,77,78,79,80,81,76,83,84,85,86,87,88,89,73,91,92,93,94,95,96,97,98,99,100,101,102,103,104,105,106,107,108,109,110,111,112,113,114,115,116,34,118,119,120,121,122,123,90,125,126,127,128,129,130,131,132,133,134,135,136,137,138,139,140,141,142,143,144,145,146,147,148,149,150,151,152,153,154,155,156,157,158,159,160,161,162,163,164,165,166,167,168,169,170,171,172,173,174,175,176,177,178,179,180,181,182,183,184,185,186,187,188,189,190,191,192,193,194,195,196,197,198,199];False
7826;9045;16871;[84,52,11,3,26,43,18,30,25,9,4,1,12,32,14,15,124,8,16,19,61,41,22,23,24,69,5,27,28,56,63,31,29,33,17,35,36,37,38,39,40,49,42,7,44,45,60,47,48,21,50,51,53,13,54,55,6,57,58,59,2,0,62,46,64,10,66,117,68,20,70,71,72,65,74,75,67,77,78,79,80,81,82,83,76,85,86,87,88,89,73,91,92,93,94,95,96,97,98,99,100,101,102,103,104,105,106,107,108,109,110,111,112,113,114,115,116,34,118,119,120,121,122,123,90,125,126,127,128,129,130,131,132,133,134,135,136,137,138,139,140,141,142,143,144,145,146,147,148,149,150,151,152,153,154,155,156,157,158,159,160,161,162,163,164,165,166,167,168,169,170,171,172,173,174,175,176,177,178,179,180,181,182,183,184,185,186,187,188,189,190,191,192,193,194,195,196,197,198,199];False
7761;9095;16856;[85,52,11,3,26,43,18,30,25,9,4,1,12,32,14,15,124,8,16,19,61,41,22,23,24,69,5,27,28,56,63,31,29,33,17,35,36,37,38,39,40,49,42,7,44,45,60,47,48,21,50,51,53,13,54,55,6,57,58,59,2,0,62,46,64,10,66,117,68,20,70,71,72,65,74,75,67,77,78,79,80,81,82,83,84,76,86,87,88,89,73,91,92,93,94,95,96,97,98,99,100,101,102,103,104,105,106,107,108,109,110,111,112,113,114,115,116,34,118,119,120,121,122,123,90,125,126,127,128,129,130,131,132,133,134,135,136,137,138,139,140,141,142,143,144,145,146,147,148,149,150,151,152,153,154,155,156,157,158,159,160,161,162,163,164,165,166,167,168,169,170,171,172,173,174,175,176,177,178,179,180,181,182,183,184,185,186,187,188,189,190,191,192,193,194,195,196,197,198,199];False
7757;9078;16835;[86,52,11,3,26,43,18,30,25,9,4,1,12,32,14,15,124,8,16,19,61,41,22,23,24,69,5,27,28,56,63,31,29,33,17,35,36,37,38,39,40,49,42,7,44,45,60,47,48,21,50,51,53,13,54,55,6,57,58,59,2,0,62,46,64,10,66,117,68,20,70,71,72,65,74,75,67,77,78,79,80,81,82,83,84,85,76,87,88,89,73,91,92,93,94,95,96,97,98,99,100,101,102,103,104,105,106,107,108,109,110,111,112,113,114,115,116,34,118,119,120,121,122,123,90,125,126,127,128,129,130,131,132,133,134,135,136,137,138,139,140,141,142,143,144,145,146,147,148,149,150,151,152,153,154,155,156,157,158,159,160,161,162,163,164,165,166,167,168,169,170,171,172,173,174,175,176,177,178,179,180,181,182,183,184,185,186,187,188,189,190,191,192,193,194,195,196,197,198,199];False
8060;9016;17076;[69,117,11,3,26,43,18,30,8,9,38,1,12,32,14,15,20,65,16,19,61,41,22,23,24,25,5,27,28,56,63,31,29,33,17,35,36,93,46,39,40,49,42,7,44,45,60,47,48,21,50,51,53,13,54,55,6,57,58,59,2,0,62,52,64,10,66,67,68,37,70,71,72,90,74,75,76,77,78,79,80,81,82,83,84,85,86,87,88,89,4,91,73,92,94,95,96,97,98,99,100,101,102,103,104,105,106,107,108,109,110,111,112,113,114,115,116,34,118,119,120,121,122,123,124,125,126,127,128,129,130,131,132,133,134,135,136,137,138,139,140,141,142,143,144,145,146,147,148,149,150,151,152,153,154,155,156,157,158,159,160,161,162,163,164,165,166,167,168,169,170,171,172,173,174,175,176,177,178,179,180,181,182,183,184,185,186,187,188,189,190,191,192,193,194,195,196,197,198,199];False
8108;9015;17123;[79,117,11,3,26,43,18,30,8,9,69,1,12,32,14,15,20,65,16,19,61,41,22,23,24,25,5,27,28,56,63,31,29,33,17,35,36,93,38,39,40,49,42,7,44,45,60,47,48,21,50,51,53,13,54,55,6,57,58,59,2,0,62,52,64,10,66,67,68,37,70,71,72,90,74,75,76,77,46,78,80,81,82,83,84,85,86,87,88,89,4,91,73,92,94,95,96,97,98,99,100,101,102,103,104,105,106,107,108,109,110,111,112,113,114,115,116,34,118,119,120,121,122,123,124,125,126,127,128,129,130,131,132,133,134,135,136,137,138,139,140,141,142,143,144,145,146,147,148,149,150,151,152,153,154,155,156,157,158,159,160,161,162,163,164,165,166,167,168,169,170,171,172,173,174,175,176,177,178,179,180,181,182,183,184,185,186,187,188,189,190,191,192,193,194,195,196,197,198,199];False
8140;8985;17125;[82,117,11,3,26,43,18,30,8,9,69,1,12,32,14,15,20,65,16,19,61,41,22,23,24,25,5,27,28,56,63,31,29,33,17,35,36,93,38,39,40,49,42,7,44,45,60,47,48,21,50,51,53,13,54,55,6,57,58,59,2,0,62,52,64,10,66,67,68,37,70,71,72,90,74,75,76,77,46,79,80,81,78,83,84,85,86,87,88,89,4,91,73,92,94,95,96,97,98,99,100,101,102,103,104,105,106,107,108,109,110,111,112,113,114,115,116,34,118,119,120,121,122,123,124,125,126,127,128,129,130,131,132,133,134,135,136,137,138,139,140,141,142,143,144,145,146,147,148,149,150,151,152,153,154,155,156,157,158,159,160,161,162,163,164,165,166,167,168,169,170,171,172,173,174,175,176,177,178,179,180,181,182,183,184,185,186,187,188,189,190,191,192,193,194,195,196,197,198,199];False
8272;8971;17243;[99,117,11,3,26,43,18,30,8,9,69,1,12,32,14,15,20,65,16,19,61,41,22,23,24,25,5,27,28,56,63,31,29,33,17,35,36,93,38,39,40,49,42,7,44,45,60,47,48,21,50,51,53,13,54,55,6,57,58,59,2,0,62,52,64,10,66,67,68,37,70,71,72,90,74,75,76,77,78,79,80,81,46,83,84,85,86,87,88,89,4,91,73,92,94,95,96,97,98,82,100,101,102,103,104,105,106,107,108,109,110,111,112,113,114,115,116,34,118,119,120,121,122,123,124,125,126,127,128,129,130,131,132,133,134,135,136,137,138,139,140,141,142,143,144,145,146,147,148,149,150,151,152,153,154,155,156,157,158,159,160,161,162,163,164,165,166,167,168,169,170,171,172,173,174,175,176,177,178,179,180,181,182,183,184,185,186,187,188,189,190,191,192,193,194,195,196,197,198,199];False
8201;8971;17172;[106,117,11,3,26,43,18,30,8,9,69,1,12,32,14,15,20,65,16,19,61,41,22,23,24,25,5,27,28,56,63,31,29,33,17,35,36,93,38,39,40,49,42,7,44,45,60,47,48,21,50,51,53,13,54,55,6,57,58,59,2,0,62,52,64,10,66,67,68,37,70,71,72,90,74,75,76,77,78,79,80,81,46,83,84,85,86,87,88,89,4,91,73,92,94,95,96,97,98,99,100,101,102,103,104,105,82,107,108,109,110,111,112,113,114,115,116,34,118,119,120,121,122,123,124,125,126,127,128,129,130,131,132,133,134,135,136,137,138,139,140,141,142,143,144,145,146,147,148,149,150,151,152,153,154,155,156,157,158,159,160,161,162,163,164,165,166,167,168,169,170,171,172,173,174,175,176,177,178,179,180,181,182,183,184,185,186,187,188,189,190,191,192,193,194,195,196,197,198,199];False
8135;9000;17135;[130,117,11,3,26,43,18,30,8,9,69,1,12,32,14,15,20,65,16,19,61,41,22,23,24,25,5,27,28,56,63,31,29,33,17,35,36,93,38,39,40,49,42,7,44,45,60,47,48,21,50,51,53,13,54,55,6,57,58,59,2,0,62,52,64,10,66,67,68,37,70,71,72,90,74,75,76,77,78,79,80,81,46,83,84,85,86,87,88,89,4,91,73,92,94,95,96,97,98,99,100,101,102,103,104,105,106,107,108,109,110,111,112,113,114,115,116,34,118,119,120,121,122,123,124,125,126,127,128,129,82,131,132,133,134,135,136,137,138,139,140,141,142,143,144,145,146,147,148,149,150,151,152,153,154,155,156,157,158,159,160,161,162,163,164,165,166,167,168,169,170,171,172,173,174,175,176,177,178,179,180,181,182,183,184,185,186,187,188,189,190,191,192,193,194,195,196,197,198,199];False
8075;9004;17079;[140,117,11,3,26,43,18,30,8,9,69,1,12,32,14,15,20,65,16,19,61,41,22,23,24,25,5,27,28,56,63,31,29,33,17,35,36,93,38,39,40,49,42,7,44,45,60,47,48,21,50,51,53,13,54,55,6,57,58,59,2,0,62,52,64,10,66,67,68,37,70,71,72,90,74,75,76,77,78,79,80,81,46,83,84,85,86,87,88,89,4,91,73,92,94,95,96,97,98,99,100,101,102,103,104,105,106,107,108,109,110,111,112,113,114,115,116,34,118,119,120,121,122,123,124,125,126,127,128,129,130,131,132,133,134,135,136,137,138,139,82,141,142,143,144,145,146,147,148,149,150,151,152,153,154,155,156,157,158,159,160,161,162,163,164,165,166,167,168,169,170,171,172,173,174,175,176,177,178,179,180,181,182,183,184,185,186,187,188,189,190,191,192,193,194,195,196,197,198,199];False
8137;8987;17124;[143,117,11,3,26,43,18,30,8,9,69,1,12,32,14,15,20,65,16,19,61,41,22,23,24,25,5,27,28,56,63,31,29,33,17,35,36,93,38,39,40,49,42,7,44,45,60,47,48,21,50,51,53,13,54,55,6,57,58,59,2,0,62,52,64,10,66,67,68,37,70,71,72,90,74,75,76,77,78,79,80,81,46,83,84,85,86,87,88,89,4,91,73,92,94,95,96,97,98,99,100,101,102,103,104,105,106,107,108,109,110,111,112,113,114,115,116,34,118,119,120,121,122,123,124,125,126,127,128,129,130,131,132,133,134,135,136,137,138,139,140,141,142,82,144,145,146,147,148,149,150,151,152,153,154,155,156,157,158,159,160,161,162,163,164,165,166,167,168,169,170,171,172,173,174,175,176,177,178,179,180,181,182,183,184,185,186,187,188,189,190,191,192,193,194,195,196,197,198,199];False
8175;8977;17152;[174,117,11,3,26,43,18,30,8,9,69,1,12,32,14,15,20,65,16,19,61,41,22,23,24,25,5,27,28,56,63,31,29,33,17,35,36,93,38,39,40,49,42,7,44,45,60,47,48,21,50,51,53,13,54,55,6,57,58,59,2,0,62,52,64,10,66,67,68,37,70,71,72,90,74,75,76,77,78,79,80,81,46,83,84,85,86,87,88,89,4,91,73,92,94,95,96,97,98,99,100,101,102,103,104,105,106,107,108,109,110,111,112,113,114,115,116,34,118,119,120,121,122,123,124,125,126,127,128,129,130,131,132,133,134,135,136,137,138,139,140,141,142,143,144,145,146,147,148,149,150,151,152,153,154,155,156,157,158,159,160,161,162,163,164,165,166,167,168,169,170,171,172,173,82,175,176,177,178,179,180,181,182,183,184,185,186,187,188,189,190,191,192,193,194,195,196,197,198,199];False
8180;8971;17151;[194,117,11,3,26,43,18,30,8,9,69,1,12,32,14,15,20,65,16,19,61,41,22,23,24,25,5,27,28,56,63,31,29,33,17,35,36,93,38,39,40,49,42,7,44,45,60,47,48,21,50,51,53,13,54,55,6,57,58,59,2,0,62,52,64,10,66,67,68,37,70,71,72,90,74,75,76,77,78,79,80,81,46,83,84,85,86,87,88,89,4,91,73,92,94,95,96,97,98,99,100,101,102,103,104,105,106,107,108,109,110,111,112,113,114,115,116,34,118,119,120,121,122,123,124,125,126,127,128,129,130,131,132,133,134,135,136,137,138,139,140,141,142,143,144,145,146,147,148,149,150,151,152,153,154,155,156,157,158,159,160,161,162,163,164,165,166,167,168,169,170,171,172,173,174,175,176,177,178,179,180,181,182,183,184,185,186,187,188,189,190,191,192,193,82,195,196,197,198,199];False
7566;9232;16798;[10,52,93,3,26,43,18,30,124,9,4,1,12,32,14,15,16,60,64,19,25,41,22,23,24,69,5,27,28,56,63,31,29,33,17,35,36,37,38,39,40,49,42,7,44,45,86,47,48,21,50,51,0,11,54,55,6,57,58,59,2,61,62,67,13,46,66,34,68,20,70,71,72,65,74,75,76,77,53,79,80,81,82,83,84,85,109,87,88,89,73,91,92,8,94,95,96,97,98,99,100,101,102,103,104,105,106,107,108,78,110,111,112,113,114,115,116,117,118,119,120,121,122,123,90,125,126,127,128,129,130,131,132,133,134,135,136,137,138,139,140,141,142,143,144,145,146,147,148,149,150,151,152,153,154,155,156,157,158,159,160,161,162,163,164,165,166,167,168,169,170,171,172,173,174,175,176,177,178,179,180,181,182,183,184,185,186,187,188,189,190,191,192,193,194,195,196,197,198,199];False
7633;9221;16854;[61,52,93,3,26,43,18,30,124,9,4,1,12,32,14,15,16,60,64,19,25,41,22,23,24,69,5,27,28,56,63,31,29,33,17,35,36,37,38,39,40,49,42,7,44,45,10,47,48,21,50,51,0,11,54,55,6,57,58,59,2,86,62,67,13,46,66,34,68,20,70,71,72,65,74,75,76,77,53,79,80,81,82,83,84,85,109,87,88,89,73,91,92,8,94,95,96,97,98,99,100,101,102,103,104,105,106,107,108,78,110,111,112,113,114,115,116,117,118,119,120,121,122,123,90,125,126,127,128,129,130,131,132,133,134,135,136,137,138,139,140,141,142,143,144,145,146,147,148,149,150,151,152,153,154,155,156,157,158,159,160,161,162,163,164,165,166,167,168,169,170,171,172,173,174,175,176,177,178,179,180,181,182,183,184,185,186,187,188,189,190,191,192,193,194,195,196,197,198,199];False
7675;9218;16893;[63,52,93,3,26,43,18,30,124,9,4,1,12,32,14,15,16,60,64,19,25,41,22,23,24,69,5,27,28,56,92,31,29,33,17,35,36,37,38,39,40,49,42,7,44,45,10,47,48,21,50,51,0,11,54,55,6,57,58,59,2,61,62,67,13,46,66,34,68,20,70,71,72,65,74,75,76,77,53,79,80,81,82,83,84,85,86,87,88,89,73,91,109,8,94,95,96,97,98,99,100,101,102,103,104,105,106,107,108,78,110,111,112,113,114,115,116,117,118,119,120,121,122,123,90,125,126,127,128,129,130,131,132,133,134,135,136,137,138,139,140,141,142,143,144,145,146,147,148,149,150,151,152,153,154,155,156,157,158,159,160,161,162,163,164,165,166,167,168,169,170,171,172,173,174,175,176,177,178,179,180,181,182,183,184,185,186,187,188,189,190,191,192,193,194,195,196,197,198,199];False
7628;9227;16855;[75,52,93,3,26,43,18,30,124,9,4,1,12,32,14,15,16,60,64,19,25,41,22,23,24,69,5,27,28,56,63,31,29,33,17,35,36,37,38,39,40,49,42,7,44,45,10,47,48,21,50,51,0,11,54,55,6,57,58,59,2,61,62,67,13,46,66,34,68,20,70,71,72,65,74,92,76,77,53,79,80,81,82,83,84,85,86,87,88,89,73,91,109,8,94,95,96,97,98,99,100,101,102,103,104,105,106,107,108,78,110,111,112,113,114,115,116,117,118,119,120,121,122,123,90,125,126,127,128,129,130,131,132,133,134,135,136,137,138,139,140,141,142,143,144,145,146,147,148,149,150,151,152,153,154,155,156,157,158,159,160,161,162,163,164,165,166,167,168,169,170,171,172,173,174,175,176,177,178,179,180,181,182,183,184,185,186,187,188,189,190,191,192,193,194,195,196,197,198,199];False
7629;9203;16832;[86,52,93,3,26,43,18,30,124,9,4,1,12,32,14,15,16,60,64,19,25,41,22,23,24,69,5,27,28,56,63,31,29,33,17,35,36,37,38,39,40,49,42,7,44,45,10,47,48,21,50,51,0,11,54,55,6,57,58,59,2,61,62,67,13,46,66,34,68,20,70,71,72,65,74,75,76,77,53,79,80,81,82,83,84,85,92,87,88,89,73,91,109,8,94,95,96,97,98,99,100,101,102,103,104,105,106,107,108,78,110,111,112,113,114,115,116,117,118,119,120,121,122,123,90,125,126,127,128,129,130,131,132,133,134,135,136,137,138,139,140,141,142,143,144,145,146,147,148,149,150,151,152,153,154,155,156,157,158,159,160,161,162,163,164,165,166,167,168,169,170,171,172,173,174,175,176,177,178,179,180,181,182,183,184,185,186,187,188,189,190,191,192,193,194,195,196,197,198,199];False
7641;9199;16840;[0,52,93,3,26,43,18,30,124,9,4,1,12,32,14,15,16,60,64,19,25,41,22,23,24,69,5,27,28,56,63,31,29,33,17,35,36,37,38,39,40,49,42,7,44,45,10,47,48,21,50,51,117,11,54,55,6,57,58,59,2,61,62,67,13,46,66,34,68,20,70,71,72,65,74,75,76,77,53,79,80,81,82,83,84,85,86,87,88,89,73,91,92,8,94,95,96,97,98,99,100,101,102,103,104,105,106,107,108,78,110,111,112,113,114,115,116,109,118,119,120,121,122,123,90,125,126,127,128,129,130,131,132,133,134,135,136,137,138,139,140,141,142,143,144,145,146,147,148,149,150,151,152,153,154,155,156,157,158,159,160,161,162,163,164,165,166,167,168,169,170,171,172,173,174,175,176,177,178,179,180,181,182,183,184,185,186,187,188,189,190,191,192,193,194,195,196,197,198,199];False
7693;9159;16852;[34,52,93,3,26,43,18,30,124,9,4,1,12,32,14,15,16,60,64,19,25,41,22,23,24,69,5,27,28,56,63,31,29,33,17,35,36,37,38,39,40,49,42,7,44,45,10,47,48,21,50,51,0,11,54,55,6,57,58,59,2,61,62,67,13,46,66,117,68,20,70,71,72,65,74,75,76,77,53,79,80,81,82,83,84,85,86,87,88,89,73,91,92,8,94,95,96,97,98,99,100,101,102,103,104,105,106,107,108,78,110,111,112,113,114,115,116,109,118,119,120,121,122,123,90,125,126,127,128,129,130,131,132,133,134,135,136,137,138,139,140,141,142,143,144,145,146,147,148,149,150,151,152,153,154,155,156,157,158,159,160,161,162,163,164,165,166,167,168,169,170,171,172,173,174,175,176,177,178,179,180,181,182,183,184,185,186,187,188,189,190,191,192,193,194,195,196,197,198,199];False
8448;8948;17396;[117,46,11,3,26,43,18,30,25,9,69,1,12,32,14,15,65,8,16,19,61,41,22,23,24,82,5,27,28,56,63,31,29,33,20,35,36,37,38,39,40,49,42,7,44,45,60,47,48,21,50,51,53,13,54,55,6,57,58,59,2,0,62,52,64,10,66,67,68,17,70,71,72,73,74,75,76,77,78,79,80,81,107,83,84,85,86,87,88,89,4,91,90,93,94,95,96,97,98,99,100,101,102,103,104,105,106,92,108,109,110,111,112,113,114,115,116,34,118,119,120,121,122,123,124,125,126,127,128,129,130,131,132,133,134,135,136,137,138,139,140,141,142,143,144,145,146,147,148,149,150,151,152,153,154,155,156,157,158,159,160,161,162,163,164,165,166,167,168,169,170,171,172,173,174,175,176,177,178,179,180,181,182,183,184,185,186,187,188,189,190,191,192,193,194,195,196,197,198,199];False
8403;8954;17357;[34,46,11,3,26,43,18,30,25,9,69,1,12,32,14,15,65,8,16,19,61,41,22,23,24,174,5,27,28,56,63,31,29,33,20,35,36,37,38,39,40,49,42,7,44,45,60,47,48,21,50,51,53,13,54,55,6,57,58,59,2,0,62,52,64,10,66,67,68,17,70,71,72,73,74,75,76,77,78,79,80,81,107,83,84,85,86,87,88,89,4,91,90,93,94,95,96,97,98,99,100,101,102,103,104,105,106,92,108,109,110,111,112,113,114,115,116,117,118,119,120,121,122,123,124,125,126,127,128,129,130,131,132,133,134,135,136,137,138,139,140,141,142,143,144,145,146,147,148,149,150,151,152,153,154,155,156,157,158,159,160,161,162,163,164,165,166,167,168,169,170,171,172,173,82,175,176,177,178,179,180,181,182,183,184,185,186,187,188,189,190,191,192,193,194,195,196,197,198,199];False
8225;8970;17195;[192,46,11,3,26,43,18,30,25,9,69,1,12,32,14,15,65,8,16,19,61,41,22,23,24,34,5,27,28,56,63,31,29,33,20,35,36,37,38,39,40,49,42,7,44,45,60,47,48,21,50,51,53,13,54,55,6,57,58,59,2,0,62,52,64,10,66,67,68,17,70,71,72,73,74,75,76,77,78,79,80,81,107,83,84,85,86,87,88,89,4,91,90,93,94,95,96,97,98,99,100,101,102,103,104,105,106,92,108,109,110,111,112,113,114,115,116,117,118,119,120,121,122,123,124,125,126,127,128,129,130,131,132,133,134,135,136,137,138,139,140,141,142,143,144,145,146,147,148,149,150,151,152,153,154,155,156,157,158,159,160,161,162,163,164,165,166,167,168,169,170,171,172,173,82,175,176,177,178,179,180,181,182,183,184,185,186,187,188,189,190,191,174,193,194,195,196,197,198,199];False
8438;8953;17391;[194,46,11,3,26,43,18,30,25,9,69,1,12,32,14,15,65,8,16,19,61,41,22,23,24,34,5,27,28,56,63,31,29,33,20,35,36,37,38,39,40,49,42,7,44,45,60,47,48,21,50,51,53,13,54,55,6,57,58,59,2,0,62,52,64,10,66,67,68,17,70,71,72,73,74,75,76,77,78,79,80,81,107,83,84,85,86,87,88,89,4,91,90,93,94,95,96,97,98,99,100,101,102,103,104,105,106,92,108,109,110,111,112,113,114,115,116,117,118,119,120,121,122,123,124,125,126,127,128,129,130,131,132,133,134,135,136,137,138,139,140,141,142,143,144,145,146,147,148,149,150,151,152,153,154,155,156,157,158,159,160,161,162,163,164,165,166,167,168,169,170,171,172,173,82,175,176,177,178,179,180,181,182,183,184,185,186,187,188,189,190,191,192,193,174,195,196,197,198,199];False
8248;8954;17202;[198,46,11,3,26,43,18,30,25,9,69,1,12,32,14,15,65,8,16,19,61,41,22,23,24,34,5,27,28,56,63,31,29,33,20,35,36,37,38,39,40,49,42,7,44,45,60,47,48,21,50,51,53,13,54,55,6,57,58,59,2,0,62,52,64,10,66,67,68,17,70,71,72,73,74,75,76,77,78,79,80,81,107,83,84,85,86,87,88,89,4,91,90,93,94,95,96,97,98,99,100,101,102,103,104,105,106,92,108,109,110,111,112,113,114,115,116,117,118,119,120,121,122,123,124,125,126,127,128,129,130,131,132,133,134,135,136,137,138,139,140,141,142,143,144,145,146,147,148,149,150,151,152,153,154,155,156,157,158,159,160,161,162,163,164,165,166,167,168,169,170,171,172,173,82,175,176,177,178,179,180,181,182,183,184,185,186,187,188,189,190,191,192,193,194,195,196,197,174,199];False
7818;9068;16886;[80,52,11,3,26,43,18,30,25,9,4,1,12,32,14,15,124,8,16,19,61,41,22,23,24,69,5,27,28,56,63,31,29,33,17,35,36,37,38,39,40,49,42,7,44,45,60,47,48,21,50,51,53,13,54,55,6,57,58,59,2,0,62,46,64,10,66,117,68,20,70,71,72,65,74,75,67,77,76,79,78,81,82,83,84,85,86,87,88,89,73,91,92,93,94,95,96,97,98,99,100,101,102,103,104,105,106,107,108,109,110,111,112,113,114,115,116,34,118,119,120,121,122,123,90,125,126,127,128,129,130,131,132,133,134,135,136,137,138,139,140,141,142,143,144,145,146,147,148,149,150,151,152,153,154,155,156,157,158,159,160,161,162,163,164,165,166,167,168,169,170,171,172,173,174,175,176,177,178,179,180,181,182,183,184,185,186,187,188,189,190,191,192,193,194,195,196,197,198,199];False
7902;9036;16938;[82,52,11,3,26,43,18,30,25,9,4,1,12,32,14,15,124,8,16,19,61,41,22,23,24,69,5,27,28,56,63,31,29,33,17,35,36,37,38,39,40,49,42,7,44,45,60,47,48,21,50,51,53,13,54,55,6,57,58,59,2,0,62,46,64,10,66,117,68,20,70,71,72,65,74,75,67,77,76,79,80,81,78,83,84,85,86,87,88,89,73,91,92,93,94,95,96,97,98,99,100,101,102,103,104,105,106,107,108,109,110,111,112,113,114,115,116,34,118,119,120,121,122,123,90,125,126,127,128,129,130,131,132,133,134,135,136,137,138,139,140,141,142,143,144,145,146,147,148,149,150,151,152,153,154,155,156,157,158,159,160,161,162,163,164,165,166,167,168,169,170,171,172,173,174,175,176,177,178,179,180,181,182,183,184,185,186,187,188,189,190,191,192,193,194,195,196,197,198,199];False
7794;9024;16818;[92,52,11,3,26,43,18,30,25,9,4,1,12,32,14,15,124,8,16,19,61,41,22,23,24,69,5,27,28,56,63,31,29,33,17,35,36,37,38,39,40,49,42,7,44,45,60,47,48,21,50,51,53,13,54,55,6,57,58,59,2,0,62,46,64,10,66,117,68,20,70,71,72,65,74,75,67,77,76,79,80,81,82,83,84,85,86,87,88,89,73,91,78,93,94,95,96,97,98,99,100,101,102,103,104,105,106,107,108,109,110,111,112,113,114,115,116,34,118,119,120,121,122,123,90,125,126,127,128,129,130,131,132,133,134,135,136,137,138,139,140,141,142,143,144,145,146,147,148,149,150,151,152,153,154,155,156,157,158,159,160,161,162,163,164,165,166,167,168,169,170,171,172,173,174,175,176,177,178,179,180,181,182,183,184,185,186,187,188,189,190,191,192,193,194,195,196,197,198,199];False
7733;9102;16835;[43,52,11,3,26,86,18,30,25,9,4,1,12,32,14,15,124,8,16,19,61,41,22,23,24,69,5,27,28,56,63,31,29,33,17,35,36,37,38,39,40,49,42,7,44,45,60,47,48,21,50,51,53,13,54,55,6,57,58,59,2,0,62,46,64,10,66,117,68,20,70,71,72,65,74,75,67,77,78,79,80,81,82,83,84,85,76,87,88,89,73,91,92,93,94,95,96,97,98,99,100,101,102,103,104,105,106,107,108,109,110,111,112,113,114,115,116,34,118,119,120,121,122,123,90,125,126,127,128,129,130,131,132,133,134,135,136,137,138,139,140,141,142,143,144,145,146,147,148,149,150,151,152,153,154,155,156,157,158,159,160,161,162,163,164,165,166,167,168,169,170,171,172,173,174,175,176,177,178,179,180,181,182,183,184,185,186,187,188,189,190,191,192,193,194,195,196,197,198,199];False
7735;9095;16830;[30,52,11,3,26,43,18,86,25,9,4,1,12,32,14,15,124,8,16,19,61,41,22,23,24,69,5,27,28,56,63,31,29,33,17,35,36,37,38,39,40,49,42,7,44,45,60,47,48,21,50,51,53,13,54,55,6,57,58,59,2,0,62,46,64,10,66,117,68,20,70,71,72,65,74,75,67,77,78,79,80,81,82,83,84,85,76,87,88,89,73,91,92,93,94,95,96,97,98,99,100,101,102,103,104,105,106,107,108,109,110,111,112,113,114,115,116,34,118,119,120,121,122,123,90,125,126,127,128,129,130,131,132,133,134,135,136,137,138,139,140,141,142,143,144,145,146,147,148,149,150,151,152,153,154,155,156,157,158,159,160,161,162,163,164,165,166,167,168,169,170,171,172,173,174,175,176,177,178,179,180,181,182,183,184,185,186,187,188,189,190,191,192,193,194,195,196,197,198,199];False
7696;9120;16816;[8,52,11,3,26,43,18,30,25,9,4,1,12,32,14,15,124,86,16,19,61,41,22,23,24,69,5,27,28,56,63,31,29,33,17,35,36,37,38,39,40,49,42,7,44,45,60,47,48,21,50,51,53,13,54,55,6,57,58,59,2,0,62,46,64,10,66,117,68,20,70,71,72,65,74,75,67,77,78,79,80,81,82,83,84,85,76,87,88,89,73,91,92,93,94,95,96,97,98,99,100,101,102,103,104,105,106,107,108,109,110,111,112,113,114,115,116,34,118,119,120,121,122,123,90,125,126,127,128,129,130,131,132,133,134,135,136,137,138,139,140,141,142,143,144,145,146,147,148,149,150,151,152,153,154,155,156,157,158,159,160,161,162,163,164,165,166,167,168,169,170,171,172,173,174,175,176,177,178,179,180,181,182,183,184,185,186,187,188,189,190,191,192,193,194,195,196,197,198,199];False
7783;9075;16858;[42,52,11,3,26,43,18,30,25,9,4,1,12,32,14,15,124,8,16,19,61,41,22,23,24,69,5,27,28,56,63,31,29,33,17,35,36,37,38,39,40,49,86,7,44,45,60,47,48,21,50,51,53,13,54,55,6,57,58,59,2,0,62,46,64,10,66,117,68,20,70,71,72,65,74,75,67,77,78,79,80,81,82,83,84,85,76,87,88,89,73,91,92,93,94,95,96,97,98,99,100,101,102,103,104,105,106,107,108,109,110,111,112,113,114,115,116,34,118,119,120,121,122,123,90,125,126,127,128,129,130,131,132,133,134,135,136,137,138,139,140,141,142,143,144,145,146,147,148,149,150,151,152,153,154,155,156,157,158,159,160,161,162,163,164,165,166,167,168,169,170,171,172,173,174,175,176,177,178,179,180,181,182,183,184,185,186,187,188,189,190,191,192,193,194,195,196,197,198,199];False
7710;9094;16804;[60,52,11,3,26,43,18,30,25,9,4,1,12,32,14,15,124,8,16,19,61,41,22,23,24,69,5,27,28,56,63,31,29,33,17,35,36,37,38,39,40,49,42,7,44,45,86,47,48,21,50,51,53,13,54,55,6,57,58,59,2,0,62,46,64,10,66,117,68,20,70,71,72,65,74,75,67,77,78,79,80,81,82,83,84,85,76,87,88,89,73,91,92,93,94,95,96,97,98,99,100,101,102,103,104,105,106,107,108,109,110,111,112,113,114,115,116,34,118,119,120,121,122,123,90,125,126,127,128,129,130,131,132,133,134,135,136,137,138,139,140,141,142,143,144,145,146,147,148,149,150,151,152,153,154,155,156,157,158,159,160,161,162,163,164,165,166,167,168,169,170,171,172,173,174,175,176,177,178,179,180,181,182,183,184,185,186,187,188,189,190,191,192,193,194,195,196,197,198,199];False
7736;9090;16826;[54,52,11,3,26,43,18,30,25,9,4,1,12,32,14,15,124,8,16,19,61,41,22,23,24,69,5,27,28,56,63,31,29,33,17,35,36,37,38,39,40,49,42,7,44,45,60,47,48,21,50,51,53,13,86,55,6,57,58,59,2,0,62,46,64,10,66,117,68,20,70,71,72,65,74,75,67,77,78,79,80,81,82,83,84,85,76,87,88,89,73,91,92,93,94,95,96,97,98,99,100,101,102,103,104,105,106,107,108,109,110,111,112,113,114,115,116,34,118,119,120,121,122,123,90,125,126,127,128,129,130,131,132,133,134,135,136,137,138,139,140,141,142,143,144,145,146,147,148,149,150,151,152,153,154,155,156,157,158,159,160,161,162,163,164,165,166,167,168,169,170,171,172,173,174,175,176,177,178,179,180,181,182,183,184,185,186,187,188,189,190,191,192,193,194,195,196,197,198,199];False
7764;9068;16832;[6,52,11,3,26,43,18,30,25,9,4,1,12,32,14,15,124,8,16,19,61,41,22,23,24,69,5,27,28,56,63,31,29,33,17,35,36,37,38,39,40,49,42,7,44,45,60,47,48,21,50,51,53,13,54,55,86,57,58,59,2,0,62,46,64,10,66,117,68,20,70,71,72,65,74,75,67,77,78,79,80,81,82,83,84,85,76,87,88,89,73,91,92,93,94,95,96,97,98,99,100,101,102,103,104,105,106,107,108,109,110,111,112,113,114,115,116,34,118,119,120,121,122,123,90,125,126,127,128,129,130,131,132,133,134,135,136,137,138,139,140,141,142,143,144,145,146,147,148,149,150,151,152,153,154,155,156,157,158,159,160,161,162,163,164,165,166,167,168,169,170,171,172,173,174,175,176,177,178,179,180,181,182,183,184,185,186,187,188,189,190,191,192,193,194,195,196,197,198,199];False
7738;9066;16804;[46,52,11,3,26,43,18,30,25,9,4,1,12,32,14,15,124,8,16,19,61,41,22,23,24,69,5,27,28,56,63,31,29,33,17,35,36,37,38,39,40,49,42,7,44,45,60,47,48,21,50,51,53,13,54,55,6,57,58,59,2,0,62,86,64,10,66,117,68,20,70,71,72,65,74,75,67,77,78,79,80,81,82,83,84,85,76,87,88,89,73,91,92,93,94,95,96,97,98,99,100,101,102,103,104,105,106,107,108,109,110,111,112,113,114,115,116,34,118,119,120,121,122,123,90,125,126,127,128,129,130,131,132,133,134,135,136,137,138,139,140,141,142,143,144,145,146,147,148,149,150,151,152,153,154,155,156,157,158,159,160,161,162,163,164,165,166,167,168,169,170,171,172,173,174,175,176,177,178,179,180,181,182,183,184,185,186,187,188,189,190,191,192,193,194,195,196,197,198,199];False
8057;9022;17079;[25,117,11,3,26,43,18,30,8,9,38,1,12,32,14,15,20,65,16,19,61,41,22,23,24,69,5,27,28,56,63,31,29,33,17,35,36,93,46,39,40,49,42,7,44,45,60,47,48,21,50,51,53,13,54,55,6,57,58,59,2,0,62,52,64,10,66,67,68,37,70,71,72,90,74,75,76,77,78,79,80,81,82,83,84,85,86,87,88,89,4,91,73,92,94,95,96,97,98,99,100,101,102,103,104,105,106,107,108,109,110,111,112,113,114,115,116,34,118,119,120,121,122,123,124,125,126,127,128,129,130,131,132,133,134,135,136,137,138,139,140,141,142,143,144,145,146,147,148,149,150,151,152,153,154,155,156,157,158,159,160,161,162,163,164,165,166,167,168,169,170,171,172,173,174,175,176,177,178,179,180,181,182,183,184,185,186,187,188,189,190,191,192,193,194,195,196,197,198,199];False
8109;8978;17087;[74,117,11,3,26,43,18,30,8,9,38,1,12,32,14,15,20,65,16,19,61,41,22,23,24,25,5,27,28,56,63,31,29,33,17,35,36,93,46,39,40,49,42,7,44,45,60,47,48,21,50,51,53,13,54,55,6,57,58,59,2,0,62,52,64,10,66,67,68,37,70,71,72,90,69,75,76,77,78,79,80,81,82,83,84,85,86,87,88,89,4,91,73,92,94,95,96,97,98,99,100,101,102,103,104,105,106,107,108,109,110,111,112,113,114,115,116,34,118,119,120,121,122,123,124,125,126,127,128,129,130,131,132,133,134,135,136,137,138,139,140,141,142,143,144,145,146,147,148,149,150,151,152,153,154,155,156,157,158,159,160,161,162,163,164,165,166,167,168,169,170,171,172,173,174,175,176,177,178,179,180,181,182,183,184,185,186,187,188,189,190,191,192,193,194,195,196,197,198,199];False
8064;9010;17074;[84,117,11,3,26,43,18,30,8,9,38,1,12,32,14,15,20,65,16,19,61,41,22,23,24,25,5,27,28,56,63,31,29,33,17,35,36,93,46,39,40,49,42,7,44,45,60,47,48,21,50,51,53,13,54,55,6,57,58,59,2,0,62,52,64,10,66,67,68,37,70,71,72,90,74,75,76,77,78,79,80,81,82,83,69,85,86,87,88,89,4,91,73,92,94,95,96,97,98,99,100,101,102,103,104,105,106,107,108,109,110,111,112,113,114,115,116,34,118,119,120,121,122,123,124,125,126,127,128,129,130,131,132,133,134,135,136,137,138,139,140,141,142,143,144,145,146,147,148,149,150,151,152,153,154,155,156,157,158,159,160,161,162,163,164,165,166,167,168,169,170,171,172,173,174,175,176,177,178,179,180,181,182,183,184,185,186,187,188,189,190,191,192,193,194,195,196,197,198,199];False
8007;9016;17023;[94,117,11,3,26,43,18,30,8,9,38,1,12,32,14,15,20,65,16,19,61,41,22,23,24,25,5,27,28,56,63,31,29,33,17,35,36,93,46,39,40,49,42,7,44,45,60,47,48,21,50,51,53,13,54,55,6,57,58,59,2,0,62,52,64,10,66,67,68,37,70,71,72,90,74,75,76,77,78,79,80,81,82,83,84,85,86,87,88,89,4,91,73,92,69,95,96,97,98,99,100,101,102,103,104,105,106,107,108,109,110,111,112,113,114,115,116,34,118,119,120,121,122,123,124,125,126,127,128,129,130,131,132,133,134,135,136,137,138,139,140,141,142,143,144,145,146,147,148,149,150,151,152,153,154,155,156,157,158,159,160,161,162,163,164,165,166,167,168,169,170,171,172,173,174,175,176,177,178,179,180,181,182,183,184,185,186,187,188,189,190,191,192,193,194,195,196,197,198,199];False
8069;9001;17070;[37,117,11,3,26,43,18,30,8,9,69,1,12,32,14,15,20,65,16,19,61,41,22,23,24,25,5,27,28,56,63,31,29,33,17,35,36,93,38,39,40,49,42,7,44,45,60,47,48,21,50,51,53,13,54,55,6,57,58,59,2,0,62,52,64,10,66,67,68,140,70,71,72,90,74,75,76,77,78,79,80,81,46,83,84,85,86,87,88,89,4,91,73,92,94,95,96,97,98,99,100,101,102,103,104,105,106,107,108,109,110,111,112,113,114,115,116,34,118,119,120,121,122,123,124,125,126,127,128,129,130,131,132,133,134,135,136,137,138,139,82,141,142,143,144,145,146,147,148,149,150,151,152,153,154,155,156,157,158,159,160,161,162,163,164,165,166,167,168,169,170,171,172,173,174,175,176,177,178,179,180,181,182,183,184,185,186,187,188,189,190,191,192,193,194,195,196,197,198,199];False
8173;8977;17150;[92,117,11,3,26,43,18,30,8,9,69,1,12,32,14,15,20,65,16,19,61,41,22,23,24,25,5,27,28,56,63,31,29,33,17,35,36,93,38,39,40,49,42,7,44,45,60,47,48,21,50,51,53,13,54,55,6,57,58,59,2,0,62,52,64,10,66,67,68,37,70,71,72,90,74,75,76,77,78,79,80,81,46,83,84,85,86,87,88,89,4,91,73,174,94,95,96,97,98,99,100,101,102,103,104,105,106,107,108,109,110,111,112,113,114,115,116,34,118,119,120,121,122,123,124,125,126,127,128,129,130,131,132,133,134,135,136,137,138,139,140,141,142,143,144,145,146,147,148,149,150,151,152,153,154,155,156,157,158,159,160,161,162,163,164,165,166,167,168,169,170,171,172,173,82,175,176,177,178,179,180,181,182,183,184,185,186,187,188,189,190,191,192,193,194,195,196,197,198,199];False
8205;8969;17174;[20,117,11,3,26,43,18,30,8,9,69,1,12,32,14,15,194,65,16,19,61,41,22,23,24,25,5,27,28,56,63,31,29,33,17,35,36,93,38,39,40,49,42,7,44,45,60,47,48,21,50,51,53,13,54,55,6,57,58,59,2,0,62,52,64,10,66,67,68,37,70,71,72,90,74,75,76,77,78,79,80,81,46,83,84,85,86,87,88,89,4,91,73,92,94,95,96,97,98,99,100,101,102,103,104,105,106,107,108,109,110,111,112,113,114,115,116,34,118,119,120,121,122,123,124,125,126,127,128,129,130,131,132,133,134,135,136,137,138,139,140,141,142,143,144,145,146,147,148,149,150,151,152,153,154,155,156,157,158,159,160,161,162,163,164,165,166,167,168,169,170,171,172,173,174,175,176,177,178,179,180,181,182,183,184,185,186,187,188,189,190,191,192,193,82,195,196,197,198,199];False
8097;8969;17066;[106,117,11,3,26,43,18,30,8,9,69,1,12,32,14,15,20,65,16,19,61,41,22,23,24,25,5,27,28,56,63,31,29,33,17,35,36,93,38,39,40,49,42,7,44,45,60,47,48,21,50,51,53,13,54,55,6,57,58,59,2,0,62,52,64,10,66,67,68,37,70,71,72,90,74,75,76,77,78,79,80,81,46,83,84,85,86,87,88,89,4,91,73,92,94,95,96,97,98,99,100,101,102,103,104,105,194,107,108,109,110,111,112,113,114,115,116,34,118,119,120,121,122,123,124,125,126,127,128,129,130,131,132,133,134,135,136,137,138,139,140,141,142,143,144,145,146,147,148,149,150,151,152,153,154,155,156,157,158,159,160,161,162,163,164,165,166,167,168,169,170,171,172,173,174,175,176,177,178,179,180,181,182,183,184,185,186,187,188,189,190,191,192,193,82,195,196,197,198,199];False
7579;9215;16794;[14,52,93,3,26,43,18,30,124,9,4,1,12,32,10,15,16,60,64,19,25,41,22,23,24,69,5,27,28,56,63,31,29,33,17,35,36,37,38,39,40,49,42,7,44,45,86,47,48,21,50,51,0,11,54,55,6,57,58,59,2,61,62,67,13,46,66,34,68,20,70,71,72,65,74,75,76,77,53,79,80,81,82,83,84,85,109,87,88,89,73,91,92,8,94,95,96,97,98,99,100,101,102,103,104,105,106,107,108,78,110,111,112,113,114,115,116,117,118,119,120,121,122,123,90,125,126,127,128,129,130,131,132,133,134,135,136,137,138,139,140,141,142,143,144,145,146,147,148,149,150,151,152,153,154,155,156,157,158,159,160,161,162,163,164,165,166,167,168,169,170,171,172,173,174,175,176,177,178,179,180,181,182,183,184,185,186,187,188,189,190,191,192,193,194,195,196,197,198,199];False
7557;9263;16820;[21,52,93,3,26,43,18,30,124,9,4,1,12,32,14,15,16,60,64,19,25,41,22,23,24,69,5,27,28,56,63,31,29,33,17,35,36,37,38,39,40,49,42,7,44,45,86,47,48,10,50,51,0,11,54,55,6,57,58,59,2,61,62,67,13,46,66,34,68,20,70,71,72,65,74,75,76,77,53,79,80,81,82,83,84,85,109,87,88,89,73,91,92,8,94,95,96,97,98,99,100,101,102,103,104,105,106,107,108,78,110,111,112,113,114,115,116,117,118,119,120,121,122,123,90,125,126,127,128,129,130,131,132,133,134,135,136,137,138,139,140,141,142,143,144,145,146,147,148,149,150,151,152,153,154,155,156,157,158,159,160,161,162,163,164,165,166,167,168,169,170,171,172,173,174,175,176,177,178,179,180,181,182,183,184,185,186,187,188,189,190,191,192,193,194,195,196,197,198,199];False
7557;9251;16808;[11,52,93,3,26,43,18,30,124,9,4,1,12,32,14,15,16,60,64,19,25,41,22,23,24,69,5,27,28,56,63,31,29,33,17,35,36,37,38,39,40,49,42,7,44,45,86,47,48,21,50,51,0,10,54,55,6,57,58,59,2,61,62,67,13,46,66,34,68,20,70,71,72,65,74,75,76,77,53,79,80,81,82,83,84,85,109,87,88,89,73,91,92,8,94,95,96,97,98,99,100,101,102,103,104,105,106,107,108,78,110,111,112,113,114,115,116,117,118,119,120,121,122,123,90,125,126,127,128,129,130,131,132,133,134,135,136,137,138,139,140,141,142,143,144,145,146,147,148,149,150,151,152,153,154,155,156,157,158,159,160,161,162,163,164,165,166,167,168,169,170,171,172,173,174,175,176,177,178,179,180,181,182,183,184,185,186,187,188,189,190,191,192,193,194,195,196,197,198,199];False
7544;9248;16792;[61,52,93,3,26,43,18,30,124,9,4,1,12,32,14,15,16,60,64,19,25,41,22,23,24,69,5,27,28,56,63,31,29,33,17,35,36,37,38,39,40,49,42,7,44,45,86,47,48,21,50,51,0,11,54,55,6,57,58,59,2,10,62,67,13,46,66,34,68,20,70,71,72,65,74,75,76,77,53,79,80,81,82,83,84,85,109,87,88,89,73,91,92,8,94,95,96,97,98,99,100,101,102,103,104,105,106,107,108,78,110,111,112,113,114,115,116,117,118,119,120,121,122,123,90,125,126,127,128,129,130,131,132,133,134,135,136,137,138,139,140,141,142,143,144,145,146,147,148,149,150,151,152,153,154,155,156,157,158,159,160,161,162,163,164,165,166,167,168,169,170,171,172,173,174,175,176,177,178,179,180,181,182,183,184,185,186,187,188,189,190,191,192,193,194,195,196,197,198,199];False
7668;9195;16863;[67,52,93,3,26,43,18,30,124,9,4,1,12,32,14,15,16,60,64,19,25,41,22,23,24,69,5,27,28,56,63,31,29,33,17,35,36,37,38,39,40,49,42,7,44,45,86,47,48,21,50,51,0,11,54,55,6,57,58,59,2,61,62,10,13,46,66,34,68,20,70,71,72,65,74,75,76,77,53,79,80,81,82,83,84,85,109,87,88,89,73,91,92,8,94,95,96,97,98,99,100,101,102,103,104,105,106,107,108,78,110,111,112,113,114,115,116,117,118,119,120,121,122,123,90,125,126,127,128,129,130,131,132,133,134,135,136,137,138,139,140,141,142,143,144,145,146,147,148,149,150,151,152,153,154,155,156,157,158,159,160,161,162,163,164,165,166,167,168,169,170,171,172,173,174,175,176,177,178,179,180,181,182,183,184,185,186,187,188,189,190,191,192,193,194,195,196,197,198,199];False
7660;9177;16837;[34,52,93,3,26,43,18,30,124,9,4,1,12,32,14,15,16,60,64,19,25,41,22,23,24,69,5,27,28,56,63,31,29,33,17,35,36,37,38,39,40,49,42,7,44,45,86,47,48,21,50,51,0,11,54,55,6,57,58,59,2,61,62,67,13,46,66,10,68,20,70,71,72,65,74,75,76,77,53,79,80,81,82,83,84,85,109,87,88,89,73,91,92,8,94,95,96,97,98,99,100,101,102,103,104,105,106,107,108,78,110,111,112,113,114,115,116,117,118,119,120,121,122,123,90,125,126,127,128,129,130,131,132,133,134,135,136,137,138,139,140,141,142,143,144,145,146,147,148,149,150,151,152,153,154,155,156,157,158,159,160,161,162,163,164,165,166,167,168,169,170,171,172,173,174,175,176,177,178,179,180,181,182,183,184,185,186,187,188,189,190,191,192,193,194,195,196,197,198,199];False
7553;9236;16789;[76,52,93,3,26,43,18,30,124,9,4,1,12,32,14,15,16,60,64,19,25,41,22,23,24,69,5,27,28,56,63,31,29,33,17,35,36,37,38,39,40,49,42,7,44,45,86,47,48,21,50,51,0,11,54,55,6,57,58,59,2,61,62,67,13,46,66,34,68,20,70,71,72,65,74,75,10,77,53,79,80,81,82,83,84,85,109,87,88,89,73,91,92,8,94,95,96,97,98,99,100,101,102,103,104,105,106,107,108,78,110,111,112,113,114,115,116,117,118,119,120,121,122,123,90,125,126,127,128,129,130,131,132,133,134,135,136,137,138,139,140,141,142,143,144,145,146,147,148,149,150,151,152,153,154,155,156,157,158,159,160,161,162,163,164,165,166,167,168,169,170,171,172,173,174,175,176,177,178,179,180,181,182,183,184,185,186,187,188,189,190,191,192,193,194,195,196,197,198,199];False
7562;9224;16786;[77,52,93,3,26,43,18,30,124,9,4,1,12,32,14,15,16,60,64,19,25,41,22,23,24,69,5,27,28,56,63,31,29,33,17,35,36,37,38,39,40,49,42,7,44,45,86,47,48,21,50,51,0,11,54,55,6,57,58,59,2,61,62,67,13,46,66,34,68,20,70,71,72,65,74,75,76,10,53,79,80,81,82,83,84,85,109,87,88,89,73,91,92,8,94,95,96,97,98,99,100,101,102,103,104,105,106,107,108,78,110,111,112,113,114,115,116,117,118,119,120,121,122,123,90,125,126,127,128,129,130,131,132,133,134,135,136,137,138,139,140,141,142,143,144,145,146,147,148,149,150,151,152,153,154,155,156,157,158,159,160,161,162,163,164,165,166,167,168,169,170,171,172,173,174,175,176,177,178,179,180,181,182,183,184,185,186,187,188,189,190,191,192,193,194,195,196,197,198,199];False
7670;9168;16838;[19,52,93,3,26,43,18,30,124,9,4,1,12,32,14,15,16,60,64,86,25,41,22,23,24,69,5,27,28,56,63,31,29,33,17,35,36,37,38,39,40,49,42,7,44,45,10,47,48,21,50,51,0,11,54,55,6,57,58,59,2,61,62,67,13,46,66,34,68,20,70,71,72,65,74,75,76,77,53,79,80,81,82,83,84,85,92,87,88,89,73,91,109,8,94,95,96,97,98,99,100,101,102,103,104,105,106,107,108,78,110,111,112,113,114,115,116,117,118,119,120,121,122,123,90,125,126,127,128,129,130,131,132,133,134,135,136,137,138,139,140,141,142,143,144,145,146,147,148,149,150,151,152,153,154,155,156,157,158,159,160,161,162,163,164,165,166,167,168,169,170,171,172,173,174,175,176,177,178,179,180,181,182,183,184,185,186,187,188,189,190,191,192,193,194,195,196,197,198,199];False
7519;9211;16730;[10,52,93,3,26,43,18,30,124,9,4,1,12,32,14,15,16,60,64,19,25,41,22,23,24,69,5,27,28,56,63,31,29,33,17,35,36,37,38,39,40,49,42,7,44,45,86,47,48,21,50,51,0,11,54,55,6,57,58,59,2,61,62,67,13,46,66,34,68,20,70,71,72,65,74,75,76,77,53,79,80,81,82,83,84,85,92,87,88,89,73,91,109,8,94,95,96,97,98,99,100,101,102,103,104,105,106,107,108,78,110,111,112,113,114,115,116,117,118,119,120,121,122,123,90,125,126,127,128,129,130,131,132,133,134,135,136,137,138,139,140,141,142,143,144,145,146,147,148,149,150,151,152,153,154,155,156,157,158,159,160,161,162,163,164,165,166,167,168,169,170,171,172,173,174,175,176,177,178,179,180,181,182,183,184,185,186,187,188,189,190,191,192,193,194,195,196,197,198,199];False
7636;9193;16829;[6,52,93,3,26,43,18,30,124,9,4,1,12,32,14,15,16,60,64,19,25,41,22,23,24,69,5,27,28,56,63,31,29,33,17,35,36,37,38,39,40,49,42,7,44,45,10,47,48,21,50,51,0,11,54,55,86,57,58,59,2,61,62,67,13,46,66,34,68,20,70,71,72,65,74,75,76,77,53,79,80,81,82,83,84,85,92,87,88,89,73,91,109,8,94,95,96,97,98,99,100,101,102,103,104,105,106,107,108,78,110,111,112,113,114,115,116,117,118,119,120,121,122,123,90,125,126,127,128,129,130,131,132,133,134,135,136,137,138,139,140,141,142,143,144,145,146,147,148,149,150,151,152,153,154,155,156,157,158,159,160,161,162,163,164,165,166,167,168,169,170,171,172,173,174,175,176,177,178,179,180,181,182,183,184,185,186,187,188,189,190,191,192,193,194,195,196,197,198,199];False
7586;9200;16786;[61,52,93,3,26,43,18,30,124,9,4,1,12,32,14,15,16,60,64,19,25,41,22,23,24,69,5,27,28,56,63,31,29,33,17,35,36,37,38,39,40,49,42,7,44,45,10,47,48,21,50,51,0,11,54,55,6,57,58,59,2,86,62,67,13,46,66,34,68,20,70,71,72,65,74,75,76,77,53,79,80,81,82,83,84,85,92,87,88,89,73,91,109,8,94,95,96,97,98,99,100,101,102,103,104,105,106,107,108,78,110,111,112,113,114,115,116,117,118,119,120,121,122,123,90,125,126,127,128,129,130,131,132,133,134,135,136,137,138,139,140,141,142,143,144,145,146,147,148,149,150,151,152,153,154,155,156,157,158,159,160,161,162,163,164,165,166,167,168,169,170,171,172,173,174,175,176,177,178,179,180,181,182,183,184,185,186,187,188,189,190,191,192,193,194,195,196,197,198,199];False
7645;9168;16813;[109,52,93,3,26,43,18,30,124,9,4,1,12,32,14,15,16,60,64,19,25,41,22,23,24,69,5,27,28,56,63,31,29,33,17,35,36,37,38,39,40,49,42,7,44,45,10,47,48,21,50,51,0,11,54,55,6,57,58,59,2,61,62,67,13,46,66,117,68,20,70,71,72,65,74,75,76,77,53,79,80,81,82,83,84,85,86,87,88,89,73,91,92,8,94,95,96,97,98,99,100,101,102,103,104,105,106,107,108,78,110,111,112,113,114,115,116,34,118,119,120,121,122,123,90,125,126,127,128,129,130,131,132,133,134,135,136,137,138,139,140,141,142,143,144,145,146,147,148,149,150,151,152,153,154,155,156,157,158,159,160,161,162,163,164,165,166,167,168,169,170,171,172,173,174,175,176,177,178,179,180,181,182,183,184,185,186,187,188,189,190,191,192,193,194,195,196,197,198,199];False
7579;9198;16777;[121,52,93,3,26,43,18,30,124,9,4,1,12,32,14,15,16,60,64,19,25,41,22,23,24,69,5,27,28,56,63,31,29,33,17,35,36,37,38,39,40,49,42,7,44,45,10,47,48,21,50,51,0,11,54,55,6,57,58,59,2,61,62,67,13,46,66,117,68,20,70,71,72,65,74,75,76,77,53,79,80,81,82,83,84,85,86,87,88,89,73,91,92,8,94,95,96,97,98,99,100,101,102,103,104,105,106,107,108,78,110,111,112,113,114,115,116,109,118,119,120,34,122,123,90,125,126,127,128,129,130,131,132,133,134,135,136,137,138,139,140,141,142,143,144,145,146,147,148,149,150,151,152,153,154,155,156,157,158,159,160,161,162,163,164,165,166,167,168,169,170,171,172,173,174,175,176,177,178,179,180,181,182,183,184,185,186,187,188,189,190,191,192,193,194,195,196,197,198,199];False
7615;9194;16809;[140,52,93,3,26,43,18,30,124,9,4,1,12,32,14,15,16,60,64,19,25,41,22,23,24,69,5,27,28,56,63,31,29,33,17,35,36,37,38,39,40,49,42,7,44,45,10,47,48,21,50,51,0,11,54,55,6,57,58,59,2,61,62,67,13,46,66,117,68,20,70,71,72,65,74,75,76,77,53,79,80,81,82,83,84,85,86,87,88,89,73,91,92,8,94,95,96,97,98,99,100,101,102,103,104,105,106,107,108,78,110,111,112,113,114,115,116,109,118,119,120,121,122,123,90,125,126,127,128,129,130,131,132,133,134,135,136,137,138,139,34,141,142,143,144,145,146,147,148,149,150,151,152,153,154,155,156,157,158,159,160,161,162,163,164,165,166,167,168,169,170,171,172,173,174,175,176,177,178,179,180,181,182,183,184,185,186,187,188,189,190,191,192,193,194,195,196,197,198,199];False
7601;9174;16775;[146,52,93,3,26,43,18,30,124,9,4,1,12,32,14,15,16,60,64,19,25,41,22,23,24,69,5,27,28,56,63,31,29,33,17,35,36,37,38,39,40,49,42,7,44,45,10,47,48,21,50,51,0,11,54,55,6,57,58,59,2,61,62,67,13,46,66,117,68,20,70,71,72,65,74,75,76,77,53,79,80,81,82,83,84,85,86,87,88,89,73,91,92,8,94,95,96,97,98,99,100,101,102,103,104,105,106,107,108,78,110,111,112,113,114,115,116,109,118,119,120,121,122,123,90,125,126,127,128,129,130,131,132,133,134,135,136,137,138,139,140,141,142,143,144,145,34,147,148,149,150,151,152,153,154,155,156,157,158,159,160,161,162,163,164,165,166,167,168,169,170,171,172,173,174,175,176,177,178,179,180,181,182,183,184,185,186,187,188,189,190,191,192,193,194,195,196,197,198,199];False
7585;9182;16767;[149,52,93,3,26,43,18,30,124,9,4,1,12,32,14,15,16,60,64,19,25,41,22,23,24,69,5,27,28,56,63,31,29,33,17,35,36,37,38,39,40,49,42,7,44,45,10,47,48,21,50,51,0,11,54,55,6,57,58,59,2,61,62,67,13,46,66,117,68,20,70,71,72,65,74,75,76,77,53,79,80,81,82,83,84,85,86,87,88,89,73,91,92,8,94,95,96,97,98,99,100,101,102,103,104,105,106,107,108,78,110,111,112,113,114,115,116,109,118,119,120,121,122,123,90,125,126,127,128,129,130,131,132,133,134,135,136,137,138,139,140,141,142,143,144,145,146,147,148,34,150,151,152,153,154,155,156,157,158,159,160,161,162,163,164,165,166,167,168,169,170,171,172,173,174,175,176,177,178,179,180,181,182,183,184,185,186,187,188,189,190,191,192,193,194,195,196,197,198,199];False
7564;9180;16744;[151,52,93,3,26,43,18,30,124,9,4,1,12,32,14,15,16,60,64,19,25,41,22,23,24,69,5,27,28,56,63,31,29,33,17,35,36,37,38,39,40,49,42,7,44,45,10,47,48,21,50,51,0,11,54,55,6,57,58,59,2,61,62,67,13,46,66,117,68,20,70,71,72,65,74,75,76,77,53,79,80,81,82,83,84,85,86,87,88,89,73,91,92,8,94,95,96,97,98,99,100,101,102,103,104,105,106,107,108,78,110,111,112,113,114,115,116,109,118,119,120,121,122,123,90,125,126,127,128,129,130,131,132,133,134,135,136,137,138,139,140,141,142,143,144,145,146,147,148,149,150,34,152,153,154,155,156,157,158,159,160,161,162,163,164,165,166,167,168,169,170,171,172,173,174,175,176,177,178,179,180,181,182,183,184,185,186,187,188,189,190,191,192,193,194,195,196,197,198,199];False
7618;9172;16790;[154,52,93,3,26,43,18,30,124,9,4,1,12,32,14,15,16,60,64,19,25,41,22,23,24,69,5,27,28,56,63,31,29,33,17,35,36,37,38,39,40,49,42,7,44,45,10,47,48,21,50,51,0,11,54,55,6,57,58,59,2,61,62,67,13,46,66,117,68,20,70,71,72,65,74,75,76,77,53,79,80,81,82,83,84,85,86,87,88,89,73,91,92,8,94,95,96,97,98,99,100,101,102,103,104,105,106,107,108,78,110,111,112,113,114,115,116,109,118,119,120,121,122,123,90,125,126,127,128,129,130,131,132,133,134,135,136,137,138,139,140,141,142,143,144,145,146,147,148,149,150,151,152,153,34,155,156,157,158,159,160,161,162,163,164,165,166,167,168,169,170,171,172,173,174,175,176,177,178,179,180,181,182,183,184,185,186,187,188,189,190,191,192,193,194,195,196,197,198,199];False
7651;9162;16813;[158,52,93,3,26,43,18,30,124,9,4,1,12,32,14,15,16,60,64,19,25,41,22,23,24,69,5,27,28,56,63,31,29,33,17,35,36,37,38,39,40,49,42,7,44,45,10,47,48,21,50,51,0,11,54,55,6,57,58,59,2,61,62,67,13,46,66,117,68,20,70,71,72,65,74,75,76,77,53,79,80,81,82,83,84,85,86,87,88,89,73,91,92,8,94,95,96,97,98,99,100,101,102,103,104,105,106,107,108,78,110,111,112,113,114,115,116,109,118,119,120,121,122,123,90,125,126,127,128,129,130,131,132,133,134,135,136,137,138,139,140,141,142,143,144,145,146,147,148,149,150,151,152,153,154,155,156,157,34,159,160,161,162,163,164,165,166,167,168,169,170,171,172,173,174,175,176,177,178,179,180,181,182,183,184,185,186,187,188,189,190,191,192,193,194,195,196,197,198,199];False
7548;9197;16745;[185,52,93,3,26,43,18,30,124,9,4,1,12,32,14,15,16,60,64,19,25,41,22,23,24,69,5,27,28,56,63,31,29,33,17,35,36,37,38,39,40,49,42,7,44,45,10,47,48,21,50,51,0,11,54,55,6,57,58,59,2,61,62,67,13,46,66,117,68,20,70,71,72,65,74,75,76,77,53,79,80,81,82,83,84,85,86,87,88,89,73,91,92,8,94,95,96,97,98,99,100,101,102,103,104,105,106,107,108,78,110,111,112,113,114,115,116,109,118,119,120,121,122,123,90,125,126,127,128,129,130,131,132,133,134,135,136,137,138,139,140,141,142,143,144,145,146,147,148,149,150,151,152,153,154,155,156,157,158,159,160,161,162,163,164,165,166,167,168,169,170,171,172,173,174,175,176,177,178,179,180,181,182,183,184,34,186,187,188,189,190,191,192,193,194,195,196,197,198,199];False
7672;9160;16832;[199,52,93,3,26,43,18,30,124,9,4,1,12,32,14,15,16,60,64,19,25,41,22,23,24,69,5,27,28,56,63,31,29,33,17,35,36,37,38,39,40,49,42,7,44,45,10,47,48,21,50,51,0,11,54,55,6,57,58,59,2,61,62,67,13,46,66,117,68,20,70,71,72,65,74,75,76,77,53,79,80,81,82,83,84,85,86,87,88,89,73,91,92,8,94,95,96,97,98,99,100,101,102,103,104,105,106,107,108,78,110,111,112,113,114,115,116,109,118,119,120,121,122,123,90,125,126,127,128,129,130,131,132,133,134,135,136,137,138,139,140,141,142,143,144,145,146,147,148,149,150,151,152,153,154,155,156,157,158,159,160,161,162,163,164,165,166,167,168,169,170,171,172,173,174,175,176,177,178,179,180,181,182,183,184,185,186,187,188,189,190,191,192,193,194,195,196,197,198,34];False
7693;9157;16850;[34,4,93,3,26,43,18,30,124,9,52,1,12,32,14,15,16,60,64,19,25,41,22,23,24,69,5,27,28,56,63,31,29,33,17,35,36,37,38,39,40,49,42,7,44,45,10,47,48,21,50,51,0,11,54,55,6,57,58,59,2,61,62,67,13,46,66,117,68,20,70,71,72,65,74,75,76,77,53,79,80,81,82,83,84,85,86,87,88,89,73,91,92,8,94,95,96,97,98,99,100,101,102,103,104,105,106,107,108,78,110,111,112,113,114,115,116,109,118,119,120,121,122,123,90,125,126,127,128,129,130,131,132,133,134,135,136,137,138,139,140,141,142,143,144,145,146,147,148,149,150,151,152,153,154,155,156,157,158,159,160,161,162,163,164,165,166,167,168,169,170,171,172,173,174,175,176,177,178,179,180,181,182,183,184,185,186,187,188,189,190,191,192,193,194,195,196,197,198,199];False
8427;8929;17356;[46,117,11,3,26,43,18,30,25,9,69,1,12,32,14,15,65,8,16,19,61,41,22,23,24,82,5,27,28,56,63,31,29,33,20,35,36,37,38,39,40,49,42,7,44,45,60,47,48,21,50,51,53,13,54,55,6,57,58,59,2,0,62,52,64,10,66,67,68,17,70,71,72,73,74,75,76,77,78,79,80,81,107,83,84,85,86,87,88,89,4,91,90,93,94,95,96,97,98,99,100,101,102,103,104,105,106,92,108,109,110,111,112,113,114,115,116,34,118,119,120,121,122,123,124,125,126,127,128,129,130,131,132,133,134,135,136,137,138,139,140,141,142,143,144,145,146,147,148,149,150,151,152,153,154,155,156,157,158,159,160,161,162,163,164,165,166,167,168,169,170,171,172,173,174,175,176,177,178,179,180,181,182,183,184,185,186,187,188,189,190,191,192,193,194,195,196,197,198,199];False
8321;8946;17267;[34,46,11,3,26,43,18,30,25,9,69,1,12,32,14,15,65,8,16,19,61,41,22,23,24,198,5,27,28,56,63,31,29,33,20,35,36,37,38,39,40,49,42,7,44,45,60,47,48,21,50,51,53,13,54,55,6,57,58,59,2,0,62,52,64,10,66,67,68,17,70,71,72,73,74,75,76,77,78,79,80,81,107,83,84,85,86,87,88,89,4,91,90,93,94,95,96,97,98,99,100,101,102,103,104,105,106,92,108,109,110,111,112,113,114,115,116,117,118,119,120,121,122,123,124,125,126,127,128,129,130,131,132,133,134,135,136,137,138,139,140,141,142,143,144,145,146,147,148,149,150,151,152,153,154,155,156,157,158,159,160,161,162,163,164,165,166,167,168,169,170,171,172,173,82,175,176,177,178,179,180,181,182,183,184,185,186,187,188,189,190,191,192,193,194,195,196,197,174,199];False
8266;8943;17209;[106,46,11,3,26,43,18,30,25,9,69,1,12,32,14,15,65,8,16,19,61,41,22,23,24,34,5,27,28,56,63,31,29,33,20,35,36,37,38,39,40,49,42,7,44,45,60,47,48,21,50,51,53,13,54,55,6,57,58,59,2,0,62,52,64,10,66,67,68,17,70,71,72,73,74,75,76,77,78,79,80,81,107,83,84,85,86,87,88,89,4,91,90,93,94,95,96,97,98,99,100,101,102,103,104,105,198,92,108,109,110,111,112,113,114,115,116,117,118,119,120,121,122,123,124,125,126,127,128,129,130,131,132,133,134,135,136,137,138,139,140,141,142,143,144,145,146,147,148,149,150,151,152,153,154,155,156,157,158,159,160,161,162,163,164,165,166,167,168,169,170,171,172,173,82,175,176,177,178,179,180,181,182,183,184,185,186,187,188,189,190,191,192,193,194,195,196,197,174,199];False
8416;8934;17350;[198,19,11,3,26,43,18,30,25,9,69,1,12,32,14,15,65,8,16,46,61,41,22,23,24,34,5,27,28,56,63,31,29,33,20,35,36,37,38,39,40,49,42,7,44,45,60,47,48,21,50,51,53,13,54,55,6,57,58,59,2,0,62,52,64,10,66,67,68,17,70,71,72,73,74,75,76,77,78,79,80,81,107,83,84,85,86,87,88,89,4,91,90,93,94,95,96,97,98,99,100,101,102,103,104,105,106,92,108,109,110,111,112,113,114,115,116,117,118,119,120,121,122,123,124,125,126,127,128,129,130,131,132,133,134,135,136,137,138,139,140,141,142,143,144,145,146,147,148,149,150,151,152,153,154,155,156,157,158,159,160,161,162,163,164,165,166,167,168,169,170,171,172,173,82,175,176,177,178,179,180,181,182,183,184,185,186,187,188,189,190,191,192,193,194,195,196,197,174,199];False
8402;8940;17342;[198,23,11,3,26,43,18,30,25,9,69,1,12,32,14,15,65,8,16,19,61,41,22,46,24,34,5,27,28,56,63,31,29,33,20,35,36,37,38,39,40,49,42,7,44,45,60,47,48,21,50,51,53,13,54,55,6,57,58,59,2,0,62,52,64,10,66,67,68,17,70,71,72,73,74,75,76,77,78,79,80,81,107,83,84,85,86,87,88,89,4,91,90,93,94,95,96,97,98,99,100,101,102,103,104,105,106,92,108,109,110,111,112,113,114,115,116,117,118,119,120,121,122,123,124,125,126,127,128,129,130,131,132,133,134,135,136,137,138,139,140,141,142,143,144,145,146,147,148,149,150,151,152,153,154,155,156,157,158,159,160,161,162,163,164,165,166,167,168,169,170,171,172,173,82,175,176,177,178,179,180,181,182,183,184,185,186,187,188,189,190,191,192,193,194,195,196,197,174,199];False
8391;8933;17324;[198,10,11,3,26,43,18,30,25,9,69,1,12,32,14,15,65,8,16,19,61,41,22,23,24,34,5,27,28,56,63,31,29,33,20,35,36,37,38,39,40,49,42,7,44,45,60,47,48,21,50,51,53,13,54,55,6,57,58,59,2,0,62,52,64,46,66,67,68,17,70,71,72,73,74,75,76,77,78,79,80,81,107,83,84,85,86,87,88,89,4,91,90,93,94,95,96,97,98,99,100,101,102,103,104,105,106,92,108,109,110,111,112,113,114,115,116,117,118,119,120,121,122,123,124,125,126,127,128,129,130,131,132,133,134,135,136,137,138,139,140,141,142,143,144,145,146,147,148,149,150,151,152,153,154,155,156,157,158,159,160,161,162,163,164,165,166,167,168,169,170,171,172,173,82,175,176,177,178,179,180,181,182,183,184,185,186,187,188,189,190,191,192,193,194,195,196,197,174,199];False
8261;8949;17210;[198,72,11,3,26,43,18,30,25,9,69,1,12,32,14,15,65,8,16,19,61,41,22,23,24,34,5,27,28,56,63,31,29,33,20,35,36,37,38,39,40,49,42,7,44,45,60,47,48,21,50,51,53,13,54,55,6,57,58,59,2,0,62,52,64,10,66,67,68,17,70,71,46,73,74,75,76,77,78,79,80,81,107,83,84,85,86,87,88,89,4,91,90,93,94,95,96,97,98,99,100,101,102,103,104,105,106,92,108,109,110,111,112,113,114,115,116,117,118,119,120,121,122,123,124,125,126,127,128,129,130,131,132,133,134,135,136,137,138,139,140,141,142,143,144,145,146,147,148,149,150,151,152,153,154,155,156,157,158,159,160,161,162,163,164,165,166,167,168,169,170,171,172,173,82,175,176,177,178,179,180,181,182,183,184,185,186,187,188,189,190,191,192,193,194,195,196,197,174,199];False
8361;8940;17301;[198,78,11,3,26,43,18,30,25,9,69,1,12,32,14,15,65,8,16,19,61,41,22,23,24,34,5,27,28,56,63,31,29,33,20,35,36,37,38,39,40,49,42,7,44,45,60,47,48,21,50,51,53,13,54,55,6,57,58,59,2,0,62,52,64,10,66,67,68,17,70,71,72,73,74,75,76,77,46,79,80,81,107,83,84,85,86,87,88,89,4,91,90,93,94,95,96,97,98,99,100,101,102,103,104,105,106,92,108,109,110,111,112,113,114,115,116,117,118,119,120,121,122,123,124,125,126,127,128,129,130,131,132,133,134,135,136,137,138,139,140,141,142,143,144,145,146,147,148,149,150,151,152,153,154,155,156,157,158,159,160,161,162,163,164,165,166,167,168,169,170,171,172,173,82,175,176,177,178,179,180,181,182,183,184,185,186,187,188,189,190,191,192,193,194,195,196,197,174,199];False
8207;8952;17159;[198,81,11,3,26,43,18,30,25,9,69,1,12,32,14,15,65,8,16,19,61,41,22,23,24,34,5,27,28,56,63,31,29,33,20,35,36,37,38,39,40,49,42,7,44,45,60,47,48,21,50,51,53,13,54,55,6,57,58,59,2,0,62,52,64,10,66,67,68,17,70,71,72,73,74,75,76,77,78,79,80,46,107,83,84,85,86,87,88,89,4,91,90,93,94,95,96,97,98,99,100,101,102,103,104,105,106,92,108,109,110,111,112,113,114,115,116,117,118,119,120,121,122,123,124,125,126,127,128,129,130,131,132,133,134,135,136,137,138,139,140,141,142,143,144,145,146,147,148,149,150,151,152,153,154,155,156,157,158,159,160,161,162,163,164,165,166,167,168,169,170,171,172,173,82,175,176,177,178,179,180,181,182,183,184,185,186,187,188,189,190,191,192,193,194,195,196,197,174,199];False
7788;9038;16826;[63,52,11,3,26,43,18,30,25,9,4,1,12,32,14,15,124,8,16,19,61,41,22,23,24,69,5,27,28,56,92,31,29,33,17,35,36,37,38,39,40,49,42,7,44,45,60,47,48,21,50,51,53,13,54,55,6,57,58,59,2,0,62,46,64,10,66,117,68,20,70,71,72,65,74,75,67,77,76,79,80,81,82,83,84,85,86,87,88,89,73,91,78,93,94,95,96,97,98,99,100,101,102,103,104,105,106,107,108,109,110,111,112,113,114,115,116,34,118,119,120,121,122,123,90,125,126,127,128,129,130,131,132,133,134,135,136,137,138,139,140,141,142,143,144,145,146,147,148,149,150,151,152,153,154,155,156,157,158,159,160,161,162,163,164,165,166,167,168,169,170,171,172,173,174,175,176,177,178,179,180,181,182,183,184,185,186,187,188,189,190,191,192,193,194,195,196,197,198,199];False
7779;9064;16843;[33,52,11,3,26,43,18,30,25,9,4,1,12,32,14,15,124,8,16,19,61,41,22,23,24,69,5,27,28,56,63,31,29,92,17,35,36,37,38,39,40,49,42,7,44,45,60,47,48,21,50,51,53,13,54,55,6,57,58,59,2,0,62,46,64,10,66,117,68,20,70,71,72,65,74,75,67,77,76,79,80,81,82,83,84,85,86,87,88,89,73,91,78,93,94,95,96,97,98,99,100,101,102,103,104,105,106,107,108,109,110,111,112,113,114,115,116,34,118,119,120,121,122,123,90,125,126,127,128,129,130,131,132,133,134,135,136,137,138,139,140,141,142,143,144,145,146,147,148,149,150,151,152,153,154,155,156,157,158,159,160,161,162,163,164,165,166,167,168,169,170,171,172,173,174,175,176,177,178,179,180,181,182,183,184,185,186,187,188,189,190,191,192,193,194,195,196,197,198,199];False
7882;9018;16900;[50,52,11,3,26,43,18,30,25,9,4,1,12,32,14,15,124,8,16,19,61,41,22,23,24,69,5,27,28,56,63,31,29,33,17,35,36,37,38,39,40,49,42,7,44,45,60,47,48,21,92,51,53,13,54,55,6,57,58,59,2,0,62,46,64,10,66,117,68,20,70,71,72,65,74,75,67,77,76,79,80,81,82,83,84,85,86,87,88,89,73,91,78,93,94,95,96,97,98,99,100,101,102,103,104,105,106,107,108,109,110,111,112,113,114,115,116,34,118,119,120,121,122,123,90,125,126,127,128,129,130,131,132,133,134,135,136,137,138,139,140,141,142,143,144,145,146,147,148,149,150,151,152,153,154,155,156,157,158,159,160,161,162,163,164,165,166,167,168,169,170,171,172,173,174,175,176,177,178,179,180,181,182,183,184,185,186,187,188,189,190,191,192,193,194,195,196,197,198,199];False
7896;9017;16913;[53,52,11,3,26,43,18,30,25,9,4,1,12,32,14,15,124,8,16,19,61,41,22,23,24,69,5,27,28,56,63,31,29,33,17,35,36,37,38,39,40,49,42,7,44,45,60,47,48,21,50,51,92,13,54,55,6,57,58,59,2,0,62,46,64,10,66,117,68,20,70,71,72,65,74,75,67,77,76,79,80,81,82,83,84,85,86,87,88,89,73,91,78,93,94,95,96,97,98,99,100,101,102,103,104,105,106,107,108,109,110,111,112,113,114,115,116,34,118,119,120,121,122,123,90,125,126,127,128,129,130,131,132,133,134,135,136,137,138,139,140,141,142,143,144,145,146,147,148,149,150,151,152,153,154,155,156,157,158,159,160,161,162,163,164,165,166,167,168,169,170,171,172,173,174,175,176,177,178,179,180,181,182,183,184,185,186,187,188,189,190,191,192,193,194,195,196,197,198,199];False
7915;9009;16924;[20,52,11,3,26,43,18,30,25,9,4,1,12,32,14,15,124,8,16,19,61,41,22,23,24,69,5,27,28,56,63,31,29,33,17,35,36,37,38,39,40,49,42,7,44,45,60,47,48,21,50,51,53,13,54,55,6,57,58,59,2,0,62,46,64,10,66,117,68,92,70,71,72,65,74,75,67,77,76,79,80,81,82,83,84,85,86,87,88,89,73,91,78,93,94,95,96,97,98,99,100,101,102,103,104,105,106,107,108,109,110,111,112,113,114,115,116,34,118,119,120,121,122,123,90,125,126,127,128,129,130,131,132,133,134,135,136,137,138,139,140,141,142,143,144,145,146,147,148,149,150,151,152,153,154,155,156,157,158,159,160,161,162,163,164,165,166,167,168,169,170,171,172,173,174,175,176,177,178,179,180,181,182,183,184,185,186,187,188,189,190,191,192,193,194,195,196,197,198,199];False
7731;9053;16784;[81,52,11,3,26,43,18,30,25,9,4,1,12,32,14,15,124,8,16,19,61,41,22,23,24,69,5,27,28,56,63,31,29,33,17,35,36,37,38,39,40,49,42,7,44,45,60,47,48,21,50,51,53,13,54,55,6,57,58,59,2,0,62,46,64,10,66,117,68,20,70,71,72,65,74,75,67,77,76,79,80,92,82,83,84,85,86,87,88,89,73,91,78,93,94,95,96,97,98,99,100,101,102,103,104,105,106,107,108,109,110,111,112,113,114,115,116,34,118,119,120,121,122,123,90,125,126,127,128,129,130,131,132,133,134,135,136,137,138,139,140,141,142,143,144,145,146,147,148,149,150,151,152,153,154,155,156,157,158,159,160,161,162,163,164,165,166,167,168,169,170,171,172,173,174,175,176,177,178,179,180,181,182,183,184,185,186,187,188,189,190,191,192,193,194,195,196,197,198,199];False
7707;9083;16790;[85,52,11,3,26,43,18,30,25,9,4,1,12,32,14,15,124,8,16,19,61,41,22,23,24,69,5,27,28,56,63,31,29,33,17,35,36,37,38,39,40,49,42,7,44,45,60,47,48,21,50,51,53,13,54,55,6,57,58,59,2,0,62,46,64,10,66,117,68,20,70,71,72,65,74,75,67,77,76,79,80,81,82,83,84,92,86,87,88,89,73,91,78,93,94,95,96,97,98,99,100,101,102,103,104,105,106,107,108,109,110,111,112,113,114,115,116,34,118,119,120,121,122,123,90,125,126,127,128,129,130,131,132,133,134,135,136,137,138,139,140,141,142,143,144,145,146,147,148,149,150,151,152,153,154,155,156,157,158,159,160,161,162,163,164,165,166,167,168,169,170,171,172,173,174,175,176,177,178,179,180,181,182,183,184,185,186,187,188,189,190,191,192,193,194,195,196,197,198,199];False
7742;9023;16765;[86,52,11,3,26,43,18,30,25,9,4,1,12,32,14,15,124,8,16,19,61,41,22,23,24,69,5,27,28,56,63,31,29,33,17,35,36,37,38,39,40,49,42,7,44,45,60,47,48,21,50,51,53,13,54,55,6,57,58,59,2,0,62,46,64,10,66,117,68,20,70,71,72,65,74,75,67,77,76,79,80,81,82,83,84,85,92,87,88,89,73,91,78,93,94,95,96,97,98,99,100,101,102,103,104,105,106,107,108,109,110,111,112,113,114,115,116,34,118,119,120,121,122,123,90,125,126,127,128,129,130,131,132,133,134,135,136,137,138,139,140,141,142,143,144,145,146,147,148,149,150,151,152,153,154,155,156,157,158,159,160,161,162,163,164,165,166,167,168,169,170,171,172,173,174,175,176,177,178,179,180,181,182,183,184,185,186,187,188,189,190,191,192,193,194,195,196,197,198,199];False
7684;9129;16813;[77,52,11,3,26,43,18,30,25,9,4,1,12,32,14,15,124,86,16,19,61,41,22,23,24,69,5,27,28,56,63,31,29,33,17,35,36,37,38,39,40,49,42,7,44,45,60,47,48,21,50,51,53,13,54,55,6,57,58,59,2,0,62,46,64,10,66,117,68,20,70,71,72,65,74,75,67,8,78,79,80,81,82,83,84,85,76,87,88,89,73,91,92,93,94,95,96,97,98,99,100,101,102,103,104,105,106,107,108,109,110,111,112,113,114,115,116,34,118,119,120,121,122,123,90,125,126,127,128,129,130,131,132,133,134,135,136,137,138,139,140,141,142,143,144,145,146,147,148,149,150,151,152,153,154,155,156,157,158,159,160,161,162,163,164,165,166,167,168,169,170,171,172,173,174,175,176,177,178,179,180,181,182,183,184,185,186,187,188,189,190,191,192,193,194,195,196,197,198,199];False
7649;9149;16798;[80,52,11,3,26,43,18,30,25,9,4,1,12,32,14,15,124,86,16,19,61,41,22,23,24,69,5,27,28,56,63,31,29,33,17,35,36,37,38,39,40,49,42,7,44,45,60,47,48,21,50,51,53,13,54,55,6,57,58,59,2,0,62,46,64,10,66,117,68,20,70,71,72,65,74,75,67,77,78,79,8,81,82,83,84,85,76,87,88,89,73,91,92,93,94,95,96,97,98,99,100,101,102,103,104,105,106,107,108,109,110,111,112,113,114,115,116,34,118,119,120,121,122,123,90,125,126,127,128,129,130,131,132,133,134,135,136,137,138,139,140,141,142,143,144,145,146,147,148,149,150,151,152,153,154,155,156,157,158,159,160,161,162,163,164,165,166,167,168,169,170,171,172,173,174,175,176,177,178,179,180,181,182,183,184,185,186,187,188,189,190,191,192,193,194,195,196,197,198,199];False
7646;9124;16770;[81,52,11,3,26,43,18,30,25,9,4,1,12,32,14,15,124,86,16,19,61,41,22,23,24,69,5,27,28,56,63,31,29,33,17,35,36,37,38,39,40,49,42,7,44,45,60,47,48,21,50,51,53,13,54,55,6,57,58,59,2,0,62,46,64,10,66,117,68,20,70,71,72,65,74,75,67,77,78,79,80,8,82,83,84,85,76,87,88,89,73,91,92,93,94,95,96,97,98,99,100,101,102,103,104,105,106,107,108,109,110,111,112,113,114,115,116,34,118,119,120,121,122,123,90,125,126,127,128,129,130,131,132,133,134,135,136,137,138,139,140,141,142,143,144,145,146,147,148,149,150,151,152,153,154,155,156,157,158,159,160,161,162,163,164,165,166,167,168,169,170,171,172,173,174,175,176,177,178,179,180,181,182,183,184,185,186,187,188,189,190,191,192,193,194,195,196,197,198,199];False
7693;9121;16814;[83,52,11,3,26,43,18,30,25,9,4,1,12,32,14,15,124,86,16,19,61,41,22,23,24,69,5,27,28,56,63,31,29,33,17,35,36,37,38,39,40,49,42,7,44,45,60,47,48,21,50,51,53,13,54,55,6,57,58,59,2,0,62,46,64,10,66,117,68,20,70,71,72,65,74,75,67,77,78,79,80,81,82,8,84,85,76,87,88,89,73,91,92,93,94,95,96,97,98,99,100,101,102,103,104,105,106,107,108,109,110,111,112,113,114,115,116,34,118,119,120,121,122,123,90,125,126,127,128,129,130,131,132,133,134,135,136,137,138,139,140,141,142,143,144,145,146,147,148,149,150,151,152,153,154,155,156,157,158,159,160,161,162,163,164,165,166,167,168,169,170,171,172,173,174,175,176,177,178,179,180,181,182,183,184,185,186,187,188,189,190,191,192,193,194,195,196,197,198,199];False
8052;9005;17057;[69,117,11,3,26,43,18,30,8,9,37,1,12,32,14,15,20,65,16,19,61,41,22,23,24,25,5,27,28,56,63,31,29,33,17,35,36,93,38,39,40,49,42,7,44,45,60,47,48,21,50,51,53,13,54,55,6,57,58,59,2,0,62,52,64,10,66,67,68,140,70,71,72,90,74,75,76,77,78,79,80,81,46,83,84,85,86,87,88,89,4,91,73,92,94,95,96,97,98,99,100,101,102,103,104,105,106,107,108,109,110,111,112,113,114,115,116,34,118,119,120,121,122,123,124,125,126,127,128,129,130,131,132,133,134,135,136,137,138,139,82,141,142,143,144,145,146,147,148,149,150,151,152,153,154,155,156,157,158,159,160,161,162,163,164,165,166,167,168,169,170,171,172,173,174,175,176,177,178,179,180,181,182,183,184,185,186,187,188,189,190,191,192,193,194,195,196,197,198,199];False
8043;8998;17041;[16,117,11,3,26,43,18,30,8,9,69,1,12,32,14,15,20,65,37,19,61,41,22,23,24,25,5,27,28,56,63,31,29,33,17,35,36,93,38,39,40,49,42,7,44,45,60,47,48,21,50,51,53,13,54,55,6,57,58,59,2,0,62,52,64,10,66,67,68,140,70,71,72,90,74,75,76,77,78,79,80,81,46,83,84,85,86,87,88,89,4,91,73,92,94,95,96,97,98,99,100,101,102,103,104,105,106,107,108,109,110,111,112,113,114,115,116,34,118,119,120,121,122,123,124,125,126,127,128,129,130,131,132,133,134,135,136,137,138,139,82,141,142,143,144,145,146,147,148,149,150,151,152,153,154,155,156,157,158,159,160,161,162,163,164,165,166,167,168,169,170,171,172,173,174,175,176,177,178,179,180,181,182,183,184,185,186,187,188,189,190,191,192,193,194,195,196,197,198,199];False
8200;8963;17163;[20,117,11,3,26,43,18,30,8,9,69,1,12,32,14,15,106,65,16,19,61,41,22,23,24,25,5,27,28,56,63,31,29,33,17,35,36,93,38,39,40,49,42,7,44,45,60,47,48,21,50,51,53,13,54,55,6,57,58,59,2,0,62,52,64,10,66,67,68,37,70,71,72,90,74,75,76,77,78,79,80,81,46,83,84,85,86,87,88,89,4,91,73,92,94,95,96,97,98,99,100,101,102,103,104,105,194,107,108,109,110,111,112,113,114,115,116,34,118,119,120,121,122,123,124,125,126,127,128,129,130,131,132,133,134,135,136,137,138,139,140,141,142,143,144,145,146,147,148,149,150,151,152,153,154,155,156,157,158,159,160,161,162,163,164,165,166,167,168,169,170,171,172,173,174,175,176,177,178,179,180,181,182,183,184,185,186,187,188,189,190,191,192,193,82,195,196,197,198,199];False
8153;8962;17115;[53,117,11,3,26,43,18,30,8,9,69,1,12,32,14,15,20,65,16,19,61,41,22,23,24,25,5,27,28,56,63,31,29,33,17,35,36,93,38,39,40,49,42,7,44,45,60,47,48,21,50,51,106,13,54,55,6,57,58,59,2,0,62,52,64,10,66,67,68,37,70,71,72,90,74,75,76,77,78,79,80,81,46,83,84,85,86,87,88,89,4,91,73,92,94,95,96,97,98,99,100,101,102,103,104,105,194,107,108,109,110,111,112,113,114,115,116,34,118,119,120,121,122,123,124,125,126,127,128,129,130,131,132,133,134,135,136,137,138,139,140,141,142,143,144,145,146,147,148,149,150,151,152,153,154,155,156,157,158,159,160,161,162,163,164,165,166,167,168,169,170,171,172,173,174,175,176,177,178,179,180,181,182,183,184,185,186,187,188,189,190,191,192,193,82,195,196,197,198,199];False
8093;8977;17070;[37,117,11,3,26,43,18,30,8,9,69,1,12,32,14,15,20,65,16,19,61,41,22,23,24,25,5,27,28,56,63,31,29,33,17,35,36,93,38,39,40,49,42,7,44,45,60,47,48,21,50,51,53,13,54,55,6,57,58,59,2,0,62,52,64,10,66,67,68,106,70,71,72,90,74,75,76,77,78,79,80,81,46,83,84,85,86,87,88,89,4,91,73,92,94,95,96,97,98,99,100,101,102,103,104,105,194,107,108,109,110,111,112,113,114,115,116,34,118,119,120,121,122,123,124,125,126,127,128,129,130,131,132,133,134,135,136,137,138,139,140,141,142,143,144,145,146,147,148,149,150,151,152,153,154,155,156,157,158,159,160,161,162,163,164,165,166,167,168,169,170,171,172,173,174,175,176,177,178,179,180,181,182,183,184,185,186,187,188,189,190,191,192,193,82,195,196,197,198,199];False
8030;9000;17030;[94,117,11,3,26,43,18,30,8,9,69,1,12,32,14,15,20,65,16,19,61,41,22,23,24,25,5,27,28,56,63,31,29,33,17,35,36,93,38,39,40,49,42,7,44,45,60,47,48,21,50,51,53,13,54,55,6,57,58,59,2,0,62,52,64,10,66,67,68,37,70,71,72,90,74,75,76,77,78,79,80,81,46,83,84,85,86,87,88,89,4,91,73,92,106,95,96,97,98,99,100,101,102,103,104,105,194,107,108,109,110,111,112,113,114,115,116,34,118,119,120,121,122,123,124,125,126,127,128,129,130,131,132,133,134,135,136,137,138,139,140,141,142,143,144,145,146,147,148,149,150,151,152,153,154,155,156,157,158,159,160,161,162,163,164,165,166,167,168,169,170,171,172,173,174,175,176,177,178,179,180,181,182,183,184,185,186,187,188,189,190,191,192,193,82,195,196,197,198,199];False
8055;8978;17033;[105,117,11,3,26,43,18,30,8,9,69,1,12,32,14,15,20,65,16,19,61,41,22,23,24,25,5,27,28,56,63,31,29,33,17,35,36,93,38,39,40,49,42,7,44,45,60,47,48,21,50,51,53,13,54,55,6,57,58,59,2,0,62,52,64,10,66,67,68,37,70,71,72,90,74,75,76,77,78,79,80,81,46,83,84,85,86,87,88,89,4,91,73,92,94,95,96,97,98,99,100,101,102,103,104,106,194,107,108,109,110,111,112,113,114,115,116,34,118,119,120,121,122,123,124,125,126,127,128,129,130,131,132,133,134,135,136,137,138,139,140,141,142,143,144,145,146,147,148,149,150,151,152,153,154,155,156,157,158,159,160,161,162,163,164,165,166,167,168,169,170,171,172,173,174,175,176,177,178,179,180,181,182,183,184,185,186,187,188,189,190,191,192,193,82,195,196,197,198,199];False
8091;8961;17052;[108,117,11,3,26,43,18,30,8,9,69,1,12,32,14,15,20,65,16,19,61,41,22,23,24,25,5,27,28,56,63,31,29,33,17,35,36,93,38,39,40,49,42,7,44,45,60,47,48,21,50,51,53,13,54,55,6,57,58,59,2,0,62,52,64,10,66,67,68,37,70,71,72,90,74,75,76,77,78,79,80,81,46,83,84,85,86,87,88,89,4,91,73,92,94,95,96,97,98,99,100,101,102,103,104,105,194,107,106,109,110,111,112,113,114,115,116,34,118,119,120,121,122,123,124,125,126,127,128,129,130,131,132,133,134,135,136,137,138,139,140,141,142,143,144,145,146,147,148,149,150,151,152,153,154,155,156,157,158,159,160,161,162,163,164,165,166,167,168,169,170,171,172,173,174,175,176,177,178,179,180,181,182,183,184,185,186,187,188,189,190,191,192,193,82,195,196,197,198,199];False
7532;9194;16726;[14,52,93,3,26,43,18,30,124,9,4,1,12,32,10,15,16,60,64,19,25,41,22,23,24,69,5,27,28,56,63,31,29,33,17,35,36,37,38,39,40,49,42,7,44,45,86,47,48,21,50,51,0,11,54,55,6,57,58,59,2,61,62,67,13,46,66,34,68,20,70,71,72,65,74,75,76,77,53,79,80,81,82,83,84,85,92,87,88,89,73,91,109,8,94,95,96,97,98,99,100,101,102,103,104,105,106,107,108,78,110,111,112,113,114,115,116,117,118,119,120,121,122,123,90,125,126,127,128,129,130,131,132,133,134,135,136,137,138,139,140,141,142,143,144,145,146,147,148,149,150,151,152,153,154,155,156,157,158,159,160,161,162,163,164,165,166,167,168,169,170,171,172,173,174,175,176,177,178,179,180,181,182,183,184,185,186,187,188,189,190,191,192,193,194,195,196,197,198,199];False
7510;9242;16752;[21,52,93,3,26,43,18,30,124,9,4,1,12,32,14,15,16,60,64,19,25,41,22,23,24,69,5,27,28,56,63,31,29,33,17,35,36,37,38,39,40,49,42,7,44,45,86,47,48,10,50,51,0,11,54,55,6,57,58,59,2,61,62,67,13,46,66,34,68,20,70,71,72,65,74,75,76,77,53,79,80,81,82,83,84,85,92,87,88,89,73,91,109,8,94,95,96,97,98,99,100,101,102,103,104,105,106,107,108,78,110,111,112,113,114,115,116,117,118,119,120,121,122,123,90,125,126,127,128,129,130,131,132,133,134,135,136,137,138,139,140,141,142,143,144,145,146,147,148,149,150,151,152,153,154,155,156,157,158,159,160,161,162,163,164,165,166,167,168,169,170,171,172,173,174,175,176,177,178,179,180,181,182,183,184,185,186,187,188,189,190,191,192,193,194,195,196,197,198,199];False
7510;9230;16740;[11,52,93,3,26,43,18,30,124,9,4,1,12,32,14,15,16,60,64,19,25,41,22,23,24,69,5,27,28,56,63,31,29,33,17,35,36,37,38,39,40,49,42,7,44,45,86,47,48,21,50,51,0,10,54,55,6,57,58,59,2,61,62,67,13,46,66,34,68,20,70,71,72,65,74,75,76,77,53,79,80,81,82,83,84,85,92,87,88,89,73,91,109,8,94,95,96,97,98,99,100,101,102,103,104,105,106,107,108,78,110,111,112,113,114,115,116,117,118,119,120,121,122,123,90,125,126,127,128,129,130,131,132,133,134,135,136,137,138,139,140,141,142,143,144,145,146,147,148,149,150,151,152,153,154,155,156,157,158,159,160,161,162,163,164,165,166,167,168,169,170,171,172,173,174,175,176,177,178,179,180,181,182,183,184,185,186,187,188,189,190,191,192,193,194,195,196,197,198,199];False
7497;9227;16724;[61,52,93,3,26,43,18,30,124,9,4,1,12,32,14,15,16,60,64,19,25,41,22,23,24,69,5,27,28,56,63,31,29,33,17,35,36,37,38,39,40,49,42,7,44,45,86,47,48,21,50,51,0,11,54,55,6,57,58,59,2,10,62,67,13,46,66,34,68,20,70,71,72,65,74,75,76,77,53,79,80,81,82,83,84,85,92,87,88,89,73,91,109,8,94,95,96,97,98,99,100,101,102,103,104,105,106,107,108,78,110,111,112,113,114,115,116,117,118,119,120,121,122,123,90,125,126,127,128,129,130,131,132,133,134,135,136,137,138,139,140,141,142,143,144,145,146,147,148,149,150,151,152,153,154,155,156,157,158,159,160,161,162,163,164,165,166,167,168,169,170,171,172,173,174,175,176,177,178,179,180,181,182,183,184,185,186,187,188,189,190,191,192,193,194,195,196,197,198,199];False
7613;9156;16769;[34,52,93,3,26,43,18,30,124,9,4,1,12,32,14,15,16,60,64,19,25,41,22,23,24,69,5,27,28,56,63,31,29,33,17,35,36,37,38,39,40,49,42,7,44,45,86,47,48,21,50,51,0,11,54,55,6,57,58,59,2,61,62,67,13,46,66,10,68,20,70,71,72,65,74,75,76,77,53,79,80,81,82,83,84,85,92,87,88,89,73,91,109,8,94,95,96,97,98,99,100,101,102,103,104,105,106,107,108,78,110,111,112,113,114,115,116,117,118,119,120,121,122,123,90,125,126,127,128,129,130,131,132,133,134,135,136,137,138,139,140,141,142,143,144,145,146,147,148,149,150,151,152,153,154,155,156,157,158,159,160,161,162,163,164,165,166,167,168,169,170,171,172,173,174,175,176,177,178,179,180,181,182,183,184,185,186,187,188,189,190,191,192,193,194,195,196,197,198,199];False
7506;9215;16721;[76,52,93,3,26,43,18,30,124,9,4,1,12,32,14,15,16,60,64,19,25,41,22,23,24,69,5,27,28,56,63,31,29,33,17,35,36,37,38,39,40,49,42,7,44,45,86,47,48,21,50,51,0,11,54,55,6,57,58,59,2,61,62,67,13,46,66,34,68,20,70,71,72,65,74,75,10,77,53,79,80,81,82,83,84,85,92,87,88,89,73,91,109,8,94,95,96,97,98,99,100,101,102,103,104,105,106,107,108,78,110,111,112,113,114,115,116,117,118,119,120,121,122,123,90,125,126,127,128,129,130,131,132,133,134,135,136,137,138,139,140,141,142,143,144,145,146,147,148,149,150,151,152,153,154,155,156,157,158,159,160,161,162,163,164,165,166,167,168,169,170,171,172,173,174,175,176,177,178,179,180,181,182,183,184,185,186,187,188,189,190,191,192,193,194,195,196,197,198,199];False
7515;9203;16718;[77,52,93,3,26,43,18,30,124,9,4,1,12,32,14,15,16,60,64,19,25,41,22,23,24,69,5,27,28,56,63,31,29,33,17,35,36,37,38,39,40,49,42,7,44,45,86,47,48,21,50,51,0,11,54,55,6,57,58,59,2,61,62,67,13,46,66,34,68,20,70,71,72,65,74,75,76,10,53,79,80,81,82,83,84,85,92,87,88,89,73,91,109,8,94,95,96,97,98,99,100,101,102,103,104,105,106,107,108,78,110,111,112,113,114,115,116,117,118,119,120,121,122,123,90,125,126,127,128,129,130,131,132,133,134,135,136,137,138,139,140,141,142,143,144,145,146,147,148,149,150,151,152,153,154,155,156,157,158,159,160,161,162,163,164,165,166,167,168,169,170,171,172,173,174,175,176,177,178,179,180,181,182,183,184,185,186,187,188,189,190,191,192,193,194,195,196,197,198,199];False
7552;9191;16743;[33,52,93,3,26,43,18,30,124,9,4,1,12,32,14,15,16,60,64,19,25,41,22,23,24,69,5,27,28,56,63,31,29,146,17,35,36,37,38,39,40,49,42,7,44,45,10,47,48,21,50,51,0,11,54,55,6,57,58,59,2,61,62,67,13,46,66,117,68,20,70,71,72,65,74,75,76,77,53,79,80,81,82,83,84,85,86,87,88,89,73,91,92,8,94,95,96,97,98,99,100,101,102,103,104,105,106,107,108,78,110,111,112,113,114,115,116,109,118,119,120,121,122,123,90,125,126,127,128,129,130,131,132,133,134,135,136,137,138,139,140,141,142,143,144,145,34,147,148,149,150,151,152,153,154,155,156,157,158,159,160,161,162,163,164,165,166,167,168,169,170,171,172,173,174,175,176,177,178,179,180,181,182,183,184,185,186,187,188,189,190,191,192,193,194,195,196,197,198,199];False
7591;9174;16765;[21,52,93,3,26,43,18,30,124,9,4,1,12,32,14,15,16,60,64,19,25,41,22,23,24,69,5,27,28,56,63,31,29,33,17,35,36,37,38,39,40,49,42,7,44,45,10,47,48,146,50,51,0,11,54,55,6,57,58,59,2,61,62,67,13,46,66,117,68,20,70,71,72,65,74,75,76,77,53,79,80,81,82,83,84,85,86,87,88,89,73,91,92,8,94,95,96,97,98,99,100,101,102,103,104,105,106,107,108,78,110,111,112,113,114,115,116,109,118,119,120,121,122,123,90,125,126,127,128,129,130,131,132,133,134,135,136,137,138,139,140,141,142,143,144,145,34,147,148,149,150,151,152,153,154,155,156,157,158,159,160,161,162,163,164,165,166,167,168,169,170,171,172,173,174,175,176,177,178,179,180,181,182,183,184,185,186,187,188,189,190,191,192,193,194,195,196,197,198,199];False
7570;9174;16744;[42,52,93,3,26,43,18,30,124,9,4,1,12,32,14,15,16,60,64,19,25,41,22,23,24,69,5,27,28,56,63,31,29,33,17,35,36,37,38,39,40,49,151,7,44,45,10,47,48,21,50,51,0,11,54,55,6,57,58,59,2,61,62,67,13,46,66,117,68,20,70,71,72,65,74,75,76,77,53,79,80,81,82,83,84,85,86,87,88,89,73,91,92,8,94,95,96,97,98,99,100,101,102,103,104,105,106,107,108,78,110,111,112,113,114,115,116,109,118,119,120,121,122,123,90,125,126,127,128,129,130,131,132,133,134,135,136,137,138,139,140,141,142,143,144,145,146,147,148,149,150,34,152,153,154,155,156,157,158,159,160,161,162,163,164,165,166,167,168,169,170,171,172,173,174,175,176,177,178,179,180,181,182,183,184,185,186,187,188,189,190,191,192,193,194,195,196,197,198,199];False
7490;9180;16670;[76,52,93,3,26,43,18,30,124,9,4,1,12,32,14,15,16,60,64,19,25,41,22,23,24,69,5,27,28,56,63,31,29,33,17,35,36,37,38,39,40,49,42,7,44,45,10,47,48,21,50,51,0,11,54,55,6,57,58,59,2,61,62,67,13,46,66,117,68,20,70,71,72,65,74,75,151,77,53,79,80,81,82,83,84,85,86,87,88,89,73,91,92,8,94,95,96,97,98,99,100,101,102,103,104,105,106,107,108,78,110,111,112,113,114,115,116,109,118,119,120,121,122,123,90,125,126,127,128,129,130,131,132,133,134,135,136,137,138,139,140,141,142,143,144,145,146,147,148,149,150,34,152,153,154,155,156,157,158,159,160,161,162,163,164,165,166,167,168,169,170,171,172,173,174,175,176,177,178,179,180,181,182,183,184,185,186,187,188,189,190,191,192,193,194,195,196,197,198,199];False
8364;8936;17300;[9,117,11,3,26,43,18,30,25,46,69,1,12,32,14,15,65,8,16,19,61,41,22,23,24,82,5,27,28,56,63,31,29,33,20,35,36,37,38,39,40,49,42,7,44,45,60,47,48,21,50,51,53,13,54,55,6,57,58,59,2,0,62,52,64,10,66,67,68,17,70,71,72,73,74,75,76,77,78,79,80,81,107,83,84,85,86,87,88,89,4,91,90,93,94,95,96,97,98,99,100,101,102,103,104,105,106,92,108,109,110,111,112,113,114,115,116,34,118,119,120,121,122,123,124,125,126,127,128,129,130,131,132,133,134,135,136,137,138,139,140,141,142,143,144,145,146,147,148,149,150,151,152,153,154,155,156,157,158,159,160,161,162,163,164,165,166,167,168,169,170,171,172,173,174,175,176,177,178,179,180,181,182,183,184,185,186,187,188,189,190,191,192,193,194,195,196,197,198,199];False
8463;8911;17374;[69,117,11,3,26,43,18,30,25,9,46,1,12,32,14,15,65,8,16,19,61,41,22,23,24,82,5,27,28,56,63,31,29,33,20,35,36,37,38,39,40,49,42,7,44,45,60,47,48,21,50,51,53,13,54,55,6,57,58,59,2,0,62,52,64,10,66,67,68,17,70,71,72,73,74,75,76,77,78,79,80,81,107,83,84,85,86,87,88,89,4,91,90,93,94,95,96,97,98,99,100,101,102,103,104,105,106,92,108,109,110,111,112,113,114,115,116,34,118,119,120,121,122,123,124,125,126,127,128,129,130,131,132,133,134,135,136,137,138,139,140,141,142,143,144,145,146,147,148,149,150,151,152,153,154,155,156,157,158,159,160,161,162,163,164,165,166,167,168,169,170,171,172,173,174,175,176,177,178,179,180,181,182,183,184,185,186,187,188,189,190,191,192,193,194,195,196,197,198,199];False
8544;8904;17448;[14,117,11,3,26,43,18,30,25,9,69,1,12,32,46,15,65,8,16,19,61,41,22,23,24,82,5,27,28,56,63,31,29,33,20,35,36,37,38,39,40,49,42,7,44,45,60,47,48,21,50,51,53,13,54,55,6,57,58,59,2,0,62,52,64,10,66,67,68,17,70,71,72,73,74,75,76,77,78,79,80,81,107,83,84,85,86,87,88,89,4,91,90,93,94,95,96,97,98,99,100,101,102,103,104,105,106,92,108,109,110,111,112,113,114,115,116,34,118,119,120,121,122,123,124,125,126,127,128,129,130,131,132,133,134,135,136,137,138,139,140,141,142,143,144,145,146,147,148,149,150,151,152,153,154,155,156,157,158,159,160,161,162,163,164,165,166,167,168,169,170,171,172,173,174,175,176,177,178,179,180,181,182,183,184,185,186,187,188,189,190,191,192,193,194,195,196,197,198,199];False
8451;8907;17358;[16,117,11,3,26,43,18,30,25,9,69,1,12,32,14,15,65,8,46,19,61,41,22,23,24,82,5,27,28,56,63,31,29,33,20,35,36,37,38,39,40,49,42,7,44,45,60,47,48,21,50,51,53,13,54,55,6,57,58,59,2,0,62,52,64,10,66,67,68,17,70,71,72,73,74,75,76,77,78,79,80,81,107,83,84,85,86,87,88,89,4,91,90,93,94,95,96,97,98,99,100,101,102,103,104,105,106,92,108,109,110,111,112,113,114,115,116,34,118,119,120,121,122,123,124,125,126,127,128,129,130,131,132,133,134,135,136,137,138,139,140,141,142,143,144,145,146,147,148,149,150,151,152,153,154,155,156,157,158,159,160,161,162,163,164,165,166,167,168,169,170,171,172,173,174,175,176,177,178,179,180,181,182,183,184,185,186,187,188,189,190,191,192,193,194,195,196,197,198,199];False
8339;8917;17256;[82,117,11,3,26,43,18,30,25,9,69,1,12,32,14,15,65,8,16,19,61,41,22,23,24,46,5,27,28,56,63,31,29,33,20,35,36,37,38,39,40,49,42,7,44,45,60,47,48,21,50,51,53,13,54,55,6,57,58,59,2,0,62,52,64,10,66,67,68,17,70,71,72,73,74,75,76,77,78,79,80,81,107,83,84,85,86,87,88,89,4,91,90,93,94,95,96,97,98,99,100,101,102,103,104,105,106,92,108,109,110,111,112,113,114,115,116,34,118,119,120,121,122,123,124,125,126,127,128,129,130,131,132,133,134,135,136,137,138,139,140,141,142,143,144,145,146,147,148,149,150,151,152,153,154,155,156,157,158,159,160,161,162,163,164,165,166,167,168,169,170,171,172,173,174,175,176,177,178,179,180,181,182,183,184,185,186,187,188,189,190,191,192,193,194,195,196,197,198,199];False
8245;8950;17195;[16,46,11,3,26,43,18,30,25,9,69,1,12,32,14,15,65,8,106,19,61,41,22,23,24,34,5,27,28,56,63,31,29,33,20,35,36,37,38,39,40,49,42,7,44,45,60,47,48,21,50,51,53,13,54,55,6,57,58,59,2,0,62,52,64,10,66,67,68,17,70,71,72,73,74,75,76,77,78,79,80,81,107,83,84,85,86,87,88,89,4,91,90,93,94,95,96,97,98,99,100,101,102,103,104,105,198,92,108,109,110,111,112,113,114,115,116,117,118,119,120,121,122,123,124,125,126,127,128,129,130,131,132,133,134,135,136,137,138,139,140,141,142,143,144,145,146,147,148,149,150,151,152,153,154,155,156,157,158,159,160,161,162,163,164,165,166,167,168,169,170,171,172,173,82,175,176,177,178,179,180,181,182,183,184,185,186,187,188,189,190,191,192,193,194,195,196,197,174,199];False
8294;8933;17227;[50,46,11,3,26,43,18,30,25,9,69,1,12,32,14,15,65,8,16,19,61,41,22,23,24,34,5,27,28,56,63,31,29,33,20,35,36,37,38,39,40,49,42,7,44,45,60,47,48,21,106,51,53,13,54,55,6,57,58,59,2,0,62,52,64,10,66,67,68,17,70,71,72,73,74,75,76,77,78,79,80,81,107,83,84,85,86,87,88,89,4,91,90,93,94,95,96,97,98,99,100,101,102,103,104,105,198,92,108,109,110,111,112,113,114,115,116,117,118,119,120,121,122,123,124,125,126,127,128,129,130,131,132,133,134,135,136,137,138,139,140,141,142,143,144,145,146,147,148,149,150,151,152,153,154,155,156,157,158,159,160,161,162,163,164,165,166,167,168,169,170,171,172,173,82,175,176,177,178,179,180,181,182,183,184,185,186,187,188,189,190,191,192,193,194,195,196,197,174,199];False
8203;8945;17148;[72,46,11,3,26,43,18,30,25,9,69,1,12,32,14,15,65,8,16,19,61,41,22,23,24,34,5,27,28,56,63,31,29,33,20,35,36,37,38,39,40,49,42,7,44,45,60,47,48,21,50,51,53,13,54,55,6,57,58,59,2,0,62,52,64,10,66,67,68,17,70,71,106,73,74,75,76,77,78,79,80,81,107,83,84,85,86,87,88,89,4,91,90,93,94,95,96,97,98,99,100,101,102,103,104,105,198,92,108,109,110,111,112,113,114,115,116,117,118,119,120,121,122,123,124,125,126,127,128,129,130,131,132,133,134,135,136,137,138,139,140,141,142,143,144,145,146,147,148,149,150,151,152,153,154,155,156,157,158,159,160,161,162,163,164,165,166,167,168,169,170,171,172,173,82,175,176,177,178,179,180,181,182,183,184,185,186,187,188,189,190,191,192,193,194,195,196,197,174,199];False
8202;8951;17153;[73,46,11,3,26,43,18,30,25,9,69,1,12,32,14,15,65,8,16,19,61,41,22,23,24,34,5,27,28,56,63,31,29,33,20,35,36,37,38,39,40,49,42,7,44,45,60,47,48,21,50,51,53,13,54,55,6,57,58,59,2,0,62,52,64,10,66,67,68,17,70,71,72,106,74,75,76,77,78,79,80,81,107,83,84,85,86,87,88,89,4,91,90,93,94,95,96,97,98,99,100,101,102,103,104,105,198,92,108,109,110,111,112,113,114,115,116,117,118,119,120,121,122,123,124,125,126,127,128,129,130,131,132,133,134,135,136,137,138,139,140,141,142,143,144,145,146,147,148,149,150,151,152,153,154,155,156,157,158,159,160,161,162,163,164,165,166,167,168,169,170,171,172,173,82,175,176,177,178,179,180,181,182,183,184,185,186,187,188,189,190,191,192,193,194,195,196,197,174,199];False
8293;8929;17222;[91,46,11,3,26,43,18,30,25,9,69,1,12,32,14,15,65,8,16,19,61,41,22,23,24,34,5,27,28,56,63,31,29,33,20,35,36,37,38,39,40,49,42,7,44,45,60,47,48,21,50,51,53,13,54,55,6,57,58,59,2,0,62,52,64,10,66,67,68,17,70,71,72,73,74,75,76,77,78,79,80,81,107,83,84,85,86,87,88,89,4,106,90,93,94,95,96,97,98,99,100,101,102,103,104,105,198,92,108,109,110,111,112,113,114,115,116,117,118,119,120,121,122,123,124,125,126,127,128,129,130,131,132,133,134,135,136,137,138,139,140,141,142,143,144,145,146,147,148,149,150,151,152,153,154,155,156,157,158,159,160,161,162,163,164,165,166,167,168,169,170,171,172,173,82,175,176,177,178,179,180,181,182,183,184,185,186,187,188,189,190,191,192,193,194,195,196,197,174,199];False
8251;8944;17195;[105,46,11,3,26,43,18,30,25,9,69,1,12,32,14,15,65,8,16,19,61,41,22,23,24,34,5,27,28,56,63,31,29,33,20,35,36,37,38,39,40,49,42,7,44,45,60,47,48,21,50,51,53,13,54,55,6,57,58,59,2,0,62,52,64,10,66,67,68,17,70,71,72,73,74,75,76,77,78,79,80,81,107,83,84,85,86,87,88,89,4,91,90,93,94,95,96,97,98,99,100,101,102,103,104,106,198,92,108,109,110,111,112,113,114,115,116,117,118,119,120,121,122,123,124,125,126,127,128,129,130,131,132,133,134,135,136,137,138,139,140,141,142,143,144,145,146,147,148,149,150,151,152,153,154,155,156,157,158,159,160,161,162,163,164,165,166,167,168,169,170,171,172,173,82,175,176,177,178,179,180,181,182,183,184,185,186,187,188,189,190,191,192,193,194,195,196,197,174,199];False
7929;9000;16929;[90,52,11,3,26,43,18,30,25,9,4,1,12,32,14,15,124,8,16,19,61,41,22,23,24,69,5,27,28,56,63,31,29,33,17,35,36,37,38,39,40,49,42,7,44,45,60,47,48,21,92,51,53,13,54,55,6,57,58,59,2,0,62,46,64,10,66,117,68,20,70,71,72,65,74,75,67,77,76,79,80,81,82,83,84,85,86,87,88,89,73,91,78,93,94,95,96,97,98,99,100,101,102,103,104,105,106,107,108,109,110,111,112,113,114,115,116,34,118,119,120,121,122,123,50,125,126,127,128,129,130,131,132,133,134,135,136,137,138,139,140,141,142,143,144,145,146,147,148,149,150,151,152,153,154,155,156,157,158,159,160,161,162,163,164,165,166,167,168,169,170,171,172,173,174,175,176,177,178,179,180,181,182,183,184,185,186,187,188,189,190,191,192,193,194,195,196,197,198,199];False
7925;8996;16921;[141,52,11,3,26,43,18,30,25,9,4,1,12,32,14,15,124,8,16,19,61,41,22,23,24,69,5,27,28,56,63,31,29,33,17,35,36,37,38,39,40,49,42,7,44,45,60,47,48,21,92,51,53,13,54,55,6,57,58,59,2,0,62,46,64,10,66,117,68,20,70,71,72,65,74,75,67,77,76,79,80,81,82,83,84,85,86,87,88,89,73,91,78,93,94,95,96,97,98,99,100,101,102,103,104,105,106,107,108,109,110,111,112,113,114,115,116,34,118,119,120,121,122,123,90,125,126,127,128,129,130,131,132,133,134,135,136,137,138,139,140,50,142,143,144,145,146,147,148,149,150,151,152,153,154,155,156,157,158,159,160,161,162,163,164,165,166,167,168,169,170,171,172,173,174,175,176,177,178,179,180,181,182,183,184,185,186,187,188,189,190,191,192,193,194,195,196,197,198,199];False
7865;9011;16876;[163,52,11,3,26,43,18,30,25,9,4,1,12,32,14,15,124,8,16,19,61,41,22,23,24,69,5,27,28,56,63,31,29,33,17,35,36,37,38,39,40,49,42,7,44,45,60,47,48,21,92,51,53,13,54,55,6,57,58,59,2,0,62,46,64,10,66,117,68,20,70,71,72,65,74,75,67,77,76,79,80,81,82,83,84,85,86,87,88,89,73,91,78,93,94,95,96,97,98,99,100,101,102,103,104,105,106,107,108,109,110,111,112,113,114,115,116,34,118,119,120,121,122,123,90,125,126,127,128,129,130,131,132,133,134,135,136,137,138,139,140,141,142,143,144,145,146,147,148,149,150,151,152,153,154,155,156,157,158,159,160,161,162,50,164,165,166,167,168,169,170,171,172,173,174,175,176,177,178,179,180,181,182,183,184,185,186,187,188,189,190,191,192,193,194,195,196,197,198,199];False
7951;8995;16946;[75,52,11,3,26,43,18,30,25,9,4,1,12,32,14,15,124,8,16,19,61,41,22,23,24,69,5,27,28,56,63,31,29,33,17,35,36,37,38,39,40,49,42,7,44,45,60,47,48,21,50,51,53,13,54,55,6,57,58,59,2,0,62,46,64,10,66,117,68,92,70,71,72,65,74,20,67,77,76,79,80,81,82,83,84,85,86,87,88,89,73,91,78,93,94,95,96,97,98,99,100,101,102,103,104,105,106,107,108,109,110,111,112,113,114,115,116,34,118,119,120,121,122,123,90,125,126,127,128,129,130,131,132,133,134,135,136,137,138,139,140,141,142,143,144,145,146,147,148,149,150,151,152,153,154,155,156,157,158,159,160,161,162,163,164,165,166,167,168,169,170,171,172,173,174,175,176,177,178,179,180,181,182,183,184,185,186,187,188,189,190,191,192,193,194,195,196,197,198,199];False
7909;9007;16916;[82,52,11,3,26,43,18,30,25,9,4,1,12,32,14,15,124,8,16,19,61,41,22,23,24,69,5,27,28,56,63,31,29,33,17,35,36,37,38,39,40,49,42,7,44,45,60,47,48,21,50,51,53,13,54,55,6,57,58,59,2,0,62,46,64,10,66,117,68,92,70,71,72,65,74,75,67,77,76,79,80,81,20,83,84,85,86,87,88,89,73,91,78,93,94,95,96,97,98,99,100,101,102,103,104,105,106,107,108,109,110,111,112,113,114,115,116,34,118,119,120,121,122,123,90,125,126,127,128,129,130,131,132,133,134,135,136,137,138,139,140,141,142,143,144,145,146,147,148,149,150,151,152,153,154,155,156,157,158,159,160,161,162,163,164,165,166,167,168,169,170,171,172,173,174,175,176,177,178,179,180,181,182,183,184,185,186,187,188,189,190,191,192,193,194,195,196,197,198,199];False
7699;9068;16767;[61,52,11,3,26,43,18,30,25,9,4,1,12,32,14,15,124,8,16,19,81,41,22,23,24,69,5,27,28,56,63,31,29,33,17,35,36,37,38,39,40,49,42,7,44,45,60,47,48,21,50,51,53,13,54,55,6,57,58,59,2,0,62,46,64,10,66,117,68,20,70,71,72,65,74,75,67,77,76,79,80,92,82,83,84,85,86,87,88,89,73,91,78,93,94,95,96,97,98,99,100,101,102,103,104,105,106,107,108,109,110,111,112,113,114,115,116,34,118,119,120,121,122,123,90,125,126,127,128,129,130,131,132,133,134,135,136,137,138,139,140,141,142,143,144,145,146,147,148,149,150,151,152,153,154,155,156,157,158,159,160,161,162,163,164,165,166,167,168,169,170,171,172,173,174,175,176,177,178,179,180,181,182,183,184,185,186,187,188,189,190,191,192,193,194,195,196,197,198,199];False
7831;9016;16847;[46,52,11,3,26,43,18,30,25,9,4,1,12,32,14,15,124,8,16,19,61,41,22,23,24,69,5,27,28,56,63,31,29,33,17,35,36,37,38,39,40,49,42,7,44,45,60,47,48,21,50,51,53,13,54,55,6,57,58,59,2,0,62,81,64,10,66,117,68,20,70,71,72,65,74,75,67,77,76,79,80,92,82,83,84,85,86,87,88,89,73,91,78,93,94,95,96,97,98,99,100,101,102,103,104,105,106,107,108,109,110,111,112,113,114,115,116,34,118,119,120,121,122,123,90,125,126,127,128,129,130,131,132,133,134,135,136,137,138,139,140,141,142,143,144,145,146,147,148,149,150,151,152,153,154,155,156,157,158,159,160,161,162,163,164,165,166,167,168,169,170,171,172,173,174,175,176,177,178,179,180,181,182,183,184,185,186,187,188,189,190,191,192,193,194,195,196,197,198,199];False
7725;9046;16771;[77,52,11,3,26,43,18,30,25,9,4,1,12,32,14,15,124,8,16,19,61,41,22,23,24,69,5,27,28,56,63,31,29,33,17,35,36,37,38,39,40,49,42,7,44,45,60,47,48,21,50,51,53,13,54,55,6,57,58,59,2,0,62,46,64,10,66,117,68,20,70,71,72,65,74,75,67,81,76,79,80,92,82,83,84,85,86,87,88,89,73,91,78,93,94,95,96,97,98,99,100,101,102,103,104,105,106,107,108,109,110,111,112,113,114,115,116,34,118,119,120,121,122,123,90,125,126,127,128,129,130,131,132,133,134,135,136,137,138,139,140,141,142,143,144,145,146,147,148,149,150,151,152,153,154,155,156,157,158,159,160,161,162,163,164,165,166,167,168,169,170,171,172,173,174,175,176,177,178,179,180,181,182,183,184,185,186,187,188,189,190,191,192,193,194,195,196,197,198,199];False
7718;9047;16765;[43,52,11,3,26,86,18,30,25,9,4,1,12,32,14,15,124,8,16,19,61,41,22,23,24,69,5,27,28,56,63,31,29,33,17,35,36,37,38,39,40,49,42,7,44,45,60,47,48,21,50,51,53,13,54,55,6,57,58,59,2,0,62,46,64,10,66,117,68,20,70,71,72,65,74,75,67,77,76,79,80,81,82,83,84,85,92,87,88,89,73,91,78,93,94,95,96,97,98,99,100,101,102,103,104,105,106,107,108,109,110,111,112,113,114,115,116,34,118,119,120,121,122,123,90,125,126,127,128,129,130,131,132,133,134,135,136,137,138,139,140,141,142,143,144,145,146,147,148,149,150,151,152,153,154,155,156,157,158,159,160,161,162,163,164,165,166,167,168,169,170,171,172,173,174,175,176,177,178,179,180,181,182,183,184,185,186,187,188,189,190,191,192,193,194,195,196,197,198,199];False
7893;9009;16902;[18,52,11,3,26,43,86,30,25,9,4,1,12,32,14,15,124,8,16,19,61,41,22,23,24,69,5,27,28,56,63,31,29,33,17,35,36,37,38,39,40,49,42,7,44,45,60,47,48,21,50,51,53,13,54,55,6,57,58,59,2,0,62,46,64,10,66,117,68,20,70,71,72,65,74,75,67,77,76,79,80,81,82,83,84,85,92,87,88,89,73,91,78,93,94,95,96,97,98,99,100,101,102,103,104,105,106,107,108,109,110,111,112,113,114,115,116,34,118,119,120,121,122,123,90,125,126,127,128,129,130,131,132,133,134,135,136,137,138,139,140,141,142,143,144,145,146,147,148,149,150,151,152,153,154,155,156,157,158,159,160,161,162,163,164,165,166,167,168,169,170,171,172,173,174,175,176,177,178,179,180,181,182,183,184,185,186,187,188,189,190,191,192,193,194,195,196,197,198,199];False
7720;9040;16760;[30,52,11,3,26,43,18,86,25,9,4,1,12,32,14,15,124,8,16,19,61,41,22,23,24,69,5,27,28,56,63,31,29,33,17,35,36,37,38,39,40,49,42,7,44,45,60,47,48,21,50,51,53,13,54,55,6,57,58,59,2,0,62,46,64,10,66,117,68,20,70,71,72,65,74,75,67,77,76,79,80,81,82,83,84,85,92,87,88,89,73,91,78,93,94,95,96,97,98,99,100,101,102,103,104,105,106,107,108,109,110,111,112,113,114,115,116,34,118,119,120,121,122,123,90,125,126,127,128,129,130,131,132,133,134,135,136,137,138,139,140,141,142,143,144,145,146,147,148,149,150,151,152,153,154,155,156,157,158,159,160,161,162,163,164,165,166,167,168,169,170,171,172,173,174,175,176,177,178,179,180,181,182,183,184,185,186,187,188,189,190,191,192,193,194,195,196,197,198,199];False
7829;9019;16848;[1,52,11,3,26,43,18,30,25,9,4,86,12,32,14,15,124,8,16,19,61,41,22,23,24,69,5,27,28,56,63,31,29,33,17,35,36,37,38,39,40,49,42,7,44,45,60,47,48,21,50,51,53,13,54,55,6,57,58,59,2,0,62,46,64,10,66,117,68,20,70,71,72,65,74,75,67,77,76,79,80,81,82,83,84,85,92,87,88,89,73,91,78,93,94,95,96,97,98,99,100,101,102,103,104,105,106,107,108,109,110,111,112,113,114,115,116,34,118,119,120,121,122,123,90,125,126,127,128,129,130,131,132,133,134,135,136,137,138,139,140,141,142,143,144,145,146,147,148,149,150,151,152,153,154,155,156,157,158,159,160,161,162,163,164,165,166,167,168,169,170,171,172,173,174,175,176,177,178,179,180,181,182,183,184,185,186,187,188,189,190,191,192,193,194,195,196,197,198,199];False
7681;9065;16746;[8,52,11,3,26,43,18,30,25,9,4,1,12,32,14,15,124,86,16,19,61,41,22,23,24,69,5,27,28,56,63,31,29,33,17,35,36,37,38,39,40,49,42,7,44,45,60,47,48,21,50,51,53,13,54,55,6,57,58,59,2,0,62,46,64,10,66,117,68,20,70,71,72,65,74,75,67,77,76,79,80,81,82,83,84,85,92,87,88,89,73,91,78,93,94,95,96,97,98,99,100,101,102,103,104,105,106,107,108,109,110,111,112,113,114,115,116,34,118,119,120,121,122,123,90,125,126,127,128,129,130,131,132,133,134,135,136,137,138,139,140,141,142,143,144,145,146,147,148,149,150,151,152,153,154,155,156,157,158,159,160,161,162,163,164,165,166,167,168,169,170,171,172,173,174,175,176,177,178,179,180,181,182,183,184,185,186,187,188,189,190,191,192,193,194,195,196,197,198,199];False
7768;9020;16788;[42,52,11,3,26,43,18,30,25,9,4,1,12,32,14,15,124,8,16,19,61,41,22,23,24,69,5,27,28,56,63,31,29,33,17,35,36,37,38,39,40,49,86,7,44,45,60,47,48,21,50,51,53,13,54,55,6,57,58,59,2,0,62,46,64,10,66,117,68,20,70,71,72,65,74,75,67,77,76,79,80,81,82,83,84,85,92,87,88,89,73,91,78,93,94,95,96,97,98,99,100,101,102,103,104,105,106,107,108,109,110,111,112,113,114,115,116,34,118,119,120,121,122,123,90,125,126,127,128,129,130,131,132,133,134,135,136,137,138,139,140,141,142,143,144,145,146,147,148,149,150,151,152,153,154,155,156,157,158,159,160,161,162,163,164,165,166,167,168,169,170,171,172,173,174,175,176,177,178,179,180,181,182,183,184,185,186,187,188,189,190,191,192,193,194,195,196,197,198,199];False
7695;9039;16734;[60,52,11,3,26,43,18,30,25,9,4,1,12,32,14,15,124,8,16,19,61,41,22,23,24,69,5,27,28,56,63,31,29,33,17,35,36,37,38,39,40,49,42,7,44,45,86,47,48,21,50,51,53,13,54,55,6,57,58,59,2,0,62,46,64,10,66,117,68,20,70,71,72,65,74,75,67,77,76,79,80,81,82,83,84,85,92,87,88,89,73,91,78,93,94,95,96,97,98,99,100,101,102,103,104,105,106,107,108,109,110,111,112,113,114,115,116,34,118,119,120,121,122,123,90,125,126,127,128,129,130,131,132,133,134,135,136,137,138,139,140,141,142,143,144,145,146,147,148,149,150,151,152,153,154,155,156,157,158,159,160,161,162,163,164,165,166,167,168,169,170,171,172,173,174,175,176,177,178,179,180,181,182,183,184,185,186,187,188,189,190,191,192,193,194,195,196,197,198,199];False
7835;9013;16848;[13,52,11,3,26,43,18,30,25,9,4,1,12,32,14,15,124,8,16,19,61,41,22,23,24,69,5,27,28,56,63,31,29,33,17,35,36,37,38,39,40,49,42,7,44,45,60,47,48,21,50,51,53,86,54,55,6,57,58,59,2,0,62,46,64,10,66,117,68,20,70,71,72,65,74,75,67,77,76,79,80,81,82,83,84,85,92,87,88,89,73,91,78,93,94,95,96,97,98,99,100,101,102,103,104,105,106,107,108,109,110,111,112,113,114,115,116,34,118,119,120,121,122,123,90,125,126,127,128,129,130,131,132,133,134,135,136,137,138,139,140,141,142,143,144,145,146,147,148,149,150,151,152,153,154,155,156,157,158,159,160,161,162,163,164,165,166,167,168,169,170,171,172,173,174,175,176,177,178,179,180,181,182,183,184,185,186,187,188,189,190,191,192,193,194,195,196,197,198,199];False
7721;9035;16756;[54,52,11,3,26,43,18,30,25,9,4,1,12,32,14,15,124,8,16,19,61,41,22,23,24,69,5,27,28,56,63,31,29,33,17,35,36,37,38,39,40,49,42,7,44,45,60,47,48,21,50,51,53,13,86,55,6,57,58,59,2,0,62,46,64,10,66,117,68,20,70,71,72,65,74,75,67,77,76,79,80,81,82,83,84,85,92,87,88,89,73,91,78,93,94,95,96,97,98,99,100,101,102,103,104,105,106,107,108,109,110,111,112,113,114,115,116,34,118,119,120,121,122,123,90,125,126,127,128,129,130,131,132,133,134,135,136,137,138,139,140,141,142,143,144,145,146,147,148,149,150,151,152,153,154,155,156,157,158,159,160,161,162,163,164,165,166,167,168,169,170,171,172,173,174,175,176,177,178,179,180,181,182,183,184,185,186,187,188,189,190,191,192,193,194,195,196,197,198,199];False
7749;9013;16762;[6,52,11,3,26,43,18,30,25,9,4,1,12,32,14,15,124,8,16,19,61,41,22,23,24,69,5,27,28,56,63,31,29,33,17,35,36,37,38,39,40,49,42,7,44,45,60,47,48,21,50,51,53,13,54,55,86,57,58,59,2,0,62,46,64,10,66,117,68,20,70,71,72,65,74,75,67,77,76,79,80,81,82,83,84,85,92,87,88,89,73,91,78,93,94,95,96,97,98,99,100,101,102,103,104,105,106,107,108,109,110,111,112,113,114,115,116,34,118,119,120,121,122,123,90,125,126,127,128,129,130,131,132,133,134,135,136,137,138,139,140,141,142,143,144,145,146,147,148,149,150,151,152,153,154,155,156,157,158,159,160,161,162,163,164,165,166,167,168,169,170,171,172,173,174,175,176,177,178,179,180,181,182,183,184,185,186,187,188,189,190,191,192,193,194,195,196,197,198,199];False
7723;9011;16734;[46,52,11,3,26,43,18,30,25,9,4,1,12,32,14,15,124,8,16,19,61,41,22,23,24,69,5,27,28,56,63,31,29,33,17,35,36,37,38,39,40,49,42,7,44,45,60,47,48,21,50,51,53,13,54,55,6,57,58,59,2,0,62,86,64,10,66,117,68,20,70,71,72,65,74,75,67,77,76,79,80,81,82,83,84,85,92,87,88,89,73,91,78,93,94,95,96,97,98,99,100,101,102,103,104,105,106,107,108,109,110,111,112,113,114,115,116,34,118,119,120,121,122,123,90,125,126,127,128,129,130,131,132,133,134,135,136,137,138,139,140,141,142,143,144,145,146,147,148,149,150,151,152,153,154,155,156,157,158,159,160,161,162,163,164,165,166,167,168,169,170,171,172,173,174,175,176,177,178,179,180,181,182,183,184,185,186,187,188,189,190,191,192,193,194,195,196,197,198,199];False
7614;9139;16753;[61,52,11,3,26,43,18,30,25,9,4,1,12,32,14,15,124,86,16,19,81,41,22,23,24,69,5,27,28,56,63,31,29,33,17,35,36,37,38,39,40,49,42,7,44,45,60,47,48,21,50,51,53,13,54,55,6,57,58,59,2,0,62,46,64,10,66,117,68,20,70,71,72,65,74,75,67,77,78,79,80,8,82,83,84,85,76,87,88,89,73,91,92,93,94,95,96,97,98,99,100,101,102,103,104,105,106,107,108,109,110,111,112,113,114,115,116,34,118,119,120,121,122,123,90,125,126,127,128,129,130,131,132,133,134,135,136,137,138,139,140,141,142,143,144,145,146,147,148,149,150,151,152,153,154,155,156,157,158,159,160,161,162,163,164,165,166,167,168,169,170,171,172,173,174,175,176,177,178,179,180,181,182,183,184,185,186,187,188,189,190,191,192,193,194,195,196,197,198,199];False
7663;9120;16783;[40,52,11,3,26,43,18,30,25,9,4,1,12,32,14,15,124,86,16,19,61,41,22,23,24,69,5,27,28,56,63,31,29,33,17,35,36,37,38,39,81,49,42,7,44,45,60,47,48,21,50,51,53,13,54,55,6,57,58,59,2,0,62,46,64,10,66,117,68,20,70,71,72,65,74,75,67,77,78,79,80,8,82,83,84,85,76,87,88,89,73,91,92,93,94,95,96,97,98,99,100,101,102,103,104,105,106,107,108,109,110,111,112,113,114,115,116,34,118,119,120,121,122,123,90,125,126,127,128,129,130,131,132,133,134,135,136,137,138,139,140,141,142,143,144,145,146,147,148,149,150,151,152,153,154,155,156,157,158,159,160,161,162,163,164,165,166,167,168,169,170,171,172,173,174,175,176,177,178,179,180,181,182,183,184,185,186,187,188,189,190,191,192,193,194,195,196,197,198,199];False
7644;9117;16761;[77,52,11,3,26,43,18,30,25,9,4,1,12,32,14,15,124,86,16,19,61,41,22,23,24,69,5,27,28,56,63,31,29,33,17,35,36,37,38,39,40,49,42,7,44,45,60,47,48,21,50,51,53,13,54,55,6,57,58,59,2,0,62,46,64,10,66,117,68,20,70,71,72,65,74,75,67,81,78,79,80,8,82,83,84,85,76,87,88,89,73,91,92,93,94,95,96,97,98,99,100,101,102,103,104,105,106,107,108,109,110,111,112,113,114,115,116,34,118,119,120,121,122,123,90,125,126,127,128,129,130,131,132,133,134,135,136,137,138,139,140,141,142,143,144,145,146,147,148,149,150,151,152,153,154,155,156,157,158,159,160,161,162,163,164,165,166,167,168,169,170,171,172,173,174,175,176,177,178,179,180,181,182,183,184,185,186,187,188,189,190,191,192,193,194,195,196,197,198,199];False
8040;8977;17017;[9,117,11,3,26,43,18,30,8,105,69,1,12,32,14,15,20,65,16,19,61,41,22,23,24,25,5,27,28,56,63,31,29,33,17,35,36,93,38,39,40,49,42,7,44,45,60,47,48,21,50,51,53,13,54,55,6,57,58,59,2,0,62,52,64,10,66,67,68,37,70,71,72,90,74,75,76,77,78,79,80,81,46,83,84,85,86,87,88,89,4,91,73,92,94,95,96,97,98,99,100,101,102,103,104,106,194,107,108,109,110,111,112,113,114,115,116,34,118,119,120,121,122,123,124,125,126,127,128,129,130,131,132,133,134,135,136,137,138,139,140,141,142,143,144,145,146,147,148,149,150,151,152,153,154,155,156,157,158,159,160,161,162,163,164,165,166,167,168,169,170,171,172,173,174,175,176,177,178,179,180,181,182,183,184,185,186,187,188,189,190,191,192,193,82,195,196,197,198,199];False
8095;8956;17051;[20,117,11,3,26,43,18,30,8,9,69,1,12,32,14,15,108,65,16,19,61,41,22,23,24,25,5,27,28,56,63,31,29,33,17,35,36,93,38,39,40,49,42,7,44,45,60,47,48,21,50,51,53,13,54,55,6,57,58,59,2,0,62,52,64,10,66,67,68,37,70,71,72,90,74,75,76,77,78,79,80,81,46,83,84,85,86,87,88,89,4,91,73,92,94,95,96,97,98,99,100,101,102,103,104,105,194,107,106,109,110,111,112,113,114,115,116,34,118,119,120,121,122,123,124,125,126,127,128,129,130,131,132,133,134,135,136,137,138,139,140,141,142,143,144,145,146,147,148,149,150,151,152,153,154,155,156,157,158,159,160,161,162,163,164,165,166,167,168,169,170,171,172,173,174,175,176,177,178,179,180,181,182,183,184,185,186,187,188,189,190,191,192,193,82,195,196,197,198,199];False
8118;8952;17070;[16,117,11,3,26,43,18,30,8,9,69,1,12,32,14,15,20,65,108,19,61,41,22,23,24,25,5,27,28,56,63,31,29,33,17,35,36,93,38,39,40,49,42,7,44,45,60,47,48,21,50,51,53,13,54,55,6,57,58,59,2,0,62,52,64,10,66,67,68,37,70,71,72,90,74,75,76,77,78,79,80,81,46,83,84,85,86,87,88,89,4,91,73,92,94,95,96,97,98,99,100,101,102,103,104,105,194,107,106,109,110,111,112,113,114,115,116,34,118,119,120,121,122,123,124,125,126,127,128,129,130,131,132,133,134,135,136,137,138,139,140,141,142,143,144,145,146,147,148,149,150,151,152,153,154,155,156,157,158,159,160,161,162,163,164,165,166,167,168,169,170,171,172,173,174,175,176,177,178,179,180,181,182,183,184,185,186,187,188,189,190,191,192,193,82,195,196,197,198,199];False
8101;8935;17036;[90,117,11,3,26,43,18,30,8,9,69,1,12,32,14,15,20,65,16,19,61,41,22,23,24,25,5,27,28,56,63,31,29,33,17,35,36,93,38,39,40,49,42,7,44,45,60,47,48,21,50,51,53,13,54,55,6,57,58,59,2,0,62,52,64,10,66,67,68,37,70,71,72,108,74,75,76,77,78,79,80,81,46,83,84,85,86,87,88,89,4,91,73,92,94,95,96,97,98,99,100,101,102,103,104,105,194,107,106,109,110,111,112,113,114,115,116,34,118,119,120,121,122,123,124,125,126,127,128,129,130,131,132,133,134,135,136,137,138,139,140,141,142,143,144,145,146,147,148,149,150,151,152,153,154,155,156,157,158,159,160,161,162,163,164,165,166,167,168,169,170,171,172,173,174,175,176,177,178,179,180,181,182,183,184,185,186,187,188,189,190,191,192,193,82,195,196,197,198,199];False
8078;8976;17054;[84,117,11,3,26,43,18,30,8,9,69,1,12,32,14,15,20,65,16,19,61,41,22,23,24,25,5,27,28,56,63,31,29,33,17,35,36,93,38,39,40,49,42,7,44,45,60,47,48,21,50,51,53,13,54,55,6,57,58,59,2,0,62,52,64,10,66,67,68,37,70,71,72,90,74,75,76,77,78,79,80,81,46,83,108,85,86,87,88,89,4,91,73,92,94,95,96,97,98,99,100,101,102,103,104,105,194,107,106,109,110,111,112,113,114,115,116,34,118,119,120,121,122,123,124,125,126,127,128,129,130,131,132,133,134,135,136,137,138,139,140,141,142,143,144,145,146,147,148,149,150,151,152,153,154,155,156,157,158,159,160,161,162,163,164,165,166,167,168,169,170,171,172,173,174,175,176,177,178,179,180,181,182,183,184,185,186,187,188,189,190,191,192,193,82,195,196,197,198,199];False
8050;8966;17016;[94,117,11,3,26,43,18,30,8,9,69,1,12,32,14,15,20,65,16,19,61,41,22,23,24,25,5,27,28,56,63,31,29,33,17,35,36,93,38,39,40,49,42,7,44,45,60,47,48,21,50,51,53,13,54,55,6,57,58,59,2,0,62,52,64,10,66,67,68,37,70,71,72,90,74,75,76,77,78,79,80,81,46,83,84,85,86,87,88,89,4,91,73,92,108,95,96,97,98,99,100,101,102,103,104,105,194,107,106,109,110,111,112,113,114,115,116,34,118,119,120,121,122,123,124,125,126,127,128,129,130,131,132,133,134,135,136,137,138,139,140,141,142,143,144,145,146,147,148,149,150,151,152,153,154,155,156,157,158,159,160,161,162,163,164,165,166,167,168,169,170,171,172,173,174,175,176,177,178,179,180,181,182,183,184,185,186,187,188,189,190,191,192,193,82,195,196,197,198,199];False
7952;8978;16930;[124,117,11,3,26,43,18,30,8,9,69,1,12,32,14,15,20,65,16,19,61,41,22,23,24,25,5,27,28,56,63,31,29,33,17,35,36,93,38,39,40,49,42,7,44,45,60,47,48,21,50,51,53,13,54,55,6,57,58,59,2,0,62,52,64,10,66,67,68,37,70,71,72,90,74,75,76,77,78,79,80,81,46,83,84,85,86,87,88,89,4,91,73,92,94,95,96,97,98,99,100,101,102,103,104,105,194,107,106,109,110,111,112,113,114,115,116,34,118,119,120,121,122,123,108,125,126,127,128,129,130,131,132,133,134,135,136,137,138,139,140,141,142,143,144,145,146,147,148,149,150,151,152,153,154,155,156,157,158,159,160,161,162,163,164,165,166,167,168,169,170,171,172,173,174,175,176,177,178,179,180,181,182,183,184,185,186,187,188,189,190,191,192,193,82,195,196,197,198,199];False
8056;8962;17018;[125,117,11,3,26,43,18,30,8,9,69,1,12,32,14,15,20,65,16,19,61,41,22,23,24,25,5,27,28,56,63,31,29,33,17,35,36,93,38,39,40,49,42,7,44,45,60,47,48,21,50,51,53,13,54,55,6,57,58,59,2,0,62,52,64,10,66,67,68,37,70,71,72,90,74,75,76,77,78,79,80,81,46,83,84,85,86,87,88,89,4,91,73,92,94,95,96,97,98,99,100,101,102,103,104,105,194,107,106,109,110,111,112,113,114,115,116,34,118,119,120,121,122,123,124,108,126,127,128,129,130,131,132,133,134,135,136,137,138,139,140,141,142,143,144,145,146,147,148,149,150,151,152,153,154,155,156,157,158,159,160,161,162,163,164,165,166,167,168,169,170,171,172,173,174,175,176,177,178,179,180,181,182,183,184,185,186,187,188,189,190,191,192,193,82,195,196,197,198,199];False
7620;9116;16736;[117,52,93,3,26,43,18,30,124,9,4,1,12,32,14,15,16,60,64,19,25,41,22,23,24,69,5,27,28,56,63,31,29,33,17,35,36,37,38,39,40,49,42,7,44,45,86,47,48,21,50,51,0,11,54,55,6,57,58,59,2,61,62,67,13,46,66,10,68,20,70,71,72,65,74,75,76,77,53,79,80,81,82,83,84,85,92,87,88,89,73,91,109,8,94,95,96,97,98,99,100,101,102,103,104,105,106,107,108,78,110,111,112,113,114,115,116,34,118,119,120,121,122,123,90,125,126,127,128,129,130,131,132,133,134,135,136,137,138,139,140,141,142,143,144,145,146,147,148,149,150,151,152,153,154,155,156,157,158,159,160,161,162,163,164,165,166,167,168,169,170,171,172,173,174,175,176,177,178,179,180,181,182,183,184,185,186,187,188,189,190,191,192,193,194,195,196,197,198,199];False
7521;9171;16692;[146,52,93,3,26,43,18,30,124,9,4,1,12,32,14,15,16,60,64,19,25,41,22,23,24,69,5,27,28,56,63,31,29,33,17,35,36,37,38,39,40,49,42,7,44,45,86,47,48,21,50,51,0,11,54,55,6,57,58,59,2,61,62,67,13,46,66,10,68,20,70,71,72,65,74,75,76,77,53,79,80,81,82,83,84,85,92,87,88,89,73,91,109,8,94,95,96,97,98,99,100,101,102,103,104,105,106,107,108,78,110,111,112,113,114,115,116,117,118,119,120,121,122,123,90,125,126,127,128,129,130,131,132,133,134,135,136,137,138,139,140,141,142,143,144,145,34,147,148,149,150,151,152,153,154,155,156,157,158,159,160,161,162,163,164,165,166,167,168,169,170,171,172,173,174,175,176,177,178,179,180,181,182,183,184,185,186,187,188,189,190,191,192,193,194,195,196,197,198,199];False
7505;9179;16684;[149,52,93,3,26,43,18,30,124,9,4,1,12,32,14,15,16,60,64,19,25,41,22,23,24,69,5,27,28,56,63,31,29,33,17,35,36,37,38,39,40,49,42,7,44,45,86,47,48,21,50,51,0,11,54,55,6,57,58,59,2,61,62,67,13,46,66,10,68,20,70,71,72,65,74,75,76,77,53,79,80,81,82,83,84,85,92,87,88,89,73,91,109,8,94,95,96,97,98,99,100,101,102,103,104,105,106,107,108,78,110,111,112,113,114,115,116,117,118,119,120,121,122,123,90,125,126,127,128,129,130,131,132,133,134,135,136,137,138,139,140,141,142,143,144,145,146,147,148,34,150,151,152,153,154,155,156,157,158,159,160,161,162,163,164,165,166,167,168,169,170,171,172,173,174,175,176,177,178,179,180,181,182,183,184,185,186,187,188,189,190,191,192,193,194,195,196,197,198,199];False
7484;9177;16661;[151,52,93,3,26,43,18,30,124,9,4,1,12,32,14,15,16,60,64,19,25,41,22,23,24,69,5,27,28,56,63,31,29,33,17,35,36,37,38,39,40,49,42,7,44,45,86,47,48,21,50,51,0,11,54,55,6,57,58,59,2,61,62,67,13,46,66,10,68,20,70,71,72,65,74,75,76,77,53,79,80,81,82,83,84,85,92,87,88,89,73,91,109,8,94,95,96,97,98,99,100,101,102,103,104,105,106,107,108,78,110,111,112,113,114,115,116,117,118,119,120,121,122,123,90,125,126,127,128,129,130,131,132,133,134,135,136,137,138,139,140,141,142,143,144,145,146,147,148,149,150,34,152,153,154,155,156,157,158,159,160,161,162,163,164,165,166,167,168,169,170,171,172,173,174,175,176,177,178,179,180,181,182,183,184,185,186,187,188,189,190,191,192,193,194,195,196,197,198,199];False
7538;9169;16707;[154,52,93,3,26,43,18,30,124,9,4,1,12,32,14,15,16,60,64,19,25,41,22,23,24,69,5,27,28,56,63,31,29,33,17,35,36,37,38,39,40,49,42,7,44,45,86,47,48,21,50,51,0,11,54,55,6,57,58,59,2,61,62,67,13,46,66,10,68,20,70,71,72,65,74,75,76,77,53,79,80,81,82,83,84,85,92,87,88,89,73,91,109,8,94,95,96,97,98,99,100,101,102,103,104,105,106,107,108,78,110,111,112,113,114,115,116,117,118,119,120,121,122,123,90,125,126,127,128,129,130,131,132,133,134,135,136,137,138,139,140,141,142,143,144,145,146,147,148,149,150,151,152,153,34,155,156,157,158,159,160,161,162,163,164,165,166,167,168,169,170,171,172,173,174,175,176,177,178,179,180,181,182,183,184,185,186,187,188,189,190,191,192,193,194,195,196,197,198,199];False
7571;9159;16730;[158,52,93,3,26,43,18,30,124,9,4,1,12,32,14,15,16,60,64,19,25,41,22,23,24,69,5,27,28,56,63,31,29,33,17,35,36,37,38,39,40,49,42,7,44,45,86,47,48,21,50,51,0,11,54,55,6,57,58,59,2,61,62,67,13,46,66,10,68,20,70,71,72,65,74,75,76,77,53,79,80,81,82,83,84,85,92,87,88,89,73,91,109,8,94,95,96,97,98,99,100,101,102,103,104,105,106,107,108,78,110,111,112,113,114,115,116,117,118,119,120,121,122,123,90,125,126,127,128,129,130,131,132,133,134,135,136,137,138,139,140,141,142,143,144,145,146,147,148,149,150,151,152,153,154,155,156,157,34,159,160,161,162,163,164,165,166,167,168,169,170,171,172,173,174,175,176,177,178,179,180,181,182,183,184,185,186,187,188,189,190,191,192,193,194,195,196,197,198,199];False
7468;9194;16662;[185,52,93,3,26,43,18,30,124,9,4,1,12,32,14,15,16,60,64,19,25,41,22,23,24,69,5,27,28,56,63,31,29,33,17,35,36,37,38,39,40,49,42,7,44,45,86,47,48,21,50,51,0,11,54,55,6,57,58,59,2,61,62,67,13,46,66,10,68,20,70,71,72,65,74,75,76,77,53,79,80,81,82,83,84,85,92,87,88,89,73,91,109,8,94,95,96,97,98,99,100,101,102,103,104,105,106,107,108,78,110,111,112,113,114,115,116,117,118,119,120,121,122,123,90,125,126,127,128,129,130,131,132,133,134,135,136,137,138,139,140,141,142,143,144,145,146,147,148,149,150,151,152,153,154,155,156,157,158,159,160,161,162,163,164,165,166,167,168,169,170,171,172,173,174,175,176,177,178,179,180,181,182,183,184,34,186,187,188,189,190,191,192,193,194,195,196,197,198,199];False
7592;9157;16749;[199,52,93,3,26,43,18,30,124,9,4,1,12,32,14,15,16,60,64,19,25,41,22,23,24,69,5,27,28,56,63,31,29,33,17,35,36,37,38,39,40,49,42,7,44,45,86,47,48,21,50,51,0,11,54,55,6,57,58,59,2,61,62,67,13,46,66,10,68,20,70,71,72,65,74,75,76,77,53,79,80,81,82,83,84,85,92,87,88,89,73,91,109,8,94,95,96,97,98,99,100,101,102,103,104,105,106,107,108,78,110,111,112,113,114,115,116,117,118,119,120,121,122,123,90,125,126,127,128,129,130,131,132,133,134,135,136,137,138,139,140,141,142,143,144,145,146,147,148,149,150,151,152,153,154,155,156,157,158,159,160,161,162,163,164,165,166,167,168,169,170,171,172,173,174,175,176,177,178,179,180,181,182,183,184,185,186,187,188,189,190,191,192,193,194,195,196,197,198,34];False
7613;9154;16767;[34,4,93,3,26,43,18,30,124,9,52,1,12,32,14,15,16,60,64,19,25,41,22,23,24,69,5,27,28,56,63,31,29,33,17,35,36,37,38,39,40,49,42,7,44,45,86,47,48,21,50,51,0,11,54,55,6,57,58,59,2,61,62,67,13,46,66,10,68,20,70,71,72,65,74,75,76,77,53,79,80,81,82,83,84,85,92,87,88,89,73,91,109,8,94,95,96,97,98,99,100,101,102,103,104,105,106,107,108,78,110,111,112,113,114,115,116,117,118,119,120,121,122,123,90,125,126,127,128,129,130,131,132,133,134,135,136,137,138,139,140,141,142,143,144,145,146,147,148,149,150,151,152,153,154,155,156,157,158,159,160,161,162,163,164,165,166,167,168,169,170,171,172,173,174,175,176,177,178,179,180,181,182,183,184,185,186,187,188,189,190,191,192,193,194,195,196,197,198,199];False
8432;8913;17345;[69,117,11,3,26,43,18,30,25,9,14,1,12,32,46,15,65,8,16,19,61,41,22,23,24,82,5,27,28,56,63,31,29,33,20,35,36,37,38,39,40,49,42,7,44,45,60,47,48,21,50,51,53,13,54,55,6,57,58,59,2,0,62,52,64,10,66,67,68,17,70,71,72,73,74,75,76,77,78,79,80,81,107,83,84,85,86,87,88,89,4,91,90,93,94,95,96,97,98,99,100,101,102,103,104,105,106,92,108,109,110,111,112,113,114,115,116,34,118,119,120,121,122,123,124,125,126,127,128,129,130,131,132,133,134,135,136,137,138,139,140,141,142,143,144,145,146,147,148,149,150,151,152,153,154,155,156,157,158,159,160,161,162,163,164,165,166,167,168,169,170,171,172,173,174,175,176,177,178,179,180,181,182,183,184,185,186,187,188,189,190,191,192,193,194,195,196,197,198,199];False
8614;8887;17501;[16,117,11,3,26,43,18,30,25,9,69,1,12,32,46,15,65,8,14,19,61,41,22,23,24,82,5,27,28,56,63,31,29,33,20,35,36,37,38,39,40,49,42,7,44,45,60,47,48,21,50,51,53,13,54,55,6,57,58,59,2,0,62,52,64,10,66,67,68,17,70,71,72,73,74,75,76,77,78,79,80,81,107,83,84,85,86,87,88,89,4,91,90,93,94,95,96,97,98,99,100,101,102,103,104,105,106,92,108,109,110,111,112,113,114,115,116,34,118,119,120,121,122,123,124,125,126,127,128,129,130,131,132,133,134,135,136,137,138,139,140,141,142,143,144,145,146,147,148,149,150,151,152,153,154,155,156,157,158,159,160,161,162,163,164,165,166,167,168,169,170,171,172,173,174,175,176,177,178,179,180,181,182,183,184,185,186,187,188,189,190,191,192,193,194,195,196,197,198,199];False
8491;8900;17391;[19,117,11,3,26,43,18,30,25,9,69,1,12,32,46,15,65,8,16,14,61,41,22,23,24,82,5,27,28,56,63,31,29,33,20,35,36,37,38,39,40,49,42,7,44,45,60,47,48,21,50,51,53,13,54,55,6,57,58,59,2,0,62,52,64,10,66,67,68,17,70,71,72,73,74,75,76,77,78,79,80,81,107,83,84,85,86,87,88,89,4,91,90,93,94,95,96,97,98,99,100,101,102,103,104,105,106,92,108,109,110,111,112,113,114,115,116,34,118,119,120,121,122,123,124,125,126,127,128,129,130,131,132,133,134,135,136,137,138,139,140,141,142,143,144,145,146,147,148,149,150,151,152,153,154,155,156,157,158,159,160,161,162,163,164,165,166,167,168,169,170,171,172,173,174,175,176,177,178,179,180,181,182,183,184,185,186,187,188,189,190,191,192,193,194,195,196,197,198,199];False
8467;8903;17370;[82,117,11,3,26,43,18,30,25,9,69,1,12,32,14,15,65,8,46,19,61,41,22,23,24,16,5,27,28,56,63,31,29,33,20,35,36,37,38,39,40,49,42,7,44,45,60,47,48,21,50,51,53,13,54,55,6,57,58,59,2,0,62,52,64,10,66,67,68,17,70,71,72,73,74,75,76,77,78,79,80,81,107,83,84,85,86,87,88,89,4,91,90,93,94,95,96,97,98,99,100,101,102,103,104,105,106,92,108,109,110,111,112,113,114,115,116,34,118,119,120,121,122,123,124,125,126,127,128,129,130,131,132,133,134,135,136,137,138,139,140,141,142,143,144,145,146,147,148,149,150,151,152,153,154,155,156,157,158,159,160,161,162,163,164,165,166,167,168,169,170,171,172,173,174,175,176,177,178,179,180,181,182,183,184,185,186,187,188,189,190,191,192,193,194,195,196,197,198,199];False
8461;8900;17361;[53,117,11,3,26,43,18,30,25,9,69,1,12,32,14,15,65,8,46,19,61,41,22,23,24,82,5,27,28,56,63,31,29,33,20,35,36,37,38,39,40,49,42,7,44,45,60,47,48,21,50,51,16,13,54,55,6,57,58,59,2,0,62,52,64,10,66,67,68,17,70,71,72,73,74,75,76,77,78,79,80,81,107,83,84,85,86,87,88,89,4,91,90,93,94,95,96,97,98,99,100,101,102,103,104,105,106,92,108,109,110,111,112,113,114,115,116,34,118,119,120,121,122,123,124,125,126,127,128,129,130,131,132,133,134,135,136,137,138,139,140,141,142,143,144,145,146,147,148,149,150,151,152,153,154,155,156,157,158,159,160,161,162,163,164,165,166,167,168,169,170,171,172,173,174,175,176,177,178,179,180,181,182,183,184,185,186,187,188,189,190,191,192,193,194,195,196,197,198,199];False
8444;8907;17351;[106,117,11,3,26,43,18,30,25,9,69,1,12,32,14,15,65,8,46,19,61,41,22,23,24,82,5,27,28,56,63,31,29,33,20,35,36,37,38,39,40,49,42,7,44,45,60,47,48,21,50,51,53,13,54,55,6,57,58,59,2,0,62,52,64,10,66,67,68,17,70,71,72,73,74,75,76,77,78,79,80,81,107,83,84,85,86,87,88,89,4,91,90,93,94,95,96,97,98,99,100,101,102,103,104,105,16,92,108,109,110,111,112,113,114,115,116,34,118,119,120,121,122,123,124,125,126,127,128,129,130,131,132,133,134,135,136,137,138,139,140,141,142,143,144,145,146,147,148,149,150,151,152,153,154,155,156,157,158,159,160,161,162,163,164,165,166,167,168,169,170,171,172,173,174,175,176,177,178,179,180,181,182,183,184,185,186,187,188,189,190,191,192,193,194,195,196,197,198,199];False
8396;8915;17311;[90,117,11,3,26,43,18,30,25,9,69,1,12,32,14,15,65,8,16,19,61,41,22,23,24,46,5,27,28,56,63,31,29,33,20,35,36,37,38,39,40,49,42,7,44,45,60,47,48,21,50,51,53,13,54,55,6,57,58,59,2,0,62,52,64,10,66,67,68,17,70,71,72,73,74,75,76,77,78,79,80,81,107,83,84,85,86,87,88,89,4,91,82,93,94,95,96,97,98,99,100,101,102,103,104,105,106,92,108,109,110,111,112,113,114,115,116,34,118,119,120,121,122,123,124,125,126,127,128,129,130,131,132,133,134,135,136,137,138,139,140,141,142,143,144,145,146,147,148,149,150,151,152,153,154,155,156,157,158,159,160,161,162,163,164,165,166,167,168,169,170,171,172,173,174,175,176,177,178,179,180,181,182,183,184,185,186,187,188,189,190,191,192,193,194,195,196,197,198,199];False
8415;8913;17328;[99,117,11,3,26,43,18,30,25,9,69,1,12,32,14,15,65,8,16,19,61,41,22,23,24,46,5,27,28,56,63,31,29,33,20,35,36,37,38,39,40,49,42,7,44,45,60,47,48,21,50,51,53,13,54,55,6,57,58,59,2,0,62,52,64,10,66,67,68,17,70,71,72,73,74,75,76,77,78,79,80,81,107,83,84,85,86,87,88,89,4,91,90,93,94,95,96,97,98,82,100,101,102,103,104,105,106,92,108,109,110,111,112,113,114,115,116,34,118,119,120,121,122,123,124,125,126,127,128,129,130,131,132,133,134,135,136,137,138,139,140,141,142,143,144,145,146,147,148,149,150,151,152,153,154,155,156,157,158,159,160,161,162,163,164,165,166,167,168,169,170,171,172,173,174,175,176,177,178,179,180,181,182,183,184,185,186,187,188,189,190,191,192,193,194,195,196,197,198,199];False
8280;8929;17209;[143,117,11,3,26,43,18,30,25,9,69,1,12,32,14,15,65,8,16,19,61,41,22,23,24,46,5,27,28,56,63,31,29,33,20,35,36,37,38,39,40,49,42,7,44,45,60,47,48,21,50,51,53,13,54,55,6,57,58,59,2,0,62,52,64,10,66,67,68,17,70,71,72,73,74,75,76,77,78,79,80,81,107,83,84,85,86,87,88,89,4,91,90,93,94,95,96,97,98,99,100,101,102,103,104,105,106,92,108,109,110,111,112,113,114,115,116,34,118,119,120,121,122,123,124,125,126,127,128,129,130,131,132,133,134,135,136,137,138,139,140,141,142,82,144,145,146,147,148,149,150,151,152,153,154,155,156,157,158,159,160,161,162,163,164,165,166,167,168,169,170,171,172,173,174,175,176,177,178,179,180,181,182,183,184,185,186,187,188,189,190,191,192,193,194,195,196,197,198,199];False
8318;8919;17237;[174,117,11,3,26,43,18,30,25,9,69,1,12,32,14,15,65,8,16,19,61,41,22,23,24,46,5,27,28,56,63,31,29,33,20,35,36,37,38,39,40,49,42,7,44,45,60,47,48,21,50,51,53,13,54,55,6,57,58,59,2,0,62,52,64,10,66,67,68,17,70,71,72,73,74,75,76,77,78,79,80,81,107,83,84,85,86,87,88,89,4,91,90,93,94,95,96,97,98,99,100,101,102,103,104,105,106,92,108,109,110,111,112,113,114,115,116,34,118,119,120,121,122,123,124,125,126,127,128,129,130,131,132,133,134,135,136,137,138,139,140,141,142,143,144,145,146,147,148,149,150,151,152,153,154,155,156,157,158,159,160,161,162,163,164,165,166,167,168,169,170,171,172,173,82,175,176,177,178,179,180,181,182,183,184,185,186,187,188,189,190,191,192,193,194,195,196,197,198,199];False
8323;8913;17236;[194,117,11,3,26,43,18,30,25,9,69,1,12,32,14,15,65,8,16,19,61,41,22,23,24,46,5,27,28,56,63,31,29,33,20,35,36,37,38,39,40,49,42,7,44,45,60,47,48,21,50,51,53,13,54,55,6,57,58,59,2,0,62,52,64,10,66,67,68,17,70,71,72,73,74,75,76,77,78,79,80,81,107,83,84,85,86,87,88,89,4,91,90,93,94,95,96,97,98,99,100,101,102,103,104,105,106,92,108,109,110,111,112,113,114,115,116,34,118,119,120,121,122,123,124,125,126,127,128,129,130,131,132,133,134,135,136,137,138,139,140,141,142,143,144,145,146,147,148,149,150,151,152,153,154,155,156,157,158,159,160,161,162,163,164,165,166,167,168,169,170,171,172,173,174,175,176,177,178,179,180,181,182,183,184,185,186,187,188,189,190,191,192,193,82,195,196,197,198,199];False
7845;8975;16820;[52,141,11,3,26,43,18,30,25,9,4,1,12,32,14,15,124,8,16,19,61,41,22,23,24,69,5,27,28,56,63,31,29,33,17,35,36,37,38,39,40,49,42,7,44,45,60,47,48,21,92,51,53,13,54,55,6,57,58,59,2,0,62,46,64,10,66,117,68,20,70,71,72,65,74,75,67,77,76,79,80,81,82,83,84,85,86,87,88,89,73,91,78,93,94,95,96,97,98,99,100,101,102,103,104,105,106,107,108,109,110,111,112,113,114,115,116,34,118,119,120,121,122,123,90,125,126,127,128,129,130,131,132,133,134,135,136,137,138,139,140,50,142,143,144,145,146,147,148,149,150,151,152,153,154,155,156,157,158,159,160,161,162,163,164,165,166,167,168,169,170,171,172,173,174,175,176,177,178,179,180,181,182,183,184,185,186,187,188,189,190,191,192,193,194,195,196,197,198,199];False
7647;9106;16753;[25,52,11,3,26,43,18,30,8,9,4,1,12,32,14,15,124,86,16,19,61,41,22,23,24,69,5,27,28,56,63,31,29,33,17,35,36,37,38,39,40,49,42,7,44,45,60,47,48,21,50,51,53,13,54,55,6,57,58,59,2,0,62,46,64,10,66,117,68,20,70,71,72,65,74,75,67,77,76,79,80,81,82,83,84,85,92,87,88,89,73,91,78,93,94,95,96,97,98,99,100,101,102,103,104,105,106,107,108,109,110,111,112,113,114,115,116,34,118,119,120,121,122,123,90,125,126,127,128,129,130,131,132,133,134,135,136,137,138,139,140,141,142,143,144,145,146,147,148,149,150,151,152,153,154,155,156,157,158,159,160,161,162,163,164,165,166,167,168,169,170,171,172,173,174,175,176,177,178,179,180,181,182,183,184,185,186,187,188,189,190,191,192,193,194,195,196,197,198,199];False
7672;9094;16766;[76,52,11,3,26,43,18,30,25,9,4,1,12,32,14,15,124,86,16,19,61,41,22,23,24,69,5,27,28,56,63,31,29,33,17,35,36,37,38,39,40,49,42,7,44,45,60,47,48,21,50,51,53,13,54,55,6,57,58,59,2,0,62,46,64,10,66,117,68,20,70,71,72,65,74,75,67,77,8,79,80,81,82,83,84,85,92,87,88,89,73,91,78,93,94,95,96,97,98,99,100,101,102,103,104,105,106,107,108,109,110,111,112,113,114,115,116,34,118,119,120,121,122,123,90,125,126,127,128,129,130,131,132,133,134,135,136,137,138,139,140,141,142,143,144,145,146,147,148,149,150,151,152,153,154,155,156,157,158,159,160,161,162,163,164,165,166,167,168,169,170,171,172,173,174,175,176,177,178,179,180,181,182,183,184,185,186,187,188,189,190,191,192,193,194,195,196,197,198,199];False
7634;9094;16728;[80,52,11,3,26,43,18,30,25,9,4,1,12,32,14,15,124,86,16,19,61,41,22,23,24,69,5,27,28,56,63,31,29,33,17,35,36,37,38,39,40,49,42,7,44,45,60,47,48,21,50,51,53,13,54,55,6,57,58,59,2,0,62,46,64,10,66,117,68,20,70,71,72,65,74,75,67,77,76,79,8,81,82,83,84,85,92,87,88,89,73,91,78,93,94,95,96,97,98,99,100,101,102,103,104,105,106,107,108,109,110,111,112,113,114,115,116,34,118,119,120,121,122,123,90,125,126,127,128,129,130,131,132,133,134,135,136,137,138,139,140,141,142,143,144,145,146,147,148,149,150,151,152,153,154,155,156,157,158,159,160,161,162,163,164,165,166,167,168,169,170,171,172,173,174,175,176,177,178,179,180,181,182,183,184,185,186,187,188,189,190,191,192,193,194,195,196,197,198,199];False
7631;9069;16700;[81,52,11,3,26,43,18,30,25,9,4,1,12,32,14,15,124,86,16,19,61,41,22,23,24,69,5,27,28,56,63,31,29,33,17,35,36,37,38,39,40,49,42,7,44,45,60,47,48,21,50,51,53,13,54,55,6,57,58,59,2,0,62,46,64,10,66,117,68,20,70,71,72,65,74,75,67,77,76,79,80,8,82,83,84,85,92,87,88,89,73,91,78,93,94,95,96,97,98,99,100,101,102,103,104,105,106,107,108,109,110,111,112,113,114,115,116,34,118,119,120,121,122,123,90,125,126,127,128,129,130,131,132,133,134,135,136,137,138,139,140,141,142,143,144,145,146,147,148,149,150,151,152,153,154,155,156,157,158,159,160,161,162,163,164,165,166,167,168,169,170,171,172,173,174,175,176,177,178,179,180,181,182,183,184,185,186,187,188,189,190,191,192,193,194,195,196,197,198,199];False
7678;9066;16744;[83,52,11,3,26,43,18,30,25,9,4,1,12,32,14,15,124,86,16,19,61,41,22,23,24,69,5,27,28,56,63,31,29,33,17,35,36,37,38,39,40,49,42,7,44,45,60,47,48,21,50,51,53,13,54,55,6,57,58,59,2,0,62,46,64,10,66,117,68,20,70,71,72,65,74,75,67,77,76,79,80,81,82,8,84,85,92,87,88,89,73,91,78,93,94,95,96,97,98,99,100,101,102,103,104,105,106,107,108,109,110,111,112,113,114,115,116,34,118,119,120,121,122,123,90,125,126,127,128,129,130,131,132,133,134,135,136,137,138,139,140,141,142,143,144,145,146,147,148,149,150,151,152,153,154,155,156,157,158,159,160,161,162,163,164,165,166,167,168,169,170,171,172,173,174,175,176,177,178,179,180,181,182,183,184,185,186,187,188,189,190,191,192,193,194,195,196,197,198,199];False
7666;9046;16712;[3,52,11,60,26,43,18,30,25,9,4,1,12,32,14,15,124,8,16,19,61,41,22,23,24,69,5,27,28,56,63,31,29,33,17,35,36,37,38,39,40,49,42,7,44,45,86,47,48,21,50,51,53,13,54,55,6,57,58,59,2,0,62,46,64,10,66,117,68,20,70,71,72,65,74,75,67,77,76,79,80,81,82,83,84,85,92,87,88,89,73,91,78,93,94,95,96,97,98,99,100,101,102,103,104,105,106,107,108,109,110,111,112,113,114,115,116,34,118,119,120,121,122,123,90,125,126,127,128,129,130,131,132,133,134,135,136,137,138,139,140,141,142,143,144,145,146,147,148,149,150,151,152,153,154,155,156,157,158,159,160,161,162,163,164,165,166,167,168,169,170,171,172,173,174,175,176,177,178,179,180,181,182,183,184,185,186,187,188,189,190,191,192,193,194,195,196,197,198,199];False
7643;9050;16693;[23,52,11,3,26,43,18,30,25,9,4,1,12,32,14,15,124,8,16,19,61,41,22,60,24,69,5,27,28,56,63,31,29,33,17,35,36,37,38,39,40,49,42,7,44,45,86,47,48,21,50,51,53,13,54,55,6,57,58,59,2,0,62,46,64,10,66,117,68,20,70,71,72,65,74,75,67,77,76,79,80,81,82,83,84,85,92,87,88,89,73,91,78,93,94,95,96,97,98,99,100,101,102,103,104,105,106,107,108,109,110,111,112,113,114,115,116,34,118,119,120,121,122,123,90,125,126,127,128,129,130,131,132,133,134,135,136,137,138,139,140,141,142,143,144,145,146,147,148,149,150,151,152,153,154,155,156,157,158,159,160,161,162,163,164,165,166,167,168,169,170,171,172,173,174,175,176,177,178,179,180,181,182,183,184,185,186,187,188,189,190,191,192,193,194,195,196,197,198,199];False
7579;9056;16635;[38,52,11,3,26,43,18,30,25,9,4,1,12,32,14,15,124,8,16,19,61,41,22,23,24,69,5,27,28,56,63,31,29,33,17,35,36,37,60,39,40,49,42,7,44,45,86,47,48,21,50,51,53,13,54,55,6,57,58,59,2,0,62,46,64,10,66,117,68,20,70,71,72,65,74,75,67,77,76,79,80,81,82,83,84,85,92,87,88,89,73,91,78,93,94,95,96,97,98,99,100,101,102,103,104,105,106,107,108,109,110,111,112,113,114,115,116,34,118,119,120,121,122,123,90,125,126,127,128,129,130,131,132,133,134,135,136,137,138,139,140,141,142,143,144,145,146,147,148,149,150,151,152,153,154,155,156,157,158,159,160,161,162,163,164,165,166,167,168,169,170,171,172,173,174,175,176,177,178,179,180,181,182,183,184,185,186,187,188,189,190,191,192,193,194,195,196,197,198,199];False
7651;9031;16682;[42,52,11,3,26,43,18,30,25,9,4,1,12,32,14,15,124,8,16,19,61,41,22,23,24,69,5,27,28,56,63,31,29,33,17,35,36,37,38,39,40,49,60,7,44,45,86,47,48,21,50,51,53,13,54,55,6,57,58,59,2,0,62,46,64,10,66,117,68,20,70,71,72,65,74,75,67,77,76,79,80,81,82,83,84,85,92,87,88,89,73,91,78,93,94,95,96,97,98,99,100,101,102,103,104,105,106,107,108,109,110,111,112,113,114,115,116,34,118,119,120,121,122,123,90,125,126,127,128,129,130,131,132,133,134,135,136,137,138,139,140,141,142,143,144,145,146,147,148,149,150,151,152,153,154,155,156,157,158,159,160,161,162,163,164,165,166,167,168,169,170,171,172,173,174,175,176,177,178,179,180,181,182,183,184,185,186,187,188,189,190,191,192,193,194,195,196,197,198,199];False
7790;9009;16799;[11,52,46,3,26,43,18,30,25,9,4,1,12,32,14,15,124,8,16,19,61,41,22,23,24,69,5,27,28,56,63,31,29,33,17,35,36,37,38,39,40,49,42,7,44,45,60,47,48,21,50,51,53,13,54,55,6,57,58,59,2,0,62,86,64,10,66,117,68,20,70,71,72,65,74,75,67,77,76,79,80,81,82,83,84,85,92,87,88,89,73,91,78,93,94,95,96,97,98,99,100,101,102,103,104,105,106,107,108,109,110,111,112,113,114,115,116,34,118,119,120,121,122,123,90,125,126,127,128,129,130,131,132,133,134,135,136,137,138,139,140,141,142,143,144,145,146,147,148,149,150,151,152,153,154,155,156,157,158,159,160,161,162,163,164,165,166,167,168,169,170,171,172,173,174,175,176,177,178,179,180,181,182,183,184,185,186,187,188,189,190,191,192,193,194,195,196,197,198,199];False
7826;8980;16806;[4,52,11,3,26,43,18,30,25,9,46,1,12,32,14,15,124,8,16,19,61,41,22,23,24,69,5,27,28,56,63,31,29,33,17,35,36,37,38,39,40,49,42,7,44,45,60,47,48,21,50,51,53,13,54,55,6,57,58,59,2,0,62,86,64,10,66,117,68,20,70,71,72,65,74,75,67,77,76,79,80,81,82,83,84,85,92,87,88,89,73,91,78,93,94,95,96,97,98,99,100,101,102,103,104,105,106,107,108,109,110,111,112,113,114,115,116,34,118,119,120,121,122,123,90,125,126,127,128,129,130,131,132,133,134,135,136,137,138,139,140,141,142,143,144,145,146,147,148,149,150,151,152,153,154,155,156,157,158,159,160,161,162,163,164,165,166,167,168,169,170,171,172,173,174,175,176,177,178,179,180,181,182,183,184,185,186,187,188,189,190,191,192,193,194,195,196,197,198,199];False
7766;9000;16766;[1,52,11,3,26,43,18,30,25,9,4,46,12,32,14,15,124,8,16,19,61,41,22,23,24,69,5,27,28,56,63,31,29,33,17,35,36,37,38,39,40,49,42,7,44,45,60,47,48,21,50,51,53,13,54,55,6,57,58,59,2,0,62,86,64,10,66,117,68,20,70,71,72,65,74,75,67,77,76,79,80,81,82,83,84,85,92,87,88,89,73,91,78,93,94,95,96,97,98,99,100,101,102,103,104,105,106,107,108,109,110,111,112,113,114,115,116,34,118,119,120,121,122,123,90,125,126,127,128,129,130,131,132,133,134,135,136,137,138,139,140,141,142,143,144,145,146,147,148,149,150,151,152,153,154,155,156,157,158,159,160,161,162,163,164,165,166,167,168,169,170,171,172,173,174,175,176,177,178,179,180,181,182,183,184,185,186,187,188,189,190,191,192,193,194,195,196,197,198,199];False
7685;9013;16698;[8,52,11,3,26,43,18,30,25,9,4,1,12,32,14,15,124,46,16,19,61,41,22,23,24,69,5,27,28,56,63,31,29,33,17,35,36,37,38,39,40,49,42,7,44,45,60,47,48,21,50,51,53,13,54,55,6,57,58,59,2,0,62,86,64,10,66,117,68,20,70,71,72,65,74,75,67,77,76,79,80,81,82,83,84,85,92,87,88,89,73,91,78,93,94,95,96,97,98,99,100,101,102,103,104,105,106,107,108,109,110,111,112,113,114,115,116,34,118,119,120,121,122,123,90,125,126,127,128,129,130,131,132,133,134,135,136,137,138,139,140,141,142,143,144,145,146,147,148,149,150,151,152,153,154,155,156,157,158,159,160,161,162,163,164,165,166,167,168,169,170,171,172,173,174,175,176,177,178,179,180,181,182,183,184,185,186,187,188,189,190,191,192,193,194,195,196,197,198,199];False
7811;8994;16805;[16,52,11,3,26,43,18,30,25,9,4,1,12,32,14,15,124,8,46,19,61,41,22,23,24,69,5,27,28,56,63,31,29,33,17,35,36,37,38,39,40,49,42,7,44,45,60,47,48,21,50,51,53,13,54,55,6,57,58,59,2,0,62,86,64,10,66,117,68,20,70,71,72,65,74,75,67,77,76,79,80,81,82,83,84,85,92,87,88,89,73,91,78,93,94,95,96,97,98,99,100,101,102,103,104,105,106,107,108,109,110,111,112,113,114,115,116,34,118,119,120,121,122,123,90,125,126,127,128,129,130,131,132,133,134,135,136,137,138,139,140,141,142,143,144,145,146,147,148,149,150,151,152,153,154,155,156,157,158,159,160,161,162,163,164,165,166,167,168,169,170,171,172,173,174,175,176,177,178,179,180,181,182,183,184,185,186,187,188,189,190,191,192,193,194,195,196,197,198,199];False
7802;8990;16792;[19,52,11,3,26,43,18,30,25,9,4,1,12,32,14,15,124,8,16,46,61,41,22,23,24,69,5,27,28,56,63,31,29,33,17,35,36,37,38,39,40,49,42,7,44,45,60,47,48,21,50,51,53,13,54,55,6,57,58,59,2,0,62,86,64,10,66,117,68,20,70,71,72,65,74,75,67,77,76,79,80,81,82,83,84,85,92,87,88,89,73,91,78,93,94,95,96,97,98,99,100,101,102,103,104,105,106,107,108,109,110,111,112,113,114,115,116,34,118,119,120,121,122,123,90,125,126,127,128,129,130,131,132,133,134,135,136,137,138,139,140,141,142,143,144,145,146,147,148,149,150,151,152,153,154,155,156,157,158,159,160,161,162,163,164,165,166,167,168,169,170,171,172,173,174,175,176,177,178,179,180,181,182,183,184,185,186,187,188,189,190,191,192,193,194,195,196,197,198,199];False
7739;9008;16747;[22,52,11,3,26,43,18,30,25,9,4,1,12,32,14,15,124,8,16,19,61,41,46,23,24,69,5,27,28,56,63,31,29,33,17,35,36,37,38,39,40,49,42,7,44,45,60,47,48,21,50,51,53,13,54,55,6,57,58,59,2,0,62,86,64,10,66,117,68,20,70,71,72,65,74,75,67,77,76,79,80,81,82,83,84,85,92,87,88,89,73,91,78,93,94,95,96,97,98,99,100,101,102,103,104,105,106,107,108,109,110,111,112,113,114,115,116,34,118,119,120,121,122,123,90,125,126,127,128,129,130,131,132,133,134,135,136,137,138,139,140,141,142,143,144,145,146,147,148,149,150,151,152,153,154,155,156,157,158,159,160,161,162,163,164,165,166,167,168,169,170,171,172,173,174,175,176,177,178,179,180,181,182,183,184,185,186,187,188,189,190,191,192,193,194,195,196,197,198,199];False
7770;8992;16762;[23,52,11,3,26,43,18,30,25,9,4,1,12,32,14,15,124,8,16,19,61,41,22,46,24,69,5,27,28,56,63,31,29,33,17,35,36,37,38,39,40,49,42,7,44,45,60,47,48,21,50,51,53,13,54,55,6,57,58,59,2,0,62,86,64,10,66,117,68,20,70,71,72,65,74,75,67,77,76,79,80,81,82,83,84,85,92,87,88,89,73,91,78,93,94,95,96,97,98,99,100,101,102,103,104,105,106,107,108,109,110,111,112,113,114,115,116,34,118,119,120,121,122,123,90,125,126,127,128,129,130,131,132,133,134,135,136,137,138,139,140,141,142,143,144,145,146,147,148,149,150,151,152,153,154,155,156,157,158,159,160,161,162,163,164,165,166,167,168,169,170,171,172,173,174,175,176,177,178,179,180,181,182,183,184,185,186,187,188,189,190,191,192,193,194,195,196,197,198,199];False
7657;9005;16662;[33,52,11,3,26,43,18,30,25,9,4,1,12,32,14,15,124,8,16,19,61,41,22,23,24,69,5,27,28,56,63,31,29,46,17,35,36,37,38,39,40,49,42,7,44,45,60,47,48,21,50,51,53,13,54,55,6,57,58,59,2,0,62,86,64,10,66,117,68,20,70,71,72,65,74,75,67,77,76,79,80,81,82,83,84,85,92,87,88,89,73,91,78,93,94,95,96,97,98,99,100,101,102,103,104,105,106,107,108,109,110,111,112,113,114,115,116,34,118,119,120,121,122,123,90,125,126,127,128,129,130,131,132,133,134,135,136,137,138,139,140,141,142,143,144,145,146,147,148,149,150,151,152,153,154,155,156,157,158,159,160,161,162,163,164,165,166,167,168,169,170,171,172,173,174,175,176,177,178,179,180,181,182,183,184,185,186,187,188,189,190,191,192,193,194,195,196,197,198,199];False
8043;8958;17001;[16,117,11,3,26,43,18,30,8,9,69,1,12,32,14,15,108,65,20,19,61,41,22,23,24,25,5,27,28,56,63,31,29,33,17,35,36,93,38,39,40,49,42,7,44,45,60,47,48,21,50,51,53,13,54,55,6,57,58,59,2,0,62,52,64,10,66,67,68,37,70,71,72,90,74,75,76,77,78,79,80,81,46,83,84,85,86,87,88,89,4,91,73,92,94,95,96,97,98,99,100,101,102,103,104,105,194,107,106,109,110,111,112,113,114,115,116,34,118,119,120,121,122,123,124,125,126,127,128,129,130,131,132,133,134,135,136,137,138,139,140,141,142,143,144,145,146,147,148,149,150,151,152,153,154,155,156,157,158,159,160,161,162,163,164,165,166,167,168,169,170,171,172,173,174,175,176,177,178,179,180,181,182,183,184,185,186,187,188,189,190,191,192,193,82,195,196,197,198,199];False
8026;8966;16992;[71,117,11,3,26,43,18,30,8,9,69,1,12,32,14,15,108,65,16,19,61,41,22,23,24,25,5,27,28,56,63,31,29,33,17,35,36,93,38,39,40,49,42,7,44,45,60,47,48,21,50,51,53,13,54,55,6,57,58,59,2,0,62,52,64,10,66,67,68,37,70,20,72,90,74,75,76,77,78,79,80,81,46,83,84,85,86,87,88,89,4,91,73,92,94,95,96,97,98,99,100,101,102,103,104,105,194,107,106,109,110,111,112,113,114,115,116,34,118,119,120,121,122,123,124,125,126,127,128,129,130,131,132,133,134,135,136,137,138,139,140,141,142,143,144,145,146,147,148,149,150,151,152,153,154,155,156,157,158,159,160,161,162,163,164,165,166,167,168,169,170,171,172,173,174,175,176,177,178,179,180,181,182,183,184,185,186,187,188,189,190,191,192,193,82,195,196,197,198,199];False
8093;8950;17043;[73,117,11,3,26,43,18,30,8,9,69,1,12,32,14,15,108,65,16,19,61,41,22,23,24,25,5,27,28,56,63,31,29,33,17,35,36,93,38,39,40,49,42,7,44,45,60,47,48,21,50,51,53,13,54,55,6,57,58,59,2,0,62,52,64,10,66,67,68,37,70,71,72,90,74,75,76,77,78,79,80,81,46,83,84,85,86,87,88,89,4,91,20,92,94,95,96,97,98,99,100,101,102,103,104,105,194,107,106,109,110,111,112,113,114,115,116,34,118,119,120,121,122,123,124,125,126,127,128,129,130,131,132,133,134,135,136,137,138,139,140,141,142,143,144,145,146,147,148,149,150,151,152,153,154,155,156,157,158,159,160,161,162,163,164,165,166,167,168,169,170,171,172,173,174,175,176,177,178,179,180,181,182,183,184,185,186,187,188,189,190,191,192,193,82,195,196,197,198,199];False
8042;8961;17003;[16,117,11,3,26,43,18,30,8,9,69,1,12,32,14,15,20,65,90,19,61,41,22,23,24,25,5,27,28,56,63,31,29,33,17,35,36,93,38,39,40,49,42,7,44,45,60,47,48,21,50,51,53,13,54,55,6,57,58,59,2,0,62,52,64,10,66,67,68,37,70,71,72,108,74,75,76,77,78,79,80,81,46,83,84,85,86,87,88,89,4,91,73,92,94,95,96,97,98,99,100,101,102,103,104,105,194,107,106,109,110,111,112,113,114,115,116,34,118,119,120,121,122,123,124,125,126,127,128,129,130,131,132,133,134,135,136,137,138,139,140,141,142,143,144,145,146,147,148,149,150,151,152,153,154,155,156,157,158,159,160,161,162,163,164,165,166,167,168,169,170,171,172,173,174,175,176,177,178,179,180,181,182,183,184,185,186,187,188,189,190,191,192,193,82,195,196,197,198,199];False
8061;8944;17005;[53,117,11,3,26,43,18,30,8,9,69,1,12,32,14,15,20,65,16,19,61,41,22,23,24,25,5,27,28,56,63,31,29,33,17,35,36,93,38,39,40,49,42,7,44,45,60,47,48,21,50,51,90,13,54,55,6,57,58,59,2,0,62,52,64,10,66,67,68,37,70,71,72,108,74,75,76,77,78,79,80,81,46,83,84,85,86,87,88,89,4,91,73,92,94,95,96,97,98,99,100,101,102,103,104,105,194,107,106,109,110,111,112,113,114,115,116,34,118,119,120,121,122,123,124,125,126,127,128,129,130,131,132,133,134,135,136,137,138,139,140,141,142,143,144,145,146,147,148,149,150,151,152,153,154,155,156,157,158,159,160,161,162,163,164,165,166,167,168,169,170,171,172,173,174,175,176,177,178,179,180,181,182,183,184,185,186,187,188,189,190,191,192,193,82,195,196,197,198,199];False
8044;8957;17001;[66,117,11,3,26,43,18,30,8,9,69,1,12,32,14,15,20,65,16,19,61,41,22,23,24,25,5,27,28,56,63,31,29,33,17,35,36,93,38,39,40,49,42,7,44,45,60,47,48,21,50,51,53,13,54,55,6,57,58,59,2,0,62,52,64,10,90,67,68,37,70,71,72,108,74,75,76,77,78,79,80,81,46,83,84,85,86,87,88,89,4,91,73,92,94,95,96,97,98,99,100,101,102,103,104,105,194,107,106,109,110,111,112,113,114,115,116,34,118,119,120,121,122,123,124,125,126,127,128,129,130,131,132,133,134,135,136,137,138,139,140,141,142,143,144,145,146,147,148,149,150,151,152,153,154,155,156,157,158,159,160,161,162,163,164,165,166,167,168,169,170,171,172,173,174,175,176,177,178,179,180,181,182,183,184,185,186,187,188,189,190,191,192,193,82,195,196,197,198,199];False
8059;8955;17014;[71,117,11,3,26,43,18,30,8,9,69,1,12,32,14,15,20,65,16,19,61,41,22,23,24,25,5,27,28,56,63,31,29,33,17,35,36,93,38,39,40,49,42,7,44,45,60,47,48,21,50,51,53,13,54,55,6,57,58,59,2,0,62,52,64,10,66,67,68,37,70,90,72,108,74,75,76,77,78,79,80,81,46,83,84,85,86,87,88,89,4,91,73,92,94,95,96,97,98,99,100,101,102,103,104,105,194,107,106,109,110,111,112,113,114,115,116,34,118,119,120,121,122,123,124,125,126,127,128,129,130,131,132,133,134,135,136,137,138,139,140,141,142,143,144,145,146,147,148,149,150,151,152,153,154,155,156,157,158,159,160,161,162,163,164,165,166,167,168,169,170,171,172,173,174,175,176,177,178,179,180,181,182,183,184,185,186,187,188,189,190,191,192,193,82,195,196,197,198,199];False
8021;8943;16964;[94,117,11,3,26,43,18,30,8,9,69,1,12,32,14,15,20,65,16,19,61,41,22,23,24,25,5,27,28,56,63,31,29,33,17,35,36,93,38,39,40,49,42,7,44,45,60,47,48,21,50,51,53,13,54,55,6,57,58,59,2,0,62,52,64,10,66,67,68,37,70,71,72,108,74,75,76,77,78,79,80,81,46,83,84,85,86,87,88,89,4,91,73,92,90,95,96,97,98,99,100,101,102,103,104,105,194,107,106,109,110,111,112,113,114,115,116,34,118,119,120,121,122,123,124,125,126,127,128,129,130,131,132,133,134,135,136,137,138,139,140,141,142,143,144,145,146,147,148,149,150,151,152,153,154,155,156,157,158,159,160,161,162,163,164,165,166,167,168,169,170,171,172,173,174,175,176,177,178,179,180,181,182,183,184,185,186,187,188,189,190,191,192,193,82,195,196,197,198,199];False
8142;8930;17072;[99,117,11,3,26,43,18,30,8,9,69,1,12,32,14,15,20,65,16,19,61,41,22,23,24,25,5,27,28,56,63,31,29,33,17,35,36,93,38,39,40,49,42,7,44,45,60,47,48,21,50,51,53,13,54,55,6,57,58,59,2,0,62,52,64,10,66,67,68,37,70,71,72,108,74,75,76,77,78,79,80,81,46,83,84,85,86,87,88,89,4,91,73,92,94,95,96,97,98,90,100,101,102,103,104,105,194,107,106,109,110,111,112,113,114,115,116,34,118,119,120,121,122,123,124,125,126,127,128,129,130,131,132,133,134,135,136,137,138,139,140,141,142,143,144,145,146,147,148,149,150,151,152,153,154,155,156,157,158,159,160,161,162,163,164,165,166,167,168,169,170,171,172,173,174,175,176,177,178,179,180,181,182,183,184,185,186,187,188,189,190,191,192,193,82,195,196,197,198,199];False
8138;8933;17071;[194,117,11,3,26,43,18,30,8,9,69,1,12,32,14,15,20,65,16,19,61,41,22,23,24,25,5,27,28,56,63,31,29,33,17,35,36,93,38,39,40,49,42,7,44,45,60,47,48,21,50,51,53,13,54,55,6,57,58,59,2,0,62,52,64,10,66,67,68,37,70,71,72,108,74,75,76,77,78,79,80,81,46,83,84,85,86,87,88,89,4,91,73,92,94,95,96,97,98,99,100,101,102,103,104,105,90,107,106,109,110,111,112,113,114,115,116,34,118,119,120,121,122,123,124,125,126,127,128,129,130,131,132,133,134,135,136,137,138,139,140,141,142,143,144,145,146,147,148,149,150,151,152,153,154,155,156,157,158,159,160,161,162,163,164,165,166,167,168,169,170,171,172,173,174,175,176,177,178,179,180,181,182,183,184,185,186,187,188,189,190,191,192,193,82,195,196,197,198,199];False
8007;8970;16977;[106,117,11,3,26,43,18,30,8,9,69,1,12,32,14,15,20,65,16,19,61,41,22,23,24,25,5,27,28,56,63,31,29,33,17,35,36,93,38,39,40,49,42,7,44,45,60,47,48,21,50,51,53,13,54,55,6,57,58,59,2,0,62,52,64,10,66,67,68,37,70,71,72,108,74,75,76,77,78,79,80,81,46,83,84,85,86,87,88,89,4,91,73,92,94,95,96,97,98,99,100,101,102,103,104,105,194,107,90,109,110,111,112,113,114,115,116,34,118,119,120,121,122,123,124,125,126,127,128,129,130,131,132,133,134,135,136,137,138,139,140,141,142,143,144,145,146,147,148,149,150,151,152,153,154,155,156,157,158,159,160,161,162,163,164,165,166,167,168,169,170,171,172,173,174,175,176,177,178,179,180,181,182,183,184,185,186,187,188,189,190,191,192,193,82,195,196,197,198,199];False
7873;8970;16843;[124,117,11,3,26,43,18,30,8,9,69,1,12,32,14,15,20,65,16,19,61,41,22,23,24,25,5,27,28,56,63,31,29,33,17,35,36,93,38,39,40,49,42,7,44,45,60,47,48,21,50,51,53,13,54,55,6,57,58,59,2,0,62,52,64,10,66,67,68,37,70,71,72,108,74,75,76,77,78,79,80,81,46,83,84,85,86,87,88,89,4,91,73,92,94,95,96,97,98,99,100,101,102,103,104,105,194,107,106,109,110,111,112,113,114,115,116,34,118,119,120,121,122,123,90,125,126,127,128,129,130,131,132,133,134,135,136,137,138,139,140,141,142,143,144,145,146,147,148,149,150,151,152,153,154,155,156,157,158,159,160,161,162,163,164,165,166,167,168,169,170,171,172,173,174,175,176,177,178,179,180,181,182,183,184,185,186,187,188,189,190,191,192,193,82,195,196,197,198,199];False
8000;8964;16964;[125,117,11,3,26,43,18,30,8,9,69,1,12,32,14,15,20,65,16,19,61,41,22,23,24,25,5,27,28,56,63,31,29,33,17,35,36,93,38,39,40,49,42,7,44,45,60,47,48,21,50,51,53,13,54,55,6,57,58,59,2,0,62,52,64,10,66,67,68,37,70,71,72,108,74,75,76,77,78,79,80,81,46,83,84,85,86,87,88,89,4,91,73,92,94,95,96,97,98,99,100,101,102,103,104,105,194,107,106,109,110,111,112,113,114,115,116,34,118,119,120,121,122,123,124,90,126,127,128,129,130,131,132,133,134,135,136,137,138,139,140,141,142,143,144,145,146,147,148,149,150,151,152,153,154,155,156,157,158,159,160,161,162,163,164,165,166,167,168,169,170,171,172,173,174,175,176,177,178,179,180,181,182,183,184,185,186,187,188,189,190,191,192,193,82,195,196,197,198,199];False
8008;8959;16967;[143,117,11,3,26,43,18,30,8,9,69,1,12,32,14,15,20,65,16,19,61,41,22,23,24,25,5,27,28,56,63,31,29,33,17,35,36,93,38,39,40,49,42,7,44,45,60,47,48,21,50,51,53,13,54,55,6,57,58,59,2,0,62,52,64,10,66,67,68,37,70,71,72,108,74,75,76,77,78,79,80,81,46,83,84,85,86,87,88,89,4,91,73,92,94,95,96,97,98,99,100,101,102,103,104,105,194,107,106,109,110,111,112,113,114,115,116,34,118,119,120,121,122,123,124,125,126,127,128,129,130,131,132,133,134,135,136,137,138,139,140,141,142,90,144,145,146,147,148,149,150,151,152,153,154,155,156,157,158,159,160,161,162,163,164,165,166,167,168,169,170,171,172,173,174,175,176,177,178,179,180,181,182,183,184,185,186,187,188,189,190,191,192,193,82,195,196,197,198,199];False
7978;8968;16946;[156,117,11,3,26,43,18,30,8,9,69,1,12,32,14,15,20,65,16,19,61,41,22,23,24,25,5,27,28,56,63,31,29,33,17,35,36,93,38,39,40,49,42,7,44,45,60,47,48,21,50,51,53,13,54,55,6,57,58,59,2,0,62,52,64,10,66,67,68,37,70,71,72,108,74,75,76,77,78,79,80,81,46,83,84,85,86,87,88,89,4,91,73,92,94,95,96,97,98,99,100,101,102,103,104,105,194,107,106,109,110,111,112,113,114,115,116,34,118,119,120,121,122,123,124,125,126,127,128,129,130,131,132,133,134,135,136,137,138,139,140,141,142,143,144,145,146,147,148,149,150,151,152,153,154,155,90,157,158,159,160,161,162,163,164,165,166,167,168,169,170,171,172,173,174,175,176,177,178,179,180,181,182,183,184,185,186,187,188,189,190,191,192,193,82,195,196,197,198,199];False
8012;8932;16944;[174,117,11,3,26,43,18,30,8,9,69,1,12,32,14,15,20,65,16,19,61,41,22,23,24,25,5,27,28,56,63,31,29,33,17,35,36,93,38,39,40,49,42,7,44,45,60,47,48,21,50,51,53,13,54,55,6,57,58,59,2,0,62,52,64,10,66,67,68,37,70,71,72,108,74,75,76,77,78,79,80,81,46,83,84,85,86,87,88,89,4,91,73,92,94,95,96,97,98,99,100,101,102,103,104,105,194,107,106,109,110,111,112,113,114,115,116,34,118,119,120,121,122,123,124,125,126,127,128,129,130,131,132,133,134,135,136,137,138,139,140,141,142,143,144,145,146,147,148,149,150,151,152,153,154,155,156,157,158,159,160,161,162,163,164,165,166,167,168,169,170,171,172,173,90,175,176,177,178,179,180,181,182,183,184,185,186,187,188,189,190,191,192,193,82,195,196,197,198,199];False
7472;9188;16660;[33,52,93,3,26,43,18,30,124,9,4,1,12,32,14,15,16,60,64,19,25,41,22,23,24,69,5,27,28,56,63,31,29,146,17,35,36,37,38,39,40,49,42,7,44,45,86,47,48,21,50,51,0,11,54,55,6,57,58,59,2,61,62,67,13,46,66,10,68,20,70,71,72,65,74,75,76,77,53,79,80,81,82,83,84,85,92,87,88,89,73,91,109,8,94,95,96,97,98,99,100,101,102,103,104,105,106,107,108,78,110,111,112,113,114,115,116,117,118,119,120,121,122,123,90,125,126,127,128,129,130,131,132,133,134,135,136,137,138,139,140,141,142,143,144,145,34,147,148,149,150,151,152,153,154,155,156,157,158,159,160,161,162,163,164,165,166,167,168,169,170,171,172,173,174,175,176,177,178,179,180,181,182,183,184,185,186,187,188,189,190,191,192,193,194,195,196,197,198,199];False
7511;9171;16682;[21,52,93,3,26,43,18,30,124,9,4,1,12,32,14,15,16,60,64,19,25,41,22,23,24,69,5,27,28,56,63,31,29,33,17,35,36,37,38,39,40,49,42,7,44,45,86,47,48,146,50,51,0,11,54,55,6,57,58,59,2,61,62,67,13,46,66,10,68,20,70,71,72,65,74,75,76,77,53,79,80,81,82,83,84,85,92,87,88,89,73,91,109,8,94,95,96,97,98,99,100,101,102,103,104,105,106,107,108,78,110,111,112,113,114,115,116,117,118,119,120,121,122,123,90,125,126,127,128,129,130,131,132,133,134,135,136,137,138,139,140,141,142,143,144,145,34,147,148,149,150,151,152,153,154,155,156,157,158,159,160,161,162,163,164,165,166,167,168,169,170,171,172,173,174,175,176,177,178,179,180,181,182,183,184,185,186,187,188,189,190,191,192,193,194,195,196,197,198,199];False
7490;9171;16661;[42,52,93,3,26,43,18,30,124,9,4,1,12,32,14,15,16,60,64,19,25,41,22,23,24,69,5,27,28,56,63,31,29,33,17,35,36,37,38,39,40,49,151,7,44,45,86,47,48,21,50,51,0,11,54,55,6,57,58,59,2,61,62,67,13,46,66,10,68,20,70,71,72,65,74,75,76,77,53,79,80,81,82,83,84,85,92,87,88,89,73,91,109,8,94,95,96,97,98,99,100,101,102,103,104,105,106,107,108,78,110,111,112,113,114,115,116,117,118,119,120,121,122,123,90,125,126,127,128,129,130,131,132,133,134,135,136,137,138,139,140,141,142,143,144,145,146,147,148,149,150,34,152,153,154,155,156,157,158,159,160,161,162,163,164,165,166,167,168,169,170,171,172,173,174,175,176,177,178,179,180,181,182,183,184,185,186,187,188,189,190,191,192,193,194,195,196,197,198,199];False
7444;9206;16650;[10,52,93,3,26,43,18,30,124,9,4,1,12,32,14,15,16,60,64,19,25,41,22,23,24,69,5,27,28,56,63,31,29,33,17,35,36,37,38,39,40,49,42,7,44,45,86,47,48,21,50,51,0,11,54,55,6,57,58,59,2,61,62,67,13,46,66,151,68,20,70,71,72,65,74,75,76,77,53,79,80,81,82,83,84,85,92,87,88,89,73,91,109,8,94,95,96,97,98,99,100,101,102,103,104,105,106,107,108,78,110,111,112,113,114,115,116,117,118,119,120,121,122,123,90,125,126,127,128,129,130,131,132,133,134,135,136,137,138,139,140,141,142,143,144,145,146,147,148,149,150,34,152,153,154,155,156,157,158,159,160,161,162,163,164,165,166,167,168,169,170,171,172,173,174,175,176,177,178,179,180,181,182,183,184,185,186,187,188,189,190,191,192,193,194,195,196,197,198,199];False
7410;9177;16587;[76,52,93,3,26,43,18,30,124,9,4,1,12,32,14,15,16,60,64,19,25,41,22,23,24,69,5,27,28,56,63,31,29,33,17,35,36,37,38,39,40,49,42,7,44,45,86,47,48,21,50,51,0,11,54,55,6,57,58,59,2,61,62,67,13,46,66,10,68,20,70,71,72,65,74,75,151,77,53,79,80,81,82,83,84,85,92,87,88,89,73,91,109,8,94,95,96,97,98,99,100,101,102,103,104,105,106,107,108,78,110,111,112,113,114,115,116,117,118,119,120,121,122,123,90,125,126,127,128,129,130,131,132,133,134,135,136,137,138,139,140,141,142,143,144,145,146,147,148,149,150,34,152,153,154,155,156,157,158,159,160,161,162,163,164,165,166,167,168,169,170,171,172,173,174,175,176,177,178,179,180,181,182,183,184,185,186,187,188,189,190,191,192,193,194,195,196,197,198,199];False
7409;9196;16605;[121,52,93,3,26,43,18,30,124,9,4,1,12,32,14,15,16,60,64,19,25,41,22,23,24,69,5,27,28,56,63,31,29,33,17,35,36,37,38,39,40,49,42,7,44,45,86,47,48,21,50,51,0,11,54,55,6,57,58,59,2,61,62,67,13,46,66,10,68,20,70,71,72,65,74,75,76,77,53,79,80,81,82,83,84,85,92,87,88,89,73,91,109,8,94,95,96,97,98,99,100,101,102,103,104,105,106,107,108,78,110,111,112,113,114,115,116,117,118,119,120,154,122,123,90,125,126,127,128,129,130,131,132,133,134,135,136,137,138,139,140,141,142,143,144,145,146,147,148,149,150,151,152,153,34,155,156,157,158,159,160,161,162,163,164,165,166,167,168,169,170,171,172,173,174,175,176,177,178,179,180,181,182,183,184,185,186,187,188,189,190,191,192,193,194,195,196,197,198,199];False
7550;9166;16716;[158,52,93,3,26,43,18,30,124,9,4,1,12,32,14,15,16,60,64,19,25,41,22,23,24,69,5,27,28,56,63,31,29,33,17,35,36,37,38,39,40,49,42,7,44,45,86,47,48,21,50,51,0,11,54,55,6,57,58,59,2,61,62,67,13,46,66,10,68,20,70,71,72,65,74,75,76,77,53,79,80,81,82,83,84,85,92,87,88,89,73,91,109,8,94,95,96,97,98,99,100,101,102,103,104,105,106,107,108,78,110,111,112,113,114,115,116,117,118,119,120,121,122,123,90,125,126,127,128,129,130,131,132,133,134,135,136,137,138,139,140,141,142,143,144,145,146,147,148,149,150,151,152,153,34,155,156,157,154,159,160,161,162,163,164,165,166,167,168,169,170,171,172,173,174,175,176,177,178,179,180,181,182,183,184,185,186,187,188,189,190,191,192,193,194,195,196,197,198,199];False
7437;9175;16612;[159,52,93,3,26,43,18,30,124,9,4,1,12,32,14,15,16,60,64,19,25,41,22,23,24,69,5,27,28,56,63,31,29,33,17,35,36,37,38,39,40,49,42,7,44,45,86,47,48,21,50,51,0,11,54,55,6,57,58,59,2,61,62,67,13,46,66,10,68,20,70,71,72,65,74,75,76,77,53,79,80,81,82,83,84,85,92,87,88,89,73,91,109,8,94,95,96,97,98,99,100,101,102,103,104,105,106,107,108,78,110,111,112,113,114,115,116,117,118,119,120,121,122,123,90,125,126,127,128,129,130,131,132,133,134,135,136,137,138,139,140,141,142,143,144,145,146,147,148,149,150,151,152,153,34,155,156,157,158,154,160,161,162,163,164,165,166,167,168,169,170,171,172,173,174,175,176,177,178,179,180,181,182,183,184,185,186,187,188,189,190,191,192,193,194,195,196,197,198,199];False
7478;9158;16636;[172,52,93,3,26,43,18,30,124,9,4,1,12,32,14,15,16,60,64,19,25,41,22,23,24,69,5,27,28,56,63,31,29,33,17,35,36,37,38,39,40,49,42,7,44,45,86,47,48,21,50,51,0,11,54,55,6,57,58,59,2,61,62,67,13,46,66,10,68,20,70,71,72,65,74,75,76,77,53,79,80,81,82,83,84,85,92,87,88,89,73,91,109,8,94,95,96,97,98,99,100,101,102,103,104,105,106,107,108,78,110,111,112,113,114,115,116,117,118,119,120,121,122,123,90,125,126,127,128,129,130,131,132,133,134,135,136,137,138,139,140,141,142,143,144,145,146,147,148,149,150,151,152,153,34,155,156,157,158,159,160,161,162,163,164,165,166,167,168,169,170,171,154,173,174,175,176,177,178,179,180,181,182,183,184,185,186,187,188,189,190,191,192,193,194,195,196,197,198,199];False
8572;8899;17471;[8,117,11,3,26,43,18,30,25,9,69,1,12,32,46,15,65,16,14,19,61,41,22,23,24,82,5,27,28,56,63,31,29,33,20,35,36,37,38,39,40,49,42,7,44,45,60,47,48,21,50,51,53,13,54,55,6,57,58,59,2,0,62,52,64,10,66,67,68,17,70,71,72,73,74,75,76,77,78,79,80,81,107,83,84,85,86,87,88,89,4,91,90,93,94,95,96,97,98,99,100,101,102,103,104,105,106,92,108,109,110,111,112,113,114,115,116,34,118,119,120,121,122,123,124,125,126,127,128,129,130,131,132,133,134,135,136,137,138,139,140,141,142,143,144,145,146,147,148,149,150,151,152,153,154,155,156,157,158,159,160,161,162,163,164,165,166,167,168,169,170,171,172,173,174,175,176,177,178,179,180,181,182,183,184,185,186,187,188,189,190,191,192,193,194,195,196,197,198,199];False
8630;8883;17513;[82,117,11,3,26,43,18,30,25,9,69,1,12,32,46,15,65,8,14,19,61,41,22,23,24,16,5,27,28,56,63,31,29,33,20,35,36,37,38,39,40,49,42,7,44,45,60,47,48,21,50,51,53,13,54,55,6,57,58,59,2,0,62,52,64,10,66,67,68,17,70,71,72,73,74,75,76,77,78,79,80,81,107,83,84,85,86,87,88,89,4,91,90,93,94,95,96,97,98,99,100,101,102,103,104,105,106,92,108,109,110,111,112,113,114,115,116,34,118,119,120,121,122,123,124,125,126,127,128,129,130,131,132,133,134,135,136,137,138,139,140,141,142,143,144,145,146,147,148,149,150,151,152,153,154,155,156,157,158,159,160,161,162,163,164,165,166,167,168,169,170,171,172,173,174,175,176,177,178,179,180,181,182,183,184,185,186,187,188,189,190,191,192,193,194,195,196,197,198,199];False
8624;8880;17504;[53,117,11,3,26,43,18,30,25,9,69,1,12,32,46,15,65,8,14,19,61,41,22,23,24,82,5,27,28,56,63,31,29,33,20,35,36,37,38,39,40,49,42,7,44,45,60,47,48,21,50,51,16,13,54,55,6,57,58,59,2,0,62,52,64,10,66,67,68,17,70,71,72,73,74,75,76,77,78,79,80,81,107,83,84,85,86,87,88,89,4,91,90,93,94,95,96,97,98,99,100,101,102,103,104,105,106,92,108,109,110,111,112,113,114,115,116,34,118,119,120,121,122,123,124,125,126,127,128,129,130,131,132,133,134,135,136,137,138,139,140,141,142,143,144,145,146,147,148,149,150,151,152,153,154,155,156,157,158,159,160,161,162,163,164,165,166,167,168,169,170,171,172,173,174,175,176,177,178,179,180,181,182,183,184,185,186,187,188,189,190,191,192,193,194,195,196,197,198,199];False
8588;8897;17485;[72,117,11,3,26,43,18,30,25,9,69,1,12,32,46,15,65,8,14,19,61,41,22,23,24,82,5,27,28,56,63,31,29,33,20,35,36,37,38,39,40,49,42,7,44,45,60,47,48,21,50,51,53,13,54,55,6,57,58,59,2,0,62,52,64,10,66,67,68,17,70,71,16,73,74,75,76,77,78,79,80,81,107,83,84,85,86,87,88,89,4,91,90,93,94,95,96,97,98,99,100,101,102,103,104,105,106,92,108,109,110,111,112,113,114,115,116,34,118,119,120,121,122,123,124,125,126,127,128,129,130,131,132,133,134,135,136,137,138,139,140,141,142,143,144,145,146,147,148,149,150,151,152,153,154,155,156,157,158,159,160,161,162,163,164,165,166,167,168,169,170,171,172,173,174,175,176,177,178,179,180,181,182,183,184,185,186,187,188,189,190,191,192,193,194,195,196,197,198,199];False
8607;8887;17494;[106,117,11,3,26,43,18,30,25,9,69,1,12,32,46,15,65,8,14,19,61,41,22,23,24,82,5,27,28,56,63,31,29,33,20,35,36,37,38,39,40,49,42,7,44,45,60,47,48,21,50,51,53,13,54,55,6,57,58,59,2,0,62,52,64,10,66,67,68,17,70,71,72,73,74,75,76,77,78,79,80,81,107,83,84,85,86,87,88,89,4,91,90,93,94,95,96,97,98,99,100,101,102,103,104,105,16,92,108,109,110,111,112,113,114,115,116,34,118,119,120,121,122,123,124,125,126,127,128,129,130,131,132,133,134,135,136,137,138,139,140,141,142,143,144,145,146,147,148,149,150,151,152,153,154,155,156,157,158,159,160,161,162,163,164,165,166,167,168,169,170,171,172,173,174,175,176,177,178,179,180,181,182,183,184,185,186,187,188,189,190,191,192,193,194,195,196,197,198,199];False
8451;8901;17352;[82,117,11,3,26,43,18,30,25,9,69,1,12,32,14,15,65,8,46,19,61,41,22,23,24,53,5,27,28,56,63,31,29,33,20,35,36,37,38,39,40,49,42,7,44,45,60,47,48,21,50,51,16,13,54,55,6,57,58,59,2,0,62,52,64,10,66,67,68,17,70,71,72,73,74,75,76,77,78,79,80,81,107,83,84,85,86,87,88,89,4,91,90,93,94,95,96,97,98,99,100,101,102,103,104,105,106,92,108,109,110,111,112,113,114,115,116,34,118,119,120,121,122,123,124,125,126,127,128,129,130,131,132,133,134,135,136,137,138,139,140,141,142,143,144,145,146,147,148,149,150,151,152,153,154,155,156,157,158,159,160,161,162,163,164,165,166,167,168,169,170,171,172,173,174,175,176,177,178,179,180,181,182,183,184,185,186,187,188,189,190,191,192,193,194,195,196,197,198,199];False
8586;8897;17483;[50,117,11,3,26,43,18,30,25,9,69,1,12,32,14,15,65,8,46,19,61,41,22,23,24,82,5,27,28,56,63,31,29,33,20,35,36,37,38,39,40,49,42,7,44,45,60,47,48,21,106,51,53,13,54,55,6,57,58,59,2,0,62,52,64,10,66,67,68,17,70,71,72,73,74,75,76,77,78,79,80,81,107,83,84,85,86,87,88,89,4,91,90,93,94,95,96,97,98,99,100,101,102,103,104,105,16,92,108,109,110,111,112,113,114,115,116,34,118,119,120,121,122,123,124,125,126,127,128,129,130,131,132,133,134,135,136,137,138,139,140,141,142,143,144,145,146,147,148,149,150,151,152,153,154,155,156,157,158,159,160,161,162,163,164,165,166,167,168,169,170,171,172,173,174,175,176,177,178,179,180,181,182,183,184,185,186,187,188,189,190,191,192,193,194,195,196,197,198,199];False
8407;8909;17316;[72,117,11,3,26,43,18,30,25,9,69,1,12,32,14,15,65,8,46,19,61,41,22,23,24,82,5,27,28,56,63,31,29,33,20,35,36,37,38,39,40,49,42,7,44,45,60,47,48,21,50,51,53,13,54,55,6,57,58,59,2,0,62,52,64,10,66,67,68,17,70,71,106,73,74,75,76,77,78,79,80,81,107,83,84,85,86,87,88,89,4,91,90,93,94,95,96,97,98,99,100,101,102,103,104,105,16,92,108,109,110,111,112,113,114,115,116,34,118,119,120,121,122,123,124,125,126,127,128,129,130,131,132,133,134,135,136,137,138,139,140,141,142,143,144,145,146,147,148,149,150,151,152,153,154,155,156,157,158,159,160,161,162,163,164,165,166,167,168,169,170,171,172,173,174,175,176,177,178,179,180,181,182,183,184,185,186,187,188,189,190,191,192,193,194,195,196,197,198,199];False
8550;8893;17443;[91,117,11,3,26,43,18,30,25,9,69,1,12,32,14,15,65,8,46,19,61,41,22,23,24,82,5,27,28,56,63,31,29,33,20,35,36,37,38,39,40,49,42,7,44,45,60,47,48,21,50,51,53,13,54,55,6,57,58,59,2,0,62,52,64,10,66,67,68,17,70,71,72,73,74,75,76,77,78,79,80,81,107,83,84,85,86,87,88,89,4,106,90,93,94,95,96,97,98,99,100,101,102,103,104,105,16,92,108,109,110,111,112,113,114,115,116,34,118,119,120,121,122,123,124,125,126,127,128,129,130,131,132,133,134,135,136,137,138,139,140,141,142,143,144,145,146,147,148,149,150,151,152,153,154,155,156,157,158,159,160,161,162,163,164,165,166,167,168,169,170,171,172,173,174,175,176,177,178,179,180,181,182,183,184,185,186,187,188,189,190,191,192,193,194,195,196,197,198,199];False
8514;8898;17412;[34,117,11,3,26,43,18,30,25,9,69,1,12,32,14,15,65,8,46,19,61,41,22,23,24,82,5,27,28,56,63,31,29,33,20,35,36,37,38,39,40,49,42,7,44,45,60,47,48,21,50,51,53,13,54,55,6,57,58,59,2,0,62,52,64,10,66,67,68,17,70,71,72,73,74,75,76,77,78,79,80,81,107,83,84,85,86,87,88,89,4,91,90,93,94,95,96,97,98,99,100,101,102,103,104,105,16,92,108,109,110,111,112,113,114,115,116,106,118,119,120,121,122,123,124,125,126,127,128,129,130,131,132,133,134,135,136,137,138,139,140,141,142,143,144,145,146,147,148,149,150,151,152,153,154,155,156,157,158,159,160,161,162,163,164,165,166,167,168,169,170,171,172,173,174,175,176,177,178,179,180,181,182,183,184,185,186,187,188,189,190,191,192,193,194,195,196,197,198,199];False
8403;8910;17313;[124,117,11,3,26,43,18,30,25,9,69,1,12,32,14,15,65,8,46,19,61,41,22,23,24,82,5,27,28,56,63,31,29,33,20,35,36,37,38,39,40,49,42,7,44,45,60,47,48,21,50,51,53,13,54,55,6,57,58,59,2,0,62,52,64,10,66,67,68,17,70,71,72,73,74,75,76,77,78,79,80,81,107,83,84,85,86,87,88,89,4,91,90,93,94,95,96,97,98,99,100,101,102,103,104,105,16,92,108,109,110,111,112,113,114,115,116,34,118,119,120,121,122,123,106,125,126,127,128,129,130,131,132,133,134,135,136,137,138,139,140,141,142,143,144,145,146,147,148,149,150,151,152,153,154,155,156,157,158,159,160,161,162,163,164,165,166,167,168,169,170,171,172,173,174,175,176,177,178,179,180,181,182,183,184,185,186,187,188,189,190,191,192,193,194,195,196,197,198,199];False
8478;8899;17377;[141,117,11,3,26,43,18,30,25,9,69,1,12,32,14,15,65,8,46,19,61,41,22,23,24,82,5,27,28,56,63,31,29,33,20,35,36,37,38,39,40,49,42,7,44,45,60,47,48,21,50,51,53,13,54,55,6,57,58,59,2,0,62,52,64,10,66,67,68,17,70,71,72,73,74,75,76,77,78,79,80,81,107,83,84,85,86,87,88,89,4,91,90,93,94,95,96,97,98,99,100,101,102,103,104,105,16,92,108,109,110,111,112,113,114,115,116,34,118,119,120,121,122,123,124,125,126,127,128,129,130,131,132,133,134,135,136,137,138,139,140,106,142,143,144,145,146,147,148,149,150,151,152,153,154,155,156,157,158,159,160,161,162,163,164,165,166,167,168,169,170,171,172,173,174,175,176,177,178,179,180,181,182,183,184,185,186,187,188,189,190,191,192,193,194,195,196,197,198,199];False
8426;8888;17314;[198,117,11,3,26,43,18,30,25,9,69,1,12,32,14,15,65,8,46,19,61,41,22,23,24,82,5,27,28,56,63,31,29,33,20,35,36,37,38,39,40,49,42,7,44,45,60,47,48,21,50,51,53,13,54,55,6,57,58,59,2,0,62,52,64,10,66,67,68,17,70,71,72,73,74,75,76,77,78,79,80,81,107,83,84,85,86,87,88,89,4,91,90,93,94,95,96,97,98,99,100,101,102,103,104,105,16,92,108,109,110,111,112,113,114,115,116,34,118,119,120,121,122,123,124,125,126,127,128,129,130,131,132,133,134,135,136,137,138,139,140,141,142,143,144,145,146,147,148,149,150,151,152,153,154,155,156,157,158,159,160,161,162,163,164,165,166,167,168,169,170,171,172,173,174,175,176,177,178,179,180,181,182,183,184,185,186,187,188,189,190,191,192,193,194,195,196,197,106,199];False
8205;8924;17129;[72,117,11,3,26,43,18,30,25,9,69,1,12,32,14,15,65,8,16,19,61,41,22,23,24,46,5,27,28,56,63,31,29,33,20,35,36,37,38,39,40,49,42,7,44,45,60,47,48,21,50,51,53,13,54,55,6,57,58,59,2,0,62,52,64,10,66,67,68,17,70,71,174,73,74,75,76,77,78,79,80,81,107,83,84,85,86,87,88,89,4,91,90,93,94,95,96,97,98,99,100,101,102,103,104,105,106,92,108,109,110,111,112,113,114,115,116,34,118,119,120,121,122,123,124,125,126,127,128,129,130,131,132,133,134,135,136,137,138,139,140,141,142,143,144,145,146,147,148,149,150,151,152,153,154,155,156,157,158,159,160,161,162,163,164,165,166,167,168,169,170,171,172,173,82,175,176,177,178,179,180,181,182,183,184,185,186,187,188,189,190,191,192,193,194,195,196,197,198,199];False
8201;8926;17127;[106,117,11,3,26,43,18,30,25,9,69,1,12,32,14,15,65,8,16,19,61,41,22,23,24,46,5,27,28,56,63,31,29,33,20,35,36,37,38,39,40,49,42,7,44,45,60,47,48,21,50,51,53,13,54,55,6,57,58,59,2,0,62,52,64,10,66,67,68,17,70,71,72,73,74,75,76,77,78,79,80,81,107,83,84,85,86,87,88,89,4,91,90,93,94,95,96,97,98,99,100,101,102,103,104,105,174,92,108,109,110,111,112,113,114,115,116,34,118,119,120,121,122,123,124,125,126,127,128,129,130,131,132,133,134,135,136,137,138,139,140,141,142,143,144,145,146,147,148,149,150,151,152,153,154,155,156,157,158,159,160,161,162,163,164,165,166,167,168,169,170,171,172,173,82,175,176,177,178,179,180,181,182,183,184,185,186,187,188,189,190,191,192,193,194,195,196,197,198,199];False
8293;8920;17213;[143,117,11,3,26,43,18,30,25,9,69,1,12,32,14,15,65,8,16,19,61,41,22,23,24,46,5,27,28,56,63,31,29,33,20,35,36,37,38,39,40,49,42,7,44,45,60,47,48,21,50,51,53,13,54,55,6,57,58,59,2,0,62,52,64,10,66,67,68,17,70,71,72,73,74,75,76,77,78,79,80,81,107,83,84,85,86,87,88,89,4,91,90,93,94,95,96,97,98,99,100,101,102,103,104,105,106,92,108,109,110,111,112,113,114,115,116,34,118,119,120,121,122,123,124,125,126,127,128,129,130,131,132,133,134,135,136,137,138,139,140,141,142,174,144,145,146,147,148,149,150,151,152,153,154,155,156,157,158,159,160,161,162,163,164,165,166,167,168,169,170,171,172,173,82,175,176,177,178,179,180,181,182,183,184,185,186,187,188,189,190,191,192,193,194,195,196,197,198,199];False
8400;8905;17305;[194,117,11,3,26,43,18,30,25,9,69,1,12,32,14,15,65,8,16,19,61,41,22,23,24,46,5,27,28,56,63,31,29,33,20,35,36,37,38,39,40,49,42,7,44,45,60,47,48,21,50,51,53,13,54,55,6,57,58,59,2,0,62,52,64,10,66,67,68,17,70,71,72,73,74,75,76,77,78,79,80,81,107,83,84,85,86,87,88,89,4,91,90,93,94,95,96,97,98,99,100,101,102,103,104,105,106,92,108,109,110,111,112,113,114,115,116,34,118,119,120,121,122,123,124,125,126,127,128,129,130,131,132,133,134,135,136,137,138,139,140,141,142,143,144,145,146,147,148,149,150,151,152,153,154,155,156,157,158,159,160,161,162,163,164,165,166,167,168,169,170,171,172,173,82,175,176,177,178,179,180,181,182,183,184,185,186,187,188,189,190,191,192,193,174,195,196,197,198,199];False
8298;8906;17204;[198,117,11,3,26,43,18,30,25,9,69,1,12,32,14,15,65,8,16,19,61,41,22,23,24,46,5,27,28,56,63,31,29,33,20,35,36,37,38,39,40,49,42,7,44,45,60,47,48,21,50,51,53,13,54,55,6,57,58,59,2,0,62,52,64,10,66,67,68,17,70,71,72,73,74,75,76,77,78,79,80,81,107,83,84,85,86,87,88,89,4,91,90,93,94,95,96,97,98,99,100,101,102,103,104,105,106,92,108,109,110,111,112,113,114,115,116,34,118,119,120,121,122,123,124,125,126,127,128,129,130,131,132,133,134,135,136,137,138,139,140,141,142,143,144,145,146,147,148,149,150,151,152,153,154,155,156,157,158,159,160,161,162,163,164,165,166,167,168,169,170,171,172,173,82,175,176,177,178,179,180,181,182,183,184,185,186,187,188,189,190,191,192,193,194,195,196,197,174,199];False
7975;8961;16936;[3,141,11,52,26,43,18,30,25,9,4,1,12,32,14,15,124,8,16,19,61,41,22,23,24,69,5,27,28,56,63,31,29,33,17,35,36,37,38,39,40,49,42,7,44,45,60,47,48,21,92,51,53,13,54,55,6,57,58,59,2,0,62,46,64,10,66,117,68,20,70,71,72,65,74,75,67,77,76,79,80,81,82,83,84,85,86,87,88,89,73,91,78,93,94,95,96,97,98,99,100,101,102,103,104,105,106,107,108,109,110,111,112,113,114,115,116,34,118,119,120,121,122,123,90,125,126,127,128,129,130,131,132,133,134,135,136,137,138,139,140,50,142,143,144,145,146,147,148,149,150,151,152,153,154,155,156,157,158,159,160,161,162,163,164,165,166,167,168,169,170,171,172,173,174,175,176,177,178,179,180,181,182,183,184,185,186,187,188,189,190,191,192,193,194,195,196,197,198,199];False
7853;8970;16823;[37,141,11,3,26,43,18,30,25,9,4,1,12,32,14,15,124,8,16,19,61,41,22,23,24,69,5,27,28,56,63,31,29,33,17,35,36,52,38,39,40,49,42,7,44,45,60,47,48,21,92,51,53,13,54,55,6,57,58,59,2,0,62,46,64,10,66,117,68,20,70,71,72,65,74,75,67,77,76,79,80,81,82,83,84,85,86,87,88,89,73,91,78,93,94,95,96,97,98,99,100,101,102,103,104,105,106,107,108,109,110,111,112,113,114,115,116,34,118,119,120,121,122,123,90,125,126,127,128,129,130,131,132,133,134,135,136,137,138,139,140,50,142,143,144,145,146,147,148,149,150,151,152,153,154,155,156,157,158,159,160,161,162,163,164,165,166,167,168,169,170,171,172,173,174,175,176,177,178,179,180,181,182,183,184,185,186,187,188,189,190,191,192,193,194,195,196,197,198,199];False
7930;8966;16896;[62,141,11,3,26,43,18,30,25,9,4,1,12,32,14,15,124,8,16,19,61,41,22,23,24,69,5,27,28,56,63,31,29,33,17,35,36,37,38,39,40,49,42,7,44,45,60,47,48,21,92,51,53,13,54,55,6,57,58,59,2,0,52,46,64,10,66,117,68,20,70,71,72,65,74,75,67,77,76,79,80,81,82,83,84,85,86,87,88,89,73,91,78,93,94,95,96,97,98,99,100,101,102,103,104,105,106,107,108,109,110,111,112,113,114,115,116,34,118,119,120,121,122,123,90,125,126,127,128,129,130,131,132,133,134,135,136,137,138,139,140,50,142,143,144,145,146,147,148,149,150,151,152,153,154,155,156,157,158,159,160,161,162,163,164,165,166,167,168,169,170,171,172,173,174,175,176,177,178,179,180,181,182,183,184,185,186,187,188,189,190,191,192,193,194,195,196,197,198,199];False
7900;8940;16840;[46,141,11,3,26,43,18,30,25,9,4,1,12,32,14,15,124,8,16,19,61,41,22,23,24,69,5,27,28,56,63,31,29,33,17,35,36,37,38,39,40,49,42,7,44,45,60,47,48,21,92,51,53,13,54,55,6,57,58,59,2,0,62,52,64,10,66,117,68,20,70,71,72,65,74,75,67,77,76,79,80,81,82,83,84,85,86,87,88,89,73,91,78,93,94,95,96,97,98,99,100,101,102,103,104,105,106,107,108,109,110,111,112,113,114,115,116,34,118,119,120,121,122,123,90,125,126,127,128,129,130,131,132,133,134,135,136,137,138,139,140,50,142,143,144,145,146,147,148,149,150,151,152,153,154,155,156,157,158,159,160,161,162,163,164,165,166,167,168,169,170,171,172,173,174,175,176,177,178,179,180,181,182,183,184,185,186,187,188,189,190,191,192,193,194,195,196,197,198,199];False
7849;8948;16797;[84,141,11,3,26,43,18,30,25,9,4,1,12,32,14,15,124,8,16,19,61,41,22,23,24,69,5,27,28,56,63,31,29,33,17,35,36,37,38,39,40,49,42,7,44,45,60,47,48,21,92,51,53,13,54,55,6,57,58,59,2,0,62,46,64,10,66,117,68,20,70,71,72,65,74,75,67,77,76,79,80,81,82,83,52,85,86,87,88,89,73,91,78,93,94,95,96,97,98,99,100,101,102,103,104,105,106,107,108,109,110,111,112,113,114,115,116,34,118,119,120,121,122,123,90,125,126,127,128,129,130,131,132,133,134,135,136,137,138,139,140,50,142,143,144,145,146,147,148,149,150,151,152,153,154,155,156,157,158,159,160,161,162,163,164,165,166,167,168,169,170,171,172,173,174,175,176,177,178,179,180,181,182,183,184,185,186,187,188,189,190,191,192,193,194,195,196,197,198,199];False
7846;8959;16805;[96,141,11,3,26,43,18,30,25,9,4,1,12,32,14,15,124,8,16,19,61,41,22,23,24,69,5,27,28,56,63,31,29,33,17,35,36,37,38,39,40,49,42,7,44,45,60,47,48,21,92,51,53,13,54,55,6,57,58,59,2,0,62,46,64,10,66,117,68,20,70,71,72,65,74,75,67,77,76,79,80,81,82,83,84,85,86,87,88,89,73,91,78,93,94,95,52,97,98,99,100,101,102,103,104,105,106,107,108,109,110,111,112,113,114,115,116,34,118,119,120,121,122,123,90,125,126,127,128,129,130,131,132,133,134,135,136,137,138,139,140,50,142,143,144,145,146,147,148,149,150,151,152,153,154,155,156,157,158,159,160,161,162,163,164,165,166,167,168,169,170,171,172,173,174,175,176,177,178,179,180,181,182,183,184,185,186,187,188,189,190,191,192,193,194,195,196,197,198,199];False
7879;8941;16820;[102,141,11,3,26,43,18,30,25,9,4,1,12,32,14,15,124,8,16,19,61,41,22,23,24,69,5,27,28,56,63,31,29,33,17,35,36,37,38,39,40,49,42,7,44,45,60,47,48,21,92,51,53,13,54,55,6,57,58,59,2,0,62,46,64,10,66,117,68,20,70,71,72,65,74,75,67,77,76,79,80,81,82,83,84,85,86,87,88,89,73,91,78,93,94,95,96,97,98,99,100,101,52,103,104,105,106,107,108,109,110,111,112,113,114,115,116,34,118,119,120,121,122,123,90,125,126,127,128,129,130,131,132,133,134,135,136,137,138,139,140,50,142,143,144,145,146,147,148,149,150,151,152,153,154,155,156,157,158,159,160,161,162,163,164,165,166,167,168,169,170,171,172,173,174,175,176,177,178,179,180,181,182,183,184,185,186,187,188,189,190,191,192,193,194,195,196,197,198,199];False
7784;8962;16746;[103,141,11,3,26,43,18,30,25,9,4,1,12,32,14,15,124,8,16,19,61,41,22,23,24,69,5,27,28,56,63,31,29,33,17,35,36,37,38,39,40,49,42,7,44,45,60,47,48,21,92,51,53,13,54,55,6,57,58,59,2,0,62,46,64,10,66,117,68,20,70,71,72,65,74,75,67,77,76,79,80,81,82,83,84,85,86,87,88,89,73,91,78,93,94,95,96,97,98,99,100,101,102,52,104,105,106,107,108,109,110,111,112,113,114,115,116,34,118,119,120,121,122,123,90,125,126,127,128,129,130,131,132,133,134,135,136,137,138,139,140,50,142,143,144,145,146,147,148,149,150,151,152,153,154,155,156,157,158,159,160,161,162,163,164,165,166,167,168,169,170,171,172,173,174,175,176,177,178,179,180,181,182,183,184,185,186,187,188,189,190,191,192,193,194,195,196,197,198,199];False
7644;9047;16691;[14,52,11,3,26,43,18,30,25,9,4,1,12,32,23,15,124,8,16,19,61,41,22,60,24,69,5,27,28,56,63,31,29,33,17,35,36,37,38,39,40,49,42,7,44,45,86,47,48,21,50,51,53,13,54,55,6,57,58,59,2,0,62,46,64,10,66,117,68,20,70,71,72,65,74,75,67,77,76,79,80,81,82,83,84,85,92,87,88,89,73,91,78,93,94,95,96,97,98,99,100,101,102,103,104,105,106,107,108,109,110,111,112,113,114,115,116,34,118,119,120,121,122,123,90,125,126,127,128,129,130,131,132,133,134,135,136,137,138,139,140,141,142,143,144,145,146,147,148,149,150,151,152,153,154,155,156,157,158,159,160,161,162,163,164,165,166,167,168,169,170,171,172,173,174,175,176,177,178,179,180,181,182,183,184,185,186,187,188,189,190,191,192,193,194,195,196,197,198,199];False
7637;9027;16664;[4,52,11,3,26,43,18,30,25,9,38,1,12,32,14,15,124,8,16,19,61,41,22,23,24,69,5,27,28,56,63,31,29,33,17,35,36,37,60,39,40,49,42,7,44,45,86,47,48,21,50,51,53,13,54,55,6,57,58,59,2,0,62,46,64,10,66,117,68,20,70,71,72,65,74,75,67,77,76,79,80,81,82,83,84,85,92,87,88,89,73,91,78,93,94,95,96,97,98,99,100,101,102,103,104,105,106,107,108,109,110,111,112,113,114,115,116,34,118,119,120,121,122,123,90,125,126,127,128,129,130,131,132,133,134,135,136,137,138,139,140,141,142,143,144,145,146,147,148,149,150,151,152,153,154,155,156,157,158,159,160,161,162,163,164,165,166,167,168,169,170,171,172,173,174,175,176,177,178,179,180,181,182,183,184,185,186,187,188,189,190,191,192,193,194,195,196,197,198,199];False
7632;9033;16665;[14,52,11,3,26,43,18,30,25,9,4,1,12,32,38,15,124,8,16,19,61,41,22,23,24,69,5,27,28,56,63,31,29,33,17,35,36,37,60,39,40,49,42,7,44,45,86,47,48,21,50,51,53,13,54,55,6,57,58,59,2,0,62,46,64,10,66,117,68,20,70,71,72,65,74,75,67,77,76,79,80,81,82,83,84,85,92,87,88,89,73,91,78,93,94,95,96,97,98,99,100,101,102,103,104,105,106,107,108,109,110,111,112,113,114,115,116,34,118,119,120,121,122,123,90,125,126,127,128,129,130,131,132,133,134,135,136,137,138,139,140,141,142,143,144,145,146,147,148,149,150,151,152,153,154,155,156,157,158,159,160,161,162,163,164,165,166,167,168,169,170,171,172,173,174,175,176,177,178,179,180,181,182,183,184,185,186,187,188,189,190,191,192,193,194,195,196,197,198,199];False
7595;9039;16634;[23,52,11,3,26,43,18,30,25,9,4,1,12,32,14,15,124,8,16,19,61,41,22,38,24,69,5,27,28,56,63,31,29,33,17,35,36,37,60,39,40,49,42,7,44,45,86,47,48,21,50,51,53,13,54,55,6,57,58,59,2,0,62,46,64,10,66,117,68,20,70,71,72,65,74,75,67,77,76,79,80,81,82,83,84,85,92,87,88,89,73,91,78,93,94,95,96,97,98,99,100,101,102,103,104,105,106,107,108,109,110,111,112,113,114,115,116,34,118,119,120,121,122,123,90,125,126,127,128,129,130,131,132,133,134,135,136,137,138,139,140,141,142,143,144,145,146,147,148,149,150,151,152,153,154,155,156,157,158,159,160,161,162,163,164,165,166,167,168,169,170,171,172,173,174,175,176,177,178,179,180,181,182,183,184,185,186,187,188,189,190,191,192,193,194,195,196,197,198,199];False
7635;9031;16666;[28,52,11,3,26,43,18,30,25,9,4,1,12,32,14,15,124,8,16,19,61,41,22,23,24,69,5,27,38,56,63,31,29,33,17,35,36,37,60,39,40,49,42,7,44,45,86,47,48,21,50,51,53,13,54,55,6,57,58,59,2,0,62,46,64,10,66,117,68,20,70,71,72,65,74,75,67,77,76,79,80,81,82,83,84,85,92,87,88,89,73,91,78,93,94,95,96,97,98,99,100,101,102,103,104,105,106,107,108,109,110,111,112,113,114,115,116,34,118,119,120,121,122,123,90,125,126,127,128,129,130,131,132,133,134,135,136,137,138,139,140,141,142,143,144,145,146,147,148,149,150,151,152,153,154,155,156,157,158,159,160,161,162,163,164,165,166,167,168,169,170,171,172,173,174,175,176,177,178,179,180,181,182,183,184,185,186,187,188,189,190,191,192,193,194,195,196,197,198,199];False
7606;9028;16634;[6,52,11,3,26,43,18,30,25,9,4,1,12,32,14,15,124,8,16,19,61,41,22,23,24,69,5,27,28,56,63,31,29,33,17,35,36,37,60,39,40,49,42,7,44,45,86,47,48,21,50,51,53,13,54,55,38,57,58,59,2,0,62,46,64,10,66,117,68,20,70,71,72,65,74,75,67,77,76,79,80,81,82,83,84,85,92,87,88,89,73,91,78,93,94,95,96,97,98,99,100,101,102,103,104,105,106,107,108,109,110,111,112,113,114,115,116,34,118,119,120,121,122,123,90,125,126,127,128,129,130,131,132,133,134,135,136,137,138,139,140,141,142,143,144,145,146,147,148,149,150,151,152,153,154,155,156,157,158,159,160,161,162,163,164,165,166,167,168,169,170,171,172,173,174,175,176,177,178,179,180,181,182,183,184,185,186,187,188,189,190,191,192,193,194,195,196,197,198,199];False
7644;9024;16668;[64,52,11,3,26,43,18,30,25,9,4,1,12,32,14,15,124,8,16,19,61,41,22,23,24,69,5,27,28,56,63,31,29,33,17,35,36,37,60,39,40,49,42,7,44,45,86,47,48,21,50,51,53,13,54,55,6,57,58,59,2,0,62,46,38,10,66,117,68,20,70,71,72,65,74,75,67,77,76,79,80,81,82,83,84,85,92,87,88,89,73,91,78,93,94,95,96,97,98,99,100,101,102,103,104,105,106,107,108,109,110,111,112,113,114,115,116,34,118,119,120,121,122,123,90,125,126,127,128,129,130,131,132,133,134,135,136,137,138,139,140,141,142,143,144,145,146,147,148,149,150,151,152,153,154,155,156,157,158,159,160,161,162,163,164,165,166,167,168,169,170,171,172,173,174,175,176,177,178,179,180,181,182,183,184,185,186,187,188,189,190,191,192,193,194,195,196,197,198,199];False
7535;9068;16603;[76,52,11,3,26,43,18,30,25,9,4,1,12,32,14,15,124,8,16,19,61,41,22,23,24,69,5,27,28,56,63,31,29,33,17,35,36,37,60,39,40,49,42,7,44,45,86,47,48,21,50,51,53,13,54,55,6,57,58,59,2,0,62,46,64,10,66,117,68,20,70,71,72,65,74,75,67,77,38,79,80,81,82,83,84,85,92,87,88,89,73,91,78,93,94,95,96,97,98,99,100,101,102,103,104,105,106,107,108,109,110,111,112,113,114,115,116,34,118,119,120,121,122,123,90,125,126,127,128,129,130,131,132,133,134,135,136,137,138,139,140,141,142,143,144,145,146,147,148,149,150,151,152,153,154,155,156,157,158,159,160,161,162,163,164,165,166,167,168,169,170,171,172,173,174,175,176,177,178,179,180,181,182,183,184,185,186,187,188,189,190,191,192,193,194,195,196,197,198,199];False
7495;9069;16564;[80,52,11,3,26,43,18,30,25,9,4,1,12,32,14,15,124,8,16,19,61,41,22,23,24,69,5,27,28,56,63,31,29,33,17,35,36,37,60,39,40,49,42,7,44,45,86,47,48,21,50,51,53,13,54,55,6,57,58,59,2,0,62,46,64,10,66,117,68,20,70,71,72,65,74,75,67,77,76,79,38,81,82,83,84,85,92,87,88,89,73,91,78,93,94,95,96,97,98,99,100,101,102,103,104,105,106,107,108,109,110,111,112,113,114,115,116,34,118,119,120,121,122,123,90,125,126,127,128,129,130,131,132,133,134,135,136,137,138,139,140,141,142,143,144,145,146,147,148,149,150,151,152,153,154,155,156,157,158,159,160,161,162,163,164,165,166,167,168,169,170,171,172,173,174,175,176,177,178,179,180,181,182,183,184,185,186,187,188,189,190,191,192,193,194,195,196,197,198,199];False
7533;9043;16576;[81,52,11,3,26,43,18,30,25,9,4,1,12,32,14,15,124,8,16,19,61,41,22,23,24,69,5,27,28,56,63,31,29,33,17,35,36,37,60,39,40,49,42,7,44,45,86,47,48,21,50,51,53,13,54,55,6,57,58,59,2,0,62,46,64,10,66,117,68,20,70,71,72,65,74,75,67,77,76,79,80,38,82,83,84,85,92,87,88,89,73,91,78,93,94,95,96,97,98,99,100,101,102,103,104,105,106,107,108,109,110,111,112,113,114,115,116,34,118,119,120,121,122,123,90,125,126,127,128,129,130,131,132,133,134,135,136,137,138,139,140,141,142,143,144,145,146,147,148,149,150,151,152,153,154,155,156,157,158,159,160,161,162,163,164,165,166,167,168,169,170,171,172,173,174,175,176,177,178,179,180,181,182,183,184,185,186,187,188,189,190,191,192,193,194,195,196,197,198,199];False
7755;8996;16751;[19,52,11,3,26,43,18,30,25,9,4,46,12,32,14,15,124,8,16,1,61,41,22,23,24,69,5,27,28,56,63,31,29,33,17,35,36,37,38,39,40,49,42,7,44,45,60,47,48,21,50,51,53,13,54,55,6,57,58,59,2,0,62,86,64,10,66,117,68,20,70,71,72,65,74,75,67,77,76,79,80,81,82,83,84,85,92,87,88,89,73,91,78,93,94,95,96,97,98,99,100,101,102,103,104,105,106,107,108,109,110,111,112,113,114,115,116,34,118,119,120,121,122,123,90,125,126,127,128,129,130,131,132,133,134,135,136,137,138,139,140,141,142,143,144,145,146,147,148,149,150,151,152,153,154,155,156,157,158,159,160,161,162,163,164,165,166,167,168,169,170,171,172,173,174,175,176,177,178,179,180,181,182,183,184,185,186,187,188,189,190,191,192,193,194,195,196,197,198,199];False
7771;8989;16760;[14,52,11,3,26,43,18,30,25,9,4,1,12,32,23,15,124,8,16,19,61,41,22,46,24,69,5,27,28,56,63,31,29,33,17,35,36,37,38,39,40,49,42,7,44,45,60,47,48,21,50,51,53,13,54,55,6,57,58,59,2,0,62,86,64,10,66,117,68,20,70,71,72,65,74,75,67,77,76,79,80,81,82,83,84,85,92,87,88,89,73,91,78,93,94,95,96,97,98,99,100,101,102,103,104,105,106,107,108,109,110,111,112,113,114,115,116,34,118,119,120,121,122,123,90,125,126,127,128,129,130,131,132,133,134,135,136,137,138,139,140,141,142,143,144,145,146,147,148,149,150,151,152,153,154,155,156,157,158,159,160,161,162,163,164,165,166,167,168,169,170,171,172,173,174,175,176,177,178,179,180,181,182,183,184,185,186,187,188,189,190,191,192,193,194,195,196,197,198,199];False
7781;8988;16769;[17,52,11,3,26,43,18,30,25,9,4,1,12,32,14,15,124,8,16,19,61,41,22,46,24,69,5,27,28,56,63,31,29,33,23,35,36,37,38,39,40,49,42,7,44,45,60,47,48,21,50,51,53,13,54,55,6,57,58,59,2,0,62,86,64,10,66,117,68,20,70,71,72,65,74,75,67,77,76,79,80,81,82,83,84,85,92,87,88,89,73,91,78,93,94,95,96,97,98,99,100,101,102,103,104,105,106,107,108,109,110,111,112,113,114,115,116,34,118,119,120,121,122,123,90,125,126,127,128,129,130,131,132,133,134,135,136,137,138,139,140,141,142,143,144,145,146,147,148,149,150,151,152,153,154,155,156,157,158,159,160,161,162,163,164,165,166,167,168,169,170,171,172,173,174,175,176,177,178,179,180,181,182,183,184,185,186,187,188,189,190,191,192,193,194,195,196,197,198,199];False
7763;8991;16754;[81,52,11,3,26,43,18,30,25,9,4,1,12,32,14,15,124,8,16,19,61,41,22,46,24,69,5,27,28,56,63,31,29,33,17,35,36,37,38,39,40,49,42,7,44,45,60,47,48,21,50,51,53,13,54,55,6,57,58,59,2,0,62,86,64,10,66,117,68,20,70,71,72,65,74,75,67,77,76,79,80,23,82,83,84,85,92,87,88,89,73,91,78,93,94,95,96,97,98,99,100,101,102,103,104,105,106,107,108,109,110,111,112,113,114,115,116,34,118,119,120,121,122,123,90,125,126,127,128,129,130,131,132,133,134,135,136,137,138,139,140,141,142,143,144,145,146,147,148,149,150,151,152,153,154,155,156,157,158,159,160,161,162,163,164,165,166,167,168,169,170,171,172,173,174,175,176,177,178,179,180,181,182,183,184,185,186,187,188,189,190,191,192,193,194,195,196,197,198,199];False
7653;8987;16640;[4,52,11,3,26,43,18,30,25,9,33,1,12,32,14,15,124,8,16,19,61,41,22,23,24,69,5,27,28,56,63,31,29,46,17,35,36,37,38,39,40,49,42,7,44,45,60,47,48,21,50,51,53,13,54,55,6,57,58,59,2,0,62,86,64,10,66,117,68,20,70,71,72,65,74,75,67,77,76,79,80,81,82,83,84,85,92,87,88,89,73,91,78,93,94,95,96,97,98,99,100,101,102,103,104,105,106,107,108,109,110,111,112,113,114,115,116,34,118,119,120,121,122,123,90,125,126,127,128,129,130,131,132,133,134,135,136,137,138,139,140,141,142,143,144,145,146,147,148,149,150,151,152,153,154,155,156,157,158,159,160,161,162,163,164,165,166,167,168,169,170,171,172,173,174,175,176,177,178,179,180,181,182,183,184,185,186,187,188,189,190,191,192,193,194,195,196,197,198,199];False
8117;8916;17033;[20,117,11,3,26,43,18,30,8,9,69,1,12,32,14,15,99,65,16,19,61,41,22,23,24,25,5,27,28,56,63,31,29,33,17,35,36,93,38,39,40,49,42,7,44,45,60,47,48,21,50,51,53,13,54,55,6,57,58,59,2,0,62,52,64,10,66,67,68,37,70,71,72,108,74,75,76,77,78,79,80,81,46,83,84,85,86,87,88,89,4,91,73,92,94,95,96,97,98,90,100,101,102,103,104,105,194,107,106,109,110,111,112,113,114,115,116,34,118,119,120,121,122,123,124,125,126,127,128,129,130,131,132,133,134,135,136,137,138,139,140,141,142,143,144,145,146,147,148,149,150,151,152,153,154,155,156,157,158,159,160,161,162,163,164,165,166,167,168,169,170,171,172,173,174,175,176,177,178,179,180,181,182,183,184,185,186,187,188,189,190,191,192,193,82,195,196,197,198,199];False
7980;8939;16919;[16,117,11,3,26,43,18,30,8,9,69,1,12,32,14,15,20,65,174,19,61,41,22,23,24,25,5,27,28,56,63,31,29,33,17,35,36,93,38,39,40,49,42,7,44,45,60,47,48,21,50,51,53,13,54,55,6,57,58,59,2,0,62,52,64,10,66,67,68,37,70,71,72,108,74,75,76,77,78,79,80,81,46,83,84,85,86,87,88,89,4,91,73,92,94,95,96,97,98,99,100,101,102,103,104,105,194,107,106,109,110,111,112,113,114,115,116,34,118,119,120,121,122,123,124,125,126,127,128,129,130,131,132,133,134,135,136,137,138,139,140,141,142,143,144,145,146,147,148,149,150,151,152,153,154,155,156,157,158,159,160,161,162,163,164,165,166,167,168,169,170,171,172,173,90,175,176,177,178,179,180,181,182,183,184,185,186,187,188,189,190,191,192,193,82,195,196,197,198,199];False
8094;8930;17024;[17,117,11,3,26,43,18,30,8,9,69,1,12,32,14,15,20,65,16,19,61,41,22,23,24,25,5,27,28,56,63,31,29,33,174,35,36,93,38,39,40,49,42,7,44,45,60,47,48,21,50,51,53,13,54,55,6,57,58,59,2,0,62,52,64,10,66,67,68,37,70,71,72,108,74,75,76,77,78,79,80,81,46,83,84,85,86,87,88,89,4,91,73,92,94,95,96,97,98,99,100,101,102,103,104,105,194,107,106,109,110,111,112,113,114,115,116,34,118,119,120,121,122,123,124,125,126,127,128,129,130,131,132,133,134,135,136,137,138,139,140,141,142,143,144,145,146,147,148,149,150,151,152,153,154,155,156,157,158,159,160,161,162,163,164,165,166,167,168,169,170,171,172,173,90,175,176,177,178,179,180,181,182,183,184,185,186,187,188,189,190,191,192,193,82,195,196,197,198,199];False
8058;8929;16987;[53,117,11,3,26,43,18,30,8,9,69,1,12,32,14,15,20,65,16,19,61,41,22,23,24,25,5,27,28,56,63,31,29,33,17,35,36,93,38,39,40,49,42,7,44,45,60,47,48,21,50,51,174,13,54,55,6,57,58,59,2,0,62,52,64,10,66,67,68,37,70,71,72,108,74,75,76,77,78,79,80,81,46,83,84,85,86,87,88,89,4,91,73,92,94,95,96,97,98,99,100,101,102,103,104,105,194,107,106,109,110,111,112,113,114,115,116,34,118,119,120,121,122,123,124,125,126,127,128,129,130,131,132,133,134,135,136,137,138,139,140,141,142,143,144,145,146,147,148,149,150,151,152,153,154,155,156,157,158,159,160,161,162,163,164,165,166,167,168,169,170,171,172,173,90,175,176,177,178,179,180,181,182,183,184,185,186,187,188,189,190,191,192,193,82,195,196,197,198,199];False
8088;8913;17001;[74,117,11,3,26,43,18,30,8,9,69,1,12,32,14,15,20,65,16,19,61,41,22,23,24,25,5,27,28,56,63,31,29,33,17,35,36,93,38,39,40,49,42,7,44,45,60,47,48,21,50,51,53,13,54,55,6,57,58,59,2,0,62,52,64,10,66,67,68,37,70,71,72,108,174,75,76,77,78,79,80,81,46,83,84,85,86,87,88,89,4,91,73,92,94,95,96,97,98,99,100,101,102,103,104,105,194,107,106,109,110,111,112,113,114,115,116,34,118,119,120,121,122,123,124,125,126,127,128,129,130,131,132,133,134,135,136,137,138,139,140,141,142,143,144,145,146,147,148,149,150,151,152,153,154,155,156,157,158,159,160,161,162,163,164,165,166,167,168,169,170,171,172,173,90,175,176,177,178,179,180,181,182,183,184,185,186,187,188,189,190,191,192,193,82,195,196,197,198,199];False
8010;8932;16942;[92,117,11,3,26,43,18,30,8,9,69,1,12,32,14,15,20,65,16,19,61,41,22,23,24,25,5,27,28,56,63,31,29,33,17,35,36,93,38,39,40,49,42,7,44,45,60,47,48,21,50,51,53,13,54,55,6,57,58,59,2,0,62,52,64,10,66,67,68,37,70,71,72,108,74,75,76,77,78,79,80,81,46,83,84,85,86,87,88,89,4,91,73,174,94,95,96,97,98,99,100,101,102,103,104,105,194,107,106,109,110,111,112,113,114,115,116,34,118,119,120,121,122,123,124,125,126,127,128,129,130,131,132,133,134,135,136,137,138,139,140,141,142,143,144,145,146,147,148,149,150,151,152,153,154,155,156,157,158,159,160,161,162,163,164,165,166,167,168,169,170,171,172,173,90,175,176,177,178,179,180,181,182,183,184,185,186,187,188,189,190,191,192,193,82,195,196,197,198,199];False
7399;9206;16605;[52,76,93,3,26,43,18,30,124,9,4,1,12,32,14,15,16,60,64,19,25,41,22,23,24,69,5,27,28,56,63,31,29,33,17,35,36,37,38,39,40,49,42,7,44,45,86,47,48,21,50,51,0,11,54,55,6,57,58,59,2,61,62,67,13,46,66,10,68,20,70,71,72,65,74,75,151,77,53,79,80,81,82,83,84,85,92,87,88,89,73,91,109,8,94,95,96,97,98,99,100,101,102,103,104,105,106,107,108,78,110,111,112,113,114,115,116,117,118,119,120,121,122,123,90,125,126,127,128,129,130,131,132,133,134,135,136,137,138,139,140,141,142,143,144,145,146,147,148,149,150,34,152,153,154,155,156,157,158,159,160,161,162,163,164,165,166,167,168,169,170,171,172,173,174,175,176,177,178,179,180,181,182,183,184,185,186,187,188,189,190,191,192,193,194,195,196,197,198,199];False
7438;9172;16610;[86,52,93,3,26,43,18,30,124,9,4,1,12,32,14,15,16,60,64,19,25,41,22,23,24,69,5,27,28,56,63,31,29,33,17,35,36,37,38,39,40,49,42,7,44,45,76,47,48,21,50,51,0,11,54,55,6,57,58,59,2,61,62,67,13,46,66,10,68,20,70,71,72,65,74,75,151,77,53,79,80,81,82,83,84,85,92,87,88,89,73,91,109,8,94,95,96,97,98,99,100,101,102,103,104,105,106,107,108,78,110,111,112,113,114,115,116,117,118,119,120,121,122,123,90,125,126,127,128,129,130,131,132,133,134,135,136,137,138,139,140,141,142,143,144,145,146,147,148,149,150,34,152,153,154,155,156,157,158,159,160,161,162,163,164,165,166,167,168,169,170,171,172,173,174,175,176,177,178,179,180,181,182,183,184,185,186,187,188,189,190,191,192,193,194,195,196,197,198,199];False
7404;9179;16583;[61,52,93,3,26,43,18,30,124,9,4,1,12,32,14,15,16,60,64,19,25,41,22,23,24,69,5,27,28,56,63,31,29,33,17,35,36,37,38,39,40,49,42,7,44,45,86,47,48,21,50,51,0,11,54,55,6,57,58,59,2,76,62,67,13,46,66,10,68,20,70,71,72,65,74,75,151,77,53,79,80,81,82,83,84,85,92,87,88,89,73,91,109,8,94,95,96,97,98,99,100,101,102,103,104,105,106,107,108,78,110,111,112,113,114,115,116,117,118,119,120,121,122,123,90,125,126,127,128,129,130,131,132,133,134,135,136,137,138,139,140,141,142,143,144,145,146,147,148,149,150,34,152,153,154,155,156,157,158,159,160,161,162,163,164,165,166,167,168,169,170,171,172,173,174,175,176,177,178,179,180,181,182,183,184,185,186,187,188,189,190,191,192,193,194,195,196,197,198,199];False
7386;9202;16588;[10,52,93,3,26,43,18,30,124,9,4,1,12,32,14,15,16,60,64,19,25,41,22,23,24,69,5,27,28,56,63,31,29,33,17,35,36,37,38,39,40,49,42,7,44,45,86,47,48,21,50,51,0,11,54,55,6,57,58,59,2,61,62,67,13,46,66,76,68,20,70,71,72,65,74,75,151,77,53,79,80,81,82,83,84,85,92,87,88,89,73,91,109,8,94,95,96,97,98,99,100,101,102,103,104,105,106,107,108,78,110,111,112,113,114,115,116,117,118,119,120,121,122,123,90,125,126,127,128,129,130,131,132,133,134,135,136,137,138,139,140,141,142,143,144,145,146,147,148,149,150,34,152,153,154,155,156,157,158,159,160,161,162,163,164,165,166,167,168,169,170,171,172,173,174,175,176,177,178,179,180,181,182,183,184,185,186,187,188,189,190,191,192,193,194,195,196,197,198,199];False
7382;9193;16575;[74,52,93,3,26,43,18,30,124,9,4,1,12,32,14,15,16,60,64,19,25,41,22,23,24,69,5,27,28,56,63,31,29,33,17,35,36,37,38,39,40,49,42,7,44,45,86,47,48,21,50,51,0,11,54,55,6,57,58,59,2,61,62,67,13,46,66,10,68,20,70,71,72,65,76,75,151,77,53,79,80,81,82,83,84,85,92,87,88,89,73,91,109,8,94,95,96,97,98,99,100,101,102,103,104,105,106,107,108,78,110,111,112,113,114,115,116,117,118,119,120,121,122,123,90,125,126,127,128,129,130,131,132,133,134,135,136,137,138,139,140,141,142,143,144,145,146,147,148,149,150,34,152,153,154,155,156,157,158,159,160,161,162,163,164,165,166,167,168,169,170,171,172,173,174,175,176,177,178,179,180,181,182,183,184,185,186,187,188,189,190,191,192,193,194,195,196,197,198,199];False
7418;9154;16572;[80,52,93,3,26,43,18,30,124,9,4,1,12,32,14,15,16,60,64,19,25,41,22,23,24,69,5,27,28,56,63,31,29,33,17,35,36,37,38,39,40,49,42,7,44,45,86,47,48,21,50,51,0,11,54,55,6,57,58,59,2,61,62,67,13,46,66,10,68,20,70,71,72,65,74,75,151,77,53,79,76,81,82,83,84,85,92,87,88,89,73,91,109,8,94,95,96,97,98,99,100,101,102,103,104,105,106,107,108,78,110,111,112,113,114,115,116,117,118,119,120,121,122,123,90,125,126,127,128,129,130,131,132,133,134,135,136,137,138,139,140,141,142,143,144,145,146,147,148,149,150,34,152,153,154,155,156,157,158,159,160,161,162,163,164,165,166,167,168,169,170,171,172,173,174,175,176,177,178,179,180,181,182,183,184,185,186,187,188,189,190,191,192,193,194,195,196,197,198,199];False
7417;9139;16556;[84,52,93,3,26,43,18,30,124,9,4,1,12,32,14,15,16,60,64,19,25,41,22,23,24,69,5,27,28,56,63,31,29,33,17,35,36,37,38,39,40,49,42,7,44,45,86,47,48,21,50,51,0,11,54,55,6,57,58,59,2,61,62,67,13,46,66,10,68,20,70,71,72,65,74,75,151,77,53,79,80,81,82,83,76,85,92,87,88,89,73,91,109,8,94,95,96,97,98,99,100,101,102,103,104,105,106,107,108,78,110,111,112,113,114,115,116,117,118,119,120,121,122,123,90,125,126,127,128,129,130,131,132,133,134,135,136,137,138,139,140,141,142,143,144,145,146,147,148,149,150,34,152,153,154,155,156,157,158,159,160,161,162,163,164,165,166,167,168,169,170,171,172,173,174,175,176,177,178,179,180,181,182,183,184,185,186,187,188,189,190,191,192,193,194,195,196,197,198,199];False
7400;9173;16573;[92,52,93,3,26,43,18,30,124,9,4,1,12,32,14,15,16,60,64,19,25,41,22,23,24,69,5,27,28,56,63,31,29,33,17,35,36,37,38,39,40,49,42,7,44,45,86,47,48,21,50,51,0,11,54,55,6,57,58,59,2,61,62,67,13,46,66,10,68,20,70,71,72,65,74,75,151,77,53,79,80,81,82,83,84,85,76,87,88,89,73,91,109,8,94,95,96,97,98,99,100,101,102,103,104,105,106,107,108,78,110,111,112,113,114,115,116,117,118,119,120,121,122,123,90,125,126,127,128,129,130,131,132,133,134,135,136,137,138,139,140,141,142,143,144,145,146,147,148,149,150,34,152,153,154,155,156,157,158,159,160,161,162,163,164,165,166,167,168,169,170,171,172,173,174,175,176,177,178,179,180,181,182,183,184,185,186,187,188,189,190,191,192,193,194,195,196,197,198,199];False
8614;8881;17495;[82,117,11,3,26,43,18,30,25,9,69,1,12,32,46,15,65,8,14,19,61,41,22,23,24,53,5,27,28,56,63,31,29,33,20,35,36,37,38,39,40,49,42,7,44,45,60,47,48,21,50,51,16,13,54,55,6,57,58,59,2,0,62,52,64,10,66,67,68,17,70,71,72,73,74,75,76,77,78,79,80,81,107,83,84,85,86,87,88,89,4,91,90,93,94,95,96,97,98,99,100,101,102,103,104,105,106,92,108,109,110,111,112,113,114,115,116,34,118,119,120,121,122,123,124,125,126,127,128,129,130,131,132,133,134,135,136,137,138,139,140,141,142,143,144,145,146,147,148,149,150,151,152,153,154,155,156,157,158,159,160,161,162,163,164,165,166,167,168,169,170,171,172,173,174,175,176,177,178,179,180,181,182,183,184,185,186,187,188,189,190,191,192,193,194,195,196,197,198,199];False
8721;8877;17598;[50,117,11,3,26,43,18,30,25,9,69,1,12,32,46,15,65,8,14,19,61,41,22,23,24,82,5,27,28,56,63,31,29,33,20,35,36,37,38,39,40,49,42,7,44,45,60,47,48,21,53,51,16,13,54,55,6,57,58,59,2,0,62,52,64,10,66,67,68,17,70,71,72,73,74,75,76,77,78,79,80,81,107,83,84,85,86,87,88,89,4,91,90,93,94,95,96,97,98,99,100,101,102,103,104,105,106,92,108,109,110,111,112,113,114,115,116,34,118,119,120,121,122,123,124,125,126,127,128,129,130,131,132,133,134,135,136,137,138,139,140,141,142,143,144,145,146,147,148,149,150,151,152,153,154,155,156,157,158,159,160,161,162,163,164,165,166,167,168,169,170,171,172,173,174,175,176,177,178,179,180,181,182,183,184,185,186,187,188,189,190,191,192,193,194,195,196,197,198,199];False
8602;8886;17488;[71,117,11,3,26,43,18,30,25,9,69,1,12,32,46,15,65,8,14,19,61,41,22,23,24,82,5,27,28,56,63,31,29,33,20,35,36,37,38,39,40,49,42,7,44,45,60,47,48,21,50,51,16,13,54,55,6,57,58,59,2,0,62,52,64,10,66,67,68,17,70,53,72,73,74,75,76,77,78,79,80,81,107,83,84,85,86,87,88,89,4,91,90,93,94,95,96,97,98,99,100,101,102,103,104,105,106,92,108,109,110,111,112,113,114,115,116,34,118,119,120,121,122,123,124,125,126,127,128,129,130,131,132,133,134,135,136,137,138,139,140,141,142,143,144,145,146,147,148,149,150,151,152,153,154,155,156,157,158,159,160,161,162,163,164,165,166,167,168,169,170,171,172,173,174,175,176,177,178,179,180,181,182,183,184,185,186,187,188,189,190,191,192,193,194,195,196,197,198,199];False
8606;8883;17489;[72,117,11,3,26,43,18,30,25,9,69,1,12,32,46,15,65,8,14,19,61,41,22,23,24,82,5,27,28,56,63,31,29,33,20,35,36,37,38,39,40,49,42,7,44,45,60,47,48,21,50,51,16,13,54,55,6,57,58,59,2,0,62,52,64,10,66,67,68,17,70,71,53,73,74,75,76,77,78,79,80,81,107,83,84,85,86,87,88,89,4,91,90,93,94,95,96,97,98,99,100,101,102,103,104,105,106,92,108,109,110,111,112,113,114,115,116,34,118,119,120,121,122,123,124,125,126,127,128,129,130,131,132,133,134,135,136,137,138,139,140,141,142,143,144,145,146,147,148,149,150,151,152,153,154,155,156,157,158,159,160,161,162,163,164,165,166,167,168,169,170,171,172,173,174,175,176,177,178,179,180,181,182,183,184,185,186,187,188,189,190,191,192,193,194,195,196,197,198,199];False
8615;8878;17493;[73,117,11,3,26,43,18,30,25,9,69,1,12,32,46,15,65,8,14,19,61,41,22,23,24,82,5,27,28,56,63,31,29,33,20,35,36,37,38,39,40,49,42,7,44,45,60,47,48,21,50,51,16,13,54,55,6,57,58,59,2,0,62,52,64,10,66,67,68,17,70,71,72,53,74,75,76,77,78,79,80,81,107,83,84,85,86,87,88,89,4,91,90,93,94,95,96,97,98,99,100,101,102,103,104,105,106,92,108,109,110,111,112,113,114,115,116,34,118,119,120,121,122,123,124,125,126,127,128,129,130,131,132,133,134,135,136,137,138,139,140,141,142,143,144,145,146,147,148,149,150,151,152,153,154,155,156,157,158,159,160,161,162,163,164,165,166,167,168,169,170,171,172,173,174,175,176,177,178,179,180,181,182,183,184,185,186,187,188,189,190,191,192,193,194,195,196,197,198,199];False
8331;8893;17224;[82,117,11,3,26,43,18,30,25,9,69,1,12,32,14,15,65,8,46,19,61,41,22,23,24,198,5,27,28,56,63,31,29,33,20,35,36,37,38,39,40,49,42,7,44,45,60,47,48,21,50,51,53,13,54,55,6,57,58,59,2,0,62,52,64,10,66,67,68,17,70,71,72,73,74,75,76,77,78,79,80,81,107,83,84,85,86,87,88,89,4,91,90,93,94,95,96,97,98,99,100,101,102,103,104,105,16,92,108,109,110,111,112,113,114,115,116,34,118,119,120,121,122,123,124,125,126,127,128,129,130,131,132,133,134,135,136,137,138,139,140,141,142,143,144,145,146,147,148,149,150,151,152,153,154,155,156,157,158,159,160,161,162,163,164,165,166,167,168,169,170,171,172,173,174,175,176,177,178,179,180,181,182,183,184,185,186,187,188,189,190,191,192,193,194,195,196,197,106,199];False
8344;8877;17221;[16,117,11,3,26,43,18,30,25,9,69,1,12,32,14,15,65,8,46,19,61,41,22,23,24,82,5,27,28,56,63,31,29,33,20,35,36,37,38,39,40,49,42,7,44,45,60,47,48,21,50,51,53,13,54,55,6,57,58,59,2,0,62,52,64,10,66,67,68,17,70,71,72,73,74,75,76,77,78,79,80,81,107,83,84,85,86,87,88,89,4,91,90,93,94,95,96,97,98,99,100,101,102,103,104,105,198,92,108,109,110,111,112,113,114,115,116,34,118,119,120,121,122,123,124,125,126,127,128,129,130,131,132,133,134,135,136,137,138,139,140,141,142,143,144,145,146,147,148,149,150,151,152,153,154,155,156,157,158,159,160,161,162,163,164,165,166,167,168,169,170,171,172,173,174,175,176,177,178,179,180,181,182,183,184,185,186,187,188,189,190,191,192,193,194,195,196,197,106,199];False
8284;8909;17193;[16,117,11,3,26,43,18,30,25,9,69,1,12,32,14,15,65,8,198,19,61,41,22,23,24,46,5,27,28,56,63,31,29,33,20,35,36,37,38,39,40,49,42,7,44,45,60,47,48,21,50,51,53,13,54,55,6,57,58,59,2,0,62,52,64,10,66,67,68,17,70,71,72,73,74,75,76,77,78,79,80,81,107,83,84,85,86,87,88,89,4,91,90,93,94,95,96,97,98,99,100,101,102,103,104,105,106,92,108,109,110,111,112,113,114,115,116,34,118,119,120,121,122,123,124,125,126,127,128,129,130,131,132,133,134,135,136,137,138,139,140,141,142,143,144,145,146,147,148,149,150,151,152,153,154,155,156,157,158,159,160,161,162,163,164,165,166,167,168,169,170,171,172,173,82,175,176,177,178,179,180,181,182,183,184,185,186,187,188,189,190,191,192,193,194,195,196,197,174,199];False
8209;8895;17104;[106,117,11,3,26,43,18,30,25,9,69,1,12,32,14,15,65,8,16,19,61,41,22,23,24,46,5,27,28,56,63,31,29,33,20,35,36,37,38,39,40,49,42,7,44,45,60,47,48,21,50,51,53,13,54,55,6,57,58,59,2,0,62,52,64,10,66,67,68,17,70,71,72,73,74,75,76,77,78,79,80,81,107,83,84,85,86,87,88,89,4,91,90,93,94,95,96,97,98,99,100,101,102,103,104,105,198,92,108,109,110,111,112,113,114,115,116,34,118,119,120,121,122,123,124,125,126,127,128,129,130,131,132,133,134,135,136,137,138,139,140,141,142,143,144,145,146,147,148,149,150,151,152,153,154,155,156,157,158,159,160,161,162,163,164,165,166,167,168,169,170,171,172,173,82,175,176,177,178,179,180,181,182,183,184,185,186,187,188,189,190,191,192,193,194,195,196,197,174,199];False
7942;8939;16881;[62,141,11,3,26,43,18,30,25,9,4,1,12,32,14,15,124,8,16,19,61,41,22,23,24,69,5,27,28,56,63,31,29,33,17,35,36,37,38,39,40,49,42,7,44,45,60,47,48,21,92,51,53,13,54,55,6,57,58,59,2,0,84,46,64,10,66,117,68,20,70,71,72,65,74,75,67,77,76,79,80,81,82,83,52,85,86,87,88,89,73,91,78,93,94,95,96,97,98,99,100,101,102,103,104,105,106,107,108,109,110,111,112,113,114,115,116,34,118,119,120,121,122,123,90,125,126,127,128,129,130,131,132,133,134,135,136,137,138,139,140,50,142,143,144,145,146,147,148,149,150,151,152,153,154,155,156,157,158,159,160,161,162,163,164,165,166,167,168,169,170,171,172,173,174,175,176,177,178,179,180,181,182,183,184,185,186,187,188,189,190,191,192,193,194,195,196,197,198,199];False
7895;8923;16818;[64,141,11,3,26,43,18,30,25,9,4,1,12,32,14,15,124,8,16,19,61,41,22,23,24,69,5,27,28,56,63,31,29,33,17,35,36,37,38,39,40,49,42,7,44,45,60,47,48,21,92,51,53,13,54,55,6,57,58,59,2,0,62,46,84,10,66,117,68,20,70,71,72,65,74,75,67,77,76,79,80,81,82,83,52,85,86,87,88,89,73,91,78,93,94,95,96,97,98,99,100,101,102,103,104,105,106,107,108,109,110,111,112,113,114,115,116,34,118,119,120,121,122,123,90,125,126,127,128,129,130,131,132,133,134,135,136,137,138,139,140,50,142,143,144,145,146,147,148,149,150,151,152,153,154,155,156,157,158,159,160,161,162,163,164,165,166,167,168,169,170,171,172,173,174,175,176,177,178,179,180,181,182,183,184,185,186,187,188,189,190,191,192,193,194,195,196,197,198,199];False
7862;8945;16807;[117,141,11,3,26,43,18,30,25,9,4,1,12,32,14,15,124,8,16,19,61,41,22,23,24,69,5,27,28,56,63,31,29,33,17,35,36,37,38,39,40,49,42,7,44,45,60,47,48,21,92,51,53,13,54,55,6,57,58,59,2,0,62,46,64,10,66,84,68,20,70,71,72,65,74,75,67,77,76,79,80,81,82,83,52,85,86,87,88,89,73,91,78,93,94,95,96,97,98,99,100,101,102,103,104,105,106,107,108,109,110,111,112,113,114,115,116,34,118,119,120,121,122,123,90,125,126,127,128,129,130,131,132,133,134,135,136,137,138,139,140,50,142,143,144,145,146,147,148,149,150,151,152,153,154,155,156,157,158,159,160,161,162,163,164,165,166,167,168,169,170,171,172,173,174,175,176,177,178,179,180,181,182,183,184,185,186,187,188,189,190,191,192,193,194,195,196,197,198,199];False
7872;8932;16804;[75,141,11,3,26,43,18,30,25,9,4,1,12,32,14,15,124,8,16,19,61,41,22,23,24,69,5,27,28,56,63,31,29,33,17,35,36,37,38,39,40,49,42,7,44,45,60,47,48,21,92,51,53,13,54,55,6,57,58,59,2,0,62,46,64,10,66,117,68,20,70,71,72,65,74,84,67,77,76,79,80,81,82,83,52,85,86,87,88,89,73,91,78,93,94,95,96,97,98,99,100,101,102,103,104,105,106,107,108,109,110,111,112,113,114,115,116,34,118,119,120,121,122,123,90,125,126,127,128,129,130,131,132,133,134,135,136,137,138,139,140,50,142,143,144,145,146,147,148,149,150,151,152,153,154,155,156,157,158,159,160,161,162,163,164,165,166,167,168,169,170,171,172,173,174,175,176,177,178,179,180,181,182,183,184,185,186,187,188,189,190,191,192,193,194,195,196,197,198,199];False
7751;8969;16720;[95,141,11,3,26,43,18,30,25,9,4,1,12,32,14,15,124,8,16,19,61,41,22,23,24,69,5,27,28,56,63,31,29,33,17,35,36,37,38,39,40,49,42,7,44,45,60,47,48,21,92,51,53,13,54,55,6,57,58,59,2,0,62,46,64,10,66,117,68,20,70,71,72,65,74,75,67,77,76,79,80,81,82,83,52,85,86,87,88,89,73,91,78,93,94,84,96,97,98,99,100,101,102,103,104,105,106,107,108,109,110,111,112,113,114,115,116,34,118,119,120,121,122,123,90,125,126,127,128,129,130,131,132,133,134,135,136,137,138,139,140,50,142,143,144,145,146,147,148,149,150,151,152,153,154,155,156,157,158,159,160,161,162,163,164,165,166,167,168,169,170,171,172,173,174,175,176,177,178,179,180,181,182,183,184,185,186,187,188,189,190,191,192,193,194,195,196,197,198,199];False
7810;8946;16756;[96,141,11,3,26,43,18,30,25,9,4,1,12,32,14,15,124,8,16,19,61,41,22,23,24,69,5,27,28,56,63,31,29,33,17,35,36,37,38,39,40,49,42,7,44,45,60,47,48,21,92,51,53,13,54,55,6,57,58,59,2,0,62,46,64,10,66,117,68,20,70,71,72,65,74,75,67,77,76,79,80,81,82,83,52,85,86,87,88,89,73,91,78,93,94,95,84,97,98,99,100,101,102,103,104,105,106,107,108,109,110,111,112,113,114,115,116,34,118,119,120,121,122,123,90,125,126,127,128,129,130,131,132,133,134,135,136,137,138,139,140,50,142,143,144,145,146,147,148,149,150,151,152,153,154,155,156,157,158,159,160,161,162,163,164,165,166,167,168,169,170,171,172,173,174,175,176,177,178,179,180,181,182,183,184,185,186,187,188,189,190,191,192,193,194,195,196,197,198,199];False
7778;8966;16744;[14,141,11,3,26,43,18,30,25,9,4,1,12,32,103,15,124,8,16,19,61,41,22,23,24,69,5,27,28,56,63,31,29,33,17,35,36,37,38,39,40,49,42,7,44,45,60,47,48,21,92,51,53,13,54,55,6,57,58,59,2,0,62,46,64,10,66,117,68,20,70,71,72,65,74,75,67,77,76,79,80,81,82,83,84,85,86,87,88,89,73,91,78,93,94,95,96,97,98,99,100,101,102,52,104,105,106,107,108,109,110,111,112,113,114,115,116,34,118,119,120,121,122,123,90,125,126,127,128,129,130,131,132,133,134,135,136,137,138,139,140,50,142,143,144,145,146,147,148,149,150,151,152,153,154,155,156,157,158,159,160,161,162,163,164,165,166,167,168,169,170,171,172,173,174,175,176,177,178,179,180,181,182,183,184,185,186,187,188,189,190,191,192,193,194,195,196,197,198,199];False
7858;8941;16799;[19,141,11,3,26,43,18,30,25,9,4,1,12,32,14,15,124,8,16,103,61,41,22,23,24,69,5,27,28,56,63,31,29,33,17,35,36,37,38,39,40,49,42,7,44,45,60,47,48,21,92,51,53,13,54,55,6,57,58,59,2,0,62,46,64,10,66,117,68,20,70,71,72,65,74,75,67,77,76,79,80,81,82,83,84,85,86,87,88,89,73,91,78,93,94,95,96,97,98,99,100,101,102,52,104,105,106,107,108,109,110,111,112,113,114,115,116,34,118,119,120,121,122,123,90,125,126,127,128,129,130,131,132,133,134,135,136,137,138,139,140,50,142,143,144,145,146,147,148,149,150,151,152,153,154,155,156,157,158,159,160,161,162,163,164,165,166,167,168,169,170,171,172,173,174,175,176,177,178,179,180,181,182,183,184,185,186,187,188,189,190,191,192,193,194,195,196,197,198,199];False
7853;8944;16797;[62,141,11,3,26,43,18,30,25,9,4,1,12,32,14,15,124,8,16,19,61,41,22,23,24,69,5,27,28,56,63,31,29,33,17,35,36,37,38,39,40,49,42,7,44,45,60,47,48,21,92,51,53,13,54,55,6,57,58,59,2,0,103,46,64,10,66,117,68,20,70,71,72,65,74,75,67,77,76,79,80,81,82,83,84,85,86,87,88,89,73,91,78,93,94,95,96,97,98,99,100,101,102,52,104,105,106,107,108,109,110,111,112,113,114,115,116,34,118,119,120,121,122,123,90,125,126,127,128,129,130,131,132,133,134,135,136,137,138,139,140,50,142,143,144,145,146,147,148,149,150,151,152,153,154,155,156,157,158,159,160,161,162,163,164,165,166,167,168,169,170,171,172,173,174,175,176,177,178,179,180,181,182,183,184,185,186,187,188,189,190,191,192,193,194,195,196,197,198,199];False
7799;8955;16754;[46,141,11,3,26,43,18,30,25,9,4,1,12,32,14,15,124,8,16,19,61,41,22,23,24,69,5,27,28,56,63,31,29,33,17,35,36,37,38,39,40,49,42,7,44,45,60,47,48,21,92,51,53,13,54,55,6,57,58,59,2,0,62,103,64,10,66,117,68,20,70,71,72,65,74,75,67,77,76,79,80,81,82,83,84,85,86,87,88,89,73,91,78,93,94,95,96,97,98,99,100,101,102,52,104,105,106,107,108,109,110,111,112,113,114,115,116,34,118,119,120,121,122,123,90,125,126,127,128,129,130,131,132,133,134,135,136,137,138,139,140,50,142,143,144,145,146,147,148,149,150,151,152,153,154,155,156,157,158,159,160,161,162,163,164,165,166,167,168,169,170,171,172,173,174,175,176,177,178,179,180,181,182,183,184,185,186,187,188,189,190,191,192,193,194,195,196,197,198,199];False
7853;8935;16788;[78,141,11,3,26,43,18,30,25,9,4,1,12,32,14,15,124,8,16,19,61,41,22,23,24,69,5,27,28,56,63,31,29,33,17,35,36,37,38,39,40,49,42,7,44,45,60,47,48,21,92,51,53,13,54,55,6,57,58,59,2,0,62,46,64,10,66,117,68,20,70,71,72,65,74,75,67,77,76,79,80,81,82,83,84,85,86,87,88,89,73,91,103,93,94,95,96,97,98,99,100,101,102,52,104,105,106,107,108,109,110,111,112,113,114,115,116,34,118,119,120,121,122,123,90,125,126,127,128,129,130,131,132,133,134,135,136,137,138,139,140,50,142,143,144,145,146,147,148,149,150,151,152,153,154,155,156,157,158,159,160,161,162,163,164,165,166,167,168,169,170,171,172,173,174,175,176,177,178,179,180,181,182,183,184,185,186,187,188,189,190,191,192,193,194,195,196,197,198,199];False
7748;8968;16716;[95,141,11,3,26,43,18,30,25,9,4,1,12,32,14,15,124,8,16,19,61,41,22,23,24,69,5,27,28,56,63,31,29,33,17,35,36,37,38,39,40,49,42,7,44,45,60,47,48,21,92,51,53,13,54,55,6,57,58,59,2,0,62,46,64,10,66,117,68,20,70,71,72,65,74,75,67,77,76,79,80,81,82,83,84,85,86,87,88,89,73,91,78,93,94,103,96,97,98,99,100,101,102,52,104,105,106,107,108,109,110,111,112,113,114,115,116,34,118,119,120,121,122,123,90,125,126,127,128,129,130,131,132,133,134,135,136,137,138,139,140,50,142,143,144,145,146,147,148,149,150,151,152,153,154,155,156,157,158,159,160,161,162,163,164,165,166,167,168,169,170,171,172,173,174,175,176,177,178,179,180,181,182,183,184,185,186,187,188,189,190,191,192,193,194,195,196,197,198,199];False
7742;8956;16698;[114,141,11,3,26,43,18,30,25,9,4,1,12,32,14,15,124,8,16,19,61,41,22,23,24,69,5,27,28,56,63,31,29,33,17,35,36,37,38,39,40,49,42,7,44,45,60,47,48,21,92,51,53,13,54,55,6,57,58,59,2,0,62,46,64,10,66,117,68,20,70,71,72,65,74,75,67,77,76,79,80,81,82,83,84,85,86,87,88,89,73,91,78,93,94,95,96,97,98,99,100,101,102,52,104,105,106,107,108,109,110,111,112,113,103,115,116,34,118,119,120,121,122,123,90,125,126,127,128,129,130,131,132,133,134,135,136,137,138,139,140,50,142,143,144,145,146,147,148,149,150,151,152,153,154,155,156,157,158,159,160,161,162,163,164,165,166,167,168,169,170,171,172,173,174,175,176,177,178,179,180,181,182,183,184,185,186,187,188,189,190,191,192,193,194,195,196,197,198,199];False
7596;9036;16632;[14,52,11,3,26,43,18,30,25,9,4,1,12,32,23,15,124,8,16,19,61,41,22,38,24,69,5,27,28,56,63,31,29,33,17,35,36,37,60,39,40,49,42,7,44,45,86,47,48,21,50,51,53,13,54,55,6,57,58,59,2,0,62,46,64,10,66,117,68,20,70,71,72,65,74,75,67,77,76,79,80,81,82,83,84,85,92,87,88,89,73,91,78,93,94,95,96,97,98,99,100,101,102,103,104,105,106,107,108,109,110,111,112,113,114,115,116,34,118,119,120,121,122,123,90,125,126,127,128,129,130,131,132,133,134,135,136,137,138,139,140,141,142,143,144,145,146,147,148,149,150,151,152,153,154,155,156,157,158,159,160,161,162,163,164,165,166,167,168,169,170,171,172,173,174,175,176,177,178,179,180,181,182,183,184,185,186,187,188,189,190,191,192,193,194,195,196,197,198,199];False
7588;9038;16626;[81,52,11,3,26,43,18,30,25,9,4,1,12,32,14,15,124,8,16,19,61,41,22,38,24,69,5,27,28,56,63,31,29,33,17,35,36,37,60,39,40,49,42,7,44,45,86,47,48,21,50,51,53,13,54,55,6,57,58,59,2,0,62,46,64,10,66,117,68,20,70,71,72,65,74,75,67,77,76,79,80,23,82,83,84,85,92,87,88,89,73,91,78,93,94,95,96,97,98,99,100,101,102,103,104,105,106,107,108,109,110,111,112,113,114,115,116,34,118,119,120,121,122,123,90,125,126,127,128,129,130,131,132,133,134,135,136,137,138,139,140,141,142,143,144,145,146,147,148,149,150,151,152,153,154,155,156,157,158,159,160,161,162,163,164,165,166,167,168,169,170,171,172,173,174,175,176,177,178,179,180,181,182,183,184,185,186,187,188,189,190,191,192,193,194,195,196,197,198,199];False
7629;9019;16648;[4,52,11,3,26,43,18,30,25,9,6,1,12,32,14,15,124,8,16,19,61,41,22,23,24,69,5,27,28,56,63,31,29,33,17,35,36,37,60,39,40,49,42,7,44,45,86,47,48,21,50,51,53,13,54,55,38,57,58,59,2,0,62,46,64,10,66,117,68,20,70,71,72,65,74,75,67,77,76,79,80,81,82,83,84,85,92,87,88,89,73,91,78,93,94,95,96,97,98,99,100,101,102,103,104,105,106,107,108,109,110,111,112,113,114,115,116,34,118,119,120,121,122,123,90,125,126,127,128,129,130,131,132,133,134,135,136,137,138,139,140,141,142,143,144,145,146,147,148,149,150,151,152,153,154,155,156,157,158,159,160,161,162,163,164,165,166,167,168,169,170,171,172,173,174,175,176,177,178,179,180,181,182,183,184,185,186,187,188,189,190,191,192,193,194,195,196,197,198,199];False
7629;9013;16642;[84,52,11,3,26,43,18,30,25,9,4,1,12,32,14,15,124,8,16,19,61,41,22,23,24,69,5,27,28,56,63,31,29,33,17,35,36,37,60,39,40,49,42,7,44,45,86,47,48,21,50,51,53,13,54,55,38,57,58,59,2,0,62,46,64,10,66,117,68,20,70,71,72,65,74,75,67,77,76,79,80,81,82,83,6,85,92,87,88,89,73,91,78,93,94,95,96,97,98,99,100,101,102,103,104,105,106,107,108,109,110,111,112,113,114,115,116,34,118,119,120,121,122,123,90,125,126,127,128,129,130,131,132,133,134,135,136,137,138,139,140,141,142,143,144,145,146,147,148,149,150,151,152,153,154,155,156,157,158,159,160,161,162,163,164,165,166,167,168,169,170,171,172,173,174,175,176,177,178,179,180,181,182,183,184,185,186,187,188,189,190,191,192,193,194,195,196,197,198,199];False
7641;9006;16647;[73,52,11,3,26,43,18,30,25,9,4,1,12,32,14,15,124,8,16,19,61,41,22,23,24,69,5,27,28,56,63,31,29,33,17,35,36,37,60,39,40,49,42,7,44,45,86,47,48,21,50,51,53,13,54,55,38,57,58,59,2,0,62,46,64,10,66,117,68,20,70,71,72,65,74,75,67,77,76,79,80,81,82,83,84,85,92,87,88,89,6,91,78,93,94,95,96,97,98,99,100,101,102,103,104,105,106,107,108,109,110,111,112,113,114,115,116,34,118,119,120,121,122,123,90,125,126,127,128,129,130,131,132,133,134,135,136,137,138,139,140,141,142,143,144,145,146,147,148,149,150,151,152,153,154,155,156,157,158,159,160,161,162,163,164,165,166,167,168,169,170,171,172,173,174,175,176,177,178,179,180,181,182,183,184,185,186,187,188,189,190,191,192,193,194,195,196,197,198,199];False
7548;9037;16585;[94,52,11,3,26,43,18,30,25,9,4,1,12,32,14,15,124,8,16,19,61,41,22,23,24,69,5,27,28,56,63,31,29,33,17,35,36,37,60,39,40,49,42,7,44,45,86,47,48,21,50,51,53,13,54,55,38,57,58,59,2,0,62,46,64,10,66,117,68,20,70,71,72,65,74,75,67,77,76,79,80,81,82,83,84,85,92,87,88,89,73,91,78,93,6,95,96,97,98,99,100,101,102,103,104,105,106,107,108,109,110,111,112,113,114,115,116,34,118,119,120,121,122,123,90,125,126,127,128,129,130,131,132,133,134,135,136,137,138,139,140,141,142,143,144,145,146,147,148,149,150,151,152,153,154,155,156,157,158,159,160,161,162,163,164,165,166,167,168,169,170,171,172,173,174,175,176,177,178,179,180,181,182,183,184,185,186,187,188,189,190,191,192,193,194,195,196,197,198,199];False
7596;9025;16621;[100,52,11,3,26,43,18,30,25,9,4,1,12,32,14,15,124,8,16,19,61,41,22,23,24,69,5,27,28,56,63,31,29,33,17,35,36,37,60,39,40,49,42,7,44,45,86,47,48,21,50,51,53,13,54,55,38,57,58,59,2,0,62,46,64,10,66,117,68,20,70,71,72,65,74,75,67,77,76,79,80,81,82,83,84,85,92,87,88,89,73,91,78,93,94,95,96,97,98,99,6,101,102,103,104,105,106,107,108,109,110,111,112,113,114,115,116,34,118,119,120,121,122,123,90,125,126,127,128,129,130,131,132,133,134,135,136,137,138,139,140,141,142,143,144,145,146,147,148,149,150,151,152,153,154,155,156,157,158,159,160,161,162,163,164,165,166,167,168,169,170,171,172,173,174,175,176,177,178,179,180,181,182,183,184,185,186,187,188,189,190,191,192,193,194,195,196,197,198,199];False
7480;9092;16572;[9,52,11,3,26,43,18,30,25,80,4,1,12,32,14,15,124,8,16,19,61,41,22,23,24,69,5,27,28,56,63,31,29,33,17,35,36,37,60,39,40,49,42,7,44,45,86,47,48,21,50,51,53,13,54,55,6,57,58,59,2,0,62,46,64,10,66,117,68,20,70,71,72,65,74,75,67,77,76,79,38,81,82,83,84,85,92,87,88,89,73,91,78,93,94,95,96,97,98,99,100,101,102,103,104,105,106,107,108,109,110,111,112,113,114,115,116,34,118,119,120,121,122,123,90,125,126,127,128,129,130,131,132,133,134,135,136,137,138,139,140,141,142,143,144,145,146,147,148,149,150,151,152,153,154,155,156,157,158,159,160,161,162,163,164,165,166,167,168,169,170,171,172,173,174,175,176,177,178,179,180,181,182,183,184,185,186,187,188,189,190,191,192,193,194,195,196,197,198,199];False
7511;9066;16577;[4,52,11,3,26,43,18,30,25,9,80,1,12,32,14,15,124,8,16,19,61,41,22,23,24,69,5,27,28,56,63,31,29,33,17,35,36,37,60,39,40,49,42,7,44,45,86,47,48,21,50,51,53,13,54,55,6,57,58,59,2,0,62,46,64,10,66,117,68,20,70,71,72,65,74,75,67,77,76,79,38,81,82,83,84,85,92,87,88,89,73,91,78,93,94,95,96,97,98,99,100,101,102,103,104,105,106,107,108,109,110,111,112,113,114,115,116,34,118,119,120,121,122,123,90,125,126,127,128,129,130,131,132,133,134,135,136,137,138,139,140,141,142,143,144,145,146,147,148,149,150,151,152,153,154,155,156,157,158,159,160,161,162,163,164,165,166,167,168,169,170,171,172,173,174,175,176,177,178,179,180,181,182,183,184,185,186,187,188,189,190,191,192,193,194,195,196,197,198,199];False
7456;9081;16537;[17,52,11,3,26,43,18,30,25,9,4,1,12,32,14,15,124,8,16,19,61,41,22,23,24,69,5,27,28,56,63,31,29,33,80,35,36,37,60,39,40,49,42,7,44,45,86,47,48,21,50,51,53,13,54,55,6,57,58,59,2,0,62,46,64,10,66,117,68,20,70,71,72,65,74,75,67,77,76,79,38,81,82,83,84,85,92,87,88,89,73,91,78,93,94,95,96,97,98,99,100,101,102,103,104,105,106,107,108,109,110,111,112,113,114,115,116,34,118,119,120,121,122,123,90,125,126,127,128,129,130,131,132,133,134,135,136,137,138,139,140,141,142,143,144,145,146,147,148,149,150,151,152,153,154,155,156,157,158,159,160,161,162,163,164,165,166,167,168,169,170,171,172,173,174,175,176,177,178,179,180,181,182,183,184,185,186,187,188,189,190,191,192,193,194,195,196,197,198,199];False
7527;9063;16590;[57,52,11,3,26,43,18,30,25,9,4,1,12,32,14,15,124,8,16,19,61,41,22,23,24,69,5,27,28,56,63,31,29,33,17,35,36,37,60,39,40,49,42,7,44,45,86,47,48,21,50,51,53,13,54,55,6,80,58,59,2,0,62,46,64,10,66,117,68,20,70,71,72,65,74,75,67,77,76,79,38,81,82,83,84,85,92,87,88,89,73,91,78,93,94,95,96,97,98,99,100,101,102,103,104,105,106,107,108,109,110,111,112,113,114,115,116,34,118,119,120,121,122,123,90,125,126,127,128,129,130,131,132,133,134,135,136,137,138,139,140,141,142,143,144,145,146,147,148,149,150,151,152,153,154,155,156,157,158,159,160,161,162,163,164,165,166,167,168,169,170,171,172,173,174,175,176,177,178,179,180,181,182,183,184,185,186,187,188,189,190,191,192,193,194,195,196,197,198,199];False
7508;9061;16569;[10,52,11,3,26,43,18,30,25,9,4,1,12,32,14,15,124,8,16,19,61,41,22,23,24,69,5,27,28,56,63,31,29,33,17,35,36,37,60,39,40,49,42,7,44,45,86,47,48,21,50,51,53,13,54,55,6,57,58,59,2,0,62,46,64,80,66,117,68,20,70,71,72,65,74,75,67,77,76,79,38,81,82,83,84,85,92,87,88,89,73,91,78,93,94,95,96,97,98,99,100,101,102,103,104,105,106,107,108,109,110,111,112,113,114,115,116,34,118,119,120,121,122,123,90,125,126,127,128,129,130,131,132,133,134,135,136,137,138,139,140,141,142,143,144,145,146,147,148,149,150,151,152,153,154,155,156,157,158,159,160,161,162,163,164,165,166,167,168,169,170,171,172,173,174,175,176,177,178,179,180,181,182,183,184,185,186,187,188,189,190,191,192,193,194,195,196,197,198,199];False
7433;9076;16509;[76,52,11,3,26,43,18,30,25,9,4,1,12,32,14,15,124,8,16,19,61,41,22,23,24,69,5,27,28,56,63,31,29,33,17,35,36,37,60,39,40,49,42,7,44,45,86,47,48,21,50,51,53,13,54,55,6,57,58,59,2,0,62,46,64,10,66,117,68,20,70,71,72,65,74,75,67,77,80,79,38,81,82,83,84,85,92,87,88,89,73,91,78,93,94,95,96,97,98,99,100,101,102,103,104,105,106,107,108,109,110,111,112,113,114,115,116,34,118,119,120,121,122,123,90,125,126,127,128,129,130,131,132,133,134,135,136,137,138,139,140,141,142,143,144,145,146,147,148,149,150,151,152,153,154,155,156,157,158,159,160,161,162,163,164,165,166,167,168,169,170,171,172,173,174,175,176,177,178,179,180,181,182,183,184,185,186,187,188,189,190,191,192,193,194,195,196,197,198,199];False
7505;9065;16570;[81,52,11,3,26,43,18,30,25,9,4,1,12,32,14,15,124,8,16,19,61,41,22,23,24,69,5,27,28,56,63,31,29,33,17,35,36,37,60,39,40,49,42,7,44,45,86,47,48,21,50,51,53,13,54,55,6,57,58,59,2,0,62,46,64,10,66,117,68,20,70,71,72,65,74,75,67,77,76,79,38,80,82,83,84,85,92,87,88,89,73,91,78,93,94,95,96,97,98,99,100,101,102,103,104,105,106,107,108,109,110,111,112,113,114,115,116,34,118,119,120,121,122,123,90,125,126,127,128,129,130,131,132,133,134,135,136,137,138,139,140,141,142,143,144,145,146,147,148,149,150,151,152,153,154,155,156,157,158,159,160,161,162,163,164,165,166,167,168,169,170,171,172,173,174,175,176,177,178,179,180,181,182,183,184,185,186,187,188,189,190,191,192,193,194,195,196,197,198,199];False
7570;9016;16586;[82,52,11,3,26,43,18,30,25,9,4,1,12,32,14,15,124,8,16,19,61,41,22,23,24,69,5,27,28,56,63,31,29,33,17,35,36,37,60,39,40,49,42,7,44,45,86,47,48,21,50,51,53,13,54,55,6,57,58,59,2,0,62,46,64,10,66,117,68,20,70,71,72,65,74,75,67,77,76,79,38,81,80,83,84,85,92,87,88,89,73,91,78,93,94,95,96,97,98,99,100,101,102,103,104,105,106,107,108,109,110,111,112,113,114,115,116,34,118,119,120,121,122,123,90,125,126,127,128,129,130,131,132,133,134,135,136,137,138,139,140,141,142,143,144,145,146,147,148,149,150,151,152,153,154,155,156,157,158,159,160,161,162,163,164,165,166,167,168,169,170,171,172,173,174,175,176,177,178,179,180,181,182,183,184,185,186,187,188,189,190,191,192,193,194,195,196,197,198,199];False
7509;9060;16569;[83,52,11,3,26,43,18,30,25,9,4,1,12,32,14,15,124,8,16,19,61,41,22,23,24,69,5,27,28,56,63,31,29,33,17,35,36,37,60,39,40,49,42,7,44,45,86,47,48,21,50,51,53,13,54,55,6,57,58,59,2,0,62,46,64,10,66,117,68,20,70,71,72,65,74,75,67,77,76,79,38,81,82,80,84,85,92,87,88,89,73,91,78,93,94,95,96,97,98,99,100,101,102,103,104,105,106,107,108,109,110,111,112,113,114,115,116,34,118,119,120,121,122,123,90,125,126,127,128,129,130,131,132,133,134,135,136,137,138,139,140,141,142,143,144,145,146,147,148,149,150,151,152,153,154,155,156,157,158,159,160,161,162,163,164,165,166,167,168,169,170,171,172,173,174,175,176,177,178,179,180,181,182,183,184,185,186,187,188,189,190,191,192,193,194,195,196,197,198,199];False
7496;9043;16539;[73,52,11,3,26,43,18,30,25,9,4,1,12,32,14,15,124,8,16,19,61,41,22,23,24,69,5,27,28,56,63,31,29,33,17,35,36,37,60,39,40,49,42,7,44,45,86,47,48,21,50,51,53,13,54,55,6,57,58,59,2,0,62,46,64,10,66,117,68,20,70,71,72,65,74,75,67,77,76,79,38,81,82,83,84,85,92,87,88,89,80,91,78,93,94,95,96,97,98,99,100,101,102,103,104,105,106,107,108,109,110,111,112,113,114,115,116,34,118,119,120,121,122,123,90,125,126,127,128,129,130,131,132,133,134,135,136,137,138,139,140,141,142,143,144,145,146,147,148,149,150,151,152,153,154,155,156,157,158,159,160,161,162,163,164,165,166,167,168,169,170,171,172,173,174,175,176,177,178,179,180,181,182,183,184,185,186,187,188,189,190,191,192,193,194,195,196,197,198,199];False
7690;8978;16668;[20,52,11,3,26,43,18,30,25,9,33,1,12,32,14,15,124,8,16,19,61,41,22,23,24,69,5,27,28,56,63,31,29,46,17,35,36,37,38,39,40,49,42,7,44,45,60,47,48,21,50,51,53,13,54,55,6,57,58,59,2,0,62,86,64,10,66,117,68,4,70,71,72,65,74,75,67,77,76,79,80,81,82,83,84,85,92,87,88,89,73,91,78,93,94,95,96,97,98,99,100,101,102,103,104,105,106,107,108,109,110,111,112,113,114,115,116,34,118,119,120,121,122,123,90,125,126,127,128,129,130,131,132,133,134,135,136,137,138,139,140,141,142,143,144,145,146,147,148,149,150,151,152,153,154,155,156,157,158,159,160,161,162,163,164,165,166,167,168,169,170,171,172,173,174,175,176,177,178,179,180,181,182,183,184,185,186,187,188,189,190,191,192,193,194,195,196,197,198,199];False
7647;8981;16628;[75,52,11,3,26,43,18,30,25,9,33,1,12,32,14,15,124,8,16,19,61,41,22,23,24,69,5,27,28,56,63,31,29,46,17,35,36,37,38,39,40,49,42,7,44,45,60,47,48,21,50,51,53,13,54,55,6,57,58,59,2,0,62,86,64,10,66,117,68,20,70,71,72,65,74,4,67,77,76,79,80,81,82,83,84,85,92,87,88,89,73,91,78,93,94,95,96,97,98,99,100,101,102,103,104,105,106,107,108,109,110,111,112,113,114,115,116,34,118,119,120,121,122,123,90,125,126,127,128,129,130,131,132,133,134,135,136,137,138,139,140,141,142,143,144,145,146,147,148,149,150,151,152,153,154,155,156,157,158,159,160,161,162,163,164,165,166,167,168,169,170,171,172,173,174,175,176,177,178,179,180,181,182,183,184,185,186,187,188,189,190,191,192,193,194,195,196,197,198,199];False
8208;8901;17109;[20,117,11,3,26,43,18,30,8,9,69,1,12,32,14,15,74,65,16,19,61,41,22,23,24,25,5,27,28,56,63,31,29,33,17,35,36,93,38,39,40,49,42,7,44,45,60,47,48,21,50,51,53,13,54,55,6,57,58,59,2,0,62,52,64,10,66,67,68,37,70,71,72,108,174,75,76,77,78,79,80,81,46,83,84,85,86,87,88,89,4,91,73,92,94,95,96,97,98,99,100,101,102,103,104,105,194,107,106,109,110,111,112,113,114,115,116,34,118,119,120,121,122,123,124,125,126,127,128,129,130,131,132,133,134,135,136,137,138,139,140,141,142,143,144,145,146,147,148,149,150,151,152,153,154,155,156,157,158,159,160,161,162,163,164,165,166,167,168,169,170,171,172,173,90,175,176,177,178,179,180,181,182,183,184,185,186,187,188,189,190,191,192,193,82,195,196,197,198,199];False
8121;8904;17025;[16,117,11,3,26,43,18,30,8,9,69,1,12,32,14,15,20,65,74,19,61,41,22,23,24,25,5,27,28,56,63,31,29,33,17,35,36,93,38,39,40,49,42,7,44,45,60,47,48,21,50,51,53,13,54,55,6,57,58,59,2,0,62,52,64,10,66,67,68,37,70,71,72,108,174,75,76,77,78,79,80,81,46,83,84,85,86,87,88,89,4,91,73,92,94,95,96,97,98,99,100,101,102,103,104,105,194,107,106,109,110,111,112,113,114,115,116,34,118,119,120,121,122,123,124,125,126,127,128,129,130,131,132,133,134,135,136,137,138,139,140,141,142,143,144,145,146,147,148,149,150,151,152,153,154,155,156,157,158,159,160,161,162,163,164,165,166,167,168,169,170,171,172,173,90,175,176,177,178,179,180,181,182,183,184,185,186,187,188,189,190,191,192,193,82,195,196,197,198,199];False
8058;8922;16980;[71,117,11,3,26,43,18,30,8,9,69,1,12,32,14,15,20,65,16,19,61,41,22,23,24,25,5,27,28,56,63,31,29,33,17,35,36,93,38,39,40,49,42,7,44,45,60,47,48,21,50,51,53,13,54,55,6,57,58,59,2,0,62,52,64,10,66,67,68,37,70,74,72,108,174,75,76,77,78,79,80,81,46,83,84,85,86,87,88,89,4,91,73,92,94,95,96,97,98,99,100,101,102,103,104,105,194,107,106,109,110,111,112,113,114,115,116,34,118,119,120,121,122,123,124,125,126,127,128,129,130,131,132,133,134,135,136,137,138,139,140,141,142,143,144,145,146,147,148,149,150,151,152,153,154,155,156,157,158,159,160,161,162,163,164,165,166,167,168,169,170,171,172,173,90,175,176,177,178,179,180,181,182,183,184,185,186,187,188,189,190,191,192,193,82,195,196,197,198,199];False
8112;8907;17019;[73,117,11,3,26,43,18,30,8,9,69,1,12,32,14,15,20,65,16,19,61,41,22,23,24,25,5,27,28,56,63,31,29,33,17,35,36,93,38,39,40,49,42,7,44,45,60,47,48,21,50,51,53,13,54,55,6,57,58,59,2,0,62,52,64,10,66,67,68,37,70,71,72,108,174,75,76,77,78,79,80,81,46,83,84,85,86,87,88,89,4,91,74,92,94,95,96,97,98,99,100,101,102,103,104,105,194,107,106,109,110,111,112,113,114,115,116,34,118,119,120,121,122,123,124,125,126,127,128,129,130,131,132,133,134,135,136,137,138,139,140,141,142,143,144,145,146,147,148,149,150,151,152,153,154,155,156,157,158,159,160,161,162,163,164,165,166,167,168,169,170,171,172,173,90,175,176,177,178,179,180,181,182,183,184,185,186,187,188,189,190,191,192,193,82,195,196,197,198,199];False
8141;8899;17040;[92,117,11,3,26,43,18,30,8,9,69,1,12,32,14,15,20,65,16,19,61,41,22,23,24,25,5,27,28,56,63,31,29,33,17,35,36,93,38,39,40,49,42,7,44,45,60,47,48,21,50,51,53,13,54,55,6,57,58,59,2,0,62,52,64,10,66,67,68,37,70,71,72,108,174,75,76,77,78,79,80,81,46,83,84,85,86,87,88,89,4,91,73,74,94,95,96,97,98,99,100,101,102,103,104,105,194,107,106,109,110,111,112,113,114,115,116,34,118,119,120,121,122,123,124,125,126,127,128,129,130,131,132,133,134,135,136,137,138,139,140,141,142,143,144,145,146,147,148,149,150,151,152,153,154,155,156,157,158,159,160,161,162,163,164,165,166,167,168,169,170,171,172,173,90,175,176,177,178,179,180,181,182,183,184,185,186,187,188,189,190,191,192,193,82,195,196,197,198,199];False
8134;8902;17036;[99,117,11,3,26,43,18,30,8,9,69,1,12,32,14,15,20,65,16,19,61,41,22,23,24,25,5,27,28,56,63,31,29,33,17,35,36,93,38,39,40,49,42,7,44,45,60,47,48,21,50,51,53,13,54,55,6,57,58,59,2,0,62,52,64,10,66,67,68,37,70,71,72,108,174,75,76,77,78,79,80,81,46,83,84,85,86,87,88,89,4,91,73,92,94,95,96,97,98,74,100,101,102,103,104,105,194,107,106,109,110,111,112,113,114,115,116,34,118,119,120,121,122,123,124,125,126,127,128,129,130,131,132,133,134,135,136,137,138,139,140,141,142,143,144,145,146,147,148,149,150,151,152,153,154,155,156,157,158,159,160,161,162,163,164,165,166,167,168,169,170,171,172,173,90,175,176,177,178,179,180,181,182,183,184,185,186,187,188,189,190,191,192,193,82,195,196,197,198,199];False
8085;8918;17003;[105,117,11,3,26,43,18,30,8,9,69,1,12,32,14,15,20,65,16,19,61,41,22,23,24,25,5,27,28,56,63,31,29,33,17,35,36,93,38,39,40,49,42,7,44,45,60,47,48,21,50,51,53,13,54,55,6,57,58,59,2,0,62,52,64,10,66,67,68,37,70,71,72,108,174,75,76,77,78,79,80,81,46,83,84,85,86,87,88,89,4,91,73,92,94,95,96,97,98,99,100,101,102,103,104,74,194,107,106,109,110,111,112,113,114,115,116,34,118,119,120,121,122,123,124,125,126,127,128,129,130,131,132,133,134,135,136,137,138,139,140,141,142,143,144,145,146,147,148,149,150,151,152,153,154,155,156,157,158,159,160,161,162,163,164,165,166,167,168,169,170,171,172,173,90,175,176,177,178,179,180,181,182,183,184,185,186,187,188,189,190,191,192,193,82,195,196,197,198,199];False
8044;8917;16961;[124,117,11,3,26,43,18,30,8,9,69,1,12,32,14,15,20,65,16,19,61,41,22,23,24,25,5,27,28,56,63,31,29,33,17,35,36,93,38,39,40,49,42,7,44,45,60,47,48,21,50,51,53,13,54,55,6,57,58,59,2,0,62,52,64,10,66,67,68,37,70,71,72,108,174,75,76,77,78,79,80,81,46,83,84,85,86,87,88,89,4,91,73,92,94,95,96,97,98,99,100,101,102,103,104,105,194,107,106,109,110,111,112,113,114,115,116,34,118,119,120,121,122,123,74,125,126,127,128,129,130,131,132,133,134,135,136,137,138,139,140,141,142,143,144,145,146,147,148,149,150,151,152,153,154,155,156,157,158,159,160,161,162,163,164,165,166,167,168,169,170,171,172,173,90,175,176,177,178,179,180,181,182,183,184,185,186,187,188,189,190,191,192,193,82,195,196,197,198,199];False
8026;8907;16933;[125,117,11,3,26,43,18,30,8,9,69,1,12,32,14,15,20,65,16,19,61,41,22,23,24,25,5,27,28,56,63,31,29,33,17,35,36,93,38,39,40,49,42,7,44,45,60,47,48,21,50,51,53,13,54,55,6,57,58,59,2,0,62,52,64,10,66,67,68,37,70,71,72,108,174,75,76,77,78,79,80,81,46,83,84,85,86,87,88,89,4,91,73,92,94,95,96,97,98,99,100,101,102,103,104,105,194,107,106,109,110,111,112,113,114,115,116,34,118,119,120,121,122,123,124,74,126,127,128,129,130,131,132,133,134,135,136,137,138,139,140,141,142,143,144,145,146,147,148,149,150,151,152,153,154,155,156,157,158,159,160,161,162,163,164,165,166,167,168,169,170,171,172,173,90,175,176,177,178,179,180,181,182,183,184,185,186,187,188,189,190,191,192,193,82,195,196,197,198,199];False
7347;9248;16595;[93,52,74,3,26,43,18,30,124,9,4,1,12,32,14,15,16,60,64,19,25,41,22,23,24,69,5,27,28,56,63,31,29,33,17,35,36,37,38,39,40,49,42,7,44,45,86,47,48,21,50,51,0,11,54,55,6,57,58,59,2,61,62,67,13,46,66,10,68,20,70,71,72,65,76,75,151,77,53,79,80,81,82,83,84,85,92,87,88,89,73,91,109,8,94,95,96,97,98,99,100,101,102,103,104,105,106,107,108,78,110,111,112,113,114,115,116,117,118,119,120,121,122,123,90,125,126,127,128,129,130,131,132,133,134,135,136,137,138,139,140,141,142,143,144,145,146,147,148,149,150,34,152,153,154,155,156,157,158,159,160,161,162,163,164,165,166,167,168,169,170,171,172,173,174,175,176,177,178,179,180,181,182,183,184,185,186,187,188,189,190,191,192,193,194,195,196,197,198,199];False
7371;9226;16597;[43,52,93,3,26,74,18,30,124,9,4,1,12,32,14,15,16,60,64,19,25,41,22,23,24,69,5,27,28,56,63,31,29,33,17,35,36,37,38,39,40,49,42,7,44,45,86,47,48,21,50,51,0,11,54,55,6,57,58,59,2,61,62,67,13,46,66,10,68,20,70,71,72,65,76,75,151,77,53,79,80,81,82,83,84,85,92,87,88,89,73,91,109,8,94,95,96,97,98,99,100,101,102,103,104,105,106,107,108,78,110,111,112,113,114,115,116,117,118,119,120,121,122,123,90,125,126,127,128,129,130,131,132,133,134,135,136,137,138,139,140,141,142,143,144,145,146,147,148,149,150,34,152,153,154,155,156,157,158,159,160,161,162,163,164,165,166,167,168,169,170,171,172,173,174,175,176,177,178,179,180,181,182,183,184,185,186,187,188,189,190,191,192,193,194,195,196,197,198,199];False
7361;9199;16560;[9,52,93,3,26,43,18,30,124,74,4,1,12,32,14,15,16,60,64,19,25,41,22,23,24,69,5,27,28,56,63,31,29,33,17,35,36,37,38,39,40,49,42,7,44,45,86,47,48,21,50,51,0,11,54,55,6,57,58,59,2,61,62,67,13,46,66,10,68,20,70,71,72,65,76,75,151,77,53,79,80,81,82,83,84,85,92,87,88,89,73,91,109,8,94,95,96,97,98,99,100,101,102,103,104,105,106,107,108,78,110,111,112,113,114,115,116,117,118,119,120,121,122,123,90,125,126,127,128,129,130,131,132,133,134,135,136,137,138,139,140,141,142,143,144,145,146,147,148,149,150,34,152,153,154,155,156,157,158,159,160,161,162,163,164,165,166,167,168,169,170,171,172,173,174,175,176,177,178,179,180,181,182,183,184,185,186,187,188,189,190,191,192,193,194,195,196,197,198,199];False
7326;9226;16552;[25,52,93,3,26,43,18,30,124,9,4,1,12,32,14,15,16,60,64,19,74,41,22,23,24,69,5,27,28,56,63,31,29,33,17,35,36,37,38,39,40,49,42,7,44,45,86,47,48,21,50,51,0,11,54,55,6,57,58,59,2,61,62,67,13,46,66,10,68,20,70,71,72,65,76,75,151,77,53,79,80,81,82,83,84,85,92,87,88,89,73,91,109,8,94,95,96,97,98,99,100,101,102,103,104,105,106,107,108,78,110,111,112,113,114,115,116,117,118,119,120,121,122,123,90,125,126,127,128,129,130,131,132,133,134,135,136,137,138,139,140,141,142,143,144,145,146,147,148,149,150,34,152,153,154,155,156,157,158,159,160,161,162,163,164,165,166,167,168,169,170,171,172,173,174,175,176,177,178,179,180,181,182,183,184,185,186,187,188,189,190,191,192,193,194,195,196,197,198,199];False
7303;9221;16524;[36,52,93,3,26,43,18,30,124,9,4,1,12,32,14,15,16,60,64,19,25,41,22,23,24,69,5,27,28,56,63,31,29,33,17,35,74,37,38,39,40,49,42,7,44,45,86,47,48,21,50,51,0,11,54,55,6,57,58,59,2,61,62,67,13,46,66,10,68,20,70,71,72,65,76,75,151,77,53,79,80,81,82,83,84,85,92,87,88,89,73,91,109,8,94,95,96,97,98,99,100,101,102,103,104,105,106,107,108,78,110,111,112,113,114,115,116,117,118,119,120,121,122,123,90,125,126,127,128,129,130,131,132,133,134,135,136,137,138,139,140,141,142,143,144,145,146,147,148,149,150,34,152,153,154,155,156,157,158,159,160,161,162,163,164,165,166,167,168,169,170,171,172,173,174,175,176,177,178,179,180,181,182,183,184,185,186,187,188,189,190,191,192,193,194,195,196,197,198,199];False
7328;9201;16529;[0,52,93,3,26,43,18,30,124,9,4,1,12,32,14,15,16,60,64,19,25,41,22,23,24,69,5,27,28,56,63,31,29,33,17,35,36,37,38,39,40,49,42,7,44,45,86,47,48,21,50,51,74,11,54,55,6,57,58,59,2,61,62,67,13,46,66,10,68,20,70,71,72,65,76,75,151,77,53,79,80,81,82,83,84,85,92,87,88,89,73,91,109,8,94,95,96,97,98,99,100,101,102,103,104,105,106,107,108,78,110,111,112,113,114,115,116,117,118,119,120,121,122,123,90,125,126,127,128,129,130,131,132,133,134,135,136,137,138,139,140,141,142,143,144,145,146,147,148,149,150,34,152,153,154,155,156,157,158,159,160,161,162,163,164,165,166,167,168,169,170,171,172,173,174,175,176,177,178,179,180,181,182,183,184,185,186,187,188,189,190,191,192,193,194,195,196,197,198,199];False
7288;9243;16531;[61,52,93,3,26,43,18,30,124,9,4,1,12,32,14,15,16,60,64,19,25,41,22,23,24,69,5,27,28,56,63,31,29,33,17,35,36,37,38,39,40,49,42,7,44,45,86,47,48,21,50,51,0,11,54,55,6,57,58,59,2,74,62,67,13,46,66,10,68,20,70,71,72,65,76,75,151,77,53,79,80,81,82,83,84,85,92,87,88,89,73,91,109,8,94,95,96,97,98,99,100,101,102,103,104,105,106,107,108,78,110,111,112,113,114,115,116,117,118,119,120,121,122,123,90,125,126,127,128,129,130,131,132,133,134,135,136,137,138,139,140,141,142,143,144,145,146,147,148,149,150,34,152,153,154,155,156,157,158,159,160,161,162,163,164,165,166,167,168,169,170,171,172,173,174,175,176,177,178,179,180,181,182,183,184,185,186,187,188,189,190,191,192,193,194,195,196,197,198,199];False
7296;9231;16527;[10,52,93,3,26,43,18,30,124,9,4,1,12,32,14,15,16,60,64,19,25,41,22,23,24,69,5,27,28,56,63,31,29,33,17,35,36,37,38,39,40,49,42,7,44,45,86,47,48,21,50,51,0,11,54,55,6,57,58,59,2,61,62,67,13,46,66,74,68,20,70,71,72,65,76,75,151,77,53,79,80,81,82,83,84,85,92,87,88,89,73,91,109,8,94,95,96,97,98,99,100,101,102,103,104,105,106,107,108,78,110,111,112,113,114,115,116,117,118,119,120,121,122,123,90,125,126,127,128,129,130,131,132,133,134,135,136,137,138,139,140,141,142,143,144,145,146,147,148,149,150,34,152,153,154,155,156,157,158,159,160,161,162,163,164,165,166,167,168,169,170,171,172,173,174,175,176,177,178,179,180,181,182,183,184,185,186,187,188,189,190,191,192,193,194,195,196,197,198,199];False
7318;9196;16514;[81,52,93,3,26,43,18,30,124,9,4,1,12,32,14,15,16,60,64,19,25,41,22,23,24,69,5,27,28,56,63,31,29,33,17,35,36,37,38,39,40,49,42,7,44,45,86,47,48,21,50,51,0,11,54,55,6,57,58,59,2,61,62,67,13,46,66,10,68,20,70,71,72,65,76,75,151,77,53,79,80,74,82,83,84,85,92,87,88,89,73,91,109,8,94,95,96,97,98,99,100,101,102,103,104,105,106,107,108,78,110,111,112,113,114,115,116,117,118,119,120,121,122,123,90,125,126,127,128,129,130,131,132,133,134,135,136,137,138,139,140,141,142,143,144,145,146,147,148,149,150,34,152,153,154,155,156,157,158,159,160,161,162,163,164,165,166,167,168,169,170,171,172,173,174,175,176,177,178,179,180,181,182,183,184,185,186,187,188,189,190,191,192,193,194,195,196,197,198,199];False
7368;9174;16542;[73,52,93,3,26,43,18,30,124,9,4,1,12,32,14,15,16,60,64,19,25,41,22,23,24,69,5,27,28,56,63,31,29,33,17,35,36,37,38,39,40,49,42,7,44,45,86,47,48,21,50,51,0,11,54,55,6,57,58,59,2,61,62,67,13,46,66,10,68,20,70,71,72,65,76,75,151,77,53,79,80,81,82,83,84,85,92,87,88,89,74,91,109,8,94,95,96,97,98,99,100,101,102,103,104,105,106,107,108,78,110,111,112,113,114,115,116,117,118,119,120,121,122,123,90,125,126,127,128,129,130,131,132,133,134,135,136,137,138,139,140,141,142,143,144,145,146,147,148,149,150,34,152,153,154,155,156,157,158,159,160,161,162,163,164,165,166,167,168,169,170,171,172,173,174,175,176,177,178,179,180,181,182,183,184,185,186,187,188,189,190,191,192,193,194,195,196,197,198,199];False
7416;9156;16572;[43,52,93,3,26,84,18,30,124,9,4,1,12,32,14,15,16,60,64,19,25,41,22,23,24,69,5,27,28,56,63,31,29,33,17,35,36,37,38,39,40,49,42,7,44,45,86,47,48,21,50,51,0,11,54,55,6,57,58,59,2,61,62,67,13,46,66,10,68,20,70,71,72,65,74,75,151,77,53,79,80,81,82,83,76,85,92,87,88,89,73,91,109,8,94,95,96,97,98,99,100,101,102,103,104,105,106,107,108,78,110,111,112,113,114,115,116,117,118,119,120,121,122,123,90,125,126,127,128,129,130,131,132,133,134,135,136,137,138,139,140,141,142,143,144,145,146,147,148,149,150,34,152,153,154,155,156,157,158,159,160,161,162,163,164,165,166,167,168,169,170,171,172,173,174,175,176,177,178,179,180,181,182,183,184,185,186,187,188,189,190,191,192,193,194,195,196,197,198,199];False
7395;9169;16564;[9,52,93,3,26,43,18,30,124,84,4,1,12,32,14,15,16,60,64,19,25,41,22,23,24,69,5,27,28,56,63,31,29,33,17,35,36,37,38,39,40,49,42,7,44,45,86,47,48,21,50,51,0,11,54,55,6,57,58,59,2,61,62,67,13,46,66,10,68,20,70,71,72,65,74,75,151,77,53,79,80,81,82,83,76,85,92,87,88,89,73,91,109,8,94,95,96,97,98,99,100,101,102,103,104,105,106,107,108,78,110,111,112,113,114,115,116,117,118,119,120,121,122,123,90,125,126,127,128,129,130,131,132,133,134,135,136,137,138,139,140,141,142,143,144,145,146,147,148,149,150,34,152,153,154,155,156,157,158,159,160,161,162,163,164,165,166,167,168,169,170,171,172,173,174,175,176,177,178,179,180,181,182,183,184,185,186,187,188,189,190,191,192,193,194,195,196,197,198,199];False
7387;9121;16508;[62,52,93,3,26,43,18,30,124,9,4,1,12,32,14,15,16,60,64,19,25,41,22,23,24,69,5,27,28,56,63,31,29,33,17,35,36,37,38,39,40,49,42,7,44,45,86,47,48,21,50,51,0,11,54,55,6,57,58,59,2,61,84,67,13,46,66,10,68,20,70,71,72,65,74,75,151,77,53,79,80,81,82,83,76,85,92,87,88,89,73,91,109,8,94,95,96,97,98,99,100,101,102,103,104,105,106,107,108,78,110,111,112,113,114,115,116,117,118,119,120,121,122,123,90,125,126,127,128,129,130,131,132,133,134,135,136,137,138,139,140,141,142,143,144,145,146,147,148,149,150,34,152,153,154,155,156,157,158,159,160,161,162,163,164,165,166,167,168,169,170,171,172,173,174,175,176,177,178,179,180,181,182,183,184,185,186,187,188,189,190,191,192,193,194,195,196,197,198,199];False
8315;8889;17204;[194,117,11,3,26,43,18,30,25,9,69,1,12,32,14,15,65,8,46,19,61,41,22,23,24,198,5,27,28,56,63,31,29,33,20,35,36,37,38,39,40,49,42,7,44,45,60,47,48,21,50,51,53,13,54,55,6,57,58,59,2,0,62,52,64,10,66,67,68,17,70,71,72,73,74,75,76,77,78,79,80,81,107,83,84,85,86,87,88,89,4,91,90,93,94,95,96,97,98,99,100,101,102,103,104,105,16,92,108,109,110,111,112,113,114,115,116,34,118,119,120,121,122,123,124,125,126,127,128,129,130,131,132,133,134,135,136,137,138,139,140,141,142,143,144,145,146,147,148,149,150,151,152,153,154,155,156,157,158,159,160,161,162,163,164,165,166,167,168,169,170,171,172,173,174,175,176,177,178,179,180,181,182,183,184,185,186,187,188,189,190,191,192,193,82,195,196,197,106,199];False
8360;8873;17233;[82,117,11,3,26,43,18,30,25,9,69,1,12,32,14,15,65,8,46,19,61,41,22,23,24,16,5,27,28,56,63,31,29,33,20,35,36,37,38,39,40,49,42,7,44,45,60,47,48,21,50,51,53,13,54,55,6,57,58,59,2,0,62,52,64,10,66,67,68,17,70,71,72,73,74,75,76,77,78,79,80,81,107,83,84,85,86,87,88,89,4,91,90,93,94,95,96,97,98,99,100,101,102,103,104,105,198,92,108,109,110,111,112,113,114,115,116,34,118,119,120,121,122,123,124,125,126,127,128,129,130,131,132,133,134,135,136,137,138,139,140,141,142,143,144,145,146,147,148,149,150,151,152,153,154,155,156,157,158,159,160,161,162,163,164,165,166,167,168,169,170,171,172,173,174,175,176,177,178,179,180,181,182,183,184,185,186,187,188,189,190,191,192,193,194,195,196,197,106,199];False
8354;8870;17224;[53,117,11,3,26,43,18,30,25,9,69,1,12,32,14,15,65,8,46,19,61,41,22,23,24,82,5,27,28,56,63,31,29,33,20,35,36,37,38,39,40,49,42,7,44,45,60,47,48,21,50,51,16,13,54,55,6,57,58,59,2,0,62,52,64,10,66,67,68,17,70,71,72,73,74,75,76,77,78,79,80,81,107,83,84,85,86,87,88,89,4,91,90,93,94,95,96,97,98,99,100,101,102,103,104,105,198,92,108,109,110,111,112,113,114,115,116,34,118,119,120,121,122,123,124,125,126,127,128,129,130,131,132,133,134,135,136,137,138,139,140,141,142,143,144,145,146,147,148,149,150,151,152,153,154,155,156,157,158,159,160,161,162,163,164,165,166,167,168,169,170,171,172,173,174,175,176,177,178,179,180,181,182,183,184,185,186,187,188,189,190,191,192,193,194,195,196,197,106,199];False
8318;8887;17205;[72,117,11,3,26,43,18,30,25,9,69,1,12,32,14,15,65,8,46,19,61,41,22,23,24,82,5,27,28,56,63,31,29,33,20,35,36,37,38,39,40,49,42,7,44,45,60,47,48,21,50,51,53,13,54,55,6,57,58,59,2,0,62,52,64,10,66,67,68,17,70,71,16,73,74,75,76,77,78,79,80,81,107,83,84,85,86,87,88,89,4,91,90,93,94,95,96,97,98,99,100,101,102,103,104,105,198,92,108,109,110,111,112,113,114,115,116,34,118,119,120,121,122,123,124,125,126,127,128,129,130,131,132,133,134,135,136,137,138,139,140,141,142,143,144,145,146,147,148,149,150,151,152,153,154,155,156,157,158,159,160,161,162,163,164,165,166,167,168,169,170,171,172,173,174,175,176,177,178,179,180,181,182,183,184,185,186,187,188,189,190,191,192,193,194,195,196,197,106,199];False
8199;8892;17091;[124,117,11,3,26,43,18,30,25,9,69,1,12,32,14,15,65,8,46,19,61,41,22,23,24,82,5,27,28,56,63,31,29,33,20,35,36,37,38,39,40,49,42,7,44,45,60,47,48,21,50,51,53,13,54,55,6,57,58,59,2,0,62,52,64,10,66,67,68,17,70,71,72,73,74,75,76,77,78,79,80,81,107,83,84,85,86,87,88,89,4,91,90,93,94,95,96,97,98,99,100,101,102,103,104,105,198,92,108,109,110,111,112,113,114,115,116,34,118,119,120,121,122,123,16,125,126,127,128,129,130,131,132,133,134,135,136,137,138,139,140,141,142,143,144,145,146,147,148,149,150,151,152,153,154,155,156,157,158,159,160,161,162,163,164,165,166,167,168,169,170,171,172,173,174,175,176,177,178,179,180,181,182,183,184,185,186,187,188,189,190,191,192,193,194,195,196,197,106,199];False
8280;8873;17153;[125,117,11,3,26,43,18,30,25,9,69,1,12,32,14,15,65,8,46,19,61,41,22,23,24,82,5,27,28,56,63,31,29,33,20,35,36,37,38,39,40,49,42,7,44,45,60,47,48,21,50,51,53,13,54,55,6,57,58,59,2,0,62,52,64,10,66,67,68,17,70,71,72,73,74,75,76,77,78,79,80,81,107,83,84,85,86,87,88,89,4,91,90,93,94,95,96,97,98,99,100,101,102,103,104,105,198,92,108,109,110,111,112,113,114,115,116,34,118,119,120,121,122,123,124,16,126,127,128,129,130,131,132,133,134,135,136,137,138,139,140,141,142,143,144,145,146,147,148,149,150,151,152,153,154,155,156,157,158,159,160,161,162,163,164,165,166,167,168,169,170,171,172,173,174,175,176,177,178,179,180,181,182,183,184,185,186,187,188,189,190,191,192,193,194,195,196,197,106,199];False
8007;8907;16914;[18,141,11,3,26,43,64,30,25,9,4,1,12,32,14,15,124,8,16,19,61,41,22,23,24,69,5,27,28,56,63,31,29,33,17,35,36,37,38,39,40,49,42,7,44,45,60,47,48,21,92,51,53,13,54,55,6,57,58,59,2,0,62,46,84,10,66,117,68,20,70,71,72,65,74,75,67,77,76,79,80,81,82,83,52,85,86,87,88,89,73,91,78,93,94,95,96,97,98,99,100,101,102,103,104,105,106,107,108,109,110,111,112,113,114,115,116,34,118,119,120,121,122,123,90,125,126,127,128,129,130,131,132,133,134,135,136,137,138,139,140,50,142,143,144,145,146,147,148,149,150,151,152,153,154,155,156,157,158,159,160,161,162,163,164,165,166,167,168,169,170,171,172,173,174,175,176,177,178,179,180,181,182,183,184,185,186,187,188,189,190,191,192,193,194,195,196,197,198,199];False
7970;8897;16867;[49,141,11,3,26,43,18,30,25,9,4,1,12,32,14,15,124,8,16,19,61,41,22,23,24,69,5,27,28,56,63,31,29,33,17,35,36,37,38,39,40,64,42,7,44,45,60,47,48,21,92,51,53,13,54,55,6,57,58,59,2,0,62,46,84,10,66,117,68,20,70,71,72,65,74,75,67,77,76,79,80,81,82,83,52,85,86,87,88,89,73,91,78,93,94,95,96,97,98,99,100,101,102,103,104,105,106,107,108,109,110,111,112,113,114,115,116,34,118,119,120,121,122,123,90,125,126,127,128,129,130,131,132,133,134,135,136,137,138,139,140,50,142,143,144,145,146,147,148,149,150,151,152,153,154,155,156,157,158,159,160,161,162,163,164,165,166,167,168,169,170,171,172,173,174,175,176,177,178,179,180,181,182,183,184,185,186,187,188,189,190,191,192,193,194,195,196,197,198,199];False
7868;8913;16781;[42,141,11,3,26,43,18,30,25,9,4,1,12,32,14,15,124,8,16,19,61,41,22,23,24,69,5,27,28,56,63,31,29,33,17,35,36,37,38,39,40,49,64,7,44,45,60,47,48,21,92,51,53,13,54,55,6,57,58,59,2,0,62,46,84,10,66,117,68,20,70,71,72,65,74,75,67,77,76,79,80,81,82,83,52,85,86,87,88,89,73,91,78,93,94,95,96,97,98,99,100,101,102,103,104,105,106,107,108,109,110,111,112,113,114,115,116,34,118,119,120,121,122,123,90,125,126,127,128,129,130,131,132,133,134,135,136,137,138,139,140,50,142,143,144,145,146,147,148,149,150,151,152,153,154,155,156,157,158,159,160,161,162,163,164,165,166,167,168,169,170,171,172,173,174,175,176,177,178,179,180,181,182,183,184,185,186,187,188,189,190,191,192,193,194,195,196,197,198,199];False
7778;8948;16726;[23,141,11,3,26,43,18,30,25,9,4,1,12,32,14,15,124,8,16,19,61,41,22,96,24,69,5,27,28,56,63,31,29,33,17,35,36,37,38,39,40,49,42,7,44,45,60,47,48,21,92,51,53,13,54,55,6,57,58,59,2,0,62,46,64,10,66,117,68,20,70,71,72,65,74,75,67,77,76,79,80,81,82,83,52,85,86,87,88,89,73,91,78,93,94,95,84,97,98,99,100,101,102,103,104,105,106,107,108,109,110,111,112,113,114,115,116,34,118,119,120,121,122,123,90,125,126,127,128,129,130,131,132,133,134,135,136,137,138,139,140,50,142,143,144,145,146,147,148,149,150,151,152,153,154,155,156,157,158,159,160,161,162,163,164,165,166,167,168,169,170,171,172,173,174,175,176,177,178,179,180,181,182,183,184,185,186,187,188,189,190,191,192,193,194,195,196,197,198,199];False
7862;8924;16786;[49,141,11,3,26,43,18,30,25,9,4,1,12,32,14,15,124,8,16,19,61,41,22,23,24,69,5,27,28,56,63,31,29,33,17,35,36,37,38,39,40,96,42,7,44,45,60,47,48,21,92,51,53,13,54,55,6,57,58,59,2,0,62,46,64,10,66,117,68,20,70,71,72,65,74,75,67,77,76,79,80,81,82,83,52,85,86,87,88,89,73,91,78,93,94,95,84,97,98,99,100,101,102,103,104,105,106,107,108,109,110,111,112,113,114,115,116,34,118,119,120,121,122,123,90,125,126,127,128,129,130,131,132,133,134,135,136,137,138,139,140,50,142,143,144,145,146,147,148,149,150,151,152,153,154,155,156,157,158,159,160,161,162,163,164,165,166,167,168,169,170,171,172,173,174,175,176,177,178,179,180,181,182,183,184,185,186,187,188,189,190,191,192,193,194,195,196,197,198,199];False
7908;8885;16793;[46,141,11,3,26,43,18,30,25,9,4,1,12,32,14,15,124,8,16,19,61,41,22,23,24,69,5,27,28,56,63,31,29,33,17,35,36,37,38,39,40,49,42,7,44,45,60,47,48,21,92,51,53,13,54,55,6,57,58,59,2,0,62,96,64,10,66,117,68,20,70,71,72,65,74,75,67,77,76,79,80,81,82,83,52,85,86,87,88,89,73,91,78,93,94,95,84,97,98,99,100,101,102,103,104,105,106,107,108,109,110,111,112,113,114,115,116,34,118,119,120,121,122,123,90,125,126,127,128,129,130,131,132,133,134,135,136,137,138,139,140,50,142,143,144,145,146,147,148,149,150,151,152,153,154,155,156,157,158,159,160,161,162,163,164,165,166,167,168,169,170,171,172,173,174,175,176,177,178,179,180,181,182,183,184,185,186,187,188,189,190,191,192,193,194,195,196,197,198,199];False
7899;8911;16810;[10,141,11,3,26,43,18,30,25,9,4,1,12,32,14,15,124,8,16,19,61,41,22,23,24,69,5,27,28,56,63,31,29,33,17,35,36,37,38,39,40,49,42,7,44,45,60,47,48,21,92,51,53,13,54,55,6,57,58,59,2,0,62,46,64,96,66,117,68,20,70,71,72,65,74,75,67,77,76,79,80,81,82,83,52,85,86,87,88,89,73,91,78,93,94,95,84,97,98,99,100,101,102,103,104,105,106,107,108,109,110,111,112,113,114,115,116,34,118,119,120,121,122,123,90,125,126,127,128,129,130,131,132,133,134,135,136,137,138,139,140,50,142,143,144,145,146,147,148,149,150,151,152,153,154,155,156,157,158,159,160,161,162,163,164,165,166,167,168,169,170,171,172,173,174,175,176,177,178,179,180,181,182,183,184,185,186,187,188,189,190,191,192,193,194,195,196,197,198,199];False
7844;8928;16772;[80,141,11,3,26,43,18,30,25,9,4,1,12,32,14,15,124,8,16,19,61,41,22,23,24,69,5,27,28,56,63,31,29,33,17,35,36,37,38,39,40,49,42,7,44,45,60,47,48,21,92,51,53,13,54,55,6,57,58,59,2,0,62,46,64,10,66,117,68,20,70,71,72,65,74,75,67,77,76,79,96,81,82,83,52,85,86,87,88,89,73,91,78,93,94,95,84,97,98,99,100,101,102,103,104,105,106,107,108,109,110,111,112,113,114,115,116,34,118,119,120,121,122,123,90,125,126,127,128,129,130,131,132,133,134,135,136,137,138,139,140,50,142,143,144,145,146,147,148,149,150,151,152,153,154,155,156,157,158,159,160,161,162,163,164,165,166,167,168,169,170,171,172,173,174,175,176,177,178,179,180,181,182,183,184,185,186,187,188,189,190,191,192,193,194,195,196,197,198,199];False
7755;8931;16686;[99,141,11,3,26,43,18,30,25,9,4,1,12,32,14,15,124,8,16,19,61,41,22,23,24,69,5,27,28,56,63,31,29,33,17,35,36,37,38,39,40,49,42,7,44,45,60,47,48,21,92,51,53,13,54,55,6,57,58,59,2,0,62,46,64,10,66,117,68,20,70,71,72,65,74,75,67,77,76,79,80,81,82,83,52,85,86,87,88,89,73,91,78,93,94,95,84,97,98,96,100,101,102,103,104,105,106,107,108,109,110,111,112,113,114,115,116,34,118,119,120,121,122,123,90,125,126,127,128,129,130,131,132,133,134,135,136,137,138,139,140,50,142,143,144,145,146,147,148,149,150,151,152,153,154,155,156,157,158,159,160,161,162,163,164,165,166,167,168,169,170,171,172,173,174,175,176,177,178,179,180,181,182,183,184,185,186,187,188,189,190,191,192,193,194,195,196,197,198,199];False
7728;8976;16704;[14,141,11,3,26,43,18,30,25,9,4,1,12,32,114,15,124,8,16,19,61,41,22,23,24,69,5,27,28,56,63,31,29,33,17,35,36,37,38,39,40,49,42,7,44,45,60,47,48,21,92,51,53,13,54,55,6,57,58,59,2,0,62,46,64,10,66,117,68,20,70,71,72,65,74,75,67,77,76,79,80,81,82,83,84,85,86,87,88,89,73,91,78,93,94,95,96,97,98,99,100,101,102,52,104,105,106,107,108,109,110,111,112,113,103,115,116,34,118,119,120,121,122,123,90,125,126,127,128,129,130,131,132,133,134,135,136,137,138,139,140,50,142,143,144,145,146,147,148,149,150,151,152,153,154,155,156,157,158,159,160,161,162,163,164,165,166,167,168,169,170,171,172,173,174,175,176,177,178,179,180,181,182,183,184,185,186,187,188,189,190,191,192,193,194,195,196,197,198,199];False
7718;8966;16684;[19,141,11,3,26,43,18,30,25,9,4,1,12,32,14,15,124,8,16,114,61,41,22,23,24,69,5,27,28,56,63,31,29,33,17,35,36,37,38,39,40,49,42,7,44,45,60,47,48,21,92,51,53,13,54,55,6,57,58,59,2,0,62,46,64,10,66,117,68,20,70,71,72,65,74,75,67,77,76,79,80,81,82,83,84,85,86,87,88,89,73,91,78,93,94,95,96,97,98,99,100,101,102,52,104,105,106,107,108,109,110,111,112,113,103,115,116,34,118,119,120,121,122,123,90,125,126,127,128,129,130,131,132,133,134,135,136,137,138,139,140,50,142,143,144,145,146,147,148,149,150,151,152,153,154,155,156,157,158,159,160,161,162,163,164,165,166,167,168,169,170,171,172,173,174,175,176,177,178,179,180,181,182,183,184,185,186,187,188,189,190,191,192,193,194,195,196,197,198,199];False
7793;8918;16711;[46,141,11,3,26,43,18,30,25,9,4,1,12,32,14,15,124,8,16,19,61,41,22,23,24,69,5,27,28,56,63,31,29,33,17,35,36,37,38,39,40,49,42,7,44,45,60,47,48,21,92,51,53,13,54,55,6,57,58,59,2,0,62,114,64,10,66,117,68,20,70,71,72,65,74,75,67,77,76,79,80,81,82,83,84,85,86,87,88,89,73,91,78,93,94,95,96,97,98,99,100,101,102,52,104,105,106,107,108,109,110,111,112,113,103,115,116,34,118,119,120,121,122,123,90,125,126,127,128,129,130,131,132,133,134,135,136,137,138,139,140,50,142,143,144,145,146,147,148,149,150,151,152,153,154,155,156,157,158,159,160,161,162,163,164,165,166,167,168,169,170,171,172,173,174,175,176,177,178,179,180,181,182,183,184,185,186,187,188,189,190,191,192,193,194,195,196,197,198,199];False
7725;8963;16688;[80,141,11,3,26,43,18,30,25,9,4,1,12,32,14,15,124,8,16,19,61,41,22,23,24,69,5,27,28,56,63,31,29,33,17,35,36,37,38,39,40,49,42,7,44,45,60,47,48,21,92,51,53,13,54,55,6,57,58,59,2,0,62,46,64,10,66,117,68,20,70,71,72,65,74,75,67,77,76,79,114,81,82,83,84,85,86,87,88,89,73,91,78,93,94,95,96,97,98,99,100,101,102,52,104,105,106,107,108,109,110,111,112,113,103,115,116,34,118,119,120,121,122,123,90,125,126,127,128,129,130,131,132,133,134,135,136,137,138,139,140,50,142,143,144,145,146,147,148,149,150,151,152,153,154,155,156,157,158,159,160,161,162,163,164,165,166,167,168,169,170,171,172,173,174,175,176,177,178,179,180,181,182,183,184,185,186,187,188,189,190,191,192,193,194,195,196,197,198,199];False
7716;8962;16678;[81,141,11,3,26,43,18,30,25,9,4,1,12,32,14,15,124,8,16,19,61,41,22,23,24,69,5,27,28,56,63,31,29,33,17,35,36,37,38,39,40,49,42,7,44,45,60,47,48,21,92,51,53,13,54,55,6,57,58,59,2,0,62,46,64,10,66,117,68,20,70,71,72,65,74,75,67,77,76,79,80,114,82,83,84,85,86,87,88,89,73,91,78,93,94,95,96,97,98,99,100,101,102,52,104,105,106,107,108,109,110,111,112,113,103,115,116,34,118,119,120,121,122,123,90,125,126,127,128,129,130,131,132,133,134,135,136,137,138,139,140,50,142,143,144,145,146,147,148,149,150,151,152,153,154,155,156,157,158,159,160,161,162,163,164,165,166,167,168,169,170,171,172,173,174,175,176,177,178,179,180,181,182,183,184,185,186,187,188,189,190,191,192,193,194,195,196,197,198,199];False
7663;8954;16617;[95,141,11,3,26,43,18,30,25,9,4,1,12,32,14,15,124,8,16,19,61,41,22,23,24,69,5,27,28,56,63,31,29,33,17,35,36,37,38,39,40,49,42,7,44,45,60,47,48,21,92,51,53,13,54,55,6,57,58,59,2,0,62,46,64,10,66,117,68,20,70,71,72,65,74,75,67,77,76,79,80,81,82,83,84,85,86,87,88,89,73,91,78,93,94,114,96,97,98,99,100,101,102,52,104,105,106,107,108,109,110,111,112,113,103,115,116,34,118,119,120,121,122,123,90,125,126,127,128,129,130,131,132,133,134,135,136,137,138,139,140,50,142,143,144,145,146,147,148,149,150,151,152,153,154,155,156,157,158,159,160,161,162,163,164,165,166,167,168,169,170,171,172,173,174,175,176,177,178,179,180,181,182,183,184,185,186,187,188,189,190,191,192,193,194,195,196,197,198,199];False
7644;9001;16645;[73,52,11,3,26,43,18,30,25,9,4,1,12,32,14,15,124,8,16,19,61,41,22,23,24,69,5,27,28,56,63,31,29,33,17,35,36,37,60,39,40,49,42,7,44,45,86,47,48,21,50,51,53,13,54,55,38,57,58,59,2,0,62,46,64,10,66,117,68,20,70,71,72,65,74,75,67,77,76,79,80,81,82,83,6,85,92,87,88,89,84,91,78,93,94,95,96,97,98,99,100,101,102,103,104,105,106,107,108,109,110,111,112,113,114,115,116,34,118,119,120,121,122,123,90,125,126,127,128,129,130,131,132,133,134,135,136,137,138,139,140,141,142,143,144,145,146,147,148,149,150,151,152,153,154,155,156,157,158,159,160,161,162,163,164,165,166,167,168,169,170,171,172,173,174,175,176,177,178,179,180,181,182,183,184,185,186,187,188,189,190,191,192,193,194,195,196,197,198,199];False
7557;9034;16591;[95,52,11,3,26,43,18,30,25,9,4,1,12,32,14,15,124,8,16,19,61,41,22,23,24,69,5,27,28,56,63,31,29,33,17,35,36,37,60,39,40,49,42,7,44,45,86,47,48,21,50,51,53,13,54,55,38,57,58,59,2,0,62,46,64,10,66,117,68,20,70,71,72,65,74,75,67,77,76,79,80,81,82,83,6,85,92,87,88,89,73,91,78,93,94,84,96,97,98,99,100,101,102,103,104,105,106,107,108,109,110,111,112,113,114,115,116,34,118,119,120,121,122,123,90,125,126,127,128,129,130,131,132,133,134,135,136,137,138,139,140,141,142,143,144,145,146,147,148,149,150,151,152,153,154,155,156,157,158,159,160,161,162,163,164,165,166,167,168,169,170,171,172,173,174,175,176,177,178,179,180,181,182,183,184,185,186,187,188,189,190,191,192,193,194,195,196,197,198,199];False
7621;9006;16627;[99,52,11,3,26,43,18,30,25,9,4,1,12,32,14,15,124,8,16,19,61,41,22,23,24,69,5,27,28,56,63,31,29,33,17,35,36,37,60,39,40,49,42,7,44,45,86,47,48,21,50,51,53,13,54,55,38,57,58,59,2,0,62,46,64,10,66,117,68,20,70,71,72,65,74,75,67,77,76,79,80,81,82,83,6,85,92,87,88,89,73,91,78,93,94,95,96,97,98,84,100,101,102,103,104,105,106,107,108,109,110,111,112,113,114,115,116,34,118,119,120,121,122,123,90,125,126,127,128,129,130,131,132,133,134,135,136,137,138,139,140,141,142,143,144,145,146,147,148,149,150,151,152,153,154,155,156,157,158,159,160,161,162,163,164,165,166,167,168,169,170,171,172,173,174,175,176,177,178,179,180,181,182,183,184,185,186,187,188,189,190,191,192,193,194,195,196,197,198,199];False
7483;9065;16548;[9,52,11,3,26,43,18,30,25,94,4,1,12,32,14,15,124,8,16,19,61,41,22,23,24,69,5,27,28,56,63,31,29,33,17,35,36,37,60,39,40,49,42,7,44,45,86,47,48,21,50,51,53,13,54,55,38,57,58,59,2,0,62,46,64,10,66,117,68,20,70,71,72,65,74,75,67,77,76,79,80,81,82,83,84,85,92,87,88,89,73,91,78,93,6,95,96,97,98,99,100,101,102,103,104,105,106,107,108,109,110,111,112,113,114,115,116,34,118,119,120,121,122,123,90,125,126,127,128,129,130,131,132,133,134,135,136,137,138,139,140,141,142,143,144,145,146,147,148,149,150,151,152,153,154,155,156,157,158,159,160,161,162,163,164,165,166,167,168,169,170,171,172,173,174,175,176,177,178,179,180,181,182,183,184,185,186,187,188,189,190,191,192,193,194,195,196,197,198,199];False
7486;9046;16532;[8,52,11,3,26,43,18,30,25,9,4,1,12,32,14,15,124,94,16,19,61,41,22,23,24,69,5,27,28,56,63,31,29,33,17,35,36,37,60,39,40,49,42,7,44,45,86,47,48,21,50,51,53,13,54,55,38,57,58,59,2,0,62,46,64,10,66,117,68,20,70,71,72,65,74,75,67,77,76,79,80,81,82,83,84,85,92,87,88,89,73,91,78,93,6,95,96,97,98,99,100,101,102,103,104,105,106,107,108,109,110,111,112,113,114,115,116,34,118,119,120,121,122,123,90,125,126,127,128,129,130,131,132,133,134,135,136,137,138,139,140,141,142,143,144,145,146,147,148,149,150,151,152,153,154,155,156,157,158,159,160,161,162,163,164,165,166,167,168,169,170,171,172,173,174,175,176,177,178,179,180,181,182,183,184,185,186,187,188,189,190,191,192,193,194,195,196,197,198,199];False
7517;9041;16558;[19,52,11,3,26,43,18,30,25,9,4,1,12,32,14,15,124,8,16,94,61,41,22,23,24,69,5,27,28,56,63,31,29,33,17,35,36,37,60,39,40,49,42,7,44,45,86,47,48,21,50,51,53,13,54,55,38,57,58,59,2,0,62,46,64,10,66,117,68,20,70,71,72,65,74,75,67,77,76,79,80,81,82,83,84,85,92,87,88,89,73,91,78,93,6,95,96,97,98,99,100,101,102,103,104,105,106,107,108,109,110,111,112,113,114,115,116,34,118,119,120,121,122,123,90,125,126,127,128,129,130,131,132,133,134,135,136,137,138,139,140,141,142,143,144,145,146,147,148,149,150,151,152,153,154,155,156,157,158,159,160,161,162,163,164,165,166,167,168,169,170,171,172,173,174,175,176,177,178,179,180,181,182,183,184,185,186,187,188,189,190,191,192,193,194,195,196,197,198,199];False
7549;9035;16584;[29,52,11,3,26,43,18,30,25,9,4,1,12,32,14,15,124,8,16,19,61,41,22,23,24,69,5,27,28,56,63,31,94,33,17,35,36,37,60,39,40,49,42,7,44,45,86,47,48,21,50,51,53,13,54,55,38,57,58,59,2,0,62,46,64,10,66,117,68,20,70,71,72,65,74,75,67,77,76,79,80,81,82,83,84,85,92,87,88,89,73,91,78,93,6,95,96,97,98,99,100,101,102,103,104,105,106,107,108,109,110,111,112,113,114,115,116,34,118,119,120,121,122,123,90,125,126,127,128,129,130,131,132,133,134,135,136,137,138,139,140,141,142,143,144,145,146,147,148,149,150,151,152,153,154,155,156,157,158,159,160,161,162,163,164,165,166,167,168,169,170,171,172,173,174,175,176,177,178,179,180,181,182,183,184,185,186,187,188,189,190,191,192,193,194,195,196,197,198,199];False
7461;9071;16532;[86,52,11,3,26,43,18,30,25,9,4,1,12,32,14,15,124,8,16,19,61,41,22,23,24,69,5,27,28,56,63,31,29,33,17,35,36,37,60,39,40,49,42,7,44,45,76,47,48,21,50,51,53,13,54,55,6,57,58,59,2,0,62,46,64,10,66,117,68,20,70,71,72,65,74,75,67,77,80,79,38,81,82,83,84,85,92,87,88,89,73,91,78,93,94,95,96,97,98,99,100,101,102,103,104,105,106,107,108,109,110,111,112,113,114,115,116,34,118,119,120,121,122,123,90,125,126,127,128,129,130,131,132,133,134,135,136,137,138,139,140,141,142,143,144,145,146,147,148,149,150,151,152,153,154,155,156,157,158,159,160,161,162,163,164,165,166,167,168,169,170,171,172,173,174,175,176,177,178,179,180,181,182,183,184,185,186,187,188,189,190,191,192,193,194,195,196,197,198,199];False
7471;9045;16516;[46,52,11,3,26,43,18,30,25,9,4,1,12,32,14,15,124,8,16,19,61,41,22,23,24,69,5,27,28,56,63,31,29,33,17,35,36,37,60,39,40,49,42,7,44,45,86,47,48,21,50,51,53,13,54,55,6,57,58,59,2,0,62,76,64,10,66,117,68,20,70,71,72,65,74,75,67,77,80,79,38,81,82,83,84,85,92,87,88,89,73,91,78,93,94,95,96,97,98,99,100,101,102,103,104,105,106,107,108,109,110,111,112,113,114,115,116,34,118,119,120,121,122,123,90,125,126,127,128,129,130,131,132,133,134,135,136,137,138,139,140,141,142,143,144,145,146,147,148,149,150,151,152,153,154,155,156,157,158,159,160,161,162,163,164,165,166,167,168,169,170,171,172,173,174,175,176,177,178,179,180,181,182,183,184,185,186,187,188,189,190,191,192,193,194,195,196,197,198,199];False
7405;9092;16497;[74,52,11,3,26,43,18,30,25,9,4,1,12,32,14,15,124,8,16,19,61,41,22,23,24,69,5,27,28,56,63,31,29,33,17,35,36,37,60,39,40,49,42,7,44,45,86,47,48,21,50,51,53,13,54,55,6,57,58,59,2,0,62,46,64,10,66,117,68,20,70,71,72,65,76,75,67,77,80,79,38,81,82,83,84,85,92,87,88,89,73,91,78,93,94,95,96,97,98,99,100,101,102,103,104,105,106,107,108,109,110,111,112,113,114,115,116,34,118,119,120,121,122,123,90,125,126,127,128,129,130,131,132,133,134,135,136,137,138,139,140,141,142,143,144,145,146,147,148,149,150,151,152,153,154,155,156,157,158,159,160,161,162,163,164,165,166,167,168,169,170,171,172,173,174,175,176,177,178,179,180,181,182,183,184,185,186,187,188,189,190,191,192,193,194,195,196,197,198,199];False
7525;9040;16565;[38,52,11,3,26,43,18,30,25,9,4,1,12,32,14,15,124,8,16,19,61,41,22,23,24,69,5,27,28,56,63,31,29,33,17,35,36,37,60,39,40,49,42,7,44,45,86,47,48,21,50,51,53,13,54,55,6,57,58,59,2,0,62,46,64,10,66,117,68,20,70,71,72,65,74,75,67,77,80,79,76,81,82,83,84,85,92,87,88,89,73,91,78,93,94,95,96,97,98,99,100,101,102,103,104,105,106,107,108,109,110,111,112,113,114,115,116,34,118,119,120,121,122,123,90,125,126,127,128,129,130,131,132,133,134,135,136,137,138,139,140,141,142,143,144,145,146,147,148,149,150,151,152,153,154,155,156,157,158,159,160,161,162,163,164,165,166,167,168,169,170,171,172,173,174,175,176,177,178,179,180,181,182,183,184,185,186,187,188,189,190,191,192,193,194,195,196,197,198,199];False
7533;9030;16563;[82,52,11,3,26,43,18,30,25,9,4,1,12,32,14,15,124,8,16,19,61,41,22,23,24,69,5,27,28,56,63,31,29,33,17,35,36,37,60,39,40,49,42,7,44,45,86,47,48,21,50,51,53,13,54,55,6,57,58,59,2,0,62,46,64,10,66,117,68,20,70,71,72,65,74,75,67,77,80,79,38,81,76,83,84,85,92,87,88,89,73,91,78,93,94,95,96,97,98,99,100,101,102,103,104,105,106,107,108,109,110,111,112,113,114,115,116,34,118,119,120,121,122,123,90,125,126,127,128,129,130,131,132,133,134,135,136,137,138,139,140,141,142,143,144,145,146,147,148,149,150,151,152,153,154,155,156,157,158,159,160,161,162,163,164,165,166,167,168,169,170,171,172,173,174,175,176,177,178,179,180,181,182,183,184,185,186,187,188,189,190,191,192,193,194,195,196,197,198,199];False
7440;9038;16478;[84,52,11,3,26,43,18,30,25,9,4,1,12,32,14,15,124,8,16,19,61,41,22,23,24,69,5,27,28,56,63,31,29,33,17,35,36,37,60,39,40,49,42,7,44,45,86,47,48,21,50,51,53,13,54,55,6,57,58,59,2,0,62,46,64,10,66,117,68,20,70,71,72,65,74,75,67,77,80,79,38,81,82,83,76,85,92,87,88,89,73,91,78,93,94,95,96,97,98,99,100,101,102,103,104,105,106,107,108,109,110,111,112,113,114,115,116,34,118,119,120,121,122,123,90,125,126,127,128,129,130,131,132,133,134,135,136,137,138,139,140,141,142,143,144,145,146,147,148,149,150,151,152,153,154,155,156,157,158,159,160,161,162,163,164,165,166,167,168,169,170,171,172,173,174,175,176,177,178,179,180,181,182,183,184,185,186,187,188,189,190,191,192,193,194,195,196,197,198,199];False
7423;9072;16495;[92,52,11,3,26,43,18,30,25,9,4,1,12,32,14,15,124,8,16,19,61,41,22,23,24,69,5,27,28,56,63,31,29,33,17,35,36,37,60,39,40,49,42,7,44,45,86,47,48,21,50,51,53,13,54,55,6,57,58,59,2,0,62,46,64,10,66,117,68,20,70,71,72,65,74,75,67,77,80,79,38,81,82,83,84,85,76,87,88,89,73,91,78,93,94,95,96,97,98,99,100,101,102,103,104,105,106,107,108,109,110,111,112,113,114,115,116,34,118,119,120,121,122,123,90,125,126,127,128,129,130,131,132,133,134,135,136,137,138,139,140,141,142,143,144,145,146,147,148,149,150,151,152,153,154,155,156,157,158,159,160,161,162,163,164,165,166,167,168,169,170,171,172,173,174,175,176,177,178,179,180,181,182,183,184,185,186,187,188,189,190,191,192,193,194,195,196,197,198,199];False
7625;8999;16624;[75,52,11,3,26,43,18,30,25,9,4,1,12,32,14,15,124,8,16,19,61,41,22,23,24,69,5,27,28,56,63,31,29,33,17,35,36,37,60,39,40,49,42,7,44,45,86,47,48,21,50,51,53,13,54,55,6,57,58,59,2,0,62,46,64,10,66,117,68,20,70,71,72,65,74,82,67,77,76,79,38,81,80,83,84,85,92,87,88,89,73,91,78,93,94,95,96,97,98,99,100,101,102,103,104,105,106,107,108,109,110,111,112,113,114,115,116,34,118,119,120,121,122,123,90,125,126,127,128,129,130,131,132,133,134,135,136,137,138,139,140,141,142,143,144,145,146,147,148,149,150,151,152,153,154,155,156,157,158,159,160,161,162,163,164,165,166,167,168,169,170,171,172,173,174,175,176,177,178,179,180,181,182,183,184,185,186,187,188,189,190,191,192,193,194,195,196,197,198,199];False
7564;9028;16592;[92,52,11,3,26,43,18,30,25,9,4,1,12,32,14,15,124,8,16,19,61,41,22,23,24,69,5,27,28,56,63,31,29,33,17,35,36,37,60,39,40,49,42,7,44,45,86,47,48,21,50,51,53,13,54,55,6,57,58,59,2,0,62,46,64,10,66,117,68,20,70,71,72,65,74,75,67,77,76,79,38,81,80,83,84,85,82,87,88,89,73,91,78,93,94,95,96,97,98,99,100,101,102,103,104,105,106,107,108,109,110,111,112,113,114,115,116,34,118,119,120,121,122,123,90,125,126,127,128,129,130,131,132,133,134,135,136,137,138,139,140,141,142,143,144,145,146,147,148,149,150,151,152,153,154,155,156,157,158,159,160,161,162,163,164,165,166,167,168,169,170,171,172,173,174,175,176,177,178,179,180,181,182,183,184,185,186,187,188,189,190,191,192,193,194,195,196,197,198,199];False
7591;9014;16605;[73,52,11,3,26,43,18,30,25,9,4,1,12,32,14,15,124,8,16,19,61,41,22,23,24,69,5,27,28,56,63,31,29,33,17,35,36,37,60,39,40,49,42,7,44,45,86,47,48,21,50,51,53,13,54,55,6,57,58,59,2,0,62,46,64,10,66,117,68,20,70,71,72,65,74,75,67,77,76,79,38,81,80,83,84,85,92,87,88,89,82,91,78,93,94,95,96,97,98,99,100,101,102,103,104,105,106,107,108,109,110,111,112,113,114,115,116,34,118,119,120,121,122,123,90,125,126,127,128,129,130,131,132,133,134,135,136,137,138,139,140,141,142,143,144,145,146,147,148,149,150,151,152,153,154,155,156,157,158,159,160,161,162,163,164,165,166,167,168,169,170,171,172,173,174,175,176,177,178,179,180,181,182,183,184,185,186,187,188,189,190,191,192,193,194,195,196,197,198,199];False
7611;9012;16623;[99,52,11,3,26,43,18,30,25,9,4,1,12,32,14,15,124,8,16,19,61,41,22,23,24,69,5,27,28,56,63,31,29,33,17,35,36,37,60,39,40,49,42,7,44,45,86,47,48,21,50,51,53,13,54,55,6,57,58,59,2,0,62,46,64,10,66,117,68,20,70,71,72,65,74,75,67,77,76,79,38,81,80,83,84,85,92,87,88,89,73,91,78,93,94,95,96,97,98,82,100,101,102,103,104,105,106,107,108,109,110,111,112,113,114,115,116,34,118,119,120,121,122,123,90,125,126,127,128,129,130,131,132,133,134,135,136,137,138,139,140,141,142,143,144,145,146,147,148,149,150,151,152,153,154,155,156,157,158,159,160,161,162,163,164,165,166,167,168,169,170,171,172,173,174,175,176,177,178,179,180,181,182,183,184,185,186,187,188,189,190,191,192,193,194,195,196,197,198,199];False
7535;9014;16549;[100,52,11,3,26,43,18,30,25,9,4,1,12,32,14,15,124,8,16,19,61,41,22,23,24,69,5,27,28,56,63,31,29,33,17,35,36,37,60,39,40,49,42,7,44,45,86,47,48,21,50,51,53,13,54,55,6,57,58,59,2,0,62,46,64,10,66,117,68,20,70,71,72,65,74,75,67,77,76,79,38,81,80,83,84,85,92,87,88,89,73,91,78,93,94,95,96,97,98,99,82,101,102,103,104,105,106,107,108,109,110,111,112,113,114,115,116,34,118,119,120,121,122,123,90,125,126,127,128,129,130,131,132,133,134,135,136,137,138,139,140,141,142,143,144,145,146,147,148,149,150,151,152,153,154,155,156,157,158,159,160,161,162,163,164,165,166,167,168,169,170,171,172,173,174,175,176,177,178,179,180,181,182,183,184,185,186,187,188,189,190,191,192,193,194,195,196,197,198,199];False
7643;8993;16636;[33,52,11,3,26,43,18,30,25,9,75,1,12,32,14,15,124,8,16,19,61,41,22,23,24,69,5,27,28,56,63,31,29,46,17,35,36,37,38,39,40,49,42,7,44,45,60,47,48,21,50,51,53,13,54,55,6,57,58,59,2,0,62,86,64,10,66,117,68,20,70,71,72,65,74,4,67,77,76,79,80,81,82,83,84,85,92,87,88,89,73,91,78,93,94,95,96,97,98,99,100,101,102,103,104,105,106,107,108,109,110,111,112,113,114,115,116,34,118,119,120,121,122,123,90,125,126,127,128,129,130,131,132,133,134,135,136,137,138,139,140,141,142,143,144,145,146,147,148,149,150,151,152,153,154,155,156,157,158,159,160,161,162,163,164,165,166,167,168,169,170,171,172,173,174,175,176,177,178,179,180,181,182,183,184,185,186,187,188,189,190,191,192,193,194,195,196,197,198,199];False
7605;9001;16606;[39,52,11,3,26,43,18,30,25,9,33,1,12,32,14,15,124,8,16,19,61,41,22,23,24,69,5,27,28,56,63,31,29,46,17,35,36,37,38,75,40,49,42,7,44,45,60,47,48,21,50,51,53,13,54,55,6,57,58,59,2,0,62,86,64,10,66,117,68,20,70,71,72,65,74,4,67,77,76,79,80,81,82,83,84,85,92,87,88,89,73,91,78,93,94,95,96,97,98,99,100,101,102,103,104,105,106,107,108,109,110,111,112,113,114,115,116,34,118,119,120,121,122,123,90,125,126,127,128,129,130,131,132,133,134,135,136,137,138,139,140,141,142,143,144,145,146,147,148,149,150,151,152,153,154,155,156,157,158,159,160,161,162,163,164,165,166,167,168,169,170,171,172,173,174,175,176,177,178,179,180,181,182,183,184,185,186,187,188,189,190,191,192,193,194,195,196,197,198,199];False
7603;8980;16583;[62,52,11,3,26,43,18,30,25,9,33,1,12,32,14,15,124,8,16,19,61,41,22,23,24,69,5,27,28,56,63,31,29,46,17,35,36,37,38,39,40,49,42,7,44,45,60,47,48,21,50,51,53,13,54,55,6,57,58,59,2,0,75,86,64,10,66,117,68,20,70,71,72,65,74,4,67,77,76,79,80,81,82,83,84,85,92,87,88,89,73,91,78,93,94,95,96,97,98,99,100,101,102,103,104,105,106,107,108,109,110,111,112,113,114,115,116,34,118,119,120,121,122,123,90,125,126,127,128,129,130,131,132,133,134,135,136,137,138,139,140,141,142,143,144,145,146,147,148,149,150,151,152,153,154,155,156,157,158,159,160,161,162,163,164,165,166,167,168,169,170,171,172,173,174,175,176,177,178,179,180,181,182,183,184,185,186,187,188,189,190,191,192,193,194,195,196,197,198,199];False
7305;9214;16519;[22,52,93,3,26,43,18,30,124,9,4,1,12,32,14,15,16,60,64,19,25,41,36,23,24,69,5,27,28,56,63,31,29,33,17,35,74,37,38,39,40,49,42,7,44,45,86,47,48,21,50,51,0,11,54,55,6,57,58,59,2,61,62,67,13,46,66,10,68,20,70,71,72,65,76,75,151,77,53,79,80,81,82,83,84,85,92,87,88,89,73,91,109,8,94,95,96,97,98,99,100,101,102,103,104,105,106,107,108,78,110,111,112,113,114,115,116,117,118,119,120,121,122,123,90,125,126,127,128,129,130,131,132,133,134,135,136,137,138,139,140,141,142,143,144,145,146,147,148,149,150,34,152,153,154,155,156,157,158,159,160,161,162,163,164,165,166,167,168,169,170,171,172,173,174,175,176,177,178,179,180,181,182,183,184,185,186,187,188,189,190,191,192,193,194,195,196,197,198,199];False
7234;9216;16450;[61,52,93,3,26,43,18,30,124,9,4,1,12,32,14,15,16,60,64,19,25,41,22,23,24,69,5,27,28,56,63,31,29,33,17,35,74,37,38,39,40,49,42,7,44,45,86,47,48,21,50,51,0,11,54,55,6,57,58,59,2,36,62,67,13,46,66,10,68,20,70,71,72,65,76,75,151,77,53,79,80,81,82,83,84,85,92,87,88,89,73,91,109,8,94,95,96,97,98,99,100,101,102,103,104,105,106,107,108,78,110,111,112,113,114,115,116,117,118,119,120,121,122,123,90,125,126,127,128,129,130,131,132,133,134,135,136,137,138,139,140,141,142,143,144,145,146,147,148,149,150,34,152,153,154,155,156,157,158,159,160,161,162,163,164,165,166,167,168,169,170,171,172,173,174,175,176,177,178,179,180,181,182,183,184,185,186,187,188,189,190,191,192,193,194,195,196,197,198,199];False
7298;9205;16503;[25,52,93,3,26,43,18,30,124,9,4,1,12,32,14,15,16,60,64,19,81,41,22,23,24,69,5,27,28,56,63,31,29,33,17,35,36,37,38,39,40,49,42,7,44,45,86,47,48,21,50,51,0,11,54,55,6,57,58,59,2,61,62,67,13,46,66,10,68,20,70,71,72,65,76,75,151,77,53,79,80,74,82,83,84,85,92,87,88,89,73,91,109,8,94,95,96,97,98,99,100,101,102,103,104,105,106,107,108,78,110,111,112,113,114,115,116,117,118,119,120,121,122,123,90,125,126,127,128,129,130,131,132,133,134,135,136,137,138,139,140,141,142,143,144,145,146,147,148,149,150,34,152,153,154,155,156,157,158,159,160,161,162,163,164,165,166,167,168,169,170,171,172,173,174,175,176,177,178,179,180,181,182,183,184,185,186,187,188,189,190,191,192,193,194,195,196,197,198,199];False
7335;9192;16527;[40,52,93,3,26,43,18,30,124,9,4,1,12,32,14,15,16,60,64,19,25,41,22,23,24,69,5,27,28,56,63,31,29,33,17,35,36,37,38,39,81,49,42,7,44,45,86,47,48,21,50,51,0,11,54,55,6,57,58,59,2,61,62,67,13,46,66,10,68,20,70,71,72,65,76,75,151,77,53,79,80,74,82,83,84,85,92,87,88,89,73,91,109,8,94,95,96,97,98,99,100,101,102,103,104,105,106,107,108,78,110,111,112,113,114,115,116,117,118,119,120,121,122,123,90,125,126,127,128,129,130,131,132,133,134,135,136,137,138,139,140,141,142,143,144,145,146,147,148,149,150,34,152,153,154,155,156,157,158,159,160,161,162,163,164,165,166,167,168,169,170,171,172,173,174,175,176,177,178,179,180,181,182,183,184,185,186,187,188,189,190,191,192,193,194,195,196,197,198,199];False
7340;9179;16519;[61,52,93,3,26,43,18,30,124,9,4,1,12,32,14,15,16,60,64,19,25,41,22,23,24,69,5,27,28,56,63,31,29,33,17,35,36,37,38,39,40,49,42,7,44,45,86,47,48,21,50,51,0,11,54,55,6,57,58,59,2,81,62,67,13,46,66,10,68,20,70,71,72,65,76,75,151,77,53,79,80,74,82,83,84,85,92,87,88,89,73,91,109,8,94,95,96,97,98,99,100,101,102,103,104,105,106,107,108,78,110,111,112,113,114,115,116,117,118,119,120,121,122,123,90,125,126,127,128,129,130,131,132,133,134,135,136,137,138,139,140,141,142,143,144,145,146,147,148,149,150,34,152,153,154,155,156,157,158,159,160,161,162,163,164,165,166,167,168,169,170,171,172,173,174,175,176,177,178,179,180,181,182,183,184,185,186,187,188,189,190,191,192,193,194,195,196,197,198,199];False
7336;9191;16527;[151,52,93,3,26,43,18,30,124,9,4,1,12,32,14,15,16,60,64,19,25,41,22,23,24,69,5,27,28,56,63,31,29,33,17,35,36,37,38,39,40,49,42,7,44,45,86,47,48,21,50,51,0,11,54,55,6,57,58,59,2,61,62,67,13,46,66,10,68,20,70,71,72,65,76,75,81,77,53,79,80,74,82,83,84,85,92,87,88,89,73,91,109,8,94,95,96,97,98,99,100,101,102,103,104,105,106,107,108,78,110,111,112,113,114,115,116,117,118,119,120,121,122,123,90,125,126,127,128,129,130,131,132,133,134,135,136,137,138,139,140,141,142,143,144,145,146,147,148,149,150,34,152,153,154,155,156,157,158,159,160,161,162,163,164,165,166,167,168,169,170,171,172,173,174,175,176,177,178,179,180,181,182,183,184,185,186,187,188,189,190,191,192,193,194,195,196,197,198,199];False
7363;9174;16537;[73,52,93,3,26,43,18,30,124,9,4,1,12,32,14,15,16,60,64,19,25,41,22,23,24,69,5,27,28,56,63,31,29,33,17,35,36,37,38,39,40,49,42,7,44,45,86,47,48,21,50,51,0,11,54,55,6,57,58,59,2,61,62,67,13,46,66,10,68,20,70,71,72,65,76,75,151,77,53,79,80,74,82,83,84,85,92,87,88,89,81,91,109,8,94,95,96,97,98,99,100,101,102,103,104,105,106,107,108,78,110,111,112,113,114,115,116,117,118,119,120,121,122,123,90,125,126,127,128,129,130,131,132,133,134,135,136,137,138,139,140,141,142,143,144,145,146,147,148,149,150,34,152,153,154,155,156,157,158,159,160,161,162,163,164,165,166,167,168,169,170,171,172,173,174,175,176,177,178,179,180,181,182,183,184,185,186,187,188,189,190,191,192,193,194,195,196,197,198,199];False
7331;9190;16521;[95,52,93,3,26,43,18,30,124,9,4,1,12,32,14,15,16,60,64,19,25,41,22,23,24,69,5,27,28,56,63,31,29,33,17,35,36,37,38,39,40,49,42,7,44,45,86,47,48,21,50,51,0,11,54,55,6,57,58,59,2,61,62,67,13,46,66,10,68,20,70,71,72,65,76,75,151,77,53,79,80,74,82,83,84,85,92,87,88,89,73,91,109,8,94,81,96,97,98,99,100,101,102,103,104,105,106,107,108,78,110,111,112,113,114,115,116,117,118,119,120,121,122,123,90,125,126,127,128,129,130,131,132,133,134,135,136,137,138,139,140,141,142,143,144,145,146,147,148,149,150,34,152,153,154,155,156,157,158,159,160,161,162,163,164,165,166,167,168,169,170,171,172,173,174,175,176,177,178,179,180,181,182,183,184,185,186,187,188,189,190,191,192,193,194,195,196,197,198,199];False
7243;9185;16428;[96,52,93,3,26,43,18,30,124,9,4,1,12,32,14,15,16,60,64,19,25,41,22,23,24,69,5,27,28,56,63,31,29,33,17,35,36,37,38,39,40,49,42,7,44,45,86,47,48,21,50,51,0,11,54,55,6,57,58,59,2,61,62,67,13,46,66,10,68,20,70,71,72,65,76,75,151,77,53,79,80,74,82,83,84,85,92,87,88,89,73,91,109,8,94,95,81,97,98,99,100,101,102,103,104,105,106,107,108,78,110,111,112,113,114,115,116,117,118,119,120,121,122,123,90,125,126,127,128,129,130,131,132,133,134,135,136,137,138,139,140,141,142,143,144,145,146,147,148,149,150,34,152,153,154,155,156,157,158,159,160,161,162,163,164,165,166,167,168,169,170,171,172,173,174,175,176,177,178,179,180,181,182,183,184,185,186,187,188,189,190,191,192,193,194,195,196,197,198,199];False
7384;9143;16527;[3,52,93,62,26,43,18,30,124,9,4,1,12,32,14,15,16,60,64,19,25,41,22,23,24,69,5,27,28,56,63,31,29,33,17,35,36,37,38,39,40,49,42,7,44,45,86,47,48,21,50,51,0,11,54,55,6,57,58,59,2,61,84,67,13,46,66,10,68,20,70,71,72,65,74,75,151,77,53,79,80,81,82,83,76,85,92,87,88,89,73,91,109,8,94,95,96,97,98,99,100,101,102,103,104,105,106,107,108,78,110,111,112,113,114,115,116,117,118,119,120,121,122,123,90,125,126,127,128,129,130,131,132,133,134,135,136,137,138,139,140,141,142,143,144,145,146,147,148,149,150,34,152,153,154,155,156,157,158,159,160,161,162,163,164,165,166,167,168,169,170,171,172,173,174,175,176,177,178,179,180,181,182,183,184,185,186,187,188,189,190,191,192,193,194,195,196,197,198,199];False
7357;9176;16533;[9,52,93,3,26,43,18,30,124,62,4,1,12,32,14,15,16,60,64,19,25,41,22,23,24,69,5,27,28,56,63,31,29,33,17,35,36,37,38,39,40,49,42,7,44,45,86,47,48,21,50,51,0,11,54,55,6,57,58,59,2,61,84,67,13,46,66,10,68,20,70,71,72,65,74,75,151,77,53,79,80,81,82,83,76,85,92,87,88,89,73,91,109,8,94,95,96,97,98,99,100,101,102,103,104,105,106,107,108,78,110,111,112,113,114,115,116,117,118,119,120,121,122,123,90,125,126,127,128,129,130,131,132,133,134,135,136,137,138,139,140,141,142,143,144,145,146,147,148,149,150,34,152,153,154,155,156,157,158,159,160,161,162,163,164,165,166,167,168,169,170,171,172,173,174,175,176,177,178,179,180,181,182,183,184,185,186,187,188,189,190,191,192,193,194,195,196,197,198,199];False
7362;9128;16490;[4,52,93,3,26,43,18,30,124,9,62,1,12,32,14,15,16,60,64,19,25,41,22,23,24,69,5,27,28,56,63,31,29,33,17,35,36,37,38,39,40,49,42,7,44,45,86,47,48,21,50,51,0,11,54,55,6,57,58,59,2,61,84,67,13,46,66,10,68,20,70,71,72,65,74,75,151,77,53,79,80,81,82,83,76,85,92,87,88,89,73,91,109,8,94,95,96,97,98,99,100,101,102,103,104,105,106,107,108,78,110,111,112,113,114,115,116,117,118,119,120,121,122,123,90,125,126,127,128,129,130,131,132,133,134,135,136,137,138,139,140,141,142,143,144,145,146,147,148,149,150,34,152,153,154,155,156,157,158,159,160,161,162,163,164,165,166,167,168,169,170,171,172,173,174,175,176,177,178,179,180,181,182,183,184,185,186,187,188,189,190,191,192,193,194,195,196,197,198,199];False
7346;9164;16510;[36,52,93,3,26,43,18,30,124,9,4,1,12,32,14,15,16,60,64,19,25,41,22,23,24,69,5,27,28,56,63,31,29,33,17,35,62,37,38,39,40,49,42,7,44,45,86,47,48,21,50,51,0,11,54,55,6,57,58,59,2,61,84,67,13,46,66,10,68,20,70,71,72,65,74,75,151,77,53,79,80,81,82,83,76,85,92,87,88,89,73,91,109,8,94,95,96,97,98,99,100,101,102,103,104,105,106,107,108,78,110,111,112,113,114,115,116,117,118,119,120,121,122,123,90,125,126,127,128,129,130,131,132,133,134,135,136,137,138,139,140,141,142,143,144,145,146,147,148,149,150,34,152,153,154,155,156,157,158,159,160,161,162,163,164,165,166,167,168,169,170,171,172,173,174,175,176,177,178,179,180,181,182,183,184,185,186,187,188,189,190,191,192,193,194,195,196,197,198,199];False
7402;9116;16518;[11,52,93,3,26,43,18,30,124,9,4,1,12,32,14,15,16,60,64,19,25,41,22,23,24,69,5,27,28,56,63,31,29,33,17,35,36,37,38,39,40,49,42,7,44,45,86,47,48,21,50,51,0,62,54,55,6,57,58,59,2,61,84,67,13,46,66,10,68,20,70,71,72,65,74,75,151,77,53,79,80,81,82,83,76,85,92,87,88,89,73,91,109,8,94,95,96,97,98,99,100,101,102,103,104,105,106,107,108,78,110,111,112,113,114,115,116,117,118,119,120,121,122,123,90,125,126,127,128,129,130,131,132,133,134,135,136,137,138,139,140,141,142,143,144,145,146,147,148,149,150,34,152,153,154,155,156,157,158,159,160,161,162,163,164,165,166,167,168,169,170,171,172,173,174,175,176,177,178,179,180,181,182,183,184,185,186,187,188,189,190,191,192,193,194,195,196,197,198,199];False
7365;9125;16490;[54,52,93,3,26,43,18,30,124,9,4,1,12,32,14,15,16,60,64,19,25,41,22,23,24,69,5,27,28,56,63,31,29,33,17,35,36,37,38,39,40,49,42,7,44,45,86,47,48,21,50,51,0,11,62,55,6,57,58,59,2,61,84,67,13,46,66,10,68,20,70,71,72,65,74,75,151,77,53,79,80,81,82,83,76,85,92,87,88,89,73,91,109,8,94,95,96,97,98,99,100,101,102,103,104,105,106,107,108,78,110,111,112,113,114,115,116,117,118,119,120,121,122,123,90,125,126,127,128,129,130,131,132,133,134,135,136,137,138,139,140,141,142,143,144,145,146,147,148,149,150,34,152,153,154,155,156,157,158,159,160,161,162,163,164,165,166,167,168,169,170,171,172,173,174,175,176,177,178,179,180,181,182,183,184,185,186,187,188,189,190,191,192,193,194,195,196,197,198,199];False
7329;9133;16462;[10,52,93,3,26,43,18,30,124,9,4,1,12,32,14,15,16,60,64,19,25,41,22,23,24,69,5,27,28,56,63,31,29,33,17,35,36,37,38,39,40,49,42,7,44,45,86,47,48,21,50,51,0,11,54,55,6,57,58,59,2,61,84,67,13,46,66,62,68,20,70,71,72,65,74,75,151,77,53,79,80,81,82,83,76,85,92,87,88,89,73,91,109,8,94,95,96,97,98,99,100,101,102,103,104,105,106,107,108,78,110,111,112,113,114,115,116,117,118,119,120,121,122,123,90,125,126,127,128,129,130,131,132,133,134,135,136,137,138,139,140,141,142,143,144,145,146,147,148,149,150,34,152,153,154,155,156,157,158,159,160,161,162,163,164,165,166,167,168,169,170,171,172,173,174,175,176,177,178,179,180,181,182,183,184,185,186,187,188,189,190,191,192,193,194,195,196,197,198,199];False
7321;9130;16451;[81,52,93,3,26,43,18,30,124,9,4,1,12,32,14,15,16,60,64,19,25,41,22,23,24,69,5,27,28,56,63,31,29,33,17,35,36,37,38,39,40,49,42,7,44,45,86,47,48,21,50,51,0,11,54,55,6,57,58,59,2,61,84,67,13,46,66,10,68,20,70,71,72,65,74,75,151,77,53,79,80,62,82,83,76,85,92,87,88,89,73,91,109,8,94,95,96,97,98,99,100,101,102,103,104,105,106,107,108,78,110,111,112,113,114,115,116,117,118,119,120,121,122,123,90,125,126,127,128,129,130,131,132,133,134,135,136,137,138,139,140,141,142,143,144,145,146,147,148,149,150,34,152,153,154,155,156,157,158,159,160,161,162,163,164,165,166,167,168,169,170,171,172,173,174,175,176,177,178,179,180,181,182,183,184,185,186,187,188,189,190,191,192,193,194,195,196,197,198,199];False
7383;9107;16490;[94,52,93,3,26,43,18,30,124,9,4,1,12,32,14,15,16,60,64,19,25,41,22,23,24,69,5,27,28,56,63,31,29,33,17,35,36,37,38,39,40,49,42,7,44,45,86,47,48,21,50,51,0,11,54,55,6,57,58,59,2,61,84,67,13,46,66,10,68,20,70,71,72,65,74,75,151,77,53,79,80,81,82,83,76,85,92,87,88,89,73,91,109,8,62,95,96,97,98,99,100,101,102,103,104,105,106,107,108,78,110,111,112,113,114,115,116,117,118,119,120,121,122,123,90,125,126,127,128,129,130,131,132,133,134,135,136,137,138,139,140,141,142,143,144,145,146,147,148,149,150,34,152,153,154,155,156,157,158,159,160,161,162,163,164,165,166,167,168,169,170,171,172,173,174,175,176,177,178,179,180,181,182,183,184,185,186,187,188,189,190,191,192,193,194,195,196,197,198,199];False
8344;8871;17215;[82,117,11,3,26,43,18,30,25,9,69,1,12,32,14,15,65,8,46,19,61,41,22,23,24,53,5,27,28,56,63,31,29,33,20,35,36,37,38,39,40,49,42,7,44,45,60,47,48,21,50,51,16,13,54,55,6,57,58,59,2,0,62,52,64,10,66,67,68,17,70,71,72,73,74,75,76,77,78,79,80,81,107,83,84,85,86,87,88,89,4,91,90,93,94,95,96,97,98,99,100,101,102,103,104,105,198,92,108,109,110,111,112,113,114,115,116,34,118,119,120,121,122,123,124,125,126,127,128,129,130,131,132,133,134,135,136,137,138,139,140,141,142,143,144,145,146,147,148,149,150,151,152,153,154,155,156,157,158,159,160,161,162,163,164,165,166,167,168,169,170,171,172,173,174,175,176,177,178,179,180,181,182,183,184,185,186,187,188,189,190,191,192,193,194,195,196,197,106,199];False
8451;8867;17318;[50,117,11,3,26,43,18,30,25,9,69,1,12,32,14,15,65,8,46,19,61,41,22,23,24,82,5,27,28,56,63,31,29,33,20,35,36,37,38,39,40,49,42,7,44,45,60,47,48,21,53,51,16,13,54,55,6,57,58,59,2,0,62,52,64,10,66,67,68,17,70,71,72,73,74,75,76,77,78,79,80,81,107,83,84,85,86,87,88,89,4,91,90,93,94,95,96,97,98,99,100,101,102,103,104,105,198,92,108,109,110,111,112,113,114,115,116,34,118,119,120,121,122,123,124,125,126,127,128,129,130,131,132,133,134,135,136,137,138,139,140,141,142,143,144,145,146,147,148,149,150,151,152,153,154,155,156,157,158,159,160,161,162,163,164,165,166,167,168,169,170,171,172,173,174,175,176,177,178,179,180,181,182,183,184,185,186,187,188,189,190,191,192,193,194,195,196,197,106,199];False
8345;8868;17213;[73,117,11,3,26,43,18,30,25,9,69,1,12,32,14,15,65,8,46,19,61,41,22,23,24,82,5,27,28,56,63,31,29,33,20,35,36,37,38,39,40,49,42,7,44,45,60,47,48,21,50,51,16,13,54,55,6,57,58,59,2,0,62,52,64,10,66,67,68,17,70,71,72,53,74,75,76,77,78,79,80,81,107,83,84,85,86,87,88,89,4,91,90,93,94,95,96,97,98,99,100,101,102,103,104,105,198,92,108,109,110,111,112,113,114,115,116,34,118,119,120,121,122,123,124,125,126,127,128,129,130,131,132,133,134,135,136,137,138,139,140,141,142,143,144,145,146,147,148,149,150,151,152,153,154,155,156,157,158,159,160,161,162,163,164,165,166,167,168,169,170,171,172,173,174,175,176,177,178,179,180,181,182,183,184,185,186,187,188,189,190,191,192,193,194,195,196,197,106,199];False
8275;8861;17136;[82,117,11,3,26,43,18,30,25,9,69,1,12,32,14,15,65,8,46,19,61,41,22,23,24,125,5,27,28,56,63,31,29,33,20,35,36,37,38,39,40,49,42,7,44,45,60,47,48,21,50,51,53,13,54,55,6,57,58,59,2,0,62,52,64,10,66,67,68,17,70,71,72,73,74,75,76,77,78,79,80,81,107,83,84,85,86,87,88,89,4,91,90,93,94,95,96,97,98,99,100,101,102,103,104,105,198,92,108,109,110,111,112,113,114,115,116,34,118,119,120,121,122,123,124,16,126,127,128,129,130,131,132,133,134,135,136,137,138,139,140,141,142,143,144,145,146,147,148,149,150,151,152,153,154,155,156,157,158,159,160,161,162,163,164,165,166,167,168,169,170,171,172,173,174,175,176,177,178,179,180,181,182,183,184,185,186,187,188,189,190,191,192,193,194,195,196,197,106,199];False
7884;8909;16793;[60,141,11,3,26,43,18,30,25,9,4,1,12,32,14,15,124,8,16,19,61,41,22,23,24,69,5,27,28,56,63,31,29,33,17,35,36,37,38,39,40,49,64,7,44,45,42,47,48,21,92,51,53,13,54,55,6,57,58,59,2,0,62,46,84,10,66,117,68,20,70,71,72,65,74,75,67,77,76,79,80,81,82,83,52,85,86,87,88,89,73,91,78,93,94,95,96,97,98,99,100,101,102,103,104,105,106,107,108,109,110,111,112,113,114,115,116,34,118,119,120,121,122,123,90,125,126,127,128,129,130,131,132,133,134,135,136,137,138,139,140,50,142,143,144,145,146,147,148,149,150,151,152,153,154,155,156,157,158,159,160,161,162,163,164,165,166,167,168,169,170,171,172,173,174,175,176,177,178,179,180,181,182,183,184,185,186,187,188,189,190,191,192,193,194,195,196,197,198,199];False
7862;8912;16774;[59,141,11,3,26,43,18,30,25,9,4,1,12,32,14,15,124,8,16,19,61,41,22,23,24,69,5,27,28,56,63,31,29,33,17,35,36,37,38,39,40,49,64,7,44,45,60,47,48,21,92,51,53,13,54,55,6,57,58,42,2,0,62,46,84,10,66,117,68,20,70,71,72,65,74,75,67,77,76,79,80,81,82,83,52,85,86,87,88,89,73,91,78,93,94,95,96,97,98,99,100,101,102,103,104,105,106,107,108,109,110,111,112,113,114,115,116,34,118,119,120,121,122,123,90,125,126,127,128,129,130,131,132,133,134,135,136,137,138,139,140,50,142,143,144,145,146,147,148,149,150,151,152,153,154,155,156,157,158,159,160,161,162,163,164,165,166,167,168,169,170,171,172,173,174,175,176,177,178,179,180,181,182,183,184,185,186,187,188,189,190,191,192,193,194,195,196,197,198,199];False
8007;8867;16874;[4,141,11,3,26,43,18,30,25,9,46,1,12,32,14,15,124,8,16,19,61,41,22,23,24,69,5,27,28,56,63,31,29,33,17,35,36,37,38,39,40,49,42,7,44,45,60,47,48,21,92,51,53,13,54,55,6,57,58,59,2,0,62,96,64,10,66,117,68,20,70,71,72,65,74,75,67,77,76,79,80,81,82,83,52,85,86,87,88,89,73,91,78,93,94,95,84,97,98,99,100,101,102,103,104,105,106,107,108,109,110,111,112,113,114,115,116,34,118,119,120,121,122,123,90,125,126,127,128,129,130,131,132,133,134,135,136,137,138,139,140,50,142,143,144,145,146,147,148,149,150,151,152,153,154,155,156,157,158,159,160,161,162,163,164,165,166,167,168,169,170,171,172,173,174,175,176,177,178,179,180,181,182,183,184,185,186,187,188,189,190,191,192,193,194,195,196,197,198,199];False
7974;8863;16837;[12,141,11,3,26,43,18,30,25,9,4,1,46,32,14,15,124,8,16,19,61,41,22,23,24,69,5,27,28,56,63,31,29,33,17,35,36,37,38,39,40,49,42,7,44,45,60,47,48,21,92,51,53,13,54,55,6,57,58,59,2,0,62,96,64,10,66,117,68,20,70,71,72,65,74,75,67,77,76,79,80,81,82,83,52,85,86,87,88,89,73,91,78,93,94,95,84,97,98,99,100,101,102,103,104,105,106,107,108,109,110,111,112,113,114,115,116,34,118,119,120,121,122,123,90,125,126,127,128,129,130,131,132,133,134,135,136,137,138,139,140,50,142,143,144,145,146,147,148,149,150,151,152,153,154,155,156,157,158,159,160,161,162,163,164,165,166,167,168,169,170,171,172,173,174,175,176,177,178,179,180,181,182,183,184,185,186,187,188,189,190,191,192,193,194,195,196,197,198,199];False
7931;8877;16808;[14,141,11,3,26,43,18,30,25,9,4,1,12,32,46,15,124,8,16,19,61,41,22,23,24,69,5,27,28,56,63,31,29,33,17,35,36,37,38,39,40,49,42,7,44,45,60,47,48,21,92,51,53,13,54,55,6,57,58,59,2,0,62,96,64,10,66,117,68,20,70,71,72,65,74,75,67,77,76,79,80,81,82,83,52,85,86,87,88,89,73,91,78,93,94,95,84,97,98,99,100,101,102,103,104,105,106,107,108,109,110,111,112,113,114,115,116,34,118,119,120,121,122,123,90,125,126,127,128,129,130,131,132,133,134,135,136,137,138,139,140,50,142,143,144,145,146,147,148,149,150,151,152,153,154,155,156,157,158,159,160,161,162,163,164,165,166,167,168,169,170,171,172,173,174,175,176,177,178,179,180,181,182,183,184,185,186,187,188,189,190,191,192,193,194,195,196,197,198,199];False
7829;8882;16711;[8,141,11,3,26,43,18,30,25,9,4,1,12,32,14,15,124,46,16,19,61,41,22,23,24,69,5,27,28,56,63,31,29,33,17,35,36,37,38,39,40,49,42,7,44,45,60,47,48,21,92,51,53,13,54,55,6,57,58,59,2,0,62,96,64,10,66,117,68,20,70,71,72,65,74,75,67,77,76,79,80,81,82,83,52,85,86,87,88,89,73,91,78,93,94,95,84,97,98,99,100,101,102,103,104,105,106,107,108,109,110,111,112,113,114,115,116,34,118,119,120,121,122,123,90,125,126,127,128,129,130,131,132,133,134,135,136,137,138,139,140,50,142,143,144,145,146,147,148,149,150,151,152,153,154,155,156,157,158,159,160,161,162,163,164,165,166,167,168,169,170,171,172,173,174,175,176,177,178,179,180,181,182,183,184,185,186,187,188,189,190,191,192,193,194,195,196,197,198,199];False
7804;8913;16717;[8,141,11,3,26,43,18,30,25,9,4,1,12,32,14,15,124,99,16,19,61,41,22,23,24,69,5,27,28,56,63,31,29,33,17,35,36,37,38,39,40,49,42,7,44,45,60,47,48,21,92,51,53,13,54,55,6,57,58,59,2,0,62,46,64,10,66,117,68,20,70,71,72,65,74,75,67,77,76,79,80,81,82,83,52,85,86,87,88,89,73,91,78,93,94,95,84,97,98,96,100,101,102,103,104,105,106,107,108,109,110,111,112,113,114,115,116,34,118,119,120,121,122,123,90,125,126,127,128,129,130,131,132,133,134,135,136,137,138,139,140,50,142,143,144,145,146,147,148,149,150,151,152,153,154,155,156,157,158,159,160,161,162,163,164,165,166,167,168,169,170,171,172,173,174,175,176,177,178,179,180,181,182,183,184,185,186,187,188,189,190,191,192,193,194,195,196,197,198,199];False
7769;8912;16681;[28,141,11,3,26,43,18,30,25,9,4,1,12,32,14,15,124,8,16,19,61,41,22,23,24,69,5,27,99,56,63,31,29,33,17,35,36,37,38,39,40,49,42,7,44,45,60,47,48,21,92,51,53,13,54,55,6,57,58,59,2,0,62,46,64,10,66,117,68,20,70,71,72,65,74,75,67,77,76,79,80,81,82,83,52,85,86,87,88,89,73,91,78,93,94,95,84,97,98,96,100,101,102,103,104,105,106,107,108,109,110,111,112,113,114,115,116,34,118,119,120,121,122,123,90,125,126,127,128,129,130,131,132,133,134,135,136,137,138,139,140,50,142,143,144,145,146,147,148,149,150,151,152,153,154,155,156,157,158,159,160,161,162,163,164,165,166,167,168,169,170,171,172,173,174,175,176,177,178,179,180,181,182,183,184,185,186,187,188,189,190,191,192,193,194,195,196,197,198,199];False
7757;8919;16676;[92,141,11,3,26,43,18,30,25,9,4,1,12,32,14,15,124,8,16,19,61,41,22,23,24,69,5,27,28,56,63,31,29,33,17,35,36,37,38,39,40,49,42,7,44,45,60,47,48,21,99,51,53,13,54,55,6,57,58,59,2,0,62,46,64,10,66,117,68,20,70,71,72,65,74,75,67,77,76,79,80,81,82,83,52,85,86,87,88,89,73,91,78,93,94,95,84,97,98,96,100,101,102,103,104,105,106,107,108,109,110,111,112,113,114,115,116,34,118,119,120,121,122,123,90,125,126,127,128,129,130,131,132,133,134,135,136,137,138,139,140,50,142,143,144,145,146,147,148,149,150,151,152,153,154,155,156,157,158,159,160,161,162,163,164,165,166,167,168,169,170,171,172,173,174,175,176,177,178,179,180,181,182,183,184,185,186,187,188,189,190,191,192,193,194,195,196,197,198,199];False
7668;8933;16601;[95,141,11,3,26,43,18,30,25,9,4,1,12,32,14,15,124,8,16,19,61,41,22,23,24,69,5,27,28,56,63,31,29,33,17,35,36,37,38,39,40,49,42,7,44,45,60,47,48,21,92,51,53,13,54,55,6,57,58,59,2,0,62,46,64,10,66,117,68,20,70,71,72,65,74,75,67,77,76,79,80,81,82,83,52,85,86,87,88,89,73,91,78,93,94,99,84,97,98,96,100,101,102,103,104,105,106,107,108,109,110,111,112,113,114,115,116,34,118,119,120,121,122,123,90,125,126,127,128,129,130,131,132,133,134,135,136,137,138,139,140,50,142,143,144,145,146,147,148,149,150,151,152,153,154,155,156,157,158,159,160,161,162,163,164,165,166,167,168,169,170,171,172,173,174,175,176,177,178,179,180,181,182,183,184,185,186,187,188,189,190,191,192,193,194,195,196,197,198,199];False
7653;8956;16609;[103,141,11,3,26,43,18,30,25,9,4,1,12,32,14,15,124,8,16,19,61,41,22,23,24,69,5,27,28,56,63,31,29,33,17,35,36,37,38,39,40,49,42,7,44,45,60,47,48,21,92,51,53,13,54,55,6,57,58,59,2,0,62,46,64,10,66,117,68,20,70,71,72,65,74,75,67,77,76,79,80,81,82,83,52,85,86,87,88,89,73,91,78,93,94,95,84,97,98,96,100,101,102,99,104,105,106,107,108,109,110,111,112,113,114,115,116,34,118,119,120,121,122,123,90,125,126,127,128,129,130,131,132,133,134,135,136,137,138,139,140,50,142,143,144,145,146,147,148,149,150,151,152,153,154,155,156,157,158,159,160,161,162,163,164,165,166,167,168,169,170,171,172,173,174,175,176,177,178,179,180,181,182,183,184,185,186,187,188,189,190,191,192,193,194,195,196,197,198,199];False
7751;8908;16659;[105,141,11,3,26,43,18,30,25,9,4,1,12,32,14,15,124,8,16,19,61,41,22,23,24,69,5,27,28,56,63,31,29,33,17,35,36,37,38,39,40,49,42,7,44,45,60,47,48,21,92,51,53,13,54,55,6,57,58,59,2,0,62,46,64,10,66,117,68,20,70,71,72,65,74,75,67,77,76,79,80,81,82,83,52,85,86,87,88,89,73,91,78,93,94,95,84,97,98,96,100,101,102,103,104,99,106,107,108,109,110,111,112,113,114,115,116,34,118,119,120,121,122,123,90,125,126,127,128,129,130,131,132,133,134,135,136,137,138,139,140,50,142,143,144,145,146,147,148,149,150,151,152,153,154,155,156,157,158,159,160,161,162,163,164,165,166,167,168,169,170,171,172,173,174,175,176,177,178,179,180,181,182,183,184,185,186,187,188,189,190,191,192,193,194,195,196,197,198,199];False
7638;8956;16594;[8,141,11,3,26,43,18,30,25,9,4,1,12,32,14,15,124,95,16,19,61,41,22,23,24,69,5,27,28,56,63,31,29,33,17,35,36,37,38,39,40,49,42,7,44,45,60,47,48,21,92,51,53,13,54,55,6,57,58,59,2,0,62,46,64,10,66,117,68,20,70,71,72,65,74,75,67,77,76,79,80,81,82,83,84,85,86,87,88,89,73,91,78,93,94,114,96,97,98,99,100,101,102,52,104,105,106,107,108,109,110,111,112,113,103,115,116,34,118,119,120,121,122,123,90,125,126,127,128,129,130,131,132,133,134,135,136,137,138,139,140,50,142,143,144,145,146,147,148,149,150,151,152,153,154,155,156,157,158,159,160,161,162,163,164,165,166,167,168,169,170,171,172,173,174,175,176,177,178,179,180,181,182,183,184,185,186,187,188,189,190,191,192,193,194,195,196,197,198,199];False
7597;8932;16529;[37,141,11,3,26,43,18,30,25,9,4,1,12,32,14,15,124,8,16,19,61,41,22,23,24,69,5,27,28,56,63,31,29,33,17,35,36,95,38,39,40,49,42,7,44,45,60,47,48,21,92,51,53,13,54,55,6,57,58,59,2,0,62,46,64,10,66,117,68,20,70,71,72,65,74,75,67,77,76,79,80,81,82,83,84,85,86,87,88,89,73,91,78,93,94,114,96,97,98,99,100,101,102,52,104,105,106,107,108,109,110,111,112,113,103,115,116,34,118,119,120,121,122,123,90,125,126,127,128,129,130,131,132,133,134,135,136,137,138,139,140,50,142,143,144,145,146,147,148,149,150,151,152,153,154,155,156,157,158,159,160,161,162,163,164,165,166,167,168,169,170,171,172,173,174,175,176,177,178,179,180,181,182,183,184,185,186,187,188,189,190,191,192,193,194,195,196,197,198,199];False
7326;9120;16446;[36,52,11,3,26,43,18,30,25,9,4,1,12,32,14,15,124,8,16,19,61,41,22,23,24,69,5,27,28,56,63,31,29,33,17,35,74,37,60,39,40,49,42,7,44,45,86,47,48,21,50,51,53,13,54,55,6,57,58,59,2,0,62,46,64,10,66,117,68,20,70,71,72,65,76,75,67,77,80,79,38,81,82,83,84,85,92,87,88,89,73,91,78,93,94,95,96,97,98,99,100,101,102,103,104,105,106,107,108,109,110,111,112,113,114,115,116,34,118,119,120,121,122,123,90,125,126,127,128,129,130,131,132,133,134,135,136,137,138,139,140,141,142,143,144,145,146,147,148,149,150,151,152,153,154,155,156,157,158,159,160,161,162,163,164,165,166,167,168,169,170,171,172,173,174,175,176,177,178,179,180,181,182,183,184,185,186,187,188,189,190,191,192,193,194,195,196,197,198,199];False
7380;9101;16481;[71,52,11,3,26,43,18,30,25,9,4,1,12,32,14,15,124,8,16,19,61,41,22,23,24,69,5,27,28,56,63,31,29,33,17,35,36,37,60,39,40,49,42,7,44,45,86,47,48,21,50,51,53,13,54,55,6,57,58,59,2,0,62,46,64,10,66,117,68,20,70,74,72,65,76,75,67,77,80,79,38,81,82,83,84,85,92,87,88,89,73,91,78,93,94,95,96,97,98,99,100,101,102,103,104,105,106,107,108,109,110,111,112,113,114,115,116,34,118,119,120,121,122,123,90,125,126,127,128,129,130,131,132,133,134,135,136,137,138,139,140,141,142,143,144,145,146,147,148,149,150,151,152,153,154,155,156,157,158,159,160,161,162,163,164,165,166,167,168,169,170,171,172,173,174,175,176,177,178,179,180,181,182,183,184,185,186,187,188,189,190,191,192,193,194,195,196,197,198,199];False
7391;9073;16464;[73,52,11,3,26,43,18,30,25,9,4,1,12,32,14,15,124,8,16,19,61,41,22,23,24,69,5,27,28,56,63,31,29,33,17,35,36,37,60,39,40,49,42,7,44,45,86,47,48,21,50,51,53,13,54,55,6,57,58,59,2,0,62,46,64,10,66,117,68,20,70,71,72,65,76,75,67,77,80,79,38,81,82,83,84,85,92,87,88,89,74,91,78,93,94,95,96,97,98,99,100,101,102,103,104,105,106,107,108,109,110,111,112,113,114,115,116,34,118,119,120,121,122,123,90,125,126,127,128,129,130,131,132,133,134,135,136,137,138,139,140,141,142,143,144,145,146,147,148,149,150,151,152,153,154,155,156,157,158,159,160,161,162,163,164,165,166,167,168,169,170,171,172,173,174,175,176,177,178,179,180,181,182,183,184,185,186,187,188,189,190,191,192,193,194,195,196,197,198,199];False
7498;9028;16526;[100,52,11,3,26,43,18,30,25,9,4,1,12,32,14,15,124,8,16,19,61,41,22,23,24,69,5,27,28,56,63,31,29,33,17,35,36,37,60,39,40,49,42,7,44,45,86,47,48,21,50,51,53,13,54,55,6,57,58,59,2,0,62,46,64,10,66,117,68,20,70,71,72,65,74,75,67,77,80,79,38,81,76,83,84,85,92,87,88,89,73,91,78,93,94,95,96,97,98,99,82,101,102,103,104,105,106,107,108,109,110,111,112,113,114,115,116,34,118,119,120,121,122,123,90,125,126,127,128,129,130,131,132,133,134,135,136,137,138,139,140,141,142,143,144,145,146,147,148,149,150,151,152,153,154,155,156,157,158,159,160,161,162,163,164,165,166,167,168,169,170,171,172,173,174,175,176,177,178,179,180,181,182,183,184,185,186,187,188,189,190,191,192,193,194,195,196,197,198,199];False
7439;9055;16494;[43,52,11,3,26,84,18,30,25,9,4,1,12,32,14,15,124,8,16,19,61,41,22,23,24,69,5,27,28,56,63,31,29,33,17,35,36,37,60,39,40,49,42,7,44,45,86,47,48,21,50,51,53,13,54,55,6,57,58,59,2,0,62,46,64,10,66,117,68,20,70,71,72,65,74,75,67,77,80,79,38,81,82,83,76,85,92,87,88,89,73,91,78,93,94,95,96,97,98,99,100,101,102,103,104,105,106,107,108,109,110,111,112,113,114,115,116,34,118,119,120,121,122,123,90,125,126,127,128,129,130,131,132,133,134,135,136,137,138,139,140,141,142,143,144,145,146,147,148,149,150,151,152,153,154,155,156,157,158,159,160,161,162,163,164,165,166,167,168,169,170,171,172,173,174,175,176,177,178,179,180,181,182,183,184,185,186,187,188,189,190,191,192,193,194,195,196,197,198,199];False
7360;9104;16464;[25,52,11,3,26,43,18,30,84,9,4,1,12,32,14,15,124,8,16,19,61,41,22,23,24,69,5,27,28,56,63,31,29,33,17,35,36,37,60,39,40,49,42,7,44,45,86,47,48,21,50,51,53,13,54,55,6,57,58,59,2,0,62,46,64,10,66,117,68,20,70,71,72,65,74,75,67,77,80,79,38,81,82,83,76,85,92,87,88,89,73,91,78,93,94,95,96,97,98,99,100,101,102,103,104,105,106,107,108,109,110,111,112,113,114,115,116,34,118,119,120,121,122,123,90,125,126,127,128,129,130,131,132,133,134,135,136,137,138,139,140,141,142,143,144,145,146,147,148,149,150,151,152,153,154,155,156,157,158,159,160,161,162,163,164,165,166,167,168,169,170,171,172,173,174,175,176,177,178,179,180,181,182,183,184,185,186,187,188,189,190,191,192,193,194,195,196,197,198,199];False
7377;9088;16465;[9,52,11,3,26,43,18,30,25,84,4,1,12,32,14,15,124,8,16,19,61,41,22,23,24,69,5,27,28,56,63,31,29,33,17,35,36,37,60,39,40,49,42,7,44,45,86,47,48,21,50,51,53,13,54,55,6,57,58,59,2,0,62,46,64,10,66,117,68,20,70,71,72,65,74,75,67,77,80,79,38,81,82,83,76,85,92,87,88,89,73,91,78,93,94,95,96,97,98,99,100,101,102,103,104,105,106,107,108,109,110,111,112,113,114,115,116,34,118,119,120,121,122,123,90,125,126,127,128,129,130,131,132,133,134,135,136,137,138,139,140,141,142,143,144,145,146,147,148,149,150,151,152,153,154,155,156,157,158,159,160,161,162,163,164,165,166,167,168,169,170,171,172,173,174,175,176,177,178,179,180,181,182,183,184,185,186,187,188,189,190,191,192,193,194,195,196,197,198,199];False
7423;9070;16493;[14,52,11,3,26,43,18,30,25,9,4,1,12,32,84,15,124,8,16,19,61,41,22,23,24,69,5,27,28,56,63,31,29,33,17,35,36,37,60,39,40,49,42,7,44,45,86,47,48,21,50,51,53,13,54,55,6,57,58,59,2,0,62,46,64,10,66,117,68,20,70,71,72,65,74,75,67,77,80,79,38,81,82,83,76,85,92,87,88,89,73,91,78,93,94,95,96,97,98,99,100,101,102,103,104,105,106,107,108,109,110,111,112,113,114,115,116,34,118,119,120,121,122,123,90,125,126,127,128,129,130,131,132,133,134,135,136,137,138,139,140,141,142,143,144,145,146,147,148,149,150,151,152,153,154,155,156,157,158,159,160,161,162,163,164,165,166,167,168,169,170,171,172,173,174,175,176,177,178,179,180,181,182,183,184,185,186,187,188,189,190,191,192,193,194,195,196,197,198,199];False
7412;9056;16468;[46,52,11,3,26,43,18,30,25,9,4,1,12,32,14,15,124,8,16,19,61,41,22,23,24,69,5,27,28,56,63,31,29,33,17,35,36,37,60,39,40,49,42,7,44,45,86,47,48,21,50,51,53,13,54,55,6,57,58,59,2,0,62,84,64,10,66,117,68,20,70,71,72,65,74,75,67,77,80,79,38,81,82,83,76,85,92,87,88,89,73,91,78,93,94,95,96,97,98,99,100,101,102,103,104,105,106,107,108,109,110,111,112,113,114,115,116,34,118,119,120,121,122,123,90,125,126,127,128,129,130,131,132,133,134,135,136,137,138,139,140,141,142,143,144,145,146,147,148,149,150,151,152,153,154,155,156,157,158,159,160,161,162,163,164,165,166,167,168,169,170,171,172,173,174,175,176,177,178,179,180,181,182,183,184,185,186,187,188,189,190,191,192,193,194,195,196,197,198,199];False
7438;9042;16480;[117,52,11,3,26,43,18,30,25,9,4,1,12,32,14,15,124,8,16,19,61,41,22,23,24,69,5,27,28,56,63,31,29,33,17,35,36,37,60,39,40,49,42,7,44,45,86,47,48,21,50,51,53,13,54,55,6,57,58,59,2,0,62,46,64,10,66,84,68,20,70,71,72,65,74,75,67,77,80,79,38,81,82,83,76,85,92,87,88,89,73,91,78,93,94,95,96,97,98,99,100,101,102,103,104,105,106,107,108,109,110,111,112,113,114,115,116,34,118,119,120,121,122,123,90,125,126,127,128,129,130,131,132,133,134,135,136,137,138,139,140,141,142,143,144,145,146,147,148,149,150,151,152,153,154,155,156,157,158,159,160,161,162,163,164,165,166,167,168,169,170,171,172,173,174,175,176,177,178,179,180,181,182,183,184,185,186,187,188,189,190,191,192,193,194,195,196,197,198,199];False
7465;9022;16487;[75,52,11,3,26,43,18,30,25,9,4,1,12,32,14,15,124,8,16,19,61,41,22,23,24,69,5,27,28,56,63,31,29,33,17,35,36,37,60,39,40,49,42,7,44,45,86,47,48,21,50,51,53,13,54,55,6,57,58,59,2,0,62,46,64,10,66,117,68,20,70,71,72,65,74,84,67,77,80,79,38,81,82,83,76,85,92,87,88,89,73,91,78,93,94,95,96,97,98,99,100,101,102,103,104,105,106,107,108,109,110,111,112,113,114,115,116,34,118,119,120,121,122,123,90,125,126,127,128,129,130,131,132,133,134,135,136,137,138,139,140,141,142,143,144,145,146,147,148,149,150,151,152,153,154,155,156,157,158,159,160,161,162,163,164,165,166,167,168,169,170,171,172,173,174,175,176,177,178,179,180,181,182,183,184,185,186,187,188,189,190,191,192,193,194,195,196,197,198,199];False
7397;9060;16457;[67,52,11,3,26,43,18,30,25,9,4,1,12,32,14,15,124,8,16,19,61,41,22,23,24,69,5,27,28,56,63,31,29,33,17,35,36,37,60,39,40,49,42,7,44,45,86,47,48,21,50,51,53,13,54,55,6,57,58,59,2,0,62,46,64,10,66,117,68,20,70,71,72,65,74,75,84,77,80,79,38,81,82,83,76,85,92,87,88,89,73,91,78,93,94,95,96,97,98,99,100,101,102,103,104,105,106,107,108,109,110,111,112,113,114,115,116,34,118,119,120,121,122,123,90,125,126,127,128,129,130,131,132,133,134,135,136,137,138,139,140,141,142,143,144,145,146,147,148,149,150,151,152,153,154,155,156,157,158,159,160,161,162,163,164,165,166,167,168,169,170,171,172,173,174,175,176,177,178,179,180,181,182,183,184,185,186,187,188,189,190,191,192,193,194,195,196,197,198,199];False
7396;9067;16463;[88,52,11,3,26,43,18,30,25,9,4,1,12,32,14,15,124,8,16,19,61,41,22,23,24,69,5,27,28,56,63,31,29,33,17,35,36,37,60,39,40,49,42,7,44,45,86,47,48,21,50,51,53,13,54,55,6,57,58,59,2,0,62,46,64,10,66,117,68,20,70,71,72,65,74,75,67,77,80,79,38,81,82,83,76,85,92,87,84,89,73,91,78,93,94,95,96,97,98,99,100,101,102,103,104,105,106,107,108,109,110,111,112,113,114,115,116,34,118,119,120,121,122,123,90,125,126,127,128,129,130,131,132,133,134,135,136,137,138,139,140,141,142,143,144,145,146,147,148,149,150,151,152,153,154,155,156,157,158,159,160,161,162,163,164,165,166,167,168,169,170,171,172,173,174,175,176,177,178,179,180,181,182,183,184,185,186,187,188,189,190,191,192,193,194,195,196,197,198,199];False
7455;9026;16481;[73,52,11,3,26,43,18,30,25,9,4,1,12,32,14,15,124,8,16,19,61,41,22,23,24,69,5,27,28,56,63,31,29,33,17,35,36,37,60,39,40,49,42,7,44,45,86,47,48,21,50,51,53,13,54,55,6,57,58,59,2,0,62,46,64,10,66,117,68,20,70,71,72,65,74,75,67,77,80,79,38,81,82,83,76,85,92,87,88,89,84,91,78,93,94,95,96,97,98,99,100,101,102,103,104,105,106,107,108,109,110,111,112,113,114,115,116,34,118,119,120,121,122,123,90,125,126,127,128,129,130,131,132,133,134,135,136,137,138,139,140,141,142,143,144,145,146,147,148,149,150,151,152,153,154,155,156,157,158,159,160,161,162,163,164,165,166,167,168,169,170,171,172,173,174,175,176,177,178,179,180,181,182,183,184,185,186,187,188,189,190,191,192,193,194,195,196,197,198,199];False
7399;9052;16451;[94,52,11,3,26,43,18,30,25,9,4,1,12,32,14,15,124,8,16,19,61,41,22,23,24,69,5,27,28,56,63,31,29,33,17,35,36,37,60,39,40,49,42,7,44,45,86,47,48,21,50,51,53,13,54,55,6,57,58,59,2,0,62,46,64,10,66,117,68,20,70,71,72,65,74,75,67,77,80,79,38,81,82,83,76,85,92,87,88,89,73,91,78,93,84,95,96,97,98,99,100,101,102,103,104,105,106,107,108,109,110,111,112,113,114,115,116,34,118,119,120,121,122,123,90,125,126,127,128,129,130,131,132,133,134,135,136,137,138,139,140,141,142,143,144,145,146,147,148,149,150,151,152,153,154,155,156,157,158,159,160,161,162,163,164,165,166,167,168,169,170,171,172,173,174,175,176,177,178,179,180,181,182,183,184,185,186,187,188,189,190,191,192,193,194,195,196,197,198,199];False
7368;9059;16427;[95,52,11,3,26,43,18,30,25,9,4,1,12,32,14,15,124,8,16,19,61,41,22,23,24,69,5,27,28,56,63,31,29,33,17,35,36,37,60,39,40,49,42,7,44,45,86,47,48,21,50,51,53,13,54,55,6,57,58,59,2,0,62,46,64,10,66,117,68,20,70,71,72,65,74,75,67,77,80,79,38,81,82,83,76,85,92,87,88,89,73,91,78,93,94,84,96,97,98,99,100,101,102,103,104,105,106,107,108,109,110,111,112,113,114,115,116,34,118,119,120,121,122,123,90,125,126,127,128,129,130,131,132,133,134,135,136,137,138,139,140,141,142,143,144,145,146,147,148,149,150,151,152,153,154,155,156,157,158,159,160,161,162,163,164,165,166,167,168,169,170,171,172,173,174,175,176,177,178,179,180,181,182,183,184,185,186,187,188,189,190,191,192,193,194,195,196,197,198,199];False
7432;9031;16463;[99,52,11,3,26,43,18,30,25,9,4,1,12,32,14,15,124,8,16,19,61,41,22,23,24,69,5,27,28,56,63,31,29,33,17,35,36,37,60,39,40,49,42,7,44,45,86,47,48,21,50,51,53,13,54,55,6,57,58,59,2,0,62,46,64,10,66,117,68,20,70,71,72,65,74,75,67,77,80,79,38,81,82,83,76,85,92,87,88,89,73,91,78,93,94,95,96,97,98,84,100,101,102,103,104,105,106,107,108,109,110,111,112,113,114,115,116,34,118,119,120,121,122,123,90,125,126,127,128,129,130,131,132,133,134,135,136,137,138,139,140,141,142,143,144,145,146,147,148,149,150,151,152,153,154,155,156,157,158,159,160,161,162,163,164,165,166,167,168,169,170,171,172,173,174,175,176,177,178,179,180,181,182,183,184,185,186,187,188,189,190,191,192,193,194,195,196,197,198,199];False
7524;9013;16537;[86,52,11,3,26,43,18,30,25,9,4,1,12,32,14,15,124,8,16,19,61,41,22,23,24,69,5,27,28,56,63,31,29,33,17,35,36,37,60,39,40,49,42,7,44,45,100,47,48,21,50,51,53,13,54,55,6,57,58,59,2,0,62,46,64,10,66,117,68,20,70,71,72,65,74,75,67,77,76,79,38,81,80,83,84,85,92,87,88,89,73,91,78,93,94,95,96,97,98,99,82,101,102,103,104,105,106,107,108,109,110,111,112,113,114,115,116,34,118,119,120,121,122,123,90,125,126,127,128,129,130,131,132,133,134,135,136,137,138,139,140,141,142,143,144,145,146,147,148,149,150,151,152,153,154,155,156,157,158,159,160,161,162,163,164,165,166,167,168,169,170,171,172,173,174,175,176,177,178,179,180,181,182,183,184,185,186,187,188,189,190,191,192,193,194,195,196,197,198,199];False
7208;9202;16410;[81,52,93,3,26,43,18,30,124,9,4,1,12,32,14,15,16,60,64,19,25,41,22,23,24,69,5,27,28,56,63,31,29,33,17,35,74,37,38,39,40,49,42,7,44,45,86,47,48,21,50,51,0,11,54,55,6,57,58,59,2,36,62,67,13,46,66,10,68,20,70,71,72,65,76,75,151,77,53,79,80,61,82,83,84,85,92,87,88,89,73,91,109,8,94,95,96,97,98,99,100,101,102,103,104,105,106,107,108,78,110,111,112,113,114,115,116,117,118,119,120,121,122,123,90,125,126,127,128,129,130,131,132,133,134,135,136,137,138,139,140,141,142,143,144,145,146,147,148,149,150,34,152,153,154,155,156,157,158,159,160,161,162,163,164,165,166,167,168,169,170,171,172,173,174,175,176,177,178,179,180,181,182,183,184,185,186,187,188,189,190,191,192,193,194,195,196,197,198,199];False
7222;9185;16407;[43,52,93,3,26,96,18,30,124,9,4,1,12,32,14,15,16,60,64,19,25,41,22,23,24,69,5,27,28,56,63,31,29,33,17,35,36,37,38,39,40,49,42,7,44,45,86,47,48,21,50,51,0,11,54,55,6,57,58,59,2,61,62,67,13,46,66,10,68,20,70,71,72,65,76,75,151,77,53,79,80,74,82,83,84,85,92,87,88,89,73,91,109,8,94,95,81,97,98,99,100,101,102,103,104,105,106,107,108,78,110,111,112,113,114,115,116,117,118,119,120,121,122,123,90,125,126,127,128,129,130,131,132,133,134,135,136,137,138,139,140,141,142,143,144,145,146,147,148,149,150,34,152,153,154,155,156,157,158,159,160,161,162,163,164,165,166,167,168,169,170,171,172,173,174,175,176,177,178,179,180,181,182,183,184,185,186,187,188,189,190,191,192,193,194,195,196,197,198,199];False
7301;9139;16440;[25,52,93,3,26,43,18,30,124,9,4,1,12,32,14,15,16,60,64,19,81,41,22,23,24,69,5,27,28,56,63,31,29,33,17,35,36,37,38,39,40,49,42,7,44,45,86,47,48,21,50,51,0,11,54,55,6,57,58,59,2,61,84,67,13,46,66,10,68,20,70,71,72,65,74,75,151,77,53,79,80,62,82,83,76,85,92,87,88,89,73,91,109,8,94,95,96,97,98,99,100,101,102,103,104,105,106,107,108,78,110,111,112,113,114,115,116,117,118,119,120,121,122,123,90,125,126,127,128,129,130,131,132,133,134,135,136,137,138,139,140,141,142,143,144,145,146,147,148,149,150,34,152,153,154,155,156,157,158,159,160,161,162,163,164,165,166,167,168,169,170,171,172,173,174,175,176,177,178,179,180,181,182,183,184,185,186,187,188,189,190,191,192,193,194,195,196,197,198,199];False
7246;9119;16365;[96,52,93,3,26,43,18,30,124,9,4,1,12,32,14,15,16,60,64,19,25,41,22,23,24,69,5,27,28,56,63,31,29,33,17,35,36,37,38,39,40,49,42,7,44,45,86,47,48,21,50,51,0,11,54,55,6,57,58,59,2,61,84,67,13,46,66,10,68,20,70,71,72,65,74,75,151,77,53,79,80,62,82,83,76,85,92,87,88,89,73,91,109,8,94,95,81,97,98,99,100,101,102,103,104,105,106,107,108,78,110,111,112,113,114,115,116,117,118,119,120,121,122,123,90,125,126,127,128,129,130,131,132,133,134,135,136,137,138,139,140,141,142,143,144,145,146,147,148,149,150,34,152,153,154,155,156,157,158,159,160,161,162,163,164,165,166,167,168,169,170,171,172,173,174,175,176,177,178,179,180,181,182,183,184,185,186,187,188,189,190,191,192,193,194,195,196,197,198,199];False
8332;8859;17191;[90,117,11,3,26,43,18,30,25,9,69,1,12,32,14,15,65,8,46,19,61,41,22,23,24,125,5,27,28,56,63,31,29,33,20,35,36,37,38,39,40,49,42,7,44,45,60,47,48,21,50,51,53,13,54,55,6,57,58,59,2,0,62,52,64,10,66,67,68,17,70,71,72,73,74,75,76,77,78,79,80,81,107,83,84,85,86,87,88,89,4,91,82,93,94,95,96,97,98,99,100,101,102,103,104,105,198,92,108,109,110,111,112,113,114,115,116,34,118,119,120,121,122,123,124,16,126,127,128,129,130,131,132,133,134,135,136,137,138,139,140,141,142,143,144,145,146,147,148,149,150,151,152,153,154,155,156,157,158,159,160,161,162,163,164,165,166,167,168,169,170,171,172,173,174,175,176,177,178,179,180,181,182,183,184,185,186,187,188,189,190,191,192,193,194,195,196,197,106,199];False
8351;8857;17208;[99,117,11,3,26,43,18,30,25,9,69,1,12,32,14,15,65,8,46,19,61,41,22,23,24,125,5,27,28,56,63,31,29,33,20,35,36,37,38,39,40,49,42,7,44,45,60,47,48,21,50,51,53,13,54,55,6,57,58,59,2,0,62,52,64,10,66,67,68,17,70,71,72,73,74,75,76,77,78,79,80,81,107,83,84,85,86,87,88,89,4,91,90,93,94,95,96,97,98,82,100,101,102,103,104,105,198,92,108,109,110,111,112,113,114,115,116,34,118,119,120,121,122,123,124,16,126,127,128,129,130,131,132,133,134,135,136,137,138,139,140,141,142,143,144,145,146,147,148,149,150,151,152,153,154,155,156,157,158,159,160,161,162,163,164,165,166,167,168,169,170,171,172,173,174,175,176,177,178,179,180,181,182,183,184,185,186,187,188,189,190,191,192,193,194,195,196,197,106,199];False
8259;8857;17116;[194,117,11,3,26,43,18,30,25,9,69,1,12,32,14,15,65,8,46,19,61,41,22,23,24,125,5,27,28,56,63,31,29,33,20,35,36,37,38,39,40,49,42,7,44,45,60,47,48,21,50,51,53,13,54,55,6,57,58,59,2,0,62,52,64,10,66,67,68,17,70,71,72,73,74,75,76,77,78,79,80,81,107,83,84,85,86,87,88,89,4,91,90,93,94,95,96,97,98,99,100,101,102,103,104,105,198,92,108,109,110,111,112,113,114,115,116,34,118,119,120,121,122,123,124,16,126,127,128,129,130,131,132,133,134,135,136,137,138,139,140,141,142,143,144,145,146,147,148,149,150,151,152,153,154,155,156,157,158,159,160,161,162,163,164,165,166,167,168,169,170,171,172,173,174,175,176,177,178,179,180,181,182,183,184,185,186,187,188,189,190,191,192,193,82,195,196,197,106,199];False
8119;8859;16978;[3,141,11,12,26,43,18,30,25,9,4,1,46,32,14,15,124,8,16,19,61,41,22,23,24,69,5,27,28,56,63,31,29,33,17,35,36,37,38,39,40,49,42,7,44,45,60,47,48,21,92,51,53,13,54,55,6,57,58,59,2,0,62,96,64,10,66,117,68,20,70,71,72,65,74,75,67,77,76,79,80,81,82,83,52,85,86,87,88,89,73,91,78,93,94,95,84,97,98,99,100,101,102,103,104,105,106,107,108,109,110,111,112,113,114,115,116,34,118,119,120,121,122,123,90,125,126,127,128,129,130,131,132,133,134,135,136,137,138,139,140,50,142,143,144,145,146,147,148,149,150,151,152,153,154,155,156,157,158,159,160,161,162,163,164,165,166,167,168,169,170,171,172,173,174,175,176,177,178,179,180,181,182,183,184,185,186,187,188,189,190,191,192,193,194,195,196,197,198,199];False
8116;8850;16966;[18,141,11,3,26,43,12,30,25,9,4,1,46,32,14,15,124,8,16,19,61,41,22,23,24,69,5,27,28,56,63,31,29,33,17,35,36,37,38,39,40,49,42,7,44,45,60,47,48,21,92,51,53,13,54,55,6,57,58,59,2,0,62,96,64,10,66,117,68,20,70,71,72,65,74,75,67,77,76,79,80,81,82,83,52,85,86,87,88,89,73,91,78,93,94,95,84,97,98,99,100,101,102,103,104,105,106,107,108,109,110,111,112,113,114,115,116,34,118,119,120,121,122,123,90,125,126,127,128,129,130,131,132,133,134,135,136,137,138,139,140,50,142,143,144,145,146,147,148,149,150,151,152,153,154,155,156,157,158,159,160,161,162,163,164,165,166,167,168,169,170,171,172,173,174,175,176,177,178,179,180,181,182,183,184,185,186,187,188,189,190,191,192,193,194,195,196,197,198,199];False
8096;8852;16948;[30,141,11,3,26,43,18,12,25,9,4,1,46,32,14,15,124,8,16,19,61,41,22,23,24,69,5,27,28,56,63,31,29,33,17,35,36,37,38,39,40,49,42,7,44,45,60,47,48,21,92,51,53,13,54,55,6,57,58,59,2,0,62,96,64,10,66,117,68,20,70,71,72,65,74,75,67,77,76,79,80,81,82,83,52,85,86,87,88,89,73,91,78,93,94,95,84,97,98,99,100,101,102,103,104,105,106,107,108,109,110,111,112,113,114,115,116,34,118,119,120,121,122,123,90,125,126,127,128,129,130,131,132,133,134,135,136,137,138,139,140,50,142,143,144,145,146,147,148,149,150,151,152,153,154,155,156,157,158,159,160,161,162,163,164,165,166,167,168,169,170,171,172,173,174,175,176,177,178,179,180,181,182,183,184,185,186,187,188,189,190,191,192,193,194,195,196,197,198,199];False
7971;8861;16832;[23,141,11,3,26,43,18,30,25,9,4,1,46,32,14,15,124,8,16,19,61,41,22,12,24,69,5,27,28,56,63,31,29,33,17,35,36,37,38,39,40,49,42,7,44,45,60,47,48,21,92,51,53,13,54,55,6,57,58,59,2,0,62,96,64,10,66,117,68,20,70,71,72,65,74,75,67,77,76,79,80,81,82,83,52,85,86,87,88,89,73,91,78,93,94,95,84,97,98,99,100,101,102,103,104,105,106,107,108,109,110,111,112,113,114,115,116,34,118,119,120,121,122,123,90,125,126,127,128,129,130,131,132,133,134,135,136,137,138,139,140,50,142,143,144,145,146,147,148,149,150,151,152,153,154,155,156,157,158,159,160,161,162,163,164,165,166,167,168,169,170,171,172,173,174,175,176,177,178,179,180,181,182,183,184,185,186,187,188,189,190,191,192,193,194,195,196,197,198,199];False
7943;8864;16807;[8,141,11,3,26,43,18,30,25,9,4,1,12,32,46,15,124,14,16,19,61,41,22,23,24,69,5,27,28,56,63,31,29,33,17,35,36,37,38,39,40,49,42,7,44,45,60,47,48,21,92,51,53,13,54,55,6,57,58,59,2,0,62,96,64,10,66,117,68,20,70,71,72,65,74,75,67,77,76,79,80,81,82,83,52,85,86,87,88,89,73,91,78,93,94,95,84,97,98,99,100,101,102,103,104,105,106,107,108,109,110,111,112,113,114,115,116,34,118,119,120,121,122,123,90,125,126,127,128,129,130,131,132,133,134,135,136,137,138,139,140,50,142,143,144,145,146,147,148,149,150,151,152,153,154,155,156,157,158,159,160,161,162,163,164,165,166,167,168,169,170,171,172,173,174,175,176,177,178,179,180,181,182,183,184,185,186,187,188,189,190,191,192,193,194,195,196,197,198,199];False
7935;8856;16791;[19,141,11,3,26,43,18,30,25,9,4,1,12,32,46,15,124,8,16,14,61,41,22,23,24,69,5,27,28,56,63,31,29,33,17,35,36,37,38,39,40,49,42,7,44,45,60,47,48,21,92,51,53,13,54,55,6,57,58,59,2,0,62,96,64,10,66,117,68,20,70,71,72,65,74,75,67,77,76,79,80,81,82,83,52,85,86,87,88,89,73,91,78,93,94,95,84,97,98,99,100,101,102,103,104,105,106,107,108,109,110,111,112,113,114,115,116,34,118,119,120,121,122,123,90,125,126,127,128,129,130,131,132,133,134,135,136,137,138,139,140,50,142,143,144,145,146,147,148,149,150,151,152,153,154,155,156,157,158,159,160,161,162,163,164,165,166,167,168,169,170,171,172,173,174,175,176,177,178,179,180,181,182,183,184,185,186,187,188,189,190,191,192,193,194,195,196,197,198,199];False
7918;8874;16792;[28,141,11,3,26,43,18,30,25,9,4,1,12,32,46,15,124,8,16,19,61,41,22,23,24,69,5,27,14,56,63,31,29,33,17,35,36,37,38,39,40,49,42,7,44,45,60,47,48,21,92,51,53,13,54,55,6,57,58,59,2,0,62,96,64,10,66,117,68,20,70,71,72,65,74,75,67,77,76,79,80,81,82,83,52,85,86,87,88,89,73,91,78,93,94,95,84,97,98,99,100,101,102,103,104,105,106,107,108,109,110,111,112,113,114,115,116,34,118,119,120,121,122,123,90,125,126,127,128,129,130,131,132,133,134,135,136,137,138,139,140,50,142,143,144,145,146,147,148,149,150,151,152,153,154,155,156,157,158,159,160,161,162,163,164,165,166,167,168,169,170,171,172,173,174,175,176,177,178,179,180,181,182,183,184,185,186,187,188,189,190,191,192,193,194,195,196,197,198,199];False
7825;8889;16714;[16,141,11,3,26,43,18,30,25,9,4,1,12,32,14,15,124,46,8,19,61,41,22,23,24,69,5,27,28,56,63,31,29,33,17,35,36,37,38,39,40,49,42,7,44,45,60,47,48,21,92,51,53,13,54,55,6,57,58,59,2,0,62,96,64,10,66,117,68,20,70,71,72,65,74,75,67,77,76,79,80,81,82,83,52,85,86,87,88,89,73,91,78,93,94,95,84,97,98,99,100,101,102,103,104,105,106,107,108,109,110,111,112,113,114,115,116,34,118,119,120,121,122,123,90,125,126,127,128,129,130,131,132,133,134,135,136,137,138,139,140,50,142,143,144,145,146,147,148,149,150,151,152,153,154,155,156,157,158,159,160,161,162,163,164,165,166,167,168,169,170,171,172,173,174,175,176,177,178,179,180,181,182,183,184,185,186,187,188,189,190,191,192,193,194,195,196,197,198,199];False
7889;8875;16764;[19,141,11,3,26,43,18,30,25,9,4,1,12,32,14,15,124,46,16,8,61,41,22,23,24,69,5,27,28,56,63,31,29,33,17,35,36,37,38,39,40,49,42,7,44,45,60,47,48,21,92,51,53,13,54,55,6,57,58,59,2,0,62,96,64,10,66,117,68,20,70,71,72,65,74,75,67,77,76,79,80,81,82,83,52,85,86,87,88,89,73,91,78,93,94,95,84,97,98,99,100,101,102,103,104,105,106,107,108,109,110,111,112,113,114,115,116,34,118,119,120,121,122,123,90,125,126,127,128,129,130,131,132,133,134,135,136,137,138,139,140,50,142,143,144,145,146,147,148,149,150,151,152,153,154,155,156,157,158,159,160,161,162,163,164,165,166,167,168,169,170,171,172,173,174,175,176,177,178,179,180,181,182,183,184,185,186,187,188,189,190,191,192,193,194,195,196,197,198,199];False
7805;8882;16687;[35,141,11,3,26,43,18,30,25,9,4,1,12,32,14,15,124,46,16,19,61,41,22,23,24,69,5,27,28,56,63,31,29,33,17,8,36,37,38,39,40,49,42,7,44,45,60,47,48,21,92,51,53,13,54,55,6,57,58,59,2,0,62,96,64,10,66,117,68,20,70,71,72,65,74,75,67,77,76,79,80,81,82,83,52,85,86,87,88,89,73,91,78,93,94,95,84,97,98,99,100,101,102,103,104,105,106,107,108,109,110,111,112,113,114,115,116,34,118,119,120,121,122,123,90,125,126,127,128,129,130,131,132,133,134,135,136,137,138,139,140,50,142,143,144,145,146,147,148,149,150,151,152,153,154,155,156,157,158,159,160,161,162,163,164,165,166,167,168,169,170,171,172,173,174,175,176,177,178,179,180,181,182,183,184,185,186,187,188,189,190,191,192,193,194,195,196,197,198,199];False
7723;8906;16629;[9,141,11,3,26,43,18,30,25,105,4,1,12,32,14,15,124,8,16,19,61,41,22,23,24,69,5,27,28,56,63,31,29,33,17,35,36,37,38,39,40,49,42,7,44,45,60,47,48,21,92,51,53,13,54,55,6,57,58,59,2,0,62,46,64,10,66,117,68,20,70,71,72,65,74,75,67,77,76,79,80,81,82,83,52,85,86,87,88,89,73,91,78,93,94,95,84,97,98,96,100,101,102,103,104,99,106,107,108,109,110,111,112,113,114,115,116,34,118,119,120,121,122,123,90,125,126,127,128,129,130,131,132,133,134,135,136,137,138,139,140,50,142,143,144,145,146,147,148,149,150,151,152,153,154,155,156,157,158,159,160,161,162,163,164,165,166,167,168,169,170,171,172,173,174,175,176,177,178,179,180,181,182,183,184,185,186,187,188,189,190,191,192,193,194,195,196,197,198,199];False
7706;8929;16635;[4,141,11,3,26,43,18,30,25,9,37,1,12,32,14,15,124,8,16,19,61,41,22,23,24,69,5,27,28,56,63,31,29,33,17,35,36,95,38,39,40,49,42,7,44,45,60,47,48,21,92,51,53,13,54,55,6,57,58,59,2,0,62,46,64,10,66,117,68,20,70,71,72,65,74,75,67,77,76,79,80,81,82,83,84,85,86,87,88,89,73,91,78,93,94,114,96,97,98,99,100,101,102,52,104,105,106,107,108,109,110,111,112,113,103,115,116,34,118,119,120,121,122,123,90,125,126,127,128,129,130,131,132,133,134,135,136,137,138,139,140,50,142,143,144,145,146,147,148,149,150,151,152,153,154,155,156,157,158,159,160,161,162,163,164,165,166,167,168,169,170,171,172,173,174,175,176,177,178,179,180,181,182,183,184,185,186,187,188,189,190,191,192,193,194,195,196,197,198,199];False
7612;8929;16541;[8,141,11,3,26,43,18,30,25,9,4,1,12,32,14,15,124,37,16,19,61,41,22,23,24,69,5,27,28,56,63,31,29,33,17,35,36,95,38,39,40,49,42,7,44,45,60,47,48,21,92,51,53,13,54,55,6,57,58,59,2,0,62,46,64,10,66,117,68,20,70,71,72,65,74,75,67,77,76,79,80,81,82,83,84,85,86,87,88,89,73,91,78,93,94,114,96,97,98,99,100,101,102,52,104,105,106,107,108,109,110,111,112,113,103,115,116,34,118,119,120,121,122,123,90,125,126,127,128,129,130,131,132,133,134,135,136,137,138,139,140,50,142,143,144,145,146,147,148,149,150,151,152,153,154,155,156,157,158,159,160,161,162,163,164,165,166,167,168,169,170,171,172,173,174,175,176,177,178,179,180,181,182,183,184,185,186,187,188,189,190,191,192,193,194,195,196,197,198,199];False
7680;8922;16602;[19,141,11,3,26,43,18,30,25,9,4,1,12,32,14,15,124,8,16,37,61,41,22,23,24,69,5,27,28,56,63,31,29,33,17,35,36,95,38,39,40,49,42,7,44,45,60,47,48,21,92,51,53,13,54,55,6,57,58,59,2,0,62,46,64,10,66,117,68,20,70,71,72,65,74,75,67,77,76,79,80,81,82,83,84,85,86,87,88,89,73,91,78,93,94,114,96,97,98,99,100,101,102,52,104,105,106,107,108,109,110,111,112,113,103,115,116,34,118,119,120,121,122,123,90,125,126,127,128,129,130,131,132,133,134,135,136,137,138,139,140,50,142,143,144,145,146,147,148,149,150,151,152,153,154,155,156,157,158,159,160,161,162,163,164,165,166,167,168,169,170,171,172,173,174,175,176,177,178,179,180,181,182,183,184,185,186,187,188,189,190,191,192,193,194,195,196,197,198,199];False
7757;8901;16658;[64,141,11,3,26,43,18,30,25,9,4,1,12,32,14,15,124,8,16,19,61,41,22,23,24,69,5,27,28,56,63,31,29,33,17,35,36,95,38,39,40,49,42,7,44,45,60,47,48,21,92,51,53,13,54,55,6,57,58,59,2,0,62,46,37,10,66,117,68,20,70,71,72,65,74,75,67,77,76,79,80,81,82,83,84,85,86,87,88,89,73,91,78,93,94,114,96,97,98,99,100,101,102,52,104,105,106,107,108,109,110,111,112,113,103,115,116,34,118,119,120,121,122,123,90,125,126,127,128,129,130,131,132,133,134,135,136,137,138,139,140,50,142,143,144,145,146,147,148,149,150,151,152,153,154,155,156,157,158,159,160,161,162,163,164,165,166,167,168,169,170,171,172,173,174,175,176,177,178,179,180,181,182,183,184,185,186,187,188,189,190,191,192,193,194,195,196,197,198,199];False
7687;8919;16606;[20,141,11,3,26,43,18,30,25,9,4,1,12,32,14,15,124,8,16,19,61,41,22,23,24,69,5,27,28,56,63,31,29,33,17,35,36,95,38,39,40,49,42,7,44,45,60,47,48,21,92,51,53,13,54,55,6,57,58,59,2,0,62,46,64,10,66,117,68,37,70,71,72,65,74,75,67,77,76,79,80,81,82,83,84,85,86,87,88,89,73,91,78,93,94,114,96,97,98,99,100,101,102,52,104,105,106,107,108,109,110,111,112,113,103,115,116,34,118,119,120,121,122,123,90,125,126,127,128,129,130,131,132,133,134,135,136,137,138,139,140,50,142,143,144,145,146,147,148,149,150,151,152,153,154,155,156,157,158,159,160,161,162,163,164,165,166,167,168,169,170,171,172,173,174,175,176,177,178,179,180,181,182,183,184,185,186,187,188,189,190,191,192,193,194,195,196,197,198,199];False
7557;8956;16513;[85,141,11,3,26,43,18,30,25,9,4,1,12,32,14,15,124,8,16,19,61,41,22,23,24,69,5,27,28,56,63,31,29,33,17,35,36,95,38,39,40,49,42,7,44,45,60,47,48,21,92,51,53,13,54,55,6,57,58,59,2,0,62,46,64,10,66,117,68,20,70,71,72,65,74,75,67,77,76,79,80,81,82,83,84,37,86,87,88,89,73,91,78,93,94,114,96,97,98,99,100,101,102,52,104,105,106,107,108,109,110,111,112,113,103,115,116,34,118,119,120,121,122,123,90,125,126,127,128,129,130,131,132,133,134,135,136,137,138,139,140,50,142,143,144,145,146,147,148,149,150,151,152,153,154,155,156,157,158,159,160,161,162,163,164,165,166,167,168,169,170,171,172,173,174,175,176,177,178,179,180,181,182,183,184,185,186,187,188,189,190,191,192,193,194,195,196,197,198,199];False
7588;8947;16535;[88,141,11,3,26,43,18,30,25,9,4,1,12,32,14,15,124,8,16,19,61,41,22,23,24,69,5,27,28,56,63,31,29,33,17,35,36,95,38,39,40,49,42,7,44,45,60,47,48,21,92,51,53,13,54,55,6,57,58,59,2,0,62,46,64,10,66,117,68,20,70,71,72,65,74,75,67,77,76,79,80,81,82,83,84,85,86,87,37,89,73,91,78,93,94,114,96,97,98,99,100,101,102,52,104,105,106,107,108,109,110,111,112,113,103,115,116,34,118,119,120,121,122,123,90,125,126,127,128,129,130,131,132,133,134,135,136,137,138,139,140,50,142,143,144,145,146,147,148,149,150,151,152,153,154,155,156,157,158,159,160,161,162,163,164,165,166,167,168,169,170,171,172,173,174,175,176,177,178,179,180,181,182,183,184,185,186,187,188,189,190,191,192,193,194,195,196,197,198,199];False
7691;8909;16600;[78,141,11,3,26,43,18,30,25,9,4,1,12,32,14,15,124,8,16,19,61,41,22,23,24,69,5,27,28,56,63,31,29,33,17,35,36,95,38,39,40,49,42,7,44,45,60,47,48,21,92,51,53,13,54,55,6,57,58,59,2,0,62,46,64,10,66,117,68,20,70,71,72,65,74,75,67,77,76,79,80,81,82,83,84,85,86,87,88,89,73,91,37,93,94,114,96,97,98,99,100,101,102,52,104,105,106,107,108,109,110,111,112,113,103,115,116,34,118,119,120,121,122,123,90,125,126,127,128,129,130,131,132,133,134,135,136,137,138,139,140,50,142,143,144,145,146,147,148,149,150,151,152,153,154,155,156,157,158,159,160,161,162,163,164,165,166,167,168,169,170,171,172,173,174,175,176,177,178,179,180,181,182,183,184,185,186,187,188,189,190,191,192,193,194,195,196,197,198,199];False
7649;8920;16569;[100,141,11,3,26,43,18,30,25,9,4,1,12,32,14,15,124,8,16,19,61,41,22,23,24,69,5,27,28,56,63,31,29,33,17,35,36,95,38,39,40,49,42,7,44,45,60,47,48,21,92,51,53,13,54,55,6,57,58,59,2,0,62,46,64,10,66,117,68,20,70,71,72,65,74,75,67,77,76,79,80,81,82,83,84,85,86,87,88,89,73,91,78,93,94,114,96,97,98,99,37,101,102,52,104,105,106,107,108,109,110,111,112,113,103,115,116,34,118,119,120,121,122,123,90,125,126,127,128,129,130,131,132,133,134,135,136,137,138,139,140,50,142,143,144,145,146,147,148,149,150,151,152,153,154,155,156,157,158,159,160,161,162,163,164,165,166,167,168,169,170,171,172,173,174,175,176,177,178,179,180,181,182,183,184,185,186,187,188,189,190,191,192,193,194,195,196,197,198,199];False
7577;8945;16522;[52,141,11,3,26,43,18,30,25,9,4,1,12,32,14,15,124,8,16,19,61,41,22,23,24,69,5,27,28,56,63,31,29,33,17,35,36,95,38,39,40,49,42,7,44,45,60,47,48,21,92,51,53,13,54,55,6,57,58,59,2,0,62,46,64,10,66,117,68,20,70,71,72,65,74,75,67,77,76,79,80,81,82,83,84,85,86,87,88,89,73,91,78,93,94,114,96,97,98,99,100,101,102,37,104,105,106,107,108,109,110,111,112,113,103,115,116,34,118,119,120,121,122,123,90,125,126,127,128,129,130,131,132,133,134,135,136,137,138,139,140,50,142,143,144,145,146,147,148,149,150,151,152,153,154,155,156,157,158,159,160,161,162,163,164,165,166,167,168,169,170,171,172,173,174,175,176,177,178,179,180,181,182,183,184,185,186,187,188,189,190,191,192,193,194,195,196,197,198,199];False
7588;8923;16511;[108,141,11,3,26,43,18,30,25,9,4,1,12,32,14,15,124,8,16,19,61,41,22,23,24,69,5,27,28,56,63,31,29,33,17,35,36,95,38,39,40,49,42,7,44,45,60,47,48,21,92,51,53,13,54,55,6,57,58,59,2,0,62,46,64,10,66,117,68,20,70,71,72,65,74,75,67,77,76,79,80,81,82,83,84,85,86,87,88,89,73,91,78,93,94,114,96,97,98,99,100,101,102,52,104,105,106,107,37,109,110,111,112,113,103,115,116,34,118,119,120,121,122,123,90,125,126,127,128,129,130,131,132,133,134,135,136,137,138,139,140,50,142,143,144,145,146,147,148,149,150,151,152,153,154,155,156,157,158,159,160,161,162,163,164,165,166,167,168,169,170,171,172,173,174,175,176,177,178,179,180,181,182,183,184,185,186,187,188,189,190,191,192,193,194,195,196,197,198,199];False
7348;9110;16458;[61,52,11,3,26,43,18,30,84,9,4,1,12,32,14,15,124,8,16,19,25,41,22,23,24,69,5,27,28,56,63,31,29,33,17,35,36,37,60,39,40,49,42,7,44,45,86,47,48,21,50,51,53,13,54,55,6,57,58,59,2,0,62,46,64,10,66,117,68,20,70,71,72,65,74,75,67,77,80,79,38,81,82,83,76,85,92,87,88,89,73,91,78,93,94,95,96,97,98,99,100,101,102,103,104,105,106,107,108,109,110,111,112,113,114,115,116,34,118,119,120,121,122,123,90,125,126,127,128,129,130,131,132,133,134,135,136,137,138,139,140,141,142,143,144,145,146,147,148,149,150,151,152,153,154,155,156,157,158,159,160,161,162,163,164,165,166,167,168,169,170,171,172,173,174,175,176,177,178,179,180,181,182,183,184,185,186,187,188,189,190,191,192,193,194,195,196,197,198,199];False
7323;9105;16428;[33,52,11,3,26,43,18,30,84,9,4,1,12,32,14,15,124,8,16,19,61,41,22,23,24,69,5,27,28,56,63,31,29,25,17,35,36,37,60,39,40,49,42,7,44,45,86,47,48,21,50,51,53,13,54,55,6,57,58,59,2,0,62,46,64,10,66,117,68,20,70,71,72,65,74,75,67,77,80,79,38,81,82,83,76,85,92,87,88,89,73,91,78,93,94,95,96,97,98,99,100,101,102,103,104,105,106,107,108,109,110,111,112,113,114,115,116,34,118,119,120,121,122,123,90,125,126,127,128,129,130,131,132,133,134,135,136,137,138,139,140,141,142,143,144,145,146,147,148,149,150,151,152,153,154,155,156,157,158,159,160,161,162,163,164,165,166,167,168,169,170,171,172,173,174,175,176,177,178,179,180,181,182,183,184,185,186,187,188,189,190,191,192,193,194,195,196,197,198,199];False
7310;9103;16413;[36,52,11,3,26,43,18,30,84,9,4,1,12,32,14,15,124,8,16,19,61,41,22,23,24,69,5,27,28,56,63,31,29,33,17,35,25,37,60,39,40,49,42,7,44,45,86,47,48,21,50,51,53,13,54,55,6,57,58,59,2,0,62,46,64,10,66,117,68,20,70,71,72,65,74,75,67,77,80,79,38,81,82,83,76,85,92,87,88,89,73,91,78,93,94,95,96,97,98,99,100,101,102,103,104,105,106,107,108,109,110,111,112,113,114,115,116,34,118,119,120,121,122,123,90,125,126,127,128,129,130,131,132,133,134,135,136,137,138,139,140,141,142,143,144,145,146,147,148,149,150,151,152,153,154,155,156,157,158,159,160,161,162,163,164,165,166,167,168,169,170,171,172,173,174,175,176,177,178,179,180,181,182,183,184,185,186,187,188,189,190,191,192,193,194,195,196,197,198,199];False
7457;9016;16473;[4,52,11,3,26,43,18,30,25,9,75,1,12,32,14,15,124,8,16,19,61,41,22,23,24,69,5,27,28,56,63,31,29,33,17,35,36,37,60,39,40,49,42,7,44,45,86,47,48,21,50,51,53,13,54,55,6,57,58,59,2,0,62,46,64,10,66,117,68,20,70,71,72,65,74,84,67,77,80,79,38,81,82,83,76,85,92,87,88,89,73,91,78,93,94,95,96,97,98,99,100,101,102,103,104,105,106,107,108,109,110,111,112,113,114,115,116,34,118,119,120,121,122,123,90,125,126,127,128,129,130,131,132,133,134,135,136,137,138,139,140,141,142,143,144,145,146,147,148,149,150,151,152,153,154,155,156,157,158,159,160,161,162,163,164,165,166,167,168,169,170,171,172,173,174,175,176,177,178,179,180,181,182,183,184,185,186,187,188,189,190,191,192,193,194,195,196,197,198,199];False
7403;9024;16427;[81,52,11,3,26,43,18,30,25,9,4,1,12,32,14,15,124,8,16,19,61,41,22,23,24,69,5,27,28,56,63,31,29,33,17,35,36,37,60,39,40,49,42,7,44,45,86,47,48,21,50,51,53,13,54,55,6,57,58,59,2,0,62,46,64,10,66,117,68,20,70,71,72,65,74,75,67,77,80,79,38,73,82,83,76,85,92,87,88,89,84,91,78,93,94,95,96,97,98,99,100,101,102,103,104,105,106,107,108,109,110,111,112,113,114,115,116,34,118,119,120,121,122,123,90,125,126,127,128,129,130,131,132,133,134,135,136,137,138,139,140,141,142,143,144,145,146,147,148,149,150,151,152,153,154,155,156,157,158,159,160,161,162,163,164,165,166,167,168,169,170,171,172,173,174,175,176,177,178,179,180,181,182,183,184,185,186,187,188,189,190,191,192,193,194,195,196,197,198,199];False
7334;9080;16414;[9,52,11,3,26,43,18,30,25,94,4,1,12,32,14,15,124,8,16,19,61,41,22,23,24,69,5,27,28,56,63,31,29,33,17,35,36,37,60,39,40,49,42,7,44,45,86,47,48,21,50,51,53,13,54,55,6,57,58,59,2,0,62,46,64,10,66,117,68,20,70,71,72,65,74,75,67,77,80,79,38,81,82,83,76,85,92,87,88,89,73,91,78,93,84,95,96,97,98,99,100,101,102,103,104,105,106,107,108,109,110,111,112,113,114,115,116,34,118,119,120,121,122,123,90,125,126,127,128,129,130,131,132,133,134,135,136,137,138,139,140,141,142,143,144,145,146,147,148,149,150,151,152,153,154,155,156,157,158,159,160,161,162,163,164,165,166,167,168,169,170,171,172,173,174,175,176,177,178,179,180,181,182,183,184,185,186,187,188,189,190,191,192,193,194,195,196,197,198,199];False
7337;9061;16398;[8,52,11,3,26,43,18,30,25,9,4,1,12,32,14,15,124,94,16,19,61,41,22,23,24,69,5,27,28,56,63,31,29,33,17,35,36,37,60,39,40,49,42,7,44,45,86,47,48,21,50,51,53,13,54,55,6,57,58,59,2,0,62,46,64,10,66,117,68,20,70,71,72,65,74,75,67,77,80,79,38,81,82,83,76,85,92,87,88,89,73,91,78,93,84,95,96,97,98,99,100,101,102,103,104,105,106,107,108,109,110,111,112,113,114,115,116,34,118,119,120,121,122,123,90,125,126,127,128,129,130,131,132,133,134,135,136,137,138,139,140,141,142,143,144,145,146,147,148,149,150,151,152,153,154,155,156,157,158,159,160,161,162,163,164,165,166,167,168,169,170,171,172,173,174,175,176,177,178,179,180,181,182,183,184,185,186,187,188,189,190,191,192,193,194,195,196,197,198,199];False
7368;9056;16424;[19,52,11,3,26,43,18,30,25,9,4,1,12,32,14,15,124,8,16,94,61,41,22,23,24,69,5,27,28,56,63,31,29,33,17,35,36,37,60,39,40,49,42,7,44,45,86,47,48,21,50,51,53,13,54,55,6,57,58,59,2,0,62,46,64,10,66,117,68,20,70,71,72,65,74,75,67,77,80,79,38,81,82,83,76,85,92,87,88,89,73,91,78,93,84,95,96,97,98,99,100,101,102,103,104,105,106,107,108,109,110,111,112,113,114,115,116,34,118,119,120,121,122,123,90,125,126,127,128,129,130,131,132,133,134,135,136,137,138,139,140,141,142,143,144,145,146,147,148,149,150,151,152,153,154,155,156,157,158,159,160,161,162,163,164,165,166,167,168,169,170,171,172,173,174,175,176,177,178,179,180,181,182,183,184,185,186,187,188,189,190,191,192,193,194,195,196,197,198,199];False
7400;9050;16450;[29,52,11,3,26,43,18,30,25,9,4,1,12,32,14,15,124,8,16,19,61,41,22,23,24,69,5,27,28,56,63,31,94,33,17,35,36,37,60,39,40,49,42,7,44,45,86,47,48,21,50,51,53,13,54,55,6,57,58,59,2,0,62,46,64,10,66,117,68,20,70,71,72,65,74,75,67,77,80,79,38,81,82,83,76,85,92,87,88,89,73,91,78,93,84,95,96,97,98,99,100,101,102,103,104,105,106,107,108,109,110,111,112,113,114,115,116,34,118,119,120,121,122,123,90,125,126,127,128,129,130,131,132,133,134,135,136,137,138,139,140,141,142,143,144,145,146,147,148,149,150,151,152,153,154,155,156,157,158,159,160,161,162,163,164,165,166,167,168,169,170,171,172,173,174,175,176,177,178,179,180,181,182,183,184,185,186,187,188,189,190,191,192,193,194,195,196,197,198,199];False
7304;9079;16383;[33,52,11,3,26,43,18,30,25,9,4,1,12,32,14,15,124,8,16,19,61,41,22,23,24,69,5,27,28,56,63,31,29,94,17,35,36,37,60,39,40,49,42,7,44,45,86,47,48,21,50,51,53,13,54,55,6,57,58,59,2,0,62,46,64,10,66,117,68,20,70,71,72,65,74,75,67,77,80,79,38,81,82,83,76,85,92,87,88,89,73,91,78,93,84,95,96,97,98,99,100,101,102,103,104,105,106,107,108,109,110,111,112,113,114,115,116,34,118,119,120,121,122,123,90,125,126,127,128,129,130,131,132,133,134,135,136,137,138,139,140,141,142,143,144,145,146,147,148,149,150,151,152,153,154,155,156,157,158,159,160,161,162,163,164,165,166,167,168,169,170,171,172,173,174,175,176,177,178,179,180,181,182,183,184,185,186,187,188,189,190,191,192,193,194,195,196,197,198,199];False
7366;9057;16423;[62,52,11,3,26,43,18,30,25,9,4,1,12,32,14,15,124,8,16,19,61,41,22,23,24,69,5,27,28,56,63,31,29,33,17,35,36,37,60,39,40,49,42,7,44,45,86,47,48,21,50,51,53,13,54,55,6,57,58,59,2,0,94,46,64,10,66,117,68,20,70,71,72,65,74,75,67,77,80,79,38,81,82,83,76,85,92,87,88,89,73,91,78,93,84,95,96,97,98,99,100,101,102,103,104,105,106,107,108,109,110,111,112,113,114,115,116,34,118,119,120,121,122,123,90,125,126,127,128,129,130,131,132,133,134,135,136,137,138,139,140,141,142,143,144,145,146,147,148,149,150,151,152,153,154,155,156,157,158,159,160,161,162,163,164,165,166,167,168,169,170,171,172,173,174,175,176,177,178,179,180,181,182,183,184,185,186,187,188,189,190,191,192,193,194,195,196,197,198,199];False
7382;9046;16428;[74,52,11,3,26,43,18,30,25,9,4,1,12,32,14,15,124,8,16,19,61,41,22,23,24,69,5,27,28,56,63,31,29,33,17,35,36,37,60,39,40,49,42,7,44,45,86,47,48,21,50,51,53,13,54,55,6,57,58,59,2,0,62,46,64,10,66,117,68,20,70,71,72,65,94,75,67,77,80,79,38,81,82,83,76,85,92,87,88,89,73,91,78,93,84,95,96,97,98,99,100,101,102,103,104,105,106,107,108,109,110,111,112,113,114,115,116,34,118,119,120,121,122,123,90,125,126,127,128,129,130,131,132,133,134,135,136,137,138,139,140,141,142,143,144,145,146,147,148,149,150,151,152,153,154,155,156,157,158,159,160,161,162,163,164,165,166,167,168,169,170,171,172,173,174,175,176,177,178,179,180,181,182,183,184,185,186,187,188,189,190,191,192,193,194,195,196,197,198,199];False
7550;9010;16560;[42,52,11,3,26,43,18,30,25,9,4,1,12,32,14,15,124,8,16,19,61,41,22,23,24,69,5,27,28,56,63,31,29,33,17,35,36,37,60,39,40,49,86,7,44,45,100,47,48,21,50,51,53,13,54,55,6,57,58,59,2,0,62,46,64,10,66,117,68,20,70,71,72,65,74,75,67,77,76,79,38,81,80,83,84,85,92,87,88,89,73,91,78,93,94,95,96,97,98,99,82,101,102,103,104,105,106,107,108,109,110,111,112,113,114,115,116,34,118,119,120,121,122,123,90,125,126,127,128,129,130,131,132,133,134,135,136,137,138,139,140,141,142,143,144,145,146,147,148,149,150,151,152,153,154,155,156,157,158,159,160,161,162,163,164,165,166,167,168,169,170,171,172,173,174,175,176,177,178,179,180,181,182,183,184,185,186,187,188,189,190,191,192,193,194,195,196,197,198,199];False
7531;9003;16534;[6,52,11,3,26,43,18,30,25,9,4,1,12,32,14,15,124,8,16,19,61,41,22,23,24,69,5,27,28,56,63,31,29,33,17,35,36,37,60,39,40,49,42,7,44,45,100,47,48,21,50,51,53,13,54,55,86,57,58,59,2,0,62,46,64,10,66,117,68,20,70,71,72,65,74,75,67,77,76,79,38,81,80,83,84,85,92,87,88,89,73,91,78,93,94,95,96,97,98,99,82,101,102,103,104,105,106,107,108,109,110,111,112,113,114,115,116,34,118,119,120,121,122,123,90,125,126,127,128,129,130,131,132,133,134,135,136,137,138,139,140,141,142,143,144,145,146,147,148,149,150,151,152,153,154,155,156,157,158,159,160,161,162,163,164,165,166,167,168,169,170,171,172,173,174,175,176,177,178,179,180,181,182,183,184,185,186,187,188,189,190,191,192,193,194,195,196,197,198,199];False
7505;9001;16506;[46,52,11,3,26,43,18,30,25,9,4,1,12,32,14,15,124,8,16,19,61,41,22,23,24,69,5,27,28,56,63,31,29,33,17,35,36,37,60,39,40,49,42,7,44,45,100,47,48,21,50,51,53,13,54,55,6,57,58,59,2,0,62,86,64,10,66,117,68,20,70,71,72,65,74,75,67,77,76,79,38,81,80,83,84,85,92,87,88,89,73,91,78,93,94,95,96,97,98,99,82,101,102,103,104,105,106,107,108,109,110,111,112,113,114,115,116,34,118,119,120,121,122,123,90,125,126,127,128,129,130,131,132,133,134,135,136,137,138,139,140,141,142,143,144,145,146,147,148,149,150,151,152,153,154,155,156,157,158,159,160,161,162,163,164,165,166,167,168,169,170,171,172,173,174,175,176,177,178,179,180,181,182,183,184,185,186,187,188,189,190,191,192,193,194,195,196,197,198,199];False
7188;9211;16399;[25,52,93,3,26,43,18,30,124,9,4,1,12,32,14,15,16,60,64,19,81,41,22,23,24,69,5,27,28,56,63,31,29,33,17,35,74,37,38,39,40,49,42,7,44,45,86,47,48,21,50,51,0,11,54,55,6,57,58,59,2,36,62,67,13,46,66,10,68,20,70,71,72,65,76,75,151,77,53,79,80,61,82,83,84,85,92,87,88,89,73,91,109,8,94,95,96,97,98,99,100,101,102,103,104,105,106,107,108,78,110,111,112,113,114,115,116,117,118,119,120,121,122,123,90,125,126,127,128,129,130,131,132,133,134,135,136,137,138,139,140,141,142,143,144,145,146,147,148,149,150,34,152,153,154,155,156,157,158,159,160,161,162,163,164,165,166,167,168,169,170,171,172,173,174,175,176,177,178,179,180,181,182,183,184,185,186,187,188,189,190,191,192,193,194,195,196,197,198,199];False
7221;9196;16417;[95,52,93,3,26,43,18,30,124,9,4,1,12,32,14,15,16,60,64,19,25,41,22,23,24,69,5,27,28,56,63,31,29,33,17,35,74,37,38,39,40,49,42,7,44,45,86,47,48,21,50,51,0,11,54,55,6,57,58,59,2,36,62,67,13,46,66,10,68,20,70,71,72,65,76,75,151,77,53,79,80,61,82,83,84,85,92,87,88,89,73,91,109,8,94,81,96,97,98,99,100,101,102,103,104,105,106,107,108,78,110,111,112,113,114,115,116,117,118,119,120,121,122,123,90,125,126,127,128,129,130,131,132,133,134,135,136,137,138,139,140,141,142,143,144,145,146,147,148,149,150,34,152,153,154,155,156,157,158,159,160,161,162,163,164,165,166,167,168,169,170,171,172,173,174,175,176,177,178,179,180,181,182,183,184,185,186,187,188,189,190,191,192,193,194,195,196,197,198,199];False
7133;9191;16324;[96,52,93,3,26,43,18,30,124,9,4,1,12,32,14,15,16,60,64,19,25,41,22,23,24,69,5,27,28,56,63,31,29,33,17,35,74,37,38,39,40,49,42,7,44,45,86,47,48,21,50,51,0,11,54,55,6,57,58,59,2,36,62,67,13,46,66,10,68,20,70,71,72,65,76,75,151,77,53,79,80,61,82,83,84,85,92,87,88,89,73,91,109,8,94,95,81,97,98,99,100,101,102,103,104,105,106,107,108,78,110,111,112,113,114,115,116,117,118,119,120,121,122,123,90,125,126,127,128,129,130,131,132,133,134,135,136,137,138,139,140,141,142,143,144,145,146,147,148,149,150,34,152,153,154,155,156,157,158,159,160,161,162,163,164,165,166,167,168,169,170,171,172,173,174,175,176,177,178,179,180,181,182,183,184,185,186,187,188,189,190,191,192,193,194,195,196,197,198,199];False
7238;9166;16404;[6,52,93,3,26,96,18,30,124,9,4,1,12,32,14,15,16,60,64,19,25,41,22,23,24,69,5,27,28,56,63,31,29,33,17,35,36,37,38,39,40,49,42,7,44,45,86,47,48,21,50,51,0,11,54,55,43,57,58,59,2,61,62,67,13,46,66,10,68,20,70,71,72,65,76,75,151,77,53,79,80,74,82,83,84,85,92,87,88,89,73,91,109,8,94,95,81,97,98,99,100,101,102,103,104,105,106,107,108,78,110,111,112,113,114,115,116,117,118,119,120,121,122,123,90,125,126,127,128,129,130,131,132,133,134,135,136,137,138,139,140,141,142,143,144,145,146,147,148,149,150,34,152,153,154,155,156,157,158,159,160,161,162,163,164,165,166,167,168,169,170,171,172,173,174,175,176,177,178,179,180,181,182,183,184,185,186,187,188,189,190,191,192,193,194,195,196,197,198,199];False
7212;9181;16393;[106,52,93,3,26,96,18,30,124,9,4,1,12,32,14,15,16,60,64,19,25,41,22,23,24,69,5,27,28,56,63,31,29,33,17,35,36,37,38,39,40,49,42,7,44,45,86,47,48,21,50,51,0,11,54,55,6,57,58,59,2,61,62,67,13,46,66,10,68,20,70,71,72,65,76,75,151,77,53,79,80,74,82,83,84,85,92,87,88,89,73,91,109,8,94,95,81,97,98,99,100,101,102,103,104,105,43,107,108,78,110,111,112,113,114,115,116,117,118,119,120,121,122,123,90,125,126,127,128,129,130,131,132,133,134,135,136,137,138,139,140,141,142,143,144,145,146,147,148,149,150,34,152,153,154,155,156,157,158,159,160,161,162,163,164,165,166,167,168,169,170,171,172,173,174,175,176,177,178,179,180,181,182,183,184,185,186,187,188,189,190,191,192,193,194,195,196,197,198,199];False
7225;9119;16344;[43,52,93,3,26,96,18,30,124,9,4,1,12,32,14,15,16,60,64,19,25,41,22,23,24,69,5,27,28,56,63,31,29,33,17,35,36,37,38,39,40,49,42,7,44,45,86,47,48,21,50,51,0,11,54,55,6,57,58,59,2,61,84,67,13,46,66,10,68,20,70,71,72,65,74,75,151,77,53,79,80,62,82,83,76,85,92,87,88,89,73,91,109,8,94,95,81,97,98,99,100,101,102,103,104,105,106,107,108,78,110,111,112,113,114,115,116,117,118,119,120,121,122,123,90,125,126,127,128,129,130,131,132,133,134,135,136,137,138,139,140,141,142,143,144,145,146,147,148,149,150,34,152,153,154,155,156,157,158,159,160,161,162,163,164,165,166,167,168,169,170,171,172,173,174,175,176,177,178,179,180,181,182,183,184,185,186,187,188,189,190,191,192,193,194,195,196,197,198,199];False
8058;8852;16910;[30,141,11,3,26,43,12,18,25,9,4,1,46,32,14,15,124,8,16,19,61,41,22,23,24,69,5,27,28,56,63,31,29,33,17,35,36,37,38,39,40,49,42,7,44,45,60,47,48,21,92,51,53,13,54,55,6,57,58,59,2,0,62,96,64,10,66,117,68,20,70,71,72,65,74,75,67,77,76,79,80,81,82,83,52,85,86,87,88,89,73,91,78,93,94,95,84,97,98,99,100,101,102,103,104,105,106,107,108,109,110,111,112,113,114,115,116,34,118,119,120,121,122,123,90,125,126,127,128,129,130,131,132,133,134,135,136,137,138,139,140,50,142,143,144,145,146,147,148,149,150,151,152,153,154,155,156,157,158,159,160,161,162,163,164,165,166,167,168,169,170,171,172,173,174,175,176,177,178,179,180,181,182,183,184,185,186,187,188,189,190,191,192,193,194,195,196,197,198,199];False
8281;8847;17128;[22,141,11,3,26,43,12,30,25,9,4,1,46,32,14,15,124,8,16,19,61,41,18,23,24,69,5,27,28,56,63,31,29,33,17,35,36,37,38,39,40,49,42,7,44,45,60,47,48,21,92,51,53,13,54,55,6,57,58,59,2,0,62,96,64,10,66,117,68,20,70,71,72,65,74,75,67,77,76,79,80,81,82,83,52,85,86,87,88,89,73,91,78,93,94,95,84,97,98,99,100,101,102,103,104,105,106,107,108,109,110,111,112,113,114,115,116,34,118,119,120,121,122,123,90,125,126,127,128,129,130,131,132,133,134,135,136,137,138,139,140,50,142,143,144,145,146,147,148,149,150,151,152,153,154,155,156,157,158,159,160,161,162,163,164,165,166,167,168,169,170,171,172,173,174,175,176,177,178,179,180,181,182,183,184,185,186,187,188,189,190,191,192,193,194,195,196,197,198,199];False
8117;8848;16965;[40,141,11,3,26,43,12,30,25,9,4,1,46,32,14,15,124,8,16,19,61,41,22,23,24,69,5,27,28,56,63,31,29,33,17,35,36,37,38,39,18,49,42,7,44,45,60,47,48,21,92,51,53,13,54,55,6,57,58,59,2,0,62,96,64,10,66,117,68,20,70,71,72,65,74,75,67,77,76,79,80,81,82,83,52,85,86,87,88,89,73,91,78,93,94,95,84,97,98,99,100,101,102,103,104,105,106,107,108,109,110,111,112,113,114,115,116,34,118,119,120,121,122,123,90,125,126,127,128,129,130,131,132,133,134,135,136,137,138,139,140,50,142,143,144,145,146,147,148,149,150,151,152,153,154,155,156,157,158,159,160,161,162,163,164,165,166,167,168,169,170,171,172,173,174,175,176,177,178,179,180,181,182,183,184,185,186,187,188,189,190,191,192,193,194,195,196,197,198,199];False
7932;8854;16786;[60,141,11,3,26,43,18,30,25,9,4,1,12,32,46,15,124,8,16,14,61,41,22,23,24,69,5,27,28,56,63,31,29,33,17,35,36,37,38,39,40,49,42,7,44,45,19,47,48,21,92,51,53,13,54,55,6,57,58,59,2,0,62,96,64,10,66,117,68,20,70,71,72,65,74,75,67,77,76,79,80,81,82,83,52,85,86,87,88,89,73,91,78,93,94,95,84,97,98,99,100,101,102,103,104,105,106,107,108,109,110,111,112,113,114,115,116,34,118,119,120,121,122,123,90,125,126,127,128,129,130,131,132,133,134,135,136,137,138,139,140,50,142,143,144,145,146,147,148,149,150,151,152,153,154,155,156,157,158,159,160,161,162,163,164,165,166,167,168,169,170,171,172,173,174,175,176,177,178,179,180,181,182,183,184,185,186,187,188,189,190,191,192,193,194,195,196,197,198,199];False
7886;8873;16759;[60,141,11,3,26,43,18,30,25,9,4,1,12,32,14,15,124,46,16,8,61,41,22,23,24,69,5,27,28,56,63,31,29,33,17,35,36,37,38,39,40,49,42,7,44,45,19,47,48,21,92,51,53,13,54,55,6,57,58,59,2,0,62,96,64,10,66,117,68,20,70,71,72,65,74,75,67,77,76,79,80,81,82,83,52,85,86,87,88,89,73,91,78,93,94,95,84,97,98,99,100,101,102,103,104,105,106,107,108,109,110,111,112,113,114,115,116,34,118,119,120,121,122,123,90,125,126,127,128,129,130,131,132,133,134,135,136,137,138,139,140,50,142,143,144,145,146,147,148,149,150,151,152,153,154,155,156,157,158,159,160,161,162,163,164,165,166,167,168,169,170,171,172,173,174,175,176,177,178,179,180,181,182,183,184,185,186,187,188,189,190,191,192,193,194,195,196,197,198,199];False
7871;8875;16746;[12,141,11,3,26,43,18,30,25,9,4,1,35,32,14,15,124,46,16,19,61,41,22,23,24,69,5,27,28,56,63,31,29,33,17,8,36,37,38,39,40,49,42,7,44,45,60,47,48,21,92,51,53,13,54,55,6,57,58,59,2,0,62,96,64,10,66,117,68,20,70,71,72,65,74,75,67,77,76,79,80,81,82,83,52,85,86,87,88,89,73,91,78,93,94,95,84,97,98,99,100,101,102,103,104,105,106,107,108,109,110,111,112,113,114,115,116,34,118,119,120,121,122,123,90,125,126,127,128,129,130,131,132,133,134,135,136,137,138,139,140,50,142,143,144,145,146,147,148,149,150,151,152,153,154,155,156,157,158,159,160,161,162,163,164,165,166,167,168,169,170,171,172,173,174,175,176,177,178,179,180,181,182,183,184,185,186,187,188,189,190,191,192,193,194,195,196,197,198,199];False
7750;8898;16648;[16,141,11,3,26,43,18,30,25,9,4,1,12,32,14,15,124,46,35,19,61,41,22,23,24,69,5,27,28,56,63,31,29,33,17,8,36,37,38,39,40,49,42,7,44,45,60,47,48,21,92,51,53,13,54,55,6,57,58,59,2,0,62,96,64,10,66,117,68,20,70,71,72,65,74,75,67,77,76,79,80,81,82,83,52,85,86,87,88,89,73,91,78,93,94,95,84,97,98,99,100,101,102,103,104,105,106,107,108,109,110,111,112,113,114,115,116,34,118,119,120,121,122,123,90,125,126,127,128,129,130,131,132,133,134,135,136,137,138,139,140,50,142,143,144,145,146,147,148,149,150,151,152,153,154,155,156,157,158,159,160,161,162,163,164,165,166,167,168,169,170,171,172,173,174,175,176,177,178,179,180,181,182,183,184,185,186,187,188,189,190,191,192,193,194,195,196,197,198,199];False
7830;8875;16705;[19,141,11,3,26,43,18,30,25,9,4,1,12,32,14,15,124,46,16,35,61,41,22,23,24,69,5,27,28,56,63,31,29,33,17,8,36,37,38,39,40,49,42,7,44,45,60,47,48,21,92,51,53,13,54,55,6,57,58,59,2,0,62,96,64,10,66,117,68,20,70,71,72,65,74,75,67,77,76,79,80,81,82,83,52,85,86,87,88,89,73,91,78,93,94,95,84,97,98,99,100,101,102,103,104,105,106,107,108,109,110,111,112,113,114,115,116,34,118,119,120,121,122,123,90,125,126,127,128,129,130,131,132,133,134,135,136,137,138,139,140,50,142,143,144,145,146,147,148,149,150,151,152,153,154,155,156,157,158,159,160,161,162,163,164,165,166,167,168,169,170,171,172,173,174,175,176,177,178,179,180,181,182,183,184,185,186,187,188,189,190,191,192,193,194,195,196,197,198,199];False
7869;8868;16737;[60,141,11,3,26,43,18,30,25,9,4,1,12,32,14,15,124,46,16,19,61,41,22,23,24,69,5,27,28,56,63,31,29,33,17,8,36,37,38,39,40,49,42,7,44,45,35,47,48,21,92,51,53,13,54,55,6,57,58,59,2,0,62,96,64,10,66,117,68,20,70,71,72,65,74,75,67,77,76,79,80,81,82,83,52,85,86,87,88,89,73,91,78,93,94,95,84,97,98,99,100,101,102,103,104,105,106,107,108,109,110,111,112,113,114,115,116,34,118,119,120,121,122,123,90,125,126,127,128,129,130,131,132,133,134,135,136,137,138,139,140,50,142,143,144,145,146,147,148,149,150,151,152,153,154,155,156,157,158,159,160,161,162,163,164,165,166,167,168,169,170,171,172,173,174,175,176,177,178,179,180,181,182,183,184,185,186,187,188,189,190,191,192,193,194,195,196,197,198,199];False
7787;8896;16683;[53,141,11,3,26,43,18,30,25,9,4,1,12,32,14,15,124,46,16,19,61,41,22,23,24,69,5,27,28,56,63,31,29,33,17,8,36,37,38,39,40,49,42,7,44,45,60,47,48,21,92,51,35,13,54,55,6,57,58,59,2,0,62,96,64,10,66,117,68,20,70,71,72,65,74,75,67,77,76,79,80,81,82,83,52,85,86,87,88,89,73,91,78,93,94,95,84,97,98,99,100,101,102,103,104,105,106,107,108,109,110,111,112,113,114,115,116,34,118,119,120,121,122,123,90,125,126,127,128,129,130,131,132,133,134,135,136,137,138,139,140,50,142,143,144,145,146,147,148,149,150,151,152,153,154,155,156,157,158,159,160,161,162,163,164,165,166,167,168,169,170,171,172,173,174,175,176,177,178,179,180,181,182,183,184,185,186,187,188,189,190,191,192,193,194,195,196,197,198,199];False
7852;8853;16705;[82,141,11,3,26,43,18,30,25,9,4,1,12,32,14,15,124,46,16,19,61,41,22,23,24,69,5,27,28,56,63,31,29,33,17,8,36,37,38,39,40,49,42,7,44,45,60,47,48,21,92,51,53,13,54,55,6,57,58,59,2,0,62,96,64,10,66,117,68,20,70,71,72,65,74,75,67,77,76,79,80,81,35,83,52,85,86,87,88,89,73,91,78,93,94,95,84,97,98,99,100,101,102,103,104,105,106,107,108,109,110,111,112,113,114,115,116,34,118,119,120,121,122,123,90,125,126,127,128,129,130,131,132,133,134,135,136,137,138,139,140,50,142,143,144,145,146,147,148,149,150,151,152,153,154,155,156,157,158,159,160,161,162,163,164,165,166,167,168,169,170,171,172,173,174,175,176,177,178,179,180,181,182,183,184,185,186,187,188,189,190,191,192,193,194,195,196,197,198,199];False
7828;8865;16693;[86,141,11,3,26,43,18,30,25,9,4,1,12,32,14,15,124,46,16,19,61,41,22,23,24,69,5,27,28,56,63,31,29,33,17,8,36,37,38,39,40,49,42,7,44,45,60,47,48,21,92,51,53,13,54,55,6,57,58,59,2,0,62,96,64,10,66,117,68,20,70,71,72,65,74,75,67,77,76,79,80,81,82,83,52,85,35,87,88,89,73,91,78,93,94,95,84,97,98,99,100,101,102,103,104,105,106,107,108,109,110,111,112,113,114,115,116,34,118,119,120,121,122,123,90,125,126,127,128,129,130,131,132,133,134,135,136,137,138,139,140,50,142,143,144,145,146,147,148,149,150,151,152,153,154,155,156,157,158,159,160,161,162,163,164,165,166,167,168,169,170,171,172,173,174,175,176,177,178,179,180,181,182,183,184,185,186,187,188,189,190,191,192,193,194,195,196,197,198,199];False
7779;8856;16635;[78,141,11,3,26,43,18,30,25,9,4,1,12,32,14,15,124,46,16,19,61,41,22,23,24,69,5,27,28,56,63,31,29,33,17,8,36,37,38,39,40,49,42,7,44,45,60,47,48,21,92,51,53,13,54,55,6,57,58,59,2,0,62,96,64,10,66,117,68,20,70,71,72,65,74,75,67,77,76,79,80,81,82,83,52,85,86,87,88,89,73,91,35,93,94,95,84,97,98,99,100,101,102,103,104,105,106,107,108,109,110,111,112,113,114,115,116,34,118,119,120,121,122,123,90,125,126,127,128,129,130,131,132,133,134,135,136,137,138,139,140,50,142,143,144,145,146,147,148,149,150,151,152,153,154,155,156,157,158,159,160,161,162,163,164,165,166,167,168,169,170,171,172,173,174,175,176,177,178,179,180,181,182,183,184,185,186,187,188,189,190,191,192,193,194,195,196,197,198,199];False
7748;8893;16641;[14,141,11,3,26,43,18,30,25,105,4,1,12,32,9,15,124,8,16,19,61,41,22,23,24,69,5,27,28,56,63,31,29,33,17,35,36,37,38,39,40,49,42,7,44,45,60,47,48,21,92,51,53,13,54,55,6,57,58,59,2,0,62,46,64,10,66,117,68,20,70,71,72,65,74,75,67,77,76,79,80,81,82,83,52,85,86,87,88,89,73,91,78,93,94,95,84,97,98,96,100,101,102,103,104,99,106,107,108,109,110,111,112,113,114,115,116,34,118,119,120,121,122,123,90,125,126,127,128,129,130,131,132,133,134,135,136,137,138,139,140,50,142,143,144,145,146,147,148,149,150,151,152,153,154,155,156,157,158,159,160,161,162,163,164,165,166,167,168,169,170,171,172,173,174,175,176,177,178,179,180,181,182,183,184,185,186,187,188,189,190,191,192,193,194,195,196,197,198,199];False
7659;8898;16557;[8,141,11,3,26,43,18,30,25,105,4,1,12,32,14,15,124,9,16,19,61,41,22,23,24,69,5,27,28,56,63,31,29,33,17,35,36,37,38,39,40,49,42,7,44,45,60,47,48,21,92,51,53,13,54,55,6,57,58,59,2,0,62,46,64,10,66,117,68,20,70,71,72,65,74,75,67,77,76,79,80,81,82,83,52,85,86,87,88,89,73,91,78,93,94,95,84,97,98,96,100,101,102,103,104,99,106,107,108,109,110,111,112,113,114,115,116,34,118,119,120,121,122,123,90,125,126,127,128,129,130,131,132,133,134,135,136,137,138,139,140,50,142,143,144,145,146,147,148,149,150,151,152,153,154,155,156,157,158,159,160,161,162,163,164,165,166,167,168,169,170,171,172,173,174,175,176,177,178,179,180,181,182,183,184,185,186,187,188,189,190,191,192,193,194,195,196,197,198,199];False
7565;8943;16508;[14,141,11,3,26,43,18,30,25,9,4,1,12,32,85,15,124,8,16,19,61,41,22,23,24,69,5,27,28,56,63,31,29,33,17,35,36,95,38,39,40,49,42,7,44,45,60,47,48,21,92,51,53,13,54,55,6,57,58,59,2,0,62,46,64,10,66,117,68,20,70,71,72,65,74,75,67,77,76,79,80,81,82,83,84,37,86,87,88,89,73,91,78,93,94,114,96,97,98,99,100,101,102,52,104,105,106,107,108,109,110,111,112,113,103,115,116,34,118,119,120,121,122,123,90,125,126,127,128,129,130,131,132,133,134,135,136,137,138,139,140,50,142,143,144,145,146,147,148,149,150,151,152,153,154,155,156,157,158,159,160,161,162,163,164,165,166,167,168,169,170,171,172,173,174,175,176,177,178,179,180,181,182,183,184,185,186,187,188,189,190,191,192,193,194,195,196,197,198,199];False
7574;8938;16512;[16,141,11,3,26,43,18,30,25,9,4,1,12,32,14,15,124,8,85,19,61,41,22,23,24,69,5,27,28,56,63,31,29,33,17,35,36,95,38,39,40,49,42,7,44,45,60,47,48,21,92,51,53,13,54,55,6,57,58,59,2,0,62,46,64,10,66,117,68,20,70,71,72,65,74,75,67,77,76,79,80,81,82,83,84,37,86,87,88,89,73,91,78,93,94,114,96,97,98,99,100,101,102,52,104,105,106,107,108,109,110,111,112,113,103,115,116,34,118,119,120,121,122,123,90,125,126,127,128,129,130,131,132,133,134,135,136,137,138,139,140,50,142,143,144,145,146,147,148,149,150,151,152,153,154,155,156,157,158,159,160,161,162,163,164,165,166,167,168,169,170,171,172,173,174,175,176,177,178,179,180,181,182,183,184,185,186,187,188,189,190,191,192,193,194,195,196,197,198,199];False
7524;8943;16467;[39,141,11,3,26,43,18,30,25,9,4,1,12,32,14,15,124,8,16,19,61,41,22,23,24,69,5,27,28,56,63,31,29,33,17,35,36,95,38,85,40,49,42,7,44,45,60,47,48,21,92,51,53,13,54,55,6,57,58,59,2,0,62,46,64,10,66,117,68,20,70,71,72,65,74,75,67,77,76,79,80,81,82,83,84,37,86,87,88,89,73,91,78,93,94,114,96,97,98,99,100,101,102,52,104,105,106,107,108,109,110,111,112,113,103,115,116,34,118,119,120,121,122,123,90,125,126,127,128,129,130,131,132,133,134,135,136,137,138,139,140,50,142,143,144,145,146,147,148,149,150,151,152,153,154,155,156,157,158,159,160,161,162,163,164,165,166,167,168,169,170,171,172,173,174,175,176,177,178,179,180,181,182,183,184,185,186,187,188,189,190,191,192,193,194,195,196,197,198,199];False
7582;8921;16503;[60,141,11,3,26,43,18,30,25,9,4,1,12,32,14,15,124,8,16,19,61,41,22,23,24,69,5,27,28,56,63,31,29,33,17,35,36,95,38,39,40,49,42,7,44,45,100,47,48,21,92,51,53,13,54,55,6,57,58,59,2,0,62,46,64,10,66,117,68,20,70,71,72,65,74,75,67,77,76,79,80,81,82,83,84,85,86,87,88,89,73,91,78,93,94,114,96,97,98,99,37,101,102,52,104,105,106,107,108,109,110,111,112,113,103,115,116,34,118,119,120,121,122,123,90,125,126,127,128,129,130,131,132,133,134,135,136,137,138,139,140,50,142,143,144,145,146,147,148,149,150,151,152,153,154,155,156,157,158,159,160,161,162,163,164,165,166,167,168,169,170,171,172,173,174,175,176,177,178,179,180,181,182,183,184,185,186,187,188,189,190,191,192,193,194,195,196,197,198,199];False
7494;9007;16501;[20,52,11,3,26,43,18,30,25,9,75,1,12,32,14,15,124,8,16,19,61,41,22,23,24,69,5,27,28,56,63,31,29,33,17,35,36,37,60,39,40,49,42,7,44,45,86,47,48,21,50,51,53,13,54,55,6,57,58,59,2,0,62,46,64,10,66,117,68,4,70,71,72,65,74,84,67,77,80,79,38,81,82,83,76,85,92,87,88,89,73,91,78,93,94,95,96,97,98,99,100,101,102,103,104,105,106,107,108,109,110,111,112,113,114,115,116,34,118,119,120,121,122,123,90,125,126,127,128,129,130,131,132,133,134,135,136,137,138,139,140,141,142,143,144,145,146,147,148,149,150,151,152,153,154,155,156,157,158,159,160,161,162,163,164,165,166,167,168,169,170,171,172,173,174,175,176,177,178,179,180,181,182,183,184,185,186,187,188,189,190,191,192,193,194,195,196,197,198,199];False
7463;9013;16476;[74,52,11,3,26,43,18,30,25,9,75,1,12,32,14,15,124,8,16,19,61,41,22,23,24,69,5,27,28,56,63,31,29,33,17,35,36,37,60,39,40,49,42,7,44,45,86,47,48,21,50,51,53,13,54,55,6,57,58,59,2,0,62,46,64,10,66,117,68,20,70,71,72,65,4,84,67,77,80,79,38,81,82,83,76,85,92,87,88,89,73,91,78,93,94,95,96,97,98,99,100,101,102,103,104,105,106,107,108,109,110,111,112,113,114,115,116,34,118,119,120,121,122,123,90,125,126,127,128,129,130,131,132,133,134,135,136,137,138,139,140,141,142,143,144,145,146,147,148,149,150,151,152,153,154,155,156,157,158,159,160,161,162,163,164,165,166,167,168,169,170,171,172,173,174,175,176,177,178,179,180,181,182,183,184,185,186,187,188,189,190,191,192,193,194,195,196,197,198,199];False
7403;9001;16404;[73,52,11,3,26,43,18,30,25,9,75,1,12,32,14,15,124,8,16,19,61,41,22,23,24,69,5,27,28,56,63,31,29,33,17,35,36,37,60,39,40,49,42,7,44,45,86,47,48,21,50,51,53,13,54,55,6,57,58,59,2,0,62,46,64,10,66,117,68,20,70,71,72,65,74,84,67,77,80,79,38,81,82,83,76,85,92,87,88,89,4,91,78,93,94,95,96,97,98,99,100,101,102,103,104,105,106,107,108,109,110,111,112,113,114,115,116,34,118,119,120,121,122,123,90,125,126,127,128,129,130,131,132,133,134,135,136,137,138,139,140,141,142,143,144,145,146,147,148,149,150,151,152,153,154,155,156,157,158,159,160,161,162,163,164,165,166,167,168,169,170,171,172,173,174,175,176,177,178,179,180,181,182,183,184,185,186,187,188,189,190,191,192,193,194,195,196,197,198,199];False
7303;9102;16405;[25,52,11,3,26,43,18,30,8,9,4,1,12,32,14,15,124,94,16,19,61,41,22,23,24,69,5,27,28,56,63,31,29,33,17,35,36,37,60,39,40,49,42,7,44,45,86,47,48,21,50,51,53,13,54,55,6,57,58,59,2,0,62,46,64,10,66,117,68,20,70,71,72,65,74,75,67,77,80,79,38,81,82,83,76,85,92,87,88,89,73,91,78,93,84,95,96,97,98,99,100,101,102,103,104,105,106,107,108,109,110,111,112,113,114,115,116,34,118,119,120,121,122,123,90,125,126,127,128,129,130,131,132,133,134,135,136,137,138,139,140,141,142,143,144,145,146,147,148,149,150,151,152,153,154,155,156,157,158,159,160,161,162,163,164,165,166,167,168,169,170,171,172,173,174,175,176,177,178,179,180,181,182,183,184,185,186,187,188,189,190,191,192,193,194,195,196,197,198,199];False
7360;9055;16415;[16,52,11,3,26,43,18,30,25,9,4,1,12,32,14,15,124,94,8,19,61,41,22,23,24,69,5,27,28,56,63,31,29,33,17,35,36,37,60,39,40,49,42,7,44,45,86,47,48,21,50,51,53,13,54,55,6,57,58,59,2,0,62,46,64,10,66,117,68,20,70,71,72,65,74,75,67,77,80,79,38,81,82,83,76,85,92,87,88,89,73,91,78,93,84,95,96,97,98,99,100,101,102,103,104,105,106,107,108,109,110,111,112,113,114,115,116,34,118,119,120,121,122,123,90,125,126,127,128,129,130,131,132,133,134,135,136,137,138,139,140,141,142,143,144,145,146,147,148,149,150,151,152,153,154,155,156,157,158,159,160,161,162,163,164,165,166,167,168,169,170,171,172,173,174,175,176,177,178,179,180,181,182,183,184,185,186,187,188,189,190,191,192,193,194,195,196,197,198,199];False
7400;9043;16443;[72,52,11,3,26,43,18,30,25,9,4,1,12,32,14,15,124,94,16,19,61,41,22,23,24,69,5,27,28,56,63,31,29,33,17,35,36,37,60,39,40,49,42,7,44,45,86,47,48,21,50,51,53,13,54,55,6,57,58,59,2,0,62,46,64,10,66,117,68,20,70,71,8,65,74,75,67,77,80,79,38,81,82,83,76,85,92,87,88,89,73,91,78,93,84,95,96,97,98,99,100,101,102,103,104,105,106,107,108,109,110,111,112,113,114,115,116,34,118,119,120,121,122,123,90,125,126,127,128,129,130,131,132,133,134,135,136,137,138,139,140,141,142,143,144,145,146,147,148,149,150,151,152,153,154,155,156,157,158,159,160,161,162,163,164,165,166,167,168,169,170,171,172,173,174,175,176,177,178,179,180,181,182,183,184,185,186,187,188,189,190,191,192,193,194,195,196,197,198,199];False
7376;9037;16413;[73,52,11,3,26,43,18,30,25,9,4,1,12,32,14,15,124,94,16,19,61,41,22,23,24,69,5,27,28,56,63,31,29,33,17,35,36,37,60,39,40,49,42,7,44,45,86,47,48,21,50,51,53,13,54,55,6,57,58,59,2,0,62,46,64,10,66,117,68,20,70,71,72,65,74,75,67,77,80,79,38,81,82,83,76,85,92,87,88,89,8,91,78,93,84,95,96,97,98,99,100,101,102,103,104,105,106,107,108,109,110,111,112,113,114,115,116,34,118,119,120,121,122,123,90,125,126,127,128,129,130,131,132,133,134,135,136,137,138,139,140,141,142,143,144,145,146,147,148,149,150,151,152,153,154,155,156,157,158,159,160,161,162,163,164,165,166,167,168,169,170,171,172,173,174,175,176,177,178,179,180,181,182,183,184,185,186,187,188,189,190,191,192,193,194,195,196,197,198,199];False
7260;9077;16337;[93,52,11,3,26,43,18,30,25,9,4,1,12,32,14,15,124,94,16,19,61,41,22,23,24,69,5,27,28,56,63,31,29,33,17,35,36,37,60,39,40,49,42,7,44,45,86,47,48,21,50,51,53,13,54,55,6,57,58,59,2,0,62,46,64,10,66,117,68,20,70,71,72,65,74,75,67,77,80,79,38,81,82,83,76,85,92,87,88,89,73,91,78,8,84,95,96,97,98,99,100,101,102,103,104,105,106,107,108,109,110,111,112,113,114,115,116,34,118,119,120,121,122,123,90,125,126,127,128,129,130,131,132,133,134,135,136,137,138,139,140,141,142,143,144,145,146,147,148,149,150,151,152,153,154,155,156,157,158,159,160,161,162,163,164,165,166,167,168,169,170,171,172,173,174,175,176,177,178,179,180,181,182,183,184,185,186,187,188,189,190,191,192,193,194,195,196,197,198,199];False
7393;9030;16423;[84,52,11,3,26,43,18,30,25,9,4,1,12,32,14,15,124,94,16,19,61,41,22,23,24,69,5,27,28,56,63,31,29,33,17,35,36,37,60,39,40,49,42,7,44,45,86,47,48,21,50,51,53,13,54,55,6,57,58,59,2,0,62,46,64,10,66,117,68,20,70,71,72,65,74,75,67,77,80,79,38,81,82,83,76,85,92,87,88,89,73,91,78,93,8,95,96,97,98,99,100,101,102,103,104,105,106,107,108,109,110,111,112,113,114,115,116,34,118,119,120,121,122,123,90,125,126,127,128,129,130,131,132,133,134,135,136,137,138,139,140,141,142,143,144,145,146,147,148,149,150,151,152,153,154,155,156,157,158,159,160,161,162,163,164,165,166,167,168,169,170,171,172,173,174,175,176,177,178,179,180,181,182,183,184,185,186,187,188,189,190,191,192,193,194,195,196,197,198,199];False
7299;9055;16354;[96,52,11,3,26,43,18,30,25,9,4,1,12,32,14,15,124,94,16,19,61,41,22,23,24,69,5,27,28,56,63,31,29,33,17,35,36,37,60,39,40,49,42,7,44,45,86,47,48,21,50,51,53,13,54,55,6,57,58,59,2,0,62,46,64,10,66,117,68,20,70,71,72,65,74,75,67,77,80,79,38,81,82,83,76,85,92,87,88,89,73,91,78,93,84,95,8,97,98,99,100,101,102,103,104,105,106,107,108,109,110,111,112,113,114,115,116,34,118,119,120,121,122,123,90,125,126,127,128,129,130,131,132,133,134,135,136,137,138,139,140,141,142,143,144,145,146,147,148,149,150,151,152,153,154,155,156,157,158,159,160,161,162,163,164,165,166,167,168,169,170,171,172,173,174,175,176,177,178,179,180,181,182,183,184,185,186,187,188,189,190,191,192,193,194,195,196,197,198,199];False
7112;9191;16303;[43,52,93,3,26,96,18,30,124,9,4,1,12,32,14,15,16,60,64,19,25,41,22,23,24,69,5,27,28,56,63,31,29,33,17,35,74,37,38,39,40,49,42,7,44,45,86,47,48,21,50,51,0,11,54,55,6,57,58,59,2,36,62,67,13,46,66,10,68,20,70,71,72,65,76,75,151,77,53,79,80,61,82,83,84,85,92,87,88,89,73,91,109,8,94,95,81,97,98,99,100,101,102,103,104,105,106,107,108,78,110,111,112,113,114,115,116,117,118,119,120,121,122,123,90,125,126,127,128,129,130,131,132,133,134,135,136,137,138,139,140,141,142,143,144,145,146,147,148,149,150,34,152,153,154,155,156,157,158,159,160,161,162,163,164,165,166,167,168,169,170,171,172,173,174,175,176,177,178,179,180,181,182,183,184,185,186,187,188,189,190,191,192,193,194,195,196,197,198,199];False
7206;9189;16395;[0,52,93,3,26,96,18,30,124,9,4,1,12,32,14,15,16,60,64,19,25,41,22,23,24,69,5,27,28,56,63,31,29,33,17,35,36,37,38,39,40,49,42,7,44,45,86,47,48,21,50,51,106,11,54,55,6,57,58,59,2,61,62,67,13,46,66,10,68,20,70,71,72,65,76,75,151,77,53,79,80,74,82,83,84,85,92,87,88,89,73,91,109,8,94,95,81,97,98,99,100,101,102,103,104,105,43,107,108,78,110,111,112,113,114,115,116,117,118,119,120,121,122,123,90,125,126,127,128,129,130,131,132,133,134,135,136,137,138,139,140,141,142,143,144,145,146,147,148,149,150,34,152,153,154,155,156,157,158,159,160,161,162,163,164,165,166,167,168,169,170,171,172,173,174,175,176,177,178,179,180,181,182,183,184,185,186,187,188,189,190,191,192,193,194,195,196,197,198,199];False
7197;9176;16373;[73,52,93,3,26,96,18,30,124,9,4,1,12,32,14,15,16,60,64,19,25,41,22,23,24,69,5,27,28,56,63,31,29,33,17,35,36,37,38,39,40,49,42,7,44,45,86,47,48,21,50,51,0,11,54,55,6,57,58,59,2,61,62,67,13,46,66,10,68,20,70,71,72,65,76,75,151,77,53,79,80,74,82,83,84,85,92,87,88,89,106,91,109,8,94,95,81,97,98,99,100,101,102,103,104,105,43,107,108,78,110,111,112,113,114,115,116,117,118,119,120,121,122,123,90,125,126,127,128,129,130,131,132,133,134,135,136,137,138,139,140,141,142,143,144,145,146,147,148,149,150,34,152,153,154,155,156,157,158,159,160,161,162,163,164,165,166,167,168,169,170,171,172,173,174,175,176,177,178,179,180,181,182,183,184,185,186,187,188,189,190,191,192,193,194,195,196,197,198,199];False
7241;9100;16341;[6,52,93,3,26,96,18,30,124,9,4,1,12,32,14,15,16,60,64,19,25,41,22,23,24,69,5,27,28,56,63,31,29,33,17,35,36,37,38,39,40,49,42,7,44,45,86,47,48,21,50,51,0,11,54,55,43,57,58,59,2,61,84,67,13,46,66,10,68,20,70,71,72,65,74,75,151,77,53,79,80,62,82,83,76,85,92,87,88,89,73,91,109,8,94,95,81,97,98,99,100,101,102,103,104,105,106,107,108,78,110,111,112,113,114,115,116,117,118,119,120,121,122,123,90,125,126,127,128,129,130,131,132,133,134,135,136,137,138,139,140,141,142,143,144,145,146,147,148,149,150,34,152,153,154,155,156,157,158,159,160,161,162,163,164,165,166,167,168,169,170,171,172,173,174,175,176,177,178,179,180,181,182,183,184,185,186,187,188,189,190,191,192,193,194,195,196,197,198,199];False
7348;9052;16400;[53,52,93,3,26,96,18,30,124,9,4,1,12,32,14,15,16,60,64,19,25,41,22,23,24,69,5,27,28,56,63,31,29,33,17,35,36,37,38,39,40,49,42,7,44,45,86,47,48,21,50,51,0,11,54,55,6,57,58,59,2,61,84,67,13,46,66,10,68,20,70,71,72,65,74,75,151,77,43,79,80,62,82,83,76,85,92,87,88,89,73,91,109,8,94,95,81,97,98,99,100,101,102,103,104,105,106,107,108,78,110,111,112,113,114,115,116,117,118,119,120,121,122,123,90,125,126,127,128,129,130,131,132,133,134,135,136,137,138,139,140,141,142,143,144,145,146,147,148,149,150,34,152,153,154,155,156,157,158,159,160,161,162,163,164,165,166,167,168,169,170,171,172,173,174,175,176,177,178,179,180,181,182,183,184,185,186,187,188,189,190,191,192,193,194,195,196,197,198,199];False
7257;9096;16353;[80,52,93,3,26,96,18,30,124,9,4,1,12,32,14,15,16,60,64,19,25,41,22,23,24,69,5,27,28,56,63,31,29,33,17,35,36,37,38,39,40,49,42,7,44,45,86,47,48,21,50,51,0,11,54,55,6,57,58,59,2,61,84,67,13,46,66,10,68,20,70,71,72,65,74,75,151,77,53,79,43,62,82,83,76,85,92,87,88,89,73,91,109,8,94,95,81,97,98,99,100,101,102,103,104,105,106,107,108,78,110,111,112,113,114,115,116,117,118,119,120,121,122,123,90,125,126,127,128,129,130,131,132,133,134,135,136,137,138,139,140,141,142,143,144,145,146,147,148,149,150,34,152,153,154,155,156,157,158,159,160,161,162,163,164,165,166,167,168,169,170,171,172,173,174,175,176,177,178,179,180,181,182,183,184,185,186,187,188,189,190,191,192,193,194,195,196,197,198,199];False
7220;9149;16369;[104,52,93,3,26,96,18,30,124,9,4,1,12,32,14,15,16,60,64,19,25,41,22,23,24,69,5,27,28,56,63,31,29,33,17,35,36,37,38,39,40,49,42,7,44,45,86,47,48,21,50,51,0,11,54,55,6,57,58,59,2,61,84,67,13,46,66,10,68,20,70,71,72,65,74,75,151,77,53,79,80,62,82,83,76,85,92,87,88,89,73,91,109,8,94,95,81,97,98,99,100,101,102,103,43,105,106,107,108,78,110,111,112,113,114,115,116,117,118,119,120,121,122,123,90,125,126,127,128,129,130,131,132,133,134,135,136,137,138,139,140,141,142,143,144,145,146,147,148,149,150,34,152,153,154,155,156,157,158,159,160,161,162,163,164,165,166,167,168,169,170,171,172,173,174,175,176,177,178,179,180,181,182,183,184,185,186,187,188,189,190,191,192,193,194,195,196,197,198,199];False
7215;9115;16330;[106,52,93,3,26,96,18,30,124,9,4,1,12,32,14,15,16,60,64,19,25,41,22,23,24,69,5,27,28,56,63,31,29,33,17,35,36,37,38,39,40,49,42,7,44,45,86,47,48,21,50,51,0,11,54,55,6,57,58,59,2,61,84,67,13,46,66,10,68,20,70,71,72,65,74,75,151,77,53,79,80,62,82,83,76,85,92,87,88,89,73,91,109,8,94,95,81,97,98,99,100,101,102,103,104,105,43,107,108,78,110,111,112,113,114,115,116,117,118,119,120,121,122,123,90,125,126,127,128,129,130,131,132,133,134,135,136,137,138,139,140,141,142,143,144,145,146,147,148,149,150,34,152,153,154,155,156,157,158,159,160,161,162,163,164,165,166,167,168,169,170,171,172,173,174,175,176,177,178,179,180,181,182,183,184,185,186,187,188,189,190,191,192,193,194,195,196,197,198,199];False
8057;8836;16893;[49,141,11,3,26,43,12,18,25,9,4,1,46,32,14,15,124,8,16,19,61,41,22,23,24,69,5,27,28,56,63,31,29,33,17,35,36,37,38,39,40,30,42,7,44,45,60,47,48,21,92,51,53,13,54,55,6,57,58,59,2,0,62,96,64,10,66,117,68,20,70,71,72,65,74,75,67,77,76,79,80,81,82,83,52,85,86,87,88,89,73,91,78,93,94,95,84,97,98,99,100,101,102,103,104,105,106,107,108,109,110,111,112,113,114,115,116,34,118,119,120,121,122,123,90,125,126,127,128,129,130,131,132,133,134,135,136,137,138,139,140,50,142,143,144,145,146,147,148,149,150,151,152,153,154,155,156,157,158,159,160,161,162,163,164,165,166,167,168,169,170,171,172,173,174,175,176,177,178,179,180,181,182,183,184,185,186,187,188,189,190,191,192,193,194,195,196,197,198,199];False
7905;8836;16741;[75,141,11,3,26,43,18,30,25,9,4,1,12,32,14,15,124,46,16,19,61,41,22,23,24,69,5,27,28,56,63,31,29,33,17,8,36,37,38,39,40,49,42,7,44,45,60,47,48,21,92,51,53,13,54,55,6,57,58,59,2,0,62,96,64,10,66,117,68,20,70,71,72,65,74,82,67,77,76,79,80,81,35,83,52,85,86,87,88,89,73,91,78,93,94,95,84,97,98,99,100,101,102,103,104,105,106,107,108,109,110,111,112,113,114,115,116,34,118,119,120,121,122,123,90,125,126,127,128,129,130,131,132,133,134,135,136,137,138,139,140,50,142,143,144,145,146,147,148,149,150,151,152,153,154,155,156,157,158,159,160,161,162,163,164,165,166,167,168,169,170,171,172,173,174,175,176,177,178,179,180,181,182,183,184,185,186,187,188,189,190,191,192,193,194,195,196,197,198,199];False
7896;8840;16736;[91,141,11,3,26,43,18,30,25,9,4,1,12,32,14,15,124,46,16,19,61,41,22,23,24,69,5,27,28,56,63,31,29,33,17,8,36,37,38,39,40,49,42,7,44,45,60,47,48,21,92,51,53,13,54,55,6,57,58,59,2,0,62,96,64,10,66,117,68,20,70,71,72,65,74,75,67,77,76,79,80,81,35,83,52,85,86,87,88,89,73,82,78,93,94,95,84,97,98,99,100,101,102,103,104,105,106,107,108,109,110,111,112,113,114,115,116,34,118,119,120,121,122,123,90,125,126,127,128,129,130,131,132,133,134,135,136,137,138,139,140,50,142,143,144,145,146,147,148,149,150,151,152,153,154,155,156,157,158,159,160,161,162,163,164,165,166,167,168,169,170,171,172,173,174,175,176,177,178,179,180,181,182,183,184,185,186,187,188,189,190,191,192,193,194,195,196,197,198,199];False
7895;8848;16743;[78,141,11,3,26,43,18,30,25,9,4,1,12,32,14,15,124,46,16,19,61,41,22,23,24,69,5,27,28,56,63,31,29,33,17,8,36,37,38,39,40,49,42,7,44,45,60,47,48,21,92,51,53,13,54,55,6,57,58,59,2,0,62,96,64,10,66,117,68,20,70,71,72,65,74,75,67,77,76,79,80,81,35,83,52,85,86,87,88,89,73,91,82,93,94,95,84,97,98,99,100,101,102,103,104,105,106,107,108,109,110,111,112,113,114,115,116,34,118,119,120,121,122,123,90,125,126,127,128,129,130,131,132,133,134,135,136,137,138,139,140,50,142,143,144,145,146,147,148,149,150,151,152,153,154,155,156,157,158,159,160,161,162,163,164,165,166,167,168,169,170,171,172,173,174,175,176,177,178,179,180,181,182,183,184,185,186,187,188,189,190,191,192,193,194,195,196,197,198,199];False
7824;8849;16673;[99,141,11,3,26,43,18,30,25,9,4,1,12,32,14,15,124,46,16,19,61,41,22,23,24,69,5,27,28,56,63,31,29,33,17,8,36,37,38,39,40,49,42,7,44,45,60,47,48,21,92,51,53,13,54,55,6,57,58,59,2,0,62,96,64,10,66,117,68,20,70,71,72,65,74,75,67,77,76,79,80,81,35,83,52,85,86,87,88,89,73,91,78,93,94,95,84,97,98,82,100,101,102,103,104,105,106,107,108,109,110,111,112,113,114,115,116,34,118,119,120,121,122,123,90,125,126,127,128,129,130,131,132,133,134,135,136,137,138,139,140,50,142,143,144,145,146,147,148,149,150,151,152,153,154,155,156,157,158,159,160,161,162,163,164,165,166,167,168,169,170,171,172,173,174,175,176,177,178,179,180,181,182,183,184,185,186,187,188,189,190,191,192,193,194,195,196,197,198,199];False
7747;8894;16641;[16,141,11,3,26,43,18,30,25,9,4,1,12,32,14,15,124,46,78,19,61,41,22,23,24,69,5,27,28,56,63,31,29,33,17,8,36,37,38,39,40,49,42,7,44,45,60,47,48,21,92,51,53,13,54,55,6,57,58,59,2,0,62,96,64,10,66,117,68,20,70,71,72,65,74,75,67,77,76,79,80,81,82,83,52,85,86,87,88,89,73,91,35,93,94,95,84,97,98,99,100,101,102,103,104,105,106,107,108,109,110,111,112,113,114,115,116,34,118,119,120,121,122,123,90,125,126,127,128,129,130,131,132,133,134,135,136,137,138,139,140,50,142,143,144,145,146,147,148,149,150,151,152,153,154,155,156,157,158,159,160,161,162,163,164,165,166,167,168,169,170,171,172,173,174,175,176,177,178,179,180,181,182,183,184,185,186,187,188,189,190,191,192,193,194,195,196,197,198,199];False
7774;8883;16657;[77,141,11,3,26,43,18,30,25,9,4,1,12,32,14,15,124,46,16,19,61,41,22,23,24,69,5,27,28,56,63,31,29,33,17,8,36,37,38,39,40,49,42,7,44,45,60,47,48,21,92,51,53,13,54,55,6,57,58,59,2,0,62,96,64,10,66,117,68,20,70,71,72,65,74,75,67,78,76,79,80,81,82,83,52,85,86,87,88,89,73,91,35,93,94,95,84,97,98,99,100,101,102,103,104,105,106,107,108,109,110,111,112,113,114,115,116,34,118,119,120,121,122,123,90,125,126,127,128,129,130,131,132,133,134,135,136,137,138,139,140,50,142,143,144,145,146,147,148,149,150,151,152,153,154,155,156,157,158,159,160,161,162,163,164,165,166,167,168,169,170,171,172,173,174,175,176,177,178,179,180,181,182,183,184,185,186,187,188,189,190,191,192,193,194,195,196,197,198,199];False
7757;8888;16645;[76,141,11,3,26,43,18,30,25,9,4,1,12,32,14,15,124,46,16,19,61,41,22,23,24,69,5,27,28,56,63,31,29,33,17,8,36,37,38,39,40,49,42,7,44,45,60,47,48,21,92,51,53,13,54,55,6,57,58,59,2,0,62,96,64,10,66,117,68,20,70,71,72,65,74,75,67,77,78,79,80,81,82,83,52,85,86,87,88,89,73,91,35,93,94,95,84,97,98,99,100,101,102,103,104,105,106,107,108,109,110,111,112,113,114,115,116,34,118,119,120,121,122,123,90,125,126,127,128,129,130,131,132,133,134,135,136,137,138,139,140,50,142,143,144,145,146,147,148,149,150,151,152,153,154,155,156,157,158,159,160,161,162,163,164,165,166,167,168,169,170,171,172,173,174,175,176,177,178,179,180,181,182,183,184,185,186,187,188,189,190,191,192,193,194,195,196,197,198,199];False
7773;8886;16659;[52,141,11,3,26,43,18,30,25,9,4,1,12,32,14,15,124,46,16,19,61,41,22,23,24,69,5,27,28,56,63,31,29,33,17,8,36,37,38,39,40,49,42,7,44,45,60,47,48,21,92,51,53,13,54,55,6,57,58,59,2,0,62,96,64,10,66,117,68,20,70,71,72,65,74,75,67,77,76,79,80,81,82,83,78,85,86,87,88,89,73,91,35,93,94,95,84,97,98,99,100,101,102,103,104,105,106,107,108,109,110,111,112,113,114,115,116,34,118,119,120,121,122,123,90,125,126,127,128,129,130,131,132,133,134,135,136,137,138,139,140,50,142,143,144,145,146,147,148,149,150,151,152,153,154,155,156,157,158,159,160,161,162,163,164,165,166,167,168,169,170,171,172,173,174,175,176,177,178,179,180,181,182,183,184,185,186,187,188,189,190,191,192,193,194,195,196,197,198,199];False
7699;8893;16592;[95,141,11,3,26,43,18,30,25,9,4,1,12,32,14,15,124,46,16,19,61,41,22,23,24,69,5,27,28,56,63,31,29,33,17,8,36,37,38,39,40,49,42,7,44,45,60,47,48,21,92,51,53,13,54,55,6,57,58,59,2,0,62,96,64,10,66,117,68,20,70,71,72,65,74,75,67,77,76,79,80,81,82,83,52,85,86,87,88,89,73,91,35,93,94,78,84,97,98,99,100,101,102,103,104,105,106,107,108,109,110,111,112,113,114,115,116,34,118,119,120,121,122,123,90,125,126,127,128,129,130,131,132,133,134,135,136,137,138,139,140,50,142,143,144,145,146,147,148,149,150,151,152,153,154,155,156,157,158,159,160,161,162,163,164,165,166,167,168,169,170,171,172,173,174,175,176,177,178,179,180,181,182,183,184,185,186,187,188,189,190,191,192,193,194,195,196,197,198,199];False
7750;8884;16634;[97,141,11,3,26,43,18,30,25,9,4,1,12,32,14,15,124,46,16,19,61,41,22,23,24,69,5,27,28,56,63,31,29,33,17,8,36,37,38,39,40,49,42,7,44,45,60,47,48,21,92,51,53,13,54,55,6,57,58,59,2,0,62,96,64,10,66,117,68,20,70,71,72,65,74,75,67,77,76,79,80,81,82,83,52,85,86,87,88,89,73,91,35,93,94,95,84,78,98,99,100,101,102,103,104,105,106,107,108,109,110,111,112,113,114,115,116,34,118,119,120,121,122,123,90,125,126,127,128,129,130,131,132,133,134,135,136,137,138,139,140,50,142,143,144,145,146,147,148,149,150,151,152,153,154,155,156,157,158,159,160,161,162,163,164,165,166,167,168,169,170,171,172,173,174,175,176,177,178,179,180,181,182,183,184,185,186,187,188,189,190,191,192,193,194,195,196,197,198,199];False
7755;8863;16618;[99,141,11,3,26,43,18,30,25,9,4,1,12,32,14,15,124,46,16,19,61,41,22,23,24,69,5,27,28,56,63,31,29,33,17,8,36,37,38,39,40,49,42,7,44,45,60,47,48,21,92,51,53,13,54,55,6,57,58,59,2,0,62,96,64,10,66,117,68,20,70,71,72,65,74,75,67,77,76,79,80,81,82,83,52,85,86,87,88,89,73,91,35,93,94,95,84,97,98,78,100,101,102,103,104,105,106,107,108,109,110,111,112,113,114,115,116,34,118,119,120,121,122,123,90,125,126,127,128,129,130,131,132,133,134,135,136,137,138,139,140,50,142,143,144,145,146,147,148,149,150,151,152,153,154,155,156,157,158,159,160,161,162,163,164,165,166,167,168,169,170,171,172,173,174,175,176,177,178,179,180,181,182,183,184,185,186,187,188,189,190,191,192,193,194,195,196,197,198,199];False
7806;8843;16649;[100,141,11,3,26,43,18,30,25,9,4,1,12,32,14,15,124,46,16,19,61,41,22,23,24,69,5,27,28,56,63,31,29,33,17,8,36,37,38,39,40,49,42,7,44,45,60,47,48,21,92,51,53,13,54,55,6,57,58,59,2,0,62,96,64,10,66,117,68,20,70,71,72,65,74,75,67,77,76,79,80,81,82,83,52,85,86,87,88,89,73,91,35,93,94,95,84,97,98,99,78,101,102,103,104,105,106,107,108,109,110,111,112,113,114,115,116,34,118,119,120,121,122,123,90,125,126,127,128,129,130,131,132,133,134,135,136,137,138,139,140,50,142,143,144,145,146,147,148,149,150,151,152,153,154,155,156,157,158,159,160,161,162,163,164,165,166,167,168,169,170,171,172,173,174,175,176,177,178,179,180,181,182,183,184,185,186,187,188,189,190,191,192,193,194,195,196,197,198,199];False
7723;8860;16583;[102,141,11,3,26,43,18,30,25,9,4,1,12,32,14,15,124,46,16,19,61,41,22,23,24,69,5,27,28,56,63,31,29,33,17,8,36,37,38,39,40,49,42,7,44,45,60,47,48,21,92,51,53,13,54,55,6,57,58,59,2,0,62,96,64,10,66,117,68,20,70,71,72,65,74,75,67,77,76,79,80,81,82,83,52,85,86,87,88,89,73,91,35,93,94,95,84,97,98,99,100,101,78,103,104,105,106,107,108,109,110,111,112,113,114,115,116,34,118,119,120,121,122,123,90,125,126,127,128,129,130,131,132,133,134,135,136,137,138,139,140,50,142,143,144,145,146,147,148,149,150,151,152,153,154,155,156,157,158,159,160,161,162,163,164,165,166,167,168,169,170,171,172,173,174,175,176,177,178,179,180,181,182,183,184,185,186,187,188,189,190,191,192,193,194,195,196,197,198,199];False
7683;8865;16548;[109,141,11,3,26,43,18,30,25,9,4,1,12,32,14,15,124,46,16,19,61,41,22,23,24,69,5,27,28,56,63,31,29,33,17,8,36,37,38,39,40,49,42,7,44,45,60,47,48,21,92,51,53,13,54,55,6,57,58,59,2,0,62,96,64,10,66,117,68,20,70,71,72,65,74,75,67,77,76,79,80,81,82,83,52,85,86,87,88,89,73,91,35,93,94,95,84,97,98,99,100,101,102,103,104,105,106,107,108,78,110,111,112,113,114,115,116,34,118,119,120,121,122,123,90,125,126,127,128,129,130,131,132,133,134,135,136,137,138,139,140,50,142,143,144,145,146,147,148,149,150,151,152,153,154,155,156,157,158,159,160,161,162,163,164,165,166,167,168,169,170,171,172,173,174,175,176,177,178,179,180,181,182,183,184,185,186,187,188,189,190,191,192,193,194,195,196,197,198,199];False
7725;8843;16568;[127,141,11,3,26,43,18,30,25,9,4,1,12,32,14,15,124,46,16,19,61,41,22,23,24,69,5,27,28,56,63,31,29,33,17,8,36,37,38,39,40,49,42,7,44,45,60,47,48,21,92,51,53,13,54,55,6,57,58,59,2,0,62,96,64,10,66,117,68,20,70,71,72,65,74,75,67,77,76,79,80,81,82,83,52,85,86,87,88,89,73,91,35,93,94,95,84,97,98,99,100,101,102,103,104,105,106,107,108,109,110,111,112,113,114,115,116,34,118,119,120,121,122,123,90,125,126,78,128,129,130,131,132,133,134,135,136,137,138,139,140,50,142,143,144,145,146,147,148,149,150,151,152,153,154,155,156,157,158,159,160,161,162,163,164,165,166,167,168,169,170,171,172,173,174,175,176,177,178,179,180,181,182,183,184,185,186,187,188,189,190,191,192,193,194,195,196,197,198,199];False
7635;8898;16533;[35,141,11,3,26,43,18,30,25,105,4,1,12,32,14,15,124,9,16,19,61,41,22,23,24,69,5,27,28,56,63,31,29,33,17,8,36,37,38,39,40,49,42,7,44,45,60,47,48,21,92,51,53,13,54,55,6,57,58,59,2,0,62,46,64,10,66,117,68,20,70,71,72,65,74,75,67,77,76,79,80,81,82,83,52,85,86,87,88,89,73,91,78,93,94,95,84,97,98,96,100,101,102,103,104,99,106,107,108,109,110,111,112,113,114,115,116,34,118,119,120,121,122,123,90,125,126,127,128,129,130,131,132,133,134,135,136,137,138,139,140,50,142,143,144,145,146,147,148,149,150,151,152,153,154,155,156,157,158,159,160,161,162,163,164,165,166,167,168,169,170,171,172,173,174,175,176,177,178,179,180,181,182,183,184,185,186,187,188,189,190,191,192,193,194,195,196,197,198,199];False
7517;8945;16462;[8,141,11,3,26,43,18,30,25,9,4,1,12,32,14,15,124,16,85,19,61,41,22,23,24,69,5,27,28,56,63,31,29,33,17,35,36,95,38,39,40,49,42,7,44,45,60,47,48,21,92,51,53,13,54,55,6,57,58,59,2,0,62,46,64,10,66,117,68,20,70,71,72,65,74,75,67,77,76,79,80,81,82,83,84,37,86,87,88,89,73,91,78,93,94,114,96,97,98,99,100,101,102,52,104,105,106,107,108,109,110,111,112,113,103,115,116,34,118,119,120,121,122,123,90,125,126,127,128,129,130,131,132,133,134,135,136,137,138,139,140,50,142,143,144,145,146,147,148,149,150,151,152,153,154,155,156,157,158,159,160,161,162,163,164,165,166,167,168,169,170,171,172,173,174,175,176,177,178,179,180,181,182,183,184,185,186,187,188,189,190,191,192,193,194,195,196,197,198,199];False
7539;8932;16471;[84,141,11,3,26,43,18,30,25,9,4,1,12,32,14,15,124,8,85,19,61,41,22,23,24,69,5,27,28,56,63,31,29,33,17,35,36,95,38,39,40,49,42,7,44,45,60,47,48,21,92,51,53,13,54,55,6,57,58,59,2,0,62,46,64,10,66,117,68,20,70,71,72,65,74,75,67,77,76,79,80,81,82,83,16,37,86,87,88,89,73,91,78,93,94,114,96,97,98,99,100,101,102,52,104,105,106,107,108,109,110,111,112,113,103,115,116,34,118,119,120,121,122,123,90,125,126,127,128,129,130,131,132,133,134,135,136,137,138,139,140,50,142,143,144,145,146,147,148,149,150,151,152,153,154,155,156,157,158,159,160,161,162,163,164,165,166,167,168,169,170,171,172,173,174,175,176,177,178,179,180,181,182,183,184,185,186,187,188,189,190,191,192,193,194,195,196,197,198,199];False
7476;8970;16446;[8,141,11,3,26,43,18,30,25,9,4,1,12,32,14,15,124,39,16,19,61,41,22,23,24,69,5,27,28,56,63,31,29,33,17,35,36,95,38,85,40,49,42,7,44,45,60,47,48,21,92,51,53,13,54,55,6,57,58,59,2,0,62,46,64,10,66,117,68,20,70,71,72,65,74,75,67,77,76,79,80,81,82,83,84,37,86,87,88,89,73,91,78,93,94,114,96,97,98,99,100,101,102,52,104,105,106,107,108,109,110,111,112,113,103,115,116,34,118,119,120,121,122,123,90,125,126,127,128,129,130,131,132,133,134,135,136,137,138,139,140,50,142,143,144,145,146,147,148,149,150,151,152,153,154,155,156,157,158,159,160,161,162,163,164,165,166,167,168,169,170,171,172,173,174,175,176,177,178,179,180,181,182,183,184,185,186,187,188,189,190,191,192,193,194,195,196,197,198,199];False
7534;8933;16467;[23,141,11,3,26,43,18,30,25,9,4,1,12,32,14,15,124,8,16,19,61,41,22,39,24,69,5,27,28,56,63,31,29,33,17,35,36,95,38,85,40,49,42,7,44,45,60,47,48,21,92,51,53,13,54,55,6,57,58,59,2,0,62,46,64,10,66,117,68,20,70,71,72,65,74,75,67,77,76,79,80,81,82,83,84,37,86,87,88,89,73,91,78,93,94,114,96,97,98,99,100,101,102,52,104,105,106,107,108,109,110,111,112,113,103,115,116,34,118,119,120,121,122,123,90,125,126,127,128,129,130,131,132,133,134,135,136,137,138,139,140,50,142,143,144,145,146,147,148,149,150,151,152,153,154,155,156,157,158,159,160,161,162,163,164,165,166,167,168,169,170,171,172,173,174,175,176,177,178,179,180,181,182,183,184,185,186,187,188,189,190,191,192,193,194,195,196,197,198,199];False
7506;8955;16461;[27,141,11,3,26,43,18,30,25,9,4,1,12,32,14,15,124,8,16,19,61,41,22,23,24,69,5,39,28,56,63,31,29,33,17,35,36,95,38,85,40,49,42,7,44,45,60,47,48,21,92,51,53,13,54,55,6,57,58,59,2,0,62,46,64,10,66,117,68,20,70,71,72,65,74,75,67,77,76,79,80,81,82,83,84,37,86,87,88,89,73,91,78,93,94,114,96,97,98,99,100,101,102,52,104,105,106,107,108,109,110,111,112,113,103,115,116,34,118,119,120,121,122,123,90,125,126,127,128,129,130,131,132,133,134,135,136,137,138,139,140,50,142,143,144,145,146,147,148,149,150,151,152,153,154,155,156,157,158,159,160,161,162,163,164,165,166,167,168,169,170,171,172,173,174,175,176,177,178,179,180,181,182,183,184,185,186,187,188,189,190,191,192,193,194,195,196,197,198,199];False
7555;8927;16482;[49,141,11,3,26,43,18,30,25,9,4,1,12,32,14,15,124,8,16,19,61,41,22,23,24,69,5,27,28,56,63,31,29,33,17,35,36,95,38,85,40,39,42,7,44,45,60,47,48,21,92,51,53,13,54,55,6,57,58,59,2,0,62,46,64,10,66,117,68,20,70,71,72,65,74,75,67,77,76,79,80,81,82,83,84,37,86,87,88,89,73,91,78,93,94,114,96,97,98,99,100,101,102,52,104,105,106,107,108,109,110,111,112,113,103,115,116,34,118,119,120,121,122,123,90,125,126,127,128,129,130,131,132,133,134,135,136,137,138,139,140,50,142,143,144,145,146,147,148,149,150,151,152,153,154,155,156,157,158,159,160,161,162,163,164,165,166,167,168,169,170,171,172,173,174,175,176,177,178,179,180,181,182,183,184,185,186,187,188,189,190,191,192,193,194,195,196,197,198,199];False
7568;8920;16488;[42,141,11,3,26,43,18,30,25,9,4,1,12,32,14,15,124,8,16,19,61,41,22,23,24,69,5,27,28,56,63,31,29,33,17,35,36,95,38,85,40,49,39,7,44,45,60,47,48,21,92,51,53,13,54,55,6,57,58,59,2,0,62,46,64,10,66,117,68,20,70,71,72,65,74,75,67,77,76,79,80,81,82,83,84,37,86,87,88,89,73,91,78,93,94,114,96,97,98,99,100,101,102,52,104,105,106,107,108,109,110,111,112,113,103,115,116,34,118,119,120,121,122,123,90,125,126,127,128,129,130,131,132,133,134,135,136,137,138,139,140,50,142,143,144,145,146,147,148,149,150,151,152,153,154,155,156,157,158,159,160,161,162,163,164,165,166,167,168,169,170,171,172,173,174,175,176,177,178,179,180,181,182,183,184,185,186,187,188,189,190,191,192,193,194,195,196,197,198,199];False
7460;8967;16427;[47,141,11,3,26,43,18,30,25,9,4,1,12,32,14,15,124,8,16,19,61,41,22,23,24,69,5,27,28,56,63,31,29,33,17,35,36,95,38,85,40,49,42,7,44,45,60,39,48,21,92,51,53,13,54,55,6,57,58,59,2,0,62,46,64,10,66,117,68,20,70,71,72,65,74,75,67,77,76,79,80,81,82,83,84,37,86,87,88,89,73,91,78,93,94,114,96,97,98,99,100,101,102,52,104,105,106,107,108,109,110,111,112,113,103,115,116,34,118,119,120,121,122,123,90,125,126,127,128,129,130,131,132,133,134,135,136,137,138,139,140,50,142,143,144,145,146,147,148,149,150,151,152,153,154,155,156,157,158,159,160,161,162,163,164,165,166,167,168,169,170,171,172,173,174,175,176,177,178,179,180,181,182,183,184,185,186,187,188,189,190,191,192,193,194,195,196,197,198,199];False
7519;8914;16433;[64,141,11,3,26,43,18,30,25,9,4,1,12,32,14,15,124,8,16,19,61,41,22,23,24,69,5,27,28,56,63,31,29,33,17,35,36,95,38,85,40,49,42,7,44,45,60,47,48,21,92,51,53,13,54,55,6,57,58,59,2,0,62,46,39,10,66,117,68,20,70,71,72,65,74,75,67,77,76,79,80,81,82,83,84,37,86,87,88,89,73,91,78,93,94,114,96,97,98,99,100,101,102,52,104,105,106,107,108,109,110,111,112,113,103,115,116,34,118,119,120,121,122,123,90,125,126,127,128,129,130,131,132,133,134,135,136,137,138,139,140,50,142,143,144,145,146,147,148,149,150,151,152,153,154,155,156,157,158,159,160,161,162,163,164,165,166,167,168,169,170,171,172,173,174,175,176,177,178,179,180,181,182,183,184,185,186,187,188,189,190,191,192,193,194,195,196,197,198,199];False
7390;9028;16418;[33,52,11,3,26,43,18,30,25,9,75,1,12,32,14,15,124,8,16,19,61,41,22,23,24,69,5,27,28,56,63,31,29,73,17,35,36,37,60,39,40,49,42,7,44,45,86,47,48,21,50,51,53,13,54,55,6,57,58,59,2,0,62,46,64,10,66,117,68,20,70,71,72,65,74,84,67,77,80,79,38,81,82,83,76,85,92,87,88,89,4,91,78,93,94,95,96,97,98,99,100,101,102,103,104,105,106,107,108,109,110,111,112,113,114,115,116,34,118,119,120,121,122,123,90,125,126,127,128,129,130,131,132,133,134,135,136,137,138,139,140,141,142,143,144,145,146,147,148,149,150,151,152,153,154,155,156,157,158,159,160,161,162,163,164,165,166,167,168,169,170,171,172,173,174,175,176,177,178,179,180,181,182,183,184,185,186,187,188,189,190,191,192,193,194,195,196,197,198,199];False
7447;8998;16445;[50,52,11,3,26,43,18,30,25,9,75,1,12,32,14,15,124,8,16,19,61,41,22,23,24,69,5,27,28,56,63,31,29,33,17,35,36,37,60,39,40,49,42,7,44,45,86,47,48,21,73,51,53,13,54,55,6,57,58,59,2,0,62,46,64,10,66,117,68,20,70,71,72,65,74,84,67,77,80,79,38,81,82,83,76,85,92,87,88,89,4,91,78,93,94,95,96,97,98,99,100,101,102,103,104,105,106,107,108,109,110,111,112,113,114,115,116,34,118,119,120,121,122,123,90,125,126,127,128,129,130,131,132,133,134,135,136,137,138,139,140,141,142,143,144,145,146,147,148,149,150,151,152,153,154,155,156,157,158,159,160,161,162,163,164,165,166,167,168,169,170,171,172,173,174,175,176,177,178,179,180,181,182,183,184,185,186,187,188,189,190,191,192,193,194,195,196,197,198,199];False
7351;8999;16350;[81,52,11,3,26,43,18,30,25,9,75,1,12,32,14,15,124,8,16,19,61,41,22,23,24,69,5,27,28,56,63,31,29,33,17,35,36,37,60,39,40,49,42,7,44,45,86,47,48,21,50,51,53,13,54,55,6,57,58,59,2,0,62,46,64,10,66,117,68,20,70,71,72,65,74,84,67,77,80,79,38,73,82,83,76,85,92,87,88,89,4,91,78,93,94,95,96,97,98,99,100,101,102,103,104,105,106,107,108,109,110,111,112,113,114,115,116,34,118,119,120,121,122,123,90,125,126,127,128,129,130,131,132,133,134,135,136,137,138,139,140,141,142,143,144,145,146,147,148,149,150,151,152,153,154,155,156,157,158,159,160,161,162,163,164,165,166,167,168,169,170,171,172,173,174,175,176,177,178,179,180,181,182,183,184,185,186,187,188,189,190,191,192,193,194,195,196,197,198,199];False
7289;9058;16347;[4,52,11,3,26,43,18,30,25,9,93,1,12,32,14,15,124,94,16,19,61,41,22,23,24,69,5,27,28,56,63,31,29,33,17,35,36,37,60,39,40,49,42,7,44,45,86,47,48,21,50,51,53,13,54,55,6,57,58,59,2,0,62,46,64,10,66,117,68,20,70,71,72,65,74,75,67,77,80,79,38,81,82,83,76,85,92,87,88,89,73,91,78,8,84,95,96,97,98,99,100,101,102,103,104,105,106,107,108,109,110,111,112,113,114,115,116,34,118,119,120,121,122,123,90,125,126,127,128,129,130,131,132,133,134,135,136,137,138,139,140,141,142,143,144,145,146,147,148,149,150,151,152,153,154,155,156,157,158,159,160,161,162,163,164,165,166,167,168,169,170,171,172,173,174,175,176,177,178,179,180,181,182,183,184,185,186,187,188,189,190,191,192,193,194,195,196,197,198,199];False
7271;9053;16324;[16,52,11,3,26,43,18,30,25,9,4,1,12,32,14,15,124,94,93,19,61,41,22,23,24,69,5,27,28,56,63,31,29,33,17,35,36,37,60,39,40,49,42,7,44,45,86,47,48,21,50,51,53,13,54,55,6,57,58,59,2,0,62,46,64,10,66,117,68,20,70,71,72,65,74,75,67,77,80,79,38,81,82,83,76,85,92,87,88,89,73,91,78,8,84,95,96,97,98,99,100,101,102,103,104,105,106,107,108,109,110,111,112,113,114,115,116,34,118,119,120,121,122,123,90,125,126,127,128,129,130,131,132,133,134,135,136,137,138,139,140,141,142,143,144,145,146,147,148,149,150,151,152,153,154,155,156,157,158,159,160,161,162,163,164,165,166,167,168,169,170,171,172,173,174,175,176,177,178,179,180,181,182,183,184,185,186,187,188,189,190,191,192,193,194,195,196,197,198,199];False
7253;9098;16351;[63,52,11,3,26,43,18,30,25,9,4,1,12,32,14,15,124,94,16,19,61,41,22,23,24,69,5,27,28,56,93,31,29,33,17,35,36,37,60,39,40,49,42,7,44,45,86,47,48,21,50,51,53,13,54,55,6,57,58,59,2,0,62,46,64,10,66,117,68,20,70,71,72,65,74,75,67,77,80,79,38,81,82,83,76,85,92,87,88,89,73,91,78,8,84,95,96,97,98,99,100,101,102,103,104,105,106,107,108,109,110,111,112,113,114,115,116,34,118,119,120,121,122,123,90,125,126,127,128,129,130,131,132,133,134,135,136,137,138,139,140,141,142,143,144,145,146,147,148,149,150,151,152,153,154,155,156,157,158,159,160,161,162,163,164,165,166,167,168,169,170,171,172,173,174,175,176,177,178,179,180,181,182,183,184,185,186,187,188,189,190,191,192,193,194,195,196,197,198,199];False
7236;9093;16329;[33,52,11,3,26,43,18,30,25,9,4,1,12,32,14,15,124,94,16,19,61,41,22,23,24,69,5,27,28,56,63,31,29,93,17,35,36,37,60,39,40,49,42,7,44,45,86,47,48,21,50,51,53,13,54,55,6,57,58,59,2,0,62,46,64,10,66,117,68,20,70,71,72,65,74,75,67,77,80,79,38,81,82,83,76,85,92,87,88,89,73,91,78,8,84,95,96,97,98,99,100,101,102,103,104,105,106,107,108,109,110,111,112,113,114,115,116,34,118,119,120,121,122,123,90,125,126,127,128,129,130,131,132,133,134,135,136,137,138,139,140,141,142,143,144,145,146,147,148,149,150,151,152,153,154,155,156,157,158,159,160,161,162,163,164,165,166,167,168,169,170,171,172,173,174,175,176,177,178,179,180,181,182,183,184,185,186,187,188,189,190,191,192,193,194,195,196,197,198,199];False
7249;9073;16322;[17,52,11,3,26,43,18,30,25,9,4,1,12,32,14,15,124,94,16,19,61,41,22,23,24,69,5,27,28,56,63,31,29,33,93,35,36,37,60,39,40,49,42,7,44,45,86,47,48,21,50,51,53,13,54,55,6,57,58,59,2,0,62,46,64,10,66,117,68,20,70,71,72,65,74,75,67,77,80,79,38,81,82,83,76,85,92,87,88,89,73,91,78,8,84,95,96,97,98,99,100,101,102,103,104,105,106,107,108,109,110,111,112,113,114,115,116,34,118,119,120,121,122,123,90,125,126,127,128,129,130,131,132,133,134,135,136,137,138,139,140,141,142,143,144,145,146,147,148,149,150,151,152,153,154,155,156,157,158,159,160,161,162,163,164,165,166,167,168,169,170,171,172,173,174,175,176,177,178,179,180,181,182,183,184,185,186,187,188,189,190,191,192,193,194,195,196,197,198,199];False
7191;9187;16378;[23,52,93,3,26,96,18,30,124,9,4,1,12,32,14,15,16,60,64,19,25,41,22,43,24,69,5,27,28,56,63,31,29,33,17,35,74,37,38,39,40,49,42,7,44,45,86,47,48,21,50,51,0,11,54,55,6,57,58,59,2,36,62,67,13,46,66,10,68,20,70,71,72,65,76,75,151,77,53,79,80,61,82,83,84,85,92,87,88,89,73,91,109,8,94,95,81,97,98,99,100,101,102,103,104,105,106,107,108,78,110,111,112,113,114,115,116,117,118,119,120,121,122,123,90,125,126,127,128,129,130,131,132,133,134,135,136,137,138,139,140,141,142,143,144,145,146,147,148,149,150,34,152,153,154,155,156,157,158,159,160,161,162,163,164,165,166,167,168,169,170,171,172,173,174,175,176,177,178,179,180,181,182,183,184,185,186,187,188,189,190,191,192,193,194,195,196,197,198,199];False
7178;9177;16355;[42,52,93,3,26,96,18,30,124,9,4,1,12,32,14,15,16,60,64,19,25,41,22,23,24,69,5,27,28,56,63,31,29,33,17,35,74,37,38,39,40,49,43,7,44,45,86,47,48,21,50,51,0,11,54,55,6,57,58,59,2,36,62,67,13,46,66,10,68,20,70,71,72,65,76,75,151,77,53,79,80,61,82,83,84,85,92,87,88,89,73,91,109,8,94,95,81,97,98,99,100,101,102,103,104,105,106,107,108,78,110,111,112,113,114,115,116,117,118,119,120,121,122,123,90,125,126,127,128,129,130,131,132,133,134,135,136,137,138,139,140,141,142,143,144,145,146,147,148,149,150,34,152,153,154,155,156,157,158,159,160,161,162,163,164,165,166,167,168,169,170,171,172,173,174,175,176,177,178,179,180,181,182,183,184,185,186,187,188,189,190,191,192,193,194,195,196,197,198,199];False
7128;9172;16300;[6,52,93,3,26,96,18,30,124,9,4,1,12,32,14,15,16,60,64,19,25,41,22,23,24,69,5,27,28,56,63,31,29,33,17,35,74,37,38,39,40,49,42,7,44,45,86,47,48,21,50,51,0,11,54,55,43,57,58,59,2,36,62,67,13,46,66,10,68,20,70,71,72,65,76,75,151,77,53,79,80,61,82,83,84,85,92,87,88,89,73,91,109,8,94,95,81,97,98,99,100,101,102,103,104,105,106,107,108,78,110,111,112,113,114,115,116,117,118,119,120,121,122,123,90,125,126,127,128,129,130,131,132,133,134,135,136,137,138,139,140,141,142,143,144,145,146,147,148,149,150,34,152,153,154,155,156,157,158,159,160,161,162,163,164,165,166,167,168,169,170,171,172,173,174,175,176,177,178,179,180,181,182,183,184,185,186,187,188,189,190,191,192,193,194,195,196,197,198,199];False
7095;9184;16279;[80,52,93,3,26,96,18,30,124,9,4,1,12,32,14,15,16,60,64,19,25,41,22,23,24,69,5,27,28,56,63,31,29,33,17,35,74,37,38,39,40,49,42,7,44,45,86,47,48,21,50,51,0,11,54,55,6,57,58,59,2,36,62,67,13,46,66,10,68,20,70,71,72,65,76,75,151,77,53,79,43,61,82,83,84,85,92,87,88,89,73,91,109,8,94,95,81,97,98,99,100,101,102,103,104,105,106,107,108,78,110,111,112,113,114,115,116,117,118,119,120,121,122,123,90,125,126,127,128,129,130,131,132,133,134,135,136,137,138,139,140,141,142,143,144,145,146,147,148,149,150,34,152,153,154,155,156,157,158,159,160,161,162,163,164,165,166,167,168,169,170,171,172,173,174,175,176,177,178,179,180,181,182,183,184,185,186,187,188,189,190,191,192,193,194,195,196,197,198,199];False
7301;9030;16331;[73,52,93,3,26,96,18,30,124,9,4,1,12,32,14,15,16,60,64,19,25,41,22,23,24,69,5,27,28,56,63,31,29,33,17,35,36,37,38,39,40,49,42,7,44,45,86,47,48,21,50,51,0,11,54,55,6,57,58,59,2,61,84,67,13,46,66,10,68,20,70,71,72,65,74,75,151,77,43,79,80,62,82,83,76,85,92,87,88,89,53,91,109,8,94,95,81,97,98,99,100,101,102,103,104,105,106,107,108,78,110,111,112,113,114,115,116,117,118,119,120,121,122,123,90,125,126,127,128,129,130,131,132,133,134,135,136,137,138,139,140,141,142,143,144,145,146,147,148,149,150,34,152,153,154,155,156,157,158,159,160,161,162,163,164,165,166,167,168,169,170,171,172,173,174,175,176,177,178,179,180,181,182,183,184,185,186,187,188,189,190,191,192,193,194,195,196,197,198,199];False
7173;9158;16331;[38,52,93,3,26,96,18,30,124,9,4,1,12,32,14,15,16,60,64,19,25,41,22,23,24,69,5,27,28,56,63,31,29,33,17,35,36,37,106,39,40,49,42,7,44,45,86,47,48,21,50,51,0,11,54,55,6,57,58,59,2,61,84,67,13,46,66,10,68,20,70,71,72,65,74,75,151,77,53,79,80,62,82,83,76,85,92,87,88,89,73,91,109,8,94,95,81,97,98,99,100,101,102,103,104,105,43,107,108,78,110,111,112,113,114,115,116,117,118,119,120,121,122,123,90,125,126,127,128,129,130,131,132,133,134,135,136,137,138,139,140,141,142,143,144,145,146,147,148,149,150,34,152,153,154,155,156,157,158,159,160,161,162,163,164,165,166,167,168,169,170,171,172,173,174,175,176,177,178,179,180,181,182,183,184,185,186,187,188,189,190,191,192,193,194,195,196,197,198,199];False
7209;9123;16332;[0,52,93,3,26,96,18,30,124,9,4,1,12,32,14,15,16,60,64,19,25,41,22,23,24,69,5,27,28,56,63,31,29,33,17,35,36,37,38,39,40,49,42,7,44,45,86,47,48,21,50,51,106,11,54,55,6,57,58,59,2,61,84,67,13,46,66,10,68,20,70,71,72,65,74,75,151,77,53,79,80,62,82,83,76,85,92,87,88,89,73,91,109,8,94,95,81,97,98,99,100,101,102,103,104,105,43,107,108,78,110,111,112,113,114,115,116,117,118,119,120,121,122,123,90,125,126,127,128,129,130,131,132,133,134,135,136,137,138,139,140,141,142,143,144,145,146,147,148,149,150,34,152,153,154,155,156,157,158,159,160,161,162,163,164,165,166,167,168,169,170,171,172,173,174,175,176,177,178,179,180,181,182,183,184,185,186,187,188,189,190,191,192,193,194,195,196,197,198,199];False
7204;9157;16361;[61,52,93,3,26,96,18,30,124,9,4,1,12,32,14,15,16,60,64,19,25,41,22,23,24,69,5,27,28,56,63,31,29,33,17,35,36,37,38,39,40,49,42,7,44,45,86,47,48,21,50,51,0,11,54,55,6,57,58,59,2,106,84,67,13,46,66,10,68,20,70,71,72,65,74,75,151,77,53,79,80,62,82,83,76,85,92,87,88,89,73,91,109,8,94,95,81,97,98,99,100,101,102,103,104,105,43,107,108,78,110,111,112,113,114,115,116,117,118,119,120,121,122,123,90,125,126,127,128,129,130,131,132,133,134,135,136,137,138,139,140,141,142,143,144,145,146,147,148,149,150,34,152,153,154,155,156,157,158,159,160,161,162,163,164,165,166,167,168,169,170,171,172,173,174,175,176,177,178,179,180,181,182,183,184,185,186,187,188,189,190,191,192,193,194,195,196,197,198,199];False
7200;9110;16310;[73,52,93,3,26,96,18,30,124,9,4,1,12,32,14,15,16,60,64,19,25,41,22,23,24,69,5,27,28,56,63,31,29,33,17,35,36,37,38,39,40,49,42,7,44,45,86,47,48,21,50,51,0,11,54,55,6,57,58,59,2,61,84,67,13,46,66,10,68,20,70,71,72,65,74,75,151,77,53,79,80,62,82,83,76,85,92,87,88,89,106,91,109,8,94,95,81,97,98,99,100,101,102,103,104,105,43,107,108,78,110,111,112,113,114,115,116,117,118,119,120,121,122,123,90,125,126,127,128,129,130,131,132,133,134,135,136,137,138,139,140,141,142,143,144,145,146,147,148,149,150,34,152,153,154,155,156,157,158,159,160,161,162,163,164,165,166,167,168,169,170,171,172,173,174,175,176,177,178,179,180,181,182,183,184,185,186,187,188,189,190,191,192,193,194,195,196,197,198,199];False
7987;8835;16822;[3,141,11,75,26,43,18,30,25,9,4,1,12,32,14,15,124,46,16,19,61,41,22,23,24,69,5,27,28,56,63,31,29,33,17,8,36,37,38,39,40,49,42,7,44,45,60,47,48,21,92,51,53,13,54,55,6,57,58,59,2,0,62,96,64,10,66,117,68,20,70,71,72,65,74,82,67,77,76,79,80,81,35,83,52,85,86,87,88,89,73,91,78,93,94,95,84,97,98,99,100,101,102,103,104,105,106,107,108,109,110,111,112,113,114,115,116,34,118,119,120,121,122,123,90,125,126,127,128,129,130,131,132,133,134,135,136,137,138,139,140,50,142,143,144,145,146,147,148,149,150,151,152,153,154,155,156,157,158,159,160,161,162,163,164,165,166,167,168,169,170,171,172,173,174,175,176,177,178,179,180,181,182,183,184,185,186,187,188,189,190,191,192,193,194,195,196,197,198,199];False
7955;8830;16785;[4,141,11,3,26,43,18,30,25,9,75,1,12,32,14,15,124,46,16,19,61,41,22,23,24,69,5,27,28,56,63,31,29,33,17,8,36,37,38,39,40,49,42,7,44,45,60,47,48,21,92,51,53,13,54,55,6,57,58,59,2,0,62,96,64,10,66,117,68,20,70,71,72,65,74,82,67,77,76,79,80,81,35,83,52,85,86,87,88,89,73,91,78,93,94,95,84,97,98,99,100,101,102,103,104,105,106,107,108,109,110,111,112,113,114,115,116,34,118,119,120,121,122,123,90,125,126,127,128,129,130,131,132,133,134,135,136,137,138,139,140,50,142,143,144,145,146,147,148,149,150,151,152,153,154,155,156,157,158,159,160,161,162,163,164,165,166,167,168,169,170,171,172,173,174,175,176,177,178,179,180,181,182,183,184,185,186,187,188,189,190,191,192,193,194,195,196,197,198,199];False
7923;8819;16742;[12,141,11,3,26,43,18,30,25,9,4,1,75,32,14,15,124,46,16,19,61,41,22,23,24,69,5,27,28,56,63,31,29,33,17,8,36,37,38,39,40,49,42,7,44,45,60,47,48,21,92,51,53,13,54,55,6,57,58,59,2,0,62,96,64,10,66,117,68,20,70,71,72,65,74,82,67,77,76,79,80,81,35,83,52,85,86,87,88,89,73,91,78,93,94,95,84,97,98,99,100,101,102,103,104,105,106,107,108,109,110,111,112,113,114,115,116,34,118,119,120,121,122,123,90,125,126,127,128,129,130,131,132,133,134,135,136,137,138,139,140,50,142,143,144,145,146,147,148,149,150,151,152,153,154,155,156,157,158,159,160,161,162,163,164,165,166,167,168,169,170,171,172,173,174,175,176,177,178,179,180,181,182,183,184,185,186,187,188,189,190,191,192,193,194,195,196,197,198,199];False
7874;8837;16711;[16,141,11,3,26,43,18,30,25,9,4,1,12,32,14,15,124,46,75,19,61,41,22,23,24,69,5,27,28,56,63,31,29,33,17,8,36,37,38,39,40,49,42,7,44,45,60,47,48,21,92,51,53,13,54,55,6,57,58,59,2,0,62,96,64,10,66,117,68,20,70,71,72,65,74,82,67,77,76,79,80,81,35,83,52,85,86,87,88,89,73,91,78,93,94,95,84,97,98,99,100,101,102,103,104,105,106,107,108,109,110,111,112,113,114,115,116,34,118,119,120,121,122,123,90,125,126,127,128,129,130,131,132,133,134,135,136,137,138,139,140,50,142,143,144,145,146,147,148,149,150,151,152,153,154,155,156,157,158,159,160,161,162,163,164,165,166,167,168,169,170,171,172,173,174,175,176,177,178,179,180,181,182,183,184,185,186,187,188,189,190,191,192,193,194,195,196,197,198,199];False
7681;8886;16567;[38,141,11,3,26,43,18,30,25,9,4,1,12,32,14,15,124,46,16,19,61,41,22,23,24,69,5,27,28,56,63,31,29,33,17,8,36,37,102,39,40,49,42,7,44,45,60,47,48,21,92,51,53,13,54,55,6,57,58,59,2,0,62,96,64,10,66,117,68,20,70,71,72,65,74,75,67,77,76,79,80,81,82,83,52,85,86,87,88,89,73,91,35,93,94,95,84,97,98,99,100,101,78,103,104,105,106,107,108,109,110,111,112,113,114,115,116,34,118,119,120,121,122,123,90,125,126,127,128,129,130,131,132,133,134,135,136,137,138,139,140,50,142,143,144,145,146,147,148,149,150,151,152,153,154,155,156,157,158,159,160,161,162,163,164,165,166,167,168,169,170,171,172,173,174,175,176,177,178,179,180,181,182,183,184,185,186,187,188,189,190,191,192,193,194,195,196,197,198,199];False
7656;8893;16549;[74,141,11,3,26,43,18,30,25,9,4,1,12,32,14,15,124,46,16,19,61,41,22,23,24,69,5,27,28,56,63,31,29,33,17,8,36,37,38,39,40,49,42,7,44,45,60,47,48,21,92,51,53,13,54,55,6,57,58,59,2,0,62,96,64,10,66,117,68,20,70,71,72,65,102,75,67,77,76,79,80,81,82,83,52,85,86,87,88,89,73,91,35,93,94,95,84,97,98,99,100,101,78,103,104,105,106,107,108,109,110,111,112,113,114,115,116,34,118,119,120,121,122,123,90,125,126,127,128,129,130,131,132,133,134,135,136,137,138,139,140,50,142,143,144,145,146,147,148,149,150,151,152,153,154,155,156,157,158,159,160,161,162,163,164,165,166,167,168,169,170,171,172,173,174,175,176,177,178,179,180,181,182,183,184,185,186,187,188,189,190,191,192,193,194,195,196,197,198,199];False
7627;8896;16523;[80,141,11,3,26,43,18,30,25,9,4,1,12,32,14,15,124,46,16,19,61,41,22,23,24,69,5,27,28,56,63,31,29,33,17,8,36,37,38,39,40,49,42,7,44,45,60,47,48,21,92,51,53,13,54,55,6,57,58,59,2,0,62,96,64,10,66,117,68,20,70,71,72,65,74,75,67,77,76,79,102,81,82,83,52,85,86,87,88,89,73,91,35,93,94,95,84,97,98,99,100,101,78,103,104,105,106,107,108,109,110,111,112,113,114,115,116,34,118,119,120,121,122,123,90,125,126,127,128,129,130,131,132,133,134,135,136,137,138,139,140,50,142,143,144,145,146,147,148,149,150,151,152,153,154,155,156,157,158,159,160,161,162,163,164,165,166,167,168,169,170,171,172,173,174,175,176,177,178,179,180,181,182,183,184,185,186,187,188,189,190,191,192,193,194,195,196,197,198,199];False
7624;8896;16520;[85,141,11,3,26,43,18,30,25,9,4,1,12,32,14,15,124,46,16,19,61,41,22,23,24,69,5,27,28,56,63,31,29,33,17,8,36,37,38,39,40,49,42,7,44,45,60,47,48,21,92,51,53,13,54,55,6,57,58,59,2,0,62,96,64,10,66,117,68,20,70,71,72,65,74,75,67,77,76,79,80,81,82,83,52,102,86,87,88,89,73,91,35,93,94,95,84,97,98,99,100,101,78,103,104,105,106,107,108,109,110,111,112,113,114,115,116,34,118,119,120,121,122,123,90,125,126,127,128,129,130,131,132,133,134,135,136,137,138,139,140,50,142,143,144,145,146,147,148,149,150,151,152,153,154,155,156,157,158,159,160,161,162,163,164,165,166,167,168,169,170,171,172,173,174,175,176,177,178,179,180,181,182,183,184,185,186,187,188,189,190,191,192,193,194,195,196,197,198,199];False
7632;8887;16519;[95,141,11,3,26,43,18,30,25,9,4,1,12,32,14,15,124,46,16,19,61,41,22,23,24,69,5,27,28,56,63,31,29,33,17,8,36,37,38,39,40,49,42,7,44,45,60,47,48,21,92,51,53,13,54,55,6,57,58,59,2,0,62,96,64,10,66,117,68,20,70,71,72,65,74,75,67,77,76,79,80,81,82,83,52,85,86,87,88,89,73,91,35,93,94,102,84,97,98,99,100,101,78,103,104,105,106,107,108,109,110,111,112,113,114,115,116,34,118,119,120,121,122,123,90,125,126,127,128,129,130,131,132,133,134,135,136,137,138,139,140,50,142,143,144,145,146,147,148,149,150,151,152,153,154,155,156,157,158,159,160,161,162,163,164,165,166,167,168,169,170,171,172,173,174,175,176,177,178,179,180,181,182,183,184,185,186,187,188,189,190,191,192,193,194,195,196,197,198,199];False
7674;8865;16539;[84,141,11,3,26,43,18,30,25,9,4,1,12,32,14,15,124,46,16,19,61,41,22,23,24,69,5,27,28,56,63,31,29,33,17,8,36,37,38,39,40,49,42,7,44,45,60,47,48,21,92,51,53,13,54,55,6,57,58,59,2,0,62,96,64,10,66,117,68,20,70,71,72,65,74,75,67,77,76,79,80,81,82,83,52,85,86,87,88,89,73,91,35,93,94,95,102,97,98,99,100,101,78,103,104,105,106,107,108,109,110,111,112,113,114,115,116,34,118,119,120,121,122,123,90,125,126,127,128,129,130,131,132,133,134,135,136,137,138,139,140,50,142,143,144,145,146,147,148,149,150,151,152,153,154,155,156,157,158,159,160,161,162,163,164,165,166,167,168,169,170,171,172,173,174,175,176,177,178,179,180,181,182,183,184,185,186,187,188,189,190,191,192,193,194,195,196,197,198,199];False
7665;8863;16528;[99,141,11,3,26,43,18,30,25,9,4,1,12,32,14,15,124,46,16,19,61,41,22,23,24,69,5,27,28,56,63,31,29,33,17,8,36,37,38,39,40,49,42,7,44,45,60,47,48,21,92,51,53,13,54,55,6,57,58,59,2,0,62,96,64,10,66,117,68,20,70,71,72,65,74,75,67,77,76,79,80,81,82,83,52,85,86,87,88,89,73,91,35,93,94,95,84,97,98,102,100,101,78,103,104,105,106,107,108,109,110,111,112,113,114,115,116,34,118,119,120,121,122,123,90,125,126,127,128,129,130,131,132,133,134,135,136,137,138,139,140,50,142,143,144,145,146,147,148,149,150,151,152,153,154,155,156,157,158,159,160,161,162,163,164,165,166,167,168,169,170,171,172,173,174,175,176,177,178,179,180,181,182,183,184,185,186,187,188,189,190,191,192,193,194,195,196,197,198,199];False
7720;8857;16577;[100,141,11,3,26,43,18,30,25,9,4,1,12,32,14,15,124,46,16,19,61,41,22,23,24,69,5,27,28,56,63,31,29,33,17,8,36,37,38,39,40,49,42,7,44,45,60,47,48,21,92,51,53,13,54,55,6,57,58,59,2,0,62,96,64,10,66,117,68,20,70,71,72,65,74,75,67,77,76,79,80,81,82,83,52,85,86,87,88,89,73,91,35,93,94,95,84,97,98,99,102,101,78,103,104,105,106,107,108,109,110,111,112,113,114,115,116,34,118,119,120,121,122,123,90,125,126,127,128,129,130,131,132,133,134,135,136,137,138,139,140,50,142,143,144,145,146,147,148,149,150,151,152,153,154,155,156,157,158,159,160,161,162,163,164,165,166,167,168,169,170,171,172,173,174,175,176,177,178,179,180,181,182,183,184,185,186,187,188,189,190,191,192,193,194,195,196,197,198,199];False
7815;8830;16645;[18,141,11,3,26,43,127,30,25,9,4,1,12,32,14,15,124,46,16,19,61,41,22,23,24,69,5,27,28,56,63,31,29,33,17,8,36,37,38,39,40,49,42,7,44,45,60,47,48,21,92,51,53,13,54,55,6,57,58,59,2,0,62,96,64,10,66,117,68,20,70,71,72,65,74,75,67,77,76,79,80,81,82,83,52,85,86,87,88,89,73,91,35,93,94,95,84,97,98,99,100,101,102,103,104,105,106,107,108,109,110,111,112,113,114,115,116,34,118,119,120,121,122,123,90,125,126,78,128,129,130,131,132,133,134,135,136,137,138,139,140,50,142,143,144,145,146,147,148,149,150,151,152,153,154,155,156,157,158,159,160,161,162,163,164,165,166,167,168,169,170,171,172,173,174,175,176,177,178,179,180,181,182,183,184,185,186,187,188,189,190,191,192,193,194,195,196,197,198,199];False
7645;8857;16502;[77,141,11,3,26,43,18,30,25,9,4,1,12,32,14,15,124,46,16,19,61,41,22,23,24,69,5,27,28,56,63,31,29,33,17,8,36,37,38,39,40,49,42,7,44,45,60,47,48,21,92,51,53,13,54,55,6,57,58,59,2,0,62,96,64,10,66,117,68,20,70,71,72,65,74,75,67,127,76,79,80,81,82,83,52,85,86,87,88,89,73,91,35,93,94,95,84,97,98,99,100,101,102,103,104,105,106,107,108,109,110,111,112,113,114,115,116,34,118,119,120,121,122,123,90,125,126,78,128,129,130,131,132,133,134,135,136,137,138,139,140,50,142,143,144,145,146,147,148,149,150,151,152,153,154,155,156,157,158,159,160,161,162,163,164,165,166,167,168,169,170,171,172,173,174,175,176,177,178,179,180,181,182,183,184,185,186,187,188,189,190,191,192,193,194,195,196,197,198,199];False
7574;8885;16459;[95,141,11,3,26,43,18,30,25,9,4,1,12,32,14,15,124,46,16,19,61,41,22,23,24,69,5,27,28,56,63,31,29,33,17,8,36,37,38,39,40,49,42,7,44,45,60,47,48,21,92,51,53,13,54,55,6,57,58,59,2,0,62,96,64,10,66,117,68,20,70,71,72,65,74,75,67,77,76,79,80,81,82,83,52,85,86,87,88,89,73,91,35,93,94,127,84,97,98,99,100,101,102,103,104,105,106,107,108,109,110,111,112,113,114,115,116,34,118,119,120,121,122,123,90,125,126,78,128,129,130,131,132,133,134,135,136,137,138,139,140,50,142,143,144,145,146,147,148,149,150,151,152,153,154,155,156,157,158,159,160,161,162,163,164,165,166,167,168,169,170,171,172,173,174,175,176,177,178,179,180,181,182,183,184,185,186,187,188,189,190,191,192,193,194,195,196,197,198,199];False
7694;8854;16548;[99,141,11,3,26,43,18,30,25,9,4,1,12,32,14,15,124,46,16,19,61,41,22,23,24,69,5,27,28,56,63,31,29,33,17,8,36,37,38,39,40,49,42,7,44,45,60,47,48,21,92,51,53,13,54,55,6,57,58,59,2,0,62,96,64,10,66,117,68,20,70,71,72,65,74,75,67,77,76,79,80,81,82,83,52,85,86,87,88,89,73,91,35,93,94,95,84,97,98,127,100,101,102,103,104,105,106,107,108,109,110,111,112,113,114,115,116,34,118,119,120,121,122,123,90,125,126,78,128,129,130,131,132,133,134,135,136,137,138,139,140,50,142,143,144,145,146,147,148,149,150,151,152,153,154,155,156,157,158,159,160,161,162,163,164,165,166,167,168,169,170,171,172,173,174,175,176,177,178,179,180,181,182,183,184,185,186,187,188,189,190,191,192,193,194,195,196,197,198,199];False
7708;8851;16559;[102,141,11,3,26,43,18,30,25,9,4,1,12,32,14,15,124,46,16,19,61,41,22,23,24,69,5,27,28,56,63,31,29,33,17,8,36,37,38,39,40,49,42,7,44,45,60,47,48,21,92,51,53,13,54,55,6,57,58,59,2,0,62,96,64,10,66,117,68,20,70,71,72,65,74,75,67,77,76,79,80,81,82,83,52,85,86,87,88,89,73,91,35,93,94,95,84,97,98,99,100,101,127,103,104,105,106,107,108,109,110,111,112,113,114,115,116,34,118,119,120,121,122,123,90,125,126,78,128,129,130,131,132,133,134,135,136,137,138,139,140,50,142,143,144,145,146,147,148,149,150,151,152,153,154,155,156,157,158,159,160,161,162,163,164,165,166,167,168,169,170,171,172,173,174,175,176,177,178,179,180,181,182,183,184,185,186,187,188,189,190,191,192,193,194,195,196,197,198,199];False
7566;8889;16455;[103,141,11,3,26,43,18,30,25,9,4,1,12,32,14,15,124,46,16,19,61,41,22,23,24,69,5,27,28,56,63,31,29,33,17,8,36,37,38,39,40,49,42,7,44,45,60,47,48,21,92,51,53,13,54,55,6,57,58,59,2,0,62,96,64,10,66,117,68,20,70,71,72,65,74,75,67,77,76,79,80,81,82,83,52,85,86,87,88,89,73,91,35,93,94,95,84,97,98,99,100,101,102,127,104,105,106,107,108,109,110,111,112,113,114,115,116,34,118,119,120,121,122,123,90,125,126,78,128,129,130,131,132,133,134,135,136,137,138,139,140,50,142,143,144,145,146,147,148,149,150,151,152,153,154,155,156,157,158,159,160,161,162,163,164,165,166,167,168,169,170,171,172,173,174,175,176,177,178,179,180,181,182,183,184,185,186,187,188,189,190,191,192,193,194,195,196,197,198,199];False
7635;8854;16489;[109,141,11,3,26,43,18,30,25,9,4,1,12,32,14,15,124,46,16,19,61,41,22,23,24,69,5,27,28,56,63,31,29,33,17,8,36,37,38,39,40,49,42,7,44,45,60,47,48,21,92,51,53,13,54,55,6,57,58,59,2,0,62,96,64,10,66,117,68,20,70,71,72,65,74,75,67,77,76,79,80,81,82,83,52,85,86,87,88,89,73,91,35,93,94,95,84,97,98,99,100,101,102,103,104,105,106,107,108,127,110,111,112,113,114,115,116,34,118,119,120,121,122,123,90,125,126,78,128,129,130,131,132,133,134,135,136,137,138,139,140,50,142,143,144,145,146,147,148,149,150,151,152,153,154,155,156,157,158,159,160,161,162,163,164,165,166,167,168,169,170,171,172,173,174,175,176,177,178,179,180,181,182,183,184,185,186,187,188,189,190,191,192,193,194,195,196,197,198,199];False
7613;8877;16490;[115,141,11,3,26,43,18,30,25,9,4,1,12,32,14,15,124,46,16,19,61,41,22,23,24,69,5,27,28,56,63,31,29,33,17,8,36,37,38,39,40,49,42,7,44,45,60,47,48,21,92,51,53,13,54,55,6,57,58,59,2,0,62,96,64,10,66,117,68,20,70,71,72,65,74,75,67,77,76,79,80,81,82,83,52,85,86,87,88,89,73,91,35,93,94,95,84,97,98,99,100,101,102,103,104,105,106,107,108,109,110,111,112,113,114,127,116,34,118,119,120,121,122,123,90,125,126,78,128,129,130,131,132,133,134,135,136,137,138,139,140,50,142,143,144,145,146,147,148,149,150,151,152,153,154,155,156,157,158,159,160,161,162,163,164,165,166,167,168,169,170,171,172,173,174,175,176,177,178,179,180,181,182,183,184,185,186,187,188,189,190,191,192,193,194,195,196,197,198,199];False
7666;8846;16512;[131,141,11,3,26,43,18,30,25,9,4,1,12,32,14,15,124,46,16,19,61,41,22,23,24,69,5,27,28,56,63,31,29,33,17,8,36,37,38,39,40,49,42,7,44,45,60,47,48,21,92,51,53,13,54,55,6,57,58,59,2,0,62,96,64,10,66,117,68,20,70,71,72,65,74,75,67,77,76,79,80,81,82,83,52,85,86,87,88,89,73,91,35,93,94,95,84,97,98,99,100,101,102,103,104,105,106,107,108,109,110,111,112,113,114,115,116,34,118,119,120,121,122,123,90,125,126,78,128,129,130,127,132,133,134,135,136,137,138,139,140,50,142,143,144,145,146,147,148,149,150,151,152,153,154,155,156,157,158,159,160,161,162,163,164,165,166,167,168,169,170,171,172,173,174,175,176,177,178,179,180,181,182,183,184,185,186,187,188,189,190,191,192,193,194,195,196,197,198,199];False
7702;8821;16523;[174,141,11,3,26,43,18,30,25,9,4,1,12,32,14,15,124,46,16,19,61,41,22,23,24,69,5,27,28,56,63,31,29,33,17,8,36,37,38,39,40,49,42,7,44,45,60,47,48,21,92,51,53,13,54,55,6,57,58,59,2,0,62,96,64,10,66,117,68,20,70,71,72,65,74,75,67,77,76,79,80,81,82,83,52,85,86,87,88,89,73,91,35,93,94,95,84,97,98,99,100,101,102,103,104,105,106,107,108,109,110,111,112,113,114,115,116,34,118,119,120,121,122,123,90,125,126,78,128,129,130,131,132,133,134,135,136,137,138,139,140,50,142,143,144,145,146,147,148,149,150,151,152,153,154,155,156,157,158,159,160,161,162,163,164,165,166,167,168,169,170,171,172,173,127,175,176,177,178,179,180,181,182,183,184,185,186,187,188,189,190,191,192,193,194,195,196,197,198,199];False
7493;8945;16438;[35,141,11,3,26,43,18,30,25,9,4,1,12,32,14,15,124,16,85,19,61,41,22,23,24,69,5,27,28,56,63,31,29,33,17,8,36,95,38,39,40,49,42,7,44,45,60,47,48,21,92,51,53,13,54,55,6,57,58,59,2,0,62,46,64,10,66,117,68,20,70,71,72,65,74,75,67,77,76,79,80,81,82,83,84,37,86,87,88,89,73,91,78,93,94,114,96,97,98,99,100,101,102,52,104,105,106,107,108,109,110,111,112,113,103,115,116,34,118,119,120,121,122,123,90,125,126,127,128,129,130,131,132,133,134,135,136,137,138,139,140,50,142,143,144,145,146,147,148,149,150,151,152,153,154,155,156,157,158,159,160,161,162,163,164,165,166,167,168,169,170,171,172,173,174,175,176,177,178,179,180,181,182,183,184,185,186,187,188,189,190,191,192,193,194,195,196,197,198,199];False
7465;8951;16416;[3,141,11,47,26,43,18,30,25,9,4,1,12,32,14,15,124,8,16,19,61,41,22,23,24,69,5,27,28,56,63,31,29,33,17,35,36,95,38,85,40,49,42,7,44,45,60,39,48,21,92,51,53,13,54,55,6,57,58,59,2,0,62,46,64,10,66,117,68,20,70,71,72,65,74,75,67,77,76,79,80,81,82,83,84,37,86,87,88,89,73,91,78,93,94,114,96,97,98,99,100,101,102,52,104,105,106,107,108,109,110,111,112,113,103,115,116,34,118,119,120,121,122,123,90,125,126,127,128,129,130,131,132,133,134,135,136,137,138,139,140,50,142,143,144,145,146,147,148,149,150,151,152,153,154,155,156,157,158,159,160,161,162,163,164,165,166,167,168,169,170,171,172,173,174,175,176,177,178,179,180,181,182,183,184,185,186,187,188,189,190,191,192,193,194,195,196,197,198,199];False
7449;8990;16439;[8,141,11,3,26,43,18,30,25,9,4,1,12,32,14,15,124,47,16,19,61,41,22,23,24,69,5,27,28,56,63,31,29,33,17,35,36,95,38,85,40,49,42,7,44,45,60,39,48,21,92,51,53,13,54,55,6,57,58,59,2,0,62,46,64,10,66,117,68,20,70,71,72,65,74,75,67,77,76,79,80,81,82,83,84,37,86,87,88,89,73,91,78,93,94,114,96,97,98,99,100,101,102,52,104,105,106,107,108,109,110,111,112,113,103,115,116,34,118,119,120,121,122,123,90,125,126,127,128,129,130,131,132,133,134,135,136,137,138,139,140,50,142,143,144,145,146,147,148,149,150,151,152,153,154,155,156,157,158,159,160,161,162,163,164,165,166,167,168,169,170,171,172,173,174,175,176,177,178,179,180,181,182,183,184,185,186,187,188,189,190,191,192,193,194,195,196,197,198,199];False
7441;8970;16411;[19,141,11,3,26,43,18,30,25,9,4,1,12,32,14,15,124,8,16,47,61,41,22,23,24,69,5,27,28,56,63,31,29,33,17,35,36,95,38,85,40,49,42,7,44,45,60,39,48,21,92,51,53,13,54,55,6,57,58,59,2,0,62,46,64,10,66,117,68,20,70,71,72,65,74,75,67,77,76,79,80,81,82,83,84,37,86,87,88,89,73,91,78,93,94,114,96,97,98,99,100,101,102,52,104,105,106,107,108,109,110,111,112,113,103,115,116,34,118,119,120,121,122,123,90,125,126,127,128,129,130,131,132,133,134,135,136,137,138,139,140,50,142,143,144,145,146,147,148,149,150,151,152,153,154,155,156,157,158,159,160,161,162,163,164,165,166,167,168,169,170,171,172,173,174,175,176,177,178,179,180,181,182,183,184,185,186,187,188,189,190,191,192,193,194,195,196,197,198,199];False
7472;8938;16410;[23,141,11,3,26,43,18,30,25,9,4,1,12,32,14,15,124,8,16,19,61,41,22,47,24,69,5,27,28,56,63,31,29,33,17,35,36,95,38,85,40,49,42,7,44,45,60,39,48,21,92,51,53,13,54,55,6,57,58,59,2,0,62,46,64,10,66,117,68,20,70,71,72,65,74,75,67,77,76,79,80,81,82,83,84,37,86,87,88,89,73,91,78,93,94,114,96,97,98,99,100,101,102,52,104,105,106,107,108,109,110,111,112,113,103,115,116,34,118,119,120,121,122,123,90,125,126,127,128,129,130,131,132,133,134,135,136,137,138,139,140,50,142,143,144,145,146,147,148,149,150,151,152,153,154,155,156,157,158,159,160,161,162,163,164,165,166,167,168,169,170,171,172,173,174,175,176,177,178,179,180,181,182,183,184,185,186,187,188,189,190,191,192,193,194,195,196,197,198,199];False
7418;8967;16385;[5,141,11,3,26,43,18,30,25,9,4,1,12,32,14,15,124,8,16,19,61,41,22,23,24,69,47,27,28,56,63,31,29,33,17,35,36,95,38,85,40,49,42,7,44,45,60,39,48,21,92,51,53,13,54,55,6,57,58,59,2,0,62,46,64,10,66,117,68,20,70,71,72,65,74,75,67,77,76,79,80,81,82,83,84,37,86,87,88,89,73,91,78,93,94,114,96,97,98,99,100,101,102,52,104,105,106,107,108,109,110,111,112,113,103,115,116,34,118,119,120,121,122,123,90,125,126,127,128,129,130,131,132,133,134,135,136,137,138,139,140,50,142,143,144,145,146,147,148,149,150,151,152,153,154,155,156,157,158,159,160,161,162,163,164,165,166,167,168,169,170,171,172,173,174,175,176,177,178,179,180,181,182,183,184,185,186,187,188,189,190,191,192,193,194,195,196,197,198,199];False
7492;8904;16396;[42,141,11,3,26,43,18,30,25,9,4,1,12,32,14,15,124,8,16,19,61,41,22,23,24,69,5,27,28,56,63,31,29,33,17,35,36,95,38,85,40,49,64,7,44,45,60,47,48,21,92,51,53,13,54,55,6,57,58,59,2,0,62,46,39,10,66,117,68,20,70,71,72,65,74,75,67,77,76,79,80,81,82,83,84,37,86,87,88,89,73,91,78,93,94,114,96,97,98,99,100,101,102,52,104,105,106,107,108,109,110,111,112,113,103,115,116,34,118,119,120,121,122,123,90,125,126,127,128,129,130,131,132,133,134,135,136,137,138,139,140,50,142,143,144,145,146,147,148,149,150,151,152,153,154,155,156,157,158,159,160,161,162,163,164,165,166,167,168,169,170,171,172,173,174,175,176,177,178,179,180,181,182,183,184,185,186,187,188,189,190,191,192,193,194,195,196,197,198,199];False
7407;8994;16401;[52,81,11,3,26,43,18,30,25,9,75,1,12,32,14,15,124,8,16,19,61,41,22,23,24,69,5,27,28,56,63,31,29,33,17,35,36,37,60,39,40,49,42,7,44,45,86,47,48,21,50,51,53,13,54,55,6,57,58,59,2,0,62,46,64,10,66,117,68,20,70,71,72,65,74,84,67,77,80,79,38,73,82,83,76,85,92,87,88,89,4,91,78,93,94,95,96,97,98,99,100,101,102,103,104,105,106,107,108,109,110,111,112,113,114,115,116,34,118,119,120,121,122,123,90,125,126,127,128,129,130,131,132,133,134,135,136,137,138,139,140,141,142,143,144,145,146,147,148,149,150,151,152,153,154,155,156,157,158,159,160,161,162,163,164,165,166,167,168,169,170,171,172,173,174,175,176,177,178,179,180,181,182,183,184,185,186,187,188,189,190,191,192,193,194,195,196,197,198,199];False
7319;9014;16333;[61,52,11,3,26,43,18,30,25,9,75,1,12,32,14,15,124,8,16,19,81,41,22,23,24,69,5,27,28,56,63,31,29,33,17,35,36,37,60,39,40,49,42,7,44,45,86,47,48,21,50,51,53,13,54,55,6,57,58,59,2,0,62,46,64,10,66,117,68,20,70,71,72,65,74,84,67,77,80,79,38,73,82,83,76,85,92,87,88,89,4,91,78,93,94,95,96,97,98,99,100,101,102,103,104,105,106,107,108,109,110,111,112,113,114,115,116,34,118,119,120,121,122,123,90,125,126,127,128,129,130,131,132,133,134,135,136,137,138,139,140,141,142,143,144,145,146,147,148,149,150,151,152,153,154,155,156,157,158,159,160,161,162,163,164,165,166,167,168,169,170,171,172,173,174,175,176,177,178,179,180,181,182,183,184,185,186,187,188,189,190,191,192,193,194,195,196,197,198,199];False
7368;8995;16363;[40,52,11,3,26,43,18,30,25,9,75,1,12,32,14,15,124,8,16,19,61,41,22,23,24,69,5,27,28,56,63,31,29,33,17,35,36,37,60,39,81,49,42,7,44,45,86,47,48,21,50,51,53,13,54,55,6,57,58,59,2,0,62,46,64,10,66,117,68,20,70,71,72,65,74,84,67,77,80,79,38,73,82,83,76,85,92,87,88,89,4,91,78,93,94,95,96,97,98,99,100,101,102,103,104,105,106,107,108,109,110,111,112,113,114,115,116,34,118,119,120,121,122,123,90,125,126,127,128,129,130,131,132,133,134,135,136,137,138,139,140,141,142,143,144,145,146,147,148,149,150,151,152,153,154,155,156,157,158,159,160,161,162,163,164,165,166,167,168,169,170,171,172,173,174,175,176,177,178,179,180,181,182,183,184,185,186,187,188,189,190,191,192,193,194,195,196,197,198,199];False
7451;8962;16413;[46,52,11,3,26,43,18,30,25,9,75,1,12,32,14,15,124,8,16,19,61,41,22,23,24,69,5,27,28,56,63,31,29,33,17,35,36,37,60,39,40,49,42,7,44,45,86,47,48,21,50,51,53,13,54,55,6,57,58,59,2,0,62,81,64,10,66,117,68,20,70,71,72,65,74,84,67,77,80,79,38,73,82,83,76,85,92,87,88,89,4,91,78,93,94,95,96,97,98,99,100,101,102,103,104,105,106,107,108,109,110,111,112,113,114,115,116,34,118,119,120,121,122,123,90,125,126,127,128,129,130,131,132,133,134,135,136,137,138,139,140,141,142,143,144,145,146,147,148,149,150,151,152,153,154,155,156,157,158,159,160,161,162,163,164,165,166,167,168,169,170,171,172,173,174,175,176,177,178,179,180,181,182,183,184,185,186,187,188,189,190,191,192,193,194,195,196,197,198,199];False
7332;8992;16324;[77,52,11,3,26,43,18,30,25,9,75,1,12,32,14,15,124,8,16,19,61,41,22,23,24,69,5,27,28,56,63,31,29,33,17,35,36,37,60,39,40,49,42,7,44,45,86,47,48,21,50,51,53,13,54,55,6,57,58,59,2,0,62,46,64,10,66,117,68,20,70,71,72,65,74,84,67,81,80,79,38,73,82,83,76,85,92,87,88,89,4,91,78,93,94,95,96,97,98,99,100,101,102,103,104,105,106,107,108,109,110,111,112,113,114,115,116,34,118,119,120,121,122,123,90,125,126,127,128,129,130,131,132,133,134,135,136,137,138,139,140,141,142,143,144,145,146,147,148,149,150,151,152,153,154,155,156,157,158,159,160,161,162,163,164,165,166,167,168,169,170,171,172,173,174,175,176,177,178,179,180,181,182,183,184,185,186,187,188,189,190,191,192,193,194,195,196,197,198,199];False
7213;9083;16296;[43,52,11,3,26,16,18,30,25,9,4,1,12,32,14,15,124,94,93,19,61,41,22,23,24,69,5,27,28,56,63,31,29,33,17,35,36,37,60,39,40,49,42,7,44,45,86,47,48,21,50,51,53,13,54,55,6,57,58,59,2,0,62,46,64,10,66,117,68,20,70,71,72,65,74,75,67,77,80,79,38,81,82,83,76,85,92,87,88,89,73,91,78,8,84,95,96,97,98,99,100,101,102,103,104,105,106,107,108,109,110,111,112,113,114,115,116,34,118,119,120,121,122,123,90,125,126,127,128,129,130,131,132,133,134,135,136,137,138,139,140,141,142,143,144,145,146,147,148,149,150,151,152,153,154,155,156,157,158,159,160,161,162,163,164,165,166,167,168,169,170,171,172,173,174,175,176,177,178,179,180,181,182,183,184,185,186,187,188,189,190,191,192,193,194,195,196,197,198,199];False
7220;9066;16286;[4,52,11,3,26,43,18,30,25,9,16,1,12,32,14,15,124,94,93,19,61,41,22,23,24,69,5,27,28,56,63,31,29,33,17,35,36,37,60,39,40,49,42,7,44,45,86,47,48,21,50,51,53,13,54,55,6,57,58,59,2,0,62,46,64,10,66,117,68,20,70,71,72,65,74,75,67,77,80,79,38,81,82,83,76,85,92,87,88,89,73,91,78,8,84,95,96,97,98,99,100,101,102,103,104,105,106,107,108,109,110,111,112,113,114,115,116,34,118,119,120,121,122,123,90,125,126,127,128,129,130,131,132,133,134,135,136,137,138,139,140,141,142,143,144,145,146,147,148,149,150,151,152,153,154,155,156,157,158,159,160,161,162,163,164,165,166,167,168,169,170,171,172,173,174,175,176,177,178,179,180,181,182,183,184,185,186,187,188,189,190,191,192,193,194,195,196,197,198,199];False
7200;9095;16295;[61,52,11,3,26,43,18,30,25,9,4,1,12,32,14,15,124,94,93,19,16,41,22,23,24,69,5,27,28,56,63,31,29,33,17,35,36,37,60,39,40,49,42,7,44,45,86,47,48,21,50,51,53,13,54,55,6,57,58,59,2,0,62,46,64,10,66,117,68,20,70,71,72,65,74,75,67,77,80,79,38,81,82,83,76,85,92,87,88,89,73,91,78,8,84,95,96,97,98,99,100,101,102,103,104,105,106,107,108,109,110,111,112,113,114,115,116,34,118,119,120,121,122,123,90,125,126,127,128,129,130,131,132,133,134,135,136,137,138,139,140,141,142,143,144,145,146,147,148,149,150,151,152,153,154,155,156,157,158,159,160,161,162,163,164,165,166,167,168,169,170,171,172,173,174,175,176,177,178,179,180,181,182,183,184,185,186,187,188,189,190,191,192,193,194,195,196,197,198,199];False
7216;9066;16282;[28,52,11,3,26,43,18,30,25,9,4,1,12,32,14,15,124,94,93,19,61,41,22,23,24,69,5,27,16,56,63,31,29,33,17,35,36,37,60,39,40,49,42,7,44,45,86,47,48,21,50,51,53,13,54,55,6,57,58,59,2,0,62,46,64,10,66,117,68,20,70,71,72,65,74,75,67,77,80,79,38,81,82,83,76,85,92,87,88,89,73,91,78,8,84,95,96,97,98,99,100,101,102,103,104,105,106,107,108,109,110,111,112,113,114,115,116,34,118,119,120,121,122,123,90,125,126,127,128,129,130,131,132,133,134,135,136,137,138,139,140,141,142,143,144,145,146,147,148,149,150,151,152,153,154,155,156,157,158,159,160,161,162,163,164,165,166,167,168,169,170,171,172,173,174,175,176,177,178,179,180,181,182,183,184,185,186,187,188,189,190,191,192,193,194,195,196,197,198,199];False
7241;9056;16297;[17,52,11,3,26,43,18,30,25,9,4,1,12,32,14,15,124,94,93,19,61,41,22,23,24,69,5,27,28,56,63,31,29,33,16,35,36,37,60,39,40,49,42,7,44,45,86,47,48,21,50,51,53,13,54,55,6,57,58,59,2,0,62,46,64,10,66,117,68,20,70,71,72,65,74,75,67,77,80,79,38,81,82,83,76,85,92,87,88,89,73,91,78,8,84,95,96,97,98,99,100,101,102,103,104,105,106,107,108,109,110,111,112,113,114,115,116,34,118,119,120,121,122,123,90,125,126,127,128,129,130,131,132,133,134,135,136,137,138,139,140,141,142,143,144,145,146,147,148,149,150,151,152,153,154,155,156,157,158,159,160,161,162,163,164,165,166,167,168,169,170,171,172,173,174,175,176,177,178,179,180,181,182,183,184,185,186,187,188,189,190,191,192,193,194,195,196,197,198,199];False
7265;9046;16311;[53,52,11,3,26,43,18,30,25,9,4,1,12,32,14,15,124,94,93,19,61,41,22,23,24,69,5,27,28,56,63,31,29,33,17,35,36,37,60,39,40,49,42,7,44,45,86,47,48,21,50,51,16,13,54,55,6,57,58,59,2,0,62,46,64,10,66,117,68,20,70,71,72,65,74,75,67,77,80,79,38,81,82,83,76,85,92,87,88,89,73,91,78,8,84,95,96,97,98,99,100,101,102,103,104,105,106,107,108,109,110,111,112,113,114,115,116,34,118,119,120,121,122,123,90,125,126,127,128,129,130,131,132,133,134,135,136,137,138,139,140,141,142,143,144,145,146,147,148,149,150,151,152,153,154,155,156,157,158,159,160,161,162,163,164,165,166,167,168,169,170,171,172,173,174,175,176,177,178,179,180,181,182,183,184,185,186,187,188,189,190,191,192,193,194,195,196,197,198,199];False
7151;9163;16314;[4,52,93,3,26,96,18,30,124,9,6,1,12,32,14,15,16,60,64,19,25,41,22,23,24,69,5,27,28,56,63,31,29,33,17,35,74,37,38,39,40,49,42,7,44,45,86,47,48,21,50,51,0,11,54,55,43,57,58,59,2,36,62,67,13,46,66,10,68,20,70,71,72,65,76,75,151,77,53,79,80,61,82,83,84,85,92,87,88,89,73,91,109,8,94,95,81,97,98,99,100,101,102,103,104,105,106,107,108,78,110,111,112,113,114,115,116,117,118,119,120,121,122,123,90,125,126,127,128,129,130,131,132,133,134,135,136,137,138,139,140,141,142,143,144,145,146,147,148,149,150,34,152,153,154,155,156,157,158,159,160,161,162,163,164,165,166,167,168,169,170,171,172,173,174,175,176,177,178,179,180,181,182,183,184,185,186,187,188,189,190,191,192,193,194,195,196,197,198,199];False
7088;9196;16284;[10,52,93,3,26,96,18,30,124,9,4,1,12,32,14,15,16,60,64,19,25,41,22,23,24,69,5,27,28,56,63,31,29,33,17,35,74,37,38,39,40,49,42,7,44,45,86,47,48,21,50,51,0,11,54,55,43,57,58,59,2,36,62,67,13,46,66,6,68,20,70,71,72,65,76,75,151,77,53,79,80,61,82,83,84,85,92,87,88,89,73,91,109,8,94,95,81,97,98,99,100,101,102,103,104,105,106,107,108,78,110,111,112,113,114,115,116,117,118,119,120,121,122,123,90,125,126,127,128,129,130,131,132,133,134,135,136,137,138,139,140,141,142,143,144,145,146,147,148,149,150,34,152,153,154,155,156,157,158,159,160,161,162,163,164,165,166,167,168,169,170,171,172,173,174,175,176,177,178,179,180,181,182,183,184,185,186,187,188,189,190,191,192,193,194,195,196,197,198,199];False
7185;9156;16341;[65,52,93,3,26,96,18,30,124,9,4,1,12,32,14,15,16,60,64,19,25,41,22,23,24,69,5,27,28,56,63,31,29,33,17,35,74,37,38,39,40,49,42,7,44,45,86,47,48,21,50,51,0,11,54,55,43,57,58,59,2,36,62,67,13,46,66,10,68,20,70,71,72,6,76,75,151,77,53,79,80,61,82,83,84,85,92,87,88,89,73,91,109,8,94,95,81,97,98,99,100,101,102,103,104,105,106,107,108,78,110,111,112,113,114,115,116,117,118,119,120,121,122,123,90,125,126,127,128,129,130,131,132,133,134,135,136,137,138,139,140,141,142,143,144,145,146,147,148,149,150,34,152,153,154,155,156,157,158,159,160,161,162,163,164,165,166,167,168,169,170,171,172,173,174,175,176,177,178,179,180,181,182,183,184,185,186,187,188,189,190,191,192,193,194,195,196,197,198,199];False
7151;9157;16308;[84,52,93,3,26,96,18,30,124,9,4,1,12,32,14,15,16,60,64,19,25,41,22,23,24,69,5,27,28,56,63,31,29,33,17,35,74,37,38,39,40,49,42,7,44,45,86,47,48,21,50,51,0,11,54,55,43,57,58,59,2,36,62,67,13,46,66,10,68,20,70,71,72,65,76,75,151,77,53,79,80,61,82,83,6,85,92,87,88,89,73,91,109,8,94,95,81,97,98,99,100,101,102,103,104,105,106,107,108,78,110,111,112,113,114,115,116,117,118,119,120,121,122,123,90,125,126,127,128,129,130,131,132,133,134,135,136,137,138,139,140,141,142,143,144,145,146,147,148,149,150,34,152,153,154,155,156,157,158,159,160,161,162,163,164,165,166,167,168,169,170,171,172,173,174,175,176,177,178,179,180,181,182,183,184,185,186,187,188,189,190,191,192,193,194,195,196,197,198,199];False
7163;9150;16313;[73,52,93,3,26,96,18,30,124,9,4,1,12,32,14,15,16,60,64,19,25,41,22,23,24,69,5,27,28,56,63,31,29,33,17,35,74,37,38,39,40,49,42,7,44,45,86,47,48,21,50,51,0,11,54,55,43,57,58,59,2,36,62,67,13,46,66,10,68,20,70,71,72,65,76,75,151,77,53,79,80,61,82,83,84,85,92,87,88,89,6,91,109,8,94,95,81,97,98,99,100,101,102,103,104,105,106,107,108,78,110,111,112,113,114,115,116,117,118,119,120,121,122,123,90,125,126,127,128,129,130,131,132,133,134,135,136,137,138,139,140,141,142,143,144,145,146,147,148,149,150,34,152,153,154,155,156,157,158,159,160,161,162,163,164,165,166,167,168,169,170,171,172,173,174,175,176,177,178,179,180,181,182,183,184,185,186,187,188,189,190,191,192,193,194,195,196,197,198,199];False
7118;9169;16287;[100,52,93,3,26,96,18,30,124,9,4,1,12,32,14,15,16,60,64,19,25,41,22,23,24,69,5,27,28,56,63,31,29,33,17,35,74,37,38,39,40,49,42,7,44,45,86,47,48,21,50,51,0,11,54,55,43,57,58,59,2,36,62,67,13,46,66,10,68,20,70,71,72,65,76,75,151,77,53,79,80,61,82,83,84,85,92,87,88,89,73,91,109,8,94,95,81,97,98,99,6,101,102,103,104,105,106,107,108,78,110,111,112,113,114,115,116,117,118,119,120,121,122,123,90,125,126,127,128,129,130,131,132,133,134,135,136,137,138,139,140,141,142,143,144,145,146,147,148,149,150,34,152,153,154,155,156,157,158,159,160,161,162,163,164,165,166,167,168,169,170,171,172,173,174,175,176,177,178,179,180,181,182,183,184,185,186,187,188,189,190,191,192,193,194,195,196,197,198,199];False
7111;9181;16292;[4,52,93,3,26,96,18,30,124,9,80,1,12,32,14,15,16,60,64,19,25,41,22,23,24,69,5,27,28,56,63,31,29,33,17,35,74,37,38,39,40,49,42,7,44,45,86,47,48,21,50,51,0,11,54,55,6,57,58,59,2,36,62,67,13,46,66,10,68,20,70,71,72,65,76,75,151,77,53,79,43,61,82,83,84,85,92,87,88,89,73,91,109,8,94,95,81,97,98,99,100,101,102,103,104,105,106,107,108,78,110,111,112,113,114,115,116,117,118,119,120,121,122,123,90,125,126,127,128,129,130,131,132,133,134,135,136,137,138,139,140,141,142,143,144,145,146,147,148,149,150,34,152,153,154,155,156,157,158,159,160,161,162,163,164,165,166,167,168,169,170,171,172,173,174,175,176,177,178,179,180,181,182,183,184,185,186,187,188,189,190,191,192,193,194,195,196,197,198,199];False
7056;9196;16252;[17,52,93,3,26,96,18,30,124,9,4,1,12,32,14,15,16,60,64,19,25,41,22,23,24,69,5,27,28,56,63,31,29,33,80,35,74,37,38,39,40,49,42,7,44,45,86,47,48,21,50,51,0,11,54,55,6,57,58,59,2,36,62,67,13,46,66,10,68,20,70,71,72,65,76,75,151,77,53,79,43,61,82,83,84,85,92,87,88,89,73,91,109,8,94,95,81,97,98,99,100,101,102,103,104,105,106,107,108,78,110,111,112,113,114,115,116,117,118,119,120,121,122,123,90,125,126,127,128,129,130,131,132,133,134,135,136,137,138,139,140,141,142,143,144,145,146,147,148,149,150,34,152,153,154,155,156,157,158,159,160,161,162,163,164,165,166,167,168,169,170,171,172,173,174,175,176,177,178,179,180,181,182,183,184,185,186,187,188,189,190,191,192,193,194,195,196,197,198,199];False
7190;9141;16331;[67,52,93,3,26,96,18,30,124,9,4,1,12,32,14,15,16,60,64,19,25,41,22,23,24,69,5,27,28,56,63,31,29,33,17,35,74,37,38,39,40,49,42,7,44,45,86,47,48,21,50,51,0,11,54,55,6,57,58,59,2,36,62,80,13,46,66,10,68,20,70,71,72,65,76,75,151,77,53,79,43,61,82,83,84,85,92,87,88,89,73,91,109,8,94,95,81,97,98,99,100,101,102,103,104,105,106,107,108,78,110,111,112,113,114,115,116,117,118,119,120,121,122,123,90,125,126,127,128,129,130,131,132,133,134,135,136,137,138,139,140,141,142,143,144,145,146,147,148,149,150,34,152,153,154,155,156,157,158,159,160,161,162,163,164,165,166,167,168,169,170,171,172,173,174,175,176,177,178,179,180,181,182,183,184,185,186,187,188,189,190,191,192,193,194,195,196,197,198,199];False
7101;9175;16276;[151,52,93,3,26,96,18,30,124,9,4,1,12,32,14,15,16,60,64,19,25,41,22,23,24,69,5,27,28,56,63,31,29,33,17,35,74,37,38,39,40,49,42,7,44,45,86,47,48,21,50,51,0,11,54,55,6,57,58,59,2,36,62,67,13,46,66,10,68,20,70,71,72,65,76,75,80,77,53,79,43,61,82,83,84,85,92,87,88,89,73,91,109,8,94,95,81,97,98,99,100,101,102,103,104,105,106,107,108,78,110,111,112,113,114,115,116,117,118,119,120,121,122,123,90,125,126,127,128,129,130,131,132,133,134,135,136,137,138,139,140,141,142,143,144,145,146,147,148,149,150,34,152,153,154,155,156,157,158,159,160,161,162,163,164,165,166,167,168,169,170,171,172,173,174,175,176,177,178,179,180,181,182,183,184,185,186,187,188,189,190,191,192,193,194,195,196,197,198,199];False
7165;9135;16300;[53,52,93,3,26,96,18,30,124,9,4,1,12,32,14,15,16,60,64,19,25,41,22,23,24,69,5,27,28,56,63,31,29,33,17,35,74,37,38,39,40,49,42,7,44,45,86,47,48,21,50,51,0,11,54,55,6,57,58,59,2,36,62,67,13,46,66,10,68,20,70,71,72,65,76,75,151,77,80,79,43,61,82,83,84,85,92,87,88,89,73,91,109,8,94,95,81,97,98,99,100,101,102,103,104,105,106,107,108,78,110,111,112,113,114,115,116,117,118,119,120,121,122,123,90,125,126,127,128,129,130,131,132,133,134,135,136,137,138,139,140,141,142,143,144,145,146,147,148,149,150,34,152,153,154,155,156,157,158,159,160,161,162,163,164,165,166,167,168,169,170,171,172,173,174,175,176,177,178,179,180,181,182,183,184,185,186,187,188,189,190,191,192,193,194,195,196,197,198,199];False
7096;9158;16254;[73,52,93,3,26,96,18,30,124,9,4,1,12,32,14,15,16,60,64,19,25,41,22,23,24,69,5,27,28,56,63,31,29,33,17,35,74,37,38,39,40,49,42,7,44,45,86,47,48,21,50,51,0,11,54,55,6,57,58,59,2,36,62,67,13,46,66,10,68,20,70,71,72,65,76,75,151,77,53,79,43,61,82,83,84,85,92,87,88,89,80,91,109,8,94,95,81,97,98,99,100,101,102,103,104,105,106,107,108,78,110,111,112,113,114,115,116,117,118,119,120,121,122,123,90,125,126,127,128,129,130,131,132,133,134,135,136,137,138,139,140,141,142,143,144,145,146,147,148,149,150,34,152,153,154,155,156,157,158,159,160,161,162,163,164,165,166,167,168,169,170,171,172,173,174,175,176,177,178,179,180,181,182,183,184,185,186,187,188,189,190,191,192,193,194,195,196,197,198,199];False
7273;9042;16315;[105,52,93,3,26,96,18,30,124,9,4,1,12,32,14,15,16,60,64,19,25,41,22,23,24,69,5,27,28,56,63,31,29,33,17,35,36,37,38,39,40,49,42,7,44,45,86,47,48,21,50,51,0,11,54,55,6,57,58,59,2,61,84,67,13,46,66,10,68,20,70,71,72,65,74,75,151,77,43,79,80,62,82,83,76,85,92,87,88,89,53,91,109,8,94,95,81,97,98,99,100,101,102,103,104,73,106,107,108,78,110,111,112,113,114,115,116,117,118,119,120,121,122,123,90,125,126,127,128,129,130,131,132,133,134,135,136,137,138,139,140,141,142,143,144,145,146,147,148,149,150,34,152,153,154,155,156,157,158,159,160,161,162,163,164,165,166,167,168,169,170,171,172,173,174,175,176,177,178,179,180,181,182,183,184,185,186,187,188,189,190,191,192,193,194,195,196,197,198,199];False
7291;8996;16287;[117,52,93,3,26,96,18,30,124,9,4,1,12,32,14,15,16,60,64,19,25,41,22,23,24,69,5,27,28,56,63,31,29,33,17,35,36,37,38,39,40,49,42,7,44,45,86,47,48,21,50,51,0,11,54,55,6,57,58,59,2,61,84,67,13,46,66,10,68,20,70,71,72,65,74,75,151,77,43,79,80,62,82,83,76,85,92,87,88,89,53,91,109,8,94,95,81,97,98,99,100,101,102,103,104,105,106,107,108,78,110,111,112,113,114,115,116,73,118,119,120,121,122,123,90,125,126,127,128,129,130,131,132,133,134,135,136,137,138,139,140,141,142,143,144,145,146,147,148,149,150,34,152,153,154,155,156,157,158,159,160,161,162,163,164,165,166,167,168,169,170,171,172,173,174,175,176,177,178,179,180,181,182,183,184,185,186,187,188,189,190,191,192,193,194,195,196,197,198,199];False
8068;8815;16883;[3,141,11,12,26,43,18,30,25,9,4,1,75,32,14,15,124,46,16,19,61,41,22,23,24,69,5,27,28,56,63,31,29,33,17,8,36,37,38,39,40,49,42,7,44,45,60,47,48,21,92,51,53,13,54,55,6,57,58,59,2,0,62,96,64,10,66,117,68,20,70,71,72,65,74,82,67,77,76,79,80,81,35,83,52,85,86,87,88,89,73,91,78,93,94,95,84,97,98,99,100,101,102,103,104,105,106,107,108,109,110,111,112,113,114,115,116,34,118,119,120,121,122,123,90,125,126,127,128,129,130,131,132,133,134,135,136,137,138,139,140,50,142,143,144,145,146,147,148,149,150,151,152,153,154,155,156,157,158,159,160,161,162,163,164,165,166,167,168,169,170,171,172,173,174,175,176,177,178,179,180,181,182,183,184,185,186,187,188,189,190,191,192,193,194,195,196,197,198,199];False
8065;8806;16871;[18,141,11,3,26,43,12,30,25,9,4,1,75,32,14,15,124,46,16,19,61,41,22,23,24,69,5,27,28,56,63,31,29,33,17,8,36,37,38,39,40,49,42,7,44,45,60,47,48,21,92,51,53,13,54,55,6,57,58,59,2,0,62,96,64,10,66,117,68,20,70,71,72,65,74,82,67,77,76,79,80,81,35,83,52,85,86,87,88,89,73,91,78,93,94,95,84,97,98,99,100,101,102,103,104,105,106,107,108,109,110,111,112,113,114,115,116,34,118,119,120,121,122,123,90,125,126,127,128,129,130,131,132,133,134,135,136,137,138,139,140,50,142,143,144,145,146,147,148,149,150,151,152,153,154,155,156,157,158,159,160,161,162,163,164,165,166,167,168,169,170,171,172,173,174,175,176,177,178,179,180,181,182,183,184,185,186,187,188,189,190,191,192,193,194,195,196,197,198,199];False
8045;8808;16853;[30,141,11,3,26,43,18,12,25,9,4,1,75,32,14,15,124,46,16,19,61,41,22,23,24,69,5,27,28,56,63,31,29,33,17,8,36,37,38,39,40,49,42,7,44,45,60,47,48,21,92,51,53,13,54,55,6,57,58,59,2,0,62,96,64,10,66,117,68,20,70,71,72,65,74,82,67,77,76,79,80,81,35,83,52,85,86,87,88,89,73,91,78,93,94,95,84,97,98,99,100,101,102,103,104,105,106,107,108,109,110,111,112,113,114,115,116,34,118,119,120,121,122,123,90,125,126,127,128,129,130,131,132,133,134,135,136,137,138,139,140,50,142,143,144,145,146,147,148,149,150,151,152,153,154,155,156,157,158,159,160,161,162,163,164,165,166,167,168,169,170,171,172,173,174,175,176,177,178,179,180,181,182,183,184,185,186,187,188,189,190,191,192,193,194,195,196,197,198,199];False
7920;8817;16737;[23,141,11,3,26,43,18,30,25,9,4,1,75,32,14,15,124,46,16,19,61,41,22,12,24,69,5,27,28,56,63,31,29,33,17,8,36,37,38,39,40,49,42,7,44,45,60,47,48,21,92,51,53,13,54,55,6,57,58,59,2,0,62,96,64,10,66,117,68,20,70,71,72,65,74,82,67,77,76,79,80,81,35,83,52,85,86,87,88,89,73,91,78,93,94,95,84,97,98,99,100,101,102,103,104,105,106,107,108,109,110,111,112,113,114,115,116,34,118,119,120,121,122,123,90,125,126,127,128,129,130,131,132,133,134,135,136,137,138,139,140,50,142,143,144,145,146,147,148,149,150,151,152,153,154,155,156,157,158,159,160,161,162,163,164,165,166,167,168,169,170,171,172,173,174,175,176,177,178,179,180,181,182,183,184,185,186,187,188,189,190,191,192,193,194,195,196,197,198,199];False
7620;8875;16495;[14,141,11,3,26,43,18,30,25,9,4,1,12,32,95,15,124,46,16,19,61,41,22,23,24,69,5,27,28,56,63,31,29,33,17,8,36,37,38,39,40,49,42,7,44,45,60,47,48,21,92,51,53,13,54,55,6,57,58,59,2,0,62,96,64,10,66,117,68,20,70,71,72,65,74,75,67,77,76,79,80,81,82,83,52,85,86,87,88,89,73,91,35,93,94,127,84,97,98,99,100,101,102,103,104,105,106,107,108,109,110,111,112,113,114,115,116,34,118,119,120,121,122,123,90,125,126,78,128,129,130,131,132,133,134,135,136,137,138,139,140,50,142,143,144,145,146,147,148,149,150,151,152,153,154,155,156,157,158,159,160,161,162,163,164,165,166,167,168,169,170,171,172,173,174,175,176,177,178,179,180,181,182,183,184,185,186,187,188,189,190,191,192,193,194,195,196,197,198,199];False
7574;8866;16440;[16,141,11,3,26,43,18,30,25,9,4,1,12,32,14,15,124,46,95,19,61,41,22,23,24,69,5,27,28,56,63,31,29,33,17,8,36,37,38,39,40,49,42,7,44,45,60,47,48,21,92,51,53,13,54,55,6,57,58,59,2,0,62,96,64,10,66,117,68,20,70,71,72,65,74,75,67,77,76,79,80,81,82,83,52,85,86,87,88,89,73,91,35,93,94,127,84,97,98,99,100,101,102,103,104,105,106,107,108,109,110,111,112,113,114,115,116,34,118,119,120,121,122,123,90,125,126,78,128,129,130,131,132,133,134,135,136,137,138,139,140,50,142,143,144,145,146,147,148,149,150,151,152,153,154,155,156,157,158,159,160,161,162,163,164,165,166,167,168,169,170,171,172,173,174,175,176,177,178,179,180,181,182,183,184,185,186,187,188,189,190,191,192,193,194,195,196,197,198,199];False
7560;8893;16453;[14,141,11,3,26,43,18,30,25,9,4,1,12,32,103,15,124,46,16,19,61,41,22,23,24,69,5,27,28,56,63,31,29,33,17,8,36,37,38,39,40,49,42,7,44,45,60,47,48,21,92,51,53,13,54,55,6,57,58,59,2,0,62,96,64,10,66,117,68,20,70,71,72,65,74,75,67,77,76,79,80,81,82,83,52,85,86,87,88,89,73,91,35,93,94,95,84,97,98,99,100,101,102,127,104,105,106,107,108,109,110,111,112,113,114,115,116,34,118,119,120,121,122,123,90,125,126,78,128,129,130,131,132,133,134,135,136,137,138,139,140,50,142,143,144,145,146,147,148,149,150,151,152,153,154,155,156,157,158,159,160,161,162,163,164,165,166,167,168,169,170,171,172,173,174,175,176,177,178,179,180,181,182,183,184,185,186,187,188,189,190,191,192,193,194,195,196,197,198,199];False
7524;8883;16407;[114,141,11,3,26,43,18,30,25,9,4,1,12,32,14,15,124,46,16,19,61,41,22,23,24,69,5,27,28,56,63,31,29,33,17,8,36,37,38,39,40,49,42,7,44,45,60,47,48,21,92,51,53,13,54,55,6,57,58,59,2,0,62,96,64,10,66,117,68,20,70,71,72,65,74,75,67,77,76,79,80,81,82,83,52,85,86,87,88,89,73,91,35,93,94,95,84,97,98,99,100,101,102,127,104,105,106,107,108,109,110,111,112,113,103,115,116,34,118,119,120,121,122,123,90,125,126,78,128,129,130,131,132,133,134,135,136,137,138,139,140,50,142,143,144,145,146,147,148,149,150,151,152,153,154,155,156,157,158,159,160,161,162,163,164,165,166,167,168,169,170,171,172,173,174,175,176,177,178,179,180,181,182,183,184,185,186,187,188,189,190,191,192,193,194,195,196,197,198,199];False
7648;8831;16479;[16,141,11,3,26,43,18,30,25,9,4,1,12,32,14,15,124,46,109,19,61,41,22,23,24,69,5,27,28,56,63,31,29,33,17,8,36,37,38,39,40,49,42,7,44,45,60,47,48,21,92,51,53,13,54,55,6,57,58,59,2,0,62,96,64,10,66,117,68,20,70,71,72,65,74,75,67,77,76,79,80,81,82,83,52,85,86,87,88,89,73,91,35,93,94,95,84,97,98,99,100,101,102,103,104,105,106,107,108,127,110,111,112,113,114,115,116,34,118,119,120,121,122,123,90,125,126,78,128,129,130,131,132,133,134,135,136,137,138,139,140,50,142,143,144,145,146,147,148,149,150,151,152,153,154,155,156,157,158,159,160,161,162,163,164,165,166,167,168,169,170,171,172,173,174,175,176,177,178,179,180,181,182,183,184,185,186,187,188,189,190,191,192,193,194,195,196,197,198,199];False
7641;8846;16487;[28,141,11,3,26,43,18,30,25,9,4,1,12,32,14,15,124,46,16,19,61,41,22,23,24,69,5,27,109,56,63,31,29,33,17,8,36,37,38,39,40,49,42,7,44,45,60,47,48,21,92,51,53,13,54,55,6,57,58,59,2,0,62,96,64,10,66,117,68,20,70,71,72,65,74,75,67,77,76,79,80,81,82,83,52,85,86,87,88,89,73,91,35,93,94,95,84,97,98,99,100,101,102,103,104,105,106,107,108,127,110,111,112,113,114,115,116,34,118,119,120,121,122,123,90,125,126,78,128,129,130,131,132,133,134,135,136,137,138,139,140,50,142,143,144,145,146,147,148,149,150,151,152,153,154,155,156,157,158,159,160,161,162,163,164,165,166,167,168,169,170,171,172,173,174,175,176,177,178,179,180,181,182,183,184,185,186,187,188,189,190,191,192,193,194,195,196,197,198,199];False
7621;8849;16470;[94,141,11,3,26,43,18,30,25,9,4,1,12,32,14,15,124,46,16,19,61,41,22,23,24,69,5,27,28,56,63,31,29,33,17,8,36,37,38,39,40,49,42,7,44,45,60,47,48,21,92,51,53,13,54,55,6,57,58,59,2,0,62,96,64,10,66,117,68,20,70,71,72,65,74,75,67,77,76,79,80,81,82,83,52,85,86,87,88,89,73,91,35,93,109,95,84,97,98,99,100,101,102,103,104,105,106,107,108,127,110,111,112,113,114,115,116,34,118,119,120,121,122,123,90,125,126,78,128,129,130,131,132,133,134,135,136,137,138,139,140,50,142,143,144,145,146,147,148,149,150,151,152,153,154,155,156,157,158,159,160,161,162,163,164,165,166,167,168,169,170,171,172,173,174,175,176,177,178,179,180,181,182,183,184,185,186,187,188,189,190,191,192,193,194,195,196,197,198,199];False
7595;8825;16420;[16,141,11,3,26,43,18,30,25,9,4,1,12,32,14,15,124,46,174,19,61,41,22,23,24,69,5,27,28,56,63,31,29,33,17,8,36,37,38,39,40,49,42,7,44,45,60,47,48,21,92,51,53,13,54,55,6,57,58,59,2,0,62,96,64,10,66,117,68,20,70,71,72,65,74,75,67,77,76,79,80,81,82,83,52,85,86,87,88,89,73,91,35,93,94,95,84,97,98,99,100,101,102,103,104,105,106,107,108,109,110,111,112,113,114,115,116,34,118,119,120,121,122,123,90,125,126,78,128,129,130,131,132,133,134,135,136,137,138,139,140,50,142,143,144,145,146,147,148,149,150,151,152,153,154,155,156,157,158,159,160,161,162,163,164,165,166,167,168,169,170,171,172,173,127,175,176,177,178,179,180,181,182,183,184,185,186,187,188,189,190,191,192,193,194,195,196,197,198,199];False
7572;8852;16424;[92,141,11,3,26,43,18,30,25,9,4,1,12,32,14,15,124,46,16,19,61,41,22,23,24,69,5,27,28,56,63,31,29,33,17,8,36,37,38,39,40,49,42,7,44,45,60,47,48,21,174,51,53,13,54,55,6,57,58,59,2,0,62,96,64,10,66,117,68,20,70,71,72,65,74,75,67,77,76,79,80,81,82,83,52,85,86,87,88,89,73,91,35,93,94,95,84,97,98,99,100,101,102,103,104,105,106,107,108,109,110,111,112,113,114,115,116,34,118,119,120,121,122,123,90,125,126,78,128,129,130,131,132,133,134,135,136,137,138,139,140,50,142,143,144,145,146,147,148,149,150,151,152,153,154,155,156,157,158,159,160,161,162,163,164,165,166,167,168,169,170,171,172,173,127,175,176,177,178,179,180,181,182,183,184,185,186,187,188,189,190,191,192,193,194,195,196,197,198,199];False
7684;8808;16492;[75,141,11,3,26,43,18,30,25,9,4,1,12,32,14,15,124,46,16,19,61,41,22,23,24,69,5,27,28,56,63,31,29,33,17,8,36,37,38,39,40,49,42,7,44,45,60,47,48,21,92,51,53,13,54,55,6,57,58,59,2,0,62,96,64,10,66,117,68,20,70,71,72,65,74,174,67,77,76,79,80,81,82,83,52,85,86,87,88,89,73,91,35,93,94,95,84,97,98,99,100,101,102,103,104,105,106,107,108,109,110,111,112,113,114,115,116,34,118,119,120,121,122,123,90,125,126,78,128,129,130,131,132,133,134,135,136,137,138,139,140,50,142,143,144,145,146,147,148,149,150,151,152,153,154,155,156,157,158,159,160,161,162,163,164,165,166,167,168,169,170,171,172,173,127,175,176,177,178,179,180,181,182,183,184,185,186,187,188,189,190,191,192,193,194,195,196,197,198,199];False
7367;8956;16323;[14,141,11,47,26,43,18,30,25,9,4,1,12,32,3,15,124,8,16,19,61,41,22,23,24,69,5,27,28,56,63,31,29,33,17,35,36,95,38,85,40,49,42,7,44,45,60,39,48,21,92,51,53,13,54,55,6,57,58,59,2,0,62,46,64,10,66,117,68,20,70,71,72,65,74,75,67,77,76,79,80,81,82,83,84,37,86,87,88,89,73,91,78,93,94,114,96,97,98,99,100,101,102,52,104,105,106,107,108,109,110,111,112,113,103,115,116,34,118,119,120,121,122,123,90,125,126,127,128,129,130,131,132,133,134,135,136,137,138,139,140,50,142,143,144,145,146,147,148,149,150,151,152,153,154,155,156,157,158,159,160,161,162,163,164,165,166,167,168,169,170,171,172,173,174,175,176,177,178,179,180,181,182,183,184,185,186,187,188,189,190,191,192,193,194,195,196,197,198,199];False
7440;8942;16382;[19,141,11,47,26,43,18,30,25,9,4,1,12,32,14,15,124,8,16,3,61,41,22,23,24,69,5,27,28,56,63,31,29,33,17,35,36,95,38,85,40,49,42,7,44,45,60,39,48,21,92,51,53,13,54,55,6,57,58,59,2,0,62,46,64,10,66,117,68,20,70,71,72,65,74,75,67,77,76,79,80,81,82,83,84,37,86,87,88,89,73,91,78,93,94,114,96,97,98,99,100,101,102,52,104,105,106,107,108,109,110,111,112,113,103,115,116,34,118,119,120,121,122,123,90,125,126,127,128,129,130,131,132,133,134,135,136,137,138,139,140,50,142,143,144,145,146,147,148,149,150,151,152,153,154,155,156,157,158,159,160,161,162,163,164,165,166,167,168,169,170,171,172,173,174,175,176,177,178,179,180,181,182,183,184,185,186,187,188,189,190,191,192,193,194,195,196,197,198,199];False
7451;8937;16388;[101,141,11,3,26,43,18,30,25,9,4,1,12,32,14,15,124,8,16,19,61,41,22,47,24,69,5,27,28,56,63,31,29,33,17,35,36,95,38,85,40,49,42,7,44,45,60,39,48,21,92,51,53,13,54,55,6,57,58,59,2,0,62,46,64,10,66,117,68,20,70,71,72,65,74,75,67,77,76,79,80,81,82,83,84,37,86,87,88,89,73,91,78,93,94,114,96,97,98,99,100,23,102,52,104,105,106,107,108,109,110,111,112,113,103,115,116,34,118,119,120,121,122,123,90,125,126,127,128,129,130,131,132,133,134,135,136,137,138,139,140,50,142,143,144,145,146,147,148,149,150,151,152,153,154,155,156,157,158,159,160,161,162,163,164,165,166,167,168,169,170,171,172,173,174,175,176,177,178,179,180,181,182,183,184,185,186,187,188,189,190,191,192,193,194,195,196,197,198,199];False
7453;8931;16384;[25,141,11,3,26,43,18,30,42,9,4,1,12,32,14,15,124,8,16,19,61,41,22,23,24,69,5,27,28,56,63,31,29,33,17,35,36,95,38,85,40,49,64,7,44,45,60,47,48,21,92,51,53,13,54,55,6,57,58,59,2,0,62,46,39,10,66,117,68,20,70,71,72,65,74,75,67,77,76,79,80,81,82,83,84,37,86,87,88,89,73,91,78,93,94,114,96,97,98,99,100,101,102,52,104,105,106,107,108,109,110,111,112,113,103,115,116,34,118,119,120,121,122,123,90,125,126,127,128,129,130,131,132,133,134,135,136,137,138,139,140,50,142,143,144,145,146,147,148,149,150,151,152,153,154,155,156,157,158,159,160,161,162,163,164,165,166,167,168,169,170,171,172,173,174,175,176,177,178,179,180,181,182,183,184,185,186,187,188,189,190,191,192,193,194,195,196,197,198,199];False
7438;8939;16377;[14,141,11,3,26,43,18,30,25,9,4,1,12,32,42,15,124,8,16,19,61,41,22,23,24,69,5,27,28,56,63,31,29,33,17,35,36,95,38,85,40,49,64,7,44,45,60,47,48,21,92,51,53,13,54,55,6,57,58,59,2,0,62,46,39,10,66,117,68,20,70,71,72,65,74,75,67,77,76,79,80,81,82,83,84,37,86,87,88,89,73,91,78,93,94,114,96,97,98,99,100,101,102,52,104,105,106,107,108,109,110,111,112,113,103,115,116,34,118,119,120,121,122,123,90,125,126,127,128,129,130,131,132,133,134,135,136,137,138,139,140,50,142,143,144,145,146,147,148,149,150,151,152,153,154,155,156,157,158,159,160,161,162,163,164,165,166,167,168,169,170,171,172,173,174,175,176,177,178,179,180,181,182,183,184,185,186,187,188,189,190,191,192,193,194,195,196,197,198,199];False
7490;8913;16403;[23,141,11,3,26,43,18,30,25,9,4,1,12,32,14,15,124,8,16,19,61,41,22,42,24,69,5,27,28,56,63,31,29,33,17,35,36,95,38,85,40,49,64,7,44,45,60,47,48,21,92,51,53,13,54,55,6,57,58,59,2,0,62,46,39,10,66,117,68,20,70,71,72,65,74,75,67,77,76,79,80,81,82,83,84,37,86,87,88,89,73,91,78,93,94,114,96,97,98,99,100,101,102,52,104,105,106,107,108,109,110,111,112,113,103,115,116,34,118,119,120,121,122,123,90,125,126,127,128,129,130,131,132,133,134,135,136,137,138,139,140,50,142,143,144,145,146,147,148,149,150,151,152,153,154,155,156,157,158,159,160,161,162,163,164,165,166,167,168,169,170,171,172,173,174,175,176,177,178,179,180,181,182,183,184,185,186,187,188,189,190,191,192,193,194,195,196,197,198,199];False
7460;8930;16390;[27,141,11,3,26,43,18,30,25,9,4,1,12,32,14,15,124,8,16,19,61,41,22,23,24,69,5,42,28,56,63,31,29,33,17,35,36,95,38,85,40,49,64,7,44,45,60,47,48,21,92,51,53,13,54,55,6,57,58,59,2,0,62,46,39,10,66,117,68,20,70,71,72,65,74,75,67,77,76,79,80,81,82,83,84,37,86,87,88,89,73,91,78,93,94,114,96,97,98,99,100,101,102,52,104,105,106,107,108,109,110,111,112,113,103,115,116,34,118,119,120,121,122,123,90,125,126,127,128,129,130,131,132,133,134,135,136,137,138,139,140,50,142,143,144,145,146,147,148,149,150,151,152,153,154,155,156,157,158,159,160,161,162,163,164,165,166,167,168,169,170,171,172,173,174,175,176,177,178,179,180,181,182,183,184,185,186,187,188,189,190,191,192,193,194,195,196,197,198,199];False
7508;8900;16408;[60,141,11,3,26,43,18,30,25,9,4,1,12,32,14,15,124,8,16,19,61,41,22,23,24,69,5,27,28,56,63,31,29,33,17,35,36,95,38,85,40,49,64,7,44,45,42,47,48,21,92,51,53,13,54,55,6,57,58,59,2,0,62,46,39,10,66,117,68,20,70,71,72,65,74,75,67,77,76,79,80,81,82,83,84,37,86,87,88,89,73,91,78,93,94,114,96,97,98,99,100,101,102,52,104,105,106,107,108,109,110,111,112,113,103,115,116,34,118,119,120,121,122,123,90,125,126,127,128,129,130,131,132,133,134,135,136,137,138,139,140,50,142,143,144,145,146,147,148,149,150,151,152,153,154,155,156,157,158,159,160,161,162,163,164,165,166,167,168,169,170,171,172,173,174,175,176,177,178,179,180,181,182,183,184,185,186,187,188,189,190,191,192,193,194,195,196,197,198,199];False
7455;8925;16380;[47,141,11,3,26,43,18,30,25,9,4,1,12,32,14,15,124,8,16,19,61,41,22,23,24,69,5,27,28,56,63,31,29,33,17,35,36,95,38,85,40,49,64,7,44,45,60,42,48,21,92,51,53,13,54,55,6,57,58,59,2,0,62,46,39,10,66,117,68,20,70,71,72,65,74,75,67,77,76,79,80,81,82,83,84,37,86,87,88,89,73,91,78,93,94,114,96,97,98,99,100,101,102,52,104,105,106,107,108,109,110,111,112,113,103,115,116,34,118,119,120,121,122,123,90,125,126,127,128,129,130,131,132,133,134,135,136,137,138,139,140,50,142,143,144,145,146,147,148,149,150,151,152,153,154,155,156,157,158,159,160,161,162,163,164,165,166,167,168,169,170,171,172,173,174,175,176,177,178,179,180,181,182,183,184,185,186,187,188,189,190,191,192,193,194,195,196,197,198,199];False
7486;8903;16389;[59,141,11,3,26,43,18,30,25,9,4,1,12,32,14,15,124,8,16,19,61,41,22,23,24,69,5,27,28,56,63,31,29,33,17,35,36,95,38,85,40,49,64,7,44,45,60,47,48,21,92,51,53,13,54,55,6,57,58,42,2,0,62,46,39,10,66,117,68,20,70,71,72,65,74,75,67,77,76,79,80,81,82,83,84,37,86,87,88,89,73,91,78,93,94,114,96,97,98,99,100,101,102,52,104,105,106,107,108,109,110,111,112,113,103,115,116,34,118,119,120,121,122,123,90,125,126,127,128,129,130,131,132,133,134,135,136,137,138,139,140,50,142,143,144,145,146,147,148,149,150,151,152,153,154,155,156,157,158,159,160,161,162,163,164,165,166,167,168,169,170,171,172,173,174,175,176,177,178,179,180,181,182,183,184,185,186,187,188,189,190,191,192,193,194,195,196,197,198,199];False
7308;8979;16287;[62,52,11,3,26,43,18,30,25,9,75,1,12,32,14,15,124,8,16,19,61,41,22,23,24,69,5,27,28,56,63,31,29,33,17,35,36,37,60,39,40,49,42,7,44,45,86,47,48,21,50,51,53,13,54,55,6,57,58,59,2,0,77,46,64,10,66,117,68,20,70,71,72,65,74,84,67,81,80,79,38,73,82,83,76,85,92,87,88,89,4,91,78,93,94,95,96,97,98,99,100,101,102,103,104,105,106,107,108,109,110,111,112,113,114,115,116,34,118,119,120,121,122,123,90,125,126,127,128,129,130,131,132,133,134,135,136,137,138,139,140,141,142,143,144,145,146,147,148,149,150,151,152,153,154,155,156,157,158,159,160,161,162,163,164,165,166,167,168,169,170,171,172,173,174,175,176,177,178,179,180,181,182,183,184,185,186,187,188,189,190,191,192,193,194,195,196,197,198,199];False
7229;9064;16293;[6,52,11,3,26,16,18,30,25,9,4,1,12,32,14,15,124,94,93,19,61,41,22,23,24,69,5,27,28,56,63,31,29,33,17,35,36,37,60,39,40,49,42,7,44,45,86,47,48,21,50,51,53,13,54,55,43,57,58,59,2,0,62,46,64,10,66,117,68,20,70,71,72,65,74,75,67,77,80,79,38,81,82,83,76,85,92,87,88,89,73,91,78,8,84,95,96,97,98,99,100,101,102,103,104,105,106,107,108,109,110,111,112,113,114,115,116,34,118,119,120,121,122,123,90,125,126,127,128,129,130,131,132,133,134,135,136,137,138,139,140,141,142,143,144,145,146,147,148,149,150,151,152,153,154,155,156,157,158,159,160,161,162,163,164,165,166,167,168,169,170,171,172,173,174,175,176,177,178,179,180,181,182,183,184,185,186,187,188,189,190,191,192,193,194,195,196,197,198,199];False
7206;9081;16287;[62,52,11,3,26,16,18,30,25,9,4,1,12,32,14,15,124,94,93,19,61,41,22,23,24,69,5,27,28,56,63,31,29,33,17,35,36,37,60,39,40,49,42,7,44,45,86,47,48,21,50,51,53,13,54,55,6,57,58,59,2,0,43,46,64,10,66,117,68,20,70,71,72,65,74,75,67,77,80,79,38,81,82,83,76,85,92,87,88,89,73,91,78,8,84,95,96,97,98,99,100,101,102,103,104,105,106,107,108,109,110,111,112,113,114,115,116,34,118,119,120,121,122,123,90,125,126,127,128,129,130,131,132,133,134,135,136,137,138,139,140,141,142,143,144,145,146,147,148,149,150,151,152,153,154,155,156,157,158,159,160,161,162,163,164,165,166,167,168,169,170,171,172,173,174,175,176,177,178,179,180,181,182,183,184,185,186,187,188,189,190,191,192,193,194,195,196,197,198,199];False
7174;9094;16268;[36,52,11,3,26,43,18,30,25,9,4,1,12,32,14,15,124,94,93,19,16,41,22,23,24,69,5,27,28,56,63,31,29,33,17,35,61,37,60,39,40,49,42,7,44,45,86,47,48,21,50,51,53,13,54,55,6,57,58,59,2,0,62,46,64,10,66,117,68,20,70,71,72,65,74,75,67,77,80,79,38,81,82,83,76,85,92,87,88,89,73,91,78,8,84,95,96,97,98,99,100,101,102,103,104,105,106,107,108,109,110,111,112,113,114,115,116,34,118,119,120,121,122,123,90,125,126,127,128,129,130,131,132,133,134,135,136,137,138,139,140,141,142,143,144,145,146,147,148,149,150,151,152,153,154,155,156,157,158,159,160,161,162,163,164,165,166,167,168,169,170,171,172,173,174,175,176,177,178,179,180,181,182,183,184,185,186,187,188,189,190,191,192,193,194,195,196,197,198,199];False
7144;9108;16252;[25,52,11,3,26,43,18,30,28,9,4,1,12,32,14,15,124,94,93,19,61,41,22,23,24,69,5,27,16,56,63,31,29,33,17,35,36,37,60,39,40,49,42,7,44,45,86,47,48,21,50,51,53,13,54,55,6,57,58,59,2,0,62,46,64,10,66,117,68,20,70,71,72,65,74,75,67,77,80,79,38,81,82,83,76,85,92,87,88,89,73,91,78,8,84,95,96,97,98,99,100,101,102,103,104,105,106,107,108,109,110,111,112,113,114,115,116,34,118,119,120,121,122,123,90,125,126,127,128,129,130,131,132,133,134,135,136,137,138,139,140,141,142,143,144,145,146,147,148,149,150,151,152,153,154,155,156,157,158,159,160,161,162,163,164,165,166,167,168,169,170,171,172,173,174,175,176,177,178,179,180,181,182,183,184,185,186,187,188,189,190,191,192,193,194,195,196,197,198,199];False
7238;9049;16287;[4,52,11,3,26,43,18,30,25,9,28,1,12,32,14,15,124,94,93,19,61,41,22,23,24,69,5,27,16,56,63,31,29,33,17,35,36,37,60,39,40,49,42,7,44,45,86,47,48,21,50,51,53,13,54,55,6,57,58,59,2,0,62,46,64,10,66,117,68,20,70,71,72,65,74,75,67,77,80,79,38,81,82,83,76,85,92,87,88,89,73,91,78,8,84,95,96,97,98,99,100,101,102,103,104,105,106,107,108,109,110,111,112,113,114,115,116,34,118,119,120,121,122,123,90,125,126,127,128,129,130,131,132,133,134,135,136,137,138,139,140,141,142,143,144,145,146,147,148,149,150,151,152,153,154,155,156,157,158,159,160,161,162,163,164,165,166,167,168,169,170,171,172,173,174,175,176,177,178,179,180,181,182,183,184,185,186,187,188,189,190,191,192,193,194,195,196,197,198,199];False
7186;9072;16258;[14,52,11,3,26,43,18,30,25,9,4,1,12,32,28,15,124,94,93,19,61,41,22,23,24,69,5,27,16,56,63,31,29,33,17,35,36,37,60,39,40,49,42,7,44,45,86,47,48,21,50,51,53,13,54,55,6,57,58,59,2,0,62,46,64,10,66,117,68,20,70,71,72,65,74,75,67,77,80,79,38,81,82,83,76,85,92,87,88,89,73,91,78,8,84,95,96,97,98,99,100,101,102,103,104,105,106,107,108,109,110,111,112,113,114,115,116,34,118,119,120,121,122,123,90,125,126,127,128,129,130,131,132,133,134,135,136,137,138,139,140,141,142,143,144,145,146,147,148,149,150,151,152,153,154,155,156,157,158,159,160,161,162,163,164,165,166,167,168,169,170,171,172,173,174,175,176,177,178,179,180,181,182,183,184,185,186,187,188,189,190,191,192,193,194,195,196,197,198,199];False
7174;9087;16261;[15,52,11,3,26,43,18,30,25,9,4,1,12,32,14,28,124,94,93,19,61,41,22,23,24,69,5,27,16,56,63,31,29,33,17,35,36,37,60,39,40,49,42,7,44,45,86,47,48,21,50,51,53,13,54,55,6,57,58,59,2,0,62,46,64,10,66,117,68,20,70,71,72,65,74,75,67,77,80,79,38,81,82,83,76,85,92,87,88,89,73,91,78,8,84,95,96,97,98,99,100,101,102,103,104,105,106,107,108,109,110,111,112,113,114,115,116,34,118,119,120,121,122,123,90,125,126,127,128,129,130,131,132,133,134,135,136,137,138,139,140,141,142,143,144,145,146,147,148,149,150,151,152,153,154,155,156,157,158,159,160,161,162,163,164,165,166,167,168,169,170,171,172,173,174,175,176,177,178,179,180,181,182,183,184,185,186,187,188,189,190,191,192,193,194,195,196,197,198,199];False
7208;9070;16278;[17,52,11,3,26,43,18,30,25,9,4,1,12,32,14,15,124,94,93,19,61,41,22,23,24,69,5,27,16,56,63,31,29,33,28,35,36,37,60,39,40,49,42,7,44,45,86,47,48,21,50,51,53,13,54,55,6,57,58,59,2,0,62,46,64,10,66,117,68,20,70,71,72,65,74,75,67,77,80,79,38,81,82,83,76,85,92,87,88,89,73,91,78,8,84,95,96,97,98,99,100,101,102,103,104,105,106,107,108,109,110,111,112,113,114,115,116,34,118,119,120,121,122,123,90,125,126,127,128,129,130,131,132,133,134,135,136,137,138,139,140,141,142,143,144,145,146,147,148,149,150,151,152,153,154,155,156,157,158,159,160,161,162,163,164,165,166,167,168,169,170,171,172,173,174,175,176,177,178,179,180,181,182,183,184,185,186,187,188,189,190,191,192,193,194,195,196,197,198,199];False
7141;9106;16247;[21,52,11,3,26,43,18,30,25,9,4,1,12,32,14,15,124,94,93,19,61,41,22,23,24,69,5,27,16,56,63,31,29,33,17,35,36,37,60,39,40,49,42,7,44,45,86,47,48,28,50,51,53,13,54,55,6,57,58,59,2,0,62,46,64,10,66,117,68,20,70,71,72,65,74,75,67,77,80,79,38,81,82,83,76,85,92,87,88,89,73,91,78,8,84,95,96,97,98,99,100,101,102,103,104,105,106,107,108,109,110,111,112,113,114,115,116,34,118,119,120,121,122,123,90,125,126,127,128,129,130,131,132,133,134,135,136,137,138,139,140,141,142,143,144,145,146,147,148,149,150,151,152,153,154,155,156,157,158,159,160,161,162,163,164,165,166,167,168,169,170,171,172,173,174,175,176,177,178,179,180,181,182,183,184,185,186,187,188,189,190,191,192,193,194,195,196,197,198,199];False
7178;9063;16241;[54,52,11,3,26,43,18,30,25,9,4,1,12,32,14,15,124,94,93,19,61,41,22,23,24,69,5,27,16,56,63,31,29,33,17,35,36,37,60,39,40,49,42,7,44,45,86,47,48,21,50,51,53,13,28,55,6,57,58,59,2,0,62,46,64,10,66,117,68,20,70,71,72,65,74,75,67,77,80,79,38,81,82,83,76,85,92,87,88,89,73,91,78,8,84,95,96,97,98,99,100,101,102,103,104,105,106,107,108,109,110,111,112,113,114,115,116,34,118,119,120,121,122,123,90,125,126,127,128,129,130,131,132,133,134,135,136,137,138,139,140,141,142,143,144,145,146,147,148,149,150,151,152,153,154,155,156,157,158,159,160,161,162,163,164,165,166,167,168,169,170,171,172,173,174,175,176,177,178,179,180,181,182,183,184,185,186,187,188,189,190,191,192,193,194,195,196,197,198,199];False
7211;9051;16262;[33,52,11,3,26,43,18,30,25,9,4,1,12,32,14,15,124,94,93,19,61,41,22,23,24,69,5,27,28,56,63,31,29,53,17,35,36,37,60,39,40,49,42,7,44,45,86,47,48,21,50,51,16,13,54,55,6,57,58,59,2,0,62,46,64,10,66,117,68,20,70,71,72,65,74,75,67,77,80,79,38,81,82,83,76,85,92,87,88,89,73,91,78,8,84,95,96,97,98,99,100,101,102,103,104,105,106,107,108,109,110,111,112,113,114,115,116,34,118,119,120,121,122,123,90,125,126,127,128,129,130,131,132,133,134,135,136,137,138,139,140,141,142,143,144,145,146,147,148,149,150,151,152,153,154,155,156,157,158,159,160,161,162,163,164,165,166,167,168,169,170,171,172,173,174,175,176,177,178,179,180,181,182,183,184,185,186,187,188,189,190,191,192,193,194,195,196,197,198,199];False
7284;9026;16310;[75,52,11,3,26,43,18,30,25,9,4,1,12,32,14,15,124,94,93,19,61,41,22,23,24,69,5,27,28,56,63,31,29,33,17,35,36,37,60,39,40,49,42,7,44,45,86,47,48,21,50,51,16,13,54,55,6,57,58,59,2,0,62,46,64,10,66,117,68,20,70,71,72,65,74,53,67,77,80,79,38,81,82,83,76,85,92,87,88,89,73,91,78,8,84,95,96,97,98,99,100,101,102,103,104,105,106,107,108,109,110,111,112,113,114,115,116,34,118,119,120,121,122,123,90,125,126,127,128,129,130,131,132,133,134,135,136,137,138,139,140,141,142,143,144,145,146,147,148,149,150,151,152,153,154,155,156,157,158,159,160,161,162,163,164,165,166,167,168,169,170,171,172,173,174,175,176,177,178,179,180,181,182,183,184,185,186,187,188,189,190,191,192,193,194,195,196,197,198,199];False
7209;9048;16257;[81,52,11,3,26,43,18,30,25,9,4,1,12,32,14,15,124,94,93,19,61,41,22,23,24,69,5,27,28,56,63,31,29,33,17,35,36,37,60,39,40,49,42,7,44,45,86,47,48,21,50,51,16,13,54,55,6,57,58,59,2,0,62,46,64,10,66,117,68,20,70,71,72,65,74,75,67,77,80,79,38,53,82,83,76,85,92,87,88,89,73,91,78,8,84,95,96,97,98,99,100,101,102,103,104,105,106,107,108,109,110,111,112,113,114,115,116,34,118,119,120,121,122,123,90,125,126,127,128,129,130,131,132,133,134,135,136,137,138,139,140,141,142,143,144,145,146,147,148,149,150,151,152,153,154,155,156,157,158,159,160,161,162,163,164,165,166,167,168,169,170,171,172,173,174,175,176,177,178,179,180,181,182,183,184,185,186,187,188,189,190,191,192,193,194,195,196,197,198,199];False
7218;9024;16242;[73,52,11,3,26,43,18,30,25,9,4,1,12,32,14,15,124,94,93,19,61,41,22,23,24,69,5,27,28,56,63,31,29,33,17,35,36,37,60,39,40,49,42,7,44,45,86,47,48,21,50,51,16,13,54,55,6,57,58,59,2,0,62,46,64,10,66,117,68,20,70,71,72,65,74,75,67,77,80,79,38,81,82,83,76,85,92,87,88,89,53,91,78,8,84,95,96,97,98,99,100,101,102,103,104,105,106,107,108,109,110,111,112,113,114,115,116,34,118,119,120,121,122,123,90,125,126,127,128,129,130,131,132,133,134,135,136,137,138,139,140,141,142,143,144,145,146,147,148,149,150,151,152,153,154,155,156,157,158,159,160,161,162,163,164,165,166,167,168,169,170,171,172,173,174,175,176,177,178,179,180,181,182,183,184,185,186,187,188,189,190,191,192,193,194,195,196,197,198,199];False
7044;9260;16304;[42,52,93,3,26,96,18,30,124,9,4,1,12,32,14,15,16,60,64,19,25,41,22,23,24,69,5,27,28,56,63,31,29,33,80,35,74,37,38,39,40,49,17,7,44,45,86,47,48,21,50,51,0,11,54,55,6,57,58,59,2,36,62,67,13,46,66,10,68,20,70,71,72,65,76,75,151,77,53,79,43,61,82,83,84,85,92,87,88,89,73,91,109,8,94,95,81,97,98,99,100,101,102,103,104,105,106,107,108,78,110,111,112,113,114,115,116,117,118,119,120,121,122,123,90,125,126,127,128,129,130,131,132,133,134,135,136,137,138,139,140,141,142,143,144,145,146,147,148,149,150,34,152,153,154,155,156,157,158,159,160,161,162,163,164,165,166,167,168,169,170,171,172,173,174,175,176,177,178,179,180,181,182,183,184,185,186,187,188,189,190,191,192,193,194,195,196,197,198,199];False
7045;9243;16288;[47,52,93,3,26,96,18,30,124,9,4,1,12,32,14,15,16,60,64,19,25,41,22,23,24,69,5,27,28,56,63,31,29,33,80,35,74,37,38,39,40,49,42,7,44,45,86,17,48,21,50,51,0,11,54,55,6,57,58,59,2,36,62,67,13,46,66,10,68,20,70,71,72,65,76,75,151,77,53,79,43,61,82,83,84,85,92,87,88,89,73,91,109,8,94,95,81,97,98,99,100,101,102,103,104,105,106,107,108,78,110,111,112,113,114,115,116,117,118,119,120,121,122,123,90,125,126,127,128,129,130,131,132,133,134,135,136,137,138,139,140,141,142,143,144,145,146,147,148,149,150,34,152,153,154,155,156,157,158,159,160,161,162,163,164,165,166,167,168,169,170,171,172,173,174,175,176,177,178,179,180,181,182,183,184,185,186,187,188,189,190,191,192,193,194,195,196,197,198,199];False
7045;9228;16273;[54,52,93,3,26,96,18,30,124,9,4,1,12,32,14,15,16,60,64,19,25,41,22,23,24,69,5,27,28,56,63,31,29,33,80,35,74,37,38,39,40,49,42,7,44,45,86,47,48,21,50,51,0,11,17,55,6,57,58,59,2,36,62,67,13,46,66,10,68,20,70,71,72,65,76,75,151,77,53,79,43,61,82,83,84,85,92,87,88,89,73,91,109,8,94,95,81,97,98,99,100,101,102,103,104,105,106,107,108,78,110,111,112,113,114,115,116,117,118,119,120,121,122,123,90,125,126,127,128,129,130,131,132,133,134,135,136,137,138,139,140,141,142,143,144,145,146,147,148,149,150,34,152,153,154,155,156,157,158,159,160,161,162,163,164,165,166,167,168,169,170,171,172,173,174,175,176,177,178,179,180,181,182,183,184,185,186,187,188,189,190,191,192,193,194,195,196,197,198,199];False
7041;9194;16235;[6,52,93,3,26,96,18,30,124,9,4,1,12,32,14,15,16,60,64,19,25,41,22,23,24,69,5,27,28,56,63,31,29,33,80,35,74,37,38,39,40,49,42,7,44,45,86,47,48,21,50,51,0,11,54,55,17,57,58,59,2,36,62,67,13,46,66,10,68,20,70,71,72,65,76,75,151,77,53,79,43,61,82,83,84,85,92,87,88,89,73,91,109,8,94,95,81,97,98,99,100,101,102,103,104,105,106,107,108,78,110,111,112,113,114,115,116,117,118,119,120,121,122,123,90,125,126,127,128,129,130,131,132,133,134,135,136,137,138,139,140,141,142,143,144,145,146,147,148,149,150,34,152,153,154,155,156,157,158,159,160,161,162,163,164,165,166,167,168,169,170,171,172,173,174,175,176,177,178,179,180,181,182,183,184,185,186,187,188,189,190,191,192,193,194,195,196,197,198,199];False
7083;9185;16268;[33,52,93,3,26,96,18,30,124,9,4,1,12,32,14,15,16,60,64,19,25,41,22,23,24,69,5,27,28,56,63,31,29,73,17,35,74,37,38,39,40,49,42,7,44,45,86,47,48,21,50,51,0,11,54,55,6,57,58,59,2,36,62,67,13,46,66,10,68,20,70,71,72,65,76,75,151,77,53,79,43,61,82,83,84,85,92,87,88,89,80,91,109,8,94,95,81,97,98,99,100,101,102,103,104,105,106,107,108,78,110,111,112,113,114,115,116,117,118,119,120,121,122,123,90,125,126,127,128,129,130,131,132,133,134,135,136,137,138,139,140,141,142,143,144,145,146,147,148,149,150,34,152,153,154,155,156,157,158,159,160,161,162,163,164,165,166,167,168,169,170,171,172,173,174,175,176,177,178,179,180,181,182,183,184,185,186,187,188,189,190,191,192,193,194,195,196,197,198,199];False
7140;9155;16295;[50,52,93,3,26,96,18,30,124,9,4,1,12,32,14,15,16,60,64,19,25,41,22,23,24,69,5,27,28,56,63,31,29,33,17,35,74,37,38,39,40,49,42,7,44,45,86,47,48,21,73,51,0,11,54,55,6,57,58,59,2,36,62,67,13,46,66,10,68,20,70,71,72,65,76,75,151,77,53,79,43,61,82,83,84,85,92,87,88,89,80,91,109,8,94,95,81,97,98,99,100,101,102,103,104,105,106,107,108,78,110,111,112,113,114,115,116,117,118,119,120,121,122,123,90,125,126,127,128,129,130,131,132,133,134,135,136,137,138,139,140,141,142,143,144,145,146,147,148,149,150,34,152,153,154,155,156,157,158,159,160,161,162,163,164,165,166,167,168,169,170,171,172,173,174,175,176,177,178,179,180,181,182,183,184,185,186,187,188,189,190,191,192,193,194,195,196,197,198,199];False
7034;9189;16223;[61,52,93,3,26,96,18,30,124,9,4,1,12,32,14,15,16,60,64,19,25,41,22,23,24,69,5,27,28,56,63,31,29,33,17,35,74,37,38,39,40,49,42,7,44,45,86,47,48,21,50,51,0,11,54,55,6,57,58,59,2,36,62,67,13,46,66,10,68,20,70,71,72,65,76,75,151,77,53,79,43,73,82,83,84,85,92,87,88,89,80,91,109,8,94,95,81,97,98,99,100,101,102,103,104,105,106,107,108,78,110,111,112,113,114,115,116,117,118,119,120,121,122,123,90,125,126,127,128,129,130,131,132,133,134,135,136,137,138,139,140,141,142,143,144,145,146,147,148,149,150,34,152,153,154,155,156,157,158,159,160,161,162,163,164,165,166,167,168,169,170,171,172,173,174,175,176,177,178,179,180,181,182,183,184,185,186,187,188,189,190,191,192,193,194,195,196,197,198,199];False
7090;9179;16269;[82,52,93,3,26,96,18,30,124,9,4,1,12,32,14,15,16,60,64,19,25,41,22,23,24,69,5,27,28,56,63,31,29,33,17,35,74,37,38,39,40,49,42,7,44,45,86,47,48,21,50,51,0,11,54,55,6,57,58,59,2,36,62,67,13,46,66,10,68,20,70,71,72,65,76,75,151,77,53,79,43,61,73,83,84,85,92,87,88,89,80,91,109,8,94,95,81,97,98,99,100,101,102,103,104,105,106,107,108,78,110,111,112,113,114,115,116,117,118,119,120,121,122,123,90,125,126,127,128,129,130,131,132,133,134,135,136,137,138,139,140,141,142,143,144,145,146,147,148,149,150,34,152,153,154,155,156,157,158,159,160,161,162,163,164,165,166,167,168,169,170,171,172,173,174,175,176,177,178,179,180,181,182,183,184,185,186,187,188,189,190,191,192,193,194,195,196,197,198,199];False
7072;9175;16247;[92,52,93,3,26,96,18,30,124,9,4,1,12,32,14,15,16,60,64,19,25,41,22,23,24,69,5,27,28,56,63,31,29,33,17,35,74,37,38,39,40,49,42,7,44,45,86,47,48,21,50,51,0,11,54,55,6,57,58,59,2,36,62,67,13,46,66,10,68,20,70,71,72,65,76,75,151,77,53,79,43,61,82,83,84,85,73,87,88,89,80,91,109,8,94,95,81,97,98,99,100,101,102,103,104,105,106,107,108,78,110,111,112,113,114,115,116,117,118,119,120,121,122,123,90,125,126,127,128,129,130,131,132,133,134,135,136,137,138,139,140,141,142,143,144,145,146,147,148,149,150,34,152,153,154,155,156,157,158,159,160,161,162,163,164,165,166,167,168,169,170,171,172,173,174,175,176,177,178,179,180,181,182,183,184,185,186,187,188,189,190,191,192,193,194,195,196,197,198,199];False
7023;9205;16228;[104,52,93,3,26,96,18,30,124,9,4,1,12,32,14,15,16,60,64,19,25,41,22,23,24,69,5,27,28,56,63,31,29,33,17,35,74,37,38,39,40,49,42,7,44,45,86,47,48,21,50,51,0,11,54,55,6,57,58,59,2,36,62,67,13,46,66,10,68,20,70,71,72,65,76,75,151,77,53,79,43,61,82,83,84,85,92,87,88,89,80,91,109,8,94,95,81,97,98,99,100,101,102,103,73,105,106,107,108,78,110,111,112,113,114,115,116,117,118,119,120,121,122,123,90,125,126,127,128,129,130,131,132,133,134,135,136,137,138,139,140,141,142,143,144,145,146,147,148,149,150,34,152,153,154,155,156,157,158,159,160,161,162,163,164,165,166,167,168,169,170,171,172,173,174,175,176,177,178,179,180,181,182,183,184,185,186,187,188,189,190,191,192,193,194,195,196,197,198,199];False
7068;9170;16238;[105,52,93,3,26,96,18,30,124,9,4,1,12,32,14,15,16,60,64,19,25,41,22,23,24,69,5,27,28,56,63,31,29,33,17,35,74,37,38,39,40,49,42,7,44,45,86,47,48,21,50,51,0,11,54,55,6,57,58,59,2,36,62,67,13,46,66,10,68,20,70,71,72,65,76,75,151,77,53,79,43,61,82,83,84,85,92,87,88,89,80,91,109,8,94,95,81,97,98,99,100,101,102,103,104,73,106,107,108,78,110,111,112,113,114,115,116,117,118,119,120,121,122,123,90,125,126,127,128,129,130,131,132,133,134,135,136,137,138,139,140,141,142,143,144,145,146,147,148,149,150,34,152,153,154,155,156,157,158,159,160,161,162,163,164,165,166,167,168,169,170,171,172,173,174,175,176,177,178,179,180,181,182,183,184,185,186,187,188,189,190,191,192,193,194,195,196,197,198,199];False
7118;9154;16272;[108,52,93,3,26,96,18,30,124,9,4,1,12,32,14,15,16,60,64,19,25,41,22,23,24,69,5,27,28,56,63,31,29,33,17,35,74,37,38,39,40,49,42,7,44,45,86,47,48,21,50,51,0,11,54,55,6,57,58,59,2,36,62,67,13,46,66,10,68,20,70,71,72,65,76,75,151,77,53,79,43,61,82,83,84,85,92,87,88,89,80,91,109,8,94,95,81,97,98,99,100,101,102,103,104,105,106,107,73,78,110,111,112,113,114,115,116,117,118,119,120,121,122,123,90,125,126,127,128,129,130,131,132,133,134,135,136,137,138,139,140,141,142,143,144,145,146,147,148,149,150,34,152,153,154,155,156,157,158,159,160,161,162,163,164,165,166,167,168,169,170,171,172,173,174,175,176,177,178,179,180,181,182,183,184,185,186,187,188,189,190,191,192,193,194,195,196,197,198,199];False
7086;9124;16210;[117,52,93,3,26,96,18,30,124,9,4,1,12,32,14,15,16,60,64,19,25,41,22,23,24,69,5,27,28,56,63,31,29,33,17,35,74,37,38,39,40,49,42,7,44,45,86,47,48,21,50,51,0,11,54,55,6,57,58,59,2,36,62,67,13,46,66,10,68,20,70,71,72,65,76,75,151,77,53,79,43,61,82,83,84,85,92,87,88,89,80,91,109,8,94,95,81,97,98,99,100,101,102,103,104,105,106,107,108,78,110,111,112,113,114,115,116,73,118,119,120,121,122,123,90,125,126,127,128,129,130,131,132,133,134,135,136,137,138,139,140,141,142,143,144,145,146,147,148,149,150,34,152,153,154,155,156,157,158,159,160,161,162,163,164,165,166,167,168,169,170,171,172,173,174,175,176,177,178,179,180,181,182,183,184,185,186,187,188,189,190,191,192,193,194,195,196,197,198,199];False
7277;9023;16300;[22,52,93,3,26,96,18,30,124,9,4,1,12,32,14,15,16,60,64,19,25,41,117,23,24,69,5,27,28,56,63,31,29,33,17,35,36,37,38,39,40,49,42,7,44,45,86,47,48,21,50,51,0,11,54,55,6,57,58,59,2,61,84,67,13,46,66,10,68,20,70,71,72,65,74,75,151,77,43,79,80,62,82,83,76,85,92,87,88,89,53,91,109,8,94,95,81,97,98,99,100,101,102,103,104,105,106,107,108,78,110,111,112,113,114,115,116,73,118,119,120,121,122,123,90,125,126,127,128,129,130,131,132,133,134,135,136,137,138,139,140,141,142,143,144,145,146,147,148,149,150,34,152,153,154,155,156,157,158,159,160,161,162,163,164,165,166,167,168,169,170,171,172,173,174,175,176,177,178,179,180,181,182,183,184,185,186,187,188,189,190,191,192,193,194,195,196,197,198,199];False
7272;9015;16287;[39,52,93,3,26,96,18,30,124,9,4,1,12,32,14,15,16,60,64,19,25,41,22,23,24,69,5,27,28,56,63,31,29,33,17,35,36,37,38,117,40,49,42,7,44,45,86,47,48,21,50,51,0,11,54,55,6,57,58,59,2,61,84,67,13,46,66,10,68,20,70,71,72,65,74,75,151,77,43,79,80,62,82,83,76,85,92,87,88,89,53,91,109,8,94,95,81,97,98,99,100,101,102,103,104,105,106,107,108,78,110,111,112,113,114,115,116,73,118,119,120,121,122,123,90,125,126,127,128,129,130,131,132,133,134,135,136,137,138,139,140,141,142,143,144,145,146,147,148,149,150,34,152,153,154,155,156,157,158,159,160,161,162,163,164,165,166,167,168,169,170,171,172,173,174,175,176,177,178,179,180,181,182,183,184,185,186,187,188,189,190,191,192,193,194,195,196,197,198,199];False
7220;9003;16223;[0,52,93,3,26,96,18,30,124,9,4,1,12,32,14,15,16,60,64,19,25,41,22,23,24,69,5,27,28,56,63,31,29,33,17,35,36,37,38,39,40,49,42,7,44,45,86,47,48,21,50,51,117,11,54,55,6,57,58,59,2,61,84,67,13,46,66,10,68,20,70,71,72,65,74,75,151,77,43,79,80,62,82,83,76,85,92,87,88,89,53,91,109,8,94,95,81,97,98,99,100,101,102,103,104,105,106,107,108,78,110,111,112,113,114,115,116,73,118,119,120,121,122,123,90,125,126,127,128,129,130,131,132,133,134,135,136,137,138,139,140,141,142,143,144,145,146,147,148,149,150,34,152,153,154,155,156,157,158,159,160,161,162,163,164,165,166,167,168,169,170,171,172,173,174,175,176,177,178,179,180,181,182,183,184,185,186,187,188,189,190,191,192,193,194,195,196,197,198,199];False
7178;9018;16196;[10,52,93,3,26,96,18,30,124,9,4,1,12,32,14,15,16,60,64,19,25,41,22,23,24,69,5,27,28,56,63,31,29,33,17,35,36,37,38,39,40,49,42,7,44,45,86,47,48,21,50,51,0,11,54,55,6,57,58,59,2,61,84,67,13,46,66,117,68,20,70,71,72,65,74,75,151,77,43,79,80,62,82,83,76,85,92,87,88,89,53,91,109,8,94,95,81,97,98,99,100,101,102,103,104,105,106,107,108,78,110,111,112,113,114,115,116,73,118,119,120,121,122,123,90,125,126,127,128,129,130,131,132,133,134,135,136,137,138,139,140,141,142,143,144,145,146,147,148,149,150,34,152,153,154,155,156,157,158,159,160,161,162,163,164,165,166,167,168,169,170,171,172,173,174,175,176,177,178,179,180,181,182,183,184,185,186,187,188,189,190,191,192,193,194,195,196,197,198,199];False
7282;8998;16280;[75,52,93,3,26,96,18,30,124,9,4,1,12,32,14,15,16,60,64,19,25,41,22,23,24,69,5,27,28,56,63,31,29,33,17,35,36,37,38,39,40,49,42,7,44,45,86,47,48,21,50,51,0,11,54,55,6,57,58,59,2,61,84,67,13,46,66,10,68,20,70,71,72,65,74,117,151,77,43,79,80,62,82,83,76,85,92,87,88,89,53,91,109,8,94,95,81,97,98,99,100,101,102,103,104,105,106,107,108,78,110,111,112,113,114,115,116,73,118,119,120,121,122,123,90,125,126,127,128,129,130,131,132,133,134,135,136,137,138,139,140,141,142,143,144,145,146,147,148,149,150,34,152,153,154,155,156,157,158,159,160,161,162,163,164,165,166,167,168,169,170,171,172,173,174,175,176,177,178,179,180,181,182,183,184,185,186,187,188,189,190,191,192,193,194,195,196,197,198,199];False
7277;8987;16264;[80,52,93,3,26,96,18,30,124,9,4,1,12,32,14,15,16,60,64,19,25,41,22,23,24,69,5,27,28,56,63,31,29,33,17,35,36,37,38,39,40,49,42,7,44,45,86,47,48,21,50,51,0,11,54,55,6,57,58,59,2,61,84,67,13,46,66,10,68,20,70,71,72,65,74,75,151,77,43,79,117,62,82,83,76,85,92,87,88,89,53,91,109,8,94,95,81,97,98,99,100,101,102,103,104,105,106,107,108,78,110,111,112,113,114,115,116,73,118,119,120,121,122,123,90,125,126,127,128,129,130,131,132,133,134,135,136,137,138,139,140,141,142,143,144,145,146,147,148,149,150,34,152,153,154,155,156,157,158,159,160,161,162,163,164,165,166,167,168,169,170,171,172,173,174,175,176,177,178,179,180,181,182,183,184,185,186,187,188,189,190,191,192,193,194,195,196,197,198,199];False
8230;8803;17033;[22,141,11,3,26,43,12,30,25,9,4,1,75,32,14,15,124,46,16,19,61,41,18,23,24,69,5,27,28,56,63,31,29,33,17,8,36,37,38,39,40,49,42,7,44,45,60,47,48,21,92,51,53,13,54,55,6,57,58,59,2,0,62,96,64,10,66,117,68,20,70,71,72,65,74,82,67,77,76,79,80,81,35,83,52,85,86,87,88,89,73,91,78,93,94,95,84,97,98,99,100,101,102,103,104,105,106,107,108,109,110,111,112,113,114,115,116,34,118,119,120,121,122,123,90,125,126,127,128,129,130,131,132,133,134,135,136,137,138,139,140,50,142,143,144,145,146,147,148,149,150,151,152,153,154,155,156,157,158,159,160,161,162,163,164,165,166,167,168,169,170,171,172,173,174,175,176,177,178,179,180,181,182,183,184,185,186,187,188,189,190,191,192,193,194,195,196,197,198,199];False
8066;8804;16870;[40,141,11,3,26,43,12,30,25,9,4,1,75,32,14,15,124,46,16,19,61,41,22,23,24,69,5,27,28,56,63,31,29,33,17,8,36,37,38,39,18,49,42,7,44,45,60,47,48,21,92,51,53,13,54,55,6,57,58,59,2,0,62,96,64,10,66,117,68,20,70,71,72,65,74,82,67,77,76,79,80,81,35,83,52,85,86,87,88,89,73,91,78,93,94,95,84,97,98,99,100,101,102,103,104,105,106,107,108,109,110,111,112,113,114,115,116,34,118,119,120,121,122,123,90,125,126,127,128,129,130,131,132,133,134,135,136,137,138,139,140,50,142,143,144,145,146,147,148,149,150,151,152,153,154,155,156,157,158,159,160,161,162,163,164,165,166,167,168,169,170,171,172,173,174,175,176,177,178,179,180,181,182,183,184,185,186,187,188,189,190,191,192,193,194,195,196,197,198,199];False
8100;8793;16893;[49,141,11,3,26,43,12,30,25,9,4,1,75,32,14,15,124,46,16,19,61,41,22,23,24,69,5,27,28,56,63,31,29,33,17,8,36,37,38,39,40,18,42,7,44,45,60,47,48,21,92,51,53,13,54,55,6,57,58,59,2,0,62,96,64,10,66,117,68,20,70,71,72,65,74,82,67,77,76,79,80,81,35,83,52,85,86,87,88,89,73,91,78,93,94,95,84,97,98,99,100,101,102,103,104,105,106,107,108,109,110,111,112,113,114,115,116,34,118,119,120,121,122,123,90,125,126,127,128,129,130,131,132,133,134,135,136,137,138,139,140,50,142,143,144,145,146,147,148,149,150,151,152,153,154,155,156,157,158,159,160,161,162,163,164,165,166,167,168,169,170,171,172,173,174,175,176,177,178,179,180,181,182,183,184,185,186,187,188,189,190,191,192,193,194,195,196,197,198,199];False
8042;8796;16838;[42,141,11,3,26,43,12,30,25,9,4,1,75,32,14,15,124,46,16,19,61,41,22,23,24,69,5,27,28,56,63,31,29,33,17,8,36,37,38,39,40,49,18,7,44,45,60,47,48,21,92,51,53,13,54,55,6,57,58,59,2,0,62,96,64,10,66,117,68,20,70,71,72,65,74,82,67,77,76,79,80,81,35,83,52,85,86,87,88,89,73,91,78,93,94,95,84,97,98,99,100,101,102,103,104,105,106,107,108,109,110,111,112,113,114,115,116,34,118,119,120,121,122,123,90,125,126,127,128,129,130,131,132,133,134,135,136,137,138,139,140,50,142,143,144,145,146,147,148,149,150,151,152,153,154,155,156,157,158,159,160,161,162,163,164,165,166,167,168,169,170,171,172,173,174,175,176,177,178,179,180,181,182,183,184,185,186,187,188,189,190,191,192,193,194,195,196,197,198,199];False
7457;8916;16373;[16,141,11,3,26,43,18,30,25,9,4,1,12,32,14,15,124,46,114,19,61,41,22,23,24,69,5,27,28,56,63,31,29,33,17,8,36,37,38,39,40,49,42,7,44,45,60,47,48,21,92,51,53,13,54,55,6,57,58,59,2,0,62,96,64,10,66,117,68,20,70,71,72,65,74,75,67,77,76,79,80,81,82,83,52,85,86,87,88,89,73,91,35,93,94,95,84,97,98,99,100,101,102,127,104,105,106,107,108,109,110,111,112,113,103,115,116,34,118,119,120,121,122,123,90,125,126,78,128,129,130,131,132,133,134,135,136,137,138,139,140,50,142,143,144,145,146,147,148,149,150,151,152,153,154,155,156,157,158,159,160,161,162,163,164,165,166,167,168,169,170,171,172,173,174,175,176,177,178,179,180,181,182,183,184,185,186,187,188,189,190,191,192,193,194,195,196,197,198,199];False
7500;8893;16393;[19,141,11,3,26,43,18,30,25,9,4,1,12,32,14,15,124,46,16,114,61,41,22,23,24,69,5,27,28,56,63,31,29,33,17,8,36,37,38,39,40,49,42,7,44,45,60,47,48,21,92,51,53,13,54,55,6,57,58,59,2,0,62,96,64,10,66,117,68,20,70,71,72,65,74,75,67,77,76,79,80,81,82,83,52,85,86,87,88,89,73,91,35,93,94,95,84,97,98,99,100,101,102,127,104,105,106,107,108,109,110,111,112,113,103,115,116,34,118,119,120,121,122,123,90,125,126,78,128,129,130,131,132,133,134,135,136,137,138,139,140,50,142,143,144,145,146,147,148,149,150,151,152,153,154,155,156,157,158,159,160,161,162,163,164,165,166,167,168,169,170,171,172,173,174,175,176,177,178,179,180,181,182,183,184,185,186,187,188,189,190,191,192,193,194,195,196,197,198,199];False
7477;8906;16383;[96,141,11,3,26,43,18,30,25,9,4,1,12,32,14,15,124,46,16,19,61,41,22,23,24,69,5,27,28,56,63,31,29,33,17,8,36,37,38,39,40,49,42,7,44,45,60,47,48,21,92,51,53,13,54,55,6,57,58,59,2,0,62,114,64,10,66,117,68,20,70,71,72,65,74,75,67,77,76,79,80,81,82,83,52,85,86,87,88,89,73,91,35,93,94,95,84,97,98,99,100,101,102,127,104,105,106,107,108,109,110,111,112,113,103,115,116,34,118,119,120,121,122,123,90,125,126,78,128,129,130,131,132,133,134,135,136,137,138,139,140,50,142,143,144,145,146,147,148,149,150,151,152,153,154,155,156,157,158,159,160,161,162,163,164,165,166,167,168,169,170,171,172,173,174,175,176,177,178,179,180,181,182,183,184,185,186,187,188,189,190,191,192,193,194,195,196,197,198,199];False
7507;8890;16397;[80,141,11,3,26,43,18,30,25,9,4,1,12,32,14,15,124,46,16,19,61,41,22,23,24,69,5,27,28,56,63,31,29,33,17,8,36,37,38,39,40,49,42,7,44,45,60,47,48,21,92,51,53,13,54,55,6,57,58,59,2,0,62,96,64,10,66,117,68,20,70,71,72,65,74,75,67,77,76,79,114,81,82,83,52,85,86,87,88,89,73,91,35,93,94,95,84,97,98,99,100,101,102,127,104,105,106,107,108,109,110,111,112,113,103,115,116,34,118,119,120,121,122,123,90,125,126,78,128,129,130,131,132,133,134,135,136,137,138,139,140,50,142,143,144,145,146,147,148,149,150,151,152,153,154,155,156,157,158,159,160,161,162,163,164,165,166,167,168,169,170,171,172,173,174,175,176,177,178,179,180,181,182,183,184,185,186,187,188,189,190,191,192,193,194,195,196,197,198,199];False
7498;8889;16387;[81,141,11,3,26,43,18,30,25,9,4,1,12,32,14,15,124,46,16,19,61,41,22,23,24,69,5,27,28,56,63,31,29,33,17,8,36,37,38,39,40,49,42,7,44,45,60,47,48,21,92,51,53,13,54,55,6,57,58,59,2,0,62,96,64,10,66,117,68,20,70,71,72,65,74,75,67,77,76,79,80,114,82,83,52,85,86,87,88,89,73,91,35,93,94,95,84,97,98,99,100,101,102,127,104,105,106,107,108,109,110,111,112,113,103,115,116,34,118,119,120,121,122,123,90,125,126,78,128,129,130,131,132,133,134,135,136,137,138,139,140,50,142,143,144,145,146,147,148,149,150,151,152,153,154,155,156,157,158,159,160,161,162,163,164,165,166,167,168,169,170,171,172,173,174,175,176,177,178,179,180,181,182,183,184,185,186,187,188,189,190,191,192,193,194,195,196,197,198,199];False
7449;8910;16359;[95,141,11,3,26,43,18,30,25,9,4,1,12,32,14,15,124,46,16,19,61,41,22,23,24,69,5,27,28,56,63,31,29,33,17,8,36,37,38,39,40,49,42,7,44,45,60,47,48,21,92,51,53,13,54,55,6,57,58,59,2,0,62,96,64,10,66,117,68,20,70,71,72,65,74,75,67,77,76,79,80,81,82,83,52,85,86,87,88,89,73,91,35,93,94,114,84,97,98,99,100,101,102,127,104,105,106,107,108,109,110,111,112,113,103,115,116,34,118,119,120,121,122,123,90,125,126,78,128,129,130,131,132,133,134,135,136,137,138,139,140,50,142,143,144,145,146,147,148,149,150,151,152,153,154,155,156,157,158,159,160,161,162,163,164,165,166,167,168,169,170,171,172,173,174,175,176,177,178,179,180,181,182,183,184,185,186,187,188,189,190,191,192,193,194,195,196,197,198,199];False
7527;8872;16399;[84,141,11,3,26,43,18,30,25,9,4,1,12,32,14,15,124,46,16,19,61,41,22,23,24,69,5,27,28,56,63,31,29,33,17,8,36,37,38,39,40,49,42,7,44,45,60,47,48,21,92,51,53,13,54,55,6,57,58,59,2,0,62,96,64,10,66,117,68,20,70,71,72,65,74,75,67,77,76,79,80,81,82,83,52,85,86,87,88,89,73,91,35,93,94,95,114,97,98,99,100,101,102,127,104,105,106,107,108,109,110,111,112,113,103,115,116,34,118,119,120,121,122,123,90,125,126,78,128,129,130,131,132,133,134,135,136,137,138,139,140,50,142,143,144,145,146,147,148,149,150,151,152,153,154,155,156,157,158,159,160,161,162,163,164,165,166,167,168,169,170,171,172,173,174,175,176,177,178,179,180,181,182,183,184,185,186,187,188,189,190,191,192,193,194,195,196,197,198,199];False
7517;8872;16389;[99,141,11,3,26,43,18,30,25,9,4,1,12,32,14,15,124,46,16,19,61,41,22,23,24,69,5,27,28,56,63,31,29,33,17,8,36,37,38,39,40,49,42,7,44,45,60,47,48,21,92,51,53,13,54,55,6,57,58,59,2,0,62,96,64,10,66,117,68,20,70,71,72,65,74,75,67,77,76,79,80,81,82,83,52,85,86,87,88,89,73,91,35,93,94,95,84,97,98,114,100,101,102,127,104,105,106,107,108,109,110,111,112,113,103,115,116,34,118,119,120,121,122,123,90,125,126,78,128,129,130,131,132,133,134,135,136,137,138,139,140,50,142,143,144,145,146,147,148,149,150,151,152,153,154,155,156,157,158,159,160,161,162,163,164,165,166,167,168,169,170,171,172,173,174,175,176,177,178,179,180,181,182,183,184,185,186,187,188,189,190,191,192,193,194,195,196,197,198,199];False
7552;8838;16390;[28,141,11,3,26,43,18,30,25,9,4,1,12,32,14,15,124,46,174,19,61,41,22,23,24,69,5,27,16,56,63,31,29,33,17,8,36,37,38,39,40,49,42,7,44,45,60,47,48,21,92,51,53,13,54,55,6,57,58,59,2,0,62,96,64,10,66,117,68,20,70,71,72,65,74,75,67,77,76,79,80,81,82,83,52,85,86,87,88,89,73,91,35,93,94,95,84,97,98,99,100,101,102,103,104,105,106,107,108,109,110,111,112,113,114,115,116,34,118,119,120,121,122,123,90,125,126,78,128,129,130,131,132,133,134,135,136,137,138,139,140,50,142,143,144,145,146,147,148,149,150,151,152,153,154,155,156,157,158,159,160,161,162,163,164,165,166,167,168,169,170,171,172,173,127,175,176,177,178,179,180,181,182,183,184,185,186,187,188,189,190,191,192,193,194,195,196,197,198,199];False
7624;8818;16442;[53,141,11,3,26,43,18,30,25,9,4,1,12,32,14,15,124,46,174,19,61,41,22,23,24,69,5,27,28,56,63,31,29,33,17,8,36,37,38,39,40,49,42,7,44,45,60,47,48,21,92,51,16,13,54,55,6,57,58,59,2,0,62,96,64,10,66,117,68,20,70,71,72,65,74,75,67,77,76,79,80,81,82,83,52,85,86,87,88,89,73,91,35,93,94,95,84,97,98,99,100,101,102,103,104,105,106,107,108,109,110,111,112,113,114,115,116,34,118,119,120,121,122,123,90,125,126,78,128,129,130,131,132,133,134,135,136,137,138,139,140,50,142,143,144,145,146,147,148,149,150,151,152,153,154,155,156,157,158,159,160,161,162,163,164,165,166,167,168,169,170,171,172,173,127,175,176,177,178,179,180,181,182,183,184,185,186,187,188,189,190,191,192,193,194,195,196,197,198,199];False
7726;8805;16531;[75,141,11,3,26,43,18,30,25,9,4,1,12,32,14,15,124,46,174,19,61,41,22,23,24,69,5,27,28,56,63,31,29,33,17,8,36,37,38,39,40,49,42,7,44,45,60,47,48,21,92,51,53,13,54,55,6,57,58,59,2,0,62,96,64,10,66,117,68,20,70,71,72,65,74,16,67,77,76,79,80,81,82,83,52,85,86,87,88,89,73,91,35,93,94,95,84,97,98,99,100,101,102,103,104,105,106,107,108,109,110,111,112,113,114,115,116,34,118,119,120,121,122,123,90,125,126,78,128,129,130,131,132,133,134,135,136,137,138,139,140,50,142,143,144,145,146,147,148,149,150,151,152,153,154,155,156,157,158,159,160,161,162,163,164,165,166,167,168,169,170,171,172,173,127,175,176,177,178,179,180,181,182,183,184,185,186,187,188,189,190,191,192,193,194,195,196,197,198,199];False
7676;8803;16479;[73,141,11,3,26,43,18,30,25,9,4,1,12,32,14,15,124,46,174,19,61,41,22,23,24,69,5,27,28,56,63,31,29,33,17,8,36,37,38,39,40,49,42,7,44,45,60,47,48,21,92,51,53,13,54,55,6,57,58,59,2,0,62,96,64,10,66,117,68,20,70,71,72,65,74,75,67,77,76,79,80,81,82,83,52,85,86,87,88,89,16,91,35,93,94,95,84,97,98,99,100,101,102,103,104,105,106,107,108,109,110,111,112,113,114,115,116,34,118,119,120,121,122,123,90,125,126,78,128,129,130,131,132,133,134,135,136,137,138,139,140,50,142,143,144,145,146,147,148,149,150,151,152,153,154,155,156,157,158,159,160,161,162,163,164,165,166,167,168,169,170,171,172,173,127,175,176,177,178,179,180,181,182,183,184,185,186,187,188,189,190,191,192,193,194,195,196,197,198,199];False
7583;8823;16406;[95,141,11,3,26,43,18,30,25,9,4,1,12,32,14,15,124,46,174,19,61,41,22,23,24,69,5,27,28,56,63,31,29,33,17,8,36,37,38,39,40,49,42,7,44,45,60,47,48,21,92,51,53,13,54,55,6,57,58,59,2,0,62,96,64,10,66,117,68,20,70,71,72,65,74,75,67,77,76,79,80,81,82,83,52,85,86,87,88,89,73,91,35,93,94,16,84,97,98,99,100,101,102,103,104,105,106,107,108,109,110,111,112,113,114,115,116,34,118,119,120,121,122,123,90,125,126,78,128,129,130,131,132,133,134,135,136,137,138,139,140,50,142,143,144,145,146,147,148,149,150,151,152,153,154,155,156,157,158,159,160,161,162,163,164,165,166,167,168,169,170,171,172,173,127,175,176,177,178,179,180,181,182,183,184,185,186,187,188,189,190,191,192,193,194,195,196,197,198,199];False
7412;8948;16360;[4,141,11,47,26,43,18,30,25,9,14,1,12,32,3,15,124,8,16,19,61,41,22,23,24,69,5,27,28,56,63,31,29,33,17,35,36,95,38,85,40,49,42,7,44,45,60,39,48,21,92,51,53,13,54,55,6,57,58,59,2,0,62,46,64,10,66,117,68,20,70,71,72,65,74,75,67,77,76,79,80,81,82,83,84,37,86,87,88,89,73,91,78,93,94,114,96,97,98,99,100,101,102,52,104,105,106,107,108,109,110,111,112,113,103,115,116,34,118,119,120,121,122,123,90,125,126,127,128,129,130,131,132,133,134,135,136,137,138,139,140,50,142,143,144,145,146,147,148,149,150,151,152,153,154,155,156,157,158,159,160,161,162,163,164,165,166,167,168,169,170,171,172,173,174,175,176,177,178,179,180,181,182,183,184,185,186,187,188,189,190,191,192,193,194,195,196,197,198,199];False
7379;8943;16322;[8,141,11,47,26,43,18,30,25,9,4,1,12,32,3,15,124,14,16,19,61,41,22,23,24,69,5,27,28,56,63,31,29,33,17,35,36,95,38,85,40,49,42,7,44,45,60,39,48,21,92,51,53,13,54,55,6,57,58,59,2,0,62,46,64,10,66,117,68,20,70,71,72,65,74,75,67,77,76,79,80,81,82,83,84,37,86,87,88,89,73,91,78,93,94,114,96,97,98,99,100,101,102,52,104,105,106,107,108,109,110,111,112,113,103,115,116,34,118,119,120,121,122,123,90,125,126,127,128,129,130,131,132,133,134,135,136,137,138,139,140,50,142,143,144,145,146,147,148,149,150,151,152,153,154,155,156,157,158,159,160,161,162,163,164,165,166,167,168,169,170,171,172,173,174,175,176,177,178,179,180,181,182,183,184,185,186,187,188,189,190,191,192,193,194,195,196,197,198,199];False
7371;8935;16306;[19,141,11,47,26,43,18,30,25,9,4,1,12,32,3,15,124,8,16,14,61,41,22,23,24,69,5,27,28,56,63,31,29,33,17,35,36,95,38,85,40,49,42,7,44,45,60,39,48,21,92,51,53,13,54,55,6,57,58,59,2,0,62,46,64,10,66,117,68,20,70,71,72,65,74,75,67,77,76,79,80,81,82,83,84,37,86,87,88,89,73,91,78,93,94,114,96,97,98,99,100,101,102,52,104,105,106,107,108,109,110,111,112,113,103,115,116,34,118,119,120,121,122,123,90,125,126,127,128,129,130,131,132,133,134,135,136,137,138,139,140,50,142,143,144,145,146,147,148,149,150,151,152,153,154,155,156,157,158,159,160,161,162,163,164,165,166,167,168,169,170,171,172,173,174,175,176,177,178,179,180,181,182,183,184,185,186,187,188,189,190,191,192,193,194,195,196,197,198,199];False
7354;8953;16307;[28,141,11,47,26,43,18,30,25,9,4,1,12,32,3,15,124,8,16,19,61,41,22,23,24,69,5,27,14,56,63,31,29,33,17,35,36,95,38,85,40,49,42,7,44,45,60,39,48,21,92,51,53,13,54,55,6,57,58,59,2,0,62,46,64,10,66,117,68,20,70,71,72,65,74,75,67,77,76,79,80,81,82,83,84,37,86,87,88,89,73,91,78,93,94,114,96,97,98,99,100,101,102,52,104,105,106,107,108,109,110,111,112,113,103,115,116,34,118,119,120,121,122,123,90,125,126,127,128,129,130,131,132,133,134,135,136,137,138,139,140,50,142,143,144,145,146,147,148,149,150,151,152,153,154,155,156,157,158,159,160,161,162,163,164,165,166,167,168,169,170,171,172,173,174,175,176,177,178,179,180,181,182,183,184,185,186,187,188,189,190,191,192,193,194,195,196,197,198,199];False
7479;8903;16382;[80,141,11,3,26,43,18,30,25,9,4,1,12,32,14,15,124,8,16,19,61,41,22,23,24,69,5,27,28,56,63,31,29,33,17,35,36,95,38,85,40,49,64,7,44,45,60,47,48,21,92,51,53,13,54,55,6,57,58,42,2,0,62,46,39,10,66,117,68,20,70,71,72,65,74,75,67,77,76,79,59,81,82,83,84,37,86,87,88,89,73,91,78,93,94,114,96,97,98,99,100,101,102,52,104,105,106,107,108,109,110,111,112,113,103,115,116,34,118,119,120,121,122,123,90,125,126,127,128,129,130,131,132,133,134,135,136,137,138,139,140,50,142,143,144,145,146,147,148,149,150,151,152,153,154,155,156,157,158,159,160,161,162,163,164,165,166,167,168,169,170,171,172,173,174,175,176,177,178,179,180,181,182,183,184,185,186,187,188,189,190,191,192,193,194,195,196,197,198,199];False
7315;8967;16282;[52,62,11,3,26,43,18,30,25,9,75,1,12,32,14,15,124,8,16,19,61,41,22,23,24,69,5,27,28,56,63,31,29,33,17,35,36,37,60,39,40,49,42,7,44,45,86,47,48,21,50,51,53,13,54,55,6,57,58,59,2,0,77,46,64,10,66,117,68,20,70,71,72,65,74,84,67,81,80,79,38,73,82,83,76,85,92,87,88,89,4,91,78,93,94,95,96,97,98,99,100,101,102,103,104,105,106,107,108,109,110,111,112,113,114,115,116,34,118,119,120,121,122,123,90,125,126,127,128,129,130,131,132,133,134,135,136,137,138,139,140,141,142,143,144,145,146,147,148,149,150,151,152,153,154,155,156,157,158,159,160,161,162,163,164,165,166,167,168,169,170,171,172,173,174,175,176,177,178,179,180,181,182,183,184,185,186,187,188,189,190,191,192,193,194,195,196,197,198,199];False
7328;8952;16280;[37,52,11,3,26,43,18,30,25,9,75,1,12,32,14,15,124,8,16,19,61,41,22,23,24,69,5,27,28,56,63,31,29,33,17,35,36,62,60,39,40,49,42,7,44,45,86,47,48,21,50,51,53,13,54,55,6,57,58,59,2,0,77,46,64,10,66,117,68,20,70,71,72,65,74,84,67,81,80,79,38,73,82,83,76,85,92,87,88,89,4,91,78,93,94,95,96,97,98,99,100,101,102,103,104,105,106,107,108,109,110,111,112,113,114,115,116,34,118,119,120,121,122,123,90,125,126,127,128,129,130,131,132,133,134,135,136,137,138,139,140,141,142,143,144,145,146,147,148,149,150,151,152,153,154,155,156,157,158,159,160,161,162,163,164,165,166,167,168,169,170,171,172,173,174,175,176,177,178,179,180,181,182,183,184,185,186,187,188,189,190,191,192,193,194,195,196,197,198,199];False
7325;8952;16277;[10,52,11,3,26,43,18,30,25,9,75,1,12,32,14,15,124,8,16,19,61,41,22,23,24,69,5,27,28,56,63,31,29,33,17,35,36,37,60,39,40,49,42,7,44,45,86,47,48,21,50,51,53,13,54,55,6,57,58,59,2,0,77,46,64,62,66,117,68,20,70,71,72,65,74,84,67,81,80,79,38,73,82,83,76,85,92,87,88,89,4,91,78,93,94,95,96,97,98,99,100,101,102,103,104,105,106,107,108,109,110,111,112,113,114,115,116,34,118,119,120,121,122,123,90,125,126,127,128,129,130,131,132,133,134,135,136,137,138,139,140,141,142,143,144,145,146,147,148,149,150,151,152,153,154,155,156,157,158,159,160,161,162,163,164,165,166,167,168,169,170,171,172,173,174,175,176,177,178,179,180,181,182,183,184,185,186,187,188,189,190,191,192,193,194,195,196,197,198,199];False
7214;8964;16178;[94,52,11,3,26,43,18,30,25,9,75,1,12,32,14,15,124,8,16,19,61,41,22,23,24,69,5,27,28,56,63,31,29,33,17,35,36,37,60,39,40,49,42,7,44,45,86,47,48,21,50,51,53,13,54,55,6,57,58,59,2,0,77,46,64,10,66,117,68,20,70,71,72,65,74,84,67,81,80,79,38,73,82,83,76,85,92,87,88,89,4,91,78,93,62,95,96,97,98,99,100,101,102,103,104,105,106,107,108,109,110,111,112,113,114,115,116,34,118,119,120,121,122,123,90,125,126,127,128,129,130,131,132,133,134,135,136,137,138,139,140,141,142,143,144,145,146,147,148,149,150,151,152,153,154,155,156,157,158,159,160,161,162,163,164,165,166,167,168,169,170,171,172,173,174,175,176,177,178,179,180,181,182,183,184,185,186,187,188,189,190,191,192,193,194,195,196,197,198,199];False
7172;9066;16238;[52,15,11,3,26,43,18,30,25,9,4,1,12,32,14,28,124,94,93,19,61,41,22,23,24,69,5,27,16,56,63,31,29,33,17,35,36,37,60,39,40,49,42,7,44,45,86,47,48,21,50,51,53,13,54,55,6,57,58,59,2,0,62,46,64,10,66,117,68,20,70,71,72,65,74,75,67,77,80,79,38,81,82,83,76,85,92,87,88,89,73,91,78,8,84,95,96,97,98,99,100,101,102,103,104,105,106,107,108,109,110,111,112,113,114,115,116,34,118,119,120,121,122,123,90,125,126,127,128,129,130,131,132,133,134,135,136,137,138,139,140,141,142,143,144,145,146,147,148,149,150,151,152,153,154,155,156,157,158,159,160,161,162,163,164,165,166,167,168,169,170,171,172,173,174,175,176,177,178,179,180,181,182,183,184,185,186,187,188,189,190,191,192,193,194,195,196,197,198,199];False
7158;9099;16257;[81,52,11,3,26,43,18,30,25,9,4,1,12,32,14,15,124,94,93,19,61,41,22,23,24,69,5,27,16,56,63,31,29,33,17,35,36,37,60,39,40,49,42,7,44,45,86,47,48,28,50,51,53,13,54,55,6,57,58,59,2,0,62,46,64,10,66,117,68,20,70,71,72,65,74,75,67,77,80,79,38,21,82,83,76,85,92,87,88,89,73,91,78,8,84,95,96,97,98,99,100,101,102,103,104,105,106,107,108,109,110,111,112,113,114,115,116,34,118,119,120,121,122,123,90,125,126,127,128,129,130,131,132,133,134,135,136,137,138,139,140,141,142,143,144,145,146,147,148,149,150,151,152,153,154,155,156,157,158,159,160,161,162,163,164,165,166,167,168,169,170,171,172,173,174,175,176,177,178,179,180,181,182,183,184,185,186,187,188,189,190,191,192,193,194,195,196,197,198,199];False
7039;9139;16178;[104,52,11,3,26,43,18,30,25,9,4,1,12,32,14,15,124,94,93,19,61,41,22,23,24,69,5,27,16,56,63,31,29,33,17,35,36,37,60,39,40,49,42,7,44,45,86,47,48,28,50,51,53,13,54,55,6,57,58,59,2,0,62,46,64,10,66,117,68,20,70,71,72,65,74,75,67,77,80,79,38,81,82,83,76,85,92,87,88,89,73,91,78,8,84,95,96,97,98,99,100,101,102,103,21,105,106,107,108,109,110,111,112,113,114,115,116,34,118,119,120,121,122,123,90,125,126,127,128,129,130,131,132,133,134,135,136,137,138,139,140,141,142,143,144,145,146,147,148,149,150,151,152,153,154,155,156,157,158,159,160,161,162,163,164,165,166,167,168,169,170,171,172,173,174,175,176,177,178,179,180,181,182,183,184,185,186,187,188,189,190,191,192,193,194,195,196,197,198,199];False
7152;9097;16249;[106,52,11,3,26,43,18,30,25,9,4,1,12,32,14,15,124,94,93,19,61,41,22,23,24,69,5,27,16,56,63,31,29,33,17,35,36,37,60,39,40,49,42,7,44,45,86,47,48,28,50,51,53,13,54,55,6,57,58,59,2,0,62,46,64,10,66,117,68,20,70,71,72,65,74,75,67,77,80,79,38,81,82,83,76,85,92,87,88,89,73,91,78,8,84,95,96,97,98,99,100,101,102,103,104,105,21,107,108,109,110,111,112,113,114,115,116,34,118,119,120,121,122,123,90,125,126,127,128,129,130,131,132,133,134,135,136,137,138,139,140,141,142,143,144,145,146,147,148,149,150,151,152,153,154,155,156,157,158,159,160,161,162,163,164,165,166,167,168,169,170,171,172,173,174,175,176,177,178,179,180,181,182,183,184,185,186,187,188,189,190,191,192,193,194,195,196,197,198,199];False
7146;9096;16242;[108,52,11,3,26,43,18,30,25,9,4,1,12,32,14,15,124,94,93,19,61,41,22,23,24,69,5,27,16,56,63,31,29,33,17,35,36,37,60,39,40,49,42,7,44,45,86,47,48,28,50,51,53,13,54,55,6,57,58,59,2,0,62,46,64,10,66,117,68,20,70,71,72,65,74,75,67,77,80,79,38,81,82,83,76,85,92,87,88,89,73,91,78,8,84,95,96,97,98,99,100,101,102,103,104,105,106,107,21,109,110,111,112,113,114,115,116,34,118,119,120,121,122,123,90,125,126,127,128,129,130,131,132,133,134,135,136,137,138,139,140,141,142,143,144,145,146,147,148,149,150,151,152,153,154,155,156,157,158,159,160,161,162,163,164,165,166,167,168,169,170,171,172,173,174,175,176,177,178,179,180,181,182,183,184,185,186,187,188,189,190,191,192,193,194,195,196,197,198,199];False
7062;9118;16180;[109,52,11,3,26,43,18,30,25,9,4,1,12,32,14,15,124,94,93,19,61,41,22,23,24,69,5,27,16,56,63,31,29,33,17,35,36,37,60,39,40,49,42,7,44,45,86,47,48,28,50,51,53,13,54,55,6,57,58,59,2,0,62,46,64,10,66,117,68,20,70,71,72,65,74,75,67,77,80,79,38,81,82,83,76,85,92,87,88,89,73,91,78,8,84,95,96,97,98,99,100,101,102,103,104,105,106,107,108,21,110,111,112,113,114,115,116,34,118,119,120,121,122,123,90,125,126,127,128,129,130,131,132,133,134,135,136,137,138,139,140,141,142,143,144,145,146,147,148,149,150,151,152,153,154,155,156,157,158,159,160,161,162,163,164,165,166,167,168,169,170,171,172,173,174,175,176,177,178,179,180,181,182,183,184,185,186,187,188,189,190,191,192,193,194,195,196,197,198,199];False
7057;9120;16177;[110,52,11,3,26,43,18,30,25,9,4,1,12,32,14,15,124,94,93,19,61,41,22,23,24,69,5,27,16,56,63,31,29,33,17,35,36,37,60,39,40,49,42,7,44,45,86,47,48,28,50,51,53,13,54,55,6,57,58,59,2,0,62,46,64,10,66,117,68,20,70,71,72,65,74,75,67,77,80,79,38,81,82,83,76,85,92,87,88,89,73,91,78,8,84,95,96,97,98,99,100,101,102,103,104,105,106,107,108,109,21,111,112,113,114,115,116,34,118,119,120,121,122,123,90,125,126,127,128,129,130,131,132,133,134,135,136,137,138,139,140,141,142,143,144,145,146,147,148,149,150,151,152,153,154,155,156,157,158,159,160,161,162,163,164,165,166,167,168,169,170,171,172,173,174,175,176,177,178,179,180,181,182,183,184,185,186,187,188,189,190,191,192,193,194,195,196,197,198,199];False
7035;9159;16194;[144,52,11,3,26,43,18,30,25,9,4,1,12,32,14,15,124,94,93,19,61,41,22,23,24,69,5,27,16,56,63,31,29,33,17,35,36,37,60,39,40,49,42,7,44,45,86,47,48,28,50,51,53,13,54,55,6,57,58,59,2,0,62,46,64,10,66,117,68,20,70,71,72,65,74,75,67,77,80,79,38,81,82,83,76,85,92,87,88,89,73,91,78,8,84,95,96,97,98,99,100,101,102,103,104,105,106,107,108,109,110,111,112,113,114,115,116,34,118,119,120,121,122,123,90,125,126,127,128,129,130,131,132,133,134,135,136,137,138,139,140,141,142,143,21,145,146,147,148,149,150,151,152,153,154,155,156,157,158,159,160,161,162,163,164,165,166,167,168,169,170,171,172,173,174,175,176,177,178,179,180,181,182,183,184,185,186,187,188,189,190,191,192,193,194,195,196,197,198,199];False
7044;9111;16155;[151,52,11,3,26,43,18,30,25,9,4,1,12,32,14,15,124,94,93,19,61,41,22,23,24,69,5,27,16,56,63,31,29,33,17,35,36,37,60,39,40,49,42,7,44,45,86,47,48,28,50,51,53,13,54,55,6,57,58,59,2,0,62,46,64,10,66,117,68,20,70,71,72,65,74,75,67,77,80,79,38,81,82,83,76,85,92,87,88,89,73,91,78,8,84,95,96,97,98,99,100,101,102,103,104,105,106,107,108,109,110,111,112,113,114,115,116,34,118,119,120,121,122,123,90,125,126,127,128,129,130,131,132,133,134,135,136,137,138,139,140,141,142,143,144,145,146,147,148,149,150,21,152,153,154,155,156,157,158,159,160,161,162,163,164,165,166,167,168,169,170,171,172,173,174,175,176,177,178,179,180,181,182,183,184,185,186,187,188,189,190,191,192,193,194,195,196,197,198,199];False
7123;9083;16206;[154,52,11,3,26,43,18,30,25,9,4,1,12,32,14,15,124,94,93,19,61,41,22,23,24,69,5,27,16,56,63,31,29,33,17,35,36,37,60,39,40,49,42,7,44,45,86,47,48,28,50,51,53,13,54,55,6,57,58,59,2,0,62,46,64,10,66,117,68,20,70,71,72,65,74,75,67,77,80,79,38,81,82,83,76,85,92,87,88,89,73,91,78,8,84,95,96,97,98,99,100,101,102,103,104,105,106,107,108,109,110,111,112,113,114,115,116,34,118,119,120,121,122,123,90,125,126,127,128,129,130,131,132,133,134,135,136,137,138,139,140,141,142,143,144,145,146,147,148,149,150,151,152,153,21,155,156,157,158,159,160,161,162,163,164,165,166,167,168,169,170,171,172,173,174,175,176,177,178,179,180,181,182,183,184,185,186,187,188,189,190,191,192,193,194,195,196,197,198,199];False
6974;9220;16194;[93,52,104,3,26,96,18,30,124,9,4,1,12,32,14,15,16,60,64,19,25,41,22,23,24,69,5,27,28,56,63,31,29,33,17,35,74,37,38,39,40,49,42,7,44,45,86,47,48,21,50,51,0,11,54,55,6,57,58,59,2,36,62,67,13,46,66,10,68,20,70,71,72,65,76,75,151,77,53,79,43,61,82,83,84,85,92,87,88,89,80,91,109,8,94,95,81,97,98,99,100,101,102,103,73,105,106,107,108,78,110,111,112,113,114,115,116,117,118,119,120,121,122,123,90,125,126,127,128,129,130,131,132,133,134,135,136,137,138,139,140,141,142,143,144,145,146,147,148,149,150,34,152,153,154,155,156,157,158,159,160,161,162,163,164,165,166,167,168,169,170,171,172,173,174,175,176,177,178,179,180,181,182,183,184,185,186,187,188,189,190,191,192,193,194,195,196,197,198,199];False
6971;9193;16164;[33,52,93,3,26,96,18,30,124,9,4,1,12,32,14,15,16,60,64,19,25,41,22,23,24,69,5,27,28,56,63,31,29,104,17,35,74,37,38,39,40,49,42,7,44,45,86,47,48,21,50,51,0,11,54,55,6,57,58,59,2,36,62,67,13,46,66,10,68,20,70,71,72,65,76,75,151,77,53,79,43,61,82,83,84,85,92,87,88,89,80,91,109,8,94,95,81,97,98,99,100,101,102,103,73,105,106,107,108,78,110,111,112,113,114,115,116,117,118,119,120,121,122,123,90,125,126,127,128,129,130,131,132,133,134,135,136,137,138,139,140,141,142,143,144,145,146,147,148,149,150,34,152,153,154,155,156,157,158,159,160,161,162,163,164,165,166,167,168,169,170,171,172,173,174,175,176,177,178,179,180,181,182,183,184,185,186,187,188,189,190,191,192,193,194,195,196,197,198,199];False
7207;9017;16224;[9,52,93,3,26,96,18,30,124,10,4,1,12,32,14,15,16,60,64,19,25,41,22,23,24,69,5,27,28,56,63,31,29,33,17,35,36,37,38,39,40,49,42,7,44,45,86,47,48,21,50,51,0,11,54,55,6,57,58,59,2,61,84,67,13,46,66,117,68,20,70,71,72,65,74,75,151,77,43,79,80,62,82,83,76,85,92,87,88,89,53,91,109,8,94,95,81,97,98,99,100,101,102,103,104,105,106,107,108,78,110,111,112,113,114,115,116,73,118,119,120,121,122,123,90,125,126,127,128,129,130,131,132,133,134,135,136,137,138,139,140,141,142,143,144,145,146,147,148,149,150,34,152,153,154,155,156,157,158,159,160,161,162,163,164,165,166,167,168,169,170,171,172,173,174,175,176,177,178,179,180,181,182,183,184,185,186,187,188,189,190,191,192,193,194,195,196,197,198,199];False
7191;9001;16192;[14,52,93,3,26,96,18,30,124,9,4,1,12,32,10,15,16,60,64,19,25,41,22,23,24,69,5,27,28,56,63,31,29,33,17,35,36,37,38,39,40,49,42,7,44,45,86,47,48,21,50,51,0,11,54,55,6,57,58,59,2,61,84,67,13,46,66,117,68,20,70,71,72,65,74,75,151,77,43,79,80,62,82,83,76,85,92,87,88,89,53,91,109,8,94,95,81,97,98,99,100,101,102,103,104,105,106,107,108,78,110,111,112,113,114,115,116,73,118,119,120,121,122,123,90,125,126,127,128,129,130,131,132,133,134,135,136,137,138,139,140,141,142,143,144,145,146,147,148,149,150,34,152,153,154,155,156,157,158,159,160,161,162,163,164,165,166,167,168,169,170,171,172,173,174,175,176,177,178,179,180,181,182,183,184,185,186,187,188,189,190,191,192,193,194,195,196,197,198,199];False
7169;9049;16218;[21,52,93,3,26,96,18,30,124,9,4,1,12,32,14,15,16,60,64,19,25,41,22,23,24,69,5,27,28,56,63,31,29,33,17,35,36,37,38,39,40,49,42,7,44,45,86,47,48,10,50,51,0,11,54,55,6,57,58,59,2,61,84,67,13,46,66,117,68,20,70,71,72,65,74,75,151,77,43,79,80,62,82,83,76,85,92,87,88,89,53,91,109,8,94,95,81,97,98,99,100,101,102,103,104,105,106,107,108,78,110,111,112,113,114,115,116,73,118,119,120,121,122,123,90,125,126,127,128,129,130,131,132,133,134,135,136,137,138,139,140,141,142,143,144,145,146,147,148,149,150,34,152,153,154,155,156,157,158,159,160,161,162,163,164,165,166,167,168,169,170,171,172,173,174,175,176,177,178,179,180,181,182,183,184,185,186,187,188,189,190,191,192,193,194,195,196,197,198,199];False
7169;9037;16206;[11,52,93,3,26,96,18,30,124,9,4,1,12,32,14,15,16,60,64,19,25,41,22,23,24,69,5,27,28,56,63,31,29,33,17,35,36,37,38,39,40,49,42,7,44,45,86,47,48,21,50,51,0,10,54,55,6,57,58,59,2,61,84,67,13,46,66,117,68,20,70,71,72,65,74,75,151,77,43,79,80,62,82,83,76,85,92,87,88,89,53,91,109,8,94,95,81,97,98,99,100,101,102,103,104,105,106,107,108,78,110,111,112,113,114,115,116,73,118,119,120,121,122,123,90,125,126,127,128,129,130,131,132,133,134,135,136,137,138,139,140,141,142,143,144,145,146,147,148,149,150,34,152,153,154,155,156,157,158,159,160,161,162,163,164,165,166,167,168,169,170,171,172,173,174,175,176,177,178,179,180,181,182,183,184,185,186,187,188,189,190,191,192,193,194,195,196,197,198,199];False
7165;9044;16209;[80,52,93,3,26,96,18,30,124,9,4,1,12,32,14,15,16,60,64,19,25,41,22,23,24,69,5,27,28,56,63,31,29,33,17,35,36,37,38,39,40,49,42,7,44,45,86,47,48,21,50,51,0,11,54,55,6,57,58,59,2,61,84,67,13,46,66,117,68,20,70,71,72,65,74,75,151,77,43,79,10,62,82,83,76,85,92,87,88,89,53,91,109,8,94,95,81,97,98,99,100,101,102,103,104,105,106,107,108,78,110,111,112,113,114,115,116,73,118,119,120,121,122,123,90,125,126,127,128,129,130,131,132,133,134,135,136,137,138,139,140,141,142,143,144,145,146,147,148,149,150,34,152,153,154,155,156,157,158,159,160,161,162,163,164,165,166,167,168,169,170,171,172,173,174,175,176,177,178,179,180,181,182,183,184,185,186,187,188,189,190,191,192,193,194,195,196,197,198,199];False
7124;9055;16179;[85,52,93,3,26,96,18,30,124,9,4,1,12,32,14,15,16,60,64,19,25,41,22,23,24,69,5,27,28,56,63,31,29,33,17,35,36,37,38,39,40,49,42,7,44,45,86,47,48,21,50,51,0,11,54,55,6,57,58,59,2,61,84,67,13,46,66,117,68,20,70,71,72,65,74,75,151,77,43,79,80,62,82,83,76,10,92,87,88,89,53,91,109,8,94,95,81,97,98,99,100,101,102,103,104,105,106,107,108,78,110,111,112,113,114,115,116,73,118,119,120,121,122,123,90,125,126,127,128,129,130,131,132,133,134,135,136,137,138,139,140,141,142,143,144,145,146,147,148,149,150,34,152,153,154,155,156,157,158,159,160,161,162,163,164,165,166,167,168,169,170,171,172,173,174,175,176,177,178,179,180,181,182,183,184,185,186,187,188,189,190,191,192,193,194,195,196,197,198,199];False
7149;9038;16187;[101,52,93,3,26,96,18,30,124,9,4,1,12,32,14,15,16,60,64,19,25,41,22,23,24,69,5,27,28,56,63,31,29,33,17,35,36,37,38,39,40,49,42,7,44,45,86,47,48,21,50,51,0,11,54,55,6,57,58,59,2,61,84,67,13,46,66,117,68,20,70,71,72,65,74,75,151,77,43,79,80,62,82,83,76,85,92,87,88,89,53,91,109,8,94,95,81,97,98,99,100,10,102,103,104,105,106,107,108,78,110,111,112,113,114,115,116,73,118,119,120,121,122,123,90,125,126,127,128,129,130,131,132,133,134,135,136,137,138,139,140,141,142,143,144,145,146,147,148,149,150,34,152,153,154,155,156,157,158,159,160,161,162,163,164,165,166,167,168,169,170,171,172,173,174,175,176,177,178,179,180,181,182,183,184,185,186,187,188,189,190,191,192,193,194,195,196,197,198,199];False
7171;9023;16194;[104,52,93,3,26,96,18,30,124,9,4,1,12,32,14,15,16,60,64,19,25,41,22,23,24,69,5,27,28,56,63,31,29,33,17,35,36,37,38,39,40,49,42,7,44,45,86,47,48,21,50,51,0,11,54,55,6,57,58,59,2,61,84,67,13,46,66,117,68,20,70,71,72,65,74,75,151,77,43,79,80,62,82,83,76,85,92,87,88,89,53,91,109,8,94,95,81,97,98,99,100,101,102,103,10,105,106,107,108,78,110,111,112,113,114,115,116,73,118,119,120,121,122,123,90,125,126,127,128,129,130,131,132,133,134,135,136,137,138,139,140,141,142,143,144,145,146,147,148,149,150,34,152,153,154,155,156,157,158,159,160,161,162,163,164,165,166,167,168,169,170,171,172,173,174,175,176,177,178,179,180,181,182,183,184,185,186,187,188,189,190,191,192,193,194,195,196,197,198,199];False
7175;8990;16165;[106,52,93,3,26,96,18,30,124,9,4,1,12,32,14,15,16,60,64,19,25,41,22,23,24,69,5,27,28,56,63,31,29,33,17,35,36,37,38,39,40,49,42,7,44,45,86,47,48,21,50,51,0,11,54,55,6,57,58,59,2,61,84,67,13,46,66,117,68,20,70,71,72,65,74,75,151,77,43,79,80,62,82,83,76,85,92,87,88,89,53,91,109,8,94,95,81,97,98,99,100,101,102,103,104,105,10,107,108,78,110,111,112,113,114,115,116,73,118,119,120,121,122,123,90,125,126,127,128,129,130,131,132,133,134,135,136,137,138,139,140,141,142,143,144,145,146,147,148,149,150,34,152,153,154,155,156,157,158,159,160,161,162,163,164,165,166,167,168,169,170,171,172,173,174,175,176,177,178,179,180,181,182,183,184,185,186,187,188,189,190,191,192,193,194,195,196,197,198,199];False
8265;8791;17056;[22,141,11,3,26,43,12,30,25,9,4,1,75,32,14,15,124,46,16,19,61,41,49,23,24,69,5,27,28,56,63,31,29,33,17,8,36,37,38,39,40,18,42,7,44,45,60,47,48,21,92,51,53,13,54,55,6,57,58,59,2,0,62,96,64,10,66,117,68,20,70,71,72,65,74,82,67,77,76,79,80,81,35,83,52,85,86,87,88,89,73,91,78,93,94,95,84,97,98,99,100,101,102,103,104,105,106,107,108,109,110,111,112,113,114,115,116,34,118,119,120,121,122,123,90,125,126,127,128,129,130,131,132,133,134,135,136,137,138,139,140,50,142,143,144,145,146,147,148,149,150,151,152,153,154,155,156,157,158,159,160,161,162,163,164,165,166,167,168,169,170,171,172,173,174,175,176,177,178,179,180,181,182,183,184,185,186,187,188,189,190,191,192,193,194,195,196,197,198,199];False
8174;8783;16957;[42,141,11,3,26,43,12,30,25,9,4,1,75,32,14,15,124,46,16,19,61,41,22,23,24,69,5,27,28,56,63,31,29,33,17,8,36,37,38,39,40,18,49,7,44,45,60,47,48,21,92,51,53,13,54,55,6,57,58,59,2,0,62,96,64,10,66,117,68,20,70,71,72,65,74,82,67,77,76,79,80,81,35,83,52,85,86,87,88,89,73,91,78,93,94,95,84,97,98,99,100,101,102,103,104,105,106,107,108,109,110,111,112,113,114,115,116,34,118,119,120,121,122,123,90,125,126,127,128,129,130,131,132,133,134,135,136,137,138,139,140,50,142,143,144,145,146,147,148,149,150,151,152,153,154,155,156,157,158,159,160,161,162,163,164,165,166,167,168,169,170,171,172,173,174,175,176,177,178,179,180,181,182,183,184,185,186,187,188,189,190,191,192,193,194,195,196,197,198,199];False
8147;8786;16933;[60,141,11,3,26,43,12,30,25,9,4,1,75,32,14,15,124,46,16,19,61,41,22,23,24,69,5,27,28,56,63,31,29,33,17,8,36,37,38,39,40,18,42,7,44,45,49,47,48,21,92,51,53,13,54,55,6,57,58,59,2,0,62,96,64,10,66,117,68,20,70,71,72,65,74,82,67,77,76,79,80,81,35,83,52,85,86,87,88,89,73,91,78,93,94,95,84,97,98,99,100,101,102,103,104,105,106,107,108,109,110,111,112,113,114,115,116,34,118,119,120,121,122,123,90,125,126,127,128,129,130,131,132,133,134,135,136,137,138,139,140,50,142,143,144,145,146,147,148,149,150,151,152,153,154,155,156,157,158,159,160,161,162,163,164,165,166,167,168,169,170,171,172,173,174,175,176,177,178,179,180,181,182,183,184,185,186,187,188,189,190,191,192,193,194,195,196,197,198,199];False
8233;8781;17014;[58,141,11,3,26,43,12,30,25,9,4,1,75,32,14,15,124,46,16,19,61,41,22,23,24,69,5,27,28,56,63,31,29,33,17,8,36,37,38,39,40,18,42,7,44,45,60,47,48,21,92,51,53,13,54,55,6,57,49,59,2,0,62,96,64,10,66,117,68,20,70,71,72,65,74,82,67,77,76,79,80,81,35,83,52,85,86,87,88,89,73,91,78,93,94,95,84,97,98,99,100,101,102,103,104,105,106,107,108,109,110,111,112,113,114,115,116,34,118,119,120,121,122,123,90,125,126,127,128,129,130,131,132,133,134,135,136,137,138,139,140,50,142,143,144,145,146,147,148,149,150,151,152,153,154,155,156,157,158,159,160,161,162,163,164,165,166,167,168,169,170,171,172,173,174,175,176,177,178,179,180,181,182,183,184,185,186,187,188,189,190,191,192,193,194,195,196,197,198,199];False
8167;8775;16942;[78,141,11,3,26,43,12,30,25,9,4,1,75,32,14,15,124,46,16,19,61,41,22,23,24,69,5,27,28,56,63,31,29,33,17,8,36,37,38,39,40,18,42,7,44,45,60,47,48,21,92,51,53,13,54,55,6,57,58,59,2,0,62,96,64,10,66,117,68,20,70,71,72,65,74,82,67,77,76,79,80,81,35,83,52,85,86,87,88,89,73,91,49,93,94,95,84,97,98,99,100,101,102,103,104,105,106,107,108,109,110,111,112,113,114,115,116,34,118,119,120,121,122,123,90,125,126,127,128,129,130,131,132,133,134,135,136,137,138,139,140,50,142,143,144,145,146,147,148,149,150,151,152,153,154,155,156,157,158,159,160,161,162,163,164,165,166,167,168,169,170,171,172,173,174,175,176,177,178,179,180,181,182,183,184,185,186,187,188,189,190,191,192,193,194,195,196,197,198,199];False
8111;8781;16892;[84,141,11,3,26,43,12,30,25,9,4,1,75,32,14,15,124,46,16,19,61,41,22,23,24,69,5,27,28,56,63,31,29,33,17,8,36,37,38,39,40,18,42,7,44,45,60,47,48,21,92,51,53,13,54,55,6,57,58,59,2,0,62,96,64,10,66,117,68,20,70,71,72,65,74,82,67,77,76,79,80,81,35,83,52,85,86,87,88,89,73,91,78,93,94,95,49,97,98,99,100,101,102,103,104,105,106,107,108,109,110,111,112,113,114,115,116,34,118,119,120,121,122,123,90,125,126,127,128,129,130,131,132,133,134,135,136,137,138,139,140,50,142,143,144,145,146,147,148,149,150,151,152,153,154,155,156,157,158,159,160,161,162,163,164,165,166,167,168,169,170,171,172,173,174,175,176,177,178,179,180,181,182,183,184,185,186,187,188,189,190,191,192,193,194,195,196,197,198,199];False
8147;8777;16924;[99,141,11,3,26,43,12,30,25,9,4,1,75,32,14,15,124,46,16,19,61,41,22,23,24,69,5,27,28,56,63,31,29,33,17,8,36,37,38,39,40,18,42,7,44,45,60,47,48,21,92,51,53,13,54,55,6,57,58,59,2,0,62,96,64,10,66,117,68,20,70,71,72,65,74,82,67,77,76,79,80,81,35,83,52,85,86,87,88,89,73,91,78,93,94,95,84,97,98,49,100,101,102,103,104,105,106,107,108,109,110,111,112,113,114,115,116,34,118,119,120,121,122,123,90,125,126,127,128,129,130,131,132,133,134,135,136,137,138,139,140,50,142,143,144,145,146,147,148,149,150,151,152,153,154,155,156,157,158,159,160,161,162,163,164,165,166,167,168,169,170,171,172,173,174,175,176,177,178,179,180,181,182,183,184,185,186,187,188,189,190,191,192,193,194,195,196,197,198,199];False
8149;8774;16923;[102,141,11,3,26,43,12,30,25,9,4,1,75,32,14,15,124,46,16,19,61,41,22,23,24,69,5,27,28,56,63,31,29,33,17,8,36,37,38,39,40,18,42,7,44,45,60,47,48,21,92,51,53,13,54,55,6,57,58,59,2,0,62,96,64,10,66,117,68,20,70,71,72,65,74,82,67,77,76,79,80,81,35,83,52,85,86,87,88,89,73,91,78,93,94,95,84,97,98,99,100,101,49,103,104,105,106,107,108,109,110,111,112,113,114,115,116,34,118,119,120,121,122,123,90,125,126,127,128,129,130,131,132,133,134,135,136,137,138,139,140,50,142,143,144,145,146,147,148,149,150,151,152,153,154,155,156,157,158,159,160,161,162,163,164,165,166,167,168,169,170,171,172,173,174,175,176,177,178,179,180,181,182,183,184,185,186,187,188,189,190,191,192,193,194,195,196,197,198,199];False
8006;8793;16799;[109,141,11,3,26,43,12,30,25,9,4,1,75,32,14,15,124,46,16,19,61,41,22,23,24,69,5,27,28,56,63,31,29,33,17,8,36,37,38,39,40,18,42,7,44,45,60,47,48,21,92,51,53,13,54,55,6,57,58,59,2,0,62,96,64,10,66,117,68,20,70,71,72,65,74,82,67,77,76,79,80,81,35,83,52,85,86,87,88,89,73,91,78,93,94,95,84,97,98,99,100,101,102,103,104,105,106,107,108,49,110,111,112,113,114,115,116,34,118,119,120,121,122,123,90,125,126,127,128,129,130,131,132,133,134,135,136,137,138,139,140,50,142,143,144,145,146,147,148,149,150,151,152,153,154,155,156,157,158,159,160,161,162,163,164,165,166,167,168,169,170,171,172,173,174,175,176,177,178,179,180,181,182,183,184,185,186,187,188,189,190,191,192,193,194,195,196,197,198,199];False
7445;8908;16353;[23,141,11,3,26,43,18,30,25,9,4,1,12,32,14,15,124,46,16,19,61,41,22,96,24,69,5,27,28,56,63,31,29,33,17,8,36,37,38,39,40,49,42,7,44,45,60,47,48,21,92,51,53,13,54,55,6,57,58,59,2,0,62,114,64,10,66,117,68,20,70,71,72,65,74,75,67,77,76,79,80,81,82,83,52,85,86,87,88,89,73,91,35,93,94,95,84,97,98,99,100,101,102,127,104,105,106,107,108,109,110,111,112,113,103,115,116,34,118,119,120,121,122,123,90,125,126,78,128,129,130,131,132,133,134,135,136,137,138,139,140,50,142,143,144,145,146,147,148,149,150,151,152,153,154,155,156,157,158,159,160,161,162,163,164,165,166,167,168,169,170,171,172,173,174,175,176,177,178,179,180,181,182,183,184,185,186,187,188,189,190,191,192,193,194,195,196,197,198,199];False
7437;8922;16359;[27,141,11,3,26,43,18,30,25,9,4,1,12,32,14,15,124,46,16,19,61,41,22,23,24,69,5,96,28,56,63,31,29,33,17,8,36,37,38,39,40,49,42,7,44,45,60,47,48,21,92,51,53,13,54,55,6,57,58,59,2,0,62,114,64,10,66,117,68,20,70,71,72,65,74,75,67,77,76,79,80,81,82,83,52,85,86,87,88,89,73,91,35,93,94,95,84,97,98,99,100,101,102,127,104,105,106,107,108,109,110,111,112,113,103,115,116,34,118,119,120,121,122,123,90,125,126,78,128,129,130,131,132,133,134,135,136,137,138,139,140,50,142,143,144,145,146,147,148,149,150,151,152,153,154,155,156,157,158,159,160,161,162,163,164,165,166,167,168,169,170,171,172,173,174,175,176,177,178,179,180,181,182,183,184,185,186,187,188,189,190,191,192,193,194,195,196,197,198,199];False
7412;8915;16327;[77,141,11,3,26,43,18,30,25,9,4,1,12,32,14,15,124,46,16,19,61,41,22,23,24,69,5,27,28,56,63,31,29,33,17,8,36,37,38,39,40,49,42,7,44,45,60,47,48,21,92,51,53,13,54,55,6,57,58,59,2,0,62,114,64,10,66,117,68,20,70,71,72,65,74,75,67,96,76,79,80,81,82,83,52,85,86,87,88,89,73,91,35,93,94,95,84,97,98,99,100,101,102,127,104,105,106,107,108,109,110,111,112,113,103,115,116,34,118,119,120,121,122,123,90,125,126,78,128,129,130,131,132,133,134,135,136,137,138,139,140,50,142,143,144,145,146,147,148,149,150,151,152,153,154,155,156,157,158,159,160,161,162,163,164,165,166,167,168,169,170,171,172,173,174,175,176,177,178,179,180,181,182,183,184,185,186,187,188,189,190,191,192,193,194,195,196,197,198,199];False
7422;8891;16313;[99,141,11,3,26,43,18,30,25,9,4,1,12,32,14,15,124,46,16,19,61,41,22,23,24,69,5,27,28,56,63,31,29,33,17,8,36,37,38,39,40,49,42,7,44,45,60,47,48,21,92,51,53,13,54,55,6,57,58,59,2,0,62,114,64,10,66,117,68,20,70,71,72,65,74,75,67,77,76,79,80,81,82,83,52,85,86,87,88,89,73,91,35,93,94,95,84,97,98,96,100,101,102,127,104,105,106,107,108,109,110,111,112,113,103,115,116,34,118,119,120,121,122,123,90,125,126,78,128,129,130,131,132,133,134,135,136,137,138,139,140,50,142,143,144,145,146,147,148,149,150,151,152,153,154,155,156,157,158,159,160,161,162,163,164,165,166,167,168,169,170,171,172,173,174,175,176,177,178,179,180,181,182,183,184,185,186,187,188,189,190,191,192,193,194,195,196,197,198,199];False
7482;8890;16372;[23,141,11,3,26,43,18,30,25,9,4,1,12,32,14,15,124,46,16,19,61,41,22,81,24,69,5,27,28,56,63,31,29,33,17,8,36,37,38,39,40,49,42,7,44,45,60,47,48,21,92,51,53,13,54,55,6,57,58,59,2,0,62,96,64,10,66,117,68,20,70,71,72,65,74,75,67,77,76,79,80,114,82,83,52,85,86,87,88,89,73,91,35,93,94,95,84,97,98,99,100,101,102,127,104,105,106,107,108,109,110,111,112,113,103,115,116,34,118,119,120,121,122,123,90,125,126,78,128,129,130,131,132,133,134,135,136,137,138,139,140,50,142,143,144,145,146,147,148,149,150,151,152,153,154,155,156,157,158,159,160,161,162,163,164,165,166,167,168,169,170,171,172,173,174,175,176,177,178,179,180,181,182,183,184,185,186,187,188,189,190,191,192,193,194,195,196,197,198,199];False
7483;8888;16371;[38,141,11,3,26,43,18,30,25,9,4,1,12,32,14,15,124,46,16,19,61,41,22,23,24,69,5,27,28,56,63,31,29,33,17,8,36,37,81,39,40,49,42,7,44,45,60,47,48,21,92,51,53,13,54,55,6,57,58,59,2,0,62,96,64,10,66,117,68,20,70,71,72,65,74,75,67,77,76,79,80,114,82,83,52,85,86,87,88,89,73,91,35,93,94,95,84,97,98,99,100,101,102,127,104,105,106,107,108,109,110,111,112,113,103,115,116,34,118,119,120,121,122,123,90,125,126,78,128,129,130,131,132,133,134,135,136,137,138,139,140,50,142,143,144,145,146,147,148,149,150,151,152,153,154,155,156,157,158,159,160,161,162,163,164,165,166,167,168,169,170,171,172,173,174,175,176,177,178,179,180,181,182,183,184,185,186,187,188,189,190,191,192,193,194,195,196,197,198,199];False
7531;8853;16384;[28,141,11,3,26,43,18,30,25,9,4,1,12,32,14,15,124,46,16,19,61,41,22,23,24,69,5,27,99,56,63,31,29,33,17,8,36,37,38,39,40,49,42,7,44,45,60,47,48,21,92,51,53,13,54,55,6,57,58,59,2,0,62,96,64,10,66,117,68,20,70,71,72,65,74,75,67,77,76,79,80,81,82,83,52,85,86,87,88,89,73,91,35,93,94,95,84,97,98,114,100,101,102,127,104,105,106,107,108,109,110,111,112,113,103,115,116,34,118,119,120,121,122,123,90,125,126,78,128,129,130,131,132,133,134,135,136,137,138,139,140,50,142,143,144,145,146,147,148,149,150,151,152,153,154,155,156,157,158,159,160,161,162,163,164,165,166,167,168,169,170,171,172,173,174,175,176,177,178,179,180,181,182,183,184,185,186,187,188,189,190,191,192,193,194,195,196,197,198,199];False
7519;8860;16379;[92,141,11,3,26,43,18,30,25,9,4,1,12,32,14,15,124,46,16,19,61,41,22,23,24,69,5,27,28,56,63,31,29,33,17,8,36,37,38,39,40,49,42,7,44,45,60,47,48,21,99,51,53,13,54,55,6,57,58,59,2,0,62,96,64,10,66,117,68,20,70,71,72,65,74,75,67,77,76,79,80,81,82,83,52,85,86,87,88,89,73,91,35,93,94,95,84,97,98,114,100,101,102,127,104,105,106,107,108,109,110,111,112,113,103,115,116,34,118,119,120,121,122,123,90,125,126,78,128,129,130,131,132,133,134,135,136,137,138,139,140,50,142,143,144,145,146,147,148,149,150,151,152,153,154,155,156,157,158,159,160,161,162,163,164,165,166,167,168,169,170,171,172,173,174,175,176,177,178,179,180,181,182,183,184,185,186,187,188,189,190,191,192,193,194,195,196,197,198,199];False
7430;8874;16304;[95,141,11,3,26,43,18,30,25,9,4,1,12,32,14,15,124,46,16,19,61,41,22,23,24,69,5,27,28,56,63,31,29,33,17,8,36,37,38,39,40,49,42,7,44,45,60,47,48,21,92,51,53,13,54,55,6,57,58,59,2,0,62,96,64,10,66,117,68,20,70,71,72,65,74,75,67,77,76,79,80,81,82,83,52,85,86,87,88,89,73,91,35,93,94,99,84,97,98,114,100,101,102,127,104,105,106,107,108,109,110,111,112,113,103,115,116,34,118,119,120,121,122,123,90,125,126,78,128,129,130,131,132,133,134,135,136,137,138,139,140,50,142,143,144,145,146,147,148,149,150,151,152,153,154,155,156,157,158,159,160,161,162,163,164,165,166,167,168,169,170,171,172,173,174,175,176,177,178,179,180,181,182,183,184,185,186,187,188,189,190,191,192,193,194,195,196,197,198,199];False
7513;8849;16362;[105,141,11,3,26,43,18,30,25,9,4,1,12,32,14,15,124,46,16,19,61,41,22,23,24,69,5,27,28,56,63,31,29,33,17,8,36,37,38,39,40,49,42,7,44,45,60,47,48,21,92,51,53,13,54,55,6,57,58,59,2,0,62,96,64,10,66,117,68,20,70,71,72,65,74,75,67,77,76,79,80,81,82,83,52,85,86,87,88,89,73,91,35,93,94,95,84,97,98,114,100,101,102,127,104,99,106,107,108,109,110,111,112,113,103,115,116,34,118,119,120,121,122,123,90,125,126,78,128,129,130,131,132,133,134,135,136,137,138,139,140,50,142,143,144,145,146,147,148,149,150,151,152,153,154,155,156,157,158,159,160,161,162,163,164,165,166,167,168,169,170,171,172,173,174,175,176,177,178,179,180,181,182,183,184,185,186,187,188,189,190,191,192,193,194,195,196,197,198,199];False
7531;8844;16375;[14,141,11,3,26,43,18,30,25,9,4,1,12,32,28,15,124,46,174,19,61,41,22,23,24,69,5,27,16,56,63,31,29,33,17,8,36,37,38,39,40,49,42,7,44,45,60,47,48,21,92,51,53,13,54,55,6,57,58,59,2,0,62,96,64,10,66,117,68,20,70,71,72,65,74,75,67,77,76,79,80,81,82,83,52,85,86,87,88,89,73,91,35,93,94,95,84,97,98,99,100,101,102,103,104,105,106,107,108,109,110,111,112,113,114,115,116,34,118,119,120,121,122,123,90,125,126,78,128,129,130,131,132,133,134,135,136,137,138,139,140,50,142,143,144,145,146,147,148,149,150,151,152,153,154,155,156,157,158,159,160,161,162,163,164,165,166,167,168,169,170,171,172,173,127,175,176,177,178,179,180,181,182,183,184,185,186,187,188,189,190,191,192,193,194,195,196,197,198,199];False
7616;8818;16434;[19,141,11,3,26,43,18,30,25,9,4,1,12,32,14,15,124,46,174,28,61,41,22,23,24,69,5,27,16,56,63,31,29,33,17,8,36,37,38,39,40,49,42,7,44,45,60,47,48,21,92,51,53,13,54,55,6,57,58,59,2,0,62,96,64,10,66,117,68,20,70,71,72,65,74,75,67,77,76,79,80,81,82,83,52,85,86,87,88,89,73,91,35,93,94,95,84,97,98,99,100,101,102,103,104,105,106,107,108,109,110,111,112,113,114,115,116,34,118,119,120,121,122,123,90,125,126,78,128,129,130,131,132,133,134,135,136,137,138,139,140,50,142,143,144,145,146,147,148,149,150,151,152,153,154,155,156,157,158,159,160,161,162,163,164,165,166,167,168,169,170,171,172,173,127,175,176,177,178,179,180,181,182,183,184,185,186,187,188,189,190,191,192,193,194,195,196,197,198,199];False
7522;8820;16342;[37,141,11,3,26,43,18,30,25,9,4,1,12,32,14,15,124,46,174,19,61,41,22,23,24,69,5,27,16,56,63,31,29,33,17,8,36,28,38,39,40,49,42,7,44,45,60,47,48,21,92,51,53,13,54,55,6,57,58,59,2,0,62,96,64,10,66,117,68,20,70,71,72,65,74,75,67,77,76,79,80,81,82,83,52,85,86,87,88,89,73,91,35,93,94,95,84,97,98,99,100,101,102,103,104,105,106,107,108,109,110,111,112,113,114,115,116,34,118,119,120,121,122,123,90,125,126,78,128,129,130,131,132,133,134,135,136,137,138,139,140,50,142,143,144,145,146,147,148,149,150,151,152,153,154,155,156,157,158,159,160,161,162,163,164,165,166,167,168,169,170,171,172,173,127,175,176,177,178,179,180,181,182,183,184,185,186,187,188,189,190,191,192,193,194,195,196,197,198,199];False
7669;8802;16471;[46,141,11,3,26,43,18,30,25,9,4,1,12,32,14,15,124,73,174,19,61,41,22,23,24,69,5,27,28,56,63,31,29,33,17,8,36,37,38,39,40,49,42,7,44,45,60,47,48,21,92,51,53,13,54,55,6,57,58,59,2,0,62,96,64,10,66,117,68,20,70,71,72,65,74,75,67,77,76,79,80,81,82,83,52,85,86,87,88,89,16,91,35,93,94,95,84,97,98,99,100,101,102,103,104,105,106,107,108,109,110,111,112,113,114,115,116,34,118,119,120,121,122,123,90,125,126,78,128,129,130,131,132,133,134,135,136,137,138,139,140,50,142,143,144,145,146,147,148,149,150,151,152,153,154,155,156,157,158,159,160,161,162,163,164,165,166,167,168,169,170,171,172,173,127,175,176,177,178,179,180,181,182,183,184,185,186,187,188,189,190,191,192,193,194,195,196,197,198,199];False
7330;8941;16271;[40,141,11,47,26,43,18,30,25,9,4,1,12,32,3,15,124,8,16,14,61,41,22,23,24,69,5,27,28,56,63,31,29,33,17,35,36,95,38,85,19,49,42,7,44,45,60,39,48,21,92,51,53,13,54,55,6,57,58,59,2,0,62,46,64,10,66,117,68,20,70,71,72,65,74,75,67,77,76,79,80,81,82,83,84,37,86,87,88,89,73,91,78,93,94,114,96,97,98,99,100,101,102,52,104,105,106,107,108,109,110,111,112,113,103,115,116,34,118,119,120,121,122,123,90,125,126,127,128,129,130,131,132,133,134,135,136,137,138,139,140,50,142,143,144,145,146,147,148,149,150,151,152,153,154,155,156,157,158,159,160,161,162,163,164,165,166,167,168,169,170,171,172,173,174,175,176,177,178,179,180,181,182,183,184,185,186,187,188,189,190,191,192,193,194,195,196,197,198,199];False
7324;8947;16271;[37,141,11,47,26,43,18,30,25,9,4,1,12,32,3,15,124,8,16,14,61,41,22,23,24,69,5,27,28,56,63,31,29,33,17,35,36,95,38,85,40,49,42,7,44,45,60,39,48,21,92,51,53,13,54,55,6,57,58,59,2,0,62,46,64,10,66,117,68,20,70,71,72,65,74,75,67,77,76,79,80,81,82,83,84,19,86,87,88,89,73,91,78,93,94,114,96,97,98,99,100,101,102,52,104,105,106,107,108,109,110,111,112,113,103,115,116,34,118,119,120,121,122,123,90,125,126,127,128,129,130,131,132,133,134,135,136,137,138,139,140,50,142,143,144,145,146,147,148,149,150,151,152,153,154,155,156,157,158,159,160,161,162,163,164,165,166,167,168,169,170,171,172,173,174,175,176,177,178,179,180,181,182,183,184,185,186,187,188,189,190,191,192,193,194,195,196,197,198,199];False
7270;8957;16227;[96,141,11,47,26,43,18,30,25,9,4,1,12,32,3,15,124,8,16,14,61,41,22,23,24,69,5,27,28,56,63,31,29,33,17,35,36,95,38,85,40,49,42,7,44,45,60,39,48,21,92,51,53,13,54,55,6,57,58,59,2,0,62,46,64,10,66,117,68,20,70,71,72,65,74,75,67,77,76,79,80,81,82,83,84,37,86,87,88,89,73,91,78,93,94,114,19,97,98,99,100,101,102,52,104,105,106,107,108,109,110,111,112,113,103,115,116,34,118,119,120,121,122,123,90,125,126,127,128,129,130,131,132,133,134,135,136,137,138,139,140,50,142,143,144,145,146,147,148,149,150,151,152,153,154,155,156,157,158,159,160,161,162,163,164,165,166,167,168,169,170,171,172,173,174,175,176,177,178,179,180,181,182,183,184,185,186,187,188,189,190,191,192,193,194,195,196,197,198,199];False
7311;8942;16253;[99,141,11,47,26,43,18,30,25,9,4,1,12,32,3,15,124,8,16,14,61,41,22,23,24,69,5,27,28,56,63,31,29,33,17,35,36,95,38,85,40,49,42,7,44,45,60,39,48,21,92,51,53,13,54,55,6,57,58,59,2,0,62,46,64,10,66,117,68,20,70,71,72,65,74,75,67,77,76,79,80,81,82,83,84,37,86,87,88,89,73,91,78,93,94,114,96,97,98,19,100,101,102,52,104,105,106,107,108,109,110,111,112,113,103,115,116,34,118,119,120,121,122,123,90,125,126,127,128,129,130,131,132,133,134,135,136,137,138,139,140,50,142,143,144,145,146,147,148,149,150,151,152,153,154,155,156,157,158,159,160,161,162,163,164,165,166,167,168,169,170,171,172,173,174,175,176,177,178,179,180,181,182,183,184,185,186,187,188,189,190,191,192,193,194,195,196,197,198,199];False
7364;8938;16302;[106,141,11,47,26,43,18,30,25,9,4,1,12,32,3,15,124,8,16,14,61,41,22,23,24,69,5,27,28,56,63,31,29,33,17,35,36,95,38,85,40,49,42,7,44,45,60,39,48,21,92,51,53,13,54,55,6,57,58,59,2,0,62,46,64,10,66,117,68,20,70,71,72,65,74,75,67,77,76,79,80,81,82,83,84,37,86,87,88,89,73,91,78,93,94,114,96,97,98,99,100,101,102,52,104,105,19,107,108,109,110,111,112,113,103,115,116,34,118,119,120,121,122,123,90,125,126,127,128,129,130,131,132,133,134,135,136,137,138,139,140,50,142,143,144,145,146,147,148,149,150,151,152,153,154,155,156,157,158,159,160,161,162,163,164,165,166,167,168,169,170,171,172,173,174,175,176,177,178,179,180,181,182,183,184,185,186,187,188,189,190,191,192,193,194,195,196,197,198,199];False
7380;8930;16310;[107,141,11,47,26,43,18,30,25,9,4,1,12,32,3,15,124,8,16,14,61,41,22,23,24,69,5,27,28,56,63,31,29,33,17,35,36,95,38,85,40,49,42,7,44,45,60,39,48,21,92,51,53,13,54,55,6,57,58,59,2,0,62,46,64,10,66,117,68,20,70,71,72,65,74,75,67,77,76,79,80,81,82,83,84,37,86,87,88,89,73,91,78,93,94,114,96,97,98,99,100,101,102,52,104,105,106,19,108,109,110,111,112,113,103,115,116,34,118,119,120,121,122,123,90,125,126,127,128,129,130,131,132,133,134,135,136,137,138,139,140,50,142,143,144,145,146,147,148,149,150,151,152,153,154,155,156,157,158,159,160,161,162,163,164,165,166,167,168,169,170,171,172,173,174,175,176,177,178,179,180,181,182,183,184,185,186,187,188,189,190,191,192,193,194,195,196,197,198,199];False
7237;8935;16172;[109,141,11,47,26,43,18,30,25,9,4,1,12,32,3,15,124,8,16,14,61,41,22,23,24,69,5,27,28,56,63,31,29,33,17,35,36,95,38,85,40,49,42,7,44,45,60,39,48,21,92,51,53,13,54,55,6,57,58,59,2,0,62,46,64,10,66,117,68,20,70,71,72,65,74,75,67,77,76,79,80,81,82,83,84,37,86,87,88,89,73,91,78,93,94,114,96,97,98,99,100,101,102,52,104,105,106,107,108,19,110,111,112,113,103,115,116,34,118,119,120,121,122,123,90,125,126,127,128,129,130,131,132,133,134,135,136,137,138,139,140,50,142,143,144,145,146,147,148,149,150,151,152,153,154,155,156,157,158,159,160,161,162,163,164,165,166,167,168,169,170,171,172,173,174,175,176,177,178,179,180,181,182,183,184,185,186,187,188,189,190,191,192,193,194,195,196,197,198,199];False
7115;8985;16100;[9,52,11,3,26,43,18,30,25,94,75,1,12,32,14,15,124,8,16,19,61,41,22,23,24,69,5,27,28,56,63,31,29,33,17,35,36,37,60,39,40,49,42,7,44,45,86,47,48,21,50,51,53,13,54,55,6,57,58,59,2,0,77,46,64,10,66,117,68,20,70,71,72,65,74,84,67,81,80,79,38,73,82,83,76,85,92,87,88,89,4,91,78,93,62,95,96,97,98,99,100,101,102,103,104,105,106,107,108,109,110,111,112,113,114,115,116,34,118,119,120,121,122,123,90,125,126,127,128,129,130,131,132,133,134,135,136,137,138,139,140,141,142,143,144,145,146,147,148,149,150,151,152,153,154,155,156,157,158,159,160,161,162,163,164,165,166,167,168,169,170,171,172,173,174,175,176,177,178,179,180,181,182,183,184,185,186,187,188,189,190,191,192,193,194,195,196,197,198,199];False
7152;8973;16125;[8,52,11,3,26,43,18,30,25,9,75,1,12,32,14,15,124,94,16,19,61,41,22,23,24,69,5,27,28,56,63,31,29,33,17,35,36,37,60,39,40,49,42,7,44,45,86,47,48,21,50,51,53,13,54,55,6,57,58,59,2,0,77,46,64,10,66,117,68,20,70,71,72,65,74,84,67,81,80,79,38,73,82,83,76,85,92,87,88,89,4,91,78,93,62,95,96,97,98,99,100,101,102,103,104,105,106,107,108,109,110,111,112,113,114,115,116,34,118,119,120,121,122,123,90,125,126,127,128,129,130,131,132,133,134,135,136,137,138,139,140,141,142,143,144,145,146,147,148,149,150,151,152,153,154,155,156,157,158,159,160,161,162,163,164,165,166,167,168,169,170,171,172,173,174,175,176,177,178,179,180,181,182,183,184,185,186,187,188,189,190,191,192,193,194,195,196,197,198,199];False
7183;8968;16151;[19,52,11,3,26,43,18,30,25,9,75,1,12,32,14,15,124,8,16,94,61,41,22,23,24,69,5,27,28,56,63,31,29,33,17,35,36,37,60,39,40,49,42,7,44,45,86,47,48,21,50,51,53,13,54,55,6,57,58,59,2,0,77,46,64,10,66,117,68,20,70,71,72,65,74,84,67,81,80,79,38,73,82,83,76,85,92,87,88,89,4,91,78,93,62,95,96,97,98,99,100,101,102,103,104,105,106,107,108,109,110,111,112,113,114,115,116,34,118,119,120,121,122,123,90,125,126,127,128,129,130,131,132,133,134,135,136,137,138,139,140,141,142,143,144,145,146,147,148,149,150,151,152,153,154,155,156,157,158,159,160,161,162,163,164,165,166,167,168,169,170,171,172,173,174,175,176,177,178,179,180,181,182,183,184,185,186,187,188,189,190,191,192,193,194,195,196,197,198,199];False
7215;8962;16177;[29,52,11,3,26,43,18,30,25,9,75,1,12,32,14,15,124,8,16,19,61,41,22,23,24,69,5,27,28,56,63,31,94,33,17,35,36,37,60,39,40,49,42,7,44,45,86,47,48,21,50,51,53,13,54,55,6,57,58,59,2,0,77,46,64,10,66,117,68,20,70,71,72,65,74,84,67,81,80,79,38,73,82,83,76,85,92,87,88,89,4,91,78,93,62,95,96,97,98,99,100,101,102,103,104,105,106,107,108,109,110,111,112,113,114,115,116,34,118,119,120,121,122,123,90,125,126,127,128,129,130,131,132,133,134,135,136,137,138,139,140,141,142,143,144,145,146,147,148,149,150,151,152,153,154,155,156,157,158,159,160,161,162,163,164,165,166,167,168,169,170,171,172,173,174,175,176,177,178,179,180,181,182,183,184,185,186,187,188,189,190,191,192,193,194,195,196,197,198,199];False
7011;9151;16162;[52,104,11,3,26,43,18,30,25,9,4,1,12,32,14,15,124,94,93,19,61,41,22,23,24,69,5,27,16,56,63,31,29,33,17,35,36,37,60,39,40,49,42,7,44,45,86,47,48,28,50,51,53,13,54,55,6,57,58,59,2,0,62,46,64,10,66,117,68,20,70,71,72,65,74,75,67,77,80,79,38,81,82,83,76,85,92,87,88,89,73,91,78,8,84,95,96,97,98,99,100,101,102,103,21,105,106,107,108,109,110,111,112,113,114,115,116,34,118,119,120,121,122,123,90,125,126,127,128,129,130,131,132,133,134,135,136,137,138,139,140,141,142,143,144,145,146,147,148,149,150,151,152,153,154,155,156,157,158,159,160,161,162,163,164,165,166,167,168,169,170,171,172,173,174,175,176,177,178,179,180,181,182,183,184,185,186,187,188,189,190,191,192,193,194,195,196,197,198,199];False
7032;9132;16164;[11,52,104,3,26,43,18,30,25,9,4,1,12,32,14,15,124,94,93,19,61,41,22,23,24,69,5,27,16,56,63,31,29,33,17,35,36,37,60,39,40,49,42,7,44,45,86,47,48,28,50,51,53,13,54,55,6,57,58,59,2,0,62,46,64,10,66,117,68,20,70,71,72,65,74,75,67,77,80,79,38,81,82,83,76,85,92,87,88,89,73,91,78,8,84,95,96,97,98,99,100,101,102,103,21,105,106,107,108,109,110,111,112,113,114,115,116,34,118,119,120,121,122,123,90,125,126,127,128,129,130,131,132,133,134,135,136,137,138,139,140,141,142,143,144,145,146,147,148,149,150,151,152,153,154,155,156,157,158,159,160,161,162,163,164,165,166,167,168,169,170,171,172,173,174,175,176,177,178,179,180,181,182,183,184,185,186,187,188,189,190,191,192,193,194,195,196,197,198,199];False
7050;9105;16155;[42,52,11,3,26,43,18,30,25,9,4,1,12,32,14,15,124,94,93,19,61,41,22,23,24,69,5,27,16,56,63,31,29,33,17,35,36,37,60,39,40,49,151,7,44,45,86,47,48,28,50,51,53,13,54,55,6,57,58,59,2,0,62,46,64,10,66,117,68,20,70,71,72,65,74,75,67,77,80,79,38,81,82,83,76,85,92,87,88,89,73,91,78,8,84,95,96,97,98,99,100,101,102,103,104,105,106,107,108,109,110,111,112,113,114,115,116,34,118,119,120,121,122,123,90,125,126,127,128,129,130,131,132,133,134,135,136,137,138,139,140,141,142,143,144,145,146,147,148,149,150,21,152,153,154,155,156,157,158,159,160,161,162,163,164,165,166,167,168,169,170,171,172,173,174,175,176,177,178,179,180,181,182,183,184,185,186,187,188,189,190,191,192,193,194,195,196,197,198,199];False
7030;9146;16176;[85,52,11,3,26,43,18,30,25,9,4,1,12,32,14,15,124,94,93,19,61,41,22,23,24,69,5,27,16,56,63,31,29,33,17,35,36,37,60,39,40,49,42,7,44,45,86,47,48,28,50,51,53,13,54,55,6,57,58,59,2,0,62,46,64,10,66,117,68,20,70,71,72,65,74,75,67,77,80,79,38,81,82,83,76,151,92,87,88,89,73,91,78,8,84,95,96,97,98,99,100,101,102,103,104,105,106,107,108,109,110,111,112,113,114,115,116,34,118,119,120,121,122,123,90,125,126,127,128,129,130,131,132,133,134,135,136,137,138,139,140,141,142,143,144,145,146,147,148,149,150,21,152,153,154,155,156,157,158,159,160,161,162,163,164,165,166,167,168,169,170,171,172,173,174,175,176,177,178,179,180,181,182,183,184,185,186,187,188,189,190,191,192,193,194,195,196,197,198,199];False
7049;9092;16141;[95,52,11,3,26,43,18,30,25,9,4,1,12,32,14,15,124,94,93,19,61,41,22,23,24,69,5,27,16,56,63,31,29,33,17,35,36,37,60,39,40,49,42,7,44,45,86,47,48,28,50,51,53,13,54,55,6,57,58,59,2,0,62,46,64,10,66,117,68,20,70,71,72,65,74,75,67,77,80,79,38,81,82,83,76,85,92,87,88,89,73,91,78,8,84,151,96,97,98,99,100,101,102,103,104,105,106,107,108,109,110,111,112,113,114,115,116,34,118,119,120,121,122,123,90,125,126,127,128,129,130,131,132,133,134,135,136,137,138,139,140,141,142,143,144,145,146,147,148,149,150,21,152,153,154,155,156,157,158,159,160,161,162,163,164,165,166,167,168,169,170,171,172,173,174,175,176,177,178,179,180,181,182,183,184,185,186,187,188,189,190,191,192,193,194,195,196,197,198,199];False
7098;9078;16176;[102,52,11,3,26,43,18,30,25,9,4,1,12,32,14,15,124,94,93,19,61,41,22,23,24,69,5,27,16,56,63,31,29,33,17,35,36,37,60,39,40,49,42,7,44,45,86,47,48,28,50,51,53,13,54,55,6,57,58,59,2,0,62,46,64,10,66,117,68,20,70,71,72,65,74,75,67,77,80,79,38,81,82,83,76,85,92,87,88,89,73,91,78,8,84,95,96,97,98,99,100,101,151,103,104,105,106,107,108,109,110,111,112,113,114,115,116,34,118,119,120,121,122,123,90,125,126,127,128,129,130,131,132,133,134,135,136,137,138,139,140,141,142,143,144,145,146,147,148,149,150,21,152,153,154,155,156,157,158,159,160,161,162,163,164,165,166,167,168,169,170,171,172,173,174,175,176,177,178,179,180,181,182,183,184,185,186,187,188,189,190,191,192,193,194,195,196,197,198,199];False
7008;9117;16125;[103,52,11,3,26,43,18,30,25,9,4,1,12,32,14,15,124,94,93,19,61,41,22,23,24,69,5,27,16,56,63,31,29,33,17,35,36,37,60,39,40,49,42,7,44,45,86,47,48,28,50,51,53,13,54,55,6,57,58,59,2,0,62,46,64,10,66,117,68,20,70,71,72,65,74,75,67,77,80,79,38,81,82,83,76,85,92,87,88,89,73,91,78,8,84,95,96,97,98,99,100,101,102,151,104,105,106,107,108,109,110,111,112,113,114,115,116,34,118,119,120,121,122,123,90,125,126,127,128,129,130,131,132,133,134,135,136,137,138,139,140,141,142,143,144,145,146,147,148,149,150,21,152,153,154,155,156,157,158,159,160,161,162,163,164,165,166,167,168,169,170,171,172,173,174,175,176,177,178,179,180,181,182,183,184,185,186,187,188,189,190,191,192,193,194,195,196,197,198,199];False
6988;9153;16141;[104,52,11,3,26,43,18,30,25,9,4,1,12,32,14,15,124,94,93,19,61,41,22,23,24,69,5,27,16,56,63,31,29,33,17,35,36,37,60,39,40,49,42,7,44,45,86,47,48,28,50,51,53,13,54,55,6,57,58,59,2,0,62,46,64,10,66,117,68,20,70,71,72,65,74,75,67,77,80,79,38,81,82,83,76,85,92,87,88,89,73,91,78,8,84,95,96,97,98,99,100,101,102,103,151,105,106,107,108,109,110,111,112,113,114,115,116,34,118,119,120,121,122,123,90,125,126,127,128,129,130,131,132,133,134,135,136,137,138,139,140,141,142,143,144,145,146,147,148,149,150,21,152,153,154,155,156,157,158,159,160,161,162,163,164,165,166,167,168,169,170,171,172,173,174,175,176,177,178,179,180,181,182,183,184,185,186,187,188,189,190,191,192,193,194,195,196,197,198,199];False
6952;9100;16052;[109,52,11,3,26,43,18,30,25,9,4,1,12,32,14,15,124,94,93,19,61,41,22,23,24,69,5,27,16,56,63,31,29,33,17,35,36,37,60,39,40,49,42,7,44,45,86,47,48,28,50,51,53,13,54,55,6,57,58,59,2,0,62,46,64,10,66,117,68,20,70,71,72,65,74,75,67,77,80,79,38,81,82,83,76,85,92,87,88,89,73,91,78,8,84,95,96,97,98,99,100,101,102,103,104,105,106,107,108,151,110,111,112,113,114,115,116,34,118,119,120,121,122,123,90,125,126,127,128,129,130,131,132,133,134,135,136,137,138,139,140,141,142,143,144,145,146,147,148,149,150,21,152,153,154,155,156,157,158,159,160,161,162,163,164,165,166,167,168,169,170,171,172,173,174,175,176,177,178,179,180,181,182,183,184,185,186,187,188,189,190,191,192,193,194,195,196,197,198,199];False
8124;8778;16902;[117,141,11,3,26,43,12,30,25,9,4,1,75,32,14,15,124,46,16,19,61,41,22,23,24,69,5,27,28,56,63,31,29,33,17,8,36,37,38,39,40,18,42,7,44,45,60,47,48,21,92,51,53,13,54,55,6,57,58,59,2,0,62,96,64,10,66,84,68,20,70,71,72,65,74,82,67,77,76,79,80,81,35,83,52,85,86,87,88,89,73,91,78,93,94,95,49,97,98,99,100,101,102,103,104,105,106,107,108,109,110,111,112,113,114,115,116,34,118,119,120,121,122,123,90,125,126,127,128,129,130,131,132,133,134,135,136,137,138,139,140,50,142,143,144,145,146,147,148,149,150,151,152,153,154,155,156,157,158,159,160,161,162,163,164,165,166,167,168,169,170,171,172,173,174,175,176,177,178,179,180,181,182,183,184,185,186,187,188,189,190,191,192,193,194,195,196,197,198,199];False
8081;8782;16863;[82,141,11,3,26,43,12,30,25,9,4,1,75,32,14,15,124,46,16,19,61,41,22,23,24,69,5,27,28,56,63,31,29,33,17,8,36,37,38,39,40,18,42,7,44,45,60,47,48,21,92,51,53,13,54,55,6,57,58,59,2,0,62,96,64,10,66,117,68,20,70,71,72,65,74,84,67,77,76,79,80,81,35,83,52,85,86,87,88,89,73,91,78,93,94,95,49,97,98,99,100,101,102,103,104,105,106,107,108,109,110,111,112,113,114,115,116,34,118,119,120,121,122,123,90,125,126,127,128,129,130,131,132,133,134,135,136,137,138,139,140,50,142,143,144,145,146,147,148,149,150,151,152,153,154,155,156,157,158,159,160,161,162,163,164,165,166,167,168,169,170,171,172,173,174,175,176,177,178,179,180,181,182,183,184,185,186,187,188,189,190,191,192,193,194,195,196,197,198,199];False
8275;8762;17037;[46,141,11,3,26,43,12,30,25,9,4,1,75,32,14,15,124,99,16,19,61,41,22,23,24,69,5,27,28,56,63,31,29,33,17,8,36,37,38,39,40,18,42,7,44,45,60,47,48,21,92,51,53,13,54,55,6,57,58,59,2,0,62,96,64,10,66,117,68,20,70,71,72,65,74,82,67,77,76,79,80,81,35,83,52,85,86,87,88,89,73,91,78,93,94,95,84,97,98,49,100,101,102,103,104,105,106,107,108,109,110,111,112,113,114,115,116,34,118,119,120,121,122,123,90,125,126,127,128,129,130,131,132,133,134,135,136,137,138,139,140,50,142,143,144,145,146,147,148,149,150,151,152,153,154,155,156,157,158,159,160,161,162,163,164,165,166,167,168,169,170,171,172,173,174,175,176,177,178,179,180,181,182,183,184,185,186,187,188,189,190,191,192,193,194,195,196,197,198,199];False
8188;8763;16951;[16,141,11,3,26,43,12,30,25,9,4,1,75,32,14,15,124,46,99,19,61,41,22,23,24,69,5,27,28,56,63,31,29,33,17,8,36,37,38,39,40,18,42,7,44,45,60,47,48,21,92,51,53,13,54,55,6,57,58,59,2,0,62,96,64,10,66,117,68,20,70,71,72,65,74,82,67,77,76,79,80,81,35,83,52,85,86,87,88,89,73,91,78,93,94,95,84,97,98,49,100,101,102,103,104,105,106,107,108,109,110,111,112,113,114,115,116,34,118,119,120,121,122,123,90,125,126,127,128,129,130,131,132,133,134,135,136,137,138,139,140,50,142,143,144,145,146,147,148,149,150,151,152,153,154,155,156,157,158,159,160,161,162,163,164,165,166,167,168,169,170,171,172,173,174,175,176,177,178,179,180,181,182,183,184,185,186,187,188,189,190,191,192,193,194,195,196,197,198,199];False
8161;8758;16919;[28,141,11,3,26,43,12,30,25,9,4,1,75,32,14,15,124,46,16,19,61,41,22,23,24,69,5,27,99,56,63,31,29,33,17,8,36,37,38,39,40,18,42,7,44,45,60,47,48,21,92,51,53,13,54,55,6,57,58,59,2,0,62,96,64,10,66,117,68,20,70,71,72,65,74,82,67,77,76,79,80,81,35,83,52,85,86,87,88,89,73,91,78,93,94,95,84,97,98,49,100,101,102,103,104,105,106,107,108,109,110,111,112,113,114,115,116,34,118,119,120,121,122,123,90,125,126,127,128,129,130,131,132,133,134,135,136,137,138,139,140,50,142,143,144,145,146,147,148,149,150,151,152,153,154,155,156,157,158,159,160,161,162,163,164,165,166,167,168,169,170,171,172,173,174,175,176,177,178,179,180,181,182,183,184,185,186,187,188,189,190,191,192,193,194,195,196,197,198,199];False
8149;8765;16914;[92,141,11,3,26,43,12,30,25,9,4,1,75,32,14,15,124,46,16,19,61,41,22,23,24,69,5,27,28,56,63,31,29,33,17,8,36,37,38,39,40,18,42,7,44,45,60,47,48,21,99,51,53,13,54,55,6,57,58,59,2,0,62,96,64,10,66,117,68,20,70,71,72,65,74,82,67,77,76,79,80,81,35,83,52,85,86,87,88,89,73,91,78,93,94,95,84,97,98,49,100,101,102,103,104,105,106,107,108,109,110,111,112,113,114,115,116,34,118,119,120,121,122,123,90,125,126,127,128,129,130,131,132,133,134,135,136,137,138,139,140,50,142,143,144,145,146,147,148,149,150,151,152,153,154,155,156,157,158,159,160,161,162,163,164,165,166,167,168,169,170,171,172,173,174,175,176,177,178,179,180,181,182,183,184,185,186,187,188,189,190,191,192,193,194,195,196,197,198,199];False
8060;8779;16839;[95,141,11,3,26,43,12,30,25,9,4,1,75,32,14,15,124,46,16,19,61,41,22,23,24,69,5,27,28,56,63,31,29,33,17,8,36,37,38,39,40,18,42,7,44,45,60,47,48,21,92,51,53,13,54,55,6,57,58,59,2,0,62,96,64,10,66,117,68,20,70,71,72,65,74,82,67,77,76,79,80,81,35,83,52,85,86,87,88,89,73,91,78,93,94,99,84,97,98,49,100,101,102,103,104,105,106,107,108,109,110,111,112,113,114,115,116,34,118,119,120,121,122,123,90,125,126,127,128,129,130,131,132,133,134,135,136,137,138,139,140,50,142,143,144,145,146,147,148,149,150,151,152,153,154,155,156,157,158,159,160,161,162,163,164,165,166,167,168,169,170,171,172,173,174,175,176,177,178,179,180,181,182,183,184,185,186,187,188,189,190,191,192,193,194,195,196,197,198,199];False
8143;8754;16897;[105,141,11,3,26,43,12,30,25,9,4,1,75,32,14,15,124,46,16,19,61,41,22,23,24,69,5,27,28,56,63,31,29,33,17,8,36,37,38,39,40,18,42,7,44,45,60,47,48,21,92,51,53,13,54,55,6,57,58,59,2,0,62,96,64,10,66,117,68,20,70,71,72,65,74,82,67,77,76,79,80,81,35,83,52,85,86,87,88,89,73,91,78,93,94,95,84,97,98,49,100,101,102,103,104,99,106,107,108,109,110,111,112,113,114,115,116,34,118,119,120,121,122,123,90,125,126,127,128,129,130,131,132,133,134,135,136,137,138,139,140,50,142,143,144,145,146,147,148,149,150,151,152,153,154,155,156,157,158,159,160,161,162,163,164,165,166,167,168,169,170,171,172,173,174,175,176,177,178,179,180,181,182,183,184,185,186,187,188,189,190,191,192,193,194,195,196,197,198,199];False
8019;8770;16789;[16,141,11,3,26,43,12,30,25,9,4,1,75,32,14,15,124,46,109,19,61,41,22,23,24,69,5,27,28,56,63,31,29,33,17,8,36,37,38,39,40,18,42,7,44,45,60,47,48,21,92,51,53,13,54,55,6,57,58,59,2,0,62,96,64,10,66,117,68,20,70,71,72,65,74,82,67,77,76,79,80,81,35,83,52,85,86,87,88,89,73,91,78,93,94,95,84,97,98,99,100,101,102,103,104,105,106,107,108,49,110,111,112,113,114,115,116,34,118,119,120,121,122,123,90,125,126,127,128,129,130,131,132,133,134,135,136,137,138,139,140,50,142,143,144,145,146,147,148,149,150,151,152,153,154,155,156,157,158,159,160,161,162,163,164,165,166,167,168,169,170,171,172,173,174,175,176,177,178,179,180,181,182,183,184,185,186,187,188,189,190,191,192,193,194,195,196,197,198,199];False
8012;8785;16797;[28,141,11,3,26,43,12,30,25,9,4,1,75,32,14,15,124,46,16,19,61,41,22,23,24,69,5,27,109,56,63,31,29,33,17,8,36,37,38,39,40,18,42,7,44,45,60,47,48,21,92,51,53,13,54,55,6,57,58,59,2,0,62,96,64,10,66,117,68,20,70,71,72,65,74,82,67,77,76,79,80,81,35,83,52,85,86,87,88,89,73,91,78,93,94,95,84,97,98,99,100,101,102,103,104,105,106,107,108,49,110,111,112,113,114,115,116,34,118,119,120,121,122,123,90,125,126,127,128,129,130,131,132,133,134,135,136,137,138,139,140,50,142,143,144,145,146,147,148,149,150,151,152,153,154,155,156,157,158,159,160,161,162,163,164,165,166,167,168,169,170,171,172,173,174,175,176,177,178,179,180,181,182,183,184,185,186,187,188,189,190,191,192,193,194,195,196,197,198,199];False
8112;8768;16880;[20,141,11,3,26,43,12,30,25,9,4,1,75,32,14,15,124,46,16,19,61,41,22,23,24,69,5,27,28,56,63,31,29,33,17,8,36,37,38,39,40,18,42,7,44,45,60,47,48,21,92,51,53,13,54,55,6,57,58,59,2,0,62,96,64,10,66,117,68,109,70,71,72,65,74,82,67,77,76,79,80,81,35,83,52,85,86,87,88,89,73,91,78,93,94,95,84,97,98,99,100,101,102,103,104,105,106,107,108,49,110,111,112,113,114,115,116,34,118,119,120,121,122,123,90,125,126,127,128,129,130,131,132,133,134,135,136,137,138,139,140,50,142,143,144,145,146,147,148,149,150,151,152,153,154,155,156,157,158,159,160,161,162,163,164,165,166,167,168,169,170,171,172,173,174,175,176,177,178,179,180,181,182,183,184,185,186,187,188,189,190,191,192,193,194,195,196,197,198,199];False
8095;8766;16861;[86,141,11,3,26,43,12,30,25,9,4,1,75,32,14,15,124,46,16,19,61,41,22,23,24,69,5,27,28,56,63,31,29,33,17,8,36,37,38,39,40,18,42,7,44,45,60,47,48,21,92,51,53,13,54,55,6,57,58,59,2,0,62,96,64,10,66,117,68,20,70,71,72,65,74,82,67,77,76,79,80,81,35,83,52,85,109,87,88,89,73,91,78,93,94,95,84,97,98,99,100,101,102,103,104,105,106,107,108,49,110,111,112,113,114,115,116,34,118,119,120,121,122,123,90,125,126,127,128,129,130,131,132,133,134,135,136,137,138,139,140,50,142,143,144,145,146,147,148,149,150,151,152,153,154,155,156,157,158,159,160,161,162,163,164,165,166,167,168,169,170,171,172,173,174,175,176,177,178,179,180,181,182,183,184,185,186,187,188,189,190,191,192,193,194,195,196,197,198,199];False
8028;8767;16795;[78,141,11,3,26,43,12,30,25,9,4,1,75,32,14,15,124,46,16,19,61,41,22,23,24,69,5,27,28,56,63,31,29,33,17,8,36,37,38,39,40,18,42,7,44,45,60,47,48,21,92,51,53,13,54,55,6,57,58,59,2,0,62,96,64,10,66,117,68,20,70,71,72,65,74,82,67,77,76,79,80,81,35,83,52,85,86,87,88,89,73,91,109,93,94,95,84,97,98,99,100,101,102,103,104,105,106,107,108,49,110,111,112,113,114,115,116,34,118,119,120,121,122,123,90,125,126,127,128,129,130,131,132,133,134,135,136,137,138,139,140,50,142,143,144,145,146,147,148,149,150,151,152,153,154,155,156,157,158,159,160,161,162,163,164,165,166,167,168,169,170,171,172,173,174,175,176,177,178,179,180,181,182,183,184,185,186,187,188,189,190,191,192,193,194,195,196,197,198,199];False
7992;8788;16780;[94,141,11,3,26,43,12,30,25,9,4,1,75,32,14,15,124,46,16,19,61,41,22,23,24,69,5,27,28,56,63,31,29,33,17,8,36,37,38,39,40,18,42,7,44,45,60,47,48,21,92,51,53,13,54,55,6,57,58,59,2,0,62,96,64,10,66,117,68,20,70,71,72,65,74,82,67,77,76,79,80,81,35,83,52,85,86,87,88,89,73,91,78,93,109,95,84,97,98,99,100,101,102,103,104,105,106,107,108,49,110,111,112,113,114,115,116,34,118,119,120,121,122,123,90,125,126,127,128,129,130,131,132,133,134,135,136,137,138,139,140,50,142,143,144,145,146,147,148,149,150,151,152,153,154,155,156,157,158,159,160,161,162,163,164,165,166,167,168,169,170,171,172,173,174,175,176,177,178,179,180,181,182,183,184,185,186,187,188,189,190,191,192,193,194,195,196,197,198,199];False
7395;8916;16311;[19,141,11,3,26,43,18,30,25,9,4,1,12,32,14,15,124,46,16,77,61,41,22,23,24,69,5,27,28,56,63,31,29,33,17,8,36,37,38,39,40,49,42,7,44,45,60,47,48,21,92,51,53,13,54,55,6,57,58,59,2,0,62,114,64,10,66,117,68,20,70,71,72,65,74,75,67,96,76,79,80,81,82,83,52,85,86,87,88,89,73,91,35,93,94,95,84,97,98,99,100,101,102,127,104,105,106,107,108,109,110,111,112,113,103,115,116,34,118,119,120,121,122,123,90,125,126,78,128,129,130,131,132,133,134,135,136,137,138,139,140,50,142,143,144,145,146,147,148,149,150,151,152,153,154,155,156,157,158,159,160,161,162,163,164,165,166,167,168,169,170,171,172,173,174,175,176,177,178,179,180,181,182,183,184,185,186,187,188,189,190,191,192,193,194,195,196,197,198,199];False
7408;8908;16316;[60,141,11,3,26,43,18,30,25,9,4,1,12,32,14,15,124,46,16,19,61,41,22,23,24,69,5,27,28,56,63,31,29,33,17,8,36,37,38,39,40,49,42,7,44,45,77,47,48,21,92,51,53,13,54,55,6,57,58,59,2,0,62,114,64,10,66,117,68,20,70,71,72,65,74,75,67,96,76,79,80,81,82,83,52,85,86,87,88,89,73,91,35,93,94,95,84,97,98,99,100,101,102,127,104,105,106,107,108,109,110,111,112,113,103,115,116,34,118,119,120,121,122,123,90,125,126,78,128,129,130,131,132,133,134,135,136,137,138,139,140,50,142,143,144,145,146,147,148,149,150,151,152,153,154,155,156,157,158,159,160,161,162,163,164,165,166,167,168,169,170,171,172,173,174,175,176,177,178,179,180,181,182,183,184,185,186,187,188,189,190,191,192,193,194,195,196,197,198,199];False
7436;8872;16308;[28,141,11,3,26,43,18,30,25,9,4,1,12,32,14,15,124,46,16,19,61,41,22,23,24,69,5,27,99,56,63,31,29,33,17,8,36,37,38,39,40,49,42,7,44,45,60,47,48,21,92,51,53,13,54,55,6,57,58,59,2,0,62,114,64,10,66,117,68,20,70,71,72,65,74,75,67,77,76,79,80,81,82,83,52,85,86,87,88,89,73,91,35,93,94,95,84,97,98,96,100,101,102,127,104,105,106,107,108,109,110,111,112,113,103,115,116,34,118,119,120,121,122,123,90,125,126,78,128,129,130,131,132,133,134,135,136,137,138,139,140,50,142,143,144,145,146,147,148,149,150,151,152,153,154,155,156,157,158,159,160,161,162,163,164,165,166,167,168,169,170,171,172,173,174,175,176,177,178,179,180,181,182,183,184,185,186,187,188,189,190,191,192,193,194,195,196,197,198,199];False
7424;8879;16303;[92,141,11,3,26,43,18,30,25,9,4,1,12,32,14,15,124,46,16,19,61,41,22,23,24,69,5,27,28,56,63,31,29,33,17,8,36,37,38,39,40,49,42,7,44,45,60,47,48,21,99,51,53,13,54,55,6,57,58,59,2,0,62,114,64,10,66,117,68,20,70,71,72,65,74,75,67,77,76,79,80,81,82,83,52,85,86,87,88,89,73,91,35,93,94,95,84,97,98,96,100,101,102,127,104,105,106,107,108,109,110,111,112,113,103,115,116,34,118,119,120,121,122,123,90,125,126,78,128,129,130,131,132,133,134,135,136,137,138,139,140,50,142,143,144,145,146,147,148,149,150,151,152,153,154,155,156,157,158,159,160,161,162,163,164,165,166,167,168,169,170,171,172,173,174,175,176,177,178,179,180,181,182,183,184,185,186,187,188,189,190,191,192,193,194,195,196,197,198,199];False
7335;8893;16228;[95,141,11,3,26,43,18,30,25,9,4,1,12,32,14,15,124,46,16,19,61,41,22,23,24,69,5,27,28,56,63,31,29,33,17,8,36,37,38,39,40,49,42,7,44,45,60,47,48,21,92,51,53,13,54,55,6,57,58,59,2,0,62,114,64,10,66,117,68,20,70,71,72,65,74,75,67,77,76,79,80,81,82,83,52,85,86,87,88,89,73,91,35,93,94,99,84,97,98,96,100,101,102,127,104,105,106,107,108,109,110,111,112,113,103,115,116,34,118,119,120,121,122,123,90,125,126,78,128,129,130,131,132,133,134,135,136,137,138,139,140,50,142,143,144,145,146,147,148,149,150,151,152,153,154,155,156,157,158,159,160,161,162,163,164,165,166,167,168,169,170,171,172,173,174,175,176,177,178,179,180,181,182,183,184,185,186,187,188,189,190,191,192,193,194,195,196,197,198,199];False
7479;8870;16349;[127,141,11,3,26,43,18,30,25,9,4,1,12,32,14,15,124,46,16,19,61,41,22,23,24,69,5,27,28,56,63,31,29,33,17,8,36,37,38,39,40,49,42,7,44,45,60,47,48,21,92,51,53,13,54,55,6,57,58,59,2,0,62,114,64,10,66,117,68,20,70,71,72,65,74,75,67,77,76,79,80,81,82,83,52,85,86,87,88,89,73,91,35,93,94,95,84,97,98,96,100,101,102,99,104,105,106,107,108,109,110,111,112,113,103,115,116,34,118,119,120,121,122,123,90,125,126,78,128,129,130,131,132,133,134,135,136,137,138,139,140,50,142,143,144,145,146,147,148,149,150,151,152,153,154,155,156,157,158,159,160,161,162,163,164,165,166,167,168,169,170,171,172,173,174,175,176,177,178,179,180,181,182,183,184,185,186,187,188,189,190,191,192,193,194,195,196,197,198,199];False
7418;8868;16286;[105,141,11,3,26,43,18,30,25,9,4,1,12,32,14,15,124,46,16,19,61,41,22,23,24,69,5,27,28,56,63,31,29,33,17,8,36,37,38,39,40,49,42,7,44,45,60,47,48,21,92,51,53,13,54,55,6,57,58,59,2,0,62,114,64,10,66,117,68,20,70,71,72,65,74,75,67,77,76,79,80,81,82,83,52,85,86,87,88,89,73,91,35,93,94,95,84,97,98,96,100,101,102,127,104,99,106,107,108,109,110,111,112,113,103,115,116,34,118,119,120,121,122,123,90,125,126,78,128,129,130,131,132,133,134,135,136,137,138,139,140,50,142,143,144,145,146,147,148,149,150,151,152,153,154,155,156,157,158,159,160,161,162,163,164,165,166,167,168,169,170,171,172,173,174,175,176,177,178,179,180,181,182,183,184,185,186,187,188,189,190,191,192,193,194,195,196,197,198,199];False
7485;8847;16332;[9,141,11,3,26,43,18,30,25,105,4,1,12,32,14,15,124,46,16,19,61,41,22,23,24,69,5,27,28,56,63,31,29,33,17,8,36,37,38,39,40,49,42,7,44,45,60,47,48,21,92,51,53,13,54,55,6,57,58,59,2,0,62,96,64,10,66,117,68,20,70,71,72,65,74,75,67,77,76,79,80,81,82,83,52,85,86,87,88,89,73,91,35,93,94,95,84,97,98,114,100,101,102,127,104,99,106,107,108,109,110,111,112,113,103,115,116,34,118,119,120,121,122,123,90,125,126,78,128,129,130,131,132,133,134,135,136,137,138,139,140,50,142,143,144,145,146,147,148,149,150,151,152,153,154,155,156,157,158,159,160,161,162,163,164,165,166,167,168,169,170,171,172,173,174,175,176,177,178,179,180,181,182,183,184,185,186,187,188,189,190,191,192,193,194,195,196,197,198,199];False
7613;8816;16429;[60,141,11,3,26,43,18,30,25,9,4,1,12,32,14,15,124,46,174,28,61,41,22,23,24,69,5,27,16,56,63,31,29,33,17,8,36,37,38,39,40,49,42,7,44,45,19,47,48,21,92,51,53,13,54,55,6,57,58,59,2,0,62,96,64,10,66,117,68,20,70,71,72,65,74,75,67,77,76,79,80,81,82,83,52,85,86,87,88,89,73,91,35,93,94,95,84,97,98,99,100,101,102,103,104,105,106,107,108,109,110,111,112,113,114,115,116,34,118,119,120,121,122,123,90,125,126,78,128,129,130,131,132,133,134,135,136,137,138,139,140,50,142,143,144,145,146,147,148,149,150,151,152,153,154,155,156,157,158,159,160,161,162,163,164,165,166,167,168,169,170,171,172,173,127,175,176,177,178,179,180,181,182,183,184,185,186,187,188,189,190,191,192,193,194,195,196,197,198,199];False
7612;8807;16419;[20,141,11,3,26,43,18,30,25,9,4,1,12,32,14,15,124,46,174,19,61,41,22,23,24,69,5,27,16,56,63,31,29,33,17,8,36,28,38,39,40,49,42,7,44,45,60,47,48,21,92,51,53,13,54,55,6,57,58,59,2,0,62,96,64,10,66,117,68,37,70,71,72,65,74,75,67,77,76,79,80,81,82,83,52,85,86,87,88,89,73,91,35,93,94,95,84,97,98,99,100,101,102,103,104,105,106,107,108,109,110,111,112,113,114,115,116,34,118,119,120,121,122,123,90,125,126,78,128,129,130,131,132,133,134,135,136,137,138,139,140,50,142,143,144,145,146,147,148,149,150,151,152,153,154,155,156,157,158,159,160,161,162,163,164,165,166,167,168,169,170,171,172,173,127,175,176,177,178,179,180,181,182,183,184,185,186,187,188,189,190,191,192,193,194,195,196,197,198,199];False
7580;8817;16397;[74,141,11,3,26,43,18,30,25,9,4,1,12,32,14,15,124,46,174,19,61,41,22,23,24,69,5,27,16,56,63,31,29,33,17,8,36,28,38,39,40,49,42,7,44,45,60,47,48,21,92,51,53,13,54,55,6,57,58,59,2,0,62,96,64,10,66,117,68,20,70,71,72,65,37,75,67,77,76,79,80,81,82,83,52,85,86,87,88,89,73,91,35,93,94,95,84,97,98,99,100,101,102,103,104,105,106,107,108,109,110,111,112,113,114,115,116,34,118,119,120,121,122,123,90,125,126,78,128,129,130,131,132,133,134,135,136,137,138,139,140,50,142,143,144,145,146,147,148,149,150,151,152,153,154,155,156,157,158,159,160,161,162,163,164,165,166,167,168,169,170,171,172,173,127,175,176,177,178,179,180,181,182,183,184,185,186,187,188,189,190,191,192,193,194,195,196,197,198,199];False
7443;8853;16296;[85,141,11,3,26,43,18,30,25,9,4,1,12,32,14,15,124,46,174,19,61,41,22,23,24,69,5,27,16,56,63,31,29,33,17,8,36,28,38,39,40,49,42,7,44,45,60,47,48,21,92,51,53,13,54,55,6,57,58,59,2,0,62,96,64,10,66,117,68,20,70,71,72,65,74,75,67,77,76,79,80,81,82,83,52,37,86,87,88,89,73,91,35,93,94,95,84,97,98,99,100,101,102,103,104,105,106,107,108,109,110,111,112,113,114,115,116,34,118,119,120,121,122,123,90,125,126,78,128,129,130,131,132,133,134,135,136,137,138,139,140,50,142,143,144,145,146,147,148,149,150,151,152,153,154,155,156,157,158,159,160,161,162,163,164,165,166,167,168,169,170,171,172,173,127,175,176,177,178,179,180,181,182,183,184,185,186,187,188,189,190,191,192,193,194,195,196,197,198,199];False
7513;8835;16348;[88,141,11,3,26,43,18,30,25,9,4,1,12,32,14,15,124,46,174,19,61,41,22,23,24,69,5,27,16,56,63,31,29,33,17,8,36,28,38,39,40,49,42,7,44,45,60,47,48,21,92,51,53,13,54,55,6,57,58,59,2,0,62,96,64,10,66,117,68,20,70,71,72,65,74,75,67,77,76,79,80,81,82,83,52,85,86,87,37,89,73,91,35,93,94,95,84,97,98,99,100,101,102,103,104,105,106,107,108,109,110,111,112,113,114,115,116,34,118,119,120,121,122,123,90,125,126,78,128,129,130,131,132,133,134,135,136,137,138,139,140,50,142,143,144,145,146,147,148,149,150,151,152,153,154,155,156,157,158,159,160,161,162,163,164,165,166,167,168,169,170,171,172,173,127,175,176,177,178,179,180,181,182,183,184,185,186,187,188,189,190,191,192,193,194,195,196,197,198,199];False
7673;8799;16472;[73,141,11,3,26,43,18,30,25,9,4,1,12,32,14,15,124,46,174,19,61,41,22,23,24,69,5,27,16,56,63,31,29,33,17,8,36,28,38,39,40,49,42,7,44,45,60,47,48,21,92,51,53,13,54,55,6,57,58,59,2,0,62,96,64,10,66,117,68,20,70,71,72,65,74,75,67,77,76,79,80,81,82,83,52,85,86,87,88,89,37,91,35,93,94,95,84,97,98,99,100,101,102,103,104,105,106,107,108,109,110,111,112,113,114,115,116,34,118,119,120,121,122,123,90,125,126,78,128,129,130,131,132,133,134,135,136,137,138,139,140,50,142,143,144,145,146,147,148,149,150,151,152,153,154,155,156,157,158,159,160,161,162,163,164,165,166,167,168,169,170,171,172,173,127,175,176,177,178,179,180,181,182,183,184,185,186,187,188,189,190,191,192,193,194,195,196,197,198,199];False
7499;8806;16305;[95,141,11,3,26,43,18,30,25,9,4,1,12,32,14,15,124,46,174,19,61,41,22,23,24,69,5,27,16,56,63,31,29,33,17,8,36,28,38,39,40,49,42,7,44,45,60,47,48,21,92,51,53,13,54,55,6,57,58,59,2,0,62,96,64,10,66,117,68,20,70,71,72,65,74,75,67,77,76,79,80,81,82,83,52,85,86,87,88,89,73,91,35,93,94,37,84,97,98,99,100,101,102,103,104,105,106,107,108,109,110,111,112,113,114,115,116,34,118,119,120,121,122,123,90,125,126,78,128,129,130,131,132,133,134,135,136,137,138,139,140,50,142,143,144,145,146,147,148,149,150,151,152,153,154,155,156,157,158,159,160,161,162,163,164,165,166,167,168,169,170,171,172,173,127,175,176,177,178,179,180,181,182,183,184,185,186,187,188,189,190,191,192,193,194,195,196,197,198,199];False
7768;8784;16552;[4,141,11,3,26,43,18,30,25,9,46,1,12,32,14,15,124,73,174,19,61,41,22,23,24,69,5,27,28,56,63,31,29,33,17,8,36,37,38,39,40,49,42,7,44,45,60,47,48,21,92,51,53,13,54,55,6,57,58,59,2,0,62,96,64,10,66,117,68,20,70,71,72,65,74,75,67,77,76,79,80,81,82,83,52,85,86,87,88,89,16,91,35,93,94,95,84,97,98,99,100,101,102,103,104,105,106,107,108,109,110,111,112,113,114,115,116,34,118,119,120,121,122,123,90,125,126,78,128,129,130,131,132,133,134,135,136,137,138,139,140,50,142,143,144,145,146,147,148,149,150,151,152,153,154,155,156,157,158,159,160,161,162,163,164,165,166,167,168,169,170,171,172,173,127,175,176,177,178,179,180,181,182,183,184,185,186,187,188,189,190,191,192,193,194,195,196,197,198,199];False
7735;8780;16515;[12,141,11,3,26,43,18,30,25,9,4,1,46,32,14,15,124,73,174,19,61,41,22,23,24,69,5,27,28,56,63,31,29,33,17,8,36,37,38,39,40,49,42,7,44,45,60,47,48,21,92,51,53,13,54,55,6,57,58,59,2,0,62,96,64,10,66,117,68,20,70,71,72,65,74,75,67,77,76,79,80,81,82,83,52,85,86,87,88,89,16,91,35,93,94,95,84,97,98,99,100,101,102,103,104,105,106,107,108,109,110,111,112,113,114,115,116,34,118,119,120,121,122,123,90,125,126,78,128,129,130,131,132,133,134,135,136,137,138,139,140,50,142,143,144,145,146,147,148,149,150,151,152,153,154,155,156,157,158,159,160,161,162,163,164,165,166,167,168,169,170,171,172,173,127,175,176,177,178,179,180,181,182,183,184,185,186,187,188,189,190,191,192,193,194,195,196,197,198,199];False
7692;8794;16486;[14,141,11,3,26,43,18,30,25,9,4,1,12,32,46,15,124,73,174,19,61,41,22,23,24,69,5,27,28,56,63,31,29,33,17,8,36,37,38,39,40,49,42,7,44,45,60,47,48,21,92,51,53,13,54,55,6,57,58,59,2,0,62,96,64,10,66,117,68,20,70,71,72,65,74,75,67,77,76,79,80,81,82,83,52,85,86,87,88,89,16,91,35,93,94,95,84,97,98,99,100,101,102,103,104,105,106,107,108,109,110,111,112,113,114,115,116,34,118,119,120,121,122,123,90,125,126,78,128,129,130,131,132,133,134,135,136,137,138,139,140,50,142,143,144,145,146,147,148,149,150,151,152,153,154,155,156,157,158,159,160,161,162,163,164,165,166,167,168,169,170,171,172,173,127,175,176,177,178,179,180,181,182,183,184,185,186,187,188,189,190,191,192,193,194,195,196,197,198,199];False
7691;8771;16462;[19,141,11,3,26,43,18,30,25,9,4,1,12,32,14,15,124,73,174,46,61,41,22,23,24,69,5,27,28,56,63,31,29,33,17,8,36,37,38,39,40,49,42,7,44,45,60,47,48,21,92,51,53,13,54,55,6,57,58,59,2,0,62,96,64,10,66,117,68,20,70,71,72,65,74,75,67,77,76,79,80,81,82,83,52,85,86,87,88,89,16,91,35,93,94,95,84,97,98,99,100,101,102,103,104,105,106,107,108,109,110,111,112,113,114,115,116,34,118,119,120,121,122,123,90,125,126,78,128,129,130,131,132,133,134,135,136,137,138,139,140,50,142,143,144,145,146,147,148,149,150,151,152,153,154,155,156,157,158,159,160,161,162,163,164,165,166,167,168,169,170,171,172,173,127,175,176,177,178,179,180,181,182,183,184,185,186,187,188,189,190,191,192,193,194,195,196,197,198,199];False
7651;8787;16438;[23,141,11,3,26,43,18,30,25,9,4,1,12,32,14,15,124,73,174,19,61,41,22,46,24,69,5,27,28,56,63,31,29,33,17,8,36,37,38,39,40,49,42,7,44,45,60,47,48,21,92,51,53,13,54,55,6,57,58,59,2,0,62,96,64,10,66,117,68,20,70,71,72,65,74,75,67,77,76,79,80,81,82,83,52,85,86,87,88,89,16,91,35,93,94,95,84,97,98,99,100,101,102,103,104,105,106,107,108,109,110,111,112,113,114,115,116,34,118,119,120,121,122,123,90,125,126,78,128,129,130,131,132,133,134,135,136,137,138,139,140,50,142,143,144,145,146,147,148,149,150,151,152,153,154,155,156,157,158,159,160,161,162,163,164,165,166,167,168,169,170,171,172,173,127,175,176,177,178,179,180,181,182,183,184,185,186,187,188,189,190,191,192,193,194,195,196,197,198,199];False
7334;8929;16263;[4,141,11,47,26,43,18,30,25,9,109,1,12,32,3,15,124,8,16,14,61,41,22,23,24,69,5,27,28,56,63,31,29,33,17,35,36,95,38,85,40,49,42,7,44,45,60,39,48,21,92,51,53,13,54,55,6,57,58,59,2,0,62,46,64,10,66,117,68,20,70,71,72,65,74,75,67,77,76,79,80,81,82,83,84,37,86,87,88,89,73,91,78,93,94,114,96,97,98,99,100,101,102,52,104,105,106,107,108,19,110,111,112,113,103,115,116,34,118,119,120,121,122,123,90,125,126,127,128,129,130,131,132,133,134,135,136,137,138,139,140,50,142,143,144,145,146,147,148,149,150,151,152,153,154,155,156,157,158,159,160,161,162,163,164,165,166,167,168,169,170,171,172,173,174,175,176,177,178,179,180,181,182,183,184,185,186,187,188,189,190,191,192,193,194,195,196,197,198,199];False
7293;8925;16218;[8,141,11,47,26,43,18,30,25,9,4,1,12,32,3,15,124,109,16,14,61,41,22,23,24,69,5,27,28,56,63,31,29,33,17,35,36,95,38,85,40,49,42,7,44,45,60,39,48,21,92,51,53,13,54,55,6,57,58,59,2,0,62,46,64,10,66,117,68,20,70,71,72,65,74,75,67,77,76,79,80,81,82,83,84,37,86,87,88,89,73,91,78,93,94,114,96,97,98,99,100,101,102,52,104,105,106,107,108,19,110,111,112,113,103,115,116,34,118,119,120,121,122,123,90,125,126,127,128,129,130,131,132,133,134,135,136,137,138,139,140,50,142,143,144,145,146,147,148,149,150,151,152,153,154,155,156,157,158,159,160,161,162,163,164,165,166,167,168,169,170,171,172,173,174,175,176,177,178,179,180,181,182,183,184,185,186,187,188,189,190,191,192,193,194,195,196,197,198,199];False
7332;8920;16252;[16,141,11,47,26,43,18,30,25,9,4,1,12,32,3,15,124,8,109,14,61,41,22,23,24,69,5,27,28,56,63,31,29,33,17,35,36,95,38,85,40,49,42,7,44,45,60,39,48,21,92,51,53,13,54,55,6,57,58,59,2,0,62,46,64,10,66,117,68,20,70,71,72,65,74,75,67,77,76,79,80,81,82,83,84,37,86,87,88,89,73,91,78,93,94,114,96,97,98,99,100,101,102,52,104,105,106,107,108,19,110,111,112,113,103,115,116,34,118,119,120,121,122,123,90,125,126,127,128,129,130,131,132,133,134,135,136,137,138,139,140,50,142,143,144,145,146,147,148,149,150,151,152,153,154,155,156,157,158,159,160,161,162,163,164,165,166,167,168,169,170,171,172,173,174,175,176,177,178,179,180,181,182,183,184,185,186,187,188,189,190,191,192,193,194,195,196,197,198,199];False
7214;8958;16172;[24,141,11,47,26,43,18,30,25,9,4,1,12,32,3,15,124,8,16,14,61,41,22,23,109,69,5,27,28,56,63,31,29,33,17,35,36,95,38,85,40,49,42,7,44,45,60,39,48,21,92,51,53,13,54,55,6,57,58,59,2,0,62,46,64,10,66,117,68,20,70,71,72,65,74,75,67,77,76,79,80,81,82,83,84,37,86,87,88,89,73,91,78,93,94,114,96,97,98,99,100,101,102,52,104,105,106,107,108,19,110,111,112,113,103,115,116,34,118,119,120,121,122,123,90,125,126,127,128,129,130,131,132,133,134,135,136,137,138,139,140,50,142,143,144,145,146,147,148,149,150,151,152,153,154,155,156,157,158,159,160,161,162,163,164,165,166,167,168,169,170,171,172,173,174,175,176,177,178,179,180,181,182,183,184,185,186,187,188,189,190,191,192,193,194,195,196,197,198,199];False
7243;8927;16170;[28,141,11,47,26,43,18,30,25,9,4,1,12,32,3,15,124,8,16,14,61,41,22,23,24,69,5,27,109,56,63,31,29,33,17,35,36,95,38,85,40,49,42,7,44,45,60,39,48,21,92,51,53,13,54,55,6,57,58,59,2,0,62,46,64,10,66,117,68,20,70,71,72,65,74,75,67,77,76,79,80,81,82,83,84,37,86,87,88,89,73,91,78,93,94,114,96,97,98,99,100,101,102,52,104,105,106,107,108,19,110,111,112,113,103,115,116,34,118,119,120,121,122,123,90,125,126,127,128,129,130,131,132,133,134,135,136,137,138,139,140,50,142,143,144,145,146,147,148,149,150,151,152,153,154,155,156,157,158,159,160,161,162,163,164,165,166,167,168,169,170,171,172,173,174,175,176,177,178,179,180,181,182,183,184,185,186,187,188,189,190,191,192,193,194,195,196,197,198,199];False
7324;8875;16199;[64,141,11,47,26,43,18,30,25,9,4,1,12,32,3,15,124,8,16,14,61,41,22,23,24,69,5,27,28,56,63,31,29,33,17,35,36,95,38,85,40,49,42,7,44,45,60,39,48,21,92,51,53,13,54,55,6,57,58,59,2,0,62,46,109,10,66,117,68,20,70,71,72,65,74,75,67,77,76,79,80,81,82,83,84,37,86,87,88,89,73,91,78,93,94,114,96,97,98,99,100,101,102,52,104,105,106,107,108,19,110,111,112,113,103,115,116,34,118,119,120,121,122,123,90,125,126,127,128,129,130,131,132,133,134,135,136,137,138,139,140,50,142,143,144,145,146,147,148,149,150,151,152,153,154,155,156,157,158,159,160,161,162,163,164,165,166,167,168,169,170,171,172,173,174,175,176,177,178,179,180,181,182,183,184,185,186,187,188,189,190,191,192,193,194,195,196,197,198,199];False
7272;8921;16193;[10,141,11,47,26,43,18,30,25,9,4,1,12,32,3,15,124,8,16,14,61,41,22,23,24,69,5,27,28,56,63,31,29,33,17,35,36,95,38,85,40,49,42,7,44,45,60,39,48,21,92,51,53,13,54,55,6,57,58,59,2,0,62,46,64,109,66,117,68,20,70,71,72,65,74,75,67,77,76,79,80,81,82,83,84,37,86,87,88,89,73,91,78,93,94,114,96,97,98,99,100,101,102,52,104,105,106,107,108,19,110,111,112,113,103,115,116,34,118,119,120,121,122,123,90,125,126,127,128,129,130,131,132,133,134,135,136,137,138,139,140,50,142,143,144,145,146,147,148,149,150,151,152,153,154,155,156,157,158,159,160,161,162,163,164,165,166,167,168,169,170,171,172,173,174,175,176,177,178,179,180,181,182,183,184,185,186,187,188,189,190,191,192,193,194,195,196,197,198,199];False
7296;8912;16208;[72,141,11,47,26,43,18,30,25,9,4,1,12,32,3,15,124,8,16,14,61,41,22,23,24,69,5,27,28,56,63,31,29,33,17,35,36,95,38,85,40,49,42,7,44,45,60,39,48,21,92,51,53,13,54,55,6,57,58,59,2,0,62,46,64,10,66,117,68,20,70,71,109,65,74,75,67,77,76,79,80,81,82,83,84,37,86,87,88,89,73,91,78,93,94,114,96,97,98,99,100,101,102,52,104,105,106,107,108,19,110,111,112,113,103,115,116,34,118,119,120,121,122,123,90,125,126,127,128,129,130,131,132,133,134,135,136,137,138,139,140,50,142,143,144,145,146,147,148,149,150,151,152,153,154,155,156,157,158,159,160,161,162,163,164,165,166,167,168,169,170,171,172,173,174,175,176,177,178,179,180,181,182,183,184,185,186,187,188,189,190,191,192,193,194,195,196,197,198,199];False
7216;8949;16165;[77,141,11,47,26,43,18,30,25,9,4,1,12,32,3,15,124,8,16,14,61,41,22,23,24,69,5,27,28,56,63,31,29,33,17,35,36,95,38,85,40,49,42,7,44,45,60,39,48,21,92,51,53,13,54,55,6,57,58,59,2,0,62,46,64,10,66,117,68,20,70,71,72,65,74,75,67,109,76,79,80,81,82,83,84,37,86,87,88,89,73,91,78,93,94,114,96,97,98,99,100,101,102,52,104,105,106,107,108,19,110,111,112,113,103,115,116,34,118,119,120,121,122,123,90,125,126,127,128,129,130,131,132,133,134,135,136,137,138,139,140,50,142,143,144,145,146,147,148,149,150,151,152,153,154,155,156,157,158,159,160,161,162,163,164,165,166,167,168,169,170,171,172,173,174,175,176,177,178,179,180,181,182,183,184,185,186,187,188,189,190,191,192,193,194,195,196,197,198,199];False
7265;8917;16182;[84,141,11,47,26,43,18,30,25,9,4,1,12,32,3,15,124,8,16,14,61,41,22,23,24,69,5,27,28,56,63,31,29,33,17,35,36,95,38,85,40,49,42,7,44,45,60,39,48,21,92,51,53,13,54,55,6,57,58,59,2,0,62,46,64,10,66,117,68,20,70,71,72,65,74,75,67,77,76,79,80,81,82,83,109,37,86,87,88,89,73,91,78,93,94,114,96,97,98,99,100,101,102,52,104,105,106,107,108,19,110,111,112,113,103,115,116,34,118,119,120,121,122,123,90,125,126,127,128,129,130,131,132,133,134,135,136,137,138,139,140,50,142,143,144,145,146,147,148,149,150,151,152,153,154,155,156,157,158,159,160,161,162,163,164,165,166,167,168,169,170,171,172,173,174,175,176,177,178,179,180,181,182,183,184,185,186,187,188,189,190,191,192,193,194,195,196,197,198,199];False
7233;8947;16180;[88,141,11,47,26,43,18,30,25,9,4,1,12,32,3,15,124,8,16,14,61,41,22,23,24,69,5,27,28,56,63,31,29,33,17,35,36,95,38,85,40,49,42,7,44,45,60,39,48,21,92,51,53,13,54,55,6,57,58,59,2,0,62,46,64,10,66,117,68,20,70,71,72,65,74,75,67,77,76,79,80,81,82,83,84,37,86,87,109,89,73,91,78,93,94,114,96,97,98,99,100,101,102,52,104,105,106,107,108,19,110,111,112,113,103,115,116,34,118,119,120,121,122,123,90,125,126,127,128,129,130,131,132,133,134,135,136,137,138,139,140,50,142,143,144,145,146,147,148,149,150,151,152,153,154,155,156,157,158,159,160,161,162,163,164,165,166,167,168,169,170,171,172,173,174,175,176,177,178,179,180,181,182,183,184,185,186,187,188,189,190,191,192,193,194,195,196,197,198,199];False
7259;8909;16168;[78,141,11,47,26,43,18,30,25,9,4,1,12,32,3,15,124,8,16,14,61,41,22,23,24,69,5,27,28,56,63,31,29,33,17,35,36,95,38,85,40,49,42,7,44,45,60,39,48,21,92,51,53,13,54,55,6,57,58,59,2,0,62,46,64,10,66,117,68,20,70,71,72,65,74,75,67,77,76,79,80,81,82,83,84,37,86,87,88,89,73,91,109,93,94,114,96,97,98,99,100,101,102,52,104,105,106,107,108,19,110,111,112,113,103,115,116,34,118,119,120,121,122,123,90,125,126,127,128,129,130,131,132,133,134,135,136,137,138,139,140,50,142,143,144,145,146,147,148,149,150,151,152,153,154,155,156,157,158,159,160,161,162,163,164,165,166,167,168,169,170,171,172,173,174,175,176,177,178,179,180,181,182,183,184,185,186,187,188,189,190,191,192,193,194,195,196,197,198,199];False
7208;8947;16155;[114,141,11,47,26,43,18,30,25,9,4,1,12,32,3,15,124,8,16,14,61,41,22,23,24,69,5,27,28,56,63,31,29,33,17,35,36,95,38,85,40,49,42,7,44,45,60,39,48,21,92,51,53,13,54,55,6,57,58,59,2,0,62,46,64,10,66,117,68,20,70,71,72,65,74,75,67,77,76,79,80,81,82,83,84,37,86,87,88,89,73,91,78,93,94,109,96,97,98,99,100,101,102,52,104,105,106,107,108,19,110,111,112,113,103,115,116,34,118,119,120,121,122,123,90,125,126,127,128,129,130,131,132,133,134,135,136,137,138,139,140,50,142,143,144,145,146,147,148,149,150,151,152,153,154,155,156,157,158,159,160,161,162,163,164,165,166,167,168,169,170,171,172,173,174,175,176,177,178,179,180,181,182,183,184,185,186,187,188,189,190,191,192,193,194,195,196,197,198,199];False
7227;8932;16159;[102,141,11,47,26,43,18,30,25,9,4,1,12,32,3,15,124,8,16,14,61,41,22,23,24,69,5,27,28,56,63,31,29,33,17,35,36,95,38,85,40,49,42,7,44,45,60,39,48,21,92,51,53,13,54,55,6,57,58,59,2,0,62,46,64,10,66,117,68,20,70,71,72,65,74,75,67,77,76,79,80,81,82,83,84,37,86,87,88,89,73,91,78,93,94,114,96,97,98,99,100,101,109,52,104,105,106,107,108,19,110,111,112,113,103,115,116,34,118,119,120,121,122,123,90,125,126,127,128,129,130,131,132,133,134,135,136,137,138,139,140,50,142,143,144,145,146,147,148,149,150,151,152,153,154,155,156,157,158,159,160,161,162,163,164,165,166,167,168,169,170,171,172,173,174,175,176,177,178,179,180,181,182,183,184,185,186,187,188,189,190,191,192,193,194,195,196,197,198,199];False
7104;9020;16124;[30,52,11,3,26,43,18,9,25,94,75,1,12,32,14,15,124,8,16,19,61,41,22,23,24,69,5,27,28,56,63,31,29,33,17,35,36,37,60,39,40,49,42,7,44,45,86,47,48,21,50,51,53,13,54,55,6,57,58,59,2,0,77,46,64,10,66,117,68,20,70,71,72,65,74,84,67,81,80,79,38,73,82,83,76,85,92,87,88,89,4,91,78,93,62,95,96,97,98,99,100,101,102,103,104,105,106,107,108,109,110,111,112,113,114,115,116,34,118,119,120,121,122,123,90,125,126,127,128,129,130,131,132,133,134,135,136,137,138,139,140,141,142,143,144,145,146,147,148,149,150,151,152,153,154,155,156,157,158,159,160,161,162,163,164,165,166,167,168,169,170,171,172,173,174,175,176,177,178,179,180,181,182,183,184,185,186,187,188,189,190,191,192,193,194,195,196,197,198,199];False
7066;8995;16061;[8,52,11,3,26,43,18,30,25,94,75,1,12,32,14,15,124,9,16,19,61,41,22,23,24,69,5,27,28,56,63,31,29,33,17,35,36,37,60,39,40,49,42,7,44,45,86,47,48,21,50,51,53,13,54,55,6,57,58,59,2,0,77,46,64,10,66,117,68,20,70,71,72,65,74,84,67,81,80,79,38,73,82,83,76,85,92,87,88,89,4,91,78,93,62,95,96,97,98,99,100,101,102,103,104,105,106,107,108,109,110,111,112,113,114,115,116,34,118,119,120,121,122,123,90,125,126,127,128,129,130,131,132,133,134,135,136,137,138,139,140,141,142,143,144,145,146,147,148,149,150,151,152,153,154,155,156,157,158,159,160,161,162,163,164,165,166,167,168,169,170,171,172,173,174,175,176,177,178,179,180,181,182,183,184,185,186,187,188,189,190,191,192,193,194,195,196,197,198,199];False
7113;8991;16104;[61,52,11,3,26,43,18,30,25,94,75,1,12,32,14,15,124,8,16,19,9,41,22,23,24,69,5,27,28,56,63,31,29,33,17,35,36,37,60,39,40,49,42,7,44,45,86,47,48,21,50,51,53,13,54,55,6,57,58,59,2,0,77,46,64,10,66,117,68,20,70,71,72,65,74,84,67,81,80,79,38,73,82,83,76,85,92,87,88,89,4,91,78,93,62,95,96,97,98,99,100,101,102,103,104,105,106,107,108,109,110,111,112,113,114,115,116,34,118,119,120,121,122,123,90,125,126,127,128,129,130,131,132,133,134,135,136,137,138,139,140,141,142,143,144,145,146,147,148,149,150,151,152,153,154,155,156,157,158,159,160,161,162,163,164,165,166,167,168,169,170,171,172,173,174,175,176,177,178,179,180,181,182,183,184,185,186,187,188,189,190,191,192,193,194,195,196,197,198,199];False
7150;8981;16131;[23,52,11,3,26,43,18,30,25,94,75,1,12,32,14,15,124,8,16,19,61,41,22,9,24,69,5,27,28,56,63,31,29,33,17,35,36,37,60,39,40,49,42,7,44,45,86,47,48,21,50,51,53,13,54,55,6,57,58,59,2,0,77,46,64,10,66,117,68,20,70,71,72,65,74,84,67,81,80,79,38,73,82,83,76,85,92,87,88,89,4,91,78,93,62,95,96,97,98,99,100,101,102,103,104,105,106,107,108,109,110,111,112,113,114,115,116,34,118,119,120,121,122,123,90,125,126,127,128,129,130,131,132,133,134,135,136,137,138,139,140,141,142,143,144,145,146,147,148,149,150,151,152,153,154,155,156,157,158,159,160,161,162,163,164,165,166,167,168,169,170,171,172,173,174,175,176,177,178,179,180,181,182,183,184,185,186,187,188,189,190,191,192,193,194,195,196,197,198,199];False
7142;8983;16125;[29,52,11,3,26,43,18,30,25,94,75,1,12,32,14,15,124,8,16,19,61,41,22,23,24,69,5,27,28,56,63,31,9,33,17,35,36,37,60,39,40,49,42,7,44,45,86,47,48,21,50,51,53,13,54,55,6,57,58,59,2,0,77,46,64,10,66,117,68,20,70,71,72,65,74,84,67,81,80,79,38,73,82,83,76,85,92,87,88,89,4,91,78,93,62,95,96,97,98,99,100,101,102,103,104,105,106,107,108,109,110,111,112,113,114,115,116,34,118,119,120,121,122,123,90,125,126,127,128,129,130,131,132,133,134,135,136,137,138,139,140,141,142,143,144,145,146,147,148,149,150,151,152,153,154,155,156,157,158,159,160,161,162,163,164,165,166,167,168,169,170,171,172,173,174,175,176,177,178,179,180,181,182,183,184,185,186,187,188,189,190,191,192,193,194,195,196,197,198,199];False
7145;8975;16120;[17,52,11,3,26,43,18,30,25,94,75,1,12,32,14,15,124,8,16,19,61,41,22,23,24,69,5,27,28,56,63,31,29,33,9,35,36,37,60,39,40,49,42,7,44,45,86,47,48,21,50,51,53,13,54,55,6,57,58,59,2,0,77,46,64,10,66,117,68,20,70,71,72,65,74,84,67,81,80,79,38,73,82,83,76,85,92,87,88,89,4,91,78,93,62,95,96,97,98,99,100,101,102,103,104,105,106,107,108,109,110,111,112,113,114,115,116,34,118,119,120,121,122,123,90,125,126,127,128,129,130,131,132,133,134,135,136,137,138,139,140,141,142,143,144,145,146,147,148,149,150,151,152,153,154,155,156,157,158,159,160,161,162,163,164,165,166,167,168,169,170,171,172,173,174,175,176,177,178,179,180,181,182,183,184,185,186,187,188,189,190,191,192,193,194,195,196,197,198,199];False
7203;8966;16169;[37,52,11,3,26,43,18,30,25,94,75,1,12,32,14,15,124,8,16,19,61,41,22,23,24,69,5,27,28,56,63,31,29,33,17,35,36,9,60,39,40,49,42,7,44,45,86,47,48,21,50,51,53,13,54,55,6,57,58,59,2,0,77,46,64,10,66,117,68,20,70,71,72,65,74,84,67,81,80,79,38,73,82,83,76,85,92,87,88,89,4,91,78,93,62,95,96,97,98,99,100,101,102,103,104,105,106,107,108,109,110,111,112,113,114,115,116,34,118,119,120,121,122,123,90,125,126,127,128,129,130,131,132,133,134,135,136,137,138,139,140,141,142,143,144,145,146,147,148,149,150,151,152,153,154,155,156,157,158,159,160,161,162,163,164,165,166,167,168,169,170,171,172,173,174,175,176,177,178,179,180,181,182,183,184,185,186,187,188,189,190,191,192,193,194,195,196,197,198,199];False
7137;8964;16101;[6,52,11,3,26,43,18,30,25,94,75,1,12,32,14,15,124,8,16,19,61,41,22,23,24,69,5,27,28,56,63,31,29,33,17,35,36,37,60,39,40,49,42,7,44,45,86,47,48,21,50,51,53,13,54,55,9,57,58,59,2,0,77,46,64,10,66,117,68,20,70,71,72,65,74,84,67,81,80,79,38,73,82,83,76,85,92,87,88,89,4,91,78,93,62,95,96,97,98,99,100,101,102,103,104,105,106,107,108,109,110,111,112,113,114,115,116,34,118,119,120,121,122,123,90,125,126,127,128,129,130,131,132,133,134,135,136,137,138,139,140,141,142,143,144,145,146,147,148,149,150,151,152,153,154,155,156,157,158,159,160,161,162,163,164,165,166,167,168,169,170,171,172,173,174,175,176,177,178,179,180,181,182,183,184,185,186,187,188,189,190,191,192,193,194,195,196,197,198,199];False
7108;8978;16086;[72,52,11,3,26,43,18,30,25,94,75,1,12,32,14,15,124,8,16,19,61,41,22,23,24,69,5,27,28,56,63,31,29,33,17,35,36,37,60,39,40,49,42,7,44,45,86,47,48,21,50,51,53,13,54,55,6,57,58,59,2,0,77,46,64,10,66,117,68,20,70,71,9,65,74,84,67,81,80,79,38,73,82,83,76,85,92,87,88,89,4,91,78,93,62,95,96,97,98,99,100,101,102,103,104,105,106,107,108,109,110,111,112,113,114,115,116,34,118,119,120,121,122,123,90,125,126,127,128,129,130,131,132,133,134,135,136,137,138,139,140,141,142,143,144,145,146,147,148,149,150,151,152,153,154,155,156,157,158,159,160,161,162,163,164,165,166,167,168,169,170,171,172,173,174,175,176,177,178,179,180,181,182,183,184,185,186,187,188,189,190,191,192,193,194,195,196,197,198,199];False
7044;9089;16133;[43,52,11,3,26,95,18,30,25,9,4,1,12,32,14,15,124,94,93,19,61,41,22,23,24,69,5,27,16,56,63,31,29,33,17,35,36,37,60,39,40,49,42,7,44,45,86,47,48,28,50,51,53,13,54,55,6,57,58,59,2,0,62,46,64,10,66,117,68,20,70,71,72,65,74,75,67,77,80,79,38,81,82,83,76,85,92,87,88,89,73,91,78,8,84,151,96,97,98,99,100,101,102,103,104,105,106,107,108,109,110,111,112,113,114,115,116,34,118,119,120,121,122,123,90,125,126,127,128,129,130,131,132,133,134,135,136,137,138,139,140,141,142,143,144,145,146,147,148,149,150,21,152,153,154,155,156,157,158,159,160,161,162,163,164,165,166,167,168,169,170,171,172,173,174,175,176,177,178,179,180,181,182,183,184,185,186,187,188,189,190,191,192,193,194,195,196,197,198,199];False
6916;9145;16061;[25,52,11,3,26,43,18,30,109,9,4,1,12,32,14,15,124,94,93,19,61,41,22,23,24,69,5,27,16,56,63,31,29,33,17,35,36,37,60,39,40,49,42,7,44,45,86,47,48,28,50,51,53,13,54,55,6,57,58,59,2,0,62,46,64,10,66,117,68,20,70,71,72,65,74,75,67,77,80,79,38,81,82,83,76,85,92,87,88,89,73,91,78,8,84,95,96,97,98,99,100,101,102,103,104,105,106,107,108,151,110,111,112,113,114,115,116,34,118,119,120,121,122,123,90,125,126,127,128,129,130,131,132,133,134,135,136,137,138,139,140,141,142,143,144,145,146,147,148,149,150,21,152,153,154,155,156,157,158,159,160,161,162,163,164,165,166,167,168,169,170,171,172,173,174,175,176,177,178,179,180,181,182,183,184,185,186,187,188,189,190,191,192,193,194,195,196,197,198,199];False
6937;9128;16065;[9,52,11,3,26,43,18,30,25,109,4,1,12,32,14,15,124,94,93,19,61,41,22,23,24,69,5,27,16,56,63,31,29,33,17,35,36,37,60,39,40,49,42,7,44,45,86,47,48,28,50,51,53,13,54,55,6,57,58,59,2,0,62,46,64,10,66,117,68,20,70,71,72,65,74,75,67,77,80,79,38,81,82,83,76,85,92,87,88,89,73,91,78,8,84,95,96,97,98,99,100,101,102,103,104,105,106,107,108,151,110,111,112,113,114,115,116,34,118,119,120,121,122,123,90,125,126,127,128,129,130,131,132,133,134,135,136,137,138,139,140,141,142,143,144,145,146,147,148,149,150,21,152,153,154,155,156,157,158,159,160,161,162,163,164,165,166,167,168,169,170,171,172,173,174,175,176,177,178,179,180,181,182,183,184,185,186,187,188,189,190,191,192,193,194,195,196,197,198,199];False
7000;9094;16094;[4,52,11,3,26,43,18,30,25,9,109,1,12,32,14,15,124,94,93,19,61,41,22,23,24,69,5,27,16,56,63,31,29,33,17,35,36,37,60,39,40,49,42,7,44,45,86,47,48,28,50,51,53,13,54,55,6,57,58,59,2,0,62,46,64,10,66,117,68,20,70,71,72,65,74,75,67,77,80,79,38,81,82,83,76,85,92,87,88,89,73,91,78,8,84,95,96,97,98,99,100,101,102,103,104,105,106,107,108,151,110,111,112,113,114,115,116,34,118,119,120,121,122,123,90,125,126,127,128,129,130,131,132,133,134,135,136,137,138,139,140,141,142,143,144,145,146,147,148,149,150,21,152,153,154,155,156,157,158,159,160,161,162,163,164,165,166,167,168,169,170,171,172,173,174,175,176,177,178,179,180,181,182,183,184,185,186,187,188,189,190,191,192,193,194,195,196,197,198,199];False
7054;9079;16133;[16,52,11,3,26,43,18,30,25,9,4,1,12,32,14,15,124,94,93,19,61,41,22,23,24,69,5,27,109,56,63,31,29,33,17,35,36,37,60,39,40,49,42,7,44,45,86,47,48,28,50,51,53,13,54,55,6,57,58,59,2,0,62,46,64,10,66,117,68,20,70,71,72,65,74,75,67,77,80,79,38,81,82,83,76,85,92,87,88,89,73,91,78,8,84,95,96,97,98,99,100,101,102,103,104,105,106,107,108,151,110,111,112,113,114,115,116,34,118,119,120,121,122,123,90,125,126,127,128,129,130,131,132,133,134,135,136,137,138,139,140,141,142,143,144,145,146,147,148,149,150,21,152,153,154,155,156,157,158,159,160,161,162,163,164,165,166,167,168,169,170,171,172,173,174,175,176,177,178,179,180,181,182,183,184,185,186,187,188,189,190,191,192,193,194,195,196,197,198,199];False
6942;9105;16047;[33,52,11,3,26,43,18,30,25,9,4,1,12,32,14,15,124,94,93,19,61,41,22,23,24,69,5,27,16,56,63,31,29,109,17,35,36,37,60,39,40,49,42,7,44,45,86,47,48,28,50,51,53,13,54,55,6,57,58,59,2,0,62,46,64,10,66,117,68,20,70,71,72,65,74,75,67,77,80,79,38,81,82,83,76,85,92,87,88,89,73,91,78,8,84,95,96,97,98,99,100,101,102,103,104,105,106,107,108,151,110,111,112,113,114,115,116,34,118,119,120,121,122,123,90,125,126,127,128,129,130,131,132,133,134,135,136,137,138,139,140,141,142,143,144,145,146,147,148,149,150,21,152,153,154,155,156,157,158,159,160,161,162,163,164,165,166,167,168,169,170,171,172,173,174,175,176,177,178,179,180,181,182,183,184,185,186,187,188,189,190,191,192,193,194,195,196,197,198,199];False
6925;9143;16068;[42,52,11,3,26,43,18,30,25,9,4,1,12,32,14,15,124,94,93,19,61,41,22,23,24,69,5,27,16,56,63,31,29,33,17,35,36,37,60,39,40,49,109,7,44,45,86,47,48,28,50,51,53,13,54,55,6,57,58,59,2,0,62,46,64,10,66,117,68,20,70,71,72,65,74,75,67,77,80,79,38,81,82,83,76,85,92,87,88,89,73,91,78,8,84,95,96,97,98,99,100,101,102,103,104,105,106,107,108,151,110,111,112,113,114,115,116,34,118,119,120,121,122,123,90,125,126,127,128,129,130,131,132,133,134,135,136,137,138,139,140,141,142,143,144,145,146,147,148,149,150,21,152,153,154,155,156,157,158,159,160,161,162,163,164,165,166,167,168,169,170,171,172,173,174,175,176,177,178,179,180,181,182,183,184,185,186,187,188,189,190,191,192,193,194,195,196,197,198,199];False
7019;9081;16100;[28,52,11,3,26,43,18,30,25,9,4,1,12,32,14,15,124,94,93,19,61,41,22,23,24,69,5,27,16,56,63,31,29,33,17,35,36,37,60,39,40,49,42,7,44,45,86,47,48,109,50,51,53,13,54,55,6,57,58,59,2,0,62,46,64,10,66,117,68,20,70,71,72,65,74,75,67,77,80,79,38,81,82,83,76,85,92,87,88,89,73,91,78,8,84,95,96,97,98,99,100,101,102,103,104,105,106,107,108,151,110,111,112,113,114,115,116,34,118,119,120,121,122,123,90,125,126,127,128,129,130,131,132,133,134,135,136,137,138,139,140,141,142,143,144,145,146,147,148,149,150,21,152,153,154,155,156,157,158,159,160,161,162,163,164,165,166,167,168,169,170,171,172,173,174,175,176,177,178,179,180,181,182,183,184,185,186,187,188,189,190,191,192,193,194,195,196,197,198,199];False
6991;9065;16056;[50,52,11,3,26,43,18,30,25,9,4,1,12,32,14,15,124,94,93,19,61,41,22,23,24,69,5,27,16,56,63,31,29,33,17,35,36,37,60,39,40,49,42,7,44,45,86,47,48,28,109,51,53,13,54,55,6,57,58,59,2,0,62,46,64,10,66,117,68,20,70,71,72,65,74,75,67,77,80,79,38,81,82,83,76,85,92,87,88,89,73,91,78,8,84,95,96,97,98,99,100,101,102,103,104,105,106,107,108,151,110,111,112,113,114,115,116,34,118,119,120,121,122,123,90,125,126,127,128,129,130,131,132,133,134,135,136,137,138,139,140,141,142,143,144,145,146,147,148,149,150,21,152,153,154,155,156,157,158,159,160,161,162,163,164,165,166,167,168,169,170,171,172,173,174,175,176,177,178,179,180,181,182,183,184,185,186,187,188,189,190,191,192,193,194,195,196,197,198,199];False
6942;9104;16046;[10,52,11,3,26,43,18,30,25,9,4,1,12,32,14,15,124,94,93,19,61,41,22,23,24,69,5,27,16,56,63,31,29,33,17,35,36,37,60,39,40,49,42,7,44,45,86,47,48,28,50,51,53,13,54,55,6,57,58,59,2,0,62,46,64,109,66,117,68,20,70,71,72,65,74,75,67,77,80,79,38,81,82,83,76,85,92,87,88,89,73,91,78,8,84,95,96,97,98,99,100,101,102,103,104,105,106,107,108,151,110,111,112,113,114,115,116,34,118,119,120,121,122,123,90,125,126,127,128,129,130,131,132,133,134,135,136,137,138,139,140,141,142,143,144,145,146,147,148,149,150,21,152,153,154,155,156,157,158,159,160,161,162,163,164,165,166,167,168,169,170,171,172,173,174,175,176,177,178,179,180,181,182,183,184,185,186,187,188,189,190,191,192,193,194,195,196,197,198,199];False
6974;9089;16063;[71,52,11,3,26,43,18,30,25,9,4,1,12,32,14,15,124,94,93,19,61,41,22,23,24,69,5,27,16,56,63,31,29,33,17,35,36,37,60,39,40,49,42,7,44,45,86,47,48,28,50,51,53,13,54,55,6,57,58,59,2,0,62,46,64,10,66,117,68,20,70,109,72,65,74,75,67,77,80,79,38,81,82,83,76,85,92,87,88,89,73,91,78,8,84,95,96,97,98,99,100,101,102,103,104,105,106,107,108,151,110,111,112,113,114,115,116,34,118,119,120,121,122,123,90,125,126,127,128,129,130,131,132,133,134,135,136,137,138,139,140,141,142,143,144,145,146,147,148,149,150,21,152,153,154,155,156,157,158,159,160,161,162,163,164,165,166,167,168,169,170,171,172,173,174,175,176,177,178,179,180,181,182,183,184,185,186,187,188,189,190,191,192,193,194,195,196,197,198,199];False
6953;9086;16039;[81,52,11,3,26,43,18,30,25,9,4,1,12,32,14,15,124,94,93,19,61,41,22,23,24,69,5,27,16,56,63,31,29,33,17,35,36,37,60,39,40,49,42,7,44,45,86,47,48,28,50,51,53,13,54,55,6,57,58,59,2,0,62,46,64,10,66,117,68,20,70,71,72,65,74,75,67,77,80,79,38,109,82,83,76,85,92,87,88,89,73,91,78,8,84,95,96,97,98,99,100,101,102,103,104,105,106,107,108,151,110,111,112,113,114,115,116,34,118,119,120,121,122,123,90,125,126,127,128,129,130,131,132,133,134,135,136,137,138,139,140,141,142,143,144,145,146,147,148,149,150,21,152,153,154,155,156,157,158,159,160,161,162,163,164,165,166,167,168,169,170,171,172,173,174,175,176,177,178,179,180,181,182,183,184,185,186,187,188,189,190,191,192,193,194,195,196,197,198,199];False
6996;9052;16048;[78,52,11,3,26,43,18,30,25,9,4,1,12,32,14,15,124,94,93,19,61,41,22,23,24,69,5,27,16,56,63,31,29,33,17,35,36,37,60,39,40,49,42,7,44,45,86,47,48,28,50,51,53,13,54,55,6,57,58,59,2,0,62,46,64,10,66,117,68,20,70,71,72,65,74,75,67,77,80,79,38,81,82,83,76,85,92,87,88,89,73,91,109,8,84,95,96,97,98,99,100,101,102,103,104,105,106,107,108,151,110,111,112,113,114,115,116,34,118,119,120,121,122,123,90,125,126,127,128,129,130,131,132,133,134,135,136,137,138,139,140,141,142,143,144,145,146,147,148,149,150,21,152,153,154,155,156,157,158,159,160,161,162,163,164,165,166,167,168,169,170,171,172,173,174,175,176,177,178,179,180,181,182,183,184,185,186,187,188,189,190,191,192,193,194,195,196,197,198,199];False
6932;9079;16011;[108,52,11,3,26,43,18,30,25,9,4,1,12,32,14,15,124,94,93,19,61,41,22,23,24,69,5,27,16,56,63,31,29,33,17,35,36,37,60,39,40,49,42,7,44,45,86,47,48,28,50,51,53,13,54,55,6,57,58,59,2,0,62,46,64,10,66,117,68,20,70,71,72,65,74,75,67,77,80,79,38,81,82,83,76,85,92,87,88,89,73,91,78,8,84,95,96,97,98,99,100,101,102,103,104,105,106,107,109,151,110,111,112,113,114,115,116,34,118,119,120,121,122,123,90,125,126,127,128,129,130,131,132,133,134,135,136,137,138,139,140,141,142,143,144,145,146,147,148,149,150,21,152,153,154,155,156,157,158,159,160,161,162,163,164,165,166,167,168,169,170,171,172,173,174,175,176,177,178,179,180,181,182,183,184,185,186,187,188,189,190,191,192,193,194,195,196,197,198,199];False
8115;8752;16867;[9,141,11,3,26,43,12,30,25,105,4,1,75,32,14,15,124,46,16,19,61,41,22,23,24,69,5,27,28,56,63,31,29,33,17,8,36,37,38,39,40,18,42,7,44,45,60,47,48,21,92,51,53,13,54,55,6,57,58,59,2,0,62,96,64,10,66,117,68,20,70,71,72,65,74,82,67,77,76,79,80,81,35,83,52,85,86,87,88,89,73,91,78,93,94,95,84,97,98,49,100,101,102,103,104,99,106,107,108,109,110,111,112,113,114,115,116,34,118,119,120,121,122,123,90,125,126,127,128,129,130,131,132,133,134,135,136,137,138,139,140,50,142,143,144,145,146,147,148,149,150,151,152,153,154,155,156,157,158,159,160,161,162,163,164,165,166,167,168,169,170,171,172,173,174,175,176,177,178,179,180,181,182,183,184,185,186,187,188,189,190,191,192,193,194,195,196,197,198,199];False
8048;8763;16811;[53,141,11,3,26,43,12,30,25,9,4,1,75,32,14,15,124,46,109,19,61,41,22,23,24,69,5,27,28,56,63,31,29,33,17,8,36,37,38,39,40,18,42,7,44,45,60,47,48,21,92,51,16,13,54,55,6,57,58,59,2,0,62,96,64,10,66,117,68,20,70,71,72,65,74,82,67,77,76,79,80,81,35,83,52,85,86,87,88,89,73,91,78,93,94,95,84,97,98,99,100,101,102,103,104,105,106,107,108,49,110,111,112,113,114,115,116,34,118,119,120,121,122,123,90,125,126,127,128,129,130,131,132,133,134,135,136,137,138,139,140,50,142,143,144,145,146,147,148,149,150,151,152,153,154,155,156,157,158,159,160,161,162,163,164,165,166,167,168,169,170,171,172,173,174,175,176,177,178,179,180,181,182,183,184,185,186,187,188,189,190,191,192,193,194,195,196,197,198,199];False
8100;8748;16848;[73,141,11,3,26,43,12,30,25,9,4,1,75,32,14,15,124,46,109,19,61,41,22,23,24,69,5,27,28,56,63,31,29,33,17,8,36,37,38,39,40,18,42,7,44,45,60,47,48,21,92,51,53,13,54,55,6,57,58,59,2,0,62,96,64,10,66,117,68,20,70,71,72,65,74,82,67,77,76,79,80,81,35,83,52,85,86,87,88,89,16,91,78,93,94,95,84,97,98,99,100,101,102,103,104,105,106,107,108,49,110,111,112,113,114,115,116,34,118,119,120,121,122,123,90,125,126,127,128,129,130,131,132,133,134,135,136,137,138,139,140,50,142,143,144,145,146,147,148,149,150,151,152,153,154,155,156,157,158,159,160,161,162,163,164,165,166,167,168,169,170,171,172,173,174,175,176,177,178,179,180,181,182,183,184,185,186,187,188,189,190,191,192,193,194,195,196,197,198,199];False
8007;8768;16775;[95,141,11,3,26,43,12,30,25,9,4,1,75,32,14,15,124,46,109,19,61,41,22,23,24,69,5,27,28,56,63,31,29,33,17,8,36,37,38,39,40,18,42,7,44,45,60,47,48,21,92,51,53,13,54,55,6,57,58,59,2,0,62,96,64,10,66,117,68,20,70,71,72,65,74,82,67,77,76,79,80,81,35,83,52,85,86,87,88,89,73,91,78,93,94,16,84,97,98,99,100,101,102,103,104,105,106,107,108,49,110,111,112,113,114,115,116,34,118,119,120,121,122,123,90,125,126,127,128,129,130,131,132,133,134,135,136,137,138,139,140,50,142,143,144,145,146,147,148,149,150,151,152,153,154,155,156,157,158,159,160,161,162,163,164,165,166,167,168,169,170,171,172,173,174,175,176,177,178,179,180,181,182,183,184,185,186,187,188,189,190,191,192,193,194,195,196,197,198,199];False
8055;8754;16809;[100,141,11,3,26,43,12,30,25,9,4,1,75,32,14,15,124,46,16,19,61,41,22,23,24,69,5,27,28,56,63,31,29,33,17,8,36,37,38,39,40,18,42,7,44,45,60,47,48,21,92,51,53,13,54,55,6,57,58,59,2,0,62,96,64,10,66,117,68,20,70,71,72,65,74,82,67,77,76,79,80,81,35,83,52,85,86,87,88,89,73,91,109,93,94,95,84,97,98,99,78,101,102,103,104,105,106,107,108,49,110,111,112,113,114,115,116,34,118,119,120,121,122,123,90,125,126,127,128,129,130,131,132,133,134,135,136,137,138,139,140,50,142,143,144,145,146,147,148,149,150,151,152,153,154,155,156,157,158,159,160,161,162,163,164,165,166,167,168,169,170,171,172,173,174,175,176,177,178,179,180,181,182,183,184,185,186,187,188,189,190,191,192,193,194,195,196,197,198,199];False
7974;8754;16728;[127,141,11,3,26,43,12,30,25,9,4,1,75,32,14,15,124,46,16,19,61,41,22,23,24,69,5,27,28,56,63,31,29,33,17,8,36,37,38,39,40,18,42,7,44,45,60,47,48,21,92,51,53,13,54,55,6,57,58,59,2,0,62,96,64,10,66,117,68,20,70,71,72,65,74,82,67,77,76,79,80,81,35,83,52,85,86,87,88,89,73,91,109,93,94,95,84,97,98,99,100,101,102,103,104,105,106,107,108,49,110,111,112,113,114,115,116,34,118,119,120,121,122,123,90,125,126,78,128,129,130,131,132,133,134,135,136,137,138,139,140,50,142,143,144,145,146,147,148,149,150,151,152,153,154,155,156,157,158,159,160,161,162,163,164,165,166,167,168,169,170,171,172,173,174,175,176,177,178,179,180,181,182,183,184,185,186,187,188,189,190,191,192,193,194,195,196,197,198,199];False
7390;8866;16256;[9,141,11,3,26,43,18,30,25,105,4,1,12,32,14,15,124,46,16,19,61,41,22,23,24,69,5,27,28,56,63,31,29,33,17,8,36,37,38,39,40,49,42,7,44,45,60,47,48,21,92,51,53,13,54,55,6,57,58,59,2,0,62,114,64,10,66,117,68,20,70,71,72,65,74,75,67,77,76,79,80,81,82,83,52,85,86,87,88,89,73,91,35,93,94,95,84,97,98,96,100,101,102,127,104,99,106,107,108,109,110,111,112,113,103,115,116,34,118,119,120,121,122,123,90,125,126,78,128,129,130,131,132,133,134,135,136,137,138,139,140,50,142,143,144,145,146,147,148,149,150,151,152,153,154,155,156,157,158,159,160,161,162,163,164,165,166,167,168,169,170,171,172,173,174,175,176,177,178,179,180,181,182,183,184,185,186,187,188,189,190,191,192,193,194,195,196,197,198,199];False
7463;8821;16284;[16,141,11,3,26,43,18,30,25,105,4,1,12,32,14,15,124,46,9,19,61,41,22,23,24,69,5,27,28,56,63,31,29,33,17,8,36,37,38,39,40,49,42,7,44,45,60,47,48,21,92,51,53,13,54,55,6,57,58,59,2,0,62,96,64,10,66,117,68,20,70,71,72,65,74,75,67,77,76,79,80,81,82,83,52,85,86,87,88,89,73,91,35,93,94,95,84,97,98,114,100,101,102,127,104,99,106,107,108,109,110,111,112,113,103,115,116,34,118,119,120,121,122,123,90,125,126,78,128,129,130,131,132,133,134,135,136,137,138,139,140,50,142,143,144,145,146,147,148,149,150,151,152,153,154,155,156,157,158,159,160,161,162,163,164,165,166,167,168,169,170,171,172,173,174,175,176,177,178,179,180,181,182,183,184,185,186,187,188,189,190,191,192,193,194,195,196,197,198,199];False
7461;8852;16313;[25,141,11,3,26,43,18,30,85,9,4,1,12,32,14,15,124,46,174,19,61,41,22,23,24,69,5,27,16,56,63,31,29,33,17,8,36,28,38,39,40,49,42,7,44,45,60,47,48,21,92,51,53,13,54,55,6,57,58,59,2,0,62,96,64,10,66,117,68,20,70,71,72,65,74,75,67,77,76,79,80,81,82,83,52,37,86,87,88,89,73,91,35,93,94,95,84,97,98,99,100,101,102,103,104,105,106,107,108,109,110,111,112,113,114,115,116,34,118,119,120,121,122,123,90,125,126,78,128,129,130,131,132,133,134,135,136,137,138,139,140,50,142,143,144,145,146,147,148,149,150,151,152,153,154,155,156,157,158,159,160,161,162,163,164,165,166,167,168,169,170,171,172,173,127,175,176,177,178,179,180,181,182,183,184,185,186,187,188,189,190,191,192,193,194,195,196,197,198,199];False
7451;8840;16291;[14,141,11,3,26,43,18,30,25,9,4,1,12,32,85,15,124,46,174,19,61,41,22,23,24,69,5,27,16,56,63,31,29,33,17,8,36,28,38,39,40,49,42,7,44,45,60,47,48,21,92,51,53,13,54,55,6,57,58,59,2,0,62,96,64,10,66,117,68,20,70,71,72,65,74,75,67,77,76,79,80,81,82,83,52,37,86,87,88,89,73,91,35,93,94,95,84,97,98,99,100,101,102,103,104,105,106,107,108,109,110,111,112,113,114,115,116,34,118,119,120,121,122,123,90,125,126,78,128,129,130,131,132,133,134,135,136,137,138,139,140,50,142,143,144,145,146,147,148,149,150,151,152,153,154,155,156,157,158,159,160,161,162,163,164,165,166,167,168,169,170,171,172,173,127,175,176,177,178,179,180,181,182,183,184,185,186,187,188,189,190,191,192,193,194,195,196,197,198,199];False
7410;8840;16250;[39,141,11,3,26,43,18,30,25,9,4,1,12,32,14,15,124,46,174,19,61,41,22,23,24,69,5,27,16,56,63,31,29,33,17,8,36,28,38,85,40,49,42,7,44,45,60,47,48,21,92,51,53,13,54,55,6,57,58,59,2,0,62,96,64,10,66,117,68,20,70,71,72,65,74,75,67,77,76,79,80,81,82,83,52,37,86,87,88,89,73,91,35,93,94,95,84,97,98,99,100,101,102,103,104,105,106,107,108,109,110,111,112,113,114,115,116,34,118,119,120,121,122,123,90,125,126,78,128,129,130,131,132,133,134,135,136,137,138,139,140,50,142,143,144,145,146,147,148,149,150,151,152,153,154,155,156,157,158,159,160,161,162,163,164,165,166,167,168,169,170,171,172,173,127,175,176,177,178,179,180,181,182,183,184,185,186,187,188,189,190,191,192,193,194,195,196,197,198,199];False
7611;8796;16407;[43,141,11,3,26,95,18,30,25,9,4,1,12,32,14,15,124,46,174,19,61,41,22,23,24,69,5,27,16,56,63,31,29,33,17,8,36,28,38,39,40,49,42,7,44,45,60,47,48,21,92,51,53,13,54,55,6,57,58,59,2,0,62,96,64,10,66,117,68,20,70,71,72,65,74,75,67,77,76,79,80,81,82,83,52,85,86,87,88,89,73,91,35,93,94,37,84,97,98,99,100,101,102,103,104,105,106,107,108,109,110,111,112,113,114,115,116,34,118,119,120,121,122,123,90,125,126,78,128,129,130,131,132,133,134,135,136,137,138,139,140,50,142,143,144,145,146,147,148,149,150,151,152,153,154,155,156,157,158,159,160,161,162,163,164,165,166,167,168,169,170,171,172,173,127,175,176,177,178,179,180,181,182,183,184,185,186,187,188,189,190,191,192,193,194,195,196,197,198,199];False
7588;8790;16378;[4,141,11,3,26,43,18,30,25,9,95,1,12,32,14,15,124,46,174,19,61,41,22,23,24,69,5,27,16,56,63,31,29,33,17,8,36,28,38,39,40,49,42,7,44,45,60,47,48,21,92,51,53,13,54,55,6,57,58,59,2,0,62,96,64,10,66,117,68,20,70,71,72,65,74,75,67,77,76,79,80,81,82,83,52,85,86,87,88,89,73,91,35,93,94,37,84,97,98,99,100,101,102,103,104,105,106,107,108,109,110,111,112,113,114,115,116,34,118,119,120,121,122,123,90,125,126,78,128,129,130,131,132,133,134,135,136,137,138,139,140,50,142,143,144,145,146,147,148,149,150,151,152,153,154,155,156,157,158,159,160,161,162,163,164,165,166,167,168,169,170,171,172,173,127,175,176,177,178,179,180,181,182,183,184,185,186,187,188,189,190,191,192,193,194,195,196,197,198,199];False
7545;8796;16341;[14,141,11,3,26,43,18,30,25,9,4,1,12,32,95,15,124,46,174,19,61,41,22,23,24,69,5,27,16,56,63,31,29,33,17,8,36,28,38,39,40,49,42,7,44,45,60,47,48,21,92,51,53,13,54,55,6,57,58,59,2,0,62,96,64,10,66,117,68,20,70,71,72,65,74,75,67,77,76,79,80,81,82,83,52,85,86,87,88,89,73,91,35,93,94,37,84,97,98,99,100,101,102,103,104,105,106,107,108,109,110,111,112,113,114,115,116,34,118,119,120,121,122,123,90,125,126,78,128,129,130,131,132,133,134,135,136,137,138,139,140,50,142,143,144,145,146,147,148,149,150,151,152,153,154,155,156,157,158,159,160,161,162,163,164,165,166,167,168,169,170,171,172,173,127,175,176,177,178,179,180,181,182,183,184,185,186,187,188,189,190,191,192,193,194,195,196,197,198,199];False
7606;8783;16389;[174,141,11,3,26,43,18,30,25,9,4,1,12,32,14,15,124,46,95,19,61,41,22,23,24,69,5,27,16,56,63,31,29,33,17,8,36,28,38,39,40,49,42,7,44,45,60,47,48,21,92,51,53,13,54,55,6,57,58,59,2,0,62,96,64,10,66,117,68,20,70,71,72,65,74,75,67,77,76,79,80,81,82,83,52,85,86,87,88,89,73,91,35,93,94,37,84,97,98,99,100,101,102,103,104,105,106,107,108,109,110,111,112,113,114,115,116,34,118,119,120,121,122,123,90,125,126,78,128,129,130,131,132,133,134,135,136,137,138,139,140,50,142,143,144,145,146,147,148,149,150,151,152,153,154,155,156,157,158,159,160,161,162,163,164,165,166,167,168,169,170,171,172,173,127,175,176,177,178,179,180,181,182,183,184,185,186,187,188,189,190,191,192,193,194,195,196,197,198,199];False
7583;8775;16358;[19,141,11,3,26,43,18,30,25,9,4,1,12,32,14,15,124,46,174,95,61,41,22,23,24,69,5,27,16,56,63,31,29,33,17,8,36,28,38,39,40,49,42,7,44,45,60,47,48,21,92,51,53,13,54,55,6,57,58,59,2,0,62,96,64,10,66,117,68,20,70,71,72,65,74,75,67,77,76,79,80,81,82,83,52,85,86,87,88,89,73,91,35,93,94,37,84,97,98,99,100,101,102,103,104,105,106,107,108,109,110,111,112,113,114,115,116,34,118,119,120,121,122,123,90,125,126,78,128,129,130,131,132,133,134,135,136,137,138,139,140,50,142,143,144,145,146,147,148,149,150,151,152,153,154,155,156,157,158,159,160,161,162,163,164,165,166,167,168,169,170,171,172,173,127,175,176,177,178,179,180,181,182,183,184,185,186,187,188,189,190,191,192,193,194,195,196,197,198,199];False
7541;8798;16339;[23,141,11,3,26,43,18,30,25,9,4,1,12,32,14,15,124,46,174,19,61,41,22,95,24,69,5,27,16,56,63,31,29,33,17,8,36,28,38,39,40,49,42,7,44,45,60,47,48,21,92,51,53,13,54,55,6,57,58,59,2,0,62,96,64,10,66,117,68,20,70,71,72,65,74,75,67,77,76,79,80,81,82,83,52,85,86,87,88,89,73,91,35,93,94,37,84,97,98,99,100,101,102,103,104,105,106,107,108,109,110,111,112,113,114,115,116,34,118,119,120,121,122,123,90,125,126,78,128,129,130,131,132,133,134,135,136,137,138,139,140,50,142,143,144,145,146,147,148,149,150,151,152,153,154,155,156,157,158,159,160,161,162,163,164,165,166,167,168,169,170,171,172,173,127,175,176,177,178,179,180,181,182,183,184,185,186,187,188,189,190,191,192,193,194,195,196,197,198,199];False
7564;8790;16354;[16,141,11,3,26,43,18,30,25,9,4,1,12,32,14,15,124,46,174,19,61,41,22,23,24,69,5,27,95,56,63,31,29,33,17,8,36,28,38,39,40,49,42,7,44,45,60,47,48,21,92,51,53,13,54,55,6,57,58,59,2,0,62,96,64,10,66,117,68,20,70,71,72,65,74,75,67,77,76,79,80,81,82,83,52,85,86,87,88,89,73,91,35,93,94,37,84,97,98,99,100,101,102,103,104,105,106,107,108,109,110,111,112,113,114,115,116,34,118,119,120,121,122,123,90,125,126,78,128,129,130,131,132,133,134,135,136,137,138,139,140,50,142,143,144,145,146,147,148,149,150,151,152,153,154,155,156,157,158,159,160,161,162,163,164,165,166,167,168,169,170,171,172,173,127,175,176,177,178,179,180,181,182,183,184,185,186,187,188,189,190,191,192,193,194,195,196,197,198,199];False
7463;8802;16265;[28,141,11,3,26,43,18,30,25,9,4,1,12,32,14,15,124,46,174,19,61,41,22,23,24,69,5,27,16,56,63,31,29,33,17,8,36,95,38,39,40,49,42,7,44,45,60,47,48,21,92,51,53,13,54,55,6,57,58,59,2,0,62,96,64,10,66,117,68,20,70,71,72,65,74,75,67,77,76,79,80,81,82,83,52,85,86,87,88,89,73,91,35,93,94,37,84,97,98,99,100,101,102,103,104,105,106,107,108,109,110,111,112,113,114,115,116,34,118,119,120,121,122,123,90,125,126,78,128,129,130,131,132,133,134,135,136,137,138,139,140,50,142,143,144,145,146,147,148,149,150,151,152,153,154,155,156,157,158,159,160,161,162,163,164,165,166,167,168,169,170,171,172,173,127,175,176,177,178,179,180,181,182,183,184,185,186,187,188,189,190,191,192,193,194,195,196,197,198,199];False
7688;8769;16457;[60,141,11,3,26,43,18,30,25,9,4,1,12,32,14,15,124,73,174,46,61,41,22,23,24,69,5,27,28,56,63,31,29,33,17,8,36,37,38,39,40,49,42,7,44,45,19,47,48,21,92,51,53,13,54,55,6,57,58,59,2,0,62,96,64,10,66,117,68,20,70,71,72,65,74,75,67,77,76,79,80,81,82,83,52,85,86,87,88,89,16,91,35,93,94,95,84,97,98,99,100,101,102,103,104,105,106,107,108,109,110,111,112,113,114,115,116,34,118,119,120,121,122,123,90,125,126,78,128,129,130,131,132,133,134,135,136,137,138,139,140,50,142,143,144,145,146,147,148,149,150,151,152,153,154,155,156,157,158,159,160,161,162,163,164,165,166,167,168,169,170,171,172,173,127,175,176,177,178,179,180,181,182,183,184,185,186,187,188,189,190,191,192,193,194,195,196,197,198,199];False
7239;8928;16167;[8,141,11,47,26,43,18,30,25,9,4,1,12,32,3,15,124,28,16,14,61,41,22,23,24,69,5,27,109,56,63,31,29,33,17,35,36,95,38,85,40,49,42,7,44,45,60,39,48,21,92,51,53,13,54,55,6,57,58,59,2,0,62,46,64,10,66,117,68,20,70,71,72,65,74,75,67,77,76,79,80,81,82,83,84,37,86,87,88,89,73,91,78,93,94,114,96,97,98,99,100,101,102,52,104,105,106,107,108,19,110,111,112,113,103,115,116,34,118,119,120,121,122,123,90,125,126,127,128,129,130,131,132,133,134,135,136,137,138,139,140,50,142,143,144,145,146,147,148,149,150,151,152,153,154,155,156,157,158,159,160,161,162,163,164,165,166,167,168,169,170,171,172,173,174,175,176,177,178,179,180,181,182,183,184,185,186,187,188,189,190,191,192,193,194,195,196,197,198,199];False
7199;8931;16130;[77,141,11,47,26,43,18,30,25,9,4,1,12,32,3,15,124,8,16,14,61,41,22,23,24,69,5,27,109,56,63,31,29,33,17,35,36,95,38,85,40,49,42,7,44,45,60,39,48,21,92,51,53,13,54,55,6,57,58,59,2,0,62,46,64,10,66,117,68,20,70,71,72,65,74,75,67,28,76,79,80,81,82,83,84,37,86,87,88,89,73,91,78,93,94,114,96,97,98,99,100,101,102,52,104,105,106,107,108,19,110,111,112,113,103,115,116,34,118,119,120,121,122,123,90,125,126,127,128,129,130,131,132,133,134,135,136,137,138,139,140,50,142,143,144,145,146,147,148,149,150,151,152,153,154,155,156,157,158,159,160,161,162,163,164,165,166,167,168,169,170,171,172,173,174,175,176,177,178,179,180,181,182,183,184,185,186,187,188,189,190,191,192,193,194,195,196,197,198,199];False
7246;8921;16167;[79,141,11,47,26,43,18,30,25,9,4,1,12,32,3,15,124,8,16,14,61,41,22,23,24,69,5,27,109,56,63,31,29,33,17,35,36,95,38,85,40,49,42,7,44,45,60,39,48,21,92,51,53,13,54,55,6,57,58,59,2,0,62,46,64,10,66,117,68,20,70,71,72,65,74,75,67,77,76,28,80,81,82,83,84,37,86,87,88,89,73,91,78,93,94,114,96,97,98,99,100,101,102,52,104,105,106,107,108,19,110,111,112,113,103,115,116,34,118,119,120,121,122,123,90,125,126,127,128,129,130,131,132,133,134,135,136,137,138,139,140,50,142,143,144,145,146,147,148,149,150,151,152,153,154,155,156,157,158,159,160,161,162,163,164,165,166,167,168,169,170,171,172,173,174,175,176,177,178,179,180,181,182,183,184,185,186,187,188,189,190,191,192,193,194,195,196,197,198,199];False
7204;8925;16129;[81,141,11,47,26,43,18,30,25,9,4,1,12,32,3,15,124,8,16,14,61,41,22,23,24,69,5,27,109,56,63,31,29,33,17,35,36,95,38,85,40,49,42,7,44,45,60,39,48,21,92,51,53,13,54,55,6,57,58,59,2,0,62,46,64,10,66,117,68,20,70,71,72,65,74,75,67,77,76,79,80,28,82,83,84,37,86,87,88,89,73,91,78,93,94,114,96,97,98,99,100,101,102,52,104,105,106,107,108,19,110,111,112,113,103,115,116,34,118,119,120,121,122,123,90,125,126,127,128,129,130,131,132,133,134,135,136,137,138,139,140,50,142,143,144,145,146,147,148,149,150,151,152,153,154,155,156,157,158,159,160,161,162,163,164,165,166,167,168,169,170,171,172,173,174,175,176,177,178,179,180,181,182,183,184,185,186,187,188,189,190,191,192,193,194,195,196,197,198,199];False
7379;8859;16238;[11,141,64,47,26,43,18,30,25,9,4,1,12,32,3,15,124,8,16,14,61,41,22,23,24,69,5,27,28,56,63,31,29,33,17,35,36,95,38,85,40,49,42,7,44,45,60,39,48,21,92,51,53,13,54,55,6,57,58,59,2,0,62,46,109,10,66,117,68,20,70,71,72,65,74,75,67,77,76,79,80,81,82,83,84,37,86,87,88,89,73,91,78,93,94,114,96,97,98,99,100,101,102,52,104,105,106,107,108,19,110,111,112,113,103,115,116,34,118,119,120,121,122,123,90,125,126,127,128,129,130,131,132,133,134,135,136,137,138,139,140,50,142,143,144,145,146,147,148,149,150,151,152,153,154,155,156,157,158,159,160,161,162,163,164,165,166,167,168,169,170,171,172,173,174,175,176,177,178,179,180,181,182,183,184,185,186,187,188,189,190,191,192,193,194,195,196,197,198,199];False
7322;8908;16230;[25,141,11,47,26,43,18,30,64,9,4,1,12,32,3,15,124,8,16,14,61,41,22,23,24,69,5,27,28,56,63,31,29,33,17,35,36,95,38,85,40,49,42,7,44,45,60,39,48,21,92,51,53,13,54,55,6,57,58,59,2,0,62,46,109,10,66,117,68,20,70,71,72,65,74,75,67,77,76,79,80,81,82,83,84,37,86,87,88,89,73,91,78,93,94,114,96,97,98,99,100,101,102,52,104,105,106,107,108,19,110,111,112,113,103,115,116,34,118,119,120,121,122,123,90,125,126,127,128,129,130,131,132,133,134,135,136,137,138,139,140,50,142,143,144,145,146,147,148,149,150,151,152,153,154,155,156,157,158,159,160,161,162,163,164,165,166,167,168,169,170,171,172,173,174,175,176,177,178,179,180,181,182,183,184,185,186,187,188,189,190,191,192,193,194,195,196,197,198,199];False
7297;8903;16200;[28,141,11,47,26,43,18,30,25,9,4,1,12,32,3,15,124,8,16,14,61,41,22,23,24,69,5,27,64,56,63,31,29,33,17,35,36,95,38,85,40,49,42,7,44,45,60,39,48,21,92,51,53,13,54,55,6,57,58,59,2,0,62,46,109,10,66,117,68,20,70,71,72,65,74,75,67,77,76,79,80,81,82,83,84,37,86,87,88,89,73,91,78,93,94,114,96,97,98,99,100,101,102,52,104,105,106,107,108,19,110,111,112,113,103,115,116,34,118,119,120,121,122,123,90,125,126,127,128,129,130,131,132,133,134,135,136,137,138,139,140,50,142,143,144,145,146,147,148,149,150,151,152,153,154,155,156,157,158,159,160,161,162,163,164,165,166,167,168,169,170,171,172,173,174,175,176,177,178,179,180,181,182,183,184,185,186,187,188,189,190,191,192,193,194,195,196,197,198,199];False
7399;8849;16248;[49,141,11,47,26,43,18,30,25,9,4,1,12,32,3,15,124,8,16,14,61,41,22,23,24,69,5,27,28,56,63,31,29,33,17,35,36,95,38,85,40,64,42,7,44,45,60,39,48,21,92,51,53,13,54,55,6,57,58,59,2,0,62,46,109,10,66,117,68,20,70,71,72,65,74,75,67,77,76,79,80,81,82,83,84,37,86,87,88,89,73,91,78,93,94,114,96,97,98,99,100,101,102,52,104,105,106,107,108,19,110,111,112,113,103,115,116,34,118,119,120,121,122,123,90,125,126,127,128,129,130,131,132,133,134,135,136,137,138,139,140,50,142,143,144,145,146,147,148,149,150,151,152,153,154,155,156,157,158,159,160,161,162,163,164,165,166,167,168,169,170,171,172,173,174,175,176,177,178,179,180,181,182,183,184,185,186,187,188,189,190,191,192,193,194,195,196,197,198,199];False
7297;8865;16162;[42,141,11,47,26,43,18,30,25,9,4,1,12,32,3,15,124,8,16,14,61,41,22,23,24,69,5,27,28,56,63,31,29,33,17,35,36,95,38,85,40,49,64,7,44,45,60,39,48,21,92,51,53,13,54,55,6,57,58,59,2,0,62,46,109,10,66,117,68,20,70,71,72,65,74,75,67,77,76,79,80,81,82,83,84,37,86,87,88,89,73,91,78,93,94,114,96,97,98,99,100,101,102,52,104,105,106,107,108,19,110,111,112,113,103,115,116,34,118,119,120,121,122,123,90,125,126,127,128,129,130,131,132,133,134,135,136,137,138,139,140,50,142,143,144,145,146,147,148,149,150,151,152,153,154,155,156,157,158,159,160,161,162,163,164,165,166,167,168,169,170,171,172,173,174,175,176,177,178,179,180,181,182,183,184,185,186,187,188,189,190,191,192,193,194,195,196,197,198,199];False
7235;8916;16151;[99,141,11,47,26,43,18,30,25,9,4,1,12,32,3,15,124,8,16,14,61,41,22,23,24,69,5,27,28,56,63,31,29,33,17,35,36,95,38,85,40,49,42,7,44,45,60,39,48,21,92,51,53,13,54,55,6,57,58,59,2,0,62,46,64,10,66,117,68,20,70,71,72,65,74,75,67,77,76,79,80,81,82,83,84,37,86,87,88,89,73,91,109,93,94,114,96,97,98,78,100,101,102,52,104,105,106,107,108,19,110,111,112,113,103,115,116,34,118,119,120,121,122,123,90,125,126,127,128,129,130,131,132,133,134,135,136,137,138,139,140,50,142,143,144,145,146,147,148,149,150,151,152,153,154,155,156,157,158,159,160,161,162,163,164,165,166,167,168,169,170,171,172,173,174,175,176,177,178,179,180,181,182,183,184,185,186,187,188,189,190,191,192,193,194,195,196,197,198,199];False
7286;8896;16182;[100,141,11,47,26,43,18,30,25,9,4,1,12,32,3,15,124,8,16,14,61,41,22,23,24,69,5,27,28,56,63,31,29,33,17,35,36,95,38,85,40,49,42,7,44,45,60,39,48,21,92,51,53,13,54,55,6,57,58,59,2,0,62,46,64,10,66,117,68,20,70,71,72,65,74,75,67,77,76,79,80,81,82,83,84,37,86,87,88,89,73,91,109,93,94,114,96,97,98,99,78,101,102,52,104,105,106,107,108,19,110,111,112,113,103,115,116,34,118,119,120,121,122,123,90,125,126,127,128,129,130,131,132,133,134,135,136,137,138,139,140,50,142,143,144,145,146,147,148,149,150,151,152,153,154,155,156,157,158,159,160,161,162,163,164,165,166,167,168,169,170,171,172,173,174,175,176,177,178,179,180,181,182,183,184,185,186,187,188,189,190,191,192,193,194,195,196,197,198,199];False
7231;8909;16140;[102,141,11,47,26,43,18,30,25,9,4,1,12,32,3,15,124,8,16,14,61,41,22,23,24,69,5,27,28,56,63,31,29,33,17,35,36,95,38,85,40,49,42,7,44,45,60,39,48,21,92,51,53,13,54,55,6,57,58,59,2,0,62,46,64,10,66,117,68,20,70,71,72,65,74,75,67,77,76,79,80,81,82,83,84,37,86,87,88,89,73,91,109,93,94,114,96,97,98,99,100,101,78,52,104,105,106,107,108,19,110,111,112,113,103,115,116,34,118,119,120,121,122,123,90,125,126,127,128,129,130,131,132,133,134,135,136,137,138,139,140,50,142,143,144,145,146,147,148,149,150,151,152,153,154,155,156,157,158,159,160,161,162,163,164,165,166,167,168,169,170,171,172,173,174,175,176,177,178,179,180,181,182,183,184,185,186,187,188,189,190,191,192,193,194,195,196,197,198,199];False
7049;9037;16086;[25,52,11,3,26,43,18,30,8,94,75,1,12,32,14,15,124,9,16,19,61,41,22,23,24,69,5,27,28,56,63,31,29,33,17,35,36,37,60,39,40,49,42,7,44,45,86,47,48,21,50,51,53,13,54,55,6,57,58,59,2,0,77,46,64,10,66,117,68,20,70,71,72,65,74,84,67,81,80,79,38,73,82,83,76,85,92,87,88,89,4,91,78,93,62,95,96,97,98,99,100,101,102,103,104,105,106,107,108,109,110,111,112,113,114,115,116,34,118,119,120,121,122,123,90,125,126,127,128,129,130,131,132,133,134,135,136,137,138,139,140,141,142,143,144,145,146,147,148,149,150,151,152,153,154,155,156,157,158,159,160,161,162,163,164,165,166,167,168,169,170,171,172,173,174,175,176,177,178,179,180,181,182,183,184,185,186,187,188,189,190,191,192,193,194,195,196,197,198,199];False
7129;8977;16106;[72,52,11,3,26,43,18,30,25,94,75,1,12,32,14,15,124,9,16,19,61,41,22,23,24,69,5,27,28,56,63,31,29,33,17,35,36,37,60,39,40,49,42,7,44,45,86,47,48,21,50,51,53,13,54,55,6,57,58,59,2,0,77,46,64,10,66,117,68,20,70,71,8,65,74,84,67,81,80,79,38,73,82,83,76,85,92,87,88,89,4,91,78,93,62,95,96,97,98,99,100,101,102,103,104,105,106,107,108,109,110,111,112,113,114,115,116,34,118,119,120,121,122,123,90,125,126,127,128,129,130,131,132,133,134,135,136,137,138,139,140,141,142,143,144,145,146,147,148,149,150,151,152,153,154,155,156,157,158,159,160,161,162,163,164,165,166,167,168,169,170,171,172,173,174,175,176,177,178,179,180,181,182,183,184,185,186,187,188,189,190,191,192,193,194,195,196,197,198,199];False
7033;9007;16040;[74,52,11,3,26,43,18,30,25,94,75,1,12,32,14,15,124,9,16,19,61,41,22,23,24,69,5,27,28,56,63,31,29,33,17,35,36,37,60,39,40,49,42,7,44,45,86,47,48,21,50,51,53,13,54,55,6,57,58,59,2,0,77,46,64,10,66,117,68,20,70,71,72,65,8,84,67,81,80,79,38,73,82,83,76,85,92,87,88,89,4,91,78,93,62,95,96,97,98,99,100,101,102,103,104,105,106,107,108,109,110,111,112,113,114,115,116,34,118,119,120,121,122,123,90,125,126,127,128,129,130,131,132,133,134,135,136,137,138,139,140,141,142,143,144,145,146,147,148,149,150,151,152,153,154,155,156,157,158,159,160,161,162,163,164,165,166,167,168,169,170,171,172,173,174,175,176,177,178,179,180,181,182,183,184,185,186,187,188,189,190,191,192,193,194,195,196,197,198,199];False
7155;8951;16106;[92,52,11,3,26,43,18,30,25,94,75,1,12,32,14,15,124,9,16,19,61,41,22,23,24,69,5,27,28,56,63,31,29,33,17,35,36,37,60,39,40,49,42,7,44,45,86,47,48,21,50,51,53,13,54,55,6,57,58,59,2,0,77,46,64,10,66,117,68,20,70,71,72,65,74,84,67,81,80,79,38,73,82,83,76,85,8,87,88,89,4,91,78,93,62,95,96,97,98,99,100,101,102,103,104,105,106,107,108,109,110,111,112,113,114,115,116,34,118,119,120,121,122,123,90,125,126,127,128,129,130,131,132,133,134,135,136,137,138,139,140,141,142,143,144,145,146,147,148,149,150,151,152,153,154,155,156,157,158,159,160,161,162,163,164,165,166,167,168,169,170,171,172,173,174,175,176,177,178,179,180,181,182,183,184,185,186,187,188,189,190,191,192,193,194,195,196,197,198,199];False
7132;8964;16096;[78,52,11,3,26,43,18,30,25,94,75,1,12,32,14,15,124,9,16,19,61,41,22,23,24,69,5,27,28,56,63,31,29,33,17,35,36,37,60,39,40,49,42,7,44,45,86,47,48,21,50,51,53,13,54,55,6,57,58,59,2,0,77,46,64,10,66,117,68,20,70,71,72,65,74,84,67,81,80,79,38,73,82,83,76,85,92,87,88,89,4,91,8,93,62,95,96,97,98,99,100,101,102,103,104,105,106,107,108,109,110,111,112,113,114,115,116,34,118,119,120,121,122,123,90,125,126,127,128,129,130,131,132,133,134,135,136,137,138,139,140,141,142,143,144,145,146,147,148,149,150,151,152,153,154,155,156,157,158,159,160,161,162,163,164,165,166,167,168,169,170,171,172,173,174,175,176,177,178,179,180,181,182,183,184,185,186,187,188,189,190,191,192,193,194,195,196,197,198,199];False
7028;8989;16017;[96,52,11,3,26,43,18,30,25,94,75,1,12,32,14,15,124,9,16,19,61,41,22,23,24,69,5,27,28,56,63,31,29,33,17,35,36,37,60,39,40,49,42,7,44,45,86,47,48,21,50,51,53,13,54,55,6,57,58,59,2,0,77,46,64,10,66,117,68,20,70,71,72,65,74,84,67,81,80,79,38,73,82,83,76,85,92,87,88,89,4,91,78,93,62,95,8,97,98,99,100,101,102,103,104,105,106,107,108,109,110,111,112,113,114,115,116,34,118,119,120,121,122,123,90,125,126,127,128,129,130,131,132,133,134,135,136,137,138,139,140,141,142,143,144,145,146,147,148,149,150,151,152,153,154,155,156,157,158,159,160,161,162,163,164,165,166,167,168,169,170,171,172,173,174,175,176,177,178,179,180,181,182,183,184,185,186,187,188,189,190,191,192,193,194,195,196,197,198,199];False
7064;8966;16030;[17,52,11,3,26,43,18,30,25,94,75,1,12,32,14,15,124,8,16,19,61,41,22,23,24,69,5,27,28,56,63,31,29,33,72,35,36,37,60,39,40,49,42,7,44,45,86,47,48,21,50,51,53,13,54,55,6,57,58,59,2,0,77,46,64,10,66,117,68,20,70,71,9,65,74,84,67,81,80,79,38,73,82,83,76,85,92,87,88,89,4,91,78,93,62,95,96,97,98,99,100,101,102,103,104,105,106,107,108,109,110,111,112,113,114,115,116,34,118,119,120,121,122,123,90,125,126,127,128,129,130,131,132,133,134,135,136,137,138,139,140,141,142,143,144,145,146,147,148,149,150,151,152,153,154,155,156,157,158,159,160,161,162,163,164,165,166,167,168,169,170,171,172,173,174,175,176,177,178,179,180,181,182,183,184,185,186,187,188,189,190,191,192,193,194,195,196,197,198,199];False
6931;9124;16055;[30,52,11,3,26,43,18,25,109,9,4,1,12,32,14,15,124,94,93,19,61,41,22,23,24,69,5,27,16,56,63,31,29,33,17,35,36,37,60,39,40,49,42,7,44,45,86,47,48,28,50,51,53,13,54,55,6,57,58,59,2,0,62,46,64,10,66,117,68,20,70,71,72,65,74,75,67,77,80,79,38,81,82,83,76,85,92,87,88,89,73,91,78,8,84,95,96,97,98,99,100,101,102,103,104,105,106,107,108,151,110,111,112,113,114,115,116,34,118,119,120,121,122,123,90,125,126,127,128,129,130,131,132,133,134,135,136,137,138,139,140,141,142,143,144,145,146,147,148,149,150,21,152,153,154,155,156,157,158,159,160,161,162,163,164,165,166,167,168,169,170,171,172,173,174,175,176,177,178,179,180,181,182,183,184,185,186,187,188,189,190,191,192,193,194,195,196,197,198,199];False
6904;9151;16055;[61,52,11,3,26,43,18,30,109,9,4,1,12,32,14,15,124,94,93,19,25,41,22,23,24,69,5,27,16,56,63,31,29,33,17,35,36,37,60,39,40,49,42,7,44,45,86,47,48,28,50,51,53,13,54,55,6,57,58,59,2,0,62,46,64,10,66,117,68,20,70,71,72,65,74,75,67,77,80,79,38,81,82,83,76,85,92,87,88,89,73,91,78,8,84,95,96,97,98,99,100,101,102,103,104,105,106,107,108,151,110,111,112,113,114,115,116,34,118,119,120,121,122,123,90,125,126,127,128,129,130,131,132,133,134,135,136,137,138,139,140,141,142,143,144,145,146,147,148,149,150,21,152,153,154,155,156,157,158,159,160,161,162,163,164,165,166,167,168,169,170,171,172,173,174,175,176,177,178,179,180,181,182,183,184,185,186,187,188,189,190,191,192,193,194,195,196,197,198,199];False
6879;9146;16025;[33,52,11,3,26,43,18,30,109,9,4,1,12,32,14,15,124,94,93,19,61,41,22,23,24,69,5,27,16,56,63,31,29,25,17,35,36,37,60,39,40,49,42,7,44,45,86,47,48,28,50,51,53,13,54,55,6,57,58,59,2,0,62,46,64,10,66,117,68,20,70,71,72,65,74,75,67,77,80,79,38,81,82,83,76,85,92,87,88,89,73,91,78,8,84,95,96,97,98,99,100,101,102,103,104,105,106,107,108,151,110,111,112,113,114,115,116,34,118,119,120,121,122,123,90,125,126,127,128,129,130,131,132,133,134,135,136,137,138,139,140,141,142,143,144,145,146,147,148,149,150,21,152,153,154,155,156,157,158,159,160,161,162,163,164,165,166,167,168,169,170,171,172,173,174,175,176,177,178,179,180,181,182,183,184,185,186,187,188,189,190,191,192,193,194,195,196,197,198,199];False
6866;9144;16010;[36,52,11,3,26,43,18,30,109,9,4,1,12,32,14,15,124,94,93,19,61,41,22,23,24,69,5,27,16,56,63,31,29,33,17,35,25,37,60,39,40,49,42,7,44,45,86,47,48,28,50,51,53,13,54,55,6,57,58,59,2,0,62,46,64,10,66,117,68,20,70,71,72,65,74,75,67,77,80,79,38,81,82,83,76,85,92,87,88,89,73,91,78,8,84,95,96,97,98,99,100,101,102,103,104,105,106,107,108,151,110,111,112,113,114,115,116,34,118,119,120,121,122,123,90,125,126,127,128,129,130,131,132,133,134,135,136,137,138,139,140,141,142,143,144,145,146,147,148,149,150,21,152,153,154,155,156,157,158,159,160,161,162,163,164,165,166,167,168,169,170,171,172,173,174,175,176,177,178,179,180,181,182,183,184,185,186,187,188,189,190,191,192,193,194,195,196,197,198,199];False
6931;9113;16044;[101,52,11,3,26,43,18,30,25,9,4,1,12,32,14,15,124,94,93,19,61,41,22,23,24,69,5,27,16,56,63,31,29,33,17,35,36,37,60,39,40,49,109,7,44,45,86,47,48,28,50,51,53,13,54,55,6,57,58,59,2,0,62,46,64,10,66,117,68,20,70,71,72,65,74,75,67,77,80,79,38,81,82,83,76,85,92,87,88,89,73,91,78,8,84,95,96,97,98,99,100,42,102,103,104,105,106,107,108,151,110,111,112,113,114,115,116,34,118,119,120,121,122,123,90,125,126,127,128,129,130,131,132,133,134,135,136,137,138,139,140,141,142,143,144,145,146,147,148,149,150,21,152,153,154,155,156,157,158,159,160,161,162,163,164,165,166,167,168,169,170,171,172,173,174,175,176,177,178,179,180,181,182,183,184,185,186,187,188,189,190,191,192,193,194,195,196,197,198,199];False
6910;9131;16041;[103,52,11,3,26,43,18,30,25,9,4,1,12,32,14,15,124,94,93,19,61,41,22,23,24,69,5,27,16,56,63,31,29,33,17,35,36,37,60,39,40,49,109,7,44,45,86,47,48,28,50,51,53,13,54,55,6,57,58,59,2,0,62,46,64,10,66,117,68,20,70,71,72,65,74,75,67,77,80,79,38,81,82,83,76,85,92,87,88,89,73,91,78,8,84,95,96,97,98,99,100,101,102,42,104,105,106,107,108,151,110,111,112,113,114,115,116,34,118,119,120,121,122,123,90,125,126,127,128,129,130,131,132,133,134,135,136,137,138,139,140,141,142,143,144,145,146,147,148,149,150,21,152,153,154,155,156,157,158,159,160,161,162,163,164,165,166,167,168,169,170,171,172,173,174,175,176,177,178,179,180,181,182,183,184,185,186,187,188,189,190,191,192,193,194,195,196,197,198,199];False
6966;9067;16033;[81,52,11,3,26,43,18,30,25,9,4,1,12,32,14,15,124,94,93,19,61,41,22,23,24,69,5,27,16,56,63,31,29,33,17,35,36,37,60,39,40,49,42,7,44,45,86,47,48,28,109,51,53,13,54,55,6,57,58,59,2,0,62,46,64,10,66,117,68,20,70,71,72,65,74,75,67,77,80,79,38,50,82,83,76,85,92,87,88,89,73,91,78,8,84,95,96,97,98,99,100,101,102,103,104,105,106,107,108,151,110,111,112,113,114,115,116,34,118,119,120,121,122,123,90,125,126,127,128,129,130,131,132,133,134,135,136,137,138,139,140,141,142,143,144,145,146,147,148,149,150,21,152,153,154,155,156,157,158,159,160,161,162,163,164,165,166,167,168,169,170,171,172,173,174,175,176,177,178,179,180,181,182,183,184,185,186,187,188,189,190,191,192,193,194,195,196,197,198,199];False
6925;9119;16044;[85,52,11,3,26,43,18,30,25,9,4,1,12,32,14,15,124,94,93,19,61,41,22,23,24,69,5,27,16,56,63,31,29,33,17,35,36,37,60,39,40,49,42,7,44,45,86,47,48,28,109,51,53,13,54,55,6,57,58,59,2,0,62,46,64,10,66,117,68,20,70,71,72,65,74,75,67,77,80,79,38,81,82,83,76,50,92,87,88,89,73,91,78,8,84,95,96,97,98,99,100,101,102,103,104,105,106,107,108,151,110,111,112,113,114,115,116,34,118,119,120,121,122,123,90,125,126,127,128,129,130,131,132,133,134,135,136,137,138,139,140,141,142,143,144,145,146,147,148,149,150,21,152,153,154,155,156,157,158,159,160,161,162,163,164,165,166,167,168,169,170,171,172,173,174,175,176,177,178,179,180,181,182,183,184,185,186,187,188,189,190,191,192,193,194,195,196,197,198,199];False
6948;9076;16024;[114,52,11,3,26,43,18,30,25,9,4,1,12,32,14,15,124,94,93,19,61,41,22,23,24,69,5,27,16,56,63,31,29,33,17,35,36,37,60,39,40,49,42,7,44,45,86,47,48,28,109,51,53,13,54,55,6,57,58,59,2,0,62,46,64,10,66,117,68,20,70,71,72,65,74,75,67,77,80,79,38,81,82,83,76,85,92,87,88,89,73,91,78,8,84,95,96,97,98,99,100,101,102,103,104,105,106,107,108,151,110,111,112,113,50,115,116,34,118,119,120,121,122,123,90,125,126,127,128,129,130,131,132,133,134,135,136,137,138,139,140,141,142,143,144,145,146,147,148,149,150,21,152,153,154,155,156,157,158,159,160,161,162,163,164,165,166,167,168,169,170,171,172,173,174,175,176,177,178,179,180,181,182,183,184,185,186,187,188,189,190,191,192,193,194,195,196,197,198,199];False
6907;9110;16017;[135,52,11,3,26,43,18,30,25,9,4,1,12,32,14,15,124,94,93,19,61,41,22,23,24,69,5,27,16,56,63,31,29,33,17,35,36,37,60,39,40,49,42,7,44,45,86,47,48,28,109,51,53,13,54,55,6,57,58,59,2,0,62,46,64,10,66,117,68,20,70,71,72,65,74,75,67,77,80,79,38,81,82,83,76,85,92,87,88,89,73,91,78,8,84,95,96,97,98,99,100,101,102,103,104,105,106,107,108,151,110,111,112,113,114,115,116,34,118,119,120,121,122,123,90,125,126,127,128,129,130,131,132,133,134,50,136,137,138,139,140,141,142,143,144,145,146,147,148,149,150,21,152,153,154,155,156,157,158,159,160,161,162,163,164,165,166,167,168,169,170,171,172,173,174,175,176,177,178,179,180,181,182,183,184,185,186,187,188,189,190,191,192,193,194,195,196,197,198,199];False
6889;9098;15987;[149,52,11,3,26,43,18,30,25,9,4,1,12,32,14,15,124,94,93,19,61,41,22,23,24,69,5,27,16,56,63,31,29,33,17,35,36,37,60,39,40,49,42,7,44,45,86,47,48,28,109,51,53,13,54,55,6,57,58,59,2,0,62,46,64,10,66,117,68,20,70,71,72,65,74,75,67,77,80,79,38,81,82,83,76,85,92,87,88,89,73,91,78,8,84,95,96,97,98,99,100,101,102,103,104,105,106,107,108,151,110,111,112,113,114,115,116,34,118,119,120,121,122,123,90,125,126,127,128,129,130,131,132,133,134,135,136,137,138,139,140,141,142,143,144,145,146,147,148,50,150,21,152,153,154,155,156,157,158,159,160,161,162,163,164,165,166,167,168,169,170,171,172,173,174,175,176,177,178,179,180,181,182,183,184,185,186,187,188,189,190,191,192,193,194,195,196,197,198,199];False
6875;9095;15970;[155,52,11,3,26,43,18,30,25,9,4,1,12,32,14,15,124,94,93,19,61,41,22,23,24,69,5,27,16,56,63,31,29,33,17,35,36,37,60,39,40,49,42,7,44,45,86,47,48,28,109,51,53,13,54,55,6,57,58,59,2,0,62,46,64,10,66,117,68,20,70,71,72,65,74,75,67,77,80,79,38,81,82,83,76,85,92,87,88,89,73,91,78,8,84,95,96,97,98,99,100,101,102,103,104,105,106,107,108,151,110,111,112,113,114,115,116,34,118,119,120,121,122,123,90,125,126,127,128,129,130,131,132,133,134,135,136,137,138,139,140,141,142,143,144,145,146,147,148,149,150,21,152,153,154,50,156,157,158,159,160,161,162,163,164,165,166,167,168,169,170,171,172,173,174,175,176,177,178,179,180,181,182,183,184,185,186,187,188,189,190,191,192,193,194,195,196,197,198,199];False
6974;9058;16032;[163,52,11,3,26,43,18,30,25,9,4,1,12,32,14,15,124,94,93,19,61,41,22,23,24,69,5,27,16,56,63,31,29,33,17,35,36,37,60,39,40,49,42,7,44,45,86,47,48,28,109,51,53,13,54,55,6,57,58,59,2,0,62,46,64,10,66,117,68,20,70,71,72,65,74,75,67,77,80,79,38,81,82,83,76,85,92,87,88,89,73,91,78,8,84,95,96,97,98,99,100,101,102,103,104,105,106,107,108,151,110,111,112,113,114,115,116,34,118,119,120,121,122,123,90,125,126,127,128,129,130,131,132,133,134,135,136,137,138,139,140,141,142,143,144,145,146,147,148,149,150,21,152,153,154,155,156,157,158,159,160,161,162,50,164,165,166,167,168,169,170,171,172,173,174,175,176,177,178,179,180,181,182,183,184,185,186,187,188,189,190,191,192,193,194,195,196,197,198,199];False
6981;9057;16038;[73,52,11,3,26,43,18,30,25,9,4,1,12,32,14,15,124,94,93,19,61,41,22,23,24,69,5,27,16,56,63,31,29,33,17,35,36,37,60,39,40,49,42,7,44,45,86,47,48,28,50,51,53,13,54,55,6,57,58,59,2,0,62,46,64,10,66,117,68,20,70,71,72,65,74,75,67,77,80,79,38,81,82,83,76,85,92,87,88,89,78,91,109,8,84,95,96,97,98,99,100,101,102,103,104,105,106,107,108,151,110,111,112,113,114,115,116,34,118,119,120,121,122,123,90,125,126,127,128,129,130,131,132,133,134,135,136,137,138,139,140,141,142,143,144,145,146,147,148,149,150,21,152,153,154,155,156,157,158,159,160,161,162,163,164,165,166,167,168,169,170,171,172,173,174,175,176,177,178,179,180,181,182,183,184,185,186,187,188,189,190,191,192,193,194,195,196,197,198,199];False
6943;9070;16013;[106,52,11,3,26,43,18,30,25,9,4,1,12,32,14,15,124,94,93,19,61,41,22,23,24,69,5,27,16,56,63,31,29,33,17,35,36,37,60,39,40,49,42,7,44,45,86,47,48,28,50,51,53,13,54,55,6,57,58,59,2,0,62,46,64,10,66,117,68,20,70,71,72,65,74,75,67,77,80,79,38,81,82,83,76,85,92,87,88,89,73,91,109,8,84,95,96,97,98,99,100,101,102,103,104,105,78,107,108,151,110,111,112,113,114,115,116,34,118,119,120,121,122,123,90,125,126,127,128,129,130,131,132,133,134,135,136,137,138,139,140,141,142,143,144,145,146,147,148,149,150,21,152,153,154,155,156,157,158,159,160,161,162,163,164,165,166,167,168,169,170,171,172,173,174,175,176,177,178,179,180,181,182,183,184,185,186,187,188,189,190,191,192,193,194,195,196,197,198,199];False
6922;9082;16004;[115,52,11,3,26,43,18,30,25,9,4,1,12,32,14,15,124,94,93,19,61,41,22,23,24,69,5,27,16,56,63,31,29,33,17,35,36,37,60,39,40,49,42,7,44,45,86,47,48,28,50,51,53,13,54,55,6,57,58,59,2,0,62,46,64,10,66,117,68,20,70,71,72,65,74,75,67,77,80,79,38,81,82,83,76,85,92,87,88,89,73,91,109,8,84,95,96,97,98,99,100,101,102,103,104,105,106,107,108,151,110,111,112,113,114,78,116,34,118,119,120,121,122,123,90,125,126,127,128,129,130,131,132,133,134,135,136,137,138,139,140,141,142,143,144,145,146,147,148,149,150,21,152,153,154,155,156,157,158,159,160,161,162,163,164,165,166,167,168,169,170,171,172,173,174,175,176,177,178,179,180,181,182,183,184,185,186,187,188,189,190,191,192,193,194,195,196,197,198,199];False
6911;9086;15997;[121,52,11,3,26,43,18,30,25,9,4,1,12,32,14,15,124,94,93,19,61,41,22,23,24,69,5,27,16,56,63,31,29,33,17,35,36,37,60,39,40,49,42,7,44,45,86,47,48,28,50,51,53,13,54,55,6,57,58,59,2,0,62,46,64,10,66,117,68,20,70,71,72,65,74,75,67,77,80,79,38,81,82,83,76,85,92,87,88,89,73,91,109,8,84,95,96,97,98,99,100,101,102,103,104,105,106,107,108,151,110,111,112,113,114,115,116,34,118,119,120,78,122,123,90,125,126,127,128,129,130,131,132,133,134,135,136,137,138,139,140,141,142,143,144,145,146,147,148,149,150,21,152,153,154,155,156,157,158,159,160,161,162,163,164,165,166,167,168,169,170,171,172,173,174,175,176,177,178,179,180,181,182,183,184,185,186,187,188,189,190,191,192,193,194,195,196,197,198,199];False
6892;9093;15985;[132,52,11,3,26,43,18,30,25,9,4,1,12,32,14,15,124,94,93,19,61,41,22,23,24,69,5,27,16,56,63,31,29,33,17,35,36,37,60,39,40,49,42,7,44,45,86,47,48,28,50,51,53,13,54,55,6,57,58,59,2,0,62,46,64,10,66,117,68,20,70,71,72,65,74,75,67,77,80,79,38,81,82,83,76,85,92,87,88,89,73,91,109,8,84,95,96,97,98,99,100,101,102,103,104,105,106,107,108,151,110,111,112,113,114,115,116,34,118,119,120,121,122,123,90,125,126,127,128,129,130,131,78,133,134,135,136,137,138,139,140,141,142,143,144,145,146,147,148,149,150,21,152,153,154,155,156,157,158,159,160,161,162,163,164,165,166,167,168,169,170,171,172,173,174,175,176,177,178,179,180,181,182,183,184,185,186,187,188,189,190,191,192,193,194,195,196,197,198,199];False
6868;9112;15980;[135,52,11,3,26,43,18,30,25,9,4,1,12,32,14,15,124,94,93,19,61,41,22,23,24,69,5,27,16,56,63,31,29,33,17,35,36,37,60,39,40,49,42,7,44,45,86,47,48,28,50,51,53,13,54,55,6,57,58,59,2,0,62,46,64,10,66,117,68,20,70,71,72,65,74,75,67,77,80,79,38,81,82,83,76,85,92,87,88,89,73,91,109,8,84,95,96,97,98,99,100,101,102,103,104,105,106,107,108,151,110,111,112,113,114,115,116,34,118,119,120,121,122,123,90,125,126,127,128,129,130,131,132,133,134,78,136,137,138,139,140,141,142,143,144,145,146,147,148,149,150,21,152,153,154,155,156,157,158,159,160,161,162,163,164,165,166,167,168,169,170,171,172,173,174,175,176,177,178,179,180,181,182,183,184,185,186,187,188,189,190,191,192,193,194,195,196,197,198,199];False
6836;9148;15984;[139,52,11,3,26,43,18,30,25,9,4,1,12,32,14,15,124,94,93,19,61,41,22,23,24,69,5,27,16,56,63,31,29,33,17,35,36,37,60,39,40,49,42,7,44,45,86,47,48,28,50,51,53,13,54,55,6,57,58,59,2,0,62,46,64,10,66,117,68,20,70,71,72,65,74,75,67,77,80,79,38,81,82,83,76,85,92,87,88,89,73,91,109,8,84,95,96,97,98,99,100,101,102,103,104,105,106,107,108,151,110,111,112,113,114,115,116,34,118,119,120,121,122,123,90,125,126,127,128,129,130,131,132,133,134,135,136,137,138,78,140,141,142,143,144,145,146,147,148,149,150,21,152,153,154,155,156,157,158,159,160,161,162,163,164,165,166,167,168,169,170,171,172,173,174,175,176,177,178,179,180,181,182,183,184,185,186,187,188,189,190,191,192,193,194,195,196,197,198,199];False
6961;9062;16023;[141,52,11,3,26,43,18,30,25,9,4,1,12,32,14,15,124,94,93,19,61,41,22,23,24,69,5,27,16,56,63,31,29,33,17,35,36,37,60,39,40,49,42,7,44,45,86,47,48,28,50,51,53,13,54,55,6,57,58,59,2,0,62,46,64,10,66,117,68,20,70,71,72,65,74,75,67,77,80,79,38,81,82,83,76,85,92,87,88,89,73,91,109,8,84,95,96,97,98,99,100,101,102,103,104,105,106,107,108,151,110,111,112,113,114,115,116,34,118,119,120,121,122,123,90,125,126,127,128,129,130,131,132,133,134,135,136,137,138,139,140,78,142,143,144,145,146,147,148,149,150,21,152,153,154,155,156,157,158,159,160,161,162,163,164,165,166,167,168,169,170,171,172,173,174,175,176,177,178,179,180,181,182,183,184,185,186,187,188,189,190,191,192,193,194,195,196,197,198,199];False
6840;9105;15945;[144,52,11,3,26,43,18,30,25,9,4,1,12,32,14,15,124,94,93,19,61,41,22,23,24,69,5,27,16,56,63,31,29,33,17,35,36,37,60,39,40,49,42,7,44,45,86,47,48,28,50,51,53,13,54,55,6,57,58,59,2,0,62,46,64,10,66,117,68,20,70,71,72,65,74,75,67,77,80,79,38,81,82,83,76,85,92,87,88,89,73,91,109,8,84,95,96,97,98,99,100,101,102,103,104,105,106,107,108,151,110,111,112,113,114,115,116,34,118,119,120,121,122,123,90,125,126,127,128,129,130,131,132,133,134,135,136,137,138,139,140,141,142,143,78,145,146,147,148,149,150,21,152,153,154,155,156,157,158,159,160,161,162,163,164,165,166,167,168,169,170,171,172,173,174,175,176,177,178,179,180,181,182,183,184,185,186,187,188,189,190,191,192,193,194,195,196,197,198,199];False
6942;9073;16015;[149,52,11,3,26,43,18,30,25,9,4,1,12,32,14,15,124,94,93,19,61,41,22,23,24,69,5,27,16,56,63,31,29,33,17,35,36,37,60,39,40,49,42,7,44,45,86,47,48,28,50,51,53,13,54,55,6,57,58,59,2,0,62,46,64,10,66,117,68,20,70,71,72,65,74,75,67,77,80,79,38,81,82,83,76,85,92,87,88,89,73,91,109,8,84,95,96,97,98,99,100,101,102,103,104,105,106,107,108,151,110,111,112,113,114,115,116,34,118,119,120,121,122,123,90,125,126,127,128,129,130,131,132,133,134,135,136,137,138,139,140,141,142,143,144,145,146,147,148,78,150,21,152,153,154,155,156,157,158,159,160,161,162,163,164,165,166,167,168,169,170,171,172,173,174,175,176,177,178,179,180,181,182,183,184,185,186,187,188,189,190,191,192,193,194,195,196,197,198,199];False
6949;9055;16004;[157,52,11,3,26,43,18,30,25,9,4,1,12,32,14,15,124,94,93,19,61,41,22,23,24,69,5,27,16,56,63,31,29,33,17,35,36,37,60,39,40,49,42,7,44,45,86,47,48,28,50,51,53,13,54,55,6,57,58,59,2,0,62,46,64,10,66,117,68,20,70,71,72,65,74,75,67,77,80,79,38,81,82,83,76,85,92,87,88,89,73,91,109,8,84,95,96,97,98,99,100,101,102,103,104,105,106,107,108,151,110,111,112,113,114,115,116,34,118,119,120,121,122,123,90,125,126,127,128,129,130,131,132,133,134,135,136,137,138,139,140,141,142,143,144,145,146,147,148,149,150,21,152,153,154,155,156,78,158,159,160,161,162,163,164,165,166,167,168,169,170,171,172,173,174,175,176,177,178,179,180,181,182,183,184,185,186,187,188,189,190,191,192,193,194,195,196,197,198,199];False
6938;9064;16002;[158,52,11,3,26,43,18,30,25,9,4,1,12,32,14,15,124,94,93,19,61,41,22,23,24,69,5,27,16,56,63,31,29,33,17,35,36,37,60,39,40,49,42,7,44,45,86,47,48,28,50,51,53,13,54,55,6,57,58,59,2,0,62,46,64,10,66,117,68,20,70,71,72,65,74,75,67,77,80,79,38,81,82,83,76,85,92,87,88,89,73,91,109,8,84,95,96,97,98,99,100,101,102,103,104,105,106,107,108,151,110,111,112,113,114,115,116,34,118,119,120,121,122,123,90,125,126,127,128,129,130,131,132,133,134,135,136,137,138,139,140,141,142,143,144,145,146,147,148,149,150,21,152,153,154,155,156,157,78,159,160,161,162,163,164,165,166,167,168,169,170,171,172,173,174,175,176,177,178,179,180,181,182,183,184,185,186,187,188,189,190,191,192,193,194,195,196,197,198,199];False
6902;9072;15974;[185,52,11,3,26,43,18,30,25,9,4,1,12,32,14,15,124,94,93,19,61,41,22,23,24,69,5,27,16,56,63,31,29,33,17,35,36,37,60,39,40,49,42,7,44,45,86,47,48,28,50,51,53,13,54,55,6,57,58,59,2,0,62,46,64,10,66,117,68,20,70,71,72,65,74,75,67,77,80,79,38,81,82,83,76,85,92,87,88,89,73,91,109,8,84,95,96,97,98,99,100,101,102,103,104,105,106,107,108,151,110,111,112,113,114,115,116,34,118,119,120,121,122,123,90,125,126,127,128,129,130,131,132,133,134,135,136,137,138,139,140,141,142,143,144,145,146,147,148,149,150,21,152,153,154,155,156,157,158,159,160,161,162,163,164,165,166,167,168,169,170,171,172,173,174,175,176,177,178,179,180,181,182,183,184,78,186,187,188,189,190,191,192,193,194,195,196,197,198,199];False
6920;9067;15987;[191,52,11,3,26,43,18,30,25,9,4,1,12,32,14,15,124,94,93,19,61,41,22,23,24,69,5,27,16,56,63,31,29,33,17,35,36,37,60,39,40,49,42,7,44,45,86,47,48,28,50,51,53,13,54,55,6,57,58,59,2,0,62,46,64,10,66,117,68,20,70,71,72,65,74,75,67,77,80,79,38,81,82,83,76,85,92,87,88,89,73,91,109,8,84,95,96,97,98,99,100,101,102,103,104,105,106,107,108,151,110,111,112,113,114,115,116,34,118,119,120,121,122,123,90,125,126,127,128,129,130,131,132,133,134,135,136,137,138,139,140,141,142,143,144,145,146,147,148,149,150,21,152,153,154,155,156,157,158,159,160,161,162,163,164,165,166,167,168,169,170,171,172,173,174,175,176,177,178,179,180,181,182,183,184,185,186,187,188,189,190,78,192,193,194,195,196,197,198,199];False
6931;9059;15990;[192,52,11,3,26,43,18,30,25,9,4,1,12,32,14,15,124,94,93,19,61,41,22,23,24,69,5,27,16,56,63,31,29,33,17,35,36,37,60,39,40,49,42,7,44,45,86,47,48,28,50,51,53,13,54,55,6,57,58,59,2,0,62,46,64,10,66,117,68,20,70,71,72,65,74,75,67,77,80,79,38,81,82,83,76,85,92,87,88,89,73,91,109,8,84,95,96,97,98,99,100,101,102,103,104,105,106,107,108,151,110,111,112,113,114,115,116,34,118,119,120,121,122,123,90,125,126,127,128,129,130,131,132,133,134,135,136,137,138,139,140,141,142,143,144,145,146,147,148,149,150,21,152,153,154,155,156,157,158,159,160,161,162,163,164,165,166,167,168,169,170,171,172,173,174,175,176,177,178,179,180,181,182,183,184,185,186,187,188,189,190,191,78,193,194,195,196,197,198,199];False
7010;9024;16034;[78,46,11,3,26,43,18,30,25,9,4,1,12,32,14,15,124,94,93,19,61,41,22,23,24,69,5,27,16,56,63,31,29,33,17,35,36,37,60,39,40,49,42,7,44,45,86,47,48,28,50,51,53,13,54,55,6,57,58,59,2,0,62,52,64,10,66,117,68,20,70,71,72,65,74,75,67,77,80,79,38,81,82,83,76,85,92,87,88,89,73,91,109,8,84,95,96,97,98,99,100,101,102,103,104,105,106,107,108,151,110,111,112,113,114,115,116,34,118,119,120,121,122,123,90,125,126,127,128,129,130,131,132,133,134,135,136,137,138,139,140,141,142,143,144,145,146,147,148,149,150,21,152,153,154,155,156,157,158,159,160,161,162,163,164,165,166,167,168,169,170,171,172,173,174,175,176,177,178,179,180,181,182,183,184,185,186,187,188,189,190,191,192,193,194,195,196,197,198,199];False
7002;9040;16042;[78,96,11,3,26,43,18,30,25,9,4,1,12,32,14,15,124,94,93,19,61,41,22,23,24,69,5,27,16,56,63,31,29,33,17,35,36,37,60,39,40,49,42,7,44,45,86,47,48,28,50,51,53,13,54,55,6,57,58,59,2,0,62,46,64,10,66,117,68,20,70,71,72,65,74,75,67,77,80,79,38,81,82,83,76,85,92,87,88,89,73,91,109,8,84,95,52,97,98,99,100,101,102,103,104,105,106,107,108,151,110,111,112,113,114,115,116,34,118,119,120,121,122,123,90,125,126,127,128,129,130,131,132,133,134,135,136,137,138,139,140,141,142,143,144,145,146,147,148,149,150,21,152,153,154,155,156,157,158,159,160,161,162,163,164,165,166,167,168,169,170,171,172,173,174,175,176,177,178,179,180,181,182,183,184,185,186,187,188,189,190,191,192,193,194,195,196,197,198,199];False
6924;9066;15990;[78,103,11,3,26,43,18,30,25,9,4,1,12,32,14,15,124,94,93,19,61,41,22,23,24,69,5,27,16,56,63,31,29,33,17,35,36,37,60,39,40,49,42,7,44,45,86,47,48,28,50,51,53,13,54,55,6,57,58,59,2,0,62,46,64,10,66,117,68,20,70,71,72,65,74,75,67,77,80,79,38,81,82,83,76,85,92,87,88,89,73,91,109,8,84,95,96,97,98,99,100,101,102,52,104,105,106,107,108,151,110,111,112,113,114,115,116,34,118,119,120,121,122,123,90,125,126,127,128,129,130,131,132,133,134,135,136,137,138,139,140,141,142,143,144,145,146,147,148,149,150,21,152,153,154,155,156,157,158,159,160,161,162,163,164,165,166,167,168,169,170,171,172,173,174,175,176,177,178,179,180,181,182,183,184,185,186,187,188,189,190,191,192,193,194,195,196,197,198,199];False
6975;9040;16015;[78,114,11,3,26,43,18,30,25,9,4,1,12,32,14,15,124,94,93,19,61,41,22,23,24,69,5,27,16,56,63,31,29,33,17,35,36,37,60,39,40,49,42,7,44,45,86,47,48,28,50,51,53,13,54,55,6,57,58,59,2,0,62,46,64,10,66,117,68,20,70,71,72,65,74,75,67,77,80,79,38,81,82,83,76,85,92,87,88,89,73,91,109,8,84,95,96,97,98,99,100,101,102,103,104,105,106,107,108,151,110,111,112,113,52,115,116,34,118,119,120,121,122,123,90,125,126,127,128,129,130,131,132,133,134,135,136,137,138,139,140,141,142,143,144,145,146,147,148,149,150,21,152,153,154,155,156,157,158,159,160,161,162,163,164,165,166,167,168,169,170,171,172,173,174,175,176,177,178,179,180,181,182,183,184,185,186,187,188,189,190,191,192,193,194,195,196,197,198,199];False
8057;8746;16803;[28,141,11,3,26,43,12,30,25,9,4,1,75,32,14,15,124,46,109,19,61,41,22,23,24,69,5,27,73,56,63,31,29,33,17,8,36,37,38,39,40,18,42,7,44,45,60,47,48,21,92,51,53,13,54,55,6,57,58,59,2,0,62,96,64,10,66,117,68,20,70,71,72,65,74,82,67,77,76,79,80,81,35,83,52,85,86,87,88,89,16,91,78,93,94,95,84,97,98,99,100,101,102,103,104,105,106,107,108,49,110,111,112,113,114,115,116,34,118,119,120,121,122,123,90,125,126,127,128,129,130,131,132,133,134,135,136,137,138,139,140,50,142,143,144,145,146,147,148,149,150,151,152,153,154,155,156,157,158,159,160,161,162,163,164,165,166,167,168,169,170,171,172,173,174,175,176,177,178,179,180,181,182,183,184,185,186,187,188,189,190,191,192,193,194,195,196,197,198,199];False
7922;8754;16676;[12,141,11,3,26,43,127,30,25,9,4,1,75,32,14,15,124,46,16,19,61,41,22,23,24,69,5,27,28,56,63,31,29,33,17,8,36,37,38,39,40,18,42,7,44,45,60,47,48,21,92,51,53,13,54,55,6,57,58,59,2,0,62,96,64,10,66,117,68,20,70,71,72,65,74,82,67,77,76,79,80,81,35,83,52,85,86,87,88,89,73,91,109,93,94,95,84,97,98,99,100,101,102,103,104,105,106,107,108,49,110,111,112,113,114,115,116,34,118,119,120,121,122,123,90,125,126,78,128,129,130,131,132,133,134,135,136,137,138,139,140,50,142,143,144,145,146,147,148,149,150,151,152,153,154,155,156,157,158,159,160,161,162,163,164,165,166,167,168,169,170,171,172,173,174,175,176,177,178,179,180,181,182,183,184,185,186,187,188,189,190,191,192,193,194,195,196,197,198,199];False
7420;8830;16250;[23,141,11,3,26,43,18,30,25,9,4,1,12,32,14,15,124,46,174,19,61,41,22,39,24,69,5,27,16,56,63,31,29,33,17,8,36,28,38,85,40,49,42,7,44,45,60,47,48,21,92,51,53,13,54,55,6,57,58,59,2,0,62,96,64,10,66,117,68,20,70,71,72,65,74,75,67,77,76,79,80,81,82,83,52,37,86,87,88,89,73,91,35,93,94,95,84,97,98,99,100,101,102,103,104,105,106,107,108,109,110,111,112,113,114,115,116,34,118,119,120,121,122,123,90,125,126,78,128,129,130,131,132,133,134,135,136,137,138,139,140,50,142,143,144,145,146,147,148,149,150,151,152,153,154,155,156,157,158,159,160,161,162,163,164,165,166,167,168,169,170,171,172,173,127,175,176,177,178,179,180,181,182,183,184,185,186,187,188,189,190,191,192,193,194,195,196,197,198,199];False
7441;8824;16265;[49,141,11,3,26,43,18,30,25,9,4,1,12,32,14,15,124,46,174,19,61,41,22,23,24,69,5,27,16,56,63,31,29,33,17,8,36,28,38,85,40,39,42,7,44,45,60,47,48,21,92,51,53,13,54,55,6,57,58,59,2,0,62,96,64,10,66,117,68,20,70,71,72,65,74,75,67,77,76,79,80,81,82,83,52,37,86,87,88,89,73,91,35,93,94,95,84,97,98,99,100,101,102,103,104,105,106,107,108,109,110,111,112,113,114,115,116,34,118,119,120,121,122,123,90,125,126,78,128,129,130,131,132,133,134,135,136,137,138,139,140,50,142,143,144,145,146,147,148,149,150,151,152,153,154,155,156,157,158,159,160,161,162,163,164,165,166,167,168,169,170,171,172,173,127,175,176,177,178,179,180,181,182,183,184,185,186,187,188,189,190,191,192,193,194,195,196,197,198,199];False
7454;8817;16271;[42,141,11,3,26,43,18,30,25,9,4,1,12,32,14,15,124,46,174,19,61,41,22,23,24,69,5,27,16,56,63,31,29,33,17,8,36,28,38,85,40,49,39,7,44,45,60,47,48,21,92,51,53,13,54,55,6,57,58,59,2,0,62,96,64,10,66,117,68,20,70,71,72,65,74,75,67,77,76,79,80,81,82,83,52,37,86,87,88,89,73,91,35,93,94,95,84,97,98,99,100,101,102,103,104,105,106,107,108,109,110,111,112,113,114,115,116,34,118,119,120,121,122,123,90,125,126,78,128,129,130,131,132,133,134,135,136,137,138,139,140,50,142,143,144,145,146,147,148,149,150,151,152,153,154,155,156,157,158,159,160,161,162,163,164,165,166,167,168,169,170,171,172,173,127,175,176,177,178,179,180,181,182,183,184,185,186,187,188,189,190,191,192,193,194,195,196,197,198,199];False
7346;8864;16210;[47,141,11,3,26,43,18,30,25,9,4,1,12,32,14,15,124,46,174,19,61,41,22,23,24,69,5,27,16,56,63,31,29,33,17,8,36,28,38,85,40,49,42,7,44,45,60,39,48,21,92,51,53,13,54,55,6,57,58,59,2,0,62,96,64,10,66,117,68,20,70,71,72,65,74,75,67,77,76,79,80,81,82,83,52,37,86,87,88,89,73,91,35,93,94,95,84,97,98,99,100,101,102,103,104,105,106,107,108,109,110,111,112,113,114,115,116,34,118,119,120,121,122,123,90,125,126,78,128,129,130,131,132,133,134,135,136,137,138,139,140,50,142,143,144,145,146,147,148,149,150,151,152,153,154,155,156,157,158,159,160,161,162,163,164,165,166,167,168,169,170,171,172,173,127,175,176,177,178,179,180,181,182,183,184,185,186,187,188,189,190,191,192,193,194,195,196,197,198,199];False
7389;8842;16231;[64,141,11,3,26,43,18,30,25,9,4,1,12,32,14,15,124,46,174,19,61,41,22,23,24,69,5,27,16,56,63,31,29,33,17,8,36,28,38,85,40,49,42,7,44,45,60,47,48,21,92,51,53,13,54,55,6,57,58,59,2,0,62,96,39,10,66,117,68,20,70,71,72,65,74,75,67,77,76,79,80,81,82,83,52,37,86,87,88,89,73,91,35,93,94,95,84,97,98,99,100,101,102,103,104,105,106,107,108,109,110,111,112,113,114,115,116,34,118,119,120,121,122,123,90,125,126,78,128,129,130,131,132,133,134,135,136,137,138,139,140,50,142,143,144,145,146,147,148,149,150,151,152,153,154,155,156,157,158,159,160,161,162,163,164,165,166,167,168,169,170,171,172,173,127,175,176,177,178,179,180,181,182,183,184,185,186,187,188,189,190,191,192,193,194,195,196,197,198,199];False
7439;8824;16263;[117,141,11,3,26,43,18,30,25,9,4,1,12,32,14,15,124,46,174,19,61,41,22,23,24,69,5,27,16,56,63,31,29,33,17,8,36,28,38,85,40,49,42,7,44,45,60,47,48,21,92,51,53,13,54,55,6,57,58,59,2,0,62,96,64,10,66,39,68,20,70,71,72,65,74,75,67,77,76,79,80,81,82,83,52,37,86,87,88,89,73,91,35,93,94,95,84,97,98,99,100,101,102,103,104,105,106,107,108,109,110,111,112,113,114,115,116,34,118,119,120,121,122,123,90,125,126,78,128,129,130,131,132,133,134,135,136,137,138,139,140,50,142,143,144,145,146,147,148,149,150,151,152,153,154,155,156,157,158,159,160,161,162,163,164,165,166,167,168,169,170,171,172,173,127,175,176,177,178,179,180,181,182,183,184,185,186,187,188,189,190,191,192,193,194,195,196,197,198,199];False
7389;8828;16217;[80,141,11,3,26,43,18,30,25,9,4,1,12,32,14,15,124,46,174,19,61,41,22,23,24,69,5,27,16,56,63,31,29,33,17,8,36,28,38,85,40,49,42,7,44,45,60,47,48,21,92,51,53,13,54,55,6,57,58,59,2,0,62,96,64,10,66,117,68,20,70,71,72,65,74,75,67,77,76,79,39,81,82,83,52,37,86,87,88,89,73,91,35,93,94,95,84,97,98,99,100,101,102,103,104,105,106,107,108,109,110,111,112,113,114,115,116,34,118,119,120,121,122,123,90,125,126,78,128,129,130,131,132,133,134,135,136,137,138,139,140,50,142,143,144,145,146,147,148,149,150,151,152,153,154,155,156,157,158,159,160,161,162,163,164,165,166,167,168,169,170,171,172,173,127,175,176,177,178,179,180,181,182,183,184,185,186,187,188,189,190,191,192,193,194,195,196,197,198,199];False
7575;8780;16355;[16,141,11,3,26,43,18,30,25,9,4,1,12,32,95,15,124,46,174,19,61,41,22,23,24,69,5,27,14,56,63,31,29,33,17,8,36,28,38,39,40,49,42,7,44,45,60,47,48,21,92,51,53,13,54,55,6,57,58,59,2,0,62,96,64,10,66,117,68,20,70,71,72,65,74,75,67,77,76,79,80,81,82,83,52,85,86,87,88,89,73,91,35,93,94,37,84,97,98,99,100,101,102,103,104,105,106,107,108,109,110,111,112,113,114,115,116,34,118,119,120,121,122,123,90,125,126,78,128,129,130,131,132,133,134,135,136,137,138,139,140,50,142,143,144,145,146,147,148,149,150,151,152,153,154,155,156,157,158,159,160,161,162,163,164,165,166,167,168,169,170,171,172,173,127,175,176,177,178,179,180,181,182,183,184,185,186,187,188,189,190,191,192,193,194,195,196,197,198,199];False
7525;8794;16319;[39,141,11,3,26,43,18,30,25,9,4,1,12,32,95,15,124,46,174,19,61,41,22,23,24,69,5,27,16,56,63,31,29,33,17,8,36,28,38,14,40,49,42,7,44,45,60,47,48,21,92,51,53,13,54,55,6,57,58,59,2,0,62,96,64,10,66,117,68,20,70,71,72,65,74,75,67,77,76,79,80,81,82,83,52,85,86,87,88,89,73,91,35,93,94,37,84,97,98,99,100,101,102,103,104,105,106,107,108,109,110,111,112,113,114,115,116,34,118,119,120,121,122,123,90,125,126,78,128,129,130,131,132,133,134,135,136,137,138,139,140,50,142,143,144,145,146,147,148,149,150,151,152,153,154,155,156,157,158,159,160,161,162,163,164,165,166,167,168,169,170,171,172,173,127,175,176,177,178,179,180,181,182,183,184,185,186,187,188,189,190,191,192,193,194,195,196,197,198,199];False
7650;8772;16422;[174,141,11,3,26,43,18,30,25,9,4,1,12,32,14,15,124,46,19,95,61,41,22,23,24,69,5,27,16,56,63,31,29,33,17,8,36,28,38,39,40,49,42,7,44,45,60,47,48,21,92,51,53,13,54,55,6,57,58,59,2,0,62,96,64,10,66,117,68,20,70,71,72,65,74,75,67,77,76,79,80,81,82,83,52,85,86,87,88,89,73,91,35,93,94,37,84,97,98,99,100,101,102,103,104,105,106,107,108,109,110,111,112,113,114,115,116,34,118,119,120,121,122,123,90,125,126,78,128,129,130,131,132,133,134,135,136,137,138,139,140,50,142,143,144,145,146,147,148,149,150,151,152,153,154,155,156,157,158,159,160,161,162,163,164,165,166,167,168,169,170,171,172,173,127,175,176,177,178,179,180,181,182,183,184,185,186,187,188,189,190,191,192,193,194,195,196,197,198,199];False
7580;8773;16353;[60,141,11,3,26,43,18,30,25,9,4,1,12,32,14,15,124,46,174,95,61,41,22,23,24,69,5,27,16,56,63,31,29,33,17,8,36,28,38,39,40,49,42,7,44,45,19,47,48,21,92,51,53,13,54,55,6,57,58,59,2,0,62,96,64,10,66,117,68,20,70,71,72,65,74,75,67,77,76,79,80,81,82,83,52,85,86,87,88,89,73,91,35,93,94,37,84,97,98,99,100,101,102,103,104,105,106,107,108,109,110,111,112,113,114,115,116,34,118,119,120,121,122,123,90,125,126,78,128,129,130,131,132,133,134,135,136,137,138,139,140,50,142,143,144,145,146,147,148,149,150,151,152,153,154,155,156,157,158,159,160,161,162,163,164,165,166,167,168,169,170,171,172,173,127,175,176,177,178,179,180,181,182,183,184,185,186,187,188,189,190,191,192,193,194,195,196,197,198,199];False
7645;8768;16413;[73,141,11,3,26,43,18,30,25,9,4,1,12,32,14,15,124,46,174,19,61,41,22,23,24,69,5,27,95,56,63,31,29,33,17,8,36,28,38,39,40,49,42,7,44,45,60,47,48,21,92,51,53,13,54,55,6,57,58,59,2,0,62,96,64,10,66,117,68,20,70,71,72,65,74,75,67,77,76,79,80,81,82,83,52,85,86,87,88,89,16,91,35,93,94,37,84,97,98,99,100,101,102,103,104,105,106,107,108,109,110,111,112,113,114,115,116,34,118,119,120,121,122,123,90,125,126,78,128,129,130,131,132,133,134,135,136,137,138,139,140,50,142,143,144,145,146,147,148,149,150,151,152,153,154,155,156,157,158,159,160,161,162,163,164,165,166,167,168,169,170,171,172,173,127,175,176,177,178,179,180,181,182,183,184,185,186,187,188,189,190,191,192,193,194,195,196,197,198,199];False
7621;8769;16390;[100,141,11,3,26,43,18,30,25,9,4,1,12,32,14,15,124,46,174,19,61,41,22,23,24,69,5,27,95,56,63,31,29,33,17,8,36,28,38,39,40,49,42,7,44,45,60,47,48,21,92,51,53,13,54,55,6,57,58,59,2,0,62,96,64,10,66,117,68,20,70,71,72,65,74,75,67,77,76,79,80,81,82,83,52,85,86,87,88,89,73,91,35,93,94,37,84,97,98,99,16,101,102,103,104,105,106,107,108,109,110,111,112,113,114,115,116,34,118,119,120,121,122,123,90,125,126,78,128,129,130,131,132,133,134,135,136,137,138,139,140,50,142,143,144,145,146,147,148,149,150,151,152,153,154,155,156,157,158,159,160,161,162,163,164,165,166,167,168,169,170,171,172,173,127,175,176,177,178,179,180,181,182,183,184,185,186,187,188,189,190,191,192,193,194,195,196,197,198,199];False
7562;8774;16336;[102,141,11,3,26,43,18,30,25,9,4,1,12,32,14,15,124,46,174,19,61,41,22,23,24,69,5,27,95,56,63,31,29,33,17,8,36,28,38,39,40,49,42,7,44,45,60,47,48,21,92,51,53,13,54,55,6,57,58,59,2,0,62,96,64,10,66,117,68,20,70,71,72,65,74,75,67,77,76,79,80,81,82,83,52,85,86,87,88,89,73,91,35,93,94,37,84,97,98,99,100,101,16,103,104,105,106,107,108,109,110,111,112,113,114,115,116,34,118,119,120,121,122,123,90,125,126,78,128,129,130,131,132,133,134,135,136,137,138,139,140,50,142,143,144,145,146,147,148,149,150,151,152,153,154,155,156,157,158,159,160,161,162,163,164,165,166,167,168,169,170,171,172,173,127,175,176,177,178,179,180,181,182,183,184,185,186,187,188,189,190,191,192,193,194,195,196,197,198,199];False
7442;8808;16250;[14,141,11,3,26,43,18,30,25,9,4,1,12,32,28,15,124,46,174,19,61,41,22,23,24,69,5,27,16,56,63,31,29,33,17,8,36,95,38,39,40,49,42,7,44,45,60,47,48,21,92,51,53,13,54,55,6,57,58,59,2,0,62,96,64,10,66,117,68,20,70,71,72,65,74,75,67,77,76,79,80,81,82,83,52,85,86,87,88,89,73,91,35,93,94,37,84,97,98,99,100,101,102,103,104,105,106,107,108,109,110,111,112,113,114,115,116,34,118,119,120,121,122,123,90,125,126,78,128,129,130,131,132,133,134,135,136,137,138,139,140,50,142,143,144,145,146,147,148,149,150,151,152,153,154,155,156,157,158,159,160,161,162,163,164,165,166,167,168,169,170,171,172,173,127,175,176,177,178,179,180,181,182,183,184,185,186,187,188,189,190,191,192,193,194,195,196,197,198,199];False
7527;8782;16309;[19,141,11,3,26,43,18,30,25,9,4,1,12,32,14,15,124,46,174,28,61,41,22,23,24,69,5,27,16,56,63,31,29,33,17,8,36,95,38,39,40,49,42,7,44,45,60,47,48,21,92,51,53,13,54,55,6,57,58,59,2,0,62,96,64,10,66,117,68,20,70,71,72,65,74,75,67,77,76,79,80,81,82,83,52,85,86,87,88,89,73,91,35,93,94,37,84,97,98,99,100,101,102,103,104,105,106,107,108,109,110,111,112,113,114,115,116,34,118,119,120,121,122,123,90,125,126,78,128,129,130,131,132,133,134,135,136,137,138,139,140,50,142,143,144,145,146,147,148,149,150,151,152,153,154,155,156,157,158,159,160,161,162,163,164,165,166,167,168,169,170,171,172,173,127,175,176,177,178,179,180,181,182,183,184,185,186,187,188,189,190,191,192,193,194,195,196,197,198,199];False
7506;8789;16295;[16,141,11,3,26,43,18,30,25,9,4,1,12,32,14,15,124,46,174,19,61,41,22,23,24,69,5,27,28,56,63,31,29,33,17,8,36,95,38,39,40,49,42,7,44,45,60,47,48,21,92,51,53,13,54,55,6,57,58,59,2,0,62,96,64,10,66,117,68,20,70,71,72,65,74,75,67,77,76,79,80,81,82,83,52,85,86,87,88,89,73,91,35,93,94,37,84,97,98,99,100,101,102,103,104,105,106,107,108,109,110,111,112,113,114,115,116,34,118,119,120,121,122,123,90,125,126,78,128,129,130,131,132,133,134,135,136,137,138,139,140,50,142,143,144,145,146,147,148,149,150,151,152,153,154,155,156,157,158,159,160,161,162,163,164,165,166,167,168,169,170,171,172,173,127,175,176,177,178,179,180,181,182,183,184,185,186,187,188,189,190,191,192,193,194,195,196,197,198,199];False
7415;8826;16241;[47,141,11,3,26,43,18,30,25,9,4,1,12,32,14,15,124,46,174,19,61,41,22,23,24,69,5,27,16,56,63,31,29,33,17,8,36,95,38,39,40,49,42,7,44,45,60,28,48,21,92,51,53,13,54,55,6,57,58,59,2,0,62,96,64,10,66,117,68,20,70,71,72,65,74,75,67,77,76,79,80,81,82,83,52,85,86,87,88,89,73,91,35,93,94,37,84,97,98,99,100,101,102,103,104,105,106,107,108,109,110,111,112,113,114,115,116,34,118,119,120,121,122,123,90,125,126,78,128,129,130,131,132,133,134,135,136,137,138,139,140,50,142,143,144,145,146,147,148,149,150,151,152,153,154,155,156,157,158,159,160,161,162,163,164,165,166,167,168,169,170,171,172,173,127,175,176,177,178,179,180,181,182,183,184,185,186,187,188,189,190,191,192,193,194,195,196,197,198,199];False
7505;8795;16300;[72,141,11,3,26,43,18,30,25,9,4,1,12,32,14,15,124,46,174,19,61,41,22,23,24,69,5,27,16,56,63,31,29,33,17,8,36,95,38,39,40,49,42,7,44,45,60,47,48,21,92,51,53,13,54,55,6,57,58,59,2,0,62,96,64,10,66,117,68,20,70,71,28,65,74,75,67,77,76,79,80,81,82,83,52,85,86,87,88,89,73,91,35,93,94,37,84,97,98,99,100,101,102,103,104,105,106,107,108,109,110,111,112,113,114,115,116,34,118,119,120,121,122,123,90,125,126,78,128,129,130,131,132,133,134,135,136,137,138,139,140,50,142,143,144,145,146,147,148,149,150,151,152,153,154,155,156,157,158,159,160,161,162,163,164,165,166,167,168,169,170,171,172,173,127,175,176,177,178,179,180,181,182,183,184,185,186,187,188,189,190,191,192,193,194,195,196,197,198,199];False
7419;8806;16225;[77,141,11,3,26,43,18,30,25,9,4,1,12,32,14,15,124,46,174,19,61,41,22,23,24,69,5,27,16,56,63,31,29,33,17,8,36,95,38,39,40,49,42,7,44,45,60,47,48,21,92,51,53,13,54,55,6,57,58,59,2,0,62,96,64,10,66,117,68,20,70,71,72,65,74,75,67,28,76,79,80,81,82,83,52,85,86,87,88,89,73,91,35,93,94,37,84,97,98,99,100,101,102,103,104,105,106,107,108,109,110,111,112,113,114,115,116,34,118,119,120,121,122,123,90,125,126,78,128,129,130,131,132,133,134,135,136,137,138,139,140,50,142,143,144,145,146,147,148,149,150,151,152,153,154,155,156,157,158,159,160,161,162,163,164,165,166,167,168,169,170,171,172,173,127,175,176,177,178,179,180,181,182,183,184,185,186,187,188,189,190,191,192,193,194,195,196,197,198,199];False
7466;8796;16262;[79,141,11,3,26,43,18,30,25,9,4,1,12,32,14,15,124,46,174,19,61,41,22,23,24,69,5,27,16,56,63,31,29,33,17,8,36,95,38,39,40,49,42,7,44,45,60,47,48,21,92,51,53,13,54,55,6,57,58,59,2,0,62,96,64,10,66,117,68,20,70,71,72,65,74,75,67,77,76,28,80,81,82,83,52,85,86,87,88,89,73,91,35,93,94,37,84,97,98,99,100,101,102,103,104,105,106,107,108,109,110,111,112,113,114,115,116,34,118,119,120,121,122,123,90,125,126,78,128,129,130,131,132,133,134,135,136,137,138,139,140,50,142,143,144,145,146,147,148,149,150,151,152,153,154,155,156,157,158,159,160,161,162,163,164,165,166,167,168,169,170,171,172,173,127,175,176,177,178,179,180,181,182,183,184,185,186,187,188,189,190,191,192,193,194,195,196,197,198,199];False
7424;8800;16224;[81,141,11,3,26,43,18,30,25,9,4,1,12,32,14,15,124,46,174,19,61,41,22,23,24,69,5,27,16,56,63,31,29,33,17,8,36,95,38,39,40,49,42,7,44,45,60,47,48,21,92,51,53,13,54,55,6,57,58,59,2,0,62,96,64,10,66,117,68,20,70,71,72,65,74,75,67,77,76,79,80,28,82,83,52,85,86,87,88,89,73,91,35,93,94,37,84,97,98,99,100,101,102,103,104,105,106,107,108,109,110,111,112,113,114,115,116,34,118,119,120,121,122,123,90,125,126,78,128,129,130,131,132,133,134,135,136,137,138,139,140,50,142,143,144,145,146,147,148,149,150,151,152,153,154,155,156,157,158,159,160,161,162,163,164,165,166,167,168,169,170,171,172,173,127,175,176,177,178,179,180,181,182,183,184,185,186,187,188,189,190,191,192,193,194,195,196,197,198,199];False
7198;8939;16137;[40,141,11,47,26,43,18,30,25,9,4,1,12,32,3,15,124,8,16,14,61,41,22,23,24,69,5,27,109,56,63,31,29,33,17,35,36,95,38,85,77,49,42,7,44,45,60,39,48,21,92,51,53,13,54,55,6,57,58,59,2,0,62,46,64,10,66,117,68,20,70,71,72,65,74,75,67,28,76,79,80,81,82,83,84,37,86,87,88,89,73,91,78,93,94,114,96,97,98,99,100,101,102,52,104,105,106,107,108,19,110,111,112,113,103,115,116,34,118,119,120,121,122,123,90,125,126,127,128,129,130,131,132,133,134,135,136,137,138,139,140,50,142,143,144,145,146,147,148,149,150,151,152,153,154,155,156,157,158,159,160,161,162,163,164,165,166,167,168,169,170,171,172,173,174,175,176,177,178,179,180,181,182,183,184,185,186,187,188,189,190,191,192,193,194,195,196,197,198,199];False
7183;8944;16127;[59,141,11,47,26,43,18,30,25,9,4,1,12,32,3,15,124,8,16,14,61,41,22,23,24,69,5,27,109,56,63,31,29,33,17,35,36,95,38,85,40,49,42,7,44,45,60,39,48,21,92,51,53,13,54,55,6,57,58,77,2,0,62,46,64,10,66,117,68,20,70,71,72,65,74,75,67,28,76,79,80,81,82,83,84,37,86,87,88,89,73,91,78,93,94,114,96,97,98,99,100,101,102,52,104,105,106,107,108,19,110,111,112,113,103,115,116,34,118,119,120,121,122,123,90,125,126,127,128,129,130,131,132,133,134,135,136,137,138,139,140,50,142,143,144,145,146,147,148,149,150,151,152,153,154,155,156,157,158,159,160,161,162,163,164,165,166,167,168,169,170,171,172,173,174,175,176,177,178,179,180,181,182,183,184,185,186,187,188,189,190,191,192,193,194,195,196,197,198,199];False
7199;8907;16106;[62,141,11,47,26,43,18,30,25,9,4,1,12,32,3,15,124,8,16,14,61,41,22,23,24,69,5,27,109,56,63,31,29,33,17,35,36,95,38,85,40,49,42,7,44,45,60,39,48,21,92,51,53,13,54,55,6,57,58,59,2,0,77,46,64,10,66,117,68,20,70,71,72,65,74,75,67,28,76,79,80,81,82,83,84,37,86,87,88,89,73,91,78,93,94,114,96,97,98,99,100,101,102,52,104,105,106,107,108,19,110,111,112,113,103,115,116,34,118,119,120,121,122,123,90,125,126,127,128,129,130,131,132,133,134,135,136,137,138,139,140,50,142,143,144,145,146,147,148,149,150,151,152,153,154,155,156,157,158,159,160,161,162,163,164,165,166,167,168,169,170,171,172,173,174,175,176,177,178,179,180,181,182,183,184,185,186,187,188,189,190,191,192,193,194,195,196,197,198,199];False
7387;8855;16242;[23,141,64,47,26,43,18,30,25,9,4,1,12,32,3,15,124,8,16,14,61,41,22,11,24,69,5,27,28,56,63,31,29,33,17,35,36,95,38,85,40,49,42,7,44,45,60,39,48,21,92,51,53,13,54,55,6,57,58,59,2,0,62,46,109,10,66,117,68,20,70,71,72,65,74,75,67,77,76,79,80,81,82,83,84,37,86,87,88,89,73,91,78,93,94,114,96,97,98,99,100,101,102,52,104,105,106,107,108,19,110,111,112,113,103,115,116,34,118,119,120,121,122,123,90,125,126,127,128,129,130,131,132,133,134,135,136,137,138,139,140,50,142,143,144,145,146,147,148,149,150,151,152,153,154,155,156,157,158,159,160,161,162,163,164,165,166,167,168,169,170,171,172,173,174,175,176,177,178,179,180,181,182,183,184,185,186,187,188,189,190,191,192,193,194,195,196,197,198,199];False
7383;8849;16232;[66,141,64,47,26,43,18,30,25,9,4,1,12,32,3,15,124,8,16,14,61,41,22,23,24,69,5,27,28,56,63,31,29,33,17,35,36,95,38,85,40,49,42,7,44,45,60,39,48,21,92,51,53,13,54,55,6,57,58,59,2,0,62,46,109,10,11,117,68,20,70,71,72,65,74,75,67,77,76,79,80,81,82,83,84,37,86,87,88,89,73,91,78,93,94,114,96,97,98,99,100,101,102,52,104,105,106,107,108,19,110,111,112,113,103,115,116,34,118,119,120,121,122,123,90,125,126,127,128,129,130,131,132,133,134,135,136,137,138,139,140,50,142,143,144,145,146,147,148,149,150,151,152,153,154,155,156,157,158,159,160,161,162,163,164,165,166,167,168,169,170,171,172,173,174,175,176,177,178,179,180,181,182,183,184,185,186,187,188,189,190,191,192,193,194,195,196,197,198,199];False
7377;8844;16221;[77,141,64,47,26,43,18,30,25,9,4,1,12,32,3,15,124,8,16,14,61,41,22,23,24,69,5,27,28,56,63,31,29,33,17,35,36,95,38,85,40,49,42,7,44,45,60,39,48,21,92,51,53,13,54,55,6,57,58,59,2,0,62,46,109,10,66,117,68,20,70,71,72,65,74,75,67,11,76,79,80,81,82,83,84,37,86,87,88,89,73,91,78,93,94,114,96,97,98,99,100,101,102,52,104,105,106,107,108,19,110,111,112,113,103,115,116,34,118,119,120,121,122,123,90,125,126,127,128,129,130,131,132,133,134,135,136,137,138,139,140,50,142,143,144,145,146,147,148,149,150,151,152,153,154,155,156,157,158,159,160,161,162,163,164,165,166,167,168,169,170,171,172,173,174,175,176,177,178,179,180,181,182,183,184,185,186,187,188,189,190,191,192,193,194,195,196,197,198,199];False
7341;8857;16198;[11,141,42,47,26,43,18,30,25,9,4,1,12,32,3,15,124,8,16,14,61,41,22,23,24,69,5,27,28,56,63,31,29,33,17,35,36,95,38,85,40,49,64,7,44,45,60,39,48,21,92,51,53,13,54,55,6,57,58,59,2,0,62,46,109,10,66,117,68,20,70,71,72,65,74,75,67,77,76,79,80,81,82,83,84,37,86,87,88,89,73,91,78,93,94,114,96,97,98,99,100,101,102,52,104,105,106,107,108,19,110,111,112,113,103,115,116,34,118,119,120,121,122,123,90,125,126,127,128,129,130,131,132,133,134,135,136,137,138,139,140,50,142,143,144,145,146,147,148,149,150,151,152,153,154,155,156,157,158,159,160,161,162,163,164,165,166,167,168,169,170,171,172,173,174,175,176,177,178,179,180,181,182,183,184,185,186,187,188,189,190,191,192,193,194,195,196,197,198,199];False
7258;8892;16150;[25,141,11,47,26,43,18,30,42,9,4,1,12,32,3,15,124,8,16,14,61,41,22,23,24,69,5,27,28,56,63,31,29,33,17,35,36,95,38,85,40,49,64,7,44,45,60,39,48,21,92,51,53,13,54,55,6,57,58,59,2,0,62,46,109,10,66,117,68,20,70,71,72,65,74,75,67,77,76,79,80,81,82,83,84,37,86,87,88,89,73,91,78,93,94,114,96,97,98,99,100,101,102,52,104,105,106,107,108,19,110,111,112,113,103,115,116,34,118,119,120,121,122,123,90,125,126,127,128,129,130,131,132,133,134,135,136,137,138,139,140,50,142,143,144,145,146,147,148,149,150,151,152,153,154,155,156,157,158,159,160,161,162,163,164,165,166,167,168,169,170,171,172,173,174,175,176,177,178,179,180,181,182,183,184,185,186,187,188,189,190,191,192,193,194,195,196,197,198,199];False
7295;8874;16169;[23,141,11,47,26,43,18,30,25,9,4,1,12,32,3,15,124,8,16,14,61,41,22,42,24,69,5,27,28,56,63,31,29,33,17,35,36,95,38,85,40,49,64,7,44,45,60,39,48,21,92,51,53,13,54,55,6,57,58,59,2,0,62,46,109,10,66,117,68,20,70,71,72,65,74,75,67,77,76,79,80,81,82,83,84,37,86,87,88,89,73,91,78,93,94,114,96,97,98,99,100,101,102,52,104,105,106,107,108,19,110,111,112,113,103,115,116,34,118,119,120,121,122,123,90,125,126,127,128,129,130,131,132,133,134,135,136,137,138,139,140,50,142,143,144,145,146,147,148,149,150,151,152,153,154,155,156,157,158,159,160,161,162,163,164,165,166,167,168,169,170,171,172,173,174,175,176,177,178,179,180,181,182,183,184,185,186,187,188,189,190,191,192,193,194,195,196,197,198,199];False
7282;8890;16172;[28,141,11,47,26,43,18,30,25,9,4,1,12,32,3,15,124,8,16,14,61,41,22,23,24,69,5,27,42,56,63,31,29,33,17,35,36,95,38,85,40,49,64,7,44,45,60,39,48,21,92,51,53,13,54,55,6,57,58,59,2,0,62,46,109,10,66,117,68,20,70,71,72,65,74,75,67,77,76,79,80,81,82,83,84,37,86,87,88,89,73,91,78,93,94,114,96,97,98,99,100,101,102,52,104,105,106,107,108,19,110,111,112,113,103,115,116,34,118,119,120,121,122,123,90,125,126,127,128,129,130,131,132,133,134,135,136,137,138,139,140,50,142,143,144,145,146,147,148,149,150,151,152,153,154,155,156,157,158,159,160,161,162,163,164,165,166,167,168,169,170,171,172,173,174,175,176,177,178,179,180,181,182,183,184,185,186,187,188,189,190,191,192,193,194,195,196,197,198,199];False
7324;8862;16186;[39,141,11,47,26,43,18,30,25,9,4,1,12,32,3,15,124,8,16,14,61,41,22,23,24,69,5,27,28,56,63,31,29,33,17,35,36,95,38,85,40,49,64,7,44,45,60,42,48,21,92,51,53,13,54,55,6,57,58,59,2,0,62,46,109,10,66,117,68,20,70,71,72,65,74,75,67,77,76,79,80,81,82,83,84,37,86,87,88,89,73,91,78,93,94,114,96,97,98,99,100,101,102,52,104,105,106,107,108,19,110,111,112,113,103,115,116,34,118,119,120,121,122,123,90,125,126,127,128,129,130,131,132,133,134,135,136,137,138,139,140,50,142,143,144,145,146,147,148,149,150,151,152,153,154,155,156,157,158,159,160,161,162,163,164,165,166,167,168,169,170,171,172,173,174,175,176,177,178,179,180,181,182,183,184,185,186,187,188,189,190,191,192,193,194,195,196,197,198,199];False
7322;8864;16186;[6,141,11,47,26,43,18,30,25,9,4,1,12,32,3,15,124,8,16,14,61,41,22,23,24,69,5,27,28,56,63,31,29,33,17,35,36,95,38,85,40,49,64,7,44,45,60,39,48,21,92,51,53,13,54,55,42,57,58,59,2,0,62,46,109,10,66,117,68,20,70,71,72,65,74,75,67,77,76,79,80,81,82,83,84,37,86,87,88,89,73,91,78,93,94,114,96,97,98,99,100,101,102,52,104,105,106,107,108,19,110,111,112,113,103,115,116,34,118,119,120,121,122,123,90,125,126,127,128,129,130,131,132,133,134,135,136,137,138,139,140,50,142,143,144,145,146,147,148,149,150,151,152,153,154,155,156,157,158,159,160,161,162,163,164,165,166,167,168,169,170,171,172,173,174,175,176,177,178,179,180,181,182,183,184,185,186,187,188,189,190,191,192,193,194,195,196,197,198,199];False
7291;8864;16155;[59,141,11,47,26,43,18,30,25,9,4,1,12,32,3,15,124,8,16,14,61,41,22,23,24,69,5,27,28,56,63,31,29,33,17,35,36,95,38,85,40,49,64,7,44,45,60,39,48,21,92,51,53,13,54,55,6,57,58,42,2,0,62,46,109,10,66,117,68,20,70,71,72,65,74,75,67,77,76,79,80,81,82,83,84,37,86,87,88,89,73,91,78,93,94,114,96,97,98,99,100,101,102,52,104,105,106,107,108,19,110,111,112,113,103,115,116,34,118,119,120,121,122,123,90,125,126,127,128,129,130,131,132,133,134,135,136,137,138,139,140,50,142,143,144,145,146,147,148,149,150,151,152,153,154,155,156,157,158,159,160,161,162,163,164,165,166,167,168,169,170,171,172,173,174,175,176,177,178,179,180,181,182,183,184,185,186,187,188,189,190,191,192,193,194,195,196,197,198,199];False
7102;8965;16067;[114,52,11,3,26,43,18,30,25,94,75,1,12,32,14,15,124,9,16,19,61,41,22,23,24,69,5,27,28,56,63,31,29,33,17,35,36,37,60,39,40,49,42,7,44,45,86,47,48,21,50,51,53,13,54,55,6,57,58,59,2,0,77,46,64,10,66,117,68,20,70,71,72,65,74,84,67,81,80,79,38,73,82,83,76,85,8,87,88,89,4,91,78,93,62,95,96,97,98,99,100,101,102,103,104,105,106,107,108,109,110,111,112,113,92,115,116,34,118,119,120,121,122,123,90,125,126,127,128,129,130,131,132,133,134,135,136,137,138,139,140,141,142,143,144,145,146,147,148,149,150,151,152,153,154,155,156,157,158,159,160,161,162,163,164,165,166,167,168,169,170,171,172,173,174,175,176,177,178,179,180,181,182,183,184,185,186,187,188,189,190,191,192,193,194,195,196,197,198,199];False
7132;8943;16075;[122,52,11,3,26,43,18,30,25,94,75,1,12,32,14,15,124,9,16,19,61,41,22,23,24,69,5,27,28,56,63,31,29,33,17,35,36,37,60,39,40,49,42,7,44,45,86,47,48,21,50,51,53,13,54,55,6,57,58,59,2,0,77,46,64,10,66,117,68,20,70,71,72,65,74,84,67,81,80,79,38,73,82,83,76,85,8,87,88,89,4,91,78,93,62,95,96,97,98,99,100,101,102,103,104,105,106,107,108,109,110,111,112,113,114,115,116,34,118,119,120,121,92,123,90,125,126,127,128,129,130,131,132,133,134,135,136,137,138,139,140,141,142,143,144,145,146,147,148,149,150,151,152,153,154,155,156,157,158,159,160,161,162,163,164,165,166,167,168,169,170,171,172,173,174,175,176,177,178,179,180,181,182,183,184,185,186,187,188,189,190,191,192,193,194,195,196,197,198,199];False
7050;8971;16021;[52,96,11,3,26,43,18,30,25,94,75,1,12,32,14,15,124,9,16,19,61,41,22,23,24,69,5,27,28,56,63,31,29,33,17,35,36,37,60,39,40,49,42,7,44,45,86,47,48,21,50,51,53,13,54,55,6,57,58,59,2,0,77,46,64,10,66,117,68,20,70,71,72,65,74,84,67,81,80,79,38,73,82,83,76,85,92,87,88,89,4,91,78,93,62,95,8,97,98,99,100,101,102,103,104,105,106,107,108,109,110,111,112,113,114,115,116,34,118,119,120,121,122,123,90,125,126,127,128,129,130,131,132,133,134,135,136,137,138,139,140,141,142,143,144,145,146,147,148,149,150,151,152,153,154,155,156,157,158,159,160,161,162,163,164,165,166,167,168,169,170,171,172,173,174,175,176,177,178,179,180,181,182,183,184,185,186,187,188,189,190,191,192,193,194,195,196,197,198,199];False
7007;8989;15996;[43,52,11,3,26,96,18,30,25,94,75,1,12,32,14,15,124,9,16,19,61,41,22,23,24,69,5,27,28,56,63,31,29,33,17,35,36,37,60,39,40,49,42,7,44,45,86,47,48,21,50,51,53,13,54,55,6,57,58,59,2,0,77,46,64,10,66,117,68,20,70,71,72,65,74,84,67,81,80,79,38,73,82,83,76,85,92,87,88,89,4,91,78,93,62,95,8,97,98,99,100,101,102,103,104,105,106,107,108,109,110,111,112,113,114,115,116,34,118,119,120,121,122,123,90,125,126,127,128,129,130,131,132,133,134,135,136,137,138,139,140,141,142,143,144,145,146,147,148,149,150,151,152,153,154,155,156,157,158,159,160,161,162,163,164,165,166,167,168,169,170,171,172,173,174,175,176,177,178,179,180,181,182,183,184,185,186,187,188,189,190,191,192,193,194,195,196,197,198,199];False
7091;8959;16050;[8,52,11,3,26,43,18,30,25,94,75,1,12,32,14,15,124,17,16,19,61,41,22,23,24,69,5,27,28,56,63,31,29,33,72,35,36,37,60,39,40,49,42,7,44,45,86,47,48,21,50,51,53,13,54,55,6,57,58,59,2,0,77,46,64,10,66,117,68,20,70,71,9,65,74,84,67,81,80,79,38,73,82,83,76,85,92,87,88,89,4,91,78,93,62,95,96,97,98,99,100,101,102,103,104,105,106,107,108,109,110,111,112,113,114,115,116,34,118,119,120,121,122,123,90,125,126,127,128,129,130,131,132,133,134,135,136,137,138,139,140,141,142,143,144,145,146,147,148,149,150,151,152,153,154,155,156,157,158,159,160,161,162,163,164,165,166,167,168,169,170,171,172,173,174,175,176,177,178,179,180,181,182,183,184,185,186,187,188,189,190,191,192,193,194,195,196,197,198,199];False
7174;8940;16114;[28,52,11,3,26,43,18,30,25,94,75,1,12,32,14,15,124,8,16,19,61,41,22,23,24,69,5,27,17,56,63,31,29,33,72,35,36,37,60,39,40,49,42,7,44,45,86,47,48,21,50,51,53,13,54,55,6,57,58,59,2,0,77,46,64,10,66,117,68,20,70,71,9,65,74,84,67,81,80,79,38,73,82,83,76,85,92,87,88,89,4,91,78,93,62,95,96,97,98,99,100,101,102,103,104,105,106,107,108,109,110,111,112,113,114,115,116,34,118,119,120,121,122,123,90,125,126,127,128,129,130,131,132,133,134,135,136,137,138,139,140,141,142,143,144,145,146,147,148,149,150,151,152,153,154,155,156,157,158,159,160,161,162,163,164,165,166,167,168,169,170,171,172,173,174,175,176,177,178,179,180,181,182,183,184,185,186,187,188,189,190,191,192,193,194,195,196,197,198,199];False
7049;8964;16013;[6,52,11,3,26,43,18,30,25,94,75,1,12,32,14,15,124,8,16,19,61,41,22,23,24,69,5,27,28,56,63,31,29,33,72,35,36,37,60,39,40,49,42,7,44,45,86,47,48,21,50,51,53,13,54,55,17,57,58,59,2,0,77,46,64,10,66,117,68,20,70,71,9,65,74,84,67,81,80,79,38,73,82,83,76,85,92,87,88,89,4,91,78,93,62,95,96,97,98,99,100,101,102,103,104,105,106,107,108,109,110,111,112,113,114,115,116,34,118,119,120,121,122,123,90,125,126,127,128,129,130,131,132,133,134,135,136,137,138,139,140,141,142,143,144,145,146,147,148,149,150,151,152,153,154,155,156,157,158,159,160,161,162,163,164,165,166,167,168,169,170,171,172,173,174,175,176,177,178,179,180,181,182,183,184,185,186,187,188,189,190,191,192,193,194,195,196,197,198,199];False
6808;9098;15906;[33,52,11,3,26,43,18,30,25,9,4,1,12,32,14,15,124,94,93,19,61,41,22,23,24,69,5,27,16,56,63,31,29,155,17,35,36,37,60,39,40,49,42,7,44,45,86,47,48,28,109,51,53,13,54,55,6,57,58,59,2,0,62,46,64,10,66,117,68,20,70,71,72,65,74,75,67,77,80,79,38,81,82,83,76,85,92,87,88,89,73,91,78,8,84,95,96,97,98,99,100,101,102,103,104,105,106,107,108,151,110,111,112,113,114,115,116,34,118,119,120,121,122,123,90,125,126,127,128,129,130,131,132,133,134,135,136,137,138,139,140,141,142,143,144,145,146,147,148,149,150,21,152,153,154,50,156,157,158,159,160,161,162,163,164,165,166,167,168,169,170,171,172,173,174,175,176,177,178,179,180,181,182,183,184,185,186,187,188,189,190,191,192,193,194,195,196,197,198,199];False
6878;9082;15960;[109,52,11,3,26,43,18,30,25,9,4,1,12,32,14,15,124,94,93,19,61,41,22,23,24,69,5,27,16,56,63,31,29,33,17,35,36,37,60,39,40,49,42,7,44,45,86,47,48,28,155,51,53,13,54,55,6,57,58,59,2,0,62,46,64,10,66,117,68,20,70,71,72,65,74,75,67,77,80,79,38,81,82,83,76,85,92,87,88,89,73,91,78,8,84,95,96,97,98,99,100,101,102,103,104,105,106,107,108,151,110,111,112,113,114,115,116,34,118,119,120,121,122,123,90,125,126,127,128,129,130,131,132,133,134,135,136,137,138,139,140,141,142,143,144,145,146,147,148,149,150,21,152,153,154,50,156,157,158,159,160,161,162,163,164,165,166,167,168,169,170,171,172,173,174,175,176,177,178,179,180,181,182,183,184,185,186,187,188,189,190,191,192,193,194,195,196,197,198,199];False
6865;9082;15947;[6,52,11,3,26,43,18,30,25,9,4,1,12,32,14,15,124,94,93,19,61,41,22,23,24,69,5,27,16,56,63,31,29,33,17,35,36,37,60,39,40,49,42,7,44,45,86,47,48,28,109,51,53,13,54,55,155,57,58,59,2,0,62,46,64,10,66,117,68,20,70,71,72,65,74,75,67,77,80,79,38,81,82,83,76,85,92,87,88,89,73,91,78,8,84,95,96,97,98,99,100,101,102,103,104,105,106,107,108,151,110,111,112,113,114,115,116,34,118,119,120,121,122,123,90,125,126,127,128,129,130,131,132,133,134,135,136,137,138,139,140,141,142,143,144,145,146,147,148,149,150,21,152,153,154,50,156,157,158,159,160,161,162,163,164,165,166,167,168,169,170,171,172,173,174,175,176,177,178,179,180,181,182,183,184,185,186,187,188,189,190,191,192,193,194,195,196,197,198,199];False
7001;9034;16035;[6,52,11,3,26,43,18,30,25,9,4,1,12,32,14,15,124,94,93,19,61,41,22,23,24,69,5,27,16,56,63,31,29,33,17,35,36,37,60,39,40,49,42,7,44,45,86,47,48,28,50,51,53,13,54,55,157,57,58,59,2,0,62,46,64,10,66,117,68,20,70,71,72,65,74,75,67,77,80,79,38,81,82,83,76,85,92,87,88,89,73,91,109,8,84,95,96,97,98,99,100,101,102,103,104,105,106,107,108,151,110,111,112,113,114,115,116,34,118,119,120,121,122,123,90,125,126,127,128,129,130,131,132,133,134,135,136,137,138,139,140,141,142,143,144,145,146,147,148,149,150,21,152,153,154,155,156,78,158,159,160,161,162,163,164,165,166,167,168,169,170,171,172,173,174,175,176,177,178,179,180,181,182,183,184,185,186,187,188,189,190,191,192,193,194,195,196,197,198,199];False
6973;9034;16007;[72,52,11,3,26,43,18,30,25,9,4,1,12,32,14,15,124,94,93,19,61,41,22,23,24,69,5,27,16,56,63,31,29,33,17,35,36,37,60,39,40,49,42,7,44,45,86,47,48,28,50,51,53,13,54,55,6,57,58,59,2,0,62,46,64,10,66,117,68,20,70,71,157,65,74,75,67,77,80,79,38,81,82,83,76,85,92,87,88,89,73,91,109,8,84,95,96,97,98,99,100,101,102,103,104,105,106,107,108,151,110,111,112,113,114,115,116,34,118,119,120,121,122,123,90,125,126,127,128,129,130,131,132,133,134,135,136,137,138,139,140,141,142,143,144,145,146,147,148,149,150,21,152,153,154,155,156,78,158,159,160,161,162,163,164,165,166,167,168,169,170,171,172,173,174,175,176,177,178,179,180,181,182,183,184,185,186,187,188,189,190,191,192,193,194,195,196,197,198,199];False
6926;9054;15980;[65,52,11,3,26,43,18,30,25,9,4,1,12,32,14,15,124,94,93,19,61,41,22,23,24,69,5,27,16,56,63,31,29,33,17,35,36,37,60,39,40,49,42,7,44,45,86,47,48,28,50,51,53,13,54,55,6,57,58,59,2,0,62,46,64,10,66,117,68,20,70,71,72,157,74,75,67,77,80,79,38,81,82,83,76,85,92,87,88,89,73,91,109,8,84,95,96,97,98,99,100,101,102,103,104,105,106,107,108,151,110,111,112,113,114,115,116,34,118,119,120,121,122,123,90,125,126,127,128,129,130,131,132,133,134,135,136,137,138,139,140,141,142,143,144,145,146,147,148,149,150,21,152,153,154,155,156,78,158,159,160,161,162,163,164,165,166,167,168,169,170,171,172,173,174,175,176,177,178,179,180,181,182,183,184,185,186,187,188,189,190,191,192,193,194,195,196,197,198,199];False
6914;9024;15938;[46,52,11,3,26,43,18,30,25,9,4,1,12,32,14,15,124,94,93,19,61,41,22,23,24,69,5,27,16,56,63,31,29,33,17,35,36,37,60,39,40,49,42,7,44,45,86,47,48,28,50,51,53,13,54,55,6,57,58,59,2,0,62,185,64,10,66,117,68,20,70,71,72,65,74,75,67,77,80,79,38,81,82,83,76,85,92,87,88,89,73,91,109,8,84,95,96,97,98,99,100,101,102,103,104,105,106,107,108,151,110,111,112,113,114,115,116,34,118,119,120,121,122,123,90,125,126,127,128,129,130,131,132,133,134,135,136,137,138,139,140,141,142,143,144,145,146,147,148,149,150,21,152,153,154,155,156,157,158,159,160,161,162,163,164,165,166,167,168,169,170,171,172,173,174,175,176,177,178,179,180,181,182,183,184,78,186,187,188,189,190,191,192,193,194,195,196,197,198,199];False
6895;9037;15932;[38,52,11,3,26,43,18,30,25,9,4,1,12,32,14,15,124,94,93,19,61,41,22,23,24,69,5,27,16,56,63,31,29,33,17,35,36,37,60,39,40,49,42,7,44,45,86,47,48,28,50,51,53,13,54,55,6,57,58,59,2,0,62,46,64,10,66,117,68,20,70,71,72,65,74,75,67,77,80,79,185,81,82,83,76,85,92,87,88,89,73,91,109,8,84,95,96,97,98,99,100,101,102,103,104,105,106,107,108,151,110,111,112,113,114,115,116,34,118,119,120,121,122,123,90,125,126,127,128,129,130,131,132,133,134,135,136,137,138,139,140,141,142,143,144,145,146,147,148,149,150,21,152,153,154,155,156,157,158,159,160,161,162,163,164,165,166,167,168,169,170,171,172,173,174,175,176,177,178,179,180,181,182,183,184,78,186,187,188,189,190,191,192,193,194,195,196,197,198,199];False
8169;8729;16898;[4,141,11,3,26,43,12,30,25,9,28,1,75,32,14,15,124,46,109,19,61,41,22,23,24,69,5,27,73,56,63,31,29,33,17,8,36,37,38,39,40,18,42,7,44,45,60,47,48,21,92,51,53,13,54,55,6,57,58,59,2,0,62,96,64,10,66,117,68,20,70,71,72,65,74,82,67,77,76,79,80,81,35,83,52,85,86,87,88,89,16,91,78,93,94,95,84,97,98,99,100,101,102,103,104,105,106,107,108,49,110,111,112,113,114,115,116,34,118,119,120,121,122,123,90,125,126,127,128,129,130,131,132,133,134,135,136,137,138,139,140,50,142,143,144,145,146,147,148,149,150,151,152,153,154,155,156,157,158,159,160,161,162,163,164,165,166,167,168,169,170,171,172,173,174,175,176,177,178,179,180,181,182,183,184,185,186,187,188,189,190,191,192,193,194,195,196,197,198,199];False
8036;8752;16788;[14,141,11,3,26,43,12,30,25,9,4,1,75,32,28,15,124,46,109,19,61,41,22,23,24,69,5,27,73,56,63,31,29,33,17,8,36,37,38,39,40,18,42,7,44,45,60,47,48,21,92,51,53,13,54,55,6,57,58,59,2,0,62,96,64,10,66,117,68,20,70,71,72,65,74,82,67,77,76,79,80,81,35,83,52,85,86,87,88,89,16,91,78,93,94,95,84,97,98,99,100,101,102,103,104,105,106,107,108,49,110,111,112,113,114,115,116,34,118,119,120,121,122,123,90,125,126,127,128,129,130,131,132,133,134,135,136,137,138,139,140,50,142,143,144,145,146,147,148,149,150,151,152,153,154,155,156,157,158,159,160,161,162,163,164,165,166,167,168,169,170,171,172,173,174,175,176,177,178,179,180,181,182,183,184,185,186,187,188,189,190,191,192,193,194,195,196,197,198,199];False
8080;8740;16820;[19,141,11,3,26,43,12,30,25,9,4,1,75,32,14,15,124,46,109,28,61,41,22,23,24,69,5,27,73,56,63,31,29,33,17,8,36,37,38,39,40,18,42,7,44,45,60,47,48,21,92,51,53,13,54,55,6,57,58,59,2,0,62,96,64,10,66,117,68,20,70,71,72,65,74,82,67,77,76,79,80,81,35,83,52,85,86,87,88,89,16,91,78,93,94,95,84,97,98,99,100,101,102,103,104,105,106,107,108,49,110,111,112,113,114,115,116,34,118,119,120,121,122,123,90,125,126,127,128,129,130,131,132,133,134,135,136,137,138,139,140,50,142,143,144,145,146,147,148,149,150,151,152,153,154,155,156,157,158,159,160,161,162,163,164,165,166,167,168,169,170,171,172,173,174,175,176,177,178,179,180,181,182,183,184,185,186,187,188,189,190,191,192,193,194,195,196,197,198,199];False
8027;8728;16755;[37,141,11,3,26,43,12,30,25,9,4,1,75,32,14,15,124,46,109,19,61,41,22,23,24,69,5,27,73,56,63,31,29,33,17,8,36,28,38,39,40,18,42,7,44,45,60,47,48,21,92,51,53,13,54,55,6,57,58,59,2,0,62,96,64,10,66,117,68,20,70,71,72,65,74,82,67,77,76,79,80,81,35,83,52,85,86,87,88,89,16,91,78,93,94,95,84,97,98,99,100,101,102,103,104,105,106,107,108,49,110,111,112,113,114,115,116,34,118,119,120,121,122,123,90,125,126,127,128,129,130,131,132,133,134,135,136,137,138,139,140,50,142,143,144,145,146,147,148,149,150,151,152,153,154,155,156,157,158,159,160,161,162,163,164,165,166,167,168,169,170,171,172,173,174,175,176,177,178,179,180,181,182,183,184,185,186,187,188,189,190,191,192,193,194,195,196,197,198,199];False
7919;8752;16671;[23,141,11,3,26,43,127,30,25,9,4,1,75,32,14,15,124,46,16,19,61,41,22,12,24,69,5,27,28,56,63,31,29,33,17,8,36,37,38,39,40,18,42,7,44,45,60,47,48,21,92,51,53,13,54,55,6,57,58,59,2,0,62,96,64,10,66,117,68,20,70,71,72,65,74,82,67,77,76,79,80,81,35,83,52,85,86,87,88,89,73,91,109,93,94,95,84,97,98,99,100,101,102,103,104,105,106,107,108,49,110,111,112,113,114,115,116,34,118,119,120,121,122,123,90,125,126,78,128,129,130,131,132,133,134,135,136,137,138,139,140,50,142,143,144,145,146,147,148,149,150,151,152,153,154,155,156,157,158,159,160,161,162,163,164,165,166,167,168,169,170,171,172,173,174,175,176,177,178,179,180,181,182,183,184,185,186,187,188,189,190,191,192,193,194,195,196,197,198,199];False
7355;8851;16206;[9,141,11,3,26,43,18,30,25,80,4,1,12,32,14,15,124,46,174,19,61,41,22,23,24,69,5,27,16,56,63,31,29,33,17,8,36,28,38,85,40,49,42,7,44,45,60,47,48,21,92,51,53,13,54,55,6,57,58,59,2,0,62,96,64,10,66,117,68,20,70,71,72,65,74,75,67,77,76,79,39,81,82,83,52,37,86,87,88,89,73,91,35,93,94,95,84,97,98,99,100,101,102,103,104,105,106,107,108,109,110,111,112,113,114,115,116,34,118,119,120,121,122,123,90,125,126,78,128,129,130,131,132,133,134,135,136,137,138,139,140,50,142,143,144,145,146,147,148,149,150,151,152,153,154,155,156,157,158,159,160,161,162,163,164,165,166,167,168,169,170,171,172,173,127,175,176,177,178,179,180,181,182,183,184,185,186,187,188,189,190,191,192,193,194,195,196,197,198,199];False
7408;8825;16233;[4,141,11,3,26,43,18,30,25,9,80,1,12,32,14,15,124,46,174,19,61,41,22,23,24,69,5,27,16,56,63,31,29,33,17,8,36,28,38,85,40,49,42,7,44,45,60,47,48,21,92,51,53,13,54,55,6,57,58,59,2,0,62,96,64,10,66,117,68,20,70,71,72,65,74,75,67,77,76,79,39,81,82,83,52,37,86,87,88,89,73,91,35,93,94,95,84,97,98,99,100,101,102,103,104,105,106,107,108,109,110,111,112,113,114,115,116,34,118,119,120,121,122,123,90,125,126,78,128,129,130,131,132,133,134,135,136,137,138,139,140,50,142,143,144,145,146,147,148,149,150,151,152,153,154,155,156,157,158,159,160,161,162,163,164,165,166,167,168,169,170,171,172,173,127,175,176,177,178,179,180,181,182,183,184,185,186,187,188,189,190,191,192,193,194,195,196,197,198,199];False
7370;8821;16191;[60,141,11,3,26,43,18,30,25,9,4,1,12,32,14,15,124,46,174,19,61,41,22,23,24,69,5,27,16,56,63,31,29,33,17,8,36,28,38,85,40,49,42,7,44,45,80,47,48,21,92,51,53,13,54,55,6,57,58,59,2,0,62,96,64,10,66,117,68,20,70,71,72,65,74,75,67,77,76,79,39,81,82,83,52,37,86,87,88,89,73,91,35,93,94,95,84,97,98,99,100,101,102,103,104,105,106,107,108,109,110,111,112,113,114,115,116,34,118,119,120,121,122,123,90,125,126,78,128,129,130,131,132,133,134,135,136,137,138,139,140,50,142,143,144,145,146,147,148,149,150,151,152,153,154,155,156,157,158,159,160,161,162,163,164,165,166,167,168,169,170,171,172,173,127,175,176,177,178,179,180,181,182,183,184,185,186,187,188,189,190,191,192,193,194,195,196,197,198,199];False
7543;8772;16315;[49,141,11,3,26,43,18,30,25,9,4,1,12,32,14,15,124,46,174,95,61,41,22,23,24,69,5,27,16,56,63,31,29,33,17,8,36,28,38,39,40,60,42,7,44,45,19,47,48,21,92,51,53,13,54,55,6,57,58,59,2,0,62,96,64,10,66,117,68,20,70,71,72,65,74,75,67,77,76,79,80,81,82,83,52,85,86,87,88,89,73,91,35,93,94,37,84,97,98,99,100,101,102,103,104,105,106,107,108,109,110,111,112,113,114,115,116,34,118,119,120,121,122,123,90,125,126,78,128,129,130,131,132,133,134,135,136,137,138,139,140,50,142,143,144,145,146,147,148,149,150,151,152,153,154,155,156,157,158,159,160,161,162,163,164,165,166,167,168,169,170,171,172,173,127,175,176,177,178,179,180,181,182,183,184,185,186,187,188,189,190,191,192,193,194,195,196,197,198,199];False
7638;8767;16405;[46,141,11,3,26,43,18,30,25,9,4,1,12,32,14,15,124,73,174,19,61,41,22,23,24,69,5,27,95,56,63,31,29,33,17,8,36,28,38,39,40,49,42,7,44,45,60,47,48,21,92,51,53,13,54,55,6,57,58,59,2,0,62,96,64,10,66,117,68,20,70,71,72,65,74,75,67,77,76,79,80,81,82,83,52,85,86,87,88,89,16,91,35,93,94,37,84,97,98,99,100,101,102,103,104,105,106,107,108,109,110,111,112,113,114,115,116,34,118,119,120,121,122,123,90,125,126,78,128,129,130,131,132,133,134,135,136,137,138,139,140,50,142,143,144,145,146,147,148,149,150,151,152,153,154,155,156,157,158,159,160,161,162,163,164,165,166,167,168,169,170,171,172,173,127,175,176,177,178,179,180,181,182,183,184,185,186,187,188,189,190,191,192,193,194,195,196,197,198,199];False
7554;8770;16324;[60,141,11,3,26,43,18,30,25,9,4,1,12,32,14,15,124,46,174,19,61,41,22,23,24,69,5,27,95,56,63,31,29,33,17,8,36,28,38,39,40,49,42,7,44,45,100,47,48,21,92,51,53,13,54,55,6,57,58,59,2,0,62,96,64,10,66,117,68,20,70,71,72,65,74,75,67,77,76,79,80,81,82,83,52,85,86,87,88,89,73,91,35,93,94,37,84,97,98,99,16,101,102,103,104,105,106,107,108,109,110,111,112,113,114,115,116,34,118,119,120,121,122,123,90,125,126,78,128,129,130,131,132,133,134,135,136,137,138,139,140,50,142,143,144,145,146,147,148,149,150,151,152,153,154,155,156,157,158,159,160,161,162,163,164,165,166,167,168,169,170,171,172,173,127,175,176,177,178,179,180,181,182,183,184,185,186,187,188,189,190,191,192,193,194,195,196,197,198,199];False
7524;8780;16304;[60,141,11,3,26,43,18,30,25,9,4,1,12,32,14,15,124,46,174,28,61,41,22,23,24,69,5,27,16,56,63,31,29,33,17,8,36,95,38,39,40,49,42,7,44,45,19,47,48,21,92,51,53,13,54,55,6,57,58,59,2,0,62,96,64,10,66,117,68,20,70,71,72,65,74,75,67,77,76,79,80,81,82,83,52,85,86,87,88,89,73,91,35,93,94,37,84,97,98,99,100,101,102,103,104,105,106,107,108,109,110,111,112,113,114,115,116,34,118,119,120,121,122,123,90,125,126,78,128,129,130,131,132,133,134,135,136,137,138,139,140,50,142,143,144,145,146,147,148,149,150,151,152,153,154,155,156,157,158,159,160,161,162,163,164,165,166,167,168,169,170,171,172,173,127,175,176,177,178,179,180,181,182,183,184,185,186,187,188,189,190,191,192,193,194,195,196,197,198,199];False
7587;8767;16354;[73,141,11,3,26,43,18,30,25,9,4,1,12,32,14,15,124,46,174,19,61,41,22,23,24,69,5,27,28,56,63,31,29,33,17,8,36,95,38,39,40,49,42,7,44,45,60,47,48,21,92,51,53,13,54,55,6,57,58,59,2,0,62,96,64,10,66,117,68,20,70,71,72,65,74,75,67,77,76,79,80,81,82,83,52,85,86,87,88,89,16,91,35,93,94,37,84,97,98,99,100,101,102,103,104,105,106,107,108,109,110,111,112,113,114,115,116,34,118,119,120,121,122,123,90,125,126,78,128,129,130,131,132,133,134,135,136,137,138,139,140,50,142,143,144,145,146,147,148,149,150,151,152,153,154,155,156,157,158,159,160,161,162,163,164,165,166,167,168,169,170,171,172,173,127,175,176,177,178,179,180,181,182,183,184,185,186,187,188,189,190,191,192,193,194,195,196,197,198,199];False
7523;8782;16305;[99,141,11,3,26,43,18,30,25,9,4,1,12,32,14,15,124,46,174,19,61,41,22,23,24,69,5,27,28,56,63,31,29,33,17,8,36,95,38,39,40,49,42,7,44,45,60,47,48,21,92,51,53,13,54,55,6,57,58,59,2,0,62,96,64,10,66,117,68,20,70,71,72,65,74,75,67,77,76,79,80,81,82,83,52,85,86,87,88,89,73,91,35,93,94,37,84,97,98,16,100,101,102,103,104,105,106,107,108,109,110,111,112,113,114,115,116,34,118,119,120,121,122,123,90,125,126,78,128,129,130,131,132,133,134,135,136,137,138,139,140,50,142,143,144,145,146,147,148,149,150,151,152,153,154,155,156,157,158,159,160,161,162,163,164,165,166,167,168,169,170,171,172,173,127,175,176,177,178,179,180,181,182,183,184,185,186,187,188,189,190,191,192,193,194,195,196,197,198,199];False
7563;8768;16331;[100,141,11,3,26,43,18,30,25,9,4,1,12,32,14,15,124,46,174,19,61,41,22,23,24,69,5,27,28,56,63,31,29,33,17,8,36,95,38,39,40,49,42,7,44,45,60,47,48,21,92,51,53,13,54,55,6,57,58,59,2,0,62,96,64,10,66,117,68,20,70,71,72,65,74,75,67,77,76,79,80,81,82,83,52,85,86,87,88,89,73,91,35,93,94,37,84,97,98,99,16,101,102,103,104,105,106,107,108,109,110,111,112,113,114,115,116,34,118,119,120,121,122,123,90,125,126,78,128,129,130,131,132,133,134,135,136,137,138,139,140,50,142,143,144,145,146,147,148,149,150,151,152,153,154,155,156,157,158,159,160,161,162,163,164,165,166,167,168,169,170,171,172,173,127,175,176,177,178,179,180,181,182,183,184,185,186,187,188,189,190,191,192,193,194,195,196,197,198,199];False
7504;8773;16277;[102,141,11,3,26,43,18,30,25,9,4,1,12,32,14,15,124,46,174,19,61,41,22,23,24,69,5,27,28,56,63,31,29,33,17,8,36,95,38,39,40,49,42,7,44,45,60,47,48,21,92,51,53,13,54,55,6,57,58,59,2,0,62,96,64,10,66,117,68,20,70,71,72,65,74,75,67,77,76,79,80,81,82,83,52,85,86,87,88,89,73,91,35,93,94,37,84,97,98,99,100,101,16,103,104,105,106,107,108,109,110,111,112,113,114,115,116,34,118,119,120,121,122,123,90,125,126,78,128,129,130,131,132,133,134,135,136,137,138,139,140,50,142,143,144,145,146,147,148,149,150,151,152,153,154,155,156,157,158,159,160,161,162,163,164,165,166,167,168,169,170,171,172,173,127,175,176,177,178,179,180,181,182,183,184,185,186,187,188,189,190,191,192,193,194,195,196,197,198,199];False
7415;8799;16214;[60,141,11,3,26,43,18,30,25,9,4,1,12,32,14,15,124,46,174,19,61,41,22,23,24,69,5,27,16,56,63,31,29,33,17,8,36,95,38,39,40,49,42,7,44,45,77,47,48,21,92,51,53,13,54,55,6,57,58,59,2,0,62,96,64,10,66,117,68,20,70,71,72,65,74,75,67,28,76,79,80,81,82,83,52,85,86,87,88,89,73,91,35,93,94,37,84,97,98,99,100,101,102,103,104,105,106,107,108,109,110,111,112,113,114,115,116,34,118,119,120,121,122,123,90,125,126,78,128,129,130,131,132,133,134,135,136,137,138,139,140,50,142,143,144,145,146,147,148,149,150,151,152,153,154,155,156,157,158,159,160,161,162,163,164,165,166,167,168,169,170,171,172,173,127,175,176,177,178,179,180,181,182,183,184,185,186,187,188,189,190,191,192,193,194,195,196,197,198,199];False
7497;8785;16282;[10,141,11,3,26,43,18,30,25,9,4,1,12,32,14,15,124,46,174,19,61,41,22,23,24,69,5,27,16,56,63,31,29,33,17,8,36,95,38,39,40,49,42,7,44,45,60,47,48,21,92,51,53,13,54,55,6,57,58,59,2,0,62,96,64,79,66,117,68,20,70,71,72,65,74,75,67,77,76,28,80,81,82,83,52,85,86,87,88,89,73,91,35,93,94,37,84,97,98,99,100,101,102,103,104,105,106,107,108,109,110,111,112,113,114,115,116,34,118,119,120,121,122,123,90,125,126,78,128,129,130,131,132,133,134,135,136,137,138,139,140,50,142,143,144,145,146,147,148,149,150,151,152,153,154,155,156,157,158,159,160,161,162,163,164,165,166,167,168,169,170,171,172,173,127,175,176,177,178,179,180,181,182,183,184,185,186,187,188,189,190,191,192,193,194,195,196,197,198,199];False
7410;8812;16222;[76,141,11,3,26,43,18,30,25,9,4,1,12,32,14,15,124,46,174,19,61,41,22,23,24,69,5,27,16,56,63,31,29,33,17,8,36,95,38,39,40,49,42,7,44,45,60,47,48,21,92,51,53,13,54,55,6,57,58,59,2,0,62,96,64,10,66,117,68,20,70,71,72,65,74,75,67,77,79,28,80,81,82,83,52,85,86,87,88,89,73,91,35,93,94,37,84,97,98,99,100,101,102,103,104,105,106,107,108,109,110,111,112,113,114,115,116,34,118,119,120,121,122,123,90,125,126,78,128,129,130,131,132,133,134,135,136,137,138,139,140,50,142,143,144,145,146,147,148,149,150,151,152,153,154,155,156,157,158,159,160,161,162,163,164,165,166,167,168,169,170,171,172,173,127,175,176,177,178,179,180,181,182,183,184,185,186,187,188,189,190,191,192,193,194,195,196,197,198,199];False
7403;8819;16222;[85,141,11,3,26,43,18,30,25,9,4,1,12,32,14,15,124,46,174,19,61,41,22,23,24,69,5,27,16,56,63,31,29,33,17,8,36,95,38,39,40,49,42,7,44,45,60,47,48,21,92,51,53,13,54,55,6,57,58,59,2,0,62,96,64,10,66,117,68,20,70,71,72,65,74,75,67,77,76,28,80,81,82,83,52,79,86,87,88,89,73,91,35,93,94,37,84,97,98,99,100,101,102,103,104,105,106,107,108,109,110,111,112,113,114,115,116,34,118,119,120,121,122,123,90,125,126,78,128,129,130,131,132,133,134,135,136,137,138,139,140,50,142,143,144,145,146,147,148,149,150,151,152,153,154,155,156,157,158,159,160,161,162,163,164,165,166,167,168,169,170,171,172,173,127,175,176,177,178,179,180,181,182,183,184,185,186,187,188,189,190,191,192,193,194,195,196,197,198,199];False
7436;8792;16228;[99,141,11,3,26,43,18,30,25,9,4,1,12,32,14,15,124,46,174,19,61,41,22,23,24,69,5,27,16,56,63,31,29,33,17,8,36,95,38,39,40,49,42,7,44,45,60,47,48,21,92,51,53,13,54,55,6,57,58,59,2,0,62,96,64,10,66,117,68,20,70,71,72,65,74,75,67,77,76,28,80,81,82,83,52,85,86,87,88,89,73,91,35,93,94,37,84,97,98,79,100,101,102,103,104,105,106,107,108,109,110,111,112,113,114,115,116,34,118,119,120,121,122,123,90,125,126,78,128,129,130,131,132,133,134,135,136,137,138,139,140,50,142,143,144,145,146,147,148,149,150,151,152,153,154,155,156,157,158,159,160,161,162,163,164,165,166,167,168,169,170,171,172,173,127,175,176,177,178,179,180,181,182,183,184,185,186,187,188,189,190,191,192,193,194,195,196,197,198,199];False
7146;8916;16062;[84,141,11,47,26,43,18,30,25,9,4,1,12,32,3,15,124,8,16,14,61,41,22,23,24,69,5,27,109,56,63,31,29,33,17,35,36,95,38,85,77,49,42,7,44,45,60,39,48,21,92,51,53,13,54,55,6,57,58,59,2,0,62,46,64,10,66,117,68,20,70,71,72,65,74,75,67,28,76,79,80,81,82,83,40,37,86,87,88,89,73,91,78,93,94,114,96,97,98,99,100,101,102,52,104,105,106,107,108,19,110,111,112,113,103,115,116,34,118,119,120,121,122,123,90,125,126,127,128,129,130,131,132,133,134,135,136,137,138,139,140,50,142,143,144,145,146,147,148,149,150,151,152,153,154,155,156,157,158,159,160,161,162,163,164,165,166,167,168,169,170,171,172,173,174,175,176,177,178,179,180,181,182,183,184,185,186,187,188,189,190,191,192,193,194,195,196,197,198,199];False
7251;8901;16152;[11,141,62,47,26,43,18,30,25,9,4,1,12,32,3,15,124,8,16,14,61,41,22,23,24,69,5,27,109,56,63,31,29,33,17,35,36,95,38,85,40,49,42,7,44,45,60,39,48,21,92,51,53,13,54,55,6,57,58,59,2,0,77,46,64,10,66,117,68,20,70,71,72,65,74,75,67,28,76,79,80,81,82,83,84,37,86,87,88,89,73,91,78,93,94,114,96,97,98,99,100,101,102,52,104,105,106,107,108,19,110,111,112,113,103,115,116,34,118,119,120,121,122,123,90,125,126,127,128,129,130,131,132,133,134,135,136,137,138,139,140,50,142,143,144,145,146,147,148,149,150,151,152,153,154,155,156,157,158,159,160,161,162,163,164,165,166,167,168,169,170,171,172,173,174,175,176,177,178,179,180,181,182,183,184,185,186,187,188,189,190,191,192,193,194,195,196,197,198,199];False
7107;8949;16056;[8,141,11,47,26,43,18,30,25,9,4,1,12,32,3,15,124,62,16,14,61,41,22,23,24,69,5,27,109,56,63,31,29,33,17,35,36,95,38,85,40,49,42,7,44,45,60,39,48,21,92,51,53,13,54,55,6,57,58,59,2,0,77,46,64,10,66,117,68,20,70,71,72,65,74,75,67,28,76,79,80,81,82,83,84,37,86,87,88,89,73,91,78,93,94,114,96,97,98,99,100,101,102,52,104,105,106,107,108,19,110,111,112,113,103,115,116,34,118,119,120,121,122,123,90,125,126,127,128,129,130,131,132,133,134,135,136,137,138,139,140,50,142,143,144,145,146,147,148,149,150,151,152,153,154,155,156,157,158,159,160,161,162,163,164,165,166,167,168,169,170,171,172,173,174,175,176,177,178,179,180,181,182,183,184,185,186,187,188,189,190,191,192,193,194,195,196,197,198,199];False
7196;8908;16104;[23,141,11,47,26,43,18,30,25,9,4,1,12,32,3,15,124,8,16,14,61,41,22,62,24,69,5,27,109,56,63,31,29,33,17,35,36,95,38,85,40,49,42,7,44,45,60,39,48,21,92,51,53,13,54,55,6,57,58,59,2,0,77,46,64,10,66,117,68,20,70,71,72,65,74,75,67,28,76,79,80,81,82,83,84,37,86,87,88,89,73,91,78,93,94,114,96,97,98,99,100,101,102,52,104,105,106,107,108,19,110,111,112,113,103,115,116,34,118,119,120,121,122,123,90,125,126,127,128,129,130,131,132,133,134,135,136,137,138,139,140,50,142,143,144,145,146,147,148,149,150,151,152,153,154,155,156,157,158,159,160,161,162,163,164,165,166,167,168,169,170,171,172,173,174,175,176,177,178,179,180,181,182,183,184,185,186,187,188,189,190,191,192,193,194,195,196,197,198,199];False
7233;8893;16126;[49,141,11,47,26,43,18,30,25,9,4,1,12,32,3,15,124,8,16,14,61,41,22,23,24,69,5,27,109,56,63,31,29,33,17,35,36,95,38,85,40,62,42,7,44,45,60,39,48,21,92,51,53,13,54,55,6,57,58,59,2,0,77,46,64,10,66,117,68,20,70,71,72,65,74,75,67,28,76,79,80,81,82,83,84,37,86,87,88,89,73,91,78,93,94,114,96,97,98,99,100,101,102,52,104,105,106,107,108,19,110,111,112,113,103,115,116,34,118,119,120,121,122,123,90,125,126,127,128,129,130,131,132,133,134,135,136,137,138,139,140,50,142,143,144,145,146,147,148,149,150,151,152,153,154,155,156,157,158,159,160,161,162,163,164,165,166,167,168,169,170,171,172,173,174,175,176,177,178,179,180,181,182,183,184,185,186,187,188,189,190,191,192,193,194,195,196,197,198,199];False
7231;8896;16127;[42,141,11,47,26,43,18,30,25,9,4,1,12,32,3,15,124,8,16,14,61,41,22,23,24,69,5,27,109,56,63,31,29,33,17,35,36,95,38,85,40,49,62,7,44,45,60,39,48,21,92,51,53,13,54,55,6,57,58,59,2,0,77,46,64,10,66,117,68,20,70,71,72,65,74,75,67,28,76,79,80,81,82,83,84,37,86,87,88,89,73,91,78,93,94,114,96,97,98,99,100,101,102,52,104,105,106,107,108,19,110,111,112,113,103,115,116,34,118,119,120,121,122,123,90,125,126,127,128,129,130,131,132,133,134,135,136,137,138,139,140,50,142,143,144,145,146,147,148,149,150,151,152,153,154,155,156,157,158,159,160,161,162,163,164,165,166,167,168,169,170,171,172,173,174,175,176,177,178,179,180,181,182,183,184,185,186,187,188,189,190,191,192,193,194,195,196,197,198,199];False
7279;8889;16168;[58,141,11,47,26,43,18,30,25,9,4,1,12,32,3,15,124,8,16,14,61,41,22,23,24,69,5,27,109,56,63,31,29,33,17,35,36,95,38,85,40,49,42,7,44,45,60,39,48,21,92,51,53,13,54,55,6,57,62,59,2,0,77,46,64,10,66,117,68,20,70,71,72,65,74,75,67,28,76,79,80,81,82,83,84,37,86,87,88,89,73,91,78,93,94,114,96,97,98,99,100,101,102,52,104,105,106,107,108,19,110,111,112,113,103,115,116,34,118,119,120,121,122,123,90,125,126,127,128,129,130,131,132,133,134,135,136,137,138,139,140,50,142,143,144,145,146,147,148,149,150,151,152,153,154,155,156,157,158,159,160,161,162,163,164,165,166,167,168,169,170,171,172,173,174,175,176,177,178,179,180,181,182,183,184,185,186,187,188,189,190,191,192,193,194,195,196,197,198,199];False
7190;8907;16097;[59,141,11,47,26,43,18,30,25,9,4,1,12,32,3,15,124,8,16,14,61,41,22,23,24,69,5,27,109,56,63,31,29,33,17,35,36,95,38,85,40,49,42,7,44,45,60,39,48,21,92,51,53,13,54,55,6,57,58,62,2,0,77,46,64,10,66,117,68,20,70,71,72,65,74,75,67,28,76,79,80,81,82,83,84,37,86,87,88,89,73,91,78,93,94,114,96,97,98,99,100,101,102,52,104,105,106,107,108,19,110,111,112,113,103,115,116,34,118,119,120,121,122,123,90,125,126,127,128,129,130,131,132,133,134,135,136,137,138,139,140,50,142,143,144,145,146,147,148,149,150,151,152,153,154,155,156,157,158,159,160,161,162,163,164,165,166,167,168,169,170,171,172,173,174,175,176,177,178,179,180,181,182,183,184,185,186,187,188,189,190,191,192,193,194,195,196,197,198,199];False
7251;8868;16119;[141,11,42,47,26,43,18,30,25,9,4,1,12,32,3,15,124,8,16,14,61,41,22,23,24,69,5,27,28,56,63,31,29,33,17,35,36,95,38,85,40,49,64,7,44,45,60,39,48,21,92,51,53,13,54,55,6,57,58,59,2,0,62,46,109,10,66,117,68,20,70,71,72,65,74,75,67,77,76,79,80,81,82,83,84,37,86,87,88,89,73,91,78,93,94,114,96,97,98,99,100,101,102,52,104,105,106,107,108,19,110,111,112,113,103,115,116,34,118,119,120,121,122,123,90,125,126,127,128,129,130,131,132,133,134,135,136,137,138,139,140,50,142,143,144,145,146,147,148,149,150,151,152,153,154,155,156,157,158,159,160,161,162,163,164,165,166,167,168,169,170,171,172,173,174,175,176,177,178,179,180,181,182,183,184,185,186,187,188,189,190,191,192,193,194,195,196,197,198,199];False
7349;8853;16202;[23,141,42,47,26,43,18,30,25,9,4,1,12,32,3,15,124,8,16,14,61,41,22,11,24,69,5,27,28,56,63,31,29,33,17,35,36,95,38,85,40,49,64,7,44,45,60,39,48,21,92,51,53,13,54,55,6,57,58,59,2,0,62,46,109,10,66,117,68,20,70,71,72,65,74,75,67,77,76,79,80,81,82,83,84,37,86,87,88,89,73,91,78,93,94,114,96,97,98,99,100,101,102,52,104,105,106,107,108,19,110,111,112,113,103,115,116,34,118,119,120,121,122,123,90,125,126,127,128,129,130,131,132,133,134,135,136,137,138,139,140,50,142,143,144,145,146,147,148,149,150,151,152,153,154,155,156,157,158,159,160,161,162,163,164,165,166,167,168,169,170,171,172,173,174,175,176,177,178,179,180,181,182,183,184,185,186,187,188,189,190,191,192,193,194,195,196,197,198,199];False
7345;8847;16192;[66,141,42,47,26,43,18,30,25,9,4,1,12,32,3,15,124,8,16,14,61,41,22,23,24,69,5,27,28,56,63,31,29,33,17,35,36,95,38,85,40,49,64,7,44,45,60,39,48,21,92,51,53,13,54,55,6,57,58,59,2,0,62,46,109,10,11,117,68,20,70,71,72,65,74,75,67,77,76,79,80,81,82,83,84,37,86,87,88,89,73,91,78,93,94,114,96,97,98,99,100,101,102,52,104,105,106,107,108,19,110,111,112,113,103,115,116,34,118,119,120,121,122,123,90,125,126,127,128,129,130,131,132,133,134,135,136,137,138,139,140,50,142,143,144,145,146,147,148,149,150,151,152,153,154,155,156,157,158,159,160,161,162,163,164,165,166,167,168,169,170,171,172,173,174,175,176,177,178,179,180,181,182,183,184,185,186,187,188,189,190,191,192,193,194,195,196,197,198,199];False
7339;8842;16181;[77,141,42,47,26,43,18,30,25,9,4,1,12,32,3,15,124,8,16,14,61,41,22,23,24,69,5,27,28,56,63,31,29,33,17,35,36,95,38,85,40,49,64,7,44,45,60,39,48,21,92,51,53,13,54,55,6,57,58,59,2,0,62,46,109,10,66,117,68,20,70,71,72,65,74,75,67,11,76,79,80,81,82,83,84,37,86,87,88,89,73,91,78,93,94,114,96,97,98,99,100,101,102,52,104,105,106,107,108,19,110,111,112,113,103,115,116,34,118,119,120,121,122,123,90,125,126,127,128,129,130,131,132,133,134,135,136,137,138,139,140,50,142,143,144,145,146,147,148,149,150,151,152,153,154,155,156,157,158,159,160,161,162,163,164,165,166,167,168,169,170,171,172,173,174,175,176,177,178,179,180,181,182,183,184,185,186,187,188,189,190,191,192,193,194,195,196,197,198,199];False
7334;8852;16186;[23,141,11,47,26,43,18,30,25,9,4,1,12,32,3,15,124,8,16,14,61,41,22,39,24,69,5,27,28,56,63,31,29,33,17,35,36,95,38,85,40,49,64,7,44,45,60,42,48,21,92,51,53,13,54,55,6,57,58,59,2,0,62,46,109,10,66,117,68,20,70,71,72,65,74,75,67,77,76,79,80,81,82,83,84,37,86,87,88,89,73,91,78,93,94,114,96,97,98,99,100,101,102,52,104,105,106,107,108,19,110,111,112,113,103,115,116,34,118,119,120,121,122,123,90,125,126,127,128,129,130,131,132,133,134,135,136,137,138,139,140,50,142,143,144,145,146,147,148,149,150,151,152,153,154,155,156,157,158,159,160,161,162,163,164,165,166,167,168,169,170,171,172,173,174,175,176,177,178,179,180,181,182,183,184,185,186,187,188,189,190,191,192,193,194,195,196,197,198,199];False
7232;8893;16125;[109,141,11,47,26,43,18,30,25,9,4,1,12,32,3,15,124,8,16,14,61,41,22,23,24,69,5,27,28,56,63,31,29,33,17,35,36,95,38,85,40,49,64,7,44,45,60,42,48,21,92,51,53,13,54,55,6,57,58,59,2,0,62,46,39,10,66,117,68,20,70,71,72,65,74,75,67,77,76,79,80,81,82,83,84,37,86,87,88,89,73,91,78,93,94,114,96,97,98,99,100,101,102,52,104,105,106,107,108,19,110,111,112,113,103,115,116,34,118,119,120,121,122,123,90,125,126,127,128,129,130,131,132,133,134,135,136,137,138,139,140,50,142,143,144,145,146,147,148,149,150,151,152,153,154,155,156,157,158,159,160,161,162,163,164,165,166,167,168,169,170,171,172,173,174,175,176,177,178,179,180,181,182,183,184,185,186,187,188,189,190,191,192,193,194,195,196,197,198,199];False
7303;8850;16153;[80,141,11,47,26,43,18,30,25,9,4,1,12,32,3,15,124,8,16,14,61,41,22,23,24,69,5,27,28,56,63,31,29,33,17,35,36,95,38,85,40,49,64,7,44,45,60,42,48,21,92,51,53,13,54,55,6,57,58,59,2,0,62,46,109,10,66,117,68,20,70,71,72,65,74,75,67,77,76,79,39,81,82,83,84,37,86,87,88,89,73,91,78,93,94,114,96,97,98,99,100,101,102,52,104,105,106,107,108,19,110,111,112,113,103,115,116,34,118,119,120,121,122,123,90,125,126,127,128,129,130,131,132,133,134,135,136,137,138,139,140,50,142,143,144,145,146,147,148,149,150,151,152,153,154,155,156,157,158,159,160,161,162,163,164,165,166,167,168,169,170,171,172,173,174,175,176,177,178,179,180,181,182,183,184,185,186,187,188,189,190,191,192,193,194,195,196,197,198,199];False
7284;8864;16148;[80,141,11,47,26,43,18,30,25,9,4,1,12,32,3,15,124,8,16,14,61,41,22,23,24,69,5,27,28,56,63,31,29,33,17,35,36,95,38,85,40,49,64,7,44,45,60,39,48,21,92,51,53,13,54,55,6,57,58,42,2,0,62,46,109,10,66,117,68,20,70,71,72,65,74,75,67,77,76,79,59,81,82,83,84,37,86,87,88,89,73,91,78,93,94,114,96,97,98,99,100,101,102,52,104,105,106,107,108,19,110,111,112,113,103,115,116,34,118,119,120,121,122,123,90,125,126,127,128,129,130,131,132,133,134,135,136,137,138,139,140,50,142,143,144,145,146,147,148,149,150,151,152,153,154,155,156,157,158,159,160,161,162,163,164,165,166,167,168,169,170,171,172,173,174,175,176,177,178,179,180,181,182,183,184,185,186,187,188,189,190,191,192,193,194,195,196,197,198,199];False
7022;8971;15993;[8,52,11,3,26,43,18,30,25,94,75,1,12,32,14,15,124,9,16,19,61,41,22,23,24,69,5,27,28,56,63,31,29,33,17,35,36,37,60,39,40,49,42,7,44,45,86,47,48,21,50,51,53,13,54,55,6,57,58,59,2,0,77,46,64,10,66,117,68,20,70,71,72,65,74,84,67,81,80,79,38,73,82,83,76,85,122,87,88,89,4,91,78,93,62,95,96,97,98,99,100,101,102,103,104,105,106,107,108,109,110,111,112,113,114,115,116,34,118,119,120,121,92,123,90,125,126,127,128,129,130,131,132,133,134,135,136,137,138,139,140,141,142,143,144,145,146,147,148,149,150,151,152,153,154,155,156,157,158,159,160,161,162,163,164,165,166,167,168,169,170,171,172,173,174,175,176,177,178,179,180,181,182,183,184,185,186,187,188,189,190,191,192,193,194,195,196,197,198,199];False
7198;8904;16102;[78,52,11,3,26,43,18,30,25,94,75,1,12,32,14,15,124,9,16,19,61,41,22,23,24,69,5,27,28,56,63,31,29,33,17,35,36,37,60,39,40,49,42,7,44,45,86,47,48,21,50,51,53,13,54,55,6,57,58,59,2,0,77,46,64,10,66,117,68,20,70,71,72,65,74,84,67,81,80,79,38,73,82,83,76,85,8,87,88,89,4,91,122,93,62,95,96,97,98,99,100,101,102,103,104,105,106,107,108,109,110,111,112,113,114,115,116,34,118,119,120,121,92,123,90,125,126,127,128,129,130,131,132,133,134,135,136,137,138,139,140,141,142,143,144,145,146,147,148,149,150,151,152,153,154,155,156,157,158,159,160,161,162,163,164,165,166,167,168,169,170,171,172,173,174,175,176,177,178,179,180,181,182,183,184,185,186,187,188,189,190,191,192,193,194,195,196,197,198,199];False
7182;8913;16095;[93,52,11,3,26,43,18,30,25,94,75,1,12,32,14,15,124,9,16,19,61,41,22,23,24,69,5,27,28,56,63,31,29,33,17,35,36,37,60,39,40,49,42,7,44,45,86,47,48,21,50,51,53,13,54,55,6,57,58,59,2,0,77,46,64,10,66,117,68,20,70,71,72,65,74,84,67,81,80,79,38,73,82,83,76,85,8,87,88,89,4,91,78,122,62,95,96,97,98,99,100,101,102,103,104,105,106,107,108,109,110,111,112,113,114,115,116,34,118,119,120,121,92,123,90,125,126,127,128,129,130,131,132,133,134,135,136,137,138,139,140,141,142,143,144,145,146,147,148,149,150,151,152,153,154,155,156,157,158,159,160,161,162,163,164,165,166,167,168,169,170,171,172,173,174,175,176,177,178,179,180,181,182,183,184,185,186,187,188,189,190,191,192,193,194,195,196,197,198,199];False
7104;8943;16047;[96,52,11,3,26,43,18,30,25,94,75,1,12,32,14,15,124,9,16,19,61,41,22,23,24,69,5,27,28,56,63,31,29,33,17,35,36,37,60,39,40,49,42,7,44,45,86,47,48,21,50,51,53,13,54,55,6,57,58,59,2,0,77,46,64,10,66,117,68,20,70,71,72,65,74,84,67,81,80,79,38,73,82,83,76,85,8,87,88,89,4,91,78,93,62,95,122,97,98,99,100,101,102,103,104,105,106,107,108,109,110,111,112,113,114,115,116,34,118,119,120,121,92,123,90,125,126,127,128,129,130,131,132,133,134,135,136,137,138,139,140,141,142,143,144,145,146,147,148,149,150,151,152,153,154,155,156,157,158,159,160,161,162,163,164,165,166,167,168,169,170,171,172,173,174,175,176,177,178,179,180,181,182,183,184,185,186,187,188,189,190,191,192,193,194,195,196,197,198,199];False
7023;8970;15993;[6,52,11,3,26,96,18,30,25,94,75,1,12,32,14,15,124,9,16,19,61,41,22,23,24,69,5,27,28,56,63,31,29,33,17,35,36,37,60,39,40,49,42,7,44,45,86,47,48,21,50,51,53,13,54,55,43,57,58,59,2,0,77,46,64,10,66,117,68,20,70,71,72,65,74,84,67,81,80,79,38,73,82,83,76,85,92,87,88,89,4,91,78,93,62,95,8,97,98,99,100,101,102,103,104,105,106,107,108,109,110,111,112,113,114,115,116,34,118,119,120,121,122,123,90,125,126,127,128,129,130,131,132,133,134,135,136,137,138,139,140,141,142,143,144,145,146,147,148,149,150,151,152,153,154,155,156,157,158,159,160,161,162,163,164,165,166,167,168,169,170,171,172,173,174,175,176,177,178,179,180,181,182,183,184,185,186,187,188,189,190,191,192,193,194,195,196,197,198,199];False
7002;9019;16021;[104,52,11,3,26,96,18,30,25,94,75,1,12,32,14,15,124,9,16,19,61,41,22,23,24,69,5,27,28,56,63,31,29,33,17,35,36,37,60,39,40,49,42,7,44,45,86,47,48,21,50,51,53,13,54,55,6,57,58,59,2,0,77,46,64,10,66,117,68,20,70,71,72,65,74,84,67,81,80,79,38,73,82,83,76,85,92,87,88,89,4,91,78,93,62,95,8,97,98,99,100,101,102,103,43,105,106,107,108,109,110,111,112,113,114,115,116,34,118,119,120,121,122,123,90,125,126,127,128,129,130,131,132,133,134,135,136,137,138,139,140,141,142,143,144,145,146,147,148,149,150,151,152,153,154,155,156,157,158,159,160,161,162,163,164,165,166,167,168,169,170,171,172,173,174,175,176,177,178,179,180,181,182,183,184,185,186,187,188,189,190,191,192,193,194,195,196,197,198,199];False
6997;8985;15982;[106,52,11,3,26,96,18,30,25,94,75,1,12,32,14,15,124,9,16,19,61,41,22,23,24,69,5,27,28,56,63,31,29,33,17,35,36,37,60,39,40,49,42,7,44,45,86,47,48,21,50,51,53,13,54,55,6,57,58,59,2,0,77,46,64,10,66,117,68,20,70,71,72,65,74,84,67,81,80,79,38,73,82,83,76,85,92,87,88,89,4,91,78,93,62,95,8,97,98,99,100,101,102,103,104,105,43,107,108,109,110,111,112,113,114,115,116,34,118,119,120,121,122,123,90,125,126,127,128,129,130,131,132,133,134,135,136,137,138,139,140,141,142,143,144,145,146,147,148,149,150,151,152,153,154,155,156,157,158,159,160,161,162,163,164,165,166,167,168,169,170,171,172,173,174,175,176,177,178,179,180,181,182,183,184,185,186,187,188,189,190,191,192,193,194,195,196,197,198,199];False
7180;8915;16095;[92,52,11,3,26,43,18,30,25,94,75,1,12,32,14,15,124,17,16,19,61,41,22,23,24,69,5,27,28,56,63,31,29,33,72,35,36,37,60,39,40,49,42,7,44,45,86,47,48,21,50,51,53,13,54,55,6,57,58,59,2,0,77,46,64,10,66,117,68,20,70,71,9,65,74,84,67,81,80,79,38,73,82,83,76,85,8,87,88,89,4,91,78,93,62,95,96,97,98,99,100,101,102,103,104,105,106,107,108,109,110,111,112,113,114,115,116,34,118,119,120,121,122,123,90,125,126,127,128,129,130,131,132,133,134,135,136,137,138,139,140,141,142,143,144,145,146,147,148,149,150,151,152,153,154,155,156,157,158,159,160,161,162,163,164,165,166,167,168,169,170,171,172,173,174,175,176,177,178,179,180,181,182,183,184,185,186,187,188,189,190,191,192,193,194,195,196,197,198,199];False
7053;8953;16006;[96,52,11,3,26,43,18,30,25,94,75,1,12,32,14,15,124,17,16,19,61,41,22,23,24,69,5,27,28,56,63,31,29,33,72,35,36,37,60,39,40,49,42,7,44,45,86,47,48,21,50,51,53,13,54,55,6,57,58,59,2,0,77,46,64,10,66,117,68,20,70,71,9,65,74,84,67,81,80,79,38,73,82,83,76,85,92,87,88,89,4,91,78,93,62,95,8,97,98,99,100,101,102,103,104,105,106,107,108,109,110,111,112,113,114,115,116,34,118,119,120,121,122,123,90,125,126,127,128,129,130,131,132,133,134,135,136,137,138,139,140,141,142,143,144,145,146,147,148,149,150,151,152,153,154,155,156,157,158,159,160,161,162,163,164,165,166,167,168,169,170,171,172,173,174,175,176,177,178,179,180,181,182,183,184,185,186,187,188,189,190,191,192,193,194,195,196,197,198,199];False
7039;8961;16000;[100,52,11,3,26,43,18,30,25,94,75,1,12,32,14,15,124,8,16,19,61,41,22,23,24,69,5,27,28,56,63,31,29,33,72,35,36,37,60,39,40,49,42,7,44,45,86,47,48,21,50,51,53,13,54,55,17,57,58,59,2,0,77,46,64,10,66,117,68,20,70,71,9,65,74,84,67,81,80,79,38,73,82,83,76,85,92,87,88,89,4,91,78,93,62,95,96,97,98,99,6,101,102,103,104,105,106,107,108,109,110,111,112,113,114,115,116,34,118,119,120,121,122,123,90,125,126,127,128,129,130,131,132,133,134,135,136,137,138,139,140,141,142,143,144,145,146,147,148,149,150,151,152,153,154,155,156,157,158,159,160,161,162,163,164,165,166,167,168,169,170,171,172,173,174,175,176,177,178,179,180,181,182,183,184,185,186,187,188,189,190,191,192,193,194,195,196,197,198,199];False
6804;9080;15884;[4,52,11,3,26,43,18,30,25,9,33,1,12,32,14,15,124,94,93,19,61,41,22,23,24,69,5,27,16,56,63,31,29,155,17,35,36,37,60,39,40,49,42,7,44,45,86,47,48,28,109,51,53,13,54,55,6,57,58,59,2,0,62,46,64,10,66,117,68,20,70,71,72,65,74,75,67,77,80,79,38,81,82,83,76,85,92,87,88,89,73,91,78,8,84,95,96,97,98,99,100,101,102,103,104,105,106,107,108,151,110,111,112,113,114,115,116,34,118,119,120,121,122,123,90,125,126,127,128,129,130,131,132,133,134,135,136,137,138,139,140,141,142,143,144,145,146,147,148,149,150,21,152,153,154,50,156,157,158,159,160,161,162,163,164,165,166,167,168,169,170,171,172,173,174,175,176,177,178,179,180,181,182,183,184,185,186,187,188,189,190,191,192,193,194,195,196,197,198,199];False
6981;9022;16003;[11,52,46,3,26,43,18,30,25,9,4,1,12,32,14,15,124,94,93,19,61,41,22,23,24,69,5,27,16,56,63,31,29,33,17,35,36,37,60,39,40,49,42,7,44,45,86,47,48,28,50,51,53,13,54,55,6,57,58,59,2,0,62,185,64,10,66,117,68,20,70,71,72,65,74,75,67,77,80,79,38,81,82,83,76,85,92,87,88,89,73,91,109,8,84,95,96,97,98,99,100,101,102,103,104,105,106,107,108,151,110,111,112,113,114,115,116,34,118,119,120,121,122,123,90,125,126,127,128,129,130,131,132,133,134,135,136,137,138,139,140,141,142,143,144,145,146,147,148,149,150,21,152,153,154,155,156,157,158,159,160,161,162,163,164,165,166,167,168,169,170,171,172,173,174,175,176,177,178,179,180,181,182,183,184,78,186,187,188,189,190,191,192,193,194,195,196,197,198,199];False
6890;9048;15938;[9,52,11,3,26,43,18,30,25,46,4,1,12,32,14,15,124,94,93,19,61,41,22,23,24,69,5,27,16,56,63,31,29,33,17,35,36,37,60,39,40,49,42,7,44,45,86,47,48,28,50,51,53,13,54,55,6,57,58,59,2,0,62,185,64,10,66,117,68,20,70,71,72,65,74,75,67,77,80,79,38,81,82,83,76,85,92,87,88,89,73,91,109,8,84,95,96,97,98,99,100,101,102,103,104,105,106,107,108,151,110,111,112,113,114,115,116,34,118,119,120,121,122,123,90,125,126,127,128,129,130,131,132,133,134,135,136,137,138,139,140,141,142,143,144,145,146,147,148,149,150,21,152,153,154,155,156,157,158,159,160,161,162,163,164,165,166,167,168,169,170,171,172,173,174,175,176,177,178,179,180,181,182,183,184,78,186,187,188,189,190,191,192,193,194,195,196,197,198,199];False
6957;9013;15970;[1,52,11,3,26,43,18,30,25,9,4,46,12,32,14,15,124,94,93,19,61,41,22,23,24,69,5,27,16,56,63,31,29,33,17,35,36,37,60,39,40,49,42,7,44,45,86,47,48,28,50,51,53,13,54,55,6,57,58,59,2,0,62,185,64,10,66,117,68,20,70,71,72,65,74,75,67,77,80,79,38,81,82,83,76,85,92,87,88,89,73,91,109,8,84,95,96,97,98,99,100,101,102,103,104,105,106,107,108,151,110,111,112,113,114,115,116,34,118,119,120,121,122,123,90,125,126,127,128,129,130,131,132,133,134,135,136,137,138,139,140,141,142,143,144,145,146,147,148,149,150,21,152,153,154,155,156,157,158,159,160,161,162,163,164,165,166,167,168,169,170,171,172,173,174,175,176,177,178,179,180,181,182,183,184,78,186,187,188,189,190,191,192,193,194,195,196,197,198,199];False
6934;9010;15944;[94,52,11,3,26,43,18,30,25,9,4,1,12,32,14,15,124,46,93,19,61,41,22,23,24,69,5,27,16,56,63,31,29,33,17,35,36,37,60,39,40,49,42,7,44,45,86,47,48,28,50,51,53,13,54,55,6,57,58,59,2,0,62,185,64,10,66,117,68,20,70,71,72,65,74,75,67,77,80,79,38,81,82,83,76,85,92,87,88,89,73,91,109,8,84,95,96,97,98,99,100,101,102,103,104,105,106,107,108,151,110,111,112,113,114,115,116,34,118,119,120,121,122,123,90,125,126,127,128,129,130,131,132,133,134,135,136,137,138,139,140,141,142,143,144,145,146,147,148,149,150,21,152,153,154,155,156,157,158,159,160,161,162,163,164,165,166,167,168,169,170,171,172,173,174,175,176,177,178,179,180,181,182,183,184,78,186,187,188,189,190,191,192,193,194,195,196,197,198,199];False
6881;9038;15919;[61,52,11,3,26,43,18,30,25,9,4,1,12,32,14,15,124,94,93,19,46,41,22,23,24,69,5,27,16,56,63,31,29,33,17,35,36,37,60,39,40,49,42,7,44,45,86,47,48,28,50,51,53,13,54,55,6,57,58,59,2,0,62,185,64,10,66,117,68,20,70,71,72,65,74,75,67,77,80,79,38,81,82,83,76,85,92,87,88,89,73,91,109,8,84,95,96,97,98,99,100,101,102,103,104,105,106,107,108,151,110,111,112,113,114,115,116,34,118,119,120,121,122,123,90,125,126,127,128,129,130,131,132,133,134,135,136,137,138,139,140,141,142,143,144,145,146,147,148,149,150,21,152,153,154,155,156,157,158,159,160,161,162,163,164,165,166,167,168,169,170,171,172,173,174,175,176,177,178,179,180,181,182,183,184,78,186,187,188,189,190,191,192,193,194,195,196,197,198,199];False
6930;9021;15951;[22,52,11,3,26,43,18,30,25,9,4,1,12,32,14,15,124,94,93,19,61,41,46,23,24,69,5,27,16,56,63,31,29,33,17,35,36,37,60,39,40,49,42,7,44,45,86,47,48,28,50,51,53,13,54,55,6,57,58,59,2,0,62,185,64,10,66,117,68,20,70,71,72,65,74,75,67,77,80,79,38,81,82,83,76,85,92,87,88,89,73,91,109,8,84,95,96,97,98,99,100,101,102,103,104,105,106,107,108,151,110,111,112,113,114,115,116,34,118,119,120,121,122,123,90,125,126,127,128,129,130,131,132,133,134,135,136,137,138,139,140,141,142,143,144,145,146,147,148,149,150,21,152,153,154,155,156,157,158,159,160,161,162,163,164,165,166,167,168,169,170,171,172,173,174,175,176,177,178,179,180,181,182,183,184,78,186,187,188,189,190,191,192,193,194,195,196,197,198,199];False
6961;9005;15966;[23,52,11,3,26,43,18,30,25,9,4,1,12,32,14,15,124,94,93,19,61,41,22,46,24,69,5,27,16,56,63,31,29,33,17,35,36,37,60,39,40,49,42,7,44,45,86,47,48,28,50,51,53,13,54,55,6,57,58,59,2,0,62,185,64,10,66,117,68,20,70,71,72,65,74,75,67,77,80,79,38,81,82,83,76,85,92,87,88,89,73,91,109,8,84,95,96,97,98,99,100,101,102,103,104,105,106,107,108,151,110,111,112,113,114,115,116,34,118,119,120,121,122,123,90,125,126,127,128,129,130,131,132,133,134,135,136,137,138,139,140,141,142,143,144,145,146,147,148,149,150,21,152,153,154,155,156,157,158,159,160,161,162,163,164,165,166,167,168,169,170,171,172,173,174,175,176,177,178,179,180,181,182,183,184,78,186,187,188,189,190,191,192,193,194,195,196,197,198,199];False
6848;9018;15866;[33,52,11,3,26,43,18,30,25,9,4,1,12,32,14,15,124,94,93,19,61,41,22,23,24,69,5,27,16,56,63,31,29,46,17,35,36,37,60,39,40,49,42,7,44,45,86,47,48,28,50,51,53,13,54,55,6,57,58,59,2,0,62,185,64,10,66,117,68,20,70,71,72,65,74,75,67,77,80,79,38,81,82,83,76,85,92,87,88,89,73,91,109,8,84,95,96,97,98,99,100,101,102,103,104,105,106,107,108,151,110,111,112,113,114,115,116,34,118,119,120,121,122,123,90,125,126,127,128,129,130,131,132,133,134,135,136,137,138,139,140,141,142,143,144,145,146,147,148,149,150,21,152,153,154,155,156,157,158,159,160,161,162,163,164,165,166,167,168,169,170,171,172,173,174,175,176,177,178,179,180,181,182,183,184,78,186,187,188,189,190,191,192,193,194,195,196,197,198,199];False
8136;8725;16861;[4,141,11,3,26,43,12,30,25,9,37,1,75,32,14,15,124,46,109,19,61,41,22,23,24,69,5,27,73,56,63,31,29,33,17,8,36,28,38,39,40,18,42,7,44,45,60,47,48,21,92,51,53,13,54,55,6,57,58,59,2,0,62,96,64,10,66,117,68,20,70,71,72,65,74,82,67,77,76,79,80,81,35,83,52,85,86,87,88,89,16,91,78,93,94,95,84,97,98,99,100,101,102,103,104,105,106,107,108,49,110,111,112,113,114,115,116,34,118,119,120,121,122,123,90,125,126,127,128,129,130,131,132,133,134,135,136,137,138,139,140,50,142,143,144,145,146,147,148,149,150,151,152,153,154,155,156,157,158,159,160,161,162,163,164,165,166,167,168,169,170,171,172,173,174,175,176,177,178,179,180,181,182,183,184,185,186,187,188,189,190,191,192,193,194,195,196,197,198,199];False
8095;8725;16820;[19,141,11,3,26,43,12,30,25,9,4,1,75,32,14,15,124,46,109,37,61,41,22,23,24,69,5,27,73,56,63,31,29,33,17,8,36,28,38,39,40,18,42,7,44,45,60,47,48,21,92,51,53,13,54,55,6,57,58,59,2,0,62,96,64,10,66,117,68,20,70,71,72,65,74,82,67,77,76,79,80,81,35,83,52,85,86,87,88,89,16,91,78,93,94,95,84,97,98,99,100,101,102,103,104,105,106,107,108,49,110,111,112,113,114,115,116,34,118,119,120,121,122,123,90,125,126,127,128,129,130,131,132,133,134,135,136,137,138,139,140,50,142,143,144,145,146,147,148,149,150,151,152,153,154,155,156,157,158,159,160,161,162,163,164,165,166,167,168,169,170,171,172,173,174,175,176,177,178,179,180,181,182,183,184,185,186,187,188,189,190,191,192,193,194,195,196,197,198,199];False
8196;8722;16918;[10,141,11,3,26,43,12,30,25,9,4,1,75,32,14,15,124,46,109,19,61,41,22,23,24,69,5,27,73,56,63,31,29,33,17,8,36,28,38,39,40,18,42,7,44,45,60,47,48,21,92,51,53,13,54,55,6,57,58,59,2,0,62,96,64,37,66,117,68,20,70,71,72,65,74,82,67,77,76,79,80,81,35,83,52,85,86,87,88,89,16,91,78,93,94,95,84,97,98,99,100,101,102,103,104,105,106,107,108,49,110,111,112,113,114,115,116,34,118,119,120,121,122,123,90,125,126,127,128,129,130,131,132,133,134,135,136,137,138,139,140,50,142,143,144,145,146,147,148,149,150,151,152,153,154,155,156,157,158,159,160,161,162,163,164,165,166,167,168,169,170,171,172,173,174,175,176,177,178,179,180,181,182,183,184,185,186,187,188,189,190,191,192,193,194,195,196,197,198,199];False
8117;8715;16832;[20,141,11,3,26,43,12,30,25,9,4,1,75,32,14,15,124,46,109,19,61,41,22,23,24,69,5,27,73,56,63,31,29,33,17,8,36,28,38,39,40,18,42,7,44,45,60,47,48,21,92,51,53,13,54,55,6,57,58,59,2,0,62,96,64,10,66,117,68,37,70,71,72,65,74,82,67,77,76,79,80,81,35,83,52,85,86,87,88,89,16,91,78,93,94,95,84,97,98,99,100,101,102,103,104,105,106,107,108,49,110,111,112,113,114,115,116,34,118,119,120,121,122,123,90,125,126,127,128,129,130,131,132,133,134,135,136,137,138,139,140,50,142,143,144,145,146,147,148,149,150,151,152,153,154,155,156,157,158,159,160,161,162,163,164,165,166,167,168,169,170,171,172,173,174,175,176,177,178,179,180,181,182,183,184,185,186,187,188,189,190,191,192,193,194,195,196,197,198,199];False
8018;8743;16761;[88,141,11,3,26,43,12,30,25,9,4,1,75,32,14,15,124,46,109,19,61,41,22,23,24,69,5,27,73,56,63,31,29,33,17,8,36,28,38,39,40,18,42,7,44,45,60,47,48,21,92,51,53,13,54,55,6,57,58,59,2,0,62,96,64,10,66,117,68,20,70,71,72,65,74,82,67,77,76,79,80,81,35,83,52,85,86,87,37,89,16,91,78,93,94,95,84,97,98,99,100,101,102,103,104,105,106,107,108,49,110,111,112,113,114,115,116,34,118,119,120,121,122,123,90,125,126,127,128,129,130,131,132,133,134,135,136,137,138,139,140,50,142,143,144,145,146,147,148,149,150,151,152,153,154,155,156,157,158,159,160,161,162,163,164,165,166,167,168,169,170,171,172,173,174,175,176,177,178,179,180,181,182,183,184,185,186,187,188,189,190,191,192,193,194,195,196,197,198,199];False
8121;8705;16826;[78,141,11,3,26,43,12,30,25,9,4,1,75,32,14,15,124,46,109,19,61,41,22,23,24,69,5,27,73,56,63,31,29,33,17,8,36,28,38,39,40,18,42,7,44,45,60,47,48,21,92,51,53,13,54,55,6,57,58,59,2,0,62,96,64,10,66,117,68,20,70,71,72,65,74,82,67,77,76,79,80,81,35,83,52,85,86,87,88,89,16,91,37,93,94,95,84,97,98,99,100,101,102,103,104,105,106,107,108,49,110,111,112,113,114,115,116,34,118,119,120,121,122,123,90,125,126,127,128,129,130,131,132,133,134,135,136,137,138,139,140,50,142,143,144,145,146,147,148,149,150,151,152,153,154,155,156,157,158,159,160,161,162,163,164,165,166,167,168,169,170,171,172,173,174,175,176,177,178,179,180,181,182,183,184,185,186,187,188,189,190,191,192,193,194,195,196,197,198,199];False
8004;8714;16718;[95,141,11,3,26,43,12,30,25,9,4,1,75,32,14,15,124,46,109,19,61,41,22,23,24,69,5,27,73,56,63,31,29,33,17,8,36,28,38,39,40,18,42,7,44,45,60,47,48,21,92,51,53,13,54,55,6,57,58,59,2,0,62,96,64,10,66,117,68,20,70,71,72,65,74,82,67,77,76,79,80,81,35,83,52,85,86,87,88,89,16,91,78,93,94,37,84,97,98,99,100,101,102,103,104,105,106,107,108,49,110,111,112,113,114,115,116,34,118,119,120,121,122,123,90,125,126,127,128,129,130,131,132,133,134,135,136,137,138,139,140,50,142,143,144,145,146,147,148,149,150,151,152,153,154,155,156,157,158,159,160,161,162,163,164,165,166,167,168,169,170,171,172,173,174,175,176,177,178,179,180,181,182,183,184,185,186,187,188,189,190,191,192,193,194,195,196,197,198,199];False
7900;8758;16658;[14,141,11,3,26,43,127,30,25,9,4,1,75,32,23,15,124,46,16,19,61,41,22,12,24,69,5,27,28,56,63,31,29,33,17,8,36,37,38,39,40,18,42,7,44,45,60,47,48,21,92,51,53,13,54,55,6,57,58,59,2,0,62,96,64,10,66,117,68,20,70,71,72,65,74,82,67,77,76,79,80,81,35,83,52,85,86,87,88,89,73,91,109,93,94,95,84,97,98,99,100,101,102,103,104,105,106,107,108,49,110,111,112,113,114,115,116,34,118,119,120,121,122,123,90,125,126,78,128,129,130,131,132,133,134,135,136,137,138,139,140,50,142,143,144,145,146,147,148,149,150,151,152,153,154,155,156,157,158,159,160,161,162,163,164,165,166,167,168,169,170,171,172,173,174,175,176,177,178,179,180,181,182,183,184,185,186,187,188,189,190,191,192,193,194,195,196,197,198,199];False
7880;8758;16638;[16,141,11,3,26,43,127,30,25,9,4,1,75,32,14,15,124,46,23,19,61,41,22,12,24,69,5,27,28,56,63,31,29,33,17,8,36,37,38,39,40,18,42,7,44,45,60,47,48,21,92,51,53,13,54,55,6,57,58,59,2,0,62,96,64,10,66,117,68,20,70,71,72,65,74,82,67,77,76,79,80,81,35,83,52,85,86,87,88,89,73,91,109,93,94,95,84,97,98,99,100,101,102,103,104,105,106,107,108,49,110,111,112,113,114,115,116,34,118,119,120,121,122,123,90,125,126,78,128,129,130,131,132,133,134,135,136,137,138,139,140,50,142,143,144,145,146,147,148,149,150,151,152,153,154,155,156,157,158,159,160,161,162,163,164,165,166,167,168,169,170,171,172,173,174,175,176,177,178,179,180,181,182,183,184,185,186,187,188,189,190,191,192,193,194,195,196,197,198,199];False
7960;8736;16696;[19,141,11,3,26,43,127,30,25,9,4,1,75,32,14,15,124,46,16,23,61,41,22,12,24,69,5,27,28,56,63,31,29,33,17,8,36,37,38,39,40,18,42,7,44,45,60,47,48,21,92,51,53,13,54,55,6,57,58,59,2,0,62,96,64,10,66,117,68,20,70,71,72,65,74,82,67,77,76,79,80,81,35,83,52,85,86,87,88,89,73,91,109,93,94,95,84,97,98,99,100,101,102,103,104,105,106,107,108,49,110,111,112,113,114,115,116,34,118,119,120,121,122,123,90,125,126,78,128,129,130,131,132,133,134,135,136,137,138,139,140,50,142,143,144,145,146,147,148,149,150,151,152,153,154,155,156,157,158,159,160,161,162,163,164,165,166,167,168,169,170,171,172,173,174,175,176,177,178,179,180,181,182,183,184,185,186,187,188,189,190,191,192,193,194,195,196,197,198,199];False
7880;8747;16627;[37,141,11,3,26,43,127,30,25,9,4,1,75,32,14,15,124,46,16,19,61,41,22,12,24,69,5,27,28,56,63,31,29,33,17,8,36,23,38,39,40,18,42,7,44,45,60,47,48,21,92,51,53,13,54,55,6,57,58,59,2,0,62,96,64,10,66,117,68,20,70,71,72,65,74,82,67,77,76,79,80,81,35,83,52,85,86,87,88,89,73,91,109,93,94,95,84,97,98,99,100,101,102,103,104,105,106,107,108,49,110,111,112,113,114,115,116,34,118,119,120,121,122,123,90,125,126,78,128,129,130,131,132,133,134,135,136,137,138,139,140,50,142,143,144,145,146,147,148,149,150,151,152,153,154,155,156,157,158,159,160,161,162,163,164,165,166,167,168,169,170,171,172,173,174,175,176,177,178,179,180,181,182,183,184,185,186,187,188,189,190,191,192,193,194,195,196,197,198,199];False
7296;8856;16152;[23,141,11,3,26,43,18,30,25,9,4,1,12,32,14,15,124,46,174,19,61,41,22,60,24,69,5,27,16,56,63,31,29,33,17,8,36,28,38,85,40,49,42,7,44,45,80,47,48,21,92,51,53,13,54,55,6,57,58,59,2,0,62,96,64,10,66,117,68,20,70,71,72,65,74,75,67,77,76,79,39,81,82,83,52,37,86,87,88,89,73,91,35,93,94,95,84,97,98,99,100,101,102,103,104,105,106,107,108,109,110,111,112,113,114,115,116,34,118,119,120,121,122,123,90,125,126,78,128,129,130,131,132,133,134,135,136,137,138,139,140,50,142,143,144,145,146,147,148,149,150,151,152,153,154,155,156,157,158,159,160,161,162,163,164,165,166,167,168,169,170,171,172,173,127,175,176,177,178,179,180,181,182,183,184,185,186,187,188,189,190,191,192,193,194,195,196,197,198,199];False
7333;8820;16153;[49,141,11,3,26,43,18,30,25,9,4,1,12,32,14,15,124,46,174,19,61,41,22,23,24,69,5,27,16,56,63,31,29,33,17,8,36,28,38,85,40,60,42,7,44,45,80,47,48,21,92,51,53,13,54,55,6,57,58,59,2,0,62,96,64,10,66,117,68,20,70,71,72,65,74,75,67,77,76,79,39,81,82,83,52,37,86,87,88,89,73,91,35,93,94,95,84,97,98,99,100,101,102,103,104,105,106,107,108,109,110,111,112,113,114,115,116,34,118,119,120,121,122,123,90,125,126,78,128,129,130,131,132,133,134,135,136,137,138,139,140,50,142,143,144,145,146,147,148,149,150,151,152,153,154,155,156,157,158,159,160,161,162,163,164,165,166,167,168,169,170,171,172,173,127,175,176,177,178,179,180,181,182,183,184,185,186,187,188,189,190,191,192,193,194,195,196,197,198,199];False
7517;8769;16286;[49,141,11,3,26,43,18,30,25,9,4,1,12,32,14,15,124,46,174,19,61,41,22,23,24,69,5,27,95,56,63,31,29,33,17,8,36,28,38,39,40,60,42,7,44,45,100,47,48,21,92,51,53,13,54,55,6,57,58,59,2,0,62,96,64,10,66,117,68,20,70,71,72,65,74,75,67,77,76,79,80,81,82,83,52,85,86,87,88,89,73,91,35,93,94,37,84,97,98,99,16,101,102,103,104,105,106,107,108,109,110,111,112,113,114,115,116,34,118,119,120,121,122,123,90,125,126,78,128,129,130,131,132,133,134,135,136,137,138,139,140,50,142,143,144,145,146,147,148,149,150,151,152,153,154,155,156,157,158,159,160,161,162,163,164,165,166,167,168,169,170,171,172,173,127,175,176,177,178,179,180,181,182,183,184,185,186,187,188,189,190,191,192,193,194,195,196,197,198,199];False
7580;8766;16346;[46,141,11,3,26,43,18,30,25,9,4,1,12,32,14,15,124,73,174,19,61,41,22,23,24,69,5,27,28,56,63,31,29,33,17,8,36,95,38,39,40,49,42,7,44,45,60,47,48,21,92,51,53,13,54,55,6,57,58,59,2,0,62,96,64,10,66,117,68,20,70,71,72,65,74,75,67,77,76,79,80,81,82,83,52,85,86,87,88,89,16,91,35,93,94,37,84,97,98,99,100,101,102,103,104,105,106,107,108,109,110,111,112,113,114,115,116,34,118,119,120,121,122,123,90,125,126,78,128,129,130,131,132,133,134,135,136,137,138,139,140,50,142,143,144,145,146,147,148,149,150,151,152,153,154,155,156,157,158,159,160,161,162,163,164,165,166,167,168,169,170,171,172,173,127,175,176,177,178,179,180,181,182,183,184,185,186,187,188,189,190,191,192,193,194,195,196,197,198,199];False
7496;8769;16265;[60,141,11,3,26,43,18,30,25,9,4,1,12,32,14,15,124,46,174,19,61,41,22,23,24,69,5,27,28,56,63,31,29,33,17,8,36,95,38,39,40,49,42,7,44,45,100,47,48,21,92,51,53,13,54,55,6,57,58,59,2,0,62,96,64,10,66,117,68,20,70,71,72,65,74,75,67,77,76,79,80,81,82,83,52,85,86,87,88,89,73,91,35,93,94,37,84,97,98,99,16,101,102,103,104,105,106,107,108,109,110,111,112,113,114,115,116,34,118,119,120,121,122,123,90,125,126,78,128,129,130,131,132,133,134,135,136,137,138,139,140,50,142,143,144,145,146,147,148,149,150,151,152,153,154,155,156,157,158,159,160,161,162,163,164,165,166,167,168,169,170,171,172,173,127,175,176,177,178,179,180,181,182,183,184,185,186,187,188,189,190,191,192,193,194,195,196,197,198,199];False
7548;8767;16315;[82,141,11,3,26,43,18,30,25,9,4,1,12,32,14,15,124,46,174,19,61,41,22,23,24,69,5,27,28,56,63,31,29,33,17,8,36,95,38,39,40,49,42,7,44,45,60,47,48,21,92,51,53,13,54,55,6,57,58,59,2,0,62,96,64,10,66,117,68,20,70,71,72,65,74,75,67,77,76,79,80,81,100,83,52,85,86,87,88,89,73,91,35,93,94,37,84,97,98,99,16,101,102,103,104,105,106,107,108,109,110,111,112,113,114,115,116,34,118,119,120,121,122,123,90,125,126,78,128,129,130,131,132,133,134,135,136,137,138,139,140,50,142,143,144,145,146,147,148,149,150,151,152,153,154,155,156,157,158,159,160,161,162,163,164,165,166,167,168,169,170,171,172,173,127,175,176,177,178,179,180,181,182,183,184,185,186,187,188,189,190,191,192,193,194,195,196,197,198,199];False
7378;8798;16176;[49,141,11,3,26,43,18,30,25,9,4,1,12,32,14,15,124,46,174,19,61,41,22,23,24,69,5,27,16,56,63,31,29,33,17,8,36,95,38,39,40,60,42,7,44,45,77,47,48,21,92,51,53,13,54,55,6,57,58,59,2,0,62,96,64,10,66,117,68,20,70,71,72,65,74,75,67,28,76,79,80,81,82,83,52,85,86,87,88,89,73,91,35,93,94,37,84,97,98,99,100,101,102,103,104,105,106,107,108,109,110,111,112,113,114,115,116,34,118,119,120,121,122,123,90,125,126,78,128,129,130,131,132,133,134,135,136,137,138,139,140,50,142,143,144,145,146,147,148,149,150,151,152,153,154,155,156,157,158,159,160,161,162,163,164,165,166,167,168,169,170,171,172,173,127,175,176,177,178,179,180,181,182,183,184,185,186,187,188,189,190,191,192,193,194,195,196,197,198,199];False
7493;8760;16253;[16,141,11,3,26,43,18,30,25,9,4,1,12,32,14,15,124,46,174,19,61,41,22,23,24,69,5,27,99,56,63,31,29,33,17,8,36,95,38,39,40,49,42,7,44,45,60,47,48,21,92,51,53,13,54,55,6,57,58,59,2,0,62,96,64,10,66,117,68,20,70,71,72,65,74,75,67,77,76,28,80,81,82,83,52,85,86,87,88,89,73,91,35,93,94,37,84,97,98,79,100,101,102,103,104,105,106,107,108,109,110,111,112,113,114,115,116,34,118,119,120,121,122,123,90,125,126,78,128,129,130,131,132,133,134,135,136,137,138,139,140,50,142,143,144,145,146,147,148,149,150,151,152,153,154,155,156,157,158,159,160,161,162,163,164,165,166,167,168,169,170,171,172,173,127,175,176,177,178,179,180,181,182,183,184,185,186,187,188,189,190,191,192,193,194,195,196,197,198,199];False
7438;8780;16218;[92,141,11,3,26,43,18,30,25,9,4,1,12,32,14,15,124,46,174,19,61,41,22,23,24,69,5,27,16,56,63,31,29,33,17,8,36,95,38,39,40,49,42,7,44,45,60,47,48,21,99,51,53,13,54,55,6,57,58,59,2,0,62,96,64,10,66,117,68,20,70,71,72,65,74,75,67,77,76,28,80,81,82,83,52,85,86,87,88,89,73,91,35,93,94,37,84,97,98,79,100,101,102,103,104,105,106,107,108,109,110,111,112,113,114,115,116,34,118,119,120,121,122,123,90,125,126,78,128,129,130,131,132,133,134,135,136,137,138,139,140,50,142,143,144,145,146,147,148,149,150,151,152,153,154,155,156,157,158,159,160,161,162,163,164,165,166,167,168,169,170,171,172,173,127,175,176,177,178,179,180,181,182,183,184,185,186,187,188,189,190,191,192,193,194,195,196,197,198,199];False
7486;8778;16264;[86,141,11,3,26,43,18,30,25,9,4,1,12,32,14,15,124,46,174,19,61,41,22,23,24,69,5,27,16,56,63,31,29,33,17,8,36,95,38,39,40,49,42,7,44,45,60,47,48,21,92,51,53,13,54,55,6,57,58,59,2,0,62,96,64,10,66,117,68,20,70,71,72,65,74,75,67,77,76,28,80,81,82,83,52,85,99,87,88,89,73,91,35,93,94,37,84,97,98,79,100,101,102,103,104,105,106,107,108,109,110,111,112,113,114,115,116,34,118,119,120,121,122,123,90,125,126,78,128,129,130,131,132,133,134,135,136,137,138,139,140,50,142,143,144,145,146,147,148,149,150,151,152,153,154,155,156,157,158,159,160,161,162,163,164,165,166,167,168,169,170,171,172,173,127,175,176,177,178,179,180,181,182,183,184,185,186,187,188,189,190,191,192,193,194,195,196,197,198,199];False
7451;8776;16227;[91,141,11,3,26,43,18,30,25,9,4,1,12,32,14,15,124,46,174,19,61,41,22,23,24,69,5,27,16,56,63,31,29,33,17,8,36,95,38,39,40,49,42,7,44,45,60,47,48,21,92,51,53,13,54,55,6,57,58,59,2,0,62,96,64,10,66,117,68,20,70,71,72,65,74,75,67,77,76,28,80,81,82,83,52,85,86,87,88,89,73,99,35,93,94,37,84,97,98,79,100,101,102,103,104,105,106,107,108,109,110,111,112,113,114,115,116,34,118,119,120,121,122,123,90,125,126,78,128,129,130,131,132,133,134,135,136,137,138,139,140,50,142,143,144,145,146,147,148,149,150,151,152,153,154,155,156,157,158,159,160,161,162,163,164,165,166,167,168,169,170,171,172,173,127,175,176,177,178,179,180,181,182,183,184,185,186,187,188,189,190,191,192,193,194,195,196,197,198,199];False
7372;8808;16180;[37,141,11,3,26,43,18,30,25,9,4,1,12,32,14,15,124,46,174,19,61,41,22,23,24,69,5,27,16,56,63,31,29,33,17,8,36,95,38,39,40,49,42,7,44,45,60,47,48,21,92,51,53,13,54,55,6,57,58,59,2,0,62,96,64,10,66,117,68,20,70,71,72,65,74,75,67,77,76,28,80,81,82,83,52,85,86,87,88,89,73,91,35,93,94,99,84,97,98,79,100,101,102,103,104,105,106,107,108,109,110,111,112,113,114,115,116,34,118,119,120,121,122,123,90,125,126,78,128,129,130,131,132,133,134,135,136,137,138,139,140,50,142,143,144,145,146,147,148,149,150,151,152,153,154,155,156,157,158,159,160,161,162,163,164,165,166,167,168,169,170,171,172,173,127,175,176,177,178,179,180,181,182,183,184,185,186,187,188,189,190,191,192,193,194,195,196,197,198,199];False
7334;8817;16151;[103,141,11,3,26,43,18,30,25,9,4,1,12,32,14,15,124,46,174,19,61,41,22,23,24,69,5,27,16,56,63,31,29,33,17,8,36,95,38,39,40,49,42,7,44,45,60,47,48,21,92,51,53,13,54,55,6,57,58,59,2,0,62,96,64,10,66,117,68,20,70,71,72,65,74,75,67,77,76,28,80,81,82,83,52,85,86,87,88,89,73,91,35,93,94,37,84,97,98,79,100,101,102,99,104,105,106,107,108,109,110,111,112,113,114,115,116,34,118,119,120,121,122,123,90,125,126,78,128,129,130,131,132,133,134,135,136,137,138,139,140,50,142,143,144,145,146,147,148,149,150,151,152,153,154,155,156,157,158,159,160,161,162,163,164,165,166,167,168,169,170,171,172,173,127,175,176,177,178,179,180,181,182,183,184,185,186,187,188,189,190,191,192,193,194,195,196,197,198,199];False
7432;8769;16201;[105,141,11,3,26,43,18,30,25,9,4,1,12,32,14,15,124,46,174,19,61,41,22,23,24,69,5,27,16,56,63,31,29,33,17,8,36,95,38,39,40,49,42,7,44,45,60,47,48,21,92,51,53,13,54,55,6,57,58,59,2,0,62,96,64,10,66,117,68,20,70,71,72,65,74,75,67,77,76,28,80,81,82,83,52,85,86,87,88,89,73,91,35,93,94,37,84,97,98,79,100,101,102,103,104,99,106,107,108,109,110,111,112,113,114,115,116,34,118,119,120,121,122,123,90,125,126,78,128,129,130,131,132,133,134,135,136,137,138,139,140,50,142,143,144,145,146,147,148,149,150,151,152,153,154,155,156,157,158,159,160,161,162,163,164,165,166,167,168,169,170,171,172,173,127,175,176,177,178,179,180,181,182,183,184,185,186,187,188,189,190,191,192,193,194,195,196,197,198,199];False
7134;8939;16073;[49,141,11,47,26,43,18,30,25,9,4,1,12,32,3,15,124,8,16,14,61,41,22,23,24,69,5,27,109,56,63,31,29,33,17,35,36,95,38,85,77,84,42,7,44,45,60,39,48,21,92,51,53,13,54,55,6,57,58,59,2,0,62,46,64,10,66,117,68,20,70,71,72,65,74,75,67,28,76,79,80,81,82,83,40,37,86,87,88,89,73,91,78,93,94,114,96,97,98,99,100,101,102,52,104,105,106,107,108,19,110,111,112,113,103,115,116,34,118,119,120,121,122,123,90,125,126,127,128,129,130,131,132,133,134,135,136,137,138,139,140,50,142,143,144,145,146,147,148,149,150,151,152,153,154,155,156,157,158,159,160,161,162,163,164,165,166,167,168,169,170,171,172,173,174,175,176,177,178,179,180,181,182,183,184,185,186,187,188,189,190,191,192,193,194,195,196,197,198,199];False
7192;8891;16083;[64,141,11,47,26,43,18,30,25,9,4,1,12,32,3,15,124,8,16,14,61,41,22,23,24,69,5,27,109,56,63,31,29,33,17,35,36,95,38,85,77,49,42,7,44,45,60,39,48,21,92,51,53,13,54,55,6,57,58,59,2,0,62,46,84,10,66,117,68,20,70,71,72,65,74,75,67,28,76,79,80,81,82,83,40,37,86,87,88,89,73,91,78,93,94,114,96,97,98,99,100,101,102,52,104,105,106,107,108,19,110,111,112,113,103,115,116,34,118,119,120,121,122,123,90,125,126,127,128,129,130,131,132,133,134,135,136,137,138,139,140,50,142,143,144,145,146,147,148,149,150,151,152,153,154,155,156,157,158,159,160,161,162,163,164,165,166,167,168,169,170,171,172,173,174,175,176,177,178,179,180,181,182,183,184,185,186,187,188,189,190,191,192,193,194,195,196,197,198,199];False
7159;8913;16072;[117,141,11,47,26,43,18,30,25,9,4,1,12,32,3,15,124,8,16,14,61,41,22,23,24,69,5,27,109,56,63,31,29,33,17,35,36,95,38,85,77,49,42,7,44,45,60,39,48,21,92,51,53,13,54,55,6,57,58,59,2,0,62,46,64,10,66,84,68,20,70,71,72,65,74,75,67,28,76,79,80,81,82,83,40,37,86,87,88,89,73,91,78,93,94,114,96,97,98,99,100,101,102,52,104,105,106,107,108,19,110,111,112,113,103,115,116,34,118,119,120,121,122,123,90,125,126,127,128,129,130,131,132,133,134,135,136,137,138,139,140,50,142,143,144,145,146,147,148,149,150,151,152,153,154,155,156,157,158,159,160,161,162,163,164,165,166,167,168,169,170,171,172,173,174,175,176,177,178,179,180,181,182,183,184,185,186,187,188,189,190,191,192,193,194,195,196,197,198,199];False
7169;8900;16069;[75,141,11,47,26,43,18,30,25,9,4,1,12,32,3,15,124,8,16,14,61,41,22,23,24,69,5,27,109,56,63,31,29,33,17,35,36,95,38,85,77,49,42,7,44,45,60,39,48,21,92,51,53,13,54,55,6,57,58,59,2,0,62,46,64,10,66,117,68,20,70,71,72,65,74,84,67,28,76,79,80,81,82,83,40,37,86,87,88,89,73,91,78,93,94,114,96,97,98,99,100,101,102,52,104,105,106,107,108,19,110,111,112,113,103,115,116,34,118,119,120,121,122,123,90,125,126,127,128,129,130,131,132,133,134,135,136,137,138,139,140,50,142,143,144,145,146,147,148,149,150,151,152,153,154,155,156,157,158,159,160,161,162,163,164,165,166,167,168,169,170,171,172,173,174,175,176,177,178,179,180,181,182,183,184,185,186,187,188,189,190,191,192,193,194,195,196,197,198,199];False
7082;8932;16014;[88,141,11,47,26,43,18,30,25,9,4,1,12,32,3,15,124,8,16,14,61,41,22,23,24,69,5,27,109,56,63,31,29,33,17,35,36,95,38,85,77,49,42,7,44,45,60,39,48,21,92,51,53,13,54,55,6,57,58,59,2,0,62,46,64,10,66,117,68,20,70,71,72,65,74,75,67,28,76,79,80,81,82,83,40,37,86,87,84,89,73,91,78,93,94,114,96,97,98,99,100,101,102,52,104,105,106,107,108,19,110,111,112,113,103,115,116,34,118,119,120,121,122,123,90,125,126,127,128,129,130,131,132,133,134,135,136,137,138,139,140,50,142,143,144,145,146,147,148,149,150,151,152,153,154,155,156,157,158,159,160,161,162,163,164,165,166,167,168,169,170,171,172,173,174,175,176,177,178,179,180,181,182,183,184,185,186,187,188,189,190,191,192,193,194,195,196,197,198,199];False
7069;8909;15978;[99,141,11,47,26,43,18,30,25,9,4,1,12,32,3,15,124,8,16,14,61,41,22,23,24,69,5,27,109,56,63,31,29,33,17,35,36,95,38,85,77,49,42,7,44,45,60,39,48,21,92,51,53,13,54,55,6,57,58,59,2,0,62,46,64,10,66,117,68,20,70,71,72,65,74,75,67,28,76,79,80,81,82,83,40,37,86,87,88,89,73,91,78,93,94,114,96,97,98,84,100,101,102,52,104,105,106,107,108,19,110,111,112,113,103,115,116,34,118,119,120,121,122,123,90,125,126,127,128,129,130,131,132,133,134,135,136,137,138,139,140,50,142,143,144,145,146,147,148,149,150,151,152,153,154,155,156,157,158,159,160,161,162,163,164,165,166,167,168,169,170,171,172,173,174,175,176,177,178,179,180,181,182,183,184,185,186,187,188,189,190,191,192,193,194,195,196,197,198,199];False
7270;8846;16116;[46,11,42,47,26,43,18,30,25,9,4,1,12,32,3,15,124,8,16,14,61,41,22,23,24,69,5,27,28,56,63,31,29,33,17,35,36,95,38,85,40,49,64,7,44,45,60,39,48,21,92,51,53,13,54,55,6,57,58,59,2,0,62,141,109,10,66,117,68,20,70,71,72,65,74,75,67,77,76,79,80,81,82,83,84,37,86,87,88,89,73,91,78,93,94,114,96,97,98,99,100,101,102,52,104,105,106,107,108,19,110,111,112,113,103,115,116,34,118,119,120,121,122,123,90,125,126,127,128,129,130,131,132,133,134,135,136,137,138,139,140,50,142,143,144,145,146,147,148,149,150,151,152,153,154,155,156,157,158,159,160,161,162,163,164,165,166,167,168,169,170,171,172,173,174,175,176,177,178,179,180,181,182,183,184,185,186,187,188,189,190,191,192,193,194,195,196,197,198,199];False
7262;8863;16125;[117,11,42,47,26,43,18,30,25,9,4,1,12,32,3,15,124,8,16,14,61,41,22,23,24,69,5,27,28,56,63,31,29,33,17,35,36,95,38,85,40,49,64,7,44,45,60,39,48,21,92,51,53,13,54,55,6,57,58,59,2,0,62,46,109,10,66,141,68,20,70,71,72,65,74,75,67,77,76,79,80,81,82,83,84,37,86,87,88,89,73,91,78,93,94,114,96,97,98,99,100,101,102,52,104,105,106,107,108,19,110,111,112,113,103,115,116,34,118,119,120,121,122,123,90,125,126,127,128,129,130,131,132,133,134,135,136,137,138,139,140,50,142,143,144,145,146,147,148,149,150,151,152,153,154,155,156,157,158,159,160,161,162,163,164,165,166,167,168,169,170,171,172,173,174,175,176,177,178,179,180,181,182,183,184,185,186,187,188,189,190,191,192,193,194,195,196,197,198,199];False
7236;8824;16060;[80,11,42,47,26,43,18,30,25,9,4,1,12,32,3,15,124,8,16,14,61,41,22,23,24,69,5,27,28,56,63,31,29,33,17,35,36,95,38,85,40,49,64,7,44,45,60,39,48,21,92,51,53,13,54,55,6,57,58,59,2,0,62,46,109,10,66,117,68,20,70,71,72,65,74,75,67,77,76,79,141,81,82,83,84,37,86,87,88,89,73,91,78,93,94,114,96,97,98,99,100,101,102,52,104,105,106,107,108,19,110,111,112,113,103,115,116,34,118,119,120,121,122,123,90,125,126,127,128,129,130,131,132,133,134,135,136,137,138,139,140,50,142,143,144,145,146,147,148,149,150,151,152,153,154,155,156,157,158,159,160,161,162,163,164,165,166,167,168,169,170,171,172,173,174,175,176,177,178,179,180,181,182,183,184,185,186,187,188,189,190,191,192,193,194,195,196,197,198,199];False
7010;8983;15993;[54,52,11,3,26,96,18,30,25,94,75,1,12,32,14,15,124,9,16,19,61,41,22,23,24,69,5,27,28,56,63,31,29,33,17,35,36,37,60,39,40,49,42,7,44,45,86,47,48,21,50,51,53,13,6,55,43,57,58,59,2,0,77,46,64,10,66,117,68,20,70,71,72,65,74,84,67,81,80,79,38,73,82,83,76,85,92,87,88,89,4,91,78,93,62,95,8,97,98,99,100,101,102,103,104,105,106,107,108,109,110,111,112,113,114,115,116,34,118,119,120,121,122,123,90,125,126,127,128,129,130,131,132,133,134,135,136,137,138,139,140,141,142,143,144,145,146,147,148,149,150,151,152,153,154,155,156,157,158,159,160,161,162,163,164,165,166,167,168,169,170,171,172,173,174,175,176,177,178,179,180,181,182,183,184,185,186,187,188,189,190,191,192,193,194,195,196,197,198,199];False
7013;8967;15980;[100,52,11,3,26,96,18,30,25,94,75,1,12,32,14,15,124,9,16,19,61,41,22,23,24,69,5,27,28,56,63,31,29,33,17,35,36,37,60,39,40,49,42,7,44,45,86,47,48,21,50,51,53,13,54,55,43,57,58,59,2,0,77,46,64,10,66,117,68,20,70,71,72,65,74,84,67,81,80,79,38,73,82,83,76,85,92,87,88,89,4,91,78,93,62,95,8,97,98,99,6,101,102,103,104,105,106,107,108,109,110,111,112,113,114,115,116,34,118,119,120,121,122,123,90,125,126,127,128,129,130,131,132,133,134,135,136,137,138,139,140,141,142,143,144,145,146,147,148,149,150,151,152,153,154,155,156,157,158,159,160,161,162,163,164,165,166,167,168,169,170,171,172,173,174,175,176,177,178,179,180,181,182,183,184,185,186,187,188,189,190,191,192,193,194,195,196,197,198,199];False
6941;9005;15946;[109,52,11,3,26,96,18,30,25,94,75,1,12,32,14,15,124,9,16,19,61,41,22,23,24,69,5,27,28,56,63,31,29,33,17,35,36,37,60,39,40,49,42,7,44,45,86,47,48,21,50,51,53,13,54,55,6,57,58,59,2,0,77,46,64,10,66,117,68,20,70,71,72,65,74,84,67,81,80,79,38,73,82,83,76,85,92,87,88,89,4,91,78,93,62,95,8,97,98,99,100,101,102,103,104,105,43,107,108,106,110,111,112,113,114,115,116,34,118,119,120,121,122,123,90,125,126,127,128,129,130,131,132,133,134,135,136,137,138,139,140,141,142,143,144,145,146,147,148,149,150,151,152,153,154,155,156,157,158,159,160,161,162,163,164,165,166,167,168,169,170,171,172,173,174,175,176,177,178,179,180,181,182,183,184,185,186,187,188,189,190,191,192,193,194,195,196,197,198,199];False
6935;9008;15943;[110,52,11,3,26,96,18,30,25,94,75,1,12,32,14,15,124,9,16,19,61,41,22,23,24,69,5,27,28,56,63,31,29,33,17,35,36,37,60,39,40,49,42,7,44,45,86,47,48,21,50,51,53,13,54,55,6,57,58,59,2,0,77,46,64,10,66,117,68,20,70,71,72,65,74,84,67,81,80,79,38,73,82,83,76,85,92,87,88,89,4,91,78,93,62,95,8,97,98,99,100,101,102,103,104,105,43,107,108,109,106,111,112,113,114,115,116,34,118,119,120,121,122,123,90,125,126,127,128,129,130,131,132,133,134,135,136,137,138,139,140,141,142,143,144,145,146,147,148,149,150,151,152,153,154,155,156,157,158,159,160,161,162,163,164,165,166,167,168,169,170,171,172,173,174,175,176,177,178,179,180,181,182,183,184,185,186,187,188,189,190,191,192,193,194,195,196,197,198,199];False
6922;9006;15928;[130,52,11,3,26,96,18,30,25,94,75,1,12,32,14,15,124,9,16,19,61,41,22,23,24,69,5,27,28,56,63,31,29,33,17,35,36,37,60,39,40,49,42,7,44,45,86,47,48,21,50,51,53,13,54,55,6,57,58,59,2,0,77,46,64,10,66,117,68,20,70,71,72,65,74,84,67,81,80,79,38,73,82,83,76,85,92,87,88,89,4,91,78,93,62,95,8,97,98,99,100,101,102,103,104,105,43,107,108,109,110,111,112,113,114,115,116,34,118,119,120,121,122,123,90,125,126,127,128,129,106,131,132,133,134,135,136,137,138,139,140,141,142,143,144,145,146,147,148,149,150,151,152,153,154,155,156,157,158,159,160,161,162,163,164,165,166,167,168,169,170,171,172,173,174,175,176,177,178,179,180,181,182,183,184,185,186,187,188,189,190,191,192,193,194,195,196,197,198,199];False
6979;9002;15981;[140,52,11,3,26,96,18,30,25,94,75,1,12,32,14,15,124,9,16,19,61,41,22,23,24,69,5,27,28,56,63,31,29,33,17,35,36,37,60,39,40,49,42,7,44,45,86,47,48,21,50,51,53,13,54,55,6,57,58,59,2,0,77,46,64,10,66,117,68,20,70,71,72,65,74,84,67,81,80,79,38,73,82,83,76,85,92,87,88,89,4,91,78,93,62,95,8,97,98,99,100,101,102,103,104,105,43,107,108,109,110,111,112,113,114,115,116,34,118,119,120,121,122,123,90,125,126,127,128,129,130,131,132,133,134,135,136,137,138,139,106,141,142,143,144,145,146,147,148,149,150,151,152,153,154,155,156,157,158,159,160,161,162,163,164,165,166,167,168,169,170,171,172,173,174,175,176,177,178,179,180,181,182,183,184,185,186,187,188,189,190,191,192,193,194,195,196,197,198,199];False
6975;9003;15978;[143,52,11,3,26,96,18,30,25,94,75,1,12,32,14,15,124,9,16,19,61,41,22,23,24,69,5,27,28,56,63,31,29,33,17,35,36,37,60,39,40,49,42,7,44,45,86,47,48,21,50,51,53,13,54,55,6,57,58,59,2,0,77,46,64,10,66,117,68,20,70,71,72,65,74,84,67,81,80,79,38,73,82,83,76,85,92,87,88,89,4,91,78,93,62,95,8,97,98,99,100,101,102,103,104,105,43,107,108,109,110,111,112,113,114,115,116,34,118,119,120,121,122,123,90,125,126,127,128,129,130,131,132,133,134,135,136,137,138,139,140,141,142,106,144,145,146,147,148,149,150,151,152,153,154,155,156,157,158,159,160,161,162,163,164,165,166,167,168,169,170,171,172,173,174,175,176,177,178,179,180,181,182,183,184,185,186,187,188,189,190,191,192,193,194,195,196,197,198,199];False
6966;8990;15956;[146,52,11,3,26,96,18,30,25,94,75,1,12,32,14,15,124,9,16,19,61,41,22,23,24,69,5,27,28,56,63,31,29,33,17,35,36,37,60,39,40,49,42,7,44,45,86,47,48,21,50,51,53,13,54,55,6,57,58,59,2,0,77,46,64,10,66,117,68,20,70,71,72,65,74,84,67,81,80,79,38,73,82,83,76,85,92,87,88,89,4,91,78,93,62,95,8,97,98,99,100,101,102,103,104,105,43,107,108,109,110,111,112,113,114,115,116,34,118,119,120,121,122,123,90,125,126,127,128,129,130,131,132,133,134,135,136,137,138,139,140,141,142,143,144,145,106,147,148,149,150,151,152,153,154,155,156,157,158,159,160,161,162,163,164,165,166,167,168,169,170,171,172,173,174,175,176,177,178,179,180,181,182,183,184,185,186,187,188,189,190,191,192,193,194,195,196,197,198,199];False
6947;8998;15945;[151,52,11,3,26,96,18,30,25,94,75,1,12,32,14,15,124,9,16,19,61,41,22,23,24,69,5,27,28,56,63,31,29,33,17,35,36,37,60,39,40,49,42,7,44,45,86,47,48,21,50,51,53,13,54,55,6,57,58,59,2,0,77,46,64,10,66,117,68,20,70,71,72,65,74,84,67,81,80,79,38,73,82,83,76,85,92,87,88,89,4,91,78,93,62,95,8,97,98,99,100,101,102,103,104,105,43,107,108,109,110,111,112,113,114,115,116,34,118,119,120,121,122,123,90,125,126,127,128,129,130,131,132,133,134,135,136,137,138,139,140,141,142,143,144,145,146,147,148,149,150,106,152,153,154,155,156,157,158,159,160,161,162,163,164,165,166,167,168,169,170,171,172,173,174,175,176,177,178,179,180,181,182,183,184,185,186,187,188,189,190,191,192,193,194,195,196,197,198,199];False
6965;8991;15956;[158,52,11,3,26,96,18,30,25,94,75,1,12,32,14,15,124,9,16,19,61,41,22,23,24,69,5,27,28,56,63,31,29,33,17,35,36,37,60,39,40,49,42,7,44,45,86,47,48,21,50,51,53,13,54,55,6,57,58,59,2,0,77,46,64,10,66,117,68,20,70,71,72,65,74,84,67,81,80,79,38,73,82,83,76,85,92,87,88,89,4,91,78,93,62,95,8,97,98,99,100,101,102,103,104,105,43,107,108,109,110,111,112,113,114,115,116,34,118,119,120,121,122,123,90,125,126,127,128,129,130,131,132,133,134,135,136,137,138,139,140,141,142,143,144,145,146,147,148,149,150,151,152,153,154,155,156,157,106,159,160,161,162,163,164,165,166,167,168,169,170,171,172,173,174,175,176,177,178,179,180,181,182,183,184,185,186,187,188,189,190,191,192,193,194,195,196,197,198,199];False
6995;8975;15970;[172,52,11,3,26,96,18,30,25,94,75,1,12,32,14,15,124,9,16,19,61,41,22,23,24,69,5,27,28,56,63,31,29,33,17,35,36,37,60,39,40,49,42,7,44,45,86,47,48,21,50,51,53,13,54,55,6,57,58,59,2,0,77,46,64,10,66,117,68,20,70,71,72,65,74,84,67,81,80,79,38,73,82,83,76,85,92,87,88,89,4,91,78,93,62,95,8,97,98,99,100,101,102,103,104,105,43,107,108,109,110,111,112,113,114,115,116,34,118,119,120,121,122,123,90,125,126,127,128,129,130,131,132,133,134,135,136,137,138,139,140,141,142,143,144,145,146,147,148,149,150,151,152,153,154,155,156,157,158,159,160,161,162,163,164,165,166,167,168,169,170,171,106,173,174,175,176,177,178,179,180,181,182,183,184,185,186,187,188,189,190,191,192,193,194,195,196,197,198,199];False
7032;8953;15985;[43,52,11,3,26,96,18,30,25,94,75,1,12,32,14,15,124,17,16,19,61,41,22,23,24,69,5,27,28,56,63,31,29,33,72,35,36,37,60,39,40,49,42,7,44,45,86,47,48,21,50,51,53,13,54,55,6,57,58,59,2,0,77,46,64,10,66,117,68,20,70,71,9,65,74,84,67,81,80,79,38,73,82,83,76,85,92,87,88,89,4,91,78,93,62,95,8,97,98,99,100,101,102,103,104,105,106,107,108,109,110,111,112,113,114,115,116,34,118,119,120,121,122,123,90,125,126,127,128,129,130,131,132,133,134,135,136,137,138,139,140,141,142,143,144,145,146,147,148,149,150,151,152,153,154,155,156,157,158,159,160,161,162,163,164,165,166,167,168,169,170,171,172,173,174,175,176,177,178,179,180,181,182,183,184,185,186,187,188,189,190,191,192,193,194,195,196,197,198,199];False
6794;9161;15955;[25,52,11,3,26,43,18,30,4,9,33,1,12,32,14,15,124,94,93,19,61,41,22,23,24,69,5,27,16,56,63,31,29,155,17,35,36,37,60,39,40,49,42,7,44,45,86,47,48,28,109,51,53,13,54,55,6,57,58,59,2,0,62,46,64,10,66,117,68,20,70,71,72,65,74,75,67,77,80,79,38,81,82,83,76,85,92,87,88,89,73,91,78,8,84,95,96,97,98,99,100,101,102,103,104,105,106,107,108,151,110,111,112,113,114,115,116,34,118,119,120,121,122,123,90,125,126,127,128,129,130,131,132,133,134,135,136,137,138,139,140,141,142,143,144,145,146,147,148,149,150,21,152,153,154,50,156,157,158,159,160,161,162,163,164,165,166,167,168,169,170,171,172,173,174,175,176,177,178,179,180,181,182,183,184,185,186,187,188,189,190,191,192,193,194,195,196,197,198,199];False
6778;9136;15914;[9,52,11,3,26,43,18,30,25,4,33,1,12,32,14,15,124,94,93,19,61,41,22,23,24,69,5,27,16,56,63,31,29,155,17,35,36,37,60,39,40,49,42,7,44,45,86,47,48,28,109,51,53,13,54,55,6,57,58,59,2,0,62,46,64,10,66,117,68,20,70,71,72,65,74,75,67,77,80,79,38,81,82,83,76,85,92,87,88,89,73,91,78,8,84,95,96,97,98,99,100,101,102,103,104,105,106,107,108,151,110,111,112,113,114,115,116,34,118,119,120,121,122,123,90,125,126,127,128,129,130,131,132,133,134,135,136,137,138,139,140,141,142,143,144,145,146,147,148,149,150,21,152,153,154,50,156,157,158,159,160,161,162,163,164,165,166,167,168,169,170,171,172,173,174,175,176,177,178,179,180,181,182,183,184,185,186,187,188,189,190,191,192,193,194,195,196,197,198,199];False
6755;9119;15874;[36,52,11,3,26,43,18,30,25,9,33,1,12,32,14,15,124,94,93,19,61,41,22,23,24,69,5,27,16,56,63,31,29,155,17,35,4,37,60,39,40,49,42,7,44,45,86,47,48,28,109,51,53,13,54,55,6,57,58,59,2,0,62,46,64,10,66,117,68,20,70,71,72,65,74,75,67,77,80,79,38,81,82,83,76,85,92,87,88,89,73,91,78,8,84,95,96,97,98,99,100,101,102,103,104,105,106,107,108,151,110,111,112,113,114,115,116,34,118,119,120,121,122,123,90,125,126,127,128,129,130,131,132,133,134,135,136,137,138,139,140,141,142,143,144,145,146,147,148,149,150,21,152,153,154,50,156,157,158,159,160,161,162,163,164,165,166,167,168,169,170,171,172,173,174,175,176,177,178,179,180,181,182,183,184,185,186,187,188,189,190,191,192,193,194,195,196,197,198,199];False
6802;9106;15908;[48,52,11,3,26,43,18,30,25,9,33,1,12,32,14,15,124,94,93,19,61,41,22,23,24,69,5,27,16,56,63,31,29,155,17,35,36,37,60,39,40,49,42,7,44,45,86,47,4,28,109,51,53,13,54,55,6,57,58,59,2,0,62,46,64,10,66,117,68,20,70,71,72,65,74,75,67,77,80,79,38,81,82,83,76,85,92,87,88,89,73,91,78,8,84,95,96,97,98,99,100,101,102,103,104,105,106,107,108,151,110,111,112,113,114,115,116,34,118,119,120,121,122,123,90,125,126,127,128,129,130,131,132,133,134,135,136,137,138,139,140,141,142,143,144,145,146,147,148,149,150,21,152,153,154,50,156,157,158,159,160,161,162,163,164,165,166,167,168,169,170,171,172,173,174,175,176,177,178,179,180,181,182,183,184,185,186,187,188,189,190,191,192,193,194,195,196,197,198,199];False
6746;9116;15862;[109,52,11,3,26,43,18,30,25,9,33,1,12,32,14,15,124,94,93,19,61,41,22,23,24,69,5,27,16,56,63,31,29,155,17,35,36,37,60,39,40,49,42,7,44,45,86,47,48,28,4,51,53,13,54,55,6,57,58,59,2,0,62,46,64,10,66,117,68,20,70,71,72,65,74,75,67,77,80,79,38,81,82,83,76,85,92,87,88,89,73,91,78,8,84,95,96,97,98,99,100,101,102,103,104,105,106,107,108,151,110,111,112,113,114,115,116,34,118,119,120,121,122,123,90,125,126,127,128,129,130,131,132,133,134,135,136,137,138,139,140,141,142,143,144,145,146,147,148,149,150,21,152,153,154,50,156,157,158,159,160,161,162,163,164,165,166,167,168,169,170,171,172,173,174,175,176,177,178,179,180,181,182,183,184,185,186,187,188,189,190,191,192,193,194,195,196,197,198,199];False
6725;9131;15856;[46,52,11,3,26,43,18,30,25,9,33,1,12,32,14,15,124,94,93,19,61,41,22,23,24,69,5,27,16,56,63,31,29,155,17,35,36,37,60,39,40,49,42,7,44,45,86,47,48,28,109,51,53,13,54,55,6,57,58,59,2,0,62,4,64,10,66,117,68,20,70,71,72,65,74,75,67,77,80,79,38,81,82,83,76,85,92,87,88,89,73,91,78,8,84,95,96,97,98,99,100,101,102,103,104,105,106,107,108,151,110,111,112,113,114,115,116,34,118,119,120,121,122,123,90,125,126,127,128,129,130,131,132,133,134,135,136,137,138,139,140,141,142,143,144,145,146,147,148,149,150,21,152,153,154,50,156,157,158,159,160,161,162,163,164,165,166,167,168,169,170,171,172,173,174,175,176,177,178,179,180,181,182,183,184,185,186,187,188,189,190,191,192,193,194,195,196,197,198,199];False
6841;9071;15912;[20,52,11,3,26,43,18,30,25,9,33,1,12,32,14,15,124,94,93,19,61,41,22,23,24,69,5,27,16,56,63,31,29,155,17,35,36,37,60,39,40,49,42,7,44,45,86,47,48,28,109,51,53,13,54,55,6,57,58,59,2,0,62,46,64,10,66,117,68,4,70,71,72,65,74,75,67,77,80,79,38,81,82,83,76,85,92,87,88,89,73,91,78,8,84,95,96,97,98,99,100,101,102,103,104,105,106,107,108,151,110,111,112,113,114,115,116,34,118,119,120,121,122,123,90,125,126,127,128,129,130,131,132,133,134,135,136,137,138,139,140,141,142,143,144,145,146,147,148,149,150,21,152,153,154,50,156,157,158,159,160,161,162,163,164,165,166,167,168,169,170,171,172,173,174,175,176,177,178,179,180,181,182,183,184,185,186,187,188,189,190,191,192,193,194,195,196,197,198,199];False
6798;9074;15872;[75,52,11,3,26,43,18,30,25,9,33,1,12,32,14,15,124,94,93,19,61,41,22,23,24,69,5,27,16,56,63,31,29,155,17,35,36,37,60,39,40,49,42,7,44,45,86,47,48,28,109,51,53,13,54,55,6,57,58,59,2,0,62,46,64,10,66,117,68,20,70,71,72,65,74,4,67,77,80,79,38,81,82,83,76,85,92,87,88,89,73,91,78,8,84,95,96,97,98,99,100,101,102,103,104,105,106,107,108,151,110,111,112,113,114,115,116,34,118,119,120,121,122,123,90,125,126,127,128,129,130,131,132,133,134,135,136,137,138,139,140,141,142,143,144,145,146,147,148,149,150,21,152,153,154,50,156,157,158,159,160,161,162,163,164,165,166,167,168,169,170,171,172,173,174,175,176,177,178,179,180,181,182,183,184,185,186,187,188,189,190,191,192,193,194,195,196,197,198,199];False
6844;9000;15844;[4,52,11,3,26,43,18,30,25,9,33,1,12,32,14,15,124,94,93,19,61,41,22,23,24,69,5,27,16,56,63,31,29,46,17,35,36,37,60,39,40,49,42,7,44,45,86,47,48,28,50,51,53,13,54,55,6,57,58,59,2,0,62,185,64,10,66,117,68,20,70,71,72,65,74,75,67,77,80,79,38,81,82,83,76,85,92,87,88,89,73,91,109,8,84,95,96,97,98,99,100,101,102,103,104,105,106,107,108,151,110,111,112,113,114,115,116,34,118,119,120,121,122,123,90,125,126,127,128,129,130,131,132,133,134,135,136,137,138,139,140,141,142,143,144,145,146,147,148,149,150,21,152,153,154,155,156,157,158,159,160,161,162,163,164,165,166,167,168,169,170,171,172,173,174,175,176,177,178,179,180,181,182,183,184,78,186,187,188,189,190,191,192,193,194,195,196,197,198,199];False
8097;8712;16809;[99,141,11,3,26,43,12,30,25,9,4,1,75,32,14,15,124,46,109,19,61,41,22,23,24,69,5,27,73,56,63,31,29,33,17,8,36,28,38,39,40,18,42,7,44,45,60,47,48,21,92,51,53,13,54,55,6,57,58,59,2,0,62,96,64,10,66,117,68,20,70,71,72,65,74,82,67,77,76,79,80,81,35,83,52,85,86,87,88,89,16,91,37,93,94,95,84,97,98,78,100,101,102,103,104,105,106,107,108,49,110,111,112,113,114,115,116,34,118,119,120,121,122,123,90,125,126,127,128,129,130,131,132,133,134,135,136,137,138,139,140,50,142,143,144,145,146,147,148,149,150,151,152,153,154,155,156,157,158,159,160,161,162,163,164,165,166,167,168,169,170,171,172,173,174,175,176,177,178,179,180,181,182,183,184,185,186,187,188,189,190,191,192,193,194,195,196,197,198,199];False
8148;8692;16840;[100,141,11,3,26,43,12,30,25,9,4,1,75,32,14,15,124,46,109,19,61,41,22,23,24,69,5,27,73,56,63,31,29,33,17,8,36,28,38,39,40,18,42,7,44,45,60,47,48,21,92,51,53,13,54,55,6,57,58,59,2,0,62,96,64,10,66,117,68,20,70,71,72,65,74,82,67,77,76,79,80,81,35,83,52,85,86,87,88,89,16,91,37,93,94,95,84,97,98,99,78,101,102,103,104,105,106,107,108,49,110,111,112,113,114,115,116,34,118,119,120,121,122,123,90,125,126,127,128,129,130,131,132,133,134,135,136,137,138,139,140,50,142,143,144,145,146,147,148,149,150,151,152,153,154,155,156,157,158,159,160,161,162,163,164,165,166,167,168,169,170,171,172,173,174,175,176,177,178,179,180,181,182,183,184,185,186,187,188,189,190,191,192,193,194,195,196,197,198,199];False
8065;8709;16774;[102,141,11,3,26,43,12,30,25,9,4,1,75,32,14,15,124,46,109,19,61,41,22,23,24,69,5,27,73,56,63,31,29,33,17,8,36,28,38,39,40,18,42,7,44,45,60,47,48,21,92,51,53,13,54,55,6,57,58,59,2,0,62,96,64,10,66,117,68,20,70,71,72,65,74,82,67,77,76,79,80,81,35,83,52,85,86,87,88,89,16,91,37,93,94,95,84,97,98,99,100,101,78,103,104,105,106,107,108,49,110,111,112,113,114,115,116,34,118,119,120,121,122,123,90,125,126,127,128,129,130,131,132,133,134,135,136,137,138,139,140,50,142,143,144,145,146,147,148,149,150,151,152,153,154,155,156,157,158,159,160,161,162,163,164,165,166,167,168,169,170,171,172,173,174,175,176,177,178,179,180,181,182,183,184,185,186,187,188,189,190,191,192,193,194,195,196,197,198,199];False
8067;8692;16759;[127,141,11,3,26,43,12,30,25,9,4,1,75,32,14,15,124,46,109,19,61,41,22,23,24,69,5,27,73,56,63,31,29,33,17,8,36,28,38,39,40,18,42,7,44,45,60,47,48,21,92,51,53,13,54,55,6,57,58,59,2,0,62,96,64,10,66,117,68,20,70,71,72,65,74,82,67,77,76,79,80,81,35,83,52,85,86,87,88,89,16,91,37,93,94,95,84,97,98,99,100,101,102,103,104,105,106,107,108,49,110,111,112,113,114,115,116,34,118,119,120,121,122,123,90,125,126,78,128,129,130,131,132,133,134,135,136,137,138,139,140,50,142,143,144,145,146,147,148,149,150,151,152,153,154,155,156,157,158,159,160,161,162,163,164,165,166,167,168,169,170,171,172,173,174,175,176,177,178,179,180,181,182,183,184,185,186,187,188,189,190,191,192,193,194,195,196,197,198,199];False
8016;8699;16715;[30,141,11,3,26,43,12,95,25,9,4,1,75,32,14,15,124,46,109,19,61,41,22,23,24,69,5,27,73,56,63,31,29,33,17,8,36,28,38,39,40,18,42,7,44,45,60,47,48,21,92,51,53,13,54,55,6,57,58,59,2,0,62,96,64,10,66,117,68,20,70,71,72,65,74,82,67,77,76,79,80,81,35,83,52,85,86,87,88,89,16,91,78,93,94,37,84,97,98,99,100,101,102,103,104,105,106,107,108,49,110,111,112,113,114,115,116,34,118,119,120,121,122,123,90,125,126,127,128,129,130,131,132,133,134,135,136,137,138,139,140,50,142,143,144,145,146,147,148,149,150,151,152,153,154,155,156,157,158,159,160,161,162,163,164,165,166,167,168,169,170,171,172,173,174,175,176,177,178,179,180,181,182,183,184,185,186,187,188,189,190,191,192,193,194,195,196,197,198,199];False
7991;8718;16709;[109,141,11,3,26,43,12,30,25,9,4,1,75,32,14,15,124,46,95,19,61,41,22,23,24,69,5,27,73,56,63,31,29,33,17,8,36,28,38,39,40,18,42,7,44,45,60,47,48,21,92,51,53,13,54,55,6,57,58,59,2,0,62,96,64,10,66,117,68,20,70,71,72,65,74,82,67,77,76,79,80,81,35,83,52,85,86,87,88,89,16,91,78,93,94,37,84,97,98,99,100,101,102,103,104,105,106,107,108,49,110,111,112,113,114,115,116,34,118,119,120,121,122,123,90,125,126,127,128,129,130,131,132,133,134,135,136,137,138,139,140,50,142,143,144,145,146,147,148,149,150,151,152,153,154,155,156,157,158,159,160,161,162,163,164,165,166,167,168,169,170,171,172,173,174,175,176,177,178,179,180,181,182,183,184,185,186,187,188,189,190,191,192,193,194,195,196,197,198,199];False
7987;8693;16680;[19,141,11,3,26,43,12,30,25,9,4,1,75,32,14,15,124,46,109,95,61,41,22,23,24,69,5,27,73,56,63,31,29,33,17,8,36,28,38,39,40,18,42,7,44,45,60,47,48,21,92,51,53,13,54,55,6,57,58,59,2,0,62,96,64,10,66,117,68,20,70,71,72,65,74,82,67,77,76,79,80,81,35,83,52,85,86,87,88,89,16,91,78,93,94,37,84,97,98,99,100,101,102,103,104,105,106,107,108,49,110,111,112,113,114,115,116,34,118,119,120,121,122,123,90,125,126,127,128,129,130,131,132,133,134,135,136,137,138,139,140,50,142,143,144,145,146,147,148,149,150,151,152,153,154,155,156,157,158,159,160,161,162,163,164,165,166,167,168,169,170,171,172,173,174,175,176,177,178,179,180,181,182,183,184,185,186,187,188,189,190,191,192,193,194,195,196,197,198,199];False
7957;8734;16691;[60,141,11,3,26,43,127,30,25,9,4,1,75,32,14,15,124,46,16,23,61,41,22,12,24,69,5,27,28,56,63,31,29,33,17,8,36,37,38,39,40,18,42,7,44,45,19,47,48,21,92,51,53,13,54,55,6,57,58,59,2,0,62,96,64,10,66,117,68,20,70,71,72,65,74,82,67,77,76,79,80,81,35,83,52,85,86,87,88,89,73,91,109,93,94,95,84,97,98,99,100,101,102,103,104,105,106,107,108,49,110,111,112,113,114,115,116,34,118,119,120,121,122,123,90,125,126,78,128,129,130,131,132,133,134,135,136,137,138,139,140,50,142,143,144,145,146,147,148,149,150,151,152,153,154,155,156,157,158,159,160,161,162,163,164,165,166,167,168,169,170,171,172,173,174,175,176,177,178,179,180,181,182,183,184,185,186,187,188,189,190,191,192,193,194,195,196,197,198,199];False
7942;8726;16668;[91,141,11,3,26,43,127,30,25,9,4,1,75,32,14,15,124,46,16,19,61,41,22,12,24,69,5,27,28,56,63,31,29,33,17,8,36,23,38,39,40,18,42,7,44,45,60,47,48,21,92,51,53,13,54,55,6,57,58,59,2,0,62,96,64,10,66,117,68,20,70,71,72,65,74,82,67,77,76,79,80,81,35,83,52,85,86,87,88,89,73,37,109,93,94,95,84,97,98,99,100,101,102,103,104,105,106,107,108,49,110,111,112,113,114,115,116,34,118,119,120,121,122,123,90,125,126,78,128,129,130,131,132,133,134,135,136,137,138,139,140,50,142,143,144,145,146,147,148,149,150,151,152,153,154,155,156,157,158,159,160,161,162,163,164,165,166,167,168,169,170,171,172,173,174,175,176,177,178,179,180,181,182,183,184,185,186,187,188,189,190,191,192,193,194,195,196,197,198,199];False
7857;8733;16590;[95,141,11,3,26,43,127,30,25,9,4,1,75,32,14,15,124,46,16,19,61,41,22,12,24,69,5,27,28,56,63,31,29,33,17,8,36,23,38,39,40,18,42,7,44,45,60,47,48,21,92,51,53,13,54,55,6,57,58,59,2,0,62,96,64,10,66,117,68,20,70,71,72,65,74,82,67,77,76,79,80,81,35,83,52,85,86,87,88,89,73,91,109,93,94,37,84,97,98,99,100,101,102,103,104,105,106,107,108,49,110,111,112,113,114,115,116,34,118,119,120,121,122,123,90,125,126,78,128,129,130,131,132,133,134,135,136,137,138,139,140,50,142,143,144,145,146,147,148,149,150,151,152,153,154,155,156,157,158,159,160,161,162,163,164,165,166,167,168,169,170,171,172,173,174,175,176,177,178,179,180,181,182,183,184,185,186,187,188,189,190,191,192,193,194,195,196,197,198,199];False
7375;8801;16176;[40,141,11,3,26,43,18,30,25,9,4,1,12,32,14,15,124,46,174,19,61,41,22,23,24,69,5,27,16,56,63,31,29,33,17,8,36,95,38,39,49,60,42,7,44,45,77,47,48,21,92,51,53,13,54,55,6,57,58,59,2,0,62,96,64,10,66,117,68,20,70,71,72,65,74,75,67,28,76,79,80,81,82,83,52,85,86,87,88,89,73,91,35,93,94,37,84,97,98,99,100,101,102,103,104,105,106,107,108,109,110,111,112,113,114,115,116,34,118,119,120,121,122,123,90,125,126,78,128,129,130,131,132,133,134,135,136,137,138,139,140,50,142,143,144,145,146,147,148,149,150,151,152,153,154,155,156,157,158,159,160,161,162,163,164,165,166,167,168,169,170,171,172,173,127,175,176,177,178,179,180,181,182,183,184,185,186,187,188,189,190,191,192,193,194,195,196,197,198,199];False
7431;8793;16224;[28,141,11,3,26,43,18,30,25,9,4,1,12,32,14,15,124,46,174,19,61,41,22,23,24,69,5,27,16,56,63,31,29,33,17,8,36,95,38,39,40,60,42,7,44,45,77,47,48,21,92,51,53,13,54,55,6,57,58,59,2,0,62,96,64,10,66,117,68,20,70,71,72,65,74,75,67,49,76,79,80,81,82,83,52,85,86,87,88,89,73,91,35,93,94,37,84,97,98,99,100,101,102,103,104,105,106,107,108,109,110,111,112,113,114,115,116,34,118,119,120,121,122,123,90,125,126,78,128,129,130,131,132,133,134,135,136,137,138,139,140,50,142,143,144,145,146,147,148,149,150,151,152,153,154,155,156,157,158,159,160,161,162,163,164,165,166,167,168,169,170,171,172,173,127,175,176,177,178,179,180,181,182,183,184,185,186,187,188,189,190,191,192,193,194,195,196,197,198,199];False
7420;8775;16195;[82,141,11,3,26,43,18,30,25,9,4,1,12,32,14,15,124,46,174,19,61,41,22,23,24,69,5,27,16,56,63,31,29,33,17,8,36,95,38,39,40,60,42,7,44,45,77,47,48,21,92,51,53,13,54,55,6,57,58,59,2,0,62,96,64,10,66,117,68,20,70,71,72,65,74,75,67,28,76,79,80,81,49,83,52,85,86,87,88,89,73,91,35,93,94,37,84,97,98,99,100,101,102,103,104,105,106,107,108,109,110,111,112,113,114,115,116,34,118,119,120,121,122,123,90,125,126,78,128,129,130,131,132,133,134,135,136,137,138,139,140,50,142,143,144,145,146,147,148,149,150,151,152,153,154,155,156,157,158,159,160,161,162,163,164,165,166,167,168,169,170,171,172,173,127,175,176,177,178,179,180,181,182,183,184,185,186,187,188,189,190,191,192,193,194,195,196,197,198,199];False
7366;8809;16175;[85,141,11,3,26,43,18,30,25,9,4,1,12,32,14,15,124,46,174,19,61,41,22,23,24,69,5,27,16,56,63,31,29,33,17,8,36,95,38,39,40,60,42,7,44,45,77,47,48,21,92,51,53,13,54,55,6,57,58,59,2,0,62,96,64,10,66,117,68,20,70,71,72,65,74,75,67,28,76,79,80,81,82,83,52,49,86,87,88,89,73,91,35,93,94,37,84,97,98,99,100,101,102,103,104,105,106,107,108,109,110,111,112,113,114,115,116,34,118,119,120,121,122,123,90,125,126,78,128,129,130,131,132,133,134,135,136,137,138,139,140,50,142,143,144,145,146,147,148,149,150,151,152,153,154,155,156,157,158,159,160,161,162,163,164,165,166,167,168,169,170,171,172,173,127,175,176,177,178,179,180,181,182,183,184,185,186,187,188,189,190,191,192,193,194,195,196,197,198,199];False
7365;8800;16165;[101,141,11,3,26,43,18,30,25,9,4,1,12,32,14,15,124,46,174,19,61,41,22,23,24,69,5,27,16,56,63,31,29,33,17,8,36,95,38,39,40,60,42,7,44,45,77,47,48,21,92,51,53,13,54,55,6,57,58,59,2,0,62,96,64,10,66,117,68,20,70,71,72,65,74,75,67,28,76,79,80,81,82,83,52,85,86,87,88,89,73,91,35,93,94,37,84,97,98,99,100,49,102,103,104,105,106,107,108,109,110,111,112,113,114,115,116,34,118,119,120,121,122,123,90,125,126,78,128,129,130,131,132,133,134,135,136,137,138,139,140,50,142,143,144,145,146,147,148,149,150,151,152,153,154,155,156,157,158,159,160,161,162,163,164,165,166,167,168,169,170,171,172,173,127,175,176,177,178,179,180,181,182,183,184,185,186,187,188,189,190,191,192,193,194,195,196,197,198,199];False
7247;8817;16064;[103,141,11,3,26,43,18,30,25,9,4,1,12,32,14,15,124,46,174,19,61,41,22,23,24,69,5,27,16,56,63,31,29,33,17,8,36,95,38,39,40,60,42,7,44,45,77,47,48,21,92,51,53,13,54,55,6,57,58,59,2,0,62,96,64,10,66,117,68,20,70,71,72,65,74,75,67,28,76,79,80,81,82,83,52,85,86,87,88,89,73,91,35,93,94,37,84,97,98,99,100,101,102,49,104,105,106,107,108,109,110,111,112,113,114,115,116,34,118,119,120,121,122,123,90,125,126,78,128,129,130,131,132,133,134,135,136,137,138,139,140,50,142,143,144,145,146,147,148,149,150,151,152,153,154,155,156,157,158,159,160,161,162,163,164,165,166,167,168,169,170,171,172,173,127,175,176,177,178,179,180,181,182,183,184,185,186,187,188,189,190,191,192,193,194,195,196,197,198,199];False
7284;8798;16082;[109,141,11,3,26,43,18,30,25,9,4,1,12,32,14,15,124,46,174,19,61,41,22,23,24,69,5,27,16,56,63,31,29,33,17,8,36,95,38,39,40,60,42,7,44,45,77,47,48,21,92,51,53,13,54,55,6,57,58,59,2,0,62,96,64,10,66,117,68,20,70,71,72,65,74,75,67,28,76,79,80,81,82,83,52,85,86,87,88,89,73,91,35,93,94,37,84,97,98,99,100,101,102,103,104,105,106,107,108,49,110,111,112,113,114,115,116,34,118,119,120,121,122,123,90,125,126,78,128,129,130,131,132,133,134,135,136,137,138,139,140,50,142,143,144,145,146,147,148,149,150,151,152,153,154,155,156,157,158,159,160,161,162,163,164,165,166,167,168,169,170,171,172,173,127,175,176,177,178,179,180,181,182,183,184,185,186,187,188,189,190,191,192,193,194,195,196,197,198,199];False
7600;8756;16356;[174,141,11,3,26,43,18,30,25,9,4,1,12,32,14,15,124,46,16,19,61,41,22,23,24,69,5,27,99,56,63,31,29,33,17,8,36,95,38,39,40,49,42,7,44,45,60,47,48,21,92,51,53,13,54,55,6,57,58,59,2,0,62,96,64,10,66,117,68,20,70,71,72,65,74,75,67,77,76,28,80,81,82,83,52,85,86,87,88,89,73,91,35,93,94,37,84,97,98,79,100,101,102,103,104,105,106,107,108,109,110,111,112,113,114,115,116,34,118,119,120,121,122,123,90,125,126,78,128,129,130,131,132,133,134,135,136,137,138,139,140,50,142,143,144,145,146,147,148,149,150,151,152,153,154,155,156,157,158,159,160,161,162,163,164,165,166,167,168,169,170,171,172,173,127,175,176,177,178,179,180,181,182,183,184,185,186,187,188,189,190,191,192,193,194,195,196,197,198,199];False
7522;8753;16275;[53,141,11,3,26,43,18,30,25,9,4,1,12,32,14,15,124,46,174,19,61,41,22,23,24,69,5,27,99,56,63,31,29,33,17,8,36,95,38,39,40,49,42,7,44,45,60,47,48,21,92,51,16,13,54,55,6,57,58,59,2,0,62,96,64,10,66,117,68,20,70,71,72,65,74,75,67,77,76,28,80,81,82,83,52,85,86,87,88,89,73,91,35,93,94,37,84,97,98,79,100,101,102,103,104,105,106,107,108,109,110,111,112,113,114,115,116,34,118,119,120,121,122,123,90,125,126,78,128,129,130,131,132,133,134,135,136,137,138,139,140,50,142,143,144,145,146,147,148,149,150,151,152,153,154,155,156,157,158,159,160,161,162,163,164,165,166,167,168,169,170,171,172,173,127,175,176,177,178,179,180,181,182,183,184,185,186,187,188,189,190,191,192,193,194,195,196,197,198,199];False
7624;8740;16364;[75,141,11,3,26,43,18,30,25,9,4,1,12,32,14,15,124,46,174,19,61,41,22,23,24,69,5,27,99,56,63,31,29,33,17,8,36,95,38,39,40,49,42,7,44,45,60,47,48,21,92,51,53,13,54,55,6,57,58,59,2,0,62,96,64,10,66,117,68,20,70,71,72,65,74,16,67,77,76,28,80,81,82,83,52,85,86,87,88,89,73,91,35,93,94,37,84,97,98,79,100,101,102,103,104,105,106,107,108,109,110,111,112,113,114,115,116,34,118,119,120,121,122,123,90,125,126,78,128,129,130,131,132,133,134,135,136,137,138,139,140,50,142,143,144,145,146,147,148,149,150,151,152,153,154,155,156,157,158,159,160,161,162,163,164,165,166,167,168,169,170,171,172,173,127,175,176,177,178,179,180,181,182,183,184,185,186,187,188,189,190,191,192,193,194,195,196,197,198,199];False
7574;8738;16312;[73,141,11,3,26,43,18,30,25,9,4,1,12,32,14,15,124,46,174,19,61,41,22,23,24,69,5,27,99,56,63,31,29,33,17,8,36,95,38,39,40,49,42,7,44,45,60,47,48,21,92,51,53,13,54,55,6,57,58,59,2,0,62,96,64,10,66,117,68,20,70,71,72,65,74,75,67,77,76,28,80,81,82,83,52,85,86,87,88,89,16,91,35,93,94,37,84,97,98,79,100,101,102,103,104,105,106,107,108,109,110,111,112,113,114,115,116,34,118,119,120,121,122,123,90,125,126,78,128,129,130,131,132,133,134,135,136,137,138,139,140,50,142,143,144,145,146,147,148,149,150,151,152,153,154,155,156,157,158,159,160,161,162,163,164,165,166,167,168,169,170,171,172,173,127,175,176,177,178,179,180,181,182,183,184,185,186,187,188,189,190,191,192,193,194,195,196,197,198,199];False
7491;8744;16235;[102,141,11,3,26,43,18,30,25,9,4,1,12,32,14,15,124,46,174,19,61,41,22,23,24,69,5,27,99,56,63,31,29,33,17,8,36,95,38,39,40,49,42,7,44,45,60,47,48,21,92,51,53,13,54,55,6,57,58,59,2,0,62,96,64,10,66,117,68,20,70,71,72,65,74,75,67,77,76,28,80,81,82,83,52,85,86,87,88,89,73,91,35,93,94,37,84,97,98,79,100,101,16,103,104,105,106,107,108,109,110,111,112,113,114,115,116,34,118,119,120,121,122,123,90,125,126,78,128,129,130,131,132,133,134,135,136,137,138,139,140,50,142,143,144,145,146,147,148,149,150,151,152,153,154,155,156,157,158,159,160,161,162,163,164,165,166,167,168,169,170,171,172,173,127,175,176,177,178,179,180,181,182,183,184,185,186,187,188,189,190,191,192,193,194,195,196,197,198,199];False
7404;8767;16171;[9,141,11,3,26,43,18,30,25,105,4,1,12,32,14,15,124,46,174,19,61,41,22,23,24,69,5,27,16,56,63,31,29,33,17,8,36,95,38,39,40,49,42,7,44,45,60,47,48,21,92,51,53,13,54,55,6,57,58,59,2,0,62,96,64,10,66,117,68,20,70,71,72,65,74,75,67,77,76,28,80,81,82,83,52,85,86,87,88,89,73,91,35,93,94,37,84,97,98,79,100,101,102,103,104,99,106,107,108,109,110,111,112,113,114,115,116,34,118,119,120,121,122,123,90,125,126,78,128,129,130,131,132,133,134,135,136,137,138,139,140,50,142,143,144,145,146,147,148,149,150,151,152,153,154,155,156,157,158,159,160,161,162,163,164,165,166,167,168,169,170,171,172,173,127,175,176,177,178,179,180,181,182,183,184,185,186,187,188,189,190,191,192,193,194,195,196,197,198,199];False
7165;8881;16046;[42,141,11,47,26,43,18,30,25,9,4,1,12,32,3,15,124,8,16,14,61,41,22,23,24,69,5,27,109,56,63,31,29,33,17,35,36,95,38,85,77,49,64,7,44,45,60,39,48,21,92,51,53,13,54,55,6,57,58,59,2,0,62,46,84,10,66,117,68,20,70,71,72,65,74,75,67,28,76,79,80,81,82,83,40,37,86,87,88,89,73,91,78,93,94,114,96,97,98,99,100,101,102,52,104,105,106,107,108,19,110,111,112,113,103,115,116,34,118,119,120,121,122,123,90,125,126,127,128,129,130,131,132,133,134,135,136,137,138,139,140,50,142,143,144,145,146,147,148,149,150,151,152,153,154,155,156,157,158,159,160,161,162,163,164,165,166,167,168,169,170,171,172,173,174,175,176,177,178,179,180,181,182,183,184,185,186,187,188,189,190,191,192,193,194,195,196,197,198,199];False
7118;8891;16009;[8,141,11,47,26,43,18,30,25,9,4,1,12,32,3,15,124,99,16,14,61,41,22,23,24,69,5,27,109,56,63,31,29,33,17,35,36,95,38,85,77,49,42,7,44,45,60,39,48,21,92,51,53,13,54,55,6,57,58,59,2,0,62,46,64,10,66,117,68,20,70,71,72,65,74,75,67,28,76,79,80,81,82,83,40,37,86,87,88,89,73,91,78,93,94,114,96,97,98,84,100,101,102,52,104,105,106,107,108,19,110,111,112,113,103,115,116,34,118,119,120,121,122,123,90,125,126,127,128,129,130,131,132,133,134,135,136,137,138,139,140,50,142,143,144,145,146,147,148,149,150,151,152,153,154,155,156,157,158,159,160,161,162,163,164,165,166,167,168,169,170,171,172,173,174,175,176,177,178,179,180,181,182,183,184,185,186,187,188,189,190,191,192,193,194,195,196,197,198,199];False
7077;8898;15975;[109,141,11,47,26,43,18,30,25,9,4,1,12,32,3,15,124,8,16,14,61,41,22,23,24,69,5,27,99,56,63,31,29,33,17,35,36,95,38,85,77,49,42,7,44,45,60,39,48,21,92,51,53,13,54,55,6,57,58,59,2,0,62,46,64,10,66,117,68,20,70,71,72,65,74,75,67,28,76,79,80,81,82,83,40,37,86,87,88,89,73,91,78,93,94,114,96,97,98,84,100,101,102,52,104,105,106,107,108,19,110,111,112,113,103,115,116,34,118,119,120,121,122,123,90,125,126,127,128,129,130,131,132,133,134,135,136,137,138,139,140,50,142,143,144,145,146,147,148,149,150,151,152,153,154,155,156,157,158,159,160,161,162,163,164,165,166,167,168,169,170,171,172,173,174,175,176,177,178,179,180,181,182,183,184,185,186,187,188,189,190,191,192,193,194,195,196,197,198,199];False
7071;8897;15968;[92,141,11,47,26,43,18,30,25,9,4,1,12,32,3,15,124,8,16,14,61,41,22,23,24,69,5,27,109,56,63,31,29,33,17,35,36,95,38,85,77,49,42,7,44,45,60,39,48,21,99,51,53,13,54,55,6,57,58,59,2,0,62,46,64,10,66,117,68,20,70,71,72,65,74,75,67,28,76,79,80,81,82,83,40,37,86,87,88,89,73,91,78,93,94,114,96,97,98,84,100,101,102,52,104,105,106,107,108,19,110,111,112,113,103,115,116,34,118,119,120,121,122,123,90,125,126,127,128,129,130,131,132,133,134,135,136,137,138,139,140,50,142,143,144,145,146,147,148,149,150,151,152,153,154,155,156,157,158,159,160,161,162,163,164,165,166,167,168,169,170,171,172,173,174,175,176,177,178,179,180,181,182,183,184,185,186,187,188,189,190,191,192,193,194,195,196,197,198,199];False
7152;8868;16020;[64,141,11,47,26,43,18,30,25,9,4,1,12,32,3,15,124,8,16,14,61,41,22,23,24,69,5,27,109,56,63,31,29,33,17,35,36,95,38,85,77,49,42,7,44,45,60,39,48,21,92,51,53,13,54,55,6,57,58,59,2,0,62,46,99,10,66,117,68,20,70,71,72,65,74,75,67,28,76,79,80,81,82,83,40,37,86,87,88,89,73,91,78,93,94,114,96,97,98,84,100,101,102,52,104,105,106,107,108,19,110,111,112,113,103,115,116,34,118,119,120,121,122,123,90,125,126,127,128,129,130,131,132,133,134,135,136,137,138,139,140,50,142,143,144,145,146,147,148,149,150,151,152,153,154,155,156,157,158,159,160,161,162,163,164,165,166,167,168,169,170,171,172,173,174,175,176,177,178,179,180,181,182,183,184,185,186,187,188,189,190,191,192,193,194,195,196,197,198,199];False
7114;8890;16004;[91,141,11,47,26,43,18,30,25,9,4,1,12,32,3,15,124,8,16,14,61,41,22,23,24,69,5,27,109,56,63,31,29,33,17,35,36,95,38,85,77,49,42,7,44,45,60,39,48,21,92,51,53,13,54,55,6,57,58,59,2,0,62,46,64,10,66,117,68,20,70,71,72,65,74,75,67,28,76,79,80,81,82,83,40,37,86,87,88,89,73,99,78,93,94,114,96,97,98,84,100,101,102,52,104,105,106,107,108,19,110,111,112,113,103,115,116,34,118,119,120,121,122,123,90,125,126,127,128,129,130,131,132,133,134,135,136,137,138,139,140,50,142,143,144,145,146,147,148,149,150,151,152,153,154,155,156,157,158,159,160,161,162,163,164,165,166,167,168,169,170,171,172,173,174,175,176,177,178,179,180,181,182,183,184,185,186,187,188,189,190,191,192,193,194,195,196,197,198,199];False
7056;8922;15978;[94,141,11,47,26,43,18,30,25,9,4,1,12,32,3,15,124,8,16,14,61,41,22,23,24,69,5,27,109,56,63,31,29,33,17,35,36,95,38,85,77,49,42,7,44,45,60,39,48,21,92,51,53,13,54,55,6,57,58,59,2,0,62,46,64,10,66,117,68,20,70,71,72,65,74,75,67,28,76,79,80,81,82,83,40,37,86,87,88,89,73,91,78,93,99,114,96,97,98,84,100,101,102,52,104,105,106,107,108,19,110,111,112,113,103,115,116,34,118,119,120,121,122,123,90,125,126,127,128,129,130,131,132,133,134,135,136,137,138,139,140,50,142,143,144,145,146,147,148,149,150,151,152,153,154,155,156,157,158,159,160,161,162,163,164,165,166,167,168,169,170,171,172,173,174,175,176,177,178,179,180,181,182,183,184,185,186,187,188,189,190,191,192,193,194,195,196,197,198,199];False
7001;8951;15952;[96,141,11,47,26,43,18,30,25,9,4,1,12,32,3,15,124,8,16,14,61,41,22,23,24,69,5,27,109,56,63,31,29,33,17,35,36,95,38,85,77,49,42,7,44,45,60,39,48,21,92,51,53,13,54,55,6,57,58,59,2,0,62,46,64,10,66,117,68,20,70,71,72,65,74,75,67,28,76,79,80,81,82,83,40,37,86,87,88,89,73,91,78,93,94,114,99,97,98,84,100,101,102,52,104,105,106,107,108,19,110,111,112,113,103,115,116,34,118,119,120,121,122,123,90,125,126,127,128,129,130,131,132,133,134,135,136,137,138,139,140,50,142,143,144,145,146,147,148,149,150,151,152,153,154,155,156,157,158,159,160,161,162,163,164,165,166,167,168,169,170,171,172,173,174,175,176,177,178,179,180,181,182,183,184,185,186,187,188,189,190,191,192,193,194,195,196,197,198,199];False
7028;8947;15975;[52,141,11,47,26,43,18,30,25,9,4,1,12,32,3,15,124,8,16,14,61,41,22,23,24,69,5,27,109,56,63,31,29,33,17,35,36,95,38,85,77,49,42,7,44,45,60,39,48,21,92,51,53,13,54,55,6,57,58,59,2,0,62,46,64,10,66,117,68,20,70,71,72,65,74,75,67,28,76,79,80,81,82,83,40,37,86,87,88,89,73,91,78,93,94,114,96,97,98,84,100,101,102,99,104,105,106,107,108,19,110,111,112,113,103,115,116,34,118,119,120,121,122,123,90,125,126,127,128,129,130,131,132,133,134,135,136,137,138,139,140,50,142,143,144,145,146,147,148,149,150,151,152,153,154,155,156,157,158,159,160,161,162,163,164,165,166,167,168,169,170,171,172,173,174,175,176,177,178,179,180,181,182,183,184,185,186,187,188,189,190,191,192,193,194,195,196,197,198,199];False
7065;8886;15951;[105,141,11,47,26,43,18,30,25,9,4,1,12,32,3,15,124,8,16,14,61,41,22,23,24,69,5,27,109,56,63,31,29,33,17,35,36,95,38,85,77,49,42,7,44,45,60,39,48,21,92,51,53,13,54,55,6,57,58,59,2,0,62,46,64,10,66,117,68,20,70,71,72,65,74,75,67,28,76,79,80,81,82,83,40,37,86,87,88,89,73,91,78,93,94,114,96,97,98,84,100,101,102,52,104,99,106,107,108,19,110,111,112,113,103,115,116,34,118,119,120,121,122,123,90,125,126,127,128,129,130,131,132,133,134,135,136,137,138,139,140,50,142,143,144,145,146,147,148,149,150,151,152,153,154,155,156,157,158,159,160,161,162,163,164,165,166,167,168,169,170,171,172,173,174,175,176,177,178,179,180,181,182,183,184,185,186,187,188,189,190,191,192,193,194,195,196,197,198,199];False
7223;8827;16050;[11,80,42,47,26,43,18,30,25,9,4,1,12,32,3,15,124,8,16,14,61,41,22,23,24,69,5,27,28,56,63,31,29,33,17,35,36,95,38,85,40,49,64,7,44,45,60,39,48,21,92,51,53,13,54,55,6,57,58,59,2,0,62,46,109,10,66,117,68,20,70,71,72,65,74,75,67,77,76,79,141,81,82,83,84,37,86,87,88,89,73,91,78,93,94,114,96,97,98,99,100,101,102,52,104,105,106,107,108,19,110,111,112,113,103,115,116,34,118,119,120,121,122,123,90,125,126,127,128,129,130,131,132,133,134,135,136,137,138,139,140,50,142,143,144,145,146,147,148,149,150,151,152,153,154,155,156,157,158,159,160,161,162,163,164,165,166,167,168,169,170,171,172,173,174,175,176,177,178,179,180,181,182,183,184,185,186,187,188,189,190,191,192,193,194,195,196,197,198,199];False
7265;8815;16080;[43,11,42,47,26,80,18,30,25,9,4,1,12,32,3,15,124,8,16,14,61,41,22,23,24,69,5,27,28,56,63,31,29,33,17,35,36,95,38,85,40,49,64,7,44,45,60,39,48,21,92,51,53,13,54,55,6,57,58,59,2,0,62,46,109,10,66,117,68,20,70,71,72,65,74,75,67,77,76,79,141,81,82,83,84,37,86,87,88,89,73,91,78,93,94,114,96,97,98,99,100,101,102,52,104,105,106,107,108,19,110,111,112,113,103,115,116,34,118,119,120,121,122,123,90,125,126,127,128,129,130,131,132,133,134,135,136,137,138,139,140,50,142,143,144,145,146,147,148,149,150,151,152,153,154,155,156,157,158,159,160,161,162,163,164,165,166,167,168,169,170,171,172,173,174,175,176,177,178,179,180,181,182,183,184,185,186,187,188,189,190,191,192,193,194,195,196,197,198,199];False
7205;8847;16052;[9,11,42,47,26,43,18,30,25,80,4,1,12,32,3,15,124,8,16,14,61,41,22,23,24,69,5,27,28,56,63,31,29,33,17,35,36,95,38,85,40,49,64,7,44,45,60,39,48,21,92,51,53,13,54,55,6,57,58,59,2,0,62,46,109,10,66,117,68,20,70,71,72,65,74,75,67,77,76,79,141,81,82,83,84,37,86,87,88,89,73,91,78,93,94,114,96,97,98,99,100,101,102,52,104,105,106,107,108,19,110,111,112,113,103,115,116,34,118,119,120,121,122,123,90,125,126,127,128,129,130,131,132,133,134,135,136,137,138,139,140,50,142,143,144,145,146,147,148,149,150,151,152,153,154,155,156,157,158,159,160,161,162,163,164,165,166,167,168,169,170,171,172,173,174,175,176,177,178,179,180,181,182,183,184,185,186,187,188,189,190,191,192,193,194,195,196,197,198,199];False
7189;8821;16010;[4,11,42,47,26,43,18,30,25,9,80,1,12,32,3,15,124,8,16,14,61,41,22,23,24,69,5,27,28,56,63,31,29,33,17,35,36,95,38,85,40,49,64,7,44,45,60,39,48,21,92,51,53,13,54,55,6,57,58,59,2,0,62,46,109,10,66,117,68,20,70,71,72,65,74,75,67,77,76,79,141,81,82,83,84,37,86,87,88,89,73,91,78,93,94,114,96,97,98,99,100,101,102,52,104,105,106,107,108,19,110,111,112,113,103,115,116,34,118,119,120,121,122,123,90,125,126,127,128,129,130,131,132,133,134,135,136,137,138,139,140,50,142,143,144,145,146,147,148,149,150,151,152,153,154,155,156,157,158,159,160,161,162,163,164,165,166,167,168,169,170,171,172,173,174,175,176,177,178,179,180,181,182,183,184,185,186,187,188,189,190,191,192,193,194,195,196,197,198,199];False
6953;8992;15945;[42,52,11,3,26,96,18,30,25,94,75,1,12,32,14,15,124,9,16,19,61,41,22,23,24,69,5,27,28,56,63,31,29,33,17,35,36,37,60,39,40,49,151,7,44,45,86,47,48,21,50,51,53,13,54,55,6,57,58,59,2,0,77,46,64,10,66,117,68,20,70,71,72,65,74,84,67,81,80,79,38,73,82,83,76,85,92,87,88,89,4,91,78,93,62,95,8,97,98,99,100,101,102,103,104,105,43,107,108,109,110,111,112,113,114,115,116,34,118,119,120,121,122,123,90,125,126,127,128,129,130,131,132,133,134,135,136,137,138,139,140,141,142,143,144,145,146,147,148,149,150,106,152,153,154,155,156,157,158,159,160,161,162,163,164,165,166,167,168,169,170,171,172,173,174,175,176,177,178,179,180,181,182,183,184,185,186,187,188,189,190,191,192,193,194,195,196,197,198,199];False
6855;8987;15842;[109,52,11,3,26,96,18,30,25,94,75,1,12,32,14,15,124,9,16,19,61,41,22,23,24,69,5,27,28,56,63,31,29,33,17,35,36,37,60,39,40,49,42,7,44,45,86,47,48,21,50,51,53,13,54,55,6,57,58,59,2,0,77,46,64,10,66,117,68,20,70,71,72,65,74,84,67,81,80,79,38,73,82,83,76,85,92,87,88,89,4,91,78,93,62,95,8,97,98,99,100,101,102,103,104,105,43,107,108,151,110,111,112,113,114,115,116,34,118,119,120,121,122,123,90,125,126,127,128,129,130,131,132,133,134,135,136,137,138,139,140,141,142,143,144,145,146,147,148,149,150,106,152,153,154,155,156,157,158,159,160,161,162,163,164,165,166,167,168,169,170,171,172,173,174,175,176,177,178,179,180,181,182,183,184,185,186,187,188,189,190,191,192,193,194,195,196,197,198,199];False
6969;8983;15952;[1,52,11,3,26,96,18,30,25,94,75,172,12,32,14,15,124,9,16,19,61,41,22,23,24,69,5,27,28,56,63,31,29,33,17,35,36,37,60,39,40,49,42,7,44,45,86,47,48,21,50,51,53,13,54,55,6,57,58,59,2,0,77,46,64,10,66,117,68,20,70,71,72,65,74,84,67,81,80,79,38,73,82,83,76,85,92,87,88,89,4,91,78,93,62,95,8,97,98,99,100,101,102,103,104,105,43,107,108,109,110,111,112,113,114,115,116,34,118,119,120,121,122,123,90,125,126,127,128,129,130,131,132,133,134,135,136,137,138,139,140,141,142,143,144,145,146,147,148,149,150,151,152,153,154,155,156,157,158,159,160,161,162,163,164,165,166,167,168,169,170,171,106,173,174,175,176,177,178,179,180,181,182,183,184,185,186,187,188,189,190,191,192,193,194,195,196,197,198,199];False
6960;8963;15923;[78,52,11,3,26,96,18,30,25,94,75,1,12,32,14,15,124,9,16,19,61,41,22,23,24,69,5,27,28,56,63,31,29,33,17,35,36,37,60,39,40,49,42,7,44,45,86,47,48,21,50,51,53,13,54,55,6,57,58,59,2,0,77,46,64,10,66,117,68,20,70,71,72,65,74,84,67,81,80,79,38,73,82,83,76,85,92,87,88,89,4,91,172,93,62,95,8,97,98,99,100,101,102,103,104,105,43,107,108,109,110,111,112,113,114,115,116,34,118,119,120,121,122,123,90,125,126,127,128,129,130,131,132,133,134,135,136,137,138,139,140,141,142,143,144,145,146,147,148,149,150,151,152,153,154,155,156,157,158,159,160,161,162,163,164,165,166,167,168,169,170,171,106,173,174,175,176,177,178,179,180,181,182,183,184,185,186,187,188,189,190,191,192,193,194,195,196,197,198,199];False
6710;9161;15871;[25,52,11,3,26,43,18,30,109,9,33,1,12,32,14,15,124,94,93,19,61,41,22,23,24,69,5,27,16,56,63,31,29,155,17,35,36,37,60,39,40,49,42,7,44,45,86,47,48,28,4,51,53,13,54,55,6,57,58,59,2,0,62,46,64,10,66,117,68,20,70,71,72,65,74,75,67,77,80,79,38,81,82,83,76,85,92,87,88,89,73,91,78,8,84,95,96,97,98,99,100,101,102,103,104,105,106,107,108,151,110,111,112,113,114,115,116,34,118,119,120,121,122,123,90,125,126,127,128,129,130,131,132,133,134,135,136,137,138,139,140,141,142,143,144,145,146,147,148,149,150,21,152,153,154,50,156,157,158,159,160,161,162,163,164,165,166,167,168,169,170,171,172,173,174,175,176,177,178,179,180,181,182,183,184,185,186,187,188,189,190,191,192,193,194,195,196,197,198,199];False
6719;9159;15878;[42,52,11,3,26,43,18,30,25,9,33,1,12,32,14,15,124,94,93,19,61,41,22,23,24,69,5,27,16,56,63,31,29,155,17,35,36,37,60,39,40,49,109,7,44,45,86,47,48,28,4,51,53,13,54,55,6,57,58,59,2,0,62,46,64,10,66,117,68,20,70,71,72,65,74,75,67,77,80,79,38,81,82,83,76,85,92,87,88,89,73,91,78,8,84,95,96,97,98,99,100,101,102,103,104,105,106,107,108,151,110,111,112,113,114,115,116,34,118,119,120,121,122,123,90,125,126,127,128,129,130,131,132,133,134,135,136,137,138,139,140,141,142,143,144,145,146,147,148,149,150,21,152,153,154,50,156,157,158,159,160,161,162,163,164,165,166,167,168,169,170,171,172,173,174,175,176,177,178,179,180,181,182,183,184,185,186,187,188,189,190,191,192,193,194,195,196,197,198,199];False
6736;9120;15856;[10,52,11,3,26,43,18,30,25,9,33,1,12,32,14,15,124,94,93,19,61,41,22,23,24,69,5,27,16,56,63,31,29,155,17,35,36,37,60,39,40,49,42,7,44,45,86,47,48,28,4,51,53,13,54,55,6,57,58,59,2,0,62,46,64,109,66,117,68,20,70,71,72,65,74,75,67,77,80,79,38,81,82,83,76,85,92,87,88,89,73,91,78,8,84,95,96,97,98,99,100,101,102,103,104,105,106,107,108,151,110,111,112,113,114,115,116,34,118,119,120,121,122,123,90,125,126,127,128,129,130,131,132,133,134,135,136,137,138,139,140,141,142,143,144,145,146,147,148,149,150,21,152,153,154,50,156,157,158,159,160,161,162,163,164,165,166,167,168,169,170,171,172,173,174,175,176,177,178,179,180,181,182,183,184,185,186,187,188,189,190,191,192,193,194,195,196,197,198,199];False
6768;9105;15873;[71,52,11,3,26,43,18,30,25,9,33,1,12,32,14,15,124,94,93,19,61,41,22,23,24,69,5,27,16,56,63,31,29,155,17,35,36,37,60,39,40,49,42,7,44,45,86,47,48,28,4,51,53,13,54,55,6,57,58,59,2,0,62,46,64,10,66,117,68,20,70,109,72,65,74,75,67,77,80,79,38,81,82,83,76,85,92,87,88,89,73,91,78,8,84,95,96,97,98,99,100,101,102,103,104,105,106,107,108,151,110,111,112,113,114,115,116,34,118,119,120,121,122,123,90,125,126,127,128,129,130,131,132,133,134,135,136,137,138,139,140,141,142,143,144,145,146,147,148,149,150,21,152,153,154,50,156,157,158,159,160,161,162,163,164,165,166,167,168,169,170,171,172,173,174,175,176,177,178,179,180,181,182,183,184,185,186,187,188,189,190,191,192,193,194,195,196,197,198,199];False
6747;9102;15849;[81,52,11,3,26,43,18,30,25,9,33,1,12,32,14,15,124,94,93,19,61,41,22,23,24,69,5,27,16,56,63,31,29,155,17,35,36,37,60,39,40,49,42,7,44,45,86,47,48,28,4,51,53,13,54,55,6,57,58,59,2,0,62,46,64,10,66,117,68,20,70,71,72,65,74,75,67,77,80,79,38,109,82,83,76,85,92,87,88,89,73,91,78,8,84,95,96,97,98,99,100,101,102,103,104,105,106,107,108,151,110,111,112,113,114,115,116,34,118,119,120,121,122,123,90,125,126,127,128,129,130,131,132,133,134,135,136,137,138,139,140,141,142,143,144,145,146,147,148,149,150,21,152,153,154,50,156,157,158,159,160,161,162,163,164,165,166,167,168,169,170,171,172,173,174,175,176,177,178,179,180,181,182,183,184,185,186,187,188,189,190,191,192,193,194,195,196,197,198,199];False
6790;9068;15858;[78,52,11,3,26,43,18,30,25,9,33,1,12,32,14,15,124,94,93,19,61,41,22,23,24,69,5,27,16,56,63,31,29,155,17,35,36,37,60,39,40,49,42,7,44,45,86,47,48,28,4,51,53,13,54,55,6,57,58,59,2,0,62,46,64,10,66,117,68,20,70,71,72,65,74,75,67,77,80,79,38,81,82,83,76,85,92,87,88,89,73,91,109,8,84,95,96,97,98,99,100,101,102,103,104,105,106,107,108,151,110,111,112,113,114,115,116,34,118,119,120,121,122,123,90,125,126,127,128,129,130,131,132,133,134,135,136,137,138,139,140,141,142,143,144,145,146,147,148,149,150,21,152,153,154,50,156,157,158,159,160,161,162,163,164,165,166,167,168,169,170,171,172,173,174,175,176,177,178,179,180,181,182,183,184,185,186,187,188,189,190,191,192,193,194,195,196,197,198,199];False
6726;9095;15821;[108,52,11,3,26,43,18,30,25,9,33,1,12,32,14,15,124,94,93,19,61,41,22,23,24,69,5,27,16,56,63,31,29,155,17,35,36,37,60,39,40,49,42,7,44,45,86,47,48,28,4,51,53,13,54,55,6,57,58,59,2,0,62,46,64,10,66,117,68,20,70,71,72,65,74,75,67,77,80,79,38,81,82,83,76,85,92,87,88,89,73,91,78,8,84,95,96,97,98,99,100,101,102,103,104,105,106,107,109,151,110,111,112,113,114,115,116,34,118,119,120,121,122,123,90,125,126,127,128,129,130,131,132,133,134,135,136,137,138,139,140,141,142,143,144,145,146,147,148,149,150,21,152,153,154,50,156,157,158,159,160,161,162,163,164,165,166,167,168,169,170,171,172,173,174,175,176,177,178,179,180,181,182,183,184,185,186,187,188,189,190,191,192,193,194,195,196,197,198,199];False
6678;9146;15824;[9,52,11,3,26,43,18,30,25,46,33,1,12,32,14,15,124,94,93,19,61,41,22,23,24,69,5,27,16,56,63,31,29,155,17,35,36,37,60,39,40,49,42,7,44,45,86,47,48,28,109,51,53,13,54,55,6,57,58,59,2,0,62,4,64,10,66,117,68,20,70,71,72,65,74,75,67,77,80,79,38,81,82,83,76,85,92,87,88,89,73,91,78,8,84,95,96,97,98,99,100,101,102,103,104,105,106,107,108,151,110,111,112,113,114,115,116,34,118,119,120,121,122,123,90,125,126,127,128,129,130,131,132,133,134,135,136,137,138,139,140,141,142,143,144,145,146,147,148,149,150,21,152,153,154,50,156,157,158,159,160,161,162,163,164,165,166,167,168,169,170,171,172,173,174,175,176,177,178,179,180,181,182,183,184,185,186,187,188,189,190,191,192,193,194,195,196,197,198,199];False
6692;9145;15837;[61,52,11,3,26,43,18,30,25,9,33,1,12,32,14,15,124,94,93,19,46,41,22,23,24,69,5,27,16,56,63,31,29,155,17,35,36,37,60,39,40,49,42,7,44,45,86,47,48,28,109,51,53,13,54,55,6,57,58,59,2,0,62,4,64,10,66,117,68,20,70,71,72,65,74,75,67,77,80,79,38,81,82,83,76,85,92,87,88,89,73,91,78,8,84,95,96,97,98,99,100,101,102,103,104,105,106,107,108,151,110,111,112,113,114,115,116,34,118,119,120,121,122,123,90,125,126,127,128,129,130,131,132,133,134,135,136,137,138,139,140,141,142,143,144,145,146,147,148,149,150,21,152,153,154,50,156,157,158,159,160,161,162,163,164,165,166,167,168,169,170,171,172,173,174,175,176,177,178,179,180,181,182,183,184,185,186,187,188,189,190,191,192,193,194,195,196,197,198,199];False
6714;9142;15856;[42,52,11,3,26,43,18,30,25,9,33,1,12,32,14,15,124,94,93,19,61,41,22,23,24,69,5,27,16,56,63,31,29,155,17,35,36,37,60,39,40,49,46,7,44,45,86,47,48,28,109,51,53,13,54,55,6,57,58,59,2,0,62,4,64,10,66,117,68,20,70,71,72,65,74,75,67,77,80,79,38,81,82,83,76,85,92,87,88,89,73,91,78,8,84,95,96,97,98,99,100,101,102,103,104,105,106,107,108,151,110,111,112,113,114,115,116,34,118,119,120,121,122,123,90,125,126,127,128,129,130,131,132,133,134,135,136,137,138,139,140,141,142,143,144,145,146,147,148,149,150,21,152,153,154,50,156,157,158,159,160,161,162,163,164,165,166,167,168,169,170,171,172,173,174,175,176,177,178,179,180,181,182,183,184,185,186,187,188,189,190,191,192,193,194,195,196,197,198,199];False
6704;9124;15828;[109,52,11,3,26,43,18,30,25,9,33,1,12,32,14,15,124,94,93,19,61,41,22,23,24,69,5,27,16,56,63,31,29,155,17,35,36,37,60,39,40,49,42,7,44,45,86,47,48,28,46,51,53,13,54,55,6,57,58,59,2,0,62,4,64,10,66,117,68,20,70,71,72,65,74,75,67,77,80,79,38,81,82,83,76,85,92,87,88,89,73,91,78,8,84,95,96,97,98,99,100,101,102,103,104,105,106,107,108,151,110,111,112,113,114,115,116,34,118,119,120,121,122,123,90,125,126,127,128,129,130,131,132,133,134,135,136,137,138,139,140,141,142,143,144,145,146,147,148,149,150,21,152,153,154,50,156,157,158,159,160,161,162,163,164,165,166,167,168,169,170,171,172,173,174,175,176,177,178,179,180,181,182,183,184,185,186,187,188,189,190,191,192,193,194,195,196,197,198,199];False
6818;9056;15874;[9,52,11,3,26,43,18,30,25,4,33,1,12,32,14,15,124,94,93,19,61,41,22,23,24,69,5,27,16,56,63,31,29,46,17,35,36,37,60,39,40,49,42,7,44,45,86,47,48,28,50,51,53,13,54,55,6,57,58,59,2,0,62,185,64,10,66,117,68,20,70,71,72,65,74,75,67,77,80,79,38,81,82,83,76,85,92,87,88,89,73,91,109,8,84,95,96,97,98,99,100,101,102,103,104,105,106,107,108,151,110,111,112,113,114,115,116,34,118,119,120,121,122,123,90,125,126,127,128,129,130,131,132,133,134,135,136,137,138,139,140,141,142,143,144,145,146,147,148,149,150,21,152,153,154,155,156,157,158,159,160,161,162,163,164,165,166,167,168,169,170,171,172,173,174,175,176,177,178,179,180,181,182,183,184,78,186,187,188,189,190,191,192,193,194,195,196,197,198,199];False
6795;9039;15834;[36,52,11,3,26,43,18,30,25,9,33,1,12,32,14,15,124,94,93,19,61,41,22,23,24,69,5,27,16,56,63,31,29,46,17,35,4,37,60,39,40,49,42,7,44,45,86,47,48,28,50,51,53,13,54,55,6,57,58,59,2,0,62,185,64,10,66,117,68,20,70,71,72,65,74,75,67,77,80,79,38,81,82,83,76,85,92,87,88,89,73,91,109,8,84,95,96,97,98,99,100,101,102,103,104,105,106,107,108,151,110,111,112,113,114,115,116,34,118,119,120,121,122,123,90,125,126,127,128,129,130,131,132,133,134,135,136,137,138,139,140,141,142,143,144,145,146,147,148,149,150,21,152,153,154,155,156,157,158,159,160,161,162,163,164,165,166,167,168,169,170,171,172,173,174,175,176,177,178,179,180,181,182,183,184,78,186,187,188,189,190,191,192,193,194,195,196,197,198,199];False
6842;9026;15868;[48,52,11,3,26,43,18,30,25,9,33,1,12,32,14,15,124,94,93,19,61,41,22,23,24,69,5,27,16,56,63,31,29,46,17,35,36,37,60,39,40,49,42,7,44,45,86,47,4,28,50,51,53,13,54,55,6,57,58,59,2,0,62,185,64,10,66,117,68,20,70,71,72,65,74,75,67,77,80,79,38,81,82,83,76,85,92,87,88,89,73,91,109,8,84,95,96,97,98,99,100,101,102,103,104,105,106,107,108,151,110,111,112,113,114,115,116,34,118,119,120,121,122,123,90,125,126,127,128,129,130,131,132,133,134,135,136,137,138,139,140,141,142,143,144,145,146,147,148,149,150,21,152,153,154,155,156,157,158,159,160,161,162,163,164,165,166,167,168,169,170,171,172,173,174,175,176,177,178,179,180,181,182,183,184,78,186,187,188,189,190,191,192,193,194,195,196,197,198,199];False
6825;9001;15826;[50,52,11,3,26,43,18,30,25,9,33,1,12,32,14,15,124,94,93,19,61,41,22,23,24,69,5,27,16,56,63,31,29,46,17,35,36,37,60,39,40,49,42,7,44,45,86,47,48,28,4,51,53,13,54,55,6,57,58,59,2,0,62,185,64,10,66,117,68,20,70,71,72,65,74,75,67,77,80,79,38,81,82,83,76,85,92,87,88,89,73,91,109,8,84,95,96,97,98,99,100,101,102,103,104,105,106,107,108,151,110,111,112,113,114,115,116,34,118,119,120,121,122,123,90,125,126,127,128,129,130,131,132,133,134,135,136,137,138,139,140,141,142,143,144,145,146,147,148,149,150,21,152,153,154,155,156,157,158,159,160,161,162,163,164,165,166,167,168,169,170,171,172,173,174,175,176,177,178,179,180,181,182,183,184,78,186,187,188,189,190,191,192,193,194,195,196,197,198,199];False
6838;8994;15832;[75,52,11,3,26,43,18,30,25,9,33,1,12,32,14,15,124,94,93,19,61,41,22,23,24,69,5,27,16,56,63,31,29,46,17,35,36,37,60,39,40,49,42,7,44,45,86,47,48,28,50,51,53,13,54,55,6,57,58,59,2,0,62,185,64,10,66,117,68,20,70,71,72,65,74,4,67,77,80,79,38,81,82,83,76,85,92,87,88,89,73,91,109,8,84,95,96,97,98,99,100,101,102,103,104,105,106,107,108,151,110,111,112,113,114,115,116,34,118,119,120,121,122,123,90,125,126,127,128,129,130,131,132,133,134,135,136,137,138,139,140,141,142,143,144,145,146,147,148,149,150,21,152,153,154,155,156,157,158,159,160,161,162,163,164,165,166,167,168,169,170,171,172,173,174,175,176,177,178,179,180,181,182,183,184,78,186,187,188,189,190,191,192,193,194,195,196,197,198,199];False
8015;8692;16707;[12,141,11,3,26,43,127,30,25,9,4,1,75,32,14,15,124,46,109,19,61,41,22,23,24,69,5,27,73,56,63,31,29,33,17,8,36,28,38,39,40,18,42,7,44,45,60,47,48,21,92,51,53,13,54,55,6,57,58,59,2,0,62,96,64,10,66,117,68,20,70,71,72,65,74,82,67,77,76,79,80,81,35,83,52,85,86,87,88,89,16,91,37,93,94,95,84,97,98,99,100,101,102,103,104,105,106,107,108,49,110,111,112,113,114,115,116,34,118,119,120,121,122,123,90,125,126,78,128,129,130,131,132,133,134,135,136,137,138,139,140,50,142,143,144,145,146,147,148,149,150,151,152,153,154,155,156,157,158,159,160,161,162,163,164,165,166,167,168,169,170,171,172,173,174,175,176,177,178,179,180,181,182,183,184,185,186,187,188,189,190,191,192,193,194,195,196,197,198,199];False
7984;8725;16709;[24,141,11,3,26,43,12,30,25,9,4,1,75,32,14,15,124,46,109,95,61,41,22,23,19,69,5,27,73,56,63,31,29,33,17,8,36,28,38,39,40,18,42,7,44,45,60,47,48,21,92,51,53,13,54,55,6,57,58,59,2,0,62,96,64,10,66,117,68,20,70,71,72,65,74,82,67,77,76,79,80,81,35,83,52,85,86,87,88,89,16,91,78,93,94,37,84,97,98,99,100,101,102,103,104,105,106,107,108,49,110,111,112,113,114,115,116,34,118,119,120,121,122,123,90,125,126,127,128,129,130,131,132,133,134,135,136,137,138,139,140,50,142,143,144,145,146,147,148,149,150,151,152,153,154,155,156,157,158,159,160,161,162,163,164,165,166,167,168,169,170,171,172,173,174,175,176,177,178,179,180,181,182,183,184,185,186,187,188,189,190,191,192,193,194,195,196,197,198,199];False
7984;8691;16675;[60,141,11,3,26,43,12,30,25,9,4,1,75,32,14,15,124,46,109,95,61,41,22,23,24,69,5,27,73,56,63,31,29,33,17,8,36,28,38,39,40,18,42,7,44,45,19,47,48,21,92,51,53,13,54,55,6,57,58,59,2,0,62,96,64,10,66,117,68,20,70,71,72,65,74,82,67,77,76,79,80,81,35,83,52,85,86,87,88,89,16,91,78,93,94,37,84,97,98,99,100,101,102,103,104,105,106,107,108,49,110,111,112,113,114,115,116,34,118,119,120,121,122,123,90,125,126,127,128,129,130,131,132,133,134,135,136,137,138,139,140,50,142,143,144,145,146,147,148,149,150,151,152,153,154,155,156,157,158,159,160,161,162,163,164,165,166,167,168,169,170,171,172,173,174,175,176,177,178,179,180,181,182,183,184,185,186,187,188,189,190,191,192,193,194,195,196,197,198,199];False
7940;8723;16663;[4,141,11,3,26,43,127,30,25,9,91,1,75,32,14,15,124,46,16,19,61,41,22,12,24,69,5,27,28,56,63,31,29,33,17,8,36,23,38,39,40,18,42,7,44,45,60,47,48,21,92,51,53,13,54,55,6,57,58,59,2,0,62,96,64,10,66,117,68,20,70,71,72,65,74,82,67,77,76,79,80,81,35,83,52,85,86,87,88,89,73,37,109,93,94,95,84,97,98,99,100,101,102,103,104,105,106,107,108,49,110,111,112,113,114,115,116,34,118,119,120,121,122,123,90,125,126,78,128,129,130,131,132,133,134,135,136,137,138,139,140,50,142,143,144,145,146,147,148,149,150,151,152,153,154,155,156,157,158,159,160,161,162,163,164,165,166,167,168,169,170,171,172,173,174,175,176,177,178,179,180,181,182,183,184,185,186,187,188,189,190,191,192,193,194,195,196,197,198,199];False
7946;8717;16663;[4,141,11,3,26,43,127,30,25,9,95,1,75,32,14,15,124,46,16,19,61,41,22,12,24,69,5,27,28,56,63,31,29,33,17,8,36,23,38,39,40,18,42,7,44,45,60,47,48,21,92,51,53,13,54,55,6,57,58,59,2,0,62,96,64,10,66,117,68,20,70,71,72,65,74,82,67,77,76,79,80,81,35,83,52,85,86,87,88,89,73,91,109,93,94,37,84,97,98,99,100,101,102,103,104,105,106,107,108,49,110,111,112,113,114,115,116,34,118,119,120,121,122,123,90,125,126,78,128,129,130,131,132,133,134,135,136,137,138,139,140,50,142,143,144,145,146,147,148,149,150,151,152,153,154,155,156,157,158,159,160,161,162,163,164,165,166,167,168,169,170,171,172,173,174,175,176,177,178,179,180,181,182,183,184,185,186,187,188,189,190,191,192,193,194,195,196,197,198,199];False
7903;8723;16626;[14,141,11,3,26,43,127,30,25,9,4,1,75,32,95,15,124,46,16,19,61,41,22,12,24,69,5,27,28,56,63,31,29,33,17,8,36,23,38,39,40,18,42,7,44,45,60,47,48,21,92,51,53,13,54,55,6,57,58,59,2,0,62,96,64,10,66,117,68,20,70,71,72,65,74,82,67,77,76,79,80,81,35,83,52,85,86,87,88,89,73,91,109,93,94,37,84,97,98,99,100,101,102,103,104,105,106,107,108,49,110,111,112,113,114,115,116,34,118,119,120,121,122,123,90,125,126,78,128,129,130,131,132,133,134,135,136,137,138,139,140,50,142,143,144,145,146,147,148,149,150,151,152,153,154,155,156,157,158,159,160,161,162,163,164,165,166,167,168,169,170,171,172,173,174,175,176,177,178,179,180,181,182,183,184,185,186,187,188,189,190,191,192,193,194,195,196,197,198,199];False
7857;8714;16571;[16,141,11,3,26,43,127,30,25,9,4,1,75,32,14,15,124,46,95,19,61,41,22,12,24,69,5,27,28,56,63,31,29,33,17,8,36,23,38,39,40,18,42,7,44,45,60,47,48,21,92,51,53,13,54,55,6,57,58,59,2,0,62,96,64,10,66,117,68,20,70,71,72,65,74,82,67,77,76,79,80,81,35,83,52,85,86,87,88,89,73,91,109,93,94,37,84,97,98,99,100,101,102,103,104,105,106,107,108,49,110,111,112,113,114,115,116,34,118,119,120,121,122,123,90,125,126,78,128,129,130,131,132,133,134,135,136,137,138,139,140,50,142,143,144,145,146,147,148,149,150,151,152,153,154,155,156,157,158,159,160,161,162,163,164,165,166,167,168,169,170,171,172,173,174,175,176,177,178,179,180,181,182,183,184,185,186,187,188,189,190,191,192,193,194,195,196,197,198,199];False
7345;8794;16139;[19,141,11,3,26,43,18,30,25,9,4,1,12,32,14,15,124,46,174,103,61,41,22,23,24,69,5,27,16,56,63,31,29,33,17,8,36,95,38,39,40,60,42,7,44,45,77,47,48,21,92,51,53,13,54,55,6,57,58,59,2,0,62,96,64,10,66,117,68,20,70,71,72,65,74,75,67,28,76,79,80,81,82,83,52,85,86,87,88,89,73,91,35,93,94,37,84,97,98,99,100,101,102,49,104,105,106,107,108,109,110,111,112,113,114,115,116,34,118,119,120,121,122,123,90,125,126,78,128,129,130,131,132,133,134,135,136,137,138,139,140,50,142,143,144,145,146,147,148,149,150,151,152,153,154,155,156,157,158,159,160,161,162,163,164,165,166,167,168,169,170,171,172,173,127,175,176,177,178,179,180,181,182,183,184,185,186,187,188,189,190,191,192,193,194,195,196,197,198,199];False
7273;8813;16086;[100,141,11,3,26,43,18,30,25,9,4,1,12,32,14,15,124,46,174,19,61,41,22,23,24,69,5,27,16,56,63,31,29,33,17,8,36,95,38,39,40,60,42,7,44,45,77,47,48,21,92,51,53,13,54,55,6,57,58,59,2,0,62,96,64,10,66,117,68,20,70,71,72,65,74,75,67,28,76,79,80,81,82,83,52,85,86,87,88,89,73,91,35,93,94,37,84,97,98,99,103,101,102,49,104,105,106,107,108,109,110,111,112,113,114,115,116,34,118,119,120,121,122,123,90,125,126,78,128,129,130,131,132,133,134,135,136,137,138,139,140,50,142,143,144,145,146,147,148,149,150,151,152,153,154,155,156,157,158,159,160,161,162,163,164,165,166,167,168,169,170,171,172,173,127,175,176,177,178,179,180,181,182,183,184,185,186,187,188,189,190,191,192,193,194,195,196,197,198,199];False
7205;8811;16016;[114,141,11,3,26,43,18,30,25,9,4,1,12,32,14,15,124,46,174,19,61,41,22,23,24,69,5,27,16,56,63,31,29,33,17,8,36,95,38,39,40,60,42,7,44,45,77,47,48,21,92,51,53,13,54,55,6,57,58,59,2,0,62,96,64,10,66,117,68,20,70,71,72,65,74,75,67,28,76,79,80,81,82,83,52,85,86,87,88,89,73,91,35,93,94,37,84,97,98,99,100,101,102,49,104,105,106,107,108,109,110,111,112,113,103,115,116,34,118,119,120,121,122,123,90,125,126,78,128,129,130,131,132,133,134,135,136,137,138,139,140,50,142,143,144,145,146,147,148,149,150,151,152,153,154,155,156,157,158,159,160,161,162,163,164,165,166,167,168,169,170,171,172,173,127,175,176,177,178,179,180,181,182,183,184,185,186,187,188,189,190,191,192,193,194,195,196,197,198,199];False
7381;8792;16173;[4,141,11,3,26,43,18,30,25,9,109,1,12,32,14,15,124,46,174,19,61,41,22,23,24,69,5,27,16,56,63,31,29,33,17,8,36,95,38,39,40,60,42,7,44,45,77,47,48,21,92,51,53,13,54,55,6,57,58,59,2,0,62,96,64,10,66,117,68,20,70,71,72,65,74,75,67,28,76,79,80,81,82,83,52,85,86,87,88,89,73,91,35,93,94,37,84,97,98,99,100,101,102,103,104,105,106,107,108,49,110,111,112,113,114,115,116,34,118,119,120,121,122,123,90,125,126,78,128,129,130,131,132,133,134,135,136,137,138,139,140,50,142,143,144,145,146,147,148,149,150,151,152,153,154,155,156,157,158,159,160,161,162,163,164,165,166,167,168,169,170,171,172,173,127,175,176,177,178,179,180,181,182,183,184,185,186,187,188,189,190,191,192,193,194,195,196,197,198,199];False
7333;8777;16110;[16,141,11,3,26,43,18,30,25,9,4,1,12,32,14,15,124,46,174,19,61,41,22,23,24,69,5,27,109,56,63,31,29,33,17,8,36,95,38,39,40,60,42,7,44,45,77,47,48,21,92,51,53,13,54,55,6,57,58,59,2,0,62,96,64,10,66,117,68,20,70,71,72,65,74,75,67,28,76,79,80,81,82,83,52,85,86,87,88,89,73,91,35,93,94,37,84,97,98,99,100,101,102,103,104,105,106,107,108,49,110,111,112,113,114,115,116,34,118,119,120,121,122,123,90,125,126,78,128,129,130,131,132,133,134,135,136,137,138,139,140,50,142,143,144,145,146,147,148,149,150,151,152,153,154,155,156,157,158,159,160,161,162,163,164,165,166,167,168,169,170,171,172,173,127,175,176,177,178,179,180,181,182,183,184,185,186,187,188,189,190,191,192,193,194,195,196,197,198,199];False
7317;8797;16114;[92,141,11,3,26,43,18,30,25,9,4,1,12,32,14,15,124,46,174,19,61,41,22,23,24,69,5,27,16,56,63,31,29,33,17,8,36,95,38,39,40,60,42,7,44,45,77,47,48,21,109,51,53,13,54,55,6,57,58,59,2,0,62,96,64,10,66,117,68,20,70,71,72,65,74,75,67,28,76,79,80,81,82,83,52,85,86,87,88,89,73,91,35,93,94,37,84,97,98,99,100,101,102,103,104,105,106,107,108,49,110,111,112,113,114,115,116,34,118,119,120,121,122,123,90,125,126,78,128,129,130,131,132,133,134,135,136,137,138,139,140,50,142,143,144,145,146,147,148,149,150,151,152,153,154,155,156,157,158,159,160,161,162,163,164,165,166,167,168,169,170,171,172,173,127,175,176,177,178,179,180,181,182,183,184,185,186,187,188,189,190,191,192,193,194,195,196,197,198,199];False
7319;8784;16103;[10,141,11,3,26,43,18,30,25,9,4,1,12,32,14,15,124,46,174,19,61,41,22,23,24,69,5,27,16,56,63,31,29,33,17,8,36,95,38,39,40,60,42,7,44,45,77,47,48,21,92,51,53,13,54,55,6,57,58,59,2,0,62,96,64,109,66,117,68,20,70,71,72,65,74,75,67,28,76,79,80,81,82,83,52,85,86,87,88,89,73,91,35,93,94,37,84,97,98,99,100,101,102,103,104,105,106,107,108,49,110,111,112,113,114,115,116,34,118,119,120,121,122,123,90,125,126,78,128,129,130,131,132,133,134,135,136,137,138,139,140,50,142,143,144,145,146,147,148,149,150,151,152,153,154,155,156,157,158,159,160,161,162,163,164,165,166,167,168,169,170,171,172,173,127,175,176,177,178,179,180,181,182,183,184,185,186,187,188,189,190,191,192,193,194,195,196,197,198,199];False
7390;8773;16163;[20,141,11,3,26,43,18,30,25,9,4,1,12,32,14,15,124,46,174,19,61,41,22,23,24,69,5,27,16,56,63,31,29,33,17,8,36,95,38,39,40,60,42,7,44,45,77,47,48,21,92,51,53,13,54,55,6,57,58,59,2,0,62,96,64,10,66,117,68,109,70,71,72,65,74,75,67,28,76,79,80,81,82,83,52,85,86,87,88,89,73,91,35,93,94,37,84,97,98,99,100,101,102,103,104,105,106,107,108,49,110,111,112,113,114,115,116,34,118,119,120,121,122,123,90,125,126,78,128,129,130,131,132,133,134,135,136,137,138,139,140,50,142,143,144,145,146,147,148,149,150,151,152,153,154,155,156,157,158,159,160,161,162,163,164,165,166,167,168,169,170,171,172,173,127,175,176,177,178,179,180,181,182,183,184,185,186,187,188,189,190,191,192,193,194,195,196,197,198,199];False
7343;8775;16118;[72,141,11,3,26,43,18,30,25,9,4,1,12,32,14,15,124,46,174,19,61,41,22,23,24,69,5,27,16,56,63,31,29,33,17,8,36,95,38,39,40,60,42,7,44,45,77,47,48,21,92,51,53,13,54,55,6,57,58,59,2,0,62,96,64,10,66,117,68,20,70,71,109,65,74,75,67,28,76,79,80,81,82,83,52,85,86,87,88,89,73,91,35,93,94,37,84,97,98,99,100,101,102,103,104,105,106,107,108,49,110,111,112,113,114,115,116,34,118,119,120,121,122,123,90,125,126,78,128,129,130,131,132,133,134,135,136,137,138,139,140,50,142,143,144,145,146,147,148,149,150,151,152,153,154,155,156,157,158,159,160,161,162,163,164,165,166,167,168,169,170,171,172,173,127,175,176,177,178,179,180,181,182,183,184,185,186,187,188,189,190,191,192,193,194,195,196,197,198,199];False
7373;8771;16144;[86,141,11,3,26,43,18,30,25,9,4,1,12,32,14,15,124,46,174,19,61,41,22,23,24,69,5,27,16,56,63,31,29,33,17,8,36,95,38,39,40,60,42,7,44,45,77,47,48,21,92,51,53,13,54,55,6,57,58,59,2,0,62,96,64,10,66,117,68,20,70,71,72,65,74,75,67,28,76,79,80,81,82,83,52,85,109,87,88,89,73,91,35,93,94,37,84,97,98,99,100,101,102,103,104,105,106,107,108,49,110,111,112,113,114,115,116,34,118,119,120,121,122,123,90,125,126,78,128,129,130,131,132,133,134,135,136,137,138,139,140,50,142,143,144,145,146,147,148,149,150,151,152,153,154,155,156,157,158,159,160,161,162,163,164,165,166,167,168,169,170,171,172,173,127,175,176,177,178,179,180,181,182,183,184,185,186,187,188,189,190,191,192,193,194,195,196,197,198,199];False
7285;8791;16076;[84,141,11,3,26,43,18,30,25,9,4,1,12,32,14,15,124,46,174,19,61,41,22,23,24,69,5,27,16,56,63,31,29,33,17,8,36,95,38,39,40,60,42,7,44,45,77,47,48,21,92,51,53,13,54,55,6,57,58,59,2,0,62,96,64,10,66,117,68,20,70,71,72,65,74,75,67,28,76,79,80,81,82,83,52,85,86,87,88,89,73,91,35,93,94,37,109,97,98,99,100,101,102,103,104,105,106,107,108,49,110,111,112,113,114,115,116,34,118,119,120,121,122,123,90,125,126,78,128,129,130,131,132,133,134,135,136,137,138,139,140,50,142,143,144,145,146,147,148,149,150,151,152,153,154,155,156,157,158,159,160,161,162,163,164,165,166,167,168,169,170,171,172,173,127,175,176,177,178,179,180,181,182,183,184,185,186,187,188,189,190,191,192,193,194,195,196,197,198,199];False
7567;8737;16304;[46,141,11,3,26,43,18,30,25,9,4,1,12,32,14,15,124,73,174,19,61,41,22,23,24,69,5,27,99,56,63,31,29,33,17,8,36,95,38,39,40,49,42,7,44,45,60,47,48,21,92,51,53,13,54,55,6,57,58,59,2,0,62,96,64,10,66,117,68,20,70,71,72,65,74,75,67,77,76,28,80,81,82,83,52,85,86,87,88,89,16,91,35,93,94,37,84,97,98,79,100,101,102,103,104,105,106,107,108,109,110,111,112,113,114,115,116,34,118,119,120,121,122,123,90,125,126,78,128,129,130,131,132,133,134,135,136,137,138,139,140,50,142,143,144,145,146,147,148,149,150,151,152,153,154,155,156,157,158,159,160,161,162,163,164,165,166,167,168,169,170,171,172,173,127,175,176,177,178,179,180,181,182,183,184,185,186,187,188,189,190,191,192,193,194,195,196,197,198,199];False
7464;8763;16227;[28,141,11,3,26,43,18,30,25,9,4,1,12,32,14,15,124,46,174,19,61,41,22,23,24,69,5,27,99,56,63,31,29,33,17,8,36,95,38,39,40,49,42,7,44,45,60,47,48,21,92,51,53,13,54,55,6,57,58,59,2,0,62,96,64,10,66,117,68,20,70,71,72,65,74,75,67,77,76,102,80,81,82,83,52,85,86,87,88,89,73,91,35,93,94,37,84,97,98,79,100,101,16,103,104,105,106,107,108,109,110,111,112,113,114,115,116,34,118,119,120,121,122,123,90,125,126,78,128,129,130,131,132,133,134,135,136,137,138,139,140,50,142,143,144,145,146,147,148,149,150,151,152,153,154,155,156,157,158,159,160,161,162,163,164,165,166,167,168,169,170,171,172,173,127,175,176,177,178,179,180,181,182,183,184,185,186,187,188,189,190,191,192,193,194,195,196,197,198,199];False
7569;8734;16303;[82,141,11,3,26,43,18,30,25,9,4,1,12,32,14,15,124,46,174,19,61,41,22,23,24,69,5,27,99,56,63,31,29,33,17,8,36,95,38,39,40,49,42,7,44,45,60,47,48,21,92,51,53,13,54,55,6,57,58,59,2,0,62,96,64,10,66,117,68,20,70,71,72,65,74,75,67,77,76,28,80,81,102,83,52,85,86,87,88,89,73,91,35,93,94,37,84,97,98,79,100,101,16,103,104,105,106,107,108,109,110,111,112,113,114,115,116,34,118,119,120,121,122,123,90,125,126,78,128,129,130,131,132,133,134,135,136,137,138,139,140,50,142,143,144,145,146,147,148,149,150,151,152,153,154,155,156,157,158,159,160,161,162,163,164,165,166,167,168,169,170,171,172,173,127,175,176,177,178,179,180,181,182,183,184,185,186,187,188,189,190,191,192,193,194,195,196,197,198,199];False
7361;8769;16130;[84,141,11,3,26,43,18,30,25,9,4,1,12,32,14,15,124,46,174,19,61,41,22,23,24,69,5,27,99,56,63,31,29,33,17,8,36,95,38,39,40,49,42,7,44,45,60,47,48,21,92,51,53,13,54,55,6,57,58,59,2,0,62,96,64,10,66,117,68,20,70,71,72,65,74,75,67,77,76,28,80,81,82,83,52,85,86,87,88,89,73,91,35,93,94,37,102,97,98,79,100,101,16,103,104,105,106,107,108,109,110,111,112,113,114,115,116,34,118,119,120,121,122,123,90,125,126,78,128,129,130,131,132,133,134,135,136,137,138,139,140,50,142,143,144,145,146,147,148,149,150,151,152,153,154,155,156,157,158,159,160,161,162,163,164,165,166,167,168,169,170,171,172,173,127,175,176,177,178,179,180,181,182,183,184,185,186,187,188,189,190,191,192,193,194,195,196,197,198,199];False
7463;8751;16214;[79,141,11,3,26,43,18,30,25,9,4,1,12,32,14,15,124,46,174,19,61,41,22,23,24,69,5,27,99,56,63,31,29,33,17,8,36,95,38,39,40,49,42,7,44,45,60,47,48,21,92,51,53,13,54,55,6,57,58,59,2,0,62,96,64,10,66,117,68,20,70,71,72,65,74,75,67,77,76,28,80,81,82,83,52,85,86,87,88,89,73,91,35,93,94,37,84,97,98,102,100,101,16,103,104,105,106,107,108,109,110,111,112,113,114,115,116,34,118,119,120,121,122,123,90,125,126,78,128,129,130,131,132,133,134,135,136,137,138,139,140,50,142,143,144,145,146,147,148,149,150,151,152,153,154,155,156,157,158,159,160,161,162,163,164,165,166,167,168,169,170,171,172,173,127,175,176,177,178,179,180,181,182,183,184,185,186,187,188,189,190,191,192,193,194,195,196,197,198,199];False
7293;8744;16037;[109,141,11,3,26,43,18,30,25,9,4,1,12,32,14,15,124,46,174,19,61,41,22,23,24,69,5,27,99,56,63,31,29,33,17,8,36,95,38,39,40,49,42,7,44,45,60,47,48,21,92,51,53,13,54,55,6,57,58,59,2,0,62,96,64,10,66,117,68,20,70,71,72,65,74,75,67,77,76,28,80,81,82,83,52,85,86,87,88,89,73,91,35,93,94,37,84,97,98,79,100,101,16,103,104,105,106,107,108,102,110,111,112,113,114,115,116,34,118,119,120,121,122,123,90,125,126,78,128,129,130,131,132,133,134,135,136,137,138,139,140,50,142,143,144,145,146,147,148,149,150,151,152,153,154,155,156,157,158,159,160,161,162,163,164,165,166,167,168,169,170,171,172,173,127,175,176,177,178,179,180,181,182,183,184,185,186,187,188,189,190,191,192,193,194,195,196,197,198,199];False
7125;8858;15983;[42,141,11,47,26,43,18,30,25,9,4,1,12,32,3,15,124,8,16,14,61,41,22,23,24,69,5,27,109,56,63,31,29,33,17,35,36,95,38,85,77,49,64,7,44,45,60,39,48,21,92,51,53,13,54,55,6,57,58,59,2,0,62,46,99,10,66,117,68,20,70,71,72,65,74,75,67,28,76,79,80,81,82,83,40,37,86,87,88,89,73,91,78,93,94,114,96,97,98,84,100,101,102,52,104,105,106,107,108,19,110,111,112,113,103,115,116,34,118,119,120,121,122,123,90,125,126,127,128,129,130,131,132,133,134,135,136,137,138,139,140,50,142,143,144,145,146,147,148,149,150,151,152,153,154,155,156,157,158,159,160,161,162,163,164,165,166,167,168,169,170,171,172,173,174,175,176,177,178,179,180,181,182,183,184,185,186,187,188,189,190,191,192,193,194,195,196,197,198,199];False
6987;8950;15937;[9,141,11,47,26,43,18,30,25,94,4,1,12,32,3,15,124,8,16,14,61,41,22,23,24,69,5,27,109,56,63,31,29,33,17,35,36,95,38,85,77,49,42,7,44,45,60,39,48,21,92,51,53,13,54,55,6,57,58,59,2,0,62,46,64,10,66,117,68,20,70,71,72,65,74,75,67,28,76,79,80,81,82,83,40,37,86,87,88,89,73,91,78,93,99,114,96,97,98,84,100,101,102,52,104,105,106,107,108,19,110,111,112,113,103,115,116,34,118,119,120,121,122,123,90,125,126,127,128,129,130,131,132,133,134,135,136,137,138,139,140,50,142,143,144,145,146,147,148,149,150,151,152,153,154,155,156,157,158,159,160,161,162,163,164,165,166,167,168,169,170,171,172,173,174,175,176,177,178,179,180,181,182,183,184,185,186,187,188,189,190,191,192,193,194,195,196,197,198,199];False
7012;8946;15958;[124,141,11,47,26,43,18,30,25,9,4,1,12,32,3,15,94,8,16,14,61,41,22,23,24,69,5,27,109,56,63,31,29,33,17,35,36,95,38,85,77,49,42,7,44,45,60,39,48,21,92,51,53,13,54,55,6,57,58,59,2,0,62,46,64,10,66,117,68,20,70,71,72,65,74,75,67,28,76,79,80,81,82,83,40,37,86,87,88,89,73,91,78,93,99,114,96,97,98,84,100,101,102,52,104,105,106,107,108,19,110,111,112,113,103,115,116,34,118,119,120,121,122,123,90,125,126,127,128,129,130,131,132,133,134,135,136,137,138,139,140,50,142,143,144,145,146,147,148,149,150,151,152,153,154,155,156,157,158,159,160,161,162,163,164,165,166,167,168,169,170,171,172,173,174,175,176,177,178,179,180,181,182,183,184,185,186,187,188,189,190,191,192,193,194,195,196,197,198,199];False
6975;8913;15888;[8,141,11,47,26,43,18,30,25,9,4,1,12,32,3,15,124,94,16,14,61,41,22,23,24,69,5,27,109,56,63,31,29,33,17,35,36,95,38,85,77,49,42,7,44,45,60,39,48,21,92,51,53,13,54,55,6,57,58,59,2,0,62,46,64,10,66,117,68,20,70,71,72,65,74,75,67,28,76,79,80,81,82,83,40,37,86,87,88,89,73,91,78,93,99,114,96,97,98,84,100,101,102,52,104,105,106,107,108,19,110,111,112,113,103,115,116,34,118,119,120,121,122,123,90,125,126,127,128,129,130,131,132,133,134,135,136,137,138,139,140,50,142,143,144,145,146,147,148,149,150,151,152,153,154,155,156,157,158,159,160,161,162,163,164,165,166,167,168,169,170,171,172,173,174,175,176,177,178,179,180,181,182,183,184,185,186,187,188,189,190,191,192,193,194,195,196,197,198,199];False
7061;8911;15972;[25,141,11,47,26,43,18,30,105,9,4,1,12,32,3,15,124,8,16,14,61,41,22,23,24,69,5,27,109,56,63,31,29,33,17,35,36,95,38,85,77,49,42,7,44,45,60,39,48,21,92,51,53,13,54,55,6,57,58,59,2,0,62,46,64,10,66,117,68,20,70,71,72,65,74,75,67,28,76,79,80,81,82,83,40,37,86,87,88,89,73,91,78,93,94,114,96,97,98,84,100,101,102,52,104,99,106,107,108,19,110,111,112,113,103,115,116,34,118,119,120,121,122,123,90,125,126,127,128,129,130,131,132,133,134,135,136,137,138,139,140,50,142,143,144,145,146,147,148,149,150,151,152,153,154,155,156,157,158,159,160,161,162,163,164,165,166,167,168,169,170,171,172,173,174,175,176,177,178,179,180,181,182,183,184,185,186,187,188,189,190,191,192,193,194,195,196,197,198,199];False
7037;8884;15921;[9,141,11,47,26,43,18,30,25,105,4,1,12,32,3,15,124,8,16,14,61,41,22,23,24,69,5,27,109,56,63,31,29,33,17,35,36,95,38,85,77,49,42,7,44,45,60,39,48,21,92,51,53,13,54,55,6,57,58,59,2,0,62,46,64,10,66,117,68,20,70,71,72,65,74,75,67,28,76,79,80,81,82,83,40,37,86,87,88,89,73,91,78,93,94,114,96,97,98,84,100,101,102,52,104,99,106,107,108,19,110,111,112,113,103,115,116,34,118,119,120,121,122,123,90,125,126,127,128,129,130,131,132,133,134,135,136,137,138,139,140,50,142,143,144,145,146,147,148,149,150,151,152,153,154,155,156,157,158,159,160,161,162,163,164,165,166,167,168,169,170,171,172,173,174,175,176,177,178,179,180,181,182,183,184,185,186,187,188,189,190,191,192,193,194,195,196,197,198,199];False
7176;8828;16004;[92,11,42,47,26,43,18,30,25,9,80,1,12,32,3,15,124,8,16,14,61,41,22,23,24,69,5,27,28,56,63,31,29,33,17,35,36,95,38,85,40,49,64,7,44,45,60,39,48,21,4,51,53,13,54,55,6,57,58,59,2,0,62,46,109,10,66,117,68,20,70,71,72,65,74,75,67,77,76,79,141,81,82,83,84,37,86,87,88,89,73,91,78,93,94,114,96,97,98,99,100,101,102,52,104,105,106,107,108,19,110,111,112,113,103,115,116,34,118,119,120,121,122,123,90,125,126,127,128,129,130,131,132,133,134,135,136,137,138,139,140,50,142,143,144,145,146,147,148,149,150,151,152,153,154,155,156,157,158,159,160,161,162,163,164,165,166,167,168,169,170,171,172,173,174,175,176,177,178,179,180,181,182,183,184,185,186,187,188,189,190,191,192,193,194,195,196,197,198,199];False
7157;8846;16003;[46,11,42,47,26,43,18,30,25,9,80,1,12,32,3,15,124,8,16,14,61,41,22,23,24,69,5,27,28,56,63,31,29,33,17,35,36,95,38,85,40,49,64,7,44,45,60,39,48,21,92,51,53,13,54,55,6,57,58,59,2,0,62,4,109,10,66,117,68,20,70,71,72,65,74,75,67,77,76,79,141,81,82,83,84,37,86,87,88,89,73,91,78,93,94,114,96,97,98,99,100,101,102,52,104,105,106,107,108,19,110,111,112,113,103,115,116,34,118,119,120,121,122,123,90,125,126,127,128,129,130,131,132,133,134,135,136,137,138,139,140,50,142,143,144,145,146,147,148,149,150,151,152,153,154,155,156,157,158,159,160,161,162,163,164,165,166,167,168,169,170,171,172,173,174,175,176,177,178,179,180,181,182,183,184,185,186,187,188,189,190,191,192,193,194,195,196,197,198,199];False
7258;8799;16057;[83,11,42,47,26,43,18,30,25,9,80,1,12,32,3,15,124,8,16,14,61,41,22,23,24,69,5,27,28,56,63,31,29,33,17,35,36,95,38,85,40,49,64,7,44,45,60,39,48,21,92,51,53,13,54,55,6,57,58,59,2,0,62,46,109,10,66,117,68,20,70,71,72,65,74,75,67,77,76,79,141,81,82,4,84,37,86,87,88,89,73,91,78,93,94,114,96,97,98,99,100,101,102,52,104,105,106,107,108,19,110,111,112,113,103,115,116,34,118,119,120,121,122,123,90,125,126,127,128,129,130,131,132,133,134,135,136,137,138,139,140,50,142,143,144,145,146,147,148,149,150,151,152,153,154,155,156,157,158,159,160,161,162,163,164,165,166,167,168,169,170,171,172,173,174,175,176,177,178,179,180,181,182,183,184,185,186,187,188,189,190,191,192,193,194,195,196,197,198,199];False
7187;8812;15999;[84,11,42,47,26,43,18,30,25,9,80,1,12,32,3,15,124,8,16,14,61,41,22,23,24,69,5,27,28,56,63,31,29,33,17,35,36,95,38,85,40,49,64,7,44,45,60,39,48,21,92,51,53,13,54,55,6,57,58,59,2,0,62,46,109,10,66,117,68,20,70,71,72,65,74,75,67,77,76,79,141,81,82,83,4,37,86,87,88,89,73,91,78,93,94,114,96,97,98,99,100,101,102,52,104,105,106,107,108,19,110,111,112,113,103,115,116,34,118,119,120,121,122,123,90,125,126,127,128,129,130,131,132,133,134,135,136,137,138,139,140,50,142,143,144,145,146,147,148,149,150,151,152,153,154,155,156,157,158,159,160,161,162,163,164,165,166,167,168,169,170,171,172,173,174,175,176,177,178,179,180,181,182,183,184,185,186,187,188,189,190,191,192,193,194,195,196,197,198,199];False
6942;8985;15927;[75,52,11,3,26,96,18,30,25,94,109,1,12,32,14,15,124,9,16,19,61,41,22,23,24,69,5,27,28,56,63,31,29,33,17,35,36,37,60,39,40,49,42,7,44,45,86,47,48,21,50,51,53,13,54,55,6,57,58,59,2,0,77,46,64,10,66,117,68,20,70,71,72,65,74,84,67,81,80,79,38,73,82,83,76,85,92,87,88,89,4,91,78,93,62,95,8,97,98,99,100,101,102,103,104,105,43,107,108,151,110,111,112,113,114,115,116,34,118,119,120,121,122,123,90,125,126,127,128,129,130,131,132,133,134,135,136,137,138,139,140,141,142,143,144,145,146,147,148,149,150,106,152,153,154,155,156,157,158,159,160,161,162,163,164,165,166,167,168,169,170,171,172,173,174,175,176,177,178,179,180,181,182,183,184,185,186,187,188,189,190,191,192,193,194,195,196,197,198,199];False
6902;8979;15881;[28,52,11,3,26,96,18,30,25,94,75,1,12,32,14,15,124,9,16,19,61,41,22,23,24,69,5,27,109,56,63,31,29,33,17,35,36,37,60,39,40,49,42,7,44,45,86,47,48,21,50,51,53,13,54,55,6,57,58,59,2,0,77,46,64,10,66,117,68,20,70,71,72,65,74,84,67,81,80,79,38,73,82,83,76,85,92,87,88,89,4,91,78,93,62,95,8,97,98,99,100,101,102,103,104,105,43,107,108,151,110,111,112,113,114,115,116,34,118,119,120,121,122,123,90,125,126,127,128,129,130,131,132,133,134,135,136,137,138,139,140,141,142,143,144,145,146,147,148,149,150,106,152,153,154,155,156,157,158,159,160,161,162,163,164,165,166,167,168,169,170,171,172,173,174,175,176,177,178,179,180,181,182,183,184,185,186,187,188,189,190,191,192,193,194,195,196,197,198,199];False
6845;8992;15837;[33,52,11,3,26,96,18,30,25,94,75,1,12,32,14,15,124,9,16,19,61,41,22,23,24,69,5,27,28,56,63,31,29,109,17,35,36,37,60,39,40,49,42,7,44,45,86,47,48,21,50,51,53,13,54,55,6,57,58,59,2,0,77,46,64,10,66,117,68,20,70,71,72,65,74,84,67,81,80,79,38,73,82,83,76,85,92,87,88,89,4,91,78,93,62,95,8,97,98,99,100,101,102,103,104,105,43,107,108,151,110,111,112,113,114,115,116,34,118,119,120,121,122,123,90,125,126,127,128,129,130,131,132,133,134,135,136,137,138,139,140,141,142,143,144,145,146,147,148,149,150,106,152,153,154,155,156,157,158,159,160,161,162,163,164,165,166,167,168,169,170,171,172,173,174,175,176,177,178,179,180,181,182,183,184,185,186,187,188,189,190,191,192,193,194,195,196,197,198,199];False
6917;8976;15893;[6,52,11,3,26,96,18,30,25,94,75,1,12,32,14,15,124,9,16,19,61,41,22,23,24,69,5,27,28,56,63,31,29,33,17,35,36,37,60,39,40,49,42,7,44,45,86,47,48,21,50,51,53,13,54,55,109,57,58,59,2,0,77,46,64,10,66,117,68,20,70,71,72,65,74,84,67,81,80,79,38,73,82,83,76,85,92,87,88,89,4,91,78,93,62,95,8,97,98,99,100,101,102,103,104,105,43,107,108,151,110,111,112,113,114,115,116,34,118,119,120,121,122,123,90,125,126,127,128,129,130,131,132,133,134,135,136,137,138,139,140,141,142,143,144,145,146,147,148,149,150,106,152,153,154,155,156,157,158,159,160,161,162,163,164,165,166,167,168,169,170,171,172,173,174,175,176,177,178,179,180,181,182,183,184,185,186,187,188,189,190,191,192,193,194,195,196,197,198,199];False
6967;8959;15926;[64,52,11,3,26,96,18,30,25,94,75,1,12,32,14,15,124,9,16,19,61,41,22,23,24,69,5,27,28,56,63,31,29,33,17,35,36,37,60,39,40,49,42,7,44,45,86,47,48,21,50,51,53,13,54,55,6,57,58,59,2,0,77,46,109,10,66,117,68,20,70,71,72,65,74,84,67,81,80,79,38,73,82,83,76,85,92,87,88,89,4,91,78,93,62,95,8,97,98,99,100,101,102,103,104,105,43,107,108,151,110,111,112,113,114,115,116,34,118,119,120,121,122,123,90,125,126,127,128,129,130,131,132,133,134,135,136,137,138,139,140,141,142,143,144,145,146,147,148,149,150,106,152,153,154,155,156,157,158,159,160,161,162,163,164,165,166,167,168,169,170,171,172,173,174,175,176,177,178,179,180,181,182,183,184,185,186,187,188,189,190,191,192,193,194,195,196,197,198,199];False
6845;8991;15836;[10,52,11,3,26,96,18,30,25,94,75,1,12,32,14,15,124,9,16,19,61,41,22,23,24,69,5,27,28,56,63,31,29,33,17,35,36,37,60,39,40,49,42,7,44,45,86,47,48,21,50,51,53,13,54,55,6,57,58,59,2,0,77,46,64,109,66,117,68,20,70,71,72,65,74,84,67,81,80,79,38,73,82,83,76,85,92,87,88,89,4,91,78,93,62,95,8,97,98,99,100,101,102,103,104,105,43,107,108,151,110,111,112,113,114,115,116,34,118,119,120,121,122,123,90,125,126,127,128,129,130,131,132,133,134,135,136,137,138,139,140,141,142,143,144,145,146,147,148,149,150,106,152,153,154,155,156,157,158,159,160,161,162,163,164,165,166,167,168,169,170,171,172,173,174,175,176,177,178,179,180,181,182,183,184,185,186,187,188,189,190,191,192,193,194,195,196,197,198,199];False
6959;8962;15921;[20,52,11,3,26,96,18,30,25,94,75,1,12,32,14,15,124,9,16,19,61,41,22,23,24,69,5,27,28,56,63,31,29,33,17,35,36,37,60,39,40,49,42,7,44,45,86,47,48,21,50,51,53,13,54,55,6,57,58,59,2,0,77,46,64,10,66,117,68,109,70,71,72,65,74,84,67,81,80,79,38,73,82,83,76,85,92,87,88,89,4,91,78,93,62,95,8,97,98,99,100,101,102,103,104,105,43,107,108,151,110,111,112,113,114,115,116,34,118,119,120,121,122,123,90,125,126,127,128,129,130,131,132,133,134,135,136,137,138,139,140,141,142,143,144,145,146,147,148,149,150,106,152,153,154,155,156,157,158,159,160,161,162,163,164,165,166,167,168,169,170,171,172,173,174,175,176,177,178,179,180,181,182,183,184,185,186,187,188,189,190,191,192,193,194,195,196,197,198,199];False
6877;8976;15853;[71,52,11,3,26,96,18,30,25,94,75,1,12,32,14,15,124,9,16,19,61,41,22,23,24,69,5,27,28,56,63,31,29,33,17,35,36,37,60,39,40,49,42,7,44,45,86,47,48,21,50,51,53,13,54,55,6,57,58,59,2,0,77,46,64,10,66,117,68,20,70,109,72,65,74,84,67,81,80,79,38,73,82,83,76,85,92,87,88,89,4,91,78,93,62,95,8,97,98,99,100,101,102,103,104,105,43,107,108,151,110,111,112,113,114,115,116,34,118,119,120,121,122,123,90,125,126,127,128,129,130,131,132,133,134,135,136,137,138,139,140,141,142,143,144,145,146,147,148,149,150,106,152,153,154,155,156,157,158,159,160,161,162,163,164,165,166,167,168,169,170,171,172,173,174,175,176,177,178,179,180,181,182,183,184,185,186,187,188,189,190,191,192,193,194,195,196,197,198,199];False
6918;8964;15882;[72,52,11,3,26,96,18,30,25,94,75,1,12,32,14,15,124,9,16,19,61,41,22,23,24,69,5,27,28,56,63,31,29,33,17,35,36,37,60,39,40,49,42,7,44,45,86,47,48,21,50,51,53,13,54,55,6,57,58,59,2,0,77,46,64,10,66,117,68,20,70,71,109,65,74,84,67,81,80,79,38,73,82,83,76,85,92,87,88,89,4,91,78,93,62,95,8,97,98,99,100,101,102,103,104,105,43,107,108,151,110,111,112,113,114,115,116,34,118,119,120,121,122,123,90,125,126,127,128,129,130,131,132,133,134,135,136,137,138,139,140,141,142,143,144,145,146,147,148,149,150,106,152,153,154,155,156,157,158,159,160,161,162,163,164,165,166,167,168,169,170,171,172,173,174,175,176,177,178,179,180,181,182,183,184,185,186,187,188,189,190,191,192,193,194,195,196,197,198,199];False
6874;8965;15839;[78,52,11,3,26,96,18,30,25,94,75,1,12,32,14,15,124,9,16,19,61,41,22,23,24,69,5,27,28,56,63,31,29,33,17,35,36,37,60,39,40,49,42,7,44,45,86,47,48,21,50,51,53,13,54,55,6,57,58,59,2,0,77,46,64,10,66,117,68,20,70,71,72,65,74,84,67,81,80,79,38,73,82,83,76,85,92,87,88,89,4,91,109,93,62,95,8,97,98,99,100,101,102,103,104,105,43,107,108,151,110,111,112,113,114,115,116,34,118,119,120,121,122,123,90,125,126,127,128,129,130,131,132,133,134,135,136,137,138,139,140,141,142,143,144,145,146,147,148,149,150,106,152,153,154,155,156,157,158,159,160,161,162,163,164,165,166,167,168,169,170,171,172,173,174,175,176,177,178,179,180,181,182,183,184,185,186,187,188,189,190,191,192,193,194,195,196,197,198,199];False
6835;8966;15801;[108,52,11,3,26,96,18,30,25,94,75,1,12,32,14,15,124,9,16,19,61,41,22,23,24,69,5,27,28,56,63,31,29,33,17,35,36,37,60,39,40,49,42,7,44,45,86,47,48,21,50,51,53,13,54,55,6,57,58,59,2,0,77,46,64,10,66,117,68,20,70,71,72,65,74,84,67,81,80,79,38,73,82,83,76,85,92,87,88,89,4,91,78,93,62,95,8,97,98,99,100,101,102,103,104,105,43,107,109,151,110,111,112,113,114,115,116,34,118,119,120,121,122,123,90,125,126,127,128,129,130,131,132,133,134,135,136,137,138,139,140,141,142,143,144,145,146,147,148,149,150,106,152,153,154,155,156,157,158,159,160,161,162,163,164,165,166,167,168,169,170,171,172,173,174,175,176,177,178,179,180,181,182,183,184,185,186,187,188,189,190,191,192,193,194,195,196,197,198,199];False
6775;9073;15848;[73,52,11,3,26,43,18,30,25,9,33,1,12,32,14,15,124,94,93,19,61,41,22,23,24,69,5,27,16,56,63,31,29,155,17,35,36,37,60,39,40,49,42,7,44,45,86,47,48,28,4,51,53,13,54,55,6,57,58,59,2,0,62,46,64,10,66,117,68,20,70,71,72,65,74,75,67,77,80,79,38,81,82,83,76,85,92,87,88,89,78,91,109,8,84,95,96,97,98,99,100,101,102,103,104,105,106,107,108,151,110,111,112,113,114,115,116,34,118,119,120,121,122,123,90,125,126,127,128,129,130,131,132,133,134,135,136,137,138,139,140,141,142,143,144,145,146,147,148,149,150,21,152,153,154,50,156,157,158,159,160,161,162,163,164,165,166,167,168,169,170,171,172,173,174,175,176,177,178,179,180,181,182,183,184,185,186,187,188,189,190,191,192,193,194,195,196,197,198,199];False
6767;9079;15846;[102,52,11,3,26,43,18,30,25,9,33,1,12,32,14,15,124,94,93,19,61,41,22,23,24,69,5,27,16,56,63,31,29,155,17,35,36,37,60,39,40,49,42,7,44,45,86,47,48,28,4,51,53,13,54,55,6,57,58,59,2,0,62,46,64,10,66,117,68,20,70,71,72,65,74,75,67,77,80,79,38,81,82,83,76,85,92,87,88,89,73,91,109,8,84,95,96,97,98,99,100,101,78,103,104,105,106,107,108,151,110,111,112,113,114,115,116,34,118,119,120,121,122,123,90,125,126,127,128,129,130,131,132,133,134,135,136,137,138,139,140,141,142,143,144,145,146,147,148,149,150,21,152,153,154,50,156,157,158,159,160,161,162,163,164,165,166,167,168,169,170,171,172,173,174,175,176,177,178,179,180,181,182,183,184,185,186,187,188,189,190,191,192,193,194,195,196,197,198,199];False
6670;9154;15824;[104,52,11,3,26,43,18,30,25,9,33,1,12,32,14,15,124,94,93,19,61,41,22,23,24,69,5,27,16,56,63,31,29,155,17,35,36,37,60,39,40,49,42,7,44,45,86,47,48,28,4,51,53,13,54,55,6,57,58,59,2,0,62,46,64,10,66,117,68,20,70,71,72,65,74,75,67,77,80,79,38,81,82,83,76,85,92,87,88,89,73,91,109,8,84,95,96,97,98,99,100,101,102,103,78,105,106,107,108,151,110,111,112,113,114,115,116,34,118,119,120,121,122,123,90,125,126,127,128,129,130,131,132,133,134,135,136,137,138,139,140,141,142,143,144,145,146,147,148,149,150,21,152,153,154,50,156,157,158,159,160,161,162,163,164,165,166,167,168,169,170,171,172,173,174,175,176,177,178,179,180,181,182,183,184,185,186,187,188,189,190,191,192,193,194,195,196,197,198,199];False
6737;9086;15823;[106,52,11,3,26,43,18,30,25,9,33,1,12,32,14,15,124,94,93,19,61,41,22,23,24,69,5,27,16,56,63,31,29,155,17,35,36,37,60,39,40,49,42,7,44,45,86,47,48,28,4,51,53,13,54,55,6,57,58,59,2,0,62,46,64,10,66,117,68,20,70,71,72,65,74,75,67,77,80,79,38,81,82,83,76,85,92,87,88,89,73,91,109,8,84,95,96,97,98,99,100,101,102,103,104,105,78,107,108,151,110,111,112,113,114,115,116,34,118,119,120,121,122,123,90,125,126,127,128,129,130,131,132,133,134,135,136,137,138,139,140,141,142,143,144,145,146,147,148,149,150,21,152,153,154,50,156,157,158,159,160,161,162,163,164,165,166,167,168,169,170,171,172,173,174,175,176,177,178,179,180,181,182,183,184,185,186,187,188,189,190,191,192,193,194,195,196,197,198,199];False
6716;9098;15814;[115,52,11,3,26,43,18,30,25,9,33,1,12,32,14,15,124,94,93,19,61,41,22,23,24,69,5,27,16,56,63,31,29,155,17,35,36,37,60,39,40,49,42,7,44,45,86,47,48,28,4,51,53,13,54,55,6,57,58,59,2,0,62,46,64,10,66,117,68,20,70,71,72,65,74,75,67,77,80,79,38,81,82,83,76,85,92,87,88,89,73,91,109,8,84,95,96,97,98,99,100,101,102,103,104,105,106,107,108,151,110,111,112,113,114,78,116,34,118,119,120,121,122,123,90,125,126,127,128,129,130,131,132,133,134,135,136,137,138,139,140,141,142,143,144,145,146,147,148,149,150,21,152,153,154,50,156,157,158,159,160,161,162,163,164,165,166,167,168,169,170,171,172,173,174,175,176,177,178,179,180,181,182,183,184,185,186,187,188,189,190,191,192,193,194,195,196,197,198,199];False
6705;9102;15807;[121,52,11,3,26,43,18,30,25,9,33,1,12,32,14,15,124,94,93,19,61,41,22,23,24,69,5,27,16,56,63,31,29,155,17,35,36,37,60,39,40,49,42,7,44,45,86,47,48,28,4,51,53,13,54,55,6,57,58,59,2,0,62,46,64,10,66,117,68,20,70,71,72,65,74,75,67,77,80,79,38,81,82,83,76,85,92,87,88,89,73,91,109,8,84,95,96,97,98,99,100,101,102,103,104,105,106,107,108,151,110,111,112,113,114,115,116,34,118,119,120,78,122,123,90,125,126,127,128,129,130,131,132,133,134,135,136,137,138,139,140,141,142,143,144,145,146,147,148,149,150,21,152,153,154,50,156,157,158,159,160,161,162,163,164,165,166,167,168,169,170,171,172,173,174,175,176,177,178,179,180,181,182,183,184,185,186,187,188,189,190,191,192,193,194,195,196,197,198,199];False
6686;9109;15795;[132,52,11,3,26,43,18,30,25,9,33,1,12,32,14,15,124,94,93,19,61,41,22,23,24,69,5,27,16,56,63,31,29,155,17,35,36,37,60,39,40,49,42,7,44,45,86,47,48,28,4,51,53,13,54,55,6,57,58,59,2,0,62,46,64,10,66,117,68,20,70,71,72,65,74,75,67,77,80,79,38,81,82,83,76,85,92,87,88,89,73,91,109,8,84,95,96,97,98,99,100,101,102,103,104,105,106,107,108,151,110,111,112,113,114,115,116,34,118,119,120,121,122,123,90,125,126,127,128,129,130,131,78,133,134,135,136,137,138,139,140,141,142,143,144,145,146,147,148,149,150,21,152,153,154,50,156,157,158,159,160,161,162,163,164,165,166,167,168,169,170,171,172,173,174,175,176,177,178,179,180,181,182,183,184,185,186,187,188,189,190,191,192,193,194,195,196,197,198,199];False
6662;9128;15790;[135,52,11,3,26,43,18,30,25,9,33,1,12,32,14,15,124,94,93,19,61,41,22,23,24,69,5,27,16,56,63,31,29,155,17,35,36,37,60,39,40,49,42,7,44,45,86,47,48,28,4,51,53,13,54,55,6,57,58,59,2,0,62,46,64,10,66,117,68,20,70,71,72,65,74,75,67,77,80,79,38,81,82,83,76,85,92,87,88,89,73,91,109,8,84,95,96,97,98,99,100,101,102,103,104,105,106,107,108,151,110,111,112,113,114,115,116,34,118,119,120,121,122,123,90,125,126,127,128,129,130,131,132,133,134,78,136,137,138,139,140,141,142,143,144,145,146,147,148,149,150,21,152,153,154,50,156,157,158,159,160,161,162,163,164,165,166,167,168,169,170,171,172,173,174,175,176,177,178,179,180,181,182,183,184,185,186,187,188,189,190,191,192,193,194,195,196,197,198,199];False
6630;9164;15794;[139,52,11,3,26,43,18,30,25,9,33,1,12,32,14,15,124,94,93,19,61,41,22,23,24,69,5,27,16,56,63,31,29,155,17,35,36,37,60,39,40,49,42,7,44,45,86,47,48,28,4,51,53,13,54,55,6,57,58,59,2,0,62,46,64,10,66,117,68,20,70,71,72,65,74,75,67,77,80,79,38,81,82,83,76,85,92,87,88,89,73,91,109,8,84,95,96,97,98,99,100,101,102,103,104,105,106,107,108,151,110,111,112,113,114,115,116,34,118,119,120,121,122,123,90,125,126,127,128,129,130,131,132,133,134,135,136,137,138,78,140,141,142,143,144,145,146,147,148,149,150,21,152,153,154,50,156,157,158,159,160,161,162,163,164,165,166,167,168,169,170,171,172,173,174,175,176,177,178,179,180,181,182,183,184,185,186,187,188,189,190,191,192,193,194,195,196,197,198,199];False
6755;9078;15833;[141,52,11,3,26,43,18,30,25,9,33,1,12,32,14,15,124,94,93,19,61,41,22,23,24,69,5,27,16,56,63,31,29,155,17,35,36,37,60,39,40,49,42,7,44,45,86,47,48,28,4,51,53,13,54,55,6,57,58,59,2,0,62,46,64,10,66,117,68,20,70,71,72,65,74,75,67,77,80,79,38,81,82,83,76,85,92,87,88,89,73,91,109,8,84,95,96,97,98,99,100,101,102,103,104,105,106,107,108,151,110,111,112,113,114,115,116,34,118,119,120,121,122,123,90,125,126,127,128,129,130,131,132,133,134,135,136,137,138,139,140,78,142,143,144,145,146,147,148,149,150,21,152,153,154,50,156,157,158,159,160,161,162,163,164,165,166,167,168,169,170,171,172,173,174,175,176,177,178,179,180,181,182,183,184,185,186,187,188,189,190,191,192,193,194,195,196,197,198,199];False
6634;9121;15755;[144,52,11,3,26,43,18,30,25,9,33,1,12,32,14,15,124,94,93,19,61,41,22,23,24,69,5,27,16,56,63,31,29,155,17,35,36,37,60,39,40,49,42,7,44,45,86,47,48,28,4,51,53,13,54,55,6,57,58,59,2,0,62,46,64,10,66,117,68,20,70,71,72,65,74,75,67,77,80,79,38,81,82,83,76,85,92,87,88,89,73,91,109,8,84,95,96,97,98,99,100,101,102,103,104,105,106,107,108,151,110,111,112,113,114,115,116,34,118,119,120,121,122,123,90,125,126,127,128,129,130,131,132,133,134,135,136,137,138,139,140,141,142,143,78,145,146,147,148,149,150,21,152,153,154,50,156,157,158,159,160,161,162,163,164,165,166,167,168,169,170,171,172,173,174,175,176,177,178,179,180,181,182,183,184,185,186,187,188,189,190,191,192,193,194,195,196,197,198,199];False
6736;9089;15825;[149,52,11,3,26,43,18,30,25,9,33,1,12,32,14,15,124,94,93,19,61,41,22,23,24,69,5,27,16,56,63,31,29,155,17,35,36,37,60,39,40,49,42,7,44,45,86,47,48,28,4,51,53,13,54,55,6,57,58,59,2,0,62,46,64,10,66,117,68,20,70,71,72,65,74,75,67,77,80,79,38,81,82,83,76,85,92,87,88,89,73,91,109,8,84,95,96,97,98,99,100,101,102,103,104,105,106,107,108,151,110,111,112,113,114,115,116,34,118,119,120,121,122,123,90,125,126,127,128,129,130,131,132,133,134,135,136,137,138,139,140,141,142,143,144,145,146,147,148,78,150,21,152,153,154,50,156,157,158,159,160,161,162,163,164,165,166,167,168,169,170,171,172,173,174,175,176,177,178,179,180,181,182,183,184,185,186,187,188,189,190,191,192,193,194,195,196,197,198,199];False
6743;9071;15814;[157,52,11,3,26,43,18,30,25,9,33,1,12,32,14,15,124,94,93,19,61,41,22,23,24,69,5,27,16,56,63,31,29,155,17,35,36,37,60,39,40,49,42,7,44,45,86,47,48,28,4,51,53,13,54,55,6,57,58,59,2,0,62,46,64,10,66,117,68,20,70,71,72,65,74,75,67,77,80,79,38,81,82,83,76,85,92,87,88,89,73,91,109,8,84,95,96,97,98,99,100,101,102,103,104,105,106,107,108,151,110,111,112,113,114,115,116,34,118,119,120,121,122,123,90,125,126,127,128,129,130,131,132,133,134,135,136,137,138,139,140,141,142,143,144,145,146,147,148,149,150,21,152,153,154,50,156,78,158,159,160,161,162,163,164,165,166,167,168,169,170,171,172,173,174,175,176,177,178,179,180,181,182,183,184,185,186,187,188,189,190,191,192,193,194,195,196,197,198,199];False
6732;9080;15812;[158,52,11,3,26,43,18,30,25,9,33,1,12,32,14,15,124,94,93,19,61,41,22,23,24,69,5,27,16,56,63,31,29,155,17,35,36,37,60,39,40,49,42,7,44,45,86,47,48,28,4,51,53,13,54,55,6,57,58,59,2,0,62,46,64,10,66,117,68,20,70,71,72,65,74,75,67,77,80,79,38,81,82,83,76,85,92,87,88,89,73,91,109,8,84,95,96,97,98,99,100,101,102,103,104,105,106,107,108,151,110,111,112,113,114,115,116,34,118,119,120,121,122,123,90,125,126,127,128,129,130,131,132,133,134,135,136,137,138,139,140,141,142,143,144,145,146,147,148,149,150,21,152,153,154,50,156,157,78,159,160,161,162,163,164,165,166,167,168,169,170,171,172,173,174,175,176,177,178,179,180,181,182,183,184,185,186,187,188,189,190,191,192,193,194,195,196,197,198,199];False
6696;9088;15784;[185,52,11,3,26,43,18,30,25,9,33,1,12,32,14,15,124,94,93,19,61,41,22,23,24,69,5,27,16,56,63,31,29,155,17,35,36,37,60,39,40,49,42,7,44,45,86,47,48,28,4,51,53,13,54,55,6,57,58,59,2,0,62,46,64,10,66,117,68,20,70,71,72,65,74,75,67,77,80,79,38,81,82,83,76,85,92,87,88,89,73,91,109,8,84,95,96,97,98,99,100,101,102,103,104,105,106,107,108,151,110,111,112,113,114,115,116,34,118,119,120,121,122,123,90,125,126,127,128,129,130,131,132,133,134,135,136,137,138,139,140,141,142,143,144,145,146,147,148,149,150,21,152,153,154,50,156,157,158,159,160,161,162,163,164,165,166,167,168,169,170,171,172,173,174,175,176,177,178,179,180,181,182,183,184,78,186,187,188,189,190,191,192,193,194,195,196,197,198,199];False
6714;9083;15797;[191,52,11,3,26,43,18,30,25,9,33,1,12,32,14,15,124,94,93,19,61,41,22,23,24,69,5,27,16,56,63,31,29,155,17,35,36,37,60,39,40,49,42,7,44,45,86,47,48,28,4,51,53,13,54,55,6,57,58,59,2,0,62,46,64,10,66,117,68,20,70,71,72,65,74,75,67,77,80,79,38,81,82,83,76,85,92,87,88,89,73,91,109,8,84,95,96,97,98,99,100,101,102,103,104,105,106,107,108,151,110,111,112,113,114,115,116,34,118,119,120,121,122,123,90,125,126,127,128,129,130,131,132,133,134,135,136,137,138,139,140,141,142,143,144,145,146,147,148,149,150,21,152,153,154,50,156,157,158,159,160,161,162,163,164,165,166,167,168,169,170,171,172,173,174,175,176,177,178,179,180,181,182,183,184,185,186,187,188,189,190,78,192,193,194,195,196,197,198,199];False
6725;9075;15800;[192,52,11,3,26,43,18,30,25,9,33,1,12,32,14,15,124,94,93,19,61,41,22,23,24,69,5,27,16,56,63,31,29,155,17,35,36,37,60,39,40,49,42,7,44,45,86,47,48,28,4,51,53,13,54,55,6,57,58,59,2,0,62,46,64,10,66,117,68,20,70,71,72,65,74,75,67,77,80,79,38,81,82,83,76,85,92,87,88,89,73,91,109,8,84,95,96,97,98,99,100,101,102,103,104,105,106,107,108,151,110,111,112,113,114,115,116,34,118,119,120,121,122,123,90,125,126,127,128,129,130,131,132,133,134,135,136,137,138,139,140,141,142,143,144,145,146,147,148,149,150,21,152,153,154,50,156,157,158,159,160,161,162,163,164,165,166,167,168,169,170,171,172,173,174,175,176,177,178,179,180,181,182,183,184,185,186,187,188,189,190,191,78,193,194,195,196,197,198,199];False
6718;9082;15800;[78,103,11,3,26,43,18,30,25,9,33,1,12,32,14,15,124,94,93,19,61,41,22,23,24,69,5,27,16,56,63,31,29,155,17,35,36,37,60,39,40,49,42,7,44,45,86,47,48,28,4,51,53,13,54,55,6,57,58,59,2,0,62,46,64,10,66,117,68,20,70,71,72,65,74,75,67,77,80,79,38,81,82,83,76,85,92,87,88,89,73,91,109,8,84,95,96,97,98,99,100,101,102,52,104,105,106,107,108,151,110,111,112,113,114,115,116,34,118,119,120,121,122,123,90,125,126,127,128,129,130,131,132,133,134,135,136,137,138,139,140,141,142,143,144,145,146,147,148,149,150,21,152,153,154,50,156,157,158,159,160,161,162,163,164,165,166,167,168,169,170,171,172,173,174,175,176,177,178,179,180,181,182,183,184,185,186,187,188,189,190,191,192,193,194,195,196,197,198,199];False
6769;9056;15825;[78,114,11,3,26,43,18,30,25,9,33,1,12,32,14,15,124,94,93,19,61,41,22,23,24,69,5,27,16,56,63,31,29,155,17,35,36,37,60,39,40,49,42,7,44,45,86,47,48,28,4,51,53,13,54,55,6,57,58,59,2,0,62,46,64,10,66,117,68,20,70,71,72,65,74,75,67,77,80,79,38,81,82,83,76,85,92,87,88,89,73,91,109,8,84,95,96,97,98,99,100,101,102,103,104,105,106,107,108,151,110,111,112,113,52,115,116,34,118,119,120,121,122,123,90,125,126,127,128,129,130,131,132,133,134,135,136,137,138,139,140,141,142,143,144,145,146,147,148,149,150,21,152,153,154,50,156,157,158,159,160,161,162,163,164,165,166,167,168,169,170,171,172,173,174,175,176,177,178,179,180,181,182,183,184,185,186,187,188,189,190,191,192,193,194,195,196,197,198,199];False
6739;9069;15808;[25,52,11,3,26,43,18,30,36,9,33,1,12,32,14,15,124,94,93,19,61,41,22,23,24,69,5,27,16,56,63,31,29,46,17,35,4,37,60,39,40,49,42,7,44,45,86,47,48,28,50,51,53,13,54,55,6,57,58,59,2,0,62,185,64,10,66,117,68,20,70,71,72,65,74,75,67,77,80,79,38,81,82,83,76,85,92,87,88,89,73,91,109,8,84,95,96,97,98,99,100,101,102,103,104,105,106,107,108,151,110,111,112,113,114,115,116,34,118,119,120,121,122,123,90,125,126,127,128,129,130,131,132,133,134,135,136,137,138,139,140,141,142,143,144,145,146,147,148,149,150,21,152,153,154,155,156,157,158,159,160,161,162,163,164,165,166,167,168,169,170,171,172,173,174,175,176,177,178,179,180,181,182,183,184,78,186,187,188,189,190,191,192,193,194,195,196,197,198,199];False
6797;9032;15829;[22,52,11,3,26,43,18,30,25,9,33,1,12,32,14,15,124,94,93,19,61,41,36,23,24,69,5,27,16,56,63,31,29,46,17,35,4,37,60,39,40,49,42,7,44,45,86,47,48,28,50,51,53,13,54,55,6,57,58,59,2,0,62,185,64,10,66,117,68,20,70,71,72,65,74,75,67,77,80,79,38,81,82,83,76,85,92,87,88,89,73,91,109,8,84,95,96,97,98,99,100,101,102,103,104,105,106,107,108,151,110,111,112,113,114,115,116,34,118,119,120,121,122,123,90,125,126,127,128,129,130,131,132,133,134,135,136,137,138,139,140,141,142,143,144,145,146,147,148,149,150,21,152,153,154,155,156,157,158,159,160,161,162,163,164,165,166,167,168,169,170,171,172,173,174,175,176,177,178,179,180,181,182,183,184,78,186,187,188,189,190,191,192,193,194,195,196,197,198,199];False
6784;9024;15808;[81,52,11,3,26,43,18,30,25,9,33,1,12,32,14,15,124,94,93,19,61,41,22,23,24,69,5,27,16,56,63,31,29,46,17,35,4,37,60,39,40,49,42,7,44,45,86,47,48,28,50,51,53,13,54,55,6,57,58,59,2,0,62,185,64,10,66,117,68,20,70,71,72,65,74,75,67,77,80,79,38,36,82,83,76,85,92,87,88,89,73,91,109,8,84,95,96,97,98,99,100,101,102,103,104,105,106,107,108,151,110,111,112,113,114,115,116,34,118,119,120,121,122,123,90,125,126,127,128,129,130,131,132,133,134,135,136,137,138,139,140,141,142,143,144,145,146,147,148,149,150,21,152,153,154,155,156,157,158,159,160,161,162,163,164,165,166,167,168,169,170,171,172,173,174,175,176,177,178,179,180,181,182,183,184,78,186,187,188,189,190,191,192,193,194,195,196,197,198,199];False
6904;8961;15865;[28,52,11,3,26,43,18,30,25,9,33,1,12,32,14,15,124,94,93,19,61,41,22,23,24,69,5,27,16,56,63,31,29,46,17,35,36,37,60,39,40,49,42,7,44,45,86,47,48,50,4,51,53,13,54,55,6,57,58,59,2,0,62,185,64,10,66,117,68,20,70,71,72,65,74,75,67,77,80,79,38,81,82,83,76,85,92,87,88,89,73,91,109,8,84,95,96,97,98,99,100,101,102,103,104,105,106,107,108,151,110,111,112,113,114,115,116,34,118,119,120,121,122,123,90,125,126,127,128,129,130,131,132,133,134,135,136,137,138,139,140,141,142,143,144,145,146,147,148,149,150,21,152,153,154,155,156,157,158,159,160,161,162,163,164,165,166,167,168,169,170,171,172,173,174,175,176,177,178,179,180,181,182,183,184,78,186,187,188,189,190,191,192,193,194,195,196,197,198,199];False
6800;9003;15803;[81,52,11,3,26,43,18,30,25,9,33,1,12,32,14,15,124,94,93,19,61,41,22,23,24,69,5,27,16,56,63,31,29,46,17,35,36,37,60,39,40,49,42,7,44,45,86,47,48,28,4,51,53,13,54,55,6,57,58,59,2,0,62,185,64,10,66,117,68,20,70,71,72,65,74,75,67,77,80,79,38,50,82,83,76,85,92,87,88,89,73,91,109,8,84,95,96,97,98,99,100,101,102,103,104,105,106,107,108,151,110,111,112,113,114,115,116,34,118,119,120,121,122,123,90,125,126,127,128,129,130,131,132,133,134,135,136,137,138,139,140,141,142,143,144,145,146,147,148,149,150,21,152,153,154,155,156,157,158,159,160,161,162,163,164,165,166,167,168,169,170,171,172,173,174,175,176,177,178,179,180,181,182,183,184,78,186,187,188,189,190,191,192,193,194,195,196,197,198,199];False
6759;9055;15814;[85,52,11,3,26,43,18,30,25,9,33,1,12,32,14,15,124,94,93,19,61,41,22,23,24,69,5,27,16,56,63,31,29,46,17,35,36,37,60,39,40,49,42,7,44,45,86,47,48,28,4,51,53,13,54,55,6,57,58,59,2,0,62,185,64,10,66,117,68,20,70,71,72,65,74,75,67,77,80,79,38,81,82,83,76,50,92,87,88,89,73,91,109,8,84,95,96,97,98,99,100,101,102,103,104,105,106,107,108,151,110,111,112,113,114,115,116,34,118,119,120,121,122,123,90,125,126,127,128,129,130,131,132,133,134,135,136,137,138,139,140,141,142,143,144,145,146,147,148,149,150,21,152,153,154,155,156,157,158,159,160,161,162,163,164,165,166,167,168,169,170,171,172,173,174,175,176,177,178,179,180,181,182,183,184,78,186,187,188,189,190,191,192,193,194,195,196,197,198,199];False
6782;9020;15802;[8,52,11,3,26,43,18,30,25,9,33,1,12,32,14,15,124,94,93,19,61,41,22,23,24,69,5,27,16,56,63,31,29,46,17,35,36,37,60,39,40,49,42,7,44,45,86,47,48,28,4,51,53,13,54,55,6,57,58,59,2,0,62,185,64,10,66,117,68,20,70,71,72,65,74,75,67,77,80,79,38,81,82,83,76,85,92,87,88,89,73,91,109,50,84,95,96,97,98,99,100,101,102,103,104,105,106,107,108,151,110,111,112,113,114,115,116,34,118,119,120,121,122,123,90,125,126,127,128,129,130,131,132,133,134,135,136,137,138,139,140,141,142,143,144,145,146,147,148,149,150,21,152,153,154,155,156,157,158,159,160,161,162,163,164,165,166,167,168,169,170,171,172,173,174,175,176,177,178,179,180,181,182,183,184,78,186,187,188,189,190,191,192,193,194,195,196,197,198,199];False
6777;9049;15826;[96,52,11,3,26,43,18,30,25,9,33,1,12,32,14,15,124,94,93,19,61,41,22,23,24,69,5,27,16,56,63,31,29,46,17,35,36,37,60,39,40,49,42,7,44,45,86,47,48,28,4,51,53,13,54,55,6,57,58,59,2,0,62,185,64,10,66,117,68,20,70,71,72,65,74,75,67,77,80,79,38,81,82,83,76,85,92,87,88,89,73,91,109,8,84,95,50,97,98,99,100,101,102,103,104,105,106,107,108,151,110,111,112,113,114,115,116,34,118,119,120,121,122,123,90,125,126,127,128,129,130,131,132,133,134,135,136,137,138,139,140,141,142,143,144,145,146,147,148,149,150,21,152,153,154,155,156,157,158,159,160,161,162,163,164,165,166,167,168,169,170,171,172,173,174,175,176,177,178,179,180,181,182,183,184,78,186,187,188,189,190,191,192,193,194,195,196,197,198,199];False
6782;9012;15794;[114,52,11,3,26,43,18,30,25,9,33,1,12,32,14,15,124,94,93,19,61,41,22,23,24,69,5,27,16,56,63,31,29,46,17,35,36,37,60,39,40,49,42,7,44,45,86,47,48,28,4,51,53,13,54,55,6,57,58,59,2,0,62,185,64,10,66,117,68,20,70,71,72,65,74,75,67,77,80,79,38,81,82,83,76,85,92,87,88,89,73,91,109,8,84,95,96,97,98,99,100,101,102,103,104,105,106,107,108,151,110,111,112,113,50,115,116,34,118,119,120,121,122,123,90,125,126,127,128,129,130,131,132,133,134,135,136,137,138,139,140,141,142,143,144,145,146,147,148,149,150,21,152,153,154,155,156,157,158,159,160,161,162,163,164,165,166,167,168,169,170,171,172,173,174,175,176,177,178,179,180,181,182,183,184,78,186,187,188,189,190,191,192,193,194,195,196,197,198,199];False
6771;9053;15824;[134,52,11,3,26,43,18,30,25,9,33,1,12,32,14,15,124,94,93,19,61,41,22,23,24,69,5,27,16,56,63,31,29,46,17,35,36,37,60,39,40,49,42,7,44,45,86,47,48,28,4,51,53,13,54,55,6,57,58,59,2,0,62,185,64,10,66,117,68,20,70,71,72,65,74,75,67,77,80,79,38,81,82,83,76,85,92,87,88,89,73,91,109,8,84,95,96,97,98,99,100,101,102,103,104,105,106,107,108,151,110,111,112,113,114,115,116,34,118,119,120,121,122,123,90,125,126,127,128,129,130,131,132,133,50,135,136,137,138,139,140,141,142,143,144,145,146,147,148,149,150,21,152,153,154,155,156,157,158,159,160,161,162,163,164,165,166,167,168,169,170,171,172,173,174,175,176,177,178,179,180,181,182,183,184,78,186,187,188,189,190,191,192,193,194,195,196,197,198,199];False
6741;9046;15787;[135,52,11,3,26,43,18,30,25,9,33,1,12,32,14,15,124,94,93,19,61,41,22,23,24,69,5,27,16,56,63,31,29,46,17,35,36,37,60,39,40,49,42,7,44,45,86,47,48,28,4,51,53,13,54,55,6,57,58,59,2,0,62,185,64,10,66,117,68,20,70,71,72,65,74,75,67,77,80,79,38,81,82,83,76,85,92,87,88,89,73,91,109,8,84,95,96,97,98,99,100,101,102,103,104,105,106,107,108,151,110,111,112,113,114,115,116,34,118,119,120,121,122,123,90,125,126,127,128,129,130,131,132,133,134,50,136,137,138,139,140,141,142,143,144,145,146,147,148,149,150,21,152,153,154,155,156,157,158,159,160,161,162,163,164,165,166,167,168,169,170,171,172,173,174,175,176,177,178,179,180,181,182,183,184,78,186,187,188,189,190,191,192,193,194,195,196,197,198,199];False
6723;9034;15757;[149,52,11,3,26,43,18,30,25,9,33,1,12,32,14,15,124,94,93,19,61,41,22,23,24,69,5,27,16,56,63,31,29,46,17,35,36,37,60,39,40,49,42,7,44,45,86,47,48,28,4,51,53,13,54,55,6,57,58,59,2,0,62,185,64,10,66,117,68,20,70,71,72,65,74,75,67,77,80,79,38,81,82,83,76,85,92,87,88,89,73,91,109,8,84,95,96,97,98,99,100,101,102,103,104,105,106,107,108,151,110,111,112,113,114,115,116,34,118,119,120,121,122,123,90,125,126,127,128,129,130,131,132,133,134,135,136,137,138,139,140,141,142,143,144,145,146,147,148,50,150,21,152,153,154,155,156,157,158,159,160,161,162,163,164,165,166,167,168,169,170,171,172,173,174,175,176,177,178,179,180,181,182,183,184,78,186,187,188,189,190,191,192,193,194,195,196,197,198,199];False
6709;9031;15740;[155,52,11,3,26,43,18,30,25,9,33,1,12,32,14,15,124,94,93,19,61,41,22,23,24,69,5,27,16,56,63,31,29,46,17,35,36,37,60,39,40,49,42,7,44,45,86,47,48,28,4,51,53,13,54,55,6,57,58,59,2,0,62,185,64,10,66,117,68,20,70,71,72,65,74,75,67,77,80,79,38,81,82,83,76,85,92,87,88,89,73,91,109,8,84,95,96,97,98,99,100,101,102,103,104,105,106,107,108,151,110,111,112,113,114,115,116,34,118,119,120,121,122,123,90,125,126,127,128,129,130,131,132,133,134,135,136,137,138,139,140,141,142,143,144,145,146,147,148,149,150,21,152,153,154,50,156,157,158,159,160,161,162,163,164,165,166,167,168,169,170,171,172,173,174,175,176,177,178,179,180,181,182,183,184,78,186,187,188,189,190,191,192,193,194,195,196,197,198,199];False
6808;8994;15802;[163,52,11,3,26,43,18,30,25,9,33,1,12,32,14,15,124,94,93,19,61,41,22,23,24,69,5,27,16,56,63,31,29,46,17,35,36,37,60,39,40,49,42,7,44,45,86,47,48,28,4,51,53,13,54,55,6,57,58,59,2,0,62,185,64,10,66,117,68,20,70,71,72,65,74,75,67,77,80,79,38,81,82,83,76,85,92,87,88,89,73,91,109,8,84,95,96,97,98,99,100,101,102,103,104,105,106,107,108,151,110,111,112,113,114,115,116,34,118,119,120,121,122,123,90,125,126,127,128,129,130,131,132,133,134,135,136,137,138,139,140,141,142,143,144,145,146,147,148,149,150,21,152,153,154,155,156,157,158,159,160,161,162,50,164,165,166,167,168,169,170,171,172,173,174,175,176,177,178,179,180,181,182,183,184,78,186,187,188,189,190,191,192,193,194,195,196,197,198,199];False
7966;8713;16679;[3,141,11,60,26,43,12,30,25,9,4,1,75,32,14,15,124,46,109,95,61,41,22,23,24,69,5,27,73,56,63,31,29,33,17,8,36,28,38,39,40,18,42,7,44,45,19,47,48,21,92,51,53,13,54,55,6,57,58,59,2,0,62,96,64,10,66,117,68,20,70,71,72,65,74,82,67,77,76,79,80,81,35,83,52,85,86,87,88,89,16,91,78,93,94,37,84,97,98,99,100,101,102,103,104,105,106,107,108,49,110,111,112,113,114,115,116,34,118,119,120,121,122,123,90,125,126,127,128,129,130,131,132,133,134,135,136,137,138,139,140,50,142,143,144,145,146,147,148,149,150,151,152,153,154,155,156,157,158,159,160,161,162,163,164,165,166,167,168,169,170,171,172,173,174,175,176,177,178,179,180,181,182,183,184,185,186,187,188,189,190,191,192,193,194,195,196,197,198,199];False
7978;8702;16680;[12,141,11,3,26,43,60,30,25,9,4,1,75,32,14,15,124,46,109,95,61,41,22,23,24,69,5,27,73,56,63,31,29,33,17,8,36,28,38,39,40,18,42,7,44,45,19,47,48,21,92,51,53,13,54,55,6,57,58,59,2,0,62,96,64,10,66,117,68,20,70,71,72,65,74,82,67,77,76,79,80,81,35,83,52,85,86,87,88,89,16,91,78,93,94,37,84,97,98,99,100,101,102,103,104,105,106,107,108,49,110,111,112,113,114,115,116,34,118,119,120,121,122,123,90,125,126,127,128,129,130,131,132,133,134,135,136,137,138,139,140,50,142,143,144,145,146,147,148,149,150,151,152,153,154,155,156,157,158,159,160,161,162,163,164,165,166,167,168,169,170,171,172,173,174,175,176,177,178,179,180,181,182,183,184,185,186,187,188,189,190,191,192,193,194,195,196,197,198,199];False
7912;8703;16615;[18,141,11,3,26,43,12,30,25,9,4,1,75,32,14,15,124,46,109,95,61,41,22,23,24,69,5,27,73,56,63,31,29,33,17,8,36,28,38,39,40,60,42,7,44,45,19,47,48,21,92,51,53,13,54,55,6,57,58,59,2,0,62,96,64,10,66,117,68,20,70,71,72,65,74,82,67,77,76,79,80,81,35,83,52,85,86,87,88,89,16,91,78,93,94,37,84,97,98,99,100,101,102,103,104,105,106,107,108,49,110,111,112,113,114,115,116,34,118,119,120,121,122,123,90,125,126,127,128,129,130,131,132,133,134,135,136,137,138,139,140,50,142,143,144,145,146,147,148,149,150,151,152,153,154,155,156,157,158,159,160,161,162,163,164,165,166,167,168,169,170,171,172,173,174,175,176,177,178,179,180,181,182,183,184,185,186,187,188,189,190,191,192,193,194,195,196,197,198,199];False
8025;8685;16710;[58,141,11,3,26,43,12,30,25,9,4,1,75,32,14,15,124,46,109,95,61,41,22,23,24,69,5,27,73,56,63,31,29,33,17,8,36,28,38,39,40,18,42,7,44,45,19,47,48,21,92,51,53,13,54,55,6,57,60,59,2,0,62,96,64,10,66,117,68,20,70,71,72,65,74,82,67,77,76,79,80,81,35,83,52,85,86,87,88,89,16,91,78,93,94,37,84,97,98,99,100,101,102,103,104,105,106,107,108,49,110,111,112,113,114,115,116,34,118,119,120,121,122,123,90,125,126,127,128,129,130,131,132,133,134,135,136,137,138,139,140,50,142,143,144,145,146,147,148,149,150,151,152,153,154,155,156,157,158,159,160,161,162,163,164,165,166,167,168,169,170,171,172,173,174,175,176,177,178,179,180,181,182,183,184,185,186,187,188,189,190,191,192,193,194,195,196,197,198,199];False
7841;8714;16555;[77,141,11,3,26,43,12,30,25,9,4,1,75,32,14,15,124,46,109,95,61,41,22,23,24,69,5,27,73,56,63,31,29,33,17,8,36,28,38,39,40,18,42,7,44,45,19,47,48,21,92,51,53,13,54,55,6,57,58,59,2,0,62,96,64,10,66,117,68,20,70,71,72,65,74,82,67,60,76,79,80,81,35,83,52,85,86,87,88,89,16,91,78,93,94,37,84,97,98,99,100,101,102,103,104,105,106,107,108,49,110,111,112,113,114,115,116,34,118,119,120,121,122,123,90,125,126,127,128,129,130,131,132,133,134,135,136,137,138,139,140,50,142,143,144,145,146,147,148,149,150,151,152,153,154,155,156,157,158,159,160,161,162,163,164,165,166,167,168,169,170,171,172,173,174,175,176,177,178,179,180,181,182,183,184,185,186,187,188,189,190,191,192,193,194,195,196,197,198,199];False
7935;8695;16630;[76,141,11,3,26,43,12,30,25,9,4,1,75,32,14,15,124,46,109,95,61,41,22,23,24,69,5,27,73,56,63,31,29,33,17,8,36,28,38,39,40,18,42,7,44,45,19,47,48,21,92,51,53,13,54,55,6,57,58,59,2,0,62,96,64,10,66,117,68,20,70,71,72,65,74,82,67,77,60,79,80,81,35,83,52,85,86,87,88,89,16,91,78,93,94,37,84,97,98,99,100,101,102,103,104,105,106,107,108,49,110,111,112,113,114,115,116,34,118,119,120,121,122,123,90,125,126,127,128,129,130,131,132,133,134,135,136,137,138,139,140,50,142,143,144,145,146,147,148,149,150,151,152,153,154,155,156,157,158,159,160,161,162,163,164,165,166,167,168,169,170,171,172,173,174,175,176,177,178,179,180,181,182,183,184,185,186,187,188,189,190,191,192,193,194,195,196,197,198,199];False
7976;8693;16669;[79,141,11,3,26,43,12,30,25,9,4,1,75,32,14,15,124,46,109,95,61,41,22,23,24,69,5,27,73,56,63,31,29,33,17,8,36,28,38,39,40,18,42,7,44,45,19,47,48,21,92,51,53,13,54,55,6,57,58,59,2,0,62,96,64,10,66,117,68,20,70,71,72,65,74,82,67,77,76,60,80,81,35,83,52,85,86,87,88,89,16,91,78,93,94,37,84,97,98,99,100,101,102,103,104,105,106,107,108,49,110,111,112,113,114,115,116,34,118,119,120,121,122,123,90,125,126,127,128,129,130,131,132,133,134,135,136,137,138,139,140,50,142,143,144,145,146,147,148,149,150,151,152,153,154,155,156,157,158,159,160,161,162,163,164,165,166,167,168,169,170,171,172,173,174,175,176,177,178,179,180,181,182,183,184,185,186,187,188,189,190,191,192,193,194,195,196,197,198,199];False
7951;8682;16633;[99,141,11,3,26,43,12,30,25,9,4,1,75,32,14,15,124,46,109,95,61,41,22,23,24,69,5,27,73,56,63,31,29,33,17,8,36,28,38,39,40,18,42,7,44,45,19,47,48,21,92,51,53,13,54,55,6,57,58,59,2,0,62,96,64,10,66,117,68,20,70,71,72,65,74,82,67,77,76,79,80,81,35,83,52,85,86,87,88,89,16,91,78,93,94,37,84,97,98,60,100,101,102,103,104,105,106,107,108,49,110,111,112,113,114,115,116,34,118,119,120,121,122,123,90,125,126,127,128,129,130,131,132,133,134,135,136,137,138,139,140,50,142,143,144,145,146,147,148,149,150,151,152,153,154,155,156,157,158,159,160,161,162,163,164,165,166,167,168,169,170,171,172,173,174,175,176,177,178,179,180,181,182,183,184,185,186,187,188,189,190,191,192,193,194,195,196,197,198,199];False
7255;8800;16055;[5,141,11,3,26,43,18,30,25,9,4,1,12,32,14,15,124,46,174,19,61,41,22,23,24,69,114,27,16,56,63,31,29,33,17,8,36,95,38,39,40,60,42,7,44,45,77,47,48,21,92,51,53,13,54,55,6,57,58,59,2,0,62,96,64,10,66,117,68,20,70,71,72,65,74,75,67,28,76,79,80,81,82,83,52,85,86,87,88,89,73,91,35,93,94,37,84,97,98,99,100,101,102,49,104,105,106,107,108,109,110,111,112,113,103,115,116,34,118,119,120,121,122,123,90,125,126,78,128,129,130,131,132,133,134,135,136,137,138,139,140,50,142,143,144,145,146,147,148,149,150,151,152,153,154,155,156,157,158,159,160,161,162,163,164,165,166,167,168,169,170,171,172,173,127,175,176,177,178,179,180,181,182,183,184,185,186,187,188,189,190,191,192,193,194,195,196,197,198,199];False
7158;8834;15992;[96,141,11,3,26,43,18,30,25,9,4,1,12,32,14,15,124,46,174,19,61,41,22,23,24,69,5,27,16,56,63,31,29,33,17,8,36,95,38,39,40,60,42,7,44,45,77,47,48,21,92,51,53,13,54,55,6,57,58,59,2,0,62,114,64,10,66,117,68,20,70,71,72,65,74,75,67,28,76,79,80,81,82,83,52,85,86,87,88,89,73,91,35,93,94,37,84,97,98,99,100,101,102,49,104,105,106,107,108,109,110,111,112,113,103,115,116,34,118,119,120,121,122,123,90,125,126,78,128,129,130,131,132,133,134,135,136,137,138,139,140,50,142,143,144,145,146,147,148,149,150,151,152,153,154,155,156,157,158,159,160,161,162,163,164,165,166,167,168,169,170,171,172,173,127,175,176,177,178,179,180,181,182,183,184,185,186,187,188,189,190,191,192,193,194,195,196,197,198,199];False
7179;8817;15996;[81,141,11,3,26,43,18,30,25,9,4,1,12,32,14,15,124,46,174,19,61,41,22,23,24,69,5,27,16,56,63,31,29,33,17,8,36,95,38,39,40,60,42,7,44,45,77,47,48,21,92,51,53,13,54,55,6,57,58,59,2,0,62,96,64,10,66,117,68,20,70,71,72,65,74,75,67,28,76,79,80,114,82,83,52,85,86,87,88,89,73,91,35,93,94,37,84,97,98,99,100,101,102,49,104,105,106,107,108,109,110,111,112,113,103,115,116,34,118,119,120,121,122,123,90,125,126,78,128,129,130,131,132,133,134,135,136,137,138,139,140,50,142,143,144,145,146,147,148,149,150,151,152,153,154,155,156,157,158,159,160,161,162,163,164,165,166,167,168,169,170,171,172,173,127,175,176,177,178,179,180,181,182,183,184,185,186,187,188,189,190,191,192,193,194,195,196,197,198,199];False
7266;8782;16048;[82,141,11,3,26,43,18,30,25,9,4,1,12,32,14,15,124,46,174,19,61,41,22,23,24,69,5,27,16,56,63,31,29,33,17,8,36,95,38,39,40,60,42,7,44,45,77,47,48,21,92,51,53,13,54,55,6,57,58,59,2,0,62,96,64,10,66,117,68,20,70,71,72,65,74,75,67,28,76,79,80,81,114,83,52,85,86,87,88,89,73,91,35,93,94,37,84,97,98,99,100,101,102,49,104,105,106,107,108,109,110,111,112,113,103,115,116,34,118,119,120,121,122,123,90,125,126,78,128,129,130,131,132,133,134,135,136,137,138,139,140,50,142,143,144,145,146,147,148,149,150,151,152,153,154,155,156,157,158,159,160,161,162,163,164,165,166,167,168,169,170,171,172,173,127,175,176,177,178,179,180,181,182,183,184,185,186,187,188,189,190,191,192,193,194,195,196,197,198,199];False
7153;8852;16005;[37,141,11,3,26,43,18,30,25,9,4,1,12,32,14,15,124,46,174,19,61,41,22,23,24,69,5,27,16,56,63,31,29,33,17,8,36,95,38,39,40,60,42,7,44,45,77,47,48,21,92,51,53,13,54,55,6,57,58,59,2,0,62,96,64,10,66,117,68,20,70,71,72,65,74,75,67,28,76,79,80,81,82,83,52,85,86,87,88,89,73,91,35,93,94,114,84,97,98,99,100,101,102,49,104,105,106,107,108,109,110,111,112,113,103,115,116,34,118,119,120,121,122,123,90,125,126,78,128,129,130,131,132,133,134,135,136,137,138,139,140,50,142,143,144,145,146,147,148,149,150,151,152,153,154,155,156,157,158,159,160,161,162,163,164,165,166,167,168,169,170,171,172,173,127,175,176,177,178,179,180,181,182,183,184,185,186,187,188,189,190,191,192,193,194,195,196,197,198,199];False
7198;8800;15998;[99,141,11,3,26,43,18,30,25,9,4,1,12,32,14,15,124,46,174,19,61,41,22,23,24,69,5,27,16,56,63,31,29,33,17,8,36,95,38,39,40,60,42,7,44,45,77,47,48,21,92,51,53,13,54,55,6,57,58,59,2,0,62,96,64,10,66,117,68,20,70,71,72,65,74,75,67,28,76,79,80,81,82,83,52,85,86,87,88,89,73,91,35,93,94,37,84,97,98,114,100,101,102,49,104,105,106,107,108,109,110,111,112,113,103,115,116,34,118,119,120,121,122,123,90,125,126,78,128,129,130,131,132,133,134,135,136,137,138,139,140,50,142,143,144,145,146,147,148,149,150,151,152,153,154,155,156,157,158,159,160,161,162,163,164,165,166,167,168,169,170,171,172,173,127,175,176,177,178,179,180,181,182,183,184,185,186,187,188,189,190,191,192,193,194,195,196,197,198,199];False
7666;8719;16385;[4,141,11,3,26,43,18,30,25,9,46,1,12,32,14,15,124,73,174,19,61,41,22,23,24,69,5,27,99,56,63,31,29,33,17,8,36,95,38,39,40,49,42,7,44,45,60,47,48,21,92,51,53,13,54,55,6,57,58,59,2,0,62,96,64,10,66,117,68,20,70,71,72,65,74,75,67,77,76,28,80,81,82,83,52,85,86,87,88,89,16,91,35,93,94,37,84,97,98,79,100,101,102,103,104,105,106,107,108,109,110,111,112,113,114,115,116,34,118,119,120,121,122,123,90,125,126,78,128,129,130,131,132,133,134,135,136,137,138,139,140,50,142,143,144,145,146,147,148,149,150,151,152,153,154,155,156,157,158,159,160,161,162,163,164,165,166,167,168,169,170,171,172,173,127,175,176,177,178,179,180,181,182,183,184,185,186,187,188,189,190,191,192,193,194,195,196,197,198,199];False
7633;8715;16348;[12,141,11,3,26,43,18,30,25,9,4,1,46,32,14,15,124,73,174,19,61,41,22,23,24,69,5,27,99,56,63,31,29,33,17,8,36,95,38,39,40,49,42,7,44,45,60,47,48,21,92,51,53,13,54,55,6,57,58,59,2,0,62,96,64,10,66,117,68,20,70,71,72,65,74,75,67,77,76,28,80,81,82,83,52,85,86,87,88,89,16,91,35,93,94,37,84,97,98,79,100,101,102,103,104,105,106,107,108,109,110,111,112,113,114,115,116,34,118,119,120,121,122,123,90,125,126,78,128,129,130,131,132,133,134,135,136,137,138,139,140,50,142,143,144,145,146,147,148,149,150,151,152,153,154,155,156,157,158,159,160,161,162,163,164,165,166,167,168,169,170,171,172,173,127,175,176,177,178,179,180,181,182,183,184,185,186,187,188,189,190,191,192,193,194,195,196,197,198,199];False
7590;8729;16319;[14,141,11,3,26,43,18,30,25,9,4,1,12,32,46,15,124,73,174,19,61,41,22,23,24,69,5,27,99,56,63,31,29,33,17,8,36,95,38,39,40,49,42,7,44,45,60,47,48,21,92,51,53,13,54,55,6,57,58,59,2,0,62,96,64,10,66,117,68,20,70,71,72,65,74,75,67,77,76,28,80,81,82,83,52,85,86,87,88,89,16,91,35,93,94,37,84,97,98,79,100,101,102,103,104,105,106,107,108,109,110,111,112,113,114,115,116,34,118,119,120,121,122,123,90,125,126,78,128,129,130,131,132,133,134,135,136,137,138,139,140,50,142,143,144,145,146,147,148,149,150,151,152,153,154,155,156,157,158,159,160,161,162,163,164,165,166,167,168,169,170,171,172,173,127,175,176,177,178,179,180,181,182,183,184,185,186,187,188,189,190,191,192,193,194,195,196,197,198,199];False
7589;8706;16295;[19,141,11,3,26,43,18,30,25,9,4,1,12,32,14,15,124,73,174,46,61,41,22,23,24,69,5,27,99,56,63,31,29,33,17,8,36,95,38,39,40,49,42,7,44,45,60,47,48,21,92,51,53,13,54,55,6,57,58,59,2,0,62,96,64,10,66,117,68,20,70,71,72,65,74,75,67,77,76,28,80,81,82,83,52,85,86,87,88,89,16,91,35,93,94,37,84,97,98,79,100,101,102,103,104,105,106,107,108,109,110,111,112,113,114,115,116,34,118,119,120,121,122,123,90,125,126,78,128,129,130,131,132,133,134,135,136,137,138,139,140,50,142,143,144,145,146,147,148,149,150,151,152,153,154,155,156,157,158,159,160,161,162,163,164,165,166,167,168,169,170,171,172,173,127,175,176,177,178,179,180,181,182,183,184,185,186,187,188,189,190,191,192,193,194,195,196,197,198,199];False
7549;8722;16271;[23,141,11,3,26,43,18,30,25,9,4,1,12,32,14,15,124,73,174,19,61,41,22,46,24,69,5,27,99,56,63,31,29,33,17,8,36,95,38,39,40,49,42,7,44,45,60,47,48,21,92,51,53,13,54,55,6,57,58,59,2,0,62,96,64,10,66,117,68,20,70,71,72,65,74,75,67,77,76,28,80,81,82,83,52,85,86,87,88,89,16,91,35,93,94,37,84,97,98,79,100,101,102,103,104,105,106,107,108,109,110,111,112,113,114,115,116,34,118,119,120,121,122,123,90,125,126,78,128,129,130,131,132,133,134,135,136,137,138,139,140,50,142,143,144,145,146,147,148,149,150,151,152,153,154,155,156,157,158,159,160,161,162,163,164,165,166,167,168,169,170,171,172,173,127,175,176,177,178,179,180,181,182,183,184,185,186,187,188,189,190,191,192,193,194,195,196,197,198,199];False
7390;8738;16128;[4,141,11,3,26,43,18,30,25,9,109,1,12,32,14,15,124,46,174,19,61,41,22,23,24,69,5,27,99,56,63,31,29,33,17,8,36,95,38,39,40,49,42,7,44,45,60,47,48,21,92,51,53,13,54,55,6,57,58,59,2,0,62,96,64,10,66,117,68,20,70,71,72,65,74,75,67,77,76,28,80,81,82,83,52,85,86,87,88,89,73,91,35,93,94,37,84,97,98,79,100,101,16,103,104,105,106,107,108,102,110,111,112,113,114,115,116,34,118,119,120,121,122,123,90,125,126,78,128,129,130,131,132,133,134,135,136,137,138,139,140,50,142,143,144,145,146,147,148,149,150,151,152,153,154,155,156,157,158,159,160,161,162,163,164,165,166,167,168,169,170,171,172,173,127,175,176,177,178,179,180,181,182,183,184,185,186,187,188,189,190,191,192,193,194,195,196,197,198,199];False
7413;8717;16130;[174,141,11,3,26,43,18,30,25,9,4,1,12,32,14,15,124,46,109,19,61,41,22,23,24,69,5,27,99,56,63,31,29,33,17,8,36,95,38,39,40,49,42,7,44,45,60,47,48,21,92,51,53,13,54,55,6,57,58,59,2,0,62,96,64,10,66,117,68,20,70,71,72,65,74,75,67,77,76,28,80,81,82,83,52,85,86,87,88,89,73,91,35,93,94,37,84,97,98,79,100,101,16,103,104,105,106,107,108,102,110,111,112,113,114,115,116,34,118,119,120,121,122,123,90,125,126,78,128,129,130,131,132,133,134,135,136,137,138,139,140,50,142,143,144,145,146,147,148,149,150,151,152,153,154,155,156,157,158,159,160,161,162,163,164,165,166,167,168,169,170,171,172,173,127,175,176,177,178,179,180,181,182,183,184,185,186,187,188,189,190,191,192,193,194,195,196,197,198,199];False
7270;8767;16037;[24,141,11,3,26,43,18,30,25,9,4,1,12,32,14,15,124,46,174,19,61,41,22,23,109,69,5,27,99,56,63,31,29,33,17,8,36,95,38,39,40,49,42,7,44,45,60,47,48,21,92,51,53,13,54,55,6,57,58,59,2,0,62,96,64,10,66,117,68,20,70,71,72,65,74,75,67,77,76,28,80,81,82,83,52,85,86,87,88,89,73,91,35,93,94,37,84,97,98,79,100,101,16,103,104,105,106,107,108,102,110,111,112,113,114,115,116,34,118,119,120,121,122,123,90,125,126,78,128,129,130,131,132,133,134,135,136,137,138,139,140,50,142,143,144,145,146,147,148,149,150,151,152,153,154,155,156,157,158,159,160,161,162,163,164,165,166,167,168,169,170,171,172,173,127,175,176,177,178,179,180,181,182,183,184,185,186,187,188,189,190,191,192,193,194,195,196,197,198,199];False
7285;8755;16040;[99,141,11,3,26,43,18,30,25,9,4,1,12,32,14,15,124,46,174,19,61,41,22,23,24,69,5,27,109,56,63,31,29,33,17,8,36,95,38,39,40,49,42,7,44,45,60,47,48,21,92,51,53,13,54,55,6,57,58,59,2,0,62,96,64,10,66,117,68,20,70,71,72,65,74,75,67,77,76,28,80,81,82,83,52,85,86,87,88,89,73,91,35,93,94,37,84,97,98,79,100,101,16,103,104,105,106,107,108,102,110,111,112,113,114,115,116,34,118,119,120,121,122,123,90,125,126,78,128,129,130,131,132,133,134,135,136,137,138,139,140,50,142,143,144,145,146,147,148,149,150,151,152,153,154,155,156,157,158,159,160,161,162,163,164,165,166,167,168,169,170,171,172,173,127,175,176,177,178,179,180,181,182,183,184,185,186,187,188,189,190,191,192,193,194,195,196,197,198,199];False
7315;8738;16053;[60,141,11,3,26,43,18,30,25,9,4,1,12,32,14,15,124,46,174,19,61,41,22,23,24,69,5,27,99,56,63,31,29,33,17,8,36,95,38,39,40,49,42,7,44,45,109,47,48,21,92,51,53,13,54,55,6,57,58,59,2,0,62,96,64,10,66,117,68,20,70,71,72,65,74,75,67,77,76,28,80,81,82,83,52,85,86,87,88,89,73,91,35,93,94,37,84,97,98,79,100,101,16,103,104,105,106,107,108,102,110,111,112,113,114,115,116,34,118,119,120,121,122,123,90,125,126,78,128,129,130,131,132,133,134,135,136,137,138,139,140,50,142,143,144,145,146,147,148,149,150,151,152,153,154,155,156,157,158,159,160,161,162,163,164,165,166,167,168,169,170,171,172,173,127,175,176,177,178,179,180,181,182,183,184,185,186,187,188,189,190,191,192,193,194,195,196,197,198,199];False
7408;8733;16141;[6,141,11,3,26,43,18,30,25,9,4,1,12,32,14,15,124,46,174,19,61,41,22,23,24,69,5,27,99,56,63,31,29,33,17,8,36,95,38,39,40,49,42,7,44,45,60,47,48,21,92,51,53,13,54,55,109,57,58,59,2,0,62,96,64,10,66,117,68,20,70,71,72,65,74,75,67,77,76,28,80,81,82,83,52,85,86,87,88,89,73,91,35,93,94,37,84,97,98,79,100,101,16,103,104,105,106,107,108,102,110,111,112,113,114,115,116,34,118,119,120,121,122,123,90,125,126,78,128,129,130,131,132,133,134,135,136,137,138,139,140,50,142,143,144,145,146,147,148,149,150,151,152,153,154,155,156,157,158,159,160,161,162,163,164,165,166,167,168,169,170,171,172,173,127,175,176,177,178,179,180,181,182,183,184,185,186,187,188,189,190,191,192,193,194,195,196,197,198,199];False
7328;8730;16058;[10,141,11,3,26,43,18,30,25,9,4,1,12,32,14,15,124,46,174,19,61,41,22,23,24,69,5,27,99,56,63,31,29,33,17,8,36,95,38,39,40,49,42,7,44,45,60,47,48,21,92,51,53,13,54,55,6,57,58,59,2,0,62,96,64,109,66,117,68,20,70,71,72,65,74,75,67,77,76,28,80,81,82,83,52,85,86,87,88,89,73,91,35,93,94,37,84,97,98,79,100,101,16,103,104,105,106,107,108,102,110,111,112,113,114,115,116,34,118,119,120,121,122,123,90,125,126,78,128,129,130,131,132,133,134,135,136,137,138,139,140,50,142,143,144,145,146,147,148,149,150,151,152,153,154,155,156,157,158,159,160,161,162,163,164,165,166,167,168,169,170,171,172,173,127,175,176,177,178,179,180,181,182,183,184,185,186,187,188,189,190,191,192,193,194,195,196,197,198,199];False
7399;8719;16118;[20,141,11,3,26,43,18,30,25,9,4,1,12,32,14,15,124,46,174,19,61,41,22,23,24,69,5,27,99,56,63,31,29,33,17,8,36,95,38,39,40,49,42,7,44,45,60,47,48,21,92,51,53,13,54,55,6,57,58,59,2,0,62,96,64,10,66,117,68,109,70,71,72,65,74,75,67,77,76,28,80,81,82,83,52,85,86,87,88,89,73,91,35,93,94,37,84,97,98,79,100,101,16,103,104,105,106,107,108,102,110,111,112,113,114,115,116,34,118,119,120,121,122,123,90,125,126,78,128,129,130,131,132,133,134,135,136,137,138,139,140,50,142,143,144,145,146,147,148,149,150,151,152,153,154,155,156,157,158,159,160,161,162,163,164,165,166,167,168,169,170,171,172,173,127,175,176,177,178,179,180,181,182,183,184,185,186,187,188,189,190,191,192,193,194,195,196,197,198,199];False
7352;8721;16073;[72,141,11,3,26,43,18,30,25,9,4,1,12,32,14,15,124,46,174,19,61,41,22,23,24,69,5,27,99,56,63,31,29,33,17,8,36,95,38,39,40,49,42,7,44,45,60,47,48,21,92,51,53,13,54,55,6,57,58,59,2,0,62,96,64,10,66,117,68,20,70,71,109,65,74,75,67,77,76,28,80,81,82,83,52,85,86,87,88,89,73,91,35,93,94,37,84,97,98,79,100,101,16,103,104,105,106,107,108,102,110,111,112,113,114,115,116,34,118,119,120,121,122,123,90,125,126,78,128,129,130,131,132,133,134,135,136,137,138,139,140,50,142,143,144,145,146,147,148,149,150,151,152,153,154,155,156,157,158,159,160,161,162,163,164,165,166,167,168,169,170,171,172,173,127,175,176,177,178,179,180,181,182,183,184,185,186,187,188,189,190,191,192,193,194,195,196,197,198,199];False
7272;8758;16030;[77,141,11,3,26,43,18,30,25,9,4,1,12,32,14,15,124,46,174,19,61,41,22,23,24,69,5,27,99,56,63,31,29,33,17,8,36,95,38,39,40,49,42,7,44,45,60,47,48,21,92,51,53,13,54,55,6,57,58,59,2,0,62,96,64,10,66,117,68,20,70,71,72,65,74,75,67,109,76,28,80,81,82,83,52,85,86,87,88,89,73,91,35,93,94,37,84,97,98,79,100,101,16,103,104,105,106,107,108,102,110,111,112,113,114,115,116,34,118,119,120,121,122,123,90,125,126,78,128,129,130,131,132,133,134,135,136,137,138,139,140,50,142,143,144,145,146,147,148,149,150,151,152,153,154,155,156,157,158,159,160,161,162,163,164,165,166,167,168,169,170,171,172,173,127,175,176,177,178,179,180,181,182,183,184,185,186,187,188,189,190,191,192,193,194,195,196,197,198,199];False
7382;8717;16099;[86,141,11,3,26,43,18,30,25,9,4,1,12,32,14,15,124,46,174,19,61,41,22,23,24,69,5,27,99,56,63,31,29,33,17,8,36,95,38,39,40,49,42,7,44,45,60,47,48,21,92,51,53,13,54,55,6,57,58,59,2,0,62,96,64,10,66,117,68,20,70,71,72,65,74,75,67,77,76,28,80,81,82,83,52,85,109,87,88,89,73,91,35,93,94,37,84,97,98,79,100,101,16,103,104,105,106,107,108,102,110,111,112,113,114,115,116,34,118,119,120,121,122,123,90,125,126,78,128,129,130,131,132,133,134,135,136,137,138,139,140,50,142,143,144,145,146,147,148,149,150,151,152,153,154,155,156,157,158,159,160,161,162,163,164,165,166,167,168,169,170,171,172,173,127,175,176,177,178,179,180,181,182,183,184,185,186,187,188,189,190,191,192,193,194,195,196,197,198,199];False
7431;8713;16144;[73,141,11,3,26,43,18,30,25,9,4,1,12,32,14,15,124,46,174,19,61,41,22,23,24,69,5,27,99,56,63,31,29,33,17,8,36,95,38,39,40,49,42,7,44,45,60,47,48,21,92,51,53,13,54,55,6,57,58,59,2,0,62,96,64,10,66,117,68,20,70,71,72,65,74,75,67,77,76,28,80,81,82,83,52,85,86,87,88,89,109,91,35,93,94,37,84,97,98,79,100,101,16,103,104,105,106,107,108,102,110,111,112,113,114,115,116,34,118,119,120,121,122,123,90,125,126,78,128,129,130,131,132,133,134,135,136,137,138,139,140,50,142,143,144,145,146,147,148,149,150,151,152,153,154,155,156,157,158,159,160,161,162,163,164,165,166,167,168,169,170,171,172,173,127,175,176,177,178,179,180,181,182,183,184,185,186,187,188,189,190,191,192,193,194,195,196,197,198,199];False
7217;8756;15973;[37,141,11,3,26,43,18,30,25,9,4,1,12,32,14,15,124,46,174,19,61,41,22,23,24,69,5,27,99,56,63,31,29,33,17,8,36,95,38,39,40,49,42,7,44,45,60,47,48,21,92,51,53,13,54,55,6,57,58,59,2,0,62,96,64,10,66,117,68,20,70,71,72,65,74,75,67,77,76,28,80,81,82,83,52,85,86,87,88,89,73,91,35,93,94,109,84,97,98,79,100,101,16,103,104,105,106,107,108,102,110,111,112,113,114,115,116,34,118,119,120,121,122,123,90,125,126,78,128,129,130,131,132,133,134,135,136,137,138,139,140,50,142,143,144,145,146,147,148,149,150,151,152,153,154,155,156,157,158,159,160,161,162,163,164,165,166,167,168,169,170,171,172,173,127,175,176,177,178,179,180,181,182,183,184,185,186,187,188,189,190,191,192,193,194,195,196,197,198,199];False
7294;8737;16031;[84,141,11,3,26,43,18,30,25,9,4,1,12,32,14,15,124,46,174,19,61,41,22,23,24,69,5,27,99,56,63,31,29,33,17,8,36,95,38,39,40,49,42,7,44,45,60,47,48,21,92,51,53,13,54,55,6,57,58,59,2,0,62,96,64,10,66,117,68,20,70,71,72,65,74,75,67,77,76,28,80,81,82,83,52,85,86,87,88,89,73,91,35,93,94,37,109,97,98,79,100,101,16,103,104,105,106,107,108,102,110,111,112,113,114,115,116,34,118,119,120,121,122,123,90,125,126,78,128,129,130,131,132,133,134,135,136,137,138,139,140,50,142,143,144,145,146,147,148,149,150,151,152,153,154,155,156,157,158,159,160,161,162,163,164,165,166,167,168,169,170,171,172,173,127,175,176,177,178,179,180,181,182,183,184,185,186,187,188,189,190,191,192,193,194,195,196,197,198,199];False
7297;8735;16032;[103,141,11,3,26,43,18,30,25,9,4,1,12,32,14,15,124,46,174,19,61,41,22,23,24,69,5,27,99,56,63,31,29,33,17,8,36,95,38,39,40,49,42,7,44,45,60,47,48,21,92,51,53,13,54,55,6,57,58,59,2,0,62,96,64,10,66,117,68,20,70,71,72,65,74,75,67,77,76,28,80,81,82,83,52,85,86,87,88,89,73,91,35,93,94,37,84,97,98,79,100,101,16,109,104,105,106,107,108,102,110,111,112,113,114,115,116,34,118,119,120,121,122,123,90,125,126,78,128,129,130,131,132,133,134,135,136,137,138,139,140,50,142,143,144,145,146,147,148,149,150,151,152,153,154,155,156,157,158,159,160,161,162,163,164,165,166,167,168,169,170,171,172,173,127,175,176,177,178,179,180,181,182,183,184,185,186,187,188,189,190,191,192,193,194,195,196,197,198,199];False
7282;8711;15993;[114,141,11,3,26,43,18,30,25,9,4,1,12,32,14,15,124,46,174,19,61,41,22,23,24,69,5,27,99,56,63,31,29,33,17,8,36,95,38,39,40,49,42,7,44,45,60,47,48,21,92,51,53,13,54,55,6,57,58,59,2,0,62,96,64,10,66,117,68,20,70,71,72,65,74,75,67,77,76,28,80,81,82,83,52,85,86,87,88,89,73,91,35,93,94,37,84,97,98,79,100,101,16,103,104,105,106,107,108,102,110,111,112,113,109,115,116,34,118,119,120,121,122,123,90,125,126,78,128,129,130,131,132,133,134,135,136,137,138,139,140,50,142,143,144,145,146,147,148,149,150,151,152,153,154,155,156,157,158,159,160,161,162,163,164,165,166,167,168,169,170,171,172,173,127,175,176,177,178,179,180,181,182,183,184,185,186,187,188,189,190,191,192,193,194,195,196,197,198,199];False
7123;8867;15990;[23,141,11,47,26,43,18,30,25,9,4,1,12,32,3,15,124,8,16,14,61,41,22,42,24,69,5,27,109,56,63,31,29,33,17,35,36,95,38,85,77,49,64,7,44,45,60,39,48,21,92,51,53,13,54,55,6,57,58,59,2,0,62,46,99,10,66,117,68,20,70,71,72,65,74,75,67,28,76,79,80,81,82,83,40,37,86,87,88,89,73,91,78,93,94,114,96,97,98,84,100,101,102,52,104,105,106,107,108,19,110,111,112,113,103,115,116,34,118,119,120,121,122,123,90,125,126,127,128,129,130,131,132,133,134,135,136,137,138,139,140,50,142,143,144,145,146,147,148,149,150,151,152,153,154,155,156,157,158,159,160,161,162,163,164,165,166,167,168,169,170,171,172,173,174,175,176,177,178,179,180,181,182,183,184,185,186,187,188,189,190,191,192,193,194,195,196,197,198,199];False
7152;8855;16007;[39,141,11,47,26,43,18,30,25,9,4,1,12,32,3,15,124,8,16,14,61,41,22,23,24,69,5,27,109,56,63,31,29,33,17,35,36,95,38,85,77,49,64,7,44,45,60,42,48,21,92,51,53,13,54,55,6,57,58,59,2,0,62,46,99,10,66,117,68,20,70,71,72,65,74,75,67,28,76,79,80,81,82,83,40,37,86,87,88,89,73,91,78,93,94,114,96,97,98,84,100,101,102,52,104,105,106,107,108,19,110,111,112,113,103,115,116,34,118,119,120,121,122,123,90,125,126,127,128,129,130,131,132,133,134,135,136,137,138,139,140,50,142,143,144,145,146,147,148,149,150,151,152,153,154,155,156,157,158,159,160,161,162,163,164,165,166,167,168,169,170,171,172,173,174,175,176,177,178,179,180,181,182,183,184,185,186,187,188,189,190,191,192,193,194,195,196,197,198,199];False
7150;8857;16007;[6,141,11,47,26,43,18,30,25,9,4,1,12,32,3,15,124,8,16,14,61,41,22,23,24,69,5,27,109,56,63,31,29,33,17,35,36,95,38,85,77,49,64,7,44,45,60,39,48,21,92,51,53,13,54,55,42,57,58,59,2,0,62,46,99,10,66,117,68,20,70,71,72,65,74,75,67,28,76,79,80,81,82,83,40,37,86,87,88,89,73,91,78,93,94,114,96,97,98,84,100,101,102,52,104,105,106,107,108,19,110,111,112,113,103,115,116,34,118,119,120,121,122,123,90,125,126,127,128,129,130,131,132,133,134,135,136,137,138,139,140,50,142,143,144,145,146,147,148,149,150,151,152,153,154,155,156,157,158,159,160,161,162,163,164,165,166,167,168,169,170,171,172,173,174,175,176,177,178,179,180,181,182,183,184,185,186,187,188,189,190,191,192,193,194,195,196,197,198,199];False
7119;8857;15976;[59,141,11,47,26,43,18,30,25,9,4,1,12,32,3,15,124,8,16,14,61,41,22,23,24,69,5,27,109,56,63,31,29,33,17,35,36,95,38,85,77,49,64,7,44,45,60,39,48,21,92,51,53,13,54,55,6,57,58,42,2,0,62,46,99,10,66,117,68,20,70,71,72,65,74,75,67,28,76,79,80,81,82,83,40,37,86,87,88,89,73,91,78,93,94,114,96,97,98,84,100,101,102,52,104,105,106,107,108,19,110,111,112,113,103,115,116,34,118,119,120,121,122,123,90,125,126,127,128,129,130,131,132,133,134,135,136,137,138,139,140,50,142,143,144,145,146,147,148,149,150,151,152,153,154,155,156,157,158,159,160,161,162,163,164,165,166,167,168,169,170,171,172,173,174,175,176,177,178,179,180,181,182,183,184,185,186,187,188,189,190,191,192,193,194,195,196,197,198,199];False
6972;8955;15927;[25,141,11,47,26,43,18,30,8,9,4,1,12,32,3,15,124,94,16,14,61,41,22,23,24,69,5,27,109,56,63,31,29,33,17,35,36,95,38,85,77,49,42,7,44,45,60,39,48,21,92,51,53,13,54,55,6,57,58,59,2,0,62,46,64,10,66,117,68,20,70,71,72,65,74,75,67,28,76,79,80,81,82,83,40,37,86,87,88,89,73,91,78,93,99,114,96,97,98,84,100,101,102,52,104,105,106,107,108,19,110,111,112,113,103,115,116,34,118,119,120,121,122,123,90,125,126,127,128,129,130,131,132,133,134,135,136,137,138,139,140,50,142,143,144,145,146,147,148,149,150,151,152,153,154,155,156,157,158,159,160,161,162,163,164,165,166,167,168,169,170,171,172,173,174,175,176,177,178,179,180,181,182,183,184,185,186,187,188,189,190,191,192,193,194,195,196,197,198,199];False
6973;8952;15925;[24,141,11,47,26,43,18,30,25,9,4,1,12,32,3,15,124,94,16,14,61,41,22,23,8,69,5,27,109,56,63,31,29,33,17,35,36,95,38,85,77,49,42,7,44,45,60,39,48,21,92,51,53,13,54,55,6,57,58,59,2,0,62,46,64,10,66,117,68,20,70,71,72,65,74,75,67,28,76,79,80,81,82,83,40,37,86,87,88,89,73,91,78,93,99,114,96,97,98,84,100,101,102,52,104,105,106,107,108,19,110,111,112,113,103,115,116,34,118,119,120,121,122,123,90,125,126,127,128,129,130,131,132,133,134,135,136,137,138,139,140,50,142,143,144,145,146,147,148,149,150,151,152,153,154,155,156,157,158,159,160,161,162,163,164,165,166,167,168,169,170,171,172,173,174,175,176,177,178,179,180,181,182,183,184,185,186,187,188,189,190,191,192,193,194,195,196,197,198,199];False
6951;8913;15864;[35,141,11,47,26,43,18,30,25,9,4,1,12,32,3,15,124,94,16,14,61,41,22,23,24,69,5,27,109,56,63,31,29,33,17,8,36,95,38,85,77,49,42,7,44,45,60,39,48,21,92,51,53,13,54,55,6,57,58,59,2,0,62,46,64,10,66,117,68,20,70,71,72,65,74,75,67,28,76,79,80,81,82,83,40,37,86,87,88,89,73,91,78,93,99,114,96,97,98,84,100,101,102,52,104,105,106,107,108,19,110,111,112,113,103,115,116,34,118,119,120,121,122,123,90,125,126,127,128,129,130,131,132,133,134,135,136,137,138,139,140,50,142,143,144,145,146,147,148,149,150,151,152,153,154,155,156,157,158,159,160,161,162,163,164,165,166,167,168,169,170,171,172,173,174,175,176,177,178,179,180,181,182,183,184,185,186,187,188,189,190,191,192,193,194,195,196,197,198,199];False
7102;8876;15978;[43,141,11,47,26,9,18,30,25,105,4,1,12,32,3,15,124,8,16,14,61,41,22,23,24,69,5,27,109,56,63,31,29,33,17,35,36,95,38,85,77,49,42,7,44,45,60,39,48,21,92,51,53,13,54,55,6,57,58,59,2,0,62,46,64,10,66,117,68,20,70,71,72,65,74,75,67,28,76,79,80,81,82,83,40,37,86,87,88,89,73,91,78,93,94,114,96,97,98,84,100,101,102,52,104,99,106,107,108,19,110,111,112,113,103,115,116,34,118,119,120,121,122,123,90,125,126,127,128,129,130,131,132,133,134,135,136,137,138,139,140,50,142,143,144,145,146,147,148,149,150,151,152,153,154,155,156,157,158,159,160,161,162,163,164,165,166,167,168,169,170,171,172,173,174,175,176,177,178,179,180,181,182,183,184,185,186,187,188,189,190,191,192,193,194,195,196,197,198,199];False
7107;8869;15976;[12,141,11,47,26,43,18,30,25,105,4,1,9,32,3,15,124,8,16,14,61,41,22,23,24,69,5,27,109,56,63,31,29,33,17,35,36,95,38,85,77,49,42,7,44,45,60,39,48,21,92,51,53,13,54,55,6,57,58,59,2,0,62,46,64,10,66,117,68,20,70,71,72,65,74,75,67,28,76,79,80,81,82,83,40,37,86,87,88,89,73,91,78,93,94,114,96,97,98,84,100,101,102,52,104,99,106,107,108,19,110,111,112,113,103,115,116,34,118,119,120,121,122,123,90,125,126,127,128,129,130,131,132,133,134,135,136,137,138,139,140,50,142,143,144,145,146,147,148,149,150,151,152,153,154,155,156,157,158,159,160,161,162,163,164,165,166,167,168,169,170,171,172,173,174,175,176,177,178,179,180,181,182,183,184,185,186,187,188,189,190,191,192,193,194,195,196,197,198,199];False
7095;8881;15976;[124,141,11,47,26,43,18,30,25,105,4,1,12,32,3,15,9,8,16,14,61,41,22,23,24,69,5,27,109,56,63,31,29,33,17,35,36,95,38,85,77,49,42,7,44,45,60,39,48,21,92,51,53,13,54,55,6,57,58,59,2,0,62,46,64,10,66,117,68,20,70,71,72,65,74,75,67,28,76,79,80,81,82,83,40,37,86,87,88,89,73,91,78,93,94,114,96,97,98,84,100,101,102,52,104,99,106,107,108,19,110,111,112,113,103,115,116,34,118,119,120,121,122,123,90,125,126,127,128,129,130,131,132,133,134,135,136,137,138,139,140,50,142,143,144,145,146,147,148,149,150,151,152,153,154,155,156,157,158,159,160,161,162,163,164,165,166,167,168,169,170,171,172,173,174,175,176,177,178,179,180,181,182,183,184,185,186,187,188,189,190,191,192,193,194,195,196,197,198,199];False
6973;8876;15849;[8,141,11,47,26,43,18,30,25,105,4,1,12,32,3,15,124,9,16,14,61,41,22,23,24,69,5,27,109,56,63,31,29,33,17,35,36,95,38,85,77,49,42,7,44,45,60,39,48,21,92,51,53,13,54,55,6,57,58,59,2,0,62,46,64,10,66,117,68,20,70,71,72,65,74,75,67,28,76,79,80,81,82,83,40,37,86,87,88,89,73,91,78,93,94,114,96,97,98,84,100,101,102,52,104,99,106,107,108,19,110,111,112,113,103,115,116,34,118,119,120,121,122,123,90,125,126,127,128,129,130,131,132,133,134,135,136,137,138,139,140,50,142,143,144,145,146,147,148,149,150,151,152,153,154,155,156,157,158,159,160,161,162,163,164,165,166,167,168,169,170,171,172,173,174,175,176,177,178,179,180,181,182,183,184,185,186,187,188,189,190,191,192,193,194,195,196,197,198,199];False
7115;8849;15964;[124,11,42,47,26,43,18,30,25,9,80,1,12,32,3,15,92,8,16,14,61,41,22,23,24,69,5,27,28,56,63,31,29,33,17,35,36,95,38,85,40,49,64,7,44,45,60,39,48,21,4,51,53,13,54,55,6,57,58,59,2,0,62,46,109,10,66,117,68,20,70,71,72,65,74,75,67,77,76,79,141,81,82,83,84,37,86,87,88,89,73,91,78,93,94,114,96,97,98,99,100,101,102,52,104,105,106,107,108,19,110,111,112,113,103,115,116,34,118,119,120,121,122,123,90,125,126,127,128,129,130,131,132,133,134,135,136,137,138,139,140,50,142,143,144,145,146,147,148,149,150,151,152,153,154,155,156,157,158,159,160,161,162,163,164,165,166,167,168,169,170,171,172,173,174,175,176,177,178,179,180,181,182,183,184,185,186,187,188,189,190,191,192,193,194,195,196,197,198,199];False
7153;8842;15995;[63,11,42,47,26,43,18,30,25,9,80,1,12,32,3,15,124,8,16,14,61,41,22,23,24,69,5,27,28,56,92,31,29,33,17,35,36,95,38,85,40,49,64,7,44,45,60,39,48,21,4,51,53,13,54,55,6,57,58,59,2,0,62,46,109,10,66,117,68,20,70,71,72,65,74,75,67,77,76,79,141,81,82,83,84,37,86,87,88,89,73,91,78,93,94,114,96,97,98,99,100,101,102,52,104,105,106,107,108,19,110,111,112,113,103,115,116,34,118,119,120,121,122,123,90,125,126,127,128,129,130,131,132,133,134,135,136,137,138,139,140,50,142,143,144,145,146,147,148,149,150,151,152,153,154,155,156,157,158,159,160,161,162,163,164,165,166,167,168,169,170,171,172,173,174,175,176,177,178,179,180,181,182,183,184,185,186,187,188,189,190,191,192,193,194,195,196,197,198,199];False
7103;8846;15949;[105,11,42,47,26,43,18,30,25,9,80,1,12,32,3,15,124,8,16,14,61,41,22,23,24,69,5,27,28,56,63,31,29,33,17,35,36,95,38,85,40,49,64,7,44,45,60,39,48,21,4,51,53,13,54,55,6,57,58,59,2,0,62,46,109,10,66,117,68,20,70,71,72,65,74,75,67,77,76,79,141,81,82,83,84,37,86,87,88,89,73,91,78,93,94,114,96,97,98,99,100,101,102,52,104,92,106,107,108,19,110,111,112,113,103,115,116,34,118,119,120,121,122,123,90,125,126,127,128,129,130,131,132,133,134,135,136,137,138,139,140,50,142,143,144,145,146,147,148,149,150,151,152,153,154,155,156,157,158,159,160,161,162,163,164,165,166,167,168,169,170,171,172,173,174,175,176,177,178,179,180,181,182,183,184,185,186,187,188,189,190,191,192,193,194,195,196,197,198,199];False
7154;8818;15972;[107,11,42,47,26,43,18,30,25,9,80,1,12,32,3,15,124,8,16,14,61,41,22,23,24,69,5,27,28,56,63,31,29,33,17,35,36,95,38,85,40,49,64,7,44,45,60,39,48,21,4,51,53,13,54,55,6,57,58,59,2,0,62,46,109,10,66,117,68,20,70,71,72,65,74,75,67,77,76,79,141,81,82,83,84,37,86,87,88,89,73,91,78,93,94,114,96,97,98,99,100,101,102,52,104,105,106,92,108,19,110,111,112,113,103,115,116,34,118,119,120,121,122,123,90,125,126,127,128,129,130,131,132,133,134,135,136,137,138,139,140,50,142,143,144,145,146,147,148,149,150,151,152,153,154,155,156,157,158,159,160,161,162,163,164,165,166,167,168,169,170,171,172,173,174,175,176,177,178,179,180,181,182,183,184,185,186,187,188,189,190,191,192,193,194,195,196,197,198,199];False
7161;8815;15976;[117,11,42,47,26,43,18,30,25,9,80,1,12,32,3,15,124,8,16,14,61,41,22,23,24,69,5,27,28,56,63,31,29,33,17,35,36,95,38,85,40,49,64,7,44,45,60,39,48,21,92,51,53,13,54,55,6,57,58,59,2,0,62,46,109,10,66,84,68,20,70,71,72,65,74,75,67,77,76,79,141,81,82,83,4,37,86,87,88,89,73,91,78,93,94,114,96,97,98,99,100,101,102,52,104,105,106,107,108,19,110,111,112,113,103,115,116,34,118,119,120,121,122,123,90,125,126,127,128,129,130,131,132,133,134,135,136,137,138,139,140,50,142,143,144,145,146,147,148,149,150,151,152,153,154,155,156,157,158,159,160,161,162,163,164,165,166,167,168,169,170,171,172,173,174,175,176,177,178,179,180,181,182,183,184,185,186,187,188,189,190,191,192,193,194,195,196,197,198,199];False
7145;8834;15979;[77,11,42,47,26,43,18,30,25,9,80,1,12,32,3,15,124,8,16,14,61,41,22,23,24,69,5,27,28,56,63,31,29,33,17,35,36,95,38,85,40,49,64,7,44,45,60,39,48,21,92,51,53,13,54,55,6,57,58,59,2,0,62,46,109,10,66,117,68,20,70,71,72,65,74,75,67,84,76,79,141,81,82,83,4,37,86,87,88,89,73,91,78,93,94,114,96,97,98,99,100,101,102,52,104,105,106,107,108,19,110,111,112,113,103,115,116,34,118,119,120,121,122,123,90,125,126,127,128,129,130,131,132,133,134,135,136,137,138,139,140,50,142,143,144,145,146,147,148,149,150,151,152,153,154,155,156,157,158,159,160,161,162,163,164,165,166,167,168,169,170,171,172,173,174,175,176,177,178,179,180,181,182,183,184,185,186,187,188,189,190,191,192,193,194,195,196,197,198,199];False
7126;8829;15955;[88,11,42,47,26,43,18,30,25,9,80,1,12,32,3,15,124,8,16,14,61,41,22,23,24,69,5,27,28,56,63,31,29,33,17,35,36,95,38,85,40,49,64,7,44,45,60,39,48,21,92,51,53,13,54,55,6,57,58,59,2,0,62,46,109,10,66,117,68,20,70,71,72,65,74,75,67,77,76,79,141,81,82,83,4,37,86,87,84,89,73,91,78,93,94,114,96,97,98,99,100,101,102,52,104,105,106,107,108,19,110,111,112,113,103,115,116,34,118,119,120,121,122,123,90,125,126,127,128,129,130,131,132,133,134,135,136,137,138,139,140,50,142,143,144,145,146,147,148,149,150,151,152,153,154,155,156,157,158,159,160,161,162,163,164,165,166,167,168,169,170,171,172,173,174,175,176,177,178,179,180,181,182,183,184,185,186,187,188,189,190,191,192,193,194,195,196,197,198,199];False
7171;8805;15976;[99,11,42,47,26,43,18,30,25,9,80,1,12,32,3,15,124,8,16,14,61,41,22,23,24,69,5,27,28,56,63,31,29,33,17,35,36,95,38,85,40,49,64,7,44,45,60,39,48,21,92,51,53,13,54,55,6,57,58,59,2,0,62,46,109,10,66,117,68,20,70,71,72,65,74,75,67,77,76,79,141,81,82,83,4,37,86,87,88,89,73,91,78,93,94,114,96,97,98,84,100,101,102,52,104,105,106,107,108,19,110,111,112,113,103,115,116,34,118,119,120,121,122,123,90,125,126,127,128,129,130,131,132,133,134,135,136,137,138,139,140,50,142,143,144,145,146,147,148,149,150,151,152,153,154,155,156,157,158,159,160,161,162,163,164,165,166,167,168,169,170,171,172,173,174,175,176,177,178,179,180,181,182,183,184,185,186,187,188,189,190,191,192,193,194,195,196,197,198,199];False
6831;8987;15818;[43,52,11,3,26,96,18,30,25,94,75,1,12,32,14,15,124,9,16,19,61,41,22,23,24,69,5,27,28,56,63,31,29,33,17,35,36,37,60,39,40,49,42,7,44,45,86,47,48,21,50,51,53,13,54,55,6,57,58,59,2,0,77,46,64,10,66,117,68,20,70,71,72,65,74,84,67,81,80,79,38,73,82,83,76,85,92,87,88,89,4,91,109,93,62,95,8,97,98,99,100,101,102,103,104,105,78,107,108,151,110,111,112,113,114,115,116,34,118,119,120,121,122,123,90,125,126,127,128,129,130,131,132,133,134,135,136,137,138,139,140,141,142,143,144,145,146,147,148,149,150,106,152,153,154,155,156,157,158,159,160,161,162,163,164,165,166,167,168,169,170,171,172,173,174,175,176,177,178,179,180,181,182,183,184,185,186,187,188,189,190,191,192,193,194,195,196,197,198,199];False
6800;8995;15795;[115,52,11,3,26,96,18,30,25,94,75,1,12,32,14,15,124,9,16,19,61,41,22,23,24,69,5,27,28,56,63,31,29,33,17,35,36,37,60,39,40,49,42,7,44,45,86,47,48,21,50,51,53,13,54,55,6,57,58,59,2,0,77,46,64,10,66,117,68,20,70,71,72,65,74,84,67,81,80,79,38,73,82,83,76,85,92,87,88,89,4,91,109,93,62,95,8,97,98,99,100,101,102,103,104,105,43,107,108,151,110,111,112,113,114,78,116,34,118,119,120,121,122,123,90,125,126,127,128,129,130,131,132,133,134,135,136,137,138,139,140,141,142,143,144,145,146,147,148,149,150,106,152,153,154,155,156,157,158,159,160,161,162,163,164,165,166,167,168,169,170,171,172,173,174,175,176,177,178,179,180,181,182,183,184,185,186,187,188,189,190,191,192,193,194,195,196,197,198,199];False
6789;8999;15788;[121,52,11,3,26,96,18,30,25,94,75,1,12,32,14,15,124,9,16,19,61,41,22,23,24,69,5,27,28,56,63,31,29,33,17,35,36,37,60,39,40,49,42,7,44,45,86,47,48,21,50,51,53,13,54,55,6,57,58,59,2,0,77,46,64,10,66,117,68,20,70,71,72,65,74,84,67,81,80,79,38,73,82,83,76,85,92,87,88,89,4,91,109,93,62,95,8,97,98,99,100,101,102,103,104,105,43,107,108,151,110,111,112,113,114,115,116,34,118,119,120,78,122,123,90,125,126,127,128,129,130,131,132,133,134,135,136,137,138,139,140,141,142,143,144,145,146,147,148,149,150,106,152,153,154,155,156,157,158,159,160,161,162,163,164,165,166,167,168,169,170,171,172,173,174,175,176,177,178,179,180,181,182,183,184,185,186,187,188,189,190,191,192,193,194,195,196,197,198,199];False
6824;8992;15816;[130,52,11,3,26,96,18,30,25,94,75,1,12,32,14,15,124,9,16,19,61,41,22,23,24,69,5,27,28,56,63,31,29,33,17,35,36,37,60,39,40,49,42,7,44,45,86,47,48,21,50,51,53,13,54,55,6,57,58,59,2,0,77,46,64,10,66,117,68,20,70,71,72,65,74,84,67,81,80,79,38,73,82,83,76,85,92,87,88,89,4,91,109,93,62,95,8,97,98,99,100,101,102,103,104,105,43,107,108,151,110,111,112,113,114,115,116,34,118,119,120,121,122,123,90,125,126,127,128,129,78,131,132,133,134,135,136,137,138,139,140,141,142,143,144,145,146,147,148,149,150,106,152,153,154,155,156,157,158,159,160,161,162,163,164,165,166,167,168,169,170,171,172,173,174,175,176,177,178,179,180,181,182,183,184,185,186,187,188,189,190,191,192,193,194,195,196,197,198,199];False
6770;9006;15776;[132,52,11,3,26,96,18,30,25,94,75,1,12,32,14,15,124,9,16,19,61,41,22,23,24,69,5,27,28,56,63,31,29,33,17,35,36,37,60,39,40,49,42,7,44,45,86,47,48,21,50,51,53,13,54,55,6,57,58,59,2,0,77,46,64,10,66,117,68,20,70,71,72,65,74,84,67,81,80,79,38,73,82,83,76,85,92,87,88,89,4,91,109,93,62,95,8,97,98,99,100,101,102,103,104,105,43,107,108,151,110,111,112,113,114,115,116,34,118,119,120,121,122,123,90,125,126,127,128,129,130,131,78,133,134,135,136,137,138,139,140,141,142,143,144,145,146,147,148,149,150,106,152,153,154,155,156,157,158,159,160,161,162,163,164,165,166,167,168,169,170,171,172,173,174,175,176,177,178,179,180,181,182,183,184,185,186,187,188,189,190,191,192,193,194,195,196,197,198,199];False
6746;9025;15771;[135,52,11,3,26,96,18,30,25,94,75,1,12,32,14,15,124,9,16,19,61,41,22,23,24,69,5,27,28,56,63,31,29,33,17,35,36,37,60,39,40,49,42,7,44,45,86,47,48,21,50,51,53,13,54,55,6,57,58,59,2,0,77,46,64,10,66,117,68,20,70,71,72,65,74,84,67,81,80,79,38,73,82,83,76,85,92,87,88,89,4,91,109,93,62,95,8,97,98,99,100,101,102,103,104,105,43,107,108,151,110,111,112,113,114,115,116,34,118,119,120,121,122,123,90,125,126,127,128,129,130,131,132,133,134,78,136,137,138,139,140,141,142,143,144,145,146,147,148,149,150,106,152,153,154,155,156,157,158,159,160,161,162,163,164,165,166,167,168,169,170,171,172,173,174,175,176,177,178,179,180,181,182,183,184,185,186,187,188,189,190,191,192,193,194,195,196,197,198,199];False
6830;8984;15814;[143,52,11,3,26,96,18,30,25,94,75,1,12,32,14,15,124,9,16,19,61,41,22,23,24,69,5,27,28,56,63,31,29,33,17,35,36,37,60,39,40,49,42,7,44,45,86,47,48,21,50,51,53,13,54,55,6,57,58,59,2,0,77,46,64,10,66,117,68,20,70,71,72,65,74,84,67,81,80,79,38,73,82,83,76,85,92,87,88,89,4,91,109,93,62,95,8,97,98,99,100,101,102,103,104,105,43,107,108,151,110,111,112,113,114,115,116,34,118,119,120,121,122,123,90,125,126,127,128,129,130,131,132,133,134,135,136,137,138,139,140,141,142,78,144,145,146,147,148,149,150,106,152,153,154,155,156,157,158,159,160,161,162,163,164,165,166,167,168,169,170,171,172,173,174,175,176,177,178,179,180,181,182,183,184,185,186,187,188,189,190,191,192,193,194,195,196,197,198,199];False
6718;9018;15736;[144,52,11,3,26,96,18,30,25,94,75,1,12,32,14,15,124,9,16,19,61,41,22,23,24,69,5,27,28,56,63,31,29,33,17,35,36,37,60,39,40,49,42,7,44,45,86,47,48,21,50,51,53,13,54,55,6,57,58,59,2,0,77,46,64,10,66,117,68,20,70,71,72,65,74,84,67,81,80,79,38,73,82,83,76,85,92,87,88,89,4,91,109,93,62,95,8,97,98,99,100,101,102,103,104,105,43,107,108,151,110,111,112,113,114,115,116,34,118,119,120,121,122,123,90,125,126,127,128,129,130,131,132,133,134,135,136,137,138,139,140,141,142,143,78,145,146,147,148,149,150,106,152,153,154,155,156,157,158,159,160,161,162,163,164,165,166,167,168,169,170,171,172,173,174,175,176,177,178,179,180,181,182,183,184,185,186,187,188,189,190,191,192,193,194,195,196,197,198,199];False
6820;8986;15806;[149,52,11,3,26,96,18,30,25,94,75,1,12,32,14,15,124,9,16,19,61,41,22,23,24,69,5,27,28,56,63,31,29,33,17,35,36,37,60,39,40,49,42,7,44,45,86,47,48,21,50,51,53,13,54,55,6,57,58,59,2,0,77,46,64,10,66,117,68,20,70,71,72,65,74,84,67,81,80,79,38,73,82,83,76,85,92,87,88,89,4,91,109,93,62,95,8,97,98,99,100,101,102,103,104,105,43,107,108,151,110,111,112,113,114,115,116,34,118,119,120,121,122,123,90,125,126,127,128,129,130,131,132,133,134,135,136,137,138,139,140,141,142,143,144,145,146,147,148,78,150,106,152,153,154,155,156,157,158,159,160,161,162,163,164,165,166,167,168,169,170,171,172,173,174,175,176,177,178,179,180,181,182,183,184,185,186,187,188,189,190,191,192,193,194,195,196,197,198,199];False
6813;8964;15777;[106,52,11,3,26,96,18,30,25,94,75,1,12,32,14,15,124,9,16,19,61,41,22,23,24,69,5,27,28,56,63,31,29,33,17,35,36,37,60,39,40,49,42,7,44,45,86,47,48,21,50,51,53,13,54,55,6,57,58,59,2,0,77,46,64,10,66,117,68,20,70,71,72,65,74,84,67,81,80,79,38,73,82,83,76,85,92,87,88,89,4,91,109,93,62,95,8,97,98,99,100,101,102,103,104,105,43,107,108,151,110,111,112,113,114,115,116,34,118,119,120,121,122,123,90,125,126,127,128,129,130,131,132,133,134,135,136,137,138,139,140,141,142,143,144,145,146,147,148,149,150,78,152,153,154,155,156,157,158,159,160,161,162,163,164,165,166,167,168,169,170,171,172,173,174,175,176,177,178,179,180,181,182,183,184,185,186,187,188,189,190,191,192,193,194,195,196,197,198,199];False
6600;9137;15737;[25,52,11,3,26,43,18,30,132,9,33,1,12,32,14,15,124,94,93,19,61,41,22,23,24,69,5,27,16,56,63,31,29,155,17,35,36,37,60,39,40,49,42,7,44,45,86,47,48,28,4,51,53,13,54,55,6,57,58,59,2,0,62,46,64,10,66,117,68,20,70,71,72,65,74,75,67,77,80,79,38,81,82,83,76,85,92,87,88,89,73,91,109,8,84,95,96,97,98,99,100,101,102,103,104,105,106,107,108,151,110,111,112,113,114,115,116,34,118,119,120,121,122,123,90,125,126,127,128,129,130,131,78,133,134,135,136,137,138,139,140,141,142,143,144,145,146,147,148,149,150,21,152,153,154,50,156,157,158,159,160,161,162,163,164,165,166,167,168,169,170,171,172,173,174,175,176,177,178,179,180,181,182,183,184,185,186,187,188,189,190,191,192,193,194,195,196,197,198,199];False
6688;9102;15790;[22,52,11,3,26,43,18,30,25,9,33,1,12,32,14,15,124,94,93,19,61,41,132,23,24,69,5,27,16,56,63,31,29,155,17,35,36,37,60,39,40,49,42,7,44,45,86,47,48,28,4,51,53,13,54,55,6,57,58,59,2,0,62,46,64,10,66,117,68,20,70,71,72,65,74,75,67,77,80,79,38,81,82,83,76,85,92,87,88,89,73,91,109,8,84,95,96,97,98,99,100,101,102,103,104,105,106,107,108,151,110,111,112,113,114,115,116,34,118,119,120,121,122,123,90,125,126,127,128,129,130,131,78,133,134,135,136,137,138,139,140,141,142,143,144,145,146,147,148,149,150,21,152,153,154,50,156,157,158,159,160,161,162,163,164,165,166,167,168,169,170,171,172,173,174,175,176,177,178,179,180,181,182,183,184,185,186,187,188,189,190,191,192,193,194,195,196,197,198,199];False
6678;9088;15766;[62,52,11,3,26,43,18,30,25,9,33,1,12,32,14,15,124,94,93,19,61,41,22,23,24,69,5,27,16,56,63,31,29,155,17,35,36,37,60,39,40,49,42,7,44,45,86,47,48,28,4,51,53,13,54,55,6,57,58,59,2,0,132,46,64,10,66,117,68,20,70,71,72,65,74,75,67,77,80,79,38,81,82,83,76,85,92,87,88,89,73,91,109,8,84,95,96,97,98,99,100,101,102,103,104,105,106,107,108,151,110,111,112,113,114,115,116,34,118,119,120,121,122,123,90,125,126,127,128,129,130,131,78,133,134,135,136,137,138,139,140,141,142,143,144,145,146,147,148,149,150,21,152,153,154,50,156,157,158,159,160,161,162,163,164,165,166,167,168,169,170,171,172,173,174,175,176,177,178,179,180,181,182,183,184,185,186,187,188,189,190,191,192,193,194,195,196,197,198,199];False
6642;9117;15759;[36,52,11,3,26,43,18,30,25,9,33,1,12,32,14,15,124,94,93,19,61,41,22,23,24,69,5,27,16,56,63,31,29,155,17,35,144,37,60,39,40,49,42,7,44,45,86,47,48,28,4,51,53,13,54,55,6,57,58,59,2,0,62,46,64,10,66,117,68,20,70,71,72,65,74,75,67,77,80,79,38,81,82,83,76,85,92,87,88,89,73,91,109,8,84,95,96,97,98,99,100,101,102,103,104,105,106,107,108,151,110,111,112,113,114,115,116,34,118,119,120,121,122,123,90,125,126,127,128,129,130,131,132,133,134,135,136,137,138,139,140,141,142,143,78,145,146,147,148,149,150,21,152,153,154,50,156,157,158,159,160,161,162,163,164,165,166,167,168,169,170,171,172,173,174,175,176,177,178,179,180,181,182,183,184,185,186,187,188,189,190,191,192,193,194,195,196,197,198,199];False
6670;9105;15775;[62,52,11,3,26,43,18,30,25,9,33,1,12,32,14,15,124,94,93,19,61,41,22,23,24,69,5,27,16,56,63,31,29,155,17,35,36,37,60,39,40,49,42,7,44,45,86,47,48,28,4,51,53,13,54,55,6,57,58,59,2,0,144,46,64,10,66,117,68,20,70,71,72,65,74,75,67,77,80,79,38,81,82,83,76,85,92,87,88,89,73,91,109,8,84,95,96,97,98,99,100,101,102,103,104,105,106,107,108,151,110,111,112,113,114,115,116,34,118,119,120,121,122,123,90,125,126,127,128,129,130,131,132,133,134,135,136,137,138,139,140,141,142,143,78,145,146,147,148,149,150,21,152,153,154,50,156,157,158,159,160,161,162,163,164,165,166,167,168,169,170,171,172,173,174,175,176,177,178,179,180,181,182,183,184,185,186,187,188,189,190,191,192,193,194,195,196,197,198,199];False
6623;9112;15735;[46,52,11,3,26,43,18,30,25,9,33,1,12,32,14,15,124,94,93,19,61,41,22,23,24,69,5,27,16,56,63,31,29,155,17,35,36,37,60,39,40,49,42,7,44,45,86,47,48,28,4,51,53,13,54,55,6,57,58,59,2,0,62,144,64,10,66,117,68,20,70,71,72,65,74,75,67,77,80,79,38,81,82,83,76,85,92,87,88,89,73,91,109,8,84,95,96,97,98,99,100,101,102,103,104,105,106,107,108,151,110,111,112,113,114,115,116,34,118,119,120,121,122,123,90,125,126,127,128,129,130,131,132,133,134,135,136,137,138,139,140,141,142,143,78,145,146,147,148,149,150,21,152,153,154,50,156,157,158,159,160,161,162,163,164,165,166,167,168,169,170,171,172,173,174,175,176,177,178,179,180,181,182,183,184,185,186,187,188,189,190,191,192,193,194,195,196,197,198,199];False
6866;8958;15824;[54,52,11,3,26,43,18,30,25,9,33,1,12,32,14,15,124,94,93,19,61,41,22,23,24,69,5,27,16,56,63,31,29,46,17,35,36,37,60,39,40,49,42,7,44,45,86,47,48,50,4,51,53,13,28,55,6,57,58,59,2,0,62,185,64,10,66,117,68,20,70,71,72,65,74,75,67,77,80,79,38,81,82,83,76,85,92,87,88,89,73,91,109,8,84,95,96,97,98,99,100,101,102,103,104,105,106,107,108,151,110,111,112,113,114,115,116,34,118,119,120,121,122,123,90,125,126,127,128,129,130,131,132,133,134,135,136,137,138,139,140,141,142,143,144,145,146,147,148,149,150,21,152,153,154,155,156,157,158,159,160,161,162,163,164,165,166,167,168,169,170,171,172,173,174,175,176,177,178,179,180,181,182,183,184,78,186,187,188,189,190,191,192,193,194,195,196,197,198,199];False
6708;9040;15748;[46,52,11,3,26,43,18,30,25,9,33,1,12,32,14,15,124,94,93,19,61,41,22,23,24,69,5,27,16,56,63,31,29,155,17,35,36,37,60,39,40,49,42,7,44,45,86,47,48,28,4,51,53,13,54,55,6,57,58,59,2,0,62,185,64,10,66,117,68,20,70,71,72,65,74,75,67,77,80,79,38,81,82,83,76,85,92,87,88,89,73,91,109,8,84,95,96,97,98,99,100,101,102,103,104,105,106,107,108,151,110,111,112,113,114,115,116,34,118,119,120,121,122,123,90,125,126,127,128,129,130,131,132,133,134,135,136,137,138,139,140,141,142,143,144,145,146,147,148,149,150,21,152,153,154,50,156,157,158,159,160,161,162,163,164,165,166,167,168,169,170,171,172,173,174,175,176,177,178,179,180,181,182,183,184,78,186,187,188,189,190,191,192,193,194,195,196,197,198,199];False
6689;9047;15736;[17,52,11,3,26,43,18,30,25,9,33,1,12,32,14,15,124,94,93,19,61,41,22,23,24,69,5,27,16,56,63,31,29,46,155,35,36,37,60,39,40,49,42,7,44,45,86,47,48,28,4,51,53,13,54,55,6,57,58,59,2,0,62,185,64,10,66,117,68,20,70,71,72,65,74,75,67,77,80,79,38,81,82,83,76,85,92,87,88,89,73,91,109,8,84,95,96,97,98,99,100,101,102,103,104,105,106,107,108,151,110,111,112,113,114,115,116,34,118,119,120,121,122,123,90,125,126,127,128,129,130,131,132,133,134,135,136,137,138,139,140,141,142,143,144,145,146,147,148,149,150,21,152,153,154,50,156,157,158,159,160,161,162,163,164,165,166,167,168,169,170,171,172,173,174,175,176,177,178,179,180,181,182,183,184,78,186,187,188,189,190,191,192,193,194,195,196,197,198,199];False
6662;9074;15736;[36,52,11,3,26,43,18,30,25,9,33,1,12,32,14,15,124,94,93,19,61,41,22,23,24,69,5,27,16,56,63,31,29,46,17,35,155,37,60,39,40,49,42,7,44,45,86,47,48,28,4,51,53,13,54,55,6,57,58,59,2,0,62,185,64,10,66,117,68,20,70,71,72,65,74,75,67,77,80,79,38,81,82,83,76,85,92,87,88,89,73,91,109,8,84,95,96,97,98,99,100,101,102,103,104,105,106,107,108,151,110,111,112,113,114,115,116,34,118,119,120,121,122,123,90,125,126,127,128,129,130,131,132,133,134,135,136,137,138,139,140,141,142,143,144,145,146,147,148,149,150,21,152,153,154,50,156,157,158,159,160,161,162,163,164,165,166,167,168,169,170,171,172,173,174,175,176,177,178,179,180,181,182,183,184,78,186,187,188,189,190,191,192,193,194,195,196,197,198,199];False
6770;8982;15752;[4,52,11,3,26,43,18,30,25,9,33,1,12,32,14,15,124,94,93,19,61,41,22,23,24,69,5,27,16,56,63,31,29,46,17,35,36,37,60,39,40,49,42,7,44,45,86,47,48,28,155,51,53,13,54,55,6,57,58,59,2,0,62,185,64,10,66,117,68,20,70,71,72,65,74,75,67,77,80,79,38,81,82,83,76,85,92,87,88,89,73,91,109,8,84,95,96,97,98,99,100,101,102,103,104,105,106,107,108,151,110,111,112,113,114,115,116,34,118,119,120,121,122,123,90,125,126,127,128,129,130,131,132,133,134,135,136,137,138,139,140,141,142,143,144,145,146,147,148,149,150,21,152,153,154,50,156,157,158,159,160,161,162,163,164,165,166,167,168,169,170,171,172,173,174,175,176,177,178,179,180,181,182,183,184,78,186,187,188,189,190,191,192,193,194,195,196,197,198,199];False
6699;9018;15717;[6,52,11,3,26,43,18,30,25,9,33,1,12,32,14,15,124,94,93,19,61,41,22,23,24,69,5,27,16,56,63,31,29,46,17,35,36,37,60,39,40,49,42,7,44,45,86,47,48,28,4,51,53,13,54,55,155,57,58,59,2,0,62,185,64,10,66,117,68,20,70,71,72,65,74,75,67,77,80,79,38,81,82,83,76,85,92,87,88,89,73,91,109,8,84,95,96,97,98,99,100,101,102,103,104,105,106,107,108,151,110,111,112,113,114,115,116,34,118,119,120,121,122,123,90,125,126,127,128,129,130,131,132,133,134,135,136,137,138,139,140,141,142,143,144,145,146,147,148,149,150,21,152,153,154,50,156,157,158,159,160,161,162,163,164,165,166,167,168,169,170,171,172,173,174,175,176,177,178,179,180,181,182,183,184,78,186,187,188,189,190,191,192,193,194,195,196,197,198,199];False
7902;8703;16605;[38,141,11,3,26,43,12,30,25,9,4,1,75,32,14,15,124,46,109,95,61,41,22,23,24,69,5,27,73,56,63,31,29,33,17,8,36,28,18,39,40,60,42,7,44,45,19,47,48,21,92,51,53,13,54,55,6,57,58,59,2,0,62,96,64,10,66,117,68,20,70,71,72,65,74,82,67,77,76,79,80,81,35,83,52,85,86,87,88,89,16,91,78,93,94,37,84,97,98,99,100,101,102,103,104,105,106,107,108,49,110,111,112,113,114,115,116,34,118,119,120,121,122,123,90,125,126,127,128,129,130,131,132,133,134,135,136,137,138,139,140,50,142,143,144,145,146,147,148,149,150,151,152,153,154,155,156,157,158,159,160,161,162,163,164,165,166,167,168,169,170,171,172,173,174,175,176,177,178,179,180,181,182,183,184,185,186,187,188,189,190,191,192,193,194,195,196,197,198,199];False
7924;8695;16619;[5,141,11,3,26,43,12,30,25,9,4,1,75,32,14,15,124,46,109,95,61,41,22,23,24,69,76,27,73,56,63,31,29,33,17,8,36,28,38,39,40,18,42,7,44,45,19,47,48,21,92,51,53,13,54,55,6,57,58,59,2,0,62,96,64,10,66,117,68,20,70,71,72,65,74,82,67,77,60,79,80,81,35,83,52,85,86,87,88,89,16,91,78,93,94,37,84,97,98,99,100,101,102,103,104,105,106,107,108,49,110,111,112,113,114,115,116,34,118,119,120,121,122,123,90,125,126,127,128,129,130,131,132,133,134,135,136,137,138,139,140,50,142,143,144,145,146,147,148,149,150,151,152,153,154,155,156,157,158,159,160,161,162,163,164,165,166,167,168,169,170,171,172,173,174,175,176,177,178,179,180,181,182,183,184,185,186,187,188,189,190,191,192,193,194,195,196,197,198,199];False
8008;8665;16673;[73,141,11,3,26,43,12,30,25,9,4,1,75,32,14,15,124,46,109,95,61,41,22,23,24,69,5,27,99,56,63,31,29,33,17,8,36,28,38,39,40,18,42,7,44,45,19,47,48,21,92,51,53,13,54,55,6,57,58,59,2,0,62,96,64,10,66,117,68,20,70,71,72,65,74,82,67,77,76,79,80,81,35,83,52,85,86,87,88,89,16,91,78,93,94,37,84,97,98,60,100,101,102,103,104,105,106,107,108,49,110,111,112,113,114,115,116,34,118,119,120,121,122,123,90,125,126,127,128,129,130,131,132,133,134,135,136,137,138,139,140,50,142,143,144,145,146,147,148,149,150,151,152,153,154,155,156,157,158,159,160,161,162,163,164,165,166,167,168,169,170,171,172,173,174,175,176,177,178,179,180,181,182,183,184,185,186,187,188,189,190,191,192,193,194,195,196,197,198,199];False
7999;8676;16675;[56,141,11,3,26,43,12,30,25,9,4,1,75,32,14,15,124,46,109,95,61,41,22,23,24,69,5,27,73,99,63,31,29,33,17,8,36,28,38,39,40,18,42,7,44,45,19,47,48,21,92,51,53,13,54,55,6,57,58,59,2,0,62,96,64,10,66,117,68,20,70,71,72,65,74,82,67,77,76,79,80,81,35,83,52,85,86,87,88,89,16,91,78,93,94,37,84,97,98,60,100,101,102,103,104,105,106,107,108,49,110,111,112,113,114,115,116,34,118,119,120,121,122,123,90,125,126,127,128,129,130,131,132,133,134,135,136,137,138,139,140,50,142,143,144,145,146,147,148,149,150,151,152,153,154,155,156,157,158,159,160,161,162,163,164,165,166,167,168,169,170,171,172,173,174,175,176,177,178,179,180,181,182,183,184,185,186,187,188,189,190,191,192,193,194,195,196,197,198,199];False
7953;8670;16623;[92,141,11,3,26,43,12,30,25,9,4,1,75,32,14,15,124,46,109,95,61,41,22,23,24,69,5,27,73,56,63,31,29,33,17,8,36,28,38,39,40,18,42,7,44,45,19,47,48,21,99,51,53,13,54,55,6,57,58,59,2,0,62,96,64,10,66,117,68,20,70,71,72,65,74,82,67,77,76,79,80,81,35,83,52,85,86,87,88,89,16,91,78,93,94,37,84,97,98,60,100,101,102,103,104,105,106,107,108,49,110,111,112,113,114,115,116,34,118,119,120,121,122,123,90,125,126,127,128,129,130,131,132,133,134,135,136,137,138,139,140,50,142,143,144,145,146,147,148,149,150,151,152,153,154,155,156,157,158,159,160,161,162,163,164,165,166,167,168,169,170,171,172,173,174,175,176,177,178,179,180,181,182,183,184,185,186,187,188,189,190,191,192,193,194,195,196,197,198,199];False
8001;8668;16669;[86,141,11,3,26,43,12,30,25,9,4,1,75,32,14,15,124,46,109,95,61,41,22,23,24,69,5,27,73,56,63,31,29,33,17,8,36,28,38,39,40,18,42,7,44,45,19,47,48,21,92,51,53,13,54,55,6,57,58,59,2,0,62,96,64,10,66,117,68,20,70,71,72,65,74,82,67,77,76,79,80,81,35,83,52,85,99,87,88,89,16,91,78,93,94,37,84,97,98,60,100,101,102,103,104,105,106,107,108,49,110,111,112,113,114,115,116,34,118,119,120,121,122,123,90,125,126,127,128,129,130,131,132,133,134,135,136,137,138,139,140,50,142,143,144,145,146,147,148,149,150,151,152,153,154,155,156,157,158,159,160,161,162,163,164,165,166,167,168,169,170,171,172,173,174,175,176,177,178,179,180,181,182,183,184,185,186,187,188,189,190,191,192,193,194,195,196,197,198,199];False
7887;8698;16585;[37,141,11,3,26,43,12,30,25,9,4,1,75,32,14,15,124,46,109,95,61,41,22,23,24,69,5,27,73,56,63,31,29,33,17,8,36,28,38,39,40,18,42,7,44,45,19,47,48,21,92,51,53,13,54,55,6,57,58,59,2,0,62,96,64,10,66,117,68,20,70,71,72,65,74,82,67,77,76,79,80,81,35,83,52,85,86,87,88,89,16,91,78,93,94,99,84,97,98,60,100,101,102,103,104,105,106,107,108,49,110,111,112,113,114,115,116,34,118,119,120,121,122,123,90,125,126,127,128,129,130,131,132,133,134,135,136,137,138,139,140,50,142,143,144,145,146,147,148,149,150,151,152,153,154,155,156,157,158,159,160,161,162,163,164,165,166,167,168,169,170,171,172,173,174,175,176,177,178,179,180,181,182,183,184,185,186,187,188,189,190,191,192,193,194,195,196,197,198,199];False
7947;8659;16606;[105,141,11,3,26,43,12,30,25,9,4,1,75,32,14,15,124,46,109,95,61,41,22,23,24,69,5,27,73,56,63,31,29,33,17,8,36,28,38,39,40,18,42,7,44,45,19,47,48,21,92,51,53,13,54,55,6,57,58,59,2,0,62,96,64,10,66,117,68,20,70,71,72,65,74,82,67,77,76,79,80,81,35,83,52,85,86,87,88,89,16,91,78,93,94,37,84,97,98,60,100,101,102,103,104,99,106,107,108,49,110,111,112,113,114,115,116,34,118,119,120,121,122,123,90,125,126,127,128,129,130,131,132,133,134,135,136,137,138,139,140,50,142,143,144,145,146,147,148,149,150,151,152,153,154,155,156,157,158,159,160,161,162,163,164,165,166,167,168,169,170,171,172,173,174,175,176,177,178,179,180,181,182,183,184,185,186,187,188,189,190,191,192,193,194,195,196,197,198,199];False
7200;8788;15988;[92,141,11,3,26,43,18,30,25,9,4,1,12,32,14,15,124,46,174,19,61,41,22,23,24,69,5,27,16,56,63,31,29,33,17,8,36,95,38,39,40,60,42,7,44,45,77,47,48,21,99,51,53,13,54,55,6,57,58,59,2,0,62,96,64,10,66,117,68,20,70,71,72,65,74,75,67,28,76,79,80,81,82,83,52,85,86,87,88,89,73,91,35,93,94,37,84,97,98,114,100,101,102,49,104,105,106,107,108,109,110,111,112,113,103,115,116,34,118,119,120,121,122,123,90,125,126,78,128,129,130,131,132,133,134,135,136,137,138,139,140,50,142,143,144,145,146,147,148,149,150,151,152,153,154,155,156,157,158,159,160,161,162,163,164,165,166,167,168,169,170,171,172,173,127,175,176,177,178,179,180,181,182,183,184,185,186,187,188,189,190,191,192,193,194,195,196,197,198,199];False
7213;8784;15997;[91,141,11,3,26,43,18,30,25,9,4,1,12,32,14,15,124,46,174,19,61,41,22,23,24,69,5,27,16,56,63,31,29,33,17,8,36,95,38,39,40,60,42,7,44,45,77,47,48,21,92,51,53,13,54,55,6,57,58,59,2,0,62,96,64,10,66,117,68,20,70,71,72,65,74,75,67,28,76,79,80,81,82,83,52,85,86,87,88,89,73,99,35,93,94,37,84,97,98,114,100,101,102,49,104,105,106,107,108,109,110,111,112,113,103,115,116,34,118,119,120,121,122,123,90,125,126,78,128,129,130,131,132,133,134,135,136,137,138,139,140,50,142,143,144,145,146,147,148,149,150,151,152,153,154,155,156,157,158,159,160,161,162,163,164,165,166,167,168,169,170,171,172,173,127,175,176,177,178,179,180,181,182,183,184,185,186,187,188,189,190,191,192,193,194,195,196,197,198,199];False
7134;8816;15950;[37,141,11,3,26,43,18,30,25,9,4,1,12,32,14,15,124,46,174,19,61,41,22,23,24,69,5,27,16,56,63,31,29,33,17,8,36,95,38,39,40,60,42,7,44,45,77,47,48,21,92,51,53,13,54,55,6,57,58,59,2,0,62,96,64,10,66,117,68,20,70,71,72,65,74,75,67,28,76,79,80,81,82,83,52,85,86,87,88,89,73,91,35,93,94,99,84,97,98,114,100,101,102,49,104,105,106,107,108,109,110,111,112,113,103,115,116,34,118,119,120,121,122,123,90,125,126,78,128,129,130,131,132,133,134,135,136,137,138,139,140,50,142,143,144,145,146,147,148,149,150,151,152,153,154,155,156,157,158,159,160,161,162,163,164,165,166,167,168,169,170,171,172,173,127,175,176,177,178,179,180,181,182,183,184,185,186,187,188,189,190,191,192,193,194,195,196,197,198,199];False
7154;8807;15961;[100,141,11,3,26,43,18,30,25,9,4,1,12,32,14,15,124,46,174,19,61,41,22,23,24,69,5,27,16,56,63,31,29,33,17,8,36,95,38,39,40,60,42,7,44,45,77,47,48,21,92,51,53,13,54,55,6,57,58,59,2,0,62,96,64,10,66,117,68,20,70,71,72,65,74,75,67,28,76,79,80,81,82,83,52,85,86,87,88,89,73,91,35,93,94,37,84,97,98,114,99,101,102,49,104,105,106,107,108,109,110,111,112,113,103,115,116,34,118,119,120,121,122,123,90,125,126,78,128,129,130,131,132,133,134,135,136,137,138,139,140,50,142,143,144,145,146,147,148,149,150,151,152,153,154,155,156,157,158,159,160,161,162,163,164,165,166,167,168,169,170,171,172,173,127,175,176,177,178,179,180,181,182,183,184,185,186,187,188,189,190,191,192,193,194,195,196,197,198,199];False
7194;8777;15971;[105,141,11,3,26,43,18,30,25,9,4,1,12,32,14,15,124,46,174,19,61,41,22,23,24,69,5,27,16,56,63,31,29,33,17,8,36,95,38,39,40,60,42,7,44,45,77,47,48,21,92,51,53,13,54,55,6,57,58,59,2,0,62,96,64,10,66,117,68,20,70,71,72,65,74,75,67,28,76,79,80,81,82,83,52,85,86,87,88,89,73,91,35,93,94,37,84,97,98,114,100,101,102,49,104,99,106,107,108,109,110,111,112,113,103,115,116,34,118,119,120,121,122,123,90,125,126,78,128,129,130,131,132,133,134,135,136,137,138,139,140,50,142,143,144,145,146,147,148,149,150,151,152,153,154,155,156,157,158,159,160,161,162,163,164,165,166,167,168,169,170,171,172,173,127,175,176,177,178,179,180,181,182,183,184,185,186,187,188,189,190,191,192,193,194,195,196,197,198,199];False
7586;8704;16290;[60,141,11,3,26,43,18,30,25,9,4,1,12,32,14,15,124,73,174,46,61,41,22,23,24,69,5,27,99,56,63,31,29,33,17,8,36,95,38,39,40,49,42,7,44,45,19,47,48,21,92,51,53,13,54,55,6,57,58,59,2,0,62,96,64,10,66,117,68,20,70,71,72,65,74,75,67,77,76,28,80,81,82,83,52,85,86,87,88,89,16,91,35,93,94,37,84,97,98,79,100,101,102,103,104,105,106,107,108,109,110,111,112,113,114,115,116,34,118,119,120,121,122,123,90,125,126,78,128,129,130,131,132,133,134,135,136,137,138,139,140,50,142,143,144,145,146,147,148,149,150,151,152,153,154,155,156,157,158,159,160,161,162,163,164,165,166,167,168,169,170,171,172,173,127,175,176,177,178,179,180,181,182,183,184,185,186,187,188,189,190,191,192,193,194,195,196,197,198,199];False
7121;8843;15964;[96,141,11,3,26,43,18,30,25,9,4,1,12,32,14,15,124,46,174,19,61,41,22,23,24,69,5,27,99,56,63,31,29,33,17,8,36,95,38,39,40,49,42,7,44,45,60,47,48,21,92,51,53,13,54,55,6,57,58,59,2,0,62,37,64,10,66,117,68,20,70,71,72,65,74,75,67,77,76,28,80,81,82,83,52,85,86,87,88,89,73,91,35,93,94,109,84,97,98,79,100,101,16,103,104,105,106,107,108,102,110,111,112,113,114,115,116,34,118,119,120,121,122,123,90,125,126,78,128,129,130,131,132,133,134,135,136,137,138,139,140,50,142,143,144,145,146,147,148,149,150,151,152,153,154,155,156,157,158,159,160,161,162,163,164,165,166,167,168,169,170,171,172,173,127,175,176,177,178,179,180,181,182,183,184,185,186,187,188,189,190,191,192,193,194,195,196,197,198,199];False
7275;8753;16028;[74,141,11,3,26,43,18,30,25,9,4,1,12,32,14,15,124,46,174,19,61,41,22,23,24,69,5,27,99,56,63,31,29,33,17,8,36,95,38,39,40,49,42,7,44,45,60,47,48,21,92,51,53,13,54,55,6,57,58,59,2,0,62,96,64,10,66,117,68,20,70,71,72,65,37,75,67,77,76,28,80,81,82,83,52,85,86,87,88,89,73,91,35,93,94,109,84,97,98,79,100,101,16,103,104,105,106,107,108,102,110,111,112,113,114,115,116,34,118,119,120,121,122,123,90,125,126,78,128,129,130,131,132,133,134,135,136,137,138,139,140,50,142,143,144,145,146,147,148,149,150,151,152,153,154,155,156,157,158,159,160,161,162,163,164,165,166,167,168,169,170,171,172,173,127,175,176,177,178,179,180,181,182,183,184,185,186,187,188,189,190,191,192,193,194,195,196,197,198,199];False
7138;8789;15927;[85,141,11,3,26,43,18,30,25,9,4,1,12,32,14,15,124,46,174,19,61,41,22,23,24,69,5,27,99,56,63,31,29,33,17,8,36,95,38,39,40,49,42,7,44,45,60,47,48,21,92,51,53,13,54,55,6,57,58,59,2,0,62,96,64,10,66,117,68,20,70,71,72,65,74,75,67,77,76,28,80,81,82,83,52,37,86,87,88,89,73,91,35,93,94,109,84,97,98,79,100,101,16,103,104,105,106,107,108,102,110,111,112,113,114,115,116,34,118,119,120,121,122,123,90,125,126,78,128,129,130,131,132,133,134,135,136,137,138,139,140,50,142,143,144,145,146,147,148,149,150,151,152,153,154,155,156,157,158,159,160,161,162,163,164,165,166,167,168,169,170,171,172,173,127,175,176,177,178,179,180,181,182,183,184,185,186,187,188,189,190,191,192,193,194,195,196,197,198,199];False
7208;8771;15979;[88,141,11,3,26,43,18,30,25,9,4,1,12,32,14,15,124,46,174,19,61,41,22,23,24,69,5,27,99,56,63,31,29,33,17,8,36,95,38,39,40,49,42,7,44,45,60,47,48,21,92,51,53,13,54,55,6,57,58,59,2,0,62,96,64,10,66,117,68,20,70,71,72,65,74,75,67,77,76,28,80,81,82,83,52,85,86,87,37,89,73,91,35,93,94,109,84,97,98,79,100,101,16,103,104,105,106,107,108,102,110,111,112,113,114,115,116,34,118,119,120,121,122,123,90,125,126,78,128,129,130,131,132,133,134,135,136,137,138,139,140,50,142,143,144,145,146,147,148,149,150,151,152,153,154,155,156,157,158,159,160,161,162,163,164,165,166,167,168,169,170,171,172,173,127,175,176,177,178,179,180,181,182,183,184,185,186,187,188,189,190,191,192,193,194,195,196,197,198,199];False
7261;8746;16007;[84,141,11,3,26,43,18,30,25,9,4,1,12,32,14,15,124,46,174,19,61,41,22,23,24,69,5,27,99,56,63,31,29,33,17,8,36,95,38,39,40,49,42,7,44,45,60,47,48,21,92,51,53,13,54,55,6,57,58,59,2,0,62,96,64,10,66,117,68,20,70,71,72,65,74,75,67,77,76,28,80,81,82,83,52,85,86,87,88,89,73,91,35,93,94,109,37,97,98,79,100,101,16,103,104,105,106,107,108,102,110,111,112,113,114,115,116,34,118,119,120,121,122,123,90,125,126,78,128,129,130,131,132,133,134,135,136,137,138,139,140,50,142,143,144,145,146,147,148,149,150,151,152,153,154,155,156,157,158,159,160,161,162,163,164,165,166,167,168,169,170,171,172,173,127,175,176,177,178,179,180,181,182,183,184,185,186,187,188,189,190,191,192,193,194,195,196,197,198,199];False
7175;8756;15931;[103,141,11,3,26,43,18,30,25,9,4,1,12,32,14,15,124,46,174,19,61,41,22,23,24,69,5,27,99,56,63,31,29,33,17,8,36,95,38,39,40,49,42,7,44,45,60,47,48,21,92,51,53,13,54,55,6,57,58,59,2,0,62,96,64,10,66,117,68,20,70,71,72,65,74,75,67,77,76,28,80,81,82,83,52,85,86,87,88,89,73,91,35,93,94,109,84,97,98,79,100,101,16,37,104,105,106,107,108,102,110,111,112,113,114,115,116,34,118,119,120,121,122,123,90,125,126,78,128,129,130,131,132,133,134,135,136,137,138,139,140,50,142,143,144,145,146,147,148,149,150,151,152,153,154,155,156,157,158,159,160,161,162,163,164,165,166,167,168,169,170,171,172,173,127,175,176,177,178,179,180,181,182,183,184,185,186,187,188,189,190,191,192,193,194,195,196,197,198,199];False
7424;8710;16134;[3,141,11,114,26,43,18,30,25,9,4,1,12,32,14,15,124,46,174,19,61,41,22,23,24,69,5,27,99,56,63,31,29,33,17,8,36,95,38,39,40,49,42,7,44,45,60,47,48,21,92,51,53,13,54,55,6,57,58,59,2,0,62,96,64,10,66,117,68,20,70,71,72,65,74,75,67,77,76,28,80,81,82,83,52,85,86,87,88,89,73,91,35,93,94,37,84,97,98,79,100,101,16,103,104,105,106,107,108,102,110,111,112,113,109,115,116,34,118,119,120,121,122,123,90,125,126,78,128,129,130,131,132,133,134,135,136,137,138,139,140,50,142,143,144,145,146,147,148,149,150,151,152,153,154,155,156,157,158,159,160,161,162,163,164,165,166,167,168,169,170,171,172,173,127,175,176,177,178,179,180,181,182,183,184,185,186,187,188,189,190,191,192,193,194,195,196,197,198,199];False
7268;8731;15999;[14,141,11,3,26,43,18,30,25,9,4,1,12,32,114,15,124,46,174,19,61,41,22,23,24,69,5,27,99,56,63,31,29,33,17,8,36,95,38,39,40,49,42,7,44,45,60,47,48,21,92,51,53,13,54,55,6,57,58,59,2,0,62,96,64,10,66,117,68,20,70,71,72,65,74,75,67,77,76,28,80,81,82,83,52,85,86,87,88,89,73,91,35,93,94,37,84,97,98,79,100,101,16,103,104,105,106,107,108,102,110,111,112,113,109,115,116,34,118,119,120,121,122,123,90,125,126,78,128,129,130,131,132,133,134,135,136,137,138,139,140,50,142,143,144,145,146,147,148,149,150,151,152,153,154,155,156,157,158,159,160,161,162,163,164,165,166,167,168,169,170,171,172,173,127,175,176,177,178,179,180,181,182,183,184,185,186,187,188,189,190,191,192,193,194,195,196,197,198,199];False
7332;8700;16032;[5,141,11,3,26,43,18,30,25,9,4,1,12,32,14,15,124,46,174,19,61,41,22,23,24,69,114,27,99,56,63,31,29,33,17,8,36,95,38,39,40,49,42,7,44,45,60,47,48,21,92,51,53,13,54,55,6,57,58,59,2,0,62,96,64,10,66,117,68,20,70,71,72,65,74,75,67,77,76,28,80,81,82,83,52,85,86,87,88,89,73,91,35,93,94,37,84,97,98,79,100,101,16,103,104,105,106,107,108,102,110,111,112,113,109,115,116,34,118,119,120,121,122,123,90,125,126,78,128,129,130,131,132,133,134,135,136,137,138,139,140,50,142,143,144,145,146,147,148,149,150,151,152,153,154,155,156,157,158,159,160,161,162,163,164,165,166,167,168,169,170,171,172,173,127,175,176,177,178,179,180,181,182,183,184,185,186,187,188,189,190,191,192,193,194,195,196,197,198,199];False
7338;8698;16036;[60,141,11,3,26,43,18,30,25,9,4,1,12,32,14,15,124,46,174,19,61,41,22,23,24,69,5,27,99,56,63,31,29,33,17,8,36,95,38,39,40,49,42,7,44,45,114,47,48,21,92,51,53,13,54,55,6,57,58,59,2,0,62,96,64,10,66,117,68,20,70,71,72,65,74,75,67,77,76,28,80,81,82,83,52,85,86,87,88,89,73,91,35,93,94,37,84,97,98,79,100,101,16,103,104,105,106,107,108,102,110,111,112,113,109,115,116,34,118,119,120,121,122,123,90,125,126,78,128,129,130,131,132,133,134,135,136,137,138,139,140,50,142,143,144,145,146,147,148,149,150,151,152,153,154,155,156,157,158,159,160,161,162,163,164,165,166,167,168,169,170,171,172,173,127,175,176,177,178,179,180,181,182,183,184,185,186,187,188,189,190,191,192,193,194,195,196,197,198,199];False
7235;8734;15969;[96,141,11,3,26,43,18,30,25,9,4,1,12,32,14,15,124,46,174,19,61,41,22,23,24,69,5,27,99,56,63,31,29,33,17,8,36,95,38,39,40,49,42,7,44,45,60,47,48,21,92,51,53,13,54,55,6,57,58,59,2,0,62,114,64,10,66,117,68,20,70,71,72,65,74,75,67,77,76,28,80,81,82,83,52,85,86,87,88,89,73,91,35,93,94,37,84,97,98,79,100,101,16,103,104,105,106,107,108,102,110,111,112,113,109,115,116,34,118,119,120,121,122,123,90,125,126,78,128,129,130,131,132,133,134,135,136,137,138,139,140,50,142,143,144,145,146,147,148,149,150,151,152,153,154,155,156,157,158,159,160,161,162,163,164,165,166,167,168,169,170,171,172,173,127,175,176,177,178,179,180,181,182,183,184,185,186,187,188,189,190,191,192,193,194,195,196,197,198,199];False
7381;8689;16070;[10,141,11,3,26,43,18,30,25,9,4,1,12,32,14,15,124,46,174,19,61,41,22,23,24,69,5,27,99,56,63,31,29,33,17,8,36,95,38,39,40,49,42,7,44,45,60,47,48,21,92,51,53,13,54,55,6,57,58,59,2,0,62,96,64,114,66,117,68,20,70,71,72,65,74,75,67,77,76,28,80,81,82,83,52,85,86,87,88,89,73,91,35,93,94,37,84,97,98,79,100,101,16,103,104,105,106,107,108,102,110,111,112,113,109,115,116,34,118,119,120,121,122,123,90,125,126,78,128,129,130,131,132,133,134,135,136,137,138,139,140,50,142,143,144,145,146,147,148,149,150,151,152,153,154,155,156,157,158,159,160,161,162,163,164,165,166,167,168,169,170,171,172,173,127,175,176,177,178,179,180,181,182,183,184,185,186,187,188,189,190,191,192,193,194,195,196,197,198,199];False
7260;8714;15974;[76,141,11,3,26,43,18,30,25,9,4,1,12,32,14,15,124,46,174,19,61,41,22,23,24,69,5,27,99,56,63,31,29,33,17,8,36,95,38,39,40,49,42,7,44,45,60,47,48,21,92,51,53,13,54,55,6,57,58,59,2,0,62,96,64,10,66,117,68,20,70,71,72,65,74,75,67,77,114,28,80,81,82,83,52,85,86,87,88,89,73,91,35,93,94,37,84,97,98,79,100,101,16,103,104,105,106,107,108,102,110,111,112,113,109,115,116,34,118,119,120,121,122,123,90,125,126,78,128,129,130,131,132,133,134,135,136,137,138,139,140,50,142,143,144,145,146,147,148,149,150,151,152,153,154,155,156,157,158,159,160,161,162,163,164,165,166,167,168,169,170,171,172,173,127,175,176,177,178,179,180,181,182,183,184,185,186,187,188,189,190,191,192,193,194,195,196,197,198,199];False
7256;8717;15973;[81,141,11,3,26,43,18,30,25,9,4,1,12,32,14,15,124,46,174,19,61,41,22,23,24,69,5,27,99,56,63,31,29,33,17,8,36,95,38,39,40,49,42,7,44,45,60,47,48,21,92,51,53,13,54,55,6,57,58,59,2,0,62,96,64,10,66,117,68,20,70,71,72,65,74,75,67,77,76,28,80,114,82,83,52,85,86,87,88,89,73,91,35,93,94,37,84,97,98,79,100,101,16,103,104,105,106,107,108,102,110,111,112,113,109,115,116,34,118,119,120,121,122,123,90,125,126,78,128,129,130,131,132,133,134,135,136,137,138,139,140,50,142,143,144,145,146,147,148,149,150,151,152,153,154,155,156,157,158,159,160,161,162,163,164,165,166,167,168,169,170,171,172,173,127,175,176,177,178,179,180,181,182,183,184,185,186,187,188,189,190,191,192,193,194,195,196,197,198,199];False
7343;8682;16025;[82,141,11,3,26,43,18,30,25,9,4,1,12,32,14,15,124,46,174,19,61,41,22,23,24,69,5,27,99,56,63,31,29,33,17,8,36,95,38,39,40,49,42,7,44,45,60,47,48,21,92,51,53,13,54,55,6,57,58,59,2,0,62,96,64,10,66,117,68,20,70,71,72,65,74,75,67,77,76,28,80,81,114,83,52,85,86,87,88,89,73,91,35,93,94,37,84,97,98,79,100,101,16,103,104,105,106,107,108,102,110,111,112,113,109,115,116,34,118,119,120,121,122,123,90,125,126,78,128,129,130,131,132,133,134,135,136,137,138,139,140,50,142,143,144,145,146,147,148,149,150,151,152,153,154,155,156,157,158,159,160,161,162,163,164,165,166,167,168,169,170,171,172,173,127,175,176,177,178,179,180,181,182,183,184,185,186,187,188,189,190,191,192,193,194,195,196,197,198,199];False
7230;8752;15982;[37,141,11,3,26,43,18,30,25,9,4,1,12,32,14,15,124,46,174,19,61,41,22,23,24,69,5,27,99,56,63,31,29,33,17,8,36,95,38,39,40,49,42,7,44,45,60,47,48,21,92,51,53,13,54,55,6,57,58,59,2,0,62,96,64,10,66,117,68,20,70,71,72,65,74,75,67,77,76,28,80,81,82,83,52,85,86,87,88,89,73,91,35,93,94,114,84,97,98,79,100,101,16,103,104,105,106,107,108,102,110,111,112,113,109,115,116,34,118,119,120,121,122,123,90,125,126,78,128,129,130,131,132,133,134,135,136,137,138,139,140,50,142,143,144,145,146,147,148,149,150,151,152,153,154,155,156,157,158,159,160,161,162,163,164,165,166,167,168,169,170,171,172,173,127,175,176,177,178,179,180,181,182,183,184,185,186,187,188,189,190,191,192,193,194,195,196,197,198,199];False
7305;8704;16009;[79,141,11,3,26,43,18,30,25,9,4,1,12,32,14,15,124,46,174,19,61,41,22,23,24,69,5,27,99,56,63,31,29,33,17,8,36,95,38,39,40,49,42,7,44,45,60,47,48,21,92,51,53,13,54,55,6,57,58,59,2,0,62,96,64,10,66,117,68,20,70,71,72,65,74,75,67,77,76,28,80,81,82,83,52,85,86,87,88,89,73,91,35,93,94,37,84,97,98,114,100,101,16,103,104,105,106,107,108,102,110,111,112,113,109,115,116,34,118,119,120,121,122,123,90,125,126,78,128,129,130,131,132,133,134,135,136,137,138,139,140,50,142,143,144,145,146,147,148,149,150,151,152,153,154,155,156,157,158,159,160,161,162,163,164,165,166,167,168,169,170,171,172,173,127,175,176,177,178,179,180,181,182,183,184,185,186,187,188,189,190,191,192,193,194,195,196,197,198,199];False
7284;8695;15979;[100,141,11,3,26,43,18,30,25,9,4,1,12,32,14,15,124,46,174,19,61,41,22,23,24,69,5,27,99,56,63,31,29,33,17,8,36,95,38,39,40,49,42,7,44,45,60,47,48,21,92,51,53,13,54,55,6,57,58,59,2,0,62,96,64,10,66,117,68,20,70,71,72,65,74,75,67,77,76,28,80,81,82,83,52,85,86,87,88,89,73,91,35,93,94,37,84,97,98,79,114,101,16,103,104,105,106,107,108,102,110,111,112,113,109,115,116,34,118,119,120,121,122,123,90,125,126,78,128,129,130,131,132,133,134,135,136,137,138,139,140,50,142,143,144,145,146,147,148,149,150,151,152,153,154,155,156,157,158,159,160,161,162,163,164,165,166,167,168,169,170,171,172,173,127,175,176,177,178,179,180,181,182,183,184,185,186,187,188,189,190,191,192,193,194,195,196,197,198,199];False
7291;8693;15984;[101,141,11,3,26,43,18,30,25,9,4,1,12,32,14,15,124,46,174,19,61,41,22,23,24,69,5,27,99,56,63,31,29,33,17,8,36,95,38,39,40,49,42,7,44,45,60,47,48,21,92,51,53,13,54,55,6,57,58,59,2,0,62,96,64,10,66,117,68,20,70,71,72,65,74,75,67,77,76,28,80,81,82,83,52,85,86,87,88,89,73,91,35,93,94,37,84,97,98,79,100,114,16,103,104,105,106,107,108,102,110,111,112,113,109,115,116,34,118,119,120,121,122,123,90,125,126,78,128,129,130,131,132,133,134,135,136,137,138,139,140,50,142,143,144,145,146,147,148,149,150,151,152,153,154,155,156,157,158,159,160,161,162,163,164,165,166,167,168,169,170,171,172,173,127,175,176,177,178,179,180,181,182,183,184,185,186,187,188,189,190,191,192,193,194,195,196,197,198,199];False
7280;8697;15977;[16,141,11,3,26,43,18,30,25,9,4,1,12,32,14,15,124,46,174,19,61,41,22,23,24,69,5,27,99,56,63,31,29,33,17,8,36,95,38,39,40,49,42,7,44,45,60,47,48,21,92,51,53,13,54,55,6,57,58,59,2,0,62,96,64,10,66,117,68,20,70,71,72,65,74,75,67,77,76,28,80,81,82,83,52,85,86,87,88,89,73,91,35,93,94,37,84,97,98,79,100,101,114,103,104,105,106,107,108,102,110,111,112,113,109,115,116,34,118,119,120,121,122,123,90,125,126,78,128,129,130,131,132,133,134,135,136,137,138,139,140,50,142,143,144,145,146,147,148,149,150,151,152,153,154,155,156,157,158,159,160,161,162,163,164,165,166,167,168,169,170,171,172,173,127,175,176,177,178,179,180,181,182,183,184,185,186,187,188,189,190,191,192,193,194,195,196,197,198,199];False
6933;8927;15860;[53,141,11,47,26,43,18,30,25,9,4,1,12,32,3,15,124,94,16,14,61,41,22,23,24,69,5,27,109,56,63,31,29,33,17,8,36,95,38,85,77,49,42,7,44,45,60,39,48,21,92,51,35,13,54,55,6,57,58,59,2,0,62,46,64,10,66,117,68,20,70,71,72,65,74,75,67,28,76,79,80,81,82,83,40,37,86,87,88,89,73,91,78,93,99,114,96,97,98,84,100,101,102,52,104,105,106,107,108,19,110,111,112,113,103,115,116,34,118,119,120,121,122,123,90,125,126,127,128,129,130,131,132,133,134,135,136,137,138,139,140,50,142,143,144,145,146,147,148,149,150,151,152,153,154,155,156,157,158,159,160,161,162,163,164,165,166,167,168,169,170,171,172,173,174,175,176,177,178,179,180,181,182,183,184,185,186,187,188,189,190,191,192,193,194,195,196,197,198,199];False
6925;8887;15812;[78,141,11,47,26,43,18,30,25,9,4,1,12,32,3,15,124,94,16,14,61,41,22,23,24,69,5,27,109,56,63,31,29,33,17,8,36,95,38,85,77,49,42,7,44,45,60,39,48,21,92,51,53,13,54,55,6,57,58,59,2,0,62,46,64,10,66,117,68,20,70,71,72,65,74,75,67,28,76,79,80,81,82,83,40,37,86,87,88,89,73,91,35,93,99,114,96,97,98,84,100,101,102,52,104,105,106,107,108,19,110,111,112,113,103,115,116,34,118,119,120,121,122,123,90,125,126,127,128,129,130,131,132,133,134,135,136,137,138,139,140,50,142,143,144,145,146,147,148,149,150,151,152,153,154,155,156,157,158,159,160,161,162,163,164,165,166,167,168,169,170,171,172,173,174,175,176,177,178,179,180,181,182,183,184,185,186,187,188,189,190,191,192,193,194,195,196,197,198,199];False
6949;8876;15825;[35,141,11,47,26,43,18,30,25,105,4,1,12,32,3,15,124,9,16,14,61,41,22,23,24,69,5,27,109,56,63,31,29,33,17,8,36,95,38,85,77,49,42,7,44,45,60,39,48,21,92,51,53,13,54,55,6,57,58,59,2,0,62,46,64,10,66,117,68,20,70,71,72,65,74,75,67,28,76,79,80,81,82,83,40,37,86,87,88,89,73,91,78,93,94,114,96,97,98,84,100,101,102,52,104,99,106,107,108,19,110,111,112,113,103,115,116,34,118,119,120,121,122,123,90,125,126,127,128,129,130,131,132,133,134,135,136,137,138,139,140,50,142,143,144,145,146,147,148,149,150,151,152,153,154,155,156,157,158,159,160,161,162,163,164,165,166,167,168,169,170,171,172,173,174,175,176,177,178,179,180,181,182,183,184,185,186,187,188,189,190,191,192,193,194,195,196,197,198,199];False
7081;8863;15944;[1,11,42,47,26,43,18,30,25,9,80,105,12,32,3,15,124,8,16,14,61,41,22,23,24,69,5,27,28,56,63,31,29,33,17,35,36,95,38,85,40,49,64,7,44,45,60,39,48,21,4,51,53,13,54,55,6,57,58,59,2,0,62,46,109,10,66,117,68,20,70,71,72,65,74,75,67,77,76,79,141,81,82,83,84,37,86,87,88,89,73,91,78,93,94,114,96,97,98,99,100,101,102,52,104,92,106,107,108,19,110,111,112,113,103,115,116,34,118,119,120,121,122,123,90,125,126,127,128,129,130,131,132,133,134,135,136,137,138,139,140,50,142,143,144,145,146,147,148,149,150,151,152,153,154,155,156,157,158,159,160,161,162,163,164,165,166,167,168,169,170,171,172,173,174,175,176,177,178,179,180,181,182,183,184,185,186,187,188,189,190,191,192,193,194,195,196,197,198,199];False
7106;8836;15942;[4,11,42,47,26,43,18,30,25,9,80,1,12,32,3,15,124,8,16,14,61,41,22,23,24,69,5,27,28,56,63,31,29,33,17,35,36,95,38,85,40,49,64,7,44,45,60,39,48,21,105,51,53,13,54,55,6,57,58,59,2,0,62,46,109,10,66,117,68,20,70,71,72,65,74,75,67,77,76,79,141,81,82,83,84,37,86,87,88,89,73,91,78,93,94,114,96,97,98,99,100,101,102,52,104,92,106,107,108,19,110,111,112,113,103,115,116,34,118,119,120,121,122,123,90,125,126,127,128,129,130,131,132,133,134,135,136,137,138,139,140,50,142,143,144,145,146,147,148,149,150,151,152,153,154,155,156,157,158,159,160,161,162,163,164,165,166,167,168,169,170,171,172,173,174,175,176,177,178,179,180,181,182,183,184,185,186,187,188,189,190,191,192,193,194,195,196,197,198,199];False
7082;8821;15903;[72,11,42,47,26,43,18,30,25,9,80,1,12,32,3,15,124,8,16,14,61,41,22,23,24,69,5,27,28,56,63,31,29,33,17,35,36,95,38,85,40,49,64,7,44,45,60,39,48,21,4,51,53,13,54,55,6,57,58,59,2,0,62,46,109,10,66,117,68,20,70,71,105,65,74,75,67,77,76,79,141,81,82,83,84,37,86,87,88,89,73,91,78,93,94,114,96,97,98,99,100,101,102,52,104,92,106,107,108,19,110,111,112,113,103,115,116,34,118,119,120,121,122,123,90,125,126,127,128,129,130,131,132,133,134,135,136,137,138,139,140,50,142,143,144,145,146,147,148,149,150,151,152,153,154,155,156,157,158,159,160,161,162,163,164,165,166,167,168,169,170,171,172,173,174,175,176,177,178,179,180,181,182,183,184,185,186,187,188,189,190,191,192,193,194,195,196,197,198,199];False
6901;8954;15855;[50,52,11,3,26,96,18,30,25,94,75,1,12,32,14,15,124,9,16,19,61,41,22,23,24,69,5,27,28,56,63,31,29,33,17,35,36,37,60,39,40,49,42,7,44,45,86,47,48,21,106,51,53,13,54,55,6,57,58,59,2,0,77,46,64,10,66,117,68,20,70,71,72,65,74,84,67,81,80,79,38,73,82,83,76,85,92,87,88,89,4,91,109,93,62,95,8,97,98,99,100,101,102,103,104,105,43,107,108,151,110,111,112,113,114,115,116,34,118,119,120,121,122,123,90,125,126,127,128,129,130,131,132,133,134,135,136,137,138,139,140,141,142,143,144,145,146,147,148,149,150,78,152,153,154,155,156,157,158,159,160,161,162,163,164,165,166,167,168,169,170,171,172,173,174,175,176,177,178,179,180,181,182,183,184,185,186,187,188,189,190,191,192,193,194,195,196,197,198,199];False
6873;8948;15821;[20,52,11,3,26,96,18,30,25,94,75,1,12,32,14,15,124,9,16,19,61,41,22,23,24,69,5,27,28,56,63,31,29,33,17,35,36,37,60,39,40,49,42,7,44,45,86,47,48,21,50,51,53,13,54,55,6,57,58,59,2,0,77,46,64,10,66,117,68,106,70,71,72,65,74,84,67,81,80,79,38,73,82,83,76,85,92,87,88,89,4,91,109,93,62,95,8,97,98,99,100,101,102,103,104,105,43,107,108,151,110,111,112,113,114,115,116,34,118,119,120,121,122,123,90,125,126,127,128,129,130,131,132,133,134,135,136,137,138,139,140,141,142,143,144,145,146,147,148,149,150,78,152,153,154,155,156,157,158,159,160,161,162,163,164,165,166,167,168,169,170,171,172,173,174,175,176,177,178,179,180,181,182,183,184,185,186,187,188,189,190,191,192,193,194,195,196,197,198,199];False
6857;8957;15814;[100,52,11,3,26,96,18,30,25,94,75,1,12,32,14,15,124,9,16,19,61,41,22,23,24,69,5,27,28,56,63,31,29,33,17,35,36,37,60,39,40,49,42,7,44,45,86,47,48,21,50,51,53,13,54,55,6,57,58,59,2,0,77,46,64,10,66,117,68,20,70,71,72,65,74,84,67,81,80,79,38,73,82,83,76,85,92,87,88,89,4,91,109,93,62,95,8,97,98,99,106,101,102,103,104,105,43,107,108,151,110,111,112,113,114,115,116,34,118,119,120,121,122,123,90,125,126,127,128,129,130,131,132,133,134,135,136,137,138,139,140,141,142,143,144,145,146,147,148,149,150,78,152,153,154,155,156,157,158,159,160,161,162,163,164,165,166,167,168,169,170,171,172,173,174,175,176,177,178,179,180,181,182,183,184,185,186,187,188,189,190,191,192,193,194,195,196,197,198,199];False
6850;8956;15806;[108,52,11,3,26,96,18,30,25,94,75,1,12,32,14,15,124,9,16,19,61,41,22,23,24,69,5,27,28,56,63,31,29,33,17,35,36,37,60,39,40,49,42,7,44,45,86,47,48,21,50,51,53,13,54,55,6,57,58,59,2,0,77,46,64,10,66,117,68,20,70,71,72,65,74,84,67,81,80,79,38,73,82,83,76,85,92,87,88,89,4,91,109,93,62,95,8,97,98,99,100,101,102,103,104,105,43,107,106,151,110,111,112,113,114,115,116,34,118,119,120,121,122,123,90,125,126,127,128,129,130,131,132,133,134,135,136,137,138,139,140,141,142,143,144,145,146,147,148,149,150,78,152,153,154,155,156,157,158,159,160,161,162,163,164,165,166,167,168,169,170,171,172,173,174,175,176,177,178,179,180,181,182,183,184,185,186,187,188,189,190,191,192,193,194,195,196,197,198,199];False
6838;8955;15793;[34,52,11,3,26,96,18,30,25,94,75,1,12,32,14,15,124,9,16,19,61,41,22,23,24,69,5,27,28,56,63,31,29,33,17,35,36,37,60,39,40,49,42,7,44,45,86,47,48,21,50,51,53,13,54,55,6,57,58,59,2,0,77,46,64,10,66,117,68,20,70,71,72,65,74,84,67,81,80,79,38,73,82,83,76,85,92,87,88,89,4,91,109,93,62,95,8,97,98,99,100,101,102,103,104,105,43,107,108,151,110,111,112,113,114,115,116,106,118,119,120,121,122,123,90,125,126,127,128,129,130,131,132,133,134,135,136,137,138,139,140,141,142,143,144,145,146,147,148,149,150,78,152,153,154,155,156,157,158,159,160,161,162,163,164,165,166,167,168,169,170,171,172,173,174,175,176,177,178,179,180,181,182,183,184,185,186,187,188,189,190,191,192,193,194,195,196,197,198,199];False
6729;9000;15729;[121,52,11,3,26,96,18,30,25,94,75,1,12,32,14,15,124,9,16,19,61,41,22,23,24,69,5,27,28,56,63,31,29,33,17,35,36,37,60,39,40,49,42,7,44,45,86,47,48,21,50,51,53,13,54,55,6,57,58,59,2,0,77,46,64,10,66,117,68,20,70,71,72,65,74,84,67,81,80,79,38,73,82,83,76,85,92,87,88,89,4,91,109,93,62,95,8,97,98,99,100,101,102,103,104,105,43,107,108,151,110,111,112,113,114,115,116,34,118,119,120,106,122,123,90,125,126,127,128,129,130,131,132,133,134,135,136,137,138,139,140,141,142,143,144,145,146,147,148,149,150,78,152,153,154,155,156,157,158,159,160,161,162,163,164,165,166,167,168,169,170,171,172,173,174,175,176,177,178,179,180,181,182,183,184,185,186,187,188,189,190,191,192,193,194,195,196,197,198,199];False
6911;8932;15843;[90,52,11,3,26,96,18,30,25,94,75,1,12,32,14,15,124,9,16,19,61,41,22,23,24,69,5,27,28,56,63,31,29,33,17,35,36,37,60,39,40,49,42,7,44,45,86,47,48,21,50,51,53,13,54,55,6,57,58,59,2,0,77,46,64,10,66,117,68,20,70,71,72,65,74,84,67,81,80,79,38,73,82,83,76,85,92,87,88,89,4,91,109,93,62,95,8,97,98,99,100,101,102,103,104,105,43,107,108,151,110,111,112,113,114,115,116,34,118,119,120,121,122,123,106,125,126,127,128,129,130,131,132,133,134,135,136,137,138,139,140,141,142,143,144,145,146,147,148,149,150,78,152,153,154,155,156,157,158,159,160,161,162,163,164,165,166,167,168,169,170,171,172,173,174,175,176,177,178,179,180,181,182,183,184,185,186,187,188,189,190,191,192,193,194,195,196,197,198,199];False
6738;8985;15723;[130,52,11,3,26,96,18,30,25,94,75,1,12,32,14,15,124,9,16,19,61,41,22,23,24,69,5,27,28,56,63,31,29,33,17,35,36,37,60,39,40,49,42,7,44,45,86,47,48,21,50,51,53,13,54,55,6,57,58,59,2,0,77,46,64,10,66,117,68,20,70,71,72,65,74,84,67,81,80,79,38,73,82,83,76,85,92,87,88,89,4,91,109,93,62,95,8,97,98,99,100,101,102,103,104,105,43,107,108,151,110,111,112,113,114,115,116,34,118,119,120,121,122,123,90,125,126,127,128,129,106,131,132,133,134,135,136,137,138,139,140,141,142,143,144,145,146,147,148,149,150,78,152,153,154,155,156,157,158,159,160,161,162,163,164,165,166,167,168,169,170,171,172,173,174,175,176,177,178,179,180,181,182,183,184,185,186,187,188,189,190,191,192,193,194,195,196,197,198,199];False
6680;9011;15691;[139,52,11,3,26,96,18,30,25,94,75,1,12,32,14,15,124,9,16,19,61,41,22,23,24,69,5,27,28,56,63,31,29,33,17,35,36,37,60,39,40,49,42,7,44,45,86,47,48,21,50,51,53,13,54,55,6,57,58,59,2,0,77,46,64,10,66,117,68,20,70,71,72,65,74,84,67,81,80,79,38,73,82,83,76,85,92,87,88,89,4,91,109,93,62,95,8,97,98,99,100,101,102,103,104,105,43,107,108,151,110,111,112,113,114,115,116,34,118,119,120,121,122,123,90,125,126,127,128,129,130,131,132,133,134,135,136,137,138,106,140,141,142,143,144,145,146,147,148,149,150,78,152,153,154,155,156,157,158,159,160,161,162,163,164,165,166,167,168,169,170,171,172,173,174,175,176,177,178,179,180,181,182,183,184,185,186,187,188,189,190,191,192,193,194,195,196,197,198,199];False
6875;8932;15807;[141,52,11,3,26,96,18,30,25,94,75,1,12,32,14,15,124,9,16,19,61,41,22,23,24,69,5,27,28,56,63,31,29,33,17,35,36,37,60,39,40,49,42,7,44,45,86,47,48,21,50,51,53,13,54,55,6,57,58,59,2,0,77,46,64,10,66,117,68,20,70,71,72,65,74,84,67,81,80,79,38,73,82,83,76,85,92,87,88,89,4,91,109,93,62,95,8,97,98,99,100,101,102,103,104,105,43,107,108,151,110,111,112,113,114,115,116,34,118,119,120,121,122,123,90,125,126,127,128,129,130,131,132,133,134,135,136,137,138,139,140,106,142,143,144,145,146,147,148,149,150,78,152,153,154,155,156,157,158,159,160,161,162,163,164,165,166,167,168,169,170,171,172,173,174,175,176,177,178,179,180,181,182,183,184,185,186,187,188,189,190,191,192,193,194,195,196,197,198,199];False
6782;8969;15751;[146,52,11,3,26,96,18,30,25,94,75,1,12,32,14,15,124,9,16,19,61,41,22,23,24,69,5,27,28,56,63,31,29,33,17,35,36,37,60,39,40,49,42,7,44,45,86,47,48,21,50,51,53,13,54,55,6,57,58,59,2,0,77,46,64,10,66,117,68,20,70,71,72,65,74,84,67,81,80,79,38,73,82,83,76,85,92,87,88,89,4,91,109,93,62,95,8,97,98,99,100,101,102,103,104,105,43,107,108,151,110,111,112,113,114,115,116,34,118,119,120,121,122,123,90,125,126,127,128,129,130,131,132,133,134,135,136,137,138,139,140,141,142,143,144,145,106,147,148,149,150,78,152,153,154,155,156,157,158,159,160,161,162,163,164,165,166,167,168,169,170,171,172,173,174,175,176,177,178,179,180,181,182,183,184,185,186,187,188,189,190,191,192,193,194,195,196,197,198,199];False
6781;8970;15751;[158,52,11,3,26,96,18,30,25,94,75,1,12,32,14,15,124,9,16,19,61,41,22,23,24,69,5,27,28,56,63,31,29,33,17,35,36,37,60,39,40,49,42,7,44,45,86,47,48,21,50,51,53,13,54,55,6,57,58,59,2,0,77,46,64,10,66,117,68,20,70,71,72,65,74,84,67,81,80,79,38,73,82,83,76,85,92,87,88,89,4,91,109,93,62,95,8,97,98,99,100,101,102,103,104,105,43,107,108,151,110,111,112,113,114,115,116,34,118,119,120,121,122,123,90,125,126,127,128,129,130,131,132,133,134,135,136,137,138,139,140,141,142,143,144,145,146,147,148,149,150,78,152,153,154,155,156,157,106,159,160,161,162,163,164,165,166,167,168,169,170,171,172,173,174,175,176,177,178,179,180,181,182,183,184,185,186,187,188,189,190,191,192,193,194,195,196,197,198,199];False
6839;8952;15791;[163,52,11,3,26,96,18,30,25,94,75,1,12,32,14,15,124,9,16,19,61,41,22,23,24,69,5,27,28,56,63,31,29,33,17,35,36,37,60,39,40,49,42,7,44,45,86,47,48,21,50,51,53,13,54,55,6,57,58,59,2,0,77,46,64,10,66,117,68,20,70,71,72,65,74,84,67,81,80,79,38,73,82,83,76,85,92,87,88,89,4,91,109,93,62,95,8,97,98,99,100,101,102,103,104,105,43,107,108,151,110,111,112,113,114,115,116,34,118,119,120,121,122,123,90,125,126,127,128,129,130,131,132,133,134,135,136,137,138,139,140,141,142,143,144,145,146,147,148,149,150,78,152,153,154,155,156,157,158,159,160,161,162,106,164,165,166,167,168,169,170,171,172,173,174,175,176,177,178,179,180,181,182,183,184,185,186,187,188,189,190,191,192,193,194,195,196,197,198,199];False
6811;8954;15765;[172,52,11,3,26,96,18,30,25,94,75,1,12,32,14,15,124,9,16,19,61,41,22,23,24,69,5,27,28,56,63,31,29,33,17,35,36,37,60,39,40,49,42,7,44,45,86,47,48,21,50,51,53,13,54,55,6,57,58,59,2,0,77,46,64,10,66,117,68,20,70,71,72,65,74,84,67,81,80,79,38,73,82,83,76,85,92,87,88,89,4,91,109,93,62,95,8,97,98,99,100,101,102,103,104,105,43,107,108,151,110,111,112,113,114,115,116,34,118,119,120,121,122,123,90,125,126,127,128,129,130,131,132,133,134,135,136,137,138,139,140,141,142,143,144,145,146,147,148,149,150,78,152,153,154,155,156,157,158,159,160,161,162,163,164,165,166,167,168,169,170,171,106,173,174,175,176,177,178,179,180,181,182,183,184,185,186,187,188,189,190,191,192,193,194,195,196,197,198,199];False
6588;9143;15731;[61,52,11,3,26,43,18,30,132,9,33,1,12,32,14,15,124,94,93,19,25,41,22,23,24,69,5,27,16,56,63,31,29,155,17,35,36,37,60,39,40,49,42,7,44,45,86,47,48,28,4,51,53,13,54,55,6,57,58,59,2,0,62,46,64,10,66,117,68,20,70,71,72,65,74,75,67,77,80,79,38,81,82,83,76,85,92,87,88,89,73,91,109,8,84,95,96,97,98,99,100,101,102,103,104,105,106,107,108,151,110,111,112,113,114,115,116,34,118,119,120,121,122,123,90,125,126,127,128,129,130,131,78,133,134,135,136,137,138,139,140,141,142,143,144,145,146,147,148,149,150,21,152,153,154,50,156,157,158,159,160,161,162,163,164,165,166,167,168,169,170,171,172,173,174,175,176,177,178,179,180,181,182,183,184,185,186,187,188,189,190,191,192,193,194,195,196,197,198,199];False
6550;9136;15686;[36,52,11,3,26,43,18,30,132,9,33,1,12,32,14,15,124,94,93,19,61,41,22,23,24,69,5,27,16,56,63,31,29,155,17,35,25,37,60,39,40,49,42,7,44,45,86,47,48,28,4,51,53,13,54,55,6,57,58,59,2,0,62,46,64,10,66,117,68,20,70,71,72,65,74,75,67,77,80,79,38,81,82,83,76,85,92,87,88,89,73,91,109,8,84,95,96,97,98,99,100,101,102,103,104,105,106,107,108,151,110,111,112,113,114,115,116,34,118,119,120,121,122,123,90,125,126,127,128,129,130,131,78,133,134,135,136,137,138,139,140,141,142,143,144,145,146,147,148,149,150,21,152,153,154,50,156,157,158,159,160,161,162,163,164,165,166,167,168,169,170,171,172,173,174,175,176,177,178,179,180,181,182,183,184,185,186,187,188,189,190,191,192,193,194,195,196,197,198,199];False
6576;9127;15703;[9,52,11,3,26,43,18,30,25,46,33,1,12,32,14,15,124,94,93,19,61,41,22,23,24,69,5,27,16,56,63,31,29,155,17,35,36,37,60,39,40,49,42,7,44,45,86,47,48,28,4,51,53,13,54,55,6,57,58,59,2,0,62,144,64,10,66,117,68,20,70,71,72,65,74,75,67,77,80,79,38,81,82,83,76,85,92,87,88,89,73,91,109,8,84,95,96,97,98,99,100,101,102,103,104,105,106,107,108,151,110,111,112,113,114,115,116,34,118,119,120,121,122,123,90,125,126,127,128,129,130,131,132,133,134,135,136,137,138,139,140,141,142,143,78,145,146,147,148,149,150,21,152,153,154,50,156,157,158,159,160,161,162,163,164,165,166,167,168,169,170,171,172,173,174,175,176,177,178,179,180,181,182,183,184,185,186,187,188,189,190,191,192,193,194,195,196,197,198,199];False
6643;9098;15741;[94,52,11,3,26,43,18,30,25,9,33,1,12,32,14,15,124,46,93,19,61,41,22,23,24,69,5,27,16,56,63,31,29,155,17,35,36,37,60,39,40,49,42,7,44,45,86,47,48,28,4,51,53,13,54,55,6,57,58,59,2,0,62,144,64,10,66,117,68,20,70,71,72,65,74,75,67,77,80,79,38,81,82,83,76,85,92,87,88,89,73,91,109,8,84,95,96,97,98,99,100,101,102,103,104,105,106,107,108,151,110,111,112,113,114,115,116,34,118,119,120,121,122,123,90,125,126,127,128,129,130,131,132,133,134,135,136,137,138,139,140,141,142,143,78,145,146,147,148,149,150,21,152,153,154,50,156,157,158,159,160,161,162,163,164,165,166,167,168,169,170,171,172,173,174,175,176,177,178,179,180,181,182,183,184,185,186,187,188,189,190,191,192,193,194,195,196,197,198,199];False
6639;9109;15748;[22,52,11,3,26,43,18,30,25,9,33,1,12,32,14,15,124,94,93,19,61,41,46,23,24,69,5,27,16,56,63,31,29,155,17,35,36,37,60,39,40,49,42,7,44,45,86,47,48,28,4,51,53,13,54,55,6,57,58,59,2,0,62,144,64,10,66,117,68,20,70,71,72,65,74,75,67,77,80,79,38,81,82,83,76,85,92,87,88,89,73,91,109,8,84,95,96,97,98,99,100,101,102,103,104,105,106,107,108,151,110,111,112,113,114,115,116,34,118,119,120,121,122,123,90,125,126,127,128,129,130,131,132,133,134,135,136,137,138,139,140,141,142,143,78,145,146,147,148,149,150,21,152,153,154,50,156,157,158,159,160,161,162,163,164,165,166,167,168,169,170,171,172,173,174,175,176,177,178,179,180,181,182,183,184,185,186,187,188,189,190,191,192,193,194,195,196,197,198,199];False
6624;9103;15727;[155,52,11,3,26,43,18,30,25,9,33,1,12,32,14,15,124,94,93,19,61,41,22,23,24,69,5,27,16,56,63,31,29,46,17,35,36,37,60,39,40,49,42,7,44,45,86,47,48,28,4,51,53,13,54,55,6,57,58,59,2,0,62,144,64,10,66,117,68,20,70,71,72,65,74,75,67,77,80,79,38,81,82,83,76,85,92,87,88,89,73,91,109,8,84,95,96,97,98,99,100,101,102,103,104,105,106,107,108,151,110,111,112,113,114,115,116,34,118,119,120,121,122,123,90,125,126,127,128,129,130,131,132,133,134,135,136,137,138,139,140,141,142,143,78,145,146,147,148,149,150,21,152,153,154,50,156,157,158,159,160,161,162,163,164,165,166,167,168,169,170,171,172,173,174,175,176,177,178,179,180,181,182,183,184,185,186,187,188,189,190,191,192,193,194,195,196,197,198,199];False
6659;9090;15749;[37,52,11,3,26,43,18,30,25,9,33,1,12,32,14,15,124,94,93,19,61,41,22,23,24,69,5,27,16,56,63,31,29,155,17,35,36,46,60,39,40,49,42,7,44,45,86,47,48,28,4,51,53,13,54,55,6,57,58,59,2,0,62,144,64,10,66,117,68,20,70,71,72,65,74,75,67,77,80,79,38,81,82,83,76,85,92,87,88,89,73,91,109,8,84,95,96,97,98,99,100,101,102,103,104,105,106,107,108,151,110,111,112,113,114,115,116,34,118,119,120,121,122,123,90,125,126,127,128,129,130,131,132,133,134,135,136,137,138,139,140,141,142,143,78,145,146,147,148,149,150,21,152,153,154,50,156,157,158,159,160,161,162,163,164,165,166,167,168,169,170,171,172,173,174,175,176,177,178,179,180,181,182,183,184,185,186,187,188,189,190,191,192,193,194,195,196,197,198,199];False
6612;9123;15735;[42,52,11,3,26,43,18,30,25,9,33,1,12,32,14,15,124,94,93,19,61,41,22,23,24,69,5,27,16,56,63,31,29,155,17,35,36,37,60,39,40,49,46,7,44,45,86,47,48,28,4,51,53,13,54,55,6,57,58,59,2,0,62,144,64,10,66,117,68,20,70,71,72,65,74,75,67,77,80,79,38,81,82,83,76,85,92,87,88,89,73,91,109,8,84,95,96,97,98,99,100,101,102,103,104,105,106,107,108,151,110,111,112,113,114,115,116,34,118,119,120,121,122,123,90,125,126,127,128,129,130,131,132,133,134,135,136,137,138,139,140,141,142,143,78,145,146,147,148,149,150,21,152,153,154,50,156,157,158,159,160,161,162,163,164,165,166,167,168,169,170,171,172,173,174,175,176,177,178,179,180,181,182,183,184,185,186,187,188,189,190,191,192,193,194,195,196,197,198,199];False
6660;9069;15729;[4,52,11,3,26,43,18,30,25,9,33,1,12,32,14,15,124,94,93,19,61,41,22,23,24,69,5,27,16,56,63,31,29,155,17,35,36,37,60,39,40,49,42,7,44,45,86,47,48,28,46,51,53,13,54,55,6,57,58,59,2,0,62,144,64,10,66,117,68,20,70,71,72,65,74,75,67,77,80,79,38,81,82,83,76,85,92,87,88,89,73,91,109,8,84,95,96,97,98,99,100,101,102,103,104,105,106,107,108,151,110,111,112,113,114,115,116,34,118,119,120,121,122,123,90,125,126,127,128,129,130,131,132,133,134,135,136,137,138,139,140,141,142,143,78,145,146,147,148,149,150,21,152,153,154,50,156,157,158,159,160,161,162,163,164,165,166,167,168,169,170,171,172,173,174,175,176,177,178,179,180,181,182,183,184,185,186,187,188,189,190,191,192,193,194,195,196,197,198,199];False
6593;9095;15688;[54,52,11,3,26,43,18,30,25,9,33,1,12,32,14,15,124,94,93,19,61,41,22,23,24,69,5,27,16,56,63,31,29,155,17,35,36,37,60,39,40,49,42,7,44,45,86,47,48,28,4,51,53,13,46,55,6,57,58,59,2,0,62,144,64,10,66,117,68,20,70,71,72,65,74,75,67,77,80,79,38,81,82,83,76,85,92,87,88,89,73,91,109,8,84,95,96,97,98,99,100,101,102,103,104,105,106,107,108,151,110,111,112,113,114,115,116,34,118,119,120,121,122,123,90,125,126,127,128,129,130,131,132,133,134,135,136,137,138,139,140,141,142,143,78,145,146,147,148,149,150,21,152,153,154,50,156,157,158,159,160,161,162,163,164,165,166,167,168,169,170,171,172,173,174,175,176,177,178,179,180,181,182,183,184,185,186,187,188,189,190,191,192,193,194,195,196,197,198,199];False
6764;8976;15740;[75,52,11,3,26,43,18,30,25,9,33,1,12,32,14,15,124,94,93,19,61,41,22,23,24,69,5,27,16,56,63,31,29,46,17,35,36,37,60,39,40,49,42,7,44,45,86,47,48,28,155,51,53,13,54,55,6,57,58,59,2,0,62,185,64,10,66,117,68,20,70,71,72,65,74,4,67,77,80,79,38,81,82,83,76,85,92,87,88,89,73,91,109,8,84,95,96,97,98,99,100,101,102,103,104,105,106,107,108,151,110,111,112,113,114,115,116,34,118,119,120,121,122,123,90,125,126,127,128,129,130,131,132,133,134,135,136,137,138,139,140,141,142,143,144,145,146,147,148,149,150,21,152,153,154,50,156,157,158,159,160,161,162,163,164,165,166,167,168,169,170,171,172,173,174,175,176,177,178,179,180,181,182,183,184,78,186,187,188,189,190,191,192,193,194,195,196,197,198,199];False
7922;8680;16602;[43,141,11,3,26,105,12,30,25,9,4,1,75,32,14,15,124,46,109,95,61,41,22,23,24,69,5,27,73,56,63,31,29,33,17,8,36,28,38,39,40,18,42,7,44,45,19,47,48,21,92,51,53,13,54,55,6,57,58,59,2,0,62,96,64,10,66,117,68,20,70,71,72,65,74,82,67,77,76,79,80,81,35,83,52,85,86,87,88,89,16,91,78,93,94,37,84,97,98,60,100,101,102,103,104,99,106,107,108,49,110,111,112,113,114,115,116,34,118,119,120,121,122,123,90,125,126,127,128,129,130,131,132,133,134,135,136,137,138,139,140,50,142,143,144,145,146,147,148,149,150,151,152,153,154,155,156,157,158,159,160,161,162,163,164,165,166,167,168,169,170,171,172,173,174,175,176,177,178,179,180,181,182,183,184,185,186,187,188,189,190,191,192,193,194,195,196,197,198,199];False
7919;8657;16576;[9,141,11,3,26,43,12,30,25,105,4,1,75,32,14,15,124,46,109,95,61,41,22,23,24,69,5,27,73,56,63,31,29,33,17,8,36,28,38,39,40,18,42,7,44,45,19,47,48,21,92,51,53,13,54,55,6,57,58,59,2,0,62,96,64,10,66,117,68,20,70,71,72,65,74,82,67,77,76,79,80,81,35,83,52,85,86,87,88,89,16,91,78,93,94,37,84,97,98,60,100,101,102,103,104,99,106,107,108,49,110,111,112,113,114,115,116,34,118,119,120,121,122,123,90,125,126,127,128,129,130,131,132,133,134,135,136,137,138,139,140,50,142,143,144,145,146,147,148,149,150,151,152,153,154,155,156,157,158,159,160,161,162,163,164,165,166,167,168,169,170,171,172,173,174,175,176,177,178,179,180,181,182,183,184,185,186,187,188,189,190,191,192,193,194,195,196,197,198,199];False
7055;8849;15904;[85,141,11,3,26,43,18,30,25,9,4,1,12,32,14,15,124,46,174,19,61,41,22,23,24,69,5,27,16,56,63,31,29,33,17,8,36,95,38,39,40,60,42,7,44,45,77,47,48,21,92,51,53,13,54,55,6,57,58,59,2,0,62,96,64,10,66,117,68,20,70,71,72,65,74,75,67,28,76,79,80,81,82,83,52,37,86,87,88,89,73,91,35,93,94,99,84,97,98,114,100,101,102,49,104,105,106,107,108,109,110,111,112,113,103,115,116,34,118,119,120,121,122,123,90,125,126,78,128,129,130,131,132,133,134,135,136,137,138,139,140,50,142,143,144,145,146,147,148,149,150,151,152,153,154,155,156,157,158,159,160,161,162,163,164,165,166,167,168,169,170,171,172,173,127,175,176,177,178,179,180,181,182,183,184,185,186,187,188,189,190,191,192,193,194,195,196,197,198,199];False
7125;8807;15932;[108,141,11,3,26,43,18,30,25,9,4,1,12,32,14,15,124,46,174,19,61,41,22,23,24,69,5,27,16,56,63,31,29,33,17,8,36,95,38,39,40,60,42,7,44,45,77,47,48,21,92,51,53,13,54,55,6,57,58,59,2,0,62,96,64,10,66,117,68,20,70,71,72,65,74,75,67,28,76,79,80,81,82,83,52,85,86,87,88,89,73,91,35,93,94,99,84,97,98,114,100,101,102,49,104,105,106,107,37,109,110,111,112,113,103,115,116,34,118,119,120,121,122,123,90,125,126,78,128,129,130,131,132,133,134,135,136,137,138,139,140,50,142,143,144,145,146,147,148,149,150,151,152,153,154,155,156,157,158,159,160,161,162,163,164,165,166,167,168,169,170,171,172,173,127,175,176,177,178,179,180,181,182,183,184,185,186,187,188,189,190,191,192,193,194,195,196,197,198,199];False
7156;8788;15944;[25,141,11,3,26,43,18,30,85,9,4,1,12,32,14,15,124,46,174,19,61,41,22,23,24,69,5,27,99,56,63,31,29,33,17,8,36,95,38,39,40,49,42,7,44,45,60,47,48,21,92,51,53,13,54,55,6,57,58,59,2,0,62,96,64,10,66,117,68,20,70,71,72,65,74,75,67,77,76,28,80,81,82,83,52,37,86,87,88,89,73,91,35,93,94,109,84,97,98,79,100,101,16,103,104,105,106,107,108,102,110,111,112,113,114,115,116,34,118,119,120,121,122,123,90,125,126,78,128,129,130,131,132,133,134,135,136,137,138,139,140,50,142,143,144,145,146,147,148,149,150,151,152,153,154,155,156,157,158,159,160,161,162,163,164,165,166,167,168,169,170,171,172,173,127,175,176,177,178,179,180,181,182,183,184,185,186,187,188,189,190,191,192,193,194,195,196,197,198,199];False
7146;8776;15922;[14,141,11,3,26,43,18,30,25,9,4,1,12,32,85,15,124,46,174,19,61,41,22,23,24,69,5,27,99,56,63,31,29,33,17,8,36,95,38,39,40,49,42,7,44,45,60,47,48,21,92,51,53,13,54,55,6,57,58,59,2,0,62,96,64,10,66,117,68,20,70,71,72,65,74,75,67,77,76,28,80,81,82,83,52,37,86,87,88,89,73,91,35,93,94,109,84,97,98,79,100,101,16,103,104,105,106,107,108,102,110,111,112,113,114,115,116,34,118,119,120,121,122,123,90,125,126,78,128,129,130,131,132,133,134,135,136,137,138,139,140,50,142,143,144,145,146,147,148,149,150,151,152,153,154,155,156,157,158,159,160,161,162,163,164,165,166,167,168,169,170,171,172,173,127,175,176,177,178,179,180,181,182,183,184,185,186,187,188,189,190,191,192,193,194,195,196,197,198,199];False
7161;8773;15934;[23,141,11,3,26,43,18,30,25,9,4,1,12,32,14,15,124,46,174,19,61,41,22,85,24,69,5,27,99,56,63,31,29,33,17,8,36,95,38,39,40,49,42,7,44,45,60,47,48,21,92,51,53,13,54,55,6,57,58,59,2,0,62,96,64,10,66,117,68,20,70,71,72,65,74,75,67,77,76,28,80,81,82,83,52,37,86,87,88,89,73,91,35,93,94,109,84,97,98,79,100,101,16,103,104,105,106,107,108,102,110,111,112,113,114,115,116,34,118,119,120,121,122,123,90,125,126,78,128,129,130,131,132,133,134,135,136,137,138,139,140,50,142,143,144,145,146,147,148,149,150,151,152,153,154,155,156,157,158,159,160,161,162,163,164,165,166,167,168,169,170,171,172,173,127,175,176,177,178,179,180,181,182,183,184,185,186,187,188,189,190,191,192,193,194,195,196,197,198,199];False
7105;8776;15881;[39,141,11,3,26,43,18,30,25,9,4,1,12,32,14,15,124,46,174,19,61,41,22,23,24,69,5,27,99,56,63,31,29,33,17,8,36,95,38,85,40,49,42,7,44,45,60,47,48,21,92,51,53,13,54,55,6,57,58,59,2,0,62,96,64,10,66,117,68,20,70,71,72,65,74,75,67,77,76,28,80,81,82,83,52,37,86,87,88,89,73,91,35,93,94,109,84,97,98,79,100,101,16,103,104,105,106,107,108,102,110,111,112,113,114,115,116,34,118,119,120,121,122,123,90,125,126,78,128,129,130,131,132,133,134,135,136,137,138,139,140,50,142,143,144,145,146,147,148,149,150,151,152,153,154,155,156,157,158,159,160,161,162,163,164,165,166,167,168,169,170,171,172,173,127,175,176,177,178,179,180,181,182,183,184,185,186,187,188,189,190,191,192,193,194,195,196,197,198,199];False
7169;8760;15929;[14,141,11,3,26,43,18,30,25,9,4,1,12,32,103,15,124,46,174,19,61,41,22,23,24,69,5,27,99,56,63,31,29,33,17,8,36,95,38,39,40,49,42,7,44,45,60,47,48,21,92,51,53,13,54,55,6,57,58,59,2,0,62,96,64,10,66,117,68,20,70,71,72,65,74,75,67,77,76,28,80,81,82,83,52,85,86,87,88,89,73,91,35,93,94,109,84,97,98,79,100,101,16,37,104,105,106,107,108,102,110,111,112,113,114,115,116,34,118,119,120,121,122,123,90,125,126,78,128,129,130,131,132,133,134,135,136,137,138,139,140,50,142,143,144,145,146,147,148,149,150,151,152,153,154,155,156,157,158,159,160,161,162,163,164,165,166,167,168,169,170,171,172,173,127,175,176,177,178,179,180,181,182,183,184,185,186,187,188,189,190,191,192,193,194,195,196,197,198,199];False
7092;8810;15902;[96,141,11,3,26,43,18,30,25,9,4,1,12,32,14,15,124,46,174,19,61,41,22,23,24,69,5,27,99,56,63,31,29,33,17,8,36,95,38,39,40,49,42,7,44,45,60,47,48,21,92,51,53,13,54,55,6,57,58,59,2,0,62,103,64,10,66,117,68,20,70,71,72,65,74,75,67,77,76,28,80,81,82,83,52,85,86,87,88,89,73,91,35,93,94,109,84,97,98,79,100,101,16,37,104,105,106,107,108,102,110,111,112,113,114,115,116,34,118,119,120,121,122,123,90,125,126,78,128,129,130,131,132,133,134,135,136,137,138,139,140,50,142,143,144,145,146,147,148,149,150,151,152,153,154,155,156,157,158,159,160,161,162,163,164,165,166,167,168,169,170,171,172,173,127,175,176,177,178,179,180,181,182,183,184,185,186,187,188,189,190,191,192,193,194,195,196,197,198,199];False
7147;8771;15918;[76,141,11,3,26,43,18,30,25,9,4,1,12,32,14,15,124,46,174,19,61,41,22,23,24,69,5,27,99,56,63,31,29,33,17,8,36,95,38,39,40,49,42,7,44,45,60,47,48,21,92,51,53,13,54,55,6,57,58,59,2,0,62,96,64,10,66,117,68,20,70,71,72,65,74,75,67,77,103,28,80,81,82,83,52,85,86,87,88,89,73,91,35,93,94,109,84,97,98,79,100,101,16,37,104,105,106,107,108,102,110,111,112,113,114,115,116,34,118,119,120,121,122,123,90,125,126,78,128,129,130,131,132,133,134,135,136,137,138,139,140,50,142,143,144,145,146,147,148,149,150,151,152,153,154,155,156,157,158,159,160,161,162,163,164,165,166,167,168,169,170,171,172,173,127,175,176,177,178,179,180,181,182,183,184,185,186,187,188,189,190,191,192,193,194,195,196,197,198,199];False
7215;8741;15956;[73,141,11,3,26,43,18,30,25,9,4,1,12,32,14,15,124,46,174,19,61,41,22,23,24,69,5,27,99,56,63,31,29,33,17,8,36,95,38,39,40,49,42,7,44,45,60,47,48,21,92,51,53,13,54,55,6,57,58,59,2,0,62,96,64,10,66,117,68,20,70,71,72,65,74,75,67,77,76,28,80,81,82,83,52,85,86,87,88,89,103,91,35,93,94,109,84,97,98,79,100,101,16,37,104,105,106,107,108,102,110,111,112,113,114,115,116,34,118,119,120,121,122,123,90,125,126,78,128,129,130,131,132,133,134,135,136,137,138,139,140,50,142,143,144,145,146,147,148,149,150,151,152,153,154,155,156,157,158,159,160,161,162,163,164,165,166,167,168,169,170,171,172,173,127,175,176,177,178,179,180,181,182,183,184,185,186,187,188,189,190,191,192,193,194,195,196,197,198,199];False
7133;8750;15883;[114,141,11,3,26,43,18,30,25,9,4,1,12,32,14,15,124,46,174,19,61,41,22,23,24,69,5,27,99,56,63,31,29,33,17,8,36,95,38,39,40,49,42,7,44,45,60,47,48,21,92,51,53,13,54,55,6,57,58,59,2,0,62,96,64,10,66,117,68,20,70,71,72,65,74,75,67,77,76,28,80,81,82,83,52,85,86,87,88,89,73,91,35,93,94,109,84,97,98,79,100,101,16,37,104,105,106,107,108,102,110,111,112,113,103,115,116,34,118,119,120,121,122,123,90,125,126,78,128,129,130,131,132,133,134,135,136,137,138,139,140,50,142,143,144,145,146,147,148,149,150,151,152,153,154,155,156,157,158,159,160,161,162,163,164,165,166,167,168,169,170,171,172,173,127,175,176,177,178,179,180,181,182,183,184,185,186,187,188,189,190,191,192,193,194,195,196,197,198,199];False
7203;8736;15939;[23,141,11,3,26,43,18,30,25,9,4,1,12,32,14,15,124,46,174,19,61,41,22,96,24,69,5,27,99,56,63,31,29,33,17,8,36,95,38,39,40,49,42,7,44,45,60,47,48,21,92,51,53,13,54,55,6,57,58,59,2,0,62,114,64,10,66,117,68,20,70,71,72,65,74,75,67,77,76,28,80,81,82,83,52,85,86,87,88,89,73,91,35,93,94,37,84,97,98,79,100,101,16,103,104,105,106,107,108,102,110,111,112,113,109,115,116,34,118,119,120,121,122,123,90,125,126,78,128,129,130,131,132,133,134,135,136,137,138,139,140,50,142,143,144,145,146,147,148,149,150,151,152,153,154,155,156,157,158,159,160,161,162,163,164,165,166,167,168,169,170,171,172,173,127,175,176,177,178,179,180,181,182,183,184,185,186,187,188,189,190,191,192,193,194,195,196,197,198,199];False
7170;8743;15913;[77,141,11,3,26,43,18,30,25,9,4,1,12,32,14,15,124,46,174,19,61,41,22,23,24,69,5,27,99,56,63,31,29,33,17,8,36,95,38,39,40,49,42,7,44,45,60,47,48,21,92,51,53,13,54,55,6,57,58,59,2,0,62,114,64,10,66,117,68,20,70,71,72,65,74,75,67,96,76,28,80,81,82,83,52,85,86,87,88,89,73,91,35,93,94,37,84,97,98,79,100,101,16,103,104,105,106,107,108,102,110,111,112,113,109,115,116,34,118,119,120,121,122,123,90,125,126,78,128,129,130,131,132,133,134,135,136,137,138,139,140,50,142,143,144,145,146,147,148,149,150,151,152,153,154,155,156,157,158,159,160,161,162,163,164,165,166,167,168,169,170,171,172,173,127,175,176,177,178,179,180,181,182,183,184,185,186,187,188,189,190,191,192,193,194,195,196,197,198,199];False
7210;8723;15933;[79,141,11,3,26,43,18,30,25,9,4,1,12,32,14,15,124,46,174,19,61,41,22,23,24,69,5,27,99,56,63,31,29,33,17,8,36,95,38,39,40,49,42,7,44,45,60,47,48,21,92,51,53,13,54,55,6,57,58,59,2,0,62,114,64,10,66,117,68,20,70,71,72,65,74,75,67,77,76,28,80,81,82,83,52,85,86,87,88,89,73,91,35,93,94,37,84,97,98,96,100,101,16,103,104,105,106,107,108,102,110,111,112,113,109,115,116,34,118,119,120,121,122,123,90,125,126,78,128,129,130,131,132,133,134,135,136,137,138,139,140,50,142,143,144,145,146,147,148,149,150,151,152,153,154,155,156,157,158,159,160,161,162,163,164,165,166,167,168,169,170,171,172,173,127,175,176,177,178,179,180,181,182,183,184,185,186,187,188,189,190,191,192,193,194,195,196,197,198,199];False
7249;8714;15963;[5,141,11,3,26,43,18,30,25,9,4,1,12,32,14,15,124,46,174,19,61,41,22,23,24,69,76,27,99,56,63,31,29,33,17,8,36,95,38,39,40,49,42,7,44,45,60,47,48,21,92,51,53,13,54,55,6,57,58,59,2,0,62,96,64,10,66,117,68,20,70,71,72,65,74,75,67,77,114,28,80,81,82,83,52,85,86,87,88,89,73,91,35,93,94,37,84,97,98,79,100,101,16,103,104,105,106,107,108,102,110,111,112,113,109,115,116,34,118,119,120,121,122,123,90,125,126,78,128,129,130,131,132,133,134,135,136,137,138,139,140,50,142,143,144,145,146,147,148,149,150,151,152,153,154,155,156,157,158,159,160,161,162,163,164,165,166,167,168,169,170,171,172,173,127,175,176,177,178,179,180,181,182,183,184,185,186,187,188,189,190,191,192,193,194,195,196,197,198,199];False
7396;8665;16061;[75,141,11,3,26,43,18,30,25,9,4,1,12,32,14,15,124,46,174,19,61,41,22,23,24,69,5,27,99,56,63,31,29,33,17,8,36,95,38,39,40,49,42,7,44,45,60,47,48,21,92,51,53,13,54,55,6,57,58,59,2,0,62,96,64,10,66,117,68,20,70,71,72,65,74,82,67,77,76,28,80,81,114,83,52,85,86,87,88,89,73,91,35,93,94,37,84,97,98,79,100,101,16,103,104,105,106,107,108,102,110,111,112,113,109,115,116,34,118,119,120,121,122,123,90,125,126,78,128,129,130,131,132,133,134,135,136,137,138,139,140,50,142,143,144,145,146,147,148,149,150,151,152,153,154,155,156,157,158,159,160,161,162,163,164,165,166,167,168,169,170,171,172,173,127,175,176,177,178,179,180,181,182,183,184,185,186,187,188,189,190,191,192,193,194,195,196,197,198,199];False
7349;8678;16027;[91,141,11,3,26,43,18,30,25,9,4,1,12,32,14,15,124,46,174,19,61,41,22,23,24,69,5,27,99,56,63,31,29,33,17,8,36,95,38,39,40,49,42,7,44,45,60,47,48,21,92,51,53,13,54,55,6,57,58,59,2,0,62,96,64,10,66,117,68,20,70,71,72,65,74,75,67,77,76,28,80,81,114,83,52,85,86,87,88,89,73,82,35,93,94,37,84,97,98,79,100,101,16,103,104,105,106,107,108,102,110,111,112,113,109,115,116,34,118,119,120,121,122,123,90,125,126,78,128,129,130,131,132,133,134,135,136,137,138,139,140,50,142,143,144,145,146,147,148,149,150,151,152,153,154,155,156,157,158,159,160,161,162,163,164,165,166,167,168,169,170,171,172,173,127,175,176,177,178,179,180,181,182,183,184,185,186,187,188,189,190,191,192,193,194,195,196,197,198,199];False
7319;8687;16006;[115,141,11,3,26,43,18,30,25,9,4,1,12,32,14,15,124,46,174,19,61,41,22,23,24,69,5,27,99,56,63,31,29,33,17,8,36,95,38,39,40,49,42,7,44,45,60,47,48,21,92,51,53,13,54,55,6,57,58,59,2,0,62,96,64,10,66,117,68,20,70,71,72,65,74,75,67,77,76,28,80,81,114,83,52,85,86,87,88,89,73,91,35,93,94,37,84,97,98,79,100,101,16,103,104,105,106,107,108,102,110,111,112,113,109,82,116,34,118,119,120,121,122,123,90,125,126,78,128,129,130,131,132,133,134,135,136,137,138,139,140,50,142,143,144,145,146,147,148,149,150,151,152,153,154,155,156,157,158,159,160,161,162,163,164,165,166,167,168,169,170,171,172,173,127,175,176,177,178,179,180,181,182,183,184,185,186,187,188,189,190,191,192,193,194,195,196,197,198,199];False
7243;8689;15932;[142,141,11,3,26,43,18,30,25,9,4,1,12,32,14,15,124,46,174,19,61,41,22,23,24,69,5,27,99,56,63,31,29,33,17,8,36,95,38,39,40,49,42,7,44,45,60,47,48,21,92,51,53,13,54,55,6,57,58,59,2,0,62,96,64,10,66,117,68,20,70,71,72,65,74,75,67,77,76,28,80,81,114,83,52,85,86,87,88,89,73,91,35,93,94,37,84,97,98,79,100,101,16,103,104,105,106,107,108,102,110,111,112,113,109,115,116,34,118,119,120,121,122,123,90,125,126,78,128,129,130,131,132,133,134,135,136,137,138,139,140,50,82,143,144,145,146,147,148,149,150,151,152,153,154,155,156,157,158,159,160,161,162,163,164,165,166,167,168,169,170,171,172,173,127,175,176,177,178,179,180,181,182,183,184,185,186,187,188,189,190,191,192,193,194,195,196,197,198,199];False
7393;8652;16045;[158,141,11,3,26,43,18,30,25,9,4,1,12,32,14,15,124,46,174,19,61,41,22,23,24,69,5,27,99,56,63,31,29,33,17,8,36,95,38,39,40,49,42,7,44,45,60,47,48,21,92,51,53,13,54,55,6,57,58,59,2,0,62,96,64,10,66,117,68,20,70,71,72,65,74,75,67,77,76,28,80,81,114,83,52,85,86,87,88,89,73,91,35,93,94,37,84,97,98,79,100,101,16,103,104,105,106,107,108,102,110,111,112,113,109,115,116,34,118,119,120,121,122,123,90,125,126,78,128,129,130,131,132,133,134,135,136,137,138,139,140,50,142,143,144,145,146,147,148,149,150,151,152,153,154,155,156,157,82,159,160,161,162,163,164,165,166,167,168,169,170,171,172,173,127,175,176,177,178,179,180,181,182,183,184,185,186,187,188,189,190,191,192,193,194,195,196,197,198,199];False
7319;8677;15996;[172,141,11,3,26,43,18,30,25,9,4,1,12,32,14,15,124,46,174,19,61,41,22,23,24,69,5,27,99,56,63,31,29,33,17,8,36,95,38,39,40,49,42,7,44,45,60,47,48,21,92,51,53,13,54,55,6,57,58,59,2,0,62,96,64,10,66,117,68,20,70,71,72,65,74,75,67,77,76,28,80,81,114,83,52,85,86,87,88,89,73,91,35,93,94,37,84,97,98,79,100,101,16,103,104,105,106,107,108,102,110,111,112,113,109,115,116,34,118,119,120,121,122,123,90,125,126,78,128,129,130,131,132,133,134,135,136,137,138,139,140,50,142,143,144,145,146,147,148,149,150,151,152,153,154,155,156,157,158,159,160,161,162,163,164,165,166,167,168,169,170,171,82,173,127,175,176,177,178,179,180,181,182,183,184,185,186,187,188,189,190,191,192,193,194,195,196,197,198,199];False
6909;8916;15825;[77,141,11,47,26,43,18,30,25,9,4,1,12,32,3,15,124,94,16,14,61,41,22,23,24,69,5,27,109,56,63,31,29,33,17,8,36,95,38,85,78,49,42,7,44,45,60,39,48,21,92,51,53,13,54,55,6,57,58,59,2,0,62,46,64,10,66,117,68,20,70,71,72,65,74,75,67,28,76,79,80,81,82,83,40,37,86,87,88,89,73,91,35,93,99,114,96,97,98,84,100,101,102,52,104,105,106,107,108,19,110,111,112,113,103,115,116,34,118,119,120,121,122,123,90,125,126,127,128,129,130,131,132,133,134,135,136,137,138,139,140,50,142,143,144,145,146,147,148,149,150,151,152,153,154,155,156,157,158,159,160,161,162,163,164,165,166,167,168,169,170,171,172,173,174,175,176,177,178,179,180,181,182,183,184,185,186,187,188,189,190,191,192,193,194,195,196,197,198,199];False
6897;8887;15784;[102,141,11,47,26,43,18,30,25,9,4,1,12,32,3,15,124,94,16,14,61,41,22,23,24,69,5,27,109,56,63,31,29,33,17,8,36,95,38,85,77,49,42,7,44,45,60,39,48,21,92,51,53,13,54,55,6,57,58,59,2,0,62,46,64,10,66,117,68,20,70,71,72,65,74,75,67,28,76,79,80,81,82,83,40,37,86,87,88,89,73,91,35,93,99,114,96,97,98,84,100,101,78,52,104,105,106,107,108,19,110,111,112,113,103,115,116,34,118,119,120,121,122,123,90,125,126,127,128,129,130,131,132,133,134,135,136,137,138,139,140,50,142,143,144,145,146,147,148,149,150,151,152,153,154,155,156,157,158,159,160,161,162,163,164,165,166,167,168,169,170,171,172,173,174,175,176,177,178,179,180,181,182,183,184,185,186,187,188,189,190,191,192,193,194,195,196,197,198,199];False
7015;8869;15884;[12,141,11,47,26,43,18,30,25,105,4,1,35,32,3,15,124,9,16,14,61,41,22,23,24,69,5,27,109,56,63,31,29,33,17,8,36,95,38,85,77,49,42,7,44,45,60,39,48,21,92,51,53,13,54,55,6,57,58,59,2,0,62,46,64,10,66,117,68,20,70,71,72,65,74,75,67,28,76,79,80,81,82,83,40,37,86,87,88,89,73,91,78,93,94,114,96,97,98,84,100,101,102,52,104,99,106,107,108,19,110,111,112,113,103,115,116,34,118,119,120,121,122,123,90,125,126,127,128,129,130,131,132,133,134,135,136,137,138,139,140,50,142,143,144,145,146,147,148,149,150,151,152,153,154,155,156,157,158,159,160,161,162,163,164,165,166,167,168,169,170,171,172,173,174,175,176,177,178,179,180,181,182,183,184,185,186,187,188,189,190,191,192,193,194,195,196,197,198,199];False
6989;8874;15863;[77,141,11,47,26,43,18,30,25,105,4,1,12,32,3,15,124,9,16,14,61,41,22,23,24,69,5,27,109,56,63,31,29,33,17,8,36,95,38,85,35,49,42,7,44,45,60,39,48,21,92,51,53,13,54,55,6,57,58,59,2,0,62,46,64,10,66,117,68,20,70,71,72,65,74,75,67,28,76,79,80,81,82,83,40,37,86,87,88,89,73,91,78,93,94,114,96,97,98,84,100,101,102,52,104,99,106,107,108,19,110,111,112,113,103,115,116,34,118,119,120,121,122,123,90,125,126,127,128,129,130,131,132,133,134,135,136,137,138,139,140,50,142,143,144,145,146,147,148,149,150,151,152,153,154,155,156,157,158,159,160,161,162,163,164,165,166,167,168,169,170,171,172,173,174,175,176,177,178,179,180,181,182,183,184,185,186,187,188,189,190,191,192,193,194,195,196,197,198,199];False
7024;8854;15878;[60,141,11,47,26,43,18,30,25,105,4,1,12,32,3,15,124,9,16,14,61,41,22,23,24,69,5,27,109,56,63,31,29,33,17,8,36,95,38,85,77,49,42,7,44,45,35,39,48,21,92,51,53,13,54,55,6,57,58,59,2,0,62,46,64,10,66,117,68,20,70,71,72,65,74,75,67,28,76,79,80,81,82,83,40,37,86,87,88,89,73,91,78,93,94,114,96,97,98,84,100,101,102,52,104,99,106,107,108,19,110,111,112,113,103,115,116,34,118,119,120,121,122,123,90,125,126,127,128,129,130,131,132,133,134,135,136,137,138,139,140,50,142,143,144,145,146,147,148,149,150,151,152,153,154,155,156,157,158,159,160,161,162,163,164,165,166,167,168,169,170,171,172,173,174,175,176,177,178,179,180,181,182,183,184,185,186,187,188,189,190,191,192,193,194,195,196,197,198,199];False
7016;8854;15870;[64,141,11,47,26,43,18,30,25,105,4,1,12,32,3,15,124,9,16,14,61,41,22,23,24,69,5,27,109,56,63,31,29,33,17,8,36,95,38,85,77,49,42,7,44,45,60,39,48,21,92,51,53,13,54,55,6,57,58,59,2,0,62,46,35,10,66,117,68,20,70,71,72,65,74,75,67,28,76,79,80,81,82,83,40,37,86,87,88,89,73,91,78,93,94,114,96,97,98,84,100,101,102,52,104,99,106,107,108,19,110,111,112,113,103,115,116,34,118,119,120,121,122,123,90,125,126,127,128,129,130,131,132,133,134,135,136,137,138,139,140,50,142,143,144,145,146,147,148,149,150,151,152,153,154,155,156,157,158,159,160,161,162,163,164,165,166,167,168,169,170,171,172,173,174,175,176,177,178,179,180,181,182,183,184,185,186,187,188,189,190,191,192,193,194,195,196,197,198,199];False
6984;8875;15859;[10,141,11,47,26,43,18,30,25,105,4,1,12,32,3,15,124,9,16,14,61,41,22,23,24,69,5,27,109,56,63,31,29,33,17,8,36,95,38,85,77,49,42,7,44,45,60,39,48,21,92,51,53,13,54,55,6,57,58,59,2,0,62,46,64,35,66,117,68,20,70,71,72,65,74,75,67,28,76,79,80,81,82,83,40,37,86,87,88,89,73,91,78,93,94,114,96,97,98,84,100,101,102,52,104,99,106,107,108,19,110,111,112,113,103,115,116,34,118,119,120,121,122,123,90,125,126,127,128,129,130,131,132,133,134,135,136,137,138,139,140,50,142,143,144,145,146,147,148,149,150,151,152,153,154,155,156,157,158,159,160,161,162,163,164,165,166,167,168,169,170,171,172,173,174,175,176,177,178,179,180,181,182,183,184,185,186,187,188,189,190,191,192,193,194,195,196,197,198,199];False
6984;8873;15857;[117,141,11,47,26,43,18,30,25,105,4,1,12,32,3,15,124,9,16,14,61,41,22,23,24,69,5,27,109,56,63,31,29,33,17,8,36,95,38,85,77,49,42,7,44,45,60,39,48,21,92,51,53,13,54,55,6,57,58,59,2,0,62,46,64,10,66,35,68,20,70,71,72,65,74,75,67,28,76,79,80,81,82,83,40,37,86,87,88,89,73,91,78,93,94,114,96,97,98,84,100,101,102,52,104,99,106,107,108,19,110,111,112,113,103,115,116,34,118,119,120,121,122,123,90,125,126,127,128,129,130,131,132,133,134,135,136,137,138,139,140,50,142,143,144,145,146,147,148,149,150,151,152,153,154,155,156,157,158,159,160,161,162,163,164,165,166,167,168,169,170,171,172,173,174,175,176,177,178,179,180,181,182,183,184,185,186,187,188,189,190,191,192,193,194,195,196,197,198,199];False
6996;8847;15843;[82,141,11,47,26,43,18,30,25,105,4,1,12,32,3,15,124,9,16,14,61,41,22,23,24,69,5,27,109,56,63,31,29,33,17,8,36,95,38,85,77,49,42,7,44,45,60,39,48,21,92,51,53,13,54,55,6,57,58,59,2,0,62,46,64,10,66,117,68,20,70,71,72,65,74,75,67,28,76,79,80,81,35,83,40,37,86,87,88,89,73,91,78,93,94,114,96,97,98,84,100,101,102,52,104,99,106,107,108,19,110,111,112,113,103,115,116,34,118,119,120,121,122,123,90,125,126,127,128,129,130,131,132,133,134,135,136,137,138,139,140,50,142,143,144,145,146,147,148,149,150,151,152,153,154,155,156,157,158,159,160,161,162,163,164,165,166,167,168,169,170,171,172,173,174,175,176,177,178,179,180,181,182,183,184,185,186,187,188,189,190,191,192,193,194,195,196,197,198,199];False
6923;8850;15773;[78,141,11,47,26,43,18,30,25,105,4,1,12,32,3,15,124,9,16,14,61,41,22,23,24,69,5,27,109,56,63,31,29,33,17,8,36,95,38,85,77,49,42,7,44,45,60,39,48,21,92,51,53,13,54,55,6,57,58,59,2,0,62,46,64,10,66,117,68,20,70,71,72,65,74,75,67,28,76,79,80,81,82,83,40,37,86,87,88,89,73,91,35,93,94,114,96,97,98,84,100,101,102,52,104,99,106,107,108,19,110,111,112,113,103,115,116,34,118,119,120,121,122,123,90,125,126,127,128,129,130,131,132,133,134,135,136,137,138,139,140,50,142,143,144,145,146,147,148,149,150,151,152,153,154,155,156,157,158,159,160,161,162,163,164,165,166,167,168,169,170,171,172,173,174,175,176,177,178,179,180,181,182,183,184,185,186,187,188,189,190,191,192,193,194,195,196,197,198,199];False
7045;8837;15882;[1,11,42,47,26,43,18,30,25,9,80,72,12,32,3,15,124,8,16,14,61,41,22,23,24,69,5,27,28,56,63,31,29,33,17,35,36,95,38,85,40,49,64,7,44,45,60,39,48,21,4,51,53,13,54,55,6,57,58,59,2,0,62,46,109,10,66,117,68,20,70,71,105,65,74,75,67,77,76,79,141,81,82,83,84,37,86,87,88,89,73,91,78,93,94,114,96,97,98,99,100,101,102,52,104,92,106,107,108,19,110,111,112,113,103,115,116,34,118,119,120,121,122,123,90,125,126,127,128,129,130,131,132,133,134,135,136,137,138,139,140,50,142,143,144,145,146,147,148,149,150,151,152,153,154,155,156,157,158,159,160,161,162,163,164,165,166,167,168,169,170,171,172,173,174,175,176,177,178,179,180,181,182,183,184,185,186,187,188,189,190,191,192,193,194,195,196,197,198,199];False
7057;8825;15882;[124,11,42,47,26,43,18,30,25,9,80,1,12,32,3,15,72,8,16,14,61,41,22,23,24,69,5,27,28,56,63,31,29,33,17,35,36,95,38,85,40,49,64,7,44,45,60,39,48,21,4,51,53,13,54,55,6,57,58,59,2,0,62,46,109,10,66,117,68,20,70,71,105,65,74,75,67,77,76,79,141,81,82,83,84,37,86,87,88,89,73,91,78,93,94,114,96,97,98,99,100,101,102,52,104,92,106,107,108,19,110,111,112,113,103,115,116,34,118,119,120,121,122,123,90,125,126,127,128,129,130,131,132,133,134,135,136,137,138,139,140,50,142,143,144,145,146,147,148,149,150,151,152,153,154,155,156,157,158,159,160,161,162,163,164,165,166,167,168,169,170,171,172,173,174,175,176,177,178,179,180,181,182,183,184,185,186,187,188,189,190,191,192,193,194,195,196,197,198,199];False
7049;8828;15877;[46,11,42,47,26,43,18,30,25,9,80,1,12,32,3,15,124,8,16,14,61,41,22,23,24,69,5,27,28,56,63,31,29,33,17,35,36,95,38,85,40,49,64,7,44,45,60,39,48,21,4,51,53,13,54,55,6,57,58,59,2,0,62,72,109,10,66,117,68,20,70,71,105,65,74,75,67,77,76,79,141,81,82,83,84,37,86,87,88,89,73,91,78,93,94,114,96,97,98,99,100,101,102,52,104,92,106,107,108,19,110,111,112,113,103,115,116,34,118,119,120,121,122,123,90,125,126,127,128,129,130,131,132,133,134,135,136,137,138,139,140,50,142,143,144,145,146,147,148,149,150,151,152,153,154,155,156,157,158,159,160,161,162,163,164,165,166,167,168,169,170,171,172,173,174,175,176,177,178,179,180,181,182,183,184,185,186,187,188,189,190,191,192,193,194,195,196,197,198,199];False
7057;8807;15864;[10,11,42,47,26,43,18,30,25,9,80,1,12,32,3,15,124,8,16,14,61,41,22,23,24,69,5,27,28,56,63,31,29,33,17,35,36,95,38,85,40,49,64,7,44,45,60,39,48,21,4,51,53,13,54,55,6,57,58,59,2,0,62,46,109,72,66,117,68,20,70,71,105,65,74,75,67,77,76,79,141,81,82,83,84,37,86,87,88,89,73,91,78,93,94,114,96,97,98,99,100,101,102,52,104,92,106,107,108,19,110,111,112,113,103,115,116,34,118,119,120,121,122,123,90,125,126,127,128,129,130,131,132,133,134,135,136,137,138,139,140,50,142,143,144,145,146,147,148,149,150,151,152,153,154,155,156,157,158,159,160,161,162,163,164,165,166,167,168,169,170,171,172,173,174,175,176,177,178,179,180,181,182,183,184,185,186,187,188,189,190,191,192,193,194,195,196,197,198,199];False
6855;8949;15804;[43,52,11,3,26,96,18,30,25,94,75,1,12,32,14,15,124,9,16,19,61,41,22,23,24,69,5,27,28,56,63,31,29,33,17,35,36,37,60,39,40,49,42,7,44,45,86,47,48,21,50,51,53,13,54,55,6,57,58,59,2,0,77,46,64,10,66,117,68,106,70,71,72,65,74,84,67,81,80,79,38,73,82,83,76,85,92,87,88,89,4,91,109,93,62,95,8,97,98,99,100,101,102,103,104,105,20,107,108,151,110,111,112,113,114,115,116,34,118,119,120,121,122,123,90,125,126,127,128,129,130,131,132,133,134,135,136,137,138,139,140,141,142,143,144,145,146,147,148,149,150,78,152,153,154,155,156,157,158,159,160,161,162,163,164,165,166,167,168,169,170,171,172,173,174,175,176,177,178,179,180,181,182,183,184,185,186,187,188,189,190,191,192,193,194,195,196,197,198,199];False
6803;8966;15769;[115,52,11,3,26,96,18,30,25,94,75,1,12,32,14,15,124,9,16,19,61,41,22,23,24,69,5,27,28,56,63,31,29,33,17,35,36,37,60,39,40,49,42,7,44,45,86,47,48,21,50,51,53,13,54,55,6,57,58,59,2,0,77,46,64,10,66,117,68,106,70,71,72,65,74,84,67,81,80,79,38,73,82,83,76,85,92,87,88,89,4,91,109,93,62,95,8,97,98,99,100,101,102,103,104,105,43,107,108,151,110,111,112,113,114,20,116,34,118,119,120,121,122,123,90,125,126,127,128,129,130,131,132,133,134,135,136,137,138,139,140,141,142,143,144,145,146,147,148,149,150,78,152,153,154,155,156,157,158,159,160,161,162,163,164,165,166,167,168,169,170,171,172,173,174,175,176,177,178,179,180,181,182,183,184,185,186,187,188,189,190,191,192,193,194,195,196,197,198,199];False
6734;8987;15721;[135,52,11,3,26,96,18,30,25,94,75,1,12,32,14,15,124,9,16,19,61,41,22,23,24,69,5,27,28,56,63,31,29,33,17,35,36,37,60,39,40,49,42,7,44,45,86,47,48,21,50,51,53,13,54,55,6,57,58,59,2,0,77,46,64,10,66,117,68,106,70,71,72,65,74,84,67,81,80,79,38,73,82,83,76,85,92,87,88,89,4,91,109,93,62,95,8,97,98,99,100,101,102,103,104,105,43,107,108,151,110,111,112,113,114,115,116,34,118,119,120,121,122,123,90,125,126,127,128,129,130,131,132,133,134,20,136,137,138,139,140,141,142,143,144,145,146,147,148,149,150,78,152,153,154,155,156,157,158,159,160,161,162,163,164,165,166,167,168,169,170,171,172,173,174,175,176,177,178,179,180,181,182,183,184,185,186,187,188,189,190,191,192,193,194,195,196,197,198,199];False
6849;8942;15791;[141,52,11,3,26,96,18,30,25,94,75,1,12,32,14,15,124,9,16,19,61,41,22,23,24,69,5,27,28,56,63,31,29,33,17,35,36,37,60,39,40,49,42,7,44,45,86,47,48,21,50,51,53,13,54,55,6,57,58,59,2,0,77,46,64,10,66,117,68,106,70,71,72,65,74,84,67,81,80,79,38,73,82,83,76,85,92,87,88,89,4,91,109,93,62,95,8,97,98,99,100,101,102,103,104,105,43,107,108,151,110,111,112,113,114,115,116,34,118,119,120,121,122,123,90,125,126,127,128,129,130,131,132,133,134,135,136,137,138,139,140,20,142,143,144,145,146,147,148,149,150,78,152,153,154,155,156,157,158,159,160,161,162,163,164,165,166,167,168,169,170,171,172,173,174,175,176,177,178,179,180,181,182,183,184,185,186,187,188,189,190,191,192,193,194,195,196,197,198,199];False
6723;9004;15727;[8,52,11,3,26,96,18,30,25,94,75,1,12,32,14,15,124,9,16,19,61,41,22,23,24,69,5,27,28,56,63,31,29,33,17,35,36,37,60,39,40,49,42,7,44,45,86,47,48,21,50,51,53,13,54,55,6,57,58,59,2,0,77,46,64,10,66,117,68,20,70,71,72,65,74,84,67,81,80,79,38,73,82,83,76,85,92,87,88,89,4,91,109,93,62,95,121,97,98,99,100,101,102,103,104,105,43,107,108,151,110,111,112,113,114,115,116,34,118,119,120,106,122,123,90,125,126,127,128,129,130,131,132,133,134,135,136,137,138,139,140,141,142,143,144,145,146,147,148,149,150,78,152,153,154,155,156,157,158,159,160,161,162,163,164,165,166,167,168,169,170,171,172,173,174,175,176,177,178,179,180,181,182,183,184,185,186,187,188,189,190,191,192,193,194,195,196,197,198,199];False
6749;8974;15723;[43,52,11,3,26,96,18,30,25,94,75,1,12,32,14,15,124,9,16,19,61,41,22,23,24,69,5,27,28,56,63,31,29,33,17,35,36,37,60,39,40,49,42,7,44,45,86,47,48,21,50,51,53,13,54,55,6,57,58,59,2,0,77,46,64,10,66,117,68,20,70,71,72,65,74,84,67,81,80,79,38,73,82,83,76,85,92,87,88,89,4,91,109,93,62,95,8,97,98,99,100,101,102,103,104,105,121,107,108,151,110,111,112,113,114,115,116,34,118,119,120,106,122,123,90,125,126,127,128,129,130,131,132,133,134,135,136,137,138,139,140,141,142,143,144,145,146,147,148,149,150,78,152,153,154,155,156,157,158,159,160,161,162,163,164,165,166,167,168,169,170,171,172,173,174,175,176,177,178,179,180,181,182,183,184,185,186,187,188,189,190,191,192,193,194,195,196,197,198,199];False
6686;8982;15668;[115,52,11,3,26,96,18,30,25,94,75,1,12,32,14,15,124,9,16,19,61,41,22,23,24,69,5,27,28,56,63,31,29,33,17,35,36,37,60,39,40,49,42,7,44,45,86,47,48,21,50,51,53,13,54,55,6,57,58,59,2,0,77,46,64,10,66,117,68,20,70,71,72,65,74,84,67,81,80,79,38,73,82,83,76,85,92,87,88,89,4,91,109,93,62,95,8,97,98,99,100,101,102,103,104,105,43,107,108,151,110,111,112,113,114,121,116,34,118,119,120,106,122,123,90,125,126,127,128,129,130,131,132,133,134,135,136,137,138,139,140,141,142,143,144,145,146,147,148,149,150,78,152,153,154,155,156,157,158,159,160,161,162,163,164,165,166,167,168,169,170,171,172,173,174,175,176,177,178,179,180,181,182,183,184,185,186,187,188,189,190,191,192,193,194,195,196,197,198,199];False
6636;9023;15659;[61,52,11,3,26,96,18,30,25,94,75,1,12,32,14,15,124,9,16,19,139,41,22,23,24,69,5,27,28,56,63,31,29,33,17,35,36,37,60,39,40,49,42,7,44,45,86,47,48,21,50,51,53,13,54,55,6,57,58,59,2,0,77,46,64,10,66,117,68,20,70,71,72,65,74,84,67,81,80,79,38,73,82,83,76,85,92,87,88,89,4,91,109,93,62,95,8,97,98,99,100,101,102,103,104,105,43,107,108,151,110,111,112,113,114,115,116,34,118,119,120,121,122,123,90,125,126,127,128,129,130,131,132,133,134,135,136,137,138,106,140,141,142,143,144,145,146,147,148,149,150,78,152,153,154,155,156,157,158,159,160,161,162,163,164,165,166,167,168,169,170,171,172,173,174,175,176,177,178,179,180,181,182,183,184,185,186,187,188,189,190,191,192,193,194,195,196,197,198,199];False
6740;8969;15709;[28,52,11,3,26,96,18,30,25,94,75,1,12,32,14,15,124,9,16,19,61,41,22,23,24,69,5,27,139,56,63,31,29,33,17,35,36,37,60,39,40,49,42,7,44,45,86,47,48,21,50,51,53,13,54,55,6,57,58,59,2,0,77,46,64,10,66,117,68,20,70,71,72,65,74,84,67,81,80,79,38,73,82,83,76,85,92,87,88,89,4,91,109,93,62,95,8,97,98,99,100,101,102,103,104,105,43,107,108,151,110,111,112,113,114,115,116,34,118,119,120,121,122,123,90,125,126,127,128,129,130,131,132,133,134,135,136,137,138,106,140,141,142,143,144,145,146,147,148,149,150,78,152,153,154,155,156,157,158,159,160,161,162,163,164,165,166,167,168,169,170,171,172,173,174,175,176,177,178,179,180,181,182,183,184,185,186,187,188,189,190,191,192,193,194,195,196,197,198,199];False
6656;9006;15662;[33,52,11,3,26,96,18,30,25,94,75,1,12,32,14,15,124,9,16,19,61,41,22,23,24,69,5,27,28,56,63,31,29,139,17,35,36,37,60,39,40,49,42,7,44,45,86,47,48,21,50,51,53,13,54,55,6,57,58,59,2,0,77,46,64,10,66,117,68,20,70,71,72,65,74,84,67,81,80,79,38,73,82,83,76,85,92,87,88,89,4,91,109,93,62,95,8,97,98,99,100,101,102,103,104,105,43,107,108,151,110,111,112,113,114,115,116,34,118,119,120,121,122,123,90,125,126,127,128,129,130,131,132,133,134,135,136,137,138,106,140,141,142,143,144,145,146,147,148,149,150,78,152,153,154,155,156,157,158,159,160,161,162,163,164,165,166,167,168,169,170,171,172,173,174,175,176,177,178,179,180,181,182,183,184,185,186,187,188,189,190,191,192,193,194,195,196,197,198,199];False
6795;8911;15706;[52,141,11,3,26,96,18,30,25,94,75,1,12,32,14,15,124,9,16,19,61,41,22,23,24,69,5,27,28,56,63,31,29,33,17,35,36,37,60,39,40,49,42,7,44,45,86,47,48,21,50,51,53,13,54,55,6,57,58,59,2,0,77,46,64,10,66,117,68,20,70,71,72,65,74,84,67,81,80,79,38,73,82,83,76,85,92,87,88,89,4,91,109,93,62,95,8,97,98,99,100,101,102,103,104,105,43,107,108,151,110,111,112,113,114,115,116,34,118,119,120,121,122,123,90,125,126,127,128,129,130,131,132,133,134,135,136,137,138,139,140,106,142,143,144,145,146,147,148,149,150,78,152,153,154,155,156,157,158,159,160,161,162,163,164,165,166,167,168,169,170,171,172,173,174,175,176,177,178,179,180,181,182,183,184,185,186,187,188,189,190,191,192,193,194,195,196,197,198,199];False
6552;9129;15681;[22,52,11,3,26,43,18,30,132,9,33,1,12,32,14,15,124,94,93,19,61,41,36,23,24,69,5,27,16,56,63,31,29,155,17,35,25,37,60,39,40,49,42,7,44,45,86,47,48,28,4,51,53,13,54,55,6,57,58,59,2,0,62,46,64,10,66,117,68,20,70,71,72,65,74,75,67,77,80,79,38,81,82,83,76,85,92,87,88,89,73,91,109,8,84,95,96,97,98,99,100,101,102,103,104,105,106,107,108,151,110,111,112,113,114,115,116,34,118,119,120,121,122,123,90,125,126,127,128,129,130,131,78,133,134,135,136,137,138,139,140,141,142,143,144,145,146,147,148,149,150,21,152,153,154,50,156,157,158,159,160,161,162,163,164,165,166,167,168,169,170,171,172,173,174,175,176,177,178,179,180,181,182,183,184,185,186,187,188,189,190,191,192,193,194,195,196,197,198,199];False
6559;9112;15671;[62,52,11,3,26,43,18,30,132,9,33,1,12,32,14,15,124,94,93,19,61,41,22,23,24,69,5,27,16,56,63,31,29,155,17,35,25,37,60,39,40,49,42,7,44,45,86,47,48,28,4,51,53,13,54,55,6,57,58,59,2,0,36,46,64,10,66,117,68,20,70,71,72,65,74,75,67,77,80,79,38,81,82,83,76,85,92,87,88,89,73,91,109,8,84,95,96,97,98,99,100,101,102,103,104,105,106,107,108,151,110,111,112,113,114,115,116,34,118,119,120,121,122,123,90,125,126,127,128,129,130,131,78,133,134,135,136,137,138,139,140,141,142,143,144,145,146,147,148,149,150,21,152,153,154,50,156,157,158,159,160,161,162,163,164,165,166,167,168,169,170,171,172,173,174,175,176,177,178,179,180,181,182,183,184,185,186,187,188,189,190,191,192,193,194,195,196,197,198,199];False
6539;9121;15660;[81,52,11,3,26,43,18,30,132,9,33,1,12,32,14,15,124,94,93,19,61,41,22,23,24,69,5,27,16,56,63,31,29,155,17,35,25,37,60,39,40,49,42,7,44,45,86,47,48,28,4,51,53,13,54,55,6,57,58,59,2,0,62,46,64,10,66,117,68,20,70,71,72,65,74,75,67,77,80,79,38,36,82,83,76,85,92,87,88,89,73,91,109,8,84,95,96,97,98,99,100,101,102,103,104,105,106,107,108,151,110,111,112,113,114,115,116,34,118,119,120,121,122,123,90,125,126,127,128,129,130,131,78,133,134,135,136,137,138,139,140,141,142,143,144,145,146,147,148,149,150,21,152,153,154,50,156,157,158,159,160,161,162,163,164,165,166,167,168,169,170,171,172,173,174,175,176,177,178,179,180,181,182,183,184,185,186,187,188,189,190,191,192,193,194,195,196,197,198,199];False
6587;9105;15692;[85,52,11,3,26,43,18,30,25,9,33,1,12,32,14,15,124,94,93,19,61,41,22,23,24,69,5,27,16,56,63,31,29,155,17,35,36,37,60,39,40,49,42,7,44,45,86,47,48,28,4,51,53,13,46,55,6,57,58,59,2,0,62,144,64,10,66,117,68,20,70,71,72,65,74,75,67,77,80,79,38,81,82,83,76,54,92,87,88,89,73,91,109,8,84,95,96,97,98,99,100,101,102,103,104,105,106,107,108,151,110,111,112,113,114,115,116,34,118,119,120,121,122,123,90,125,126,127,128,129,130,131,132,133,134,135,136,137,138,139,140,141,142,143,78,145,146,147,148,149,150,21,152,153,154,50,156,157,158,159,160,161,162,163,164,165,166,167,168,169,170,171,172,173,174,175,176,177,178,179,180,181,182,183,184,185,186,187,188,189,190,191,192,193,194,195,196,197,198,199];False
6604;9053;15657;[108,52,11,3,26,43,18,30,25,9,33,1,12,32,14,15,124,94,93,19,61,41,22,23,24,69,5,27,16,56,63,31,29,155,17,35,36,37,60,39,40,49,42,7,44,45,86,47,48,28,4,51,53,13,46,55,6,57,58,59,2,0,62,144,64,10,66,117,68,20,70,71,72,65,74,75,67,77,80,79,38,81,82,83,76,85,92,87,88,89,73,91,109,8,84,95,96,97,98,99,100,101,102,103,104,105,106,107,54,151,110,111,112,113,114,115,116,34,118,119,120,121,122,123,90,125,126,127,128,129,130,131,132,133,134,135,136,137,138,139,140,141,142,143,78,145,146,147,148,149,150,21,152,153,154,50,156,157,158,159,160,161,162,163,164,165,166,167,168,169,170,171,172,173,174,175,176,177,178,179,180,181,182,183,184,185,186,187,188,189,190,191,192,193,194,195,196,197,198,199];False
6592;9082;15674;[115,52,11,3,26,43,18,30,25,9,33,1,12,32,14,15,124,94,93,19,61,41,22,23,24,69,5,27,16,56,63,31,29,155,17,35,36,37,60,39,40,49,42,7,44,45,86,47,48,28,4,51,53,13,46,55,6,57,58,59,2,0,62,144,64,10,66,117,68,20,70,71,72,65,74,75,67,77,80,79,38,81,82,83,76,85,92,87,88,89,73,91,109,8,84,95,96,97,98,99,100,101,102,103,104,105,106,107,108,151,110,111,112,113,114,54,116,34,118,119,120,121,122,123,90,125,126,127,128,129,130,131,132,133,134,135,136,137,138,139,140,141,142,143,78,145,146,147,148,149,150,21,152,153,154,50,156,157,158,159,160,161,162,163,164,165,166,167,168,169,170,171,172,173,174,175,176,177,178,179,180,181,182,183,184,185,186,187,188,189,190,191,192,193,194,195,196,197,198,199];False
7115;8766;15881;[23,141,11,3,26,43,18,30,25,9,4,1,12,32,14,15,124,46,174,19,61,41,22,39,24,69,5,27,99,56,63,31,29,33,17,8,36,95,38,85,40,49,42,7,44,45,60,47,48,21,92,51,53,13,54,55,6,57,58,59,2,0,62,96,64,10,66,117,68,20,70,71,72,65,74,75,67,77,76,28,80,81,82,83,52,37,86,87,88,89,73,91,35,93,94,109,84,97,98,79,100,101,16,103,104,105,106,107,108,102,110,111,112,113,114,115,116,34,118,119,120,121,122,123,90,125,126,78,128,129,130,131,132,133,134,135,136,137,138,139,140,50,142,143,144,145,146,147,148,149,150,151,152,153,154,155,156,157,158,159,160,161,162,163,164,165,166,167,168,169,170,171,172,173,127,175,176,177,178,179,180,181,182,183,184,185,186,187,188,189,190,191,192,193,194,195,196,197,198,199];False
7098;8801;15899;[69,141,11,3,26,43,18,30,25,9,4,1,12,32,14,15,124,46,174,19,61,41,22,23,24,39,5,27,99,56,63,31,29,33,17,8,36,95,38,85,40,49,42,7,44,45,60,47,48,21,92,51,53,13,54,55,6,57,58,59,2,0,62,96,64,10,66,117,68,20,70,71,72,65,74,75,67,77,76,28,80,81,82,83,52,37,86,87,88,89,73,91,35,93,94,109,84,97,98,79,100,101,16,103,104,105,106,107,108,102,110,111,112,113,114,115,116,34,118,119,120,121,122,123,90,125,126,78,128,129,130,131,132,133,134,135,136,137,138,139,140,50,142,143,144,145,146,147,148,149,150,151,152,153,154,155,156,157,158,159,160,161,162,163,164,165,166,167,168,169,170,171,172,173,127,175,176,177,178,179,180,181,182,183,184,185,186,187,188,189,190,191,192,193,194,195,196,197,198,199];False
7041;8800;15841;[47,141,11,3,26,43,18,30,25,9,4,1,12,32,14,15,124,46,174,19,61,41,22,23,24,69,5,27,99,56,63,31,29,33,17,8,36,95,38,85,40,49,42,7,44,45,60,39,48,21,92,51,53,13,54,55,6,57,58,59,2,0,62,96,64,10,66,117,68,20,70,71,72,65,74,75,67,77,76,28,80,81,82,83,52,37,86,87,88,89,73,91,35,93,94,109,84,97,98,79,100,101,16,103,104,105,106,107,108,102,110,111,112,113,114,115,116,34,118,119,120,121,122,123,90,125,126,78,128,129,130,131,132,133,134,135,136,137,138,139,140,50,142,143,144,145,146,147,148,149,150,151,152,153,154,155,156,157,158,159,160,161,162,163,164,165,166,167,168,169,170,171,172,173,127,175,176,177,178,179,180,181,182,183,184,185,186,187,188,189,190,191,192,193,194,195,196,197,198,199];False
7084;8778;15862;[64,141,11,3,26,43,18,30,25,9,4,1,12,32,14,15,124,46,174,19,61,41,22,23,24,69,5,27,99,56,63,31,29,33,17,8,36,95,38,85,40,49,42,7,44,45,60,47,48,21,92,51,53,13,54,55,6,57,58,59,2,0,62,96,39,10,66,117,68,20,70,71,72,65,74,75,67,77,76,28,80,81,82,83,52,37,86,87,88,89,73,91,35,93,94,109,84,97,98,79,100,101,16,103,104,105,106,107,108,102,110,111,112,113,114,115,116,34,118,119,120,121,122,123,90,125,126,78,128,129,130,131,132,133,134,135,136,137,138,139,140,50,142,143,144,145,146,147,148,149,150,151,152,153,154,155,156,157,158,159,160,161,162,163,164,165,166,167,168,169,170,171,172,173,127,175,176,177,178,179,180,181,182,183,184,185,186,187,188,189,190,191,192,193,194,195,196,197,198,199];False
7130;8760;15890;[76,141,11,3,26,43,18,30,25,9,4,1,12,32,14,15,124,46,174,19,61,41,22,23,24,69,5,27,99,56,63,31,29,33,17,8,36,95,38,85,40,49,42,7,44,45,60,47,48,21,92,51,53,13,54,55,6,57,58,59,2,0,62,96,64,10,66,117,68,20,70,71,72,65,74,75,67,77,39,28,80,81,82,83,52,37,86,87,88,89,73,91,35,93,94,109,84,97,98,79,100,101,16,103,104,105,106,107,108,102,110,111,112,113,114,115,116,34,118,119,120,121,122,123,90,125,126,78,128,129,130,131,132,133,134,135,136,137,138,139,140,50,142,143,144,145,146,147,148,149,150,151,152,153,154,155,156,157,158,159,160,161,162,163,164,165,166,167,168,169,170,171,172,173,127,175,176,177,178,179,180,181,182,183,184,185,186,187,188,189,190,191,192,193,194,195,196,197,198,199];False
7121;8729;15850;[82,141,11,3,26,43,18,30,25,9,4,1,12,32,14,15,124,46,174,19,61,41,22,23,24,69,5,27,99,56,63,31,29,33,17,8,36,95,38,85,40,49,42,7,44,45,60,47,48,21,92,51,53,13,54,55,6,57,58,59,2,0,62,96,64,10,66,117,68,20,70,71,72,65,74,75,67,77,76,28,80,81,39,83,52,37,86,87,88,89,73,91,35,93,94,109,84,97,98,79,100,101,16,103,104,105,106,107,108,102,110,111,112,113,114,115,116,34,118,119,120,121,122,123,90,125,126,78,128,129,130,131,132,133,134,135,136,137,138,139,140,50,142,143,144,145,146,147,148,149,150,151,152,153,154,155,156,157,158,159,160,161,162,163,164,165,166,167,168,169,170,171,172,173,127,175,176,177,178,179,180,181,182,183,184,185,186,187,188,189,190,191,192,193,194,195,196,197,198,199];False
7099;8776;15875;[52,141,11,3,26,43,18,30,25,9,4,1,12,32,14,15,124,46,174,19,61,41,22,23,24,69,5,27,99,56,63,31,29,33,17,8,36,95,38,85,40,49,42,7,44,45,60,47,48,21,92,51,53,13,54,55,6,57,58,59,2,0,62,96,64,10,66,117,68,20,70,71,72,65,74,75,67,77,76,28,80,81,82,83,39,37,86,87,88,89,73,91,35,93,94,109,84,97,98,79,100,101,16,103,104,105,106,107,108,102,110,111,112,113,114,115,116,34,118,119,120,121,122,123,90,125,126,78,128,129,130,131,132,133,134,135,136,137,138,139,140,50,142,143,144,145,146,147,148,149,150,151,152,153,154,155,156,157,158,159,160,161,162,163,164,165,166,167,168,169,170,171,172,173,127,175,176,177,178,179,180,181,182,183,184,185,186,187,188,189,190,191,192,193,194,195,196,197,198,199];False
7213;8721;15934;[114,141,11,3,26,43,18,30,25,9,4,1,12,32,14,15,124,46,174,19,61,41,22,23,24,69,5,27,99,56,63,31,29,33,17,8,36,95,38,39,40,49,42,7,44,45,60,47,48,21,92,51,53,13,54,55,6,57,58,59,2,0,62,79,64,10,66,117,68,20,70,71,72,65,74,75,67,77,76,28,80,81,82,83,52,85,86,87,88,89,73,91,35,93,94,37,84,97,98,96,100,101,16,103,104,105,106,107,108,102,110,111,112,113,109,115,116,34,118,119,120,121,122,123,90,125,126,78,128,129,130,131,132,133,134,135,136,137,138,139,140,50,142,143,144,145,146,147,148,149,150,151,152,153,154,155,156,157,158,159,160,161,162,163,164,165,166,167,168,169,170,171,172,173,127,175,176,177,178,179,180,181,182,183,184,185,186,187,188,189,190,191,192,193,194,195,196,197,198,199];False
7241;8712;15953;[10,141,11,3,26,43,18,30,25,9,4,1,12,32,14,15,124,46,174,19,61,41,22,23,24,69,5,27,99,56,63,31,29,33,17,8,36,95,38,39,40,49,42,7,44,45,60,47,48,21,92,51,53,13,54,55,6,57,58,59,2,0,62,114,64,79,66,117,68,20,70,71,72,65,74,75,67,77,76,28,80,81,82,83,52,85,86,87,88,89,73,91,35,93,94,37,84,97,98,96,100,101,16,103,104,105,106,107,108,102,110,111,112,113,109,115,116,34,118,119,120,121,122,123,90,125,126,78,128,129,130,131,132,133,134,135,136,137,138,139,140,50,142,143,144,145,146,147,148,149,150,151,152,153,154,155,156,157,158,159,160,161,162,163,164,165,166,167,168,169,170,171,172,173,127,175,176,177,178,179,180,181,182,183,184,185,186,187,188,189,190,191,192,193,194,195,196,197,198,199];False
7173;8728;15901;[77,141,11,3,26,43,18,30,25,9,4,1,12,32,14,15,124,46,174,19,61,41,22,23,24,69,5,27,99,56,63,31,29,33,17,8,36,95,38,39,40,49,42,7,44,45,60,47,48,21,92,51,53,13,54,55,6,57,58,59,2,0,62,114,64,10,66,117,68,20,70,71,72,65,74,75,67,79,76,28,80,81,82,83,52,85,86,87,88,89,73,91,35,93,94,37,84,97,98,96,100,101,16,103,104,105,106,107,108,102,110,111,112,113,109,115,116,34,118,119,120,121,122,123,90,125,126,78,128,129,130,131,132,133,134,135,136,137,138,139,140,50,142,143,144,145,146,147,148,149,150,151,152,153,154,155,156,157,158,159,160,161,162,163,164,165,166,167,168,169,170,171,172,173,127,175,176,177,178,179,180,181,182,183,184,185,186,187,188,189,190,191,192,193,194,195,196,197,198,199];False
7204;8727;15931;[131,141,11,3,26,43,18,30,25,9,4,1,12,32,14,15,124,46,174,19,61,41,22,23,24,69,5,27,99,56,63,31,29,33,17,8,36,95,38,39,40,49,42,7,44,45,60,47,48,21,92,51,53,13,54,55,6,57,58,59,2,0,62,114,64,10,66,117,68,20,70,71,72,65,74,75,67,77,76,28,80,81,82,83,52,85,86,87,88,89,73,91,35,93,94,37,84,97,98,96,100,101,16,103,104,105,106,107,108,102,110,111,112,113,109,115,116,34,118,119,120,121,122,123,90,125,126,78,128,129,130,79,132,133,134,135,136,137,138,139,140,50,142,143,144,145,146,147,148,149,150,151,152,153,154,155,156,157,158,159,160,161,162,163,164,165,166,167,168,169,170,171,172,173,127,175,176,177,178,179,180,181,182,183,184,185,186,187,188,189,190,191,192,193,194,195,196,197,198,199];False
7194;8717;15911;[149,141,11,3,26,43,18,30,25,9,4,1,12,32,14,15,124,46,174,19,61,41,22,23,24,69,5,27,99,56,63,31,29,33,17,8,36,95,38,39,40,49,42,7,44,45,60,47,48,21,92,51,53,13,54,55,6,57,58,59,2,0,62,114,64,10,66,117,68,20,70,71,72,65,74,75,67,77,76,28,80,81,82,83,52,85,86,87,88,89,73,91,35,93,94,37,84,97,98,96,100,101,16,103,104,105,106,107,108,102,110,111,112,113,109,115,116,34,118,119,120,121,122,123,90,125,126,78,128,129,130,131,132,133,134,135,136,137,138,139,140,50,142,143,144,145,146,147,148,79,150,151,152,153,154,155,156,157,158,159,160,161,162,163,164,165,166,167,168,169,170,171,172,173,127,175,176,177,178,179,180,181,182,183,184,185,186,187,188,189,190,191,192,193,194,195,196,197,198,199];False
7301;8678;15979;[4,141,11,3,26,43,18,30,25,9,142,1,12,32,14,15,124,46,174,19,61,41,22,23,24,69,5,27,99,56,63,31,29,33,17,8,36,95,38,39,40,49,42,7,44,45,60,47,48,21,92,51,53,13,54,55,6,57,58,59,2,0,62,96,64,10,66,117,68,20,70,71,72,65,74,75,67,77,76,28,80,81,114,83,52,85,86,87,88,89,73,91,35,93,94,37,84,97,98,79,100,101,16,103,104,105,106,107,108,102,110,111,112,113,109,115,116,34,118,119,120,121,122,123,90,125,126,78,128,129,130,131,132,133,134,135,136,137,138,139,140,50,82,143,144,145,146,147,148,149,150,151,152,153,154,155,156,157,158,159,160,161,162,163,164,165,166,167,168,169,170,171,172,173,127,175,176,177,178,179,180,181,182,183,184,185,186,187,188,189,190,191,192,193,194,195,196,197,198,199];False
7220;8706;15926;[14,141,11,3,26,43,18,30,25,9,4,1,12,32,142,15,124,46,174,19,61,41,22,23,24,69,5,27,99,56,63,31,29,33,17,8,36,95,38,39,40,49,42,7,44,45,60,47,48,21,92,51,53,13,54,55,6,57,58,59,2,0,62,96,64,10,66,117,68,20,70,71,72,65,74,75,67,77,76,28,80,81,114,83,52,85,86,87,88,89,73,91,35,93,94,37,84,97,98,79,100,101,16,103,104,105,106,107,108,102,110,111,112,113,109,115,116,34,118,119,120,121,122,123,90,125,126,78,128,129,130,131,132,133,134,135,136,137,138,139,140,50,82,143,144,145,146,147,148,149,150,151,152,153,154,155,156,157,158,159,160,161,162,163,164,165,166,167,168,169,170,171,172,173,127,175,176,177,178,179,180,181,182,183,184,185,186,187,188,189,190,191,192,193,194,195,196,197,198,199];False
7295;8679;15974;[19,141,11,3,26,43,18,30,25,9,4,1,12,32,14,15,124,46,174,142,61,41,22,23,24,69,5,27,99,56,63,31,29,33,17,8,36,95,38,39,40,49,42,7,44,45,60,47,48,21,92,51,53,13,54,55,6,57,58,59,2,0,62,96,64,10,66,117,68,20,70,71,72,65,74,75,67,77,76,28,80,81,114,83,52,85,86,87,88,89,73,91,35,93,94,37,84,97,98,79,100,101,16,103,104,105,106,107,108,102,110,111,112,113,109,115,116,34,118,119,120,121,122,123,90,125,126,78,128,129,130,131,132,133,134,135,136,137,138,139,140,50,82,143,144,145,146,147,148,149,150,151,152,153,154,155,156,157,158,159,160,161,162,163,164,165,166,167,168,169,170,171,172,173,127,175,176,177,178,179,180,181,182,183,184,185,186,187,188,189,190,191,192,193,194,195,196,197,198,199];False
7198;8712;15910;[92,141,11,3,26,43,18,30,25,9,4,1,12,32,14,15,124,46,174,19,61,41,22,23,24,69,5,27,99,56,63,31,29,33,17,8,36,95,38,39,40,49,42,7,44,45,60,47,48,21,142,51,53,13,54,55,6,57,58,59,2,0,62,96,64,10,66,117,68,20,70,71,72,65,74,75,67,77,76,28,80,81,114,83,52,85,86,87,88,89,73,91,35,93,94,37,84,97,98,79,100,101,16,103,104,105,106,107,108,102,110,111,112,113,109,115,116,34,118,119,120,121,122,123,90,125,126,78,128,129,130,131,132,133,134,135,136,137,138,139,140,50,82,143,144,145,146,147,148,149,150,151,152,153,154,155,156,157,158,159,160,161,162,163,164,165,166,167,168,169,170,171,172,173,127,175,176,177,178,179,180,181,182,183,184,185,186,187,188,189,190,191,192,193,194,195,196,197,198,199];False
7273;8685;15958;[66,141,11,3,26,43,18,30,25,9,4,1,12,32,14,15,124,46,174,19,61,41,22,23,24,69,5,27,99,56,63,31,29,33,17,8,36,95,38,39,40,49,42,7,44,45,60,47,48,21,92,51,53,13,54,55,6,57,58,59,2,0,62,96,64,10,142,117,68,20,70,71,72,65,74,75,67,77,76,28,80,81,114,83,52,85,86,87,88,89,73,91,35,93,94,37,84,97,98,79,100,101,16,103,104,105,106,107,108,102,110,111,112,113,109,115,116,34,118,119,120,121,122,123,90,125,126,78,128,129,130,131,132,133,134,135,136,137,138,139,140,50,82,143,144,145,146,147,148,149,150,151,152,153,154,155,156,157,158,159,160,161,162,163,164,165,166,167,168,169,170,171,172,173,127,175,176,177,178,179,180,181,182,183,184,185,186,187,188,189,190,191,192,193,194,195,196,197,198,199];False
7292;8683;15975;[74,141,11,3,26,43,18,30,25,9,4,1,12,32,14,15,124,46,174,19,61,41,22,23,24,69,5,27,99,56,63,31,29,33,17,8,36,95,38,39,40,49,42,7,44,45,60,47,48,21,92,51,53,13,54,55,6,57,58,59,2,0,62,96,64,10,66,117,68,20,70,71,72,65,142,75,67,77,76,28,80,81,114,83,52,85,86,87,88,89,73,91,35,93,94,37,84,97,98,79,100,101,16,103,104,105,106,107,108,102,110,111,112,113,109,115,116,34,118,119,120,121,122,123,90,125,126,78,128,129,130,131,132,133,134,135,136,137,138,139,140,50,82,143,144,145,146,147,148,149,150,151,152,153,154,155,156,157,158,159,160,161,162,163,164,165,166,167,168,169,170,171,172,173,127,175,176,177,178,179,180,181,182,183,184,185,186,187,188,189,190,191,192,193,194,195,196,197,198,199];False
7270;8686;15956;[75,141,11,3,26,43,18,30,25,9,4,1,12,32,14,15,124,46,174,19,61,41,22,23,24,69,5,27,99,56,63,31,29,33,17,8,36,95,38,39,40,49,42,7,44,45,60,47,48,21,92,51,53,13,54,55,6,57,58,59,2,0,62,96,64,10,66,117,68,20,70,71,72,65,74,142,67,77,76,28,80,81,114,83,52,85,86,87,88,89,73,91,35,93,94,37,84,97,98,79,100,101,16,103,104,105,106,107,108,102,110,111,112,113,109,115,116,34,118,119,120,121,122,123,90,125,126,78,128,129,130,131,132,133,134,135,136,137,138,139,140,50,82,143,144,145,146,147,148,149,150,151,152,153,154,155,156,157,158,159,160,161,162,163,164,165,166,167,168,169,170,171,172,173,127,175,176,177,178,179,180,181,182,183,184,185,186,187,188,189,190,191,192,193,194,195,196,197,198,199];False
7273;8683;15956;[76,141,11,3,26,43,18,30,25,9,4,1,12,32,14,15,124,46,174,19,61,41,22,23,24,69,5,27,99,56,63,31,29,33,17,8,36,95,38,39,40,49,42,7,44,45,60,47,48,21,92,51,53,13,54,55,6,57,58,59,2,0,62,96,64,10,66,117,68,20,70,71,72,65,74,75,67,77,142,28,80,81,114,83,52,85,86,87,88,89,73,91,35,93,94,37,84,97,98,79,100,101,16,103,104,105,106,107,108,102,110,111,112,113,109,115,116,34,118,119,120,121,122,123,90,125,126,78,128,129,130,131,132,133,134,135,136,137,138,139,140,50,82,143,144,145,146,147,148,149,150,151,152,153,154,155,156,157,158,159,160,161,162,163,164,165,166,167,168,169,170,171,172,173,127,175,176,177,178,179,180,181,182,183,184,185,186,187,188,189,190,191,192,193,194,195,196,197,198,199];False
7237;8693;15930;[88,141,11,3,26,43,18,30,25,9,4,1,12,32,14,15,124,46,174,19,61,41,22,23,24,69,5,27,99,56,63,31,29,33,17,8,36,95,38,39,40,49,42,7,44,45,60,47,48,21,92,51,53,13,54,55,6,57,58,59,2,0,62,96,64,10,66,117,68,20,70,71,72,65,74,75,67,77,76,28,80,81,114,83,52,85,86,87,142,89,73,91,35,93,94,37,84,97,98,79,100,101,16,103,104,105,106,107,108,102,110,111,112,113,109,115,116,34,118,119,120,121,122,123,90,125,126,78,128,129,130,131,132,133,134,135,136,137,138,139,140,50,82,143,144,145,146,147,148,149,150,151,152,153,154,155,156,157,158,159,160,161,162,163,164,165,166,167,168,169,170,171,172,173,127,175,176,177,178,179,180,181,182,183,184,185,186,187,188,189,190,191,192,193,194,195,196,197,198,199];False
7383;8665;16048;[73,141,11,3,26,43,18,30,25,9,4,1,12,32,14,15,124,46,174,19,61,41,22,23,24,69,5,27,99,56,63,31,29,33,17,8,36,95,38,39,40,49,42,7,44,45,60,47,48,21,92,51,53,13,54,55,6,57,58,59,2,0,62,96,64,10,66,117,68,20,70,71,72,65,74,75,67,77,76,28,80,81,114,83,52,85,86,87,88,89,142,91,35,93,94,37,84,97,98,79,100,101,16,103,104,105,106,107,108,102,110,111,112,113,109,115,116,34,118,119,120,121,122,123,90,125,126,78,128,129,130,131,132,133,134,135,136,137,138,139,140,50,82,143,144,145,146,147,148,149,150,151,152,153,154,155,156,157,158,159,160,161,162,163,164,165,166,167,168,169,170,171,172,173,127,175,176,177,178,179,180,181,182,183,184,185,186,187,188,189,190,191,192,193,194,195,196,197,198,199];False
7218;8701;15919;[37,141,11,3,26,43,18,30,25,9,4,1,12,32,14,15,124,46,174,19,61,41,22,23,24,69,5,27,99,56,63,31,29,33,17,8,36,95,38,39,40,49,42,7,44,45,60,47,48,21,92,51,53,13,54,55,6,57,58,59,2,0,62,96,64,10,66,117,68,20,70,71,72,65,74,75,67,77,76,28,80,81,114,83,52,85,86,87,88,89,73,91,35,93,94,142,84,97,98,79,100,101,16,103,104,105,106,107,108,102,110,111,112,113,109,115,116,34,118,119,120,121,122,123,90,125,126,78,128,129,130,131,132,133,134,135,136,137,138,139,140,50,82,143,144,145,146,147,148,149,150,151,152,153,154,155,156,157,158,159,160,161,162,163,164,165,166,167,168,169,170,171,172,173,127,175,176,177,178,179,180,181,182,183,184,185,186,187,188,189,190,191,192,193,194,195,196,197,198,199];False
7207;8688;15895;[84,141,11,3,26,43,18,30,25,9,4,1,12,32,14,15,124,46,174,19,61,41,22,23,24,69,5,27,99,56,63,31,29,33,17,8,36,95,38,39,40,49,42,7,44,45,60,47,48,21,92,51,53,13,54,55,6,57,58,59,2,0,62,96,64,10,66,117,68,20,70,71,72,65,74,75,67,77,76,28,80,81,114,83,52,85,86,87,88,89,73,91,35,93,94,37,142,97,98,79,100,101,16,103,104,105,106,107,108,102,110,111,112,113,109,115,116,34,118,119,120,121,122,123,90,125,126,78,128,129,130,131,132,133,134,135,136,137,138,139,140,50,82,143,144,145,146,147,148,149,150,151,152,153,154,155,156,157,158,159,160,161,162,163,164,165,166,167,168,169,170,171,172,173,127,175,176,177,178,179,180,181,182,183,184,185,186,187,188,189,190,191,192,193,194,195,196,197,198,199];False
7452;8637;16089;[18,141,11,3,26,43,158,30,25,9,4,1,12,32,14,15,124,46,174,19,61,41,22,23,24,69,5,27,99,56,63,31,29,33,17,8,36,95,38,39,40,49,42,7,44,45,60,47,48,21,92,51,53,13,54,55,6,57,58,59,2,0,62,96,64,10,66,117,68,20,70,71,72,65,74,75,67,77,76,28,80,81,114,83,52,85,86,87,88,89,73,91,35,93,94,37,84,97,98,79,100,101,16,103,104,105,106,107,108,102,110,111,112,113,109,115,116,34,118,119,120,121,122,123,90,125,126,78,128,129,130,131,132,133,134,135,136,137,138,139,140,50,142,143,144,145,146,147,148,149,150,151,152,153,154,155,156,157,82,159,160,161,162,163,164,165,166,167,168,169,170,171,172,173,127,175,176,177,178,179,180,181,182,183,184,185,186,187,188,189,190,191,192,193,194,195,196,197,198,199];False
7392;8638;16030;[49,141,11,3,26,43,18,30,25,9,4,1,12,32,14,15,124,46,174,19,61,41,22,23,24,69,5,27,99,56,63,31,29,33,17,8,36,95,38,39,40,158,42,7,44,45,60,47,48,21,92,51,53,13,54,55,6,57,58,59,2,0,62,96,64,10,66,117,68,20,70,71,72,65,74,75,67,77,76,28,80,81,114,83,52,85,86,87,88,89,73,91,35,93,94,37,84,97,98,79,100,101,16,103,104,105,106,107,108,102,110,111,112,113,109,115,116,34,118,119,120,121,122,123,90,125,126,78,128,129,130,131,132,133,134,135,136,137,138,139,140,50,142,143,144,145,146,147,148,149,150,151,152,153,154,155,156,157,82,159,160,161,162,163,164,165,166,167,168,169,170,171,172,173,127,175,176,177,178,179,180,181,182,183,184,185,186,187,188,189,190,191,192,193,194,195,196,197,198,199];False
7296;8677;15973;[1,141,11,3,26,43,18,30,25,9,4,172,12,32,14,15,124,46,174,19,61,41,22,23,24,69,5,27,99,56,63,31,29,33,17,8,36,95,38,39,40,49,42,7,44,45,60,47,48,21,92,51,53,13,54,55,6,57,58,59,2,0,62,96,64,10,66,117,68,20,70,71,72,65,74,75,67,77,76,28,80,81,114,83,52,85,86,87,88,89,73,91,35,93,94,37,84,97,98,79,100,101,16,103,104,105,106,107,108,102,110,111,112,113,109,115,116,34,118,119,120,121,122,123,90,125,126,78,128,129,130,131,132,133,134,135,136,137,138,139,140,50,142,143,144,145,146,147,148,149,150,151,152,153,154,155,156,157,158,159,160,161,162,163,164,165,166,167,168,169,170,171,82,173,127,175,176,177,178,179,180,181,182,183,184,185,186,187,188,189,190,191,192,193,194,195,196,197,198,199];False
6860;8880;15740;[46,141,11,47,26,43,18,30,25,9,4,1,12,32,3,15,124,94,16,14,61,41,22,23,24,69,5,27,109,56,63,31,29,33,17,8,36,95,38,85,77,49,42,7,44,45,60,39,48,21,92,51,53,13,54,55,6,57,58,59,2,0,62,102,64,10,66,117,68,20,70,71,72,65,74,75,67,28,76,79,80,81,82,83,40,37,86,87,88,89,73,91,35,93,99,114,96,97,98,84,100,101,78,52,104,105,106,107,108,19,110,111,112,113,103,115,116,34,118,119,120,121,122,123,90,125,126,127,128,129,130,131,132,133,134,135,136,137,138,139,140,50,142,143,144,145,146,147,148,149,150,151,152,153,154,155,156,157,158,159,160,161,162,163,164,165,166,167,168,169,170,171,172,173,174,175,176,177,178,179,180,181,182,183,184,185,186,187,188,189,190,191,192,193,194,195,196,197,198,199];False
6994;8835;15829;[64,141,11,47,26,43,18,30,25,105,4,1,12,32,3,15,124,9,16,14,61,41,22,23,24,69,5,27,109,56,63,31,29,33,17,8,36,95,38,85,77,49,42,7,44,45,60,39,48,21,92,51,53,13,54,55,6,57,58,59,2,0,62,46,82,10,66,117,68,20,70,71,72,65,74,75,67,28,76,79,80,81,35,83,40,37,86,87,88,89,73,91,78,93,94,114,96,97,98,84,100,101,102,52,104,99,106,107,108,19,110,111,112,113,103,115,116,34,118,119,120,121,122,123,90,125,126,127,128,129,130,131,132,133,134,135,136,137,138,139,140,50,142,143,144,145,146,147,148,149,150,151,152,153,154,155,156,157,158,159,160,161,162,163,164,165,166,167,168,169,170,171,172,173,174,175,176,177,178,179,180,181,182,183,184,185,186,187,188,189,190,191,192,193,194,195,196,197,198,199];False
6895;8850;15745;[102,141,11,47,26,43,18,30,25,105,4,1,12,32,3,15,124,9,16,14,61,41,22,23,24,69,5,27,109,56,63,31,29,33,17,8,36,95,38,85,77,49,42,7,44,45,60,39,48,21,92,51,53,13,54,55,6,57,58,59,2,0,62,46,64,10,66,117,68,20,70,71,72,65,74,75,67,28,76,79,80,81,82,83,40,37,86,87,88,89,73,91,35,93,94,114,96,97,98,84,100,101,78,52,104,99,106,107,108,19,110,111,112,113,103,115,116,34,118,119,120,121,122,123,90,125,126,127,128,129,130,131,132,133,134,135,136,137,138,139,140,50,142,143,144,145,146,147,148,149,150,151,152,153,154,155,156,157,158,159,160,161,162,163,164,165,166,167,168,169,170,171,172,173,174,175,176,177,178,179,180,181,182,183,184,185,186,187,188,189,190,191,192,193,194,195,196,197,198,199];False
6633;9002;15635;[8,52,11,3,26,96,18,30,25,94,75,1,12,32,14,15,124,9,16,19,61,41,22,23,24,69,5,27,28,56,63,31,29,33,17,35,36,37,60,39,40,49,42,7,44,45,86,47,48,21,50,51,53,13,54,55,6,57,58,59,2,0,77,46,64,10,66,117,68,20,70,71,72,65,74,84,67,81,80,79,38,73,82,83,76,85,92,87,88,89,4,91,109,93,62,95,115,97,98,99,100,101,102,103,104,105,43,107,108,151,110,111,112,113,114,121,116,34,118,119,120,106,122,123,90,125,126,127,128,129,130,131,132,133,134,135,136,137,138,139,140,141,142,143,144,145,146,147,148,149,150,78,152,153,154,155,156,157,158,159,160,161,162,163,164,165,166,167,168,169,170,171,172,173,174,175,176,177,178,179,180,181,182,183,184,185,186,187,188,189,190,191,192,193,194,195,196,197,198,199];False
6670;8986;15656;[100,52,11,3,26,96,18,30,25,94,75,1,12,32,14,15,124,9,16,19,61,41,22,23,24,69,5,27,28,56,63,31,29,33,17,35,36,37,60,39,40,49,42,7,44,45,86,47,48,21,50,51,53,13,54,55,6,57,58,59,2,0,77,46,64,10,66,117,68,20,70,71,72,65,74,84,67,81,80,79,38,73,82,83,76,85,92,87,88,89,4,91,109,93,62,95,8,97,98,99,115,101,102,103,104,105,43,107,108,151,110,111,112,113,114,121,116,34,118,119,120,106,122,123,90,125,126,127,128,129,130,131,132,133,134,135,136,137,138,139,140,141,142,143,144,145,146,147,148,149,150,78,152,153,154,155,156,157,158,159,160,161,162,163,164,165,166,167,168,169,170,171,172,173,174,175,176,177,178,179,180,181,182,183,184,185,186,187,188,189,190,191,192,193,194,195,196,197,198,199];False
6709;8973;15682;[102,52,11,3,26,96,18,30,25,94,75,1,12,32,14,15,124,9,16,19,61,41,22,23,24,69,5,27,28,56,63,31,29,33,17,35,36,37,60,39,40,49,42,7,44,45,86,47,48,21,50,51,53,13,54,55,6,57,58,59,2,0,77,46,64,10,66,117,68,20,70,71,72,65,74,84,67,81,80,79,38,73,82,83,76,85,92,87,88,89,4,91,109,93,62,95,8,97,98,99,100,101,115,103,104,105,43,107,108,151,110,111,112,113,114,121,116,34,118,119,120,106,122,123,90,125,126,127,128,129,130,131,132,133,134,135,136,137,138,139,140,141,142,143,144,145,146,147,148,149,150,78,152,153,154,155,156,157,158,159,160,161,162,163,164,165,166,167,168,169,170,171,172,173,174,175,176,177,178,179,180,181,182,183,184,185,186,187,188,189,190,191,192,193,194,195,196,197,198,199];False
6597;9038;15635;[104,52,11,3,26,96,18,30,25,94,75,1,12,32,14,15,124,9,16,19,61,41,22,23,24,69,5,27,28,56,63,31,29,33,17,35,36,37,60,39,40,49,42,7,44,45,86,47,48,21,50,51,53,13,54,55,6,57,58,59,2,0,77,46,64,10,66,117,68,20,70,71,72,65,74,84,67,81,80,79,38,73,82,83,76,85,92,87,88,89,4,91,109,93,62,95,8,97,98,99,100,101,102,103,115,105,43,107,108,151,110,111,112,113,114,121,116,34,118,119,120,106,122,123,90,125,126,127,128,129,130,131,132,133,134,135,136,137,138,139,140,141,142,143,144,145,146,147,148,149,150,78,152,153,154,155,156,157,158,159,160,161,162,163,164,165,166,167,168,169,170,171,172,173,174,175,176,177,178,179,180,181,182,183,184,185,186,187,188,189,190,191,192,193,194,195,196,197,198,199];False
6672;8970;15642;[108,52,11,3,26,96,18,30,25,94,75,1,12,32,14,15,124,9,16,19,61,41,22,23,24,69,5,27,28,56,63,31,29,33,17,35,36,37,60,39,40,49,42,7,44,45,86,47,48,21,50,51,53,13,54,55,6,57,58,59,2,0,77,46,64,10,66,117,68,20,70,71,72,65,74,84,67,81,80,79,38,73,82,83,76,85,92,87,88,89,4,91,109,93,62,95,8,97,98,99,100,101,102,103,104,105,43,107,115,151,110,111,112,113,114,121,116,34,118,119,120,106,122,123,90,125,126,127,128,129,130,131,132,133,134,135,136,137,138,139,140,141,142,143,144,145,146,147,148,149,150,78,152,153,154,155,156,157,158,159,160,161,162,163,164,165,166,167,168,169,170,171,172,173,174,175,176,177,178,179,180,181,182,183,184,185,186,187,188,189,190,191,192,193,194,195,196,197,198,199];False
6847;8907;15754;[23,141,11,3,26,96,18,30,25,94,75,1,12,32,14,15,124,9,16,19,61,41,22,52,24,69,5,27,28,56,63,31,29,33,17,35,36,37,60,39,40,49,42,7,44,45,86,47,48,21,50,51,53,13,54,55,6,57,58,59,2,0,77,46,64,10,66,117,68,20,70,71,72,65,74,84,67,81,80,79,38,73,82,83,76,85,92,87,88,89,4,91,109,93,62,95,8,97,98,99,100,101,102,103,104,105,43,107,108,151,110,111,112,113,114,115,116,34,118,119,120,121,122,123,90,125,126,127,128,129,130,131,132,133,134,135,136,137,138,139,140,106,142,143,144,145,146,147,148,149,150,78,152,153,154,155,156,157,158,159,160,161,162,163,164,165,166,167,168,169,170,171,172,173,174,175,176,177,178,179,180,181,182,183,184,185,186,187,188,189,190,191,192,193,194,195,196,197,198,199];False
6795;8895;15690;[37,141,11,3,26,96,18,30,25,94,75,1,12,32,14,15,124,9,16,19,61,41,22,23,24,69,5,27,28,56,63,31,29,33,17,35,36,52,60,39,40,49,42,7,44,45,86,47,48,21,50,51,53,13,54,55,6,57,58,59,2,0,77,46,64,10,66,117,68,20,70,71,72,65,74,84,67,81,80,79,38,73,82,83,76,85,92,87,88,89,4,91,109,93,62,95,8,97,98,99,100,101,102,103,104,105,43,107,108,151,110,111,112,113,114,115,116,34,118,119,120,121,122,123,90,125,126,127,128,129,130,131,132,133,134,135,136,137,138,139,140,106,142,143,144,145,146,147,148,149,150,78,152,153,154,155,156,157,158,159,160,161,162,163,164,165,166,167,168,169,170,171,172,173,174,175,176,177,178,179,180,181,182,183,184,185,186,187,188,189,190,191,192,193,194,195,196,197,198,199];False
6566;9100;15666;[52,62,11,3,26,43,18,30,132,9,33,1,12,32,14,15,124,94,93,19,61,41,22,23,24,69,5,27,16,56,63,31,29,155,17,35,25,37,60,39,40,49,42,7,44,45,86,47,48,28,4,51,53,13,54,55,6,57,58,59,2,0,36,46,64,10,66,117,68,20,70,71,72,65,74,75,67,77,80,79,38,81,82,83,76,85,92,87,88,89,73,91,109,8,84,95,96,97,98,99,100,101,102,103,104,105,106,107,108,151,110,111,112,113,114,115,116,34,118,119,120,121,122,123,90,125,126,127,128,129,130,131,78,133,134,135,136,137,138,139,140,141,142,143,144,145,146,147,148,149,150,21,152,153,154,50,156,157,158,159,160,161,162,163,164,165,166,167,168,169,170,171,172,173,174,175,176,177,178,179,180,181,182,183,184,185,186,187,188,189,190,191,192,193,194,195,196,197,198,199];False
6573;9098;15671;[46,52,11,3,26,43,18,30,132,9,33,1,12,32,14,15,124,94,93,19,61,41,22,23,24,69,5,27,16,56,63,31,29,155,17,35,25,37,60,39,40,49,42,7,44,45,86,47,48,28,4,51,53,13,54,55,6,57,58,59,2,0,36,62,64,10,66,117,68,20,70,71,72,65,74,75,67,77,80,79,38,81,82,83,76,85,92,87,88,89,73,91,109,8,84,95,96,97,98,99,100,101,102,103,104,105,106,107,108,151,110,111,112,113,114,115,116,34,118,119,120,121,122,123,90,125,126,127,128,129,130,131,78,133,134,135,136,137,138,139,140,141,142,143,144,145,146,147,148,149,150,21,152,153,154,50,156,157,158,159,160,161,162,163,164,165,166,167,168,169,170,171,172,173,174,175,176,177,178,179,180,181,182,183,184,185,186,187,188,189,190,191,192,193,194,195,196,197,198,199];False
6576;9085;15661;[10,52,11,3,26,43,18,30,132,9,33,1,12,32,14,15,124,94,93,19,61,41,22,23,24,69,5,27,16,56,63,31,29,155,17,35,25,37,60,39,40,49,42,7,44,45,86,47,48,28,4,51,53,13,54,55,6,57,58,59,2,0,36,46,64,62,66,117,68,20,70,71,72,65,74,75,67,77,80,79,38,81,82,83,76,85,92,87,88,89,73,91,109,8,84,95,96,97,98,99,100,101,102,103,104,105,106,107,108,151,110,111,112,113,114,115,116,34,118,119,120,121,122,123,90,125,126,127,128,129,130,131,78,133,134,135,136,137,138,139,140,141,142,143,144,145,146,147,148,149,150,21,152,153,154,50,156,157,158,159,160,161,162,163,164,165,166,167,168,169,170,171,172,173,174,175,176,177,178,179,180,181,182,183,184,185,186,187,188,189,190,191,192,193,194,195,196,197,198,199];False
6506;9123;15629;[81,52,11,3,26,43,18,30,132,9,33,1,12,32,14,15,124,94,93,19,61,41,22,23,24,69,5,27,16,56,63,31,29,155,17,35,25,37,60,39,40,49,42,7,44,45,86,47,48,28,4,51,53,13,54,55,6,57,58,59,2,0,36,46,64,10,66,117,68,20,70,71,72,65,74,75,67,77,80,79,38,62,82,83,76,85,92,87,88,89,73,91,109,8,84,95,96,97,98,99,100,101,102,103,104,105,106,107,108,151,110,111,112,113,114,115,116,34,118,119,120,121,122,123,90,125,126,127,128,129,130,131,78,133,134,135,136,137,138,139,140,141,142,143,144,145,146,147,148,149,150,21,152,153,154,50,156,157,158,159,160,161,162,163,164,165,166,167,168,169,170,171,172,173,174,175,176,177,178,179,180,181,182,183,184,185,186,187,188,189,190,191,192,193,194,195,196,197,198,199];False
6466;9120;15586;[96,52,11,3,26,43,18,30,132,9,33,1,12,32,14,15,124,94,93,19,61,41,22,23,24,69,5,27,16,56,63,31,29,155,17,35,25,37,60,39,40,49,42,7,44,45,86,47,48,28,4,51,53,13,54,55,6,57,58,59,2,0,36,46,64,10,66,117,68,20,70,71,72,65,74,75,67,77,80,79,38,81,82,83,76,85,92,87,88,89,73,91,109,8,84,95,62,97,98,99,100,101,102,103,104,105,106,107,108,151,110,111,112,113,114,115,116,34,118,119,120,121,122,123,90,125,126,127,128,129,130,131,78,133,134,135,136,137,138,139,140,141,142,143,144,145,146,147,148,149,150,21,152,153,154,50,156,157,158,159,160,161,162,163,164,165,166,167,168,169,170,171,172,173,174,175,176,177,178,179,180,181,182,183,184,185,186,187,188,189,190,191,192,193,194,195,196,197,198,199];False
6542;9082;15624;[97,52,11,3,26,43,18,30,132,9,33,1,12,32,14,15,124,94,93,19,61,41,22,23,24,69,5,27,16,56,63,31,29,155,17,35,25,37,60,39,40,49,42,7,44,45,86,47,48,28,4,51,53,13,54,55,6,57,58,59,2,0,36,46,64,10,66,117,68,20,70,71,72,65,74,75,67,77,80,79,38,81,82,83,76,85,92,87,88,89,73,91,109,8,84,95,96,62,98,99,100,101,102,103,104,105,106,107,108,151,110,111,112,113,114,115,116,34,118,119,120,121,122,123,90,125,126,127,128,129,130,131,78,133,134,135,136,137,138,139,140,141,142,143,144,145,146,147,148,149,150,21,152,153,154,50,156,157,158,159,160,161,162,163,164,165,166,167,168,169,170,171,172,173,174,175,176,177,178,179,180,181,182,183,184,185,186,187,188,189,190,191,192,193,194,195,196,197,198,199];False
7096;8772;15868;[14,141,11,3,26,43,18,30,25,9,4,1,12,32,23,15,124,46,174,19,61,41,22,39,24,69,5,27,99,56,63,31,29,33,17,8,36,95,38,85,40,49,42,7,44,45,60,47,48,21,92,51,53,13,54,55,6,57,58,59,2,0,62,96,64,10,66,117,68,20,70,71,72,65,74,75,67,77,76,28,80,81,82,83,52,37,86,87,88,89,73,91,35,93,94,109,84,97,98,79,100,101,16,103,104,105,106,107,108,102,110,111,112,113,114,115,116,34,118,119,120,121,122,123,90,125,126,78,128,129,130,131,132,133,134,135,136,137,138,139,140,50,142,143,144,145,146,147,148,149,150,151,152,153,154,155,156,157,158,159,160,161,162,163,164,165,166,167,168,169,170,171,172,173,127,175,176,177,178,179,180,181,182,183,184,185,186,187,188,189,190,191,192,193,194,195,196,197,198,199];False
7104;8769;15873;[94,141,11,3,26,43,18,30,25,9,4,1,12,32,14,15,124,46,174,19,61,41,22,39,24,69,5,27,99,56,63,31,29,33,17,8,36,95,38,85,40,49,42,7,44,45,60,47,48,21,92,51,53,13,54,55,6,57,58,59,2,0,62,96,64,10,66,117,68,20,70,71,72,65,74,75,67,77,76,28,80,81,82,83,52,37,86,87,88,89,73,91,35,93,23,109,84,97,98,79,100,101,16,103,104,105,106,107,108,102,110,111,112,113,114,115,116,34,118,119,120,121,122,123,90,125,126,78,128,129,130,131,132,133,134,135,136,137,138,139,140,50,142,143,144,145,146,147,148,149,150,151,152,153,154,155,156,157,158,159,160,161,162,163,164,165,166,167,168,169,170,171,172,173,127,175,176,177,178,179,180,181,182,183,184,185,186,187,188,189,190,191,192,193,194,195,196,197,198,199];False
7091;8741;15832;[84,141,11,3,26,43,18,30,25,9,4,1,12,32,14,15,124,46,174,19,61,41,22,39,24,69,5,27,99,56,63,31,29,33,17,8,36,95,38,85,40,49,42,7,44,45,60,47,48,21,92,51,53,13,54,55,6,57,58,59,2,0,62,96,64,10,66,117,68,20,70,71,72,65,74,75,67,77,76,28,80,81,82,83,52,37,86,87,88,89,73,91,35,93,94,109,23,97,98,79,100,101,16,103,104,105,106,107,108,102,110,111,112,113,114,115,116,34,118,119,120,121,122,123,90,125,126,78,128,129,130,131,132,133,134,135,136,137,138,139,140,50,142,143,144,145,146,147,148,149,150,151,152,153,154,155,156,157,158,159,160,161,162,163,164,165,166,167,168,169,170,171,172,173,127,175,176,177,178,179,180,181,182,183,184,185,186,187,188,189,190,191,192,193,194,195,196,197,198,199];False
7046;8784;15830;[3,141,11,47,26,43,18,30,25,9,4,1,12,32,14,15,124,46,174,19,61,41,22,23,24,69,5,27,99,56,63,31,29,33,17,8,36,95,38,85,40,49,42,7,44,45,60,39,48,21,92,51,53,13,54,55,6,57,58,59,2,0,62,96,64,10,66,117,68,20,70,71,72,65,74,75,67,77,76,28,80,81,82,83,52,37,86,87,88,89,73,91,35,93,94,109,84,97,98,79,100,101,16,103,104,105,106,107,108,102,110,111,112,113,114,115,116,34,118,119,120,121,122,123,90,125,126,78,128,129,130,131,132,133,134,135,136,137,138,139,140,50,142,143,144,145,146,147,148,149,150,151,152,153,154,155,156,157,158,159,160,161,162,163,164,165,166,167,168,169,170,171,172,173,127,175,176,177,178,179,180,181,182,183,184,185,186,187,188,189,190,191,192,193,194,195,196,197,198,199];False
6974;8848;15822;[9,141,11,3,26,43,18,30,25,47,4,1,12,32,14,15,124,46,174,19,61,41,22,23,24,69,5,27,99,56,63,31,29,33,17,8,36,95,38,85,40,49,42,7,44,45,60,39,48,21,92,51,53,13,54,55,6,57,58,59,2,0,62,96,64,10,66,117,68,20,70,71,72,65,74,75,67,77,76,28,80,81,82,83,52,37,86,87,88,89,73,91,35,93,94,109,84,97,98,79,100,101,16,103,104,105,106,107,108,102,110,111,112,113,114,115,116,34,118,119,120,121,122,123,90,125,126,78,128,129,130,131,132,133,134,135,136,137,138,139,140,50,142,143,144,145,146,147,148,149,150,151,152,153,154,155,156,157,158,159,160,161,162,163,164,165,166,167,168,169,170,171,172,173,127,175,176,177,178,179,180,181,182,183,184,185,186,187,188,189,190,191,192,193,194,195,196,197,198,199];False
7053;8771;15824;[23,141,11,3,26,43,18,30,25,9,4,1,12,32,14,15,124,46,174,19,61,41,22,47,24,69,5,27,99,56,63,31,29,33,17,8,36,95,38,85,40,49,42,7,44,45,60,39,48,21,92,51,53,13,54,55,6,57,58,59,2,0,62,96,64,10,66,117,68,20,70,71,72,65,74,75,67,77,76,28,80,81,82,83,52,37,86,87,88,89,73,91,35,93,94,109,84,97,98,79,100,101,16,103,104,105,106,107,108,102,110,111,112,113,114,115,116,34,118,119,120,121,122,123,90,125,126,78,128,129,130,131,132,133,134,135,136,137,138,139,140,50,142,143,144,145,146,147,148,149,150,151,152,153,154,155,156,157,158,159,160,161,162,163,164,165,166,167,168,169,170,171,172,173,127,175,176,177,178,179,180,181,182,183,184,185,186,187,188,189,190,191,192,193,194,195,196,197,198,199];False
6999;8800;15799;[5,141,11,3,26,43,18,30,25,9,4,1,12,32,14,15,124,46,174,19,61,41,22,23,24,69,47,27,99,56,63,31,29,33,17,8,36,95,38,85,40,49,42,7,44,45,60,39,48,21,92,51,53,13,54,55,6,57,58,59,2,0,62,96,64,10,66,117,68,20,70,71,72,65,74,75,67,77,76,28,80,81,82,83,52,37,86,87,88,89,73,91,35,93,94,109,84,97,98,79,100,101,16,103,104,105,106,107,108,102,110,111,112,113,114,115,116,34,118,119,120,121,122,123,90,125,126,78,128,129,130,131,132,133,134,135,136,137,138,139,140,50,142,143,144,145,146,147,148,149,150,151,152,153,154,155,156,157,158,159,160,161,162,163,164,165,166,167,168,169,170,171,172,173,127,175,176,177,178,179,180,181,182,183,184,185,186,187,188,189,190,191,192,193,194,195,196,197,198,199];False
7174;8712;15886;[75,141,11,3,26,43,18,30,25,9,4,1,12,32,14,15,124,46,174,19,61,41,22,23,24,69,5,27,99,56,63,31,29,33,17,8,36,95,38,85,40,49,42,7,44,45,60,47,48,21,92,51,53,13,54,55,6,57,58,59,2,0,62,96,64,10,66,117,68,20,70,71,72,65,74,82,67,77,76,28,80,81,39,83,52,37,86,87,88,89,73,91,35,93,94,109,84,97,98,79,100,101,16,103,104,105,106,107,108,102,110,111,112,113,114,115,116,34,118,119,120,121,122,123,90,125,126,78,128,129,130,131,132,133,134,135,136,137,138,139,140,50,142,143,144,145,146,147,148,149,150,151,152,153,154,155,156,157,158,159,160,161,162,163,164,165,166,167,168,169,170,171,172,173,127,175,176,177,178,179,180,181,182,183,184,185,186,187,188,189,190,191,192,193,194,195,196,197,198,199];False
7054;8769;15823;[77,141,11,3,26,43,18,30,25,9,4,1,12,32,14,15,124,46,174,19,61,41,22,23,24,69,5,27,99,56,63,31,29,33,17,8,36,95,38,85,40,49,42,7,44,45,60,47,48,21,92,51,53,13,54,55,6,57,58,59,2,0,62,96,64,10,66,117,68,20,70,71,72,65,74,75,67,82,76,28,80,81,39,83,52,37,86,87,88,89,73,91,35,93,94,109,84,97,98,79,100,101,16,103,104,105,106,107,108,102,110,111,112,113,114,115,116,34,118,119,120,121,122,123,90,125,126,78,128,129,130,131,132,133,134,135,136,137,138,139,140,50,142,143,144,145,146,147,148,149,150,151,152,153,154,155,156,157,158,159,160,161,162,163,164,165,166,167,168,169,170,171,172,173,127,175,176,177,178,179,180,181,182,183,184,185,186,187,188,189,190,191,192,193,194,195,196,197,198,199];False
7127;8725;15852;[91,141,11,3,26,43,18,30,25,9,4,1,12,32,14,15,124,46,174,19,61,41,22,23,24,69,5,27,99,56,63,31,29,33,17,8,36,95,38,85,40,49,42,7,44,45,60,47,48,21,92,51,53,13,54,55,6,57,58,59,2,0,62,96,64,10,66,117,68,20,70,71,72,65,74,75,67,77,76,28,80,81,39,83,52,37,86,87,88,89,73,82,35,93,94,109,84,97,98,79,100,101,16,103,104,105,106,107,108,102,110,111,112,113,114,115,116,34,118,119,120,121,122,123,90,125,126,78,128,129,130,131,132,133,134,135,136,137,138,139,140,50,142,143,144,145,146,147,148,149,150,151,152,153,154,155,156,157,158,159,160,161,162,163,164,165,166,167,168,169,170,171,172,173,127,175,176,177,178,179,180,181,182,183,184,185,186,187,188,189,190,191,192,193,194,195,196,197,198,199];False
7129;8716;15845;[114,141,11,3,26,43,18,30,25,9,4,1,12,32,14,15,124,46,174,19,61,41,22,23,24,69,5,27,99,56,63,31,29,33,17,8,36,95,38,85,40,49,42,7,44,45,60,47,48,21,92,51,53,13,54,55,6,57,58,59,2,0,62,96,64,10,66,117,68,20,70,71,72,65,74,75,67,77,76,28,80,81,39,83,52,37,86,87,88,89,73,91,35,93,94,109,84,97,98,79,100,101,16,103,104,105,106,107,108,102,110,111,112,113,82,115,116,34,118,119,120,121,122,123,90,125,126,78,128,129,130,131,132,133,134,135,136,137,138,139,140,50,142,143,144,145,146,147,148,149,150,151,152,153,154,155,156,157,158,159,160,161,162,163,164,165,166,167,168,169,170,171,172,173,127,175,176,177,178,179,180,181,182,183,184,185,186,187,188,189,190,191,192,193,194,195,196,197,198,199];False
7081;8741;15822;[115,141,11,3,26,43,18,30,25,9,4,1,12,32,14,15,124,46,174,19,61,41,22,23,24,69,5,27,99,56,63,31,29,33,17,8,36,95,38,85,40,49,42,7,44,45,60,47,48,21,92,51,53,13,54,55,6,57,58,59,2,0,62,96,64,10,66,117,68,20,70,71,72,65,74,75,67,77,76,28,80,81,39,83,52,37,86,87,88,89,73,91,35,93,94,109,84,97,98,79,100,101,16,103,104,105,106,107,108,102,110,111,112,113,114,82,116,34,118,119,120,121,122,123,90,125,126,78,128,129,130,131,132,133,134,135,136,137,138,139,140,50,142,143,144,145,146,147,148,149,150,151,152,153,154,155,156,157,158,159,160,161,162,163,164,165,166,167,168,169,170,171,172,173,127,175,176,177,178,179,180,181,182,183,184,185,186,187,188,189,190,191,192,193,194,195,196,197,198,199];False
7065;8755;15820;[121,141,11,3,26,43,18,30,25,9,4,1,12,32,14,15,124,46,174,19,61,41,22,23,24,69,5,27,99,56,63,31,29,33,17,8,36,95,38,85,40,49,42,7,44,45,60,47,48,21,92,51,53,13,54,55,6,57,58,59,2,0,62,96,64,10,66,117,68,20,70,71,72,65,74,75,67,77,76,28,80,81,39,83,52,37,86,87,88,89,73,91,35,93,94,109,84,97,98,79,100,101,16,103,104,105,106,107,108,102,110,111,112,113,114,115,116,34,118,119,120,82,122,123,90,125,126,78,128,129,130,131,132,133,134,135,136,137,138,139,140,50,142,143,144,145,146,147,148,149,150,151,152,153,154,155,156,157,158,159,160,161,162,163,164,165,166,167,168,169,170,171,172,173,127,175,176,177,178,179,180,181,182,183,184,185,186,187,188,189,190,191,192,193,194,195,196,197,198,199];False
7031;8786;15817;[132,141,11,3,26,43,18,30,25,9,4,1,12,32,14,15,124,46,174,19,61,41,22,23,24,69,5,27,99,56,63,31,29,33,17,8,36,95,38,85,40,49,42,7,44,45,60,47,48,21,92,51,53,13,54,55,6,57,58,59,2,0,62,96,64,10,66,117,68,20,70,71,72,65,74,75,67,77,76,28,80,81,39,83,52,37,86,87,88,89,73,91,35,93,94,109,84,97,98,79,100,101,16,103,104,105,106,107,108,102,110,111,112,113,114,115,116,34,118,119,120,121,122,123,90,125,126,78,128,129,130,131,82,133,134,135,136,137,138,139,140,50,142,143,144,145,146,147,148,149,150,151,152,153,154,155,156,157,158,159,160,161,162,163,164,165,166,167,168,169,170,171,172,173,127,175,176,177,178,179,180,181,182,183,184,185,186,187,188,189,190,191,192,193,194,195,196,197,198,199];False
7021;8736;15757;[142,141,11,3,26,43,18,30,25,9,4,1,12,32,14,15,124,46,174,19,61,41,22,23,24,69,5,27,99,56,63,31,29,33,17,8,36,95,38,85,40,49,42,7,44,45,60,47,48,21,92,51,53,13,54,55,6,57,58,59,2,0,62,96,64,10,66,117,68,20,70,71,72,65,74,75,67,77,76,28,80,81,39,83,52,37,86,87,88,89,73,91,35,93,94,109,84,97,98,79,100,101,16,103,104,105,106,107,108,102,110,111,112,113,114,115,116,34,118,119,120,121,122,123,90,125,126,78,128,129,130,131,132,133,134,135,136,137,138,139,140,50,82,143,144,145,146,147,148,149,150,151,152,153,154,155,156,157,158,159,160,161,162,163,164,165,166,167,168,169,170,171,172,173,127,175,176,177,178,179,180,181,182,183,184,185,186,187,188,189,190,191,192,193,194,195,196,197,198,199];False
7171;8699;15870;[158,141,11,3,26,43,18,30,25,9,4,1,12,32,14,15,124,46,174,19,61,41,22,23,24,69,5,27,99,56,63,31,29,33,17,8,36,95,38,85,40,49,42,7,44,45,60,47,48,21,92,51,53,13,54,55,6,57,58,59,2,0,62,96,64,10,66,117,68,20,70,71,72,65,74,75,67,77,76,28,80,81,39,83,52,37,86,87,88,89,73,91,35,93,94,109,84,97,98,79,100,101,16,103,104,105,106,107,108,102,110,111,112,113,114,115,116,34,118,119,120,121,122,123,90,125,126,78,128,129,130,131,132,133,134,135,136,137,138,139,140,50,142,143,144,145,146,147,148,149,150,151,152,153,154,155,156,157,82,159,160,161,162,163,164,165,166,167,168,169,170,171,172,173,127,175,176,177,178,179,180,181,182,183,184,185,186,187,188,189,190,191,192,193,194,195,196,197,198,199];False
7097;8724;15821;[172,141,11,3,26,43,18,30,25,9,4,1,12,32,14,15,124,46,174,19,61,41,22,23,24,69,5,27,99,56,63,31,29,33,17,8,36,95,38,85,40,49,42,7,44,45,60,47,48,21,92,51,53,13,54,55,6,57,58,59,2,0,62,96,64,10,66,117,68,20,70,71,72,65,74,75,67,77,76,28,80,81,39,83,52,37,86,87,88,89,73,91,35,93,94,109,84,97,98,79,100,101,16,103,104,105,106,107,108,102,110,111,112,113,114,115,116,34,118,119,120,121,122,123,90,125,126,78,128,129,130,131,132,133,134,135,136,137,138,139,140,50,142,143,144,145,146,147,148,149,150,151,152,153,154,155,156,157,158,159,160,161,162,163,164,165,166,167,168,169,170,171,82,173,127,175,176,177,178,179,180,181,182,183,184,185,186,187,188,189,190,191,192,193,194,195,196,197,198,199];False
7288;8669;15957;[12,141,11,3,26,43,18,30,25,9,4,1,75,32,14,15,124,46,174,19,61,41,22,23,24,69,5,27,99,56,63,31,29,33,17,8,36,95,38,39,40,49,42,7,44,45,60,47,48,21,92,51,53,13,54,55,6,57,58,59,2,0,62,96,64,10,66,117,68,20,70,71,72,65,74,142,67,77,76,28,80,81,114,83,52,85,86,87,88,89,73,91,35,93,94,37,84,97,98,79,100,101,16,103,104,105,106,107,108,102,110,111,112,113,109,115,116,34,118,119,120,121,122,123,90,125,126,78,128,129,130,131,132,133,134,135,136,137,138,139,140,50,82,143,144,145,146,147,148,149,150,151,152,153,154,155,156,157,158,159,160,161,162,163,164,165,166,167,168,169,170,171,172,173,127,175,176,177,178,179,180,181,182,183,184,185,186,187,188,189,190,191,192,193,194,195,196,197,198,199];False
7257;8679;15936;[60,141,11,3,26,43,18,30,25,9,4,1,12,32,14,15,124,46,174,19,61,41,22,23,24,69,5,27,99,56,63,31,29,33,17,8,36,95,38,39,40,49,42,7,44,45,75,47,48,21,92,51,53,13,54,55,6,57,58,59,2,0,62,96,64,10,66,117,68,20,70,71,72,65,74,142,67,77,76,28,80,81,114,83,52,85,86,87,88,89,73,91,35,93,94,37,84,97,98,79,100,101,16,103,104,105,106,107,108,102,110,111,112,113,109,115,116,34,118,119,120,121,122,123,90,125,126,78,128,129,130,131,132,133,134,135,136,137,138,139,140,50,82,143,144,145,146,147,148,149,150,151,152,153,154,155,156,157,158,159,160,161,162,163,164,165,166,167,168,169,170,171,172,173,127,175,176,177,178,179,180,181,182,183,184,185,186,187,188,189,190,191,192,193,194,195,196,197,198,199];False
7376;8664;16040;[46,141,11,3,26,43,18,30,25,9,4,1,12,32,14,15,124,73,174,19,61,41,22,23,24,69,5,27,99,56,63,31,29,33,17,8,36,95,38,39,40,49,42,7,44,45,60,47,48,21,92,51,53,13,54,55,6,57,58,59,2,0,62,96,64,10,66,117,68,20,70,71,72,65,74,75,67,77,76,28,80,81,114,83,52,85,86,87,88,89,142,91,35,93,94,37,84,97,98,79,100,101,16,103,104,105,106,107,108,102,110,111,112,113,109,115,116,34,118,119,120,121,122,123,90,125,126,78,128,129,130,131,132,133,134,135,136,137,138,139,140,50,82,143,144,145,146,147,148,149,150,151,152,153,154,155,156,157,158,159,160,161,162,163,164,165,166,167,168,169,170,171,172,173,127,175,176,177,178,179,180,181,182,183,184,185,186,187,188,189,190,191,192,193,194,195,196,197,198,199];False
7220;8685;15905;[117,141,11,3,26,43,18,30,25,9,4,1,12,32,14,15,124,46,174,19,61,41,22,23,24,69,5,27,99,56,63,31,29,33,17,8,36,95,38,39,40,49,42,7,44,45,60,47,48,21,92,51,53,13,54,55,6,57,58,59,2,0,62,96,64,10,66,84,68,20,70,71,72,65,74,75,67,77,76,28,80,81,114,83,52,85,86,87,88,89,73,91,35,93,94,37,142,97,98,79,100,101,16,103,104,105,106,107,108,102,110,111,112,113,109,115,116,34,118,119,120,121,122,123,90,125,126,78,128,129,130,131,132,133,134,135,136,137,138,139,140,50,82,143,144,145,146,147,148,149,150,151,152,153,154,155,156,157,158,159,160,161,162,163,164,165,166,167,168,169,170,171,172,173,127,175,176,177,178,179,180,181,182,183,184,185,186,187,188,189,190,191,192,193,194,195,196,197,198,199];False
7230;8672;15902;[75,141,11,3,26,43,18,30,25,9,4,1,12,32,14,15,124,46,174,19,61,41,22,23,24,69,5,27,99,56,63,31,29,33,17,8,36,95,38,39,40,49,42,7,44,45,60,47,48,21,92,51,53,13,54,55,6,57,58,59,2,0,62,96,64,10,66,117,68,20,70,71,72,65,74,84,67,77,76,28,80,81,114,83,52,85,86,87,88,89,73,91,35,93,94,37,142,97,98,79,100,101,16,103,104,105,106,107,108,102,110,111,112,113,109,115,116,34,118,119,120,121,122,123,90,125,126,78,128,129,130,131,132,133,134,135,136,137,138,139,140,50,82,143,144,145,146,147,148,149,150,151,152,153,154,155,156,157,158,159,160,161,162,163,164,165,166,167,168,169,170,171,172,173,127,175,176,177,178,179,180,181,182,183,184,185,186,187,188,189,190,191,192,193,194,195,196,197,198,199];False
7167;8706;15873;[77,141,11,3,26,43,18,30,25,9,4,1,12,32,14,15,124,46,174,19,61,41,22,23,24,69,5,27,99,56,63,31,29,33,17,8,36,95,38,39,40,49,42,7,44,45,60,47,48,21,92,51,53,13,54,55,6,57,58,59,2,0,62,96,64,10,66,117,68,20,70,71,72,65,74,75,67,84,76,28,80,81,114,83,52,85,86,87,88,89,73,91,35,93,94,37,142,97,98,79,100,101,16,103,104,105,106,107,108,102,110,111,112,113,109,115,116,34,118,119,120,121,122,123,90,125,126,78,128,129,130,131,132,133,134,135,136,137,138,139,140,50,82,143,144,145,146,147,148,149,150,151,152,153,154,155,156,157,158,159,160,161,162,163,164,165,166,167,168,169,170,171,172,173,127,175,176,177,178,179,180,181,182,183,184,185,186,187,188,189,190,191,192,193,194,195,196,197,198,199];False
7143;8704;15847;[88,141,11,3,26,43,18,30,25,9,4,1,12,32,14,15,124,46,174,19,61,41,22,23,24,69,5,27,99,56,63,31,29,33,17,8,36,95,38,39,40,49,42,7,44,45,60,47,48,21,92,51,53,13,54,55,6,57,58,59,2,0,62,96,64,10,66,117,68,20,70,71,72,65,74,75,67,77,76,28,80,81,114,83,52,85,86,87,84,89,73,91,35,93,94,37,142,97,98,79,100,101,16,103,104,105,106,107,108,102,110,111,112,113,109,115,116,34,118,119,120,121,122,123,90,125,126,78,128,129,130,131,132,133,134,135,136,137,138,139,140,50,82,143,144,145,146,147,148,149,150,151,152,153,154,155,156,157,158,159,160,161,162,163,164,165,166,167,168,169,170,171,172,173,127,175,176,177,178,179,180,181,182,183,184,185,186,187,188,189,190,191,192,193,194,195,196,197,198,199];False
7160;8685;15845;[79,141,11,3,26,43,18,30,25,9,4,1,12,32,14,15,124,46,174,19,61,41,22,23,24,69,5,27,99,56,63,31,29,33,17,8,36,95,38,39,40,49,42,7,44,45,60,47,48,21,92,51,53,13,54,55,6,57,58,59,2,0,62,96,64,10,66,117,68,20,70,71,72,65,74,75,67,77,76,28,80,81,114,83,52,85,86,87,88,89,73,91,35,93,94,37,142,97,98,84,100,101,16,103,104,105,106,107,108,102,110,111,112,113,109,115,116,34,118,119,120,121,122,123,90,125,126,78,128,129,130,131,132,133,134,135,136,137,138,139,140,50,82,143,144,145,146,147,148,149,150,151,152,153,154,155,156,157,158,159,160,161,162,163,164,165,166,167,168,169,170,171,172,173,127,175,176,177,178,179,180,181,182,183,184,185,186,187,188,189,190,191,192,193,194,195,196,197,198,199];False
7349;8658;16007;[14,141,11,3,26,43,158,30,25,9,4,1,12,32,18,15,124,46,174,19,61,41,22,23,24,69,5,27,99,56,63,31,29,33,17,8,36,95,38,39,40,49,42,7,44,45,60,47,48,21,92,51,53,13,54,55,6,57,58,59,2,0,62,96,64,10,66,117,68,20,70,71,72,65,74,75,67,77,76,28,80,81,114,83,52,85,86,87,88,89,73,91,35,93,94,37,84,97,98,79,100,101,16,103,104,105,106,107,108,102,110,111,112,113,109,115,116,34,118,119,120,121,122,123,90,125,126,78,128,129,130,131,132,133,134,135,136,137,138,139,140,50,142,143,144,145,146,147,148,149,150,151,152,153,154,155,156,157,82,159,160,161,162,163,164,165,166,167,168,169,170,171,172,173,127,175,176,177,178,179,180,181,182,183,184,185,186,187,188,189,190,191,192,193,194,195,196,197,198,199];False
7617;8634;16251;[22,141,11,3,26,43,158,30,25,9,4,1,12,32,14,15,124,46,174,19,61,41,18,23,24,69,5,27,99,56,63,31,29,33,17,8,36,95,38,39,40,49,42,7,44,45,60,47,48,21,92,51,53,13,54,55,6,57,58,59,2,0,62,96,64,10,66,117,68,20,70,71,72,65,74,75,67,77,76,28,80,81,114,83,52,85,86,87,88,89,73,91,35,93,94,37,84,97,98,79,100,101,16,103,104,105,106,107,108,102,110,111,112,113,109,115,116,34,118,119,120,121,122,123,90,125,126,78,128,129,130,131,132,133,134,135,136,137,138,139,140,50,142,143,144,145,146,147,148,149,150,151,152,153,154,155,156,157,82,159,160,161,162,163,164,165,166,167,168,169,170,171,172,173,127,175,176,177,178,179,180,181,182,183,184,185,186,187,188,189,190,191,192,193,194,195,196,197,198,199];False
7453;8635;16088;[40,141,11,3,26,43,158,30,25,9,4,1,12,32,14,15,124,46,174,19,61,41,22,23,24,69,5,27,99,56,63,31,29,33,17,8,36,95,38,39,18,49,42,7,44,45,60,47,48,21,92,51,53,13,54,55,6,57,58,59,2,0,62,96,64,10,66,117,68,20,70,71,72,65,74,75,67,77,76,28,80,81,114,83,52,85,86,87,88,89,73,91,35,93,94,37,84,97,98,79,100,101,16,103,104,105,106,107,108,102,110,111,112,113,109,115,116,34,118,119,120,121,122,123,90,125,126,78,128,129,130,131,132,133,134,135,136,137,138,139,140,50,142,143,144,145,146,147,148,149,150,151,152,153,154,155,156,157,82,159,160,161,162,163,164,165,166,167,168,169,170,171,172,173,127,175,176,177,178,179,180,181,182,183,184,185,186,187,188,189,190,191,192,193,194,195,196,197,198,199];False
7439;8631;16070;[60,141,11,3,26,43,18,30,25,9,4,1,12,32,14,15,124,46,174,19,61,41,22,23,24,69,5,27,99,56,63,31,29,33,17,8,36,95,38,39,40,158,42,7,44,45,49,47,48,21,92,51,53,13,54,55,6,57,58,59,2,0,62,96,64,10,66,117,68,20,70,71,72,65,74,75,67,77,76,28,80,81,114,83,52,85,86,87,88,89,73,91,35,93,94,37,84,97,98,79,100,101,16,103,104,105,106,107,108,102,110,111,112,113,109,115,116,34,118,119,120,121,122,123,90,125,126,78,128,129,130,131,132,133,134,135,136,137,138,139,140,50,142,143,144,145,146,147,148,149,150,151,152,153,154,155,156,157,82,159,160,161,162,163,164,165,166,167,168,169,170,171,172,173,127,175,176,177,178,179,180,181,182,183,184,185,186,187,188,189,190,191,192,193,194,195,196,197,198,199];False
7525;8626;16151;[58,141,11,3,26,43,18,30,25,9,4,1,12,32,14,15,124,46,174,19,61,41,22,23,24,69,5,27,99,56,63,31,29,33,17,8,36,95,38,39,40,158,42,7,44,45,60,47,48,21,92,51,53,13,54,55,6,57,49,59,2,0,62,96,64,10,66,117,68,20,70,71,72,65,74,75,67,77,76,28,80,81,114,83,52,85,86,87,88,89,73,91,35,93,94,37,84,97,98,79,100,101,16,103,104,105,106,107,108,102,110,111,112,113,109,115,116,34,118,119,120,121,122,123,90,125,126,78,128,129,130,131,132,133,134,135,136,137,138,139,140,50,142,143,144,145,146,147,148,149,150,151,152,153,154,155,156,157,82,159,160,161,162,163,164,165,166,167,168,169,170,171,172,173,127,175,176,177,178,179,180,181,182,183,184,185,186,187,188,189,190,191,192,193,194,195,196,197,198,199];False
7401;8637;16038;[77,141,11,3,26,43,18,30,25,9,4,1,12,32,14,15,124,46,174,19,61,41,22,23,24,69,5,27,99,56,63,31,29,33,17,8,36,95,38,39,40,158,42,7,44,45,60,47,48,21,92,51,53,13,54,55,6,57,58,59,2,0,62,96,64,10,66,117,68,20,70,71,72,65,74,75,67,49,76,28,80,81,114,83,52,85,86,87,88,89,73,91,35,93,94,37,84,97,98,79,100,101,16,103,104,105,106,107,108,102,110,111,112,113,109,115,116,34,118,119,120,121,122,123,90,125,126,78,128,129,130,131,132,133,134,135,136,137,138,139,140,50,142,143,144,145,146,147,148,149,150,151,152,153,154,155,156,157,82,159,160,161,162,163,164,165,166,167,168,169,170,171,172,173,127,175,176,177,178,179,180,181,182,183,184,185,186,187,188,189,190,191,192,193,194,195,196,197,198,199];False
7373;8644;16017;[114,141,11,3,26,43,18,30,25,9,4,1,12,32,14,15,124,46,174,19,61,41,22,23,24,69,5,27,99,56,63,31,29,33,17,8,36,95,38,39,40,158,42,7,44,45,60,47,48,21,92,51,53,13,54,55,6,57,58,59,2,0,62,96,64,10,66,117,68,20,70,71,72,65,74,75,67,77,76,28,80,81,49,83,52,85,86,87,88,89,73,91,35,93,94,37,84,97,98,79,100,101,16,103,104,105,106,107,108,102,110,111,112,113,109,115,116,34,118,119,120,121,122,123,90,125,126,78,128,129,130,131,132,133,134,135,136,137,138,139,140,50,142,143,144,145,146,147,148,149,150,151,152,153,154,155,156,157,82,159,160,161,162,163,164,165,166,167,168,169,170,171,172,173,127,175,176,177,178,179,180,181,182,183,184,185,186,187,188,189,190,191,192,193,194,195,196,197,198,199];False
7518;8629;16147;[73,141,11,3,26,43,18,30,25,9,4,1,12,32,14,15,124,46,174,19,61,41,22,23,24,69,5,27,99,56,63,31,29,33,17,8,36,95,38,39,40,158,42,7,44,45,60,47,48,21,92,51,53,13,54,55,6,57,58,59,2,0,62,96,64,10,66,117,68,20,70,71,72,65,74,75,67,77,76,28,80,81,114,83,52,85,86,87,88,89,49,91,35,93,94,37,84,97,98,79,100,101,16,103,104,105,106,107,108,102,110,111,112,113,109,115,116,34,118,119,120,121,122,123,90,125,126,78,128,129,130,131,132,133,134,135,136,137,138,139,140,50,142,143,144,145,146,147,148,149,150,151,152,153,154,155,156,157,82,159,160,161,162,163,164,165,166,167,168,169,170,171,172,173,127,175,176,177,178,179,180,181,182,183,184,185,186,187,188,189,190,191,192,193,194,195,196,197,198,199];False
7469;8626;16095;[79,141,11,3,26,43,18,30,25,9,4,1,12,32,14,15,124,46,174,19,61,41,22,23,24,69,5,27,99,56,63,31,29,33,17,8,36,95,38,39,40,158,42,7,44,45,60,47,48,21,92,51,53,13,54,55,6,57,58,59,2,0,62,96,64,10,66,117,68,20,70,71,72,65,74,75,67,77,76,28,80,81,114,83,52,85,86,87,88,89,73,91,35,93,94,37,84,97,98,49,100,101,16,103,104,105,106,107,108,102,110,111,112,113,109,115,116,34,118,119,120,121,122,123,90,125,126,78,128,129,130,131,132,133,134,135,136,137,138,139,140,50,142,143,144,145,146,147,148,149,150,151,152,153,154,155,156,157,82,159,160,161,162,163,164,165,166,167,168,169,170,171,172,173,127,175,176,177,178,179,180,181,182,183,184,185,186,187,188,189,190,191,192,193,194,195,196,197,198,199];False
7495;8620;16115;[100,141,11,3,26,43,18,30,25,9,4,1,12,32,14,15,124,46,174,19,61,41,22,23,24,69,5,27,99,56,63,31,29,33,17,8,36,95,38,39,40,158,42,7,44,45,60,47,48,21,92,51,53,13,54,55,6,57,58,59,2,0,62,96,64,10,66,117,68,20,70,71,72,65,74,75,67,77,76,28,80,81,114,83,52,85,86,87,88,89,73,91,35,93,94,37,84,97,98,79,49,101,16,103,104,105,106,107,108,102,110,111,112,113,109,115,116,34,118,119,120,121,122,123,90,125,126,78,128,129,130,131,132,133,134,135,136,137,138,139,140,50,142,143,144,145,146,147,148,149,150,151,152,153,154,155,156,157,82,159,160,161,162,163,164,165,166,167,168,169,170,171,172,173,127,175,176,177,178,179,180,181,182,183,184,185,186,187,188,189,190,191,192,193,194,195,196,197,198,199];False
7344;8646;15990;[111,141,11,3,26,43,18,30,25,9,4,1,12,32,14,15,124,46,174,19,61,41,22,23,24,69,5,27,99,56,63,31,29,33,17,8,36,95,38,39,40,158,42,7,44,45,60,47,48,21,92,51,53,13,54,55,6,57,58,59,2,0,62,96,64,10,66,117,68,20,70,71,72,65,74,75,67,77,76,28,80,81,114,83,52,85,86,87,88,89,73,91,35,93,94,37,84,97,98,79,100,101,16,103,104,105,106,107,108,102,110,49,112,113,109,115,116,34,118,119,120,121,122,123,90,125,126,78,128,129,130,131,132,133,134,135,136,137,138,139,140,50,142,143,144,145,146,147,148,149,150,151,152,153,154,155,156,157,82,159,160,161,162,163,164,165,166,167,168,169,170,171,172,173,127,175,176,177,178,179,180,181,182,183,184,185,186,187,188,189,190,191,192,193,194,195,196,197,198,199];False
7294;8653;15947;[121,141,11,3,26,43,18,30,25,9,4,1,12,32,14,15,124,46,174,19,61,41,22,23,24,69,5,27,99,56,63,31,29,33,17,8,36,95,38,39,40,158,42,7,44,45,60,47,48,21,92,51,53,13,54,55,6,57,58,59,2,0,62,96,64,10,66,117,68,20,70,71,72,65,74,75,67,77,76,28,80,81,114,83,52,85,86,87,88,89,73,91,35,93,94,37,84,97,98,79,100,101,16,103,104,105,106,107,108,102,110,111,112,113,109,115,116,34,118,119,120,49,122,123,90,125,126,78,128,129,130,131,132,133,134,135,136,137,138,139,140,50,142,143,144,145,146,147,148,149,150,151,152,153,154,155,156,157,82,159,160,161,162,163,164,165,166,167,168,169,170,171,172,173,127,175,176,177,178,179,180,181,182,183,184,185,186,187,188,189,190,191,192,193,194,195,196,197,198,199];False
7429;8623;16052;[131,141,11,3,26,43,18,30,25,9,4,1,12,32,14,15,124,46,174,19,61,41,22,23,24,69,5,27,99,56,63,31,29,33,17,8,36,95,38,39,40,158,42,7,44,45,60,47,48,21,92,51,53,13,54,55,6,57,58,59,2,0,62,96,64,10,66,117,68,20,70,71,72,65,74,75,67,77,76,28,80,81,114,83,52,85,86,87,88,89,73,91,35,93,94,37,84,97,98,79,100,101,16,103,104,105,106,107,108,102,110,111,112,113,109,115,116,34,118,119,120,121,122,123,90,125,126,78,128,129,130,49,132,133,134,135,136,137,138,139,140,50,142,143,144,145,146,147,148,149,150,151,152,153,154,155,156,157,82,159,160,161,162,163,164,165,166,167,168,169,170,171,172,173,127,175,176,177,178,179,180,181,182,183,184,185,186,187,188,189,190,191,192,193,194,195,196,197,198,199];False
7333;8645;15978;[133,141,11,3,26,43,18,30,25,9,4,1,12,32,14,15,124,46,174,19,61,41,22,23,24,69,5,27,99,56,63,31,29,33,17,8,36,95,38,39,40,158,42,7,44,45,60,47,48,21,92,51,53,13,54,55,6,57,58,59,2,0,62,96,64,10,66,117,68,20,70,71,72,65,74,75,67,77,76,28,80,81,114,83,52,85,86,87,88,89,73,91,35,93,94,37,84,97,98,79,100,101,16,103,104,105,106,107,108,102,110,111,112,113,109,115,116,34,118,119,120,121,122,123,90,125,126,78,128,129,130,131,132,49,134,135,136,137,138,139,140,50,142,143,144,145,146,147,148,149,150,151,152,153,154,155,156,157,82,159,160,161,162,163,164,165,166,167,168,169,170,171,172,173,127,175,176,177,178,179,180,181,182,183,184,185,186,187,188,189,190,191,192,193,194,195,196,197,198,199];False
7371;8638;16009;[147,141,11,3,26,43,18,30,25,9,4,1,12,32,14,15,124,46,174,19,61,41,22,23,24,69,5,27,99,56,63,31,29,33,17,8,36,95,38,39,40,158,42,7,44,45,60,47,48,21,92,51,53,13,54,55,6,57,58,59,2,0,62,96,64,10,66,117,68,20,70,71,72,65,74,75,67,77,76,28,80,81,114,83,52,85,86,87,88,89,73,91,35,93,94,37,84,97,98,79,100,101,16,103,104,105,106,107,108,102,110,111,112,113,109,115,116,34,118,119,120,121,122,123,90,125,126,78,128,129,130,131,132,133,134,135,136,137,138,139,140,50,142,143,144,145,146,49,148,149,150,151,152,153,154,155,156,157,82,159,160,161,162,163,164,165,166,167,168,169,170,171,172,173,127,175,176,177,178,179,180,181,182,183,184,185,186,187,188,189,190,191,192,193,194,195,196,197,198,199];False
6827;8870;15697;[16,141,11,47,26,43,18,30,25,9,4,1,12,32,3,15,124,94,46,14,61,41,22,23,24,69,5,27,109,56,63,31,29,33,17,8,36,95,38,85,77,49,42,7,44,45,60,39,48,21,92,51,53,13,54,55,6,57,58,59,2,0,62,102,64,10,66,117,68,20,70,71,72,65,74,75,67,28,76,79,80,81,82,83,40,37,86,87,88,89,73,91,35,93,99,114,96,97,98,84,100,101,78,52,104,105,106,107,108,19,110,111,112,113,103,115,116,34,118,119,120,121,122,123,90,125,126,127,128,129,130,131,132,133,134,135,136,137,138,139,140,50,142,143,144,145,146,147,148,149,150,151,152,153,154,155,156,157,158,159,160,161,162,163,164,165,166,167,168,169,170,171,172,173,174,175,176,177,178,179,180,181,182,183,184,185,186,187,188,189,190,191,192,193,194,195,196,197,198,199];False
6967;8825;15792;[42,141,11,47,26,43,18,30,25,105,4,1,12,32,3,15,124,9,16,14,61,41,22,23,24,69,5,27,109,56,63,31,29,33,17,8,36,95,38,85,77,49,64,7,44,45,60,39,48,21,92,51,53,13,54,55,6,57,58,59,2,0,62,46,82,10,66,117,68,20,70,71,72,65,74,75,67,28,76,79,80,81,35,83,40,37,86,87,88,89,73,91,78,93,94,114,96,97,98,84,100,101,102,52,104,99,106,107,108,19,110,111,112,113,103,115,116,34,118,119,120,121,122,123,90,125,126,127,128,129,130,131,132,133,134,135,136,137,138,139,140,50,142,143,144,145,146,147,148,149,150,151,152,153,154,155,156,157,158,159,160,161,162,163,164,165,166,167,168,169,170,171,172,173,174,175,176,177,178,179,180,181,182,183,184,185,186,187,188,189,190,191,192,193,194,195,196,197,198,199];False
6858;8843;15701;[46,141,11,47,26,43,18,30,25,105,4,1,12,32,3,15,124,9,16,14,61,41,22,23,24,69,5,27,109,56,63,31,29,33,17,8,36,95,38,85,77,49,42,7,44,45,60,39,48,21,92,51,53,13,54,55,6,57,58,59,2,0,62,102,64,10,66,117,68,20,70,71,72,65,74,75,67,28,76,79,80,81,82,83,40,37,86,87,88,89,73,91,35,93,94,114,96,97,98,84,100,101,78,52,104,99,106,107,108,19,110,111,112,113,103,115,116,34,118,119,120,121,122,123,90,125,126,127,128,129,130,131,132,133,134,135,136,137,138,139,140,50,142,143,144,145,146,147,148,149,150,151,152,153,154,155,156,157,158,159,160,161,162,163,164,165,166,167,168,169,170,171,172,173,174,175,176,177,178,179,180,181,182,183,184,185,186,187,188,189,190,191,192,193,194,195,196,197,198,199];False
6600;9014;15614;[74,52,11,3,26,96,18,30,25,94,75,1,12,32,14,15,124,9,16,19,61,41,22,23,24,69,5,27,28,56,63,31,29,33,17,35,36,37,60,39,40,49,42,7,44,45,86,47,48,21,50,51,53,13,54,55,6,57,58,59,2,0,77,46,64,10,66,117,68,20,70,71,72,65,8,84,67,81,80,79,38,73,82,83,76,85,92,87,88,89,4,91,109,93,62,95,115,97,98,99,100,101,102,103,104,105,43,107,108,151,110,111,112,113,114,121,116,34,118,119,120,106,122,123,90,125,126,127,128,129,130,131,132,133,134,135,136,137,138,139,140,141,142,143,144,145,146,147,148,149,150,78,152,153,154,155,156,157,158,159,160,161,162,163,164,165,166,167,168,169,170,171,172,173,174,175,176,177,178,179,180,181,182,183,184,185,186,187,188,189,190,191,192,193,194,195,196,197,198,199];False
6722;8958;15680;[92,52,11,3,26,96,18,30,25,94,75,1,12,32,14,15,124,9,16,19,61,41,22,23,24,69,5,27,28,56,63,31,29,33,17,35,36,37,60,39,40,49,42,7,44,45,86,47,48,21,50,51,53,13,54,55,6,57,58,59,2,0,77,46,64,10,66,117,68,20,70,71,72,65,74,84,67,81,80,79,38,73,82,83,76,85,8,87,88,89,4,91,109,93,62,95,115,97,98,99,100,101,102,103,104,105,43,107,108,151,110,111,112,113,114,121,116,34,118,119,120,106,122,123,90,125,126,127,128,129,130,131,132,133,134,135,136,137,138,139,140,141,142,143,144,145,146,147,148,149,150,78,152,153,154,155,156,157,158,159,160,161,162,163,164,165,166,167,168,169,170,171,172,173,174,175,176,177,178,179,180,181,182,183,184,185,186,187,188,189,190,191,192,193,194,195,196,197,198,199];False
6626;8997;15623;[102,52,11,3,26,96,18,30,25,94,75,1,12,32,14,15,124,9,16,19,61,41,22,23,24,69,5,27,28,56,63,31,29,33,17,35,36,37,60,39,40,49,42,7,44,45,86,47,48,21,50,51,53,13,54,55,6,57,58,59,2,0,77,46,64,10,66,117,68,20,70,71,72,65,74,84,67,81,80,79,38,73,82,83,76,85,92,87,88,89,4,91,109,93,62,95,115,97,98,99,100,101,8,103,104,105,43,107,108,151,110,111,112,113,114,121,116,34,118,119,120,106,122,123,90,125,126,127,128,129,130,131,132,133,134,135,136,137,138,139,140,141,142,143,144,145,146,147,148,149,150,78,152,153,154,155,156,157,158,159,160,161,162,163,164,165,166,167,168,169,170,171,172,173,174,175,176,177,178,179,180,181,182,183,184,185,186,187,188,189,190,191,192,193,194,195,196,197,198,199];False
6659;8985;15644;[86,52,11,3,26,96,18,30,25,94,75,1,12,32,14,15,124,9,16,19,61,41,22,23,24,69,5,27,28,56,63,31,29,33,17,35,36,37,60,39,40,49,42,7,44,45,100,47,48,21,50,51,53,13,54,55,6,57,58,59,2,0,77,46,64,10,66,117,68,20,70,71,72,65,74,84,67,81,80,79,38,73,82,83,76,85,92,87,88,89,4,91,109,93,62,95,8,97,98,99,115,101,102,103,104,105,43,107,108,151,110,111,112,113,114,121,116,34,118,119,120,106,122,123,90,125,126,127,128,129,130,131,132,133,134,135,136,137,138,139,140,141,142,143,144,145,146,147,148,149,150,78,152,153,154,155,156,157,158,159,160,161,162,163,164,165,166,167,168,169,170,171,172,173,174,175,176,177,178,179,180,181,182,183,184,185,186,187,188,189,190,191,192,193,194,195,196,197,198,199];False
6569;9050;15619;[52,104,11,3,26,96,18,30,25,94,75,1,12,32,14,15,124,9,16,19,61,41,22,23,24,69,5,27,28,56,63,31,29,33,17,35,36,37,60,39,40,49,42,7,44,45,86,47,48,21,50,51,53,13,54,55,6,57,58,59,2,0,77,46,64,10,66,117,68,20,70,71,72,65,74,84,67,81,80,79,38,73,82,83,76,85,92,87,88,89,4,91,109,93,62,95,8,97,98,99,100,101,102,103,115,105,43,107,108,151,110,111,112,113,114,121,116,34,118,119,120,106,122,123,90,125,126,127,128,129,130,131,132,133,134,135,136,137,138,139,140,141,142,143,144,145,146,147,148,149,150,78,152,153,154,155,156,157,158,159,160,161,162,163,164,165,166,167,168,169,170,171,172,173,174,175,176,177,178,179,180,181,182,183,184,185,186,187,188,189,190,191,192,193,194,195,196,197,198,199];False
6590;9031;15621;[11,52,104,3,26,96,18,30,25,94,75,1,12,32,14,15,124,9,16,19,61,41,22,23,24,69,5,27,28,56,63,31,29,33,17,35,36,37,60,39,40,49,42,7,44,45,86,47,48,21,50,51,53,13,54,55,6,57,58,59,2,0,77,46,64,10,66,117,68,20,70,71,72,65,74,84,67,81,80,79,38,73,82,83,76,85,92,87,88,89,4,91,109,93,62,95,8,97,98,99,100,101,102,103,115,105,43,107,108,151,110,111,112,113,114,121,116,34,118,119,120,106,122,123,90,125,126,127,128,129,130,131,132,133,134,135,136,137,138,139,140,141,142,143,144,145,146,147,148,149,150,78,152,153,154,155,156,157,158,159,160,161,162,163,164,165,166,167,168,169,170,171,172,173,174,175,176,177,178,179,180,181,182,183,184,185,186,187,188,189,190,191,192,193,194,195,196,197,198,199];False
6654;8980;15634;[9,52,11,3,26,96,18,30,25,94,75,1,12,32,14,15,124,108,16,19,61,41,22,23,24,69,5,27,28,56,63,31,29,33,17,35,36,37,60,39,40,49,42,7,44,45,86,47,48,21,50,51,53,13,54,55,6,57,58,59,2,0,77,46,64,10,66,117,68,20,70,71,72,65,74,84,67,81,80,79,38,73,82,83,76,85,92,87,88,89,4,91,109,93,62,95,8,97,98,99,100,101,102,103,104,105,43,107,115,151,110,111,112,113,114,121,116,34,118,119,120,106,122,123,90,125,126,127,128,129,130,131,132,133,134,135,136,137,138,139,140,141,142,143,144,145,146,147,148,149,150,78,152,153,154,155,156,157,158,159,160,161,162,163,164,165,166,167,168,169,170,171,172,173,174,175,176,177,178,179,180,181,182,183,184,185,186,187,188,189,190,191,192,193,194,195,196,197,198,199];False
6747;8950;15697;[16,52,11,3,26,96,18,30,25,94,75,1,12,32,14,15,124,9,108,19,61,41,22,23,24,69,5,27,28,56,63,31,29,33,17,35,36,37,60,39,40,49,42,7,44,45,86,47,48,21,50,51,53,13,54,55,6,57,58,59,2,0,77,46,64,10,66,117,68,20,70,71,72,65,74,84,67,81,80,79,38,73,82,83,76,85,92,87,88,89,4,91,109,93,62,95,8,97,98,99,100,101,102,103,104,105,43,107,115,151,110,111,112,113,114,121,116,34,118,119,120,106,122,123,90,125,126,127,128,129,130,131,132,133,134,135,136,137,138,139,140,141,142,143,144,145,146,147,148,149,150,78,152,153,154,155,156,157,158,159,160,161,162,163,164,165,166,167,168,169,170,171,172,173,174,175,176,177,178,179,180,181,182,183,184,185,186,187,188,189,190,191,192,193,194,195,196,197,198,199];False
6619;9006;15625;[61,52,11,3,26,96,18,30,25,94,75,1,12,32,14,15,124,9,16,19,108,41,22,23,24,69,5,27,28,56,63,31,29,33,17,35,36,37,60,39,40,49,42,7,44,45,86,47,48,21,50,51,53,13,54,55,6,57,58,59,2,0,77,46,64,10,66,117,68,20,70,71,72,65,74,84,67,81,80,79,38,73,82,83,76,85,92,87,88,89,4,91,109,93,62,95,8,97,98,99,100,101,102,103,104,105,43,107,115,151,110,111,112,113,114,121,116,34,118,119,120,106,122,123,90,125,126,127,128,129,130,131,132,133,134,135,136,137,138,139,140,141,142,143,144,145,146,147,148,149,150,78,152,153,154,155,156,157,158,159,160,161,162,163,164,165,166,167,168,169,170,171,172,173,174,175,176,177,178,179,180,181,182,183,184,185,186,187,188,189,190,191,192,193,194,195,196,197,198,199];False
6641;8967;15608;[33,52,11,3,26,96,18,30,25,94,75,1,12,32,14,15,124,9,16,19,61,41,22,23,24,69,5,27,28,56,63,31,29,108,17,35,36,37,60,39,40,49,42,7,44,45,86,47,48,21,50,51,53,13,54,55,6,57,58,59,2,0,77,46,64,10,66,117,68,20,70,71,72,65,74,84,67,81,80,79,38,73,82,83,76,85,92,87,88,89,4,91,109,93,62,95,8,97,98,99,100,101,102,103,104,105,43,107,115,151,110,111,112,113,114,121,116,34,118,119,120,106,122,123,90,125,126,127,128,129,130,131,132,133,134,135,136,137,138,139,140,141,142,143,144,145,146,147,148,149,150,78,152,153,154,155,156,157,158,159,160,161,162,163,164,165,166,167,168,169,170,171,172,173,174,175,176,177,178,179,180,181,182,183,184,185,186,187,188,189,190,191,192,193,194,195,196,197,198,199];False
6800;8889;15689;[16,141,11,3,26,96,18,30,25,94,75,1,12,32,14,15,124,9,37,19,61,41,22,23,24,69,5,27,28,56,63,31,29,33,17,35,36,52,60,39,40,49,42,7,44,45,86,47,48,21,50,51,53,13,54,55,6,57,58,59,2,0,77,46,64,10,66,117,68,20,70,71,72,65,74,84,67,81,80,79,38,73,82,83,76,85,92,87,88,89,4,91,109,93,62,95,8,97,98,99,100,101,102,103,104,105,43,107,108,151,110,111,112,113,114,115,116,34,118,119,120,121,122,123,90,125,126,127,128,129,130,131,132,133,134,135,136,137,138,139,140,106,142,143,144,145,146,147,148,149,150,78,152,153,154,155,156,157,158,159,160,161,162,163,164,165,166,167,168,169,170,171,172,173,174,175,176,177,178,179,180,181,182,183,184,185,186,187,188,189,190,191,192,193,194,195,196,197,198,199];False
6786;8910;15696;[88,141,11,3,26,96,18,30,25,94,75,1,12,32,14,15,124,9,16,19,61,41,22,23,24,69,5,27,28,56,63,31,29,33,17,35,36,52,60,39,40,49,42,7,44,45,86,47,48,21,50,51,53,13,54,55,6,57,58,59,2,0,77,46,64,10,66,117,68,20,70,71,72,65,74,84,67,81,80,79,38,73,82,83,76,85,92,87,37,89,4,91,109,93,62,95,8,97,98,99,100,101,102,103,104,105,43,107,108,151,110,111,112,113,114,115,116,34,118,119,120,121,122,123,90,125,126,127,128,129,130,131,132,133,134,135,136,137,138,139,140,106,142,143,144,145,146,147,148,149,150,78,152,153,154,155,156,157,158,159,160,161,162,163,164,165,166,167,168,169,170,171,172,173,174,175,176,177,178,179,180,181,182,183,184,185,186,187,188,189,190,191,192,193,194,195,196,197,198,199];False
6762;8902;15664;[8,141,11,3,26,96,18,30,25,94,75,1,12,32,14,15,124,9,16,19,61,41,22,23,24,69,5,27,28,56,63,31,29,33,17,35,36,52,60,39,40,49,42,7,44,45,86,47,48,21,50,51,53,13,54,55,6,57,58,59,2,0,77,46,64,10,66,117,68,20,70,71,72,65,74,84,67,81,80,79,38,73,82,83,76,85,92,87,88,89,4,91,109,93,62,95,37,97,98,99,100,101,102,103,104,105,43,107,108,151,110,111,112,113,114,115,116,34,118,119,120,121,122,123,90,125,126,127,128,129,130,131,132,133,134,135,136,137,138,139,140,106,142,143,144,145,146,147,148,149,150,78,152,153,154,155,156,157,158,159,160,161,162,163,164,165,166,167,168,169,170,171,172,173,174,175,176,177,178,179,180,181,182,183,184,185,186,187,188,189,190,191,192,193,194,195,196,197,198,199];False
6714;8895;15609;[103,141,11,3,26,96,18,30,25,94,75,1,12,32,14,15,124,9,16,19,61,41,22,23,24,69,5,27,28,56,63,31,29,33,17,35,36,52,60,39,40,49,42,7,44,45,86,47,48,21,50,51,53,13,54,55,6,57,58,59,2,0,77,46,64,10,66,117,68,20,70,71,72,65,74,84,67,81,80,79,38,73,82,83,76,85,92,87,88,89,4,91,109,93,62,95,8,97,98,99,100,101,102,37,104,105,43,107,108,151,110,111,112,113,114,115,116,34,118,119,120,121,122,123,90,125,126,127,128,129,130,131,132,133,134,135,136,137,138,139,140,106,142,143,144,145,146,147,148,149,150,78,152,153,154,155,156,157,158,159,160,161,162,163,164,165,166,167,168,169,170,171,172,173,174,175,176,177,178,179,180,181,182,183,184,185,186,187,188,189,190,191,192,193,194,195,196,197,198,199];False
6488;9102;15590;[52,96,11,3,26,43,18,30,132,9,33,1,12,32,14,15,124,94,93,19,61,41,22,23,24,69,5,27,16,56,63,31,29,155,17,35,25,37,60,39,40,49,42,7,44,45,86,47,48,28,4,51,53,13,54,55,6,57,58,59,2,0,36,46,64,10,66,117,68,20,70,71,72,65,74,75,67,77,80,79,38,81,82,83,76,85,92,87,88,89,73,91,109,8,84,95,62,97,98,99,100,101,102,103,104,105,106,107,108,151,110,111,112,113,114,115,116,34,118,119,120,121,122,123,90,125,126,127,128,129,130,131,78,133,134,135,136,137,138,139,140,141,142,143,144,145,146,147,148,149,150,21,152,153,154,50,156,157,158,159,160,161,162,163,164,165,166,167,168,169,170,171,172,173,174,175,176,177,178,179,180,181,182,183,184,185,186,187,188,189,190,191,192,193,194,195,196,197,198,199];False
6445;9120;15565;[43,52,11,3,26,96,18,30,132,9,33,1,12,32,14,15,124,94,93,19,61,41,22,23,24,69,5,27,16,56,63,31,29,155,17,35,25,37,60,39,40,49,42,7,44,45,86,47,48,28,4,51,53,13,54,55,6,57,58,59,2,0,36,46,64,10,66,117,68,20,70,71,72,65,74,75,67,77,80,79,38,81,82,83,76,85,92,87,88,89,73,91,109,8,84,95,62,97,98,99,100,101,102,103,104,105,106,107,108,151,110,111,112,113,114,115,116,34,118,119,120,121,122,123,90,125,126,127,128,129,130,131,78,133,134,135,136,137,138,139,140,141,142,143,144,145,146,147,148,149,150,21,152,153,154,50,156,157,158,159,160,161,162,163,164,165,166,167,168,169,170,171,172,173,174,175,176,177,178,179,180,181,182,183,184,185,186,187,188,189,190,191,192,193,194,195,196,197,198,199];False
6533;9092;15625;[3,52,11,97,26,43,18,30,132,9,33,1,12,32,14,15,124,94,93,19,61,41,22,23,24,69,5,27,16,56,63,31,29,155,17,35,25,37,60,39,40,49,42,7,44,45,86,47,48,28,4,51,53,13,54,55,6,57,58,59,2,0,36,46,64,10,66,117,68,20,70,71,72,65,74,75,67,77,80,79,38,81,82,83,76,85,92,87,88,89,73,91,109,8,84,95,96,62,98,99,100,101,102,103,104,105,106,107,108,151,110,111,112,113,114,115,116,34,118,119,120,121,122,123,90,125,126,127,128,129,130,131,78,133,134,135,136,137,138,139,140,141,142,143,144,145,146,147,148,149,150,21,152,153,154,50,156,157,158,159,160,161,162,163,164,165,166,167,168,169,170,171,172,173,174,175,176,177,178,179,180,181,182,183,184,185,186,187,188,189,190,191,192,193,194,195,196,197,198,199];False
6506;9099;15605;[61,52,11,3,26,43,18,30,132,9,33,1,12,32,14,15,124,94,93,19,97,41,22,23,24,69,5,27,16,56,63,31,29,155,17,35,25,37,60,39,40,49,42,7,44,45,86,47,48,28,4,51,53,13,54,55,6,57,58,59,2,0,36,46,64,10,66,117,68,20,70,71,72,65,74,75,67,77,80,79,38,81,82,83,76,85,92,87,88,89,73,91,109,8,84,95,96,62,98,99,100,101,102,103,104,105,106,107,108,151,110,111,112,113,114,115,116,34,118,119,120,121,122,123,90,125,126,127,128,129,130,131,78,133,134,135,136,137,138,139,140,141,142,143,144,145,146,147,148,149,150,21,152,153,154,50,156,157,158,159,160,161,162,163,164,165,166,167,168,169,170,171,172,173,174,175,176,177,178,179,180,181,182,183,184,185,186,187,188,189,190,191,192,193,194,195,196,197,198,199];False
6558;9079;15637;[42,52,11,3,26,43,18,30,132,9,33,1,12,32,14,15,124,94,93,19,61,41,22,23,24,69,5,27,16,56,63,31,29,155,17,35,25,37,60,39,40,49,97,7,44,45,86,47,48,28,4,51,53,13,54,55,6,57,58,59,2,0,36,46,64,10,66,117,68,20,70,71,72,65,74,75,67,77,80,79,38,81,82,83,76,85,92,87,88,89,73,91,109,8,84,95,96,62,98,99,100,101,102,103,104,105,106,107,108,151,110,111,112,113,114,115,116,34,118,119,120,121,122,123,90,125,126,127,128,129,130,131,78,133,134,135,136,137,138,139,140,141,142,143,144,145,146,147,148,149,150,21,152,153,154,50,156,157,158,159,160,161,162,163,164,165,166,167,168,169,170,171,172,173,174,175,176,177,178,179,180,181,182,183,184,185,186,187,188,189,190,191,192,193,194,195,196,197,198,199];False
6490;9094;15584;[54,52,11,3,26,43,18,30,132,9,33,1,12,32,14,15,124,94,93,19,61,41,22,23,24,69,5,27,16,56,63,31,29,155,17,35,25,37,60,39,40,49,42,7,44,45,86,47,48,28,4,51,53,13,97,55,6,57,58,59,2,0,36,46,64,10,66,117,68,20,70,71,72,65,74,75,67,77,80,79,38,81,82,83,76,85,92,87,88,89,73,91,109,8,84,95,96,62,98,99,100,101,102,103,104,105,106,107,108,151,110,111,112,113,114,115,116,34,118,119,120,121,122,123,90,125,126,127,128,129,130,131,78,133,134,135,136,137,138,139,140,141,142,143,144,145,146,147,148,149,150,21,152,153,154,50,156,157,158,159,160,161,162,163,164,165,166,167,168,169,170,171,172,173,174,175,176,177,178,179,180,181,182,183,184,185,186,187,188,189,190,191,192,193,194,195,196,197,198,199];False
6558;9063;15621;[6,52,11,3,26,43,18,30,132,9,33,1,12,32,14,15,124,94,93,19,61,41,22,23,24,69,5,27,16,56,63,31,29,155,17,35,25,37,60,39,40,49,42,7,44,45,86,47,48,28,4,51,53,13,54,55,97,57,58,59,2,0,36,46,64,10,66,117,68,20,70,71,72,65,74,75,67,77,80,79,38,81,82,83,76,85,92,87,88,89,73,91,109,8,84,95,96,62,98,99,100,101,102,103,104,105,106,107,108,151,110,111,112,113,114,115,116,34,118,119,120,121,122,123,90,125,126,127,128,129,130,131,78,133,134,135,136,137,138,139,140,141,142,143,144,145,146,147,148,149,150,21,152,153,154,50,156,157,158,159,160,161,162,163,164,165,166,167,168,169,170,171,172,173,174,175,176,177,178,179,180,181,182,183,184,185,186,187,188,189,190,191,192,193,194,195,196,197,198,199];False
6482;9097;15579;[0,52,11,3,26,43,18,30,132,9,33,1,12,32,14,15,124,94,93,19,61,41,22,23,24,69,5,27,16,56,63,31,29,155,17,35,25,37,60,39,40,49,42,7,44,45,86,47,48,28,4,51,53,13,54,55,6,57,58,59,2,97,36,46,64,10,66,117,68,20,70,71,72,65,74,75,67,77,80,79,38,81,82,83,76,85,92,87,88,89,73,91,109,8,84,95,96,62,98,99,100,101,102,103,104,105,106,107,108,151,110,111,112,113,114,115,116,34,118,119,120,121,122,123,90,125,126,127,128,129,130,131,78,133,134,135,136,137,138,139,140,141,142,143,144,145,146,147,148,149,150,21,152,153,154,50,156,157,158,159,160,161,162,163,164,165,166,167,168,169,170,171,172,173,174,175,176,177,178,179,180,181,182,183,184,185,186,187,188,189,190,191,192,193,194,195,196,197,198,199];False
6490;9080;15570;[46,52,11,3,26,43,18,30,132,9,33,1,12,32,14,15,124,94,93,19,61,41,22,23,24,69,5,27,16,56,63,31,29,155,17,35,25,37,60,39,40,49,42,7,44,45,86,47,48,28,4,51,53,13,54,55,6,57,58,59,2,0,36,97,64,10,66,117,68,20,70,71,72,65,74,75,67,77,80,79,38,81,82,83,76,85,92,87,88,89,73,91,109,8,84,95,96,62,98,99,100,101,102,103,104,105,106,107,108,151,110,111,112,113,114,115,116,34,118,119,120,121,122,123,90,125,126,127,128,129,130,131,78,133,134,135,136,137,138,139,140,141,142,143,144,145,146,147,148,149,150,21,152,153,154,50,156,157,158,159,160,161,162,163,164,165,166,167,168,169,170,171,172,173,174,175,176,177,178,179,180,181,182,183,184,185,186,187,188,189,190,191,192,193,194,195,196,197,198,199];False
6964;8824;15788;[97,141,11,3,26,43,18,30,25,9,4,1,12,32,14,15,124,46,174,19,61,41,22,23,24,69,47,27,99,56,63,31,29,33,17,8,36,95,38,85,40,49,42,7,44,45,60,39,48,21,92,51,53,13,54,55,6,57,58,59,2,0,62,96,64,10,66,117,68,20,70,71,72,65,74,75,67,77,76,28,80,81,82,83,52,37,86,87,88,89,73,91,35,93,94,109,84,5,98,79,100,101,16,103,104,105,106,107,108,102,110,111,112,113,114,115,116,34,118,119,120,121,122,123,90,125,126,78,128,129,130,131,132,133,134,135,136,137,138,139,140,50,142,143,144,145,146,147,148,149,150,151,152,153,154,155,156,157,158,159,160,161,162,163,164,165,166,167,168,169,170,171,172,173,127,175,176,177,178,179,180,181,182,183,184,185,186,187,188,189,190,191,192,193,194,195,196,197,198,199];False
6956;8812;15768;[114,141,11,3,26,43,18,30,25,9,4,1,12,32,14,15,124,46,174,19,61,41,22,23,24,69,47,27,99,56,63,31,29,33,17,8,36,95,38,85,40,49,42,7,44,45,60,39,48,21,92,51,53,13,54,55,6,57,58,59,2,0,62,96,64,10,66,117,68,20,70,71,72,65,74,75,67,77,76,28,80,81,82,83,52,37,86,87,88,89,73,91,35,93,94,109,84,97,98,79,100,101,16,103,104,105,106,107,108,102,110,111,112,113,5,115,116,34,118,119,120,121,122,123,90,125,126,78,128,129,130,131,132,133,134,135,136,137,138,139,140,50,142,143,144,145,146,147,148,149,150,151,152,153,154,155,156,157,158,159,160,161,162,163,164,165,166,167,168,169,170,171,172,173,127,175,176,177,178,179,180,181,182,183,184,185,186,187,188,189,190,191,192,193,194,195,196,197,198,199];False
6949;8837;15786;[121,141,11,3,26,43,18,30,25,9,4,1,12,32,14,15,124,46,174,19,61,41,22,23,24,69,47,27,99,56,63,31,29,33,17,8,36,95,38,85,40,49,42,7,44,45,60,39,48,21,92,51,53,13,54,55,6,57,58,59,2,0,62,96,64,10,66,117,68,20,70,71,72,65,74,75,67,77,76,28,80,81,82,83,52,37,86,87,88,89,73,91,35,93,94,109,84,97,98,79,100,101,16,103,104,105,106,107,108,102,110,111,112,113,114,115,116,34,118,119,120,5,122,123,90,125,126,78,128,129,130,131,132,133,134,135,136,137,138,139,140,50,142,143,144,145,146,147,148,149,150,151,152,153,154,155,156,157,158,159,160,161,162,163,164,165,166,167,168,169,170,171,172,173,127,175,176,177,178,179,180,181,182,183,184,185,186,187,188,189,190,191,192,193,194,195,196,197,198,199];False
6928;8787;15715;[131,141,11,3,26,43,18,30,25,9,4,1,12,32,14,15,124,46,174,19,61,41,22,23,24,69,47,27,99,56,63,31,29,33,17,8,36,95,38,85,40,49,42,7,44,45,60,39,48,21,92,51,53,13,54,55,6,57,58,59,2,0,62,96,64,10,66,117,68,20,70,71,72,65,74,75,67,77,76,28,80,81,82,83,52,37,86,87,88,89,73,91,35,93,94,109,84,97,98,79,100,101,16,103,104,105,106,107,108,102,110,111,112,113,114,115,116,34,118,119,120,121,122,123,90,125,126,78,128,129,130,5,132,133,134,135,136,137,138,139,140,50,142,143,144,145,146,147,148,149,150,151,152,153,154,155,156,157,158,159,160,161,162,163,164,165,166,167,168,169,170,171,172,173,127,175,176,177,178,179,180,181,182,183,184,185,186,187,188,189,190,191,192,193,194,195,196,197,198,199];False
7107;8719;15826;[76,141,11,3,26,43,18,30,25,9,4,1,12,32,14,15,124,46,174,19,61,41,22,23,24,69,5,27,99,56,63,31,29,33,17,8,36,95,38,85,40,49,42,7,44,45,60,47,48,21,92,51,53,13,54,55,6,57,58,59,2,0,62,96,64,10,66,117,68,20,70,71,72,65,74,75,67,77,114,28,80,81,39,83,52,37,86,87,88,89,73,91,35,93,94,109,84,97,98,79,100,101,16,103,104,105,106,107,108,102,110,111,112,113,82,115,116,34,118,119,120,121,122,123,90,125,126,78,128,129,130,131,132,133,134,135,136,137,138,139,140,50,142,143,144,145,146,147,148,149,150,151,152,153,154,155,156,157,158,159,160,161,162,163,164,165,166,167,168,169,170,171,172,173,127,175,176,177,178,179,180,181,182,183,184,185,186,187,188,189,190,191,192,193,194,195,196,197,198,199];False
7131;8700;15831;[100,141,11,3,26,43,18,30,25,9,4,1,12,32,14,15,124,46,174,19,61,41,22,23,24,69,5,27,99,56,63,31,29,33,17,8,36,95,38,85,40,49,42,7,44,45,60,47,48,21,92,51,53,13,54,55,6,57,58,59,2,0,62,96,64,10,66,117,68,20,70,71,72,65,74,75,67,77,76,28,80,81,39,83,52,37,86,87,88,89,73,91,35,93,94,109,84,97,98,79,114,101,16,103,104,105,106,107,108,102,110,111,112,113,82,115,116,34,118,119,120,121,122,123,90,125,126,78,128,129,130,131,132,133,134,135,136,137,138,139,140,50,142,143,144,145,146,147,148,149,150,151,152,153,154,155,156,157,158,159,160,161,162,163,164,165,166,167,168,169,170,171,172,173,127,175,176,177,178,179,180,181,182,183,184,185,186,187,188,189,190,191,192,193,194,195,196,197,198,199];False
7138;8698;15836;[101,141,11,3,26,43,18,30,25,9,4,1,12,32,14,15,124,46,174,19,61,41,22,23,24,69,5,27,99,56,63,31,29,33,17,8,36,95,38,85,40,49,42,7,44,45,60,47,48,21,92,51,53,13,54,55,6,57,58,59,2,0,62,96,64,10,66,117,68,20,70,71,72,65,74,75,67,77,76,28,80,81,39,83,52,37,86,87,88,89,73,91,35,93,94,109,84,97,98,79,100,114,16,103,104,105,106,107,108,102,110,111,112,113,82,115,116,34,118,119,120,121,122,123,90,125,126,78,128,129,130,131,132,133,134,135,136,137,138,139,140,50,142,143,144,145,146,147,148,149,150,151,152,153,154,155,156,157,158,159,160,161,162,163,164,165,166,167,168,169,170,171,172,173,127,175,176,177,178,179,180,181,182,183,184,185,186,187,188,189,190,191,192,193,194,195,196,197,198,199];False
7127;8702;15829;[16,141,11,3,26,43,18,30,25,9,4,1,12,32,14,15,124,46,174,19,61,41,22,23,24,69,5,27,99,56,63,31,29,33,17,8,36,95,38,85,40,49,42,7,44,45,60,47,48,21,92,51,53,13,54,55,6,57,58,59,2,0,62,96,64,10,66,117,68,20,70,71,72,65,74,75,67,77,76,28,80,81,39,83,52,37,86,87,88,89,73,91,35,93,94,109,84,97,98,79,100,101,114,103,104,105,106,107,108,102,110,111,112,113,82,115,116,34,118,119,120,121,122,123,90,125,126,78,128,129,130,131,132,133,134,135,136,137,138,139,140,50,142,143,144,145,146,147,148,149,150,151,152,153,154,155,156,157,158,159,160,161,162,163,164,165,166,167,168,169,170,171,172,173,127,175,176,177,178,179,180,181,182,183,184,185,186,187,188,189,190,191,192,193,194,195,196,197,198,199];False
7079;8725;15804;[4,141,11,3,26,43,18,30,25,9,142,1,12,32,14,15,124,46,174,19,61,41,22,23,24,69,5,27,99,56,63,31,29,33,17,8,36,95,38,85,40,49,42,7,44,45,60,47,48,21,92,51,53,13,54,55,6,57,58,59,2,0,62,96,64,10,66,117,68,20,70,71,72,65,74,75,67,77,76,28,80,81,39,83,52,37,86,87,88,89,73,91,35,93,94,109,84,97,98,79,100,101,16,103,104,105,106,107,108,102,110,111,112,113,114,115,116,34,118,119,120,121,122,123,90,125,126,78,128,129,130,131,132,133,134,135,136,137,138,139,140,50,82,143,144,145,146,147,148,149,150,151,152,153,154,155,156,157,158,159,160,161,162,163,164,165,166,167,168,169,170,171,172,173,127,175,176,177,178,179,180,181,182,183,184,185,186,187,188,189,190,191,192,193,194,195,196,197,198,199];False
6998;8753;15751;[14,141,11,3,26,43,18,30,25,9,4,1,12,32,142,15,124,46,174,19,61,41,22,23,24,69,5,27,99,56,63,31,29,33,17,8,36,95,38,85,40,49,42,7,44,45,60,47,48,21,92,51,53,13,54,55,6,57,58,59,2,0,62,96,64,10,66,117,68,20,70,71,72,65,74,75,67,77,76,28,80,81,39,83,52,37,86,87,88,89,73,91,35,93,94,109,84,97,98,79,100,101,16,103,104,105,106,107,108,102,110,111,112,113,114,115,116,34,118,119,120,121,122,123,90,125,126,78,128,129,130,131,132,133,134,135,136,137,138,139,140,50,82,143,144,145,146,147,148,149,150,151,152,153,154,155,156,157,158,159,160,161,162,163,164,165,166,167,168,169,170,171,172,173,127,175,176,177,178,179,180,181,182,183,184,185,186,187,188,189,190,191,192,193,194,195,196,197,198,199];False
7073;8726;15799;[19,141,11,3,26,43,18,30,25,9,4,1,12,32,14,15,124,46,174,142,61,41,22,23,24,69,5,27,99,56,63,31,29,33,17,8,36,95,38,85,40,49,42,7,44,45,60,47,48,21,92,51,53,13,54,55,6,57,58,59,2,0,62,96,64,10,66,117,68,20,70,71,72,65,74,75,67,77,76,28,80,81,39,83,52,37,86,87,88,89,73,91,35,93,94,109,84,97,98,79,100,101,16,103,104,105,106,107,108,102,110,111,112,113,114,115,116,34,118,119,120,121,122,123,90,125,126,78,128,129,130,131,132,133,134,135,136,137,138,139,140,50,82,143,144,145,146,147,148,149,150,151,152,153,154,155,156,157,158,159,160,161,162,163,164,165,166,167,168,169,170,171,172,173,127,175,176,177,178,179,180,181,182,183,184,185,186,187,188,189,190,191,192,193,194,195,196,197,198,199];False
6976;8759;15735;[92,141,11,3,26,43,18,30,25,9,4,1,12,32,14,15,124,46,174,19,61,41,22,23,24,69,5,27,99,56,63,31,29,33,17,8,36,95,38,85,40,49,42,7,44,45,60,47,48,21,142,51,53,13,54,55,6,57,58,59,2,0,62,96,64,10,66,117,68,20,70,71,72,65,74,75,67,77,76,28,80,81,39,83,52,37,86,87,88,89,73,91,35,93,94,109,84,97,98,79,100,101,16,103,104,105,106,107,108,102,110,111,112,113,114,115,116,34,118,119,120,121,122,123,90,125,126,78,128,129,130,131,132,133,134,135,136,137,138,139,140,50,82,143,144,145,146,147,148,149,150,151,152,153,154,155,156,157,158,159,160,161,162,163,164,165,166,167,168,169,170,171,172,173,127,175,176,177,178,179,180,181,182,183,184,185,186,187,188,189,190,191,192,193,194,195,196,197,198,199];False
7051;8732;15783;[66,141,11,3,26,43,18,30,25,9,4,1,12,32,14,15,124,46,174,19,61,41,22,23,24,69,5,27,99,56,63,31,29,33,17,8,36,95,38,85,40,49,42,7,44,45,60,47,48,21,92,51,53,13,54,55,6,57,58,59,2,0,62,96,64,10,142,117,68,20,70,71,72,65,74,75,67,77,76,28,80,81,39,83,52,37,86,87,88,89,73,91,35,93,94,109,84,97,98,79,100,101,16,103,104,105,106,107,108,102,110,111,112,113,114,115,116,34,118,119,120,121,122,123,90,125,126,78,128,129,130,131,132,133,134,135,136,137,138,139,140,50,82,143,144,145,146,147,148,149,150,151,152,153,154,155,156,157,158,159,160,161,162,163,164,165,166,167,168,169,170,171,172,173,127,175,176,177,178,179,180,181,182,183,184,185,186,187,188,189,190,191,192,193,194,195,196,197,198,199];False
7070;8730;15800;[74,141,11,3,26,43,18,30,25,9,4,1,12,32,14,15,124,46,174,19,61,41,22,23,24,69,5,27,99,56,63,31,29,33,17,8,36,95,38,85,40,49,42,7,44,45,60,47,48,21,92,51,53,13,54,55,6,57,58,59,2,0,62,96,64,10,66,117,68,20,70,71,72,65,142,75,67,77,76,28,80,81,39,83,52,37,86,87,88,89,73,91,35,93,94,109,84,97,98,79,100,101,16,103,104,105,106,107,108,102,110,111,112,113,114,115,116,34,118,119,120,121,122,123,90,125,126,78,128,129,130,131,132,133,134,135,136,137,138,139,140,50,82,143,144,145,146,147,148,149,150,151,152,153,154,155,156,157,158,159,160,161,162,163,164,165,166,167,168,169,170,171,172,173,127,175,176,177,178,179,180,181,182,183,184,185,186,187,188,189,190,191,192,193,194,195,196,197,198,199];False
7048;8733;15781;[75,141,11,3,26,43,18,30,25,9,4,1,12,32,14,15,124,46,174,19,61,41,22,23,24,69,5,27,99,56,63,31,29,33,17,8,36,95,38,85,40,49,42,7,44,45,60,47,48,21,92,51,53,13,54,55,6,57,58,59,2,0,62,96,64,10,66,117,68,20,70,71,72,65,74,142,67,77,76,28,80,81,39,83,52,37,86,87,88,89,73,91,35,93,94,109,84,97,98,79,100,101,16,103,104,105,106,107,108,102,110,111,112,113,114,115,116,34,118,119,120,121,122,123,90,125,126,78,128,129,130,131,132,133,134,135,136,137,138,139,140,50,82,143,144,145,146,147,148,149,150,151,152,153,154,155,156,157,158,159,160,161,162,163,164,165,166,167,168,169,170,171,172,173,127,175,176,177,178,179,180,181,182,183,184,185,186,187,188,189,190,191,192,193,194,195,196,197,198,199];False
7051;8730;15781;[76,141,11,3,26,43,18,30,25,9,4,1,12,32,14,15,124,46,174,19,61,41,22,23,24,69,5,27,99,56,63,31,29,33,17,8,36,95,38,85,40,49,42,7,44,45,60,47,48,21,92,51,53,13,54,55,6,57,58,59,2,0,62,96,64,10,66,117,68,20,70,71,72,65,74,75,67,77,142,28,80,81,39,83,52,37,86,87,88,89,73,91,35,93,94,109,84,97,98,79,100,101,16,103,104,105,106,107,108,102,110,111,112,113,114,115,116,34,118,119,120,121,122,123,90,125,126,78,128,129,130,131,132,133,134,135,136,137,138,139,140,50,82,143,144,145,146,147,148,149,150,151,152,153,154,155,156,157,158,159,160,161,162,163,164,165,166,167,168,169,170,171,172,173,127,175,176,177,178,179,180,181,182,183,184,185,186,187,188,189,190,191,192,193,194,195,196,197,198,199];False
7002;8742;15744;[52,141,11,3,26,43,18,30,25,9,4,1,12,32,14,15,124,46,174,19,61,41,22,23,24,69,5,27,99,56,63,31,29,33,17,8,36,95,38,85,40,49,42,7,44,45,60,47,48,21,92,51,53,13,54,55,6,57,58,59,2,0,62,96,64,10,66,117,68,20,70,71,72,65,74,75,67,77,76,28,80,81,39,83,142,37,86,87,88,89,73,91,35,93,94,109,84,97,98,79,100,101,16,103,104,105,106,107,108,102,110,111,112,113,114,115,116,34,118,119,120,121,122,123,90,125,126,78,128,129,130,131,132,133,134,135,136,137,138,139,140,50,82,143,144,145,146,147,148,149,150,151,152,153,154,155,156,157,158,159,160,161,162,163,164,165,166,167,168,169,170,171,172,173,127,175,176,177,178,179,180,181,182,183,184,185,186,187,188,189,190,191,192,193,194,195,196,197,198,199];False
7015;8740;15755;[88,141,11,3,26,43,18,30,25,9,4,1,12,32,14,15,124,46,174,19,61,41,22,23,24,69,5,27,99,56,63,31,29,33,17,8,36,95,38,85,40,49,42,7,44,45,60,47,48,21,92,51,53,13,54,55,6,57,58,59,2,0,62,96,64,10,66,117,68,20,70,71,72,65,74,75,67,77,76,28,80,81,39,83,52,37,86,87,142,89,73,91,35,93,94,109,84,97,98,79,100,101,16,103,104,105,106,107,108,102,110,111,112,113,114,115,116,34,118,119,120,121,122,123,90,125,126,78,128,129,130,131,132,133,134,135,136,137,138,139,140,50,82,143,144,145,146,147,148,149,150,151,152,153,154,155,156,157,158,159,160,161,162,163,164,165,166,167,168,169,170,171,172,173,127,175,176,177,178,179,180,181,182,183,184,185,186,187,188,189,190,191,192,193,194,195,196,197,198,199];False
7085;8720;15805;[79,141,11,3,26,43,18,30,25,9,4,1,12,32,14,15,124,46,174,19,61,41,22,23,24,69,5,27,99,56,63,31,29,33,17,8,36,95,38,85,40,49,42,7,44,45,60,47,48,21,92,51,53,13,54,55,6,57,58,59,2,0,62,96,64,10,66,117,68,20,70,71,72,65,74,75,67,77,76,28,80,81,39,83,52,37,86,87,88,89,73,91,35,93,94,109,84,97,98,142,100,101,16,103,104,105,106,107,108,102,110,111,112,113,114,115,116,34,118,119,120,121,122,123,90,125,126,78,128,129,130,131,132,133,134,135,136,137,138,139,140,50,82,143,144,145,146,147,148,149,150,151,152,153,154,155,156,157,158,159,160,161,162,163,164,165,166,167,168,169,170,171,172,173,127,175,176,177,178,179,180,181,182,183,184,185,186,187,188,189,190,191,192,193,194,195,196,197,198,199];False
7060;8721;15781;[101,141,11,3,26,43,18,30,25,9,4,1,12,32,14,15,124,46,174,19,61,41,22,23,24,69,5,27,99,56,63,31,29,33,17,8,36,95,38,85,40,49,42,7,44,45,60,47,48,21,92,51,53,13,54,55,6,57,58,59,2,0,62,96,64,10,66,117,68,20,70,71,72,65,74,75,67,77,76,28,80,81,39,83,52,37,86,87,88,89,73,91,35,93,94,109,84,97,98,79,100,142,16,103,104,105,106,107,108,102,110,111,112,113,114,115,116,34,118,119,120,121,122,123,90,125,126,78,128,129,130,131,132,133,134,135,136,137,138,139,140,50,82,143,144,145,146,147,148,149,150,151,152,153,154,155,156,157,158,159,160,161,162,163,164,165,166,167,168,169,170,171,172,173,127,175,176,177,178,179,180,181,182,183,184,185,186,187,188,189,190,191,192,193,194,195,196,197,198,199];False
7056;8716;15772;[16,141,11,3,26,43,18,30,25,9,4,1,12,32,14,15,124,46,174,19,61,41,22,23,24,69,5,27,99,56,63,31,29,33,17,8,36,95,38,85,40,49,42,7,44,45,60,47,48,21,92,51,53,13,54,55,6,57,58,59,2,0,62,96,64,10,66,117,68,20,70,71,72,65,74,75,67,77,76,28,80,81,39,83,52,37,86,87,88,89,73,91,35,93,94,109,84,97,98,79,100,101,142,103,104,105,106,107,108,102,110,111,112,113,114,115,116,34,118,119,120,121,122,123,90,125,126,78,128,129,130,131,132,133,134,135,136,137,138,139,140,50,82,143,144,145,146,147,148,149,150,151,152,153,154,155,156,157,158,159,160,161,162,163,164,165,166,167,168,169,170,171,172,173,127,175,176,177,178,179,180,181,182,183,184,185,186,187,188,189,190,191,192,193,194,195,196,197,198,199];False
6933;8739;15672;[103,141,11,3,26,43,18,30,25,9,4,1,12,32,14,15,124,46,174,19,61,41,22,23,24,69,5,27,99,56,63,31,29,33,17,8,36,95,38,85,40,49,42,7,44,45,60,47,48,21,92,51,53,13,54,55,6,57,58,59,2,0,62,96,64,10,66,117,68,20,70,71,72,65,74,75,67,77,76,28,80,81,39,83,52,37,86,87,88,89,73,91,35,93,94,109,84,97,98,79,100,101,16,142,104,105,106,107,108,102,110,111,112,113,114,115,116,34,118,119,120,121,122,123,90,125,126,78,128,129,130,131,132,133,134,135,136,137,138,139,140,50,82,143,144,145,146,147,148,149,150,151,152,153,154,155,156,157,158,159,160,161,162,163,164,165,166,167,168,169,170,171,172,173,127,175,176,177,178,179,180,181,182,183,184,185,186,187,188,189,190,191,192,193,194,195,196,197,198,199];False
7047;8719;15766;[106,141,11,3,26,43,18,30,25,9,4,1,12,32,14,15,124,46,174,19,61,41,22,23,24,69,5,27,99,56,63,31,29,33,17,8,36,95,38,85,40,49,42,7,44,45,60,47,48,21,92,51,53,13,54,55,6,57,58,59,2,0,62,96,64,10,66,117,68,20,70,71,72,65,74,75,67,77,76,28,80,81,39,83,52,37,86,87,88,89,73,91,35,93,94,109,84,97,98,79,100,101,16,103,104,105,142,107,108,102,110,111,112,113,114,115,116,34,118,119,120,121,122,123,90,125,126,78,128,129,130,131,132,133,134,135,136,137,138,139,140,50,82,143,144,145,146,147,148,149,150,151,152,153,154,155,156,157,158,159,160,161,162,163,164,165,166,167,168,169,170,171,172,173,127,175,176,177,178,179,180,181,182,183,184,185,186,187,188,189,190,191,192,193,194,195,196,197,198,199];False
7033;8712;15745;[114,141,11,3,26,43,18,30,25,9,4,1,12,32,14,15,124,46,174,19,61,41,22,23,24,69,5,27,99,56,63,31,29,33,17,8,36,95,38,85,40,49,42,7,44,45,60,47,48,21,92,51,53,13,54,55,6,57,58,59,2,0,62,96,64,10,66,117,68,20,70,71,72,65,74,75,67,77,76,28,80,81,39,83,52,37,86,87,88,89,73,91,35,93,94,109,84,97,98,79,100,101,16,103,104,105,106,107,108,102,110,111,112,113,142,115,116,34,118,119,120,121,122,123,90,125,126,78,128,129,130,131,132,133,134,135,136,137,138,139,140,50,82,143,144,145,146,147,148,149,150,151,152,153,154,155,156,157,158,159,160,161,162,163,164,165,166,167,168,169,170,171,172,173,127,175,176,177,178,179,180,181,182,183,184,185,186,187,188,189,190,191,192,193,194,195,196,197,198,199];False
7030;8729;15759;[138,141,11,3,26,43,18,30,25,9,4,1,12,32,14,15,124,46,174,19,61,41,22,23,24,69,5,27,99,56,63,31,29,33,17,8,36,95,38,85,40,49,42,7,44,45,60,47,48,21,92,51,53,13,54,55,6,57,58,59,2,0,62,96,64,10,66,117,68,20,70,71,72,65,74,75,67,77,76,28,80,81,39,83,52,37,86,87,88,89,73,91,35,93,94,109,84,97,98,79,100,101,16,103,104,105,106,107,108,102,110,111,112,113,114,115,116,34,118,119,120,121,122,123,90,125,126,78,128,129,130,131,132,133,134,135,136,137,142,139,140,50,82,143,144,145,146,147,148,149,150,151,152,153,154,155,156,157,158,159,160,161,162,163,164,165,166,167,168,169,170,171,172,173,127,175,176,177,178,179,180,181,182,183,184,185,186,187,188,189,190,191,192,193,194,195,196,197,198,199];False
7010;8721;15731;[149,141,11,3,26,43,18,30,25,9,4,1,12,32,14,15,124,46,174,19,61,41,22,23,24,69,5,27,99,56,63,31,29,33,17,8,36,95,38,85,40,49,42,7,44,45,60,47,48,21,92,51,53,13,54,55,6,57,58,59,2,0,62,96,64,10,66,117,68,20,70,71,72,65,74,75,67,77,76,28,80,81,39,83,52,37,86,87,88,89,73,91,35,93,94,109,84,97,98,79,100,101,16,103,104,105,106,107,108,102,110,111,112,113,114,115,116,34,118,119,120,121,122,123,90,125,126,78,128,129,130,131,132,133,134,135,136,137,138,139,140,50,82,143,144,145,146,147,148,142,150,151,152,153,154,155,156,157,158,159,160,161,162,163,164,165,166,167,168,169,170,171,172,173,127,175,176,177,178,179,180,181,182,183,184,185,186,187,188,189,190,191,192,193,194,195,196,197,198,199];False
7285;8667;15952;[23,141,11,3,26,43,18,30,25,9,4,1,75,32,14,15,124,46,174,19,61,41,22,12,24,69,5,27,99,56,63,31,29,33,17,8,36,95,38,39,40,49,42,7,44,45,60,47,48,21,92,51,53,13,54,55,6,57,58,59,2,0,62,96,64,10,66,117,68,20,70,71,72,65,74,142,67,77,76,28,80,81,114,83,52,85,86,87,88,89,73,91,35,93,94,37,84,97,98,79,100,101,16,103,104,105,106,107,108,102,110,111,112,113,109,115,116,34,118,119,120,121,122,123,90,125,126,78,128,129,130,131,132,133,134,135,136,137,138,139,140,50,82,143,144,145,146,147,148,149,150,151,152,153,154,155,156,157,158,159,160,161,162,163,164,165,166,167,168,169,170,171,172,173,127,175,176,177,178,179,180,181,182,183,184,185,186,187,188,189,190,191,192,193,194,195,196,197,198,199];False
7280;8666;15946;[4,141,11,3,26,43,18,30,25,9,75,1,12,32,14,15,124,46,174,19,61,41,22,23,24,69,5,27,99,56,63,31,29,33,17,8,36,95,38,39,40,49,42,7,44,45,60,47,48,21,92,51,53,13,54,55,6,57,58,59,2,0,62,96,64,10,66,117,68,20,70,71,72,65,74,84,67,77,76,28,80,81,114,83,52,85,86,87,88,89,73,91,35,93,94,37,142,97,98,79,100,101,16,103,104,105,106,107,108,102,110,111,112,113,109,115,116,34,118,119,120,121,122,123,90,125,126,78,128,129,130,131,132,133,134,135,136,137,138,139,140,50,82,143,144,145,146,147,148,149,150,151,152,153,154,155,156,157,158,159,160,161,162,163,164,165,166,167,168,169,170,171,172,173,127,175,176,177,178,179,180,181,182,183,184,185,186,187,188,189,190,191,192,193,194,195,196,197,198,199];False
7248;8655;15903;[12,141,11,3,26,43,18,30,25,9,4,1,75,32,14,15,124,46,174,19,61,41,22,23,24,69,5,27,99,56,63,31,29,33,17,8,36,95,38,39,40,49,42,7,44,45,60,47,48,21,92,51,53,13,54,55,6,57,58,59,2,0,62,96,64,10,66,117,68,20,70,71,72,65,74,84,67,77,76,28,80,81,114,83,52,85,86,87,88,89,73,91,35,93,94,37,142,97,98,79,100,101,16,103,104,105,106,107,108,102,110,111,112,113,109,115,116,34,118,119,120,121,122,123,90,125,126,78,128,129,130,131,132,133,134,135,136,137,138,139,140,50,82,143,144,145,146,147,148,149,150,151,152,153,154,155,156,157,158,159,160,161,162,163,164,165,166,167,168,169,170,171,172,173,127,175,176,177,178,179,180,181,182,183,184,185,186,187,188,189,190,191,192,193,194,195,196,197,198,199];False
7197;8679;15876;[39,141,11,3,26,43,18,30,25,9,4,1,12,32,14,15,124,46,174,19,61,41,22,23,24,69,5,27,99,56,63,31,29,33,17,8,36,95,38,75,40,49,42,7,44,45,60,47,48,21,92,51,53,13,54,55,6,57,58,59,2,0,62,96,64,10,66,117,68,20,70,71,72,65,74,84,67,77,76,28,80,81,114,83,52,85,86,87,88,89,73,91,35,93,94,37,142,97,98,79,100,101,16,103,104,105,106,107,108,102,110,111,112,113,109,115,116,34,118,119,120,121,122,123,90,125,126,78,128,129,130,131,132,133,134,135,136,137,138,139,140,50,82,143,144,145,146,147,148,149,150,151,152,153,154,155,156,157,158,159,160,161,162,163,164,165,166,167,168,169,170,171,172,173,127,175,176,177,178,179,180,181,182,183,184,185,186,187,188,189,190,191,192,193,194,195,196,197,198,199];False
7217;8665;15882;[60,141,11,3,26,43,18,30,25,9,4,1,12,32,14,15,124,46,174,19,61,41,22,23,24,69,5,27,99,56,63,31,29,33,17,8,36,95,38,39,40,49,42,7,44,45,75,47,48,21,92,51,53,13,54,55,6,57,58,59,2,0,62,96,64,10,66,117,68,20,70,71,72,65,74,84,67,77,76,28,80,81,114,83,52,85,86,87,88,89,73,91,35,93,94,37,142,97,98,79,100,101,16,103,104,105,106,107,108,102,110,111,112,113,109,115,116,34,118,119,120,121,122,123,90,125,126,78,128,129,130,131,132,133,134,135,136,137,138,139,140,50,82,143,144,145,146,147,148,149,150,151,152,153,154,155,156,157,158,159,160,161,162,163,164,165,166,167,168,169,170,171,172,173,127,175,176,177,178,179,180,181,182,183,184,185,186,187,188,189,190,191,192,193,194,195,196,197,198,199];False
7216;8668;15884;[49,141,11,3,26,43,18,30,25,9,4,1,12,32,14,15,124,46,174,19,61,41,22,23,24,69,5,27,99,56,63,31,29,33,17,8,36,95,38,39,40,79,42,7,44,45,60,47,48,21,92,51,53,13,54,55,6,57,58,59,2,0,62,96,64,10,66,117,68,20,70,71,72,65,74,75,67,77,76,28,80,81,114,83,52,85,86,87,88,89,73,91,35,93,94,37,142,97,98,84,100,101,16,103,104,105,106,107,108,102,110,111,112,113,109,115,116,34,118,119,120,121,122,123,90,125,126,78,128,129,130,131,132,133,134,135,136,137,138,139,140,50,82,143,144,145,146,147,148,149,150,151,152,153,154,155,156,157,158,159,160,161,162,163,164,165,166,167,168,169,170,171,172,173,127,175,176,177,178,179,180,181,182,183,184,185,186,187,188,189,190,191,192,193,194,195,196,197,198,199];False
7114;8709;15823;[59,141,11,3,26,43,18,30,25,9,4,1,12,32,14,15,124,46,174,19,61,41,22,23,24,69,5,27,99,56,63,31,29,33,17,8,36,95,38,39,40,49,42,7,44,45,60,47,48,21,92,51,53,13,54,55,6,57,58,79,2,0,62,96,64,10,66,117,68,20,70,71,72,65,74,75,67,77,76,28,80,81,114,83,52,85,86,87,88,89,73,91,35,93,94,37,142,97,98,84,100,101,16,103,104,105,106,107,108,102,110,111,112,113,109,115,116,34,118,119,120,121,122,123,90,125,126,78,128,129,130,131,132,133,134,135,136,137,138,139,140,50,82,143,144,145,146,147,148,149,150,151,152,153,154,155,156,157,158,159,160,161,162,163,164,165,166,167,168,169,170,171,172,173,127,175,176,177,178,179,180,181,182,183,184,185,186,187,188,189,190,191,192,193,194,195,196,197,198,199];False
7116;8706;15822;[96,141,11,3,26,43,18,30,25,9,4,1,12,32,14,15,124,46,174,19,61,41,22,23,24,69,5,27,99,56,63,31,29,33,17,8,36,95,38,39,40,49,42,7,44,45,60,47,48,21,92,51,53,13,54,55,6,57,58,59,2,0,62,79,64,10,66,117,68,20,70,71,72,65,74,75,67,77,76,28,80,81,114,83,52,85,86,87,88,89,73,91,35,93,94,37,142,97,98,84,100,101,16,103,104,105,106,107,108,102,110,111,112,113,109,115,116,34,118,119,120,121,122,123,90,125,126,78,128,129,130,131,132,133,134,135,136,137,138,139,140,50,82,143,144,145,146,147,148,149,150,151,152,153,154,155,156,157,158,159,160,161,162,163,164,165,166,167,168,169,170,171,172,173,127,175,176,177,178,179,180,181,182,183,184,185,186,187,188,189,190,191,192,193,194,195,196,197,198,199];False
7191;8674;15865;[10,141,11,3,26,43,18,30,25,9,4,1,12,32,14,15,124,46,174,19,61,41,22,23,24,69,5,27,99,56,63,31,29,33,17,8,36,95,38,39,40,49,42,7,44,45,60,47,48,21,92,51,53,13,54,55,6,57,58,59,2,0,62,96,64,79,66,117,68,20,70,71,72,65,74,75,67,77,76,28,80,81,114,83,52,85,86,87,88,89,73,91,35,93,94,37,142,97,98,84,100,101,16,103,104,105,106,107,108,102,110,111,112,113,109,115,116,34,118,119,120,121,122,123,90,125,126,78,128,129,130,131,132,133,134,135,136,137,138,139,140,50,82,143,144,145,146,147,148,149,150,151,152,153,154,155,156,157,158,159,160,161,162,163,164,165,166,167,168,169,170,171,172,173,127,175,176,177,178,179,180,181,182,183,184,185,186,187,188,189,190,191,192,193,194,195,196,197,198,199];False
7123;8690;15813;[77,141,11,3,26,43,18,30,25,9,4,1,12,32,14,15,124,46,174,19,61,41,22,23,24,69,5,27,99,56,63,31,29,33,17,8,36,95,38,39,40,49,42,7,44,45,60,47,48,21,92,51,53,13,54,55,6,57,58,59,2,0,62,96,64,10,66,117,68,20,70,71,72,65,74,75,67,79,76,28,80,81,114,83,52,85,86,87,88,89,73,91,35,93,94,37,142,97,98,84,100,101,16,103,104,105,106,107,108,102,110,111,112,113,109,115,116,34,118,119,120,121,122,123,90,125,126,78,128,129,130,131,132,133,134,135,136,137,138,139,140,50,82,143,144,145,146,147,148,149,150,151,152,153,154,155,156,157,158,159,160,161,162,163,164,165,166,167,168,169,170,171,172,173,127,175,176,177,178,179,180,181,182,183,184,185,186,187,188,189,190,191,192,193,194,195,196,197,198,199];False
7104;8701;15805;[76,141,11,3,26,43,18,30,25,9,4,1,12,32,14,15,124,46,174,19,61,41,22,23,24,69,5,27,99,56,63,31,29,33,17,8,36,95,38,39,40,49,42,7,44,45,60,47,48,21,92,51,53,13,54,55,6,57,58,59,2,0,62,96,64,10,66,117,68,20,70,71,72,65,74,75,67,77,79,28,80,81,114,83,52,85,86,87,88,89,73,91,35,93,94,37,142,97,98,84,100,101,16,103,104,105,106,107,108,102,110,111,112,113,109,115,116,34,118,119,120,121,122,123,90,125,126,78,128,129,130,131,132,133,134,135,136,137,138,139,140,50,82,143,144,145,146,147,148,149,150,151,152,153,154,155,156,157,158,159,160,161,162,163,164,165,166,167,168,169,170,171,172,173,127,175,176,177,178,179,180,181,182,183,184,185,186,187,188,189,190,191,192,193,194,195,196,197,198,199];False
7097;8708;15805;[85,141,11,3,26,43,18,30,25,9,4,1,12,32,14,15,124,46,174,19,61,41,22,23,24,69,5,27,99,56,63,31,29,33,17,8,36,95,38,39,40,49,42,7,44,45,60,47,48,21,92,51,53,13,54,55,6,57,58,59,2,0,62,96,64,10,66,117,68,20,70,71,72,65,74,75,67,77,76,28,80,81,114,83,52,79,86,87,88,89,73,91,35,93,94,37,142,97,98,84,100,101,16,103,104,105,106,107,108,102,110,111,112,113,109,115,116,34,118,119,120,121,122,123,90,125,126,78,128,129,130,131,132,133,134,135,136,137,138,139,140,50,82,143,144,145,146,147,148,149,150,151,152,153,154,155,156,157,158,159,160,161,162,163,164,165,166,167,168,169,170,171,172,173,127,175,176,177,178,179,180,181,182,183,184,185,186,187,188,189,190,191,192,193,194,195,196,197,198,199];False
7154;8689;15843;[131,141,11,3,26,43,18,30,25,9,4,1,12,32,14,15,124,46,174,19,61,41,22,23,24,69,5,27,99,56,63,31,29,33,17,8,36,95,38,39,40,49,42,7,44,45,60,47,48,21,92,51,53,13,54,55,6,57,58,59,2,0,62,96,64,10,66,117,68,20,70,71,72,65,74,75,67,77,76,28,80,81,114,83,52,85,86,87,88,89,73,91,35,93,94,37,142,97,98,84,100,101,16,103,104,105,106,107,108,102,110,111,112,113,109,115,116,34,118,119,120,121,122,123,90,125,126,78,128,129,130,79,132,133,134,135,136,137,138,139,140,50,82,143,144,145,146,147,148,149,150,151,152,153,154,155,156,157,158,159,160,161,162,163,164,165,166,167,168,169,170,171,172,173,127,175,176,177,178,179,180,181,182,183,184,185,186,187,188,189,190,191,192,193,194,195,196,197,198,199];False
7087;8692;15779;[132,141,11,3,26,43,18,30,25,9,4,1,12,32,14,15,124,46,174,19,61,41,22,23,24,69,5,27,99,56,63,31,29,33,17,8,36,95,38,39,40,49,42,7,44,45,60,47,48,21,92,51,53,13,54,55,6,57,58,59,2,0,62,96,64,10,66,117,68,20,70,71,72,65,74,75,67,77,76,28,80,81,114,83,52,85,86,87,88,89,73,91,35,93,94,37,142,97,98,84,100,101,16,103,104,105,106,107,108,102,110,111,112,113,109,115,116,34,118,119,120,121,122,123,90,125,126,78,128,129,130,131,79,133,134,135,136,137,138,139,140,50,82,143,144,145,146,147,148,149,150,151,152,153,154,155,156,157,158,159,160,161,162,163,164,165,166,167,168,169,170,171,172,173,127,175,176,177,178,179,180,181,182,183,184,185,186,187,188,189,190,191,192,193,194,195,196,197,198,199];False
7144;8679;15823;[149,141,11,3,26,43,18,30,25,9,4,1,12,32,14,15,124,46,174,19,61,41,22,23,24,69,5,27,99,56,63,31,29,33,17,8,36,95,38,39,40,49,42,7,44,45,60,47,48,21,92,51,53,13,54,55,6,57,58,59,2,0,62,96,64,10,66,117,68,20,70,71,72,65,74,75,67,77,76,28,80,81,114,83,52,85,86,87,88,89,73,91,35,93,94,37,142,97,98,84,100,101,16,103,104,105,106,107,108,102,110,111,112,113,109,115,116,34,118,119,120,121,122,123,90,125,126,78,128,129,130,131,132,133,134,135,136,137,138,139,140,50,82,143,144,145,146,147,148,79,150,151,152,153,154,155,156,157,158,159,160,161,162,163,164,165,166,167,168,169,170,171,172,173,127,175,176,177,178,179,180,181,182,183,184,185,186,187,188,189,190,191,192,193,194,195,196,197,198,199];False
7398;8634;16032;[40,141,11,3,26,43,18,30,25,9,4,1,12,32,14,15,124,46,174,19,61,41,22,23,24,69,5,27,99,56,63,31,29,33,17,8,36,95,38,39,77,158,42,7,44,45,60,47,48,21,92,51,53,13,54,55,6,57,58,59,2,0,62,96,64,10,66,117,68,20,70,71,72,65,74,75,67,49,76,28,80,81,114,83,52,85,86,87,88,89,73,91,35,93,94,37,84,97,98,79,100,101,16,103,104,105,106,107,108,102,110,111,112,113,109,115,116,34,118,119,120,121,122,123,90,125,126,78,128,129,130,131,132,133,134,135,136,137,138,139,140,50,142,143,144,145,146,147,148,149,150,151,152,153,154,155,156,157,82,159,160,161,162,163,164,165,166,167,168,169,170,171,172,173,127,175,176,177,178,179,180,181,182,183,184,185,186,187,188,189,190,191,192,193,194,195,196,197,198,199];False
7428;8621;16049;[60,141,11,3,26,43,18,30,25,9,4,1,12,32,14,15,124,46,174,19,61,41,22,23,24,69,5,27,99,56,63,31,29,33,17,8,36,95,38,39,40,158,42,7,44,45,100,47,48,21,92,51,53,13,54,55,6,57,58,59,2,0,62,96,64,10,66,117,68,20,70,71,72,65,74,75,67,77,76,28,80,81,114,83,52,85,86,87,88,89,73,91,35,93,94,37,84,97,98,79,49,101,16,103,104,105,106,107,108,102,110,111,112,113,109,115,116,34,118,119,120,121,122,123,90,125,126,78,128,129,130,131,132,133,134,135,136,137,138,139,140,50,142,143,144,145,146,147,148,149,150,151,152,153,154,155,156,157,82,159,160,161,162,163,164,165,166,167,168,169,170,171,172,173,127,175,176,177,178,179,180,181,182,183,184,185,186,187,188,189,190,191,192,193,194,195,196,197,198,199];False
7383;8630;16013;[79,141,11,3,26,43,18,30,25,9,4,1,12,32,14,15,124,46,174,19,61,41,22,23,24,69,5,27,99,56,63,31,29,33,17,8,36,95,38,39,40,158,42,7,44,45,60,47,48,21,92,51,53,13,54,55,6,57,58,59,2,0,62,96,64,10,66,117,68,20,70,71,72,65,74,75,67,77,76,28,80,81,114,83,52,85,86,87,88,89,73,91,35,93,94,37,84,97,98,100,49,101,16,103,104,105,106,107,108,102,110,111,112,113,109,115,116,34,118,119,120,121,122,123,90,125,126,78,128,129,130,131,132,133,134,135,136,137,138,139,140,50,142,143,144,145,146,147,148,149,150,151,152,153,154,155,156,157,82,159,160,161,162,163,164,165,166,167,168,169,170,171,172,173,127,175,176,177,178,179,180,181,182,183,184,185,186,187,188,189,190,191,192,193,194,195,196,197,198,199];False
7482;8620;16102;[131,141,11,3,26,43,18,30,25,9,4,1,12,32,14,15,124,46,174,19,61,41,22,23,24,69,5,27,99,56,63,31,29,33,17,8,36,95,38,39,40,158,42,7,44,45,60,47,48,21,92,51,53,13,54,55,6,57,58,59,2,0,62,96,64,10,66,117,68,20,70,71,72,65,74,75,67,77,76,28,80,81,114,83,52,85,86,87,88,89,73,91,35,93,94,37,84,97,98,79,49,101,16,103,104,105,106,107,108,102,110,111,112,113,109,115,116,34,118,119,120,121,122,123,90,125,126,78,128,129,130,100,132,133,134,135,136,137,138,139,140,50,142,143,144,145,146,147,148,149,150,151,152,153,154,155,156,157,82,159,160,161,162,163,164,165,166,167,168,169,170,171,172,173,127,175,176,177,178,179,180,181,182,183,184,185,186,187,188,189,190,191,192,193,194,195,196,197,198,199];False
7486;8611;16097;[174,141,11,3,26,43,18,30,25,9,4,1,12,32,14,15,124,46,121,19,61,41,22,23,24,69,5,27,99,56,63,31,29,33,17,8,36,95,38,39,40,158,42,7,44,45,60,47,48,21,92,51,53,13,54,55,6,57,58,59,2,0,62,96,64,10,66,117,68,20,70,71,72,65,74,75,67,77,76,28,80,81,114,83,52,85,86,87,88,89,73,91,35,93,94,37,84,97,98,79,100,101,16,103,104,105,106,107,108,102,110,111,112,113,109,115,116,34,118,119,120,49,122,123,90,125,126,78,128,129,130,131,132,133,134,135,136,137,138,139,140,50,142,143,144,145,146,147,148,149,150,151,152,153,154,155,156,157,82,159,160,161,162,163,164,165,166,167,168,169,170,171,172,173,127,175,176,177,178,179,180,181,182,183,184,185,186,187,188,189,190,191,192,193,194,195,196,197,198,199];False
7411;8622;16033;[19,141,11,3,26,43,18,30,25,9,4,1,12,32,14,15,124,46,174,121,61,41,22,23,24,69,5,27,99,56,63,31,29,33,17,8,36,95,38,39,40,158,42,7,44,45,60,47,48,21,92,51,53,13,54,55,6,57,58,59,2,0,62,96,64,10,66,117,68,20,70,71,72,65,74,75,67,77,76,28,80,81,114,83,52,85,86,87,88,89,73,91,35,93,94,37,84,97,98,79,100,101,16,103,104,105,106,107,108,102,110,111,112,113,109,115,116,34,118,119,120,49,122,123,90,125,126,78,128,129,130,131,132,133,134,135,136,137,138,139,140,50,142,143,144,145,146,147,148,149,150,151,152,153,154,155,156,157,82,159,160,161,162,163,164,165,166,167,168,169,170,171,172,173,127,175,176,177,178,179,180,181,182,183,184,185,186,187,188,189,190,191,192,193,194,195,196,197,198,199];False
7295;8646;15941;[60,141,11,3,26,43,18,30,25,9,4,1,12,32,14,15,124,46,174,19,61,41,22,23,24,69,5,27,99,56,63,31,29,33,17,8,36,95,38,39,40,158,42,7,44,45,121,47,48,21,92,51,53,13,54,55,6,57,58,59,2,0,62,96,64,10,66,117,68,20,70,71,72,65,74,75,67,77,76,28,80,81,114,83,52,85,86,87,88,89,73,91,35,93,94,37,84,97,98,79,100,101,16,103,104,105,106,107,108,102,110,111,112,113,109,115,116,34,118,119,120,49,122,123,90,125,126,78,128,129,130,131,132,133,134,135,136,137,138,139,140,50,142,143,144,145,146,147,148,149,150,151,152,153,154,155,156,157,82,159,160,161,162,163,164,165,166,167,168,169,170,171,172,173,127,175,176,177,178,179,180,181,182,183,184,185,186,187,188,189,190,191,192,193,194,195,196,197,198,199];False
7299;8644;15943;[92,141,11,3,26,43,18,30,25,9,4,1,12,32,14,15,124,46,174,19,61,41,22,23,24,69,5,27,99,56,63,31,29,33,17,8,36,95,38,39,40,158,42,7,44,45,60,47,48,21,121,51,53,13,54,55,6,57,58,59,2,0,62,96,64,10,66,117,68,20,70,71,72,65,74,75,67,77,76,28,80,81,114,83,52,85,86,87,88,89,73,91,35,93,94,37,84,97,98,79,100,101,16,103,104,105,106,107,108,102,110,111,112,113,109,115,116,34,118,119,120,49,122,123,90,125,126,78,128,129,130,131,132,133,134,135,136,137,138,139,140,50,142,143,144,145,146,147,148,149,150,151,152,153,154,155,156,157,82,159,160,161,162,163,164,165,166,167,168,169,170,171,172,173,127,175,176,177,178,179,180,181,182,183,184,185,186,187,188,189,190,191,192,193,194,195,196,197,198,199];False
7363;8642;16005;[55,141,11,3,26,43,18,30,25,9,4,1,12,32,14,15,124,46,174,19,61,41,22,23,24,69,5,27,99,56,63,31,29,33,17,8,36,95,38,39,40,158,42,7,44,45,60,47,48,21,92,51,53,13,54,121,6,57,58,59,2,0,62,96,64,10,66,117,68,20,70,71,72,65,74,75,67,77,76,28,80,81,114,83,52,85,86,87,88,89,73,91,35,93,94,37,84,97,98,79,100,101,16,103,104,105,106,107,108,102,110,111,112,113,109,115,116,34,118,119,120,49,122,123,90,125,126,78,128,129,130,131,132,133,134,135,136,137,138,139,140,50,142,143,144,145,146,147,148,149,150,151,152,153,154,155,156,157,82,159,160,161,162,163,164,165,166,167,168,169,170,171,172,173,127,175,176,177,178,179,180,181,182,183,184,185,186,187,188,189,190,191,192,193,194,195,196,197,198,199];False
7304;8639;15943;[64,141,11,3,26,43,18,30,25,9,4,1,12,32,14,15,124,46,174,19,61,41,22,23,24,69,5,27,99,56,63,31,29,33,17,8,36,95,38,39,40,158,42,7,44,45,60,47,48,21,92,51,53,13,54,55,6,57,58,59,2,0,62,96,121,10,66,117,68,20,70,71,72,65,74,75,67,77,76,28,80,81,114,83,52,85,86,87,88,89,73,91,35,93,94,37,84,97,98,79,100,101,16,103,104,105,106,107,108,102,110,111,112,113,109,115,116,34,118,119,120,49,122,123,90,125,126,78,128,129,130,131,132,133,134,135,136,137,138,139,140,50,142,143,144,145,146,147,148,149,150,151,152,153,154,155,156,157,82,159,160,161,162,163,164,165,166,167,168,169,170,171,172,173,127,175,176,177,178,179,180,181,182,183,184,185,186,187,188,189,190,191,192,193,194,195,196,197,198,199];False
7390;8624;16014;[10,141,11,3,26,43,18,30,25,9,4,1,12,32,14,15,124,46,174,19,61,41,22,23,24,69,5,27,99,56,63,31,29,33,17,8,36,95,38,39,40,158,42,7,44,45,60,47,48,21,92,51,53,13,54,55,6,57,58,59,2,0,62,96,64,121,66,117,68,20,70,71,72,65,74,75,67,77,76,28,80,81,114,83,52,85,86,87,88,89,73,91,35,93,94,37,84,97,98,79,100,101,16,103,104,105,106,107,108,102,110,111,112,113,109,115,116,34,118,119,120,49,122,123,90,125,126,78,128,129,130,131,132,133,134,135,136,137,138,139,140,50,142,143,144,145,146,147,148,149,150,151,152,153,154,155,156,157,82,159,160,161,162,163,164,165,166,167,168,169,170,171,172,173,127,175,176,177,178,179,180,181,182,183,184,185,186,187,188,189,190,191,192,193,194,195,196,197,198,199];False
7271;8643;15914;[66,141,11,3,26,43,18,30,25,9,4,1,12,32,14,15,124,46,174,19,61,41,22,23,24,69,5,27,99,56,63,31,29,33,17,8,36,95,38,39,40,158,42,7,44,45,60,47,48,21,92,51,53,13,54,55,6,57,58,59,2,0,62,96,64,10,121,117,68,20,70,71,72,65,74,75,67,77,76,28,80,81,114,83,52,85,86,87,88,89,73,91,35,93,94,37,84,97,98,79,100,101,16,103,104,105,106,107,108,102,110,111,112,113,109,115,116,34,118,119,120,49,122,123,90,125,126,78,128,129,130,131,132,133,134,135,136,137,138,139,140,50,142,143,144,145,146,147,148,149,150,151,152,153,154,155,156,157,82,159,160,161,162,163,164,165,166,167,168,169,170,171,172,173,127,175,176,177,178,179,180,181,182,183,184,185,186,187,188,189,190,191,192,193,194,195,196,197,198,199];False
7381;8620;16001;[75,141,11,3,26,43,18,30,25,9,4,1,12,32,14,15,124,46,174,19,61,41,22,23,24,69,5,27,99,56,63,31,29,33,17,8,36,95,38,39,40,158,42,7,44,45,60,47,48,21,92,51,53,13,54,55,6,57,58,59,2,0,62,96,64,10,66,117,68,20,70,71,72,65,74,147,67,77,76,28,80,81,114,83,52,85,86,87,88,89,73,91,35,93,94,37,84,97,98,79,100,101,16,103,104,105,106,107,108,102,110,111,112,113,109,115,116,34,118,119,120,121,122,123,90,125,126,78,128,129,130,131,132,133,134,135,136,137,138,139,140,50,142,143,144,145,146,49,148,149,150,151,152,153,154,155,156,157,82,159,160,161,162,163,164,165,166,167,168,169,170,171,172,173,127,175,176,177,178,179,180,181,182,183,184,185,186,187,188,189,190,191,192,193,194,195,196,197,198,199];False
7309;8632;15941;[76,141,11,3,26,43,18,30,25,9,4,1,12,32,14,15,124,46,174,19,61,41,22,23,24,69,5,27,99,56,63,31,29,33,17,8,36,95,38,39,40,158,42,7,44,45,60,47,48,21,92,51,53,13,54,55,6,57,58,59,2,0,62,96,64,10,66,117,68,20,70,71,72,65,74,75,67,77,147,28,80,81,114,83,52,85,86,87,88,89,73,91,35,93,94,37,84,97,98,79,100,101,16,103,104,105,106,107,108,102,110,111,112,113,109,115,116,34,118,119,120,121,122,123,90,125,126,78,128,129,130,131,132,133,134,135,136,137,138,139,140,50,142,143,144,145,146,49,148,149,150,151,152,153,154,155,156,157,82,159,160,161,162,163,164,165,166,167,168,169,170,171,172,173,127,175,176,177,178,179,180,181,182,183,184,185,186,187,188,189,190,191,192,193,194,195,196,197,198,199];False
6778;8891;15669;[109,141,11,47,26,43,18,30,25,9,4,1,12,32,3,15,124,94,46,14,61,41,22,23,24,69,5,27,16,56,63,31,29,33,17,8,36,95,38,85,77,49,42,7,44,45,60,39,48,21,92,51,53,13,54,55,6,57,58,59,2,0,62,102,64,10,66,117,68,20,70,71,72,65,74,75,67,28,76,79,80,81,82,83,40,37,86,87,88,89,73,91,35,93,99,114,96,97,98,84,100,101,78,52,104,105,106,107,108,19,110,111,112,113,103,115,116,34,118,119,120,121,122,123,90,125,126,127,128,129,130,131,132,133,134,135,136,137,138,139,140,50,142,143,144,145,146,147,148,149,150,151,152,153,154,155,156,157,158,159,160,161,162,163,164,165,166,167,168,169,170,171,172,173,174,175,176,177,178,179,180,181,182,183,184,185,186,187,188,189,190,191,192,193,194,195,196,197,198,199];False
6856;8863;15719;[53,141,11,47,26,43,18,30,25,9,4,1,12,32,3,15,124,94,46,14,61,41,22,23,24,69,5,27,109,56,63,31,29,33,17,8,36,95,38,85,77,49,42,7,44,45,60,39,48,21,92,51,16,13,54,55,6,57,58,59,2,0,62,102,64,10,66,117,68,20,70,71,72,65,74,75,67,28,76,79,80,81,82,83,40,37,86,87,88,89,73,91,35,93,99,114,96,97,98,84,100,101,78,52,104,105,106,107,108,19,110,111,112,113,103,115,116,34,118,119,120,121,122,123,90,125,126,127,128,129,130,131,132,133,134,135,136,137,138,139,140,50,142,143,144,145,146,147,148,149,150,151,152,153,154,155,156,157,158,159,160,161,162,163,164,165,166,167,168,169,170,171,172,173,174,175,176,177,178,179,180,181,182,183,184,185,186,187,188,189,190,191,192,193,194,195,196,197,198,199];False
6803;8868;15671;[99,141,11,47,26,43,18,30,25,9,4,1,12,32,3,15,124,94,46,14,61,41,22,23,24,69,5,27,109,56,63,31,29,33,17,8,36,95,38,85,77,49,42,7,44,45,60,39,48,21,92,51,53,13,54,55,6,57,58,59,2,0,62,102,64,10,66,117,68,20,70,71,72,65,74,75,67,28,76,79,80,81,82,83,40,37,86,87,88,89,73,91,35,93,16,114,96,97,98,84,100,101,78,52,104,105,106,107,108,19,110,111,112,113,103,115,116,34,118,119,120,121,122,123,90,125,126,127,128,129,130,131,132,133,134,135,136,137,138,139,140,50,142,143,144,145,146,147,148,149,150,151,152,153,154,155,156,157,158,159,160,161,162,163,164,165,166,167,168,169,170,171,172,173,174,175,176,177,178,179,180,181,182,183,184,185,186,187,188,189,190,191,192,193,194,195,196,197,198,199];False
6919;8831;15750;[4,141,11,47,26,43,18,30,25,105,46,1,12,32,3,15,124,9,16,14,61,41,22,23,24,69,5,27,109,56,63,31,29,33,17,8,36,95,38,85,77,49,42,7,44,45,60,39,48,21,92,51,53,13,54,55,6,57,58,59,2,0,62,102,64,10,66,117,68,20,70,71,72,65,74,75,67,28,76,79,80,81,82,83,40,37,86,87,88,89,73,91,35,93,94,114,96,97,98,84,100,101,78,52,104,99,106,107,108,19,110,111,112,113,103,115,116,34,118,119,120,121,122,123,90,125,126,127,128,129,130,131,132,133,134,135,136,137,138,139,140,50,142,143,144,145,146,147,148,149,150,151,152,153,154,155,156,157,158,159,160,161,162,163,164,165,166,167,168,169,170,171,172,173,174,175,176,177,178,179,180,181,182,183,184,185,186,187,188,189,190,191,192,193,194,195,196,197,198,199];False
6924;8821;15745;[12,141,11,47,26,43,18,30,25,105,4,1,46,32,3,15,124,9,16,14,61,41,22,23,24,69,5,27,109,56,63,31,29,33,17,8,36,95,38,85,77,49,42,7,44,45,60,39,48,21,92,51,53,13,54,55,6,57,58,59,2,0,62,102,64,10,66,117,68,20,70,71,72,65,74,75,67,28,76,79,80,81,82,83,40,37,86,87,88,89,73,91,35,93,94,114,96,97,98,84,100,101,78,52,104,99,106,107,108,19,110,111,112,113,103,115,116,34,118,119,120,121,122,123,90,125,126,127,128,129,130,131,132,133,134,135,136,137,138,139,140,50,142,143,144,145,146,147,148,149,150,151,152,153,154,155,156,157,158,159,160,161,162,163,164,165,166,167,168,169,170,171,172,173,174,175,176,177,178,179,180,181,182,183,184,185,186,187,188,189,190,191,192,193,194,195,196,197,198,199];False
6843;8848;15691;[9,141,11,47,26,43,18,30,25,105,4,1,12,32,3,15,124,46,16,14,61,41,22,23,24,69,5,27,109,56,63,31,29,33,17,8,36,95,38,85,77,49,42,7,44,45,60,39,48,21,92,51,53,13,54,55,6,57,58,59,2,0,62,102,64,10,66,117,68,20,70,71,72,65,74,75,67,28,76,79,80,81,82,83,40,37,86,87,88,89,73,91,35,93,94,114,96,97,98,84,100,101,78,52,104,99,106,107,108,19,110,111,112,113,103,115,116,34,118,119,120,121,122,123,90,125,126,127,128,129,130,131,132,133,134,135,136,137,138,139,140,50,142,143,144,145,146,147,148,149,150,151,152,153,154,155,156,157,158,159,160,161,162,163,164,165,166,167,168,169,170,171,172,173,174,175,176,177,178,179,180,181,182,183,184,185,186,187,188,189,190,191,192,193,194,195,196,197,198,199];False
6886;8831;15717;[16,141,11,47,26,43,18,30,25,105,4,1,12,32,3,15,124,9,46,14,61,41,22,23,24,69,5,27,109,56,63,31,29,33,17,8,36,95,38,85,77,49,42,7,44,45,60,39,48,21,92,51,53,13,54,55,6,57,58,59,2,0,62,102,64,10,66,117,68,20,70,71,72,65,74,75,67,28,76,79,80,81,82,83,40,37,86,87,88,89,73,91,35,93,94,114,96,97,98,84,100,101,78,52,104,99,106,107,108,19,110,111,112,113,103,115,116,34,118,119,120,121,122,123,90,125,126,127,128,129,130,131,132,133,134,135,136,137,138,139,140,50,142,143,144,145,146,147,148,149,150,151,152,153,154,155,156,157,158,159,160,161,162,163,164,165,166,167,168,169,170,171,172,173,174,175,176,177,178,179,180,181,182,183,184,185,186,187,188,189,190,191,192,193,194,195,196,197,198,199];False
6840;8828;15668;[23,141,11,47,26,43,18,30,25,105,4,1,12,32,3,15,124,9,16,14,61,41,22,46,24,69,5,27,109,56,63,31,29,33,17,8,36,95,38,85,77,49,42,7,44,45,60,39,48,21,92,51,53,13,54,55,6,57,58,59,2,0,62,102,64,10,66,117,68,20,70,71,72,65,74,75,67,28,76,79,80,81,82,83,40,37,86,87,88,89,73,91,35,93,94,114,96,97,98,84,100,101,78,52,104,99,106,107,108,19,110,111,112,113,103,115,116,34,118,119,120,121,122,123,90,125,126,127,128,129,130,131,132,133,134,135,136,137,138,139,140,50,142,143,144,145,146,147,148,149,150,151,152,153,154,155,156,157,158,159,160,161,162,163,164,165,166,167,168,169,170,171,172,173,174,175,176,177,178,179,180,181,182,183,184,185,186,187,188,189,190,191,192,193,194,195,196,197,198,199];False
6532;9053;15585;[61,52,11,3,26,96,18,30,25,94,75,1,12,32,14,15,124,9,16,19,74,41,22,23,24,69,5,27,28,56,63,31,29,33,17,35,36,37,60,39,40,49,42,7,44,45,86,47,48,21,50,51,53,13,54,55,6,57,58,59,2,0,77,46,64,10,66,117,68,20,70,71,72,65,8,84,67,81,80,79,38,73,82,83,76,85,92,87,88,89,4,91,109,93,62,95,115,97,98,99,100,101,102,103,104,105,43,107,108,151,110,111,112,113,114,121,116,34,118,119,120,106,122,123,90,125,126,127,128,129,130,131,132,133,134,135,136,137,138,139,140,141,142,143,144,145,146,147,148,149,150,78,152,153,154,155,156,157,158,159,160,161,162,163,164,165,166,167,168,169,170,171,172,173,174,175,176,177,178,179,180,181,182,183,184,185,186,187,188,189,190,191,192,193,194,195,196,197,198,199];False
6521;9042;15563;[36,52,11,3,26,96,18,30,25,94,75,1,12,32,14,15,124,9,16,19,61,41,22,23,24,69,5,27,28,56,63,31,29,33,17,35,74,37,60,39,40,49,42,7,44,45,86,47,48,21,50,51,53,13,54,55,6,57,58,59,2,0,77,46,64,10,66,117,68,20,70,71,72,65,8,84,67,81,80,79,38,73,82,83,76,85,92,87,88,89,4,91,109,93,62,95,115,97,98,99,100,101,102,103,104,105,43,107,108,151,110,111,112,113,114,121,116,34,118,119,120,106,122,123,90,125,126,127,128,129,130,131,132,133,134,135,136,137,138,139,140,141,142,143,144,145,146,147,148,149,150,78,152,153,154,155,156,157,158,159,160,161,162,163,164,165,166,167,168,169,170,171,172,173,174,175,176,177,178,179,180,181,182,183,184,185,186,187,188,189,190,191,192,193,194,195,196,197,198,199];False
6575;9023;15598;[71,52,11,3,26,96,18,30,25,94,75,1,12,32,14,15,124,9,16,19,61,41,22,23,24,69,5,27,28,56,63,31,29,33,17,35,36,37,60,39,40,49,42,7,44,45,86,47,48,21,50,51,53,13,54,55,6,57,58,59,2,0,77,46,64,10,66,117,68,20,70,74,72,65,8,84,67,81,80,79,38,73,82,83,76,85,92,87,88,89,4,91,109,93,62,95,115,97,98,99,100,101,102,103,104,105,43,107,108,151,110,111,112,113,114,121,116,34,118,119,120,106,122,123,90,125,126,127,128,129,130,131,132,133,134,135,136,137,138,139,140,141,142,143,144,145,146,147,148,149,150,78,152,153,154,155,156,157,158,159,160,161,162,163,164,165,166,167,168,169,170,171,172,173,174,175,176,177,178,179,180,181,182,183,184,185,186,187,188,189,190,191,192,193,194,195,196,197,198,199];False
6545;9029;15574;[65,52,11,3,26,96,18,30,25,94,75,1,12,32,14,15,124,9,16,19,61,41,22,23,24,69,5,27,28,56,63,31,29,33,17,35,36,37,60,39,40,49,42,7,44,45,86,47,48,21,50,51,53,13,54,55,6,57,58,59,2,0,77,46,64,10,66,117,68,20,70,71,72,74,8,84,67,81,80,79,38,73,82,83,76,85,92,87,88,89,4,91,109,93,62,95,115,97,98,99,100,101,102,103,104,105,43,107,108,151,110,111,112,113,114,121,116,34,118,119,120,106,122,123,90,125,126,127,128,129,130,131,132,133,134,135,136,137,138,139,140,141,142,143,144,145,146,147,148,149,150,78,152,153,154,155,156,157,158,159,160,161,162,163,164,165,166,167,168,169,170,171,172,173,174,175,176,177,178,179,180,181,182,183,184,185,186,187,188,189,190,191,192,193,194,195,196,197,198,199];False
6608;9003;15611;[99,52,11,3,26,96,18,30,25,94,75,1,12,32,14,15,124,9,16,19,61,41,22,23,24,69,5,27,28,56,63,31,29,33,17,35,36,37,60,39,40,49,42,7,44,45,86,47,48,21,50,51,53,13,54,55,6,57,58,59,2,0,77,46,64,10,66,117,68,20,70,71,72,65,8,84,67,81,80,79,38,73,82,83,76,85,92,87,88,89,4,91,109,93,62,95,115,97,98,74,100,101,102,103,104,105,43,107,108,151,110,111,112,113,114,121,116,34,118,119,120,106,122,123,90,125,126,127,128,129,130,131,132,133,134,135,136,137,138,139,140,141,142,143,144,145,146,147,148,149,150,78,152,153,154,155,156,157,158,159,160,161,162,163,164,165,166,167,168,169,170,171,172,173,174,175,176,177,178,179,180,181,182,183,184,185,186,187,188,189,190,191,192,193,194,195,196,197,198,199];False
6471;9050;15521;[104,52,11,3,26,96,18,30,25,94,75,1,12,32,14,15,124,9,16,19,61,41,22,23,24,69,5,27,28,56,63,31,29,33,17,35,36,37,60,39,40,49,42,7,44,45,86,47,48,21,50,51,53,13,54,55,6,57,58,59,2,0,77,46,64,10,66,117,68,20,70,71,72,65,8,84,67,81,80,79,38,73,82,83,76,85,92,87,88,89,4,91,109,93,62,95,115,97,98,99,100,101,102,103,74,105,43,107,108,151,110,111,112,113,114,121,116,34,118,119,120,106,122,123,90,125,126,127,128,129,130,131,132,133,134,135,136,137,138,139,140,141,142,143,144,145,146,147,148,149,150,78,152,153,154,155,156,157,158,159,160,161,162,163,164,165,166,167,168,169,170,171,172,173,174,175,176,177,178,179,180,181,182,183,184,185,186,187,188,189,190,191,192,193,194,195,196,197,198,199];False
6590;9016;15606;[114,52,11,3,26,96,18,30,25,94,75,1,12,32,14,15,124,9,16,19,61,41,22,23,24,69,5,27,28,56,63,31,29,33,17,35,36,37,60,39,40,49,42,7,44,45,86,47,48,21,50,51,53,13,54,55,6,57,58,59,2,0,77,46,64,10,66,117,68,20,70,71,72,65,8,84,67,81,80,79,38,73,82,83,76,85,92,87,88,89,4,91,109,93,62,95,115,97,98,99,100,101,102,103,104,105,43,107,108,151,110,111,112,113,74,121,116,34,118,119,120,106,122,123,90,125,126,127,128,129,130,131,132,133,134,135,136,137,138,139,140,141,142,143,144,145,146,147,148,149,150,78,152,153,154,155,156,157,158,159,160,161,162,163,164,165,166,167,168,169,170,171,172,173,174,175,176,177,178,179,180,181,182,183,184,185,186,187,188,189,190,191,192,193,194,195,196,197,198,199];False
6565;8998;15563;[122,52,11,3,26,96,18,30,25,94,75,1,12,32,14,15,124,9,16,19,61,41,22,23,24,69,5,27,28,56,63,31,29,33,17,35,36,37,60,39,40,49,42,7,44,45,86,47,48,21,50,51,53,13,54,55,6,57,58,59,2,0,77,46,64,10,66,117,68,20,70,71,72,65,8,84,67,81,80,79,38,73,82,83,76,85,92,87,88,89,4,91,109,93,62,95,115,97,98,99,100,101,102,103,104,105,43,107,108,151,110,111,112,113,114,121,116,34,118,119,120,106,74,123,90,125,126,127,128,129,130,131,132,133,134,135,136,137,138,139,140,141,142,143,144,145,146,147,148,149,150,78,152,153,154,155,156,157,158,159,160,161,162,163,164,165,166,167,168,169,170,171,172,173,174,175,176,177,178,179,180,181,182,183,184,185,186,187,188,189,190,191,192,193,194,195,196,197,198,199];False
6562;9026;15588;[22,52,11,3,26,96,18,30,25,94,75,1,12,32,14,15,124,9,16,19,61,41,102,23,24,69,5,27,28,56,63,31,29,33,17,35,36,37,60,39,40,49,42,7,44,45,86,47,48,21,50,51,53,13,54,55,6,57,58,59,2,0,77,46,64,10,66,117,68,20,70,71,72,65,74,84,67,81,80,79,38,73,82,83,76,85,92,87,88,89,4,91,109,93,62,95,115,97,98,99,100,101,8,103,104,105,43,107,108,151,110,111,112,113,114,121,116,34,118,119,120,106,122,123,90,125,126,127,128,129,130,131,132,133,134,135,136,137,138,139,140,141,142,143,144,145,146,147,148,149,150,78,152,153,154,155,156,157,158,159,160,161,162,163,164,165,166,167,168,169,170,171,172,173,174,175,176,177,178,179,180,181,182,183,184,185,186,187,188,189,190,191,192,193,194,195,196,197,198,199];False
6497;9047;15544;[36,52,11,3,26,96,18,30,25,94,75,1,12,32,14,15,124,9,16,19,61,41,22,23,24,69,5,27,28,56,63,31,29,33,17,35,102,37,60,39,40,49,42,7,44,45,86,47,48,21,50,51,53,13,54,55,6,57,58,59,2,0,77,46,64,10,66,117,68,20,70,71,72,65,74,84,67,81,80,79,38,73,82,83,76,85,92,87,88,89,4,91,109,93,62,95,115,97,98,99,100,101,8,103,104,105,43,107,108,151,110,111,112,113,114,121,116,34,118,119,120,106,122,123,90,125,126,127,128,129,130,131,132,133,134,135,136,137,138,139,140,141,142,143,144,145,146,147,148,149,150,78,152,153,154,155,156,157,158,159,160,161,162,163,164,165,166,167,168,169,170,171,172,173,174,175,176,177,178,179,180,181,182,183,184,185,186,187,188,189,190,191,192,193,194,195,196,197,198,199];False
6548;9007;15555;[109,52,11,3,26,96,18,30,25,94,75,1,12,32,14,15,124,9,16,19,61,41,22,23,24,69,5,27,28,56,63,31,29,33,17,35,36,37,60,39,40,49,42,7,44,45,86,47,48,21,50,51,53,13,54,55,6,57,58,59,2,0,77,46,64,10,66,117,68,20,70,71,72,65,74,84,67,81,80,79,38,73,82,83,76,85,92,87,88,89,4,91,102,93,62,95,115,97,98,99,100,101,8,103,104,105,43,107,108,151,110,111,112,113,114,121,116,34,118,119,120,106,122,123,90,125,126,127,128,129,130,131,132,133,134,135,136,137,138,139,140,141,142,143,144,145,146,147,148,149,150,78,152,153,154,155,156,157,158,159,160,161,162,163,164,165,166,167,168,169,170,171,172,173,174,175,176,177,178,179,180,181,182,183,184,185,186,187,188,189,190,191,192,193,194,195,196,197,198,199];False
6614;8989;15603;[99,52,11,3,26,96,18,30,25,94,75,1,12,32,14,15,124,9,16,19,61,41,22,23,24,69,5,27,28,56,63,31,29,33,17,35,36,37,60,39,40,49,42,7,44,45,86,47,48,21,50,51,53,13,54,55,6,57,58,59,2,0,77,46,64,10,66,117,68,20,70,71,72,65,74,84,67,81,80,79,38,73,82,83,76,85,92,87,88,89,4,91,109,93,62,95,115,97,98,102,100,101,8,103,104,105,43,107,108,151,110,111,112,113,114,121,116,34,118,119,120,106,122,123,90,125,126,127,128,129,130,131,132,133,134,135,136,137,138,139,140,141,142,143,144,145,146,147,148,149,150,78,152,153,154,155,156,157,158,159,160,161,162,163,164,165,166,167,168,169,170,171,172,173,174,175,176,177,178,179,180,181,182,183,184,185,186,187,188,189,190,191,192,193,194,195,196,197,198,199];False
6672;8955;15627;[75,52,11,3,26,96,18,30,25,94,33,1,12,32,14,15,124,9,16,19,61,41,22,23,24,69,5,27,28,56,63,31,29,108,17,35,36,37,60,39,40,49,42,7,44,45,86,47,48,21,50,51,53,13,54,55,6,57,58,59,2,0,77,46,64,10,66,117,68,20,70,71,72,65,74,84,67,81,80,79,38,73,82,83,76,85,92,87,88,89,4,91,109,93,62,95,8,97,98,99,100,101,102,103,104,105,43,107,115,151,110,111,112,113,114,121,116,34,118,119,120,106,122,123,90,125,126,127,128,129,130,131,132,133,134,135,136,137,138,139,140,141,142,143,144,145,146,147,148,149,150,78,152,153,154,155,156,157,158,159,160,161,162,163,164,165,166,167,168,169,170,171,172,173,174,175,176,177,178,179,180,181,182,183,184,185,186,187,188,189,190,191,192,193,194,195,196,197,198,199];False
6704;8951;15655;[9,52,11,3,26,96,18,30,25,94,75,1,12,32,14,15,124,33,16,19,61,41,22,23,24,69,5,27,28,56,63,31,29,108,17,35,36,37,60,39,40,49,42,7,44,45,86,47,48,21,50,51,53,13,54,55,6,57,58,59,2,0,77,46,64,10,66,117,68,20,70,71,72,65,74,84,67,81,80,79,38,73,82,83,76,85,92,87,88,89,4,91,109,93,62,95,8,97,98,99,100,101,102,103,104,105,43,107,115,151,110,111,112,113,114,121,116,34,118,119,120,106,122,123,90,125,126,127,128,129,130,131,132,133,134,135,136,137,138,139,140,141,142,143,144,145,146,147,148,149,150,78,152,153,154,155,156,157,158,159,160,161,162,163,164,165,166,167,168,169,170,171,172,173,174,175,176,177,178,179,180,181,182,183,184,185,186,187,188,189,190,191,192,193,194,195,196,197,198,199];False
6669;8966;15635;[22,52,11,3,26,96,18,30,25,94,75,1,12,32,14,15,124,9,16,19,61,41,33,23,24,69,5,27,28,56,63,31,29,108,17,35,36,37,60,39,40,49,42,7,44,45,86,47,48,21,50,51,53,13,54,55,6,57,58,59,2,0,77,46,64,10,66,117,68,20,70,71,72,65,74,84,67,81,80,79,38,73,82,83,76,85,92,87,88,89,4,91,109,93,62,95,8,97,98,99,100,101,102,103,104,105,43,107,115,151,110,111,112,113,114,121,116,34,118,119,120,106,122,123,90,125,126,127,128,129,130,131,132,133,134,135,136,137,138,139,140,141,142,143,144,145,146,147,148,149,150,78,152,153,154,155,156,157,158,159,160,161,162,163,164,165,166,167,168,169,170,171,172,173,174,175,176,177,178,179,180,181,182,183,184,185,186,187,188,189,190,191,192,193,194,195,196,197,198,199];False
6624;8957;15581;[54,52,11,3,26,96,18,30,25,94,75,1,12,32,14,15,124,9,16,19,61,41,22,23,24,69,5,27,28,56,63,31,29,108,17,35,36,37,60,39,40,49,42,7,44,45,86,47,48,21,50,51,53,13,33,55,6,57,58,59,2,0,77,46,64,10,66,117,68,20,70,71,72,65,74,84,67,81,80,79,38,73,82,83,76,85,92,87,88,89,4,91,109,93,62,95,8,97,98,99,100,101,102,103,104,105,43,107,115,151,110,111,112,113,114,121,116,34,118,119,120,106,122,123,90,125,126,127,128,129,130,131,132,133,134,135,136,137,138,139,140,141,142,143,144,145,146,147,148,149,150,78,152,153,154,155,156,157,158,159,160,161,162,163,164,165,166,167,168,169,170,171,172,173,174,175,176,177,178,179,180,181,182,183,184,185,186,187,188,189,190,191,192,193,194,195,196,197,198,199];False
6798;8873;15671;[102,141,11,3,26,96,18,30,25,94,75,1,12,32,14,15,124,9,37,19,61,41,22,23,24,69,5,27,28,56,63,31,29,33,17,35,36,52,60,39,40,49,42,7,44,45,86,47,48,21,50,51,53,13,54,55,6,57,58,59,2,0,77,46,64,10,66,117,68,20,70,71,72,65,74,84,67,81,80,79,38,73,82,83,76,85,92,87,88,89,4,91,109,93,62,95,8,97,98,99,100,101,16,103,104,105,43,107,108,151,110,111,112,113,114,115,116,34,118,119,120,121,122,123,90,125,126,127,128,129,130,131,132,133,134,135,136,137,138,139,140,106,142,143,144,145,146,147,148,149,150,78,152,153,154,155,156,157,158,159,160,161,162,163,164,165,166,167,168,169,170,171,172,173,174,175,176,177,178,179,180,181,182,183,184,185,186,187,188,189,190,191,192,193,194,195,196,197,198,199];False
6708;8899;15607;[14,141,11,3,26,96,18,30,25,94,75,1,12,32,103,15,124,9,16,19,61,41,22,23,24,69,5,27,28,56,63,31,29,33,17,35,36,52,60,39,40,49,42,7,44,45,86,47,48,21,50,51,53,13,54,55,6,57,58,59,2,0,77,46,64,10,66,117,68,20,70,71,72,65,74,84,67,81,80,79,38,73,82,83,76,85,92,87,88,89,4,91,109,93,62,95,8,97,98,99,100,101,102,37,104,105,43,107,108,151,110,111,112,113,114,115,116,34,118,119,120,121,122,123,90,125,126,127,128,129,130,131,132,133,134,135,136,137,138,139,140,106,142,143,144,145,146,147,148,149,150,78,152,153,154,155,156,157,158,159,160,161,162,163,164,165,166,167,168,169,170,171,172,173,174,175,176,177,178,179,180,181,182,183,184,185,186,187,188,189,190,191,192,193,194,195,196,197,198,199];False
6755;8888;15643;[16,141,11,3,26,96,18,30,25,94,75,1,12,32,14,15,124,9,103,19,61,41,22,23,24,69,5,27,28,56,63,31,29,33,17,35,36,52,60,39,40,49,42,7,44,45,86,47,48,21,50,51,53,13,54,55,6,57,58,59,2,0,77,46,64,10,66,117,68,20,70,71,72,65,74,84,67,81,80,79,38,73,82,83,76,85,92,87,88,89,4,91,109,93,62,95,8,97,98,99,100,101,102,37,104,105,43,107,108,151,110,111,112,113,114,115,116,34,118,119,120,121,122,123,90,125,126,127,128,129,130,131,132,133,134,135,136,137,138,139,140,106,142,143,144,145,146,147,148,149,150,78,152,153,154,155,156,157,158,159,160,161,162,163,164,165,166,167,168,169,170,171,172,173,174,175,176,177,178,179,180,181,182,183,184,185,186,187,188,189,190,191,192,193,194,195,196,197,198,199];False
6788;8874;15662;[19,141,11,3,26,96,18,30,25,94,75,1,12,32,14,15,124,9,16,103,61,41,22,23,24,69,5,27,28,56,63,31,29,33,17,35,36,52,60,39,40,49,42,7,44,45,86,47,48,21,50,51,53,13,54,55,6,57,58,59,2,0,77,46,64,10,66,117,68,20,70,71,72,65,74,84,67,81,80,79,38,73,82,83,76,85,92,87,88,89,4,91,109,93,62,95,8,97,98,99,100,101,102,37,104,105,43,107,108,151,110,111,112,113,114,115,116,34,118,119,120,121,122,123,90,125,126,127,128,129,130,131,132,133,134,135,136,137,138,139,140,106,142,143,144,145,146,147,148,149,150,78,152,153,154,155,156,157,158,159,160,161,162,163,164,165,166,167,168,169,170,171,172,173,174,175,176,177,178,179,180,181,182,183,184,185,186,187,188,189,190,191,192,193,194,195,196,197,198,199];False
6839;8858;15697;[64,141,11,3,26,96,18,30,25,94,75,1,12,32,14,15,124,9,16,19,61,41,22,23,24,69,5,27,28,56,63,31,29,33,17,35,36,52,60,39,40,49,42,7,44,45,86,47,48,21,50,51,53,13,54,55,6,57,58,59,2,0,77,46,103,10,66,117,68,20,70,71,72,65,74,84,67,81,80,79,38,73,82,83,76,85,92,87,88,89,4,91,109,93,62,95,8,97,98,99,100,101,102,37,104,105,43,107,108,151,110,111,112,113,114,115,116,34,118,119,120,121,122,123,90,125,126,127,128,129,130,131,132,133,134,135,136,137,138,139,140,106,142,143,144,145,146,147,148,149,150,78,152,153,154,155,156,157,158,159,160,161,162,163,164,165,166,167,168,169,170,171,172,173,174,175,176,177,178,179,180,181,182,183,184,185,186,187,188,189,190,191,192,193,194,195,196,197,198,199];False
6822;8867;15689;[79,141,11,3,26,96,18,30,25,94,75,1,12,32,14,15,124,9,16,19,61,41,22,23,24,69,5,27,28,56,63,31,29,33,17,35,36,52,60,39,40,49,42,7,44,45,86,47,48,21,50,51,53,13,54,55,6,57,58,59,2,0,77,46,64,10,66,117,68,20,70,71,72,65,74,84,67,81,80,103,38,73,82,83,76,85,92,87,88,89,4,91,109,93,62,95,8,97,98,99,100,101,102,37,104,105,43,107,108,151,110,111,112,113,114,115,116,34,118,119,120,121,122,123,90,125,126,127,128,129,130,131,132,133,134,135,136,137,138,139,140,106,142,143,144,145,146,147,148,149,150,78,152,153,154,155,156,157,158,159,160,161,162,163,164,165,166,167,168,169,170,171,172,173,174,175,176,177,178,179,180,181,182,183,184,185,186,187,188,189,190,191,192,193,194,195,196,197,198,199];False
6740;8891;15631;[100,141,11,3,26,96,18,30,25,94,75,1,12,32,14,15,124,9,16,19,61,41,22,23,24,69,5,27,28,56,63,31,29,33,17,35,36,52,60,39,40,49,42,7,44,45,86,47,48,21,50,51,53,13,54,55,6,57,58,59,2,0,77,46,64,10,66,117,68,20,70,71,72,65,74,84,67,81,80,79,38,73,82,83,76,85,92,87,88,89,4,91,109,93,62,95,8,97,98,99,103,101,102,37,104,105,43,107,108,151,110,111,112,113,114,115,116,34,118,119,120,121,122,123,90,125,126,127,128,129,130,131,132,133,134,135,136,137,138,139,140,106,142,143,144,145,146,147,148,149,150,78,152,153,154,155,156,157,158,159,160,161,162,163,164,165,166,167,168,169,170,171,172,173,174,175,176,177,178,179,180,181,182,183,184,185,186,187,188,189,190,191,192,193,194,195,196,197,198,199];False
6691;8914;15605;[104,141,11,3,26,96,18,30,25,94,75,1,12,32,14,15,124,9,16,19,61,41,22,23,24,69,5,27,28,56,63,31,29,33,17,35,36,52,60,39,40,49,42,7,44,45,86,47,48,21,50,51,53,13,54,55,6,57,58,59,2,0,77,46,64,10,66,117,68,20,70,71,72,65,74,84,67,81,80,79,38,73,82,83,76,85,92,87,88,89,4,91,109,93,62,95,8,97,98,99,100,101,102,37,103,105,43,107,108,151,110,111,112,113,114,115,116,34,118,119,120,121,122,123,90,125,126,127,128,129,130,131,132,133,134,135,136,137,138,139,140,106,142,143,144,145,146,147,148,149,150,78,152,153,154,155,156,157,158,159,160,161,162,163,164,165,166,167,168,169,170,171,172,173,174,175,176,177,178,179,180,181,182,183,184,185,186,187,188,189,190,191,192,193,194,195,196,197,198,199];False
6709;8889;15598;[108,141,11,3,26,96,18,30,25,94,75,1,12,32,14,15,124,9,16,19,61,41,22,23,24,69,5,27,28,56,63,31,29,33,17,35,36,52,60,39,40,49,42,7,44,45,86,47,48,21,50,51,53,13,54,55,6,57,58,59,2,0,77,46,64,10,66,117,68,20,70,71,72,65,74,84,67,81,80,79,38,73,82,83,76,85,92,87,88,89,4,91,109,93,62,95,8,97,98,99,100,101,102,37,104,105,43,107,103,151,110,111,112,113,114,115,116,34,118,119,120,121,122,123,90,125,126,127,128,129,130,131,132,133,134,135,136,137,138,139,140,106,142,143,144,145,146,147,148,149,150,78,152,153,154,155,156,157,158,159,160,161,162,163,164,165,166,167,168,169,170,171,172,173,174,175,176,177,178,179,180,181,182,183,184,185,186,187,188,189,190,191,192,193,194,195,196,197,198,199];False
6461;9101;15562;[6,52,11,3,26,96,18,30,132,9,33,1,12,32,14,15,124,94,93,19,61,41,22,23,24,69,5,27,16,56,63,31,29,155,17,35,25,37,60,39,40,49,42,7,44,45,86,47,48,28,4,51,53,13,54,55,43,57,58,59,2,0,36,46,64,10,66,117,68,20,70,71,72,65,74,75,67,77,80,79,38,81,82,83,76,85,92,87,88,89,73,91,109,8,84,95,62,97,98,99,100,101,102,103,104,105,106,107,108,151,110,111,112,113,114,115,116,34,118,119,120,121,122,123,90,125,126,127,128,129,130,131,78,133,134,135,136,137,138,139,140,141,142,143,144,145,146,147,148,149,150,21,152,153,154,50,156,157,158,159,160,161,162,163,164,165,166,167,168,169,170,171,172,173,174,175,176,177,178,179,180,181,182,183,184,185,186,187,188,189,190,191,192,193,194,195,196,197,198,199];False
6429;9142;15571;[36,52,11,3,26,96,18,30,132,9,33,1,12,32,14,15,124,94,93,19,61,41,22,23,24,69,5,27,16,56,63,31,29,155,17,35,25,37,60,39,40,49,42,7,44,45,86,47,48,28,4,51,53,13,54,55,6,57,58,59,2,0,43,46,64,10,66,117,68,20,70,71,72,65,74,75,67,77,80,79,38,81,82,83,76,85,92,87,88,89,73,91,109,8,84,95,62,97,98,99,100,101,102,103,104,105,106,107,108,151,110,111,112,113,114,115,116,34,118,119,120,121,122,123,90,125,126,127,128,129,130,131,78,133,134,135,136,137,138,139,140,141,142,143,144,145,146,147,148,149,150,21,152,153,154,50,156,157,158,159,160,161,162,163,164,165,166,167,168,169,170,171,172,173,174,175,176,177,178,179,180,181,182,183,184,185,186,187,188,189,190,191,192,193,194,195,196,197,198,199];False
6469;9090;15559;[38,52,11,3,26,96,18,30,132,9,33,1,12,32,14,15,124,94,93,19,61,41,22,23,24,69,5,27,16,56,63,31,29,155,17,35,25,37,60,39,40,49,42,7,44,45,86,47,48,28,4,51,53,13,54,55,6,57,58,59,2,0,36,46,64,10,66,117,68,20,70,71,72,65,74,75,67,77,80,79,43,81,82,83,76,85,92,87,88,89,73,91,109,8,84,95,62,97,98,99,100,101,102,103,104,105,106,107,108,151,110,111,112,113,114,115,116,34,118,119,120,121,122,123,90,125,126,127,128,129,130,131,78,133,134,135,136,137,138,139,140,141,142,143,144,145,146,147,148,149,150,21,152,153,154,50,156,157,158,159,160,161,162,163,164,165,166,167,168,169,170,171,172,173,174,175,176,177,178,179,180,181,182,183,184,185,186,187,188,189,190,191,192,193,194,195,196,197,198,199];False
6427;9177;15604;[105,52,11,3,26,96,18,30,132,9,33,1,12,32,14,15,124,94,93,19,61,41,22,23,24,69,5,27,16,56,63,31,29,155,17,35,25,37,60,39,40,49,42,7,44,45,86,47,48,28,4,51,53,13,54,55,6,57,58,59,2,0,36,46,64,10,66,117,68,20,70,71,72,65,74,75,67,77,80,79,38,81,82,83,76,85,92,87,88,89,73,91,109,8,84,95,62,97,98,99,100,101,102,103,104,43,106,107,108,151,110,111,112,113,114,115,116,34,118,119,120,121,122,123,90,125,126,127,128,129,130,131,78,133,134,135,136,137,138,139,140,141,142,143,144,145,146,147,148,149,150,21,152,153,154,50,156,157,158,159,160,161,162,163,164,165,166,167,168,169,170,171,172,173,174,175,176,177,178,179,180,181,182,183,184,185,186,187,188,189,190,191,192,193,194,195,196,197,198,199];False
6435;9116;15551;[106,52,11,3,26,96,18,30,132,9,33,1,12,32,14,15,124,94,93,19,61,41,22,23,24,69,5,27,16,56,63,31,29,155,17,35,25,37,60,39,40,49,42,7,44,45,86,47,48,28,4,51,53,13,54,55,6,57,58,59,2,0,36,46,64,10,66,117,68,20,70,71,72,65,74,75,67,77,80,79,38,81,82,83,76,85,92,87,88,89,73,91,109,8,84,95,62,97,98,99,100,101,102,103,104,105,43,107,108,151,110,111,112,113,114,115,116,34,118,119,120,121,122,123,90,125,126,127,128,129,130,131,78,133,134,135,136,137,138,139,140,141,142,143,144,145,146,147,148,149,150,21,152,153,154,50,156,157,158,159,160,161,162,163,164,165,166,167,168,169,170,171,172,173,174,175,176,177,178,179,180,181,182,183,184,185,186,187,188,189,190,191,192,193,194,195,196,197,198,199];False
6925;8800;15725;[19,141,11,3,26,43,18,30,25,9,4,1,12,32,14,15,124,46,174,131,61,41,22,23,24,69,47,27,99,56,63,31,29,33,17,8,36,95,38,85,40,49,42,7,44,45,60,39,48,21,92,51,53,13,54,55,6,57,58,59,2,0,62,96,64,10,66,117,68,20,70,71,72,65,74,75,67,77,76,28,80,81,82,83,52,37,86,87,88,89,73,91,35,93,94,109,84,97,98,79,100,101,16,103,104,105,106,107,108,102,110,111,112,113,114,115,116,34,118,119,120,121,122,123,90,125,126,78,128,129,130,5,132,133,134,135,136,137,138,139,140,50,142,143,144,145,146,147,148,149,150,151,152,153,154,155,156,157,158,159,160,161,162,163,164,165,166,167,168,169,170,171,172,173,127,175,176,177,178,179,180,181,182,183,184,185,186,187,188,189,190,191,192,193,194,195,196,197,198,199];False
6886;8811;15697;[40,141,11,3,26,43,18,30,25,9,4,1,12,32,14,15,124,46,174,19,61,41,22,23,24,69,47,27,99,56,63,31,29,33,17,8,36,95,38,85,131,49,42,7,44,45,60,39,48,21,92,51,53,13,54,55,6,57,58,59,2,0,62,96,64,10,66,117,68,20,70,71,72,65,74,75,67,77,76,28,80,81,82,83,52,37,86,87,88,89,73,91,35,93,94,109,84,97,98,79,100,101,16,103,104,105,106,107,108,102,110,111,112,113,114,115,116,34,118,119,120,121,122,123,90,125,126,78,128,129,130,5,132,133,134,135,136,137,138,139,140,50,142,143,144,145,146,147,148,149,150,151,152,153,154,155,156,157,158,159,160,161,162,163,164,165,166,167,168,169,170,171,172,173,127,175,176,177,178,179,180,181,182,183,184,185,186,187,188,189,190,191,192,193,194,195,196,197,198,199];False
6926;8779;15705;[42,141,11,3,26,43,18,30,25,9,4,1,12,32,14,15,124,46,174,19,61,41,22,23,24,69,47,27,99,56,63,31,29,33,17,8,36,95,38,85,40,49,131,7,44,45,60,39,48,21,92,51,53,13,54,55,6,57,58,59,2,0,62,96,64,10,66,117,68,20,70,71,72,65,74,75,67,77,76,28,80,81,82,83,52,37,86,87,88,89,73,91,35,93,94,109,84,97,98,79,100,101,16,103,104,105,106,107,108,102,110,111,112,113,114,115,116,34,118,119,120,121,122,123,90,125,126,78,128,129,130,5,132,133,134,135,136,137,138,139,140,50,142,143,144,145,146,147,148,149,150,151,152,153,154,155,156,157,158,159,160,161,162,163,164,165,166,167,168,169,170,171,172,173,127,175,176,177,178,179,180,181,182,183,184,185,186,187,188,189,190,191,192,193,194,195,196,197,198,199];False
6927;8743;15670;[14,141,11,3,26,43,18,30,25,9,4,1,12,32,103,15,124,46,174,19,61,41,22,23,24,69,5,27,99,56,63,31,29,33,17,8,36,95,38,85,40,49,42,7,44,45,60,47,48,21,92,51,53,13,54,55,6,57,58,59,2,0,62,96,64,10,66,117,68,20,70,71,72,65,74,75,67,77,76,28,80,81,39,83,52,37,86,87,88,89,73,91,35,93,94,109,84,97,98,79,100,101,16,142,104,105,106,107,108,102,110,111,112,113,114,115,116,34,118,119,120,121,122,123,90,125,126,78,128,129,130,131,132,133,134,135,136,137,138,139,140,50,82,143,144,145,146,147,148,149,150,151,152,153,154,155,156,157,158,159,160,161,162,163,164,165,166,167,168,169,170,171,172,173,127,175,176,177,178,179,180,181,182,183,184,185,186,187,188,189,190,191,192,193,194,195,196,197,198,199];False
7031;8716;15747;[19,141,11,3,26,43,18,30,25,9,4,1,12,32,14,15,124,46,174,103,61,41,22,23,24,69,5,27,99,56,63,31,29,33,17,8,36,95,38,85,40,49,42,7,44,45,60,47,48,21,92,51,53,13,54,55,6,57,58,59,2,0,62,96,64,10,66,117,68,20,70,71,72,65,74,75,67,77,76,28,80,81,39,83,52,37,86,87,88,89,73,91,35,93,94,109,84,97,98,79,100,101,16,142,104,105,106,107,108,102,110,111,112,113,114,115,116,34,118,119,120,121,122,123,90,125,126,78,128,129,130,131,132,133,134,135,136,137,138,139,140,50,82,143,144,145,146,147,148,149,150,151,152,153,154,155,156,157,158,159,160,161,162,163,164,165,166,167,168,169,170,171,172,173,127,175,176,177,178,179,180,181,182,183,184,185,186,187,188,189,190,191,192,193,194,195,196,197,198,199];False
6850;8793;15643;[96,141,11,3,26,43,18,30,25,9,4,1,12,32,14,15,124,46,174,19,61,41,22,23,24,69,5,27,99,56,63,31,29,33,17,8,36,95,38,85,40,49,42,7,44,45,60,47,48,21,92,51,53,13,54,55,6,57,58,59,2,0,62,103,64,10,66,117,68,20,70,71,72,65,74,75,67,77,76,28,80,81,39,83,52,37,86,87,88,89,73,91,35,93,94,109,84,97,98,79,100,101,16,142,104,105,106,107,108,102,110,111,112,113,114,115,116,34,118,119,120,121,122,123,90,125,126,78,128,129,130,131,132,133,134,135,136,137,138,139,140,50,82,143,144,145,146,147,148,149,150,151,152,153,154,155,156,157,158,159,160,161,162,163,164,165,166,167,168,169,170,171,172,173,127,175,176,177,178,179,180,181,182,183,184,185,186,187,188,189,190,191,192,193,194,195,196,197,198,199];False
7003;8733;15736;[117,141,11,3,26,43,18,30,25,9,4,1,12,32,14,15,124,46,174,19,61,41,22,23,24,69,5,27,99,56,63,31,29,33,17,8,36,95,38,85,40,49,42,7,44,45,60,47,48,21,92,51,53,13,54,55,6,57,58,59,2,0,62,96,64,10,66,103,68,20,70,71,72,65,74,75,67,77,76,28,80,81,39,83,52,37,86,87,88,89,73,91,35,93,94,109,84,97,98,79,100,101,16,142,104,105,106,107,108,102,110,111,112,113,114,115,116,34,118,119,120,121,122,123,90,125,126,78,128,129,130,131,132,133,134,135,136,137,138,139,140,50,82,143,144,145,146,147,148,149,150,151,152,153,154,155,156,157,158,159,160,161,162,163,164,165,166,167,168,169,170,171,172,173,127,175,176,177,178,179,180,181,182,183,184,185,186,187,188,189,190,191,192,193,194,195,196,197,198,199];False
6905;8754;15659;[76,141,11,3,26,43,18,30,25,9,4,1,12,32,14,15,124,46,174,19,61,41,22,23,24,69,5,27,99,56,63,31,29,33,17,8,36,95,38,85,40,49,42,7,44,45,60,47,48,21,92,51,53,13,54,55,6,57,58,59,2,0,62,96,64,10,66,117,68,20,70,71,72,65,74,75,67,77,103,28,80,81,39,83,52,37,86,87,88,89,73,91,35,93,94,109,84,97,98,79,100,101,16,142,104,105,106,107,108,102,110,111,112,113,114,115,116,34,118,119,120,121,122,123,90,125,126,78,128,129,130,131,132,133,134,135,136,137,138,139,140,50,82,143,144,145,146,147,148,149,150,151,152,153,154,155,156,157,158,159,160,161,162,163,164,165,166,167,168,169,170,171,172,173,127,175,176,177,178,179,180,181,182,183,184,185,186,187,188,189,190,191,192,193,194,195,196,197,198,199];False
6989;8738;15727;[37,141,11,3,26,43,18,30,25,9,4,1,12,32,14,15,124,46,174,19,61,41,22,23,24,69,5,27,99,56,63,31,29,33,17,8,36,95,38,85,40,49,42,7,44,45,60,47,48,21,92,51,53,13,54,55,6,57,58,59,2,0,62,96,64,10,66,117,68,20,70,71,72,65,74,75,67,77,76,28,80,81,39,83,52,103,86,87,88,89,73,91,35,93,94,109,84,97,98,79,100,101,16,142,104,105,106,107,108,102,110,111,112,113,114,115,116,34,118,119,120,121,122,123,90,125,126,78,128,129,130,131,132,133,134,135,136,137,138,139,140,50,82,143,144,145,146,147,148,149,150,151,152,153,154,155,156,157,158,159,160,161,162,163,164,165,166,167,168,169,170,171,172,173,127,175,176,177,178,179,180,181,182,183,184,185,186,187,188,189,190,191,192,193,194,195,196,197,198,199];False
6973;8724;15697;[73,141,11,3,26,43,18,30,25,9,4,1,12,32,14,15,124,46,174,19,61,41,22,23,24,69,5,27,99,56,63,31,29,33,17,8,36,95,38,85,40,49,42,7,44,45,60,47,48,21,92,51,53,13,54,55,6,57,58,59,2,0,62,96,64,10,66,117,68,20,70,71,72,65,74,75,67,77,76,28,80,81,39,83,52,37,86,87,88,89,103,91,35,93,94,109,84,97,98,79,100,101,16,142,104,105,106,107,108,102,110,111,112,113,114,115,116,34,118,119,120,121,122,123,90,125,126,78,128,129,130,131,132,133,134,135,136,137,138,139,140,50,82,143,144,145,146,147,148,149,150,151,152,153,154,155,156,157,158,159,160,161,162,163,164,165,166,167,168,169,170,171,172,173,127,175,176,177,178,179,180,181,182,183,184,185,186,187,188,189,190,191,192,193,194,195,196,197,198,199];False
6891;8733;15624;[114,141,11,3,26,43,18,30,25,9,4,1,12,32,14,15,124,46,174,19,61,41,22,23,24,69,5,27,99,56,63,31,29,33,17,8,36,95,38,85,40,49,42,7,44,45,60,47,48,21,92,51,53,13,54,55,6,57,58,59,2,0,62,96,64,10,66,117,68,20,70,71,72,65,74,75,67,77,76,28,80,81,39,83,52,37,86,87,88,89,73,91,35,93,94,109,84,97,98,79,100,101,16,142,104,105,106,107,108,102,110,111,112,113,103,115,116,34,118,119,120,121,122,123,90,125,126,78,128,129,130,131,132,133,134,135,136,137,138,139,140,50,82,143,144,145,146,147,148,149,150,151,152,153,154,155,156,157,158,159,160,161,162,163,164,165,166,167,168,169,170,171,172,173,127,175,176,177,178,179,180,181,182,183,184,185,186,187,188,189,190,191,192,193,194,195,196,197,198,199];False
7083;8701;15784;[5,141,11,3,26,43,18,30,25,9,4,1,12,32,14,15,124,46,174,19,61,41,22,23,24,69,114,27,99,56,63,31,29,33,17,8,36,95,38,85,40,49,42,7,44,45,60,47,48,21,92,51,53,13,54,55,6,57,58,59,2,0,62,96,64,10,66,117,68,20,70,71,72,65,74,75,67,77,76,28,80,81,39,83,52,37,86,87,88,89,73,91,35,93,94,109,84,97,98,79,100,101,16,103,104,105,106,107,108,102,110,111,112,113,142,115,116,34,118,119,120,121,122,123,90,125,126,78,128,129,130,131,132,133,134,135,136,137,138,139,140,50,82,143,144,145,146,147,148,149,150,151,152,153,154,155,156,157,158,159,160,161,162,163,164,165,166,167,168,169,170,171,172,173,127,175,176,177,178,179,180,181,182,183,184,185,186,187,188,189,190,191,192,193,194,195,196,197,198,199];False
7011;8715;15726;[76,141,11,3,26,43,18,30,25,9,4,1,12,32,14,15,124,46,174,19,61,41,22,23,24,69,5,27,99,56,63,31,29,33,17,8,36,95,38,85,40,49,42,7,44,45,60,47,48,21,92,51,53,13,54,55,6,57,58,59,2,0,62,96,64,10,66,117,68,20,70,71,72,65,74,75,67,77,114,28,80,81,39,83,52,37,86,87,88,89,73,91,35,93,94,109,84,97,98,79,100,101,16,103,104,105,106,107,108,102,110,111,112,113,142,115,116,34,118,119,120,121,122,123,90,125,126,78,128,129,130,131,132,133,134,135,136,137,138,139,140,50,82,143,144,145,146,147,148,149,150,151,152,153,154,155,156,157,158,159,160,161,162,163,164,165,166,167,168,169,170,171,172,173,127,175,176,177,178,179,180,181,182,183,184,185,186,187,188,189,190,191,192,193,194,195,196,197,198,199];False
7056;8705;15761;[79,141,11,3,26,43,18,30,25,9,4,1,12,32,14,15,124,46,174,19,61,41,22,23,24,69,5,27,99,56,63,31,29,33,17,8,36,95,38,85,40,49,42,7,44,45,60,47,48,21,92,51,53,13,54,55,6,57,58,59,2,0,62,96,64,10,66,117,68,20,70,71,72,65,74,75,67,77,76,28,80,81,39,83,52,37,86,87,88,89,73,91,35,93,94,109,84,97,98,114,100,101,16,103,104,105,106,107,108,102,110,111,112,113,142,115,116,34,118,119,120,121,122,123,90,125,126,78,128,129,130,131,132,133,134,135,136,137,138,139,140,50,82,143,144,145,146,147,148,149,150,151,152,153,154,155,156,157,158,159,160,161,162,163,164,165,166,167,168,169,170,171,172,173,127,175,176,177,178,179,180,181,182,183,184,185,186,187,188,189,190,191,192,193,194,195,196,197,198,199];False
7035;8696;15731;[100,141,11,3,26,43,18,30,25,9,4,1,12,32,14,15,124,46,174,19,61,41,22,23,24,69,5,27,99,56,63,31,29,33,17,8,36,95,38,85,40,49,42,7,44,45,60,47,48,21,92,51,53,13,54,55,6,57,58,59,2,0,62,96,64,10,66,117,68,20,70,71,72,65,74,75,67,77,76,28,80,81,39,83,52,37,86,87,88,89,73,91,35,93,94,109,84,97,98,79,114,101,16,103,104,105,106,107,108,102,110,111,112,113,142,115,116,34,118,119,120,121,122,123,90,125,126,78,128,129,130,131,132,133,134,135,136,137,138,139,140,50,82,143,144,145,146,147,148,149,150,151,152,153,154,155,156,157,158,159,160,161,162,163,164,165,166,167,168,169,170,171,172,173,127,175,176,177,178,179,180,181,182,183,184,185,186,187,188,189,190,191,192,193,194,195,196,197,198,199];False
7042;8694;15736;[101,141,11,3,26,43,18,30,25,9,4,1,12,32,14,15,124,46,174,19,61,41,22,23,24,69,5,27,99,56,63,31,29,33,17,8,36,95,38,85,40,49,42,7,44,45,60,47,48,21,92,51,53,13,54,55,6,57,58,59,2,0,62,96,64,10,66,117,68,20,70,71,72,65,74,75,67,77,76,28,80,81,39,83,52,37,86,87,88,89,73,91,35,93,94,109,84,97,98,79,100,114,16,103,104,105,106,107,108,102,110,111,112,113,142,115,116,34,118,119,120,121,122,123,90,125,126,78,128,129,130,131,132,133,134,135,136,137,138,139,140,50,82,143,144,145,146,147,148,149,150,151,152,153,154,155,156,157,158,159,160,161,162,163,164,165,166,167,168,169,170,171,172,173,127,175,176,177,178,179,180,181,182,183,184,185,186,187,188,189,190,191,192,193,194,195,196,197,198,199];False
7031;8698;15729;[16,141,11,3,26,43,18,30,25,9,4,1,12,32,14,15,124,46,174,19,61,41,22,23,24,69,5,27,99,56,63,31,29,33,17,8,36,95,38,85,40,49,42,7,44,45,60,47,48,21,92,51,53,13,54,55,6,57,58,59,2,0,62,96,64,10,66,117,68,20,70,71,72,65,74,75,67,77,76,28,80,81,39,83,52,37,86,87,88,89,73,91,35,93,94,109,84,97,98,79,100,101,114,103,104,105,106,107,108,102,110,111,112,113,142,115,116,34,118,119,120,121,122,123,90,125,126,78,128,129,130,131,132,133,134,135,136,137,138,139,140,50,82,143,144,145,146,147,148,149,150,151,152,153,154,155,156,157,158,159,160,161,162,163,164,165,166,167,168,169,170,171,172,173,127,175,176,177,178,179,180,181,182,183,184,185,186,187,188,189,190,191,192,193,194,195,196,197,198,199];False
6934;8713;15647;[76,141,11,3,26,43,18,30,25,9,4,1,12,32,14,15,124,46,174,19,61,41,22,23,24,69,5,27,99,56,63,31,29,33,17,8,36,95,38,85,40,49,42,7,44,45,60,47,48,21,92,51,53,13,54,55,6,57,58,59,2,0,62,96,64,10,66,117,68,20,70,71,72,65,74,75,67,77,149,28,80,81,39,83,52,37,86,87,88,89,73,91,35,93,94,109,84,97,98,79,100,101,16,103,104,105,106,107,108,102,110,111,112,113,114,115,116,34,118,119,120,121,122,123,90,125,126,78,128,129,130,131,132,133,134,135,136,137,138,139,140,50,82,143,144,145,146,147,148,142,150,151,152,153,154,155,156,157,158,159,160,161,162,163,164,165,166,167,168,169,170,171,172,173,127,175,176,177,178,179,180,181,182,183,184,185,186,187,188,189,190,191,192,193,194,195,196,197,198,199];False
7245;8653;15898;[23,141,11,3,26,43,18,30,25,9,4,1,75,32,14,15,124,46,174,19,61,41,22,12,24,69,5,27,99,56,63,31,29,33,17,8,36,95,38,39,40,49,42,7,44,45,60,47,48,21,92,51,53,13,54,55,6,57,58,59,2,0,62,96,64,10,66,117,68,20,70,71,72,65,74,84,67,77,76,28,80,81,114,83,52,85,86,87,88,89,73,91,35,93,94,37,142,97,98,79,100,101,16,103,104,105,106,107,108,102,110,111,112,113,109,115,116,34,118,119,120,121,122,123,90,125,126,78,128,129,130,131,132,133,134,135,136,137,138,139,140,50,82,143,144,145,146,147,148,149,150,151,152,153,154,155,156,157,158,159,160,161,162,163,164,165,166,167,168,169,170,171,172,173,127,175,176,177,178,179,180,181,182,183,184,185,186,187,188,189,190,191,192,193,194,195,196,197,198,199];False
7180;8664;15844;[49,141,11,3,26,43,18,30,25,9,4,1,12,32,14,15,124,46,174,19,61,41,22,23,24,69,5,27,99,56,63,31,29,33,17,8,36,95,38,39,40,60,42,7,44,45,75,47,48,21,92,51,53,13,54,55,6,57,58,59,2,0,62,96,64,10,66,117,68,20,70,71,72,65,74,84,67,77,76,28,80,81,114,83,52,85,86,87,88,89,73,91,35,93,94,37,142,97,98,79,100,101,16,103,104,105,106,107,108,102,110,111,112,113,109,115,116,34,118,119,120,121,122,123,90,125,126,78,128,129,130,131,132,133,134,135,136,137,138,139,140,50,82,143,144,145,146,147,148,149,150,151,152,153,154,155,156,157,158,159,160,161,162,163,164,165,166,167,168,169,170,171,172,173,127,175,176,177,178,179,180,181,182,183,184,185,186,187,188,189,190,191,192,193,194,195,196,197,198,199];False
7119;8683;15802;[60,141,11,3,26,43,18,30,25,9,4,1,12,32,14,15,124,46,174,19,61,41,22,23,24,69,5,27,99,56,63,31,29,33,17,8,36,95,38,39,40,49,42,7,44,45,77,47,48,21,92,51,53,13,54,55,6,57,58,59,2,0,62,96,64,10,66,117,68,20,70,71,72,65,74,75,67,79,76,28,80,81,114,83,52,85,86,87,88,89,73,91,35,93,94,37,142,97,98,84,100,101,16,103,104,105,106,107,108,102,110,111,112,113,109,115,116,34,118,119,120,121,122,123,90,125,126,78,128,129,130,131,132,133,134,135,136,137,138,139,140,50,82,143,144,145,146,147,148,149,150,151,152,153,154,155,156,157,158,159,160,161,162,163,164,165,166,167,168,169,170,171,172,173,127,175,176,177,178,179,180,181,182,183,184,185,186,187,188,189,190,191,192,193,194,195,196,197,198,199];False
7149;8673;15822;[3,141,11,132,26,43,18,30,25,9,4,1,12,32,14,15,124,46,174,19,61,41,22,23,24,69,5,27,99,56,63,31,29,33,17,8,36,95,38,39,40,49,42,7,44,45,60,47,48,21,92,51,53,13,54,55,6,57,58,59,2,0,62,96,64,10,66,117,68,20,70,71,72,65,74,75,67,77,76,28,80,81,114,83,52,85,86,87,88,89,73,91,35,93,94,37,142,97,98,84,100,101,16,103,104,105,106,107,108,102,110,111,112,113,109,115,116,34,118,119,120,121,122,123,90,125,126,78,128,129,130,131,79,133,134,135,136,137,138,139,140,50,82,143,144,145,146,147,148,149,150,151,152,153,154,155,156,157,158,159,160,161,162,163,164,165,166,167,168,169,170,171,172,173,127,175,176,177,178,179,180,181,182,183,184,185,186,187,188,189,190,191,192,193,194,195,196,197,198,199];False
7134;8681;15815;[4,141,11,3,26,43,18,30,25,9,132,1,12,32,14,15,124,46,174,19,61,41,22,23,24,69,5,27,99,56,63,31,29,33,17,8,36,95,38,39,40,49,42,7,44,45,60,47,48,21,92,51,53,13,54,55,6,57,58,59,2,0,62,96,64,10,66,117,68,20,70,71,72,65,74,75,67,77,76,28,80,81,114,83,52,85,86,87,88,89,73,91,35,93,94,37,142,97,98,84,100,101,16,103,104,105,106,107,108,102,110,111,112,113,109,115,116,34,118,119,120,121,122,123,90,125,126,78,128,129,130,131,79,133,134,135,136,137,138,139,140,50,82,143,144,145,146,147,148,149,150,151,152,153,154,155,156,157,158,159,160,161,162,163,164,165,166,167,168,169,170,171,172,173,127,175,176,177,178,179,180,181,182,183,184,185,186,187,188,189,190,191,192,193,194,195,196,197,198,199];False
7176;8667;15843;[12,141,11,3,26,43,18,30,25,9,4,1,132,32,14,15,124,46,174,19,61,41,22,23,24,69,5,27,99,56,63,31,29,33,17,8,36,95,38,39,40,49,42,7,44,45,60,47,48,21,92,51,53,13,54,55,6,57,58,59,2,0,62,96,64,10,66,117,68,20,70,71,72,65,74,75,67,77,76,28,80,81,114,83,52,85,86,87,88,89,73,91,35,93,94,37,142,97,98,84,100,101,16,103,104,105,106,107,108,102,110,111,112,113,109,115,116,34,118,119,120,121,122,123,90,125,126,78,128,129,130,131,79,133,134,135,136,137,138,139,140,50,82,143,144,145,146,147,148,149,150,151,152,153,154,155,156,157,158,159,160,161,162,163,164,165,166,167,168,169,170,171,172,173,127,175,176,177,178,179,180,181,182,183,184,185,186,187,188,189,190,191,192,193,194,195,196,197,198,199];False
7098;8689;15787;[14,141,11,3,26,43,18,30,25,9,4,1,12,32,132,15,124,46,174,19,61,41,22,23,24,69,5,27,99,56,63,31,29,33,17,8,36,95,38,39,40,49,42,7,44,45,60,47,48,21,92,51,53,13,54,55,6,57,58,59,2,0,62,96,64,10,66,117,68,20,70,71,72,65,74,75,67,77,76,28,80,81,114,83,52,85,86,87,88,89,73,91,35,93,94,37,142,97,98,84,100,101,16,103,104,105,106,107,108,102,110,111,112,113,109,115,116,34,118,119,120,121,122,123,90,125,126,78,128,129,130,131,79,133,134,135,136,137,138,139,140,50,82,143,144,145,146,147,148,149,150,151,152,153,154,155,156,157,158,159,160,161,162,163,164,165,166,167,168,169,170,171,172,173,127,175,176,177,178,179,180,181,182,183,184,185,186,187,188,189,190,191,192,193,194,195,196,197,198,199];False
7125;8677;15802;[174,141,11,3,26,43,18,30,25,9,4,1,12,32,14,15,124,46,132,19,61,41,22,23,24,69,5,27,99,56,63,31,29,33,17,8,36,95,38,39,40,49,42,7,44,45,60,47,48,21,92,51,53,13,54,55,6,57,58,59,2,0,62,96,64,10,66,117,68,20,70,71,72,65,74,75,67,77,76,28,80,81,114,83,52,85,86,87,88,89,73,91,35,93,94,37,142,97,98,84,100,101,16,103,104,105,106,107,108,102,110,111,112,113,109,115,116,34,118,119,120,121,122,123,90,125,126,78,128,129,130,131,79,133,134,135,136,137,138,139,140,50,82,143,144,145,146,147,148,149,150,151,152,153,154,155,156,157,158,159,160,161,162,163,164,165,166,167,168,169,170,171,172,173,127,175,176,177,178,179,180,181,182,183,184,185,186,187,188,189,190,191,192,193,194,195,196,197,198,199];False
7169;8669;15838;[19,141,11,3,26,43,18,30,25,9,4,1,12,32,14,15,124,46,174,132,61,41,22,23,24,69,5,27,99,56,63,31,29,33,17,8,36,95,38,39,40,49,42,7,44,45,60,47,48,21,92,51,53,13,54,55,6,57,58,59,2,0,62,96,64,10,66,117,68,20,70,71,72,65,74,75,67,77,76,28,80,81,114,83,52,85,86,87,88,89,73,91,35,93,94,37,142,97,98,84,100,101,16,103,104,105,106,107,108,102,110,111,112,113,109,115,116,34,118,119,120,121,122,123,90,125,126,78,128,129,130,131,79,133,134,135,136,137,138,139,140,50,82,143,144,145,146,147,148,149,150,151,152,153,154,155,156,157,158,159,160,161,162,163,164,165,166,167,168,169,170,171,172,173,127,175,176,177,178,179,180,181,182,183,184,185,186,187,188,189,190,191,192,193,194,195,196,197,198,199];False
7176;8662;15838;[23,141,11,3,26,43,18,30,25,9,4,1,12,32,14,15,124,46,174,19,61,41,22,132,24,69,5,27,99,56,63,31,29,33,17,8,36,95,38,39,40,49,42,7,44,45,60,47,48,21,92,51,53,13,54,55,6,57,58,59,2,0,62,96,64,10,66,117,68,20,70,71,72,65,74,75,67,77,76,28,80,81,114,83,52,85,86,87,88,89,73,91,35,93,94,37,142,97,98,84,100,101,16,103,104,105,106,107,108,102,110,111,112,113,109,115,116,34,118,119,120,121,122,123,90,125,126,78,128,129,130,131,79,133,134,135,136,137,138,139,140,50,82,143,144,145,146,147,148,149,150,151,152,153,154,155,156,157,158,159,160,161,162,163,164,165,166,167,168,169,170,171,172,173,127,175,176,177,178,179,180,181,182,183,184,185,186,187,188,189,190,191,192,193,194,195,196,197,198,199];False
7056;8685;15741;[40,141,11,3,26,43,18,30,25,9,4,1,12,32,14,15,124,46,174,19,61,41,22,23,24,69,5,27,99,56,63,31,29,33,17,8,36,95,38,39,132,49,42,7,44,45,60,47,48,21,92,51,53,13,54,55,6,57,58,59,2,0,62,96,64,10,66,117,68,20,70,71,72,65,74,75,67,77,76,28,80,81,114,83,52,85,86,87,88,89,73,91,35,93,94,37,142,97,98,84,100,101,16,103,104,105,106,107,108,102,110,111,112,113,109,115,116,34,118,119,120,121,122,123,90,125,126,78,128,129,130,131,79,133,134,135,136,137,138,139,140,50,82,143,144,145,146,147,148,149,150,151,152,153,154,155,156,157,158,159,160,161,162,163,164,165,166,167,168,169,170,171,172,173,127,175,176,177,178,179,180,181,182,183,184,185,186,187,188,189,190,191,192,193,194,195,196,197,198,199];False
7480;8618;16098;[74,141,11,3,26,43,18,30,25,9,4,1,12,32,14,15,124,46,121,19,61,41,22,23,24,69,5,27,99,56,63,31,29,33,17,8,36,95,38,39,40,158,42,7,44,45,60,47,48,21,92,51,53,13,54,55,6,57,58,59,2,0,62,96,64,10,66,117,68,20,70,71,72,65,174,75,67,77,76,28,80,81,114,83,52,85,86,87,88,89,73,91,35,93,94,37,84,97,98,79,100,101,16,103,104,105,106,107,108,102,110,111,112,113,109,115,116,34,118,119,120,49,122,123,90,125,126,78,128,129,130,131,132,133,134,135,136,137,138,139,140,50,142,143,144,145,146,147,148,149,150,151,152,153,154,155,156,157,82,159,160,161,162,163,164,165,166,167,168,169,170,171,172,173,127,175,176,177,178,179,180,181,182,183,184,185,186,187,188,189,190,191,192,193,194,195,196,197,198,199];False
7468;8598;16066;[75,141,11,3,26,43,18,30,25,9,4,1,12,32,14,15,124,46,121,19,61,41,22,23,24,69,5,27,99,56,63,31,29,33,17,8,36,95,38,39,40,158,42,7,44,45,60,47,48,21,92,51,53,13,54,55,6,57,58,59,2,0,62,96,64,10,66,117,68,20,70,71,72,65,74,174,67,77,76,28,80,81,114,83,52,85,86,87,88,89,73,91,35,93,94,37,84,97,98,79,100,101,16,103,104,105,106,107,108,102,110,111,112,113,109,115,116,34,118,119,120,49,122,123,90,125,126,78,128,129,130,131,132,133,134,135,136,137,138,139,140,50,142,143,144,145,146,147,148,149,150,151,152,153,154,155,156,157,82,159,160,161,162,163,164,165,166,167,168,169,170,171,172,173,127,175,176,177,178,179,180,181,182,183,184,185,186,187,188,189,190,191,192,193,194,195,196,197,198,199];False
7331;8631;15962;[40,141,11,3,26,43,18,30,25,9,4,1,12,32,14,15,124,46,174,19,61,41,22,23,24,69,5,27,99,56,63,31,29,33,17,8,36,95,38,39,64,158,42,7,44,45,60,47,48,21,92,51,53,13,54,55,6,57,58,59,2,0,62,96,121,10,66,117,68,20,70,71,72,65,74,75,67,77,76,28,80,81,114,83,52,85,86,87,88,89,73,91,35,93,94,37,84,97,98,79,100,101,16,103,104,105,106,107,108,102,110,111,112,113,109,115,116,34,118,119,120,49,122,123,90,125,126,78,128,129,130,131,132,133,134,135,136,137,138,139,140,50,142,143,144,145,146,147,148,149,150,151,152,153,154,155,156,157,82,159,160,161,162,163,164,165,166,167,168,169,170,171,172,173,127,175,176,177,178,179,180,181,182,183,184,185,186,187,188,189,190,191,192,193,194,195,196,197,198,199];False
7380;8627;16007;[158,141,11,3,26,43,18,30,25,9,4,1,12,32,14,15,124,46,174,19,61,41,22,23,24,69,5,27,99,56,63,31,29,33,17,8,36,95,38,39,40,64,42,7,44,45,60,47,48,21,92,51,53,13,54,55,6,57,58,59,2,0,62,96,121,10,66,117,68,20,70,71,72,65,74,75,67,77,76,28,80,81,114,83,52,85,86,87,88,89,73,91,35,93,94,37,84,97,98,79,100,101,16,103,104,105,106,107,108,102,110,111,112,113,109,115,116,34,118,119,120,49,122,123,90,125,126,78,128,129,130,131,132,133,134,135,136,137,138,139,140,50,142,143,144,145,146,147,148,149,150,151,152,153,154,155,156,157,82,159,160,161,162,163,164,165,166,167,168,169,170,171,172,173,127,175,176,177,178,179,180,181,182,183,184,185,186,187,188,189,190,191,192,193,194,195,196,197,198,199];False
7301;8625;15926;[42,141,11,3,26,43,18,30,25,9,4,1,12,32,14,15,124,46,174,19,61,41,22,23,24,69,5,27,99,56,63,31,29,33,17,8,36,95,38,39,40,158,64,7,44,45,60,47,48,21,92,51,53,13,54,55,6,57,58,59,2,0,62,96,121,10,66,117,68,20,70,71,72,65,74,75,67,77,76,28,80,81,114,83,52,85,86,87,88,89,73,91,35,93,94,37,84,97,98,79,100,101,16,103,104,105,106,107,108,102,110,111,112,113,109,115,116,34,118,119,120,49,122,123,90,125,126,78,128,129,130,131,132,133,134,135,136,137,138,139,140,50,142,143,144,145,146,147,148,149,150,151,152,153,154,155,156,157,82,159,160,161,162,163,164,165,166,167,168,169,170,171,172,173,127,175,176,177,178,179,180,181,182,183,184,185,186,187,188,189,190,191,192,193,194,195,196,197,198,199];False
7418;8615;16033;[19,141,11,3,26,43,18,30,25,9,4,1,12,32,14,15,124,46,174,66,61,41,22,23,24,69,5,27,99,56,63,31,29,33,17,8,36,95,38,39,40,158,42,7,44,45,60,47,48,21,92,51,53,13,54,55,6,57,58,59,2,0,62,96,64,10,121,117,68,20,70,71,72,65,74,75,67,77,76,28,80,81,114,83,52,85,86,87,88,89,73,91,35,93,94,37,84,97,98,79,100,101,16,103,104,105,106,107,108,102,110,111,112,113,109,115,116,34,118,119,120,49,122,123,90,125,126,78,128,129,130,131,132,133,134,135,136,137,138,139,140,50,142,143,144,145,146,147,148,149,150,151,152,153,154,155,156,157,82,159,160,161,162,163,164,165,166,167,168,169,170,171,172,173,127,175,176,177,178,179,180,181,182,183,184,185,186,187,188,189,190,191,192,193,194,195,196,197,198,199];False
7343;8604;15947;[86,141,11,3,26,43,18,30,25,9,4,1,12,32,14,15,124,46,174,19,61,41,22,23,24,69,5,27,99,56,63,31,29,33,17,8,36,95,38,39,40,158,42,7,44,45,60,47,48,21,92,51,53,13,54,55,6,57,58,59,2,0,62,96,64,10,121,117,68,20,70,71,72,65,74,75,67,77,76,28,80,81,114,83,52,85,66,87,88,89,73,91,35,93,94,37,84,97,98,79,100,101,16,103,104,105,106,107,108,102,110,111,112,113,109,115,116,34,118,119,120,49,122,123,90,125,126,78,128,129,130,131,132,133,134,135,136,137,138,139,140,50,142,143,144,145,146,147,148,149,150,151,152,153,154,155,156,157,82,159,160,161,162,163,164,165,166,167,168,169,170,171,172,173,127,175,176,177,178,179,180,181,182,183,184,185,186,187,188,189,190,191,192,193,194,195,196,197,198,199];False
7212;8641;15853;[37,141,11,3,26,43,18,30,25,9,4,1,12,32,14,15,124,46,174,19,61,41,22,23,24,69,5,27,99,56,63,31,29,33,17,8,36,95,38,39,40,158,42,7,44,45,60,47,48,21,92,51,53,13,54,55,6,57,58,59,2,0,62,96,64,10,121,117,68,20,70,71,72,65,74,75,67,77,76,28,80,81,114,83,52,85,86,87,88,89,73,91,35,93,94,66,84,97,98,79,100,101,16,103,104,105,106,107,108,102,110,111,112,113,109,115,116,34,118,119,120,49,122,123,90,125,126,78,128,129,130,131,132,133,134,135,136,137,138,139,140,50,142,143,144,145,146,147,148,149,150,151,152,153,154,155,156,157,82,159,160,161,162,163,164,165,166,167,168,169,170,171,172,173,127,175,176,177,178,179,180,181,182,183,184,185,186,187,188,189,190,191,192,193,194,195,196,197,198,199];False
6811;8857;15668;[109,141,11,47,26,43,18,30,25,9,4,1,12,32,3,15,124,94,46,14,61,41,22,23,24,69,5,27,99,56,63,31,29,33,17,8,36,95,38,85,77,49,42,7,44,45,60,39,48,21,92,51,53,13,54,55,6,57,58,59,2,0,62,102,64,10,66,117,68,20,70,71,72,65,74,75,67,28,76,79,80,81,82,83,40,37,86,87,88,89,73,91,35,93,16,114,96,97,98,84,100,101,78,52,104,105,106,107,108,19,110,111,112,113,103,115,116,34,118,119,120,121,122,123,90,125,126,127,128,129,130,131,132,133,134,135,136,137,138,139,140,50,142,143,144,145,146,147,148,149,150,151,152,153,154,155,156,157,158,159,160,161,162,163,164,165,166,167,168,169,170,171,172,173,174,175,176,177,178,179,180,181,182,183,184,185,186,187,188,189,190,191,192,193,194,195,196,197,198,199];False
6805;8856;15661;[92,141,11,47,26,43,18,30,25,9,4,1,12,32,3,15,124,94,46,14,61,41,22,23,24,69,5,27,109,56,63,31,29,33,17,8,36,95,38,85,77,49,42,7,44,45,60,39,48,21,99,51,53,13,54,55,6,57,58,59,2,0,62,102,64,10,66,117,68,20,70,71,72,65,74,75,67,28,76,79,80,81,82,83,40,37,86,87,88,89,73,91,35,93,16,114,96,97,98,84,100,101,78,52,104,105,106,107,108,19,110,111,112,113,103,115,116,34,118,119,120,121,122,123,90,125,126,127,128,129,130,131,132,133,134,135,136,137,138,139,140,50,142,143,144,145,146,147,148,149,150,151,152,153,154,155,156,157,158,159,160,161,162,163,164,165,166,167,168,169,170,171,172,173,174,175,176,177,178,179,180,181,182,183,184,185,186,187,188,189,190,191,192,193,194,195,196,197,198,199];False
6818;8852;15670;[91,141,11,47,26,43,18,30,25,9,4,1,12,32,3,15,124,94,46,14,61,41,22,23,24,69,5,27,109,56,63,31,29,33,17,8,36,95,38,85,77,49,42,7,44,45,60,39,48,21,92,51,53,13,54,55,6,57,58,59,2,0,62,102,64,10,66,117,68,20,70,71,72,65,74,75,67,28,76,79,80,81,82,83,40,37,86,87,88,89,73,99,35,93,16,114,96,97,98,84,100,101,78,52,104,105,106,107,108,19,110,111,112,113,103,115,116,34,118,119,120,121,122,123,90,125,126,127,128,129,130,131,132,133,134,135,136,137,138,139,140,50,142,143,144,145,146,147,148,149,150,151,152,153,154,155,156,157,158,159,160,161,162,163,164,165,166,167,168,169,170,171,172,173,174,175,176,177,178,179,180,181,182,183,184,185,186,187,188,189,190,191,192,193,194,195,196,197,198,199];False
6799;8845;15644;[105,141,11,47,26,43,18,30,25,9,4,1,12,32,3,15,124,94,46,14,61,41,22,23,24,69,5,27,109,56,63,31,29,33,17,8,36,95,38,85,77,49,42,7,44,45,60,39,48,21,92,51,53,13,54,55,6,57,58,59,2,0,62,102,64,10,66,117,68,20,70,71,72,65,74,75,67,28,76,79,80,81,82,83,40,37,86,87,88,89,73,91,35,93,16,114,96,97,98,84,100,101,78,52,104,99,106,107,108,19,110,111,112,113,103,115,116,34,118,119,120,121,122,123,90,125,126,127,128,129,130,131,132,133,134,135,136,137,138,139,140,50,142,143,144,145,146,147,148,149,150,151,152,153,154,155,156,157,158,159,160,161,162,163,164,165,166,167,168,169,170,171,172,173,174,175,176,177,178,179,180,181,182,183,184,185,186,187,188,189,190,191,192,193,194,195,196,197,198,199];False
6829;8840;15669;[96,141,11,47,26,43,18,30,25,105,4,1,12,32,3,15,124,9,16,14,61,41,22,46,24,69,5,27,109,56,63,31,29,33,17,8,36,95,38,85,77,49,42,7,44,45,60,39,48,21,92,51,53,13,54,55,6,57,58,59,2,0,62,102,64,10,66,117,68,20,70,71,72,65,74,75,67,28,76,79,80,81,82,83,40,37,86,87,88,89,73,91,35,93,94,114,23,97,98,84,100,101,78,52,104,99,106,107,108,19,110,111,112,113,103,115,116,34,118,119,120,121,122,123,90,125,126,127,128,129,130,131,132,133,134,135,136,137,138,139,140,50,142,143,144,145,146,147,148,149,150,151,152,153,154,155,156,157,158,159,160,161,162,163,164,165,166,167,168,169,170,171,172,173,174,175,176,177,178,179,180,181,182,183,184,185,186,187,188,189,190,191,192,193,194,195,196,197,198,199];False
6842;8826;15668;[101,141,11,47,26,43,18,30,25,105,4,1,12,32,3,15,124,9,16,14,61,41,22,46,24,69,5,27,109,56,63,31,29,33,17,8,36,95,38,85,77,49,42,7,44,45,60,39,48,21,92,51,53,13,54,55,6,57,58,59,2,0,62,102,64,10,66,117,68,20,70,71,72,65,74,75,67,28,76,79,80,81,82,83,40,37,86,87,88,89,73,91,35,93,94,114,96,97,98,84,100,23,78,52,104,99,106,107,108,19,110,111,112,113,103,115,116,34,118,119,120,121,122,123,90,125,126,127,128,129,130,131,132,133,134,135,136,137,138,139,140,50,142,143,144,145,146,147,148,149,150,151,152,153,154,155,156,157,158,159,160,161,162,163,164,165,166,167,168,169,170,171,172,173,174,175,176,177,178,179,180,181,182,183,184,185,186,187,188,189,190,191,192,193,194,195,196,197,198,199];False
6816;8833;15649;[108,141,11,47,26,43,18,30,25,105,4,1,12,32,3,15,124,9,16,14,61,41,22,46,24,69,5,27,109,56,63,31,29,33,17,8,36,95,38,85,77,49,42,7,44,45,60,39,48,21,92,51,53,13,54,55,6,57,58,59,2,0,62,102,64,10,66,117,68,20,70,71,72,65,74,75,67,28,76,79,80,81,82,83,40,37,86,87,88,89,73,91,35,93,94,114,96,97,98,84,100,101,78,52,104,99,106,107,23,19,110,111,112,113,103,115,116,34,118,119,120,121,122,123,90,125,126,127,128,129,130,131,132,133,134,135,136,137,138,139,140,50,142,143,144,145,146,147,148,149,150,151,152,153,154,155,156,157,158,159,160,161,162,163,164,165,166,167,168,169,170,171,172,173,174,175,176,177,178,179,180,181,182,183,184,185,186,187,188,189,190,191,192,193,194,195,196,197,198,199];False
6838;8828;15666;[19,141,11,47,26,43,18,30,25,105,4,1,12,32,3,15,124,9,16,14,61,41,22,46,24,69,5,27,109,56,63,31,29,33,17,8,36,95,38,85,77,49,42,7,44,45,60,39,48,21,92,51,53,13,54,55,6,57,58,59,2,0,62,102,64,10,66,117,68,20,70,71,72,65,74,75,67,28,76,79,80,81,82,83,40,37,86,87,88,89,73,91,35,93,94,114,96,97,98,84,100,101,78,52,104,99,106,107,108,23,110,111,112,113,103,115,116,34,118,119,120,121,122,123,90,125,126,127,128,129,130,131,132,133,134,135,136,137,138,139,140,50,142,143,144,145,146,147,148,149,150,151,152,153,154,155,156,157,158,159,160,161,162,163,164,165,166,167,168,169,170,171,172,173,174,175,176,177,178,179,180,181,182,183,184,185,186,187,188,189,190,191,192,193,194,195,196,197,198,199];False
6523;9035;15558;[22,52,11,3,26,96,18,30,25,94,75,1,12,32,14,15,124,9,16,19,61,41,36,23,24,69,5,27,28,56,63,31,29,33,17,35,74,37,60,39,40,49,42,7,44,45,86,47,48,21,50,51,53,13,54,55,6,57,58,59,2,0,77,46,64,10,66,117,68,20,70,71,72,65,8,84,67,81,80,79,38,73,82,83,76,85,92,87,88,89,4,91,109,93,62,95,115,97,98,99,100,101,102,103,104,105,43,107,108,151,110,111,112,113,114,121,116,34,118,119,120,106,122,123,90,125,126,127,128,129,130,131,132,133,134,135,136,137,138,139,140,141,142,143,144,145,146,147,148,149,150,78,152,153,154,155,156,157,158,159,160,161,162,163,164,165,166,167,168,169,170,171,172,173,174,175,176,177,178,179,180,181,182,183,184,185,186,187,188,189,190,191,192,193,194,195,196,197,198,199];False
6524;9017;15541;[109,52,11,3,26,96,18,30,25,94,75,1,12,32,14,15,124,9,16,19,61,41,22,23,24,69,5,27,28,56,63,31,29,33,17,35,74,37,60,39,40,49,42,7,44,45,86,47,48,21,50,51,53,13,54,55,6,57,58,59,2,0,77,46,64,10,66,117,68,20,70,71,72,65,8,84,67,81,80,79,38,73,82,83,76,85,92,87,88,89,4,91,36,93,62,95,115,97,98,99,100,101,102,103,104,105,43,107,108,151,110,111,112,113,114,121,116,34,118,119,120,106,122,123,90,125,126,127,128,129,130,131,132,133,134,135,136,137,138,139,140,141,142,143,144,145,146,147,148,149,150,78,152,153,154,155,156,157,158,159,160,161,162,163,164,165,166,167,168,169,170,171,172,173,174,175,176,177,178,179,180,181,182,183,184,185,186,187,188,189,190,191,192,193,194,195,196,197,198,199];False
6491;9049;15540;[105,52,11,3,26,96,18,30,25,94,75,1,12,32,14,15,124,9,16,19,61,41,22,23,24,69,5,27,28,56,63,31,29,33,17,35,74,37,60,39,40,49,42,7,44,45,86,47,48,21,50,51,53,13,54,55,6,57,58,59,2,0,77,46,64,10,66,117,68,20,70,71,72,65,8,84,67,81,80,79,38,73,82,83,76,85,92,87,88,89,4,91,109,93,62,95,115,97,98,99,100,101,102,103,104,36,43,107,108,151,110,111,112,113,114,121,116,34,118,119,120,106,122,123,90,125,126,127,128,129,130,131,132,133,134,135,136,137,138,139,140,141,142,143,144,145,146,147,148,149,150,78,152,153,154,155,156,157,158,159,160,161,162,163,164,165,166,167,168,169,170,171,172,173,174,175,176,177,178,179,180,181,182,183,184,185,186,187,188,189,190,191,192,193,194,195,196,197,198,199];False
6497;9029;15526;[131,52,11,3,26,96,18,30,25,94,75,1,12,32,14,15,124,9,16,19,61,41,22,23,24,69,5,27,28,56,63,31,29,33,17,35,74,37,60,39,40,49,42,7,44,45,86,47,48,21,50,51,53,13,54,55,6,57,58,59,2,0,77,46,64,10,66,117,68,20,70,71,72,65,8,84,67,81,80,79,38,73,82,83,76,85,92,87,88,89,4,91,109,93,62,95,115,97,98,99,100,101,102,103,104,105,43,107,108,151,110,111,112,113,114,121,116,34,118,119,120,106,122,123,90,125,126,127,128,129,130,36,132,133,134,135,136,137,138,139,140,141,142,143,144,145,146,147,148,149,150,78,152,153,154,155,156,157,158,159,160,161,162,163,164,165,166,167,168,169,170,171,172,173,174,175,176,177,178,179,180,181,182,183,184,185,186,187,188,189,190,191,192,193,194,195,196,197,198,199];False
6443;9062;15505;[52,104,11,3,26,96,18,30,25,94,75,1,12,32,14,15,124,9,16,19,61,41,22,23,24,69,5,27,28,56,63,31,29,33,17,35,36,37,60,39,40,49,42,7,44,45,86,47,48,21,50,51,53,13,54,55,6,57,58,59,2,0,77,46,64,10,66,117,68,20,70,71,72,65,8,84,67,81,80,79,38,73,82,83,76,85,92,87,88,89,4,91,109,93,62,95,115,97,98,99,100,101,102,103,74,105,43,107,108,151,110,111,112,113,114,121,116,34,118,119,120,106,122,123,90,125,126,127,128,129,130,131,132,133,134,135,136,137,138,139,140,141,142,143,144,145,146,147,148,149,150,78,152,153,154,155,156,157,158,159,160,161,162,163,164,165,166,167,168,169,170,171,172,173,174,175,176,177,178,179,180,181,182,183,184,185,186,187,188,189,190,191,192,193,194,195,196,197,198,199];False
6464;9043;15507;[11,52,104,3,26,96,18,30,25,94,75,1,12,32,14,15,124,9,16,19,61,41,22,23,24,69,5,27,28,56,63,31,29,33,17,35,36,37,60,39,40,49,42,7,44,45,86,47,48,21,50,51,53,13,54,55,6,57,58,59,2,0,77,46,64,10,66,117,68,20,70,71,72,65,8,84,67,81,80,79,38,73,82,83,76,85,92,87,88,89,4,91,109,93,62,95,115,97,98,99,100,101,102,103,74,105,43,107,108,151,110,111,112,113,114,121,116,34,118,119,120,106,122,123,90,125,126,127,128,129,130,131,132,133,134,135,136,137,138,139,140,141,142,143,144,145,146,147,148,149,150,78,152,153,154,155,156,157,158,159,160,161,162,163,164,165,166,167,168,169,170,171,172,173,174,175,176,177,178,179,180,181,182,183,184,185,186,187,188,189,190,191,192,193,194,195,196,197,198,199];False
6612;8985;15597;[86,52,11,3,26,96,18,30,25,94,75,1,12,32,14,15,124,9,16,19,61,41,22,23,24,69,5,27,28,56,63,31,29,33,17,35,36,37,60,39,40,49,42,7,44,45,122,47,48,21,50,51,53,13,54,55,6,57,58,59,2,0,77,46,64,10,66,117,68,20,70,71,72,65,8,84,67,81,80,79,38,73,82,83,76,85,92,87,88,89,4,91,109,93,62,95,115,97,98,99,100,101,102,103,104,105,43,107,108,151,110,111,112,113,114,121,116,34,118,119,120,106,74,123,90,125,126,127,128,129,130,131,132,133,134,135,136,137,138,139,140,141,142,143,144,145,146,147,148,149,150,78,152,153,154,155,156,157,158,159,160,161,162,163,164,165,166,167,168,169,170,171,172,173,174,175,176,177,178,179,180,181,182,183,184,185,186,187,188,189,190,191,192,193,194,195,196,197,198,199];False
6599;8992;15591;[54,52,11,3,26,96,18,30,25,94,75,1,12,32,14,15,124,9,16,19,61,41,22,23,24,69,5,27,28,56,63,31,29,33,17,35,36,37,60,39,40,49,42,7,44,45,86,47,48,21,50,51,53,13,122,55,6,57,58,59,2,0,77,46,64,10,66,117,68,20,70,71,72,65,8,84,67,81,80,79,38,73,82,83,76,85,92,87,88,89,4,91,109,93,62,95,115,97,98,99,100,101,102,103,104,105,43,107,108,151,110,111,112,113,114,121,116,34,118,119,120,106,74,123,90,125,126,127,128,129,130,131,132,133,134,135,136,137,138,139,140,141,142,143,144,145,146,147,148,149,150,78,152,153,154,155,156,157,158,159,160,161,162,163,164,165,166,167,168,169,170,171,172,173,174,175,176,177,178,179,180,181,182,183,184,185,186,187,188,189,190,191,192,193,194,195,196,197,198,199];False
6544;8982;15526;[92,52,11,3,26,96,18,30,25,94,75,1,12,32,14,15,124,9,16,19,61,41,22,23,24,69,5,27,28,56,63,31,29,33,17,35,36,37,60,39,40,49,42,7,44,45,86,47,48,21,50,51,53,13,54,55,6,57,58,59,2,0,77,46,64,10,66,117,68,20,70,71,72,65,8,84,67,81,80,79,38,73,82,83,76,85,122,87,88,89,4,91,109,93,62,95,115,97,98,99,100,101,102,103,104,105,43,107,108,151,110,111,112,113,114,121,116,34,118,119,120,106,74,123,90,125,126,127,128,129,130,131,132,133,134,135,136,137,138,139,140,141,142,143,144,145,146,147,148,149,150,78,152,153,154,155,156,157,158,159,160,161,162,163,164,165,166,167,168,169,170,171,172,173,174,175,176,177,178,179,180,181,182,183,184,185,186,187,188,189,190,191,192,193,194,195,196,197,198,199];False
6675;8944;15619;[117,52,11,3,26,96,18,30,25,94,33,1,12,32,14,15,124,9,16,19,61,41,22,23,24,69,5,27,28,56,63,31,29,108,17,35,36,37,60,39,40,49,42,7,44,45,86,47,48,21,50,51,53,13,54,55,6,57,58,59,2,0,77,46,64,10,66,75,68,20,70,71,72,65,74,84,67,81,80,79,38,73,82,83,76,85,92,87,88,89,4,91,109,93,62,95,8,97,98,99,100,101,102,103,104,105,43,107,115,151,110,111,112,113,114,121,116,34,118,119,120,106,122,123,90,125,126,127,128,129,130,131,132,133,134,135,136,137,138,139,140,141,142,143,144,145,146,147,148,149,150,78,152,153,154,155,156,157,158,159,160,161,162,163,164,165,166,167,168,169,170,171,172,173,174,175,176,177,178,179,180,181,182,183,184,185,186,187,188,189,190,191,192,193,194,195,196,197,198,199];False
6650;8950;15600;[100,52,11,3,26,96,18,30,25,94,33,1,12,32,14,15,124,9,16,19,61,41,22,23,24,69,5,27,28,56,63,31,29,108,17,35,36,37,60,39,40,49,42,7,44,45,86,47,48,21,50,51,53,13,54,55,6,57,58,59,2,0,77,46,64,10,66,117,68,20,70,71,72,65,74,84,67,81,80,79,38,73,82,83,76,85,92,87,88,89,4,91,109,93,62,95,8,97,98,99,75,101,102,103,104,105,43,107,115,151,110,111,112,113,114,121,116,34,118,119,120,106,122,123,90,125,126,127,128,129,130,131,132,133,134,135,136,137,138,139,140,141,142,143,144,145,146,147,148,149,150,78,152,153,154,155,156,157,158,159,160,161,162,163,164,165,166,167,168,169,170,171,172,173,174,175,176,177,178,179,180,181,182,183,184,185,186,187,188,189,190,191,192,193,194,195,196,197,198,199];False
6626;8956;15582;[42,52,11,3,26,96,18,30,25,94,75,1,12,32,14,15,124,9,16,19,61,41,22,23,24,69,5,27,28,56,63,31,29,108,17,35,36,37,60,39,40,49,54,7,44,45,86,47,48,21,50,51,53,13,33,55,6,57,58,59,2,0,77,46,64,10,66,117,68,20,70,71,72,65,74,84,67,81,80,79,38,73,82,83,76,85,92,87,88,89,4,91,109,93,62,95,8,97,98,99,100,101,102,103,104,105,43,107,115,151,110,111,112,113,114,121,116,34,118,119,120,106,122,123,90,125,126,127,128,129,130,131,132,133,134,135,136,137,138,139,140,141,142,143,144,145,146,147,148,149,150,78,152,153,154,155,156,157,158,159,160,161,162,163,164,165,166,167,168,169,170,171,172,173,174,175,176,177,178,179,180,181,182,183,184,185,186,187,188,189,190,191,192,193,194,195,196,197,198,199];False
6686;8938;15624;[38,52,11,3,26,96,18,30,25,94,75,1,12,32,14,15,124,9,16,19,61,41,22,23,24,69,5,27,28,56,63,31,29,108,17,35,36,37,60,39,40,49,42,7,44,45,86,47,48,21,50,51,53,13,33,55,6,57,58,59,2,0,77,46,64,10,66,117,68,20,70,71,72,65,74,84,67,81,80,79,54,73,82,83,76,85,92,87,88,89,4,91,109,93,62,95,8,97,98,99,100,101,102,103,104,105,43,107,115,151,110,111,112,113,114,121,116,34,118,119,120,106,122,123,90,125,126,127,128,129,130,131,132,133,134,135,136,137,138,139,140,141,142,143,144,145,146,147,148,149,150,78,152,153,154,155,156,157,158,159,160,161,162,163,164,165,166,167,168,169,170,171,172,173,174,175,176,177,178,179,180,181,182,183,184,185,186,187,188,189,190,191,192,193,194,195,196,197,198,199];False
6618;8967;15585;[85,52,11,3,26,96,18,30,25,94,75,1,12,32,14,15,124,9,16,19,61,41,22,23,24,69,5,27,28,56,63,31,29,108,17,35,36,37,60,39,40,49,42,7,44,45,86,47,48,21,50,51,53,13,33,55,6,57,58,59,2,0,77,46,64,10,66,117,68,20,70,71,72,65,74,84,67,81,80,79,38,73,82,83,76,54,92,87,88,89,4,91,109,93,62,95,8,97,98,99,100,101,102,103,104,105,43,107,115,151,110,111,112,113,114,121,116,34,118,119,120,106,122,123,90,125,126,127,128,129,130,131,132,133,134,135,136,137,138,139,140,141,142,143,144,145,146,147,148,149,150,78,152,153,154,155,156,157,158,159,160,161,162,163,164,165,166,167,168,169,170,171,172,173,174,175,176,177,178,179,180,181,182,183,184,185,186,187,188,189,190,191,192,193,194,195,196,197,198,199];False
6683;8942;15625;[43,52,11,3,26,96,18,30,25,94,75,1,12,32,14,15,124,9,16,19,61,41,22,23,24,69,5,27,28,56,63,31,29,108,17,35,36,37,60,39,40,49,42,7,44,45,86,47,48,21,50,51,53,13,33,55,6,57,58,59,2,0,77,46,64,10,66,117,68,20,70,71,72,65,74,84,67,81,80,79,38,73,82,83,76,85,92,87,88,89,4,91,109,93,62,95,8,97,98,99,100,101,102,103,104,105,54,107,115,151,110,111,112,113,114,121,116,34,118,119,120,106,122,123,90,125,126,127,128,129,130,131,132,133,134,135,136,137,138,139,140,141,142,143,144,145,146,147,148,149,150,78,152,153,154,155,156,157,158,159,160,161,162,163,164,165,166,167,168,169,170,171,172,173,174,175,176,177,178,179,180,181,182,183,184,185,186,187,188,189,190,191,192,193,194,195,196,197,198,199];False
6649;8927;15576;[115,52,11,3,26,96,18,30,25,94,75,1,12,32,14,15,124,9,16,19,61,41,22,23,24,69,5,27,28,56,63,31,29,108,17,35,36,37,60,39,40,49,42,7,44,45,86,47,48,21,50,51,53,13,33,55,6,57,58,59,2,0,77,46,64,10,66,117,68,20,70,71,72,65,74,84,67,81,80,79,38,73,82,83,76,85,92,87,88,89,4,91,109,93,62,95,8,97,98,99,100,101,102,103,104,105,43,107,54,151,110,111,112,113,114,121,116,34,118,119,120,106,122,123,90,125,126,127,128,129,130,131,132,133,134,135,136,137,138,139,140,141,142,143,144,145,146,147,148,149,150,78,152,153,154,155,156,157,158,159,160,161,162,163,164,165,166,167,168,169,170,171,172,173,174,175,176,177,178,179,180,181,182,183,184,185,186,187,188,189,190,191,192,193,194,195,196,197,198,199];False
6619;8916;15535;[106,52,11,3,26,96,18,30,25,94,75,1,12,32,14,15,124,9,16,19,61,41,22,23,24,69,5,27,28,56,63,31,29,108,17,35,36,37,60,39,40,49,42,7,44,45,86,47,48,21,50,51,53,13,33,55,6,57,58,59,2,0,77,46,64,10,66,117,68,20,70,71,72,65,74,84,67,81,80,79,38,73,82,83,76,85,92,87,88,89,4,91,109,93,62,95,8,97,98,99,100,101,102,103,104,105,43,107,115,151,110,111,112,113,114,121,116,34,118,119,120,54,122,123,90,125,126,127,128,129,130,131,132,133,134,135,136,137,138,139,140,141,142,143,144,145,146,147,148,149,150,78,152,153,154,155,156,157,158,159,160,161,162,163,164,165,166,167,168,169,170,171,172,173,174,175,176,177,178,179,180,181,182,183,184,185,186,187,188,189,190,191,192,193,194,195,196,197,198,199];False
6740;8876;15616;[99,141,11,3,26,96,18,30,25,94,75,1,12,32,14,15,124,9,37,19,61,41,22,23,24,69,5,27,28,56,63,31,29,33,17,35,36,52,60,39,40,49,42,7,44,45,86,47,48,21,50,51,53,13,54,55,6,57,58,59,2,0,77,46,64,10,66,117,68,20,70,71,72,65,74,84,67,81,80,79,38,73,82,83,76,85,92,87,88,89,4,91,109,93,62,95,8,97,98,102,100,101,16,103,104,105,43,107,108,151,110,111,112,113,114,115,116,34,118,119,120,121,122,123,90,125,126,127,128,129,130,131,132,133,134,135,136,137,138,139,140,106,142,143,144,145,146,147,148,149,150,78,152,153,154,155,156,157,158,159,160,161,162,163,164,165,166,167,168,169,170,171,172,173,174,175,176,177,178,179,180,181,182,183,184,185,186,187,188,189,190,191,192,193,194,195,196,197,198,199];False
6795;8870;15665;[100,141,11,3,26,96,18,30,25,94,75,1,12,32,14,15,124,9,37,19,61,41,22,23,24,69,5,27,28,56,63,31,29,33,17,35,36,52,60,39,40,49,42,7,44,45,86,47,48,21,50,51,53,13,54,55,6,57,58,59,2,0,77,46,64,10,66,117,68,20,70,71,72,65,74,84,67,81,80,79,38,73,82,83,76,85,92,87,88,89,4,91,109,93,62,95,8,97,98,99,102,101,16,103,104,105,43,107,108,151,110,111,112,113,114,115,116,34,118,119,120,121,122,123,90,125,126,127,128,129,130,131,132,133,134,135,136,137,138,139,140,106,142,143,144,145,146,147,148,149,150,78,152,153,154,155,156,157,158,159,160,161,162,163,164,165,166,167,168,169,170,171,172,173,174,175,176,177,178,179,180,181,182,183,184,185,186,187,188,189,190,191,192,193,194,195,196,197,198,199];False
6712;8878;15590;[19,141,11,3,26,96,18,30,25,94,75,1,12,32,103,15,124,9,16,14,61,41,22,23,24,69,5,27,28,56,63,31,29,33,17,35,36,52,60,39,40,49,42,7,44,45,86,47,48,21,50,51,53,13,54,55,6,57,58,59,2,0,77,46,64,10,66,117,68,20,70,71,72,65,74,84,67,81,80,79,38,73,82,83,76,85,92,87,88,89,4,91,109,93,62,95,8,97,98,99,100,101,102,37,104,105,43,107,108,151,110,111,112,113,114,115,116,34,118,119,120,121,122,123,90,125,126,127,128,129,130,131,132,133,134,135,136,137,138,139,140,106,142,143,144,145,146,147,148,149,150,78,152,153,154,155,156,157,158,159,160,161,162,163,164,165,166,167,168,169,170,171,172,173,174,175,176,177,178,179,180,181,182,183,184,185,186,187,188,189,190,191,192,193,194,195,196,197,198,199];False
6695;8896;15591;[28,141,11,3,26,96,18,30,25,94,75,1,12,32,103,15,124,9,16,19,61,41,22,23,24,69,5,27,14,56,63,31,29,33,17,35,36,52,60,39,40,49,42,7,44,45,86,47,48,21,50,51,53,13,54,55,6,57,58,59,2,0,77,46,64,10,66,117,68,20,70,71,72,65,74,84,67,81,80,79,38,73,82,83,76,85,92,87,88,89,4,91,109,93,62,95,8,97,98,99,100,101,102,37,104,105,43,107,108,151,110,111,112,113,114,115,116,34,118,119,120,121,122,123,90,125,126,127,128,129,130,131,132,133,134,135,136,137,138,139,140,106,142,143,144,145,146,147,148,149,150,78,152,153,154,155,156,157,158,159,160,161,162,163,164,165,166,167,168,169,170,171,172,173,174,175,176,177,178,179,180,181,182,183,184,185,186,187,188,189,190,191,192,193,194,195,196,197,198,199];False
6770;8870;15640;[92,141,11,3,26,96,18,30,25,94,75,1,12,32,14,15,124,9,16,103,61,41,22,23,24,69,5,27,28,56,63,31,29,33,17,35,36,52,60,39,40,49,42,7,44,45,86,47,48,21,50,51,53,13,54,55,6,57,58,59,2,0,77,46,64,10,66,117,68,20,70,71,72,65,74,84,67,81,80,79,38,73,82,83,76,85,19,87,88,89,4,91,109,93,62,95,8,97,98,99,100,101,102,37,104,105,43,107,108,151,110,111,112,113,114,115,116,34,118,119,120,121,122,123,90,125,126,127,128,129,130,131,132,133,134,135,136,137,138,139,140,106,142,143,144,145,146,147,148,149,150,78,152,153,154,155,156,157,158,159,160,161,162,163,164,165,166,167,168,169,170,171,172,173,174,175,176,177,178,179,180,181,182,183,184,185,186,187,188,189,190,191,192,193,194,195,196,197,198,199];False
6701;8892;15593;[16,141,11,3,26,96,18,30,25,94,75,1,12,32,14,15,124,9,104,19,61,41,22,23,24,69,5,27,28,56,63,31,29,33,17,35,36,52,60,39,40,49,42,7,44,45,86,47,48,21,50,51,53,13,54,55,6,57,58,59,2,0,77,46,64,10,66,117,68,20,70,71,72,65,74,84,67,81,80,79,38,73,82,83,76,85,92,87,88,89,4,91,109,93,62,95,8,97,98,99,100,101,102,37,103,105,43,107,108,151,110,111,112,113,114,115,116,34,118,119,120,121,122,123,90,125,126,127,128,129,130,131,132,133,134,135,136,137,138,139,140,106,142,143,144,145,146,147,148,149,150,78,152,153,154,155,156,157,158,159,160,161,162,163,164,165,166,167,168,169,170,171,172,173,174,175,176,177,178,179,180,181,182,183,184,185,186,187,188,189,190,191,192,193,194,195,196,197,198,199];False
6689;8906;15595;[23,141,11,3,26,96,18,30,25,94,75,1,12,32,14,15,124,9,16,19,61,41,22,104,24,69,5,27,28,56,63,31,29,33,17,35,36,52,60,39,40,49,42,7,44,45,86,47,48,21,50,51,53,13,54,55,6,57,58,59,2,0,77,46,64,10,66,117,68,20,70,71,72,65,74,84,67,81,80,79,38,73,82,83,76,85,92,87,88,89,4,91,109,93,62,95,8,97,98,99,100,101,102,37,103,105,43,107,108,151,110,111,112,113,114,115,116,34,118,119,120,121,122,123,90,125,126,127,128,129,130,131,132,133,134,135,136,137,138,139,140,106,142,143,144,145,146,147,148,149,150,78,152,153,154,155,156,157,158,159,160,161,162,163,164,165,166,167,168,169,170,171,172,173,174,175,176,177,178,179,180,181,182,183,184,185,186,187,188,189,190,191,192,193,194,195,196,197,198,199];False
6672;8893;15565;[96,141,11,3,26,108,18,30,25,94,75,1,12,32,14,15,124,9,16,19,61,41,22,23,24,69,5,27,28,56,63,31,29,33,17,35,36,52,60,39,40,49,42,7,44,45,86,47,48,21,50,51,53,13,54,55,6,57,58,59,2,0,77,46,64,10,66,117,68,20,70,71,72,65,74,84,67,81,80,79,38,73,82,83,76,85,92,87,88,89,4,91,109,93,62,95,8,97,98,99,100,101,102,37,104,105,43,107,103,151,110,111,112,113,114,115,116,34,118,119,120,121,122,123,90,125,126,127,128,129,130,131,132,133,134,135,136,137,138,139,140,106,142,143,144,145,146,147,148,149,150,78,152,153,154,155,156,157,158,159,160,161,162,163,164,165,166,167,168,169,170,171,172,173,174,175,176,177,178,179,180,181,182,183,184,185,186,187,188,189,190,191,192,193,194,195,196,197,198,199];False
6711;8869;15580;[16,141,11,3,26,96,18,30,25,94,75,1,12,32,14,15,124,9,108,19,61,41,22,23,24,69,5,27,28,56,63,31,29,33,17,35,36,52,60,39,40,49,42,7,44,45,86,47,48,21,50,51,53,13,54,55,6,57,58,59,2,0,77,46,64,10,66,117,68,20,70,71,72,65,74,84,67,81,80,79,38,73,82,83,76,85,92,87,88,89,4,91,109,93,62,95,8,97,98,99,100,101,102,37,104,105,43,107,103,151,110,111,112,113,114,115,116,34,118,119,120,121,122,123,90,125,126,127,128,129,130,131,132,133,134,135,136,137,138,139,140,106,142,143,144,145,146,147,148,149,150,78,152,153,154,155,156,157,158,159,160,161,162,163,164,165,166,167,168,169,170,171,172,173,174,175,176,177,178,179,180,181,182,183,184,185,186,187,188,189,190,191,192,193,194,195,196,197,198,199];False
6629;8907;15536;[52,141,11,3,26,96,18,30,25,94,75,1,12,32,14,15,124,9,16,19,61,41,22,23,24,69,5,27,28,56,63,31,29,33,17,35,36,108,60,39,40,49,42,7,44,45,86,47,48,21,50,51,53,13,54,55,6,57,58,59,2,0,77,46,64,10,66,117,68,20,70,71,72,65,74,84,67,81,80,79,38,73,82,83,76,85,92,87,88,89,4,91,109,93,62,95,8,97,98,99,100,101,102,37,104,105,43,107,103,151,110,111,112,113,114,115,116,34,118,119,120,121,122,123,90,125,126,127,128,129,130,131,132,133,134,135,136,137,138,139,140,106,142,143,144,145,146,147,148,149,150,78,152,153,154,155,156,157,158,159,160,161,162,163,164,165,166,167,168,169,170,171,172,173,174,175,176,177,178,179,180,181,182,183,184,185,186,187,188,189,190,191,192,193,194,195,196,197,198,199];False
6684;8882;15566;[50,141,11,3,26,96,18,30,25,94,75,1,12,32,14,15,124,9,16,19,61,41,22,23,24,69,5,27,28,56,63,31,29,33,17,35,36,52,60,39,40,49,42,7,44,45,86,47,48,21,108,51,53,13,54,55,6,57,58,59,2,0,77,46,64,10,66,117,68,20,70,71,72,65,74,84,67,81,80,79,38,73,82,83,76,85,92,87,88,89,4,91,109,93,62,95,8,97,98,99,100,101,102,37,104,105,43,107,103,151,110,111,112,113,114,115,116,34,118,119,120,121,122,123,90,125,126,127,128,129,130,131,132,133,134,135,136,137,138,139,140,106,142,143,144,145,146,147,148,149,150,78,152,153,154,155,156,157,158,159,160,161,162,163,164,165,166,167,168,169,170,171,172,173,174,175,176,177,178,179,180,181,182,183,184,185,186,187,188,189,190,191,192,193,194,195,196,197,198,199];False
6431;9135;15566;[22,52,11,3,26,96,18,30,132,9,33,1,12,32,14,15,124,94,93,19,61,41,36,23,24,69,5,27,16,56,63,31,29,155,17,35,25,37,60,39,40,49,42,7,44,45,86,47,48,28,4,51,53,13,54,55,6,57,58,59,2,0,43,46,64,10,66,117,68,20,70,71,72,65,74,75,67,77,80,79,38,81,82,83,76,85,92,87,88,89,73,91,109,8,84,95,62,97,98,99,100,101,102,103,104,105,106,107,108,151,110,111,112,113,114,115,116,34,118,119,120,121,122,123,90,125,126,127,128,129,130,131,78,133,134,135,136,137,138,139,140,141,142,143,144,145,146,147,148,149,150,21,152,153,154,50,156,157,158,159,160,161,162,163,164,165,166,167,168,169,170,171,172,173,174,175,176,177,178,179,180,181,182,183,184,185,186,187,188,189,190,191,192,193,194,195,196,197,198,199];False
6418;9127;15545;[81,52,11,3,26,96,18,30,132,9,33,1,12,32,14,15,124,94,93,19,61,41,22,23,24,69,5,27,16,56,63,31,29,155,17,35,25,37,60,39,40,49,42,7,44,45,86,47,48,28,4,51,53,13,54,55,6,57,58,59,2,0,43,46,64,10,66,117,68,20,70,71,72,65,74,75,67,77,80,79,38,36,82,83,76,85,92,87,88,89,73,91,109,8,84,95,62,97,98,99,100,101,102,103,104,105,106,107,108,151,110,111,112,113,114,115,116,34,118,119,120,121,122,123,90,125,126,127,128,129,130,131,78,133,134,135,136,137,138,139,140,141,142,143,144,145,146,147,148,149,150,21,152,153,154,50,156,157,158,159,160,161,162,163,164,165,166,167,168,169,170,171,172,173,174,175,176,177,178,179,180,181,182,183,184,185,186,187,188,189,190,191,192,193,194,195,196,197,198,199];False
6420;9111;15531;[73,52,11,3,26,96,18,30,132,9,33,1,12,32,14,15,124,94,93,19,61,41,22,23,24,69,5,27,16,56,63,31,29,155,17,35,25,37,60,39,40,49,42,7,44,45,86,47,48,28,4,51,53,13,54,55,6,57,58,59,2,0,36,46,64,10,66,117,68,20,70,71,72,65,74,75,67,77,80,79,38,81,82,83,76,85,92,87,88,89,106,91,109,8,84,95,62,97,98,99,100,101,102,103,104,105,43,107,108,151,110,111,112,113,114,115,116,34,118,119,120,121,122,123,90,125,126,127,128,129,130,131,78,133,134,135,136,137,138,139,140,141,142,143,144,145,146,147,148,149,150,21,152,153,154,50,156,157,158,159,160,161,162,163,164,165,166,167,168,169,170,171,172,173,174,175,176,177,178,179,180,181,182,183,184,185,186,187,188,189,190,191,192,193,194,195,196,197,198,199];False
6818;8795;15613;[23,141,11,3,26,43,18,30,25,9,4,1,12,32,14,15,124,46,174,19,61,41,22,96,24,69,5,27,99,56,63,31,29,33,17,8,36,95,38,85,40,49,42,7,44,45,60,47,48,21,92,51,53,13,54,55,6,57,58,59,2,0,62,103,64,10,66,117,68,20,70,71,72,65,74,75,67,77,76,28,80,81,39,83,52,37,86,87,88,89,73,91,35,93,94,109,84,97,98,79,100,101,16,142,104,105,106,107,108,102,110,111,112,113,114,115,116,34,118,119,120,121,122,123,90,125,126,78,128,129,130,131,132,133,134,135,136,137,138,139,140,50,82,143,144,145,146,147,148,149,150,151,152,153,154,155,156,157,158,159,160,161,162,163,164,165,166,167,168,169,170,171,172,173,127,175,176,177,178,179,180,181,182,183,184,185,186,187,188,189,190,191,192,193,194,195,196,197,198,199];False
6785;8802;15587;[77,141,11,3,26,43,18,30,25,9,4,1,12,32,14,15,124,46,174,19,61,41,22,23,24,69,5,27,99,56,63,31,29,33,17,8,36,95,38,85,40,49,42,7,44,45,60,47,48,21,92,51,53,13,54,55,6,57,58,59,2,0,62,103,64,10,66,117,68,20,70,71,72,65,74,75,67,96,76,28,80,81,39,83,52,37,86,87,88,89,73,91,35,93,94,109,84,97,98,79,100,101,16,142,104,105,106,107,108,102,110,111,112,113,114,115,116,34,118,119,120,121,122,123,90,125,126,78,128,129,130,131,132,133,134,135,136,137,138,139,140,50,82,143,144,145,146,147,148,149,150,151,152,153,154,155,156,157,158,159,160,161,162,163,164,165,166,167,168,169,170,171,172,173,127,175,176,177,178,179,180,181,182,183,184,185,186,187,188,189,190,191,192,193,194,195,196,197,198,199];False
6870;8791;15661;[76,141,11,3,26,43,18,30,25,9,4,1,12,32,14,15,124,46,174,19,61,41,22,23,24,69,5,27,99,56,63,31,29,33,17,8,36,95,38,85,40,49,42,7,44,45,60,47,48,21,92,51,53,13,54,55,6,57,58,59,2,0,62,103,64,10,66,117,68,20,70,71,72,65,74,75,67,77,96,28,80,81,39,83,52,37,86,87,88,89,73,91,35,93,94,109,84,97,98,79,100,101,16,142,104,105,106,107,108,102,110,111,112,113,114,115,116,34,118,119,120,121,122,123,90,125,126,78,128,129,130,131,132,133,134,135,136,137,138,139,140,50,82,143,144,145,146,147,148,149,150,151,152,153,154,155,156,157,158,159,160,161,162,163,164,165,166,167,168,169,170,171,172,173,127,175,176,177,178,179,180,181,182,183,184,185,186,187,188,189,190,191,192,193,194,195,196,197,198,199];False
6825;8782;15607;[79,141,11,3,26,43,18,30,25,9,4,1,12,32,14,15,124,46,174,19,61,41,22,23,24,69,5,27,99,56,63,31,29,33,17,8,36,95,38,85,40,49,42,7,44,45,60,47,48,21,92,51,53,13,54,55,6,57,58,59,2,0,62,103,64,10,66,117,68,20,70,71,72,65,74,75,67,77,76,28,80,81,39,83,52,37,86,87,88,89,73,91,35,93,94,109,84,97,98,96,100,101,16,142,104,105,106,107,108,102,110,111,112,113,114,115,116,34,118,119,120,121,122,123,90,125,126,78,128,129,130,131,132,133,134,135,136,137,138,139,140,50,82,143,144,145,146,147,148,149,150,151,152,153,154,155,156,157,158,159,160,161,162,163,164,165,166,167,168,169,170,171,172,173,127,175,176,177,178,179,180,181,182,183,184,185,186,187,188,189,190,191,192,193,194,195,196,197,198,199];False
6877;8753;15630;[14,141,11,3,26,43,18,30,25,9,4,1,12,32,114,15,124,46,174,19,61,41,22,23,24,69,5,27,99,56,63,31,29,33,17,8,36,95,38,85,40,49,42,7,44,45,60,47,48,21,92,51,53,13,54,55,6,57,58,59,2,0,62,96,64,10,66,117,68,20,70,71,72,65,74,75,67,77,76,28,80,81,39,83,52,37,86,87,88,89,73,91,35,93,94,109,84,97,98,79,100,101,16,142,104,105,106,107,108,102,110,111,112,113,103,115,116,34,118,119,120,121,122,123,90,125,126,78,128,129,130,131,132,133,134,135,136,137,138,139,140,50,82,143,144,145,146,147,148,149,150,151,152,153,154,155,156,157,158,159,160,161,162,163,164,165,166,167,168,169,170,171,172,173,127,175,176,177,178,179,180,181,182,183,184,185,186,187,188,189,190,191,192,193,194,195,196,197,198,199];False
6844;8756;15600;[96,141,11,3,26,43,18,30,25,9,4,1,12,32,14,15,124,46,174,19,61,41,22,23,24,69,5,27,99,56,63,31,29,33,17,8,36,95,38,85,40,49,42,7,44,45,60,47,48,21,92,51,53,13,54,55,6,57,58,59,2,0,62,114,64,10,66,117,68,20,70,71,72,65,74,75,67,77,76,28,80,81,39,83,52,37,86,87,88,89,73,91,35,93,94,109,84,97,98,79,100,101,16,142,104,105,106,107,108,102,110,111,112,113,103,115,116,34,118,119,120,121,122,123,90,125,126,78,128,129,130,131,132,133,134,135,136,137,138,139,140,50,82,143,144,145,146,147,148,149,150,151,152,153,154,155,156,157,158,159,160,161,162,163,164,165,166,167,168,169,170,171,172,173,127,175,176,177,178,179,180,181,182,183,184,185,186,187,188,189,190,191,192,193,194,195,196,197,198,199];False
6990;8711;15701;[10,141,11,3,26,43,18,30,25,9,4,1,12,32,14,15,124,46,174,19,61,41,22,23,24,69,5,27,99,56,63,31,29,33,17,8,36,95,38,85,40,49,42,7,44,45,60,47,48,21,92,51,53,13,54,55,6,57,58,59,2,0,62,96,64,114,66,117,68,20,70,71,72,65,74,75,67,77,76,28,80,81,39,83,52,37,86,87,88,89,73,91,35,93,94,109,84,97,98,79,100,101,16,142,104,105,106,107,108,102,110,111,112,113,103,115,116,34,118,119,120,121,122,123,90,125,126,78,128,129,130,131,132,133,134,135,136,137,138,139,140,50,82,143,144,145,146,147,148,149,150,151,152,153,154,155,156,157,158,159,160,161,162,163,164,165,166,167,168,169,170,171,172,173,127,175,176,177,178,179,180,181,182,183,184,185,186,187,188,189,190,191,192,193,194,195,196,197,198,199];False
6869;8736;15605;[76,141,11,3,26,43,18,30,25,9,4,1,12,32,14,15,124,46,174,19,61,41,22,23,24,69,5,27,99,56,63,31,29,33,17,8,36,95,38,85,40,49,42,7,44,45,60,47,48,21,92,51,53,13,54,55,6,57,58,59,2,0,62,96,64,10,66,117,68,20,70,71,72,65,74,75,67,77,114,28,80,81,39,83,52,37,86,87,88,89,73,91,35,93,94,109,84,97,98,79,100,101,16,142,104,105,106,107,108,102,110,111,112,113,103,115,116,34,118,119,120,121,122,123,90,125,126,78,128,129,130,131,132,133,134,135,136,137,138,139,140,50,82,143,144,145,146,147,148,149,150,151,152,153,154,155,156,157,158,159,160,161,162,163,164,165,166,167,168,169,170,171,172,173,127,175,176,177,178,179,180,181,182,183,184,185,186,187,188,189,190,191,192,193,194,195,196,197,198,199];False
6914;8726;15640;[79,141,11,3,26,43,18,30,25,9,4,1,12,32,14,15,124,46,174,19,61,41,22,23,24,69,5,27,99,56,63,31,29,33,17,8,36,95,38,85,40,49,42,7,44,45,60,47,48,21,92,51,53,13,54,55,6,57,58,59,2,0,62,96,64,10,66,117,68,20,70,71,72,65,74,75,67,77,76,28,80,81,39,83,52,37,86,87,88,89,73,91,35,93,94,109,84,97,98,114,100,101,16,142,104,105,106,107,108,102,110,111,112,113,103,115,116,34,118,119,120,121,122,123,90,125,126,78,128,129,130,131,132,133,134,135,136,137,138,139,140,50,82,143,144,145,146,147,148,149,150,151,152,153,154,155,156,157,158,159,160,161,162,163,164,165,166,167,168,169,170,171,172,173,127,175,176,177,178,179,180,181,182,183,184,185,186,187,188,189,190,191,192,193,194,195,196,197,198,199];False
6893;8717;15610;[100,141,11,3,26,43,18,30,25,9,4,1,12,32,14,15,124,46,174,19,61,41,22,23,24,69,5,27,99,56,63,31,29,33,17,8,36,95,38,85,40,49,42,7,44,45,60,47,48,21,92,51,53,13,54,55,6,57,58,59,2,0,62,96,64,10,66,117,68,20,70,71,72,65,74,75,67,77,76,28,80,81,39,83,52,37,86,87,88,89,73,91,35,93,94,109,84,97,98,79,114,101,16,142,104,105,106,107,108,102,110,111,112,113,103,115,116,34,118,119,120,121,122,123,90,125,126,78,128,129,130,131,132,133,134,135,136,137,138,139,140,50,82,143,144,145,146,147,148,149,150,151,152,153,154,155,156,157,158,159,160,161,162,163,164,165,166,167,168,169,170,171,172,173,127,175,176,177,178,179,180,181,182,183,184,185,186,187,188,189,190,191,192,193,194,195,196,197,198,199];False
6900;8715;15615;[101,141,11,3,26,43,18,30,25,9,4,1,12,32,14,15,124,46,174,19,61,41,22,23,24,69,5,27,99,56,63,31,29,33,17,8,36,95,38,85,40,49,42,7,44,45,60,47,48,21,92,51,53,13,54,55,6,57,58,59,2,0,62,96,64,10,66,117,68,20,70,71,72,65,74,75,67,77,76,28,80,81,39,83,52,37,86,87,88,89,73,91,35,93,94,109,84,97,98,79,100,114,16,142,104,105,106,107,108,102,110,111,112,113,103,115,116,34,118,119,120,121,122,123,90,125,126,78,128,129,130,131,132,133,134,135,136,137,138,139,140,50,82,143,144,145,146,147,148,149,150,151,152,153,154,155,156,157,158,159,160,161,162,163,164,165,166,167,168,169,170,171,172,173,127,175,176,177,178,179,180,181,182,183,184,185,186,187,188,189,190,191,192,193,194,195,196,197,198,199];False
6876;8723;15599;[111,141,11,3,26,43,18,30,25,9,4,1,12,32,14,15,124,46,174,19,61,41,22,23,24,69,5,27,99,56,63,31,29,33,17,8,36,95,38,85,40,49,42,7,44,45,60,47,48,21,92,51,53,13,54,55,6,57,58,59,2,0,62,96,64,10,66,117,68,20,70,71,72,65,74,75,67,77,76,28,80,81,39,83,52,37,86,87,88,89,73,91,35,93,94,109,84,97,98,79,100,101,16,142,104,105,106,107,108,102,110,114,112,113,103,115,116,34,118,119,120,121,122,123,90,125,126,78,128,129,130,131,132,133,134,135,136,137,138,139,140,50,82,143,144,145,146,147,148,149,150,151,152,153,154,155,156,157,158,159,160,161,162,163,164,165,166,167,168,169,170,171,172,173,127,175,176,177,178,179,180,181,182,183,184,185,186,187,188,189,190,191,192,193,194,195,196,197,198,199];False
6968;8697;15665;[60,141,11,3,26,43,18,30,25,9,4,1,12,32,14,15,124,46,174,19,61,41,22,23,24,69,5,27,99,56,63,31,29,33,17,8,36,95,38,85,40,49,42,7,44,45,100,47,48,21,92,51,53,13,54,55,6,57,58,59,2,0,62,96,64,10,66,117,68,20,70,71,72,65,74,75,67,77,76,28,80,81,39,83,52,37,86,87,88,89,73,91,35,93,94,109,84,97,98,79,114,101,16,103,104,105,106,107,108,102,110,111,112,113,142,115,116,34,118,119,120,121,122,123,90,125,126,78,128,129,130,131,132,133,134,135,136,137,138,139,140,50,82,143,144,145,146,147,148,149,150,151,152,153,154,155,156,157,158,159,160,161,162,163,164,165,166,167,168,169,170,171,172,173,127,175,176,177,178,179,180,181,182,183,184,185,186,187,188,189,190,191,192,193,194,195,196,197,198,199];False
7022;8696;15718;[131,141,11,3,26,43,18,30,25,9,4,1,12,32,14,15,124,46,174,19,61,41,22,23,24,69,5,27,99,56,63,31,29,33,17,8,36,95,38,85,40,49,42,7,44,45,60,47,48,21,92,51,53,13,54,55,6,57,58,59,2,0,62,96,64,10,66,117,68,20,70,71,72,65,74,75,67,77,76,28,80,81,39,83,52,37,86,87,88,89,73,91,35,93,94,109,84,97,98,79,114,101,16,103,104,105,106,107,108,102,110,111,112,113,142,115,116,34,118,119,120,121,122,123,90,125,126,78,128,129,130,100,132,133,134,135,136,137,138,139,140,50,82,143,144,145,146,147,148,149,150,151,152,153,154,155,156,157,158,159,160,161,162,163,164,165,166,167,168,169,170,171,172,173,127,175,176,177,178,179,180,181,182,183,184,185,186,187,188,189,190,191,192,193,194,195,196,197,198,199];False
7105;8683;15788;[42,141,11,3,26,43,18,30,25,9,4,1,12,32,14,15,124,46,174,19,61,41,22,23,24,69,5,27,99,56,63,31,29,33,17,8,36,95,38,85,40,49,101,7,44,45,60,47,48,21,92,51,53,13,54,55,6,57,58,59,2,0,62,96,64,10,66,117,68,20,70,71,72,65,74,75,67,77,76,28,80,81,39,83,52,37,86,87,88,89,73,91,35,93,94,109,84,97,98,79,100,114,16,103,104,105,106,107,108,102,110,111,112,113,142,115,116,34,118,119,120,121,122,123,90,125,126,78,128,129,130,131,132,133,134,135,136,137,138,139,140,50,82,143,144,145,146,147,148,149,150,151,152,153,154,155,156,157,158,159,160,161,162,163,164,165,166,167,168,169,170,171,172,173,127,175,176,177,178,179,180,181,182,183,184,185,186,187,188,189,190,191,192,193,194,195,196,197,198,199];False
7009;8687;15696;[37,141,11,3,26,43,18,30,25,9,4,1,12,32,14,15,124,46,174,19,61,41,22,23,24,69,5,27,99,56,63,31,29,33,17,8,36,95,38,85,40,49,42,7,44,45,60,47,48,21,92,51,53,13,54,55,6,57,58,59,2,0,62,96,64,10,66,117,68,20,70,71,72,65,74,75,67,77,76,28,80,81,39,83,52,101,86,87,88,89,73,91,35,93,94,109,84,97,98,79,100,114,16,103,104,105,106,107,108,102,110,111,112,113,142,115,116,34,118,119,120,121,122,123,90,125,126,78,128,129,130,131,132,133,134,135,136,137,138,139,140,50,82,143,144,145,146,147,148,149,150,151,152,153,154,155,156,157,158,159,160,161,162,163,164,165,166,167,168,169,170,171,172,173,127,175,176,177,178,179,180,181,182,183,184,185,186,187,188,189,190,191,192,193,194,195,196,197,198,199];False
6923;8713;15636;[5,141,11,3,26,43,18,30,25,9,4,1,12,32,14,15,124,46,174,19,61,41,22,23,24,69,76,27,99,56,63,31,29,33,17,8,36,95,38,85,40,49,42,7,44,45,60,47,48,21,92,51,53,13,54,55,6,57,58,59,2,0,62,96,64,10,66,117,68,20,70,71,72,65,74,75,67,77,149,28,80,81,39,83,52,37,86,87,88,89,73,91,35,93,94,109,84,97,98,79,100,101,16,103,104,105,106,107,108,102,110,111,112,113,114,115,116,34,118,119,120,121,122,123,90,125,126,78,128,129,130,131,132,133,134,135,136,137,138,139,140,50,82,143,144,145,146,147,148,142,150,151,152,153,154,155,156,157,158,159,160,161,162,163,164,165,166,167,168,169,170,171,172,173,127,175,176,177,178,179,180,181,182,183,184,185,186,187,188,189,190,191,192,193,194,195,196,197,198,199];False
7206;8656;15862;[12,141,11,132,26,43,18,30,25,9,4,1,3,32,14,15,124,46,174,19,61,41,22,23,24,69,5,27,99,56,63,31,29,33,17,8,36,95,38,39,40,49,42,7,44,45,60,47,48,21,92,51,53,13,54,55,6,57,58,59,2,0,62,96,64,10,66,117,68,20,70,71,72,65,74,75,67,77,76,28,80,81,114,83,52,85,86,87,88,89,73,91,35,93,94,37,142,97,98,84,100,101,16,103,104,105,106,107,108,102,110,111,112,113,109,115,116,34,118,119,120,121,122,123,90,125,126,78,128,129,130,131,79,133,134,135,136,137,138,139,140,50,82,143,144,145,146,147,148,149,150,151,152,153,154,155,156,157,158,159,160,161,162,163,164,165,166,167,168,169,170,171,172,173,127,175,176,177,178,179,180,181,182,183,184,185,186,187,188,189,190,191,192,193,194,195,196,197,198,199];False
7051;8678;15729;[14,141,11,132,26,43,18,30,25,9,4,1,12,32,3,15,124,46,174,19,61,41,22,23,24,69,5,27,99,56,63,31,29,33,17,8,36,95,38,39,40,49,42,7,44,45,60,47,48,21,92,51,53,13,54,55,6,57,58,59,2,0,62,96,64,10,66,117,68,20,70,71,72,65,74,75,67,77,76,28,80,81,114,83,52,85,86,87,88,89,73,91,35,93,94,37,142,97,98,84,100,101,16,103,104,105,106,107,108,102,110,111,112,113,109,115,116,34,118,119,120,121,122,123,90,125,126,78,128,129,130,131,79,133,134,135,136,137,138,139,140,50,82,143,144,145,146,147,148,149,150,151,152,153,154,155,156,157,158,159,160,161,162,163,164,165,166,167,168,169,170,171,172,173,127,175,176,177,178,179,180,181,182,183,184,185,186,187,188,189,190,191,192,193,194,195,196,197,198,199];False
7152;8654;15806;[19,141,11,132,26,43,18,30,25,9,4,1,12,32,14,15,124,46,174,3,61,41,22,23,24,69,5,27,99,56,63,31,29,33,17,8,36,95,38,39,40,49,42,7,44,45,60,47,48,21,92,51,53,13,54,55,6,57,58,59,2,0,62,96,64,10,66,117,68,20,70,71,72,65,74,75,67,77,76,28,80,81,114,83,52,85,86,87,88,89,73,91,35,93,94,37,142,97,98,84,100,101,16,103,104,105,106,107,108,102,110,111,112,113,109,115,116,34,118,119,120,121,122,123,90,125,126,78,128,129,130,131,79,133,134,135,136,137,138,139,140,50,82,143,144,145,146,147,148,149,150,151,152,153,154,155,156,157,158,159,160,161,162,163,164,165,166,167,168,169,170,171,172,173,127,175,176,177,178,179,180,181,182,183,184,185,186,187,188,189,190,191,192,193,194,195,196,197,198,199];False
7128;8667;15795;[49,141,11,132,26,43,18,30,25,9,4,1,12,32,14,15,124,46,174,19,61,41,22,23,24,69,5,27,99,56,63,31,29,33,17,8,36,95,38,39,40,3,42,7,44,45,60,47,48,21,92,51,53,13,54,55,6,57,58,59,2,0,62,96,64,10,66,117,68,20,70,71,72,65,74,75,67,77,76,28,80,81,114,83,52,85,86,87,88,89,73,91,35,93,94,37,142,97,98,84,100,101,16,103,104,105,106,107,108,102,110,111,112,113,109,115,116,34,118,119,120,121,122,123,90,125,126,78,128,129,130,131,79,133,134,135,136,137,138,139,140,50,82,143,144,145,146,147,148,149,150,151,152,153,154,155,156,157,158,159,160,161,162,163,164,165,166,167,168,169,170,171,172,173,127,175,176,177,178,179,180,181,182,183,184,185,186,187,188,189,190,191,192,193,194,195,196,197,198,199];False
7107;8664;15771;[75,141,11,3,26,43,18,30,25,9,4,1,12,32,14,15,124,46,132,19,61,41,22,23,24,69,5,27,99,56,63,31,29,33,17,8,36,95,38,39,40,49,42,7,44,45,60,47,48,21,92,51,53,13,54,55,6,57,58,59,2,0,62,96,64,10,66,117,68,20,70,71,72,65,74,174,67,77,76,28,80,81,114,83,52,85,86,87,88,89,73,91,35,93,94,37,142,97,98,84,100,101,16,103,104,105,106,107,108,102,110,111,112,113,109,115,116,34,118,119,120,121,122,123,90,125,126,78,128,129,130,131,79,133,134,135,136,137,138,139,140,50,82,143,144,145,146,147,148,149,150,151,152,153,154,155,156,157,158,159,160,161,162,163,164,165,166,167,168,169,170,171,172,173,127,175,176,177,178,179,180,181,182,183,184,185,186,187,188,189,190,191,192,193,194,195,196,197,198,199];False
7550;8597;16147;[3,141,11,75,26,43,18,30,25,9,4,1,12,32,14,15,124,46,121,19,61,41,22,23,24,69,5,27,99,56,63,31,29,33,17,8,36,95,38,39,40,158,42,7,44,45,60,47,48,21,92,51,53,13,54,55,6,57,58,59,2,0,62,96,64,10,66,117,68,20,70,71,72,65,74,174,67,77,76,28,80,81,114,83,52,85,86,87,88,89,73,91,35,93,94,37,84,97,98,79,100,101,16,103,104,105,106,107,108,102,110,111,112,113,109,115,116,34,118,119,120,49,122,123,90,125,126,78,128,129,130,131,132,133,134,135,136,137,138,139,140,50,142,143,144,145,146,147,148,149,150,151,152,153,154,155,156,157,82,159,160,161,162,163,164,165,166,167,168,169,170,171,172,173,127,175,176,177,178,179,180,181,182,183,184,185,186,187,188,189,190,191,192,193,194,195,196,197,198,199];False
7518;8592;16110;[4,141,11,3,26,43,18,30,25,9,75,1,12,32,14,15,124,46,121,19,61,41,22,23,24,69,5,27,99,56,63,31,29,33,17,8,36,95,38,39,40,158,42,7,44,45,60,47,48,21,92,51,53,13,54,55,6,57,58,59,2,0,62,96,64,10,66,117,68,20,70,71,72,65,74,174,67,77,76,28,80,81,114,83,52,85,86,87,88,89,73,91,35,93,94,37,84,97,98,79,100,101,16,103,104,105,106,107,108,102,110,111,112,113,109,115,116,34,118,119,120,49,122,123,90,125,126,78,128,129,130,131,132,133,134,135,136,137,138,139,140,50,142,143,144,145,146,147,148,149,150,151,152,153,154,155,156,157,82,159,160,161,162,163,164,165,166,167,168,169,170,171,172,173,127,175,176,177,178,179,180,181,182,183,184,185,186,187,188,189,190,191,192,193,194,195,196,197,198,199];False
7486;8581;16067;[12,141,11,3,26,43,18,30,25,9,4,1,75,32,14,15,124,46,121,19,61,41,22,23,24,69,5,27,99,56,63,31,29,33,17,8,36,95,38,39,40,158,42,7,44,45,60,47,48,21,92,51,53,13,54,55,6,57,58,59,2,0,62,96,64,10,66,117,68,20,70,71,72,65,74,174,67,77,76,28,80,81,114,83,52,85,86,87,88,89,73,91,35,93,94,37,84,97,98,79,100,101,16,103,104,105,106,107,108,102,110,111,112,113,109,115,116,34,118,119,120,49,122,123,90,125,126,78,128,129,130,131,132,133,134,135,136,137,138,139,140,50,142,143,144,145,146,147,148,149,150,151,152,153,154,155,156,157,82,159,160,161,162,163,164,165,166,167,168,169,170,171,172,173,127,175,176,177,178,179,180,181,182,183,184,185,186,187,188,189,190,191,192,193,194,195,196,197,198,199];False
7624;8580;16204;[22,141,11,3,26,43,18,30,25,9,4,1,12,32,14,15,124,46,121,19,61,41,75,23,24,69,5,27,99,56,63,31,29,33,17,8,36,95,38,39,40,158,42,7,44,45,60,47,48,21,92,51,53,13,54,55,6,57,58,59,2,0,62,96,64,10,66,117,68,20,70,71,72,65,74,174,67,77,76,28,80,81,114,83,52,85,86,87,88,89,73,91,35,93,94,37,84,97,98,79,100,101,16,103,104,105,106,107,108,102,110,111,112,113,109,115,116,34,118,119,120,49,122,123,90,125,126,78,128,129,130,131,132,133,134,135,136,137,138,139,140,50,142,143,144,145,146,147,148,149,150,151,152,153,154,155,156,157,82,159,160,161,162,163,164,165,166,167,168,169,170,171,172,173,127,175,176,177,178,179,180,181,182,183,184,185,186,187,188,189,190,191,192,193,194,195,196,197,198,199];False
7455;8591;16046;[60,141,11,3,26,43,18,30,25,9,4,1,12,32,14,15,124,46,121,19,61,41,22,23,24,69,5,27,99,56,63,31,29,33,17,8,36,95,38,39,40,158,42,7,44,45,75,47,48,21,92,51,53,13,54,55,6,57,58,59,2,0,62,96,64,10,66,117,68,20,70,71,72,65,74,174,67,77,76,28,80,81,114,83,52,85,86,87,88,89,73,91,35,93,94,37,84,97,98,79,100,101,16,103,104,105,106,107,108,102,110,111,112,113,109,115,116,34,118,119,120,49,122,123,90,125,126,78,128,129,130,131,132,133,134,135,136,137,138,139,140,50,142,143,144,145,146,147,148,149,150,151,152,153,154,155,156,157,82,159,160,161,162,163,164,165,166,167,168,169,170,171,172,173,127,175,176,177,178,179,180,181,182,183,184,185,186,187,188,189,190,191,192,193,194,195,196,197,198,199];False
7299;8634;15933;[23,141,11,3,26,43,18,30,25,9,4,1,12,32,14,15,124,46,174,19,61,41,22,42,24,69,5,27,99,56,63,31,29,33,17,8,36,95,38,39,40,158,64,7,44,45,60,47,48,21,92,51,53,13,54,55,6,57,58,59,2,0,62,96,121,10,66,117,68,20,70,71,72,65,74,75,67,77,76,28,80,81,114,83,52,85,86,87,88,89,73,91,35,93,94,37,84,97,98,79,100,101,16,103,104,105,106,107,108,102,110,111,112,113,109,115,116,34,118,119,120,49,122,123,90,125,126,78,128,129,130,131,132,133,134,135,136,137,138,139,140,50,142,143,144,145,146,147,148,149,150,151,152,153,154,155,156,157,82,159,160,161,162,163,164,165,166,167,168,169,170,171,172,173,127,175,176,177,178,179,180,181,182,183,184,185,186,187,188,189,190,191,192,193,194,195,196,197,198,199];False
7300;8626;15926;[40,141,11,3,26,43,18,30,25,9,4,1,12,32,14,15,124,46,174,19,61,41,22,23,24,69,5,27,99,56,63,31,29,33,17,8,36,95,38,39,42,158,64,7,44,45,60,47,48,21,92,51,53,13,54,55,6,57,58,59,2,0,62,96,121,10,66,117,68,20,70,71,72,65,74,75,67,77,76,28,80,81,114,83,52,85,86,87,88,89,73,91,35,93,94,37,84,97,98,79,100,101,16,103,104,105,106,107,108,102,110,111,112,113,109,115,116,34,118,119,120,49,122,123,90,125,126,78,128,129,130,131,132,133,134,135,136,137,138,139,140,50,142,143,144,145,146,147,148,149,150,151,152,153,154,155,156,157,82,159,160,161,162,163,164,165,166,167,168,169,170,171,172,173,127,175,176,177,178,179,180,181,182,183,184,185,186,187,188,189,190,191,192,193,194,195,196,197,198,199];False
7317;8621;15938;[60,141,11,3,26,43,18,30,25,9,4,1,12,32,14,15,124,46,174,19,61,41,22,23,24,69,5,27,99,56,63,31,29,33,17,8,36,95,38,39,40,158,64,7,44,45,42,47,48,21,92,51,53,13,54,55,6,57,58,59,2,0,62,96,121,10,66,117,68,20,70,71,72,65,74,75,67,77,76,28,80,81,114,83,52,85,86,87,88,89,73,91,35,93,94,37,84,97,98,79,100,101,16,103,104,105,106,107,108,102,110,111,112,113,109,115,116,34,118,119,120,49,122,123,90,125,126,78,128,129,130,131,132,133,134,135,136,137,138,139,140,50,142,143,144,145,146,147,148,149,150,151,152,153,154,155,156,157,82,159,160,161,162,163,164,165,166,167,168,169,170,171,172,173,127,175,176,177,178,179,180,181,182,183,184,185,186,187,188,189,190,191,192,193,194,195,196,197,198,199];False
7295;8624;15919;[59,141,11,3,26,43,18,30,25,9,4,1,12,32,14,15,124,46,174,19,61,41,22,23,24,69,5,27,99,56,63,31,29,33,17,8,36,95,38,39,40,158,64,7,44,45,60,47,48,21,92,51,53,13,54,55,6,57,58,42,2,0,62,96,121,10,66,117,68,20,70,71,72,65,74,75,67,77,76,28,80,81,114,83,52,85,86,87,88,89,73,91,35,93,94,37,84,97,98,79,100,101,16,103,104,105,106,107,108,102,110,111,112,113,109,115,116,34,118,119,120,49,122,123,90,125,126,78,128,129,130,131,132,133,134,135,136,137,138,139,140,50,142,143,144,145,146,147,148,149,150,151,152,153,154,155,156,157,82,159,160,161,162,163,164,165,166,167,168,169,170,171,172,173,127,175,176,177,178,179,180,181,182,183,184,185,186,187,188,189,190,191,192,193,194,195,196,197,198,199];False
7431;8590;16021;[18,141,11,3,26,43,86,30,25,9,4,1,12,32,14,15,124,46,174,19,61,41,22,23,24,69,5,27,99,56,63,31,29,33,17,8,36,95,38,39,40,158,42,7,44,45,60,47,48,21,92,51,53,13,54,55,6,57,58,59,2,0,62,96,64,10,121,117,68,20,70,71,72,65,74,75,67,77,76,28,80,81,114,83,52,85,66,87,88,89,73,91,35,93,94,37,84,97,98,79,100,101,16,103,104,105,106,107,108,102,110,111,112,113,109,115,116,34,118,119,120,49,122,123,90,125,126,78,128,129,130,131,132,133,134,135,136,137,138,139,140,50,142,143,144,145,146,147,148,149,150,151,152,153,154,155,156,157,82,159,160,161,162,163,164,165,166,167,168,169,170,171,172,173,127,175,176,177,178,179,180,181,182,183,184,185,186,187,188,189,190,191,192,193,194,195,196,197,198,199];False
7326;8608;15934;[30,141,11,3,26,43,18,86,25,9,4,1,12,32,14,15,124,46,174,19,61,41,22,23,24,69,5,27,99,56,63,31,29,33,17,8,36,95,38,39,40,158,42,7,44,45,60,47,48,21,92,51,53,13,54,55,6,57,58,59,2,0,62,96,64,10,121,117,68,20,70,71,72,65,74,75,67,77,76,28,80,81,114,83,52,85,66,87,88,89,73,91,35,93,94,37,84,97,98,79,100,101,16,103,104,105,106,107,108,102,110,111,112,113,109,115,116,34,118,119,120,49,122,123,90,125,126,78,128,129,130,131,132,133,134,135,136,137,138,139,140,50,142,143,144,145,146,147,148,149,150,151,152,153,154,155,156,157,82,159,160,161,162,163,164,165,166,167,168,169,170,171,172,173,127,175,176,177,178,179,180,181,182,183,184,185,186,187,188,189,190,191,192,193,194,195,196,197,198,199];False
7267;8606;15873;[40,141,11,3,26,43,18,30,25,9,4,1,12,32,14,15,124,46,174,19,61,41,22,23,24,69,5,27,99,56,63,31,29,33,17,8,36,95,38,39,86,158,42,7,44,45,60,47,48,21,92,51,53,13,54,55,6,57,58,59,2,0,62,96,64,10,121,117,68,20,70,71,72,65,74,75,67,77,76,28,80,81,114,83,52,85,66,87,88,89,73,91,35,93,94,37,84,97,98,79,100,101,16,103,104,105,106,107,108,102,110,111,112,113,109,115,116,34,118,119,120,49,122,123,90,125,126,78,128,129,130,131,132,133,134,135,136,137,138,139,140,50,142,143,144,145,146,147,148,149,150,151,152,153,154,155,156,157,82,159,160,161,162,163,164,165,166,167,168,169,170,171,172,173,127,175,176,177,178,179,180,181,182,183,184,185,186,187,188,189,190,191,192,193,194,195,196,197,198,199];False
7377;8601;15978;[42,141,11,3,26,43,18,30,25,9,4,1,12,32,14,15,124,46,174,19,61,41,22,23,24,69,5,27,99,56,63,31,29,33,17,8,36,95,38,39,40,158,86,7,44,45,60,47,48,21,92,51,53,13,54,55,6,57,58,59,2,0,62,96,64,10,121,117,68,20,70,71,72,65,74,75,67,77,76,28,80,81,114,83,52,85,66,87,88,89,73,91,35,93,94,37,84,97,98,79,100,101,16,103,104,105,106,107,108,102,110,111,112,113,109,115,116,34,118,119,120,49,122,123,90,125,126,78,128,129,130,131,132,133,134,135,136,137,138,139,140,50,142,143,144,145,146,147,148,149,150,151,152,153,154,155,156,157,82,159,160,161,162,163,164,165,166,167,168,169,170,171,172,173,127,175,176,177,178,179,180,181,182,183,184,185,186,187,188,189,190,191,192,193,194,195,196,197,198,199];False
7236;8597;15833;[60,141,11,3,26,43,18,30,25,9,4,1,12,32,14,15,124,46,174,19,61,41,22,23,24,69,5,27,99,56,63,31,29,33,17,8,36,95,38,39,40,158,42,7,44,45,86,47,48,21,92,51,53,13,54,55,6,57,58,59,2,0,62,96,64,10,121,117,68,20,70,71,72,65,74,75,67,77,76,28,80,81,114,83,52,85,66,87,88,89,73,91,35,93,94,37,84,97,98,79,100,101,16,103,104,105,106,107,108,102,110,111,112,113,109,115,116,34,118,119,120,49,122,123,90,125,126,78,128,129,130,131,132,133,134,135,136,137,138,139,140,50,142,143,144,145,146,147,148,149,150,151,152,153,154,155,156,157,82,159,160,161,162,163,164,165,166,167,168,169,170,171,172,173,127,175,176,177,178,179,180,181,182,183,184,185,186,187,188,189,190,191,192,193,194,195,196,197,198,199];False
7170;8641;15811;[103,141,11,3,26,43,18,30,25,9,4,1,12,32,14,15,124,46,174,19,61,41,22,23,24,69,5,27,99,56,63,31,29,33,17,8,36,95,38,39,40,158,42,7,44,45,60,47,48,21,92,51,53,13,54,55,6,57,58,59,2,0,62,96,64,10,121,117,68,20,70,71,72,65,74,75,67,77,76,28,80,81,114,83,52,85,86,87,88,89,73,91,35,93,94,66,84,97,98,79,100,101,16,37,104,105,106,107,108,102,110,111,112,113,109,115,116,34,118,119,120,49,122,123,90,125,126,78,128,129,130,131,132,133,134,135,136,137,138,139,140,50,142,143,144,145,146,147,148,149,150,151,152,153,154,155,156,157,82,159,160,161,162,163,164,165,166,167,168,169,170,171,172,173,127,175,176,177,178,179,180,181,182,183,184,185,186,187,188,189,190,191,192,193,194,195,196,197,198,199];False
6514;9022;15536;[33,52,11,3,26,96,18,30,25,94,75,1,12,32,14,15,124,9,16,19,61,41,22,23,24,69,5,27,28,56,63,31,29,109,17,35,74,37,60,39,40,49,42,7,44,45,86,47,48,21,50,51,53,13,54,55,6,57,58,59,2,0,77,46,64,10,66,117,68,20,70,71,72,65,8,84,67,81,80,79,38,73,82,83,76,85,92,87,88,89,4,91,36,93,62,95,115,97,98,99,100,101,102,103,104,105,43,107,108,151,110,111,112,113,114,121,116,34,118,119,120,106,122,123,90,125,126,127,128,129,130,131,132,133,134,135,136,137,138,139,140,141,142,143,144,145,146,147,148,149,150,78,152,153,154,155,156,157,158,159,160,161,162,163,164,165,166,167,168,169,170,171,172,173,174,175,176,177,178,179,180,181,182,183,184,185,186,187,188,189,190,191,192,193,194,195,196,197,198,199];False
6514;9021;15535;[10,52,11,3,26,96,18,30,25,94,75,1,12,32,14,15,124,9,16,19,61,41,22,23,24,69,5,27,28,56,63,31,29,33,17,35,74,37,60,39,40,49,42,7,44,45,86,47,48,21,50,51,53,13,54,55,6,57,58,59,2,0,77,46,64,109,66,117,68,20,70,71,72,65,8,84,67,81,80,79,38,73,82,83,76,85,92,87,88,89,4,91,36,93,62,95,115,97,98,99,100,101,102,103,104,105,43,107,108,151,110,111,112,113,114,121,116,34,118,119,120,106,122,123,90,125,126,127,128,129,130,131,132,133,134,135,136,137,138,139,140,141,142,143,144,145,146,147,148,149,150,78,152,153,154,155,156,157,158,159,160,161,162,163,164,165,166,167,168,169,170,171,172,173,174,175,176,177,178,179,180,181,182,183,184,185,186,187,188,189,190,191,192,193,194,195,196,197,198,199];False
6504;8996;15500;[108,52,11,3,26,96,18,30,25,94,75,1,12,32,14,15,124,9,16,19,61,41,22,23,24,69,5,27,28,56,63,31,29,33,17,35,74,37,60,39,40,49,42,7,44,45,86,47,48,21,50,51,53,13,54,55,6,57,58,59,2,0,77,46,64,10,66,117,68,20,70,71,72,65,8,84,67,81,80,79,38,73,82,83,76,85,92,87,88,89,4,91,36,93,62,95,115,97,98,99,100,101,102,103,104,105,43,107,109,151,110,111,112,113,114,121,116,34,118,119,120,106,122,123,90,125,126,127,128,129,130,131,132,133,134,135,136,137,138,139,140,141,142,143,144,145,146,147,148,149,150,78,152,153,154,155,156,157,158,159,160,161,162,163,164,165,166,167,168,169,170,171,172,173,174,175,176,177,178,179,180,181,182,183,184,185,186,187,188,189,190,191,192,193,194,195,196,197,198,199];False
6439;9065;15504;[96,52,11,3,26,131,18,30,25,94,75,1,12,32,14,15,124,9,16,19,61,41,22,23,24,69,5,27,28,56,63,31,29,33,17,35,74,37,60,39,40,49,42,7,44,45,86,47,48,21,50,51,53,13,54,55,6,57,58,59,2,0,77,46,64,10,66,117,68,20,70,71,72,65,8,84,67,81,80,79,38,73,82,83,76,85,92,87,88,89,4,91,109,93,62,95,115,97,98,99,100,101,102,103,104,105,43,107,108,151,110,111,112,113,114,121,116,34,118,119,120,106,122,123,90,125,126,127,128,129,130,36,132,133,134,135,136,137,138,139,140,141,142,143,144,145,146,147,148,149,150,78,152,153,154,155,156,157,158,159,160,161,162,163,164,165,166,167,168,169,170,171,172,173,174,175,176,177,178,179,180,181,182,183,184,185,186,187,188,189,190,191,192,193,194,195,196,197,198,199];False
6462;9046;15508;[19,52,11,3,26,96,18,30,25,94,75,1,12,32,14,15,124,9,16,131,61,41,22,23,24,69,5,27,28,56,63,31,29,33,17,35,74,37,60,39,40,49,42,7,44,45,86,47,48,21,50,51,53,13,54,55,6,57,58,59,2,0,77,46,64,10,66,117,68,20,70,71,72,65,8,84,67,81,80,79,38,73,82,83,76,85,92,87,88,89,4,91,109,93,62,95,115,97,98,99,100,101,102,103,104,105,43,107,108,151,110,111,112,113,114,121,116,34,118,119,120,106,122,123,90,125,126,127,128,129,130,36,132,133,134,135,136,137,138,139,140,141,142,143,144,145,146,147,148,149,150,78,152,153,154,155,156,157,158,159,160,161,162,163,164,165,166,167,168,169,170,171,172,173,174,175,176,177,178,179,180,181,182,183,184,185,186,187,188,189,190,191,192,193,194,195,196,197,198,199];False
6385;9082;15467;[61,52,11,3,26,96,18,30,25,94,75,1,12,32,14,15,124,9,16,19,131,41,22,23,24,69,5,27,28,56,63,31,29,33,17,35,74,37,60,39,40,49,42,7,44,45,86,47,48,21,50,51,53,13,54,55,6,57,58,59,2,0,77,46,64,10,66,117,68,20,70,71,72,65,8,84,67,81,80,79,38,73,82,83,76,85,92,87,88,89,4,91,109,93,62,95,115,97,98,99,100,101,102,103,104,105,43,107,108,151,110,111,112,113,114,121,116,34,118,119,120,106,122,123,90,125,126,127,128,129,130,36,132,133,134,135,136,137,138,139,140,141,142,143,144,145,146,147,148,149,150,78,152,153,154,155,156,157,158,159,160,161,162,163,164,165,166,167,168,169,170,171,172,173,174,175,176,177,178,179,180,181,182,183,184,185,186,187,188,189,190,191,192,193,194,195,196,197,198,199];False
6444;9059;15503;[23,52,11,3,26,96,18,30,25,94,75,1,12,32,14,15,124,9,16,19,61,41,22,131,24,69,5,27,28,56,63,31,29,33,17,35,74,37,60,39,40,49,42,7,44,45,86,47,48,21,50,51,53,13,54,55,6,57,58,59,2,0,77,46,64,10,66,117,68,20,70,71,72,65,8,84,67,81,80,79,38,73,82,83,76,85,92,87,88,89,4,91,109,93,62,95,115,97,98,99,100,101,102,103,104,105,43,107,108,151,110,111,112,113,114,121,116,34,118,119,120,106,122,123,90,125,126,127,128,129,130,36,132,133,134,135,136,137,138,139,140,141,142,143,144,145,146,147,148,149,150,78,152,153,154,155,156,157,158,159,160,161,162,163,164,165,166,167,168,169,170,171,172,173,174,175,176,177,178,179,180,181,182,183,184,185,186,187,188,189,190,191,192,193,194,195,196,197,198,199];False
6428;9070;15498;[27,52,11,3,26,96,18,30,25,94,75,1,12,32,14,15,124,9,16,19,61,41,22,23,24,69,5,131,28,56,63,31,29,33,17,35,74,37,60,39,40,49,42,7,44,45,86,47,48,21,50,51,53,13,54,55,6,57,58,59,2,0,77,46,64,10,66,117,68,20,70,71,72,65,8,84,67,81,80,79,38,73,82,83,76,85,92,87,88,89,4,91,109,93,62,95,115,97,98,99,100,101,102,103,104,105,43,107,108,151,110,111,112,113,114,121,116,34,118,119,120,106,122,123,90,125,126,127,128,129,130,36,132,133,134,135,136,137,138,139,140,141,142,143,144,145,146,147,148,149,150,78,152,153,154,155,156,157,158,159,160,161,162,163,164,165,166,167,168,169,170,171,172,173,174,175,176,177,178,179,180,181,182,183,184,185,186,187,188,189,190,191,192,193,194,195,196,197,198,199];False
6439;9050;15489;[17,52,11,3,26,96,18,30,25,94,75,1,12,32,14,15,124,9,16,19,61,41,22,23,24,69,5,27,28,56,63,31,29,33,131,35,74,37,60,39,40,49,42,7,44,45,86,47,48,21,50,51,53,13,54,55,6,57,58,59,2,0,77,46,64,10,66,117,68,20,70,71,72,65,8,84,67,81,80,79,38,73,82,83,76,85,92,87,88,89,4,91,109,93,62,95,115,97,98,99,100,101,102,103,104,105,43,107,108,151,110,111,112,113,114,121,116,34,118,119,120,106,122,123,90,125,126,127,128,129,130,36,132,133,134,135,136,137,138,139,140,141,142,143,144,145,146,147,148,149,150,78,152,153,154,155,156,157,158,159,160,161,162,163,164,165,166,167,168,169,170,171,172,173,174,175,176,177,178,179,180,181,182,183,184,185,186,187,188,189,190,191,192,193,194,195,196,197,198,199];False
6439;9030;15469;[42,52,11,3,26,96,18,30,25,94,75,1,12,32,14,15,124,9,16,19,61,41,22,23,24,69,5,27,28,56,63,31,29,33,17,35,74,37,60,39,40,49,131,7,44,45,86,47,48,21,50,51,53,13,54,55,6,57,58,59,2,0,77,46,64,10,66,117,68,20,70,71,72,65,8,84,67,81,80,79,38,73,82,83,76,85,92,87,88,89,4,91,109,93,62,95,115,97,98,99,100,101,102,103,104,105,43,107,108,151,110,111,112,113,114,121,116,34,118,119,120,106,122,123,90,125,126,127,128,129,130,36,132,133,134,135,136,137,138,139,140,141,142,143,144,145,146,147,148,149,150,78,152,153,154,155,156,157,158,159,160,161,162,163,164,165,166,167,168,169,170,171,172,173,174,175,176,177,178,179,180,181,182,183,184,185,186,187,188,189,190,191,192,193,194,195,196,197,198,199];False
6476;9028;15504;[58,52,11,3,26,96,18,30,25,94,75,1,12,32,14,15,124,9,16,19,61,41,22,23,24,69,5,27,28,56,63,31,29,33,17,35,74,37,60,39,40,49,42,7,44,45,86,47,48,21,50,51,53,13,54,55,6,57,131,59,2,0,77,46,64,10,66,117,68,20,70,71,72,65,8,84,67,81,80,79,38,73,82,83,76,85,92,87,88,89,4,91,109,93,62,95,115,97,98,99,100,101,102,103,104,105,43,107,108,151,110,111,112,113,114,121,116,34,118,119,120,106,122,123,90,125,126,127,128,129,130,36,132,133,134,135,136,137,138,139,140,141,142,143,144,145,146,147,148,149,150,78,152,153,154,155,156,157,158,159,160,161,162,163,164,165,166,167,168,169,170,171,172,173,174,175,176,177,178,179,180,181,182,183,184,185,186,187,188,189,190,191,192,193,194,195,196,197,198,199];False
6500;9014;15514;[104,52,11,3,26,96,18,30,25,94,75,1,12,32,14,15,124,9,16,19,61,41,22,23,24,69,5,27,28,56,63,31,29,33,17,35,36,37,60,39,40,49,42,7,44,45,86,47,48,21,50,51,53,13,54,55,6,57,58,59,2,0,77,46,64,10,66,117,68,20,70,71,72,65,8,84,67,81,80,79,38,73,82,83,76,85,122,87,88,89,4,91,109,93,62,95,115,97,98,99,100,101,102,103,92,105,43,107,108,151,110,111,112,113,114,121,116,34,118,119,120,106,74,123,90,125,126,127,128,129,130,131,132,133,134,135,136,137,138,139,140,141,142,143,144,145,146,147,148,149,150,78,152,153,154,155,156,157,158,159,160,161,162,163,164,165,166,167,168,169,170,171,172,173,174,175,176,177,178,179,180,181,182,183,184,185,186,187,188,189,190,191,192,193,194,195,196,197,198,199];False
6572;8972;15544;[108,52,11,3,26,96,18,30,25,94,75,1,12,32,14,15,124,9,16,19,61,41,22,23,24,69,5,27,28,56,63,31,29,33,17,35,36,37,60,39,40,49,42,7,44,45,86,47,48,21,50,51,53,13,54,55,6,57,58,59,2,0,77,46,64,10,66,117,68,20,70,71,72,65,8,84,67,81,80,79,38,73,82,83,76,85,122,87,88,89,4,91,109,93,62,95,115,97,98,99,100,101,102,103,104,105,43,107,92,151,110,111,112,113,114,121,116,34,118,119,120,106,74,123,90,125,126,127,128,129,130,131,132,133,134,135,136,137,138,139,140,141,142,143,144,145,146,147,148,149,150,78,152,153,154,155,156,157,158,159,160,161,162,163,164,165,166,167,168,169,170,171,172,173,174,175,176,177,178,179,180,181,182,183,184,185,186,187,188,189,190,191,192,193,194,195,196,197,198,199];False
6522;8988;15510;[106,52,11,3,26,96,18,30,25,94,75,1,12,32,14,15,124,9,16,19,61,41,22,23,24,69,5,27,28,56,63,31,29,33,17,35,36,37,60,39,40,49,42,7,44,45,86,47,48,21,50,51,53,13,54,55,6,57,58,59,2,0,77,46,64,10,66,117,68,20,70,71,72,65,8,84,67,81,80,79,38,73,82,83,76,85,122,87,88,89,4,91,109,93,62,95,115,97,98,99,100,101,102,103,104,105,43,107,108,151,110,111,112,113,114,121,116,34,118,119,120,92,74,123,90,125,126,127,128,129,130,131,132,133,134,135,136,137,138,139,140,141,142,143,144,145,146,147,148,149,150,78,152,153,154,155,156,157,158,159,160,161,162,163,164,165,166,167,168,169,170,171,172,173,174,175,176,177,178,179,180,181,182,183,184,185,186,187,188,189,190,191,192,193,194,195,196,197,198,199];False
6494;9007;15501;[130,52,11,3,26,96,18,30,25,94,75,1,12,32,14,15,124,9,16,19,61,41,22,23,24,69,5,27,28,56,63,31,29,33,17,35,36,37,60,39,40,49,42,7,44,45,86,47,48,21,50,51,53,13,54,55,6,57,58,59,2,0,77,46,64,10,66,117,68,20,70,71,72,65,8,84,67,81,80,79,38,73,82,83,76,85,122,87,88,89,4,91,109,93,62,95,115,97,98,99,100,101,102,103,104,105,43,107,108,151,110,111,112,113,114,121,116,34,118,119,120,106,74,123,90,125,126,127,128,129,92,131,132,133,134,135,136,137,138,139,140,141,142,143,144,145,146,147,148,149,150,78,152,153,154,155,156,157,158,159,160,161,162,163,164,165,166,167,168,169,170,171,172,173,174,175,176,177,178,179,180,181,182,183,184,185,186,187,188,189,190,191,192,193,194,195,196,197,198,199];False
6475;9028;15503;[135,52,11,3,26,96,18,30,25,94,75,1,12,32,14,15,124,9,16,19,61,41,22,23,24,69,5,27,28,56,63,31,29,33,17,35,36,37,60,39,40,49,42,7,44,45,86,47,48,21,50,51,53,13,54,55,6,57,58,59,2,0,77,46,64,10,66,117,68,20,70,71,72,65,8,84,67,81,80,79,38,73,82,83,76,85,122,87,88,89,4,91,109,93,62,95,115,97,98,99,100,101,102,103,104,105,43,107,108,151,110,111,112,113,114,121,116,34,118,119,120,106,74,123,90,125,126,127,128,129,130,131,132,133,134,92,136,137,138,139,140,141,142,143,144,145,146,147,148,149,150,78,152,153,154,155,156,157,158,159,160,161,162,163,164,165,166,167,168,169,170,171,172,173,174,175,176,177,178,179,180,181,182,183,184,185,186,187,188,189,190,191,192,193,194,195,196,197,198,199];False
6494;8996;15490;[140,52,11,3,26,96,18,30,25,94,75,1,12,32,14,15,124,9,16,19,61,41,22,23,24,69,5,27,28,56,63,31,29,33,17,35,36,37,60,39,40,49,42,7,44,45,86,47,48,21,50,51,53,13,54,55,6,57,58,59,2,0,77,46,64,10,66,117,68,20,70,71,72,65,8,84,67,81,80,79,38,73,82,83,76,85,122,87,88,89,4,91,109,93,62,95,115,97,98,99,100,101,102,103,104,105,43,107,108,151,110,111,112,113,114,121,116,34,118,119,120,106,74,123,90,125,126,127,128,129,130,131,132,133,134,135,136,137,138,139,92,141,142,143,144,145,146,147,148,149,150,78,152,153,154,155,156,157,158,159,160,161,162,163,164,165,166,167,168,169,170,171,172,173,174,175,176,177,178,179,180,181,182,183,184,185,186,187,188,189,190,191,192,193,194,195,196,197,198,199];False
6470;8957;15427;[141,52,11,3,26,96,18,30,25,94,75,1,12,32,14,15,124,9,16,19,61,41,22,23,24,69,5,27,28,56,63,31,29,33,17,35,36,37,60,39,40,49,42,7,44,45,86,47,48,21,50,51,53,13,54,55,6,57,58,59,2,0,77,46,64,10,66,117,68,20,70,71,72,65,8,84,67,81,80,79,38,73,82,83,76,85,122,87,88,89,4,91,109,93,62,95,115,97,98,99,100,101,102,103,104,105,43,107,108,151,110,111,112,113,114,121,116,34,118,119,120,106,74,123,90,125,126,127,128,129,130,131,132,133,134,135,136,137,138,139,140,92,142,143,144,145,146,147,148,149,150,78,152,153,154,155,156,157,158,159,160,161,162,163,164,165,166,167,168,169,170,171,172,173,174,175,176,177,178,179,180,181,182,183,184,185,186,187,188,189,190,191,192,193,194,195,196,197,198,199];False
6606;8951;15557;[104,52,11,3,26,96,18,30,25,94,75,1,12,32,14,15,124,9,16,19,61,41,22,23,24,69,5,27,28,56,63,31,29,108,17,35,36,37,60,39,40,49,42,7,44,45,86,47,48,21,50,51,53,13,33,55,6,57,58,59,2,0,77,46,64,10,66,117,68,20,70,71,72,65,74,84,67,81,80,79,38,73,82,83,76,85,92,87,88,89,4,91,109,93,62,95,8,97,98,99,100,101,102,103,106,105,43,107,115,151,110,111,112,113,114,121,116,34,118,119,120,54,122,123,90,125,126,127,128,129,130,131,132,133,134,135,136,137,138,139,140,141,142,143,144,145,146,147,148,149,150,78,152,153,154,155,156,157,158,159,160,161,162,163,164,165,166,167,168,169,170,171,172,173,174,175,176,177,178,179,180,181,182,183,184,185,186,187,188,189,190,191,192,193,194,195,196,197,198,199];False
6595;8953;15548;[118,52,11,3,26,96,18,30,25,94,75,1,12,32,14,15,124,9,16,19,61,41,22,23,24,69,5,27,28,56,63,31,29,108,17,35,36,37,60,39,40,49,42,7,44,45,86,47,48,21,50,51,53,13,33,55,6,57,58,59,2,0,77,46,64,10,66,117,68,20,70,71,72,65,74,84,67,81,80,79,38,73,82,83,76,85,92,87,88,89,4,91,109,93,62,95,8,97,98,99,100,101,102,103,104,105,43,107,115,151,110,111,112,113,114,121,116,34,106,119,120,54,122,123,90,125,126,127,128,129,130,131,132,133,134,135,136,137,138,139,140,141,142,143,144,145,146,147,148,149,150,78,152,153,154,155,156,157,158,159,160,161,162,163,164,165,166,167,168,169,170,171,172,173,174,175,176,177,178,179,180,181,182,183,184,185,186,187,188,189,190,191,192,193,194,195,196,197,198,199];False
6544;8937;15481;[130,52,11,3,26,96,18,30,25,94,75,1,12,32,14,15,124,9,16,19,61,41,22,23,24,69,5,27,28,56,63,31,29,108,17,35,36,37,60,39,40,49,42,7,44,45,86,47,48,21,50,51,53,13,33,55,6,57,58,59,2,0,77,46,64,10,66,117,68,20,70,71,72,65,74,84,67,81,80,79,38,73,82,83,76,85,92,87,88,89,4,91,109,93,62,95,8,97,98,99,100,101,102,103,104,105,43,107,115,151,110,111,112,113,114,121,116,34,118,119,120,54,122,123,90,125,126,127,128,129,106,131,132,133,134,135,136,137,138,139,140,141,142,143,144,145,146,147,148,149,150,78,152,153,154,155,156,157,158,159,160,161,162,163,164,165,166,167,168,169,170,171,172,173,174,175,176,177,178,179,180,181,182,183,184,185,186,187,188,189,190,191,192,193,194,195,196,197,198,199];False
6601;8933;15534;[140,52,11,3,26,96,18,30,25,94,75,1,12,32,14,15,124,9,16,19,61,41,22,23,24,69,5,27,28,56,63,31,29,108,17,35,36,37,60,39,40,49,42,7,44,45,86,47,48,21,50,51,53,13,33,55,6,57,58,59,2,0,77,46,64,10,66,117,68,20,70,71,72,65,74,84,67,81,80,79,38,73,82,83,76,85,92,87,88,89,4,91,109,93,62,95,8,97,98,99,100,101,102,103,104,105,43,107,115,151,110,111,112,113,114,121,116,34,118,119,120,54,122,123,90,125,126,127,128,129,130,131,132,133,134,135,136,137,138,139,106,141,142,143,144,145,146,147,148,149,150,78,152,153,154,155,156,157,158,159,160,161,162,163,164,165,166,167,168,169,170,171,172,173,174,175,176,177,178,179,180,181,182,183,184,185,186,187,188,189,190,191,192,193,194,195,196,197,198,199];False
6681;8884;15565;[141,52,11,3,26,96,18,30,25,94,75,1,12,32,14,15,124,9,16,19,61,41,22,23,24,69,5,27,28,56,63,31,29,108,17,35,36,37,60,39,40,49,42,7,44,45,86,47,48,21,50,51,53,13,33,55,6,57,58,59,2,0,77,46,64,10,66,117,68,20,70,71,72,65,74,84,67,81,80,79,38,73,82,83,76,85,92,87,88,89,4,91,109,93,62,95,8,97,98,99,100,101,102,103,104,105,43,107,115,151,110,111,112,113,114,121,116,34,118,119,120,54,122,123,90,125,126,127,128,129,130,131,132,133,134,135,136,137,138,139,140,106,142,143,144,145,146,147,148,149,150,78,152,153,154,155,156,157,158,159,160,161,162,163,164,165,166,167,168,169,170,171,172,173,174,175,176,177,178,179,180,181,182,183,184,185,186,187,188,189,190,191,192,193,194,195,196,197,198,199];False
6597;8934;15531;[143,52,11,3,26,96,18,30,25,94,75,1,12,32,14,15,124,9,16,19,61,41,22,23,24,69,5,27,28,56,63,31,29,108,17,35,36,37,60,39,40,49,42,7,44,45,86,47,48,21,50,51,53,13,33,55,6,57,58,59,2,0,77,46,64,10,66,117,68,20,70,71,72,65,74,84,67,81,80,79,38,73,82,83,76,85,92,87,88,89,4,91,109,93,62,95,8,97,98,99,100,101,102,103,104,105,43,107,115,151,110,111,112,113,114,121,116,34,118,119,120,54,122,123,90,125,126,127,128,129,130,131,132,133,134,135,136,137,138,139,140,141,142,106,144,145,146,147,148,149,150,78,152,153,154,155,156,157,158,159,160,161,162,163,164,165,166,167,168,169,170,171,172,173,174,175,176,177,178,179,180,181,182,183,184,185,186,187,188,189,190,191,192,193,194,195,196,197,198,199];False
6588;8921;15509;[146,52,11,3,26,96,18,30,25,94,75,1,12,32,14,15,124,9,16,19,61,41,22,23,24,69,5,27,28,56,63,31,29,108,17,35,36,37,60,39,40,49,42,7,44,45,86,47,48,21,50,51,53,13,33,55,6,57,58,59,2,0,77,46,64,10,66,117,68,20,70,71,72,65,74,84,67,81,80,79,38,73,82,83,76,85,92,87,88,89,4,91,109,93,62,95,8,97,98,99,100,101,102,103,104,105,43,107,115,151,110,111,112,113,114,121,116,34,118,119,120,54,122,123,90,125,126,127,128,129,130,131,132,133,134,135,136,137,138,139,140,141,142,143,144,145,106,147,148,149,150,78,152,153,154,155,156,157,158,159,160,161,162,163,164,165,166,167,168,169,170,171,172,173,174,175,176,177,178,179,180,181,182,183,184,185,186,187,188,189,190,191,192,193,194,195,196,197,198,199];False
6645;8904;15549;[163,52,11,3,26,96,18,30,25,94,75,1,12,32,14,15,124,9,16,19,61,41,22,23,24,69,5,27,28,56,63,31,29,108,17,35,36,37,60,39,40,49,42,7,44,45,86,47,48,21,50,51,53,13,33,55,6,57,58,59,2,0,77,46,64,10,66,117,68,20,70,71,72,65,74,84,67,81,80,79,38,73,82,83,76,85,92,87,88,89,4,91,109,93,62,95,8,97,98,99,100,101,102,103,104,105,43,107,115,151,110,111,112,113,114,121,116,34,118,119,120,54,122,123,90,125,126,127,128,129,130,131,132,133,134,135,136,137,138,139,140,141,142,143,144,145,146,147,148,149,150,78,152,153,154,155,156,157,158,159,160,161,162,106,164,165,166,167,168,169,170,171,172,173,174,175,176,177,178,179,180,181,182,183,184,185,186,187,188,189,190,191,192,193,194,195,196,197,198,199];False
6617;8906;15523;[172,52,11,3,26,96,18,30,25,94,75,1,12,32,14,15,124,9,16,19,61,41,22,23,24,69,5,27,28,56,63,31,29,108,17,35,36,37,60,39,40,49,42,7,44,45,86,47,48,21,50,51,53,13,33,55,6,57,58,59,2,0,77,46,64,10,66,117,68,20,70,71,72,65,74,84,67,81,80,79,38,73,82,83,76,85,92,87,88,89,4,91,109,93,62,95,8,97,98,99,100,101,102,103,104,105,43,107,115,151,110,111,112,113,114,121,116,34,118,119,120,54,122,123,90,125,126,127,128,129,130,131,132,133,134,135,136,137,138,139,140,141,142,143,144,145,146,147,148,149,150,78,152,153,154,155,156,157,158,159,160,161,162,163,164,165,166,167,168,169,170,171,106,173,174,175,176,177,178,179,180,181,182,183,184,185,186,187,188,189,190,191,192,193,194,195,196,197,198,199];False
6640;8895;15535;[23,141,11,3,26,108,18,30,25,94,75,1,12,32,14,15,124,9,16,19,61,41,22,96,24,69,5,27,28,56,63,31,29,33,17,35,36,52,60,39,40,49,42,7,44,45,86,47,48,21,50,51,53,13,54,55,6,57,58,59,2,0,77,46,64,10,66,117,68,20,70,71,72,65,74,84,67,81,80,79,38,73,82,83,76,85,92,87,88,89,4,91,109,93,62,95,8,97,98,99,100,101,102,37,104,105,43,107,103,151,110,111,112,113,114,115,116,34,118,119,120,121,122,123,90,125,126,127,128,129,130,131,132,133,134,135,136,137,138,139,140,106,142,143,144,145,146,147,148,149,150,78,152,153,154,155,156,157,158,159,160,161,162,163,164,165,166,167,168,169,170,171,172,173,174,175,176,177,178,179,180,181,182,183,184,185,186,187,188,189,190,191,192,193,194,195,196,197,198,199];False
6761;8858;15619;[10,141,11,3,26,108,18,30,25,94,75,1,12,32,14,15,124,9,16,19,61,41,22,23,24,69,5,27,28,56,63,31,29,33,17,35,36,52,60,39,40,49,42,7,44,45,86,47,48,21,50,51,53,13,54,55,6,57,58,59,2,0,77,46,64,96,66,117,68,20,70,71,72,65,74,84,67,81,80,79,38,73,82,83,76,85,92,87,88,89,4,91,109,93,62,95,8,97,98,99,100,101,102,37,104,105,43,107,103,151,110,111,112,113,114,115,116,34,118,119,120,121,122,123,90,125,126,127,128,129,130,131,132,133,134,135,136,137,138,139,140,106,142,143,144,145,146,147,148,149,150,78,152,153,154,155,156,157,158,159,160,161,162,163,164,165,166,167,168,169,170,171,172,173,174,175,176,177,178,179,180,181,182,183,184,185,186,187,188,189,190,191,192,193,194,195,196,197,198,199];False
6617;8878;15495;[99,141,11,3,26,108,18,30,25,94,75,1,12,32,14,15,124,9,16,19,61,41,22,23,24,69,5,27,28,56,63,31,29,33,17,35,36,52,60,39,40,49,42,7,44,45,86,47,48,21,50,51,53,13,54,55,6,57,58,59,2,0,77,46,64,10,66,117,68,20,70,71,72,65,74,84,67,81,80,79,38,73,82,83,76,85,92,87,88,89,4,91,109,93,62,95,8,97,98,96,100,101,102,37,104,105,43,107,103,151,110,111,112,113,114,115,116,34,118,119,120,121,122,123,90,125,126,127,128,129,130,131,132,133,134,135,136,137,138,139,140,106,142,143,144,145,146,147,148,149,150,78,152,153,154,155,156,157,158,159,160,161,162,163,164,165,166,167,168,169,170,171,172,173,174,175,176,177,178,179,180,181,182,183,184,185,186,187,188,189,190,191,192,193,194,195,196,197,198,199];False
6740;8862;15602;[53,141,11,3,26,96,18,30,25,94,75,1,12,32,14,15,124,9,108,19,61,41,22,23,24,69,5,27,28,56,63,31,29,33,17,35,36,52,60,39,40,49,42,7,44,45,86,47,48,21,50,51,16,13,54,55,6,57,58,59,2,0,77,46,64,10,66,117,68,20,70,71,72,65,74,84,67,81,80,79,38,73,82,83,76,85,92,87,88,89,4,91,109,93,62,95,8,97,98,99,100,101,102,37,104,105,43,107,103,151,110,111,112,113,114,115,116,34,118,119,120,121,122,123,90,125,126,127,128,129,130,131,132,133,134,135,136,137,138,139,140,106,142,143,144,145,146,147,148,149,150,78,152,153,154,155,156,157,158,159,160,161,162,163,164,165,166,167,168,169,170,171,172,173,174,175,176,177,178,179,180,181,182,183,184,185,186,187,188,189,190,191,192,193,194,195,196,197,198,199];False
6728;8862;15590;[99,141,11,3,26,96,18,30,25,94,75,1,12,32,14,15,124,9,108,19,61,41,22,23,24,69,5,27,28,56,63,31,29,33,17,35,36,52,60,39,40,49,42,7,44,45,86,47,48,21,50,51,53,13,54,55,6,57,58,59,2,0,77,46,64,10,66,117,68,20,70,71,72,65,74,84,67,81,80,79,38,73,82,83,76,85,92,87,88,89,4,91,109,93,62,95,8,97,98,16,100,101,102,37,104,105,43,107,103,151,110,111,112,113,114,115,116,34,118,119,120,121,122,123,90,125,126,127,128,129,130,131,132,133,134,135,136,137,138,139,140,106,142,143,144,145,146,147,148,149,150,78,152,153,154,155,156,157,158,159,160,161,162,163,164,165,166,167,168,169,170,171,172,173,174,175,176,177,178,179,180,181,182,183,184,185,186,187,188,189,190,191,192,193,194,195,196,197,198,199];False
6768;8848;15616;[100,141,11,3,26,96,18,30,25,94,75,1,12,32,14,15,124,9,108,19,61,41,22,23,24,69,5,27,28,56,63,31,29,33,17,35,36,52,60,39,40,49,42,7,44,45,86,47,48,21,50,51,53,13,54,55,6,57,58,59,2,0,77,46,64,10,66,117,68,20,70,71,72,65,74,84,67,81,80,79,38,73,82,83,76,85,92,87,88,89,4,91,109,93,62,95,8,97,98,99,16,101,102,37,104,105,43,107,103,151,110,111,112,113,114,115,116,34,118,119,120,121,122,123,90,125,126,127,128,129,130,131,132,133,134,135,136,137,138,139,140,106,142,143,144,145,146,147,148,149,150,78,152,153,154,155,156,157,158,159,160,161,162,163,164,165,166,167,168,169,170,171,172,173,174,175,176,177,178,179,180,181,182,183,184,185,186,187,188,189,190,191,192,193,194,195,196,197,198,199];False
6748;8853;15601;[102,141,11,3,26,96,18,30,25,94,75,1,12,32,14,15,124,9,108,19,61,41,22,23,24,69,5,27,28,56,63,31,29,33,17,35,36,52,60,39,40,49,42,7,44,45,86,47,48,21,50,51,53,13,54,55,6,57,58,59,2,0,77,46,64,10,66,117,68,20,70,71,72,65,74,84,67,81,80,79,38,73,82,83,76,85,92,87,88,89,4,91,109,93,62,95,8,97,98,99,100,101,16,37,104,105,43,107,103,151,110,111,112,113,114,115,116,34,118,119,120,121,122,123,90,125,126,127,128,129,130,131,132,133,134,135,136,137,138,139,140,106,142,143,144,145,146,147,148,149,150,78,152,153,154,155,156,157,158,159,160,161,162,163,164,165,166,167,168,169,170,171,172,173,174,175,176,177,178,179,180,181,182,183,184,185,186,187,188,189,190,191,192,193,194,195,196,197,198,199];False
6699;8843;15542;[114,141,11,3,26,96,18,30,25,94,75,1,12,32,14,15,124,9,108,19,61,41,22,23,24,69,5,27,28,56,63,31,29,33,17,35,36,52,60,39,40,49,42,7,44,45,86,47,48,21,50,51,53,13,54,55,6,57,58,59,2,0,77,46,64,10,66,117,68,20,70,71,72,65,74,84,67,81,80,79,38,73,82,83,76,85,92,87,88,89,4,91,109,93,62,95,8,97,98,99,100,101,102,37,104,105,43,107,103,151,110,111,112,113,16,115,116,34,118,119,120,121,122,123,90,125,126,127,128,129,130,131,132,133,134,135,136,137,138,139,140,106,142,143,144,145,146,147,148,149,150,78,152,153,154,155,156,157,158,159,160,161,162,163,164,165,166,167,168,169,170,171,172,173,174,175,176,177,178,179,180,181,182,183,184,185,186,187,188,189,190,191,192,193,194,195,196,197,198,199];False
6807;8798;15605;[94,141,11,3,26,43,18,30,25,9,4,1,12,32,14,15,124,46,174,19,61,41,22,96,24,69,5,27,99,56,63,31,29,33,17,8,36,95,38,85,40,49,42,7,44,45,60,47,48,21,92,51,53,13,54,55,6,57,58,59,2,0,62,103,64,10,66,117,68,20,70,71,72,65,74,75,67,77,76,28,80,81,39,83,52,37,86,87,88,89,73,91,35,93,23,109,84,97,98,79,100,101,16,142,104,105,106,107,108,102,110,111,112,113,114,115,116,34,118,119,120,121,122,123,90,125,126,78,128,129,130,131,132,133,134,135,136,137,138,139,140,50,82,143,144,145,146,147,148,149,150,151,152,153,154,155,156,157,158,159,160,161,162,163,164,165,166,167,168,169,170,171,172,173,127,175,176,177,178,179,180,181,182,183,184,185,186,187,188,189,190,191,192,193,194,195,196,197,198,199];False
6794;8770;15564;[84,141,11,3,26,43,18,30,25,9,4,1,12,32,14,15,124,46,174,19,61,41,22,96,24,69,5,27,99,56,63,31,29,33,17,8,36,95,38,85,40,49,42,7,44,45,60,47,48,21,92,51,53,13,54,55,6,57,58,59,2,0,62,103,64,10,66,117,68,20,70,71,72,65,74,75,67,77,76,28,80,81,39,83,52,37,86,87,88,89,73,91,35,93,94,109,23,97,98,79,100,101,16,142,104,105,106,107,108,102,110,111,112,113,114,115,116,34,118,119,120,121,122,123,90,125,126,78,128,129,130,131,132,133,134,135,136,137,138,139,140,50,82,143,144,145,146,147,148,149,150,151,152,153,154,155,156,157,158,159,160,161,162,163,164,165,166,167,168,169,170,171,172,173,127,175,176,177,178,179,180,181,182,183,184,185,186,187,188,189,190,191,192,193,194,195,196,197,198,199];False
6784;8833;15617;[69,141,11,3,26,43,18,30,25,9,4,1,12,32,14,15,124,46,174,19,61,41,22,23,24,77,5,27,99,56,63,31,29,33,17,8,36,95,38,85,40,49,42,7,44,45,60,47,48,21,92,51,53,13,54,55,6,57,58,59,2,0,62,103,64,10,66,117,68,20,70,71,72,65,74,75,67,96,76,28,80,81,39,83,52,37,86,87,88,89,73,91,35,93,94,109,84,97,98,79,100,101,16,142,104,105,106,107,108,102,110,111,112,113,114,115,116,34,118,119,120,121,122,123,90,125,126,78,128,129,130,131,132,133,134,135,136,137,138,139,140,50,82,143,144,145,146,147,148,149,150,151,152,153,154,155,156,157,158,159,160,161,162,163,164,165,166,167,168,169,170,171,172,173,127,175,176,177,178,179,180,181,182,183,184,185,186,187,188,189,190,191,192,193,194,195,196,197,198,199];False
6784;8810;15594;[40,141,11,3,26,43,18,30,25,9,4,1,12,32,14,15,124,46,174,19,61,41,22,23,24,69,5,27,99,56,63,31,29,33,17,8,36,95,38,85,77,49,42,7,44,45,60,47,48,21,92,51,53,13,54,55,6,57,58,59,2,0,62,103,64,10,66,117,68,20,70,71,72,65,74,75,67,96,76,28,80,81,39,83,52,37,86,87,88,89,73,91,35,93,94,109,84,97,98,79,100,101,16,142,104,105,106,107,108,102,110,111,112,113,114,115,116,34,118,119,120,121,122,123,90,125,126,78,128,129,130,131,132,133,134,135,136,137,138,139,140,50,82,143,144,145,146,147,148,149,150,151,152,153,154,155,156,157,158,159,160,161,162,163,164,165,166,167,168,169,170,171,172,173,127,175,176,177,178,179,180,181,182,183,184,185,186,187,188,189,190,191,192,193,194,195,196,197,198,199];False
6781;8795;15576;[60,141,11,3,26,43,18,30,25,9,4,1,12,32,14,15,124,46,174,19,61,41,22,23,24,69,5,27,99,56,63,31,29,33,17,8,36,95,38,85,40,49,42,7,44,45,77,47,48,21,92,51,53,13,54,55,6,57,58,59,2,0,62,103,64,10,66,117,68,20,70,71,72,65,74,75,67,96,76,28,80,81,39,83,52,37,86,87,88,89,73,91,35,93,94,109,84,97,98,79,100,101,16,142,104,105,106,107,108,102,110,111,112,113,114,115,116,34,118,119,120,121,122,123,90,125,126,78,128,129,130,131,132,133,134,135,136,137,138,139,140,50,82,143,144,145,146,147,148,149,150,151,152,153,154,155,156,157,158,159,160,161,162,163,164,165,166,167,168,169,170,171,172,173,127,175,176,177,178,179,180,181,182,183,184,185,186,187,188,189,190,191,192,193,194,195,196,197,198,199];False
6812;8758;15570;[23,141,11,3,26,43,18,30,25,9,4,1,12,32,14,15,124,46,174,19,61,41,22,96,24,69,5,27,99,56,63,31,29,33,17,8,36,95,38,85,40,49,42,7,44,45,60,47,48,21,92,51,53,13,54,55,6,57,58,59,2,0,62,114,64,10,66,117,68,20,70,71,72,65,74,75,67,77,76,28,80,81,39,83,52,37,86,87,88,89,73,91,35,93,94,109,84,97,98,79,100,101,16,142,104,105,106,107,108,102,110,111,112,113,103,115,116,34,118,119,120,121,122,123,90,125,126,78,128,129,130,131,132,133,134,135,136,137,138,139,140,50,82,143,144,145,146,147,148,149,150,151,152,153,154,155,156,157,158,159,160,161,162,163,164,165,166,167,168,169,170,171,172,173,127,175,176,177,178,179,180,181,182,183,184,185,186,187,188,189,190,191,192,193,194,195,196,197,198,199];False
6779;8765;15544;[77,141,11,3,26,43,18,30,25,9,4,1,12,32,14,15,124,46,174,19,61,41,22,23,24,69,5,27,99,56,63,31,29,33,17,8,36,95,38,85,40,49,42,7,44,45,60,47,48,21,92,51,53,13,54,55,6,57,58,59,2,0,62,114,64,10,66,117,68,20,70,71,72,65,74,75,67,96,76,28,80,81,39,83,52,37,86,87,88,89,73,91,35,93,94,109,84,97,98,79,100,101,16,142,104,105,106,107,108,102,110,111,112,113,103,115,116,34,118,119,120,121,122,123,90,125,126,78,128,129,130,131,132,133,134,135,136,137,138,139,140,50,82,143,144,145,146,147,148,149,150,151,152,153,154,155,156,157,158,159,160,161,162,163,164,165,166,167,168,169,170,171,172,173,127,175,176,177,178,179,180,181,182,183,184,185,186,187,188,189,190,191,192,193,194,195,196,197,198,199];False
6864;8754;15618;[76,141,11,3,26,43,18,30,25,9,4,1,12,32,14,15,124,46,174,19,61,41,22,23,24,69,5,27,99,56,63,31,29,33,17,8,36,95,38,85,40,49,42,7,44,45,60,47,48,21,92,51,53,13,54,55,6,57,58,59,2,0,62,114,64,10,66,117,68,20,70,71,72,65,74,75,67,77,96,28,80,81,39,83,52,37,86,87,88,89,73,91,35,93,94,109,84,97,98,79,100,101,16,142,104,105,106,107,108,102,110,111,112,113,103,115,116,34,118,119,120,121,122,123,90,125,126,78,128,129,130,131,132,133,134,135,136,137,138,139,140,50,82,143,144,145,146,147,148,149,150,151,152,153,154,155,156,157,158,159,160,161,162,163,164,165,166,167,168,169,170,171,172,173,127,175,176,177,178,179,180,181,182,183,184,185,186,187,188,189,190,191,192,193,194,195,196,197,198,199];False
6819;8745;15564;[79,141,11,3,26,43,18,30,25,9,4,1,12,32,14,15,124,46,174,19,61,41,22,23,24,69,5,27,99,56,63,31,29,33,17,8,36,95,38,85,40,49,42,7,44,45,60,47,48,21,92,51,53,13,54,55,6,57,58,59,2,0,62,114,64,10,66,117,68,20,70,71,72,65,74,75,67,77,76,28,80,81,39,83,52,37,86,87,88,89,73,91,35,93,94,109,84,97,98,96,100,101,16,142,104,105,106,107,108,102,110,111,112,113,103,115,116,34,118,119,120,121,122,123,90,125,126,78,128,129,130,131,132,133,134,135,136,137,138,139,140,50,82,143,144,145,146,147,148,149,150,151,152,153,154,155,156,157,158,159,160,161,162,163,164,165,166,167,168,169,170,171,172,173,127,175,176,177,178,179,180,181,182,183,184,185,186,187,188,189,190,191,192,193,194,195,196,197,198,199];False
6858;8736;15594;[5,141,11,3,26,43,18,30,25,9,4,1,12,32,14,15,124,46,174,19,61,41,22,23,24,69,76,27,99,56,63,31,29,33,17,8,36,95,38,85,40,49,42,7,44,45,60,47,48,21,92,51,53,13,54,55,6,57,58,59,2,0,62,96,64,10,66,117,68,20,70,71,72,65,74,75,67,77,114,28,80,81,39,83,52,37,86,87,88,89,73,91,35,93,94,109,84,97,98,79,100,101,16,142,104,105,106,107,108,102,110,111,112,113,103,115,116,34,118,119,120,121,122,123,90,125,126,78,128,129,130,131,132,133,134,135,136,137,138,139,140,50,82,143,144,145,146,147,148,149,150,151,152,153,154,155,156,157,158,159,160,161,162,163,164,165,166,167,168,169,170,171,172,173,127,175,176,177,178,179,180,181,182,183,184,185,186,187,188,189,190,191,192,193,194,195,196,197,198,199];False
6834;8742;15576;[19,141,11,3,26,43,18,30,25,9,4,1,12,32,14,15,124,46,174,100,61,41,22,23,24,69,5,27,99,56,63,31,29,33,17,8,36,95,38,85,40,49,42,7,44,45,60,47,48,21,92,51,53,13,54,55,6,57,58,59,2,0,62,96,64,10,66,117,68,20,70,71,72,65,74,75,67,77,76,28,80,81,39,83,52,37,86,87,88,89,73,91,35,93,94,109,84,97,98,79,114,101,16,142,104,105,106,107,108,102,110,111,112,113,103,115,116,34,118,119,120,121,122,123,90,125,126,78,128,129,130,131,132,133,134,135,136,137,138,139,140,50,82,143,144,145,146,147,148,149,150,151,152,153,154,155,156,157,158,159,160,161,162,163,164,165,166,167,168,169,170,171,172,173,127,175,176,177,178,179,180,181,182,183,184,185,186,187,188,189,190,191,192,193,194,195,196,197,198,199];False
6826;8718;15544;[60,141,11,3,26,43,18,30,25,9,4,1,12,32,14,15,124,46,174,19,61,41,22,23,24,69,5,27,99,56,63,31,29,33,17,8,36,95,38,85,40,49,42,7,44,45,100,47,48,21,92,51,53,13,54,55,6,57,58,59,2,0,62,96,64,10,66,117,68,20,70,71,72,65,74,75,67,77,76,28,80,81,39,83,52,37,86,87,88,89,73,91,35,93,94,109,84,97,98,79,114,101,16,142,104,105,106,107,108,102,110,111,112,113,103,115,116,34,118,119,120,121,122,123,90,125,126,78,128,129,130,131,132,133,134,135,136,137,138,139,140,50,82,143,144,145,146,147,148,149,150,151,152,153,154,155,156,157,158,159,160,161,162,163,164,165,166,167,168,169,170,171,172,173,127,175,176,177,178,179,180,181,182,183,184,185,186,187,188,189,190,191,192,193,194,195,196,197,198,199];False
6963;8704;15667;[42,141,11,3,26,43,18,30,25,9,4,1,12,32,14,15,124,46,174,19,61,41,22,23,24,69,5,27,99,56,63,31,29,33,17,8,36,95,38,85,40,49,101,7,44,45,60,47,48,21,92,51,53,13,54,55,6,57,58,59,2,0,62,96,64,10,66,117,68,20,70,71,72,65,74,75,67,77,76,28,80,81,39,83,52,37,86,87,88,89,73,91,35,93,94,109,84,97,98,79,100,114,16,142,104,105,106,107,108,102,110,111,112,113,103,115,116,34,118,119,120,121,122,123,90,125,126,78,128,129,130,131,132,133,134,135,136,137,138,139,140,50,82,143,144,145,146,147,148,149,150,151,152,153,154,155,156,157,158,159,160,161,162,163,164,165,166,167,168,169,170,171,172,173,127,175,176,177,178,179,180,181,182,183,184,185,186,187,188,189,190,191,192,193,194,195,196,197,198,199];False
6919;8708;15627;[60,141,11,3,26,43,18,30,25,9,4,1,12,32,14,15,124,46,174,19,61,41,22,23,24,69,5,27,99,56,63,31,29,33,17,8,36,95,38,85,40,49,42,7,44,45,101,47,48,21,92,51,53,13,54,55,6,57,58,59,2,0,62,96,64,10,66,117,68,20,70,71,72,65,74,75,67,77,76,28,80,81,39,83,52,37,86,87,88,89,73,91,35,93,94,109,84,97,98,79,100,114,16,142,104,105,106,107,108,102,110,111,112,113,103,115,116,34,118,119,120,121,122,123,90,125,126,78,128,129,130,131,132,133,134,135,136,137,138,139,140,50,82,143,144,145,146,147,148,149,150,151,152,153,154,155,156,157,158,159,160,161,162,163,164,165,166,167,168,169,170,171,172,173,127,175,176,177,178,179,180,181,182,183,184,185,186,187,188,189,190,191,192,193,194,195,196,197,198,199];False
6867;8708;15575;[37,141,11,3,26,43,18,30,25,9,4,1,12,32,14,15,124,46,174,19,61,41,22,23,24,69,5,27,99,56,63,31,29,33,17,8,36,95,38,85,40,49,42,7,44,45,60,47,48,21,92,51,53,13,54,55,6,57,58,59,2,0,62,96,64,10,66,117,68,20,70,71,72,65,74,75,67,77,76,28,80,81,39,83,52,101,86,87,88,89,73,91,35,93,94,109,84,97,98,79,100,114,16,142,104,105,106,107,108,102,110,111,112,113,103,115,116,34,118,119,120,121,122,123,90,125,126,78,128,129,130,131,132,133,134,135,136,137,138,139,140,50,82,143,144,145,146,147,148,149,150,151,152,153,154,155,156,157,158,159,160,161,162,163,164,165,166,167,168,169,170,171,172,173,127,175,176,177,178,179,180,181,182,183,184,185,186,187,188,189,190,191,192,193,194,195,196,197,198,199];False
6931;8696;15627;[49,141,11,3,26,43,18,30,25,9,4,1,12,32,14,15,124,46,174,19,61,41,22,23,24,69,5,27,99,56,63,31,29,33,17,8,36,95,38,85,40,60,42,7,44,45,100,47,48,21,92,51,53,13,54,55,6,57,58,59,2,0,62,96,64,10,66,117,68,20,70,71,72,65,74,75,67,77,76,28,80,81,39,83,52,37,86,87,88,89,73,91,35,93,94,109,84,97,98,79,114,101,16,103,104,105,106,107,108,102,110,111,112,113,142,115,116,34,118,119,120,121,122,123,90,125,126,78,128,129,130,131,132,133,134,135,136,137,138,139,140,50,82,143,144,145,146,147,148,149,150,151,152,153,154,155,156,157,158,159,160,161,162,163,164,165,166,167,168,169,170,171,172,173,127,175,176,177,178,179,180,181,182,183,184,185,186,187,188,189,190,191,192,193,194,195,196,197,198,199];False
7099;8674;15773;[20,141,11,3,26,43,18,30,25,9,4,1,12,32,14,15,124,46,174,19,61,41,22,23,24,69,5,27,99,56,63,31,29,33,17,8,36,95,38,85,40,49,42,7,44,45,60,47,48,21,92,51,53,13,54,55,6,57,58,59,2,0,62,96,64,10,66,117,68,37,70,71,72,65,74,75,67,77,76,28,80,81,39,83,52,101,86,87,88,89,73,91,35,93,94,109,84,97,98,79,100,114,16,103,104,105,106,107,108,102,110,111,112,113,142,115,116,34,118,119,120,121,122,123,90,125,126,78,128,129,130,131,132,133,134,135,136,137,138,139,140,50,82,143,144,145,146,147,148,149,150,151,152,153,154,155,156,157,158,159,160,161,162,163,164,165,166,167,168,169,170,171,172,173,127,175,176,177,178,179,180,181,182,183,184,185,186,187,188,189,190,191,192,193,194,195,196,197,198,199];False
7085;8675;15760;[109,141,11,3,26,43,18,30,25,9,4,1,12,32,14,15,124,46,174,19,61,41,22,23,24,69,5,27,99,56,63,31,29,33,17,8,36,95,38,85,40,49,42,7,44,45,60,47,48,21,92,51,53,13,54,55,6,57,58,59,2,0,62,96,64,10,66,117,68,20,70,71,72,65,74,75,67,77,76,28,80,81,39,83,52,101,86,87,88,89,73,91,35,93,94,37,84,97,98,79,100,114,16,103,104,105,106,107,108,102,110,111,112,113,142,115,116,34,118,119,120,121,122,123,90,125,126,78,128,129,130,131,132,133,134,135,136,137,138,139,140,50,82,143,144,145,146,147,148,149,150,151,152,153,154,155,156,157,158,159,160,161,162,163,164,165,166,167,168,169,170,171,172,173,127,175,176,177,178,179,180,181,182,183,184,185,186,187,188,189,190,191,192,193,194,195,196,197,198,199];False
7053;8677;15730;[84,141,11,3,26,43,18,30,25,9,4,1,12,32,14,15,124,46,174,19,61,41,22,23,24,69,5,27,99,56,63,31,29,33,17,8,36,95,38,85,40,49,42,7,44,45,60,47,48,21,92,51,53,13,54,55,6,57,58,59,2,0,62,96,64,10,66,117,68,20,70,71,72,65,74,75,67,77,76,28,80,81,39,83,52,101,86,87,88,89,73,91,35,93,94,109,37,97,98,79,100,114,16,103,104,105,106,107,108,102,110,111,112,113,142,115,116,34,118,119,120,121,122,123,90,125,126,78,128,129,130,131,132,133,134,135,136,137,138,139,140,50,82,143,144,145,146,147,148,149,150,151,152,153,154,155,156,157,158,159,160,161,162,163,164,165,166,167,168,169,170,171,172,173,127,175,176,177,178,179,180,181,182,183,184,185,186,187,188,189,190,191,192,193,194,195,196,197,198,199];False
6967;8687;15654;[103,141,11,3,26,43,18,30,25,9,4,1,12,32,14,15,124,46,174,19,61,41,22,23,24,69,5,27,99,56,63,31,29,33,17,8,36,95,38,85,40,49,42,7,44,45,60,47,48,21,92,51,53,13,54,55,6,57,58,59,2,0,62,96,64,10,66,117,68,20,70,71,72,65,74,75,67,77,76,28,80,81,39,83,52,101,86,87,88,89,73,91,35,93,94,109,84,97,98,79,100,114,16,37,104,105,106,107,108,102,110,111,112,113,142,115,116,34,118,119,120,121,122,123,90,125,126,78,128,129,130,131,132,133,134,135,136,137,138,139,140,50,82,143,144,145,146,147,148,149,150,151,152,153,154,155,156,157,158,159,160,161,162,163,164,165,166,167,168,169,170,171,172,173,127,175,176,177,178,179,180,181,182,183,184,185,186,187,188,189,190,191,192,193,194,195,196,197,198,199];False
7096;8670;15766;[4,141,11,132,26,43,18,30,25,9,14,1,12,32,3,15,124,46,174,19,61,41,22,23,24,69,5,27,99,56,63,31,29,33,17,8,36,95,38,39,40,49,42,7,44,45,60,47,48,21,92,51,53,13,54,55,6,57,58,59,2,0,62,96,64,10,66,117,68,20,70,71,72,65,74,75,67,77,76,28,80,81,114,83,52,85,86,87,88,89,73,91,35,93,94,37,142,97,98,84,100,101,16,103,104,105,106,107,108,102,110,111,112,113,109,115,116,34,118,119,120,121,122,123,90,125,126,78,128,129,130,131,79,133,134,135,136,137,138,139,140,50,82,143,144,145,146,147,148,149,150,151,152,153,154,155,156,157,158,159,160,161,162,163,164,165,166,167,168,169,170,171,172,173,127,175,176,177,178,179,180,181,182,183,184,185,186,187,188,189,190,191,192,193,194,195,196,197,198,199];False
7140;8657;15797;[19,141,11,132,26,43,18,30,25,9,4,1,12,32,3,15,124,46,174,14,61,41,22,23,24,69,5,27,99,56,63,31,29,33,17,8,36,95,38,39,40,49,42,7,44,45,60,47,48,21,92,51,53,13,54,55,6,57,58,59,2,0,62,96,64,10,66,117,68,20,70,71,72,65,74,75,67,77,76,28,80,81,114,83,52,85,86,87,88,89,73,91,35,93,94,37,142,97,98,84,100,101,16,103,104,105,106,107,108,102,110,111,112,113,109,115,116,34,118,119,120,121,122,123,90,125,126,78,128,129,130,131,79,133,134,135,136,137,138,139,140,50,82,143,144,145,146,147,148,149,150,151,152,153,154,155,156,157,158,159,160,161,162,163,164,165,166,167,168,169,170,171,172,173,127,175,176,177,178,179,180,181,182,183,184,185,186,187,188,189,190,191,192,193,194,195,196,197,198,199];False
7031;8676;15707;[39,141,11,132,26,43,18,30,25,9,4,1,12,32,3,15,124,46,174,19,61,41,22,23,24,69,5,27,99,56,63,31,29,33,17,8,36,95,38,14,40,49,42,7,44,45,60,47,48,21,92,51,53,13,54,55,6,57,58,59,2,0,62,96,64,10,66,117,68,20,70,71,72,65,74,75,67,77,76,28,80,81,114,83,52,85,86,87,88,89,73,91,35,93,94,37,142,97,98,84,100,101,16,103,104,105,106,107,108,102,110,111,112,113,109,115,116,34,118,119,120,121,122,123,90,125,126,78,128,129,130,131,79,133,134,135,136,137,138,139,140,50,82,143,144,145,146,147,148,149,150,151,152,153,154,155,156,157,158,159,160,161,162,163,164,165,166,167,168,169,170,171,172,173,127,175,176,177,178,179,180,181,182,183,184,185,186,187,188,189,190,191,192,193,194,195,196,197,198,199];False
7149;8652;15801;[60,141,11,132,26,43,18,30,25,9,4,1,12,32,14,15,124,46,174,3,61,41,22,23,24,69,5,27,99,56,63,31,29,33,17,8,36,95,38,39,40,49,42,7,44,45,19,47,48,21,92,51,53,13,54,55,6,57,58,59,2,0,62,96,64,10,66,117,68,20,70,71,72,65,74,75,67,77,76,28,80,81,114,83,52,85,86,87,88,89,73,91,35,93,94,37,142,97,98,84,100,101,16,103,104,105,106,107,108,102,110,111,112,113,109,115,116,34,118,119,120,121,122,123,90,125,126,78,128,129,130,131,79,133,134,135,136,137,138,139,140,50,82,143,144,145,146,147,148,149,150,151,152,153,154,155,156,157,158,159,160,161,162,163,164,165,166,167,168,169,170,171,172,173,127,175,176,177,178,179,180,181,182,183,184,185,186,187,188,189,190,191,192,193,194,195,196,197,198,199];False
7125;8647;15772;[12,141,11,3,26,43,18,30,25,9,4,1,75,32,14,15,124,46,132,19,61,41,22,23,24,69,5,27,99,56,63,31,29,33,17,8,36,95,38,39,40,49,42,7,44,45,60,47,48,21,92,51,53,13,54,55,6,57,58,59,2,0,62,96,64,10,66,117,68,20,70,71,72,65,74,174,67,77,76,28,80,81,114,83,52,85,86,87,88,89,73,91,35,93,94,37,142,97,98,84,100,101,16,103,104,105,106,107,108,102,110,111,112,113,109,115,116,34,118,119,120,121,122,123,90,125,126,78,128,129,130,131,79,133,134,135,136,137,138,139,140,50,82,143,144,145,146,147,148,149,150,151,152,153,154,155,156,157,158,159,160,161,162,163,164,165,166,167,168,169,170,171,172,173,127,175,176,177,178,179,180,181,182,183,184,185,186,187,188,189,190,191,192,193,194,195,196,197,198,199];False
7147;8636;15783;[19,141,11,3,26,43,18,30,25,9,4,1,12,32,14,15,124,46,132,75,61,41,22,23,24,69,5,27,99,56,63,31,29,33,17,8,36,95,38,39,40,49,42,7,44,45,60,47,48,21,92,51,53,13,54,55,6,57,58,59,2,0,62,96,64,10,66,117,68,20,70,71,72,65,74,174,67,77,76,28,80,81,114,83,52,85,86,87,88,89,73,91,35,93,94,37,142,97,98,84,100,101,16,103,104,105,106,107,108,102,110,111,112,113,109,115,116,34,118,119,120,121,122,123,90,125,126,78,128,129,130,131,79,133,134,135,136,137,138,139,140,50,82,143,144,145,146,147,148,149,150,151,152,153,154,155,156,157,158,159,160,161,162,163,164,165,166,167,168,169,170,171,172,173,127,175,176,177,178,179,180,181,182,183,184,185,186,187,188,189,190,191,192,193,194,195,196,197,198,199];False
7074;8671;15745;[39,141,11,3,26,43,18,30,25,9,4,1,12,32,14,15,124,46,132,19,61,41,22,23,24,69,5,27,99,56,63,31,29,33,17,8,36,95,38,75,40,49,42,7,44,45,60,47,48,21,92,51,53,13,54,55,6,57,58,59,2,0,62,96,64,10,66,117,68,20,70,71,72,65,74,174,67,77,76,28,80,81,114,83,52,85,86,87,88,89,73,91,35,93,94,37,142,97,98,84,100,101,16,103,104,105,106,107,108,102,110,111,112,113,109,115,116,34,118,119,120,121,122,123,90,125,126,78,128,129,130,131,79,133,134,135,136,137,138,139,140,50,82,143,144,145,146,147,148,149,150,151,152,153,154,155,156,157,158,159,160,161,162,163,164,165,166,167,168,169,170,171,172,173,127,175,176,177,178,179,180,181,182,183,184,185,186,187,188,189,190,191,192,193,194,195,196,197,198,199];False
7094;8657;15751;[60,141,11,3,26,43,18,30,25,9,4,1,12,32,14,15,124,46,132,19,61,41,22,23,24,69,5,27,99,56,63,31,29,33,17,8,36,95,38,39,40,49,42,7,44,45,75,47,48,21,92,51,53,13,54,55,6,57,58,59,2,0,62,96,64,10,66,117,68,20,70,71,72,65,74,174,67,77,76,28,80,81,114,83,52,85,86,87,88,89,73,91,35,93,94,37,142,97,98,84,100,101,16,103,104,105,106,107,108,102,110,111,112,113,109,115,116,34,118,119,120,121,122,123,90,125,126,78,128,129,130,131,79,133,134,135,136,137,138,139,140,50,82,143,144,145,146,147,148,149,150,151,152,153,154,155,156,157,158,159,160,161,162,163,164,165,166,167,168,169,170,171,172,173,127,175,176,177,178,179,180,181,182,183,184,185,186,187,188,189,190,191,192,193,194,195,196,197,198,199];False
7631;8577;16208;[3,141,11,12,26,43,18,30,25,9,4,1,75,32,14,15,124,46,121,19,61,41,22,23,24,69,5,27,99,56,63,31,29,33,17,8,36,95,38,39,40,158,42,7,44,45,60,47,48,21,92,51,53,13,54,55,6,57,58,59,2,0,62,96,64,10,66,117,68,20,70,71,72,65,74,174,67,77,76,28,80,81,114,83,52,85,86,87,88,89,73,91,35,93,94,37,84,97,98,79,100,101,16,103,104,105,106,107,108,102,110,111,112,113,109,115,116,34,118,119,120,49,122,123,90,125,126,78,128,129,130,131,132,133,134,135,136,137,138,139,140,50,142,143,144,145,146,147,148,149,150,151,152,153,154,155,156,157,82,159,160,161,162,163,164,165,166,167,168,169,170,171,172,173,127,175,176,177,178,179,180,181,182,183,184,185,186,187,188,189,190,191,192,193,194,195,196,197,198,199];False
7628;8568;16196;[18,141,11,3,26,43,12,30,25,9,4,1,75,32,14,15,124,46,121,19,61,41,22,23,24,69,5,27,99,56,63,31,29,33,17,8,36,95,38,39,40,158,42,7,44,45,60,47,48,21,92,51,53,13,54,55,6,57,58,59,2,0,62,96,64,10,66,117,68,20,70,71,72,65,74,174,67,77,76,28,80,81,114,83,52,85,86,87,88,89,73,91,35,93,94,37,84,97,98,79,100,101,16,103,104,105,106,107,108,102,110,111,112,113,109,115,116,34,118,119,120,49,122,123,90,125,126,78,128,129,130,131,132,133,134,135,136,137,138,139,140,50,142,143,144,145,146,147,148,149,150,151,152,153,154,155,156,157,82,159,160,161,162,163,164,165,166,167,168,169,170,171,172,173,127,175,176,177,178,179,180,181,182,183,184,185,186,187,188,189,190,191,192,193,194,195,196,197,198,199];False
7608;8570;16178;[30,141,11,3,26,43,18,12,25,9,4,1,75,32,14,15,124,46,121,19,61,41,22,23,24,69,5,27,99,56,63,31,29,33,17,8,36,95,38,39,40,158,42,7,44,45,60,47,48,21,92,51,53,13,54,55,6,57,58,59,2,0,62,96,64,10,66,117,68,20,70,71,72,65,74,174,67,77,76,28,80,81,114,83,52,85,86,87,88,89,73,91,35,93,94,37,84,97,98,79,100,101,16,103,104,105,106,107,108,102,110,111,112,113,109,115,116,34,118,119,120,49,122,123,90,125,126,78,128,129,130,131,132,133,134,135,136,137,138,139,140,50,142,143,144,145,146,147,148,149,150,151,152,153,154,155,156,157,82,159,160,161,162,163,164,165,166,167,168,169,170,171,172,173,127,175,176,177,178,179,180,181,182,183,184,185,186,187,188,189,190,191,192,193,194,195,196,197,198,199];False
7396;8595;15991;[19,141,11,3,26,43,18,30,25,9,4,1,75,32,14,15,124,46,121,12,61,41,22,23,24,69,5,27,99,56,63,31,29,33,17,8,36,95,38,39,40,158,42,7,44,45,60,47,48,21,92,51,53,13,54,55,6,57,58,59,2,0,62,96,64,10,66,117,68,20,70,71,72,65,74,174,67,77,76,28,80,81,114,83,52,85,86,87,88,89,73,91,35,93,94,37,84,97,98,79,100,101,16,103,104,105,106,107,108,102,110,111,112,113,109,115,116,34,118,119,120,49,122,123,90,125,126,78,128,129,130,131,132,133,134,135,136,137,138,139,140,50,142,143,144,145,146,147,148,149,150,151,152,153,154,155,156,157,82,159,160,161,162,163,164,165,166,167,168,169,170,171,172,173,127,175,176,177,178,179,180,181,182,183,184,185,186,187,188,189,190,191,192,193,194,195,196,197,198,199];False
7483;8579;16062;[23,141,11,3,26,43,18,30,25,9,4,1,75,32,14,15,124,46,121,19,61,41,22,12,24,69,5,27,99,56,63,31,29,33,17,8,36,95,38,39,40,158,42,7,44,45,60,47,48,21,92,51,53,13,54,55,6,57,58,59,2,0,62,96,64,10,66,117,68,20,70,71,72,65,74,174,67,77,76,28,80,81,114,83,52,85,86,87,88,89,73,91,35,93,94,37,84,97,98,79,100,101,16,103,104,105,106,107,108,102,110,111,112,113,109,115,116,34,118,119,120,49,122,123,90,125,126,78,128,129,130,131,132,133,134,135,136,137,138,139,140,50,142,143,144,145,146,147,148,149,150,151,152,153,154,155,156,157,82,159,160,161,162,163,164,165,166,167,168,169,170,171,172,173,127,175,176,177,178,179,180,181,182,183,184,185,186,187,188,189,190,191,192,193,194,195,196,197,198,199];False
7339;8588;15927;[40,141,11,3,26,43,86,30,25,9,4,1,12,32,14,15,124,46,174,19,61,41,22,23,24,69,5,27,99,56,63,31,29,33,17,8,36,95,38,39,18,158,42,7,44,45,60,47,48,21,92,51,53,13,54,55,6,57,58,59,2,0,62,96,64,10,121,117,68,20,70,71,72,65,74,75,67,77,76,28,80,81,114,83,52,85,66,87,88,89,73,91,35,93,94,37,84,97,98,79,100,101,16,103,104,105,106,107,108,102,110,111,112,113,109,115,116,34,118,119,120,49,122,123,90,125,126,78,128,129,130,131,132,133,134,135,136,137,138,139,140,50,142,143,144,145,146,147,148,149,150,151,152,153,154,155,156,157,82,159,160,161,162,163,164,165,166,167,168,169,170,171,172,173,127,175,176,177,178,179,180,181,182,183,184,185,186,187,188,189,190,191,192,193,194,195,196,197,198,199];False
7218;8619;15837;[3,141,11,60,26,43,18,30,25,9,4,1,12,32,14,15,124,46,174,19,61,41,22,23,24,69,5,27,99,56,63,31,29,33,17,8,36,95,38,39,40,158,42,7,44,45,86,47,48,21,92,51,53,13,54,55,6,57,58,59,2,0,62,96,64,10,121,117,68,20,70,71,72,65,74,75,67,77,76,28,80,81,114,83,52,85,66,87,88,89,73,91,35,93,94,37,84,97,98,79,100,101,16,103,104,105,106,107,108,102,110,111,112,113,109,115,116,34,118,119,120,49,122,123,90,125,126,78,128,129,130,131,132,133,134,135,136,137,138,139,140,50,142,143,144,145,146,147,148,149,150,151,152,153,154,155,156,157,82,159,160,161,162,163,164,165,166,167,168,169,170,171,172,173,127,175,176,177,178,179,180,181,182,183,184,185,186,187,188,189,190,191,192,193,194,195,196,197,198,199];False
7162;8632;15794;[23,141,11,3,26,43,18,30,25,9,4,1,12,32,14,15,124,46,174,19,61,41,22,60,24,69,5,27,99,56,63,31,29,33,17,8,36,95,38,39,40,158,42,7,44,45,86,47,48,21,92,51,53,13,54,55,6,57,58,59,2,0,62,96,64,10,121,117,68,20,70,71,72,65,74,75,67,77,76,28,80,81,114,83,52,85,66,87,88,89,73,91,35,93,94,37,84,97,98,79,100,101,16,103,104,105,106,107,108,102,110,111,112,113,109,115,116,34,118,119,120,49,122,123,90,125,126,78,128,129,130,131,132,133,134,135,136,137,138,139,140,50,142,143,144,145,146,147,148,149,150,151,152,153,154,155,156,157,82,159,160,161,162,163,164,165,166,167,168,169,170,171,172,173,127,175,176,177,178,179,180,181,182,183,184,185,186,187,188,189,190,191,192,193,194,195,196,197,198,199];False
7193;8609;15802;[40,141,11,3,26,43,18,30,25,9,4,1,12,32,14,15,124,46,174,19,61,41,22,23,24,69,5,27,99,56,63,31,29,33,17,8,36,95,38,39,60,158,42,7,44,45,86,47,48,21,92,51,53,13,54,55,6,57,58,59,2,0,62,96,64,10,121,117,68,20,70,71,72,65,74,75,67,77,76,28,80,81,114,83,52,85,66,87,88,89,73,91,35,93,94,37,84,97,98,79,100,101,16,103,104,105,106,107,108,102,110,111,112,113,109,115,116,34,118,119,120,49,122,123,90,125,126,78,128,129,130,131,132,133,134,135,136,137,138,139,140,50,142,143,144,145,146,147,148,149,150,151,152,153,154,155,156,157,82,159,160,161,162,163,164,165,166,167,168,169,170,171,172,173,127,175,176,177,178,179,180,181,182,183,184,185,186,187,188,189,190,191,192,193,194,195,196,197,198,199];False
7203;8599;15802;[42,141,11,3,26,43,18,30,25,9,4,1,12,32,14,15,124,46,174,19,61,41,22,23,24,69,5,27,99,56,63,31,29,33,17,8,36,95,38,39,40,158,60,7,44,45,86,47,48,21,92,51,53,13,54,55,6,57,58,59,2,0,62,96,64,10,121,117,68,20,70,71,72,65,74,75,67,77,76,28,80,81,114,83,52,85,66,87,88,89,73,91,35,93,94,37,84,97,98,79,100,101,16,103,104,105,106,107,108,102,110,111,112,113,109,115,116,34,118,119,120,49,122,123,90,125,126,78,128,129,130,131,132,133,134,135,136,137,138,139,140,50,142,143,144,145,146,147,148,149,150,151,152,153,154,155,156,157,82,159,160,161,162,163,164,165,166,167,168,169,170,171,172,173,127,175,176,177,178,179,180,181,182,183,184,185,186,187,188,189,190,191,192,193,194,195,196,197,198,199];False
7277;8591;15868;[58,141,11,3,26,43,18,30,25,9,4,1,12,32,14,15,124,46,174,19,61,41,22,23,24,69,5,27,99,56,63,31,29,33,17,8,36,95,38,39,40,158,42,7,44,45,86,47,48,21,92,51,53,13,54,55,6,57,60,59,2,0,62,96,64,10,121,117,68,20,70,71,72,65,74,75,67,77,76,28,80,81,114,83,52,85,66,87,88,89,73,91,35,93,94,37,84,97,98,79,100,101,16,103,104,105,106,107,108,102,110,111,112,113,109,115,116,34,118,119,120,49,122,123,90,125,126,78,128,129,130,131,132,133,134,135,136,137,138,139,140,50,142,143,144,145,146,147,148,149,150,151,152,153,154,155,156,157,82,159,160,161,162,163,164,165,166,167,168,169,170,171,172,173,127,175,176,177,178,179,180,181,182,183,184,185,186,187,188,189,190,191,192,193,194,195,196,197,198,199];False
7144;8623;15767;[96,141,11,3,26,43,18,30,25,9,4,1,12,32,14,15,124,46,174,19,61,41,22,23,24,69,5,27,99,56,63,31,29,33,17,8,36,95,38,39,40,158,42,7,44,45,86,47,48,21,92,51,53,13,54,55,6,57,58,59,2,0,62,60,64,10,121,117,68,20,70,71,72,65,74,75,67,77,76,28,80,81,114,83,52,85,66,87,88,89,73,91,35,93,94,37,84,97,98,79,100,101,16,103,104,105,106,107,108,102,110,111,112,113,109,115,116,34,118,119,120,49,122,123,90,125,126,78,128,129,130,131,132,133,134,135,136,137,138,139,140,50,142,143,144,145,146,147,148,149,150,151,152,153,154,155,156,157,82,159,160,161,162,163,164,165,166,167,168,169,170,171,172,173,127,175,176,177,178,179,180,181,182,183,184,185,186,187,188,189,190,191,192,193,194,195,196,197,198,199];False
7093;8620;15713;[77,141,11,3,26,43,18,30,25,9,4,1,12,32,14,15,124,46,174,19,61,41,22,23,24,69,5,27,99,56,63,31,29,33,17,8,36,95,38,39,40,158,42,7,44,45,86,47,48,21,92,51,53,13,54,55,6,57,58,59,2,0,62,96,64,10,121,117,68,20,70,71,72,65,74,75,67,60,76,28,80,81,114,83,52,85,66,87,88,89,73,91,35,93,94,37,84,97,98,79,100,101,16,103,104,105,106,107,108,102,110,111,112,113,109,115,116,34,118,119,120,49,122,123,90,125,126,78,128,129,130,131,132,133,134,135,136,137,138,139,140,50,142,143,144,145,146,147,148,149,150,151,152,153,154,155,156,157,82,159,160,161,162,163,164,165,166,167,168,169,170,171,172,173,127,175,176,177,178,179,180,181,182,183,184,185,186,187,188,189,190,191,192,193,194,195,196,197,198,199];False
7172;8608;15780;[76,141,11,3,26,43,18,30,25,9,4,1,12,32,14,15,124,46,174,19,61,41,22,23,24,69,5,27,99,56,63,31,29,33,17,8,36,95,38,39,40,158,42,7,44,45,86,47,48,21,92,51,53,13,54,55,6,57,58,59,2,0,62,96,64,10,121,117,68,20,70,71,72,65,74,75,67,77,60,28,80,81,114,83,52,85,66,87,88,89,73,91,35,93,94,37,84,97,98,79,100,101,16,103,104,105,106,107,108,102,110,111,112,113,109,115,116,34,118,119,120,49,122,123,90,125,126,78,128,129,130,131,132,133,134,135,136,137,138,139,140,50,142,143,144,145,146,147,148,149,150,151,152,153,154,155,156,157,82,159,160,161,162,163,164,165,166,167,168,169,170,171,172,173,127,175,176,177,178,179,180,181,182,183,184,185,186,187,188,189,190,191,192,193,194,195,196,197,198,199];False
7147;8619;15766;[81,141,11,3,26,43,18,30,25,9,4,1,12,32,14,15,124,46,174,19,61,41,22,23,24,69,5,27,99,56,63,31,29,33,17,8,36,95,38,39,40,158,42,7,44,45,86,47,48,21,92,51,53,13,54,55,6,57,58,59,2,0,62,96,64,10,121,117,68,20,70,71,72,65,74,75,67,77,76,28,80,60,114,83,52,85,66,87,88,89,73,91,35,93,94,37,84,97,98,79,100,101,16,103,104,105,106,107,108,102,110,111,112,113,109,115,116,34,118,119,120,49,122,123,90,125,126,78,128,129,130,131,132,133,134,135,136,137,138,139,140,50,142,143,144,145,146,147,148,149,150,151,152,153,154,155,156,157,82,159,160,161,162,163,164,165,166,167,168,169,170,171,172,173,127,175,176,177,178,179,180,181,182,183,184,185,186,187,188,189,190,191,192,193,194,195,196,197,198,199];False
7228;8596;15824;[98,141,11,3,26,43,18,30,25,9,4,1,12,32,14,15,124,46,174,19,61,41,22,23,24,69,5,27,99,56,63,31,29,33,17,8,36,95,38,39,40,158,42,7,44,45,86,47,48,21,92,51,53,13,54,55,6,57,58,59,2,0,62,96,64,10,121,117,68,20,70,71,72,65,74,75,67,77,76,28,80,81,114,83,52,85,66,87,88,89,73,91,35,93,94,37,84,97,60,79,100,101,16,103,104,105,106,107,108,102,110,111,112,113,109,115,116,34,118,119,120,49,122,123,90,125,126,78,128,129,130,131,132,133,134,135,136,137,138,139,140,50,142,143,144,145,146,147,148,149,150,151,152,153,154,155,156,157,82,159,160,161,162,163,164,165,166,167,168,169,170,171,172,173,127,175,176,177,178,179,180,181,182,183,184,185,186,187,188,189,190,191,192,193,194,195,196,197,198,199];False
6407;9075;15482;[52,61,11,3,26,96,18,30,25,94,75,1,12,32,14,15,124,9,16,19,131,41,22,23,24,69,5,27,28,56,63,31,29,33,17,35,74,37,60,39,40,49,42,7,44,45,86,47,48,21,50,51,53,13,54,55,6,57,58,59,2,0,77,46,64,10,66,117,68,20,70,71,72,65,8,84,67,81,80,79,38,73,82,83,76,85,92,87,88,89,4,91,109,93,62,95,115,97,98,99,100,101,102,103,104,105,43,107,108,151,110,111,112,113,114,121,116,34,118,119,120,106,122,123,90,125,126,127,128,129,130,36,132,133,134,135,136,137,138,139,140,141,142,143,144,145,146,147,148,149,150,78,152,153,154,155,156,157,158,159,160,161,162,163,164,165,166,167,168,169,170,171,172,173,174,175,176,177,178,179,180,181,182,183,184,185,186,187,188,189,190,191,192,193,194,195,196,197,198,199];False
6424;9073;15497;[96,52,11,3,26,61,18,30,25,94,75,1,12,32,14,15,124,9,16,19,131,41,22,23,24,69,5,27,28,56,63,31,29,33,17,35,74,37,60,39,40,49,42,7,44,45,86,47,48,21,50,51,53,13,54,55,6,57,58,59,2,0,77,46,64,10,66,117,68,20,70,71,72,65,8,84,67,81,80,79,38,73,82,83,76,85,92,87,88,89,4,91,109,93,62,95,115,97,98,99,100,101,102,103,104,105,43,107,108,151,110,111,112,113,114,121,116,34,118,119,120,106,122,123,90,125,126,127,128,129,130,36,132,133,134,135,136,137,138,139,140,141,142,143,144,145,146,147,148,149,150,78,152,153,154,155,156,157,158,159,160,161,162,163,164,165,166,167,168,169,170,171,172,173,174,175,176,177,178,179,180,181,182,183,184,185,186,187,188,189,190,191,192,193,194,195,196,197,198,199];False
6438;9053;15491;[74,52,11,3,26,96,18,30,25,94,75,1,12,32,14,15,124,9,16,19,131,41,22,23,24,69,5,27,28,56,63,31,29,33,17,35,61,37,60,39,40,49,42,7,44,45,86,47,48,21,50,51,53,13,54,55,6,57,58,59,2,0,77,46,64,10,66,117,68,20,70,71,72,65,8,84,67,81,80,79,38,73,82,83,76,85,92,87,88,89,4,91,109,93,62,95,115,97,98,99,100,101,102,103,104,105,43,107,108,151,110,111,112,113,114,121,116,34,118,119,120,106,122,123,90,125,126,127,128,129,130,36,132,133,134,135,136,137,138,139,140,141,142,143,144,145,146,147,148,149,150,78,152,153,154,155,156,157,158,159,160,161,162,163,164,165,166,167,168,169,170,171,172,173,174,175,176,177,178,179,180,181,182,183,184,185,186,187,188,189,190,191,192,193,194,195,196,197,198,199];False
6406;9080;15486;[46,52,11,3,26,96,18,30,25,94,75,1,12,32,14,15,124,9,16,19,131,41,22,23,24,69,5,27,28,56,63,31,29,33,17,35,74,37,60,39,40,49,42,7,44,45,86,47,48,21,50,51,53,13,54,55,6,57,58,59,2,0,77,61,64,10,66,117,68,20,70,71,72,65,8,84,67,81,80,79,38,73,82,83,76,85,92,87,88,89,4,91,109,93,62,95,115,97,98,99,100,101,102,103,104,105,43,107,108,151,110,111,112,113,114,121,116,34,118,119,120,106,122,123,90,125,126,127,128,129,130,36,132,133,134,135,136,137,138,139,140,141,142,143,144,145,146,147,148,149,150,78,152,153,154,155,156,157,158,159,160,161,162,163,164,165,166,167,168,169,170,171,172,173,174,175,176,177,178,179,180,181,182,183,184,185,186,187,188,189,190,191,192,193,194,195,196,197,198,199];False
6412;9063;15475;[79,52,11,3,26,96,18,30,25,94,75,1,12,32,14,15,124,9,16,19,131,41,22,23,24,69,5,27,28,56,63,31,29,33,17,35,74,37,60,39,40,49,42,7,44,45,86,47,48,21,50,51,53,13,54,55,6,57,58,59,2,0,77,46,64,10,66,117,68,20,70,71,72,65,8,84,67,81,80,61,38,73,82,83,76,85,92,87,88,89,4,91,109,93,62,95,115,97,98,99,100,101,102,103,104,105,43,107,108,151,110,111,112,113,114,121,116,34,118,119,120,106,122,123,90,125,126,127,128,129,130,36,132,133,134,135,136,137,138,139,140,141,142,143,144,145,146,147,148,149,150,78,152,153,154,155,156,157,158,159,160,161,162,163,164,165,166,167,168,169,170,171,172,173,174,175,176,177,178,179,180,181,182,183,184,185,186,187,188,189,190,191,192,193,194,195,196,197,198,199];False
6434;9037;15471;[115,52,11,3,26,96,18,30,25,94,75,1,12,32,14,15,124,9,16,19,131,41,22,23,24,69,5,27,28,56,63,31,29,33,17,35,74,37,60,39,40,49,42,7,44,45,86,47,48,21,50,51,53,13,54,55,6,57,58,59,2,0,77,46,64,10,66,117,68,20,70,71,72,65,8,84,67,81,80,79,38,73,82,83,76,85,92,87,88,89,4,91,109,93,62,95,61,97,98,99,100,101,102,103,104,105,43,107,108,151,110,111,112,113,114,121,116,34,118,119,120,106,122,123,90,125,126,127,128,129,130,36,132,133,134,135,136,137,138,139,140,141,142,143,144,145,146,147,148,149,150,78,152,153,154,155,156,157,158,159,160,161,162,163,164,165,166,167,168,169,170,171,172,173,174,175,176,177,178,179,180,181,182,183,184,185,186,187,188,189,190,191,192,193,194,195,196,197,198,199];False
6400;9049;15449;[102,52,11,3,26,96,18,30,25,94,75,1,12,32,14,15,124,9,16,19,131,41,22,23,24,69,5,27,28,56,63,31,29,33,17,35,74,37,60,39,40,49,42,7,44,45,86,47,48,21,50,51,53,13,54,55,6,57,58,59,2,0,77,46,64,10,66,117,68,20,70,71,72,65,8,84,67,81,80,79,38,73,82,83,76,85,92,87,88,89,4,91,109,93,62,95,115,97,98,99,100,101,61,103,104,105,43,107,108,151,110,111,112,113,114,121,116,34,118,119,120,106,122,123,90,125,126,127,128,129,130,36,132,133,134,135,136,137,138,139,140,141,142,143,144,145,146,147,148,149,150,78,152,153,154,155,156,157,158,159,160,161,162,163,164,165,166,167,168,169,170,171,172,173,174,175,176,177,178,179,180,181,182,183,184,185,186,187,188,189,190,191,192,193,194,195,196,197,198,199];False
6361;9074;15435;[103,52,11,3,26,96,18,30,25,94,75,1,12,32,14,15,124,9,16,19,131,41,22,23,24,69,5,27,28,56,63,31,29,33,17,35,74,37,60,39,40,49,42,7,44,45,86,47,48,21,50,51,53,13,54,55,6,57,58,59,2,0,77,46,64,10,66,117,68,20,70,71,72,65,8,84,67,81,80,79,38,73,82,83,76,85,92,87,88,89,4,91,109,93,62,95,115,97,98,99,100,101,102,61,104,105,43,107,108,151,110,111,112,113,114,121,116,34,118,119,120,106,122,123,90,125,126,127,128,129,130,36,132,133,134,135,136,137,138,139,140,141,142,143,144,145,146,147,148,149,150,78,152,153,154,155,156,157,158,159,160,161,162,163,164,165,166,167,168,169,170,171,172,173,174,175,176,177,178,179,180,181,182,183,184,185,186,187,188,189,190,191,192,193,194,195,196,197,198,199];False
6466;9018;15484;[52,42,11,3,26,96,18,30,25,94,75,1,12,32,14,15,124,9,16,19,61,41,22,23,24,69,5,27,28,56,63,31,29,33,17,35,74,37,60,39,40,49,131,7,44,45,86,47,48,21,50,51,53,13,54,55,6,57,58,59,2,0,77,46,64,10,66,117,68,20,70,71,72,65,8,84,67,81,80,79,38,73,82,83,76,85,92,87,88,89,4,91,109,93,62,95,115,97,98,99,100,101,102,103,104,105,43,107,108,151,110,111,112,113,114,121,116,34,118,119,120,106,122,123,90,125,126,127,128,129,130,36,132,133,134,135,136,137,138,139,140,141,142,143,144,145,146,147,148,149,150,78,152,153,154,155,156,157,158,159,160,161,162,163,164,165,166,167,168,169,170,171,172,173,174,175,176,177,178,179,180,181,182,183,184,185,186,187,188,189,190,191,192,193,194,195,196,197,198,199];False
6430;9037;15467;[40,52,11,3,26,96,18,30,25,94,75,1,12,32,14,15,124,9,16,19,61,41,22,23,24,69,5,27,28,56,63,31,29,33,17,35,74,37,60,39,42,49,131,7,44,45,86,47,48,21,50,51,53,13,54,55,6,57,58,59,2,0,77,46,64,10,66,117,68,20,70,71,72,65,8,84,67,81,80,79,38,73,82,83,76,85,92,87,88,89,4,91,109,93,62,95,115,97,98,99,100,101,102,103,104,105,43,107,108,151,110,111,112,113,114,121,116,34,118,119,120,106,122,123,90,125,126,127,128,129,130,36,132,133,134,135,136,137,138,139,140,141,142,143,144,145,146,147,148,149,150,78,152,153,154,155,156,157,158,159,160,161,162,163,164,165,166,167,168,169,170,171,172,173,174,175,176,177,178,179,180,181,182,183,184,185,186,187,188,189,190,191,192,193,194,195,196,197,198,199];False
6460;9001;15461;[6,52,11,3,26,96,18,30,25,94,75,1,12,32,14,15,124,9,16,19,61,41,22,23,24,69,5,27,28,56,63,31,29,33,17,35,74,37,60,39,40,49,131,7,44,45,86,47,48,21,50,51,53,13,54,55,42,57,58,59,2,0,77,46,64,10,66,117,68,20,70,71,72,65,8,84,67,81,80,79,38,73,82,83,76,85,92,87,88,89,4,91,109,93,62,95,115,97,98,99,100,101,102,103,104,105,43,107,108,151,110,111,112,113,114,121,116,34,118,119,120,106,122,123,90,125,126,127,128,129,130,36,132,133,134,135,136,137,138,139,140,141,142,143,144,145,146,147,148,149,150,78,152,153,154,155,156,157,158,159,160,161,162,163,164,165,166,167,168,169,170,171,172,173,174,175,176,177,178,179,180,181,182,183,184,185,186,187,188,189,190,191,192,193,194,195,196,197,198,199];False
6451;9015;15466;[109,52,11,3,26,96,18,30,25,94,75,1,12,32,14,15,124,9,16,19,61,41,22,23,24,69,5,27,28,56,63,31,29,33,17,35,74,37,60,39,40,49,131,7,44,45,86,47,48,21,50,51,53,13,54,55,6,57,58,59,2,0,77,46,64,10,66,117,68,20,70,71,72,65,8,84,67,81,80,79,38,73,82,83,76,85,92,87,88,89,4,91,42,93,62,95,115,97,98,99,100,101,102,103,104,105,43,107,108,151,110,111,112,113,114,121,116,34,118,119,120,106,122,123,90,125,126,127,128,129,130,36,132,133,134,135,136,137,138,139,140,141,142,143,144,145,146,147,148,149,150,78,152,153,154,155,156,157,158,159,160,161,162,163,164,165,166,167,168,169,170,171,172,173,174,175,176,177,178,179,180,181,182,183,184,185,186,187,188,189,190,191,192,193,194,195,196,197,198,199];False
6445;9000;15445;[101,52,11,3,26,96,18,30,25,94,75,1,12,32,14,15,124,9,16,19,61,41,22,23,24,69,5,27,28,56,63,31,29,33,17,35,74,37,60,39,40,49,131,7,44,45,86,47,48,21,50,51,53,13,54,55,6,57,58,59,2,0,77,46,64,10,66,117,68,20,70,71,72,65,8,84,67,81,80,79,38,73,82,83,76,85,92,87,88,89,4,91,109,93,62,95,115,97,98,99,100,42,102,103,104,105,43,107,108,151,110,111,112,113,114,121,116,34,118,119,120,106,122,123,90,125,126,127,128,129,130,36,132,133,134,135,136,137,138,139,140,141,142,143,144,145,146,147,148,149,150,78,152,153,154,155,156,157,158,159,160,161,162,163,164,165,166,167,168,169,170,171,172,173,174,175,176,177,178,179,180,181,182,183,184,185,186,187,188,189,190,191,192,193,194,195,196,197,198,199];False
6424;9018;15442;[103,52,11,3,26,96,18,30,25,94,75,1,12,32,14,15,124,9,16,19,61,41,22,23,24,69,5,27,28,56,63,31,29,33,17,35,74,37,60,39,40,49,131,7,44,45,86,47,48,21,50,51,53,13,54,55,6,57,58,59,2,0,77,46,64,10,66,117,68,20,70,71,72,65,8,84,67,81,80,79,38,73,82,83,76,85,92,87,88,89,4,91,109,93,62,95,115,97,98,99,100,101,102,42,104,105,43,107,108,151,110,111,112,113,114,121,116,34,118,119,120,106,122,123,90,125,126,127,128,129,130,36,132,133,134,135,136,137,138,139,140,141,142,143,144,145,146,147,148,149,150,78,152,153,154,155,156,157,158,159,160,161,162,163,164,165,166,167,168,169,170,171,172,173,174,175,176,177,178,179,180,181,182,183,184,185,186,187,188,189,190,191,192,193,194,195,196,197,198,199];False
6390;8936;15326;[52,141,11,3,26,96,18,30,25,94,75,1,12,32,14,15,124,9,16,19,61,41,22,23,24,69,5,27,28,56,63,31,29,33,17,35,36,37,60,39,40,49,42,7,44,45,86,47,48,21,50,51,53,13,54,55,6,57,58,59,2,0,77,46,64,10,66,117,68,20,70,71,72,65,8,84,67,81,80,79,38,73,82,83,76,85,122,87,88,89,4,91,109,93,62,95,115,97,98,99,100,101,102,103,104,105,43,107,108,151,110,111,112,113,114,121,116,34,118,119,120,106,74,123,90,125,126,127,128,129,130,131,132,133,134,135,136,137,138,139,140,92,142,143,144,145,146,147,148,149,150,78,152,153,154,155,156,157,158,159,160,161,162,163,164,165,166,167,168,169,170,171,172,173,174,175,176,177,178,179,180,181,182,183,184,185,186,187,188,189,190,191,192,193,194,195,196,197,198,199];False
6578;8921;15499;[21,52,11,3,26,96,18,30,25,94,75,1,12,32,14,15,124,9,16,19,61,41,22,23,24,69,5,27,28,56,63,31,29,108,17,35,36,37,60,39,40,49,42,7,44,45,86,47,48,146,50,51,53,13,33,55,6,57,58,59,2,0,77,46,64,10,66,117,68,20,70,71,72,65,74,84,67,81,80,79,38,73,82,83,76,85,92,87,88,89,4,91,109,93,62,95,8,97,98,99,100,101,102,103,104,105,43,107,115,151,110,111,112,113,114,121,116,34,118,119,120,54,122,123,90,125,126,127,128,129,130,131,132,133,134,135,136,137,138,139,140,141,142,143,144,145,106,147,148,149,150,78,152,153,154,155,156,157,158,159,160,161,162,163,164,165,166,167,168,169,170,171,172,173,174,175,176,177,178,179,180,181,182,183,184,185,186,187,188,189,190,191,192,193,194,195,196,197,198,199];False
6631;8859;15490;[28,141,11,3,26,108,18,30,25,94,75,1,12,32,14,15,124,9,16,19,61,41,22,23,24,69,5,27,99,56,63,31,29,33,17,35,36,52,60,39,40,49,42,7,44,45,86,47,48,21,50,51,53,13,54,55,6,57,58,59,2,0,77,46,64,10,66,117,68,20,70,71,72,65,74,84,67,81,80,79,38,73,82,83,76,85,92,87,88,89,4,91,109,93,62,95,8,97,98,96,100,101,102,37,104,105,43,107,103,151,110,111,112,113,114,115,116,34,118,119,120,121,122,123,90,125,126,127,128,129,130,131,132,133,134,135,136,137,138,139,140,106,142,143,144,145,146,147,148,149,150,78,152,153,154,155,156,157,158,159,160,161,162,163,164,165,166,167,168,169,170,171,172,173,174,175,176,177,178,179,180,181,182,183,184,185,186,187,188,189,190,191,192,193,194,195,196,197,198,199];False
6700;8837;15537;[64,141,11,3,26,108,18,30,25,94,75,1,12,32,14,15,124,9,16,19,61,41,22,23,24,69,5,27,28,56,63,31,29,33,17,35,36,52,60,39,40,49,42,7,44,45,86,47,48,21,50,51,53,13,54,55,6,57,58,59,2,0,77,46,99,10,66,117,68,20,70,71,72,65,74,84,67,81,80,79,38,73,82,83,76,85,92,87,88,89,4,91,109,93,62,95,8,97,98,96,100,101,102,37,104,105,43,107,103,151,110,111,112,113,114,115,116,34,118,119,120,121,122,123,90,125,126,127,128,129,130,131,132,133,134,135,136,137,138,139,140,106,142,143,144,145,146,147,148,149,150,78,152,153,154,155,156,157,158,159,160,161,162,163,164,165,166,167,168,169,170,171,172,173,174,175,176,177,178,179,180,181,182,183,184,185,186,187,188,189,190,191,192,193,194,195,196,197,198,199];False
6588;8897;15485;[8,141,11,3,26,108,18,30,25,94,75,1,12,32,14,15,124,9,16,19,61,41,22,23,24,69,5,27,28,56,63,31,29,33,17,35,36,52,60,39,40,49,42,7,44,45,86,47,48,21,50,51,53,13,54,55,6,57,58,59,2,0,77,46,64,10,66,117,68,20,70,71,72,65,74,84,67,81,80,79,38,73,82,83,76,85,92,87,88,89,4,91,109,93,62,95,99,97,98,96,100,101,102,37,104,105,43,107,103,151,110,111,112,113,114,115,116,34,118,119,120,121,122,123,90,125,126,127,128,129,130,131,132,133,134,135,136,137,138,139,140,106,142,143,144,145,146,147,148,149,150,78,152,153,154,155,156,157,158,159,160,161,162,163,164,165,166,167,168,169,170,171,172,173,174,175,176,177,178,179,180,181,182,183,184,185,186,187,188,189,190,191,192,193,194,195,196,197,198,199];False
6626;8849;15475;[114,141,11,3,26,108,18,30,25,94,75,1,12,32,14,15,124,9,16,19,61,41,22,23,24,69,5,27,28,56,63,31,29,33,17,35,36,52,60,39,40,49,42,7,44,45,86,47,48,21,50,51,53,13,54,55,6,57,58,59,2,0,77,46,64,10,66,117,68,20,70,71,72,65,74,84,67,81,80,79,38,73,82,83,76,85,92,87,88,89,4,91,109,93,62,95,8,97,98,96,100,101,102,37,104,105,43,107,103,151,110,111,112,113,99,115,116,34,118,119,120,121,122,123,90,125,126,127,128,129,130,131,132,133,134,135,136,137,138,139,140,106,142,143,144,145,146,147,148,149,150,78,152,153,154,155,156,157,158,159,160,161,162,163,164,165,166,167,168,169,170,171,172,173,174,175,176,177,178,179,180,181,182,183,184,185,186,187,188,189,190,191,192,193,194,195,196,197,198,199];False
6551;8897;15448;[115,141,11,3,26,108,18,30,25,94,75,1,12,32,14,15,124,9,16,19,61,41,22,23,24,69,5,27,28,56,63,31,29,33,17,35,36,52,60,39,40,49,42,7,44,45,86,47,48,21,50,51,53,13,54,55,6,57,58,59,2,0,77,46,64,10,66,117,68,20,70,71,72,65,74,84,67,81,80,79,38,73,82,83,76,85,92,87,88,89,4,91,109,93,62,95,8,97,98,96,100,101,102,37,104,105,43,107,103,151,110,111,112,113,114,99,116,34,118,119,120,121,122,123,90,125,126,127,128,129,130,131,132,133,134,135,136,137,138,139,140,106,142,143,144,145,146,147,148,149,150,78,152,153,154,155,156,157,158,159,160,161,162,163,164,165,166,167,168,169,170,171,172,173,174,175,176,177,178,179,180,181,182,183,184,185,186,187,188,189,190,191,192,193,194,195,196,197,198,199];False
6622;8862;15484;[34,141,11,3,26,108,18,30,25,94,75,1,12,32,14,15,124,9,16,19,61,41,22,23,24,69,5,27,28,56,63,31,29,33,17,35,36,52,60,39,40,49,42,7,44,45,86,47,48,21,50,51,53,13,54,55,6,57,58,59,2,0,77,46,64,10,66,117,68,20,70,71,72,65,74,84,67,81,80,79,38,73,82,83,76,85,92,87,88,89,4,91,109,93,62,95,8,97,98,96,100,101,102,37,104,105,43,107,103,151,110,111,112,113,114,115,116,99,118,119,120,121,122,123,90,125,126,127,128,129,130,131,132,133,134,135,136,137,138,139,140,106,142,143,144,145,146,147,148,149,150,78,152,153,154,155,156,157,158,159,160,161,162,163,164,165,166,167,168,169,170,171,172,173,174,175,176,177,178,179,180,181,182,183,184,185,186,187,188,189,190,191,192,193,194,195,196,197,198,199];False
6621;8870;15491;[127,141,11,3,26,108,18,30,25,94,75,1,12,32,14,15,124,9,16,19,61,41,22,23,24,69,5,27,28,56,63,31,29,33,17,35,36,52,60,39,40,49,42,7,44,45,86,47,48,21,50,51,53,13,54,55,6,57,58,59,2,0,77,46,64,10,66,117,68,20,70,71,72,65,74,84,67,81,80,79,38,73,82,83,76,85,92,87,88,89,4,91,109,93,62,95,8,97,98,96,100,101,102,37,104,105,43,107,103,151,110,111,112,113,114,115,116,34,118,119,120,121,122,123,90,125,126,99,128,129,130,131,132,133,134,135,136,137,138,139,140,106,142,143,144,145,146,147,148,149,150,78,152,153,154,155,156,157,158,159,160,161,162,163,164,165,166,167,168,169,170,171,172,173,174,175,176,177,178,179,180,181,182,183,184,185,186,187,188,189,190,191,192,193,194,195,196,197,198,199];False
6580;8875;15455;[106,141,11,3,26,108,18,30,25,94,75,1,12,32,14,15,124,9,16,19,61,41,22,23,24,69,5,27,28,56,63,31,29,33,17,35,36,52,60,39,40,49,42,7,44,45,86,47,48,21,50,51,53,13,54,55,6,57,58,59,2,0,77,46,64,10,66,117,68,20,70,71,72,65,74,84,67,81,80,79,38,73,82,83,76,85,92,87,88,89,4,91,109,93,62,95,8,97,98,96,100,101,102,37,104,105,43,107,103,151,110,111,112,113,114,115,116,34,118,119,120,121,122,123,90,125,126,127,128,129,130,131,132,133,134,135,136,137,138,139,140,99,142,143,144,145,146,147,148,149,150,78,152,153,154,155,156,157,158,159,160,161,162,163,164,165,166,167,168,169,170,171,172,173,174,175,176,177,178,179,180,181,182,183,184,185,186,187,188,189,190,191,192,193,194,195,196,197,198,199];False
6749;8832;15581;[5,141,11,3,26,96,18,30,25,94,75,1,12,32,14,15,124,9,108,19,61,41,22,23,24,69,114,27,28,56,63,31,29,33,17,35,36,52,60,39,40,49,42,7,44,45,86,47,48,21,50,51,53,13,54,55,6,57,58,59,2,0,77,46,64,10,66,117,68,20,70,71,72,65,74,84,67,81,80,79,38,73,82,83,76,85,92,87,88,89,4,91,109,93,62,95,8,97,98,99,100,101,102,37,104,105,43,107,103,151,110,111,112,113,16,115,116,34,118,119,120,121,122,123,90,125,126,127,128,129,130,131,132,133,134,135,136,137,138,139,140,106,142,143,144,145,146,147,148,149,150,78,152,153,154,155,156,157,158,159,160,161,162,163,164,165,166,167,168,169,170,171,172,173,174,175,176,177,178,179,180,181,182,183,184,185,186,187,188,189,190,191,192,193,194,195,196,197,198,199];False
6746;8820;15566;[46,141,11,3,26,96,18,30,25,94,75,1,12,32,14,15,124,9,108,19,61,41,22,23,24,69,5,27,28,56,63,31,29,33,17,35,36,52,60,39,40,49,42,7,44,45,86,47,48,21,50,51,53,13,54,55,6,57,58,59,2,0,77,114,64,10,66,117,68,20,70,71,72,65,74,84,67,81,80,79,38,73,82,83,76,85,92,87,88,89,4,91,109,93,62,95,8,97,98,99,100,101,102,37,104,105,43,107,103,151,110,111,112,113,16,115,116,34,118,119,120,121,122,123,90,125,126,127,128,129,130,131,132,133,134,135,136,137,138,139,140,106,142,143,144,145,146,147,148,149,150,78,152,153,154,155,156,157,158,159,160,161,162,163,164,165,166,167,168,169,170,171,172,173,174,175,176,177,178,179,180,181,182,183,184,185,186,187,188,189,190,191,192,193,194,195,196,197,198,199];False
6692;8832;15524;[99,141,11,3,26,96,18,30,25,94,75,1,12,32,14,15,124,9,108,19,61,41,22,23,24,69,5,27,28,56,63,31,29,33,17,35,36,52,60,39,40,49,42,7,44,45,86,47,48,21,50,51,53,13,54,55,6,57,58,59,2,0,77,46,64,10,66,117,68,20,70,71,72,65,74,84,67,81,80,79,38,73,82,83,76,85,92,87,88,89,4,91,109,93,62,95,8,97,98,114,100,101,102,37,104,105,43,107,103,151,110,111,112,113,16,115,116,34,118,119,120,121,122,123,90,125,126,127,128,129,130,131,132,133,134,135,136,137,138,139,140,106,142,143,144,145,146,147,148,149,150,78,152,153,154,155,156,157,158,159,160,161,162,163,164,165,166,167,168,169,170,171,172,173,174,175,176,177,178,179,180,181,182,183,184,185,186,187,188,189,190,191,192,193,194,195,196,197,198,199];False
6793;8764;15557;[14,141,11,3,26,43,18,30,25,9,4,1,12,32,23,15,124,46,174,19,61,41,22,96,24,69,5,27,99,56,63,31,29,33,17,8,36,95,38,85,40,49,42,7,44,45,60,47,48,21,92,51,53,13,54,55,6,57,58,59,2,0,62,114,64,10,66,117,68,20,70,71,72,65,74,75,67,77,76,28,80,81,39,83,52,37,86,87,88,89,73,91,35,93,94,109,84,97,98,79,100,101,16,142,104,105,106,107,108,102,110,111,112,113,103,115,116,34,118,119,120,121,122,123,90,125,126,78,128,129,130,131,132,133,134,135,136,137,138,139,140,50,82,143,144,145,146,147,148,149,150,151,152,153,154,155,156,157,158,159,160,161,162,163,164,165,166,167,168,169,170,171,172,173,127,175,176,177,178,179,180,181,182,183,184,185,186,187,188,189,190,191,192,193,194,195,196,197,198,199];False
6801;8761;15562;[94,141,11,3,26,43,18,30,25,9,4,1,12,32,14,15,124,46,174,19,61,41,22,96,24,69,5,27,99,56,63,31,29,33,17,8,36,95,38,85,40,49,42,7,44,45,60,47,48,21,92,51,53,13,54,55,6,57,58,59,2,0,62,114,64,10,66,117,68,20,70,71,72,65,74,75,67,77,76,28,80,81,39,83,52,37,86,87,88,89,73,91,35,93,23,109,84,97,98,79,100,101,16,142,104,105,106,107,108,102,110,111,112,113,103,115,116,34,118,119,120,121,122,123,90,125,126,78,128,129,130,131,132,133,134,135,136,137,138,139,140,50,82,143,144,145,146,147,148,149,150,151,152,153,154,155,156,157,158,159,160,161,162,163,164,165,166,167,168,169,170,171,172,173,127,175,176,177,178,179,180,181,182,183,184,185,186,187,188,189,190,191,192,193,194,195,196,197,198,199];False
6788;8733;15521;[84,141,11,3,26,43,18,30,25,9,4,1,12,32,14,15,124,46,174,19,61,41,22,96,24,69,5,27,99,56,63,31,29,33,17,8,36,95,38,85,40,49,42,7,44,45,60,47,48,21,92,51,53,13,54,55,6,57,58,59,2,0,62,114,64,10,66,117,68,20,70,71,72,65,74,75,67,77,76,28,80,81,39,83,52,37,86,87,88,89,73,91,35,93,94,109,23,97,98,79,100,101,16,142,104,105,106,107,108,102,110,111,112,113,103,115,116,34,118,119,120,121,122,123,90,125,126,78,128,129,130,131,132,133,134,135,136,137,138,139,140,50,82,143,144,145,146,147,148,149,150,151,152,153,154,155,156,157,158,159,160,161,162,163,164,165,166,167,168,169,170,171,172,173,127,175,176,177,178,179,180,181,182,183,184,185,186,187,188,189,190,191,192,193,194,195,196,197,198,199];False
6778;8796;15574;[69,141,11,3,26,43,18,30,25,9,4,1,12,32,14,15,124,46,174,19,61,41,22,23,24,77,5,27,99,56,63,31,29,33,17,8,36,95,38,85,40,49,42,7,44,45,60,47,48,21,92,51,53,13,54,55,6,57,58,59,2,0,62,114,64,10,66,117,68,20,70,71,72,65,74,75,67,96,76,28,80,81,39,83,52,37,86,87,88,89,73,91,35,93,94,109,84,97,98,79,100,101,16,142,104,105,106,107,108,102,110,111,112,113,103,115,116,34,118,119,120,121,122,123,90,125,126,78,128,129,130,131,132,133,134,135,136,137,138,139,140,50,82,143,144,145,146,147,148,149,150,151,152,153,154,155,156,157,158,159,160,161,162,163,164,165,166,167,168,169,170,171,172,173,127,175,176,177,178,179,180,181,182,183,184,185,186,187,188,189,190,191,192,193,194,195,196,197,198,199];False
6778;8773;15551;[40,141,11,3,26,43,18,30,25,9,4,1,12,32,14,15,124,46,174,19,61,41,22,23,24,69,5,27,99,56,63,31,29,33,17,8,36,95,38,85,77,49,42,7,44,45,60,47,48,21,92,51,53,13,54,55,6,57,58,59,2,0,62,114,64,10,66,117,68,20,70,71,72,65,74,75,67,96,76,28,80,81,39,83,52,37,86,87,88,89,73,91,35,93,94,109,84,97,98,79,100,101,16,142,104,105,106,107,108,102,110,111,112,113,103,115,116,34,118,119,120,121,122,123,90,125,126,78,128,129,130,131,132,133,134,135,136,137,138,139,140,50,82,143,144,145,146,147,148,149,150,151,152,153,154,155,156,157,158,159,160,161,162,163,164,165,166,167,168,169,170,171,172,173,127,175,176,177,178,179,180,181,182,183,184,185,186,187,188,189,190,191,192,193,194,195,196,197,198,199];False
6775;8758;15533;[60,141,11,3,26,43,18,30,25,9,4,1,12,32,14,15,124,46,174,19,61,41,22,23,24,69,5,27,99,56,63,31,29,33,17,8,36,95,38,85,40,49,42,7,44,45,77,47,48,21,92,51,53,13,54,55,6,57,58,59,2,0,62,114,64,10,66,117,68,20,70,71,72,65,74,75,67,96,76,28,80,81,39,83,52,37,86,87,88,89,73,91,35,93,94,109,84,97,98,79,100,101,16,142,104,105,106,107,108,102,110,111,112,113,103,115,116,34,118,119,120,121,122,123,90,125,126,78,128,129,130,131,132,133,134,135,136,137,138,139,140,50,82,143,144,145,146,147,148,149,150,151,152,153,154,155,156,157,158,159,160,161,162,163,164,165,166,167,168,169,170,171,172,173,127,175,176,177,178,179,180,181,182,183,184,185,186,187,188,189,190,191,192,193,194,195,196,197,198,199];False
6752;8753;15505;[23,141,11,3,26,43,18,30,25,9,4,1,12,32,14,15,124,46,174,19,61,41,22,60,24,69,5,27,99,56,63,31,29,33,17,8,36,95,38,85,40,49,42,7,44,45,100,47,48,21,92,51,53,13,54,55,6,57,58,59,2,0,62,96,64,10,66,117,68,20,70,71,72,65,74,75,67,77,76,28,80,81,39,83,52,37,86,87,88,89,73,91,35,93,94,109,84,97,98,79,114,101,16,142,104,105,106,107,108,102,110,111,112,113,103,115,116,34,118,119,120,121,122,123,90,125,126,78,128,129,130,131,132,133,134,135,136,137,138,139,140,50,82,143,144,145,146,147,148,149,150,151,152,153,154,155,156,157,158,159,160,161,162,163,164,165,166,167,168,169,170,171,172,173,127,175,176,177,178,179,180,181,182,183,184,185,186,187,188,189,190,191,192,193,194,195,196,197,198,199];False
6789;8717;15506;[49,141,11,3,26,43,18,30,25,9,4,1,12,32,14,15,124,46,174,19,61,41,22,23,24,69,5,27,99,56,63,31,29,33,17,8,36,95,38,85,40,60,42,7,44,45,100,47,48,21,92,51,53,13,54,55,6,57,58,59,2,0,62,96,64,10,66,117,68,20,70,71,72,65,74,75,67,77,76,28,80,81,39,83,52,37,86,87,88,89,73,91,35,93,94,109,84,97,98,79,114,101,16,142,104,105,106,107,108,102,110,111,112,113,103,115,116,34,118,119,120,121,122,123,90,125,126,78,128,129,130,131,132,133,134,135,136,137,138,139,140,50,82,143,144,145,146,147,148,149,150,151,152,153,154,155,156,157,158,159,160,161,162,163,164,165,166,167,168,169,170,171,172,173,127,175,176,177,178,179,180,181,182,183,184,185,186,187,188,189,190,191,192,193,194,195,196,197,198,199];False
6957;8695;15652;[20,141,11,3,26,43,18,30,25,9,4,1,12,32,14,15,124,46,174,19,61,41,22,23,24,69,5,27,99,56,63,31,29,33,17,8,36,95,38,85,40,49,42,7,44,45,60,47,48,21,92,51,53,13,54,55,6,57,58,59,2,0,62,96,64,10,66,117,68,37,70,71,72,65,74,75,67,77,76,28,80,81,39,83,52,101,86,87,88,89,73,91,35,93,94,109,84,97,98,79,100,114,16,142,104,105,106,107,108,102,110,111,112,113,103,115,116,34,118,119,120,121,122,123,90,125,126,78,128,129,130,131,132,133,134,135,136,137,138,139,140,50,82,143,144,145,146,147,148,149,150,151,152,153,154,155,156,157,158,159,160,161,162,163,164,165,166,167,168,169,170,171,172,173,127,175,176,177,178,179,180,181,182,183,184,185,186,187,188,189,190,191,192,193,194,195,196,197,198,199];False
6925;8705;15630;[74,141,11,3,26,43,18,30,25,9,4,1,12,32,14,15,124,46,174,19,61,41,22,23,24,69,5,27,99,56,63,31,29,33,17,8,36,95,38,85,40,49,42,7,44,45,60,47,48,21,92,51,53,13,54,55,6,57,58,59,2,0,62,96,64,10,66,117,68,20,70,71,72,65,37,75,67,77,76,28,80,81,39,83,52,101,86,87,88,89,73,91,35,93,94,109,84,97,98,79,100,114,16,142,104,105,106,107,108,102,110,111,112,113,103,115,116,34,118,119,120,121,122,123,90,125,126,78,128,129,130,131,132,133,134,135,136,137,138,139,140,50,82,143,144,145,146,147,148,149,150,151,152,153,154,155,156,157,158,159,160,161,162,163,164,165,166,167,168,169,170,171,172,173,127,175,176,177,178,179,180,181,182,183,184,185,186,187,188,189,190,191,192,193,194,195,196,197,198,199];False
6911;8698;15609;[84,141,11,3,26,43,18,30,25,9,4,1,12,32,14,15,124,46,174,19,61,41,22,23,24,69,5,27,99,56,63,31,29,33,17,8,36,95,38,85,40,49,42,7,44,45,60,47,48,21,92,51,53,13,54,55,6,57,58,59,2,0,62,96,64,10,66,117,68,20,70,71,72,65,74,75,67,77,76,28,80,81,39,83,52,101,86,87,88,89,73,91,35,93,94,109,37,97,98,79,100,114,16,142,104,105,106,107,108,102,110,111,112,113,103,115,116,34,118,119,120,121,122,123,90,125,126,78,128,129,130,131,132,133,134,135,136,137,138,139,140,50,82,143,144,145,146,147,148,149,150,151,152,153,154,155,156,157,158,159,160,161,162,163,164,165,166,167,168,169,170,171,172,173,127,175,176,177,178,179,180,181,182,183,184,185,186,187,188,189,190,191,192,193,194,195,196,197,198,199];False
6954;8690;15644;[103,141,11,3,26,43,18,30,25,9,4,1,12,32,14,15,124,46,174,19,61,41,22,23,24,69,5,27,99,56,63,31,29,33,17,8,36,95,38,85,40,49,42,7,44,45,60,47,48,21,92,51,53,13,54,55,6,57,58,59,2,0,62,96,64,10,66,117,68,20,70,71,72,65,74,75,67,77,76,28,80,81,39,83,52,101,86,87,88,89,73,91,35,93,94,109,84,97,98,79,100,114,16,142,104,105,106,107,108,102,110,111,112,113,37,115,116,34,118,119,120,121,122,123,90,125,126,78,128,129,130,131,132,133,134,135,136,137,138,139,140,50,82,143,144,145,146,147,148,149,150,151,152,153,154,155,156,157,158,159,160,161,162,163,164,165,166,167,168,169,170,171,172,173,127,175,176,177,178,179,180,181,182,183,184,185,186,187,188,189,190,191,192,193,194,195,196,197,198,199];False
6978;8673;15651;[122,141,11,3,26,43,18,30,25,9,4,1,12,32,14,15,124,46,174,19,61,41,22,23,24,69,5,27,99,56,63,31,29,33,17,8,36,95,38,85,40,49,42,7,44,45,60,47,48,21,92,51,53,13,54,55,6,57,58,59,2,0,62,96,64,10,66,117,68,20,70,71,72,65,74,75,67,77,76,28,80,81,39,83,52,101,86,87,88,89,73,91,35,93,94,109,84,97,98,79,100,114,16,142,104,105,106,107,108,102,110,111,112,113,103,115,116,34,118,119,120,121,37,123,90,125,126,78,128,129,130,131,132,133,134,135,136,137,138,139,140,50,82,143,144,145,146,147,148,149,150,151,152,153,154,155,156,157,158,159,160,161,162,163,164,165,166,167,168,169,170,171,172,173,127,175,176,177,178,179,180,181,182,183,184,185,186,187,188,189,190,191,192,193,194,195,196,197,198,199];False
6909;8689;15598;[137,141,11,3,26,43,18,30,25,9,4,1,12,32,14,15,124,46,174,19,61,41,22,23,24,69,5,27,99,56,63,31,29,33,17,8,36,95,38,85,40,49,42,7,44,45,60,47,48,21,92,51,53,13,54,55,6,57,58,59,2,0,62,96,64,10,66,117,68,20,70,71,72,65,74,75,67,77,76,28,80,81,39,83,52,101,86,87,88,89,73,91,35,93,94,109,84,97,98,79,100,114,16,142,104,105,106,107,108,102,110,111,112,113,103,115,116,34,118,119,120,121,122,123,90,125,126,78,128,129,130,131,132,133,134,135,136,37,138,139,140,50,82,143,144,145,146,147,148,149,150,151,152,153,154,155,156,157,158,159,160,161,162,163,164,165,166,167,168,169,170,171,172,173,127,175,176,177,178,179,180,181,182,183,184,185,186,187,188,189,190,191,192,193,194,195,196,197,198,199];False
6774;8744;15518;[139,141,11,3,26,43,18,30,25,9,4,1,12,32,14,15,124,46,174,19,61,41,22,23,24,69,5,27,99,56,63,31,29,33,17,8,36,95,38,85,40,49,42,7,44,45,60,47,48,21,92,51,53,13,54,55,6,57,58,59,2,0,62,96,64,10,66,117,68,20,70,71,72,65,74,75,67,77,76,28,80,81,39,83,52,101,86,87,88,89,73,91,35,93,94,109,84,97,98,79,100,114,16,142,104,105,106,107,108,102,110,111,112,113,103,115,116,34,118,119,120,121,122,123,90,125,126,78,128,129,130,131,132,133,134,135,136,137,138,37,140,50,82,143,144,145,146,147,148,149,150,151,152,153,154,155,156,157,158,159,160,161,162,163,164,165,166,167,168,169,170,171,172,173,127,175,176,177,178,179,180,181,182,183,184,185,186,187,188,189,190,191,192,193,194,195,196,197,198,199];False
6861;8700;15561;[149,141,11,3,26,43,18,30,25,9,4,1,12,32,14,15,124,46,174,19,61,41,22,23,24,69,5,27,99,56,63,31,29,33,17,8,36,95,38,85,40,49,42,7,44,45,60,47,48,21,92,51,53,13,54,55,6,57,58,59,2,0,62,96,64,10,66,117,68,20,70,71,72,65,74,75,67,77,76,28,80,81,39,83,52,101,86,87,88,89,73,91,35,93,94,109,84,97,98,79,100,114,16,142,104,105,106,107,108,102,110,111,112,113,103,115,116,34,118,119,120,121,122,123,90,125,126,78,128,129,130,131,132,133,134,135,136,137,138,139,140,50,82,143,144,145,146,147,148,37,150,151,152,153,154,155,156,157,158,159,160,161,162,163,164,165,166,167,168,169,170,171,172,173,127,175,176,177,178,179,180,181,182,183,184,185,186,187,188,189,190,191,192,193,194,195,196,197,198,199];False
7065;8664;15729;[19,141,11,3,26,43,18,30,25,9,4,1,12,32,14,15,124,46,174,103,61,41,22,23,24,69,5,27,99,56,63,31,29,33,17,8,36,95,38,85,40,49,42,7,44,45,60,47,48,21,92,51,53,13,54,55,6,57,58,59,2,0,62,96,64,10,66,117,68,20,70,71,72,65,74,75,67,77,76,28,80,81,39,83,52,101,86,87,88,89,73,91,35,93,94,109,84,97,98,79,100,114,16,37,104,105,106,107,108,102,110,111,112,113,142,115,116,34,118,119,120,121,122,123,90,125,126,78,128,129,130,131,132,133,134,135,136,137,138,139,140,50,82,143,144,145,146,147,148,149,150,151,152,153,154,155,156,157,158,159,160,161,162,163,164,165,166,167,168,169,170,171,172,173,127,175,176,177,178,179,180,181,182,183,184,185,186,187,188,189,190,191,192,193,194,195,196,197,198,199];False
7007;8672;15679;[73,141,11,3,26,43,18,30,25,9,4,1,12,32,14,15,124,46,174,19,61,41,22,23,24,69,5,27,99,56,63,31,29,33,17,8,36,95,38,85,40,49,42,7,44,45,60,47,48,21,92,51,53,13,54,55,6,57,58,59,2,0,62,96,64,10,66,117,68,20,70,71,72,65,74,75,67,77,76,28,80,81,39,83,52,101,86,87,88,89,103,91,35,93,94,109,84,97,98,79,100,114,16,37,104,105,106,107,108,102,110,111,112,113,142,115,116,34,118,119,120,121,122,123,90,125,126,78,128,129,130,131,132,133,134,135,136,137,138,139,140,50,82,143,144,145,146,147,148,149,150,151,152,153,154,155,156,157,158,159,160,161,162,163,164,165,166,167,168,169,170,171,172,173,127,175,176,177,178,179,180,181,182,183,184,185,186,187,188,189,190,191,192,193,194,195,196,197,198,199];False
6963;8677;15640;[115,141,11,3,26,43,18,30,25,9,4,1,12,32,14,15,124,46,174,19,61,41,22,23,24,69,5,27,99,56,63,31,29,33,17,8,36,95,38,85,40,49,42,7,44,45,60,47,48,21,92,51,53,13,54,55,6,57,58,59,2,0,62,96,64,10,66,117,68,20,70,71,72,65,74,75,67,77,76,28,80,81,39,83,52,101,86,87,88,89,73,91,35,93,94,109,84,97,98,79,100,114,16,37,104,105,106,107,108,102,110,111,112,113,142,103,116,34,118,119,120,121,122,123,90,125,126,78,128,129,130,131,132,133,134,135,136,137,138,139,140,50,82,143,144,145,146,147,148,149,150,151,152,153,154,155,156,157,158,159,160,161,162,163,164,165,166,167,168,169,170,171,172,173,127,175,176,177,178,179,180,181,182,183,184,185,186,187,188,189,190,191,192,193,194,195,196,197,198,199];False
7570;8570;16140;[30,141,11,3,26,43,12,18,25,9,4,1,75,32,14,15,124,46,121,19,61,41,22,23,24,69,5,27,99,56,63,31,29,33,17,8,36,95,38,39,40,158,42,7,44,45,60,47,48,21,92,51,53,13,54,55,6,57,58,59,2,0,62,96,64,10,66,117,68,20,70,71,72,65,74,174,67,77,76,28,80,81,114,83,52,85,86,87,88,89,73,91,35,93,94,37,84,97,98,79,100,101,16,103,104,105,106,107,108,102,110,111,112,113,109,115,116,34,118,119,120,49,122,123,90,125,126,78,128,129,130,131,132,133,134,135,136,137,138,139,140,50,142,143,144,145,146,147,148,149,150,151,152,153,154,155,156,157,82,159,160,161,162,163,164,165,166,167,168,169,170,171,172,173,127,175,176,177,178,179,180,181,182,183,184,185,186,187,188,189,190,191,192,193,194,195,196,197,198,199];False
7793;8565;16358;[22,141,11,3,26,43,12,30,25,9,4,1,75,32,14,15,124,46,121,19,61,41,18,23,24,69,5,27,99,56,63,31,29,33,17,8,36,95,38,39,40,158,42,7,44,45,60,47,48,21,92,51,53,13,54,55,6,57,58,59,2,0,62,96,64,10,66,117,68,20,70,71,72,65,74,174,67,77,76,28,80,81,114,83,52,85,86,87,88,89,73,91,35,93,94,37,84,97,98,79,100,101,16,103,104,105,106,107,108,102,110,111,112,113,109,115,116,34,118,119,120,49,122,123,90,125,126,78,128,129,130,131,132,133,134,135,136,137,138,139,140,50,142,143,144,145,146,147,148,149,150,151,152,153,154,155,156,157,82,159,160,161,162,163,164,165,166,167,168,169,170,171,172,173,127,175,176,177,178,179,180,181,182,183,184,185,186,187,188,189,190,191,192,193,194,195,196,197,198,199];False
7628;8567;16195;[38,141,11,3,26,43,12,30,25,9,4,1,75,32,14,15,124,46,121,19,61,41,22,23,24,69,5,27,99,56,63,31,29,33,17,8,36,95,18,39,40,158,42,7,44,45,60,47,48,21,92,51,53,13,54,55,6,57,58,59,2,0,62,96,64,10,66,117,68,20,70,71,72,65,74,174,67,77,76,28,80,81,114,83,52,85,86,87,88,89,73,91,35,93,94,37,84,97,98,79,100,101,16,103,104,105,106,107,108,102,110,111,112,113,109,115,116,34,118,119,120,49,122,123,90,125,126,78,128,129,130,131,132,133,134,135,136,137,138,139,140,50,142,143,144,145,146,147,148,149,150,151,152,153,154,155,156,157,82,159,160,161,162,163,164,165,166,167,168,169,170,171,172,173,127,175,176,177,178,179,180,181,182,183,184,185,186,187,188,189,190,191,192,193,194,195,196,197,198,199];False
7464;8585;16049;[14,141,11,3,26,43,18,30,25,9,4,1,75,32,23,15,124,46,121,19,61,41,22,12,24,69,5,27,99,56,63,31,29,33,17,8,36,95,38,39,40,158,42,7,44,45,60,47,48,21,92,51,53,13,54,55,6,57,58,59,2,0,62,96,64,10,66,117,68,20,70,71,72,65,74,174,67,77,76,28,80,81,114,83,52,85,86,87,88,89,73,91,35,93,94,37,84,97,98,79,100,101,16,103,104,105,106,107,108,102,110,111,112,113,109,115,116,34,118,119,120,49,122,123,90,125,126,78,128,129,130,131,132,133,134,135,136,137,138,139,140,50,142,143,144,145,146,147,148,149,150,151,152,153,154,155,156,157,82,159,160,161,162,163,164,165,166,167,168,169,170,171,172,173,127,175,176,177,178,179,180,181,182,183,184,185,186,187,188,189,190,191,192,193,194,195,196,197,198,199];False
7489;8570;16059;[19,141,11,3,26,43,18,30,25,9,4,1,75,32,14,15,124,46,121,23,61,41,22,12,24,69,5,27,99,56,63,31,29,33,17,8,36,95,38,39,40,158,42,7,44,45,60,47,48,21,92,51,53,13,54,55,6,57,58,59,2,0,62,96,64,10,66,117,68,20,70,71,72,65,74,174,67,77,76,28,80,81,114,83,52,85,86,87,88,89,73,91,35,93,94,37,84,97,98,79,100,101,16,103,104,105,106,107,108,102,110,111,112,113,109,115,116,34,118,119,120,49,122,123,90,125,126,78,128,129,130,131,132,133,134,135,136,137,138,139,140,50,142,143,144,145,146,147,148,149,150,151,152,153,154,155,156,157,82,159,160,161,162,163,164,165,166,167,168,169,170,171,172,173,127,175,176,177,178,179,180,181,182,183,184,185,186,187,188,189,190,191,192,193,194,195,196,197,198,199];False
7561;8568;16129;[10,141,11,3,26,43,18,30,25,9,4,1,75,32,14,15,124,46,121,19,61,41,22,12,24,69,5,27,99,56,63,31,29,33,17,8,36,95,38,39,40,158,42,7,44,45,60,47,48,21,92,51,53,13,54,55,6,57,58,59,2,0,62,96,64,23,66,117,68,20,70,71,72,65,74,174,67,77,76,28,80,81,114,83,52,85,86,87,88,89,73,91,35,93,94,37,84,97,98,79,100,101,16,103,104,105,106,107,108,102,110,111,112,113,109,115,116,34,118,119,120,49,122,123,90,125,126,78,128,129,130,131,132,133,134,135,136,137,138,139,140,50,142,143,144,145,146,147,148,149,150,151,152,153,154,155,156,157,82,159,160,161,162,163,164,165,166,167,168,169,170,171,172,173,127,175,176,177,178,179,180,181,182,183,184,185,186,187,188,189,190,191,192,193,194,195,196,197,198,199];False
7526;8564;16090;[76,141,11,3,26,43,18,30,25,9,4,1,75,32,14,15,124,46,121,19,61,41,22,12,24,69,5,27,99,56,63,31,29,33,17,8,36,95,38,39,40,158,42,7,44,45,60,47,48,21,92,51,53,13,54,55,6,57,58,59,2,0,62,96,64,10,66,117,68,20,70,71,72,65,74,174,67,77,23,28,80,81,114,83,52,85,86,87,88,89,73,91,35,93,94,37,84,97,98,79,100,101,16,103,104,105,106,107,108,102,110,111,112,113,109,115,116,34,118,119,120,49,122,123,90,125,126,78,128,129,130,131,132,133,134,135,136,137,138,139,140,50,142,143,144,145,146,147,148,149,150,151,152,153,154,155,156,157,82,159,160,161,162,163,164,165,166,167,168,169,170,171,172,173,127,175,176,177,178,179,180,181,182,183,184,185,186,187,188,189,190,191,192,193,194,195,196,197,198,199];False
7547;8558;16105;[86,141,11,3,26,43,18,30,25,9,4,1,75,32,14,15,124,46,121,19,61,41,22,12,24,69,5,27,99,56,63,31,29,33,17,8,36,95,38,39,40,158,42,7,44,45,60,47,48,21,92,51,53,13,54,55,6,57,58,59,2,0,62,96,64,10,66,117,68,20,70,71,72,65,74,174,67,77,76,28,80,81,114,83,52,85,23,87,88,89,73,91,35,93,94,37,84,97,98,79,100,101,16,103,104,105,106,107,108,102,110,111,112,113,109,115,116,34,118,119,120,49,122,123,90,125,126,78,128,129,130,131,132,133,134,135,136,137,138,139,140,50,142,143,144,145,146,147,148,149,150,151,152,153,154,155,156,157,82,159,160,161,162,163,164,165,166,167,168,169,170,171,172,173,127,175,176,177,178,179,180,181,182,183,184,185,186,187,188,189,190,191,192,193,194,195,196,197,198,199];False
7642;8549;16191;[73,141,11,3,26,43,18,30,25,9,4,1,75,32,14,15,124,46,121,19,61,41,22,12,24,69,5,27,99,56,63,31,29,33,17,8,36,95,38,39,40,158,42,7,44,45,60,47,48,21,92,51,53,13,54,55,6,57,58,59,2,0,62,96,64,10,66,117,68,20,70,71,72,65,74,174,67,77,76,28,80,81,114,83,52,85,86,87,88,89,23,91,35,93,94,37,84,97,98,79,100,101,16,103,104,105,106,107,108,102,110,111,112,113,109,115,116,34,118,119,120,49,122,123,90,125,126,78,128,129,130,131,132,133,134,135,136,137,138,139,140,50,142,143,144,145,146,147,148,149,150,151,152,153,154,155,156,157,82,159,160,161,162,163,164,165,166,167,168,169,170,171,172,173,127,175,176,177,178,179,180,181,182,183,184,185,186,187,188,189,190,191,192,193,194,195,196,197,198,199];False
7385;8579;15964;[84,141,11,3,26,43,18,30,25,9,4,1,75,32,14,15,124,46,121,19,61,41,22,12,24,69,5,27,99,56,63,31,29,33,17,8,36,95,38,39,40,158,42,7,44,45,60,47,48,21,92,51,53,13,54,55,6,57,58,59,2,0,62,96,64,10,66,117,68,20,70,71,72,65,74,174,67,77,76,28,80,81,114,83,52,85,86,87,88,89,73,91,35,93,94,37,23,97,98,79,100,101,16,103,104,105,106,107,108,102,110,111,112,113,109,115,116,34,118,119,120,49,122,123,90,125,126,78,128,129,130,131,132,133,134,135,136,137,138,139,140,50,142,143,144,145,146,147,148,149,150,151,152,153,154,155,156,157,82,159,160,161,162,163,164,165,166,167,168,169,170,171,172,173,127,175,176,177,178,179,180,181,182,183,184,185,186,187,188,189,190,191,192,193,194,195,196,197,198,199];False
7376;8583;15959;[14,141,11,3,26,43,86,30,25,9,4,1,12,32,40,15,124,46,174,19,61,41,22,23,24,69,5,27,99,56,63,31,29,33,17,8,36,95,38,39,18,158,42,7,44,45,60,47,48,21,92,51,53,13,54,55,6,57,58,59,2,0,62,96,64,10,121,117,68,20,70,71,72,65,74,75,67,77,76,28,80,81,114,83,52,85,66,87,88,89,73,91,35,93,94,37,84,97,98,79,100,101,16,103,104,105,106,107,108,102,110,111,112,113,109,115,116,34,118,119,120,49,122,123,90,125,126,78,128,129,130,131,132,133,134,135,136,137,138,139,140,50,142,143,144,145,146,147,148,149,150,151,152,153,154,155,156,157,82,159,160,161,162,163,164,165,166,167,168,169,170,171,172,173,127,175,176,177,178,179,180,181,182,183,184,185,186,187,188,189,190,191,192,193,194,195,196,197,198,199];False
7491;8560;16051;[19,141,11,3,26,43,86,30,25,9,4,1,12,32,14,15,124,46,174,40,61,41,22,23,24,69,5,27,99,56,63,31,29,33,17,8,36,95,38,39,18,158,42,7,44,45,60,47,48,21,92,51,53,13,54,55,6,57,58,59,2,0,62,96,64,10,121,117,68,20,70,71,72,65,74,75,67,77,76,28,80,81,114,83,52,85,66,87,88,89,73,91,35,93,94,37,84,97,98,79,100,101,16,103,104,105,106,107,108,102,110,111,112,113,109,115,116,34,118,119,120,49,122,123,90,125,126,78,128,129,130,131,132,133,134,135,136,137,138,139,140,50,142,143,144,145,146,147,148,149,150,151,152,153,154,155,156,157,82,159,160,161,162,163,164,165,166,167,168,169,170,171,172,173,127,175,176,177,178,179,180,181,182,183,184,185,186,187,188,189,190,191,192,193,194,195,196,197,198,199];False
7388;8564;15952;[23,141,11,3,26,43,86,30,25,9,4,1,12,32,14,15,124,46,174,19,61,41,22,40,24,69,5,27,99,56,63,31,29,33,17,8,36,95,38,39,18,158,42,7,44,45,60,47,48,21,92,51,53,13,54,55,6,57,58,59,2,0,62,96,64,10,121,117,68,20,70,71,72,65,74,75,67,77,76,28,80,81,114,83,52,85,66,87,88,89,73,91,35,93,94,37,84,97,98,79,100,101,16,103,104,105,106,107,108,102,110,111,112,113,109,115,116,34,118,119,120,49,122,123,90,125,126,78,128,129,130,131,132,133,134,135,136,137,138,139,140,50,142,143,144,145,146,147,148,149,150,151,152,153,154,155,156,157,82,159,160,161,162,163,164,165,166,167,168,169,170,171,172,173,127,175,176,177,178,179,180,181,182,183,184,185,186,187,188,189,190,191,192,193,194,195,196,197,198,199];False
7291;8585;15876;[66,141,11,3,26,43,86,30,25,9,4,1,12,32,14,15,124,46,174,19,61,41,22,23,24,69,5,27,99,56,63,31,29,33,17,8,36,95,38,39,18,158,42,7,44,45,60,47,48,21,92,51,53,13,54,55,6,57,58,59,2,0,62,96,64,10,121,117,68,20,70,71,72,65,74,75,67,77,76,28,80,81,114,83,52,85,40,87,88,89,73,91,35,93,94,37,84,97,98,79,100,101,16,103,104,105,106,107,108,102,110,111,112,113,109,115,116,34,118,119,120,49,122,123,90,125,126,78,128,129,130,131,132,133,134,135,136,137,138,139,140,50,142,143,144,145,146,147,148,149,150,151,152,153,154,155,156,157,82,159,160,161,162,163,164,165,166,167,168,169,170,171,172,173,127,175,176,177,178,179,180,181,182,183,184,185,186,187,188,189,190,191,192,193,194,195,196,197,198,199];False
7276;8592;15868;[58,141,11,3,26,43,18,30,25,9,4,1,12,32,14,15,124,46,174,19,61,41,22,23,24,69,5,27,99,56,63,31,29,33,17,8,36,95,38,39,40,158,60,7,44,45,86,47,48,21,92,51,53,13,54,55,6,57,42,59,2,0,62,96,64,10,121,117,68,20,70,71,72,65,74,75,67,77,76,28,80,81,114,83,52,85,66,87,88,89,73,91,35,93,94,37,84,97,98,79,100,101,16,103,104,105,106,107,108,102,110,111,112,113,109,115,116,34,118,119,120,49,122,123,90,125,126,78,128,129,130,131,132,133,134,135,136,137,138,139,140,50,142,143,144,145,146,147,148,149,150,151,152,153,154,155,156,157,82,159,160,161,162,163,164,165,166,167,168,169,170,171,172,173,127,175,176,177,178,179,180,181,182,183,184,185,186,187,188,189,190,191,192,193,194,195,196,197,198,199];False
7197;8598;15795;[59,141,11,3,26,43,18,30,25,9,4,1,12,32,14,15,124,46,174,19,61,41,22,23,24,69,5,27,99,56,63,31,29,33,17,8,36,95,38,39,40,158,60,7,44,45,86,47,48,21,92,51,53,13,54,55,6,57,58,42,2,0,62,96,64,10,121,117,68,20,70,71,72,65,74,75,67,77,76,28,80,81,114,83,52,85,66,87,88,89,73,91,35,93,94,37,84,97,98,79,100,101,16,103,104,105,106,107,108,102,110,111,112,113,109,115,116,34,118,119,120,49,122,123,90,125,126,78,128,129,130,131,132,133,134,135,136,137,138,139,140,50,142,143,144,145,146,147,148,149,150,151,152,153,154,155,156,157,82,159,160,161,162,163,164,165,166,167,168,169,170,171,172,173,127,175,176,177,178,179,180,181,182,183,184,185,186,187,188,189,190,191,192,193,194,195,196,197,198,199];False
7259;8594;15853;[114,141,11,3,26,43,18,30,25,9,4,1,12,32,14,15,124,46,174,19,61,41,22,23,24,69,5,27,99,56,63,31,29,33,17,8,36,95,38,39,40,158,42,7,44,45,86,47,48,21,92,51,53,13,54,55,6,57,60,59,2,0,62,96,64,10,121,117,68,20,70,71,72,65,74,75,67,77,76,28,80,81,58,83,52,85,66,87,88,89,73,91,35,93,94,37,84,97,98,79,100,101,16,103,104,105,106,107,108,102,110,111,112,113,109,115,116,34,118,119,120,49,122,123,90,125,126,78,128,129,130,131,132,133,134,135,136,137,138,139,140,50,142,143,144,145,146,147,148,149,150,151,152,153,154,155,156,157,82,159,160,161,162,163,164,165,166,167,168,169,170,171,172,173,127,175,176,177,178,179,180,181,182,183,184,185,186,187,188,189,190,191,192,193,194,195,196,197,198,199];False
7194;8600;15794;[97,141,11,3,26,43,18,30,25,9,4,1,12,32,14,15,124,46,174,19,61,41,22,23,24,69,5,27,99,56,63,31,29,33,17,8,36,95,38,39,40,158,42,7,44,45,86,47,48,21,92,51,53,13,54,55,6,57,60,59,2,0,62,96,64,10,121,117,68,20,70,71,72,65,74,75,67,77,76,28,80,81,114,83,52,85,66,87,88,89,73,91,35,93,94,37,84,58,98,79,100,101,16,103,104,105,106,107,108,102,110,111,112,113,109,115,116,34,118,119,120,49,122,123,90,125,126,78,128,129,130,131,132,133,134,135,136,137,138,139,140,50,142,143,144,145,146,147,148,149,150,151,152,153,154,155,156,157,82,159,160,161,162,163,164,165,166,167,168,169,170,171,172,173,127,175,176,177,178,179,180,181,182,183,184,185,186,187,188,189,190,191,192,193,194,195,196,197,198,199];False
7177;8588;15765;[98,141,11,3,26,43,18,30,25,9,4,1,12,32,14,15,124,46,174,19,61,41,22,23,24,69,5,27,99,56,63,31,29,33,17,8,36,95,38,39,40,158,42,7,44,45,86,47,48,21,92,51,53,13,54,55,6,57,60,59,2,0,62,96,64,10,121,117,68,20,70,71,72,65,74,75,67,77,76,28,80,81,114,83,52,85,66,87,88,89,73,91,35,93,94,37,84,97,58,79,100,101,16,103,104,105,106,107,108,102,110,111,112,113,109,115,116,34,118,119,120,49,122,123,90,125,126,78,128,129,130,131,132,133,134,135,136,137,138,139,140,50,142,143,144,145,146,147,148,149,150,151,152,153,154,155,156,157,82,159,160,161,162,163,164,165,166,167,168,169,170,171,172,173,127,175,176,177,178,179,180,181,182,183,184,185,186,187,188,189,190,191,192,193,194,195,196,197,198,199];False
7149;8611;15760;[19,141,11,3,26,43,18,30,25,9,4,1,12,32,14,15,124,46,174,77,61,41,22,23,24,69,5,27,99,56,63,31,29,33,17,8,36,95,38,39,40,158,42,7,44,45,86,47,48,21,92,51,53,13,54,55,6,57,58,59,2,0,62,96,64,10,121,117,68,20,70,71,72,65,74,75,67,60,76,28,80,81,114,83,52,85,66,87,88,89,73,91,35,93,94,37,84,97,98,79,100,101,16,103,104,105,106,107,108,102,110,111,112,113,109,115,116,34,118,119,120,49,122,123,90,125,126,78,128,129,130,131,132,133,134,135,136,137,138,139,140,50,142,143,144,145,146,147,148,149,150,151,152,153,154,155,156,157,82,159,160,161,162,163,164,165,166,167,168,169,170,171,172,173,127,175,176,177,178,179,180,181,182,183,184,185,186,187,188,189,190,191,192,193,194,195,196,197,198,199];False
7090;8617;15707;[40,141,11,3,26,43,18,30,25,9,4,1,12,32,14,15,124,46,174,19,61,41,22,23,24,69,5,27,99,56,63,31,29,33,17,8,36,95,38,39,77,158,42,7,44,45,86,47,48,21,92,51,53,13,54,55,6,57,58,59,2,0,62,96,64,10,121,117,68,20,70,71,72,65,74,75,67,60,76,28,80,81,114,83,52,85,66,87,88,89,73,91,35,93,94,37,84,97,98,79,100,101,16,103,104,105,106,107,108,102,110,111,112,113,109,115,116,34,118,119,120,49,122,123,90,125,126,78,128,129,130,131,132,133,134,135,136,137,138,139,140,50,142,143,144,145,146,147,148,149,150,151,152,153,154,155,156,157,82,159,160,161,162,163,164,165,166,167,168,169,170,171,172,173,127,175,176,177,178,179,180,181,182,183,184,185,186,187,188,189,190,191,192,193,194,195,196,197,198,199];False
7161;8608;15769;[5,141,11,3,26,43,18,30,25,9,4,1,12,32,14,15,124,46,174,19,61,41,22,23,24,69,76,27,99,56,63,31,29,33,17,8,36,95,38,39,40,158,42,7,44,45,86,47,48,21,92,51,53,13,54,55,6,57,58,59,2,0,62,96,64,10,121,117,68,20,70,71,72,65,74,75,67,77,60,28,80,81,114,83,52,85,66,87,88,89,73,91,35,93,94,37,84,97,98,79,100,101,16,103,104,105,106,107,108,102,110,111,112,113,109,115,116,34,118,119,120,49,122,123,90,125,126,78,128,129,130,131,132,133,134,135,136,137,138,139,140,50,142,143,144,145,146,147,148,149,150,151,152,153,154,155,156,157,82,159,160,161,162,163,164,165,166,167,168,169,170,171,172,173,127,175,176,177,178,179,180,181,182,183,184,185,186,187,188,189,190,191,192,193,194,195,196,197,198,199];False
6313;9097;15410;[96,52,11,3,26,103,18,30,25,94,75,1,12,32,14,15,124,9,16,19,131,41,22,23,24,69,5,27,28,56,63,31,29,33,17,35,74,37,60,39,40,49,42,7,44,45,86,47,48,21,50,51,53,13,54,55,6,57,58,59,2,0,77,46,64,10,66,117,68,20,70,71,72,65,8,84,67,81,80,79,38,73,82,83,76,85,92,87,88,89,4,91,109,93,62,95,115,97,98,99,100,101,102,61,104,105,43,107,108,151,110,111,112,113,114,121,116,34,118,119,120,106,122,123,90,125,126,127,128,129,130,36,132,133,134,135,136,137,138,139,140,141,142,143,144,145,146,147,148,149,150,78,152,153,154,155,156,157,158,159,160,161,162,163,164,165,166,167,168,169,170,171,172,173,174,175,176,177,178,179,180,181,182,183,184,185,186,187,188,189,190,191,192,193,194,195,196,197,198,199];False
6323;9066;15389;[14,52,11,3,26,96,18,30,25,94,75,1,12,32,103,15,124,9,16,19,131,41,22,23,24,69,5,27,28,56,63,31,29,33,17,35,74,37,60,39,40,49,42,7,44,45,86,47,48,21,50,51,53,13,54,55,6,57,58,59,2,0,77,46,64,10,66,117,68,20,70,71,72,65,8,84,67,81,80,79,38,73,82,83,76,85,92,87,88,89,4,91,109,93,62,95,115,97,98,99,100,101,102,61,104,105,43,107,108,151,110,111,112,113,114,121,116,34,118,119,120,106,122,123,90,125,126,127,128,129,130,36,132,133,134,135,136,137,138,139,140,141,142,143,144,145,146,147,148,149,150,78,152,153,154,155,156,157,158,159,160,161,162,163,164,165,166,167,168,169,170,171,172,173,174,175,176,177,178,179,180,181,182,183,184,185,186,187,188,189,190,191,192,193,194,195,196,197,198,199];False
6520;8922;15442;[3,141,11,52,26,96,18,30,25,94,75,1,12,32,14,15,124,9,16,19,61,41,22,23,24,69,5,27,28,56,63,31,29,33,17,35,36,37,60,39,40,49,42,7,44,45,86,47,48,21,50,51,53,13,54,55,6,57,58,59,2,0,77,46,64,10,66,117,68,20,70,71,72,65,8,84,67,81,80,79,38,73,82,83,76,85,122,87,88,89,4,91,109,93,62,95,115,97,98,99,100,101,102,103,104,105,43,107,108,151,110,111,112,113,114,121,116,34,118,119,120,106,74,123,90,125,126,127,128,129,130,131,132,133,134,135,136,137,138,139,140,92,142,143,144,145,146,147,148,149,150,78,152,153,154,155,156,157,158,159,160,161,162,163,164,165,166,167,168,169,170,171,172,173,174,175,176,177,178,179,180,181,182,183,184,185,186,187,188,189,190,191,192,193,194,195,196,197,198,199];False
6442;8932;15374;[23,141,11,3,26,96,18,30,25,94,75,1,12,32,14,15,124,9,16,19,61,41,22,52,24,69,5,27,28,56,63,31,29,33,17,35,36,37,60,39,40,49,42,7,44,45,86,47,48,21,50,51,53,13,54,55,6,57,58,59,2,0,77,46,64,10,66,117,68,20,70,71,72,65,8,84,67,81,80,79,38,73,82,83,76,85,122,87,88,89,4,91,109,93,62,95,115,97,98,99,100,101,102,103,104,105,43,107,108,151,110,111,112,113,114,121,116,34,118,119,120,106,74,123,90,125,126,127,128,129,130,131,132,133,134,135,136,137,138,139,140,92,142,143,144,145,146,147,148,149,150,78,152,153,154,155,156,157,158,159,160,161,162,163,164,165,166,167,168,169,170,171,172,173,174,175,176,177,178,179,180,181,182,183,184,185,186,187,188,189,190,191,192,193,194,195,196,197,198,199];False
6390;8920;15310;[37,141,11,3,26,96,18,30,25,94,75,1,12,32,14,15,124,9,16,19,61,41,22,23,24,69,5,27,28,56,63,31,29,33,17,35,36,52,60,39,40,49,42,7,44,45,86,47,48,21,50,51,53,13,54,55,6,57,58,59,2,0,77,46,64,10,66,117,68,20,70,71,72,65,8,84,67,81,80,79,38,73,82,83,76,85,122,87,88,89,4,91,109,93,62,95,115,97,98,99,100,101,102,103,104,105,43,107,108,151,110,111,112,113,114,121,116,34,118,119,120,106,74,123,90,125,126,127,128,129,130,131,132,133,134,135,136,137,138,139,140,92,142,143,144,145,146,147,148,149,150,78,152,153,154,155,156,157,158,159,160,161,162,163,164,165,166,167,168,169,170,171,172,173,174,175,176,177,178,179,180,181,182,183,184,185,186,187,188,189,190,191,192,193,194,195,196,197,198,199];False
6612;8869;15481;[14,141,11,3,26,108,18,30,25,94,75,1,12,32,114,15,124,9,16,19,61,41,22,23,24,69,5,27,28,56,63,31,29,33,17,35,36,52,60,39,40,49,42,7,44,45,86,47,48,21,50,51,53,13,54,55,6,57,58,59,2,0,77,46,64,10,66,117,68,20,70,71,72,65,74,84,67,81,80,79,38,73,82,83,76,85,92,87,88,89,4,91,109,93,62,95,8,97,98,96,100,101,102,37,104,105,43,107,103,151,110,111,112,113,99,115,116,34,118,119,120,121,122,123,90,125,126,127,128,129,130,131,132,133,134,135,136,137,138,139,140,106,142,143,144,145,146,147,148,149,150,78,152,153,154,155,156,157,158,159,160,161,162,163,164,165,166,167,168,169,170,171,172,173,174,175,176,177,178,179,180,181,182,183,184,185,186,187,188,189,190,191,192,193,194,195,196,197,198,199];False
6588;8868;15456;[16,141,11,3,26,108,18,30,25,94,75,1,12,32,14,15,124,9,114,19,61,41,22,23,24,69,5,27,28,56,63,31,29,33,17,35,36,52,60,39,40,49,42,7,44,45,86,47,48,21,50,51,53,13,54,55,6,57,58,59,2,0,77,46,64,10,66,117,68,20,70,71,72,65,74,84,67,81,80,79,38,73,82,83,76,85,92,87,88,89,4,91,109,93,62,95,8,97,98,96,100,101,102,37,104,105,43,107,103,151,110,111,112,113,99,115,116,34,118,119,120,121,122,123,90,125,126,127,128,129,130,131,132,133,134,135,136,137,138,139,140,106,142,143,144,145,146,147,148,149,150,78,152,153,154,155,156,157,158,159,160,161,162,163,164,165,166,167,168,169,170,171,172,173,174,175,176,177,178,179,180,181,182,183,184,185,186,187,188,189,190,191,192,193,194,195,196,197,198,199];False
6602;8859;15461;[19,141,11,3,26,108,18,30,25,94,75,1,12,32,14,15,124,9,16,114,61,41,22,23,24,69,5,27,28,56,63,31,29,33,17,35,36,52,60,39,40,49,42,7,44,45,86,47,48,21,50,51,53,13,54,55,6,57,58,59,2,0,77,46,64,10,66,117,68,20,70,71,72,65,74,84,67,81,80,79,38,73,82,83,76,85,92,87,88,89,4,91,109,93,62,95,8,97,98,96,100,101,102,37,104,105,43,107,103,151,110,111,112,113,99,115,116,34,118,119,120,121,122,123,90,125,126,127,128,129,130,131,132,133,134,135,136,137,138,139,140,106,142,143,144,145,146,147,148,149,150,78,152,153,154,155,156,157,158,159,160,161,162,163,164,165,166,167,168,169,170,171,172,173,174,175,176,177,178,179,180,181,182,183,184,185,186,187,188,189,190,191,192,193,194,195,196,197,198,199];False
6676;8838;15514;[5,141,11,3,26,108,18,30,25,94,75,1,12,32,14,15,124,9,16,19,61,41,22,23,24,69,114,27,28,56,63,31,29,33,17,35,36,52,60,39,40,49,42,7,44,45,86,47,48,21,50,51,53,13,54,55,6,57,58,59,2,0,77,46,64,10,66,117,68,20,70,71,72,65,74,84,67,81,80,79,38,73,82,83,76,85,92,87,88,89,4,91,109,93,62,95,8,97,98,96,100,101,102,37,104,105,43,107,103,151,110,111,112,113,99,115,116,34,118,119,120,121,122,123,90,125,126,127,128,129,130,131,132,133,134,135,136,137,138,139,140,106,142,143,144,145,146,147,148,149,150,78,152,153,154,155,156,157,158,159,160,161,162,163,164,165,166,167,168,169,170,171,172,173,174,175,176,177,178,179,180,181,182,183,184,185,186,187,188,189,190,191,192,193,194,195,196,197,198,199];False
6673;8826;15499;[46,141,11,3,26,108,18,30,25,94,75,1,12,32,14,15,124,9,16,19,61,41,22,23,24,69,5,27,28,56,63,31,29,33,17,35,36,52,60,39,40,49,42,7,44,45,86,47,48,21,50,51,53,13,54,55,6,57,58,59,2,0,77,114,64,10,66,117,68,20,70,71,72,65,74,84,67,81,80,79,38,73,82,83,76,85,92,87,88,89,4,91,109,93,62,95,8,97,98,96,100,101,102,37,104,105,43,107,103,151,110,111,112,113,99,115,116,34,118,119,120,121,122,123,90,125,126,127,128,129,130,131,132,133,134,135,136,137,138,139,140,106,142,143,144,145,146,147,148,149,150,78,152,153,154,155,156,157,158,159,160,161,162,163,164,165,166,167,168,169,170,171,172,173,174,175,176,177,178,179,180,181,182,183,184,185,186,187,188,189,190,191,192,193,194,195,196,197,198,199];False
6656;8834;15490;[100,141,11,3,26,108,18,30,25,94,75,1,12,32,14,15,124,9,16,19,61,41,22,23,24,69,5,27,28,56,63,31,29,33,17,35,36,52,60,39,40,49,42,7,44,45,86,47,48,21,50,51,53,13,54,55,6,57,58,59,2,0,77,46,64,10,66,117,68,20,70,71,72,65,74,84,67,81,80,79,38,73,82,83,76,85,92,87,88,89,4,91,109,93,62,95,8,97,98,96,114,101,102,37,104,105,43,107,103,151,110,111,112,113,99,115,116,34,118,119,120,121,122,123,90,125,126,127,128,129,130,131,132,133,134,135,136,137,138,139,140,106,142,143,144,145,146,147,148,149,150,78,152,153,154,155,156,157,158,159,160,161,162,163,164,165,166,167,168,169,170,171,172,173,174,175,176,177,178,179,180,181,182,183,184,185,186,187,188,189,190,191,192,193,194,195,196,197,198,199];False
6723;8825;15548;[102,141,11,3,26,108,18,30,25,94,75,1,12,32,14,15,124,9,16,19,61,41,22,23,24,69,5,27,28,56,63,31,29,33,17,35,36,52,60,39,40,49,42,7,44,45,86,47,48,21,50,51,53,13,54,55,6,57,58,59,2,0,77,46,64,10,66,117,68,20,70,71,72,65,74,84,67,81,80,79,38,73,82,83,76,85,92,87,88,89,4,91,109,93,62,95,8,97,98,96,100,101,114,37,104,105,43,107,103,151,110,111,112,113,99,115,116,34,118,119,120,121,122,123,90,125,126,127,128,129,130,131,132,133,134,135,136,137,138,139,140,106,142,143,144,145,146,147,148,149,150,78,152,153,154,155,156,157,158,159,160,161,162,163,164,165,166,167,168,169,170,171,172,173,174,175,176,177,178,179,180,181,182,183,184,185,186,187,188,189,190,191,192,193,194,195,196,197,198,199];False
6614;8850;15464;[37,141,11,3,26,108,18,30,25,94,75,1,12,32,14,15,124,9,16,19,61,41,22,23,24,69,5,27,28,56,63,31,29,33,17,35,36,52,60,39,40,49,42,7,44,45,86,47,48,21,50,51,53,13,54,55,6,57,58,59,2,0,77,46,64,10,66,117,68,20,70,71,72,65,74,84,67,81,80,79,38,73,82,83,76,85,92,87,88,89,4,91,109,93,62,95,8,97,98,96,100,101,102,114,104,105,43,107,103,151,110,111,112,113,99,115,116,34,118,119,120,121,122,123,90,125,126,127,128,129,130,131,132,133,134,135,136,137,138,139,140,106,142,143,144,145,146,147,148,149,150,78,152,153,154,155,156,157,158,159,160,161,162,163,164,165,166,167,168,169,170,171,172,173,174,175,176,177,178,179,180,181,182,183,184,185,186,187,188,189,190,191,192,193,194,195,196,197,198,199];False
6611;8839;15450;[111,141,11,3,26,108,18,30,25,94,75,1,12,32,14,15,124,9,16,19,61,41,22,23,24,69,5,27,28,56,63,31,29,33,17,35,36,52,60,39,40,49,42,7,44,45,86,47,48,21,50,51,53,13,54,55,6,57,58,59,2,0,77,46,64,10,66,117,68,20,70,71,72,65,74,84,67,81,80,79,38,73,82,83,76,85,92,87,88,89,4,91,109,93,62,95,8,97,98,96,100,101,102,37,104,105,43,107,103,151,110,114,112,113,99,115,116,34,118,119,120,121,122,123,90,125,126,127,128,129,130,131,132,133,134,135,136,137,138,139,140,106,142,143,144,145,146,147,148,149,150,78,152,153,154,155,156,157,158,159,160,161,162,163,164,165,166,167,168,169,170,171,172,173,174,175,176,177,178,179,180,181,182,183,184,185,186,187,188,189,190,191,192,193,194,195,196,197,198,199];False
6502;8903;15405;[8,141,11,3,26,108,18,30,25,94,75,1,12,32,14,15,124,9,16,19,61,41,22,23,24,69,5,27,28,56,63,31,29,33,17,35,36,52,60,39,40,49,42,7,44,45,86,47,48,21,50,51,53,13,54,55,6,57,58,59,2,0,77,46,64,10,66,117,68,20,70,71,72,65,74,84,67,81,80,79,38,73,82,83,76,85,92,87,88,89,4,91,109,93,62,95,115,97,98,96,100,101,102,37,104,105,43,107,103,151,110,111,112,113,114,99,116,34,118,119,120,121,122,123,90,125,126,127,128,129,130,131,132,133,134,135,136,137,138,139,140,106,142,143,144,145,146,147,148,149,150,78,152,153,154,155,156,157,158,159,160,161,162,163,164,165,166,167,168,169,170,171,172,173,174,175,176,177,178,179,180,181,182,183,184,185,186,187,188,189,190,191,192,193,194,195,196,197,198,199];False
6554;8895;15449;[103,141,11,3,26,108,18,30,25,94,75,1,12,32,14,15,124,9,16,19,61,41,22,23,24,69,5,27,28,56,63,31,29,33,17,35,36,52,60,39,40,49,42,7,44,45,86,47,48,21,50,51,53,13,54,55,6,57,58,59,2,0,77,46,64,10,66,117,68,20,70,71,72,65,74,84,67,81,80,79,38,73,82,83,76,85,92,87,88,89,4,91,109,93,62,95,8,97,98,96,100,101,102,37,104,105,43,107,115,151,110,111,112,113,114,99,116,34,118,119,120,121,122,123,90,125,126,127,128,129,130,131,132,133,134,135,136,137,138,139,140,106,142,143,144,145,146,147,148,149,150,78,152,153,154,155,156,157,158,159,160,161,162,163,164,165,166,167,168,169,170,171,172,173,174,175,176,177,178,179,180,181,182,183,184,185,186,187,188,189,190,191,192,193,194,195,196,197,198,199];False
6546;8890;15436;[114,141,11,3,26,108,18,30,25,94,75,1,12,32,14,15,124,9,16,19,61,41,22,23,24,69,5,27,28,56,63,31,29,33,17,35,36,52,60,39,40,49,42,7,44,45,86,47,48,21,50,51,53,13,54,55,6,57,58,59,2,0,77,46,64,10,66,117,68,20,70,71,72,65,74,84,67,81,80,79,38,73,82,83,76,85,92,87,88,89,4,91,109,93,62,95,8,97,98,96,100,101,102,37,104,105,43,107,103,151,110,111,112,113,115,99,116,34,118,119,120,121,122,123,90,125,126,127,128,129,130,131,132,133,134,135,136,137,138,139,140,106,142,143,144,145,146,147,148,149,150,78,152,153,154,155,156,157,158,159,160,161,162,163,164,165,166,167,168,169,170,171,172,173,174,175,176,177,178,179,180,181,182,183,184,185,186,187,188,189,190,191,192,193,194,195,196,197,198,199];False
6603;8841;15444;[64,141,11,3,26,108,18,30,25,94,75,1,12,32,14,15,124,9,16,19,61,41,22,23,24,69,5,27,28,56,63,31,29,33,17,35,36,52,60,39,40,49,42,7,44,45,86,47,48,21,50,51,53,13,54,55,6,57,58,59,2,0,77,46,106,10,66,117,68,20,70,71,72,65,74,84,67,81,80,79,38,73,82,83,76,85,92,87,88,89,4,91,109,93,62,95,8,97,98,96,100,101,102,37,104,105,43,107,103,151,110,111,112,113,114,115,116,34,118,119,120,121,122,123,90,125,126,127,128,129,130,131,132,133,134,135,136,137,138,139,140,99,142,143,144,145,146,147,148,149,150,78,152,153,154,155,156,157,158,159,160,161,162,163,164,165,166,167,168,169,170,171,172,173,174,175,176,177,178,179,180,181,182,183,184,185,186,187,188,189,190,191,192,193,194,195,196,197,198,199];False
6596;8859;15455;[20,141,11,3,26,108,18,30,25,94,75,1,12,32,14,15,124,9,16,19,61,41,22,23,24,69,5,27,28,56,63,31,29,33,17,35,36,52,60,39,40,49,42,7,44,45,86,47,48,21,50,51,53,13,54,55,6,57,58,59,2,0,77,46,64,10,66,117,68,106,70,71,72,65,74,84,67,81,80,79,38,73,82,83,76,85,92,87,88,89,4,91,109,93,62,95,8,97,98,96,100,101,102,37,104,105,43,107,103,151,110,111,112,113,114,115,116,34,118,119,120,121,122,123,90,125,126,127,128,129,130,131,132,133,134,135,136,137,138,139,140,99,142,143,144,145,146,147,148,149,150,78,152,153,154,155,156,157,158,159,160,161,162,163,164,165,166,167,168,169,170,171,172,173,174,175,176,177,178,179,180,181,182,183,184,185,186,187,188,189,190,191,192,193,194,195,196,197,198,199];False
6559;8880;15439;[72,141,11,3,26,108,18,30,25,94,75,1,12,32,14,15,124,9,16,19,61,41,22,23,24,69,5,27,28,56,63,31,29,33,17,35,36,52,60,39,40,49,42,7,44,45,86,47,48,21,50,51,53,13,54,55,6,57,58,59,2,0,77,46,64,10,66,117,68,20,70,71,106,65,74,84,67,81,80,79,38,73,82,83,76,85,92,87,88,89,4,91,109,93,62,95,8,97,98,96,100,101,102,37,104,105,43,107,103,151,110,111,112,113,114,115,116,34,118,119,120,121,122,123,90,125,126,127,128,129,130,131,132,133,134,135,136,137,138,139,140,99,142,143,144,145,146,147,148,149,150,78,152,153,154,155,156,157,158,159,160,161,162,163,164,165,166,167,168,169,170,171,172,173,174,175,176,177,178,179,180,181,182,183,184,185,186,187,188,189,190,191,192,193,194,195,196,197,198,199];False
6547;8854;15401;[114,141,11,3,26,108,18,30,25,94,75,1,12,32,14,15,124,9,16,19,61,41,22,23,24,69,5,27,28,56,63,31,29,33,17,35,36,52,60,39,40,49,42,7,44,45,86,47,48,21,50,51,53,13,54,55,6,57,58,59,2,0,77,46,64,10,66,117,68,20,70,71,72,65,74,84,67,81,80,79,38,73,82,83,76,85,92,87,88,89,4,91,109,93,62,95,8,97,98,96,100,101,102,37,104,105,43,107,103,151,110,111,112,113,106,115,116,34,118,119,120,121,122,123,90,125,126,127,128,129,130,131,132,133,134,135,136,137,138,139,140,99,142,143,144,145,146,147,148,149,150,78,152,153,154,155,156,157,158,159,160,161,162,163,164,165,166,167,168,169,170,171,172,173,174,175,176,177,178,179,180,181,182,183,184,185,186,187,188,189,190,191,192,193,194,195,196,197,198,199];False
6728;8805;15533;[23,141,11,3,26,96,18,30,25,94,75,1,12,32,14,15,124,9,108,19,61,41,22,46,24,69,5,27,28,56,63,31,29,33,17,35,36,52,60,39,40,49,42,7,44,45,86,47,48,21,50,51,53,13,54,55,6,57,58,59,2,0,77,114,64,10,66,117,68,20,70,71,72,65,74,84,67,81,80,79,38,73,82,83,76,85,92,87,88,89,4,91,109,93,62,95,8,97,98,99,100,101,102,37,104,105,43,107,103,151,110,111,112,113,16,115,116,34,118,119,120,121,122,123,90,125,126,127,128,129,130,131,132,133,134,135,136,137,138,139,140,106,142,143,144,145,146,147,148,149,150,78,152,153,154,155,156,157,158,159,160,161,162,163,164,165,166,167,168,169,170,171,172,173,174,175,176,177,178,179,180,181,182,183,184,185,186,187,188,189,190,191,192,193,194,195,196,197,198,199];False
6746;8765;15511;[14,141,11,3,26,43,18,30,25,9,4,1,12,32,84,15,124,46,174,19,61,41,22,96,24,69,5,27,99,56,63,31,29,33,17,8,36,95,38,85,40,49,42,7,44,45,60,47,48,21,92,51,53,13,54,55,6,57,58,59,2,0,62,114,64,10,66,117,68,20,70,71,72,65,74,75,67,77,76,28,80,81,39,83,52,37,86,87,88,89,73,91,35,93,94,109,23,97,98,79,100,101,16,142,104,105,106,107,108,102,110,111,112,113,103,115,116,34,118,119,120,121,122,123,90,125,126,78,128,129,130,131,132,133,134,135,136,137,138,139,140,50,82,143,144,145,146,147,148,149,150,151,152,153,154,155,156,157,158,159,160,161,162,163,164,165,166,167,168,169,170,171,172,173,127,175,176,177,178,179,180,181,182,183,184,185,186,187,188,189,190,191,192,193,194,195,196,197,198,199];False
6748;8751;15499;[77,141,11,3,26,43,18,30,25,9,4,1,12,32,14,15,124,46,174,19,61,41,22,96,24,69,5,27,99,56,63,31,29,33,17,8,36,95,38,85,40,49,42,7,44,45,60,47,48,21,92,51,53,13,54,55,6,57,58,59,2,0,62,114,64,10,66,117,68,20,70,71,72,65,74,75,67,84,76,28,80,81,39,83,52,37,86,87,88,89,73,91,35,93,94,109,23,97,98,79,100,101,16,142,104,105,106,107,108,102,110,111,112,113,103,115,116,34,118,119,120,121,122,123,90,125,126,78,128,129,130,131,132,133,134,135,136,137,138,139,140,50,82,143,144,145,146,147,148,149,150,151,152,153,154,155,156,157,158,159,160,161,162,163,164,165,166,167,168,169,170,171,172,173,127,175,176,177,178,179,180,181,182,183,184,185,186,187,188,189,190,191,192,193,194,195,196,197,198,199];False
6724;8749;15473;[88,141,11,3,26,43,18,30,25,9,4,1,12,32,14,15,124,46,174,19,61,41,22,96,24,69,5,27,99,56,63,31,29,33,17,8,36,95,38,85,40,49,42,7,44,45,60,47,48,21,92,51,53,13,54,55,6,57,58,59,2,0,62,114,64,10,66,117,68,20,70,71,72,65,74,75,67,77,76,28,80,81,39,83,52,37,86,87,84,89,73,91,35,93,94,109,23,97,98,79,100,101,16,142,104,105,106,107,108,102,110,111,112,113,103,115,116,34,118,119,120,121,122,123,90,125,126,78,128,129,130,131,132,133,134,135,136,137,138,139,140,50,82,143,144,145,146,147,148,149,150,151,152,153,154,155,156,157,158,159,160,161,162,163,164,165,166,167,168,169,170,171,172,173,127,175,176,177,178,179,180,181,182,183,184,185,186,187,188,189,190,191,192,193,194,195,196,197,198,199];False
6741;8730;15471;[79,141,11,3,26,43,18,30,25,9,4,1,12,32,14,15,124,46,174,19,61,41,22,96,24,69,5,27,99,56,63,31,29,33,17,8,36,95,38,85,40,49,42,7,44,45,60,47,48,21,92,51,53,13,54,55,6,57,58,59,2,0,62,114,64,10,66,117,68,20,70,71,72,65,74,75,67,77,76,28,80,81,39,83,52,37,86,87,88,89,73,91,35,93,94,109,23,97,98,84,100,101,16,142,104,105,106,107,108,102,110,111,112,113,103,115,116,34,118,119,120,121,122,123,90,125,126,78,128,129,130,131,132,133,134,135,136,137,138,139,140,50,82,143,144,145,146,147,148,149,150,151,152,153,154,155,156,157,158,159,160,161,162,163,164,165,166,167,168,169,170,171,172,173,127,175,176,177,178,179,180,181,182,183,184,185,186,187,188,189,190,191,192,193,194,195,196,197,198,199];False
6720;8770;15490;[96,141,11,3,26,43,18,30,25,9,4,1,12,32,14,15,124,46,174,19,61,41,22,23,24,69,5,27,99,56,63,31,29,33,17,8,36,95,38,85,40,60,42,7,44,45,100,47,48,21,92,51,53,13,54,55,6,57,58,59,2,0,62,49,64,10,66,117,68,20,70,71,72,65,74,75,67,77,76,28,80,81,39,83,52,37,86,87,88,89,73,91,35,93,94,109,84,97,98,79,114,101,16,142,104,105,106,107,108,102,110,111,112,113,103,115,116,34,118,119,120,121,122,123,90,125,126,78,128,129,130,131,132,133,134,135,136,137,138,139,140,50,82,143,144,145,146,147,148,149,150,151,152,153,154,155,156,157,158,159,160,161,162,163,164,165,166,167,168,169,170,171,172,173,127,175,176,177,178,179,180,181,182,183,184,185,186,187,188,189,190,191,192,193,194,195,196,197,198,199];False
6798;8716;15514;[77,141,11,3,26,43,18,30,25,9,4,1,12,32,14,15,124,46,174,19,61,41,22,23,24,69,5,27,99,56,63,31,29,33,17,8,36,95,38,85,40,60,42,7,44,45,100,47,48,21,92,51,53,13,54,55,6,57,58,59,2,0,62,96,64,10,66,117,68,20,70,71,72,65,74,75,67,49,76,28,80,81,39,83,52,37,86,87,88,89,73,91,35,93,94,109,84,97,98,79,114,101,16,142,104,105,106,107,108,102,110,111,112,113,103,115,116,34,118,119,120,121,122,123,90,125,126,78,128,129,130,131,132,133,134,135,136,137,138,139,140,50,82,143,144,145,146,147,148,149,150,151,152,153,154,155,156,157,158,159,160,161,162,163,164,165,166,167,168,169,170,171,172,173,127,175,176,177,178,179,180,181,182,183,184,185,186,187,188,189,190,191,192,193,194,195,196,197,198,199];False
6856;8695;15551;[37,141,11,3,26,43,18,30,25,9,4,1,12,32,14,15,124,46,174,19,61,41,22,23,24,69,5,27,99,56,63,31,29,33,17,8,36,95,38,85,40,60,42,7,44,45,100,47,48,21,92,51,53,13,54,55,6,57,58,59,2,0,62,96,64,10,66,117,68,20,70,71,72,65,74,75,67,77,76,28,80,81,39,83,52,49,86,87,88,89,73,91,35,93,94,109,84,97,98,79,114,101,16,142,104,105,106,107,108,102,110,111,112,113,103,115,116,34,118,119,120,121,122,123,90,125,126,78,128,129,130,131,132,133,134,135,136,137,138,139,140,50,82,143,144,145,146,147,148,149,150,151,152,153,154,155,156,157,158,159,160,161,162,163,164,165,166,167,168,169,170,171,172,173,127,175,176,177,178,179,180,181,182,183,184,185,186,187,188,189,190,191,192,193,194,195,196,197,198,199];False
6854;8712;15566;[79,141,11,3,26,43,18,30,25,9,4,1,12,32,14,15,124,46,174,19,61,41,22,23,24,69,5,27,99,56,63,31,29,33,17,8,36,95,38,85,40,60,42,7,44,45,100,47,48,21,92,51,53,13,54,55,6,57,58,59,2,0,62,96,64,10,66,117,68,20,70,71,72,65,74,75,67,77,76,28,80,81,39,83,52,37,86,87,88,89,73,91,35,93,94,109,84,97,98,49,114,101,16,142,104,105,106,107,108,102,110,111,112,113,103,115,116,34,118,119,120,121,122,123,90,125,126,78,128,129,130,131,132,133,134,135,136,137,138,139,140,50,82,143,144,145,146,147,148,149,150,151,152,153,154,155,156,157,158,159,160,161,162,163,164,165,166,167,168,169,170,171,172,173,127,175,176,177,178,179,180,181,182,183,184,185,186,187,188,189,190,191,192,193,194,195,196,197,198,199];False
6849;8706;15555;[16,141,11,3,26,43,18,30,25,9,4,1,12,32,14,15,124,46,174,19,61,41,22,23,24,69,5,27,99,56,63,31,29,33,17,8,36,95,38,85,40,60,42,7,44,45,100,47,48,21,92,51,53,13,54,55,6,57,58,59,2,0,62,96,64,10,66,117,68,20,70,71,72,65,74,75,67,77,76,28,80,81,39,83,52,37,86,87,88,89,73,91,35,93,94,109,84,97,98,79,114,101,49,142,104,105,106,107,108,102,110,111,112,113,103,115,116,34,118,119,120,121,122,123,90,125,126,78,128,129,130,131,132,133,134,135,136,137,138,139,140,50,82,143,144,145,146,147,148,149,150,151,152,153,154,155,156,157,158,159,160,161,162,163,164,165,166,167,168,169,170,171,172,173,127,175,176,177,178,179,180,181,182,183,184,185,186,187,188,189,190,191,192,193,194,195,196,197,198,199];False
6741;8725;15466;[111,141,11,3,26,43,18,30,25,9,4,1,12,32,14,15,124,46,174,19,61,41,22,23,24,69,5,27,99,56,63,31,29,33,17,8,36,95,38,85,40,60,42,7,44,45,100,47,48,21,92,51,53,13,54,55,6,57,58,59,2,0,62,96,64,10,66,117,68,20,70,71,72,65,74,75,67,77,76,28,80,81,39,83,52,37,86,87,88,89,73,91,35,93,94,109,84,97,98,79,114,101,16,142,104,105,106,107,108,102,110,49,112,113,103,115,116,34,118,119,120,121,122,123,90,125,126,78,128,129,130,131,132,133,134,135,136,137,138,139,140,50,82,143,144,145,146,147,148,149,150,151,152,153,154,155,156,157,158,159,160,161,162,163,164,165,166,167,168,169,170,171,172,173,127,175,176,177,178,179,180,181,182,183,184,185,186,187,188,189,190,191,192,193,194,195,196,197,198,199];False
6778;8715;15493;[103,141,11,3,26,43,18,30,25,9,4,1,12,32,14,15,124,46,174,19,61,41,22,23,24,69,5,27,99,56,63,31,29,33,17,8,36,95,38,85,40,60,42,7,44,45,100,47,48,21,92,51,53,13,54,55,6,57,58,59,2,0,62,96,64,10,66,117,68,20,70,71,72,65,74,75,67,77,76,28,80,81,39,83,52,37,86,87,88,89,73,91,35,93,94,109,84,97,98,79,114,101,16,142,104,105,106,107,108,102,110,111,112,113,49,115,116,34,118,119,120,121,122,123,90,125,126,78,128,129,130,131,132,133,134,135,136,137,138,139,140,50,82,143,144,145,146,147,148,149,150,151,152,153,154,155,156,157,158,159,160,161,162,163,164,165,166,167,168,169,170,171,172,173,127,175,176,177,178,179,180,181,182,183,184,185,186,187,188,189,190,191,192,193,194,195,196,197,198,199];False
7060;8669;15729;[19,141,11,3,26,43,18,30,25,9,4,1,12,32,14,15,124,46,174,122,61,41,22,23,24,69,5,27,99,56,63,31,29,33,17,8,36,95,38,85,40,49,42,7,44,45,60,47,48,21,92,51,53,13,54,55,6,57,58,59,2,0,62,96,64,10,66,117,68,20,70,71,72,65,74,75,67,77,76,28,80,81,39,83,52,101,86,87,88,89,73,91,35,93,94,109,84,97,98,79,100,114,16,142,104,105,106,107,108,102,110,111,112,113,103,115,116,34,118,119,120,121,37,123,90,125,126,78,128,129,130,131,132,133,134,135,136,137,138,139,140,50,82,143,144,145,146,147,148,149,150,151,152,153,154,155,156,157,158,159,160,161,162,163,164,165,166,167,168,169,170,171,172,173,127,175,176,177,178,179,180,181,182,183,184,185,186,187,188,189,190,191,192,193,194,195,196,197,198,199];False
7024;8668;15692;[42,141,11,3,26,43,18,30,25,9,4,1,12,32,14,15,124,46,174,19,61,41,22,23,24,69,5,27,99,56,63,31,29,33,17,8,36,95,38,85,40,49,122,7,44,45,60,47,48,21,92,51,53,13,54,55,6,57,58,59,2,0,62,96,64,10,66,117,68,20,70,71,72,65,74,75,67,77,76,28,80,81,39,83,52,101,86,87,88,89,73,91,35,93,94,109,84,97,98,79,100,114,16,142,104,105,106,107,108,102,110,111,112,113,103,115,116,34,118,119,120,121,37,123,90,125,126,78,128,129,130,131,132,133,134,135,136,137,138,139,140,50,82,143,144,145,146,147,148,149,150,151,152,153,154,155,156,157,158,159,160,161,162,163,164,165,166,167,168,169,170,171,172,173,127,175,176,177,178,179,180,181,182,183,184,185,186,187,188,189,190,191,192,193,194,195,196,197,198,199];False
6938;8666;15604;[60,141,11,3,26,43,18,30,25,9,4,1,12,32,14,15,124,46,174,19,61,41,22,23,24,69,5,27,99,56,63,31,29,33,17,8,36,95,38,85,40,49,42,7,44,45,122,47,48,21,92,51,53,13,54,55,6,57,58,59,2,0,62,96,64,10,66,117,68,20,70,71,72,65,74,75,67,77,76,28,80,81,39,83,52,101,86,87,88,89,73,91,35,93,94,109,84,97,98,79,100,114,16,142,104,105,106,107,108,102,110,111,112,113,103,115,116,34,118,119,120,121,37,123,90,125,126,78,128,129,130,131,132,133,134,135,136,137,138,139,140,50,82,143,144,145,146,147,148,149,150,151,152,153,154,155,156,157,158,159,160,161,162,163,164,165,166,167,168,169,170,171,172,173,127,175,176,177,178,179,180,181,182,183,184,185,186,187,188,189,190,191,192,193,194,195,196,197,198,199];False
6855;8704;15559;[80,141,11,3,26,43,18,30,25,9,4,1,12,32,14,15,124,46,174,19,61,41,22,23,24,69,5,27,99,56,63,31,29,33,17,8,36,95,38,85,40,49,42,7,44,45,60,47,48,21,92,51,53,13,54,55,6,57,58,59,2,0,62,96,64,10,66,117,68,20,70,71,72,65,74,75,67,77,76,28,137,81,39,83,52,101,86,87,88,89,73,91,35,93,94,109,84,97,98,79,100,114,16,142,104,105,106,107,108,102,110,111,112,113,103,115,116,34,118,119,120,121,122,123,90,125,126,78,128,129,130,131,132,133,134,135,136,37,138,139,140,50,82,143,144,145,146,147,148,149,150,151,152,153,154,155,156,157,158,159,160,161,162,163,164,165,166,167,168,169,170,171,172,173,127,175,176,177,178,179,180,181,182,183,184,185,186,187,188,189,190,191,192,193,194,195,196,197,198,199];False
6851;8692;15543;[103,141,11,3,26,43,18,30,25,9,4,1,12,32,14,15,124,46,174,19,61,41,22,23,24,69,5,27,99,56,63,31,29,33,17,8,36,95,38,85,40,49,42,7,44,45,60,47,48,21,92,51,53,13,54,55,6,57,58,59,2,0,62,96,64,10,66,117,68,20,70,71,72,65,74,75,67,77,76,28,80,81,39,83,52,101,86,87,88,89,73,91,35,93,94,109,84,97,98,79,100,114,16,142,104,105,106,107,108,102,110,111,112,113,137,115,116,34,118,119,120,121,122,123,90,125,126,78,128,129,130,131,132,133,134,135,136,37,138,139,140,50,82,143,144,145,146,147,148,149,150,151,152,153,154,155,156,157,158,159,160,161,162,163,164,165,166,167,168,169,170,171,172,173,127,175,176,177,178,179,180,181,182,183,184,185,186,187,188,189,190,191,192,193,194,195,196,197,198,199];False
6790;8702;15492;[121,141,11,3,26,43,18,30,25,9,4,1,12,32,14,15,124,46,174,19,61,41,22,23,24,69,5,27,99,56,63,31,29,33,17,8,36,95,38,85,40,49,42,7,44,45,60,47,48,21,92,51,53,13,54,55,6,57,58,59,2,0,62,96,64,10,66,117,68,20,70,71,72,65,74,75,67,77,76,28,80,81,39,83,52,101,86,87,88,89,73,91,35,93,94,109,84,97,98,79,100,114,16,142,104,105,106,107,108,102,110,111,112,113,103,115,116,34,118,119,120,137,122,123,90,125,126,78,128,129,130,131,132,133,134,135,136,37,138,139,140,50,82,143,144,145,146,147,148,149,150,151,152,153,154,155,156,157,158,159,160,161,162,163,164,165,166,167,168,169,170,171,172,173,127,175,176,177,178,179,180,181,182,183,184,185,186,187,188,189,190,191,192,193,194,195,196,197,198,199];False
6852;8679;15531;[131,141,11,3,26,43,18,30,25,9,4,1,12,32,14,15,124,46,174,19,61,41,22,23,24,69,5,27,99,56,63,31,29,33,17,8,36,95,38,85,40,49,42,7,44,45,60,47,48,21,92,51,53,13,54,55,6,57,58,59,2,0,62,96,64,10,66,117,68,20,70,71,72,65,74,75,67,77,76,28,80,81,39,83,52,101,86,87,88,89,73,91,35,93,94,109,84,97,98,79,100,114,16,142,104,105,106,107,108,102,110,111,112,113,103,115,116,34,118,119,120,121,122,123,90,125,126,78,128,129,130,137,132,133,134,135,136,37,138,139,140,50,82,143,144,145,146,147,148,149,150,151,152,153,154,155,156,157,158,159,160,161,162,163,164,165,166,167,168,169,170,171,172,173,127,175,176,177,178,179,180,181,182,183,184,185,186,187,188,189,190,191,192,193,194,195,196,197,198,199];False
7062;8662;15724;[60,141,11,3,26,43,18,30,25,9,4,1,12,32,14,15,124,46,174,103,61,41,22,23,24,69,5,27,99,56,63,31,29,33,17,8,36,95,38,85,40,49,42,7,44,45,19,47,48,21,92,51,53,13,54,55,6,57,58,59,2,0,62,96,64,10,66,117,68,20,70,71,72,65,74,75,67,77,76,28,80,81,39,83,52,101,86,87,88,89,73,91,35,93,94,109,84,97,98,79,100,114,16,37,104,105,106,107,108,102,110,111,112,113,142,115,116,34,118,119,120,121,122,123,90,125,126,78,128,129,130,131,132,133,134,135,136,137,138,139,140,50,82,143,144,145,146,147,148,149,150,151,152,153,154,155,156,157,158,159,160,161,162,163,164,165,166,167,168,169,170,171,172,173,127,175,176,177,178,179,180,181,182,183,184,185,186,187,188,189,190,191,192,193,194,195,196,197,198,199];False
7635;8544;16179;[18,141,11,3,26,43,86,30,25,9,4,1,75,32,14,15,124,46,121,19,61,41,22,12,24,69,5,27,99,56,63,31,29,33,17,8,36,95,38,39,40,158,42,7,44,45,60,47,48,21,92,51,53,13,54,55,6,57,58,59,2,0,62,96,64,10,66,117,68,20,70,71,72,65,74,174,67,77,76,28,80,81,114,83,52,85,23,87,88,89,73,91,35,93,94,37,84,97,98,79,100,101,16,103,104,105,106,107,108,102,110,111,112,113,109,115,116,34,118,119,120,49,122,123,90,125,126,78,128,129,130,131,132,133,134,135,136,137,138,139,140,50,142,143,144,145,146,147,148,149,150,151,152,153,154,155,156,157,82,159,160,161,162,163,164,165,166,167,168,169,170,171,172,173,127,175,176,177,178,179,180,181,182,183,184,185,186,187,188,189,190,191,192,193,194,195,196,197,198,199];False
7599;8552;16151;[22,141,11,3,26,43,18,30,25,9,4,1,75,32,14,15,124,46,121,19,61,41,86,12,24,69,5,27,99,56,63,31,29,33,17,8,36,95,38,39,40,158,42,7,44,45,60,47,48,21,92,51,53,13,54,55,6,57,58,59,2,0,62,96,64,10,66,117,68,20,70,71,72,65,74,174,67,77,76,28,80,81,114,83,52,85,23,87,88,89,73,91,35,93,94,37,84,97,98,79,100,101,16,103,104,105,106,107,108,102,110,111,112,113,109,115,116,34,118,119,120,49,122,123,90,125,126,78,128,129,130,131,132,133,134,135,136,137,138,139,140,50,142,143,144,145,146,147,148,149,150,151,152,153,154,155,156,157,82,159,160,161,162,163,164,165,166,167,168,169,170,171,172,173,127,175,176,177,178,179,180,181,182,183,184,185,186,187,188,189,190,191,192,193,194,195,196,197,198,199];False
7471;8560;16031;[40,141,11,3,26,43,18,30,25,9,4,1,75,32,14,15,124,46,121,19,61,41,22,12,24,69,5,27,99,56,63,31,29,33,17,8,36,95,38,39,86,158,42,7,44,45,60,47,48,21,92,51,53,13,54,55,6,57,58,59,2,0,62,96,64,10,66,117,68,20,70,71,72,65,74,174,67,77,76,28,80,81,114,83,52,85,23,87,88,89,73,91,35,93,94,37,84,97,98,79,100,101,16,103,104,105,106,107,108,102,110,111,112,113,109,115,116,34,118,119,120,49,122,123,90,125,126,78,128,129,130,131,132,133,134,135,136,137,138,139,140,50,142,143,144,145,146,147,148,149,150,151,152,153,154,155,156,157,82,159,160,161,162,163,164,165,166,167,168,169,170,171,172,173,127,175,176,177,178,179,180,181,182,183,184,185,186,187,188,189,190,191,192,193,194,195,196,197,198,199];False
7581;8555;16136;[42,141,11,3,26,43,18,30,25,9,4,1,75,32,14,15,124,46,121,19,61,41,22,12,24,69,5,27,99,56,63,31,29,33,17,8,36,95,38,39,40,158,86,7,44,45,60,47,48,21,92,51,53,13,54,55,6,57,58,59,2,0,62,96,64,10,66,117,68,20,70,71,72,65,74,174,67,77,76,28,80,81,114,83,52,85,23,87,88,89,73,91,35,93,94,37,84,97,98,79,100,101,16,103,104,105,106,107,108,102,110,111,112,113,109,115,116,34,118,119,120,49,122,123,90,125,126,78,128,129,130,131,132,133,134,135,136,137,138,139,140,50,142,143,144,145,146,147,148,149,150,151,152,153,154,155,156,157,82,159,160,161,162,163,164,165,166,167,168,169,170,171,172,173,127,175,176,177,178,179,180,181,182,183,184,185,186,187,188,189,190,191,192,193,194,195,196,197,198,199];False
7440;8551;15991;[60,141,11,3,26,43,18,30,25,9,4,1,75,32,14,15,124,46,121,19,61,41,22,12,24,69,5,27,99,56,63,31,29,33,17,8,36,95,38,39,40,158,42,7,44,45,86,47,48,21,92,51,53,13,54,55,6,57,58,59,2,0,62,96,64,10,66,117,68,20,70,71,72,65,74,174,67,77,76,28,80,81,114,83,52,85,23,87,88,89,73,91,35,93,94,37,84,97,98,79,100,101,16,103,104,105,106,107,108,102,110,111,112,113,109,115,116,34,118,119,120,49,122,123,90,125,126,78,128,129,130,131,132,133,134,135,136,137,138,139,140,50,142,143,144,145,146,147,148,149,150,151,152,153,154,155,156,157,82,159,160,161,162,163,164,165,166,167,168,169,170,171,172,173,127,175,176,177,178,179,180,181,182,183,184,185,186,187,188,189,190,191,192,193,194,195,196,197,198,199];False
7338;8576;15914;[79,141,11,3,26,43,18,30,25,9,4,1,75,32,14,15,124,46,121,19,61,41,22,12,24,69,5,27,99,56,63,31,29,33,17,8,36,95,38,39,40,158,42,7,44,45,60,47,48,21,92,51,53,13,54,55,6,57,58,59,2,0,62,96,64,10,66,117,68,20,70,71,72,65,74,174,67,77,76,28,80,81,114,83,52,85,86,87,88,89,73,91,35,93,94,37,23,97,98,84,100,101,16,103,104,105,106,107,108,102,110,111,112,113,109,115,116,34,118,119,120,49,122,123,90,125,126,78,128,129,130,131,132,133,134,135,136,137,138,139,140,50,142,143,144,145,146,147,148,149,150,151,152,153,154,155,156,157,82,159,160,161,162,163,164,165,166,167,168,169,170,171,172,173,127,175,176,177,178,179,180,181,182,183,184,185,186,187,188,189,190,191,192,193,194,195,196,197,198,199];False
7504;8549;16053;[12,141,11,3,26,43,86,30,25,9,4,1,23,32,14,15,124,46,174,19,61,41,22,40,24,69,5,27,99,56,63,31,29,33,17,8,36,95,38,39,18,158,42,7,44,45,60,47,48,21,92,51,53,13,54,55,6,57,58,59,2,0,62,96,64,10,121,117,68,20,70,71,72,65,74,75,67,77,76,28,80,81,114,83,52,85,66,87,88,89,73,91,35,93,94,37,84,97,98,79,100,101,16,103,104,105,106,107,108,102,110,111,112,113,109,115,116,34,118,119,120,49,122,123,90,125,126,78,128,129,130,131,132,133,134,135,136,137,138,139,140,50,142,143,144,145,146,147,148,149,150,151,152,153,154,155,156,157,82,159,160,161,162,163,164,165,166,167,168,169,170,171,172,173,127,175,176,177,178,179,180,181,182,183,184,185,186,187,188,189,190,191,192,193,194,195,196,197,198,199];False
7369;8570;15939;[14,141,11,3,26,43,86,30,25,9,4,1,12,32,23,15,124,46,174,19,61,41,22,40,24,69,5,27,99,56,63,31,29,33,17,8,36,95,38,39,18,158,42,7,44,45,60,47,48,21,92,51,53,13,54,55,6,57,58,59,2,0,62,96,64,10,121,117,68,20,70,71,72,65,74,75,67,77,76,28,80,81,114,83,52,85,66,87,88,89,73,91,35,93,94,37,84,97,98,79,100,101,16,103,104,105,106,107,108,102,110,111,112,113,109,115,116,34,118,119,120,49,122,123,90,125,126,78,128,129,130,131,132,133,134,135,136,137,138,139,140,50,142,143,144,145,146,147,148,149,150,151,152,153,154,155,156,157,82,159,160,161,162,163,164,165,166,167,168,169,170,171,172,173,127,175,176,177,178,179,180,181,182,183,184,185,186,187,188,189,190,191,192,193,194,195,196,197,198,199];False
7449;8538;15987;[19,141,11,3,26,43,86,30,25,9,4,1,12,32,14,15,124,46,174,23,61,41,22,40,24,69,5,27,99,56,63,31,29,33,17,8,36,95,38,39,18,158,42,7,44,45,60,47,48,21,92,51,53,13,54,55,6,57,58,59,2,0,62,96,64,10,121,117,68,20,70,71,72,65,74,75,67,77,76,28,80,81,114,83,52,85,66,87,88,89,73,91,35,93,94,37,84,97,98,79,100,101,16,103,104,105,106,107,108,102,110,111,112,113,109,115,116,34,118,119,120,49,122,123,90,125,126,78,128,129,130,131,132,133,134,135,136,137,138,139,140,50,142,143,144,145,146,147,148,149,150,151,152,153,154,155,156,157,82,159,160,161,162,163,164,165,166,167,168,169,170,171,172,173,127,175,176,177,178,179,180,181,182,183,184,185,186,187,188,189,190,191,192,193,194,195,196,197,198,199];False
7431;8549;15980;[76,141,11,3,26,43,86,30,25,9,4,1,12,32,14,15,124,46,174,19,61,41,22,40,24,69,5,27,99,56,63,31,29,33,17,8,36,95,38,39,18,158,42,7,44,45,60,47,48,21,92,51,53,13,54,55,6,57,58,59,2,0,62,96,64,10,121,117,68,20,70,71,72,65,74,75,67,77,23,28,80,81,114,83,52,85,66,87,88,89,73,91,35,93,94,37,84,97,98,79,100,101,16,103,104,105,106,107,108,102,110,111,112,113,109,115,116,34,118,119,120,49,122,123,90,125,126,78,128,129,130,131,132,133,134,135,136,137,138,139,140,50,142,143,144,145,146,147,148,149,150,151,152,153,154,155,156,157,82,159,160,161,162,163,164,165,166,167,168,169,170,171,172,173,127,175,176,177,178,179,180,181,182,183,184,185,186,187,188,189,190,191,192,193,194,195,196,197,198,199];False
7430;8561;15991;[114,141,11,3,26,43,86,30,25,9,4,1,12,32,14,15,124,46,174,19,61,41,22,40,24,69,5,27,99,56,63,31,29,33,17,8,36,95,38,39,18,158,42,7,44,45,60,47,48,21,92,51,53,13,54,55,6,57,58,59,2,0,62,96,64,10,121,117,68,20,70,71,72,65,74,75,67,77,76,28,80,81,23,83,52,85,66,87,88,89,73,91,35,93,94,37,84,97,98,79,100,101,16,103,104,105,106,107,108,102,110,111,112,113,109,115,116,34,118,119,120,49,122,123,90,125,126,78,128,129,130,131,132,133,134,135,136,137,138,139,140,50,142,143,144,145,146,147,148,149,150,151,152,153,154,155,156,157,82,159,160,161,162,163,164,165,166,167,168,169,170,171,172,173,127,175,176,177,178,179,180,181,182,183,184,185,186,187,188,189,190,191,192,193,194,195,196,197,198,199];False
7547;8534;16081;[73,141,11,3,26,43,86,30,25,9,4,1,12,32,14,15,124,46,174,19,61,41,22,40,24,69,5,27,99,56,63,31,29,33,17,8,36,95,38,39,18,158,42,7,44,45,60,47,48,21,92,51,53,13,54,55,6,57,58,59,2,0,62,96,64,10,121,117,68,20,70,71,72,65,74,75,67,77,76,28,80,81,114,83,52,85,66,87,88,89,23,91,35,93,94,37,84,97,98,79,100,101,16,103,104,105,106,107,108,102,110,111,112,113,109,115,116,34,118,119,120,49,122,123,90,125,126,78,128,129,130,131,132,133,134,135,136,137,138,139,140,50,142,143,144,145,146,147,148,149,150,151,152,153,154,155,156,157,82,159,160,161,162,163,164,165,166,167,168,169,170,171,172,173,127,175,176,177,178,179,180,181,182,183,184,185,186,187,188,189,190,191,192,193,194,195,196,197,198,199];False
7290;8564;15854;[84,141,11,3,26,43,86,30,25,9,4,1,12,32,14,15,124,46,174,19,61,41,22,40,24,69,5,27,99,56,63,31,29,33,17,8,36,95,38,39,18,158,42,7,44,45,60,47,48,21,92,51,53,13,54,55,6,57,58,59,2,0,62,96,64,10,121,117,68,20,70,71,72,65,74,75,67,77,76,28,80,81,114,83,52,85,66,87,88,89,73,91,35,93,94,37,23,97,98,79,100,101,16,103,104,105,106,107,108,102,110,111,112,113,109,115,116,34,118,119,120,49,122,123,90,125,126,78,128,129,130,131,132,133,134,135,136,137,138,139,140,50,142,143,144,145,146,147,148,149,150,151,152,153,154,155,156,157,82,159,160,161,162,163,164,165,166,167,168,169,170,171,172,173,127,175,176,177,178,179,180,181,182,183,184,185,186,187,188,189,190,191,192,193,194,195,196,197,198,199];False
7137;8592;15729;[11,141,98,3,26,43,18,30,25,9,4,1,12,32,14,15,124,46,174,19,61,41,22,23,24,69,5,27,99,56,63,31,29,33,17,8,36,95,38,39,40,158,42,7,44,45,86,47,48,21,92,51,53,13,54,55,6,57,60,59,2,0,62,96,64,10,121,117,68,20,70,71,72,65,74,75,67,77,76,28,80,81,114,83,52,85,66,87,88,89,73,91,35,93,94,37,84,97,58,79,100,101,16,103,104,105,106,107,108,102,110,111,112,113,109,115,116,34,118,119,120,49,122,123,90,125,126,78,128,129,130,131,132,133,134,135,136,137,138,139,140,50,142,143,144,145,146,147,148,149,150,151,152,153,154,155,156,157,82,159,160,161,162,163,164,165,166,167,168,169,170,171,172,173,127,175,176,177,178,179,180,181,182,183,184,185,186,187,188,189,190,191,192,193,194,195,196,197,198,199];False
7218;8579;15797;[43,141,11,3,26,98,18,30,25,9,4,1,12,32,14,15,124,46,174,19,61,41,22,23,24,69,5,27,99,56,63,31,29,33,17,8,36,95,38,39,40,158,42,7,44,45,86,47,48,21,92,51,53,13,54,55,6,57,60,59,2,0,62,96,64,10,121,117,68,20,70,71,72,65,74,75,67,77,76,28,80,81,114,83,52,85,66,87,88,89,73,91,35,93,94,37,84,97,58,79,100,101,16,103,104,105,106,107,108,102,110,111,112,113,109,115,116,34,118,119,120,49,122,123,90,125,126,78,128,129,130,131,132,133,134,135,136,137,138,139,140,50,142,143,144,145,146,147,148,149,150,151,152,153,154,155,156,157,82,159,160,161,162,163,164,165,166,167,168,169,170,171,172,173,127,175,176,177,178,179,180,181,182,183,184,185,186,187,188,189,190,191,192,193,194,195,196,197,198,199];False
7275;8575;15850;[30,141,11,3,26,43,18,98,25,9,4,1,12,32,14,15,124,46,174,19,61,41,22,23,24,69,5,27,99,56,63,31,29,33,17,8,36,95,38,39,40,158,42,7,44,45,86,47,48,21,92,51,53,13,54,55,6,57,60,59,2,0,62,96,64,10,121,117,68,20,70,71,72,65,74,75,67,77,76,28,80,81,114,83,52,85,66,87,88,89,73,91,35,93,94,37,84,97,58,79,100,101,16,103,104,105,106,107,108,102,110,111,112,113,109,115,116,34,118,119,120,49,122,123,90,125,126,78,128,129,130,131,132,133,134,135,136,137,138,139,140,50,142,143,144,145,146,147,148,149,150,151,152,153,154,155,156,157,82,159,160,161,162,163,164,165,166,167,168,169,170,171,172,173,127,175,176,177,178,179,180,181,182,183,184,185,186,187,188,189,190,191,192,193,194,195,196,197,198,199];False
7156;8590;15746;[14,141,11,3,26,43,18,30,25,9,4,1,12,32,98,15,124,46,174,19,61,41,22,23,24,69,5,27,99,56,63,31,29,33,17,8,36,95,38,39,40,158,42,7,44,45,86,47,48,21,92,51,53,13,54,55,6,57,60,59,2,0,62,96,64,10,121,117,68,20,70,71,72,65,74,75,67,77,76,28,80,81,114,83,52,85,66,87,88,89,73,91,35,93,94,37,84,97,58,79,100,101,16,103,104,105,106,107,108,102,110,111,112,113,109,115,116,34,118,119,120,49,122,123,90,125,126,78,128,129,130,131,132,133,134,135,136,137,138,139,140,50,142,143,144,145,146,147,148,149,150,151,152,153,154,155,156,157,82,159,160,161,162,163,164,165,166,167,168,169,170,171,172,173,127,175,176,177,178,179,180,181,182,183,184,185,186,187,188,189,190,191,192,193,194,195,196,197,198,199];False
7234;8570;15804;[19,141,11,3,26,43,18,30,25,9,4,1,12,32,14,15,124,46,174,98,61,41,22,23,24,69,5,27,99,56,63,31,29,33,17,8,36,95,38,39,40,158,42,7,44,45,86,47,48,21,92,51,53,13,54,55,6,57,60,59,2,0,62,96,64,10,121,117,68,20,70,71,72,65,74,75,67,77,76,28,80,81,114,83,52,85,66,87,88,89,73,91,35,93,94,37,84,97,58,79,100,101,16,103,104,105,106,107,108,102,110,111,112,113,109,115,116,34,118,119,120,49,122,123,90,125,126,78,128,129,130,131,132,133,134,135,136,137,138,139,140,50,142,143,144,145,146,147,148,149,150,151,152,153,154,155,156,157,82,159,160,161,162,163,164,165,166,167,168,169,170,171,172,173,127,175,176,177,178,179,180,181,182,183,184,185,186,187,188,189,190,191,192,193,194,195,196,197,198,199];False
7208;8576;15784;[41,141,11,3,26,43,18,30,25,9,4,1,12,32,14,15,124,46,174,19,61,98,22,23,24,69,5,27,99,56,63,31,29,33,17,8,36,95,38,39,40,158,42,7,44,45,86,47,48,21,92,51,53,13,54,55,6,57,60,59,2,0,62,96,64,10,121,117,68,20,70,71,72,65,74,75,67,77,76,28,80,81,114,83,52,85,66,87,88,89,73,91,35,93,94,37,84,97,58,79,100,101,16,103,104,105,106,107,108,102,110,111,112,113,109,115,116,34,118,119,120,49,122,123,90,125,126,78,128,129,130,131,132,133,134,135,136,137,138,139,140,50,142,143,144,145,146,147,148,149,150,151,152,153,154,155,156,157,82,159,160,161,162,163,164,165,166,167,168,169,170,171,172,173,127,175,176,177,178,179,180,181,182,183,184,185,186,187,188,189,190,191,192,193,194,195,196,197,198,199];False
7132;8586;15718;[23,141,11,3,26,43,18,30,25,9,4,1,12,32,14,15,124,46,174,19,61,41,22,98,24,69,5,27,99,56,63,31,29,33,17,8,36,95,38,39,40,158,42,7,44,45,86,47,48,21,92,51,53,13,54,55,6,57,60,59,2,0,62,96,64,10,121,117,68,20,70,71,72,65,74,75,67,77,76,28,80,81,114,83,52,85,66,87,88,89,73,91,35,93,94,37,84,97,58,79,100,101,16,103,104,105,106,107,108,102,110,111,112,113,109,115,116,34,118,119,120,49,122,123,90,125,126,78,128,129,130,131,132,133,134,135,136,137,138,139,140,50,142,143,144,145,146,147,148,149,150,151,152,153,154,155,156,157,82,159,160,161,162,163,164,165,166,167,168,169,170,171,172,173,127,175,176,177,178,179,180,181,182,183,184,185,186,187,188,189,190,191,192,193,194,195,196,197,198,199];False
7127;8612;15739;[14,141,11,3,26,43,18,30,25,9,4,1,12,32,40,15,124,46,174,19,61,41,22,23,24,69,5,27,99,56,63,31,29,33,17,8,36,95,38,39,77,158,42,7,44,45,86,47,48,21,92,51,53,13,54,55,6,57,58,59,2,0,62,96,64,10,121,117,68,20,70,71,72,65,74,75,67,60,76,28,80,81,114,83,52,85,66,87,88,89,73,91,35,93,94,37,84,97,98,79,100,101,16,103,104,105,106,107,108,102,110,111,112,113,109,115,116,34,118,119,120,49,122,123,90,125,126,78,128,129,130,131,132,133,134,135,136,137,138,139,140,50,142,143,144,145,146,147,148,149,150,151,152,153,154,155,156,157,82,159,160,161,162,163,164,165,166,167,168,169,170,171,172,173,127,175,176,177,178,179,180,181,182,183,184,185,186,187,188,189,190,191,192,193,194,195,196,197,198,199];False
7058;8658;15716;[51,141,11,3,26,43,18,30,25,9,4,1,12,32,14,15,124,46,174,19,61,41,22,23,24,69,5,27,99,56,63,31,29,33,17,8,36,95,38,39,77,158,42,7,44,45,86,47,48,21,92,40,53,13,54,55,6,57,58,59,2,0,62,96,64,10,121,117,68,20,70,71,72,65,74,75,67,60,76,28,80,81,114,83,52,85,66,87,88,89,73,91,35,93,94,37,84,97,98,79,100,101,16,103,104,105,106,107,108,102,110,111,112,113,109,115,116,34,118,119,120,49,122,123,90,125,126,78,128,129,130,131,132,133,134,135,136,137,138,139,140,50,142,143,144,145,146,147,148,149,150,151,152,153,154,155,156,157,82,159,160,161,162,163,164,165,166,167,168,169,170,171,172,173,127,175,176,177,178,179,180,181,182,183,184,185,186,187,188,189,190,191,192,193,194,195,196,197,198,199];False
7087;8655;15742;[96,141,11,3,26,43,18,30,25,9,4,1,12,32,14,15,124,46,174,19,61,41,22,23,24,69,5,27,99,56,63,31,29,33,17,8,36,95,38,39,77,158,42,7,44,45,86,47,48,21,92,51,53,13,54,55,6,57,58,59,2,0,62,40,64,10,121,117,68,20,70,71,72,65,74,75,67,60,76,28,80,81,114,83,52,85,66,87,88,89,73,91,35,93,94,37,84,97,98,79,100,101,16,103,104,105,106,107,108,102,110,111,112,113,109,115,116,34,118,119,120,49,122,123,90,125,126,78,128,129,130,131,132,133,134,135,136,137,138,139,140,50,142,143,144,145,146,147,148,149,150,151,152,153,154,155,156,157,82,159,160,161,162,163,164,165,166,167,168,169,170,171,172,173,127,175,176,177,178,179,180,181,182,183,184,185,186,187,188,189,190,191,192,193,194,195,196,197,198,199];False
7082;8641;15723;[65,141,11,3,26,43,18,30,25,9,4,1,12,32,14,15,124,46,174,19,61,41,22,23,24,69,5,27,99,56,63,31,29,33,17,8,36,95,38,39,77,158,42,7,44,45,86,47,48,21,92,51,53,13,54,55,6,57,58,59,2,0,62,96,64,10,121,117,68,20,70,71,72,40,74,75,67,60,76,28,80,81,114,83,52,85,66,87,88,89,73,91,35,93,94,37,84,97,98,79,100,101,16,103,104,105,106,107,108,102,110,111,112,113,109,115,116,34,118,119,120,49,122,123,90,125,126,78,128,129,130,131,132,133,134,135,136,137,138,139,140,50,142,143,144,145,146,147,148,149,150,151,152,153,154,155,156,157,82,159,160,161,162,163,164,165,166,167,168,169,170,171,172,173,127,175,176,177,178,179,180,181,182,183,184,185,186,187,188,189,190,191,192,193,194,195,196,197,198,199];False
7088;8623;15711;[80,141,11,3,26,43,18,30,25,9,4,1,12,32,14,15,124,46,174,19,61,41,22,23,24,69,5,27,99,56,63,31,29,33,17,8,36,95,38,39,77,158,42,7,44,45,86,47,48,21,92,51,53,13,54,55,6,57,58,59,2,0,62,96,64,10,121,117,68,20,70,71,72,65,74,75,67,60,76,28,40,81,114,83,52,85,66,87,88,89,73,91,35,93,94,37,84,97,98,79,100,101,16,103,104,105,106,107,108,102,110,111,112,113,109,115,116,34,118,119,120,49,122,123,90,125,126,78,128,129,130,131,132,133,134,135,136,137,138,139,140,50,142,143,144,145,146,147,148,149,150,151,152,153,154,155,156,157,82,159,160,161,162,163,164,165,166,167,168,169,170,171,172,173,127,175,176,177,178,179,180,181,182,183,184,185,186,187,188,189,190,191,192,193,194,195,196,197,198,199];False
7082;8630;15712;[52,141,11,3,26,43,18,30,25,9,4,1,12,32,14,15,124,46,174,19,61,41,22,23,24,69,5,27,99,56,63,31,29,33,17,8,36,95,38,39,77,158,42,7,44,45,86,47,48,21,92,51,53,13,54,55,6,57,58,59,2,0,62,96,64,10,121,117,68,20,70,71,72,65,74,75,67,60,76,28,80,81,114,83,40,85,66,87,88,89,73,91,35,93,94,37,84,97,98,79,100,101,16,103,104,105,106,107,108,102,110,111,112,113,109,115,116,34,118,119,120,49,122,123,90,125,126,78,128,129,130,131,132,133,134,135,136,137,138,139,140,50,142,143,144,145,146,147,148,149,150,151,152,153,154,155,156,157,82,159,160,161,162,163,164,165,166,167,168,169,170,171,172,173,127,175,176,177,178,179,180,181,182,183,184,185,186,187,188,189,190,191,192,193,194,195,196,197,198,199];False
7042;8614;15656;[66,141,11,3,26,43,18,30,25,9,4,1,12,32,14,15,124,46,174,19,61,41,22,23,24,69,5,27,99,56,63,31,29,33,17,8,36,95,38,39,77,158,42,7,44,45,86,47,48,21,92,51,53,13,54,55,6,57,58,59,2,0,62,96,64,10,121,117,68,20,70,71,72,65,74,75,67,60,76,28,80,81,114,83,52,85,40,87,88,89,73,91,35,93,94,37,84,97,98,79,100,101,16,103,104,105,106,107,108,102,110,111,112,113,109,115,116,34,118,119,120,49,122,123,90,125,126,78,128,129,130,131,132,133,134,135,136,137,138,139,140,50,142,143,144,145,146,147,148,149,150,151,152,153,154,155,156,157,82,159,160,161,162,163,164,165,166,167,168,169,170,171,172,173,127,175,176,177,178,179,180,181,182,183,184,185,186,187,188,189,190,191,192,193,194,195,196,197,198,199];False
6296;9115;15411;[22,52,11,3,26,103,18,30,25,94,75,1,12,32,14,15,124,9,16,19,131,41,96,23,24,69,5,27,28,56,63,31,29,33,17,35,74,37,60,39,40,49,42,7,44,45,86,47,48,21,50,51,53,13,54,55,6,57,58,59,2,0,77,46,64,10,66,117,68,20,70,71,72,65,8,84,67,81,80,79,38,73,82,83,76,85,92,87,88,89,4,91,109,93,62,95,115,97,98,99,100,101,102,61,104,105,43,107,108,151,110,111,112,113,114,121,116,34,118,119,120,106,122,123,90,125,126,127,128,129,130,36,132,133,134,135,136,137,138,139,140,141,142,143,144,145,146,147,148,149,150,78,152,153,154,155,156,157,158,159,160,161,162,163,164,165,166,167,168,169,170,171,172,173,174,175,176,177,178,179,180,181,182,183,184,185,186,187,188,189,190,191,192,193,194,195,196,197,198,199];False
6282;9082;15364;[23,52,11,3,26,103,18,30,25,94,75,1,12,32,14,15,124,9,16,19,131,41,22,96,24,69,5,27,28,56,63,31,29,33,17,35,74,37,60,39,40,49,42,7,44,45,86,47,48,21,50,51,53,13,54,55,6,57,58,59,2,0,77,46,64,10,66,117,68,20,70,71,72,65,8,84,67,81,80,79,38,73,82,83,76,85,92,87,88,89,4,91,109,93,62,95,115,97,98,99,100,101,102,61,104,105,43,107,108,151,110,111,112,113,114,121,116,34,118,119,120,106,122,123,90,125,126,127,128,129,130,36,132,133,134,135,136,137,138,139,140,141,142,143,144,145,146,147,148,149,150,78,152,153,154,155,156,157,158,159,160,161,162,163,164,165,166,167,168,169,170,171,172,173,174,175,176,177,178,179,180,181,182,183,184,185,186,187,188,189,190,191,192,193,194,195,196,197,198,199];False
6321;9076;15397;[11,52,14,3,26,96,18,30,25,94,75,1,12,32,103,15,124,9,16,19,131,41,22,23,24,69,5,27,28,56,63,31,29,33,17,35,74,37,60,39,40,49,42,7,44,45,86,47,48,21,50,51,53,13,54,55,6,57,58,59,2,0,77,46,64,10,66,117,68,20,70,71,72,65,8,84,67,81,80,79,38,73,82,83,76,85,92,87,88,89,4,91,109,93,62,95,115,97,98,99,100,101,102,61,104,105,43,107,108,151,110,111,112,113,114,121,116,34,118,119,120,106,122,123,90,125,126,127,128,129,130,36,132,133,134,135,136,137,138,139,140,141,142,143,144,145,146,147,148,149,150,78,152,153,154,155,156,157,158,159,160,161,162,163,164,165,166,167,168,169,170,171,172,173,174,175,176,177,178,179,180,181,182,183,184,185,186,187,188,189,190,191,192,193,194,195,196,197,198,199];False
6323;9062;15385;[75,52,11,3,26,96,18,30,25,94,14,1,12,32,103,15,124,9,16,19,131,41,22,23,24,69,5,27,28,56,63,31,29,33,17,35,74,37,60,39,40,49,42,7,44,45,86,47,48,21,50,51,53,13,54,55,6,57,58,59,2,0,77,46,64,10,66,117,68,20,70,71,72,65,8,84,67,81,80,79,38,73,82,83,76,85,92,87,88,89,4,91,109,93,62,95,115,97,98,99,100,101,102,61,104,105,43,107,108,151,110,111,112,113,114,121,116,34,118,119,120,106,122,123,90,125,126,127,128,129,130,36,132,133,134,135,136,137,138,139,140,141,142,143,144,145,146,147,148,149,150,78,152,153,154,155,156,157,158,159,160,161,162,163,164,165,166,167,168,169,170,171,172,173,174,175,176,177,178,179,180,181,182,183,184,185,186,187,188,189,190,191,192,193,194,195,196,197,198,199];False
6395;8914;15309;[16,141,11,3,26,96,18,30,25,94,75,1,12,32,14,15,124,9,37,19,61,41,22,23,24,69,5,27,28,56,63,31,29,33,17,35,36,52,60,39,40,49,42,7,44,45,86,47,48,21,50,51,53,13,54,55,6,57,58,59,2,0,77,46,64,10,66,117,68,20,70,71,72,65,8,84,67,81,80,79,38,73,82,83,76,85,122,87,88,89,4,91,109,93,62,95,115,97,98,99,100,101,102,103,104,105,43,107,108,151,110,111,112,113,114,121,116,34,118,119,120,106,74,123,90,125,126,127,128,129,130,131,132,133,134,135,136,137,138,139,140,92,142,143,144,145,146,147,148,149,150,78,152,153,154,155,156,157,158,159,160,161,162,163,164,165,166,167,168,169,170,171,172,173,174,175,176,177,178,179,180,181,182,183,184,185,186,187,188,189,190,191,192,193,194,195,196,197,198,199];False
6473;8910;15383;[19,141,11,3,26,96,18,30,25,94,75,1,12,32,14,15,124,9,16,37,61,41,22,23,24,69,5,27,28,56,63,31,29,33,17,35,36,52,60,39,40,49,42,7,44,45,86,47,48,21,50,51,53,13,54,55,6,57,58,59,2,0,77,46,64,10,66,117,68,20,70,71,72,65,8,84,67,81,80,79,38,73,82,83,76,85,122,87,88,89,4,91,109,93,62,95,115,97,98,99,100,101,102,103,104,105,43,107,108,151,110,111,112,113,114,121,116,34,118,119,120,106,74,123,90,125,126,127,128,129,130,131,132,133,134,135,136,137,138,139,140,92,142,143,144,145,146,147,148,149,150,78,152,153,154,155,156,157,158,159,160,161,162,163,164,165,166,167,168,169,170,171,172,173,174,175,176,177,178,179,180,181,182,183,184,185,186,187,188,189,190,191,192,193,194,195,196,197,198,199];False
6480;8907;15387;[20,141,11,3,26,96,18,30,25,94,75,1,12,32,14,15,124,9,16,19,61,41,22,23,24,69,5,27,28,56,63,31,29,33,17,35,36,52,60,39,40,49,42,7,44,45,86,47,48,21,50,51,53,13,54,55,6,57,58,59,2,0,77,46,64,10,66,117,68,37,70,71,72,65,8,84,67,81,80,79,38,73,82,83,76,85,122,87,88,89,4,91,109,93,62,95,115,97,98,99,100,101,102,103,104,105,43,107,108,151,110,111,112,113,114,121,116,34,118,119,120,106,74,123,90,125,126,127,128,129,130,131,132,133,134,135,136,137,138,139,140,92,142,143,144,145,146,147,148,149,150,78,152,153,154,155,156,157,158,159,160,161,162,163,164,165,166,167,168,169,170,171,172,173,174,175,176,177,178,179,180,181,182,183,184,185,186,187,188,189,190,191,192,193,194,195,196,197,198,199];False
6463;8900;15363;[8,141,11,3,26,96,18,30,25,94,75,1,12,32,14,15,124,9,16,19,61,41,22,23,24,69,5,27,28,56,63,31,29,33,17,35,36,52,60,39,40,49,42,7,44,45,86,47,48,21,50,51,53,13,54,55,6,57,58,59,2,0,77,46,64,10,66,117,68,20,70,71,72,65,37,84,67,81,80,79,38,73,82,83,76,85,122,87,88,89,4,91,109,93,62,95,115,97,98,99,100,101,102,103,104,105,43,107,108,151,110,111,112,113,114,121,116,34,118,119,120,106,74,123,90,125,126,127,128,129,130,131,132,133,134,135,136,137,138,139,140,92,142,143,144,145,146,147,148,149,150,78,152,153,154,155,156,157,158,159,160,161,162,163,164,165,166,167,168,169,170,171,172,173,174,175,176,177,178,179,180,181,182,183,184,185,186,187,188,189,190,191,192,193,194,195,196,197,198,199];False
6512;8891;15403;[79,141,11,3,26,96,18,30,25,94,75,1,12,32,14,15,124,9,16,19,61,41,22,23,24,69,5,27,28,56,63,31,29,33,17,35,36,52,60,39,40,49,42,7,44,45,86,47,48,21,50,51,53,13,54,55,6,57,58,59,2,0,77,46,64,10,66,117,68,20,70,71,72,65,8,84,67,81,80,37,38,73,82,83,76,85,122,87,88,89,4,91,109,93,62,95,115,97,98,99,100,101,102,103,104,105,43,107,108,151,110,111,112,113,114,121,116,34,118,119,120,106,74,123,90,125,126,127,128,129,130,131,132,133,134,135,136,137,138,139,140,92,142,143,144,145,146,147,148,149,150,78,152,153,154,155,156,157,158,159,160,161,162,163,164,165,166,167,168,169,170,171,172,173,174,175,176,177,178,179,180,181,182,183,184,185,186,187,188,189,190,191,192,193,194,195,196,197,198,199];False
6381;8935;15316;[88,141,11,3,26,96,18,30,25,94,75,1,12,32,14,15,124,9,16,19,61,41,22,23,24,69,5,27,28,56,63,31,29,33,17,35,36,52,60,39,40,49,42,7,44,45,86,47,48,21,50,51,53,13,54,55,6,57,58,59,2,0,77,46,64,10,66,117,68,20,70,71,72,65,8,84,67,81,80,79,38,73,82,83,76,85,122,87,37,89,4,91,109,93,62,95,115,97,98,99,100,101,102,103,104,105,43,107,108,151,110,111,112,113,114,121,116,34,118,119,120,106,74,123,90,125,126,127,128,129,130,131,132,133,134,135,136,137,138,139,140,92,142,143,144,145,146,147,148,149,150,78,152,153,154,155,156,157,158,159,160,161,162,163,164,165,166,167,168,169,170,171,172,173,174,175,176,177,178,179,180,181,182,183,184,185,186,187,188,189,190,191,192,193,194,195,196,197,198,199];False
6442;8908;15350;[100,141,11,3,26,96,18,30,25,94,75,1,12,32,14,15,124,9,16,19,61,41,22,23,24,69,5,27,28,56,63,31,29,33,17,35,36,52,60,39,40,49,42,7,44,45,86,47,48,21,50,51,53,13,54,55,6,57,58,59,2,0,77,46,64,10,66,117,68,20,70,71,72,65,8,84,67,81,80,79,38,73,82,83,76,85,122,87,88,89,4,91,109,93,62,95,115,97,98,99,37,101,102,103,104,105,43,107,108,151,110,111,112,113,114,121,116,34,118,119,120,106,74,123,90,125,126,127,128,129,130,131,132,133,134,135,136,137,138,139,140,92,142,143,144,145,146,147,148,149,150,78,152,153,154,155,156,157,158,159,160,161,162,163,164,165,166,167,168,169,170,171,172,173,174,175,176,177,178,179,180,181,182,183,184,185,186,187,188,189,190,191,192,193,194,195,196,197,198,199];False
6309;8920;15229;[103,141,11,3,26,96,18,30,25,94,75,1,12,32,14,15,124,9,16,19,61,41,22,23,24,69,5,27,28,56,63,31,29,33,17,35,36,52,60,39,40,49,42,7,44,45,86,47,48,21,50,51,53,13,54,55,6,57,58,59,2,0,77,46,64,10,66,117,68,20,70,71,72,65,8,84,67,81,80,79,38,73,82,83,76,85,122,87,88,89,4,91,109,93,62,95,115,97,98,99,100,101,102,37,104,105,43,107,108,151,110,111,112,113,114,121,116,34,118,119,120,106,74,123,90,125,126,127,128,129,130,131,132,133,134,135,136,137,138,139,140,92,142,143,144,145,146,147,148,149,150,78,152,153,154,155,156,157,158,159,160,161,162,163,164,165,166,167,168,169,170,171,172,173,174,175,176,177,178,179,180,181,182,183,184,185,186,187,188,189,190,191,192,193,194,195,196,197,198,199];False
6714;8814;15528;[75,141,11,3,26,108,18,30,25,94,46,1,12,32,14,15,124,9,16,19,61,41,22,23,24,69,5,27,28,56,63,31,29,33,17,35,36,52,60,39,40,49,42,7,44,45,86,47,48,21,50,51,53,13,54,55,6,57,58,59,2,0,77,114,64,10,66,117,68,20,70,71,72,65,74,84,67,81,80,79,38,73,82,83,76,85,92,87,88,89,4,91,109,93,62,95,8,97,98,96,100,101,102,37,104,105,43,107,103,151,110,111,112,113,99,115,116,34,118,119,120,121,122,123,90,125,126,127,128,129,130,131,132,133,134,135,136,137,138,139,140,106,142,143,144,145,146,147,148,149,150,78,152,153,154,155,156,157,158,159,160,161,162,163,164,165,166,167,168,169,170,171,172,173,174,175,176,177,178,179,180,181,182,183,184,185,186,187,188,189,190,191,192,193,194,195,196,197,198,199];False
6696;8818;15514;[14,141,11,3,26,108,18,30,25,94,75,1,12,32,46,15,124,9,16,19,61,41,22,23,24,69,5,27,28,56,63,31,29,33,17,35,36,52,60,39,40,49,42,7,44,45,86,47,48,21,50,51,53,13,54,55,6,57,58,59,2,0,77,114,64,10,66,117,68,20,70,71,72,65,74,84,67,81,80,79,38,73,82,83,76,85,92,87,88,89,4,91,109,93,62,95,8,97,98,96,100,101,102,37,104,105,43,107,103,151,110,111,112,113,99,115,116,34,118,119,120,121,122,123,90,125,126,127,128,129,130,131,132,133,134,135,136,137,138,139,140,106,142,143,144,145,146,147,148,149,150,78,152,153,154,155,156,157,158,159,160,161,162,163,164,165,166,167,168,169,170,171,172,173,174,175,176,177,178,179,180,181,182,183,184,185,186,187,188,189,190,191,192,193,194,195,196,197,198,199];False
6658;8831;15489;[9,141,11,3,26,108,18,30,25,94,75,1,12,32,14,15,124,46,16,19,61,41,22,23,24,69,5,27,28,56,63,31,29,33,17,35,36,52,60,39,40,49,42,7,44,45,86,47,48,21,50,51,53,13,54,55,6,57,58,59,2,0,77,114,64,10,66,117,68,20,70,71,72,65,74,84,67,81,80,79,38,73,82,83,76,85,92,87,88,89,4,91,109,93,62,95,8,97,98,96,100,101,102,37,104,105,43,107,103,151,110,111,112,113,99,115,116,34,118,119,120,121,122,123,90,125,126,127,128,129,130,131,132,133,134,135,136,137,138,139,140,106,142,143,144,145,146,147,148,149,150,78,152,153,154,155,156,157,158,159,160,161,162,163,164,165,166,167,168,169,170,171,172,173,174,175,176,177,178,179,180,181,182,183,184,185,186,187,188,189,190,191,192,193,194,195,196,197,198,199];False
6660;8812;15472;[16,141,11,3,26,108,18,30,25,94,75,1,12,32,14,15,124,9,46,19,61,41,22,23,24,69,5,27,28,56,63,31,29,33,17,35,36,52,60,39,40,49,42,7,44,45,86,47,48,21,50,51,53,13,54,55,6,57,58,59,2,0,77,114,64,10,66,117,68,20,70,71,72,65,74,84,67,81,80,79,38,73,82,83,76,85,92,87,88,89,4,91,109,93,62,95,8,97,98,96,100,101,102,37,104,105,43,107,103,151,110,111,112,113,99,115,116,34,118,119,120,121,122,123,90,125,126,127,128,129,130,131,132,133,134,135,136,137,138,139,140,106,142,143,144,145,146,147,148,149,150,78,152,153,154,155,156,157,158,159,160,161,162,163,164,165,166,167,168,169,170,171,172,173,174,175,176,177,178,179,180,181,182,183,184,185,186,187,188,189,190,191,192,193,194,195,196,197,198,199];False
6623;8837;15460;[52,141,11,3,26,108,18,30,25,94,75,1,12,32,14,15,124,9,16,19,61,41,22,23,24,69,5,27,28,56,63,31,29,33,17,35,36,100,60,39,40,49,42,7,44,45,86,47,48,21,50,51,53,13,54,55,6,57,58,59,2,0,77,46,64,10,66,117,68,20,70,71,72,65,74,84,67,81,80,79,38,73,82,83,76,85,92,87,88,89,4,91,109,93,62,95,8,97,98,96,114,101,102,37,104,105,43,107,103,151,110,111,112,113,99,115,116,34,118,119,120,121,122,123,90,125,126,127,128,129,130,131,132,133,134,135,136,137,138,139,140,106,142,143,144,145,146,147,148,149,150,78,152,153,154,155,156,157,158,159,160,161,162,163,164,165,166,167,168,169,170,171,172,173,174,175,176,177,178,179,180,181,182,183,184,185,186,187,188,189,190,191,192,193,194,195,196,197,198,199];False
6616;8836;15452;[127,141,11,3,26,108,18,30,25,94,75,1,12,32,14,15,124,9,16,19,61,41,22,23,24,69,5,27,28,56,63,31,29,33,17,35,36,52,60,39,40,49,42,7,44,45,86,47,48,21,50,51,53,13,54,55,6,57,58,59,2,0,77,46,64,10,66,117,68,20,70,71,72,65,74,84,67,81,80,79,38,73,82,83,76,85,92,87,88,89,4,91,109,93,62,95,8,97,98,96,114,101,102,37,104,105,43,107,103,151,110,111,112,113,99,115,116,34,118,119,120,121,122,123,90,125,126,100,128,129,130,131,132,133,134,135,136,137,138,139,140,106,142,143,144,145,146,147,148,149,150,78,152,153,154,155,156,157,158,159,160,161,162,163,164,165,166,167,168,169,170,171,172,173,174,175,176,177,178,179,180,181,182,183,184,185,186,187,188,189,190,191,192,193,194,195,196,197,198,199];False
6540;8874;15414;[128,141,11,3,26,108,18,30,25,94,75,1,12,32,14,15,124,9,16,19,61,41,22,23,24,69,5,27,28,56,63,31,29,33,17,35,36,52,60,39,40,49,42,7,44,45,86,47,48,21,50,51,53,13,54,55,6,57,58,59,2,0,77,46,64,10,66,117,68,20,70,71,72,65,74,84,67,81,80,79,38,73,82,83,76,85,92,87,88,89,4,91,109,93,62,95,8,97,98,96,114,101,102,37,104,105,43,107,103,151,110,111,112,113,99,115,116,34,118,119,120,121,122,123,90,125,126,127,100,129,130,131,132,133,134,135,136,137,138,139,140,106,142,143,144,145,146,147,148,149,150,78,152,153,154,155,156,157,158,159,160,161,162,163,164,165,166,167,168,169,170,171,172,173,174,175,176,177,178,179,180,181,182,183,184,185,186,187,188,189,190,191,192,193,194,195,196,197,198,199];False
6643;8834;15477;[131,141,11,3,26,108,18,30,25,94,75,1,12,32,14,15,124,9,16,19,61,41,22,23,24,69,5,27,28,56,63,31,29,33,17,35,36,52,60,39,40,49,42,7,44,45,86,47,48,21,50,51,53,13,54,55,6,57,58,59,2,0,77,46,64,10,66,117,68,20,70,71,72,65,74,84,67,81,80,79,38,73,82,83,76,85,92,87,88,89,4,91,109,93,62,95,8,97,98,96,114,101,102,37,104,105,43,107,103,151,110,111,112,113,99,115,116,34,118,119,120,121,122,123,90,125,126,127,128,129,130,100,132,133,134,135,136,137,138,139,140,106,142,143,144,145,146,147,148,149,150,78,152,153,154,155,156,157,158,159,160,161,162,163,164,165,166,167,168,169,170,171,172,173,174,175,176,177,178,179,180,181,182,183,184,185,186,187,188,189,190,191,192,193,194,195,196,197,198,199];False
6654;8831;15485;[49,141,11,3,26,108,18,30,25,94,75,1,12,32,14,15,124,9,16,19,61,41,22,23,24,69,5,27,28,56,63,31,29,33,17,35,36,52,60,39,40,111,42,7,44,45,86,47,48,21,50,51,53,13,54,55,6,57,58,59,2,0,77,46,64,10,66,117,68,20,70,71,72,65,74,84,67,81,80,79,38,73,82,83,76,85,92,87,88,89,4,91,109,93,62,95,8,97,98,96,100,101,102,37,104,105,43,107,103,151,110,114,112,113,99,115,116,34,118,119,120,121,122,123,90,125,126,127,128,129,130,131,132,133,134,135,136,137,138,139,140,106,142,143,144,145,146,147,148,149,150,78,152,153,154,155,156,157,158,159,160,161,162,163,164,165,166,167,168,169,170,171,172,173,174,175,176,177,178,179,180,181,182,183,184,185,186,187,188,189,190,191,192,193,194,195,196,197,198,199];False
6588;8840;15428;[76,141,11,3,26,108,18,30,25,94,75,1,12,32,14,15,124,9,16,19,61,41,22,23,24,69,5,27,28,56,63,31,29,33,17,35,36,52,60,39,40,49,42,7,44,45,86,47,48,21,50,51,53,13,54,55,6,57,58,59,2,0,77,46,64,10,66,117,68,20,70,71,72,65,74,84,67,81,80,79,38,73,82,83,111,85,92,87,88,89,4,91,109,93,62,95,8,97,98,96,100,101,102,37,104,105,43,107,103,151,110,114,112,113,99,115,116,34,118,119,120,121,122,123,90,125,126,127,128,129,130,131,132,133,134,135,136,137,138,139,140,106,142,143,144,145,146,147,148,149,150,78,152,153,154,155,156,157,158,159,160,161,162,163,164,165,166,167,168,169,170,171,172,173,174,175,176,177,178,179,180,181,182,183,184,185,186,187,188,189,190,191,192,193,194,195,196,197,198,199];False
6533;8874;15407;[14,141,11,3,26,108,18,30,25,94,75,1,12,32,114,15,124,9,16,19,61,41,22,23,24,69,5,27,28,56,63,31,29,33,17,35,36,52,60,39,40,49,42,7,44,45,86,47,48,21,50,51,53,13,54,55,6,57,58,59,2,0,77,46,64,10,66,117,68,20,70,71,72,65,74,84,67,81,80,79,38,73,82,83,76,85,92,87,88,89,4,91,109,93,62,95,8,97,98,96,100,101,102,37,104,105,43,107,103,151,110,111,112,113,106,115,116,34,118,119,120,121,122,123,90,125,126,127,128,129,130,131,132,133,134,135,136,137,138,139,140,99,142,143,144,145,146,147,148,149,150,78,152,153,154,155,156,157,158,159,160,161,162,163,164,165,166,167,168,169,170,171,172,173,174,175,176,177,178,179,180,181,182,183,184,185,186,187,188,189,190,191,192,193,194,195,196,197,198,199];False
6509;8873;15382;[16,141,11,3,26,108,18,30,25,94,75,1,12,32,14,15,124,9,114,19,61,41,22,23,24,69,5,27,28,56,63,31,29,33,17,35,36,52,60,39,40,49,42,7,44,45,86,47,48,21,50,51,53,13,54,55,6,57,58,59,2,0,77,46,64,10,66,117,68,20,70,71,72,65,74,84,67,81,80,79,38,73,82,83,76,85,92,87,88,89,4,91,109,93,62,95,8,97,98,96,100,101,102,37,104,105,43,107,103,151,110,111,112,113,106,115,116,34,118,119,120,121,122,123,90,125,126,127,128,129,130,131,132,133,134,135,136,137,138,139,140,99,142,143,144,145,146,147,148,149,150,78,152,153,154,155,156,157,158,159,160,161,162,163,164,165,166,167,168,169,170,171,172,173,174,175,176,177,178,179,180,181,182,183,184,185,186,187,188,189,190,191,192,193,194,195,196,197,198,199];False
6523;8864;15387;[19,141,11,3,26,108,18,30,25,94,75,1,12,32,14,15,124,9,16,114,61,41,22,23,24,69,5,27,28,56,63,31,29,33,17,35,36,52,60,39,40,49,42,7,44,45,86,47,48,21,50,51,53,13,54,55,6,57,58,59,2,0,77,46,64,10,66,117,68,20,70,71,72,65,74,84,67,81,80,79,38,73,82,83,76,85,92,87,88,89,4,91,109,93,62,95,8,97,98,96,100,101,102,37,104,105,43,107,103,151,110,111,112,113,106,115,116,34,118,119,120,121,122,123,90,125,126,127,128,129,130,131,132,133,134,135,136,137,138,139,140,99,142,143,144,145,146,147,148,149,150,78,152,153,154,155,156,157,158,159,160,161,162,163,164,165,166,167,168,169,170,171,172,173,174,175,176,177,178,179,180,181,182,183,184,185,186,187,188,189,190,191,192,193,194,195,196,197,198,199];False
6594;8831;15425;[46,141,11,3,26,108,18,30,25,94,75,1,12,32,14,15,124,9,16,19,61,41,22,23,24,69,5,27,28,56,63,31,29,33,17,35,36,52,60,39,40,49,42,7,44,45,86,47,48,21,50,51,53,13,54,55,6,57,58,59,2,0,77,114,64,10,66,117,68,20,70,71,72,65,74,84,67,81,80,79,38,73,82,83,76,85,92,87,88,89,4,91,109,93,62,95,8,97,98,96,100,101,102,37,104,105,43,107,103,151,110,111,112,113,106,115,116,34,118,119,120,121,122,123,90,125,126,127,128,129,130,131,132,133,134,135,136,137,138,139,140,99,142,143,144,145,146,147,148,149,150,78,152,153,154,155,156,157,158,159,160,161,162,163,164,165,166,167,168,169,170,171,172,173,174,175,176,177,178,179,180,181,182,183,184,185,186,187,188,189,190,191,192,193,194,195,196,197,198,199];False
6577;8839;15416;[100,141,11,3,26,108,18,30,25,94,75,1,12,32,14,15,124,9,16,19,61,41,22,23,24,69,5,27,28,56,63,31,29,33,17,35,36,52,60,39,40,49,42,7,44,45,86,47,48,21,50,51,53,13,54,55,6,57,58,59,2,0,77,46,64,10,66,117,68,20,70,71,72,65,74,84,67,81,80,79,38,73,82,83,76,85,92,87,88,89,4,91,109,93,62,95,8,97,98,96,114,101,102,37,104,105,43,107,103,151,110,111,112,113,106,115,116,34,118,119,120,121,122,123,90,125,126,127,128,129,130,131,132,133,134,135,136,137,138,139,140,99,142,143,144,145,146,147,148,149,150,78,152,153,154,155,156,157,158,159,160,161,162,163,164,165,166,167,168,169,170,171,172,173,174,175,176,177,178,179,180,181,182,183,184,185,186,187,188,189,190,191,192,193,194,195,196,197,198,199];False
6535;8855;15390;[37,141,11,3,26,108,18,30,25,94,75,1,12,32,14,15,124,9,16,19,61,41,22,23,24,69,5,27,28,56,63,31,29,33,17,35,36,52,60,39,40,49,42,7,44,45,86,47,48,21,50,51,53,13,54,55,6,57,58,59,2,0,77,46,64,10,66,117,68,20,70,71,72,65,74,84,67,81,80,79,38,73,82,83,76,85,92,87,88,89,4,91,109,93,62,95,8,97,98,96,100,101,102,114,104,105,43,107,103,151,110,111,112,113,106,115,116,34,118,119,120,121,122,123,90,125,126,127,128,129,130,131,132,133,134,135,136,137,138,139,140,99,142,143,144,145,146,147,148,149,150,78,152,153,154,155,156,157,158,159,160,161,162,163,164,165,166,167,168,169,170,171,172,173,174,175,176,177,178,179,180,181,182,183,184,185,186,187,188,189,190,191,192,193,194,195,196,197,198,199];False
6532;8844;15376;[111,141,11,3,26,108,18,30,25,94,75,1,12,32,14,15,124,9,16,19,61,41,22,23,24,69,5,27,28,56,63,31,29,33,17,35,36,52,60,39,40,49,42,7,44,45,86,47,48,21,50,51,53,13,54,55,6,57,58,59,2,0,77,46,64,10,66,117,68,20,70,71,72,65,74,84,67,81,80,79,38,73,82,83,76,85,92,87,88,89,4,91,109,93,62,95,8,97,98,96,100,101,102,37,104,105,43,107,103,151,110,114,112,113,106,115,116,34,118,119,120,121,122,123,90,125,126,127,128,129,130,131,132,133,134,135,136,137,138,139,140,99,142,143,144,145,146,147,148,149,150,78,152,153,154,155,156,157,158,159,160,161,162,163,164,165,166,167,168,169,170,171,172,173,174,175,176,177,178,179,180,181,182,183,184,185,186,187,188,189,190,191,192,193,194,195,196,197,198,199];False
6739;8744;15483;[12,141,11,3,26,43,18,30,25,9,4,1,88,32,14,15,124,46,174,19,61,41,22,96,24,69,5,27,99,56,63,31,29,33,17,8,36,95,38,85,40,49,42,7,44,45,60,47,48,21,92,51,53,13,54,55,6,57,58,59,2,0,62,114,64,10,66,117,68,20,70,71,72,65,74,75,67,77,76,28,80,81,39,83,52,37,86,87,84,89,73,91,35,93,94,109,23,97,98,79,100,101,16,142,104,105,106,107,108,102,110,111,112,113,103,115,116,34,118,119,120,121,122,123,90,125,126,78,128,129,130,131,132,133,134,135,136,137,138,139,140,50,82,143,144,145,146,147,148,149,150,151,152,153,154,155,156,157,158,159,160,161,162,163,164,165,166,167,168,169,170,171,172,173,127,175,176,177,178,179,180,181,182,183,184,185,186,187,188,189,190,191,192,193,194,195,196,197,198,199];False
6737;8724;15461;[19,141,11,3,26,43,18,30,25,9,4,1,12,32,14,15,124,46,174,88,61,41,22,96,24,69,5,27,99,56,63,31,29,33,17,8,36,95,38,85,40,49,42,7,44,45,60,47,48,21,92,51,53,13,54,55,6,57,58,59,2,0,62,114,64,10,66,117,68,20,70,71,72,65,74,75,67,77,76,28,80,81,39,83,52,37,86,87,84,89,73,91,35,93,94,109,23,97,98,79,100,101,16,142,104,105,106,107,108,102,110,111,112,113,103,115,116,34,118,119,120,121,122,123,90,125,126,78,128,129,130,131,132,133,134,135,136,137,138,139,140,50,82,143,144,145,146,147,148,149,150,151,152,153,154,155,156,157,158,159,160,161,162,163,164,165,166,167,168,169,170,171,172,173,127,175,176,177,178,179,180,181,182,183,184,185,186,187,188,189,190,191,192,193,194,195,196,197,198,199];False
6707;8782;15489;[69,141,11,3,26,43,18,30,25,9,4,1,12,32,14,15,124,46,174,19,61,41,22,96,24,88,5,27,99,56,63,31,29,33,17,8,36,95,38,85,40,49,42,7,44,45,60,47,48,21,92,51,53,13,54,55,6,57,58,59,2,0,62,114,64,10,66,117,68,20,70,71,72,65,74,75,67,77,76,28,80,81,39,83,52,37,86,87,84,89,73,91,35,93,94,109,23,97,98,79,100,101,16,142,104,105,106,107,108,102,110,111,112,113,103,115,116,34,118,119,120,121,122,123,90,125,126,78,128,129,130,131,132,133,134,135,136,137,138,139,140,50,82,143,144,145,146,147,148,149,150,151,152,153,154,155,156,157,158,159,160,161,162,163,164,165,166,167,168,169,170,171,172,173,127,175,176,177,178,179,180,181,182,183,184,185,186,187,188,189,190,191,192,193,194,195,196,197,198,199];False
6669;8762;15431;[99,141,11,3,26,43,18,30,25,9,4,1,12,32,14,15,124,46,174,19,61,41,22,96,24,69,5,27,88,56,63,31,29,33,17,8,36,95,38,85,40,49,42,7,44,45,60,47,48,21,92,51,53,13,54,55,6,57,58,59,2,0,62,114,64,10,66,117,68,20,70,71,72,65,74,75,67,77,76,28,80,81,39,83,52,37,86,87,84,89,73,91,35,93,94,109,23,97,98,79,100,101,16,142,104,105,106,107,108,102,110,111,112,113,103,115,116,34,118,119,120,121,122,123,90,125,126,78,128,129,130,131,132,133,134,135,136,137,138,139,140,50,82,143,144,145,146,147,148,149,150,151,152,153,154,155,156,157,158,159,160,161,162,163,164,165,166,167,168,169,170,171,172,173,127,175,176,177,178,179,180,181,182,183,184,185,186,187,188,189,190,191,192,193,194,195,196,197,198,199];False
6724;8740;15464;[49,141,11,3,26,43,18,30,25,9,4,1,12,32,14,15,124,46,174,19,61,41,22,96,24,69,5,27,99,56,63,31,29,33,17,8,36,95,38,85,40,88,42,7,44,45,60,47,48,21,92,51,53,13,54,55,6,57,58,59,2,0,62,114,64,10,66,117,68,20,70,71,72,65,74,75,67,77,76,28,80,81,39,83,52,37,86,87,84,89,73,91,35,93,94,109,23,97,98,79,100,101,16,142,104,105,106,107,108,102,110,111,112,113,103,115,116,34,118,119,120,121,122,123,90,125,126,78,128,129,130,131,132,133,134,135,136,137,138,139,140,50,82,143,144,145,146,147,148,149,150,151,152,153,154,155,156,157,158,159,160,161,162,163,164,165,166,167,168,169,170,171,172,173,127,175,176,177,178,179,180,181,182,183,184,185,186,187,188,189,190,191,192,193,194,195,196,197,198,199];False
6772;8719;15491;[14,141,11,3,26,43,18,30,25,9,4,1,12,32,103,15,124,46,174,19,61,41,22,23,24,69,5,27,99,56,63,31,29,33,17,8,36,95,38,85,40,60,42,7,44,45,100,47,48,21,92,51,53,13,54,55,6,57,58,59,2,0,62,96,64,10,66,117,68,20,70,71,72,65,74,75,67,77,76,28,80,81,39,83,52,37,86,87,88,89,73,91,35,93,94,109,84,97,98,79,114,101,16,142,104,105,106,107,108,102,110,111,112,113,49,115,116,34,118,119,120,121,122,123,90,125,126,78,128,129,130,131,132,133,134,135,136,137,138,139,140,50,82,143,144,145,146,147,148,149,150,151,152,153,154,155,156,157,158,159,160,161,162,163,164,165,166,167,168,169,170,171,172,173,127,175,176,177,178,179,180,181,182,183,184,185,186,187,188,189,190,191,192,193,194,195,196,197,198,199];False
6818;8700;15518;[73,141,11,3,26,43,18,30,25,9,4,1,12,32,14,15,124,46,174,19,61,41,22,23,24,69,5,27,99,56,63,31,29,33,17,8,36,95,38,85,40,60,42,7,44,45,100,47,48,21,92,51,53,13,54,55,6,57,58,59,2,0,62,96,64,10,66,117,68,20,70,71,72,65,74,75,67,77,76,28,80,81,39,83,52,37,86,87,88,89,103,91,35,93,94,109,84,97,98,79,114,101,16,142,104,105,106,107,108,102,110,111,112,113,49,115,116,34,118,119,120,121,122,123,90,125,126,78,128,129,130,131,132,133,134,135,136,137,138,139,140,50,82,143,144,145,146,147,148,149,150,151,152,153,154,155,156,157,158,159,160,161,162,163,164,165,166,167,168,169,170,171,172,173,127,175,176,177,178,179,180,181,182,183,184,185,186,187,188,189,190,191,192,193,194,195,196,197,198,199];False
6837;8689;15526;[131,141,11,3,26,43,18,30,25,9,4,1,12,32,14,15,124,46,174,19,61,41,22,23,24,69,5,27,99,56,63,31,29,33,17,8,36,95,38,85,40,60,42,7,44,45,100,47,48,21,92,51,53,13,54,55,6,57,58,59,2,0,62,96,64,10,66,117,68,20,70,71,72,65,74,75,67,77,76,28,80,81,39,83,52,37,86,87,88,89,73,91,35,93,94,109,84,97,98,79,114,101,16,142,104,105,106,107,108,102,110,111,112,113,49,115,116,34,118,119,120,121,122,123,90,125,126,78,128,129,130,103,132,133,134,135,136,137,138,139,140,50,82,143,144,145,146,147,148,149,150,151,152,153,154,155,156,157,158,159,160,161,162,163,164,165,166,167,168,169,170,171,172,173,127,175,176,177,178,179,180,181,182,183,184,185,186,187,188,189,190,191,192,193,194,195,196,197,198,199];False
6666;8751;15417;[139,141,11,3,26,43,18,30,25,9,4,1,12,32,14,15,124,46,174,19,61,41,22,23,24,69,5,27,99,56,63,31,29,33,17,8,36,95,38,85,40,60,42,7,44,45,100,47,48,21,92,51,53,13,54,55,6,57,58,59,2,0,62,96,64,10,66,117,68,20,70,71,72,65,74,75,67,77,76,28,80,81,39,83,52,37,86,87,88,89,73,91,35,93,94,109,84,97,98,79,114,101,16,142,104,105,106,107,108,102,110,111,112,113,49,115,116,34,118,119,120,121,122,123,90,125,126,78,128,129,130,131,132,133,134,135,136,137,138,103,140,50,82,143,144,145,146,147,148,149,150,151,152,153,154,155,156,157,158,159,160,161,162,163,164,165,166,167,168,169,170,171,172,173,127,175,176,177,178,179,180,181,182,183,184,185,186,187,188,189,190,191,192,193,194,195,196,197,198,199];False
6740;8700;15440;[151,141,11,3,26,43,18,30,25,9,4,1,12,32,14,15,124,46,174,19,61,41,22,23,24,69,5,27,99,56,63,31,29,33,17,8,36,95,38,85,40,60,42,7,44,45,100,47,48,21,92,51,53,13,54,55,6,57,58,59,2,0,62,96,64,10,66,117,68,20,70,71,72,65,74,75,67,77,76,28,80,81,39,83,52,37,86,87,88,89,73,91,35,93,94,109,84,97,98,79,114,101,16,142,104,105,106,107,108,102,110,111,112,113,49,115,116,34,118,119,120,121,122,123,90,125,126,78,128,129,130,131,132,133,134,135,136,137,138,139,140,50,82,143,144,145,146,147,148,149,150,103,152,153,154,155,156,157,158,159,160,161,162,163,164,165,166,167,168,169,170,171,172,173,127,175,176,177,178,179,180,181,182,183,184,185,186,187,188,189,190,191,192,193,194,195,196,197,198,199];False
6901;8665;15566;[49,141,11,3,26,43,18,30,25,9,4,1,12,32,14,15,124,46,174,19,61,41,22,23,24,69,5,27,99,56,63,31,29,33,17,8,36,95,38,85,40,60,42,7,44,45,122,47,48,21,92,51,53,13,54,55,6,57,58,59,2,0,62,96,64,10,66,117,68,20,70,71,72,65,74,75,67,77,76,28,80,81,39,83,52,101,86,87,88,89,73,91,35,93,94,109,84,97,98,79,100,114,16,142,104,105,106,107,108,102,110,111,112,113,103,115,116,34,118,119,120,121,37,123,90,125,126,78,128,129,130,131,132,133,134,135,136,137,138,139,140,50,82,143,144,145,146,147,148,149,150,151,152,153,154,155,156,157,158,159,160,161,162,163,164,165,166,167,168,169,170,171,172,173,127,175,176,177,178,179,180,181,182,183,184,185,186,187,188,189,190,191,192,193,194,195,196,197,198,199];False
6888;8675;15563;[18,141,11,3,26,43,131,30,25,9,4,1,12,32,14,15,124,46,174,19,61,41,22,23,24,69,5,27,99,56,63,31,29,33,17,8,36,95,38,85,40,49,42,7,44,45,60,47,48,21,92,51,53,13,54,55,6,57,58,59,2,0,62,96,64,10,66,117,68,20,70,71,72,65,74,75,67,77,76,28,80,81,39,83,52,101,86,87,88,89,73,91,35,93,94,109,84,97,98,79,100,114,16,142,104,105,106,107,108,102,110,111,112,113,103,115,116,34,118,119,120,121,122,123,90,125,126,78,128,129,130,137,132,133,134,135,136,37,138,139,140,50,82,143,144,145,146,147,148,149,150,151,152,153,154,155,156,157,158,159,160,161,162,163,164,165,166,167,168,169,170,171,172,173,127,175,176,177,178,179,180,181,182,183,184,185,186,187,188,189,190,191,192,193,194,195,196,197,198,199];False
6850;8671;15521;[42,141,11,3,26,43,18,30,25,9,4,1,12,32,14,15,124,46,174,19,61,41,22,23,24,69,5,27,99,56,63,31,29,33,17,8,36,95,38,85,40,49,131,7,44,45,60,47,48,21,92,51,53,13,54,55,6,57,58,59,2,0,62,96,64,10,66,117,68,20,70,71,72,65,74,75,67,77,76,28,80,81,39,83,52,101,86,87,88,89,73,91,35,93,94,109,84,97,98,79,100,114,16,142,104,105,106,107,108,102,110,111,112,113,103,115,116,34,118,119,120,121,122,123,90,125,126,78,128,129,130,137,132,133,134,135,136,37,138,139,140,50,82,143,144,145,146,147,148,149,150,151,152,153,154,155,156,157,158,159,160,161,162,163,164,165,166,167,168,169,170,171,172,173,127,175,176,177,178,179,180,181,182,183,184,185,186,187,188,189,190,191,192,193,194,195,196,197,198,199];False
7446;8536;15982;[60,141,11,3,26,43,86,30,25,9,4,1,12,32,14,15,124,46,174,23,61,41,22,40,24,69,5,27,99,56,63,31,29,33,17,8,36,95,38,39,18,158,42,7,44,45,19,47,48,21,92,51,53,13,54,55,6,57,58,59,2,0,62,96,64,10,121,117,68,20,70,71,72,65,74,75,67,77,76,28,80,81,114,83,52,85,66,87,88,89,73,91,35,93,94,37,84,97,98,79,100,101,16,103,104,105,106,107,108,102,110,111,112,113,109,115,116,34,118,119,120,49,122,123,90,125,126,78,128,129,130,131,132,133,134,135,136,137,138,139,140,50,142,143,144,145,146,147,148,149,150,151,152,153,154,155,156,157,82,159,160,161,162,163,164,165,166,167,168,169,170,171,172,173,127,175,176,177,178,179,180,181,182,183,184,185,186,187,188,189,190,191,192,193,194,195,196,197,198,199];False
7401;8549;15950;[30,141,11,3,26,43,86,76,25,9,4,1,12,32,14,15,124,46,174,19,61,41,22,40,24,69,5,27,99,56,63,31,29,33,17,8,36,95,38,39,18,158,42,7,44,45,60,47,48,21,92,51,53,13,54,55,6,57,58,59,2,0,62,96,64,10,121,117,68,20,70,71,72,65,74,75,67,77,23,28,80,81,114,83,52,85,66,87,88,89,73,91,35,93,94,37,84,97,98,79,100,101,16,103,104,105,106,107,108,102,110,111,112,113,109,115,116,34,118,119,120,49,122,123,90,125,126,78,128,129,130,131,132,133,134,135,136,137,138,139,140,50,142,143,144,145,146,147,148,149,150,151,152,153,154,155,156,157,82,159,160,161,162,163,164,165,166,167,168,169,170,171,172,173,127,175,176,177,178,179,180,181,182,183,184,185,186,187,188,189,190,191,192,193,194,195,196,197,198,199];False
7540;8533;16073;[46,141,11,3,26,43,86,30,25,9,4,1,12,32,14,15,124,73,174,19,61,41,22,40,24,69,5,27,99,56,63,31,29,33,17,8,36,95,38,39,18,158,42,7,44,45,60,47,48,21,92,51,53,13,54,55,6,57,58,59,2,0,62,96,64,10,121,117,68,20,70,71,72,65,74,75,67,77,76,28,80,81,114,83,52,85,66,87,88,89,23,91,35,93,94,37,84,97,98,79,100,101,16,103,104,105,106,107,108,102,110,111,112,113,109,115,116,34,118,119,120,49,122,123,90,125,126,78,128,129,130,131,132,133,134,135,136,137,138,139,140,50,142,143,144,145,146,147,148,149,150,151,152,153,154,155,156,157,82,159,160,161,162,163,164,165,166,167,168,169,170,171,172,173,127,175,176,177,178,179,180,181,182,183,184,185,186,187,188,189,190,191,192,193,194,195,196,197,198,199];False
7313;8548;15861;[75,141,11,3,26,43,86,30,25,9,4,1,12,32,14,15,124,46,174,19,61,41,22,40,24,69,5,27,99,56,63,31,29,33,17,8,36,95,38,39,18,158,42,7,44,45,60,47,48,21,92,51,53,13,54,55,6,57,58,59,2,0,62,96,64,10,121,117,68,20,70,71,72,65,74,84,67,77,76,28,80,81,114,83,52,85,66,87,88,89,73,91,35,93,94,37,23,97,98,79,100,101,16,103,104,105,106,107,108,102,110,111,112,113,109,115,116,34,118,119,120,49,122,123,90,125,126,78,128,129,130,131,132,133,134,135,136,137,138,139,140,50,142,143,144,145,146,147,148,149,150,151,152,153,154,155,156,157,82,159,160,161,162,163,164,165,166,167,168,169,170,171,172,173,127,175,176,177,178,179,180,181,182,183,184,185,186,187,188,189,190,191,192,193,194,195,196,197,198,199];False
7243;8561;15804;[79,141,11,3,26,43,86,30,25,9,4,1,12,32,14,15,124,46,174,19,61,41,22,40,24,69,5,27,99,56,63,31,29,33,17,8,36,95,38,39,18,158,42,7,44,45,60,47,48,21,92,51,53,13,54,55,6,57,58,59,2,0,62,96,64,10,121,117,68,20,70,71,72,65,74,75,67,77,76,28,80,81,114,83,52,85,66,87,88,89,73,91,35,93,94,37,23,97,98,84,100,101,16,103,104,105,106,107,108,102,110,111,112,113,109,115,116,34,118,119,120,49,122,123,90,125,126,78,128,129,130,131,132,133,134,135,136,137,138,139,140,50,142,143,144,145,146,147,148,149,150,151,152,153,154,155,156,157,82,159,160,161,162,163,164,165,166,167,168,169,170,171,172,173,127,175,176,177,178,179,180,181,182,183,184,185,186,187,188,189,190,191,192,193,194,195,196,197,198,199];False
7203;8567;15770;[174,141,11,3,26,43,18,30,25,9,4,1,12,32,14,15,124,46,19,98,61,41,22,23,24,69,5,27,99,56,63,31,29,33,17,8,36,95,38,39,40,158,42,7,44,45,86,47,48,21,92,51,53,13,54,55,6,57,60,59,2,0,62,96,64,10,121,117,68,20,70,71,72,65,74,75,67,77,76,28,80,81,114,83,52,85,66,87,88,89,73,91,35,93,94,37,84,97,58,79,100,101,16,103,104,105,106,107,108,102,110,111,112,113,109,115,116,34,118,119,120,49,122,123,90,125,126,78,128,129,130,131,132,133,134,135,136,137,138,139,140,50,142,143,144,145,146,147,148,149,150,151,152,153,154,155,156,157,82,159,160,161,162,163,164,165,166,167,168,169,170,171,172,173,127,175,176,177,178,179,180,181,182,183,184,185,186,187,188,189,190,191,192,193,194,195,196,197,198,199];False
7113;8592;15705;[14,141,11,3,26,43,18,30,25,9,4,1,12,32,23,15,124,46,174,19,61,41,22,98,24,69,5,27,99,56,63,31,29,33,17,8,36,95,38,39,40,158,42,7,44,45,86,47,48,21,92,51,53,13,54,55,6,57,60,59,2,0,62,96,64,10,121,117,68,20,70,71,72,65,74,75,67,77,76,28,80,81,114,83,52,85,66,87,88,89,73,91,35,93,94,37,84,97,58,79,100,101,16,103,104,105,106,107,108,102,110,111,112,113,109,115,116,34,118,119,120,49,122,123,90,125,126,78,128,129,130,131,132,133,134,135,136,137,138,139,140,50,142,143,144,145,146,147,148,149,150,151,152,153,154,155,156,157,82,159,160,161,162,163,164,165,166,167,168,169,170,171,172,173,127,175,176,177,178,179,180,181,182,183,184,185,186,187,188,189,190,191,192,193,194,195,196,197,198,199];False
7193;8560;15753;[19,141,11,3,26,43,18,30,25,9,4,1,12,32,14,15,124,46,174,23,61,41,22,98,24,69,5,27,99,56,63,31,29,33,17,8,36,95,38,39,40,158,42,7,44,45,86,47,48,21,92,51,53,13,54,55,6,57,60,59,2,0,62,96,64,10,121,117,68,20,70,71,72,65,74,75,67,77,76,28,80,81,114,83,52,85,66,87,88,89,73,91,35,93,94,37,84,97,58,79,100,101,16,103,104,105,106,107,108,102,110,111,112,113,109,115,116,34,118,119,120,49,122,123,90,125,126,78,128,129,130,131,132,133,134,135,136,137,138,139,140,50,142,143,144,145,146,147,148,149,150,151,152,153,154,155,156,157,82,159,160,161,162,163,164,165,166,167,168,169,170,171,172,173,127,175,176,177,178,179,180,181,182,183,184,185,186,187,188,189,190,191,192,193,194,195,196,197,198,199];False
7108;8608;15716;[77,141,11,3,26,43,18,30,25,9,4,1,12,32,14,15,124,46,174,19,61,41,22,98,24,69,5,27,99,56,63,31,29,33,17,8,36,95,38,39,40,158,42,7,44,45,86,47,48,21,92,51,53,13,54,55,6,57,60,59,2,0,62,96,64,10,121,117,68,20,70,71,72,65,74,75,67,23,76,28,80,81,114,83,52,85,66,87,88,89,73,91,35,93,94,37,84,97,58,79,100,101,16,103,104,105,106,107,108,102,110,111,112,113,109,115,116,34,118,119,120,49,122,123,90,125,126,78,128,129,130,131,132,133,134,135,136,137,138,139,140,50,142,143,144,145,146,147,148,149,150,151,152,153,154,155,156,157,82,159,160,161,162,163,164,165,166,167,168,169,170,171,172,173,127,175,176,177,178,179,180,181,182,183,184,185,186,187,188,189,190,191,192,193,194,195,196,197,198,199];False
7175;8571;15746;[76,141,11,3,26,43,18,30,25,9,4,1,12,32,14,15,124,46,174,19,61,41,22,98,24,69,5,27,99,56,63,31,29,33,17,8,36,95,38,39,40,158,42,7,44,45,86,47,48,21,92,51,53,13,54,55,6,57,60,59,2,0,62,96,64,10,121,117,68,20,70,71,72,65,74,75,67,77,23,28,80,81,114,83,52,85,66,87,88,89,73,91,35,93,94,37,84,97,58,79,100,101,16,103,104,105,106,107,108,102,110,111,112,113,109,115,116,34,118,119,120,49,122,123,90,125,126,78,128,129,130,131,132,133,134,135,136,137,138,139,140,50,142,143,144,145,146,147,148,149,150,151,152,153,154,155,156,157,82,159,160,161,162,163,164,165,166,167,168,169,170,171,172,173,127,175,176,177,178,179,180,181,182,183,184,185,186,187,188,189,190,191,192,193,194,195,196,197,198,199];False
7174;8583;15757;[114,141,11,3,26,43,18,30,25,9,4,1,12,32,14,15,124,46,174,19,61,41,22,98,24,69,5,27,99,56,63,31,29,33,17,8,36,95,38,39,40,158,42,7,44,45,86,47,48,21,92,51,53,13,54,55,6,57,60,59,2,0,62,96,64,10,121,117,68,20,70,71,72,65,74,75,67,77,76,28,80,81,23,83,52,85,66,87,88,89,73,91,35,93,94,37,84,97,58,79,100,101,16,103,104,105,106,107,108,102,110,111,112,113,109,115,116,34,118,119,120,49,122,123,90,125,126,78,128,129,130,131,132,133,134,135,136,137,138,139,140,50,142,143,144,145,146,147,148,149,150,151,152,153,154,155,156,157,82,159,160,161,162,163,164,165,166,167,168,169,170,171,172,173,127,175,176,177,178,179,180,181,182,183,184,185,186,187,188,189,190,191,192,193,194,195,196,197,198,199];False
7291;8556;15847;[73,141,11,3,26,43,18,30,25,9,4,1,12,32,14,15,124,46,174,19,61,41,22,98,24,69,5,27,99,56,63,31,29,33,17,8,36,95,38,39,40,158,42,7,44,45,86,47,48,21,92,51,53,13,54,55,6,57,60,59,2,0,62,96,64,10,121,117,68,20,70,71,72,65,74,75,67,77,76,28,80,81,114,83,52,85,66,87,88,89,23,91,35,93,94,37,84,97,58,79,100,101,16,103,104,105,106,107,108,102,110,111,112,113,109,115,116,34,118,119,120,49,122,123,90,125,126,78,128,129,130,131,132,133,134,135,136,137,138,139,140,50,142,143,144,145,146,147,148,149,150,151,152,153,154,155,156,157,82,159,160,161,162,163,164,165,166,167,168,169,170,171,172,173,127,175,176,177,178,179,180,181,182,183,184,185,186,187,188,189,190,191,192,193,194,195,196,197,198,199];False
7034;8586;15620;[84,141,11,3,26,43,18,30,25,9,4,1,12,32,14,15,124,46,174,19,61,41,22,98,24,69,5,27,99,56,63,31,29,33,17,8,36,95,38,39,40,158,42,7,44,45,86,47,48,21,92,51,53,13,54,55,6,57,60,59,2,0,62,96,64,10,121,117,68,20,70,71,72,65,74,75,67,77,76,28,80,81,114,83,52,85,66,87,88,89,73,91,35,93,94,37,23,97,58,79,100,101,16,103,104,105,106,107,108,102,110,111,112,113,109,115,116,34,118,119,120,49,122,123,90,125,126,78,128,129,130,131,132,133,134,135,136,137,138,139,140,50,142,143,144,145,146,147,148,149,150,151,152,153,154,155,156,157,82,159,160,161,162,163,164,165,166,167,168,169,170,171,172,173,127,175,176,177,178,179,180,181,182,183,184,185,186,187,188,189,190,191,192,193,194,195,196,197,198,199];False
6283;9079;15362;[14,52,11,3,26,103,18,30,25,94,75,1,12,32,23,15,124,9,16,19,131,41,22,96,24,69,5,27,28,56,63,31,29,33,17,35,74,37,60,39,40,49,42,7,44,45,86,47,48,21,50,51,53,13,54,55,6,57,58,59,2,0,77,46,64,10,66,117,68,20,70,71,72,65,8,84,67,81,80,79,38,73,82,83,76,85,92,87,88,89,4,91,109,93,62,95,115,97,98,99,100,101,102,61,104,105,43,107,108,151,110,111,112,113,114,121,116,34,118,119,120,106,122,123,90,125,126,127,128,129,130,36,132,133,134,135,136,137,138,139,140,141,142,143,144,145,146,147,148,149,150,78,152,153,154,155,156,157,158,159,160,161,162,163,164,165,166,167,168,169,170,171,172,173,174,175,176,177,178,179,180,181,182,183,184,185,186,187,188,189,190,191,192,193,194,195,196,197,198,199];False
6293;9078;15371;[17,52,11,3,26,103,18,30,25,94,75,1,12,32,14,15,124,9,16,19,131,41,22,96,24,69,5,27,28,56,63,31,29,33,23,35,74,37,60,39,40,49,42,7,44,45,86,47,48,21,50,51,53,13,54,55,6,57,58,59,2,0,77,46,64,10,66,117,68,20,70,71,72,65,8,84,67,81,80,79,38,73,82,83,76,85,92,87,88,89,4,91,109,93,62,95,115,97,98,99,100,101,102,61,104,105,43,107,108,151,110,111,112,113,114,121,116,34,118,119,120,106,122,123,90,125,126,127,128,129,130,36,132,133,134,135,136,137,138,139,140,141,142,143,144,145,146,147,148,149,150,78,152,153,154,155,156,157,158,159,160,161,162,163,164,165,166,167,168,169,170,171,172,173,174,175,176,177,178,179,180,181,182,183,184,185,186,187,188,189,190,191,192,193,194,195,196,197,198,199];False
6279;9089;15368;[65,52,11,3,26,103,18,30,25,94,75,1,12,32,14,15,124,9,16,19,131,41,22,96,24,69,5,27,28,56,63,31,29,33,17,35,74,37,60,39,40,49,42,7,44,45,86,47,48,21,50,51,53,13,54,55,6,57,58,59,2,0,77,46,64,10,66,117,68,20,70,71,72,23,8,84,67,81,80,79,38,73,82,83,76,85,92,87,88,89,4,91,109,93,62,95,115,97,98,99,100,101,102,61,104,105,43,107,108,151,110,111,112,113,114,121,116,34,118,119,120,106,122,123,90,125,126,127,128,129,130,36,132,133,134,135,136,137,138,139,140,141,142,143,144,145,146,147,148,149,150,78,152,153,154,155,156,157,158,159,160,161,162,163,164,165,166,167,168,169,170,171,172,173,174,175,176,177,178,179,180,181,182,183,184,185,186,187,188,189,190,191,192,193,194,195,196,197,198,199];False
6285;9076;15361;[79,52,11,3,26,103,18,30,25,94,75,1,12,32,14,15,124,9,16,19,131,41,22,96,24,69,5,27,28,56,63,31,29,33,17,35,74,37,60,39,40,49,42,7,44,45,86,47,48,21,50,51,53,13,54,55,6,57,58,59,2,0,77,46,64,10,66,117,68,20,70,71,72,65,8,84,67,81,80,23,38,73,82,83,76,85,92,87,88,89,4,91,109,93,62,95,115,97,98,99,100,101,102,61,104,105,43,107,108,151,110,111,112,113,114,121,116,34,118,119,120,106,122,123,90,125,126,127,128,129,130,36,132,133,134,135,136,137,138,139,140,141,142,143,144,145,146,147,148,149,150,78,152,153,154,155,156,157,158,159,160,161,162,163,164,165,166,167,168,169,170,171,172,173,174,175,176,177,178,179,180,181,182,183,184,185,186,187,188,189,190,191,192,193,194,195,196,197,198,199];False
6274;9091;15365;[83,52,11,3,26,103,18,30,25,94,75,1,12,32,14,15,124,9,16,19,131,41,22,96,24,69,5,27,28,56,63,31,29,33,17,35,74,37,60,39,40,49,42,7,44,45,86,47,48,21,50,51,53,13,54,55,6,57,58,59,2,0,77,46,64,10,66,117,68,20,70,71,72,65,8,84,67,81,80,79,38,73,82,23,76,85,92,87,88,89,4,91,109,93,62,95,115,97,98,99,100,101,102,61,104,105,43,107,108,151,110,111,112,113,114,121,116,34,118,119,120,106,122,123,90,125,126,127,128,129,130,36,132,133,134,135,136,137,138,139,140,141,142,143,144,145,146,147,148,149,150,78,152,153,154,155,156,157,158,159,160,161,162,163,164,165,166,167,168,169,170,171,172,173,174,175,176,177,178,179,180,181,182,183,184,185,186,187,188,189,190,191,192,193,194,195,196,197,198,199];False
6272;9077;15349;[62,52,11,3,26,103,18,30,25,94,75,1,12,32,14,15,124,9,16,19,131,41,22,96,24,69,5,27,28,56,63,31,29,33,17,35,74,37,60,39,40,49,42,7,44,45,86,47,48,21,50,51,53,13,54,55,6,57,58,59,2,0,77,46,64,10,66,117,68,20,70,71,72,65,8,84,67,81,80,79,38,73,82,83,76,85,92,87,88,89,4,91,109,93,23,95,115,97,98,99,100,101,102,61,104,105,43,107,108,151,110,111,112,113,114,121,116,34,118,119,120,106,122,123,90,125,126,127,128,129,130,36,132,133,134,135,136,137,138,139,140,141,142,143,144,145,146,147,148,149,150,78,152,153,154,155,156,157,158,159,160,161,162,163,164,165,166,167,168,169,170,171,172,173,174,175,176,177,178,179,180,181,182,183,184,185,186,187,188,189,190,191,192,193,194,195,196,197,198,199];False
6441;8910;15351;[19,141,11,3,26,96,18,30,25,94,75,1,12,32,14,15,124,9,37,16,61,41,22,23,24,69,5,27,28,56,63,31,29,33,17,35,36,52,60,39,40,49,42,7,44,45,86,47,48,21,50,51,53,13,54,55,6,57,58,59,2,0,77,46,64,10,66,117,68,20,70,71,72,65,8,84,67,81,80,79,38,73,82,83,76,85,122,87,88,89,4,91,109,93,62,95,115,97,98,99,100,101,102,103,104,105,43,107,108,151,110,111,112,113,114,121,116,34,118,119,120,106,74,123,90,125,126,127,128,129,130,131,132,133,134,135,136,137,138,139,140,92,142,143,144,145,146,147,148,149,150,78,152,153,154,155,156,157,158,159,160,161,162,163,164,165,166,167,168,169,170,171,172,173,174,175,176,177,178,179,180,181,182,183,184,185,186,187,188,189,190,191,192,193,194,195,196,197,198,199];False
6424;8907;15331;[53,141,11,3,26,96,18,30,25,94,75,1,12,32,14,15,124,9,37,19,61,41,22,23,24,69,5,27,28,56,63,31,29,33,17,35,36,52,60,39,40,49,42,7,44,45,86,47,48,21,50,51,16,13,54,55,6,57,58,59,2,0,77,46,64,10,66,117,68,20,70,71,72,65,8,84,67,81,80,79,38,73,82,83,76,85,122,87,88,89,4,91,109,93,62,95,115,97,98,99,100,101,102,103,104,105,43,107,108,151,110,111,112,113,114,121,116,34,118,119,120,106,74,123,90,125,126,127,128,129,130,131,132,133,134,135,136,137,138,139,140,92,142,143,144,145,146,147,148,149,150,78,152,153,154,155,156,157,158,159,160,161,162,163,164,165,166,167,168,169,170,171,172,173,174,175,176,177,178,179,180,181,182,183,184,185,186,187,188,189,190,191,192,193,194,195,196,197,198,199];False
6470;8892;15362;[8,141,11,3,26,96,18,30,25,94,75,1,12,32,14,15,124,9,37,19,61,41,22,23,24,69,5,27,28,56,63,31,29,33,17,35,36,52,60,39,40,49,42,7,44,45,86,47,48,21,50,51,53,13,54,55,6,57,58,59,2,0,77,46,64,10,66,117,68,20,70,71,72,65,16,84,67,81,80,79,38,73,82,83,76,85,122,87,88,89,4,91,109,93,62,95,115,97,98,99,100,101,102,103,104,105,43,107,108,151,110,111,112,113,114,121,116,34,118,119,120,106,74,123,90,125,126,127,128,129,130,131,132,133,134,135,136,137,138,139,140,92,142,143,144,145,146,147,148,149,150,78,152,153,154,155,156,157,158,159,160,161,162,163,164,165,166,167,168,169,170,171,172,173,174,175,176,177,178,179,180,181,182,183,184,185,186,187,188,189,190,191,192,193,194,195,196,197,198,199];False
6412;8907;15319;[99,141,11,3,26,96,18,30,25,94,75,1,12,32,14,15,124,9,37,19,61,41,22,23,24,69,5,27,28,56,63,31,29,33,17,35,36,52,60,39,40,49,42,7,44,45,86,47,48,21,50,51,53,13,54,55,6,57,58,59,2,0,77,46,64,10,66,117,68,20,70,71,72,65,8,84,67,81,80,79,38,73,82,83,76,85,122,87,88,89,4,91,109,93,62,95,115,97,98,16,100,101,102,103,104,105,43,107,108,151,110,111,112,113,114,121,116,34,118,119,120,106,74,123,90,125,126,127,128,129,130,131,132,133,134,135,136,137,138,139,140,92,142,143,144,145,146,147,148,149,150,78,152,153,154,155,156,157,158,159,160,161,162,163,164,165,166,167,168,169,170,171,172,173,174,175,176,177,178,179,180,181,182,183,184,185,186,187,188,189,190,191,192,193,194,195,196,197,198,199];False
6452;8893;15345;[100,141,11,3,26,96,18,30,25,94,75,1,12,32,14,15,124,9,37,19,61,41,22,23,24,69,5,27,28,56,63,31,29,33,17,35,36,52,60,39,40,49,42,7,44,45,86,47,48,21,50,51,53,13,54,55,6,57,58,59,2,0,77,46,64,10,66,117,68,20,70,71,72,65,8,84,67,81,80,79,38,73,82,83,76,85,122,87,88,89,4,91,109,93,62,95,115,97,98,99,16,101,102,103,104,105,43,107,108,151,110,111,112,113,114,121,116,34,118,119,120,106,74,123,90,125,126,127,128,129,130,131,132,133,134,135,136,137,138,139,140,92,142,143,144,145,146,147,148,149,150,78,152,153,154,155,156,157,158,159,160,161,162,163,164,165,166,167,168,169,170,171,172,173,174,175,176,177,178,179,180,181,182,183,184,185,186,187,188,189,190,191,192,193,194,195,196,197,198,199];False
6393;8898;15291;[102,141,11,3,26,96,18,30,25,94,75,1,12,32,14,15,124,9,37,19,61,41,22,23,24,69,5,27,28,56,63,31,29,33,17,35,36,52,60,39,40,49,42,7,44,45,86,47,48,21,50,51,53,13,54,55,6,57,58,59,2,0,77,46,64,10,66,117,68,20,70,71,72,65,8,84,67,81,80,79,38,73,82,83,76,85,122,87,88,89,4,91,109,93,62,95,115,97,98,99,100,101,16,103,104,105,43,107,108,151,110,111,112,113,114,121,116,34,118,119,120,106,74,123,90,125,126,127,128,129,130,131,132,133,134,135,136,137,138,139,140,92,142,143,144,145,146,147,148,149,150,78,152,153,154,155,156,157,158,159,160,161,162,163,164,165,166,167,168,169,170,171,172,173,174,175,176,177,178,179,180,181,182,183,184,185,186,187,188,189,190,191,192,193,194,195,196,197,198,199];False
6303;8924;15227;[14,141,11,3,26,96,18,30,25,94,75,1,12,32,103,15,124,9,16,19,61,41,22,23,24,69,5,27,28,56,63,31,29,33,17,35,36,52,60,39,40,49,42,7,44,45,86,47,48,21,50,51,53,13,54,55,6,57,58,59,2,0,77,46,64,10,66,117,68,20,70,71,72,65,8,84,67,81,80,79,38,73,82,83,76,85,122,87,88,89,4,91,109,93,62,95,115,97,98,99,100,101,102,37,104,105,43,107,108,151,110,111,112,113,114,121,116,34,118,119,120,106,74,123,90,125,126,127,128,129,130,131,132,133,134,135,136,137,138,139,140,92,142,143,144,145,146,147,148,149,150,78,152,153,154,155,156,157,158,159,160,161,162,163,164,165,166,167,168,169,170,171,172,173,174,175,176,177,178,179,180,181,182,183,184,185,186,187,188,189,190,191,192,193,194,195,196,197,198,199];False
6350;8913;15263;[16,141,11,3,26,96,18,30,25,94,75,1,12,32,14,15,124,9,103,19,61,41,22,23,24,69,5,27,28,56,63,31,29,33,17,35,36,52,60,39,40,49,42,7,44,45,86,47,48,21,50,51,53,13,54,55,6,57,58,59,2,0,77,46,64,10,66,117,68,20,70,71,72,65,8,84,67,81,80,79,38,73,82,83,76,85,122,87,88,89,4,91,109,93,62,95,115,97,98,99,100,101,102,37,104,105,43,107,108,151,110,111,112,113,114,121,116,34,118,119,120,106,74,123,90,125,126,127,128,129,130,131,132,133,134,135,136,137,138,139,140,92,142,143,144,145,146,147,148,149,150,78,152,153,154,155,156,157,158,159,160,161,162,163,164,165,166,167,168,169,170,171,172,173,174,175,176,177,178,179,180,181,182,183,184,185,186,187,188,189,190,191,192,193,194,195,196,197,198,199];False
6383;8899;15282;[19,141,11,3,26,96,18,30,25,94,75,1,12,32,14,15,124,9,16,103,61,41,22,23,24,69,5,27,28,56,63,31,29,33,17,35,36,52,60,39,40,49,42,7,44,45,86,47,48,21,50,51,53,13,54,55,6,57,58,59,2,0,77,46,64,10,66,117,68,20,70,71,72,65,8,84,67,81,80,79,38,73,82,83,76,85,122,87,88,89,4,91,109,93,62,95,115,97,98,99,100,101,102,37,104,105,43,107,108,151,110,111,112,113,114,121,116,34,118,119,120,106,74,123,90,125,126,127,128,129,130,131,132,133,134,135,136,137,138,139,140,92,142,143,144,145,146,147,148,149,150,78,152,153,154,155,156,157,158,159,160,161,162,163,164,165,166,167,168,169,170,171,172,173,174,175,176,177,178,179,180,181,182,183,184,185,186,187,188,189,190,191,192,193,194,195,196,197,198,199];False
6434;8883;15317;[64,141,11,3,26,96,18,30,25,94,75,1,12,32,14,15,124,9,16,19,61,41,22,23,24,69,5,27,28,56,63,31,29,33,17,35,36,52,60,39,40,49,42,7,44,45,86,47,48,21,50,51,53,13,54,55,6,57,58,59,2,0,77,46,103,10,66,117,68,20,70,71,72,65,8,84,67,81,80,79,38,73,82,83,76,85,122,87,88,89,4,91,109,93,62,95,115,97,98,99,100,101,102,37,104,105,43,107,108,151,110,111,112,113,114,121,116,34,118,119,120,106,74,123,90,125,126,127,128,129,130,131,132,133,134,135,136,137,138,139,140,92,142,143,144,145,146,147,148,149,150,78,152,153,154,155,156,157,158,159,160,161,162,163,164,165,166,167,168,169,170,171,172,173,174,175,176,177,178,179,180,181,182,183,184,185,186,187,188,189,190,191,192,193,194,195,196,197,198,199];False
6417;8892;15309;[79,141,11,3,26,96,18,30,25,94,75,1,12,32,14,15,124,9,16,19,61,41,22,23,24,69,5,27,28,56,63,31,29,33,17,35,36,52,60,39,40,49,42,7,44,45,86,47,48,21,50,51,53,13,54,55,6,57,58,59,2,0,77,46,64,10,66,117,68,20,70,71,72,65,8,84,67,81,80,103,38,73,82,83,76,85,122,87,88,89,4,91,109,93,62,95,115,97,98,99,100,101,102,37,104,105,43,107,108,151,110,111,112,113,114,121,116,34,118,119,120,106,74,123,90,125,126,127,128,129,130,131,132,133,134,135,136,137,138,139,140,92,142,143,144,145,146,147,148,149,150,78,152,153,154,155,156,157,158,159,160,161,162,163,164,165,166,167,168,169,170,171,172,173,174,175,176,177,178,179,180,181,182,183,184,185,186,187,188,189,190,191,192,193,194,195,196,197,198,199];False
6314;8919;15233;[99,141,11,3,26,96,18,30,25,94,75,1,12,32,14,15,124,9,16,19,61,41,22,23,24,69,5,27,28,56,63,31,29,33,17,35,36,52,60,39,40,49,42,7,44,45,86,47,48,21,50,51,53,13,54,55,6,57,58,59,2,0,77,46,64,10,66,117,68,20,70,71,72,65,8,84,67,81,80,79,38,73,82,83,76,85,122,87,88,89,4,91,109,93,62,95,115,97,98,103,100,101,102,37,104,105,43,107,108,151,110,111,112,113,114,121,116,34,118,119,120,106,74,123,90,125,126,127,128,129,130,131,132,133,134,135,136,137,138,139,140,92,142,143,144,145,146,147,148,149,150,78,152,153,154,155,156,157,158,159,160,161,162,163,164,165,166,167,168,169,170,171,172,173,174,175,176,177,178,179,180,181,182,183,184,185,186,187,188,189,190,191,192,193,194,195,196,197,198,199];False
6335;8916;15251;[100,141,11,3,26,96,18,30,25,94,75,1,12,32,14,15,124,9,16,19,61,41,22,23,24,69,5,27,28,56,63,31,29,33,17,35,36,52,60,39,40,49,42,7,44,45,86,47,48,21,50,51,53,13,54,55,6,57,58,59,2,0,77,46,64,10,66,117,68,20,70,71,72,65,8,84,67,81,80,79,38,73,82,83,76,85,122,87,88,89,4,91,109,93,62,95,115,97,98,99,103,101,102,37,104,105,43,107,108,151,110,111,112,113,114,121,116,34,118,119,120,106,74,123,90,125,126,127,128,129,130,131,132,133,134,135,136,137,138,139,140,92,142,143,144,145,146,147,148,149,150,78,152,153,154,155,156,157,158,159,160,161,162,163,164,165,166,167,168,169,170,171,172,173,174,175,176,177,178,179,180,181,182,183,184,185,186,187,188,189,190,191,192,193,194,195,196,197,198,199];False
6286;8939;15225;[104,141,11,3,26,96,18,30,25,94,75,1,12,32,14,15,124,9,16,19,61,41,22,23,24,69,5,27,28,56,63,31,29,33,17,35,36,52,60,39,40,49,42,7,44,45,86,47,48,21,50,51,53,13,54,55,6,57,58,59,2,0,77,46,64,10,66,117,68,20,70,71,72,65,8,84,67,81,80,79,38,73,82,83,76,85,122,87,88,89,4,91,109,93,62,95,115,97,98,99,100,101,102,37,103,105,43,107,108,151,110,111,112,113,114,121,116,34,118,119,120,106,74,123,90,125,126,127,128,129,130,131,132,133,134,135,136,137,138,139,140,92,142,143,144,145,146,147,148,149,150,78,152,153,154,155,156,157,158,159,160,161,162,163,164,165,166,167,168,169,170,171,172,173,174,175,176,177,178,179,180,181,182,183,184,185,186,187,188,189,190,191,192,193,194,195,196,197,198,199];False
6304;8914;15218;[108,141,11,3,26,96,18,30,25,94,75,1,12,32,14,15,124,9,16,19,61,41,22,23,24,69,5,27,28,56,63,31,29,33,17,35,36,52,60,39,40,49,42,7,44,45,86,47,48,21,50,51,53,13,54,55,6,57,58,59,2,0,77,46,64,10,66,117,68,20,70,71,72,65,8,84,67,81,80,79,38,73,82,83,76,85,122,87,88,89,4,91,109,93,62,95,115,97,98,99,100,101,102,37,104,105,43,107,103,151,110,111,112,113,114,121,116,34,118,119,120,106,74,123,90,125,126,127,128,129,130,131,132,133,134,135,136,137,138,139,140,92,142,143,144,145,146,147,148,149,150,78,152,153,154,155,156,157,158,159,160,161,162,163,164,165,166,167,168,169,170,171,172,173,174,175,176,177,178,179,180,181,182,183,184,185,186,187,188,189,190,191,192,193,194,195,196,197,198,199];False
6617;8825;15442;[28,141,11,3,26,108,18,30,25,94,75,1,12,32,14,15,124,9,46,19,61,41,22,23,24,69,5,27,16,56,63,31,29,33,17,35,36,52,60,39,40,49,42,7,44,45,86,47,48,21,50,51,53,13,54,55,6,57,58,59,2,0,77,114,64,10,66,117,68,20,70,71,72,65,74,84,67,81,80,79,38,73,82,83,76,85,92,87,88,89,4,91,109,93,62,95,8,97,98,96,100,101,102,37,104,105,43,107,103,151,110,111,112,113,99,115,116,34,118,119,120,121,122,123,90,125,126,127,128,129,130,131,132,133,134,135,136,137,138,139,140,106,142,143,144,145,146,147,148,149,150,78,152,153,154,155,156,157,158,159,160,161,162,163,164,165,166,167,168,169,170,171,172,173,174,175,176,177,178,179,180,181,182,183,184,185,186,187,188,189,190,191,192,193,194,195,196,197,198,199];False
6631;8821;15452;[101,141,11,3,26,108,18,30,25,94,75,1,12,32,14,15,124,9,46,19,61,41,22,23,24,69,5,27,28,56,63,31,29,33,17,35,36,52,60,39,40,49,42,7,44,45,86,47,48,21,50,51,53,13,54,55,6,57,58,59,2,0,77,114,64,10,66,117,68,20,70,71,72,65,74,84,67,81,80,79,38,73,82,83,76,85,92,87,88,89,4,91,109,93,62,95,8,97,98,96,100,16,102,37,104,105,43,107,103,151,110,111,112,113,99,115,116,34,118,119,120,121,122,123,90,125,126,127,128,129,130,131,132,133,134,135,136,137,138,139,140,106,142,143,144,145,146,147,148,149,150,78,152,153,154,155,156,157,158,159,160,161,162,163,164,165,166,167,168,169,170,171,172,173,174,175,176,177,178,179,180,181,182,183,184,185,186,187,188,189,190,191,192,193,194,195,196,197,198,199];False
6639;8815;15454;[99,141,11,3,26,108,18,30,25,94,75,1,12,32,14,15,124,9,46,19,61,41,22,23,24,69,5,27,28,56,63,31,29,33,17,35,36,52,60,39,40,49,42,7,44,45,86,47,48,21,50,51,53,13,54,55,6,57,58,59,2,0,77,114,64,10,66,117,68,20,70,71,72,65,74,84,67,81,80,79,38,73,82,83,76,85,92,87,88,89,4,91,109,93,62,95,8,97,98,96,100,101,102,37,104,105,43,107,103,151,110,111,112,113,16,115,116,34,118,119,120,121,122,123,90,125,126,127,128,129,130,131,132,133,134,135,136,137,138,139,140,106,142,143,144,145,146,147,148,149,150,78,152,153,154,155,156,157,158,159,160,161,162,163,164,165,166,167,168,169,170,171,172,173,174,175,176,177,178,179,180,181,182,183,184,185,186,187,188,189,190,191,192,193,194,195,196,197,198,199];False
6603;8808;15411;[115,141,11,3,26,108,18,30,25,94,75,1,12,32,14,15,124,9,46,19,61,41,22,23,24,69,5,27,28,56,63,31,29,33,17,35,36,52,60,39,40,49,42,7,44,45,86,47,48,21,50,51,53,13,54,55,6,57,58,59,2,0,77,114,64,10,66,117,68,20,70,71,72,65,74,84,67,81,80,79,38,73,82,83,76,85,92,87,88,89,4,91,109,93,62,95,8,97,98,96,100,101,102,37,104,105,43,107,103,151,110,111,112,113,99,16,116,34,118,119,120,121,122,123,90,125,126,127,128,129,130,131,132,133,134,135,136,137,138,139,140,106,142,143,144,145,146,147,148,149,150,78,152,153,154,155,156,157,158,159,160,161,162,163,164,165,166,167,168,169,170,171,172,173,174,175,176,177,178,179,180,181,182,183,184,185,186,187,188,189,190,191,192,193,194,195,196,197,198,199];False
6474;8874;15348;[115,141,11,3,26,108,18,30,25,94,75,1,12,32,14,15,124,9,114,19,61,41,22,23,24,69,5,27,28,56,63,31,29,33,17,35,36,52,60,39,40,49,42,7,44,45,86,47,48,21,50,51,53,13,54,55,6,57,58,59,2,0,77,46,64,10,66,117,68,20,70,71,72,65,74,84,67,81,80,79,38,73,82,83,76,85,92,87,88,89,4,91,109,93,62,95,8,97,98,96,100,101,102,37,104,105,43,107,103,151,110,111,112,113,106,16,116,34,118,119,120,121,122,123,90,125,126,127,128,129,130,131,132,133,134,135,136,137,138,139,140,99,142,143,144,145,146,147,148,149,150,78,152,153,154,155,156,157,158,159,160,161,162,163,164,165,166,167,168,169,170,171,172,173,174,175,176,177,178,179,180,181,182,183,184,185,186,187,188,189,190,191,192,193,194,195,196,197,198,199];False
6473;8869;15342;[34,141,11,3,26,108,18,30,25,94,75,1,12,32,14,15,124,9,114,19,61,41,22,23,24,69,5,27,28,56,63,31,29,33,17,35,36,52,60,39,40,49,42,7,44,45,86,47,48,21,50,51,53,13,54,55,6,57,58,59,2,0,77,46,64,10,66,117,68,20,70,71,72,65,74,84,67,81,80,79,38,73,82,83,76,85,92,87,88,89,4,91,109,93,62,95,8,97,98,96,100,101,102,37,104,105,43,107,103,151,110,111,112,113,106,115,116,16,118,119,120,121,122,123,90,125,126,127,128,129,130,131,132,133,134,135,136,137,138,139,140,99,142,143,144,145,146,147,148,149,150,78,152,153,154,155,156,157,158,159,160,161,162,163,164,165,166,167,168,169,170,171,172,173,174,175,176,177,178,179,180,181,182,183,184,185,186,187,188,189,190,191,192,193,194,195,196,197,198,199];False
6505;8860;15365;[92,141,11,3,26,108,18,30,25,94,75,1,12,32,14,15,124,9,16,114,61,41,22,23,24,69,5,27,28,56,63,31,29,33,17,35,36,52,60,39,40,49,42,7,44,45,86,47,48,21,50,51,53,13,54,55,6,57,58,59,2,0,77,46,64,10,66,117,68,20,70,71,72,65,74,84,67,81,80,79,38,73,82,83,76,85,19,87,88,89,4,91,109,93,62,95,8,97,98,96,100,101,102,37,104,105,43,107,103,151,110,111,112,113,106,115,116,34,118,119,120,121,122,123,90,125,126,127,128,129,130,131,132,133,134,135,136,137,138,139,140,99,142,143,144,145,146,147,148,149,150,78,152,153,154,155,156,157,158,159,160,161,162,163,164,165,166,167,168,169,170,171,172,173,174,175,176,177,178,179,180,181,182,183,184,185,186,187,188,189,190,191,192,193,194,195,196,197,198,199];False
6579;8836;15415;[9,141,11,3,26,108,18,30,25,94,75,1,12,32,14,15,124,46,16,19,61,41,22,23,24,69,5,27,28,56,63,31,29,33,17,35,36,52,60,39,40,49,42,7,44,45,86,47,48,21,50,51,53,13,54,55,6,57,58,59,2,0,77,114,64,10,66,117,68,20,70,71,72,65,74,84,67,81,80,79,38,73,82,83,76,85,92,87,88,89,4,91,109,93,62,95,8,97,98,96,100,101,102,37,104,105,43,107,103,151,110,111,112,113,106,115,116,34,118,119,120,121,122,123,90,125,126,127,128,129,130,131,132,133,134,135,136,137,138,139,140,99,142,143,144,145,146,147,148,149,150,78,152,153,154,155,156,157,158,159,160,161,162,163,164,165,166,167,168,169,170,171,172,173,174,175,176,177,178,179,180,181,182,183,184,185,186,187,188,189,190,191,192,193,194,195,196,197,198,199];False
6581;8817;15398;[16,141,11,3,26,108,18,30,25,94,75,1,12,32,14,15,124,9,46,19,61,41,22,23,24,69,5,27,28,56,63,31,29,33,17,35,36,52,60,39,40,49,42,7,44,45,86,47,48,21,50,51,53,13,54,55,6,57,58,59,2,0,77,114,64,10,66,117,68,20,70,71,72,65,74,84,67,81,80,79,38,73,82,83,76,85,92,87,88,89,4,91,109,93,62,95,8,97,98,96,100,101,102,37,104,105,43,107,103,151,110,111,112,113,106,115,116,34,118,119,120,121,122,123,90,125,126,127,128,129,130,131,132,133,134,135,136,137,138,139,140,99,142,143,144,145,146,147,148,149,150,78,152,153,154,155,156,157,158,159,160,161,162,163,164,165,166,167,168,169,170,171,172,173,174,175,176,177,178,179,180,181,182,183,184,185,186,187,188,189,190,191,192,193,194,195,196,197,198,199];False
6544;8842;15386;[52,141,11,3,26,108,18,30,25,94,75,1,12,32,14,15,124,9,16,19,61,41,22,23,24,69,5,27,28,56,63,31,29,33,17,35,36,100,60,39,40,49,42,7,44,45,86,47,48,21,50,51,53,13,54,55,6,57,58,59,2,0,77,46,64,10,66,117,68,20,70,71,72,65,74,84,67,81,80,79,38,73,82,83,76,85,92,87,88,89,4,91,109,93,62,95,8,97,98,96,114,101,102,37,104,105,43,107,103,151,110,111,112,113,106,115,116,34,118,119,120,121,122,123,90,125,126,127,128,129,130,131,132,133,134,135,136,137,138,139,140,99,142,143,144,145,146,147,148,149,150,78,152,153,154,155,156,157,158,159,160,161,162,163,164,165,166,167,168,169,170,171,172,173,174,175,176,177,178,179,180,181,182,183,184,185,186,187,188,189,190,191,192,193,194,195,196,197,198,199];False
6455;8873;15328;[115,141,11,3,26,108,18,30,25,94,75,1,12,32,14,15,124,9,16,19,61,41,22,23,24,69,5,27,28,56,63,31,29,33,17,35,36,52,60,39,40,49,42,7,44,45,86,47,48,21,50,51,53,13,54,55,6,57,58,59,2,0,77,46,64,10,66,117,68,20,70,71,72,65,74,84,67,81,80,79,38,73,82,83,76,85,92,87,88,89,4,91,109,93,62,95,8,97,98,96,114,101,102,37,104,105,43,107,103,151,110,111,112,113,106,100,116,34,118,119,120,121,122,123,90,125,126,127,128,129,130,131,132,133,134,135,136,137,138,139,140,99,142,143,144,145,146,147,148,149,150,78,152,153,154,155,156,157,158,159,160,161,162,163,164,165,166,167,168,169,170,171,172,173,174,175,176,177,178,179,180,181,182,183,184,185,186,187,188,189,190,191,192,193,194,195,196,197,198,199];False
6537;8841;15378;[127,141,11,3,26,108,18,30,25,94,75,1,12,32,14,15,124,9,16,19,61,41,22,23,24,69,5,27,28,56,63,31,29,33,17,35,36,52,60,39,40,49,42,7,44,45,86,47,48,21,50,51,53,13,54,55,6,57,58,59,2,0,77,46,64,10,66,117,68,20,70,71,72,65,74,84,67,81,80,79,38,73,82,83,76,85,92,87,88,89,4,91,109,93,62,95,8,97,98,96,114,101,102,37,104,105,43,107,103,151,110,111,112,113,106,115,116,34,118,119,120,121,122,123,90,125,126,100,128,129,130,131,132,133,134,135,136,137,138,139,140,99,142,143,144,145,146,147,148,149,150,78,152,153,154,155,156,157,158,159,160,161,162,163,164,165,166,167,168,169,170,171,172,173,174,175,176,177,178,179,180,181,182,183,184,185,186,187,188,189,190,191,192,193,194,195,196,197,198,199];False
6564;8839;15403;[131,141,11,3,26,108,18,30,25,94,75,1,12,32,14,15,124,9,16,19,61,41,22,23,24,69,5,27,28,56,63,31,29,33,17,35,36,52,60,39,40,49,42,7,44,45,86,47,48,21,50,51,53,13,54,55,6,57,58,59,2,0,77,46,64,10,66,117,68,20,70,71,72,65,74,84,67,81,80,79,38,73,82,83,76,85,92,87,88,89,4,91,109,93,62,95,8,97,98,96,114,101,102,37,104,105,43,107,103,151,110,111,112,113,106,115,116,34,118,119,120,121,122,123,90,125,126,127,128,129,130,100,132,133,134,135,136,137,138,139,140,99,142,143,144,145,146,147,148,149,150,78,152,153,154,155,156,157,158,159,160,161,162,163,164,165,166,167,168,169,170,171,172,173,174,175,176,177,178,179,180,181,182,183,184,185,186,187,188,189,190,191,192,193,194,195,196,197,198,199];False
6575;8836;15411;[49,141,11,3,26,108,18,30,25,94,75,1,12,32,14,15,124,9,16,19,61,41,22,23,24,69,5,27,28,56,63,31,29,33,17,35,36,52,60,39,40,111,42,7,44,45,86,47,48,21,50,51,53,13,54,55,6,57,58,59,2,0,77,46,64,10,66,117,68,20,70,71,72,65,74,84,67,81,80,79,38,73,82,83,76,85,92,87,88,89,4,91,109,93,62,95,8,97,98,96,100,101,102,37,104,105,43,107,103,151,110,114,112,113,106,115,116,34,118,119,120,121,122,123,90,125,126,127,128,129,130,131,132,133,134,135,136,137,138,139,140,99,142,143,144,145,146,147,148,149,150,78,152,153,154,155,156,157,158,159,160,161,162,163,164,165,166,167,168,169,170,171,172,173,174,175,176,177,178,179,180,181,182,183,184,185,186,187,188,189,190,191,192,193,194,195,196,197,198,199];False
6509;8845;15354;[76,141,11,3,26,108,18,30,25,94,75,1,12,32,14,15,124,9,16,19,61,41,22,23,24,69,5,27,28,56,63,31,29,33,17,35,36,52,60,39,40,49,42,7,44,45,86,47,48,21,50,51,53,13,54,55,6,57,58,59,2,0,77,46,64,10,66,117,68,20,70,71,72,65,74,84,67,81,80,79,38,73,82,83,111,85,92,87,88,89,4,91,109,93,62,95,8,97,98,96,100,101,102,37,104,105,43,107,103,151,110,114,112,113,106,115,116,34,118,119,120,121,122,123,90,125,126,127,128,129,130,131,132,133,134,135,136,137,138,139,140,99,142,143,144,145,146,147,148,149,150,78,152,153,154,155,156,157,158,159,160,161,162,163,164,165,166,167,168,169,170,171,172,173,174,175,176,177,178,179,180,181,182,183,184,185,186,187,188,189,190,191,192,193,194,195,196,197,198,199];False
6576;8835;15411;[101,141,11,3,26,108,18,30,25,94,75,1,12,32,14,15,124,9,16,19,61,41,22,23,24,69,5,27,28,56,63,31,29,33,17,35,36,52,60,39,40,49,42,7,44,45,86,47,48,21,50,51,53,13,54,55,6,57,58,59,2,0,77,46,64,10,66,117,68,20,70,71,72,65,74,84,67,81,80,79,38,73,82,83,76,85,92,87,88,89,4,91,109,93,62,95,8,97,98,96,100,111,102,37,104,105,43,107,103,151,110,114,112,113,106,115,116,34,118,119,120,121,122,123,90,125,126,127,128,129,130,131,132,133,134,135,136,137,138,139,140,99,142,143,144,145,146,147,148,149,150,78,152,153,154,155,156,157,158,159,160,161,162,163,164,165,166,167,168,169,170,171,172,173,174,175,176,177,178,179,180,181,182,183,184,185,186,187,188,189,190,191,192,193,194,195,196,197,198,199];False
6452;8861;15313;[37,141,11,3,26,108,18,30,25,94,75,1,12,32,14,15,124,9,16,19,61,41,22,23,24,69,5,27,28,56,63,31,29,33,17,35,36,52,60,39,40,49,42,7,44,45,86,47,48,21,50,51,53,13,54,55,6,57,58,59,2,0,77,46,64,10,66,117,68,20,70,71,72,65,74,84,67,81,80,79,38,73,82,83,76,85,92,87,88,89,4,91,109,93,62,95,8,97,98,96,100,101,102,111,104,105,43,107,103,151,110,114,112,113,106,115,116,34,118,119,120,121,122,123,90,125,126,127,128,129,130,131,132,133,134,135,136,137,138,139,140,99,142,143,144,145,146,147,148,149,150,78,152,153,154,155,156,157,158,159,160,161,162,163,164,165,166,167,168,169,170,171,172,173,174,175,176,177,178,179,180,181,182,183,184,185,186,187,188,189,190,191,192,193,194,195,196,197,198,199];False
6415;8857;15272;[121,141,11,3,26,108,18,30,25,94,75,1,12,32,14,15,124,9,16,19,61,41,22,23,24,69,5,27,28,56,63,31,29,33,17,35,36,52,60,39,40,49,42,7,44,45,86,47,48,21,50,51,53,13,54,55,6,57,58,59,2,0,77,46,64,10,66,117,68,20,70,71,72,65,74,84,67,81,80,79,38,73,82,83,76,85,92,87,88,89,4,91,109,93,62,95,8,97,98,96,100,101,102,37,104,105,43,107,103,151,110,114,112,113,106,115,116,34,118,119,120,111,122,123,90,125,126,127,128,129,130,131,132,133,134,135,136,137,138,139,140,99,142,143,144,145,146,147,148,149,150,78,152,153,154,155,156,157,158,159,160,161,162,163,164,165,166,167,168,169,170,171,172,173,174,175,176,177,178,179,180,181,182,183,184,185,186,187,188,189,190,191,192,193,194,195,196,197,198,199];False
6500;8854;15354;[125,141,11,3,26,108,18,30,25,94,75,1,12,32,14,15,124,9,16,19,61,41,22,23,24,69,5,27,28,56,63,31,29,33,17,35,36,52,60,39,40,49,42,7,44,45,86,47,48,21,50,51,53,13,54,55,6,57,58,59,2,0,77,46,64,10,66,117,68,20,70,71,72,65,74,84,67,81,80,79,38,73,82,83,76,85,92,87,88,89,4,91,109,93,62,95,8,97,98,96,100,101,102,37,104,105,43,107,103,151,110,114,112,113,106,115,116,34,118,119,120,121,122,123,90,111,126,127,128,129,130,131,132,133,134,135,136,137,138,139,140,99,142,143,144,145,146,147,148,149,150,78,152,153,154,155,156,157,158,159,160,161,162,163,164,165,166,167,168,169,170,171,172,173,174,175,176,177,178,179,180,181,182,183,184,185,186,187,188,189,190,191,192,193,194,195,196,197,198,199];False
6479;8839;15318;[127,141,11,3,26,108,18,30,25,94,75,1,12,32,14,15,124,9,16,19,61,41,22,23,24,69,5,27,28,56,63,31,29,33,17,35,36,52,60,39,40,49,42,7,44,45,86,47,48,21,50,51,53,13,54,55,6,57,58,59,2,0,77,46,64,10,66,117,68,20,70,71,72,65,74,84,67,81,80,79,38,73,82,83,76,85,92,87,88,89,4,91,109,93,62,95,8,97,98,96,100,101,102,37,104,105,43,107,103,151,110,114,112,113,106,115,116,34,118,119,120,121,122,123,90,125,126,111,128,129,130,131,132,133,134,135,136,137,138,139,140,99,142,143,144,145,146,147,148,149,150,78,152,153,154,155,156,157,158,159,160,161,162,163,164,165,166,167,168,169,170,171,172,173,174,175,176,177,178,179,180,181,182,183,184,185,186,187,188,189,190,191,192,193,194,195,196,197,198,199];False
6696;8730;15426;[40,141,11,3,26,43,18,30,25,9,4,1,12,32,14,15,124,46,174,88,61,41,22,96,24,69,5,27,99,56,63,31,29,33,17,8,36,95,38,85,19,49,42,7,44,45,60,47,48,21,92,51,53,13,54,55,6,57,58,59,2,0,62,114,64,10,66,117,68,20,70,71,72,65,74,75,67,77,76,28,80,81,39,83,52,37,86,87,84,89,73,91,35,93,94,109,23,97,98,79,100,101,16,142,104,105,106,107,108,102,110,111,112,113,103,115,116,34,118,119,120,121,122,123,90,125,126,78,128,129,130,131,132,133,134,135,136,137,138,139,140,50,82,143,144,145,146,147,148,149,150,151,152,153,154,155,156,157,158,159,160,161,162,163,164,165,166,167,168,169,170,171,172,173,127,175,176,177,178,179,180,181,182,183,184,185,186,187,188,189,190,191,192,193,194,195,196,197,198,199];False
6734;8722;15456;[60,141,11,3,26,43,18,30,25,9,4,1,12,32,14,15,124,46,174,88,61,41,22,96,24,69,5,27,99,56,63,31,29,33,17,8,36,95,38,85,40,49,42,7,44,45,19,47,48,21,92,51,53,13,54,55,6,57,58,59,2,0,62,114,64,10,66,117,68,20,70,71,72,65,74,75,67,77,76,28,80,81,39,83,52,37,86,87,84,89,73,91,35,93,94,109,23,97,98,79,100,101,16,142,104,105,106,107,108,102,110,111,112,113,103,115,116,34,118,119,120,121,122,123,90,125,126,78,128,129,130,131,132,133,134,135,136,137,138,139,140,50,82,143,144,145,146,147,148,149,150,151,152,153,154,155,156,157,158,159,160,161,162,163,164,165,166,167,168,169,170,171,172,173,127,175,176,177,178,179,180,181,182,183,184,185,186,187,188,189,190,191,192,193,194,195,196,197,198,199];False
6825;8688;15513;[58,141,11,3,26,43,18,30,25,9,4,1,12,32,14,15,124,46,174,19,61,41,22,23,24,69,5,27,99,56,63,31,29,33,17,8,36,95,38,85,40,60,42,7,44,45,100,47,48,21,92,51,53,13,54,55,6,57,131,59,2,0,62,96,64,10,66,117,68,20,70,71,72,65,74,75,67,77,76,28,80,81,39,83,52,37,86,87,88,89,73,91,35,93,94,109,84,97,98,79,114,101,16,142,104,105,106,107,108,102,110,111,112,113,49,115,116,34,118,119,120,121,122,123,90,125,126,78,128,129,130,103,132,133,134,135,136,137,138,139,140,50,82,143,144,145,146,147,148,149,150,151,152,153,154,155,156,157,158,159,160,161,162,163,164,165,166,167,168,169,170,171,172,173,127,175,176,177,178,179,180,181,182,183,184,185,186,187,188,189,190,191,192,193,194,195,196,197,198,199];False
6649;8738;15387;[14,141,11,3,26,43,18,30,25,9,4,1,12,32,139,15,124,46,174,19,61,41,22,23,24,69,5,27,99,56,63,31,29,33,17,8,36,95,38,85,40,60,42,7,44,45,100,47,48,21,92,51,53,13,54,55,6,57,58,59,2,0,62,96,64,10,66,117,68,20,70,71,72,65,74,75,67,77,76,28,80,81,39,83,52,37,86,87,88,89,73,91,35,93,94,109,84,97,98,79,114,101,16,142,104,105,106,107,108,102,110,111,112,113,49,115,116,34,118,119,120,121,122,123,90,125,126,78,128,129,130,131,132,133,134,135,136,137,138,103,140,50,82,143,144,145,146,147,148,149,150,151,152,153,154,155,156,157,158,159,160,161,162,163,164,165,166,167,168,169,170,171,172,173,127,175,176,177,178,179,180,181,182,183,184,185,186,187,188,189,190,191,192,193,194,195,196,197,198,199];False
6685;8722;15407;[141,151,11,3,26,43,18,30,25,9,4,1,12,32,14,15,124,46,174,19,61,41,22,23,24,69,5,27,99,56,63,31,29,33,17,8,36,95,38,85,40,60,42,7,44,45,100,47,48,21,92,51,53,13,54,55,6,57,58,59,2,0,62,96,64,10,66,117,68,20,70,71,72,65,74,75,67,77,76,28,80,81,39,83,52,37,86,87,88,89,73,91,35,93,94,109,84,97,98,79,114,101,16,142,104,105,106,107,108,102,110,111,112,113,49,115,116,34,118,119,120,121,122,123,90,125,126,78,128,129,130,131,132,133,134,135,136,137,138,139,140,50,82,143,144,145,146,147,148,149,150,103,152,153,154,155,156,157,158,159,160,161,162,163,164,165,166,167,168,169,170,171,172,173,127,175,176,177,178,179,180,181,182,183,184,185,186,187,188,189,190,191,192,193,194,195,196,197,198,199];False
6804;8693;15497;[18,141,11,3,26,43,151,30,25,9,4,1,12,32,14,15,124,46,174,19,61,41,22,23,24,69,5,27,99,56,63,31,29,33,17,8,36,95,38,85,40,60,42,7,44,45,100,47,48,21,92,51,53,13,54,55,6,57,58,59,2,0,62,96,64,10,66,117,68,20,70,71,72,65,74,75,67,77,76,28,80,81,39,83,52,37,86,87,88,89,73,91,35,93,94,109,84,97,98,79,114,101,16,142,104,105,106,107,108,102,110,111,112,113,49,115,116,34,118,119,120,121,122,123,90,125,126,78,128,129,130,131,132,133,134,135,136,137,138,139,140,50,82,143,144,145,146,147,148,149,150,103,152,153,154,155,156,157,158,159,160,161,162,163,164,165,166,167,168,169,170,171,172,173,127,175,176,177,178,179,180,181,182,183,184,185,186,187,188,189,190,191,192,193,194,195,196,197,198,199];False
6674;8733;15407;[14,141,11,3,26,43,18,30,25,9,4,1,12,32,151,15,124,46,174,19,61,41,22,23,24,69,5,27,99,56,63,31,29,33,17,8,36,95,38,85,40,60,42,7,44,45,100,47,48,21,92,51,53,13,54,55,6,57,58,59,2,0,62,96,64,10,66,117,68,20,70,71,72,65,74,75,67,77,76,28,80,81,39,83,52,37,86,87,88,89,73,91,35,93,94,109,84,97,98,79,114,101,16,142,104,105,106,107,108,102,110,111,112,113,49,115,116,34,118,119,120,121,122,123,90,125,126,78,128,129,130,131,132,133,134,135,136,137,138,139,140,50,82,143,144,145,146,147,148,149,150,103,152,153,154,155,156,157,158,159,160,161,162,163,164,165,166,167,168,169,170,171,172,173,127,175,176,177,178,179,180,181,182,183,184,185,186,187,188,189,190,191,192,193,194,195,196,197,198,199];False
6631;8741;15372;[24,141,11,3,26,43,18,30,25,9,4,1,12,32,14,15,124,46,174,19,61,41,22,23,151,69,5,27,99,56,63,31,29,33,17,8,36,95,38,85,40,60,42,7,44,45,100,47,48,21,92,51,53,13,54,55,6,57,58,59,2,0,62,96,64,10,66,117,68,20,70,71,72,65,74,75,67,77,76,28,80,81,39,83,52,37,86,87,88,89,73,91,35,93,94,109,84,97,98,79,114,101,16,142,104,105,106,107,108,102,110,111,112,113,49,115,116,34,118,119,120,121,122,123,90,125,126,78,128,129,130,131,132,133,134,135,136,137,138,139,140,50,82,143,144,145,146,147,148,149,150,103,152,153,154,155,156,157,158,159,160,161,162,163,164,165,166,167,168,169,170,171,172,173,127,175,176,177,178,179,180,181,182,183,184,185,186,187,188,189,190,191,192,193,194,195,196,197,198,199];False
6619;8758;15377;[99,141,11,3,26,43,18,30,25,9,4,1,12,32,14,15,124,46,174,19,61,41,22,23,24,69,5,27,151,56,63,31,29,33,17,8,36,95,38,85,40,60,42,7,44,45,100,47,48,21,92,51,53,13,54,55,6,57,58,59,2,0,62,96,64,10,66,117,68,20,70,71,72,65,74,75,67,77,76,28,80,81,39,83,52,37,86,87,88,89,73,91,35,93,94,109,84,97,98,79,114,101,16,142,104,105,106,107,108,102,110,111,112,113,49,115,116,34,118,119,120,121,122,123,90,125,126,78,128,129,130,131,132,133,134,135,136,137,138,139,140,50,82,143,144,145,146,147,148,149,150,103,152,153,154,155,156,157,158,159,160,161,162,163,164,165,166,167,168,169,170,171,172,173,127,175,176,177,178,179,180,181,182,183,184,185,186,187,188,189,190,191,192,193,194,195,196,197,198,199];False
6734;8701;15435;[40,141,11,3,26,43,18,30,25,9,4,1,12,32,14,15,124,46,174,19,61,41,22,23,24,69,5,27,99,56,63,31,29,33,17,8,36,95,38,85,151,60,42,7,44,45,100,47,48,21,92,51,53,13,54,55,6,57,58,59,2,0,62,96,64,10,66,117,68,20,70,71,72,65,74,75,67,77,76,28,80,81,39,83,52,37,86,87,88,89,73,91,35,93,94,109,84,97,98,79,114,101,16,142,104,105,106,107,108,102,110,111,112,113,49,115,116,34,118,119,120,121,122,123,90,125,126,78,128,129,130,131,132,133,134,135,136,137,138,139,140,50,82,143,144,145,146,147,148,149,150,103,152,153,154,155,156,157,158,159,160,161,162,163,164,165,166,167,168,169,170,171,172,173,127,175,176,177,178,179,180,181,182,183,184,185,186,187,188,189,190,191,192,193,194,195,196,197,198,199];False
6910;8664;15574;[77,141,11,3,26,43,18,30,25,9,4,1,12,32,14,15,124,46,174,19,61,41,22,23,24,69,5,27,99,56,63,31,29,33,17,8,36,95,38,85,40,60,42,7,44,45,122,47,48,21,92,51,53,13,54,55,6,57,58,59,2,0,62,96,64,10,66,117,68,20,70,71,72,65,74,75,67,49,76,28,80,81,39,83,52,101,86,87,88,89,73,91,35,93,94,109,84,97,98,79,100,114,16,142,104,105,106,107,108,102,110,111,112,113,103,115,116,34,118,119,120,121,37,123,90,125,126,78,128,129,130,131,132,133,134,135,136,137,138,139,140,50,82,143,144,145,146,147,148,149,150,151,152,153,154,155,156,157,158,159,160,161,162,163,164,165,166,167,168,169,170,171,172,173,127,175,176,177,178,179,180,181,182,183,184,185,186,187,188,189,190,191,192,193,194,195,196,197,198,199];False
6949;8660;15609;[52,141,11,3,26,43,18,30,25,9,4,1,12,32,14,15,124,46,174,19,61,41,22,23,24,69,5,27,99,56,63,31,29,33,17,8,36,95,38,85,40,60,42,7,44,45,122,47,48,21,92,51,53,13,54,55,6,57,58,59,2,0,62,96,64,10,66,117,68,20,70,71,72,65,74,75,67,77,76,28,80,81,39,83,49,101,86,87,88,89,73,91,35,93,94,109,84,97,98,79,100,114,16,142,104,105,106,107,108,102,110,111,112,113,103,115,116,34,118,119,120,121,37,123,90,125,126,78,128,129,130,131,132,133,134,135,136,137,138,139,140,50,82,143,144,145,146,147,148,149,150,151,152,153,154,155,156,157,158,159,160,161,162,163,164,165,166,167,168,169,170,171,172,173,127,175,176,177,178,179,180,181,182,183,184,185,186,187,188,189,190,191,192,193,194,195,196,197,198,199];False
7001;8650;15651;[101,141,11,3,26,43,18,30,25,9,4,1,12,32,14,15,124,46,174,19,61,41,22,23,24,69,5,27,99,56,63,31,29,33,17,8,36,95,38,85,40,60,42,7,44,45,122,47,48,21,92,51,53,13,54,55,6,57,58,59,2,0,62,96,64,10,66,117,68,20,70,71,72,65,74,75,67,77,76,28,80,81,39,83,52,49,86,87,88,89,73,91,35,93,94,109,84,97,98,79,100,114,16,142,104,105,106,107,108,102,110,111,112,113,103,115,116,34,118,119,120,121,37,123,90,125,126,78,128,129,130,131,132,133,134,135,136,137,138,139,140,50,82,143,144,145,146,147,148,149,150,151,152,153,154,155,156,157,158,159,160,161,162,163,164,165,166,167,168,169,170,171,172,173,127,175,176,177,178,179,180,181,182,183,184,185,186,187,188,189,190,191,192,193,194,195,196,197,198,199];False
6978;8653;15631;[79,141,11,3,26,43,18,30,25,9,4,1,12,32,14,15,124,46,174,19,61,41,22,23,24,69,5,27,99,56,63,31,29,33,17,8,36,95,38,85,40,60,42,7,44,45,122,47,48,21,92,51,53,13,54,55,6,57,58,59,2,0,62,96,64,10,66,117,68,20,70,71,72,65,74,75,67,77,76,28,80,81,39,83,52,101,86,87,88,89,73,91,35,93,94,109,84,97,98,49,100,114,16,142,104,105,106,107,108,102,110,111,112,113,103,115,116,34,118,119,120,121,37,123,90,125,126,78,128,129,130,131,132,133,134,135,136,137,138,139,140,50,82,143,144,145,146,147,148,149,150,151,152,153,154,155,156,157,158,159,160,161,162,163,164,165,166,167,168,169,170,171,172,173,127,175,176,177,178,179,180,181,182,183,184,185,186,187,188,189,190,191,192,193,194,195,196,197,198,199];False
6890;8663;15553;[103,141,11,3,26,43,18,30,25,9,4,1,12,32,14,15,124,46,174,19,61,41,22,23,24,69,5,27,99,56,63,31,29,33,17,8,36,95,38,85,40,60,42,7,44,45,122,47,48,21,92,51,53,13,54,55,6,57,58,59,2,0,62,96,64,10,66,117,68,20,70,71,72,65,74,75,67,77,76,28,80,81,39,83,52,101,86,87,88,89,73,91,35,93,94,109,84,97,98,79,100,114,16,142,104,105,106,107,108,102,110,111,112,113,49,115,116,34,118,119,120,121,37,123,90,125,126,78,128,129,130,131,132,133,134,135,136,137,138,139,140,50,82,143,144,145,146,147,148,149,150,151,152,153,154,155,156,157,158,159,160,161,162,163,164,165,166,167,168,169,170,171,172,173,127,175,176,177,178,179,180,181,182,183,184,185,186,187,188,189,190,191,192,193,194,195,196,197,198,199];False
6848;8680;15528;[23,141,11,3,26,43,18,30,25,9,4,1,12,32,14,15,124,46,174,19,61,41,22,42,24,69,5,27,99,56,63,31,29,33,17,8,36,95,38,85,40,49,131,7,44,45,60,47,48,21,92,51,53,13,54,55,6,57,58,59,2,0,62,96,64,10,66,117,68,20,70,71,72,65,74,75,67,77,76,28,80,81,39,83,52,101,86,87,88,89,73,91,35,93,94,109,84,97,98,79,100,114,16,142,104,105,106,107,108,102,110,111,112,113,103,115,116,34,118,119,120,121,122,123,90,125,126,78,128,129,130,137,132,133,134,135,136,37,138,139,140,50,82,143,144,145,146,147,148,149,150,151,152,153,154,155,156,157,158,159,160,161,162,163,164,165,166,167,168,169,170,171,172,173,127,175,176,177,178,179,180,181,182,183,184,185,186,187,188,189,190,191,192,193,194,195,196,197,198,199];False
6866;8667;15533;[60,141,11,3,26,43,18,30,25,9,4,1,12,32,14,15,124,46,174,19,61,41,22,23,24,69,5,27,99,56,63,31,29,33,17,8,36,95,38,85,40,49,131,7,44,45,42,47,48,21,92,51,53,13,54,55,6,57,58,59,2,0,62,96,64,10,66,117,68,20,70,71,72,65,74,75,67,77,76,28,80,81,39,83,52,101,86,87,88,89,73,91,35,93,94,109,84,97,98,79,100,114,16,142,104,105,106,107,108,102,110,111,112,113,103,115,116,34,118,119,120,121,122,123,90,125,126,78,128,129,130,137,132,133,134,135,136,37,138,139,140,50,82,143,144,145,146,147,148,149,150,151,152,153,154,155,156,157,158,159,160,161,162,163,164,165,166,167,168,169,170,171,172,173,127,175,176,177,178,179,180,181,182,183,184,185,186,187,188,189,190,191,192,193,194,195,196,197,198,199];False
6813;8692;15505;[47,141,11,3,26,43,18,30,25,9,4,1,12,32,14,15,124,46,174,19,61,41,22,23,24,69,5,27,99,56,63,31,29,33,17,8,36,95,38,85,40,49,131,7,44,45,60,42,48,21,92,51,53,13,54,55,6,57,58,59,2,0,62,96,64,10,66,117,68,20,70,71,72,65,74,75,67,77,76,28,80,81,39,83,52,101,86,87,88,89,73,91,35,93,94,109,84,97,98,79,100,114,16,142,104,105,106,107,108,102,110,111,112,113,103,115,116,34,118,119,120,121,122,123,90,125,126,78,128,129,130,137,132,133,134,135,136,37,138,139,140,50,82,143,144,145,146,147,148,149,150,151,152,153,154,155,156,157,158,159,160,161,162,163,164,165,166,167,168,169,170,171,172,173,127,175,176,177,178,179,180,181,182,183,184,185,186,187,188,189,190,191,192,193,194,195,196,197,198,199];False
6844;8670;15514;[59,141,11,3,26,43,18,30,25,9,4,1,12,32,14,15,124,46,174,19,61,41,22,23,24,69,5,27,99,56,63,31,29,33,17,8,36,95,38,85,40,49,131,7,44,45,60,47,48,21,92,51,53,13,54,55,6,57,58,42,2,0,62,96,64,10,66,117,68,20,70,71,72,65,74,75,67,77,76,28,80,81,39,83,52,101,86,87,88,89,73,91,35,93,94,109,84,97,98,79,100,114,16,142,104,105,106,107,108,102,110,111,112,113,103,115,116,34,118,119,120,121,122,123,90,125,126,78,128,129,130,137,132,133,134,135,136,37,138,139,140,50,82,143,144,145,146,147,148,149,150,151,152,153,154,155,156,157,158,159,160,161,162,163,164,165,166,167,168,169,170,171,172,173,127,175,176,177,178,179,180,181,182,183,184,185,186,187,188,189,190,191,192,193,194,195,196,197,198,199];False
7413;8538;15951;[42,141,11,3,26,43,86,30,25,9,4,1,12,32,14,15,124,46,174,23,61,41,22,40,24,69,5,27,99,56,63,31,29,33,17,8,36,95,38,39,18,158,60,7,44,45,19,47,48,21,92,51,53,13,54,55,6,57,58,59,2,0,62,96,64,10,121,117,68,20,70,71,72,65,74,75,67,77,76,28,80,81,114,83,52,85,66,87,88,89,73,91,35,93,94,37,84,97,98,79,100,101,16,103,104,105,106,107,108,102,110,111,112,113,109,115,116,34,118,119,120,49,122,123,90,125,126,78,128,129,130,131,132,133,134,135,136,137,138,139,140,50,142,143,144,145,146,147,148,149,150,151,152,153,154,155,156,157,82,159,160,161,162,163,164,165,166,167,168,169,170,171,172,173,127,175,176,177,178,179,180,181,182,183,184,185,186,187,188,189,190,191,192,193,194,195,196,197,198,199];False
7487;8530;16017;[58,141,11,3,26,43,86,30,25,9,4,1,12,32,14,15,124,46,174,23,61,41,22,40,24,69,5,27,99,56,63,31,29,33,17,8,36,95,38,39,18,158,42,7,44,45,19,47,48,21,92,51,53,13,54,55,6,57,60,59,2,0,62,96,64,10,121,117,68,20,70,71,72,65,74,75,67,77,76,28,80,81,114,83,52,85,66,87,88,89,73,91,35,93,94,37,84,97,98,79,100,101,16,103,104,105,106,107,108,102,110,111,112,113,109,115,116,34,118,119,120,49,122,123,90,125,126,78,128,129,130,131,132,133,134,135,136,137,138,139,140,50,142,143,144,145,146,147,148,149,150,151,152,153,154,155,156,157,82,159,160,161,162,163,164,165,166,167,168,169,170,171,172,173,127,175,176,177,178,179,180,181,182,183,184,185,186,187,188,189,190,191,192,193,194,195,196,197,198,199];False
7382;8547;15929;[76,141,11,3,26,43,86,30,25,9,4,1,12,32,14,15,124,46,174,23,61,41,22,40,24,69,5,27,99,56,63,31,29,33,17,8,36,95,38,39,18,158,42,7,44,45,19,47,48,21,92,51,53,13,54,55,6,57,58,59,2,0,62,96,64,10,121,117,68,20,70,71,72,65,74,75,67,77,60,28,80,81,114,83,52,85,66,87,88,89,73,91,35,93,94,37,84,97,98,79,100,101,16,103,104,105,106,107,108,102,110,111,112,113,109,115,116,34,118,119,120,49,122,123,90,125,126,78,128,129,130,131,132,133,134,135,136,137,138,139,140,50,142,143,144,145,146,147,148,149,150,151,152,153,154,155,156,157,82,159,160,161,162,163,164,165,166,167,168,169,170,171,172,173,127,175,176,177,178,179,180,181,182,183,184,185,186,187,188,189,190,191,192,193,194,195,196,197,198,199];False
7438;8535;15973;[98,141,11,3,26,43,86,30,25,9,4,1,12,32,14,15,124,46,174,23,61,41,22,40,24,69,5,27,99,56,63,31,29,33,17,8,36,95,38,39,18,158,42,7,44,45,19,47,48,21,92,51,53,13,54,55,6,57,58,59,2,0,62,96,64,10,121,117,68,20,70,71,72,65,74,75,67,77,76,28,80,81,114,83,52,85,66,87,88,89,73,91,35,93,94,37,84,97,60,79,100,101,16,103,104,105,106,107,108,102,110,111,112,113,109,115,116,34,118,119,120,49,122,123,90,125,126,78,128,129,130,131,132,133,134,135,136,137,138,139,140,50,142,143,144,145,146,147,148,149,150,151,152,153,154,155,156,157,82,159,160,161,162,163,164,165,166,167,168,169,170,171,172,173,127,175,176,177,178,179,180,181,182,183,184,185,186,187,188,189,190,191,192,193,194,195,196,197,198,199];False
7363;8542;15905;[4,141,11,3,26,43,86,30,25,9,75,1,12,32,14,15,124,46,174,19,61,41,22,40,24,69,5,27,99,56,63,31,29,33,17,8,36,95,38,39,18,158,42,7,44,45,60,47,48,21,92,51,53,13,54,55,6,57,58,59,2,0,62,96,64,10,121,117,68,20,70,71,72,65,74,84,67,77,76,28,80,81,114,83,52,85,66,87,88,89,73,91,35,93,94,37,23,97,98,79,100,101,16,103,104,105,106,107,108,102,110,111,112,113,109,115,116,34,118,119,120,49,122,123,90,125,126,78,128,129,130,131,132,133,134,135,136,137,138,139,140,50,142,143,144,145,146,147,148,149,150,151,152,153,154,155,156,157,82,159,160,161,162,163,164,165,166,167,168,169,170,171,172,173,127,175,176,177,178,179,180,181,182,183,184,185,186,187,188,189,190,191,192,193,194,195,196,197,198,199];False
7331;8531;15862;[12,141,11,3,26,43,86,30,25,9,4,1,75,32,14,15,124,46,174,19,61,41,22,40,24,69,5,27,99,56,63,31,29,33,17,8,36,95,38,39,18,158,42,7,44,45,60,47,48,21,92,51,53,13,54,55,6,57,58,59,2,0,62,96,64,10,121,117,68,20,70,71,72,65,74,84,67,77,76,28,80,81,114,83,52,85,66,87,88,89,73,91,35,93,94,37,23,97,98,79,100,101,16,103,104,105,106,107,108,102,110,111,112,113,109,115,116,34,118,119,120,49,122,123,90,125,126,78,128,129,130,131,132,133,134,135,136,137,138,139,140,50,142,143,144,145,146,147,148,149,150,151,152,153,154,155,156,157,82,159,160,161,162,163,164,165,166,167,168,169,170,171,172,173,127,175,176,177,178,179,180,181,182,183,184,185,186,187,188,189,190,191,192,193,194,195,196,197,198,199];False
7286;8546;15832;[39,141,11,3,26,43,86,30,25,9,4,1,12,32,14,15,124,46,174,19,61,41,22,40,24,69,5,27,99,56,63,31,29,33,17,8,36,95,38,75,18,158,42,7,44,45,60,47,48,21,92,51,53,13,54,55,6,57,58,59,2,0,62,96,64,10,121,117,68,20,70,71,72,65,74,84,67,77,76,28,80,81,114,83,52,85,66,87,88,89,73,91,35,93,94,37,23,97,98,79,100,101,16,103,104,105,106,107,108,102,110,111,112,113,109,115,116,34,118,119,120,49,122,123,90,125,126,78,128,129,130,131,132,133,134,135,136,137,138,139,140,50,142,143,144,145,146,147,148,149,150,151,152,153,154,155,156,157,82,159,160,161,162,163,164,165,166,167,168,169,170,171,172,173,127,175,176,177,178,179,180,181,182,183,184,185,186,187,188,189,190,191,192,193,194,195,196,197,198,199];False
7272;8559;15831;[75,141,11,3,26,43,18,30,25,9,4,1,12,32,14,15,124,46,174,23,61,41,22,98,24,69,5,27,99,56,63,31,29,33,17,8,36,95,38,39,40,158,42,7,44,45,86,47,48,21,92,51,53,13,54,55,6,57,60,59,2,0,62,96,64,10,121,117,68,20,70,71,72,65,74,19,67,77,76,28,80,81,114,83,52,85,66,87,88,89,73,91,35,93,94,37,84,97,58,79,100,101,16,103,104,105,106,107,108,102,110,111,112,113,109,115,116,34,118,119,120,49,122,123,90,125,126,78,128,129,130,131,132,133,134,135,136,137,138,139,140,50,142,143,144,145,146,147,148,149,150,151,152,153,154,155,156,157,82,159,160,161,162,163,164,165,166,167,168,169,170,171,172,173,127,175,176,177,178,179,180,181,182,183,184,185,186,187,188,189,190,191,192,193,194,195,196,197,198,199];False
7093;8584;15677;[66,141,11,3,26,43,18,30,25,9,4,1,12,32,14,15,124,46,174,23,61,41,22,98,24,69,5,27,99,56,63,31,29,33,17,8,36,95,38,39,40,158,42,7,44,45,86,47,48,21,92,51,53,13,54,55,6,57,60,59,2,0,62,96,64,10,121,117,68,20,70,71,72,65,74,75,67,77,76,28,80,81,114,83,52,85,19,87,88,89,73,91,35,93,94,37,84,97,58,79,100,101,16,103,104,105,106,107,108,102,110,111,112,113,109,115,116,34,118,119,120,49,122,123,90,125,126,78,128,129,130,131,132,133,134,135,136,137,138,139,140,50,142,143,144,145,146,147,148,149,150,151,152,153,154,155,156,157,82,159,160,161,162,163,164,165,166,167,168,169,170,171,172,173,127,175,176,177,178,179,180,181,182,183,184,185,186,187,188,189,190,191,192,193,194,195,196,197,198,199];False
7093;8567;15660;[84,141,11,3,26,43,18,30,25,9,4,1,12,32,14,15,124,46,174,23,61,41,22,98,24,69,5,27,99,56,63,31,29,33,17,8,36,95,38,39,40,158,42,7,44,45,86,47,48,21,92,51,53,13,54,55,6,57,60,59,2,0,62,96,64,10,121,117,68,20,70,71,72,65,74,75,67,77,76,28,80,81,114,83,52,85,66,87,88,89,73,91,35,93,94,37,19,97,58,79,100,101,16,103,104,105,106,107,108,102,110,111,112,113,109,115,116,34,118,119,120,49,122,123,90,125,126,78,128,129,130,131,132,133,134,135,136,137,138,139,140,50,142,143,144,145,146,147,148,149,150,151,152,153,154,155,156,157,82,159,160,161,162,163,164,165,166,167,168,169,170,171,172,173,127,175,176,177,178,179,180,181,182,183,184,185,186,187,188,189,190,191,192,193,194,195,196,197,198,199];False
7186;8563;15749;[106,141,11,3,26,43,18,30,25,9,4,1,12,32,14,15,124,46,174,23,61,41,22,98,24,69,5,27,99,56,63,31,29,33,17,8,36,95,38,39,40,158,42,7,44,45,86,47,48,21,92,51,53,13,54,55,6,57,60,59,2,0,62,96,64,10,121,117,68,20,70,71,72,65,74,75,67,77,76,28,80,81,114,83,52,85,66,87,88,89,73,91,35,93,94,37,84,97,58,79,100,101,16,103,104,105,19,107,108,102,110,111,112,113,109,115,116,34,118,119,120,49,122,123,90,125,126,78,128,129,130,131,132,133,134,135,136,137,138,139,140,50,142,143,144,145,146,147,148,149,150,151,152,153,154,155,156,157,82,159,160,161,162,163,164,165,166,167,168,169,170,171,172,173,127,175,176,177,178,179,180,181,182,183,184,185,186,187,188,189,190,191,192,193,194,195,196,197,198,199];False
7202;8555;15757;[107,141,11,3,26,43,18,30,25,9,4,1,12,32,14,15,124,46,174,23,61,41,22,98,24,69,5,27,99,56,63,31,29,33,17,8,36,95,38,39,40,158,42,7,44,45,86,47,48,21,92,51,53,13,54,55,6,57,60,59,2,0,62,96,64,10,121,117,68,20,70,71,72,65,74,75,67,77,76,28,80,81,114,83,52,85,66,87,88,89,73,91,35,93,94,37,84,97,58,79,100,101,16,103,104,105,106,19,108,102,110,111,112,113,109,115,116,34,118,119,120,49,122,123,90,125,126,78,128,129,130,131,132,133,134,135,136,137,138,139,140,50,142,143,144,145,146,147,148,149,150,151,152,153,154,155,156,157,82,159,160,161,162,163,164,165,166,167,168,169,170,171,172,173,127,175,176,177,178,179,180,181,182,183,184,185,186,187,188,189,190,191,192,193,194,195,196,197,198,199];False
7175;8550;15725;[115,141,11,3,26,43,18,30,25,9,4,1,12,32,14,15,124,46,174,23,61,41,22,98,24,69,5,27,99,56,63,31,29,33,17,8,36,95,38,39,40,158,42,7,44,45,86,47,48,21,92,51,53,13,54,55,6,57,60,59,2,0,62,96,64,10,121,117,68,20,70,71,72,65,74,75,67,77,76,28,80,81,114,83,52,85,66,87,88,89,73,91,35,93,94,37,84,97,58,79,100,101,16,103,104,105,106,107,108,102,110,111,112,113,109,19,116,34,118,119,120,49,122,123,90,125,126,78,128,129,130,131,132,133,134,135,136,137,138,139,140,50,142,143,144,145,146,147,148,149,150,151,152,153,154,155,156,157,82,159,160,161,162,163,164,165,166,167,168,169,170,171,172,173,127,175,176,177,178,179,180,181,182,183,184,185,186,187,188,189,190,191,192,193,194,195,196,197,198,199];False
7004;8635;15639;[25,141,11,3,26,43,18,30,84,9,4,1,12,32,14,15,124,46,174,19,61,41,22,98,24,69,5,27,99,56,63,31,29,33,17,8,36,95,38,39,40,158,42,7,44,45,86,47,48,21,92,51,53,13,54,55,6,57,60,59,2,0,62,96,64,10,121,117,68,20,70,71,72,65,74,75,67,77,76,28,80,81,114,83,52,85,66,87,88,89,73,91,35,93,94,37,23,97,58,79,100,101,16,103,104,105,106,107,108,102,110,111,112,113,109,115,116,34,118,119,120,49,122,123,90,125,126,78,128,129,130,131,132,133,134,135,136,137,138,139,140,50,142,143,144,145,146,147,148,149,150,151,152,153,154,155,156,157,82,159,160,161,162,163,164,165,166,167,168,169,170,171,172,173,127,175,176,177,178,179,180,181,182,183,184,185,186,187,188,189,190,191,192,193,194,195,196,197,198,199];False
6992;8618;15610;[14,141,11,3,26,43,18,30,25,9,4,1,12,32,84,15,124,46,174,19,61,41,22,98,24,69,5,27,99,56,63,31,29,33,17,8,36,95,38,39,40,158,42,7,44,45,86,47,48,21,92,51,53,13,54,55,6,57,60,59,2,0,62,96,64,10,121,117,68,20,70,71,72,65,74,75,67,77,76,28,80,81,114,83,52,85,66,87,88,89,73,91,35,93,94,37,23,97,58,79,100,101,16,103,104,105,106,107,108,102,110,111,112,113,109,115,116,34,118,119,120,49,122,123,90,125,126,78,128,129,130,131,132,133,134,135,136,137,138,139,140,50,142,143,144,145,146,147,148,149,150,151,152,153,154,155,156,157,82,159,160,161,162,163,164,165,166,167,168,169,170,171,172,173,127,175,176,177,178,179,180,181,182,183,184,185,186,187,188,189,190,191,192,193,194,195,196,197,198,199];False
6968;8652;15620;[96,141,11,3,26,43,18,30,25,9,4,1,12,32,14,15,124,46,174,19,61,41,22,98,24,69,5,27,99,56,63,31,29,33,17,8,36,95,38,39,40,158,42,7,44,45,86,47,48,21,92,51,53,13,54,55,6,57,60,59,2,0,62,84,64,10,121,117,68,20,70,71,72,65,74,75,67,77,76,28,80,81,114,83,52,85,66,87,88,89,73,91,35,93,94,37,23,97,58,79,100,101,16,103,104,105,106,107,108,102,110,111,112,113,109,115,116,34,118,119,120,49,122,123,90,125,126,78,128,129,130,131,132,133,134,135,136,137,138,139,140,50,142,143,144,145,146,147,148,149,150,151,152,153,154,155,156,157,82,159,160,161,162,163,164,165,166,167,168,169,170,171,172,173,127,175,176,177,178,179,180,181,182,183,184,185,186,187,188,189,190,191,192,193,194,195,196,197,198,199];False
7057;8570;15627;[75,141,11,3,26,43,18,30,25,9,4,1,12,32,14,15,124,46,174,19,61,41,22,98,24,69,5,27,99,56,63,31,29,33,17,8,36,95,38,39,40,158,42,7,44,45,86,47,48,21,92,51,53,13,54,55,6,57,60,59,2,0,62,96,64,10,121,117,68,20,70,71,72,65,74,84,67,77,76,28,80,81,114,83,52,85,66,87,88,89,73,91,35,93,94,37,23,97,58,79,100,101,16,103,104,105,106,107,108,102,110,111,112,113,109,115,116,34,118,119,120,49,122,123,90,125,126,78,128,129,130,131,132,133,134,135,136,137,138,139,140,50,142,143,144,145,146,147,148,149,150,151,152,153,154,155,156,157,82,159,160,161,162,163,164,165,166,167,168,169,170,171,172,173,127,175,176,177,178,179,180,181,182,183,184,185,186,187,188,189,190,191,192,193,194,195,196,197,198,199];False
6994;8604;15598;[77,141,11,3,26,43,18,30,25,9,4,1,12,32,14,15,124,46,174,19,61,41,22,98,24,69,5,27,99,56,63,31,29,33,17,8,36,95,38,39,40,158,42,7,44,45,86,47,48,21,92,51,53,13,54,55,6,57,60,59,2,0,62,96,64,10,121,117,68,20,70,71,72,65,74,75,67,84,76,28,80,81,114,83,52,85,66,87,88,89,73,91,35,93,94,37,23,97,58,79,100,101,16,103,104,105,106,107,108,102,110,111,112,113,109,115,116,34,118,119,120,49,122,123,90,125,126,78,128,129,130,131,132,133,134,135,136,137,138,139,140,50,142,143,144,145,146,147,148,149,150,151,152,153,154,155,156,157,82,159,160,161,162,163,164,165,166,167,168,169,170,171,172,173,127,175,176,177,178,179,180,181,182,183,184,185,186,187,188,189,190,191,192,193,194,195,196,197,198,199];False
6970;8602;15572;[88,141,11,3,26,43,18,30,25,9,4,1,12,32,14,15,124,46,174,19,61,41,22,98,24,69,5,27,99,56,63,31,29,33,17,8,36,95,38,39,40,158,42,7,44,45,86,47,48,21,92,51,53,13,54,55,6,57,60,59,2,0,62,96,64,10,121,117,68,20,70,71,72,65,74,75,67,77,76,28,80,81,114,83,52,85,66,87,84,89,73,91,35,93,94,37,23,97,58,79,100,101,16,103,104,105,106,107,108,102,110,111,112,113,109,115,116,34,118,119,120,49,122,123,90,125,126,78,128,129,130,131,132,133,134,135,136,137,138,139,140,50,142,143,144,145,146,147,148,149,150,151,152,153,154,155,156,157,82,159,160,161,162,163,164,165,166,167,168,169,170,171,172,173,127,175,176,177,178,179,180,181,182,183,184,185,186,187,188,189,190,191,192,193,194,195,196,197,198,199];False
6966;8620;15586;[111,141,11,3,26,43,18,30,25,9,4,1,12,32,14,15,124,46,174,19,61,41,22,98,24,69,5,27,99,56,63,31,29,33,17,8,36,95,38,39,40,158,42,7,44,45,86,47,48,21,92,51,53,13,54,55,6,57,60,59,2,0,62,96,64,10,121,117,68,20,70,71,72,65,74,75,67,77,76,28,80,81,114,83,52,85,66,87,88,89,73,91,35,93,94,37,23,97,58,79,100,101,16,103,104,105,106,107,108,102,110,84,112,113,109,115,116,34,118,119,120,49,122,123,90,125,126,78,128,129,130,131,132,133,134,135,136,137,138,139,140,50,142,143,144,145,146,147,148,149,150,151,152,153,154,155,156,157,82,159,160,161,162,163,164,165,166,167,168,169,170,171,172,173,127,175,176,177,178,179,180,181,182,183,184,185,186,187,188,189,190,191,192,193,194,195,196,197,198,199];False
6954;8611;15565;[109,141,11,3,26,43,18,30,25,9,4,1,12,32,14,15,124,46,174,19,61,41,22,98,24,69,5,27,99,56,63,31,29,33,17,8,36,95,38,39,40,158,42,7,44,45,86,47,48,21,92,51,53,13,54,55,6,57,60,59,2,0,62,96,64,10,121,117,68,20,70,71,72,65,74,75,67,77,76,28,80,81,114,83,52,85,66,87,88,89,73,91,35,93,94,37,23,97,58,79,100,101,16,103,104,105,106,107,108,102,110,111,112,113,84,115,116,34,118,119,120,49,122,123,90,125,126,78,128,129,130,131,132,133,134,135,136,137,138,139,140,50,142,143,144,145,146,147,148,149,150,151,152,153,154,155,156,157,82,159,160,161,162,163,164,165,166,167,168,169,170,171,172,173,127,175,176,177,178,179,180,181,182,183,184,185,186,187,188,189,190,191,192,193,194,195,196,197,198,199];False
6947;8593;15540;[115,141,11,3,26,43,18,30,25,9,4,1,12,32,14,15,124,46,174,19,61,41,22,98,24,69,5,27,99,56,63,31,29,33,17,8,36,95,38,39,40,158,42,7,44,45,86,47,48,21,92,51,53,13,54,55,6,57,60,59,2,0,62,96,64,10,121,117,68,20,70,71,72,65,74,75,67,77,76,28,80,81,114,83,52,85,66,87,88,89,73,91,35,93,94,37,23,97,58,79,100,101,16,103,104,105,106,107,108,102,110,111,112,113,109,84,116,34,118,119,120,49,122,123,90,125,126,78,128,129,130,131,132,133,134,135,136,137,138,139,140,50,142,143,144,145,146,147,148,149,150,151,152,153,154,155,156,157,82,159,160,161,162,163,164,165,166,167,168,169,170,171,172,173,127,175,176,177,178,179,180,181,182,183,184,185,186,187,188,189,190,191,192,193,194,195,196,197,198,199];False
7026;8582;15608;[78,141,11,3,26,43,18,30,25,9,4,1,12,32,14,15,124,46,174,19,61,41,22,98,24,69,5,27,99,56,63,31,29,33,17,8,36,95,38,39,40,158,42,7,44,45,86,47,48,21,92,51,53,13,54,55,6,57,60,59,2,0,62,96,64,10,121,117,68,20,70,71,72,65,74,75,67,77,76,28,80,81,114,83,52,85,66,87,88,89,73,91,35,93,94,37,23,97,58,79,100,101,16,103,104,105,106,107,108,102,110,111,112,113,109,115,116,34,118,119,120,49,122,123,90,125,126,84,128,129,130,131,132,133,134,135,136,137,138,139,140,50,142,143,144,145,146,147,148,149,150,151,152,153,154,155,156,157,82,159,160,161,162,163,164,165,166,167,168,169,170,171,172,173,127,175,176,177,178,179,180,181,182,183,184,185,186,187,188,189,190,191,192,193,194,195,196,197,198,199];False
6279;9065;15344;[52,62,11,3,26,103,18,30,25,94,75,1,12,32,14,15,124,9,16,19,131,41,22,96,24,69,5,27,28,56,63,31,29,33,17,35,74,37,60,39,40,49,42,7,44,45,86,47,48,21,50,51,53,13,54,55,6,57,58,59,2,0,77,46,64,10,66,117,68,20,70,71,72,65,8,84,67,81,80,79,38,73,82,83,76,85,92,87,88,89,4,91,109,93,23,95,115,97,98,99,100,101,102,61,104,105,43,107,108,151,110,111,112,113,114,121,116,34,118,119,120,106,122,123,90,125,126,127,128,129,130,36,132,133,134,135,136,137,138,139,140,141,142,143,144,145,146,147,148,149,150,78,152,153,154,155,156,157,158,159,160,161,162,163,164,165,166,167,168,169,170,171,172,173,174,175,176,177,178,179,180,181,182,183,184,185,186,187,188,189,190,191,192,193,194,195,196,197,198,199];False
6259;9109;15368;[9,52,11,3,26,103,18,30,25,94,75,1,12,32,14,15,124,62,16,19,131,41,22,96,24,69,5,27,28,56,63,31,29,33,17,35,74,37,60,39,40,49,42,7,44,45,86,47,48,21,50,51,53,13,54,55,6,57,58,59,2,0,77,46,64,10,66,117,68,20,70,71,72,65,8,84,67,81,80,79,38,73,82,83,76,85,92,87,88,89,4,91,109,93,23,95,115,97,98,99,100,101,102,61,104,105,43,107,108,151,110,111,112,113,114,121,116,34,118,119,120,106,122,123,90,125,126,127,128,129,130,36,132,133,134,135,136,137,138,139,140,141,142,143,144,145,146,147,148,149,150,78,152,153,154,155,156,157,158,159,160,161,162,163,164,165,166,167,168,169,170,171,172,173,174,175,176,177,178,179,180,181,182,183,184,185,186,187,188,189,190,191,192,193,194,195,196,197,198,199];False
6257;9101;15358;[85,52,11,3,26,103,18,30,25,94,75,1,12,32,14,15,124,9,16,19,131,41,22,96,24,69,5,27,28,56,63,31,29,33,17,35,74,37,60,39,40,49,42,7,44,45,86,47,48,21,50,51,53,13,54,55,6,57,58,59,2,0,77,46,64,10,66,117,68,20,70,71,72,65,8,84,67,81,80,79,38,73,82,83,76,62,92,87,88,89,4,91,109,93,23,95,115,97,98,99,100,101,102,61,104,105,43,107,108,151,110,111,112,113,114,121,116,34,118,119,120,106,122,123,90,125,126,127,128,129,130,36,132,133,134,135,136,137,138,139,140,141,142,143,144,145,146,147,148,149,150,78,152,153,154,155,156,157,158,159,160,161,162,163,164,165,166,167,168,169,170,171,172,173,174,175,176,177,178,179,180,181,182,183,184,185,186,187,188,189,190,191,192,193,194,195,196,197,198,199];False
6270;9071;15341;[115,52,11,3,26,103,18,30,25,94,75,1,12,32,14,15,124,9,16,19,131,41,22,96,24,69,5,27,28,56,63,31,29,33,17,35,74,37,60,39,40,49,42,7,44,45,86,47,48,21,50,51,53,13,54,55,6,57,58,59,2,0,77,46,64,10,66,117,68,20,70,71,72,65,8,84,67,81,80,79,38,73,82,83,76,85,92,87,88,89,4,91,109,93,23,95,62,97,98,99,100,101,102,61,104,105,43,107,108,151,110,111,112,113,114,121,116,34,118,119,120,106,122,123,90,125,126,127,128,129,130,36,132,133,134,135,136,137,138,139,140,141,142,143,144,145,146,147,148,149,150,78,152,153,154,155,156,157,158,159,160,161,162,163,164,165,166,167,168,169,170,171,172,173,174,175,176,177,178,179,180,181,182,183,184,185,186,187,188,189,190,191,192,193,194,195,196,197,198,199];False
6335;8901;15236;[99,141,11,3,26,96,18,30,25,94,75,1,12,32,14,15,124,9,37,19,61,41,22,23,24,69,5,27,28,56,63,31,29,33,17,35,36,52,60,39,40,49,42,7,44,45,86,47,48,21,50,51,53,13,54,55,6,57,58,59,2,0,77,46,64,10,66,117,68,20,70,71,72,65,8,84,67,81,80,79,38,73,82,83,76,85,122,87,88,89,4,91,109,93,62,95,115,97,98,102,100,101,16,103,104,105,43,107,108,151,110,111,112,113,114,121,116,34,118,119,120,106,74,123,90,125,126,127,128,129,130,131,132,133,134,135,136,137,138,139,140,92,142,143,144,145,146,147,148,149,150,78,152,153,154,155,156,157,158,159,160,161,162,163,164,165,166,167,168,169,170,171,172,173,174,175,176,177,178,179,180,181,182,183,184,185,186,187,188,189,190,191,192,193,194,195,196,197,198,199];False
6390;8895;15285;[100,141,11,3,26,96,18,30,25,94,75,1,12,32,14,15,124,9,37,19,61,41,22,23,24,69,5,27,28,56,63,31,29,33,17,35,36,52,60,39,40,49,42,7,44,45,86,47,48,21,50,51,53,13,54,55,6,57,58,59,2,0,77,46,64,10,66,117,68,20,70,71,72,65,8,84,67,81,80,79,38,73,82,83,76,85,122,87,88,89,4,91,109,93,62,95,115,97,98,99,102,101,16,103,104,105,43,107,108,151,110,111,112,113,114,121,116,34,118,119,120,106,74,123,90,125,126,127,128,129,130,131,132,133,134,135,136,137,138,139,140,92,142,143,144,145,146,147,148,149,150,78,152,153,154,155,156,157,158,159,160,161,162,163,164,165,166,167,168,169,170,171,172,173,174,175,176,177,178,179,180,181,182,183,184,185,186,187,188,189,190,191,192,193,194,195,196,197,198,199];False
6408;8888;15296;[122,141,11,3,26,96,18,30,25,94,75,1,12,32,14,15,124,9,16,103,61,41,22,23,24,69,5,27,28,56,63,31,29,33,17,35,36,52,60,39,40,49,42,7,44,45,86,47,48,21,50,51,53,13,54,55,6,57,58,59,2,0,77,46,64,10,66,117,68,20,70,71,72,65,8,84,67,81,80,79,38,73,82,83,76,85,19,87,88,89,4,91,109,93,62,95,115,97,98,99,100,101,102,37,104,105,43,107,108,151,110,111,112,113,114,121,116,34,118,119,120,106,74,123,90,125,126,127,128,129,130,131,132,133,134,135,136,137,138,139,140,92,142,143,144,145,146,147,148,149,150,78,152,153,154,155,156,157,158,159,160,161,162,163,164,165,166,167,168,169,170,171,172,173,174,175,176,177,178,179,180,181,182,183,184,185,186,187,188,189,190,191,192,193,194,195,196,197,198,199];False
6389;8892;15281;[115,141,11,3,26,96,18,30,25,94,75,1,12,32,14,15,124,9,16,103,61,41,22,23,24,69,5,27,28,56,63,31,29,33,17,35,36,52,60,39,40,49,42,7,44,45,86,47,48,21,50,51,53,13,54,55,6,57,58,59,2,0,77,46,64,10,66,117,68,20,70,71,72,65,8,84,67,81,80,79,38,73,82,83,76,85,122,87,88,89,4,91,109,93,62,95,19,97,98,99,100,101,102,37,104,105,43,107,108,151,110,111,112,113,114,121,116,34,118,119,120,106,74,123,90,125,126,127,128,129,130,131,132,133,134,135,136,137,138,139,140,92,142,143,144,145,146,147,148,149,150,78,152,153,154,155,156,157,158,159,160,161,162,163,164,165,166,167,168,169,170,171,172,173,174,175,176,177,178,179,180,181,182,183,184,185,186,187,188,189,190,191,192,193,194,195,196,197,198,199];False
6323;8906;15229;[99,141,11,3,26,96,18,30,25,94,75,1,12,32,14,15,124,9,16,103,61,41,22,23,24,69,5,27,28,56,63,31,29,33,17,35,36,52,60,39,40,49,42,7,44,45,86,47,48,21,50,51,53,13,54,55,6,57,58,59,2,0,77,46,64,10,66,117,68,20,70,71,72,65,8,84,67,81,80,79,38,73,82,83,76,85,122,87,88,89,4,91,109,93,62,95,115,97,98,19,100,101,102,37,104,105,43,107,108,151,110,111,112,113,114,121,116,34,118,119,120,106,74,123,90,125,126,127,128,129,130,131,132,133,134,135,136,137,138,139,140,92,142,143,144,145,146,147,148,149,150,78,152,153,154,155,156,157,158,159,160,161,162,163,164,165,166,167,168,169,170,171,172,173,174,175,176,177,178,179,180,181,182,183,184,185,186,187,188,189,190,191,192,193,194,195,196,197,198,199];False
6324;8883;15207;[114,141,11,3,26,96,18,30,25,94,75,1,12,32,14,15,124,9,16,103,61,41,22,23,24,69,5,27,28,56,63,31,29,33,17,35,36,52,60,39,40,49,42,7,44,45,86,47,48,21,50,51,53,13,54,55,6,57,58,59,2,0,77,46,64,10,66,117,68,20,70,71,72,65,8,84,67,81,80,79,38,73,82,83,76,85,122,87,88,89,4,91,109,93,62,95,115,97,98,99,100,101,102,37,104,105,43,107,108,151,110,111,112,113,19,121,116,34,118,119,120,106,74,123,90,125,126,127,128,129,130,131,132,133,134,135,136,137,138,139,140,92,142,143,144,145,146,147,148,149,150,78,152,153,154,155,156,157,158,159,160,161,162,163,164,165,166,167,168,169,170,171,172,173,174,175,176,177,178,179,180,181,182,183,184,185,186,187,188,189,190,191,192,193,194,195,196,197,198,199];False
6258;8976;15234;[141,104,11,3,26,96,18,30,25,94,75,1,12,32,14,15,124,9,16,19,61,41,22,23,24,69,5,27,28,56,63,31,29,33,17,35,36,52,60,39,40,49,42,7,44,45,86,47,48,21,50,51,53,13,54,55,6,57,58,59,2,0,77,46,64,10,66,117,68,20,70,71,72,65,8,84,67,81,80,79,38,73,82,83,76,85,122,87,88,89,4,91,109,93,62,95,115,97,98,99,100,101,102,37,103,105,43,107,108,151,110,111,112,113,114,121,116,34,118,119,120,106,74,123,90,125,126,127,128,129,130,131,132,133,134,135,136,137,138,139,140,92,142,143,144,145,146,147,148,149,150,78,152,153,154,155,156,157,158,159,160,161,162,163,164,165,166,167,168,169,170,171,172,173,174,175,176,177,178,179,180,181,182,183,184,185,186,187,188,189,190,191,192,193,194,195,196,197,198,199];False
6280;8957;15237;[11,141,104,3,26,96,18,30,25,94,75,1,12,32,14,15,124,9,16,19,61,41,22,23,24,69,5,27,28,56,63,31,29,33,17,35,36,52,60,39,40,49,42,7,44,45,86,47,48,21,50,51,53,13,54,55,6,57,58,59,2,0,77,46,64,10,66,117,68,20,70,71,72,65,8,84,67,81,80,79,38,73,82,83,76,85,122,87,88,89,4,91,109,93,62,95,115,97,98,99,100,101,102,37,103,105,43,107,108,151,110,111,112,113,114,121,116,34,118,119,120,106,74,123,90,125,126,127,128,129,130,131,132,133,134,135,136,137,138,139,140,92,142,143,144,145,146,147,148,149,150,78,152,153,154,155,156,157,158,159,160,161,162,163,164,165,166,167,168,169,170,171,172,173,174,175,176,177,178,179,180,181,182,183,184,185,186,187,188,189,190,191,192,193,194,195,196,197,198,199];False
6275;8951;15226;[3,141,11,104,26,96,18,30,25,94,75,1,12,32,14,15,124,9,16,19,61,41,22,23,24,69,5,27,28,56,63,31,29,33,17,35,36,52,60,39,40,49,42,7,44,45,86,47,48,21,50,51,53,13,54,55,6,57,58,59,2,0,77,46,64,10,66,117,68,20,70,71,72,65,8,84,67,81,80,79,38,73,82,83,76,85,122,87,88,89,4,91,109,93,62,95,115,97,98,99,100,101,102,37,103,105,43,107,108,151,110,111,112,113,114,121,116,34,118,119,120,106,74,123,90,125,126,127,128,129,130,131,132,133,134,135,136,137,138,139,140,92,142,143,144,145,146,147,148,149,150,78,152,153,154,155,156,157,158,159,160,161,162,163,164,165,166,167,168,169,170,171,172,173,174,175,176,177,178,179,180,181,182,183,184,185,186,187,188,189,190,191,192,193,194,195,196,197,198,199];False
6298;8928;15226;[14,141,11,3,26,96,18,30,25,94,75,1,12,32,104,15,124,9,16,19,61,41,22,23,24,69,5,27,28,56,63,31,29,33,17,35,36,52,60,39,40,49,42,7,44,45,86,47,48,21,50,51,53,13,54,55,6,57,58,59,2,0,77,46,64,10,66,117,68,20,70,71,72,65,8,84,67,81,80,79,38,73,82,83,76,85,122,87,88,89,4,91,109,93,62,95,115,97,98,99,100,101,102,37,103,105,43,107,108,151,110,111,112,113,114,121,116,34,118,119,120,106,74,123,90,125,126,127,128,129,130,131,132,133,134,135,136,137,138,139,140,92,142,143,144,145,146,147,148,149,150,78,152,153,154,155,156,157,158,159,160,161,162,163,164,165,166,167,168,169,170,171,172,173,174,175,176,177,178,179,180,181,182,183,184,185,186,187,188,189,190,191,192,193,194,195,196,197,198,199];False
6296;8917;15213;[16,141,11,3,26,96,18,30,25,94,75,1,12,32,14,15,124,9,104,19,61,41,22,23,24,69,5,27,28,56,63,31,29,33,17,35,36,52,60,39,40,49,42,7,44,45,86,47,48,21,50,51,53,13,54,55,6,57,58,59,2,0,77,46,64,10,66,117,68,20,70,71,72,65,8,84,67,81,80,79,38,73,82,83,76,85,122,87,88,89,4,91,109,93,62,95,115,97,98,99,100,101,102,37,103,105,43,107,108,151,110,111,112,113,114,121,116,34,118,119,120,106,74,123,90,125,126,127,128,129,130,131,132,133,134,135,136,137,138,139,140,92,142,143,144,145,146,147,148,149,150,78,152,153,154,155,156,157,158,159,160,161,162,163,164,165,166,167,168,169,170,171,172,173,174,175,176,177,178,179,180,181,182,183,184,185,186,187,188,189,190,191,192,193,194,195,196,197,198,199];False
6276;8948;15224;[41,141,11,3,26,96,18,30,25,94,75,1,12,32,14,15,124,9,16,19,61,104,22,23,24,69,5,27,28,56,63,31,29,33,17,35,36,52,60,39,40,49,42,7,44,45,86,47,48,21,50,51,53,13,54,55,6,57,58,59,2,0,77,46,64,10,66,117,68,20,70,71,72,65,8,84,67,81,80,79,38,73,82,83,76,85,122,87,88,89,4,91,109,93,62,95,115,97,98,99,100,101,102,37,103,105,43,107,108,151,110,111,112,113,114,121,116,34,118,119,120,106,74,123,90,125,126,127,128,129,130,131,132,133,134,135,136,137,138,139,140,92,142,143,144,145,146,147,148,149,150,78,152,153,154,155,156,157,158,159,160,161,162,163,164,165,166,167,168,169,170,171,172,173,174,175,176,177,178,179,180,181,182,183,184,185,186,187,188,189,190,191,192,193,194,195,196,197,198,199];False
6284;8931;15215;[23,141,11,3,26,96,18,30,25,94,75,1,12,32,14,15,124,9,16,19,61,41,22,104,24,69,5,27,28,56,63,31,29,33,17,35,36,52,60,39,40,49,42,7,44,45,86,47,48,21,50,51,53,13,54,55,6,57,58,59,2,0,77,46,64,10,66,117,68,20,70,71,72,65,8,84,67,81,80,79,38,73,82,83,76,85,122,87,88,89,4,91,109,93,62,95,115,97,98,99,100,101,102,37,103,105,43,107,108,151,110,111,112,113,114,121,116,34,118,119,120,106,74,123,90,125,126,127,128,129,130,131,132,133,134,135,136,137,138,139,140,92,142,143,144,145,146,147,148,149,150,78,152,153,154,155,156,157,158,159,160,161,162,163,164,165,166,167,168,169,170,171,172,173,174,175,176,177,178,179,180,181,182,183,184,185,186,187,188,189,190,191,192,193,194,195,196,197,198,199];False
6267;8918;15185;[96,141,11,3,26,108,18,30,25,94,75,1,12,32,14,15,124,9,16,19,61,41,22,23,24,69,5,27,28,56,63,31,29,33,17,35,36,52,60,39,40,49,42,7,44,45,86,47,48,21,50,51,53,13,54,55,6,57,58,59,2,0,77,46,64,10,66,117,68,20,70,71,72,65,8,84,67,81,80,79,38,73,82,83,76,85,122,87,88,89,4,91,109,93,62,95,115,97,98,99,100,101,102,37,104,105,43,107,103,151,110,111,112,113,114,121,116,34,118,119,120,106,74,123,90,125,126,127,128,129,130,131,132,133,134,135,136,137,138,139,140,92,142,143,144,145,146,147,148,149,150,78,152,153,154,155,156,157,158,159,160,161,162,163,164,165,166,167,168,169,170,171,172,173,174,175,176,177,178,179,180,181,182,183,184,185,186,187,188,189,190,191,192,193,194,195,196,197,198,199];False
6220;8944;15164;[14,141,11,3,26,96,18,30,25,94,75,1,12,32,108,15,124,9,16,19,61,41,22,23,24,69,5,27,28,56,63,31,29,33,17,35,36,52,60,39,40,49,42,7,44,45,86,47,48,21,50,51,53,13,54,55,6,57,58,59,2,0,77,46,64,10,66,117,68,20,70,71,72,65,8,84,67,81,80,79,38,73,82,83,76,85,122,87,88,89,4,91,109,93,62,95,115,97,98,99,100,101,102,37,104,105,43,107,103,151,110,111,112,113,114,121,116,34,118,119,120,106,74,123,90,125,126,127,128,129,130,131,132,133,134,135,136,137,138,139,140,92,142,143,144,145,146,147,148,149,150,78,152,153,154,155,156,157,158,159,160,161,162,163,164,165,166,167,168,169,170,171,172,173,174,175,176,177,178,179,180,181,182,183,184,185,186,187,188,189,190,191,192,193,194,195,196,197,198,199];False
6306;8894;15200;[16,141,11,3,26,96,18,30,25,94,75,1,12,32,14,15,124,9,108,19,61,41,22,23,24,69,5,27,28,56,63,31,29,33,17,35,36,52,60,39,40,49,42,7,44,45,86,47,48,21,50,51,53,13,54,55,6,57,58,59,2,0,77,46,64,10,66,117,68,20,70,71,72,65,8,84,67,81,80,79,38,73,82,83,76,85,122,87,88,89,4,91,109,93,62,95,115,97,98,99,100,101,102,37,104,105,43,107,103,151,110,111,112,113,114,121,116,34,118,119,120,106,74,123,90,125,126,127,128,129,130,131,132,133,134,135,136,137,138,139,140,92,142,143,144,145,146,147,148,149,150,78,152,153,154,155,156,157,158,159,160,161,162,163,164,165,166,167,168,169,170,171,172,173,174,175,176,177,178,179,180,181,182,183,184,185,186,187,188,189,190,191,192,193,194,195,196,197,198,199];False
6224;8932;15156;[52,141,11,3,26,96,18,30,25,94,75,1,12,32,14,15,124,9,16,19,61,41,22,23,24,69,5,27,28,56,63,31,29,33,17,35,36,108,60,39,40,49,42,7,44,45,86,47,48,21,50,51,53,13,54,55,6,57,58,59,2,0,77,46,64,10,66,117,68,20,70,71,72,65,8,84,67,81,80,79,38,73,82,83,76,85,122,87,88,89,4,91,109,93,62,95,115,97,98,99,100,101,102,37,104,105,43,107,103,151,110,111,112,113,114,121,116,34,118,119,120,106,74,123,90,125,126,127,128,129,130,131,132,133,134,135,136,137,138,139,140,92,142,143,144,145,146,147,148,149,150,78,152,153,154,155,156,157,158,159,160,161,162,163,164,165,166,167,168,169,170,171,172,173,174,175,176,177,178,179,180,181,182,183,184,185,186,187,188,189,190,191,192,193,194,195,196,197,198,199];False
6279;8907;15186;[50,141,11,3,26,96,18,30,25,94,75,1,12,32,14,15,124,9,16,19,61,41,22,23,24,69,5,27,28,56,63,31,29,33,17,35,36,52,60,39,40,49,42,7,44,45,86,47,48,21,108,51,53,13,54,55,6,57,58,59,2,0,77,46,64,10,66,117,68,20,70,71,72,65,8,84,67,81,80,79,38,73,82,83,76,85,122,87,88,89,4,91,109,93,62,95,115,97,98,99,100,101,102,37,104,105,43,107,103,151,110,111,112,113,114,121,116,34,118,119,120,106,74,123,90,125,126,127,128,129,130,131,132,133,134,135,136,137,138,139,140,92,142,143,144,145,146,147,148,149,150,78,152,153,154,155,156,157,158,159,160,161,162,163,164,165,166,167,168,169,170,171,172,173,174,175,176,177,178,179,180,181,182,183,184,185,186,187,188,189,190,191,192,193,194,195,196,197,198,199];False
6575;8833;15408;[14,141,11,3,26,108,18,30,25,94,75,1,12,32,115,15,124,9,46,19,61,41,22,23,24,69,5,27,28,56,63,31,29,33,17,35,36,52,60,39,40,49,42,7,44,45,86,47,48,21,50,51,53,13,54,55,6,57,58,59,2,0,77,114,64,10,66,117,68,20,70,71,72,65,74,84,67,81,80,79,38,73,82,83,76,85,92,87,88,89,4,91,109,93,62,95,8,97,98,96,100,101,102,37,104,105,43,107,103,151,110,111,112,113,99,16,116,34,118,119,120,121,122,123,90,125,126,127,128,129,130,131,132,133,134,135,136,137,138,139,140,106,142,143,144,145,146,147,148,149,150,78,152,153,154,155,156,157,158,159,160,161,162,163,164,165,166,167,168,169,170,171,172,173,174,175,176,177,178,179,180,181,182,183,184,185,186,187,188,189,190,191,192,193,194,195,196,197,198,199];False
6554;8814;15368;[8,141,11,3,26,108,18,30,25,94,75,1,12,32,14,15,124,9,46,19,61,41,22,23,24,69,5,27,28,56,63,31,29,33,17,35,36,52,60,39,40,49,42,7,44,45,86,47,48,21,50,51,53,13,54,55,6,57,58,59,2,0,77,114,64,10,66,117,68,20,70,71,72,65,74,84,67,81,80,79,38,73,82,83,76,85,92,87,88,89,4,91,109,93,62,95,115,97,98,96,100,101,102,37,104,105,43,107,103,151,110,111,112,113,99,16,116,34,118,119,120,121,122,123,90,125,126,127,128,129,130,131,132,133,134,135,136,137,138,139,140,106,142,143,144,145,146,147,148,149,150,78,152,153,154,155,156,157,158,159,160,161,162,163,164,165,166,167,168,169,170,171,172,173,174,175,176,177,178,179,180,181,182,183,184,185,186,187,188,189,190,191,192,193,194,195,196,197,198,199];False
6606;8806;15412;[103,141,11,3,26,108,18,30,25,94,75,1,12,32,14,15,124,9,46,19,61,41,22,23,24,69,5,27,28,56,63,31,29,33,17,35,36,52,60,39,40,49,42,7,44,45,86,47,48,21,50,51,53,13,54,55,6,57,58,59,2,0,77,114,64,10,66,117,68,20,70,71,72,65,74,84,67,81,80,79,38,73,82,83,76,85,92,87,88,89,4,91,109,93,62,95,8,97,98,96,100,101,102,37,104,105,43,107,115,151,110,111,112,113,99,16,116,34,118,119,120,121,122,123,90,125,126,127,128,129,130,131,132,133,134,135,136,137,138,139,140,106,142,143,144,145,146,147,148,149,150,78,152,153,154,155,156,157,158,159,160,161,162,163,164,165,166,167,168,169,170,171,172,173,174,175,176,177,178,179,180,181,182,183,184,185,186,187,188,189,190,191,192,193,194,195,196,197,198,199];False
6594;8799;15393;[127,141,11,3,26,108,18,30,25,94,75,1,12,32,14,15,124,9,46,19,61,41,22,23,24,69,5,27,28,56,63,31,29,33,17,35,36,52,60,39,40,49,42,7,44,45,86,47,48,21,50,51,53,13,54,55,6,57,58,59,2,0,77,114,64,10,66,117,68,20,70,71,72,65,74,84,67,81,80,79,38,73,82,83,76,85,92,87,88,89,4,91,109,93,62,95,8,97,98,96,100,101,102,37,104,105,43,107,103,151,110,111,112,113,99,16,116,34,118,119,120,121,122,123,90,125,126,115,128,129,130,131,132,133,134,135,136,137,138,139,140,106,142,143,144,145,146,147,148,149,150,78,152,153,154,155,156,157,158,159,160,161,162,163,164,165,166,167,168,169,170,171,172,173,174,175,176,177,178,179,180,181,182,183,184,185,186,187,188,189,190,191,192,193,194,195,196,197,198,199];False
6483;8823;15306;[108,141,11,3,26,121,18,30,25,94,75,1,12,32,14,15,124,9,16,19,61,41,22,23,24,69,5,27,28,56,63,31,29,33,17,35,36,52,60,39,40,49,42,7,44,45,86,47,48,21,50,51,53,13,54,55,6,57,58,59,2,0,77,46,64,10,66,117,68,20,70,71,72,65,74,84,67,81,80,79,38,73,82,83,76,85,92,87,88,89,4,91,109,93,62,95,8,97,98,96,100,101,102,37,104,105,43,107,103,151,110,114,112,113,106,115,116,34,118,119,120,111,122,123,90,125,126,127,128,129,130,131,132,133,134,135,136,137,138,139,140,99,142,143,144,145,146,147,148,149,150,78,152,153,154,155,156,157,158,159,160,161,162,163,164,165,166,167,168,169,170,171,172,173,174,175,176,177,178,179,180,181,182,183,184,185,186,187,188,189,190,191,192,193,194,195,196,197,198,199];False
6432;8836;15268;[19,141,11,3,26,108,18,30,25,94,75,1,12,32,14,15,124,9,16,121,61,41,22,23,24,69,5,27,28,56,63,31,29,33,17,35,36,52,60,39,40,49,42,7,44,45,86,47,48,21,50,51,53,13,54,55,6,57,58,59,2,0,77,46,64,10,66,117,68,20,70,71,72,65,74,84,67,81,80,79,38,73,82,83,76,85,92,87,88,89,4,91,109,93,62,95,8,97,98,96,100,101,102,37,104,105,43,107,103,151,110,114,112,113,106,115,116,34,118,119,120,111,122,123,90,125,126,127,128,129,130,131,132,133,134,135,136,137,138,139,140,99,142,143,144,145,146,147,148,149,150,78,152,153,154,155,156,157,158,159,160,161,162,163,164,165,166,167,168,169,170,171,172,173,174,175,176,177,178,179,180,181,182,183,184,185,186,187,188,189,190,191,192,193,194,195,196,197,198,199];False
6424;8845;15269;[52,141,11,3,26,108,18,30,25,94,75,1,12,32,14,15,124,9,16,19,61,41,22,23,24,69,5,27,28,56,63,31,29,33,17,35,36,121,60,39,40,49,42,7,44,45,86,47,48,21,50,51,53,13,54,55,6,57,58,59,2,0,77,46,64,10,66,117,68,20,70,71,72,65,74,84,67,81,80,79,38,73,82,83,76,85,92,87,88,89,4,91,109,93,62,95,8,97,98,96,100,101,102,37,104,105,43,107,103,151,110,114,112,113,106,115,116,34,118,119,120,111,122,123,90,125,126,127,128,129,130,131,132,133,134,135,136,137,138,139,140,99,142,143,144,145,146,147,148,149,150,78,152,153,154,155,156,157,158,159,160,161,162,163,164,165,166,167,168,169,170,171,172,173,174,175,176,177,178,179,180,181,182,183,184,185,186,187,188,189,190,191,192,193,194,195,196,197,198,199];False
6400;8839;15239;[40,141,11,3,26,108,18,30,25,94,75,1,12,32,14,15,124,9,16,19,61,41,22,23,24,69,5,27,28,56,63,31,29,33,17,35,36,52,60,39,121,49,42,7,44,45,86,47,48,21,50,51,53,13,54,55,6,57,58,59,2,0,77,46,64,10,66,117,68,20,70,71,72,65,74,84,67,81,80,79,38,73,82,83,76,85,92,87,88,89,4,91,109,93,62,95,8,97,98,96,100,101,102,37,104,105,43,107,103,151,110,114,112,113,106,115,116,34,118,119,120,111,122,123,90,125,126,127,128,129,130,131,132,133,134,135,136,137,138,139,140,99,142,143,144,145,146,147,148,149,150,78,152,153,154,155,156,157,158,159,160,161,162,163,164,165,166,167,168,169,170,171,172,173,174,175,176,177,178,179,180,181,182,183,184,185,186,187,188,189,190,191,192,193,194,195,196,197,198,199];False
6732;8721;15453;[14,141,11,3,26,43,18,30,25,9,4,1,12,32,58,15,124,46,174,19,61,41,22,23,24,69,5,27,99,56,63,31,29,33,17,8,36,95,38,85,40,60,42,7,44,45,100,47,48,21,92,51,53,13,54,55,6,57,131,59,2,0,62,96,64,10,66,117,68,20,70,71,72,65,74,75,67,77,76,28,80,81,39,83,52,37,86,87,88,89,73,91,35,93,94,109,84,97,98,79,114,101,16,142,104,105,106,107,108,102,110,111,112,113,49,115,116,34,118,119,120,121,122,123,90,125,126,78,128,129,130,103,132,133,134,135,136,137,138,139,140,50,82,143,144,145,146,147,148,149,150,151,152,153,154,155,156,157,158,159,160,161,162,163,164,165,166,167,168,169,170,171,172,173,127,175,176,177,178,179,180,181,182,183,184,185,186,187,188,189,190,191,192,193,194,195,196,197,198,199];False
6800;8686;15486;[37,141,11,3,26,43,18,30,25,9,4,1,12,32,14,15,124,46,174,19,61,41,22,23,24,69,5,27,99,56,63,31,29,33,17,8,36,95,38,85,40,60,42,7,44,45,100,47,48,21,92,51,53,13,54,55,6,57,131,59,2,0,62,96,64,10,66,117,68,20,70,71,72,65,74,75,67,77,76,28,80,81,39,83,52,58,86,87,88,89,73,91,35,93,94,109,84,97,98,79,114,101,16,142,104,105,106,107,108,102,110,111,112,113,49,115,116,34,118,119,120,121,122,123,90,125,126,78,128,129,130,103,132,133,134,135,136,137,138,139,140,50,82,143,144,145,146,147,148,149,150,151,152,153,154,155,156,157,158,159,160,161,162,163,164,165,166,167,168,169,170,171,172,173,127,175,176,177,178,179,180,181,182,183,184,185,186,187,188,189,190,191,192,193,194,195,196,197,198,199];False
6622;8754;15376;[99,141,11,3,26,43,18,30,25,9,4,1,12,32,139,15,124,46,174,19,61,41,22,23,24,69,5,27,14,56,63,31,29,33,17,8,36,95,38,85,40,60,42,7,44,45,100,47,48,21,92,51,53,13,54,55,6,57,58,59,2,0,62,96,64,10,66,117,68,20,70,71,72,65,74,75,67,77,76,28,80,81,39,83,52,37,86,87,88,89,73,91,35,93,94,109,84,97,98,79,114,101,16,142,104,105,106,107,108,102,110,111,112,113,49,115,116,34,118,119,120,121,122,123,90,125,126,78,128,129,130,131,132,133,134,135,136,137,138,103,140,50,82,143,144,145,146,147,148,149,150,151,152,153,154,155,156,157,158,159,160,161,162,163,164,165,166,167,168,169,170,171,172,173,127,175,176,177,178,179,180,181,182,183,184,185,186,187,188,189,190,191,192,193,194,195,196,197,198,199];False
6609;8736;15345;[40,141,11,3,26,43,18,30,25,9,4,1,12,32,139,15,124,46,174,19,61,41,22,23,24,69,5,27,99,56,63,31,29,33,17,8,36,95,38,85,14,60,42,7,44,45,100,47,48,21,92,51,53,13,54,55,6,57,58,59,2,0,62,96,64,10,66,117,68,20,70,71,72,65,74,75,67,77,76,28,80,81,39,83,52,37,86,87,88,89,73,91,35,93,94,109,84,97,98,79,114,101,16,142,104,105,106,107,108,102,110,111,112,113,49,115,116,34,118,119,120,121,122,123,90,125,126,78,128,129,130,131,132,133,134,135,136,137,138,103,140,50,82,143,144,145,146,147,148,149,150,151,152,153,154,155,156,157,158,159,160,161,162,163,164,165,166,167,168,169,170,171,172,173,127,175,176,177,178,179,180,181,182,183,184,185,186,187,188,189,190,191,192,193,194,195,196,197,198,199];False
6703;8713;15416;[60,151,11,3,26,43,18,30,25,9,4,1,12,32,14,15,124,46,174,19,61,41,22,23,24,69,5,27,99,56,63,31,29,33,17,8,36,95,38,85,40,141,42,7,44,45,100,47,48,21,92,51,53,13,54,55,6,57,58,59,2,0,62,96,64,10,66,117,68,20,70,71,72,65,74,75,67,77,76,28,80,81,39,83,52,37,86,87,88,89,73,91,35,93,94,109,84,97,98,79,114,101,16,142,104,105,106,107,108,102,110,111,112,113,49,115,116,34,118,119,120,121,122,123,90,125,126,78,128,129,130,131,132,133,134,135,136,137,138,139,140,50,82,143,144,145,146,147,148,149,150,103,152,153,154,155,156,157,158,159,160,161,162,163,164,165,166,167,168,169,170,171,172,173,127,175,176,177,178,179,180,181,182,183,184,185,186,187,188,189,190,191,192,193,194,195,196,197,198,199];False
6767;8698;15465;[58,151,11,3,26,43,18,30,25,9,4,1,12,32,14,15,124,46,174,19,61,41,22,23,24,69,5,27,99,56,63,31,29,33,17,8,36,95,38,85,40,60,42,7,44,45,100,47,48,21,92,51,53,13,54,55,6,57,141,59,2,0,62,96,64,10,66,117,68,20,70,71,72,65,74,75,67,77,76,28,80,81,39,83,52,37,86,87,88,89,73,91,35,93,94,109,84,97,98,79,114,101,16,142,104,105,106,107,108,102,110,111,112,113,49,115,116,34,118,119,120,121,122,123,90,125,126,78,128,129,130,131,132,133,134,135,136,137,138,139,140,50,82,143,144,145,146,147,148,149,150,103,152,153,154,155,156,157,158,159,160,161,162,163,164,165,166,167,168,169,170,171,172,173,127,175,176,177,178,179,180,181,182,183,184,185,186,187,188,189,190,191,192,193,194,195,196,197,198,199];False
6694;8717;15411;[117,151,11,3,26,43,18,30,25,9,4,1,12,32,14,15,124,46,174,19,61,41,22,23,24,69,5,27,99,56,63,31,29,33,17,8,36,95,38,85,40,60,42,7,44,45,100,47,48,21,92,51,53,13,54,55,6,57,58,59,2,0,62,96,64,10,66,141,68,20,70,71,72,65,74,75,67,77,76,28,80,81,39,83,52,37,86,87,88,89,73,91,35,93,94,109,84,97,98,79,114,101,16,142,104,105,106,107,108,102,110,111,112,113,49,115,116,34,118,119,120,121,122,123,90,125,126,78,128,129,130,131,132,133,134,135,136,137,138,139,140,50,82,143,144,145,146,147,148,149,150,103,152,153,154,155,156,157,158,159,160,161,162,163,164,165,166,167,168,169,170,171,172,173,127,175,176,177,178,179,180,181,182,183,184,185,186,187,188,189,190,191,192,193,194,195,196,197,198,199];False
6674;8711;15385;[76,151,11,3,26,43,18,30,25,9,4,1,12,32,14,15,124,46,174,19,61,41,22,23,24,69,5,27,99,56,63,31,29,33,17,8,36,95,38,85,40,60,42,7,44,45,100,47,48,21,92,51,53,13,54,55,6,57,58,59,2,0,62,96,64,10,66,117,68,20,70,71,72,65,74,75,67,77,141,28,80,81,39,83,52,37,86,87,88,89,73,91,35,93,94,109,84,97,98,79,114,101,16,142,104,105,106,107,108,102,110,111,112,113,49,115,116,34,118,119,120,121,122,123,90,125,126,78,128,129,130,131,132,133,134,135,136,137,138,139,140,50,82,143,144,145,146,147,148,149,150,103,152,153,154,155,156,157,158,159,160,161,162,163,164,165,166,167,168,169,170,171,172,173,127,175,176,177,178,179,180,181,182,183,184,185,186,187,188,189,190,191,192,193,194,195,196,197,198,199];False
6771;8696;15467;[14,141,11,3,26,43,18,30,25,9,4,1,12,32,40,15,124,46,174,19,61,41,22,23,24,69,5,27,99,56,63,31,29,33,17,8,36,95,38,85,151,60,42,7,44,45,100,47,48,21,92,51,53,13,54,55,6,57,58,59,2,0,62,96,64,10,66,117,68,20,70,71,72,65,74,75,67,77,76,28,80,81,39,83,52,37,86,87,88,89,73,91,35,93,94,109,84,97,98,79,114,101,16,142,104,105,106,107,108,102,110,111,112,113,49,115,116,34,118,119,120,121,122,123,90,125,126,78,128,129,130,131,132,133,134,135,136,137,138,139,140,50,82,143,144,145,146,147,148,149,150,103,152,153,154,155,156,157,158,159,160,161,162,163,164,165,166,167,168,169,170,171,172,173,127,175,176,177,178,179,180,181,182,183,184,185,186,187,188,189,190,191,192,193,194,195,196,197,198,199];False
6783;8677;15460;[23,141,11,3,26,43,18,30,25,9,4,1,12,32,14,15,124,46,174,19,61,41,22,40,24,69,5,27,99,56,63,31,29,33,17,8,36,95,38,85,151,60,42,7,44,45,100,47,48,21,92,51,53,13,54,55,6,57,58,59,2,0,62,96,64,10,66,117,68,20,70,71,72,65,74,75,67,77,76,28,80,81,39,83,52,37,86,87,88,89,73,91,35,93,94,109,84,97,98,79,114,101,16,142,104,105,106,107,108,102,110,111,112,113,49,115,116,34,118,119,120,121,122,123,90,125,126,78,128,129,130,131,132,133,134,135,136,137,138,139,140,50,82,143,144,145,146,147,148,149,150,103,152,153,154,155,156,157,158,159,160,161,162,163,164,165,166,167,168,169,170,171,172,173,127,175,176,177,178,179,180,181,182,183,184,185,186,187,188,189,190,191,192,193,194,195,196,197,198,199];False
6713;8708;15421;[77,141,11,3,26,43,18,30,25,9,4,1,12,32,14,15,124,46,174,19,61,41,22,23,24,69,5,27,99,56,63,31,29,33,17,8,36,95,38,85,151,60,42,7,44,45,100,47,48,21,92,51,53,13,54,55,6,57,58,59,2,0,62,96,64,10,66,117,68,20,70,71,72,65,74,75,67,40,76,28,80,81,39,83,52,37,86,87,88,89,73,91,35,93,94,109,84,97,98,79,114,101,16,142,104,105,106,107,108,102,110,111,112,113,49,115,116,34,118,119,120,121,122,123,90,125,126,78,128,129,130,131,132,133,134,135,136,137,138,139,140,50,82,143,144,145,146,147,148,149,150,103,152,153,154,155,156,157,158,159,160,161,162,163,164,165,166,167,168,169,170,171,172,173,127,175,176,177,178,179,180,181,182,183,184,185,186,187,188,189,190,191,192,193,194,195,196,197,198,199];False
6732;8707;15439;[80,141,11,3,26,43,18,30,25,9,4,1,12,32,14,15,124,46,174,19,61,41,22,23,24,69,5,27,99,56,63,31,29,33,17,8,36,95,38,85,151,60,42,7,44,45,100,47,48,21,92,51,53,13,54,55,6,57,58,59,2,0,62,96,64,10,66,117,68,20,70,71,72,65,74,75,67,77,76,28,40,81,39,83,52,37,86,87,88,89,73,91,35,93,94,109,84,97,98,79,114,101,16,142,104,105,106,107,108,102,110,111,112,113,49,115,116,34,118,119,120,121,122,123,90,125,126,78,128,129,130,131,132,133,134,135,136,137,138,139,140,50,82,143,144,145,146,147,148,149,150,103,152,153,154,155,156,157,158,159,160,161,162,163,164,165,166,167,168,169,170,171,172,173,127,175,176,177,178,179,180,181,182,183,184,185,186,187,188,189,190,191,192,193,194,195,196,197,198,199];False
6717;8696;15413;[52,141,11,3,26,43,18,30,25,9,4,1,12,32,14,15,124,46,174,19,61,41,22,23,24,69,5,27,99,56,63,31,29,33,17,8,36,95,38,85,151,60,42,7,44,45,100,47,48,21,92,51,53,13,54,55,6,57,58,59,2,0,62,96,64,10,66,117,68,20,70,71,72,65,74,75,67,77,76,28,80,81,39,83,40,37,86,87,88,89,73,91,35,93,94,109,84,97,98,79,114,101,16,142,104,105,106,107,108,102,110,111,112,113,49,115,116,34,118,119,120,121,122,123,90,125,126,78,128,129,130,131,132,133,134,135,136,137,138,139,140,50,82,143,144,145,146,147,148,149,150,103,152,153,154,155,156,157,158,159,160,161,162,163,164,165,166,167,168,169,170,171,172,173,127,175,176,177,178,179,180,181,182,183,184,185,186,187,188,189,190,191,192,193,194,195,196,197,198,199];False
6930;8648;15578;[73,141,11,3,26,43,18,30,25,9,4,1,12,32,14,15,124,46,174,19,61,41,22,23,24,69,5,27,99,56,63,31,29,33,17,8,36,95,38,85,40,60,42,7,44,45,122,47,48,21,92,51,53,13,54,55,6,57,58,59,2,0,62,96,64,10,66,117,68,20,70,71,72,65,74,75,67,77,76,28,80,81,39,83,52,101,86,87,88,89,103,91,35,93,94,109,84,97,98,79,100,114,16,142,104,105,106,107,108,102,110,111,112,113,49,115,116,34,118,119,120,121,37,123,90,125,126,78,128,129,130,131,132,133,134,135,136,137,138,139,140,50,82,143,144,145,146,147,148,149,150,151,152,153,154,155,156,157,158,159,160,161,162,163,164,165,166,167,168,169,170,171,172,173,127,175,176,177,178,179,180,181,182,183,184,185,186,187,188,189,190,191,192,193,194,195,196,197,198,199];False
6912;8654;15566;[115,141,11,3,26,43,18,30,25,9,4,1,12,32,14,15,124,46,174,19,61,41,22,23,24,69,5,27,99,56,63,31,29,33,17,8,36,95,38,85,40,60,42,7,44,45,122,47,48,21,92,51,53,13,54,55,6,57,58,59,2,0,62,96,64,10,66,117,68,20,70,71,72,65,74,75,67,77,76,28,80,81,39,83,52,101,86,87,88,89,73,91,35,93,94,109,84,97,98,79,100,114,16,142,104,105,106,107,108,102,110,111,112,113,49,103,116,34,118,119,120,121,37,123,90,125,126,78,128,129,130,131,132,133,134,135,136,137,138,139,140,50,82,143,144,145,146,147,148,149,150,151,152,153,154,155,156,157,158,159,160,161,162,163,164,165,166,167,168,169,170,171,172,173,127,175,176,177,178,179,180,181,182,183,184,185,186,187,188,189,190,191,192,193,194,195,196,197,198,199];False
6852;8648;15500;[151,141,11,3,26,43,18,30,25,9,4,1,12,32,14,15,124,46,174,19,61,41,22,23,24,69,5,27,99,56,63,31,29,33,17,8,36,95,38,85,40,60,42,7,44,45,122,47,48,21,92,51,53,13,54,55,6,57,58,59,2,0,62,96,64,10,66,117,68,20,70,71,72,65,74,75,67,77,76,28,80,81,39,83,52,101,86,87,88,89,73,91,35,93,94,109,84,97,98,79,100,114,16,142,104,105,106,107,108,102,110,111,112,113,49,115,116,34,118,119,120,121,37,123,90,125,126,78,128,129,130,131,132,133,134,135,136,137,138,139,140,50,82,143,144,145,146,147,148,149,150,103,152,153,154,155,156,157,158,159,160,161,162,163,164,165,166,167,168,169,170,171,172,173,127,175,176,177,178,179,180,181,182,183,184,185,186,187,188,189,190,191,192,193,194,195,196,197,198,199];False
6848;8663;15511;[52,141,11,3,26,43,18,30,25,9,4,1,12,32,14,15,124,46,174,19,61,41,22,23,24,69,5,27,99,56,63,31,29,33,17,8,36,95,38,85,40,49,131,7,44,45,60,47,48,21,92,51,53,13,54,55,6,57,58,42,2,0,62,96,64,10,66,117,68,20,70,71,72,65,74,75,67,77,76,28,80,81,39,83,59,101,86,87,88,89,73,91,35,93,94,109,84,97,98,79,100,114,16,142,104,105,106,107,108,102,110,111,112,113,103,115,116,34,118,119,120,121,122,123,90,125,126,78,128,129,130,137,132,133,134,135,136,37,138,139,140,50,82,143,144,145,146,147,148,149,150,151,152,153,154,155,156,157,158,159,160,161,162,163,164,165,166,167,168,169,170,171,172,173,127,175,176,177,178,179,180,181,182,183,184,185,186,187,188,189,190,191,192,193,194,195,196,197,198,199];False
6825;8668;15493;[97,141,11,3,26,43,18,30,25,9,4,1,12,32,14,15,124,46,174,19,61,41,22,23,24,69,5,27,99,56,63,31,29,33,17,8,36,95,38,85,40,49,131,7,44,45,60,47,48,21,92,51,53,13,54,55,6,57,58,42,2,0,62,96,64,10,66,117,68,20,70,71,72,65,74,75,67,77,76,28,80,81,39,83,52,101,86,87,88,89,73,91,35,93,94,109,84,59,98,79,100,114,16,142,104,105,106,107,108,102,110,111,112,113,103,115,116,34,118,119,120,121,122,123,90,125,126,78,128,129,130,137,132,133,134,135,136,37,138,139,140,50,82,143,144,145,146,147,148,149,150,151,152,153,154,155,156,157,158,159,160,161,162,163,164,165,166,167,168,169,170,171,172,173,127,175,176,177,178,179,180,181,182,183,184,185,186,187,188,189,190,191,192,193,194,195,196,197,198,199];False
7574;8529;16103;[5,141,11,3,26,43,86,30,25,9,4,1,12,32,14,15,124,46,174,23,61,41,22,40,24,69,58,27,99,56,63,31,29,33,17,8,36,95,38,39,18,158,42,7,44,45,19,47,48,21,92,51,53,13,54,55,6,57,60,59,2,0,62,96,64,10,121,117,68,20,70,71,72,65,74,75,67,77,76,28,80,81,114,83,52,85,66,87,88,89,73,91,35,93,94,37,84,97,98,79,100,101,16,103,104,105,106,107,108,102,110,111,112,113,109,115,116,34,118,119,120,49,122,123,90,125,126,78,128,129,130,131,132,133,134,135,136,137,138,139,140,50,142,143,144,145,146,147,148,149,150,151,152,153,154,155,156,157,82,159,160,161,162,163,164,165,166,167,168,169,170,171,172,173,127,175,176,177,178,179,180,181,182,183,184,185,186,187,188,189,190,191,192,193,194,195,196,197,198,199];False
7525;8518;16043;[19,141,11,3,26,43,86,30,25,9,4,1,12,32,14,15,124,46,174,23,61,41,22,40,24,69,5,27,99,56,63,31,29,33,17,8,36,95,38,39,18,158,42,7,44,45,58,47,48,21,92,51,53,13,54,55,6,57,60,59,2,0,62,96,64,10,121,117,68,20,70,71,72,65,74,75,67,77,76,28,80,81,114,83,52,85,66,87,88,89,73,91,35,93,94,37,84,97,98,79,100,101,16,103,104,105,106,107,108,102,110,111,112,113,109,115,116,34,118,119,120,49,122,123,90,125,126,78,128,129,130,131,132,133,134,135,136,137,138,139,140,50,142,143,144,145,146,147,148,149,150,151,152,153,154,155,156,157,82,159,160,161,162,163,164,165,166,167,168,169,170,171,172,173,127,175,176,177,178,179,180,181,182,183,184,185,186,187,188,189,190,191,192,193,194,195,196,197,198,199];False
7387;8527;15914;[98,141,11,3,26,43,86,30,25,9,4,1,12,32,14,15,124,46,174,23,61,41,22,40,24,69,5,27,99,56,63,31,29,33,17,8,36,95,38,39,18,158,42,7,44,45,19,47,48,21,92,51,53,13,54,55,6,57,60,59,2,0,62,96,64,10,121,117,68,20,70,71,72,65,74,75,67,77,76,28,80,81,114,83,52,85,66,87,88,89,73,91,35,93,94,37,84,97,58,79,100,101,16,103,104,105,106,107,108,102,110,111,112,113,109,115,116,34,118,119,120,49,122,123,90,125,126,78,128,129,130,131,132,133,134,135,136,137,138,139,140,50,142,143,144,145,146,147,148,149,150,151,152,153,154,155,156,157,82,159,160,161,162,163,164,165,166,167,168,169,170,171,172,173,127,175,176,177,178,179,180,181,182,183,184,185,186,187,188,189,190,191,192,193,194,195,196,197,198,199];False
7425;8523;15948;[30,141,11,3,26,43,86,12,25,9,4,1,75,32,14,15,124,46,174,19,61,41,22,40,24,69,5,27,99,56,63,31,29,33,17,8,36,95,38,39,18,158,42,7,44,45,60,47,48,21,92,51,53,13,54,55,6,57,58,59,2,0,62,96,64,10,121,117,68,20,70,71,72,65,74,84,67,77,76,28,80,81,114,83,52,85,66,87,88,89,73,91,35,93,94,37,23,97,98,79,100,101,16,103,104,105,106,107,108,102,110,111,112,113,109,115,116,34,118,119,120,49,122,123,90,125,126,78,128,129,130,131,132,133,134,135,136,137,138,139,140,50,142,143,144,145,146,147,148,149,150,151,152,153,154,155,156,157,82,159,160,161,162,163,164,165,166,167,168,169,170,171,172,173,127,175,176,177,178,179,180,181,182,183,184,185,186,187,188,189,190,191,192,193,194,195,196,197,198,199];False
7314;8545;15859;[41,141,11,3,26,43,86,30,25,9,4,1,75,32,14,15,124,46,174,19,61,12,22,40,24,69,5,27,99,56,63,31,29,33,17,8,36,95,38,39,18,158,42,7,44,45,60,47,48,21,92,51,53,13,54,55,6,57,58,59,2,0,62,96,64,10,121,117,68,20,70,71,72,65,74,84,67,77,76,28,80,81,114,83,52,85,66,87,88,89,73,91,35,93,94,37,23,97,98,79,100,101,16,103,104,105,106,107,108,102,110,111,112,113,109,115,116,34,118,119,120,49,122,123,90,125,126,78,128,129,130,131,132,133,134,135,136,137,138,139,140,50,142,143,144,145,146,147,148,149,150,151,152,153,154,155,156,157,82,159,160,161,162,163,164,165,166,167,168,169,170,171,172,173,127,175,176,177,178,179,180,181,182,183,184,185,186,187,188,189,190,191,192,193,194,195,196,197,198,199];False
7497;8521;16018;[18,141,11,3,26,43,86,30,25,9,4,1,75,32,14,15,124,46,174,19,61,41,22,40,24,69,5,27,99,56,63,31,29,33,17,8,36,95,38,39,12,158,42,7,44,45,60,47,48,21,92,51,53,13,54,55,6,57,58,59,2,0,62,96,64,10,121,117,68,20,70,71,72,65,74,84,67,77,76,28,80,81,114,83,52,85,66,87,88,89,73,91,35,93,94,37,23,97,98,79,100,101,16,103,104,105,106,107,108,102,110,111,112,113,109,115,116,34,118,119,120,49,122,123,90,125,126,78,128,129,130,131,132,133,134,135,136,137,138,139,140,50,142,143,144,145,146,147,148,149,150,151,152,153,154,155,156,157,82,159,160,161,162,163,164,165,166,167,168,169,170,171,172,173,127,175,176,177,178,179,180,181,182,183,184,185,186,187,188,189,190,191,192,193,194,195,196,197,198,199];False
7311;8529;15840;[158,141,11,3,26,43,86,30,25,9,4,1,75,32,14,15,124,46,174,19,61,41,22,40,24,69,5,27,99,56,63,31,29,33,17,8,36,95,38,39,18,12,42,7,44,45,60,47,48,21,92,51,53,13,54,55,6,57,58,59,2,0,62,96,64,10,121,117,68,20,70,71,72,65,74,84,67,77,76,28,80,81,114,83,52,85,66,87,88,89,73,91,35,93,94,37,23,97,98,79,100,101,16,103,104,105,106,107,108,102,110,111,112,113,109,115,116,34,118,119,120,49,122,123,90,125,126,78,128,129,130,131,132,133,134,135,136,137,138,139,140,50,142,143,144,145,146,147,148,149,150,151,152,153,154,155,156,157,82,159,160,161,162,163,164,165,166,167,168,169,170,171,172,173,127,175,176,177,178,179,180,181,182,183,184,185,186,187,188,189,190,191,192,193,194,195,196,197,198,199];False
7309;8544;15853;[86,141,11,3,26,43,39,30,25,9,4,1,12,32,14,15,124,46,174,19,61,41,22,40,24,69,5,27,99,56,63,31,29,33,17,8,36,95,38,75,18,158,42,7,44,45,60,47,48,21,92,51,53,13,54,55,6,57,58,59,2,0,62,96,64,10,121,117,68,20,70,71,72,65,74,84,67,77,76,28,80,81,114,83,52,85,66,87,88,89,73,91,35,93,94,37,23,97,98,79,100,101,16,103,104,105,106,107,108,102,110,111,112,113,109,115,116,34,118,119,120,49,122,123,90,125,126,78,128,129,130,131,132,133,134,135,136,137,138,139,140,50,142,143,144,145,146,147,148,149,150,151,152,153,154,155,156,157,82,159,160,161,162,163,164,165,166,167,168,169,170,171,172,173,127,175,176,177,178,179,180,181,182,183,184,185,186,187,188,189,190,191,192,193,194,195,196,197,198,199];False
7306;8541;15847;[42,141,11,3,26,43,86,30,25,9,4,1,12,32,14,15,124,46,174,19,61,41,22,40,24,69,5,27,99,56,63,31,29,33,17,8,36,95,38,75,18,158,39,7,44,45,60,47,48,21,92,51,53,13,54,55,6,57,58,59,2,0,62,96,64,10,121,117,68,20,70,71,72,65,74,84,67,77,76,28,80,81,114,83,52,85,66,87,88,89,73,91,35,93,94,37,23,97,98,79,100,101,16,103,104,105,106,107,108,102,110,111,112,113,109,115,116,34,118,119,120,49,122,123,90,125,126,78,128,129,130,131,132,133,134,135,136,137,138,139,140,50,142,143,144,145,146,147,148,149,150,151,152,153,154,155,156,157,82,159,160,161,162,163,164,165,166,167,168,169,170,171,172,173,127,175,176,177,178,179,180,181,182,183,184,185,186,187,188,189,190,191,192,193,194,195,196,197,198,199];False
7343;8525;15868;[58,141,11,3,26,43,86,30,25,9,4,1,12,32,14,15,124,46,174,19,61,41,22,40,24,69,5,27,99,56,63,31,29,33,17,8,36,95,38,75,18,158,42,7,44,45,60,47,48,21,92,51,53,13,54,55,6,57,39,59,2,0,62,96,64,10,121,117,68,20,70,71,72,65,74,84,67,77,76,28,80,81,114,83,52,85,66,87,88,89,73,91,35,93,94,37,23,97,98,79,100,101,16,103,104,105,106,107,108,102,110,111,112,113,109,115,116,34,118,119,120,49,122,123,90,125,126,78,128,129,130,131,132,133,134,135,136,137,138,139,140,50,142,143,144,145,146,147,148,149,150,151,152,153,154,155,156,157,82,159,160,161,162,163,164,165,166,167,168,169,170,171,172,173,127,175,176,177,178,179,180,181,182,183,184,185,186,187,188,189,190,191,192,193,194,195,196,197,198,199];False
7265;8548;15813;[64,141,11,3,26,43,86,30,25,9,4,1,12,32,14,15,124,46,174,19,61,41,22,40,24,69,5,27,99,56,63,31,29,33,17,8,36,95,38,75,18,158,42,7,44,45,60,47,48,21,92,51,53,13,54,55,6,57,58,59,2,0,62,96,39,10,121,117,68,20,70,71,72,65,74,84,67,77,76,28,80,81,114,83,52,85,66,87,88,89,73,91,35,93,94,37,23,97,98,79,100,101,16,103,104,105,106,107,108,102,110,111,112,113,109,115,116,34,118,119,120,49,122,123,90,125,126,78,128,129,130,131,132,133,134,135,136,137,138,139,140,50,142,143,144,145,146,147,148,149,150,151,152,153,154,155,156,157,82,159,160,161,162,163,164,165,166,167,168,169,170,171,172,173,127,175,176,177,178,179,180,181,182,183,184,185,186,187,188,189,190,191,192,193,194,195,196,197,198,199];False
7355;8502;15857;[10,141,11,3,26,43,86,30,25,9,4,1,12,32,14,15,124,46,174,19,61,41,22,40,24,69,5,27,99,56,63,31,29,33,17,8,36,95,38,75,18,158,42,7,44,45,60,47,48,21,92,51,53,13,54,55,6,57,58,59,2,0,62,96,64,39,121,117,68,20,70,71,72,65,74,84,67,77,76,28,80,81,114,83,52,85,66,87,88,89,73,91,35,93,94,37,23,97,98,79,100,101,16,103,104,105,106,107,108,102,110,111,112,113,109,115,116,34,118,119,120,49,122,123,90,125,126,78,128,129,130,131,132,133,134,135,136,137,138,139,140,50,142,143,144,145,146,147,148,149,150,151,152,153,154,155,156,157,82,159,160,161,162,163,164,165,166,167,168,169,170,171,172,173,127,175,176,177,178,179,180,181,182,183,184,185,186,187,188,189,190,191,192,193,194,195,196,197,198,199];False
7305;8544;15849;[77,141,11,3,26,43,86,30,25,9,4,1,12,32,14,15,124,46,174,19,61,41,22,40,24,69,5,27,99,56,63,31,29,33,17,8,36,95,38,75,18,158,42,7,44,45,60,47,48,21,92,51,53,13,54,55,6,57,58,59,2,0,62,96,64,10,121,117,68,20,70,71,72,65,74,84,67,39,76,28,80,81,114,83,52,85,66,87,88,89,73,91,35,93,94,37,23,97,98,79,100,101,16,103,104,105,106,107,108,102,110,111,112,113,109,115,116,34,118,119,120,49,122,123,90,125,126,78,128,129,130,131,132,133,134,135,136,137,138,139,140,50,142,143,144,145,146,147,148,149,150,151,152,153,154,155,156,157,82,159,160,161,162,163,164,165,166,167,168,169,170,171,172,173,127,175,176,177,178,179,180,181,182,183,184,185,186,187,188,189,190,191,192,193,194,195,196,197,198,199];False
7241;8528;15769;[114,141,11,3,26,43,86,30,25,9,4,1,12,32,14,15,124,46,174,19,61,41,22,40,24,69,5,27,99,56,63,31,29,33,17,8,36,95,38,75,18,158,42,7,44,45,60,47,48,21,92,51,53,13,54,55,6,57,58,59,2,0,62,96,64,10,121,117,68,20,70,71,72,65,74,84,67,77,76,28,80,81,39,83,52,85,66,87,88,89,73,91,35,93,94,37,23,97,98,79,100,101,16,103,104,105,106,107,108,102,110,111,112,113,109,115,116,34,118,119,120,49,122,123,90,125,126,78,128,129,130,131,132,133,134,135,136,137,138,139,140,50,142,143,144,145,146,147,148,149,150,151,152,153,154,155,156,157,82,159,160,161,162,163,164,165,166,167,168,169,170,171,172,173,127,175,176,177,178,179,180,181,182,183,184,185,186,187,188,189,190,191,192,193,194,195,196,197,198,199];False
7116;8551;15667;[75,141,11,3,26,43,18,30,25,9,4,1,12,32,14,15,124,46,174,23,61,41,22,98,24,69,5,27,99,56,63,31,29,33,17,8,36,95,38,39,40,158,42,7,44,45,86,47,48,21,92,51,53,13,54,55,6,57,60,59,2,0,62,96,64,10,121,117,68,20,70,71,72,65,74,84,67,77,76,28,80,81,114,83,52,85,66,87,88,89,73,91,35,93,94,37,19,97,58,79,100,101,16,103,104,105,106,107,108,102,110,111,112,113,109,115,116,34,118,119,120,49,122,123,90,125,126,78,128,129,130,131,132,133,134,135,136,137,138,139,140,50,142,143,144,145,146,147,148,149,150,151,152,153,154,155,156,157,82,159,160,161,162,163,164,165,166,167,168,169,170,171,172,173,127,175,176,177,178,179,180,181,182,183,184,185,186,187,188,189,190,191,192,193,194,195,196,197,198,199];False
7006;8574;15580;[115,141,11,3,26,43,18,30,25,9,4,1,12,32,14,15,124,46,174,23,61,41,22,98,24,69,5,27,99,56,63,31,29,33,17,8,36,95,38,39,40,158,42,7,44,45,86,47,48,21,92,51,53,13,54,55,6,57,60,59,2,0,62,96,64,10,121,117,68,20,70,71,72,65,74,75,67,77,76,28,80,81,114,83,52,85,66,87,88,89,73,91,35,93,94,37,19,97,58,79,100,101,16,103,104,105,106,107,108,102,110,111,112,113,109,84,116,34,118,119,120,49,122,123,90,125,126,78,128,129,130,131,132,133,134,135,136,137,138,139,140,50,142,143,144,145,146,147,148,149,150,151,152,153,154,155,156,157,82,159,160,161,162,163,164,165,166,167,168,169,170,171,172,173,127,175,176,177,178,179,180,181,182,183,184,185,186,187,188,189,190,191,192,193,194,195,196,197,198,199];False
7085;8563;15648;[78,141,11,3,26,43,18,30,25,9,4,1,12,32,14,15,124,46,174,23,61,41,22,98,24,69,5,27,99,56,63,31,29,33,17,8,36,95,38,39,40,158,42,7,44,45,86,47,48,21,92,51,53,13,54,55,6,57,60,59,2,0,62,96,64,10,121,117,68,20,70,71,72,65,74,75,67,77,76,28,80,81,114,83,52,85,66,87,88,89,73,91,35,93,94,37,19,97,58,79,100,101,16,103,104,105,106,107,108,102,110,111,112,113,109,115,116,34,118,119,120,49,122,123,90,125,126,84,128,129,130,131,132,133,134,135,136,137,138,139,140,50,142,143,144,145,146,147,148,149,150,151,152,153,154,155,156,157,82,159,160,161,162,163,164,165,166,167,168,169,170,171,172,173,127,175,176,177,178,179,180,181,182,183,184,185,186,187,188,189,190,191,192,193,194,195,196,197,198,199];False
7162;8550;15712;[16,141,11,3,26,43,18,30,25,9,4,1,12,32,14,15,124,46,174,23,61,41,22,98,24,69,5,27,99,56,63,31,29,33,17,8,36,95,38,39,40,158,42,7,44,45,86,47,48,21,92,51,53,13,54,55,6,57,60,59,2,0,62,96,64,10,121,117,68,20,70,71,72,65,74,75,67,77,76,28,80,81,114,83,52,85,66,87,88,89,73,91,35,93,94,37,84,97,58,79,100,101,115,103,104,105,106,107,108,102,110,111,112,113,109,19,116,34,118,119,120,49,122,123,90,125,126,78,128,129,130,131,132,133,134,135,136,137,138,139,140,50,142,143,144,145,146,147,148,149,150,151,152,153,154,155,156,157,82,159,160,161,162,163,164,165,166,167,168,169,170,171,172,173,127,175,176,177,178,179,180,181,182,183,184,185,186,187,188,189,190,191,192,193,194,195,196,197,198,199];False
7075;8553;15628;[12,141,11,3,26,43,18,30,25,9,4,1,75,32,14,15,124,46,174,19,61,41,22,98,24,69,5,27,99,56,63,31,29,33,17,8,36,95,38,39,40,158,42,7,44,45,86,47,48,21,92,51,53,13,54,55,6,57,60,59,2,0,62,96,64,10,121,117,68,20,70,71,72,65,74,84,67,77,76,28,80,81,114,83,52,85,66,87,88,89,73,91,35,93,94,37,23,97,58,79,100,101,16,103,104,105,106,107,108,102,110,111,112,113,109,115,116,34,118,119,120,49,122,123,90,125,126,78,128,129,130,131,132,133,134,135,136,137,138,139,140,50,142,143,144,145,146,147,148,149,150,151,152,153,154,155,156,157,82,159,160,161,162,163,164,165,166,167,168,169,170,171,172,173,127,175,176,177,178,179,180,181,182,183,184,185,186,187,188,189,190,191,192,193,194,195,196,197,198,199];False
7210;8541;15751;[22,141,11,3,26,43,18,30,25,9,4,1,12,32,14,15,124,46,174,19,61,41,75,98,24,69,5,27,99,56,63,31,29,33,17,8,36,95,38,39,40,158,42,7,44,45,86,47,48,21,92,51,53,13,54,55,6,57,60,59,2,0,62,96,64,10,121,117,68,20,70,71,72,65,74,84,67,77,76,28,80,81,114,83,52,85,66,87,88,89,73,91,35,93,94,37,23,97,58,79,100,101,16,103,104,105,106,107,108,102,110,111,112,113,109,115,116,34,118,119,120,49,122,123,90,125,126,78,128,129,130,131,132,133,134,135,136,137,138,139,140,50,142,143,144,145,146,147,148,149,150,151,152,153,154,155,156,157,82,159,160,161,162,163,164,165,166,167,168,169,170,171,172,173,127,175,176,177,178,179,180,181,182,183,184,185,186,187,188,189,190,191,192,193,194,195,196,197,198,199];False
7046;8564;15610;[77,141,11,3,26,43,18,30,25,9,4,1,12,32,14,15,124,46,174,19,61,41,22,98,24,69,5,27,99,56,63,31,29,33,17,8,36,95,38,39,40,158,42,7,44,45,86,47,48,21,92,51,53,13,54,55,6,57,60,59,2,0,62,96,64,10,121,117,68,20,70,71,72,65,74,84,67,75,76,28,80,81,114,83,52,85,66,87,88,89,73,91,35,93,94,37,23,97,58,79,100,101,16,103,104,105,106,107,108,102,110,111,112,113,109,115,116,34,118,119,120,49,122,123,90,125,126,78,128,129,130,131,132,133,134,135,136,137,138,139,140,50,142,143,144,145,146,147,148,149,150,151,152,153,154,155,156,157,82,159,160,161,162,163,164,165,166,167,168,169,170,171,172,173,127,175,176,177,178,179,180,181,182,183,184,185,186,187,188,189,190,191,192,193,194,195,196,197,198,199];False
6919;8618;15537;[14,141,11,3,26,43,18,30,25,9,4,1,12,32,115,15,124,46,174,19,61,41,22,98,24,69,5,27,99,56,63,31,29,33,17,8,36,95,38,39,40,158,42,7,44,45,86,47,48,21,92,51,53,13,54,55,6,57,60,59,2,0,62,96,64,10,121,117,68,20,70,71,72,65,74,75,67,77,76,28,80,81,114,83,52,85,66,87,88,89,73,91,35,93,94,37,23,97,58,79,100,101,16,103,104,105,106,107,108,102,110,111,112,113,109,84,116,34,118,119,120,49,122,123,90,125,126,78,128,129,130,131,132,133,134,135,136,137,138,139,140,50,142,143,144,145,146,147,148,149,150,151,152,153,154,155,156,157,82,159,160,161,162,163,164,165,166,167,168,169,170,171,172,173,127,175,176,177,178,179,180,181,182,183,184,185,186,187,188,189,190,191,192,193,194,195,196,197,198,199];False
6936;8613;15549;[38,141,11,3,26,43,18,30,25,9,4,1,12,32,14,15,124,46,174,19,61,41,22,98,24,69,5,27,99,56,63,31,29,33,17,8,36,95,115,39,40,158,42,7,44,45,86,47,48,21,92,51,53,13,54,55,6,57,60,59,2,0,62,96,64,10,121,117,68,20,70,71,72,65,74,75,67,77,76,28,80,81,114,83,52,85,66,87,88,89,73,91,35,93,94,37,23,97,58,79,100,101,16,103,104,105,106,107,108,102,110,111,112,113,109,84,116,34,118,119,120,49,122,123,90,125,126,78,128,129,130,131,132,133,134,135,136,137,138,139,140,50,142,143,144,145,146,147,148,149,150,151,152,153,154,155,156,157,82,159,160,161,162,163,164,165,166,167,168,169,170,171,172,173,127,175,176,177,178,179,180,181,182,183,184,185,186,187,188,189,190,191,192,193,194,195,196,197,198,199];False
6920;8606;15526;[77,141,11,3,26,43,18,30,25,9,4,1,12,32,14,15,124,46,174,19,61,41,22,98,24,69,5,27,99,56,63,31,29,33,17,8,36,95,38,39,40,158,42,7,44,45,86,47,48,21,92,51,53,13,54,55,6,57,60,59,2,0,62,96,64,10,121,117,68,20,70,71,72,65,74,75,67,115,76,28,80,81,114,83,52,85,66,87,88,89,73,91,35,93,94,37,23,97,58,79,100,101,16,103,104,105,106,107,108,102,110,111,112,113,109,84,116,34,118,119,120,49,122,123,90,125,126,78,128,129,130,131,132,133,134,135,136,137,138,139,140,50,142,143,144,145,146,147,148,149,150,151,152,153,154,155,156,157,82,159,160,161,162,163,164,165,166,167,168,169,170,171,172,173,127,175,176,177,178,179,180,181,182,183,184,185,186,187,188,189,190,191,192,193,194,195,196,197,198,199];False
6945;8603;15548;[114,141,11,3,26,43,18,30,25,9,4,1,12,32,14,15,124,46,174,19,61,41,22,98,24,69,5,27,99,56,63,31,29,33,17,8,36,95,38,39,40,158,42,7,44,45,86,47,48,21,92,51,53,13,54,55,6,57,60,59,2,0,62,96,64,10,121,117,68,20,70,71,72,65,74,75,67,77,76,28,80,81,115,83,52,85,66,87,88,89,73,91,35,93,94,37,23,97,58,79,100,101,16,103,104,105,106,107,108,102,110,111,112,113,109,84,116,34,118,119,120,49,122,123,90,125,126,78,128,129,130,131,132,133,134,135,136,137,138,139,140,50,142,143,144,145,146,147,148,149,150,151,152,153,154,155,156,157,82,159,160,161,162,163,164,165,166,167,168,169,170,171,172,173,127,175,176,177,178,179,180,181,182,183,184,185,186,187,188,189,190,191,192,193,194,195,196,197,198,199];False
6934;8593;15527;[16,141,11,3,26,43,18,30,25,9,4,1,12,32,14,15,124,46,174,19,61,41,22,98,24,69,5,27,99,56,63,31,29,33,17,8,36,95,38,39,40,158,42,7,44,45,86,47,48,21,92,51,53,13,54,55,6,57,60,59,2,0,62,96,64,10,121,117,68,20,70,71,72,65,74,75,67,77,76,28,80,81,114,83,52,85,66,87,88,89,73,91,35,93,94,37,23,97,58,79,100,101,115,103,104,105,106,107,108,102,110,111,112,113,109,84,116,34,118,119,120,49,122,123,90,125,126,78,128,129,130,131,132,133,134,135,136,137,138,139,140,50,142,143,144,145,146,147,148,149,150,151,152,153,154,155,156,157,82,159,160,161,162,163,164,165,166,167,168,169,170,171,172,173,127,175,176,177,178,179,180,181,182,183,184,185,186,187,188,189,190,191,192,193,194,195,196,197,198,199];False
6271;8901;15172;[16,141,11,3,26,96,18,30,25,94,75,1,12,32,14,15,124,9,114,103,61,41,22,23,24,69,5,27,28,56,63,31,29,33,17,35,36,52,60,39,40,49,42,7,44,45,86,47,48,21,50,51,53,13,54,55,6,57,58,59,2,0,77,46,64,10,66,117,68,20,70,71,72,65,8,84,67,81,80,79,38,73,82,83,76,85,122,87,88,89,4,91,109,93,62,95,115,97,98,99,100,101,102,37,104,105,43,107,108,151,110,111,112,113,19,121,116,34,118,119,120,106,74,123,90,125,126,127,128,129,130,131,132,133,134,135,136,137,138,139,140,92,142,143,144,145,146,147,148,149,150,78,152,153,154,155,156,157,158,159,160,161,162,163,164,165,166,167,168,169,170,171,172,173,174,175,176,177,178,179,180,181,182,183,184,185,186,187,188,189,190,191,192,193,194,195,196,197,198,199];False
6226;8914;15140;[103,141,11,3,26,96,18,30,25,94,75,1,12,32,14,15,124,9,16,114,61,41,22,23,24,69,5,27,28,56,63,31,29,33,17,35,36,52,60,39,40,49,42,7,44,45,86,47,48,21,50,51,53,13,54,55,6,57,58,59,2,0,77,46,64,10,66,117,68,20,70,71,72,65,8,84,67,81,80,79,38,73,82,83,76,85,122,87,88,89,4,91,109,93,62,95,115,97,98,99,100,101,102,37,104,105,43,107,108,151,110,111,112,113,19,121,116,34,118,119,120,106,74,123,90,125,126,127,128,129,130,131,132,133,134,135,136,137,138,139,140,92,142,143,144,145,146,147,148,149,150,78,152,153,154,155,156,157,158,159,160,161,162,163,164,165,166,167,168,169,170,171,172,173,174,175,176,177,178,179,180,181,182,183,184,185,186,187,188,189,190,191,192,193,194,195,196,197,198,199];False
6374;8872;15246;[5,141,11,3,26,96,18,30,25,94,75,1,12,32,14,15,124,9,16,103,61,41,22,23,24,69,114,27,28,56,63,31,29,33,17,35,36,52,60,39,40,49,42,7,44,45,86,47,48,21,50,51,53,13,54,55,6,57,58,59,2,0,77,46,64,10,66,117,68,20,70,71,72,65,8,84,67,81,80,79,38,73,82,83,76,85,122,87,88,89,4,91,109,93,62,95,115,97,98,99,100,101,102,37,104,105,43,107,108,151,110,111,112,113,19,121,116,34,118,119,120,106,74,123,90,125,126,127,128,129,130,131,132,133,134,135,136,137,138,139,140,92,142,143,144,145,146,147,148,149,150,78,152,153,154,155,156,157,158,159,160,161,162,163,164,165,166,167,168,169,170,171,172,173,174,175,176,177,178,179,180,181,182,183,184,185,186,187,188,189,190,191,192,193,194,195,196,197,198,199];False
6371;8860;15231;[46,141,11,3,26,96,18,30,25,94,75,1,12,32,14,15,124,9,16,103,61,41,22,23,24,69,5,27,28,56,63,31,29,33,17,35,36,52,60,39,40,49,42,7,44,45,86,47,48,21,50,51,53,13,54,55,6,57,58,59,2,0,77,114,64,10,66,117,68,20,70,71,72,65,8,84,67,81,80,79,38,73,82,83,76,85,122,87,88,89,4,91,109,93,62,95,115,97,98,99,100,101,102,37,104,105,43,107,108,151,110,111,112,113,19,121,116,34,118,119,120,106,74,123,90,125,126,127,128,129,130,131,132,133,134,135,136,137,138,139,140,92,142,143,144,145,146,147,148,149,150,78,152,153,154,155,156,157,158,159,160,161,162,163,164,165,166,167,168,169,170,171,172,173,174,175,176,177,178,179,180,181,182,183,184,185,186,187,188,189,190,191,192,193,194,195,196,197,198,199];False
6317;8872;15189;[99,141,11,3,26,96,18,30,25,94,75,1,12,32,14,15,124,9,16,103,61,41,22,23,24,69,5,27,28,56,63,31,29,33,17,35,36,52,60,39,40,49,42,7,44,45,86,47,48,21,50,51,53,13,54,55,6,57,58,59,2,0,77,46,64,10,66,117,68,20,70,71,72,65,8,84,67,81,80,79,38,73,82,83,76,85,122,87,88,89,4,91,109,93,62,95,115,97,98,114,100,101,102,37,104,105,43,107,108,151,110,111,112,113,19,121,116,34,118,119,120,106,74,123,90,125,126,127,128,129,130,131,132,133,134,135,136,137,138,139,140,92,142,143,144,145,146,147,148,149,150,78,152,153,154,155,156,157,158,159,160,161,162,163,164,165,166,167,168,169,170,171,172,173,174,175,176,177,178,179,180,181,182,183,184,185,186,187,188,189,190,191,192,193,194,195,196,197,198,199];False
6224;8923;15147;[19,141,11,3,26,96,18,30,25,94,75,1,12,32,108,15,124,9,16,14,61,41,22,23,24,69,5,27,28,56,63,31,29,33,17,35,36,52,60,39,40,49,42,7,44,45,86,47,48,21,50,51,53,13,54,55,6,57,58,59,2,0,77,46,64,10,66,117,68,20,70,71,72,65,8,84,67,81,80,79,38,73,82,83,76,85,122,87,88,89,4,91,109,93,62,95,115,97,98,99,100,101,102,37,104,105,43,107,103,151,110,111,112,113,114,121,116,34,118,119,120,106,74,123,90,125,126,127,128,129,130,131,132,133,134,135,136,137,138,139,140,92,142,143,144,145,146,147,148,149,150,78,152,153,154,155,156,157,158,159,160,161,162,163,164,165,166,167,168,169,170,171,172,173,174,175,176,177,178,179,180,181,182,183,184,185,186,187,188,189,190,191,192,193,194,195,196,197,198,199];False
6207;8941;15148;[28,141,11,3,26,96,18,30,25,94,75,1,12,32,108,15,124,9,16,19,61,41,22,23,24,69,5,27,14,56,63,31,29,33,17,35,36,52,60,39,40,49,42,7,44,45,86,47,48,21,50,51,53,13,54,55,6,57,58,59,2,0,77,46,64,10,66,117,68,20,70,71,72,65,8,84,67,81,80,79,38,73,82,83,76,85,122,87,88,89,4,91,109,93,62,95,115,97,98,99,100,101,102,37,104,105,43,107,103,151,110,111,112,113,114,121,116,34,118,119,120,106,74,123,90,125,126,127,128,129,130,131,132,133,134,135,136,137,138,139,140,92,142,143,144,145,146,147,148,149,150,78,152,153,154,155,156,157,158,159,160,161,162,163,164,165,166,167,168,169,170,171,172,173,174,175,176,177,178,179,180,181,182,183,184,185,186,187,188,189,190,191,192,193,194,195,196,197,198,199];False
6263;8907;15170;[28,141,11,3,26,96,18,30,25,94,75,1,12,32,14,15,124,9,108,19,61,41,22,23,24,69,5,27,16,56,63,31,29,33,17,35,36,52,60,39,40,49,42,7,44,45,86,47,48,21,50,51,53,13,54,55,6,57,58,59,2,0,77,46,64,10,66,117,68,20,70,71,72,65,8,84,67,81,80,79,38,73,82,83,76,85,122,87,88,89,4,91,109,93,62,95,115,97,98,99,100,101,102,37,104,105,43,107,103,151,110,111,112,113,114,121,116,34,118,119,120,106,74,123,90,125,126,127,128,129,130,131,132,133,134,135,136,137,138,139,140,92,142,143,144,145,146,147,148,149,150,78,152,153,154,155,156,157,158,159,160,161,162,163,164,165,166,167,168,169,170,171,172,173,174,175,176,177,178,179,180,181,182,183,184,185,186,187,188,189,190,191,192,193,194,195,196,197,198,199];False
6270;8890;15160;[34,141,11,3,26,96,18,30,25,94,75,1,12,32,14,15,124,9,108,19,61,41,22,23,24,69,5,27,28,56,63,31,29,33,17,35,36,52,60,39,40,49,42,7,44,45,86,47,48,21,50,51,53,13,54,55,6,57,58,59,2,0,77,46,64,10,66,117,68,20,70,71,72,65,8,84,67,81,80,79,38,73,82,83,76,85,122,87,88,89,4,91,109,93,62,95,115,97,98,99,100,101,102,37,104,105,43,107,103,151,110,111,112,113,114,121,116,16,118,119,120,106,74,123,90,125,126,127,128,129,130,131,132,133,134,135,136,137,138,139,140,92,142,143,144,145,146,147,148,149,150,78,152,153,154,155,156,157,158,159,160,161,162,163,164,165,166,167,168,169,170,171,172,173,174,175,176,177,178,179,180,181,182,183,184,185,186,187,188,189,190,191,192,193,194,195,196,197,198,199];False
6530;8814;15344;[35,141,11,3,26,108,18,30,25,94,75,1,12,32,14,15,124,9,46,19,61,41,22,23,24,69,5,27,28,56,63,31,29,33,17,8,36,52,60,39,40,49,42,7,44,45,86,47,48,21,50,51,53,13,54,55,6,57,58,59,2,0,77,114,64,10,66,117,68,20,70,71,72,65,74,84,67,81,80,79,38,73,82,83,76,85,92,87,88,89,4,91,109,93,62,95,115,97,98,96,100,101,102,37,104,105,43,107,103,151,110,111,112,113,99,16,116,34,118,119,120,121,122,123,90,125,126,127,128,129,130,131,132,133,134,135,136,137,138,139,140,106,142,143,144,145,146,147,148,149,150,78,152,153,154,155,156,157,158,159,160,161,162,163,164,165,166,167,168,169,170,171,172,173,174,175,176,177,178,179,180,181,182,183,184,185,186,187,188,189,190,191,192,193,194,195,196,197,198,199];False
6606;8794;15400;[52,141,11,3,26,108,18,30,25,94,75,1,12,32,14,15,124,9,46,19,61,41,22,23,24,69,5,27,28,56,63,31,29,33,17,35,36,127,60,39,40,49,42,7,44,45,86,47,48,21,50,51,53,13,54,55,6,57,58,59,2,0,77,114,64,10,66,117,68,20,70,71,72,65,74,84,67,81,80,79,38,73,82,83,76,85,92,87,88,89,4,91,109,93,62,95,8,97,98,96,100,101,102,37,104,105,43,107,103,151,110,111,112,113,99,16,116,34,118,119,120,121,122,123,90,125,126,115,128,129,130,131,132,133,134,135,136,137,138,139,140,106,142,143,144,145,146,147,148,149,150,78,152,153,154,155,156,157,158,159,160,161,162,163,164,165,166,167,168,169,170,171,172,173,174,175,176,177,178,179,180,181,182,183,184,185,186,187,188,189,190,191,192,193,194,195,196,197,198,199];False
6535;8802;15337;[131,141,11,3,26,108,18,30,25,94,75,1,12,32,14,15,124,9,46,19,61,41,22,23,24,69,5,27,28,56,63,31,29,33,17,35,36,52,60,39,40,49,42,7,44,45,86,47,48,21,50,51,53,13,54,55,6,57,58,59,2,0,77,114,64,10,66,117,68,20,70,71,72,65,74,84,67,81,80,79,38,73,82,83,76,85,92,87,88,89,4,91,109,93,62,95,8,97,98,96,100,101,102,37,104,105,43,107,103,151,110,111,112,113,99,16,116,34,118,119,120,121,122,123,90,125,126,115,128,129,130,127,132,133,134,135,136,137,138,139,140,106,142,143,144,145,146,147,148,149,150,78,152,153,154,155,156,157,158,159,160,161,162,163,164,165,166,167,168,169,170,171,172,173,174,175,176,177,178,179,180,181,182,183,184,185,186,187,188,189,190,191,192,193,194,195,196,197,198,199];False
6520;8815;15335;[172,141,11,3,26,108,18,30,25,94,75,1,12,32,14,15,124,9,46,19,61,41,22,23,24,69,5,27,28,56,63,31,29,33,17,35,36,52,60,39,40,49,42,7,44,45,86,47,48,21,50,51,53,13,54,55,6,57,58,59,2,0,77,114,64,10,66,117,68,20,70,71,72,65,74,84,67,81,80,79,38,73,82,83,76,85,92,87,88,89,4,91,109,93,62,95,8,97,98,96,100,101,102,37,104,105,43,107,103,151,110,111,112,113,99,16,116,34,118,119,120,121,122,123,90,125,126,115,128,129,130,131,132,133,134,135,136,137,138,139,140,106,142,143,144,145,146,147,148,149,150,78,152,153,154,155,156,157,158,159,160,161,162,163,164,165,166,167,168,169,170,171,127,173,174,175,176,177,178,179,180,181,182,183,184,185,186,187,188,189,190,191,192,193,194,195,196,197,198,199];False
6571;8777;15348;[174,141,11,3,26,108,18,30,25,94,75,1,12,32,14,15,124,9,46,19,61,41,22,23,24,69,5,27,28,56,63,31,29,33,17,35,36,52,60,39,40,49,42,7,44,45,86,47,48,21,50,51,53,13,54,55,6,57,58,59,2,0,77,114,64,10,66,117,68,20,70,71,72,65,74,84,67,81,80,79,38,73,82,83,76,85,92,87,88,89,4,91,109,93,62,95,8,97,98,96,100,101,102,37,104,105,43,107,103,151,110,111,112,113,99,16,116,34,118,119,120,121,122,123,90,125,126,115,128,129,130,131,132,133,134,135,136,137,138,139,140,106,142,143,144,145,146,147,148,149,150,78,152,153,154,155,156,157,158,159,160,161,162,163,164,165,166,167,168,169,170,171,172,173,127,175,176,177,178,179,180,181,182,183,184,185,186,187,188,189,190,191,192,193,194,195,196,197,198,199];False
6472;8833;15305;[9,141,11,3,26,121,18,30,25,94,75,1,12,32,14,15,124,108,16,19,61,41,22,23,24,69,5,27,28,56,63,31,29,33,17,35,36,52,60,39,40,49,42,7,44,45,86,47,48,21,50,51,53,13,54,55,6,57,58,59,2,0,77,46,64,10,66,117,68,20,70,71,72,65,74,84,67,81,80,79,38,73,82,83,76,85,92,87,88,89,4,91,109,93,62,95,8,97,98,96,100,101,102,37,104,105,43,107,103,151,110,114,112,113,106,115,116,34,118,119,120,111,122,123,90,125,126,127,128,129,130,131,132,133,134,135,136,137,138,139,140,99,142,143,144,145,146,147,148,149,150,78,152,153,154,155,156,157,158,159,160,161,162,163,164,165,166,167,168,169,170,171,172,173,174,175,176,177,178,179,180,181,182,183,184,185,186,187,188,189,190,191,192,193,194,195,196,197,198,199];False
6485;8803;15288;[16,141,11,3,26,121,18,30,25,94,75,1,12,32,14,15,124,9,108,19,61,41,22,23,24,69,5,27,28,56,63,31,29,33,17,35,36,52,60,39,40,49,42,7,44,45,86,47,48,21,50,51,53,13,54,55,6,57,58,59,2,0,77,46,64,10,66,117,68,20,70,71,72,65,74,84,67,81,80,79,38,73,82,83,76,85,92,87,88,89,4,91,109,93,62,95,8,97,98,96,100,101,102,37,104,105,43,107,103,151,110,114,112,113,106,115,116,34,118,119,120,111,122,123,90,125,126,127,128,129,130,131,132,133,134,135,136,137,138,139,140,99,142,143,144,145,146,147,148,149,150,78,152,153,154,155,156,157,158,159,160,161,162,163,164,165,166,167,168,169,170,171,172,173,174,175,176,177,178,179,180,181,182,183,184,185,186,187,188,189,190,191,192,193,194,195,196,197,198,199];False
6458;8816;15274;[50,141,11,3,26,121,18,30,25,94,75,1,12,32,14,15,124,9,16,19,61,41,22,23,24,69,5,27,28,56,63,31,29,33,17,35,36,52,60,39,40,49,42,7,44,45,86,47,48,21,108,51,53,13,54,55,6,57,58,59,2,0,77,46,64,10,66,117,68,20,70,71,72,65,74,84,67,81,80,79,38,73,82,83,76,85,92,87,88,89,4,91,109,93,62,95,8,97,98,96,100,101,102,37,104,105,43,107,103,151,110,114,112,113,106,115,116,34,118,119,120,111,122,123,90,125,126,127,128,129,130,131,132,133,134,135,136,137,138,139,140,99,142,143,144,145,146,147,148,149,150,78,152,153,154,155,156,157,158,159,160,161,162,163,164,165,166,167,168,169,170,171,172,173,174,175,176,177,178,179,180,181,182,183,184,185,186,187,188,189,190,191,192,193,194,195,196,197,198,199];False
6414;8832;15246;[92,141,11,3,26,108,18,30,25,94,75,1,12,32,14,15,124,9,16,121,61,41,22,23,24,69,5,27,28,56,63,31,29,33,17,35,36,52,60,39,40,49,42,7,44,45,86,47,48,21,50,51,53,13,54,55,6,57,58,59,2,0,77,46,64,10,66,117,68,20,70,71,72,65,74,84,67,81,80,79,38,73,82,83,76,85,19,87,88,89,4,91,109,93,62,95,8,97,98,96,100,101,102,37,104,105,43,107,103,151,110,114,112,113,106,115,116,34,118,119,120,111,122,123,90,125,126,127,128,129,130,131,132,133,134,135,136,137,138,139,140,99,142,143,144,145,146,147,148,149,150,78,152,153,154,155,156,157,158,159,160,161,162,163,164,165,166,167,168,169,170,171,172,173,174,175,176,177,178,179,180,181,182,183,184,185,186,187,188,189,190,191,192,193,194,195,196,197,198,199];False
6449;8815;15264;[23,141,11,3,26,108,18,30,25,94,75,1,12,32,14,15,124,9,16,19,61,41,22,40,24,69,5,27,28,56,63,31,29,33,17,35,36,52,60,39,121,49,42,7,44,45,86,47,48,21,50,51,53,13,54,55,6,57,58,59,2,0,77,46,64,10,66,117,68,20,70,71,72,65,74,84,67,81,80,79,38,73,82,83,76,85,92,87,88,89,4,91,109,93,62,95,8,97,98,96,100,101,102,37,104,105,43,107,103,151,110,114,112,113,106,115,116,34,118,119,120,111,122,123,90,125,126,127,128,129,130,131,132,133,134,135,136,137,138,139,140,99,142,143,144,145,146,147,148,149,150,78,152,153,154,155,156,157,158,159,160,161,162,163,164,165,166,167,168,169,170,171,172,173,174,175,176,177,178,179,180,181,182,183,184,185,186,187,188,189,190,191,192,193,194,195,196,197,198,199];False
6491;8797;15288;[64,141,11,3,26,108,18,30,25,94,75,1,12,32,14,15,124,9,16,19,61,41,22,23,24,69,5,27,28,56,63,31,29,33,17,35,36,52,60,39,121,49,42,7,44,45,86,47,48,21,50,51,53,13,54,55,6,57,58,59,2,0,77,46,40,10,66,117,68,20,70,71,72,65,74,84,67,81,80,79,38,73,82,83,76,85,92,87,88,89,4,91,109,93,62,95,8,97,98,96,100,101,102,37,104,105,43,107,103,151,110,114,112,113,106,115,116,34,118,119,120,111,122,123,90,125,126,127,128,129,130,131,132,133,134,135,136,137,138,139,140,99,142,143,144,145,146,147,148,149,150,78,152,153,154,155,156,157,158,159,160,161,162,163,164,165,166,167,168,169,170,171,172,173,174,175,176,177,178,179,180,181,182,183,184,185,186,187,188,189,190,191,192,193,194,195,196,197,198,199];False
6434;8808;15242;[92,141,11,3,26,108,18,30,25,94,75,1,12,32,14,15,124,9,16,19,61,41,22,23,24,69,5,27,28,56,63,31,29,33,17,35,36,52,60,39,121,49,42,7,44,45,86,47,48,21,50,51,53,13,54,55,6,57,58,59,2,0,77,46,64,10,66,117,68,20,70,71,72,65,74,84,67,81,80,79,38,73,82,83,76,85,40,87,88,89,4,91,109,93,62,95,8,97,98,96,100,101,102,37,104,105,43,107,103,151,110,114,112,113,106,115,116,34,118,119,120,111,122,123,90,125,126,127,128,129,130,131,132,133,134,135,136,137,138,139,140,99,142,143,144,145,146,147,148,149,150,78,152,153,154,155,156,157,158,159,160,161,162,163,164,165,166,167,168,169,170,171,172,173,174,175,176,177,178,179,180,181,182,183,184,185,186,187,188,189,190,191,192,193,194,195,196,197,198,199];False
6413;8827;15240;[8,141,11,3,26,108,18,30,25,94,75,1,12,32,14,15,124,9,16,19,61,41,22,23,24,69,5,27,28,56,63,31,29,33,17,35,36,52,60,39,121,49,42,7,44,45,86,47,48,21,50,51,53,13,54,55,6,57,58,59,2,0,77,46,64,10,66,117,68,20,70,71,72,65,74,84,67,81,80,79,38,73,82,83,76,85,92,87,88,89,4,91,109,93,62,95,40,97,98,96,100,101,102,37,104,105,43,107,103,151,110,114,112,113,106,115,116,34,118,119,120,111,122,123,90,125,126,127,128,129,130,131,132,133,134,135,136,137,138,139,140,99,142,143,144,145,146,147,148,149,150,78,152,153,154,155,156,157,158,159,160,161,162,163,164,165,166,167,168,169,170,171,172,173,174,175,176,177,178,179,180,181,182,183,184,185,186,187,188,189,190,191,192,193,194,195,196,197,198,199];False
6459;8806;15265;[102,141,11,3,26,108,18,30,25,94,75,1,12,32,14,15,124,9,16,19,61,41,22,23,24,69,5,27,28,56,63,31,29,33,17,35,36,52,60,39,121,49,42,7,44,45,86,47,48,21,50,51,53,13,54,55,6,57,58,59,2,0,77,46,64,10,66,117,68,20,70,71,72,65,74,84,67,81,80,79,38,73,82,83,76,85,92,87,88,89,4,91,109,93,62,95,8,97,98,96,100,101,40,37,104,105,43,107,103,151,110,114,112,113,106,115,116,34,118,119,120,111,122,123,90,125,126,127,128,129,130,131,132,133,134,135,136,137,138,139,140,99,142,143,144,145,146,147,148,149,150,78,152,153,154,155,156,157,158,159,160,161,162,163,164,165,166,167,168,169,170,171,172,173,174,175,176,177,178,179,180,181,182,183,184,185,186,187,188,189,190,191,192,193,194,195,196,197,198,199];False
6367;8829;15196;[37,141,11,3,26,108,18,30,25,94,75,1,12,32,14,15,124,9,16,19,61,41,22,23,24,69,5,27,28,56,63,31,29,33,17,35,36,52,60,39,121,49,42,7,44,45,86,47,48,21,50,51,53,13,54,55,6,57,58,59,2,0,77,46,64,10,66,117,68,20,70,71,72,65,74,84,67,81,80,79,38,73,82,83,76,85,92,87,88,89,4,91,109,93,62,95,8,97,98,96,100,101,102,40,104,105,43,107,103,151,110,114,112,113,106,115,116,34,118,119,120,111,122,123,90,125,126,127,128,129,130,131,132,133,134,135,136,137,138,139,140,99,142,143,144,145,146,147,148,149,150,78,152,153,154,155,156,157,158,159,160,161,162,163,164,165,166,167,168,169,170,171,172,173,174,175,176,177,178,179,180,181,182,183,184,185,186,187,188,189,190,191,192,193,194,195,196,197,198,199];False
6658;8712;15370;[23,141,11,3,26,43,18,30,25,9,4,1,12,32,139,15,124,46,174,19,61,41,22,40,24,69,5,27,99,56,63,31,29,33,17,8,36,95,38,85,14,60,42,7,44,45,100,47,48,21,92,51,53,13,54,55,6,57,58,59,2,0,62,96,64,10,66,117,68,20,70,71,72,65,74,75,67,77,76,28,80,81,39,83,52,37,86,87,88,89,73,91,35,93,94,109,84,97,98,79,114,101,16,142,104,105,106,107,108,102,110,111,112,113,49,115,116,34,118,119,120,121,122,123,90,125,126,78,128,129,130,131,132,133,134,135,136,137,138,103,140,50,82,143,144,145,146,147,148,149,150,151,152,153,154,155,156,157,158,159,160,161,162,163,164,165,166,167,168,169,170,171,172,173,127,175,176,177,178,179,180,181,182,183,184,185,186,187,188,189,190,191,192,193,194,195,196,197,198,199];False
6606;8774;15380;[96,141,11,3,26,43,18,30,25,9,4,1,12,32,139,15,124,46,174,19,61,41,22,23,24,69,5,27,99,56,63,31,29,33,17,8,36,95,38,85,14,60,42,7,44,45,100,47,48,21,92,51,53,13,54,55,6,57,58,59,2,0,62,40,64,10,66,117,68,20,70,71,72,65,74,75,67,77,76,28,80,81,39,83,52,37,86,87,88,89,73,91,35,93,94,109,84,97,98,79,114,101,16,142,104,105,106,107,108,102,110,111,112,113,49,115,116,34,118,119,120,121,122,123,90,125,126,78,128,129,130,131,132,133,134,135,136,137,138,103,140,50,82,143,144,145,146,147,148,149,150,151,152,153,154,155,156,157,158,159,160,161,162,163,164,165,166,167,168,169,170,171,172,173,127,175,176,177,178,179,180,181,182,183,184,185,186,187,188,189,190,191,192,193,194,195,196,197,198,199];False
6601;8760;15361;[65,141,11,3,26,43,18,30,25,9,4,1,12,32,139,15,124,46,174,19,61,41,22,23,24,69,5,27,99,56,63,31,29,33,17,8,36,95,38,85,14,60,42,7,44,45,100,47,48,21,92,51,53,13,54,55,6,57,58,59,2,0,62,96,64,10,66,117,68,20,70,71,72,40,74,75,67,77,76,28,80,81,39,83,52,37,86,87,88,89,73,91,35,93,94,109,84,97,98,79,114,101,16,142,104,105,106,107,108,102,110,111,112,113,49,115,116,34,118,119,120,121,122,123,90,125,126,78,128,129,130,131,132,133,134,135,136,137,138,103,140,50,82,143,144,145,146,147,148,149,150,151,152,153,154,155,156,157,158,159,160,161,162,163,164,165,166,167,168,169,170,171,172,173,127,175,176,177,178,179,180,181,182,183,184,185,186,187,188,189,190,191,192,193,194,195,196,197,198,199];False
6588;8743;15331;[77,141,11,3,26,43,18,30,25,9,4,1,12,32,139,15,124,46,174,19,61,41,22,23,24,69,5,27,99,56,63,31,29,33,17,8,36,95,38,85,14,60,42,7,44,45,100,47,48,21,92,51,53,13,54,55,6,57,58,59,2,0,62,96,64,10,66,117,68,20,70,71,72,65,74,75,67,40,76,28,80,81,39,83,52,37,86,87,88,89,73,91,35,93,94,109,84,97,98,79,114,101,16,142,104,105,106,107,108,102,110,111,112,113,49,115,116,34,118,119,120,121,122,123,90,125,126,78,128,129,130,131,132,133,134,135,136,137,138,103,140,50,82,143,144,145,146,147,148,149,150,151,152,153,154,155,156,157,158,159,160,161,162,163,164,165,166,167,168,169,170,171,172,173,127,175,176,177,178,179,180,181,182,183,184,185,186,187,188,189,190,191,192,193,194,195,196,197,198,199];False
6607;8742;15349;[80,141,11,3,26,43,18,30,25,9,4,1,12,32,139,15,124,46,174,19,61,41,22,23,24,69,5,27,99,56,63,31,29,33,17,8,36,95,38,85,14,60,42,7,44,45,100,47,48,21,92,51,53,13,54,55,6,57,58,59,2,0,62,96,64,10,66,117,68,20,70,71,72,65,74,75,67,77,76,28,40,81,39,83,52,37,86,87,88,89,73,91,35,93,94,109,84,97,98,79,114,101,16,142,104,105,106,107,108,102,110,111,112,113,49,115,116,34,118,119,120,121,122,123,90,125,126,78,128,129,130,131,132,133,134,135,136,137,138,103,140,50,82,143,144,145,146,147,148,149,150,151,152,153,154,155,156,157,158,159,160,161,162,163,164,165,166,167,168,169,170,171,172,173,127,175,176,177,178,179,180,181,182,183,184,185,186,187,188,189,190,191,192,193,194,195,196,197,198,199];False
6592;8731;15323;[52,141,11,3,26,43,18,30,25,9,4,1,12,32,139,15,124,46,174,19,61,41,22,23,24,69,5,27,99,56,63,31,29,33,17,8,36,95,38,85,14,60,42,7,44,45,100,47,48,21,92,51,53,13,54,55,6,57,58,59,2,0,62,96,64,10,66,117,68,20,70,71,72,65,74,75,67,77,76,28,80,81,39,83,40,37,86,87,88,89,73,91,35,93,94,109,84,97,98,79,114,101,16,142,104,105,106,107,108,102,110,111,112,113,49,115,116,34,118,119,120,121,122,123,90,125,126,78,128,129,130,131,132,133,134,135,136,137,138,103,140,50,82,143,144,145,146,147,148,149,150,151,152,153,154,155,156,157,158,159,160,161,162,163,164,165,166,167,168,169,170,171,172,173,127,175,176,177,178,179,180,181,182,183,184,185,186,187,188,189,190,191,192,193,194,195,196,197,198,199];False
6764;8683;15447;[14,141,11,3,26,43,18,30,25,9,4,1,12,32,23,15,124,46,174,19,61,41,22,40,24,69,5,27,99,56,63,31,29,33,17,8,36,95,38,85,151,60,42,7,44,45,100,47,48,21,92,51,53,13,54,55,6,57,58,59,2,0,62,96,64,10,66,117,68,20,70,71,72,65,74,75,67,77,76,28,80,81,39,83,52,37,86,87,88,89,73,91,35,93,94,109,84,97,98,79,114,101,16,142,104,105,106,107,108,102,110,111,112,113,49,115,116,34,118,119,120,121,122,123,90,125,126,78,128,129,130,131,132,133,134,135,136,137,138,139,140,50,82,143,144,145,146,147,148,149,150,103,152,153,154,155,156,157,158,159,160,161,162,163,164,165,166,167,168,169,170,171,172,173,127,175,176,177,178,179,180,181,182,183,184,185,186,187,188,189,190,191,192,193,194,195,196,197,198,199];False
6844;8651;15495;[19,141,11,3,26,43,18,30,25,9,4,1,12,32,14,15,124,46,174,23,61,41,22,40,24,69,5,27,99,56,63,31,29,33,17,8,36,95,38,85,151,60,42,7,44,45,100,47,48,21,92,51,53,13,54,55,6,57,58,59,2,0,62,96,64,10,66,117,68,20,70,71,72,65,74,75,67,77,76,28,80,81,39,83,52,37,86,87,88,89,73,91,35,93,94,109,84,97,98,79,114,101,16,142,104,105,106,107,108,102,110,111,112,113,49,115,116,34,118,119,120,121,122,123,90,125,126,78,128,129,130,131,132,133,134,135,136,137,138,139,140,50,82,143,144,145,146,147,148,149,150,103,152,153,154,155,156,157,158,159,160,161,162,163,164,165,166,167,168,169,170,171,172,173,127,175,176,177,178,179,180,181,182,183,184,185,186,187,188,189,190,191,192,193,194,195,196,197,198,199];False
6826;8662;15488;[76,141,11,3,26,43,18,30,25,9,4,1,12,32,14,15,124,46,174,19,61,41,22,40,24,69,5,27,99,56,63,31,29,33,17,8,36,95,38,85,151,60,42,7,44,45,100,47,48,21,92,51,53,13,54,55,6,57,58,59,2,0,62,96,64,10,66,117,68,20,70,71,72,65,74,75,67,77,23,28,80,81,39,83,52,37,86,87,88,89,73,91,35,93,94,109,84,97,98,79,114,101,16,142,104,105,106,107,108,102,110,111,112,113,49,115,116,34,118,119,120,121,122,123,90,125,126,78,128,129,130,131,132,133,134,135,136,137,138,139,140,50,82,143,144,145,146,147,148,149,150,103,152,153,154,155,156,157,158,159,160,161,162,163,164,165,166,167,168,169,170,171,172,173,127,175,176,177,178,179,180,181,182,183,184,185,186,187,188,189,190,191,192,193,194,195,196,197,198,199];False
6772;8680;15452;[94,141,11,3,26,43,18,30,25,9,4,1,12,32,14,15,124,46,174,19,61,41,22,40,24,69,5,27,99,56,63,31,29,33,17,8,36,95,38,85,151,60,42,7,44,45,100,47,48,21,92,51,53,13,54,55,6,57,58,59,2,0,62,96,64,10,66,117,68,20,70,71,72,65,74,75,67,77,76,28,80,81,39,83,52,37,86,87,88,89,73,91,35,93,23,109,84,97,98,79,114,101,16,142,104,105,106,107,108,102,110,111,112,113,49,115,116,34,118,119,120,121,122,123,90,125,126,78,128,129,130,131,132,133,134,135,136,137,138,139,140,50,82,143,144,145,146,147,148,149,150,103,152,153,154,155,156,157,158,159,160,161,162,163,164,165,166,167,168,169,170,171,172,173,127,175,176,177,178,179,180,181,182,183,184,185,186,187,188,189,190,191,192,193,194,195,196,197,198,199];False
6759;8652;15411;[84,141,11,3,26,43,18,30,25,9,4,1,12,32,14,15,124,46,174,19,61,41,22,40,24,69,5,27,99,56,63,31,29,33,17,8,36,95,38,85,151,60,42,7,44,45,100,47,48,21,92,51,53,13,54,55,6,57,58,59,2,0,62,96,64,10,66,117,68,20,70,71,72,65,74,75,67,77,76,28,80,81,39,83,52,37,86,87,88,89,73,91,35,93,94,109,23,97,98,79,114,101,16,142,104,105,106,107,108,102,110,111,112,113,49,115,116,34,118,119,120,121,122,123,90,125,126,78,128,129,130,131,132,133,134,135,136,137,138,139,140,50,82,143,144,145,146,147,148,149,150,103,152,153,154,155,156,157,158,159,160,161,162,163,164,165,166,167,168,169,170,171,172,173,127,175,176,177,178,179,180,181,182,183,184,185,186,187,188,189,190,191,192,193,194,195,196,197,198,199];False
6714;8703;15417;[151,141,11,3,26,43,18,30,25,9,4,1,12,32,14,15,124,46,174,19,61,41,22,23,24,69,5,27,99,56,63,31,29,33,17,8,36,95,38,85,77,60,42,7,44,45,100,47,48,21,92,51,53,13,54,55,6,57,58,59,2,0,62,96,64,10,66,117,68,20,70,71,72,65,74,75,67,40,76,28,80,81,39,83,52,37,86,87,88,89,73,91,35,93,94,109,84,97,98,79,114,101,16,142,104,105,106,107,108,102,110,111,112,113,49,115,116,34,118,119,120,121,122,123,90,125,126,78,128,129,130,131,132,133,134,135,136,137,138,139,140,50,82,143,144,145,146,147,148,149,150,103,152,153,154,155,156,157,158,159,160,161,162,163,164,165,166,167,168,169,170,171,172,173,127,175,176,177,178,179,180,181,182,183,184,185,186,187,188,189,190,191,192,193,194,195,196,197,198,199];False
6731;8689;15420;[37,141,11,3,26,43,18,30,25,9,4,1,12,32,14,15,124,46,174,19,61,41,22,23,24,69,5,27,99,56,63,31,29,33,17,8,36,95,38,85,151,60,42,7,44,45,100,47,48,21,92,51,53,13,54,55,6,57,58,59,2,0,62,96,64,10,66,117,68,20,70,71,72,65,74,75,67,40,76,28,80,81,39,83,52,77,86,87,88,89,73,91,35,93,94,109,84,97,98,79,114,101,16,142,104,105,106,107,108,102,110,111,112,113,49,115,116,34,118,119,120,121,122,123,90,125,126,78,128,129,130,131,132,133,134,135,136,137,138,139,140,50,82,143,144,145,146,147,148,149,150,103,152,153,154,155,156,157,158,159,160,161,162,163,164,165,166,167,168,169,170,171,172,173,127,175,176,177,178,179,180,181,182,183,184,185,186,187,188,189,190,191,192,193,194,195,196,197,198,199];False
6723;8692;15415;[84,141,11,3,26,43,18,30,25,9,4,1,12,32,14,15,124,46,174,19,61,41,22,23,24,69,5,27,99,56,63,31,29,33,17,8,36,95,38,85,151,60,42,7,44,45,100,47,48,21,92,51,53,13,54,55,6,57,58,59,2,0,62,96,64,10,66,117,68,20,70,71,72,65,74,75,67,40,76,28,80,81,39,83,52,37,86,87,88,89,73,91,35,93,94,109,77,97,98,79,114,101,16,142,104,105,106,107,108,102,110,111,112,113,49,115,116,34,118,119,120,121,122,123,90,125,126,78,128,129,130,131,132,133,134,135,136,137,138,139,140,50,82,143,144,145,146,147,148,149,150,103,152,153,154,155,156,157,158,159,160,161,162,163,164,165,166,167,168,169,170,171,172,173,127,175,176,177,178,179,180,181,182,183,184,185,186,187,188,189,190,191,192,193,194,195,196,197,198,199];False
6692;8709;15401;[97,141,11,3,26,43,18,30,25,9,4,1,12,32,14,15,124,46,174,19,61,41,22,23,24,69,5,27,99,56,63,31,29,33,17,8,36,95,38,85,151,60,42,7,44,45,100,47,48,21,92,51,53,13,54,55,6,57,58,59,2,0,62,96,64,10,66,117,68,20,70,71,72,65,74,75,67,40,76,28,80,81,39,83,52,37,86,87,88,89,73,91,35,93,94,109,84,77,98,79,114,101,16,142,104,105,106,107,108,102,110,111,112,113,49,115,116,34,118,119,120,121,122,123,90,125,126,78,128,129,130,131,132,133,134,135,136,137,138,139,140,50,82,143,144,145,146,147,148,149,150,103,152,153,154,155,156,157,158,159,160,161,162,163,164,165,166,167,168,169,170,171,172,173,127,175,176,177,178,179,180,181,182,183,184,185,186,187,188,189,190,191,192,193,194,195,196,197,198,199];False
6755;8683;15438;[143,141,11,3,26,43,18,30,25,9,4,1,12,32,14,15,124,46,174,19,61,41,22,23,24,69,5,27,99,56,63,31,29,33,17,8,36,95,38,85,151,60,42,7,44,45,100,47,48,21,92,51,53,13,54,55,6,57,58,59,2,0,62,96,64,10,66,117,68,20,70,71,72,65,74,75,67,77,76,28,80,81,39,83,40,37,86,87,88,89,73,91,35,93,94,109,84,97,98,79,114,101,16,142,104,105,106,107,108,102,110,111,112,113,49,115,116,34,118,119,120,121,122,123,90,125,126,78,128,129,130,131,132,133,134,135,136,137,138,139,140,50,82,52,144,145,146,147,148,149,150,103,152,153,154,155,156,157,158,159,160,161,162,163,164,165,166,167,168,169,170,171,172,173,127,175,176,177,178,179,180,181,182,183,184,185,186,187,188,189,190,191,192,193,194,195,196,197,198,199];False
6720;8689;15409;[149,141,11,3,26,43,18,30,25,9,4,1,12,32,14,15,124,46,174,19,61,41,22,23,24,69,5,27,99,56,63,31,29,33,17,8,36,95,38,85,151,60,42,7,44,45,100,47,48,21,92,51,53,13,54,55,6,57,58,59,2,0,62,96,64,10,66,117,68,20,70,71,72,65,74,75,67,77,76,28,80,81,39,83,40,37,86,87,88,89,73,91,35,93,94,109,84,97,98,79,114,101,16,142,104,105,106,107,108,102,110,111,112,113,49,115,116,34,118,119,120,121,122,123,90,125,126,78,128,129,130,131,132,133,134,135,136,137,138,139,140,50,82,143,144,145,146,147,148,52,150,103,152,153,154,155,156,157,158,159,160,161,162,163,164,165,166,167,168,169,170,171,172,173,127,175,176,177,178,179,180,181,182,183,184,185,186,187,188,189,190,191,192,193,194,195,196,197,198,199];False
6727;8687;15414;[155,141,11,3,26,43,18,30,25,9,4,1,12,32,14,15,124,46,174,19,61,41,22,23,24,69,5,27,99,56,63,31,29,33,17,8,36,95,38,85,151,60,42,7,44,45,100,47,48,21,92,51,53,13,54,55,6,57,58,59,2,0,62,96,64,10,66,117,68,20,70,71,72,65,74,75,67,77,76,28,80,81,39,83,40,37,86,87,88,89,73,91,35,93,94,109,84,97,98,79,114,101,16,142,104,105,106,107,108,102,110,111,112,113,49,115,116,34,118,119,120,121,122,123,90,125,126,78,128,129,130,131,132,133,134,135,136,137,138,139,140,50,82,143,144,145,146,147,148,149,150,103,152,153,154,52,156,157,158,159,160,161,162,163,164,165,166,167,168,169,170,171,172,173,127,175,176,177,178,179,180,181,182,183,184,185,186,187,188,189,190,191,192,193,194,195,196,197,198,199];False
6696;8676;15372;[159,141,11,3,26,43,18,30,25,9,4,1,12,32,14,15,124,46,174,19,61,41,22,23,24,69,5,27,99,56,63,31,29,33,17,8,36,95,38,85,151,60,42,7,44,45,100,47,48,21,92,51,53,13,54,55,6,57,58,59,2,0,62,96,64,10,66,117,68,20,70,71,72,65,74,75,67,77,76,28,80,81,39,83,40,37,86,87,88,89,73,91,35,93,94,109,84,97,98,79,114,101,16,142,104,105,106,107,108,102,110,111,112,113,49,115,116,34,118,119,120,121,122,123,90,125,126,78,128,129,130,131,132,133,134,135,136,137,138,139,140,50,82,143,144,145,146,147,148,149,150,103,152,153,154,155,156,157,158,52,160,161,162,163,164,165,166,167,168,169,170,171,172,173,127,175,176,177,178,179,180,181,182,183,184,185,186,187,188,189,190,191,192,193,194,195,196,197,198,199];False
6916;8641;15557;[18,141,11,3,26,43,151,30,25,9,4,1,12,32,14,15,124,46,174,19,61,41,22,23,24,69,5,27,99,56,63,31,29,33,17,8,36,95,38,85,40,60,42,7,44,45,122,47,48,21,92,51,53,13,54,55,6,57,58,59,2,0,62,96,64,10,66,117,68,20,70,71,72,65,74,75,67,77,76,28,80,81,39,83,52,101,86,87,88,89,73,91,35,93,94,109,84,97,98,79,100,114,16,142,104,105,106,107,108,102,110,111,112,113,49,115,116,34,118,119,120,121,37,123,90,125,126,78,128,129,130,131,132,133,134,135,136,137,138,139,140,50,82,143,144,145,146,147,148,149,150,103,152,153,154,155,156,157,158,159,160,161,162,163,164,165,166,167,168,169,170,171,172,173,127,175,176,177,178,179,180,181,182,183,184,185,186,187,188,189,190,191,192,193,194,195,196,197,198,199];False
6846;8649;15495;[40,141,11,3,26,43,18,30,25,9,4,1,12,32,14,15,124,46,174,19,61,41,22,23,24,69,5,27,99,56,63,31,29,33,17,8,36,95,38,85,151,60,42,7,44,45,122,47,48,21,92,51,53,13,54,55,6,57,58,59,2,0,62,96,64,10,66,117,68,20,70,71,72,65,74,75,67,77,76,28,80,81,39,83,52,101,86,87,88,89,73,91,35,93,94,109,84,97,98,79,100,114,16,142,104,105,106,107,108,102,110,111,112,113,49,115,116,34,118,119,120,121,37,123,90,125,126,78,128,129,130,131,132,133,134,135,136,137,138,139,140,50,82,143,144,145,146,147,148,149,150,103,152,153,154,155,156,157,158,159,160,161,162,163,164,165,166,167,168,169,170,171,172,173,127,175,176,177,178,179,180,181,182,183,184,185,186,187,188,189,190,191,192,193,194,195,196,197,198,199];False
6834;8643;15477;[10,141,11,3,26,43,18,30,25,9,4,1,12,32,14,15,124,46,174,19,61,41,22,23,24,69,5,27,99,56,63,31,29,33,17,8,36,95,38,85,40,60,42,7,44,45,122,47,48,21,92,51,53,13,54,55,6,57,58,59,2,0,62,96,64,151,66,117,68,20,70,71,72,65,74,75,67,77,76,28,80,81,39,83,52,101,86,87,88,89,73,91,35,93,94,109,84,97,98,79,100,114,16,142,104,105,106,107,108,102,110,111,112,113,49,115,116,34,118,119,120,121,37,123,90,125,126,78,128,129,130,131,132,133,134,135,136,137,138,139,140,50,82,143,144,145,146,147,148,149,150,103,152,153,154,155,156,157,158,159,160,161,162,163,164,165,166,167,168,169,170,171,172,173,127,175,176,177,178,179,180,181,182,183,184,185,186,187,188,189,190,191,192,193,194,195,196,197,198,199];False
7243;8522;15765;[98,141,11,3,26,43,86,30,25,9,4,1,12,32,14,15,124,46,174,19,61,41,22,40,24,69,5,27,99,56,63,31,29,33,17,8,36,95,38,75,18,158,42,7,44,45,60,47,48,21,92,51,53,13,54,55,6,57,39,59,2,0,62,96,64,10,121,117,68,20,70,71,72,65,74,84,67,77,76,28,80,81,114,83,52,85,66,87,88,89,73,91,35,93,94,37,23,97,58,79,100,101,16,103,104,105,106,107,108,102,110,111,112,113,109,115,116,34,118,119,120,49,122,123,90,125,126,78,128,129,130,131,132,133,134,135,136,137,138,139,140,50,142,143,144,145,146,147,148,149,150,151,152,153,154,155,156,157,82,159,160,161,162,163,164,165,166,167,168,169,170,171,172,173,127,175,176,177,178,179,180,181,182,183,184,185,186,187,188,189,190,191,192,193,194,195,196,197,198,199];False
7442;8497;15939;[4,141,11,3,26,43,86,30,25,9,10,1,12,32,14,15,124,46,174,19,61,41,22,40,24,69,5,27,99,56,63,31,29,33,17,8,36,95,38,75,18,158,42,7,44,45,60,47,48,21,92,51,53,13,54,55,6,57,58,59,2,0,62,96,64,39,121,117,68,20,70,71,72,65,74,84,67,77,76,28,80,81,114,83,52,85,66,87,88,89,73,91,35,93,94,37,23,97,98,79,100,101,16,103,104,105,106,107,108,102,110,111,112,113,109,115,116,34,118,119,120,49,122,123,90,125,126,78,128,129,130,131,132,133,134,135,136,137,138,139,140,50,142,143,144,145,146,147,148,149,150,151,152,153,154,155,156,157,82,159,160,161,162,163,164,165,166,167,168,169,170,171,172,173,127,175,176,177,178,179,180,181,182,183,184,185,186,187,188,189,190,191,192,193,194,195,196,197,198,199];False
7291;8503;15794;[14,141,11,3,26,43,86,30,25,9,4,1,12,32,10,15,124,46,174,19,61,41,22,40,24,69,5,27,99,56,63,31,29,33,17,8,36,95,38,75,18,158,42,7,44,45,60,47,48,21,92,51,53,13,54,55,6,57,58,59,2,0,62,96,64,39,121,117,68,20,70,71,72,65,74,84,67,77,76,28,80,81,114,83,52,85,66,87,88,89,73,91,35,93,94,37,23,97,98,79,100,101,16,103,104,105,106,107,108,102,110,111,112,113,109,115,116,34,118,119,120,49,122,123,90,125,126,78,128,129,130,131,132,133,134,135,136,137,138,139,140,50,142,143,144,145,146,147,148,149,150,151,152,153,154,155,156,157,82,159,160,161,162,163,164,165,166,167,168,169,170,171,172,173,127,175,176,177,178,179,180,181,182,183,184,185,186,187,188,189,190,191,192,193,194,195,196,197,198,199];False
7219;8531;15750;[76,141,11,3,26,43,86,30,25,9,4,1,12,32,14,15,124,46,174,19,61,41,22,40,24,69,5,27,99,56,63,31,29,33,17,8,36,95,38,75,18,158,42,7,44,45,60,47,48,21,92,51,53,13,54,55,6,57,58,59,2,0,62,96,64,10,121,117,68,20,70,71,72,65,74,84,67,77,114,28,80,81,39,83,52,85,66,87,88,89,73,91,35,93,94,37,23,97,98,79,100,101,16,103,104,105,106,107,108,102,110,111,112,113,109,115,116,34,118,119,120,49,122,123,90,125,126,78,128,129,130,131,132,133,134,135,136,137,138,139,140,50,142,143,144,145,146,147,148,149,150,151,152,153,154,155,156,157,82,159,160,161,162,163,164,165,166,167,168,169,170,171,172,173,127,175,176,177,178,179,180,181,182,183,184,185,186,187,188,189,190,191,192,193,194,195,196,197,198,199];False
7264;8521;15785;[79,141,11,3,26,43,86,30,25,9,4,1,12,32,14,15,124,46,174,19,61,41,22,40,24,69,5,27,99,56,63,31,29,33,17,8,36,95,38,75,18,158,42,7,44,45,60,47,48,21,92,51,53,13,54,55,6,57,58,59,2,0,62,96,64,10,121,117,68,20,70,71,72,65,74,84,67,77,76,28,80,81,39,83,52,85,66,87,88,89,73,91,35,93,94,37,23,97,98,114,100,101,16,103,104,105,106,107,108,102,110,111,112,113,109,115,116,34,118,119,120,49,122,123,90,125,126,78,128,129,130,131,132,133,134,135,136,137,138,139,140,50,142,143,144,145,146,147,148,149,150,151,152,153,154,155,156,157,82,159,160,161,162,163,164,165,166,167,168,169,170,171,172,173,127,175,176,177,178,179,180,181,182,183,184,185,186,187,188,189,190,191,192,193,194,195,196,197,198,199];False
7243;8512;15755;[100,141,11,3,26,43,86,30,25,9,4,1,12,32,14,15,124,46,174,19,61,41,22,40,24,69,5,27,99,56,63,31,29,33,17,8,36,95,38,75,18,158,42,7,44,45,60,47,48,21,92,51,53,13,54,55,6,57,58,59,2,0,62,96,64,10,121,117,68,20,70,71,72,65,74,84,67,77,76,28,80,81,39,83,52,85,66,87,88,89,73,91,35,93,94,37,23,97,98,79,114,101,16,103,104,105,106,107,108,102,110,111,112,113,109,115,116,34,118,119,120,49,122,123,90,125,126,78,128,129,130,131,132,133,134,135,136,137,138,139,140,50,142,143,144,145,146,147,148,149,150,151,152,153,154,155,156,157,82,159,160,161,162,163,164,165,166,167,168,169,170,171,172,173,127,175,176,177,178,179,180,181,182,183,184,185,186,187,188,189,190,191,192,193,194,195,196,197,198,199];False
7250;8510;15760;[101,141,11,3,26,43,86,30,25,9,4,1,12,32,14,15,124,46,174,19,61,41,22,40,24,69,5,27,99,56,63,31,29,33,17,8,36,95,38,75,18,158,42,7,44,45,60,47,48,21,92,51,53,13,54,55,6,57,58,59,2,0,62,96,64,10,121,117,68,20,70,71,72,65,74,84,67,77,76,28,80,81,39,83,52,85,66,87,88,89,73,91,35,93,94,37,23,97,98,79,100,114,16,103,104,105,106,107,108,102,110,111,112,113,109,115,116,34,118,119,120,49,122,123,90,125,126,78,128,129,130,131,132,133,134,135,136,137,138,139,140,50,142,143,144,145,146,147,148,149,150,151,152,153,154,155,156,157,82,159,160,161,162,163,164,165,166,167,168,169,170,171,172,173,127,175,176,177,178,179,180,181,182,183,184,185,186,187,188,189,190,191,192,193,194,195,196,197,198,199];False
7239;8514;15753;[16,141,11,3,26,43,86,30,25,9,4,1,12,32,14,15,124,46,174,19,61,41,22,40,24,69,5,27,99,56,63,31,29,33,17,8,36,95,38,75,18,158,42,7,44,45,60,47,48,21,92,51,53,13,54,55,6,57,58,59,2,0,62,96,64,10,121,117,68,20,70,71,72,65,74,84,67,77,76,28,80,81,39,83,52,85,66,87,88,89,73,91,35,93,94,37,23,97,98,79,100,101,114,103,104,105,106,107,108,102,110,111,112,113,109,115,116,34,118,119,120,49,122,123,90,125,126,78,128,129,130,131,132,133,134,135,136,137,138,139,140,50,142,143,144,145,146,147,148,149,150,151,152,153,154,155,156,157,82,159,160,161,162,163,164,165,166,167,168,169,170,171,172,173,127,175,176,177,178,179,180,181,182,183,184,185,186,187,188,189,190,191,192,193,194,195,196,197,198,199];False
7166;8545;15711;[4,141,11,3,26,43,18,30,25,9,75,1,12,32,14,15,124,46,174,23,61,41,22,98,24,69,5,27,99,56,63,31,29,33,17,8,36,95,38,39,40,158,42,7,44,45,86,47,48,21,92,51,53,13,54,55,6,57,60,59,2,0,62,96,64,10,121,117,68,20,70,71,72,65,74,84,67,77,76,28,80,81,114,83,52,85,66,87,88,89,73,91,35,93,94,37,19,97,58,79,100,101,16,103,104,105,106,107,108,102,110,111,112,113,109,115,116,34,118,119,120,49,122,123,90,125,126,78,128,129,130,131,132,133,134,135,136,137,138,139,140,50,142,143,144,145,146,147,148,149,150,151,152,153,154,155,156,157,82,159,160,161,162,163,164,165,166,167,168,169,170,171,172,173,127,175,176,177,178,179,180,181,182,183,184,185,186,187,188,189,190,191,192,193,194,195,196,197,198,199];False
7134;8534;15668;[12,141,11,3,26,43,18,30,25,9,4,1,75,32,14,15,124,46,174,23,61,41,22,98,24,69,5,27,99,56,63,31,29,33,17,8,36,95,38,39,40,158,42,7,44,45,86,47,48,21,92,51,53,13,54,55,6,57,60,59,2,0,62,96,64,10,121,117,68,20,70,71,72,65,74,84,67,77,76,28,80,81,114,83,52,85,66,87,88,89,73,91,35,93,94,37,19,97,58,79,100,101,16,103,104,105,106,107,108,102,110,111,112,113,109,115,116,34,118,119,120,49,122,123,90,125,126,78,128,129,130,131,132,133,134,135,136,137,138,139,140,50,142,143,144,145,146,147,148,149,150,151,152,153,154,155,156,157,82,159,160,161,162,163,164,165,166,167,168,169,170,171,172,173,127,175,176,177,178,179,180,181,182,183,184,185,186,187,188,189,190,191,192,193,194,195,196,197,198,199];False
7105;8545;15650;[77,141,11,3,26,43,18,30,25,9,4,1,12,32,14,15,124,46,174,23,61,41,22,98,24,69,5,27,99,56,63,31,29,33,17,8,36,95,38,39,40,158,42,7,44,45,86,47,48,21,92,51,53,13,54,55,6,57,60,59,2,0,62,96,64,10,121,117,68,20,70,71,72,65,74,84,67,75,76,28,80,81,114,83,52,85,66,87,88,89,73,91,35,93,94,37,19,97,58,79,100,101,16,103,104,105,106,107,108,102,110,111,112,113,109,115,116,34,118,119,120,49,122,123,90,125,126,78,128,129,130,131,132,133,134,135,136,137,138,139,140,50,142,143,144,145,146,147,148,149,150,151,152,153,154,155,156,157,82,159,160,161,162,163,164,165,166,167,168,169,170,171,172,173,127,175,176,177,178,179,180,181,182,183,184,185,186,187,188,189,190,191,192,193,194,195,196,197,198,199];False
6979;8587;15566;[77,141,11,3,26,43,18,30,25,9,4,1,12,32,14,15,124,46,174,23,61,41,22,98,24,69,5,27,99,56,63,31,29,33,17,8,36,95,38,39,40,158,42,7,44,45,86,47,48,21,92,51,53,13,54,55,6,57,60,59,2,0,62,96,64,10,121,117,68,20,70,71,72,65,74,75,67,115,76,28,80,81,114,83,52,85,66,87,88,89,73,91,35,93,94,37,19,97,58,79,100,101,16,103,104,105,106,107,108,102,110,111,112,113,109,84,116,34,118,119,120,49,122,123,90,125,126,78,128,129,130,131,132,133,134,135,136,137,138,139,140,50,142,143,144,145,146,147,148,149,150,151,152,153,154,155,156,157,82,159,160,161,162,163,164,165,166,167,168,169,170,171,172,173,127,175,176,177,178,179,180,181,182,183,184,185,186,187,188,189,190,191,192,193,194,195,196,197,198,199];False
7004;8584;15588;[114,141,11,3,26,43,18,30,25,9,4,1,12,32,14,15,124,46,174,23,61,41,22,98,24,69,5,27,99,56,63,31,29,33,17,8,36,95,38,39,40,158,42,7,44,45,86,47,48,21,92,51,53,13,54,55,6,57,60,59,2,0,62,96,64,10,121,117,68,20,70,71,72,65,74,75,67,77,76,28,80,81,115,83,52,85,66,87,88,89,73,91,35,93,94,37,19,97,58,79,100,101,16,103,104,105,106,107,108,102,110,111,112,113,109,84,116,34,118,119,120,49,122,123,90,125,126,78,128,129,130,131,132,133,134,135,136,137,138,139,140,50,142,143,144,145,146,147,148,149,150,151,152,153,154,155,156,157,82,159,160,161,162,163,164,165,166,167,168,169,170,171,172,173,127,175,176,177,178,179,180,181,182,183,184,185,186,187,188,189,190,191,192,193,194,195,196,197,198,199];False
6993;8574;15567;[16,141,11,3,26,43,18,30,25,9,4,1,12,32,14,15,124,46,174,23,61,41,22,98,24,69,5,27,99,56,63,31,29,33,17,8,36,95,38,39,40,158,42,7,44,45,86,47,48,21,92,51,53,13,54,55,6,57,60,59,2,0,62,96,64,10,121,117,68,20,70,71,72,65,74,75,67,77,76,28,80,81,114,83,52,85,66,87,88,89,73,91,35,93,94,37,19,97,58,79,100,101,115,103,104,105,106,107,108,102,110,111,112,113,109,84,116,34,118,119,120,49,122,123,90,125,126,78,128,129,130,131,132,133,134,135,136,137,138,139,140,50,142,143,144,145,146,147,148,149,150,151,152,153,154,155,156,157,82,159,160,161,162,163,164,165,166,167,168,169,170,171,172,173,127,175,176,177,178,179,180,181,182,183,184,185,186,187,188,189,190,191,192,193,194,195,196,197,198,199];False
7055;8551;15606;[158,141,11,3,26,43,18,30,25,9,4,1,75,32,14,15,124,46,174,19,61,41,22,98,24,69,5,27,99,56,63,31,29,33,17,8,36,95,38,39,40,12,42,7,44,45,86,47,48,21,92,51,53,13,54,55,6,57,60,59,2,0,62,96,64,10,121,117,68,20,70,71,72,65,74,84,67,77,76,28,80,81,114,83,52,85,66,87,88,89,73,91,35,93,94,37,23,97,58,79,100,101,16,103,104,105,106,107,108,102,110,111,112,113,109,115,116,34,118,119,120,49,122,123,90,125,126,78,128,129,130,131,132,133,134,135,136,137,138,139,140,50,142,143,144,145,146,147,148,149,150,151,152,153,154,155,156,157,82,159,160,161,162,163,164,165,166,167,168,169,170,171,172,173,127,175,176,177,178,179,180,181,182,183,184,185,186,187,188,189,190,191,192,193,194,195,196,197,198,199];False
7043;8561;15604;[40,141,11,3,26,43,18,30,25,9,4,1,12,32,14,15,124,46,174,19,61,41,22,98,24,69,5,27,99,56,63,31,29,33,17,8,36,95,38,39,77,158,42,7,44,45,86,47,48,21,92,51,53,13,54,55,6,57,60,59,2,0,62,96,64,10,121,117,68,20,70,71,72,65,74,84,67,75,76,28,80,81,114,83,52,85,66,87,88,89,73,91,35,93,94,37,23,97,58,79,100,101,16,103,104,105,106,107,108,102,110,111,112,113,109,115,116,34,118,119,120,49,122,123,90,125,126,78,128,129,130,131,132,133,134,135,136,137,138,139,140,50,142,143,144,145,146,147,148,149,150,151,152,153,154,155,156,157,82,159,160,161,162,163,164,165,166,167,168,169,170,171,172,173,127,175,176,177,178,179,180,181,182,183,184,185,186,187,188,189,190,191,192,193,194,195,196,197,198,199];False
6892;8634;15526;[99,141,11,3,26,43,18,30,25,9,4,1,12,32,115,15,124,46,174,19,61,41,22,98,24,69,5,27,14,56,63,31,29,33,17,8,36,95,38,39,40,158,42,7,44,45,86,47,48,21,92,51,53,13,54,55,6,57,60,59,2,0,62,96,64,10,121,117,68,20,70,71,72,65,74,75,67,77,76,28,80,81,114,83,52,85,66,87,88,89,73,91,35,93,94,37,23,97,58,79,100,101,16,103,104,105,106,107,108,102,110,111,112,113,109,84,116,34,118,119,120,49,122,123,90,125,126,78,128,129,130,131,132,133,134,135,136,137,138,139,140,50,142,143,144,145,146,147,148,149,150,151,152,153,154,155,156,157,82,159,160,161,162,163,164,165,166,167,168,169,170,171,172,173,127,175,176,177,178,179,180,181,182,183,184,185,186,187,188,189,190,191,192,193,194,195,196,197,198,199];False
6899;8616;15515;[39,141,11,3,26,43,18,30,25,9,4,1,12,32,115,15,124,46,174,19,61,41,22,98,24,69,5,27,99,56,63,31,29,33,17,8,36,95,38,14,40,158,42,7,44,45,86,47,48,21,92,51,53,13,54,55,6,57,60,59,2,0,62,96,64,10,121,117,68,20,70,71,72,65,74,75,67,77,76,28,80,81,114,83,52,85,66,87,88,89,73,91,35,93,94,37,23,97,58,79,100,101,16,103,104,105,106,107,108,102,110,111,112,113,109,84,116,34,118,119,120,49,122,123,90,125,126,78,128,129,130,131,132,133,134,135,136,137,138,139,140,50,142,143,144,145,146,147,148,149,150,151,152,153,154,155,156,157,82,159,160,161,162,163,164,165,166,167,168,169,170,171,172,173,127,175,176,177,178,179,180,181,182,183,184,185,186,187,188,189,190,191,192,193,194,195,196,197,198,199];False
6917;8603;15520;[40,141,11,3,26,43,18,30,25,9,4,1,12,32,14,15,124,46,174,19,61,41,22,98,24,69,5,27,99,56,63,31,29,33,17,8,36,95,38,39,77,158,42,7,44,45,86,47,48,21,92,51,53,13,54,55,6,57,60,59,2,0,62,96,64,10,121,117,68,20,70,71,72,65,74,75,67,115,76,28,80,81,114,83,52,85,66,87,88,89,73,91,35,93,94,37,23,97,58,79,100,101,16,103,104,105,106,107,108,102,110,111,112,113,109,84,116,34,118,119,120,49,122,123,90,125,126,78,128,129,130,131,132,133,134,135,136,137,138,139,140,50,142,143,144,145,146,147,148,149,150,151,152,153,154,155,156,157,82,159,160,161,162,163,164,165,166,167,168,169,170,171,172,173,127,175,176,177,178,179,180,181,182,183,184,185,186,187,188,189,190,191,192,193,194,195,196,197,198,199];False
6877;8625;15502;[99,141,11,3,26,43,18,30,25,9,4,1,12,32,14,15,124,46,174,19,61,41,22,98,24,69,5,27,16,56,63,31,29,33,17,8,36,95,38,39,40,158,42,7,44,45,86,47,48,21,92,51,53,13,54,55,6,57,60,59,2,0,62,96,64,10,121,117,68,20,70,71,72,65,74,75,67,77,76,28,80,81,114,83,52,85,66,87,88,89,73,91,35,93,94,37,23,97,58,79,100,101,115,103,104,105,106,107,108,102,110,111,112,113,109,84,116,34,118,119,120,49,122,123,90,125,126,78,128,129,130,131,132,133,134,135,136,137,138,139,140,50,142,143,144,145,146,147,148,149,150,151,152,153,154,155,156,157,82,159,160,161,162,163,164,165,166,167,168,169,170,171,172,173,127,175,176,177,178,179,180,181,182,183,184,185,186,187,188,189,190,191,192,193,194,195,196,197,198,199];False
6963;8586;15549;[53,141,11,3,26,43,18,30,25,9,4,1,12,32,14,15,124,46,174,19,61,41,22,98,24,69,5,27,99,56,63,31,29,33,17,8,36,95,38,39,40,158,42,7,44,45,86,47,48,21,92,51,16,13,54,55,6,57,60,59,2,0,62,96,64,10,121,117,68,20,70,71,72,65,74,75,67,77,76,28,80,81,114,83,52,85,66,87,88,89,73,91,35,93,94,37,23,97,58,79,100,101,115,103,104,105,106,107,108,102,110,111,112,113,109,84,116,34,118,119,120,49,122,123,90,125,126,78,128,129,130,131,132,133,134,135,136,137,138,139,140,50,142,143,144,145,146,147,148,149,150,151,152,153,154,155,156,157,82,159,160,161,162,163,164,165,166,167,168,169,170,171,172,173,127,175,176,177,178,179,180,181,182,183,184,185,186,187,188,189,190,191,192,193,194,195,196,197,198,199];False
7015;8571;15586;[73,141,11,3,26,43,18,30,25,9,4,1,12,32,14,15,124,46,174,19,61,41,22,98,24,69,5,27,99,56,63,31,29,33,17,8,36,95,38,39,40,158,42,7,44,45,86,47,48,21,92,51,53,13,54,55,6,57,60,59,2,0,62,96,64,10,121,117,68,20,70,71,72,65,74,75,67,77,76,28,80,81,114,83,52,85,66,87,88,89,16,91,35,93,94,37,23,97,58,79,100,101,115,103,104,105,106,107,108,102,110,111,112,113,109,84,116,34,118,119,120,49,122,123,90,125,126,78,128,129,130,131,132,133,134,135,136,137,138,139,140,50,142,143,144,145,146,147,148,149,150,151,152,153,154,155,156,157,82,159,160,161,162,163,164,165,166,167,168,169,170,171,172,173,127,175,176,177,178,179,180,181,182,183,184,185,186,187,188,189,190,191,192,193,194,195,196,197,198,199];False
6927;8600;15527;[101,141,11,3,26,43,18,30,25,9,4,1,12,32,14,15,124,46,174,19,61,41,22,98,24,69,5,27,99,56,63,31,29,33,17,8,36,95,38,39,40,158,42,7,44,45,86,47,48,21,92,51,53,13,54,55,6,57,60,59,2,0,62,96,64,10,121,117,68,20,70,71,72,65,74,75,67,77,76,28,80,81,114,83,52,85,66,87,88,89,73,91,35,93,94,37,23,97,58,79,100,16,115,103,104,105,106,107,108,102,110,111,112,113,109,84,116,34,118,119,120,49,122,123,90,125,126,78,128,129,130,131,132,133,134,135,136,137,138,139,140,50,142,143,144,145,146,147,148,149,150,151,152,153,154,155,156,157,82,159,160,161,162,163,164,165,166,167,168,169,170,171,172,173,127,175,176,177,178,179,180,181,182,183,184,185,186,187,188,189,190,191,192,193,194,195,196,197,198,199];False
6849;8609;15458;[103,141,11,3,26,43,18,30,25,9,4,1,12,32,14,15,124,46,174,19,61,41,22,98,24,69,5,27,99,56,63,31,29,33,17,8,36,95,38,39,40,158,42,7,44,45,86,47,48,21,92,51,53,13,54,55,6,57,60,59,2,0,62,96,64,10,121,117,68,20,70,71,72,65,74,75,67,77,76,28,80,81,114,83,52,85,66,87,88,89,73,91,35,93,94,37,23,97,58,79,100,101,115,16,104,105,106,107,108,102,110,111,112,113,109,84,116,34,118,119,120,49,122,123,90,125,126,78,128,129,130,131,132,133,134,135,136,137,138,139,140,50,142,143,144,145,146,147,148,149,150,151,152,153,154,155,156,157,82,159,160,161,162,163,164,165,166,167,168,169,170,171,172,173,127,175,176,177,178,179,180,181,182,183,184,185,186,187,188,189,190,191,192,193,194,195,196,197,198,199];False
6898;8589;15487;[34,141,11,3,26,43,18,30,25,9,4,1,12,32,14,15,124,46,174,19,61,41,22,98,24,69,5,27,99,56,63,31,29,33,17,8,36,95,38,39,40,158,42,7,44,45,86,47,48,21,92,51,53,13,54,55,6,57,60,59,2,0,62,96,64,10,121,117,68,20,70,71,72,65,74,75,67,77,76,28,80,81,114,83,52,85,66,87,88,89,73,91,35,93,94,37,23,97,58,79,100,101,115,103,104,105,106,107,108,102,110,111,112,113,109,84,116,16,118,119,120,49,122,123,90,125,126,78,128,129,130,131,132,133,134,135,136,137,138,139,140,50,142,143,144,145,146,147,148,149,150,151,152,153,154,155,156,157,82,159,160,161,162,163,164,165,166,167,168,169,170,171,172,173,127,175,176,177,178,179,180,181,182,183,184,185,186,187,188,189,190,191,192,193,194,195,196,197,198,199];False
6220;8918;15138;[14,141,11,3,26,96,18,30,25,94,75,1,12,32,103,15,124,9,16,114,61,41,22,23,24,69,5,27,28,56,63,31,29,33,17,35,36,52,60,39,40,49,42,7,44,45,86,47,48,21,50,51,53,13,54,55,6,57,58,59,2,0,77,46,64,10,66,117,68,20,70,71,72,65,8,84,67,81,80,79,38,73,82,83,76,85,122,87,88,89,4,91,109,93,62,95,115,97,98,99,100,101,102,37,104,105,43,107,108,151,110,111,112,113,19,121,116,34,118,119,120,106,74,123,90,125,126,127,128,129,130,131,132,133,134,135,136,137,138,139,140,92,142,143,144,145,146,147,148,149,150,78,152,153,154,155,156,157,158,159,160,161,162,163,164,165,166,167,168,169,170,171,172,173,174,175,176,177,178,179,180,181,182,183,184,185,186,187,188,189,190,191,192,193,194,195,196,197,198,199];False
6231;8913;15144;[99,141,11,3,26,96,18,30,25,94,75,1,12,32,14,15,124,9,16,114,61,41,22,23,24,69,5,27,28,56,63,31,29,33,17,35,36,52,60,39,40,49,42,7,44,45,86,47,48,21,50,51,53,13,54,55,6,57,58,59,2,0,77,46,64,10,66,117,68,20,70,71,72,65,8,84,67,81,80,79,38,73,82,83,76,85,122,87,88,89,4,91,109,93,62,95,115,97,98,103,100,101,102,37,104,105,43,107,108,151,110,111,112,113,19,121,116,34,118,119,120,106,74,123,90,125,126,127,128,129,130,131,132,133,134,135,136,137,138,139,140,92,142,143,144,145,146,147,148,149,150,78,152,153,154,155,156,157,158,159,160,161,162,163,164,165,166,167,168,169,170,171,172,173,174,175,176,177,178,179,180,181,182,183,184,185,186,187,188,189,190,191,192,193,194,195,196,197,198,199];False
6252;8910;15162;[100,141,11,3,26,96,18,30,25,94,75,1,12,32,14,15,124,9,16,114,61,41,22,23,24,69,5,27,28,56,63,31,29,33,17,35,36,52,60,39,40,49,42,7,44,45,86,47,48,21,50,51,53,13,54,55,6,57,58,59,2,0,77,46,64,10,66,117,68,20,70,71,72,65,8,84,67,81,80,79,38,73,82,83,76,85,122,87,88,89,4,91,109,93,62,95,115,97,98,99,103,101,102,37,104,105,43,107,108,151,110,111,112,113,19,121,116,34,118,119,120,106,74,123,90,125,126,127,128,129,130,131,132,133,134,135,136,137,138,139,140,92,142,143,144,145,146,147,148,149,150,78,152,153,154,155,156,157,158,159,160,161,162,163,164,165,166,167,168,169,170,171,172,173,174,175,176,177,178,179,180,181,182,183,184,185,186,187,188,189,190,191,192,193,194,195,196,197,198,199];False
6203;8933;15136;[104,141,11,3,26,96,18,30,25,94,75,1,12,32,14,15,124,9,16,114,61,41,22,23,24,69,5,27,28,56,63,31,29,33,17,35,36,52,60,39,40,49,42,7,44,45,86,47,48,21,50,51,53,13,54,55,6,57,58,59,2,0,77,46,64,10,66,117,68,20,70,71,72,65,8,84,67,81,80,79,38,73,82,83,76,85,122,87,88,89,4,91,109,93,62,95,115,97,98,99,100,101,102,37,103,105,43,107,108,151,110,111,112,113,19,121,116,34,118,119,120,106,74,123,90,125,126,127,128,129,130,131,132,133,134,135,136,137,138,139,140,92,142,143,144,145,146,147,148,149,150,78,152,153,154,155,156,157,158,159,160,161,162,163,164,165,166,167,168,169,170,171,172,173,174,175,176,177,178,179,180,181,182,183,184,185,186,187,188,189,190,191,192,193,194,195,196,197,198,199];False
6221;8908;15129;[108,141,11,3,26,96,18,30,25,94,75,1,12,32,14,15,124,9,16,114,61,41,22,23,24,69,5,27,28,56,63,31,29,33,17,35,36,52,60,39,40,49,42,7,44,45,86,47,48,21,50,51,53,13,54,55,6,57,58,59,2,0,77,46,64,10,66,117,68,20,70,71,72,65,8,84,67,81,80,79,38,73,82,83,76,85,122,87,88,89,4,91,109,93,62,95,115,97,98,99,100,101,102,37,104,105,43,107,103,151,110,111,112,113,19,121,116,34,118,119,120,106,74,123,90,125,126,127,128,129,130,131,132,133,134,135,136,137,138,139,140,92,142,143,144,145,146,147,148,149,150,78,152,153,154,155,156,157,158,159,160,161,162,163,164,165,166,167,168,169,170,171,172,173,174,175,176,177,178,179,180,181,182,183,184,185,186,187,188,189,190,191,192,193,194,195,196,197,198,199];False
6315;8881;15196;[16,141,11,3,26,96,18,30,25,94,75,1,12,32,14,15,124,9,99,103,61,41,22,23,24,69,5,27,28,56,63,31,29,33,17,35,36,52,60,39,40,49,42,7,44,45,86,47,48,21,50,51,53,13,54,55,6,57,58,59,2,0,77,46,64,10,66,117,68,20,70,71,72,65,8,84,67,81,80,79,38,73,82,83,76,85,122,87,88,89,4,91,109,93,62,95,115,97,98,114,100,101,102,37,104,105,43,107,108,151,110,111,112,113,19,121,116,34,118,119,120,106,74,123,90,125,126,127,128,129,130,131,132,133,134,135,136,137,138,139,140,92,142,143,144,145,146,147,148,149,150,78,152,153,154,155,156,157,158,159,160,161,162,163,164,165,166,167,168,169,170,171,172,173,174,175,176,177,178,179,180,181,182,183,184,185,186,187,188,189,190,191,192,193,194,195,196,197,198,199];False
6331;8853;15184;[28,141,11,3,26,96,18,30,25,94,75,1,12,32,14,15,124,9,16,103,61,41,22,23,24,69,5,27,99,56,63,31,29,33,17,35,36,52,60,39,40,49,42,7,44,45,86,47,48,21,50,51,53,13,54,55,6,57,58,59,2,0,77,46,64,10,66,117,68,20,70,71,72,65,8,84,67,81,80,79,38,73,82,83,76,85,122,87,88,89,4,91,109,93,62,95,115,97,98,114,100,101,102,37,104,105,43,107,108,151,110,111,112,113,19,121,116,34,118,119,120,106,74,123,90,125,126,127,128,129,130,131,132,133,134,135,136,137,138,139,140,92,142,143,144,145,146,147,148,149,150,78,152,153,154,155,156,157,158,159,160,161,162,163,164,165,166,167,168,169,170,171,172,173,174,175,176,177,178,179,180,181,182,183,184,185,186,187,188,189,190,191,192,193,194,195,196,197,198,199];False
6273;8879;15152;[100,141,11,3,26,96,18,30,25,94,75,1,12,32,14,15,124,9,16,103,61,41,22,23,24,69,5,27,28,56,63,31,29,33,17,35,36,52,60,39,40,49,42,7,44,45,86,47,48,21,50,51,53,13,54,55,6,57,58,59,2,0,77,46,64,10,66,117,68,20,70,71,72,65,8,84,67,81,80,79,38,73,82,83,76,85,122,87,88,89,4,91,109,93,62,95,115,97,98,114,99,101,102,37,104,105,43,107,108,151,110,111,112,113,19,121,116,34,118,119,120,106,74,123,90,125,126,127,128,129,130,131,132,133,134,135,136,137,138,139,140,92,142,143,144,145,146,147,148,149,150,78,152,153,154,155,156,157,158,159,160,161,162,163,164,165,166,167,168,169,170,171,172,173,174,175,176,177,178,179,180,181,182,183,184,185,186,187,188,189,190,191,192,193,194,195,196,197,198,199];False
6322;8856;15178;[34,141,11,3,26,96,18,30,25,94,75,1,12,32,14,15,124,9,16,103,61,41,22,23,24,69,5,27,28,56,63,31,29,33,17,35,36,52,60,39,40,49,42,7,44,45,86,47,48,21,50,51,53,13,54,55,6,57,58,59,2,0,77,46,64,10,66,117,68,20,70,71,72,65,8,84,67,81,80,79,38,73,82,83,76,85,122,87,88,89,4,91,109,93,62,95,115,97,98,114,100,101,102,37,104,105,43,107,108,151,110,111,112,113,19,121,116,99,118,119,120,106,74,123,90,125,126,127,128,129,130,131,132,133,134,135,136,137,138,139,140,92,142,143,144,145,146,147,148,149,150,78,152,153,154,155,156,157,158,159,160,161,162,163,164,165,166,167,168,169,170,171,172,173,174,175,176,177,178,179,180,181,182,183,184,185,186,187,188,189,190,191,192,193,194,195,196,197,198,199];False
6316;8878;15194;[74,141,11,3,26,96,18,30,25,94,75,1,12,32,14,15,124,9,16,103,61,41,22,23,24,69,5,27,28,56,63,31,29,33,17,35,36,52,60,39,40,49,42,7,44,45,86,47,48,21,50,51,53,13,54,55,6,57,58,59,2,0,77,46,64,10,66,117,68,20,70,71,72,65,8,84,67,81,80,79,38,73,82,83,76,85,122,87,88,89,4,91,109,93,62,95,115,97,98,114,100,101,102,37,104,105,43,107,108,151,110,111,112,113,19,121,116,34,118,119,120,106,99,123,90,125,126,127,128,129,130,131,132,133,134,135,136,137,138,139,140,92,142,143,144,145,146,147,148,149,150,78,152,153,154,155,156,157,158,159,160,161,162,163,164,165,166,167,168,169,170,171,172,173,174,175,176,177,178,179,180,181,182,183,184,185,186,187,188,189,190,191,192,193,194,195,196,197,198,199];False
6321;8864;15185;[127,141,11,3,26,96,18,30,25,94,75,1,12,32,14,15,124,9,16,103,61,41,22,23,24,69,5,27,28,56,63,31,29,33,17,35,36,52,60,39,40,49,42,7,44,45,86,47,48,21,50,51,53,13,54,55,6,57,58,59,2,0,77,46,64,10,66,117,68,20,70,71,72,65,8,84,67,81,80,79,38,73,82,83,76,85,122,87,88,89,4,91,109,93,62,95,115,97,98,114,100,101,102,37,104,105,43,107,108,151,110,111,112,113,19,121,116,34,118,119,120,106,74,123,90,125,126,99,128,129,130,131,132,133,134,135,136,137,138,139,140,92,142,143,144,145,146,147,148,149,150,78,152,153,154,155,156,157,158,159,160,161,162,163,164,165,166,167,168,169,170,171,172,173,174,175,176,177,178,179,180,181,182,183,184,185,186,187,188,189,190,191,192,193,194,195,196,197,198,199];False
6334;8845;15179;[154,141,11,3,26,96,18,30,25,94,75,1,12,32,14,15,124,9,16,103,61,41,22,23,24,69,5,27,28,56,63,31,29,33,17,35,36,52,60,39,40,49,42,7,44,45,86,47,48,21,50,51,53,13,54,55,6,57,58,59,2,0,77,46,64,10,66,117,68,20,70,71,72,65,8,84,67,81,80,79,38,73,82,83,76,85,122,87,88,89,4,91,109,93,62,95,115,97,98,114,100,101,102,37,104,105,43,107,108,151,110,111,112,113,19,121,116,34,118,119,120,106,74,123,90,125,126,127,128,129,130,131,132,133,134,135,136,137,138,139,140,92,142,143,144,145,146,147,148,149,150,78,152,153,99,155,156,157,158,159,160,161,162,163,164,165,166,167,168,169,170,171,172,173,174,175,176,177,178,179,180,181,182,183,184,185,186,187,188,189,190,191,192,193,194,195,196,197,198,199];False
6298;8850;15148;[172,141,11,3,26,96,18,30,25,94,75,1,12,32,14,15,124,9,16,103,61,41,22,23,24,69,5,27,28,56,63,31,29,33,17,35,36,52,60,39,40,49,42,7,44,45,86,47,48,21,50,51,53,13,54,55,6,57,58,59,2,0,77,46,64,10,66,117,68,20,70,71,72,65,8,84,67,81,80,79,38,73,82,83,76,85,122,87,88,89,4,91,109,93,62,95,115,97,98,114,100,101,102,37,104,105,43,107,108,151,110,111,112,113,19,121,116,34,118,119,120,106,74,123,90,125,126,127,128,129,130,131,132,133,134,135,136,137,138,139,140,92,142,143,144,145,146,147,148,149,150,78,152,153,154,155,156,157,158,159,160,161,162,163,164,165,166,167,168,169,170,171,99,173,174,175,176,177,178,179,180,181,182,183,184,185,186,187,188,189,190,191,192,193,194,195,196,197,198,199];False
6240;8895;15135;[37,141,11,3,26,96,18,30,25,94,75,1,12,32,14,15,124,9,108,19,61,41,22,23,24,69,5,27,16,56,63,31,29,33,17,35,36,52,60,39,40,49,42,7,44,45,86,47,48,21,50,51,53,13,54,55,6,57,58,59,2,0,77,46,64,10,66,117,68,20,70,71,72,65,8,84,67,81,80,79,38,73,82,83,76,85,122,87,88,89,4,91,109,93,62,95,115,97,98,99,100,101,102,28,104,105,43,107,103,151,110,111,112,113,114,121,116,34,118,119,120,106,74,123,90,125,126,127,128,129,130,131,132,133,134,135,136,137,138,139,140,92,142,143,144,145,146,147,148,149,150,78,152,153,154,155,156,157,158,159,160,161,162,163,164,165,166,167,168,169,170,171,172,173,174,175,176,177,178,179,180,181,182,183,184,185,186,187,188,189,190,191,192,193,194,195,196,197,198,199];False
6218;8905;15123;[146,141,11,3,26,96,18,30,25,94,75,1,12,32,14,15,124,9,108,19,61,41,22,23,24,69,5,27,28,56,63,31,29,33,17,35,36,52,60,39,40,49,42,7,44,45,86,47,48,21,50,51,53,13,54,55,6,57,58,59,2,0,77,46,64,10,66,117,68,20,70,71,72,65,8,84,67,81,80,79,38,73,82,83,76,85,122,87,88,89,4,91,109,93,62,95,115,97,98,99,100,101,102,37,104,105,43,107,103,151,110,111,112,113,114,121,116,16,118,119,120,106,74,123,90,125,126,127,128,129,130,131,132,133,134,135,136,137,138,139,140,92,142,143,144,145,34,147,148,149,150,78,152,153,154,155,156,157,158,159,160,161,162,163,164,165,166,167,168,169,170,171,172,173,174,175,176,177,178,179,180,181,182,183,184,185,186,187,188,189,190,191,192,193,194,195,196,197,198,199];False
6210;8895;15105;[149,141,11,3,26,96,18,30,25,94,75,1,12,32,14,15,124,9,108,19,61,41,22,23,24,69,5,27,28,56,63,31,29,33,17,35,36,52,60,39,40,49,42,7,44,45,86,47,48,21,50,51,53,13,54,55,6,57,58,59,2,0,77,46,64,10,66,117,68,20,70,71,72,65,8,84,67,81,80,79,38,73,82,83,76,85,122,87,88,89,4,91,109,93,62,95,115,97,98,99,100,101,102,37,104,105,43,107,103,151,110,111,112,113,114,121,116,16,118,119,120,106,74,123,90,125,126,127,128,129,130,131,132,133,134,135,136,137,138,139,140,92,142,143,144,145,146,147,148,34,150,78,152,153,154,155,156,157,158,159,160,161,162,163,164,165,166,167,168,169,170,171,172,173,174,175,176,177,178,179,180,181,182,183,184,185,186,187,188,189,190,191,192,193,194,195,196,197,198,199];False
6287;8864;15151;[158,141,11,3,26,96,18,30,25,94,75,1,12,32,14,15,124,9,108,19,61,41,22,23,24,69,5,27,28,56,63,31,29,33,17,35,36,52,60,39,40,49,42,7,44,45,86,47,48,21,50,51,53,13,54,55,6,57,58,59,2,0,77,46,64,10,66,117,68,20,70,71,72,65,8,84,67,81,80,79,38,73,82,83,76,85,122,87,88,89,4,91,109,93,62,95,115,97,98,99,100,101,102,37,104,105,43,107,103,151,110,111,112,113,114,121,116,16,118,119,120,106,74,123,90,125,126,127,128,129,130,131,132,133,134,135,136,137,138,139,140,92,142,143,144,145,146,147,148,149,150,78,152,153,154,155,156,157,34,159,160,161,162,163,164,165,166,167,168,169,170,171,172,173,174,175,176,177,178,179,180,181,182,183,184,185,186,187,188,189,190,191,192,193,194,195,196,197,198,199];False
6179;8907;15086;[185,141,11,3,26,96,18,30,25,94,75,1,12,32,14,15,124,9,108,19,61,41,22,23,24,69,5,27,28,56,63,31,29,33,17,35,36,52,60,39,40,49,42,7,44,45,86,47,48,21,50,51,53,13,54,55,6,57,58,59,2,0,77,46,64,10,66,117,68,20,70,71,72,65,8,84,67,81,80,79,38,73,82,83,76,85,122,87,88,89,4,91,109,93,62,95,115,97,98,99,100,101,102,37,104,105,43,107,103,151,110,111,112,113,114,121,116,16,118,119,120,106,74,123,90,125,126,127,128,129,130,131,132,133,134,135,136,137,138,139,140,92,142,143,144,145,146,147,148,149,150,78,152,153,154,155,156,157,158,159,160,161,162,163,164,165,166,167,168,169,170,171,172,173,174,175,176,177,178,179,180,181,182,183,184,34,186,187,188,189,190,191,192,193,194,195,196,197,198,199];False
6245;8889;15134;[198,141,11,3,26,96,18,30,25,94,75,1,12,32,14,15,124,9,108,19,61,41,22,23,24,69,5,27,28,56,63,31,29,33,17,35,36,52,60,39,40,49,42,7,44,45,86,47,48,21,50,51,53,13,54,55,6,57,58,59,2,0,77,46,64,10,66,117,68,20,70,71,72,65,8,84,67,81,80,79,38,73,82,83,76,85,122,87,88,89,4,91,109,93,62,95,115,97,98,99,100,101,102,37,104,105,43,107,103,151,110,111,112,113,114,121,116,16,118,119,120,106,74,123,90,125,126,127,128,129,130,131,132,133,134,135,136,137,138,139,140,92,142,143,144,145,146,147,148,149,150,78,152,153,154,155,156,157,158,159,160,161,162,163,164,165,166,167,168,169,170,171,172,173,174,175,176,177,178,179,180,181,182,183,184,185,186,187,188,189,190,191,192,193,194,195,196,197,34,199];False
6524;8784;15308;[108,141,11,3,26,174,18,30,25,94,75,1,12,32,14,15,124,9,46,19,61,41,22,23,24,69,5,27,28,56,63,31,29,33,17,35,36,52,60,39,40,49,42,7,44,45,86,47,48,21,50,51,53,13,54,55,6,57,58,59,2,0,77,114,64,10,66,117,68,20,70,71,72,65,74,84,67,81,80,79,38,73,82,83,76,85,92,87,88,89,4,91,109,93,62,95,8,97,98,96,100,101,102,37,104,105,43,107,103,151,110,111,112,113,99,16,116,34,118,119,120,121,122,123,90,125,126,115,128,129,130,131,132,133,134,135,136,137,138,139,140,106,142,143,144,145,146,147,148,149,150,78,152,153,154,155,156,157,158,159,160,161,162,163,164,165,166,167,168,169,170,171,172,173,127,175,176,177,178,179,180,181,182,183,184,185,186,187,188,189,190,191,192,193,194,195,196,197,198,199];False
6439;8800;15239;[9,141,11,3,26,108,18,30,25,94,75,1,12,32,14,15,124,174,46,19,61,41,22,23,24,69,5,27,28,56,63,31,29,33,17,35,36,52,60,39,40,49,42,7,44,45,86,47,48,21,50,51,53,13,54,55,6,57,58,59,2,0,77,114,64,10,66,117,68,20,70,71,72,65,74,84,67,81,80,79,38,73,82,83,76,85,92,87,88,89,4,91,109,93,62,95,8,97,98,96,100,101,102,37,104,105,43,107,103,151,110,111,112,113,99,16,116,34,118,119,120,121,122,123,90,125,126,115,128,129,130,131,132,133,134,135,136,137,138,139,140,106,142,143,144,145,146,147,148,149,150,78,152,153,154,155,156,157,158,159,160,161,162,163,164,165,166,167,168,169,170,171,172,173,127,175,176,177,178,179,180,181,182,183,184,185,186,187,188,189,190,191,192,193,194,195,196,197,198,199];False
6548;8769;15317;[19,141,11,3,26,108,18,30,25,94,75,1,12,32,14,15,124,9,46,174,61,41,22,23,24,69,5,27,28,56,63,31,29,33,17,35,36,52,60,39,40,49,42,7,44,45,86,47,48,21,50,51,53,13,54,55,6,57,58,59,2,0,77,114,64,10,66,117,68,20,70,71,72,65,74,84,67,81,80,79,38,73,82,83,76,85,92,87,88,89,4,91,109,93,62,95,8,97,98,96,100,101,102,37,104,105,43,107,103,151,110,111,112,113,99,16,116,34,118,119,120,121,122,123,90,125,126,115,128,129,130,131,132,133,134,135,136,137,138,139,140,106,142,143,144,145,146,147,148,149,150,78,152,153,154,155,156,157,158,159,160,161,162,163,164,165,166,167,168,169,170,171,172,173,127,175,176,177,178,179,180,181,182,183,184,185,186,187,188,189,190,191,192,193,194,195,196,197,198,199];False
6464;8787;15251;[42,141,11,3,26,108,18,30,25,94,75,1,12,32,14,15,124,9,16,19,61,41,22,23,24,69,5,27,28,56,63,31,29,33,17,35,36,52,60,39,121,49,64,7,44,45,86,47,48,21,50,51,53,13,54,55,6,57,58,59,2,0,77,46,40,10,66,117,68,20,70,71,72,65,74,84,67,81,80,79,38,73,82,83,76,85,92,87,88,89,4,91,109,93,62,95,8,97,98,96,100,101,102,37,104,105,43,107,103,151,110,114,112,113,106,115,116,34,118,119,120,111,122,123,90,125,126,127,128,129,130,131,132,133,134,135,136,137,138,139,140,99,142,143,144,145,146,147,148,149,150,78,152,153,154,155,156,157,158,159,160,161,162,163,164,165,166,167,168,169,170,171,172,173,174,175,176,177,178,179,180,181,182,183,184,185,186,187,188,189,190,191,192,193,194,195,196,197,198,199];False
6400;8827;15227;[19,141,11,3,26,108,18,30,25,94,75,1,12,32,14,15,124,9,16,92,61,41,22,23,24,69,5,27,28,56,63,31,29,33,17,35,36,52,60,39,121,49,42,7,44,45,86,47,48,21,50,51,53,13,54,55,6,57,58,59,2,0,77,46,64,10,66,117,68,20,70,71,72,65,74,84,67,81,80,79,38,73,82,83,76,85,40,87,88,89,4,91,109,93,62,95,8,97,98,96,100,101,102,37,104,105,43,107,103,151,110,114,112,113,106,115,116,34,118,119,120,111,122,123,90,125,126,127,128,129,130,131,132,133,134,135,136,137,138,139,140,99,142,143,144,145,146,147,148,149,150,78,152,153,154,155,156,157,158,159,160,161,162,163,164,165,166,167,168,169,170,171,172,173,174,175,176,177,178,179,180,181,182,183,184,185,186,187,188,189,190,191,192,193,194,195,196,197,198,199];False
6427;8810;15237;[28,141,11,3,26,108,18,30,25,94,75,1,12,32,14,15,124,9,16,19,61,41,22,23,24,69,5,27,92,56,63,31,29,33,17,35,36,52,60,39,121,49,42,7,44,45,86,47,48,21,50,51,53,13,54,55,6,57,58,59,2,0,77,46,64,10,66,117,68,20,70,71,72,65,74,84,67,81,80,79,38,73,82,83,76,85,40,87,88,89,4,91,109,93,62,95,8,97,98,96,100,101,102,37,104,105,43,107,103,151,110,114,112,113,106,115,116,34,118,119,120,111,122,123,90,125,126,127,128,129,130,131,132,133,134,135,136,137,138,139,140,99,142,143,144,145,146,147,148,149,150,78,152,153,154,155,156,157,158,159,160,161,162,163,164,165,166,167,168,169,170,171,172,173,174,175,176,177,178,179,180,181,182,183,184,185,186,187,188,189,190,191,192,193,194,195,196,197,198,199];False
6400;8822;15222;[49,141,11,3,26,108,18,30,25,94,75,1,12,32,14,15,124,9,16,19,61,41,22,23,24,69,5,27,28,56,63,31,29,33,17,35,36,52,60,39,121,92,42,7,44,45,86,47,48,21,50,51,53,13,54,55,6,57,58,59,2,0,77,46,64,10,66,117,68,20,70,71,72,65,74,84,67,81,80,79,38,73,82,83,76,85,40,87,88,89,4,91,109,93,62,95,8,97,98,96,100,101,102,37,104,105,43,107,103,151,110,114,112,113,106,115,116,34,118,119,120,111,122,123,90,125,126,127,128,129,130,131,132,133,134,135,136,137,138,139,140,99,142,143,144,145,146,147,148,149,150,78,152,153,154,155,156,157,158,159,160,161,162,163,164,165,166,167,168,169,170,171,172,173,174,175,176,177,178,179,180,181,182,183,184,185,186,187,188,189,190,191,192,193,194,195,196,197,198,199];False
6509;8771;15280;[64,141,11,3,26,108,18,30,25,94,75,1,12,32,14,15,124,9,16,19,61,41,22,23,24,69,5,27,28,56,63,31,29,33,17,35,36,52,60,39,121,49,42,7,44,45,86,47,48,21,50,51,53,13,54,55,6,57,58,59,2,0,77,46,92,10,66,117,68,20,70,71,72,65,74,84,67,81,80,79,38,73,82,83,76,85,40,87,88,89,4,91,109,93,62,95,8,97,98,96,100,101,102,37,104,105,43,107,103,151,110,114,112,113,106,115,116,34,118,119,120,111,122,123,90,125,126,127,128,129,130,131,132,133,134,135,136,137,138,139,140,99,142,143,144,145,146,147,148,149,150,78,152,153,154,155,156,157,158,159,160,161,162,163,164,165,166,167,168,169,170,171,172,173,174,175,176,177,178,179,180,181,182,183,184,185,186,187,188,189,190,191,192,193,194,195,196,197,198,199];False
6356;8820;15176;[106,141,11,3,26,108,18,30,25,94,75,1,12,32,14,15,124,9,16,19,61,41,22,23,24,69,5,27,28,56,63,31,29,33,17,35,36,52,60,39,121,49,42,7,44,45,86,47,48,21,50,51,53,13,54,55,6,57,58,59,2,0,77,46,64,10,66,117,68,20,70,71,72,65,74,84,67,81,80,79,38,73,82,83,76,85,40,87,88,89,4,91,109,93,62,95,8,97,98,96,100,101,102,37,104,105,43,107,103,151,110,114,112,113,92,115,116,34,118,119,120,111,122,123,90,125,126,127,128,129,130,131,132,133,134,135,136,137,138,139,140,99,142,143,144,145,146,147,148,149,150,78,152,153,154,155,156,157,158,159,160,161,162,163,164,165,166,167,168,169,170,171,172,173,174,175,176,177,178,179,180,181,182,183,184,185,186,187,188,189,190,191,192,193,194,195,196,197,198,199];False
6353;8818;15171;[99,141,11,3,26,108,18,30,25,94,75,1,12,32,14,15,124,9,16,19,61,41,22,23,24,69,5,27,28,56,63,31,29,33,17,35,36,52,60,39,121,49,42,7,44,45,86,47,48,21,50,51,53,13,54,55,6,57,58,59,2,0,77,46,64,10,66,117,68,20,70,71,72,65,74,84,67,81,80,79,38,73,82,83,76,85,40,87,88,89,4,91,109,93,62,95,8,97,98,96,100,101,102,37,104,105,43,107,103,151,110,114,112,113,106,115,116,34,118,119,120,111,122,123,90,125,126,127,128,129,130,131,132,133,134,135,136,137,138,139,140,92,142,143,144,145,146,147,148,149,150,78,152,153,154,155,156,157,158,159,160,161,162,163,164,165,166,167,168,169,170,171,172,173,174,175,176,177,178,179,180,181,182,183,184,185,186,187,188,189,190,191,192,193,194,195,196,197,198,199];False
6421;8786;15207;[142,141,11,3,26,108,18,30,25,94,75,1,12,32,14,15,124,9,16,19,61,41,22,23,24,69,5,27,28,56,63,31,29,33,17,35,36,52,60,39,121,49,42,7,44,45,86,47,48,21,50,51,53,13,54,55,6,57,58,59,2,0,77,46,64,10,66,117,68,20,70,71,72,65,74,84,67,81,80,79,38,73,82,83,76,85,40,87,88,89,4,91,109,93,62,95,8,97,98,96,100,101,102,37,104,105,43,107,103,151,110,114,112,113,106,115,116,34,118,119,120,111,122,123,90,125,126,127,128,129,130,131,132,133,134,135,136,137,138,139,140,99,92,143,144,145,146,147,148,149,150,78,152,153,154,155,156,157,158,159,160,161,162,163,164,165,166,167,168,169,170,171,172,173,174,175,176,177,178,179,180,181,182,183,184,185,186,187,188,189,190,191,192,193,194,195,196,197,198,199];False
6647;8715;15362;[94,141,11,3,26,43,18,30,25,9,4,1,12,32,139,15,124,46,174,19,61,41,22,40,24,69,5,27,99,56,63,31,29,33,17,8,36,95,38,85,14,60,42,7,44,45,100,47,48,21,92,51,53,13,54,55,6,57,58,59,2,0,62,96,64,10,66,117,68,20,70,71,72,65,74,75,67,77,76,28,80,81,39,83,52,37,86,87,88,89,73,91,35,93,23,109,84,97,98,79,114,101,16,142,104,105,106,107,108,102,110,111,112,113,49,115,116,34,118,119,120,121,122,123,90,125,126,78,128,129,130,131,132,133,134,135,136,137,138,103,140,50,82,143,144,145,146,147,148,149,150,151,152,153,154,155,156,157,158,159,160,161,162,163,164,165,166,167,168,169,170,171,172,173,127,175,176,177,178,179,180,181,182,183,184,185,186,187,188,189,190,191,192,193,194,195,196,197,198,199];False
6634;8687;15321;[84,141,11,3,26,43,18,30,25,9,4,1,12,32,139,15,124,46,174,19,61,41,22,40,24,69,5,27,99,56,63,31,29,33,17,8,36,95,38,85,14,60,42,7,44,45,100,47,48,21,92,51,53,13,54,55,6,57,58,59,2,0,62,96,64,10,66,117,68,20,70,71,72,65,74,75,67,77,76,28,80,81,39,83,52,37,86,87,88,89,73,91,35,93,94,109,23,97,98,79,114,101,16,142,104,105,106,107,108,102,110,111,112,113,49,115,116,34,118,119,120,121,122,123,90,125,126,78,128,129,130,131,132,133,134,135,136,137,138,103,140,50,82,143,144,145,146,147,148,149,150,151,152,153,154,155,156,157,158,159,160,161,162,163,164,165,166,167,168,169,170,171,172,173,127,175,176,177,178,179,180,181,182,183,184,185,186,187,188,189,190,191,192,193,194,195,196,197,198,199];False
6572;8756;15328;[59,141,11,3,26,43,18,30,25,9,4,1,12,32,139,15,124,46,174,19,61,41,22,23,24,69,5,27,99,56,63,31,29,33,17,8,36,95,38,85,14,60,42,7,44,45,100,47,48,21,92,51,53,13,54,55,6,57,58,77,2,0,62,96,64,10,66,117,68,20,70,71,72,65,74,75,67,40,76,28,80,81,39,83,52,37,86,87,88,89,73,91,35,93,94,109,84,97,98,79,114,101,16,142,104,105,106,107,108,102,110,111,112,113,49,115,116,34,118,119,120,121,122,123,90,125,126,78,128,129,130,131,132,133,134,135,136,137,138,103,140,50,82,143,144,145,146,147,148,149,150,151,152,153,154,155,156,157,158,159,160,161,162,163,164,165,166,167,168,169,170,171,172,173,127,175,176,177,178,179,180,181,182,183,184,185,186,187,188,189,190,191,192,193,194,195,196,197,198,199];False
6549;8766;15315;[68,141,11,3,26,43,18,30,25,9,4,1,12,32,139,15,124,46,174,19,61,41,22,23,24,69,5,27,99,56,63,31,29,33,17,8,36,95,38,85,14,60,42,7,44,45,100,47,48,21,92,51,53,13,54,55,6,57,58,59,2,0,62,96,64,10,66,117,77,20,70,71,72,65,74,75,67,40,76,28,80,81,39,83,52,37,86,87,88,89,73,91,35,93,94,109,84,97,98,79,114,101,16,142,104,105,106,107,108,102,110,111,112,113,49,115,116,34,118,119,120,121,122,123,90,125,126,78,128,129,130,131,132,133,134,135,136,137,138,103,140,50,82,143,144,145,146,147,148,149,150,151,152,153,154,155,156,157,158,159,160,161,162,163,164,165,166,167,168,169,170,171,172,173,127,175,176,177,178,179,180,181,182,183,184,185,186,187,188,189,190,191,192,193,194,195,196,197,198,199];False
6606;8724;15330;[37,141,11,3,26,43,18,30,25,9,4,1,12,32,139,15,124,46,174,19,61,41,22,23,24,69,5,27,99,56,63,31,29,33,17,8,36,95,38,85,14,60,42,7,44,45,100,47,48,21,92,51,53,13,54,55,6,57,58,59,2,0,62,96,64,10,66,117,68,20,70,71,72,65,74,75,67,40,76,28,80,81,39,83,52,77,86,87,88,89,73,91,35,93,94,109,84,97,98,79,114,101,16,142,104,105,106,107,108,102,110,111,112,113,49,115,116,34,118,119,120,121,122,123,90,125,126,78,128,129,130,131,132,133,134,135,136,137,138,103,140,50,82,143,144,145,146,147,148,149,150,151,152,153,154,155,156,157,158,159,160,161,162,163,164,165,166,167,168,169,170,171,172,173,127,175,176,177,178,179,180,181,182,183,184,185,186,187,188,189,190,191,192,193,194,195,196,197,198,199];False
6542;8751;15293;[88,141,11,3,26,43,18,30,25,9,4,1,12,32,139,15,124,46,174,19,61,41,22,23,24,69,5,27,99,56,63,31,29,33,17,8,36,95,38,85,14,60,42,7,44,45,100,47,48,21,92,51,53,13,54,55,6,57,58,59,2,0,62,96,64,10,66,117,68,20,70,71,72,65,74,75,67,40,76,28,80,81,39,83,52,37,86,87,77,89,73,91,35,93,94,109,84,97,98,79,114,101,16,142,104,105,106,107,108,102,110,111,112,113,49,115,116,34,118,119,120,121,122,123,90,125,126,78,128,129,130,131,132,133,134,135,136,137,138,103,140,50,82,143,144,145,146,147,148,149,150,151,152,153,154,155,156,157,158,159,160,161,162,163,164,165,166,167,168,169,170,171,172,173,127,175,176,177,178,179,180,181,182,183,184,185,186,187,188,189,190,191,192,193,194,195,196,197,198,199];False
6598;8727;15325;[84,141,11,3,26,43,18,30,25,9,4,1,12,32,139,15,124,46,174,19,61,41,22,23,24,69,5,27,99,56,63,31,29,33,17,8,36,95,38,85,14,60,42,7,44,45,100,47,48,21,92,51,53,13,54,55,6,57,58,59,2,0,62,96,64,10,66,117,68,20,70,71,72,65,74,75,67,40,76,28,80,81,39,83,52,37,86,87,88,89,73,91,35,93,94,109,77,97,98,79,114,101,16,142,104,105,106,107,108,102,110,111,112,113,49,115,116,34,118,119,120,121,122,123,90,125,126,78,128,129,130,131,132,133,134,135,136,137,138,103,140,50,82,143,144,145,146,147,148,149,150,151,152,153,154,155,156,157,158,159,160,161,162,163,164,165,166,167,168,169,170,171,172,173,127,175,176,177,178,179,180,181,182,183,184,185,186,187,188,189,190,191,192,193,194,195,196,197,198,199];False
6567;8744;15311;[97,141,11,3,26,43,18,30,25,9,4,1,12,32,139,15,124,46,174,19,61,41,22,23,24,69,5,27,99,56,63,31,29,33,17,8,36,95,38,85,14,60,42,7,44,45,100,47,48,21,92,51,53,13,54,55,6,57,58,59,2,0,62,96,64,10,66,117,68,20,70,71,72,65,74,75,67,40,76,28,80,81,39,83,52,37,86,87,88,89,73,91,35,93,94,109,84,77,98,79,114,101,16,142,104,105,106,107,108,102,110,111,112,113,49,115,116,34,118,119,120,121,122,123,90,125,126,78,128,129,130,131,132,133,134,135,136,137,138,103,140,50,82,143,144,145,146,147,148,149,150,151,152,153,154,155,156,157,158,159,160,161,162,163,164,165,166,167,168,169,170,171,172,173,127,175,176,177,178,179,180,181,182,183,184,185,186,187,188,189,190,191,192,193,194,195,196,197,198,199];False
6633;8717;15350;[111,141,11,3,26,43,18,30,25,9,4,1,12,32,139,15,124,46,174,19,61,41,22,23,24,69,5,27,99,56,63,31,29,33,17,8,36,95,38,85,14,60,42,7,44,45,100,47,48,21,92,51,53,13,54,55,6,57,58,59,2,0,62,96,64,10,66,117,68,20,70,71,72,65,74,75,67,77,76,28,80,81,39,83,40,37,86,87,88,89,73,91,35,93,94,109,84,97,98,79,114,101,16,142,104,105,106,107,108,102,110,52,112,113,49,115,116,34,118,119,120,121,122,123,90,125,126,78,128,129,130,131,132,133,134,135,136,137,138,103,140,50,82,143,144,145,146,147,148,149,150,151,152,153,154,155,156,157,158,159,160,161,162,163,164,165,166,167,168,169,170,171,172,173,127,175,176,177,178,179,180,181,182,183,184,185,186,187,188,189,190,191,192,193,194,195,196,197,198,199];False
6550;8750;15300;[121,141,11,3,26,43,18,30,25,9,4,1,12,32,139,15,124,46,174,19,61,41,22,23,24,69,5,27,99,56,63,31,29,33,17,8,36,95,38,85,14,60,42,7,44,45,100,47,48,21,92,51,53,13,54,55,6,57,58,59,2,0,62,96,64,10,66,117,68,20,70,71,72,65,74,75,67,77,76,28,80,81,39,83,40,37,86,87,88,89,73,91,35,93,94,109,84,97,98,79,114,101,16,142,104,105,106,107,108,102,110,111,112,113,49,115,116,34,118,119,120,52,122,123,90,125,126,78,128,129,130,131,132,133,134,135,136,137,138,103,140,50,82,143,144,145,146,147,148,149,150,151,152,153,154,155,156,157,158,159,160,161,162,163,164,165,166,167,168,169,170,171,172,173,127,175,176,177,178,179,180,181,182,183,184,185,186,187,188,189,190,191,192,193,194,195,196,197,198,199];False
6630;8718;15348;[143,141,11,3,26,43,18,30,25,9,4,1,12,32,139,15,124,46,174,19,61,41,22,23,24,69,5,27,99,56,63,31,29,33,17,8,36,95,38,85,14,60,42,7,44,45,100,47,48,21,92,51,53,13,54,55,6,57,58,59,2,0,62,96,64,10,66,117,68,20,70,71,72,65,74,75,67,77,76,28,80,81,39,83,40,37,86,87,88,89,73,91,35,93,94,109,84,97,98,79,114,101,16,142,104,105,106,107,108,102,110,111,112,113,49,115,116,34,118,119,120,121,122,123,90,125,126,78,128,129,130,131,132,133,134,135,136,137,138,103,140,50,82,52,144,145,146,147,148,149,150,151,152,153,154,155,156,157,158,159,160,161,162,163,164,165,166,167,168,169,170,171,172,173,127,175,176,177,178,179,180,181,182,183,184,185,186,187,188,189,190,191,192,193,194,195,196,197,198,199];False
6595;8724;15319;[149,141,11,3,26,43,18,30,25,9,4,1,12,32,139,15,124,46,174,19,61,41,22,23,24,69,5,27,99,56,63,31,29,33,17,8,36,95,38,85,14,60,42,7,44,45,100,47,48,21,92,51,53,13,54,55,6,57,58,59,2,0,62,96,64,10,66,117,68,20,70,71,72,65,74,75,67,77,76,28,80,81,39,83,40,37,86,87,88,89,73,91,35,93,94,109,84,97,98,79,114,101,16,142,104,105,106,107,108,102,110,111,112,113,49,115,116,34,118,119,120,121,122,123,90,125,126,78,128,129,130,131,132,133,134,135,136,137,138,103,140,50,82,143,144,145,146,147,148,52,150,151,152,153,154,155,156,157,158,159,160,161,162,163,164,165,166,167,168,169,170,171,172,173,127,175,176,177,178,179,180,181,182,183,184,185,186,187,188,189,190,191,192,193,194,195,196,197,198,199];False
6602;8722;15324;[155,141,11,3,26,43,18,30,25,9,4,1,12,32,139,15,124,46,174,19,61,41,22,23,24,69,5,27,99,56,63,31,29,33,17,8,36,95,38,85,14,60,42,7,44,45,100,47,48,21,92,51,53,13,54,55,6,57,58,59,2,0,62,96,64,10,66,117,68,20,70,71,72,65,74,75,67,77,76,28,80,81,39,83,40,37,86,87,88,89,73,91,35,93,94,109,84,97,98,79,114,101,16,142,104,105,106,107,108,102,110,111,112,113,49,115,116,34,118,119,120,121,122,123,90,125,126,78,128,129,130,131,132,133,134,135,136,137,138,103,140,50,82,143,144,145,146,147,148,149,150,151,152,153,154,52,156,157,158,159,160,161,162,163,164,165,166,167,168,169,170,171,172,173,127,175,176,177,178,179,180,181,182,183,184,185,186,187,188,189,190,191,192,193,194,195,196,197,198,199];False
6571;8711;15282;[159,141,11,3,26,43,18,30,25,9,4,1,12,32,139,15,124,46,174,19,61,41,22,23,24,69,5,27,99,56,63,31,29,33,17,8,36,95,38,85,14,60,42,7,44,45,100,47,48,21,92,51,53,13,54,55,6,57,58,59,2,0,62,96,64,10,66,117,68,20,70,71,72,65,74,75,67,77,76,28,80,81,39,83,40,37,86,87,88,89,73,91,35,93,94,109,84,97,98,79,114,101,16,142,104,105,106,107,108,102,110,111,112,113,49,115,116,34,118,119,120,121,122,123,90,125,126,78,128,129,130,131,132,133,134,135,136,137,138,103,140,50,82,143,144,145,146,147,148,149,150,151,152,153,154,155,156,157,158,52,160,161,162,163,164,165,166,167,168,169,170,171,172,173,127,175,176,177,178,179,180,181,182,183,184,185,186,187,188,189,190,191,192,193,194,195,196,197,198,199];False
6772;8649;15421;[117,141,11,3,26,43,18,30,25,9,4,1,12,32,14,15,124,46,174,19,61,41,22,40,24,69,5,27,99,56,63,31,29,33,17,8,36,95,38,85,151,60,42,7,44,45,100,47,48,21,92,51,53,13,54,55,6,57,58,59,2,0,62,96,64,10,66,84,68,20,70,71,72,65,74,75,67,77,76,28,80,81,39,83,52,37,86,87,88,89,73,91,35,93,94,109,23,97,98,79,114,101,16,142,104,105,106,107,108,102,110,111,112,113,49,115,116,34,118,119,120,121,122,123,90,125,126,78,128,129,130,131,132,133,134,135,136,137,138,139,140,50,82,143,144,145,146,147,148,149,150,103,152,153,154,155,156,157,158,159,160,161,162,163,164,165,166,167,168,169,170,171,172,173,127,175,176,177,178,179,180,181,182,183,184,185,186,187,188,189,190,191,192,193,194,195,196,197,198,199];False
6782;8636;15418;[75,141,11,3,26,43,18,30,25,9,4,1,12,32,14,15,124,46,174,19,61,41,22,40,24,69,5,27,99,56,63,31,29,33,17,8,36,95,38,85,151,60,42,7,44,45,100,47,48,21,92,51,53,13,54,55,6,57,58,59,2,0,62,96,64,10,66,117,68,20,70,71,72,65,74,84,67,77,76,28,80,81,39,83,52,37,86,87,88,89,73,91,35,93,94,109,23,97,98,79,114,101,16,142,104,105,106,107,108,102,110,111,112,113,49,115,116,34,118,119,120,121,122,123,90,125,126,78,128,129,130,131,132,133,134,135,136,137,138,139,140,50,82,143,144,145,146,147,148,149,150,103,152,153,154,155,156,157,158,159,160,161,162,163,164,165,166,167,168,169,170,171,172,173,127,175,176,177,178,179,180,181,182,183,184,185,186,187,188,189,190,191,192,193,194,195,196,197,198,199];False
6719;8670;15389;[77,141,11,3,26,43,18,30,25,9,4,1,12,32,14,15,124,46,174,19,61,41,22,40,24,69,5,27,99,56,63,31,29,33,17,8,36,95,38,85,151,60,42,7,44,45,100,47,48,21,92,51,53,13,54,55,6,57,58,59,2,0,62,96,64,10,66,117,68,20,70,71,72,65,74,75,67,84,76,28,80,81,39,83,52,37,86,87,88,89,73,91,35,93,94,109,23,97,98,79,114,101,16,142,104,105,106,107,108,102,110,111,112,113,49,115,116,34,118,119,120,121,122,123,90,125,126,78,128,129,130,131,132,133,134,135,136,137,138,139,140,50,82,143,144,145,146,147,148,149,150,103,152,153,154,155,156,157,158,159,160,161,162,163,164,165,166,167,168,169,170,171,172,173,127,175,176,177,178,179,180,181,182,183,184,185,186,187,188,189,190,191,192,193,194,195,196,197,198,199];False
6695;8668;15363;[88,141,11,3,26,43,18,30,25,9,4,1,12,32,14,15,124,46,174,19,61,41,22,40,24,69,5,27,99,56,63,31,29,33,17,8,36,95,38,85,151,60,42,7,44,45,100,47,48,21,92,51,53,13,54,55,6,57,58,59,2,0,62,96,64,10,66,117,68,20,70,71,72,65,74,75,67,77,76,28,80,81,39,83,52,37,86,87,84,89,73,91,35,93,94,109,23,97,98,79,114,101,16,142,104,105,106,107,108,102,110,111,112,113,49,115,116,34,118,119,120,121,122,123,90,125,126,78,128,129,130,131,132,133,134,135,136,137,138,139,140,50,82,143,144,145,146,147,148,149,150,103,152,153,154,155,156,157,158,159,160,161,162,163,164,165,166,167,168,169,170,171,172,173,127,175,176,177,178,179,180,181,182,183,184,185,186,187,188,189,190,191,192,193,194,195,196,197,198,199];False
6691;8686;15377;[111,141,11,3,26,43,18,30,25,9,4,1,12,32,14,15,124,46,174,19,61,41,22,40,24,69,5,27,99,56,63,31,29,33,17,8,36,95,38,85,151,60,42,7,44,45,100,47,48,21,92,51,53,13,54,55,6,57,58,59,2,0,62,96,64,10,66,117,68,20,70,71,72,65,74,75,67,77,76,28,80,81,39,83,52,37,86,87,88,89,73,91,35,93,94,109,23,97,98,79,114,101,16,142,104,105,106,107,108,102,110,84,112,113,49,115,116,34,118,119,120,121,122,123,90,125,126,78,128,129,130,131,132,133,134,135,136,137,138,139,140,50,82,143,144,145,146,147,148,149,150,103,152,153,154,155,156,157,158,159,160,161,162,163,164,165,166,167,168,169,170,171,172,173,127,175,176,177,178,179,180,181,182,183,184,185,186,187,188,189,190,191,192,193,194,195,196,197,198,199];False
6721;8652;15373;[49,141,11,3,26,43,18,30,25,9,4,1,12,32,14,15,124,46,174,19,61,41,22,40,24,69,5,27,99,56,63,31,29,33,17,8,36,95,38,85,151,60,42,7,44,45,100,47,48,21,92,51,53,13,54,55,6,57,58,59,2,0,62,96,64,10,66,117,68,20,70,71,72,65,74,75,67,77,76,28,80,81,39,83,52,37,86,87,88,89,73,91,35,93,94,109,23,97,98,79,114,101,16,142,104,105,106,107,108,102,110,111,112,113,84,115,116,34,118,119,120,121,122,123,90,125,126,78,128,129,130,131,132,133,134,135,136,137,138,139,140,50,82,143,144,145,146,147,148,149,150,103,152,153,154,155,156,157,158,159,160,161,162,163,164,165,166,167,168,169,170,171,172,173,127,175,176,177,178,179,180,181,182,183,184,185,186,187,188,189,190,191,192,193,194,195,196,197,198,199];False
7469;8489;15958;[19,141,11,3,26,43,86,30,25,9,10,1,12,32,14,15,124,46,174,4,61,41,22,40,24,69,5,27,99,56,63,31,29,33,17,8,36,95,38,75,18,158,42,7,44,45,60,47,48,21,92,51,53,13,54,55,6,57,58,59,2,0,62,96,64,39,121,117,68,20,70,71,72,65,74,84,67,77,76,28,80,81,114,83,52,85,66,87,88,89,73,91,35,93,94,37,23,97,98,79,100,101,16,103,104,105,106,107,108,102,110,111,112,113,109,115,116,34,118,119,120,49,122,123,90,125,126,78,128,129,130,131,132,133,134,135,136,137,138,139,140,50,142,143,144,145,146,147,148,149,150,151,152,153,154,155,156,157,82,159,160,161,162,163,164,165,166,167,168,169,170,171,172,173,127,175,176,177,178,179,180,181,182,183,184,185,186,187,188,189,190,191,192,193,194,195,196,197,198,199];False
7432;8488;15920;[20,141,11,3,26,43,86,30,25,9,10,1,12,32,14,15,124,46,174,19,61,41,22,40,24,69,5,27,99,56,63,31,29,33,17,8,36,95,38,75,18,158,42,7,44,45,60,47,48,21,92,51,53,13,54,55,6,57,58,59,2,0,62,96,64,39,121,117,68,4,70,71,72,65,74,84,67,77,76,28,80,81,114,83,52,85,66,87,88,89,73,91,35,93,94,37,23,97,98,79,100,101,16,103,104,105,106,107,108,102,110,111,112,113,109,115,116,34,118,119,120,49,122,123,90,125,126,78,128,129,130,131,132,133,134,135,136,137,138,139,140,50,142,143,144,145,146,147,148,149,150,151,152,153,154,155,156,157,82,159,160,161,162,163,164,165,166,167,168,169,170,171,172,173,127,175,176,177,178,179,180,181,182,183,184,185,186,187,188,189,190,191,192,193,194,195,196,197,198,199];False
7336;8495;15831;[4,141,11,3,26,43,86,30,25,9,14,1,12,32,10,15,124,46,174,19,61,41,22,40,24,69,5,27,99,56,63,31,29,33,17,8,36,95,38,75,18,158,42,7,44,45,60,47,48,21,92,51,53,13,54,55,6,57,58,59,2,0,62,96,64,39,121,117,68,20,70,71,72,65,74,84,67,77,76,28,80,81,114,83,52,85,66,87,88,89,73,91,35,93,94,37,23,97,98,79,100,101,16,103,104,105,106,107,108,102,110,111,112,113,109,115,116,34,118,119,120,49,122,123,90,125,126,78,128,129,130,131,132,133,134,135,136,137,138,139,140,50,142,143,144,145,146,147,148,149,150,151,152,153,154,155,156,157,82,159,160,161,162,163,164,165,166,167,168,169,170,171,172,173,127,175,176,177,178,179,180,181,182,183,184,185,186,187,188,189,190,191,192,193,194,195,196,197,198,199];False
7428;8487;15915;[174,141,11,3,26,43,86,30,25,9,4,1,12,32,10,15,124,46,14,19,61,41,22,40,24,69,5,27,99,56,63,31,29,33,17,8,36,95,38,75,18,158,42,7,44,45,60,47,48,21,92,51,53,13,54,55,6,57,58,59,2,0,62,96,64,39,121,117,68,20,70,71,72,65,74,84,67,77,76,28,80,81,114,83,52,85,66,87,88,89,73,91,35,93,94,37,23,97,98,79,100,101,16,103,104,105,106,107,108,102,110,111,112,113,109,115,116,34,118,119,120,49,122,123,90,125,126,78,128,129,130,131,132,133,134,135,136,137,138,139,140,50,142,143,144,145,146,147,148,149,150,151,152,153,154,155,156,157,82,159,160,161,162,163,164,165,166,167,168,169,170,171,172,173,127,175,176,177,178,179,180,181,182,183,184,185,186,187,188,189,190,191,192,193,194,195,196,197,198,199];False
7380;8482;15862;[19,141,11,3,26,43,86,30,25,9,4,1,12,32,10,15,124,46,174,14,61,41,22,40,24,69,5,27,99,56,63,31,29,33,17,8,36,95,38,75,18,158,42,7,44,45,60,47,48,21,92,51,53,13,54,55,6,57,58,59,2,0,62,96,64,39,121,117,68,20,70,71,72,65,74,84,67,77,76,28,80,81,114,83,52,85,66,87,88,89,73,91,35,93,94,37,23,97,98,79,100,101,16,103,104,105,106,107,108,102,110,111,112,113,109,115,116,34,118,119,120,49,122,123,90,125,126,78,128,129,130,131,132,133,134,135,136,137,138,139,140,50,142,143,144,145,146,147,148,149,150,151,152,153,154,155,156,157,82,159,160,161,162,163,164,165,166,167,168,169,170,171,172,173,127,175,176,177,178,179,180,181,182,183,184,185,186,187,188,189,190,191,192,193,194,195,196,197,198,199];False
7289;8497;15786;[53,141,11,3,26,43,86,30,25,9,4,1,12,32,10,15,124,46,174,19,61,41,22,40,24,69,5,27,99,56,63,31,29,33,17,8,36,95,38,75,18,158,42,7,44,45,60,47,48,21,92,51,14,13,54,55,6,57,58,59,2,0,62,96,64,39,121,117,68,20,70,71,72,65,74,84,67,77,76,28,80,81,114,83,52,85,66,87,88,89,73,91,35,93,94,37,23,97,98,79,100,101,16,103,104,105,106,107,108,102,110,111,112,113,109,115,116,34,118,119,120,49,122,123,90,125,126,78,128,129,130,131,132,133,134,135,136,137,138,139,140,50,142,143,144,145,146,147,148,149,150,151,152,153,154,155,156,157,82,159,160,161,162,163,164,165,166,167,168,169,170,171,172,173,127,175,176,177,178,179,180,181,182,183,184,185,186,187,188,189,190,191,192,193,194,195,196,197,198,199];False
7189;8531;15720;[30,141,11,3,26,43,86,76,25,9,4,1,12,32,14,15,124,46,174,19,61,41,22,40,24,69,5,27,99,56,63,31,29,33,17,8,36,95,38,75,18,158,42,7,44,45,60,47,48,21,92,51,53,13,54,55,6,57,58,59,2,0,62,96,64,10,121,117,68,20,70,71,72,65,74,84,67,77,114,28,80,81,39,83,52,85,66,87,88,89,73,91,35,93,94,37,23,97,98,79,100,101,16,103,104,105,106,107,108,102,110,111,112,113,109,115,116,34,118,119,120,49,122,123,90,125,126,78,128,129,130,131,132,133,134,135,136,137,138,139,140,50,142,143,144,145,146,147,148,149,150,151,152,153,154,155,156,157,82,159,160,161,162,163,164,165,166,167,168,169,170,171,172,173,127,175,176,177,178,179,180,181,182,183,184,185,186,187,188,189,190,191,192,193,194,195,196,197,198,199];False
7176;8513;15689;[60,141,11,3,26,43,86,30,25,9,4,1,12,32,14,15,124,46,174,19,61,41,22,40,24,69,5,27,99,56,63,31,29,33,17,8,36,95,38,75,18,158,42,7,44,45,100,47,48,21,92,51,53,13,54,55,6,57,58,59,2,0,62,96,64,10,121,117,68,20,70,71,72,65,74,84,67,77,76,28,80,81,39,83,52,85,66,87,88,89,73,91,35,93,94,37,23,97,98,79,114,101,16,103,104,105,106,107,108,102,110,111,112,113,109,115,116,34,118,119,120,49,122,123,90,125,126,78,128,129,130,131,132,133,134,135,136,137,138,139,140,50,142,143,144,145,146,147,148,149,150,151,152,153,154,155,156,157,82,159,160,161,162,163,164,165,166,167,168,169,170,171,172,173,127,175,176,177,178,179,180,181,182,183,184,185,186,187,188,189,190,191,192,193,194,195,196,197,198,199];False
7138;8531;15669;[16,141,11,3,26,43,86,30,25,9,4,1,12,32,14,15,124,46,174,19,61,41,22,40,24,69,5,27,99,56,63,31,29,33,17,8,36,95,38,75,18,158,42,7,44,45,60,47,48,21,92,51,53,13,54,55,6,57,58,59,2,0,62,96,64,10,121,117,68,20,70,71,72,65,74,84,67,77,76,28,80,81,39,83,52,85,66,87,88,89,73,91,35,93,94,37,23,97,98,79,114,101,100,103,104,105,106,107,108,102,110,111,112,113,109,115,116,34,118,119,120,49,122,123,90,125,126,78,128,129,130,131,132,133,134,135,136,137,138,139,140,50,142,143,144,145,146,147,148,149,150,151,152,153,154,155,156,157,82,159,160,161,162,163,164,165,166,167,168,169,170,171,172,173,127,175,176,177,178,179,180,181,182,183,184,185,186,187,188,189,190,191,192,193,194,195,196,197,198,199];False
7230;8512;15742;[131,141,11,3,26,43,86,30,25,9,4,1,12,32,14,15,124,46,174,19,61,41,22,40,24,69,5,27,99,56,63,31,29,33,17,8,36,95,38,75,18,158,42,7,44,45,60,47,48,21,92,51,53,13,54,55,6,57,58,59,2,0,62,96,64,10,121,117,68,20,70,71,72,65,74,84,67,77,76,28,80,81,39,83,52,85,66,87,88,89,73,91,35,93,94,37,23,97,98,79,114,101,16,103,104,105,106,107,108,102,110,111,112,113,109,115,116,34,118,119,120,49,122,123,90,125,126,78,128,129,130,100,132,133,134,135,136,137,138,139,140,50,142,143,144,145,146,147,148,149,150,151,152,153,154,155,156,157,82,159,160,161,162,163,164,165,166,167,168,169,170,171,172,173,127,175,176,177,178,179,180,181,182,183,184,185,186,187,188,189,190,191,192,193,194,195,196,197,198,199];False
7269;8503;15772;[60,141,11,3,26,43,86,30,25,9,4,1,12,32,14,15,124,46,174,19,61,41,22,40,24,69,5,27,99,56,63,31,29,33,17,8,36,95,38,75,18,158,42,7,44,45,101,47,48,21,92,51,53,13,54,55,6,57,58,59,2,0,62,96,64,10,121,117,68,20,70,71,72,65,74,84,67,77,76,28,80,81,39,83,52,85,66,87,88,89,73,91,35,93,94,37,23,97,98,79,100,114,16,103,104,105,106,107,108,102,110,111,112,113,109,115,116,34,118,119,120,49,122,123,90,125,126,78,128,129,130,131,132,133,134,135,136,137,138,139,140,50,142,143,144,145,146,147,148,149,150,151,152,153,154,155,156,157,82,159,160,161,162,163,164,165,166,167,168,169,170,171,172,173,127,175,176,177,178,179,180,181,182,183,184,185,186,187,188,189,190,191,192,193,194,195,196,197,198,199];False
7256;8507;15763;[79,141,11,3,26,43,86,30,25,9,4,1,12,32,14,15,124,46,174,19,61,41,22,40,24,69,5,27,99,56,63,31,29,33,17,8,36,95,38,75,18,158,42,7,44,45,60,47,48,21,92,51,53,13,54,55,6,57,58,59,2,0,62,96,64,10,121,117,68,20,70,71,72,65,74,84,67,77,76,28,80,81,39,83,52,85,66,87,88,89,73,91,35,93,94,37,23,97,98,101,100,114,16,103,104,105,106,107,108,102,110,111,112,113,109,115,116,34,118,119,120,49,122,123,90,125,126,78,128,129,130,131,132,133,134,135,136,137,138,139,140,50,142,143,144,145,146,147,148,149,150,151,152,153,154,155,156,157,82,159,160,161,162,163,164,165,166,167,168,169,170,171,172,173,127,175,176,177,178,179,180,181,182,183,184,185,186,187,188,189,190,191,192,193,194,195,196,197,198,199];False
7369;8493;15862;[100,141,11,3,26,43,86,30,25,9,4,1,12,32,14,15,124,46,174,19,61,41,22,40,24,69,5,27,99,56,63,31,29,33,17,8,36,95,38,75,18,158,42,7,44,45,60,47,48,21,92,51,53,13,54,55,6,57,58,59,2,0,62,96,64,10,121,117,68,20,70,71,72,65,74,84,67,77,76,28,80,81,39,83,52,85,66,87,88,89,73,91,35,93,94,37,23,97,98,79,101,114,16,103,104,105,106,107,108,102,110,111,112,113,109,115,116,34,118,119,120,49,122,123,90,125,126,78,128,129,130,131,132,133,134,135,136,137,138,139,140,50,142,143,144,145,146,147,148,149,150,151,152,153,154,155,156,157,82,159,160,161,162,163,164,165,166,167,168,169,170,171,172,173,127,175,176,177,178,179,180,181,182,183,184,185,186,187,188,189,190,191,192,193,194,195,196,197,198,199];False
7255;8502;15757;[131,141,11,3,26,43,86,30,25,9,4,1,12,32,14,15,124,46,174,19,61,41,22,40,24,69,5,27,99,56,63,31,29,33,17,8,36,95,38,75,18,158,42,7,44,45,60,47,48,21,92,51,53,13,54,55,6,57,58,59,2,0,62,96,64,10,121,117,68,20,70,71,72,65,74,84,67,77,76,28,80,81,39,83,52,85,66,87,88,89,73,91,35,93,94,37,23,97,98,79,100,114,16,103,104,105,106,107,108,102,110,111,112,113,109,115,116,34,118,119,120,49,122,123,90,125,126,78,128,129,130,101,132,133,134,135,136,137,138,139,140,50,142,143,144,145,146,147,148,149,150,151,152,153,154,155,156,157,82,159,160,161,162,163,164,165,166,167,168,169,170,171,172,173,127,175,176,177,178,179,180,181,182,183,184,185,186,187,188,189,190,191,192,193,194,195,196,197,198,199];False
7161;8529;15690;[150,141,11,3,26,43,86,30,25,9,4,1,12,32,14,15,124,46,174,19,61,41,22,40,24,69,5,27,99,56,63,31,29,33,17,8,36,95,38,75,18,158,42,7,44,45,60,47,48,21,92,51,53,13,54,55,6,57,58,59,2,0,62,96,64,10,121,117,68,20,70,71,72,65,74,84,67,77,76,28,80,81,39,83,52,85,66,87,88,89,73,91,35,93,94,37,23,97,98,79,100,114,16,103,104,105,106,107,108,102,110,111,112,113,109,115,116,34,118,119,120,49,122,123,90,125,126,78,128,129,130,131,132,133,134,135,136,137,138,139,140,50,142,143,144,145,146,147,148,149,101,151,152,153,154,155,156,157,82,159,160,161,162,163,164,165,166,167,168,169,170,171,172,173,127,175,176,177,178,179,180,181,182,183,184,185,186,187,188,189,190,191,192,193,194,195,196,197,198,199];False
7218;8505;15723;[172,141,11,3,26,43,86,30,25,9,4,1,12,32,14,15,124,46,174,19,61,41,22,40,24,69,5,27,99,56,63,31,29,33,17,8,36,95,38,75,18,158,42,7,44,45,60,47,48,21,92,51,53,13,54,55,6,57,58,59,2,0,62,96,64,10,121,117,68,20,70,71,72,65,74,84,67,77,76,28,80,81,39,83,52,85,66,87,88,89,73,91,35,93,94,37,23,97,98,79,100,114,16,103,104,105,106,107,108,102,110,111,112,113,109,115,116,34,118,119,120,49,122,123,90,125,126,78,128,129,130,131,132,133,134,135,136,137,138,139,140,50,142,143,144,145,146,147,148,149,150,151,152,153,154,155,156,157,82,159,160,161,162,163,164,165,166,167,168,169,170,171,101,173,127,175,176,177,178,179,180,181,182,183,184,185,186,187,188,189,190,191,192,193,194,195,196,197,198,199];False
7114;8532;15646;[158,141,11,3,26,43,18,30,25,9,4,1,75,32,14,15,124,46,174,23,61,41,22,98,24,69,5,27,99,56,63,31,29,33,17,8,36,95,38,39,40,12,42,7,44,45,86,47,48,21,92,51,53,13,54,55,6,57,60,59,2,0,62,96,64,10,121,117,68,20,70,71,72,65,74,84,67,77,76,28,80,81,114,83,52,85,66,87,88,89,73,91,35,93,94,37,19,97,58,79,100,101,16,103,104,105,106,107,108,102,110,111,112,113,109,115,116,34,118,119,120,49,122,123,90,125,126,78,128,129,130,131,132,133,134,135,136,137,138,139,140,50,142,143,144,145,146,147,148,149,150,151,152,153,154,155,156,157,82,159,160,161,162,163,164,165,166,167,168,169,170,171,172,173,127,175,176,177,178,179,180,181,182,183,184,185,186,187,188,189,190,191,192,193,194,195,196,197,198,199];False
7102;8542;15644;[40,141,11,3,26,43,18,30,25,9,4,1,12,32,14,15,124,46,174,23,61,41,22,98,24,69,5,27,99,56,63,31,29,33,17,8,36,95,38,39,77,158,42,7,44,45,86,47,48,21,92,51,53,13,54,55,6,57,60,59,2,0,62,96,64,10,121,117,68,20,70,71,72,65,74,84,67,75,76,28,80,81,114,83,52,85,66,87,88,89,73,91,35,93,94,37,19,97,58,79,100,101,16,103,104,105,106,107,108,102,110,111,112,113,109,115,116,34,118,119,120,49,122,123,90,125,126,78,128,129,130,131,132,133,134,135,136,137,138,139,140,50,142,143,144,145,146,147,148,149,150,151,152,153,154,155,156,157,82,159,160,161,162,163,164,165,166,167,168,169,170,171,172,173,127,175,176,177,178,179,180,181,182,183,184,185,186,187,188,189,190,191,192,193,194,195,196,197,198,199];False
7022;8567;15589;[53,141,11,3,26,43,18,30,25,9,4,1,12,32,14,15,124,46,174,23,61,41,22,98,24,69,5,27,99,56,63,31,29,33,17,8,36,95,38,39,40,158,42,7,44,45,86,47,48,21,92,51,16,13,54,55,6,57,60,59,2,0,62,96,64,10,121,117,68,20,70,71,72,65,74,75,67,77,76,28,80,81,114,83,52,85,66,87,88,89,73,91,35,93,94,37,19,97,58,79,100,101,115,103,104,105,106,107,108,102,110,111,112,113,109,84,116,34,118,119,120,49,122,123,90,125,126,78,128,129,130,131,132,133,134,135,136,137,138,139,140,50,142,143,144,145,146,147,148,149,150,151,152,153,154,155,156,157,82,159,160,161,162,163,164,165,166,167,168,169,170,171,172,173,127,175,176,177,178,179,180,181,182,183,184,185,186,187,188,189,190,191,192,193,194,195,196,197,198,199];False
6986;8581;15567;[101,141,11,3,26,43,18,30,25,9,4,1,12,32,14,15,124,46,174,23,61,41,22,98,24,69,5,27,99,56,63,31,29,33,17,8,36,95,38,39,40,158,42,7,44,45,86,47,48,21,92,51,53,13,54,55,6,57,60,59,2,0,62,96,64,10,121,117,68,20,70,71,72,65,74,75,67,77,76,28,80,81,114,83,52,85,66,87,88,89,73,91,35,93,94,37,19,97,58,79,100,16,115,103,104,105,106,107,108,102,110,111,112,113,109,84,116,34,118,119,120,49,122,123,90,125,126,78,128,129,130,131,132,133,134,135,136,137,138,139,140,50,142,143,144,145,146,147,148,149,150,151,152,153,154,155,156,157,82,159,160,161,162,163,164,165,166,167,168,169,170,171,172,173,127,175,176,177,178,179,180,181,182,183,184,185,186,187,188,189,190,191,192,193,194,195,196,197,198,199];False
6957;8570;15527;[34,141,11,3,26,43,18,30,25,9,4,1,12,32,14,15,124,46,174,23,61,41,22,98,24,69,5,27,99,56,63,31,29,33,17,8,36,95,38,39,40,158,42,7,44,45,86,47,48,21,92,51,53,13,54,55,6,57,60,59,2,0,62,96,64,10,121,117,68,20,70,71,72,65,74,75,67,77,76,28,80,81,114,83,52,85,66,87,88,89,73,91,35,93,94,37,19,97,58,79,100,101,115,103,104,105,106,107,108,102,110,111,112,113,109,84,116,16,118,119,120,49,122,123,90,125,126,78,128,129,130,131,132,133,134,135,136,137,138,139,140,50,142,143,144,145,146,147,148,149,150,151,152,153,154,155,156,157,82,159,160,161,162,163,164,165,166,167,168,169,170,171,172,173,127,175,176,177,178,179,180,181,182,183,184,185,186,187,188,189,190,191,192,193,194,195,196,197,198,199];False
7068;8548;15616;[60,141,11,3,26,43,18,30,25,9,4,1,75,32,14,15,124,46,174,19,61,41,22,98,24,69,5,27,99,56,63,31,29,33,17,8,36,95,38,39,40,12,42,7,44,45,86,47,48,21,92,51,53,13,54,55,6,57,158,59,2,0,62,96,64,10,121,117,68,20,70,71,72,65,74,84,67,77,76,28,80,81,114,83,52,85,66,87,88,89,73,91,35,93,94,37,23,97,58,79,100,101,16,103,104,105,106,107,108,102,110,111,112,113,109,115,116,34,118,119,120,49,122,123,90,125,126,78,128,129,130,131,132,133,134,135,136,137,138,139,140,50,142,143,144,145,146,147,148,149,150,151,152,153,154,155,156,157,82,159,160,161,162,163,164,165,166,167,168,169,170,171,172,173,127,175,176,177,178,179,180,181,182,183,184,185,186,187,188,189,190,191,192,193,194,195,196,197,198,199];False
6949;8568;15517;[96,141,11,3,26,43,18,30,25,9,4,1,75,32,14,15,124,46,174,19,61,41,22,98,24,69,5,27,99,56,63,31,29,33,17,8,36,95,38,39,40,12,42,7,44,45,86,47,48,21,92,51,53,13,54,55,6,57,60,59,2,0,62,158,64,10,121,117,68,20,70,71,72,65,74,84,67,77,76,28,80,81,114,83,52,85,66,87,88,89,73,91,35,93,94,37,23,97,58,79,100,101,16,103,104,105,106,107,108,102,110,111,112,113,109,115,116,34,118,119,120,49,122,123,90,125,126,78,128,129,130,131,132,133,134,135,136,137,138,139,140,50,142,143,144,145,146,147,148,149,150,151,152,153,154,155,156,157,82,159,160,161,162,163,164,165,166,167,168,169,170,171,172,173,127,175,176,177,178,179,180,181,182,183,184,185,186,187,188,189,190,191,192,193,194,195,196,197,198,199];False
7082;8540;15622;[10,141,11,3,26,43,18,30,25,9,4,1,75,32,14,15,124,46,174,19,61,41,22,98,24,69,5,27,99,56,63,31,29,33,17,8,36,95,38,39,40,12,42,7,44,45,86,47,48,21,92,51,53,13,54,55,6,57,60,59,2,0,62,96,64,158,121,117,68,20,70,71,72,65,74,84,67,77,76,28,80,81,114,83,52,85,66,87,88,89,73,91,35,93,94,37,23,97,58,79,100,101,16,103,104,105,106,107,108,102,110,111,112,113,109,115,116,34,118,119,120,49,122,123,90,125,126,78,128,129,130,131,132,133,134,135,136,137,138,139,140,50,142,143,144,145,146,147,148,149,150,151,152,153,154,155,156,157,82,159,160,161,162,163,164,165,166,167,168,169,170,171,172,173,127,175,176,177,178,179,180,181,182,183,184,185,186,187,188,189,190,191,192,193,194,195,196,197,198,199];False
6985;8555;15540;[77,141,11,3,26,43,18,30,25,9,4,1,75,32,14,15,124,46,174,19,61,41,22,98,24,69,5,27,99,56,63,31,29,33,17,8,36,95,38,39,40,12,42,7,44,45,86,47,48,21,92,51,53,13,54,55,6,57,60,59,2,0,62,96,64,10,121,117,68,20,70,71,72,65,74,84,67,158,76,28,80,81,114,83,52,85,66,87,88,89,73,91,35,93,94,37,23,97,58,79,100,101,16,103,104,105,106,107,108,102,110,111,112,113,109,115,116,34,118,119,120,49,122,123,90,125,126,78,128,129,130,131,132,133,134,135,136,137,138,139,140,50,142,143,144,145,146,147,148,149,150,151,152,153,154,155,156,157,82,159,160,161,162,163,164,165,166,167,168,169,170,171,172,173,127,175,176,177,178,179,180,181,182,183,184,185,186,187,188,189,190,191,192,193,194,195,196,197,198,199];False
7060;8518;15578;[100,141,11,3,26,43,18,30,25,9,4,1,75,32,14,15,124,46,174,19,61,41,22,98,24,69,5,27,99,56,63,31,29,33,17,8,36,95,38,39,40,12,42,7,44,45,86,47,48,21,92,51,53,13,54,55,6,57,60,59,2,0,62,96,64,10,121,117,68,20,70,71,72,65,74,84,67,77,76,28,80,81,114,83,52,85,66,87,88,89,73,91,35,93,94,37,23,97,58,79,158,101,16,103,104,105,106,107,108,102,110,111,112,113,109,115,116,34,118,119,120,49,122,123,90,125,126,78,128,129,130,131,132,133,134,135,136,137,138,139,140,50,142,143,144,145,146,147,148,149,150,151,152,153,154,155,156,157,82,159,160,161,162,163,164,165,166,167,168,169,170,171,172,173,127,175,176,177,178,179,180,181,182,183,184,185,186,187,188,189,190,191,192,193,194,195,196,197,198,199];False
7032;8553;15585;[111,141,11,3,26,43,18,30,25,9,4,1,75,32,14,15,124,46,174,19,61,41,22,98,24,69,5,27,99,56,63,31,29,33,17,8,36,95,38,39,40,12,42,7,44,45,86,47,48,21,92,51,53,13,54,55,6,57,60,59,2,0,62,96,64,10,121,117,68,20,70,71,72,65,74,84,67,77,76,28,80,81,114,83,52,85,66,87,88,89,73,91,35,93,94,37,23,97,58,79,100,101,16,103,104,105,106,107,108,102,110,158,112,113,109,115,116,34,118,119,120,49,122,123,90,125,126,78,128,129,130,131,132,133,134,135,136,137,138,139,140,50,142,143,144,145,146,147,148,149,150,151,152,153,154,155,156,157,82,159,160,161,162,163,164,165,166,167,168,169,170,171,172,173,127,175,176,177,178,179,180,181,182,183,184,185,186,187,188,189,190,191,192,193,194,195,196,197,198,199];False
7008;8554;15562;[49,141,11,3,26,43,18,30,25,9,4,1,75,32,14,15,124,46,174,19,61,41,22,98,24,69,5,27,99,56,63,31,29,33,17,8,36,95,38,39,40,12,42,7,44,45,86,47,48,21,92,51,53,13,54,55,6,57,60,59,2,0,62,96,64,10,121,117,68,20,70,71,72,65,74,84,67,77,76,28,80,81,114,83,52,85,66,87,88,89,73,91,35,93,94,37,23,97,58,79,100,101,16,103,104,105,106,107,108,102,110,111,112,113,109,115,116,34,118,119,120,158,122,123,90,125,126,78,128,129,130,131,132,133,134,135,136,137,138,139,140,50,142,143,144,145,146,147,148,149,150,151,152,153,154,155,156,157,82,159,160,161,162,163,164,165,166,167,168,169,170,171,172,173,127,175,176,177,178,179,180,181,182,183,184,185,186,187,188,189,190,191,192,193,194,195,196,197,198,199];False
7015;8551;15566;[132,141,11,3,26,43,18,30,25,9,4,1,75,32,14,15,124,46,174,19,61,41,22,98,24,69,5,27,99,56,63,31,29,33,17,8,36,95,38,39,40,12,42,7,44,45,86,47,48,21,92,51,53,13,54,55,6,57,60,59,2,0,62,96,64,10,121,117,68,20,70,71,72,65,74,84,67,77,76,28,80,81,114,83,52,85,66,87,88,89,73,91,35,93,94,37,23,97,58,79,100,101,16,103,104,105,106,107,108,102,110,111,112,113,109,115,116,34,118,119,120,49,122,123,90,125,126,78,128,129,130,131,158,133,134,135,136,137,138,139,140,50,142,143,144,145,146,147,148,149,150,151,152,153,154,155,156,157,82,159,160,161,162,163,164,165,166,167,168,169,170,171,172,173,127,175,176,177,178,179,180,181,182,183,184,185,186,187,188,189,190,191,192,193,194,195,196,197,198,199];False
6843;8613;15456;[14,141,11,3,26,43,18,30,25,9,4,1,12,32,103,15,124,46,174,19,61,41,22,98,24,69,5,27,99,56,63,31,29,33,17,8,36,95,38,39,40,158,42,7,44,45,86,47,48,21,92,51,53,13,54,55,6,57,60,59,2,0,62,96,64,10,121,117,68,20,70,71,72,65,74,75,67,77,76,28,80,81,114,83,52,85,66,87,88,89,73,91,35,93,94,37,23,97,58,79,100,101,115,16,104,105,106,107,108,102,110,111,112,113,109,84,116,34,118,119,120,49,122,123,90,125,126,78,128,129,130,131,132,133,134,135,136,137,138,139,140,50,142,143,144,145,146,147,148,149,150,151,152,153,154,155,156,157,82,159,160,161,162,163,164,165,166,167,168,169,170,171,172,173,127,175,176,177,178,179,180,181,182,183,184,185,186,187,188,189,190,191,192,193,194,195,196,197,198,199];False
6947;8586;15533;[19,141,11,3,26,43,18,30,25,9,4,1,12,32,14,15,124,46,174,103,61,41,22,98,24,69,5,27,99,56,63,31,29,33,17,8,36,95,38,39,40,158,42,7,44,45,86,47,48,21,92,51,53,13,54,55,6,57,60,59,2,0,62,96,64,10,121,117,68,20,70,71,72,65,74,75,67,77,76,28,80,81,114,83,52,85,66,87,88,89,73,91,35,93,94,37,23,97,58,79,100,101,115,16,104,105,106,107,108,102,110,111,112,113,109,84,116,34,118,119,120,49,122,123,90,125,126,78,128,129,130,131,132,133,134,135,136,137,138,139,140,50,142,143,144,145,146,147,148,149,150,151,152,153,154,155,156,157,82,159,160,161,162,163,164,165,166,167,168,169,170,171,172,173,127,175,176,177,178,179,180,181,182,183,184,185,186,187,188,189,190,191,192,193,194,195,196,197,198,199];False
6821;8624;15445;[76,141,11,3,26,43,18,30,25,9,4,1,12,32,14,15,124,46,174,19,61,41,22,98,24,69,5,27,99,56,63,31,29,33,17,8,36,95,38,39,40,158,42,7,44,45,86,47,48,21,92,51,53,13,54,55,6,57,60,59,2,0,62,96,64,10,121,117,68,20,70,71,72,65,74,75,67,77,103,28,80,81,114,83,52,85,66,87,88,89,73,91,35,93,94,37,23,97,58,79,100,101,115,16,104,105,106,107,108,102,110,111,112,113,109,84,116,34,118,119,120,49,122,123,90,125,126,78,128,129,130,131,132,133,134,135,136,137,138,139,140,50,142,143,144,145,146,147,148,149,150,151,152,153,154,155,156,157,82,159,160,161,162,163,164,165,166,167,168,169,170,171,172,173,127,175,176,177,178,179,180,181,182,183,184,185,186,187,188,189,190,191,192,193,194,195,196,197,198,199];False
6889;8594;15483;[73,141,11,3,26,43,18,30,25,9,4,1,12,32,14,15,124,46,174,19,61,41,22,98,24,69,5,27,99,56,63,31,29,33,17,8,36,95,38,39,40,158,42,7,44,45,86,47,48,21,92,51,53,13,54,55,6,57,60,59,2,0,62,96,64,10,121,117,68,20,70,71,72,65,74,75,67,77,76,28,80,81,114,83,52,85,66,87,88,89,103,91,35,93,94,37,23,97,58,79,100,101,115,16,104,105,106,107,108,102,110,111,112,113,109,84,116,34,118,119,120,49,122,123,90,125,126,78,128,129,130,131,132,133,134,135,136,137,138,139,140,50,142,143,144,145,146,147,148,149,150,151,152,153,154,155,156,157,82,159,160,161,162,163,164,165,166,167,168,169,170,171,172,173,127,175,176,177,178,179,180,181,182,183,184,185,186,187,188,189,190,191,192,193,194,195,196,197,198,199];False
6893;8590;15483;[84,141,11,3,26,43,18,30,25,9,4,1,12,32,14,15,124,46,174,19,61,41,22,98,24,69,5,27,99,56,63,31,29,33,17,8,36,95,38,39,40,158,42,7,44,45,86,47,48,21,92,51,53,13,54,55,6,57,60,59,2,0,62,96,64,10,121,117,68,20,70,71,72,65,74,75,67,77,76,28,80,81,114,83,52,85,66,87,88,89,73,91,35,93,94,37,23,97,58,79,100,101,115,16,104,105,106,107,108,102,110,111,112,113,109,103,116,34,118,119,120,49,122,123,90,125,126,78,128,129,130,131,132,133,134,135,136,137,138,139,140,50,142,143,144,145,146,147,148,149,150,151,152,153,154,155,156,157,82,159,160,161,162,163,164,165,166,167,168,169,170,171,172,173,127,175,176,177,178,179,180,181,182,183,184,185,186,187,188,189,190,191,192,193,194,195,196,197,198,199];False
6908;8583;15491;[131,141,11,3,26,43,18,30,25,9,4,1,12,32,14,15,124,46,174,19,61,41,22,98,24,69,5,27,99,56,63,31,29,33,17,8,36,95,38,39,40,158,42,7,44,45,86,47,48,21,92,51,53,13,54,55,6,57,60,59,2,0,62,96,64,10,121,117,68,20,70,71,72,65,74,75,67,77,76,28,80,81,114,83,52,85,66,87,88,89,73,91,35,93,94,37,23,97,58,79,100,101,115,16,104,105,106,107,108,102,110,111,112,113,109,84,116,34,118,119,120,49,122,123,90,125,126,78,128,129,130,103,132,133,134,135,136,137,138,139,140,50,142,143,144,145,146,147,148,149,150,151,152,153,154,155,156,157,82,159,160,161,162,163,164,165,166,167,168,169,170,171,172,173,127,175,176,177,178,179,180,181,182,183,184,185,186,187,188,189,190,191,192,193,194,195,196,197,198,199];False
6877;8604;15481;[134,141,11,3,26,43,18,30,25,9,4,1,12,32,14,15,124,46,174,19,61,41,22,98,24,69,5,27,99,56,63,31,29,33,17,8,36,95,38,39,40,158,42,7,44,45,86,47,48,21,92,51,53,13,54,55,6,57,60,59,2,0,62,96,64,10,121,117,68,20,70,71,72,65,74,75,67,77,76,28,80,81,114,83,52,85,66,87,88,89,73,91,35,93,94,37,23,97,58,79,100,101,115,16,104,105,106,107,108,102,110,111,112,113,109,84,116,34,118,119,120,49,122,123,90,125,126,78,128,129,130,131,132,133,103,135,136,137,138,139,140,50,142,143,144,145,146,147,148,149,150,151,152,153,154,155,156,157,82,159,160,161,162,163,164,165,166,167,168,169,170,171,172,173,127,175,176,177,178,179,180,181,182,183,184,185,186,187,188,189,190,191,192,193,194,195,196,197,198,199];False
6737;8645;15382;[139,141,11,3,26,43,18,30,25,9,4,1,12,32,14,15,124,46,174,19,61,41,22,98,24,69,5,27,99,56,63,31,29,33,17,8,36,95,38,39,40,158,42,7,44,45,86,47,48,21,92,51,53,13,54,55,6,57,60,59,2,0,62,96,64,10,121,117,68,20,70,71,72,65,74,75,67,77,76,28,80,81,114,83,52,85,66,87,88,89,73,91,35,93,94,37,23,97,58,79,100,101,115,16,104,105,106,107,108,102,110,111,112,113,109,84,116,34,118,119,120,49,122,123,90,125,126,78,128,129,130,131,132,133,134,135,136,137,138,103,140,50,142,143,144,145,146,147,148,149,150,151,152,153,154,155,156,157,82,159,160,161,162,163,164,165,166,167,168,169,170,171,172,173,127,175,176,177,178,179,180,181,182,183,184,185,186,187,188,189,190,191,192,193,194,195,196,197,198,199];False
6786;8624;15410;[142,141,11,3,26,43,18,30,25,9,4,1,12,32,14,15,124,46,174,19,61,41,22,98,24,69,5,27,99,56,63,31,29,33,17,8,36,95,38,39,40,158,42,7,44,45,86,47,48,21,92,51,53,13,54,55,6,57,60,59,2,0,62,96,64,10,121,117,68,20,70,71,72,65,74,75,67,77,76,28,80,81,114,83,52,85,66,87,88,89,73,91,35,93,94,37,23,97,58,79,100,101,115,16,104,105,106,107,108,102,110,111,112,113,109,84,116,34,118,119,120,49,122,123,90,125,126,78,128,129,130,131,132,133,134,135,136,137,138,139,140,50,103,143,144,145,146,147,148,149,150,151,152,153,154,155,156,157,82,159,160,161,162,163,164,165,166,167,168,169,170,171,172,173,127,175,176,177,178,179,180,181,182,183,184,185,186,187,188,189,190,191,192,193,194,195,196,197,198,199];False
6839;8622;15461;[150,141,11,3,26,43,18,30,25,9,4,1,12,32,14,15,124,46,174,19,61,41,22,98,24,69,5,27,99,56,63,31,29,33,17,8,36,95,38,39,40,158,42,7,44,45,86,47,48,21,92,51,53,13,54,55,6,57,60,59,2,0,62,96,64,10,121,117,68,20,70,71,72,65,74,75,67,77,76,28,80,81,114,83,52,85,66,87,88,89,73,91,35,93,94,37,23,97,58,79,100,101,115,16,104,105,106,107,108,102,110,111,112,113,109,84,116,34,118,119,120,49,122,123,90,125,126,78,128,129,130,131,132,133,134,135,136,137,138,139,140,50,142,143,144,145,146,147,148,149,103,151,152,153,154,155,156,157,82,159,160,161,162,163,164,165,166,167,168,169,170,171,172,173,127,175,176,177,178,179,180,181,182,183,184,185,186,187,188,189,190,191,192,193,194,195,196,197,198,199];False
6811;8594;15405;[151,141,11,3,26,43,18,30,25,9,4,1,12,32,14,15,124,46,174,19,61,41,22,98,24,69,5,27,99,56,63,31,29,33,17,8,36,95,38,39,40,158,42,7,44,45,86,47,48,21,92,51,53,13,54,55,6,57,60,59,2,0,62,96,64,10,121,117,68,20,70,71,72,65,74,75,67,77,76,28,80,81,114,83,52,85,66,87,88,89,73,91,35,93,94,37,23,97,58,79,100,101,115,16,104,105,106,107,108,102,110,111,112,113,109,84,116,34,118,119,120,49,122,123,90,125,126,78,128,129,130,131,132,133,134,135,136,137,138,139,140,50,142,143,144,145,146,147,148,149,150,103,152,153,154,155,156,157,82,159,160,161,162,163,164,165,166,167,168,169,170,171,172,173,127,175,176,177,178,179,180,181,182,183,184,185,186,187,188,189,190,191,192,193,194,195,196,197,198,199];False
6167;8931;15098;[103,141,11,3,26,96,18,30,25,94,75,1,12,32,14,15,124,9,16,100,61,41,22,23,24,69,5,27,28,56,63,31,29,33,17,35,36,52,60,39,40,49,42,7,44,45,86,47,48,21,50,51,53,13,54,55,6,57,58,59,2,0,77,46,64,10,66,117,68,20,70,71,72,65,8,84,67,81,80,79,38,73,82,83,76,85,122,87,88,89,4,91,109,93,62,95,115,97,98,114,99,101,102,37,104,105,43,107,108,151,110,111,112,113,19,121,116,34,118,119,120,106,74,123,90,125,126,127,128,129,130,131,132,133,134,135,136,137,138,139,140,92,142,143,144,145,146,147,148,149,150,78,152,153,154,155,156,157,158,159,160,161,162,163,164,165,166,167,168,169,170,171,172,173,174,175,176,177,178,179,180,181,182,183,184,185,186,187,188,189,190,191,192,193,194,195,196,197,198,199];False
6240;8882;15122;[52,141,11,3,26,96,18,30,25,94,75,1,12,32,14,15,124,9,16,103,61,41,22,23,24,69,5,27,28,56,63,31,29,33,17,35,36,100,60,39,40,49,42,7,44,45,86,47,48,21,50,51,53,13,54,55,6,57,58,59,2,0,77,46,64,10,66,117,68,20,70,71,72,65,8,84,67,81,80,79,38,73,82,83,76,85,122,87,88,89,4,91,109,93,62,95,115,97,98,114,99,101,102,37,104,105,43,107,108,151,110,111,112,113,19,121,116,34,118,119,120,106,74,123,90,125,126,127,128,129,130,131,132,133,134,135,136,137,138,139,140,92,142,143,144,145,146,147,148,149,150,78,152,153,154,155,156,157,158,159,160,161,162,163,164,165,166,167,168,169,170,171,172,173,174,175,176,177,178,179,180,181,182,183,184,185,186,187,188,189,190,191,192,193,194,195,196,197,198,199];False
6277;8872;15149;[151,141,11,3,26,96,18,30,25,94,75,1,12,32,14,15,124,9,16,103,61,41,22,23,24,69,5,27,28,56,63,31,29,33,17,35,36,52,60,39,40,49,42,7,44,45,86,47,48,21,50,51,53,13,54,55,6,57,58,59,2,0,77,46,64,10,66,117,68,20,70,71,72,65,8,84,67,81,80,79,38,73,82,83,76,85,122,87,88,89,4,91,109,93,62,95,115,97,98,114,99,101,102,37,104,105,43,107,108,100,110,111,112,113,19,121,116,34,118,119,120,106,74,123,90,125,126,127,128,129,130,131,132,133,134,135,136,137,138,139,140,92,142,143,144,145,146,147,148,149,150,78,152,153,154,155,156,157,158,159,160,161,162,163,164,165,166,167,168,169,170,171,172,173,174,175,176,177,178,179,180,181,182,183,184,185,186,187,188,189,190,191,192,193,194,195,196,197,198,199];False
6206;8901;15107;[125,141,11,3,26,96,18,30,25,94,75,1,12,32,14,15,124,9,16,103,61,41,22,23,24,69,5,27,28,56,63,31,29,33,17,35,36,52,60,39,40,49,42,7,44,45,86,47,48,21,50,51,53,13,54,55,6,57,58,59,2,0,77,46,64,10,66,117,68,20,70,71,72,65,8,84,67,81,80,79,38,73,82,83,76,85,122,87,88,89,4,91,109,93,62,95,115,97,98,114,99,101,102,37,104,105,43,107,108,151,110,111,112,113,19,121,116,34,118,119,120,106,74,123,90,100,126,127,128,129,130,131,132,133,134,135,136,137,138,139,140,92,142,143,144,145,146,147,148,149,150,78,152,153,154,155,156,157,158,159,160,161,162,163,164,165,166,167,168,169,170,171,172,173,174,175,176,177,178,179,180,181,182,183,184,185,186,187,188,189,190,191,192,193,194,195,196,197,198,199];False
6233;8881;15114;[127,141,11,3,26,96,18,30,25,94,75,1,12,32,14,15,124,9,16,103,61,41,22,23,24,69,5,27,28,56,63,31,29,33,17,35,36,52,60,39,40,49,42,7,44,45,86,47,48,21,50,51,53,13,54,55,6,57,58,59,2,0,77,46,64,10,66,117,68,20,70,71,72,65,8,84,67,81,80,79,38,73,82,83,76,85,122,87,88,89,4,91,109,93,62,95,115,97,98,114,99,101,102,37,104,105,43,107,108,151,110,111,112,113,19,121,116,34,118,119,120,106,74,123,90,125,126,100,128,129,130,131,132,133,134,135,136,137,138,139,140,92,142,143,144,145,146,147,148,149,150,78,152,153,154,155,156,157,158,159,160,161,162,163,164,165,166,167,168,169,170,171,172,173,174,175,176,177,178,179,180,181,182,183,184,185,186,187,188,189,190,191,192,193,194,195,196,197,198,199];False
6157;8919;15076;[128,141,11,3,26,96,18,30,25,94,75,1,12,32,14,15,124,9,16,103,61,41,22,23,24,69,5,27,28,56,63,31,29,33,17,35,36,52,60,39,40,49,42,7,44,45,86,47,48,21,50,51,53,13,54,55,6,57,58,59,2,0,77,46,64,10,66,117,68,20,70,71,72,65,8,84,67,81,80,79,38,73,82,83,76,85,122,87,88,89,4,91,109,93,62,95,115,97,98,114,99,101,102,37,104,105,43,107,108,151,110,111,112,113,19,121,116,34,118,119,120,106,74,123,90,125,126,127,100,129,130,131,132,133,134,135,136,137,138,139,140,92,142,143,144,145,146,147,148,149,150,78,152,153,154,155,156,157,158,159,160,161,162,163,164,165,166,167,168,169,170,171,172,173,174,175,176,177,178,179,180,181,182,183,184,185,186,187,188,189,190,191,192,193,194,195,196,197,198,199];False
6260;8879;15139;[131,141,11,3,26,96,18,30,25,94,75,1,12,32,14,15,124,9,16,103,61,41,22,23,24,69,5,27,28,56,63,31,29,33,17,35,36,52,60,39,40,49,42,7,44,45,86,47,48,21,50,51,53,13,54,55,6,57,58,59,2,0,77,46,64,10,66,117,68,20,70,71,72,65,8,84,67,81,80,79,38,73,82,83,76,85,122,87,88,89,4,91,109,93,62,95,115,97,98,114,99,101,102,37,104,105,43,107,108,151,110,111,112,113,19,121,116,34,118,119,120,106,74,123,90,125,126,127,128,129,130,100,132,133,134,135,136,137,138,139,140,92,142,143,144,145,146,147,148,149,150,78,152,153,154,155,156,157,158,159,160,161,162,163,164,165,166,167,168,169,170,171,172,173,174,175,176,177,178,179,180,181,182,183,184,185,186,187,188,189,190,191,192,193,194,195,196,197,198,199];False
6329;8845;15174;[16,141,11,3,26,96,18,30,25,94,75,1,12,32,14,15,124,9,154,103,61,41,22,23,24,69,5,27,28,56,63,31,29,33,17,35,36,52,60,39,40,49,42,7,44,45,86,47,48,21,50,51,53,13,54,55,6,57,58,59,2,0,77,46,64,10,66,117,68,20,70,71,72,65,8,84,67,81,80,79,38,73,82,83,76,85,122,87,88,89,4,91,109,93,62,95,115,97,98,114,100,101,102,37,104,105,43,107,108,151,110,111,112,113,19,121,116,34,118,119,120,106,74,123,90,125,126,127,128,129,130,131,132,133,134,135,136,137,138,139,140,92,142,143,144,145,146,147,148,149,150,78,152,153,99,155,156,157,158,159,160,161,162,163,164,165,166,167,168,169,170,171,172,173,174,175,176,177,178,179,180,181,182,183,184,185,186,187,188,189,190,191,192,193,194,195,196,197,198,199];False
6245;8879;15124;[75,141,11,3,26,96,18,30,25,94,172,1,12,32,14,15,124,9,16,103,61,41,22,23,24,69,5,27,28,56,63,31,29,33,17,35,36,52,60,39,40,49,42,7,44,45,86,47,48,21,50,51,53,13,54,55,6,57,58,59,2,0,77,46,64,10,66,117,68,20,70,71,72,65,8,84,67,81,80,79,38,73,82,83,76,85,122,87,88,89,4,91,109,93,62,95,115,97,98,114,100,101,102,37,104,105,43,107,108,151,110,111,112,113,19,121,116,34,118,119,120,106,74,123,90,125,126,127,128,129,130,131,132,133,134,135,136,137,138,139,140,92,142,143,144,145,146,147,148,149,150,78,152,153,154,155,156,157,158,159,160,161,162,163,164,165,166,167,168,169,170,171,99,173,174,175,176,177,178,179,180,181,182,183,184,185,186,187,188,189,190,191,192,193,194,195,196,197,198,199];False
6278;8862;15140;[1,141,11,3,26,96,18,30,25,94,75,172,12,32,14,15,124,9,16,103,61,41,22,23,24,69,5,27,28,56,63,31,29,33,17,35,36,52,60,39,40,49,42,7,44,45,86,47,48,21,50,51,53,13,54,55,6,57,58,59,2,0,77,46,64,10,66,117,68,20,70,71,72,65,8,84,67,81,80,79,38,73,82,83,76,85,122,87,88,89,4,91,109,93,62,95,115,97,98,114,100,101,102,37,104,105,43,107,108,151,110,111,112,113,19,121,116,34,118,119,120,106,74,123,90,125,126,127,128,129,130,131,132,133,134,135,136,137,138,139,140,92,142,143,144,145,146,147,148,149,150,78,152,153,154,155,156,157,158,159,160,161,162,163,164,165,166,167,168,169,170,171,99,173,174,175,176,177,178,179,180,181,182,183,184,185,186,187,188,189,190,191,192,193,194,195,196,197,198,199];False
6205;8861;15066;[16,141,11,3,26,96,18,30,25,94,75,1,12,32,14,15,124,9,172,103,61,41,22,23,24,69,5,27,28,56,63,31,29,33,17,35,36,52,60,39,40,49,42,7,44,45,86,47,48,21,50,51,53,13,54,55,6,57,58,59,2,0,77,46,64,10,66,117,68,20,70,71,72,65,8,84,67,81,80,79,38,73,82,83,76,85,122,87,88,89,4,91,109,93,62,95,115,97,98,114,100,101,102,37,104,105,43,107,108,151,110,111,112,113,19,121,116,34,118,119,120,106,74,123,90,125,126,127,128,129,130,131,132,133,134,135,136,137,138,139,140,92,142,143,144,145,146,147,148,149,150,78,152,153,154,155,156,157,158,159,160,161,162,163,164,165,166,167,168,169,170,171,99,173,174,175,176,177,178,179,180,181,182,183,184,185,186,187,188,189,190,191,192,193,194,195,196,197,198,199];False
6254;8844;15098;[52,141,11,3,26,96,18,30,25,94,75,1,12,32,14,15,124,9,16,103,61,41,22,23,24,69,5,27,28,56,63,31,29,33,17,35,36,172,60,39,40,49,42,7,44,45,86,47,48,21,50,51,53,13,54,55,6,57,58,59,2,0,77,46,64,10,66,117,68,20,70,71,72,65,8,84,67,81,80,79,38,73,82,83,76,85,122,87,88,89,4,91,109,93,62,95,115,97,98,114,100,101,102,37,104,105,43,107,108,151,110,111,112,113,19,121,116,34,118,119,120,106,74,123,90,125,126,127,128,129,130,131,132,133,134,135,136,137,138,139,140,92,142,143,144,145,146,147,148,149,150,78,152,153,154,155,156,157,158,159,160,161,162,163,164,165,166,167,168,169,170,171,99,173,174,175,176,177,178,179,180,181,182,183,184,185,186,187,188,189,190,191,192,193,194,195,196,197,198,199];False
6153;8942;15095;[14,141,11,3,26,96,18,30,25,94,75,1,12,32,185,15,124,9,108,19,61,41,22,23,24,69,5,27,28,56,63,31,29,33,17,35,36,52,60,39,40,49,42,7,44,45,86,47,48,21,50,51,53,13,54,55,6,57,58,59,2,0,77,46,64,10,66,117,68,20,70,71,72,65,8,84,67,81,80,79,38,73,82,83,76,85,122,87,88,89,4,91,109,93,62,95,115,97,98,99,100,101,102,37,104,105,43,107,103,151,110,111,112,113,114,121,116,16,118,119,120,106,74,123,90,125,126,127,128,129,130,131,132,133,134,135,136,137,138,139,140,92,142,143,144,145,146,147,148,149,150,78,152,153,154,155,156,157,158,159,160,161,162,163,164,165,166,167,168,169,170,171,172,173,174,175,176,177,178,179,180,181,182,183,184,34,186,187,188,189,190,191,192,193,194,195,196,197,198,199];False
6149;8981;15130;[33,141,11,3,26,96,18,30,25,94,75,1,12,32,14,15,124,9,108,19,61,41,22,23,24,69,5,27,28,56,63,31,29,185,17,35,36,52,60,39,40,49,42,7,44,45,86,47,48,21,50,51,53,13,54,55,6,57,58,59,2,0,77,46,64,10,66,117,68,20,70,71,72,65,8,84,67,81,80,79,38,73,82,83,76,85,122,87,88,89,4,91,109,93,62,95,115,97,98,99,100,101,102,37,104,105,43,107,103,151,110,111,112,113,114,121,116,16,118,119,120,106,74,123,90,125,126,127,128,129,130,131,132,133,134,135,136,137,138,139,140,92,142,143,144,145,146,147,148,149,150,78,152,153,154,155,156,157,158,159,160,161,162,163,164,165,166,167,168,169,170,171,172,173,174,175,176,177,178,179,180,181,182,183,184,34,186,187,188,189,190,191,192,193,194,195,196,197,198,199];False
6188;8901;15089;[52,141,11,3,26,96,18,30,25,94,75,1,12,32,14,15,124,9,108,19,61,41,22,23,24,69,5,27,28,56,63,31,29,33,17,35,36,185,60,39,40,49,42,7,44,45,86,47,48,21,50,51,53,13,54,55,6,57,58,59,2,0,77,46,64,10,66,117,68,20,70,71,72,65,8,84,67,81,80,79,38,73,82,83,76,85,122,87,88,89,4,91,109,93,62,95,115,97,98,99,100,101,102,37,104,105,43,107,103,151,110,111,112,113,114,121,116,16,118,119,120,106,74,123,90,125,126,127,128,129,130,131,132,133,134,135,136,137,138,139,140,92,142,143,144,145,146,147,148,149,150,78,152,153,154,155,156,157,158,159,160,161,162,163,164,165,166,167,168,169,170,171,172,173,174,175,176,177,178,179,180,181,182,183,184,34,186,187,188,189,190,191,192,193,194,195,196,197,198,199];False
6160;8896;15056;[64,141,11,3,26,96,18,30,25,94,75,1,12,32,14,15,124,9,108,19,61,41,22,23,24,69,5,27,28,56,63,31,29,33,17,35,36,52,60,39,40,49,42,7,44,45,86,47,48,21,50,51,53,13,54,55,6,57,58,59,2,0,77,46,185,10,66,117,68,20,70,71,72,65,8,84,67,81,80,79,38,73,82,83,76,85,122,87,88,89,4,91,109,93,62,95,115,97,98,99,100,101,102,37,104,105,43,107,103,151,110,111,112,113,114,121,116,16,118,119,120,106,74,123,90,125,126,127,128,129,130,131,132,133,134,135,136,137,138,139,140,92,142,143,144,145,146,147,148,149,150,78,152,153,154,155,156,157,158,159,160,161,162,163,164,165,166,167,168,169,170,171,172,173,174,175,176,177,178,179,180,181,182,183,184,34,186,187,188,189,190,191,192,193,194,195,196,197,198,199];False
6482;8761;15243;[42,141,11,3,26,108,18,30,25,94,75,1,12,32,14,15,124,9,16,19,61,41,22,23,24,69,5,27,28,56,63,31,29,33,17,35,36,52,60,39,121,49,64,7,44,45,86,47,48,21,50,51,53,13,54,55,6,57,58,59,2,0,77,46,92,10,66,117,68,20,70,71,72,65,74,84,67,81,80,79,38,73,82,83,76,85,40,87,88,89,4,91,109,93,62,95,8,97,98,96,100,101,102,37,104,105,43,107,103,151,110,114,112,113,106,115,116,34,118,119,120,111,122,123,90,125,126,127,128,129,130,131,132,133,134,135,136,137,138,139,140,99,142,143,144,145,146,147,148,149,150,78,152,153,154,155,156,157,158,159,160,161,162,163,164,165,166,167,168,169,170,171,172,173,174,175,176,177,178,179,180,181,182,183,184,185,186,187,188,189,190,191,192,193,194,195,196,197,198,199];False
6367;8799;15166;[28,141,11,3,26,108,18,30,25,94,75,1,12,32,14,15,124,9,16,19,61,41,22,23,24,69,5,27,99,56,63,31,29,33,17,35,36,52,60,39,121,49,42,7,44,45,86,47,48,21,50,51,53,13,54,55,6,57,58,59,2,0,77,46,64,10,66,117,68,20,70,71,72,65,74,84,67,81,80,79,38,73,82,83,76,85,40,87,88,89,4,91,109,93,62,95,8,97,98,96,100,101,102,37,104,105,43,107,103,151,110,114,112,113,106,115,116,34,118,119,120,111,122,123,90,125,126,127,128,129,130,131,132,133,134,135,136,137,138,139,140,92,142,143,144,145,146,147,148,149,150,78,152,153,154,155,156,157,158,159,160,161,162,163,164,165,166,167,168,169,170,171,172,173,174,175,176,177,178,179,180,181,182,183,184,185,186,187,188,189,190,191,192,193,194,195,196,197,198,199];False
6436;8777;15213;[64,141,11,3,26,108,18,30,25,94,75,1,12,32,14,15,124,9,16,19,61,41,22,23,24,69,5,27,28,56,63,31,29,33,17,35,36,52,60,39,121,49,42,7,44,45,86,47,48,21,50,51,53,13,54,55,6,57,58,59,2,0,77,46,99,10,66,117,68,20,70,71,72,65,74,84,67,81,80,79,38,73,82,83,76,85,40,87,88,89,4,91,109,93,62,95,8,97,98,96,100,101,102,37,104,105,43,107,103,151,110,114,112,113,106,115,116,34,118,119,120,111,122,123,90,125,126,127,128,129,130,131,132,133,134,135,136,137,138,139,140,92,142,143,144,145,146,147,148,149,150,78,152,153,154,155,156,157,158,159,160,161,162,163,164,165,166,167,168,169,170,171,172,173,174,175,176,177,178,179,180,181,182,183,184,185,186,187,188,189,190,191,192,193,194,195,196,197,198,199];False
6324;8837;15161;[8,141,11,3,26,108,18,30,25,94,75,1,12,32,14,15,124,9,16,19,61,41,22,23,24,69,5,27,28,56,63,31,29,33,17,35,36,52,60,39,121,49,42,7,44,45,86,47,48,21,50,51,53,13,54,55,6,57,58,59,2,0,77,46,64,10,66,117,68,20,70,71,72,65,74,84,67,81,80,79,38,73,82,83,76,85,40,87,88,89,4,91,109,93,62,95,99,97,98,96,100,101,102,37,104,105,43,107,103,151,110,114,112,113,106,115,116,34,118,119,120,111,122,123,90,125,126,127,128,129,130,131,132,133,134,135,136,137,138,139,140,92,142,143,144,145,146,147,148,149,150,78,152,153,154,155,156,157,158,159,160,161,162,163,164,165,166,167,168,169,170,171,172,173,174,175,176,177,178,179,180,181,182,183,184,185,186,187,188,189,190,191,192,193,194,195,196,197,198,199];False
6282;8828;15110;[115,141,11,3,26,108,18,30,25,94,75,1,12,32,14,15,124,9,16,19,61,41,22,23,24,69,5,27,28,56,63,31,29,33,17,35,36,52,60,39,121,49,42,7,44,45,86,47,48,21,50,51,53,13,54,55,6,57,58,59,2,0,77,46,64,10,66,117,68,20,70,71,72,65,74,84,67,81,80,79,38,73,82,83,76,85,40,87,88,89,4,91,109,93,62,95,8,97,98,96,100,101,102,37,104,105,43,107,103,151,110,114,112,113,106,99,116,34,118,119,120,111,122,123,90,125,126,127,128,129,130,131,132,133,134,135,136,137,138,139,140,92,142,143,144,145,146,147,148,149,150,78,152,153,154,155,156,157,158,159,160,161,162,163,164,165,166,167,168,169,170,171,172,173,174,175,176,177,178,179,180,181,182,183,184,185,186,187,188,189,190,191,192,193,194,195,196,197,198,199];False
6358;8802;15160;[34,141,11,3,26,108,18,30,25,94,75,1,12,32,14,15,124,9,16,19,61,41,22,23,24,69,5,27,28,56,63,31,29,33,17,35,36,52,60,39,121,49,42,7,44,45,86,47,48,21,50,51,53,13,54,55,6,57,58,59,2,0,77,46,64,10,66,117,68,20,70,71,72,65,74,84,67,81,80,79,38,73,82,83,76,85,40,87,88,89,4,91,109,93,62,95,8,97,98,96,100,101,102,37,104,105,43,107,103,151,110,114,112,113,106,115,116,99,118,119,120,111,122,123,90,125,126,127,128,129,130,131,132,133,134,135,136,137,138,139,140,92,142,143,144,145,146,147,148,149,150,78,152,153,154,155,156,157,158,159,160,161,162,163,164,165,166,167,168,169,170,171,172,173,174,175,176,177,178,179,180,181,182,183,184,185,186,187,188,189,190,191,192,193,194,195,196,197,198,199];False
6357;8810;15167;[127,141,11,3,26,108,18,30,25,94,75,1,12,32,14,15,124,9,16,19,61,41,22,23,24,69,5,27,28,56,63,31,29,33,17,35,36,52,60,39,121,49,42,7,44,45,86,47,48,21,50,51,53,13,54,55,6,57,58,59,2,0,77,46,64,10,66,117,68,20,70,71,72,65,74,84,67,81,80,79,38,73,82,83,76,85,40,87,88,89,4,91,109,93,62,95,8,97,98,96,100,101,102,37,104,105,43,107,103,151,110,114,112,113,106,115,116,34,118,119,120,111,122,123,90,125,126,99,128,129,130,131,132,133,134,135,136,137,138,139,140,92,142,143,144,145,146,147,148,149,150,78,152,153,154,155,156,157,158,159,160,161,162,163,164,165,166,167,168,169,170,171,172,173,174,175,176,177,178,179,180,181,182,183,184,185,186,187,188,189,190,191,192,193,194,195,196,197,198,199];False
6370;8791;15161;[154,141,11,3,26,108,18,30,25,94,75,1,12,32,14,15,124,9,16,19,61,41,22,23,24,69,5,27,28,56,63,31,29,33,17,35,36,52,60,39,121,49,42,7,44,45,86,47,48,21,50,51,53,13,54,55,6,57,58,59,2,0,77,46,64,10,66,117,68,20,70,71,72,65,74,84,67,81,80,79,38,73,82,83,76,85,40,87,88,89,4,91,109,93,62,95,8,97,98,96,100,101,102,37,104,105,43,107,103,151,110,114,112,113,106,115,116,34,118,119,120,111,122,123,90,125,126,127,128,129,130,131,132,133,134,135,136,137,138,139,140,92,142,143,144,145,146,147,148,149,150,78,152,153,99,155,156,157,158,159,160,161,162,163,164,165,166,167,168,169,170,171,172,173,174,175,176,177,178,179,180,181,182,183,184,185,186,187,188,189,190,191,192,193,194,195,196,197,198,199];False
6316;8825;15141;[171,141,11,3,26,108,18,30,25,94,75,1,12,32,14,15,124,9,16,19,61,41,22,23,24,69,5,27,28,56,63,31,29,33,17,35,36,52,60,39,121,49,42,7,44,45,86,47,48,21,50,51,53,13,54,55,6,57,58,59,2,0,77,46,64,10,66,117,68,20,70,71,72,65,74,84,67,81,80,79,38,73,82,83,76,85,40,87,88,89,4,91,109,93,62,95,8,97,98,96,100,101,102,37,104,105,43,107,103,151,110,114,112,113,106,115,116,34,118,119,120,111,122,123,90,125,126,127,128,129,130,131,132,133,134,135,136,137,138,139,140,92,142,143,144,145,146,147,148,149,150,78,152,153,154,155,156,157,158,159,160,161,162,163,164,165,166,167,168,169,170,99,172,173,174,175,176,177,178,179,180,181,182,183,184,185,186,187,188,189,190,191,192,193,194,195,196,197,198,199];False
6334;8796;15130;[172,141,11,3,26,108,18,30,25,94,75,1,12,32,14,15,124,9,16,19,61,41,22,23,24,69,5,27,28,56,63,31,29,33,17,35,36,52,60,39,121,49,42,7,44,45,86,47,48,21,50,51,53,13,54,55,6,57,58,59,2,0,77,46,64,10,66,117,68,20,70,71,72,65,74,84,67,81,80,79,38,73,82,83,76,85,40,87,88,89,4,91,109,93,62,95,8,97,98,96,100,101,102,37,104,105,43,107,103,151,110,114,112,113,106,115,116,34,118,119,120,111,122,123,90,125,126,127,128,129,130,131,132,133,134,135,136,137,138,139,140,92,142,143,144,145,146,147,148,149,150,78,152,153,154,155,156,157,158,159,160,161,162,163,164,165,166,167,168,169,170,171,99,173,174,175,176,177,178,179,180,181,182,183,184,185,186,187,188,189,190,191,192,193,194,195,196,197,198,199];False
6419;8775;15194;[16,141,11,3,26,108,18,30,25,94,75,1,12,32,14,15,124,9,142,19,61,41,22,23,24,69,5,27,28,56,63,31,29,33,17,35,36,52,60,39,121,49,42,7,44,45,86,47,48,21,50,51,53,13,54,55,6,57,58,59,2,0,77,46,64,10,66,117,68,20,70,71,72,65,74,84,67,81,80,79,38,73,82,83,76,85,40,87,88,89,4,91,109,93,62,95,8,97,98,96,100,101,102,37,104,105,43,107,103,151,110,114,112,113,106,115,116,34,118,119,120,111,122,123,90,125,126,127,128,129,130,131,132,133,134,135,136,137,138,139,140,99,92,143,144,145,146,147,148,149,150,78,152,153,154,155,156,157,158,159,160,161,162,163,164,165,166,167,168,169,170,171,172,173,174,175,176,177,178,179,180,181,182,183,184,185,186,187,188,189,190,191,192,193,194,195,196,197,198,199];False
6647;8684;15331;[117,141,11,3,26,43,18,30,25,9,4,1,12,32,139,15,124,46,174,19,61,41,22,40,24,69,5,27,99,56,63,31,29,33,17,8,36,95,38,85,14,60,42,7,44,45,100,47,48,21,92,51,53,13,54,55,6,57,58,59,2,0,62,96,64,10,66,84,68,20,70,71,72,65,74,75,67,77,76,28,80,81,39,83,52,37,86,87,88,89,73,91,35,93,94,109,23,97,98,79,114,101,16,142,104,105,106,107,108,102,110,111,112,113,49,115,116,34,118,119,120,121,122,123,90,125,126,78,128,129,130,131,132,133,134,135,136,137,138,103,140,50,82,143,144,145,146,147,148,149,150,151,152,153,154,155,156,157,158,159,160,161,162,163,164,165,166,167,168,169,170,171,172,173,127,175,176,177,178,179,180,181,182,183,184,185,186,187,188,189,190,191,192,193,194,195,196,197,198,199];False
6657;8671;15328;[75,141,11,3,26,43,18,30,25,9,4,1,12,32,139,15,124,46,174,19,61,41,22,40,24,69,5,27,99,56,63,31,29,33,17,8,36,95,38,85,14,60,42,7,44,45,100,47,48,21,92,51,53,13,54,55,6,57,58,59,2,0,62,96,64,10,66,117,68,20,70,71,72,65,74,84,67,77,76,28,80,81,39,83,52,37,86,87,88,89,73,91,35,93,94,109,23,97,98,79,114,101,16,142,104,105,106,107,108,102,110,111,112,113,49,115,116,34,118,119,120,121,122,123,90,125,126,78,128,129,130,131,132,133,134,135,136,137,138,103,140,50,82,143,144,145,146,147,148,149,150,151,152,153,154,155,156,157,158,159,160,161,162,163,164,165,166,167,168,169,170,171,172,173,127,175,176,177,178,179,180,181,182,183,184,185,186,187,188,189,190,191,192,193,194,195,196,197,198,199];False
6594;8705;15299;[77,141,11,3,26,43,18,30,25,9,4,1,12,32,139,15,124,46,174,19,61,41,22,40,24,69,5,27,99,56,63,31,29,33,17,8,36,95,38,85,14,60,42,7,44,45,100,47,48,21,92,51,53,13,54,55,6,57,58,59,2,0,62,96,64,10,66,117,68,20,70,71,72,65,74,75,67,84,76,28,80,81,39,83,52,37,86,87,88,89,73,91,35,93,94,109,23,97,98,79,114,101,16,142,104,105,106,107,108,102,110,111,112,113,49,115,116,34,118,119,120,121,122,123,90,125,126,78,128,129,130,131,132,133,134,135,136,137,138,103,140,50,82,143,144,145,146,147,148,149,150,151,152,153,154,155,156,157,158,159,160,161,162,163,164,165,166,167,168,169,170,171,172,173,127,175,176,177,178,179,180,181,182,183,184,185,186,187,188,189,190,191,192,193,194,195,196,197,198,199];False
6570;8703;15273;[88,141,11,3,26,43,18,30,25,9,4,1,12,32,139,15,124,46,174,19,61,41,22,40,24,69,5,27,99,56,63,31,29,33,17,8,36,95,38,85,14,60,42,7,44,45,100,47,48,21,92,51,53,13,54,55,6,57,58,59,2,0,62,96,64,10,66,117,68,20,70,71,72,65,74,75,67,77,76,28,80,81,39,83,52,37,86,87,84,89,73,91,35,93,94,109,23,97,98,79,114,101,16,142,104,105,106,107,108,102,110,111,112,113,49,115,116,34,118,119,120,121,122,123,90,125,126,78,128,129,130,131,132,133,134,135,136,137,138,103,140,50,82,143,144,145,146,147,148,149,150,151,152,153,154,155,156,157,158,159,160,161,162,163,164,165,166,167,168,169,170,171,172,173,127,175,176,177,178,179,180,181,182,183,184,185,186,187,188,189,190,191,192,193,194,195,196,197,198,199];False
6566;8721;15287;[111,141,11,3,26,43,18,30,25,9,4,1,12,32,139,15,124,46,174,19,61,41,22,40,24,69,5,27,99,56,63,31,29,33,17,8,36,95,38,85,14,60,42,7,44,45,100,47,48,21,92,51,53,13,54,55,6,57,58,59,2,0,62,96,64,10,66,117,68,20,70,71,72,65,74,75,67,77,76,28,80,81,39,83,52,37,86,87,88,89,73,91,35,93,94,109,23,97,98,79,114,101,16,142,104,105,106,107,108,102,110,84,112,113,49,115,116,34,118,119,120,121,122,123,90,125,126,78,128,129,130,131,132,133,134,135,136,137,138,103,140,50,82,143,144,145,146,147,148,149,150,151,152,153,154,155,156,157,158,159,160,161,162,163,164,165,166,167,168,169,170,171,172,173,127,175,176,177,178,179,180,181,182,183,184,185,186,187,188,189,190,191,192,193,194,195,196,197,198,199];False
6596;8687;15283;[49,141,11,3,26,43,18,30,25,9,4,1,12,32,139,15,124,46,174,19,61,41,22,40,24,69,5,27,99,56,63,31,29,33,17,8,36,95,38,85,14,60,42,7,44,45,100,47,48,21,92,51,53,13,54,55,6,57,58,59,2,0,62,96,64,10,66,117,68,20,70,71,72,65,74,75,67,77,76,28,80,81,39,83,52,37,86,87,88,89,73,91,35,93,94,109,23,97,98,79,114,101,16,142,104,105,106,107,108,102,110,111,112,113,84,115,116,34,118,119,120,121,122,123,90,125,126,78,128,129,130,131,132,133,134,135,136,137,138,103,140,50,82,143,144,145,146,147,148,149,150,151,152,153,154,155,156,157,158,159,160,161,162,163,164,165,166,167,168,169,170,171,172,173,127,175,176,177,178,179,180,181,182,183,184,185,186,187,188,189,190,191,192,193,194,195,196,197,198,199];False
6557;8746;15303;[12,141,11,3,26,43,18,30,25,9,4,1,88,32,139,15,124,46,174,19,61,41,22,23,24,69,5,27,99,56,63,31,29,33,17,8,36,95,38,85,14,60,42,7,44,45,100,47,48,21,92,51,53,13,54,55,6,57,58,59,2,0,62,96,64,10,66,117,68,20,70,71,72,65,74,75,67,40,76,28,80,81,39,83,52,37,86,87,77,89,73,91,35,93,94,109,84,97,98,79,114,101,16,142,104,105,106,107,108,102,110,111,112,113,49,115,116,34,118,119,120,121,122,123,90,125,126,78,128,129,130,131,132,133,134,135,136,137,138,103,140,50,82,143,144,145,146,147,148,149,150,151,152,153,154,155,156,157,158,159,160,161,162,163,164,165,166,167,168,169,170,171,172,173,127,175,176,177,178,179,180,181,182,183,184,185,186,187,188,189,190,191,192,193,194,195,196,197,198,199];False
6555;8726;15281;[19,141,11,3,26,43,18,30,25,9,4,1,12,32,139,15,124,46,174,88,61,41,22,23,24,69,5,27,99,56,63,31,29,33,17,8,36,95,38,85,14,60,42,7,44,45,100,47,48,21,92,51,53,13,54,55,6,57,58,59,2,0,62,96,64,10,66,117,68,20,70,71,72,65,74,75,67,40,76,28,80,81,39,83,52,37,86,87,77,89,73,91,35,93,94,109,84,97,98,79,114,101,16,142,104,105,106,107,108,102,110,111,112,113,49,115,116,34,118,119,120,121,122,123,90,125,126,78,128,129,130,131,132,133,134,135,136,137,138,103,140,50,82,143,144,145,146,147,148,149,150,151,152,153,154,155,156,157,158,159,160,161,162,163,164,165,166,167,168,169,170,171,172,173,127,175,176,177,178,179,180,181,182,183,184,185,186,187,188,189,190,191,192,193,194,195,196,197,198,199];False
6485;8749;15234;[40,141,11,3,26,43,18,30,25,9,4,1,12,32,139,15,124,46,174,19,61,41,22,23,24,69,5,27,99,56,63,31,29,33,17,8,36,95,38,85,14,60,42,7,44,45,100,47,48,21,92,51,53,13,54,55,6,57,58,59,2,0,62,96,64,10,66,117,68,20,70,71,72,65,74,75,67,88,76,28,80,81,39,83,52,37,86,87,77,89,73,91,35,93,94,109,84,97,98,79,114,101,16,142,104,105,106,107,108,102,110,111,112,113,49,115,116,34,118,119,120,121,122,123,90,125,126,78,128,129,130,131,132,133,134,135,136,137,138,103,140,50,82,143,144,145,146,147,148,149,150,151,152,153,154,155,156,157,158,159,160,161,162,163,164,165,166,167,168,169,170,171,172,173,127,175,176,177,178,179,180,181,182,183,184,185,186,187,188,189,190,191,192,193,194,195,196,197,198,199];False
6800;8619;15419;[12,141,11,3,26,43,18,30,25,9,4,1,75,32,14,15,124,46,174,19,61,41,22,40,24,69,5,27,99,56,63,31,29,33,17,8,36,95,38,85,151,60,42,7,44,45,100,47,48,21,92,51,53,13,54,55,6,57,58,59,2,0,62,96,64,10,66,117,68,20,70,71,72,65,74,84,67,77,76,28,80,81,39,83,52,37,86,87,88,89,73,91,35,93,94,109,23,97,98,79,114,101,16,142,104,105,106,107,108,102,110,111,112,113,49,115,116,34,118,119,120,121,122,123,90,125,126,78,128,129,130,131,132,133,134,135,136,137,138,139,140,50,82,143,144,145,146,147,148,149,150,103,152,153,154,155,156,157,158,159,160,161,162,163,164,165,166,167,168,169,170,171,172,173,127,175,176,177,178,179,180,181,182,183,184,185,186,187,188,189,190,191,192,193,194,195,196,197,198,199];False
6752;8643;15395;[85,141,11,3,26,43,18,30,25,9,4,1,12,32,14,15,124,46,174,19,61,41,22,40,24,69,5,27,99,56,63,31,29,33,17,8,36,95,38,75,151,60,42,7,44,45,100,47,48,21,92,51,53,13,54,55,6,57,58,59,2,0,62,96,64,10,66,117,68,20,70,71,72,65,74,84,67,77,76,28,80,81,39,83,52,37,86,87,88,89,73,91,35,93,94,109,23,97,98,79,114,101,16,142,104,105,106,107,108,102,110,111,112,113,49,115,116,34,118,119,120,121,122,123,90,125,126,78,128,129,130,131,132,133,134,135,136,137,138,139,140,50,82,143,144,145,146,147,148,149,150,103,152,153,154,155,156,157,158,159,160,161,162,163,164,165,166,167,168,169,170,171,172,173,127,175,176,177,178,179,180,181,182,183,184,185,186,187,188,189,190,191,192,193,194,195,196,197,198,199];False
6771;8630;15401;[77,141,11,3,26,43,18,30,25,9,4,1,12,32,14,15,124,46,174,19,61,41,22,40,24,69,5,27,99,56,63,31,29,33,17,8,36,95,38,85,151,60,42,7,44,45,100,47,48,21,92,51,53,13,54,55,6,57,58,59,2,0,62,96,64,10,66,117,68,20,70,71,72,65,74,84,67,75,76,28,80,81,39,83,52,37,86,87,88,89,73,91,35,93,94,109,23,97,98,79,114,101,16,142,104,105,106,107,108,102,110,111,112,113,49,115,116,34,118,119,120,121,122,123,90,125,126,78,128,129,130,131,132,133,134,135,136,137,138,139,140,50,82,143,144,145,146,147,148,149,150,103,152,153,154,155,156,157,158,159,160,161,162,163,164,165,166,167,168,169,170,171,172,173,127,175,176,177,178,179,180,181,182,183,184,185,186,187,188,189,190,191,192,193,194,195,196,197,198,199];False
6710;8663;15373;[12,141,11,3,26,43,18,30,25,9,4,1,88,32,14,15,124,46,174,19,61,41,22,40,24,69,5,27,99,56,63,31,29,33,17,8,36,95,38,85,151,60,42,7,44,45,100,47,48,21,92,51,53,13,54,55,6,57,58,59,2,0,62,96,64,10,66,117,68,20,70,71,72,65,74,75,67,77,76,28,80,81,39,83,52,37,86,87,84,89,73,91,35,93,94,109,23,97,98,79,114,101,16,142,104,105,106,107,108,102,110,111,112,113,49,115,116,34,118,119,120,121,122,123,90,125,126,78,128,129,130,131,132,133,134,135,136,137,138,139,140,50,82,143,144,145,146,147,148,149,150,103,152,153,154,155,156,157,158,159,160,161,162,163,164,165,166,167,168,169,170,171,172,173,127,175,176,177,178,179,180,181,182,183,184,185,186,187,188,189,190,191,192,193,194,195,196,197,198,199];False
6708;8643;15351;[19,141,11,3,26,43,18,30,25,9,4,1,12,32,14,15,124,46,174,88,61,41,22,40,24,69,5,27,99,56,63,31,29,33,17,8,36,95,38,85,151,60,42,7,44,45,100,47,48,21,92,51,53,13,54,55,6,57,58,59,2,0,62,96,64,10,66,117,68,20,70,71,72,65,74,75,67,77,76,28,80,81,39,83,52,37,86,87,84,89,73,91,35,93,94,109,23,97,98,79,114,101,16,142,104,105,106,107,108,102,110,111,112,113,49,115,116,34,118,119,120,121,122,123,90,125,126,78,128,129,130,131,132,133,134,135,136,137,138,139,140,50,82,143,144,145,146,147,148,149,150,103,152,153,154,155,156,157,158,159,160,161,162,163,164,165,166,167,168,169,170,171,172,173,127,175,176,177,178,179,180,181,182,183,184,185,186,187,188,189,190,191,192,193,194,195,196,197,198,199];False
6640;8681;15321;[99,141,11,3,26,43,18,30,25,9,4,1,12,32,14,15,124,46,174,19,61,41,22,40,24,69,5,27,88,56,63,31,29,33,17,8,36,95,38,85,151,60,42,7,44,45,100,47,48,21,92,51,53,13,54,55,6,57,58,59,2,0,62,96,64,10,66,117,68,20,70,71,72,65,74,75,67,77,76,28,80,81,39,83,52,37,86,87,84,89,73,91,35,93,94,109,23,97,98,79,114,101,16,142,104,105,106,107,108,102,110,111,112,113,49,115,116,34,118,119,120,121,122,123,90,125,126,78,128,129,130,131,132,133,134,135,136,137,138,139,140,50,82,143,144,145,146,147,148,149,150,103,152,153,154,155,156,157,158,159,160,161,162,163,164,165,166,167,168,169,170,171,172,173,127,175,176,177,178,179,180,181,182,183,184,185,186,187,188,189,190,191,192,193,194,195,196,197,198,199];False
6617;8673;15290;[77,141,11,3,26,43,18,30,25,9,4,1,12,32,14,15,124,46,174,19,61,41,22,40,24,69,5,27,99,56,63,31,29,33,17,8,36,95,38,85,151,60,42,7,44,45,100,47,48,21,92,51,53,13,54,55,6,57,58,59,2,0,62,96,64,10,66,117,68,20,70,71,72,65,74,75,67,88,76,28,80,81,39,83,52,37,86,87,84,89,73,91,35,93,94,109,23,97,98,79,114,101,16,142,104,105,106,107,108,102,110,111,112,113,49,115,116,34,118,119,120,121,122,123,90,125,126,78,128,129,130,131,132,133,134,135,136,137,138,139,140,50,82,143,144,145,146,147,148,149,150,103,152,153,154,155,156,157,158,159,160,161,162,163,164,165,166,167,168,169,170,171,172,173,127,175,176,177,178,179,180,181,182,183,184,185,186,187,188,189,190,191,192,193,194,195,196,197,198,199];False
6714;8640;15354;[37,141,11,3,26,43,18,30,25,9,4,1,12,32,14,15,124,46,174,19,61,41,22,40,24,69,5,27,99,56,63,31,29,33,17,8,36,95,38,85,151,60,42,7,44,45,100,47,48,21,92,51,53,13,54,55,6,57,58,59,2,0,62,96,64,10,66,117,68,20,70,71,72,65,74,75,67,77,76,28,80,81,39,83,52,88,86,87,84,89,73,91,35,93,94,109,23,97,98,79,114,101,16,142,104,105,106,107,108,102,110,111,112,113,49,115,116,34,118,119,120,121,122,123,90,125,126,78,128,129,130,131,132,133,134,135,136,137,138,139,140,50,82,143,144,145,146,147,148,149,150,103,152,153,154,155,156,157,158,159,160,161,162,163,164,165,166,167,168,169,170,171,172,173,127,175,176,177,178,179,180,181,182,183,184,185,186,187,188,189,190,191,192,193,194,195,196,197,198,199];False
6692;8650;15342;[49,141,11,3,26,43,18,30,25,9,4,1,12,32,14,15,124,46,174,19,61,41,22,40,24,69,5,27,99,56,63,31,29,33,17,8,36,95,38,85,151,60,42,7,44,45,100,47,48,21,92,51,53,13,54,55,6,57,58,59,2,0,62,96,64,10,66,117,68,20,70,71,72,65,74,75,67,77,76,28,80,81,39,83,52,37,86,87,84,89,73,91,35,93,94,109,23,97,98,79,114,101,16,142,104,105,106,107,108,102,110,111,112,113,88,115,116,34,118,119,120,121,122,123,90,125,126,78,128,129,130,131,132,133,134,135,136,137,138,139,140,50,82,143,144,145,146,147,148,149,150,103,152,153,154,155,156,157,158,159,160,161,162,163,164,165,166,167,168,169,170,171,172,173,127,175,176,177,178,179,180,181,182,183,184,185,186,187,188,189,190,191,192,193,194,195,196,197,198,199];False
7363;8487;15850;[19,141,11,3,26,43,86,30,25,9,14,1,12,32,10,15,124,46,174,4,61,41,22,40,24,69,5,27,99,56,63,31,29,33,17,8,36,95,38,75,18,158,42,7,44,45,60,47,48,21,92,51,53,13,54,55,6,57,58,59,2,0,62,96,64,39,121,117,68,20,70,71,72,65,74,84,67,77,76,28,80,81,114,83,52,85,66,87,88,89,73,91,35,93,94,37,23,97,98,79,100,101,16,103,104,105,106,107,108,102,110,111,112,113,109,115,116,34,118,119,120,49,122,123,90,125,126,78,128,129,130,131,132,133,134,135,136,137,138,139,140,50,142,143,144,145,146,147,148,149,150,151,152,153,154,155,156,157,82,159,160,161,162,163,164,165,166,167,168,169,170,171,172,173,127,175,176,177,178,179,180,181,182,183,184,185,186,187,188,189,190,191,192,193,194,195,196,197,198,199];False
7242;8502;15744;[92,141,11,3,26,43,86,30,25,9,14,1,12,32,10,15,124,46,174,19,61,41,22,40,24,69,5,27,99,56,63,31,29,33,17,8,36,95,38,75,18,158,42,7,44,45,60,47,48,21,4,51,53,13,54,55,6,57,58,59,2,0,62,96,64,39,121,117,68,20,70,71,72,65,74,84,67,77,76,28,80,81,114,83,52,85,66,87,88,89,73,91,35,93,94,37,23,97,98,79,100,101,16,103,104,105,106,107,108,102,110,111,112,113,109,115,116,34,118,119,120,49,122,123,90,125,126,78,128,129,130,131,132,133,134,135,136,137,138,139,140,50,142,143,144,145,146,147,148,149,150,151,152,153,154,155,156,157,82,159,160,161,162,163,164,165,166,167,168,169,170,171,172,173,127,175,176,177,178,179,180,181,182,183,184,185,186,187,188,189,190,191,192,193,194,195,196,197,198,199];False
7326;8486;15812;[20,141,11,3,26,43,86,30,25,9,14,1,12,32,10,15,124,46,174,19,61,41,22,40,24,69,5,27,99,56,63,31,29,33,17,8,36,95,38,75,18,158,42,7,44,45,60,47,48,21,92,51,53,13,54,55,6,57,58,59,2,0,62,96,64,39,121,117,68,4,70,71,72,65,74,84,67,77,76,28,80,81,114,83,52,85,66,87,88,89,73,91,35,93,94,37,23,97,98,79,100,101,16,103,104,105,106,107,108,102,110,111,112,113,109,115,116,34,118,119,120,49,122,123,90,125,126,78,128,129,130,131,132,133,134,135,136,137,138,139,140,50,142,143,144,145,146,147,148,149,150,151,152,153,154,155,156,157,82,159,160,161,162,163,164,165,166,167,168,169,170,171,172,173,127,175,176,177,178,179,180,181,182,183,184,185,186,187,188,189,190,191,192,193,194,195,196,197,198,199];False
7377;8480;15857;[60,141,11,3,26,43,86,30,25,9,4,1,12,32,10,15,124,46,174,14,61,41,22,40,24,69,5,27,99,56,63,31,29,33,17,8,36,95,38,75,18,158,42,7,44,45,19,47,48,21,92,51,53,13,54,55,6,57,58,59,2,0,62,96,64,39,121,117,68,20,70,71,72,65,74,84,67,77,76,28,80,81,114,83,52,85,66,87,88,89,73,91,35,93,94,37,23,97,98,79,100,101,16,103,104,105,106,107,108,102,110,111,112,113,109,115,116,34,118,119,120,49,122,123,90,125,126,78,128,129,130,131,132,133,134,135,136,137,138,139,140,50,142,143,144,145,146,147,148,149,150,151,152,153,154,155,156,157,82,159,160,161,162,163,164,165,166,167,168,169,170,171,172,173,127,175,176,177,178,179,180,181,182,183,184,185,186,187,188,189,190,191,192,193,194,195,196,197,198,199];False
7256;8500;15756;[92,141,11,3,26,43,86,30,25,9,4,1,12,32,10,15,124,46,174,19,61,41,22,40,24,69,5,27,99,56,63,31,29,33,17,8,36,95,38,75,18,158,42,7,44,45,60,47,48,21,53,51,14,13,54,55,6,57,58,59,2,0,62,96,64,39,121,117,68,20,70,71,72,65,74,84,67,77,76,28,80,81,114,83,52,85,66,87,88,89,73,91,35,93,94,37,23,97,98,79,100,101,16,103,104,105,106,107,108,102,110,111,112,113,109,115,116,34,118,119,120,49,122,123,90,125,126,78,128,129,130,131,132,133,134,135,136,137,138,139,140,50,142,143,144,145,146,147,148,149,150,151,152,153,154,155,156,157,82,159,160,161,162,163,164,165,166,167,168,169,170,171,172,173,127,175,176,177,178,179,180,181,182,183,184,185,186,187,188,189,190,191,192,193,194,195,196,197,198,199];False
7294;8493;15787;[84,141,11,3,26,43,86,30,25,9,4,1,12,32,10,15,124,46,174,19,61,41,22,40,24,69,5,27,99,56,63,31,29,33,17,8,36,95,38,75,18,158,42,7,44,45,60,47,48,21,92,51,14,13,54,55,6,57,58,59,2,0,62,96,64,39,121,117,68,20,70,71,72,65,74,53,67,77,76,28,80,81,114,83,52,85,66,87,88,89,73,91,35,93,94,37,23,97,98,79,100,101,16,103,104,105,106,107,108,102,110,111,112,113,109,115,116,34,118,119,120,49,122,123,90,125,126,78,128,129,130,131,132,133,134,135,136,137,138,139,140,50,142,143,144,145,146,147,148,149,150,151,152,153,154,155,156,157,82,159,160,161,162,163,164,165,166,167,168,169,170,171,172,173,127,175,176,177,178,179,180,181,182,183,184,185,186,187,188,189,190,191,192,193,194,195,196,197,198,199];False
7232;8501;15733;[76,141,11,3,26,43,86,30,25,9,4,1,12,32,10,15,124,46,174,19,61,41,22,40,24,69,5,27,99,56,63,31,29,33,17,8,36,95,38,75,18,158,42,7,44,45,60,47,48,21,92,51,14,13,54,55,6,57,58,59,2,0,62,96,64,39,121,117,68,20,70,71,72,65,74,84,67,77,53,28,80,81,114,83,52,85,66,87,88,89,73,91,35,93,94,37,23,97,98,79,100,101,16,103,104,105,106,107,108,102,110,111,112,113,109,115,116,34,118,119,120,49,122,123,90,125,126,78,128,129,130,131,132,133,134,135,136,137,138,139,140,50,142,143,144,145,146,147,148,149,150,151,152,153,154,155,156,157,82,159,160,161,162,163,164,165,166,167,168,169,170,171,172,173,127,175,176,177,178,179,180,181,182,183,184,185,186,187,188,189,190,191,192,193,194,195,196,197,198,199];False
7333;8475;15808;[73,141,11,3,26,43,86,30,25,9,4,1,12,32,10,15,124,46,174,19,61,41,22,40,24,69,5,27,99,56,63,31,29,33,17,8,36,95,38,75,18,158,42,7,44,45,60,47,48,21,92,51,14,13,54,55,6,57,58,59,2,0,62,96,64,39,121,117,68,20,70,71,72,65,74,84,67,77,76,28,80,81,114,83,52,85,66,87,88,89,53,91,35,93,94,37,23,97,98,79,100,101,16,103,104,105,106,107,108,102,110,111,112,113,109,115,116,34,118,119,120,49,122,123,90,125,126,78,128,129,130,131,132,133,134,135,136,137,138,139,140,50,142,143,144,145,146,147,148,149,150,151,152,153,154,155,156,157,82,159,160,161,162,163,164,165,166,167,168,169,170,171,172,173,127,175,176,177,178,179,180,181,182,183,184,185,186,187,188,189,190,191,192,193,194,195,196,197,198,199];False
7274;8487;15761;[79,141,11,3,26,43,86,30,25,9,4,1,12,32,10,15,124,46,174,19,61,41,22,40,24,69,5,27,99,56,63,31,29,33,17,8,36,95,38,75,18,158,42,7,44,45,60,47,48,21,92,51,14,13,54,55,6,57,58,59,2,0,62,96,64,39,121,117,68,20,70,71,72,65,74,84,67,77,76,28,80,81,114,83,52,85,66,87,88,89,73,91,35,93,94,37,23,97,98,53,100,101,16,103,104,105,106,107,108,102,110,111,112,113,109,115,116,34,118,119,120,49,122,123,90,125,126,78,128,129,130,131,132,133,134,135,136,137,138,139,140,50,142,143,144,145,146,147,148,149,150,151,152,153,154,155,156,157,82,159,160,161,162,163,164,165,166,167,168,169,170,171,172,173,127,175,176,177,178,179,180,181,182,183,184,185,186,187,188,189,190,191,192,193,194,195,196,197,198,199];False
7143;8515;15658;[42,141,11,3,26,43,86,30,25,9,4,1,12,32,14,15,124,46,174,19,61,41,22,40,24,69,5,27,99,56,63,31,29,33,17,8,36,95,38,75,18,158,60,7,44,45,100,47,48,21,92,51,53,13,54,55,6,57,58,59,2,0,62,96,64,10,121,117,68,20,70,71,72,65,74,84,67,77,76,28,80,81,39,83,52,85,66,87,88,89,73,91,35,93,94,37,23,97,98,79,114,101,16,103,104,105,106,107,108,102,110,111,112,113,109,115,116,34,118,119,120,49,122,123,90,125,126,78,128,129,130,131,132,133,134,135,136,137,138,139,140,50,142,143,144,145,146,147,148,149,150,151,152,153,154,155,156,157,82,159,160,161,162,163,164,165,166,167,168,169,170,171,172,173,127,175,176,177,178,179,180,181,182,183,184,185,186,187,188,189,190,191,192,193,194,195,196,197,198,199];False
7033;8536;15569;[77,141,11,3,26,43,86,30,25,9,4,1,12,32,14,15,124,46,174,19,61,41,22,40,24,69,5,27,99,56,63,31,29,33,17,8,36,95,38,75,18,158,42,7,44,45,100,47,48,21,92,51,53,13,54,55,6,57,58,59,2,0,62,96,64,10,121,117,68,20,70,71,72,65,74,84,67,60,76,28,80,81,39,83,52,85,66,87,88,89,73,91,35,93,94,37,23,97,98,79,114,101,16,103,104,105,106,107,108,102,110,111,112,113,109,115,116,34,118,119,120,49,122,123,90,125,126,78,128,129,130,131,132,133,134,135,136,137,138,139,140,50,142,143,144,145,146,147,148,149,150,151,152,153,154,155,156,157,82,159,160,161,162,163,164,165,166,167,168,169,170,171,172,173,127,175,176,177,178,179,180,181,182,183,184,185,186,187,188,189,190,191,192,193,194,195,196,197,198,199];False
7168;8512;15680;[98,141,11,3,26,43,86,30,25,9,4,1,12,32,14,15,124,46,174,19,61,41,22,40,24,69,5,27,99,56,63,31,29,33,17,8,36,95,38,75,18,158,42,7,44,45,100,47,48,21,92,51,53,13,54,55,6,57,58,59,2,0,62,96,64,10,121,117,68,20,70,71,72,65,74,84,67,77,76,28,80,81,39,83,52,85,66,87,88,89,73,91,35,93,94,37,23,97,60,79,114,101,16,103,104,105,106,107,108,102,110,111,112,113,109,115,116,34,118,119,120,49,122,123,90,125,126,78,128,129,130,131,132,133,134,135,136,137,138,139,140,50,142,143,144,145,146,147,148,149,150,151,152,153,154,155,156,157,82,159,160,161,162,163,164,165,166,167,168,169,170,171,172,173,127,175,176,177,178,179,180,181,182,183,184,185,186,187,188,189,190,191,192,193,194,195,196,197,198,199];False
7195;8505;15700;[1,141,11,3,26,43,86,30,25,9,4,172,12,32,14,15,124,46,174,19,61,41,22,40,24,69,5,27,99,56,63,31,29,33,17,8,36,95,38,75,18,158,42,7,44,45,60,47,48,21,92,51,53,13,54,55,6,57,58,59,2,0,62,96,64,10,121,117,68,20,70,71,72,65,74,84,67,77,76,28,80,81,39,83,52,85,66,87,88,89,73,91,35,93,94,37,23,97,98,79,100,114,16,103,104,105,106,107,108,102,110,111,112,113,109,115,116,34,118,119,120,49,122,123,90,125,126,78,128,129,130,131,132,133,134,135,136,137,138,139,140,50,142,143,144,145,146,147,148,149,150,151,152,153,154,155,156,157,82,159,160,161,162,163,164,165,166,167,168,169,170,171,101,173,127,175,176,177,178,179,180,181,182,183,184,185,186,187,188,189,190,191,192,193,194,195,196,197,198,199];False
7027;8549;15576;[42,141,11,3,26,43,18,30,25,9,4,1,75,32,14,15,124,46,174,19,61,41,22,98,24,69,5,27,99,56,63,31,29,33,17,8,36,95,38,39,40,12,96,7,44,45,86,47,48,21,92,51,53,13,54,55,6,57,60,59,2,0,62,158,64,10,121,117,68,20,70,71,72,65,74,84,67,77,76,28,80,81,114,83,52,85,66,87,88,89,73,91,35,93,94,37,23,97,58,79,100,101,16,103,104,105,106,107,108,102,110,111,112,113,109,115,116,34,118,119,120,49,122,123,90,125,126,78,128,129,130,131,132,133,134,135,136,137,138,139,140,50,142,143,144,145,146,147,148,149,150,151,152,153,154,155,156,157,82,159,160,161,162,163,164,165,166,167,168,169,170,171,172,173,127,175,176,177,178,179,180,181,182,183,184,185,186,187,188,189,190,191,192,193,194,195,196,197,198,199];False
6999;8535;15534;[10,141,11,3,26,43,18,30,25,9,4,1,75,32,14,15,124,46,174,19,61,41,22,98,24,69,5,27,99,56,63,31,29,33,17,8,36,95,38,39,40,12,42,7,44,45,86,47,48,21,92,51,53,13,54,55,6,57,60,59,2,0,62,158,64,96,121,117,68,20,70,71,72,65,74,84,67,77,76,28,80,81,114,83,52,85,66,87,88,89,73,91,35,93,94,37,23,97,58,79,100,101,16,103,104,105,106,107,108,102,110,111,112,113,109,115,116,34,118,119,120,49,122,123,90,125,126,78,128,129,130,131,132,133,134,135,136,137,138,139,140,50,142,143,144,145,146,147,148,149,150,151,152,153,154,155,156,157,82,159,160,161,162,163,164,165,166,167,168,169,170,171,172,173,127,175,176,177,178,179,180,181,182,183,184,185,186,187,188,189,190,191,192,193,194,195,196,197,198,199];False
6884;8577;15461;[77,141,11,3,26,43,18,30,25,9,4,1,75,32,14,15,124,46,174,19,61,41,22,98,24,69,5,27,99,56,63,31,29,33,17,8,36,95,38,39,40,12,42,7,44,45,86,47,48,21,92,51,53,13,54,55,6,57,60,59,2,0,62,158,64,10,121,117,68,20,70,71,72,65,74,84,67,96,76,28,80,81,114,83,52,85,66,87,88,89,73,91,35,93,94,37,23,97,58,79,100,101,16,103,104,105,106,107,108,102,110,111,112,113,109,115,116,34,118,119,120,49,122,123,90,125,126,78,128,129,130,131,132,133,134,135,136,137,138,139,140,50,142,143,144,145,146,147,148,149,150,151,152,153,154,155,156,157,82,159,160,161,162,163,164,165,166,167,168,169,170,171,172,173,127,175,176,177,178,179,180,181,182,183,184,185,186,187,188,189,190,191,192,193,194,195,196,197,198,199];False
6969;8566;15535;[76,141,11,3,26,43,18,30,25,9,4,1,75,32,14,15,124,46,174,19,61,41,22,98,24,69,5,27,99,56,63,31,29,33,17,8,36,95,38,39,40,12,42,7,44,45,86,47,48,21,92,51,53,13,54,55,6,57,60,59,2,0,62,158,64,10,121,117,68,20,70,71,72,65,74,84,67,77,96,28,80,81,114,83,52,85,66,87,88,89,73,91,35,93,94,37,23,97,58,79,100,101,16,103,104,105,106,107,108,102,110,111,112,113,109,115,116,34,118,119,120,49,122,123,90,125,126,78,128,129,130,131,132,133,134,135,136,137,138,139,140,50,142,143,144,145,146,147,148,149,150,151,152,153,154,155,156,157,82,159,160,161,162,163,164,165,166,167,168,169,170,171,172,173,127,175,176,177,178,179,180,181,182,183,184,185,186,187,188,189,190,191,192,193,194,195,196,197,198,199];False
6920;8546;15466;[16,141,11,3,26,43,18,30,25,9,4,1,75,32,14,15,124,46,174,19,61,41,22,98,24,69,5,27,99,56,63,31,29,33,17,8,36,95,38,39,40,12,42,7,44,45,86,47,48,21,92,51,53,13,54,55,6,57,60,59,2,0,62,158,64,10,121,117,68,20,70,71,72,65,74,84,67,77,76,28,80,81,114,83,52,85,66,87,88,89,73,91,35,93,94,37,23,97,58,79,100,101,96,103,104,105,106,107,108,102,110,111,112,113,109,115,116,34,118,119,120,49,122,123,90,125,126,78,128,129,130,131,132,133,134,135,136,137,138,139,140,50,142,143,144,145,146,147,148,149,150,151,152,153,154,155,156,157,82,159,160,161,162,163,164,165,166,167,168,169,170,171,172,173,127,175,176,177,178,179,180,181,182,183,184,185,186,187,188,189,190,191,192,193,194,195,196,197,198,199];False
7043;8528;15571;[42,141,11,3,26,43,18,30,25,9,4,1,75,32,14,15,124,46,174,19,61,41,22,98,24,69,5,27,99,56,63,31,29,33,17,8,36,95,38,39,40,12,100,7,44,45,86,47,48,21,92,51,53,13,54,55,6,57,60,59,2,0,62,96,64,10,121,117,68,20,70,71,72,65,74,84,67,77,76,28,80,81,114,83,52,85,66,87,88,89,73,91,35,93,94,37,23,97,58,79,158,101,16,103,104,105,106,107,108,102,110,111,112,113,109,115,116,34,118,119,120,49,122,123,90,125,126,78,128,129,130,131,132,133,134,135,136,137,138,139,140,50,142,143,144,145,146,147,148,149,150,151,152,153,154,155,156,157,82,159,160,161,162,163,164,165,166,167,168,169,170,171,172,173,127,175,176,177,178,179,180,181,182,183,184,185,186,187,188,189,190,191,192,193,194,195,196,197,198,199];False
6930;8544;15474;[81,141,11,3,26,43,18,30,25,9,4,1,75,32,14,15,124,46,174,19,61,41,22,98,24,69,5,27,99,56,63,31,29,33,17,8,36,95,38,39,40,12,42,7,44,45,86,47,48,21,92,51,53,13,54,55,6,57,60,59,2,0,62,96,64,10,121,117,68,20,70,71,72,65,74,84,67,77,76,28,80,100,114,83,52,85,66,87,88,89,73,91,35,93,94,37,23,97,58,79,158,101,16,103,104,105,106,107,108,102,110,111,112,113,109,115,116,34,118,119,120,49,122,123,90,125,126,78,128,129,130,131,132,133,134,135,136,137,138,139,140,50,142,143,144,145,146,147,148,149,150,151,152,153,154,155,156,157,82,159,160,161,162,163,164,165,166,167,168,169,170,171,172,173,127,175,176,177,178,179,180,181,182,183,184,185,186,187,188,189,190,191,192,193,194,195,196,197,198,199];False
6955;8537;15492;[16,141,11,3,26,43,18,30,25,9,4,1,75,32,14,15,124,46,174,19,61,41,22,98,24,69,5,27,99,56,63,31,29,33,17,8,36,95,38,39,40,12,42,7,44,45,86,47,48,21,92,51,53,13,54,55,6,57,60,59,2,0,62,96,64,10,121,117,68,20,70,71,72,65,74,84,67,77,76,28,80,81,114,83,52,85,66,87,88,89,73,91,35,93,94,37,23,97,58,79,158,101,100,103,104,105,106,107,108,102,110,111,112,113,109,115,116,34,118,119,120,49,122,123,90,125,126,78,128,129,130,131,132,133,134,135,136,137,138,139,140,50,142,143,144,145,146,147,148,149,150,151,152,153,154,155,156,157,82,159,160,161,162,163,164,165,166,167,168,169,170,171,172,173,127,175,176,177,178,179,180,181,182,183,184,185,186,187,188,189,190,191,192,193,194,195,196,197,198,199];False
7058;8524;15582;[118,141,11,3,26,43,18,30,25,9,4,1,75,32,14,15,124,46,174,19,61,41,22,98,24,69,5,27,99,56,63,31,29,33,17,8,36,95,38,39,40,12,42,7,44,45,86,47,48,21,92,51,53,13,54,55,6,57,60,59,2,0,62,96,64,10,121,117,68,20,70,71,72,65,74,84,67,77,76,28,80,81,114,83,52,85,66,87,88,89,73,91,35,93,94,37,23,97,58,79,158,101,16,103,104,105,106,107,108,102,110,111,112,113,109,115,116,34,100,119,120,49,122,123,90,125,126,78,128,129,130,131,132,133,134,135,136,137,138,139,140,50,142,143,144,145,146,147,148,149,150,151,152,153,154,155,156,157,82,159,160,161,162,163,164,165,166,167,168,169,170,171,172,173,127,175,176,177,178,179,180,181,182,183,184,185,186,187,188,189,190,191,192,193,194,195,196,197,198,199];False
7047;8518;15565;[131,141,11,3,26,43,18,30,25,9,4,1,75,32,14,15,124,46,174,19,61,41,22,98,24,69,5,27,99,56,63,31,29,33,17,8,36,95,38,39,40,12,42,7,44,45,86,47,48,21,92,51,53,13,54,55,6,57,60,59,2,0,62,96,64,10,121,117,68,20,70,71,72,65,74,84,67,77,76,28,80,81,114,83,52,85,66,87,88,89,73,91,35,93,94,37,23,97,58,79,158,101,16,103,104,105,106,107,108,102,110,111,112,113,109,115,116,34,118,119,120,49,122,123,90,125,126,78,128,129,130,100,132,133,134,135,136,137,138,139,140,50,142,143,144,145,146,147,148,149,150,151,152,153,154,155,156,157,82,159,160,161,162,163,164,165,166,167,168,169,170,171,172,173,127,175,176,177,178,179,180,181,182,183,184,185,186,187,188,189,190,191,192,193,194,195,196,197,198,199];False
6780;8628;15408;[88,141,11,3,26,43,18,30,25,9,4,1,12,32,14,15,124,46,174,19,61,41,22,98,24,69,5,27,99,56,63,31,29,33,17,8,36,95,38,39,40,158,42,7,44,45,86,47,48,21,92,51,53,13,54,55,6,57,60,59,2,0,62,96,64,10,121,117,68,20,70,71,72,65,74,75,67,77,76,28,80,81,114,83,52,85,66,87,142,89,73,91,35,93,94,37,23,97,58,79,100,101,115,16,104,105,106,107,108,102,110,111,112,113,109,84,116,34,118,119,120,49,122,123,90,125,126,78,128,129,130,131,132,133,134,135,136,137,138,139,140,50,103,143,144,145,146,147,148,149,150,151,152,153,154,155,156,157,82,159,160,161,162,163,164,165,166,167,168,169,170,171,172,173,127,175,176,177,178,179,180,181,182,183,184,185,186,187,188,189,190,191,192,193,194,195,196,197,198,199];False
6786;8617;15403;[16,141,11,3,26,43,18,30,25,9,4,1,12,32,14,15,124,46,174,19,61,41,22,98,24,69,5,27,99,56,63,31,29,33,17,8,36,95,38,39,40,158,42,7,44,45,86,47,48,21,92,51,53,13,54,55,6,57,60,59,2,0,62,96,64,10,121,117,68,20,70,71,72,65,74,75,67,77,76,28,80,81,114,83,52,85,66,87,88,89,73,91,35,93,94,37,23,97,58,79,100,101,115,142,104,105,106,107,108,102,110,111,112,113,109,84,116,34,118,119,120,49,122,123,90,125,126,78,128,129,130,131,132,133,134,135,136,137,138,139,140,50,103,143,144,145,146,147,148,149,150,151,152,153,154,155,156,157,82,159,160,161,162,163,164,165,166,167,168,169,170,171,172,173,127,175,176,177,178,179,180,181,182,183,184,185,186,187,188,189,190,191,192,193,194,195,196,197,198,199];False
6756;8616;15372;[141,151,11,3,26,43,18,30,25,9,4,1,12,32,14,15,124,46,174,19,61,41,22,98,24,69,5,27,99,56,63,31,29,33,17,8,36,95,38,39,40,158,42,7,44,45,86,47,48,21,92,51,53,13,54,55,6,57,60,59,2,0,62,96,64,10,121,117,68,20,70,71,72,65,74,75,67,77,76,28,80,81,114,83,52,85,66,87,88,89,73,91,35,93,94,37,23,97,58,79,100,101,115,16,104,105,106,107,108,102,110,111,112,113,109,84,116,34,118,119,120,49,122,123,90,125,126,78,128,129,130,131,132,133,134,135,136,137,138,139,140,50,142,143,144,145,146,147,148,149,150,103,152,153,154,155,156,157,82,159,160,161,162,163,164,165,166,167,168,169,170,171,172,173,127,175,176,177,178,179,180,181,182,183,184,185,186,187,188,189,190,191,192,193,194,195,196,197,198,199];False
6875;8587;15462;[18,141,11,3,26,43,151,30,25,9,4,1,12,32,14,15,124,46,174,19,61,41,22,98,24,69,5,27,99,56,63,31,29,33,17,8,36,95,38,39,40,158,42,7,44,45,86,47,48,21,92,51,53,13,54,55,6,57,60,59,2,0,62,96,64,10,121,117,68,20,70,71,72,65,74,75,67,77,76,28,80,81,114,83,52,85,66,87,88,89,73,91,35,93,94,37,23,97,58,79,100,101,115,16,104,105,106,107,108,102,110,111,112,113,109,84,116,34,118,119,120,49,122,123,90,125,126,78,128,129,130,131,132,133,134,135,136,137,138,139,140,50,142,143,144,145,146,147,148,149,150,103,152,153,154,155,156,157,82,159,160,161,162,163,164,165,166,167,168,169,170,171,172,173,127,175,176,177,178,179,180,181,182,183,184,185,186,187,188,189,190,191,192,193,194,195,196,197,198,199];False
6745;8627;15372;[14,141,11,3,26,43,18,30,25,9,4,1,12,32,151,15,124,46,174,19,61,41,22,98,24,69,5,27,99,56,63,31,29,33,17,8,36,95,38,39,40,158,42,7,44,45,86,47,48,21,92,51,53,13,54,55,6,57,60,59,2,0,62,96,64,10,121,117,68,20,70,71,72,65,74,75,67,77,76,28,80,81,114,83,52,85,66,87,88,89,73,91,35,93,94,37,23,97,58,79,100,101,115,16,104,105,106,107,108,102,110,111,112,113,109,84,116,34,118,119,120,49,122,123,90,125,126,78,128,129,130,131,132,133,134,135,136,137,138,139,140,50,142,143,144,145,146,147,148,149,150,103,152,153,154,155,156,157,82,159,160,161,162,163,164,165,166,167,168,169,170,171,172,173,127,175,176,177,178,179,180,181,182,183,184,185,186,187,188,189,190,191,192,193,194,195,196,197,198,199];False
6848;8588;15436;[22,141,11,3,26,43,18,30,25,9,4,1,12,32,14,15,124,46,174,19,61,41,151,98,24,69,5,27,99,56,63,31,29,33,17,8,36,95,38,39,40,158,42,7,44,45,86,47,48,21,92,51,53,13,54,55,6,57,60,59,2,0,62,96,64,10,121,117,68,20,70,71,72,65,74,75,67,77,76,28,80,81,114,83,52,85,66,87,88,89,73,91,35,93,94,37,23,97,58,79,100,101,115,16,104,105,106,107,108,102,110,111,112,113,109,84,116,34,118,119,120,49,122,123,90,125,126,78,128,129,130,131,132,133,134,135,136,137,138,139,140,50,142,143,144,145,146,147,148,149,150,103,152,153,154,155,156,157,82,159,160,161,162,163,164,165,166,167,168,169,170,171,172,173,127,175,176,177,178,179,180,181,182,183,184,185,186,187,188,189,190,191,192,193,194,195,196,197,198,199];False
6690;8652;15342;[99,141,11,3,26,43,18,30,25,9,4,1,12,32,14,15,124,46,174,19,61,41,22,98,24,69,5,27,151,56,63,31,29,33,17,8,36,95,38,39,40,158,42,7,44,45,86,47,48,21,92,51,53,13,54,55,6,57,60,59,2,0,62,96,64,10,121,117,68,20,70,71,72,65,74,75,67,77,76,28,80,81,114,83,52,85,66,87,88,89,73,91,35,93,94,37,23,97,58,79,100,101,115,16,104,105,106,107,108,102,110,111,112,113,109,84,116,34,118,119,120,49,122,123,90,125,126,78,128,129,130,131,132,133,134,135,136,137,138,139,140,50,142,143,144,145,146,147,148,149,150,103,152,153,154,155,156,157,82,159,160,161,162,163,164,165,166,167,168,169,170,171,172,173,127,175,176,177,178,179,180,181,182,183,184,185,186,187,188,189,190,191,192,193,194,195,196,197,198,199];False
6789;8604;15393;[40,141,11,3,26,43,18,30,25,9,4,1,12,32,14,15,124,46,174,19,61,41,22,98,24,69,5,27,99,56,63,31,29,33,17,8,36,95,38,39,151,158,42,7,44,45,86,47,48,21,92,51,53,13,54,55,6,57,60,59,2,0,62,96,64,10,121,117,68,20,70,71,72,65,74,75,67,77,76,28,80,81,114,83,52,85,66,87,88,89,73,91,35,93,94,37,23,97,58,79,100,101,115,16,104,105,106,107,108,102,110,111,112,113,109,84,116,34,118,119,120,49,122,123,90,125,126,78,128,129,130,131,132,133,134,135,136,137,138,139,140,50,142,143,144,145,146,147,148,149,150,103,152,153,154,155,156,157,82,159,160,161,162,163,164,165,166,167,168,169,170,171,172,173,127,175,176,177,178,179,180,181,182,183,184,185,186,187,188,189,190,191,192,193,194,195,196,197,198,199];False
6759;8596;15355;[42,141,11,3,26,43,18,30,25,9,4,1,12,32,14,15,124,46,174,19,61,41,22,98,24,69,5,27,99,56,63,31,29,33,17,8,36,95,38,39,40,158,151,7,44,45,86,47,48,21,92,51,53,13,54,55,6,57,60,59,2,0,62,96,64,10,121,117,68,20,70,71,72,65,74,75,67,77,76,28,80,81,114,83,52,85,66,87,88,89,73,91,35,93,94,37,23,97,58,79,100,101,115,16,104,105,106,107,108,102,110,111,112,113,109,84,116,34,118,119,120,49,122,123,90,125,126,78,128,129,130,131,132,133,134,135,136,137,138,139,140,50,142,143,144,145,146,147,148,149,150,103,152,153,154,155,156,157,82,159,160,161,162,163,164,165,166,167,168,169,170,171,172,173,127,175,176,177,178,179,180,181,182,183,184,185,186,187,188,189,190,191,192,193,194,195,196,197,198,199];False
6745;8619;15364;[59,141,11,3,26,43,18,30,25,9,4,1,12,32,14,15,124,46,174,19,61,41,22,98,24,69,5,27,99,56,63,31,29,33,17,8,36,95,38,39,40,158,42,7,44,45,86,47,48,21,92,51,53,13,54,55,6,57,60,151,2,0,62,96,64,10,121,117,68,20,70,71,72,65,74,75,67,77,76,28,80,81,114,83,52,85,66,87,88,89,73,91,35,93,94,37,23,97,58,79,100,101,115,16,104,105,106,107,108,102,110,111,112,113,109,84,116,34,118,119,120,49,122,123,90,125,126,78,128,129,130,131,132,133,134,135,136,137,138,139,140,50,142,143,144,145,146,147,148,149,150,103,152,153,154,155,156,157,82,159,160,161,162,163,164,165,166,167,168,169,170,171,172,173,127,175,176,177,178,179,180,181,182,183,184,185,186,187,188,189,190,191,192,193,194,195,196,197,198,199];False
6734;8606;15340;[62,141,11,3,26,43,18,30,25,9,4,1,12,32,14,15,124,46,174,19,61,41,22,98,24,69,5,27,99,56,63,31,29,33,17,8,36,95,38,39,40,158,42,7,44,45,86,47,48,21,92,51,53,13,54,55,6,57,60,59,2,0,151,96,64,10,121,117,68,20,70,71,72,65,74,75,67,77,76,28,80,81,114,83,52,85,66,87,88,89,73,91,35,93,94,37,23,97,58,79,100,101,115,16,104,105,106,107,108,102,110,111,112,113,109,84,116,34,118,119,120,49,122,123,90,125,126,78,128,129,130,131,132,133,134,135,136,137,138,139,140,50,142,143,144,145,146,147,148,149,150,103,152,153,154,155,156,157,82,159,160,161,162,163,164,165,166,167,168,169,170,171,172,173,127,175,176,177,178,179,180,181,182,183,184,185,186,187,188,189,190,191,192,193,194,195,196,197,198,199];False
6778;8591;15369;[10,141,11,3,26,43,18,30,25,9,4,1,12,32,14,15,124,46,174,19,61,41,22,98,24,69,5,27,99,56,63,31,29,33,17,8,36,95,38,39,40,158,42,7,44,45,86,47,48,21,92,51,53,13,54,55,6,57,60,59,2,0,62,96,64,151,121,117,68,20,70,71,72,65,74,75,67,77,76,28,80,81,114,83,52,85,66,87,88,89,73,91,35,93,94,37,23,97,58,79,100,101,115,16,104,105,106,107,108,102,110,111,112,113,109,84,116,34,118,119,120,49,122,123,90,125,126,78,128,129,130,131,132,133,134,135,136,137,138,139,140,50,142,143,144,145,146,147,148,149,150,103,152,153,154,155,156,157,82,159,160,161,162,163,164,165,166,167,168,169,170,171,172,173,127,175,176,177,178,179,180,181,182,183,184,185,186,187,188,189,190,191,192,193,194,195,196,197,198,199];False
6138;8943;15081;[14,141,11,3,26,96,18,30,25,94,75,1,12,32,128,15,124,9,16,103,61,41,22,23,24,69,5,27,28,56,63,31,29,33,17,35,36,52,60,39,40,49,42,7,44,45,86,47,48,21,50,51,53,13,54,55,6,57,58,59,2,0,77,46,64,10,66,117,68,20,70,71,72,65,8,84,67,81,80,79,38,73,82,83,76,85,122,87,88,89,4,91,109,93,62,95,115,97,98,114,99,101,102,37,104,105,43,107,108,151,110,111,112,113,19,121,116,34,118,119,120,106,74,123,90,125,126,127,100,129,130,131,132,133,134,135,136,137,138,139,140,92,142,143,144,145,146,147,148,149,150,78,152,153,154,155,156,157,158,159,160,161,162,163,164,165,166,167,168,169,170,171,172,173,174,175,176,177,178,179,180,181,182,183,184,185,186,187,188,189,190,191,192,193,194,195,196,197,198,199];False
6095;8962;15057;[103,141,11,3,26,96,18,30,25,94,75,1,12,32,14,15,124,9,16,128,61,41,22,23,24,69,5,27,28,56,63,31,29,33,17,35,36,52,60,39,40,49,42,7,44,45,86,47,48,21,50,51,53,13,54,55,6,57,58,59,2,0,77,46,64,10,66,117,68,20,70,71,72,65,8,84,67,81,80,79,38,73,82,83,76,85,122,87,88,89,4,91,109,93,62,95,115,97,98,114,99,101,102,37,104,105,43,107,108,151,110,111,112,113,19,121,116,34,118,119,120,106,74,123,90,125,126,127,100,129,130,131,132,133,134,135,136,137,138,139,140,92,142,143,144,145,146,147,148,149,150,78,152,153,154,155,156,157,158,159,160,161,162,163,164,165,166,167,168,169,170,171,172,173,174,175,176,177,178,179,180,181,182,183,184,185,186,187,188,189,190,191,192,193,194,195,196,197,198,199];False
6156;8926;15082;[59,141,11,3,26,96,18,30,25,94,75,1,12,32,14,15,124,9,16,103,61,41,22,23,24,69,5,27,28,56,63,31,29,33,17,35,36,52,60,39,40,49,42,7,44,45,86,47,48,21,50,51,53,13,54,55,6,57,58,128,2,0,77,46,64,10,66,117,68,20,70,71,72,65,8,84,67,81,80,79,38,73,82,83,76,85,122,87,88,89,4,91,109,93,62,95,115,97,98,114,99,101,102,37,104,105,43,107,108,151,110,111,112,113,19,121,116,34,118,119,120,106,74,123,90,125,126,127,100,129,130,131,132,133,134,135,136,137,138,139,140,92,142,143,144,145,146,147,148,149,150,78,152,153,154,155,156,157,158,159,160,161,162,163,164,165,166,167,168,169,170,171,172,173,174,175,176,177,178,179,180,181,182,183,184,185,186,187,188,189,190,191,192,193,194,195,196,197,198,199];False
6122;8954;15076;[72,141,11,3,26,96,18,30,25,94,75,1,12,32,14,15,124,9,16,103,61,41,22,23,24,69,5,27,28,56,63,31,29,33,17,35,36,52,60,39,40,49,42,7,44,45,86,47,48,21,50,51,53,13,54,55,6,57,58,59,2,0,77,46,64,10,66,117,68,20,70,71,128,65,8,84,67,81,80,79,38,73,82,83,76,85,122,87,88,89,4,91,109,93,62,95,115,97,98,114,99,101,102,37,104,105,43,107,108,151,110,111,112,113,19,121,116,34,118,119,120,106,74,123,90,125,126,127,100,129,130,131,132,133,134,135,136,137,138,139,140,92,142,143,144,145,146,147,148,149,150,78,152,153,154,155,156,157,158,159,160,161,162,163,164,165,166,167,168,169,170,171,172,173,174,175,176,177,178,179,180,181,182,183,184,185,186,187,188,189,190,191,192,193,194,195,196,197,198,199];False
6140;8914;15054;[76,141,11,3,26,96,18,30,25,94,75,1,12,32,14,15,124,9,16,103,61,41,22,23,24,69,5,27,28,56,63,31,29,33,17,35,36,52,60,39,40,49,42,7,44,45,86,47,48,21,50,51,53,13,54,55,6,57,58,59,2,0,77,46,64,10,66,117,68,20,70,71,72,65,8,84,67,81,80,79,38,73,82,83,128,85,122,87,88,89,4,91,109,93,62,95,115,97,98,114,99,101,102,37,104,105,43,107,108,151,110,111,112,113,19,121,116,34,118,119,120,106,74,123,90,125,126,127,100,129,130,131,132,133,134,135,136,137,138,139,140,92,142,143,144,145,146,147,148,149,150,78,152,153,154,155,156,157,158,159,160,161,162,163,164,165,166,167,168,169,170,171,172,173,174,175,176,177,178,179,180,181,182,183,184,185,186,187,188,189,190,191,192,193,194,195,196,197,198,199];False
6187;8888;15075;[103,141,11,3,26,96,18,30,25,94,75,1,12,32,14,15,124,9,172,16,61,41,22,23,24,69,5,27,28,56,63,31,29,33,17,35,36,52,60,39,40,49,42,7,44,45,86,47,48,21,50,51,53,13,54,55,6,57,58,59,2,0,77,46,64,10,66,117,68,20,70,71,72,65,8,84,67,81,80,79,38,73,82,83,76,85,122,87,88,89,4,91,109,93,62,95,115,97,98,114,100,101,102,37,104,105,43,107,108,151,110,111,112,113,19,121,116,34,118,119,120,106,74,123,90,125,126,127,128,129,130,131,132,133,134,135,136,137,138,139,140,92,142,143,144,145,146,147,148,149,150,78,152,153,154,155,156,157,158,159,160,161,162,163,164,165,166,167,168,169,170,171,99,173,174,175,176,177,178,179,180,181,182,183,184,185,186,187,188,189,190,191,192,193,194,195,196,197,198,199];False
6162;8874;15036;[28,141,11,3,26,96,18,30,25,94,75,1,12,32,14,15,124,9,172,103,61,41,22,23,24,69,5,27,16,56,63,31,29,33,17,35,36,52,60,39,40,49,42,7,44,45,86,47,48,21,50,51,53,13,54,55,6,57,58,59,2,0,77,46,64,10,66,117,68,20,70,71,72,65,8,84,67,81,80,79,38,73,82,83,76,85,122,87,88,89,4,91,109,93,62,95,115,97,98,114,100,101,102,37,104,105,43,107,108,151,110,111,112,113,19,121,116,34,118,119,120,106,74,123,90,125,126,127,128,129,130,131,132,133,134,135,136,137,138,139,140,92,142,143,144,145,146,147,148,149,150,78,152,153,154,155,156,157,158,159,160,161,162,163,164,165,166,167,168,169,170,171,99,173,174,175,176,177,178,179,180,181,182,183,184,185,186,187,188,189,190,191,192,193,194,195,196,197,198,199];False
6234;8854;15088;[53,141,11,3,26,96,18,30,25,94,75,1,12,32,14,15,124,9,172,103,61,41,22,23,24,69,5,27,28,56,63,31,29,33,17,35,36,52,60,39,40,49,42,7,44,45,86,47,48,21,50,51,16,13,54,55,6,57,58,59,2,0,77,46,64,10,66,117,68,20,70,71,72,65,8,84,67,81,80,79,38,73,82,83,76,85,122,87,88,89,4,91,109,93,62,95,115,97,98,114,100,101,102,37,104,105,43,107,108,151,110,111,112,113,19,121,116,34,118,119,120,106,74,123,90,125,126,127,128,129,130,131,132,133,134,135,136,137,138,139,140,92,142,143,144,145,146,147,148,149,150,78,152,153,154,155,156,157,158,159,160,161,162,163,164,165,166,167,168,169,170,171,99,173,174,175,176,177,178,179,180,181,182,183,184,185,186,187,188,189,190,191,192,193,194,195,196,197,198,199];False
6280;8839;15119;[8,141,11,3,26,96,18,30,25,94,75,1,12,32,14,15,124,9,172,103,61,41,22,23,24,69,5,27,28,56,63,31,29,33,17,35,36,52,60,39,40,49,42,7,44,45,86,47,48,21,50,51,53,13,54,55,6,57,58,59,2,0,77,46,64,10,66,117,68,20,70,71,72,65,16,84,67,81,80,79,38,73,82,83,76,85,122,87,88,89,4,91,109,93,62,95,115,97,98,114,100,101,102,37,104,105,43,107,108,151,110,111,112,113,19,121,116,34,118,119,120,106,74,123,90,125,126,127,128,129,130,131,132,133,134,135,136,137,138,139,140,92,142,143,144,145,146,147,148,149,150,78,152,153,154,155,156,157,158,159,160,161,162,163,164,165,166,167,168,169,170,171,99,173,174,175,176,177,178,179,180,181,182,183,184,185,186,187,188,189,190,191,192,193,194,195,196,197,198,199];False
6176;8870;15046;[101,141,11,3,26,96,18,30,25,94,75,1,12,32,14,15,124,9,172,103,61,41,22,23,24,69,5,27,28,56,63,31,29,33,17,35,36,52,60,39,40,49,42,7,44,45,86,47,48,21,50,51,53,13,54,55,6,57,58,59,2,0,77,46,64,10,66,117,68,20,70,71,72,65,8,84,67,81,80,79,38,73,82,83,76,85,122,87,88,89,4,91,109,93,62,95,115,97,98,114,100,16,102,37,104,105,43,107,108,151,110,111,112,113,19,121,116,34,118,119,120,106,74,123,90,125,126,127,128,129,130,131,132,133,134,135,136,137,138,139,140,92,142,143,144,145,146,147,148,149,150,78,152,153,154,155,156,157,158,159,160,161,162,163,164,165,166,167,168,169,170,171,99,173,174,175,176,177,178,179,180,181,182,183,184,185,186,187,188,189,190,191,192,193,194,195,196,197,198,199];False
6242;8845;15087;[102,141,11,3,26,96,18,30,25,94,75,1,12,32,14,15,124,9,172,103,61,41,22,23,24,69,5,27,28,56,63,31,29,33,17,35,36,52,60,39,40,49,42,7,44,45,86,47,48,21,50,51,53,13,54,55,6,57,58,59,2,0,77,46,64,10,66,117,68,20,70,71,72,65,8,84,67,81,80,79,38,73,82,83,76,85,122,87,88,89,4,91,109,93,62,95,115,97,98,114,100,101,16,37,104,105,43,107,108,151,110,111,112,113,19,121,116,34,118,119,120,106,74,123,90,125,126,127,128,129,130,131,132,133,134,135,136,137,138,139,140,92,142,143,144,145,146,147,148,149,150,78,152,153,154,155,156,157,158,159,160,161,162,163,164,165,166,167,168,169,170,171,99,173,174,175,176,177,178,179,180,181,182,183,184,185,186,187,188,189,190,191,192,193,194,195,196,197,198,199];False
6169;8857;15026;[34,141,11,3,26,96,18,30,25,94,75,1,12,32,14,15,124,9,172,103,61,41,22,23,24,69,5,27,28,56,63,31,29,33,17,35,36,52,60,39,40,49,42,7,44,45,86,47,48,21,50,51,53,13,54,55,6,57,58,59,2,0,77,46,64,10,66,117,68,20,70,71,72,65,8,84,67,81,80,79,38,73,82,83,76,85,122,87,88,89,4,91,109,93,62,95,115,97,98,114,100,101,102,37,104,105,43,107,108,151,110,111,112,113,19,121,116,16,118,119,120,106,74,123,90,125,126,127,128,129,130,131,132,133,134,135,136,137,138,139,140,92,142,143,144,145,146,147,148,149,150,78,152,153,154,155,156,157,158,159,160,161,162,163,164,165,166,167,168,169,170,171,99,173,174,175,176,177,178,179,180,181,182,183,184,185,186,187,188,189,190,191,192,193,194,195,196,197,198,199];False
6279;8840;15119;[76,141,11,3,26,96,18,30,25,94,75,1,12,32,14,15,124,9,16,103,61,41,22,23,24,69,5,27,28,56,63,31,29,33,17,35,36,172,60,39,40,49,42,7,44,45,86,47,48,21,50,51,53,13,54,55,6,57,58,59,2,0,77,46,64,10,66,117,68,20,70,71,72,65,8,84,67,81,80,79,38,73,82,83,52,85,122,87,88,89,4,91,109,93,62,95,115,97,98,114,100,101,102,37,104,105,43,107,108,151,110,111,112,113,19,121,116,34,118,119,120,106,74,123,90,125,126,127,128,129,130,131,132,133,134,135,136,137,138,139,140,92,142,143,144,145,146,147,148,149,150,78,152,153,154,155,156,157,158,159,160,161,162,163,164,165,166,167,168,169,170,171,99,173,174,175,176,177,178,179,180,181,182,183,184,185,186,187,188,189,190,191,192,193,194,195,196,197,198,199];False
6298;8816;15114;[102,141,11,3,26,96,18,30,25,94,75,1,12,32,14,15,124,9,16,103,61,41,22,23,24,69,5,27,28,56,63,31,29,33,17,35,36,172,60,39,40,49,42,7,44,45,86,47,48,21,50,51,53,13,54,55,6,57,58,59,2,0,77,46,64,10,66,117,68,20,70,71,72,65,8,84,67,81,80,79,38,73,82,83,76,85,122,87,88,89,4,91,109,93,62,95,115,97,98,114,100,101,52,37,104,105,43,107,108,151,110,111,112,113,19,121,116,34,118,119,120,106,74,123,90,125,126,127,128,129,130,131,132,133,134,135,136,137,138,139,140,92,142,143,144,145,146,147,148,149,150,78,152,153,154,155,156,157,158,159,160,161,162,163,164,165,166,167,168,169,170,171,99,173,174,175,176,177,178,179,180,181,182,183,184,185,186,187,188,189,190,191,192,193,194,195,196,197,198,199];False
6274;8831;15105;[37,141,11,3,26,96,18,30,25,94,75,1,12,32,14,15,124,9,16,103,61,41,22,23,24,69,5,27,28,56,63,31,29,33,17,35,36,172,60,39,40,49,42,7,44,45,86,47,48,21,50,51,53,13,54,55,6,57,58,59,2,0,77,46,64,10,66,117,68,20,70,71,72,65,8,84,67,81,80,79,38,73,82,83,76,85,122,87,88,89,4,91,109,93,62,95,115,97,98,114,100,101,102,52,104,105,43,107,108,151,110,111,112,113,19,121,116,34,118,119,120,106,74,123,90,125,126,127,128,129,130,131,132,133,134,135,136,137,138,139,140,92,142,143,144,145,146,147,148,149,150,78,152,153,154,155,156,157,158,159,160,161,162,163,164,165,166,167,168,169,170,171,99,173,174,175,176,177,178,179,180,181,182,183,184,185,186,187,188,189,190,191,192,193,194,195,196,197,198,199];False
6267;8839;15106;[125,141,11,3,26,96,18,30,25,94,75,1,12,32,14,15,124,9,16,103,61,41,22,23,24,69,5,27,28,56,63,31,29,33,17,35,36,172,60,39,40,49,42,7,44,45,86,47,48,21,50,51,53,13,54,55,6,57,58,59,2,0,77,46,64,10,66,117,68,20,70,71,72,65,8,84,67,81,80,79,38,73,82,83,76,85,122,87,88,89,4,91,109,93,62,95,115,97,98,114,100,101,102,37,104,105,43,107,108,151,110,111,112,113,19,121,116,34,118,119,120,106,74,123,90,52,126,127,128,129,130,131,132,133,134,135,136,137,138,139,140,92,142,143,144,145,146,147,148,149,150,78,152,153,154,155,156,157,158,159,160,161,162,163,164,165,166,167,168,169,170,171,99,173,174,175,176,177,178,179,180,181,182,183,184,185,186,187,188,189,190,191,192,193,194,195,196,197,198,199];False
6255;8838;15093;[143,141,11,3,26,96,18,30,25,94,75,1,12,32,14,15,124,9,16,103,61,41,22,23,24,69,5,27,28,56,63,31,29,33,17,35,36,172,60,39,40,49,42,7,44,45,86,47,48,21,50,51,53,13,54,55,6,57,58,59,2,0,77,46,64,10,66,117,68,20,70,71,72,65,8,84,67,81,80,79,38,73,82,83,76,85,122,87,88,89,4,91,109,93,62,95,115,97,98,114,100,101,102,37,104,105,43,107,108,151,110,111,112,113,19,121,116,34,118,119,120,106,74,123,90,125,126,127,128,129,130,131,132,133,134,135,136,137,138,139,140,92,142,52,144,145,146,147,148,149,150,78,152,153,154,155,156,157,158,159,160,161,162,163,164,165,166,167,168,169,170,171,99,173,174,175,176,177,178,179,180,181,182,183,184,185,186,187,188,189,190,191,192,193,194,195,196,197,198,199];False
6131;8902;15033;[96,141,11,3,26,64,18,30,25,94,75,1,12,32,14,15,124,9,108,19,61,41,22,23,24,69,5,27,28,56,63,31,29,33,17,35,36,52,60,39,40,49,42,7,44,45,86,47,48,21,50,51,53,13,54,55,6,57,58,59,2,0,77,46,185,10,66,117,68,20,70,71,72,65,8,84,67,81,80,79,38,73,82,83,76,85,122,87,88,89,4,91,109,93,62,95,115,97,98,99,100,101,102,37,104,105,43,107,103,151,110,111,112,113,114,121,116,16,118,119,120,106,74,123,90,125,126,127,128,129,130,131,132,133,134,135,136,137,138,139,140,92,142,143,144,145,146,147,148,149,150,78,152,153,154,155,156,157,158,159,160,161,162,163,164,165,166,167,168,169,170,171,172,173,174,175,176,177,178,179,180,181,182,183,184,34,186,187,188,189,190,191,192,193,194,195,196,197,198,199];False
6129;8930;15059;[61,141,11,3,26,96,18,30,25,94,75,1,12,32,14,15,124,9,108,19,64,41,22,23,24,69,5,27,28,56,63,31,29,33,17,35,36,52,60,39,40,49,42,7,44,45,86,47,48,21,50,51,53,13,54,55,6,57,58,59,2,0,77,46,185,10,66,117,68,20,70,71,72,65,8,84,67,81,80,79,38,73,82,83,76,85,122,87,88,89,4,91,109,93,62,95,115,97,98,99,100,101,102,37,104,105,43,107,103,151,110,111,112,113,114,121,116,16,118,119,120,106,74,123,90,125,126,127,128,129,130,131,132,133,134,135,136,137,138,139,140,92,142,143,144,145,146,147,148,149,150,78,152,153,154,155,156,157,158,159,160,161,162,163,164,165,166,167,168,169,170,171,172,173,174,175,176,177,178,179,180,181,182,183,184,34,186,187,188,189,190,191,192,193,194,195,196,197,198,199];False
6133;8886;15019;[42,141,11,3,26,96,18,30,25,94,75,1,12,32,14,15,124,9,108,19,61,41,22,23,24,69,5,27,28,56,63,31,29,33,17,35,36,52,60,39,40,49,64,7,44,45,86,47,48,21,50,51,53,13,54,55,6,57,58,59,2,0,77,46,185,10,66,117,68,20,70,71,72,65,8,84,67,81,80,79,38,73,82,83,76,85,122,87,88,89,4,91,109,93,62,95,115,97,98,99,100,101,102,37,104,105,43,107,103,151,110,111,112,113,114,121,116,16,118,119,120,106,74,123,90,125,126,127,128,129,130,131,132,133,134,135,136,137,138,139,140,92,142,143,144,145,146,147,148,149,150,78,152,153,154,155,156,157,158,159,160,161,162,163,164,165,166,167,168,169,170,171,172,173,174,175,176,177,178,179,180,181,182,183,184,34,186,187,188,189,190,191,192,193,194,195,196,197,198,199];False
6480;8770;15250;[23,141,11,3,26,108,18,30,25,94,75,1,12,32,14,15,124,9,16,19,61,41,22,42,24,69,5,27,28,56,63,31,29,33,17,35,36,52,60,39,121,49,64,7,44,45,86,47,48,21,50,51,53,13,54,55,6,57,58,59,2,0,77,46,92,10,66,117,68,20,70,71,72,65,74,84,67,81,80,79,38,73,82,83,76,85,40,87,88,89,4,91,109,93,62,95,8,97,98,96,100,101,102,37,104,105,43,107,103,151,110,114,112,113,106,115,116,34,118,119,120,111,122,123,90,125,126,127,128,129,130,131,132,133,134,135,136,137,138,139,140,99,142,143,144,145,146,147,148,149,150,78,152,153,154,155,156,157,158,159,160,161,162,163,164,165,166,167,168,169,170,171,172,173,174,175,176,177,178,179,180,181,182,183,184,185,186,187,188,189,190,191,192,193,194,195,196,197,198,199];False
6476;8760;15236;[59,141,11,3,26,108,18,30,25,94,75,1,12,32,14,15,124,9,16,19,61,41,22,23,24,69,5,27,28,56,63,31,29,33,17,35,36,52,60,39,121,49,64,7,44,45,86,47,48,21,50,51,53,13,54,55,6,57,58,42,2,0,77,46,92,10,66,117,68,20,70,71,72,65,74,84,67,81,80,79,38,73,82,83,76,85,40,87,88,89,4,91,109,93,62,95,8,97,98,96,100,101,102,37,104,105,43,107,103,151,110,114,112,113,106,115,116,34,118,119,120,111,122,123,90,125,126,127,128,129,130,131,132,133,134,135,136,137,138,139,140,99,142,143,144,145,146,147,148,149,150,78,152,153,154,155,156,157,158,159,160,161,162,163,164,165,166,167,168,169,170,171,172,173,174,175,176,177,178,179,180,181,182,183,184,185,186,187,188,189,190,191,192,193,194,195,196,197,198,199];False
6233;8834;15067;[8,141,11,3,26,108,18,30,25,94,75,1,12,32,14,15,124,9,16,19,61,41,22,23,24,69,5,27,28,56,63,31,29,33,17,35,36,52,60,39,121,49,42,7,44,45,86,47,48,21,50,51,53,13,54,55,6,57,58,59,2,0,77,46,64,10,66,117,68,20,70,71,72,65,74,84,67,81,80,79,38,73,82,83,76,85,40,87,88,89,4,91,109,93,62,95,115,97,98,96,100,101,102,37,104,105,43,107,103,151,110,114,112,113,106,99,116,34,118,119,120,111,122,123,90,125,126,127,128,129,130,131,132,133,134,135,136,137,138,139,140,92,142,143,144,145,146,147,148,149,150,78,152,153,154,155,156,157,158,159,160,161,162,163,164,165,166,167,168,169,170,171,172,173,174,175,176,177,178,179,180,181,182,183,184,185,186,187,188,189,190,191,192,193,194,195,196,197,198,199];False
6285;8826;15111;[103,141,11,3,26,108,18,30,25,94,75,1,12,32,14,15,124,9,16,19,61,41,22,23,24,69,5,27,28,56,63,31,29,33,17,35,36,52,60,39,121,49,42,7,44,45,86,47,48,21,50,51,53,13,54,55,6,57,58,59,2,0,77,46,64,10,66,117,68,20,70,71,72,65,74,84,67,81,80,79,38,73,82,83,76,85,40,87,88,89,4,91,109,93,62,95,8,97,98,96,100,101,102,37,104,105,43,107,115,151,110,114,112,113,106,99,116,34,118,119,120,111,122,123,90,125,126,127,128,129,130,131,132,133,134,135,136,137,138,139,140,92,142,143,144,145,146,147,148,149,150,78,152,153,154,155,156,157,158,159,160,161,162,163,164,165,166,167,168,169,170,171,172,173,174,175,176,177,178,179,180,181,182,183,184,185,186,187,188,189,190,191,192,193,194,195,196,197,198,199];False
6273;8819;15092;[127,141,11,3,26,108,18,30,25,94,75,1,12,32,14,15,124,9,16,19,61,41,22,23,24,69,5,27,28,56,63,31,29,33,17,35,36,52,60,39,121,49,42,7,44,45,86,47,48,21,50,51,53,13,54,55,6,57,58,59,2,0,77,46,64,10,66,117,68,20,70,71,72,65,74,84,67,81,80,79,38,73,82,83,76,85,40,87,88,89,4,91,109,93,62,95,8,97,98,96,100,101,102,37,104,105,43,107,103,151,110,114,112,113,106,99,116,34,118,119,120,111,122,123,90,125,126,115,128,129,130,131,132,133,134,135,136,137,138,139,140,92,142,143,144,145,146,147,148,149,150,78,152,153,154,155,156,157,158,159,160,161,162,163,164,165,166,167,168,169,170,171,172,173,174,175,176,177,178,179,180,181,182,183,184,185,186,187,188,189,190,191,192,193,194,195,196,197,198,199];False
6401;8784;15185;[19,141,11,3,26,108,18,30,25,94,75,1,12,32,14,15,124,9,16,154,61,41,22,23,24,69,5,27,28,56,63,31,29,33,17,35,36,52,60,39,121,49,42,7,44,45,86,47,48,21,50,51,53,13,54,55,6,57,58,59,2,0,77,46,64,10,66,117,68,20,70,71,72,65,74,84,67,81,80,79,38,73,82,83,76,85,40,87,88,89,4,91,109,93,62,95,8,97,98,96,100,101,102,37,104,105,43,107,103,151,110,114,112,113,106,115,116,34,118,119,120,111,122,123,90,125,126,127,128,129,130,131,132,133,134,135,136,137,138,139,140,92,142,143,144,145,146,147,148,149,150,78,152,153,99,155,156,157,158,159,160,161,162,163,164,165,166,167,168,169,170,171,172,173,174,175,176,177,178,179,180,181,182,183,184,185,186,187,188,189,190,191,192,193,194,195,196,197,198,199];False
6332;8799;15131;[52,141,11,3,26,108,18,30,25,94,75,1,12,32,14,15,124,9,16,19,61,41,22,23,24,69,5,27,28,56,63,31,29,33,17,35,36,154,60,39,121,49,42,7,44,45,86,47,48,21,50,51,53,13,54,55,6,57,58,59,2,0,77,46,64,10,66,117,68,20,70,71,72,65,74,84,67,81,80,79,38,73,82,83,76,85,40,87,88,89,4,91,109,93,62,95,8,97,98,96,100,101,102,37,104,105,43,107,103,151,110,114,112,113,106,115,116,34,118,119,120,111,122,123,90,125,126,127,128,129,130,131,132,133,134,135,136,137,138,139,140,92,142,143,144,145,146,147,148,149,150,78,152,153,99,155,156,157,158,159,160,161,162,163,164,165,166,167,168,169,170,171,172,173,174,175,176,177,178,179,180,181,182,183,184,185,186,187,188,189,190,191,192,193,194,195,196,197,198,199];False
6456;8772;15228;[79,141,11,3,26,108,18,30,25,94,75,1,12,32,14,15,124,9,16,19,61,41,22,23,24,69,5,27,28,56,63,31,29,33,17,35,36,52,60,39,121,49,42,7,44,45,86,47,48,21,50,51,53,13,54,55,6,57,58,59,2,0,77,46,64,10,66,117,68,20,70,71,72,65,74,84,67,81,80,154,38,73,82,83,76,85,40,87,88,89,4,91,109,93,62,95,8,97,98,96,100,101,102,37,104,105,43,107,103,151,110,114,112,113,106,115,116,34,118,119,120,111,122,123,90,125,126,127,128,129,130,131,132,133,134,135,136,137,138,139,140,92,142,143,144,145,146,147,148,149,150,78,152,153,99,155,156,157,158,159,160,161,162,163,164,165,166,167,168,169,170,171,172,173,174,175,176,177,178,179,180,181,182,183,184,185,186,187,188,189,190,191,192,193,194,195,196,197,198,199];False
6326;8811;15137;[97,141,11,3,26,108,18,30,25,94,75,1,12,32,14,15,124,9,16,19,61,41,22,23,24,69,5,27,28,56,63,31,29,33,17,35,36,52,60,39,121,49,42,7,44,45,86,47,48,21,50,51,53,13,54,55,6,57,58,59,2,0,77,46,64,10,66,117,68,20,70,71,72,65,74,84,67,81,80,79,38,73,82,83,76,85,40,87,88,89,4,91,109,93,62,95,8,154,98,96,100,101,102,37,104,105,43,107,103,151,110,114,112,113,106,115,116,34,118,119,120,111,122,123,90,125,126,127,128,129,130,131,132,133,134,135,136,137,138,139,140,92,142,143,144,145,146,147,148,149,150,78,152,153,99,155,156,157,158,159,160,161,162,163,164,165,166,167,168,169,170,171,172,173,174,175,176,177,178,179,180,181,182,183,184,185,186,187,188,189,190,191,192,193,194,195,196,197,198,199];False
6263;8786;15049;[115,141,11,3,26,108,18,30,25,94,75,1,12,32,14,15,124,9,16,19,61,41,22,23,24,69,5,27,28,56,63,31,29,33,17,35,36,52,60,39,121,49,42,7,44,45,86,47,48,21,50,51,53,13,54,55,6,57,58,59,2,0,77,46,64,10,66,117,68,20,70,71,72,65,74,84,67,81,80,79,38,73,82,83,76,85,40,87,88,89,4,91,109,93,62,95,8,97,98,96,100,101,102,37,104,105,43,107,103,151,110,114,112,113,106,154,116,34,118,119,120,111,122,123,90,125,126,127,128,129,130,131,132,133,134,135,136,137,138,139,140,92,142,143,144,145,146,147,148,149,150,78,152,153,99,155,156,157,158,159,160,161,162,163,164,165,166,167,168,169,170,171,172,173,174,175,176,177,178,179,180,181,182,183,184,185,186,187,188,189,190,191,192,193,194,195,196,197,198,199];False
6448;8768;15216;[53,141,11,3,26,108,18,30,25,94,75,1,12,32,14,15,124,9,142,19,61,41,22,23,24,69,5,27,28,56,63,31,29,33,17,35,36,52,60,39,121,49,42,7,44,45,86,47,48,21,50,51,16,13,54,55,6,57,58,59,2,0,77,46,64,10,66,117,68,20,70,71,72,65,74,84,67,81,80,79,38,73,82,83,76,85,40,87,88,89,4,91,109,93,62,95,8,97,98,96,100,101,102,37,104,105,43,107,103,151,110,114,112,113,106,115,116,34,118,119,120,111,122,123,90,125,126,127,128,129,130,131,132,133,134,135,136,137,138,139,140,99,92,143,144,145,146,147,148,149,150,78,152,153,154,155,156,157,158,159,160,161,162,163,164,165,166,167,168,169,170,171,172,173,174,175,176,177,178,179,180,181,182,183,184,185,186,187,188,189,190,191,192,193,194,195,196,197,198,199];False
6534;8738;15272;[64,141,11,3,26,108,18,30,25,94,75,1,12,32,14,15,124,9,142,19,61,41,22,23,24,69,5,27,28,56,63,31,29,33,17,35,36,52,60,39,121,49,42,7,44,45,86,47,48,21,50,51,53,13,54,55,6,57,58,59,2,0,77,46,16,10,66,117,68,20,70,71,72,65,74,84,67,81,80,79,38,73,82,83,76,85,40,87,88,89,4,91,109,93,62,95,8,97,98,96,100,101,102,37,104,105,43,107,103,151,110,114,112,113,106,115,116,34,118,119,120,111,122,123,90,125,126,127,128,129,130,131,132,133,134,135,136,137,138,139,140,99,92,143,144,145,146,147,148,149,150,78,152,153,154,155,156,157,158,159,160,161,162,163,164,165,166,167,168,169,170,171,172,173,174,175,176,177,178,179,180,181,182,183,184,185,186,187,188,189,190,191,192,193,194,195,196,197,198,199];False
6390;8784;15174;[101,141,11,3,26,108,18,30,25,94,75,1,12,32,14,15,124,9,142,19,61,41,22,23,24,69,5,27,28,56,63,31,29,33,17,35,36,52,60,39,121,49,42,7,44,45,86,47,48,21,50,51,53,13,54,55,6,57,58,59,2,0,77,46,64,10,66,117,68,20,70,71,72,65,74,84,67,81,80,79,38,73,82,83,76,85,40,87,88,89,4,91,109,93,62,95,8,97,98,96,100,16,102,37,104,105,43,107,103,151,110,114,112,113,106,115,116,34,118,119,120,111,122,123,90,125,126,127,128,129,130,131,132,133,134,135,136,137,138,139,140,99,92,143,144,145,146,147,148,149,150,78,152,153,154,155,156,157,158,159,160,161,162,163,164,165,166,167,168,169,170,171,172,173,174,175,176,177,178,179,180,181,182,183,184,185,186,187,188,189,190,191,192,193,194,195,196,197,198,199];False
6456;8759;15215;[102,141,11,3,26,108,18,30,25,94,75,1,12,32,14,15,124,9,142,19,61,41,22,23,24,69,5,27,28,56,63,31,29,33,17,35,36,52,60,39,121,49,42,7,44,45,86,47,48,21,50,51,53,13,54,55,6,57,58,59,2,0,77,46,64,10,66,117,68,20,70,71,72,65,74,84,67,81,80,79,38,73,82,83,76,85,40,87,88,89,4,91,109,93,62,95,8,97,98,96,100,101,16,37,104,105,43,107,103,151,110,114,112,113,106,115,116,34,118,119,120,111,122,123,90,125,126,127,128,129,130,131,132,133,134,135,136,137,138,139,140,99,92,143,144,145,146,147,148,149,150,78,152,153,154,155,156,157,158,159,160,161,162,163,164,165,166,167,168,169,170,171,172,173,174,175,176,177,178,179,180,181,182,183,184,185,186,187,188,189,190,191,192,193,194,195,196,197,198,199];False
6440;8770;15210;[106,141,11,3,26,108,18,30,25,94,75,1,12,32,14,15,124,9,142,19,61,41,22,23,24,69,5,27,28,56,63,31,29,33,17,35,36,52,60,39,121,49,42,7,44,45,86,47,48,21,50,51,53,13,54,55,6,57,58,59,2,0,77,46,64,10,66,117,68,20,70,71,72,65,74,84,67,81,80,79,38,73,82,83,76,85,40,87,88,89,4,91,109,93,62,95,8,97,98,96,100,101,102,37,104,105,43,107,103,151,110,114,112,113,16,115,116,34,118,119,120,111,122,123,90,125,126,127,128,129,130,131,132,133,134,135,136,137,138,139,140,99,92,143,144,145,146,147,148,149,150,78,152,153,154,155,156,157,158,159,160,161,162,163,164,165,166,167,168,169,170,171,172,173,174,175,176,177,178,179,180,181,182,183,184,185,186,187,188,189,190,191,192,193,194,195,196,197,198,199];False
6384;8776;15160;[115,141,11,3,26,108,18,30,25,94,75,1,12,32,14,15,124,9,142,19,61,41,22,23,24,69,5,27,28,56,63,31,29,33,17,35,36,52,60,39,121,49,42,7,44,45,86,47,48,21,50,51,53,13,54,55,6,57,58,59,2,0,77,46,64,10,66,117,68,20,70,71,72,65,74,84,67,81,80,79,38,73,82,83,76,85,40,87,88,89,4,91,109,93,62,95,8,97,98,96,100,101,102,37,104,105,43,107,103,151,110,114,112,113,106,16,116,34,118,119,120,111,122,123,90,125,126,127,128,129,130,131,132,133,134,135,136,137,138,139,140,99,92,143,144,145,146,147,148,149,150,78,152,153,154,155,156,157,158,159,160,161,162,163,164,165,166,167,168,169,170,171,172,173,174,175,176,177,178,179,180,181,182,183,184,185,186,187,188,189,190,191,192,193,194,195,196,197,198,199];False
6675;8654;15329;[12,141,11,3,26,43,18,30,25,9,4,1,75,32,139,15,124,46,174,19,61,41,22,40,24,69,5,27,99,56,63,31,29,33,17,8,36,95,38,85,14,60,42,7,44,45,100,47,48,21,92,51,53,13,54,55,6,57,58,59,2,0,62,96,64,10,66,117,68,20,70,71,72,65,74,84,67,77,76,28,80,81,39,83,52,37,86,87,88,89,73,91,35,93,94,109,23,97,98,79,114,101,16,142,104,105,106,107,108,102,110,111,112,113,49,115,116,34,118,119,120,121,122,123,90,125,126,78,128,129,130,131,132,133,134,135,136,137,138,103,140,50,82,143,144,145,146,147,148,149,150,151,152,153,154,155,156,157,158,159,160,161,162,163,164,165,166,167,168,169,170,171,172,173,127,175,176,177,178,179,180,181,182,183,184,185,186,187,188,189,190,191,192,193,194,195,196,197,198,199];False
6646;8665;15311;[77,141,11,3,26,43,18,30,25,9,4,1,12,32,139,15,124,46,174,19,61,41,22,40,24,69,5,27,99,56,63,31,29,33,17,8,36,95,38,85,14,60,42,7,44,45,100,47,48,21,92,51,53,13,54,55,6,57,58,59,2,0,62,96,64,10,66,117,68,20,70,71,72,65,74,84,67,75,76,28,80,81,39,83,52,37,86,87,88,89,73,91,35,93,94,109,23,97,98,79,114,101,16,142,104,105,106,107,108,102,110,111,112,113,49,115,116,34,118,119,120,121,122,123,90,125,126,78,128,129,130,131,132,133,134,135,136,137,138,103,140,50,82,143,144,145,146,147,148,149,150,151,152,153,154,155,156,157,158,159,160,161,162,163,164,165,166,167,168,169,170,171,172,173,127,175,176,177,178,179,180,181,182,183,184,185,186,187,188,189,190,191,192,193,194,195,196,197,198,199];False
6585;8698;15283;[12,141,11,3,26,43,18,30,25,9,4,1,88,32,139,15,124,46,174,19,61,41,22,40,24,69,5,27,99,56,63,31,29,33,17,8,36,95,38,85,14,60,42,7,44,45,100,47,48,21,92,51,53,13,54,55,6,57,58,59,2,0,62,96,64,10,66,117,68,20,70,71,72,65,74,75,67,77,76,28,80,81,39,83,52,37,86,87,84,89,73,91,35,93,94,109,23,97,98,79,114,101,16,142,104,105,106,107,108,102,110,111,112,113,49,115,116,34,118,119,120,121,122,123,90,125,126,78,128,129,130,131,132,133,134,135,136,137,138,103,140,50,82,143,144,145,146,147,148,149,150,151,152,153,154,155,156,157,158,159,160,161,162,163,164,165,166,167,168,169,170,171,172,173,127,175,176,177,178,179,180,181,182,183,184,185,186,187,188,189,190,191,192,193,194,195,196,197,198,199];False
6583;8678;15261;[19,141,11,3,26,43,18,30,25,9,4,1,12,32,139,15,124,46,174,88,61,41,22,40,24,69,5,27,99,56,63,31,29,33,17,8,36,95,38,85,14,60,42,7,44,45,100,47,48,21,92,51,53,13,54,55,6,57,58,59,2,0,62,96,64,10,66,117,68,20,70,71,72,65,74,75,67,77,76,28,80,81,39,83,52,37,86,87,84,89,73,91,35,93,94,109,23,97,98,79,114,101,16,142,104,105,106,107,108,102,110,111,112,113,49,115,116,34,118,119,120,121,122,123,90,125,126,78,128,129,130,131,132,133,134,135,136,137,138,103,140,50,82,143,144,145,146,147,148,149,150,151,152,153,154,155,156,157,158,159,160,161,162,163,164,165,166,167,168,169,170,171,172,173,127,175,176,177,178,179,180,181,182,183,184,185,186,187,188,189,190,191,192,193,194,195,196,197,198,199];False
6553;8736;15289;[69,141,11,3,26,43,18,30,25,9,4,1,12,32,139,15,124,46,174,19,61,41,22,40,24,88,5,27,99,56,63,31,29,33,17,8,36,95,38,85,14,60,42,7,44,45,100,47,48,21,92,51,53,13,54,55,6,57,58,59,2,0,62,96,64,10,66,117,68,20,70,71,72,65,74,75,67,77,76,28,80,81,39,83,52,37,86,87,84,89,73,91,35,93,94,109,23,97,98,79,114,101,16,142,104,105,106,107,108,102,110,111,112,113,49,115,116,34,118,119,120,121,122,123,90,125,126,78,128,129,130,131,132,133,134,135,136,137,138,103,140,50,82,143,144,145,146,147,148,149,150,151,152,153,154,155,156,157,158,159,160,161,162,163,164,165,166,167,168,169,170,171,172,173,127,175,176,177,178,179,180,181,182,183,184,185,186,187,188,189,190,191,192,193,194,195,196,197,198,199];False
6515;8716;15231;[99,141,11,3,26,43,18,30,25,9,4,1,12,32,139,15,124,46,174,19,61,41,22,40,24,69,5,27,88,56,63,31,29,33,17,8,36,95,38,85,14,60,42,7,44,45,100,47,48,21,92,51,53,13,54,55,6,57,58,59,2,0,62,96,64,10,66,117,68,20,70,71,72,65,74,75,67,77,76,28,80,81,39,83,52,37,86,87,84,89,73,91,35,93,94,109,23,97,98,79,114,101,16,142,104,105,106,107,108,102,110,111,112,113,49,115,116,34,118,119,120,121,122,123,90,125,126,78,128,129,130,131,132,133,134,135,136,137,138,103,140,50,82,143,144,145,146,147,148,149,150,151,152,153,154,155,156,157,158,159,160,161,162,163,164,165,166,167,168,169,170,171,172,173,127,175,176,177,178,179,180,181,182,183,184,185,186,187,188,189,190,191,192,193,194,195,196,197,198,199];False
6492;8708;15200;[77,141,11,3,26,43,18,30,25,9,4,1,12,32,139,15,124,46,174,19,61,41,22,40,24,69,5,27,99,56,63,31,29,33,17,8,36,95,38,85,14,60,42,7,44,45,100,47,48,21,92,51,53,13,54,55,6,57,58,59,2,0,62,96,64,10,66,117,68,20,70,71,72,65,74,75,67,88,76,28,80,81,39,83,52,37,86,87,84,89,73,91,35,93,94,109,23,97,98,79,114,101,16,142,104,105,106,107,108,102,110,111,112,113,49,115,116,34,118,119,120,121,122,123,90,125,126,78,128,129,130,131,132,133,134,135,136,137,138,103,140,50,82,143,144,145,146,147,148,149,150,151,152,153,154,155,156,157,158,159,160,161,162,163,164,165,166,167,168,169,170,171,172,173,127,175,176,177,178,179,180,181,182,183,184,185,186,187,188,189,190,191,192,193,194,195,196,197,198,199];False
6589;8675;15264;[37,141,11,3,26,43,18,30,25,9,4,1,12,32,139,15,124,46,174,19,61,41,22,40,24,69,5,27,99,56,63,31,29,33,17,8,36,95,38,85,14,60,42,7,44,45,100,47,48,21,92,51,53,13,54,55,6,57,58,59,2,0,62,96,64,10,66,117,68,20,70,71,72,65,74,75,67,77,76,28,80,81,39,83,52,88,86,87,84,89,73,91,35,93,94,109,23,97,98,79,114,101,16,142,104,105,106,107,108,102,110,111,112,113,49,115,116,34,118,119,120,121,122,123,90,125,126,78,128,129,130,131,132,133,134,135,136,137,138,103,140,50,82,143,144,145,146,147,148,149,150,151,152,153,154,155,156,157,158,159,160,161,162,163,164,165,166,167,168,169,170,171,172,173,127,175,176,177,178,179,180,181,182,183,184,185,186,187,188,189,190,191,192,193,194,195,196,197,198,199];False
6567;8685;15252;[49,141,11,3,26,43,18,30,25,9,4,1,12,32,139,15,124,46,174,19,61,41,22,40,24,69,5,27,99,56,63,31,29,33,17,8,36,95,38,85,14,60,42,7,44,45,100,47,48,21,92,51,53,13,54,55,6,57,58,59,2,0,62,96,64,10,66,117,68,20,70,71,72,65,74,75,67,77,76,28,80,81,39,83,52,37,86,87,84,89,73,91,35,93,94,109,23,97,98,79,114,101,16,142,104,105,106,107,108,102,110,111,112,113,88,115,116,34,118,119,120,121,122,123,90,125,126,78,128,129,130,131,132,133,134,135,136,137,138,103,140,50,82,143,144,145,146,147,148,149,150,151,152,153,154,155,156,157,158,159,160,161,162,163,164,165,166,167,168,169,170,171,172,173,127,175,176,177,178,179,180,181,182,183,184,185,186,187,188,189,190,191,192,193,194,195,196,197,198,199];False
6483;8755;15238;[80,141,11,3,26,43,18,30,25,9,4,1,12,32,139,15,124,46,174,19,61,41,22,23,24,69,5,27,99,56,63,31,29,33,17,8,36,95,38,85,14,60,42,7,44,45,100,47,48,21,92,51,53,13,54,55,6,57,58,59,2,0,62,96,64,10,66,117,68,20,70,71,72,65,74,75,67,88,76,28,40,81,39,83,52,37,86,87,77,89,73,91,35,93,94,109,84,97,98,79,114,101,16,142,104,105,106,107,108,102,110,111,112,113,49,115,116,34,118,119,120,121,122,123,90,125,126,78,128,129,130,131,132,133,134,135,136,137,138,103,140,50,82,143,144,145,146,147,148,149,150,151,152,153,154,155,156,157,158,159,160,161,162,163,164,165,166,167,168,169,170,171,172,173,127,175,176,177,178,179,180,181,182,183,184,185,186,187,188,189,190,191,192,193,194,195,196,197,198,199];False
6468;8744;15212;[52,141,11,3,26,43,18,30,25,9,4,1,12,32,139,15,124,46,174,19,61,41,22,23,24,69,5,27,99,56,63,31,29,33,17,8,36,95,38,85,14,60,42,7,44,45,100,47,48,21,92,51,53,13,54,55,6,57,58,59,2,0,62,96,64,10,66,117,68,20,70,71,72,65,74,75,67,88,76,28,80,81,39,83,40,37,86,87,77,89,73,91,35,93,94,109,84,97,98,79,114,101,16,142,104,105,106,107,108,102,110,111,112,113,49,115,116,34,118,119,120,121,122,123,90,125,126,78,128,129,130,131,132,133,134,135,136,137,138,103,140,50,82,143,144,145,146,147,148,149,150,151,152,153,154,155,156,157,158,159,160,161,162,163,164,165,166,167,168,169,170,171,172,173,127,175,176,177,178,179,180,181,182,183,184,185,186,187,188,189,190,191,192,193,194,195,196,197,198,199];False
6701;8646;15347;[106,141,11,3,26,43,18,30,25,9,4,1,12,32,14,15,124,46,174,88,61,41,22,40,24,69,5,27,99,56,63,31,29,33,17,8,36,95,38,85,151,60,42,7,44,45,100,47,48,21,92,51,53,13,54,55,6,57,58,59,2,0,62,96,64,10,66,117,68,20,70,71,72,65,74,75,67,77,76,28,80,81,39,83,52,37,86,87,84,89,73,91,35,93,94,109,23,97,98,79,114,101,16,142,104,105,19,107,108,102,110,111,112,113,49,115,116,34,118,119,120,121,122,123,90,125,126,78,128,129,130,131,132,133,134,135,136,137,138,139,140,50,82,143,144,145,146,147,148,149,150,103,152,153,154,155,156,157,158,159,160,161,162,163,164,165,166,167,168,169,170,171,172,173,127,175,176,177,178,179,180,181,182,183,184,185,186,187,188,189,190,191,192,193,194,195,196,197,198,199];False
6717;8638;15355;[107,141,11,3,26,43,18,30,25,9,4,1,12,32,14,15,124,46,174,88,61,41,22,40,24,69,5,27,99,56,63,31,29,33,17,8,36,95,38,85,151,60,42,7,44,45,100,47,48,21,92,51,53,13,54,55,6,57,58,59,2,0,62,96,64,10,66,117,68,20,70,71,72,65,74,75,67,77,76,28,80,81,39,83,52,37,86,87,84,89,73,91,35,93,94,109,23,97,98,79,114,101,16,142,104,105,106,19,108,102,110,111,112,113,49,115,116,34,118,119,120,121,122,123,90,125,126,78,128,129,130,131,132,133,134,135,136,137,138,139,140,50,82,143,144,145,146,147,148,149,150,103,152,153,154,155,156,157,158,159,160,161,162,163,164,165,166,167,168,169,170,171,172,173,127,175,176,177,178,179,180,181,182,183,184,185,186,187,188,189,190,191,192,193,194,195,196,197,198,199];False
6659;8654;15313;[115,141,11,3,26,43,18,30,25,9,4,1,12,32,14,15,124,46,174,88,61,41,22,40,24,69,5,27,99,56,63,31,29,33,17,8,36,95,38,85,151,60,42,7,44,45,100,47,48,21,92,51,53,13,54,55,6,57,58,59,2,0,62,96,64,10,66,117,68,20,70,71,72,65,74,75,67,77,76,28,80,81,39,83,52,37,86,87,84,89,73,91,35,93,94,109,23,97,98,79,114,101,16,142,104,105,106,107,108,102,110,111,112,113,49,19,116,34,118,119,120,121,122,123,90,125,126,78,128,129,130,131,132,133,134,135,136,137,138,139,140,50,82,143,144,145,146,147,148,149,150,103,152,153,154,155,156,157,158,159,160,161,162,163,164,165,166,167,168,169,170,171,172,173,127,175,176,177,178,179,180,181,182,183,184,185,186,187,188,189,190,191,192,193,194,195,196,197,198,199];False
6613;8670;15283;[121,141,11,3,26,43,18,30,25,9,4,1,12,32,14,15,124,46,174,88,61,41,22,40,24,69,5,27,99,56,63,31,29,33,17,8,36,95,38,85,151,60,42,7,44,45,100,47,48,21,92,51,53,13,54,55,6,57,58,59,2,0,62,96,64,10,66,117,68,20,70,71,72,65,74,75,67,77,76,28,80,81,39,83,52,37,86,87,84,89,73,91,35,93,94,109,23,97,98,79,114,101,16,142,104,105,106,107,108,102,110,111,112,113,49,115,116,34,118,119,120,19,122,123,90,125,126,78,128,129,130,131,132,133,134,135,136,137,138,139,140,50,82,143,144,145,146,147,148,149,150,103,152,153,154,155,156,157,158,159,160,161,162,163,164,165,166,167,168,169,170,171,172,173,127,175,176,177,178,179,180,181,182,183,184,185,186,187,188,189,190,191,192,193,194,195,196,197,198,199];False
6648;8639;15287;[131,141,11,3,26,43,18,30,25,9,4,1,12,32,14,15,124,46,174,88,61,41,22,40,24,69,5,27,99,56,63,31,29,33,17,8,36,95,38,85,151,60,42,7,44,45,100,47,48,21,92,51,53,13,54,55,6,57,58,59,2,0,62,96,64,10,66,117,68,20,70,71,72,65,74,75,67,77,76,28,80,81,39,83,52,37,86,87,84,89,73,91,35,93,94,109,23,97,98,79,114,101,16,142,104,105,106,107,108,102,110,111,112,113,49,115,116,34,118,119,120,121,122,123,90,125,126,78,128,129,130,19,132,133,134,135,136,137,138,139,140,50,82,143,144,145,146,147,148,149,150,103,152,153,154,155,156,157,158,159,160,161,162,163,164,165,166,167,168,169,170,171,172,173,127,175,176,177,178,179,180,181,182,183,184,185,186,187,188,189,190,191,192,193,194,195,196,197,198,199];False
7460;8467;15927;[73,141,11,3,26,43,86,30,25,9,14,1,12,32,10,15,124,46,174,19,61,41,22,40,24,69,5,27,99,56,63,31,29,33,17,8,36,95,38,75,18,158,42,7,44,45,60,47,48,21,92,51,53,13,54,55,6,57,58,59,2,0,62,96,64,39,121,117,68,4,70,71,72,65,74,84,67,77,76,28,80,81,114,83,52,85,66,87,88,89,20,91,35,93,94,37,23,97,98,79,100,101,16,103,104,105,106,107,108,102,110,111,112,113,109,115,116,34,118,119,120,49,122,123,90,125,126,78,128,129,130,131,132,133,134,135,136,137,138,139,140,50,142,143,144,145,146,147,148,149,150,151,152,153,154,155,156,157,82,159,160,161,162,163,164,165,166,167,168,169,170,171,172,173,127,175,176,177,178,179,180,181,182,183,184,185,186,187,188,189,190,191,192,193,194,195,196,197,198,199];False
7413;8472;15885;[91,141,11,3,26,43,86,30,25,9,14,1,12,32,10,15,124,46,174,19,61,41,22,40,24,69,5,27,99,56,63,31,29,33,17,8,36,95,38,75,18,158,42,7,44,45,60,47,48,21,92,51,53,13,54,55,6,57,58,59,2,0,62,96,64,39,121,117,68,4,70,71,72,65,74,84,67,77,76,28,80,81,114,83,52,85,66,87,88,89,73,20,35,93,94,37,23,97,98,79,100,101,16,103,104,105,106,107,108,102,110,111,112,113,109,115,116,34,118,119,120,49,122,123,90,125,126,78,128,129,130,131,132,133,134,135,136,137,138,139,140,50,142,143,144,145,146,147,148,149,150,151,152,153,154,155,156,157,82,159,160,161,162,163,164,165,166,167,168,169,170,171,172,173,127,175,176,177,178,179,180,181,182,183,184,185,186,187,188,189,190,191,192,193,194,195,196,197,198,199];False
7214;8500;15714;[115,141,11,3,26,43,86,30,25,9,14,1,12,32,10,15,124,46,174,19,61,41,22,40,24,69,5,27,99,56,63,31,29,33,17,8,36,95,38,75,18,158,42,7,44,45,60,47,48,21,92,51,53,13,54,55,6,57,58,59,2,0,62,96,64,39,121,117,68,4,70,71,72,65,74,84,67,77,76,28,80,81,114,83,52,85,66,87,88,89,73,91,35,93,94,37,23,97,98,79,100,101,16,103,104,105,106,107,108,102,110,111,112,113,109,20,116,34,118,119,120,49,122,123,90,125,126,78,128,129,130,131,132,133,134,135,136,137,138,139,140,50,142,143,144,145,146,147,148,149,150,151,152,153,154,155,156,157,82,159,160,161,162,163,164,165,166,167,168,169,170,171,172,173,127,175,176,177,178,179,180,181,182,183,184,185,186,187,188,189,190,191,192,193,194,195,196,197,198,199];False
7342;8467;15809;[137,141,11,3,26,43,86,30,25,9,14,1,12,32,10,15,124,46,174,19,61,41,22,40,24,69,5,27,99,56,63,31,29,33,17,8,36,95,38,75,18,158,42,7,44,45,60,47,48,21,92,51,53,13,54,55,6,57,58,59,2,0,62,96,64,39,121,117,68,4,70,71,72,65,74,84,67,77,76,28,80,81,114,83,52,85,66,87,88,89,73,91,35,93,94,37,23,97,98,79,100,101,16,103,104,105,106,107,108,102,110,111,112,113,109,115,116,34,118,119,120,49,122,123,90,125,126,78,128,129,130,131,132,133,134,135,136,20,138,139,140,50,142,143,144,145,146,147,148,149,150,151,152,153,154,155,156,157,82,159,160,161,162,163,164,165,166,167,168,169,170,171,172,173,127,175,176,177,178,179,180,181,182,183,184,185,186,187,188,189,190,191,192,193,194,195,196,197,198,199];False
7292;8478;15770;[142,141,11,3,26,43,86,30,25,9,14,1,12,32,10,15,124,46,174,19,61,41,22,40,24,69,5,27,99,56,63,31,29,33,17,8,36,95,38,75,18,158,42,7,44,45,60,47,48,21,92,51,53,13,54,55,6,57,58,59,2,0,62,96,64,39,121,117,68,4,70,71,72,65,74,84,67,77,76,28,80,81,114,83,52,85,66,87,88,89,73,91,35,93,94,37,23,97,98,79,100,101,16,103,104,105,106,107,108,102,110,111,112,113,109,115,116,34,118,119,120,49,122,123,90,125,126,78,128,129,130,131,132,133,134,135,136,137,138,139,140,50,20,143,144,145,146,147,148,149,150,151,152,153,154,155,156,157,82,159,160,161,162,163,164,165,166,167,168,169,170,171,172,173,127,175,176,177,178,179,180,181,182,183,184,185,186,187,188,189,190,191,192,193,194,195,196,197,198,199];False
7326;8474;15800;[46,141,11,3,26,43,86,30,25,9,4,1,12,32,10,15,124,73,174,19,61,41,22,40,24,69,5,27,99,56,63,31,29,33,17,8,36,95,38,75,18,158,42,7,44,45,60,47,48,21,92,51,14,13,54,55,6,57,58,59,2,0,62,96,64,39,121,117,68,20,70,71,72,65,74,84,67,77,76,28,80,81,114,83,52,85,66,87,88,89,53,91,35,93,94,37,23,97,98,79,100,101,16,103,104,105,106,107,108,102,110,111,112,113,109,115,116,34,118,119,120,49,122,123,90,125,126,78,128,129,130,131,132,133,134,135,136,137,138,139,140,50,142,143,144,145,146,147,148,149,150,151,152,153,154,155,156,157,82,159,160,161,162,163,164,165,166,167,168,169,170,171,172,173,127,175,176,177,178,179,180,181,182,183,184,185,186,187,188,189,190,191,192,193,194,195,196,197,198,199];False
7250;8485;15735;[86,141,11,3,26,43,79,30,25,9,4,1,12,32,10,15,124,46,174,19,61,41,22,40,24,69,5,27,99,56,63,31,29,33,17,8,36,95,38,75,18,158,42,7,44,45,60,47,48,21,92,51,14,13,54,55,6,57,58,59,2,0,62,96,64,39,121,117,68,20,70,71,72,65,74,84,67,77,76,28,80,81,114,83,52,85,66,87,88,89,73,91,35,93,94,37,23,97,98,53,100,101,16,103,104,105,106,107,108,102,110,111,112,113,109,115,116,34,118,119,120,49,122,123,90,125,126,78,128,129,130,131,132,133,134,135,136,137,138,139,140,50,142,143,144,145,146,147,148,149,150,151,152,153,154,155,156,157,82,159,160,161,162,163,164,165,166,167,168,169,170,171,172,173,127,175,176,177,178,179,180,181,182,183,184,185,186,187,188,189,190,191,192,193,194,195,196,197,198,199];False
7137;8514;15651;[59,141,11,3,26,43,86,30,25,9,4,1,12,32,14,15,124,46,174,19,61,41,22,40,24,69,5,27,99,56,63,31,29,33,17,8,36,95,38,75,18,158,60,7,44,45,100,47,48,21,92,51,53,13,54,55,6,57,58,42,2,0,62,96,64,10,121,117,68,20,70,71,72,65,74,84,67,77,76,28,80,81,39,83,52,85,66,87,88,89,73,91,35,93,94,37,23,97,98,79,114,101,16,103,104,105,106,107,108,102,110,111,112,113,109,115,116,34,118,119,120,49,122,123,90,125,126,78,128,129,130,131,132,133,134,135,136,137,138,139,140,50,142,143,144,145,146,147,148,149,150,151,152,153,154,155,156,157,82,159,160,161,162,163,164,165,166,167,168,169,170,171,172,173,127,175,176,177,178,179,180,181,182,183,184,185,186,187,188,189,190,191,192,193,194,195,196,197,198,199];False
7128;8516;15644;[11,141,98,3,26,43,86,30,25,9,4,1,12,32,14,15,124,46,174,19,61,41,22,40,24,69,5,27,99,56,63,31,29,33,17,8,36,95,38,75,18,158,42,7,44,45,100,47,48,21,92,51,53,13,54,55,6,57,58,59,2,0,62,96,64,10,121,117,68,20,70,71,72,65,74,84,67,77,76,28,80,81,39,83,52,85,66,87,88,89,73,91,35,93,94,37,23,97,60,79,114,101,16,103,104,105,106,107,108,102,110,111,112,113,109,115,116,34,118,119,120,49,122,123,90,125,126,78,128,129,130,131,132,133,134,135,136,137,138,139,140,50,142,143,144,145,146,147,148,149,150,151,152,153,154,155,156,157,82,159,160,161,162,163,164,165,166,167,168,169,170,171,172,173,127,175,176,177,178,179,180,181,182,183,184,185,186,187,188,189,190,191,192,193,194,195,196,197,198,199];False
7183;8502;15685;[30,141,11,3,26,43,86,98,25,9,4,1,12,32,14,15,124,46,174,19,61,41,22,40,24,69,5,27,99,56,63,31,29,33,17,8,36,95,38,75,18,158,42,7,44,45,100,47,48,21,92,51,53,13,54,55,6,57,58,59,2,0,62,96,64,10,121,117,68,20,70,71,72,65,74,84,67,77,76,28,80,81,39,83,52,85,66,87,88,89,73,91,35,93,94,37,23,97,60,79,114,101,16,103,104,105,106,107,108,102,110,111,112,113,109,115,116,34,118,119,120,49,122,123,90,125,126,78,128,129,130,131,132,133,134,135,136,137,138,139,140,50,142,143,144,145,146,147,148,149,150,151,152,153,154,155,156,157,82,159,160,161,162,163,164,165,166,167,168,169,170,171,172,173,127,175,176,177,178,179,180,181,182,183,184,185,186,187,188,189,190,191,192,193,194,195,196,197,198,199];False
7225;8494;15719;[19,141,11,3,26,43,86,30,25,9,4,1,12,32,14,15,124,46,174,98,61,41,22,40,24,69,5,27,99,56,63,31,29,33,17,8,36,95,38,75,18,158,42,7,44,45,100,47,48,21,92,51,53,13,54,55,6,57,58,59,2,0,62,96,64,10,121,117,68,20,70,71,72,65,74,84,67,77,76,28,80,81,39,83,52,85,66,87,88,89,73,91,35,93,94,37,23,97,60,79,114,101,16,103,104,105,106,107,108,102,110,111,112,113,109,115,116,34,118,119,120,49,122,123,90,125,126,78,128,129,130,131,132,133,134,135,136,137,138,139,140,50,142,143,144,145,146,147,148,149,150,151,152,153,154,155,156,157,82,159,160,161,162,163,164,165,166,167,168,169,170,171,172,173,127,175,176,177,178,179,180,181,182,183,184,185,186,187,188,189,190,191,192,193,194,195,196,197,198,199];False
7199;8500;15699;[41,141,11,3,26,43,86,30,25,9,4,1,12,32,14,15,124,46,174,19,61,98,22,40,24,69,5,27,99,56,63,31,29,33,17,8,36,95,38,75,18,158,42,7,44,45,100,47,48,21,92,51,53,13,54,55,6,57,58,59,2,0,62,96,64,10,121,117,68,20,70,71,72,65,74,84,67,77,76,28,80,81,39,83,52,85,66,87,88,89,73,91,35,93,94,37,23,97,60,79,114,101,16,103,104,105,106,107,108,102,110,111,112,113,109,115,116,34,118,119,120,49,122,123,90,125,126,78,128,129,130,131,132,133,134,135,136,137,138,139,140,50,142,143,144,145,146,147,148,149,150,151,152,153,154,155,156,157,82,159,160,161,162,163,164,165,166,167,168,169,170,171,172,173,127,175,176,177,178,179,180,181,182,183,184,185,186,187,188,189,190,191,192,193,194,195,196,197,198,199];False
7192;8501;15693;[75,141,11,3,26,43,86,30,25,9,4,1,12,32,14,15,124,46,174,19,61,41,22,40,24,69,5,27,99,56,63,31,29,33,17,8,36,95,38,98,18,158,42,7,44,45,100,47,48,21,92,51,53,13,54,55,6,57,58,59,2,0,62,96,64,10,121,117,68,20,70,71,72,65,74,84,67,77,76,28,80,81,39,83,52,85,66,87,88,89,73,91,35,93,94,37,23,97,60,79,114,101,16,103,104,105,106,107,108,102,110,111,112,113,109,115,116,34,118,119,120,49,122,123,90,125,126,78,128,129,130,131,132,133,134,135,136,137,138,139,140,50,142,143,144,145,146,147,148,149,150,151,152,153,154,155,156,157,82,159,160,161,162,163,164,165,166,167,168,169,170,171,172,173,127,175,176,177,178,179,180,181,182,183,184,185,186,187,188,189,190,191,192,193,194,195,196,197,198,199];False
7202;8498;15700;[54,141,11,3,26,43,86,30,25,9,4,1,12,32,14,15,124,46,174,19,61,41,22,40,24,69,5,27,99,56,63,31,29,33,17,8,36,95,38,75,18,158,42,7,44,45,100,47,48,21,92,51,53,13,98,55,6,57,58,59,2,0,62,96,64,10,121,117,68,20,70,71,72,65,74,84,67,77,76,28,80,81,39,83,52,85,66,87,88,89,73,91,35,93,94,37,23,97,60,79,114,101,16,103,104,105,106,107,108,102,110,111,112,113,109,115,116,34,118,119,120,49,122,123,90,125,126,78,128,129,130,131,132,133,134,135,136,137,138,139,140,50,142,143,144,145,146,147,148,149,150,151,152,153,154,155,156,157,82,159,160,161,162,163,164,165,166,167,168,169,170,171,172,173,127,175,176,177,178,179,180,181,182,183,184,185,186,187,188,189,190,191,192,193,194,195,196,197,198,199];False
7202;8491;15693;[6,141,11,3,26,43,86,30,25,9,4,1,12,32,14,15,124,46,174,19,61,41,22,40,24,69,5,27,99,56,63,31,29,33,17,8,36,95,38,75,18,158,42,7,44,45,100,47,48,21,92,51,53,13,54,55,98,57,58,59,2,0,62,96,64,10,121,117,68,20,70,71,72,65,74,84,67,77,76,28,80,81,39,83,52,85,66,87,88,89,73,91,35,93,94,37,23,97,60,79,114,101,16,103,104,105,106,107,108,102,110,111,112,113,109,115,116,34,118,119,120,49,122,123,90,125,126,78,128,129,130,131,132,133,134,135,136,137,138,139,140,50,142,143,144,145,146,147,148,149,150,151,152,153,154,155,156,157,82,159,160,161,162,163,164,165,166,167,168,169,170,171,172,173,127,175,176,177,178,179,180,181,182,183,184,185,186,187,188,189,190,191,192,193,194,195,196,197,198,199];False
7181;8488;15669;[58,141,11,3,26,43,86,30,25,9,4,1,12,32,14,15,124,46,174,19,61,41,22,40,24,69,5,27,99,56,63,31,29,33,17,8,36,95,38,75,18,158,42,7,44,45,100,47,48,21,92,51,53,13,54,55,6,57,98,59,2,0,62,96,64,10,121,117,68,20,70,71,72,65,74,84,67,77,76,28,80,81,39,83,52,85,66,87,88,89,73,91,35,93,94,37,23,97,60,79,114,101,16,103,104,105,106,107,108,102,110,111,112,113,109,115,116,34,118,119,120,49,122,123,90,125,126,78,128,129,130,131,132,133,134,135,136,137,138,139,140,50,142,143,144,145,146,147,148,149,150,151,152,153,154,155,156,157,82,159,160,161,162,163,164,165,166,167,168,169,170,171,172,173,127,175,176,177,178,179,180,181,182,183,184,185,186,187,188,189,190,191,192,193,194,195,196,197,198,199];False
7167;8503;15670;[59,141,11,3,26,43,86,30,25,9,4,1,12,32,14,15,124,46,174,19,61,41,22,40,24,69,5,27,99,56,63,31,29,33,17,8,36,95,38,75,18,158,42,7,44,45,100,47,48,21,92,51,53,13,54,55,6,57,58,98,2,0,62,96,64,10,121,117,68,20,70,71,72,65,74,84,67,77,76,28,80,81,39,83,52,85,66,87,88,89,73,91,35,93,94,37,23,97,60,79,114,101,16,103,104,105,106,107,108,102,110,111,112,113,109,115,116,34,118,119,120,49,122,123,90,125,126,78,128,129,130,131,132,133,134,135,136,137,138,139,140,50,142,143,144,145,146,147,148,149,150,151,152,153,154,155,156,157,82,159,160,161,162,163,164,165,166,167,168,169,170,171,172,173,127,175,176,177,178,179,180,181,182,183,184,185,186,187,188,189,190,191,192,193,194,195,196,197,198,199];False
6935;8536;15471;[14,141,11,3,26,43,18,30,25,9,4,1,75,32,10,15,124,46,174,19,61,41,22,98,24,69,5,27,99,56,63,31,29,33,17,8,36,95,38,39,40,12,42,7,44,45,86,47,48,21,92,51,53,13,54,55,6,57,60,59,2,0,62,158,64,96,121,117,68,20,70,71,72,65,74,84,67,77,76,28,80,81,114,83,52,85,66,87,88,89,73,91,35,93,94,37,23,97,58,79,100,101,16,103,104,105,106,107,108,102,110,111,112,113,109,115,116,34,118,119,120,49,122,123,90,125,126,78,128,129,130,131,132,133,134,135,136,137,138,139,140,50,142,143,144,145,146,147,148,149,150,151,152,153,154,155,156,157,82,159,160,161,162,163,164,165,166,167,168,169,170,171,172,173,127,175,176,177,178,179,180,181,182,183,184,185,186,187,188,189,190,191,192,193,194,195,196,197,198,199];False
6965;8535;15500;[8,141,11,3,26,43,18,30,25,9,4,1,75,32,14,15,124,46,174,19,61,41,22,98,24,69,5,27,99,56,63,31,29,33,17,10,36,95,38,39,40,12,42,7,44,45,86,47,48,21,92,51,53,13,54,55,6,57,60,59,2,0,62,158,64,96,121,117,68,20,70,71,72,65,74,84,67,77,76,28,80,81,114,83,52,85,66,87,88,89,73,91,35,93,94,37,23,97,58,79,100,101,16,103,104,105,106,107,108,102,110,111,112,113,109,115,116,34,118,119,120,49,122,123,90,125,126,78,128,129,130,131,132,133,134,135,136,137,138,139,140,50,142,143,144,145,146,147,148,149,150,151,152,153,154,155,156,157,82,159,160,161,162,163,164,165,166,167,168,169,170,171,172,173,127,175,176,177,178,179,180,181,182,183,184,185,186,187,188,189,190,191,192,193,194,195,196,197,198,199];False
6877;8571;15448;[60,141,11,3,26,43,18,30,25,9,4,1,75,32,14,15,124,46,174,19,61,41,22,98,24,69,5,27,99,56,63,31,29,33,17,8,36,95,38,39,40,12,42,7,44,45,86,47,48,21,92,51,53,13,54,55,6,57,77,59,2,0,62,158,64,10,121,117,68,20,70,71,72,65,74,84,67,96,76,28,80,81,114,83,52,85,66,87,88,89,73,91,35,93,94,37,23,97,58,79,100,101,16,103,104,105,106,107,108,102,110,111,112,113,109,115,116,34,118,119,120,49,122,123,90,125,126,78,128,129,130,131,132,133,134,135,136,137,138,139,140,50,142,143,144,145,146,147,148,149,150,151,152,153,154,155,156,157,82,159,160,161,162,163,164,165,166,167,168,169,170,171,172,173,127,175,176,177,178,179,180,181,182,183,184,185,186,187,188,189,190,191,192,193,194,195,196,197,198,199];False
6863;8578;15441;[99,141,11,3,26,43,18,30,25,9,4,1,75,32,14,15,124,46,174,19,61,41,22,98,24,69,5,27,16,56,63,31,29,33,17,8,36,95,38,39,40,12,42,7,44,45,86,47,48,21,92,51,53,13,54,55,6,57,60,59,2,0,62,158,64,10,121,117,68,20,70,71,72,65,74,84,67,77,76,28,80,81,114,83,52,85,66,87,88,89,73,91,35,93,94,37,23,97,58,79,100,101,96,103,104,105,106,107,108,102,110,111,112,113,109,115,116,34,118,119,120,49,122,123,90,125,126,78,128,129,130,131,132,133,134,135,136,137,138,139,140,50,142,143,144,145,146,147,148,149,150,151,152,153,154,155,156,157,82,159,160,161,162,163,164,165,166,167,168,169,170,171,172,173,127,175,176,177,178,179,180,181,182,183,184,185,186,187,188,189,190,191,192,193,194,195,196,197,198,199];False
7001;8524;15525;[73,141,11,3,26,43,18,30,25,9,4,1,75,32,14,15,124,46,174,19,61,41,22,98,24,69,5,27,99,56,63,31,29,33,17,8,36,95,38,39,40,12,42,7,44,45,86,47,48,21,92,51,53,13,54,55,6,57,60,59,2,0,62,158,64,10,121,117,68,20,70,71,72,65,74,84,67,77,76,28,80,81,114,83,52,85,66,87,88,89,16,91,35,93,94,37,23,97,58,79,100,101,96,103,104,105,106,107,108,102,110,111,112,113,109,115,116,34,118,119,120,49,122,123,90,125,126,78,128,129,130,131,132,133,134,135,136,137,138,139,140,50,142,143,144,145,146,147,148,149,150,151,152,153,154,155,156,157,82,159,160,161,162,163,164,165,166,167,168,169,170,171,172,173,127,175,176,177,178,179,180,181,182,183,184,185,186,187,188,189,190,191,192,193,194,195,196,197,198,199];False
6910;8559;15469;[94,141,11,3,26,43,18,30,25,9,4,1,75,32,14,15,124,46,174,19,61,41,22,98,24,69,5,27,99,56,63,31,29,33,17,8,36,95,38,39,40,12,42,7,44,45,86,47,48,21,92,51,53,13,54,55,6,57,60,59,2,0,62,158,64,10,121,117,68,20,70,71,72,65,74,84,67,77,76,28,80,81,114,83,52,85,66,87,88,89,73,91,35,93,16,37,23,97,58,79,100,101,96,103,104,105,106,107,108,102,110,111,112,113,109,115,116,34,118,119,120,49,122,123,90,125,126,78,128,129,130,131,132,133,134,135,136,137,138,139,140,50,142,143,144,145,146,147,148,149,150,151,152,153,154,155,156,157,82,159,160,161,162,163,164,165,166,167,168,169,170,171,172,173,127,175,176,177,178,179,180,181,182,183,184,185,186,187,188,189,190,191,192,193,194,195,196,197,198,199];False
6919;8553;15472;[109,141,11,3,26,43,18,30,25,9,4,1,75,32,14,15,124,46,174,19,61,41,22,98,24,69,5,27,99,56,63,31,29,33,17,8,36,95,38,39,40,12,42,7,44,45,86,47,48,21,92,51,53,13,54,55,6,57,60,59,2,0,62,158,64,10,121,117,68,20,70,71,72,65,74,84,67,77,76,28,80,81,114,83,52,85,66,87,88,89,73,91,35,93,94,37,23,97,58,79,100,101,96,103,104,105,106,107,108,102,110,111,112,113,16,115,116,34,118,119,120,49,122,123,90,125,126,78,128,129,130,131,132,133,134,135,136,137,138,139,140,50,142,143,144,145,146,147,148,149,150,151,152,153,154,155,156,157,82,159,160,161,162,163,164,165,166,167,168,169,170,171,172,173,127,175,176,177,178,179,180,181,182,183,184,185,186,187,188,189,190,191,192,193,194,195,196,197,198,199];False
6878;8551;15429;[115,141,11,3,26,43,18,30,25,9,4,1,75,32,14,15,124,46,174,19,61,41,22,98,24,69,5,27,99,56,63,31,29,33,17,8,36,95,38,39,40,12,42,7,44,45,86,47,48,21,92,51,53,13,54,55,6,57,60,59,2,0,62,158,64,10,121,117,68,20,70,71,72,65,74,84,67,77,76,28,80,81,114,83,52,85,66,87,88,89,73,91,35,93,94,37,23,97,58,79,100,101,96,103,104,105,106,107,108,102,110,111,112,113,109,16,116,34,118,119,120,49,122,123,90,125,126,78,128,129,130,131,132,133,134,135,136,137,138,139,140,50,142,143,144,145,146,147,148,149,150,151,152,153,154,155,156,157,82,159,160,161,162,163,164,165,166,167,168,169,170,171,172,173,127,175,176,177,178,179,180,181,182,183,184,185,186,187,188,189,190,191,192,193,194,195,196,197,198,199];False
6884;8542;15426;[34,141,11,3,26,43,18,30,25,9,4,1,75,32,14,15,124,46,174,19,61,41,22,98,24,69,5,27,99,56,63,31,29,33,17,8,36,95,38,39,40,12,42,7,44,45,86,47,48,21,92,51,53,13,54,55,6,57,60,59,2,0,62,158,64,10,121,117,68,20,70,71,72,65,74,84,67,77,76,28,80,81,114,83,52,85,66,87,88,89,73,91,35,93,94,37,23,97,58,79,100,101,96,103,104,105,106,107,108,102,110,111,112,113,109,115,116,16,118,119,120,49,122,123,90,125,126,78,128,129,130,131,132,133,134,135,136,137,138,139,140,50,142,143,144,145,146,147,148,149,150,151,152,153,154,155,156,157,82,159,160,161,162,163,164,165,166,167,168,169,170,171,172,173,127,175,176,177,178,179,180,181,182,183,184,185,186,187,188,189,190,191,192,193,194,195,196,197,198,199];False
7083;8514;15597;[18,141,11,3,26,43,131,30,25,9,4,1,75,32,14,15,124,46,174,19,61,41,22,98,24,69,5,27,99,56,63,31,29,33,17,8,36,95,38,39,40,12,42,7,44,45,86,47,48,21,92,51,53,13,54,55,6,57,60,59,2,0,62,96,64,10,121,117,68,20,70,71,72,65,74,84,67,77,76,28,80,81,114,83,52,85,66,87,88,89,73,91,35,93,94,37,23,97,58,79,158,101,16,103,104,105,106,107,108,102,110,111,112,113,109,115,116,34,118,119,120,49,122,123,90,125,126,78,128,129,130,100,132,133,134,135,136,137,138,139,140,50,142,143,144,145,146,147,148,149,150,151,152,153,154,155,156,157,82,159,160,161,162,163,164,165,166,167,168,169,170,171,172,173,127,175,176,177,178,179,180,181,182,183,184,185,186,187,188,189,190,191,192,193,194,195,196,197,198,199];False
6994;8523;15517;[60,141,11,3,26,43,18,30,25,9,4,1,75,32,14,15,124,46,174,19,61,41,22,98,24,69,5,27,99,56,63,31,29,33,17,8,36,95,38,39,40,12,42,7,44,45,86,47,48,21,92,51,53,13,54,55,6,57,131,59,2,0,62,96,64,10,121,117,68,20,70,71,72,65,74,84,67,77,76,28,80,81,114,83,52,85,66,87,88,89,73,91,35,93,94,37,23,97,58,79,158,101,16,103,104,105,106,107,108,102,110,111,112,113,109,115,116,34,118,119,120,49,122,123,90,125,126,78,128,129,130,100,132,133,134,135,136,137,138,139,140,50,142,143,144,145,146,147,148,149,150,151,152,153,154,155,156,157,82,159,160,161,162,163,164,165,166,167,168,169,170,171,172,173,127,175,176,177,178,179,180,181,182,183,184,185,186,187,188,189,190,191,192,193,194,195,196,197,198,199];False
6972;8532;15504;[76,141,11,3,26,43,18,30,25,9,4,1,75,32,14,15,124,46,174,19,61,41,22,98,24,69,5,27,99,56,63,31,29,33,17,8,36,95,38,39,40,12,42,7,44,45,86,47,48,21,92,51,53,13,54,55,6,57,60,59,2,0,62,96,64,10,121,117,68,20,70,71,72,65,74,84,67,77,131,28,80,81,114,83,52,85,66,87,88,89,73,91,35,93,94,37,23,97,58,79,158,101,16,103,104,105,106,107,108,102,110,111,112,113,109,115,116,34,118,119,120,49,122,123,90,125,126,78,128,129,130,100,132,133,134,135,136,137,138,139,140,50,142,143,144,145,146,147,148,149,150,151,152,153,154,155,156,157,82,159,160,161,162,163,164,165,166,167,168,169,170,171,172,173,127,175,176,177,178,179,180,181,182,183,184,185,186,187,188,189,190,191,192,193,194,195,196,197,198,199];False
6985;8529;15514;[143,141,11,3,26,43,18,30,25,9,4,1,75,32,14,15,124,46,174,19,61,41,22,98,24,69,5,27,99,56,63,31,29,33,17,8,36,95,38,39,40,12,42,7,44,45,86,47,48,21,92,51,53,13,54,55,6,57,60,59,2,0,62,96,64,10,121,117,68,20,70,71,72,65,74,84,67,77,76,28,80,81,114,83,52,85,66,87,88,89,73,91,35,93,94,37,23,97,58,79,158,101,16,103,104,105,106,107,108,102,110,111,112,113,109,115,116,34,118,119,120,49,122,123,90,125,126,78,128,129,130,100,132,133,134,135,136,137,138,139,140,50,142,131,144,145,146,147,148,149,150,151,152,153,154,155,156,157,82,159,160,161,162,163,164,165,166,167,168,169,170,171,172,173,127,175,176,177,178,179,180,181,182,183,184,185,186,187,188,189,190,191,192,193,194,195,196,197,198,199];False
7003;8518;15521;[151,141,11,3,26,43,18,30,25,9,4,1,75,32,14,15,124,46,174,19,61,41,22,98,24,69,5,27,99,56,63,31,29,33,17,8,36,95,38,39,40,12,42,7,44,45,86,47,48,21,92,51,53,13,54,55,6,57,60,59,2,0,62,96,64,10,121,117,68,20,70,71,72,65,74,84,67,77,76,28,80,81,114,83,52,85,66,87,88,89,73,91,35,93,94,37,23,97,58,79,158,101,16,103,104,105,106,107,108,102,110,111,112,113,109,115,116,34,118,119,120,49,122,123,90,125,126,78,128,129,130,100,132,133,134,135,136,137,138,139,140,50,142,143,144,145,146,147,148,149,150,131,152,153,154,155,156,157,82,159,160,161,162,163,164,165,166,167,168,169,170,171,172,173,127,175,176,177,178,179,180,181,182,183,184,185,186,187,188,189,190,191,192,193,194,195,196,197,198,199];False
6820;8584;15404;[3,141,11,22,26,43,18,30,25,9,4,1,12,32,14,15,124,46,174,19,61,41,151,98,24,69,5,27,99,56,63,31,29,33,17,8,36,95,38,39,40,158,42,7,44,45,86,47,48,21,92,51,53,13,54,55,6,57,60,59,2,0,62,96,64,10,121,117,68,20,70,71,72,65,74,75,67,77,76,28,80,81,114,83,52,85,66,87,88,89,73,91,35,93,94,37,23,97,58,79,100,101,115,16,104,105,106,107,108,102,110,111,112,113,109,84,116,34,118,119,120,49,122,123,90,125,126,78,128,129,130,131,132,133,134,135,136,137,138,139,140,50,142,143,144,145,146,147,148,149,150,103,152,153,154,155,156,157,82,159,160,161,162,163,164,165,166,167,168,169,170,171,172,173,127,175,176,177,178,179,180,181,182,183,184,185,186,187,188,189,190,191,192,193,194,195,196,197,198,199];False
6720;8623;15343;[25,141,11,3,26,43,18,30,42,9,4,1,12,32,14,15,124,46,174,19,61,41,22,98,24,69,5,27,99,56,63,31,29,33,17,8,36,95,38,39,40,158,151,7,44,45,86,47,48,21,92,51,53,13,54,55,6,57,60,59,2,0,62,96,64,10,121,117,68,20,70,71,72,65,74,75,67,77,76,28,80,81,114,83,52,85,66,87,88,89,73,91,35,93,94,37,23,97,58,79,100,101,115,16,104,105,106,107,108,102,110,111,112,113,109,84,116,34,118,119,120,49,122,123,90,125,126,78,128,129,130,131,132,133,134,135,136,137,138,139,140,50,142,143,144,145,146,147,148,149,150,103,152,153,154,155,156,157,82,159,160,161,162,163,164,165,166,167,168,169,170,171,172,173,127,175,176,177,178,179,180,181,182,183,184,185,186,187,188,189,190,191,192,193,194,195,196,197,198,199];False
6705;8631;15336;[14,141,11,3,26,43,18,30,25,9,4,1,12,32,42,15,124,46,174,19,61,41,22,98,24,69,5,27,99,56,63,31,29,33,17,8,36,95,38,39,40,158,151,7,44,45,86,47,48,21,92,51,53,13,54,55,6,57,60,59,2,0,62,96,64,10,121,117,68,20,70,71,72,65,74,75,67,77,76,28,80,81,114,83,52,85,66,87,88,89,73,91,35,93,94,37,23,97,58,79,100,101,115,16,104,105,106,107,108,102,110,111,112,113,109,84,116,34,118,119,120,49,122,123,90,125,126,78,128,129,130,131,132,133,134,135,136,137,138,139,140,50,142,143,144,145,146,147,148,149,150,103,152,153,154,155,156,157,82,159,160,161,162,163,164,165,166,167,168,169,170,171,172,173,127,175,176,177,178,179,180,181,182,183,184,185,186,187,188,189,190,191,192,193,194,195,196,197,198,199];False
6724;8593;15317;[59,141,11,3,26,43,18,30,25,9,4,1,12,32,14,15,124,46,174,19,61,41,22,98,24,69,5,27,99,56,63,31,29,33,17,8,36,95,38,39,40,158,151,7,44,45,86,47,48,21,92,51,53,13,54,55,6,57,60,42,2,0,62,96,64,10,121,117,68,20,70,71,72,65,74,75,67,77,76,28,80,81,114,83,52,85,66,87,88,89,73,91,35,93,94,37,23,97,58,79,100,101,115,16,104,105,106,107,108,102,110,111,112,113,109,84,116,34,118,119,120,49,122,123,90,125,126,78,128,129,130,131,132,133,134,135,136,137,138,139,140,50,142,143,144,145,146,147,148,149,150,103,152,153,154,155,156,157,82,159,160,161,162,163,164,165,166,167,168,169,170,171,172,173,127,175,176,177,178,179,180,181,182,183,184,185,186,187,188,189,190,191,192,193,194,195,196,197,198,199];False
6714;8592;15306;[14,141,11,3,26,43,18,30,25,9,4,1,12,32,10,15,124,46,174,19,61,41,22,98,24,69,5,27,99,56,63,31,29,33,17,8,36,95,38,39,40,158,42,7,44,45,86,47,48,21,92,51,53,13,54,55,6,57,60,59,2,0,62,96,64,151,121,117,68,20,70,71,72,65,74,75,67,77,76,28,80,81,114,83,52,85,66,87,88,89,73,91,35,93,94,37,23,97,58,79,100,101,115,16,104,105,106,107,108,102,110,111,112,113,109,84,116,34,118,119,120,49,122,123,90,125,126,78,128,129,130,131,132,133,134,135,136,137,138,139,140,50,142,143,144,145,146,147,148,149,150,103,152,153,154,155,156,157,82,159,160,161,162,163,164,165,166,167,168,169,170,171,172,173,127,175,176,177,178,179,180,181,182,183,184,185,186,187,188,189,190,191,192,193,194,195,196,197,198,199];False
6842;8574;15416;[19,141,11,3,26,43,18,30,25,9,4,1,12,32,14,15,124,46,174,10,61,41,22,98,24,69,5,27,99,56,63,31,29,33,17,8,36,95,38,39,40,158,42,7,44,45,86,47,48,21,92,51,53,13,54,55,6,57,60,59,2,0,62,96,64,151,121,117,68,20,70,71,72,65,74,75,67,77,76,28,80,81,114,83,52,85,66,87,88,89,73,91,35,93,94,37,23,97,58,79,100,101,115,16,104,105,106,107,108,102,110,111,112,113,109,84,116,34,118,119,120,49,122,123,90,125,126,78,128,129,130,131,132,133,134,135,136,137,138,139,140,50,142,143,144,145,146,147,148,149,150,103,152,153,154,155,156,157,82,159,160,161,162,163,164,165,166,167,168,169,170,171,172,173,127,175,176,177,178,179,180,181,182,183,184,185,186,187,188,189,190,191,192,193,194,195,196,197,198,199];False
6744;8591;15335;[8,141,11,3,26,43,18,30,25,9,4,1,12,32,14,15,124,46,174,19,61,41,22,98,24,69,5,27,99,56,63,31,29,33,17,10,36,95,38,39,40,158,42,7,44,45,86,47,48,21,92,51,53,13,54,55,6,57,60,59,2,0,62,96,64,151,121,117,68,20,70,71,72,65,74,75,67,77,76,28,80,81,114,83,52,85,66,87,88,89,73,91,35,93,94,37,23,97,58,79,100,101,115,16,104,105,106,107,108,102,110,111,112,113,109,84,116,34,118,119,120,49,122,123,90,125,126,78,128,129,130,131,132,133,134,135,136,137,138,139,140,50,142,143,144,145,146,147,148,149,150,103,152,153,154,155,156,157,82,159,160,161,162,163,164,165,166,167,168,169,170,171,172,173,127,175,176,177,178,179,180,181,182,183,184,185,186,187,188,189,190,191,192,193,194,195,196,197,198,199];False
6089;8966;15055;[14,141,11,3,26,96,18,30,25,94,75,1,12,32,103,15,124,9,16,128,61,41,22,23,24,69,5,27,28,56,63,31,29,33,17,35,36,52,60,39,40,49,42,7,44,45,86,47,48,21,50,51,53,13,54,55,6,57,58,59,2,0,77,46,64,10,66,117,68,20,70,71,72,65,8,84,67,81,80,79,38,73,82,83,76,85,122,87,88,89,4,91,109,93,62,95,115,97,98,114,99,101,102,37,104,105,43,107,108,151,110,111,112,113,19,121,116,34,118,119,120,106,74,123,90,125,126,127,100,129,130,131,132,133,134,135,136,137,138,139,140,92,142,143,144,145,146,147,148,149,150,78,152,153,154,155,156,157,158,159,160,161,162,163,164,165,166,167,168,169,170,171,172,173,174,175,176,177,178,179,180,181,182,183,184,185,186,187,188,189,190,191,192,193,194,195,196,197,198,199];False
6072;8981;15053;[104,141,11,3,26,96,18,30,25,94,75,1,12,32,14,15,124,9,16,128,61,41,22,23,24,69,5,27,28,56,63,31,29,33,17,35,36,52,60,39,40,49,42,7,44,45,86,47,48,21,50,51,53,13,54,55,6,57,58,59,2,0,77,46,64,10,66,117,68,20,70,71,72,65,8,84,67,81,80,79,38,73,82,83,76,85,122,87,88,89,4,91,109,93,62,95,115,97,98,114,99,101,102,37,103,105,43,107,108,151,110,111,112,113,19,121,116,34,118,119,120,106,74,123,90,125,126,127,100,129,130,131,132,133,134,135,136,137,138,139,140,92,142,143,144,145,146,147,148,149,150,78,152,153,154,155,156,157,158,159,160,161,162,163,164,165,166,167,168,169,170,171,172,173,174,175,176,177,178,179,180,181,182,183,184,185,186,187,188,189,190,191,192,193,194,195,196,197,198,199];False
6090;8956;15046;[108,141,11,3,26,96,18,30,25,94,75,1,12,32,14,15,124,9,16,128,61,41,22,23,24,69,5,27,28,56,63,31,29,33,17,35,36,52,60,39,40,49,42,7,44,45,86,47,48,21,50,51,53,13,54,55,6,57,58,59,2,0,77,46,64,10,66,117,68,20,70,71,72,65,8,84,67,81,80,79,38,73,82,83,76,85,122,87,88,89,4,91,109,93,62,95,115,97,98,114,99,101,102,37,104,105,43,107,103,151,110,111,112,113,19,121,116,34,118,119,120,106,74,123,90,125,126,127,100,129,130,131,132,133,134,135,136,137,138,139,140,92,142,143,144,145,146,147,148,149,150,78,152,153,154,155,156,157,158,159,160,161,162,163,164,165,166,167,168,169,170,171,172,173,174,175,176,177,178,179,180,181,182,183,184,185,186,187,188,189,190,191,192,193,194,195,196,197,198,199];False
6117;8953;15070;[14,141,11,3,26,96,18,30,25,94,75,1,12,32,72,15,124,9,16,103,61,41,22,23,24,69,5,27,28,56,63,31,29,33,17,35,36,52,60,39,40,49,42,7,44,45,86,47,48,21,50,51,53,13,54,55,6,57,58,59,2,0,77,46,64,10,66,117,68,20,70,71,128,65,8,84,67,81,80,79,38,73,82,83,76,85,122,87,88,89,4,91,109,93,62,95,115,97,98,114,99,101,102,37,104,105,43,107,108,151,110,111,112,113,19,121,116,34,118,119,120,106,74,123,90,125,126,127,100,129,130,131,132,133,134,135,136,137,138,139,140,92,142,143,144,145,146,147,148,149,150,78,152,153,154,155,156,157,158,159,160,161,162,163,164,165,166,167,168,169,170,171,172,173,174,175,176,177,178,179,180,181,182,183,184,185,186,187,188,189,190,191,192,193,194,195,196,197,198,199];False
6141;8880;15021;[14,141,11,3,26,96,18,30,25,94,75,1,12,32,28,15,124,9,172,103,61,41,22,23,24,69,5,27,16,56,63,31,29,33,17,35,36,52,60,39,40,49,42,7,44,45,86,47,48,21,50,51,53,13,54,55,6,57,58,59,2,0,77,46,64,10,66,117,68,20,70,71,72,65,8,84,67,81,80,79,38,73,82,83,76,85,122,87,88,89,4,91,109,93,62,95,115,97,98,114,100,101,102,37,104,105,43,107,108,151,110,111,112,113,19,121,116,34,118,119,120,106,74,123,90,125,126,127,128,129,130,131,132,133,134,135,136,137,138,139,140,92,142,143,144,145,146,147,148,149,150,78,152,153,154,155,156,157,158,159,160,161,162,163,164,165,166,167,168,169,170,171,99,173,174,175,176,177,178,179,180,181,182,183,184,185,186,187,188,189,190,191,192,193,194,195,196,197,198,199];False
6154;8867;15021;[103,141,11,3,26,96,18,30,25,94,75,1,12,32,14,15,124,9,172,28,61,41,22,23,24,69,5,27,16,56,63,31,29,33,17,35,36,52,60,39,40,49,42,7,44,45,86,47,48,21,50,51,53,13,54,55,6,57,58,59,2,0,77,46,64,10,66,117,68,20,70,71,72,65,8,84,67,81,80,79,38,73,82,83,76,85,122,87,88,89,4,91,109,93,62,95,115,97,98,114,100,101,102,37,104,105,43,107,108,151,110,111,112,113,19,121,116,34,118,119,120,106,74,123,90,125,126,127,128,129,130,131,132,133,134,135,136,137,138,139,140,92,142,143,144,145,146,147,148,149,150,78,152,153,154,155,156,157,158,159,160,161,162,163,164,165,166,167,168,169,170,171,99,173,174,175,176,177,178,179,180,181,182,183,184,185,186,187,188,189,190,191,192,193,194,195,196,197,198,199];False
6108;8933;15041;[132,141,11,3,26,96,18,30,25,94,75,1,12,32,14,15,124,9,172,103,61,41,22,23,24,69,5,27,28,56,63,31,29,33,17,35,36,52,60,39,40,49,42,7,44,45,86,47,48,21,50,51,53,13,54,55,6,57,58,59,2,0,77,46,64,10,66,117,68,20,70,71,72,65,8,84,67,81,80,79,38,73,82,83,76,85,122,87,88,89,4,91,109,93,62,95,115,97,98,114,100,101,102,37,104,105,43,107,108,151,110,111,112,113,19,121,116,16,118,119,120,106,74,123,90,125,126,127,128,129,130,131,34,133,134,135,136,137,138,139,140,92,142,143,144,145,146,147,148,149,150,78,152,153,154,155,156,157,158,159,160,161,162,163,164,165,166,167,168,169,170,171,99,173,174,175,176,177,178,179,180,181,182,183,184,185,186,187,188,189,190,191,192,193,194,195,196,197,198,199];False
6136;8878;15014;[143,141,11,3,26,96,18,30,25,94,75,1,12,32,14,15,124,9,172,103,61,41,22,23,24,69,5,27,28,56,63,31,29,33,17,35,36,52,60,39,40,49,42,7,44,45,86,47,48,21,50,51,53,13,54,55,6,57,58,59,2,0,77,46,64,10,66,117,68,20,70,71,72,65,8,84,67,81,80,79,38,73,82,83,76,85,122,87,88,89,4,91,109,93,62,95,115,97,98,114,100,101,102,37,104,105,43,107,108,151,110,111,112,113,19,121,116,16,118,119,120,106,74,123,90,125,126,127,128,129,130,131,132,133,134,135,136,137,138,139,140,92,142,34,144,145,146,147,148,149,150,78,152,153,154,155,156,157,158,159,160,161,162,163,164,165,166,167,168,169,170,171,99,173,174,175,176,177,178,179,180,181,182,183,184,185,186,187,188,189,190,191,192,193,194,195,196,197,198,199];False
6117;8872;14989;[146,141,11,3,26,96,18,30,25,94,75,1,12,32,14,15,124,9,172,103,61,41,22,23,24,69,5,27,28,56,63,31,29,33,17,35,36,52,60,39,40,49,42,7,44,45,86,47,48,21,50,51,53,13,54,55,6,57,58,59,2,0,77,46,64,10,66,117,68,20,70,71,72,65,8,84,67,81,80,79,38,73,82,83,76,85,122,87,88,89,4,91,109,93,62,95,115,97,98,114,100,101,102,37,104,105,43,107,108,151,110,111,112,113,19,121,116,16,118,119,120,106,74,123,90,125,126,127,128,129,130,131,132,133,134,135,136,137,138,139,140,92,142,143,144,145,34,147,148,149,150,78,152,153,154,155,156,157,158,159,160,161,162,163,164,165,166,167,168,169,170,171,99,173,174,175,176,177,178,179,180,181,182,183,184,185,186,187,188,189,190,191,192,193,194,195,196,197,198,199];False
6109;8862;14971;[149,141,11,3,26,96,18,30,25,94,75,1,12,32,14,15,124,9,172,103,61,41,22,23,24,69,5,27,28,56,63,31,29,33,17,35,36,52,60,39,40,49,42,7,44,45,86,47,48,21,50,51,53,13,54,55,6,57,58,59,2,0,77,46,64,10,66,117,68,20,70,71,72,65,8,84,67,81,80,79,38,73,82,83,76,85,122,87,88,89,4,91,109,93,62,95,115,97,98,114,100,101,102,37,104,105,43,107,108,151,110,111,112,113,19,121,116,16,118,119,120,106,74,123,90,125,126,127,128,129,130,131,132,133,134,135,136,137,138,139,140,92,142,143,144,145,146,147,148,34,150,78,152,153,154,155,156,157,158,159,160,161,162,163,164,165,166,167,168,169,170,171,99,173,174,175,176,177,178,179,180,181,182,183,184,185,186,187,188,189,190,191,192,193,194,195,196,197,198,199];False
6186;8831;15017;[158,141,11,3,26,96,18,30,25,94,75,1,12,32,14,15,124,9,172,103,61,41,22,23,24,69,5,27,28,56,63,31,29,33,17,35,36,52,60,39,40,49,42,7,44,45,86,47,48,21,50,51,53,13,54,55,6,57,58,59,2,0,77,46,64,10,66,117,68,20,70,71,72,65,8,84,67,81,80,79,38,73,82,83,76,85,122,87,88,89,4,91,109,93,62,95,115,97,98,114,100,101,102,37,104,105,43,107,108,151,110,111,112,113,19,121,116,16,118,119,120,106,74,123,90,125,126,127,128,129,130,131,132,133,134,135,136,137,138,139,140,92,142,143,144,145,146,147,148,149,150,78,152,153,154,155,156,157,34,159,160,161,162,163,164,165,166,167,168,169,170,171,99,173,174,175,176,177,178,179,180,181,182,183,184,185,186,187,188,189,190,191,192,193,194,195,196,197,198,199];False
6078;8874;14952;[185,141,11,3,26,96,18,30,25,94,75,1,12,32,14,15,124,9,172,103,61,41,22,23,24,69,5,27,28,56,63,31,29,33,17,35,36,52,60,39,40,49,42,7,44,45,86,47,48,21,50,51,53,13,54,55,6,57,58,59,2,0,77,46,64,10,66,117,68,20,70,71,72,65,8,84,67,81,80,79,38,73,82,83,76,85,122,87,88,89,4,91,109,93,62,95,115,97,98,114,100,101,102,37,104,105,43,107,108,151,110,111,112,113,19,121,116,16,118,119,120,106,74,123,90,125,126,127,128,129,130,131,132,133,134,135,136,137,138,139,140,92,142,143,144,145,146,147,148,149,150,78,152,153,154,155,156,157,158,159,160,161,162,163,164,165,166,167,168,169,170,171,99,173,174,175,176,177,178,179,180,181,182,183,184,34,186,187,188,189,190,191,192,193,194,195,196,197,198,199];False
6144;8856;15000;[198,141,11,3,26,96,18,30,25,94,75,1,12,32,14,15,124,9,172,103,61,41,22,23,24,69,5,27,28,56,63,31,29,33,17,35,36,52,60,39,40,49,42,7,44,45,86,47,48,21,50,51,53,13,54,55,6,57,58,59,2,0,77,46,64,10,66,117,68,20,70,71,72,65,8,84,67,81,80,79,38,73,82,83,76,85,122,87,88,89,4,91,109,93,62,95,115,97,98,114,100,101,102,37,104,105,43,107,108,151,110,111,112,113,19,121,116,16,118,119,120,106,74,123,90,125,126,127,128,129,130,131,132,133,134,135,136,137,138,139,140,92,142,143,144,145,146,147,148,149,150,78,152,153,154,155,156,157,158,159,160,161,162,163,164,165,166,167,168,169,170,171,99,173,174,175,176,177,178,179,180,181,182,183,184,185,186,187,188,189,190,191,192,193,194,195,196,197,34,199];False
6235;8811;15046;[14,141,11,3,26,108,18,30,25,94,75,1,12,32,115,15,124,9,16,19,61,41,22,23,24,69,5,27,28,56,63,31,29,33,17,35,36,52,60,39,121,49,42,7,44,45,86,47,48,21,50,51,53,13,54,55,6,57,58,59,2,0,77,46,64,10,66,117,68,20,70,71,72,65,74,84,67,81,80,79,38,73,82,83,76,85,40,87,88,89,4,91,109,93,62,95,8,97,98,96,100,101,102,37,104,105,43,107,103,151,110,114,112,113,106,154,116,34,118,119,120,111,122,123,90,125,126,127,128,129,130,131,132,133,134,135,136,137,138,139,140,92,142,143,144,145,146,147,148,149,150,78,152,153,99,155,156,157,158,159,160,161,162,163,164,165,166,167,168,169,170,171,172,173,174,175,176,177,178,179,180,181,182,183,184,185,186,187,188,189,190,191,192,193,194,195,196,197,198,199];False
6314;8783;15097;[19,141,11,3,26,108,18,30,25,94,75,1,12,32,14,15,124,9,16,115,61,41,22,23,24,69,5,27,28,56,63,31,29,33,17,35,36,52,60,39,121,49,42,7,44,45,86,47,48,21,50,51,53,13,54,55,6,57,58,59,2,0,77,46,64,10,66,117,68,20,70,71,72,65,74,84,67,81,80,79,38,73,82,83,76,85,40,87,88,89,4,91,109,93,62,95,8,97,98,96,100,101,102,37,104,105,43,107,103,151,110,114,112,113,106,154,116,34,118,119,120,111,122,123,90,125,126,127,128,129,130,131,132,133,134,135,136,137,138,139,140,92,142,143,144,145,146,147,148,149,150,78,152,153,99,155,156,157,158,159,160,161,162,163,164,165,166,167,168,169,170,171,172,173,174,175,176,177,178,179,180,181,182,183,184,185,186,187,188,189,190,191,192,193,194,195,196,197,198,199];False
6307;8782;15089;[60,141,11,3,26,108,18,30,25,94,75,1,12,32,14,15,124,9,16,19,61,41,22,23,24,69,5,27,28,56,63,31,29,33,17,35,36,52,115,39,121,49,42,7,44,45,86,47,48,21,50,51,53,13,54,55,6,57,58,59,2,0,77,46,64,10,66,117,68,20,70,71,72,65,74,84,67,81,80,79,38,73,82,83,76,85,40,87,88,89,4,91,109,93,62,95,8,97,98,96,100,101,102,37,104,105,43,107,103,151,110,114,112,113,106,154,116,34,118,119,120,111,122,123,90,125,126,127,128,129,130,131,132,133,134,135,136,137,138,139,140,92,142,143,144,145,146,147,148,149,150,78,152,153,99,155,156,157,158,159,160,161,162,163,164,165,166,167,168,169,170,171,172,173,174,175,176,177,178,179,180,181,182,183,184,185,186,187,188,189,190,191,192,193,194,195,196,197,198,199];False
6360;8772;15132;[64,141,11,3,26,108,18,30,25,94,75,1,12,32,14,15,124,9,16,19,61,41,22,23,24,69,5,27,28,56,63,31,29,33,17,35,36,52,60,39,121,49,42,7,44,45,86,47,48,21,50,51,53,13,54,55,6,57,58,59,2,0,77,46,115,10,66,117,68,20,70,71,72,65,74,84,67,81,80,79,38,73,82,83,76,85,40,87,88,89,4,91,109,93,62,95,8,97,98,96,100,101,102,37,104,105,43,107,103,151,110,114,112,113,106,154,116,34,118,119,120,111,122,123,90,125,126,127,128,129,130,131,132,133,134,135,136,137,138,139,140,92,142,143,144,145,146,147,148,149,150,78,152,153,99,155,156,157,158,159,160,161,162,163,164,165,166,167,168,169,170,171,172,173,174,175,176,177,178,179,180,181,182,183,184,185,186,187,188,189,190,191,192,193,194,195,196,197,198,199];False
6415;8767;15182;[79,141,11,3,26,108,18,30,25,94,75,1,12,32,14,15,124,9,16,19,61,41,22,23,24,69,5,27,28,56,63,31,29,33,17,35,36,52,60,39,121,49,42,7,44,45,86,47,48,21,50,51,53,13,54,55,6,57,58,59,2,0,77,46,64,10,66,117,68,20,70,71,72,65,74,84,67,81,80,115,38,73,82,83,76,85,40,87,88,89,4,91,109,93,62,95,8,97,98,96,100,101,102,37,104,105,43,107,103,151,110,114,112,113,106,154,116,34,118,119,120,111,122,123,90,125,126,127,128,129,130,131,132,133,134,135,136,137,138,139,140,92,142,143,144,145,146,147,148,149,150,78,152,153,99,155,156,157,158,159,160,161,162,163,164,165,166,167,168,169,170,171,172,173,174,175,176,177,178,179,180,181,182,183,184,185,186,187,188,189,190,191,192,193,194,195,196,197,198,199];False
6214;8792;15006;[8,141,11,3,26,108,18,30,25,94,75,1,12,32,14,15,124,9,16,19,61,41,22,23,24,69,5,27,28,56,63,31,29,33,17,35,36,52,60,39,121,49,42,7,44,45,86,47,48,21,50,51,53,13,54,55,6,57,58,59,2,0,77,46,64,10,66,117,68,20,70,71,72,65,74,84,67,81,80,79,38,73,82,83,76,85,40,87,88,89,4,91,109,93,62,95,115,97,98,96,100,101,102,37,104,105,43,107,103,151,110,114,112,113,106,154,116,34,118,119,120,111,122,123,90,125,126,127,128,129,130,131,132,133,134,135,136,137,138,139,140,92,142,143,144,145,146,147,148,149,150,78,152,153,99,155,156,157,158,159,160,161,162,163,164,165,166,167,168,169,170,171,172,173,174,175,176,177,178,179,180,181,182,183,184,185,186,187,188,189,190,191,192,193,194,195,196,197,198,199];False
6316;8775;15091;[102,141,11,3,26,108,18,30,25,94,75,1,12,32,14,15,124,9,16,19,61,41,22,23,24,69,5,27,28,56,63,31,29,33,17,35,36,52,60,39,121,49,42,7,44,45,86,47,48,21,50,51,53,13,54,55,6,57,58,59,2,0,77,46,64,10,66,117,68,20,70,71,72,65,74,84,67,81,80,79,38,73,82,83,76,85,40,87,88,89,4,91,109,93,62,95,8,97,98,96,100,101,115,37,104,105,43,107,103,151,110,114,112,113,106,154,116,34,118,119,120,111,122,123,90,125,126,127,128,129,130,131,132,133,134,135,136,137,138,139,140,92,142,143,144,145,146,147,148,149,150,78,152,153,99,155,156,157,158,159,160,161,162,163,164,165,166,167,168,169,170,171,172,173,174,175,176,177,178,179,180,181,182,183,184,185,186,187,188,189,190,191,192,193,194,195,196,197,198,199];False
6266;8784;15050;[103,141,11,3,26,108,18,30,25,94,75,1,12,32,14,15,124,9,16,19,61,41,22,23,24,69,5,27,28,56,63,31,29,33,17,35,36,52,60,39,121,49,42,7,44,45,86,47,48,21,50,51,53,13,54,55,6,57,58,59,2,0,77,46,64,10,66,117,68,20,70,71,72,65,74,84,67,81,80,79,38,73,82,83,76,85,40,87,88,89,4,91,109,93,62,95,8,97,98,96,100,101,102,37,104,105,43,107,115,151,110,114,112,113,106,154,116,34,118,119,120,111,122,123,90,125,126,127,128,129,130,131,132,133,134,135,136,137,138,139,140,92,142,143,144,145,146,147,148,149,150,78,152,153,99,155,156,157,158,159,160,161,162,163,164,165,166,167,168,169,170,171,172,173,174,175,176,177,178,179,180,181,182,183,184,185,186,187,188,189,190,191,192,193,194,195,196,197,198,199];False
6254;8777;15031;[127,141,11,3,26,108,18,30,25,94,75,1,12,32,14,15,124,9,16,19,61,41,22,23,24,69,5,27,28,56,63,31,29,33,17,35,36,52,60,39,121,49,42,7,44,45,86,47,48,21,50,51,53,13,54,55,6,57,58,59,2,0,77,46,64,10,66,117,68,20,70,71,72,65,74,84,67,81,80,79,38,73,82,83,76,85,40,87,88,89,4,91,109,93,62,95,8,97,98,96,100,101,102,37,104,105,43,107,103,151,110,114,112,113,106,154,116,34,118,119,120,111,122,123,90,125,126,115,128,129,130,131,132,133,134,135,136,137,138,139,140,92,142,143,144,145,146,147,148,149,150,78,152,153,99,155,156,157,158,159,160,161,162,163,164,165,166,167,168,169,170,171,172,173,174,175,176,177,178,179,180,181,182,183,184,185,186,187,188,189,190,191,192,193,194,195,196,197,198,199];False
6455;8762;15217;[52,141,11,3,26,108,18,30,25,94,75,1,12,32,14,15,124,9,142,19,61,41,22,23,24,69,5,27,28,56,63,31,29,33,17,35,36,102,60,39,121,49,42,7,44,45,86,47,48,21,50,51,53,13,54,55,6,57,58,59,2,0,77,46,64,10,66,117,68,20,70,71,72,65,74,84,67,81,80,79,38,73,82,83,76,85,40,87,88,89,4,91,109,93,62,95,8,97,98,96,100,101,16,37,104,105,43,107,103,151,110,114,112,113,106,115,116,34,118,119,120,111,122,123,90,125,126,127,128,129,130,131,132,133,134,135,136,137,138,139,140,99,92,143,144,145,146,147,148,149,150,78,152,153,154,155,156,157,158,159,160,161,162,163,164,165,166,167,168,169,170,171,172,173,174,175,176,177,178,179,180,181,182,183,184,185,186,187,188,189,190,191,192,193,194,195,196,197,198,199];False
6444;8759;15203;[127,141,11,3,26,108,18,30,25,94,75,1,12,32,14,15,124,9,142,19,61,41,22,23,24,69,5,27,28,56,63,31,29,33,17,35,36,52,60,39,121,49,42,7,44,45,86,47,48,21,50,51,53,13,54,55,6,57,58,59,2,0,77,46,64,10,66,117,68,20,70,71,72,65,74,84,67,81,80,79,38,73,82,83,76,85,40,87,88,89,4,91,109,93,62,95,8,97,98,96,100,101,16,37,104,105,43,107,103,151,110,114,112,113,106,115,116,34,118,119,120,111,122,123,90,125,126,102,128,129,130,131,132,133,134,135,136,137,138,139,140,99,92,143,144,145,146,147,148,149,150,78,152,153,154,155,156,157,158,159,160,161,162,163,164,165,166,167,168,169,170,171,172,173,174,175,176,177,178,179,180,181,182,183,184,185,186,187,188,189,190,191,192,193,194,195,196,197,198,199];False
6600;8673;15273;[88,141,11,3,26,43,18,30,25,9,4,1,12,32,139,15,124,46,174,19,61,41,22,40,24,69,5,27,99,56,63,31,29,33,17,8,36,95,38,85,14,60,42,7,44,45,100,47,48,21,92,51,53,13,54,55,6,57,58,59,2,0,62,96,64,10,66,117,68,20,70,71,72,65,74,84,67,75,76,28,80,81,39,83,52,37,86,87,77,89,73,91,35,93,94,109,23,97,98,79,114,101,16,142,104,105,106,107,108,102,110,111,112,113,49,115,116,34,118,119,120,121,122,123,90,125,126,78,128,129,130,131,132,133,134,135,136,137,138,103,140,50,82,143,144,145,146,147,148,149,150,151,152,153,154,155,156,157,158,159,160,161,162,163,164,165,166,167,168,169,170,171,172,173,127,175,176,177,178,179,180,181,182,183,184,185,186,187,188,189,190,191,192,193,194,195,196,197,198,199];False
6646;8656;15302;[115,141,11,3,26,43,18,30,25,9,4,1,12,32,139,15,124,46,174,19,61,41,22,40,24,69,5,27,99,56,63,31,29,33,17,8,36,95,38,85,14,60,42,7,44,45,100,47,48,21,92,51,53,13,54,55,6,57,58,59,2,0,62,96,64,10,66,117,68,20,70,71,72,65,74,84,67,75,76,28,80,81,39,83,52,37,86,87,88,89,73,91,35,93,94,109,23,97,98,79,114,101,16,142,104,105,106,107,108,102,110,111,112,113,49,77,116,34,118,119,120,121,122,123,90,125,126,78,128,129,130,131,132,133,134,135,136,137,138,103,140,50,82,143,144,145,146,147,148,149,150,151,152,153,154,155,156,157,158,159,160,161,162,163,164,165,166,167,168,169,170,171,172,173,127,175,176,177,178,179,180,181,182,183,184,185,186,187,188,189,190,191,192,193,194,195,196,197,198,199];False
6634;8669;15303;[37,141,11,3,26,43,18,30,25,9,4,1,12,32,139,15,124,46,174,88,61,41,22,40,24,69,5,27,99,56,63,31,29,33,17,8,36,95,38,85,14,60,42,7,44,45,100,47,48,21,92,51,53,13,54,55,6,57,58,59,2,0,62,96,64,10,66,117,68,20,70,71,72,65,74,75,67,77,76,28,80,81,39,83,52,19,86,87,84,89,73,91,35,93,94,109,23,97,98,79,114,101,16,142,104,105,106,107,108,102,110,111,112,113,49,115,116,34,118,119,120,121,122,123,90,125,126,78,128,129,130,131,132,133,134,135,136,137,138,103,140,50,82,143,144,145,146,147,148,149,150,151,152,153,154,155,156,157,158,159,160,161,162,163,164,165,166,167,168,169,170,171,172,173,127,175,176,177,178,179,180,181,182,183,184,185,186,187,188,189,190,191,192,193,194,195,196,197,198,199];False
6620;8668;15288;[101,141,11,3,26,43,18,30,25,9,4,1,12,32,139,15,124,46,174,88,61,41,22,40,24,69,5,27,99,56,63,31,29,33,17,8,36,95,38,85,14,60,42,7,44,45,100,47,48,21,92,51,53,13,54,55,6,57,58,59,2,0,62,96,64,10,66,117,68,20,70,71,72,65,74,75,67,77,76,28,80,81,39,83,52,37,86,87,84,89,73,91,35,93,94,109,23,97,98,79,114,19,16,142,104,105,106,107,108,102,110,111,112,113,49,115,116,34,118,119,120,121,122,123,90,125,126,78,128,129,130,131,132,133,134,135,136,137,138,103,140,50,82,143,144,145,146,147,148,149,150,151,152,153,154,155,156,157,158,159,160,161,162,163,164,165,166,167,168,169,170,171,172,173,127,175,176,177,178,179,180,181,182,183,184,185,186,187,188,189,190,191,192,193,194,195,196,197,198,199];False
6576;8681;15257;[106,141,11,3,26,43,18,30,25,9,4,1,12,32,139,15,124,46,174,88,61,41,22,40,24,69,5,27,99,56,63,31,29,33,17,8,36,95,38,85,14,60,42,7,44,45,100,47,48,21,92,51,53,13,54,55,6,57,58,59,2,0,62,96,64,10,66,117,68,20,70,71,72,65,74,75,67,77,76,28,80,81,39,83,52,37,86,87,84,89,73,91,35,93,94,109,23,97,98,79,114,101,16,142,104,105,19,107,108,102,110,111,112,113,49,115,116,34,118,119,120,121,122,123,90,125,126,78,128,129,130,131,132,133,134,135,136,137,138,103,140,50,82,143,144,145,146,147,148,149,150,151,152,153,154,155,156,157,158,159,160,161,162,163,164,165,166,167,168,169,170,171,172,173,127,175,176,177,178,179,180,181,182,183,184,185,186,187,188,189,190,191,192,193,194,195,196,197,198,199];False
6592;8673;15265;[107,141,11,3,26,43,18,30,25,9,4,1,12,32,139,15,124,46,174,88,61,41,22,40,24,69,5,27,99,56,63,31,29,33,17,8,36,95,38,85,14,60,42,7,44,45,100,47,48,21,92,51,53,13,54,55,6,57,58,59,2,0,62,96,64,10,66,117,68,20,70,71,72,65,74,75,67,77,76,28,80,81,39,83,52,37,86,87,84,89,73,91,35,93,94,109,23,97,98,79,114,101,16,142,104,105,106,19,108,102,110,111,112,113,49,115,116,34,118,119,120,121,122,123,90,125,126,78,128,129,130,131,132,133,134,135,136,137,138,103,140,50,82,143,144,145,146,147,148,149,150,151,152,153,154,155,156,157,158,159,160,161,162,163,164,165,166,167,168,169,170,171,172,173,127,175,176,177,178,179,180,181,182,183,184,185,186,187,188,189,190,191,192,193,194,195,196,197,198,199];False
6618;8669;15287;[49,141,11,3,26,43,18,30,25,9,4,1,12,32,139,15,124,46,174,88,61,41,22,40,24,69,5,27,99,56,63,31,29,33,17,8,36,95,38,85,14,60,42,7,44,45,100,47,48,21,92,51,53,13,54,55,6,57,58,59,2,0,62,96,64,10,66,117,68,20,70,71,72,65,74,75,67,77,76,28,80,81,39,83,52,37,86,87,84,89,73,91,35,93,94,109,23,97,98,79,114,101,16,142,104,105,106,107,108,102,110,111,112,113,19,115,116,34,118,119,120,121,122,123,90,125,126,78,128,129,130,131,132,133,134,135,136,137,138,103,140,50,82,143,144,145,146,147,148,149,150,151,152,153,154,155,156,157,158,159,160,161,162,163,164,165,166,167,168,169,170,171,172,173,127,175,176,177,178,179,180,181,182,183,184,185,186,187,188,189,190,191,192,193,194,195,196,197,198,199];False
6534;8689;15223;[115,141,11,3,26,43,18,30,25,9,4,1,12,32,139,15,124,46,174,88,61,41,22,40,24,69,5,27,99,56,63,31,29,33,17,8,36,95,38,85,14,60,42,7,44,45,100,47,48,21,92,51,53,13,54,55,6,57,58,59,2,0,62,96,64,10,66,117,68,20,70,71,72,65,74,75,67,77,76,28,80,81,39,83,52,37,86,87,84,89,73,91,35,93,94,109,23,97,98,79,114,101,16,142,104,105,106,107,108,102,110,111,112,113,49,19,116,34,118,119,120,121,122,123,90,125,126,78,128,129,130,131,132,133,134,135,136,137,138,103,140,50,82,143,144,145,146,147,148,149,150,151,152,153,154,155,156,157,158,159,160,161,162,163,164,165,166,167,168,169,170,171,172,173,127,175,176,177,178,179,180,181,182,183,184,185,186,187,188,189,190,191,192,193,194,195,196,197,198,199];False
6488;8705;15193;[121,141,11,3,26,43,18,30,25,9,4,1,12,32,139,15,124,46,174,88,61,41,22,40,24,69,5,27,99,56,63,31,29,33,17,8,36,95,38,85,14,60,42,7,44,45,100,47,48,21,92,51,53,13,54,55,6,57,58,59,2,0,62,96,64,10,66,117,68,20,70,71,72,65,74,75,67,77,76,28,80,81,39,83,52,37,86,87,84,89,73,91,35,93,94,109,23,97,98,79,114,101,16,142,104,105,106,107,108,102,110,111,112,113,49,115,116,34,118,119,120,19,122,123,90,125,126,78,128,129,130,131,132,133,134,135,136,137,138,103,140,50,82,143,144,145,146,147,148,149,150,151,152,153,154,155,156,157,158,159,160,161,162,163,164,165,166,167,168,169,170,171,172,173,127,175,176,177,178,179,180,181,182,183,184,185,186,187,188,189,190,191,192,193,194,195,196,197,198,199];False
6523;8674;15197;[131,141,11,3,26,43,18,30,25,9,4,1,12,32,139,15,124,46,174,88,61,41,22,40,24,69,5,27,99,56,63,31,29,33,17,8,36,95,38,85,14,60,42,7,44,45,100,47,48,21,92,51,53,13,54,55,6,57,58,59,2,0,62,96,64,10,66,117,68,20,70,71,72,65,74,75,67,77,76,28,80,81,39,83,52,37,86,87,84,89,73,91,35,93,94,109,23,97,98,79,114,101,16,142,104,105,106,107,108,102,110,111,112,113,49,115,116,34,118,119,120,121,122,123,90,125,126,78,128,129,130,19,132,133,134,135,136,137,138,103,140,50,82,143,144,145,146,147,148,149,150,151,152,153,154,155,156,157,158,159,160,161,162,163,164,165,166,167,168,169,170,171,172,173,127,175,176,177,178,179,180,181,182,183,184,185,186,187,188,189,190,191,192,193,194,195,196,197,198,199];False
6481;8742;15223;[49,141,11,3,26,43,18,30,25,9,4,1,12,32,139,15,124,46,174,19,61,41,22,23,24,69,5,27,99,56,63,31,29,33,17,8,36,95,38,85,14,60,42,7,44,45,100,47,48,21,92,51,53,13,54,55,6,57,58,59,2,0,62,96,64,10,66,117,68,20,70,71,72,65,74,75,67,88,76,28,80,81,39,83,40,37,86,87,77,89,73,91,35,93,94,109,84,97,98,79,114,101,16,142,104,105,106,107,108,102,110,111,112,113,52,115,116,34,118,119,120,121,122,123,90,125,126,78,128,129,130,131,132,133,134,135,136,137,138,103,140,50,82,143,144,145,146,147,148,149,150,151,152,153,154,155,156,157,158,159,160,161,162,163,164,165,166,167,168,169,170,171,172,173,127,175,176,177,178,179,180,181,182,183,184,185,186,187,188,189,190,191,192,193,194,195,196,197,198,199];False
6426;8763;15189;[121,141,11,3,26,43,18,30,25,9,4,1,12,32,139,15,124,46,174,19,61,41,22,23,24,69,5,27,99,56,63,31,29,33,17,8,36,95,38,85,14,60,42,7,44,45,100,47,48,21,92,51,53,13,54,55,6,57,58,59,2,0,62,96,64,10,66,117,68,20,70,71,72,65,74,75,67,88,76,28,80,81,39,83,40,37,86,87,77,89,73,91,35,93,94,109,84,97,98,79,114,101,16,142,104,105,106,107,108,102,110,111,112,113,49,115,116,34,118,119,120,52,122,123,90,125,126,78,128,129,130,131,132,133,134,135,136,137,138,103,140,50,82,143,144,145,146,147,148,149,150,151,152,153,154,155,156,157,158,159,160,161,162,163,164,165,166,167,168,169,170,171,172,173,127,175,176,177,178,179,180,181,182,183,184,185,186,187,188,189,190,191,192,193,194,195,196,197,198,199];False
6481;8739;15220;[125,141,11,3,26,43,18,30,25,9,4,1,12,32,139,15,124,46,174,19,61,41,22,23,24,69,5,27,99,56,63,31,29,33,17,8,36,95,38,85,14,60,42,7,44,45,100,47,48,21,92,51,53,13,54,55,6,57,58,59,2,0,62,96,64,10,66,117,68,20,70,71,72,65,74,75,67,88,76,28,80,81,39,83,40,37,86,87,77,89,73,91,35,93,94,109,84,97,98,79,114,101,16,142,104,105,106,107,108,102,110,111,112,113,49,115,116,34,118,119,120,121,122,123,90,52,126,78,128,129,130,131,132,133,134,135,136,137,138,103,140,50,82,143,144,145,146,147,148,149,150,151,152,153,154,155,156,157,158,159,160,161,162,163,164,165,166,167,168,169,170,171,172,173,127,175,176,177,178,179,180,181,182,183,184,185,186,187,188,189,190,191,192,193,194,195,196,197,198,199];False
6471;8737;15208;[149,141,11,3,26,43,18,30,25,9,4,1,12,32,139,15,124,46,174,19,61,41,22,23,24,69,5,27,99,56,63,31,29,33,17,8,36,95,38,85,14,60,42,7,44,45,100,47,48,21,92,51,53,13,54,55,6,57,58,59,2,0,62,96,64,10,66,117,68,20,70,71,72,65,74,75,67,88,76,28,80,81,39,83,40,37,86,87,77,89,73,91,35,93,94,109,84,97,98,79,114,101,16,142,104,105,106,107,108,102,110,111,112,113,49,115,116,34,118,119,120,121,122,123,90,125,126,78,128,129,130,131,132,133,134,135,136,137,138,103,140,50,82,143,144,145,146,147,148,52,150,151,152,153,154,155,156,157,158,159,160,161,162,163,164,165,166,167,168,169,170,171,172,173,127,175,176,177,178,179,180,181,182,183,184,185,186,187,188,189,190,191,192,193,194,195,196,197,198,199];False
6478;8735;15213;[155,141,11,3,26,43,18,30,25,9,4,1,12,32,139,15,124,46,174,19,61,41,22,23,24,69,5,27,99,56,63,31,29,33,17,8,36,95,38,85,14,60,42,7,44,45,100,47,48,21,92,51,53,13,54,55,6,57,58,59,2,0,62,96,64,10,66,117,68,20,70,71,72,65,74,75,67,88,76,28,80,81,39,83,40,37,86,87,77,89,73,91,35,93,94,109,84,97,98,79,114,101,16,142,104,105,106,107,108,102,110,111,112,113,49,115,116,34,118,119,120,121,122,123,90,125,126,78,128,129,130,131,132,133,134,135,136,137,138,103,140,50,82,143,144,145,146,147,148,149,150,151,152,153,154,52,156,157,158,159,160,161,162,163,164,165,166,167,168,169,170,171,172,173,127,175,176,177,178,179,180,181,182,183,184,185,186,187,188,189,190,191,192,193,194,195,196,197,198,199];False
6447;8724;15171;[159,141,11,3,26,43,18,30,25,9,4,1,12,32,139,15,124,46,174,19,61,41,22,23,24,69,5,27,99,56,63,31,29,33,17,8,36,95,38,85,14,60,42,7,44,45,100,47,48,21,92,51,53,13,54,55,6,57,58,59,2,0,62,96,64,10,66,117,68,20,70,71,72,65,74,75,67,88,76,28,80,81,39,83,40,37,86,87,77,89,73,91,35,93,94,109,84,97,98,79,114,101,16,142,104,105,106,107,108,102,110,111,112,113,49,115,116,34,118,119,120,121,122,123,90,125,126,78,128,129,130,131,132,133,134,135,136,137,138,103,140,50,82,143,144,145,146,147,148,149,150,151,152,153,154,155,156,157,158,52,160,161,162,163,164,165,166,167,168,169,170,171,172,173,127,175,176,177,178,179,180,181,182,183,184,185,186,187,188,189,190,191,192,193,194,195,196,197,198,199];False
6618;8661;15279;[92,141,11,3,26,43,18,30,25,9,4,1,12,32,14,15,124,46,174,88,61,41,22,40,24,69,5,27,99,56,63,31,29,33,17,8,36,95,38,85,151,60,42,7,44,45,100,47,48,21,121,51,53,13,54,55,6,57,58,59,2,0,62,96,64,10,66,117,68,20,70,71,72,65,74,75,67,77,76,28,80,81,39,83,52,37,86,87,84,89,73,91,35,93,94,109,23,97,98,79,114,101,16,142,104,105,106,107,108,102,110,111,112,113,49,115,116,34,118,119,120,19,122,123,90,125,126,78,128,129,130,131,132,133,134,135,136,137,138,139,140,50,82,143,144,145,146,147,148,149,150,103,152,153,154,155,156,157,158,159,160,161,162,163,164,165,166,167,168,169,170,171,172,173,127,175,176,177,178,179,180,181,182,183,184,185,186,187,188,189,190,191,192,193,194,195,196,197,198,199];False
6623;8656;15279;[64,141,11,3,26,43,18,30,25,9,4,1,12,32,14,15,124,46,174,88,61,41,22,40,24,69,5,27,99,56,63,31,29,33,17,8,36,95,38,85,151,60,42,7,44,45,100,47,48,21,92,51,53,13,54,55,6,57,58,59,2,0,62,96,121,10,66,117,68,20,70,71,72,65,74,75,67,77,76,28,80,81,39,83,52,37,86,87,84,89,73,91,35,93,94,109,23,97,98,79,114,101,16,142,104,105,106,107,108,102,110,111,112,113,49,115,116,34,118,119,120,19,122,123,90,125,126,78,128,129,130,131,132,133,134,135,136,137,138,139,140,50,82,143,144,145,146,147,148,149,150,103,152,153,154,155,156,157,158,159,160,161,162,163,164,165,166,167,168,169,170,171,172,173,127,175,176,177,178,179,180,181,182,183,184,185,186,187,188,189,190,191,192,193,194,195,196,197,198,199];False
6590;8660;15250;[66,141,11,3,26,43,18,30,25,9,4,1,12,32,14,15,124,46,174,88,61,41,22,40,24,69,5,27,99,56,63,31,29,33,17,8,36,95,38,85,151,60,42,7,44,45,100,47,48,21,92,51,53,13,54,55,6,57,58,59,2,0,62,96,64,10,121,117,68,20,70,71,72,65,74,75,67,77,76,28,80,81,39,83,52,37,86,87,84,89,73,91,35,93,94,109,23,97,98,79,114,101,16,142,104,105,106,107,108,102,110,111,112,113,49,115,116,34,118,119,120,19,122,123,90,125,126,78,128,129,130,131,132,133,134,135,136,137,138,139,140,50,82,143,144,145,146,147,148,149,150,103,152,153,154,155,156,157,158,159,160,161,162,163,164,165,166,167,168,169,170,171,172,173,127,175,176,177,178,179,180,181,182,183,184,185,186,187,188,189,190,191,192,193,194,195,196,197,198,199];False
6684;8635;15319;[18,141,11,3,26,43,131,30,25,9,4,1,12,32,14,15,124,46,174,88,61,41,22,40,24,69,5,27,99,56,63,31,29,33,17,8,36,95,38,85,151,60,42,7,44,45,100,47,48,21,92,51,53,13,54,55,6,57,58,59,2,0,62,96,64,10,66,117,68,20,70,71,72,65,74,75,67,77,76,28,80,81,39,83,52,37,86,87,84,89,73,91,35,93,94,109,23,97,98,79,114,101,16,142,104,105,106,107,108,102,110,111,112,113,49,115,116,34,118,119,120,121,122,123,90,125,126,78,128,129,130,19,132,133,134,135,136,137,138,139,140,50,82,143,144,145,146,147,148,149,150,103,152,153,154,155,156,157,158,159,160,161,162,163,164,165,166,167,168,169,170,171,172,173,127,175,176,177,178,179,180,181,182,183,184,185,186,187,188,189,190,191,192,193,194,195,196,197,198,199];False
6625;8649;15274;[151,141,11,3,26,43,18,30,25,9,4,1,12,32,14,15,124,46,174,88,61,41,22,40,24,69,5,27,99,56,63,31,29,33,17,8,36,95,38,85,131,60,42,7,44,45,100,47,48,21,92,51,53,13,54,55,6,57,58,59,2,0,62,96,64,10,66,117,68,20,70,71,72,65,74,75,67,77,76,28,80,81,39,83,52,37,86,87,84,89,73,91,35,93,94,109,23,97,98,79,114,101,16,142,104,105,106,107,108,102,110,111,112,113,49,115,116,34,118,119,120,121,122,123,90,125,126,78,128,129,130,19,132,133,134,135,136,137,138,139,140,50,82,143,144,145,146,147,148,149,150,103,152,153,154,155,156,157,158,159,160,161,162,163,164,165,166,167,168,169,170,171,172,173,127,175,176,177,178,179,180,181,182,183,184,185,186,187,188,189,190,191,192,193,194,195,196,197,198,199];False
6699;8631;15330;[100,141,11,3,26,43,18,30,25,9,4,1,12,32,14,15,124,46,174,88,61,41,22,40,24,69,5,27,99,56,63,31,29,33,17,8,36,95,38,85,151,60,42,7,44,45,131,47,48,21,92,51,53,13,54,55,6,57,58,59,2,0,62,96,64,10,66,117,68,20,70,71,72,65,74,75,67,77,76,28,80,81,39,83,52,37,86,87,84,89,73,91,35,93,94,109,23,97,98,79,114,101,16,142,104,105,106,107,108,102,110,111,112,113,49,115,116,34,118,119,120,121,122,123,90,125,126,78,128,129,130,19,132,133,134,135,136,137,138,139,140,50,82,143,144,145,146,147,148,149,150,103,152,153,154,155,156,157,158,159,160,161,162,163,164,165,166,167,168,169,170,171,172,173,127,175,176,177,178,179,180,181,182,183,184,185,186,187,188,189,190,191,192,193,194,195,196,197,198,199];False
6636;8638;15274;[58,141,11,3,26,43,18,30,25,9,4,1,12,32,14,15,124,46,174,88,61,41,22,40,24,69,5,27,99,56,63,31,29,33,17,8,36,95,38,85,151,60,42,7,44,45,100,47,48,21,92,51,53,13,54,55,6,57,131,59,2,0,62,96,64,10,66,117,68,20,70,71,72,65,74,75,67,77,76,28,80,81,39,83,52,37,86,87,84,89,73,91,35,93,94,109,23,97,98,79,114,101,16,142,104,105,106,107,108,102,110,111,112,113,49,115,116,34,118,119,120,121,122,123,90,125,126,78,128,129,130,19,132,133,134,135,136,137,138,139,140,50,82,143,144,145,146,147,148,149,150,103,152,153,154,155,156,157,158,159,160,161,162,163,164,165,166,167,168,169,170,171,172,173,127,175,176,177,178,179,180,181,182,183,184,185,186,187,188,189,190,191,192,193,194,195,196,197,198,199];False
7453;8461;15914;[18,141,11,3,26,43,86,30,25,9,14,1,12,32,10,15,124,46,174,19,61,41,22,40,24,69,5,27,99,56,63,31,29,33,17,8,36,95,38,75,137,158,42,7,44,45,60,47,48,21,92,51,53,13,54,55,6,57,58,59,2,0,62,96,64,39,121,117,68,4,70,71,72,65,74,84,67,77,76,28,80,81,114,83,52,85,66,87,88,89,73,91,35,93,94,37,23,97,98,79,100,101,16,103,104,105,106,107,108,102,110,111,112,113,109,115,116,34,118,119,120,49,122,123,90,125,126,78,128,129,130,131,132,133,134,135,136,20,138,139,140,50,142,143,144,145,146,147,148,149,150,151,152,153,154,155,156,157,82,159,160,161,162,163,164,165,166,167,168,169,170,171,172,173,127,175,176,177,178,179,180,181,182,183,184,185,186,187,188,189,190,191,192,193,194,195,196,197,198,199];False
7383;8460;15843;[60,141,11,3,26,43,86,30,25,9,14,1,12,32,10,15,124,46,174,19,61,41,22,40,24,69,5,27,99,56,63,31,29,33,17,8,36,95,38,75,18,158,42,7,44,45,137,47,48,21,92,51,53,13,54,55,6,57,58,59,2,0,62,96,64,39,121,117,68,4,70,71,72,65,74,84,67,77,76,28,80,81,114,83,52,85,66,87,88,89,73,91,35,93,94,37,23,97,98,79,100,101,16,103,104,105,106,107,108,102,110,111,112,113,109,115,116,34,118,119,120,49,122,123,90,125,126,78,128,129,130,131,132,133,134,135,136,20,138,139,140,50,142,143,144,145,146,147,148,149,150,151,152,153,154,155,156,157,82,159,160,161,162,163,164,165,166,167,168,169,170,171,172,173,127,175,176,177,178,179,180,181,182,183,184,185,186,187,188,189,190,191,192,193,194,195,196,197,198,199];False
7456;8457;15913;[58,141,11,3,26,43,86,30,25,9,14,1,12,32,10,15,124,46,174,19,61,41,22,40,24,69,5,27,99,56,63,31,29,33,17,8,36,95,38,75,18,158,42,7,44,45,60,47,48,21,92,51,53,13,54,55,6,57,137,59,2,0,62,96,64,39,121,117,68,4,70,71,72,65,74,84,67,77,76,28,80,81,114,83,52,85,66,87,88,89,73,91,35,93,94,37,23,97,98,79,100,101,16,103,104,105,106,107,108,102,110,111,112,113,109,115,116,34,118,119,120,49,122,123,90,125,126,78,128,129,130,131,132,133,134,135,136,20,138,139,140,50,142,143,144,145,146,147,148,149,150,151,152,153,154,155,156,157,82,159,160,161,162,163,164,165,166,167,168,169,170,171,172,173,127,175,176,177,178,179,180,181,182,183,184,185,186,187,188,189,190,191,192,193,194,195,196,197,198,199];False
7312;8476;15788;[77,141,11,3,26,43,86,30,25,9,14,1,12,32,10,15,124,46,174,19,61,41,22,40,24,69,5,27,99,56,63,31,29,33,17,8,36,95,38,75,18,158,42,7,44,45,60,47,48,21,92,51,53,13,54,55,6,57,58,59,2,0,62,96,64,39,121,117,68,4,70,71,72,65,74,84,67,137,76,28,80,81,114,83,52,85,66,87,88,89,73,91,35,93,94,37,23,97,98,79,100,101,16,103,104,105,106,107,108,102,110,111,112,113,109,115,116,34,118,119,120,49,122,123,90,125,126,78,128,129,130,131,132,133,134,135,136,20,138,139,140,50,142,143,144,145,146,147,148,149,150,151,152,153,154,155,156,157,82,159,160,161,162,163,164,165,166,167,168,169,170,171,172,173,127,175,176,177,178,179,180,181,182,183,184,185,186,187,188,189,190,191,192,193,194,195,196,197,198,199];False
7288;8482;15770;[80,141,11,3,26,43,86,30,25,9,14,1,12,32,10,15,124,46,174,19,61,41,22,40,24,69,5,27,99,56,63,31,29,33,17,8,36,95,38,75,18,158,42,7,44,45,60,47,48,21,92,51,53,13,54,55,6,57,58,59,2,0,62,96,64,39,121,117,68,4,70,71,72,65,74,84,67,77,76,28,137,81,114,83,52,85,66,87,88,89,73,91,35,93,94,37,23,97,98,79,100,101,16,103,104,105,106,107,108,102,110,111,112,113,109,115,116,34,118,119,120,49,122,123,90,125,126,78,128,129,130,131,132,133,134,135,136,20,138,139,140,50,142,143,144,145,146,147,148,149,150,151,152,153,154,155,156,157,82,159,160,161,162,163,164,165,166,167,168,169,170,171,172,173,127,175,176,177,178,179,180,181,182,183,184,185,186,187,188,189,190,191,192,193,194,195,196,197,198,199];False
7430;8453;15883;[79,141,11,3,26,43,86,30,25,9,14,1,12,32,10,15,124,46,174,19,61,41,22,40,24,69,5,27,99,56,63,31,29,33,17,8,36,95,38,75,18,158,42,7,44,45,60,47,48,21,92,51,53,13,54,55,6,57,58,59,2,0,62,96,64,39,121,117,68,4,70,71,72,65,74,84,67,77,76,28,80,81,114,83,52,85,66,87,88,89,73,91,35,93,94,37,23,97,98,137,100,101,16,103,104,105,106,107,108,102,110,111,112,113,109,115,116,34,118,119,120,49,122,123,90,125,126,78,128,129,130,131,132,133,134,135,136,20,138,139,140,50,142,143,144,145,146,147,148,149,150,151,152,153,154,155,156,157,82,159,160,161,162,163,164,165,166,167,168,169,170,171,172,173,127,175,176,177,178,179,180,181,182,183,184,185,186,187,188,189,190,191,192,193,194,195,196,197,198,199];False
7321;8465;15786;[49,141,11,3,26,43,86,30,25,9,14,1,12,32,10,15,124,46,174,19,61,41,22,40,24,69,5,27,99,56,63,31,29,33,17,8,36,95,38,75,18,158,42,7,44,45,60,47,48,21,92,51,53,13,54,55,6,57,58,59,2,0,62,96,64,39,121,117,68,4,70,71,72,65,74,84,67,77,76,28,80,81,114,83,52,85,66,87,88,89,73,91,35,93,94,37,23,97,98,79,100,101,16,103,104,105,106,107,108,102,110,111,112,113,109,115,116,34,118,119,120,137,122,123,90,125,126,78,128,129,130,131,132,133,134,135,136,20,138,139,140,50,142,143,144,145,146,147,148,149,150,151,152,153,154,155,156,157,82,159,160,161,162,163,164,165,166,167,168,169,170,171,172,173,127,175,176,177,178,179,180,181,182,183,184,185,186,187,188,189,190,191,192,193,194,195,196,197,198,199];False
7305;8475;15780;[14,141,11,3,26,43,86,30,25,9,142,1,12,32,10,15,124,46,174,19,61,41,22,40,24,69,5,27,99,56,63,31,29,33,17,8,36,95,38,75,18,158,42,7,44,45,60,47,48,21,92,51,53,13,54,55,6,57,58,59,2,0,62,96,64,39,121,117,68,4,70,71,72,65,74,84,67,77,76,28,80,81,114,83,52,85,66,87,88,89,73,91,35,93,94,37,23,97,98,79,100,101,16,103,104,105,106,107,108,102,110,111,112,113,109,115,116,34,118,119,120,49,122,123,90,125,126,78,128,129,130,131,132,133,134,135,136,137,138,139,140,50,20,143,144,145,146,147,148,149,150,151,152,153,154,155,156,157,82,159,160,161,162,163,164,165,166,167,168,169,170,171,172,173,127,175,176,177,178,179,180,181,182,183,184,185,186,187,188,189,190,191,192,193,194,195,196,197,198,199];False
7286;8482;15768;[88,141,11,3,26,43,86,30,25,9,14,1,12,32,10,15,124,46,174,19,61,41,22,40,24,69,5,27,99,56,63,31,29,33,17,8,36,95,38,75,18,158,42,7,44,45,60,47,48,21,92,51,53,13,54,55,6,57,58,59,2,0,62,96,64,39,121,117,68,4,70,71,72,65,74,84,67,77,76,28,80,81,114,83,52,85,66,87,142,89,73,91,35,93,94,37,23,97,98,79,100,101,16,103,104,105,106,107,108,102,110,111,112,113,109,115,116,34,118,119,120,49,122,123,90,125,126,78,128,129,130,131,132,133,134,135,136,137,138,139,140,50,20,143,144,145,146,147,148,149,150,151,152,153,154,155,156,157,82,159,160,161,162,163,164,165,166,167,168,169,170,171,172,173,127,175,176,177,178,179,180,181,182,183,184,185,186,187,188,189,190,191,192,193,194,195,196,197,198,199];False
7356;8462;15818;[79,141,11,3,26,43,86,30,25,9,14,1,12,32,10,15,124,46,174,19,61,41,22,40,24,69,5,27,99,56,63,31,29,33,17,8,36,95,38,75,18,158,42,7,44,45,60,47,48,21,92,51,53,13,54,55,6,57,58,59,2,0,62,96,64,39,121,117,68,4,70,71,72,65,74,84,67,77,76,28,80,81,114,83,52,85,66,87,88,89,73,91,35,93,94,37,23,97,98,142,100,101,16,103,104,105,106,107,108,102,110,111,112,113,109,115,116,34,118,119,120,49,122,123,90,125,126,78,128,129,130,131,132,133,134,135,136,137,138,139,140,50,20,143,144,145,146,147,148,149,150,151,152,153,154,155,156,157,82,159,160,161,162,163,164,165,166,167,168,169,170,171,172,173,127,175,176,177,178,179,180,181,182,183,184,185,186,187,188,189,190,191,192,193,194,195,196,197,198,199];False
7331;8463;15794;[101,141,11,3,26,43,86,30,25,9,14,1,12,32,10,15,124,46,174,19,61,41,22,40,24,69,5,27,99,56,63,31,29,33,17,8,36,95,38,75,18,158,42,7,44,45,60,47,48,21,92,51,53,13,54,55,6,57,58,59,2,0,62,96,64,39,121,117,68,4,70,71,72,65,74,84,67,77,76,28,80,81,114,83,52,85,66,87,88,89,73,91,35,93,94,37,23,97,98,79,100,142,16,103,104,105,106,107,108,102,110,111,112,113,109,115,116,34,118,119,120,49,122,123,90,125,126,78,128,129,130,131,132,133,134,135,136,137,138,139,140,50,20,143,144,145,146,147,148,149,150,151,152,153,154,155,156,157,82,159,160,161,162,163,164,165,166,167,168,169,170,171,172,173,127,175,176,177,178,179,180,181,182,183,184,185,186,187,188,189,190,191,192,193,194,195,196,197,198,199];False
7327;8458;15785;[16,141,11,3,26,43,86,30,25,9,14,1,12,32,10,15,124,46,174,19,61,41,22,40,24,69,5,27,99,56,63,31,29,33,17,8,36,95,38,75,18,158,42,7,44,45,60,47,48,21,92,51,53,13,54,55,6,57,58,59,2,0,62,96,64,39,121,117,68,4,70,71,72,65,74,84,67,77,76,28,80,81,114,83,52,85,66,87,88,89,73,91,35,93,94,37,23,97,98,79,100,101,142,103,104,105,106,107,108,102,110,111,112,113,109,115,116,34,118,119,120,49,122,123,90,125,126,78,128,129,130,131,132,133,134,135,136,137,138,139,140,50,20,143,144,145,146,147,148,149,150,151,152,153,154,155,156,157,82,159,160,161,162,163,164,165,166,167,168,169,170,171,172,173,127,175,176,177,178,179,180,181,182,183,184,185,186,187,188,189,190,191,192,193,194,195,196,197,198,199];False
7204;8481;15685;[103,141,11,3,26,43,86,30,25,9,14,1,12,32,10,15,124,46,174,19,61,41,22,40,24,69,5,27,99,56,63,31,29,33,17,8,36,95,38,75,18,158,42,7,44,45,60,47,48,21,92,51,53,13,54,55,6,57,58,59,2,0,62,96,64,39,121,117,68,4,70,71,72,65,74,84,67,77,76,28,80,81,114,83,52,85,66,87,88,89,73,91,35,93,94,37,23,97,98,79,100,101,16,142,104,105,106,107,108,102,110,111,112,113,109,115,116,34,118,119,120,49,122,123,90,125,126,78,128,129,130,131,132,133,134,135,136,137,138,139,140,50,20,143,144,145,146,147,148,149,150,151,152,153,154,155,156,157,82,159,160,161,162,163,164,165,166,167,168,169,170,171,172,173,127,175,176,177,178,179,180,181,182,183,184,185,186,187,188,189,190,191,192,193,194,195,196,197,198,199];False
7318;8461;15779;[106,141,11,3,26,43,86,30,25,9,14,1,12,32,10,15,124,46,174,19,61,41,22,40,24,69,5,27,99,56,63,31,29,33,17,8,36,95,38,75,18,158,42,7,44,45,60,47,48,21,92,51,53,13,54,55,6,57,58,59,2,0,62,96,64,39,121,117,68,4,70,71,72,65,74,84,67,77,76,28,80,81,114,83,52,85,66,87,88,89,73,91,35,93,94,37,23,97,98,79,100,101,16,103,104,105,142,107,108,102,110,111,112,113,109,115,116,34,118,119,120,49,122,123,90,125,126,78,128,129,130,131,132,133,134,135,136,137,138,139,140,50,20,143,144,145,146,147,148,149,150,151,152,153,154,155,156,157,82,159,160,161,162,163,164,165,166,167,168,169,170,171,172,173,127,175,176,177,178,179,180,181,182,183,184,185,186,187,188,189,190,191,192,193,194,195,196,197,198,199];False
7301;8471;15772;[138,141,11,3,26,43,86,30,25,9,14,1,12,32,10,15,124,46,174,19,61,41,22,40,24,69,5,27,99,56,63,31,29,33,17,8,36,95,38,75,18,158,42,7,44,45,60,47,48,21,92,51,53,13,54,55,6,57,58,59,2,0,62,96,64,39,121,117,68,4,70,71,72,65,74,84,67,77,76,28,80,81,114,83,52,85,66,87,88,89,73,91,35,93,94,37,23,97,98,79,100,101,16,103,104,105,106,107,108,102,110,111,112,113,109,115,116,34,118,119,120,49,122,123,90,125,126,78,128,129,130,131,132,133,134,135,136,137,142,139,140,50,20,143,144,145,146,147,148,149,150,151,152,153,154,155,156,157,82,159,160,161,162,163,164,165,166,167,168,169,170,171,172,173,127,175,176,177,178,179,180,181,182,183,184,185,186,187,188,189,190,191,192,193,194,195,196,197,198,199];False
7281;8463;15744;[149,141,11,3,26,43,86,30,25,9,14,1,12,32,10,15,124,46,174,19,61,41,22,40,24,69,5,27,99,56,63,31,29,33,17,8,36,95,38,75,18,158,42,7,44,45,60,47,48,21,92,51,53,13,54,55,6,57,58,59,2,0,62,96,64,39,121,117,68,4,70,71,72,65,74,84,67,77,76,28,80,81,114,83,52,85,66,87,88,89,73,91,35,93,94,37,23,97,98,79,100,101,16,103,104,105,106,107,108,102,110,111,112,113,109,115,116,34,118,119,120,49,122,123,90,125,126,78,128,129,130,131,132,133,134,135,136,137,138,139,140,50,20,143,144,145,146,147,148,142,150,151,152,153,154,155,156,157,82,159,160,161,162,163,164,165,166,167,168,169,170,171,172,173,127,175,176,177,178,179,180,181,182,183,184,185,186,187,188,189,190,191,192,193,194,195,196,197,198,199];False
7145;8501;15646;[19,141,11,3,26,43,86,30,25,9,4,1,12,32,14,15,124,46,174,58,61,41,22,40,24,69,5,27,99,56,63,31,29,33,17,8,36,95,38,75,18,158,42,7,44,45,100,47,48,21,92,51,53,13,54,55,6,57,98,59,2,0,62,96,64,10,121,117,68,20,70,71,72,65,74,84,67,77,76,28,80,81,39,83,52,85,66,87,88,89,73,91,35,93,94,37,23,97,60,79,114,101,16,103,104,105,106,107,108,102,110,111,112,113,109,115,116,34,118,119,120,49,122,123,90,125,126,78,128,129,130,131,132,133,134,135,136,137,138,139,140,50,142,143,144,145,146,147,148,149,150,151,152,153,154,155,156,157,82,159,160,161,162,163,164,165,166,167,168,169,170,171,172,173,127,175,176,177,178,179,180,181,182,183,184,185,186,187,188,189,190,191,192,193,194,195,196,197,198,199];False
7136;8502;15638;[52,141,11,3,26,43,86,30,25,9,4,1,12,32,14,15,124,46,174,19,61,41,22,40,24,69,5,27,99,56,63,31,29,33,17,8,36,95,38,75,18,158,42,7,44,45,100,47,48,21,92,51,53,13,54,55,6,57,98,59,2,0,62,96,64,10,121,117,68,20,70,71,72,65,74,84,67,77,76,28,80,81,39,83,58,85,66,87,88,89,73,91,35,93,94,37,23,97,60,79,114,101,16,103,104,105,106,107,108,102,110,111,112,113,109,115,116,34,118,119,120,49,122,123,90,125,126,78,128,129,130,131,132,133,134,135,136,137,138,139,140,50,142,143,144,145,146,147,148,149,150,151,152,153,154,155,156,157,82,159,160,161,162,163,164,165,166,167,168,169,170,171,172,173,127,175,176,177,178,179,180,181,182,183,184,185,186,187,188,189,190,191,192,193,194,195,196,197,198,199];False
7089;8486;15575;[60,141,11,3,26,43,86,30,25,9,4,1,12,32,14,15,124,46,174,19,61,41,22,40,24,69,5,27,99,56,63,31,29,33,17,8,36,95,38,75,18,158,42,7,44,45,100,47,48,21,92,51,53,13,54,55,6,57,98,59,2,0,62,96,64,10,121,117,68,20,70,71,72,65,74,84,67,77,76,28,80,81,39,83,52,85,66,87,88,89,73,91,35,93,94,37,23,97,58,79,114,101,16,103,104,105,106,107,108,102,110,111,112,113,109,115,116,34,118,119,120,49,122,123,90,125,126,78,128,129,130,131,132,133,134,135,136,137,138,139,140,50,142,143,144,145,146,147,148,149,150,151,152,153,154,155,156,157,82,159,160,161,162,163,164,165,166,167,168,169,170,171,172,173,127,175,176,177,178,179,180,181,182,183,184,185,186,187,188,189,190,191,192,193,194,195,196,197,198,199];False
6980;8528;15508;[4,141,11,3,26,43,18,30,25,9,14,1,75,32,10,15,124,46,174,19,61,41,22,98,24,69,5,27,99,56,63,31,29,33,17,8,36,95,38,39,40,12,42,7,44,45,86,47,48,21,92,51,53,13,54,55,6,57,60,59,2,0,62,158,64,96,121,117,68,20,70,71,72,65,74,84,67,77,76,28,80,81,114,83,52,85,66,87,88,89,73,91,35,93,94,37,23,97,58,79,100,101,16,103,104,105,106,107,108,102,110,111,112,113,109,115,116,34,118,119,120,49,122,123,90,125,126,78,128,129,130,131,132,133,134,135,136,137,138,139,140,50,142,143,144,145,146,147,148,149,150,151,152,153,154,155,156,157,82,159,160,161,162,163,164,165,166,167,168,169,170,171,172,173,127,175,176,177,178,179,180,181,182,183,184,185,186,187,188,189,190,191,192,193,194,195,196,197,198,199];False
7024;8515;15539;[19,141,11,3,26,43,18,30,25,9,4,1,75,32,10,15,124,46,174,14,61,41,22,98,24,69,5,27,99,56,63,31,29,33,17,8,36,95,38,39,40,12,42,7,44,45,86,47,48,21,92,51,53,13,54,55,6,57,60,59,2,0,62,158,64,96,121,117,68,20,70,71,72,65,74,84,67,77,76,28,80,81,114,83,52,85,66,87,88,89,73,91,35,93,94,37,23,97,58,79,100,101,16,103,104,105,106,107,108,102,110,111,112,113,109,115,116,34,118,119,120,49,122,123,90,125,126,78,128,129,130,131,132,133,134,135,136,137,138,139,140,50,142,143,144,145,146,147,148,149,150,151,152,153,154,155,156,157,82,159,160,161,162,163,164,165,166,167,168,169,170,171,172,173,127,175,176,177,178,179,180,181,182,183,184,185,186,187,188,189,190,191,192,193,194,195,196,197,198,199];False
6915;8534;15449;[39,141,11,3,26,43,18,30,25,9,4,1,75,32,10,15,124,46,174,19,61,41,22,98,24,69,5,27,99,56,63,31,29,33,17,8,36,95,38,14,40,12,42,7,44,45,86,47,48,21,92,51,53,13,54,55,6,57,60,59,2,0,62,158,64,96,121,117,68,20,70,71,72,65,74,84,67,77,76,28,80,81,114,83,52,85,66,87,88,89,73,91,35,93,94,37,23,97,58,79,100,101,16,103,104,105,106,107,108,102,110,111,112,113,109,115,116,34,118,119,120,49,122,123,90,125,126,78,128,129,130,131,132,133,134,135,136,137,138,139,140,50,142,143,144,145,146,147,148,149,150,151,152,153,154,155,156,157,82,159,160,161,162,163,164,165,166,167,168,169,170,171,172,173,127,175,176,177,178,179,180,181,182,183,184,185,186,187,188,189,190,191,192,193,194,195,196,197,198,199];False
6867;8571;15438;[38,141,11,3,26,43,18,30,25,9,4,1,75,32,14,15,124,46,174,19,61,41,22,98,24,69,5,27,99,56,63,31,29,33,17,8,36,95,115,39,40,12,42,7,44,45,86,47,48,21,92,51,53,13,54,55,6,57,60,59,2,0,62,158,64,10,121,117,68,20,70,71,72,65,74,84,67,77,76,28,80,81,114,83,52,85,66,87,88,89,73,91,35,93,94,37,23,97,58,79,100,101,96,103,104,105,106,107,108,102,110,111,112,113,109,16,116,34,118,119,120,49,122,123,90,125,126,78,128,129,130,131,132,133,134,135,136,137,138,139,140,50,142,143,144,145,146,147,148,149,150,151,152,153,154,155,156,157,82,159,160,161,162,163,164,165,166,167,168,169,170,171,172,173,127,175,176,177,178,179,180,181,182,183,184,185,186,187,188,189,190,191,192,193,194,195,196,197,198,199];False
6851;8564;15415;[77,141,11,3,26,43,18,30,25,9,4,1,75,32,14,15,124,46,174,19,61,41,22,98,24,69,5,27,99,56,63,31,29,33,17,8,36,95,38,39,40,12,42,7,44,45,86,47,48,21,92,51,53,13,54,55,6,57,60,59,2,0,62,158,64,10,121,117,68,20,70,71,72,65,74,84,67,115,76,28,80,81,114,83,52,85,66,87,88,89,73,91,35,93,94,37,23,97,58,79,100,101,96,103,104,105,106,107,108,102,110,111,112,113,109,16,116,34,118,119,120,49,122,123,90,125,126,78,128,129,130,131,132,133,134,135,136,137,138,139,140,50,142,143,144,145,146,147,148,149,150,151,152,153,154,155,156,157,82,159,160,161,162,163,164,165,166,167,168,169,170,171,172,173,127,175,176,177,178,179,180,181,182,183,184,185,186,187,188,189,190,191,192,193,194,195,196,197,198,199];False
6876;8561;15437;[114,141,11,3,26,43,18,30,25,9,4,1,75,32,14,15,124,46,174,19,61,41,22,98,24,69,5,27,99,56,63,31,29,33,17,8,36,95,38,39,40,12,42,7,44,45,86,47,48,21,92,51,53,13,54,55,6,57,60,59,2,0,62,158,64,10,121,117,68,20,70,71,72,65,74,84,67,77,76,28,80,81,115,83,52,85,66,87,88,89,73,91,35,93,94,37,23,97,58,79,100,101,96,103,104,105,106,107,108,102,110,111,112,113,109,16,116,34,118,119,120,49,122,123,90,125,126,78,128,129,130,131,132,133,134,135,136,137,138,139,140,50,142,143,144,145,146,147,148,149,150,151,152,153,154,155,156,157,82,159,160,161,162,163,164,165,166,167,168,169,170,171,172,173,127,175,176,177,178,179,180,181,182,183,184,185,186,187,188,189,190,191,192,193,194,195,196,197,198,199];False
6818;8582;15400;[109,141,11,3,26,43,18,30,25,9,4,1,75,32,14,15,124,46,174,19,61,41,22,98,24,69,5,27,99,56,63,31,29,33,17,8,36,95,38,39,40,12,42,7,44,45,86,47,48,21,92,51,53,13,54,55,6,57,60,59,2,0,62,158,64,10,121,117,68,20,70,71,72,65,74,84,67,77,76,28,80,81,114,83,52,85,66,87,88,89,73,91,35,93,94,37,23,97,58,79,100,101,96,103,104,105,106,107,108,102,110,111,112,113,115,16,116,34,118,119,120,49,122,123,90,125,126,78,128,129,130,131,132,133,134,135,136,137,138,139,140,50,142,143,144,145,146,147,148,149,150,151,152,153,154,155,156,157,82,159,160,161,162,163,164,165,166,167,168,169,170,171,172,173,127,175,176,177,178,179,180,181,182,183,184,185,186,187,188,189,190,191,192,193,194,195,196,197,198,199];False
6841;8540;15381;[131,141,11,3,26,43,18,30,25,9,4,1,75,32,14,15,124,46,174,19,61,41,22,98,24,69,5,27,99,56,63,31,29,33,17,8,36,95,38,39,40,12,42,7,44,45,86,47,48,21,92,51,53,13,54,55,6,57,60,59,2,0,62,158,64,10,121,117,68,20,70,71,72,65,74,84,67,77,76,28,80,81,114,83,52,85,66,87,88,89,73,91,35,93,94,37,23,97,58,79,100,101,96,103,104,105,106,107,108,102,110,111,112,113,109,16,116,34,118,119,120,49,122,123,90,125,126,78,128,129,130,115,132,133,134,135,136,137,138,139,140,50,142,143,144,145,146,147,148,149,150,151,152,153,154,155,156,157,82,159,160,161,162,163,164,165,166,167,168,169,170,171,172,173,127,175,176,177,178,179,180,181,182,183,184,185,186,187,188,189,190,191,192,193,194,195,196,197,198,199];False
6974;8527;15501;[158,141,11,3,26,43,18,30,25,9,4,1,75,32,14,15,124,46,174,19,61,41,22,98,24,69,5,27,99,56,63,31,29,33,17,8,36,95,38,39,40,12,42,7,44,45,86,47,48,21,92,51,53,13,54,55,6,57,131,59,2,0,62,96,64,10,121,117,68,20,70,71,72,65,74,84,67,77,76,28,80,81,114,83,52,85,66,87,88,89,73,91,35,93,94,37,23,97,58,79,60,101,16,103,104,105,106,107,108,102,110,111,112,113,109,115,116,34,118,119,120,49,122,123,90,125,126,78,128,129,130,100,132,133,134,135,136,137,138,139,140,50,142,143,144,145,146,147,148,149,150,151,152,153,154,155,156,157,82,159,160,161,162,163,164,165,166,167,168,169,170,171,172,173,127,175,176,177,178,179,180,181,182,183,184,185,186,187,188,189,190,191,192,193,194,195,196,197,198,199];False
6915;8525;15440;[100,141,11,3,26,43,18,30,25,9,4,1,75,32,14,15,124,46,174,19,61,41,22,98,24,69,5,27,99,56,63,31,29,33,17,8,36,95,38,39,40,12,42,7,44,45,86,47,48,21,92,51,53,13,54,55,6,57,131,59,2,0,62,96,64,10,121,117,68,20,70,71,72,65,74,84,67,77,76,28,80,81,114,83,52,85,66,87,88,89,73,91,35,93,94,37,23,97,58,79,158,101,16,103,104,105,106,107,108,102,110,111,112,113,109,115,116,34,118,119,120,49,122,123,90,125,126,78,128,129,130,60,132,133,134,135,136,137,138,139,140,50,142,143,144,145,146,147,148,149,150,151,152,153,154,155,156,157,82,159,160,161,162,163,164,165,166,167,168,169,170,171,172,173,127,175,176,177,178,179,180,181,182,183,184,185,186,187,188,189,190,191,192,193,194,195,196,197,198,199];False
6899;8537;15436;[149,141,11,3,26,43,18,30,25,9,4,1,75,32,14,15,124,46,174,19,61,41,22,98,24,69,5,27,99,56,63,31,29,33,17,8,36,95,38,39,40,12,42,7,44,45,86,47,48,21,92,51,53,13,54,55,6,57,131,59,2,0,62,96,64,10,121,117,68,20,70,71,72,65,74,84,67,77,76,28,80,81,114,83,52,85,66,87,88,89,73,91,35,93,94,37,23,97,58,79,158,101,16,103,104,105,106,107,108,102,110,111,112,113,109,115,116,34,118,119,120,49,122,123,90,125,126,78,128,129,130,100,132,133,134,135,136,137,138,139,140,50,142,143,144,145,146,147,148,60,150,151,152,153,154,155,156,157,82,159,160,161,162,163,164,165,166,167,168,169,170,171,172,173,127,175,176,177,178,179,180,181,182,183,184,185,186,187,188,189,190,191,192,193,194,195,196,197,198,199];False
6885;8532;15417;[171,141,11,3,26,43,18,30,25,9,4,1,75,32,14,15,124,46,174,19,61,41,22,98,24,69,5,27,99,56,63,31,29,33,17,8,36,95,38,39,40,12,42,7,44,45,86,47,48,21,92,51,53,13,54,55,6,57,131,59,2,0,62,96,64,10,121,117,68,20,70,71,72,65,74,84,67,77,76,28,80,81,114,83,52,85,66,87,88,89,73,91,35,93,94,37,23,97,58,79,158,101,16,103,104,105,106,107,108,102,110,111,112,113,109,115,116,34,118,119,120,49,122,123,90,125,126,78,128,129,130,100,132,133,134,135,136,137,138,139,140,50,142,143,144,145,146,147,148,149,150,151,152,153,154,155,156,157,82,159,160,161,162,163,164,165,166,167,168,169,170,60,172,173,127,175,176,177,178,179,180,181,182,183,184,185,186,187,188,189,190,191,192,193,194,195,196,197,198,199];False
6854;8523;15377;[172,141,11,3,26,43,18,30,25,9,4,1,75,32,14,15,124,46,174,19,61,41,22,98,24,69,5,27,99,56,63,31,29,33,17,8,36,95,38,39,40,12,42,7,44,45,86,47,48,21,92,51,53,13,54,55,6,57,131,59,2,0,62,96,64,10,121,117,68,20,70,71,72,65,74,84,67,77,76,28,80,81,114,83,52,85,66,87,88,89,73,91,35,93,94,37,23,97,58,79,158,101,16,103,104,105,106,107,108,102,110,111,112,113,109,115,116,34,118,119,120,49,122,123,90,125,126,78,128,129,130,100,132,133,134,135,136,137,138,139,140,50,142,143,144,145,146,147,148,149,150,151,152,153,154,155,156,157,82,159,160,161,162,163,164,165,166,167,168,169,170,171,60,173,127,175,176,177,178,179,180,181,182,183,184,185,186,187,188,189,190,191,192,193,194,195,196,197,198,199];False
7067;8511;15578;[18,141,11,3,26,43,151,30,25,9,4,1,75,32,14,15,124,46,174,19,61,41,22,98,24,69,5,27,99,56,63,31,29,33,17,8,36,95,38,39,40,12,42,7,44,45,86,47,48,21,92,51,53,13,54,55,6,57,60,59,2,0,62,96,64,10,121,117,68,20,70,71,72,65,74,84,67,77,76,28,80,81,114,83,52,85,66,87,88,89,73,91,35,93,94,37,23,97,58,79,158,101,16,103,104,105,106,107,108,102,110,111,112,113,109,115,116,34,118,119,120,49,122,123,90,125,126,78,128,129,130,100,132,133,134,135,136,137,138,139,140,50,142,143,144,145,146,147,148,149,150,131,152,153,154,155,156,157,82,159,160,161,162,163,164,165,166,167,168,169,170,171,172,173,127,175,176,177,178,179,180,181,182,183,184,185,186,187,188,189,190,191,192,193,194,195,196,197,198,199];False
7040;8512;15552;[22,141,11,3,26,43,18,30,25,9,4,1,75,32,14,15,124,46,174,19,61,41,151,98,24,69,5,27,99,56,63,31,29,33,17,8,36,95,38,39,40,12,42,7,44,45,86,47,48,21,92,51,53,13,54,55,6,57,60,59,2,0,62,96,64,10,121,117,68,20,70,71,72,65,74,84,67,77,76,28,80,81,114,83,52,85,66,87,88,89,73,91,35,93,94,37,23,97,58,79,158,101,16,103,104,105,106,107,108,102,110,111,112,113,109,115,116,34,118,119,120,49,122,123,90,125,126,78,128,129,130,100,132,133,134,135,136,137,138,139,140,50,142,143,144,145,146,147,148,149,150,131,152,153,154,155,156,157,82,159,160,161,162,163,164,165,166,167,168,169,170,171,172,173,127,175,176,177,178,179,180,181,182,183,184,185,186,187,188,189,190,191,192,193,194,195,196,197,198,199];False
7011;8509;15520;[42,141,11,3,26,43,18,30,25,9,4,1,75,32,14,15,124,46,174,19,61,41,22,98,24,69,5,27,99,56,63,31,29,33,17,8,36,95,38,39,40,12,151,7,44,45,86,47,48,21,92,51,53,13,54,55,6,57,60,59,2,0,62,96,64,10,121,117,68,20,70,71,72,65,74,84,67,77,76,28,80,81,114,83,52,85,66,87,88,89,73,91,35,93,94,37,23,97,58,79,158,101,16,103,104,105,106,107,108,102,110,111,112,113,109,115,116,34,118,119,120,49,122,123,90,125,126,78,128,129,130,100,132,133,134,135,136,137,138,139,140,50,142,143,144,145,146,147,148,149,150,131,152,153,154,155,156,157,82,159,160,161,162,163,164,165,166,167,168,169,170,171,172,173,127,175,176,177,178,179,180,181,182,183,184,185,186,187,188,189,190,191,192,193,194,195,196,197,198,199];False
6970;8515;15485;[10,141,11,3,26,43,18,30,25,9,4,1,75,32,14,15,124,46,174,19,61,41,22,98,24,69,5,27,99,56,63,31,29,33,17,8,36,95,38,39,40,12,42,7,44,45,86,47,48,21,92,51,53,13,54,55,6,57,60,59,2,0,62,96,64,151,121,117,68,20,70,71,72,65,74,84,67,77,76,28,80,81,114,83,52,85,66,87,88,89,73,91,35,93,94,37,23,97,58,79,158,101,16,103,104,105,106,107,108,102,110,111,112,113,109,115,116,34,118,119,120,49,122,123,90,125,126,78,128,129,130,100,132,133,134,135,136,137,138,139,140,50,142,143,144,145,146,147,148,149,150,131,152,153,154,155,156,157,82,159,160,161,162,163,164,165,166,167,168,169,170,171,172,173,127,175,176,177,178,179,180,181,182,183,184,185,186,187,188,189,190,191,192,193,194,195,196,197,198,199];False
6759;8584;15343;[4,141,11,3,26,43,18,30,25,9,14,1,12,32,10,15,124,46,174,19,61,41,22,98,24,69,5,27,99,56,63,31,29,33,17,8,36,95,38,39,40,158,42,7,44,45,86,47,48,21,92,51,53,13,54,55,6,57,60,59,2,0,62,96,64,151,121,117,68,20,70,71,72,65,74,75,67,77,76,28,80,81,114,83,52,85,66,87,88,89,73,91,35,93,94,37,23,97,58,79,100,101,115,16,104,105,106,107,108,102,110,111,112,113,109,84,116,34,118,119,120,49,122,123,90,125,126,78,128,129,130,131,132,133,134,135,136,137,138,139,140,50,142,143,144,145,146,147,148,149,150,103,152,153,154,155,156,157,82,159,160,161,162,163,164,165,166,167,168,169,170,171,172,173,127,175,176,177,178,179,180,181,182,183,184,185,186,187,188,189,190,191,192,193,194,195,196,197,198,199];False
6803;8571;15374;[19,141,11,3,26,43,18,30,25,9,4,1,12,32,10,15,124,46,174,14,61,41,22,98,24,69,5,27,99,56,63,31,29,33,17,8,36,95,38,39,40,158,42,7,44,45,86,47,48,21,92,51,53,13,54,55,6,57,60,59,2,0,62,96,64,151,121,117,68,20,70,71,72,65,74,75,67,77,76,28,80,81,114,83,52,85,66,87,88,89,73,91,35,93,94,37,23,97,58,79,100,101,115,16,104,105,106,107,108,102,110,111,112,113,109,84,116,34,118,119,120,49,122,123,90,125,126,78,128,129,130,131,132,133,134,135,136,137,138,139,140,50,142,143,144,145,146,147,148,149,150,103,152,153,154,155,156,157,82,159,160,161,162,163,164,165,166,167,168,169,170,171,172,173,127,175,176,177,178,179,180,181,182,183,184,185,186,187,188,189,190,191,192,193,194,195,196,197,198,199];False
6687;8608;15295;[99,141,11,3,26,43,18,30,25,9,4,1,12,32,10,15,124,46,174,19,61,41,22,98,24,69,5,27,14,56,63,31,29,33,17,8,36,95,38,39,40,158,42,7,44,45,86,47,48,21,92,51,53,13,54,55,6,57,60,59,2,0,62,96,64,151,121,117,68,20,70,71,72,65,74,75,67,77,76,28,80,81,114,83,52,85,66,87,88,89,73,91,35,93,94,37,23,97,58,79,100,101,115,16,104,105,106,107,108,102,110,111,112,113,109,84,116,34,118,119,120,49,122,123,90,125,126,78,128,129,130,131,132,133,134,135,136,137,138,139,140,50,142,143,144,145,146,147,148,149,150,103,152,153,154,155,156,157,82,159,160,161,162,163,164,165,166,167,168,169,170,171,172,173,127,175,176,177,178,179,180,181,182,183,184,185,186,187,188,189,190,191,192,193,194,195,196,197,198,199];False
6694;8590;15284;[39,141,11,3,26,43,18,30,25,9,4,1,12,32,10,15,124,46,174,19,61,41,22,98,24,69,5,27,99,56,63,31,29,33,17,8,36,95,38,14,40,158,42,7,44,45,86,47,48,21,92,51,53,13,54,55,6,57,60,59,2,0,62,96,64,151,121,117,68,20,70,71,72,65,74,75,67,77,76,28,80,81,114,83,52,85,66,87,88,89,73,91,35,93,94,37,23,97,58,79,100,101,115,16,104,105,106,107,108,102,110,111,112,113,109,84,116,34,118,119,120,49,122,123,90,125,126,78,128,129,130,131,132,133,134,135,136,137,138,139,140,50,142,143,144,145,146,147,148,149,150,103,152,153,154,155,156,157,82,159,160,161,162,163,164,165,166,167,168,169,170,171,172,173,127,175,176,177,178,179,180,181,182,183,184,185,186,187,188,189,190,191,192,193,194,195,196,197,198,199];False
6044;9018;15062;[141,104,11,3,26,96,18,30,25,94,75,1,12,32,14,15,124,9,16,128,61,41,22,23,24,69,5,27,28,56,63,31,29,33,17,35,36,52,60,39,40,49,42,7,44,45,86,47,48,21,50,51,53,13,54,55,6,57,58,59,2,0,77,46,64,10,66,117,68,20,70,71,72,65,8,84,67,81,80,79,38,73,82,83,76,85,122,87,88,89,4,91,109,93,62,95,115,97,98,114,99,101,102,37,103,105,43,107,108,151,110,111,112,113,19,121,116,34,118,119,120,106,74,123,90,125,126,127,100,129,130,131,132,133,134,135,136,137,138,139,140,92,142,143,144,145,146,147,148,149,150,78,152,153,154,155,156,157,158,159,160,161,162,163,164,165,166,167,168,169,170,171,172,173,174,175,176,177,178,179,180,181,182,183,184,185,186,187,188,189,190,191,192,193,194,195,196,197,198,199];False
6066;8999;15065;[11,141,104,3,26,96,18,30,25,94,75,1,12,32,14,15,124,9,16,128,61,41,22,23,24,69,5,27,28,56,63,31,29,33,17,35,36,52,60,39,40,49,42,7,44,45,86,47,48,21,50,51,53,13,54,55,6,57,58,59,2,0,77,46,64,10,66,117,68,20,70,71,72,65,8,84,67,81,80,79,38,73,82,83,76,85,122,87,88,89,4,91,109,93,62,95,115,97,98,114,99,101,102,37,103,105,43,107,108,151,110,111,112,113,19,121,116,34,118,119,120,106,74,123,90,125,126,127,100,129,130,131,132,133,134,135,136,137,138,139,140,92,142,143,144,145,146,147,148,149,150,78,152,153,154,155,156,157,158,159,160,161,162,163,164,165,166,167,168,169,170,171,172,173,174,175,176,177,178,179,180,181,182,183,184,185,186,187,188,189,190,191,192,193,194,195,196,197,198,199];False
6061;8993;15054;[3,141,11,104,26,96,18,30,25,94,75,1,12,32,14,15,124,9,16,128,61,41,22,23,24,69,5,27,28,56,63,31,29,33,17,35,36,52,60,39,40,49,42,7,44,45,86,47,48,21,50,51,53,13,54,55,6,57,58,59,2,0,77,46,64,10,66,117,68,20,70,71,72,65,8,84,67,81,80,79,38,73,82,83,76,85,122,87,88,89,4,91,109,93,62,95,115,97,98,114,99,101,102,37,103,105,43,107,108,151,110,111,112,113,19,121,116,34,118,119,120,106,74,123,90,125,126,127,100,129,130,131,132,133,134,135,136,137,138,139,140,92,142,143,144,145,146,147,148,149,150,78,152,153,154,155,156,157,158,159,160,161,162,163,164,165,166,167,168,169,170,171,172,173,174,175,176,177,178,179,180,181,182,183,184,185,186,187,188,189,190,191,192,193,194,195,196,197,198,199];False
6067;8956;15023;[16,141,11,3,26,96,18,30,25,94,75,1,12,32,14,15,124,9,104,128,61,41,22,23,24,69,5,27,28,56,63,31,29,33,17,35,36,52,60,39,40,49,42,7,44,45,86,47,48,21,50,51,53,13,54,55,6,57,58,59,2,0,77,46,64,10,66,117,68,20,70,71,72,65,8,84,67,81,80,79,38,73,82,83,76,85,122,87,88,89,4,91,109,93,62,95,115,97,98,114,99,101,102,37,103,105,43,107,108,151,110,111,112,113,19,121,116,34,118,119,120,106,74,123,90,125,126,127,100,129,130,131,132,133,134,135,136,137,138,139,140,92,142,143,144,145,146,147,148,149,150,78,152,153,154,155,156,157,158,159,160,161,162,163,164,165,166,167,168,169,170,171,172,173,174,175,176,177,178,179,180,181,182,183,184,185,186,187,188,189,190,191,192,193,194,195,196,197,198,199];False
6064;8895;14959;[27,141,11,3,26,96,18,30,25,94,75,1,12,32,14,15,124,9,172,103,61,41,22,23,24,69,5,149,28,56,63,31,29,33,17,35,36,52,60,39,40,49,42,7,44,45,86,47,48,21,50,51,53,13,54,55,6,57,58,59,2,0,77,46,64,10,66,117,68,20,70,71,72,65,8,84,67,81,80,79,38,73,82,83,76,85,122,87,88,89,4,91,109,93,62,95,115,97,98,114,100,101,102,37,104,105,43,107,108,151,110,111,112,113,19,121,116,16,118,119,120,106,74,123,90,125,126,127,128,129,130,131,132,133,134,135,136,137,138,139,140,92,142,143,144,145,146,147,148,34,150,78,152,153,154,155,156,157,158,159,160,161,162,163,164,165,166,167,168,169,170,171,99,173,174,175,176,177,178,179,180,181,182,183,184,185,186,187,188,189,190,191,192,193,194,195,196,197,198,199];False
6057;8867;14924;[52,141,11,3,26,96,18,30,25,94,75,1,12,32,14,15,124,9,172,103,61,41,22,23,24,69,5,27,28,56,63,31,29,33,17,35,36,149,60,39,40,49,42,7,44,45,86,47,48,21,50,51,53,13,54,55,6,57,58,59,2,0,77,46,64,10,66,117,68,20,70,71,72,65,8,84,67,81,80,79,38,73,82,83,76,85,122,87,88,89,4,91,109,93,62,95,115,97,98,114,100,101,102,37,104,105,43,107,108,151,110,111,112,113,19,121,116,16,118,119,120,106,74,123,90,125,126,127,128,129,130,131,132,133,134,135,136,137,138,139,140,92,142,143,144,145,146,147,148,34,150,78,152,153,154,155,156,157,158,159,160,161,162,163,164,165,166,167,168,169,170,171,99,173,174,175,176,177,178,179,180,181,182,183,184,185,186,187,188,189,190,191,192,193,194,195,196,197,198,199];False
6179;8854;15033;[60,141,11,3,26,96,18,30,25,94,75,1,12,32,14,15,124,9,172,103,61,41,22,23,24,69,5,27,28,56,63,31,29,33,17,35,36,52,149,39,40,49,42,7,44,45,86,47,48,21,50,51,53,13,54,55,6,57,58,59,2,0,77,46,64,10,66,117,68,20,70,71,72,65,8,84,67,81,80,79,38,73,82,83,76,85,122,87,88,89,4,91,109,93,62,95,115,97,98,114,100,101,102,37,104,105,43,107,108,151,110,111,112,113,19,121,116,16,118,119,120,106,74,123,90,125,126,127,128,129,130,131,132,133,134,135,136,137,138,139,140,92,142,143,144,145,146,147,148,34,150,78,152,153,154,155,156,157,158,159,160,161,162,163,164,165,166,167,168,169,170,171,99,173,174,175,176,177,178,179,180,181,182,183,184,185,186,187,188,189,190,191,192,193,194,195,196,197,198,199];False
6160;8846;15006;[64,141,11,3,26,96,18,30,25,94,75,1,12,32,14,15,124,9,172,103,61,41,22,23,24,69,5,27,28,56,63,31,29,33,17,35,36,52,60,39,40,49,42,7,44,45,86,47,48,21,50,51,53,13,54,55,6,57,58,59,2,0,77,46,149,10,66,117,68,20,70,71,72,65,8,84,67,81,80,79,38,73,82,83,76,85,122,87,88,89,4,91,109,93,62,95,115,97,98,114,100,101,102,37,104,105,43,107,108,151,110,111,112,113,19,121,116,16,118,119,120,106,74,123,90,125,126,127,128,129,130,131,132,133,134,135,136,137,138,139,140,92,142,143,144,145,146,147,148,34,150,78,152,153,154,155,156,157,158,159,160,161,162,163,164,165,166,167,168,169,170,171,99,173,174,175,176,177,178,179,180,181,182,183,184,185,186,187,188,189,190,191,192,193,194,195,196,197,198,199];False
6204;8827;15031;[79,141,11,3,26,96,18,30,25,94,75,1,12,32,14,15,124,9,172,103,61,41,22,23,24,69,5,27,28,56,63,31,29,33,17,35,36,52,60,39,40,49,42,7,44,45,86,47,48,21,50,51,53,13,54,55,6,57,58,59,2,0,77,46,64,10,66,117,68,20,70,71,72,65,8,84,67,81,80,149,38,73,82,83,76,85,122,87,88,89,4,91,109,93,62,95,115,97,98,114,100,101,102,37,104,105,43,107,108,151,110,111,112,113,19,121,116,16,118,119,120,106,74,123,90,125,126,127,128,129,130,131,132,133,134,135,136,137,138,139,140,92,142,143,144,145,146,147,148,34,150,78,152,153,154,155,156,157,158,159,160,161,162,163,164,165,166,167,168,169,170,171,99,173,174,175,176,177,178,179,180,181,182,183,184,185,186,187,188,189,190,191,192,193,194,195,196,197,198,199];False
6095;8854;14949;[100,141,11,3,26,96,18,30,25,94,75,1,12,32,14,15,124,9,172,103,61,41,22,23,24,69,5,27,28,56,63,31,29,33,17,35,36,52,60,39,40,49,42,7,44,45,86,47,48,21,50,51,53,13,54,55,6,57,58,59,2,0,77,46,64,10,66,117,68,20,70,71,72,65,8,84,67,81,80,79,38,73,82,83,76,85,122,87,88,89,4,91,109,93,62,95,115,97,98,114,149,101,102,37,104,105,43,107,108,151,110,111,112,113,19,121,116,16,118,119,120,106,74,123,90,125,126,127,128,129,130,131,132,133,134,135,136,137,138,139,140,92,142,143,144,145,146,147,148,34,150,78,152,153,154,155,156,157,158,159,160,161,162,163,164,165,166,167,168,169,170,171,99,173,174,175,176,177,178,179,180,181,182,183,184,185,186,187,188,189,190,191,192,193,194,195,196,197,198,199];False
6207;8819;15026;[18,141,11,3,26,96,158,30,25,94,75,1,12,32,14,15,124,9,172,103,61,41,22,23,24,69,5,27,28,56,63,31,29,33,17,35,36,52,60,39,40,49,42,7,44,45,86,47,48,21,50,51,53,13,54,55,6,57,58,59,2,0,77,46,64,10,66,117,68,20,70,71,72,65,8,84,67,81,80,79,38,73,82,83,76,85,122,87,88,89,4,91,109,93,62,95,115,97,98,114,100,101,102,37,104,105,43,107,108,151,110,111,112,113,19,121,116,16,118,119,120,106,74,123,90,125,126,127,128,129,130,131,132,133,134,135,136,137,138,139,140,92,142,143,144,145,146,147,148,149,150,78,152,153,154,155,156,157,34,159,160,161,162,163,164,165,166,167,168,169,170,171,99,173,174,175,176,177,178,179,180,181,182,183,184,185,186,187,188,189,190,191,192,193,194,195,196,197,198,199];False
6112;8845;14957;[103,141,11,3,26,96,18,30,25,94,75,1,12,32,14,15,124,9,172,158,61,41,22,23,24,69,5,27,28,56,63,31,29,33,17,35,36,52,60,39,40,49,42,7,44,45,86,47,48,21,50,51,53,13,54,55,6,57,58,59,2,0,77,46,64,10,66,117,68,20,70,71,72,65,8,84,67,81,80,79,38,73,82,83,76,85,122,87,88,89,4,91,109,93,62,95,115,97,98,114,100,101,102,37,104,105,43,107,108,151,110,111,112,113,19,121,116,16,118,119,120,106,74,123,90,125,126,127,128,129,130,131,132,133,134,135,136,137,138,139,140,92,142,143,144,145,146,147,148,149,150,78,152,153,154,155,156,157,34,159,160,161,162,163,164,165,166,167,168,169,170,171,99,173,174,175,176,177,178,179,180,181,182,183,184,185,186,187,188,189,190,191,192,193,194,195,196,197,198,199];False
6141;8825;14966;[52,141,11,3,26,96,18,30,25,94,75,1,12,32,14,15,124,9,172,103,61,41,22,23,24,69,5,27,28,56,63,31,29,33,17,35,36,158,60,39,40,49,42,7,44,45,86,47,48,21,50,51,53,13,54,55,6,57,58,59,2,0,77,46,64,10,66,117,68,20,70,71,72,65,8,84,67,81,80,79,38,73,82,83,76,85,122,87,88,89,4,91,109,93,62,95,115,97,98,114,100,101,102,37,104,105,43,107,108,151,110,111,112,113,19,121,116,16,118,119,120,106,74,123,90,125,126,127,128,129,130,131,132,133,134,135,136,137,138,139,140,92,142,143,144,145,146,147,148,149,150,78,152,153,154,155,156,157,34,159,160,161,162,163,164,165,166,167,168,169,170,171,99,173,174,175,176,177,178,179,180,181,182,183,184,185,186,187,188,189,190,191,192,193,194,195,196,197,198,199];False
6333;8762;15095;[42,141,11,3,26,108,18,30,25,94,75,1,12,32,14,15,124,9,16,19,61,41,22,23,24,69,5,27,28,56,63,31,29,33,17,35,36,52,60,39,121,49,64,7,44,45,86,47,48,21,50,51,53,13,54,55,6,57,58,59,2,0,77,46,115,10,66,117,68,20,70,71,72,65,74,84,67,81,80,79,38,73,82,83,76,85,40,87,88,89,4,91,109,93,62,95,8,97,98,96,100,101,102,37,104,105,43,107,103,151,110,114,112,113,106,154,116,34,118,119,120,111,122,123,90,125,126,127,128,129,130,131,132,133,134,135,136,137,138,139,140,92,142,143,144,145,146,147,148,149,150,78,152,153,99,155,156,157,158,159,160,161,162,163,164,165,166,167,168,169,170,171,172,173,174,175,176,177,178,179,180,181,182,183,184,185,186,187,188,189,190,191,192,193,194,195,196,197,198,199];False
6190;8792;14982;[35,141,11,3,26,108,18,30,25,94,75,1,12,32,14,15,124,9,16,19,61,41,22,23,24,69,5,27,28,56,63,31,29,33,17,8,36,52,60,39,121,49,42,7,44,45,86,47,48,21,50,51,53,13,54,55,6,57,58,59,2,0,77,46,64,10,66,117,68,20,70,71,72,65,74,84,67,81,80,79,38,73,82,83,76,85,40,87,88,89,4,91,109,93,62,95,115,97,98,96,100,101,102,37,104,105,43,107,103,151,110,114,112,113,106,154,116,34,118,119,120,111,122,123,90,125,126,127,128,129,130,131,132,133,134,135,136,137,138,139,140,92,142,143,144,145,146,147,148,149,150,78,152,153,99,155,156,157,158,159,160,161,162,163,164,165,166,167,168,169,170,171,172,173,174,175,176,177,178,179,180,181,182,183,184,185,186,187,188,189,190,191,192,193,194,195,196,197,198,199];False
6304;8775;15079;[127,141,11,3,26,108,18,30,25,94,75,1,12,32,14,15,124,9,16,19,61,41,22,23,24,69,5,27,28,56,63,31,29,33,17,35,36,52,60,39,121,49,42,7,44,45,86,47,48,21,50,51,53,13,54,55,6,57,58,59,2,0,77,46,64,10,66,117,68,20,70,71,72,65,74,84,67,81,80,79,38,73,82,83,76,85,40,87,88,89,4,91,109,93,62,95,8,97,98,96,100,101,115,37,104,105,43,107,103,151,110,114,112,113,106,154,116,34,118,119,120,111,122,123,90,125,126,102,128,129,130,131,132,133,134,135,136,137,138,139,140,92,142,143,144,145,146,147,148,149,150,78,152,153,99,155,156,157,158,159,160,161,162,163,164,165,166,167,168,169,170,171,172,173,174,175,176,177,178,179,180,181,182,183,184,185,186,187,188,189,190,191,192,193,194,195,196,197,198,199];False
6266;8772;15038;[52,141,11,3,26,108,18,30,25,94,75,1,12,32,14,15,124,9,16,19,61,41,22,23,24,69,5,27,28,56,63,31,29,33,17,35,36,127,60,39,121,49,42,7,44,45,86,47,48,21,50,51,53,13,54,55,6,57,58,59,2,0,77,46,64,10,66,117,68,20,70,71,72,65,74,84,67,81,80,79,38,73,82,83,76,85,40,87,88,89,4,91,109,93,62,95,8,97,98,96,100,101,102,37,104,105,43,107,103,151,110,114,112,113,106,154,116,34,118,119,120,111,122,123,90,125,126,115,128,129,130,131,132,133,134,135,136,137,138,139,140,92,142,143,144,145,146,147,148,149,150,78,152,153,99,155,156,157,158,159,160,161,162,163,164,165,166,167,168,169,170,171,172,173,174,175,176,177,178,179,180,181,182,183,184,185,186,187,188,189,190,191,192,193,194,195,196,197,198,199];False
6176;8823;14999;[37,141,11,3,26,108,18,30,25,94,75,1,12,32,14,15,124,9,16,19,61,41,22,23,24,69,5,27,28,56,63,31,29,33,17,35,36,52,60,39,121,49,42,7,44,45,86,47,48,21,50,51,53,13,54,55,6,57,58,59,2,0,77,46,64,10,66,117,68,20,70,71,72,65,74,84,67,81,80,79,38,73,82,83,76,85,40,87,88,89,4,91,109,93,62,95,8,97,98,96,100,101,102,127,104,105,43,107,103,151,110,114,112,113,106,154,116,34,118,119,120,111,122,123,90,125,126,115,128,129,130,131,132,133,134,135,136,137,138,139,140,92,142,143,144,145,146,147,148,149,150,78,152,153,99,155,156,157,158,159,160,161,162,163,164,165,166,167,168,169,170,171,172,173,174,175,176,177,178,179,180,181,182,183,184,185,186,187,188,189,190,191,192,193,194,195,196,197,198,199];False
6195;8780;14975;[131,141,11,3,26,108,18,30,25,94,75,1,12,32,14,15,124,9,16,19,61,41,22,23,24,69,5,27,28,56,63,31,29,33,17,35,36,52,60,39,121,49,42,7,44,45,86,47,48,21,50,51,53,13,54,55,6,57,58,59,2,0,77,46,64,10,66,117,68,20,70,71,72,65,74,84,67,81,80,79,38,73,82,83,76,85,40,87,88,89,4,91,109,93,62,95,8,97,98,96,100,101,102,37,104,105,43,107,103,151,110,114,112,113,106,154,116,34,118,119,120,111,122,123,90,125,126,115,128,129,130,127,132,133,134,135,136,137,138,139,140,92,142,143,144,145,146,147,148,149,150,78,152,153,99,155,156,157,158,159,160,161,162,163,164,165,166,167,168,169,170,171,172,173,174,175,176,177,178,179,180,181,182,183,184,185,186,187,188,189,190,191,192,193,194,195,196,197,198,199];False
6186;8819;15005;[134,141,11,3,26,108,18,30,25,94,75,1,12,32,14,15,124,9,16,19,61,41,22,23,24,69,5,27,28,56,63,31,29,33,17,35,36,52,60,39,121,49,42,7,44,45,86,47,48,21,50,51,53,13,54,55,6,57,58,59,2,0,77,46,64,10,66,117,68,20,70,71,72,65,74,84,67,81,80,79,38,73,82,83,76,85,40,87,88,89,4,91,109,93,62,95,8,97,98,96,100,101,102,37,104,105,43,107,103,151,110,114,112,113,106,154,116,34,118,119,120,111,122,123,90,125,126,115,128,129,130,131,132,133,127,135,136,137,138,139,140,92,142,143,144,145,146,147,148,149,150,78,152,153,99,155,156,157,158,159,160,161,162,163,164,165,166,167,168,169,170,171,172,173,174,175,176,177,178,179,180,181,182,183,184,185,186,187,188,189,190,191,192,193,194,195,196,197,198,199];False
6180;8793;14973;[172,141,11,3,26,108,18,30,25,94,75,1,12,32,14,15,124,9,16,19,61,41,22,23,24,69,5,27,28,56,63,31,29,33,17,35,36,52,60,39,121,49,42,7,44,45,86,47,48,21,50,51,53,13,54,55,6,57,58,59,2,0,77,46,64,10,66,117,68,20,70,71,72,65,74,84,67,81,80,79,38,73,82,83,76,85,40,87,88,89,4,91,109,93,62,95,8,97,98,96,100,101,102,37,104,105,43,107,103,151,110,114,112,113,106,154,116,34,118,119,120,111,122,123,90,125,126,115,128,129,130,131,132,133,134,135,136,137,138,139,140,92,142,143,144,145,146,147,148,149,150,78,152,153,99,155,156,157,158,159,160,161,162,163,164,165,166,167,168,169,170,171,127,173,174,175,176,177,178,179,180,181,182,183,184,185,186,187,188,189,190,191,192,193,194,195,196,197,198,199];False
6231;8755;14986;[174,141,11,3,26,108,18,30,25,94,75,1,12,32,14,15,124,9,16,19,61,41,22,23,24,69,5,27,28,56,63,31,29,33,17,35,36,52,60,39,121,49,42,7,44,45,86,47,48,21,50,51,53,13,54,55,6,57,58,59,2,0,77,46,64,10,66,117,68,20,70,71,72,65,74,84,67,81,80,79,38,73,82,83,76,85,40,87,88,89,4,91,109,93,62,95,8,97,98,96,100,101,102,37,104,105,43,107,103,151,110,114,112,113,106,154,116,34,118,119,120,111,122,123,90,125,126,115,128,129,130,131,132,133,134,135,136,137,138,139,140,92,142,143,144,145,146,147,148,149,150,78,152,153,99,155,156,157,158,159,160,161,162,163,164,165,166,167,168,169,170,171,172,173,127,175,176,177,178,179,180,181,182,183,184,185,186,187,188,189,190,191,192,193,194,195,196,197,198,199];False
6493;8696;15189;[92,141,11,3,26,43,18,30,25,9,4,1,12,32,139,15,124,46,174,88,61,41,22,40,24,69,5,27,99,56,63,31,29,33,17,8,36,95,38,85,14,60,42,7,44,45,100,47,48,21,121,51,53,13,54,55,6,57,58,59,2,0,62,96,64,10,66,117,68,20,70,71,72,65,74,75,67,77,76,28,80,81,39,83,52,37,86,87,84,89,73,91,35,93,94,109,23,97,98,79,114,101,16,142,104,105,106,107,108,102,110,111,112,113,49,115,116,34,118,119,120,19,122,123,90,125,126,78,128,129,130,131,132,133,134,135,136,137,138,103,140,50,82,143,144,145,146,147,148,149,150,151,152,153,154,155,156,157,158,159,160,161,162,163,164,165,166,167,168,169,170,171,172,173,127,175,176,177,178,179,180,181,182,183,184,185,186,187,188,189,190,191,192,193,194,195,196,197,198,199];False
6498;8691;15189;[64,141,11,3,26,43,18,30,25,9,4,1,12,32,139,15,124,46,174,88,61,41,22,40,24,69,5,27,99,56,63,31,29,33,17,8,36,95,38,85,14,60,42,7,44,45,100,47,48,21,92,51,53,13,54,55,6,57,58,59,2,0,62,96,121,10,66,117,68,20,70,71,72,65,74,75,67,77,76,28,80,81,39,83,52,37,86,87,84,89,73,91,35,93,94,109,23,97,98,79,114,101,16,142,104,105,106,107,108,102,110,111,112,113,49,115,116,34,118,119,120,19,122,123,90,125,126,78,128,129,130,131,132,133,134,135,136,137,138,103,140,50,82,143,144,145,146,147,148,149,150,151,152,153,154,155,156,157,158,159,160,161,162,163,164,165,166,167,168,169,170,171,172,173,127,175,176,177,178,179,180,181,182,183,184,185,186,187,188,189,190,191,192,193,194,195,196,197,198,199];False
6465;8695;15160;[66,141,11,3,26,43,18,30,25,9,4,1,12,32,139,15,124,46,174,88,61,41,22,40,24,69,5,27,99,56,63,31,29,33,17,8,36,95,38,85,14,60,42,7,44,45,100,47,48,21,92,51,53,13,54,55,6,57,58,59,2,0,62,96,64,10,121,117,68,20,70,71,72,65,74,75,67,77,76,28,80,81,39,83,52,37,86,87,84,89,73,91,35,93,94,109,23,97,98,79,114,101,16,142,104,105,106,107,108,102,110,111,112,113,49,115,116,34,118,119,120,19,122,123,90,125,126,78,128,129,130,131,132,133,134,135,136,137,138,103,140,50,82,143,144,145,146,147,148,149,150,151,152,153,154,155,156,157,158,159,160,161,162,163,164,165,166,167,168,169,170,171,172,173,127,175,176,177,178,179,180,181,182,183,184,185,186,187,188,189,190,191,192,193,194,195,196,197,198,199];False
6559;8670;15229;[18,141,11,3,26,43,131,30,25,9,4,1,12,32,139,15,124,46,174,88,61,41,22,40,24,69,5,27,99,56,63,31,29,33,17,8,36,95,38,85,14,60,42,7,44,45,100,47,48,21,92,51,53,13,54,55,6,57,58,59,2,0,62,96,64,10,66,117,68,20,70,71,72,65,74,75,67,77,76,28,80,81,39,83,52,37,86,87,84,89,73,91,35,93,94,109,23,97,98,79,114,101,16,142,104,105,106,107,108,102,110,111,112,113,49,115,116,34,118,119,120,121,122,123,90,125,126,78,128,129,130,19,132,133,134,135,136,137,138,103,140,50,82,143,144,145,146,147,148,149,150,151,152,153,154,155,156,157,158,159,160,161,162,163,164,165,166,167,168,169,170,171,172,173,127,175,176,177,178,179,180,181,182,183,184,185,186,187,188,189,190,191,192,193,194,195,196,197,198,199];False
6416;8738;15154;[40,141,11,3,26,43,18,30,25,9,4,1,12,32,139,15,124,46,174,88,61,41,22,131,24,69,5,27,99,56,63,31,29,33,17,8,36,95,38,85,14,60,42,7,44,45,100,47,48,21,92,51,53,13,54,55,6,57,58,59,2,0,62,96,64,10,66,117,68,20,70,71,72,65,74,75,67,77,76,28,80,81,39,83,52,37,86,87,84,89,73,91,35,93,94,109,23,97,98,79,114,101,16,142,104,105,106,107,108,102,110,111,112,113,49,115,116,34,118,119,120,121,122,123,90,125,126,78,128,129,130,19,132,133,134,135,136,137,138,103,140,50,82,143,144,145,146,147,148,149,150,151,152,153,154,155,156,157,158,159,160,161,162,163,164,165,166,167,168,169,170,171,172,173,127,175,176,177,178,179,180,181,182,183,184,185,186,187,188,189,190,191,192,193,194,195,196,197,198,199];False
6574;8666;15240;[100,141,11,3,26,43,18,30,25,9,4,1,12,32,139,15,124,46,174,88,61,41,22,40,24,69,5,27,99,56,63,31,29,33,17,8,36,95,38,85,14,60,42,7,44,45,131,47,48,21,92,51,53,13,54,55,6,57,58,59,2,0,62,96,64,10,66,117,68,20,70,71,72,65,74,75,67,77,76,28,80,81,39,83,52,37,86,87,84,89,73,91,35,93,94,109,23,97,98,79,114,101,16,142,104,105,106,107,108,102,110,111,112,113,49,115,116,34,118,119,120,121,122,123,90,125,126,78,128,129,130,19,132,133,134,135,136,137,138,103,140,50,82,143,144,145,146,147,148,149,150,151,152,153,154,155,156,157,158,159,160,161,162,163,164,165,166,167,168,169,170,171,172,173,127,175,176,177,178,179,180,181,182,183,184,185,186,187,188,189,190,191,192,193,194,195,196,197,198,199];False
6511;8673;15184;[58,141,11,3,26,43,18,30,25,9,4,1,12,32,139,15,124,46,174,88,61,41,22,40,24,69,5,27,99,56,63,31,29,33,17,8,36,95,38,85,14,60,42,7,44,45,100,47,48,21,92,51,53,13,54,55,6,57,131,59,2,0,62,96,64,10,66,117,68,20,70,71,72,65,74,75,67,77,76,28,80,81,39,83,52,37,86,87,84,89,73,91,35,93,94,109,23,97,98,79,114,101,16,142,104,105,106,107,108,102,110,111,112,113,49,115,116,34,118,119,120,121,122,123,90,125,126,78,128,129,130,19,132,133,134,135,136,137,138,103,140,50,82,143,144,145,146,147,148,149,150,151,152,153,154,155,156,157,158,159,160,161,162,163,164,165,166,167,168,169,170,171,172,173,127,175,176,177,178,179,180,181,182,183,184,185,186,187,188,189,190,191,192,193,194,195,196,197,198,199];False
6412;8723;15135;[10,141,11,3,26,43,18,30,25,9,4,1,12,32,139,15,124,46,174,19,61,41,22,23,24,69,5,27,99,56,63,31,29,33,17,8,36,95,38,85,14,60,42,7,44,45,100,47,48,21,92,51,53,13,54,55,6,57,58,59,2,0,62,96,64,159,66,117,68,20,70,71,72,65,74,75,67,88,76,28,80,81,39,83,40,37,86,87,77,89,73,91,35,93,94,109,84,97,98,79,114,101,16,142,104,105,106,107,108,102,110,111,112,113,49,115,116,34,118,119,120,121,122,123,90,125,126,78,128,129,130,131,132,133,134,135,136,137,138,103,140,50,82,143,144,145,146,147,148,149,150,151,152,153,154,155,156,157,158,52,160,161,162,163,164,165,166,167,168,169,170,171,172,173,127,175,176,177,178,179,180,181,182,183,184,185,186,187,188,189,190,191,192,193,194,195,196,197,198,199];False
6660;8635;15295;[60,141,11,3,26,43,18,30,25,9,4,1,12,32,14,15,124,46,174,88,61,41,22,40,24,69,5,27,99,56,63,31,29,33,17,8,36,95,38,85,151,64,42,7,44,45,100,47,48,21,92,51,53,13,54,55,6,57,58,59,2,0,62,96,121,10,66,117,68,20,70,71,72,65,74,75,67,77,76,28,80,81,39,83,52,37,86,87,84,89,73,91,35,93,94,109,23,97,98,79,114,101,16,142,104,105,106,107,108,102,110,111,112,113,49,115,116,34,118,119,120,19,122,123,90,125,126,78,128,129,130,131,132,133,134,135,136,137,138,139,140,50,82,143,144,145,146,147,148,149,150,103,152,153,154,155,156,157,158,159,160,161,162,163,164,165,166,167,168,169,170,171,172,173,127,175,176,177,178,179,180,181,182,183,184,185,186,187,188,189,190,191,192,193,194,195,196,197,198,199];False
6678;8634;15312;[58,141,11,3,26,43,18,30,25,9,4,1,12,32,14,15,124,46,174,88,61,41,22,40,24,69,5,27,99,56,63,31,29,33,17,8,36,95,38,85,151,60,42,7,44,45,100,47,48,21,92,51,53,13,54,55,6,57,64,59,2,0,62,96,121,10,66,117,68,20,70,71,72,65,74,75,67,77,76,28,80,81,39,83,52,37,86,87,84,89,73,91,35,93,94,109,23,97,98,79,114,101,16,142,104,105,106,107,108,102,110,111,112,113,49,115,116,34,118,119,120,19,122,123,90,125,126,78,128,129,130,131,132,133,134,135,136,137,138,139,140,50,82,143,144,145,146,147,148,149,150,103,152,153,154,155,156,157,158,159,160,161,162,163,164,165,166,167,168,169,170,171,172,173,127,175,176,177,178,179,180,181,182,183,184,185,186,187,188,189,190,191,192,193,194,195,196,197,198,199];False
6581;8662;15243;[96,141,11,3,26,43,18,30,25,9,4,1,12,32,14,15,124,46,174,88,61,41,22,40,24,69,5,27,99,56,63,31,29,33,17,8,36,95,38,85,151,60,42,7,44,45,100,47,48,21,92,51,53,13,54,55,6,57,58,59,2,0,62,64,121,10,66,117,68,20,70,71,72,65,74,75,67,77,76,28,80,81,39,83,52,37,86,87,84,89,73,91,35,93,94,109,23,97,98,79,114,101,16,142,104,105,106,107,108,102,110,111,112,113,49,115,116,34,118,119,120,19,122,123,90,125,126,78,128,129,130,131,132,133,134,135,136,137,138,139,140,50,82,143,144,145,146,147,148,149,150,103,152,153,154,155,156,157,158,159,160,161,162,163,164,165,166,167,168,169,170,171,172,173,127,175,176,177,178,179,180,181,182,183,184,185,186,187,188,189,190,191,192,193,194,195,196,197,198,199];False
6613;8620;15233;[37,141,11,3,26,43,18,30,25,9,4,1,12,32,14,15,124,46,174,88,61,41,22,40,24,69,5,27,99,56,63,31,29,33,17,8,36,95,38,85,151,60,42,7,44,45,100,47,48,21,92,51,53,13,54,55,6,57,58,59,2,0,62,96,121,10,66,117,68,20,70,71,72,65,74,75,67,77,76,28,80,81,39,83,52,64,86,87,84,89,73,91,35,93,94,109,23,97,98,79,114,101,16,142,104,105,106,107,108,102,110,111,112,113,49,115,116,34,118,119,120,19,122,123,90,125,126,78,128,129,130,131,132,133,134,135,136,137,138,139,140,50,82,143,144,145,146,147,148,149,150,103,152,153,154,155,156,157,158,159,160,161,162,163,164,165,166,167,168,169,170,171,172,173,127,175,176,177,178,179,180,181,182,183,184,185,186,187,188,189,190,191,192,193,194,195,196,197,198,199];False
6600;8658;15258;[97,141,11,3,26,43,18,30,25,9,4,1,12,32,14,15,124,46,174,88,61,41,22,40,24,69,5,27,99,56,63,31,29,33,17,8,36,95,38,85,151,60,42,7,44,45,100,47,48,21,92,51,53,13,54,55,6,57,58,59,2,0,62,96,64,10,121,117,68,20,70,71,72,65,74,75,67,77,76,28,80,81,39,83,52,37,86,87,84,89,73,91,35,93,94,109,23,66,98,79,114,101,16,142,104,105,106,107,108,102,110,111,112,113,49,115,116,34,118,119,120,19,122,123,90,125,126,78,128,129,130,131,132,133,134,135,136,137,138,139,140,50,82,143,144,145,146,147,148,149,150,103,152,153,154,155,156,157,158,159,160,161,162,163,164,165,166,167,168,169,170,171,172,173,127,175,176,177,178,179,180,181,182,183,184,185,186,187,188,189,190,191,192,193,194,195,196,197,198,199];False
6662;8617;15279;[101,141,11,3,26,43,18,30,25,9,4,1,12,32,14,15,124,46,174,88,61,41,22,40,24,69,5,27,99,56,63,31,29,33,17,8,36,95,38,85,151,60,42,7,44,45,100,47,48,21,92,51,53,13,54,55,6,57,58,59,2,0,62,96,64,10,121,117,68,20,70,71,72,65,74,75,67,77,76,28,80,81,39,83,52,37,86,87,84,89,73,91,35,93,94,109,23,97,98,79,114,66,16,142,104,105,106,107,108,102,110,111,112,113,49,115,116,34,118,119,120,19,122,123,90,125,126,78,128,129,130,131,132,133,134,135,136,137,138,139,140,50,82,143,144,145,146,147,148,149,150,103,152,153,154,155,156,157,158,159,160,161,162,163,164,165,166,167,168,169,170,171,172,173,127,175,176,177,178,179,180,181,182,183,184,185,186,187,188,189,190,191,192,193,194,195,196,197,198,199];False
6607;8634;15241;[49,141,11,3,26,43,18,30,25,9,4,1,12,32,14,15,124,46,174,88,61,41,22,40,24,69,5,27,99,56,63,31,29,33,17,8,36,95,38,85,151,60,42,7,44,45,100,47,48,21,92,51,53,13,54,55,6,57,58,59,2,0,62,96,64,10,121,117,68,20,70,71,72,65,74,75,67,77,76,28,80,81,39,83,52,37,86,87,84,89,73,91,35,93,94,109,23,97,98,79,114,101,16,142,104,105,106,107,108,102,110,111,112,113,66,115,116,34,118,119,120,19,122,123,90,125,126,78,128,129,130,131,132,133,134,135,136,137,138,139,140,50,82,143,144,145,146,147,148,149,150,103,152,153,154,155,156,157,158,159,160,161,162,163,164,165,166,167,168,169,170,171,172,173,127,175,176,177,178,179,180,181,182,183,184,185,186,187,188,189,190,191,192,193,194,195,196,197,198,199];False
6605;8653;15258;[119,141,11,3,26,43,18,30,25,9,4,1,12,32,14,15,124,46,174,88,61,41,22,40,24,69,5,27,99,56,63,31,29,33,17,8,36,95,38,85,151,60,42,7,44,45,100,47,48,21,92,51,53,13,54,55,6,57,58,59,2,0,62,96,64,10,121,117,68,20,70,71,72,65,74,75,67,77,76,28,80,81,39,83,52,37,86,87,84,89,73,91,35,93,94,109,23,97,98,79,114,101,16,142,104,105,106,107,108,102,110,111,112,113,49,115,116,34,118,66,120,19,122,123,90,125,126,78,128,129,130,131,132,133,134,135,136,137,138,139,140,50,82,143,144,145,146,147,148,149,150,103,152,153,154,155,156,157,158,159,160,161,162,163,164,165,166,167,168,169,170,171,172,173,127,175,176,177,178,179,180,181,182,183,184,185,186,187,188,189,190,191,192,193,194,195,196,197,198,199];False
6580;8644;15224;[125,141,11,3,26,43,18,30,25,9,4,1,12,32,14,15,124,46,174,88,61,41,22,40,24,69,5,27,99,56,63,31,29,33,17,8,36,95,38,85,151,60,42,7,44,45,100,47,48,21,92,51,53,13,54,55,6,57,58,59,2,0,62,96,64,10,121,117,68,20,70,71,72,65,74,75,67,77,76,28,80,81,39,83,52,37,86,87,84,89,73,91,35,93,94,109,23,97,98,79,114,101,16,142,104,105,106,107,108,102,110,111,112,113,49,115,116,34,118,119,120,19,122,123,90,66,126,78,128,129,130,131,132,133,134,135,136,137,138,139,140,50,82,143,144,145,146,147,148,149,150,103,152,153,154,155,156,157,158,159,160,161,162,163,164,165,166,167,168,169,170,171,172,173,127,175,176,177,178,179,180,181,182,183,184,185,186,187,188,189,190,191,192,193,194,195,196,197,198,199];False
7406;8451;15857;[86,141,11,3,26,43,79,30,25,9,14,1,12,32,10,15,124,46,174,19,61,41,22,40,24,69,5,27,99,56,63,31,29,33,17,8,36,95,38,75,18,158,42,7,44,45,60,47,48,21,92,51,53,13,54,55,6,57,58,59,2,0,62,96,64,39,121,117,68,4,70,71,72,65,74,84,67,77,76,28,80,81,114,83,52,85,66,87,88,89,73,91,35,93,94,37,23,97,98,137,100,101,16,103,104,105,106,107,108,102,110,111,112,113,109,115,116,34,118,119,120,49,122,123,90,125,126,78,128,129,130,131,132,133,134,135,136,20,138,139,140,50,142,143,144,145,146,147,148,149,150,151,152,153,154,155,156,157,82,159,160,161,162,163,164,165,166,167,168,169,170,171,172,173,127,175,176,177,178,179,180,181,182,183,184,185,186,187,188,189,190,191,192,193,194,195,196,197,198,199];False
7356;8451;15807;[53,141,11,3,26,43,86,30,25,9,14,1,12,32,10,15,124,46,174,19,61,41,22,40,24,69,5,27,99,56,63,31,29,33,17,8,36,95,38,75,18,158,42,7,44,45,60,47,48,21,92,51,16,13,54,55,6,57,58,59,2,0,62,96,64,39,121,117,68,4,70,71,72,65,74,84,67,77,76,28,80,81,114,83,52,85,66,87,88,89,73,91,35,93,94,37,23,97,98,79,100,101,142,103,104,105,106,107,108,102,110,111,112,113,109,115,116,34,118,119,120,49,122,123,90,125,126,78,128,129,130,131,132,133,134,135,136,137,138,139,140,50,20,143,144,145,146,147,148,149,150,151,152,153,154,155,156,157,82,159,160,161,162,163,164,165,166,167,168,169,170,171,172,173,127,175,176,177,178,179,180,181,182,183,184,185,186,187,188,189,190,191,192,193,194,195,196,197,198,199];False
7408;8436;15844;[73,141,11,3,26,43,86,30,25,9,14,1,12,32,10,15,124,46,174,19,61,41,22,40,24,69,5,27,99,56,63,31,29,33,17,8,36,95,38,75,18,158,42,7,44,45,60,47,48,21,92,51,53,13,54,55,6,57,58,59,2,0,62,96,64,39,121,117,68,4,70,71,72,65,74,84,67,77,76,28,80,81,114,83,52,85,66,87,88,89,16,91,35,93,94,37,23,97,98,79,100,101,142,103,104,105,106,107,108,102,110,111,112,113,109,115,116,34,118,119,120,49,122,123,90,125,126,78,128,129,130,131,132,133,134,135,136,137,138,139,140,50,20,143,144,145,146,147,148,149,150,151,152,153,154,155,156,157,82,159,160,161,162,163,164,165,166,167,168,169,170,171,172,173,127,175,176,177,178,179,180,181,182,183,184,185,186,187,188,189,190,191,192,193,194,195,196,197,198,199];False
7264;8469;15733;[101,141,11,3,26,43,86,30,25,9,14,1,12,32,10,15,124,46,174,19,61,41,22,40,24,69,5,27,99,56,63,31,29,33,17,8,36,95,38,75,18,158,42,7,44,45,60,47,48,21,92,51,53,13,54,55,6,57,58,59,2,0,62,96,64,39,121,117,68,4,70,71,72,65,74,84,67,77,76,28,80,81,114,83,52,85,66,87,88,89,73,91,35,93,94,37,23,97,98,79,100,16,142,103,104,105,106,107,108,102,110,111,112,113,109,115,116,34,118,119,120,49,122,123,90,125,126,78,128,129,130,131,132,133,134,135,136,137,138,139,140,50,20,143,144,145,146,147,148,149,150,151,152,153,154,155,156,157,82,159,160,161,162,163,164,165,166,167,168,169,170,171,172,173,127,175,176,177,178,179,180,181,182,183,184,185,186,187,188,189,190,191,192,193,194,195,196,197,198,199];False
7291;8454;15745;[34,141,11,3,26,43,86,30,25,9,14,1,12,32,10,15,124,46,174,19,61,41,22,40,24,69,5,27,99,56,63,31,29,33,17,8,36,95,38,75,18,158,42,7,44,45,60,47,48,21,92,51,53,13,54,55,6,57,58,59,2,0,62,96,64,39,121,117,68,4,70,71,72,65,74,84,67,77,76,28,80,81,114,83,52,85,66,87,88,89,73,91,35,93,94,37,23,97,98,79,100,101,142,103,104,105,106,107,108,102,110,111,112,113,109,115,116,16,118,119,120,49,122,123,90,125,126,78,128,129,130,131,132,133,134,135,136,137,138,139,140,50,20,143,144,145,146,147,148,149,150,151,152,153,154,155,156,157,82,159,160,161,162,163,164,165,166,167,168,169,170,171,172,173,127,175,176,177,178,179,180,181,182,183,184,185,186,187,188,189,190,191,192,193,194,195,196,197,198,199];False
7244;8466;15710;[73,141,11,3,26,43,86,30,25,9,14,1,12,32,10,15,124,46,174,19,61,41,22,40,24,69,5,27,99,56,63,31,29,33,17,8,36,95,38,75,18,158,42,7,44,45,60,47,48,21,92,51,53,13,54,55,6,57,58,59,2,0,62,96,64,39,121,117,68,4,70,71,72,65,74,84,67,77,76,28,80,81,114,83,52,85,66,87,88,89,103,91,35,93,94,37,23,97,98,79,100,101,16,142,104,105,106,107,108,102,110,111,112,113,109,115,116,34,118,119,120,49,122,123,90,125,126,78,128,129,130,131,132,133,134,135,136,137,138,139,140,50,20,143,144,145,146,147,148,149,150,151,152,153,154,155,156,157,82,159,160,161,162,163,164,165,166,167,168,169,170,171,172,173,127,175,176,177,178,179,180,181,182,183,184,185,186,187,188,189,190,191,192,193,194,195,196,197,198,199];False
7161;8469;15630;[115,141,11,3,26,43,86,30,25,9,14,1,12,32,10,15,124,46,174,19,61,41,22,40,24,69,5,27,99,56,63,31,29,33,17,8,36,95,38,75,18,158,42,7,44,45,60,47,48,21,92,51,53,13,54,55,6,57,58,59,2,0,62,96,64,39,121,117,68,4,70,71,72,65,74,84,67,77,76,28,80,81,114,83,52,85,66,87,88,89,73,91,35,93,94,37,23,97,98,79,100,101,16,142,104,105,106,107,108,102,110,111,112,113,109,103,116,34,118,119,120,49,122,123,90,125,126,78,128,129,130,131,132,133,134,135,136,137,138,139,140,50,20,143,144,145,146,147,148,149,150,151,152,153,154,155,156,157,82,159,160,161,162,163,164,165,166,167,168,169,170,171,172,173,127,175,176,177,178,179,180,181,182,183,184,185,186,187,188,189,190,191,192,193,194,195,196,197,198,199];False
7349;8451;15800;[19,141,11,3,26,43,86,30,25,9,14,1,12,32,10,15,124,46,174,149,61,41,22,40,24,69,5,27,99,56,63,31,29,33,17,8,36,95,38,75,18,158,42,7,44,45,60,47,48,21,92,51,53,13,54,55,6,57,58,59,2,0,62,96,64,39,121,117,68,4,70,71,72,65,74,84,67,77,76,28,80,81,114,83,52,85,66,87,88,89,73,91,35,93,94,37,23,97,98,79,100,101,16,103,104,105,106,107,108,102,110,111,112,113,109,115,116,34,118,119,120,49,122,123,90,125,126,78,128,129,130,131,132,133,134,135,136,137,138,139,140,50,20,143,144,145,146,147,148,142,150,151,152,153,154,155,156,157,82,159,160,161,162,163,164,165,166,167,168,169,170,171,172,173,127,175,176,177,178,179,180,181,182,183,184,185,186,187,188,189,190,191,192,193,194,195,196,197,198,199];False
7205;8455;15660;[76,141,11,3,26,43,86,30,25,9,14,1,12,32,10,15,124,46,174,19,61,41,22,40,24,69,5,27,99,56,63,31,29,33,17,8,36,95,38,75,18,158,42,7,44,45,60,47,48,21,92,51,53,13,54,55,6,57,58,59,2,0,62,96,64,39,121,117,68,4,70,71,72,65,74,84,67,77,149,28,80,81,114,83,52,85,66,87,88,89,73,91,35,93,94,37,23,97,98,79,100,101,16,103,104,105,106,107,108,102,110,111,112,113,109,115,116,34,118,119,120,49,122,123,90,125,126,78,128,129,130,131,132,133,134,135,136,137,138,139,140,50,20,143,144,145,146,147,148,142,150,151,152,153,154,155,156,157,82,159,160,161,162,163,164,165,166,167,168,169,170,171,172,173,127,175,176,177,178,179,180,181,182,183,184,185,186,187,188,189,190,191,192,193,194,195,196,197,198,199];False
7056;8488;15544;[42,141,11,3,26,43,86,30,25,9,4,1,12,32,14,15,124,46,174,19,61,41,22,40,24,69,5,27,99,56,63,31,29,33,17,8,36,95,38,75,18,158,60,7,44,45,100,47,48,21,92,51,53,13,54,55,6,57,98,59,2,0,62,96,64,10,121,117,68,20,70,71,72,65,74,84,67,77,76,28,80,81,39,83,52,85,66,87,88,89,73,91,35,93,94,37,23,97,58,79,114,101,16,103,104,105,106,107,108,102,110,111,112,113,109,115,116,34,118,119,120,49,122,123,90,125,126,78,128,129,130,131,132,133,134,135,136,137,138,139,140,50,142,143,144,145,146,147,148,149,150,151,152,153,154,155,156,157,82,159,160,161,162,163,164,165,166,167,168,169,170,171,172,173,127,175,176,177,178,179,180,181,182,183,184,185,186,187,188,189,190,191,192,193,194,195,196,197,198,199];False
6997;8512;15509;[96,141,11,3,26,43,86,30,25,9,4,1,12,32,14,15,124,46,174,19,61,41,22,40,24,69,5,27,99,56,63,31,29,33,17,8,36,95,38,75,18,158,42,7,44,45,100,47,48,21,92,51,53,13,54,55,6,57,98,59,2,0,62,60,64,10,121,117,68,20,70,71,72,65,74,84,67,77,76,28,80,81,39,83,52,85,66,87,88,89,73,91,35,93,94,37,23,97,58,79,114,101,16,103,104,105,106,107,108,102,110,111,112,113,109,115,116,34,118,119,120,49,122,123,90,125,126,78,128,129,130,131,132,133,134,135,136,137,138,139,140,50,142,143,144,145,146,147,148,149,150,151,152,153,154,155,156,157,82,159,160,161,162,163,164,165,166,167,168,169,170,171,172,173,127,175,176,177,178,179,180,181,182,183,184,185,186,187,188,189,190,191,192,193,194,195,196,197,198,199];False
6946;8509;15455;[77,141,11,3,26,43,86,30,25,9,4,1,12,32,14,15,124,46,174,19,61,41,22,40,24,69,5,27,99,56,63,31,29,33,17,8,36,95,38,75,18,158,42,7,44,45,100,47,48,21,92,51,53,13,54,55,6,57,98,59,2,0,62,96,64,10,121,117,68,20,70,71,72,65,74,84,67,60,76,28,80,81,39,83,52,85,66,87,88,89,73,91,35,93,94,37,23,97,58,79,114,101,16,103,104,105,106,107,108,102,110,111,112,113,109,115,116,34,118,119,120,49,122,123,90,125,126,78,128,129,130,131,132,133,134,135,136,137,138,139,140,50,142,143,144,145,146,147,148,149,150,151,152,153,154,155,156,157,82,159,160,161,162,163,164,165,166,167,168,169,170,171,172,173,127,175,176,177,178,179,180,181,182,183,184,185,186,187,188,189,190,191,192,193,194,195,196,197,198,199];False
7025;8497;15522;[76,141,11,3,26,43,86,30,25,9,4,1,12,32,14,15,124,46,174,19,61,41,22,40,24,69,5,27,99,56,63,31,29,33,17,8,36,95,38,75,18,158,42,7,44,45,100,47,48,21,92,51,53,13,54,55,6,57,98,59,2,0,62,96,64,10,121,117,68,20,70,71,72,65,74,84,67,77,60,28,80,81,39,83,52,85,66,87,88,89,73,91,35,93,94,37,23,97,58,79,114,101,16,103,104,105,106,107,108,102,110,111,112,113,109,115,116,34,118,119,120,49,122,123,90,125,126,78,128,129,130,131,132,133,134,135,136,137,138,139,140,50,142,143,144,145,146,147,148,149,150,151,152,153,154,155,156,157,82,159,160,161,162,163,164,165,166,167,168,169,170,171,172,173,127,175,176,177,178,179,180,181,182,183,184,185,186,187,188,189,190,191,192,193,194,195,196,197,198,199];False
7072;8473;15545;[114,141,11,3,26,43,86,30,25,9,4,1,12,32,14,15,124,46,174,19,61,41,22,40,24,69,5,27,99,56,63,31,29,33,17,8,36,95,38,75,18,158,42,7,44,45,100,47,48,21,92,51,53,13,54,55,6,57,98,59,2,0,62,96,64,10,121,117,68,20,70,71,72,65,74,84,67,77,76,28,80,81,39,83,52,85,66,87,88,89,73,91,35,93,94,37,23,97,58,79,60,101,16,103,104,105,106,107,108,102,110,111,112,113,109,115,116,34,118,119,120,49,122,123,90,125,126,78,128,129,130,131,132,133,134,135,136,137,138,139,140,50,142,143,144,145,146,147,148,149,150,151,152,153,154,155,156,157,82,159,160,161,162,163,164,165,166,167,168,169,170,171,172,173,127,175,176,177,178,179,180,181,182,183,184,185,186,187,188,189,190,191,192,193,194,195,196,197,198,199];False
6838;8553;15391;[19,141,11,3,26,43,18,30,25,9,4,1,75,32,14,15,124,46,174,131,61,41,22,98,24,69,5,27,99,56,63,31,29,33,17,8,36,95,38,39,40,12,42,7,44,45,86,47,48,21,92,51,53,13,54,55,6,57,60,59,2,0,62,158,64,10,121,117,68,20,70,71,72,65,74,84,67,77,76,28,80,81,114,83,52,85,66,87,88,89,73,91,35,93,94,37,23,97,58,79,100,101,96,103,104,105,106,107,108,102,110,111,112,113,109,16,116,34,118,119,120,49,122,123,90,125,126,78,128,129,130,115,132,133,134,135,136,137,138,139,140,50,142,143,144,145,146,147,148,149,150,151,152,153,154,155,156,157,82,159,160,161,162,163,164,165,166,167,168,169,170,171,172,173,127,175,176,177,178,179,180,181,182,183,184,185,186,187,188,189,190,191,192,193,194,195,196,197,198,199];False
6793;8568;15361;[40,141,11,3,26,43,18,30,25,9,4,1,75,32,14,15,124,46,174,19,61,41,22,98,24,69,5,27,99,56,63,31,29,33,17,8,36,95,38,39,131,12,42,7,44,45,86,47,48,21,92,51,53,13,54,55,6,57,60,59,2,0,62,158,64,10,121,117,68,20,70,71,72,65,74,84,67,77,76,28,80,81,114,83,52,85,66,87,88,89,73,91,35,93,94,37,23,97,58,79,100,101,96,103,104,105,106,107,108,102,110,111,112,113,109,16,116,34,118,119,120,49,122,123,90,125,126,78,128,129,130,115,132,133,134,135,136,137,138,139,140,50,142,143,144,145,146,147,148,149,150,151,152,153,154,155,156,157,82,159,160,161,162,163,164,165,166,167,168,169,170,171,172,173,127,175,176,177,178,179,180,181,182,183,184,185,186,187,188,189,190,191,192,193,194,195,196,197,198,199];False
6788;8545;15333;[60,141,11,3,26,43,18,30,25,9,4,1,75,32,14,15,124,46,174,19,61,41,22,98,24,69,5,27,99,56,63,31,29,33,17,8,36,95,38,39,40,12,42,7,44,45,86,47,48,21,92,51,53,13,54,55,6,57,131,59,2,0,62,158,64,10,121,117,68,20,70,71,72,65,74,84,67,77,76,28,80,81,114,83,52,85,66,87,88,89,73,91,35,93,94,37,23,97,58,79,100,101,96,103,104,105,106,107,108,102,110,111,112,113,109,16,116,34,118,119,120,49,122,123,90,125,126,78,128,129,130,115,132,133,134,135,136,137,138,139,140,50,142,143,144,145,146,147,148,149,150,151,152,153,154,155,156,157,82,159,160,161,162,163,164,165,166,167,168,169,170,171,172,173,127,175,176,177,178,179,180,181,182,183,184,185,186,187,188,189,190,191,192,193,194,195,196,197,198,199];False
6777;8577;15354;[158,141,11,3,26,43,18,30,25,9,4,1,75,32,14,15,124,46,174,19,61,41,22,98,24,69,5,27,99,56,63,31,29,33,17,8,36,95,38,39,40,12,42,7,44,45,86,47,48,21,92,51,53,13,54,55,6,57,60,59,2,0,62,131,64,10,121,117,68,20,70,71,72,65,74,84,67,77,76,28,80,81,114,83,52,85,66,87,88,89,73,91,35,93,94,37,23,97,58,79,100,101,96,103,104,105,106,107,108,102,110,111,112,113,109,16,116,34,118,119,120,49,122,123,90,125,126,78,128,129,130,115,132,133,134,135,136,137,138,139,140,50,142,143,144,145,146,147,148,149,150,151,152,153,154,155,156,157,82,159,160,161,162,163,164,165,166,167,168,169,170,171,172,173,127,175,176,177,178,179,180,181,182,183,184,185,186,187,188,189,190,191,192,193,194,195,196,197,198,199];False
6766;8554;15320;[76,141,11,3,26,43,18,30,25,9,4,1,75,32,14,15,124,46,174,19,61,41,22,98,24,69,5,27,99,56,63,31,29,33,17,8,36,95,38,39,40,12,42,7,44,45,86,47,48,21,92,51,53,13,54,55,6,57,60,59,2,0,62,158,64,10,121,117,68,20,70,71,72,65,74,84,67,77,131,28,80,81,114,83,52,85,66,87,88,89,73,91,35,93,94,37,23,97,58,79,100,101,96,103,104,105,106,107,108,102,110,111,112,113,109,16,116,34,118,119,120,49,122,123,90,125,126,78,128,129,130,115,132,133,134,135,136,137,138,139,140,50,142,143,144,145,146,147,148,149,150,151,152,153,154,155,156,157,82,159,160,161,162,163,164,165,166,167,168,169,170,171,172,173,127,175,176,177,178,179,180,181,182,183,184,185,186,187,188,189,190,191,192,193,194,195,196,197,198,199];False
6760;8557;15317;[81,141,11,3,26,43,18,30,25,9,4,1,75,32,14,15,124,46,174,19,61,41,22,98,24,69,5,27,99,56,63,31,29,33,17,8,36,95,38,39,40,12,42,7,44,45,86,47,48,21,92,51,53,13,54,55,6,57,60,59,2,0,62,158,64,10,121,117,68,20,70,71,72,65,74,84,67,77,76,28,80,131,114,83,52,85,66,87,88,89,73,91,35,93,94,37,23,97,58,79,100,101,96,103,104,105,106,107,108,102,110,111,112,113,109,16,116,34,118,119,120,49,122,123,90,125,126,78,128,129,130,115,132,133,134,135,136,137,138,139,140,50,142,143,144,145,146,147,148,149,150,151,152,153,154,155,156,157,82,159,160,161,162,163,164,165,166,167,168,169,170,171,172,173,127,175,176,177,178,179,180,181,182,183,184,185,186,187,188,189,190,191,192,193,194,195,196,197,198,199];False
6758;8573;15331;[106,141,11,3,26,43,18,30,25,9,4,1,75,32,14,15,124,46,174,19,61,41,22,98,24,69,5,27,99,56,63,31,29,33,17,8,36,95,38,39,40,12,42,7,44,45,86,47,48,21,92,51,53,13,54,55,6,57,60,59,2,0,62,158,64,10,121,117,68,20,70,71,72,65,74,84,67,77,76,28,80,81,114,83,52,85,66,87,88,89,73,91,35,93,94,37,23,97,58,79,100,101,96,103,104,105,131,107,108,102,110,111,112,113,109,16,116,34,118,119,120,49,122,123,90,125,126,78,128,129,130,115,132,133,134,135,136,137,138,139,140,50,142,143,144,145,146,147,148,149,150,151,152,153,154,155,156,157,82,159,160,161,162,163,164,165,166,167,168,169,170,171,172,173,127,175,176,177,178,179,180,181,182,183,184,185,186,187,188,189,190,191,192,193,194,195,196,197,198,199];False
6723;8567;15290;[133,141,11,3,26,43,18,30,25,9,4,1,75,32,14,15,124,46,174,19,61,41,22,98,24,69,5,27,99,56,63,31,29,33,17,8,36,95,38,39,40,12,42,7,44,45,86,47,48,21,92,51,53,13,54,55,6,57,60,59,2,0,62,158,64,10,121,117,68,20,70,71,72,65,74,84,67,77,76,28,80,81,114,83,52,85,66,87,88,89,73,91,35,93,94,37,23,97,58,79,100,101,96,103,104,105,106,107,108,102,110,111,112,113,109,16,116,34,118,119,120,49,122,123,90,125,126,78,128,129,130,115,132,131,134,135,136,137,138,139,140,50,142,143,144,145,146,147,148,149,150,151,152,153,154,155,156,157,82,159,160,161,162,163,164,165,166,167,168,169,170,171,172,173,127,175,176,177,178,179,180,181,182,183,184,185,186,187,188,189,190,191,192,193,194,195,196,197,198,199];False
6779;8551;15330;[143,141,11,3,26,43,18,30,25,9,4,1,75,32,14,15,124,46,174,19,61,41,22,98,24,69,5,27,99,56,63,31,29,33,17,8,36,95,38,39,40,12,42,7,44,45,86,47,48,21,92,51,53,13,54,55,6,57,60,59,2,0,62,158,64,10,121,117,68,20,70,71,72,65,74,84,67,77,76,28,80,81,114,83,52,85,66,87,88,89,73,91,35,93,94,37,23,97,58,79,100,101,96,103,104,105,106,107,108,102,110,111,112,113,109,16,116,34,118,119,120,49,122,123,90,125,126,78,128,129,130,115,132,133,134,135,136,137,138,139,140,50,142,131,144,145,146,147,148,149,150,151,152,153,154,155,156,157,82,159,160,161,162,163,164,165,166,167,168,169,170,171,172,173,127,175,176,177,178,179,180,181,182,183,184,185,186,187,188,189,190,191,192,193,194,195,196,197,198,199];False
6750;8560;15310;[150,141,11,3,26,43,18,30,25,9,4,1,75,32,14,15,124,46,174,19,61,41,22,98,24,69,5,27,99,56,63,31,29,33,17,8,36,95,38,39,40,12,42,7,44,45,86,47,48,21,92,51,53,13,54,55,6,57,60,59,2,0,62,158,64,10,121,117,68,20,70,71,72,65,74,84,67,77,76,28,80,81,114,83,52,85,66,87,88,89,73,91,35,93,94,37,23,97,58,79,100,101,96,103,104,105,106,107,108,102,110,111,112,113,109,16,116,34,118,119,120,49,122,123,90,125,126,78,128,129,130,115,132,133,134,135,136,137,138,139,140,50,142,143,144,145,146,147,148,149,131,151,152,153,154,155,156,157,82,159,160,161,162,163,164,165,166,167,168,169,170,171,172,173,127,175,176,177,178,179,180,181,182,183,184,185,186,187,188,189,190,191,192,193,194,195,196,197,198,199];False
6797;8540;15337;[151,141,11,3,26,43,18,30,25,9,4,1,75,32,14,15,124,46,174,19,61,41,22,98,24,69,5,27,99,56,63,31,29,33,17,8,36,95,38,39,40,12,42,7,44,45,86,47,48,21,92,51,53,13,54,55,6,57,60,59,2,0,62,158,64,10,121,117,68,20,70,71,72,65,74,84,67,77,76,28,80,81,114,83,52,85,66,87,88,89,73,91,35,93,94,37,23,97,58,79,100,101,96,103,104,105,106,107,108,102,110,111,112,113,109,16,116,34,118,119,120,49,122,123,90,125,126,78,128,129,130,115,132,133,134,135,136,137,138,139,140,50,142,143,144,145,146,147,148,149,150,131,152,153,154,155,156,157,82,159,160,161,162,163,164,165,166,167,168,169,170,171,172,173,127,175,176,177,178,179,180,181,182,183,184,185,186,187,188,189,190,191,192,193,194,195,196,197,198,199];False
6763;8537;15300;[40,141,11,3,26,43,18,30,25,9,4,1,75,32,14,15,124,46,174,19,61,41,22,98,24,69,5,27,99,56,63,31,29,33,17,8,36,95,38,39,172,12,42,7,44,45,86,47,48,21,92,51,53,13,54,55,6,57,131,59,2,0,62,96,64,10,121,117,68,20,70,71,72,65,74,84,67,77,76,28,80,81,114,83,52,85,66,87,88,89,73,91,35,93,94,37,23,97,58,79,158,101,16,103,104,105,106,107,108,102,110,111,112,113,109,115,116,34,118,119,120,49,122,123,90,125,126,78,128,129,130,100,132,133,134,135,136,137,138,139,140,50,142,143,144,145,146,147,148,149,150,151,152,153,154,155,156,157,82,159,160,161,162,163,164,165,166,167,168,169,170,171,60,173,127,175,176,177,178,179,180,181,182,183,184,185,186,187,188,189,190,191,192,193,194,195,196,197,198,199];False
6917;8521;15438;[42,141,11,3,26,43,18,30,25,9,4,1,75,32,14,15,124,46,174,19,61,41,22,98,24,69,5,27,99,56,63,31,29,33,17,8,36,95,38,39,40,12,172,7,44,45,86,47,48,21,92,51,53,13,54,55,6,57,131,59,2,0,62,96,64,10,121,117,68,20,70,71,72,65,74,84,67,77,76,28,80,81,114,83,52,85,66,87,88,89,73,91,35,93,94,37,23,97,58,79,158,101,16,103,104,105,106,107,108,102,110,111,112,113,109,115,116,34,118,119,120,49,122,123,90,125,126,78,128,129,130,100,132,133,134,135,136,137,138,139,140,50,142,143,144,145,146,147,148,149,150,151,152,153,154,155,156,157,82,159,160,161,162,163,164,165,166,167,168,169,170,171,60,173,127,175,176,177,178,179,180,181,182,183,184,185,186,187,188,189,190,191,192,193,194,195,196,197,198,199];False
6823;8529;15352;[10,141,11,3,26,43,18,30,25,9,4,1,75,32,14,15,124,46,174,19,61,41,22,98,24,69,5,27,99,56,63,31,29,33,17,8,36,95,38,39,40,12,42,7,44,45,86,47,48,21,92,51,53,13,54,55,6,57,131,59,2,0,62,96,64,172,121,117,68,20,70,71,72,65,74,84,67,77,76,28,80,81,114,83,52,85,66,87,88,89,73,91,35,93,94,37,23,97,58,79,158,101,16,103,104,105,106,107,108,102,110,111,112,113,109,115,116,34,118,119,120,49,122,123,90,125,126,78,128,129,130,100,132,133,134,135,136,137,138,139,140,50,142,143,144,145,146,147,148,149,150,151,152,153,154,155,156,157,82,159,160,161,162,163,164,165,166,167,168,169,170,171,60,173,127,175,176,177,178,179,180,181,182,183,184,185,186,187,188,189,190,191,192,193,194,195,196,197,198,199];False
6842;8527;15369;[77,141,11,3,26,43,18,30,25,9,4,1,75,32,14,15,124,46,174,19,61,41,22,98,24,69,5,27,99,56,63,31,29,33,17,8,36,95,38,39,40,12,42,7,44,45,86,47,48,21,92,51,53,13,54,55,6,57,131,59,2,0,62,96,64,10,121,117,68,20,70,71,72,65,74,84,67,172,76,28,80,81,114,83,52,85,66,87,88,89,73,91,35,93,94,37,23,97,58,79,158,101,16,103,104,105,106,107,108,102,110,111,112,113,109,115,116,34,118,119,120,49,122,123,90,125,126,78,128,129,130,100,132,133,134,135,136,137,138,139,140,50,142,143,144,145,146,147,148,149,150,151,152,153,154,155,156,157,82,159,160,161,162,163,164,165,166,167,168,169,170,171,60,173,127,175,176,177,178,179,180,181,182,183,184,185,186,187,188,189,190,191,192,193,194,195,196,197,198,199];False
6750;8546;15296;[37,141,11,3,26,43,18,30,25,9,4,1,75,32,14,15,124,46,174,19,61,41,22,98,24,69,5,27,99,56,63,31,29,33,17,8,36,95,38,39,40,12,42,7,44,45,86,47,48,21,92,51,53,13,54,55,6,57,131,59,2,0,62,96,64,10,121,117,68,20,70,71,72,65,74,84,67,77,76,28,80,81,114,83,52,85,66,87,88,89,73,91,35,93,94,172,23,97,58,79,158,101,16,103,104,105,106,107,108,102,110,111,112,113,109,115,116,34,118,119,120,49,122,123,90,125,126,78,128,129,130,100,132,133,134,135,136,137,138,139,140,50,142,143,144,145,146,147,148,149,150,151,152,153,154,155,156,157,82,159,160,161,162,163,164,165,166,167,168,169,170,171,60,173,127,175,176,177,178,179,180,181,182,183,184,185,186,187,188,189,190,191,192,193,194,195,196,197,198,199];False
6798;8531;15329;[16,141,11,3,26,43,18,30,25,9,4,1,75,32,14,15,124,46,174,19,61,41,22,98,24,69,5,27,99,56,63,31,29,33,17,8,36,95,38,39,40,12,42,7,44,45,86,47,48,21,92,51,53,13,54,55,6,57,131,59,2,0,62,96,64,10,121,117,68,20,70,71,72,65,74,84,67,77,76,28,80,81,114,83,52,85,66,87,88,89,73,91,35,93,94,37,23,97,58,79,158,101,172,103,104,105,106,107,108,102,110,111,112,113,109,115,116,34,118,119,120,49,122,123,90,125,126,78,128,129,130,100,132,133,134,135,136,137,138,139,140,50,142,143,144,145,146,147,148,149,150,151,152,153,154,155,156,157,82,159,160,161,162,163,164,165,166,167,168,169,170,171,60,173,127,175,176,177,178,179,180,181,182,183,184,185,186,187,188,189,190,191,192,193,194,195,196,197,198,199];False
6717;8554;15271;[103,141,11,3,26,43,18,30,25,9,4,1,75,32,14,15,124,46,174,19,61,41,22,98,24,69,5,27,99,56,63,31,29,33,17,8,36,95,38,39,40,12,42,7,44,45,86,47,48,21,92,51,53,13,54,55,6,57,131,59,2,0,62,96,64,10,121,117,68,20,70,71,72,65,74,84,67,77,76,28,80,81,114,83,52,85,66,87,88,89,73,91,35,93,94,37,23,97,58,79,158,101,16,172,104,105,106,107,108,102,110,111,112,113,109,115,116,34,118,119,120,49,122,123,90,125,126,78,128,129,130,100,132,133,134,135,136,137,138,139,140,50,142,143,144,145,146,147,148,149,150,151,152,153,154,155,156,157,82,159,160,161,162,163,164,165,166,167,168,169,170,171,60,173,127,175,176,177,178,179,180,181,182,183,184,185,186,187,188,189,190,191,192,193,194,195,196,197,198,199];False
6729;8541;15270;[115,141,11,3,26,43,18,30,25,9,4,1,75,32,14,15,124,46,174,19,61,41,22,98,24,69,5,27,99,56,63,31,29,33,17,8,36,95,38,39,40,12,42,7,44,45,86,47,48,21,92,51,53,13,54,55,6,57,131,59,2,0,62,96,64,10,121,117,68,20,70,71,72,65,74,84,67,77,76,28,80,81,114,83,52,85,66,87,88,89,73,91,35,93,94,37,23,97,58,79,158,101,16,103,104,105,106,107,108,102,110,111,112,113,109,172,116,34,118,119,120,49,122,123,90,125,126,78,128,129,130,100,132,133,134,135,136,137,138,139,140,50,142,143,144,145,146,147,148,149,150,151,152,153,154,155,156,157,82,159,160,161,162,163,164,165,166,167,168,169,170,171,60,173,127,175,176,177,178,179,180,181,182,183,184,185,186,187,188,189,190,191,192,193,194,195,196,197,198,199];True
6772;8529;15301;[125,141,11,3,26,43,18,30,25,9,4,1,75,32,14,15,124,46,174,19,61,41,22,98,24,69,5,27,99,56,63,31,29,33,17,8,36,95,38,39,40,12,42,7,44,45,86,47,48,21,92,51,53,13,54,55,6,57,131,59,2,0,62,96,64,10,121,117,68,20,70,71,72,65,74,84,67,77,76,28,80,81,114,83,52,85,66,87,88,89,73,91,35,93,94,37,23,97,58,79,158,101,16,103,104,105,106,107,108,102,110,111,112,113,109,115,116,34,118,119,120,49,122,123,90,172,126,78,128,129,130,100,132,133,134,135,136,137,138,139,140,50,142,143,144,145,146,147,148,149,150,151,152,153,154,155,156,157,82,159,160,161,162,163,164,165,166,167,168,169,170,171,60,173,127,175,176,177,178,179,180,181,182,183,184,185,186,187,188,189,190,191,192,193,194,195,196,197,198,199];False
6879;8521;15400;[78,141,11,3,26,43,18,30,25,9,4,1,75,32,14,15,124,46,174,19,61,41,22,98,24,69,5,27,99,56,63,31,29,33,17,8,36,95,38,39,40,12,42,7,44,45,86,47,48,21,92,51,53,13,54,55,6,57,131,59,2,0,62,96,64,10,121,117,68,20,70,71,72,65,74,84,67,77,76,28,80,81,114,83,52,85,66,87,88,89,73,91,35,93,94,37,23,97,58,79,158,101,16,103,104,105,106,107,108,102,110,111,112,113,109,115,116,34,118,119,120,49,122,123,90,125,126,172,128,129,130,100,132,133,134,135,136,137,138,139,140,50,142,143,144,145,146,147,148,149,150,151,152,153,154,155,156,157,82,159,160,161,162,163,164,165,166,167,168,169,170,171,60,173,127,175,176,177,178,179,180,181,182,183,184,185,186,187,188,189,190,191,192,193,194,195,196,197,198,199];False
6748;8506;15254;[100,141,11,3,26,43,18,30,25,9,4,1,75,32,14,15,124,46,174,19,61,41,22,98,24,69,5,27,99,56,63,31,29,33,17,8,36,95,38,39,40,12,42,7,44,45,86,47,48,21,92,51,53,13,54,55,6,57,131,59,2,0,62,96,64,10,121,117,68,20,70,71,72,65,74,84,67,77,76,28,80,81,114,83,52,85,66,87,88,89,73,91,35,93,94,37,23,97,58,79,158,101,16,103,104,105,106,107,108,102,110,111,112,113,109,115,116,34,118,119,120,49,122,123,90,125,126,78,128,129,130,172,132,133,134,135,136,137,138,139,140,50,142,143,144,145,146,147,148,149,150,151,152,153,154,155,156,157,82,159,160,161,162,163,164,165,166,167,168,169,170,171,60,173,127,175,176,177,178,179,180,181,182,183,184,185,186,187,188,189,190,191,192,193,194,195,196,197,198,199];True
6689;8596;15285;[92,141,11,3,26,43,18,30,25,9,4,1,12,32,10,15,124,46,174,19,61,41,22,98,24,69,5,27,14,56,63,31,29,33,17,8,36,95,38,39,40,158,42,7,44,45,86,47,48,21,99,51,53,13,54,55,6,57,60,59,2,0,62,96,64,151,121,117,68,20,70,71,72,65,74,75,67,77,76,28,80,81,114,83,52,85,66,87,88,89,73,91,35,93,94,37,23,97,58,79,100,101,115,16,104,105,106,107,108,102,110,111,112,113,109,84,116,34,118,119,120,49,122,123,90,125,126,78,128,129,130,131,132,133,134,135,136,137,138,139,140,50,142,143,144,145,146,147,148,149,150,103,152,153,154,155,156,157,82,159,160,161,162,163,164,165,166,167,168,169,170,171,172,173,127,175,176,177,178,179,180,181,182,183,184,185,186,187,188,189,190,191,192,193,194,195,196,197,198,199];False
6683;8585;15268;[105,141,11,3,26,43,18,30,25,9,4,1,12,32,10,15,124,46,174,19,61,41,22,98,24,69,5,27,14,56,63,31,29,33,17,8,36,95,38,39,40,158,42,7,44,45,86,47,48,21,92,51,53,13,54,55,6,57,60,59,2,0,62,96,64,151,121,117,68,20,70,71,72,65,74,75,67,77,76,28,80,81,114,83,52,85,66,87,88,89,73,91,35,93,94,37,23,97,58,79,100,101,115,16,104,99,106,107,108,102,110,111,112,113,109,84,116,34,118,119,120,49,122,123,90,125,126,78,128,129,130,131,132,133,134,135,136,137,138,139,140,50,142,143,144,145,146,147,148,149,150,103,152,153,154,155,156,157,82,159,160,161,162,163,164,165,166,167,168,169,170,171,172,173,127,175,176,177,178,179,180,181,182,183,184,185,186,187,188,189,190,191,192,193,194,195,196,197,198,199];False
6042;9010;15052;[128,104,11,3,26,96,18,30,25,94,75,1,12,32,14,15,124,9,16,141,61,41,22,23,24,69,5,27,28,56,63,31,29,33,17,35,36,52,60,39,40,49,42,7,44,45,86,47,48,21,50,51,53,13,54,55,6,57,58,59,2,0,77,46,64,10,66,117,68,20,70,71,72,65,8,84,67,81,80,79,38,73,82,83,76,85,122,87,88,89,4,91,109,93,62,95,115,97,98,114,99,101,102,37,103,105,43,107,108,151,110,111,112,113,19,121,116,34,118,119,120,106,74,123,90,125,126,127,100,129,130,131,132,133,134,135,136,137,138,139,140,92,142,143,144,145,146,147,148,149,150,78,152,153,154,155,156,157,158,159,160,161,162,163,164,165,166,167,168,169,170,171,172,173,174,175,176,177,178,179,180,181,182,183,184,185,186,187,188,189,190,191,192,193,194,195,196,197,198,199];False
6087;8857;14944;[103,141,11,3,26,96,18,30,25,94,75,1,12,32,14,15,124,9,172,52,61,41,22,23,24,69,5,27,28,56,63,31,29,33,17,35,36,149,60,39,40,49,42,7,44,45,86,47,48,21,50,51,53,13,54,55,6,57,58,59,2,0,77,46,64,10,66,117,68,20,70,71,72,65,8,84,67,81,80,79,38,73,82,83,76,85,122,87,88,89,4,91,109,93,62,95,115,97,98,114,100,101,102,37,104,105,43,107,108,151,110,111,112,113,19,121,116,16,118,119,120,106,74,123,90,125,126,127,128,129,130,131,132,133,134,135,136,137,138,139,140,92,142,143,144,145,146,147,148,34,150,78,152,153,154,155,156,157,158,159,160,161,162,163,164,165,166,167,168,169,170,171,99,173,174,175,176,177,178,179,180,181,182,183,184,185,186,187,188,189,190,191,192,193,194,195,196,197,198,199];False
6175;8822;14997;[79,141,11,3,26,96,18,30,25,94,75,1,12,32,14,15,124,9,172,103,61,41,22,23,24,69,5,27,28,56,63,31,29,33,17,35,36,149,60,39,40,49,42,7,44,45,86,47,48,21,50,51,53,13,54,55,6,57,58,59,2,0,77,46,64,10,66,117,68,20,70,71,72,65,8,84,67,81,80,52,38,73,82,83,76,85,122,87,88,89,4,91,109,93,62,95,115,97,98,114,100,101,102,37,104,105,43,107,108,151,110,111,112,113,19,121,116,16,118,119,120,106,74,123,90,125,126,127,128,129,130,131,132,133,134,135,136,137,138,139,140,92,142,143,144,145,146,147,148,34,150,78,152,153,154,155,156,157,158,159,160,161,162,163,164,165,166,167,168,169,170,171,99,173,174,175,176,177,178,179,180,181,182,183,184,185,186,187,188,189,190,191,192,193,194,195,196,197,198,199];False
6082;8863;14945;[76,141,11,3,26,96,18,30,25,94,75,1,12,32,14,15,124,9,172,103,61,41,22,23,24,69,5,27,28,56,63,31,29,33,17,35,36,149,60,39,40,49,42,7,44,45,86,47,48,21,50,51,53,13,54,55,6,57,58,59,2,0,77,46,64,10,66,117,68,20,70,71,72,65,8,84,67,81,80,79,38,73,82,83,52,85,122,87,88,89,4,91,109,93,62,95,115,97,98,114,100,101,102,37,104,105,43,107,108,151,110,111,112,113,19,121,116,16,118,119,120,106,74,123,90,125,126,127,128,129,130,131,132,133,134,135,136,137,138,139,140,92,142,143,144,145,146,147,148,34,150,78,152,153,154,155,156,157,158,159,160,161,162,163,164,165,166,167,168,169,170,171,99,173,174,175,176,177,178,179,180,181,182,183,184,185,186,187,188,189,190,191,192,193,194,195,196,197,198,199];False
6100;8850;14950;[100,141,11,3,26,96,18,30,25,94,75,1,12,32,14,15,124,9,172,103,61,41,22,23,24,69,5,27,28,56,63,31,29,33,17,35,36,149,60,39,40,49,42,7,44,45,86,47,48,21,50,51,53,13,54,55,6,57,58,59,2,0,77,46,64,10,66,117,68,20,70,71,72,65,8,84,67,81,80,79,38,73,82,83,76,85,122,87,88,89,4,91,109,93,62,95,115,97,98,114,52,101,102,37,104,105,43,107,108,151,110,111,112,113,19,121,116,16,118,119,120,106,74,123,90,125,126,127,128,129,130,131,132,133,134,135,136,137,138,139,140,92,142,143,144,145,146,147,148,34,150,78,152,153,154,155,156,157,158,159,160,161,162,163,164,165,166,167,168,169,170,171,99,173,174,175,176,177,178,179,180,181,182,183,184,185,186,187,188,189,190,191,192,193,194,195,196,197,198,199];False
6101;8839;14940;[102,141,11,3,26,96,18,30,25,94,75,1,12,32,14,15,124,9,172,103,61,41,22,23,24,69,5,27,28,56,63,31,29,33,17,35,36,149,60,39,40,49,42,7,44,45,86,47,48,21,50,51,53,13,54,55,6,57,58,59,2,0,77,46,64,10,66,117,68,20,70,71,72,65,8,84,67,81,80,79,38,73,82,83,76,85,122,87,88,89,4,91,109,93,62,95,115,97,98,114,100,101,52,37,104,105,43,107,108,151,110,111,112,113,19,121,116,16,118,119,120,106,74,123,90,125,126,127,128,129,130,131,132,133,134,135,136,137,138,139,140,92,142,143,144,145,146,147,148,34,150,78,152,153,154,155,156,157,158,159,160,161,162,163,164,165,166,167,168,169,170,171,99,173,174,175,176,177,178,179,180,181,182,183,184,185,186,187,188,189,190,191,192,193,194,195,196,197,198,199];False
6077;8854;14931;[37,141,11,3,26,96,18,30,25,94,75,1,12,32,14,15,124,9,172,103,61,41,22,23,24,69,5,27,28,56,63,31,29,33,17,35,36,149,60,39,40,49,42,7,44,45,86,47,48,21,50,51,53,13,54,55,6,57,58,59,2,0,77,46,64,10,66,117,68,20,70,71,72,65,8,84,67,81,80,79,38,73,82,83,76,85,122,87,88,89,4,91,109,93,62,95,115,97,98,114,100,101,102,52,104,105,43,107,108,151,110,111,112,113,19,121,116,16,118,119,120,106,74,123,90,125,126,127,128,129,130,131,132,133,134,135,136,137,138,139,140,92,142,143,144,145,146,147,148,34,150,78,152,153,154,155,156,157,158,159,160,161,162,163,164,165,166,167,168,169,170,171,99,173,174,175,176,177,178,179,180,181,182,183,184,185,186,187,188,189,190,191,192,193,194,195,196,197,198,199];False
6070;8862;14932;[125,141,11,3,26,96,18,30,25,94,75,1,12,32,14,15,124,9,172,103,61,41,22,23,24,69,5,27,28,56,63,31,29,33,17,35,36,149,60,39,40,49,42,7,44,45,86,47,48,21,50,51,53,13,54,55,6,57,58,59,2,0,77,46,64,10,66,117,68,20,70,71,72,65,8,84,67,81,80,79,38,73,82,83,76,85,122,87,88,89,4,91,109,93,62,95,115,97,98,114,100,101,102,37,104,105,43,107,108,151,110,111,112,113,19,121,116,16,118,119,120,106,74,123,90,52,126,127,128,129,130,131,132,133,134,135,136,137,138,139,140,92,142,143,144,145,146,147,148,34,150,78,152,153,154,155,156,157,158,159,160,161,162,163,164,165,166,167,168,169,170,171,99,173,174,175,176,177,178,179,180,181,182,183,184,185,186,187,188,189,190,191,192,193,194,195,196,197,198,199];False
6038;8924;14962;[139,141,11,3,26,96,18,30,25,94,75,1,12,32,14,15,124,9,172,103,61,41,22,23,24,69,5,27,28,56,63,31,29,33,17,35,36,149,60,39,40,49,42,7,44,45,86,47,48,21,50,51,53,13,54,55,6,57,58,59,2,0,77,46,64,10,66,117,68,20,70,71,72,65,8,84,67,81,80,79,38,73,82,83,76,85,122,87,88,89,4,91,109,93,62,95,115,97,98,114,100,101,102,37,104,105,43,107,108,151,110,111,112,113,19,121,116,16,118,119,120,106,74,123,90,125,126,127,128,129,130,131,132,133,134,135,136,137,138,52,140,92,142,143,144,145,146,147,148,34,150,78,152,153,154,155,156,157,158,159,160,161,162,163,164,165,166,167,168,169,170,171,99,173,174,175,176,177,178,179,180,181,182,183,184,185,186,187,188,189,190,191,192,193,194,195,196,197,198,199];False
6058;8861;14919;[143,141,11,3,26,96,18,30,25,94,75,1,12,32,14,15,124,9,172,103,61,41,22,23,24,69,5,27,28,56,63,31,29,33,17,35,36,149,60,39,40,49,42,7,44,45,86,47,48,21,50,51,53,13,54,55,6,57,58,59,2,0,77,46,64,10,66,117,68,20,70,71,72,65,8,84,67,81,80,79,38,73,82,83,76,85,122,87,88,89,4,91,109,93,62,95,115,97,98,114,100,101,102,37,104,105,43,107,108,151,110,111,112,113,19,121,116,16,118,119,120,106,74,123,90,125,126,127,128,129,130,131,132,133,134,135,136,137,138,139,140,92,142,52,144,145,146,147,148,34,150,78,152,153,154,155,156,157,158,159,160,161,162,163,164,165,166,167,168,169,170,171,99,173,174,175,176,177,178,179,180,181,182,183,184,185,186,187,188,189,190,191,192,193,194,195,196,197,198,199];False
6028;8916;14944;[145,141,11,3,26,96,18,30,25,94,75,1,12,32,14,15,124,9,172,103,61,41,22,23,24,69,5,27,28,56,63,31,29,33,17,35,36,149,60,39,40,49,42,7,44,45,86,47,48,21,50,51,53,13,54,55,6,57,58,59,2,0,77,46,64,10,66,117,68,20,70,71,72,65,8,84,67,81,80,79,38,73,82,83,76,85,122,87,88,89,4,91,109,93,62,95,115,97,98,114,100,101,102,37,104,105,43,107,108,151,110,111,112,113,19,121,116,16,118,119,120,106,74,123,90,125,126,127,128,129,130,131,132,133,134,135,136,137,138,139,140,92,142,143,144,52,146,147,148,34,150,78,152,153,154,155,156,157,158,159,160,161,162,163,164,165,166,167,168,169,170,171,99,173,174,175,176,177,178,179,180,181,182,183,184,185,186,187,188,189,190,191,192,193,194,195,196,197,198,199];True
6067;8858;14925;[155,141,11,3,26,96,18,30,25,94,75,1,12,32,14,15,124,9,172,103,61,41,22,23,24,69,5,27,28,56,63,31,29,33,17,35,36,149,60,39,40,49,42,7,44,45,86,47,48,21,50,51,53,13,54,55,6,57,58,59,2,0,77,46,64,10,66,117,68,20,70,71,72,65,8,84,67,81,80,79,38,73,82,83,76,85,122,87,88,89,4,91,109,93,62,95,115,97,98,114,100,101,102,37,104,105,43,107,108,151,110,111,112,113,19,121,116,16,118,119,120,106,74,123,90,125,126,127,128,129,130,131,132,133,134,135,136,137,138,139,140,92,142,143,144,145,146,147,148,34,150,78,152,153,154,52,156,157,158,159,160,161,162,163,164,165,166,167,168,169,170,171,99,173,174,175,176,177,178,179,180,181,182,183,184,185,186,187,188,189,190,191,192,193,194,195,196,197,198,199];False
6036;8847;14883;[159,141,11,3,26,96,18,30,25,94,75,1,12,32,14,15,124,9,172,103,61,41,22,23,24,69,5,27,28,56,63,31,29,33,17,35,36,149,60,39,40,49,42,7,44,45,86,47,48,21,50,51,53,13,54,55,6,57,58,59,2,0,77,46,64,10,66,117,68,20,70,71,72,65,8,84,67,81,80,79,38,73,82,83,76,85,122,87,88,89,4,91,109,93,62,95,115,97,98,114,100,101,102,37,104,105,43,107,108,151,110,111,112,113,19,121,116,16,118,119,120,106,74,123,90,125,126,127,128,129,130,131,132,133,134,135,136,137,138,139,140,92,142,143,144,145,146,147,148,34,150,78,152,153,154,155,156,157,158,52,160,161,162,163,164,165,166,167,168,169,170,171,99,173,174,175,176,177,178,179,180,181,182,183,184,185,186,187,188,189,190,191,192,193,194,195,196,197,198,199];True
6171;8815;14986;[103,141,11,3,26,96,18,30,25,94,75,1,12,32,14,15,124,9,172,52,61,41,22,23,24,69,5,27,28,56,63,31,29,33,17,35,36,158,60,39,40,49,42,7,44,45,86,47,48,21,50,51,53,13,54,55,6,57,58,59,2,0,77,46,64,10,66,117,68,20,70,71,72,65,8,84,67,81,80,79,38,73,82,83,76,85,122,87,88,89,4,91,109,93,62,95,115,97,98,114,100,101,102,37,104,105,43,107,108,151,110,111,112,113,19,121,116,16,118,119,120,106,74,123,90,125,126,127,128,129,130,131,132,133,134,135,136,137,138,139,140,92,142,143,144,145,146,147,148,149,150,78,152,153,154,155,156,157,34,159,160,161,162,163,164,165,166,167,168,169,170,171,99,173,174,175,176,177,178,179,180,181,182,183,184,185,186,187,188,189,190,191,192,193,194,195,196,197,198,199];False
6166;8821;14987;[76,141,11,3,26,96,18,30,25,94,75,1,12,32,14,15,124,9,172,103,61,41,22,23,24,69,5,27,28,56,63,31,29,33,17,35,36,158,60,39,40,49,42,7,44,45,86,47,48,21,50,51,53,13,54,55,6,57,58,59,2,0,77,46,64,10,66,117,68,20,70,71,72,65,8,84,67,81,80,79,38,73,82,83,52,85,122,87,88,89,4,91,109,93,62,95,115,97,98,114,100,101,102,37,104,105,43,107,108,151,110,111,112,113,19,121,116,16,118,119,120,106,74,123,90,125,126,127,128,129,130,131,132,133,134,135,136,137,138,139,140,92,142,143,144,145,146,147,148,149,150,78,152,153,154,155,156,157,34,159,160,161,162,163,164,165,166,167,168,169,170,171,99,173,174,175,176,177,178,179,180,181,182,183,184,185,186,187,188,189,190,191,192,193,194,195,196,197,198,199];False
6161;8812;14973;[37,141,11,3,26,96,18,30,25,94,75,1,12,32,14,15,124,9,172,103,61,41,22,23,24,69,5,27,28,56,63,31,29,33,17,35,36,158,60,39,40,49,42,7,44,45,86,47,48,21,50,51,53,13,54,55,6,57,58,59,2,0,77,46,64,10,66,117,68,20,70,71,72,65,8,84,67,81,80,79,38,73,82,83,76,85,122,87,88,89,4,91,109,93,62,95,115,97,98,114,100,101,102,52,104,105,43,107,108,151,110,111,112,113,19,121,116,16,118,119,120,106,74,123,90,125,126,127,128,129,130,131,132,133,134,135,136,137,138,139,140,92,142,143,144,145,146,147,148,149,150,78,152,153,154,155,156,157,34,159,160,161,162,163,164,165,166,167,168,169,170,171,99,173,174,175,176,177,178,179,180,181,182,183,184,185,186,187,188,189,190,191,192,193,194,195,196,197,198,199];False
6154;8820;14974;[125,141,11,3,26,96,18,30,25,94,75,1,12,32,14,15,124,9,172,103,61,41,22,23,24,69,5,27,28,56,63,31,29,33,17,35,36,158,60,39,40,49,42,7,44,45,86,47,48,21,50,51,53,13,54,55,6,57,58,59,2,0,77,46,64,10,66,117,68,20,70,71,72,65,8,84,67,81,80,79,38,73,82,83,76,85,122,87,88,89,4,91,109,93,62,95,115,97,98,114,100,101,102,37,104,105,43,107,108,151,110,111,112,113,19,121,116,16,118,119,120,106,74,123,90,52,126,127,128,129,130,131,132,133,134,135,136,137,138,139,140,92,142,143,144,145,146,147,148,149,150,78,152,153,154,155,156,157,34,159,160,161,162,163,164,165,166,167,168,169,170,171,99,173,174,175,176,177,178,179,180,181,182,183,184,185,186,187,188,189,190,191,192,193,194,195,196,197,198,199];False
6142;8819;14961;[143,141,11,3,26,96,18,30,25,94,75,1,12,32,14,15,124,9,172,103,61,41,22,23,24,69,5,27,28,56,63,31,29,33,17,35,36,158,60,39,40,49,42,7,44,45,86,47,48,21,50,51,53,13,54,55,6,57,58,59,2,0,77,46,64,10,66,117,68,20,70,71,72,65,8,84,67,81,80,79,38,73,82,83,76,85,122,87,88,89,4,91,109,93,62,95,115,97,98,114,100,101,102,37,104,105,43,107,108,151,110,111,112,113,19,121,116,16,118,119,120,106,74,123,90,125,126,127,128,129,130,131,132,133,134,135,136,137,138,139,140,92,142,52,144,145,146,147,148,149,150,78,152,153,154,155,156,157,34,159,160,161,162,163,164,165,166,167,168,169,170,171,99,173,174,175,176,177,178,179,180,181,182,183,184,185,186,187,188,189,190,191,192,193,194,195,196,197,198,199];False
6144;8818;14962;[149,141,11,3,26,96,18,30,25,94,75,1,12,32,14,15,124,9,172,103,61,41,22,23,24,69,5,27,28,56,63,31,29,33,17,35,36,158,60,39,40,49,42,7,44,45,86,47,48,21,50,51,53,13,54,55,6,57,58,59,2,0,77,46,64,10,66,117,68,20,70,71,72,65,8,84,67,81,80,79,38,73,82,83,76,85,122,87,88,89,4,91,109,93,62,95,115,97,98,114,100,101,102,37,104,105,43,107,108,151,110,111,112,113,19,121,116,16,118,119,120,106,74,123,90,125,126,127,128,129,130,131,132,133,134,135,136,137,138,139,140,92,142,143,144,145,146,147,148,52,150,78,152,153,154,155,156,157,34,159,160,161,162,163,164,165,166,167,168,169,170,171,99,173,174,175,176,177,178,179,180,181,182,183,184,185,186,187,188,189,190,191,192,193,194,195,196,197,198,199];False
6151;8816;14967;[155,141,11,3,26,96,18,30,25,94,75,1,12,32,14,15,124,9,172,103,61,41,22,23,24,69,5,27,28,56,63,31,29,33,17,35,36,158,60,39,40,49,42,7,44,45,86,47,48,21,50,51,53,13,54,55,6,57,58,59,2,0,77,46,64,10,66,117,68,20,70,71,72,65,8,84,67,81,80,79,38,73,82,83,76,85,122,87,88,89,4,91,109,93,62,95,115,97,98,114,100,101,102,37,104,105,43,107,108,151,110,111,112,113,19,121,116,16,118,119,120,106,74,123,90,125,126,127,128,129,130,131,132,133,134,135,136,137,138,139,140,92,142,143,144,145,146,147,148,149,150,78,152,153,154,52,156,157,34,159,160,161,162,163,164,165,166,167,168,169,170,171,99,173,174,175,176,177,178,179,180,181,182,183,184,185,186,187,188,189,190,191,192,193,194,195,196,197,198,199];False
6076;8844;14920;[160,141,11,3,26,96,18,30,25,94,75,1,12,32,14,15,124,9,172,103,61,41,22,23,24,69,5,27,28,56,63,31,29,33,17,35,36,158,60,39,40,49,42,7,44,45,86,47,48,21,50,51,53,13,54,55,6,57,58,59,2,0,77,46,64,10,66,117,68,20,70,71,72,65,8,84,67,81,80,79,38,73,82,83,76,85,122,87,88,89,4,91,109,93,62,95,115,97,98,114,100,101,102,37,104,105,43,107,108,151,110,111,112,113,19,121,116,16,118,119,120,106,74,123,90,125,126,127,128,129,130,131,132,133,134,135,136,137,138,139,140,92,142,143,144,145,146,147,148,149,150,78,152,153,154,155,156,157,34,159,52,161,162,163,164,165,166,167,168,169,170,171,99,173,174,175,176,177,178,179,180,181,182,183,184,185,186,187,188,189,190,191,192,193,194,195,196,197,198,199];False
6137;8831;14968;[162,141,11,3,26,96,18,30,25,94,75,1,12,32,14,15,124,9,172,103,61,41,22,23,24,69,5,27,28,56,63,31,29,33,17,35,36,158,60,39,40,49,42,7,44,45,86,47,48,21,50,51,53,13,54,55,6,57,58,59,2,0,77,46,64,10,66,117,68,20,70,71,72,65,8,84,67,81,80,79,38,73,82,83,76,85,122,87,88,89,4,91,109,93,62,95,115,97,98,114,100,101,102,37,104,105,43,107,108,151,110,111,112,113,19,121,116,16,118,119,120,106,74,123,90,125,126,127,128,129,130,131,132,133,134,135,136,137,138,139,140,92,142,143,144,145,146,147,148,149,150,78,152,153,154,155,156,157,34,159,160,161,52,163,164,165,166,167,168,169,170,171,99,173,174,175,176,177,178,179,180,181,182,183,184,185,186,187,188,189,190,191,192,193,194,195,196,197,198,199];False
6152;8809;14961;[164,141,11,3,26,96,18,30,25,94,75,1,12,32,14,15,124,9,172,103,61,41,22,23,24,69,5,27,28,56,63,31,29,33,17,35,36,158,60,39,40,49,42,7,44,45,86,47,48,21,50,51,53,13,54,55,6,57,58,59,2,0,77,46,64,10,66,117,68,20,70,71,72,65,8,84,67,81,80,79,38,73,82,83,76,85,122,87,88,89,4,91,109,93,62,95,115,97,98,114,100,101,102,37,104,105,43,107,108,151,110,111,112,113,19,121,116,16,118,119,120,106,74,123,90,125,126,127,128,129,130,131,132,133,134,135,136,137,138,139,140,92,142,143,144,145,146,147,148,149,150,78,152,153,154,155,156,157,34,159,160,161,162,163,52,165,166,167,168,169,170,171,99,173,174,175,176,177,178,179,180,181,182,183,184,185,186,187,188,189,190,191,192,193,194,195,196,197,198,199];False
6145;8797;14942;[178,141,11,3,26,96,18,30,25,94,75,1,12,32,14,15,124,9,172,103,61,41,22,23,24,69,5,27,28,56,63,31,29,33,17,35,36,158,60,39,40,49,42,7,44,45,86,47,48,21,50,51,53,13,54,55,6,57,58,59,2,0,77,46,64,10,66,117,68,20,70,71,72,65,8,84,67,81,80,79,38,73,82,83,76,85,122,87,88,89,4,91,109,93,62,95,115,97,98,114,100,101,102,37,104,105,43,107,108,151,110,111,112,113,19,121,116,16,118,119,120,106,74,123,90,125,126,127,128,129,130,131,132,133,134,135,136,137,138,139,140,92,142,143,144,145,146,147,148,149,150,78,152,153,154,155,156,157,34,159,160,161,162,163,164,165,166,167,168,169,170,171,99,173,174,175,176,177,52,179,180,181,182,183,184,185,186,187,188,189,190,191,192,193,194,195,196,197,198,199];False
6055;8827;14882;[185,141,11,3,26,96,18,30,25,94,75,1,12,32,14,15,124,9,172,103,61,41,22,23,24,69,5,27,28,56,63,31,29,33,17,35,36,158,60,39,40,49,42,7,44,45,86,47,48,21,50,51,53,13,54,55,6,57,58,59,2,0,77,46,64,10,66,117,68,20,70,71,72,65,8,84,67,81,80,79,38,73,82,83,76,85,122,87,88,89,4,91,109,93,62,95,115,97,98,114,100,101,102,37,104,105,43,107,108,151,110,111,112,113,19,121,116,16,118,119,120,106,74,123,90,125,126,127,128,129,130,131,132,133,134,135,136,137,138,139,140,92,142,143,144,145,146,147,148,149,150,78,152,153,154,155,156,157,34,159,160,161,162,163,164,165,166,167,168,169,170,171,99,173,174,175,176,177,178,179,180,181,182,183,184,52,186,187,188,189,190,191,192,193,194,195,196,197,198,199];True
6161;8789;14950;[187,141,11,3,26,96,18,30,25,94,75,1,12,32,14,15,124,9,172,103,61,41,22,23,24,69,5,27,28,56,63,31,29,33,17,35,36,158,60,39,40,49,42,7,44,45,86,47,48,21,50,51,53,13,54,55,6,57,58,59,2,0,77,46,64,10,66,117,68,20,70,71,72,65,8,84,67,81,80,79,38,73,82,83,76,85,122,87,88,89,4,91,109,93,62,95,115,97,98,114,100,101,102,37,104,105,43,107,108,151,110,111,112,113,19,121,116,16,118,119,120,106,74,123,90,125,126,127,128,129,130,131,132,133,134,135,136,137,138,139,140,92,142,143,144,145,146,147,148,149,150,78,152,153,154,155,156,157,34,159,160,161,162,163,164,165,166,167,168,169,170,171,99,173,174,175,176,177,178,179,180,181,182,183,184,185,186,52,188,189,190,191,192,193,194,195,196,197,198,199];False
6069;8814;14883;[192,141,11,3,26,96,18,30,25,94,75,1,12,32,14,15,124,9,172,103,61,41,22,23,24,69,5,27,28,56,63,31,29,33,17,35,36,158,60,39,40,49,42,7,44,45,86,47,48,21,50,51,53,13,54,55,6,57,58,59,2,0,77,46,64,10,66,117,68,20,70,71,72,65,8,84,67,81,80,79,38,73,82,83,76,85,122,87,88,89,4,91,109,93,62,95,115,97,98,114,100,101,102,37,104,105,43,107,108,151,110,111,112,113,19,121,116,16,118,119,120,106,74,123,90,125,126,127,128,129,130,131,132,133,134,135,136,137,138,139,140,92,142,143,144,145,146,147,148,149,150,78,152,153,154,155,156,157,34,159,160,161,162,163,164,165,166,167,168,169,170,171,99,173,174,175,176,177,178,179,180,181,182,183,184,185,186,187,188,189,190,191,52,193,194,195,196,197,198,199];True
6173;8775;14948;[52,141,11,3,26,108,18,30,25,94,75,1,12,32,14,15,124,9,16,19,61,41,22,23,24,69,5,27,28,56,63,31,29,33,17,35,36,131,60,39,121,49,42,7,44,45,86,47,48,21,50,51,53,13,54,55,6,57,58,59,2,0,77,46,64,10,66,117,68,20,70,71,72,65,74,84,67,81,80,79,38,73,82,83,76,85,40,87,88,89,4,91,109,93,62,95,8,97,98,96,100,101,102,37,104,105,43,107,103,151,110,114,112,113,106,154,116,34,118,119,120,111,122,123,90,125,126,115,128,129,130,127,132,133,134,135,136,137,138,139,140,92,142,143,144,145,146,147,148,149,150,78,152,153,99,155,156,157,158,159,160,161,162,163,164,165,166,167,168,169,170,171,172,173,174,175,176,177,178,179,180,181,182,183,184,185,186,187,188,189,190,191,192,193,194,195,196,197,198,199];True
6184;8762;14946;[108,141,11,3,26,174,18,30,25,94,75,1,12,32,14,15,124,9,16,19,61,41,22,23,24,69,5,27,28,56,63,31,29,33,17,35,36,52,60,39,121,49,42,7,44,45,86,47,48,21,50,51,53,13,54,55,6,57,58,59,2,0,77,46,64,10,66,117,68,20,70,71,72,65,74,84,67,81,80,79,38,73,82,83,76,85,40,87,88,89,4,91,109,93,62,95,8,97,98,96,100,101,102,37,104,105,43,107,103,151,110,114,112,113,106,154,116,34,118,119,120,111,122,123,90,125,126,115,128,129,130,131,132,133,134,135,136,137,138,139,140,92,142,143,144,145,146,147,148,149,150,78,152,153,99,155,156,157,158,159,160,161,162,163,164,165,166,167,168,169,170,171,172,173,127,175,176,177,178,179,180,181,182,183,184,185,186,187,188,189,190,191,192,193,194,195,196,197,198,199];True
6157;8783;14940;[14,141,11,3,26,108,18,30,25,94,75,1,12,32,174,15,124,9,16,19,61,41,22,23,24,69,5,27,28,56,63,31,29,33,17,35,36,52,60,39,121,49,42,7,44,45,86,47,48,21,50,51,53,13,54,55,6,57,58,59,2,0,77,46,64,10,66,117,68,20,70,71,72,65,74,84,67,81,80,79,38,73,82,83,76,85,40,87,88,89,4,91,109,93,62,95,8,97,98,96,100,101,102,37,104,105,43,107,103,151,110,114,112,113,106,154,116,34,118,119,120,111,122,123,90,125,126,115,128,129,130,131,132,133,134,135,136,137,138,139,140,92,142,143,144,145,146,147,148,149,150,78,152,153,99,155,156,157,158,159,160,161,162,163,164,165,166,167,168,169,170,171,172,173,127,175,176,177,178,179,180,181,182,183,184,185,186,187,188,189,190,191,192,193,194,195,196,197,198,199];True
6164;8778;14942;[9,141,11,3,26,108,18,30,25,94,75,1,12,32,14,15,124,174,16,19,61,41,22,23,24,69,5,27,28,56,63,31,29,33,17,35,36,52,60,39,121,49,42,7,44,45,86,47,48,21,50,51,53,13,54,55,6,57,58,59,2,0,77,46,64,10,66,117,68,20,70,71,72,65,74,84,67,81,80,79,38,73,82,83,76,85,40,87,88,89,4,91,109,93,62,95,8,97,98,96,100,101,102,37,104,105,43,107,103,151,110,114,112,113,106,154,116,34,118,119,120,111,122,123,90,125,126,115,128,129,130,131,132,133,134,135,136,137,138,139,140,92,142,143,144,145,146,147,148,149,150,78,152,153,99,155,156,157,158,159,160,161,162,163,164,165,166,167,168,169,170,171,172,173,127,175,176,177,178,179,180,181,182,183,184,185,186,187,188,189,190,191,192,193,194,195,196,197,198,199];True
6111;8784;14895;[52,141,11,3,26,108,18,30,25,94,75,1,12,32,14,15,124,9,16,19,61,41,22,23,24,69,5,27,28,56,63,31,29,33,17,35,36,174,60,39,121,49,42,7,44,45,86,47,48,21,50,51,53,13,54,55,6,57,58,59,2,0,77,46,64,10,66,117,68,20,70,71,72,65,74,84,67,81,80,79,38,73,82,83,76,85,40,87,88,89,4,91,109,93,62,95,8,97,98,96,100,101,102,37,104,105,43,107,103,151,110,114,112,113,106,154,116,34,118,119,120,111,122,123,90,125,126,115,128,129,130,131,132,133,134,135,136,137,138,139,140,92,142,143,144,145,146,147,148,149,150,78,152,153,99,155,156,157,158,159,160,161,162,163,164,165,166,167,168,169,170,171,172,173,127,175,176,177,178,179,180,181,182,183,184,185,186,187,188,189,190,191,192,193,194,195,196,197,198,199];True
6190;8721;14911;[64,141,11,3,26,108,18,30,25,94,75,1,12,32,14,15,124,9,16,19,61,41,22,23,24,69,5,27,28,56,63,31,29,33,17,35,36,52,60,39,121,49,42,7,44,45,86,47,48,21,50,51,53,13,54,55,6,57,58,59,2,0,77,46,174,10,66,117,68,20,70,71,72,65,74,84,67,81,80,79,38,73,82,83,76,85,40,87,88,89,4,91,109,93,62,95,8,97,98,96,100,101,102,37,104,105,43,107,103,151,110,114,112,113,106,154,116,34,118,119,120,111,122,123,90,125,126,115,128,129,130,131,132,133,134,135,136,137,138,139,140,92,142,143,144,145,146,147,148,149,150,78,152,153,99,155,156,157,158,159,160,161,162,163,164,165,166,167,168,169,170,171,172,173,127,175,176,177,178,179,180,181,182,183,184,185,186,187,188,189,190,191,192,193,194,195,196,197,198,199];True
6553;8672;15225;[42,141,11,3,26,43,18,30,25,9,4,1,12,32,139,15,124,46,174,88,61,41,22,40,24,69,5,27,99,56,63,31,29,33,17,8,36,95,38,85,14,60,64,7,44,45,100,47,48,21,92,51,53,13,54,55,6,57,58,59,2,0,62,96,121,10,66,117,68,20,70,71,72,65,74,75,67,77,76,28,80,81,39,83,52,37,86,87,84,89,73,91,35,93,94,109,23,97,98,79,114,101,16,142,104,105,106,107,108,102,110,111,112,113,49,115,116,34,118,119,120,19,122,123,90,125,126,78,128,129,130,131,132,133,134,135,136,137,138,103,140,50,82,143,144,145,146,147,148,149,150,151,152,153,154,155,156,157,158,159,160,161,162,163,164,165,166,167,168,169,170,171,172,173,127,175,176,177,178,179,180,181,182,183,184,185,186,187,188,189,190,191,192,193,194,195,196,197,198,199];False
6553;8669;15222;[58,141,11,3,26,43,18,30,25,9,4,1,12,32,139,15,124,46,174,88,61,41,22,40,24,69,5,27,99,56,63,31,29,33,17,8,36,95,38,85,14,60,42,7,44,45,100,47,48,21,92,51,53,13,54,55,6,57,64,59,2,0,62,96,121,10,66,117,68,20,70,71,72,65,74,75,67,77,76,28,80,81,39,83,52,37,86,87,84,89,73,91,35,93,94,109,23,97,98,79,114,101,16,142,104,105,106,107,108,102,110,111,112,113,49,115,116,34,118,119,120,19,122,123,90,125,126,78,128,129,130,131,132,133,134,135,136,137,138,103,140,50,82,143,144,145,146,147,148,149,150,151,152,153,154,155,156,157,158,159,160,161,162,163,164,165,166,167,168,169,170,171,172,173,127,175,176,177,178,179,180,181,182,183,184,185,186,187,188,189,190,191,192,193,194,195,196,197,198,199];False
6456;8697;15153;[96,141,11,3,26,43,18,30,25,9,4,1,12,32,139,15,124,46,174,88,61,41,22,40,24,69,5,27,99,56,63,31,29,33,17,8,36,95,38,85,14,60,42,7,44,45,100,47,48,21,92,51,53,13,54,55,6,57,58,59,2,0,62,64,121,10,66,117,68,20,70,71,72,65,74,75,67,77,76,28,80,81,39,83,52,37,86,87,84,89,73,91,35,93,94,109,23,97,98,79,114,101,16,142,104,105,106,107,108,102,110,111,112,113,49,115,116,34,118,119,120,19,122,123,90,125,126,78,128,129,130,131,132,133,134,135,136,137,138,103,140,50,82,143,144,145,146,147,148,149,150,151,152,153,154,155,156,157,158,159,160,161,162,163,164,165,166,167,168,169,170,171,172,173,127,175,176,177,178,179,180,181,182,183,184,185,186,187,188,189,190,191,192,193,194,195,196,197,198,199];False
6488;8655;15143;[37,141,11,3,26,43,18,30,25,9,4,1,12,32,139,15,124,46,174,88,61,41,22,40,24,69,5,27,99,56,63,31,29,33,17,8,36,95,38,85,14,60,42,7,44,45,100,47,48,21,92,51,53,13,54,55,6,57,58,59,2,0,62,96,121,10,66,117,68,20,70,71,72,65,74,75,67,77,76,28,80,81,39,83,52,64,86,87,84,89,73,91,35,93,94,109,23,97,98,79,114,101,16,142,104,105,106,107,108,102,110,111,112,113,49,115,116,34,118,119,120,19,122,123,90,125,126,78,128,129,130,131,132,133,134,135,136,137,138,103,140,50,82,143,144,145,146,147,148,149,150,151,152,153,154,155,156,157,158,159,160,161,162,163,164,165,166,167,168,169,170,171,172,173,127,175,176,177,178,179,180,181,182,183,184,185,186,187,188,189,190,191,192,193,194,195,196,197,198,199];True
6449;8709;15158;[40,141,11,3,26,43,18,30,25,9,4,1,12,32,139,15,124,46,174,88,61,41,22,66,24,69,5,27,99,56,63,31,29,33,17,8,36,95,38,85,14,60,42,7,44,45,100,47,48,21,92,51,53,13,54,55,6,57,58,59,2,0,62,96,64,10,121,117,68,20,70,71,72,65,74,75,67,77,76,28,80,81,39,83,52,37,86,87,84,89,73,91,35,93,94,109,23,97,98,79,114,101,16,142,104,105,106,107,108,102,110,111,112,113,49,115,116,34,118,119,120,19,122,123,90,125,126,78,128,129,130,131,132,133,134,135,136,137,138,103,140,50,82,143,144,145,146,147,148,149,150,151,152,153,154,155,156,157,158,159,160,161,162,163,164,165,166,167,168,169,170,171,172,173,127,175,176,177,178,179,180,181,182,183,184,185,186,187,188,189,190,191,192,193,194,195,196,197,198,199];True
6475;8693;15168;[97,141,11,3,26,43,18,30,25,9,4,1,12,32,139,15,124,46,174,88,61,41,22,40,24,69,5,27,99,56,63,31,29,33,17,8,36,95,38,85,14,60,42,7,44,45,100,47,48,21,92,51,53,13,54,55,6,57,58,59,2,0,62,96,64,10,121,117,68,20,70,71,72,65,74,75,67,77,76,28,80,81,39,83,52,37,86,87,84,89,73,91,35,93,94,109,23,66,98,79,114,101,16,142,104,105,106,107,108,102,110,111,112,113,49,115,116,34,118,119,120,19,122,123,90,125,126,78,128,129,130,131,132,133,134,135,136,137,138,103,140,50,82,143,144,145,146,147,148,149,150,151,152,153,154,155,156,157,158,159,160,161,162,163,164,165,166,167,168,169,170,171,172,173,127,175,176,177,178,179,180,181,182,183,184,185,186,187,188,189,190,191,192,193,194,195,196,197,198,199];False
6537;8652;15189;[101,141,11,3,26,43,18,30,25,9,4,1,12,32,139,15,124,46,174,88,61,41,22,40,24,69,5,27,99,56,63,31,29,33,17,8,36,95,38,85,14,60,42,7,44,45,100,47,48,21,92,51,53,13,54,55,6,57,58,59,2,0,62,96,64,10,121,117,68,20,70,71,72,65,74,75,67,77,76,28,80,81,39,83,52,37,86,87,84,89,73,91,35,93,94,109,23,97,98,79,114,66,16,142,104,105,106,107,108,102,110,111,112,113,49,115,116,34,118,119,120,19,122,123,90,125,126,78,128,129,130,131,132,133,134,135,136,137,138,103,140,50,82,143,144,145,146,147,148,149,150,151,152,153,154,155,156,157,158,159,160,161,162,163,164,165,166,167,168,169,170,171,172,173,127,175,176,177,178,179,180,181,182,183,184,185,186,187,188,189,190,191,192,193,194,195,196,197,198,199];True
6442;8716;15158;[111,141,11,3,26,43,18,30,25,9,4,1,12,32,139,15,124,46,174,88,61,41,22,40,24,69,5,27,99,56,63,31,29,33,17,8,36,95,38,85,14,60,42,7,44,45,100,47,48,21,92,51,53,13,54,55,6,57,58,59,2,0,62,96,64,10,121,117,68,20,70,71,72,65,74,75,67,77,76,28,80,81,39,83,52,37,86,87,84,89,73,91,35,93,94,109,23,97,98,79,114,101,16,142,104,105,106,107,108,102,110,66,112,113,49,115,116,34,118,119,120,19,122,123,90,125,126,78,128,129,130,131,132,133,134,135,136,137,138,103,140,50,82,143,144,145,146,147,148,149,150,151,152,153,154,155,156,157,158,159,160,161,162,163,164,165,166,167,168,169,170,171,172,173,127,175,176,177,178,179,180,181,182,183,184,185,186,187,188,189,190,191,192,193,194,195,196,197,198,199];True
6482;8669;15151;[49,141,11,3,26,43,18,30,25,9,4,1,12,32,139,15,124,46,174,88,61,41,22,40,24,69,5,27,99,56,63,31,29,33,17,8,36,95,38,85,14,60,42,7,44,45,100,47,48,21,92,51,53,13,54,55,6,57,58,59,2,0,62,96,64,10,121,117,68,20,70,71,72,65,74,75,67,77,76,28,80,81,39,83,52,37,86,87,84,89,73,91,35,93,94,109,23,97,98,79,114,101,16,142,104,105,106,107,108,102,110,111,112,113,66,115,116,34,118,119,120,19,122,123,90,125,126,78,128,129,130,131,132,133,134,135,136,137,138,103,140,50,82,143,144,145,146,147,148,149,150,151,152,153,154,155,156,157,158,159,160,161,162,163,164,165,166,167,168,169,170,171,172,173,127,175,176,177,178,179,180,181,182,183,184,185,186,187,188,189,190,191,192,193,194,195,196,197,198,199];True
6480;8688;15168;[119,141,11,3,26,43,18,30,25,9,4,1,12,32,139,15,124,46,174,88,61,41,22,40,24,69,5,27,99,56,63,31,29,33,17,8,36,95,38,85,14,60,42,7,44,45,100,47,48,21,92,51,53,13,54,55,6,57,58,59,2,0,62,96,64,10,121,117,68,20,70,71,72,65,74,75,67,77,76,28,80,81,39,83,52,37,86,87,84,89,73,91,35,93,94,109,23,97,98,79,114,101,16,142,104,105,106,107,108,102,110,111,112,113,49,115,116,34,118,66,120,19,122,123,90,125,126,78,128,129,130,131,132,133,134,135,136,137,138,103,140,50,82,143,144,145,146,147,148,149,150,151,152,153,154,155,156,157,158,159,160,161,162,163,164,165,166,167,168,169,170,171,172,173,127,175,176,177,178,179,180,181,182,183,184,185,186,187,188,189,190,191,192,193,194,195,196,197,198,199];False
6455;8679;15134;[125,141,11,3,26,43,18,30,25,9,4,1,12,32,139,15,124,46,174,88,61,41,22,40,24,69,5,27,99,56,63,31,29,33,17,8,36,95,38,85,14,60,42,7,44,45,100,47,48,21,92,51,53,13,54,55,6,57,58,59,2,0,62,96,64,10,121,117,68,20,70,71,72,65,74,75,67,77,76,28,80,81,39,83,52,37,86,87,84,89,73,91,35,93,94,109,23,97,98,79,114,101,16,142,104,105,106,107,108,102,110,111,112,113,49,115,116,34,118,119,120,19,122,123,90,66,126,78,128,129,130,131,132,133,134,135,136,137,138,103,140,50,82,143,144,145,146,147,148,149,150,151,152,153,154,155,156,157,158,159,160,161,162,163,164,165,166,167,168,169,170,171,172,173,127,175,176,177,178,179,180,181,182,183,184,185,186,187,188,189,190,191,192,193,194,195,196,197,198,199];True
6550;8648;15198;[96,141,11,3,26,43,18,30,25,9,4,1,12,32,14,15,124,46,174,88,61,41,22,40,24,69,5,27,99,56,63,31,29,33,17,8,36,95,38,85,151,60,42,7,44,45,100,47,48,21,92,51,53,13,54,55,6,57,58,59,2,0,62,37,121,10,66,117,68,20,70,71,72,65,74,75,67,77,76,28,80,81,39,83,52,64,86,87,84,89,73,91,35,93,94,109,23,97,98,79,114,101,16,142,104,105,106,107,108,102,110,111,112,113,49,115,116,34,118,119,120,19,122,123,90,125,126,78,128,129,130,131,132,133,134,135,136,137,138,139,140,50,82,143,144,145,146,147,148,149,150,103,152,153,154,155,156,157,158,159,160,161,162,163,164,165,166,167,168,169,170,171,172,173,127,175,176,177,178,179,180,181,182,183,184,185,186,187,188,189,190,191,192,193,194,195,196,197,198,199];False
6678;8616;15294;[94,141,11,3,26,43,18,30,25,9,4,1,12,32,14,15,124,46,174,88,61,41,22,40,24,69,5,27,99,56,63,31,29,33,17,8,36,95,38,85,151,60,42,7,44,45,100,47,48,21,92,51,53,13,54,55,6,57,58,59,2,0,62,96,121,10,66,117,68,20,70,71,72,65,74,75,67,77,76,28,80,81,39,83,52,64,86,87,84,89,73,91,35,93,37,109,23,97,98,79,114,101,16,142,104,105,106,107,108,102,110,111,112,113,49,115,116,34,118,119,120,19,122,123,90,125,126,78,128,129,130,131,132,133,134,135,136,137,138,139,140,50,82,143,144,145,146,147,148,149,150,103,152,153,154,155,156,157,158,159,160,161,162,163,164,165,166,167,168,169,170,171,172,173,127,175,176,177,178,179,180,181,182,183,184,185,186,187,188,189,190,191,192,193,194,195,196,197,198,199];False
6659;8617;15276;[142,141,11,3,26,43,18,30,25,9,4,1,12,32,14,15,124,46,174,88,61,41,22,40,24,69,5,27,99,56,63,31,29,33,17,8,36,95,38,85,151,60,42,7,44,45,100,47,48,21,92,51,53,13,54,55,6,57,58,59,2,0,62,96,121,10,66,117,68,20,70,71,72,65,74,75,67,77,76,28,80,81,39,83,52,64,86,87,84,89,73,91,35,93,94,109,23,97,98,79,114,101,16,37,104,105,106,107,108,102,110,111,112,113,49,115,116,34,118,119,120,19,122,123,90,125,126,78,128,129,130,131,132,133,134,135,136,137,138,139,140,50,82,143,144,145,146,147,148,149,150,103,152,153,154,155,156,157,158,159,160,161,162,163,164,165,166,167,168,169,170,171,172,173,127,175,176,177,178,179,180,181,182,183,184,185,186,187,188,189,190,191,192,193,194,195,196,197,198,199];False
6545;8632;15177;[131,141,11,3,26,43,18,30,25,9,4,1,12,32,14,15,124,46,174,88,61,41,22,40,24,69,5,27,99,56,63,31,29,33,17,8,36,95,38,85,151,60,42,7,44,45,100,47,48,21,92,51,53,13,54,55,6,57,58,59,2,0,62,96,121,10,66,117,68,20,70,71,72,65,74,75,67,77,76,28,80,81,39,83,52,64,86,87,84,89,73,91,35,93,94,109,23,97,98,79,114,101,16,142,104,105,106,107,108,102,110,111,112,113,49,115,116,34,118,119,120,19,122,123,90,125,126,78,128,129,130,37,132,133,134,135,136,137,138,139,140,50,82,143,144,145,146,147,148,149,150,103,152,153,154,155,156,157,158,159,160,161,162,163,164,165,166,167,168,169,170,171,172,173,127,175,176,177,178,179,180,181,182,183,184,185,186,187,188,189,190,191,192,193,194,195,196,197,198,199];True
6655;8601;15256;[137,141,11,3,26,43,18,30,25,9,4,1,12,32,14,15,124,46,174,88,61,41,22,40,24,69,5,27,99,56,63,31,29,33,17,8,36,95,38,85,151,60,42,7,44,45,100,47,48,21,92,51,53,13,54,55,6,57,58,59,2,0,62,96,121,10,66,117,68,20,70,71,72,65,74,75,67,77,76,28,80,81,39,83,52,64,86,87,84,89,73,91,35,93,94,109,23,97,98,79,114,101,16,142,104,105,106,107,108,102,110,111,112,113,49,115,116,34,118,119,120,19,122,123,90,125,126,78,128,129,130,131,132,133,134,135,136,37,138,139,140,50,82,143,144,145,146,147,148,149,150,103,152,153,154,155,156,157,158,159,160,161,162,163,164,165,166,167,168,169,170,171,172,173,127,175,176,177,178,179,180,181,182,183,184,185,186,187,188,189,190,191,192,193,194,195,196,197,198,199];True
6607;8612;15219;[149,141,11,3,26,43,18,30,25,9,4,1,12,32,14,15,124,46,174,88,61,41,22,40,24,69,5,27,99,56,63,31,29,33,17,8,36,95,38,85,151,60,42,7,44,45,100,47,48,21,92,51,53,13,54,55,6,57,58,59,2,0,62,96,121,10,66,117,68,20,70,71,72,65,74,75,67,77,76,28,80,81,39,83,52,64,86,87,84,89,73,91,35,93,94,109,23,97,98,79,114,101,16,142,104,105,106,107,108,102,110,111,112,113,49,115,116,34,118,119,120,19,122,123,90,125,126,78,128,129,130,131,132,133,134,135,136,137,138,139,140,50,82,143,144,145,146,147,148,37,150,103,152,153,154,155,156,157,158,159,160,161,162,163,164,165,166,167,168,169,170,171,172,173,127,175,176,177,178,179,180,181,182,183,184,185,186,187,188,189,190,191,192,193,194,195,196,197,198,199];True
7401;8435;15836;[46,141,11,3,26,43,86,30,25,9,14,1,12,32,10,15,124,73,174,19,61,41,22,40,24,69,5,27,99,56,63,31,29,33,17,8,36,95,38,75,18,158,42,7,44,45,60,47,48,21,92,51,53,13,54,55,6,57,58,59,2,0,62,96,64,39,121,117,68,4,70,71,72,65,74,84,67,77,76,28,80,81,114,83,52,85,66,87,88,89,16,91,35,93,94,37,23,97,98,79,100,101,142,103,104,105,106,107,108,102,110,111,112,113,109,115,116,34,118,119,120,49,122,123,90,125,126,78,128,129,130,131,132,133,134,135,136,137,138,139,140,50,20,143,144,145,146,147,148,149,150,151,152,153,154,155,156,157,82,159,160,161,162,163,164,165,166,167,168,169,170,171,172,173,127,175,176,177,178,179,180,181,182,183,184,185,186,187,188,189,190,191,192,193,194,195,196,197,198,199];True
7372;8449;15821;[107,141,11,3,26,43,86,30,25,9,14,1,12,32,10,15,124,46,174,19,61,41,22,40,24,69,5,27,99,56,63,31,29,33,17,8,36,95,38,75,18,158,42,7,44,45,60,47,48,21,92,51,53,13,54,55,6,57,58,59,2,0,62,96,64,39,121,117,68,4,70,71,72,65,74,84,67,77,76,28,80,81,114,83,52,85,66,87,88,89,73,91,35,93,94,37,23,97,98,79,100,101,142,103,104,105,106,34,108,102,110,111,112,113,109,115,116,16,118,119,120,49,122,123,90,125,126,78,128,129,130,131,132,133,134,135,136,137,138,139,140,50,20,143,144,145,146,147,148,149,150,151,152,153,154,155,156,157,82,159,160,161,162,163,164,165,166,167,168,169,170,171,172,173,127,175,176,177,178,179,180,181,182,183,184,185,186,187,188,189,190,191,192,193,194,195,196,197,198,199];False
7398;8440;15838;[90,141,11,3,26,43,86,30,25,9,14,1,12,32,10,15,124,46,174,19,61,41,22,40,24,69,5,27,99,56,63,31,29,33,17,8,36,95,38,75,18,158,42,7,44,45,60,47,48,21,92,51,53,13,54,55,6,57,58,59,2,0,62,96,64,39,121,117,68,4,70,71,72,65,74,84,67,77,76,28,80,81,114,83,52,85,66,87,88,89,73,91,35,93,94,37,23,97,98,79,100,101,142,103,104,105,106,107,108,102,110,111,112,113,109,115,116,16,118,119,120,49,122,123,34,125,126,78,128,129,130,131,132,133,134,135,136,137,138,139,140,50,20,143,144,145,146,147,148,149,150,151,152,153,154,155,156,157,82,159,160,161,162,163,164,165,166,167,168,169,170,171,172,173,127,175,176,177,178,179,180,181,182,183,184,185,186,187,188,189,190,191,192,193,194,195,196,197,198,199];True
7334;8445;15779;[172,141,11,3,26,43,86,30,25,9,14,1,12,32,10,15,124,46,174,19,61,41,22,40,24,69,5,27,99,56,63,31,29,33,17,8,36,95,38,75,18,158,42,7,44,45,60,47,48,21,92,51,53,13,54,55,6,57,58,59,2,0,62,96,64,39,121,117,68,4,70,71,72,65,74,84,67,77,76,28,80,81,114,83,52,85,66,87,88,89,73,91,35,93,94,37,23,97,98,79,100,101,142,103,104,105,106,107,108,102,110,111,112,113,109,115,116,16,118,119,120,49,122,123,90,125,126,78,128,129,130,131,132,133,134,135,136,137,138,139,140,50,20,143,144,145,146,147,148,149,150,151,152,153,154,155,156,157,82,159,160,161,162,163,164,165,166,167,168,169,170,171,34,173,127,175,176,177,178,179,180,181,182,183,184,185,186,187,188,189,190,191,192,193,194,195,196,197,198,199];True
7370;8441;15811;[179,141,11,3,26,43,86,30,25,9,14,1,12,32,10,15,124,46,174,19,61,41,22,40,24,69,5,27,99,56,63,31,29,33,17,8,36,95,38,75,18,158,42,7,44,45,60,47,48,21,92,51,53,13,54,55,6,57,58,59,2,0,62,96,64,39,121,117,68,4,70,71,72,65,74,84,67,77,76,28,80,81,114,83,52,85,66,87,88,89,73,91,35,93,94,37,23,97,98,79,100,101,142,103,104,105,106,107,108,102,110,111,112,113,109,115,116,16,118,119,120,49,122,123,90,125,126,78,128,129,130,131,132,133,134,135,136,137,138,139,140,50,20,143,144,145,146,147,148,149,150,151,152,153,154,155,156,157,82,159,160,161,162,163,164,165,166,167,168,169,170,171,172,173,127,175,176,177,178,34,180,181,182,183,184,185,186,187,188,189,190,191,192,193,194,195,196,197,198,199];True
7266;8453;15719;[198,141,11,3,26,43,86,30,25,9,14,1,12,32,10,15,124,46,174,19,61,41,22,40,24,69,5,27,99,56,63,31,29,33,17,8,36,95,38,75,18,158,42,7,44,45,60,47,48,21,92,51,53,13,54,55,6,57,58,59,2,0,62,96,64,39,121,117,68,4,70,71,72,65,74,84,67,77,76,28,80,81,114,83,52,85,66,87,88,89,73,91,35,93,94,37,23,97,98,79,100,101,142,103,104,105,106,107,108,102,110,111,112,113,109,115,116,16,118,119,120,49,122,123,90,125,126,78,128,129,130,131,132,133,134,135,136,137,138,139,140,50,20,143,144,145,146,147,148,149,150,151,152,153,154,155,156,157,82,159,160,161,162,163,164,165,166,167,168,169,170,171,172,173,127,175,176,177,178,179,180,181,182,183,184,185,186,187,188,189,190,191,192,193,194,195,196,197,34,199];True
7279;8452;15731;[73,141,11,3,26,43,86,30,25,9,14,1,12,32,10,15,124,46,174,19,61,41,22,40,24,69,5,27,99,56,63,31,29,33,17,8,36,95,38,75,18,158,42,7,44,45,60,47,48,21,92,51,53,13,54,55,6,57,58,59,2,0,62,96,64,39,121,117,68,4,70,71,72,65,74,84,67,77,76,28,80,81,114,83,52,85,66,87,88,89,115,91,35,93,94,37,23,97,98,79,100,101,16,142,104,105,106,107,108,102,110,111,112,113,109,103,116,34,118,119,120,49,122,123,90,125,126,78,128,129,130,131,132,133,134,135,136,137,138,139,140,50,20,143,144,145,146,147,148,149,150,151,152,153,154,155,156,157,82,159,160,161,162,163,164,165,166,167,168,169,170,171,172,173,127,175,176,177,178,179,180,181,182,183,184,185,186,187,188,189,190,191,192,193,194,195,196,197,198,199];True
7124;8458;15582;[131,141,11,3,26,43,86,30,25,9,14,1,12,32,10,15,124,46,174,19,61,41,22,40,24,69,5,27,99,56,63,31,29,33,17,8,36,95,38,75,18,158,42,7,44,45,60,47,48,21,92,51,53,13,54,55,6,57,58,59,2,0,62,96,64,39,121,117,68,4,70,71,72,65,74,84,67,77,76,28,80,81,114,83,52,85,66,87,88,89,73,91,35,93,94,37,23,97,98,79,100,101,16,142,104,105,106,107,108,102,110,111,112,113,109,103,116,34,118,119,120,49,122,123,90,125,126,78,128,129,130,115,132,133,134,135,136,137,138,139,140,50,20,143,144,145,146,147,148,149,150,151,152,153,154,155,156,157,82,159,160,161,162,163,164,165,166,167,168,169,170,171,172,173,127,175,176,177,178,179,180,181,182,183,184,185,186,187,188,189,190,191,192,193,194,195,196,197,198,199];True
7175;8455;15630;[30,141,11,3,26,43,86,76,25,9,14,1,12,32,10,15,124,46,174,19,61,41,22,40,24,69,5,27,99,56,63,31,29,33,17,8,36,95,38,75,18,158,42,7,44,45,60,47,48,21,92,51,53,13,54,55,6,57,58,59,2,0,62,96,64,39,121,117,68,4,70,71,72,65,74,84,67,77,149,28,80,81,114,83,52,85,66,87,88,89,73,91,35,93,94,37,23,97,98,79,100,101,16,103,104,105,106,107,108,102,110,111,112,113,109,115,116,34,118,119,120,49,122,123,90,125,126,78,128,129,130,131,132,133,134,135,136,137,138,139,140,50,20,143,144,145,146,147,148,142,150,151,152,153,154,155,156,157,82,159,160,161,162,163,164,165,166,167,168,169,170,171,172,173,127,175,176,177,178,179,180,181,182,183,184,185,186,187,188,189,190,191,192,193,194,195,196,197,198,199];True
7024;8491;15515;[64,141,11,3,26,43,86,30,25,9,4,1,12,32,14,15,124,46,174,19,61,41,22,40,24,69,5,27,99,56,63,31,29,33,17,8,36,95,38,75,18,158,60,7,44,45,100,47,48,21,92,51,53,13,54,55,6,57,98,59,2,0,62,96,42,10,121,117,68,20,70,71,72,65,74,84,67,77,76,28,80,81,39,83,52,85,66,87,88,89,73,91,35,93,94,37,23,97,58,79,114,101,16,103,104,105,106,107,108,102,110,111,112,113,109,115,116,34,118,119,120,49,122,123,90,125,126,78,128,129,130,131,132,133,134,135,136,137,138,139,140,50,142,143,144,145,146,147,148,149,150,151,152,153,154,155,156,157,82,159,160,161,162,163,164,165,166,167,168,169,170,171,172,173,127,175,176,177,178,179,180,181,182,183,184,185,186,187,188,189,190,191,192,193,194,195,196,197,198,199];False
7061;8477;15538;[28,141,11,3,26,43,86,30,25,9,4,1,12,32,14,15,124,46,174,19,61,41,22,40,24,69,5,27,99,56,63,31,29,33,17,8,36,95,38,75,18,158,60,7,44,45,100,47,48,21,92,51,53,13,54,55,6,57,98,59,2,0,62,96,64,10,121,117,68,20,70,71,72,65,74,84,67,77,76,42,80,81,39,83,52,85,66,87,88,89,73,91,35,93,94,37,23,97,58,79,114,101,16,103,104,105,106,107,108,102,110,111,112,113,109,115,116,34,118,119,120,49,122,123,90,125,126,78,128,129,130,131,132,133,134,135,136,137,138,139,140,50,142,143,144,145,146,147,148,149,150,151,152,153,154,155,156,157,82,159,160,161,162,163,164,165,166,167,168,169,170,171,172,173,127,175,176,177,178,179,180,181,182,183,184,185,186,187,188,189,190,191,192,193,194,195,196,197,198,199];False
7064;8460;15524;[114,141,11,3,26,43,86,30,25,9,4,1,12,32,14,15,124,46,174,19,61,41,22,40,24,69,5,27,99,56,63,31,29,33,17,8,36,95,38,75,18,158,60,7,44,45,100,47,48,21,92,51,53,13,54,55,6,57,98,59,2,0,62,96,64,10,121,117,68,20,70,71,72,65,74,84,67,77,76,28,80,81,39,83,52,85,66,87,88,89,73,91,35,93,94,37,23,97,58,79,42,101,16,103,104,105,106,107,108,102,110,111,112,113,109,115,116,34,118,119,120,49,122,123,90,125,126,78,128,129,130,131,132,133,134,135,136,137,138,139,140,50,142,143,144,145,146,147,148,149,150,151,152,153,154,155,156,157,82,159,160,161,162,163,164,165,166,167,168,169,170,171,172,173,127,175,176,177,178,179,180,181,182,183,184,185,186,187,188,189,190,191,192,193,194,195,196,197,198,199];True
7013;8464;15477;[16,141,11,3,26,43,86,30,25,9,4,1,12,32,14,15,124,46,174,19,61,41,22,40,24,69,5,27,99,56,63,31,29,33,17,8,36,95,38,75,18,158,60,7,44,45,100,47,48,21,92,51,53,13,54,55,6,57,98,59,2,0,62,96,64,10,121,117,68,20,70,71,72,65,74,84,67,77,76,28,80,81,39,83,52,85,66,87,88,89,73,91,35,93,94,37,23,97,58,79,114,101,42,103,104,105,106,107,108,102,110,111,112,113,109,115,116,34,118,119,120,49,122,123,90,125,126,78,128,129,130,131,132,133,134,135,136,137,138,139,140,50,142,143,144,145,146,147,148,149,150,151,152,153,154,155,156,157,82,159,160,161,162,163,164,165,166,167,168,169,170,171,172,173,127,175,176,177,178,179,180,181,182,183,184,185,186,187,188,189,190,191,192,193,194,195,196,197,198,199];True
6711;8558;15269;[14,141,11,3,26,43,18,30,25,9,4,1,75,32,103,15,124,46,174,19,61,41,22,98,24,69,5,27,99,56,63,31,29,33,17,8,36,95,38,39,40,12,42,7,44,45,86,47,48,21,92,51,53,13,54,55,6,57,131,59,2,0,62,96,64,10,121,117,68,20,70,71,72,65,74,84,67,77,76,28,80,81,114,83,52,85,66,87,88,89,73,91,35,93,94,37,23,97,58,79,158,101,16,172,104,105,106,107,108,102,110,111,112,113,109,115,116,34,118,119,120,49,122,123,90,125,126,78,128,129,130,100,132,133,134,135,136,137,138,139,140,50,142,143,144,145,146,147,148,149,150,151,152,153,154,155,156,157,82,159,160,161,162,163,164,165,166,167,168,169,170,171,60,173,127,175,176,177,178,179,180,181,182,183,184,185,186,187,188,189,190,191,192,193,194,195,196,197,198,199];False
6634;8608;15242;[96,141,11,3,26,43,18,30,25,9,4,1,75,32,14,15,124,46,174,19,61,41,22,98,24,69,5,27,99,56,63,31,29,33,17,8,36,95,38,39,40,12,42,7,44,45,86,47,48,21,92,51,53,13,54,55,6,57,131,59,2,0,62,103,64,10,121,117,68,20,70,71,72,65,74,84,67,77,76,28,80,81,114,83,52,85,66,87,88,89,73,91,35,93,94,37,23,97,58,79,158,101,16,172,104,105,106,107,108,102,110,111,112,113,109,115,116,34,118,119,120,49,122,123,90,125,126,78,128,129,130,100,132,133,134,135,136,137,138,139,140,50,142,143,144,145,146,147,148,149,150,151,152,153,154,155,156,157,82,159,160,161,162,163,164,165,166,167,168,169,170,171,60,173,127,175,176,177,178,179,180,181,182,183,184,185,186,187,188,189,190,191,192,193,194,195,196,197,198,199];True
6689;8569;15258;[76,141,11,3,26,43,18,30,25,9,4,1,75,32,14,15,124,46,174,19,61,41,22,98,24,69,5,27,99,56,63,31,29,33,17,8,36,95,38,39,40,12,42,7,44,45,86,47,48,21,92,51,53,13,54,55,6,57,131,59,2,0,62,96,64,10,121,117,68,20,70,71,72,65,74,84,67,77,103,28,80,81,114,83,52,85,66,87,88,89,73,91,35,93,94,37,23,97,58,79,158,101,16,172,104,105,106,107,108,102,110,111,112,113,109,115,116,34,118,119,120,49,122,123,90,125,126,78,128,129,130,100,132,133,134,135,136,137,138,139,140,50,142,143,144,145,146,147,148,149,150,151,152,153,154,155,156,157,82,159,160,161,162,163,164,165,166,167,168,169,170,171,60,173,127,175,176,177,178,179,180,181,182,183,184,185,186,187,188,189,190,191,192,193,194,195,196,197,198,199];False
6694;8556;15250;[104,141,11,3,26,43,18,30,25,9,4,1,75,32,14,15,124,46,174,19,61,41,22,98,24,69,5,27,99,56,63,31,29,33,17,8,36,95,38,39,40,12,42,7,44,45,86,47,48,21,92,51,53,13,54,55,6,57,131,59,2,0,62,96,64,10,121,117,68,20,70,71,72,65,74,84,67,77,76,28,80,81,114,83,52,85,66,87,88,89,73,91,35,93,94,37,23,97,58,79,158,101,16,172,103,105,106,107,108,102,110,111,112,113,109,115,116,34,118,119,120,49,122,123,90,125,126,78,128,129,130,100,132,133,134,135,136,137,138,139,140,50,142,143,144,145,146,147,148,149,150,151,152,153,154,155,156,157,82,159,160,161,162,163,164,165,166,167,168,169,170,171,60,173,127,175,176,177,178,179,180,181,182,183,184,185,186,187,188,189,190,191,192,193,194,195,196,197,198,199];False
6686;8581;15267;[109,141,11,3,26,43,18,30,25,9,4,1,75,32,14,15,124,46,174,19,61,41,22,98,24,69,5,27,99,56,63,31,29,33,17,8,36,95,38,39,40,12,42,7,44,45,86,47,48,21,92,51,53,13,54,55,6,57,131,59,2,0,62,96,64,10,121,117,68,20,70,71,72,65,74,84,67,77,76,28,80,81,114,83,52,85,66,87,88,89,73,91,35,93,94,37,23,97,58,79,158,101,16,172,104,105,106,107,108,102,110,111,112,113,103,115,116,34,118,119,120,49,122,123,90,125,126,78,128,129,130,100,132,133,134,135,136,137,138,139,140,50,142,143,144,145,146,147,148,149,150,151,152,153,154,155,156,157,82,159,160,161,162,163,164,165,166,167,168,169,170,171,60,173,127,175,176,177,178,179,180,181,182,183,184,185,186,187,188,189,190,191,192,193,194,195,196,197,198,199];False
6674;8542;15216;[115,141,11,3,26,43,18,30,25,9,4,1,75,32,14,15,124,46,174,19,61,41,22,98,24,69,5,27,99,56,63,31,29,33,17,8,36,95,38,39,40,12,42,7,44,45,86,47,48,21,92,51,53,13,54,55,6,57,131,59,2,0,62,96,64,10,121,117,68,20,70,71,72,65,74,84,67,77,76,28,80,81,114,83,52,85,66,87,88,89,73,91,35,93,94,37,23,97,58,79,158,101,16,172,104,105,106,107,108,102,110,111,112,113,109,103,116,34,118,119,120,49,122,123,90,125,126,78,128,129,130,100,132,133,134,135,136,137,138,139,140,50,142,143,144,145,146,147,148,149,150,151,152,153,154,155,156,157,82,159,160,161,162,163,164,165,166,167,168,169,170,171,60,173,127,175,176,177,178,179,180,181,182,183,184,185,186,187,188,189,190,191,192,193,194,195,196,197,198,199];True
