utilA;utilB;utilSum;contract;pareto
6932;8041;14973;[198,174,190,32,189,87,6,61,38,163,199,49,12,185,167,15,16,156,147,196,192,150,20,23,176,3,157,183,37,110,126,115,25,74,34,35,152,28,8,154,13,46,188,55,44,45,131,47,68,123,50,86,52,91,69,88,53,59,11,57,132,7,175,62,120,89,2,67,48,63,29,164,4,73,41,114,112,165,153,26,77,60,24,0,84,85,66,118,124,51,90,191,197,168,14,187,101,27,36,33,100,111,122,98,139,105,180,107,158,30,64,96,76,134,99,173,116,10,42,81,169,142,39,95,1,125,145,127,128,129,18,181,148,133,103,92,136,137,43,194,146,9,31,82,144,121,162,171,149,193,78,151,97,130,113,155,17,21,108,159,109,135,140,106,65,94,166,80,93,178,170,75,172,79,117,102,138,177,40,179,58,161,182,22,195,83,186,54,119,72,71,56,5,141,19,184,70,104,143,160,];False
6934;7982;14916;[198,174,190,32,189,87,6,61,38,163,199,49,12,185,167,15,16,156,147,196,192,150,20,23,176,3,157,183,37,138,126,115,25,74,34,35,152,28,8,154,13,46,188,55,44,45,131,47,68,160,50,86,52,91,69,88,53,59,11,57,132,7,175,62,120,89,2,67,48,63,29,164,4,73,41,114,112,165,153,26,77,60,24,0,84,85,66,118,124,51,90,191,197,168,14,187,101,27,36,33,100,111,122,98,139,105,180,107,158,30,64,96,76,134,99,173,116,10,42,81,169,142,39,95,1,125,145,127,128,129,18,181,148,133,103,92,136,137,43,194,146,9,31,82,144,121,162,171,149,193,78,151,97,130,113,155,17,21,108,159,109,135,140,106,65,94,166,80,93,178,170,75,172,79,117,102,110,177,40,179,58,161,182,22,195,83,186,54,119,72,71,56,5,141,19,184,70,104,143,123,];False
6843;8064;14907;[198,174,190,32,189,87,6,61,38,163,199,49,12,185,167,15,16,156,147,196,192,150,20,23,176,3,157,183,37,138,126,115,25,74,34,35,152,28,8,154,13,46,188,55,44,45,131,47,68,123,50,86,52,91,69,88,53,59,11,57,132,7,175,62,120,89,2,67,48,63,29,164,4,73,41,114,112,165,153,26,77,60,24,0,84,85,66,118,124,51,90,191,197,168,177,187,101,27,36,33,100,111,122,98,139,105,180,107,158,30,64,96,76,134,99,173,116,10,42,81,169,142,39,95,1,125,145,127,128,129,18,181,148,133,103,92,136,137,43,194,146,9,31,82,144,121,162,171,149,193,78,151,97,130,113,155,17,21,108,159,109,135,140,106,65,94,166,80,93,22,170,75,172,79,117,102,110,14,40,179,58,161,182,178,195,83,186,54,119,72,71,56,5,141,19,184,70,104,143,160,];False
6907;7996;14903;[198,174,190,32,189,87,6,61,38,163,199,49,12,185,167,15,16,156,147,196,192,150,20,23,176,3,157,183,37,138,126,115,25,74,34,35,152,28,8,154,13,46,188,55,44,45,131,47,68,123,50,86,52,91,69,88,53,59,11,57,132,7,175,62,120,2,89,67,48,63,29,164,4,73,41,114,112,165,153,26,77,60,24,0,84,85,66,118,124,51,90,191,197,168,14,187,101,27,128,33,100,111,122,98,139,105,180,107,158,30,64,96,76,134,99,173,116,10,42,81,169,142,39,95,1,125,145,127,36,129,18,181,148,133,103,92,136,137,43,194,146,9,31,82,144,121,162,171,149,193,78,151,97,130,113,155,17,21,108,159,109,135,140,106,65,94,166,80,93,178,170,75,172,79,117,102,110,177,40,179,58,161,182,22,195,83,186,54,119,72,71,56,5,141,19,184,70,104,143,160,];False
6834;8061;14895;[198,174,190,32,189,87,6,61,38,163,199,49,12,185,167,15,16,156,147,196,192,150,20,23,176,3,157,183,37,138,126,115,25,74,34,35,152,28,8,154,13,46,188,55,44,45,131,47,68,123,50,86,52,91,69,88,53,59,11,57,132,7,175,62,120,89,2,67,48,63,29,164,4,73,41,114,112,165,153,26,77,60,24,0,84,85,66,118,124,51,90,191,197,168,14,187,101,27,36,33,100,111,122,98,139,105,180,107,158,137,64,96,76,134,99,173,116,10,42,81,169,142,39,95,1,125,145,127,128,129,18,181,148,133,103,92,136,30,43,194,146,9,31,82,144,121,162,171,149,193,78,151,97,130,113,155,17,21,108,159,109,135,140,106,65,94,166,80,93,22,170,75,172,79,117,102,110,177,40,179,58,161,182,178,195,83,186,54,119,72,71,56,5,141,19,184,70,104,143,160,];False
6904;7977;14881;[198,174,190,32,189,87,6,61,38,163,199,49,12,185,167,15,16,156,147,196,192,150,20,23,176,3,157,183,37,138,126,115,25,74,34,35,152,28,8,154,13,173,188,55,44,45,131,47,68,123,50,86,52,91,69,88,53,59,11,57,132,7,175,62,120,89,2,67,48,63,29,164,4,73,41,114,112,165,153,26,77,60,24,0,84,85,66,118,124,51,90,191,197,168,14,187,101,27,36,33,100,111,122,98,139,105,180,107,158,30,64,96,76,134,99,46,116,10,42,81,169,142,39,95,1,125,145,127,128,129,18,181,148,133,103,92,136,137,43,194,146,9,31,82,144,121,162,171,149,193,78,151,97,130,113,155,17,21,108,159,109,135,140,106,65,94,166,80,93,178,170,75,172,79,117,102,110,177,40,179,58,161,182,22,195,83,186,54,119,72,71,56,5,141,19,184,70,104,143,160,];False
6898;7979;14877;[198,174,190,32,189,87,6,61,38,163,199,49,12,185,167,15,16,156,147,196,192,150,20,23,176,3,157,183,37,138,126,115,25,74,34,35,152,28,8,154,13,46,188,55,44,45,131,47,68,123,50,86,52,91,69,88,53,59,11,57,132,7,175,62,120,89,2,67,48,63,29,164,4,73,41,114,112,165,153,26,77,60,24,0,84,85,66,118,124,51,90,191,197,168,14,187,101,27,36,33,100,111,122,98,139,105,180,107,158,30,64,96,76,134,99,173,116,10,42,81,169,142,39,95,1,125,145,127,128,129,18,181,148,133,103,92,136,137,43,194,146,9,31,82,144,121,162,171,149,193,78,151,97,130,113,155,17,21,108,159,109,135,140,106,65,94,166,80,93,178,170,160,172,79,117,102,110,177,40,179,58,161,182,22,195,83,186,54,119,72,71,56,5,141,19,184,70,104,143,75,];False
6821;8034;14855;[198,174,190,32,189,87,6,61,38,163,199,49,12,185,167,15,16,156,147,196,192,150,20,23,176,3,157,183,37,138,126,115,25,74,34,35,152,28,8,154,13,46,188,47,44,45,131,55,68,123,50,86,52,91,69,88,53,59,11,57,132,7,175,62,120,89,2,67,48,63,29,164,4,73,41,114,112,165,153,26,77,60,24,0,84,85,66,118,124,51,90,191,197,168,14,187,101,27,36,33,100,111,122,98,139,105,180,107,158,30,64,96,76,134,99,173,116,10,42,81,169,142,39,95,1,125,145,127,128,129,18,181,148,133,103,92,136,137,43,194,146,9,31,82,144,121,162,171,149,193,78,151,97,130,113,155,17,21,108,159,109,135,140,106,65,94,166,80,93,178,170,75,172,79,117,102,110,177,40,179,58,161,182,22,195,83,186,54,119,72,71,56,5,141,19,184,70,104,143,160,];False
6862;7988;14850;[198,174,190,32,189,87,6,61,38,163,199,49,12,185,167,15,16,156,147,196,192,150,20,23,176,3,157,183,37,138,126,115,25,74,34,35,152,28,8,154,13,46,188,55,44,45,131,47,68,123,50,86,52,91,69,88,53,59,11,57,132,7,175,62,120,2,89,67,48,63,29,164,4,73,41,114,112,165,153,26,77,60,24,0,84,85,66,118,124,51,90,191,197,168,14,187,101,27,36,33,100,111,122,98,139,105,180,107,158,30,64,96,76,134,99,173,116,10,42,81,169,142,39,95,1,125,145,127,128,129,18,181,148,133,103,92,136,137,43,194,146,9,31,184,144,121,162,171,149,193,78,151,97,130,113,155,17,21,108,159,109,135,140,106,65,94,166,80,93,178,170,75,172,79,117,102,110,177,40,179,58,161,182,22,195,83,186,54,119,72,71,56,5,141,19,82,70,104,143,160,];False
6873;7964;14837;[198,174,190,32,189,87,6,61,38,163,199,42,12,185,167,15,16,156,147,196,192,150,20,23,176,3,157,183,37,138,126,115,25,74,34,35,152,28,8,154,13,46,188,55,44,45,131,47,68,123,50,86,52,91,69,88,53,59,11,57,132,7,175,62,120,89,2,67,48,63,29,164,4,73,41,114,112,165,153,26,77,60,24,0,84,85,66,118,124,51,90,191,197,168,14,187,101,27,36,33,100,111,122,98,139,105,180,107,158,30,64,96,76,134,99,173,116,10,49,81,169,142,39,95,1,125,145,127,128,129,18,181,148,133,103,92,136,137,43,194,146,9,31,82,144,121,162,171,149,193,78,151,97,130,113,155,17,21,108,159,109,135,140,106,65,94,166,80,93,178,170,75,172,79,117,102,110,177,40,179,58,161,182,22,195,83,186,54,119,72,71,56,5,141,19,184,70,104,143,160,];False
6884;7944;14828;[198,174,190,32,189,87,6,61,38,163,199,49,12,185,167,15,16,156,147,196,192,150,20,23,176,3,157,183,37,138,126,115,25,74,34,35,152,28,146,154,13,46,188,55,44,45,131,47,68,123,50,86,52,91,69,88,53,59,11,57,132,7,175,62,120,89,2,67,48,63,29,164,4,73,41,114,112,165,153,26,77,60,24,0,84,85,66,118,124,51,90,191,197,168,14,187,101,27,36,33,100,111,122,98,139,105,180,107,158,30,64,96,76,134,99,173,116,10,42,81,169,142,39,95,1,125,145,127,128,129,18,181,148,133,103,92,136,137,43,194,8,9,31,82,144,121,162,171,149,193,78,151,97,130,113,155,17,21,108,159,109,135,140,106,65,94,166,80,93,178,170,75,172,79,117,102,110,177,40,179,58,161,182,22,195,83,186,54,119,72,71,56,5,141,19,184,70,104,143,160,];False
6787;8040;14827;[198,174,190,32,189,87,6,61,38,163,199,49,12,185,167,15,16,156,147,196,192,150,20,23,176,3,157,183,37,138,126,115,25,74,34,35,152,28,8,154,13,46,188,55,44,45,131,47,68,123,50,86,52,91,69,88,53,59,11,57,132,7,175,62,120,89,2,67,48,63,29,164,4,73,41,114,112,165,153,26,77,60,24,0,84,85,66,118,124,158,90,191,197,168,14,187,101,27,36,33,100,111,122,98,139,105,180,107,51,30,64,96,76,134,99,173,116,10,42,81,169,142,39,95,1,125,145,127,128,129,18,181,148,133,103,92,136,137,43,194,146,9,31,82,144,121,162,171,149,193,78,151,97,130,113,155,17,21,108,159,109,135,140,106,65,94,166,80,93,178,170,75,172,79,117,102,110,177,40,179,58,161,182,22,195,83,186,54,119,72,71,56,5,141,19,184,70,104,143,160,];False
6705;8115;14820;[198,174,190,32,189,94,6,61,38,163,199,49,12,185,167,15,16,156,147,196,192,150,20,23,176,3,157,183,37,138,126,115,25,74,34,35,152,28,8,154,13,46,188,55,44,45,131,47,68,123,50,86,52,91,69,88,53,59,11,57,132,7,175,62,120,89,2,67,58,63,29,164,4,73,41,114,112,165,153,26,77,60,24,0,84,85,66,118,124,51,90,191,197,168,14,187,101,27,36,33,100,111,122,98,139,105,180,107,158,30,64,96,76,134,99,173,116,10,42,81,169,142,39,95,1,125,145,127,128,129,18,181,148,133,103,143,136,137,43,194,146,9,31,82,144,121,162,171,149,193,78,151,97,130,113,155,17,21,108,159,109,135,140,106,65,87,166,80,93,22,170,75,172,79,117,102,110,177,40,179,48,161,182,178,195,83,186,54,119,72,71,56,5,141,19,184,70,104,92,160,];False
6821;7994;14815;[198,174,190,32,189,87,6,61,38,163,199,49,12,185,167,15,16,156,147,196,192,150,20,23,176,3,157,183,37,138,126,115,25,74,34,35,152,28,8,154,13,46,188,55,44,45,131,47,68,123,50,86,52,91,69,88,53,59,11,57,132,7,175,62,120,89,2,67,48,63,29,164,4,73,41,114,112,165,153,26,77,60,24,0,84,85,66,118,124,51,90,191,197,168,14,187,101,93,36,33,100,111,122,98,139,105,180,107,158,30,64,96,76,134,99,173,116,10,42,81,169,142,39,95,1,125,145,127,128,129,18,181,148,133,103,92,136,137,43,194,146,9,31,82,144,121,162,171,149,193,78,151,97,130,113,155,17,21,108,159,109,135,140,106,65,94,166,80,27,178,170,75,172,79,117,102,110,177,40,179,58,161,182,22,195,83,186,54,119,72,71,56,5,141,19,184,70,104,143,160,];False
6814;7998;14812;[198,174,190,32,189,87,6,61,38,163,199,49,12,185,167,15,16,156,147,196,192,150,20,23,176,3,157,183,37,138,126,115,25,74,34,35,152,28,8,154,13,46,188,55,44,45,131,47,68,123,50,86,52,91,69,88,53,59,11,57,132,7,175,62,120,89,2,67,48,63,29,164,4,73,41,114,112,165,153,26,77,60,24,0,84,85,66,118,124,51,90,191,197,168,14,187,101,27,36,33,169,111,122,98,139,105,180,107,158,30,64,96,76,134,99,173,116,10,42,81,100,142,39,95,1,125,145,127,128,129,18,181,148,133,103,92,136,137,43,194,146,9,31,82,144,121,162,171,149,193,78,151,97,130,113,155,17,21,108,159,109,135,140,106,65,94,166,80,93,178,170,75,172,79,117,102,110,177,40,179,58,161,182,22,195,83,186,54,119,72,71,56,5,141,19,184,70,104,143,160,];False
6827;7974;14801;[198,174,190,32,189,87,6,61,38,163,199,49,12,185,167,15,16,156,147,196,192,150,20,23,176,3,157,183,37,138,126,115,25,74,34,35,152,28,8,154,13,46,188,55,44,45,131,47,68,123,50,86,52,91,69,88,53,59,11,57,132,7,175,62,120,89,2,67,48,63,29,164,4,73,41,114,112,165,153,26,77,60,24,0,84,85,66,118,124,51,90,191,197,168,14,187,101,27,36,33,100,111,122,98,139,105,180,107,158,30,64,96,76,134,99,173,116,10,42,81,169,142,39,95,1,125,145,127,128,129,18,181,148,133,103,92,136,137,43,194,146,9,31,82,144,121,162,171,149,193,78,79,97,130,113,155,17,21,108,159,109,135,140,106,65,94,166,80,93,178,170,75,172,151,117,102,110,177,40,179,58,161,182,22,195,83,186,54,119,72,71,56,5,141,19,184,70,104,143,160,];False
6802;7995;14797;[198,174,190,32,189,87,6,61,38,163,199,49,12,185,167,15,16,156,147,196,192,150,20,23,176,3,157,183,37,138,126,115,25,74,34,35,152,28,8,154,13,46,188,55,44,45,131,47,68,123,50,86,52,91,69,88,53,59,11,57,132,7,175,62,120,89,2,67,48,63,29,164,4,73,41,114,112,165,153,26,77,60,24,0,84,85,66,118,124,51,90,191,197,168,14,187,101,27,36,33,100,111,122,98,139,39,180,107,158,30,64,96,76,134,99,173,116,10,42,81,169,142,105,95,1,125,145,127,128,129,18,181,148,133,103,92,136,137,43,194,146,9,31,82,144,121,162,171,149,193,78,151,97,130,113,155,17,21,108,159,109,135,140,106,65,94,166,80,93,178,170,75,172,79,117,102,110,177,40,179,58,161,182,22,195,83,186,54,119,72,71,56,5,141,19,184,70,104,143,160,];False
6795;7987;14782;[198,174,190,32,189,87,6,61,38,163,199,49,12,185,167,15,16,156,147,196,192,150,20,23,176,3,157,183,37,138,126,115,25,74,34,35,152,28,8,154,13,46,188,55,44,45,131,47,68,123,50,86,52,91,69,88,53,59,11,57,132,7,175,62,120,89,2,67,48,63,29,164,4,73,41,114,112,165,153,26,77,60,24,0,84,85,66,118,124,51,90,191,197,168,14,187,101,27,36,33,100,111,122,98,139,105,180,107,158,30,64,96,76,134,99,173,179,10,42,81,169,142,39,95,1,125,145,127,128,129,18,181,148,133,103,92,136,137,43,194,146,9,31,82,144,121,162,171,149,193,78,151,97,130,113,155,17,21,108,159,109,135,140,106,65,94,166,80,93,178,170,75,172,79,117,102,110,177,40,116,58,161,182,22,195,83,186,54,119,72,71,56,5,141,19,184,70,104,143,160,];False
6695;8080;14775;[198,174,190,32,189,94,6,61,38,163,199,49,12,185,167,15,16,156,147,196,192,150,20,23,176,3,157,183,37,138,126,115,25,74,34,35,93,28,8,154,13,46,188,55,44,45,131,47,68,123,50,86,52,91,69,88,53,59,11,57,132,7,175,62,120,89,2,67,48,63,29,164,4,73,41,114,112,165,153,26,77,60,24,0,84,85,66,118,124,51,90,191,197,168,14,187,101,27,36,33,100,111,122,98,139,105,180,107,158,30,64,96,76,134,99,173,116,10,42,81,169,142,39,95,1,125,145,127,128,129,18,181,148,133,103,143,104,137,43,194,146,9,31,82,144,121,162,171,149,193,78,151,97,130,113,155,17,21,108,159,109,135,140,106,65,87,166,80,152,22,170,75,172,79,117,102,110,177,40,179,58,161,182,178,195,83,186,54,119,72,71,56,5,141,19,184,70,136,92,160,];False
6756;8017;14773;[198,174,190,32,189,87,6,61,38,163,199,49,12,185,167,15,16,156,147,196,192,150,20,23,176,3,157,183,37,138,126,115,25,74,34,35,152,28,8,154,13,46,188,55,44,45,131,66,68,123,50,86,52,91,69,88,53,59,11,57,132,7,175,62,120,89,2,67,48,63,29,164,4,73,41,114,112,165,153,26,77,60,24,0,84,85,47,118,124,51,90,191,197,168,14,187,101,27,36,33,100,111,122,98,139,105,180,107,158,30,64,96,76,134,99,173,116,10,42,81,169,142,39,95,1,125,145,127,128,129,18,181,148,133,103,92,136,137,43,194,146,9,31,82,144,121,162,171,149,193,78,151,97,130,113,155,17,21,108,159,109,135,140,106,65,94,166,80,93,178,170,75,172,79,117,102,110,177,40,179,58,161,182,22,195,83,186,54,119,72,71,56,5,141,19,184,70,104,143,160,];False
6641;8132;14773;[198,174,190,32,189,87,6,61,38,163,199,49,12,185,167,15,16,156,147,196,192,150,20,23,176,3,157,183,37,138,126,115,25,74,34,35,152,28,8,154,13,46,188,55,44,45,131,47,68,123,50,86,52,91,69,88,53,59,11,57,132,7,175,62,120,89,2,67,48,63,29,164,4,73,41,17,112,165,153,26,77,60,24,0,84,85,66,118,124,51,90,191,197,168,14,187,101,27,36,33,100,111,122,98,139,105,180,107,158,30,64,96,76,134,99,173,116,10,42,81,169,142,39,95,1,125,145,127,128,129,18,181,148,133,103,92,136,137,43,194,146,9,31,82,144,121,162,171,149,193,78,151,97,130,113,155,114,21,108,159,109,135,140,106,65,94,166,80,93,22,170,75,172,79,117,102,110,177,40,179,58,161,182,178,195,83,186,54,119,72,71,56,5,141,19,184,70,104,143,160,];False
6761;8012;14773;[198,174,190,32,189,87,6,61,38,163,199,49,12,185,167,15,16,156,147,196,192,150,20,23,176,3,157,183,37,138,126,115,25,74,34,35,152,28,8,154,13,46,188,55,44,45,131,47,68,123,50,86,52,91,69,88,53,59,11,57,132,7,175,62,120,89,2,67,48,63,29,164,4,73,41,114,112,165,153,26,77,60,24,0,84,85,66,118,124,51,90,191,197,168,14,187,101,27,36,33,100,111,122,98,139,105,180,107,158,30,64,96,76,134,99,173,116,10,42,81,169,142,39,95,1,125,145,127,128,129,18,181,148,133,103,92,136,137,43,194,146,9,31,82,144,121,80,171,149,193,78,151,97,130,113,155,17,21,108,159,109,135,140,106,65,94,166,162,93,22,170,75,172,79,117,102,110,177,40,179,58,161,182,178,195,83,186,54,119,72,71,56,5,141,19,184,70,104,143,160,];False
6682;8083;14765;[198,174,190,32,189,94,6,61,38,163,199,49,12,185,167,15,16,156,147,196,192,150,20,23,176,3,157,183,37,138,126,115,25,74,34,35,152,28,8,154,13,46,188,55,44,45,131,47,68,123,50,86,52,91,69,88,53,59,11,57,132,7,175,62,120,89,2,67,48,63,29,164,4,73,41,114,112,165,153,26,77,60,24,0,84,85,66,118,124,51,90,191,197,168,14,187,101,27,36,33,100,111,122,98,139,105,180,107,158,149,64,96,76,134,99,173,116,10,42,81,169,142,39,95,1,125,145,127,128,129,18,181,148,133,103,143,136,137,43,194,146,9,31,82,144,121,162,171,30,193,78,151,97,130,113,155,17,21,108,159,109,135,140,106,65,87,166,80,93,22,170,75,172,79,117,102,110,177,40,179,58,161,182,178,195,83,186,54,119,72,71,56,5,141,19,184,70,104,92,160,];False
6754;8009;14763;[198,174,190,32,189,87,6,61,38,163,199,49,12,185,167,15,16,156,147,196,192,150,20,23,176,3,157,183,37,138,126,115,25,74,34,35,152,28,8,154,13,46,188,55,44,45,131,47,68,123,50,86,52,91,69,88,53,59,11,57,164,7,175,62,120,2,89,67,48,63,29,132,4,73,41,114,112,165,153,26,77,60,24,0,84,85,66,118,124,51,90,191,197,168,14,187,101,27,36,33,100,111,122,98,139,105,180,107,158,30,64,96,76,134,99,173,116,10,42,81,169,142,39,95,1,125,145,127,128,129,18,181,148,133,103,92,136,137,43,194,146,9,31,82,144,121,162,171,149,193,78,151,97,130,113,155,17,21,108,159,109,135,140,106,65,94,166,80,93,178,170,75,172,79,117,102,110,177,40,179,58,161,182,22,195,83,186,54,119,72,71,56,5,141,19,184,70,104,143,160,];False
6745;8015;14760;[198,174,190,32,189,87,6,61,38,163,199,49,12,185,167,15,16,156,147,196,192,150,20,23,176,3,157,183,37,138,126,115,25,74,34,35,152,28,8,154,13,46,188,55,44,45,131,47,68,123,50,86,52,91,69,88,53,59,11,57,132,7,175,62,120,89,2,67,48,63,29,164,4,73,41,114,112,165,153,26,77,60,24,0,84,85,66,118,124,51,90,191,197,168,14,187,101,27,36,33,100,111,122,98,139,105,180,107,158,30,64,96,76,134,99,173,116,10,42,81,169,142,39,95,1,125,145,127,128,129,18,181,148,133,103,92,136,137,43,194,146,9,31,82,144,121,162,171,149,193,78,151,97,130,113,155,17,21,108,159,109,135,140,106,65,94,166,80,93,22,170,75,172,79,117,102,110,177,40,179,58,161,182,178,195,83,186,54,119,72,71,56,5,141,70,184,19,104,143,160,];False
6655;8101;14756;[198,174,190,32,189,94,6,61,38,163,199,49,12,185,167,15,16,156,147,196,192,150,20,23,176,3,157,183,37,138,126,115,25,74,34,35,93,28,8,154,13,46,188,55,44,45,131,47,68,123,50,86,52,91,69,88,53,59,11,57,132,7,175,62,120,89,2,67,48,63,29,164,4,73,41,114,112,165,153,26,77,60,24,0,84,85,66,118,124,51,90,191,197,168,14,187,101,27,36,33,100,111,122,98,139,105,180,107,158,30,64,96,76,134,99,173,116,10,42,81,169,142,39,95,1,125,145,127,128,129,18,181,148,133,103,143,136,137,43,194,146,9,31,82,110,121,162,171,149,193,78,151,97,130,113,155,17,21,108,159,109,135,140,106,65,87,166,80,152,22,170,75,172,79,117,102,144,177,40,179,58,161,182,178,195,83,186,54,119,72,71,56,5,141,19,184,70,104,92,160,];False
6562;8188;14750;[198,174,190,32,189,94,6,61,38,163,199,49,12,185,167,15,16,156,147,196,192,150,20,23,176,3,157,183,37,138,126,115,25,74,34,35,93,28,8,154,13,46,188,55,44,45,131,47,68,123,50,86,52,91,69,88,53,59,11,57,132,7,175,62,120,89,2,67,48,110,29,164,4,73,41,114,112,165,153,26,77,60,24,0,84,85,66,118,124,51,90,191,197,168,14,187,101,27,36,33,100,111,122,98,139,105,180,107,158,30,64,96,76,134,99,173,116,10,42,81,169,142,39,95,1,125,145,127,128,129,18,181,148,133,103,143,136,137,43,194,146,9,31,82,144,121,162,171,149,193,78,151,97,130,113,155,17,21,108,159,109,135,140,106,65,87,166,80,152,22,170,75,172,79,117,102,63,177,40,179,58,161,182,178,195,83,186,54,119,72,71,56,5,141,19,184,70,104,92,160,];False
6752;7996;14748;[198,174,190,32,189,87,6,61,38,163,199,49,12,185,167,15,16,156,147,196,192,150,20,23,176,3,157,183,37,138,126,115,25,74,34,35,152,28,8,154,13,46,188,55,44,45,131,47,68,123,50,86,52,91,69,88,53,59,11,57,132,7,175,62,120,89,2,67,48,63,29,164,4,73,41,114,112,165,153,26,77,60,24,0,84,85,66,118,124,51,90,191,197,168,14,187,101,27,36,33,100,111,122,98,139,105,143,107,158,30,64,96,76,134,99,173,116,10,42,81,169,142,39,95,1,125,145,127,128,129,18,181,148,133,103,92,136,137,43,194,146,9,31,82,144,121,162,171,149,193,78,151,97,130,113,155,17,21,108,159,109,135,140,106,65,94,166,80,93,22,170,75,172,79,117,102,110,177,40,179,58,161,182,178,195,83,186,54,119,72,71,56,5,141,19,184,70,104,180,160,];False
6706;8035;14741;[198,145,190,32,189,87,6,61,38,163,199,49,12,185,167,15,16,156,147,196,192,150,20,23,176,3,157,183,37,138,126,115,25,74,34,35,152,28,8,154,13,46,188,55,44,45,131,47,68,123,50,86,52,91,69,88,53,59,11,57,132,7,175,62,120,89,2,67,48,63,29,164,4,73,41,114,112,165,153,26,77,60,24,0,84,85,66,118,124,51,90,191,197,168,14,187,101,27,36,33,100,111,122,98,139,105,180,107,158,30,64,96,76,134,99,173,116,10,42,81,169,142,39,95,1,125,174,127,128,129,18,181,148,133,103,92,136,137,43,194,146,9,31,82,144,121,162,171,149,193,78,151,97,130,113,155,17,21,108,159,109,135,140,106,65,94,166,80,93,22,170,75,172,79,117,102,110,177,40,179,58,161,182,178,195,83,186,54,119,72,71,56,5,141,19,184,70,104,143,160,];False
6809;7928;14737;[198,174,190,32,189,87,6,61,38,163,199,49,12,185,167,15,16,156,147,196,192,150,20,23,176,3,157,183,37,138,126,115,25,74,34,35,152,28,8,154,13,46,188,55,44,45,131,47,68,123,50,86,52,91,69,88,53,59,11,57,132,7,175,62,120,2,89,67,48,63,29,164,4,73,41,114,112,165,153,26,77,60,24,0,84,85,66,118,124,51,90,191,197,168,14,187,101,27,36,33,100,111,122,98,139,105,180,107,158,30,64,96,76,134,99,173,116,10,42,81,169,142,39,95,1,125,145,127,128,129,18,181,148,133,103,92,136,137,43,194,146,9,31,82,144,121,162,171,149,193,78,151,97,130,113,155,17,21,108,159,109,135,140,106,65,94,166,80,93,178,170,75,172,79,117,102,110,177,40,179,58,161,182,22,195,83,186,54,119,72,71,56,5,141,19,184,70,104,143,160,];True
6732;8003;14735;[198,174,190,32,189,87,6,61,38,163,199,49,12,185,167,15,16,156,147,196,192,150,20,23,176,3,157,183,37,138,126,115,25,39,34,35,152,28,8,154,13,46,188,55,44,45,131,47,68,123,50,86,52,91,69,88,53,59,11,57,132,7,175,62,120,89,2,67,48,63,29,164,4,73,41,114,112,165,153,26,77,60,24,0,84,85,66,118,124,51,90,191,197,168,14,187,101,27,36,33,100,111,122,98,139,105,180,107,158,30,64,96,76,134,99,173,116,10,42,81,169,142,74,95,1,125,145,127,128,129,18,181,148,133,103,92,136,137,43,194,146,9,31,82,144,121,162,171,149,193,78,151,97,130,113,155,17,21,108,159,109,135,140,106,65,94,166,80,93,178,170,75,172,79,117,102,110,177,40,179,58,161,182,22,195,83,186,54,119,72,71,56,5,141,19,184,70,104,143,160,];False
6719;7993;14712;[198,174,190,32,189,87,6,61,38,163,199,49,12,185,167,15,16,156,147,196,192,150,20,23,176,3,157,183,37,138,126,115,25,74,34,35,152,28,8,154,13,46,188,55,44,45,131,47,68,123,50,86,52,91,69,88,53,59,11,57,132,7,175,62,120,89,2,67,48,63,29,164,4,73,41,114,112,165,153,26,77,60,24,0,84,85,66,118,124,51,90,191,197,168,14,187,101,27,116,33,100,111,122,98,139,105,180,107,158,30,64,96,76,134,99,173,36,10,42,81,169,142,39,95,1,125,145,127,128,129,18,181,148,133,103,92,136,137,43,194,146,9,31,82,144,121,162,171,149,193,78,151,97,130,113,155,17,21,108,159,109,135,140,106,65,94,166,80,93,22,170,75,172,79,117,102,110,177,40,179,58,161,182,178,195,83,186,54,119,72,71,56,5,141,19,184,70,104,143,160,];True
6652;8059;14711;[198,174,190,32,189,87,6,61,38,163,199,49,12,185,167,15,16,156,147,196,192,150,20,23,176,3,157,183,37,138,126,115,25,74,34,35,152,28,8,154,13,46,188,55,44,45,131,47,68,123,50,86,52,91,69,88,53,59,11,57,132,7,175,62,120,89,2,67,48,63,29,164,4,73,41,114,112,165,153,26,77,60,24,0,84,85,66,118,124,51,133,191,197,168,14,187,101,27,36,33,100,111,122,98,139,105,180,107,158,30,64,96,76,134,99,173,116,10,42,81,169,142,39,95,1,125,145,127,128,129,18,181,148,90,103,92,136,137,43,194,146,9,31,82,144,121,162,171,149,193,78,151,97,130,113,155,17,21,108,159,109,135,140,106,65,94,166,80,93,22,170,75,172,79,117,102,110,177,40,179,58,161,182,178,195,83,186,54,119,72,71,56,5,141,19,184,70,104,143,160,];False
6615;8090;14705;[198,174,190,32,189,94,6,61,38,163,199,49,12,185,167,15,16,156,147,196,192,150,20,23,176,3,157,183,37,138,126,115,25,74,34,35,152,28,8,154,13,46,188,55,44,45,131,47,68,123,50,86,52,91,69,76,53,59,11,57,132,7,175,62,120,89,2,67,48,63,29,164,4,73,41,114,112,165,153,26,77,60,24,0,84,85,66,118,124,51,90,191,197,168,14,187,101,27,36,33,100,111,122,98,139,105,180,107,158,30,64,96,88,134,99,173,116,10,42,81,169,142,39,95,1,125,145,127,128,129,18,181,148,133,103,143,136,137,43,194,146,9,31,82,144,121,162,171,149,193,78,151,97,130,113,155,17,21,108,159,109,135,140,106,65,87,166,80,93,22,170,75,172,79,117,102,110,177,40,179,58,161,182,178,195,83,186,54,119,72,71,56,5,141,19,184,70,104,92,160,];False
6749;7953;14702;[198,174,190,32,189,87,6,61,38,163,199,49,12,185,167,15,16,156,147,196,192,150,20,23,176,3,157,183,37,138,126,115,25,74,34,35,152,28,8,154,13,46,188,55,44,45,131,47,68,123,50,86,52,91,69,88,53,59,11,57,132,7,175,62,120,89,2,67,48,63,29,164,4,73,41,114,112,165,153,26,77,60,24,0,84,85,66,118,124,51,90,191,197,168,14,187,101,27,36,33,100,111,122,98,139,105,180,107,158,30,64,96,76,134,99,173,116,10,42,81,169,142,39,95,1,125,145,127,128,129,18,181,148,133,103,92,136,137,43,194,146,9,31,82,144,121,162,171,149,193,78,151,97,130,113,155,17,21,108,159,109,135,140,106,65,94,166,80,93,178,170,75,172,79,117,102,110,177,40,179,58,161,182,22,195,83,186,54,119,72,71,56,5,141,19,184,70,104,143,160,];True
6628;8073;14701;[198,174,190,32,189,94,6,61,38,163,199,49,12,185,167,15,16,156,147,196,192,150,20,23,176,3,157,183,37,138,126,115,25,35,34,74,93,28,8,154,13,46,188,55,44,45,131,47,68,123,50,86,52,91,69,88,53,59,11,57,132,7,175,62,120,89,2,67,48,63,29,164,4,73,41,114,112,165,153,26,77,60,24,0,84,85,66,118,124,51,90,191,197,168,14,187,101,27,36,33,100,111,122,98,139,105,180,107,158,30,64,96,76,134,99,173,116,10,42,81,169,142,39,95,1,125,145,127,128,129,18,181,148,133,103,143,136,137,43,194,146,9,31,82,144,121,162,171,149,193,78,151,97,130,113,155,17,21,108,159,109,135,140,106,65,87,166,80,152,22,170,75,172,79,117,102,110,177,40,179,58,161,182,178,195,83,186,54,119,72,71,56,5,141,19,184,70,104,92,160,];False
6665;8030;14695;[198,174,190,32,189,94,6,61,38,163,199,49,12,185,167,15,16,156,147,196,192,150,20,23,176,3,157,183,37,138,126,115,25,74,34,35,152,28,8,154,10,46,188,55,44,45,131,47,68,123,50,86,52,91,69,88,53,59,11,57,132,7,175,62,120,89,2,67,48,63,29,164,4,73,41,114,112,165,153,26,77,60,24,0,84,85,66,118,124,51,90,191,197,168,14,187,101,27,36,33,100,111,122,98,139,105,180,107,158,30,64,96,76,134,99,173,116,13,42,81,169,142,39,95,1,125,145,127,128,129,18,181,148,133,103,143,136,137,43,194,146,9,31,82,144,121,162,171,149,193,78,151,97,130,113,155,17,21,108,159,109,135,140,106,65,87,166,80,93,22,170,75,172,79,117,102,110,177,40,179,58,161,182,178,195,83,186,54,119,72,71,56,5,141,19,184,70,104,92,160,];False
6561;8131;14692;[198,174,190,32,189,94,6,61,38,163,199,49,12,185,167,15,16,156,147,196,192,150,20,23,176,3,157,183,37,138,126,115,25,74,34,35,93,28,8,154,13,46,188,55,44,45,51,47,68,123,50,86,52,91,69,88,53,59,11,57,132,7,175,62,120,89,2,67,48,63,29,164,4,73,41,114,112,165,153,26,77,60,24,0,84,85,66,118,124,131,90,191,197,168,14,187,101,27,36,33,100,111,122,98,139,105,180,107,158,30,64,96,76,134,99,173,116,10,42,81,169,142,39,95,1,125,145,127,128,129,18,181,148,133,103,143,136,137,43,194,146,9,31,82,144,121,162,171,149,193,78,151,97,130,113,155,17,21,108,159,109,135,140,106,65,87,166,80,152,22,170,75,172,79,117,102,110,177,40,179,58,161,182,178,195,83,186,54,119,72,71,56,5,141,19,184,70,104,92,160,];False
6565;8113;14678;[198,174,190,32,189,94,6,61,38,163,199,49,12,185,167,15,16,156,147,196,192,150,20,23,176,3,157,183,37,138,126,115,25,74,34,35,93,28,8,154,13,46,188,55,44,45,131,47,68,123,50,86,52,91,69,88,53,59,11,57,132,7,175,62,120,89,2,67,48,63,29,164,4,73,41,114,112,165,153,26,77,60,24,0,84,85,66,118,124,51,90,191,197,168,14,187,101,27,36,33,100,111,122,98,139,105,180,107,158,30,64,72,76,134,99,173,116,10,42,81,169,142,39,95,1,125,145,127,128,129,18,181,148,133,103,143,136,137,43,194,146,9,31,82,144,121,162,171,149,193,78,151,97,130,113,155,17,21,108,159,109,135,140,106,65,87,166,80,152,22,170,75,172,79,117,102,110,177,40,179,58,161,182,178,195,83,186,54,119,96,71,56,5,141,19,184,70,104,92,160,];False
6583;8093;14676;[198,174,190,32,189,94,6,61,38,163,199,49,12,185,167,15,16,156,147,196,192,150,20,23,176,3,157,183,37,138,126,115,25,74,34,35,93,28,8,154,13,46,188,55,44,45,131,47,68,123,50,86,52,91,69,88,53,59,11,57,132,7,175,62,120,89,2,67,48,63,29,164,4,73,41,114,112,165,153,26,77,60,24,0,84,85,66,118,124,51,90,191,197,168,14,187,101,27,36,33,100,111,122,98,139,105,180,107,158,30,64,96,76,134,99,173,116,10,42,81,169,142,39,127,1,125,145,95,128,129,18,181,148,133,103,143,136,137,43,194,146,9,31,82,144,121,162,171,149,193,78,151,97,130,113,155,17,21,108,159,109,135,140,106,65,87,166,80,152,22,170,75,172,79,117,102,110,177,40,179,58,161,182,178,195,83,186,54,119,72,71,56,5,141,19,184,70,104,92,160,];False
6603;8069;14672;[198,174,190,32,189,94,6,61,38,163,199,49,12,185,167,15,16,156,147,196,192,150,20,23,176,3,157,183,37,138,126,115,25,74,34,35,152,28,8,154,13,46,188,55,44,45,131,47,68,123,50,9,52,91,69,88,53,59,11,57,132,7,175,62,120,89,2,67,48,63,29,164,4,73,41,114,112,165,153,26,77,60,24,0,84,85,66,118,124,51,90,191,197,168,14,187,101,27,36,33,100,111,122,98,139,105,180,107,158,30,64,96,76,134,99,173,116,10,42,81,169,142,39,95,1,125,145,127,128,129,18,181,148,133,103,143,136,137,43,194,146,86,31,82,144,121,162,171,149,193,78,151,97,130,113,155,17,21,108,159,109,135,140,106,65,87,166,80,93,22,170,75,172,79,117,102,110,177,40,179,58,161,182,178,195,83,186,54,119,72,71,56,5,141,19,184,70,104,92,160,];False
6601;8050;14651;[198,174,190,32,189,94,6,61,38,163,111,49,12,185,167,15,16,156,147,196,192,150,20,23,176,3,157,183,37,138,126,115,25,74,34,35,152,28,8,154,13,46,188,55,44,45,131,47,68,123,50,86,52,91,69,88,53,59,11,57,132,7,175,62,120,89,2,67,48,63,29,164,4,73,41,114,112,165,153,26,77,60,24,0,84,85,66,118,124,51,90,191,197,168,14,187,101,27,36,33,100,199,122,98,139,105,180,107,158,30,64,96,76,134,99,173,116,10,42,81,169,142,39,95,1,125,145,127,128,129,18,181,148,133,103,143,136,137,43,194,146,9,31,82,144,121,162,171,149,193,78,151,97,130,113,155,17,21,108,159,109,135,140,106,65,87,166,80,93,22,170,75,172,79,117,102,110,177,40,179,58,161,182,178,195,83,186,54,119,72,71,56,5,141,19,184,70,104,92,160,];False
6508;8136;14644;[198,174,190,32,189,94,6,61,38,163,199,49,12,185,167,15,16,156,147,196,192,150,20,23,176,3,157,183,37,138,126,115,25,74,34,35,93,28,8,154,13,46,188,55,44,45,131,47,68,123,50,86,52,91,69,88,53,59,11,57,132,7,175,62,120,89,2,67,48,63,29,164,4,73,41,114,112,165,153,26,77,60,24,0,84,85,66,118,124,51,90,191,197,168,14,187,56,27,36,33,100,111,122,98,139,105,180,107,158,30,64,96,76,134,99,173,116,10,42,81,169,142,39,95,1,125,145,127,128,129,18,181,148,133,103,143,136,137,43,194,146,9,31,82,144,121,162,171,149,193,78,151,97,130,113,155,17,21,108,159,109,135,140,106,65,87,166,80,152,22,170,75,172,79,117,102,110,177,40,179,58,161,182,178,195,83,186,54,119,72,71,101,5,141,19,184,70,104,92,160,];False
6609;8032;14641;[198,174,190,32,189,94,6,61,38,163,199,49,12,185,167,15,16,156,147,196,192,150,20,23,176,3,157,183,37,138,135,115,25,74,34,35,93,28,8,154,13,46,188,55,44,45,131,47,68,123,50,86,52,91,69,88,53,59,11,57,132,7,175,62,120,89,2,67,48,63,29,164,4,73,41,114,112,165,153,26,77,60,24,0,84,85,66,118,124,51,90,191,197,168,14,187,101,27,36,33,100,111,122,98,139,105,180,107,158,30,64,96,76,134,99,173,116,10,42,81,169,142,39,95,1,125,145,127,128,129,18,181,148,133,103,143,136,137,43,194,146,9,31,82,144,121,162,171,149,193,78,151,97,130,113,155,17,21,108,159,109,126,140,106,65,87,166,80,152,22,170,75,172,79,117,102,110,177,40,179,58,161,182,178,195,83,186,54,119,72,71,56,5,141,19,184,70,104,92,160,];False
6638;7996;14634;[198,174,190,32,189,87,6,61,38,163,199,49,12,185,167,15,16,156,147,196,192,150,20,23,176,3,157,183,37,138,126,115,25,74,34,35,152,28,8,154,13,46,188,55,44,45,131,47,68,123,50,86,52,91,69,88,53,59,11,57,132,7,175,62,120,89,2,67,48,63,29,164,4,73,41,114,112,165,153,26,77,60,24,0,84,85,66,118,124,51,90,191,197,168,14,187,101,27,36,33,100,111,122,98,139,105,180,107,158,30,64,96,76,134,99,173,116,10,42,81,169,142,39,95,1,125,145,127,128,129,18,181,148,133,103,92,136,137,43,194,146,9,31,82,144,121,162,171,149,193,78,151,97,130,113,155,17,21,108,159,109,135,140,106,65,94,166,80,93,22,170,75,172,79,117,102,110,177,40,179,58,161,182,178,195,83,186,54,119,72,71,56,5,141,19,184,70,104,143,160,];True
6566;8068;14634;[198,174,190,32,189,94,6,61,38,163,199,49,12,185,167,15,16,156,147,196,192,150,20,23,176,3,157,183,37,138,126,115,25,74,34,35,93,28,8,154,13,46,188,55,44,45,131,47,68,123,50,86,52,91,69,88,53,59,11,57,132,7,175,62,120,130,2,67,48,63,29,164,4,73,41,114,112,165,153,26,77,60,24,0,84,85,66,118,124,51,90,191,197,168,14,187,101,27,36,33,100,111,122,98,139,105,180,107,158,30,64,96,76,134,99,173,116,10,42,81,169,142,39,95,1,125,145,127,128,129,18,181,148,133,103,143,136,137,43,194,146,9,31,82,144,121,162,171,149,193,78,151,97,89,113,155,17,21,108,159,109,135,140,106,65,87,166,80,152,22,170,75,172,79,117,102,110,177,40,179,58,161,182,178,195,83,186,54,119,72,71,56,5,141,19,184,70,104,92,160,];False
6500;8133;14633;[198,174,190,32,189,94,6,61,38,163,199,49,12,185,167,15,16,156,147,196,192,150,20,23,176,3,157,183,37,138,126,115,25,74,34,35,93,28,8,154,13,46,188,55,44,45,131,47,68,123,50,86,52,91,69,88,53,59,11,57,132,7,175,62,120,89,2,67,48,63,29,164,4,73,41,114,112,165,153,26,77,60,24,0,84,85,66,118,124,51,90,191,197,168,14,187,101,27,36,33,100,111,122,98,139,186,180,107,158,30,64,96,76,134,99,173,116,10,42,81,169,142,39,95,1,125,145,127,128,129,18,181,148,133,103,143,136,137,43,194,146,9,31,82,144,121,162,171,149,193,78,151,97,130,113,155,17,21,108,159,109,135,140,106,65,87,166,80,152,22,170,75,172,79,117,102,110,177,40,179,58,161,182,178,195,83,105,54,119,72,71,56,5,141,19,184,70,104,92,160,];False
6455;8177;14632;[198,174,190,32,189,94,6,61,38,163,199,49,12,185,167,15,16,156,147,196,192,150,20,23,176,3,157,183,37,138,126,115,25,74,34,35,93,28,8,154,13,46,188,55,44,45,131,47,68,123,50,86,52,91,69,88,53,59,11,57,132,7,175,62,120,89,2,67,48,63,29,164,4,73,41,114,112,165,153,26,77,60,24,0,84,85,66,118,124,51,90,191,197,168,14,187,128,27,36,33,100,111,122,98,139,105,180,107,158,30,64,108,76,134,99,173,116,10,42,81,169,142,97,95,1,125,145,127,101,129,18,181,148,133,103,143,136,137,43,194,146,9,31,82,144,121,162,171,149,193,78,151,39,130,113,155,17,21,96,159,109,135,140,106,65,87,166,80,152,22,170,75,172,79,117,102,110,177,40,179,58,161,182,178,195,83,186,54,119,72,71,56,5,141,19,184,70,104,92,160,];False
6545;8078;14623;[198,174,190,32,189,94,6,61,38,163,199,49,12,185,167,15,16,156,147,196,192,150,20,23,115,3,157,183,37,138,126,176,25,74,34,35,93,28,8,154,13,46,188,55,44,45,131,47,68,123,50,86,52,91,69,88,53,59,11,57,132,7,175,62,120,89,2,67,48,63,29,164,4,73,41,114,112,165,153,26,77,60,24,0,84,85,66,118,124,51,90,191,197,168,14,187,128,27,36,33,100,111,122,98,139,105,180,107,158,30,64,96,76,134,99,173,116,10,42,81,169,142,39,95,1,125,145,127,101,129,18,181,148,133,103,143,136,137,43,194,146,9,31,82,144,121,162,171,149,193,78,151,97,130,113,155,17,21,108,159,109,135,140,106,65,87,166,80,152,22,170,75,172,79,117,102,110,177,40,179,58,161,182,178,195,83,186,54,119,72,71,56,5,141,19,184,70,104,92,160,];False
6556;8066;14622;[198,174,190,32,189,94,6,61,38,163,199,49,12,185,167,15,16,156,147,196,192,150,20,23,176,3,157,183,37,138,126,115,25,74,34,35,152,28,8,154,13,46,188,148,44,45,131,47,68,123,50,86,52,91,69,88,53,59,11,57,132,7,175,62,120,89,2,67,48,63,29,164,4,73,41,114,112,165,153,26,77,60,24,0,84,85,66,118,124,51,90,191,197,168,14,187,101,27,36,33,100,111,122,98,139,105,180,107,158,30,64,96,76,134,99,173,116,10,42,81,169,142,39,95,1,125,145,127,128,129,18,181,55,133,103,143,136,137,43,194,146,9,31,82,144,121,162,171,149,193,78,151,97,130,113,155,17,21,108,159,109,135,140,106,65,87,166,80,93,22,170,75,172,79,117,102,110,177,40,179,58,161,182,178,195,83,186,54,119,72,71,56,5,141,19,184,70,104,92,160,];False
6534;8086;14620;[198,174,190,32,189,94,6,61,38,163,199,49,12,185,167,15,16,156,147,196,192,150,20,23,176,3,18,183,37,138,126,115,25,74,34,35,93,28,8,154,13,46,188,55,44,45,131,47,68,123,50,86,52,91,69,88,53,59,11,57,132,7,175,62,120,89,2,67,48,63,29,164,4,73,41,114,112,165,153,26,77,60,24,0,84,85,66,118,124,51,90,191,197,168,14,187,101,27,36,33,100,111,122,98,139,105,180,107,158,30,64,96,76,134,99,173,116,10,42,81,169,142,39,95,1,125,145,127,128,129,157,181,148,133,103,143,136,137,43,194,146,9,31,82,144,121,162,171,149,193,78,151,97,130,113,155,17,21,108,159,109,135,140,106,65,87,166,80,152,22,170,75,172,79,117,102,110,177,40,179,58,161,182,178,195,83,186,54,119,72,71,56,5,141,19,184,70,104,92,160,];False
6537;8082;14619;[198,174,190,32,189,94,6,61,38,163,199,49,12,185,167,15,16,156,147,196,192,150,20,23,176,3,157,183,37,138,126,115,25,74,34,35,93,28,8,154,13,46,188,55,44,45,131,47,68,123,50,86,52,91,69,88,53,59,11,57,132,7,175,62,120,89,2,67,48,63,29,164,4,73,41,114,112,165,153,26,77,60,24,0,84,85,66,118,124,51,90,191,54,168,14,187,101,27,36,33,100,111,122,98,139,105,180,107,158,30,64,96,76,134,99,173,116,10,42,81,169,142,39,95,1,125,145,127,128,129,18,181,148,133,103,143,136,137,43,194,146,9,31,82,144,121,162,171,149,193,78,151,97,130,113,155,17,21,108,159,109,135,140,106,65,87,166,80,152,22,170,75,172,79,117,102,110,177,40,179,58,161,182,178,195,83,186,197,119,72,71,56,5,141,19,184,70,104,92,160,];False
6560;8058;14618;[198,174,190,32,189,94,6,61,38,163,199,49,12,185,167,15,16,156,147,196,192,150,20,23,176,3,157,183,37,138,126,115,25,74,34,35,152,28,8,154,13,46,188,55,44,45,131,47,68,123,50,86,52,91,69,88,53,59,11,57,132,7,175,62,120,89,2,67,48,63,29,164,4,73,41,114,112,165,153,26,77,60,24,0,84,85,66,118,124,51,90,191,197,168,14,187,101,27,36,33,100,111,122,98,139,105,180,107,158,30,64,96,76,134,99,173,80,10,42,81,169,142,39,95,1,125,145,127,128,129,18,181,148,133,103,143,136,137,43,194,146,9,31,82,144,121,162,171,149,193,78,151,97,130,113,155,17,21,108,159,109,135,140,106,65,87,166,116,93,22,170,75,172,79,117,102,110,177,40,179,58,161,182,178,195,83,186,54,119,72,71,56,5,141,19,184,70,104,92,160,];False
6525;8092;14617;[198,174,190,32,189,94,6,61,38,163,199,49,12,185,167,15,16,156,147,196,192,150,20,23,176,3,157,183,37,138,126,115,25,74,34,35,93,28,8,154,13,46,188,52,44,45,131,47,68,123,50,86,55,91,69,88,53,59,11,57,132,7,175,62,120,89,2,67,48,63,29,164,4,73,41,114,112,165,153,26,77,60,24,0,84,85,66,118,124,51,90,191,197,168,14,187,101,27,36,33,100,111,122,98,139,105,180,107,158,30,64,96,76,134,99,173,116,10,42,81,169,142,39,95,1,125,145,127,128,129,18,181,148,133,103,143,136,137,43,194,146,9,31,82,144,121,162,171,149,193,78,151,97,130,113,155,17,21,108,159,109,135,140,106,65,87,166,80,152,22,170,75,172,79,117,102,110,177,40,179,58,161,182,178,195,83,186,54,119,72,71,56,5,141,19,184,70,104,92,160,];False
6582;8031;14613;[198,174,190,32,189,94,6,61,38,163,199,49,12,185,167,15,16,156,147,196,192,150,20,23,176,3,157,183,37,138,126,115,25,74,34,35,11,28,8,154,13,46,188,55,44,45,131,47,68,123,50,86,52,91,69,88,53,59,93,57,132,7,175,62,120,89,2,67,48,63,29,164,4,73,41,114,112,165,153,26,77,60,24,0,84,85,66,118,124,51,90,191,197,168,14,187,101,27,36,33,100,111,122,98,139,105,180,107,158,30,64,96,76,134,99,173,116,10,42,81,169,142,39,95,1,125,145,127,128,129,18,181,148,133,103,143,136,137,43,194,146,9,31,82,144,121,162,171,149,193,78,151,97,130,113,155,17,21,108,159,109,135,140,106,65,87,166,80,152,22,170,75,172,79,117,102,110,177,40,179,58,161,182,178,195,83,186,54,119,72,71,56,5,141,19,184,70,104,92,160,];False
6529;8077;14606;[198,174,190,32,189,94,6,61,38,163,199,49,12,185,167,15,152,156,147,196,192,150,20,23,176,3,157,183,37,138,126,115,25,74,34,35,93,28,8,154,13,46,188,55,44,45,131,47,68,123,50,86,52,91,69,88,53,59,11,57,132,7,175,62,120,89,2,67,48,63,29,164,4,73,41,114,112,165,153,26,77,60,24,0,84,85,66,118,124,51,90,191,197,168,14,187,101,27,36,33,100,111,122,98,139,105,180,107,158,30,64,96,76,134,99,173,116,10,42,81,169,142,39,95,1,125,145,127,128,129,18,181,148,133,103,143,136,137,43,194,146,9,31,82,144,121,162,171,149,193,78,151,97,130,113,155,17,21,108,159,109,135,140,106,65,87,166,80,16,22,170,75,172,79,117,102,110,177,40,179,58,161,182,178,195,83,186,54,119,72,71,56,5,141,19,184,70,104,92,160,];False
6504;8097;14601;[198,174,190,32,189,94,6,61,38,163,199,49,12,185,167,15,16,156,147,196,192,150,20,23,176,3,157,183,37,138,126,115,25,74,34,35,152,28,8,154,13,46,188,55,44,45,131,47,169,123,50,86,52,91,69,88,53,59,11,57,132,7,175,62,120,89,2,67,48,63,29,164,4,73,41,114,112,165,153,26,77,60,24,0,84,85,66,118,124,51,90,191,197,168,14,187,101,27,36,33,100,111,122,98,139,105,180,107,158,30,64,96,76,134,99,173,116,10,42,81,68,142,39,95,1,125,145,127,128,129,18,181,148,133,103,143,136,137,43,194,146,9,31,82,144,121,162,171,149,193,78,151,97,130,113,155,17,21,108,159,109,135,140,106,65,87,166,80,93,22,170,75,172,79,117,102,110,177,40,179,58,161,182,178,195,83,186,54,119,72,71,56,5,141,19,184,70,104,92,160,];False
6541;8060;14601;[198,174,190,32,189,94,193,61,38,163,199,49,12,185,167,15,16,156,147,196,192,150,20,23,176,3,157,183,37,138,126,115,25,74,34,35,152,28,8,154,13,46,188,55,44,45,131,47,68,123,50,86,52,91,69,88,53,59,11,57,132,7,175,62,120,89,2,67,48,63,29,164,4,73,41,114,112,165,153,26,77,60,24,0,84,85,66,118,124,51,90,191,197,168,14,187,101,27,36,33,100,111,122,98,139,105,180,107,158,30,64,96,76,134,99,173,116,10,42,81,169,142,39,95,1,125,145,127,128,129,18,181,148,133,103,143,136,137,43,194,146,9,31,82,144,121,162,171,149,6,78,151,97,130,113,155,17,21,108,159,109,135,140,106,65,87,166,80,93,22,170,75,172,79,117,102,110,177,40,179,58,161,182,178,195,83,186,54,119,72,71,56,5,141,19,184,70,104,92,160,];False
6464;8136;14600;[198,174,190,32,189,94,6,61,38,163,199,49,12,185,167,15,16,156,147,196,192,150,20,23,176,3,157,183,37,138,126,115,25,74,34,35,93,28,8,154,13,46,188,55,44,45,131,47,68,123,50,63,52,91,69,88,53,59,11,57,132,7,175,62,120,89,2,67,48,86,29,164,4,73,41,114,112,165,153,26,77,60,24,0,84,85,66,118,124,51,90,191,197,168,14,187,128,27,36,33,100,111,122,98,139,105,180,107,158,30,64,96,76,134,99,173,116,10,42,81,169,142,97,95,1,125,145,127,101,129,18,181,148,133,103,143,136,137,43,194,146,9,31,82,144,121,162,171,149,193,78,151,39,130,113,155,17,21,108,159,109,135,140,106,65,87,166,80,152,22,170,75,172,79,117,102,110,177,40,179,58,161,182,178,195,83,186,54,119,72,71,56,5,141,19,184,70,104,92,160,];False
6537;8063;14600;[198,174,190,32,189,94,6,61,38,163,199,49,12,185,167,15,16,156,147,196,192,150,20,23,176,3,157,183,37,138,126,115,25,74,34,35,93,28,8,154,13,46,188,55,44,45,131,47,68,123,50,86,52,91,69,88,53,59,11,57,132,7,175,62,120,89,2,67,133,63,29,164,4,73,41,114,112,165,153,26,77,60,24,0,84,85,66,118,124,51,90,191,197,168,14,187,101,27,36,33,100,111,122,98,139,105,180,107,158,30,64,96,76,134,99,173,116,10,42,81,169,142,39,95,1,125,145,127,128,129,18,181,148,48,103,143,136,137,43,194,146,9,31,82,144,121,162,171,149,193,78,151,97,130,113,155,17,21,108,159,109,135,140,106,65,87,166,80,152,22,170,75,172,79,117,102,110,177,40,179,58,161,182,178,195,83,186,54,119,72,71,56,5,141,19,184,70,104,92,160,];False
6471;8129;14600;[198,174,190,32,189,94,6,61,38,163,199,49,12,185,167,15,16,156,147,196,192,150,20,23,176,3,157,79,37,138,126,115,25,74,34,35,152,28,8,154,13,46,188,55,44,45,131,47,68,123,50,86,52,91,69,88,53,59,11,57,132,7,175,62,120,89,2,67,48,63,29,164,4,73,41,114,112,165,153,26,77,60,24,0,84,85,66,118,124,51,90,191,197,168,14,187,101,27,36,33,100,111,122,98,139,105,180,107,158,30,64,96,76,134,99,173,116,10,42,81,169,142,39,95,1,125,145,127,128,129,18,181,148,133,103,143,136,137,43,194,146,9,31,82,144,121,162,171,149,193,78,151,97,130,113,155,17,21,108,159,109,135,140,106,65,87,166,80,93,22,170,75,172,183,117,102,110,177,40,179,58,161,182,178,195,83,186,54,119,72,71,56,5,141,19,184,70,104,92,160,];False
6523;8077;14600;[198,174,190,32,189,94,6,61,38,163,199,49,12,185,167,15,16,156,147,196,192,150,20,23,176,3,157,183,37,138,126,115,25,74,34,35,93,28,8,154,13,46,188,55,44,45,131,47,68,123,50,86,52,91,69,88,53,59,11,57,132,7,175,62,120,89,2,67,48,63,29,164,4,73,41,114,112,165,153,26,77,60,24,0,84,85,66,118,124,51,90,191,197,168,14,187,101,27,36,33,100,111,122,98,139,105,180,107,158,30,64,96,76,134,99,173,116,10,182,81,169,142,39,95,1,125,145,127,128,129,18,181,148,133,103,143,136,137,43,194,146,9,31,82,144,121,162,171,149,193,78,151,97,130,113,155,17,21,108,159,109,135,140,106,65,87,166,80,152,22,170,75,172,79,117,102,110,177,40,179,58,161,42,178,195,83,186,54,119,72,71,56,5,141,19,184,70,104,92,160,];False
6531;8059;14590;[198,174,190,32,189,94,6,61,38,163,199,49,12,185,167,15,16,156,147,196,192,150,20,23,176,3,157,183,37,138,126,115,25,74,34,35,93,28,8,154,13,46,188,55,44,45,131,47,68,123,50,86,52,91,69,88,53,59,11,57,132,7,175,62,120,89,2,67,48,63,29,164,4,73,41,114,112,165,153,26,77,60,24,0,84,85,66,118,124,51,90,191,197,168,14,187,128,27,36,33,100,111,122,98,139,105,180,107,158,30,64,96,76,134,99,173,116,10,42,81,169,142,39,95,1,125,145,127,101,129,18,181,148,133,103,143,136,137,43,194,146,9,31,82,144,121,162,171,149,193,78,151,97,130,113,155,17,21,108,159,109,135,140,106,56,87,166,80,152,22,170,75,172,79,117,102,110,177,40,179,58,161,182,178,195,83,186,54,119,72,71,65,5,141,19,184,70,104,92,160,];False
6578;8011;14589;[198,174,190,32,189,87,6,61,38,163,199,49,12,185,167,15,16,156,147,196,192,150,20,23,176,3,157,183,37,138,126,115,25,74,34,35,152,28,8,154,13,46,188,55,44,45,131,47,68,123,50,86,52,91,69,88,53,59,11,57,132,7,175,62,120,89,2,67,48,63,29,164,4,73,41,114,112,165,153,26,77,60,24,0,84,85,66,118,124,51,90,191,197,168,14,187,101,27,36,33,100,111,122,98,139,105,180,107,158,30,64,96,76,134,99,173,116,10,42,81,169,142,39,95,1,125,145,127,128,129,18,181,148,133,103,143,136,137,43,194,146,9,31,82,144,121,162,171,149,193,78,151,97,130,113,155,17,21,108,159,109,135,140,106,65,94,166,80,93,22,170,75,172,79,117,102,110,177,40,179,58,161,182,178,195,83,186,54,119,72,71,56,5,141,19,184,70,104,92,160,];True
6512;8072;14584;[198,174,190,32,189,94,6,61,38,163,199,49,12,185,167,15,16,156,147,196,192,150,20,23,176,3,157,183,37,138,126,115,25,74,34,35,93,28,8,154,13,46,188,55,44,45,131,47,68,123,50,86,52,91,69,88,53,59,11,57,132,7,175,62,120,89,2,67,48,63,29,164,197,73,41,114,112,165,153,26,77,60,24,0,84,85,66,118,124,51,90,191,4,168,14,187,101,27,36,33,100,111,122,98,139,105,180,107,158,30,64,96,76,134,99,173,116,10,42,81,169,142,39,95,1,125,145,127,128,129,18,181,148,133,103,143,136,137,43,194,146,9,31,82,144,121,162,171,149,193,78,151,97,130,113,155,17,21,108,159,109,135,140,106,65,87,166,80,152,22,170,75,172,79,117,102,110,177,40,179,58,161,182,178,195,83,186,54,119,72,71,56,5,141,19,184,70,104,92,160,];False
6536;8047;14583;[198,174,190,32,189,94,6,61,38,163,199,49,12,185,167,15,16,156,147,196,192,150,20,23,176,3,157,155,37,138,126,115,25,74,34,35,152,28,8,154,13,46,188,55,44,45,131,47,68,123,50,86,52,91,69,88,53,59,11,57,132,7,175,62,120,89,2,67,48,63,29,164,4,73,41,114,112,165,153,26,77,60,24,0,84,85,66,118,124,51,90,191,197,168,14,187,101,27,36,33,100,111,122,98,139,105,180,107,158,30,64,96,76,134,99,173,116,10,42,81,169,142,39,95,1,125,145,127,128,129,18,181,148,133,103,143,136,137,43,194,146,9,31,82,144,121,162,171,149,193,78,151,97,130,113,183,17,21,108,159,109,135,140,106,65,87,166,80,93,22,170,75,172,79,117,102,110,177,40,179,58,161,182,178,195,83,186,54,119,72,71,56,5,141,19,184,70,104,92,160,];False
6528;8044;14572;[198,174,190,32,189,94,6,61,38,163,199,49,12,185,167,15,16,156,147,196,192,150,103,23,176,3,157,183,37,138,126,115,25,74,34,35,152,28,8,154,13,46,188,55,44,45,131,47,68,123,50,86,52,91,69,88,53,59,11,57,132,7,175,62,120,89,2,67,48,63,29,164,4,73,41,114,112,165,153,26,77,60,24,0,84,85,66,118,124,51,90,191,197,168,14,187,101,27,36,33,100,111,122,98,139,105,180,107,158,30,64,96,76,134,99,173,116,10,42,81,169,142,39,95,1,125,145,127,128,129,18,181,148,133,20,143,136,137,43,194,146,9,31,82,144,121,162,171,149,193,78,151,97,130,113,155,17,21,108,159,109,135,140,106,65,87,166,80,93,22,170,75,172,79,117,102,110,177,40,179,58,161,182,178,195,83,186,54,119,72,71,56,5,141,19,184,70,104,92,160,];False
6501;8064;14565;[198,174,190,32,189,94,6,61,38,163,199,86,12,185,167,15,16,156,147,196,192,150,20,23,176,3,157,183,37,138,126,115,25,74,34,35,93,28,8,154,13,46,188,55,44,45,131,47,68,123,50,49,52,91,69,88,53,59,11,57,132,7,175,62,120,89,2,67,48,63,29,164,4,73,41,114,112,165,153,26,77,60,24,0,84,85,66,118,124,51,90,191,197,168,14,187,128,27,36,33,100,111,122,98,139,105,180,107,158,30,64,96,76,134,99,173,116,10,42,81,169,142,97,95,1,125,145,127,101,129,18,181,148,133,103,143,136,137,43,194,146,9,31,82,144,121,162,171,149,193,78,151,39,130,113,155,17,21,108,159,109,135,140,106,65,87,166,80,152,22,170,75,172,79,117,102,110,177,40,179,58,161,182,178,195,83,186,54,119,72,71,56,5,141,19,184,70,104,92,160,];False
6448;8113;14561;[198,174,190,32,189,94,6,61,38,163,199,49,12,185,167,15,16,156,147,196,192,150,20,23,176,3,157,183,37,138,126,115,25,74,34,35,93,28,8,154,13,46,188,55,44,45,131,47,68,123,50,86,52,91,69,88,53,59,11,57,132,7,175,62,120,89,2,67,48,63,29,179,4,73,41,114,112,165,153,26,77,60,24,0,84,85,66,118,124,51,90,191,197,168,14,187,101,27,36,33,100,111,122,98,139,105,180,107,158,30,64,96,76,134,99,173,116,10,42,81,169,142,39,95,1,125,145,127,128,129,18,181,148,133,103,143,136,137,43,194,146,9,31,82,144,121,162,171,149,193,78,151,97,130,113,155,17,21,108,159,109,135,140,106,65,87,166,80,152,22,170,75,172,79,117,102,110,177,40,164,58,161,182,178,195,83,186,54,119,72,71,56,5,141,19,184,70,104,92,160,];False
6445;8113;14558;[198,174,190,32,189,94,6,61,38,163,199,49,12,185,167,15,16,156,147,196,192,150,20,23,176,3,157,183,37,138,126,115,25,74,34,35,93,28,8,154,13,46,188,173,44,45,131,47,68,123,50,86,52,91,69,88,53,59,11,57,132,7,175,62,120,89,2,67,48,63,29,164,4,73,41,114,112,165,153,26,77,60,24,0,84,85,66,118,124,51,90,191,197,168,14,187,128,27,36,33,100,111,122,98,139,105,180,107,158,30,64,96,76,134,99,55,116,10,42,81,169,142,97,95,1,125,145,127,101,129,18,181,148,133,103,143,136,137,43,194,146,9,31,82,144,121,162,171,149,193,78,151,39,130,113,155,17,21,108,159,109,135,140,106,65,87,166,80,152,22,170,75,172,79,117,102,110,177,40,179,58,161,182,178,195,83,186,54,119,72,71,56,5,141,19,184,70,104,92,160,];False
6454;8104;14558;[198,174,190,32,189,94,6,61,38,163,199,49,12,185,167,15,16,156,147,196,192,150,20,23,176,3,157,183,37,138,126,115,25,74,34,35,93,28,8,154,13,46,188,55,44,45,131,47,68,123,50,86,52,91,69,88,53,59,11,57,132,7,175,62,120,89,2,67,48,63,29,164,4,73,41,114,112,165,153,26,77,60,24,0,84,85,66,118,124,51,90,191,197,168,100,187,128,27,36,33,14,111,122,98,139,105,180,107,158,30,64,96,76,134,99,173,116,10,42,81,169,142,97,95,1,125,145,127,101,129,18,181,148,133,103,143,136,137,43,194,146,9,31,82,144,121,162,171,149,193,78,151,39,130,113,155,17,21,108,159,109,135,140,106,65,87,166,80,152,22,170,75,172,79,117,102,110,177,40,179,58,161,182,178,195,83,186,54,119,72,71,56,5,141,19,184,70,104,92,160,];False
6475;8082;14557;[198,174,190,32,189,94,6,61,38,163,199,49,12,185,167,15,16,156,147,196,192,150,20,23,176,3,157,183,37,138,126,115,25,74,34,35,93,28,8,154,13,46,188,55,44,45,131,47,68,123,50,86,52,91,69,88,53,59,11,57,132,7,175,62,120,89,2,67,48,63,29,164,4,73,41,114,112,165,153,26,77,60,24,0,186,85,66,118,124,51,90,191,197,168,14,187,101,27,36,33,100,111,122,98,139,105,180,107,158,30,64,96,76,134,99,173,116,10,42,81,169,142,39,95,1,125,145,127,128,129,18,181,148,133,103,143,136,137,43,194,146,9,31,82,144,121,162,171,149,193,78,151,97,130,113,155,17,21,108,159,109,135,140,106,65,87,166,80,152,22,170,75,172,79,117,102,110,177,40,179,58,161,182,178,195,83,84,54,119,72,71,56,5,141,19,184,70,104,92,160,];False
6497;8050;14547;[198,174,190,32,189,94,6,61,38,163,199,49,12,185,167,15,16,156,147,196,192,150,20,23,176,3,157,183,37,138,126,115,129,74,34,35,93,28,8,154,13,46,188,55,44,45,131,47,68,123,50,86,52,91,69,88,53,59,11,57,132,7,175,62,120,89,2,67,48,63,29,164,4,73,41,114,112,165,153,26,77,60,24,0,84,85,66,118,124,51,90,191,197,168,14,187,101,27,36,33,100,111,122,98,139,105,180,107,158,30,64,96,76,134,99,173,116,10,42,81,169,142,39,95,1,125,145,127,128,25,18,181,148,133,103,143,136,137,43,194,146,9,31,82,144,121,162,171,149,193,78,151,97,130,113,155,17,21,108,159,109,135,140,106,65,87,166,80,152,22,170,75,172,79,117,102,110,177,40,179,58,161,182,178,195,83,186,54,119,72,71,56,5,141,19,184,70,104,92,160,];False
6513;8029;14542;[198,174,190,32,189,94,6,61,38,163,199,49,12,185,167,15,16,156,147,196,192,150,20,23,176,3,157,183,37,138,126,115,25,74,34,35,93,9,8,154,13,46,188,55,44,45,131,47,68,123,50,86,52,91,69,88,53,59,11,57,132,7,175,62,120,89,2,67,48,63,29,164,4,73,41,114,112,165,153,26,77,60,24,0,84,85,66,118,124,51,90,191,197,168,14,187,101,27,36,33,100,111,122,98,139,105,180,107,158,30,64,96,76,134,99,173,116,10,42,81,169,142,39,95,1,125,145,127,128,129,18,181,148,133,103,143,136,137,43,194,146,28,31,82,144,121,162,171,149,193,78,151,97,130,113,155,17,21,108,159,109,135,140,106,65,87,166,80,152,22,170,75,172,79,117,102,110,177,40,179,58,161,182,178,195,83,186,54,119,72,71,56,5,141,19,184,70,104,92,160,];True
6405;8134;14539;[198,174,190,32,189,94,6,61,38,163,199,49,12,185,167,15,16,156,147,196,192,150,20,23,176,3,157,183,37,138,126,115,25,74,34,35,93,28,8,154,13,46,188,55,44,45,131,47,68,123,50,86,52,91,69,88,53,59,11,57,132,7,175,62,120,89,2,67,48,63,29,164,4,73,41,114,112,165,153,26,77,60,24,0,84,85,66,118,124,51,90,191,197,168,14,187,128,79,36,33,100,111,122,98,139,105,180,107,158,30,64,96,76,134,99,173,116,10,42,80,169,142,97,95,1,125,145,127,101,129,18,181,148,133,103,143,136,137,43,194,146,9,31,82,144,121,162,171,149,193,78,151,39,130,113,155,17,21,108,159,109,135,140,106,65,87,166,81,152,22,170,75,172,27,117,102,110,177,40,179,58,161,182,178,195,83,186,54,119,72,71,56,5,141,19,184,70,104,92,160,];False
6488;8046;14534;[198,174,190,32,189,94,6,163,38,61,199,49,12,185,167,15,16,156,147,196,192,150,20,23,176,3,157,183,37,138,126,115,25,74,34,35,93,28,8,154,13,46,188,55,44,45,131,47,68,123,50,86,52,91,69,88,53,59,11,57,132,7,175,62,120,89,2,67,48,63,29,164,4,73,41,114,112,165,153,26,77,60,24,0,84,85,66,118,124,51,90,191,197,168,14,187,101,27,36,33,100,111,122,98,139,105,180,107,158,30,64,96,76,134,99,173,116,10,42,81,169,142,39,95,1,125,145,127,128,129,18,181,148,133,103,143,136,137,43,194,146,9,31,82,144,121,162,171,149,193,78,151,97,130,113,155,17,21,108,159,109,135,140,106,65,87,166,80,152,22,170,75,172,79,117,102,110,177,40,179,58,161,182,178,195,83,186,54,119,72,71,56,5,141,19,184,70,104,92,160,];False
6485;8046;14531;[198,174,190,32,189,94,6,61,38,163,199,49,12,185,167,15,16,156,147,196,192,150,20,23,176,3,107,183,37,138,126,115,25,74,34,35,93,28,8,154,13,46,188,55,44,45,131,47,68,123,50,86,52,91,69,88,53,59,11,57,132,7,175,62,120,89,2,67,48,63,29,164,4,73,41,114,112,165,153,26,77,60,24,0,84,85,66,118,124,51,90,191,197,168,14,187,101,27,36,33,100,111,122,98,139,105,180,157,158,30,64,96,76,134,99,173,116,10,42,81,169,142,39,95,1,125,145,127,128,129,18,181,148,133,103,143,136,137,43,194,146,9,31,82,144,121,162,171,149,193,78,151,97,130,113,155,17,21,108,159,109,135,140,106,65,87,166,80,152,22,170,75,172,79,117,102,110,177,40,179,58,161,182,178,195,83,186,54,119,72,71,56,5,141,19,184,70,104,92,160,];False
6445;8081;14526;[198,174,190,32,189,94,6,61,38,163,199,49,12,185,167,15,16,156,147,196,192,150,20,23,176,3,157,183,37,138,126,115,25,74,34,35,93,28,8,154,13,46,188,55,44,45,131,47,68,123,50,86,52,91,69,88,53,59,11,57,132,7,175,62,120,89,2,67,48,63,29,164,4,73,41,114,112,165,153,26,77,60,24,0,84,85,66,118,124,51,90,191,197,168,14,187,128,27,36,33,100,111,122,98,139,105,180,107,158,30,64,96,76,134,99,173,116,10,42,81,169,142,97,95,1,125,145,127,101,129,18,181,148,133,103,143,136,137,43,194,146,9,31,82,144,121,162,171,149,193,78,151,39,130,113,155,17,21,108,159,109,135,140,106,65,87,166,80,152,22,170,75,172,79,117,102,110,177,40,179,58,161,182,178,195,83,186,54,141,72,71,56,5,119,19,184,70,104,92,160,];False
6396;8121;14517;[198,174,190,32,189,94,6,61,38,163,199,49,12,185,167,15,16,156,147,196,192,150,20,23,176,3,157,183,37,138,126,115,25,74,34,35,93,28,8,154,166,46,188,55,44,45,131,47,68,123,50,86,52,91,69,88,53,59,11,57,132,7,175,62,120,89,2,67,48,63,29,164,4,73,41,114,112,165,153,26,77,60,24,0,84,85,66,118,124,51,90,191,197,168,14,187,128,27,36,33,100,111,122,98,139,105,180,107,158,30,64,96,76,134,99,173,116,10,42,80,169,142,97,95,1,125,145,127,101,129,43,181,148,79,103,143,136,137,18,194,146,9,31,82,144,121,162,171,149,193,78,151,39,130,113,155,17,21,108,159,109,135,140,106,65,87,13,81,152,22,170,75,172,133,117,102,110,177,40,179,58,161,182,178,195,83,186,54,119,72,71,56,5,141,19,184,70,104,92,160,];False
6479;8035;14514;[198,174,190,32,189,94,6,61,38,163,199,49,12,185,167,15,16,156,147,196,192,150,20,23,176,3,157,183,37,138,126,115,25,74,34,35,152,28,8,154,13,46,188,55,44,45,131,47,68,123,50,86,52,91,69,88,53,59,11,57,132,7,175,62,120,89,2,130,48,63,29,164,4,73,41,114,112,165,153,26,77,60,24,0,84,85,66,118,124,51,90,191,197,168,14,187,101,27,36,33,100,111,122,98,139,105,180,107,158,30,64,96,76,134,99,173,116,10,42,81,169,142,39,95,1,125,145,127,128,129,18,181,148,133,103,143,136,137,43,194,146,9,31,82,144,121,162,171,149,193,78,151,97,67,113,155,17,21,108,159,109,135,140,106,65,87,166,80,93,22,170,75,172,79,117,102,110,177,40,179,58,161,182,178,195,83,186,54,119,72,71,56,5,141,19,184,70,104,92,160,];True
6476;8037;14513;[198,174,190,32,189,94,6,61,38,163,199,49,12,185,167,15,16,156,147,196,192,150,20,23,176,3,157,183,37,138,126,115,25,74,34,35,152,28,8,154,13,46,188,55,44,45,131,47,68,123,50,86,52,91,69,88,53,59,11,57,132,7,175,62,120,89,2,67,48,63,29,164,4,73,41,114,112,165,153,26,77,60,24,0,84,85,66,118,124,51,90,191,197,168,14,187,101,27,36,33,100,111,122,98,139,105,180,107,158,30,64,96,76,134,99,173,116,10,42,81,169,142,39,95,1,125,145,127,128,129,18,181,148,133,103,143,136,137,43,194,146,9,31,82,144,121,162,171,149,193,78,151,97,130,113,155,17,21,108,159,109,135,140,106,65,87,166,80,93,22,170,75,172,79,117,102,110,177,40,179,58,161,182,178,195,83,186,54,119,72,71,56,5,141,19,184,70,104,92,160,];False
6398;8114;14512;[198,174,190,32,189,94,6,61,38,163,199,49,12,185,167,15,16,156,147,196,192,150,20,23,176,3,157,183,37,138,126,115,25,74,34,35,93,28,8,154,13,46,188,130,44,45,131,47,68,123,50,86,52,91,69,88,53,59,11,57,132,7,175,62,120,89,2,67,48,63,29,164,4,73,41,114,112,165,153,26,77,60,24,0,84,85,66,118,124,51,90,191,197,168,14,187,128,27,36,33,100,111,122,98,139,105,180,107,158,30,64,96,76,134,99,173,116,10,42,80,169,142,97,95,1,125,145,127,101,129,18,181,148,133,103,143,136,137,43,194,146,9,31,82,144,121,162,171,149,193,78,151,39,55,113,155,17,21,108,159,109,135,140,106,65,87,166,81,152,22,170,75,172,79,117,102,110,177,40,179,58,161,182,178,195,83,186,54,119,72,71,56,5,141,19,184,70,104,92,160,];False
6391;8118;14509;[198,174,190,32,189,94,6,61,38,163,199,49,12,185,167,15,16,156,147,196,192,150,20,23,176,3,157,183,37,138,126,115,25,74,34,35,93,28,8,154,166,46,188,180,44,45,131,47,68,123,50,86,52,91,69,88,53,59,11,57,132,7,175,62,120,89,2,67,48,63,29,164,4,73,41,114,112,165,153,26,77,60,24,0,84,85,66,118,124,51,90,191,197,168,14,187,128,27,36,33,100,111,122,98,139,105,55,107,158,30,64,96,76,134,99,173,116,10,42,80,169,142,97,95,1,125,145,127,101,129,43,181,148,133,103,143,136,137,18,194,146,9,31,82,144,121,162,171,149,193,78,151,39,130,113,155,17,21,108,159,109,135,140,106,65,87,13,81,152,22,170,75,172,79,117,102,110,177,40,179,58,161,182,178,195,83,186,54,119,72,71,56,5,141,19,184,70,104,92,160,];False
6453;8055;14508;[198,174,190,32,189,94,6,61,38,163,199,49,12,185,167,15,16,156,147,196,192,150,20,23,176,3,157,183,37,138,126,115,25,74,34,35,93,28,8,154,13,46,188,55,44,45,131,47,68,123,50,86,52,91,69,88,53,59,11,57,132,7,175,62,120,89,2,67,48,56,29,164,4,73,41,114,112,165,153,26,77,60,24,0,84,85,66,118,124,51,90,191,197,168,14,187,101,27,36,33,100,111,122,98,139,105,180,107,158,30,64,96,76,134,99,173,116,10,42,81,169,142,39,95,1,125,145,127,128,129,18,181,148,133,103,143,136,137,43,194,146,9,31,82,144,121,162,171,149,193,78,151,97,130,113,155,17,21,108,159,109,135,140,106,65,87,166,80,152,22,170,75,172,79,117,102,110,177,40,179,58,161,182,178,195,83,186,54,119,72,71,63,5,141,19,184,70,104,92,160,];False
6418;8088;14506;[198,174,190,32,189,94,6,61,38,163,25,49,12,185,167,15,16,156,147,196,192,150,20,23,176,3,157,183,37,138,126,115,199,74,34,35,93,28,8,154,13,46,188,55,44,45,131,47,68,123,50,86,52,91,69,88,53,59,11,57,132,7,175,62,120,89,2,67,48,63,29,164,4,73,41,114,112,165,153,26,77,60,24,0,84,85,66,118,124,51,90,191,197,168,14,187,128,27,36,33,100,111,122,98,139,105,180,107,158,30,64,96,76,134,99,173,116,10,42,81,169,142,97,95,1,125,145,127,101,129,18,181,148,133,103,143,136,137,43,194,146,9,31,82,144,121,162,171,149,193,78,151,39,130,113,155,17,21,108,159,109,135,140,106,65,87,166,80,152,22,170,75,172,79,117,102,110,177,40,179,58,161,182,178,195,83,186,54,119,72,71,56,5,141,19,184,70,104,92,160,];False
6335;8167;14502;[198,174,190,32,189,94,6,61,38,163,199,49,12,185,167,15,16,156,147,196,192,150,20,23,176,3,157,183,37,138,126,115,25,74,34,35,93,28,8,154,166,46,188,55,44,45,131,47,68,123,50,86,52,91,69,88,53,59,104,57,132,7,175,62,120,89,2,67,48,63,29,164,4,73,41,114,112,165,153,26,77,60,24,0,84,85,66,118,124,51,90,191,197,168,14,187,128,27,36,33,100,111,122,98,139,105,180,107,158,30,64,96,76,134,99,173,116,10,42,80,169,142,97,95,1,125,145,127,101,129,18,181,148,133,103,143,136,137,43,194,146,9,31,82,144,121,162,171,149,193,78,151,39,130,113,155,17,21,108,159,109,135,140,106,65,87,13,81,152,22,170,75,172,79,117,102,110,177,40,179,58,161,182,178,195,83,186,54,119,72,71,56,5,141,19,184,70,11,92,160,];False
6462;8036;14498;[198,174,190,32,189,94,6,61,38,163,199,49,12,185,167,15,16,156,147,196,192,150,20,23,176,3,157,183,37,138,126,115,25,74,34,35,93,28,8,154,13,46,188,55,44,45,131,47,68,123,50,86,52,91,69,88,53,59,11,57,132,7,175,62,120,89,2,67,48,63,29,164,4,73,41,114,112,165,153,26,77,60,24,0,84,85,66,118,124,51,90,191,197,168,14,187,101,27,36,33,100,111,122,98,139,105,180,107,158,30,64,96,76,134,99,173,116,10,42,81,169,142,39,95,1,125,145,127,128,129,18,181,148,133,103,143,136,137,43,194,146,9,31,82,144,121,162,171,149,193,78,151,97,130,113,155,17,21,108,159,109,135,140,106,65,87,166,80,152,22,170,75,172,79,117,102,110,177,40,179,58,161,182,178,195,83,186,54,119,72,71,56,5,141,19,184,70,104,92,160,];True
6329;8168;14497;[198,174,190,32,189,94,6,61,38,163,199,49,12,185,167,15,16,156,147,196,192,150,20,23,176,3,157,183,37,138,126,115,25,74,34,35,93,28,8,154,166,46,188,55,44,45,131,47,68,123,50,86,52,91,30,88,53,59,11,57,132,7,175,62,120,89,2,67,48,63,29,164,4,73,41,114,112,165,153,26,77,60,24,0,84,85,66,118,124,51,90,191,197,168,14,187,128,27,36,33,100,111,122,98,139,105,180,107,158,69,64,96,76,134,99,173,116,10,42,80,169,142,97,95,1,125,145,127,101,129,43,181,148,133,103,143,136,137,18,194,146,9,31,82,144,121,162,171,149,193,78,151,39,130,113,155,17,21,108,159,109,135,140,106,65,87,13,81,152,22,170,75,172,79,117,102,110,177,40,179,58,161,182,178,195,83,186,54,119,72,71,56,5,141,19,184,70,104,92,160,];False
6439;8057;14496;[198,174,190,32,189,94,6,61,38,163,199,49,12,185,167,15,16,156,147,196,192,150,20,23,176,3,157,183,37,138,126,115,31,74,34,35,93,28,8,154,13,46,188,55,44,45,131,47,68,123,50,86,52,91,69,88,53,59,11,57,132,7,175,62,120,89,2,67,48,63,29,164,4,73,41,114,112,165,153,26,77,60,24,0,84,85,66,118,124,51,90,191,197,168,14,187,101,27,36,33,100,111,122,98,139,105,180,107,158,30,64,96,76,134,99,173,116,10,42,81,169,142,39,95,1,125,145,127,128,129,18,181,148,133,103,143,136,137,43,194,146,9,25,82,144,121,162,171,149,193,78,151,97,130,113,155,17,21,108,159,109,135,140,106,65,87,166,80,152,22,170,75,172,79,117,102,110,177,40,179,58,161,182,178,195,83,186,54,119,72,71,56,5,141,19,184,70,104,92,160,];False
6359;8135;14494;[198,174,190,32,189,94,6,61,38,163,199,49,12,185,167,15,16,156,147,196,192,150,20,23,176,3,157,183,141,138,126,115,25,74,34,35,93,28,8,154,13,46,188,55,44,45,131,47,68,123,50,86,52,91,69,88,53,59,11,57,132,7,175,62,120,89,2,67,48,63,29,164,4,73,41,114,112,165,153,26,77,60,24,0,84,85,66,118,124,51,90,191,197,168,14,187,128,27,36,33,100,111,122,98,139,105,180,107,158,30,64,96,76,134,99,173,116,10,42,80,169,142,97,95,1,125,145,127,101,129,18,181,148,133,103,143,136,137,43,194,146,9,31,82,144,121,162,171,149,193,78,151,39,130,113,155,17,21,108,159,109,135,140,106,65,87,166,81,152,22,170,75,172,79,117,102,110,177,40,179,58,161,182,178,195,83,186,54,119,72,71,56,5,37,19,184,70,104,92,160,];False
6405;8089;14494;[198,174,190,32,189,94,6,61,38,163,199,49,12,185,167,15,16,156,147,196,192,150,20,23,176,3,157,183,37,138,126,115,25,74,34,35,93,28,8,154,13,46,188,55,44,45,131,47,68,123,50,86,52,91,69,88,53,59,11,57,132,7,175,62,120,89,2,67,48,63,29,164,4,73,41,114,112,165,153,26,77,60,24,0,84,85,66,118,124,51,90,191,197,168,14,187,128,27,36,33,100,111,122,98,139,105,180,107,158,30,64,96,76,134,99,173,116,10,42,81,169,142,97,95,1,125,145,80,101,129,18,181,148,133,103,143,136,137,43,194,146,9,31,82,144,121,162,171,149,193,78,151,39,130,113,155,17,21,108,159,109,135,140,106,65,87,166,127,152,22,170,75,172,79,117,102,110,177,40,179,58,161,182,178,195,83,186,54,119,72,71,56,5,141,19,184,70,104,92,160,];False
6381;8112;14493;[198,174,190,32,189,94,6,61,38,163,199,49,12,185,167,15,16,156,147,196,192,150,20,23,176,3,157,183,37,138,126,115,25,74,34,35,76,28,8,154,13,46,188,55,44,45,131,47,68,123,50,86,52,91,69,88,53,59,11,57,132,7,175,62,120,89,2,67,48,63,29,164,4,73,41,114,112,165,153,26,77,60,24,0,84,85,66,118,124,51,90,191,197,168,14,187,128,27,36,33,100,111,122,98,139,105,180,107,158,30,64,96,93,134,99,173,116,10,42,81,169,142,97,95,1,125,145,127,101,129,18,181,148,133,103,143,136,137,43,194,146,9,31,82,144,121,162,171,149,193,78,151,39,130,113,155,17,21,108,159,109,135,140,106,65,87,166,80,152,22,170,75,172,79,117,102,110,177,40,179,58,161,182,178,195,83,186,54,119,72,71,56,5,141,19,184,70,104,92,160,];False
6383;8106;14489;[198,174,190,32,189,94,6,61,38,163,199,182,12,185,167,15,16,156,147,196,192,150,20,23,176,3,157,183,37,138,126,115,25,74,34,35,93,28,8,154,13,46,188,55,44,45,131,47,68,123,50,86,52,91,69,88,53,59,11,57,132,7,175,62,120,89,2,67,48,63,29,164,4,73,41,114,112,165,153,26,77,60,24,0,84,85,66,118,124,51,90,191,197,168,14,187,128,27,36,33,100,111,122,98,139,105,180,107,158,30,64,96,76,134,99,173,116,10,42,80,169,142,97,95,1,125,145,127,101,129,18,181,148,133,103,143,136,137,43,194,146,9,31,82,144,121,162,171,149,193,78,151,39,130,113,155,17,21,108,159,109,135,140,106,65,87,166,81,152,22,170,75,172,79,117,102,110,177,40,179,58,161,49,178,195,83,186,54,119,72,71,56,5,141,19,184,70,104,92,160,];False
6364;8123;14487;[198,174,190,32,189,94,6,61,38,163,199,49,12,185,146,15,16,156,147,196,192,150,20,23,176,3,157,183,37,138,126,115,25,74,34,35,93,28,8,154,13,46,188,55,44,45,131,47,68,123,50,86,52,91,69,88,53,59,11,57,132,7,175,62,120,89,2,67,48,63,29,164,4,73,41,114,112,165,153,26,77,60,24,0,84,85,66,118,124,51,90,191,197,168,14,187,128,27,36,33,100,111,122,98,139,105,180,107,158,30,64,96,76,134,99,173,116,10,42,81,169,142,97,95,1,125,145,127,101,129,18,181,148,133,103,143,136,137,43,194,167,9,31,82,144,121,162,171,149,193,78,151,39,130,113,155,17,21,108,159,109,135,140,106,65,87,166,80,152,22,170,75,172,79,117,102,110,177,40,179,58,161,182,178,195,83,186,54,119,72,71,56,5,141,19,184,70,104,92,160,];False
6413;8072;14485;[198,174,190,32,189,94,6,61,38,163,199,49,12,185,167,15,16,156,147,196,192,150,20,137,176,3,157,183,37,138,126,115,25,74,34,35,93,28,8,154,13,46,188,55,44,45,131,47,68,123,50,86,52,91,69,88,53,59,11,57,132,7,175,62,120,89,2,67,48,63,29,164,4,73,41,114,112,165,153,26,77,60,24,0,84,85,66,118,124,51,90,191,197,168,14,187,101,27,36,33,100,111,122,98,139,105,180,107,158,30,64,96,76,134,99,173,116,10,42,81,169,142,39,95,1,125,145,127,128,129,18,181,148,133,103,143,136,23,43,194,146,9,31,82,144,121,162,171,149,193,78,151,97,130,113,155,17,21,108,159,109,135,140,106,65,87,166,80,152,22,170,75,172,79,117,102,110,177,40,179,58,161,182,178,195,83,186,54,119,72,71,56,5,141,19,184,70,104,92,160,];False
6419;8065;14484;[198,174,190,32,189,94,6,61,38,163,199,49,12,185,167,15,16,156,147,196,192,150,20,23,176,3,157,183,37,138,126,115,25,74,34,35,93,28,8,154,13,46,188,55,44,45,131,47,68,123,50,86,52,91,69,88,53,59,11,57,132,7,175,62,120,89,2,67,48,63,29,164,4,73,41,114,112,165,153,26,77,60,24,0,84,85,66,118,124,51,90,191,197,168,14,187,128,27,36,33,100,111,122,98,139,105,180,107,158,30,64,96,76,134,99,173,116,10,42,81,169,142,97,95,1,125,145,127,101,129,18,181,148,133,103,143,136,137,43,194,146,9,31,82,144,121,162,171,149,193,78,151,39,130,113,155,17,21,108,159,109,135,140,106,65,87,166,80,152,22,170,75,172,79,117,102,110,40,177,179,58,161,182,178,195,83,186,54,119,72,71,56,5,141,19,184,70,104,92,160,];False
6369;8111;14480;[198,174,190,32,189,94,6,61,38,163,199,49,12,185,167,15,16,156,147,196,192,150,20,23,176,3,157,183,37,138,126,115,25,74,34,35,93,28,8,154,13,46,188,55,44,45,131,47,68,123,50,86,52,91,69,88,53,59,11,57,132,7,175,62,120,89,2,67,48,63,29,164,4,73,41,114,112,165,153,26,77,60,24,0,84,85,66,118,124,51,90,191,197,168,14,187,128,27,36,33,100,111,122,98,139,105,180,107,158,30,64,96,76,134,99,173,116,10,42,81,169,142,97,95,1,177,145,127,101,129,18,181,148,133,103,143,136,137,43,194,146,9,31,82,144,121,162,171,149,193,78,151,39,130,113,155,17,21,108,159,109,135,140,106,65,87,166,80,152,22,170,75,172,79,117,102,110,125,40,179,58,161,182,178,195,83,186,54,119,72,71,56,5,141,19,184,70,104,92,160,];False
6380;8099;14479;[198,174,190,32,189,94,6,61,38,163,199,49,12,185,167,15,16,156,147,196,192,150,20,23,176,3,157,183,37,138,126,115,25,74,34,35,93,28,8,154,166,46,188,55,44,45,131,47,68,123,50,86,52,91,69,88,53,59,11,57,132,110,175,62,120,89,2,67,48,63,29,164,4,73,41,114,112,165,153,26,77,60,24,0,84,85,66,118,124,51,90,191,197,168,14,187,128,27,36,33,100,111,122,98,139,105,180,107,158,30,64,96,76,134,99,173,116,10,42,80,169,142,97,95,1,125,145,127,101,129,43,181,148,133,103,143,136,137,18,194,146,9,31,82,144,121,162,171,149,193,78,151,39,130,113,155,17,21,108,159,109,135,140,106,65,87,13,81,152,22,170,75,172,79,117,102,7,177,40,179,58,161,182,178,195,83,186,54,119,72,71,56,5,141,19,184,70,104,92,160,];False
6385;8086;14471;[198,174,190,32,189,94,6,61,38,163,199,49,12,185,167,15,16,156,147,196,192,150,20,23,176,3,157,183,37,138,126,115,25,74,34,35,93,28,8,154,13,46,188,55,44,45,131,47,68,123,50,86,52,91,69,88,53,59,11,57,132,166,175,62,120,89,2,67,48,63,29,164,4,73,41,114,112,165,153,26,77,60,24,0,84,85,66,118,124,51,90,191,197,168,14,187,128,27,36,33,100,111,122,98,139,105,180,107,158,30,64,96,76,134,99,173,116,10,42,80,169,142,97,95,1,125,145,127,101,129,18,181,148,133,103,143,136,137,43,194,146,9,31,82,144,121,162,171,149,193,78,151,39,130,113,155,17,21,108,159,109,135,140,106,65,87,7,81,152,22,170,75,172,79,117,102,110,177,40,179,58,161,182,178,195,83,186,54,119,72,71,56,5,141,19,184,70,104,92,160,];False
6299;8172;14471;[198,174,190,32,189,94,6,61,38,163,199,49,12,185,167,15,16,156,147,196,192,150,20,23,176,3,157,183,37,138,126,115,25,74,34,35,93,28,8,154,166,46,188,55,44,45,131,47,68,123,50,86,52,91,69,88,53,59,11,57,132,7,175,62,120,89,2,67,48,63,29,164,4,73,41,114,112,165,153,26,77,60,24,0,84,85,66,118,124,51,90,191,197,168,14,187,128,27,36,33,100,111,122,98,139,181,180,107,158,30,64,96,76,134,99,173,116,10,42,80,169,142,97,95,1,125,145,127,101,129,43,105,148,133,103,143,136,137,18,194,146,9,31,82,144,121,162,171,149,193,78,151,39,130,113,155,17,21,108,159,109,135,140,106,65,87,13,81,152,22,170,75,172,79,117,102,110,177,40,179,58,161,182,178,195,83,186,54,119,72,71,56,5,141,19,184,70,104,92,160,];False
6280;8189;14469;[198,174,190,32,189,94,6,61,38,163,199,49,12,185,167,15,16,156,147,196,192,150,20,23,176,3,157,183,37,138,126,115,25,74,34,35,93,28,8,154,166,46,188,55,44,45,131,47,68,123,50,86,52,91,69,88,53,59,11,57,132,7,175,62,120,89,2,67,48,63,29,164,4,73,41,114,112,165,153,26,77,60,24,0,84,85,66,118,124,51,90,191,197,168,14,187,128,27,36,33,100,71,122,98,139,105,180,107,186,30,64,96,76,134,99,173,116,10,42,80,169,142,97,95,1,125,145,127,101,129,43,181,148,133,103,143,136,137,18,194,146,9,31,82,144,121,162,171,149,193,78,151,39,130,113,155,17,21,108,159,109,135,140,106,65,87,13,81,152,22,170,75,172,79,117,102,110,177,40,179,58,161,182,178,195,83,158,54,119,72,111,56,5,141,19,184,70,104,92,160,];False
6351;8113;14464;[198,174,190,32,189,94,6,61,38,163,199,49,12,185,167,15,16,156,147,196,192,150,20,23,176,3,157,183,37,138,126,115,25,74,34,35,93,28,8,154,166,46,188,55,44,45,131,47,68,123,50,86,52,91,69,88,53,29,11,57,132,7,175,62,120,89,2,67,48,63,59,164,4,73,41,114,112,165,153,26,77,60,24,0,84,85,66,118,124,51,90,191,197,168,14,187,128,27,36,33,100,111,122,98,139,105,180,107,158,30,64,96,76,134,99,173,116,10,42,80,169,142,97,95,1,125,145,127,101,129,18,181,148,133,103,143,136,137,43,194,146,9,31,82,144,121,162,171,149,193,78,151,39,130,113,155,17,21,108,159,109,135,140,106,65,87,13,81,152,22,170,75,172,79,117,102,110,177,40,179,58,161,182,178,195,83,186,54,119,72,71,56,5,141,19,184,70,104,92,160,];False
6344;8117;14461;[198,174,190,32,189,94,6,61,38,163,199,49,12,185,167,15,16,156,147,196,192,150,20,23,176,3,157,183,37,138,126,115,25,69,34,35,93,28,8,154,13,46,188,55,44,45,131,47,68,123,50,86,52,91,74,88,53,59,11,57,132,7,175,62,120,89,2,67,48,63,29,164,4,73,41,114,112,165,153,26,77,60,24,0,84,85,66,118,124,51,90,191,197,168,14,187,128,27,36,33,100,111,122,98,139,105,180,107,158,30,64,96,76,134,99,173,116,10,42,81,169,142,97,95,1,125,145,127,101,129,18,181,148,133,103,143,136,137,43,194,146,9,31,82,144,121,162,171,149,193,78,151,39,130,113,155,17,21,108,159,109,135,140,106,65,87,166,80,152,22,170,75,172,79,117,102,110,177,40,179,58,161,182,178,195,83,186,54,119,72,71,56,5,141,19,184,70,104,92,160,];False
6384;8073;14457;[198,174,190,32,189,94,6,61,38,163,199,49,12,185,167,15,16,156,147,196,192,150,20,23,176,3,157,183,37,138,126,115,25,74,34,35,93,28,8,154,13,46,188,55,44,45,131,47,68,123,50,86,52,91,69,88,53,59,11,57,132,7,175,62,120,89,2,67,48,63,29,164,4,73,41,114,112,165,153,26,43,60,24,0,84,85,66,118,124,51,90,191,197,168,14,187,128,27,36,33,100,111,122,98,139,105,180,107,158,30,64,96,76,134,99,173,116,10,42,81,169,142,97,95,1,125,145,127,101,129,18,181,148,133,103,143,136,137,77,194,146,9,31,82,144,121,162,171,149,193,78,151,39,130,113,155,17,21,108,159,109,135,140,106,65,87,166,80,152,22,170,75,172,79,117,102,110,177,40,179,58,161,182,178,195,83,186,54,119,72,71,56,5,141,19,184,70,104,92,160,];False
6392;8063;14455;[198,174,190,32,189,94,6,61,38,163,199,49,12,185,167,15,16,156,147,196,192,150,20,23,176,3,157,183,37,138,109,115,25,74,34,35,93,28,8,154,13,46,188,55,44,45,131,47,68,123,50,86,52,91,69,88,53,59,11,57,132,7,175,62,120,89,2,67,48,63,29,164,4,73,41,114,112,165,153,26,77,60,24,0,84,85,66,118,124,51,90,191,197,168,14,187,128,27,36,33,100,111,122,98,139,105,180,107,158,30,64,96,76,134,99,173,116,10,42,81,169,142,39,95,1,125,145,127,101,129,18,181,148,133,103,143,136,137,43,194,146,9,31,82,144,121,162,171,149,193,78,151,97,130,113,155,17,21,108,159,126,135,140,106,65,87,166,80,152,22,170,75,172,79,117,102,110,177,40,179,58,161,182,178,195,83,186,54,119,72,71,56,5,141,19,184,70,104,92,160,];False
6270;8183;14453;[167,174,190,32,189,94,6,61,38,163,199,49,12,185,198,15,16,156,147,196,192,150,20,23,176,3,157,183,37,138,126,115,25,74,34,35,93,28,8,154,166,46,188,55,44,45,131,47,68,123,50,86,52,91,69,88,53,59,11,57,132,7,175,62,120,89,2,67,48,63,29,164,4,73,41,114,112,165,153,26,77,60,24,0,84,85,66,118,124,51,90,191,197,168,14,187,128,27,36,33,100,111,122,98,139,105,180,107,158,30,64,96,76,134,99,173,116,10,42,80,169,142,97,95,1,125,145,127,101,129,43,181,148,133,103,143,136,137,18,194,146,9,31,82,144,121,162,171,149,193,78,151,39,130,113,155,17,21,108,159,109,135,140,106,65,87,13,81,152,22,170,75,172,79,117,102,110,177,40,179,58,161,182,178,195,83,186,54,119,72,71,56,5,141,19,184,70,104,92,160,];False
6348;8099;14447;[198,174,190,32,189,94,6,61,38,163,199,49,12,185,167,15,16,156,147,196,192,150,20,23,176,3,157,183,37,138,126,115,25,74,34,35,93,28,8,154,13,46,188,55,44,45,131,47,68,123,50,86,52,91,69,88,53,59,11,57,132,7,175,62,120,89,2,67,48,63,29,164,4,73,41,114,112,165,153,26,77,60,24,0,84,85,66,118,124,51,90,191,197,168,14,187,128,27,36,33,100,111,122,98,139,105,180,107,158,30,64,177,76,134,99,173,116,10,42,80,169,142,97,95,1,125,145,127,101,129,18,181,148,133,103,143,136,137,43,194,146,9,31,82,144,121,162,171,149,193,78,151,39,130,113,155,17,21,108,159,109,135,140,106,65,87,166,81,152,22,170,75,172,79,117,102,110,96,40,179,58,161,182,178,195,83,186,54,119,72,71,56,5,141,19,184,70,104,92,160,];False
6365;8079;14444;[198,174,190,32,189,94,6,61,38,163,199,49,12,185,167,15,16,156,147,196,192,150,88,23,176,3,157,183,37,138,126,115,25,74,34,35,93,28,8,154,13,46,188,55,44,45,131,47,68,123,50,86,52,91,69,20,53,59,11,57,132,7,175,62,120,89,2,67,48,63,29,164,4,73,41,114,112,165,153,26,77,60,24,0,84,85,66,118,124,51,90,191,197,168,14,187,128,27,36,33,100,111,122,98,139,105,180,107,158,30,64,96,76,134,99,173,116,10,42,81,169,142,97,95,1,125,145,127,101,129,18,181,148,133,103,143,136,137,43,194,146,9,31,82,144,121,162,171,149,193,78,151,39,130,113,155,17,21,108,159,109,135,140,106,65,87,166,80,152,22,170,75,172,79,117,102,110,177,40,179,58,161,182,178,195,83,186,54,119,72,71,56,5,141,19,184,70,104,92,160,];False
6321;8123;14444;[198,174,190,32,189,94,6,61,38,163,199,49,12,185,167,15,16,156,147,196,192,150,20,23,176,3,157,183,37,138,126,115,25,74,34,35,93,28,8,154,166,46,188,55,44,45,131,47,68,123,50,86,52,91,69,88,53,59,11,57,132,7,175,62,120,89,2,67,48,63,29,164,4,73,41,114,112,165,153,26,77,60,24,0,84,85,66,118,124,51,90,191,197,168,14,187,128,27,36,33,100,111,122,98,139,105,180,107,1,30,64,96,76,134,99,173,116,10,42,80,169,142,97,95,158,125,145,127,101,129,18,181,148,133,103,143,136,137,43,194,146,9,31,82,144,121,162,171,149,193,78,151,39,130,113,155,17,21,108,159,109,135,140,106,65,87,13,81,152,22,170,75,172,79,117,102,110,177,40,179,58,161,182,178,195,83,186,54,119,72,71,56,5,141,19,184,70,104,92,160,];False
6394;8043;14437;[198,174,190,32,189,94,6,61,38,163,199,49,12,185,167,15,16,156,147,196,192,150,20,23,176,3,157,183,37,138,126,115,25,74,34,35,93,28,8,154,13,46,188,55,44,45,131,47,68,123,50,86,52,91,69,88,53,59,11,57,132,7,175,62,120,89,2,67,48,63,29,164,4,73,41,114,112,165,153,26,77,60,24,0,84,85,66,118,124,51,90,191,197,168,14,187,128,27,36,33,100,111,122,98,139,105,180,107,158,30,64,96,76,134,99,173,116,10,42,81,169,142,39,95,1,125,145,127,101,129,18,181,148,133,103,143,136,137,43,194,146,9,31,82,144,121,162,171,149,193,78,151,97,130,113,155,17,21,108,159,109,135,140,106,65,87,166,80,152,22,170,75,172,79,117,102,110,177,40,179,58,161,182,178,195,83,186,54,119,72,71,56,5,141,19,184,70,104,92,160,];False
6340;8096;14436;[198,174,190,32,189,94,6,61,38,163,199,49,12,185,167,15,16,156,147,196,192,150,20,23,176,3,157,183,37,138,178,115,25,74,34,35,93,28,8,154,13,46,188,55,44,45,131,47,68,123,50,86,52,91,69,88,53,59,11,57,132,7,175,62,120,89,2,67,48,63,29,164,4,73,41,114,112,165,153,26,77,60,24,0,84,85,66,118,124,51,90,191,197,168,14,187,128,27,36,33,100,111,122,98,139,105,180,107,158,30,64,96,76,134,99,173,116,10,42,80,169,142,97,95,1,125,145,127,101,129,18,181,148,133,103,143,136,137,43,194,146,9,31,82,144,121,162,171,149,193,78,151,39,130,113,155,17,21,108,159,109,135,140,106,65,87,166,81,152,22,170,75,172,79,117,102,110,177,40,179,58,161,182,126,195,83,186,54,119,72,71,56,5,141,19,184,70,104,92,160,];False
6303;8133;14436;[198,174,190,32,189,94,6,61,38,163,199,49,12,185,167,15,16,156,147,196,192,150,20,23,176,3,157,183,137,138,126,115,25,74,34,35,93,28,8,154,166,46,188,55,44,45,131,47,68,123,50,86,52,91,69,88,53,59,11,57,132,7,175,62,120,89,2,67,48,63,29,164,4,73,41,114,112,165,153,26,77,60,24,0,84,85,66,118,124,51,90,191,197,168,14,187,128,27,36,33,100,111,122,98,139,105,180,107,158,30,64,96,76,134,99,173,116,10,42,80,169,142,97,95,1,125,145,127,101,129,43,181,148,133,103,143,136,37,18,194,146,9,31,82,144,121,162,171,149,193,78,151,39,130,113,155,17,21,108,159,109,135,140,106,65,87,13,81,152,22,170,75,172,79,117,102,110,177,40,179,58,161,182,178,195,83,186,54,119,72,71,56,5,141,19,184,70,104,92,160,];False
6339;8094;14433;[198,174,190,32,189,94,6,61,38,163,199,49,12,185,167,15,16,156,147,196,192,150,20,23,176,3,157,183,37,138,126,115,25,74,34,35,93,28,8,154,166,46,188,55,44,45,131,47,68,123,50,86,52,91,69,88,53,59,11,57,132,7,175,62,120,89,2,67,48,63,29,164,4,73,41,114,112,165,153,26,77,60,24,0,84,85,66,118,124,51,90,191,197,168,14,187,128,95,36,33,100,111,122,98,139,105,180,107,158,30,64,96,76,134,99,173,116,10,42,80,169,142,97,27,1,125,145,127,101,129,43,181,148,133,103,143,136,137,18,194,146,9,31,82,144,121,162,171,149,193,78,151,39,130,113,155,17,21,108,159,109,135,140,106,65,87,13,81,152,22,170,75,172,79,117,102,110,177,40,179,58,161,182,178,195,83,186,54,119,72,71,56,5,141,19,184,70,104,92,160,];False
6357;8071;14428;[198,174,190,32,189,94,6,61,118,163,199,49,12,185,167,15,16,156,147,196,192,150,20,23,176,3,157,183,37,138,126,115,25,74,34,35,93,28,8,154,13,46,188,55,44,45,131,47,68,123,50,86,52,91,69,88,53,59,11,57,132,7,175,62,120,89,2,67,48,63,29,164,4,73,41,114,112,165,153,26,77,60,24,0,84,85,66,38,124,51,90,191,197,168,14,187,128,27,36,33,100,111,122,98,139,105,180,107,158,30,64,96,76,134,99,173,116,10,42,81,169,142,97,95,1,125,145,127,101,129,18,181,148,133,103,143,136,137,43,194,146,9,31,82,144,121,162,171,149,193,78,151,39,130,113,155,17,21,108,159,109,135,140,106,65,87,166,80,152,22,170,75,172,79,117,102,110,177,40,179,58,161,182,178,195,83,186,54,119,72,71,56,5,141,19,184,70,104,92,160,];False
6335;8091;14426;[198,174,190,32,189,94,6,61,38,163,199,49,12,185,167,15,16,156,147,196,192,150,20,23,176,3,157,183,37,138,126,115,25,74,34,35,93,28,8,154,13,46,188,55,44,45,131,47,68,123,50,86,52,91,69,88,53,59,11,57,132,7,175,62,120,89,2,67,48,63,29,164,4,73,41,114,112,165,153,26,77,60,24,0,84,85,66,118,124,51,90,191,197,168,14,187,128,27,36,33,100,111,122,72,139,105,180,107,158,30,64,96,76,134,99,173,116,10,42,80,169,142,97,95,1,125,145,127,101,129,18,181,148,133,103,143,136,137,43,194,146,9,31,82,144,121,162,171,149,193,78,151,39,130,113,155,17,21,108,159,109,135,140,106,65,87,166,81,152,22,170,75,172,79,117,102,110,177,40,179,58,161,182,178,195,83,186,54,119,98,71,56,5,141,19,184,70,104,92,160,];False
6336;8089;14425;[198,174,190,32,189,94,6,61,38,163,199,49,12,185,167,15,16,156,147,196,192,150,20,23,176,3,157,183,37,138,126,115,25,74,34,35,93,28,8,154,13,46,188,55,44,45,131,47,68,123,50,86,52,91,69,88,53,59,11,57,132,7,175,62,120,89,2,67,48,63,29,164,4,73,41,114,112,165,153,26,77,60,24,0,84,85,66,118,124,51,90,191,197,168,14,187,128,27,36,33,100,111,122,98,139,105,180,107,158,30,64,79,76,134,99,173,116,10,42,81,169,142,97,95,1,125,145,127,101,129,18,181,148,133,103,143,136,137,43,194,146,9,31,82,144,121,162,171,149,193,78,151,39,130,113,155,17,21,108,159,109,135,140,106,65,87,166,80,152,22,170,75,172,96,117,102,110,177,40,179,58,161,182,178,195,83,186,54,119,72,71,56,5,141,19,184,70,104,92,160,];False
6356;8068;14424;[198,174,190,32,189,94,6,61,38,163,199,49,12,185,167,15,16,156,147,196,192,150,20,23,176,3,157,183,37,138,126,115,25,74,34,35,93,28,8,154,13,46,188,55,44,45,131,47,68,123,50,86,52,91,69,88,53,59,11,57,132,7,175,62,120,89,2,67,48,63,29,164,4,73,41,114,112,165,153,26,77,60,144,0,84,85,66,118,124,51,90,191,197,168,14,187,128,27,36,33,100,111,122,98,139,105,180,107,158,30,64,96,76,134,99,173,116,10,42,81,169,142,97,95,1,125,145,127,101,129,18,181,148,133,103,143,136,137,43,194,146,9,31,82,24,121,162,171,149,193,78,151,39,130,113,155,17,21,108,159,109,135,140,106,65,87,166,80,152,22,170,75,172,79,117,102,110,177,40,179,58,161,182,178,195,83,186,54,119,72,71,56,5,141,19,184,70,104,92,160,];False
6296;8122;14418;[198,174,190,32,189,94,6,61,38,163,199,49,12,185,167,15,16,156,147,196,192,150,20,23,176,3,157,183,37,138,126,115,25,74,34,35,93,28,8,154,13,46,158,55,44,45,131,47,68,123,50,86,52,91,69,88,53,59,11,57,132,7,175,62,120,89,2,67,48,63,29,164,4,73,41,114,112,165,153,26,77,60,24,0,84,85,66,118,124,51,90,191,197,168,14,187,128,27,36,33,100,111,122,98,139,105,180,107,188,30,64,96,76,134,99,173,116,10,42,81,169,142,97,95,1,125,145,127,101,129,18,181,148,133,103,143,136,137,43,194,146,9,31,82,144,121,162,171,149,193,78,151,39,130,113,155,17,21,108,159,109,135,140,106,65,87,166,80,152,22,170,75,172,79,117,102,110,177,40,179,58,161,182,178,195,83,186,54,119,72,71,56,5,141,19,184,70,104,92,160,];False
6335;8082;14417;[198,174,190,32,189,94,6,61,38,163,199,49,12,185,167,15,16,156,147,196,192,150,2,23,176,3,157,183,37,138,126,115,25,74,34,35,93,28,8,154,13,46,188,55,44,45,131,47,68,123,50,86,52,91,69,88,53,59,11,57,132,7,175,62,120,89,20,67,48,63,29,164,4,73,41,114,112,165,153,26,77,60,24,0,84,85,66,118,124,51,90,191,197,168,14,187,128,27,36,33,100,111,122,98,139,105,180,107,158,30,64,96,76,134,99,173,116,10,42,81,169,142,97,95,1,125,145,127,101,129,18,181,148,133,103,143,136,137,43,194,146,9,31,82,144,121,162,171,149,193,78,151,39,130,113,155,17,21,108,159,109,135,140,106,65,87,166,80,152,22,170,75,172,79,117,102,110,177,40,179,58,161,182,178,195,83,186,54,119,72,71,56,5,141,19,184,70,104,92,160,];False
6299;8114;14413;[198,174,190,32,189,94,6,61,38,163,199,49,12,185,167,15,16,156,147,196,192,150,20,23,176,3,157,183,37,138,126,115,25,74,34,35,93,28,8,154,13,46,188,55,44,45,131,47,68,123,127,86,52,91,69,88,53,59,11,57,132,7,175,62,120,89,2,67,48,63,29,164,4,73,41,114,112,165,153,26,77,60,24,0,84,85,66,118,124,51,90,191,197,168,14,187,128,27,36,33,100,111,122,98,139,105,180,107,158,30,64,96,76,134,99,173,116,10,42,80,169,142,97,95,1,125,145,50,101,129,18,181,148,133,103,143,136,137,43,194,146,9,31,82,144,121,162,171,149,193,78,151,39,130,113,155,17,21,108,159,109,135,140,106,65,87,166,81,152,22,170,75,172,79,117,102,110,177,40,179,58,161,182,178,195,83,186,54,119,72,71,56,5,141,19,184,70,104,92,160,];False
6308;8102;14410;[198,174,190,32,189,94,6,61,38,163,199,49,12,185,167,15,16,156,147,196,192,150,20,23,176,3,157,183,37,138,126,115,25,74,34,35,93,28,8,154,13,46,188,55,44,45,131,47,68,123,50,86,52,91,69,88,53,59,11,57,132,7,175,62,120,89,2,67,48,63,29,164,4,78,41,114,112,165,153,26,77,60,24,0,84,85,66,118,124,51,90,191,197,168,14,187,128,27,36,33,100,111,122,98,139,105,180,107,158,30,64,96,76,134,99,173,116,10,42,81,169,142,97,95,1,125,145,127,101,129,18,181,148,133,103,143,136,137,43,194,146,9,31,82,144,121,162,171,149,193,73,151,39,130,113,155,17,21,108,159,109,135,140,106,65,87,166,80,152,22,170,75,172,79,117,102,110,177,40,179,58,161,182,178,195,83,186,54,119,72,71,56,5,141,19,184,70,104,92,160,];False
6286;8117;14403;[198,174,190,32,189,94,6,61,38,163,199,49,12,185,167,15,16,156,147,196,192,150,20,23,176,151,157,183,37,138,126,115,25,74,34,35,93,28,8,154,13,46,188,55,44,45,131,47,68,123,50,86,52,91,69,88,53,59,11,57,132,7,175,62,120,89,2,67,48,63,29,164,4,73,41,114,112,165,153,26,77,60,24,0,84,85,66,118,124,51,90,191,197,168,14,187,128,27,36,33,100,111,122,98,139,105,180,107,158,30,64,96,76,134,99,173,116,10,42,81,169,142,97,95,1,125,145,127,101,129,18,181,148,133,103,143,136,137,43,194,146,9,31,82,144,121,162,171,149,193,78,3,39,130,113,155,17,21,108,159,109,135,140,106,65,87,166,80,152,22,170,75,172,79,117,102,110,177,40,179,58,161,182,178,195,83,186,54,119,72,71,56,5,141,19,184,70,104,92,160,];False
6324;8068;14392;[198,174,190,32,189,94,6,61,38,163,199,49,12,185,167,15,16,156,147,196,192,150,20,23,176,3,157,183,37,138,126,115,25,74,34,35,93,28,8,154,13,46,188,55,44,45,131,47,68,123,50,86,52,91,69,88,53,59,11,57,132,7,175,62,120,89,2,67,48,63,29,164,4,73,41,114,112,165,153,26,77,60,24,0,84,85,66,118,124,51,90,191,197,168,14,187,128,27,36,33,100,111,122,98,139,105,180,107,158,30,64,96,76,134,99,173,116,10,42,81,169,142,97,95,1,125,145,127,101,129,18,181,148,133,103,143,136,137,43,194,146,9,31,82,144,121,162,171,149,193,78,151,39,130,113,155,17,21,108,159,109,135,140,106,65,87,166,80,152,22,170,75,172,79,117,102,110,177,40,179,58,161,182,178,195,83,186,54,119,72,71,56,5,141,19,184,70,104,92,160,];False
6256;8135;14391;[198,174,190,32,189,94,6,61,38,163,199,49,12,185,167,15,16,156,147,196,192,150,20,23,176,3,157,183,37,138,126,115,25,74,34,35,93,28,8,154,13,46,188,55,44,45,131,47,68,123,50,86,52,91,69,88,53,59,11,57,132,7,175,62,120,89,2,67,48,63,29,164,4,73,41,114,112,165,153,26,77,60,24,0,84,85,66,118,124,51,90,191,197,168,14,187,128,27,36,33,100,111,122,98,139,105,180,107,158,30,64,96,76,134,99,173,78,10,42,81,169,142,97,95,1,125,145,127,101,129,18,181,148,133,103,143,136,137,43,194,146,9,31,82,144,121,162,171,149,193,116,151,39,130,113,155,17,21,108,159,109,135,140,106,65,87,166,80,152,22,170,75,172,79,117,102,110,177,40,179,58,161,182,178,195,83,186,54,119,72,71,56,5,141,19,184,70,104,92,160,];False
6297;8094;14391;[198,174,190,32,189,94,6,61,38,163,199,49,97,185,167,15,16,156,147,196,192,150,20,23,176,3,157,183,37,138,126,115,25,74,34,35,93,28,8,154,13,46,188,55,44,45,131,47,68,123,50,86,52,91,69,88,53,59,11,57,132,7,175,62,120,89,2,67,48,63,29,164,4,73,41,114,112,165,153,26,77,60,24,0,84,85,66,118,124,51,90,191,197,168,14,187,128,27,36,33,100,111,122,98,139,105,180,107,158,30,64,96,76,134,99,173,116,10,42,80,169,142,12,95,1,125,145,127,101,129,18,181,148,133,103,143,136,137,43,194,146,9,31,82,144,121,162,171,149,193,78,151,39,130,113,155,17,21,108,159,109,135,140,106,65,87,166,81,152,22,170,75,172,79,117,102,110,177,40,179,58,161,182,178,195,83,186,54,119,72,71,56,5,141,19,184,70,104,92,160,];False
6277;8112;14389;[198,174,190,32,189,94,6,61,38,163,199,49,12,185,167,15,16,156,147,196,192,150,20,23,176,3,157,183,37,138,126,115,25,74,34,35,93,28,8,154,166,46,188,55,44,45,131,47,68,123,50,86,52,91,69,88,53,59,11,57,132,7,175,62,120,89,2,67,48,63,29,164,4,73,41,114,112,165,153,26,77,60,24,0,84,85,66,118,124,51,90,191,197,168,14,187,128,27,36,33,100,111,122,98,139,105,180,107,158,30,64,96,76,134,99,173,116,10,42,80,169,142,97,95,1,125,145,127,101,129,43,181,148,133,103,137,136,143,18,194,146,9,31,82,144,121,162,171,149,193,78,151,39,130,113,155,17,21,108,159,109,135,140,106,65,87,13,81,152,22,170,75,172,79,117,102,110,177,40,179,58,161,182,178,195,83,186,54,119,72,71,56,5,141,19,184,70,104,92,160,];False
6210;8168;14378;[198,174,190,32,189,94,6,61,38,163,199,49,12,185,167,15,16,156,147,196,192,150,20,23,176,3,157,183,37,138,126,115,25,74,34,35,93,28,8,154,166,46,188,55,44,45,131,47,68,123,50,86,52,91,69,88,53,59,11,57,132,7,175,62,120,89,2,67,48,63,29,164,4,73,41,114,112,165,153,26,77,60,24,0,84,85,66,118,124,51,90,191,197,168,14,187,128,27,36,33,100,144,122,98,139,105,180,107,186,30,64,96,76,134,99,173,116,10,42,80,169,142,97,95,1,125,145,127,101,129,43,181,148,133,103,143,136,137,18,194,146,9,31,82,111,121,162,171,149,193,78,151,39,130,113,155,17,21,108,159,109,135,140,106,65,87,13,81,152,22,170,75,172,79,117,102,110,177,40,179,58,161,182,178,195,83,158,54,119,72,71,56,5,141,19,184,70,104,92,160,];False
6291;8085;14376;[198,174,190,32,189,94,6,61,38,163,199,49,12,185,167,15,16,156,147,196,192,150,20,23,176,3,157,183,37,138,126,115,25,74,34,35,93,28,8,154,13,46,188,55,44,45,131,47,68,123,50,86,52,1,69,88,53,59,11,57,132,7,175,62,120,89,2,67,48,63,29,164,4,73,41,114,112,165,153,26,77,60,24,0,84,85,66,118,124,51,90,191,197,168,14,187,128,27,36,33,100,111,122,98,139,105,180,107,158,30,64,96,76,134,99,173,116,10,42,80,169,142,97,95,91,125,145,127,101,129,18,181,148,133,103,143,136,137,43,194,146,9,31,82,144,121,162,171,149,193,78,151,39,130,113,155,17,21,108,159,109,135,140,106,65,87,166,81,152,22,170,75,172,79,117,102,110,177,40,179,58,161,182,178,195,83,186,54,119,72,71,56,5,141,19,184,70,104,92,160,];False
6254;8120;14374;[198,174,190,32,189,94,6,61,38,163,199,49,12,185,167,15,16,156,147,196,192,150,20,23,176,3,157,183,37,138,126,115,25,74,34,35,93,28,8,154,166,46,188,55,44,45,131,47,68,123,50,86,52,91,69,57,53,59,11,88,132,7,175,62,120,89,2,67,48,63,29,164,4,73,41,114,112,165,153,26,77,60,24,0,84,85,66,118,124,51,90,191,197,168,14,187,128,27,36,33,100,111,122,98,139,105,180,107,158,30,64,96,76,134,99,173,116,10,42,80,169,142,97,95,1,125,145,127,101,129,43,181,148,133,103,143,136,137,18,194,146,9,31,82,144,121,162,171,149,193,78,151,39,130,113,155,17,21,108,159,109,135,140,106,65,87,13,81,152,22,170,75,172,79,117,102,110,177,40,179,58,161,182,178,195,83,186,54,119,72,71,56,5,141,19,184,70,104,92,160,];False
6245;8127;14372;[198,174,190,32,189,94,6,61,38,163,199,49,12,185,167,15,16,156,147,196,192,150,20,23,176,3,157,183,37,138,126,115,25,74,34,35,93,28,8,154,166,46,188,55,44,45,131,47,68,123,50,86,52,91,69,88,53,59,11,57,132,7,175,62,120,89,2,67,48,63,29,164,4,73,41,114,112,165,153,26,77,60,24,0,84,85,66,118,124,51,90,191,197,168,14,187,128,27,36,33,100,111,122,98,139,105,180,107,186,30,64,96,76,134,99,173,116,10,42,80,169,142,97,117,1,125,145,127,101,129,43,181,148,133,103,143,136,137,18,194,146,9,31,82,144,121,162,171,149,193,78,151,39,130,113,155,17,21,108,159,109,135,140,106,65,87,13,81,152,22,170,75,172,79,95,102,110,177,40,179,58,161,182,178,195,83,158,54,119,72,71,56,5,141,19,184,70,104,92,160,];False
6303;8067;14370;[198,174,190,32,189,94,6,61,38,163,199,49,12,185,167,15,16,156,147,196,192,150,20,23,176,3,157,183,37,138,126,115,25,74,34,35,93,28,8,154,166,46,188,55,44,45,131,47,68,123,50,86,52,91,69,88,53,59,11,57,132,7,175,62,120,89,2,67,48,63,29,164,4,73,41,114,112,165,153,26,77,60,24,0,84,85,66,118,124,51,90,191,197,168,14,187,128,27,36,33,100,111,122,130,139,105,180,107,158,30,64,96,76,134,99,173,116,10,42,80,169,142,97,95,1,125,145,127,101,129,43,181,148,133,103,143,136,137,18,194,146,9,31,82,144,121,162,171,149,193,78,151,39,98,113,155,17,21,108,159,109,135,140,106,65,87,13,81,152,22,170,75,172,79,117,102,110,177,40,179,58,161,182,178,195,83,186,54,119,72,71,56,5,141,19,184,70,104,92,160,];False
6280;8086;14366;[198,174,190,32,189,94,6,61,38,163,199,49,12,185,167,15,16,156,147,196,192,150,20,23,176,3,157,183,37,138,126,115,25,74,34,35,93,28,8,154,13,46,188,55,44,45,131,47,68,123,50,86,52,91,69,88,53,59,11,57,132,7,175,62,120,89,2,67,48,63,29,164,4,73,41,114,112,165,153,26,77,60,24,0,84,85,66,118,124,51,90,191,197,168,14,187,128,27,36,33,100,111,122,98,139,105,180,107,158,30,64,96,76,134,99,173,116,10,42,80,169,142,97,95,1,125,145,127,101,129,18,181,148,133,103,143,136,137,43,194,146,9,31,82,144,121,162,171,149,193,78,151,39,130,113,155,17,21,108,159,109,135,140,106,65,87,166,81,152,22,170,75,172,79,117,102,110,177,40,179,58,161,182,178,195,83,186,54,119,72,71,56,5,141,19,184,70,104,92,160,];False
6254;8108;14362;[198,174,190,32,189,94,6,61,167,163,199,49,12,185,38,15,16,156,147,196,192,150,20,23,176,3,157,183,37,138,126,115,25,74,34,35,93,28,8,154,166,46,188,55,44,45,131,47,68,123,50,86,52,91,69,88,53,59,11,57,132,7,175,62,120,89,2,67,48,63,29,164,4,73,41,114,112,165,153,26,77,60,24,0,84,85,66,118,124,51,90,191,197,168,14,187,128,27,36,33,100,111,122,98,139,105,180,107,158,30,64,96,76,134,99,173,116,10,42,80,169,142,97,95,1,125,145,127,101,129,43,181,148,133,103,143,136,137,18,194,146,9,31,82,144,121,162,171,149,193,78,151,39,130,113,155,17,21,108,159,109,135,140,106,65,87,13,81,152,22,170,75,172,79,117,102,110,177,40,179,58,161,182,178,195,83,186,54,119,72,71,56,5,141,19,184,70,104,92,160,];False
6268;8094;14362;[198,174,190,32,189,94,6,61,38,163,199,49,12,185,167,15,16,156,147,196,192,150,20,23,176,3,157,183,37,138,126,115,25,74,34,35,93,28,8,154,166,46,188,55,44,45,131,47,68,123,50,86,52,91,69,88,53,59,11,57,132,7,175,62,120,89,2,67,48,63,29,164,4,73,41,114,112,165,153,26,77,60,24,0,84,85,66,118,124,51,90,191,197,168,14,187,128,27,36,33,100,111,122,98,139,105,180,107,158,30,64,96,76,134,99,173,116,10,42,80,169,142,97,95,1,125,145,127,101,129,43,181,148,133,103,143,136,137,18,194,146,9,31,82,144,121,162,171,149,193,78,151,39,130,113,155,17,21,108,70,109,135,140,106,65,87,13,81,152,22,170,75,172,79,117,102,110,177,40,179,58,161,182,178,195,83,186,54,119,72,71,56,5,141,19,184,159,104,92,160,];False
6227;8122;14349;[198,174,190,32,189,94,6,61,38,163,199,49,12,185,167,15,16,156,147,196,192,150,20,23,176,3,157,183,37,138,126,115,25,74,34,35,93,28,8,154,166,46,188,55,44,45,131,47,68,123,50,86,52,91,69,88,53,59,11,57,132,7,175,62,120,89,2,67,48,63,29,164,4,73,41,114,112,165,153,26,77,60,24,0,84,85,66,118,124,51,90,191,197,168,14,187,128,27,36,33,100,111,122,98,139,105,180,107,158,30,64,96,76,134,99,173,116,10,42,80,169,142,97,95,43,125,145,127,101,129,1,181,148,133,103,143,136,137,18,194,146,9,31,82,144,121,162,171,149,193,78,151,39,130,113,155,17,21,108,159,109,135,140,106,65,87,13,81,152,22,170,75,172,79,117,102,110,177,40,179,58,161,182,178,195,83,186,54,119,72,71,56,5,141,19,184,70,104,92,160,];False
6268;8080;14348;[198,174,190,32,189,94,6,61,38,163,199,49,12,185,167,15,16,156,147,196,192,150,20,23,176,3,157,183,37,138,126,115,25,74,34,35,93,28,8,154,166,46,188,55,44,45,131,47,68,123,50,86,52,91,69,88,53,59,11,57,132,7,175,62,120,89,2,67,48,63,29,164,4,73,41,114,112,165,153,26,77,60,24,0,84,85,66,118,124,51,90,191,197,168,14,187,128,27,36,33,100,111,122,98,139,105,180,107,158,30,64,96,76,134,99,173,116,10,42,80,169,142,97,95,1,125,145,127,101,129,18,181,148,133,103,143,136,137,43,194,146,9,31,82,144,121,162,171,149,193,78,151,39,130,113,155,17,21,108,159,109,135,140,106,65,87,13,81,152,22,170,75,172,79,117,102,110,177,40,179,58,161,182,178,195,83,186,54,119,72,71,56,5,141,19,184,70,104,92,160,];False
6233;8115;14348;[198,174,190,32,189,94,6,61,38,163,199,49,12,185,167,15,16,156,147,196,192,150,20,23,176,3,157,183,19,138,126,115,25,74,34,35,93,28,8,154,166,46,188,55,44,45,131,47,68,123,50,86,52,91,69,88,53,59,11,57,132,7,175,62,120,89,2,67,48,63,29,164,4,73,41,114,112,165,153,26,77,60,24,0,84,85,66,118,124,51,90,191,197,168,14,187,128,27,36,33,100,111,122,98,139,105,180,107,158,30,64,96,76,134,99,173,116,10,42,80,169,142,97,95,1,125,145,127,101,129,43,181,148,133,103,143,136,137,18,194,146,9,31,82,144,121,162,171,149,193,78,151,39,130,113,155,17,21,108,159,109,135,140,106,65,87,13,81,152,22,170,75,172,79,117,102,110,177,40,179,58,161,182,178,195,83,186,54,119,72,71,56,5,141,37,184,70,104,92,160,];False
6207;8140;14347;[198,174,190,32,189,94,6,61,38,163,199,49,12,185,167,15,16,156,147,196,192,150,20,23,176,3,157,183,37,138,126,115,25,74,34,35,93,28,8,154,166,46,188,55,44,45,131,47,68,123,50,86,52,91,69,88,53,59,11,57,132,7,175,62,120,89,2,67,48,63,29,164,4,73,41,142,112,165,153,26,77,60,24,0,84,85,66,118,124,51,90,191,197,168,14,187,128,27,36,33,100,111,122,98,139,105,180,107,158,30,64,96,76,134,99,173,116,10,42,80,169,114,97,95,1,125,145,127,101,129,43,181,148,133,103,143,136,137,18,194,146,9,31,82,144,121,162,171,149,193,78,151,39,130,113,155,17,21,108,159,109,135,140,106,65,87,13,81,152,22,170,75,172,79,117,102,110,177,40,179,58,161,182,178,195,83,186,54,119,72,71,56,5,141,19,184,70,104,92,160,];False
6172;8171;14343;[198,174,190,32,189,94,6,61,38,163,199,49,12,185,167,15,16,156,147,196,192,150,20,23,176,3,157,183,37,138,126,115,25,74,34,35,93,28,8,154,166,46,188,55,44,45,131,47,68,123,50,86,52,91,69,88,53,59,11,57,132,7,175,62,120,89,2,67,48,63,29,164,4,73,41,114,112,165,153,26,77,60,24,0,84,85,66,118,124,51,90,191,197,168,14,187,128,27,36,33,100,111,122,98,139,105,180,107,158,30,64,96,76,134,99,173,116,10,42,80,169,142,106,95,1,125,145,127,101,129,43,181,148,133,103,143,136,137,18,194,146,9,31,82,144,121,162,171,149,193,78,151,39,130,113,155,17,21,108,159,109,135,140,97,65,87,13,81,152,22,170,75,172,79,117,102,110,177,40,179,58,161,182,178,195,83,186,54,119,72,71,56,5,141,19,184,70,104,92,160,];False
6244;8089;14333;[198,174,190,32,189,94,6,61,38,163,199,49,12,185,167,15,16,156,147,196,192,150,20,23,176,3,157,183,37,138,126,115,25,74,34,35,93,28,8,154,166,46,188,55,44,45,131,47,68,123,50,86,52,91,69,88,53,59,11,57,132,7,175,62,120,89,2,67,48,63,29,164,4,73,41,114,112,165,153,26,77,60,24,0,84,85,66,118,124,51,90,191,197,168,14,187,128,27,116,33,100,111,122,98,139,105,180,107,158,30,64,96,76,134,99,173,36,10,42,80,169,142,97,95,1,125,145,127,101,129,43,181,148,133,103,143,136,137,18,194,146,9,31,82,144,121,162,171,149,193,78,151,39,130,113,155,17,21,108,159,109,135,140,106,65,87,13,81,152,22,170,75,172,79,117,102,110,177,40,179,58,161,182,178,195,83,186,54,119,72,71,56,5,141,19,184,70,104,92,160,];False
6215;8115;14330;[198,174,190,32,189,94,6,61,38,163,199,49,12,185,167,124,16,156,147,196,192,150,20,23,176,3,157,183,37,138,126,115,25,74,34,35,93,28,8,154,166,46,188,55,44,45,131,47,68,123,50,86,52,91,69,88,53,59,11,57,132,7,175,62,120,89,2,67,48,63,29,164,4,73,41,114,112,165,153,26,77,60,24,0,84,85,66,118,15,51,90,191,197,168,14,187,128,27,36,33,100,111,122,98,139,105,180,107,186,30,64,96,76,134,99,173,116,10,42,80,169,142,97,95,1,125,145,127,101,129,43,181,148,133,103,143,136,137,18,194,146,9,31,82,144,121,162,171,149,193,78,151,39,130,113,155,17,21,108,159,109,135,140,106,65,87,13,81,152,22,170,75,172,79,117,102,110,177,40,179,58,161,182,178,195,83,158,54,119,72,71,56,5,141,19,184,70,104,92,160,];False
6195;8125;14320;[198,174,190,32,189,94,6,61,38,163,199,49,12,185,167,15,16,156,147,196,192,150,20,23,176,3,157,183,37,138,126,115,25,74,34,35,93,28,8,154,166,46,188,55,44,45,131,47,68,123,50,86,52,91,69,88,53,59,11,57,132,7,175,62,120,89,2,67,48,63,29,164,4,73,41,114,112,165,153,26,77,60,24,0,84,85,66,118,124,51,90,191,197,168,14,187,128,27,36,33,100,111,122,98,139,105,180,107,78,30,64,96,76,134,99,173,116,10,42,80,169,142,97,95,1,125,145,127,101,129,18,181,148,133,103,143,136,137,43,194,146,9,31,82,144,121,162,171,149,193,158,151,39,130,113,155,17,21,108,159,109,135,140,106,65,87,13,81,152,22,170,75,172,79,117,102,110,177,40,179,58,161,182,178,195,83,186,54,119,72,71,56,5,141,19,184,70,104,92,160,];False
6220;8095;14315;[198,174,88,32,189,94,6,61,38,163,199,49,12,185,167,15,16,156,147,196,192,150,20,23,176,3,157,183,37,138,126,115,25,74,34,35,93,28,8,154,166,46,188,55,44,45,131,47,68,123,50,86,52,91,69,190,53,59,11,57,132,7,175,62,120,89,2,67,48,63,29,164,4,73,41,114,112,165,153,26,77,60,24,0,84,85,66,118,124,51,90,191,197,168,14,187,128,27,36,33,100,111,122,98,139,105,180,107,158,30,64,96,76,134,99,173,116,10,42,80,169,142,97,95,1,125,145,127,101,129,43,181,148,133,103,143,136,137,18,194,146,9,31,82,144,121,162,171,149,193,78,151,39,130,113,155,17,21,108,159,109,135,140,106,65,87,13,81,152,22,170,75,172,79,117,102,110,177,40,179,58,161,182,178,195,83,186,54,119,72,71,56,5,141,19,184,70,104,92,160,];False
6205;8106;14311;[198,174,190,32,189,94,6,61,38,163,199,49,12,185,167,15,16,156,147,196,75,150,20,23,176,3,157,183,37,138,126,115,25,74,34,35,93,28,8,154,166,46,188,55,44,45,131,47,68,123,50,86,52,91,69,88,53,59,11,57,132,7,175,62,120,89,2,67,48,63,29,164,4,73,41,114,112,165,153,26,77,60,24,0,84,85,66,118,124,51,90,191,197,168,14,187,128,27,36,33,100,111,122,98,139,105,180,107,186,30,64,96,76,134,99,173,116,10,42,80,169,142,97,95,1,125,145,127,101,129,43,181,148,133,103,143,136,137,18,194,146,9,31,82,144,121,162,171,149,193,78,151,39,130,113,155,17,21,108,159,109,135,140,106,65,87,13,81,152,22,170,192,172,79,117,102,110,177,40,179,58,161,182,178,195,83,158,54,119,72,71,56,5,141,19,184,70,104,92,160,];False
6129;8171;14300;[198,174,190,32,189,94,6,61,38,163,199,49,12,185,167,15,16,156,147,196,192,150,20,23,176,3,157,183,37,138,126,115,25,74,34,35,93,28,8,154,166,46,188,55,44,45,131,47,68,123,50,86,52,91,69,88,53,59,11,96,132,7,175,62,120,89,2,67,48,63,29,164,4,73,41,114,112,165,153,26,77,60,24,0,84,85,66,118,124,51,90,191,197,168,14,187,128,27,36,33,100,111,122,98,139,105,180,107,186,30,64,57,76,134,99,173,116,10,42,80,169,142,97,95,1,125,145,127,101,129,43,181,148,133,103,143,136,137,18,194,146,9,31,82,144,121,162,171,149,193,78,151,39,130,113,155,17,21,108,159,109,135,140,106,65,87,13,81,152,22,170,75,172,79,117,102,110,177,40,179,58,161,182,178,195,83,158,54,119,72,71,56,5,141,19,184,70,104,92,160,];False
6081;8215;14296;[198,174,190,32,189,94,6,61,38,163,199,49,12,185,167,15,16,156,147,196,192,150,20,23,176,3,157,183,37,138,126,115,25,74,34,35,93,28,8,154,166,46,188,158,44,45,131,47,68,123,50,86,52,91,69,88,53,59,11,57,132,7,175,62,120,89,2,67,48,63,29,164,4,73,41,114,112,165,153,26,77,60,24,0,84,85,66,118,124,51,90,191,197,168,14,187,128,27,36,33,100,111,122,151,139,105,180,107,186,30,64,96,76,134,99,173,116,10,42,80,169,142,97,95,1,125,145,127,101,129,43,181,148,133,103,143,136,137,18,194,146,9,31,82,144,121,162,171,149,193,78,98,39,130,113,155,17,21,108,159,109,135,140,106,65,87,13,81,152,22,170,75,172,79,117,102,110,177,40,179,58,161,182,178,195,83,55,54,119,72,71,56,5,141,19,184,70,104,92,160,];False
6164;8127;14291;[198,174,190,32,189,94,6,61,38,163,199,49,12,185,167,15,16,156,147,196,192,150,20,23,176,3,157,183,37,138,126,115,25,74,34,35,93,28,8,154,166,46,188,55,44,45,131,47,68,123,50,86,52,91,69,88,53,59,11,57,158,7,175,62,120,89,2,67,48,63,29,164,4,73,41,114,112,165,153,26,77,60,24,0,84,85,66,118,124,51,90,191,197,168,14,187,128,27,36,33,100,111,122,98,139,105,180,107,186,30,64,96,76,134,99,173,116,10,42,80,169,142,97,95,1,125,145,127,101,129,43,181,148,133,103,143,136,137,18,194,146,9,31,82,144,121,162,171,149,193,78,151,39,130,113,155,17,21,108,159,109,135,140,106,65,87,13,81,152,22,170,75,172,79,117,102,110,177,40,179,58,161,182,178,195,83,132,54,119,72,71,56,5,141,19,184,70,104,92,160,];False
6179;8111;14290;[198,174,190,32,189,94,6,161,38,163,199,49,12,185,167,15,16,156,147,196,192,150,20,23,176,3,157,183,37,138,126,115,25,74,34,35,93,28,8,154,166,46,188,55,44,45,131,47,68,123,50,86,52,91,69,88,53,59,11,57,132,7,175,62,120,89,2,67,48,63,29,164,4,73,41,114,112,165,153,26,77,60,24,0,84,85,66,118,124,51,90,191,197,168,14,187,128,27,36,33,100,111,122,98,139,105,180,107,158,30,64,96,76,134,99,173,116,10,42,80,169,142,97,95,1,125,145,127,101,129,43,181,148,133,103,143,136,137,18,194,146,9,31,82,144,121,162,171,149,193,78,151,39,130,113,155,17,21,108,159,109,135,140,106,65,87,13,81,152,22,170,75,172,79,117,102,110,177,40,179,58,61,182,178,195,83,186,54,119,72,71,56,5,141,19,184,70,104,92,160,];False
6127;8162;14289;[198,174,190,32,189,94,6,61,38,163,199,49,12,185,167,15,16,156,147,196,192,150,20,23,176,3,157,183,37,138,126,115,25,74,34,35,93,28,8,117,166,46,188,55,44,45,131,112,68,123,50,86,52,91,69,88,53,59,11,57,132,7,175,62,120,89,2,67,48,63,29,164,4,73,41,114,47,165,153,26,77,60,24,0,84,85,66,118,124,51,90,191,197,168,14,187,128,27,36,33,100,111,122,151,139,105,180,107,186,30,64,96,76,134,99,173,116,10,42,80,169,142,97,95,1,125,145,127,101,129,43,181,148,133,103,143,136,137,18,194,146,9,31,82,144,121,162,171,149,193,78,98,39,130,113,155,17,21,108,159,109,135,140,106,65,87,13,81,152,22,170,75,172,79,154,102,110,177,40,179,58,161,182,178,195,83,158,54,119,72,71,56,5,141,19,184,70,104,92,160,];False
6171;8113;14284;[198,174,190,32,189,94,6,61,38,163,199,49,12,185,167,15,16,156,147,196,192,150,20,23,176,3,157,183,139,138,126,115,25,74,34,35,93,28,8,154,166,46,188,55,44,45,131,47,68,123,50,86,52,91,69,88,53,59,11,57,132,7,175,62,120,89,2,67,48,63,29,164,4,73,41,114,112,165,153,26,77,60,24,0,84,85,66,118,124,51,90,191,197,168,14,187,128,27,36,33,100,111,122,98,37,105,180,107,186,30,64,96,76,134,99,173,116,10,42,80,169,142,97,95,1,125,145,127,101,129,43,181,148,133,103,143,136,137,18,194,146,9,31,82,144,121,162,171,149,193,78,151,39,130,113,155,17,21,108,159,109,135,140,106,65,87,13,81,152,22,170,75,172,79,117,102,110,177,40,179,58,161,182,178,195,83,158,54,119,72,71,56,5,141,19,184,70,104,92,160,];False
6139;8142;14281;[198,174,190,32,189,94,6,61,38,163,199,49,12,185,167,15,16,156,147,196,192,150,20,23,176,3,157,183,37,138,126,115,25,74,34,35,93,28,8,154,166,46,188,55,44,45,131,47,68,123,50,86,52,91,69,88,53,59,11,57,132,7,175,62,120,89,2,67,48,63,29,164,4,73,158,114,112,165,153,26,77,60,24,0,84,85,66,118,124,51,90,191,197,168,14,187,128,27,36,33,100,111,122,98,139,105,180,107,186,30,64,96,76,134,99,173,116,10,42,80,169,142,97,95,1,125,145,127,101,129,43,181,148,133,103,143,136,137,18,194,146,9,31,82,144,121,162,171,149,193,78,151,39,130,113,155,17,21,108,159,109,135,140,106,65,87,13,81,152,22,170,75,172,79,117,102,110,177,40,179,58,161,182,178,195,83,41,54,119,72,71,56,5,141,19,184,70,104,92,160,];False
6162;8115;14277;[198,174,190,32,189,94,6,61,38,163,199,49,12,185,167,15,16,156,147,196,192,150,20,23,176,3,157,183,37,138,126,115,25,74,34,35,93,28,8,154,166,46,188,55,44,45,131,47,68,123,50,86,52,91,69,88,53,59,11,57,165,7,175,62,120,89,2,67,48,63,29,164,4,73,41,114,112,132,153,26,77,60,24,0,84,85,66,118,124,51,90,191,197,168,14,187,128,27,36,33,100,111,122,98,139,105,180,107,186,30,64,96,76,134,99,173,116,10,42,80,169,142,97,95,1,125,145,127,101,129,43,181,148,133,103,143,136,137,18,194,146,9,31,82,144,121,162,171,149,193,78,151,39,130,113,155,17,21,108,159,109,135,140,106,65,87,13,81,152,22,170,75,172,79,117,102,110,177,40,179,58,161,182,178,195,83,158,54,119,72,71,56,5,141,19,184,70,104,92,160,];False
6131;8145;14276;[198,174,190,32,189,94,6,61,38,163,199,49,12,185,167,15,16,156,147,196,192,150,20,23,176,3,157,183,37,138,126,115,25,74,34,35,93,28,8,154,166,46,188,55,44,45,131,47,68,123,50,86,52,91,69,88,53,59,11,57,132,7,175,62,120,89,2,67,48,63,29,164,193,73,41,114,112,165,153,26,77,60,24,0,84,85,66,118,124,51,90,191,197,168,14,187,128,27,36,33,100,111,122,98,139,105,180,107,186,30,64,96,76,134,99,173,116,10,42,80,169,142,97,95,1,125,145,127,101,129,43,181,148,133,103,143,136,137,18,194,146,9,31,82,144,121,162,171,149,4,78,151,39,130,113,155,17,21,108,159,109,135,140,106,65,87,13,81,152,22,170,75,172,79,117,102,110,177,40,179,58,161,182,178,195,83,158,54,119,72,71,56,5,141,19,184,70,104,92,160,];False
6180;8092;14272;[198,174,190,32,189,94,6,61,38,163,199,49,12,185,167,15,16,156,147,196,192,150,20,23,176,3,157,183,37,138,126,115,25,74,34,35,93,28,8,154,166,46,188,55,44,45,131,47,68,123,50,86,52,91,69,88,53,59,11,57,132,81,175,62,120,89,2,67,48,63,29,164,4,73,41,114,112,165,153,26,77,60,24,0,84,85,66,118,124,51,90,191,197,168,14,187,128,27,36,33,100,111,122,98,139,105,180,107,186,30,64,96,76,134,99,173,116,10,42,80,169,142,97,95,1,125,145,127,101,129,43,181,148,133,103,143,136,137,18,194,146,9,31,82,144,121,162,171,149,193,78,151,39,130,113,155,17,21,108,159,109,135,140,106,65,87,13,7,152,22,170,75,172,79,117,102,110,177,40,179,58,161,182,178,195,83,158,54,119,72,71,56,5,141,19,184,70,104,92,160,];False
6053;8204;14257;[198,174,190,32,189,94,6,61,38,163,199,49,12,185,167,15,16,156,147,196,192,150,20,23,176,3,157,183,37,138,126,115,25,74,34,35,93,28,8,154,166,46,188,55,44,45,131,112,68,123,50,86,52,91,69,88,53,59,11,57,132,7,175,62,120,89,2,67,48,63,29,164,4,73,41,114,47,165,153,26,77,60,24,0,84,85,66,118,124,51,90,191,197,168,14,187,128,27,36,33,100,111,122,151,139,105,180,107,186,30,64,96,76,134,99,173,116,10,42,108,169,142,97,95,1,125,145,127,101,129,43,181,148,133,103,143,136,137,18,194,146,9,31,82,144,121,162,171,149,193,78,98,39,130,113,155,17,21,80,159,109,135,140,106,65,87,13,81,152,22,170,75,172,79,117,102,110,177,40,179,58,161,182,178,195,83,158,54,119,72,71,56,5,141,19,184,70,104,92,160,];False
6163;8092;14255;[198,174,190,32,189,94,6,61,38,163,199,49,12,185,167,15,16,156,147,196,192,150,20,23,176,3,157,183,37,138,126,115,25,74,34,35,93,28,8,154,166,46,188,55,44,45,131,47,68,123,50,86,52,91,69,88,53,59,11,57,132,7,175,62,120,89,2,67,48,63,29,164,4,73,41,114,112,165,153,26,77,60,24,0,84,85,66,118,124,51,90,191,197,168,14,187,128,27,36,33,100,111,122,98,139,105,180,107,158,30,64,96,76,134,99,173,116,10,42,80,169,142,97,95,1,125,145,127,101,129,43,181,148,133,103,143,136,137,18,194,146,9,31,82,144,121,162,171,149,193,78,151,39,130,113,155,17,21,108,159,109,135,140,106,65,87,13,81,152,22,170,75,172,79,117,102,110,177,40,179,58,161,182,178,195,83,186,54,119,72,71,56,5,141,19,184,70,104,92,160,];False
6077;8177;14254;[198,174,190,32,189,94,6,61,38,163,199,49,12,185,167,15,16,156,147,196,192,150,20,23,176,3,157,183,37,138,126,115,25,74,34,35,93,28,8,154,166,46,188,55,44,45,131,112,68,123,50,86,52,91,69,88,53,59,11,57,132,7,175,62,120,89,2,67,48,63,29,164,4,73,41,114,47,165,153,26,77,60,24,0,84,85,66,118,124,51,90,191,197,161,14,187,128,27,36,33,100,111,122,151,139,105,180,107,186,30,64,96,76,134,99,173,116,10,42,80,169,142,97,95,1,125,145,127,101,129,43,181,148,133,103,143,136,137,18,194,146,9,31,82,144,121,162,171,149,193,78,98,39,130,113,155,17,21,108,159,109,135,140,106,65,87,13,81,152,22,170,75,172,79,117,102,110,177,40,179,58,168,182,178,195,83,158,54,119,72,71,56,5,141,19,184,70,104,92,160,];False
6058;8189;14247;[198,174,190,32,189,94,6,61,38,163,199,49,12,185,167,15,16,156,147,196,192,150,20,23,176,3,157,183,37,138,126,115,25,74,34,35,93,28,8,154,166,46,188,55,44,45,131,112,68,123,50,86,52,91,69,88,53,59,11,57,132,7,175,62,120,89,2,67,48,63,29,164,4,73,41,114,47,165,153,26,77,60,24,0,84,85,66,118,124,51,90,191,197,168,14,187,128,27,36,33,100,111,122,151,139,105,180,107,186,30,64,96,76,134,99,173,116,10,42,80,110,142,97,95,1,125,145,127,101,129,43,181,148,133,103,143,136,137,18,194,146,9,31,82,144,121,162,171,149,193,78,98,39,130,113,155,17,21,108,159,109,135,140,106,65,87,13,81,152,22,170,75,172,79,117,102,169,177,40,179,58,161,182,178,195,83,158,54,119,72,71,56,5,141,19,184,70,104,92,160,];False
6127;8118;14245;[198,174,190,32,189,5,6,61,38,163,199,49,12,185,167,15,16,156,147,196,192,150,20,23,176,3,157,183,37,138,126,115,25,74,34,35,93,28,8,154,166,46,188,55,44,45,131,47,68,123,50,86,52,91,69,88,53,59,11,57,132,7,175,62,120,89,2,67,48,63,29,164,4,73,41,114,112,165,153,26,77,60,24,0,84,85,66,118,124,51,90,191,197,168,14,187,128,27,36,33,100,111,122,98,139,105,180,107,186,30,64,96,76,134,99,173,116,10,42,80,169,142,97,95,1,125,145,127,101,129,43,181,148,133,103,143,136,137,18,194,146,9,31,82,144,121,162,171,149,193,78,151,39,130,113,155,17,21,108,159,109,135,140,106,65,87,13,81,152,22,170,75,172,79,117,102,110,177,40,179,58,161,182,178,195,83,158,54,119,72,71,56,94,141,19,184,70,104,92,160,];False
6096;8148;14244;[198,174,190,32,189,94,6,61,38,163,199,49,12,185,167,15,16,156,147,196,192,150,20,23,176,3,157,183,37,138,126,115,25,74,34,35,93,28,8,154,166,46,188,55,44,45,131,47,68,123,50,86,52,91,69,88,53,59,11,57,132,7,175,62,120,89,2,67,48,63,29,164,4,73,41,114,112,165,153,26,77,60,24,0,84,85,66,118,124,51,90,191,197,168,14,187,128,27,102,33,100,111,122,151,139,105,180,107,186,30,64,96,76,134,99,173,116,10,42,80,169,142,97,95,1,125,145,127,101,129,43,181,148,133,103,143,136,137,18,194,146,9,31,82,144,121,162,171,149,193,78,98,39,130,113,155,17,21,108,159,109,135,140,106,65,87,13,81,152,22,170,75,172,79,117,36,110,177,40,179,58,161,182,178,195,83,158,54,119,72,71,56,5,141,19,184,70,104,92,160,];False
5997;8245;14242;[198,174,190,32,189,130,6,61,38,163,199,49,12,185,167,15,16,156,147,196,192,150,20,23,176,3,157,183,37,138,126,115,25,74,34,35,93,28,8,154,166,46,188,55,44,45,131,112,68,123,50,86,52,91,69,88,53,59,11,57,132,7,175,62,120,89,2,67,48,63,29,164,4,73,41,114,47,165,153,26,77,60,24,0,84,85,66,118,124,51,90,191,197,168,14,187,128,27,36,33,100,111,122,151,139,105,180,107,186,30,64,96,76,134,99,173,116,10,42,80,169,142,97,95,1,125,145,127,101,129,43,181,148,133,103,143,136,137,18,194,146,9,31,82,144,121,162,171,149,193,78,98,39,94,113,155,17,21,108,159,109,135,140,110,65,87,13,81,152,22,170,75,172,79,117,102,106,177,40,179,58,161,182,178,195,83,158,54,119,72,71,56,5,141,19,184,70,104,92,160,];False
6019;8217;14236;[198,174,190,32,189,130,6,61,38,163,199,49,12,185,167,15,16,156,147,196,192,150,20,23,176,3,157,183,37,138,126,115,25,74,34,35,93,28,8,154,166,46,188,55,44,45,131,112,68,123,50,86,52,91,69,88,53,59,11,57,132,7,175,62,120,89,2,67,48,63,29,164,4,73,41,114,47,165,153,26,77,60,24,0,84,85,66,118,124,51,90,191,197,168,14,187,180,27,36,33,100,111,122,151,139,105,128,107,186,30,64,96,76,134,99,173,116,10,42,80,169,142,97,95,1,125,145,127,101,129,43,181,148,133,103,143,136,137,18,194,146,9,31,82,144,121,162,171,149,193,78,98,39,94,113,155,17,21,108,159,109,135,140,106,65,87,13,81,152,22,170,75,172,79,117,102,110,177,40,179,58,161,182,178,195,83,158,54,119,72,71,56,5,141,19,184,70,104,92,160,];False
6050;8184;14234;[198,174,190,32,189,130,6,61,38,163,199,49,12,185,167,15,16,156,147,196,192,150,20,23,176,3,157,183,37,138,126,115,25,74,34,35,93,28,8,154,166,46,188,55,44,45,131,112,68,123,50,86,52,91,69,88,53,59,11,57,132,7,175,62,120,89,2,67,48,63,29,164,4,73,41,114,47,165,153,26,77,60,24,0,84,85,66,118,124,51,90,191,197,168,14,187,128,27,36,33,100,111,122,151,139,105,180,107,186,30,64,96,76,134,99,173,116,10,42,80,169,142,97,95,1,125,145,127,101,129,43,181,148,133,103,143,136,137,18,194,146,9,102,82,144,121,162,171,149,193,78,98,39,94,113,155,17,21,108,159,109,135,140,106,65,87,13,81,152,22,170,75,172,79,117,31,110,177,40,179,58,161,182,178,195,83,158,54,119,72,71,56,5,141,19,184,70,104,92,160,];False
6128;8100;14228;[198,174,190,32,189,94,6,61,38,163,199,49,12,149,167,15,16,156,147,196,192,150,20,23,176,3,157,183,37,138,126,115,25,74,34,35,93,28,8,154,166,46,188,55,44,45,131,47,68,123,50,86,52,91,69,88,53,59,11,57,132,7,175,62,120,89,2,67,48,63,29,164,4,73,41,114,112,165,153,26,77,60,24,0,84,85,66,118,124,51,90,191,197,168,14,187,128,27,36,33,100,111,122,98,139,105,180,107,186,30,64,96,76,134,99,173,116,10,42,80,169,142,97,95,1,125,145,127,101,129,43,181,148,133,103,143,136,137,18,194,146,9,31,82,144,121,162,171,185,193,78,151,39,130,113,155,17,21,108,159,109,135,140,106,65,87,13,81,152,22,170,75,172,79,117,102,110,177,40,179,58,161,182,178,195,83,158,54,119,72,71,56,5,141,19,184,70,104,92,160,];False
6063;8159;14222;[198,174,190,32,189,130,6,61,38,163,199,49,12,185,167,15,16,156,147,196,192,150,20,23,176,3,157,183,37,138,126,115,25,74,34,35,93,28,8,154,166,46,188,55,44,45,131,112,68,123,50,86,52,91,69,88,53,59,11,57,132,7,175,62,120,89,2,67,48,63,29,164,4,73,41,114,47,165,153,26,77,60,24,0,84,85,66,118,124,51,90,191,197,168,14,187,128,27,36,33,100,111,122,151,139,105,180,140,186,30,64,96,76,134,99,173,116,10,42,80,169,142,97,95,1,125,145,127,101,129,43,181,148,133,103,143,136,137,18,194,146,9,31,82,144,121,162,171,149,193,78,98,39,94,113,155,17,21,108,159,109,135,107,106,65,87,13,81,152,22,170,75,172,79,117,102,110,177,40,179,58,161,182,178,195,83,158,54,119,72,71,56,5,141,19,184,70,104,92,160,];False
6041;8173;14214;[198,174,190,32,189,94,6,61,38,163,199,49,12,185,167,15,16,156,147,196,192,150,20,23,176,3,157,183,37,138,126,115,25,74,34,35,93,28,8,154,166,46,188,55,44,45,131,112,68,123,50,86,52,91,69,88,53,59,11,57,132,7,175,62,120,89,2,67,48,63,29,164,4,73,41,114,47,165,153,26,77,60,24,0,84,85,66,118,124,51,90,191,197,168,14,187,128,27,36,33,100,111,122,151,139,105,180,107,186,30,64,96,76,134,99,173,116,10,42,80,169,142,97,95,1,125,145,127,101,129,43,181,148,133,103,143,136,137,18,194,146,9,31,82,144,121,162,171,149,193,78,98,39,130,113,155,17,21,108,159,109,135,140,106,65,87,13,81,70,22,170,75,172,79,117,102,110,177,40,179,58,161,182,178,195,83,158,54,119,72,71,56,5,141,19,184,152,104,92,160,];False
6029;8173;14202;[198,174,190,32,189,94,6,61,38,163,199,49,12,185,167,15,16,156,147,196,192,150,20,23,176,3,157,183,37,138,126,115,25,74,34,35,93,28,8,154,166,46,188,55,44,45,131,112,68,123,50,86,52,91,69,88,53,59,11,57,132,7,175,62,120,89,141,67,48,63,29,164,4,73,41,114,47,165,153,26,77,60,24,0,84,85,66,118,124,51,90,191,197,168,14,187,128,27,36,33,100,111,122,151,139,105,180,107,186,30,64,96,76,134,99,173,116,10,42,80,169,142,97,95,1,125,145,127,101,129,43,181,148,133,103,143,136,137,18,194,146,9,31,82,144,121,162,171,149,193,78,98,39,130,113,155,17,21,108,159,109,135,140,106,65,87,13,81,152,22,170,75,172,79,117,102,110,177,40,179,58,161,182,178,195,83,158,54,119,72,71,56,5,2,19,184,70,104,92,160,];False
6025;8175;14200;[198,174,190,32,189,94,6,61,38,163,199,49,12,185,167,15,16,156,147,196,192,150,20,23,176,3,157,183,37,138,126,115,25,74,34,35,93,28,8,154,166,46,188,55,44,45,131,112,68,123,50,86,52,91,69,88,53,59,11,57,132,82,175,62,120,89,2,67,48,63,29,164,4,73,41,114,47,165,153,26,77,60,24,0,84,85,66,118,124,51,90,191,197,168,14,187,128,27,36,33,100,111,122,151,139,105,180,107,186,30,64,96,76,134,99,173,116,10,42,80,169,142,97,95,1,125,145,127,101,129,43,181,148,133,103,143,136,137,18,194,146,9,31,7,144,121,162,171,149,193,78,98,39,130,113,155,17,21,108,159,109,135,140,106,65,87,13,81,152,22,170,75,172,79,117,102,110,177,40,179,58,161,182,178,195,83,158,54,119,72,71,56,5,141,19,184,70,104,92,160,];False
6075;8118;14193;[198,174,190,32,189,130,6,61,38,163,199,49,12,185,167,15,16,156,147,196,192,150,20,23,176,3,157,183,37,138,126,115,25,74,34,35,93,28,8,154,166,46,188,55,44,45,131,112,68,123,50,86,52,91,69,88,53,59,11,57,132,110,175,62,120,89,2,67,48,63,29,164,4,73,41,114,47,165,153,26,77,60,24,0,84,85,66,118,124,51,90,191,197,168,14,187,128,27,36,33,100,111,122,151,139,105,180,107,186,30,64,96,76,134,99,173,116,10,42,80,169,142,97,95,1,125,145,127,101,129,43,181,148,133,103,143,136,137,18,194,146,9,31,82,144,121,162,171,149,193,78,98,39,94,113,155,17,21,108,159,109,135,140,106,65,87,13,81,152,22,170,75,172,79,117,102,7,177,40,179,58,161,182,178,195,83,158,54,119,72,71,56,5,141,19,184,70,104,92,160,];False
6039;8153;14192;[198,174,190,32,189,130,6,61,38,163,199,49,12,185,167,15,16,156,147,196,192,150,20,23,176,3,173,183,37,138,126,115,25,74,34,35,93,28,8,154,166,46,188,55,44,45,131,112,68,123,50,86,52,91,69,88,53,59,11,57,132,7,175,62,120,89,2,67,48,63,29,164,4,73,41,114,47,165,153,26,77,60,24,0,84,85,66,118,124,51,90,191,197,168,14,187,128,27,36,33,100,111,122,151,139,105,180,107,186,30,64,96,76,134,99,157,116,10,42,80,169,142,97,95,1,125,145,127,101,129,43,181,148,133,103,143,136,137,18,194,146,9,31,82,144,121,162,171,149,193,78,98,39,94,113,155,17,21,108,159,109,135,140,106,65,87,13,81,152,22,170,75,172,79,117,102,110,177,40,179,58,161,182,178,195,83,158,54,119,72,71,56,5,141,19,184,70,104,92,160,];False
6033;8156;14189;[198,174,190,32,189,102,6,61,38,163,199,49,12,185,167,15,16,156,147,196,192,150,20,23,176,3,157,183,37,138,126,115,25,74,34,35,93,28,8,154,166,46,188,55,44,45,131,112,68,123,50,86,52,91,69,88,53,59,11,57,132,7,175,62,120,89,2,67,48,63,29,164,4,73,41,114,47,165,153,26,77,60,24,0,84,85,66,118,124,51,90,191,197,168,14,187,128,27,36,33,100,111,122,151,139,105,180,107,186,30,64,96,76,134,99,173,116,10,42,80,169,142,97,95,1,125,145,127,101,129,43,181,148,133,103,143,136,137,18,194,146,9,31,82,144,121,162,171,149,193,78,98,39,94,113,155,17,21,108,159,109,135,140,106,65,87,13,81,152,22,170,75,172,79,117,130,110,177,40,179,58,161,182,178,195,83,158,54,119,72,71,56,5,141,19,184,70,104,92,160,];False
6013;8173;14186;[198,174,190,32,189,94,6,61,38,163,199,49,12,185,167,15,16,156,147,196,192,150,20,23,176,3,157,183,37,138,126,115,25,74,34,35,93,28,8,154,166,46,188,55,44,45,131,47,68,123,50,86,52,91,69,88,53,59,11,57,132,7,175,62,120,89,2,67,48,63,29,164,4,73,41,114,112,165,153,26,77,60,24,0,84,85,66,118,124,51,90,191,197,168,14,187,128,27,36,33,100,111,122,151,139,105,5,107,186,30,64,96,76,134,99,173,116,10,42,80,169,142,97,95,1,125,145,127,101,129,43,181,148,133,103,143,136,137,18,194,146,9,31,82,144,121,162,171,149,193,78,98,39,130,113,155,17,21,108,159,109,135,140,106,65,87,13,81,152,22,170,75,172,79,117,102,110,177,40,179,58,161,182,178,195,83,158,54,119,72,71,56,180,141,19,184,70,104,92,160,];False
6045;8140;14185;[198,174,190,32,189,130,6,61,38,163,199,49,12,185,167,15,16,156,147,196,192,150,20,23,176,3,157,183,37,138,126,115,25,74,34,35,93,28,8,154,166,46,188,55,44,45,131,112,68,123,50,86,52,91,69,42,53,59,11,57,132,7,175,62,120,89,2,67,48,63,29,164,4,73,41,114,47,165,153,26,77,60,24,0,84,85,66,118,124,51,90,191,197,168,14,187,128,27,36,33,100,111,122,151,139,105,180,107,186,30,64,96,76,134,99,173,116,10,88,80,169,142,97,95,1,125,145,127,101,129,43,181,148,133,103,143,136,137,18,194,146,9,31,82,144,121,162,171,149,193,78,98,39,94,113,155,17,21,108,159,109,135,140,106,65,87,13,81,152,22,170,75,172,79,117,102,110,177,40,179,58,161,182,178,195,83,158,54,119,72,71,56,5,141,19,184,70,104,92,160,];False
6012;8172;14184;[198,174,190,32,189,130,6,61,38,163,199,49,12,185,167,15,16,156,147,196,192,150,20,23,176,3,157,183,37,138,126,115,25,74,34,35,93,28,8,154,166,46,188,55,44,45,131,112,68,123,50,86,52,91,69,88,53,59,11,57,132,7,175,62,120,89,2,67,48,63,29,164,4,73,41,114,47,165,153,26,77,60,24,0,84,85,66,118,124,51,90,191,197,168,14,187,128,27,36,33,100,111,122,151,139,105,180,107,186,30,64,96,76,134,99,173,116,10,42,80,169,142,97,95,1,125,145,127,101,129,43,181,148,133,103,143,136,121,18,194,146,9,31,82,144,137,162,171,149,193,78,98,39,94,113,155,17,21,108,159,109,135,140,106,65,87,13,81,152,22,170,75,172,79,117,102,110,177,40,179,58,161,182,178,195,83,158,54,119,72,71,56,5,141,19,184,70,104,92,160,];False
6062;8121;14183;[198,174,190,32,189,94,6,61,38,163,199,49,12,185,167,15,16,156,147,196,192,150,20,23,176,3,157,183,37,138,126,115,25,74,34,35,93,28,8,154,166,46,182,55,44,45,131,112,68,123,50,86,52,91,69,88,53,59,11,57,132,7,175,62,120,89,2,67,48,63,29,164,4,73,41,114,47,165,153,26,77,60,24,0,84,85,66,118,124,51,90,191,197,168,14,187,128,27,36,33,100,111,122,151,139,105,180,107,186,30,64,96,76,134,99,173,116,10,42,80,169,142,97,95,1,125,145,127,101,129,43,181,148,133,103,143,136,137,18,194,146,9,31,82,144,121,162,171,149,193,78,98,39,130,113,155,17,21,108,159,109,135,140,106,65,87,13,81,152,22,170,75,172,79,117,102,110,177,40,179,58,161,188,178,195,83,158,54,119,72,71,56,5,141,19,184,70,104,92,160,];False
5997;8185;14182;[198,174,190,32,189,130,6,61,38,163,199,49,12,185,167,15,16,156,147,196,192,150,20,23,176,3,157,183,37,138,126,115,25,74,34,35,93,28,8,154,166,46,188,55,44,45,168,112,68,123,50,86,52,91,69,88,53,59,11,57,132,7,175,62,120,89,2,67,48,63,29,164,4,73,41,114,47,165,153,26,77,60,24,0,84,85,66,118,124,51,90,191,197,131,14,187,128,27,36,33,100,111,122,151,139,105,180,107,186,30,64,96,76,134,99,173,116,10,42,80,169,142,97,95,1,125,145,127,101,129,43,181,148,133,103,143,136,137,18,194,146,9,31,82,144,121,162,171,149,193,78,98,39,94,113,155,17,21,108,159,109,135,140,106,65,87,13,81,152,22,170,75,172,79,117,102,110,177,40,179,58,161,182,178,195,83,158,54,119,72,71,56,5,141,19,184,70,104,92,160,];False
6046;8135;14181;[198,174,190,32,189,94,6,61,38,163,199,49,12,185,167,15,16,156,147,196,192,69,20,23,176,3,157,183,37,138,126,115,25,74,34,35,93,28,8,154,166,46,188,55,44,45,131,47,68,123,50,86,52,91,150,88,53,59,11,57,132,7,175,62,120,89,2,67,48,63,29,164,4,73,41,114,112,165,153,26,77,60,24,0,84,85,66,118,124,51,90,191,197,168,14,187,128,27,36,33,100,111,122,151,139,105,180,107,186,30,64,96,76,134,99,173,116,10,42,80,169,142,97,95,1,125,145,127,101,129,43,181,148,133,103,143,136,137,18,194,146,9,31,82,144,121,162,171,149,193,78,98,39,130,113,155,17,21,108,159,109,135,140,106,65,87,13,81,152,22,170,75,172,79,117,102,110,177,40,179,58,161,182,178,195,83,158,54,119,72,71,56,5,141,19,184,70,104,92,160,];False
6057;8120;14177;[198,174,190,32,189,130,6,61,38,163,199,49,12,185,167,15,16,156,147,196,192,150,20,23,176,3,157,183,37,138,126,115,25,74,34,35,93,28,8,154,166,46,188,55,44,45,131,112,68,123,50,86,52,91,69,88,53,59,11,57,132,7,175,62,120,89,2,67,48,63,29,164,4,73,41,114,47,197,153,26,77,60,24,0,84,85,66,118,124,51,90,191,165,168,14,187,128,27,36,33,100,111,122,151,139,105,180,107,186,30,64,96,76,134,99,173,116,10,42,80,169,142,97,95,1,125,145,127,101,129,43,181,148,133,103,143,136,137,18,194,146,9,31,82,144,121,162,171,149,193,78,98,39,94,113,155,17,21,108,159,109,135,140,106,65,87,13,81,152,22,170,75,172,79,117,102,110,177,40,179,58,161,182,178,195,83,158,54,119,72,71,56,5,141,19,184,70,104,92,160,];False
6074;8103;14177;[198,174,190,32,189,94,6,61,38,163,199,49,12,185,167,15,16,156,147,196,192,150,20,23,176,3,157,183,37,138,126,115,25,74,34,35,93,28,8,154,166,46,188,55,44,45,131,47,68,123,50,86,52,91,69,88,53,59,11,57,132,7,175,62,120,89,2,67,48,63,29,164,4,73,41,114,112,165,153,26,77,60,24,0,84,85,66,118,124,51,90,191,197,168,14,187,128,27,36,33,100,111,122,98,139,105,180,107,186,30,64,96,76,134,99,173,116,10,42,80,169,142,97,95,1,125,145,127,101,129,43,181,148,133,103,143,136,137,18,194,146,9,31,82,144,121,162,171,149,193,78,151,39,130,113,155,17,21,108,159,109,135,140,106,65,87,13,81,152,22,170,75,172,79,117,102,110,177,40,179,58,161,182,178,195,83,158,54,119,72,71,56,5,141,19,184,70,104,92,160,];False
6027;8147;14174;[198,174,190,32,189,94,6,61,38,163,199,49,12,185,167,15,16,156,147,196,192,150,20,23,176,3,157,183,37,138,126,115,25,74,34,35,93,28,8,154,166,46,188,55,44,45,131,112,68,123,50,86,52,91,69,88,53,59,11,57,132,7,175,62,120,89,2,67,48,63,29,164,4,73,41,114,47,165,153,26,77,60,24,0,84,66,85,118,124,51,90,191,197,168,14,187,128,27,36,33,100,111,122,151,139,105,180,107,186,30,64,96,76,134,99,173,116,10,42,80,169,142,97,95,1,125,145,127,101,129,43,181,148,133,103,143,136,137,18,194,146,9,31,82,144,121,162,171,149,193,78,98,39,130,113,155,17,21,108,159,109,135,140,106,65,87,13,81,152,22,170,75,172,79,117,102,110,177,40,179,58,161,182,178,195,83,158,54,119,72,71,56,5,141,19,184,70,104,92,160,];False
5999;8174;14173;[198,174,190,32,189,94,6,61,38,163,199,49,12,185,167,15,16,156,147,196,192,150,20,23,176,3,157,183,172,138,126,115,25,74,34,35,93,28,8,154,166,46,188,55,44,45,131,112,68,123,50,86,52,91,69,88,53,59,11,57,132,7,175,62,120,89,2,67,48,63,29,164,4,73,41,114,47,165,153,26,77,60,24,0,84,85,66,118,124,51,90,191,197,168,14,187,128,27,36,33,100,111,122,151,139,105,180,107,186,30,64,96,76,134,99,173,116,10,42,80,169,142,97,95,1,125,145,127,101,129,43,181,148,133,103,143,136,137,18,194,146,9,31,82,144,121,162,171,149,193,78,98,39,130,113,155,17,21,108,159,109,135,140,106,65,87,13,81,152,22,170,75,37,79,117,102,110,177,40,179,58,161,182,178,195,83,158,54,119,72,71,56,5,141,19,184,70,104,92,160,];False
6051;8120;14171;[198,174,66,32,189,94,6,61,38,163,199,49,12,185,167,15,16,156,147,196,192,150,20,23,176,3,157,183,37,138,126,115,25,74,34,35,93,28,8,154,166,46,188,55,44,45,131,47,68,123,50,86,52,91,69,88,53,59,11,57,132,7,175,62,120,89,2,67,48,63,29,164,4,73,41,114,112,165,153,26,77,60,24,0,84,85,190,118,124,51,90,191,197,168,14,187,128,27,36,33,100,111,122,151,139,105,180,107,186,30,64,96,76,134,99,173,116,10,42,80,169,142,97,95,1,125,145,127,101,129,43,181,148,133,103,143,136,137,18,194,146,9,31,82,144,121,162,171,149,193,78,98,39,130,113,155,17,21,108,159,109,135,140,106,65,87,13,81,152,22,170,75,172,79,117,102,110,177,40,179,58,161,182,178,195,83,158,54,119,72,71,56,5,141,19,184,70,104,92,160,];False
5960;8206;14166;[198,174,190,32,189,94,6,61,38,163,199,49,12,185,167,15,16,156,147,196,192,150,20,23,176,3,157,183,37,138,126,115,25,74,34,35,93,28,8,154,166,46,188,55,44,45,131,112,68,123,50,86,52,91,69,88,53,59,11,57,132,7,175,62,120,89,2,67,48,63,29,164,4,73,41,114,47,165,153,26,77,60,24,0,84,85,66,118,124,51,90,191,197,168,14,187,128,27,36,33,100,111,122,151,139,105,180,107,186,109,64,96,76,134,99,173,116,10,42,80,169,142,97,95,1,125,145,127,101,129,43,181,148,133,103,143,136,137,18,194,146,9,31,82,144,121,162,171,149,193,78,98,39,130,113,155,17,21,108,159,30,135,140,106,65,87,13,81,152,22,170,75,172,79,117,102,110,177,40,179,58,161,182,178,195,83,158,54,119,72,71,56,5,141,19,184,70,104,92,160,];False
6002;8164;14166;[198,174,190,32,189,130,6,61,38,163,199,49,12,185,167,15,16,156,147,196,192,150,20,23,176,3,157,183,37,138,126,115,25,74,34,35,93,28,8,154,166,46,188,55,44,45,131,112,68,123,50,86,52,91,69,88,53,59,11,57,132,7,175,62,120,89,2,67,48,63,29,164,4,73,41,114,47,165,153,26,77,60,24,0,84,85,66,118,124,51,90,191,197,168,14,187,128,27,36,33,100,111,122,151,139,105,180,107,186,30,64,96,76,134,99,173,116,10,42,80,146,142,97,95,1,125,145,127,101,129,43,181,148,133,103,143,136,137,18,194,169,9,31,82,144,121,162,171,149,193,78,98,39,94,113,155,17,21,108,159,109,135,140,106,65,87,13,81,152,22,170,75,172,79,117,102,110,177,40,179,58,161,182,178,195,83,158,54,119,72,71,56,5,141,19,184,70,104,92,160,];False
6009;8156;14165;[198,174,190,32,189,130,6,61,38,163,199,49,12,185,167,15,16,156,147,196,192,150,20,23,176,3,157,183,37,138,126,115,25,74,34,35,93,28,8,154,166,46,188,55,44,45,131,112,68,123,50,86,52,91,69,88,53,140,11,57,132,7,175,62,120,89,2,67,48,63,29,164,4,73,41,114,47,165,153,26,77,60,24,0,84,85,66,118,124,51,90,191,197,168,14,187,128,27,36,33,100,111,122,151,139,105,180,107,186,30,64,96,76,134,99,173,116,10,42,80,169,142,97,95,1,125,145,127,101,129,43,181,148,133,103,143,136,137,18,194,146,9,31,82,144,121,162,171,149,193,78,98,39,94,113,155,17,21,108,159,109,135,59,106,65,87,13,81,152,22,170,75,172,79,117,102,110,177,40,179,58,161,182,178,195,83,158,54,119,72,71,56,5,141,19,184,70,104,92,160,];False
6005;8157;14162;[198,174,190,32,189,94,6,61,38,163,199,49,12,185,167,15,16,156,147,196,192,150,20,23,176,3,157,183,37,138,126,115,25,74,34,35,93,28,8,154,166,46,188,55,44,45,131,112,68,123,50,86,52,91,69,88,53,59,11,57,132,7,175,62,120,89,2,67,48,63,29,164,4,73,41,114,47,165,153,26,77,60,24,0,84,85,66,118,124,51,90,191,197,168,14,187,128,27,36,33,100,111,122,151,139,105,180,107,186,30,64,96,76,134,99,173,116,10,42,80,169,142,97,95,1,125,145,127,101,129,43,181,148,133,103,143,136,137,18,194,82,9,31,146,144,121,162,171,149,193,78,98,39,130,113,155,17,21,108,159,109,135,140,106,65,87,13,81,152,22,170,75,172,79,117,102,110,177,40,179,58,161,182,178,195,83,158,54,119,72,71,56,5,141,19,184,70,104,92,160,];False
6048;8114;14162;[198,174,190,32,189,94,6,61,38,163,199,49,12,185,167,15,16,156,147,196,192,150,20,23,176,3,157,183,37,138,126,115,25,74,34,142,93,28,8,154,166,46,188,55,44,45,131,112,68,123,50,86,52,91,69,88,53,59,11,57,132,7,175,62,120,89,2,67,48,63,29,164,4,73,41,114,47,165,153,26,77,60,24,0,84,85,66,118,124,51,90,191,197,168,14,187,128,27,36,33,100,111,122,151,139,105,180,107,186,30,64,96,76,134,99,173,116,10,42,80,169,35,97,95,1,125,145,127,101,129,43,181,148,133,103,143,136,137,18,194,146,9,31,82,144,121,162,171,149,193,78,98,39,130,113,155,17,21,108,159,109,135,140,106,65,87,13,81,152,22,170,75,172,79,117,102,110,177,40,179,58,161,182,178,195,83,158,54,119,72,71,56,5,141,19,184,70,104,92,160,];False
6046;8115;14161;[198,174,190,32,189,130,6,61,38,163,199,49,12,185,167,15,16,156,147,196,192,150,20,23,176,3,157,183,37,138,126,115,25,74,34,35,93,28,8,154,166,46,188,55,44,45,131,112,68,123,50,86,52,91,69,88,53,59,11,57,132,7,175,62,120,89,2,67,48,63,29,164,4,73,41,114,47,165,153,26,77,60,24,0,84,85,66,118,124,51,90,5,197,168,14,187,128,27,36,33,100,111,122,151,139,105,180,107,186,30,64,96,76,134,99,173,116,10,42,80,169,142,97,95,1,125,145,127,101,129,43,181,148,133,103,143,136,137,18,194,146,9,31,82,144,121,162,171,149,193,78,98,39,94,113,155,17,21,108,159,109,135,140,106,65,87,13,81,152,22,170,75,172,79,117,102,110,177,40,179,58,161,182,178,195,83,158,54,119,72,71,56,191,141,19,184,70,104,92,160,];False
6005;8156;14161;[198,174,190,32,189,130,6,61,38,163,199,49,12,185,167,15,16,156,147,196,192,150,20,23,176,3,157,183,37,138,126,115,25,74,34,35,93,28,8,154,166,46,188,55,44,45,131,112,68,123,50,86,52,91,69,88,53,59,11,57,132,7,175,62,120,89,2,67,48,63,29,164,4,73,41,114,47,165,153,26,77,60,24,0,84,85,66,118,124,51,90,191,197,168,14,187,128,27,36,33,100,111,122,151,110,105,180,107,186,30,64,96,76,134,99,173,116,10,42,80,169,142,97,95,1,125,145,127,101,129,43,181,148,133,103,143,136,137,18,194,146,9,31,82,144,121,162,171,149,193,78,98,39,94,113,155,17,21,108,159,109,135,140,106,65,87,13,81,152,22,170,75,172,79,117,102,139,177,40,179,58,161,182,178,195,83,158,54,119,72,71,56,5,141,19,184,70,104,92,160,];False
5971;8189;14160;[198,174,190,32,189,130,6,61,38,163,199,49,12,185,167,15,16,156,147,196,192,150,20,23,176,3,157,183,37,138,126,115,25,74,34,35,93,28,8,154,166,46,188,55,44,45,131,112,68,123,50,86,52,91,69,88,53,59,82,57,132,7,175,62,120,89,2,67,48,63,29,164,4,73,41,114,47,165,153,26,77,60,24,0,84,85,66,118,124,51,90,191,197,168,14,187,128,27,36,33,100,111,122,151,139,105,180,107,186,30,64,96,76,134,99,173,116,10,42,80,169,142,97,95,1,125,145,127,101,129,43,181,148,133,103,143,136,137,18,194,146,9,31,11,144,121,162,171,149,193,78,98,39,94,113,155,17,21,108,159,109,135,140,106,65,87,13,81,152,22,170,75,172,79,117,102,110,177,40,179,58,161,182,178,195,83,158,54,119,72,71,56,5,141,19,184,70,104,92,160,];False
6037;8122;14159;[198,174,190,32,189,130,6,61,38,163,199,49,12,185,167,15,16,156,147,196,192,150,20,23,176,3,157,183,37,138,126,115,25,74,34,35,93,28,8,154,166,46,188,55,44,45,131,112,68,123,50,86,52,91,69,88,165,59,11,57,132,7,175,62,120,89,2,67,48,63,29,164,4,73,41,114,47,53,153,26,77,60,24,0,84,85,66,118,124,51,90,191,197,168,14,187,128,27,36,33,100,111,122,151,139,105,180,107,186,30,64,96,76,134,99,173,116,10,42,80,169,142,97,95,1,125,145,127,101,129,43,181,148,133,103,143,136,137,18,194,146,9,31,82,144,121,162,171,149,193,78,98,39,94,113,155,17,21,108,159,109,135,140,106,65,87,13,81,152,22,170,75,172,79,117,102,110,177,40,179,58,161,182,178,195,83,158,54,119,72,71,56,5,141,19,184,70,104,92,160,];False
5991;8163;14154;[198,174,190,32,189,130,6,61,38,163,199,49,12,185,167,15,16,156,147,196,192,150,20,23,176,3,157,183,37,138,126,115,25,74,34,35,93,28,8,154,166,46,188,55,44,45,131,112,68,123,50,86,52,91,69,88,53,59,11,57,132,7,175,62,120,89,2,67,48,63,29,164,4,73,41,114,47,165,153,26,77,60,24,0,84,85,66,118,124,51,90,191,197,168,80,187,128,27,36,33,100,111,122,151,139,105,180,107,186,30,64,96,76,134,99,173,116,10,42,14,169,142,97,95,1,125,145,127,101,129,43,181,148,133,103,143,136,137,18,194,146,9,31,82,144,121,162,171,149,193,78,98,39,94,113,155,17,21,108,159,109,135,140,106,65,87,13,81,152,22,170,75,172,79,117,102,110,177,40,179,58,161,182,178,195,83,158,54,119,72,71,56,5,141,19,184,70,104,92,160,];False
6061;8093;14154;[198,174,190,32,189,130,6,61,38,163,199,49,12,185,167,15,16,156,147,196,192,150,20,23,176,3,157,183,37,138,126,115,25,74,34,35,93,28,8,154,166,46,188,55,44,45,131,112,68,123,50,86,52,91,69,88,53,59,11,57,132,7,175,62,120,89,2,67,48,63,29,164,4,73,41,114,47,165,153,26,77,60,24,0,84,85,66,118,124,51,90,191,197,168,14,187,128,27,36,33,100,111,122,151,139,105,180,107,186,30,64,96,76,134,99,173,116,10,42,80,169,142,97,95,1,125,145,127,101,129,43,181,148,133,103,143,136,137,18,194,146,9,31,82,144,121,162,171,149,193,78,98,39,94,113,155,17,21,108,159,109,135,140,106,65,87,13,81,152,161,170,75,172,79,117,102,110,177,40,179,58,22,182,178,195,83,158,54,119,72,71,56,5,141,19,184,70,104,92,160,];False
6022;8131;14153;[198,174,190,32,189,94,6,61,38,163,199,49,12,185,167,15,16,156,147,196,192,150,20,23,176,3,157,183,37,138,126,115,25,74,34,35,93,28,8,154,166,46,188,55,44,45,131,112,68,123,50,86,52,91,69,88,53,59,11,57,132,7,175,62,120,89,2,67,48,63,29,164,4,73,41,114,47,165,153,26,77,60,24,0,84,85,66,118,124,51,90,191,197,168,14,187,128,27,36,33,100,111,122,151,139,105,180,107,186,30,64,96,76,134,195,173,116,10,42,80,169,142,97,95,1,125,145,127,101,129,43,181,148,133,103,143,136,137,18,194,146,9,31,82,144,121,162,171,149,193,78,98,39,130,113,155,17,21,108,159,109,135,140,106,65,87,13,81,152,22,170,75,172,79,117,102,110,177,40,179,58,161,182,178,99,83,158,54,119,72,71,56,5,141,19,184,70,104,92,160,];False
6034;8117;14151;[198,174,190,32,189,94,6,61,38,163,199,49,12,185,167,15,16,156,147,196,192,150,20,23,176,3,157,183,170,138,126,115,25,74,34,35,93,28,8,154,166,46,188,55,44,45,131,47,68,123,50,86,52,91,69,88,53,59,11,57,132,7,175,62,120,89,2,67,48,63,29,164,4,73,41,114,112,165,153,26,77,60,24,0,84,85,66,118,124,51,90,191,197,168,14,187,128,27,36,33,100,111,122,151,139,105,180,107,186,30,64,96,76,134,99,173,116,10,42,80,169,142,97,95,1,125,145,127,101,129,43,181,148,133,103,143,136,137,18,194,146,9,31,82,144,121,162,171,149,193,78,98,39,130,113,155,17,21,108,159,109,135,140,106,65,87,13,81,152,22,37,75,172,79,117,102,110,177,40,179,58,161,182,178,195,83,158,54,119,72,71,56,5,141,19,184,70,104,92,160,];False
6010;8139;14149;[198,174,190,32,189,94,6,61,38,163,199,49,12,185,167,15,16,156,147,196,192,150,20,23,176,3,157,183,37,138,126,115,25,74,34,35,93,28,8,154,166,46,188,55,44,45,131,112,68,123,50,86,52,91,69,88,53,59,134,57,132,7,175,62,120,89,2,67,48,63,29,164,4,73,41,114,47,165,153,26,77,60,24,0,84,85,66,118,124,51,90,191,197,168,14,187,128,27,36,33,100,111,122,151,139,105,180,107,186,30,64,96,76,11,99,173,116,10,42,80,169,142,97,95,1,125,145,127,101,129,43,181,148,133,103,143,136,137,18,194,146,9,31,82,144,121,162,171,149,193,78,98,39,130,113,155,17,21,108,159,109,135,140,106,65,87,13,81,152,22,170,75,172,79,117,102,110,177,40,179,58,161,182,178,195,83,158,54,119,72,71,56,5,141,19,184,70,104,92,160,];False
5998;8149;14147;[198,174,190,32,189,130,6,61,38,163,199,49,12,185,167,15,16,156,147,196,192,150,20,23,176,3,157,183,37,138,7,115,25,74,34,35,93,28,8,154,166,46,188,55,44,45,131,112,68,123,50,86,52,91,69,88,53,59,11,57,132,126,175,62,120,89,2,67,48,63,29,164,4,73,41,114,47,165,153,26,77,60,24,0,84,85,66,118,124,51,90,191,197,168,14,187,128,27,36,33,100,111,122,151,139,105,180,107,186,30,64,96,76,134,99,173,116,10,42,80,169,142,97,95,1,125,145,127,101,129,43,181,148,133,103,143,136,137,18,194,146,9,31,82,144,121,162,171,149,193,78,98,39,94,113,155,17,21,108,159,109,135,140,106,65,87,13,81,152,22,170,75,172,79,117,102,110,177,40,179,58,161,182,178,195,83,158,54,119,72,71,56,5,141,19,184,70,104,92,160,];False
5974;8170;14144;[198,174,190,32,189,130,6,61,38,163,199,64,12,185,167,15,16,156,147,196,192,150,20,23,176,3,157,183,37,138,126,115,25,74,34,35,93,28,8,154,166,46,188,55,44,45,131,112,68,123,50,86,52,91,69,88,53,59,11,57,132,7,175,62,120,89,2,67,48,63,29,164,4,73,41,114,47,165,153,26,77,60,24,0,84,85,66,118,124,51,90,191,197,168,14,187,128,27,36,33,100,111,122,151,139,105,180,107,186,30,49,96,76,134,99,173,116,10,42,80,169,142,97,95,1,125,145,127,101,129,43,181,148,133,103,143,136,137,18,194,146,9,31,82,144,121,162,171,149,193,78,98,39,94,113,155,17,21,108,159,109,135,140,106,65,87,13,81,152,22,170,75,172,79,117,102,110,177,40,179,58,161,182,178,195,83,158,54,119,72,71,56,5,141,19,184,70,104,92,160,];False
6006;8135;14141;[198,174,190,32,189,130,6,61,38,163,199,49,12,185,167,15,16,156,147,196,192,150,20,23,176,3,157,183,37,138,126,115,25,74,34,35,93,28,8,154,166,46,188,55,33,45,131,112,68,123,50,86,52,91,69,88,53,59,11,57,132,7,175,62,120,89,2,67,48,63,29,164,4,73,41,114,47,165,153,26,77,60,24,0,84,85,66,118,124,51,90,191,197,168,14,187,128,27,36,44,100,111,122,151,139,105,180,107,186,30,64,96,76,134,99,173,116,10,42,80,169,142,97,95,1,125,145,127,101,129,43,181,148,133,103,143,136,137,18,194,146,9,31,82,144,121,162,171,149,193,78,98,39,94,113,155,17,21,108,159,109,135,140,106,65,87,13,81,152,22,170,75,172,79,117,102,110,177,40,179,58,161,182,178,195,83,158,54,119,72,71,56,5,141,19,184,70,104,92,160,];False
5975;8165;14140;[198,174,190,32,189,130,6,61,38,163,199,49,12,185,167,15,16,156,147,196,192,150,20,23,176,3,157,183,37,138,126,115,25,74,34,35,93,28,8,154,166,46,188,55,44,45,131,112,68,123,50,86,52,91,69,88,53,59,11,57,132,7,175,62,120,89,2,67,48,63,29,164,4,73,41,114,47,165,153,26,77,60,24,0,84,85,66,118,124,51,90,191,197,168,14,187,128,27,36,33,100,111,122,151,139,105,180,107,186,30,64,96,76,134,99,173,116,10,42,80,169,142,97,95,1,125,145,127,101,129,43,181,148,133,103,143,136,137,18,194,146,9,31,82,144,121,162,171,149,193,104,98,39,94,113,155,17,21,108,159,109,135,140,106,65,87,13,81,152,22,170,75,172,79,117,102,110,177,40,179,58,161,182,178,195,83,158,54,119,72,71,56,5,141,19,184,70,78,92,160,];False
5986;8153;14139;[198,174,162,32,189,94,6,61,38,163,199,49,12,185,167,15,16,156,147,196,192,150,20,23,176,3,157,183,37,138,126,115,25,74,34,35,93,28,8,154,166,46,188,55,44,45,131,112,68,123,50,86,52,91,69,88,53,59,11,57,132,7,175,62,120,89,2,67,48,63,29,164,4,73,41,114,47,165,153,26,77,60,24,0,84,85,66,118,124,51,90,191,197,168,14,187,128,27,36,33,100,111,122,151,139,105,180,107,186,30,64,96,76,134,99,173,116,10,42,80,169,142,97,95,1,125,145,127,101,129,43,181,148,133,103,143,136,137,18,194,146,9,31,82,144,121,190,171,149,193,78,98,39,130,113,155,17,21,108,159,109,135,140,106,65,87,13,81,152,22,170,75,172,79,117,102,110,177,40,179,58,161,182,178,195,83,158,54,119,72,71,56,5,141,19,184,70,104,92,160,];False
5990;8149;14139;[198,174,190,32,189,94,6,61,38,163,199,49,12,185,167,15,16,156,147,107,192,150,20,23,176,3,157,183,37,138,126,115,25,74,34,35,93,28,8,154,166,46,188,55,44,45,131,112,68,123,50,86,52,91,69,88,53,59,11,57,132,7,175,62,120,89,2,67,48,63,29,164,4,73,41,114,47,165,153,26,77,60,24,0,84,85,66,118,124,51,90,191,197,168,14,187,128,27,36,33,100,111,122,151,139,105,180,196,186,30,64,96,76,134,99,173,116,10,42,80,169,142,97,95,1,125,145,127,101,129,43,181,148,133,103,143,136,137,18,194,146,9,31,82,144,121,162,171,149,193,78,98,39,130,113,155,17,21,108,159,109,135,140,106,65,87,13,81,152,22,170,75,172,79,117,102,110,177,40,179,58,161,182,178,195,83,158,54,119,72,71,56,5,141,19,184,70,104,92,160,];False
5986;8153;14139;[198,174,190,32,189,130,6,61,38,163,199,49,12,185,167,15,16,156,172,196,192,150,20,23,176,3,157,183,37,138,126,115,25,74,34,35,93,28,8,154,166,46,188,55,44,45,131,112,68,123,50,86,52,91,69,88,53,59,11,57,132,7,175,62,120,89,2,67,48,63,29,164,4,73,41,114,47,165,153,26,77,60,24,0,84,85,66,118,124,51,90,191,197,168,14,187,128,27,36,33,100,111,122,151,139,105,180,107,186,30,64,96,76,134,99,173,116,10,42,80,169,142,97,95,1,125,145,127,101,129,43,181,148,133,103,143,136,137,18,194,146,9,31,82,144,121,162,171,149,193,78,98,39,94,113,155,17,21,108,159,109,135,140,106,65,87,13,81,152,22,170,75,147,79,117,102,110,177,40,179,58,161,182,178,195,83,158,54,119,72,71,56,5,141,19,184,70,104,92,160,];False
5992;8145;14137;[198,174,190,32,189,130,6,61,38,163,199,49,12,185,167,15,16,156,147,196,192,150,20,23,176,3,157,183,37,138,126,115,25,74,34,35,93,28,8,154,166,46,120,55,44,45,131,112,68,123,50,86,52,91,69,88,53,59,11,57,132,7,175,62,188,89,2,67,48,63,29,164,4,73,41,114,47,165,153,26,77,60,24,0,84,85,66,118,124,51,90,191,197,168,14,187,128,27,36,33,100,111,122,151,139,105,180,107,186,30,64,96,76,134,99,173,116,10,42,80,169,142,97,81,1,125,145,127,101,129,43,181,148,133,103,143,136,137,18,194,146,9,31,82,144,121,162,171,149,193,78,98,39,94,113,155,17,21,108,159,109,135,140,106,65,87,13,95,152,22,170,75,172,79,117,102,110,177,40,179,58,161,182,178,195,83,158,54,119,72,71,56,5,141,19,184,70,104,92,160,];False
5969;8167;14136;[198,174,190,32,189,130,6,61,38,163,199,49,12,185,167,15,16,156,147,196,192,150,20,23,176,3,157,183,37,138,126,115,25,74,34,35,93,28,8,154,166,46,188,55,44,45,131,112,68,123,50,86,52,91,69,88,53,59,11,57,132,7,175,62,120,89,2,67,48,63,29,164,4,73,41,114,47,165,153,26,77,60,24,0,84,85,66,118,124,51,90,191,197,168,14,187,128,27,36,33,100,111,122,151,139,105,180,107,186,30,64,96,76,134,99,173,116,10,42,80,169,142,97,95,1,125,145,127,101,129,43,181,148,133,103,143,136,137,18,194,146,9,31,82,144,121,162,171,149,193,78,98,39,94,113,155,17,21,108,159,109,135,140,106,65,87,13,81,152,22,170,75,172,79,72,102,110,177,40,179,58,161,182,178,195,83,158,54,119,117,71,56,5,141,19,184,70,104,92,160,];False
6018;8117;14135;[198,174,190,32,189,130,6,61,38,163,199,49,12,185,167,15,16,156,147,196,192,150,20,23,176,3,157,183,37,138,126,115,25,74,34,35,93,28,8,154,166,46,188,55,72,45,131,112,68,123,50,86,52,91,69,88,53,59,11,57,132,7,175,62,120,89,2,67,48,63,29,164,4,73,41,114,47,165,153,26,77,60,24,0,84,85,66,118,124,51,90,191,197,168,14,187,128,27,36,33,100,111,122,151,139,105,180,107,186,30,64,96,76,134,99,173,116,10,42,80,169,142,97,95,1,125,145,127,101,129,43,181,148,133,103,143,136,137,18,194,146,9,31,82,144,121,162,171,149,193,78,98,39,94,113,155,17,21,108,159,109,135,140,106,65,87,13,81,152,22,170,75,172,79,117,102,110,177,40,179,58,161,182,178,195,83,158,54,119,44,71,56,5,141,19,184,70,104,92,160,];False
5999;8136;14135;[198,174,190,32,189,130,6,61,38,163,199,49,12,185,167,15,16,156,147,196,192,150,20,23,176,3,157,183,37,138,126,115,25,74,34,35,93,28,8,154,166,46,188,55,44,45,131,112,68,123,50,86,52,91,69,88,53,59,11,57,132,7,175,62,120,89,2,67,48,63,29,164,4,73,41,182,47,165,153,26,77,60,24,0,84,85,66,118,124,51,90,191,197,168,14,187,128,27,36,33,100,111,122,151,139,105,180,107,186,30,64,96,76,134,99,173,116,10,42,80,169,142,97,95,1,125,145,127,101,129,43,181,148,133,103,143,136,137,18,194,146,9,31,82,144,121,162,171,149,193,78,98,39,94,113,155,17,21,108,159,109,135,140,106,65,87,13,81,152,22,170,75,172,79,117,102,110,177,40,179,58,161,114,178,195,83,158,54,119,72,71,56,5,141,19,184,70,104,92,160,];False
6019;8114;14133;[198,174,190,32,189,130,6,61,38,163,199,49,12,185,167,15,16,156,147,196,192,150,20,23,176,3,157,183,37,138,126,115,25,74,34,35,93,28,8,154,166,46,188,55,44,45,131,112,68,123,50,86,52,91,69,88,53,58,11,57,132,7,175,62,120,89,2,67,48,63,29,164,4,73,41,114,47,165,153,26,77,60,24,0,84,85,66,118,124,51,90,191,197,168,14,187,128,27,36,33,100,111,122,151,139,105,180,107,186,30,64,96,76,134,99,173,116,10,42,80,169,142,97,95,1,125,145,127,101,129,43,181,148,133,103,143,136,137,18,194,146,9,31,82,144,121,162,171,149,193,78,98,39,94,113,155,17,21,108,159,109,135,140,106,65,87,13,81,152,22,170,75,172,79,117,102,110,177,40,179,59,161,182,178,195,83,158,54,119,72,71,56,5,141,19,184,70,104,92,160,];False
5998;8134;14132;[198,174,190,32,189,94,6,61,38,163,199,49,12,185,167,15,16,156,147,196,192,150,20,23,176,3,157,183,37,138,126,115,25,74,34,35,93,28,8,154,166,46,188,55,44,45,131,112,68,123,50,86,52,91,69,88,53,59,11,57,132,7,175,62,120,89,182,67,48,63,29,164,4,73,41,114,47,165,153,26,77,60,24,0,84,85,66,118,124,51,90,191,197,168,14,187,128,27,36,33,100,111,122,151,139,105,180,107,186,30,64,96,76,134,99,173,116,10,42,80,169,142,97,95,1,125,145,127,101,129,43,181,148,133,103,143,136,137,18,194,146,9,31,82,144,121,162,171,149,193,78,98,39,130,113,155,17,21,108,159,109,135,140,106,65,87,13,81,152,22,170,75,172,79,117,102,110,177,40,179,58,161,2,178,195,83,158,54,119,72,71,56,5,141,19,184,70,104,92,160,];False
5985;8142;14127;[198,174,190,32,189,130,6,61,38,163,199,49,12,185,167,15,16,156,147,196,192,150,20,23,176,3,157,183,37,138,126,115,25,74,34,35,93,28,8,154,166,46,188,55,44,45,131,112,68,123,50,86,52,91,69,88,53,59,11,57,132,7,175,62,9,89,2,67,48,63,29,164,4,73,41,114,47,165,153,26,77,60,24,0,84,85,66,118,124,51,90,191,197,168,14,187,128,27,36,33,100,111,122,151,139,105,180,107,186,30,64,96,76,134,99,173,116,10,42,80,169,142,97,95,1,125,145,127,101,129,43,181,148,133,103,143,136,137,18,194,146,120,31,82,144,121,162,171,149,193,78,98,39,94,113,155,17,21,108,159,109,135,140,106,65,87,13,81,152,22,170,75,172,79,117,102,110,177,40,179,58,161,182,178,195,83,158,54,119,72,71,56,5,141,19,184,70,104,92,160,];False
5957;8169;14126;[198,174,190,32,189,94,6,61,38,163,199,49,12,185,167,15,16,156,147,196,192,150,20,23,176,3,157,183,37,138,126,115,25,74,34,35,93,28,8,154,166,46,188,55,44,45,131,112,68,123,50,86,52,91,69,88,53,59,11,57,132,7,175,62,120,89,2,67,48,63,29,164,4,73,41,114,47,165,153,26,77,60,24,0,84,85,66,118,124,51,90,191,197,168,14,187,128,27,36,33,100,111,122,151,172,105,180,107,186,30,64,96,76,134,99,173,116,10,42,80,169,142,97,95,1,125,145,127,101,129,43,181,148,133,103,143,136,137,18,194,146,9,31,82,144,121,162,171,149,193,78,98,39,130,113,155,17,21,108,159,109,135,140,106,65,87,13,81,152,22,170,75,139,79,117,102,110,177,40,179,58,161,182,178,195,83,158,54,119,72,71,56,5,141,19,184,70,104,92,160,];False
5970;8155;14125;[198,174,190,32,189,130,6,61,38,163,199,49,12,185,167,15,16,156,147,196,192,150,20,23,176,3,51,183,37,138,126,115,25,74,34,35,93,28,8,154,166,46,188,55,44,45,131,112,68,123,50,86,52,91,69,88,53,59,11,57,132,7,175,62,120,89,2,67,48,63,29,164,4,73,41,114,47,165,153,26,77,60,24,0,84,85,66,118,124,157,90,191,197,168,14,187,128,27,36,33,100,111,122,151,139,105,180,107,186,30,64,96,76,134,99,173,116,10,42,80,169,142,97,95,1,125,145,127,101,129,43,181,148,133,103,143,136,137,18,194,146,9,31,82,144,121,162,171,149,193,78,98,39,94,113,155,17,21,108,159,109,135,140,106,65,87,13,81,152,22,170,75,172,79,117,102,110,177,40,179,58,161,182,178,195,83,158,54,119,72,71,56,5,141,19,184,70,104,92,160,];False
5938;8186;14124;[198,174,190,32,189,94,6,61,38,163,199,49,12,185,167,15,16,156,147,196,192,150,20,23,176,3,157,183,37,138,126,115,25,74,34,35,93,28,8,154,166,46,188,55,44,45,131,112,68,123,50,86,52,91,69,88,53,59,11,57,132,7,175,62,120,89,2,67,48,63,29,164,4,73,41,114,47,165,153,26,77,60,24,0,84,85,66,118,124,51,90,191,197,168,14,187,128,27,36,33,100,111,122,151,139,105,180,107,186,30,64,96,76,134,99,173,116,10,42,80,169,142,97,95,1,125,145,127,101,129,43,181,148,133,103,143,136,137,18,194,146,9,31,82,144,121,162,171,149,193,78,98,39,130,113,155,17,21,108,159,109,135,140,106,65,87,13,81,152,22,170,75,172,79,117,102,110,177,40,179,58,161,182,178,195,83,158,54,119,72,71,56,160,141,19,184,70,104,92,5,];False
6001;8122;14123;[198,174,190,32,189,130,6,61,38,163,199,49,12,185,167,15,16,156,147,196,192,150,20,23,176,3,157,183,37,138,126,115,25,74,34,35,93,28,8,154,166,46,188,55,44,45,131,112,68,123,50,86,52,91,69,88,53,59,11,57,132,7,175,62,120,89,2,67,48,63,29,164,4,73,41,114,47,165,153,26,77,60,24,0,84,85,66,118,124,51,90,191,197,168,14,187,128,27,36,33,100,111,122,151,139,105,180,107,186,30,64,96,76,134,99,173,116,10,42,80,169,142,97,95,1,125,145,127,101,129,43,181,148,133,103,143,136,193,18,194,146,9,31,82,144,121,162,171,149,137,78,98,39,94,113,155,17,21,108,159,109,135,140,106,65,87,13,81,152,22,170,75,172,79,117,102,110,177,40,179,58,161,182,178,195,83,158,54,119,72,71,56,5,141,19,184,70,104,92,160,];False
5996;8127;14123;[198,174,190,32,189,94,6,61,38,163,199,49,12,185,167,15,16,156,147,196,192,150,20,23,176,3,157,183,37,138,126,115,25,74,34,35,93,28,8,154,166,46,188,55,44,45,131,112,68,123,50,86,52,91,69,88,53,59,11,57,132,7,175,62,120,89,2,67,48,63,29,164,4,73,41,114,47,165,153,26,77,60,24,0,84,85,66,118,124,51,90,191,197,168,14,187,128,27,36,33,100,111,122,151,139,105,180,107,186,30,64,96,76,134,99,173,116,10,42,80,169,142,97,95,1,125,145,127,101,129,43,181,148,133,103,143,136,137,18,194,146,9,31,82,144,121,162,171,149,193,178,98,39,130,113,155,17,21,108,159,109,135,140,106,65,87,13,81,152,22,170,75,172,79,117,102,110,177,40,179,58,161,182,78,195,83,158,54,119,72,71,56,5,141,19,184,70,104,92,160,];False
5943;8180;14123;[198,174,190,32,189,130,6,61,38,163,199,49,12,185,167,15,16,156,147,196,192,150,20,23,176,3,157,183,37,138,126,115,25,74,34,35,93,28,8,154,166,46,188,55,44,45,131,112,68,123,50,86,52,91,69,88,53,59,11,57,132,7,175,62,120,89,2,67,48,63,29,164,4,73,41,114,47,165,153,26,77,60,24,0,84,85,66,118,124,51,90,191,197,168,14,187,128,27,36,33,100,111,122,151,139,13,180,107,186,30,64,96,76,134,99,173,116,10,42,80,169,142,97,95,1,125,145,127,101,129,43,181,148,133,103,143,136,137,18,194,146,9,31,82,144,121,162,171,149,193,78,98,39,94,113,155,17,21,108,159,109,135,140,106,65,87,105,81,152,22,170,75,172,79,117,102,110,177,40,179,58,161,182,178,195,83,158,54,119,72,71,56,5,141,19,184,70,104,92,160,];False
5973;8148;14121;[198,174,190,32,189,94,6,61,38,163,199,49,12,185,167,15,16,156,147,196,192,150,20,23,176,3,142,183,37,138,126,115,25,74,34,35,93,28,8,154,166,46,188,55,44,45,131,112,68,123,50,86,52,91,69,88,53,59,11,57,132,7,175,62,120,89,2,67,48,63,29,164,4,73,41,114,47,165,153,26,77,60,24,0,84,85,66,118,124,51,90,191,197,168,14,187,128,27,36,33,100,111,122,151,139,105,180,107,186,30,64,96,76,134,99,173,116,10,42,80,169,157,97,95,1,125,145,127,101,129,43,181,148,133,103,143,136,137,18,194,146,9,31,82,144,121,162,171,149,193,78,98,39,130,113,155,17,21,108,159,109,135,140,106,65,87,13,81,152,22,170,75,172,79,117,102,110,177,40,179,58,161,182,178,195,83,158,54,119,72,71,56,5,141,19,184,70,104,92,160,];False
5993;8127;14120;[198,174,190,32,189,130,6,61,38,163,199,49,12,185,167,15,16,156,147,196,192,150,20,23,176,3,157,183,37,138,126,115,25,74,34,35,93,28,8,154,166,46,188,55,182,45,131,112,68,123,50,86,52,91,69,88,53,59,11,57,132,7,175,62,120,89,2,67,48,63,29,164,4,73,41,114,47,165,153,26,77,60,24,0,84,85,66,118,124,51,90,191,197,168,14,187,128,27,36,33,100,111,122,151,139,105,180,107,186,30,64,96,76,134,99,173,116,10,42,80,169,142,97,95,1,125,145,127,101,129,43,181,148,133,103,143,136,137,18,194,146,9,31,82,144,121,162,171,149,193,78,98,39,94,113,155,17,21,108,159,109,135,140,106,65,87,13,81,152,22,170,75,172,79,117,102,110,177,40,179,58,161,44,178,195,83,158,54,119,72,71,56,5,141,19,184,70,104,92,160,];False
5984;8136;14120;[198,174,190,32,189,94,6,61,38,163,199,49,12,185,167,15,16,156,147,196,192,150,20,23,176,3,157,183,37,138,126,172,25,74,34,35,93,28,8,154,166,46,188,55,44,45,131,112,68,123,50,86,52,91,69,88,53,59,11,57,132,7,175,62,120,89,2,67,48,63,29,164,4,73,41,114,47,165,153,26,77,60,24,0,84,85,66,118,124,51,90,191,197,168,14,187,128,27,36,33,100,111,122,151,139,105,180,107,186,30,64,96,76,134,99,173,116,10,42,80,169,142,97,95,1,125,145,127,101,129,43,181,148,133,103,143,136,137,18,194,146,9,31,82,144,121,162,171,149,193,78,98,39,130,113,155,17,21,108,159,109,135,140,106,65,87,13,81,152,22,170,75,115,79,117,102,110,177,40,179,58,161,182,178,195,83,158,54,119,72,71,56,5,141,19,184,70,104,92,160,];False
6019;8097;14116;[198,174,190,32,189,130,6,61,38,163,199,49,12,185,167,15,16,156,147,196,192,150,20,23,176,3,157,183,37,138,126,115,25,74,34,35,93,28,8,154,166,46,188,55,44,45,131,112,68,123,50,86,52,91,69,88,53,59,11,57,132,7,175,62,120,67,2,89,48,63,29,164,4,73,41,114,47,165,153,26,77,60,24,0,84,85,66,118,124,51,90,191,197,168,14,187,128,27,36,33,100,111,122,151,139,105,180,107,186,30,64,96,76,134,99,173,116,10,42,80,169,142,97,95,1,125,145,127,101,129,43,181,148,133,103,143,136,137,18,194,146,9,31,82,144,121,162,171,149,193,78,98,39,94,113,155,17,21,108,159,109,135,140,106,65,87,13,81,152,22,170,75,172,79,117,102,110,177,40,179,58,161,182,178,195,83,158,54,119,72,71,56,5,141,19,184,70,104,92,160,];False
5915;8198;14113;[198,174,190,32,189,94,6,61,38,163,199,49,12,185,167,15,16,156,147,196,192,150,148,23,176,3,157,183,37,138,126,115,25,74,34,35,93,28,8,154,166,46,188,55,44,45,131,112,68,123,50,86,52,91,69,88,53,59,11,57,132,7,175,62,120,89,2,67,48,63,29,164,4,73,41,114,47,165,153,26,77,60,24,0,84,85,66,118,124,51,90,191,197,168,14,187,128,27,36,33,100,111,122,151,139,105,180,107,186,30,64,96,76,134,99,173,116,10,42,80,169,142,97,95,1,125,145,127,101,129,43,181,20,133,103,143,136,137,18,194,146,9,31,82,144,121,162,171,149,193,78,98,39,130,113,155,17,21,108,159,109,135,140,106,65,87,13,81,152,22,170,75,172,79,117,102,110,177,40,179,58,161,182,178,195,83,158,54,119,72,71,56,5,141,19,184,70,104,92,160,];False
5944;8168;14112;[198,174,190,32,189,130,6,61,38,163,199,49,12,185,167,15,16,156,147,196,192,150,20,23,176,3,157,183,37,138,126,115,1,74,34,35,93,28,8,154,166,46,188,55,44,45,131,112,68,123,50,86,52,91,69,88,53,59,11,100,132,7,175,62,120,89,2,67,48,63,29,164,4,73,41,114,47,165,153,26,77,60,24,0,84,85,66,118,124,51,90,191,197,168,14,187,128,27,36,33,57,111,122,151,139,105,180,107,186,30,64,96,76,134,99,173,116,10,42,80,169,142,97,81,25,125,145,127,101,129,43,181,148,133,103,143,136,137,18,194,146,9,31,82,144,121,162,171,149,193,78,98,39,94,113,155,17,21,108,159,109,135,140,106,65,87,13,95,152,22,170,75,172,79,117,102,110,177,40,179,58,161,182,178,195,83,158,54,119,72,71,56,5,141,19,184,70,104,92,160,];False
5947;8164;14111;[198,174,190,32,189,130,6,61,38,163,199,49,12,185,167,15,16,156,147,196,192,150,20,23,176,3,157,183,37,138,126,115,25,74,34,35,93,28,8,154,166,46,188,55,44,45,131,112,68,123,50,86,52,91,69,88,53,59,11,57,132,7,175,62,120,89,2,67,48,63,29,164,4,73,41,114,47,165,153,26,77,60,24,0,84,85,66,118,124,51,90,191,197,168,14,187,128,27,36,33,100,111,122,151,139,105,180,107,186,30,64,96,76,134,99,173,116,10,42,80,169,142,97,95,1,125,145,127,144,129,43,181,148,133,103,143,136,137,18,194,146,9,31,82,101,121,162,171,149,193,78,98,39,94,113,155,17,21,108,159,109,135,140,106,65,87,13,81,152,22,170,75,172,79,117,102,110,177,40,179,58,161,182,178,195,83,158,54,119,72,71,56,5,141,19,184,70,104,92,160,];False
5974;8135;14109;[198,174,190,32,189,130,6,61,38,163,199,49,12,185,167,15,16,156,147,196,192,150,20,23,176,3,157,183,37,138,126,115,25,74,34,35,93,28,8,154,166,46,188,55,44,45,131,112,68,123,50,86,52,91,69,92,53,59,11,57,132,7,175,62,120,89,2,67,48,63,29,164,4,73,41,114,47,165,153,26,77,60,24,0,84,85,66,118,124,51,90,191,197,168,14,187,128,27,36,33,100,111,122,151,139,105,180,107,186,30,64,96,76,134,99,173,116,10,42,80,169,142,97,95,1,125,145,127,101,129,43,181,148,133,103,143,136,137,18,194,146,9,31,82,144,121,162,171,149,193,78,98,39,94,113,155,17,21,108,159,109,135,140,106,65,87,13,81,152,22,170,75,172,79,117,102,110,177,40,179,58,161,182,178,195,83,158,54,119,72,71,56,5,141,19,184,70,104,88,160,];False
5915;8193;14108;[198,174,190,32,189,94,6,61,38,163,199,49,12,185,167,15,16,156,147,196,192,150,20,23,176,3,157,183,37,138,126,115,25,74,34,35,128,28,8,154,166,46,188,55,44,45,131,47,68,123,50,86,52,91,69,88,53,59,11,57,132,7,175,62,120,89,2,67,48,63,29,164,4,73,41,114,112,165,153,26,77,60,24,0,84,85,66,118,124,51,90,191,197,168,14,187,93,27,36,33,100,111,122,151,139,105,180,107,186,30,64,96,76,134,99,173,116,10,42,80,169,142,97,95,1,125,145,127,101,129,43,181,148,133,103,143,136,137,18,194,146,9,31,82,144,121,162,171,149,193,78,98,39,130,113,155,17,21,108,159,109,135,140,106,65,87,13,81,152,22,170,75,172,79,117,102,110,177,40,179,58,161,182,178,195,83,158,54,119,72,71,56,5,141,19,184,70,104,92,160,];False
5986;8121;14107;[198,174,190,32,189,130,6,61,38,163,199,49,12,185,167,15,16,156,147,196,192,150,20,23,176,3,157,183,37,138,126,115,25,74,34,35,93,28,8,154,166,46,188,55,44,45,131,112,68,123,50,86,52,91,69,88,53,59,11,57,132,7,175,62,120,89,2,67,48,63,29,164,4,73,41,114,47,165,153,26,77,60,24,0,84,85,66,118,124,51,90,191,197,168,14,187,128,27,36,33,100,111,122,151,139,105,180,107,186,30,64,96,76,134,99,173,116,10,42,80,169,142,97,81,1,125,145,127,101,129,43,110,148,133,103,143,136,137,18,194,146,9,31,82,144,121,162,171,149,193,78,98,39,94,113,155,17,21,108,159,109,135,140,106,65,87,13,95,152,22,170,75,172,79,117,102,181,177,40,179,58,161,182,178,195,83,158,54,119,72,71,56,5,141,19,184,70,104,92,160,];False
5991;8116;14107;[198,174,190,32,189,130,6,61,38,163,199,49,12,185,167,15,16,156,147,196,192,150,20,23,176,3,157,183,37,138,126,115,25,74,34,35,93,28,8,154,166,46,188,55,44,45,131,112,68,123,50,86,52,91,69,88,53,59,11,57,132,7,175,62,120,89,2,67,48,63,29,164,4,73,41,114,47,165,153,26,77,60,24,0,84,85,66,118,124,51,90,191,197,168,14,187,128,27,36,33,100,111,122,151,139,105,180,107,186,30,64,96,76,134,99,173,116,10,42,80,169,142,97,95,1,125,145,127,101,129,43,181,148,133,103,143,136,137,18,194,146,9,31,82,144,121,162,149,171,193,78,98,39,94,113,155,17,21,108,159,109,135,140,106,65,87,13,81,152,22,170,75,172,79,117,102,110,177,40,179,58,161,182,178,195,83,158,54,119,72,71,56,5,141,19,184,70,104,92,160,];False
5933;8173;14106;[198,174,190,32,189,94,6,61,38,163,199,49,12,185,167,15,16,156,147,196,192,150,20,23,176,3,157,183,37,138,126,115,25,74,34,35,93,28,8,154,166,46,188,55,44,45,131,47,68,123,50,86,52,91,69,88,53,59,11,57,132,7,175,62,120,89,2,67,48,63,29,164,4,73,41,114,112,165,153,26,77,60,24,0,84,85,66,118,124,51,90,191,197,168,14,187,128,27,36,33,100,111,122,151,139,105,180,107,186,30,64,96,76,134,99,173,116,10,42,80,169,142,97,95,1,125,145,127,101,129,43,181,148,133,103,143,136,137,18,194,146,9,31,82,144,121,162,171,149,21,78,98,39,130,113,155,17,193,108,159,109,135,140,106,65,87,13,81,152,22,170,75,172,79,117,102,110,177,40,179,58,161,182,178,195,83,158,54,119,72,71,56,5,141,19,184,70,104,92,160,];False
5970;8136;14106;[198,156,190,32,189,130,6,61,38,163,199,49,12,185,167,15,16,174,147,196,192,150,20,23,176,3,157,183,37,138,126,115,25,74,34,35,93,28,8,154,166,46,188,55,44,45,131,112,68,123,50,86,52,91,69,88,53,59,11,57,132,7,175,62,120,89,2,67,48,63,29,164,4,73,41,114,47,165,153,26,77,60,24,0,84,85,66,118,124,51,90,191,197,168,14,187,128,27,36,33,100,111,122,151,139,105,180,107,186,30,64,96,76,134,99,173,116,10,42,80,169,142,97,81,1,125,145,127,101,129,43,181,148,133,103,143,136,137,18,194,146,9,31,82,144,121,162,171,149,193,78,98,39,94,113,155,17,21,108,159,109,135,140,106,65,87,13,95,152,22,170,75,172,79,117,102,110,177,40,179,58,161,182,178,195,83,158,54,119,72,71,56,5,141,19,184,70,104,92,160,];False
5971;8135;14106;[198,174,190,32,189,130,6,61,38,163,199,49,12,185,167,15,16,156,147,196,192,150,20,23,176,3,157,183,37,138,126,115,25,74,34,35,93,28,8,154,166,46,188,55,44,45,131,112,68,123,50,86,52,91,69,88,53,59,11,57,132,7,175,62,120,89,2,67,48,63,29,164,4,73,41,114,47,165,153,26,77,60,24,0,84,85,66,118,124,51,90,191,197,168,14,187,128,27,36,134,100,111,122,151,139,105,180,107,186,30,64,96,76,33,99,173,116,10,42,80,169,142,97,95,1,125,145,127,101,129,43,181,148,133,103,143,136,137,18,194,146,9,31,82,144,121,162,171,149,193,78,98,39,94,113,155,17,21,108,159,109,135,140,106,65,87,13,81,152,22,170,75,172,79,117,102,110,177,40,179,58,161,182,178,195,83,158,54,119,72,71,56,5,141,19,184,70,104,92,160,];False
5977;8128;14105;[198,174,190,32,189,130,6,61,38,163,199,49,12,185,167,15,16,156,147,196,192,150,20,23,176,3,157,183,37,138,126,115,25,74,34,35,93,28,8,154,166,46,188,55,44,45,131,112,70,123,50,86,52,91,69,88,53,59,11,57,132,7,175,62,120,89,2,67,48,63,29,164,4,73,41,114,47,165,153,26,77,60,24,0,84,85,66,118,124,51,90,191,197,168,14,187,128,27,36,33,100,111,122,151,139,105,180,107,186,30,64,96,76,134,99,173,116,10,42,80,169,142,97,95,1,125,145,127,101,129,43,181,148,133,103,143,136,137,18,194,146,9,31,82,144,121,162,171,149,193,78,98,39,94,113,155,17,21,108,159,109,135,140,106,65,87,13,81,152,22,170,75,172,79,117,102,110,177,40,179,58,161,182,178,195,83,158,54,119,72,71,56,5,141,19,184,68,104,92,160,];False
5929;8171;14100;[198,174,190,32,189,94,6,61,38,163,199,49,12,185,167,15,16,156,147,196,192,150,20,23,176,177,157,183,37,138,126,115,25,74,34,35,93,28,8,154,166,46,188,55,44,45,131,112,68,123,50,86,52,91,69,88,53,59,11,57,132,7,175,62,120,89,2,67,48,63,29,164,4,73,41,114,47,165,153,26,77,60,24,0,84,85,66,118,124,51,90,191,197,168,14,187,128,27,36,33,100,111,122,151,139,105,180,107,186,30,64,96,76,134,99,173,116,10,42,80,169,142,97,95,1,125,145,127,101,129,43,181,148,133,103,143,136,137,18,194,146,9,31,82,144,121,162,171,149,193,78,98,39,130,113,155,17,21,108,159,109,135,140,106,65,87,13,81,152,22,170,75,172,79,117,102,110,3,40,179,58,161,182,178,195,83,158,54,119,72,71,56,5,141,19,184,70,104,92,160,];False
5907;8188;14095;[198,174,190,32,189,130,6,61,38,163,199,49,12,185,167,15,16,156,147,196,192,150,20,23,176,3,157,183,37,138,126,115,1,74,34,35,93,28,8,154,166,46,188,55,44,45,131,112,68,123,50,86,52,91,69,88,53,59,11,57,132,7,175,62,120,89,2,67,48,63,29,164,4,73,41,114,47,165,153,26,77,60,24,0,84,85,66,118,124,51,90,191,197,168,14,187,128,27,36,33,100,111,122,151,139,105,180,107,186,30,64,96,144,134,99,173,116,10,42,80,169,142,97,81,25,125,145,127,101,129,43,181,148,133,103,143,136,137,18,194,146,9,31,82,76,121,162,171,149,193,78,98,39,94,113,155,17,21,108,159,109,135,140,106,65,87,13,95,152,22,170,75,172,79,117,102,110,177,40,179,58,161,182,178,195,83,158,54,119,72,71,56,5,141,19,184,70,104,92,160,];False
5942;8151;14093;[198,174,190,32,189,94,6,61,38,163,199,49,12,185,167,15,16,156,147,196,192,150,20,23,176,3,157,183,37,138,126,115,25,74,34,35,93,28,8,154,166,46,188,55,44,45,131,112,68,123,50,86,52,91,69,88,53,59,11,57,132,7,175,62,120,89,2,67,48,63,29,164,4,73,41,114,47,165,153,26,77,60,24,0,84,85,66,118,124,51,191,90,197,168,14,187,128,27,36,33,100,111,122,151,139,105,180,107,186,30,64,96,76,134,99,173,116,10,42,80,169,142,97,95,1,125,145,127,101,129,43,181,148,133,103,143,136,137,18,194,146,9,31,82,144,121,162,171,149,193,78,98,39,130,113,155,17,21,108,159,109,135,140,106,65,87,13,81,152,22,170,75,172,79,117,102,110,177,40,179,58,161,182,178,195,83,158,54,119,72,71,56,5,141,19,184,70,104,92,160,];False
5965;8128;14093;[198,174,190,32,189,94,6,61,38,163,199,49,12,185,167,15,16,156,147,196,192,150,20,23,176,3,157,183,37,138,126,115,25,74,34,35,93,28,8,154,166,46,188,55,44,45,131,112,68,123,50,86,52,91,69,88,53,59,11,57,132,7,175,62,120,89,2,67,48,63,29,164,4,73,41,114,47,165,153,26,77,60,159,0,84,85,66,118,124,51,90,191,197,168,14,187,128,27,36,33,100,111,122,151,139,105,180,107,186,30,64,96,76,134,99,173,116,10,42,80,169,142,97,95,1,125,145,127,101,129,43,181,148,133,103,143,136,137,18,194,146,9,31,82,144,121,162,171,149,193,78,98,39,130,113,155,17,21,108,24,109,135,140,106,65,87,13,81,152,22,170,75,172,79,117,102,110,177,40,179,58,161,182,178,195,83,158,54,119,72,71,56,5,141,19,184,70,104,92,160,];False
5933;8159;14092;[198,174,190,32,189,130,6,61,38,163,37,49,12,185,167,15,16,156,147,196,192,150,20,23,176,3,157,183,199,138,126,115,25,74,34,35,93,28,8,154,166,46,188,55,44,45,131,112,68,123,50,86,52,91,69,88,53,59,11,57,132,7,175,62,120,89,2,67,48,63,29,164,4,73,41,114,47,165,153,26,77,60,24,0,84,85,66,118,124,51,90,191,197,168,14,187,128,27,36,33,100,111,122,151,139,105,180,107,186,30,64,96,76,134,99,173,116,10,42,80,169,142,97,95,1,125,145,127,101,129,43,181,148,133,103,143,136,137,18,194,146,9,31,82,144,121,162,171,149,193,78,98,39,94,113,155,17,21,108,159,109,135,140,106,65,87,13,81,152,22,170,75,172,79,117,102,110,177,40,179,58,161,182,178,195,83,158,54,119,72,71,56,5,141,19,184,70,104,92,160,];False
5978;8113;14091;[198,174,190,32,189,130,6,61,38,163,199,49,12,185,167,15,16,156,147,196,192,150,20,23,176,3,157,183,37,138,126,115,25,74,34,35,93,28,8,154,166,46,188,55,44,45,131,112,68,123,50,86,52,91,69,88,53,59,11,57,132,7,175,62,120,89,2,67,48,63,29,164,4,73,14,114,47,165,153,26,77,60,24,0,84,85,66,118,124,51,90,191,197,168,41,187,128,27,36,33,100,111,122,151,139,105,180,107,186,30,64,96,76,134,99,173,116,10,42,80,169,142,97,95,1,125,145,127,101,129,43,181,148,133,103,143,136,137,18,194,146,9,31,82,144,121,162,171,149,193,78,98,39,94,113,155,17,21,108,159,109,135,140,106,65,87,13,81,152,22,170,75,172,79,117,102,110,177,40,179,58,161,182,178,195,83,158,54,119,72,71,56,5,141,19,184,70,104,92,160,];False
5959;8128;14087;[198,174,190,32,189,130,6,61,38,163,199,49,12,185,167,15,16,156,147,196,192,150,20,23,176,3,157,183,37,138,126,115,25,74,34,35,93,28,8,154,166,46,188,55,44,173,131,112,68,123,50,86,52,91,69,88,53,59,11,57,132,7,175,62,120,89,2,67,48,63,29,164,4,73,41,114,47,165,153,26,77,60,24,0,84,85,66,118,124,51,90,191,197,168,14,187,128,27,36,33,100,111,122,151,139,105,180,107,186,30,64,96,76,134,99,45,116,10,42,80,169,142,97,95,1,125,145,127,101,129,43,181,148,133,103,143,136,137,18,194,146,9,31,82,144,121,162,171,149,193,78,98,39,94,113,155,17,21,108,159,109,135,140,106,65,87,13,81,152,22,170,75,172,79,117,102,110,177,40,179,58,161,182,178,195,83,158,54,119,72,71,56,5,141,19,184,70,104,92,160,];False
5945;8142;14087;[198,174,190,32,189,130,6,61,38,163,199,49,12,185,167,15,16,156,147,196,192,150,20,23,176,3,157,183,37,138,126,115,25,74,34,35,93,28,8,154,166,46,188,55,44,45,131,112,68,123,50,86,52,91,69,88,53,59,11,57,132,7,175,62,120,89,2,67,48,63,29,164,4,73,41,114,47,165,153,26,77,60,24,0,84,85,66,118,124,51,90,191,197,168,14,187,128,27,36,33,100,111,122,151,139,105,180,107,186,30,64,96,76,134,99,173,116,10,42,80,169,142,97,95,1,125,145,127,101,129,43,181,148,133,103,143,136,137,18,194,146,9,31,82,144,121,162,171,149,193,78,98,39,94,113,155,17,21,108,159,109,135,140,106,65,87,13,81,184,22,170,75,172,79,117,102,110,177,40,179,58,161,182,178,195,83,158,54,119,72,71,56,5,141,19,152,70,104,92,160,];False
5961;8123;14084;[198,174,190,32,189,94,6,61,38,163,199,49,12,185,167,15,16,156,147,196,171,150,20,23,176,3,157,183,37,138,126,115,25,74,34,35,93,28,8,154,166,46,188,55,44,45,131,112,68,123,50,86,52,91,69,88,53,59,11,57,132,7,175,62,120,89,2,67,48,63,29,164,4,73,41,114,47,165,153,26,77,60,24,0,84,85,66,118,124,51,90,191,197,168,14,187,128,27,36,33,100,111,122,151,139,105,180,107,186,30,64,96,76,134,99,173,116,10,42,80,169,142,97,95,1,125,145,127,101,129,43,181,148,133,103,143,136,137,18,194,146,9,31,82,144,121,162,192,149,193,78,98,39,130,113,155,17,21,108,159,109,135,140,106,65,87,13,81,152,22,170,75,172,79,117,102,110,177,40,179,58,161,182,178,195,83,158,54,119,72,71,56,5,141,19,184,70,104,92,160,];False
5958;8122;14080;[198,174,190,32,189,94,6,61,38,163,199,49,12,185,167,15,16,156,147,196,192,150,20,23,176,3,157,183,37,138,126,115,25,74,34,35,93,28,8,154,166,46,188,55,44,45,131,112,68,123,50,86,52,91,69,88,53,59,11,57,132,7,175,62,120,89,2,67,48,63,29,164,4,73,41,114,47,165,153,26,77,60,24,0,84,85,66,118,124,51,90,191,197,168,14,187,128,27,36,33,100,111,81,151,139,105,180,107,186,30,64,96,76,134,99,173,116,10,42,80,169,142,97,95,1,125,145,127,101,129,43,181,148,133,103,143,136,137,18,194,146,9,31,82,144,121,162,171,149,193,78,98,39,130,113,155,17,21,108,159,109,135,140,106,65,87,13,122,152,22,170,75,172,79,117,102,110,177,40,179,58,161,182,178,195,83,158,54,119,72,71,56,5,141,19,184,70,104,92,160,];False
5949;8131;14080;[198,174,190,32,189,130,6,61,38,163,199,30,12,185,167,15,16,156,147,196,192,150,20,23,176,3,157,183,37,138,126,115,25,74,34,35,93,28,8,154,166,46,188,55,44,45,131,112,68,123,50,86,52,91,69,88,53,59,11,57,132,7,175,62,120,89,2,67,48,63,29,164,4,73,41,114,47,165,153,26,77,60,24,0,84,85,66,118,124,51,90,191,197,168,14,187,128,27,36,33,100,111,122,151,139,105,180,107,186,49,64,96,76,134,99,173,116,10,42,80,169,142,97,95,1,125,145,127,101,129,43,181,148,133,103,143,136,137,18,194,146,9,31,82,144,121,162,171,149,193,78,98,39,94,113,155,17,21,108,159,109,135,140,106,65,87,13,81,152,22,170,75,172,79,117,102,110,177,40,179,58,161,182,178,195,83,158,54,119,72,71,56,5,141,19,184,70,104,92,160,];False
5967;8112;14079;[198,174,190,32,189,130,6,61,38,163,199,49,12,185,167,15,16,156,147,196,192,150,20,23,176,3,157,183,37,138,126,115,197,74,34,35,93,28,8,154,166,46,188,55,44,45,131,112,68,123,50,86,52,91,69,88,53,59,11,57,132,7,175,62,120,89,2,67,48,63,29,164,4,73,41,114,47,165,153,26,77,60,24,0,84,85,66,118,124,51,90,191,25,168,14,187,128,27,36,33,100,111,122,151,139,105,180,107,186,30,64,96,76,134,99,173,116,10,42,80,169,142,97,95,1,125,145,127,101,129,43,181,148,133,103,143,136,137,18,194,146,9,31,82,144,121,162,171,149,193,78,98,39,94,113,155,17,21,108,159,109,135,140,106,65,87,13,81,152,22,170,75,172,79,117,102,110,177,40,179,58,161,182,178,195,83,158,54,119,72,71,56,5,141,19,184,70,104,92,160,];False
5989;8090;14079;[198,174,190,32,189,130,6,61,178,163,199,49,12,185,167,15,16,156,147,196,192,150,20,23,176,3,157,183,37,138,126,115,25,74,34,35,93,28,8,154,166,46,188,55,44,45,131,112,68,123,50,86,52,91,69,88,53,59,11,57,132,7,175,62,120,89,2,67,48,63,29,164,4,73,41,114,47,165,153,26,77,60,24,0,84,85,66,118,124,51,90,191,197,168,14,187,128,27,36,33,100,111,122,151,139,105,180,107,186,30,64,96,76,134,99,173,116,10,42,80,169,142,97,95,1,125,145,127,101,129,43,181,148,133,103,143,136,137,18,194,146,9,31,82,144,121,162,171,149,193,78,98,39,94,113,155,17,21,108,159,109,135,140,106,65,87,13,81,152,22,170,75,172,79,117,102,110,177,40,179,58,161,182,38,195,83,158,54,119,72,71,56,5,141,19,184,70,104,92,160,];False
5915;8161;14076;[198,174,190,32,189,130,6,61,38,163,199,49,12,185,167,15,16,156,147,196,192,150,20,23,176,3,157,183,37,138,126,115,25,74,34,35,93,28,8,154,166,46,188,55,44,45,131,112,68,123,50,86,52,91,69,88,53,59,11,57,132,7,175,62,120,89,2,67,48,63,29,164,4,80,41,114,47,165,153,26,77,60,24,0,84,85,66,118,124,51,90,191,197,168,14,187,128,27,36,33,100,111,122,151,139,105,180,107,186,30,64,96,76,134,99,173,116,10,42,73,169,142,97,95,1,125,145,127,101,129,43,181,148,133,103,143,136,137,18,194,146,9,31,82,144,121,162,171,149,193,78,98,39,94,113,155,17,21,108,159,109,135,140,106,65,87,13,81,152,22,170,75,172,79,117,102,110,177,40,179,58,161,182,178,195,83,158,54,119,72,71,56,5,141,19,184,70,104,92,160,];False
5935;8140;14075;[198,174,190,32,189,130,6,61,38,163,199,49,12,185,167,15,16,156,147,196,192,150,20,132,176,3,157,183,37,138,126,115,25,74,34,35,93,28,8,154,166,46,188,55,44,45,131,112,68,123,50,86,52,91,69,88,53,59,11,57,23,7,175,62,120,89,2,67,48,63,29,164,4,73,41,114,47,165,153,26,77,60,24,0,84,85,66,118,124,51,90,191,197,168,14,187,128,27,36,33,100,111,122,151,139,105,180,107,186,30,64,96,76,134,99,173,116,10,42,80,169,142,97,95,1,125,145,127,101,129,43,181,148,133,103,143,136,137,18,194,146,9,31,82,144,121,162,171,149,193,78,98,39,94,113,155,17,21,108,159,109,135,140,106,65,87,13,81,152,22,170,75,172,79,117,102,110,177,40,179,58,161,182,178,195,83,158,54,119,72,71,56,5,141,19,184,70,104,92,160,];False
5930;8145;14075;[198,174,190,32,189,130,6,61,38,163,199,49,12,185,167,15,16,156,147,196,192,150,20,23,176,3,157,183,37,138,126,115,25,74,34,35,93,28,8,154,166,46,188,55,44,45,131,112,68,123,50,86,52,91,69,88,53,59,11,57,132,7,175,62,120,89,2,67,48,63,29,164,4,73,41,114,47,165,153,26,77,60,24,0,84,85,66,118,124,51,90,191,197,168,14,187,128,27,36,33,100,111,122,151,139,105,180,107,186,30,64,96,76,134,99,173,116,10,42,80,169,142,97,95,1,125,145,127,101,129,43,181,148,133,103,143,136,137,18,194,146,9,31,82,144,121,162,171,149,193,78,98,39,94,113,155,17,21,70,159,109,135,140,106,65,87,13,81,152,22,170,75,172,79,117,102,110,177,40,179,58,161,182,178,195,83,158,54,119,72,71,56,5,141,19,184,108,104,92,160,];False
5866;8207;14073;[198,174,190,32,189,130,6,61,38,163,199,49,12,185,167,15,16,156,147,196,192,150,20,23,176,3,157,183,37,158,126,115,1,74,34,35,93,28,8,154,166,46,188,55,44,45,131,112,68,123,50,86,52,91,69,88,53,59,11,57,132,7,175,62,120,89,2,67,48,63,29,164,4,73,41,114,47,165,153,26,77,60,24,0,84,85,66,118,124,51,90,191,197,168,14,187,128,27,36,33,100,111,122,151,139,105,180,107,186,30,64,96,76,134,99,173,116,10,42,80,169,142,97,81,25,125,145,127,101,129,43,181,148,133,103,143,136,137,18,194,146,9,31,82,144,121,162,171,149,193,78,98,39,94,113,155,17,21,108,159,109,135,140,106,65,87,13,95,152,22,170,75,172,79,117,102,110,177,40,179,58,161,182,178,195,83,138,54,119,72,71,56,5,141,19,184,70,104,92,160,];False
5937;8134;14071;[198,174,190,32,189,130,6,61,38,163,199,49,12,185,167,26,16,156,147,196,192,150,20,23,176,3,157,183,37,138,126,115,25,74,34,35,93,28,8,154,166,46,188,55,44,45,131,112,68,123,50,86,52,91,69,88,53,59,11,57,132,7,175,62,120,89,2,67,48,63,29,164,4,73,41,114,47,165,153,15,77,60,24,0,84,85,66,118,124,51,90,191,197,168,14,187,128,27,36,33,100,111,122,151,139,105,180,107,186,30,64,96,76,134,99,173,116,10,42,80,169,142,97,95,1,125,145,127,101,129,43,181,148,133,103,143,136,137,18,194,146,9,31,82,144,121,162,171,149,193,78,98,39,94,113,155,17,21,108,159,109,135,140,106,65,87,13,81,152,22,170,75,172,79,117,102,110,177,40,179,58,161,182,178,195,83,158,54,119,72,71,56,5,141,19,184,70,104,92,160,];False
5916;8149;14065;[198,174,190,32,189,130,6,61,38,163,199,49,12,185,167,15,16,156,147,196,192,150,20,23,176,3,157,183,37,138,126,115,25,74,34,35,93,28,8,154,166,46,188,55,44,45,131,112,68,123,50,86,52,91,69,88,53,59,11,57,132,7,175,62,120,89,2,67,48,63,29,164,4,73,41,114,47,165,153,26,77,60,24,0,84,85,66,118,124,51,90,191,106,168,14,187,128,27,36,33,100,111,122,151,139,105,180,107,186,30,64,96,76,134,99,173,116,10,42,80,169,142,97,81,1,125,145,127,101,129,43,181,148,133,103,143,136,137,18,194,146,9,31,82,144,121,162,171,149,193,78,98,39,94,113,155,17,21,108,159,109,135,140,197,65,87,13,95,152,22,170,75,172,79,117,102,110,177,40,179,58,161,182,178,195,83,158,54,119,72,71,56,5,141,19,184,70,104,92,160,];False
5921;8143;14064;[198,174,190,32,189,94,6,61,38,163,199,49,12,185,167,15,16,156,147,196,192,150,20,23,25,3,157,183,37,138,126,115,176,74,34,35,93,28,8,154,166,46,188,55,44,45,131,112,68,123,50,86,52,91,69,88,53,59,11,57,132,7,175,62,120,89,2,67,48,63,29,164,4,73,41,114,47,165,153,26,77,60,24,0,84,85,66,118,124,51,90,191,197,168,14,187,128,27,36,33,100,111,122,151,139,105,180,107,186,30,64,96,76,134,99,173,116,10,42,80,169,142,97,95,1,125,145,127,101,129,43,181,148,133,103,143,136,137,18,194,146,9,31,82,144,121,162,171,149,193,78,98,39,130,113,155,17,21,108,159,109,135,140,106,65,87,13,81,152,22,170,75,172,79,117,102,110,177,40,179,58,161,182,178,195,83,158,54,119,72,71,56,5,141,19,184,70,104,92,160,];False
5889;8175;14064;[198,174,190,32,189,130,6,61,38,163,199,49,12,185,167,15,16,156,147,196,192,150,20,23,176,3,157,183,37,138,126,115,25,74,34,35,93,28,8,154,166,46,188,55,44,45,131,112,68,123,50,86,52,91,69,88,53,59,11,57,132,7,175,62,120,89,2,67,48,63,29,164,4,73,41,114,47,165,153,26,77,60,24,0,194,85,66,118,124,51,90,191,197,168,14,187,128,27,36,33,100,111,122,151,139,105,180,107,186,30,64,96,76,134,99,173,116,10,42,80,169,142,97,95,1,125,145,127,101,129,43,181,148,133,103,143,136,137,18,84,146,9,31,82,144,121,162,171,149,193,78,98,39,94,113,155,17,21,108,159,109,135,140,106,65,87,13,81,152,22,170,75,172,79,117,102,110,177,40,179,58,161,182,178,195,83,158,54,119,72,71,56,5,141,19,184,70,104,92,160,];False
5918;8146;14064;[198,174,190,32,189,94,6,61,38,163,199,49,12,185,167,15,16,156,147,196,192,150,20,23,176,3,157,183,37,138,126,115,25,74,34,35,93,28,8,154,166,46,188,55,44,45,131,112,68,123,50,86,52,91,69,88,53,59,11,57,132,7,175,62,120,89,2,67,48,63,29,164,4,73,41,114,47,165,153,26,77,60,24,0,84,85,66,118,124,51,90,191,197,168,14,187,128,27,36,97,100,111,122,151,139,105,180,107,186,30,64,96,76,134,99,173,116,10,42,80,169,142,33,95,1,125,145,127,101,129,43,181,148,133,103,143,136,137,18,194,146,9,31,82,144,121,162,171,149,193,78,98,39,130,113,155,17,21,108,159,109,135,140,106,65,87,13,81,152,22,170,75,172,79,117,102,110,177,40,179,58,161,182,178,195,83,158,54,119,72,71,56,5,141,19,184,70,104,92,160,];False
5888;8175;14063;[198,174,190,32,189,94,6,61,38,163,199,49,12,185,167,15,16,156,147,196,192,150,20,23,176,3,157,183,37,138,126,115,25,74,34,35,93,28,8,154,166,46,188,55,44,45,131,112,68,123,50,86,52,91,69,88,53,59,11,159,132,7,175,62,120,89,2,67,48,63,29,164,4,73,41,114,47,165,153,26,77,60,24,0,84,85,66,118,124,51,90,191,197,168,14,187,128,27,36,33,100,111,122,151,139,105,180,107,186,30,64,96,76,134,99,173,116,10,42,80,169,142,97,95,1,125,145,127,101,129,43,181,148,133,103,143,136,137,18,194,146,9,31,82,144,121,162,171,149,193,78,98,39,130,113,155,17,21,108,57,109,135,140,106,65,87,13,81,152,22,170,75,172,79,117,102,110,177,40,179,58,161,182,178,195,83,158,54,119,72,71,56,5,141,19,184,70,104,92,160,];False
5909;8152;14061;[198,174,190,32,189,94,6,61,38,163,199,49,12,185,167,15,16,156,147,196,192,150,20,23,176,3,157,183,37,138,126,115,25,74,34,35,93,28,8,154,166,46,188,55,44,45,145,112,68,123,50,86,52,91,69,88,53,59,11,57,132,7,175,62,120,89,2,67,48,63,29,164,4,73,41,114,47,165,153,26,77,60,24,0,84,85,66,118,124,51,90,191,197,168,14,187,128,27,36,33,100,111,122,151,139,105,180,107,186,30,64,96,76,134,99,173,116,10,42,80,169,142,97,95,1,125,131,127,101,129,43,181,148,133,103,143,136,137,18,194,146,9,31,82,144,121,162,171,149,193,78,98,39,130,113,155,17,21,108,159,109,135,140,106,65,87,13,81,152,22,170,75,172,79,117,102,110,177,40,179,58,161,182,178,195,83,158,54,119,72,71,56,5,141,19,184,70,104,92,160,];False
5925;8130;14055;[198,174,190,32,189,130,6,61,38,163,199,49,12,185,167,15,16,156,147,196,192,150,20,23,176,3,157,183,37,138,126,115,1,74,34,35,93,28,8,154,166,46,188,55,44,45,131,112,68,123,50,86,52,91,69,88,53,59,11,57,132,7,175,62,120,89,2,67,48,63,29,164,4,73,41,114,47,165,153,26,77,60,24,0,84,85,66,118,124,51,90,191,197,168,14,187,128,27,36,33,100,111,122,151,139,105,180,107,186,30,64,96,76,134,99,173,116,10,42,170,169,142,97,81,25,125,145,127,101,129,43,181,148,133,103,143,136,137,18,194,146,9,31,82,144,121,162,171,149,193,78,98,39,94,113,155,17,21,108,159,109,135,140,106,65,87,13,95,152,22,80,75,172,79,117,102,110,177,40,179,58,161,182,178,195,83,158,54,119,72,71,56,5,141,19,184,70,104,92,160,];False
5893;8162;14055;[198,174,190,32,189,130,6,61,38,163,199,49,12,185,167,15,16,156,147,196,192,150,20,23,176,3,157,183,37,138,126,115,25,74,34,35,93,28,8,154,166,46,188,55,44,45,131,112,68,123,50,86,52,91,69,88,53,59,11,57,132,7,175,62,120,89,2,67,48,63,29,164,4,73,41,114,47,165,153,26,77,60,24,0,84,85,66,118,124,51,90,191,197,168,14,187,128,27,36,33,100,111,122,151,139,97,180,107,186,30,64,96,76,134,99,173,116,10,42,80,169,142,105,95,1,125,145,127,101,129,43,181,148,133,103,143,136,137,18,194,146,9,31,82,144,121,162,171,149,193,78,98,39,94,113,155,17,21,108,159,109,135,140,106,65,87,13,81,152,22,170,75,172,79,117,102,110,177,40,179,58,161,182,178,195,83,158,54,119,72,71,56,5,141,19,184,70,104,92,160,];False
5935;8116;14051;[198,174,190,32,189,130,6,61,38,163,199,49,12,185,167,15,16,156,147,196,192,150,20,23,1,3,157,183,37,138,126,115,25,74,34,35,93,28,8,154,166,46,188,55,44,45,131,112,68,123,50,86,52,91,69,88,53,59,11,57,132,7,175,62,120,89,2,67,48,63,29,164,4,73,41,114,47,165,153,26,77,60,24,0,84,85,66,118,124,51,90,191,197,168,14,187,128,27,36,33,100,111,122,151,139,105,180,107,186,30,64,96,76,134,99,173,116,10,42,80,169,142,97,81,176,125,145,127,101,129,43,181,148,133,103,143,136,137,18,194,146,9,31,82,144,121,162,171,149,193,78,98,39,94,113,155,17,21,108,159,109,135,140,106,65,87,13,95,152,22,170,75,172,79,117,102,110,177,40,179,58,161,182,178,195,83,158,54,119,72,71,56,5,141,19,184,70,104,92,160,];False
5914;8136;14050;[198,174,190,32,189,130,6,61,38,163,199,49,12,185,167,15,16,156,147,196,192,150,20,23,176,3,157,183,37,138,126,115,25,74,34,35,93,28,8,154,166,46,188,55,44,45,131,112,68,123,50,86,52,91,69,88,53,59,11,57,132,7,175,62,120,89,2,67,48,63,29,164,4,73,41,114,47,165,153,26,77,60,24,0,84,85,66,118,124,51,90,169,197,168,14,187,128,27,36,33,100,111,122,151,139,105,180,107,186,30,64,96,76,134,99,173,116,10,42,80,191,142,97,95,1,125,145,127,101,129,43,181,148,133,103,143,136,137,18,194,146,9,31,82,144,121,162,171,149,193,78,98,39,94,113,155,17,21,108,159,109,135,140,106,65,87,13,81,152,22,170,75,172,79,117,102,110,177,40,179,58,161,182,178,195,83,158,54,119,72,71,56,5,141,19,184,70,104,92,160,];False
5921;8127;14048;[198,174,190,1,189,130,6,61,38,163,199,49,12,185,167,15,16,156,147,196,192,150,20,23,176,3,157,183,37,138,126,115,25,74,34,35,93,28,8,154,166,46,188,55,44,45,131,112,68,123,50,86,52,91,69,88,53,59,11,57,132,7,175,62,120,89,2,67,48,63,29,164,4,73,41,114,47,165,153,26,77,60,24,0,84,85,66,118,124,51,90,191,197,168,14,187,128,27,36,33,100,111,122,151,139,105,180,107,186,30,64,96,76,134,99,173,116,10,42,80,169,142,97,95,32,125,145,127,101,129,43,181,148,133,103,143,136,137,18,194,146,9,31,82,144,121,162,171,149,193,78,98,39,94,113,155,17,21,108,159,109,135,140,106,65,87,13,81,152,22,170,75,172,79,117,102,110,177,40,179,58,161,182,178,195,83,158,54,119,72,71,56,5,141,19,184,70,104,92,160,];False
5869;8178;14047;[198,175,190,32,189,130,6,61,38,163,199,49,12,185,167,15,16,156,147,196,192,150,20,23,176,3,157,183,37,138,126,115,25,74,34,35,93,28,8,154,166,46,188,55,44,45,131,112,68,123,50,86,52,91,69,88,53,59,11,57,132,7,174,62,120,89,2,67,48,63,29,164,4,73,41,114,47,165,153,26,77,60,24,0,84,85,66,118,124,51,90,191,197,168,14,187,128,27,36,33,100,111,122,151,139,105,180,107,186,30,64,96,76,134,99,173,116,10,42,80,169,142,97,95,1,125,145,127,101,129,43,181,148,133,103,143,136,137,18,194,146,9,31,82,144,121,162,171,149,193,78,98,39,94,113,155,17,21,108,159,109,135,140,106,65,87,13,81,152,22,170,75,172,79,117,102,110,177,40,179,58,161,182,178,195,83,158,54,119,72,71,56,5,141,19,184,70,104,92,160,];False
5926;8119;14045;[198,174,190,32,189,94,6,61,38,163,199,49,12,185,167,15,16,156,147,196,192,150,20,23,176,3,157,183,37,138,126,115,25,74,34,35,93,28,8,154,166,46,188,55,44,45,131,47,68,123,50,86,52,91,69,88,53,59,11,57,132,7,175,62,120,89,2,67,48,63,29,164,4,73,41,114,112,165,153,26,77,60,24,0,84,85,66,118,124,51,90,191,197,168,14,187,128,27,36,33,100,111,122,151,139,105,180,107,186,30,64,96,76,134,99,173,116,10,42,80,169,142,97,95,1,125,145,127,101,129,43,181,148,133,103,143,136,137,18,194,146,9,31,82,144,121,162,171,149,193,78,98,39,130,113,155,17,21,108,159,109,135,140,106,65,87,13,81,152,22,170,75,172,79,117,102,110,177,40,179,58,161,182,178,195,83,158,54,119,72,71,56,5,141,19,184,70,104,92,160,];False
5920;8124;14044;[198,174,190,32,189,94,6,61,38,163,199,49,12,185,167,15,16,156,147,196,192,150,20,23,176,3,157,183,37,138,126,115,25,74,34,35,93,28,8,154,166,46,188,55,44,45,131,47,68,123,50,86,52,91,69,88,53,59,11,57,132,7,175,62,120,89,2,67,48,63,29,164,4,73,41,114,112,165,153,26,77,60,24,0,84,85,66,118,124,51,90,191,197,168,14,187,128,27,36,33,100,111,122,151,139,105,180,107,186,30,64,96,76,134,99,173,116,10,42,80,169,142,97,95,1,125,160,127,101,129,43,181,148,133,103,143,136,137,18,194,146,9,31,82,144,121,162,171,149,193,78,98,39,130,113,155,17,21,108,159,109,135,140,106,65,87,13,81,152,22,170,75,172,79,117,102,110,177,40,179,58,161,182,178,195,83,158,54,119,72,71,56,5,141,19,184,70,104,92,145,];False
5902;8137;14039;[198,174,190,32,189,130,6,61,38,163,199,49,12,185,167,15,16,156,147,196,192,150,20,23,176,3,157,183,37,138,126,115,25,74,34,35,93,28,8,154,166,46,188,55,44,45,131,112,68,123,121,86,52,91,69,88,53,59,11,57,132,7,175,62,120,89,2,67,48,63,29,164,4,73,41,114,47,165,153,26,77,60,24,0,84,85,66,118,124,51,90,191,197,168,14,187,128,27,36,33,100,111,122,151,139,105,180,107,186,30,64,96,76,134,99,173,116,10,42,80,169,142,97,95,1,125,145,127,101,129,43,181,148,133,103,143,136,137,18,194,146,9,31,82,144,50,162,171,149,193,78,98,39,94,113,155,17,21,108,159,109,135,140,106,65,87,13,81,152,22,170,75,172,79,117,102,110,177,40,179,58,161,182,178,195,83,158,54,119,72,71,56,5,141,19,184,70,104,92,160,];False
5912;8125;14037;[198,174,190,32,189,130,6,61,38,163,199,49,12,185,167,15,16,156,147,196,192,150,20,23,176,3,157,183,37,138,126,115,25,74,34,35,93,28,8,154,166,46,188,55,44,45,131,112,68,123,50,86,52,91,69,88,53,59,11,57,132,7,175,62,120,89,2,67,48,63,29,164,4,73,92,114,47,165,153,26,77,60,24,0,84,85,66,118,124,51,90,191,197,168,14,187,128,27,36,33,100,111,122,151,139,105,180,107,186,30,64,96,76,134,99,173,116,10,42,80,169,142,97,95,1,125,145,127,101,129,43,181,148,133,103,143,136,137,18,194,146,9,31,82,144,121,162,171,149,193,78,98,39,94,113,155,17,21,108,159,109,135,140,106,65,87,13,81,152,22,170,75,172,79,117,102,110,177,40,179,58,161,182,178,195,83,158,54,119,72,71,56,5,141,19,184,70,104,41,160,];False
5910;8125;14035;[198,174,190,32,189,130,6,61,38,163,199,49,12,185,167,15,16,156,147,196,192,150,20,89,176,3,157,183,37,138,126,115,25,74,34,35,93,28,8,154,166,46,188,55,44,45,131,112,68,123,50,86,52,91,69,88,53,59,11,57,132,7,175,62,120,23,2,67,48,63,29,164,4,73,41,114,47,165,153,26,77,60,24,0,84,85,66,118,124,51,90,191,197,168,14,187,128,27,36,33,100,111,122,151,139,105,180,107,186,30,64,96,76,134,99,173,116,10,42,80,169,142,97,95,1,125,145,127,101,129,43,181,148,133,103,143,136,137,18,194,146,9,31,82,144,121,162,171,149,193,78,98,39,94,113,155,17,21,108,159,109,135,140,106,65,87,13,81,152,22,170,75,172,79,117,102,110,177,40,179,58,161,182,178,195,83,158,54,119,72,71,56,5,141,19,184,70,104,92,160,];False
5872;8160;14032;[198,174,190,32,189,130,6,61,38,163,199,49,12,185,167,15,16,156,147,196,192,150,20,23,176,3,157,183,37,138,126,115,1,74,34,35,93,28,8,154,166,46,188,55,44,45,131,112,68,123,50,86,52,91,69,88,53,59,11,57,132,7,175,62,120,89,2,67,48,63,29,164,4,73,41,114,47,165,153,26,77,60,24,0,84,85,81,118,124,51,90,191,197,168,14,187,128,27,36,33,100,111,122,151,139,105,180,107,186,30,64,96,76,134,99,173,116,10,42,80,169,142,97,66,25,125,145,127,101,129,43,181,148,133,103,143,136,137,18,194,146,9,31,82,144,121,162,171,149,193,78,98,39,94,113,155,17,21,108,159,109,135,140,106,65,87,13,95,152,22,170,75,172,79,117,102,110,177,40,179,58,161,182,178,195,83,158,54,119,72,71,56,5,141,19,184,70,104,92,160,];False
5810;8221;14031;[151,174,190,32,189,130,6,61,38,163,199,49,12,185,167,15,16,156,147,196,192,150,20,23,176,3,157,183,37,138,126,115,1,74,34,35,93,28,8,154,166,46,188,55,44,45,131,112,68,123,50,86,52,91,69,88,53,59,11,57,132,7,175,62,120,89,2,67,48,63,29,164,4,73,41,114,47,165,153,26,77,60,24,0,84,85,66,118,124,51,90,191,197,168,14,187,128,27,36,33,100,111,122,198,139,105,180,107,186,30,64,96,76,134,99,173,116,10,42,80,169,142,97,81,25,125,145,127,101,129,43,181,148,133,103,143,136,137,18,194,146,9,31,82,144,121,162,171,149,193,78,98,39,94,113,155,17,21,108,159,109,135,140,106,65,87,13,95,152,22,170,75,172,79,117,102,110,177,40,179,58,161,182,178,195,83,158,54,119,72,71,56,5,141,19,184,70,104,92,160,];False
5934;8096;14030;[198,174,190,32,189,130,6,61,38,163,199,49,12,185,167,15,16,156,147,196,192,150,20,23,176,3,157,183,37,138,126,115,25,74,34,35,93,28,8,154,166,46,188,55,44,45,131,112,68,123,50,86,52,91,69,88,53,59,11,57,132,7,175,62,120,89,2,67,48,63,29,164,4,73,41,114,47,165,153,26,77,60,24,0,84,85,66,118,124,51,90,191,197,168,14,187,128,27,10,33,100,111,122,151,139,105,180,107,186,30,64,96,76,134,99,173,116,36,42,80,169,142,97,95,1,125,145,127,101,129,43,181,148,133,103,143,136,137,18,194,146,9,31,82,144,121,162,171,149,193,78,98,39,94,113,155,17,21,108,159,109,135,140,106,65,87,13,81,152,22,170,75,172,79,117,102,110,177,40,179,58,161,182,178,195,83,158,54,119,72,71,56,5,141,19,184,70,104,92,160,];False
5893;8135;14028;[198,174,190,32,189,130,6,61,38,163,199,49,12,185,167,15,16,156,147,196,192,150,20,23,176,3,157,183,37,138,126,115,25,74,34,35,93,28,8,154,166,46,188,55,44,45,131,112,68,123,50,86,52,91,69,88,53,59,11,57,132,7,175,62,120,89,2,67,48,63,29,164,4,73,41,114,47,165,153,26,77,60,24,0,84,85,66,118,124,51,90,191,197,168,14,187,128,27,36,33,100,111,122,151,139,105,180,107,186,30,64,96,76,134,99,173,116,10,42,80,169,142,97,95,1,125,145,127,101,129,43,181,148,133,103,143,136,137,70,194,146,9,31,82,144,121,162,171,149,193,78,98,39,94,113,155,17,21,108,159,109,135,140,106,65,87,13,81,152,22,170,75,172,79,117,102,110,177,40,179,58,161,182,178,195,83,158,54,119,72,71,56,5,141,19,184,18,104,92,160,];False
5897;8128;14025;[198,174,190,32,189,94,6,61,38,163,199,49,12,185,167,15,16,156,147,196,192,150,20,23,176,3,157,183,37,138,126,115,25,74,34,35,93,28,8,154,166,46,188,55,44,45,131,112,68,123,50,86,52,91,69,88,53,59,11,57,132,7,175,62,120,89,2,67,48,63,29,164,4,73,41,114,47,165,153,26,77,60,24,0,84,85,66,118,124,51,90,191,197,168,14,187,128,27,36,33,100,111,122,151,139,105,180,107,186,30,64,96,76,134,99,173,116,10,42,80,169,142,97,95,1,125,145,127,101,129,43,181,148,133,103,143,136,137,18,194,146,9,31,82,144,121,162,171,149,193,78,98,39,130,113,155,17,21,108,159,109,135,140,106,65,87,13,81,152,22,170,75,172,79,117,102,110,177,40,179,58,161,182,178,195,83,158,54,119,72,71,56,5,141,19,184,70,104,92,160,];False
5936;8087;14023;[198,174,190,32,189,130,6,61,38,163,199,49,12,185,167,15,16,156,147,196,192,150,20,23,176,3,157,183,37,138,126,115,25,74,34,35,93,28,8,154,191,46,188,55,44,45,131,112,68,123,50,86,52,91,69,88,53,59,11,57,132,7,175,62,120,89,2,67,48,63,29,164,4,73,41,114,47,165,153,26,77,60,24,0,84,85,66,118,124,51,90,166,197,168,14,187,128,27,36,33,100,111,122,151,139,105,180,107,186,30,64,96,76,134,99,173,116,10,42,80,169,142,97,95,1,125,145,127,101,129,43,181,148,133,103,143,136,137,18,194,146,9,31,82,144,121,162,171,149,193,78,98,39,94,113,155,17,21,108,159,109,135,140,106,65,87,13,81,152,22,170,75,172,79,117,102,110,177,40,179,58,161,182,178,195,83,158,54,119,72,71,56,5,141,19,184,70,104,92,160,];False
5889;8134;14023;[198,174,190,32,189,130,6,61,38,163,199,49,12,185,167,15,16,156,147,196,192,150,20,23,176,3,157,183,37,138,126,115,1,74,34,35,93,28,8,154,166,46,188,55,44,45,131,112,68,123,50,86,52,91,69,88,53,59,11,57,132,7,175,62,120,89,2,67,48,63,29,164,4,73,41,114,47,165,153,26,77,60,24,0,84,85,66,118,124,51,90,191,197,168,14,97,128,27,36,33,100,111,122,151,139,105,180,107,186,30,64,96,76,134,99,173,116,10,42,80,169,142,187,81,25,125,145,127,101,129,43,181,148,133,103,143,136,137,18,194,146,9,31,82,144,121,162,171,149,193,78,98,39,94,113,155,17,21,108,159,109,135,140,106,65,87,13,95,152,22,170,75,172,79,117,102,110,177,40,179,58,161,182,178,195,83,158,54,119,72,71,56,5,141,19,184,70,104,92,160,];False
5903;8110;14013;[198,174,190,32,189,130,6,61,38,163,199,49,12,185,167,15,72,156,147,196,192,150,20,23,176,3,157,183,37,138,126,115,25,74,34,35,93,28,8,154,166,46,188,55,44,45,131,112,68,123,50,86,52,91,69,88,53,59,11,57,132,7,175,62,120,89,2,67,48,63,29,164,4,73,41,114,47,165,153,26,77,60,24,0,84,85,66,118,124,51,90,191,197,168,14,187,128,27,36,33,100,111,122,151,139,105,180,107,186,30,64,96,76,134,99,173,116,10,42,80,169,142,97,95,1,125,145,127,101,129,43,181,148,133,103,143,136,137,18,194,146,9,31,82,144,121,162,171,149,193,78,98,39,94,113,155,17,21,108,159,109,135,140,106,65,87,13,81,152,22,170,75,172,79,117,102,110,177,40,179,58,161,182,178,195,83,158,54,119,16,71,56,5,141,19,184,70,104,92,160,];False
5877;8134;14011;[198,174,190,32,189,130,6,61,38,163,199,49,12,185,167,15,16,156,147,196,192,150,20,23,176,3,157,183,37,138,126,115,25,74,34,35,93,28,8,154,166,46,188,55,44,45,131,112,68,123,50,86,52,91,69,88,53,59,11,57,132,7,175,62,120,89,2,67,48,63,29,164,4,73,41,114,47,165,153,26,77,60,24,0,84,85,66,118,124,51,90,191,197,168,14,187,128,27,36,33,100,111,122,151,139,105,180,162,186,30,64,96,76,134,99,173,116,10,42,80,169,142,97,95,1,125,145,127,101,129,43,181,148,133,103,143,136,137,18,194,146,9,31,82,144,121,107,171,149,193,78,98,39,94,113,155,17,21,108,159,109,135,140,106,65,87,13,81,152,22,170,75,172,79,117,102,110,177,40,179,58,161,182,178,195,83,158,54,119,72,71,56,5,141,19,184,70,104,92,160,];False
5842;8168;14010;[198,174,190,32,189,130,6,61,38,163,199,49,12,185,167,15,16,156,147,196,192,150,20,23,56,3,157,183,37,138,126,115,25,74,34,35,93,28,8,154,166,46,188,55,44,45,131,112,68,123,50,86,52,91,69,88,53,59,11,57,132,7,175,62,120,89,2,67,48,63,29,164,4,73,41,114,47,165,153,26,77,60,24,0,84,85,66,118,124,51,90,191,197,168,14,187,128,27,36,33,100,111,122,151,139,105,180,107,186,30,64,96,76,134,99,173,116,10,42,80,169,142,97,95,1,125,145,127,101,129,43,181,148,133,103,143,136,137,18,194,146,9,31,82,144,121,162,171,149,193,78,98,39,94,113,155,17,21,108,159,109,135,140,106,65,87,13,81,152,22,170,75,172,79,117,102,110,177,40,179,58,161,182,178,195,83,158,54,119,72,71,176,5,141,19,184,70,104,92,160,];False
5855;8155;14010;[198,174,190,32,189,130,6,61,38,163,199,49,12,41,167,15,16,156,147,196,192,150,20,23,176,3,157,183,37,138,126,115,25,74,34,35,93,28,8,154,166,46,188,55,44,45,131,112,68,123,50,86,52,91,69,88,53,59,11,57,132,7,175,62,120,89,2,67,48,63,29,164,4,73,185,114,47,165,153,26,77,60,24,0,84,85,66,118,124,51,90,191,197,168,14,187,128,27,36,33,100,111,122,151,139,105,180,107,186,30,64,96,76,134,99,173,116,10,42,80,169,142,97,81,1,125,145,127,101,129,43,181,148,133,103,143,136,137,18,194,146,9,31,82,144,121,162,171,149,193,78,98,39,94,113,155,17,21,108,159,109,135,140,106,65,87,13,95,152,22,170,75,172,79,117,102,110,177,40,179,58,161,182,178,195,83,158,54,119,72,71,56,5,141,19,184,70,104,92,160,];False
5903;8107;14010;[198,174,190,32,189,130,6,61,38,163,199,49,12,185,167,15,16,156,147,196,192,150,20,23,176,3,157,183,37,138,126,115,1,74,34,35,93,28,8,154,166,46,188,55,44,45,131,112,68,123,50,86,52,91,69,88,53,59,11,57,132,7,175,62,120,171,2,67,48,63,29,164,4,73,41,114,47,165,153,26,77,60,24,0,84,85,66,118,124,51,90,191,197,168,14,187,128,27,36,33,100,111,122,151,139,105,180,107,186,30,64,96,76,134,99,173,116,10,42,80,169,142,97,81,25,125,145,127,101,129,43,181,148,133,103,143,136,137,18,194,146,9,31,82,144,121,162,89,149,193,78,98,39,94,113,155,17,21,108,159,109,135,140,106,65,87,13,95,152,22,170,75,172,79,117,102,110,177,40,179,58,161,182,178,195,83,158,54,119,72,71,56,5,141,19,184,70,104,92,160,];False
5867;8141;14008;[198,174,190,32,189,130,6,61,38,163,199,49,12,185,167,15,16,156,147,196,192,150,20,23,176,3,157,183,37,138,126,115,25,74,84,35,93,28,8,154,166,46,188,55,44,45,131,112,68,123,50,86,52,91,69,88,53,59,11,57,132,7,175,62,120,89,2,67,48,63,29,164,4,73,41,114,47,165,153,26,77,60,24,0,34,85,66,118,124,51,90,191,197,168,14,187,128,27,36,33,100,111,122,151,139,105,180,107,186,30,64,96,76,134,99,173,116,10,42,80,169,142,97,95,1,125,145,127,101,129,43,181,148,133,103,143,136,137,18,194,146,9,31,82,144,121,162,171,149,193,78,98,39,94,113,155,17,21,108,159,109,135,140,106,65,87,13,81,152,22,170,75,172,79,117,102,110,177,40,179,58,161,182,178,195,83,158,54,119,72,71,56,5,141,19,184,70,104,92,160,];False
5857;8149;14006;[198,174,190,32,189,130,6,61,38,163,199,49,12,185,167,15,16,156,147,196,192,150,20,23,176,3,157,183,37,138,126,115,25,74,34,35,93,28,8,154,166,46,188,55,44,45,131,112,68,123,50,86,52,91,69,88,53,59,11,57,132,7,175,62,120,89,2,67,48,63,29,164,4,73,41,114,47,165,153,26,77,60,24,0,84,85,66,118,124,51,90,191,197,168,14,187,128,27,36,33,100,111,122,151,139,105,180,107,186,30,64,96,76,134,99,173,116,10,42,80,169,142,97,81,159,125,145,127,101,129,43,181,148,133,103,143,136,137,18,194,146,9,31,82,144,121,162,171,149,193,78,98,39,94,113,155,17,21,108,1,109,135,140,106,65,87,13,95,152,22,170,75,172,79,117,102,110,177,40,179,58,161,182,178,195,83,158,54,119,72,71,56,5,141,19,184,70,104,92,160,];False
5904;8100;14004;[198,174,190,32,189,130,6,61,38,163,199,49,12,185,167,15,16,156,147,196,192,150,20,23,176,3,157,183,37,138,126,115,25,74,34,35,93,28,8,154,166,46,188,55,44,45,172,112,68,123,50,86,52,91,69,88,53,59,11,57,132,7,175,62,120,89,2,67,48,63,29,164,4,73,41,114,47,165,153,26,77,60,24,0,84,85,66,118,124,51,90,191,197,168,14,187,128,27,36,33,100,111,122,151,139,105,180,107,186,30,64,96,76,134,99,173,116,10,42,80,169,142,97,95,1,125,145,127,101,129,43,181,148,133,103,143,136,137,18,194,146,9,31,82,144,121,162,171,149,193,78,98,39,94,113,155,17,21,108,159,109,135,140,106,65,87,13,81,152,22,170,75,131,79,117,102,110,177,40,179,58,161,182,178,195,83,158,54,119,72,71,56,5,141,19,184,70,104,92,160,];False
5752;8251;14003;[198,174,190,32,189,130,6,61,38,163,199,49,12,185,167,15,16,156,147,196,192,150,20,23,176,3,157,183,37,138,126,115,1,74,34,35,93,28,8,154,166,46,188,55,44,45,131,112,68,123,50,86,52,91,69,88,53,59,11,57,132,7,175,62,120,89,2,67,48,63,29,164,4,73,41,114,47,165,153,26,77,60,24,0,84,85,66,118,124,51,90,191,197,168,14,187,128,27,36,33,100,111,122,151,139,105,180,107,186,30,64,146,76,134,99,173,116,10,42,80,169,142,97,81,25,125,145,127,101,129,43,181,148,133,103,143,136,137,18,194,96,9,31,82,144,121,162,171,149,193,78,98,39,94,113,155,17,21,108,159,109,135,140,106,65,87,13,95,152,22,170,75,172,79,117,102,110,177,40,179,58,161,182,178,195,83,158,54,119,72,71,56,5,141,19,184,70,104,92,160,];False
5833;8170;14003;[198,174,190,32,189,130,6,61,38,163,199,49,12,185,167,15,16,156,147,196,192,150,20,23,176,3,157,183,37,138,126,115,1,74,34,35,93,28,8,154,166,46,188,55,44,45,131,112,68,123,50,86,52,91,69,88,53,59,11,57,132,7,175,62,120,89,2,67,48,63,29,164,4,73,41,114,47,165,153,26,77,60,24,0,84,85,66,118,124,51,90,191,197,168,14,187,128,27,36,33,100,111,122,151,139,105,180,107,186,30,64,96,76,134,99,173,116,10,42,80,169,142,97,81,25,125,145,127,101,129,43,181,148,133,103,143,136,137,18,194,146,9,31,82,144,121,162,171,149,193,78,98,39,94,113,155,17,21,108,159,109,135,170,106,65,87,13,95,152,22,140,75,172,79,117,102,110,177,40,179,58,161,182,178,195,83,158,54,119,72,71,56,5,141,19,184,70,104,92,160,];False
5800;8198;13998;[198,174,190,32,189,130,6,61,38,163,199,49,12,185,167,15,16,156,147,196,192,150,20,23,176,3,157,183,37,138,126,115,25,74,34,35,93,28,8,154,166,46,188,55,44,45,131,112,68,123,50,86,52,91,69,88,53,59,11,57,132,7,175,62,120,89,2,67,48,63,29,164,4,73,41,114,47,165,153,26,77,60,24,0,84,85,66,118,124,51,90,191,197,168,14,187,160,27,36,33,100,111,122,151,139,105,180,107,186,30,64,96,76,134,99,173,116,10,42,80,169,142,97,81,1,125,145,127,101,129,43,181,148,133,103,143,136,137,18,194,146,9,31,82,144,121,162,171,149,193,78,98,39,94,113,155,17,21,108,159,109,135,140,106,65,87,13,95,152,22,170,75,172,79,117,102,110,177,40,179,58,161,182,178,195,83,158,54,119,72,71,56,5,141,19,184,70,104,92,128,];False
5863;8134;13997;[198,174,190,32,189,130,6,61,38,163,199,49,12,185,167,15,16,156,147,196,192,150,20,23,176,3,157,183,37,138,126,115,1,74,34,35,93,28,8,154,166,46,188,55,44,45,131,112,68,123,50,161,52,91,69,88,53,59,11,57,132,7,175,62,120,89,2,67,48,63,29,164,4,73,41,114,47,165,153,26,77,60,24,0,84,85,66,118,124,51,90,191,197,168,14,187,128,27,36,33,100,111,122,151,139,105,180,107,186,30,64,96,76,134,99,173,116,10,42,80,169,142,97,81,25,125,145,127,101,129,43,181,148,133,103,143,136,137,18,194,146,9,31,82,144,121,162,171,149,193,78,98,39,94,113,155,17,21,108,159,109,135,140,106,65,87,13,95,152,22,170,75,172,79,117,102,110,177,40,179,58,86,182,178,195,83,158,54,119,72,71,56,5,141,19,184,70,104,92,160,];False
5864;8132;13996;[198,174,190,32,189,130,6,61,38,163,199,49,12,185,167,15,16,156,147,196,192,150,20,23,176,3,157,183,37,138,126,115,25,74,34,35,93,28,8,154,166,46,188,55,44,45,131,112,68,123,50,86,52,91,69,88,53,59,11,57,132,7,175,62,120,89,2,67,48,63,29,164,4,73,41,114,47,165,153,26,77,60,24,0,84,85,66,118,124,51,90,191,197,168,14,187,128,27,36,33,100,111,122,151,139,105,180,107,186,30,64,96,76,134,99,173,116,10,42,80,169,142,97,95,1,125,145,127,101,129,43,181,148,13,103,143,136,137,18,194,146,9,31,82,144,121,162,171,149,193,78,98,39,94,113,155,17,21,108,159,109,135,140,106,65,87,133,81,152,22,170,75,172,79,117,102,110,177,40,179,58,161,182,178,195,83,158,54,119,72,71,56,5,141,19,184,70,104,92,160,];False
5861;8134;13995;[198,174,190,32,189,130,6,61,38,163,199,49,12,185,167,15,16,156,147,196,192,150,20,23,176,3,157,183,37,138,126,115,25,74,34,35,93,28,8,154,166,46,188,55,44,45,131,112,68,123,50,86,52,91,69,88,53,59,11,57,132,7,175,62,120,89,2,67,48,63,29,164,4,73,41,114,47,165,153,26,77,60,24,0,84,85,66,118,124,51,90,191,197,168,14,187,128,27,36,33,100,111,122,151,139,105,180,107,186,30,64,96,76,134,99,173,116,10,42,80,169,142,97,95,1,125,145,127,101,129,43,181,148,133,103,143,136,137,18,194,146,9,31,82,144,121,162,171,149,193,78,98,39,94,113,155,17,21,108,159,109,135,140,106,65,87,19,81,152,22,170,75,172,79,117,102,110,177,40,179,58,161,182,178,195,83,158,54,119,72,71,56,5,141,13,184,70,104,92,160,];False
5859;8135;13994;[198,174,190,32,189,130,6,61,38,163,199,49,12,185,167,15,16,156,147,196,192,150,20,23,176,3,157,183,37,138,126,115,1,39,34,35,93,28,8,154,166,46,188,55,44,45,131,112,68,123,50,86,52,91,69,88,53,59,11,57,132,7,175,62,120,89,2,67,48,63,29,164,4,73,41,114,47,165,153,26,77,60,24,0,84,85,66,118,124,51,90,191,197,168,14,187,128,27,36,33,100,111,122,151,139,105,180,107,186,30,64,96,76,134,99,173,116,10,42,80,169,142,97,81,25,125,145,127,101,129,43,181,148,133,103,143,136,137,18,194,146,9,31,82,144,121,162,171,149,193,78,98,74,94,113,155,17,21,108,159,109,135,140,106,65,87,13,95,152,22,170,75,172,79,117,102,110,177,40,179,58,161,182,178,195,83,158,54,119,72,71,56,5,141,19,184,70,104,92,160,];False
5882;8111;13993;[198,174,190,32,189,130,6,61,38,163,199,49,12,185,167,15,16,156,147,196,192,150,20,23,176,3,157,183,37,138,126,115,25,74,34,35,93,28,8,154,166,46,188,55,44,45,131,112,68,123,50,86,52,91,69,88,53,59,11,57,132,7,175,62,120,89,2,67,48,63,29,164,4,73,41,114,47,165,153,26,77,60,24,0,84,85,66,118,124,51,90,191,197,168,14,187,128,27,36,33,100,111,122,151,139,105,180,107,186,30,64,96,76,134,99,173,116,10,42,80,169,142,97,95,1,125,145,127,101,129,43,181,148,133,103,143,136,137,18,194,109,9,31,82,144,121,162,171,149,193,78,98,39,94,113,155,17,21,108,159,146,135,140,106,65,87,13,81,152,22,170,75,172,79,117,102,110,177,40,179,58,161,182,178,195,83,158,54,119,72,71,56,5,141,19,184,70,104,92,160,];False
5848;8145;13993;[198,174,190,32,189,130,6,61,38,163,199,49,12,185,167,15,16,156,147,196,192,150,20,23,176,3,157,183,37,138,126,95,25,74,34,35,93,28,8,154,166,46,188,55,44,45,131,112,68,123,50,86,52,91,69,88,53,59,11,57,132,7,175,62,120,89,2,67,48,63,29,164,4,73,41,114,47,165,153,26,77,60,24,0,84,85,66,118,124,51,90,191,197,168,14,187,128,27,36,33,100,111,122,151,139,105,180,107,186,30,64,96,76,134,99,173,116,10,42,80,169,142,97,115,1,125,145,127,101,129,43,181,148,133,103,143,136,137,18,194,146,9,31,82,144,121,162,171,149,193,78,98,39,94,113,155,17,21,108,159,109,135,140,106,65,87,13,81,152,22,170,75,172,79,117,102,110,177,40,179,58,161,182,178,195,83,158,54,119,72,71,56,5,141,19,184,70,104,92,160,];False
5866;8126;13992;[198,174,190,32,189,130,6,61,38,163,199,49,12,185,167,15,16,156,147,196,192,150,20,23,176,3,157,183,37,138,126,115,25,74,34,35,93,28,8,154,166,46,188,55,44,45,131,112,68,123,50,86,52,91,69,88,53,59,11,57,132,7,175,62,120,89,2,67,48,63,29,164,4,73,41,114,47,84,153,26,77,60,24,0,165,85,66,118,124,51,90,191,197,168,14,187,128,27,36,33,100,111,122,151,139,105,180,107,186,30,64,96,76,134,99,173,116,10,42,80,169,142,97,95,1,125,145,127,101,129,43,181,148,133,103,143,136,137,18,194,146,9,31,82,144,121,162,171,149,193,78,98,39,94,113,155,17,21,108,159,109,135,140,106,65,87,13,81,152,22,170,75,172,79,117,102,110,177,40,179,58,161,182,178,195,83,158,54,119,72,71,56,5,141,19,184,70,104,92,160,];False
5865;8127;13992;[198,174,190,32,189,130,6,61,38,163,199,49,12,185,167,15,16,156,147,196,192,150,20,23,176,3,157,183,37,138,126,115,25,74,34,35,93,28,8,154,166,46,188,55,44,45,131,112,68,123,50,86,52,91,69,88,53,59,11,57,132,7,175,62,120,89,2,67,48,63,29,164,4,73,41,114,47,165,153,26,77,60,24,0,84,85,66,118,124,51,90,191,197,168,14,187,128,27,36,33,100,18,122,151,139,105,180,107,186,30,64,96,76,134,99,173,116,10,42,80,169,142,97,81,1,125,145,127,101,129,43,181,148,133,103,143,136,137,111,194,146,9,31,82,144,121,162,171,149,193,78,98,39,94,113,155,17,21,108,159,109,135,140,106,65,87,13,95,152,22,170,75,172,79,117,102,110,177,40,179,58,161,182,178,195,83,158,54,119,72,71,56,5,141,19,184,70,104,92,160,];False
5839;8153;13992;[198,174,190,32,189,130,6,61,38,54,199,49,12,185,167,15,16,156,147,196,192,150,20,23,176,3,157,183,37,138,126,115,25,74,34,35,93,28,8,154,166,46,188,55,44,45,131,112,68,123,50,86,52,91,69,88,53,59,11,57,132,7,175,62,120,89,2,67,48,63,29,164,4,73,41,114,47,165,153,26,77,60,24,0,84,85,66,118,124,51,90,191,197,168,14,187,128,27,36,33,100,111,122,151,139,105,180,107,186,30,64,96,76,134,99,173,116,10,42,80,169,142,97,95,1,125,145,127,101,129,43,181,148,133,103,143,136,137,18,194,146,9,31,82,144,121,162,171,149,193,78,98,39,94,113,155,17,21,108,159,109,135,140,106,65,87,13,81,152,22,170,75,172,79,117,102,110,177,40,179,58,161,182,178,195,83,158,163,119,72,71,56,5,141,19,184,70,104,92,160,];False
5839;8148;13987;[198,174,190,32,189,130,6,61,38,163,199,49,12,185,167,15,16,156,147,196,192,150,20,56,176,3,157,183,37,138,126,115,161,74,34,35,93,28,8,154,166,46,188,55,44,45,131,112,68,123,50,86,52,91,69,88,53,59,11,57,132,7,175,62,120,89,2,67,48,63,29,164,4,73,41,114,47,165,153,26,77,60,24,0,84,85,66,118,124,51,90,191,197,168,14,187,128,27,36,33,100,111,122,151,139,105,180,107,186,30,64,96,76,134,99,173,116,10,42,80,169,142,97,81,25,125,145,127,101,129,43,181,148,133,103,143,136,137,18,194,146,9,31,82,144,121,162,171,149,193,78,98,39,94,113,155,17,21,108,159,109,135,140,106,65,87,13,95,152,22,170,75,172,79,117,102,110,177,40,179,58,1,182,178,195,83,158,54,119,72,71,23,5,141,19,184,70,104,92,160,];False
5841;8146;13987;[198,174,190,32,189,130,6,61,38,163,199,49,12,185,167,15,16,156,147,196,192,150,20,23,176,3,157,183,37,138,126,115,25,74,34,35,93,28,8,154,166,46,188,55,44,45,131,112,68,123,50,86,52,91,69,88,53,59,11,57,132,7,175,62,120,89,2,67,48,63,29,164,4,73,41,114,47,165,153,26,77,60,24,0,84,85,66,118,124,51,90,191,197,168,14,187,128,27,36,33,100,111,122,151,139,105,180,107,186,30,64,96,76,134,99,173,116,101,42,80,169,142,97,95,1,125,145,127,10,129,43,181,148,133,103,143,136,137,18,194,146,9,31,82,144,121,162,171,149,193,78,98,39,94,113,155,17,21,108,159,109,135,140,106,65,87,13,81,152,22,170,75,172,79,117,102,110,177,40,179,58,161,182,178,195,83,158,54,119,72,71,56,5,141,19,184,70,104,92,160,];False
5879;8107;13986;[198,174,190,32,189,130,6,61,38,163,199,49,12,185,167,15,16,156,147,196,192,150,20,23,176,3,157,183,37,138,126,115,25,74,34,35,93,28,8,154,166,46,188,55,44,45,131,112,68,123,50,86,52,91,69,88,53,59,11,57,132,7,175,62,120,89,2,67,48,63,29,164,4,73,41,114,47,165,153,26,77,60,24,0,84,85,66,118,124,51,90,191,197,168,14,187,128,27,36,33,100,111,122,151,139,105,180,107,186,30,64,96,76,134,99,173,116,10,42,80,169,142,97,95,1,125,145,127,101,129,43,181,148,133,103,143,136,137,18,194,146,9,31,82,144,121,160,171,149,193,78,98,39,94,113,155,17,21,108,159,109,135,140,106,65,87,13,81,152,22,170,75,172,79,117,102,110,177,40,179,58,161,182,178,195,83,158,54,119,72,71,56,5,141,19,184,70,104,92,162,];False
5814;8172;13986;[198,174,190,32,189,130,6,61,38,163,199,49,12,185,167,15,16,156,147,196,192,150,20,23,176,3,157,183,37,138,126,115,1,74,34,35,93,28,8,154,166,46,188,55,44,45,131,112,68,123,50,86,52,91,69,88,53,59,11,57,132,7,175,62,120,89,2,67,48,63,29,164,4,73,41,114,47,165,153,26,77,60,24,0,84,85,66,118,124,51,90,191,197,168,14,187,128,27,36,33,100,111,122,151,139,105,180,107,186,30,64,96,76,134,99,173,116,10,42,80,71,142,97,81,25,125,145,127,101,129,43,181,148,133,103,143,136,137,18,194,146,9,31,82,144,121,162,171,149,193,78,98,39,94,113,155,17,21,108,159,109,135,140,106,65,87,13,95,152,22,170,75,172,79,117,102,110,177,40,179,58,161,182,178,195,83,158,54,119,72,169,56,5,141,19,184,70,104,92,160,];False
5841;8141;13982;[198,174,190,32,189,130,6,61,38,163,199,49,12,185,167,15,16,156,147,196,192,150,20,23,176,3,157,183,37,138,126,115,25,74,34,35,93,28,8,154,166,46,188,55,44,45,131,112,68,123,50,52,86,91,69,88,53,59,11,57,132,7,175,62,120,89,2,67,48,63,29,164,4,73,41,114,47,165,153,26,77,60,24,0,84,85,66,118,124,51,90,191,197,168,14,187,128,27,36,33,100,111,122,151,139,105,180,107,186,30,64,96,76,134,99,173,116,10,42,80,169,142,97,81,1,125,145,127,101,129,43,181,148,133,103,143,136,137,18,194,146,9,31,82,144,121,162,171,149,193,78,98,39,94,113,155,17,21,108,159,109,135,140,106,65,87,13,95,152,22,170,75,172,79,117,102,110,177,40,179,58,161,182,178,195,83,158,54,119,72,71,56,5,141,19,184,70,104,92,160,];False
5855;8124;13979;[198,174,190,32,189,130,6,61,38,163,199,49,12,185,167,15,16,156,147,196,192,150,20,23,176,3,157,183,37,138,126,115,25,74,34,35,93,28,8,154,166,46,188,55,44,45,131,112,68,123,50,86,52,91,69,88,53,59,11,57,132,7,175,62,120,89,2,67,48,63,29,164,4,73,41,114,47,165,153,26,77,60,24,0,84,85,66,118,124,51,90,191,197,168,14,187,128,27,36,33,100,111,122,151,139,105,180,107,186,30,64,96,76,134,99,173,116,10,42,80,169,142,97,81,1,125,145,127,101,129,43,181,148,133,103,143,195,137,18,194,146,9,31,82,144,121,162,171,149,193,78,98,39,94,113,155,17,21,108,159,109,135,140,106,65,87,13,95,152,22,170,75,172,79,117,102,110,177,40,179,58,161,182,178,136,83,158,54,119,72,71,56,5,141,19,184,70,104,92,160,];False
5860;8118;13978;[198,174,190,32,189,130,6,61,38,163,199,49,12,185,167,15,16,156,147,196,192,150,20,23,176,3,157,183,37,138,126,115,25,74,34,35,93,28,8,154,166,46,188,55,44,45,131,112,68,123,50,86,52,91,69,88,53,59,120,57,132,7,175,62,11,89,2,67,48,63,29,164,4,73,41,114,47,165,153,26,77,60,24,0,84,85,66,118,124,51,90,191,197,168,14,187,128,27,36,33,100,111,122,151,139,105,180,107,186,30,64,96,76,134,99,173,116,10,42,80,169,142,97,81,1,125,145,127,101,129,43,181,148,133,103,143,136,137,18,194,146,9,31,82,144,121,162,171,149,193,78,98,39,94,113,155,17,21,108,159,109,135,140,106,65,87,13,95,152,22,170,75,172,79,117,102,110,177,40,179,58,161,182,178,195,83,158,54,119,72,71,56,5,141,19,184,70,104,92,160,];False
5836;8139;13975;[198,174,190,32,189,130,6,61,38,163,199,49,12,185,167,15,16,156,147,196,192,150,20,56,176,3,157,183,37,138,126,115,1,74,34,35,93,28,8,154,166,113,188,55,44,45,131,112,68,123,50,86,52,91,69,88,53,59,11,57,132,7,175,62,120,89,2,67,48,63,29,164,4,73,41,114,47,165,118,26,77,60,24,0,84,85,66,153,124,51,90,191,197,168,14,187,128,27,178,33,100,111,122,151,139,105,180,107,186,30,64,96,76,134,99,173,116,10,42,80,169,142,97,81,25,125,145,127,101,129,43,181,148,133,103,143,136,137,18,194,146,9,31,82,144,121,162,171,149,193,78,98,39,94,46,155,17,21,108,159,109,135,140,106,65,87,13,95,152,22,170,75,172,79,117,102,110,177,40,179,58,161,182,36,195,83,158,54,119,72,71,23,5,141,19,184,70,104,92,160,];False
5812;8158;13970;[198,174,190,32,189,130,6,61,38,163,199,49,12,185,167,15,16,156,147,196,192,150,20,23,176,3,157,183,37,138,126,115,1,74,34,35,93,28,8,154,166,46,188,55,44,45,131,112,68,123,50,86,52,91,69,88,53,59,11,57,132,7,175,62,120,89,2,67,48,63,29,164,4,73,41,114,47,165,153,26,77,60,24,0,84,85,66,118,124,51,90,105,197,168,14,187,128,27,36,33,100,111,122,151,139,191,180,107,186,30,64,96,76,134,99,173,116,10,42,80,169,142,97,81,25,125,145,127,101,129,43,181,148,133,103,143,136,137,18,194,146,9,31,82,144,121,162,171,149,193,78,98,39,94,113,155,17,21,108,159,109,135,140,106,65,87,13,95,152,22,170,75,172,79,117,102,110,177,40,179,58,161,182,178,195,83,158,54,119,72,71,56,5,141,19,184,70,104,92,160,];False
5856;8113;13969;[198,174,190,32,189,130,6,61,38,163,199,49,12,185,167,15,16,156,147,196,192,150,20,23,176,3,157,183,37,138,126,115,1,74,34,35,93,28,8,154,166,46,188,55,44,45,131,112,68,123,50,86,52,91,69,88,53,59,11,57,132,7,175,62,120,89,2,67,48,63,29,164,4,73,41,114,47,165,153,26,77,95,24,0,84,85,66,118,124,51,90,191,197,168,14,187,128,27,36,33,100,111,122,151,139,105,180,107,186,30,64,96,76,134,99,173,116,10,42,80,169,142,97,81,25,125,145,127,101,129,43,181,148,133,103,143,136,137,18,194,146,9,31,82,144,121,162,171,149,193,78,98,39,94,113,155,17,21,108,159,109,135,140,106,65,87,13,60,152,22,170,75,172,79,117,102,110,177,40,179,58,161,182,178,195,83,158,54,119,72,71,56,5,141,19,184,70,104,92,160,];False
5858;8111;13969;[198,174,190,32,189,130,6,61,38,163,199,49,12,185,167,15,16,156,147,196,192,150,20,23,176,3,157,183,37,138,126,115,25,74,34,35,93,28,8,154,166,46,188,55,44,45,131,112,68,123,50,86,52,91,69,88,53,59,11,57,132,7,175,62,120,89,2,67,48,63,29,164,4,73,41,114,47,165,153,26,77,60,24,0,84,85,66,118,124,51,90,191,197,168,14,187,128,27,36,33,100,111,122,151,139,105,180,107,186,30,64,96,76,134,99,173,116,10,42,80,169,142,97,95,1,125,145,127,101,129,43,181,148,133,103,143,136,137,18,194,146,9,31,82,144,121,162,171,149,193,78,98,39,94,113,155,17,21,108,159,109,135,140,106,65,87,13,81,152,22,170,75,172,79,117,102,110,177,40,179,58,161,182,178,195,83,158,54,119,72,71,56,5,141,19,184,70,104,92,160,];False
5855;8113;13968;[198,174,190,32,189,130,6,61,38,163,199,49,12,185,167,15,16,156,147,196,192,150,20,23,176,3,157,183,37,138,126,115,25,74,34,35,93,28,8,154,166,46,188,55,44,45,131,112,68,123,50,86,52,91,69,88,53,59,11,57,132,7,175,62,120,89,2,67,48,63,29,164,4,73,41,114,47,165,153,26,77,60,24,0,84,85,66,135,124,51,90,191,197,168,14,187,128,27,36,33,100,111,122,151,139,105,180,107,186,30,64,96,76,134,99,173,116,10,42,80,169,142,97,95,1,125,145,127,101,129,43,181,148,133,103,143,136,137,18,194,146,9,31,82,144,121,162,171,149,193,78,98,39,94,113,155,17,21,108,159,109,118,140,106,65,87,13,81,152,22,170,75,172,79,117,102,110,177,40,179,58,161,182,178,195,83,158,54,119,72,71,56,5,141,19,184,70,104,92,160,];False
5844;8123;13967;[198,174,190,32,189,130,6,61,38,163,199,49,12,185,167,15,16,156,147,196,145,150,20,56,176,3,157,183,37,138,126,115,1,74,34,35,93,28,8,154,166,113,188,55,44,45,131,112,68,123,50,86,52,91,69,88,53,59,64,57,132,7,175,62,120,89,2,67,48,63,29,164,4,73,41,114,47,165,153,26,77,60,24,0,84,85,66,118,124,51,90,191,197,168,14,187,128,27,178,33,100,111,122,151,139,105,180,107,186,30,11,96,76,134,99,173,116,10,42,80,169,142,97,81,25,125,192,127,101,129,43,181,148,170,103,143,136,137,18,194,146,9,31,82,144,121,162,171,149,193,78,98,39,94,46,155,17,21,108,159,109,135,140,106,65,87,13,95,152,22,133,75,172,79,117,102,110,177,40,179,58,161,182,36,195,83,158,54,119,72,71,23,5,141,19,184,70,104,92,160,];False
5815;8150;13965;[198,174,190,32,189,130,6,61,38,163,199,49,12,185,167,15,16,156,147,196,192,150,20,23,176,3,157,183,37,138,169,115,1,74,34,35,93,28,8,154,166,46,188,55,44,45,131,112,68,123,50,86,52,91,69,88,53,59,11,57,132,7,175,62,120,89,2,67,48,63,29,164,4,73,41,114,47,165,153,26,77,60,24,0,84,85,66,118,124,51,90,191,197,168,14,187,128,27,36,33,100,111,122,151,139,105,180,107,186,30,64,96,76,134,99,173,116,10,42,80,126,142,97,81,25,125,145,127,101,129,43,181,148,133,103,143,136,137,18,194,146,9,31,82,144,121,162,171,149,193,78,98,39,94,113,155,17,21,108,159,109,135,140,106,65,87,13,95,152,22,170,75,172,79,117,102,110,177,40,179,58,161,182,178,195,83,158,54,119,72,71,56,5,141,19,184,70,104,92,160,];False
5824;8141;13965;[198,174,190,32,189,130,6,61,38,163,199,49,12,185,167,15,16,156,147,196,192,150,20,23,176,3,157,183,37,138,126,115,1,74,34,41,93,28,8,154,166,46,188,55,44,45,131,112,68,123,50,86,52,91,69,88,53,59,11,57,132,7,175,62,120,89,2,67,48,63,29,164,4,73,35,114,47,165,153,26,77,60,24,0,84,85,66,118,124,51,90,191,197,168,14,187,128,27,36,33,100,111,122,151,139,105,180,107,186,30,64,96,76,134,99,173,116,10,42,80,169,142,97,81,25,125,145,127,101,129,43,181,148,133,103,143,136,137,18,194,146,9,31,82,144,121,162,171,149,193,78,98,39,94,113,155,17,21,108,159,109,135,140,106,65,87,13,95,152,22,170,75,172,79,117,102,110,177,40,179,58,161,182,178,195,83,158,54,119,72,71,56,5,141,19,184,70,104,92,160,];False
5822;8140;13962;[198,174,190,32,189,130,6,61,38,163,199,49,12,185,167,15,16,156,147,196,192,150,20,23,176,3,157,183,37,138,126,115,25,74,34,35,93,28,8,154,166,46,188,55,44,45,131,112,68,123,50,86,52,91,69,88,53,59,11,57,132,7,175,62,120,89,2,67,48,63,29,164,4,73,41,114,47,165,153,26,77,60,24,0,84,85,66,118,124,51,90,191,197,168,14,187,128,27,36,33,100,111,122,151,139,105,180,107,186,30,64,96,76,134,99,173,116,10,42,80,169,142,97,95,1,125,145,127,101,129,43,181,148,133,103,143,136,137,18,194,146,9,31,82,144,121,162,171,149,193,78,98,39,94,113,155,17,19,108,159,109,135,140,106,65,87,13,81,152,22,170,75,172,79,117,102,110,177,40,179,58,161,182,178,195,83,158,54,119,72,71,56,5,141,21,184,70,104,92,160,];False
5810;8150;13960;[198,174,190,32,189,130,6,61,38,163,199,49,12,185,167,15,16,156,147,196,192,150,20,56,176,3,157,183,37,138,126,115,1,74,34,35,93,28,8,154,166,113,188,55,44,45,131,112,68,123,50,86,52,91,69,88,53,59,11,57,132,7,175,62,120,89,2,67,48,63,29,164,4,73,41,114,47,165,153,26,77,60,24,0,84,85,66,118,124,51,90,191,197,168,14,187,128,27,178,33,100,111,122,151,139,105,180,107,186,30,64,96,143,134,99,173,116,10,42,80,169,142,97,81,25,125,145,127,101,129,43,181,148,133,103,76,136,137,18,194,146,9,31,82,144,121,162,171,149,193,78,98,39,94,46,155,17,21,108,159,109,135,140,106,65,87,13,95,152,22,170,75,172,79,117,102,110,177,40,179,58,161,182,36,195,83,158,54,119,72,71,23,5,141,19,184,70,104,92,160,];False
5832;8128;13960;[198,174,190,32,189,130,6,61,38,163,199,49,12,185,167,15,16,156,147,196,192,150,20,23,176,3,157,183,37,138,126,115,1,74,34,35,93,28,8,154,166,46,188,55,44,45,131,112,68,123,88,86,52,91,69,50,53,59,11,57,132,7,175,62,120,89,2,67,48,63,29,164,4,73,41,114,47,165,153,26,77,60,24,0,84,85,66,118,124,51,90,191,197,168,14,187,128,27,36,33,100,111,122,151,139,105,180,107,186,30,64,96,76,134,99,173,116,10,42,80,169,142,97,81,25,125,145,127,101,129,43,181,148,133,103,143,136,137,18,194,146,9,31,82,144,121,162,171,149,193,78,98,39,94,113,155,17,21,108,159,109,135,140,106,65,87,13,95,152,22,170,75,172,79,117,102,110,177,40,179,58,161,182,178,195,83,158,54,119,72,71,56,5,141,19,184,70,104,92,160,];False
5767;8193;13960;[198,174,190,32,189,130,6,61,38,163,199,49,12,82,167,15,16,156,147,196,192,150,20,23,176,3,157,183,37,138,126,115,25,74,34,35,93,28,8,154,166,46,188,55,44,45,131,112,68,123,50,86,52,91,69,88,53,59,11,57,132,7,175,62,120,89,2,67,48,63,29,164,4,73,41,114,47,165,153,26,77,60,24,0,84,85,66,118,124,51,90,191,197,168,14,187,128,27,36,33,100,111,122,151,139,105,180,107,186,30,64,96,76,134,99,173,116,10,42,80,169,142,97,95,1,125,145,127,101,129,43,181,148,133,103,143,136,137,18,194,146,9,31,185,144,121,162,171,149,193,78,98,39,94,113,155,17,21,108,159,109,135,140,106,65,87,13,81,152,22,170,75,172,79,117,102,110,177,40,179,58,161,182,178,195,83,158,54,119,72,71,56,5,141,19,184,70,104,92,160,];False
5805;8154;13959;[198,174,190,32,189,130,6,61,38,163,199,49,12,185,167,15,16,156,147,196,192,150,20,23,176,3,157,183,37,138,126,115,1,74,34,35,93,28,8,154,166,46,188,55,44,45,131,112,68,123,50,86,52,91,69,88,53,59,11,57,132,7,175,62,120,89,2,67,48,63,29,164,4,73,41,114,47,165,153,26,77,60,24,0,84,85,66,118,124,51,90,191,197,168,14,187,128,27,36,33,100,111,122,151,139,105,180,107,186,30,64,96,76,134,99,173,116,10,42,80,169,142,97,81,25,125,145,127,101,129,113,181,148,133,103,143,136,137,18,194,146,9,31,82,144,121,162,171,149,193,78,98,39,94,43,155,17,21,108,159,109,135,140,106,65,87,13,95,152,22,170,75,172,79,117,102,110,177,40,179,58,161,182,178,195,83,158,54,119,72,71,56,5,141,19,184,70,104,92,160,];False
5875;8083;13958;[198,174,190,32,189,130,6,61,38,163,199,49,12,185,167,15,16,156,147,196,145,150,20,56,176,3,87,183,37,138,126,115,1,74,34,35,93,28,8,154,166,113,188,55,44,45,131,112,68,123,50,86,52,91,69,88,53,59,11,57,132,7,175,62,120,89,2,67,48,63,29,164,4,73,41,114,47,165,153,26,77,60,24,0,84,85,66,118,124,51,90,191,197,168,14,187,128,27,178,33,100,111,122,151,139,105,180,107,186,30,64,96,76,134,99,173,116,10,42,80,169,142,97,81,25,125,192,127,101,129,43,181,148,170,103,143,136,137,18,194,146,9,31,82,144,121,162,171,149,193,78,98,39,94,46,155,17,21,108,159,109,135,140,106,65,157,13,95,152,22,133,75,172,79,117,102,110,177,40,179,58,161,182,36,195,83,158,54,119,72,71,23,5,141,19,184,70,104,92,160,];False
5782;8175;13957;[198,174,190,32,189,130,6,61,38,163,159,49,12,185,167,15,16,156,147,196,192,150,20,23,176,3,157,183,37,138,126,115,25,74,34,35,93,28,8,154,166,46,188,55,44,45,131,112,68,123,50,86,52,91,69,88,53,59,11,57,132,7,175,62,120,89,2,67,48,63,29,164,4,73,41,114,47,165,153,26,77,60,24,0,84,85,66,118,124,51,90,191,197,168,14,187,128,27,36,33,100,111,122,151,139,105,180,107,186,30,64,96,76,134,99,173,116,10,42,80,169,142,97,81,1,125,145,127,101,129,43,181,148,133,103,143,136,137,18,194,146,9,31,82,144,121,162,171,149,193,78,98,39,94,113,155,17,21,108,199,109,135,140,106,65,87,13,95,152,22,170,75,172,79,117,102,110,177,40,179,58,161,182,178,195,83,158,54,119,72,71,56,5,141,19,184,70,104,92,160,];False
5810;8145;13955;[198,174,190,32,189,130,6,61,38,163,199,49,12,185,167,121,16,156,147,196,192,150,20,23,176,3,157,183,37,138,126,115,1,74,34,35,93,28,8,154,166,46,188,55,44,45,131,112,68,123,50,86,52,91,69,88,53,59,11,57,132,7,175,62,120,89,2,67,48,63,29,164,4,73,41,114,47,165,153,26,77,60,24,0,84,85,66,118,124,51,90,191,197,168,14,187,128,27,36,33,100,111,122,151,139,105,180,107,186,30,64,96,76,134,99,173,116,10,42,80,169,142,97,81,25,125,145,127,101,129,43,181,148,133,103,143,136,137,18,194,146,9,31,82,144,15,162,171,149,193,78,98,39,94,113,155,17,21,108,159,109,135,140,106,65,87,13,95,152,22,170,75,172,79,117,102,110,177,40,179,58,161,182,178,195,83,158,54,119,72,71,56,5,141,19,184,70,104,92,160,];False
5789;8165;13954;[198,174,190,32,189,130,6,61,38,163,199,49,12,185,167,15,16,156,147,196,192,150,20,56,176,3,157,183,37,138,126,115,1,74,34,35,93,28,8,154,166,113,188,55,44,45,131,112,41,123,50,86,52,91,69,88,53,59,11,57,132,7,175,62,120,89,2,67,48,63,29,164,4,73,68,114,47,165,153,26,77,60,24,0,84,85,66,118,124,51,90,191,197,168,14,187,128,27,178,33,100,111,122,151,139,105,180,107,186,30,64,96,76,134,99,173,116,10,42,80,169,142,97,81,25,125,145,127,101,129,43,181,148,170,103,143,136,137,18,194,146,9,31,82,144,121,162,171,149,193,78,98,39,94,46,155,17,21,108,159,109,135,140,106,65,87,13,95,152,22,133,75,172,79,117,102,110,177,40,179,58,161,182,36,195,83,158,54,119,72,71,23,5,141,19,184,70,104,92,160,];False
5781;8173;13954;[198,174,190,32,189,130,6,61,38,163,199,49,12,185,167,15,16,156,147,196,192,150,20,23,176,3,157,183,37,138,126,115,25,74,34,35,93,5,8,154,166,46,188,55,44,45,131,112,68,123,50,86,52,91,69,88,53,59,11,57,132,7,175,62,120,89,2,67,48,63,29,164,4,73,41,114,47,165,153,26,77,60,24,0,84,85,66,118,124,51,90,191,197,168,14,187,128,27,36,33,100,111,122,151,139,105,180,107,186,30,64,96,76,134,99,173,116,10,42,80,169,142,97,95,1,125,145,127,101,129,43,181,148,133,103,143,136,137,18,194,146,9,31,82,144,121,162,171,149,193,78,98,39,94,113,155,17,21,108,159,109,135,140,106,65,87,13,81,152,22,170,75,172,79,117,102,110,177,40,179,58,161,182,178,195,83,158,54,119,72,71,56,28,141,19,184,70,104,92,160,];False
5769;8183;13952;[198,174,190,32,189,130,6,61,38,163,199,49,12,185,167,15,16,156,147,196,192,150,20,23,176,3,157,183,37,138,126,115,25,74,34,35,93,28,8,154,166,46,188,55,44,45,131,112,68,123,50,86,52,91,69,88,53,59,11,57,132,7,175,62,120,89,2,67,48,63,29,164,4,73,41,114,47,165,153,26,77,60,24,0,84,85,66,118,124,51,90,191,197,168,14,187,128,27,36,33,100,111,122,151,139,105,180,107,186,30,64,96,76,134,99,173,5,10,42,80,169,142,97,95,1,125,145,127,101,129,43,181,148,133,103,143,136,137,18,194,146,9,31,82,144,121,162,171,149,193,78,98,39,94,113,155,17,21,108,159,109,135,140,106,65,87,13,81,152,22,170,75,172,79,117,102,110,177,40,179,58,161,182,178,195,83,158,54,119,72,71,56,116,141,19,184,70,104,92,160,];False
5823;8128;13951;[198,174,190,32,189,130,6,61,38,163,199,49,12,185,167,15,16,156,147,196,192,150,20,56,176,3,157,183,37,138,126,115,1,74,34,35,93,28,8,154,166,113,188,55,44,45,131,112,11,123,50,86,52,91,69,88,53,59,68,57,132,7,175,62,120,89,2,67,48,63,29,164,4,73,41,114,47,165,153,26,77,60,24,0,84,85,66,118,124,51,90,191,197,168,14,187,128,27,178,33,100,111,122,151,139,105,180,107,186,30,64,96,76,134,99,173,116,10,42,80,169,142,97,81,25,125,145,127,101,129,43,181,148,133,103,143,136,137,18,194,146,9,31,82,144,121,162,171,149,193,78,98,39,94,46,155,17,21,108,159,109,135,140,106,65,87,13,95,152,22,170,75,172,79,117,102,110,177,40,179,58,161,182,36,195,83,158,54,119,72,71,23,5,141,19,184,70,104,92,160,];False
5845;8105;13950;[198,174,190,32,189,130,6,61,38,163,199,49,12,185,167,15,16,156,147,196,192,150,20,56,176,3,157,183,37,138,126,115,1,74,34,35,93,28,8,154,166,113,188,55,44,45,131,112,68,123,50,86,52,91,69,88,53,59,11,57,132,7,175,62,120,89,2,67,48,63,29,164,4,73,41,114,47,165,153,26,180,60,24,0,84,85,66,118,124,51,90,191,197,168,14,187,128,27,178,33,100,111,122,151,139,105,77,107,186,30,64,96,76,134,99,173,116,10,42,80,169,142,97,81,25,125,145,127,101,129,43,181,148,170,103,143,136,137,18,194,146,9,31,82,144,121,162,171,149,193,78,98,39,94,46,155,17,21,108,159,109,135,140,106,65,87,13,95,152,22,133,75,172,79,117,102,110,177,40,179,58,161,182,36,195,83,158,54,119,72,71,23,5,141,19,184,70,104,92,160,];False
5787;8162;13949;[198,174,190,32,189,130,6,61,38,163,199,49,12,185,167,15,16,156,147,196,192,150,20,56,176,3,157,183,37,139,126,115,1,74,34,35,93,28,8,154,166,46,188,55,44,45,131,112,68,123,50,86,52,91,69,88,53,59,11,57,132,7,175,62,120,89,2,67,48,63,29,164,4,73,41,114,47,165,153,26,77,60,24,0,84,85,66,118,124,51,90,191,197,168,14,187,128,27,36,33,100,111,122,151,138,105,180,107,186,30,64,96,76,134,99,173,116,10,42,80,169,142,97,81,25,125,145,127,101,129,43,181,148,133,103,143,136,137,18,194,146,9,31,82,144,121,162,171,149,193,78,98,39,94,113,155,17,21,108,159,109,135,140,106,65,87,13,95,152,22,170,75,172,79,117,102,110,177,40,179,58,161,182,178,195,83,158,54,119,72,71,23,5,141,19,184,70,104,92,160,];False
5828;8120;13948;[198,174,190,169,189,130,6,61,38,163,199,49,12,185,167,15,16,156,147,196,192,150,20,56,176,3,157,183,37,138,126,115,1,74,34,35,93,28,8,154,166,113,188,55,44,45,131,112,68,123,50,86,52,91,69,88,53,59,11,57,132,7,175,62,120,89,2,67,48,63,29,164,4,73,41,114,47,165,153,26,77,60,24,0,84,85,66,118,124,51,90,191,197,168,14,187,128,27,178,33,100,111,122,151,139,105,180,107,186,30,64,96,76,134,99,173,116,10,42,80,32,142,97,81,25,125,145,127,101,129,43,181,148,133,103,143,136,137,18,194,146,9,31,82,144,121,162,171,149,193,78,98,39,94,46,155,17,21,108,159,109,135,140,106,65,87,13,95,152,22,170,75,172,79,117,102,110,177,40,179,58,161,182,36,195,83,158,54,119,72,71,23,5,141,19,184,70,104,92,160,];False
5814;8132;13946;[198,174,190,32,189,130,6,61,38,163,199,49,12,185,167,15,16,156,147,196,192,150,20,56,176,3,157,183,177,138,126,115,1,74,34,35,93,28,8,154,166,113,188,55,44,45,131,112,68,123,50,86,52,91,69,88,53,59,11,57,132,7,175,62,120,89,2,67,48,63,29,164,4,73,41,114,47,165,153,26,77,60,24,0,84,85,66,118,124,51,90,191,197,168,14,187,128,27,178,33,100,111,122,151,139,105,180,107,186,30,64,96,76,134,99,173,116,10,42,80,169,142,97,81,25,125,145,127,101,129,43,181,148,170,103,143,136,137,18,194,146,9,31,82,144,121,162,171,149,193,78,98,39,94,46,155,17,21,108,159,109,135,140,106,65,87,13,95,152,22,133,75,172,79,117,102,110,37,40,179,58,161,182,36,195,83,158,54,119,72,71,23,5,141,19,184,70,104,92,160,];False
5762;8181;13943;[198,174,190,32,189,130,6,61,38,163,199,49,12,185,167,15,76,156,147,196,192,150,20,56,176,3,157,183,37,138,126,115,1,74,34,35,93,28,8,154,166,113,188,55,44,45,131,112,68,123,50,86,52,91,69,88,53,59,11,57,132,7,175,62,120,89,2,67,48,63,29,164,4,73,41,114,47,165,153,26,77,60,24,0,84,85,66,118,124,51,90,191,197,168,14,187,128,27,178,33,100,111,122,151,139,105,180,107,186,30,64,96,16,134,99,173,116,10,42,80,169,142,97,81,25,125,145,127,101,129,43,181,148,133,103,143,136,137,18,194,146,9,31,82,144,121,162,171,149,193,78,98,39,94,46,155,17,21,108,159,109,135,140,106,65,87,13,95,152,22,170,75,172,79,117,102,110,177,40,179,58,161,182,36,195,83,158,54,119,72,71,23,5,141,19,184,70,104,92,160,];False
5840;8102;13942;[198,174,190,32,189,130,6,61,38,163,199,49,12,185,167,15,16,156,147,196,192,150,20,23,176,3,157,183,37,138,126,115,25,74,34,35,93,28,8,154,166,46,188,55,44,45,131,112,68,123,50,86,52,91,69,88,53,59,11,57,132,7,175,62,120,89,2,67,48,63,29,164,4,73,41,114,47,165,153,26,77,60,24,0,84,85,66,118,124,51,90,191,197,168,14,187,128,27,36,33,100,111,122,151,139,105,180,107,186,30,64,96,76,134,99,173,116,10,42,80,169,142,97,81,1,125,145,127,101,129,43,181,148,133,103,143,136,137,18,194,146,9,31,82,144,121,162,75,149,193,78,98,39,94,113,155,17,21,108,159,109,135,140,106,65,87,13,95,152,22,170,171,172,79,117,102,110,177,40,179,58,161,182,178,195,83,158,54,119,72,71,56,5,141,19,184,70,104,92,160,];False
5816;8126;13942;[198,174,190,32,189,130,6,61,38,163,199,49,12,185,167,15,16,156,147,196,192,150,20,56,176,3,157,183,37,138,126,115,1,74,34,35,93,28,8,154,166,113,188,55,44,45,131,112,68,123,50,86,52,91,69,88,53,59,11,57,132,7,175,62,120,89,2,67,48,63,29,164,4,73,41,114,47,165,153,26,77,60,24,0,84,85,66,118,124,51,90,191,197,168,14,187,128,27,178,33,100,111,142,151,139,105,180,107,186,30,64,96,76,134,99,173,116,10,42,80,169,122,97,81,25,125,145,127,101,129,43,181,148,133,103,143,136,137,18,194,146,9,31,82,144,121,162,171,149,193,78,98,39,94,46,155,17,21,108,159,109,135,140,106,65,87,13,95,152,22,170,75,172,79,117,102,110,177,40,179,58,161,182,36,195,83,158,54,119,72,71,23,5,141,19,184,70,104,92,160,];False
5822;8117;13939;[198,174,190,32,189,130,6,61,38,163,199,49,12,185,167,15,16,156,147,196,192,150,20,23,176,3,157,183,37,138,126,115,1,74,34,35,93,28,8,154,166,46,188,55,44,45,131,112,68,123,50,86,52,91,69,88,53,59,11,57,132,7,175,62,120,89,2,67,48,63,29,164,4,73,41,114,47,165,153,26,77,171,24,0,84,85,66,118,124,51,90,191,197,168,14,187,128,27,36,33,100,111,122,151,139,105,180,107,186,30,64,96,76,134,99,173,116,10,42,80,169,142,97,81,25,125,145,127,101,129,43,181,148,133,103,143,136,137,18,194,146,9,31,82,144,121,162,60,149,193,78,98,39,94,113,155,17,21,108,159,109,135,140,106,65,87,13,95,152,22,170,75,172,79,117,102,110,177,40,179,58,161,182,178,195,83,158,54,119,72,71,56,5,141,19,184,70,104,92,160,];False
5833;8105;13938;[198,174,190,32,189,130,6,61,38,163,199,49,12,185,167,15,16,156,147,196,192,150,20,23,176,3,157,183,37,138,126,115,116,74,34,35,93,28,8,154,166,46,188,55,44,45,131,112,68,123,50,86,52,91,69,88,53,59,11,57,132,7,175,62,120,89,2,67,48,63,29,164,4,73,41,114,47,165,153,26,77,60,24,0,84,85,66,118,124,51,90,191,197,168,14,187,128,27,36,33,100,111,122,151,139,105,180,107,186,30,64,96,76,134,99,173,25,10,42,80,169,142,97,81,1,125,145,127,101,129,43,181,148,133,103,143,136,137,18,194,146,9,31,82,144,121,162,171,149,193,78,98,39,94,113,155,17,21,108,159,109,135,140,106,65,87,13,95,152,22,170,75,172,79,117,102,110,177,40,179,58,161,182,178,195,83,158,54,119,72,71,56,5,141,19,184,70,104,92,160,];False
5784;8153;13937;[198,174,190,32,189,130,6,61,38,163,199,49,12,185,167,15,16,156,147,196,192,150,20,56,176,3,157,183,37,138,126,115,1,74,34,35,93,28,8,154,166,113,188,55,44,45,131,112,68,123,50,86,52,91,69,88,53,59,11,57,132,7,175,62,21,89,2,67,48,63,29,164,4,73,41,114,47,165,153,26,77,60,24,0,84,85,66,118,124,51,90,191,197,168,14,187,128,27,178,33,100,111,122,151,139,105,180,107,186,30,64,96,76,134,99,173,116,10,42,80,169,142,97,81,25,125,145,127,101,129,43,181,148,170,103,143,136,137,18,194,146,9,31,82,144,121,162,171,149,193,78,98,39,94,46,155,17,120,108,159,109,135,140,106,65,87,13,95,152,22,133,75,172,79,117,102,110,177,40,179,58,161,182,36,195,83,158,54,119,72,71,23,5,141,19,184,70,104,92,160,];False
5804;8133;13937;[198,174,190,32,189,130,6,61,38,163,199,49,12,185,167,15,16,156,147,196,192,150,20,56,176,3,157,183,37,138,126,115,1,74,34,35,93,28,8,154,166,113,188,55,44,45,131,112,68,123,50,86,52,91,69,88,53,59,11,57,132,7,175,62,120,89,2,67,48,63,29,164,4,73,41,114,47,165,153,26,77,60,24,0,84,85,66,118,124,51,90,191,197,168,14,187,98,27,178,33,100,111,122,151,139,105,180,107,186,30,64,96,76,134,99,173,116,10,42,80,169,142,97,81,25,125,145,127,101,129,43,181,148,133,103,143,136,137,18,194,146,9,31,82,144,121,162,171,149,193,78,128,39,94,46,155,17,21,108,159,109,135,140,106,65,87,13,95,152,22,170,75,172,79,117,102,110,177,40,179,58,161,182,36,195,83,158,54,119,72,71,23,5,141,19,184,70,104,92,160,];False
5809;8123;13932;[198,174,190,32,189,130,6,61,38,163,199,49,12,185,167,15,16,156,147,196,192,150,20,23,176,3,157,183,37,138,126,115,25,74,34,35,93,28,8,154,166,46,188,55,44,45,131,112,68,123,50,86,52,91,69,88,53,59,11,57,132,7,175,62,120,89,2,67,48,63,29,164,4,162,41,114,47,165,153,26,77,60,24,0,84,85,66,118,124,51,90,191,197,168,14,187,128,27,36,33,100,111,122,151,139,105,180,107,186,30,64,96,76,134,99,173,116,10,42,80,169,142,97,81,1,125,145,127,101,129,43,181,148,133,103,143,136,137,18,194,146,9,31,82,144,121,73,171,149,193,78,98,39,94,113,155,17,21,108,159,109,135,140,106,65,87,13,95,152,22,170,75,172,79,117,102,110,177,40,179,58,161,182,178,195,83,158,54,119,72,71,56,5,141,19,184,70,104,92,160,];False
5794;8134;13928;[198,174,190,32,189,130,6,61,38,163,199,49,12,185,167,15,16,156,147,196,192,150,20,23,176,3,157,183,37,138,126,115,1,74,34,35,93,28,8,154,166,46,188,55,44,45,131,112,68,123,50,86,52,91,69,88,53,59,11,57,132,7,175,62,120,89,2,67,48,63,29,164,4,73,41,114,47,165,153,26,77,60,24,0,84,85,66,118,124,51,90,191,197,168,14,187,128,27,36,33,100,111,122,151,139,105,180,107,186,30,64,96,76,134,99,173,116,10,42,80,169,142,97,81,25,125,145,127,101,129,43,181,148,133,103,143,136,137,18,194,72,9,31,82,144,121,162,171,149,193,78,98,39,94,113,155,17,21,108,159,109,135,140,106,65,87,13,95,152,22,170,75,172,79,117,102,110,177,40,179,58,161,182,178,195,83,158,54,119,146,71,56,5,141,19,184,70,104,92,160,];False
5750;8174;13924;[198,174,190,32,189,130,6,61,38,163,199,49,12,185,167,15,16,156,147,196,192,150,20,56,176,3,157,183,37,138,126,115,1,74,34,35,93,28,8,73,166,46,188,55,44,45,131,112,68,123,50,86,52,91,69,88,53,59,11,57,132,7,175,62,120,89,2,67,48,63,29,164,4,154,41,114,47,165,153,26,77,60,24,0,84,85,66,118,124,51,90,191,197,168,14,187,128,27,36,33,100,111,122,151,139,105,180,107,186,30,64,96,76,134,99,173,116,10,42,80,169,142,97,81,25,125,145,127,101,129,43,181,148,133,103,143,136,137,18,194,146,9,31,82,144,121,162,171,149,193,78,98,39,94,113,155,17,21,108,159,109,135,140,106,65,87,13,95,152,22,170,75,172,79,117,102,110,177,40,179,58,161,182,178,195,83,158,54,119,72,71,23,5,141,19,184,70,104,92,160,];False
5763;8154;13917;[198,174,190,32,189,130,6,61,38,163,199,49,12,185,167,15,16,156,147,196,192,150,20,23,176,3,157,183,37,138,126,115,25,74,34,35,93,28,8,154,166,46,188,55,44,45,131,112,68,123,50,86,52,91,69,88,53,59,11,57,132,7,175,62,120,89,2,67,48,63,29,164,4,73,41,114,47,165,153,26,77,60,24,0,84,85,66,118,124,51,90,191,197,168,14,187,128,27,36,33,100,111,122,151,139,105,180,107,186,30,64,96,76,134,99,173,116,10,42,80,169,142,97,81,1,125,145,127,101,129,13,181,148,133,103,143,136,137,18,194,146,9,31,82,144,121,162,171,149,193,78,98,39,94,113,155,17,21,108,159,109,135,140,106,65,87,43,95,152,22,170,75,172,79,117,102,110,177,40,179,58,161,182,178,195,83,158,54,119,72,71,56,5,141,19,184,70,104,92,160,];False
5728;8186;13914;[198,174,190,32,189,130,6,61,38,163,199,49,12,185,167,15,16,156,147,196,192,150,20,23,176,3,157,183,37,138,126,115,1,74,34,35,93,28,8,154,166,46,188,55,44,45,131,112,68,123,50,86,52,91,69,88,53,59,11,57,132,7,175,62,120,89,2,67,41,63,29,164,4,73,48,114,47,165,153,26,77,60,24,0,84,85,66,118,124,51,90,191,197,168,14,187,128,27,36,33,100,111,122,151,139,105,180,107,186,30,64,96,76,134,99,173,116,10,42,80,169,142,97,81,25,125,145,127,101,129,43,181,148,133,103,143,136,137,18,194,146,9,31,82,144,121,162,171,149,193,78,98,39,94,113,155,17,21,108,159,109,135,140,106,65,87,13,95,152,22,170,75,172,79,117,102,110,177,40,179,58,161,182,178,195,83,158,54,119,72,71,56,5,141,19,184,70,104,92,160,];False
5793;8120;13913;[198,174,190,32,189,130,6,61,38,163,199,49,12,185,167,15,16,156,147,196,192,150,20,56,176,3,157,183,37,138,126,115,1,74,34,35,93,28,8,154,166,113,188,55,44,123,131,112,68,45,50,86,52,91,69,88,53,59,11,57,132,7,175,62,120,89,2,67,48,63,29,164,4,73,41,114,47,165,153,26,77,60,24,0,84,85,66,118,124,51,90,191,197,168,14,187,128,27,178,33,100,111,122,151,139,105,180,107,186,30,64,96,76,134,99,173,116,10,42,80,169,142,97,81,25,125,145,127,101,129,43,181,148,170,103,143,136,137,18,194,146,9,31,82,144,121,162,171,149,193,78,98,39,94,46,155,17,21,108,159,109,135,140,106,65,87,13,95,152,22,133,75,172,79,117,102,110,177,40,179,58,161,182,36,195,83,158,54,119,72,71,23,5,141,19,184,70,104,92,160,];False
5744;8168;13912;[198,174,190,32,189,130,6,61,38,163,199,49,12,185,167,15,16,156,147,196,192,150,20,23,176,3,157,183,37,138,126,115,1,74,34,35,93,28,8,154,166,46,188,55,44,45,131,112,68,123,50,86,52,91,69,88,53,59,11,57,132,7,175,62,120,89,2,67,48,63,29,164,4,73,41,114,47,165,153,26,77,56,24,0,84,85,66,118,124,51,90,191,197,168,14,187,128,27,36,33,100,111,122,151,139,105,180,107,186,30,64,96,76,134,99,173,116,10,42,80,169,142,97,81,25,125,145,127,101,129,43,181,148,133,103,143,136,137,18,194,146,9,31,82,144,121,162,171,149,193,78,98,39,94,113,155,17,21,108,159,109,135,140,106,65,87,13,95,152,22,170,75,172,79,117,102,110,177,40,179,58,161,182,178,195,83,158,54,119,72,71,60,5,141,19,184,70,104,92,160,];False
5789;8123;13912;[198,174,190,32,189,130,6,61,38,163,199,49,12,185,167,15,16,156,147,196,192,150,20,56,176,3,157,183,37,138,126,115,1,74,34,35,93,28,8,154,166,113,188,55,44,45,131,112,68,123,50,86,52,91,69,88,53,59,11,57,62,7,175,132,120,89,2,67,48,63,29,164,4,73,41,114,47,165,153,26,77,60,24,0,84,85,66,118,124,51,90,191,197,168,14,187,128,27,178,33,100,111,122,151,139,105,180,107,186,30,64,96,76,134,99,173,116,10,42,80,169,142,97,81,25,125,145,127,101,129,43,181,148,133,103,143,136,137,18,194,146,9,31,82,144,121,162,171,149,193,78,98,39,94,46,155,17,21,108,159,109,135,140,106,65,87,13,95,152,22,170,75,172,79,117,102,110,177,40,179,58,161,182,36,195,83,158,54,119,72,71,23,5,141,19,184,70,104,92,160,];False
5843;8068;13911;[198,174,190,32,189,130,6,61,38,163,199,49,12,185,167,15,16,156,147,196,192,150,20,56,176,3,157,183,37,138,126,115,1,74,34,35,93,28,8,154,166,113,188,55,44,45,131,112,68,123,50,86,52,91,69,88,53,59,11,57,132,7,76,62,120,89,2,67,48,63,29,164,4,73,41,114,47,165,153,26,77,60,24,0,84,85,66,118,124,51,90,191,197,168,14,187,128,27,178,33,100,111,122,151,139,105,180,107,186,30,64,96,175,134,99,173,116,10,42,80,169,142,97,81,25,125,145,127,101,129,43,181,148,170,103,143,136,137,18,194,146,9,31,82,144,121,162,171,149,193,78,98,39,94,46,155,17,21,108,159,109,135,140,106,65,87,13,95,152,22,133,75,172,79,117,102,110,177,40,179,58,161,182,36,195,83,158,54,119,72,71,23,5,141,19,184,70,104,92,160,];False
5781;8128;13909;[198,174,190,32,189,130,6,61,38,163,199,49,12,185,167,15,16,156,147,196,151,150,20,23,176,3,157,183,37,138,126,115,25,74,34,35,93,28,8,154,166,46,188,55,44,45,131,112,68,123,50,86,52,91,69,88,53,59,11,57,132,7,175,62,120,89,2,67,48,63,29,164,4,73,41,114,47,165,153,26,77,60,24,0,84,85,66,118,124,51,90,191,197,168,14,187,128,27,36,33,100,111,122,192,139,105,180,107,186,30,64,96,76,134,99,173,116,10,42,80,169,142,97,81,1,125,145,127,101,129,43,181,148,133,103,143,136,137,18,194,146,9,31,82,144,121,162,171,149,193,78,98,39,94,113,155,17,21,108,159,109,135,140,106,65,87,13,95,152,22,170,75,172,79,117,102,110,177,40,179,58,161,182,178,195,83,158,54,119,72,71,56,5,141,19,184,70,104,92,160,];False
5685;8221;13906;[198,174,190,32,189,130,6,61,38,163,199,49,12,185,167,15,16,156,147,196,192,150,20,23,176,3,157,183,37,138,126,115,1,74,34,35,93,28,8,154,166,46,188,55,44,45,131,112,68,123,50,86,52,91,69,88,53,59,11,57,132,7,175,4,120,89,2,67,48,63,29,164,62,73,41,114,47,165,153,26,77,60,24,0,84,85,66,118,124,51,90,191,197,168,14,187,128,27,36,33,100,111,122,151,139,105,180,107,186,30,64,96,76,134,99,173,116,10,42,80,169,142,97,81,25,125,145,127,101,129,43,181,148,133,103,143,136,137,18,194,146,9,31,82,144,121,162,171,149,193,78,98,39,94,113,155,17,21,108,159,109,135,140,106,65,87,13,95,152,22,170,75,172,79,117,102,110,177,40,179,58,161,182,178,195,83,158,54,119,72,71,56,5,141,19,184,70,104,92,160,];False
5792;8113;13905;[198,174,190,32,189,130,6,61,38,163,199,49,12,185,167,15,16,156,147,196,192,150,20,56,176,3,157,183,37,138,126,115,1,74,34,35,93,28,8,154,166,113,188,55,44,45,131,112,68,123,50,86,52,91,69,88,53,59,11,57,132,7,175,62,120,89,2,67,48,63,29,164,4,73,41,23,47,165,153,26,77,60,24,0,84,85,66,118,124,51,90,191,197,168,14,187,128,27,178,33,100,111,122,151,139,105,180,107,186,30,64,96,76,134,99,173,116,10,42,80,169,142,97,81,25,125,145,127,101,129,43,181,148,170,103,143,136,137,18,194,146,9,31,82,144,121,162,171,149,193,78,98,39,94,46,155,17,21,108,159,109,135,140,106,65,87,13,95,152,22,133,75,172,79,117,102,110,177,40,179,58,161,182,36,195,83,158,54,119,72,71,114,5,141,19,184,70,104,92,160,];False
5825;8078;13903;[198,174,190,32,189,130,6,61,38,163,199,49,12,185,167,15,16,156,147,196,192,150,20,56,176,3,157,183,37,138,126,115,1,74,34,35,93,28,8,154,166,113,188,55,44,45,131,112,68,123,50,86,52,91,69,88,53,59,149,57,132,7,175,62,120,89,2,67,48,63,29,164,4,73,41,114,47,165,153,26,77,60,24,0,84,85,66,118,124,51,90,191,197,168,14,187,128,27,178,33,100,111,122,151,139,105,180,107,186,30,64,96,76,134,99,173,116,10,42,80,169,142,97,81,25,125,145,127,101,129,43,181,148,170,103,143,136,137,18,194,146,9,31,82,144,121,162,171,11,193,78,98,39,94,46,155,17,21,108,159,109,135,140,106,65,87,13,95,152,22,133,75,172,79,117,102,110,177,40,179,58,161,182,36,195,83,158,54,119,72,71,23,5,141,19,184,70,104,92,160,];False
5762;8138;13900;[198,174,190,32,189,130,6,61,38,163,199,49,12,52,167,15,16,156,147,196,192,150,20,23,176,3,157,183,37,138,126,115,1,74,34,35,93,28,8,154,166,46,188,55,44,45,131,112,68,123,50,86,185,91,69,88,53,59,11,57,132,7,175,62,120,89,2,67,48,63,29,164,4,73,41,114,47,165,153,26,77,60,24,0,84,85,66,118,124,51,90,191,197,168,14,187,128,27,36,33,100,111,122,151,139,105,180,107,186,30,64,96,76,134,99,173,116,10,42,80,169,142,97,81,25,125,145,127,101,129,43,181,148,133,103,143,136,137,18,194,146,9,31,82,144,121,162,171,149,193,78,98,39,94,113,155,17,21,108,159,109,135,140,106,65,87,13,95,152,22,170,75,172,79,117,102,110,177,40,179,58,161,182,178,195,83,158,54,119,72,71,56,5,141,19,184,70,104,92,160,];False
5834;8058;13892;[198,174,190,32,189,130,6,61,38,163,199,49,12,185,167,15,16,156,180,196,192,150,20,56,176,3,157,183,37,138,126,115,1,74,34,35,93,28,8,154,166,113,188,55,44,45,131,112,68,123,50,86,52,91,69,88,53,59,11,57,132,7,175,62,120,89,2,67,48,63,29,164,4,73,41,114,47,165,153,26,77,60,24,0,84,85,66,118,124,51,90,191,197,168,14,187,128,27,178,33,100,111,122,151,139,105,147,107,186,30,64,96,76,134,99,173,116,10,42,80,169,142,97,81,25,125,145,127,101,129,43,181,148,170,103,143,136,137,18,194,146,9,31,82,144,121,162,171,149,193,78,98,39,94,46,155,17,21,108,159,109,135,140,106,65,87,13,95,152,22,133,75,172,79,117,102,110,177,40,179,58,161,182,36,195,83,158,54,119,72,71,23,5,141,19,184,70,104,92,160,];False
5775;8114;13889;[198,174,190,32,189,130,6,61,38,163,199,49,12,185,167,15,16,156,147,196,192,150,20,10,176,3,157,183,37,138,126,115,25,74,34,35,93,28,8,154,166,46,188,55,44,45,131,112,68,123,50,86,52,91,69,88,53,59,11,57,132,7,175,62,120,89,2,67,48,63,29,164,4,73,41,114,47,165,153,26,77,60,24,0,84,85,66,118,124,51,90,191,197,168,14,187,128,27,36,33,100,111,122,151,139,105,180,107,186,30,64,96,76,134,99,173,116,23,42,80,169,142,97,81,1,125,145,127,101,129,43,181,148,133,103,143,136,137,18,194,146,9,31,82,144,121,162,171,149,193,78,98,39,94,113,155,17,21,108,159,109,135,140,106,65,87,13,95,152,22,170,75,172,79,117,102,110,177,40,179,58,161,182,178,195,83,158,54,119,72,71,56,5,141,19,184,70,104,92,160,];False
5736;8152;13888;[198,174,190,32,189,130,6,61,38,163,199,49,12,185,167,15,16,156,147,196,192,150,20,23,176,3,157,183,37,138,126,115,1,74,34,35,93,28,8,154,166,46,188,55,44,45,131,112,68,123,50,86,52,91,69,88,53,59,11,57,132,7,175,62,120,89,2,67,48,63,29,164,4,73,41,114,47,165,153,26,77,60,24,0,84,85,66,118,108,51,90,191,197,168,14,187,128,27,36,33,100,111,122,151,139,105,180,107,186,30,64,96,76,134,99,173,116,10,42,80,169,142,97,81,25,125,145,127,101,129,43,181,148,133,103,143,136,137,18,194,146,9,31,82,144,121,162,171,149,193,78,98,39,94,113,155,17,21,124,159,109,135,140,106,65,87,13,95,152,22,170,75,172,79,117,102,110,177,40,179,58,161,182,178,195,83,158,54,119,72,71,56,5,141,19,184,70,104,92,160,];False
5749;8137;13886;[198,174,190,32,189,130,6,61,38,163,199,49,12,185,167,15,16,156,147,196,192,150,20,23,176,3,157,183,37,138,126,115,1,74,34,35,93,28,8,154,166,46,188,55,44,45,131,112,68,123,50,86,52,91,69,88,53,59,11,57,132,7,175,62,120,89,2,67,48,63,29,164,4,73,41,114,47,165,153,26,77,60,24,0,84,85,66,118,124,51,90,191,197,168,14,187,128,27,36,33,100,111,122,151,161,105,180,107,186,30,64,96,76,134,99,173,116,10,42,80,169,142,97,81,25,125,145,127,101,129,43,181,148,133,103,143,136,137,18,194,146,9,31,82,144,121,162,171,149,193,78,98,39,94,113,155,17,21,108,159,109,135,140,106,65,87,13,95,152,22,170,75,172,79,117,102,110,177,40,179,58,139,182,178,195,83,158,54,119,72,71,56,5,141,19,184,70,104,92,160,];False
5758;8123;13881;[198,174,190,32,189,130,6,61,38,163,199,49,12,185,167,15,16,156,147,196,192,150,20,56,176,3,157,183,37,138,126,115,1,74,34,35,93,28,8,154,166,113,188,55,44,45,131,112,68,123,50,86,52,91,69,88,53,59,11,57,132,7,175,62,120,89,2,67,48,63,29,164,4,73,43,114,47,165,153,26,77,60,24,0,84,85,66,118,124,51,90,191,197,168,14,187,128,27,178,33,100,111,122,151,139,105,180,107,186,30,64,96,76,134,99,173,116,10,42,80,169,142,97,81,25,125,145,127,101,129,41,181,148,170,103,143,136,137,18,194,146,9,31,82,144,121,162,171,149,193,78,98,39,94,46,155,17,21,108,159,109,135,140,106,65,87,13,95,152,22,133,75,172,79,117,102,110,177,40,179,58,161,182,36,195,83,158,54,119,72,71,23,5,141,19,184,70,104,92,160,];False
5764;8117;13881;[198,174,190,32,189,130,6,61,38,163,199,49,12,185,167,15,16,156,147,196,192,150,20,23,176,3,157,183,37,138,126,115,25,74,34,35,93,28,8,154,166,46,188,55,44,45,131,112,68,123,50,86,52,91,69,88,53,59,11,57,132,7,175,62,120,89,2,67,48,63,29,164,4,73,41,114,47,165,153,26,77,60,24,0,84,85,66,118,124,51,90,191,197,168,14,187,128,27,36,33,100,111,122,151,139,105,180,107,186,30,64,96,76,134,99,173,116,10,42,80,169,142,97,81,1,125,145,127,101,129,43,181,148,133,103,143,136,137,18,194,146,9,31,82,144,121,162,171,149,193,78,98,39,94,113,155,17,21,108,159,109,135,140,106,65,87,13,95,152,22,170,75,172,79,117,102,110,177,40,179,58,161,182,178,195,83,158,54,119,72,71,56,5,141,19,184,70,104,92,160,];False
5635;8246;13881;[198,174,190,32,189,130,6,61,38,163,199,49,12,185,167,15,16,156,147,196,192,150,20,56,176,3,157,183,37,138,114,115,1,74,34,35,93,28,8,154,166,46,188,55,44,45,131,112,68,123,50,86,52,91,69,88,53,59,11,57,132,7,175,62,120,89,2,67,48,63,29,164,4,73,41,126,47,165,153,26,77,60,24,0,84,85,66,118,124,51,90,191,197,168,14,187,128,27,36,33,100,111,122,151,139,105,180,107,186,30,64,96,76,134,99,173,116,10,42,80,169,142,97,81,25,125,145,127,101,129,43,181,148,133,103,143,136,137,18,194,146,9,31,82,144,121,162,171,149,193,78,98,39,94,113,155,17,21,108,159,109,135,140,106,65,87,13,95,152,22,170,75,172,79,117,102,110,177,40,179,58,161,182,178,195,83,158,54,119,72,71,23,5,141,19,184,70,104,92,160,];False
5747;8133;13880;[198,174,190,32,189,130,6,61,38,163,199,49,12,185,167,15,16,156,147,196,192,150,20,23,176,3,157,183,37,138,126,115,1,74,34,35,93,28,8,154,166,46,188,55,44,45,131,112,68,123,50,86,52,91,69,88,53,59,11,57,132,7,175,62,148,89,2,67,48,63,29,164,4,73,41,114,47,165,153,26,77,60,24,0,84,85,66,118,124,51,90,191,197,168,14,187,128,27,36,33,100,111,122,151,139,105,180,107,186,30,64,96,76,134,99,173,116,10,42,80,169,142,97,81,25,125,145,127,101,129,43,181,120,133,103,143,136,137,18,194,146,9,31,82,144,121,162,171,149,193,78,98,39,94,113,155,17,21,108,159,109,135,140,106,65,87,13,95,152,22,170,75,172,79,117,102,110,177,40,179,58,161,182,178,195,83,158,54,119,72,71,56,5,141,19,184,70,104,92,160,];False
5751;8129;13880;[198,174,190,32,189,130,6,61,38,163,199,49,12,185,167,15,16,156,147,196,192,150,20,56,176,3,157,183,37,138,126,115,1,74,34,35,93,28,8,154,166,113,188,55,44,45,131,112,68,123,50,86,52,91,69,88,53,59,11,57,132,7,175,62,120,89,2,67,48,63,29,164,4,26,41,114,47,165,153,73,77,60,24,0,84,85,66,118,124,51,90,191,197,168,14,187,128,27,178,33,100,111,122,151,139,105,180,107,186,30,64,96,76,134,99,173,116,10,42,80,169,142,97,81,25,125,145,127,101,129,43,181,148,133,103,143,136,137,18,194,146,9,31,82,144,121,162,171,149,193,78,98,39,94,46,155,17,21,108,159,109,135,140,106,65,87,13,95,152,22,170,75,172,79,117,102,110,177,40,179,58,161,182,36,195,83,158,54,119,72,71,23,5,141,19,184,70,104,92,160,];False
5706;8173;13879;[198,174,190,32,189,130,6,61,38,163,199,49,12,185,167,15,16,156,147,196,192,150,20,23,176,3,157,183,37,138,126,115,1,74,34,35,93,28,8,154,166,46,188,55,44,45,131,112,68,123,50,86,52,91,69,88,53,59,11,57,132,7,175,62,120,89,2,67,40,63,29,164,4,73,41,114,47,165,153,26,77,60,24,0,84,85,66,118,124,51,90,191,197,168,14,187,128,27,36,33,100,111,122,151,139,105,180,107,186,30,64,96,76,134,99,173,116,10,42,80,169,142,97,81,25,125,145,127,101,129,43,181,148,133,103,143,136,137,18,194,146,9,31,82,144,121,162,171,149,193,78,98,39,94,113,155,17,21,108,159,109,135,140,106,65,87,13,95,152,22,170,75,172,79,117,102,110,177,48,179,58,161,182,178,195,83,158,54,119,72,71,56,5,141,19,184,70,104,92,160,];False
5743;8133;13876;[198,174,190,32,189,130,6,61,38,163,199,49,12,185,167,15,16,156,147,196,192,150,20,23,176,3,157,183,37,138,126,115,1,74,34,35,93,28,8,154,166,46,188,55,44,45,131,112,68,123,50,86,52,91,69,88,53,59,11,57,132,7,175,62,120,89,2,67,48,63,29,164,4,73,41,114,47,165,153,26,77,60,24,0,84,85,66,118,124,51,90,191,197,168,14,187,128,27,36,33,100,111,122,151,139,105,180,83,186,30,64,96,76,134,99,173,116,10,42,80,169,142,97,81,25,125,145,127,101,129,43,181,148,133,103,143,136,137,18,194,146,9,31,82,144,121,162,171,149,193,78,98,39,94,113,155,17,21,108,159,109,135,140,106,65,87,13,95,152,22,170,75,172,79,117,102,110,177,40,179,58,161,182,178,195,107,158,54,119,72,71,56,5,141,19,184,70,104,92,160,];False
5723;8150;13873;[198,174,190,32,189,130,6,61,38,163,199,49,12,185,167,15,16,156,147,196,192,150,20,56,176,3,157,183,37,138,126,115,1,74,34,35,93,28,8,154,166,113,188,55,44,45,131,112,68,123,50,86,52,91,69,88,53,59,11,57,132,7,175,62,120,89,2,67,48,63,29,164,4,73,41,114,47,165,153,26,77,60,24,0,84,85,66,118,124,51,90,191,197,168,14,187,128,27,178,33,100,111,122,151,139,105,180,107,186,30,64,96,76,134,99,173,116,10,42,80,169,142,97,81,25,125,145,127,101,129,43,135,148,170,103,143,136,137,18,194,146,9,31,82,144,121,162,171,149,193,78,98,39,94,46,155,17,21,108,159,109,181,140,106,65,87,13,95,152,22,133,75,172,79,117,102,110,177,40,179,58,161,182,36,195,83,158,54,119,72,71,23,5,141,19,184,70,104,92,160,];False
5758;8114;13872;[198,174,190,32,189,130,6,61,38,163,199,49,12,185,167,15,16,156,147,196,192,150,20,56,176,3,157,183,37,138,126,115,1,74,34,35,93,28,8,154,166,113,180,55,44,45,131,112,68,123,50,86,52,91,69,88,53,59,11,57,132,7,175,62,120,89,2,67,48,63,29,164,4,73,41,114,47,165,153,26,77,60,24,0,84,85,66,118,124,51,90,191,197,168,14,187,128,27,178,33,100,111,122,151,139,105,188,107,186,30,64,96,76,134,99,173,116,10,42,80,169,142,97,81,25,125,145,127,101,129,43,181,148,133,103,143,136,137,18,194,146,9,31,82,144,121,162,171,149,193,78,98,39,94,46,155,17,21,108,159,109,135,140,106,65,87,13,95,152,22,170,75,172,79,117,102,110,177,40,179,58,161,182,36,195,83,158,54,119,72,71,23,5,141,19,184,70,104,92,160,];False
5693;8177;13870;[198,174,190,32,189,130,6,61,38,163,199,49,12,185,167,15,16,156,147,196,192,150,20,56,176,3,157,75,37,138,126,115,1,74,34,35,93,28,8,154,166,46,188,55,44,45,131,112,68,123,50,86,52,91,69,88,53,59,11,57,132,7,175,62,120,89,2,67,48,63,29,164,4,73,41,114,47,165,153,26,77,60,24,0,84,85,66,118,124,51,90,191,197,168,14,187,128,27,36,33,100,111,122,151,139,105,180,107,186,30,64,96,76,134,99,173,116,10,42,80,169,142,97,81,25,125,145,127,101,129,43,181,148,133,103,143,136,137,18,194,146,9,31,82,144,121,162,171,149,193,78,98,39,94,113,155,17,21,108,159,109,135,140,106,65,87,13,95,152,22,170,183,172,79,117,102,110,177,40,179,58,161,182,178,195,83,158,54,119,72,71,23,5,141,19,184,70,104,92,160,];False
5796;8074;13870;[198,174,190,32,189,130,6,61,38,163,199,49,12,185,167,15,16,156,147,196,145,150,20,56,176,3,157,183,37,138,126,115,1,74,34,35,93,28,8,154,166,113,188,55,44,65,131,112,68,123,50,86,52,91,69,88,53,59,11,57,132,7,175,62,120,89,2,67,48,63,29,164,4,73,41,114,47,165,153,26,77,60,24,0,84,85,66,118,124,51,90,191,197,168,14,187,128,27,178,33,100,111,122,151,139,105,180,107,186,30,64,96,76,134,99,173,116,10,42,80,169,142,97,81,25,125,192,127,101,129,43,181,148,170,103,143,136,137,18,194,146,9,31,82,144,121,162,171,149,193,78,98,39,94,46,155,17,21,108,159,109,135,140,106,45,87,13,95,152,22,133,75,172,79,117,102,110,177,40,179,58,161,182,36,195,83,158,54,119,72,71,23,5,141,19,184,70,104,92,160,];False
5743;8116;13859;[198,174,190,32,189,130,6,61,38,163,199,49,12,185,101,15,16,156,147,196,192,150,20,56,176,3,157,183,37,138,126,115,1,74,34,35,93,28,8,154,166,113,188,55,44,45,131,112,68,123,50,86,52,91,69,88,53,59,11,57,132,7,175,62,120,89,2,67,48,63,29,164,4,73,41,114,47,165,153,26,77,60,24,0,84,85,66,118,124,51,90,191,197,168,14,187,128,27,178,33,100,111,122,151,139,105,180,107,186,30,64,96,76,134,99,173,116,10,42,80,169,142,97,81,25,125,145,127,167,129,43,181,148,133,103,143,136,137,18,194,146,9,31,82,144,121,162,171,149,193,78,98,39,94,46,155,17,21,108,159,109,135,140,106,65,87,13,95,152,22,170,75,172,79,117,102,110,177,40,179,58,161,182,36,195,83,158,54,119,72,71,23,5,141,19,184,70,104,92,160,];False
5739;8119;13858;[198,174,190,32,189,130,6,61,38,163,199,49,12,185,167,15,16,156,147,196,145,150,20,56,176,3,157,183,37,138,126,115,1,74,34,35,93,28,8,154,166,113,188,55,44,45,131,112,68,123,50,86,52,91,69,88,53,59,11,57,132,7,175,62,120,89,2,67,48,63,29,164,4,73,41,114,47,165,153,26,77,60,24,0,84,110,66,118,124,51,90,191,197,168,14,187,128,27,178,33,100,111,122,151,139,105,180,107,186,30,64,96,76,134,99,173,116,10,42,80,169,142,97,81,25,125,192,127,101,129,43,181,148,170,103,143,136,137,18,194,146,9,31,82,144,121,162,171,149,193,78,98,39,94,46,155,17,21,108,159,109,135,140,106,65,87,13,95,152,22,133,75,172,79,117,102,85,177,40,179,58,161,182,36,195,83,158,54,119,72,71,23,5,141,19,184,70,104,92,160,];False
5753;8103;13856;[198,174,190,32,189,130,6,61,38,163,199,49,12,185,167,15,16,4,147,196,145,150,20,56,176,3,157,183,37,138,126,115,1,74,34,35,93,28,8,197,166,113,188,55,44,45,131,112,68,123,50,86,52,91,69,88,53,59,11,57,132,7,175,62,120,89,2,67,48,63,29,164,156,73,41,114,47,165,153,26,77,60,24,0,84,85,66,118,124,51,90,191,154,168,14,187,128,27,178,33,100,111,122,151,139,105,180,107,186,30,64,96,76,134,99,173,116,10,42,80,169,142,97,81,25,125,192,127,101,129,43,181,148,170,103,143,136,137,18,194,146,9,31,82,144,121,162,171,149,193,78,98,39,94,46,155,17,21,108,159,109,135,140,106,65,87,13,95,152,22,133,75,172,79,117,102,110,177,40,179,58,161,182,36,195,83,158,54,119,72,71,23,5,141,19,184,70,104,92,160,];False
5728;8127;13855;[198,174,190,32,189,130,6,61,38,163,199,49,12,185,167,15,16,156,147,196,192,150,20,23,176,3,157,183,37,138,126,115,1,74,34,195,93,28,8,154,166,46,188,55,44,45,131,112,68,123,50,86,52,91,69,88,53,59,11,57,132,7,175,62,120,89,2,67,48,63,29,164,4,73,41,114,47,165,153,26,77,60,24,0,84,85,66,118,124,51,90,191,197,168,14,187,128,27,36,33,100,111,122,151,139,105,180,107,186,30,64,96,76,134,99,173,116,10,42,80,169,142,97,81,25,125,145,127,101,129,43,181,148,133,103,143,136,137,18,194,146,9,31,82,144,121,162,171,149,193,78,98,39,94,113,155,17,21,108,159,109,135,140,106,65,87,13,95,152,22,170,75,172,79,117,102,110,177,40,179,58,161,182,178,35,83,158,54,119,72,71,56,5,141,19,184,70,104,92,160,];False
5713;8140;13853;[198,174,190,32,189,130,6,61,38,163,199,49,12,185,167,15,16,156,39,196,192,150,20,56,176,3,157,183,37,138,126,115,1,74,34,35,93,28,8,154,166,113,188,55,44,45,131,112,68,123,50,86,52,91,69,88,53,59,11,57,132,7,175,62,120,89,2,67,48,63,29,164,4,73,41,114,47,165,153,26,77,60,24,0,84,85,66,118,124,51,90,191,197,168,14,187,128,27,178,33,100,111,122,151,139,105,180,107,186,30,64,96,76,134,99,173,116,10,42,80,169,142,97,81,25,125,145,127,101,129,43,181,148,170,103,143,136,137,18,194,146,9,31,82,144,121,162,171,149,193,78,98,147,94,46,155,17,21,108,159,109,135,140,106,65,87,13,95,152,22,133,75,172,79,117,102,110,177,40,179,58,161,182,36,195,83,158,54,119,72,71,23,5,141,19,184,70,104,92,160,];False
5770;8081;13851;[198,174,190,32,189,130,6,61,38,163,199,49,12,185,167,15,16,156,147,196,145,150,20,56,176,3,157,183,37,138,126,115,1,74,34,35,93,28,8,154,166,113,188,55,44,48,131,112,68,123,50,86,52,91,69,88,53,59,11,57,132,7,175,62,120,89,2,67,45,63,29,164,4,73,41,114,47,165,153,26,77,60,24,0,84,85,66,118,124,51,90,191,197,168,14,187,128,27,178,33,100,111,122,151,139,105,180,107,186,30,64,96,76,134,99,173,116,10,42,80,169,142,97,81,25,125,192,127,101,129,43,181,148,170,103,143,136,137,18,194,146,9,31,82,144,121,162,171,149,193,78,98,39,94,46,155,17,21,108,159,109,135,140,106,65,87,13,95,152,22,133,75,172,79,117,102,110,177,40,179,58,161,182,36,195,83,158,54,119,72,71,23,5,141,19,184,70,104,92,160,];False
5748;8102;13850;[198,174,190,32,189,130,6,61,38,163,199,49,12,185,167,15,16,156,147,196,192,150,20,56,176,3,157,183,37,138,126,115,1,74,34,35,93,28,8,154,166,113,188,55,44,45,131,112,68,123,50,86,52,91,69,88,53,59,11,57,132,7,175,62,110,89,2,67,48,63,29,164,4,73,41,114,47,165,153,26,77,60,24,0,84,85,66,118,124,51,90,191,197,168,14,187,128,27,178,33,100,111,122,151,139,105,180,107,186,30,64,96,76,134,99,173,116,10,42,80,169,142,97,81,25,125,145,127,101,129,43,181,148,133,103,143,136,137,18,194,146,9,31,82,144,121,162,171,149,193,78,98,39,94,46,155,17,21,108,159,109,135,140,106,65,87,13,95,152,22,170,75,172,79,117,102,120,177,40,179,58,161,182,36,195,83,158,54,119,72,71,23,5,141,19,184,70,104,92,160,];False
5736;8111;13847;[198,174,190,32,189,130,6,61,38,163,199,49,12,185,167,15,16,156,147,196,192,150,20,56,176,3,157,183,37,138,126,115,1,74,34,35,93,28,8,154,166,113,188,55,44,45,131,112,68,123,50,86,52,91,69,88,53,59,11,57,132,7,175,62,120,89,2,67,48,63,29,164,4,73,41,114,47,165,153,26,77,60,24,0,84,85,66,118,124,51,90,191,197,168,14,187,128,27,178,33,100,111,122,151,139,105,180,107,186,30,64,96,76,134,99,173,116,10,42,80,148,142,97,81,25,125,145,127,101,129,43,181,169,170,103,143,136,137,18,194,146,9,31,82,144,121,162,171,149,193,78,98,39,94,46,155,17,21,108,159,109,135,140,106,65,87,13,95,152,22,133,75,172,79,117,102,110,177,40,179,58,161,182,36,195,83,158,54,119,72,71,23,5,141,19,184,70,104,92,160,];False
5715;8132;13847;[198,174,190,32,189,130,6,61,38,163,199,49,12,185,167,15,16,156,147,196,192,150,20,177,176,3,157,183,37,138,126,115,1,74,34,35,93,28,8,154,166,113,188,55,44,45,131,112,68,123,50,86,52,91,69,88,53,59,11,57,132,7,175,62,120,89,2,67,48,63,29,164,4,73,41,114,47,165,153,26,77,60,24,0,84,85,66,118,124,51,90,191,197,168,14,187,128,27,178,33,100,111,122,151,139,105,180,107,186,30,64,96,76,134,99,173,116,10,42,80,169,142,97,81,25,125,145,127,101,129,43,181,148,170,103,143,136,137,18,194,146,9,31,82,144,121,162,171,149,193,78,98,39,94,46,155,17,21,108,159,109,135,140,106,65,87,13,95,152,22,133,75,172,79,117,102,110,56,40,179,58,161,182,36,195,83,158,54,119,72,71,23,5,141,19,184,70,104,92,160,];False
5710;8136;13846;[198,174,190,32,189,130,6,61,38,163,199,49,12,185,167,15,16,156,147,196,192,150,20,56,176,3,157,183,37,138,126,115,1,74,34,35,93,28,8,154,166,113,188,55,44,45,131,112,68,123,50,86,52,91,69,88,53,59,11,57,132,7,175,62,120,89,2,67,48,63,29,164,4,73,41,114,47,165,153,26,77,60,24,0,84,85,66,118,124,51,90,191,197,168,14,187,128,27,178,33,100,193,122,151,139,105,180,107,186,30,64,96,76,134,99,173,116,10,42,80,169,142,97,81,25,125,145,127,101,129,43,181,148,133,103,143,136,137,18,194,146,9,31,82,144,121,162,171,149,111,78,98,39,94,46,155,17,21,108,159,109,135,140,106,65,87,13,95,152,22,170,75,172,79,117,102,110,177,40,179,58,161,182,36,195,83,158,54,119,72,71,23,5,141,19,184,70,104,92,160,];False
5733;8113;13846;[198,174,190,32,189,130,6,61,38,163,199,49,12,185,167,15,16,156,147,196,192,150,20,23,176,3,157,183,37,138,126,115,1,74,34,35,93,28,8,154,166,46,188,55,44,45,131,112,68,123,50,86,52,91,69,88,53,59,11,57,132,7,175,62,120,89,2,67,48,63,29,164,4,73,41,114,47,165,153,26,77,60,24,0,84,85,66,118,124,51,90,191,197,168,14,187,128,27,36,33,100,111,122,151,139,105,180,107,186,141,64,96,76,134,99,173,116,10,42,80,169,142,97,81,25,125,145,127,101,129,43,181,148,133,103,143,136,137,18,194,146,9,31,82,144,121,162,171,149,193,78,98,39,94,113,155,17,21,108,159,109,135,140,106,65,87,13,95,152,22,170,75,172,79,117,102,110,177,40,179,58,161,182,178,195,83,158,54,119,72,71,56,5,30,19,184,70,104,92,160,];False
5768;8075;13843;[198,174,190,32,189,130,6,61,38,163,199,49,12,185,167,15,16,156,147,196,192,150,20,56,176,3,157,183,37,138,126,115,1,74,34,35,93,28,8,154,166,113,188,55,44,45,131,112,68,123,50,86,52,91,69,88,53,59,11,57,132,7,175,62,120,89,2,67,48,63,29,164,4,73,41,114,47,165,153,26,77,60,24,0,84,85,66,118,124,51,90,191,197,168,14,187,128,27,178,33,100,111,122,151,139,105,180,107,186,30,64,179,76,134,99,173,116,10,42,80,169,142,97,81,25,125,145,127,101,129,43,181,148,170,103,143,136,137,18,194,146,9,31,82,144,121,162,171,149,193,78,98,39,94,46,155,17,21,108,159,109,135,140,106,65,87,13,95,152,22,133,75,172,79,117,102,110,177,40,96,58,161,182,36,195,83,158,54,119,72,71,23,5,141,19,184,70,104,92,160,];False
5707;8136;13843;[198,174,190,32,189,130,6,61,38,163,199,49,12,185,167,15,16,156,147,196,192,150,20,56,176,3,157,183,37,138,126,115,1,74,34,35,93,28,8,154,166,113,188,55,25,45,131,112,68,123,50,86,52,91,69,88,53,59,11,57,132,7,175,62,120,89,2,67,48,63,29,164,4,73,41,114,47,165,153,26,77,60,24,0,84,85,66,118,124,51,90,191,197,168,14,187,128,27,36,33,100,111,122,151,139,105,180,107,186,30,64,96,76,134,99,173,116,10,42,80,169,142,97,81,44,125,145,127,101,129,43,181,148,133,103,143,136,137,18,194,146,9,31,82,144,121,162,171,149,193,78,98,39,94,46,155,17,21,108,159,109,135,140,106,65,87,13,95,152,22,170,75,172,79,117,102,110,177,40,179,58,161,182,178,195,83,158,54,119,72,71,23,5,141,19,184,70,104,92,160,];False
5671;8172;13843;[198,174,190,32,189,130,6,61,38,163,199,49,12,185,167,15,16,4,147,196,145,150,20,56,176,3,157,183,37,138,126,115,1,74,34,35,93,28,8,154,166,113,188,55,44,45,131,112,68,123,50,86,52,91,69,88,53,59,135,57,132,7,175,62,120,89,2,67,48,63,29,164,156,73,41,114,47,165,153,26,77,60,24,0,84,85,66,118,124,51,90,191,197,168,14,187,128,27,178,33,100,111,122,151,139,105,180,107,186,30,64,96,76,134,99,173,116,10,42,80,169,142,97,81,25,125,192,127,101,129,43,181,148,170,103,143,136,137,18,194,146,9,31,82,144,121,162,171,149,193,78,98,39,94,46,155,17,21,108,159,109,11,140,106,65,87,13,95,152,22,133,75,172,79,117,102,110,177,40,179,58,161,182,36,195,83,158,54,119,72,71,23,5,141,19,184,70,104,92,160,];False
5767;8075;13842;[198,174,190,32,189,130,6,61,38,163,199,49,12,185,167,15,16,156,147,196,192,150,20,56,176,3,157,183,37,138,126,115,1,74,34,35,93,28,8,154,166,113,188,55,44,45,131,112,68,123,50,86,52,91,69,88,53,59,11,57,132,7,175,62,120,89,2,67,48,63,29,164,4,73,41,114,47,165,153,26,77,60,24,0,84,85,66,118,124,51,90,191,197,168,14,187,128,27,178,33,100,111,122,151,139,105,180,107,186,30,64,96,76,134,99,173,116,10,42,80,169,142,97,81,133,125,145,127,101,129,43,181,148,170,103,143,136,137,18,194,146,9,31,82,144,121,162,171,149,193,78,98,39,94,46,155,17,21,108,159,109,135,140,106,65,87,13,95,152,22,25,75,172,79,117,102,110,177,40,179,58,161,182,36,195,83,158,54,119,72,71,23,5,141,19,184,70,104,92,160,];False
5766;8076;13842;[198,174,190,32,189,130,6,61,38,163,91,49,12,185,167,15,16,156,147,196,192,150,20,56,176,3,157,183,37,138,126,115,1,74,34,35,93,28,8,154,166,113,188,55,44,45,131,112,68,123,50,86,52,199,69,88,53,59,11,57,132,7,175,62,120,89,2,67,48,63,29,164,4,73,41,114,47,165,153,26,77,60,24,0,84,85,66,118,124,51,90,191,197,168,14,187,128,27,178,33,100,111,122,151,139,105,180,107,186,30,64,96,76,134,99,173,116,10,42,80,169,142,97,81,25,125,145,127,101,129,43,181,148,170,103,143,136,137,18,194,146,9,31,82,144,121,162,171,149,193,78,98,39,94,46,155,17,21,108,159,109,135,140,106,65,87,13,95,152,22,133,75,172,79,117,102,110,177,40,179,58,161,182,36,195,83,158,54,119,72,71,23,5,141,19,184,70,104,92,160,];False
5775;8067;13842;[198,174,190,32,189,130,6,61,38,163,199,171,12,185,167,15,16,156,147,196,192,150,20,56,176,3,157,183,37,138,126,115,1,74,34,35,93,28,8,154,166,113,188,55,44,45,131,112,68,123,50,86,52,91,69,88,53,59,11,57,132,7,175,62,120,89,2,67,48,63,29,164,4,73,41,114,47,165,153,26,77,60,24,0,84,85,66,118,124,51,90,191,197,168,14,187,128,27,178,33,100,111,122,151,139,105,180,107,186,30,64,96,76,134,99,173,116,10,42,80,169,142,97,81,25,125,145,127,101,129,43,181,148,170,103,143,136,137,18,194,146,9,31,82,144,121,162,49,149,193,78,98,39,94,46,155,17,21,108,159,109,135,140,106,65,87,13,95,152,22,133,75,172,79,117,102,110,177,40,179,58,161,182,36,195,83,158,54,119,72,71,23,5,141,19,184,70,104,92,160,];False
5705;8137;13842;[198,174,190,32,189,130,6,61,38,163,199,49,12,185,167,15,16,156,147,196,192,150,20,23,176,3,157,183,37,138,126,115,1,74,34,35,93,28,8,154,166,46,188,55,44,45,131,112,68,123,50,86,52,91,69,88,53,59,11,57,132,7,175,62,120,89,2,67,48,63,29,164,4,73,41,114,47,165,153,26,77,60,24,0,84,85,66,118,124,51,90,191,197,168,14,187,128,27,36,33,100,111,122,151,139,105,180,107,186,30,64,96,76,134,99,173,116,10,42,80,169,142,97,81,25,125,145,127,101,129,43,181,148,133,103,143,136,137,18,194,146,9,31,82,144,121,162,171,149,193,78,98,39,94,113,155,17,21,108,159,109,135,140,106,65,160,13,95,152,22,170,75,172,79,117,102,110,177,40,179,58,161,182,178,195,83,158,54,119,72,71,56,5,141,19,184,70,104,92,87,];False
5759;8082;13841;[198,174,190,32,189,130,6,61,38,163,199,49,12,185,167,15,16,156,147,196,192,150,20,56,176,3,157,183,37,138,126,115,1,74,34,35,93,28,36,154,166,113,188,55,44,45,131,112,68,123,50,86,52,91,69,88,53,59,11,57,132,7,175,62,120,89,2,67,48,63,29,164,4,73,41,114,47,165,153,26,77,60,24,0,84,85,66,118,124,51,90,191,197,168,14,187,128,27,178,33,100,111,122,151,139,105,180,107,186,30,64,96,76,134,99,173,116,10,42,80,169,142,97,81,25,125,145,127,101,129,43,181,148,170,103,143,136,137,18,194,146,9,31,82,144,121,162,171,149,193,78,98,39,94,46,155,17,21,108,159,109,135,140,106,65,87,13,95,152,22,133,75,172,79,117,102,110,177,40,179,58,161,182,8,195,83,158,54,119,72,71,23,5,141,19,184,70,104,92,160,];False
5700;8141;13841;[198,174,190,32,189,130,6,61,38,163,199,49,12,185,167,15,16,156,147,196,192,150,20,23,176,3,157,183,37,138,126,115,1,74,34,35,93,28,8,154,166,47,188,55,44,45,131,112,68,123,50,86,52,91,69,88,53,59,11,57,132,7,175,62,120,89,2,67,48,63,29,164,4,73,41,114,46,165,153,26,77,60,24,0,84,85,66,118,124,51,90,191,197,168,14,187,128,27,36,33,100,111,122,151,139,105,180,107,186,30,64,96,76,134,99,173,116,10,42,80,169,142,97,81,25,125,145,127,101,129,43,181,148,133,103,143,136,137,18,194,146,9,31,82,144,121,162,171,149,193,78,98,39,94,113,155,17,21,108,159,109,135,140,106,65,87,13,95,152,22,170,75,172,79,117,102,110,177,40,179,58,161,182,178,195,83,158,54,119,72,71,56,5,141,19,184,70,104,92,160,];False
5675;8165;13840;[198,174,190,32,189,130,6,61,38,163,199,49,12,185,167,15,16,156,147,196,192,150,111,56,176,3,157,183,37,138,126,115,1,74,34,35,93,28,8,154,166,113,188,55,44,45,131,112,68,123,50,86,52,91,69,88,53,59,11,57,132,7,175,62,120,89,2,67,48,63,29,164,4,73,41,114,47,165,153,26,77,60,24,0,84,85,66,118,124,51,90,191,197,168,14,187,128,27,178,33,100,20,122,151,139,105,180,107,186,30,64,96,76,134,99,173,116,10,42,80,169,142,97,81,25,125,145,127,101,129,43,181,148,170,103,143,136,137,18,194,146,9,31,82,144,121,162,171,149,193,78,98,39,94,46,155,17,21,108,159,109,135,140,106,65,87,13,95,152,22,133,75,172,79,117,102,110,177,40,179,58,161,182,36,195,83,158,54,119,72,71,23,5,141,19,184,70,104,92,160,];False
5746;8094;13840;[198,174,190,32,189,130,6,61,38,163,199,49,12,185,167,15,16,156,107,196,145,150,20,56,176,3,157,183,37,138,126,115,1,74,34,35,93,28,8,154,166,113,188,55,44,45,131,112,68,123,50,86,52,91,69,88,53,59,11,57,132,7,175,62,120,89,2,67,48,63,29,164,4,73,41,114,47,165,153,26,77,60,24,0,84,85,66,118,124,51,90,191,197,168,14,187,128,27,178,33,100,111,122,151,139,105,180,147,186,30,64,96,76,134,99,173,116,10,42,80,169,142,97,81,25,125,192,127,101,129,43,181,148,170,103,143,136,137,18,194,146,9,31,82,144,121,162,171,149,193,78,98,39,94,46,155,17,21,108,159,109,135,140,106,65,87,13,95,152,22,133,75,172,79,117,102,110,177,40,179,58,161,182,36,195,83,158,54,119,72,71,23,5,141,19,184,70,104,92,160,];False
5753;8085;13838;[198,174,190,32,189,130,6,61,38,163,199,49,12,185,167,15,16,156,147,196,192,150,20,56,176,3,194,183,37,138,126,115,1,74,34,35,93,28,8,154,166,113,188,55,44,45,131,112,68,123,50,86,52,91,69,88,53,59,11,57,132,7,175,62,120,89,2,67,48,63,29,164,4,73,41,114,47,165,153,26,77,60,24,0,84,85,66,118,124,51,90,191,197,168,14,187,128,27,178,33,100,111,122,151,139,105,180,107,186,30,64,96,76,134,99,173,116,10,42,80,169,142,97,81,25,125,145,127,101,129,43,181,148,170,103,143,136,137,18,157,146,9,31,82,144,121,162,171,149,193,78,98,39,94,46,155,17,21,108,159,109,135,140,106,65,87,13,95,152,22,133,75,172,79,117,102,110,177,40,179,58,161,182,36,195,83,158,54,119,72,71,23,5,141,19,184,70,104,92,160,];False
5739;8095;13834;[198,174,190,32,189,130,6,61,38,163,199,49,12,185,167,15,16,156,147,196,192,150,20,56,176,3,157,183,37,138,126,115,1,74,34,35,93,28,8,154,166,113,188,55,44,45,131,112,68,123,50,86,52,91,69,88,53,59,11,57,132,7,175,62,120,89,2,67,48,63,29,164,4,73,41,114,47,165,153,26,77,60,87,0,84,85,66,118,124,51,90,191,197,168,14,187,128,27,178,33,100,111,122,151,139,105,180,107,186,30,64,96,76,134,99,173,116,10,42,80,169,142,97,81,25,125,145,127,101,129,43,181,148,170,103,143,136,137,18,194,146,9,31,82,144,121,162,171,149,193,78,98,39,94,46,155,17,21,108,159,109,135,140,106,65,24,13,95,152,22,133,75,172,79,117,102,110,177,40,179,58,161,182,36,195,83,158,54,119,72,71,23,5,141,19,184,70,104,92,160,];False
5773;8061;13834;[198,174,190,32,189,130,6,61,38,163,199,49,12,185,167,15,16,156,147,196,145,150,20,56,176,3,157,183,37,138,126,115,1,74,34,35,93,28,8,154,166,113,188,55,44,45,131,112,68,123,50,86,52,91,69,88,53,59,11,57,132,7,175,62,120,89,2,67,48,63,29,164,4,73,41,114,47,165,153,26,77,60,24,0,84,85,66,118,124,51,90,191,197,168,14,187,128,27,178,33,100,111,122,151,139,105,87,107,186,30,64,96,76,134,99,173,116,10,42,80,169,142,97,81,25,125,192,127,101,129,43,181,148,170,103,143,136,137,18,194,146,9,31,82,144,121,162,171,149,193,78,98,39,94,46,155,17,21,108,159,109,135,140,106,65,180,13,95,152,22,133,75,172,79,117,102,110,177,40,179,58,161,182,36,195,83,158,54,119,72,71,23,5,141,19,184,70,104,92,160,];False
5653;8179;13832;[198,174,190,32,189,130,6,61,38,163,199,49,12,185,167,15,16,156,147,196,192,150,20,56,176,3,157,183,37,138,126,115,1,74,34,35,93,28,8,154,166,46,188,55,44,45,133,112,68,123,50,86,52,91,69,88,53,59,11,57,132,7,175,62,120,89,2,67,48,63,29,164,4,73,41,114,47,165,153,26,77,60,24,0,84,85,66,118,124,51,90,191,197,168,14,187,128,27,36,33,100,111,122,151,139,105,180,107,186,30,64,96,76,134,99,173,116,10,42,80,169,142,97,81,25,125,145,127,101,129,43,181,148,131,103,143,136,137,18,194,146,9,31,82,144,121,162,171,149,193,78,98,39,94,113,155,17,21,108,159,109,135,140,106,65,87,13,95,152,22,170,75,172,79,117,102,110,177,40,179,58,161,182,178,195,83,158,54,119,72,71,23,5,141,19,184,70,104,92,160,];False
5737;8093;13830;[198,174,190,32,189,130,6,61,38,163,199,49,12,185,167,15,16,156,147,196,192,150,20,23,176,3,157,183,37,138,126,115,1,74,34,35,93,28,8,154,166,46,188,55,44,45,131,112,68,123,50,86,52,91,69,88,53,59,11,57,132,7,175,62,120,89,2,67,48,63,29,164,4,73,41,114,47,165,153,26,77,60,24,0,84,85,66,118,124,51,90,191,197,168,14,187,128,27,36,33,100,111,122,151,139,105,180,107,186,30,64,96,76,134,99,173,116,10,42,80,169,142,97,81,25,125,145,127,101,129,43,181,148,133,103,143,136,137,18,194,146,155,31,82,144,121,162,171,149,193,78,98,39,94,113,9,17,21,108,159,109,135,140,106,65,87,13,95,152,22,170,75,172,79,117,102,110,177,40,179,58,161,182,178,195,83,158,54,119,72,71,56,5,141,19,184,70,104,92,160,];False
5704;8123;13827;[198,174,190,32,189,130,6,61,38,163,199,49,12,185,167,15,16,156,147,196,192,150,20,23,176,3,157,183,37,138,126,115,1,74,34,35,93,28,8,154,166,46,188,55,44,45,131,112,68,123,50,86,52,91,69,88,53,59,11,57,132,7,175,62,120,89,2,67,48,63,29,164,4,73,41,141,47,165,153,26,77,60,24,0,84,85,66,118,124,51,90,191,197,168,14,187,128,27,36,33,100,111,122,151,139,105,180,107,186,30,64,96,76,134,99,173,116,10,42,80,169,142,97,81,25,125,145,127,101,129,43,181,148,133,103,143,136,137,18,194,146,9,31,82,144,121,162,171,149,193,78,98,39,94,113,155,17,21,108,159,109,135,140,106,65,87,13,95,152,22,170,75,172,79,117,102,110,177,40,179,58,161,182,178,195,83,158,54,119,72,71,56,5,114,19,184,70,104,92,160,];False
5715;8110;13825;[198,174,190,32,81,130,6,61,38,163,199,49,12,185,167,15,16,156,147,196,192,150,20,56,176,3,157,183,37,138,126,115,1,74,34,35,93,28,8,154,166,113,188,55,44,45,131,112,68,123,50,86,52,91,69,88,53,59,11,57,132,7,175,62,120,89,2,67,48,63,29,164,4,73,41,114,47,165,153,26,77,60,24,0,84,85,66,118,124,51,90,191,197,168,14,187,128,27,178,33,100,111,122,151,139,105,180,107,186,30,64,96,76,134,99,173,116,10,42,80,169,142,97,189,25,125,145,127,101,129,43,181,148,133,103,143,136,137,18,194,146,9,31,82,144,121,162,171,149,193,78,98,39,94,46,155,17,21,108,159,109,135,140,106,65,87,13,95,152,22,170,75,172,79,117,102,110,177,40,179,58,161,182,36,195,83,158,54,119,72,71,23,5,141,19,184,70,104,92,160,];False
5673;8145;13818;[198,174,190,32,189,130,6,61,38,163,199,49,12,185,167,15,16,156,147,196,192,150,20,56,176,3,157,183,37,138,126,115,1,74,34,35,93,28,8,154,166,113,114,55,44,45,131,112,68,123,50,86,52,91,69,88,53,59,11,57,132,7,175,62,120,89,2,67,48,63,29,164,4,73,41,188,47,165,153,26,77,60,24,0,84,85,66,118,124,51,90,191,197,168,14,187,128,27,178,33,100,111,122,151,139,105,180,107,186,30,64,96,76,134,99,173,116,10,42,80,169,142,97,81,25,125,145,127,101,129,43,181,148,170,103,143,136,137,18,194,146,9,31,82,144,121,162,171,149,193,78,98,39,94,46,155,17,21,108,159,109,135,140,106,65,87,13,95,152,22,133,75,172,79,117,102,110,177,40,179,58,161,182,36,195,83,158,54,119,72,71,23,5,141,19,184,70,104,92,160,];False
5687;8129;13816;[198,174,190,32,189,130,6,61,38,163,199,49,12,185,167,15,16,156,147,196,192,150,20,23,176,3,157,183,37,138,126,115,1,74,29,35,93,28,8,154,166,46,188,55,44,45,131,112,68,123,50,86,52,91,69,88,53,59,11,57,132,7,175,62,120,89,2,67,48,63,34,164,4,73,41,114,47,165,153,26,77,60,24,0,84,85,66,118,124,51,90,191,197,168,14,187,128,27,36,33,100,111,122,151,139,105,180,107,186,30,64,96,76,134,99,173,116,10,42,80,169,142,97,81,25,125,145,127,101,129,43,181,148,133,103,143,136,137,18,194,146,9,31,82,144,121,162,171,149,193,78,98,39,94,113,155,17,21,108,159,109,135,140,106,65,87,13,95,152,22,170,75,172,79,117,102,110,177,40,179,58,161,182,178,195,83,158,54,119,72,71,56,5,141,19,184,70,104,92,160,];False
5731;8085;13816;[198,174,190,32,189,130,6,61,38,163,199,49,12,185,167,15,16,156,147,196,192,150,20,56,85,3,157,183,37,138,126,115,1,74,34,35,93,28,8,154,166,113,188,55,44,45,131,112,68,123,50,86,52,91,69,88,53,59,11,57,132,7,175,62,120,89,2,67,48,63,29,164,4,73,41,114,47,165,153,26,77,60,24,0,84,176,66,118,124,51,90,191,197,168,14,187,128,27,178,33,100,111,122,151,139,105,180,107,186,30,64,96,76,134,99,173,116,10,42,80,169,142,97,81,25,125,145,127,101,129,43,181,148,170,103,143,136,137,18,194,146,9,31,82,144,121,162,171,149,193,78,98,39,94,46,155,17,21,108,159,109,135,140,106,65,87,13,95,152,22,133,75,172,79,117,102,110,177,40,179,58,161,182,36,195,83,158,54,119,72,71,23,5,141,19,184,70,104,92,160,];False
5693;8123;13816;[198,174,190,32,189,130,6,61,38,163,199,49,12,94,167,15,16,156,147,196,192,150,20,56,176,3,157,183,37,138,126,115,1,74,34,35,93,28,8,154,166,113,188,55,44,45,131,112,68,123,50,86,52,91,69,88,53,59,11,57,132,7,175,62,120,89,2,67,48,63,29,164,4,73,41,114,47,165,153,26,77,60,24,0,84,85,66,118,124,51,90,191,197,168,14,187,128,27,178,33,100,111,122,151,139,105,180,107,186,30,64,96,76,134,99,173,116,10,42,80,169,142,97,81,25,125,145,127,101,129,43,181,148,133,103,143,136,137,18,194,146,9,31,82,144,121,162,171,149,193,78,98,39,185,46,155,17,21,108,159,109,135,140,106,65,87,13,95,152,22,170,75,172,79,117,102,110,177,40,179,58,161,182,36,195,83,158,54,119,72,71,23,5,141,19,184,70,104,92,160,];False
5685;8129;13814;[198,174,190,32,189,130,6,61,38,163,199,49,12,185,167,15,16,156,147,196,192,150,20,23,176,3,157,183,37,138,126,115,1,74,34,35,93,28,8,154,166,46,188,55,44,45,131,112,68,123,50,86,52,91,69,88,53,59,11,57,132,7,175,62,120,89,2,67,48,63,29,164,4,19,41,114,47,165,153,26,77,60,24,0,84,85,66,118,124,51,90,191,197,168,14,187,128,27,36,33,100,111,122,151,139,105,180,107,186,30,64,96,76,134,99,173,116,10,42,80,169,142,97,81,25,125,145,127,101,129,43,181,148,133,103,143,136,137,18,194,146,9,31,82,144,121,162,171,149,193,78,98,39,94,113,155,17,21,108,159,109,135,140,106,65,87,13,95,152,22,170,75,172,79,117,102,110,177,40,179,58,161,182,178,195,83,158,54,119,72,71,56,5,141,73,184,70,104,92,160,];False
5710;8103;13813;[198,174,190,32,189,130,6,61,38,163,199,49,12,185,167,15,16,156,147,196,192,150,20,56,176,3,157,183,37,138,126,115,1,74,34,35,93,28,8,154,166,113,188,55,44,45,131,112,68,123,50,86,52,91,69,88,53,59,11,57,132,7,175,62,120,89,2,67,48,63,29,164,4,73,41,114,47,165,153,26,77,60,24,0,84,85,66,118,124,51,90,191,197,168,14,187,128,27,178,33,100,111,122,151,139,105,180,107,186,30,64,96,76,134,99,75,116,10,42,80,169,142,97,81,25,125,145,127,101,129,43,181,148,170,103,143,136,137,18,194,146,9,31,82,144,121,162,171,149,193,78,98,39,94,46,155,17,21,108,159,109,135,140,106,65,87,13,95,152,22,133,173,172,79,117,102,110,177,40,179,58,161,182,36,195,83,158,54,119,72,71,23,5,141,19,184,70,104,92,160,];False
5727;8086;13813;[198,174,190,32,189,130,6,61,38,163,199,49,12,185,167,15,16,156,147,196,192,150,20,56,176,3,157,183,37,138,126,115,1,74,34,35,93,28,8,154,166,113,188,55,44,45,131,112,68,123,50,86,52,91,69,88,53,59,11,57,132,7,175,62,120,89,2,67,48,63,29,164,4,73,41,114,47,165,153,26,77,60,24,0,84,85,66,118,124,51,90,191,197,168,14,187,128,27,178,33,100,111,122,151,139,105,180,107,186,30,64,96,76,134,99,173,116,10,42,80,169,142,97,81,25,125,145,95,101,129,43,181,148,170,103,143,136,137,18,194,146,9,31,82,144,121,162,171,149,193,78,98,39,94,46,155,17,21,108,159,109,135,140,106,65,87,13,127,152,22,133,75,172,79,117,102,110,177,40,179,58,161,182,36,195,83,158,54,119,72,71,23,5,141,19,184,70,104,92,160,];False
5684;8127;13811;[198,174,190,32,189,130,6,61,38,163,199,49,12,185,167,15,16,156,147,196,192,150,20,56,176,3,157,183,179,138,126,115,1,74,34,35,93,28,8,154,166,113,188,55,44,45,131,112,68,123,50,86,52,91,69,88,53,59,11,57,132,7,175,62,120,89,2,67,48,63,29,164,4,73,41,114,47,165,153,26,77,60,24,0,84,85,66,118,124,51,90,191,197,168,14,187,128,27,178,33,100,111,122,151,139,105,180,107,186,30,64,96,76,134,99,173,116,10,42,80,169,142,97,81,25,125,145,127,101,129,43,181,148,170,103,143,136,137,18,194,146,9,31,82,144,121,162,171,149,193,78,98,39,94,46,155,17,21,108,159,109,135,140,106,65,87,13,95,152,22,133,75,172,79,117,102,110,177,40,37,58,161,182,36,195,83,158,54,119,72,71,23,5,141,19,184,70,104,92,160,];False
5715;8095;13810;[198,174,190,32,189,130,6,61,38,163,166,49,12,185,167,15,16,156,147,196,145,150,20,56,176,3,157,183,37,138,126,115,1,74,34,35,93,28,8,154,199,113,188,55,44,45,131,112,68,123,50,86,52,91,69,88,53,59,11,57,132,7,175,62,120,89,2,67,48,63,29,164,4,73,41,114,47,165,153,26,77,60,24,0,84,85,66,118,124,51,90,191,197,168,14,187,128,27,178,33,100,111,122,151,139,105,180,107,186,30,64,96,76,134,99,173,116,10,42,80,169,142,97,81,25,125,192,127,101,129,43,181,148,170,103,143,136,137,18,194,146,9,31,82,144,121,162,171,149,193,78,98,39,94,46,155,17,21,108,159,109,135,140,106,65,87,13,95,152,22,133,75,172,79,117,102,110,177,40,179,58,161,182,36,195,83,158,54,119,72,71,23,5,141,19,184,70,104,92,160,];False
5723;8083;13806;[198,174,190,32,189,130,6,61,38,163,199,49,12,185,167,15,16,156,147,196,192,150,20,56,176,3,157,183,37,138,126,115,1,74,34,35,93,28,8,154,166,113,188,55,44,45,131,112,68,123,50,86,52,91,69,88,53,59,11,57,132,7,175,62,120,89,2,67,140,63,29,164,4,73,41,114,47,165,153,26,77,60,24,0,84,85,66,118,124,51,90,191,197,168,14,187,128,27,178,33,100,111,122,151,139,105,180,107,186,30,64,96,76,134,99,173,116,10,42,80,169,142,97,81,25,125,145,127,101,129,43,181,148,170,103,143,136,137,18,194,146,9,31,82,144,121,162,171,149,193,78,98,39,94,46,155,17,21,108,159,109,135,48,106,65,87,13,95,152,22,133,75,172,79,117,102,110,177,40,179,58,161,182,36,195,83,158,54,119,72,71,23,5,141,19,184,70,104,92,160,];False
5720;8086;13806;[198,174,190,32,189,130,6,61,38,163,199,49,12,185,167,15,16,156,147,115,145,150,20,56,176,3,157,183,37,138,126,196,1,74,34,35,93,28,8,154,166,113,188,55,44,45,131,112,68,123,50,86,52,91,69,88,53,59,11,57,132,7,175,62,120,89,2,67,48,63,29,164,4,73,41,114,47,165,153,26,77,60,24,0,84,85,66,118,124,51,90,191,197,168,14,187,128,27,178,33,100,111,122,151,139,105,180,107,186,30,64,96,76,134,99,173,116,10,42,80,169,142,97,81,25,125,192,127,101,129,43,181,148,170,103,143,136,137,18,194,146,9,31,82,144,121,162,171,149,193,78,98,39,94,46,155,17,21,108,159,109,135,140,106,65,87,13,95,152,22,133,75,172,79,117,102,110,177,40,179,58,161,182,36,195,83,158,54,119,72,71,23,5,141,19,184,70,104,92,160,];False
5683;8123;13806;[198,174,190,32,189,130,6,61,38,163,199,49,12,185,167,15,16,4,147,196,145,150,20,56,176,3,157,183,37,138,126,115,1,74,34,35,93,28,8,154,166,113,188,55,44,45,131,112,68,123,50,86,52,91,69,88,53,59,11,57,132,7,175,62,120,89,2,67,27,63,29,164,156,73,41,114,47,165,153,26,77,60,24,0,84,85,66,118,124,51,90,191,197,168,14,187,128,48,178,33,100,111,122,151,139,105,180,107,148,30,64,96,76,134,99,173,116,10,42,80,169,142,97,81,25,125,192,127,101,129,43,181,186,170,103,143,136,137,18,194,146,9,31,82,144,121,162,171,149,193,78,98,39,94,46,155,17,21,108,159,109,135,140,106,65,87,13,95,152,22,133,75,172,79,117,102,110,177,40,179,58,161,182,36,195,83,158,54,119,72,71,23,5,141,19,184,70,104,92,160,];False
5684;8120;13804;[198,174,190,32,189,130,6,61,38,163,199,49,12,185,167,15,16,156,147,196,192,150,20,23,176,3,157,183,37,138,126,115,1,74,34,35,93,28,8,154,166,46,188,55,44,45,131,112,68,123,50,86,52,91,69,88,53,59,11,57,132,7,175,62,120,89,2,67,48,63,29,164,4,73,41,114,47,165,153,26,77,60,24,0,84,85,66,118,124,51,90,191,197,168,14,187,128,27,36,33,100,111,122,151,139,105,180,107,186,30,64,96,76,134,99,173,116,10,42,80,169,142,97,81,25,125,145,127,101,129,43,181,148,133,103,143,136,137,18,194,146,9,31,82,144,121,162,171,149,193,78,98,39,94,113,155,17,21,108,159,109,135,140,106,65,87,13,95,152,22,170,75,172,79,117,102,110,177,40,179,58,161,182,178,195,83,158,54,119,72,71,56,5,141,19,184,70,104,92,160,];False
5702;8099;13801;[198,174,34,32,189,130,6,61,38,163,199,49,12,185,167,15,16,156,147,196,192,150,20,56,176,3,157,183,37,138,126,115,1,74,190,35,93,28,8,154,166,113,188,55,44,45,131,112,68,123,50,86,52,91,69,88,53,59,11,57,132,7,175,62,120,89,2,67,48,63,29,164,4,73,41,114,47,165,153,26,77,60,24,0,84,85,66,118,124,51,90,191,197,168,14,187,128,27,178,33,100,111,122,151,139,105,180,107,186,30,64,96,76,134,99,173,116,10,42,80,169,142,97,81,25,125,145,127,101,129,43,181,148,170,103,143,136,137,18,194,146,9,31,82,144,121,162,171,149,193,78,98,39,94,46,155,17,21,108,159,109,135,140,106,65,87,13,95,152,22,133,75,172,79,117,102,110,177,40,179,58,161,182,36,195,83,158,54,119,72,71,23,5,141,19,184,70,104,92,160,];False
5742;8055;13797;[198,174,190,32,189,130,6,61,38,163,199,49,12,185,167,15,16,156,147,196,192,150,20,56,176,3,157,183,37,138,126,115,1,74,34,35,93,28,8,154,166,113,188,55,44,45,131,112,68,123,50,86,52,91,69,88,53,59,11,57,132,7,175,62,120,89,36,67,48,63,29,164,4,73,41,114,47,165,153,26,77,60,24,0,84,85,66,118,124,51,90,191,197,168,14,187,128,27,178,33,100,111,122,151,139,105,180,107,186,30,64,96,76,134,99,173,116,10,42,80,169,142,97,81,25,125,145,127,101,129,43,181,148,170,103,143,136,137,18,194,146,9,31,82,144,121,162,171,149,193,78,98,39,94,46,155,17,21,108,159,109,135,140,106,65,87,13,95,152,22,133,75,172,79,117,102,110,177,40,179,58,161,182,2,195,83,158,54,119,72,71,23,5,141,19,184,70,104,92,160,];False
5677;8120;13797;[198,174,190,32,189,130,6,61,38,163,199,49,12,185,167,15,16,156,147,196,192,150,20,56,176,3,157,183,37,138,126,115,1,74,34,35,93,28,8,154,166,113,188,55,44,45,131,112,68,123,50,86,52,91,69,88,53,59,11,57,132,7,175,62,120,89,2,67,48,63,29,164,4,172,41,114,47,165,153,26,77,60,24,0,84,85,66,118,124,51,90,191,197,168,14,187,128,27,178,33,100,111,122,151,139,105,180,107,186,30,64,96,76,134,99,173,116,10,42,80,169,142,97,81,25,125,145,127,101,129,43,181,148,170,103,143,136,137,18,194,146,9,31,82,144,121,162,171,149,193,78,98,39,94,46,155,17,21,108,159,109,135,140,106,65,87,13,95,152,22,133,75,73,79,117,102,110,177,40,179,58,161,182,36,195,83,158,54,119,72,71,23,5,141,19,184,70,104,92,160,];False
5539;8257;13796;[198,174,190,32,189,130,6,38,61,163,199,49,12,112,167,15,16,4,147,196,145,150,20,56,176,3,157,183,37,138,126,115,1,74,34,35,93,28,8,154,166,113,188,55,44,45,131,185,68,123,50,86,52,91,69,88,53,59,11,57,132,7,175,62,120,89,2,67,48,63,90,164,156,73,41,114,47,165,153,26,77,60,24,0,84,85,66,118,124,51,29,191,197,168,14,187,128,27,178,33,100,111,122,151,139,105,180,107,148,30,31,96,76,134,99,173,116,10,42,80,169,142,97,81,25,125,192,127,101,129,43,181,186,170,103,143,136,137,18,194,146,9,64,82,144,121,162,171,149,193,78,98,39,94,46,155,17,21,108,159,109,135,140,106,65,87,13,95,152,22,133,75,172,79,117,102,110,177,40,179,58,161,182,36,195,83,158,54,119,72,71,23,5,141,19,184,70,104,92,160,];False
5629;8167;13796;[198,174,190,32,189,130,6,38,61,163,199,49,12,112,167,15,16,4,147,196,145,150,20,56,176,3,157,183,37,138,126,115,1,74,34,35,93,28,8,154,166,113,188,55,44,45,131,185,68,123,50,86,52,91,69,88,53,59,11,57,132,7,48,62,120,89,2,67,175,63,90,164,156,73,41,114,47,165,153,26,77,60,24,0,84,85,66,118,124,51,29,191,197,168,14,187,128,27,178,33,100,111,122,151,139,105,180,107,148,30,64,96,76,134,99,173,116,10,42,80,169,142,97,81,25,125,192,127,101,129,43,181,186,170,103,143,136,137,18,194,146,9,31,82,144,121,162,171,149,193,78,98,39,94,46,155,17,21,108,159,109,135,140,106,65,87,13,95,152,22,133,75,172,79,117,102,110,177,40,179,58,161,182,36,195,83,158,54,119,72,71,23,5,141,19,184,70,104,92,160,];False
5683;8112;13795;[198,174,190,32,189,130,6,61,38,163,199,49,12,185,167,15,16,156,147,196,192,150,20,56,176,3,157,183,37,138,126,115,1,74,34,35,93,28,8,154,166,113,188,55,44,193,131,112,68,123,50,86,52,91,69,88,53,59,11,57,132,7,175,62,120,89,2,67,48,63,29,164,4,73,41,114,47,165,153,26,77,60,24,0,84,85,66,118,124,51,90,191,197,168,14,187,128,27,178,33,100,111,122,151,139,105,180,107,186,30,64,96,76,134,99,173,116,10,42,80,169,142,97,81,25,125,145,127,101,129,43,181,148,133,103,143,136,137,18,194,146,9,31,82,144,121,162,171,149,45,78,98,39,94,46,155,17,21,108,159,109,135,140,106,65,87,13,95,152,22,170,75,172,79,117,102,110,177,40,179,58,161,182,36,195,83,158,54,119,72,71,23,5,141,19,184,70,104,92,160,];False
5634;8160;13794;[198,174,190,32,189,130,6,61,38,163,199,49,12,185,167,15,16,156,147,196,192,150,20,23,176,3,157,183,37,138,126,115,1,74,34,35,93,28,8,154,166,46,188,55,44,45,131,112,68,123,50,86,52,91,69,88,53,59,11,57,132,7,175,62,120,89,2,67,48,63,29,164,4,73,41,114,47,165,153,26,77,60,24,0,84,85,66,118,124,51,90,56,197,168,14,187,128,27,36,33,100,111,122,151,139,105,180,107,186,30,64,96,76,134,99,173,116,10,42,80,169,142,97,81,25,125,145,127,101,129,43,181,148,133,103,143,136,137,18,194,146,9,31,82,144,121,162,171,149,193,78,98,39,94,113,155,17,21,108,159,109,135,140,106,65,87,13,95,152,22,170,75,172,79,117,102,110,177,40,179,58,161,182,178,195,83,158,54,119,72,71,191,5,141,19,184,70,104,92,160,];False
5699;8093;13792;[198,174,190,32,189,130,6,61,38,163,199,49,12,185,167,15,16,156,147,196,192,150,20,56,176,3,157,183,37,138,126,115,1,74,34,35,93,28,8,154,166,113,188,55,44,45,131,112,68,123,50,86,52,91,69,88,53,59,11,57,132,7,175,62,120,89,2,67,48,63,29,164,4,73,41,114,47,165,153,26,77,60,24,0,84,85,66,118,124,51,90,191,197,168,14,187,128,27,178,33,100,111,122,151,139,105,180,107,186,30,64,96,76,134,99,173,116,10,42,80,169,142,97,81,25,125,145,127,101,129,43,181,148,170,103,143,136,137,18,194,146,9,31,82,144,121,162,171,149,193,78,98,39,94,46,155,17,21,108,159,109,135,140,106,65,87,13,95,152,22,133,75,172,79,117,102,110,177,40,179,58,161,182,36,158,83,195,54,119,72,71,23,5,141,19,184,70,104,92,160,];False
5672;8119;13791;[198,174,190,32,189,130,6,61,38,163,199,49,12,185,167,15,16,156,147,196,145,150,20,56,176,3,157,183,37,138,126,115,1,74,34,35,93,28,8,154,166,113,188,55,44,45,131,112,68,123,50,86,52,91,69,88,53,59,11,57,132,7,175,62,120,89,2,67,48,63,29,164,4,73,41,114,47,165,153,26,77,60,24,0,84,85,66,118,124,51,90,191,197,168,14,187,128,27,178,33,100,111,122,151,139,105,180,107,186,30,64,96,76,134,99,173,116,10,42,80,169,119,97,81,25,125,192,127,101,129,43,181,148,170,103,143,136,137,18,194,146,9,31,82,144,121,162,171,149,193,78,98,39,94,46,155,17,21,108,159,109,135,140,106,65,87,13,95,152,22,133,75,172,79,117,102,110,177,40,179,58,161,182,36,195,83,158,54,142,72,71,23,5,141,19,184,70,104,92,160,];False
5579;8212;13791;[198,174,190,32,189,130,6,61,38,163,199,49,73,185,167,15,16,4,147,196,145,150,20,56,176,3,157,183,37,138,126,115,1,74,34,35,93,28,8,154,166,113,188,55,44,45,131,112,68,123,50,86,52,91,69,88,53,59,11,57,132,7,175,62,120,89,2,67,48,63,29,164,156,12,41,114,47,165,153,26,77,60,24,0,84,85,66,118,124,51,90,191,197,168,14,187,128,27,178,33,100,111,122,151,139,105,180,107,148,30,64,96,76,134,99,173,116,10,42,80,169,142,97,81,25,125,192,127,101,129,43,181,186,170,103,143,136,137,18,194,146,9,31,82,144,121,162,171,149,193,78,98,39,94,46,155,17,21,108,159,109,135,140,106,65,87,13,95,152,22,133,75,172,79,117,102,110,177,40,179,58,161,182,36,195,83,158,54,119,72,71,23,5,141,19,184,70,104,92,160,];False
5687;8103;13790;[198,174,190,32,189,130,6,61,38,163,199,49,12,185,167,15,16,156,147,196,192,150,20,56,176,3,157,183,37,138,126,115,1,74,34,35,93,28,8,154,166,113,188,55,44,45,131,112,68,123,50,86,52,91,69,88,53,59,11,57,132,7,175,62,120,89,2,67,48,63,29,164,4,73,41,114,47,165,134,26,77,60,24,0,84,85,66,118,124,51,90,191,197,168,14,187,128,27,178,33,100,111,122,151,139,105,180,107,186,30,64,96,76,153,99,173,116,10,42,80,169,142,97,81,25,125,145,127,101,129,43,181,148,170,103,143,136,137,18,194,146,9,31,82,144,121,162,171,149,193,78,98,39,94,46,155,17,21,108,159,109,135,140,106,65,87,13,95,152,22,133,75,172,79,117,102,110,177,40,179,58,161,182,36,195,83,158,54,119,72,71,23,5,141,19,184,70,104,92,160,];False
5641;8149;13790;[198,174,190,32,189,130,6,61,38,163,199,49,12,185,167,15,16,156,147,196,192,150,20,23,176,3,157,183,37,138,126,115,1,74,34,35,93,28,8,154,166,46,188,55,44,45,131,112,68,123,50,86,52,91,69,88,53,59,11,57,132,7,175,62,120,89,2,67,48,63,29,164,4,73,41,114,47,165,153,26,77,60,24,0,84,85,66,118,124,51,90,191,197,168,14,187,128,27,36,33,100,111,122,151,139,105,180,107,186,30,64,96,76,134,99,173,116,10,42,80,169,142,97,81,25,127,145,125,101,129,43,181,148,133,103,143,136,137,18,194,146,9,31,82,144,121,162,171,149,193,78,98,39,94,113,155,17,21,108,159,109,135,140,106,65,87,13,95,152,22,170,75,172,79,117,102,110,177,40,179,58,161,182,178,195,83,158,54,119,72,71,56,5,141,19,184,70,104,92,160,];False
5677;8110;13787;[198,174,190,32,189,130,6,61,38,163,199,49,12,185,167,15,16,156,147,196,192,150,20,56,176,3,157,183,37,138,126,115,1,74,34,35,93,28,8,154,166,113,188,55,44,45,131,112,68,123,50,86,52,91,69,88,53,59,11,57,132,7,175,62,120,30,2,67,48,63,29,164,4,73,41,114,47,165,153,26,77,60,24,0,84,85,66,118,124,51,90,191,197,168,14,187,128,27,178,33,100,111,122,151,139,105,180,107,186,89,64,96,76,134,99,173,116,10,42,80,169,142,97,81,25,125,145,127,101,129,43,181,148,170,103,143,136,137,18,194,146,9,31,82,144,121,162,171,149,193,78,98,39,94,46,155,17,21,108,159,109,135,140,106,65,87,13,95,152,22,133,75,172,79,117,102,110,177,40,179,58,161,182,36,195,83,158,54,119,72,71,23,5,141,19,184,70,104,92,160,];False
5679;8107;13786;[198,174,190,32,189,130,6,61,38,163,199,49,12,185,167,15,16,156,147,196,192,150,20,56,176,3,157,183,37,138,126,115,1,74,34,35,93,28,8,154,166,113,188,55,44,45,131,112,68,123,50,86,52,91,69,88,53,59,11,57,36,7,175,62,120,89,2,67,48,63,29,164,4,73,41,114,47,165,153,26,77,60,24,0,84,85,66,118,124,51,90,191,197,168,14,187,128,27,178,33,100,111,122,151,139,105,180,107,186,30,64,96,76,134,99,173,116,10,42,80,169,142,97,81,25,125,145,127,101,129,43,181,148,133,103,143,136,137,18,194,146,9,31,82,144,121,162,171,149,193,78,98,39,94,46,155,17,21,108,159,109,135,140,106,65,87,13,95,152,22,170,75,172,79,117,102,110,177,40,179,58,161,182,132,195,83,158,54,119,72,71,23,5,141,19,184,70,104,92,160,];False
5707;8079;13786;[198,174,190,32,189,130,6,61,38,163,199,49,12,185,167,15,16,4,147,196,145,150,20,56,176,3,157,183,37,138,126,115,1,74,34,35,93,28,8,154,166,113,188,55,44,45,131,112,68,123,50,86,52,91,69,88,53,59,165,57,132,7,175,62,120,89,2,67,48,63,29,164,156,73,41,114,47,11,153,26,77,60,24,0,84,85,66,118,124,51,90,191,197,168,14,187,128,27,178,33,100,111,122,151,139,105,180,107,186,30,64,96,76,134,99,173,116,10,42,80,169,142,97,81,25,125,192,127,101,129,43,181,148,170,103,143,136,137,18,194,146,9,31,82,144,121,162,171,149,193,78,98,39,94,46,155,17,21,108,159,109,135,140,106,65,87,13,95,152,22,133,75,172,79,117,102,110,177,40,179,58,161,182,36,195,83,158,54,119,72,71,23,5,141,19,184,70,104,92,160,];False
5646;8140;13786;[198,174,190,32,189,130,6,77,38,163,199,49,12,185,167,15,16,156,147,196,192,150,20,23,176,3,157,183,37,138,126,115,1,74,34,35,93,28,8,154,166,46,188,55,44,45,131,112,68,123,50,86,52,91,69,88,53,59,11,57,132,7,175,62,120,89,2,67,48,63,29,164,4,73,41,114,47,165,153,26,61,60,24,0,84,85,66,118,124,51,90,191,197,168,14,187,128,27,36,33,100,111,122,151,139,105,180,107,186,30,64,96,76,134,99,173,116,10,42,80,169,142,97,81,25,125,145,127,101,129,43,181,148,133,103,143,136,137,18,194,146,9,31,82,144,121,162,171,149,193,78,98,39,94,113,155,17,21,108,159,109,135,140,106,65,87,13,95,152,22,170,75,172,79,117,102,110,177,40,179,58,161,182,178,195,83,158,54,119,72,71,56,5,141,19,184,70,104,92,160,];False
5700;8086;13786;[198,174,190,32,189,130,6,61,38,84,199,49,12,185,167,15,16,156,147,196,192,150,20,56,176,3,157,183,37,138,126,115,1,74,34,35,93,28,8,154,166,113,188,55,44,45,131,112,68,123,50,86,52,91,69,88,53,59,11,57,132,7,175,62,120,89,2,67,48,63,29,164,4,73,41,114,47,165,153,26,77,60,24,0,163,85,66,118,124,51,90,191,197,168,14,187,128,27,178,33,100,111,122,151,139,105,180,107,186,30,64,96,76,134,99,173,116,10,42,80,169,142,97,81,25,125,145,127,101,129,43,181,148,170,103,143,136,137,18,194,146,9,31,82,144,121,162,171,149,193,78,98,39,94,46,155,17,21,108,159,109,135,140,106,65,87,13,95,152,22,133,75,172,79,117,102,110,177,40,179,58,161,182,36,195,83,158,54,119,72,71,23,5,141,19,184,70,104,92,160,];False
5684;8100;13784;[198,174,190,32,189,130,6,61,38,163,199,49,12,185,167,15,16,4,147,196,145,150,20,56,176,3,157,183,37,138,126,115,1,74,34,35,93,28,8,154,166,113,188,55,44,45,131,112,68,123,50,86,52,91,69,186,53,59,11,57,132,7,175,62,120,89,2,67,48,63,29,164,156,73,41,114,47,165,153,26,77,60,24,0,84,85,66,118,124,51,90,191,197,168,14,187,128,27,178,33,100,111,122,151,139,105,180,107,88,30,64,96,76,134,99,173,116,10,42,80,169,142,97,81,25,125,192,127,101,129,43,181,148,170,103,143,136,137,18,194,146,9,31,82,144,121,162,171,149,193,78,98,39,94,46,155,17,21,108,159,109,135,140,106,65,87,13,95,152,22,133,75,172,79,117,102,110,177,40,179,58,161,182,36,195,83,158,54,119,72,71,23,5,141,19,184,70,104,92,160,];False
5665;8118;13783;[198,174,190,32,189,130,6,38,61,163,199,49,12,112,167,15,16,4,147,196,145,150,20,56,176,3,157,183,37,138,126,115,1,74,34,35,93,28,8,154,166,113,188,55,44,45,131,185,68,123,50,86,52,91,69,88,53,59,11,57,132,7,175,25,120,89,2,67,48,63,29,164,156,73,41,114,47,165,153,26,77,60,24,0,84,85,66,118,124,51,90,191,197,168,14,187,128,27,178,33,100,111,122,151,139,105,180,107,148,30,64,96,76,134,99,173,116,10,42,80,169,142,97,81,62,125,192,127,101,129,43,181,186,170,103,143,136,137,18,194,146,9,31,82,144,121,162,171,149,193,78,98,39,94,46,155,17,21,108,159,109,135,140,106,65,87,13,95,152,22,133,75,172,79,117,102,110,177,40,179,58,161,182,36,195,83,158,54,119,72,71,23,5,141,19,184,70,104,92,160,];False
5700;8081;13781;[198,174,190,32,189,130,6,61,38,163,199,49,12,185,167,15,16,156,147,196,192,150,20,56,176,3,157,183,37,138,126,115,1,74,34,35,93,28,8,154,166,113,188,55,44,45,131,112,68,123,50,86,52,91,69,88,53,59,11,57,132,7,175,62,120,89,2,67,48,63,29,164,4,73,41,114,47,165,153,26,77,60,24,0,84,85,105,118,124,51,90,191,197,168,14,187,128,27,178,33,100,111,122,151,139,66,180,107,186,30,64,96,76,134,99,173,116,10,42,80,169,142,97,81,25,125,145,127,101,129,43,181,148,170,103,143,136,137,18,194,146,9,31,82,144,121,162,171,149,193,78,98,39,94,46,155,17,21,108,159,109,135,140,106,65,87,13,95,152,22,133,75,172,79,117,102,110,177,40,179,58,161,182,36,195,83,158,54,119,72,71,23,5,141,19,184,70,104,92,160,];False
5661;8120;13781;[198,174,190,32,189,130,6,61,38,163,199,49,12,185,167,15,16,4,147,196,145,150,20,56,176,3,157,183,37,138,126,115,1,74,34,35,93,28,8,154,166,113,188,55,44,45,131,112,68,123,50,86,52,91,69,88,53,59,11,57,132,7,175,62,120,89,2,67,48,63,29,164,180,73,41,114,47,165,153,26,77,60,24,0,84,85,66,118,124,51,90,191,197,168,14,187,128,27,178,33,100,111,122,151,139,105,156,107,186,30,64,96,76,134,99,173,116,10,42,80,169,142,97,81,25,125,192,127,101,129,43,181,148,170,103,143,136,137,18,194,146,9,31,82,144,121,162,171,149,193,78,98,39,94,46,155,17,21,108,159,109,135,140,106,65,87,13,95,152,22,133,75,172,79,117,102,110,177,40,179,58,161,182,36,195,83,158,54,119,72,71,23,5,141,19,184,70,104,92,160,];False
5675;8105;13780;[198,174,190,32,189,130,6,35,38,163,199,49,12,185,167,15,16,156,147,196,192,150,20,56,176,3,157,183,37,138,126,115,1,74,34,61,93,28,8,154,166,113,188,55,44,45,131,112,68,123,50,86,52,91,69,88,53,59,11,57,132,7,175,62,120,89,2,67,48,63,29,164,4,73,41,114,47,165,153,26,77,60,24,0,84,85,66,118,124,51,90,191,197,168,14,187,128,27,178,33,100,111,122,151,139,105,180,107,186,30,64,96,76,134,99,173,116,10,42,80,169,142,97,81,25,125,145,127,101,129,43,181,148,133,103,143,136,137,18,194,146,9,31,82,144,121,162,171,149,193,78,98,39,94,46,155,17,21,108,159,109,135,140,106,65,87,13,95,152,22,170,75,172,79,117,102,110,177,40,179,58,161,182,36,195,83,158,54,119,72,71,23,5,141,19,184,70,104,92,160,];False
5695;8085;13780;[198,174,190,32,189,130,6,61,38,163,199,49,12,185,167,15,16,156,147,196,192,150,20,56,176,3,157,183,37,138,126,115,1,74,34,35,93,28,8,154,166,113,188,55,44,45,131,112,68,123,50,86,52,91,69,88,53,59,11,57,132,7,175,62,120,89,2,67,48,63,29,164,4,73,41,114,47,165,153,26,77,60,24,0,84,85,66,118,124,51,90,148,197,168,14,187,128,27,178,33,100,111,122,151,139,105,180,107,186,30,64,96,76,134,99,173,116,10,42,80,169,142,97,81,25,125,145,127,101,129,43,181,191,170,103,143,136,137,18,194,146,9,31,82,144,121,162,171,149,193,78,98,39,94,46,155,17,21,108,159,109,135,140,106,65,87,13,95,152,22,133,75,172,79,117,102,110,177,40,179,58,161,182,36,195,83,158,54,119,72,71,23,5,141,19,184,70,104,92,160,];False
5613;8165;13778;[198,174,190,32,189,130,6,61,38,163,199,49,12,185,167,15,16,156,147,196,192,150,20,56,176,3,157,79,37,138,126,115,1,74,34,35,93,28,8,154,166,113,188,55,44,45,131,112,68,123,50,86,52,91,69,88,53,59,11,57,132,7,175,62,120,89,2,67,48,63,29,164,4,73,41,114,47,165,153,26,77,60,24,0,84,85,66,118,124,51,90,191,197,168,14,187,128,27,178,33,100,111,122,151,139,105,180,107,186,30,64,96,76,134,99,173,116,10,42,80,169,142,97,81,25,125,145,127,101,129,43,181,148,170,103,143,136,137,18,194,146,9,31,82,144,121,162,171,149,193,78,98,39,94,46,155,17,21,108,159,109,135,140,106,65,87,13,95,152,22,133,75,172,183,117,102,110,177,40,179,58,161,182,36,195,83,158,54,119,72,71,23,5,141,19,184,70,104,92,160,];False
5725;8053;13778;[198,174,190,32,189,130,6,61,38,163,199,49,12,175,167,15,16,156,147,196,192,150,20,56,176,3,157,183,37,138,126,115,1,74,34,35,93,28,8,154,166,113,188,55,44,45,131,112,68,123,50,86,52,91,69,88,53,59,11,57,132,7,185,62,120,89,2,67,48,63,29,164,4,73,41,114,47,165,153,26,77,60,24,0,84,85,66,118,124,51,90,191,197,168,14,187,128,27,178,33,100,111,122,151,139,105,180,107,186,30,64,96,76,134,99,173,116,10,42,80,169,142,97,81,25,125,145,127,101,129,43,181,148,170,103,143,136,137,18,194,146,9,31,82,144,121,162,171,149,193,78,98,39,94,46,155,17,21,108,159,109,135,140,106,65,87,13,95,152,22,133,75,172,79,117,102,110,177,40,179,58,161,182,36,195,83,158,54,119,72,71,23,5,141,19,184,70,104,92,160,];False
5664;8110;13774;[198,174,190,32,189,130,6,61,38,163,199,49,12,185,167,15,16,156,147,196,192,150,20,56,33,3,157,183,37,138,126,115,1,74,34,35,93,28,8,154,166,113,188,55,44,45,131,112,68,123,50,86,52,91,69,88,53,59,11,57,132,7,175,62,120,89,2,67,48,63,29,164,4,73,41,114,47,165,153,26,77,60,24,0,84,85,66,118,124,51,90,191,197,168,14,187,128,27,178,176,100,111,122,151,139,105,180,107,186,30,64,96,76,134,99,173,116,10,42,80,169,142,97,81,25,125,145,127,101,129,43,181,148,133,103,143,136,137,18,194,146,9,31,82,144,121,162,171,149,193,78,98,39,94,46,155,17,21,108,159,109,135,140,106,65,87,13,95,152,22,170,75,172,79,117,102,110,177,40,179,58,161,182,36,195,83,158,54,119,72,71,23,5,141,19,184,70,104,92,160,];False
5698;8073;13771;[198,174,190,32,189,130,6,61,38,163,199,49,12,185,167,15,16,156,147,196,192,150,20,56,176,3,157,183,37,138,126,115,1,74,34,35,93,28,8,154,166,113,188,55,44,45,131,112,68,123,50,86,52,91,69,88,53,59,11,57,132,7,175,62,120,89,2,67,48,63,29,164,4,73,41,114,47,165,153,26,77,60,24,0,84,85,66,118,124,51,90,191,197,168,14,187,128,27,178,33,100,111,122,151,139,105,180,107,186,179,64,96,76,134,99,173,116,10,42,80,169,142,97,81,25,125,145,127,101,129,43,181,148,170,103,143,136,137,18,194,146,9,31,82,144,121,162,171,149,193,78,98,39,94,46,155,17,21,108,159,109,135,140,106,65,87,13,95,152,22,133,75,172,79,117,102,110,177,40,30,58,161,182,36,195,83,158,54,119,72,71,23,5,141,19,184,70,104,92,160,];False
5652;8118;13770;[198,174,190,32,189,130,6,61,38,163,199,49,1,185,167,15,16,156,147,196,145,150,20,56,176,3,157,183,37,138,126,115,12,74,34,35,93,28,8,154,166,113,188,55,44,45,131,112,68,123,50,86,52,91,69,88,53,59,11,57,132,7,175,62,120,89,2,67,48,63,29,164,4,73,41,114,47,165,153,26,77,60,24,0,84,85,66,118,124,51,90,191,197,168,14,187,128,27,178,33,100,111,122,151,139,105,180,107,186,30,64,96,76,134,99,173,116,10,42,80,169,142,97,81,25,125,192,127,101,129,43,181,148,170,103,143,136,137,18,194,146,9,31,82,144,121,162,171,149,193,78,98,39,94,46,155,17,21,108,159,109,135,140,106,65,87,13,95,152,22,133,75,172,79,117,102,110,177,40,179,58,161,182,36,195,83,158,54,119,72,71,23,5,141,19,184,70,104,92,160,];False
5624;8145;13769;[198,174,190,32,189,130,6,61,38,163,199,49,12,185,167,15,16,156,147,196,145,150,20,56,176,3,157,112,37,138,126,115,1,74,34,35,93,28,8,154,166,113,188,55,44,45,131,183,68,123,50,86,52,91,69,88,53,59,11,57,132,7,175,62,120,89,2,67,48,63,29,164,4,73,41,114,47,165,153,26,77,60,24,0,84,85,66,118,124,51,90,191,197,168,14,187,128,27,178,33,100,111,122,151,139,105,180,107,186,30,64,96,76,134,99,173,116,10,42,80,169,142,97,81,25,125,192,127,101,129,43,181,148,170,103,143,136,137,18,194,146,9,31,82,144,121,162,171,149,193,78,98,39,94,46,155,17,21,108,159,109,135,140,106,65,87,13,95,152,22,133,75,172,79,117,102,110,177,40,179,58,161,182,36,195,83,158,54,119,72,71,23,5,141,19,184,70,104,92,160,];False
5682;8084;13766;[198,174,190,32,189,130,6,15,38,163,199,49,12,185,167,61,16,156,147,196,192,150,20,56,176,3,157,183,37,138,126,115,1,74,34,35,93,28,8,154,166,113,188,55,44,45,131,112,68,123,50,86,52,91,69,88,53,59,11,57,132,7,175,62,120,89,2,67,48,63,29,164,4,73,41,114,47,165,153,26,77,60,24,0,84,85,66,118,124,51,90,191,197,168,14,187,128,27,178,33,100,111,122,151,139,105,180,107,186,30,64,96,76,134,99,173,116,10,42,80,169,142,97,81,25,125,145,127,101,129,43,181,148,170,103,143,136,137,18,194,146,9,31,82,144,121,162,171,149,193,78,98,39,94,46,155,17,21,108,159,109,135,140,106,65,87,13,95,152,22,133,75,172,79,117,102,110,177,40,179,58,161,182,36,195,83,158,54,119,72,71,23,5,141,19,184,70,104,92,160,];False
5644;8120;13764;[198,174,190,32,189,130,6,61,38,163,199,49,12,185,167,15,16,4,147,196,145,150,20,56,176,3,157,183,37,138,126,115,1,74,89,35,93,28,8,154,166,113,188,55,44,45,131,112,68,123,50,86,52,91,69,88,53,59,11,57,132,7,175,62,120,34,2,67,48,63,29,164,156,73,41,114,47,165,153,26,77,60,24,0,84,85,66,118,124,51,90,191,197,168,14,187,128,27,178,33,100,111,122,151,139,105,180,107,186,30,64,96,76,134,99,173,116,10,42,80,169,142,97,81,25,125,192,127,101,129,43,181,148,170,103,143,136,137,18,194,146,9,31,82,144,121,162,171,149,193,78,98,39,94,46,155,17,21,108,159,109,135,140,106,65,87,13,95,152,22,133,75,172,79,117,102,110,177,40,179,58,161,182,36,195,83,158,54,119,72,71,23,5,141,19,184,70,104,92,160,];False
5674;8089;13763;[198,174,190,32,189,130,6,61,38,163,199,49,12,185,167,15,16,156,147,196,192,150,20,56,176,3,157,183,37,138,126,115,1,74,34,35,93,28,8,154,166,113,188,55,44,45,131,112,68,123,50,86,52,91,69,88,53,59,11,57,132,7,175,62,120,89,2,67,48,63,29,164,4,73,41,114,47,165,153,26,77,60,24,0,84,85,66,118,124,51,90,191,197,168,14,187,128,27,178,33,100,111,122,151,139,105,180,107,186,30,64,96,76,134,99,173,116,10,42,80,169,142,97,81,25,125,145,127,101,129,43,181,148,170,103,143,136,137,18,194,146,9,31,82,144,121,162,171,149,193,78,98,39,94,46,155,17,21,108,159,109,135,140,106,65,87,13,95,152,22,133,75,172,79,36,102,110,177,40,179,58,161,182,117,195,83,158,54,119,72,71,23,5,141,19,184,70,104,92,160,];False
5614;8143;13757;[198,174,190,32,189,130,6,123,38,163,199,49,12,185,167,15,16,4,147,196,145,150,20,56,176,3,157,183,37,138,126,115,1,74,34,35,93,28,8,154,166,113,188,55,44,45,131,112,68,61,50,86,52,91,69,88,53,59,11,57,132,7,175,62,120,89,2,67,48,63,29,164,156,73,41,114,47,165,153,26,77,60,24,0,84,85,66,118,124,51,90,191,197,168,14,187,128,27,178,33,100,111,122,151,139,105,180,107,186,30,64,96,76,134,99,173,116,10,42,80,169,142,97,81,25,125,192,127,101,129,43,181,148,170,103,143,136,137,18,194,146,9,31,82,144,121,162,171,149,193,78,98,39,94,46,155,17,21,108,159,109,135,140,106,65,87,13,95,152,22,133,75,172,79,117,102,110,177,40,179,58,161,182,36,195,83,158,54,119,72,71,23,5,141,19,184,70,104,92,160,];False
5657;8097;13754;[198,174,190,32,189,130,6,38,61,163,199,49,12,112,167,15,16,4,147,196,145,150,20,56,176,3,157,183,37,104,126,115,1,74,34,35,93,28,8,154,166,113,188,55,44,45,131,185,68,123,50,86,52,91,69,88,53,59,11,57,132,7,175,62,120,89,2,67,48,63,29,164,156,73,41,114,47,165,153,26,77,60,24,0,84,85,66,118,124,51,90,191,197,168,14,187,128,27,178,33,100,111,122,151,139,105,180,107,148,30,64,96,76,134,99,173,116,10,42,80,169,142,97,81,25,125,192,127,101,129,43,181,186,170,103,143,136,137,18,194,146,9,31,82,144,121,162,171,149,193,78,98,39,94,46,155,17,21,108,159,109,135,140,106,65,87,13,95,152,22,133,75,172,79,117,102,110,177,40,179,58,161,182,36,195,83,158,54,119,72,71,23,5,141,19,184,70,138,92,160,];False
5593;8157;13750;[198,174,190,32,189,130,6,61,38,163,199,49,12,185,167,15,16,156,147,196,192,150,20,56,176,3,157,183,37,138,126,115,1,74,34,35,93,28,8,154,166,46,188,55,44,106,131,112,68,123,50,86,52,91,69,88,53,59,11,57,132,7,175,62,120,89,2,67,48,63,29,164,4,73,41,114,47,165,153,26,77,60,24,0,84,85,66,118,124,51,90,191,197,168,14,187,128,27,36,33,100,111,122,151,139,105,180,107,186,30,64,96,76,134,99,173,116,10,42,80,169,142,97,81,25,125,145,127,101,129,43,181,148,133,103,143,136,137,18,194,146,9,31,82,144,121,162,171,149,193,78,98,39,94,113,155,17,21,108,159,109,135,140,45,65,87,13,95,152,22,170,75,172,79,117,102,110,177,40,179,58,161,182,178,195,83,158,54,119,72,71,23,5,141,19,184,70,104,92,160,];False
5683;8065;13748;[198,174,190,32,189,130,6,61,38,163,199,49,12,185,167,15,16,156,147,196,192,150,20,56,176,3,157,183,37,138,126,115,1,74,34,35,93,28,8,154,166,113,188,55,44,45,131,112,68,123,50,86,52,91,69,88,53,59,11,57,132,7,175,62,120,89,2,67,48,63,29,164,4,73,41,114,47,165,153,26,77,60,24,0,84,85,66,118,124,51,90,191,197,168,14,187,128,27,178,33,100,111,122,151,139,105,180,107,186,30,64,96,76,134,99,173,116,10,42,80,169,142,97,81,25,125,145,127,101,129,43,181,148,170,103,143,136,137,18,194,146,9,31,82,144,121,162,171,149,193,78,98,39,94,46,155,17,21,108,159,109,135,140,106,65,87,13,95,152,172,133,75,22,79,117,102,110,177,40,179,58,161,182,36,195,83,158,54,119,72,71,23,5,141,19,184,70,104,92,160,];False
5618;8127;13745;[198,174,190,32,189,130,6,38,61,163,199,49,12,112,167,15,16,4,147,196,182,150,20,56,176,3,157,183,37,138,126,115,1,74,34,35,93,28,8,154,166,113,188,55,44,45,131,185,68,123,50,86,52,91,69,88,53,59,11,57,132,7,175,62,120,89,2,67,48,63,90,164,156,73,41,114,47,165,153,26,77,60,24,0,84,85,66,118,124,51,29,191,197,168,14,187,128,27,178,33,100,111,122,151,139,105,180,107,148,30,64,96,76,134,99,173,116,10,42,80,169,142,97,81,25,125,192,127,101,129,43,181,186,170,103,143,136,137,18,194,146,9,31,82,144,121,162,171,149,193,78,98,39,94,46,155,17,21,108,159,109,135,140,106,65,87,13,95,152,22,133,75,172,79,117,102,110,177,40,179,58,161,145,36,195,83,158,54,119,72,71,23,5,141,19,184,70,104,92,160,];False
5646;8092;13738;[198,174,190,32,189,130,6,61,38,163,199,49,12,185,167,15,16,156,147,196,145,150,20,56,176,3,157,183,37,138,126,115,1,74,34,35,93,28,8,154,166,113,188,55,44,45,131,112,68,123,50,86,52,91,69,88,53,59,11,57,132,7,175,62,120,89,2,67,48,63,29,164,4,73,41,114,47,165,153,26,77,60,24,0,84,85,66,118,124,51,90,191,197,168,14,187,128,27,178,33,100,111,122,151,139,105,180,107,186,30,64,96,76,134,99,173,116,10,42,80,169,142,97,78,25,125,192,127,101,129,43,181,148,170,103,143,136,137,18,194,146,9,31,82,144,121,162,171,149,193,81,98,39,94,46,155,17,21,108,159,109,135,140,106,65,87,13,95,152,22,133,75,172,79,117,102,110,177,40,179,58,161,182,36,195,83,158,54,119,72,71,23,5,141,19,184,70,104,92,160,];False
5622;8115;13737;[198,116,190,32,189,130,6,61,38,163,199,49,12,185,167,15,16,156,147,196,192,150,20,56,176,3,157,183,37,138,126,115,1,74,34,35,93,28,8,154,166,113,188,55,44,45,131,112,68,123,50,86,52,91,69,88,53,59,11,57,132,7,175,62,120,89,2,67,48,63,29,164,4,73,41,114,47,165,153,26,77,60,24,0,84,85,66,118,124,51,90,191,197,168,14,187,128,27,178,33,100,111,122,151,139,105,180,107,186,30,64,96,76,134,99,173,174,10,42,80,169,142,97,81,25,125,145,127,101,129,43,181,148,170,103,143,136,137,18,194,146,9,31,82,144,121,162,171,149,193,78,98,39,94,46,155,17,21,108,159,109,135,140,106,65,87,13,95,152,22,133,75,172,79,117,102,110,177,40,179,58,161,182,36,195,83,158,54,119,72,71,23,5,141,19,184,70,104,92,160,];False
5588;8149;13737;[198,174,190,32,189,130,6,61,38,163,199,49,12,185,167,15,16,156,147,196,192,150,20,56,176,3,157,183,37,138,126,115,1,74,34,35,93,28,8,154,166,46,188,55,44,45,131,112,68,123,50,86,52,91,69,88,53,59,11,57,132,7,175,62,120,89,2,67,48,63,29,164,4,73,41,114,47,165,153,26,77,60,24,0,84,85,66,118,124,51,90,191,197,168,14,187,128,27,36,33,100,111,122,151,139,105,180,107,186,30,64,96,76,134,99,173,116,10,42,80,169,142,97,81,25,125,145,127,101,129,43,181,148,133,103,143,136,137,18,194,146,9,31,82,144,121,162,171,149,193,78,98,39,94,113,155,17,21,108,159,109,135,140,106,65,87,13,95,152,22,170,75,172,79,117,102,110,177,40,179,58,161,182,178,195,83,158,54,119,72,71,23,5,141,19,184,70,104,92,160,];False
5640;8095;13735;[198,174,190,32,189,130,6,61,38,163,199,49,12,185,167,15,16,156,147,196,192,150,20,56,176,3,157,183,37,138,126,115,1,74,34,35,93,28,8,154,166,113,188,55,44,45,131,112,68,123,50,86,52,91,69,88,53,59,11,57,132,7,175,62,120,89,2,67,48,63,29,164,4,73,41,114,47,165,153,26,77,60,24,0,84,85,66,118,124,51,90,191,197,168,14,187,128,27,178,33,100,111,122,151,139,105,180,193,186,30,64,96,76,134,99,173,116,10,42,80,169,142,97,81,25,125,145,127,101,129,43,181,148,170,103,143,136,137,18,194,146,9,31,82,144,121,162,171,149,107,78,98,39,94,46,155,17,21,108,159,109,135,140,106,65,87,13,95,152,22,133,75,172,79,117,102,110,177,40,179,58,161,182,36,195,83,158,54,119,72,71,23,5,141,19,184,70,104,92,160,];False
5633;8101;13734;[198,174,190,32,189,130,6,38,61,163,199,49,12,112,167,15,16,4,147,196,145,150,20,56,176,3,157,183,37,138,126,115,1,74,34,35,93,28,8,154,166,113,188,55,44,45,131,185,68,123,50,86,52,91,69,88,175,59,11,57,132,7,53,62,120,89,2,67,48,63,29,164,156,73,41,114,47,165,153,26,77,60,24,0,84,85,66,118,124,51,90,191,197,168,14,187,128,27,178,33,100,111,122,151,139,105,180,107,148,30,64,96,76,134,99,173,116,10,42,80,169,142,97,81,25,125,192,127,101,129,43,181,186,170,103,143,136,137,18,194,146,9,31,82,144,121,162,171,149,193,78,98,39,94,46,155,17,21,108,159,109,135,140,106,65,87,13,95,152,22,133,75,172,79,117,102,110,177,40,179,58,161,182,36,195,83,158,54,119,72,71,23,5,141,19,184,70,104,92,160,];False
5609;8123;13732;[198,174,190,32,189,130,6,61,38,163,199,49,12,185,167,15,18,156,147,196,192,150,20,56,176,3,157,183,37,138,126,115,1,74,34,35,93,28,8,154,166,113,188,55,44,45,131,112,68,123,50,86,52,91,69,88,53,59,11,57,132,7,175,62,120,89,2,67,48,63,29,164,4,73,41,114,47,165,153,26,77,60,24,0,84,85,66,118,124,51,90,191,197,168,14,187,128,27,178,33,100,111,122,151,139,105,180,107,186,30,64,96,76,134,99,173,116,10,42,80,169,142,97,81,25,125,145,127,101,129,43,181,148,133,103,143,136,137,16,194,146,9,31,82,144,121,162,171,149,193,78,98,39,94,46,155,17,21,108,159,109,135,140,106,65,87,13,95,152,22,170,75,172,79,117,102,110,177,40,179,58,161,182,36,195,83,158,54,119,72,71,23,5,141,19,184,70,104,92,160,];False
5536;8195;13731;[198,174,190,32,189,130,6,38,61,163,199,49,12,112,167,15,16,4,147,196,145,150,20,56,176,3,157,183,37,138,126,115,1,74,34,35,93,28,8,154,166,113,188,55,44,45,131,185,68,123,50,86,52,91,69,88,53,59,11,57,132,7,175,62,120,89,2,67,48,63,29,164,156,73,41,114,47,165,153,26,77,60,24,0,84,85,66,118,124,51,90,191,197,168,14,187,128,27,178,33,100,111,122,151,139,105,180,107,148,30,116,96,76,134,99,173,64,10,42,80,169,142,97,81,25,125,192,127,101,129,43,181,186,170,103,143,136,137,18,194,146,9,31,82,144,121,162,171,149,193,78,98,39,94,46,155,17,21,108,159,109,135,140,106,65,87,13,95,152,22,133,75,172,79,117,102,110,177,40,179,58,161,182,36,195,83,158,54,119,72,71,23,5,141,19,184,70,104,92,160,];False
5587;8144;13731;[198,174,190,32,189,130,6,38,61,163,199,49,12,112,167,15,16,4,147,196,145,150,20,56,176,3,157,183,37,138,126,115,1,74,34,35,93,28,8,154,166,113,188,55,44,45,131,185,68,123,50,86,52,91,69,88,53,59,11,57,132,7,175,62,120,89,2,67,48,63,90,164,156,73,41,114,47,165,153,26,77,60,24,0,84,180,66,118,124,51,29,191,197,168,14,187,128,27,178,33,100,111,122,151,139,105,85,107,148,30,64,96,76,134,99,173,116,10,42,80,169,142,97,81,25,125,192,127,101,129,43,181,186,170,103,143,136,137,18,194,146,9,31,82,144,121,162,171,149,193,78,98,39,94,46,155,17,21,108,159,109,135,140,106,65,87,13,95,152,22,133,75,172,79,117,102,110,177,40,179,58,161,182,36,195,83,158,54,119,72,71,23,5,141,19,184,70,104,92,160,];False
5658;8072;13730;[198,174,190,32,189,130,6,61,150,163,199,49,12,185,167,15,16,156,147,196,145,38,20,56,176,3,157,183,37,138,126,115,1,74,34,35,93,28,8,154,166,113,188,55,44,45,131,112,68,123,50,86,52,91,69,88,53,59,11,57,132,7,175,62,120,89,2,67,48,63,29,164,4,73,41,114,47,165,153,26,77,60,24,0,84,85,66,118,124,51,90,191,197,168,14,187,128,27,178,33,100,111,122,151,139,105,180,107,186,30,64,96,76,134,99,173,116,10,42,80,169,142,97,81,25,125,192,127,101,129,43,181,148,170,103,143,136,137,18,194,146,9,31,82,144,121,162,171,149,193,78,98,39,94,46,155,17,21,108,159,109,135,140,106,65,87,13,95,152,22,133,75,172,79,117,102,110,177,40,179,58,161,182,36,195,83,158,54,119,72,71,23,5,141,19,184,70,104,92,160,];False
5499;8230;13729;[198,174,190,32,189,130,6,38,61,163,199,49,12,112,167,15,16,4,147,196,145,150,20,56,176,3,157,183,37,138,126,115,1,74,34,35,93,28,8,154,166,113,188,55,44,45,131,185,68,123,50,86,52,91,69,88,53,59,11,57,132,7,175,62,120,89,2,67,48,63,90,164,156,73,41,114,47,165,153,26,77,60,24,0,84,85,66,118,124,51,29,191,197,168,14,187,128,27,178,33,100,111,122,151,139,105,180,107,148,21,64,96,76,134,99,173,116,10,42,80,169,142,97,81,25,125,192,127,101,129,43,181,186,170,103,143,136,137,18,194,146,9,31,82,144,121,162,171,149,193,78,98,39,94,46,155,17,30,108,159,109,135,140,106,65,87,13,95,152,22,133,75,172,79,117,102,110,177,40,179,58,161,182,36,195,83,158,54,119,72,71,23,5,141,19,184,70,104,92,160,];False
5635;8092;13727;[198,174,190,32,189,130,6,38,61,163,199,49,12,112,167,15,16,4,147,196,145,150,20,56,176,3,157,183,37,138,126,115,1,74,34,35,93,28,8,154,166,113,188,55,44,45,131,185,68,123,50,86,52,91,69,88,53,59,11,57,132,7,175,62,149,89,2,67,48,63,29,164,156,73,41,114,47,165,153,26,77,60,24,0,84,85,66,118,124,51,90,191,197,168,14,187,128,27,178,33,100,111,122,151,139,105,180,107,148,30,64,96,76,134,99,173,116,10,42,80,169,142,97,81,25,125,192,127,101,129,43,181,186,170,103,143,136,137,18,194,146,9,31,82,144,121,162,171,120,193,78,98,39,94,46,155,17,21,108,159,109,135,140,106,65,87,13,95,152,22,133,75,172,79,117,102,110,177,40,179,58,161,182,36,195,83,158,54,119,72,71,23,5,141,19,184,70,104,92,160,];False
5573;8150;13723;[198,174,190,32,189,130,6,38,61,163,199,49,12,112,167,15,16,4,147,196,145,150,20,56,176,3,157,183,37,138,126,115,1,74,34,35,93,28,8,154,166,113,188,55,44,45,131,185,68,123,50,86,52,91,69,88,53,59,11,57,132,7,175,62,120,89,135,67,48,63,90,164,156,73,41,114,47,165,153,26,77,60,24,0,84,85,66,118,124,51,29,191,197,168,14,187,128,27,178,33,100,111,122,151,139,105,180,107,148,30,64,96,76,134,99,173,116,10,42,80,169,142,97,81,25,125,192,127,101,129,43,181,186,170,103,143,136,137,18,194,146,9,31,82,144,121,162,171,149,193,78,98,39,94,46,155,17,21,108,159,109,2,140,106,65,87,13,95,152,22,133,75,172,79,117,102,110,177,40,179,58,161,182,36,195,83,158,54,119,72,71,23,5,141,19,184,70,104,92,160,];False
5613;8110;13723;[198,174,190,32,189,130,6,38,61,163,199,49,12,112,167,15,16,4,147,196,145,150,20,56,176,3,157,183,37,138,126,115,1,74,34,35,93,28,8,154,166,113,188,55,44,45,131,185,68,123,50,86,52,91,69,88,53,59,11,57,132,7,175,62,120,89,2,67,48,63,29,164,156,73,41,114,47,165,153,26,77,60,24,0,84,85,66,118,124,51,90,191,197,168,193,187,128,27,178,33,100,111,122,151,139,105,180,107,148,30,64,96,76,134,99,173,116,10,42,80,169,142,97,81,25,125,192,127,101,129,43,181,186,170,103,143,136,137,18,194,146,9,31,82,144,121,162,171,149,14,78,98,39,94,46,155,17,21,108,159,109,135,140,106,65,87,13,95,152,22,133,75,172,79,117,102,110,177,40,179,58,161,182,36,195,83,158,54,119,72,71,23,5,141,19,184,70,104,92,160,];False
5623;8100;13723;[198,174,190,32,189,130,6,184,38,163,199,49,12,185,167,15,16,156,147,196,192,150,20,56,176,3,157,183,37,138,126,115,1,74,34,35,93,28,8,154,166,113,188,55,44,45,131,112,68,123,50,86,52,91,69,88,53,59,11,57,132,7,175,62,120,89,2,67,48,63,29,164,4,73,41,114,47,165,153,26,77,60,24,0,84,85,66,118,124,51,90,191,197,168,14,187,128,27,178,33,100,111,122,151,139,105,180,107,186,30,64,96,76,134,99,173,116,10,42,80,169,142,97,81,25,125,145,127,101,129,43,181,148,170,103,143,136,137,18,194,146,9,31,82,144,121,162,171,149,193,78,98,39,94,46,155,17,21,108,159,109,135,140,106,65,87,13,95,152,22,133,75,172,79,117,102,110,177,40,179,58,161,182,36,195,83,158,54,119,72,71,23,5,141,19,61,70,104,92,160,];False
5612;8109;13721;[198,174,190,32,189,130,6,61,38,163,199,49,12,185,167,15,16,156,147,196,192,150,20,56,176,3,157,183,37,138,126,115,1,74,34,35,93,28,8,154,166,113,188,55,44,45,131,112,68,123,50,86,52,91,69,88,53,59,11,57,132,7,175,62,120,89,2,67,48,63,29,164,4,73,41,114,47,165,153,26,77,60,24,0,84,85,66,118,124,51,90,191,197,168,14,187,128,27,36,33,100,111,122,151,139,105,180,107,186,30,64,96,76,134,99,173,116,10,42,80,169,142,97,81,25,125,145,127,101,129,43,181,148,133,103,143,136,137,18,194,146,9,31,82,144,121,162,171,149,193,78,98,39,94,46,155,17,21,108,159,109,135,140,106,65,87,13,95,152,22,170,75,172,79,117,102,110,177,40,179,58,161,182,178,195,83,158,54,119,72,71,23,5,141,19,184,70,104,92,160,];False
5486;8235;13721;[198,174,190,32,189,130,6,38,61,163,199,49,12,112,167,15,16,4,147,196,145,150,20,56,176,3,157,183,37,138,126,115,1,74,34,35,93,28,8,154,166,113,188,55,44,45,131,185,68,123,64,86,52,91,69,88,53,59,11,57,132,7,175,62,120,89,2,67,48,63,90,164,156,73,41,114,47,165,153,26,77,60,24,0,84,85,66,118,124,51,29,191,197,168,14,187,128,27,178,33,100,111,122,151,139,105,180,107,148,30,50,96,76,134,99,173,116,10,42,80,169,142,97,81,25,125,192,127,101,129,43,181,186,170,103,143,136,137,18,194,146,9,31,82,144,121,162,171,149,193,78,98,39,94,46,155,17,21,108,159,109,135,140,106,65,87,13,95,152,22,133,75,172,79,117,102,110,177,40,179,58,161,182,36,195,83,158,54,119,72,71,23,5,141,19,184,70,104,92,160,];False
5537;8183;13720;[198,174,190,32,189,130,6,61,38,163,199,49,12,185,167,15,16,4,147,196,145,150,20,56,176,3,157,183,37,138,126,115,1,74,34,35,93,28,8,154,166,113,188,55,44,45,131,112,68,123,50,86,52,91,69,88,53,59,11,57,132,7,175,62,120,89,2,67,48,63,29,164,156,73,41,114,47,165,153,26,77,60,24,0,84,85,66,118,124,51,30,191,197,168,14,187,128,27,178,33,100,111,122,151,139,105,180,107,186,90,64,96,76,134,99,173,116,10,42,80,169,142,97,81,25,125,192,127,101,129,43,181,148,170,103,143,136,137,18,194,146,9,31,82,144,121,162,171,149,193,78,98,39,94,46,155,17,21,108,159,109,135,140,106,65,87,13,95,152,22,133,75,172,79,117,102,110,177,40,179,58,161,182,36,195,83,158,54,119,72,71,23,5,141,19,184,70,104,92,160,];False
5660;8060;13720;[198,174,190,191,189,130,6,61,38,163,199,49,12,185,167,15,16,156,147,196,192,150,20,56,176,3,157,183,37,138,126,115,1,74,34,35,93,28,8,154,166,113,188,55,44,45,131,112,68,123,50,86,52,91,69,88,53,59,11,57,132,7,175,62,120,89,2,67,48,63,29,164,4,73,41,114,47,165,153,26,77,60,24,0,84,85,66,118,124,51,90,32,197,168,14,187,128,27,178,33,100,111,122,151,139,105,180,107,186,30,64,96,76,134,99,173,116,10,42,80,169,142,97,81,25,125,145,127,101,129,43,181,148,170,103,143,136,137,18,194,146,9,31,82,144,121,162,171,149,193,78,98,39,94,46,155,17,21,108,159,109,135,140,106,65,87,13,95,152,22,133,75,172,79,117,102,110,177,40,179,58,161,182,36,195,83,158,54,119,72,71,23,5,141,19,184,70,104,92,160,];False
5594;8124;13718;[198,174,190,32,189,130,6,61,38,163,199,49,12,185,167,15,16,156,147,196,192,150,20,56,176,3,157,183,37,138,126,115,1,74,34,35,93,28,8,154,166,113,188,55,44,45,131,112,68,123,50,86,52,91,69,88,53,59,11,57,132,7,175,62,120,89,2,67,48,63,29,164,4,73,41,114,47,165,153,26,77,60,24,0,84,85,66,118,124,51,90,191,197,168,14,187,128,27,178,33,100,111,122,151,139,105,180,107,186,30,64,96,76,134,99,173,116,10,42,80,169,142,97,81,25,125,145,127,101,129,43,181,148,170,103,143,136,137,18,194,146,9,31,82,144,121,162,171,149,193,78,98,39,94,46,155,17,21,108,83,109,135,140,106,65,87,13,95,152,22,133,75,172,79,117,102,110,177,40,179,58,161,182,36,195,159,158,54,119,72,71,23,5,141,19,184,70,104,92,160,];False
5617;8101;13718;[198,174,190,32,189,130,6,61,38,163,199,49,12,185,167,15,16,4,147,196,145,150,20,56,176,3,157,183,37,138,126,115,1,74,34,35,93,28,8,154,166,113,188,55,44,45,131,112,68,123,50,86,52,91,69,88,53,59,11,57,98,7,175,62,120,89,2,67,48,63,29,164,156,73,41,114,47,165,153,26,77,60,24,0,84,85,66,118,124,51,90,191,197,168,14,187,128,27,178,33,100,111,122,151,139,105,180,107,186,30,64,96,76,134,99,173,116,10,42,80,169,142,97,81,25,125,192,127,101,129,43,181,148,170,103,143,136,137,18,194,146,9,31,82,144,121,162,171,149,193,78,132,39,94,46,155,17,21,108,159,109,135,140,106,65,87,13,95,152,22,133,75,172,79,117,102,110,177,40,179,58,161,182,36,195,83,158,54,119,72,71,23,5,141,19,184,70,104,92,160,];False
5627;8090;13717;[198,174,190,32,189,130,6,61,38,163,199,49,12,185,167,15,16,156,147,196,192,150,20,56,176,3,157,183,37,138,126,115,1,74,34,35,93,28,8,154,166,113,188,55,44,45,131,112,68,123,50,86,52,91,69,88,53,59,11,57,132,7,175,62,120,89,2,67,48,63,29,164,4,73,41,114,47,165,153,26,77,60,24,0,84,85,66,118,124,51,90,191,197,168,14,187,128,27,178,33,100,111,122,151,139,105,180,107,186,30,64,96,76,134,99,173,116,10,42,80,169,142,97,81,25,125,145,127,101,129,43,181,148,133,103,143,136,137,18,194,146,9,31,82,144,121,162,171,149,193,78,98,39,94,46,155,17,21,108,159,109,135,140,106,65,87,13,95,152,22,170,75,172,79,117,102,110,177,40,179,58,161,182,36,195,83,158,54,119,72,71,23,5,141,19,184,70,104,92,160,];False
5649;8064;13713;[198,174,190,32,189,130,6,61,38,163,199,49,12,185,167,15,16,156,147,196,145,150,20,56,176,3,157,183,37,138,126,115,1,74,34,35,93,28,8,154,166,113,188,55,44,45,131,112,68,123,50,86,52,91,69,88,53,59,11,57,132,7,175,62,120,89,2,67,48,63,29,164,4,73,41,114,47,165,153,26,77,60,24,0,84,85,66,118,124,51,90,191,197,168,14,187,128,27,178,33,100,111,122,151,139,105,180,107,186,30,64,96,76,134,99,173,116,10,42,80,169,142,97,81,40,125,192,127,101,129,43,181,148,170,103,143,136,137,18,194,146,9,31,82,144,121,162,171,149,193,78,98,39,94,46,155,17,21,108,159,109,135,140,106,65,87,13,95,152,22,133,75,172,79,117,102,110,177,25,179,58,161,182,36,195,83,158,54,119,72,71,23,5,141,19,184,70,104,92,160,];False
5622;8088;13710;[198,174,190,32,189,130,6,61,38,163,199,49,12,185,167,15,16,156,147,196,192,150,20,56,176,3,157,183,37,138,126,115,1,74,34,35,93,28,8,154,166,113,188,55,44,45,131,112,68,123,50,86,52,91,69,88,53,59,11,57,132,7,175,62,120,89,2,67,48,63,29,164,4,73,41,114,47,165,153,26,77,60,24,0,84,85,66,118,124,51,90,191,197,168,14,187,128,27,178,33,100,111,122,151,80,105,180,107,186,30,64,96,76,134,99,173,116,10,42,139,169,142,97,81,25,125,145,127,101,129,43,181,148,170,103,143,136,137,18,194,146,9,31,82,144,121,162,171,149,193,78,98,39,94,46,155,17,21,108,159,109,135,140,106,65,87,13,95,152,22,133,75,172,79,117,102,110,177,40,179,58,161,182,36,195,83,158,54,119,72,71,23,5,141,19,184,70,104,92,160,];False
5473;8236;13709;[198,174,190,32,189,130,6,38,61,163,199,49,12,112,167,15,16,4,147,196,145,150,20,56,176,3,157,183,37,138,126,115,1,74,34,35,93,28,8,154,166,113,188,55,44,45,131,185,68,123,50,86,52,91,69,88,53,59,11,57,132,7,175,62,120,89,2,67,48,63,90,164,156,73,41,114,47,165,153,26,77,60,24,0,84,85,66,118,124,51,29,191,197,168,14,187,104,27,178,33,100,111,122,151,139,105,180,107,148,30,64,96,76,134,99,173,116,10,42,80,169,142,97,81,25,125,192,127,101,129,43,181,186,170,103,143,136,137,18,194,146,9,31,82,144,121,162,171,149,193,78,98,39,94,46,155,17,21,108,159,109,135,140,106,65,87,13,95,152,22,133,75,172,79,117,102,110,177,40,179,58,161,182,36,195,83,158,54,119,72,71,23,5,141,19,184,70,128,92,160,];False
5565;8144;13709;[198,174,190,32,189,130,6,61,38,163,199,49,12,185,29,15,16,156,147,196,192,150,20,56,176,3,157,183,37,138,126,115,1,74,34,35,93,28,8,154,166,113,188,55,44,45,131,112,68,123,50,86,52,91,69,88,53,59,11,57,132,7,175,62,120,89,2,67,48,63,167,164,4,73,41,114,47,165,153,26,77,60,24,0,84,85,66,118,124,51,90,191,197,168,14,187,128,27,178,33,100,111,122,151,139,105,180,107,186,30,64,96,76,134,99,173,116,10,42,80,169,142,97,81,25,125,145,127,101,129,43,181,148,170,103,143,136,137,18,194,146,9,31,82,144,121,162,171,149,193,78,98,39,94,46,155,17,21,108,159,109,135,140,106,65,87,13,95,152,22,133,75,172,79,117,102,110,177,40,179,58,161,182,36,195,83,158,54,119,72,71,23,5,141,19,184,70,104,92,160,];False
5543;8164;13707;[198,174,190,32,189,130,6,38,61,163,199,49,12,112,167,15,16,4,147,196,145,150,20,56,176,3,157,183,37,138,126,115,1,74,34,35,93,28,8,154,166,113,188,55,44,45,131,185,68,123,50,86,52,91,69,88,53,59,11,57,132,7,175,62,120,89,2,67,48,63,90,164,156,73,41,114,47,165,153,26,77,60,24,0,84,85,66,118,124,51,29,158,197,168,14,187,128,27,178,33,100,111,122,151,139,105,180,107,148,30,64,96,76,134,99,173,116,10,42,80,169,142,97,81,25,125,192,127,101,129,43,181,186,170,103,143,136,137,18,194,146,9,31,82,144,121,162,171,149,193,78,98,39,94,46,155,17,21,108,159,109,135,140,106,65,87,13,95,152,22,133,75,172,79,117,102,110,177,40,179,58,161,182,36,195,83,191,54,119,72,71,23,5,141,19,184,70,104,92,160,];False
5599;8108;13707;[198,174,190,32,189,130,6,38,61,163,199,49,12,112,167,15,16,4,147,196,145,150,20,56,176,3,157,183,37,138,126,115,1,74,34,35,93,28,8,154,166,113,188,55,44,45,131,185,68,123,50,86,52,91,69,88,53,59,11,57,132,7,175,62,120,89,2,67,48,63,29,164,156,73,41,114,47,165,153,26,77,60,24,0,84,85,66,118,124,51,90,191,197,168,14,187,128,27,178,33,100,111,122,151,139,105,180,107,148,30,64,96,76,134,99,173,116,10,42,80,169,142,97,81,25,125,192,127,101,129,43,181,186,170,103,143,136,137,18,194,146,9,31,82,144,121,162,171,149,193,78,98,39,94,46,155,17,21,108,159,109,135,140,106,65,87,13,95,152,22,133,75,172,79,117,102,110,177,40,179,58,161,182,36,195,83,158,5,119,72,71,23,54,141,19,184,70,104,92,160,];False
5550;8156;13706;[198,174,190,32,189,130,6,38,61,163,199,49,12,112,167,15,16,4,147,28,24,150,20,9,176,3,157,183,37,138,126,115,1,74,34,35,93,0,8,154,166,113,188,55,44,45,131,185,68,123,50,86,52,91,69,164,53,59,11,57,132,7,175,62,120,89,2,67,56,63,90,88,156,73,41,114,47,165,153,26,77,60,145,196,84,85,66,118,124,51,29,191,197,168,30,187,128,27,178,33,100,111,122,151,139,105,180,107,148,14,64,96,76,134,99,173,116,10,42,80,169,142,19,81,25,125,192,127,101,129,43,181,186,170,103,143,136,137,18,194,146,48,31,82,144,121,162,171,149,193,78,98,39,94,46,155,17,21,108,159,109,135,140,106,65,87,13,95,152,22,133,75,172,79,117,102,110,177,40,179,58,161,182,36,195,83,158,54,119,72,71,23,5,141,97,184,70,104,92,160,];False
5585;8119;13704;[198,174,190,32,189,130,6,38,61,163,199,49,12,112,167,15,16,4,147,196,145,150,20,56,176,3,157,183,37,138,126,115,1,74,34,35,93,28,8,154,166,113,188,55,44,45,131,185,68,123,50,86,52,91,69,88,53,59,11,57,132,7,175,62,120,89,2,67,48,63,29,164,156,73,41,114,47,165,153,26,77,60,24,0,84,85,66,118,124,51,90,191,197,168,127,187,128,27,178,33,100,111,122,151,139,105,180,107,148,30,64,96,76,134,99,173,116,10,42,80,169,142,97,81,25,125,192,14,101,129,43,181,186,170,103,143,136,137,18,194,146,9,31,82,144,121,162,171,149,193,78,98,39,94,46,155,17,21,108,159,109,135,140,106,65,87,13,95,152,22,133,75,172,79,117,102,110,177,40,179,58,161,182,36,195,83,158,54,119,72,71,23,5,141,19,184,70,104,92,160,];False
5574;8128;13702;[198,174,190,32,189,130,6,61,38,163,199,49,12,185,167,15,16,156,147,196,192,150,20,56,176,3,157,183,37,138,126,115,1,74,34,35,93,28,8,154,166,113,188,55,44,45,131,112,68,123,50,86,52,91,69,88,53,59,11,57,132,7,175,62,120,89,2,67,48,63,29,164,4,73,41,114,47,165,153,26,77,60,24,0,84,85,66,118,124,51,90,191,197,168,14,187,128,27,178,33,100,111,122,151,139,105,180,107,186,30,64,96,76,134,99,173,116,10,42,80,169,142,97,81,25,125,145,127,101,129,43,181,148,170,103,143,136,137,18,194,146,83,31,82,144,121,162,171,149,193,78,98,39,94,46,155,17,21,108,159,109,135,140,106,65,87,13,95,152,22,133,75,172,79,117,102,110,177,40,179,58,161,182,36,195,9,158,54,119,72,71,23,5,141,19,184,70,104,92,160,];False
5537;8158;13695;[198,174,190,32,189,130,6,38,61,163,199,49,12,112,167,15,16,4,147,196,145,150,20,56,176,3,157,183,37,138,126,115,1,74,34,47,93,28,8,154,166,113,188,55,44,45,131,185,68,123,50,86,52,91,69,88,53,59,11,57,132,7,175,62,120,89,2,67,48,63,90,164,156,73,41,114,35,165,153,26,77,60,24,0,84,85,66,118,124,51,29,191,197,168,14,187,128,27,178,33,100,111,122,151,139,105,180,107,148,30,64,96,76,134,99,173,116,10,42,80,169,142,97,81,25,125,192,127,101,129,43,181,186,170,103,143,136,137,18,194,146,9,31,82,144,121,162,171,149,193,78,98,39,94,46,155,17,21,108,159,109,135,140,106,65,87,13,95,152,22,133,75,172,79,117,102,110,177,40,179,58,161,182,36,195,83,158,54,119,72,71,23,5,141,19,184,70,104,92,160,];False
5625;8070;13695;[198,174,190,32,189,130,6,61,38,163,199,49,12,185,167,15,16,156,147,196,192,150,20,56,176,3,157,183,37,138,126,115,1,74,34,35,93,28,8,154,166,113,188,55,44,45,131,112,68,123,50,86,52,91,69,88,53,59,11,57,132,101,175,62,120,89,2,67,48,63,29,164,4,73,41,114,47,165,153,26,77,60,24,0,84,85,66,118,124,51,90,191,197,168,14,187,128,27,178,33,100,111,122,151,139,105,180,107,186,30,64,96,76,134,99,173,116,10,42,80,169,142,97,81,25,125,145,127,7,129,43,181,148,170,103,143,136,137,18,194,146,9,31,82,144,121,162,171,149,193,78,98,39,94,46,155,17,21,108,159,109,135,140,106,65,87,13,95,152,22,133,75,172,79,117,102,110,177,40,179,58,161,182,36,195,83,158,54,119,72,71,23,5,141,19,184,70,104,92,160,];False
5539;8156;13695;[198,174,190,32,189,130,6,38,61,163,199,49,12,112,167,15,16,4,147,196,145,150,20,56,176,3,157,183,37,138,126,115,1,74,34,35,93,28,8,154,166,113,188,55,44,45,131,185,68,123,50,86,52,91,69,88,53,59,11,57,132,7,175,62,162,89,2,67,48,63,90,164,156,73,41,114,47,165,153,26,77,60,24,0,84,85,66,118,124,51,29,191,197,168,14,187,128,27,178,33,100,111,122,151,139,105,180,107,148,30,64,96,76,134,99,173,116,10,42,80,169,142,97,81,25,125,192,127,101,129,43,181,186,170,103,143,136,137,18,194,146,9,31,82,144,121,120,171,149,193,78,98,39,94,46,155,17,21,108,159,109,135,140,106,65,87,13,95,152,22,133,75,172,79,117,102,110,177,40,179,58,161,182,36,195,83,158,54,119,72,71,23,5,141,19,184,70,104,92,160,];False
5540;8154;13694;[198,174,190,32,189,130,6,38,61,163,199,49,12,112,167,15,16,4,147,196,145,150,20,56,176,3,157,183,37,138,126,115,1,74,34,35,93,28,8,154,166,113,188,55,44,45,131,185,68,123,50,86,52,91,69,88,53,59,11,57,132,7,175,62,120,89,2,134,48,63,90,164,156,73,41,114,47,165,153,26,77,60,24,0,84,85,66,118,124,51,29,191,197,168,14,187,128,27,178,33,100,111,122,151,139,105,180,107,148,30,64,96,76,67,99,173,116,10,42,80,169,142,97,81,25,125,192,127,101,129,43,181,186,170,103,143,136,137,18,194,146,9,31,82,144,121,162,171,149,193,78,98,39,94,46,155,17,21,108,159,109,135,140,106,65,87,13,95,152,22,133,75,172,79,117,102,110,177,40,179,58,161,182,36,195,83,158,54,119,72,71,23,5,141,19,184,70,104,92,160,];False
5618;8073;13691;[198,174,190,32,189,130,6,61,38,163,199,49,12,185,167,15,16,156,147,196,192,150,20,56,176,3,157,183,37,138,126,115,1,74,34,35,93,28,8,154,166,113,188,55,44,45,131,112,68,123,50,86,52,91,69,88,53,59,11,57,132,7,175,62,120,89,2,67,48,63,29,164,4,73,41,114,47,165,153,26,77,60,24,0,84,85,66,118,124,51,90,191,197,168,14,187,128,27,178,33,100,111,122,151,139,105,180,107,186,30,64,96,76,134,99,173,116,10,42,80,169,142,97,81,25,125,145,127,101,129,43,181,148,170,103,143,136,137,18,194,146,9,31,82,144,121,162,171,149,193,78,98,39,94,46,155,17,21,108,159,109,135,140,106,65,87,13,95,152,22,133,75,172,79,117,102,110,177,40,179,58,161,182,36,195,83,158,54,119,72,71,23,5,141,19,184,70,104,92,160,];False
5571;8120;13691;[198,174,190,32,189,130,6,38,61,163,199,49,12,112,167,15,16,4,147,196,145,150,20,56,176,3,157,183,37,138,126,115,1,74,34,35,93,28,8,154,166,113,188,55,44,45,131,185,68,123,50,86,52,91,69,88,53,59,11,57,132,7,152,62,120,89,2,67,48,63,90,164,156,73,41,114,47,165,153,26,77,60,24,0,84,85,66,118,124,51,29,191,197,168,14,187,128,27,178,33,100,111,122,151,139,105,180,107,148,30,64,96,76,134,99,173,116,10,42,80,169,142,97,81,25,125,192,127,101,129,43,181,186,170,103,143,136,137,18,194,146,9,31,82,144,121,162,171,149,193,78,98,39,94,46,155,17,21,108,159,109,135,140,106,65,87,13,95,175,22,133,75,172,79,117,102,110,177,40,179,58,161,182,36,195,83,158,54,119,72,71,23,5,141,19,184,70,104,92,160,];False
5505;8184;13689;[198,174,190,32,189,130,6,38,61,163,199,49,12,112,167,15,16,4,147,196,145,150,20,56,176,3,157,183,37,138,126,115,1,74,34,35,93,28,8,154,166,113,188,55,44,45,131,185,68,123,50,86,52,91,69,88,53,59,11,57,132,7,175,62,120,89,2,67,48,63,90,164,156,73,41,114,47,165,153,26,77,60,24,0,84,85,66,118,124,51,29,191,197,168,14,187,128,27,178,33,100,111,122,151,139,105,180,21,148,30,64,96,76,134,99,173,116,10,42,80,169,142,19,81,25,125,192,127,101,129,43,181,186,170,103,143,136,137,18,194,146,9,31,82,144,121,162,171,149,193,78,98,39,94,46,155,17,107,108,159,109,135,140,106,65,87,13,95,152,22,133,75,172,79,117,102,110,177,40,179,58,161,182,36,195,83,158,54,119,72,71,23,5,141,97,184,70,104,92,160,];False
5509;8180;13689;[198,174,190,32,189,130,6,108,61,163,199,49,12,112,167,15,16,4,147,196,145,150,20,56,176,3,157,183,37,138,126,115,1,74,34,35,93,28,8,154,166,113,188,55,44,45,131,185,68,123,50,86,52,91,69,88,53,59,11,57,132,7,175,62,120,89,2,67,48,63,90,164,156,73,41,114,47,165,153,26,77,60,24,0,84,85,66,118,124,51,29,191,197,168,14,187,128,27,178,33,100,111,122,151,139,105,180,107,148,30,64,96,76,134,99,173,116,10,42,80,169,142,97,81,25,125,192,127,101,129,43,181,186,170,103,143,136,137,18,194,146,9,31,82,144,121,162,171,149,193,78,98,39,94,46,155,17,21,38,159,109,135,140,106,65,87,13,95,152,22,133,75,172,79,117,102,110,177,40,179,58,161,182,36,195,83,158,54,119,72,71,23,5,141,19,184,70,104,92,160,];False
5426;8258;13684;[30,174,190,32,189,130,6,38,61,163,199,49,12,112,167,15,16,4,147,196,145,150,20,56,176,3,157,183,37,138,126,115,1,74,34,35,93,28,8,154,166,113,188,55,44,45,131,185,68,123,50,86,52,91,69,88,53,59,11,57,132,7,175,62,120,89,2,67,48,63,90,164,156,73,41,114,47,165,153,26,77,60,24,0,84,85,66,118,124,51,29,191,197,168,14,187,128,27,178,33,100,111,122,151,139,105,180,107,148,198,64,96,76,134,99,173,116,10,42,80,169,142,97,81,25,125,192,127,101,129,43,181,186,170,103,143,136,137,18,194,146,9,31,82,144,121,162,171,149,193,78,98,39,94,46,155,17,21,108,159,109,135,140,106,65,87,13,95,152,22,133,75,172,79,117,102,110,177,40,179,58,161,182,36,195,83,158,54,119,72,71,23,5,141,19,184,70,104,92,160,];False
5544;8138;13682;[198,174,190,32,189,130,6,61,38,163,199,49,12,185,167,15,16,156,147,196,192,150,20,56,176,3,157,183,37,138,126,115,1,74,34,35,93,28,8,154,166,113,188,55,44,45,131,112,68,123,50,86,52,91,69,88,53,59,11,57,132,7,175,62,120,89,2,67,48,0,29,164,4,73,41,114,47,165,153,26,77,60,24,63,84,85,66,118,124,51,90,191,197,168,14,187,128,27,178,33,100,111,122,151,139,105,180,107,186,30,64,96,76,134,99,173,116,10,42,80,169,142,97,81,25,125,145,127,101,129,43,181,148,170,103,143,136,137,18,194,146,9,31,82,144,121,162,171,149,193,78,98,39,94,46,155,17,21,108,159,109,135,140,106,65,87,13,95,152,22,133,75,172,79,117,102,110,177,40,179,58,161,182,36,195,83,158,54,119,72,71,23,5,141,19,184,70,104,92,160,];False
5499;8181;13680;[198,174,190,32,189,130,6,38,61,163,199,49,12,112,167,15,16,175,147,196,145,150,20,56,176,3,157,183,37,138,126,115,1,74,34,35,93,28,8,154,166,113,188,55,44,45,131,185,68,123,50,86,52,91,69,88,53,59,11,57,132,7,4,62,120,89,2,67,48,63,90,164,156,73,41,114,47,165,153,26,77,60,24,0,84,85,66,118,124,51,29,191,197,168,14,187,128,27,178,33,100,111,122,151,139,105,180,107,148,30,64,96,76,134,99,173,116,10,42,80,169,142,97,81,25,125,192,127,101,129,43,181,186,170,103,143,136,137,18,194,146,9,31,82,144,121,162,171,149,193,78,98,39,94,46,155,17,21,108,159,109,135,140,106,65,87,13,95,152,22,133,75,172,79,117,102,110,177,40,179,58,161,182,36,195,83,158,54,119,72,71,23,5,141,19,184,70,104,92,160,];False
5558;8120;13678;[198,174,190,59,189,130,6,38,61,163,199,49,12,112,167,15,16,4,147,196,145,150,20,56,176,3,157,183,37,138,126,115,1,74,34,35,93,28,8,154,166,113,188,55,44,45,131,185,68,123,50,86,52,91,69,88,53,32,11,57,132,7,175,62,120,89,2,67,48,63,90,164,156,73,41,114,47,165,153,26,77,60,24,0,84,85,66,118,124,51,29,191,197,168,14,187,128,27,178,33,100,111,122,151,139,105,180,107,148,30,64,96,76,134,99,173,116,10,42,80,169,142,97,81,25,125,192,127,101,129,43,181,186,170,103,143,136,137,18,194,146,9,31,82,144,121,162,171,149,193,78,98,39,94,46,155,17,21,108,159,109,135,140,106,65,87,13,95,152,22,133,75,172,79,117,102,110,177,40,179,58,161,182,36,195,83,158,54,119,72,71,23,5,141,19,184,70,104,92,160,];False
5541;8134;13675;[198,174,190,82,189,130,6,38,61,163,199,49,12,112,167,15,16,4,147,196,145,150,20,56,176,3,157,183,37,138,126,115,1,74,34,35,93,28,8,154,166,113,188,55,44,45,131,185,68,123,50,86,52,91,69,88,53,59,11,57,132,7,175,62,120,89,2,67,48,63,90,164,156,73,41,114,47,165,153,26,77,60,24,0,84,85,66,118,124,51,29,191,197,168,14,187,128,27,178,33,100,111,122,151,139,105,180,107,148,30,64,96,76,134,99,173,116,10,42,80,169,142,97,81,25,125,192,127,101,129,43,181,186,170,103,143,136,137,18,194,146,9,31,32,144,121,162,171,149,193,78,98,39,94,46,155,17,21,108,159,109,135,140,106,65,87,13,95,152,22,133,75,172,79,117,102,110,177,40,179,58,161,182,36,195,83,158,54,119,72,71,23,5,141,19,184,70,104,92,160,];False
5602;8070;13672;[198,174,190,32,189,130,6,61,38,163,199,49,12,185,167,15,16,156,147,196,145,150,20,56,176,3,157,183,37,138,126,115,1,74,34,35,93,28,8,154,166,113,188,55,44,45,131,112,68,123,50,86,52,91,69,88,53,59,11,57,132,7,175,62,120,89,2,67,48,63,29,164,4,73,41,114,47,165,153,26,77,60,24,0,84,85,66,118,124,51,90,191,197,168,14,187,128,27,178,33,100,111,122,151,139,105,180,107,186,30,64,96,76,134,99,173,116,10,42,80,169,142,97,81,25,125,192,127,101,129,43,181,148,170,103,143,136,137,18,194,146,9,31,82,144,121,162,171,149,193,78,98,39,94,46,155,17,21,108,159,109,135,140,106,65,87,13,95,152,22,133,75,172,79,117,102,110,177,40,179,58,161,182,36,195,83,158,54,119,72,71,23,5,141,19,184,70,104,92,160,];False
5563;8107;13670;[198,174,190,32,189,130,6,61,38,163,199,49,12,185,167,15,16,156,147,196,145,150,20,56,176,3,157,183,37,138,126,115,1,74,34,35,93,28,8,154,166,113,188,55,44,45,131,10,68,123,50,86,52,91,69,88,53,59,11,57,132,7,175,62,120,89,2,67,48,63,29,164,4,73,41,114,47,165,153,26,77,60,24,0,84,85,66,118,124,51,90,191,197,168,14,187,128,27,178,33,100,111,122,151,139,105,180,107,186,30,64,96,76,134,99,173,116,112,42,80,169,142,97,81,25,125,192,127,101,129,43,181,148,170,103,143,136,137,18,194,146,9,31,82,144,121,162,171,149,193,78,98,39,94,46,155,17,21,108,159,109,135,140,106,65,87,13,95,152,22,133,75,172,79,117,102,110,177,40,179,58,161,182,36,195,83,158,54,119,72,71,23,5,141,19,184,70,104,92,160,];False
5520;8145;13665;[198,174,190,32,189,130,6,38,61,163,199,49,12,112,167,15,16,4,147,196,145,150,20,56,176,3,157,183,37,138,126,115,1,74,34,35,93,28,8,154,166,113,188,55,44,45,131,185,68,123,50,86,52,91,69,88,53,59,11,57,132,7,175,62,120,89,2,67,48,63,90,164,156,73,41,114,47,165,153,26,77,60,24,0,84,85,66,118,124,51,29,191,197,168,14,187,128,27,178,33,100,111,122,151,139,105,180,107,148,30,64,96,76,134,99,173,116,10,42,80,169,142,97,81,25,125,192,127,101,129,43,181,5,170,103,143,136,137,18,194,146,9,31,82,144,121,162,171,149,193,78,98,39,94,46,155,17,21,108,159,109,135,140,106,65,87,13,95,152,22,133,75,172,79,117,102,110,177,40,179,58,161,182,36,195,83,158,54,119,72,71,23,186,141,19,184,70,104,92,160,];False
5506;8155;13661;[198,174,190,32,189,130,6,38,61,163,199,49,12,112,167,15,16,4,147,196,145,150,20,56,176,3,157,183,37,138,126,115,1,74,34,35,93,28,8,154,166,113,188,55,44,45,131,185,68,123,50,86,52,91,69,88,53,59,11,57,132,7,175,62,120,89,2,67,48,63,90,164,156,73,41,114,47,165,153,26,77,60,24,0,84,85,66,118,124,51,29,191,197,168,14,187,128,27,178,33,100,111,122,151,139,105,180,107,148,30,64,96,76,134,99,173,116,10,42,80,169,142,97,81,25,125,192,127,101,129,43,181,186,170,103,143,136,137,18,194,146,9,31,82,144,121,162,171,149,193,78,98,87,94,46,155,17,21,108,159,109,135,140,106,65,39,13,95,152,22,133,75,172,79,117,102,110,177,40,179,58,161,182,36,195,83,158,54,119,72,71,23,5,141,19,184,70,104,92,160,];False
5507;8153;13660;[198,174,190,32,189,130,6,38,61,163,199,49,12,112,167,15,16,4,147,196,145,150,20,56,176,3,157,183,37,138,126,115,1,74,34,35,93,28,8,154,166,113,188,55,44,45,131,185,68,123,50,86,52,91,69,88,53,59,11,57,132,7,175,62,120,89,2,67,48,63,90,164,156,73,41,114,47,165,153,26,77,60,24,0,84,85,66,118,173,51,29,191,197,168,14,187,128,27,178,33,100,111,122,151,139,105,180,107,148,30,64,96,76,134,99,124,116,10,42,80,169,142,97,81,25,125,192,127,101,129,43,181,186,170,103,143,136,137,18,194,146,9,31,82,144,121,162,171,149,193,78,98,39,94,46,155,17,21,108,159,109,135,140,106,65,87,13,95,152,22,133,75,172,79,117,102,110,177,40,179,58,161,182,36,195,83,158,54,119,72,71,23,5,141,19,184,70,104,92,160,];False
5477;8182;13659;[198,174,190,32,189,130,6,38,61,163,199,49,12,112,167,15,16,4,147,196,145,150,20,56,176,3,157,183,37,138,126,115,1,74,34,35,93,28,8,154,166,113,188,55,44,45,131,185,68,123,50,86,52,91,69,88,53,59,11,57,132,7,175,62,120,89,2,67,48,63,90,164,156,73,41,114,47,165,153,26,77,60,24,0,84,85,66,118,124,51,29,191,197,168,14,187,128,27,178,33,100,111,122,151,139,105,180,107,148,30,64,96,76,134,99,173,116,10,42,80,169,142,97,81,25,125,192,127,101,129,43,181,186,170,103,143,136,137,18,194,146,9,31,82,144,121,162,171,149,193,78,98,39,94,46,155,17,21,108,110,109,135,140,106,65,87,13,95,152,22,133,75,172,79,117,102,159,177,40,179,58,161,182,36,195,83,158,54,119,72,71,23,5,141,19,184,70,104,92,160,];False
5543;8116;13659;[198,174,190,32,189,130,6,38,61,163,199,49,12,112,167,15,16,4,147,196,145,150,20,45,176,3,157,183,37,138,126,115,1,74,34,35,93,28,8,154,166,113,188,55,44,56,131,185,68,123,50,86,52,91,69,88,53,59,11,57,132,7,175,62,120,89,2,67,48,63,90,164,156,73,41,114,47,165,153,26,77,60,24,0,84,85,66,118,124,51,29,191,197,168,14,187,128,27,178,33,100,111,122,151,139,105,180,107,148,30,64,96,76,134,99,173,116,10,42,80,169,142,97,81,25,125,192,127,101,129,43,181,186,170,103,143,136,137,18,194,146,9,31,82,144,121,162,171,149,193,78,98,39,94,46,155,17,21,108,159,109,135,140,106,65,87,13,95,152,22,133,75,172,79,117,102,110,177,40,179,58,161,182,36,195,83,158,54,119,72,71,23,5,141,19,184,70,104,92,160,];False
5533;8123;13656;[198,174,190,32,189,130,6,38,61,163,199,49,12,112,167,15,16,4,147,196,145,150,20,56,176,3,157,183,37,138,126,115,1,74,34,35,93,28,8,154,166,113,188,55,44,48,131,185,68,123,50,86,52,91,69,88,53,59,11,57,132,7,175,62,120,89,2,67,45,63,90,164,156,73,41,114,47,165,153,26,77,60,24,0,84,85,66,118,124,51,29,191,197,168,14,187,128,27,178,33,100,111,122,151,139,105,180,107,148,30,64,96,76,134,99,173,116,10,42,80,169,142,97,81,25,125,192,127,101,129,43,181,186,170,103,143,136,137,18,194,146,9,31,82,144,121,162,171,149,193,78,98,39,94,46,155,17,21,108,159,109,135,140,106,65,87,13,95,152,22,133,75,172,79,117,102,110,177,40,179,58,161,182,36,195,83,158,54,119,72,71,23,5,141,19,184,70,104,92,160,];False
5554;8102;13656;[198,174,190,32,189,130,6,38,61,163,199,49,12,112,167,15,16,4,147,196,145,150,20,56,176,3,157,183,37,138,126,115,1,74,34,35,93,28,8,154,166,113,188,55,44,45,131,185,68,123,50,86,52,91,69,88,53,59,11,57,132,7,175,62,120,89,2,67,48,63,29,164,156,73,41,114,47,165,153,26,77,60,24,0,84,85,66,118,124,51,90,191,197,168,14,187,128,27,178,33,100,111,122,151,139,105,180,107,148,30,64,96,76,134,99,173,116,10,42,80,169,142,97,81,25,125,192,127,101,129,43,181,186,170,103,143,136,137,18,194,146,9,121,82,144,31,162,171,149,193,78,98,39,94,46,155,17,21,108,159,109,135,140,106,65,87,13,95,152,22,133,75,172,79,117,102,110,177,40,179,58,161,182,36,195,83,158,54,119,72,71,23,5,141,19,184,70,104,92,160,];False
5596;8060;13656;[198,174,190,32,189,130,6,61,38,163,199,49,12,185,167,15,16,4,147,196,145,150,20,56,176,3,157,183,37,138,126,115,1,74,34,35,93,28,8,154,166,113,188,55,44,45,131,112,68,123,50,86,52,91,69,88,53,59,11,57,132,7,175,62,120,0,2,67,48,63,29,164,156,73,41,114,47,165,153,26,77,60,24,89,84,85,66,118,124,51,90,191,197,168,14,187,128,27,178,33,100,111,122,151,139,105,180,107,186,30,64,96,76,134,99,173,116,10,42,80,169,142,97,81,25,125,192,127,101,129,43,181,148,170,103,143,136,137,18,194,146,9,31,82,144,121,162,171,149,193,78,98,39,94,46,155,17,21,108,159,109,135,140,106,65,87,13,95,152,22,133,75,172,79,117,102,110,177,40,179,58,161,182,36,195,83,158,54,119,72,71,23,5,141,19,184,70,104,92,160,];False
5567;8089;13656;[198,174,190,32,189,130,6,38,61,163,199,49,12,112,167,15,16,4,147,196,145,150,20,56,176,3,157,183,37,138,126,115,1,74,34,35,93,28,8,154,166,113,188,55,44,45,131,171,68,123,50,86,52,91,69,88,53,59,11,57,132,7,175,62,120,89,2,67,48,63,29,164,156,73,41,114,47,165,153,26,77,60,24,0,84,85,66,118,124,51,90,191,197,168,14,187,128,27,178,33,100,111,122,151,139,105,180,107,148,30,64,96,76,134,99,173,116,10,42,80,169,142,97,81,25,125,192,127,101,129,43,181,186,170,103,143,136,137,18,194,146,9,31,82,144,121,162,185,149,193,78,98,39,94,46,155,17,21,108,159,109,135,140,106,65,87,13,95,152,22,133,75,172,79,117,102,110,177,40,179,58,161,182,36,195,83,158,54,119,72,71,23,5,141,19,184,70,104,92,160,];False
5546;8103;13649;[198,174,190,32,189,130,6,38,61,163,199,49,12,112,120,15,16,4,147,28,24,150,20,9,176,3,157,183,37,138,126,115,1,74,34,35,93,0,8,154,166,113,188,55,44,45,131,185,68,123,50,86,52,91,69,88,53,59,11,57,132,7,175,62,167,89,2,67,48,63,90,164,156,73,41,114,47,165,153,26,77,60,145,196,84,85,66,118,124,51,29,191,197,168,14,187,128,27,178,33,100,111,122,151,139,105,180,107,148,30,64,96,76,134,99,173,116,10,42,80,169,142,19,81,25,125,192,127,101,129,43,181,186,170,103,143,136,137,18,194,146,56,31,82,144,121,162,171,149,193,78,98,39,94,46,155,17,21,108,159,109,135,140,106,65,87,13,95,152,22,133,75,172,79,117,102,110,177,40,179,58,161,182,36,195,83,158,54,119,72,71,23,5,141,97,184,70,104,92,160,];False
5466;8182;13648;[198,174,190,32,189,130,6,38,61,163,199,49,12,112,167,15,16,4,147,0,24,150,20,56,176,3,157,183,37,138,126,115,1,74,34,35,93,28,8,154,166,113,188,55,44,45,131,185,68,123,50,86,52,91,69,88,53,59,11,57,132,7,175,62,120,89,2,67,48,63,90,164,156,73,116,114,47,165,153,26,77,60,145,196,84,85,66,118,124,51,29,191,197,168,14,187,128,27,178,33,100,111,122,151,139,105,180,107,148,30,64,96,76,134,99,173,41,10,42,80,169,142,19,81,25,125,192,127,101,129,43,181,186,170,103,143,136,137,18,194,146,9,31,82,144,121,162,171,149,193,78,98,39,94,46,155,17,21,108,159,109,135,140,106,65,87,13,95,152,22,133,75,172,79,117,102,110,177,40,179,58,161,182,36,195,83,158,54,119,72,71,23,5,141,97,184,70,104,92,160,];False
5469;8178;13647;[198,174,190,32,189,130,6,38,61,163,199,49,12,112,167,15,16,4,147,196,145,150,20,56,176,3,157,183,37,138,126,115,1,74,34,35,64,28,8,154,166,113,188,55,44,45,131,185,68,123,50,86,52,91,69,88,53,59,11,57,132,7,175,62,120,89,2,67,48,63,90,164,156,73,41,114,47,165,153,26,77,60,24,0,84,85,66,118,124,51,29,191,197,168,14,187,128,27,178,33,100,111,122,151,139,105,180,107,148,30,93,96,76,134,99,173,116,10,42,80,169,142,97,81,25,125,192,127,101,129,43,181,186,170,103,143,136,137,18,194,146,9,31,82,144,121,162,171,149,193,78,98,39,94,46,155,17,21,108,159,109,135,140,106,65,87,13,95,152,22,133,75,172,79,117,102,110,177,40,179,58,161,182,36,195,83,158,54,119,72,71,23,5,141,19,184,70,104,92,160,];False
5446;8198;13644;[198,174,190,32,189,130,6,38,61,163,199,49,12,112,167,15,16,4,147,196,145,150,20,56,176,3,157,183,37,138,126,115,1,74,34,35,93,28,8,154,166,113,188,55,44,45,131,185,68,123,50,86,52,91,69,88,53,59,11,57,132,7,175,62,120,89,2,67,48,63,90,164,156,73,41,114,47,165,153,26,77,60,24,0,84,85,117,118,124,51,29,191,197,168,14,187,128,27,178,33,100,111,122,151,139,105,180,107,148,30,64,96,76,134,99,173,116,10,42,80,169,142,97,81,25,125,192,127,101,129,43,181,186,170,103,143,136,137,18,194,146,9,31,82,144,121,162,171,149,193,78,98,39,94,46,155,17,21,108,159,109,135,140,106,65,87,13,95,152,22,133,75,172,79,66,102,110,177,40,179,58,161,182,36,195,83,158,54,119,72,71,23,5,141,19,184,70,104,92,160,];False
5513;8127;13640;[198,174,190,32,189,130,6,38,61,163,199,49,12,112,167,15,16,4,147,196,145,150,20,56,176,3,157,183,37,138,126,115,1,74,34,35,93,28,8,154,166,113,188,55,44,45,131,185,68,123,50,86,52,91,69,88,53,59,11,57,132,7,175,62,120,89,2,67,48,63,90,164,156,73,41,114,47,165,153,26,77,60,24,0,84,85,66,118,124,51,29,191,197,168,14,187,128,27,178,33,100,111,122,151,139,105,180,107,148,30,64,96,76,134,99,173,116,10,42,80,169,142,97,81,25,125,192,127,101,129,43,181,186,170,149,143,136,137,18,194,146,9,31,82,144,121,162,171,103,193,78,98,39,94,46,155,17,21,108,159,109,135,140,106,65,87,13,95,152,22,133,75,172,79,117,102,110,177,40,179,58,161,182,36,195,83,158,54,119,72,71,23,5,141,19,184,70,104,92,160,];False
5541;8098;13639;[198,174,190,32,189,130,6,61,38,163,199,49,12,185,167,15,109,4,147,196,145,150,20,56,176,3,157,183,37,138,126,115,1,74,34,35,93,28,8,154,166,113,188,55,44,45,131,112,68,123,50,86,52,91,69,88,53,59,11,57,132,7,175,62,120,89,2,67,48,63,29,164,156,73,41,114,47,165,153,26,77,60,24,0,84,85,66,118,124,51,90,191,197,168,14,187,128,27,178,33,100,111,122,151,139,105,180,107,186,30,64,96,76,134,99,173,116,10,42,80,169,142,97,81,25,125,192,127,101,129,43,181,148,170,103,143,136,137,18,194,146,9,31,82,144,121,162,171,149,193,78,98,39,94,46,155,17,21,108,159,16,135,140,106,65,87,13,95,152,22,133,75,172,79,117,102,110,177,40,179,58,161,182,36,195,83,158,54,119,72,71,23,5,141,19,184,70,104,92,160,];False
5475;8162;13637;[198,174,190,32,189,130,6,38,61,163,199,49,12,112,167,15,16,4,147,196,145,150,20,56,176,3,157,183,37,138,126,115,1,74,34,35,93,28,8,154,166,113,188,55,44,45,131,185,68,123,50,86,52,91,69,88,53,59,11,57,132,7,175,62,120,89,2,67,48,63,81,164,156,73,41,114,47,165,153,26,77,60,24,0,84,85,66,118,124,51,29,191,197,168,14,187,128,27,178,33,100,111,122,151,139,105,180,107,148,30,64,96,76,134,99,173,116,10,42,80,169,142,97,90,25,125,192,127,101,129,43,181,186,170,103,143,136,137,18,194,146,9,31,82,144,121,162,171,149,193,78,98,39,94,46,155,17,21,108,159,109,135,140,106,65,87,13,95,152,22,133,75,172,79,117,102,110,177,40,179,58,161,182,36,195,83,158,54,119,72,71,23,5,141,19,184,70,104,92,160,];False
5487;8149;13636;[198,174,190,32,189,130,6,38,61,163,199,49,12,112,167,15,16,4,147,196,145,150,20,56,176,3,157,183,37,138,126,115,1,74,34,35,93,28,8,154,166,113,188,55,44,45,131,185,68,123,50,86,52,91,69,88,53,59,11,57,132,7,175,62,120,89,2,67,48,63,90,164,156,73,41,114,47,165,153,26,77,60,24,0,84,168,66,118,124,51,29,191,197,85,14,187,128,27,178,33,100,111,122,151,139,105,180,107,148,30,64,96,76,134,99,173,116,10,42,80,169,142,97,81,25,125,192,127,101,129,43,181,186,170,103,143,136,137,18,194,146,9,31,82,144,121,162,171,149,193,78,98,39,94,46,155,17,21,108,159,109,135,140,106,65,87,13,95,152,22,133,75,172,79,117,102,110,177,40,179,58,161,182,36,195,83,158,54,119,72,71,23,5,141,19,184,70,104,92,160,];False
5436;8200;13636;[198,174,190,32,189,130,6,38,61,163,199,49,12,112,167,15,16,4,147,0,24,150,20,56,176,3,157,183,37,138,126,115,1,74,34,35,93,28,8,154,166,113,188,55,44,45,131,185,68,123,50,86,52,91,69,88,53,59,11,57,132,7,175,62,120,89,2,67,48,63,90,164,156,73,41,114,47,165,153,26,77,60,145,196,84,85,66,118,124,51,29,191,197,83,14,187,128,27,178,33,100,111,122,151,139,105,180,107,148,30,64,96,76,134,99,173,116,10,42,80,169,142,19,81,25,125,192,127,101,129,43,181,186,170,103,143,136,137,18,194,146,9,31,82,144,121,162,171,149,193,78,98,39,94,46,155,17,21,108,159,109,135,140,106,65,87,13,95,152,22,133,75,172,79,117,102,110,177,40,179,58,161,182,36,195,168,158,54,119,72,71,23,5,141,97,184,70,104,92,160,];False
5491;8142;13633;[198,174,190,32,189,130,6,38,61,163,199,49,12,112,167,15,16,4,147,28,24,150,20,9,176,3,157,183,37,138,126,115,1,74,34,35,93,0,8,154,166,113,188,55,44,45,131,185,68,123,50,86,52,91,69,88,53,59,11,57,132,65,175,62,120,89,2,67,48,63,90,164,156,73,41,114,47,165,153,26,77,60,145,196,84,85,66,118,124,51,29,191,197,168,14,187,128,27,178,33,100,111,122,151,139,105,180,107,148,30,64,96,76,134,99,173,116,10,42,80,169,142,19,81,25,125,192,127,101,129,43,181,186,170,103,143,136,137,18,194,146,56,31,82,144,121,162,171,149,193,78,98,39,94,46,155,17,21,108,159,109,135,140,106,7,87,13,95,152,22,133,75,172,79,117,102,110,177,40,179,58,161,182,36,195,83,158,54,119,72,71,23,5,141,97,184,70,104,92,160,];False
5377;8254;13631;[175,174,190,32,189,130,6,38,61,163,199,49,12,112,167,15,16,4,147,28,24,150,20,56,176,3,157,183,37,138,126,115,1,74,34,35,93,0,8,154,166,113,188,55,44,45,131,185,68,123,50,86,52,91,69,88,53,59,11,57,132,7,198,62,120,89,2,67,48,63,90,164,156,73,41,114,47,165,153,26,77,60,145,196,84,85,66,118,124,51,29,191,197,168,14,187,128,27,178,33,100,111,122,151,139,105,180,107,148,30,64,96,76,134,99,173,116,10,42,80,169,142,19,81,25,125,192,127,101,129,43,181,186,170,103,143,136,137,18,194,146,9,31,82,144,121,162,171,149,193,78,98,39,94,46,155,17,21,108,159,109,135,140,106,65,87,13,95,152,22,133,75,172,79,117,102,110,177,40,179,58,161,182,36,195,83,158,54,119,72,71,23,5,141,97,184,70,104,92,160,];False
5548;8082;13630;[198,174,190,32,189,130,6,61,38,163,199,49,12,185,167,15,16,4,147,196,145,150,20,56,176,3,157,183,37,138,126,115,1,74,34,35,93,28,8,154,166,113,188,55,44,45,131,112,68,123,50,86,52,91,69,88,53,59,11,57,132,7,175,62,120,89,2,67,48,63,29,164,156,73,41,114,47,165,153,26,77,60,24,0,84,85,66,118,124,51,90,191,197,168,14,187,128,27,178,33,100,111,122,151,139,105,180,107,186,30,64,96,76,134,99,173,116,10,42,80,169,142,97,81,25,125,192,127,101,129,43,181,148,170,103,143,136,137,18,194,146,9,31,82,144,121,162,171,149,193,78,98,39,94,46,155,17,21,108,159,109,135,140,106,65,87,13,95,152,22,133,75,172,79,117,102,110,177,40,179,58,161,182,36,195,83,158,54,119,72,71,23,5,141,19,184,70,104,92,160,];False
5455;8175;13630;[198,174,190,32,189,130,6,38,61,163,199,49,12,112,167,15,16,4,147,28,24,150,20,9,176,3,157,183,37,138,126,115,1,74,34,35,93,0,8,154,166,113,188,55,44,45,131,185,68,123,50,86,52,91,69,88,53,59,11,57,132,7,156,62,120,89,2,67,48,63,90,164,175,73,41,114,47,165,153,26,77,60,145,196,84,85,66,118,124,51,29,191,197,168,14,187,128,27,178,33,100,111,122,151,139,105,180,107,148,30,64,96,76,134,99,173,116,10,42,80,169,142,19,81,25,125,192,127,101,129,43,181,186,170,103,143,136,137,18,194,146,56,31,82,144,121,162,171,149,193,78,98,39,94,46,155,17,21,108,159,109,135,140,106,65,87,13,95,152,22,133,75,172,79,117,102,110,177,40,179,58,161,182,36,195,83,158,54,119,72,71,23,5,141,97,184,70,104,92,160,];False
5461;8167;13628;[198,174,190,32,189,130,6,38,61,163,199,49,12,112,167,15,11,4,147,196,145,150,20,56,176,3,157,183,37,138,126,115,1,74,34,35,93,28,8,154,166,113,188,55,44,45,131,185,68,123,50,86,52,91,69,88,53,59,16,57,132,7,175,62,120,89,2,67,48,63,90,164,156,73,41,114,47,165,153,26,77,60,24,0,84,85,66,118,124,51,29,191,197,168,14,187,128,27,178,33,100,111,122,151,139,105,180,107,148,30,64,96,76,134,99,173,116,10,42,80,169,142,97,81,25,125,192,127,101,129,43,181,186,170,103,143,136,137,18,194,146,9,31,82,144,121,162,171,149,193,78,98,39,94,46,155,17,21,108,159,109,135,140,106,65,87,13,95,152,22,133,75,172,79,117,102,110,177,40,179,58,161,182,36,195,83,158,54,119,72,71,23,5,141,19,184,70,104,92,160,];False
5446;8182;13628;[198,174,190,32,189,130,6,38,61,163,199,49,12,112,167,15,16,4,147,0,24,150,20,56,176,3,157,183,37,138,126,115,1,74,34,35,93,28,8,154,166,113,188,55,44,45,131,185,68,123,50,86,52,91,69,88,53,59,11,57,132,7,175,62,120,89,2,67,48,63,90,164,156,73,41,114,47,165,153,26,77,60,145,196,84,85,66,118,124,51,29,191,197,168,14,187,128,27,178,33,100,111,122,151,139,105,180,107,148,30,64,96,76,134,99,173,116,10,42,80,169,142,19,81,25,125,192,127,101,129,43,181,186,170,103,143,136,137,18,194,146,9,179,82,144,121,162,171,149,193,78,98,39,94,46,155,17,21,108,159,109,135,140,106,65,87,13,95,152,22,133,75,172,79,117,102,110,177,40,31,58,161,182,36,195,83,158,54,119,72,71,23,5,141,97,184,70,104,92,160,];False
5437;8190;13627;[198,174,190,32,189,130,6,38,61,163,199,49,12,112,167,15,16,4,147,196,145,150,20,56,176,3,157,183,37,138,126,115,1,74,34,35,93,28,8,154,166,113,188,55,44,45,131,65,68,123,50,86,52,91,69,88,53,59,11,57,132,7,175,62,120,89,2,67,48,63,90,164,156,73,41,114,47,165,153,26,77,60,24,0,84,85,66,118,124,51,29,191,197,168,14,187,128,27,178,33,100,111,122,151,139,105,180,107,148,30,64,96,76,134,99,173,116,10,42,80,169,142,97,81,25,125,192,127,101,129,43,181,186,170,103,143,136,137,18,194,146,9,31,82,144,121,162,171,149,193,78,98,39,94,46,155,17,21,108,159,109,135,140,106,185,87,13,95,152,22,133,75,172,79,117,102,110,177,40,179,58,161,182,36,195,83,158,54,119,72,71,23,5,141,19,184,70,104,92,160,];False
5457;8169;13626;[198,174,190,32,189,130,6,38,61,163,199,49,12,112,167,15,16,4,147,196,145,150,20,56,176,3,157,183,37,138,126,115,1,74,34,35,93,28,8,154,166,113,188,55,44,45,131,185,68,123,149,86,52,91,69,88,53,59,11,57,132,7,175,62,120,89,2,67,48,63,90,164,156,73,41,114,47,165,153,26,77,60,24,0,84,85,66,118,124,51,29,191,197,168,14,187,128,27,178,33,100,111,122,151,139,105,180,107,148,30,64,96,76,134,99,173,116,10,42,80,169,142,97,81,25,125,192,127,101,129,43,181,186,170,103,143,136,137,18,194,146,9,31,82,144,121,162,171,50,193,78,98,39,94,46,155,17,21,108,159,109,135,140,106,65,87,13,95,152,22,133,75,172,79,117,102,110,177,40,179,58,161,182,36,195,83,158,54,119,72,71,23,5,141,19,184,70,104,92,160,];False
5461;8165;13626;[198,174,190,32,189,130,6,38,61,163,199,49,12,112,167,15,16,4,147,196,145,150,20,56,176,3,157,183,37,138,126,115,1,74,34,35,93,28,8,154,166,113,188,55,44,45,131,185,68,123,50,86,52,91,69,88,53,59,11,169,132,7,175,62,120,89,2,67,48,63,90,164,156,73,41,114,47,165,153,26,77,60,24,0,84,85,66,118,124,51,29,191,197,168,14,187,128,27,178,33,100,111,122,151,139,105,180,107,148,30,64,96,76,134,99,173,116,10,42,80,57,142,97,81,25,125,192,127,101,129,43,181,186,170,103,143,136,137,18,194,146,9,31,82,144,121,162,171,149,193,78,98,39,94,46,155,17,21,108,159,109,135,140,106,65,87,13,95,152,22,133,75,172,79,117,102,110,177,40,179,58,161,182,36,195,83,158,54,119,72,71,23,5,141,19,184,70,104,92,160,];False
5484;8141;13625;[198,174,190,32,189,130,6,38,61,163,199,49,12,112,167,15,16,4,147,196,145,150,20,56,176,3,157,183,37,138,126,115,1,74,34,35,93,28,8,154,166,113,188,55,44,45,131,185,68,123,50,86,52,91,69,88,53,59,11,57,132,7,175,62,120,89,2,67,48,63,90,164,156,73,41,114,47,165,153,26,77,178,24,0,84,85,66,118,124,51,29,191,197,168,14,187,128,27,60,33,100,111,122,151,139,105,180,107,148,30,64,96,76,134,99,173,116,10,42,80,169,142,97,81,25,125,192,127,101,129,43,181,186,170,103,143,136,137,18,194,146,9,31,82,144,121,162,171,149,193,78,98,39,94,46,155,17,21,108,159,109,135,140,106,65,87,13,95,152,22,133,75,172,79,117,102,110,177,40,179,58,161,182,36,195,83,158,54,119,72,71,23,5,141,19,184,70,104,92,160,];False
5441;8182;13623;[198,174,190,32,189,130,6,38,61,163,199,49,12,112,167,15,16,4,147,28,24,150,20,56,176,3,157,183,37,138,126,115,1,74,34,35,93,0,8,154,166,113,188,55,44,45,131,185,68,123,50,86,52,91,69,88,53,59,11,57,132,7,175,62,120,89,2,67,48,63,90,164,156,73,41,114,47,165,153,26,77,60,145,196,84,85,66,118,124,51,29,191,197,168,14,187,128,27,178,33,100,111,122,151,139,105,180,107,148,30,64,96,76,134,99,173,116,10,42,80,169,142,19,81,25,125,192,127,101,129,43,181,186,170,103,143,136,137,18,194,146,9,31,82,140,121,162,171,149,193,78,98,39,94,46,155,17,21,108,159,109,135,144,106,65,87,13,95,152,22,133,75,172,79,117,102,110,177,40,179,58,161,182,36,195,83,158,54,119,72,71,23,5,141,97,184,70,104,92,160,];False
5502;8120;13622;[198,174,190,32,189,130,6,38,61,163,199,49,12,112,167,15,16,4,147,196,145,150,20,56,176,3,157,183,37,138,126,115,1,74,34,35,93,28,8,154,166,113,188,55,44,45,131,185,68,123,50,86,52,91,69,88,53,59,11,57,132,7,175,62,120,89,2,67,48,63,90,164,156,73,41,114,47,165,153,26,77,60,24,0,84,85,66,118,124,51,29,191,197,168,14,187,128,27,178,33,100,111,122,151,139,105,180,107,148,30,64,96,76,134,99,173,116,10,42,80,169,142,97,81,25,125,192,127,101,129,43,110,186,170,103,143,136,137,18,194,146,9,31,82,144,121,162,171,149,193,78,98,39,94,46,155,17,21,108,159,109,135,140,106,65,87,13,95,152,22,133,75,172,79,117,102,181,177,40,179,58,161,182,36,195,83,158,54,119,72,71,23,5,141,19,184,70,104,92,160,];False
5407;8212;13619;[198,174,190,32,189,130,6,38,61,163,199,49,12,112,167,15,16,4,147,0,24,150,20,56,176,3,157,183,37,138,126,115,1,74,34,35,93,28,8,154,166,113,188,55,44,45,131,185,68,123,50,86,52,91,69,88,53,59,11,57,132,7,175,62,120,89,2,67,48,63,90,164,156,73,41,114,47,165,153,26,77,60,145,196,84,85,66,118,124,51,29,191,197,168,14,187,128,27,178,33,100,111,122,151,139,105,180,107,148,30,64,96,76,134,99,173,116,10,42,80,169,142,19,81,25,125,192,127,101,129,43,181,186,170,103,143,136,137,18,194,146,9,31,82,144,121,162,171,149,193,78,98,39,94,46,155,17,21,108,159,109,135,95,106,65,87,13,140,152,22,133,75,172,79,117,102,110,177,40,179,58,161,182,36,195,83,158,54,119,72,71,23,5,141,97,184,70,104,92,160,];False
5489;8129;13618;[198,174,190,32,189,130,6,38,61,163,199,49,12,112,167,15,16,4,147,196,145,150,20,56,176,3,157,183,37,138,126,115,1,74,34,35,93,28,8,154,166,113,188,55,44,45,131,185,68,123,50,86,52,91,69,88,53,59,11,57,132,7,175,62,120,89,2,67,48,63,90,164,156,73,41,114,47,165,153,26,77,60,24,0,84,85,66,118,124,51,29,191,197,168,14,187,128,27,178,33,100,161,122,151,139,105,180,107,148,30,64,96,76,134,99,173,116,10,42,80,169,142,97,81,25,125,192,127,101,129,43,181,186,170,103,143,136,137,18,194,146,9,31,82,144,121,162,171,149,193,78,98,39,94,46,155,17,21,108,159,109,135,140,106,65,87,13,95,152,22,133,75,172,79,117,102,110,177,40,179,58,111,182,36,195,83,158,54,119,72,71,23,5,141,19,184,70,104,92,160,];False
5488;8130;13618;[198,174,190,32,189,130,6,38,61,163,199,49,12,112,167,15,16,4,147,196,145,150,20,56,176,3,157,183,37,138,126,115,1,74,34,35,93,28,8,154,166,113,188,55,44,45,131,185,68,123,50,86,52,91,69,88,53,59,11,57,132,7,175,62,120,89,2,67,48,63,90,164,156,73,41,114,47,165,153,26,77,60,24,0,84,85,66,118,124,51,29,191,197,168,14,187,128,27,178,33,100,111,122,151,139,105,180,107,148,30,64,96,76,134,99,173,116,10,42,80,169,142,97,81,25,125,192,127,101,129,43,181,186,170,103,143,136,137,18,140,146,9,31,82,144,121,162,171,149,193,78,98,39,94,46,155,17,21,108,159,109,135,194,106,65,87,13,95,152,22,133,75,172,79,117,102,110,177,40,179,58,161,182,36,195,83,158,54,119,72,71,23,5,141,19,184,70,104,92,160,];False
5463;8153;13616;[198,174,190,32,189,130,6,38,61,163,199,49,12,112,167,15,16,4,147,196,145,150,20,56,176,3,157,183,37,138,126,115,1,74,34,35,17,28,8,154,166,113,188,55,44,45,131,185,68,123,50,86,52,91,69,88,53,59,11,57,132,7,175,62,120,89,2,67,48,63,90,164,156,73,41,114,47,165,153,26,77,60,24,0,84,85,66,118,124,51,29,191,197,168,14,187,128,27,178,33,100,111,122,151,139,105,180,107,148,30,64,96,76,134,99,173,116,10,42,80,169,142,97,81,25,125,192,127,101,129,43,181,186,170,103,143,136,137,18,194,146,9,31,82,144,121,162,171,149,193,78,98,39,94,46,155,93,21,108,159,109,135,140,106,65,87,13,95,152,22,133,75,172,79,117,102,110,177,40,179,58,161,182,36,195,83,158,54,119,72,71,23,5,141,19,184,70,104,92,160,];False
5475;8140;13615;[198,174,190,32,189,130,6,38,61,163,199,49,12,112,167,15,16,4,147,196,145,150,20,56,176,3,157,183,37,138,126,77,1,74,34,35,93,28,8,154,166,113,188,55,44,45,131,185,68,123,50,86,52,91,69,88,53,59,11,57,132,7,175,62,120,89,2,67,48,63,90,164,156,73,41,114,47,165,153,26,115,60,24,0,84,85,66,118,124,51,29,191,197,168,14,187,128,27,178,33,100,111,122,151,139,105,180,107,148,30,64,96,76,134,99,173,116,10,42,80,169,142,97,81,25,125,192,127,101,129,43,181,186,170,103,143,136,137,18,194,146,9,31,82,144,121,162,171,149,193,78,98,39,94,46,155,17,21,108,159,109,135,140,106,65,87,13,95,152,22,133,75,172,79,117,102,110,177,40,179,58,161,182,36,195,83,158,54,119,72,71,23,5,141,19,184,70,104,92,160,];False
5507;8108;13615;[198,174,190,32,189,130,6,38,61,163,199,49,12,112,167,15,16,4,147,196,145,150,20,56,176,3,157,183,37,138,126,115,1,74,34,35,93,28,8,154,166,113,188,55,44,45,131,185,68,123,50,127,52,91,69,88,53,59,11,57,132,7,175,62,120,89,2,67,48,63,90,164,156,73,41,114,47,165,153,26,77,60,24,0,84,85,66,118,124,51,29,191,197,168,14,187,128,27,178,33,100,111,122,151,139,105,180,107,148,30,64,96,76,134,99,173,116,10,42,80,169,142,97,81,25,125,192,86,101,129,43,181,186,170,103,143,136,137,18,194,146,9,31,82,144,121,162,171,149,193,78,98,39,94,46,155,17,21,108,159,109,135,140,106,65,87,13,95,152,22,133,75,172,79,117,102,110,177,40,179,58,161,182,36,195,83,158,54,119,72,71,23,5,141,19,184,70,104,92,160,];False
5516;8098;13614;[198,174,190,32,189,130,6,61,38,163,199,49,12,185,167,15,16,4,147,196,145,150,20,56,176,3,157,183,37,138,126,115,1,74,34,35,93,28,8,154,166,113,188,55,44,45,131,112,68,123,50,86,52,91,69,88,53,59,11,57,132,7,175,62,120,89,2,67,48,63,29,164,156,73,41,114,47,165,153,26,77,60,24,0,84,85,66,118,124,51,90,191,197,168,14,187,128,27,178,33,100,111,122,151,139,105,180,107,148,30,64,96,76,134,184,173,116,10,42,80,169,142,97,81,25,125,192,127,101,129,43,181,186,170,103,143,136,137,18,194,146,9,31,82,144,121,162,171,149,193,78,98,39,94,46,155,17,21,108,159,109,135,140,106,65,87,13,95,152,22,133,75,172,79,117,102,110,177,40,179,58,161,182,36,195,83,158,54,119,72,71,23,5,141,19,99,70,104,92,160,];False
5458;8153;13611;[198,174,190,32,189,130,6,38,61,163,199,49,12,112,167,15,16,4,147,0,24,150,20,56,176,3,157,183,37,138,126,115,1,74,34,35,93,28,8,154,166,113,188,55,44,45,131,185,68,123,50,86,52,91,69,88,53,59,11,57,132,7,175,62,120,89,2,67,48,63,90,164,156,73,41,114,47,165,153,26,77,60,145,196,84,85,66,118,124,51,29,191,197,168,14,187,128,27,178,33,100,111,122,151,139,105,180,107,148,30,64,96,76,134,99,173,116,10,42,80,169,142,19,81,25,125,192,127,101,129,43,181,186,170,103,143,136,137,18,194,146,9,31,72,144,121,162,171,149,193,78,98,39,94,46,155,17,21,108,159,109,135,140,106,65,87,13,95,152,22,133,75,172,79,117,102,110,177,40,179,58,161,182,36,195,83,158,54,119,82,71,23,5,141,97,184,70,104,92,160,];False
5508;8102;13610;[198,174,190,32,189,130,6,38,61,163,199,49,12,112,167,15,16,4,147,196,145,150,20,56,176,3,157,183,37,138,126,115,1,74,34,35,93,28,8,154,166,113,188,55,44,45,131,185,68,123,50,86,52,91,69,88,53,59,11,57,132,7,175,62,120,89,2,67,48,63,29,164,156,73,41,114,47,165,153,26,77,60,24,0,84,85,66,118,124,51,90,119,197,168,14,187,128,27,178,33,100,111,122,151,139,105,180,107,148,30,64,96,76,134,99,173,116,10,42,80,169,142,97,81,25,125,192,127,101,129,43,181,186,170,103,143,136,137,18,194,146,9,31,82,144,121,162,171,149,193,78,98,39,94,46,155,17,21,108,159,109,135,140,106,65,87,13,95,152,22,133,75,172,79,117,102,110,177,40,179,58,161,182,36,195,83,158,54,191,72,71,23,5,141,19,184,70,104,92,160,];False
5491;8119;13610;[198,174,190,32,189,130,6,38,61,163,199,49,12,112,167,15,16,4,147,196,145,150,20,56,176,3,157,183,37,138,126,115,1,74,34,35,93,28,8,154,166,113,188,55,44,45,131,185,68,123,50,86,52,91,69,88,53,59,11,57,132,7,175,62,120,89,2,67,48,63,90,164,156,73,41,114,47,165,153,26,77,60,24,0,84,85,66,118,124,51,29,191,197,168,14,187,128,27,178,33,100,111,122,151,139,105,180,107,148,30,64,96,76,134,99,173,116,10,42,80,169,142,97,81,25,125,192,127,101,129,43,181,186,170,103,143,136,137,18,194,65,9,31,82,144,121,162,171,149,193,78,98,39,94,46,155,17,21,108,159,109,135,140,106,146,87,13,95,152,22,133,75,172,79,117,102,110,177,40,179,58,161,182,36,195,83,158,54,119,72,71,23,5,141,19,184,70,104,92,160,];False
5471;8138;13609;[198,174,190,32,100,130,6,38,61,163,199,49,12,112,167,15,16,4,147,196,145,150,20,56,176,3,157,183,37,138,126,115,1,74,34,35,93,28,8,154,166,113,188,55,44,45,131,185,68,123,50,86,52,91,69,88,53,59,11,57,132,7,175,62,120,89,2,67,48,63,90,164,156,73,41,114,47,165,153,26,77,60,24,0,84,85,66,118,124,51,29,191,197,168,14,187,128,27,178,33,189,111,122,151,139,105,180,107,148,30,64,96,76,134,99,173,116,10,42,80,169,142,97,81,25,125,192,127,101,129,43,181,186,170,103,143,136,137,18,194,146,9,31,82,144,121,162,171,149,193,78,98,39,94,46,155,17,21,108,159,109,135,140,106,65,87,13,95,152,22,133,75,172,79,117,102,110,177,40,179,58,161,182,36,195,83,158,54,119,72,71,23,5,141,19,184,70,104,92,160,];False
5537;8072;13609;[198,174,190,32,189,130,6,61,38,163,199,49,12,185,167,15,16,4,147,196,145,150,20,56,176,3,157,183,37,138,126,115,1,74,34,35,93,28,8,154,166,113,188,55,44,45,131,112,68,123,50,86,52,91,69,88,53,59,11,57,132,7,175,62,120,89,2,67,48,63,29,164,156,73,41,114,47,165,153,26,77,60,171,0,84,85,66,118,124,51,90,191,197,168,14,187,128,27,178,33,100,111,122,151,139,105,180,107,148,30,64,96,76,134,99,173,116,10,42,80,169,142,97,81,25,125,192,127,101,129,43,181,186,170,103,143,136,137,18,194,146,9,31,82,144,121,162,24,149,193,78,98,39,94,46,155,17,21,108,159,109,135,140,106,65,87,13,95,152,22,133,75,172,79,117,102,110,177,40,179,58,161,182,36,195,83,158,54,119,72,71,23,5,141,19,184,70,104,92,160,];False
5393;8215;13608;[198,174,190,32,189,130,6,38,61,163,199,49,12,112,167,15,16,4,147,28,24,150,20,56,176,3,157,183,37,138,126,115,1,74,34,35,93,0,8,154,166,113,188,55,44,45,131,185,68,123,50,86,52,91,69,88,53,59,11,57,132,7,175,62,120,89,2,67,48,63,90,164,156,73,41,114,47,165,153,26,77,60,145,196,84,85,66,118,124,51,29,191,197,168,14,187,128,27,178,33,100,111,122,151,139,105,180,107,148,30,64,96,76,134,99,173,116,10,42,80,169,142,19,155,25,125,192,127,101,129,43,181,186,170,103,143,136,137,18,194,146,9,31,82,144,121,162,171,149,193,78,98,39,94,46,81,17,21,108,159,109,135,140,106,65,87,13,95,152,22,133,75,172,79,117,102,110,177,40,179,58,161,182,36,195,83,158,54,119,72,71,23,5,141,97,184,70,104,92,160,];False
5458;8149;13607;[198,174,190,32,189,130,6,38,61,163,199,49,12,112,167,15,16,4,147,196,145,150,20,56,176,3,157,182,37,138,126,115,1,74,34,35,93,28,8,154,166,113,188,55,44,45,131,185,68,123,50,86,52,91,69,88,53,59,11,57,132,7,175,62,120,89,2,67,48,63,90,164,156,73,41,114,47,165,153,26,77,60,24,0,84,85,66,118,124,51,29,191,197,168,14,187,128,27,178,33,100,111,122,151,139,105,180,107,148,30,64,96,76,134,99,173,116,10,42,80,169,142,97,81,25,125,192,127,101,129,43,181,186,170,103,143,136,137,18,194,146,9,31,82,144,121,162,171,149,193,78,98,39,94,46,155,17,21,108,159,109,135,140,106,65,87,13,95,152,22,133,75,172,79,117,102,110,177,40,179,58,161,183,36,195,83,158,54,119,72,71,23,5,141,19,184,70,104,92,160,];False
5459;8146;13605;[198,174,190,32,189,130,6,38,61,163,199,49,12,112,167,15,16,4,147,196,145,150,20,56,176,3,157,183,37,138,126,115,1,74,34,35,93,28,8,154,166,113,188,55,44,45,131,185,68,123,50,86,52,91,69,88,53,59,11,57,132,7,175,62,120,89,2,67,48,63,90,164,156,73,41,114,47,165,153,26,77,60,24,0,84,85,66,118,124,51,29,191,197,168,14,187,128,27,178,33,100,111,122,151,139,105,180,107,148,30,64,96,76,101,99,173,116,10,42,80,169,142,19,81,25,125,192,127,134,129,43,181,186,170,103,143,136,137,18,194,146,9,31,82,144,121,162,171,149,193,78,98,39,94,46,155,17,21,108,159,109,135,140,106,65,87,13,95,152,22,133,75,172,79,117,102,110,177,40,179,58,161,182,36,195,83,158,54,119,72,71,23,5,141,97,184,70,104,92,160,];False
5471;8134;13605;[198,174,190,32,189,130,6,38,61,163,199,49,12,112,167,15,16,4,147,196,145,150,20,56,176,3,157,183,37,138,126,115,1,74,34,35,93,28,8,154,166,113,188,55,44,45,185,131,68,123,50,86,52,91,69,88,53,59,11,57,132,7,175,62,120,89,2,67,48,63,90,164,156,73,41,114,47,165,153,26,77,60,24,0,84,85,66,118,124,51,29,191,197,168,14,187,128,27,178,33,100,111,122,151,139,105,180,107,148,30,64,96,76,134,99,173,116,10,42,80,169,142,97,81,25,125,192,127,101,129,43,181,186,170,103,143,136,137,18,194,146,9,31,82,144,121,162,171,149,193,78,98,39,94,46,155,17,21,108,159,109,135,140,106,65,87,13,95,152,22,133,75,172,79,117,102,110,177,40,179,58,161,182,36,195,83,158,54,119,72,71,23,5,141,19,184,70,104,92,160,];False
5486;8118;13604;[198,174,190,32,189,130,6,38,61,163,199,49,12,112,167,15,16,4,147,196,145,150,20,56,176,3,157,183,37,138,126,115,1,74,34,35,93,28,8,154,166,113,188,55,44,13,131,185,68,123,50,86,52,91,69,88,53,59,11,57,132,7,175,62,120,89,2,67,48,63,90,164,156,73,41,114,47,165,153,26,77,60,24,0,84,85,66,118,124,51,29,191,197,168,14,187,128,27,178,33,100,111,122,151,139,105,180,107,148,30,64,96,76,134,99,173,116,10,42,80,169,142,97,81,25,125,192,127,101,129,43,181,186,170,103,143,136,137,18,194,146,9,31,82,144,121,162,171,149,193,78,98,39,94,46,155,17,21,108,159,109,135,140,106,65,87,45,95,152,22,133,75,172,79,117,102,110,177,40,179,58,161,182,36,195,83,158,54,119,72,71,23,5,141,19,184,70,104,92,160,];False
5518;8084;13602;[198,174,190,32,189,130,6,38,61,163,199,49,12,89,167,15,16,4,147,196,145,150,20,56,176,3,157,183,37,138,126,115,1,74,34,35,93,28,8,154,166,113,188,55,44,45,131,185,68,123,50,86,52,91,69,88,53,59,11,57,132,7,175,62,120,112,2,67,48,63,29,164,156,73,41,114,47,165,153,26,77,60,24,0,84,85,66,118,124,51,90,191,197,168,14,187,128,27,178,33,100,111,122,151,139,105,180,107,148,30,64,96,76,134,99,173,116,10,42,80,169,142,97,81,25,125,192,127,101,129,43,181,186,170,103,143,136,137,18,194,146,9,31,82,144,121,162,171,149,193,78,98,39,94,46,155,17,21,108,159,109,135,140,106,65,87,13,95,152,22,133,75,172,79,117,102,110,177,40,179,58,161,182,36,195,83,158,54,119,72,71,23,5,141,19,184,70,104,92,160,];False
5461;8141;13602;[198,174,190,32,189,130,6,38,61,163,199,49,12,112,167,15,16,4,147,196,145,150,20,56,176,3,157,183,37,138,126,115,1,74,34,35,93,28,8,154,166,113,188,55,44,45,131,185,68,123,50,86,52,91,69,88,53,59,11,57,132,7,175,62,120,89,2,67,48,63,90,164,156,73,41,114,47,165,153,26,77,160,24,0,84,85,66,118,124,51,29,191,197,168,14,187,128,27,178,33,100,111,122,151,139,105,180,107,148,30,64,96,76,134,99,173,116,10,42,80,169,142,97,81,25,125,192,127,101,129,43,181,186,170,103,143,136,137,18,194,146,9,31,82,144,121,162,171,149,193,78,98,39,94,46,155,17,21,108,159,109,135,140,106,65,87,13,95,152,22,133,75,172,79,117,102,110,177,40,179,58,161,182,36,195,83,158,54,119,72,71,23,5,141,19,184,70,104,92,60,];False
5413;8188;13601;[198,174,190,32,189,130,6,54,61,163,199,49,12,112,167,15,16,4,147,196,145,150,20,56,176,3,157,183,37,138,126,115,1,74,34,35,93,28,8,154,166,113,188,55,44,45,131,185,68,123,50,86,52,91,69,88,53,59,11,57,132,7,175,62,120,89,2,67,48,63,90,164,156,73,41,114,47,165,153,26,77,60,24,0,84,85,66,118,124,51,29,191,197,168,14,187,128,27,178,33,100,111,122,151,139,105,180,107,148,30,64,96,76,134,99,173,116,10,42,80,169,142,97,81,25,125,192,127,101,129,43,181,186,170,103,143,136,137,18,194,146,9,31,82,144,121,162,171,149,193,78,98,39,94,46,155,17,21,108,159,109,135,140,106,65,87,13,95,152,22,133,75,172,79,117,102,110,177,40,179,58,161,182,36,195,83,158,38,119,72,71,23,5,141,19,184,70,104,92,160,];False
5471;8128;13599;[198,174,190,32,189,130,129,38,61,163,199,49,12,112,167,15,16,4,147,196,145,150,20,56,176,3,157,183,37,138,126,115,1,74,34,35,93,28,8,154,166,113,188,55,44,45,131,185,68,123,50,86,52,91,69,88,53,59,11,57,132,7,175,62,120,89,2,67,48,63,90,164,156,73,41,114,47,165,153,26,77,60,24,0,84,85,66,118,124,51,29,191,197,168,14,187,128,27,178,33,100,111,122,151,139,105,180,107,148,30,64,96,76,134,99,173,116,10,42,80,169,142,97,81,25,125,192,127,101,6,43,181,186,170,103,143,136,137,18,194,146,9,31,82,144,121,162,171,149,193,78,98,39,94,46,155,17,21,108,159,109,135,140,106,65,87,13,95,152,22,133,75,172,79,117,102,110,177,40,179,58,161,182,36,195,83,158,54,119,72,71,23,5,141,19,184,70,104,92,160,];False
5386;8213;13599;[198,174,190,32,189,130,6,38,61,163,199,49,12,112,167,15,16,4,147,28,24,150,20,56,176,3,157,183,37,138,126,115,1,74,34,35,93,0,8,154,166,113,188,55,44,45,131,185,68,123,50,86,52,91,69,88,53,59,11,57,132,7,175,62,120,89,2,67,48,63,90,164,156,73,41,114,47,165,153,26,77,60,145,196,84,85,66,118,124,51,170,191,197,168,14,187,128,27,178,33,100,111,122,151,139,105,180,107,148,30,64,96,76,134,99,173,116,10,42,80,169,142,19,81,25,125,192,127,101,129,43,181,186,29,103,143,136,137,18,194,146,9,31,82,144,121,162,171,149,193,78,98,39,94,46,155,17,21,108,159,109,135,140,106,65,87,13,95,152,22,133,75,172,79,117,102,110,177,40,179,58,161,182,36,195,83,158,54,119,72,71,23,5,141,97,184,70,104,92,160,];False
5322;8276;13598;[198,174,190,32,189,130,6,38,61,163,199,49,12,112,167,15,16,4,147,28,24,150,20,56,176,3,157,183,37,138,126,115,1,74,64,35,93,0,8,154,166,113,188,55,44,45,131,185,68,123,50,86,52,91,69,88,53,59,11,57,132,7,175,62,120,89,2,67,48,63,90,164,156,73,41,114,47,165,153,26,77,60,145,196,84,85,66,118,124,51,29,191,197,168,14,187,128,27,178,33,100,111,122,151,139,105,180,107,148,30,34,96,76,134,99,173,116,10,42,80,169,142,19,81,25,125,192,127,101,129,43,181,186,170,103,143,136,137,18,194,146,9,31,82,144,121,162,171,149,193,78,98,39,94,46,155,17,21,108,159,109,135,140,106,65,87,13,95,152,22,133,75,172,79,117,102,110,177,40,179,58,161,182,36,195,83,158,54,119,72,71,23,5,141,97,184,70,104,92,160,];False
5415;8183;13598;[198,174,190,32,189,130,6,38,61,163,199,49,12,112,167,15,16,4,147,196,145,150,20,56,176,3,157,183,37,138,126,115,1,74,34,35,93,28,8,154,166,113,188,55,44,45,131,185,68,123,11,86,52,91,69,88,53,59,50,57,132,7,175,62,120,89,2,67,48,63,90,164,156,73,41,114,47,165,153,26,77,60,24,0,84,85,66,118,124,51,29,191,197,168,14,187,128,27,178,33,100,111,122,151,139,105,180,107,148,30,64,96,76,134,99,173,116,10,42,80,169,142,97,81,25,125,192,127,101,129,43,181,186,170,103,143,136,137,18,194,146,9,31,82,144,121,162,171,149,193,78,98,39,94,46,155,17,21,108,159,109,135,140,106,65,87,13,95,152,22,133,75,172,79,117,102,110,177,40,179,58,161,182,36,195,83,158,54,119,72,71,23,5,141,19,184,70,104,92,160,];False
5441;8156;13597;[198,174,190,32,189,130,6,38,61,163,199,49,12,112,167,15,16,4,147,196,145,150,20,56,176,3,157,183,37,138,126,115,1,74,34,35,93,28,8,154,166,113,188,55,44,45,131,185,68,123,50,86,52,91,69,88,53,59,11,57,132,7,175,62,120,89,2,67,48,63,90,164,156,73,41,114,47,165,153,26,77,60,24,0,84,85,66,118,124,51,29,191,197,168,14,187,128,27,178,33,100,111,122,151,139,105,180,107,148,30,64,96,76,134,99,173,116,10,42,80,169,142,97,159,25,125,192,127,101,129,43,181,186,170,103,143,136,137,18,194,146,9,31,82,144,121,162,171,149,193,78,98,39,94,46,155,17,21,108,81,109,135,140,106,65,87,13,95,152,22,133,75,172,79,117,102,110,177,40,179,58,161,182,36,195,83,158,54,119,72,71,23,5,141,19,184,70,104,92,160,];False
5481;8116;13597;[198,174,190,32,189,130,6,38,61,163,199,49,12,112,167,15,16,4,147,196,145,150,20,56,176,3,157,183,37,138,126,115,1,74,34,35,93,28,8,154,166,113,188,55,159,45,131,185,68,123,50,86,52,91,69,88,53,59,11,57,132,7,175,62,120,89,2,67,48,63,29,164,156,73,41,114,47,165,153,26,77,60,24,0,84,85,66,118,124,51,90,191,197,168,14,187,128,27,178,33,100,111,122,151,139,105,180,107,148,30,64,96,76,134,99,173,116,10,42,80,169,142,97,81,25,125,192,127,101,129,43,181,186,170,103,143,136,137,18,194,146,9,31,82,144,121,162,171,149,193,78,98,39,94,46,155,17,21,108,44,109,135,140,106,65,87,13,95,152,22,133,75,172,79,117,102,110,177,40,179,58,161,182,36,195,83,158,54,119,72,71,23,5,141,19,184,70,104,92,160,];False
5415;8181;13596;[198,174,190,32,189,130,6,38,61,163,199,49,12,112,167,15,16,4,147,0,145,150,20,56,176,3,157,183,37,138,126,115,1,74,34,35,93,28,8,154,166,113,188,55,44,45,131,185,68,123,50,86,52,91,69,88,53,59,11,57,132,7,175,62,120,89,2,67,48,63,90,164,156,73,41,114,47,165,153,26,77,60,24,196,84,85,66,118,124,51,29,191,197,168,14,187,128,27,178,33,100,111,122,151,139,105,180,107,148,30,64,96,76,134,99,173,116,10,42,80,169,142,19,81,25,125,192,127,101,129,43,181,186,170,103,143,136,137,18,194,146,9,31,82,144,121,162,171,149,193,78,98,58,94,46,155,17,21,108,159,109,135,140,106,65,87,13,95,152,22,133,75,172,79,117,102,110,177,40,179,39,161,182,36,195,83,158,54,119,72,71,23,5,141,97,184,70,104,92,160,];False
5386;8209;13595;[198,174,190,32,189,130,6,38,61,163,199,49,12,112,167,15,16,4,147,28,24,150,20,56,176,3,157,183,37,138,126,115,1,74,34,35,93,0,8,154,166,113,188,55,44,45,131,185,68,123,50,86,52,91,69,88,53,59,11,57,132,7,175,62,120,89,2,67,48,63,90,164,156,73,41,114,47,165,153,26,77,60,145,196,84,85,66,118,124,51,81,191,197,168,14,187,128,27,178,33,100,111,122,151,139,105,180,107,148,30,64,96,76,134,99,173,116,10,42,80,169,142,19,29,25,125,192,127,101,129,43,181,186,170,103,143,136,137,18,194,146,9,31,82,144,121,162,171,149,193,78,98,39,94,46,155,17,21,108,159,109,135,140,106,65,87,13,95,152,22,133,75,172,79,117,102,110,177,40,179,58,161,182,36,195,83,158,54,119,72,71,23,5,141,97,184,70,104,92,160,];False
5423;8170;13593;[198,174,190,32,189,130,6,38,61,163,199,49,12,112,167,15,16,4,147,196,145,150,20,56,176,3,157,183,37,138,126,115,1,74,34,35,93,28,8,154,166,113,188,55,44,45,131,185,68,123,50,86,52,91,69,88,53,59,11,57,132,7,175,62,120,89,2,67,48,63,90,164,156,73,41,114,47,165,153,26,77,60,24,0,84,85,66,118,124,51,29,191,197,168,14,187,128,27,178,33,100,111,122,151,139,105,180,107,148,30,64,96,76,134,99,173,116,10,42,80,169,142,97,81,25,125,192,127,101,129,43,181,186,162,103,143,136,137,18,194,146,9,31,82,144,121,170,171,149,193,78,98,39,94,46,155,17,21,108,159,109,135,140,106,65,87,13,95,152,22,133,75,172,79,117,102,110,177,40,179,58,161,182,36,195,83,158,54,119,72,71,23,5,141,19,184,70,104,92,160,];False
5445;8148;13593;[198,174,190,32,189,130,6,38,61,163,199,49,12,112,167,15,16,4,147,196,145,150,20,56,176,3,157,183,37,138,126,115,1,74,34,35,93,28,8,154,166,113,188,55,44,45,131,185,68,123,50,86,52,91,69,88,53,59,11,57,132,7,175,62,120,89,2,67,48,63,90,164,156,73,41,114,47,165,153,26,77,60,24,0,84,85,66,118,124,51,29,191,197,168,14,187,128,27,178,33,100,111,122,151,81,105,180,107,148,30,64,96,76,134,99,173,116,10,42,80,169,142,97,139,25,125,192,127,101,129,43,181,186,170,103,143,136,137,18,194,146,9,31,82,144,121,162,171,149,193,78,98,39,94,46,155,17,21,108,159,109,135,140,106,65,87,13,95,152,22,133,75,172,79,117,102,110,177,40,179,58,161,182,36,195,83,158,54,119,72,71,23,5,141,19,184,70,104,92,160,];False
5391;8201;13592;[198,174,190,32,189,64,6,38,61,163,199,49,12,112,167,15,16,4,147,196,145,150,20,56,176,3,157,183,37,138,126,115,1,74,34,35,93,28,8,154,166,113,188,55,44,45,131,185,68,123,50,86,52,91,69,88,53,59,11,57,132,7,175,62,120,89,2,67,48,63,90,164,156,73,41,114,47,165,153,26,77,60,24,0,84,85,66,118,124,51,29,191,197,168,14,187,128,27,178,33,100,111,122,151,139,105,180,107,148,30,130,96,76,134,99,173,116,10,42,80,169,142,97,81,25,125,192,127,101,129,43,181,186,170,103,143,136,137,18,194,146,9,31,82,144,121,162,171,149,193,78,98,39,94,46,155,17,21,108,159,109,135,140,106,65,87,13,95,152,22,133,75,172,79,117,102,110,177,40,179,58,161,182,36,195,83,158,54,119,72,71,23,5,141,19,184,70,104,92,160,];False
5454;8138;13592;[92,174,190,32,189,130,6,38,61,163,199,49,12,112,167,15,16,4,147,196,145,150,20,56,176,3,157,183,37,138,126,115,1,74,34,35,93,28,8,154,166,113,188,55,44,45,131,185,68,123,50,86,52,91,69,88,53,59,11,57,132,7,175,62,120,89,2,67,48,63,90,164,156,73,41,114,47,165,153,26,77,60,24,0,84,85,66,118,124,51,29,191,197,168,14,187,128,27,178,33,100,111,122,151,139,105,180,107,148,30,64,96,76,134,99,173,116,10,42,80,169,142,97,81,25,125,192,127,101,129,43,181,186,170,103,143,136,137,18,194,146,9,31,82,144,121,162,171,149,193,78,98,39,94,46,155,17,21,108,159,109,135,140,106,65,87,13,95,152,22,133,75,172,79,117,102,110,177,40,179,58,161,182,36,195,83,158,54,119,72,71,23,5,141,19,184,70,104,198,160,];False
5373;8217;13590;[198,174,190,32,189,130,6,38,61,163,199,49,12,112,167,15,16,4,147,0,24,150,20,56,176,3,157,183,37,138,126,115,1,74,34,35,93,28,8,154,166,113,188,55,44,45,131,185,68,123,50,86,52,91,69,88,53,59,11,57,132,7,175,62,120,89,2,67,48,63,90,164,156,73,41,114,47,165,153,26,77,60,145,196,84,85,66,118,124,51,29,191,197,30,14,187,128,27,178,33,100,111,122,151,139,105,180,107,148,168,64,96,76,134,99,173,116,10,42,80,169,142,19,81,25,125,192,127,101,129,43,181,186,170,103,143,136,137,18,194,146,9,31,82,144,121,162,171,149,193,78,98,39,94,46,155,17,21,108,159,109,135,140,106,65,87,13,95,152,22,133,75,172,79,117,102,110,177,40,179,58,161,182,36,195,83,158,54,119,72,71,23,5,141,97,184,70,104,92,160,];False
5474;8116;13590;[198,174,190,32,189,130,6,38,61,163,199,49,12,112,167,15,16,4,147,196,145,150,20,56,176,3,157,183,37,138,126,115,1,74,34,35,93,28,8,154,166,113,188,55,44,45,131,185,68,123,50,86,52,91,69,88,53,59,11,57,132,7,175,62,120,89,2,67,48,63,90,164,156,73,41,114,47,165,153,26,77,60,24,0,84,85,66,118,124,51,29,191,197,168,14,187,128,27,178,33,100,111,122,151,139,105,180,107,148,30,64,96,76,134,99,173,116,10,42,80,169,142,97,110,25,125,192,127,101,129,43,181,186,170,103,143,136,137,18,194,146,9,31,82,144,121,162,171,149,193,78,98,39,94,46,155,17,21,108,159,109,135,140,106,65,87,13,95,152,22,133,75,172,79,117,102,81,177,40,179,58,161,182,36,195,83,158,54,119,72,71,23,5,141,19,184,70,104,92,160,];False
5461;8128;13589;[198,174,190,32,134,130,6,38,61,163,199,49,12,112,167,15,16,4,147,28,24,150,20,9,176,3,157,183,37,138,126,115,1,74,34,35,93,0,8,154,166,113,188,55,44,45,131,185,68,123,50,86,52,91,69,88,53,59,11,57,132,7,175,62,120,89,2,67,48,63,90,164,156,73,41,114,47,165,153,26,77,60,145,196,84,85,66,118,124,51,29,191,197,168,14,187,128,27,178,33,100,111,122,151,139,105,180,107,148,30,64,96,76,189,99,173,116,10,42,80,169,142,19,81,25,125,192,127,101,129,43,181,186,170,103,143,136,137,18,194,146,56,31,82,144,121,162,171,149,193,78,98,39,94,46,155,17,21,108,159,109,135,140,106,65,87,13,95,152,22,133,75,172,79,117,102,110,177,40,179,58,161,182,36,195,83,158,54,119,72,71,23,5,141,97,184,70,104,92,160,];False
5416;8173;13589;[198,174,190,32,189,130,6,38,61,163,199,49,12,112,167,15,16,4,147,196,145,150,20,56,176,3,157,183,37,138,126,115,1,74,34,35,93,28,8,154,166,113,188,55,44,45,131,185,68,123,50,86,52,91,69,88,53,59,11,57,132,7,175,62,120,89,2,67,48,63,90,164,156,73,41,114,47,165,153,26,105,60,24,0,84,85,66,118,124,51,29,191,197,168,14,187,128,27,178,33,100,111,122,151,139,77,180,107,148,30,64,96,76,134,99,173,116,10,42,80,169,142,97,81,25,125,192,127,101,129,43,181,186,170,103,143,136,137,18,194,146,9,31,82,144,121,162,171,149,193,78,98,39,94,46,155,17,21,108,159,109,135,140,106,65,87,13,95,152,22,133,75,172,79,117,102,110,177,40,179,58,161,182,36,195,83,158,54,119,72,71,23,5,141,19,184,70,104,92,160,];False
5443;8145;13588;[198,174,190,32,189,130,6,38,61,163,199,49,12,112,167,15,16,4,147,196,145,150,20,56,108,3,157,183,37,138,126,115,1,74,34,35,93,28,8,154,166,113,188,55,44,45,131,185,68,123,50,86,52,91,69,88,53,59,11,57,132,7,175,62,120,89,2,67,48,63,90,164,156,73,41,114,47,165,153,26,77,60,24,0,84,85,66,118,124,51,29,191,197,168,14,187,128,27,178,33,100,111,122,151,139,105,180,107,148,30,64,96,76,134,99,173,116,10,42,80,169,142,97,81,25,125,192,127,101,129,43,181,186,170,103,143,136,137,18,194,146,9,31,82,144,121,162,171,149,193,78,98,39,94,46,155,17,21,176,159,109,135,140,106,65,87,13,95,152,22,133,75,172,79,117,102,110,177,40,179,58,161,182,36,195,83,158,54,119,72,71,23,5,141,19,184,70,104,92,160,];False
5392;8196;13588;[198,174,190,32,189,130,6,38,61,163,199,49,12,112,167,15,16,4,147,28,24,150,20,56,176,3,157,183,37,138,126,115,1,74,34,35,93,0,8,154,166,113,188,55,44,45,131,185,68,123,50,86,52,91,69,88,53,59,11,57,132,7,175,62,120,89,2,67,48,63,90,164,156,73,41,114,47,165,153,26,77,60,145,196,84,85,66,118,124,51,29,191,197,168,14,187,128,27,178,33,100,111,122,151,139,105,180,107,148,30,64,96,76,134,99,173,116,10,42,80,169,142,19,81,25,125,192,127,101,129,43,181,186,170,103,143,136,137,18,194,146,9,31,82,110,121,162,171,149,193,78,98,39,94,46,155,17,21,108,159,109,135,140,106,65,87,13,95,152,22,133,75,172,79,117,102,144,177,40,179,58,161,182,36,195,83,158,54,119,72,71,23,5,141,97,184,70,104,92,160,];False
5500;8087;13587;[198,174,190,32,189,130,6,38,61,163,199,49,12,112,167,15,16,4,147,196,145,150,20,56,176,3,157,183,37,138,126,115,1,74,34,35,93,28,8,154,166,113,188,55,44,45,131,185,68,123,50,86,52,91,69,88,53,59,11,57,132,7,175,62,120,89,2,67,48,63,29,164,156,73,41,114,47,165,153,26,77,60,24,0,84,85,66,118,124,51,90,191,197,168,14,187,128,27,178,33,100,111,122,151,139,105,180,107,148,30,64,96,76,134,99,173,116,137,42,80,169,142,97,81,25,125,192,127,101,129,43,181,186,170,103,143,136,10,18,194,146,9,31,82,144,121,162,171,149,193,78,98,39,94,46,155,17,21,108,159,109,135,140,106,65,87,13,95,152,22,133,75,172,79,117,102,110,177,40,179,58,161,182,36,195,83,158,54,119,72,71,23,5,141,19,184,70,104,92,160,];False
5457;8130;13587;[198,174,190,32,189,130,6,38,61,163,199,49,12,9,167,15,16,4,147,196,145,150,20,56,176,3,157,183,37,138,126,115,1,74,34,35,93,28,8,154,166,113,188,55,44,45,131,185,68,123,50,86,52,91,69,88,53,59,11,57,132,7,175,62,120,89,2,67,48,63,29,164,156,73,41,114,47,165,153,26,77,60,24,0,84,85,66,118,124,51,90,191,197,168,14,187,128,27,178,33,100,111,122,151,139,105,180,107,148,30,64,96,76,134,99,173,116,10,42,80,169,142,97,81,25,125,192,127,101,129,43,181,186,170,103,143,136,137,18,194,146,112,31,82,144,121,162,171,149,193,78,98,39,94,46,155,17,21,108,159,109,135,140,106,65,87,13,95,152,22,133,75,172,79,117,102,110,177,40,179,58,161,182,36,195,83,158,54,119,72,71,23,5,141,19,184,70,104,92,160,];False
5434;8153;13587;[198,174,190,32,189,130,57,38,61,163,199,49,12,112,167,15,16,4,147,0,24,150,20,56,176,3,157,183,37,138,126,115,1,74,34,35,93,28,8,154,166,113,188,55,44,45,131,185,68,123,50,86,52,91,69,88,53,59,11,6,132,7,175,62,120,89,2,67,48,63,90,164,156,73,41,114,47,165,153,26,77,60,145,196,84,85,66,118,124,51,29,191,197,168,14,187,128,27,178,33,100,111,122,151,139,105,180,107,148,30,64,96,76,134,99,173,116,10,42,80,169,142,19,81,25,125,192,127,101,129,43,181,186,170,103,143,136,137,18,194,146,9,31,82,144,121,162,171,149,193,78,98,39,94,46,155,17,21,108,159,109,135,140,106,65,87,13,95,152,22,133,75,172,79,117,102,110,177,40,179,58,161,182,36,195,83,158,54,119,72,71,23,5,141,97,184,70,104,92,160,];False
5477;8110;13587;[198,174,190,32,189,130,6,38,61,163,199,49,12,112,167,15,16,4,147,196,145,150,20,56,176,3,157,183,37,138,126,115,1,74,34,35,93,28,8,154,166,113,188,55,44,45,131,185,68,123,50,86,52,91,18,88,53,59,11,57,132,7,175,62,120,89,2,67,48,63,90,164,156,73,41,114,47,165,153,26,77,60,24,0,84,85,66,118,124,51,29,191,197,168,14,187,128,27,178,33,100,111,122,151,139,105,180,107,148,30,64,96,76,134,99,173,116,10,42,80,169,142,97,81,25,125,192,127,101,129,43,181,186,170,103,143,136,137,69,194,146,9,31,82,144,121,162,171,149,193,78,98,39,94,46,155,17,21,108,159,109,135,140,106,65,87,13,95,152,22,133,75,172,79,117,102,110,177,40,179,58,161,182,36,195,83,158,54,119,72,71,23,5,141,19,184,70,104,92,160,];False
5415;8170;13585;[198,174,190,32,189,130,6,38,61,163,199,49,12,112,167,15,16,4,147,196,145,150,20,56,176,3,157,183,37,138,126,115,1,74,34,35,93,28,8,154,166,113,188,55,44,45,131,185,68,123,50,86,52,91,69,88,53,59,11,57,132,7,175,62,120,89,2,67,48,63,90,164,156,73,41,114,47,165,153,26,77,60,24,0,84,85,66,118,124,51,29,191,197,168,14,187,128,27,178,33,100,111,122,151,139,105,180,107,148,30,64,96,76,134,99,173,116,10,42,80,169,142,97,81,25,125,192,184,101,129,43,181,186,170,103,143,136,137,18,194,146,9,31,82,144,121,162,171,149,193,78,98,39,94,46,155,17,21,108,159,109,135,140,106,65,87,13,95,152,22,133,75,172,79,117,102,110,177,40,179,58,161,182,36,195,83,158,54,119,72,71,23,5,141,19,127,70,104,92,160,];False
5439;8145;13584;[198,174,190,32,189,130,6,38,61,163,199,49,12,112,167,15,16,4,147,196,145,150,20,56,176,3,157,183,37,138,126,115,1,74,34,35,93,28,8,154,166,113,188,55,44,45,131,185,68,123,50,86,52,91,69,88,53,59,11,57,132,7,175,62,120,89,2,67,48,63,90,164,156,73,41,114,47,165,153,26,77,60,24,0,84,85,66,118,124,51,29,191,197,168,14,187,128,27,178,33,100,111,122,151,139,105,180,107,148,30,64,186,76,134,99,173,116,10,42,80,169,142,97,81,25,125,192,127,101,129,43,181,96,170,103,143,136,137,18,194,146,9,31,82,144,121,162,171,149,193,78,98,39,94,46,155,17,21,108,159,109,135,140,106,65,87,13,95,152,22,133,75,172,79,117,102,110,177,40,179,58,161,182,36,195,83,158,54,119,72,71,23,5,141,19,184,70,104,92,160,];False
5307;8276;13583;[198,174,190,32,189,130,6,38,61,163,199,49,12,112,167,15,16,4,147,28,24,150,20,56,176,3,157,183,37,138,126,115,1,74,34,35,93,0,8,154,166,113,188,55,44,45,131,185,68,123,50,86,52,91,69,88,53,59,11,57,132,7,175,62,120,89,2,67,48,63,90,164,156,73,41,114,47,165,153,26,77,60,145,196,84,85,66,118,124,51,29,191,197,168,14,187,128,27,178,33,100,111,122,151,139,105,180,107,148,30,82,96,76,134,99,173,116,10,42,80,169,142,19,81,25,125,192,127,101,129,43,181,186,170,103,143,136,137,18,194,146,9,31,64,144,121,162,171,149,193,78,98,39,94,46,155,17,21,108,159,109,135,140,106,65,87,13,95,152,22,133,75,172,79,117,102,110,177,40,179,58,161,182,36,195,83,158,54,119,72,71,23,5,141,97,184,70,104,92,160,];False
5487;8094;13581;[198,174,190,32,189,130,6,38,61,163,199,49,12,112,167,15,16,4,147,196,145,150,20,56,176,3,157,183,37,138,126,115,1,74,34,35,93,28,8,154,166,113,197,55,44,45,131,185,68,123,50,86,52,91,69,88,53,59,11,57,132,7,175,62,120,89,2,67,48,63,90,164,156,73,41,114,47,165,153,26,77,60,24,0,84,85,66,118,124,51,29,191,188,168,14,187,128,27,178,33,100,111,122,151,139,105,180,107,148,30,64,96,76,134,99,173,116,10,42,80,169,142,97,81,25,125,192,127,101,129,43,181,186,170,103,143,136,137,18,194,146,9,31,82,144,121,162,171,149,193,78,98,39,94,46,155,17,21,108,159,109,135,140,106,65,87,13,95,152,22,133,75,172,79,117,102,110,177,40,179,58,161,182,36,195,83,158,54,119,72,71,23,5,141,19,184,70,104,92,160,];False
5428;8152;13580;[198,174,190,32,189,130,6,38,61,163,199,49,12,112,167,15,16,4,147,28,24,150,20,9,176,3,157,183,37,138,126,115,1,122,34,35,93,0,8,154,166,113,188,55,44,45,131,185,68,123,50,86,52,91,69,88,53,59,11,57,132,7,175,62,120,89,2,67,48,63,90,164,156,73,41,114,47,165,153,26,77,60,145,196,84,85,66,118,124,51,29,191,197,168,14,187,128,27,178,33,100,111,74,151,139,105,180,107,148,30,64,96,76,134,99,173,116,10,42,80,169,142,19,81,25,125,192,127,101,129,43,181,186,170,103,143,136,137,18,194,146,56,31,82,144,121,162,171,149,193,78,98,39,94,46,155,17,21,108,159,109,135,140,106,65,87,13,95,152,22,133,75,172,79,117,102,110,177,40,179,58,161,182,36,195,83,158,54,119,72,71,23,5,141,97,184,70,104,92,160,];False
5433;8147;13580;[198,174,190,32,189,130,6,38,61,163,199,49,12,112,167,15,16,4,147,196,145,150,20,56,176,3,157,183,37,138,126,115,1,74,34,35,93,28,8,154,166,113,188,55,44,45,131,185,68,123,50,86,52,91,69,88,53,178,11,57,132,7,175,62,120,89,2,67,48,63,90,164,156,73,41,114,47,165,153,26,77,60,24,0,84,85,66,118,124,51,29,191,197,168,14,187,128,27,59,33,100,111,122,151,139,105,180,107,148,30,64,96,76,134,99,173,116,10,42,80,169,142,97,81,25,125,192,127,101,129,43,181,186,170,103,143,136,137,18,194,146,9,31,82,144,121,162,171,149,193,78,98,39,94,46,155,17,21,108,159,109,135,140,106,65,87,13,95,152,22,133,75,172,79,117,102,110,177,40,179,58,161,182,36,195,83,158,54,119,72,71,23,5,141,19,184,70,104,92,160,];False
5448;8132;13580;[198,174,190,32,189,139,6,38,61,163,199,49,12,112,167,15,16,4,147,196,145,150,20,56,176,3,157,183,37,138,126,115,1,74,34,35,93,28,8,154,166,113,188,55,44,45,131,185,68,123,50,86,52,91,69,88,53,59,11,57,132,7,175,62,120,89,2,67,48,63,90,164,156,73,41,114,47,165,153,26,77,60,24,0,84,85,66,118,124,51,29,191,197,168,14,187,128,27,178,33,100,111,122,151,130,105,180,107,148,30,64,96,76,134,99,173,116,10,42,80,169,142,97,81,25,125,192,127,101,129,43,181,186,170,103,143,136,137,18,194,146,9,31,82,144,121,162,171,149,193,78,98,39,94,46,155,17,21,108,159,109,135,140,106,65,87,13,95,152,22,133,75,172,79,117,102,110,177,40,179,58,161,182,36,195,83,158,54,119,72,71,23,5,141,19,184,70,104,92,160,];False
5375;8204;13579;[198,174,190,32,189,130,6,38,61,163,199,17,12,112,167,15,16,4,147,28,24,150,20,9,176,3,157,183,37,138,126,115,1,74,34,35,93,0,8,154,166,113,188,55,44,45,131,185,68,123,50,86,52,91,69,164,53,59,11,57,132,7,175,62,120,89,2,67,56,63,90,88,156,73,41,114,47,165,153,26,77,60,145,196,84,85,66,118,124,51,29,191,197,168,14,187,128,27,178,33,100,111,122,151,139,105,180,107,148,30,64,96,76,134,99,173,116,10,42,80,169,142,19,81,25,125,192,127,101,129,43,181,186,170,103,143,136,137,18,194,146,48,31,82,144,121,162,171,149,193,78,98,39,94,46,155,49,21,108,159,109,135,140,106,65,87,13,95,152,22,133,75,172,79,117,102,110,177,40,179,58,161,182,36,195,83,158,54,119,72,71,23,5,141,97,184,70,104,92,160,];False
5474;8104;13578;[198,174,190,32,189,130,6,38,61,163,199,49,12,112,167,15,16,4,147,28,24,150,20,9,176,3,157,183,37,138,126,115,1,74,34,35,93,0,8,154,166,113,188,55,44,45,131,185,68,123,50,86,52,91,69,164,53,59,11,57,132,7,175,62,120,89,2,67,48,63,90,88,156,73,41,114,47,165,153,26,77,60,145,196,84,85,66,118,124,51,29,191,197,168,14,187,128,27,178,33,100,111,122,151,139,105,180,107,148,30,64,96,76,134,99,173,116,10,42,80,81,142,19,169,25,125,192,127,101,129,43,181,186,170,103,143,136,137,18,194,146,56,31,82,144,121,162,171,149,193,78,98,39,94,46,155,17,21,108,159,109,135,140,106,65,87,13,95,152,22,133,75,172,79,117,102,110,177,40,179,58,161,182,36,195,83,158,54,119,72,71,23,5,141,97,184,70,104,92,160,];False
5415;8160;13575;[198,174,190,32,189,130,6,38,61,163,199,49,12,112,167,15,16,4,147,28,24,150,20,9,176,3,157,183,37,138,126,115,1,74,34,35,93,0,8,154,166,113,188,55,44,45,131,185,68,123,50,86,52,91,69,164,53,59,11,57,132,7,175,62,120,89,2,67,56,63,90,88,156,73,41,114,47,165,153,26,77,60,145,196,84,85,66,118,124,51,29,191,197,168,14,187,128,27,178,33,100,111,122,151,139,105,180,107,148,30,19,96,76,134,99,173,116,10,42,80,169,142,64,81,25,125,192,127,101,129,43,181,186,170,103,143,136,137,18,194,146,48,31,82,144,121,162,171,149,193,78,98,39,94,46,155,17,21,108,159,109,135,140,106,65,87,13,95,152,22,133,75,172,79,117,102,110,177,40,179,58,161,182,36,195,83,158,54,119,72,71,23,5,141,97,184,70,104,92,160,];False
5422;8153;13575;[198,174,190,32,189,130,6,38,61,163,199,49,12,112,167,15,16,4,147,28,24,150,20,56,176,3,157,183,37,138,126,115,1,74,34,35,93,0,8,154,166,113,188,55,44,45,131,185,68,123,50,86,52,91,69,88,53,59,11,57,132,7,175,62,120,89,2,67,48,63,90,164,156,73,41,114,47,165,153,26,77,60,145,196,84,85,66,118,124,51,29,191,197,168,14,187,128,27,178,33,100,111,122,151,139,105,180,107,148,30,64,96,76,134,99,173,116,10,42,80,169,142,19,81,23,125,192,127,101,129,43,181,186,170,103,143,136,137,18,194,146,9,31,82,144,121,162,171,149,193,78,98,39,94,46,155,17,21,108,159,109,135,140,106,65,87,13,95,152,22,133,75,172,79,117,102,110,177,40,179,58,161,182,36,195,83,158,54,119,72,71,25,5,141,97,184,70,104,92,160,];False
5485;8090;13575;[198,174,190,32,189,130,6,61,38,163,199,49,12,185,167,15,16,4,147,196,145,150,20,56,176,3,157,183,37,138,126,115,1,74,34,35,93,28,8,154,166,113,188,55,44,45,131,112,68,123,50,86,52,91,69,88,53,59,11,57,132,7,175,62,120,89,2,67,48,63,29,164,156,73,41,114,47,165,153,26,77,60,24,0,84,85,66,118,124,51,90,191,197,168,14,187,128,27,178,33,100,111,122,151,139,105,180,107,148,30,64,96,76,134,99,173,116,10,42,80,169,142,97,81,25,125,192,127,101,129,43,181,186,170,103,143,136,137,18,194,146,9,31,82,144,121,162,171,149,193,78,98,39,94,46,155,17,21,108,159,109,135,140,106,65,87,13,95,152,22,133,75,172,79,117,102,110,177,40,179,58,161,182,36,195,83,158,54,119,72,71,23,5,141,19,184,70,104,92,160,];False
5458;8117;13575;[198,174,179,32,189,130,6,38,61,163,199,49,12,112,167,15,16,4,147,28,24,150,20,9,176,3,157,183,37,138,126,115,1,74,34,35,93,0,8,154,166,113,188,55,44,45,131,185,68,123,50,86,52,91,69,164,53,59,11,57,132,7,175,62,120,89,2,67,56,63,90,88,156,73,41,114,47,165,153,26,77,60,145,196,84,85,66,118,124,51,29,191,197,168,14,187,128,27,178,33,100,111,122,151,139,105,180,107,148,30,64,96,76,134,99,173,116,10,42,80,169,142,19,81,25,125,192,127,101,129,43,181,186,170,103,143,136,137,18,194,146,48,31,82,144,121,162,171,149,193,78,98,39,94,46,155,17,21,108,159,109,135,140,106,65,87,13,95,152,22,133,75,172,79,117,102,110,177,40,190,58,161,182,36,195,83,158,54,119,72,71,23,5,141,97,184,70,104,92,160,];False
5429;8145;13574;[198,174,190,32,189,130,6,38,61,163,199,49,12,112,167,15,16,4,147,196,145,150,20,56,176,3,157,183,37,138,126,115,1,74,34,35,93,28,8,154,166,113,188,55,44,45,131,185,68,123,50,86,52,91,69,88,53,59,128,57,132,7,175,62,120,89,2,67,48,63,90,164,156,73,41,114,47,165,153,26,77,60,24,0,84,85,66,118,124,51,29,191,197,168,14,187,11,27,178,33,100,111,122,151,139,105,180,107,148,30,64,96,76,134,99,173,116,10,42,80,169,142,97,81,25,125,192,127,101,129,43,181,186,170,103,143,136,137,18,194,146,9,31,82,144,121,162,171,149,193,78,98,39,94,46,155,17,21,108,159,109,135,140,106,65,87,13,95,152,22,133,75,172,79,117,102,110,177,40,179,58,161,182,36,195,83,158,54,119,72,71,23,5,141,19,184,70,104,92,160,];False
5482;8092;13574;[198,174,190,32,189,130,6,38,61,163,199,49,12,112,167,15,16,4,147,196,145,150,20,56,176,3,157,183,37,138,126,115,1,74,34,35,93,28,8,154,166,113,188,55,44,45,131,185,68,123,50,86,52,91,69,88,53,59,11,57,132,7,175,62,120,89,2,67,48,63,90,164,156,73,41,114,47,165,153,26,77,60,24,0,84,85,66,118,124,51,29,191,197,168,14,187,128,27,178,33,100,111,122,151,139,105,180,107,148,101,64,96,76,134,99,173,116,10,42,80,169,142,97,81,25,125,192,127,30,129,43,181,186,170,103,143,136,137,18,194,146,9,31,82,144,121,162,171,149,193,78,98,39,94,46,155,17,21,108,159,109,135,140,106,65,87,13,95,152,22,133,75,172,79,117,102,110,177,40,179,58,161,182,36,195,83,158,54,119,72,71,23,5,141,19,184,70,104,92,160,];False
5421;8151;13572;[198,174,190,32,189,130,6,38,61,163,199,49,12,112,167,15,16,4,147,28,24,150,20,56,176,3,157,183,37,138,126,115,1,74,34,35,93,0,125,154,166,113,188,55,44,45,131,185,68,123,50,86,52,91,69,88,53,59,11,57,132,7,175,62,120,89,2,67,48,63,90,164,156,73,41,114,47,165,153,26,77,60,145,196,84,85,66,118,124,51,29,191,197,168,14,187,128,27,178,33,100,111,122,151,139,105,180,107,148,30,64,96,76,134,99,173,116,10,42,80,169,142,19,81,25,8,192,127,101,129,43,181,186,170,103,143,136,137,18,194,146,9,31,82,144,121,162,171,149,193,78,98,39,94,46,155,17,21,108,159,109,135,140,106,65,87,13,95,152,22,133,75,172,79,117,102,110,177,40,179,58,161,182,36,195,83,158,54,119,72,71,23,5,141,97,184,70,104,92,160,];False
5486;8085;13571;[198,174,190,32,189,130,6,38,61,163,199,49,12,185,167,15,16,4,147,196,145,150,20,56,176,3,157,183,37,138,126,115,1,74,34,35,93,28,8,154,166,113,188,55,44,45,131,112,68,123,50,86,52,91,69,88,53,59,11,57,132,7,175,62,120,89,2,67,48,63,29,164,156,73,41,114,47,165,153,26,77,60,24,0,84,85,66,118,124,51,90,191,197,168,14,187,128,27,178,33,100,111,122,151,139,105,180,107,148,30,64,96,76,134,99,173,116,10,42,80,169,142,97,81,25,125,192,127,101,129,43,181,186,170,103,143,136,137,18,194,146,9,31,82,144,121,162,171,149,193,78,98,39,94,46,155,17,21,108,159,109,135,140,106,65,87,13,95,152,22,133,75,172,79,117,102,110,177,40,179,58,161,182,36,195,83,158,54,119,72,71,23,5,141,19,184,70,104,92,160,];False
5388;8181;13569;[198,174,190,32,189,130,6,38,61,163,199,49,12,112,167,15,16,4,147,28,24,150,20,9,176,3,157,183,37,138,126,115,1,74,34,35,93,0,8,154,166,113,188,55,44,45,131,185,68,123,50,86,52,91,69,88,53,59,11,57,132,7,175,62,146,89,2,67,48,63,90,164,156,73,41,114,47,165,153,26,77,60,145,196,84,85,66,118,124,51,29,191,197,168,14,187,128,27,178,33,100,111,122,151,139,105,180,107,148,30,64,96,76,134,99,173,116,10,42,80,169,142,19,81,25,125,192,127,101,129,43,181,186,170,103,143,136,137,18,194,120,56,31,82,144,121,162,171,149,193,78,98,39,94,46,155,17,21,108,159,109,135,140,106,65,87,13,95,152,22,133,75,172,79,117,102,110,177,40,179,58,161,182,36,195,83,158,54,119,72,71,23,5,141,97,184,70,104,92,160,];False
5433;8136;13569;[198,174,190,32,189,130,6,38,61,163,199,49,12,112,167,15,16,4,147,196,145,150,20,56,176,3,157,183,37,138,126,115,1,74,34,35,93,28,8,154,166,113,188,55,44,45,131,185,68,123,50,86,52,91,69,88,53,59,11,57,132,7,175,62,120,89,2,67,48,63,90,164,156,73,41,114,47,165,153,87,77,60,24,0,84,85,66,118,124,51,29,191,197,168,14,187,128,27,178,33,100,111,122,151,139,105,180,107,148,30,64,96,76,134,99,173,116,10,42,80,169,142,97,81,25,125,192,127,101,129,43,181,186,170,103,143,136,137,18,194,146,9,31,82,144,121,162,171,149,193,78,98,39,94,46,155,17,21,108,159,109,135,140,106,65,26,13,95,152,22,133,75,172,79,117,102,110,177,40,179,58,161,182,36,195,83,158,54,119,72,71,23,5,141,19,184,70,104,92,160,];False
5391;8174;13565;[198,174,190,32,189,130,6,38,61,163,199,49,12,112,167,15,16,4,147,196,145,150,20,56,176,3,157,183,37,138,126,115,1,74,34,35,93,28,8,154,166,113,188,55,44,45,131,185,68,123,50,86,52,91,69,88,53,59,11,57,132,7,175,62,120,89,2,67,48,63,90,164,156,73,41,114,47,165,153,26,77,60,24,0,84,85,66,118,124,51,29,191,197,168,14,187,128,27,178,33,100,111,122,151,139,129,180,107,148,30,64,96,76,134,99,173,116,10,42,80,169,142,97,81,25,125,192,127,101,105,43,181,186,170,103,143,136,137,18,194,146,9,31,82,144,121,162,171,149,193,78,98,39,94,46,155,17,21,108,159,109,135,140,106,65,87,13,95,152,22,133,75,172,79,117,102,110,177,40,179,58,161,182,36,195,83,158,54,119,72,71,23,5,141,19,184,70,104,92,160,];False
5448;8117;13565;[198,174,190,32,189,130,6,38,61,163,199,49,12,112,167,15,16,4,147,196,145,150,20,56,176,3,157,183,37,138,126,115,1,74,34,35,93,28,8,154,166,113,188,55,44,45,131,185,68,123,50,86,52,91,69,88,53,59,11,57,132,7,175,62,120,89,182,67,48,63,90,164,156,73,41,114,47,165,153,26,77,60,24,0,84,85,66,118,124,51,29,191,197,168,14,187,128,27,178,33,100,111,122,151,139,105,180,107,148,30,64,96,76,134,99,173,116,10,42,80,169,142,97,81,25,125,192,127,101,129,43,181,186,170,103,143,136,137,18,194,146,9,31,82,144,121,162,171,149,193,78,98,39,94,46,155,17,21,108,159,109,135,140,106,65,87,13,95,152,22,133,75,172,79,117,102,110,177,40,179,58,161,2,36,195,83,158,54,119,72,71,23,5,141,19,184,70,104,92,160,];False
5453;8110;13563;[198,174,190,32,189,130,6,38,61,163,199,49,12,112,167,15,16,4,147,196,145,150,20,56,176,3,157,183,37,138,126,115,1,74,34,35,93,28,8,154,166,113,188,55,44,45,131,185,68,123,50,86,52,91,69,88,53,59,11,57,132,7,175,62,120,89,2,67,48,63,90,164,156,73,41,114,47,165,153,26,77,60,24,0,84,85,66,118,124,51,29,191,197,168,14,187,128,27,178,33,100,111,122,151,139,105,180,107,148,30,64,96,76,134,99,173,116,10,42,36,169,142,97,81,25,125,192,127,101,129,43,181,186,170,103,143,136,137,18,194,146,9,31,82,144,121,162,171,149,193,78,98,39,94,46,155,17,21,108,159,109,135,140,106,65,87,13,95,152,22,133,75,172,79,117,102,110,177,40,179,58,161,182,80,195,83,158,54,119,72,71,23,5,141,19,184,70,104,92,160,];False
5382;8180;13562;[198,174,190,32,189,130,6,38,61,163,199,49,12,112,167,15,16,4,147,0,145,150,20,56,176,3,157,183,37,138,126,115,1,74,34,35,93,28,8,154,166,113,188,55,44,45,131,185,68,123,50,86,52,91,69,88,53,59,11,57,132,7,175,62,120,89,2,67,48,63,90,164,156,73,41,114,47,165,153,26,77,60,24,196,84,85,66,118,124,51,29,191,197,168,14,187,128,27,178,33,100,111,122,151,139,105,180,107,148,30,64,96,76,134,99,173,116,10,42,80,169,142,19,81,25,125,192,127,101,129,43,181,186,170,103,143,136,137,18,194,146,9,31,82,155,121,162,171,149,193,78,98,39,94,46,144,17,21,108,159,109,135,140,106,65,87,13,95,152,22,133,75,172,79,117,102,110,177,40,179,58,161,182,36,195,83,158,54,119,72,71,23,5,141,97,184,70,104,92,160,];False
5427;8135;13562;[198,174,190,32,189,130,6,38,61,163,199,49,12,112,167,15,16,4,147,28,24,150,20,9,176,3,157,183,37,138,126,115,1,74,34,35,93,0,8,154,166,113,188,55,44,45,131,185,68,123,50,86,52,91,69,88,53,59,11,57,132,121,175,62,120,89,2,67,48,63,90,164,156,73,41,114,47,165,153,26,77,60,145,196,84,85,66,118,124,51,29,191,197,168,14,187,128,27,178,33,100,111,122,151,139,105,180,107,148,30,64,96,76,134,99,173,116,10,42,80,169,142,19,81,25,125,192,127,101,129,43,181,186,170,103,143,136,137,18,194,146,56,31,82,144,7,162,171,149,193,78,98,39,94,46,155,17,21,108,159,109,135,140,106,65,87,13,95,152,22,133,75,172,79,117,102,110,177,40,179,58,161,182,36,195,83,158,54,119,72,71,23,5,141,97,184,70,104,92,160,];False
5417;8143;13560;[198,174,190,32,189,130,6,38,61,163,199,49,12,112,146,15,16,4,147,196,145,150,20,56,176,3,157,183,37,138,126,115,1,74,34,35,93,28,8,154,166,113,188,55,44,45,131,185,68,123,50,86,52,91,69,88,53,59,11,57,132,7,175,62,120,89,2,67,48,63,90,164,156,73,41,114,47,165,153,26,77,60,24,0,84,85,66,118,124,51,29,191,197,168,14,187,128,27,178,33,100,111,122,151,139,105,180,107,148,30,64,96,76,134,99,173,116,10,42,80,169,142,97,81,25,125,192,127,101,129,43,181,186,170,103,143,136,137,18,194,167,9,31,82,144,121,162,171,149,193,78,98,39,94,46,155,17,21,108,159,109,135,140,106,65,87,13,95,152,22,133,75,172,79,117,102,110,177,40,179,58,161,182,36,195,83,158,54,119,72,71,23,5,141,19,184,70,104,92,160,];False
5438;8122;13560;[198,174,190,32,189,130,6,38,61,163,199,49,12,112,167,15,16,4,147,196,145,150,20,56,176,3,157,183,37,138,126,115,1,74,34,35,93,28,8,154,166,113,188,55,44,45,131,185,68,123,50,86,52,91,69,88,53,59,11,57,132,7,175,62,120,89,2,67,48,63,90,164,156,73,41,114,47,165,153,26,77,60,24,0,84,85,66,118,124,29,51,191,197,168,14,187,128,27,178,33,100,111,122,151,139,105,180,107,148,30,64,96,76,134,99,173,116,10,42,80,169,142,97,81,25,125,192,127,101,129,43,181,186,170,103,143,136,137,18,194,146,9,31,82,144,121,162,171,149,193,78,98,39,94,46,155,17,21,108,159,109,135,140,106,65,87,13,95,152,22,133,75,172,79,117,102,110,177,40,179,58,161,182,36,195,83,158,54,119,72,71,23,5,141,19,184,70,104,92,160,];False
5456;8104;13560;[198,174,190,32,189,130,6,38,61,163,199,49,12,112,167,15,16,4,147,28,24,150,20,9,176,3,157,183,37,138,126,115,1,74,34,35,93,194,8,154,166,113,188,55,44,45,131,185,68,123,50,86,52,91,69,164,53,59,11,57,132,7,175,62,120,89,2,67,56,63,90,88,156,73,41,114,47,165,153,26,172,60,145,196,84,85,66,118,124,51,29,191,197,168,14,187,128,27,178,33,100,111,122,151,139,105,180,107,148,30,64,96,76,134,99,173,116,10,42,80,169,142,19,81,25,125,192,127,101,129,43,181,186,170,103,143,136,137,18,0,146,48,31,82,144,121,162,171,149,193,78,98,39,94,46,155,17,21,108,159,109,135,140,106,65,177,13,95,152,22,133,75,77,79,117,102,110,87,40,179,58,161,182,36,195,83,158,54,119,72,71,23,5,141,97,184,70,104,92,160,];False
5389;8171;13560;[198,174,190,32,189,130,6,38,61,163,199,197,12,112,167,15,16,4,147,28,24,150,20,56,176,3,157,183,37,138,126,115,1,74,34,35,93,0,8,154,166,113,188,55,44,45,131,185,68,123,50,86,52,91,69,88,53,59,11,57,132,7,175,62,120,89,2,67,48,63,90,164,156,73,41,114,47,165,153,26,77,60,145,196,84,85,66,118,124,51,29,191,49,168,14,187,128,27,178,33,100,111,122,151,139,105,180,107,148,30,64,96,76,134,99,173,116,10,42,80,169,142,19,81,25,125,192,127,101,129,43,181,186,170,103,143,136,137,18,194,146,9,31,82,144,121,162,171,149,193,78,98,39,94,46,155,17,21,108,159,109,135,140,106,65,87,13,95,152,22,133,75,172,79,117,102,110,177,40,179,58,161,182,36,195,83,158,54,119,72,71,23,5,141,97,184,70,104,92,160,];False
5448;8109;13557;[198,174,190,32,189,130,6,38,61,163,199,49,12,112,167,15,16,4,147,196,145,150,20,56,176,3,157,183,37,138,126,115,1,74,34,35,93,28,8,154,166,113,188,55,44,45,131,185,68,123,50,86,52,91,69,88,53,59,11,57,132,7,175,62,120,89,2,67,48,63,90,164,156,73,41,114,47,165,153,26,77,60,24,0,84,85,66,118,124,51,29,191,197,168,14,187,128,27,178,33,100,111,122,151,139,105,180,107,148,30,64,96,76,134,99,173,116,10,42,80,169,142,97,81,25,125,192,127,101,129,43,181,186,170,103,143,136,137,162,194,146,9,31,82,144,121,18,171,149,193,78,98,39,94,46,155,17,21,108,159,109,135,140,106,65,87,13,95,152,22,133,75,172,79,117,102,110,177,40,179,58,161,182,36,195,83,158,54,119,72,71,23,5,141,19,184,70,104,92,160,];False
5425;8131;13556;[198,174,190,32,189,130,6,38,61,163,199,49,12,112,167,15,16,4,147,28,24,150,20,9,176,3,157,183,37,138,126,115,1,74,34,35,93,0,8,154,166,113,188,55,44,45,131,185,68,123,50,86,52,91,69,164,53,59,11,57,132,7,175,62,120,128,2,67,48,63,90,88,156,73,41,114,47,165,153,26,77,60,145,196,84,85,66,118,124,51,29,191,197,168,14,187,89,27,178,33,100,111,122,151,139,105,180,107,148,30,64,96,76,134,99,173,116,10,42,80,169,142,19,81,25,125,192,127,101,129,43,181,186,170,103,143,136,137,18,194,146,56,31,82,144,121,162,171,149,193,78,98,39,94,46,155,17,21,108,159,109,135,140,106,65,87,13,95,152,22,133,75,172,79,117,102,110,177,40,179,58,161,182,36,195,83,158,54,119,72,71,23,5,141,97,184,70,104,92,160,];False
5391;8162;13553;[198,174,190,32,189,130,6,38,61,163,199,49,12,112,167,15,16,4,147,28,24,150,20,56,176,3,157,183,37,138,126,115,1,74,34,35,93,0,8,154,166,113,188,55,44,45,131,185,68,123,50,86,52,91,69,88,53,59,11,57,132,7,175,62,120,89,2,67,48,63,90,164,156,73,41,114,47,165,153,26,77,60,145,196,84,85,66,118,124,51,29,191,197,168,14,187,128,27,178,33,100,111,122,151,139,39,180,107,148,30,64,96,76,134,99,173,116,10,42,80,169,142,19,81,25,125,192,127,101,129,43,181,186,170,103,143,136,137,18,194,146,9,31,82,144,121,162,171,149,193,78,98,105,94,46,155,17,21,108,159,109,135,140,106,65,87,13,95,152,22,133,75,172,79,117,102,110,177,40,179,58,161,182,36,195,83,158,54,119,72,71,23,5,141,97,184,70,104,92,160,];False
5358;8195;13553;[162,174,190,32,189,130,6,38,61,163,199,49,12,112,167,15,16,4,147,28,24,150,20,56,176,3,157,183,37,138,126,115,1,74,34,35,93,0,8,154,166,113,188,55,44,45,131,185,68,123,50,86,52,91,69,88,53,59,11,57,132,7,175,62,120,89,2,67,48,63,90,164,156,73,41,114,47,165,153,26,77,60,145,196,84,85,66,118,124,51,29,191,197,168,14,187,128,27,178,33,100,111,122,151,139,105,180,107,148,30,64,96,76,134,99,173,116,10,42,80,169,142,19,81,25,125,192,127,101,129,43,181,186,170,103,143,136,137,18,194,146,9,31,82,144,121,198,171,149,193,78,98,39,94,46,155,17,21,108,159,109,135,140,106,65,87,13,95,152,22,133,75,172,79,117,102,110,177,40,179,58,161,182,36,195,83,158,54,119,72,71,23,5,141,97,184,70,104,92,160,];False
5463;8089;13552;[198,174,190,32,189,130,6,38,61,163,199,49,12,112,167,15,16,4,147,196,145,150,20,56,176,3,157,183,37,138,126,115,1,74,34,35,93,28,8,154,166,113,188,55,44,45,131,185,68,123,50,86,52,91,69,88,53,59,11,57,132,7,175,62,120,89,2,67,48,63,29,164,156,73,41,114,47,165,153,26,77,60,24,0,84,85,66,118,124,51,90,191,197,168,14,187,128,27,178,33,100,111,122,151,139,105,180,107,148,30,64,96,76,134,99,173,116,10,42,80,169,142,97,81,25,125,192,127,101,129,43,181,186,170,103,143,136,137,18,194,146,9,31,82,144,121,162,171,149,193,78,98,39,94,46,155,17,21,108,159,109,135,140,106,65,87,13,95,152,22,133,75,172,79,117,102,110,177,40,179,58,161,182,36,195,83,158,54,119,72,71,23,5,141,19,184,70,104,92,160,];False
5438;8114;13552;[198,174,190,32,189,130,6,38,61,152,199,49,12,112,167,15,16,4,147,196,145,150,20,56,176,3,157,183,37,138,126,115,1,74,34,35,93,28,8,154,166,113,188,55,44,45,131,185,68,123,50,86,52,91,69,88,53,59,11,57,132,7,175,62,120,89,2,67,48,63,90,164,156,73,41,114,47,165,153,26,77,60,24,0,84,85,66,118,124,51,29,191,197,168,14,187,128,27,178,33,100,111,122,151,139,105,180,107,148,30,64,96,76,134,99,173,116,10,42,80,169,142,97,81,25,125,192,127,101,129,43,181,186,170,103,143,136,137,18,194,146,9,31,82,144,121,162,171,149,193,78,98,39,94,46,155,17,21,108,159,109,135,140,106,65,87,13,95,163,22,133,75,172,79,117,102,110,177,40,179,58,161,182,36,195,83,158,54,119,72,71,23,5,141,19,184,70,104,92,160,];False
5370;8182;13552;[198,174,190,32,189,130,6,38,61,163,199,49,12,112,167,15,16,4,147,196,145,150,20,56,176,3,157,183,37,138,126,115,1,74,34,35,93,28,8,154,166,113,188,55,44,45,131,185,68,123,50,86,52,91,69,88,53,59,11,57,132,7,175,62,135,89,2,67,48,63,90,164,156,73,41,114,47,165,153,26,77,60,24,0,84,85,66,118,124,51,29,191,197,168,14,187,128,27,178,33,100,111,122,151,139,105,180,107,148,30,64,96,76,134,99,173,116,10,42,80,169,142,97,81,25,125,192,127,101,129,43,181,186,170,103,143,136,137,18,194,146,9,31,82,144,121,162,171,149,193,78,98,39,94,46,155,17,21,108,159,109,120,140,106,65,87,13,95,152,22,133,75,172,79,117,102,110,177,40,179,58,161,182,36,195,83,158,54,119,72,71,23,5,141,19,184,70,104,92,160,];False
5440;8111;13551;[198,174,190,32,189,130,6,38,61,163,199,49,12,112,167,15,16,4,147,28,24,150,20,9,176,3,157,183,37,138,126,115,1,74,34,35,93,0,8,154,166,113,188,55,44,45,131,185,68,123,50,86,52,91,69,164,53,59,193,57,132,7,175,62,120,89,2,67,56,63,90,88,156,73,41,114,47,165,153,26,77,60,145,196,84,85,66,118,124,51,29,191,197,168,14,187,128,27,178,33,100,111,122,151,139,105,180,107,148,30,64,96,76,134,99,173,116,10,42,80,169,142,19,81,25,125,192,127,101,129,43,181,186,170,103,143,136,137,18,194,146,48,31,82,144,121,162,171,149,11,78,98,39,94,46,155,17,21,108,159,109,135,140,106,65,87,13,95,152,22,133,75,172,79,117,102,110,177,40,179,58,161,182,36,195,83,158,54,119,72,71,23,5,141,97,184,70,104,92,160,];False
5346;8204;13550;[198,174,190,32,189,130,6,38,61,163,199,49,12,112,167,15,16,4,147,196,145,150,20,56,176,3,157,183,37,138,126,115,1,74,34,35,93,28,8,154,166,113,188,55,44,45,131,185,68,123,50,86,52,91,69,88,53,59,11,57,132,7,175,62,120,89,2,67,48,63,90,164,156,73,41,114,47,165,153,26,77,60,24,0,84,85,66,118,124,51,29,191,197,168,14,187,128,27,64,33,100,111,122,151,139,105,180,107,148,30,178,96,76,134,99,173,116,10,42,80,169,142,97,81,25,125,192,127,101,129,43,181,186,170,103,143,136,137,18,194,146,9,31,82,144,121,162,171,149,193,78,98,39,94,46,155,17,21,108,159,109,135,140,106,65,87,13,95,152,22,133,75,172,79,117,102,110,177,40,179,58,161,182,36,195,83,158,54,119,72,71,23,5,141,19,184,70,104,92,160,];False
5425;8124;13549;[198,174,190,32,189,130,6,38,61,163,199,49,12,112,167,15,16,4,147,28,24,150,20,9,176,3,157,183,37,138,126,115,1,74,34,35,93,0,8,154,166,113,188,55,44,45,131,185,68,123,50,86,52,91,69,164,53,59,11,57,132,7,175,62,120,89,2,67,56,63,90,88,156,73,41,114,47,165,153,26,172,60,145,196,84,85,66,118,124,51,29,191,197,168,14,187,128,27,178,33,100,111,122,151,139,105,180,107,148,30,64,96,76,134,129,173,116,10,42,80,169,142,19,81,25,125,192,127,101,99,43,181,186,170,103,143,136,137,18,194,146,48,31,82,144,121,162,171,149,193,78,98,39,94,46,155,17,21,108,159,109,135,140,106,65,87,13,95,152,22,133,75,77,79,117,102,110,177,40,179,58,161,182,36,195,83,158,54,119,72,71,23,5,141,97,184,70,104,92,160,];False
5400;8148;13548;[198,174,190,32,189,130,6,38,61,163,199,49,12,112,167,15,16,4,147,28,24,150,20,56,176,3,157,183,37,138,126,115,1,74,34,35,93,0,8,154,166,113,188,55,44,45,131,185,68,123,50,86,52,91,39,88,53,59,11,57,132,7,175,62,120,89,2,67,48,63,90,164,156,73,41,114,47,165,153,26,77,60,145,196,84,85,66,118,124,51,29,191,197,168,14,187,128,27,178,33,100,111,122,151,139,105,180,107,148,30,64,96,76,134,99,173,116,10,42,80,169,142,19,81,25,125,192,127,101,129,43,181,186,170,103,143,136,137,18,194,146,9,31,82,144,121,162,171,149,193,78,98,69,94,46,155,17,21,108,159,109,135,140,106,65,87,13,95,152,22,133,75,172,79,117,102,110,177,40,179,58,161,182,36,195,83,158,54,119,72,71,23,5,141,97,184,70,104,92,160,];False
5421;8127;13548;[198,174,190,32,189,130,6,38,39,163,199,49,12,112,167,15,16,4,147,196,145,150,20,56,176,3,157,183,37,138,126,115,1,74,34,35,93,28,8,154,166,113,188,55,44,45,131,185,68,123,50,86,52,91,69,88,53,59,11,57,132,7,175,62,120,89,2,67,48,63,90,164,156,73,41,114,47,165,153,26,77,60,24,0,84,85,66,118,124,51,29,191,197,168,14,187,128,27,178,33,100,111,122,151,139,105,180,107,148,30,64,96,76,134,99,173,116,10,42,80,169,142,97,81,25,125,192,127,101,129,43,181,186,170,103,143,136,137,18,194,146,9,31,82,144,121,162,171,149,193,78,98,61,94,46,155,17,21,108,159,109,135,140,106,65,87,13,95,152,22,133,75,172,79,117,102,110,177,40,179,58,161,182,36,195,83,158,54,119,72,71,23,5,141,19,184,70,104,92,160,];False
5409;8137;13546;[198,174,190,32,189,130,6,38,61,163,199,49,12,112,167,15,16,4,147,0,24,150,20,56,176,3,157,183,37,138,126,115,1,74,34,35,93,28,8,154,166,113,188,55,44,45,131,185,68,123,50,86,52,91,69,88,53,59,11,57,132,7,175,62,120,89,2,67,48,63,90,164,156,73,41,114,47,165,153,26,77,60,145,196,84,182,66,118,124,51,29,191,197,168,14,187,128,27,178,33,100,111,122,151,139,105,180,107,148,30,64,96,76,134,99,173,116,10,42,80,169,142,19,81,25,125,192,127,101,129,43,181,186,170,103,143,136,137,18,194,146,9,31,82,144,121,162,171,149,193,78,98,39,94,46,155,17,21,108,159,109,135,140,106,65,87,13,95,152,22,133,75,172,79,117,102,110,177,40,179,58,161,85,36,195,83,158,54,119,72,71,23,5,141,97,184,70,104,92,160,];False
5349;8196;13545;[198,174,190,32,189,130,6,38,61,163,199,49,12,112,167,15,16,4,147,0,145,150,20,56,176,3,157,183,37,138,126,115,1,74,34,35,93,28,8,154,166,113,188,55,44,169,131,185,68,123,50,86,52,91,69,88,53,59,11,57,132,7,175,62,120,89,2,67,48,63,90,164,156,73,41,114,47,165,153,26,77,60,24,196,84,85,66,118,124,51,29,191,197,168,14,187,128,27,178,33,100,111,122,151,139,105,180,107,148,30,64,96,76,134,99,173,116,10,42,80,45,142,19,81,25,125,192,127,101,129,43,181,186,170,103,143,136,137,18,194,146,9,31,82,144,121,162,171,149,193,78,98,39,94,46,155,17,21,108,159,109,135,140,106,65,87,13,95,152,22,133,75,172,79,117,102,110,177,40,179,58,161,182,36,195,83,158,54,119,72,71,23,5,141,97,184,70,104,92,160,];False
5408;8136;13544;[198,174,190,32,189,130,6,38,61,163,199,49,12,112,167,15,16,4,147,28,24,150,20,9,176,3,157,183,37,138,126,115,1,74,34,35,93,194,8,154,166,113,188,55,44,45,131,185,68,123,50,86,52,91,69,164,53,59,11,57,132,75,175,62,120,89,2,67,56,10,90,88,156,73,41,114,47,165,153,26,172,60,145,196,84,85,66,118,124,51,29,191,197,168,14,187,128,27,178,33,100,111,122,151,139,105,180,107,148,30,64,96,76,134,99,173,116,63,42,155,169,142,19,81,25,125,192,127,101,129,43,181,186,170,103,143,136,137,18,0,146,48,31,82,144,121,162,171,149,193,78,98,39,94,46,80,17,21,108,159,109,135,140,106,65,87,13,95,152,22,133,7,77,79,117,102,110,177,40,179,58,161,182,36,195,83,158,54,119,72,71,23,5,141,97,184,70,104,92,160,];False
5427;8117;13544;[198,174,190,32,189,130,6,38,61,163,199,49,12,112,167,15,16,4,147,28,24,150,20,56,176,3,157,183,37,138,126,115,1,74,34,35,93,148,8,154,166,113,188,55,44,45,131,185,68,123,50,86,52,91,69,88,53,59,11,57,132,7,175,62,120,89,2,67,48,63,90,164,156,73,41,114,47,165,153,26,77,60,145,196,84,85,66,118,124,51,29,191,197,168,14,187,128,27,178,33,100,111,122,151,139,105,180,107,0,30,64,96,76,134,99,173,116,10,42,80,169,142,19,81,25,125,192,127,101,129,43,181,186,170,103,143,136,137,18,194,146,9,31,82,144,121,162,171,149,193,78,98,39,94,46,155,17,21,108,159,109,135,140,106,65,87,13,95,152,22,133,75,172,79,117,102,110,177,40,179,58,161,182,36,195,83,158,54,119,72,71,23,5,141,97,184,70,104,92,160,];False
5449;8095;13544;[198,174,190,39,189,130,6,38,61,163,199,49,12,112,167,15,16,4,147,28,24,150,20,9,176,3,157,183,37,138,126,115,1,74,34,35,93,0,8,154,166,113,188,55,44,45,131,185,68,123,50,86,52,91,69,88,53,59,11,57,132,7,175,62,120,89,2,67,48,63,90,164,156,73,41,114,47,165,153,26,77,60,145,196,84,85,66,118,124,51,29,191,197,168,14,187,128,27,178,33,100,111,122,151,139,105,180,107,148,30,64,96,76,134,99,173,116,10,42,80,169,142,19,81,25,125,192,127,101,129,43,181,186,170,103,143,136,137,18,194,146,56,31,82,144,121,162,171,149,193,78,98,32,94,46,155,17,21,108,159,109,135,140,106,65,87,13,95,152,22,133,75,172,79,117,102,110,177,40,179,58,161,182,36,195,83,158,54,119,72,71,23,5,141,97,184,70,104,92,160,];False
5392;8151;13543;[198,174,190,32,189,130,6,38,61,163,199,49,12,112,167,15,16,4,147,196,145,150,20,56,176,3,157,183,37,138,126,115,1,74,34,35,93,28,8,154,166,113,188,55,44,45,131,185,68,123,50,86,52,91,69,88,53,59,11,57,132,7,175,62,120,89,2,67,48,63,90,164,156,73,41,114,47,165,153,26,77,60,24,0,84,85,66,118,124,51,29,191,197,168,173,187,128,27,178,33,100,111,122,151,139,105,180,107,148,30,64,96,76,134,99,14,116,10,42,80,169,142,97,81,25,125,192,127,101,129,43,181,186,170,103,143,136,137,18,194,146,9,31,82,144,121,162,171,149,193,78,98,39,94,46,155,17,21,108,159,109,135,140,106,65,87,13,95,152,22,133,75,172,79,117,102,110,177,40,179,58,161,182,36,195,83,158,54,119,72,71,23,5,141,19,184,70,104,92,160,];False
5406;8136;13542;[198,174,190,32,189,130,6,38,61,163,199,49,12,112,167,15,16,4,147,28,24,150,20,56,176,3,157,183,37,138,126,115,1,71,34,35,93,0,8,154,166,113,188,55,44,45,131,185,68,123,50,86,52,91,69,88,53,59,11,57,132,7,175,62,120,89,2,67,48,63,90,164,156,73,41,114,47,165,153,26,77,60,145,196,84,85,66,118,124,51,29,191,197,168,14,187,128,27,178,33,100,111,122,151,139,105,180,107,148,30,64,96,76,134,99,173,116,10,42,80,169,142,19,81,25,125,192,127,101,129,43,181,186,170,103,143,136,137,18,194,146,9,31,82,144,121,162,171,149,193,78,98,39,94,46,155,17,21,108,159,109,135,140,106,65,87,13,95,152,22,133,75,172,79,117,102,110,177,40,179,58,161,182,36,195,83,158,54,119,72,74,23,5,141,97,184,70,104,92,160,];False
5402;8140;13542;[198,174,190,32,189,130,6,38,61,163,199,49,12,112,167,15,16,4,147,28,24,150,20,9,176,3,157,183,37,138,126,115,1,74,34,35,93,0,8,154,166,113,188,55,44,45,131,185,68,123,50,86,52,91,69,88,53,59,11,57,132,14,175,62,120,89,2,67,48,63,90,164,156,73,41,114,47,165,153,26,77,60,145,196,84,85,66,118,124,51,29,191,197,168,7,187,128,27,178,33,100,111,122,151,139,105,180,107,148,30,64,96,76,134,99,173,116,10,42,80,169,142,19,81,25,125,192,127,101,129,43,181,186,170,103,143,136,137,18,194,146,56,31,82,144,121,162,171,149,193,78,98,39,94,46,155,17,21,108,159,109,135,140,106,65,87,13,95,152,22,133,75,172,79,117,102,110,177,40,179,58,161,182,36,195,83,158,54,119,72,71,23,5,141,97,184,70,104,92,160,];False
5296;8245;13541;[198,174,190,32,189,130,6,38,61,163,199,49,12,112,167,15,16,4,147,28,24,150,20,56,176,3,157,183,37,138,126,115,1,74,34,35,93,0,8,154,166,113,188,55,44,45,131,185,68,123,50,86,52,91,69,88,53,59,11,57,132,7,175,62,120,89,2,67,48,63,90,164,156,73,41,114,47,165,153,26,77,60,145,196,84,85,66,118,124,51,29,191,197,168,14,187,128,27,178,33,100,111,122,151,139,105,180,107,148,30,64,96,76,134,99,173,116,10,42,80,169,142,19,81,25,125,192,127,101,129,43,181,186,170,103,143,136,137,18,194,146,9,31,82,144,121,162,171,149,193,78,98,39,94,46,155,141,21,108,159,109,135,140,106,65,87,13,95,152,22,133,75,172,79,117,102,110,177,40,179,58,161,182,36,195,83,158,54,119,72,71,23,5,17,97,184,70,104,92,160,];False
5354;8186;13540;[198,174,190,32,189,130,6,38,61,163,199,49,12,112,167,15,16,4,147,196,145,150,20,56,176,3,157,183,37,138,126,115,1,74,34,35,128,28,8,154,166,113,188,55,44,45,131,185,68,123,50,86,52,91,69,88,53,59,11,57,132,7,175,62,120,89,2,67,48,63,90,164,156,73,41,114,47,165,153,26,77,60,24,0,84,85,66,118,124,51,29,191,197,168,14,187,93,27,178,33,100,111,122,151,139,105,180,107,148,30,64,96,76,134,99,173,116,10,42,80,169,142,97,81,25,125,192,127,101,129,43,181,186,170,103,143,136,137,18,194,146,9,31,82,144,121,162,171,149,193,78,98,39,94,46,155,17,21,108,159,109,135,140,106,65,87,13,95,152,22,133,75,172,79,117,102,110,177,40,179,58,161,182,36,195,83,158,54,119,72,71,23,5,141,19,184,70,104,92,160,];False
5369;8170;13539;[198,174,190,32,189,130,6,38,61,163,199,49,12,112,167,15,16,4,147,196,145,150,20,56,176,3,185,183,37,138,126,115,1,74,34,35,93,28,8,154,166,113,188,55,44,45,131,157,68,123,50,86,52,91,69,88,53,59,11,57,132,7,175,62,120,89,2,67,48,63,90,164,156,73,41,114,47,165,153,26,77,60,24,0,84,85,66,118,124,51,29,191,197,168,14,187,128,27,178,33,100,111,122,151,139,105,180,107,148,30,64,96,76,134,99,173,116,10,42,80,169,142,97,81,25,125,192,127,101,129,43,181,186,170,103,143,136,137,18,194,146,9,31,82,144,121,162,171,149,193,78,98,39,94,46,155,17,21,108,159,109,135,140,106,65,87,13,95,152,22,133,75,172,79,117,102,110,177,40,179,58,161,182,36,195,83,158,54,119,72,71,23,5,141,19,184,70,104,92,160,];False
5404;8135;13539;[198,174,190,32,189,130,6,38,61,163,199,49,12,112,167,15,16,4,147,28,24,150,20,9,176,3,157,183,37,138,126,115,1,74,34,35,93,0,8,154,166,113,188,55,44,45,131,185,68,123,50,86,52,91,69,164,53,59,11,57,132,7,175,62,120,89,2,67,48,63,90,88,156,73,41,114,47,165,153,26,77,60,145,196,84,85,66,118,124,51,29,191,197,168,14,187,128,27,178,33,100,111,122,151,139,105,180,107,148,30,64,96,76,134,99,173,158,10,42,80,169,142,19,81,25,125,192,127,101,129,43,181,186,170,103,143,136,137,18,194,146,56,31,82,144,121,162,171,149,193,78,98,39,94,46,155,17,21,108,159,109,135,140,106,65,87,13,95,152,22,133,75,172,79,117,102,110,177,40,179,58,161,182,36,195,83,116,54,119,72,71,23,5,141,97,184,70,104,92,160,];False
5409;8130;13539;[73,174,190,32,189,130,6,38,61,163,199,49,12,112,167,15,16,4,147,0,24,150,20,56,176,3,157,183,37,138,126,115,1,74,34,35,93,28,8,154,166,113,188,55,44,45,131,185,68,123,50,86,52,91,69,88,53,59,11,57,132,7,175,62,120,89,2,67,48,63,90,164,156,198,41,114,47,165,153,26,77,60,145,196,84,85,66,118,124,51,29,191,197,168,14,187,128,27,178,33,100,111,122,151,139,105,180,107,148,30,64,96,76,134,99,173,116,10,42,80,169,142,19,81,25,125,192,127,101,129,43,181,186,170,103,143,136,137,18,194,146,9,31,82,144,121,162,171,149,193,78,98,39,94,46,155,17,21,108,159,109,135,140,106,65,87,13,95,152,22,133,75,172,79,117,102,110,177,40,179,58,161,182,36,195,83,158,54,119,72,71,23,5,141,97,184,70,104,92,160,];False
5422;8116;13538;[198,174,190,32,189,130,6,38,61,163,199,49,12,112,167,15,16,4,147,196,145,150,20,56,176,3,157,183,37,138,126,115,1,74,34,35,93,28,8,154,166,113,188,55,44,45,131,185,68,123,50,86,52,91,69,88,53,59,11,57,132,7,120,62,175,89,2,67,48,63,90,164,156,73,41,114,47,165,153,26,77,60,24,0,84,85,66,118,124,51,29,191,197,168,14,187,128,27,178,33,100,111,122,151,139,105,180,107,148,30,64,96,76,134,99,173,116,10,42,80,169,142,97,81,25,125,192,127,101,129,43,181,186,170,103,143,136,137,18,194,146,9,31,82,144,121,162,171,149,193,78,98,39,94,46,155,17,21,108,159,109,135,140,106,65,87,13,95,152,22,133,75,172,79,117,102,110,177,40,179,58,161,182,36,195,83,158,54,119,72,71,23,5,141,19,184,70,104,92,160,];False
5274;8264;13538;[198,174,190,32,189,130,6,38,61,163,199,49,12,112,167,15,16,4,147,28,24,150,20,56,176,3,157,183,37,138,126,115,1,74,34,35,93,0,8,154,166,113,188,55,44,45,131,185,68,123,50,86,52,91,69,88,53,59,11,57,132,7,175,63,120,89,2,67,48,62,90,164,156,73,41,114,47,165,153,26,77,60,145,196,84,85,66,118,124,51,29,191,197,168,14,187,128,27,178,33,100,111,122,151,139,105,180,107,148,30,64,96,76,134,99,173,116,10,42,80,169,142,19,81,25,125,192,127,101,129,43,181,186,170,103,143,136,137,18,194,146,9,31,82,144,121,162,171,149,193,78,98,39,94,46,155,17,21,108,159,109,135,140,106,65,87,13,95,152,22,133,75,172,79,117,102,110,177,40,179,58,161,182,36,195,83,158,54,119,72,71,23,5,141,97,184,70,104,92,160,];False
5331;8207;13538;[198,174,190,32,189,130,6,38,61,163,199,49,12,112,155,15,16,4,147,0,145,150,20,56,176,3,157,183,37,138,126,115,1,74,34,35,93,28,8,154,166,113,188,55,44,45,131,185,68,123,50,86,52,91,69,88,53,59,11,57,132,7,175,62,120,89,2,67,48,63,90,164,156,73,41,114,47,165,153,26,77,60,24,196,84,85,66,118,124,51,29,191,197,168,14,187,128,27,178,33,100,111,122,151,139,105,180,107,148,30,64,96,76,134,99,173,116,10,42,80,169,142,19,81,25,125,192,127,101,129,43,181,186,170,103,143,136,137,18,194,146,9,31,82,144,121,162,171,149,193,78,98,39,94,46,167,17,21,108,159,109,135,140,106,65,87,13,95,152,22,133,75,172,79,117,102,110,177,40,179,58,161,182,36,195,83,158,54,119,72,71,23,5,141,97,184,70,104,92,160,];False
5421;8116;13537;[198,174,190,32,189,130,6,38,61,163,199,49,12,112,167,15,16,4,147,28,24,150,20,9,176,3,157,183,37,138,126,115,1,74,34,35,93,0,8,154,166,113,188,55,44,45,131,185,68,123,50,86,52,91,69,88,53,59,11,57,132,7,175,62,120,89,2,67,48,63,90,164,156,73,41,114,47,165,153,26,77,60,145,196,84,85,66,118,124,51,29,191,197,168,14,187,128,27,178,33,100,111,122,151,139,105,180,107,148,30,64,96,76,134,99,173,116,10,42,80,169,142,19,81,25,125,192,127,101,129,43,181,186,170,103,143,136,137,18,194,146,56,31,82,144,121,162,171,149,193,78,98,39,46,94,155,17,21,108,159,109,135,140,106,65,87,13,95,152,22,133,75,172,79,117,102,110,177,40,179,58,161,182,36,195,83,158,54,119,72,71,23,5,141,97,184,70,104,92,160,];False
5376;8161;13537;[198,174,190,32,189,130,132,38,61,163,199,49,12,112,167,15,16,4,147,0,24,150,20,56,176,3,157,183,37,138,126,115,1,74,34,35,93,28,8,154,166,113,188,55,44,45,131,185,68,123,50,86,52,91,69,88,53,59,11,57,6,7,175,62,120,89,2,67,48,63,90,164,156,73,41,114,47,165,153,26,77,60,145,196,84,85,66,118,124,51,29,191,197,168,14,187,128,27,178,33,100,111,122,151,139,105,180,107,148,30,64,96,76,134,99,173,116,10,42,80,169,142,19,81,25,125,192,127,101,129,43,181,186,170,103,143,136,137,18,194,146,9,31,82,144,121,162,171,149,193,78,98,39,94,46,155,17,21,108,159,109,135,140,106,65,87,13,95,152,22,133,75,172,79,117,102,110,177,40,179,58,161,182,36,195,83,158,54,119,72,71,23,5,141,97,184,70,104,92,160,];False
5360;8176;13536;[198,174,30,32,189,130,6,38,61,163,199,49,12,112,167,15,16,4,147,0,24,150,20,56,176,3,157,183,37,138,126,115,1,74,34,35,93,28,8,154,166,113,188,55,44,45,131,185,68,123,50,86,52,91,69,88,53,59,11,57,132,7,175,62,120,89,2,67,48,63,90,164,156,73,41,114,47,165,153,26,77,60,145,196,84,85,66,118,124,51,29,191,197,168,14,187,128,27,178,33,100,111,122,151,139,105,180,107,148,190,64,96,76,134,99,173,116,10,42,80,169,142,19,81,25,125,192,127,101,129,43,181,186,170,103,143,136,137,18,194,146,9,31,82,144,121,162,171,149,193,78,98,39,94,46,155,17,21,108,159,109,135,140,106,65,87,13,95,152,22,133,75,172,79,117,102,110,177,40,179,58,161,182,36,195,83,158,54,119,72,71,23,5,141,97,184,70,104,92,160,];False
5393;8143;13536;[198,174,190,32,189,130,6,38,61,163,88,49,12,112,167,15,16,4,147,196,145,150,20,56,176,3,157,183,37,138,126,115,1,74,34,35,93,28,8,154,166,113,188,55,44,45,131,185,68,123,50,86,52,91,69,199,53,59,11,57,132,7,175,62,120,89,2,67,48,63,90,164,156,73,41,114,47,165,153,26,77,60,24,0,84,85,66,118,124,51,29,191,197,168,14,187,128,27,178,33,100,111,122,151,139,105,180,107,148,30,64,96,76,134,99,173,116,10,42,80,169,142,97,81,25,125,192,127,101,129,43,181,186,170,103,143,136,137,18,194,146,9,31,82,144,121,162,171,149,193,78,98,39,94,46,155,17,21,108,159,109,135,140,106,65,87,13,95,152,22,133,75,172,79,117,102,110,177,40,179,58,161,182,36,195,83,158,54,119,72,71,23,5,141,19,184,70,104,92,160,];False
5393;8142;13535;[198,174,190,32,189,130,6,38,61,163,199,49,12,112,167,15,16,4,147,28,24,150,20,9,176,3,157,183,37,138,126,115,1,74,34,35,93,0,8,154,166,113,188,55,44,45,131,185,68,123,50,86,52,91,69,164,53,59,11,57,132,7,175,62,120,89,2,67,48,63,90,88,156,73,41,114,47,165,153,26,77,60,145,196,84,85,66,118,124,51,29,191,197,168,14,187,128,27,178,33,100,111,122,151,139,105,180,107,148,30,64,96,76,134,99,173,116,10,42,80,169,155,19,81,25,125,192,127,101,129,43,181,186,170,103,143,136,137,18,194,146,56,31,82,144,121,162,171,149,193,78,98,39,94,46,142,17,21,108,159,109,135,140,106,65,87,13,95,152,22,133,75,172,79,117,102,110,177,40,179,58,161,182,36,195,83,158,54,119,72,71,23,5,141,97,184,70,104,92,160,];False
5439;8095;13534;[198,174,190,32,189,130,6,38,61,163,199,49,12,112,167,15,16,4,147,28,24,150,20,9,176,3,157,183,37,138,126,115,1,74,34,35,93,0,8,154,166,113,175,55,44,45,131,185,68,123,50,86,52,91,69,164,53,59,11,57,132,7,188,62,120,89,2,67,56,63,90,88,156,73,41,114,47,165,153,26,172,60,145,196,84,85,66,118,124,51,29,191,197,168,14,187,128,27,178,33,100,111,122,151,139,105,180,107,148,30,64,96,76,134,99,173,116,10,42,80,169,142,19,81,25,125,192,127,101,129,43,181,186,170,103,143,136,137,18,194,146,48,31,82,144,121,162,171,149,193,78,98,39,94,46,155,17,21,108,159,109,135,140,106,65,87,13,95,152,22,133,75,77,79,117,102,110,177,40,179,58,161,182,36,195,83,158,54,119,72,71,23,5,141,97,184,70,104,92,160,];False
5359;8175;13534;[176,174,190,32,189,130,6,38,61,163,199,49,12,112,167,15,16,4,147,196,145,150,20,56,198,3,157,183,37,138,126,115,1,74,34,35,93,28,8,154,166,113,188,55,44,45,131,185,68,123,50,86,52,91,69,88,53,59,11,57,132,7,175,62,120,89,2,67,48,63,90,164,156,73,41,114,47,165,153,26,77,60,24,0,84,85,66,118,124,51,29,191,197,168,14,187,128,27,178,33,100,111,122,151,139,105,180,107,148,30,64,96,76,134,99,173,116,10,42,80,169,142,97,81,25,125,192,127,101,129,43,181,186,170,103,143,136,137,18,194,146,9,31,82,144,121,162,171,149,193,78,98,39,94,46,155,17,21,108,159,109,135,140,106,65,87,13,95,152,22,133,75,172,79,117,102,110,177,40,179,58,161,182,36,195,83,158,54,119,72,71,23,5,141,19,184,70,104,92,160,];False
5400;8131;13531;[198,174,190,32,189,130,6,38,61,163,199,49,12,112,167,15,16,4,147,28,24,150,20,56,176,3,157,183,37,138,126,115,1,74,34,35,93,0,8,154,166,113,188,55,44,45,131,185,68,123,50,86,52,91,69,88,53,59,11,57,132,7,175,62,120,89,2,67,48,63,90,142,156,73,41,114,47,165,153,26,77,60,145,196,84,85,66,118,124,51,29,191,197,168,14,187,128,27,178,33,100,111,122,151,139,105,180,107,148,30,64,96,76,134,99,173,116,10,42,80,169,164,19,81,25,125,192,127,101,129,43,181,186,170,103,143,136,137,18,194,146,9,31,82,144,121,162,171,149,193,78,98,39,94,46,155,17,21,108,159,109,135,140,106,65,87,13,95,152,22,133,75,172,79,117,102,110,177,40,179,58,161,182,36,195,83,158,54,119,72,71,23,5,141,97,184,70,104,92,160,];False
5420;8109;13529;[198,174,190,32,189,130,6,38,61,163,199,49,12,112,167,15,16,4,147,196,145,150,20,56,176,3,157,183,37,138,126,115,1,74,34,35,93,28,8,154,166,113,188,55,44,45,131,185,68,123,50,86,52,91,69,88,53,59,11,57,132,7,175,62,120,89,2,67,48,63,90,164,156,73,41,114,47,165,153,26,77,60,24,0,84,85,66,118,124,51,29,191,197,168,14,187,128,27,178,33,100,111,122,151,139,105,180,107,148,30,64,96,76,134,125,173,116,10,42,80,169,142,97,81,25,99,192,127,101,129,43,181,186,170,103,143,136,137,18,194,146,9,31,82,144,121,162,171,149,193,78,98,39,94,46,155,17,21,108,159,109,135,140,106,65,87,13,95,152,22,133,75,172,79,117,102,110,177,40,179,58,161,182,36,195,83,158,54,119,72,71,23,5,141,19,184,70,104,92,160,];False
5400;8129;13529;[198,174,190,32,189,130,6,38,61,163,199,49,12,112,167,15,16,4,147,28,24,150,20,56,176,3,157,183,37,138,126,115,1,74,34,35,93,0,8,67,166,113,188,55,44,45,131,185,68,123,50,86,52,91,69,88,53,59,11,57,132,7,175,62,120,89,2,154,48,63,90,164,156,73,41,114,47,165,153,26,77,60,145,196,84,85,66,118,124,51,29,191,197,168,14,187,128,27,178,33,100,111,122,151,139,105,180,107,148,30,64,96,76,134,99,173,116,10,42,80,169,142,19,81,25,125,192,127,101,129,43,181,186,170,103,143,136,137,18,194,146,9,31,82,144,121,162,171,149,193,78,98,39,94,46,155,17,21,108,159,109,135,140,106,65,87,13,95,152,22,133,75,172,79,117,102,110,177,40,179,58,161,182,36,195,83,158,54,119,72,71,23,5,141,97,184,70,104,92,160,];False
5399;8128;13527;[198,174,190,32,189,130,6,38,61,163,199,49,12,112,167,15,16,4,147,196,145,150,20,56,176,3,157,183,37,138,126,115,1,74,34,35,93,28,8,154,166,113,188,55,44,45,131,185,68,123,50,86,52,91,69,88,53,59,11,57,132,7,175,62,120,89,2,67,48,63,90,164,156,73,41,114,47,165,153,26,129,60,24,0,84,85,66,118,124,51,29,191,197,168,14,187,128,27,178,33,100,111,122,151,139,105,180,107,148,30,64,96,76,134,99,173,116,10,42,80,169,142,97,81,25,125,192,127,101,77,43,181,186,170,103,143,136,137,18,194,146,9,31,82,144,121,162,171,149,193,78,98,39,94,46,155,17,21,108,159,109,135,140,106,65,87,13,95,152,22,133,75,172,79,117,102,110,177,40,179,58,161,182,36,195,83,158,54,119,72,71,23,5,141,19,184,70,104,92,160,];False
5363;8163;13526;[198,174,190,32,189,130,6,38,61,163,199,49,12,112,167,15,16,4,147,28,24,150,20,56,176,3,157,183,37,138,126,115,1,74,34,35,93,0,8,154,166,113,188,55,44,45,131,185,68,123,50,86,52,91,69,88,53,59,11,57,132,7,175,62,120,89,2,67,48,63,90,164,156,73,41,114,47,165,153,26,77,60,145,196,84,85,66,118,124,51,29,191,197,168,14,187,128,27,178,33,100,111,122,151,139,105,180,107,148,30,64,96,76,134,99,173,116,10,42,80,169,142,19,81,25,125,192,127,101,129,43,181,186,170,82,143,136,137,18,194,146,9,31,103,144,121,162,171,149,193,78,98,39,94,46,155,17,21,108,159,109,135,140,106,65,87,13,95,152,22,133,75,172,79,117,102,110,177,40,179,58,161,182,36,195,83,158,54,119,72,71,23,5,141,97,184,70,104,92,160,];False
5413;8113;13526;[198,174,190,32,189,130,6,38,61,163,199,49,12,112,167,15,16,4,147,28,24,150,20,9,176,3,157,183,37,138,126,115,1,74,34,35,93,194,8,154,166,113,188,55,44,158,131,185,68,123,50,86,52,91,69,164,53,59,11,57,132,7,175,62,120,89,2,67,56,63,90,88,156,73,41,114,47,165,153,26,172,60,145,196,84,85,66,118,124,51,29,191,197,168,14,187,128,27,178,33,100,111,122,151,139,105,180,107,148,30,64,96,76,134,99,173,116,10,42,80,169,142,19,81,25,125,192,127,101,129,43,181,186,170,103,143,136,137,18,0,146,48,31,82,144,121,162,171,149,193,78,98,39,94,46,155,17,21,108,159,109,135,140,106,65,87,13,95,152,22,133,75,77,79,117,102,110,177,40,179,58,161,182,36,195,83,45,54,119,72,71,23,5,141,97,184,70,104,92,160,];False
5452;8074;13526;[198,174,190,32,189,130,6,38,61,163,199,49,12,112,167,15,16,4,147,28,24,150,20,9,176,3,157,183,37,138,126,115,1,74,34,35,93,194,8,154,166,113,188,55,44,45,131,185,68,123,50,86,52,91,69,164,53,59,11,57,132,7,175,62,120,89,2,67,56,63,90,88,156,73,41,114,47,165,153,26,172,60,145,196,84,85,66,118,124,51,29,191,197,168,14,187,128,27,178,33,100,111,122,151,139,105,180,107,148,30,64,96,76,134,99,173,116,10,42,80,169,142,19,81,25,125,192,127,101,129,43,181,186,0,103,143,136,137,18,170,146,48,31,82,144,121,162,171,149,193,78,98,39,94,46,155,17,21,108,159,109,135,140,106,65,87,13,95,152,22,133,75,77,79,117,102,110,177,40,179,58,161,182,36,195,83,158,54,119,72,71,23,5,141,97,184,70,104,92,160,];False
5388;8137;13525;[198,174,190,32,189,130,6,38,61,163,199,49,12,112,167,15,16,4,147,28,24,150,20,9,176,3,157,183,37,138,126,115,1,74,34,35,93,194,8,154,166,113,188,55,44,45,131,185,68,123,50,86,52,91,69,164,53,59,11,57,132,7,175,62,120,89,2,67,56,10,90,88,156,73,41,114,47,165,153,26,172,60,145,196,84,85,66,118,124,51,29,191,197,168,14,187,128,27,178,33,100,111,122,151,139,105,180,107,148,30,64,96,76,134,99,173,116,63,42,80,169,142,19,81,25,125,192,127,101,129,43,181,186,170,103,143,136,137,18,0,146,48,31,82,144,121,162,171,149,193,78,98,39,94,46,155,17,21,108,159,109,161,140,106,65,87,13,95,152,22,133,75,77,79,117,102,110,177,40,179,58,135,182,36,195,83,158,54,119,72,71,23,5,141,97,184,70,104,92,160,];False
5348;8176;13524;[198,174,190,32,189,130,6,38,61,163,199,49,12,112,167,15,16,4,147,196,145,150,20,56,176,3,157,183,37,138,126,115,1,74,34,35,93,28,8,154,166,113,188,55,44,45,131,185,68,123,50,86,52,91,69,88,53,59,11,57,132,7,175,62,120,89,2,67,48,63,90,164,156,73,41,114,47,165,153,26,77,60,24,0,84,85,66,118,124,51,29,191,197,168,14,187,128,27,178,33,100,111,122,151,139,105,180,107,148,30,64,96,76,134,99,173,116,10,42,80,169,142,97,81,25,125,192,127,101,129,43,181,82,170,103,143,136,137,18,194,146,9,31,186,144,121,162,171,149,193,78,98,39,94,46,155,17,21,108,159,109,135,140,106,65,87,13,95,152,22,133,75,172,79,117,102,110,177,40,179,58,161,182,36,195,83,158,54,119,72,71,23,5,141,19,184,70,104,92,160,];False
5442;8082;13524;[198,174,190,32,189,130,6,38,61,163,199,49,12,112,75,15,16,4,147,28,24,150,20,9,176,3,157,183,37,138,126,115,1,74,34,35,93,194,8,154,166,113,188,55,44,45,131,185,68,123,50,86,52,91,69,164,53,59,11,57,132,167,175,62,120,89,2,67,56,10,90,88,156,73,41,114,47,165,153,26,172,60,145,196,84,85,66,118,124,51,29,191,197,168,14,187,128,27,178,33,100,111,122,151,139,105,180,107,148,30,64,96,76,134,99,173,116,63,42,80,169,142,19,81,25,125,192,127,101,129,43,181,186,170,103,143,136,137,18,0,146,48,31,82,144,121,162,171,149,193,78,98,39,94,46,155,17,21,108,159,109,135,140,106,65,87,13,95,152,22,133,7,77,79,117,102,110,177,40,179,58,161,182,36,195,83,158,54,119,72,71,23,5,141,97,184,70,104,92,160,];False
5387;8135;13522;[198,174,190,32,189,130,6,38,61,163,199,49,12,112,167,15,16,4,147,28,24,150,20,56,176,3,157,183,37,138,126,115,1,74,34,35,93,0,42,154,166,113,188,55,44,45,131,185,68,123,50,86,52,91,69,88,53,59,11,57,132,7,175,62,120,89,2,67,48,63,90,164,156,73,41,114,47,165,153,26,77,60,145,196,84,85,66,118,124,51,29,191,197,168,14,187,128,27,178,33,100,111,122,151,139,105,180,107,148,30,64,96,76,134,99,173,116,10,8,80,169,142,19,81,25,125,192,127,101,129,43,181,186,170,103,143,136,137,18,194,146,9,31,82,144,121,162,171,149,193,78,98,39,94,46,155,17,21,108,159,109,135,140,106,65,87,13,95,152,22,133,75,172,79,117,102,110,177,40,179,58,161,182,36,195,83,158,54,119,72,71,23,5,141,97,184,70,104,92,160,];False
5364;8158;13522;[198,174,190,32,189,130,6,38,61,163,199,49,12,112,167,15,16,4,147,28,24,150,20,56,176,3,157,183,37,138,126,115,1,74,34,35,93,0,8,154,166,113,188,55,44,45,131,185,68,123,50,86,52,91,69,88,53,59,11,57,132,7,175,62,120,89,2,67,48,63,90,164,156,73,41,114,47,165,153,26,77,60,145,196,84,85,66,118,124,51,29,191,197,168,14,187,128,27,178,33,100,111,122,151,139,105,180,107,148,30,64,96,76,134,99,173,116,10,42,80,169,142,19,81,25,125,192,127,101,129,43,181,186,170,103,143,136,137,18,194,146,9,31,82,144,121,162,171,149,193,78,98,39,94,46,155,17,21,108,159,109,135,140,106,65,87,13,95,152,22,133,75,172,79,117,102,110,177,40,23,58,161,182,36,195,83,158,54,119,72,71,179,5,141,97,184,70,104,92,160,];False
5300;8221;13521;[198,174,190,32,189,130,6,38,61,163,199,49,12,112,167,15,16,4,147,196,145,150,20,56,176,3,157,183,37,138,126,115,1,74,34,35,93,28,8,154,166,113,188,55,44,45,131,185,68,123,50,86,52,91,69,88,53,59,11,57,132,7,63,62,120,89,2,67,48,175,90,164,156,73,41,114,47,165,153,26,77,60,24,0,84,85,66,118,124,51,29,191,197,168,14,187,128,27,178,33,100,111,122,151,139,105,180,107,148,30,64,96,76,134,99,173,116,10,42,80,169,142,97,81,25,125,192,127,101,129,43,181,186,170,103,143,136,137,18,194,146,9,31,82,144,121,162,171,149,193,78,98,39,94,46,155,17,21,108,159,109,135,140,106,65,87,13,95,152,22,133,75,172,79,117,102,110,177,40,179,58,161,182,36,195,83,158,54,119,72,71,23,5,141,19,184,70,104,92,160,];False
5397;8118;13515;[198,174,190,32,189,130,6,38,61,163,199,49,12,112,167,15,16,4,147,28,24,150,20,9,176,3,157,183,37,138,126,115,1,74,34,35,93,0,8,154,166,168,188,55,44,45,131,185,68,123,50,86,52,91,69,164,53,59,11,57,132,7,175,62,120,89,2,67,56,63,90,88,156,73,41,114,47,165,153,26,77,60,145,196,84,85,66,118,124,51,29,191,197,113,14,187,128,27,178,33,100,111,122,151,139,105,180,107,148,30,64,96,76,134,99,173,116,10,42,80,169,142,19,81,25,125,192,127,101,129,43,181,186,170,103,143,136,137,18,194,146,48,31,82,144,121,162,171,149,193,78,98,39,94,46,155,17,21,108,159,109,135,140,106,65,87,13,95,152,22,133,75,172,79,117,102,110,177,40,179,58,161,182,36,195,83,158,54,119,72,71,23,5,141,97,184,70,104,92,160,];False
5404;8110;13514;[198,174,190,32,189,130,6,38,61,163,199,49,12,112,167,15,16,4,178,196,145,150,20,56,176,3,157,183,37,138,126,115,1,74,34,35,93,28,8,154,166,113,188,55,44,45,131,185,68,123,50,86,52,91,69,88,53,59,11,57,132,7,175,62,120,89,2,67,48,63,90,164,156,73,41,114,47,165,153,26,77,60,24,0,84,85,66,118,124,51,29,191,197,168,14,187,128,27,147,33,100,111,122,151,139,105,180,107,148,30,64,96,76,134,99,173,116,10,42,80,169,142,97,81,25,125,192,127,101,129,43,181,186,170,103,143,136,137,18,194,146,9,31,82,144,121,162,171,149,193,78,98,39,94,46,155,17,21,108,159,109,135,140,106,65,87,13,95,152,22,133,75,172,79,117,102,110,177,40,179,58,161,182,36,195,83,158,54,119,72,71,23,5,141,19,184,70,104,92,160,];False
5325;8188;13513;[198,174,190,32,189,130,6,38,61,163,199,49,12,112,167,15,16,4,147,28,24,150,20,56,176,3,157,183,37,138,126,115,1,74,34,35,93,0,8,154,166,113,188,55,44,45,131,185,68,123,50,86,52,91,69,88,53,59,11,57,132,7,175,62,120,89,2,67,48,63,90,164,156,73,41,114,47,165,153,26,77,60,145,196,84,85,66,118,124,51,29,191,197,168,14,187,128,27,178,33,100,111,122,151,139,105,180,107,148,30,64,96,76,134,99,173,116,10,42,80,169,142,19,81,25,125,192,127,101,129,43,181,186,170,103,143,136,137,18,194,146,9,31,82,144,13,162,171,149,193,78,98,39,94,46,155,17,21,108,159,109,135,140,106,65,87,121,95,152,22,133,75,172,79,117,102,110,177,40,179,58,161,182,36,195,83,158,54,119,72,71,23,5,141,97,184,70,104,92,160,];False
5299;8212;13511;[198,174,190,32,189,130,6,38,61,163,199,49,12,112,167,15,16,4,147,0,145,150,20,56,176,3,157,183,37,138,126,115,1,74,34,35,93,28,8,154,166,113,188,55,44,45,131,185,68,123,50,86,52,91,69,88,53,59,11,57,132,7,121,62,120,89,2,67,48,63,90,164,156,73,41,114,47,165,153,26,77,60,24,196,84,85,66,118,124,51,29,191,197,168,14,187,128,27,178,33,100,111,122,151,139,105,180,107,148,30,64,96,76,134,99,173,116,10,42,80,169,142,19,81,25,125,192,127,101,129,43,181,186,170,103,143,136,137,18,194,146,9,31,82,144,175,162,171,149,193,78,98,39,94,46,155,17,21,108,159,109,135,140,106,65,87,13,95,152,22,133,75,172,79,117,102,110,177,40,179,58,161,182,36,195,83,158,54,119,72,71,23,5,141,97,184,70,104,92,160,];False
5347;8164;13511;[198,174,190,32,189,130,6,38,61,163,199,49,12,112,167,15,16,4,147,196,145,150,20,56,176,3,157,183,37,138,126,115,1,74,34,35,93,119,8,154,166,113,188,55,44,45,131,185,68,123,50,86,52,91,69,88,53,59,11,57,132,7,175,62,120,89,2,67,48,63,90,164,156,73,41,114,47,165,153,26,77,60,24,0,84,85,66,118,124,51,29,191,197,168,14,187,128,27,178,33,100,111,122,151,139,105,180,107,148,30,64,96,76,134,99,173,116,10,42,80,169,142,97,81,25,125,192,127,101,129,43,181,186,170,103,143,136,137,18,194,146,9,31,82,144,121,162,171,149,193,78,98,39,94,46,155,17,21,108,159,109,135,140,106,65,87,13,95,152,22,133,75,172,79,117,102,110,177,40,179,58,161,182,36,195,83,158,54,28,72,71,23,5,141,19,184,70,104,92,160,];False
5371;8138;13509;[198,174,190,32,189,130,6,38,61,163,199,49,12,112,167,15,16,4,147,28,24,150,20,9,176,3,157,183,37,138,126,115,1,74,34,35,93,0,8,154,166,113,188,55,44,45,131,185,68,123,50,86,52,91,69,88,53,59,11,57,132,7,175,62,120,89,2,67,48,63,90,164,156,73,41,114,47,165,153,26,77,60,145,196,84,85,66,118,124,51,29,191,197,168,14,187,128,27,178,33,100,111,122,151,139,105,180,107,148,30,64,96,76,134,99,173,116,10,42,80,169,142,19,81,25,140,192,127,101,129,43,181,186,170,103,143,136,137,18,194,146,56,31,82,144,121,162,171,149,193,78,98,39,94,46,155,17,21,108,159,109,135,125,106,65,87,13,95,152,22,133,75,172,79,117,102,110,177,40,179,58,161,182,36,195,83,158,54,119,72,71,23,5,141,97,184,70,104,92,160,];False
5290;8219;13509;[198,174,190,32,189,130,6,38,61,163,199,49,12,112,167,15,16,4,147,28,24,150,20,56,176,96,157,183,37,138,126,115,1,74,34,35,93,0,8,154,166,113,188,55,44,45,131,185,68,123,50,86,52,91,69,88,53,59,11,57,132,7,175,62,120,89,2,67,48,63,90,164,156,73,41,114,47,165,153,26,77,60,145,196,84,85,66,118,124,51,29,191,197,168,14,187,128,27,178,33,100,111,122,151,139,105,180,107,148,30,64,3,76,134,99,173,116,10,42,80,169,142,19,81,25,125,192,127,101,129,43,181,186,170,103,143,136,137,18,194,146,9,31,82,144,121,162,171,149,193,78,98,39,94,46,155,17,21,108,159,109,135,140,106,65,87,13,95,152,22,133,75,172,79,117,102,110,177,40,179,58,161,182,36,195,83,158,54,119,72,71,23,5,141,97,184,70,104,92,160,];False
5412;8097;13509;[198,174,190,32,189,130,6,38,61,163,199,49,12,112,167,15,16,4,147,28,24,150,20,9,176,3,157,183,37,138,126,115,1,74,34,35,93,0,8,154,166,113,188,55,44,45,131,185,68,123,50,86,52,91,69,88,53,59,11,57,132,7,175,62,120,89,2,67,48,63,90,164,156,73,41,114,47,165,153,26,77,60,145,125,84,85,66,118,124,51,29,191,197,168,14,187,128,27,178,33,100,111,122,151,139,105,180,107,148,30,64,96,76,134,99,173,116,10,42,80,169,142,19,81,25,196,192,127,101,129,43,181,186,170,103,143,136,137,18,194,146,56,31,82,144,121,162,171,149,193,78,98,39,94,46,155,17,21,108,159,109,135,140,106,65,87,13,95,152,22,133,75,172,79,117,102,110,177,40,179,58,161,182,36,195,83,158,54,119,72,71,23,5,141,97,184,70,104,92,160,];False
5397;8111;13508;[198,174,190,32,189,130,6,38,61,163,199,49,12,112,167,15,16,4,147,28,24,150,20,9,176,3,157,183,37,138,126,115,1,74,34,35,93,0,8,154,166,113,188,55,44,45,131,185,68,123,50,86,52,91,69,164,53,59,11,57,132,7,175,62,120,89,2,67,56,63,90,88,156,73,41,114,47,165,153,26,77,60,145,196,84,85,66,118,124,51,29,191,197,168,14,187,128,27,178,33,100,111,122,151,139,105,180,107,148,30,64,96,76,134,99,173,116,10,42,80,65,142,19,81,25,125,192,127,101,129,43,181,186,170,103,143,136,137,18,194,146,48,31,82,144,121,162,171,149,193,78,98,39,94,46,155,17,21,108,159,109,135,140,106,169,87,13,95,152,22,133,75,172,79,117,102,110,177,40,179,58,161,182,36,195,83,158,54,119,72,71,23,5,141,97,184,70,104,92,160,];False
5396;8112;13508;[198,174,190,32,189,130,6,38,61,163,199,49,12,112,167,15,16,4,147,196,145,150,20,56,176,3,157,183,37,138,126,115,1,74,34,35,93,28,8,154,166,113,188,55,44,45,131,185,68,123,50,86,52,91,69,88,53,59,11,57,132,7,175,62,120,89,2,67,48,63,90,164,156,73,41,114,47,165,153,26,77,60,24,0,84,85,66,118,124,51,29,191,197,168,14,187,128,27,178,33,100,111,122,151,139,105,180,107,148,30,64,96,76,134,99,173,116,10,42,80,169,142,195,81,25,125,192,127,101,129,43,181,186,170,103,143,136,137,18,194,146,9,31,82,144,121,162,171,149,193,78,98,39,94,46,155,17,21,108,159,109,135,140,106,65,87,13,95,152,22,133,75,172,79,117,102,110,177,40,179,58,161,182,36,97,83,158,54,119,72,71,23,5,141,19,184,70,104,92,160,];False
5422;8083;13505;[198,174,190,32,189,130,6,38,61,163,199,49,12,112,167,15,16,4,147,28,24,150,20,9,176,3,157,183,37,138,126,115,1,74,34,35,93,194,8,154,166,113,188,55,44,45,131,185,68,123,50,86,52,91,69,164,53,59,11,57,132,7,175,62,120,89,2,67,56,63,90,88,156,73,41,114,47,165,153,26,172,60,145,196,84,85,66,118,124,51,29,191,197,168,14,158,128,27,178,33,100,111,122,151,139,105,180,107,148,30,64,96,76,134,99,173,116,10,42,80,169,142,19,81,25,125,192,127,101,129,43,181,186,170,103,143,136,137,18,0,146,48,31,82,144,121,162,171,149,193,78,98,39,94,46,155,17,21,108,159,109,135,140,106,65,87,13,95,152,22,133,75,77,79,117,102,110,177,40,179,58,161,182,36,195,83,187,54,119,72,71,23,5,141,97,184,70,104,92,160,];False
5359;8146;13505;[198,174,190,32,189,130,6,38,61,163,199,49,12,112,167,15,16,4,147,28,24,150,20,56,176,99,157,183,37,138,126,115,1,74,34,35,93,0,8,154,166,113,188,55,44,45,131,185,68,123,50,86,52,91,69,88,53,59,11,57,132,7,175,62,120,89,2,67,48,63,90,164,156,73,41,114,47,165,153,26,77,60,145,196,84,85,66,118,124,51,29,191,197,168,14,187,128,27,178,33,100,111,122,151,139,105,180,107,148,30,64,96,76,134,3,173,116,10,42,80,169,142,19,81,25,125,192,127,101,129,43,181,186,170,103,143,136,137,18,194,146,9,31,82,144,121,162,171,149,193,78,98,39,94,46,155,17,21,108,159,109,135,140,106,65,87,13,95,152,22,133,75,172,79,117,102,110,177,40,179,58,161,182,36,195,83,158,54,119,72,71,23,5,141,97,184,70,104,92,160,];False
5398;8106;13504;[198,156,190,32,189,130,6,38,61,163,199,49,12,112,167,15,16,4,147,28,24,150,20,9,176,3,157,183,37,138,126,115,1,74,34,35,93,194,8,154,166,113,188,55,44,45,131,185,68,123,50,86,52,91,69,164,53,59,11,57,132,7,175,62,120,89,2,67,56,63,90,88,174,73,41,114,47,165,153,26,172,60,145,196,84,85,66,118,124,51,29,191,197,168,14,187,128,27,178,33,100,111,122,151,139,105,180,107,148,30,64,96,76,134,99,173,116,10,42,80,169,142,19,81,25,125,192,127,101,129,43,181,186,170,103,143,136,137,18,0,146,48,31,82,144,121,162,171,149,193,78,98,39,94,46,155,17,21,108,159,109,135,140,106,65,87,13,95,152,22,133,75,77,79,117,102,110,177,40,179,58,161,182,36,195,83,158,54,119,72,71,23,5,141,97,184,70,104,92,160,];False
5328;8174;13502;[198,174,190,32,189,130,6,38,61,163,199,49,12,112,167,15,16,4,147,28,24,150,20,56,176,3,157,183,37,138,126,115,1,74,34,35,76,0,8,154,166,113,188,55,44,45,131,185,68,123,50,86,52,91,69,88,53,59,11,57,132,7,175,62,120,89,2,67,48,63,90,164,156,73,41,114,47,165,153,26,77,60,145,196,84,85,66,118,124,51,29,191,197,168,14,187,128,27,178,33,100,111,122,151,139,105,180,107,148,30,64,96,93,134,99,173,116,10,42,80,169,142,19,81,25,125,192,127,101,129,43,181,186,170,103,143,136,137,18,194,146,9,31,82,144,121,162,171,149,193,78,98,39,94,46,155,17,21,108,159,109,135,140,106,65,87,13,95,152,22,133,75,172,79,117,102,110,177,40,179,58,161,182,36,195,83,158,54,119,72,71,23,5,141,97,184,70,104,92,160,];False
5323;8178;13501;[198,174,190,32,189,130,6,38,61,163,199,49,12,112,167,15,16,4,147,28,24,150,20,56,176,3,157,183,37,138,126,115,1,74,34,35,93,0,8,154,166,113,188,55,44,45,131,185,68,123,50,86,52,91,69,88,53,59,11,57,132,7,175,62,120,89,2,67,48,63,90,164,156,73,41,114,47,165,153,26,77,60,145,196,84,85,66,118,124,51,29,191,197,168,14,187,128,27,178,33,100,111,122,151,139,105,180,107,148,30,64,96,76,134,99,173,116,10,42,80,109,142,19,81,25,125,192,127,101,129,43,181,186,170,103,143,136,137,18,194,146,9,31,82,144,121,162,171,149,193,78,98,39,94,46,155,17,21,108,159,169,135,140,106,65,87,13,95,152,22,133,75,172,79,117,102,110,177,40,179,58,161,182,36,195,83,158,54,119,72,71,23,5,141,97,184,70,104,92,160,];False
5338;8162;13500;[198,174,190,32,189,130,6,38,61,163,199,49,12,112,167,15,16,4,147,28,24,150,20,56,176,3,157,183,37,138,126,115,1,74,34,35,131,0,8,154,166,113,188,55,44,45,93,185,68,123,50,86,52,91,69,88,53,59,11,57,132,7,175,62,120,89,2,67,48,63,90,164,156,73,41,114,47,165,153,26,77,60,145,196,84,85,66,118,124,51,29,191,197,168,14,187,128,27,178,33,100,111,122,151,139,105,180,107,148,30,64,96,76,134,99,173,116,10,42,80,169,142,19,81,25,125,192,127,101,129,43,181,186,170,103,143,136,137,18,194,146,9,31,82,144,121,162,171,149,193,78,98,39,94,46,155,17,21,108,159,109,135,140,106,65,87,13,95,152,22,133,75,172,79,117,102,110,177,40,179,58,161,182,36,195,83,158,54,119,72,71,23,5,141,97,184,70,104,92,160,];False
5370;8130;13500;[198,174,190,32,189,130,6,38,61,163,199,49,12,112,167,15,16,4,147,28,24,150,20,56,176,3,157,183,37,138,126,115,1,74,34,35,93,0,8,154,166,113,188,55,44,45,131,185,68,123,50,86,52,91,69,88,53,59,11,57,132,7,175,62,120,89,2,67,48,63,90,164,156,73,41,114,47,165,153,26,77,60,145,196,84,85,66,118,124,51,29,182,197,168,14,187,128,27,178,33,100,111,122,151,139,105,180,107,148,30,64,96,76,134,99,173,116,10,42,80,169,142,19,81,25,125,192,127,101,129,43,181,186,170,103,143,136,137,18,194,146,9,31,82,144,121,162,171,149,193,78,98,39,94,46,155,17,21,108,159,109,135,140,106,65,87,13,95,152,22,133,75,172,79,117,102,110,177,40,179,58,161,191,36,195,83,158,54,119,72,71,23,5,141,97,184,70,104,92,160,];False
5347;8153;13500;[198,174,190,32,189,130,6,38,61,163,199,49,12,112,167,15,16,4,147,28,24,150,20,56,176,3,157,183,37,138,126,115,1,74,34,35,93,0,8,154,166,113,188,55,44,45,131,185,68,123,50,86,52,91,69,88,53,59,11,57,132,7,175,62,120,89,2,67,196,63,90,164,156,73,41,114,47,165,153,26,77,60,145,48,84,85,66,118,124,51,29,191,197,168,14,187,128,27,178,33,100,111,122,151,139,105,180,107,148,30,64,96,76,134,99,173,116,10,42,80,169,142,19,81,25,125,192,127,101,129,43,181,186,170,103,143,136,137,18,194,146,9,31,82,144,121,162,171,149,193,78,98,39,94,46,155,17,21,108,159,109,135,140,106,65,87,13,95,152,22,133,75,172,79,117,102,110,177,40,179,58,161,182,36,195,83,158,54,119,72,71,23,5,141,97,184,70,104,92,160,];False
5416;8084;13500;[198,174,190,32,189,116,6,38,61,163,199,49,12,112,167,15,16,4,147,28,24,150,20,9,176,3,157,183,37,138,126,115,1,74,34,35,93,194,8,154,166,113,188,55,44,45,131,185,68,123,50,86,52,91,69,164,53,59,11,57,132,7,175,62,120,89,2,67,56,63,90,88,156,73,41,114,47,165,153,26,172,60,145,196,84,85,66,118,124,51,29,191,197,168,14,187,128,27,178,33,100,111,122,151,139,105,180,107,148,30,64,96,76,134,99,173,130,10,42,80,169,142,19,81,25,125,192,127,101,129,43,181,186,170,103,143,136,137,18,0,146,48,31,82,144,121,162,171,149,193,78,98,39,94,46,155,17,21,108,159,109,135,140,106,65,87,13,95,152,22,133,75,77,79,117,102,110,177,40,179,58,161,182,36,195,83,158,54,119,72,71,23,5,141,97,184,70,104,92,160,];False
5345;8154;13499;[198,174,190,32,189,130,6,38,61,163,199,49,12,112,167,15,16,4,147,28,24,150,20,56,124,3,157,183,37,138,126,115,1,74,34,35,93,0,8,154,166,113,188,55,44,45,131,185,68,123,50,86,52,91,69,88,53,59,11,57,132,7,175,62,120,89,2,67,48,63,90,164,156,73,41,114,47,165,153,26,77,60,145,196,84,85,66,118,176,51,29,191,197,168,14,187,128,27,178,33,100,111,122,151,139,105,180,107,148,30,64,96,76,134,99,173,116,10,42,80,169,142,19,81,25,125,192,127,101,129,43,181,186,170,103,143,136,137,18,194,146,9,31,82,144,121,162,171,149,193,78,98,39,94,46,155,17,21,108,159,109,135,140,106,65,87,13,95,152,22,133,75,172,79,117,102,110,177,40,179,58,161,182,36,195,83,158,54,119,72,71,23,5,141,97,184,70,104,92,160,];False
5384;8114;13498;[198,174,190,32,189,130,6,38,61,163,199,49,12,112,167,15,16,4,147,28,24,150,20,56,176,3,157,183,37,138,126,115,1,74,34,35,93,0,8,154,166,113,188,55,44,45,131,185,68,123,50,86,52,91,69,88,53,59,11,57,132,39,175,62,120,89,2,67,48,63,90,164,156,73,41,114,47,165,153,26,77,60,145,196,84,85,66,118,124,51,29,191,197,168,14,187,128,27,178,33,100,111,122,151,139,105,180,107,148,30,64,96,76,134,99,173,116,10,42,80,169,142,19,81,25,125,192,127,101,129,43,181,186,170,103,143,136,137,18,194,146,9,31,82,144,121,162,171,149,193,78,98,7,94,46,155,17,21,108,159,109,135,140,106,65,87,13,95,152,22,133,75,172,79,117,102,110,177,40,179,58,161,182,36,195,83,158,54,119,72,71,23,5,141,97,184,70,104,92,160,];False
5293;8204;13497;[198,174,190,32,189,130,6,38,61,163,199,49,12,112,167,15,16,4,147,28,24,150,20,9,176,3,157,183,37,138,126,115,1,74,34,35,93,0,8,154,166,113,188,55,44,45,131,185,68,123,50,86,52,91,69,164,53,59,11,57,132,7,175,62,120,89,2,67,96,63,90,88,156,73,41,114,47,165,153,26,77,60,145,196,84,85,66,118,124,51,29,191,197,168,14,187,128,27,178,33,100,111,122,151,139,105,180,107,148,30,64,56,76,134,99,173,116,10,42,80,169,142,19,81,25,125,192,127,101,129,43,181,186,170,103,143,136,137,18,194,146,48,31,82,144,121,162,171,149,193,78,98,39,94,46,155,17,21,108,159,109,135,140,106,65,87,13,95,152,22,133,75,172,79,117,102,110,177,40,179,58,161,182,36,195,83,158,54,119,72,71,23,5,141,97,184,70,104,92,160,];False
5337;8160;13497;[198,174,190,32,189,130,55,38,61,163,199,49,12,112,167,15,16,4,147,0,24,150,20,56,176,3,157,183,37,138,126,115,1,74,34,35,93,28,8,154,166,113,188,6,44,45,131,185,68,123,50,86,52,91,69,88,53,59,11,57,132,7,175,62,120,89,2,67,48,63,90,164,156,73,41,114,47,165,153,26,77,60,145,196,84,85,66,118,124,51,29,191,197,168,14,187,128,27,178,33,100,111,122,151,139,105,180,107,148,30,64,96,76,134,99,173,116,10,42,80,169,142,19,81,25,125,192,127,101,129,43,181,186,170,103,143,136,137,18,194,146,9,31,82,144,121,162,171,149,193,78,98,39,94,46,155,17,21,108,159,109,135,140,106,65,87,13,95,152,22,133,75,172,79,117,102,110,177,40,179,58,161,182,36,195,83,158,54,119,72,71,23,5,141,97,184,70,104,92,160,];False
5424;8073;13497;[198,174,190,32,189,130,6,38,61,163,199,49,12,112,167,15,16,4,147,28,44,150,20,9,176,3,157,183,37,138,126,115,1,74,34,35,93,194,8,154,166,113,188,55,24,45,131,185,68,123,50,86,52,91,69,164,53,59,11,57,132,7,175,62,120,89,2,67,56,63,90,88,156,73,41,114,47,165,153,26,172,60,145,196,84,85,66,118,124,51,29,191,197,168,14,187,128,27,178,33,100,111,122,151,139,105,180,107,148,30,64,96,76,134,99,173,116,10,42,80,169,142,19,81,25,125,192,127,101,129,43,181,186,170,103,143,136,137,18,0,146,48,31,82,144,121,162,171,149,193,78,98,39,94,46,155,17,21,108,159,109,135,140,106,65,87,13,95,152,22,133,75,77,79,117,102,110,177,40,179,58,161,182,36,195,83,158,54,119,72,71,23,5,141,97,184,70,104,92,160,];False
5403;8092;13495;[198,174,190,32,189,130,6,38,61,163,199,49,12,112,167,15,16,4,147,28,24,150,20,9,176,3,157,183,37,138,126,115,1,74,34,80,93,194,8,154,166,113,188,55,44,45,131,185,68,123,50,86,52,91,69,164,53,59,11,57,132,7,175,62,120,89,2,67,56,63,90,88,156,73,41,114,47,165,153,26,172,60,145,196,84,85,66,118,124,51,29,191,197,168,14,187,128,27,178,33,100,111,122,151,139,105,180,107,148,30,64,96,76,134,99,173,116,10,42,35,169,142,19,81,25,125,192,127,101,129,43,181,186,170,103,143,136,137,18,0,146,48,31,82,144,121,162,171,149,193,78,98,39,94,46,155,17,21,108,159,109,135,140,106,65,87,13,95,152,22,133,75,77,79,117,102,110,177,40,179,58,161,182,36,195,83,158,54,119,72,71,23,5,141,97,184,70,104,92,160,];False
5356;8138;13494;[198,174,190,32,189,130,6,38,61,163,199,49,12,112,167,15,16,4,147,28,24,150,20,9,176,3,157,183,37,138,126,115,1,74,34,35,93,0,8,154,166,113,188,55,44,45,131,185,68,123,50,86,52,91,69,164,53,59,11,57,132,7,175,62,120,89,2,67,56,63,90,88,156,73,41,114,47,165,153,26,172,60,145,196,84,85,66,118,124,51,29,191,197,77,14,187,128,27,178,33,100,111,122,151,139,105,180,107,148,30,64,96,76,134,99,173,116,10,42,80,169,142,19,81,25,125,192,127,101,129,43,181,186,170,103,143,136,137,18,194,146,48,31,82,144,121,162,171,149,193,78,98,39,94,46,155,17,21,108,159,109,135,140,106,65,87,13,95,152,22,133,75,168,79,117,102,110,177,40,179,58,161,182,36,195,83,158,54,119,72,71,23,5,141,97,184,70,104,92,160,];False
5306;8186;13492;[198,174,190,32,189,130,6,38,61,163,199,49,12,112,167,15,16,4,147,0,145,150,20,56,176,3,157,183,182,138,126,115,1,74,34,35,93,28,8,154,166,113,188,55,44,45,131,185,68,123,50,86,52,91,69,88,53,59,11,57,132,7,175,62,120,89,2,67,48,63,90,164,156,73,41,114,47,165,153,26,77,60,24,196,84,85,66,118,124,51,29,191,197,168,14,187,128,27,178,33,100,111,122,151,139,105,180,107,148,30,64,96,76,134,99,173,116,10,42,80,169,142,19,81,25,125,192,127,101,129,43,181,186,170,103,143,136,137,18,194,146,9,31,82,144,121,162,171,149,193,78,98,39,94,46,155,17,21,108,159,109,135,140,106,65,87,13,95,152,22,133,75,172,79,117,102,110,177,40,179,58,161,37,36,195,83,158,54,119,72,71,23,5,141,97,184,70,104,92,160,];False
5281;8208;13489;[198,174,190,32,189,130,6,38,61,163,199,49,12,112,167,15,16,4,147,28,24,150,20,56,176,3,157,183,37,138,126,115,1,74,34,35,93,0,8,154,166,113,188,55,44,45,131,185,68,123,50,86,52,91,69,88,53,59,11,57,132,7,175,62,120,89,2,67,48,63,90,164,156,73,41,114,47,165,153,26,77,60,145,196,84,85,66,79,124,51,29,191,197,168,14,187,128,27,178,33,100,111,122,151,139,105,180,107,148,30,64,96,76,134,99,173,116,10,42,80,169,142,19,81,25,125,192,127,101,129,43,181,186,170,103,143,136,137,18,194,146,9,31,82,144,121,162,171,149,193,78,98,39,94,46,155,17,21,108,159,109,135,140,106,65,87,13,95,152,22,133,75,172,118,117,102,110,177,40,179,58,161,182,36,195,83,158,54,119,72,71,23,5,141,97,184,70,104,92,160,];False
5408;8081;13489;[198,174,190,32,189,130,6,38,61,163,199,49,12,112,167,15,16,4,147,28,24,150,20,9,176,3,157,183,37,138,126,115,1,74,34,35,93,194,8,154,166,113,188,55,44,45,131,185,68,123,50,86,52,91,69,164,53,59,11,57,132,7,175,62,120,89,2,67,56,10,14,88,156,73,41,114,47,165,153,26,172,60,145,196,84,85,66,118,124,51,29,191,197,168,90,187,128,27,178,33,100,111,122,151,139,105,180,107,148,30,64,96,76,134,99,173,116,63,42,80,169,142,19,81,25,125,192,127,101,129,43,181,186,170,103,143,136,137,18,0,146,48,31,82,144,121,162,171,149,193,78,98,39,94,46,155,17,21,108,159,109,135,140,106,65,87,13,95,152,22,133,75,77,79,117,102,110,177,40,179,58,161,182,36,195,83,158,54,119,72,71,23,5,141,97,184,70,104,92,160,];False
5310;8177;13487;[198,174,190,32,189,130,6,38,61,163,199,49,12,112,167,15,16,4,147,28,24,150,20,56,176,3,157,183,37,138,126,115,1,74,93,35,34,0,8,154,166,113,188,55,44,45,131,185,68,123,50,86,52,91,69,88,53,59,11,57,132,7,175,62,120,89,2,67,48,63,90,164,156,73,41,114,47,165,153,26,77,60,145,196,84,85,66,118,124,51,29,191,197,168,14,187,128,27,178,33,100,111,122,151,139,105,180,107,148,30,64,96,76,134,99,173,116,10,42,80,169,142,19,81,25,125,192,127,101,129,43,181,186,170,103,143,136,137,18,194,146,9,31,82,144,121,162,171,149,193,78,98,39,94,46,155,17,21,108,159,109,135,140,106,65,87,13,95,152,22,133,75,172,79,117,102,110,177,40,179,58,161,182,36,195,83,158,54,119,72,71,23,5,141,97,184,70,104,92,160,];False
5363;8124;13487;[198,174,190,32,189,130,6,38,61,163,199,49,12,112,167,15,16,4,147,0,24,150,20,56,176,3,157,183,37,138,126,115,1,74,34,35,93,28,8,154,166,113,188,55,44,45,131,185,68,123,50,86,52,91,69,88,53,59,11,57,132,7,175,62,120,89,2,67,48,63,90,164,156,73,41,114,47,165,153,26,77,60,145,196,84,85,66,118,124,51,29,191,197,168,14,187,128,27,178,33,100,111,122,151,139,105,180,107,148,30,64,96,76,134,99,173,116,10,42,80,169,142,19,81,25,125,192,127,101,129,43,181,186,170,103,143,136,137,18,194,146,9,31,82,144,121,162,171,149,193,78,98,39,94,46,155,17,21,108,159,109,135,140,106,65,87,13,95,152,22,133,75,172,79,117,102,110,177,40,179,58,161,182,36,195,83,158,54,119,72,104,23,5,141,97,184,70,71,92,160,];False
5287;8200;13487;[198,174,190,32,189,130,6,38,61,163,199,49,12,112,167,15,16,4,147,28,24,150,20,56,176,3,157,183,37,138,126,115,1,74,34,35,93,0,8,154,166,113,188,55,44,45,131,185,68,123,50,86,52,91,69,88,53,59,11,57,132,7,175,62,120,89,2,67,48,63,90,164,156,73,41,114,47,165,153,26,77,60,145,196,84,85,66,118,124,51,29,191,197,168,14,187,128,27,178,33,100,111,122,151,139,105,180,107,148,30,64,96,76,134,99,173,116,10,42,80,169,142,19,81,25,125,192,127,101,129,43,181,186,170,103,143,136,137,18,194,5,9,31,82,144,121,162,171,149,193,78,98,39,94,46,155,17,21,108,159,109,135,140,106,65,87,13,95,152,22,133,75,172,79,117,102,110,177,40,179,58,161,182,36,195,83,158,54,119,72,71,23,146,141,97,184,70,104,92,160,];False
5322;8164;13486;[198,174,190,32,189,130,6,38,61,163,199,49,12,112,167,15,16,4,147,0,24,150,20,56,176,3,157,183,37,138,126,115,1,74,34,134,93,28,8,154,166,113,188,55,44,45,131,185,68,123,50,86,52,91,69,88,53,59,11,57,132,7,175,62,120,89,2,67,48,63,90,164,156,73,41,114,47,165,153,26,77,60,145,196,84,85,66,118,124,51,29,191,197,168,14,187,128,27,178,33,100,111,122,151,139,105,180,107,148,30,64,96,76,35,99,173,116,10,42,80,169,142,19,81,25,125,192,127,101,129,43,181,186,170,103,143,136,137,18,194,146,9,31,82,144,121,162,171,149,193,78,98,39,94,46,155,17,21,108,159,109,135,140,106,65,87,13,95,152,22,133,75,172,79,117,102,110,177,40,179,58,161,182,36,195,83,158,54,119,72,71,23,5,141,97,184,70,104,92,160,];False
5366;8120;13486;[198,174,190,32,189,130,6,38,61,163,199,49,12,112,167,15,16,4,147,196,145,150,20,56,176,3,157,183,37,138,126,115,1,74,34,35,93,28,8,154,166,113,188,55,44,45,131,185,68,123,50,86,52,91,69,88,53,59,11,57,132,7,175,62,120,89,2,67,48,63,90,164,156,73,41,177,47,165,153,26,77,60,24,0,84,85,66,118,124,51,29,191,197,168,14,187,128,27,178,33,100,111,122,151,139,105,180,107,148,30,64,96,76,134,99,173,116,10,42,80,169,142,97,81,25,125,192,127,101,129,43,181,186,170,103,143,136,137,18,194,146,9,31,82,144,121,162,171,149,193,78,98,39,94,46,155,17,21,108,159,109,135,140,106,65,87,13,95,152,22,133,75,172,79,117,102,110,114,40,179,58,161,182,36,195,83,158,54,119,72,71,23,5,141,19,184,70,104,92,160,];False
5331;8155;13486;[198,174,190,32,189,130,6,38,61,163,199,49,12,112,167,15,16,4,147,28,24,150,20,56,176,3,157,183,37,138,126,115,1,74,34,35,93,0,8,154,166,113,188,55,44,45,131,185,68,123,50,86,52,91,69,88,53,59,11,57,132,7,175,62,120,89,2,67,48,63,90,164,156,73,41,114,47,165,153,26,77,60,145,196,84,85,66,118,144,51,29,191,197,168,14,187,128,27,178,33,100,111,122,151,139,105,180,107,148,30,64,96,76,134,99,173,116,10,42,80,169,142,19,81,25,125,192,127,101,129,43,181,186,170,103,143,136,137,18,194,146,9,31,82,124,121,162,171,149,193,78,98,39,94,46,155,17,21,108,159,109,135,140,106,65,87,13,95,152,22,133,75,172,79,117,102,110,177,40,179,58,161,182,36,195,83,158,54,119,72,71,23,5,141,97,184,70,104,92,160,];False
5363;8121;13484;[198,174,190,32,189,130,6,38,61,163,199,49,12,112,167,15,16,4,147,0,24,150,20,56,176,3,157,183,37,138,126,115,1,74,34,35,93,28,8,154,166,113,188,55,44,45,131,185,68,123,50,86,52,91,69,88,53,59,11,57,132,7,175,62,120,89,2,67,48,63,90,164,156,73,41,114,47,165,153,26,77,60,145,196,84,85,66,118,124,51,29,191,197,168,14,187,128,27,178,33,100,111,122,151,139,105,180,107,148,30,64,96,76,134,99,173,116,10,42,80,169,142,19,81,25,125,192,127,101,129,43,181,186,170,103,143,136,137,110,194,146,9,31,82,144,121,162,171,149,193,78,98,39,94,46,155,17,21,108,159,109,135,140,106,65,87,13,95,152,22,133,75,172,79,117,102,18,177,40,179,58,161,182,36,195,83,158,54,119,72,71,23,5,141,97,184,70,104,92,160,];False
5343;8141;13484;[198,174,190,32,189,130,6,38,61,163,199,23,12,112,167,15,16,4,147,28,24,150,20,56,176,3,157,183,37,138,126,115,1,74,34,35,93,0,8,154,166,113,188,55,44,45,131,185,68,123,50,86,52,91,69,88,53,59,11,57,132,7,175,62,120,89,2,67,48,63,90,164,156,73,41,114,47,165,153,26,77,60,145,196,84,85,66,118,124,51,29,191,197,168,14,187,128,27,178,33,100,111,122,151,139,105,180,107,148,30,64,96,76,134,99,173,116,10,42,80,169,142,19,81,25,125,192,127,101,129,43,181,186,170,103,143,136,137,18,194,146,9,31,82,144,121,162,171,149,193,78,98,39,94,46,155,17,21,108,159,109,135,140,106,65,87,13,95,152,22,133,75,172,79,117,102,110,177,40,179,58,161,182,36,195,83,158,54,119,72,71,49,5,141,97,184,70,104,92,160,];False
5329;8154;13483;[198,174,190,32,189,130,6,38,61,163,199,49,12,72,167,15,16,4,147,0,24,150,20,56,176,3,157,183,37,138,126,115,1,74,34,35,93,28,8,154,166,113,188,55,44,45,131,185,68,123,50,86,52,91,69,88,53,59,11,57,132,7,175,62,120,89,2,67,48,63,90,164,156,73,41,114,47,165,153,26,77,60,145,196,84,85,66,118,124,51,29,191,197,168,14,187,128,27,178,33,100,111,122,151,139,105,180,107,148,30,64,96,76,134,99,173,116,10,42,80,169,142,19,81,25,125,192,127,101,129,43,181,186,170,103,143,136,137,18,194,146,9,31,82,144,121,162,171,149,193,78,98,39,94,46,155,17,21,108,159,109,135,140,106,65,87,13,95,152,22,133,75,172,79,117,102,110,177,40,179,58,161,182,36,195,83,158,54,119,112,71,23,5,141,97,184,70,104,92,160,];False
5407;8076;13483;[198,174,190,32,189,130,6,38,61,163,199,49,12,112,167,15,16,4,147,28,24,150,20,9,176,3,157,183,37,138,126,115,1,74,34,35,93,194,8,154,166,113,188,55,44,45,131,185,68,123,50,86,52,91,69,164,53,59,11,57,132,7,175,62,120,89,2,67,56,63,90,88,156,73,41,114,47,165,153,26,172,60,145,196,84,85,66,118,124,51,29,191,197,168,14,187,128,27,178,33,100,111,122,151,139,105,180,107,148,30,64,96,76,134,99,173,116,10,42,80,169,142,19,81,25,125,192,127,101,129,43,181,186,170,103,143,136,137,18,0,146,48,31,82,144,121,162,171,149,193,78,98,39,94,46,155,17,21,108,159,109,135,140,106,65,87,13,95,152,22,133,75,110,79,117,102,77,177,40,179,58,161,182,36,195,83,158,54,119,72,71,23,5,141,97,184,70,104,92,160,];False
5374;8109;13483;[198,174,190,32,189,130,6,38,61,163,199,49,12,112,167,15,16,4,147,28,24,150,20,9,176,3,157,183,37,138,126,115,1,74,34,35,93,194,8,154,166,113,188,55,44,45,131,185,68,123,50,86,52,91,69,164,53,59,11,57,132,7,175,62,120,89,2,67,56,63,90,88,156,73,41,114,144,165,153,26,172,60,145,196,84,85,66,118,124,51,29,191,197,168,14,187,128,27,178,33,100,111,122,151,139,105,180,107,148,30,64,96,76,134,99,173,116,10,42,80,169,142,19,81,25,125,192,127,101,129,43,181,186,170,103,143,136,137,18,0,146,48,31,82,47,121,162,171,149,193,78,98,39,94,46,155,17,21,108,159,109,135,140,106,65,87,13,95,152,22,133,75,77,79,117,102,110,177,40,179,58,161,182,36,195,83,158,54,119,72,71,23,5,141,97,184,70,104,92,160,];False
5322;8159;13481;[198,174,190,32,189,130,6,38,61,163,199,49,12,112,167,15,16,4,147,196,145,150,20,56,176,3,157,183,37,138,126,115,1,74,34,35,93,28,8,154,166,113,188,55,44,45,131,185,68,123,50,86,52,91,69,88,53,59,11,57,132,7,175,62,120,89,2,67,48,63,90,164,156,73,41,114,47,165,153,31,77,60,24,0,84,85,66,118,124,51,29,191,197,168,14,187,128,27,178,33,100,111,122,151,139,105,180,107,148,30,64,96,76,134,99,173,116,10,42,80,169,142,97,81,25,125,192,127,101,129,43,181,186,170,103,143,136,137,18,194,146,9,26,82,144,121,162,171,149,193,78,98,39,94,46,155,17,21,108,159,109,135,140,106,65,87,13,95,152,22,133,75,172,79,117,102,110,177,40,179,58,161,182,36,195,83,158,54,119,72,71,23,5,141,19,184,70,104,92,160,];False
5244;8236;13480;[198,174,190,32,189,130,6,38,61,163,199,49,12,112,167,15,16,4,147,28,24,150,20,56,176,3,157,183,37,138,126,115,1,74,34,35,93,0,8,154,166,113,188,55,44,45,131,185,68,123,50,86,52,91,69,88,53,59,11,57,132,7,175,62,120,89,2,67,48,63,90,164,156,73,41,114,47,165,153,26,77,60,145,196,84,85,66,96,124,51,29,191,197,168,14,187,128,27,178,33,100,111,122,151,139,105,180,107,148,30,64,118,76,134,99,173,116,10,42,80,169,142,19,81,25,125,192,127,101,129,43,181,186,170,103,143,136,137,18,194,146,9,31,82,144,121,162,171,149,193,78,98,39,94,46,155,17,21,108,159,109,135,140,106,65,87,13,95,152,22,133,75,172,79,117,102,110,177,40,179,58,161,182,36,195,83,158,54,119,72,71,23,5,141,97,184,70,104,92,160,];False
5321;8157;13478;[198,174,190,32,189,140,6,38,61,163,199,49,12,112,167,15,16,4,147,28,24,150,20,9,176,3,157,183,37,138,126,115,1,74,34,35,93,0,8,154,166,113,188,55,44,45,131,185,68,123,50,86,52,91,69,164,53,59,11,57,132,7,175,62,120,89,2,67,56,63,90,88,156,73,41,114,47,165,153,26,172,60,145,196,84,85,66,118,124,51,29,191,197,168,14,187,128,27,178,33,100,111,122,151,139,105,180,107,148,30,64,96,76,134,99,173,116,10,42,80,169,142,19,81,25,125,192,127,101,129,43,181,186,170,103,143,136,137,18,194,146,48,31,82,144,121,162,171,149,193,78,98,39,94,46,155,17,21,108,159,109,135,130,106,65,87,13,95,152,22,133,75,77,79,117,102,110,177,40,179,58,161,182,36,195,83,158,54,119,72,71,23,5,141,97,184,70,104,92,160,];False
5306;8172;13478;[198,174,190,32,189,130,6,38,61,163,199,49,12,112,167,15,16,4,147,28,24,150,20,56,176,3,157,183,37,138,126,115,1,74,34,35,93,0,8,154,166,113,188,55,44,45,131,185,68,123,50,86,52,91,69,88,53,59,11,57,132,7,175,62,120,89,2,67,48,63,90,164,156,73,41,114,47,165,136,26,77,60,145,196,84,85,66,118,124,51,29,191,197,168,14,187,128,27,178,33,100,111,122,151,139,105,180,107,148,30,64,96,76,134,99,173,116,10,42,80,169,142,19,81,25,125,192,127,101,129,43,181,186,170,103,143,153,137,18,194,146,9,31,82,144,121,162,171,149,193,78,98,39,94,46,155,17,21,108,159,109,135,140,106,65,87,13,95,152,22,133,75,172,79,117,102,110,177,40,179,58,161,182,36,195,83,158,54,119,72,71,23,5,141,97,184,70,104,92,160,];False
5291;8187;13478;[198,174,190,32,189,130,6,38,61,163,199,49,12,112,167,15,16,4,147,28,24,150,20,56,176,3,157,183,37,138,126,115,1,74,34,35,93,0,8,154,166,113,188,55,44,45,131,164,68,123,50,86,52,91,69,88,53,59,11,57,132,7,175,62,120,89,2,67,48,63,90,185,156,73,41,114,47,165,153,26,77,60,145,196,84,85,66,118,124,51,29,191,197,168,14,187,128,27,178,33,100,111,122,151,139,105,180,107,148,30,64,96,76,134,99,173,116,10,42,80,169,142,19,81,25,125,192,127,101,129,43,181,186,170,103,143,136,137,18,194,146,9,31,82,144,121,162,171,149,193,78,98,39,94,46,155,17,21,108,159,109,135,140,106,65,87,13,95,152,22,133,75,172,79,117,102,110,177,40,179,58,161,182,36,195,83,158,54,119,72,71,23,5,141,97,184,70,104,92,160,];False
5340;8137;13477;[198,174,190,92,189,130,6,38,61,163,199,49,12,112,167,15,16,4,147,196,145,150,20,56,176,3,157,183,37,138,126,115,1,74,34,35,93,28,8,154,166,113,188,55,44,45,131,185,68,123,50,86,52,91,69,88,53,59,11,57,132,7,175,62,120,89,2,67,48,63,90,164,156,73,41,114,47,165,153,26,77,60,24,0,84,85,66,118,124,51,29,191,197,168,14,187,128,27,178,33,100,111,122,151,139,105,180,107,148,30,64,96,76,134,99,173,116,10,42,80,169,142,97,81,25,125,192,127,101,129,43,181,186,170,103,143,136,137,18,194,146,9,31,82,144,121,162,171,149,193,78,98,39,94,46,155,17,21,108,159,109,135,140,106,65,87,13,95,152,22,133,75,172,79,117,102,110,177,40,179,58,161,182,36,195,83,158,54,119,72,71,23,5,141,19,184,70,104,32,160,];False
5365;8112;13477;[198,174,190,32,189,130,6,38,61,163,199,49,12,112,167,15,16,4,147,196,145,150,20,56,176,3,157,183,37,138,126,115,1,74,34,35,93,28,8,154,166,113,188,55,44,45,131,185,68,123,50,86,52,91,69,88,53,59,11,57,132,7,175,62,120,89,2,67,48,63,90,164,156,73,41,114,47,165,153,26,77,60,24,0,84,85,66,118,124,51,29,191,197,168,14,187,128,27,178,33,100,111,122,151,139,105,180,107,148,30,64,96,76,134,99,173,116,10,42,80,169,142,97,81,25,125,192,127,101,129,43,181,186,170,103,143,136,137,18,194,146,9,31,82,144,121,162,171,149,193,78,98,39,94,46,155,17,21,108,159,109,135,140,106,65,87,13,95,152,22,133,75,172,79,117,102,110,177,40,179,58,161,182,36,195,83,158,54,119,72,71,23,5,141,19,184,70,104,92,160,];False
5309;8167;13476;[198,174,190,32,189,130,6,38,61,163,199,49,12,112,167,15,16,4,147,0,24,150,20,56,176,3,157,183,37,138,126,115,1,74,34,35,93,28,8,154,166,113,188,55,44,45,131,185,68,123,50,86,52,91,69,88,53,59,11,57,132,7,175,62,120,89,2,67,48,63,90,164,156,73,41,114,47,165,153,26,77,60,145,196,84,85,66,118,124,51,29,191,197,168,14,187,128,27,178,33,100,111,122,151,139,105,180,107,148,30,64,96,76,134,99,173,116,10,42,80,169,142,19,81,25,125,192,127,101,129,43,181,186,170,103,143,136,137,18,194,146,9,31,82,144,121,162,171,149,193,78,98,39,17,46,155,94,21,108,159,109,135,140,106,65,87,13,95,152,22,133,75,172,79,117,102,110,177,40,179,58,161,182,36,195,83,158,54,119,72,71,23,5,141,97,184,70,104,92,160,];False
5278;8198;13476;[198,174,190,32,189,130,6,38,61,163,199,49,12,112,167,15,16,4,147,0,145,166,20,56,176,3,157,183,37,138,126,115,1,74,34,35,93,28,8,154,150,113,188,55,44,45,131,185,68,123,50,86,52,91,69,88,53,59,11,57,132,7,175,62,120,89,2,67,48,63,90,164,156,73,41,114,47,165,153,26,77,60,24,196,84,85,66,118,124,51,29,191,197,168,14,187,128,27,178,33,100,111,122,151,139,105,180,107,148,30,64,96,76,134,99,173,116,10,42,80,169,142,19,81,25,125,192,127,101,129,43,181,186,170,103,143,136,137,18,194,146,9,31,82,144,121,162,171,149,193,78,98,39,94,46,155,17,21,108,159,109,135,140,106,65,87,13,95,152,22,133,75,172,79,117,102,110,177,40,179,58,161,182,36,195,83,158,54,119,72,71,23,5,141,97,184,70,104,92,160,];False
5378;8097;13475;[198,174,190,32,189,130,6,38,61,163,199,49,12,112,167,15,16,4,147,28,24,150,20,9,176,3,157,183,37,138,126,115,1,74,34,35,93,0,8,154,166,113,188,55,44,45,131,185,68,123,50,86,52,91,69,88,53,59,11,57,132,7,175,62,120,89,2,67,48,63,90,164,156,73,41,114,47,165,153,26,77,60,145,196,84,85,66,118,124,51,29,191,197,168,14,187,128,27,178,33,100,111,122,151,139,105,180,107,148,30,64,96,76,134,99,173,116,10,42,80,169,142,19,81,25,125,192,127,101,129,43,181,186,170,103,143,97,137,18,194,146,56,31,82,144,121,162,171,149,193,78,98,39,94,46,155,17,21,108,159,109,135,140,106,65,87,13,95,152,22,133,75,172,79,117,102,110,177,40,179,58,161,182,36,195,83,158,54,119,72,71,23,5,141,136,184,70,104,92,160,];False
5225;8250;13475;[57,174,190,32,189,130,6,38,61,163,199,49,12,112,167,15,16,4,147,28,24,150,20,56,176,3,157,183,37,138,126,115,1,74,34,35,93,0,8,154,166,113,188,55,44,45,131,185,68,123,50,86,52,91,69,88,53,59,11,198,132,7,175,62,120,89,2,67,48,63,90,164,156,73,41,114,47,165,153,26,77,60,145,196,84,85,66,118,124,51,29,191,197,168,14,187,128,27,178,33,100,111,122,151,139,105,180,107,148,30,64,96,76,134,99,173,116,10,42,80,169,142,19,81,25,125,192,127,101,129,43,181,186,170,103,143,136,137,18,194,146,9,31,82,144,121,162,171,149,193,78,98,39,94,46,155,17,21,108,159,109,135,140,106,65,87,13,95,152,22,133,75,172,79,117,102,110,177,40,179,58,161,182,36,195,83,158,54,119,72,71,23,5,141,97,184,70,104,92,160,];False
5310;8163;13473;[198,174,190,32,189,130,6,38,61,163,199,49,12,112,167,15,16,4,147,28,24,150,20,9,176,3,157,183,37,138,126,115,1,74,34,35,93,194,8,154,166,113,188,55,44,45,131,185,68,161,50,86,52,91,69,164,53,59,11,57,132,7,175,62,120,89,2,67,56,10,90,88,156,73,41,114,47,165,153,26,172,60,145,196,84,85,66,118,124,51,29,191,197,168,14,187,128,27,178,33,100,111,122,151,139,105,180,107,148,30,64,96,76,134,99,173,116,63,42,80,169,142,19,81,25,125,192,127,101,129,43,181,186,170,103,143,136,137,18,0,146,48,31,82,144,121,162,171,149,193,78,98,39,94,46,155,17,21,108,159,109,135,140,106,65,87,13,95,152,22,133,75,77,79,117,102,110,177,40,179,58,123,182,36,195,83,158,54,119,72,71,23,5,141,97,184,70,104,92,160,];False
5326;8147;13473;[198,174,190,32,189,130,6,38,61,163,199,49,12,112,167,15,16,4,147,28,24,150,20,9,176,3,157,183,37,138,126,115,1,74,34,35,93,194,8,154,166,113,188,55,44,45,131,185,68,123,50,86,52,91,69,164,53,59,11,57,132,75,175,62,120,89,2,67,56,10,90,88,156,73,41,114,47,165,153,26,172,60,145,196,84,85,66,118,124,51,29,191,197,168,14,187,128,27,178,33,100,111,122,151,139,105,180,107,148,30,64,96,76,134,99,173,116,63,42,80,169,142,19,81,25,125,192,127,101,129,43,181,186,170,103,54,136,137,18,0,146,48,31,82,144,121,162,171,149,193,78,98,39,94,46,155,17,21,108,159,109,135,140,106,65,87,13,95,152,22,133,7,77,79,117,102,110,177,40,179,58,161,182,36,195,83,158,143,119,72,71,23,5,141,97,184,70,104,92,160,];False
5311;8161;13472;[198,174,190,32,189,130,6,38,61,163,199,49,12,112,167,15,16,4,147,28,24,150,20,56,176,3,157,183,37,138,126,115,1,74,34,35,93,0,8,154,166,113,188,55,44,45,131,185,68,123,134,86,52,91,69,88,53,59,11,57,132,7,175,62,120,89,2,67,48,63,90,164,156,73,41,114,47,165,153,26,77,60,145,196,84,85,66,118,124,51,29,191,197,168,14,187,128,27,178,33,100,111,122,151,139,105,180,107,148,30,64,96,76,50,99,173,116,10,42,80,169,142,19,81,25,125,192,127,101,129,43,181,186,170,103,143,136,137,18,194,146,9,31,82,144,121,162,171,149,193,78,98,39,94,46,155,17,21,108,159,109,135,140,106,65,87,13,95,152,22,133,75,172,79,117,102,110,177,40,179,58,161,182,36,195,83,158,54,119,72,71,23,5,141,97,184,70,104,92,160,];False
5284;8188;13472;[198,174,190,32,189,130,6,38,61,163,199,49,12,112,167,15,16,4,147,28,24,150,20,9,176,3,157,183,37,138,126,115,1,74,34,35,93,194,8,154,166,113,188,55,44,45,131,185,68,123,128,86,52,91,69,164,53,59,11,57,132,75,175,62,120,89,2,67,56,10,90,88,156,73,41,114,47,165,153,26,172,60,145,196,84,85,66,118,124,51,29,191,197,168,14,187,50,27,178,33,100,111,122,151,139,105,180,107,148,30,64,96,76,134,99,173,116,63,42,80,169,142,19,81,25,125,192,127,101,129,43,181,186,170,103,143,136,137,18,0,146,48,31,82,144,121,162,171,149,193,78,98,39,94,46,155,17,21,108,159,109,135,140,106,65,87,13,95,152,22,133,7,77,79,117,102,110,177,40,179,58,161,182,36,195,83,158,54,119,72,71,23,5,141,97,184,70,104,92,160,];False
5306;8165;13471;[198,174,190,32,189,130,6,38,61,163,199,49,12,112,167,15,16,4,147,28,24,150,20,9,176,3,157,183,37,138,126,115,1,74,34,35,93,194,128,154,166,113,188,55,44,45,131,185,68,123,50,86,52,91,69,164,53,59,11,57,132,7,175,62,120,89,2,67,56,63,90,88,156,73,41,114,47,165,153,26,172,60,145,196,84,85,66,118,124,51,29,191,197,168,14,187,8,27,178,33,100,111,122,151,139,105,180,107,148,30,64,96,76,134,99,173,116,10,42,80,169,142,19,81,25,125,192,127,101,129,43,181,186,170,103,143,136,137,18,0,146,48,31,82,144,121,162,171,149,193,78,98,39,94,46,155,17,21,108,159,109,135,140,106,65,87,13,95,152,22,133,75,77,79,117,102,110,177,40,179,58,161,182,36,195,83,158,54,119,72,71,23,5,141,97,184,70,104,92,160,];False
5319;8152;13471;[198,174,190,32,189,130,6,38,61,163,199,49,12,112,167,15,16,4,147,196,145,150,20,56,176,84,157,183,37,138,126,115,1,74,34,35,93,28,8,154,166,113,188,55,44,45,131,185,68,123,50,86,52,91,69,88,53,59,11,57,132,7,175,62,120,89,2,67,48,63,90,164,156,73,41,114,47,165,153,26,77,60,24,0,3,85,66,118,124,51,29,191,197,168,14,187,128,27,178,33,100,111,122,151,139,105,180,107,148,30,64,96,76,134,99,173,116,10,42,80,169,142,97,81,25,125,192,127,101,129,43,181,186,170,103,143,136,137,18,194,146,9,31,82,144,121,162,171,149,193,78,98,39,94,46,155,17,21,108,159,109,135,140,106,65,87,13,95,152,22,133,75,172,79,117,102,110,177,40,179,58,161,182,36,195,83,158,54,119,72,71,23,5,141,19,184,70,104,92,160,];False
5244;8227;13471;[198,174,190,32,189,130,6,38,61,163,199,49,12,112,167,15,16,4,147,0,145,150,20,56,176,3,157,183,37,138,126,115,1,74,34,35,93,28,8,154,166,113,188,55,44,45,131,185,68,123,50,86,52,91,69,88,53,59,11,96,132,7,175,62,120,89,2,67,48,63,90,164,156,73,41,114,47,165,153,26,77,60,24,196,84,85,66,118,124,51,29,191,197,168,14,187,128,27,178,33,100,111,122,151,139,105,180,107,148,30,64,57,76,134,99,173,116,10,42,80,169,142,19,81,25,125,192,127,101,129,43,181,186,170,103,143,136,137,18,194,146,9,31,82,144,121,162,171,149,193,78,98,39,94,46,155,17,21,108,159,109,135,140,106,65,87,13,95,152,22,133,75,172,79,117,102,110,177,40,179,58,161,182,36,195,83,158,54,119,72,71,23,5,141,97,184,70,104,92,160,];False
5327;8143;13470;[198,174,190,32,189,130,6,38,61,163,199,49,12,112,167,170,16,4,147,28,24,150,20,9,176,3,157,183,37,138,126,115,1,74,34,35,93,194,8,154,166,113,188,55,44,45,131,185,68,123,50,86,52,91,69,164,53,59,11,57,132,75,175,62,120,89,2,67,56,10,90,88,156,73,41,114,47,165,153,26,172,60,145,196,84,85,66,118,124,51,29,191,197,168,14,187,128,27,178,33,100,111,122,151,139,105,180,107,148,30,64,96,76,134,99,173,116,63,42,80,169,142,19,81,25,125,192,127,101,129,43,181,186,15,103,143,136,137,18,0,146,48,31,82,144,121,162,171,149,193,78,98,39,94,46,155,17,21,108,159,109,135,140,106,65,87,13,95,152,22,133,7,77,79,117,102,110,177,40,179,58,161,182,36,195,83,158,54,119,72,71,23,5,141,97,184,70,104,92,160,];False
5359;8111;13470;[198,174,190,32,189,130,6,38,61,163,199,49,12,112,167,15,16,4,147,28,24,150,20,9,176,3,157,7,37,138,126,115,1,74,34,35,93,194,8,154,166,113,188,55,44,45,131,185,68,123,50,86,52,91,69,164,53,59,11,57,132,183,175,62,120,89,2,67,56,63,90,88,156,73,41,114,47,165,153,26,172,60,145,196,84,85,66,118,124,51,29,191,197,168,14,187,128,27,178,33,100,111,122,151,139,105,180,107,148,30,64,96,76,134,99,173,116,10,42,80,169,142,19,81,25,125,192,127,101,129,43,181,186,170,103,143,136,137,18,0,146,48,31,82,144,121,162,171,149,193,78,98,39,94,46,155,17,21,108,159,109,135,140,106,65,87,13,95,152,22,133,75,77,79,117,102,110,177,40,179,58,161,182,36,195,83,158,54,119,72,71,23,5,141,97,184,70,104,92,160,];False
5360;8110;13470;[198,174,190,32,189,130,6,38,61,163,199,49,12,112,167,15,16,4,147,28,24,150,20,9,176,3,157,183,37,138,126,115,1,74,34,35,93,194,8,154,166,113,188,55,44,45,131,185,68,123,50,86,52,103,69,164,53,59,11,57,132,75,175,62,120,89,2,67,56,10,90,88,156,73,41,114,47,165,153,26,172,60,145,196,84,85,66,118,124,51,29,191,197,168,14,187,128,27,178,33,100,111,122,151,139,105,180,107,148,30,64,96,76,134,99,173,116,63,42,80,169,142,19,81,25,125,192,127,101,129,43,181,186,170,91,143,136,137,18,0,146,48,31,82,144,121,162,171,149,193,78,98,39,94,46,155,17,21,108,159,109,135,140,106,65,87,13,95,152,22,133,7,77,79,117,102,110,177,40,179,58,161,182,36,195,83,158,54,119,72,71,23,5,141,97,184,70,104,92,160,];False
5323;8145;13468;[198,174,190,32,189,130,6,38,61,163,199,49,12,112,167,15,16,4,147,28,24,150,20,9,176,3,157,183,37,138,126,115,1,74,34,35,93,194,8,154,166,113,188,55,44,45,131,185,68,123,50,86,52,91,69,158,53,59,11,57,132,75,175,62,120,89,2,67,56,10,90,88,156,73,41,114,47,165,153,26,172,60,145,196,84,85,66,118,124,51,29,191,197,168,14,187,128,27,178,33,100,111,122,151,139,105,180,107,148,30,64,96,76,134,99,173,116,63,42,80,169,142,19,81,25,125,192,127,101,129,43,181,186,170,103,143,136,137,18,0,146,48,31,82,144,121,162,171,149,193,78,98,39,94,46,155,17,21,108,159,109,135,140,106,65,87,13,95,152,22,133,7,77,79,117,102,110,177,40,179,58,161,182,36,195,83,164,54,119,72,71,23,5,141,97,184,70,104,92,160,];False
5372;8095;13467;[198,174,190,32,189,129,6,38,61,163,199,49,12,112,167,15,16,4,147,28,24,150,20,9,176,3,157,183,37,138,126,115,1,74,34,35,93,194,8,154,166,113,188,55,44,45,131,185,68,123,50,86,52,91,69,164,53,59,11,57,132,75,175,62,120,89,2,67,56,10,90,88,156,73,41,114,47,165,153,26,172,60,145,196,84,85,66,118,124,51,29,191,197,168,14,187,128,27,178,33,100,111,122,151,139,105,180,107,148,30,64,96,76,134,99,173,116,63,42,80,169,142,19,81,25,125,192,127,101,130,43,181,186,170,103,143,136,137,18,0,146,48,31,82,144,121,162,171,149,193,78,98,39,94,46,155,17,21,108,159,109,135,140,106,65,87,13,95,152,22,133,7,77,79,117,102,110,177,40,179,58,161,182,36,195,83,158,54,119,72,71,23,5,141,97,184,70,104,92,160,];False
5364;8101;13465;[198,174,190,32,189,130,6,38,61,163,199,49,12,112,167,15,164,4,147,28,24,150,20,56,176,3,157,183,37,138,126,115,1,74,34,35,93,0,8,154,166,113,188,55,44,45,131,185,68,123,50,86,52,91,69,88,53,59,11,57,132,7,175,62,120,89,2,67,48,63,90,16,156,73,41,114,47,165,153,26,77,60,145,196,84,85,66,118,124,51,29,191,197,168,14,187,128,27,178,33,100,111,122,151,139,105,180,107,148,30,64,96,76,134,99,173,116,10,42,80,169,142,19,81,25,125,192,127,101,129,43,181,186,170,103,143,136,137,18,194,146,9,31,82,144,121,162,171,149,193,78,98,39,94,46,155,17,21,108,159,109,135,140,106,65,87,13,95,152,22,133,75,172,79,117,102,110,177,40,179,58,161,182,36,195,83,158,54,119,72,71,23,5,141,97,184,70,104,92,160,];False
5388;8077;13465;[198,174,190,32,189,130,6,38,61,163,199,49,12,112,167,15,16,4,147,28,24,150,20,9,176,3,157,183,37,138,126,115,1,74,34,35,93,194,8,154,166,113,188,55,44,45,131,185,68,123,50,86,52,91,69,103,53,59,11,57,132,75,175,62,120,89,2,67,56,10,90,88,156,73,41,114,47,165,153,26,172,60,145,196,84,85,66,118,124,51,29,191,197,168,14,187,128,27,178,33,100,111,122,151,139,105,180,107,148,30,64,96,76,134,99,173,116,63,42,80,169,142,19,81,25,125,192,127,101,129,43,181,186,170,164,143,136,137,18,0,146,48,31,82,144,121,162,171,149,193,78,98,39,94,46,155,17,21,108,159,109,135,140,106,65,87,13,95,152,22,133,7,77,79,117,102,110,177,40,179,58,161,182,36,195,83,158,54,119,72,71,23,5,141,97,184,70,104,92,160,];False
5382;8082;13464;[198,174,190,32,189,130,6,38,61,163,199,49,12,112,167,15,16,4,147,28,24,150,20,9,176,3,157,183,37,138,126,115,1,74,34,35,93,0,8,154,166,113,188,55,44,45,131,185,68,123,50,86,52,91,69,164,53,59,11,57,132,7,175,62,120,89,2,67,48,63,90,88,156,73,41,114,47,165,153,26,77,60,145,196,84,85,66,118,124,51,29,191,197,168,14,187,128,27,178,33,100,111,122,151,139,105,180,107,148,30,64,96,76,134,99,173,116,10,42,80,169,142,19,81,25,125,192,127,101,129,43,181,186,170,103,143,136,137,18,194,146,56,31,82,144,121,162,171,149,193,78,98,39,94,46,155,17,21,108,159,109,135,140,106,65,87,13,95,152,22,172,75,133,79,117,102,110,177,40,179,58,161,182,36,195,83,158,54,119,72,71,23,5,141,97,184,70,104,92,160,];False
5322;8142;13464;[198,174,190,32,189,130,6,38,61,163,199,49,12,112,167,15,16,4,147,28,24,150,20,56,176,3,157,183,37,138,126,115,1,74,34,35,93,0,8,154,166,113,188,55,44,45,131,185,68,123,50,86,52,91,69,88,53,59,11,57,132,7,175,62,120,89,2,67,48,63,90,164,156,73,41,114,47,165,153,26,77,60,145,196,84,85,66,118,124,51,29,191,197,168,14,187,128,27,178,33,100,111,122,151,139,105,180,107,148,30,64,96,76,134,99,136,116,10,42,80,169,142,19,81,25,125,192,127,101,129,43,181,186,170,103,143,173,137,18,194,146,9,31,82,144,121,162,171,149,193,78,98,39,94,46,155,17,21,108,159,109,135,140,106,65,87,13,95,152,22,133,75,172,79,117,102,110,177,40,179,58,161,182,36,195,83,158,54,119,72,71,23,5,141,97,184,70,104,92,160,];False
5364;8099;13463;[198,174,190,32,189,130,6,38,61,163,199,49,12,112,167,15,16,4,147,28,24,150,20,9,176,3,157,183,37,138,126,115,1,74,34,35,93,0,8,154,166,113,188,55,44,45,131,185,68,123,50,86,52,162,69,88,53,59,11,57,132,7,175,62,120,89,2,67,48,63,90,164,156,73,41,114,47,165,153,26,77,60,145,196,84,85,66,118,124,51,29,191,197,168,14,187,128,27,178,33,100,111,122,151,139,105,180,107,148,30,64,96,76,134,99,173,116,10,42,80,169,142,19,81,25,125,192,127,101,129,43,181,186,170,103,143,136,137,18,194,146,56,31,82,144,121,91,171,149,193,78,98,39,94,46,155,17,21,108,159,109,135,140,106,65,87,13,95,152,22,133,75,172,79,117,102,110,177,40,179,58,161,182,36,195,83,158,54,119,72,71,23,5,141,97,184,70,104,92,160,];False
5291;8172;13463;[198,174,190,32,189,130,6,38,61,163,199,49,12,112,167,15,16,4,147,28,24,150,20,56,176,3,157,183,37,138,126,115,1,74,34,35,93,0,8,154,166,113,188,55,44,45,131,185,68,123,50,86,52,91,69,88,53,59,11,57,132,7,175,62,72,89,2,67,48,63,90,164,156,73,41,114,47,165,153,26,77,60,145,196,84,85,66,118,124,51,29,191,197,168,14,187,128,27,178,33,100,111,122,151,139,105,180,107,148,30,64,96,76,134,99,173,116,10,42,80,169,142,19,81,25,125,192,127,101,129,43,181,186,170,103,143,136,137,18,194,146,9,31,82,144,121,162,171,149,193,78,98,39,94,46,155,17,21,108,159,109,135,140,106,65,87,13,95,152,22,133,75,172,79,117,102,110,177,40,179,58,161,182,36,195,83,158,54,119,120,71,23,5,141,97,184,70,104,92,160,];False
5312;8150;13462;[198,44,190,32,189,130,6,38,61,163,199,49,12,112,167,15,16,4,147,28,24,150,20,56,176,3,157,183,37,138,126,115,1,74,34,35,93,0,8,154,166,113,188,55,174,45,131,185,68,123,50,86,52,91,69,88,53,59,11,57,132,7,175,62,120,89,2,67,48,63,90,164,156,73,41,114,47,165,153,26,77,60,145,196,84,85,66,118,124,51,29,191,197,168,14,187,128,27,178,33,100,111,122,151,139,105,180,107,148,30,64,96,76,134,99,173,116,10,42,80,169,142,19,81,25,125,192,127,101,129,43,181,186,170,103,143,136,137,18,194,146,9,31,82,144,121,162,171,149,193,78,98,39,94,46,155,17,21,108,159,109,135,140,106,65,87,13,95,152,22,133,75,172,79,117,102,110,177,40,179,58,161,182,36,195,83,158,54,119,72,71,23,5,141,97,184,70,104,92,160,];False
5326;8136;13462;[198,174,190,32,189,130,6,38,61,163,199,49,12,112,167,15,16,4,147,0,24,150,20,56,176,160,157,183,37,138,126,115,1,74,34,35,93,28,8,154,166,113,188,55,44,45,131,185,68,123,50,86,52,91,69,88,53,59,11,57,132,7,175,62,120,89,2,67,48,63,90,164,156,73,41,114,47,165,153,26,77,60,145,196,84,85,66,118,124,51,29,191,197,168,14,187,128,27,178,33,100,111,122,151,139,105,180,107,148,30,64,96,76,134,99,173,116,10,42,80,169,142,19,81,25,125,192,127,101,129,43,181,186,170,103,143,136,137,18,194,146,9,31,82,144,121,162,171,149,193,78,98,39,94,46,155,17,21,108,159,109,135,140,106,65,87,13,95,152,22,133,75,172,79,117,102,110,177,40,179,58,161,182,36,195,83,158,54,119,72,71,23,5,141,97,184,70,104,92,3,];False
5273;8188;13461;[198,174,190,32,189,130,33,38,61,163,199,49,12,112,167,15,16,4,147,0,145,150,20,56,176,3,157,183,37,138,126,115,1,74,34,35,93,28,8,154,166,113,188,55,44,45,131,185,68,123,50,86,52,91,69,88,53,59,11,57,132,7,175,62,120,89,2,67,48,63,90,164,156,73,41,114,47,165,153,26,77,60,24,196,84,85,66,118,124,51,29,191,197,168,14,187,128,27,178,6,100,111,122,151,139,105,180,107,148,30,64,96,76,134,99,173,116,10,42,80,169,142,19,81,25,125,192,127,101,129,43,181,186,170,103,143,136,137,18,194,146,9,31,82,144,121,162,171,149,193,78,98,39,94,46,155,17,21,108,159,109,135,140,106,65,87,13,95,152,22,133,75,172,79,117,102,110,177,40,179,58,161,182,36,195,83,158,54,119,72,71,23,5,141,97,184,70,104,92,160,];False
5383;8077;13460;[198,174,190,32,189,130,6,38,61,163,199,49,12,112,167,3,16,4,147,28,24,150,20,9,176,15,157,183,37,138,126,115,1,74,34,35,93,194,8,154,166,113,188,55,44,45,131,185,68,123,50,86,52,91,69,164,53,59,11,57,132,75,175,62,120,89,2,67,56,10,90,88,156,73,41,114,47,165,153,26,172,60,145,196,84,85,66,118,124,51,29,191,197,168,14,187,128,27,178,33,100,111,122,151,139,105,180,107,148,30,64,96,76,134,99,173,116,63,42,80,169,142,19,81,25,125,192,127,101,129,43,181,186,170,103,143,136,137,18,0,146,48,31,82,144,121,162,171,149,193,78,98,39,94,46,155,17,21,108,159,109,135,140,106,65,87,13,95,152,22,133,7,77,79,117,102,110,177,40,179,58,161,182,36,195,83,158,54,119,72,71,23,5,141,97,184,70,104,92,160,];False
5328;8131;13459;[198,174,190,32,189,130,6,38,61,163,199,49,12,112,167,15,16,4,147,0,24,150,20,56,176,3,157,183,37,138,126,115,1,74,34,35,93,28,8,154,166,113,188,55,44,45,131,185,68,123,50,86,52,91,69,88,53,59,11,57,132,7,175,62,120,89,2,67,48,63,90,164,156,73,41,114,47,165,153,26,77,60,145,196,84,85,66,118,124,51,29,191,197,168,14,187,128,27,178,33,100,54,122,151,139,105,180,107,148,30,64,96,76,134,99,173,116,10,42,80,169,142,19,81,25,125,192,127,101,129,43,181,186,170,103,143,136,137,18,194,146,9,31,82,144,121,162,171,149,193,78,98,39,94,46,155,17,21,108,159,109,135,140,106,65,87,13,95,152,22,133,75,172,79,117,102,110,177,40,179,58,161,182,36,195,83,158,111,119,72,71,23,5,141,97,184,70,104,92,160,];False
5314;8145;13459;[198,174,190,32,189,130,6,38,61,163,199,49,12,112,167,15,16,4,147,28,24,150,20,9,176,3,157,183,37,138,126,115,1,74,34,35,93,194,8,154,166,113,188,55,44,45,131,185,68,123,50,86,52,91,69,164,53,59,11,57,132,7,175,62,120,89,2,67,56,10,90,88,156,73,41,114,47,165,153,26,172,60,145,196,84,85,66,118,124,51,29,191,197,168,14,187,128,27,178,33,100,111,122,151,139,105,180,107,148,30,64,96,76,134,99,173,116,63,42,80,169,142,19,81,25,125,192,127,101,129,43,181,186,170,103,143,136,137,18,0,146,48,31,17,144,121,162,171,149,193,78,98,39,94,46,155,82,21,108,159,109,135,140,106,65,87,13,95,152,22,133,75,77,79,117,102,110,177,40,179,58,161,182,36,195,83,158,54,119,72,71,23,5,141,97,184,70,104,92,160,];False
5323;8134;13457;[198,174,190,32,189,130,6,38,61,163,199,49,12,112,167,15,16,4,147,0,24,150,20,56,176,3,157,183,37,138,126,115,160,74,34,35,93,28,8,154,166,113,188,55,44,45,131,185,68,123,50,86,52,91,69,88,53,59,11,57,132,7,175,62,120,89,2,67,48,63,90,164,156,73,41,114,47,165,153,26,77,60,145,196,84,85,66,118,124,51,29,191,197,168,14,187,128,27,178,33,100,111,122,151,139,105,180,107,148,30,64,96,76,134,99,173,116,10,42,80,169,142,19,81,25,125,192,127,101,129,43,181,186,170,103,143,136,137,18,194,146,9,31,82,144,121,162,171,149,193,78,98,39,94,46,155,17,21,108,159,109,135,140,106,65,87,13,95,152,22,133,75,172,79,117,102,110,177,40,179,58,161,182,36,195,83,158,54,119,72,71,23,5,141,97,184,70,104,92,1,];False
5352;8105;13457;[198,174,190,32,100,130,6,38,61,163,199,49,12,112,167,15,16,4,147,28,24,150,20,9,176,3,157,183,37,138,126,115,1,74,34,35,93,0,8,154,166,113,188,55,44,45,131,185,68,123,50,86,52,91,69,164,53,59,11,57,132,7,175,62,120,89,2,67,56,63,90,88,156,73,41,114,47,165,153,26,77,60,145,196,84,85,66,118,124,51,29,191,197,168,14,187,128,27,178,33,189,111,122,151,139,105,180,107,148,30,64,96,76,134,99,173,116,10,42,80,169,142,19,81,25,125,192,127,101,129,43,181,186,170,103,143,136,137,18,194,146,48,31,82,144,121,162,171,149,193,78,98,39,94,46,155,17,21,108,159,109,135,140,106,65,87,13,95,152,22,133,75,172,79,117,102,110,177,40,179,58,161,182,36,195,83,158,54,119,72,71,23,5,141,97,184,70,104,92,160,];False
5300;8156;13456;[198,174,190,32,189,191,6,38,61,163,199,49,12,112,167,15,16,4,147,28,24,150,20,56,176,3,157,183,37,138,126,115,1,74,34,35,93,0,8,154,166,113,188,55,44,45,131,185,68,123,50,86,52,91,69,88,53,59,11,57,132,7,175,62,120,89,2,67,48,63,90,164,156,73,41,114,47,165,153,26,77,60,145,196,84,85,66,118,124,51,29,130,197,168,14,187,128,27,178,33,100,111,122,151,139,105,180,107,148,30,64,96,76,134,99,173,116,10,42,80,169,142,19,81,25,125,192,127,101,129,43,181,186,170,103,143,136,137,18,194,146,9,31,82,144,121,162,171,149,193,78,98,39,94,46,155,17,21,108,159,109,135,140,106,65,87,13,95,152,22,133,75,172,79,117,102,110,177,40,179,58,161,182,36,195,83,158,54,119,72,71,23,5,141,97,184,70,104,92,160,];False
5300;8156;13456;[198,174,190,32,189,130,6,38,61,163,199,49,12,112,167,15,16,4,147,28,24,150,20,9,176,3,157,183,37,138,126,115,1,74,34,35,93,0,8,154,166,113,188,55,44,45,116,185,68,123,50,86,52,91,69,88,53,59,11,57,132,7,175,62,120,89,2,67,48,63,90,164,156,73,41,114,47,165,153,26,77,60,145,196,84,85,66,118,124,51,29,191,197,168,14,187,128,27,178,33,100,111,122,151,139,105,180,107,148,30,64,96,76,134,99,173,131,10,42,80,169,142,19,81,25,125,192,127,101,129,43,181,186,170,103,143,136,137,18,194,146,56,31,82,144,121,162,171,149,193,78,98,39,94,46,155,17,21,108,159,109,135,140,106,65,87,13,95,152,22,133,75,172,79,117,102,110,177,40,179,58,161,182,36,195,83,158,54,119,72,71,23,5,141,97,184,70,104,92,160,];False
5290;8164;13454;[198,174,190,32,189,130,6,38,61,163,199,49,12,112,167,15,16,4,147,28,24,150,20,56,176,3,157,183,37,138,126,115,1,74,34,35,93,0,8,154,166,113,188,55,44,45,131,185,68,123,50,86,52,5,69,88,53,59,11,57,132,7,175,62,120,89,2,67,48,63,90,164,156,73,41,114,47,165,153,26,77,60,145,196,84,85,66,118,124,51,29,191,197,168,14,187,128,27,178,33,100,111,122,151,139,105,180,107,148,30,64,96,76,134,99,173,116,10,42,80,169,142,19,81,25,125,192,127,101,129,43,181,186,170,103,143,136,137,18,194,146,9,31,82,144,121,162,171,149,193,78,98,39,94,46,155,17,21,108,159,109,135,140,106,65,87,13,95,152,22,133,75,172,79,117,102,110,177,40,179,58,161,182,36,195,83,158,54,119,72,71,23,91,141,97,184,70,104,92,160,];False
5256;8197;13453;[198,174,190,32,189,130,6,38,61,163,199,49,12,112,167,15,16,4,147,28,24,150,20,56,176,3,157,183,37,138,126,115,1,74,34,35,93,0,8,154,166,113,188,55,44,45,131,185,68,123,50,86,52,91,69,88,53,59,11,57,132,7,175,62,120,89,2,67,48,63,90,164,156,73,41,114,47,165,153,26,77,60,145,196,84,85,66,118,124,51,29,191,197,168,14,187,128,27,178,33,100,111,122,151,139,136,180,107,148,30,64,96,76,134,99,173,116,10,42,80,169,142,19,81,25,125,192,127,101,129,43,181,186,170,103,143,105,137,18,194,146,9,31,82,144,121,162,171,149,193,78,98,39,94,46,155,17,21,108,159,109,135,140,106,65,87,13,95,152,22,133,75,172,79,117,102,110,177,40,179,58,161,182,36,195,83,158,54,119,72,71,23,5,141,97,184,70,104,92,160,];False
5295;8158;13453;[198,174,190,32,189,130,6,38,61,163,199,49,12,112,167,15,16,4,147,28,24,150,20,56,176,3,157,183,37,138,126,115,1,74,34,35,93,0,8,154,166,113,188,55,44,162,131,185,68,123,50,86,52,91,69,88,53,59,11,57,132,7,175,62,120,89,2,67,48,63,90,164,156,73,41,114,47,165,153,26,77,60,145,196,84,85,66,118,124,51,29,191,197,168,14,187,128,27,178,33,100,111,122,151,139,105,180,107,148,30,64,96,76,134,99,173,116,10,42,80,169,142,19,81,25,125,192,127,101,129,43,181,186,170,103,143,136,137,18,194,146,9,31,82,144,121,45,171,149,193,78,98,39,94,46,155,17,21,108,159,109,135,140,106,65,87,13,95,152,22,133,75,172,79,117,102,110,177,40,179,58,161,182,36,195,83,158,54,119,72,71,23,5,141,97,184,70,104,92,160,];False
5375;8078;13453;[198,174,190,32,189,130,6,38,61,163,199,49,12,112,167,15,16,4,147,28,24,150,20,25,176,3,157,183,37,138,126,115,1,74,34,35,93,194,8,154,166,113,188,55,44,45,131,185,68,123,50,86,52,91,69,164,53,59,11,57,132,75,175,62,120,89,2,67,56,10,90,88,156,73,41,114,47,165,153,26,172,60,145,196,84,85,66,118,124,51,29,191,197,168,14,187,128,27,178,33,100,111,122,151,139,105,180,107,148,30,64,96,76,134,99,173,116,63,42,80,169,142,19,81,9,125,192,127,101,129,43,181,186,170,103,143,136,137,18,0,146,48,31,82,144,121,162,171,149,193,78,98,39,94,46,155,17,21,108,159,109,135,140,106,65,87,13,95,152,22,133,7,77,79,117,102,110,177,40,179,58,161,182,36,195,83,158,54,119,72,71,23,5,141,97,184,70,104,92,160,];False
5309;8143;13452;[198,174,190,32,189,130,6,38,61,163,199,49,12,112,167,15,16,4,147,28,24,150,20,9,176,3,157,183,37,138,126,115,1,74,34,35,93,0,8,154,166,113,188,55,44,45,131,185,68,123,50,86,52,91,69,164,53,59,11,57,132,7,175,62,120,89,2,67,56,63,90,88,156,73,41,114,47,165,153,26,172,60,145,196,84,85,66,118,124,161,29,191,197,168,14,187,128,27,178,33,100,111,122,151,139,105,180,107,148,30,64,96,76,134,99,173,116,10,42,80,169,142,19,81,25,125,192,127,101,129,43,181,186,170,103,143,136,137,18,194,146,48,31,82,144,121,162,171,149,193,78,98,39,94,46,155,17,21,108,159,109,135,140,106,65,87,13,95,152,22,133,75,77,79,117,102,110,177,40,179,58,51,182,36,195,83,158,54,119,72,71,23,5,141,97,184,70,104,92,160,];False
5303;8149;13452;[198,174,190,32,189,130,6,38,61,163,199,49,12,112,167,15,16,4,147,28,24,150,20,56,176,3,157,183,37,138,126,115,1,74,34,35,93,0,8,154,166,113,188,55,44,45,131,185,68,123,50,86,52,91,69,88,53,59,11,57,132,7,175,62,120,89,2,67,48,63,90,164,156,73,41,114,47,165,153,26,77,60,145,196,84,85,66,118,124,51,29,191,197,168,14,187,128,27,178,33,100,111,122,151,139,105,180,107,148,30,64,96,76,134,99,173,116,10,42,80,169,142,19,81,25,125,192,127,101,129,43,181,186,170,103,143,136,137,18,194,146,9,31,82,144,121,162,171,149,193,78,98,39,94,46,155,17,21,108,159,109,135,140,106,87,65,13,95,152,22,133,75,172,79,117,102,110,177,40,179,58,161,182,36,195,83,158,54,119,72,71,23,5,141,97,184,70,104,92,160,];False
5326;8126;13452;[198,174,190,32,189,130,6,38,61,163,199,49,12,112,167,15,16,4,147,28,24,150,20,56,176,3,157,183,37,138,126,115,1,74,34,35,93,0,8,78,166,113,188,55,44,45,131,185,68,123,50,86,52,91,69,88,53,59,11,57,132,7,175,62,120,89,2,67,48,63,90,164,156,73,41,114,47,165,153,26,77,60,145,196,84,85,66,118,124,51,29,191,197,168,14,187,128,27,178,33,100,111,122,151,139,105,180,107,148,30,64,96,76,134,99,173,116,10,42,80,169,142,19,81,25,125,192,127,101,129,43,181,186,170,103,143,136,137,18,194,146,9,31,82,144,121,162,171,149,193,154,98,39,94,46,155,17,21,108,159,109,135,140,106,65,87,13,95,152,22,133,75,172,79,117,102,110,177,40,179,58,161,182,36,195,83,158,54,119,72,71,23,5,141,97,184,70,104,92,160,];False
5322;8130;13452;[198,174,190,32,189,130,6,38,61,163,199,49,12,112,167,15,16,4,147,28,24,150,20,56,176,3,157,183,37,138,126,115,1,74,34,35,93,0,8,154,166,113,188,55,44,45,131,185,68,123,50,86,52,91,69,88,53,59,11,57,132,7,175,62,120,89,2,67,48,63,90,164,156,73,41,114,47,165,153,26,77,60,145,196,84,85,66,99,124,51,29,191,197,168,14,187,128,27,178,33,100,111,122,151,139,105,180,107,148,30,64,96,76,134,118,173,116,10,42,80,169,142,19,81,25,125,192,127,101,129,43,181,186,170,103,143,136,137,18,194,146,9,31,82,144,121,162,171,149,193,78,98,39,94,46,155,17,21,108,159,109,135,140,106,65,87,13,95,152,22,133,75,172,79,117,102,110,177,40,179,58,161,182,36,195,83,158,54,119,72,71,23,5,141,97,184,70,104,92,160,];False
5321;8130;13451;[198,174,190,32,189,130,6,38,61,163,199,49,12,112,167,15,16,4,147,28,24,150,20,56,176,3,157,44,37,138,126,115,1,74,34,35,93,0,8,154,166,113,188,55,183,45,131,185,68,123,50,86,52,91,69,88,53,59,11,57,132,7,175,62,120,89,2,67,48,63,90,164,156,73,41,114,47,165,153,26,77,60,145,196,84,85,66,118,124,51,29,191,197,168,14,187,128,27,178,33,100,111,122,151,139,105,180,107,148,30,64,96,76,134,99,173,116,10,42,80,169,142,19,81,25,125,192,127,101,129,43,181,186,170,103,143,136,137,18,194,146,9,31,82,144,121,162,171,149,193,78,98,39,94,46,155,17,21,108,159,109,135,140,106,65,87,13,95,152,22,133,75,172,79,117,102,110,177,40,179,58,161,182,36,195,83,158,54,119,72,71,23,5,141,97,184,70,104,92,160,];False
5377;8073;13450;[198,174,190,32,189,130,6,38,61,163,199,49,12,112,167,15,16,4,147,28,24,150,20,9,176,3,157,183,37,138,126,115,1,74,34,35,93,194,8,154,166,134,188,55,44,45,131,185,68,123,50,86,52,91,69,164,53,59,11,57,132,75,175,62,120,89,2,67,56,10,90,88,156,73,41,114,47,165,153,26,172,60,145,196,84,85,66,118,124,51,29,191,197,168,14,187,128,27,178,33,100,111,122,151,139,105,180,107,148,30,64,96,76,113,99,173,116,63,42,80,169,142,19,81,25,125,192,127,101,129,43,181,186,170,103,143,136,137,18,0,146,48,31,82,144,121,162,171,149,193,78,98,39,94,46,155,17,21,108,159,109,135,140,106,65,87,13,95,152,22,133,7,77,79,117,102,110,177,40,179,58,161,182,36,195,83,158,54,119,72,71,23,5,141,97,184,70,104,92,160,];False
5327;8122;13449;[198,174,190,32,189,130,6,38,61,163,199,49,12,112,167,15,16,4,147,196,145,150,20,56,176,3,157,183,37,138,126,115,1,74,34,35,93,28,8,154,166,113,188,55,44,45,131,185,68,123,50,86,52,91,69,88,53,59,11,57,132,7,175,62,120,89,2,67,48,63,90,164,156,73,41,114,47,165,153,26,77,60,24,0,84,85,66,118,124,51,29,191,197,168,14,187,128,27,178,33,100,111,122,151,139,105,180,107,148,30,64,96,76,134,99,173,116,10,42,80,169,142,19,81,25,125,192,127,101,129,43,181,186,170,103,143,136,137,18,194,146,9,31,82,144,121,162,171,149,193,78,98,39,94,46,155,17,21,108,159,109,135,140,106,65,87,13,95,152,22,133,75,172,79,117,102,110,177,40,179,58,161,182,36,195,83,158,54,119,72,71,23,5,141,97,184,70,104,92,160,];False
5321;8128;13449;[198,174,190,32,189,130,6,151,61,163,199,49,12,112,167,15,16,4,147,0,24,150,20,56,176,3,157,183,37,138,126,115,1,74,34,35,93,28,8,154,166,113,188,55,44,45,131,185,68,123,50,86,52,91,69,88,53,59,11,57,132,7,175,62,120,89,2,67,48,63,90,164,156,73,41,114,47,165,153,26,77,60,145,196,84,85,66,118,124,51,29,191,197,168,14,187,128,27,178,33,100,111,122,38,139,105,180,107,148,30,64,96,76,134,99,173,116,10,42,80,169,142,19,81,25,125,192,127,101,129,43,181,186,170,103,143,136,137,18,194,146,9,31,82,144,121,162,171,149,193,78,98,39,94,46,155,17,21,108,159,109,135,140,106,65,87,13,95,152,22,133,75,172,79,117,102,110,177,40,179,58,161,182,36,195,83,158,54,119,72,71,23,5,141,97,184,70,104,92,160,];False
5347;8100;13447;[198,174,190,32,189,130,6,38,61,163,199,49,12,112,167,15,16,4,147,28,24,150,20,9,176,3,157,183,37,138,126,115,1,74,34,35,93,194,8,154,166,113,188,55,44,45,131,185,68,123,50,86,52,91,69,164,53,59,11,57,132,7,175,62,120,89,2,67,56,63,90,88,156,73,41,114,47,165,153,26,172,60,145,43,84,85,66,118,124,51,29,191,197,168,14,187,128,27,178,33,100,111,122,151,139,105,180,107,148,30,64,96,76,134,99,173,116,10,42,80,169,142,19,81,25,125,192,127,101,129,196,181,186,170,103,143,136,137,18,0,146,48,31,82,144,121,162,171,149,193,78,98,39,94,46,155,17,21,108,159,109,135,140,106,65,87,13,95,152,22,133,75,77,79,117,102,110,177,40,179,58,161,182,36,195,83,158,54,119,72,71,23,5,141,97,184,70,104,92,160,];False
5364;8083;13447;[198,174,190,32,189,130,6,38,61,163,199,49,12,112,167,15,16,4,147,28,24,150,20,9,176,3,157,183,37,138,126,115,1,74,34,35,93,194,8,154,166,113,188,55,44,45,131,185,68,123,50,86,52,91,69,164,53,59,11,57,132,7,175,62,120,89,2,67,56,63,90,88,156,73,41,114,47,165,153,26,172,60,145,196,84,136,66,118,124,51,29,191,197,168,14,187,128,27,178,33,100,111,122,151,139,105,180,107,148,30,64,96,76,134,99,173,116,10,42,80,169,142,19,81,25,125,192,127,101,129,43,181,186,170,103,143,85,137,18,0,146,48,31,82,144,121,162,171,149,193,78,98,39,94,46,155,17,21,108,159,109,135,140,106,65,87,13,95,152,22,133,75,77,79,117,102,110,177,40,179,58,161,182,36,195,83,158,54,119,72,71,23,5,141,97,184,70,104,92,160,];False
5339;8107;13446;[198,174,190,32,189,130,6,38,61,163,199,49,3,112,167,15,16,4,147,28,24,150,20,9,176,12,157,183,37,138,126,115,1,74,34,35,93,194,8,154,166,113,188,55,44,45,131,185,68,123,50,86,52,91,69,164,53,59,11,57,132,7,175,62,120,89,2,67,56,63,90,88,156,73,41,114,47,165,153,26,172,60,145,196,84,85,66,118,124,51,29,191,197,168,14,187,128,27,178,33,100,111,122,151,139,105,180,107,148,30,64,96,76,134,99,173,116,10,42,80,169,142,19,81,25,125,192,127,101,129,43,181,186,170,103,143,136,137,18,0,146,48,31,82,144,121,162,171,149,193,78,98,39,94,46,155,17,21,108,159,109,135,140,106,65,87,13,95,152,22,133,75,77,79,117,102,110,177,40,179,58,161,182,36,195,83,158,54,119,72,71,23,5,141,97,184,70,104,92,160,];False
5276;8169;13445;[198,174,190,32,189,130,6,38,61,163,199,49,12,112,167,15,16,4,147,28,24,150,20,9,176,3,157,183,37,138,126,115,1,74,34,35,93,0,8,154,166,113,188,55,158,45,131,185,68,123,50,86,52,91,69,164,53,59,11,57,132,7,175,62,120,89,2,67,56,63,90,88,156,73,41,114,47,165,153,26,172,60,145,196,84,85,66,118,124,51,29,191,197,168,14,187,128,27,178,33,100,111,122,151,139,105,180,107,148,30,64,96,76,134,99,173,116,10,42,80,169,142,19,81,25,125,192,127,101,129,43,181,186,170,103,143,136,137,18,194,146,48,31,82,144,121,162,171,149,193,78,98,39,94,46,155,17,21,108,159,109,135,140,106,65,87,13,95,152,22,133,75,77,79,117,102,110,177,40,179,58,161,182,36,195,83,44,54,119,72,71,23,5,141,97,184,70,104,92,160,];False
5229;8216;13445;[198,174,190,32,189,130,6,38,61,163,44,49,12,112,167,15,16,4,147,0,145,150,20,56,176,3,157,183,37,138,126,115,1,74,34,35,93,28,8,154,166,113,188,55,199,45,131,185,68,123,50,86,52,91,69,88,53,59,11,57,132,7,175,62,120,89,2,67,48,63,90,164,156,73,41,114,47,165,153,26,77,60,24,196,84,85,66,118,124,51,29,191,197,168,14,187,128,27,178,33,100,111,122,151,139,105,180,107,148,30,64,96,76,134,99,173,116,10,42,80,169,142,19,81,25,125,192,127,101,129,43,181,186,170,103,143,136,137,18,194,146,9,31,82,144,121,162,171,149,193,78,98,39,94,46,155,17,21,108,159,109,135,140,106,65,87,13,95,152,22,133,75,172,79,117,102,110,177,40,179,58,161,182,36,195,83,158,54,119,72,71,23,5,141,97,184,70,104,92,160,];False
5365;8080;13445;[198,174,190,32,189,130,6,38,61,163,199,49,12,112,167,15,16,4,147,28,24,150,20,9,176,3,157,183,37,138,126,115,1,74,34,35,93,194,8,154,166,113,188,55,44,45,131,185,68,123,50,86,52,91,69,164,53,59,11,57,132,7,175,62,120,89,2,67,56,63,90,10,156,73,41,114,47,165,153,26,172,60,145,196,84,85,66,118,124,51,29,191,197,168,14,187,128,27,178,33,100,111,122,151,139,105,180,107,148,30,64,96,76,134,99,173,116,88,42,80,169,142,19,81,25,125,192,127,101,129,43,181,186,170,103,143,136,137,18,0,146,48,31,82,144,121,162,171,149,193,78,98,39,94,46,155,17,21,108,159,109,135,140,106,65,87,13,95,152,22,133,75,77,79,117,102,110,177,40,179,58,161,182,36,195,83,158,54,119,72,71,23,5,141,97,184,70,104,92,160,];False
5293;8150;13443;[198,174,190,32,189,130,6,38,61,163,199,49,12,112,167,15,16,4,147,28,24,150,20,56,176,3,157,183,37,138,126,115,1,74,34,35,93,0,8,154,166,113,188,55,44,45,131,185,68,123,50,86,52,91,69,88,53,59,11,57,132,7,175,62,120,89,2,67,48,63,90,164,156,73,41,114,47,165,153,26,77,60,145,196,84,85,66,118,124,51,29,191,197,168,14,187,128,27,178,33,100,111,122,151,139,105,180,107,148,30,64,96,76,134,99,173,116,10,42,80,169,142,19,81,25,125,192,127,101,129,43,181,186,170,103,143,136,137,18,194,146,9,31,82,144,121,162,171,149,193,78,98,39,94,46,155,17,21,108,159,109,135,140,106,65,87,13,95,152,22,133,70,172,79,117,102,110,177,40,179,58,161,182,36,195,83,158,54,119,72,71,23,5,141,97,184,75,104,92,160,];False
5365;8077;13442;[198,174,190,32,189,130,6,38,61,163,199,49,12,112,167,15,16,4,147,28,24,150,20,9,176,3,157,183,37,138,126,115,1,74,34,35,93,194,8,154,166,113,188,55,44,45,131,185,68,123,50,86,52,91,69,164,53,59,11,57,132,7,175,62,120,89,2,67,56,63,90,88,156,73,41,114,47,165,79,26,172,60,145,196,84,85,66,118,124,51,29,191,197,168,14,187,128,27,178,33,100,111,122,151,139,105,180,107,148,30,64,96,76,134,99,173,116,10,42,80,169,142,19,81,25,125,192,127,101,129,43,181,186,170,103,143,136,137,18,0,146,48,31,82,144,121,162,171,149,193,78,98,39,94,46,155,17,21,108,159,109,135,140,106,65,87,13,95,152,22,133,75,77,153,117,102,110,177,40,179,58,161,182,36,195,83,158,54,119,72,71,23,5,141,97,184,70,104,92,160,];False
5290;8151;13441;[198,174,190,32,189,130,6,38,61,163,199,49,12,112,167,15,16,4,147,28,24,150,20,9,176,3,157,183,37,138,126,115,1,74,34,35,93,0,8,154,166,113,188,55,44,45,131,185,68,123,50,86,52,91,69,164,53,59,11,57,132,7,175,62,120,89,2,67,56,63,90,88,192,73,41,114,47,165,153,26,172,60,145,196,84,85,66,118,124,51,29,191,197,168,14,187,128,27,178,33,100,111,122,151,139,105,180,107,148,30,64,96,76,134,99,173,116,10,42,80,169,142,19,81,25,125,156,127,101,129,43,181,186,170,103,143,136,137,18,194,146,48,31,82,144,121,162,171,149,193,78,98,39,94,46,155,17,21,108,159,109,135,140,106,65,87,13,95,152,22,133,75,77,79,117,102,110,177,40,179,58,161,182,36,195,83,158,54,119,72,71,23,5,141,97,184,70,104,92,160,];False
5293;8148;13441;[198,174,190,32,189,130,6,38,61,163,199,49,83,112,167,15,16,4,147,28,24,150,20,56,176,3,157,183,37,138,126,115,1,74,34,35,93,0,8,154,166,113,188,55,44,45,131,185,68,123,50,86,52,91,69,88,53,59,11,57,132,7,175,62,120,89,2,67,48,63,90,164,156,73,41,114,47,165,153,26,77,60,145,196,84,85,66,118,124,51,29,191,197,168,14,187,128,27,178,33,100,111,122,151,139,105,180,107,148,30,64,96,76,134,99,173,116,10,42,80,169,142,19,81,25,125,192,127,101,129,43,181,186,170,103,143,136,137,18,194,146,9,31,82,144,121,162,171,149,193,78,98,39,94,46,155,17,21,108,159,109,135,140,106,65,87,13,95,152,22,133,75,172,79,117,102,110,177,40,179,58,161,182,36,195,12,158,54,119,72,71,23,5,141,97,184,70,104,92,160,];False
5313;8128;13441;[198,174,190,32,189,130,6,38,61,163,199,49,12,112,167,15,16,83,147,28,24,150,20,9,176,3,157,183,37,138,126,115,1,74,34,35,93,194,8,154,166,113,188,55,44,45,131,185,68,123,50,86,52,91,69,164,53,59,11,57,132,7,175,62,120,89,2,67,56,10,90,88,156,73,41,114,47,165,153,26,172,60,145,196,84,85,66,118,124,51,29,191,197,168,14,187,128,27,178,33,100,111,122,151,139,105,180,107,148,30,64,96,76,134,99,173,116,63,42,80,169,142,19,81,25,125,192,127,101,129,43,181,186,170,103,143,136,137,18,0,146,48,31,82,144,121,162,171,149,193,78,98,39,94,46,155,17,21,108,159,109,135,140,106,65,87,13,95,152,22,133,75,77,79,117,102,110,177,40,179,58,161,182,36,195,4,158,54,119,72,71,23,5,141,97,184,70,104,92,160,];False
5250;8190;13440;[198,174,190,32,189,130,6,38,61,163,199,49,12,112,167,15,16,4,147,28,24,150,20,56,176,3,157,183,37,138,126,115,1,74,34,35,93,0,8,154,166,113,188,55,44,45,131,185,68,123,50,86,52,17,69,88,53,59,11,57,132,7,175,62,120,89,2,67,48,63,90,164,156,73,41,114,47,165,153,26,77,60,145,196,84,85,66,118,124,51,29,191,197,168,14,187,128,27,178,33,100,111,122,151,139,105,180,107,148,30,64,96,76,134,99,173,116,10,42,80,169,142,19,81,25,125,192,127,101,129,43,181,186,170,103,143,136,137,18,194,146,9,31,82,144,121,162,171,149,193,78,98,39,94,46,155,91,21,108,159,109,135,140,106,65,87,13,95,152,22,133,75,172,79,117,102,110,177,40,179,58,161,182,36,195,83,158,54,119,72,71,23,5,141,97,184,70,104,92,160,];False
5315;8122;13437;[198,174,190,32,189,130,6,38,61,163,199,49,12,112,167,15,16,4,147,28,24,150,20,9,176,3,157,183,37,138,126,115,1,74,34,35,93,0,8,154,166,113,188,55,44,45,131,185,68,123,50,86,52,91,69,88,53,59,11,57,132,7,175,62,120,89,2,67,48,63,90,164,156,73,41,114,47,165,153,26,77,60,145,196,84,85,66,118,124,51,29,191,197,168,14,187,128,27,178,33,100,111,122,151,139,105,180,107,148,171,64,96,76,134,99,173,116,10,42,80,169,142,19,81,25,125,192,127,101,129,43,181,186,170,103,143,136,137,18,194,146,56,31,82,144,121,162,30,149,193,78,98,39,94,46,155,17,21,108,159,109,135,140,106,65,87,13,95,152,22,133,75,172,79,117,102,110,177,40,179,58,161,182,36,195,83,158,54,119,72,71,23,5,141,97,184,70,104,92,160,];False
5293;8143;13436;[198,174,190,32,189,130,6,38,61,163,199,49,12,112,167,15,16,4,147,28,24,150,20,56,176,3,157,183,37,138,126,115,1,74,34,162,93,0,8,154,166,113,188,55,44,45,131,185,68,123,50,86,52,91,69,88,53,59,11,57,132,7,175,62,120,89,2,67,48,63,90,164,156,73,41,114,47,165,153,26,77,60,145,196,84,85,66,118,124,51,29,191,197,168,14,187,128,27,178,33,100,111,122,151,139,105,180,107,148,30,64,96,76,134,99,173,116,10,42,80,169,142,19,81,25,125,192,127,101,129,43,181,186,170,103,143,136,137,18,194,146,9,31,82,144,121,35,171,149,193,78,98,39,94,46,155,17,21,108,159,109,135,140,106,65,87,13,95,152,22,133,75,172,79,117,102,110,177,40,179,58,161,182,36,195,83,158,54,119,72,71,23,5,141,97,184,70,104,92,160,];False
5289;8146;13435;[198,174,190,32,189,130,6,38,61,163,199,49,12,112,167,15,16,4,147,28,128,150,20,9,176,3,157,183,37,138,126,115,1,74,34,35,93,194,8,154,166,113,188,55,44,45,131,185,68,123,50,86,52,91,69,164,53,59,11,57,132,7,175,62,120,89,2,67,56,63,90,88,156,73,41,114,47,165,153,26,172,60,145,196,84,85,66,118,124,51,29,191,197,168,14,187,24,27,178,33,100,111,122,151,139,105,180,107,148,30,64,96,76,134,99,173,116,10,42,80,169,142,19,81,25,125,192,127,101,129,43,181,186,170,103,143,136,137,18,0,146,48,31,82,144,121,162,171,149,193,78,98,39,94,46,155,17,21,108,159,109,135,140,106,65,87,13,95,152,22,133,75,77,79,117,102,110,177,40,179,58,161,182,36,195,83,158,54,119,72,71,23,5,141,97,184,70,104,92,160,];False
5271;8164;13435;[198,174,190,32,189,130,6,38,61,163,199,49,12,112,167,15,16,4,147,28,24,150,20,56,176,3,157,183,37,138,126,115,1,74,34,35,93,0,8,154,166,113,188,55,119,45,131,185,68,123,50,86,52,91,69,88,53,59,11,57,132,7,175,62,120,89,2,67,48,63,90,164,156,73,41,114,47,165,153,26,77,60,145,196,84,85,66,118,124,51,29,191,197,168,14,187,128,27,178,33,100,111,122,151,139,105,180,107,148,30,64,96,76,134,99,173,116,10,42,80,169,142,19,81,25,125,192,127,101,129,43,181,186,170,103,143,136,137,18,194,146,9,31,82,144,121,162,171,149,193,78,98,39,94,46,155,17,21,108,159,109,135,140,106,65,87,13,95,152,22,133,75,172,79,117,102,110,177,40,179,58,161,182,36,195,83,158,54,44,72,71,23,5,141,97,184,70,104,92,160,];False
5300;8134;13434;[198,174,190,32,189,130,6,38,61,163,199,49,12,112,167,15,16,4,147,28,24,150,20,56,176,3,157,183,37,138,126,115,1,74,34,35,93,0,8,154,166,113,188,55,104,45,131,185,68,123,50,86,52,91,69,88,53,59,11,57,132,7,175,62,120,89,2,67,48,63,90,164,156,73,41,114,47,165,153,26,77,60,145,196,84,85,66,118,124,51,29,191,197,168,14,187,128,27,178,33,100,111,122,151,139,105,180,107,148,30,64,96,76,134,99,173,116,10,42,80,169,142,19,81,25,125,192,127,101,129,43,181,186,170,103,143,136,137,18,194,146,9,31,82,144,121,162,171,149,193,78,98,39,94,46,155,17,21,108,159,109,135,140,106,65,87,13,95,152,22,133,75,172,79,117,102,110,177,40,179,58,161,182,36,195,83,158,54,119,72,71,23,5,141,97,184,70,44,92,160,];False
5227;8207;13434;[198,174,190,32,189,130,6,38,61,163,199,49,12,112,167,15,16,4,147,28,24,150,20,56,176,3,157,183,37,138,126,115,1,74,34,35,93,0,8,154,166,113,188,55,44,45,131,185,68,123,50,86,52,91,69,88,53,59,11,57,132,7,175,62,120,89,2,67,48,63,90,164,156,73,41,114,47,165,153,26,77,60,145,196,84,85,66,118,124,51,29,191,197,168,14,187,128,27,178,33,100,111,122,151,139,105,180,107,148,30,192,96,76,134,99,173,116,10,42,80,169,142,19,81,25,125,64,127,101,129,43,181,186,170,103,143,136,137,18,194,146,9,31,82,144,121,162,171,149,193,78,98,39,94,46,155,17,21,108,159,109,135,140,106,65,87,13,95,152,22,133,75,172,79,117,102,110,177,40,179,58,161,182,36,195,83,158,54,119,72,71,23,5,141,97,184,70,104,92,160,];False
5315;8118;13433;[198,174,190,32,189,130,6,38,61,163,199,49,12,112,167,15,16,4,147,28,24,150,20,9,176,3,157,183,37,138,126,115,1,74,34,35,93,194,8,154,166,113,188,55,44,45,131,185,68,123,50,86,52,91,69,164,53,59,11,57,132,7,175,62,120,89,2,67,56,10,90,88,156,73,41,114,47,165,153,26,172,60,145,196,84,85,66,118,124,51,29,191,197,168,14,187,128,27,178,33,100,111,122,151,139,105,180,107,148,30,64,96,76,134,99,173,116,63,42,80,169,142,19,81,25,125,192,127,101,129,43,181,186,170,103,143,136,137,18,0,146,48,23,82,144,121,162,171,149,193,78,98,39,94,46,155,17,21,108,159,109,135,140,106,65,87,13,95,152,22,133,75,77,79,117,102,110,177,40,179,58,161,182,36,195,83,158,54,119,72,71,31,5,141,97,184,70,104,92,160,];False
5260;8173;13433;[198,174,190,32,189,130,6,38,61,163,199,49,12,112,92,15,16,4,147,28,24,150,20,56,176,3,157,183,37,138,126,115,1,74,34,35,93,0,8,154,166,113,188,55,44,45,131,185,68,123,50,86,52,91,69,88,53,59,11,57,132,7,175,62,120,89,2,67,48,63,90,164,156,73,41,114,47,165,153,26,77,60,145,196,84,85,66,118,124,51,29,191,197,168,14,187,128,27,178,33,100,111,122,151,139,105,180,107,148,30,64,96,76,134,99,173,116,10,42,80,169,142,19,81,25,125,192,127,101,129,43,181,186,170,103,143,136,137,18,194,146,9,31,82,144,121,162,171,149,193,78,98,39,94,46,155,17,21,108,159,109,135,140,106,65,87,13,95,152,22,133,75,172,79,117,102,110,177,40,179,58,161,182,36,195,83,158,54,119,72,71,23,5,141,97,184,70,104,167,160,];False
5387;8046;13433;[198,174,190,32,189,130,6,38,61,163,199,49,12,112,167,15,16,4,147,28,24,150,20,9,176,3,157,183,37,138,126,115,1,74,34,35,93,194,8,154,166,113,188,55,44,45,131,185,68,123,50,86,52,91,69,164,53,59,11,57,132,7,175,62,120,89,2,67,56,63,90,88,156,73,41,114,47,165,153,26,172,60,145,71,84,85,66,118,124,51,29,191,197,168,14,187,128,27,178,33,100,111,122,151,139,105,180,107,148,30,64,96,76,134,99,173,116,10,42,80,169,142,19,81,25,125,192,127,101,129,43,181,186,170,103,143,136,137,18,0,146,48,31,82,144,121,162,171,149,193,78,98,39,94,46,155,17,21,108,159,109,135,140,106,65,87,13,95,152,22,133,75,77,79,117,102,110,177,40,179,58,161,182,36,195,83,158,54,119,72,196,23,5,141,97,184,70,104,92,160,];False
5308;8124;13432;[198,174,190,32,189,130,6,38,61,163,199,49,12,112,167,15,16,4,147,28,24,150,20,9,176,3,157,177,37,138,126,115,1,74,34,35,93,194,8,154,166,113,188,55,44,45,131,185,68,123,50,86,52,91,69,164,53,59,11,57,132,7,175,62,120,89,2,67,56,63,90,88,156,73,41,114,47,165,153,26,172,60,145,196,84,85,66,118,124,51,29,191,197,168,14,187,128,27,178,33,100,111,122,151,139,105,180,107,148,30,64,96,76,134,99,173,116,10,42,80,169,142,19,81,25,125,192,127,101,129,43,181,186,170,103,143,136,137,18,0,146,48,31,82,144,121,162,171,149,193,78,98,39,94,46,155,17,21,108,159,109,135,140,106,65,87,13,95,152,22,133,75,77,79,117,102,110,183,40,179,58,161,182,36,195,83,158,54,119,72,71,23,5,141,97,184,70,104,92,160,];False
5358;8074;13432;[198,174,190,32,189,130,6,38,61,163,199,49,12,112,167,15,16,4,147,28,24,150,20,9,176,3,157,183,37,138,126,115,1,74,34,35,93,194,8,154,166,113,188,55,44,45,131,185,68,123,50,86,52,91,69,164,53,59,11,57,132,7,175,62,120,89,2,67,56,63,90,88,156,73,41,114,47,165,153,26,19,60,145,196,84,85,66,118,124,51,29,191,197,168,14,187,128,27,178,33,100,111,122,151,139,105,180,107,148,30,64,96,76,134,99,173,116,10,42,80,169,142,172,81,25,125,192,127,101,129,43,181,186,170,103,143,136,137,18,0,146,48,31,82,144,121,162,171,149,193,78,98,39,94,46,155,17,21,108,159,109,135,140,106,65,87,13,95,152,22,133,75,77,79,117,102,110,177,40,179,58,161,182,36,195,83,158,54,119,72,71,23,5,141,97,184,70,104,92,160,];False
5318;8113;13431;[198,174,190,32,189,130,6,38,61,163,199,49,12,112,167,15,16,4,147,28,24,150,20,9,176,3,157,183,37,138,126,115,1,74,34,35,93,0,8,154,166,113,188,55,44,45,131,185,68,123,50,86,52,91,69,164,53,59,11,57,132,7,175,62,120,89,2,67,56,63,90,88,156,73,41,114,47,165,153,26,77,60,145,196,84,85,66,118,124,51,29,191,197,168,14,187,128,27,178,33,100,111,122,151,139,105,180,107,148,30,64,96,76,134,99,173,116,10,42,80,169,142,19,81,25,125,192,72,101,129,43,181,186,170,103,143,136,137,18,194,146,48,31,82,144,121,162,171,149,193,78,98,39,94,46,155,17,21,108,159,109,135,140,106,65,87,13,95,152,22,133,75,172,79,117,102,110,177,40,179,58,161,182,36,195,83,158,54,119,127,71,23,5,141,97,184,70,104,92,160,];False
5238;8193;13431;[80,174,190,32,189,130,6,38,61,163,199,49,12,112,167,15,16,4,147,28,24,150,20,9,176,3,157,183,37,138,126,115,1,74,34,35,93,194,8,154,166,113,188,55,44,45,131,185,68,123,50,86,52,91,69,164,53,59,11,57,132,75,175,62,120,89,2,67,56,10,90,88,156,73,41,114,47,165,153,26,172,60,145,196,84,85,66,118,124,51,29,191,197,168,14,187,128,27,178,33,100,111,122,151,139,105,180,107,148,30,64,96,76,134,99,173,116,63,42,198,169,142,19,81,25,125,192,127,101,129,43,181,186,170,103,143,136,137,18,0,146,48,92,82,144,121,162,171,149,193,78,98,39,94,46,155,17,21,108,159,109,135,140,106,65,87,13,95,152,22,133,7,77,79,117,102,110,177,40,179,58,161,182,36,195,83,158,54,119,72,71,23,5,141,97,184,70,104,31,160,];False
5345;8084;13429;[198,174,190,32,189,130,6,38,61,163,199,49,12,112,167,15,16,4,147,28,24,150,20,9,176,3,157,183,37,138,126,115,1,74,34,35,93,194,8,154,166,113,188,55,44,45,131,185,68,123,50,86,52,91,69,164,53,59,11,57,132,7,175,62,120,89,2,67,56,14,90,88,156,73,41,114,47,165,153,26,172,60,145,196,84,85,66,118,124,51,29,191,197,168,63,187,128,27,178,33,100,111,122,151,139,105,180,107,148,30,64,96,76,134,99,173,116,10,42,80,169,142,19,81,25,125,192,127,101,129,43,181,186,170,103,143,136,137,18,0,146,48,31,82,144,121,162,171,149,193,78,98,39,94,46,155,17,21,108,159,109,135,140,106,65,87,13,95,152,22,133,75,77,79,117,102,110,177,40,179,58,161,182,36,195,83,158,54,119,72,71,23,5,141,97,184,70,104,92,160,];False
5307;8121;13428;[198,174,190,32,189,130,6,38,61,163,199,49,12,112,167,15,16,4,147,28,24,150,20,9,176,3,157,183,60,138,126,115,1,74,34,35,93,194,8,154,166,113,188,55,44,45,131,185,68,123,50,86,52,91,69,164,53,59,11,57,132,75,175,62,120,89,2,67,56,10,90,88,156,73,41,114,47,165,153,26,172,37,145,196,84,85,66,118,124,51,29,191,197,168,14,187,128,27,178,33,100,111,122,151,139,105,180,107,148,30,64,96,76,134,99,173,116,63,42,80,169,142,19,81,25,125,192,127,101,129,43,181,186,170,103,143,136,137,18,0,146,48,31,82,144,121,162,171,149,193,78,98,39,94,46,155,17,21,108,159,109,135,140,106,65,87,13,95,152,22,133,7,77,79,117,102,110,177,40,179,58,161,182,36,195,83,158,54,119,72,71,23,5,141,97,184,70,104,92,160,];False
5331;8097;13428;[198,174,190,32,189,130,6,38,61,163,199,49,12,112,167,15,16,4,147,28,24,150,20,9,176,3,157,183,37,138,126,115,1,74,34,35,93,194,8,154,166,113,188,55,44,45,131,185,68,123,50,86,52,91,69,164,53,59,11,57,132,7,175,62,120,89,2,67,56,63,90,88,156,73,41,114,47,165,153,26,172,60,145,196,84,85,66,118,124,51,29,191,197,168,14,187,128,27,178,33,100,111,122,151,139,105,180,107,148,30,64,96,76,134,99,173,116,10,42,159,169,142,19,81,25,125,192,127,101,129,43,181,186,170,103,143,136,137,18,0,146,48,31,82,144,121,162,171,149,193,78,98,39,94,46,155,17,21,108,80,109,135,140,106,65,87,13,95,152,22,133,75,77,79,117,102,110,177,40,179,58,161,182,36,195,83,158,54,119,72,71,23,5,141,97,184,70,104,92,160,];False
5271;8157;13428;[198,174,190,32,189,130,6,38,61,163,199,49,12,112,167,15,16,4,147,28,24,150,20,9,176,3,157,183,37,138,126,115,1,74,81,35,93,194,8,154,166,113,188,55,44,45,131,185,68,123,50,86,52,91,69,164,53,59,11,57,132,7,175,62,120,89,2,67,56,10,90,88,156,73,41,114,47,165,153,26,172,60,145,196,84,85,66,118,124,51,29,191,197,168,14,187,128,27,178,33,100,111,122,151,139,105,180,107,148,30,64,96,76,134,99,173,116,63,42,80,169,142,19,34,25,125,192,127,101,129,43,181,186,170,103,143,136,137,18,0,146,48,31,82,144,121,162,171,149,193,78,98,39,94,46,155,17,21,108,159,109,135,140,106,65,87,13,95,152,22,133,75,77,79,117,102,110,177,40,179,58,161,182,36,195,83,158,54,119,72,71,23,5,141,97,184,70,104,92,160,];False
5338;8089;13427;[198,174,190,32,189,130,6,38,61,163,199,49,12,112,167,15,16,4,147,28,24,150,20,9,176,3,157,183,37,138,126,115,1,74,34,35,93,0,8,154,166,113,188,55,125,45,131,185,68,123,50,86,52,91,69,164,53,59,11,57,132,7,175,62,120,89,2,67,56,63,90,88,156,73,41,114,47,165,153,26,77,60,145,196,84,85,66,118,124,51,29,191,197,168,14,187,128,27,178,33,100,111,122,151,139,105,180,107,148,30,64,96,76,134,99,173,116,10,42,80,169,142,19,81,25,44,192,127,101,129,43,181,186,170,103,143,136,137,18,194,146,48,31,82,144,121,162,171,149,193,78,98,39,94,46,155,17,21,108,159,109,135,140,106,65,87,13,95,152,22,133,75,172,79,117,102,110,177,40,179,58,161,182,36,195,83,158,54,119,72,71,23,5,141,97,184,70,104,92,160,];False
5341;8086;13427;[198,174,190,165,189,130,6,38,61,163,199,49,12,112,167,15,16,4,147,28,24,150,20,9,176,3,157,183,37,138,126,115,1,74,34,35,93,194,8,154,166,113,188,55,44,45,131,185,68,123,50,86,52,91,69,164,53,59,11,57,132,7,175,62,120,89,2,67,56,10,90,88,156,73,41,114,47,32,153,26,172,60,145,196,84,85,66,118,124,51,29,191,197,168,14,187,128,27,178,33,100,111,122,151,139,105,180,107,148,30,64,96,76,134,99,173,116,63,42,80,169,142,19,81,25,125,192,127,101,129,43,181,186,170,103,143,136,137,18,0,146,48,31,82,144,121,162,171,149,193,78,98,39,94,46,155,17,21,108,159,109,135,140,106,65,87,13,95,152,22,133,75,77,79,117,102,110,177,40,179,58,161,182,36,195,83,158,54,119,72,71,23,5,141,97,184,70,104,92,160,];False
5273;8153;13426;[198,174,190,32,189,130,6,38,61,163,199,49,12,112,167,15,16,4,147,28,24,150,20,9,176,3,157,183,37,138,126,115,1,74,34,35,93,194,8,154,166,113,188,55,44,45,131,185,68,123,50,86,52,91,69,164,53,59,11,57,132,75,175,62,120,89,2,67,56,10,90,88,156,73,41,180,47,165,153,26,172,60,145,196,84,85,66,118,124,51,29,191,197,168,14,187,128,27,178,33,100,111,122,151,139,105,114,107,148,30,64,96,76,134,99,173,116,63,42,80,169,142,19,81,25,125,192,127,101,129,43,181,186,170,103,143,136,137,18,0,146,48,31,82,144,121,162,171,149,193,78,98,39,94,46,155,17,21,108,159,109,135,140,106,65,87,13,95,152,22,133,7,77,79,117,102,110,177,40,179,58,161,182,36,195,83,158,54,119,72,71,23,5,141,97,184,70,104,92,160,];False
5372;8053;13425;[198,174,190,32,189,130,6,38,61,163,199,49,12,112,167,15,16,4,147,28,24,150,20,9,176,3,157,183,37,138,126,115,1,74,34,35,93,194,8,154,166,113,188,55,44,45,131,185,68,123,50,86,52,91,69,164,53,59,11,57,132,75,175,62,120,89,2,67,56,10,90,88,156,73,41,114,47,165,153,26,172,60,145,196,84,85,66,118,124,51,29,191,197,168,14,187,128,27,178,33,100,111,122,151,139,105,180,107,148,30,64,96,76,134,99,173,116,63,42,80,169,142,19,133,25,125,192,127,101,129,43,181,186,170,103,143,136,137,18,0,146,48,31,82,144,121,162,171,149,193,78,98,39,94,46,155,17,21,108,159,109,135,140,106,65,87,13,95,152,22,81,7,77,79,117,102,110,177,40,179,58,161,182,36,195,83,158,54,119,72,71,23,5,141,97,184,70,104,92,160,];False
5289;8136;13425;[198,174,190,32,189,130,6,38,61,163,199,49,12,112,167,15,16,4,147,28,24,150,20,9,176,3,157,183,37,138,126,115,1,74,34,35,93,194,8,154,166,113,188,55,44,45,131,185,68,123,50,86,52,91,69,164,53,59,11,57,132,75,175,62,120,89,2,67,56,10,90,88,156,73,41,114,47,165,153,26,172,60,145,196,84,85,66,118,124,51,29,191,197,168,14,187,128,27,178,33,100,111,122,151,139,105,180,107,148,30,64,96,76,134,99,173,116,63,42,155,169,142,19,81,25,125,192,127,101,129,43,181,186,170,103,143,136,137,18,0,146,48,92,82,144,121,162,171,149,193,78,98,39,94,46,80,17,21,108,159,109,135,140,106,65,87,13,95,152,22,133,7,77,83,117,102,110,177,40,179,58,161,182,36,195,79,158,54,119,72,71,23,5,141,97,184,70,104,31,160,];False
5270;8155;13425;[198,174,190,32,189,130,6,38,61,163,199,49,12,112,167,15,16,4,147,28,24,150,20,56,176,3,157,183,37,138,126,115,1,74,34,35,93,0,8,154,166,113,188,55,44,45,131,185,68,123,50,86,23,91,69,88,53,59,11,57,132,7,175,62,120,89,2,67,48,63,90,164,156,73,41,114,47,165,153,26,77,60,145,196,84,85,66,118,124,51,29,191,197,168,14,187,128,27,178,33,100,111,122,151,139,105,180,107,148,30,64,96,76,134,99,173,116,10,42,80,169,142,19,81,25,125,192,127,101,129,43,181,186,170,103,143,136,137,18,194,146,9,31,82,144,121,162,171,149,193,78,98,39,94,46,155,17,21,108,159,109,135,140,106,65,87,13,95,152,22,133,75,172,79,117,102,110,177,40,179,58,161,182,36,195,83,158,54,119,72,71,52,5,141,97,184,70,104,92,160,];False
5291;8133;13424;[198,174,190,32,189,130,6,38,61,163,199,49,12,112,167,15,16,4,147,28,24,150,20,56,176,3,157,183,37,138,126,115,1,74,34,35,93,0,8,154,166,113,188,55,44,45,131,185,68,123,50,86,52,91,69,88,53,59,11,57,132,7,175,62,2,89,120,67,48,63,90,164,156,73,41,114,47,165,153,26,77,60,145,196,84,85,66,118,124,51,29,191,197,168,14,187,128,27,178,33,100,111,122,151,139,105,180,107,148,30,64,96,76,134,99,173,116,10,42,80,169,142,19,81,25,125,192,127,101,129,43,181,186,170,103,143,136,137,18,194,146,9,31,82,144,121,162,171,149,193,78,98,39,94,46,155,17,21,108,159,109,135,140,106,65,87,13,95,152,22,133,75,172,79,117,102,110,177,40,179,58,161,182,36,195,83,158,54,119,72,71,23,5,141,97,184,70,104,92,160,];False
5323;8101;13424;[198,174,190,32,189,130,6,38,61,163,199,49,12,112,167,15,16,4,147,28,24,150,20,9,176,3,157,183,37,138,126,115,1,74,34,35,93,0,8,154,166,113,188,55,44,45,131,185,68,123,50,86,52,91,69,164,53,59,11,57,132,7,175,62,120,89,2,67,56,63,90,88,156,73,41,114,47,165,153,26,77,60,145,196,84,85,66,118,124,51,29,191,197,168,14,187,128,27,178,33,100,111,122,151,139,105,180,107,148,30,64,96,76,134,99,173,116,10,42,80,169,142,19,81,25,125,192,152,101,129,43,181,186,170,103,143,136,137,18,194,146,48,31,82,144,121,162,171,149,193,78,98,39,94,46,155,17,21,108,159,109,135,140,106,65,87,13,95,127,22,133,75,172,79,117,102,110,177,40,179,58,161,182,36,195,83,158,54,119,72,71,23,5,141,97,184,70,104,92,160,];False
5305;8119;13424;[198,174,190,32,189,130,6,38,61,163,199,49,12,112,167,15,16,4,5,28,24,150,20,9,176,3,157,183,37,138,126,115,1,74,34,35,93,194,8,154,166,113,188,55,44,45,131,185,68,123,50,86,52,91,69,164,53,59,11,57,132,7,175,62,120,89,2,67,56,10,90,88,156,73,41,114,47,165,153,26,172,60,145,196,84,85,66,118,124,51,29,191,197,168,14,187,128,27,178,33,100,111,122,151,139,105,180,107,148,30,64,96,76,134,99,173,116,63,42,80,169,142,19,81,25,125,192,127,101,129,43,181,186,170,103,143,136,137,18,0,146,48,31,82,144,121,162,171,149,193,78,98,39,94,46,155,17,21,108,159,109,135,140,106,65,87,13,95,152,22,133,75,77,79,117,102,110,177,40,179,58,161,182,36,195,83,158,54,119,72,71,23,147,141,97,184,70,104,92,160,];False
5324;8099;13423;[198,174,190,32,189,130,6,38,61,163,199,49,12,112,167,15,16,4,147,28,24,150,20,9,176,3,157,183,37,138,126,115,1,74,34,35,93,194,8,154,166,113,188,55,44,45,131,185,68,123,50,86,52,91,69,164,53,59,11,57,132,7,175,62,120,89,2,67,56,63,90,88,156,73,41,114,47,165,153,26,172,99,145,196,84,85,66,118,124,51,29,191,197,168,14,187,128,27,178,33,100,111,122,151,139,105,180,107,148,30,64,96,76,134,60,173,116,10,42,80,169,142,19,81,25,125,192,127,101,129,43,181,186,170,103,143,136,137,18,0,146,48,31,82,144,121,162,171,149,193,78,98,39,94,46,155,17,21,108,159,109,135,140,106,65,87,13,95,152,22,133,75,77,79,117,102,110,177,40,179,58,161,182,36,195,83,158,54,119,72,71,23,5,141,97,184,70,104,92,160,];False
5336;8086;13422;[198,174,190,32,189,80,6,38,61,163,199,49,12,112,167,15,16,4,147,28,24,150,20,9,176,3,157,183,37,138,126,115,1,74,34,35,93,194,8,154,166,113,188,55,44,45,131,185,68,123,50,86,52,91,69,164,53,59,11,57,132,75,175,62,120,89,2,67,56,10,90,88,156,73,41,114,47,165,153,26,172,60,145,196,84,85,66,118,124,51,29,191,197,168,14,187,128,27,178,33,100,111,122,151,139,105,180,107,148,30,64,96,76,134,99,173,116,63,42,130,169,142,19,81,25,125,192,127,101,129,43,181,186,170,103,143,136,137,18,0,146,48,31,82,144,121,162,171,149,193,78,98,39,94,46,155,17,21,108,159,109,135,140,106,65,87,13,95,152,22,133,7,77,79,117,102,110,177,40,179,58,161,182,36,195,83,158,54,119,72,71,23,5,141,97,184,70,104,92,160,];False
5290;8131;13421;[198,174,190,32,189,130,6,38,61,163,199,49,12,112,167,15,16,4,147,0,145,150,20,56,176,3,157,183,37,138,126,115,1,74,34,35,93,28,8,154,166,113,188,55,44,45,131,185,68,123,50,86,52,91,69,88,53,59,11,57,132,7,175,62,120,89,2,67,48,63,90,164,156,73,41,114,47,165,153,26,77,60,24,196,84,85,66,118,124,51,29,191,197,168,14,187,128,27,178,33,100,111,122,151,139,105,180,107,148,30,64,96,76,134,99,173,116,10,42,22,169,142,19,81,25,125,192,127,101,129,43,181,186,170,103,143,136,137,18,194,146,9,31,82,144,121,162,171,149,193,78,98,39,94,46,155,17,21,108,159,109,135,140,106,65,87,13,95,152,80,133,75,172,79,117,102,110,177,40,179,58,161,182,36,195,83,158,54,119,72,71,23,5,141,97,184,70,104,92,160,];False
5292;8129;13421;[198,174,190,32,189,130,6,38,61,163,199,49,12,112,167,15,16,4,147,28,24,150,20,56,176,3,157,183,37,138,126,115,1,74,34,35,93,0,8,154,166,113,188,55,44,45,131,185,68,123,50,86,52,91,69,88,53,59,11,57,132,7,175,62,120,89,2,67,48,63,90,164,156,73,41,114,47,165,153,26,77,60,145,196,84,85,66,118,124,51,29,191,197,168,14,187,128,27,178,33,100,58,122,151,139,105,180,107,148,30,64,96,76,134,99,173,116,10,42,80,169,142,19,81,25,125,192,127,101,129,43,181,186,170,103,143,136,137,18,194,146,9,31,82,144,121,162,171,149,193,78,98,39,94,46,155,17,21,108,159,109,135,140,106,65,87,13,95,152,22,133,75,172,79,117,102,110,177,40,179,111,161,182,36,195,83,158,54,119,72,71,23,5,141,97,184,70,104,92,160,];False
5242;8179;13421;[198,174,190,32,189,130,6,38,61,163,199,49,12,112,167,15,16,4,147,28,24,150,20,9,176,3,157,183,37,138,126,115,1,74,34,35,93,194,8,154,166,113,188,55,44,45,131,185,68,123,50,86,52,91,69,164,53,59,11,57,132,7,175,62,120,89,2,67,56,10,90,88,156,73,41,114,47,165,153,26,172,60,145,196,84,85,66,118,124,51,29,191,197,168,14,187,128,27,178,33,100,111,122,151,139,105,180,107,148,30,64,96,76,134,99,173,116,63,42,80,169,142,19,81,25,125,192,127,101,129,43,181,186,170,103,143,136,137,18,0,146,102,31,82,144,121,162,171,149,193,78,98,39,94,46,155,17,21,108,159,109,135,140,106,65,87,13,95,152,22,133,75,77,79,117,48,110,177,40,179,58,161,182,36,195,83,158,54,119,72,71,23,5,141,97,184,70,104,92,160,];False
5309;8111;13420;[198,174,190,32,189,130,6,38,61,163,199,49,12,112,167,15,16,4,147,28,24,150,20,9,176,3,157,183,37,138,126,115,1,74,34,35,93,194,8,154,166,113,188,55,44,45,120,185,68,123,50,86,52,91,69,164,53,59,11,57,132,75,175,62,131,89,2,67,56,10,90,88,156,73,41,114,47,165,153,26,172,60,145,196,84,85,66,118,124,51,29,191,197,168,14,187,128,27,178,33,100,111,122,151,139,105,180,107,148,30,64,96,76,134,99,173,116,63,42,80,169,142,19,81,25,125,192,127,101,129,43,181,186,170,103,143,136,137,18,0,146,48,31,82,144,121,162,171,149,193,78,98,39,94,46,155,17,21,108,159,109,135,140,106,65,87,13,95,152,22,133,7,77,79,117,102,110,177,40,179,58,161,182,36,195,83,158,54,119,72,71,23,5,141,97,184,70,104,92,160,];False
5227;8191;13418;[198,174,190,32,189,130,6,38,61,163,199,49,12,112,167,15,16,4,147,28,24,150,20,56,176,3,157,183,37,138,126,115,1,74,34,35,93,0,8,154,166,113,188,55,44,45,131,185,68,123,50,86,52,91,69,88,53,59,11,57,132,7,175,62,120,89,2,67,48,63,90,164,156,73,41,114,47,165,153,26,77,60,145,196,84,85,66,118,124,51,29,191,197,168,14,187,128,27,178,33,100,111,122,151,139,105,180,107,148,30,64,96,76,134,99,173,116,10,42,80,169,142,19,81,25,125,192,127,101,129,43,181,186,170,103,143,136,137,18,194,146,141,31,82,144,121,162,171,149,193,78,98,39,94,46,155,17,21,108,159,109,135,140,106,65,87,13,95,152,22,133,75,172,79,117,102,110,177,40,179,58,161,182,36,195,83,158,54,119,72,71,23,5,9,97,184,70,104,92,160,];False
5277;8141;13418;[198,174,190,32,189,130,6,38,61,163,199,49,12,112,167,15,16,4,147,0,145,150,20,56,176,3,157,183,37,138,126,115,1,74,34,35,93,28,8,154,166,113,188,55,44,45,131,185,68,123,50,86,52,91,69,88,53,59,11,57,132,7,175,62,120,89,2,67,48,63,90,164,156,73,41,114,47,165,153,26,77,60,24,196,84,85,66,160,124,51,29,191,197,168,14,187,128,27,178,33,100,111,122,151,139,105,180,107,148,30,64,96,76,134,99,173,116,10,42,80,169,142,19,81,25,125,192,127,101,129,43,181,186,170,103,143,136,137,18,194,146,9,31,82,144,121,162,171,149,193,78,98,39,94,46,155,17,21,108,159,109,135,140,106,65,87,13,95,152,22,133,75,172,79,117,102,110,177,40,179,58,161,182,36,195,83,158,54,119,72,71,23,5,141,97,184,70,104,92,118,];False
5273;8145;13418;[198,174,190,32,189,130,6,38,61,163,199,49,12,112,167,15,16,4,147,28,24,150,20,9,176,3,157,183,37,138,126,115,1,74,34,35,93,0,8,154,166,113,188,55,44,45,131,185,68,123,50,86,52,91,69,164,53,59,11,57,132,7,175,62,120,89,2,67,56,63,43,88,156,73,41,114,47,165,153,26,77,60,145,196,84,85,66,118,124,51,29,191,197,168,14,187,128,27,178,33,100,111,122,151,139,105,180,107,148,30,64,96,76,134,99,173,116,10,42,80,169,142,19,81,25,125,192,127,101,129,90,181,186,170,103,143,136,137,18,194,146,48,31,82,144,121,162,171,149,193,78,98,39,94,46,155,17,21,108,159,109,135,140,106,65,87,13,95,152,22,133,75,172,79,117,102,110,177,40,179,58,161,182,36,195,83,158,54,119,72,71,23,5,141,97,184,70,104,92,160,];False
5280;8137;13417;[198,174,190,32,189,130,6,38,61,163,199,49,12,112,167,15,16,4,147,28,24,150,20,9,176,3,157,183,37,138,126,115,1,74,34,35,93,0,8,154,166,113,188,55,44,45,131,185,68,123,50,86,52,91,69,164,53,59,11,57,132,7,175,62,120,89,2,67,56,63,90,88,156,73,41,114,47,165,153,26,172,60,145,196,84,85,66,118,124,51,29,191,197,168,14,187,128,27,178,33,100,111,122,151,139,105,180,107,148,30,64,96,76,134,99,173,116,10,42,80,169,142,19,81,25,125,192,127,101,129,43,181,186,170,103,143,136,137,18,194,146,48,31,184,144,121,162,171,149,193,78,98,39,94,46,155,17,21,108,159,109,135,140,106,65,87,13,95,152,22,133,75,77,79,117,102,110,177,40,179,58,161,182,36,195,83,158,54,119,72,71,23,5,141,97,82,70,104,92,160,];False
5300;8117;13417;[198,174,47,32,189,130,6,38,61,163,199,49,12,112,167,15,16,4,147,28,24,150,20,9,176,3,157,183,37,138,126,115,1,74,34,35,93,194,8,154,166,113,188,55,44,45,131,185,68,123,50,86,52,91,69,164,53,59,11,57,132,75,175,62,120,89,2,67,56,10,90,88,156,73,41,114,190,165,153,26,172,60,145,196,84,85,66,118,124,51,29,191,197,168,14,187,128,27,178,33,100,111,122,151,139,105,180,107,148,30,64,96,76,134,99,173,116,63,42,80,169,142,19,81,25,125,192,127,101,129,43,181,186,170,103,143,136,137,18,0,146,48,92,82,144,121,162,171,149,193,78,98,39,94,46,155,17,21,108,159,109,135,140,106,65,87,13,95,152,22,133,7,77,79,117,102,110,177,40,179,58,161,182,36,195,83,158,54,119,72,71,23,5,141,97,184,70,104,31,160,];False
5258;8158;13416;[198,174,190,32,189,130,6,38,61,163,199,49,12,112,167,15,16,4,147,28,24,150,20,56,176,3,157,183,37,138,126,115,1,74,34,35,93,0,8,154,166,113,188,55,44,45,131,185,68,123,50,86,52,91,69,88,53,59,11,57,132,7,175,62,120,89,2,67,48,63,90,164,156,73,41,114,47,165,153,26,77,60,145,196,84,85,66,118,124,51,29,191,197,168,14,187,128,121,178,33,100,111,122,151,139,105,180,107,148,30,64,96,76,134,99,173,116,10,42,80,169,142,19,81,25,125,192,127,101,129,43,181,186,170,103,143,136,137,18,194,146,9,31,82,144,27,162,171,149,193,78,98,39,94,46,155,17,21,108,159,109,135,140,106,65,87,13,95,152,22,133,75,172,79,117,102,110,177,40,179,58,161,182,36,195,83,158,54,119,72,71,23,5,141,97,184,70,104,92,160,];False
5269;8147;13416;[198,174,190,32,189,130,6,38,61,163,199,49,12,112,167,15,16,4,147,28,24,150,20,9,176,3,157,183,37,138,126,115,1,60,34,35,93,194,8,154,166,113,188,55,44,45,131,185,68,123,50,86,52,91,69,164,53,59,11,57,132,7,175,62,120,89,2,67,56,10,90,88,156,73,41,114,47,165,153,26,172,74,145,196,84,85,66,118,124,51,29,191,197,168,14,187,128,27,178,33,100,111,122,151,139,105,180,107,148,30,64,96,76,134,99,173,116,63,42,80,169,142,19,81,25,125,192,127,101,129,43,181,186,170,103,143,136,137,18,0,146,48,31,82,144,121,162,171,149,193,78,98,39,94,46,155,17,21,108,159,109,135,140,106,65,87,13,95,152,22,133,75,77,79,117,102,110,177,40,179,58,161,182,36,195,83,158,54,119,72,71,23,5,141,97,184,70,104,92,160,];False
5351;8063;13414;[198,174,190,25,189,130,6,38,61,163,199,49,12,112,167,15,16,4,147,28,24,150,20,9,176,3,157,183,37,138,126,115,1,74,34,35,93,194,8,154,166,113,188,55,44,45,131,185,68,123,50,86,52,91,69,164,53,59,11,57,132,7,175,62,120,89,2,67,56,63,90,88,156,73,41,114,47,165,153,26,172,60,145,196,84,85,66,118,124,51,29,191,197,168,14,187,128,27,178,33,100,111,122,151,139,105,180,107,148,30,64,96,76,134,99,173,116,10,42,80,169,142,19,81,32,125,192,127,101,129,43,181,186,170,103,143,136,137,18,0,146,48,31,82,144,121,162,171,149,193,78,98,39,94,46,155,17,21,108,159,109,135,140,106,65,87,13,95,152,22,133,75,77,79,117,102,110,177,40,179,58,161,182,36,195,83,158,54,119,72,71,23,5,141,97,184,70,104,92,160,];False
5309;8105;13414;[198,174,190,32,189,130,6,38,61,163,199,49,12,112,167,15,16,4,147,28,24,150,20,9,176,3,157,183,37,138,126,115,1,74,34,35,93,0,8,154,166,113,188,55,44,45,131,185,68,123,50,86,52,91,69,88,53,59,11,57,132,7,175,62,120,89,2,67,48,63,90,164,156,73,41,114,47,165,153,26,77,60,145,196,84,85,66,118,124,51,29,191,197,168,14,187,128,27,178,33,100,111,122,151,139,105,180,107,148,30,64,96,76,134,99,173,116,10,42,80,169,142,19,81,25,125,192,127,101,129,43,181,110,170,103,143,136,137,18,194,146,56,31,82,144,121,162,171,149,193,78,98,39,94,46,155,17,21,108,159,109,135,140,106,65,87,13,95,152,22,133,75,172,79,117,102,186,177,40,179,58,161,182,36,195,83,158,54,119,72,71,23,5,141,97,184,70,104,92,160,];False
5325;8089;13414;[198,174,190,32,189,130,6,38,61,163,199,49,12,112,167,15,16,4,147,28,24,150,20,9,176,3,157,183,37,138,126,115,1,74,34,35,93,194,8,154,166,113,188,55,44,45,131,185,68,123,50,86,52,91,69,164,53,59,11,57,132,75,175,62,120,89,2,67,56,10,90,88,156,73,41,114,47,165,153,26,172,60,145,196,84,85,66,118,124,51,29,191,197,168,14,187,128,27,178,33,100,111,122,151,139,105,180,107,148,30,64,96,76,134,99,173,116,63,42,80,169,142,19,81,25,125,192,127,101,129,43,181,186,95,103,143,136,137,18,0,146,48,31,82,144,121,162,171,149,193,78,98,39,94,46,155,17,21,108,159,109,135,140,106,65,87,13,170,152,22,133,7,77,79,117,102,110,177,40,179,58,161,182,36,195,83,158,54,119,72,71,23,5,141,97,184,70,104,92,160,];False
5239;8175;13414;[198,174,190,32,189,130,6,38,61,163,199,49,12,112,167,15,16,4,147,0,145,150,20,56,176,3,157,183,37,138,126,115,1,74,34,35,93,28,8,154,166,113,188,55,44,45,131,185,68,123,50,86,52,91,69,88,53,59,11,57,132,7,175,62,120,89,2,67,48,63,90,164,156,73,41,114,47,165,153,26,77,60,24,196,84,85,125,118,124,51,29,191,197,168,14,187,128,27,178,33,100,111,122,151,139,105,180,107,148,30,64,96,76,134,99,173,116,10,42,80,169,142,19,81,25,66,192,127,101,129,43,181,186,170,103,143,136,137,18,194,146,9,31,82,144,121,162,171,149,193,78,98,39,94,46,155,17,21,108,159,109,135,140,106,65,87,13,95,152,22,133,75,172,79,117,102,110,177,40,179,58,161,182,36,195,83,158,54,119,72,71,23,5,141,97,184,70,104,92,160,];False
5338;8074;13412;[198,174,190,32,189,130,6,38,61,163,199,49,12,112,167,15,16,4,147,28,24,150,20,9,176,3,157,183,37,138,126,115,1,74,34,35,93,194,8,154,166,113,188,55,44,45,131,185,68,123,50,86,52,91,69,164,53,59,11,57,132,7,175,62,120,89,2,67,56,63,90,88,156,73,41,114,47,165,153,26,172,60,145,196,84,23,66,118,124,51,29,191,197,168,14,187,128,27,178,33,100,111,122,151,139,105,180,107,148,30,64,96,76,134,99,173,116,10,42,80,169,142,19,81,25,125,192,127,101,129,43,181,186,170,103,143,136,137,18,0,146,48,31,82,144,121,162,171,149,193,78,98,39,94,46,155,17,21,108,159,109,135,140,106,65,87,13,95,152,22,133,75,77,79,117,102,110,177,40,179,58,161,182,36,195,83,158,54,119,72,71,85,5,141,97,184,70,104,92,160,];False
5291;8120;13411;[198,174,190,32,189,130,6,38,61,163,199,49,12,112,167,15,16,4,147,28,24,150,20,56,176,3,157,183,37,138,126,191,1,74,34,35,93,0,8,154,166,113,188,55,44,45,131,185,68,123,50,86,52,91,69,88,53,59,11,57,132,7,175,62,120,89,2,67,48,63,90,164,156,73,41,114,47,165,153,26,77,60,145,196,84,85,66,118,124,51,29,115,197,168,14,187,128,27,178,33,100,111,122,151,139,105,180,107,148,30,64,96,76,134,99,173,116,10,42,80,169,142,19,81,25,125,192,127,101,129,43,181,186,170,103,143,136,137,18,194,146,9,31,82,144,121,162,171,149,193,78,98,39,94,46,155,17,21,108,159,109,135,140,106,65,87,13,95,152,22,133,75,172,79,117,102,110,177,40,179,58,161,182,36,195,83,158,54,119,72,71,23,5,141,97,184,70,104,92,160,];False
5324;8087;13411;[198,174,190,32,189,130,6,38,61,163,199,49,12,112,167,15,16,4,147,28,24,150,20,9,176,3,157,183,108,138,126,115,1,74,34,35,93,194,8,154,166,113,188,55,44,45,131,185,68,123,50,86,52,91,69,164,53,59,11,57,132,75,175,62,120,89,2,67,56,10,90,88,156,73,41,114,47,165,153,26,172,60,145,196,84,85,66,118,124,51,29,191,197,168,14,187,128,27,178,33,100,111,122,151,139,105,180,107,148,30,64,96,76,134,99,173,116,63,42,80,169,142,19,81,25,125,192,127,101,129,43,181,186,170,103,143,136,137,18,0,146,48,31,82,144,121,162,171,149,193,78,98,39,94,46,155,17,21,37,159,109,135,140,106,65,87,13,95,152,22,133,7,77,79,117,102,110,177,40,179,58,161,182,36,195,83,158,54,119,72,71,23,5,141,97,184,70,104,92,160,];False
5323;8087;13410;[198,174,190,32,189,130,6,38,61,163,199,49,12,112,167,15,16,4,147,28,24,150,20,9,176,3,157,183,37,138,126,115,1,74,34,35,93,194,8,154,166,113,188,193,44,45,131,185,68,123,50,86,52,91,69,164,53,59,11,57,132,75,175,62,120,89,2,67,56,10,90,88,156,73,41,114,47,165,153,26,172,60,145,196,84,85,66,118,124,51,29,191,197,168,14,187,128,27,178,33,100,111,122,151,139,105,180,107,148,30,64,96,76,134,99,173,116,63,42,80,169,142,19,81,25,125,192,127,101,129,43,181,186,170,103,143,136,137,18,0,146,48,31,82,144,121,162,171,149,55,78,98,39,94,46,155,17,21,108,159,109,135,140,106,65,87,13,95,152,22,133,7,77,79,117,102,110,177,40,179,58,161,182,36,195,83,158,54,119,72,71,23,5,141,97,184,70,104,92,160,];False
5280;8130;13410;[198,174,190,32,189,130,6,38,61,163,199,49,12,112,167,15,16,4,147,28,24,150,20,56,176,3,157,183,37,138,126,115,1,74,34,35,93,0,8,154,166,113,188,55,44,45,131,185,68,123,50,86,52,91,69,88,53,59,11,57,132,165,175,62,120,89,2,67,48,63,90,164,156,73,41,114,47,7,153,26,77,60,145,196,84,85,66,118,124,51,29,191,197,168,14,187,128,27,178,33,100,111,122,151,139,105,180,107,148,30,64,96,76,134,99,173,116,10,42,80,169,142,19,81,25,125,192,127,101,129,43,181,186,170,103,143,136,137,18,194,146,9,31,82,144,121,162,171,149,193,78,98,39,94,46,155,17,21,108,159,109,135,140,106,65,87,13,95,152,22,133,75,172,79,117,102,110,177,40,179,58,161,182,36,195,83,158,54,119,72,71,23,5,141,97,184,70,104,92,160,];False
5281;8129;13410;[198,174,190,32,189,130,6,38,61,163,199,49,12,112,167,15,16,4,147,28,24,150,20,9,176,3,157,183,37,138,126,115,1,74,34,35,93,194,8,154,166,113,188,55,44,45,131,185,68,123,50,86,52,91,69,164,53,59,11,57,132,75,175,62,120,89,2,67,56,10,90,88,156,73,41,114,47,165,153,26,172,60,145,196,84,85,66,118,77,51,29,191,197,168,14,187,128,27,178,33,100,111,122,151,139,105,180,107,148,30,64,96,76,134,99,173,116,63,42,80,169,142,19,81,25,125,192,127,101,129,43,181,186,170,103,143,136,137,18,0,146,48,31,82,144,121,162,171,149,193,78,98,39,94,46,155,17,21,108,159,109,135,140,106,65,87,13,95,152,22,133,7,124,79,117,102,110,177,40,179,58,161,182,36,195,83,158,54,119,72,71,23,5,141,97,184,70,104,92,160,];False
5238;8172;13410;[198,174,190,32,189,130,6,38,61,150,199,49,12,112,167,15,16,4,147,28,24,163,20,56,176,3,157,183,37,138,126,115,1,74,34,35,93,0,8,154,166,113,188,55,44,45,131,185,68,123,50,86,52,91,69,88,53,59,11,57,132,7,175,62,120,89,2,67,48,63,90,164,156,73,41,114,47,165,153,26,77,60,145,196,84,85,66,118,124,51,29,191,197,168,14,187,128,27,178,33,100,111,122,151,139,105,180,107,148,30,64,96,76,134,99,173,116,10,42,80,169,142,19,81,25,125,192,127,101,129,43,181,186,170,103,143,136,137,18,194,146,9,31,82,144,121,162,171,149,193,78,98,39,94,46,155,17,21,108,159,109,135,140,106,65,87,13,95,152,22,133,75,172,79,117,102,110,177,40,179,58,161,182,36,195,83,158,54,119,72,71,23,5,141,97,184,70,104,92,160,];False
5244;8165;13409;[198,174,190,32,189,130,6,38,61,163,199,49,12,112,167,15,16,4,147,28,24,150,20,56,176,3,157,183,37,138,126,115,1,74,34,35,93,0,8,154,166,113,188,55,44,45,131,185,68,123,50,86,52,91,69,88,53,59,11,57,132,7,175,62,120,89,2,67,48,63,90,164,156,73,41,114,47,165,153,26,77,60,145,196,84,85,66,118,124,51,29,191,197,168,14,187,128,27,178,33,100,111,122,151,139,105,180,107,148,30,64,96,76,134,99,173,116,10,42,80,169,142,19,81,25,125,192,127,101,129,43,181,186,170,103,143,136,137,18,194,146,9,31,82,144,121,162,171,149,193,78,98,39,94,46,155,17,21,108,159,109,135,140,106,65,87,13,95,152,22,133,75,172,79,117,102,110,177,40,179,58,161,182,36,195,83,119,54,158,72,71,23,5,141,97,184,70,104,92,160,];False
5330;8078;13408;[198,174,190,32,189,130,6,38,61,163,199,49,12,112,167,15,16,4,147,28,24,150,20,9,176,3,157,183,37,138,126,115,1,74,34,35,93,194,8,154,166,113,188,55,44,45,131,185,68,123,50,86,52,91,69,164,53,59,11,57,132,75,175,62,120,89,2,67,56,10,90,88,156,73,41,114,47,165,153,26,172,60,145,196,84,85,66,118,124,51,29,191,197,168,14,187,128,27,178,33,100,111,122,151,139,105,180,107,148,30,64,96,76,134,99,173,116,63,42,80,169,142,19,193,25,125,192,127,101,129,43,181,186,170,103,143,136,137,18,0,146,48,31,82,144,121,162,171,149,81,78,98,39,94,46,155,17,21,108,159,109,135,140,106,65,87,13,95,152,22,133,7,77,79,117,102,110,177,40,179,58,161,182,36,195,83,158,54,119,72,71,23,5,141,97,184,70,104,92,160,];False
5324;8084;13408;[198,174,190,32,189,130,6,38,61,163,199,49,12,112,167,15,16,4,147,28,24,150,20,9,176,3,157,183,37,138,126,115,1,74,34,35,93,194,8,154,166,18,188,55,44,45,131,185,68,123,50,86,52,91,69,164,53,59,11,57,132,7,175,62,120,89,2,67,56,63,90,88,156,73,41,114,47,165,153,26,172,60,145,196,84,85,66,118,124,51,29,191,197,168,14,187,128,27,178,33,100,111,122,151,139,105,180,107,148,30,64,96,76,134,99,173,116,10,42,80,169,142,19,81,25,125,192,127,101,129,43,181,186,170,103,143,136,137,113,0,146,48,31,82,144,121,162,171,149,193,78,98,39,94,46,155,17,21,108,159,109,135,140,106,65,87,13,95,152,22,133,75,77,79,117,102,110,177,40,179,58,161,182,36,195,83,158,54,119,72,71,23,5,141,97,184,70,104,92,160,];False
5284;8124;13408;[198,174,190,32,151,130,6,38,61,163,199,49,12,112,167,15,16,4,147,28,24,150,20,56,176,3,157,183,37,138,126,115,1,74,34,35,93,0,8,154,166,113,188,55,44,45,131,185,68,123,50,86,52,91,69,88,53,59,11,57,132,7,175,62,120,89,2,67,48,63,90,164,156,73,41,114,47,165,153,26,77,60,145,196,84,85,66,118,124,51,29,191,197,168,14,187,128,27,178,33,100,111,122,189,139,105,180,107,148,30,64,96,76,134,99,173,116,10,42,80,169,142,19,81,25,125,192,127,101,129,43,181,186,170,103,143,136,137,18,194,146,9,31,82,144,121,162,171,149,193,78,98,39,94,46,155,17,21,108,159,109,135,140,106,65,87,13,95,152,22,133,75,172,79,117,102,110,177,40,179,58,161,182,36,195,83,158,54,119,72,71,23,5,141,97,184,70,104,92,160,];False
5325;8083;13408;[198,174,190,32,189,130,6,38,61,163,199,49,12,112,167,15,16,4,147,28,24,150,20,9,176,3,157,183,37,138,126,115,1,74,34,35,93,194,8,154,166,113,188,55,44,45,131,185,68,123,50,86,52,91,69,164,53,59,11,57,132,7,175,62,120,89,2,67,14,63,90,88,156,73,41,114,47,165,153,26,172,60,145,196,84,85,66,118,124,51,29,191,197,168,56,187,128,27,178,33,100,111,122,151,139,105,180,107,148,30,64,96,76,134,99,173,116,10,42,80,169,142,19,81,25,125,192,127,101,129,43,181,186,170,103,143,136,137,18,0,146,48,31,82,144,121,162,171,149,193,78,98,39,94,46,155,17,21,108,159,109,135,140,106,65,87,13,95,152,22,133,75,77,79,117,102,110,177,40,179,58,161,182,36,195,83,158,54,119,72,71,23,5,141,97,184,70,104,92,160,];False
5304;8102;13406;[198,174,190,32,189,130,6,38,61,163,35,49,12,112,167,15,16,4,147,28,24,150,20,9,176,3,157,183,37,138,126,115,1,74,34,199,93,194,8,154,166,113,188,55,44,45,131,185,68,123,50,86,52,91,69,164,53,59,11,57,132,7,175,62,120,89,2,67,56,63,90,88,156,73,41,114,47,165,153,26,172,60,145,196,84,85,66,118,124,51,29,191,197,168,14,187,128,27,178,33,100,111,122,151,139,105,180,107,148,30,64,96,76,134,99,173,116,10,42,80,169,142,19,81,25,125,192,127,101,129,43,181,186,170,103,143,136,137,18,0,146,48,31,82,144,121,162,171,149,193,78,98,39,94,46,155,17,21,108,159,109,135,140,106,65,87,13,95,152,22,133,75,77,79,117,102,110,177,40,179,58,161,182,36,195,83,158,54,119,72,71,23,5,141,97,184,70,104,92,160,];False
5332;8072;13404;[198,174,190,32,189,130,6,38,61,163,199,49,12,112,167,15,16,4,147,28,24,150,20,9,176,3,157,183,37,138,126,75,1,74,34,35,93,194,8,154,166,113,188,55,44,45,131,185,68,123,50,86,52,91,69,164,53,59,11,57,132,7,175,62,120,89,2,67,56,63,90,88,156,73,41,114,47,165,153,26,172,60,145,196,84,85,66,118,124,51,29,191,197,168,14,187,128,27,178,33,100,111,122,151,139,105,180,107,148,30,64,96,76,134,99,173,116,10,42,80,169,142,19,81,25,125,192,127,101,129,43,181,186,170,103,143,136,137,18,0,146,48,31,82,144,121,162,171,149,193,78,98,39,94,46,155,17,21,108,159,109,135,140,106,65,87,13,95,152,22,133,115,77,79,117,102,110,177,40,179,58,161,182,36,195,83,158,54,119,72,71,23,5,141,97,184,70,104,92,160,];False
5265;8139;13404;[198,174,190,32,189,130,6,38,61,163,199,49,12,112,167,15,16,4,147,28,24,150,20,56,176,3,157,183,37,138,126,115,1,74,34,35,93,0,8,154,166,113,188,55,44,45,131,185,68,123,50,86,52,91,69,88,53,59,11,57,132,7,175,62,120,89,2,67,48,63,90,164,156,73,41,114,47,165,153,26,77,60,145,196,193,85,66,118,124,51,29,191,197,168,14,187,128,27,178,33,100,111,122,151,139,105,180,107,148,30,64,96,76,134,99,173,116,10,42,80,169,142,19,81,25,125,192,127,101,129,43,181,186,170,103,143,136,137,18,194,146,9,31,82,144,121,162,171,149,84,78,98,39,94,46,155,17,21,108,159,109,135,140,106,65,87,13,95,152,22,133,75,172,79,117,102,110,177,40,179,58,161,182,36,195,83,158,54,119,72,71,23,5,141,97,184,70,104,92,160,];False
5248;8156;13404;[198,174,190,32,189,130,6,38,61,163,199,49,12,112,167,15,16,4,147,28,24,150,20,9,176,3,157,183,37,138,126,115,1,74,34,35,93,0,8,154,166,113,188,55,44,45,131,185,68,123,50,86,52,91,69,164,53,59,11,57,132,48,175,62,120,89,2,67,56,63,90,88,156,73,41,114,47,165,153,26,77,60,145,196,84,85,66,118,124,51,29,191,197,168,14,187,128,27,178,33,100,111,122,151,139,105,180,107,148,30,64,96,76,134,99,173,116,10,42,80,169,142,19,81,25,125,192,127,101,129,43,181,186,170,103,143,136,137,18,194,146,7,31,82,144,121,162,171,149,193,78,98,39,94,46,155,17,21,108,159,109,135,140,106,65,87,13,95,152,22,133,75,172,79,117,102,110,177,40,179,58,161,182,36,195,83,158,54,119,72,71,23,5,141,97,184,70,104,92,160,];False
5250;8153;13403;[198,174,190,32,189,130,6,38,61,163,199,49,12,112,167,15,16,4,147,28,24,150,20,56,176,3,157,183,37,138,126,115,1,74,34,35,93,0,8,154,166,113,188,55,44,45,131,185,68,123,50,86,52,91,69,88,53,59,11,57,132,7,175,62,120,89,2,67,48,63,90,164,156,73,41,114,47,165,153,26,77,60,145,196,84,85,66,118,124,51,29,191,197,168,14,187,128,27,178,33,100,111,122,151,139,10,180,107,148,30,64,96,76,134,99,173,116,105,42,80,169,142,19,81,25,125,192,127,101,129,43,181,186,170,103,143,136,137,18,194,146,9,31,82,144,121,162,171,149,193,78,98,39,94,46,155,17,21,108,159,109,135,140,106,65,87,13,95,152,22,133,75,172,79,117,102,110,177,40,179,58,161,182,36,195,83,158,54,119,72,71,23,5,141,97,184,70,104,92,160,];False
5306;8097;13403;[198,174,190,32,189,130,6,38,61,163,199,49,12,112,167,15,16,4,147,28,24,150,20,9,176,3,157,183,37,138,126,115,1,74,34,35,93,194,8,154,166,113,188,55,44,45,131,185,68,123,50,86,52,91,69,164,53,59,11,57,132,75,175,62,120,89,2,67,56,10,90,88,156,118,41,114,47,165,153,26,172,60,145,196,84,85,66,73,124,51,29,191,197,168,14,187,128,27,178,33,100,111,122,151,139,105,180,107,148,30,64,96,76,134,99,173,116,63,42,80,169,142,19,81,25,125,192,127,101,129,43,181,186,170,103,143,136,137,18,0,146,48,31,82,144,121,162,171,149,193,78,98,39,94,46,155,17,21,108,159,109,135,140,106,65,87,13,95,152,22,133,7,77,79,117,102,110,177,40,179,58,161,182,36,195,83,158,54,119,72,71,23,5,141,97,184,70,104,92,160,];False
5260;8143;13403;[198,174,190,32,189,130,6,38,61,163,199,49,12,112,167,15,16,4,147,28,24,150,20,9,176,3,157,183,37,138,126,115,1,74,34,35,93,194,8,154,166,113,188,55,44,45,131,185,68,123,50,86,52,91,69,164,53,59,11,57,132,75,175,62,120,89,2,67,56,10,90,88,156,73,41,114,47,165,153,26,172,60,145,196,84,85,66,118,124,51,29,191,197,168,14,187,128,27,178,33,100,111,122,151,139,105,180,107,148,30,64,96,76,134,99,173,116,63,42,80,169,142,19,81,25,125,192,127,101,129,43,181,186,170,103,143,136,137,18,0,146,48,92,82,144,121,162,171,149,193,78,98,39,94,46,22,17,21,108,159,109,135,140,106,65,87,13,95,152,155,133,7,77,83,117,102,110,177,40,179,58,161,182,36,195,79,158,54,119,72,71,23,5,141,97,184,70,104,31,160,];False
5298;8104;13402;[198,174,190,32,189,130,6,38,61,163,199,49,12,112,167,15,16,4,147,28,24,150,20,9,176,3,157,183,37,138,126,115,1,74,34,35,93,194,8,154,166,113,188,55,44,45,131,185,68,123,50,86,52,91,69,164,53,59,11,57,132,75,175,62,120,89,2,67,56,10,90,88,156,73,41,114,47,165,153,26,172,60,145,196,84,85,66,118,124,51,29,191,197,168,14,187,128,27,178,33,100,111,122,151,139,105,180,107,148,30,64,96,170,134,99,173,116,63,42,80,169,142,19,81,25,125,192,127,101,129,43,181,186,76,103,143,136,137,18,0,146,48,92,82,144,121,162,171,149,193,78,98,39,94,46,155,17,21,108,159,109,135,140,106,65,87,13,95,152,22,133,7,77,79,117,102,110,177,40,179,58,161,182,36,195,83,158,54,119,72,71,23,5,141,97,184,70,104,31,160,];False
5322;8079;13401;[198,174,190,32,189,130,6,38,61,163,199,49,12,112,167,15,16,4,147,28,24,150,20,9,176,13,157,183,37,138,126,115,1,74,34,35,93,194,8,154,166,113,188,55,44,45,131,185,68,123,50,86,52,91,69,164,53,59,11,57,132,7,175,62,120,89,2,67,56,63,90,88,156,73,41,114,47,165,153,26,172,60,145,196,84,85,66,118,124,51,29,191,197,168,14,187,128,27,178,33,100,111,122,151,139,105,180,107,148,30,64,96,76,134,99,173,116,10,42,80,169,142,19,81,25,125,192,127,101,129,43,181,186,170,103,143,136,137,18,0,146,48,31,82,144,121,162,171,149,193,78,98,39,94,46,155,17,21,108,159,109,135,140,106,65,87,3,95,152,22,133,75,77,79,117,102,110,177,40,179,58,161,182,36,195,83,158,54,119,72,71,23,5,141,97,184,70,104,92,160,];False
5273;8127;13400;[198,174,190,32,189,130,6,38,61,163,199,49,12,112,167,15,16,4,147,28,24,150,20,9,176,3,157,183,37,138,126,115,1,74,34,35,93,194,8,154,166,113,188,55,44,45,131,185,68,123,50,86,52,91,69,164,53,59,11,57,132,75,175,62,120,89,2,67,56,10,90,88,156,73,41,114,47,165,153,26,172,60,145,196,84,85,66,118,124,51,29,191,197,168,14,187,107,27,178,33,100,111,122,151,139,105,180,128,148,30,64,96,76,134,99,173,116,63,42,80,169,142,19,81,25,125,192,127,101,129,43,181,186,170,103,143,136,137,18,0,146,48,31,82,144,121,162,171,149,193,78,98,39,94,46,155,17,21,108,159,109,135,140,106,65,87,13,95,152,22,133,7,77,79,117,102,110,177,40,179,58,161,182,36,195,83,158,54,119,72,71,23,5,141,97,184,70,104,92,160,];False
5303;8095;13398;[198,174,190,32,189,130,6,38,61,163,199,49,12,112,167,15,16,4,147,28,24,150,20,9,176,3,157,183,37,138,126,115,1,74,34,35,93,194,8,154,166,113,188,55,44,45,131,185,68,123,50,86,52,91,69,164,53,59,11,57,132,75,175,62,120,89,2,67,56,10,90,88,156,73,41,114,47,165,153,26,172,60,145,196,84,85,66,118,124,51,29,191,197,168,14,187,128,27,178,33,100,111,122,151,139,105,180,107,87,30,64,96,76,134,99,173,116,63,42,80,169,142,19,81,25,125,192,127,101,129,43,181,186,170,103,143,136,137,18,0,146,48,31,82,144,121,162,171,149,193,78,98,39,94,46,155,17,21,108,159,109,135,140,106,65,148,13,95,152,22,133,7,77,79,117,102,110,177,40,179,58,161,182,36,195,83,158,54,119,72,71,23,5,141,97,184,70,104,92,160,];False
5301;8097;13398;[198,174,190,32,189,130,6,38,61,163,199,49,12,112,167,15,16,4,147,28,24,150,20,9,176,3,157,183,37,138,126,115,1,74,34,35,93,194,8,154,56,113,188,55,44,45,131,185,68,123,50,86,52,91,69,164,53,59,11,57,132,7,175,62,120,89,2,67,166,63,90,88,156,73,41,114,47,165,153,26,172,60,145,196,84,85,66,118,124,51,29,191,197,168,14,187,128,27,178,33,100,111,122,151,139,105,180,107,148,30,64,96,76,134,99,173,116,10,42,80,169,142,19,81,25,125,192,127,101,129,43,181,186,170,103,143,136,137,18,0,146,48,31,82,144,121,162,171,149,193,78,98,39,94,46,155,17,21,108,159,109,135,140,106,65,87,13,95,152,22,133,75,77,79,117,102,110,177,40,179,58,161,182,36,195,83,158,54,119,72,71,23,5,141,97,184,70,104,92,160,];False
5273;8125;13398;[198,174,190,32,22,130,6,38,61,163,199,49,12,112,167,15,16,4,147,28,24,150,20,56,176,3,157,183,37,138,126,115,1,74,34,35,93,0,8,154,166,113,188,55,44,45,131,185,68,123,50,86,52,91,69,88,53,59,11,57,132,7,175,62,120,89,2,67,48,63,90,164,156,73,41,114,47,165,153,26,77,60,145,196,84,85,66,118,124,51,29,191,197,168,14,187,128,27,178,33,100,111,122,151,139,105,180,107,148,30,64,96,76,134,99,173,116,10,42,80,169,142,19,81,25,125,192,127,101,129,43,181,186,170,103,143,136,137,18,194,146,9,31,82,144,121,162,171,149,193,78,98,39,94,46,155,17,21,108,159,109,135,140,106,65,87,13,95,152,189,133,75,172,79,117,102,110,177,40,179,58,161,182,36,195,83,158,54,119,72,71,23,5,141,97,184,70,104,92,160,];False
5330;8067;13397;[198,174,190,32,189,130,6,38,61,163,199,49,12,112,167,15,16,4,147,28,24,150,20,9,176,3,157,183,37,138,126,115,1,74,34,35,93,0,8,154,166,113,188,55,44,45,131,149,68,123,50,86,52,91,69,164,53,59,11,57,132,7,175,62,120,89,2,67,48,63,90,88,156,73,41,114,47,165,153,26,77,60,145,196,84,85,66,118,124,51,29,191,197,168,14,187,128,27,178,33,100,111,122,151,139,105,180,107,148,30,64,96,76,134,99,173,116,10,42,80,169,142,19,81,25,125,192,127,101,129,43,181,186,170,103,143,136,137,18,194,146,56,31,82,144,121,162,171,185,193,78,98,39,94,46,155,17,21,108,159,109,135,140,106,65,87,13,95,152,22,133,75,172,79,117,102,110,177,40,179,58,161,182,36,195,83,158,54,119,72,71,23,5,141,97,184,70,104,92,160,];False
5281;8116;13397;[198,174,190,32,189,130,6,38,61,163,199,49,12,112,167,15,16,4,147,28,24,150,20,56,176,3,157,183,37,138,126,115,1,74,34,35,93,0,8,154,166,113,188,55,44,45,131,185,68,123,50,86,52,91,69,88,53,59,11,57,132,7,175,62,120,89,2,67,48,63,90,164,156,73,41,114,47,165,153,26,77,60,145,196,84,85,66,118,124,51,29,191,197,168,14,187,128,27,178,33,100,111,122,151,139,105,180,107,148,30,64,96,76,134,99,173,116,10,42,80,169,142,19,81,25,125,192,127,101,129,43,181,186,170,103,143,136,137,18,194,146,9,31,82,144,121,162,171,149,193,78,98,39,94,46,155,17,21,108,159,109,135,140,106,65,87,13,95,152,22,23,75,172,79,117,102,110,177,40,179,58,161,182,36,195,83,158,54,119,72,71,133,5,141,97,184,70,104,92,160,];False
5246;8150;13396;[198,174,190,32,189,130,6,38,61,163,199,49,12,112,167,15,16,4,147,0,24,150,20,56,176,3,157,183,37,138,126,115,1,74,34,35,93,28,8,154,166,113,188,55,44,45,131,185,68,123,50,86,52,91,69,88,53,59,11,57,132,7,175,62,120,89,2,67,48,63,90,164,156,73,41,114,47,165,153,26,77,60,145,196,84,85,66,118,124,51,29,191,197,168,14,187,128,27,178,33,100,111,122,151,139,105,180,107,148,30,64,96,76,134,99,173,116,10,42,80,169,142,19,81,25,125,192,127,101,129,43,181,186,170,103,143,136,137,18,194,146,9,31,82,144,121,162,171,149,193,78,98,39,94,46,155,17,21,108,159,109,135,92,106,65,87,13,95,152,22,133,75,172,79,117,102,110,177,40,179,58,161,182,36,195,83,158,54,119,72,71,23,5,141,97,184,70,104,140,160,];False
5232;8164;13396;[198,174,190,32,189,130,6,38,61,163,199,49,12,112,192,15,16,4,147,28,24,150,20,56,176,3,157,183,37,138,126,115,1,74,34,35,93,0,8,154,166,113,188,55,44,45,131,185,68,123,50,86,52,91,69,88,53,59,11,57,132,7,175,62,120,89,2,67,48,63,90,164,156,73,41,114,47,165,153,26,77,60,145,196,84,85,66,118,124,51,29,191,197,168,14,187,128,27,178,33,100,111,122,151,139,105,180,107,148,30,64,96,76,134,99,173,116,10,42,80,169,142,19,81,25,125,167,127,101,129,43,181,186,170,103,143,136,137,18,194,146,9,31,82,144,121,162,171,149,193,78,98,39,94,46,155,17,21,108,159,109,135,140,106,65,87,13,95,152,22,133,75,172,79,117,102,110,177,40,179,58,161,182,36,195,83,158,54,119,72,71,23,5,141,97,184,70,104,92,160,];False
5335;8060;13395;[198,174,190,32,189,130,6,38,61,163,199,49,12,112,167,15,16,4,147,28,24,150,20,9,176,3,157,183,37,138,126,115,144,74,34,35,93,194,8,154,166,113,188,55,44,45,131,185,68,123,50,86,52,91,69,164,53,59,11,57,132,75,175,62,120,89,2,67,56,10,90,88,156,73,41,114,47,165,153,26,172,60,145,196,84,85,66,118,124,51,29,191,197,168,14,187,128,27,178,33,100,111,122,151,139,105,180,107,148,30,64,96,76,134,99,173,116,63,42,80,169,142,19,81,25,125,192,127,101,129,43,181,186,170,103,143,136,137,18,0,146,48,31,82,1,121,162,171,149,193,78,98,39,94,46,155,17,21,108,159,109,135,140,106,65,87,13,95,152,22,133,7,77,79,117,102,110,177,40,179,58,161,182,36,195,83,158,54,119,72,71,23,5,141,97,184,70,104,92,160,];False
5288;8106;13394;[198,174,190,32,189,130,6,38,61,163,199,49,12,112,167,15,16,4,147,28,24,150,20,9,176,3,157,183,37,138,126,115,1,74,34,35,93,194,8,154,166,113,188,55,44,45,131,185,68,123,50,86,52,91,69,164,53,59,11,57,132,7,175,62,120,89,2,67,56,63,90,88,156,73,41,114,47,165,153,26,172,60,145,196,84,85,108,118,124,51,29,191,197,168,14,187,128,27,178,33,100,111,122,151,139,105,180,107,148,30,64,96,76,134,99,173,116,10,42,80,169,142,19,81,25,125,192,127,101,129,43,181,186,170,103,143,136,137,18,0,146,48,31,82,144,121,162,171,149,193,78,98,39,94,46,155,17,21,66,159,109,135,140,106,65,87,13,95,152,22,133,75,77,79,117,102,110,177,40,179,58,161,182,36,195,83,158,54,119,72,71,23,5,141,97,184,70,104,92,160,];False
5294;8100;13394;[198,174,190,32,189,130,6,38,61,163,199,49,12,112,167,15,16,4,147,28,24,150,20,9,176,3,157,183,37,138,126,115,1,74,34,35,93,194,8,154,166,113,188,145,44,45,131,185,68,123,50,86,52,91,69,164,53,59,11,57,132,75,175,62,120,89,2,67,56,10,90,88,156,73,41,114,47,165,153,26,172,60,55,196,84,85,66,118,124,51,29,191,197,168,14,187,128,27,178,33,100,111,122,151,139,105,180,107,148,30,64,96,76,134,99,173,116,63,42,80,169,142,19,81,25,125,192,127,101,129,43,181,186,170,103,143,136,137,18,0,146,48,31,82,144,121,162,171,149,193,78,98,39,94,46,155,17,21,108,159,109,135,140,106,65,87,13,95,152,22,133,7,77,79,117,102,110,177,40,179,58,161,182,36,195,83,158,54,119,72,71,23,5,141,97,184,70,104,92,160,];False
5318;8076;13394;[198,174,190,32,189,130,6,38,61,163,199,49,12,112,167,15,16,4,147,28,24,150,20,9,176,3,157,183,37,138,126,115,1,74,34,35,93,194,8,154,166,113,188,55,44,45,131,185,68,123,50,86,52,91,69,164,53,59,11,57,132,75,175,62,120,89,2,67,56,10,90,88,156,73,41,114,47,165,153,26,172,60,145,196,84,85,66,118,124,51,29,191,197,168,14,187,128,27,178,33,100,111,122,151,139,105,180,107,148,30,64,96,76,134,99,173,116,63,42,80,169,142,19,81,25,125,192,127,101,129,43,181,186,161,103,143,136,137,18,0,146,48,31,82,144,121,162,171,149,193,78,98,39,94,46,155,17,21,108,159,109,135,140,106,65,87,13,95,152,22,133,7,77,79,117,102,110,177,40,179,58,170,182,36,195,83,158,54,119,72,71,23,5,141,97,184,70,104,92,160,];False
5287;8106;13393;[198,174,190,32,189,130,6,38,61,163,199,49,12,112,167,15,16,4,147,28,24,150,20,9,176,3,157,183,37,138,126,115,1,74,34,35,93,0,8,154,166,113,188,55,44,45,131,185,68,123,50,86,52,91,69,140,53,59,11,57,132,7,175,62,120,89,2,67,56,63,90,88,156,73,41,114,47,165,153,26,172,60,145,196,84,85,66,118,124,51,29,191,197,168,14,187,128,27,178,33,100,111,122,151,139,105,180,107,148,30,64,96,76,134,99,173,116,10,42,80,169,142,19,81,25,125,192,127,101,129,43,181,186,170,103,143,136,137,18,194,146,48,31,82,144,121,162,171,149,193,78,98,39,94,46,155,17,21,108,159,109,135,164,106,65,87,13,95,152,22,133,75,77,79,117,102,110,177,40,179,58,161,182,36,195,83,158,54,119,72,71,23,5,141,97,184,70,104,92,160,];False
5288;8105;13393;[198,174,190,32,189,130,111,38,61,163,199,49,12,112,167,15,16,4,147,28,24,150,20,9,176,3,157,183,37,138,126,115,1,74,34,35,93,194,8,154,166,113,188,55,44,45,131,185,68,123,50,86,52,91,69,164,53,59,11,57,132,75,175,62,120,89,2,67,56,10,90,88,156,73,41,114,47,165,153,26,172,60,145,196,84,85,66,118,124,51,29,191,197,168,14,187,128,27,178,33,100,6,122,151,139,105,180,107,148,30,64,96,76,134,99,173,116,63,42,80,169,142,19,81,25,125,192,127,101,129,43,181,186,170,103,143,136,137,18,0,146,48,92,82,144,121,162,171,149,193,78,98,39,94,46,155,17,21,108,159,109,135,140,106,65,87,13,95,152,22,133,7,77,83,117,102,110,177,40,179,58,161,182,36,195,79,158,54,119,72,71,23,5,141,97,184,70,104,31,160,];False
5314;8079;13393;[198,174,190,32,189,130,6,38,186,163,199,49,12,112,167,15,16,4,147,28,24,150,20,9,176,3,157,183,37,138,126,115,1,74,34,35,93,194,8,154,166,113,188,55,44,45,131,185,68,123,50,86,52,91,69,164,53,59,11,57,132,7,175,62,120,89,2,67,56,63,90,88,156,73,41,114,47,165,153,26,172,60,145,196,84,85,66,118,124,51,29,191,197,168,14,187,128,27,178,33,100,111,122,151,139,105,180,107,148,30,64,96,76,134,99,173,116,10,42,80,169,142,19,81,25,125,192,127,101,129,43,181,61,170,103,143,136,137,18,0,146,48,31,82,144,121,162,171,149,193,78,98,39,94,46,155,17,21,108,159,109,135,140,106,65,87,13,95,152,22,133,75,77,79,117,102,110,177,40,179,58,161,182,36,195,83,158,54,119,72,71,23,5,141,97,184,70,104,92,160,];False
5297;8096;13393;[198,174,190,32,189,130,6,38,61,163,199,49,12,112,167,15,16,4,147,28,24,150,20,9,176,3,157,183,37,138,126,115,1,74,34,35,93,194,8,154,166,113,188,55,44,45,131,185,68,123,50,86,52,91,69,164,53,59,11,57,132,7,175,62,120,89,2,67,56,10,90,88,156,73,41,114,47,165,153,26,172,60,145,196,84,85,66,118,124,51,29,191,197,168,14,187,128,27,178,33,100,111,122,151,139,105,180,107,148,30,64,96,76,134,99,173,116,63,42,80,169,142,19,81,25,125,192,127,101,129,43,181,186,170,103,104,136,137,18,0,146,48,31,82,144,121,162,171,149,193,78,98,39,94,46,155,17,21,108,159,109,135,140,106,65,87,13,95,152,22,133,75,77,79,117,102,110,177,40,179,58,161,182,36,195,83,158,54,119,72,71,23,5,141,97,184,70,143,92,160,];False
5307;8085;13392;[198,174,190,32,189,130,6,38,61,163,199,49,12,112,167,15,16,4,147,28,24,150,20,9,176,3,157,183,37,138,126,115,1,74,34,35,93,194,8,154,166,113,188,55,44,45,131,185,68,123,50,86,52,91,69,164,53,59,11,57,132,7,175,62,120,89,2,67,56,63,90,88,156,73,41,114,47,165,153,26,172,60,145,196,84,85,66,118,124,51,29,191,197,168,14,187,128,27,178,33,100,111,122,151,139,105,180,107,148,30,64,96,76,134,99,173,116,10,42,80,169,142,19,81,25,125,192,127,101,129,72,181,186,170,103,143,136,137,18,0,146,48,31,82,144,121,162,171,149,193,78,98,39,94,46,155,17,21,108,159,109,135,140,106,65,87,13,95,152,22,133,75,77,79,117,102,110,177,40,179,58,161,182,36,195,83,158,54,119,43,71,23,5,141,97,184,70,104,92,160,];False
5306;8084;13390;[198,174,190,32,189,130,6,38,61,163,199,49,12,112,167,15,16,4,147,28,24,150,20,9,176,3,157,183,37,138,126,115,1,74,34,35,93,194,8,154,166,113,188,55,44,45,131,185,68,123,50,86,52,91,146,164,53,59,11,57,132,75,175,62,120,89,2,67,56,10,90,88,156,73,41,114,47,165,153,26,172,60,145,196,84,85,66,118,124,51,29,191,197,168,14,187,128,27,178,33,100,111,122,151,139,105,180,107,148,30,64,96,76,134,99,173,116,63,42,80,169,142,19,81,25,125,192,127,101,129,43,181,186,170,103,143,136,137,18,0,69,48,31,82,144,121,162,171,149,193,78,98,39,94,46,155,17,21,108,159,109,135,140,106,65,87,13,95,152,22,133,7,77,79,117,102,110,177,40,179,58,161,182,36,195,83,158,54,119,72,71,23,5,141,97,184,70,104,92,160,];False
5247;8143;13390;[198,174,190,32,189,130,6,38,61,163,199,49,12,112,167,15,16,4,147,28,24,150,20,56,176,3,157,183,159,138,126,115,1,74,34,35,93,0,8,154,166,113,188,55,44,45,131,185,68,123,50,86,52,91,69,88,53,59,11,57,132,7,175,62,120,89,2,67,48,63,90,164,156,73,41,114,47,165,153,26,77,60,145,196,84,85,66,118,124,51,29,191,197,168,14,187,128,27,178,33,100,111,122,151,139,105,180,107,148,30,64,96,76,134,99,173,116,10,42,80,169,142,19,81,25,125,192,127,101,129,43,181,186,170,103,143,136,137,18,194,146,9,31,82,144,121,162,171,149,193,78,98,39,94,46,155,17,21,108,37,109,135,140,106,65,87,13,95,152,22,133,75,172,79,117,102,110,177,40,179,58,161,182,36,195,83,158,54,119,72,71,23,5,141,97,184,70,104,92,160,];False
5208;8182;13390;[198,174,190,32,189,130,6,38,61,163,199,49,12,112,167,15,16,4,147,28,24,150,20,56,176,3,157,183,37,138,126,115,1,74,34,35,93,0,8,154,166,113,188,55,44,45,131,185,68,123,50,86,52,91,69,88,53,59,11,57,132,7,175,62,120,89,2,67,48,63,90,164,156,73,41,114,47,165,153,26,77,60,145,196,84,85,66,118,124,51,29,191,197,168,14,187,128,27,178,33,100,111,122,151,139,105,180,107,148,30,64,96,76,134,99,173,116,10,42,80,169,142,19,81,25,125,192,127,101,129,43,181,186,170,103,143,136,137,18,194,146,9,31,82,144,121,162,171,149,193,78,98,39,94,46,155,17,21,108,159,109,135,140,106,65,87,13,95,152,22,133,75,172,79,117,102,110,177,40,179,58,161,182,36,70,83,158,54,119,72,71,23,5,141,97,184,195,104,92,160,];False
5247;8141;13388;[198,174,190,32,189,130,6,38,61,163,199,49,12,112,167,15,16,4,147,28,24,150,20,9,176,3,157,183,37,138,126,115,1,74,34,35,93,194,8,154,166,113,188,55,44,45,131,185,68,123,50,86,52,91,69,164,53,59,11,57,132,7,175,62,120,89,2,67,56,10,90,88,156,73,41,114,47,165,153,26,172,60,145,196,84,85,66,118,124,51,29,191,197,168,14,187,128,27,178,33,100,111,122,151,139,105,180,107,148,30,64,96,76,134,99,173,116,63,42,80,169,142,19,81,25,125,192,127,101,129,43,181,186,170,103,143,136,137,18,0,146,48,31,82,144,121,162,17,149,193,78,98,39,94,46,155,171,21,108,159,109,135,140,106,65,87,13,95,152,22,133,75,77,79,117,102,110,177,40,179,58,161,182,36,195,83,158,54,119,72,71,23,5,141,97,184,70,104,92,160,];False
5274;8112;13386;[198,174,190,32,189,130,6,38,61,163,199,49,12,112,167,15,16,4,147,28,24,150,20,9,176,3,157,183,37,138,126,115,1,74,34,35,93,194,8,154,166,113,188,55,44,45,131,185,68,123,50,86,52,91,69,164,53,59,11,57,132,75,175,197,120,89,2,67,56,10,90,88,156,73,41,114,47,165,153,26,172,60,145,196,84,85,66,118,124,51,29,191,62,168,14,187,128,27,178,33,100,111,122,151,139,105,180,107,148,30,64,96,76,134,99,173,116,63,42,80,169,142,19,81,25,125,192,127,101,129,43,181,186,170,103,143,136,137,18,0,146,48,31,82,144,121,162,171,149,193,78,98,39,94,46,155,17,21,108,159,109,135,140,106,65,87,13,95,152,22,133,7,77,79,117,102,110,177,40,179,58,161,182,36,195,83,158,54,119,72,71,23,5,141,97,184,70,104,92,160,];False
5294;8091;13385;[198,174,190,32,189,130,6,38,61,163,199,49,12,112,167,15,16,4,147,28,24,150,20,9,176,3,157,183,37,138,126,115,1,74,34,35,93,194,8,154,166,113,188,55,44,45,131,185,68,123,50,86,52,91,69,164,53,59,11,57,132,7,175,62,120,89,2,67,56,63,90,88,156,73,41,114,47,165,153,26,40,60,145,196,84,85,66,118,124,51,29,191,197,168,14,187,128,27,178,33,100,111,122,151,139,105,180,107,148,30,64,96,76,134,99,173,116,10,42,80,169,142,19,81,25,125,192,127,101,129,43,181,186,170,103,143,136,137,18,0,146,48,31,82,144,121,162,171,149,193,78,98,39,94,46,155,17,21,108,159,109,135,140,106,65,87,13,95,152,22,133,75,77,79,117,102,110,177,172,179,58,161,182,36,195,83,158,54,119,72,71,23,5,141,97,184,70,104,92,160,];False
5250;8135;13385;[198,174,190,32,189,130,6,38,61,163,199,49,12,112,167,15,16,4,147,28,24,150,20,9,176,3,157,183,37,138,126,115,1,74,34,35,93,194,8,154,166,113,188,55,44,45,131,185,68,123,50,86,52,91,69,164,53,59,11,57,132,75,121,62,120,89,2,67,56,10,90,88,156,73,41,114,47,165,153,26,172,60,145,196,84,85,66,118,124,51,29,191,197,168,14,187,128,27,178,33,100,111,122,151,139,105,180,107,148,30,64,96,76,134,99,173,116,63,42,80,169,142,19,81,25,125,192,127,101,129,43,181,186,170,103,143,136,137,18,0,146,48,31,82,144,175,162,171,149,193,78,98,39,94,46,155,17,21,108,159,109,135,140,106,65,87,13,95,152,22,133,7,77,79,117,102,110,177,40,179,58,161,182,36,195,83,158,54,119,72,71,23,5,141,97,184,70,104,92,160,];False
5218;8167;13385;[198,174,190,32,189,130,6,38,61,163,199,49,12,112,167,15,16,4,147,28,24,150,20,9,176,3,157,183,37,138,126,115,1,74,34,35,93,194,8,154,166,113,188,55,44,45,131,185,68,123,50,86,52,91,69,164,53,59,11,57,132,75,175,62,120,89,2,67,56,10,90,88,156,73,41,114,47,165,153,26,172,51,145,196,84,85,66,118,124,60,29,191,197,168,14,187,128,27,178,33,100,111,122,151,139,105,180,107,148,30,64,96,76,134,99,173,116,63,42,80,169,142,19,81,25,125,192,127,101,129,43,181,186,170,103,143,136,137,18,0,146,48,31,82,144,121,162,171,149,193,78,98,39,94,46,155,17,21,108,159,109,135,140,106,65,87,13,95,152,22,133,7,77,79,117,102,110,177,40,179,58,161,182,36,195,83,158,54,119,72,71,23,5,141,97,184,70,104,92,160,];False
5306;8076;13382;[198,174,190,32,189,130,6,38,61,163,199,49,12,112,167,15,16,4,147,28,24,150,20,9,176,3,157,183,37,138,126,115,1,74,34,35,93,194,8,154,166,113,188,55,44,45,131,185,68,123,50,86,52,91,69,164,53,59,11,57,132,75,175,62,120,89,2,67,56,10,90,88,156,73,41,114,47,165,0,26,172,60,145,196,84,85,66,118,124,51,29,191,197,168,14,187,128,27,178,33,100,111,122,151,139,105,180,107,148,30,64,96,76,134,99,173,116,63,42,80,169,142,19,81,25,125,192,127,101,129,43,181,186,170,103,143,136,137,18,153,146,48,31,82,144,121,162,171,149,193,78,98,39,94,46,155,17,21,108,159,109,135,140,106,65,87,13,95,152,22,133,7,77,79,117,102,110,177,40,179,58,161,182,36,195,83,158,54,119,72,71,23,5,141,97,184,70,104,92,160,];False
5205;8176;13381;[198,174,190,32,189,130,6,38,61,163,199,49,12,112,167,15,16,4,147,28,24,150,20,56,176,3,157,183,37,138,126,115,1,74,34,35,93,0,8,154,166,113,188,55,44,45,131,185,68,123,50,86,52,91,69,88,53,59,11,57,132,7,175,62,120,89,2,67,48,63,90,164,156,73,41,114,47,165,153,26,77,60,145,196,84,31,66,118,124,51,29,191,197,168,14,187,128,27,178,33,100,111,122,151,139,105,180,107,148,30,64,96,76,134,99,173,116,10,42,80,169,142,19,81,25,125,192,127,101,129,43,181,186,170,103,143,136,137,18,194,146,9,85,82,144,121,162,171,149,193,78,98,39,94,46,155,17,21,108,159,109,135,140,106,65,87,13,95,152,22,133,75,172,79,117,102,110,177,40,179,58,161,182,36,195,83,158,54,119,72,71,23,5,141,97,184,70,104,92,160,];False
5209;8172;13381;[198,174,190,32,189,130,6,38,61,163,199,49,12,112,167,15,16,4,147,0,24,150,20,56,176,3,157,183,37,138,126,115,1,74,34,35,93,28,8,154,166,113,188,55,44,45,131,185,68,123,50,86,52,91,69,88,53,59,11,57,132,7,175,62,120,89,2,67,48,63,90,164,156,73,41,114,47,64,153,26,77,60,145,196,84,85,66,118,124,51,29,191,197,168,14,187,128,27,178,33,100,111,122,151,139,105,180,107,148,30,165,96,76,134,99,173,116,10,42,80,169,142,19,81,25,125,192,127,101,129,43,181,186,170,103,143,136,137,18,194,146,9,31,82,144,121,162,171,149,193,78,98,39,94,46,155,17,21,108,159,109,135,140,106,65,87,13,95,152,22,133,75,172,79,117,102,110,177,40,179,58,161,182,36,195,83,158,54,119,72,71,23,5,141,97,184,70,104,92,160,];False
5256;8124;13380;[198,174,190,32,189,130,6,38,61,163,199,49,12,112,167,15,16,4,147,28,24,150,20,9,176,3,157,183,37,138,126,115,1,74,34,35,93,194,8,154,166,113,188,55,44,45,131,185,68,123,50,86,52,91,69,164,53,59,11,57,132,75,175,62,120,89,2,67,56,10,90,88,156,73,41,114,47,165,153,26,172,60,145,196,84,85,66,118,124,51,29,191,197,168,14,187,128,27,102,33,100,111,122,151,139,105,180,107,148,30,64,96,76,134,99,173,116,63,42,80,169,142,19,81,25,125,192,127,101,129,43,181,186,170,103,143,136,137,18,0,146,48,31,82,144,121,162,171,149,193,78,98,39,94,46,155,17,21,108,159,109,135,140,106,65,87,13,95,152,22,133,7,77,79,117,178,110,177,40,179,58,161,182,36,195,83,158,54,119,72,71,23,5,141,97,184,70,104,92,160,];False
5258;8122;13380;[198,174,190,32,189,130,6,38,61,163,199,49,12,112,167,15,16,4,147,28,24,150,20,9,176,3,157,183,37,138,126,115,1,74,34,35,93,194,8,154,166,113,188,55,44,45,131,185,68,123,182,86,52,91,69,164,53,59,11,57,132,75,175,62,120,89,2,67,56,10,90,88,156,73,41,114,47,165,153,26,172,60,145,196,84,85,66,118,124,51,29,191,197,168,14,187,128,27,178,33,100,111,122,151,139,105,180,107,148,30,64,96,76,134,99,173,116,63,42,80,169,142,19,81,25,125,192,127,101,129,43,181,186,170,103,143,136,137,18,0,146,48,92,82,144,121,162,171,149,193,78,98,39,94,46,155,17,21,108,159,109,135,140,106,65,87,13,95,152,22,133,7,77,79,117,102,110,177,40,179,58,161,50,36,195,83,158,54,119,72,71,23,5,141,97,184,70,104,31,160,];False
5239;8140;13379;[198,174,190,32,189,130,6,38,61,163,199,49,12,112,167,15,16,4,147,28,24,150,20,56,176,3,157,183,37,138,126,115,1,74,34,35,93,0,8,154,166,113,188,55,44,45,131,185,68,123,50,86,52,91,69,88,53,59,11,57,132,7,175,62,120,89,2,67,48,63,90,164,156,73,41,114,47,165,153,26,77,60,145,196,84,85,66,118,124,51,29,191,197,168,14,187,128,27,178,33,100,111,122,151,139,105,180,107,148,30,64,96,76,134,99,173,116,10,42,80,169,142,19,81,25,125,192,127,101,129,43,181,186,170,103,143,136,137,18,194,146,9,31,82,144,121,162,171,149,193,78,98,39,94,46,155,17,21,108,159,109,135,140,106,65,87,13,95,152,22,133,75,172,79,117,102,110,177,40,179,58,161,182,36,195,83,158,54,119,97,71,23,5,141,72,184,70,104,92,160,];False
5255;8123;13378;[198,174,190,32,189,130,6,38,61,163,199,49,12,112,167,15,16,4,147,0,24,150,20,56,176,3,157,183,37,138,126,115,1,74,34,35,93,28,8,154,166,113,188,55,44,45,131,185,68,123,50,86,52,91,69,88,53,59,11,57,132,7,175,62,120,89,2,67,48,63,90,164,156,73,41,114,47,165,153,26,77,60,145,196,84,85,66,118,124,51,29,191,197,168,14,187,128,27,178,33,100,111,122,151,139,105,180,107,148,30,64,96,76,134,99,173,116,10,42,80,169,142,19,81,25,125,192,127,101,129,43,181,186,170,103,143,136,137,18,194,146,9,31,82,144,121,162,171,149,193,78,98,39,94,46,155,17,21,108,159,109,135,140,106,65,87,13,95,152,22,133,75,172,79,117,102,110,177,40,179,58,161,182,36,195,83,158,54,119,72,71,23,5,141,97,184,70,104,92,160,];False
5284;8094;13378;[198,174,190,32,189,130,6,38,61,163,199,49,12,112,167,15,16,4,147,28,24,150,20,9,176,3,157,183,37,138,126,115,1,74,34,35,93,0,8,154,166,113,188,55,44,45,131,185,68,123,50,86,52,91,69,164,53,59,11,57,132,7,175,62,120,89,2,67,56,63,90,88,156,73,41,114,47,165,153,26,77,60,145,196,84,85,66,118,124,46,29,191,197,168,14,187,128,27,178,33,100,111,122,151,139,105,180,107,148,30,64,96,76,134,99,173,116,10,42,80,169,142,19,81,25,125,192,127,101,129,43,181,186,170,103,143,136,137,18,194,146,48,31,82,144,121,162,171,149,193,78,98,39,94,51,155,17,21,108,159,109,135,140,106,65,87,13,95,152,22,133,75,172,79,117,102,110,177,40,179,58,161,182,36,195,83,158,54,119,72,71,23,5,141,97,184,70,104,92,160,];False
5245;8131;13376;[198,174,190,32,189,130,6,38,61,163,199,49,12,112,167,15,16,4,147,28,24,150,20,56,176,3,157,183,37,138,126,115,1,74,34,93,35,0,8,154,166,113,188,55,44,45,131,185,68,123,50,86,52,91,69,88,53,59,11,57,132,7,175,62,120,89,2,67,48,63,90,164,156,73,41,114,47,165,153,26,77,60,145,196,84,85,66,118,124,51,29,191,197,168,14,187,128,27,178,33,100,111,122,151,139,105,180,107,148,30,64,96,76,134,99,173,116,10,42,80,169,142,19,81,25,125,192,127,101,129,43,181,186,170,103,143,136,137,18,194,146,9,31,82,144,121,162,171,149,193,78,98,39,94,46,155,17,21,108,159,109,135,140,106,65,87,13,95,152,22,133,75,172,79,117,102,110,177,40,179,58,161,182,36,195,83,158,54,119,72,71,23,5,141,97,184,70,104,92,160,];False
5239;8136;13375;[198,174,190,32,189,130,6,38,61,163,199,49,12,112,167,15,16,4,147,28,24,150,20,9,176,3,157,183,37,138,126,115,1,74,34,35,93,194,8,154,166,113,188,55,44,45,131,185,68,123,50,86,52,91,69,164,53,59,11,57,132,7,175,62,120,89,2,67,56,10,90,88,156,73,41,114,47,165,153,26,172,60,145,196,84,85,66,118,124,51,29,191,197,168,14,187,128,27,178,33,100,111,122,151,139,105,180,107,148,30,64,96,76,134,99,173,116,63,42,80,169,142,19,81,25,125,192,127,101,129,43,181,186,170,103,143,136,137,18,0,146,48,31,82,144,108,162,171,149,193,78,98,39,94,46,155,17,21,121,159,109,135,140,106,65,87,13,95,152,22,133,75,77,79,117,102,110,177,40,179,58,161,182,36,195,83,158,54,119,72,71,23,5,141,97,184,70,104,92,160,];False
5209;8165;13374;[198,174,190,32,189,130,6,38,61,163,199,49,12,112,167,15,16,4,147,28,24,150,20,56,176,3,157,183,37,138,126,115,1,74,34,35,93,0,8,154,166,113,188,55,44,45,131,185,68,123,50,86,52,91,69,88,53,59,11,57,132,7,175,62,120,89,2,67,48,63,90,164,156,73,41,114,47,165,153,26,77,60,145,196,84,85,66,118,124,51,33,191,197,168,14,187,128,27,178,29,100,111,122,151,139,105,180,107,148,30,64,96,76,134,99,173,116,10,42,80,169,142,19,81,25,125,192,127,101,129,43,181,186,170,103,143,136,137,18,194,146,9,31,82,144,121,162,171,149,193,78,98,39,94,46,155,17,21,108,159,109,135,140,106,65,87,13,95,152,22,133,75,172,79,117,102,110,177,40,179,58,161,182,36,195,83,158,54,119,72,71,23,5,141,97,184,70,104,92,160,];False
5243;8130;13373;[198,174,190,32,189,130,6,38,61,163,199,49,12,112,167,15,16,4,147,28,24,150,20,56,176,3,157,183,37,138,126,115,1,74,34,35,93,0,8,154,67,113,188,55,44,45,131,185,68,123,50,86,52,91,69,88,53,59,11,57,132,7,175,62,120,89,2,166,48,63,90,164,156,73,41,114,47,165,153,26,77,60,145,196,84,85,66,118,124,51,29,191,197,168,14,187,128,27,178,33,100,111,122,151,139,105,180,107,148,30,64,96,76,134,99,173,116,10,42,80,169,142,19,81,25,125,192,127,101,129,43,181,186,170,103,143,136,137,18,194,146,9,31,82,144,121,162,171,149,193,78,98,39,94,46,155,17,21,108,159,109,135,140,106,65,87,13,95,152,22,133,75,172,79,117,102,110,177,40,179,58,161,182,36,195,83,158,54,119,72,71,23,5,141,97,184,70,104,92,160,];False
5289;8083;13372;[198,174,190,32,189,130,6,38,61,163,199,49,12,112,167,15,16,4,147,28,24,150,20,9,176,3,157,183,37,138,126,115,1,74,34,35,93,194,8,154,166,113,188,55,44,45,131,185,68,123,50,86,52,91,69,164,53,59,11,57,132,7,175,62,120,89,2,67,56,10,90,88,156,73,41,114,47,165,153,26,172,60,145,196,84,85,66,118,124,51,29,191,197,168,14,187,128,27,178,33,100,111,122,151,139,105,180,107,148,30,64,96,76,134,99,173,116,63,42,80,169,142,19,81,25,125,192,127,101,129,43,181,186,170,103,143,136,137,18,0,146,48,31,82,144,121,162,171,149,193,78,98,39,94,46,155,17,21,108,71,109,135,140,106,65,87,13,95,152,22,133,75,77,79,117,102,110,177,40,179,58,161,182,36,195,83,158,54,119,72,159,23,5,141,97,184,70,104,92,160,];False
5278;8094;13372;[198,174,127,32,189,130,6,38,61,163,199,49,12,112,167,15,16,4,147,28,24,150,20,9,176,3,157,183,37,138,126,115,1,74,34,35,93,194,8,154,166,113,188,55,44,45,131,185,68,123,50,86,52,91,69,164,53,59,11,57,132,75,175,62,120,89,2,67,56,10,90,88,156,73,41,114,47,165,153,26,172,60,145,196,84,85,66,118,124,51,29,191,197,168,14,187,128,27,178,33,100,111,122,151,139,105,180,107,148,30,64,96,76,134,99,173,116,63,42,80,169,142,19,81,25,125,192,190,101,129,43,181,186,170,103,143,136,137,18,0,146,48,31,82,144,121,162,171,149,193,78,98,39,94,46,155,17,21,108,159,109,135,140,106,65,87,13,95,152,22,133,7,77,79,117,102,110,177,40,179,58,161,182,36,195,83,158,54,119,72,71,23,5,141,97,184,70,104,92,160,];False
5296;8075;13371;[198,174,190,32,189,130,6,38,61,163,199,49,12,112,167,15,16,4,147,28,24,150,20,9,176,3,157,183,37,138,126,115,1,74,34,35,93,194,8,154,166,113,188,55,44,45,131,185,68,123,50,86,52,91,69,164,53,59,11,57,132,75,175,62,120,58,2,67,56,10,90,88,156,73,41,114,47,165,153,26,172,60,145,196,84,85,66,118,124,51,29,191,197,168,14,187,128,27,178,33,100,111,122,151,139,105,180,107,148,30,64,96,76,134,99,173,116,63,42,80,169,142,19,81,25,125,192,127,101,129,43,181,186,170,103,143,136,137,18,0,146,48,31,82,144,121,162,171,149,193,78,98,39,94,46,155,17,21,108,159,109,135,140,106,65,87,13,95,152,22,133,7,77,79,117,102,110,177,40,179,89,161,182,36,195,83,158,54,119,72,71,23,5,141,97,184,70,104,92,160,];False
5261;8109;13370;[198,174,190,32,189,130,6,38,61,163,199,49,12,112,167,15,16,4,147,28,24,150,20,9,176,3,157,183,37,138,126,115,1,74,34,35,93,194,8,154,166,113,188,55,44,45,131,185,68,123,50,86,52,91,69,164,53,59,11,57,132,7,175,62,120,89,2,67,56,63,88,90,156,73,41,114,47,165,153,26,172,60,145,196,84,85,66,118,124,51,29,191,197,168,14,187,128,27,178,33,100,111,122,151,139,105,180,107,148,30,64,96,76,134,99,173,116,10,42,80,169,142,19,81,25,125,192,127,101,129,43,181,186,170,103,143,136,137,18,0,146,48,31,82,144,121,162,171,149,193,78,98,39,94,46,155,17,21,108,159,109,135,140,106,65,87,13,95,152,22,133,75,77,79,117,102,110,177,40,179,58,161,182,36,195,83,158,54,119,72,71,23,5,141,97,184,70,104,92,160,];False
5292;8077;13369;[198,174,190,32,189,130,6,38,61,163,199,49,12,112,167,15,16,4,147,28,24,150,1,9,176,3,157,183,37,138,126,115,20,74,34,35,93,194,8,154,166,113,188,55,44,45,131,185,68,123,50,86,52,91,69,164,53,59,11,57,132,75,175,62,120,89,2,67,56,10,90,88,156,73,41,114,47,165,153,26,172,60,145,196,84,85,66,118,124,51,29,191,197,168,14,187,128,27,178,33,100,111,122,151,139,105,180,107,148,30,64,96,76,134,99,173,116,63,42,80,169,142,19,81,25,125,192,127,101,129,43,181,186,170,103,143,136,137,18,0,146,48,31,82,144,121,162,171,149,193,78,98,39,94,46,155,17,21,108,159,109,135,140,106,65,87,13,95,152,22,133,7,77,79,117,102,110,177,40,179,58,161,182,36,195,83,158,54,119,72,71,23,5,141,97,184,70,104,92,160,];False
5250;8119;13369;[198,174,190,32,189,130,6,38,61,163,199,49,12,112,167,15,16,4,147,28,24,150,20,9,176,3,157,183,37,138,126,115,1,74,34,35,93,0,8,154,166,113,188,55,44,45,131,185,68,123,50,86,52,91,69,164,53,59,11,57,132,7,175,62,120,89,2,67,56,63,90,88,156,73,41,114,47,165,153,26,77,60,145,196,84,85,66,118,124,51,29,191,197,168,14,187,128,27,98,33,100,111,122,151,139,105,180,107,148,30,64,96,76,134,99,173,116,10,42,80,169,142,19,81,25,125,192,127,101,129,43,181,186,170,103,143,136,137,18,194,146,48,31,82,144,121,162,171,149,193,78,178,39,94,46,155,17,21,108,159,109,135,140,106,65,87,13,95,152,22,133,75,172,79,117,102,110,177,40,179,58,161,182,36,195,83,158,54,119,72,71,23,5,141,97,184,70,104,92,160,];False
5293;8075;13368;[198,174,8,32,189,130,6,38,61,163,199,49,12,112,167,15,16,4,147,28,24,150,20,9,176,3,157,183,37,138,126,115,1,74,34,35,93,194,190,154,166,113,188,55,44,45,131,185,68,123,50,86,52,91,69,164,53,59,11,57,132,75,175,62,120,89,2,67,56,10,90,88,156,73,41,114,47,165,153,26,172,60,145,196,84,85,66,118,124,51,29,191,197,168,14,187,128,27,178,33,100,111,122,151,139,105,180,107,148,30,64,96,76,134,99,173,116,63,42,80,169,142,19,81,25,125,192,127,101,129,43,181,186,170,103,143,136,137,18,0,146,48,31,82,144,121,162,171,149,193,78,98,39,94,46,155,17,21,108,159,109,135,140,106,65,87,13,95,152,22,133,7,77,79,117,102,110,177,40,179,58,161,182,36,195,83,158,54,119,72,71,23,5,141,97,184,70,104,92,160,];False
5286;8079;13365;[198,174,190,32,189,130,6,38,61,163,199,49,12,112,167,15,16,4,147,28,24,150,20,9,176,3,157,31,37,138,126,115,1,74,34,35,93,194,8,154,166,113,188,55,44,45,131,185,68,123,50,86,52,91,69,164,53,59,11,57,132,7,175,62,120,89,2,67,56,63,90,88,156,73,41,114,47,165,153,26,172,60,145,196,84,85,66,118,124,51,29,191,197,168,14,187,128,27,178,33,100,111,122,151,139,105,180,107,148,30,64,96,76,134,99,173,116,10,42,80,169,142,19,81,25,125,192,127,101,129,43,181,186,170,103,143,136,137,18,0,146,48,183,82,144,121,162,171,149,193,78,98,39,94,46,155,17,21,108,159,109,135,140,106,65,87,13,95,152,22,133,75,77,79,117,102,110,177,40,179,58,161,182,36,195,83,158,54,119,72,71,23,5,141,97,184,70,104,92,160,];False
5193;8172;13365;[198,174,190,32,189,130,6,38,61,163,199,49,12,112,167,15,16,4,147,0,145,150,20,56,176,3,157,183,37,138,126,115,1,74,34,35,93,28,8,154,166,113,188,55,44,45,131,185,68,123,50,86,52,91,69,88,53,59,11,57,132,7,175,62,120,89,2,67,48,63,90,164,156,73,41,114,47,165,153,26,77,60,24,196,84,85,66,118,124,51,29,191,197,168,14,187,128,27,178,33,100,111,122,151,139,105,180,107,148,30,64,96,76,134,99,173,116,10,42,80,169,142,19,81,25,125,192,127,101,129,43,181,186,170,103,143,136,137,18,194,146,9,31,82,144,121,162,171,149,193,78,98,39,94,46,155,17,21,108,159,109,135,140,106,65,87,13,95,152,22,5,75,172,79,117,102,110,177,40,179,58,161,182,36,195,83,158,54,119,72,71,23,133,141,97,184,70,104,92,160,];False
5270;8094;13364;[198,174,190,32,189,130,6,38,61,163,199,49,12,112,167,15,16,4,147,28,24,150,20,9,176,97,157,183,37,138,126,115,1,74,34,35,93,0,8,154,166,113,188,55,44,45,131,185,68,123,50,86,52,91,69,164,53,59,11,57,132,7,175,62,120,89,2,67,56,63,90,88,156,73,41,114,47,165,153,26,77,60,145,196,84,85,66,118,124,51,29,191,197,168,14,187,128,27,178,33,100,111,122,151,139,105,180,107,148,30,64,96,76,134,99,173,116,10,42,80,169,142,19,81,25,125,192,127,101,129,43,181,186,170,103,143,136,137,18,194,146,48,31,82,144,121,162,171,149,193,78,98,39,94,46,155,17,21,108,159,109,135,140,106,65,87,13,95,152,22,133,75,172,79,117,102,110,177,40,179,58,161,182,36,195,83,158,54,119,72,71,23,5,141,3,184,70,104,92,160,];False
5222;8140;13362;[198,174,190,32,189,130,6,38,61,163,199,49,12,112,167,15,16,4,147,28,24,150,20,9,176,3,157,183,37,138,126,115,1,74,34,35,93,194,8,154,166,113,188,55,44,45,131,185,68,123,50,86,52,91,69,164,53,59,11,57,132,75,175,62,120,89,2,67,56,10,90,88,156,73,41,114,47,165,153,26,172,60,145,196,84,85,66,118,124,51,29,191,197,168,14,187,128,27,178,33,100,111,122,151,139,105,180,107,148,30,64,96,76,134,99,173,116,63,42,80,169,142,19,81,25,125,192,127,101,129,43,181,186,170,103,143,136,137,18,0,146,48,31,82,144,121,162,171,149,193,78,98,39,94,46,155,17,21,108,159,109,135,140,97,65,87,13,95,152,22,133,7,77,79,117,102,110,177,40,179,58,161,182,36,195,83,158,54,119,72,71,23,5,141,106,184,70,104,92,160,];False
5223;8138;13361;[198,174,190,32,189,130,6,38,61,163,199,49,12,112,167,15,16,46,147,28,24,150,20,56,176,3,157,183,37,138,126,115,1,74,34,35,93,0,8,154,166,113,188,55,44,45,131,185,68,123,50,86,52,91,69,88,53,59,11,57,132,7,175,62,120,89,2,67,48,63,90,164,156,73,41,114,47,165,153,26,77,60,145,196,84,85,66,118,124,51,29,191,197,168,14,187,128,27,178,33,100,111,122,151,139,105,180,107,148,30,64,96,76,134,99,173,116,10,42,80,169,142,19,81,25,125,192,127,101,129,43,181,186,170,103,143,136,137,18,194,146,9,31,82,144,121,162,171,149,193,78,98,39,94,4,155,17,21,108,159,109,135,140,106,65,87,13,95,152,22,133,75,172,79,117,102,110,177,40,179,58,161,182,36,195,83,158,54,119,72,71,23,5,141,97,184,70,104,92,160,];False
5250;8110;13360;[198,174,190,32,189,130,6,38,61,163,199,49,12,112,167,15,16,4,147,28,24,150,20,9,176,3,157,183,37,138,126,115,1,74,34,35,93,194,8,154,166,113,188,55,44,45,131,185,68,123,50,86,52,91,69,164,53,59,11,57,132,7,175,62,120,89,2,67,56,10,90,88,156,73,41,114,47,165,153,26,172,60,145,196,84,85,66,118,124,51,29,191,197,168,14,187,128,27,178,33,100,111,122,151,139,105,180,107,148,30,64,96,76,134,99,173,116,63,42,80,169,142,19,81,25,125,192,127,101,129,43,181,186,170,103,143,136,137,18,0,146,48,31,82,144,121,162,171,149,193,78,98,39,94,46,155,17,21,108,159,109,135,140,106,65,87,13,95,152,22,133,75,71,79,117,102,110,177,40,179,58,161,182,36,195,83,158,54,119,72,77,23,5,141,97,184,70,104,92,160,];False
5240;8119;13359;[198,174,190,32,189,130,6,38,61,163,199,49,12,112,167,15,16,4,147,28,24,150,20,9,176,3,157,183,37,138,126,115,1,74,34,35,93,194,8,154,166,113,188,55,27,45,131,185,68,123,50,86,52,91,69,164,53,59,11,57,132,75,175,62,120,89,2,67,56,10,90,88,156,73,41,114,47,165,153,26,172,60,145,196,84,85,66,118,124,51,29,191,197,168,14,187,128,44,178,33,100,111,122,151,139,105,180,107,148,30,64,96,76,134,99,173,116,63,42,80,169,142,19,81,25,125,192,127,101,129,43,181,186,170,103,143,136,137,18,0,146,48,92,82,144,121,162,171,149,193,78,98,39,94,46,155,17,21,108,159,109,135,140,106,65,87,13,95,152,22,133,7,77,83,117,102,110,177,40,179,58,161,182,36,195,79,158,54,119,72,71,23,5,141,97,184,70,104,31,160,];False
5252;8107;13359;[198,174,190,32,189,130,6,38,61,163,199,49,12,112,167,15,16,4,147,28,24,150,20,9,176,3,157,183,37,138,126,115,1,74,34,35,93,0,8,154,166,113,188,55,44,45,131,185,68,123,50,86,52,91,69,164,53,59,11,57,132,7,175,62,120,89,2,67,56,63,90,88,156,73,41,114,47,165,153,26,172,60,145,196,184,85,66,118,124,51,29,191,197,168,14,187,128,27,178,33,100,111,122,151,139,105,180,107,148,30,64,96,76,134,99,173,116,10,42,80,169,142,19,81,25,125,192,127,101,129,43,181,186,170,103,143,136,137,18,194,146,48,31,82,144,121,162,171,149,193,78,98,39,94,46,155,17,21,108,159,109,135,140,106,65,87,13,95,152,22,133,75,77,79,117,102,110,177,40,179,58,161,182,36,195,83,158,54,119,72,71,23,5,141,97,84,70,104,92,160,];False
5286;8073;13359;[198,174,190,32,189,130,6,38,61,163,199,49,12,112,167,15,16,86,147,28,24,150,20,9,176,3,157,183,37,138,126,115,1,74,34,35,93,194,8,154,166,113,188,55,44,45,131,185,68,123,50,4,52,91,69,164,53,59,11,57,132,75,175,62,120,89,2,67,56,10,90,88,156,73,41,114,47,165,153,26,172,60,145,196,84,85,66,118,124,51,29,191,197,168,14,187,128,27,178,33,100,111,122,151,139,105,180,107,148,30,64,96,76,134,99,173,116,63,42,80,169,142,19,81,25,125,192,127,101,129,43,181,186,170,103,143,136,137,18,0,146,48,31,82,144,121,162,171,149,193,78,98,39,94,46,155,17,21,108,159,109,135,140,106,65,87,13,95,152,22,133,7,77,79,117,102,110,177,40,179,58,161,182,36,195,83,158,54,119,72,71,23,5,141,97,184,70,104,92,160,];False
5282;8074;13356;[198,174,190,32,189,169,6,38,61,163,199,49,12,112,167,15,16,4,147,28,24,150,20,9,176,3,157,183,37,138,126,115,1,74,34,35,93,194,8,154,166,113,188,55,44,45,131,185,68,123,50,86,52,91,69,164,53,59,11,57,132,75,175,62,120,89,2,67,56,10,90,88,156,73,41,114,47,165,153,26,172,60,145,196,84,85,66,118,124,51,29,191,197,168,14,187,128,27,178,33,100,111,122,151,139,105,180,107,148,30,64,96,76,134,99,173,116,63,42,80,130,142,19,81,25,125,192,127,101,129,43,181,186,170,103,143,136,137,18,0,146,48,31,82,144,121,162,171,149,193,78,98,39,94,46,155,17,21,108,159,109,135,140,106,65,87,13,95,152,22,133,7,77,79,117,102,110,177,40,179,58,161,182,36,195,83,158,54,119,72,71,23,5,141,97,184,70,104,92,160,];False
5230;8126;13356;[198,174,190,32,189,130,6,38,61,163,199,49,12,112,167,15,16,4,147,28,24,150,20,9,176,3,157,183,37,138,126,115,1,74,34,35,93,194,8,154,166,113,188,55,44,45,131,185,68,123,50,86,52,91,69,164,53,59,11,57,132,75,175,62,120,89,2,67,56,10,90,88,156,73,41,114,47,165,142,26,172,60,145,196,84,85,66,118,124,51,29,191,197,168,14,187,128,27,178,33,100,111,122,151,139,105,180,107,148,30,64,96,76,134,99,173,116,63,42,80,169,153,19,81,25,125,192,127,101,129,43,181,186,170,103,143,136,137,18,0,146,48,92,82,144,121,162,171,149,193,78,98,39,94,46,155,17,21,108,159,109,135,140,106,65,87,13,95,152,22,133,7,77,79,117,102,110,177,40,179,58,161,182,36,195,83,158,54,119,72,71,23,5,141,97,184,70,104,31,160,];False
5189;8167;13356;[198,174,190,32,189,130,6,38,61,163,199,49,12,112,167,15,16,4,147,28,24,150,20,9,176,3,157,183,37,138,126,115,1,74,34,35,93,194,8,154,166,113,188,55,44,45,131,185,68,123,50,86,52,91,69,164,53,59,11,57,132,7,175,62,120,89,2,67,56,63,90,88,156,73,41,114,47,165,153,26,172,60,145,196,84,85,66,118,124,51,29,191,197,168,14,187,128,27,178,33,100,111,122,151,139,105,180,107,148,30,64,96,76,134,99,173,116,10,42,80,169,142,19,81,25,125,192,127,101,129,43,181,186,170,103,143,136,137,18,0,146,48,31,82,144,121,162,171,149,193,78,98,39,94,46,155,17,21,108,159,109,54,140,106,65,87,13,95,152,22,133,75,77,79,117,102,110,177,40,179,58,161,182,36,195,83,158,135,119,72,71,23,5,141,97,184,70,104,92,160,];False
5259;8097;13356;[198,174,190,32,189,130,6,38,61,163,199,49,12,112,167,15,16,4,147,28,24,150,20,9,176,3,157,183,37,138,126,115,1,74,34,35,93,0,8,154,166,113,188,55,44,45,131,185,68,123,50,86,52,91,69,88,53,59,11,57,132,7,175,62,120,89,2,67,48,63,90,164,156,73,41,114,47,165,153,26,77,60,145,196,84,85,66,118,124,51,29,191,197,168,14,187,128,27,178,33,100,111,122,151,139,105,180,107,148,30,64,96,76,134,99,173,116,10,42,80,169,142,19,81,25,125,192,127,101,129,43,181,186,170,103,143,136,137,18,194,146,56,31,82,144,121,162,171,149,193,78,98,39,94,46,155,17,21,108,159,109,135,140,106,65,87,13,95,152,22,133,75,172,79,117,102,110,177,40,179,58,161,182,36,195,83,158,54,119,72,71,23,5,141,97,184,70,104,92,160,];False
5278;8078;13356;[198,174,190,32,189,130,6,38,61,163,199,49,12,112,167,15,16,4,147,28,24,150,20,9,176,3,157,183,37,138,72,115,1,74,34,35,93,194,8,154,166,113,188,55,44,45,131,185,68,123,50,86,52,91,69,164,53,59,11,57,132,7,175,62,120,89,2,67,56,10,90,88,156,73,41,114,47,165,153,26,172,60,145,196,84,85,66,118,124,51,29,191,197,168,14,187,128,27,178,33,100,111,122,151,139,105,180,107,148,30,64,96,76,134,99,173,116,63,42,80,169,142,19,81,25,125,192,127,101,129,43,181,186,170,103,143,136,137,18,0,146,48,31,82,144,121,162,171,149,193,78,98,39,94,46,155,17,21,108,159,109,135,140,106,65,87,13,95,152,22,133,75,77,79,117,102,110,177,40,179,58,161,182,36,195,83,158,54,119,126,71,23,5,141,97,184,70,104,92,160,];False
5211;8143;13354;[198,174,190,32,189,130,6,38,61,163,199,49,12,112,167,15,16,4,147,28,24,150,20,9,176,3,157,183,37,138,126,115,1,74,34,35,93,0,8,154,166,113,188,55,44,45,131,185,68,123,50,86,52,91,69,88,53,59,11,57,132,7,175,62,120,89,2,67,48,63,90,164,156,73,41,114,47,165,153,26,77,60,145,196,84,85,66,137,124,51,29,191,197,168,14,187,128,27,178,33,100,111,122,151,139,105,180,107,148,30,64,96,76,134,99,173,116,10,42,80,169,142,19,81,25,125,192,127,101,129,43,181,186,170,103,143,136,118,18,194,146,56,31,82,144,121,162,171,149,193,78,98,39,94,46,155,17,21,108,159,109,135,140,106,65,87,13,95,152,22,133,75,172,79,117,102,110,177,40,179,58,161,182,36,195,83,158,54,119,72,71,23,5,141,97,184,70,104,92,160,];False
5256;8097;13353;[198,174,190,32,189,130,6,38,61,163,199,49,12,112,167,71,16,4,147,28,24,150,20,9,176,3,157,183,37,138,126,115,1,74,34,35,93,194,8,154,166,113,188,55,44,45,131,185,68,123,50,86,52,91,69,164,53,59,11,57,132,75,175,62,120,89,2,67,56,10,90,88,156,73,41,114,47,165,153,26,172,60,145,196,84,85,66,118,124,51,29,191,197,168,14,187,128,27,178,33,100,111,122,151,139,105,180,107,148,30,64,96,76,134,99,173,116,63,42,80,169,142,19,81,25,125,192,127,101,129,43,181,186,170,103,143,136,137,18,0,146,48,92,82,144,121,162,171,149,193,78,98,39,94,46,155,17,21,108,159,109,135,140,106,65,87,13,95,152,22,133,7,77,83,117,102,110,177,40,179,58,161,182,36,195,79,158,54,119,72,15,23,5,141,97,184,70,104,31,160,];False
5265;8087;13352;[198,174,190,32,189,130,6,38,61,163,199,49,12,112,167,15,16,4,147,28,24,150,20,9,176,3,157,183,37,138,126,115,1,74,34,35,93,194,8,154,166,113,188,55,44,45,131,185,68,123,50,86,52,91,69,164,53,59,11,57,132,75,175,62,120,89,2,67,56,10,90,88,156,73,41,114,47,165,153,26,172,60,145,5,84,85,66,118,124,51,29,191,197,168,14,187,128,27,178,33,100,111,122,151,139,105,180,107,148,30,64,96,76,134,99,173,116,63,42,80,169,142,19,81,25,125,192,127,101,129,43,181,186,170,103,143,136,137,18,0,146,48,31,82,144,121,162,171,149,193,78,98,39,94,46,155,17,21,108,159,109,135,140,106,65,87,13,95,152,22,133,7,77,79,117,102,110,177,40,179,58,161,182,36,195,83,158,54,119,72,71,23,196,141,97,184,70,104,92,160,];False
5254;8096;13350;[198,174,190,32,189,130,6,38,61,163,199,49,12,112,167,15,16,4,147,28,24,150,20,9,176,3,157,183,37,138,126,115,1,74,34,35,93,194,8,154,166,113,188,55,44,45,131,185,68,123,50,86,52,91,69,164,53,59,11,57,132,75,175,62,120,89,159,67,56,10,90,88,156,73,41,114,47,165,153,26,172,60,145,196,84,85,66,118,124,51,29,191,197,168,14,187,128,27,178,33,100,111,122,151,139,105,180,107,148,30,64,96,76,134,99,173,116,63,42,80,169,142,19,81,25,125,192,127,101,129,43,181,186,170,103,143,136,137,18,0,146,48,31,82,144,121,162,171,149,193,78,98,39,94,46,155,17,21,108,2,109,135,140,106,65,87,13,95,152,22,133,7,77,79,117,102,110,177,40,179,58,161,182,36,195,83,158,54,119,72,71,23,5,141,97,184,70,104,92,160,];False
5194;8155;13349;[198,174,190,32,189,130,6,38,61,163,199,49,12,112,167,15,16,4,147,28,24,150,20,56,176,3,157,183,37,138,126,115,1,74,34,35,93,0,8,154,166,113,188,55,44,45,131,185,68,123,50,86,52,91,69,88,53,59,11,57,132,7,175,62,120,89,2,67,48,63,90,164,156,73,41,114,47,165,153,26,77,60,145,196,84,85,66,118,124,51,29,191,197,168,14,187,128,27,178,33,100,111,122,151,139,105,180,107,148,30,64,96,76,134,99,173,116,10,42,80,169,142,19,81,25,125,192,127,101,129,43,181,186,170,103,143,136,137,18,194,146,9,31,82,144,121,162,171,149,193,78,98,39,94,46,155,17,21,108,159,109,135,140,160,65,87,13,95,152,22,133,75,172,79,117,102,110,177,40,179,58,161,182,36,195,83,158,54,119,72,71,23,5,141,97,184,70,104,92,106,];False
5249;8099;13348;[198,174,190,32,189,130,6,38,61,163,199,49,12,112,167,15,16,4,147,28,24,150,20,9,176,3,157,183,37,138,126,115,1,74,34,35,93,194,8,154,166,113,188,27,44,45,131,185,68,123,50,86,52,91,69,164,53,59,11,57,132,75,175,62,120,89,2,67,56,10,90,88,156,73,41,114,47,165,153,26,172,60,145,196,84,85,66,118,124,51,29,191,197,168,14,187,128,55,178,33,100,111,122,151,139,105,180,107,148,30,64,96,76,134,99,173,116,63,42,80,169,142,19,81,25,125,192,127,101,129,43,181,186,170,103,143,136,137,18,0,146,48,92,82,144,121,162,171,149,193,78,98,39,94,46,155,17,21,108,159,109,135,140,106,65,87,13,95,152,22,133,7,77,83,117,102,110,177,40,179,58,161,182,36,195,79,158,54,119,72,71,23,5,141,97,184,70,104,31,160,];False
5189;8159;13348;[198,174,190,32,189,130,6,38,61,163,199,49,12,112,167,15,16,4,147,0,145,150,20,56,176,3,157,183,37,138,126,115,1,74,34,35,93,28,8,154,166,113,188,55,44,45,131,185,68,123,50,86,52,91,69,88,53,59,11,57,132,7,175,62,120,89,2,67,48,63,90,164,156,73,41,114,47,165,153,26,77,60,24,196,84,85,66,118,124,51,29,191,197,168,14,187,128,27,178,33,100,111,122,151,139,105,180,107,148,30,64,96,76,134,99,173,116,10,42,80,169,142,19,81,25,125,192,127,101,129,43,181,186,170,103,143,136,137,18,194,146,9,31,82,144,121,162,171,149,193,78,98,39,94,46,155,17,21,108,159,109,135,140,106,65,87,13,95,152,22,133,75,172,79,117,102,110,177,40,179,58,161,182,36,195,83,158,54,119,72,71,23,5,141,97,184,70,104,92,160,];False
5282;8066;13348;[198,174,190,32,189,130,6,38,61,163,199,49,12,112,167,15,16,4,147,28,24,150,20,9,176,3,157,183,37,138,126,115,1,74,34,35,164,194,8,154,166,113,188,55,44,45,131,185,68,123,50,86,52,91,69,93,53,59,11,57,132,75,175,62,120,89,2,67,56,10,90,88,156,73,41,114,47,165,153,26,172,60,145,196,84,85,66,118,124,51,29,191,197,168,14,187,128,27,178,33,100,111,122,151,139,105,180,107,148,30,64,96,76,134,99,173,116,63,42,80,169,142,19,81,25,125,192,127,101,129,43,181,186,170,103,143,136,137,18,0,146,48,31,82,144,121,162,171,149,193,78,98,39,94,46,155,17,21,108,159,109,135,140,106,65,87,13,95,152,22,133,7,77,79,117,102,110,177,40,179,58,161,182,36,195,83,158,54,119,72,71,23,5,141,97,184,70,104,92,160,];False
5228;8120;13348;[48,174,190,32,189,130,6,38,61,163,199,49,12,112,167,15,16,4,147,28,24,150,20,9,176,3,157,183,37,138,126,115,1,74,34,35,93,0,8,154,166,113,188,55,44,45,131,185,68,123,50,86,52,91,69,164,53,59,11,57,132,7,175,62,120,89,2,67,56,63,90,88,156,73,41,114,47,165,153,26,77,60,145,196,84,85,66,118,124,51,29,191,197,168,14,187,128,27,178,33,100,111,122,151,139,105,180,107,148,30,64,96,76,134,99,173,116,10,42,80,169,142,19,81,25,125,192,127,101,129,43,181,186,170,103,143,136,137,18,194,146,198,31,82,144,121,162,171,149,193,78,98,39,94,46,155,17,21,108,159,109,135,140,106,65,87,13,95,152,22,133,75,172,79,117,102,110,177,40,179,58,161,182,36,195,83,158,54,119,72,71,23,5,141,97,184,70,104,92,160,];False
5264;8083;13347;[198,174,190,32,189,130,147,38,61,163,199,49,12,112,167,15,16,4,6,28,24,150,20,9,176,3,157,183,37,138,126,115,1,74,34,35,93,194,8,154,166,113,188,55,44,45,131,185,68,123,50,86,52,91,69,164,53,59,11,57,132,75,175,62,120,89,2,67,56,10,90,88,156,73,41,114,47,165,153,26,172,60,145,196,84,85,66,118,124,51,29,191,197,168,14,187,128,27,178,33,100,111,122,151,139,105,180,107,148,30,64,96,76,134,99,173,116,63,42,80,169,142,19,81,25,125,192,127,101,129,43,181,186,170,103,143,136,137,18,0,146,48,31,82,144,121,162,171,149,193,78,98,39,94,46,155,17,21,108,159,109,135,140,106,65,87,13,95,152,22,133,7,77,79,117,102,110,177,40,179,58,161,182,36,195,83,158,54,119,72,71,23,5,141,97,184,70,104,92,160,];False
5203;8144;13347;[198,174,190,32,189,130,6,38,61,163,199,49,12,112,167,15,16,4,147,28,24,150,20,9,176,3,157,183,37,138,126,115,1,74,34,35,93,194,8,154,166,113,188,55,44,45,131,185,68,123,50,86,52,91,69,164,53,59,11,57,132,7,175,62,120,89,2,67,56,10,27,88,156,73,41,114,47,165,153,26,172,60,145,196,84,85,66,118,124,51,29,191,197,168,14,187,128,90,178,33,100,111,122,151,139,105,180,107,148,30,64,96,76,134,99,173,116,63,42,80,169,142,19,81,25,125,192,127,101,129,43,181,186,170,103,143,136,137,18,0,146,48,31,82,144,121,162,171,149,193,78,98,39,94,46,155,17,21,108,159,109,135,140,106,65,87,13,95,152,22,133,75,77,79,117,102,110,177,40,179,58,161,182,36,195,83,158,54,119,72,71,23,5,141,97,184,70,104,92,160,];False
5226;8120;13346;[198,174,190,32,189,130,6,38,61,163,199,49,12,112,167,15,16,4,147,28,24,150,20,9,176,3,157,183,37,138,126,115,1,74,34,35,93,194,8,154,166,113,188,55,44,45,131,185,68,123,50,86,52,91,69,164,53,59,11,57,132,75,175,62,120,89,2,67,56,10,90,88,156,73,41,114,47,165,153,26,172,60,145,196,84,85,66,118,124,51,29,191,197,168,14,187,128,27,178,33,100,111,122,151,139,105,180,107,148,30,64,96,76,134,99,173,116,63,42,80,169,142,19,81,25,125,192,127,101,129,43,181,186,170,103,143,136,137,18,0,146,48,31,82,144,121,162,171,149,193,78,98,39,94,46,155,17,21,108,159,109,135,140,106,65,87,13,95,152,22,133,7,77,79,117,102,110,177,40,179,58,161,182,104,195,83,158,54,119,72,71,23,5,141,97,184,70,36,92,160,];False
5242;8104;13346;[198,174,190,32,189,130,6,38,61,163,199,49,12,112,167,15,16,4,147,28,24,150,20,9,176,3,157,183,37,138,126,115,1,74,34,35,93,194,8,154,166,113,188,55,44,45,131,185,68,123,50,86,52,91,69,164,53,59,11,57,132,7,175,62,120,89,2,67,56,63,90,88,156,73,41,114,47,165,153,26,172,60,145,196,84,85,66,118,124,51,29,191,197,168,14,187,128,27,178,33,100,111,122,151,139,105,180,107,148,30,64,96,76,134,99,173,116,10,108,80,169,142,19,81,25,125,192,127,101,129,43,181,186,170,103,143,136,137,18,0,146,48,31,82,144,121,162,171,149,193,78,98,39,94,46,155,17,21,42,159,109,135,140,106,65,87,13,95,152,22,133,75,77,79,117,102,110,177,40,179,58,161,182,36,195,83,158,54,119,72,71,23,5,141,97,184,70,104,92,160,];False
5224;8121;13345;[198,174,190,32,189,130,6,38,61,163,199,49,12,112,186,15,16,4,147,28,24,150,20,9,176,3,157,183,37,138,126,115,1,74,34,35,93,194,8,154,166,113,188,55,44,45,131,185,68,123,50,86,52,91,69,164,53,59,11,57,132,75,175,62,120,89,2,67,56,10,90,88,156,73,41,114,47,165,153,26,172,60,145,196,84,85,66,118,124,51,29,191,197,168,14,187,128,27,178,33,100,111,122,151,139,105,180,107,148,30,64,96,76,134,99,173,116,63,42,80,169,142,19,81,25,125,192,127,101,129,43,181,167,170,103,143,136,137,18,0,146,48,31,82,144,121,162,171,149,193,78,98,39,94,46,155,17,21,108,159,109,135,140,106,65,87,13,95,152,22,133,7,77,79,117,102,110,177,40,179,58,161,182,36,195,83,158,54,119,72,71,23,5,141,97,184,70,104,92,160,];False
5189;8154;13343;[198,174,190,32,189,130,6,38,61,163,199,49,12,112,167,15,16,4,147,28,24,150,20,56,176,3,166,183,37,138,126,115,1,74,34,35,93,0,8,154,157,113,188,55,44,45,131,185,68,123,50,86,52,91,69,88,53,59,11,57,132,7,175,62,120,89,2,67,48,63,90,164,156,73,41,114,47,165,153,26,77,60,145,196,84,85,66,118,124,51,29,191,197,168,14,187,128,27,178,33,100,111,122,151,139,105,180,107,148,30,64,96,76,134,99,173,116,10,42,80,169,142,19,81,25,125,192,127,101,129,43,181,186,170,103,143,136,137,18,194,146,9,31,82,144,121,162,171,149,193,78,98,39,94,46,155,17,21,108,159,109,135,140,106,65,87,13,95,152,22,133,75,172,79,117,102,110,177,40,179,58,161,182,36,195,83,158,54,119,72,71,23,5,141,97,184,70,104,92,160,];False
5225;8116;13341;[198,174,190,32,189,130,6,38,61,163,199,94,12,112,167,15,16,4,147,28,24,150,20,9,176,3,157,183,37,138,126,115,1,74,34,35,93,194,8,154,166,113,188,55,44,45,131,185,68,123,50,86,52,91,69,164,53,59,11,57,132,75,175,62,120,89,2,67,56,10,90,88,156,73,41,114,47,165,153,26,172,60,145,196,84,85,66,118,124,51,29,191,197,168,14,187,128,27,178,33,100,111,122,151,139,105,180,107,148,30,64,96,76,134,99,173,116,63,42,80,169,142,19,81,25,125,192,127,101,129,43,181,186,170,103,143,136,137,18,0,146,48,31,82,144,121,162,171,149,193,78,98,39,49,46,155,17,21,108,159,109,135,140,106,65,87,13,95,152,22,133,7,77,79,117,102,110,177,40,179,58,161,182,36,195,83,158,54,119,72,71,23,5,141,97,184,70,104,92,160,];False
5135;8205;13340;[198,174,190,32,189,130,6,38,61,163,199,49,12,112,167,15,16,4,147,28,24,150,20,56,176,3,157,183,37,138,126,115,1,74,181,35,93,0,8,154,166,113,188,55,44,45,131,185,68,123,50,86,52,91,69,88,53,59,11,57,132,7,175,62,120,89,2,67,48,63,90,164,156,73,41,114,47,165,153,26,77,60,145,196,84,85,66,118,124,51,29,191,197,168,14,187,128,27,178,33,100,111,122,151,139,105,180,107,148,30,64,96,76,134,99,173,116,10,42,80,169,142,19,81,25,125,192,127,101,129,43,34,186,170,103,143,136,137,18,194,146,9,31,82,144,121,162,171,149,193,78,98,39,94,46,155,17,21,108,159,109,135,140,106,65,87,13,95,152,22,133,75,172,79,117,102,110,177,40,179,58,161,182,36,195,83,158,54,119,72,71,23,5,141,97,184,70,104,92,160,];False
5233;8106;13339;[198,174,190,32,189,130,6,38,61,163,199,49,12,112,167,15,16,4,147,28,24,150,20,9,176,3,157,183,37,138,126,115,1,74,34,35,93,194,8,154,166,113,188,55,44,45,131,185,68,123,50,86,52,91,69,164,53,59,11,57,85,7,175,62,120,89,2,67,56,10,90,88,156,73,41,114,47,165,153,26,172,60,145,196,84,132,66,118,124,51,29,191,197,168,14,187,128,27,178,33,100,111,122,151,139,105,180,107,148,30,64,96,76,134,99,173,116,63,42,80,169,142,19,81,25,125,192,127,101,129,43,181,186,170,103,143,136,137,18,0,146,48,31,82,144,121,162,171,149,193,78,98,39,94,46,155,17,21,108,159,109,135,140,106,65,87,13,95,152,22,133,75,77,79,117,102,110,177,40,179,58,161,182,36,195,83,158,54,119,72,71,23,5,141,97,184,70,104,92,160,];False
5240;8099;13339;[198,174,190,32,189,181,6,38,61,163,199,49,12,112,167,15,16,4,147,28,24,150,20,9,176,3,157,183,37,138,126,115,1,74,34,35,93,194,8,154,166,113,188,55,44,45,131,185,68,123,50,86,52,91,69,164,53,59,11,57,132,75,175,62,120,89,2,67,56,10,90,88,156,73,41,114,47,165,153,26,172,60,145,196,84,85,66,118,124,51,29,191,197,168,14,187,128,27,178,33,100,111,122,151,139,105,180,107,148,30,64,96,76,134,99,173,116,63,42,80,169,142,19,81,25,125,192,127,101,129,43,130,186,170,103,143,136,137,18,0,146,48,31,82,144,121,162,171,149,193,78,98,39,94,46,155,17,21,108,159,109,135,140,106,65,87,13,95,152,22,133,7,77,79,117,102,110,177,40,179,58,161,182,36,195,83,158,54,119,72,71,23,5,141,97,184,70,104,92,160,];False
5228;8110;13338;[198,174,190,32,189,130,6,38,61,163,199,49,12,112,167,15,16,4,147,28,24,150,20,9,176,3,157,183,37,138,126,115,1,74,34,35,93,194,8,154,166,113,188,55,44,45,131,185,68,123,50,86,52,91,69,164,53,59,11,57,132,75,175,62,120,89,2,67,56,10,90,88,156,73,41,114,47,165,153,26,172,60,145,196,84,85,66,118,124,51,29,191,197,168,14,187,128,27,178,33,100,111,122,151,139,105,180,107,148,30,64,96,76,134,99,173,116,63,42,80,177,142,19,81,25,125,192,127,101,129,43,181,186,170,103,143,136,137,18,0,146,48,31,82,144,121,162,171,149,193,78,98,39,94,46,155,17,21,108,159,109,135,140,106,65,87,13,95,152,22,133,7,77,79,117,102,110,169,40,179,58,161,182,36,195,83,158,54,119,72,71,23,5,141,97,184,70,104,92,160,];False
5251;8086;13337;[198,174,190,32,189,130,6,38,61,163,199,49,12,112,167,15,16,4,147,28,24,150,20,9,176,3,157,183,37,138,126,115,1,74,34,35,93,194,8,154,166,113,82,55,44,45,131,185,68,123,50,86,52,91,69,164,53,59,11,57,132,75,175,62,120,89,2,67,56,10,90,88,156,73,41,114,47,165,153,26,172,60,145,196,84,85,66,118,124,51,29,191,197,168,14,187,128,27,178,33,100,111,122,151,139,105,180,107,148,30,64,96,76,134,99,173,116,63,42,80,169,142,19,81,25,125,192,127,101,129,43,181,186,170,103,143,136,137,18,0,146,48,31,188,144,121,162,171,149,193,78,98,39,94,46,155,17,21,108,159,109,135,140,106,65,87,13,95,152,22,133,7,77,79,117,102,110,177,40,179,58,161,182,36,195,83,158,54,119,72,71,23,5,141,97,184,70,104,92,160,];False
5261;8076;13337;[198,174,190,32,189,130,6,38,61,163,199,49,12,112,167,15,16,4,147,28,24,150,20,9,176,3,157,183,37,138,126,115,1,74,34,35,93,0,8,154,166,113,188,55,44,45,131,185,68,123,50,86,52,91,69,164,53,59,11,57,132,7,175,62,120,89,2,67,48,63,90,88,156,73,41,114,47,165,153,26,77,60,145,196,84,85,66,118,124,51,29,191,197,168,14,187,128,27,178,33,100,111,122,151,139,105,180,107,148,30,64,96,76,134,99,173,116,10,42,80,169,142,19,81,25,125,192,127,101,129,43,181,186,170,103,143,136,137,18,194,146,56,31,82,144,121,162,171,149,193,78,98,39,94,46,155,17,21,108,159,109,135,140,106,65,87,13,95,152,22,133,75,172,79,117,102,110,177,40,179,58,161,182,36,195,83,158,54,119,72,71,23,5,141,97,184,70,104,92,160,];False
5255;8081;13336;[198,174,190,32,189,130,6,38,61,163,199,49,12,112,167,15,16,4,147,28,24,150,20,9,176,3,157,183,37,138,126,115,1,74,34,35,93,194,8,154,166,113,188,55,44,45,131,185,68,123,50,86,52,91,69,164,53,59,11,57,132,7,175,62,120,89,2,67,56,10,90,88,156,73,41,114,47,165,153,26,172,60,145,196,84,85,66,118,124,51,29,191,197,168,14,187,128,119,178,33,100,111,122,151,139,105,180,107,148,30,64,96,76,134,99,173,116,63,42,80,169,142,19,81,25,125,192,127,101,129,43,181,186,170,103,143,136,137,18,0,146,48,31,82,144,121,162,171,149,193,78,98,39,94,46,155,17,21,108,159,109,135,140,106,65,87,13,95,152,22,133,75,77,79,117,102,110,177,40,179,58,161,182,36,195,83,158,54,27,72,71,23,5,141,97,184,70,104,92,160,];False
5235;8099;13334;[198,174,190,32,189,130,6,38,61,163,199,49,12,159,167,15,16,4,147,28,24,150,20,9,176,3,157,183,37,138,126,115,1,74,34,35,93,194,8,154,166,113,188,55,44,45,131,185,68,123,50,86,52,91,69,164,53,59,11,57,132,7,175,62,120,89,2,67,56,63,90,88,156,73,41,114,47,165,153,26,172,60,145,196,84,85,66,118,124,51,29,191,197,168,14,187,128,27,178,33,100,111,122,151,139,105,180,107,148,30,64,96,76,134,99,173,116,10,42,80,169,142,19,81,25,125,192,127,101,129,43,181,186,170,103,143,136,137,18,0,146,48,31,82,144,121,162,171,149,193,78,98,39,94,46,155,17,21,108,112,109,135,140,106,65,87,13,95,152,22,133,75,77,79,117,102,110,177,40,179,58,161,182,36,195,83,158,54,119,72,71,23,5,141,97,184,70,104,92,160,];False
5254;8079;13333;[198,174,190,32,189,130,6,38,61,163,199,49,12,112,167,15,16,4,147,28,24,150,20,9,176,3,157,183,37,138,126,115,1,74,34,35,93,0,8,154,166,113,188,55,44,45,131,185,68,123,50,86,52,91,69,164,53,59,11,57,132,7,175,62,120,89,2,67,56,63,90,88,156,73,41,114,47,165,153,26,172,60,145,196,84,85,66,118,124,51,29,191,197,168,14,187,128,27,178,33,100,111,122,151,139,105,180,107,148,30,64,96,76,134,99,173,116,10,42,80,169,142,19,81,25,125,192,127,101,129,43,181,186,170,103,143,136,137,18,194,92,48,31,82,144,121,162,171,149,193,78,98,39,94,46,155,17,21,108,159,109,135,140,106,65,87,13,95,152,22,133,75,77,79,117,102,110,177,40,179,58,161,182,36,195,83,158,54,119,72,71,23,5,141,97,184,70,104,146,160,];False
5253;8080;13333;[198,174,190,32,189,130,6,38,61,163,199,49,12,112,167,15,16,4,147,28,24,150,20,9,176,3,157,183,37,138,126,115,1,74,34,35,93,194,8,154,166,113,188,55,44,45,131,185,68,123,50,86,52,91,69,164,53,59,11,57,132,75,175,62,120,89,2,67,56,10,90,88,156,73,41,114,47,165,153,26,172,60,145,196,84,85,66,118,124,51,29,191,197,168,14,187,141,27,178,33,100,111,122,151,139,105,180,107,148,30,64,96,76,134,99,173,116,63,42,80,169,142,19,81,25,125,192,127,101,129,43,181,186,170,103,143,136,137,18,0,146,48,31,82,144,121,162,171,149,193,78,98,39,94,46,155,17,21,108,159,109,135,140,106,65,87,13,95,152,22,133,7,77,79,117,102,110,177,40,179,58,161,182,36,195,83,158,54,119,72,71,23,5,128,97,184,70,104,92,160,];False
5210;8123;13333;[198,174,190,32,189,130,6,38,61,163,199,49,12,112,167,15,16,4,147,28,24,150,20,9,176,3,157,183,37,138,126,115,1,74,34,35,93,194,8,154,166,113,188,55,44,45,131,185,68,123,50,86,52,91,69,164,53,59,11,57,132,75,175,62,120,89,2,67,56,10,90,88,156,73,41,114,47,165,153,26,172,60,145,196,84,85,66,118,124,51,29,191,197,168,14,187,128,27,178,33,100,111,122,151,139,105,180,107,148,30,64,96,76,134,99,173,116,63,42,80,169,142,19,81,25,125,192,127,101,129,43,181,117,170,103,143,136,137,18,0,146,48,31,82,144,121,162,171,149,193,78,98,39,94,46,155,17,21,108,159,109,135,140,106,65,87,13,95,152,22,133,7,77,79,186,102,110,177,40,179,58,161,182,36,195,83,158,54,119,72,71,23,5,141,97,184,70,104,92,160,];False
5187;8145;13332;[198,174,190,32,189,130,6,38,61,163,199,49,12,112,167,15,16,4,147,28,24,150,20,56,176,3,157,183,37,138,126,115,1,74,34,35,93,0,8,154,166,113,188,55,44,45,131,185,68,123,50,86,52,91,69,88,53,59,11,57,132,7,175,62,120,89,2,67,48,63,90,164,156,73,41,114,47,165,153,26,77,60,145,196,84,85,66,118,124,51,29,191,197,168,14,187,128,27,178,33,100,111,122,151,139,105,180,107,148,30,64,96,76,134,99,173,116,10,42,80,169,142,19,81,25,125,192,127,101,129,43,181,186,170,103,143,136,137,18,194,146,9,31,82,144,121,162,171,149,193,78,98,39,94,46,155,17,21,108,159,40,135,140,106,65,87,13,95,152,22,133,75,172,79,117,102,110,177,109,179,58,161,182,36,195,83,158,54,119,72,71,23,5,141,97,184,70,104,92,160,];False
5190;8142;13332;[198,174,190,32,189,130,6,38,61,163,199,49,12,112,106,15,16,4,147,28,24,150,20,9,176,3,157,183,37,138,126,115,1,74,34,35,93,194,8,154,166,113,188,55,44,45,131,185,68,123,50,86,52,91,69,164,53,59,11,57,132,7,175,62,120,89,2,67,56,10,90,88,156,73,41,114,47,165,153,26,172,60,145,196,84,85,66,118,124,51,29,191,197,168,14,187,128,27,178,33,100,111,122,151,139,105,180,107,148,30,64,96,76,134,99,173,116,63,42,80,169,142,19,81,25,125,192,127,101,129,43,181,186,170,103,143,136,137,18,0,146,48,31,82,144,121,162,171,149,193,78,98,39,94,46,155,17,21,108,159,109,135,140,167,65,87,13,95,152,22,133,75,77,79,117,102,110,177,40,179,58,161,182,36,195,83,158,54,119,72,71,23,5,141,97,184,70,104,92,160,];False
5234;8097;13331;[198,174,190,32,189,130,6,38,61,163,199,49,12,112,167,15,16,4,147,28,24,150,20,9,176,3,157,183,37,138,126,115,1,74,34,35,93,194,8,154,166,113,188,55,44,45,131,185,68,123,50,86,52,91,69,164,53,59,11,57,132,7,175,62,120,89,2,67,56,10,90,88,156,73,41,114,47,165,153,26,172,60,145,196,84,85,66,118,124,51,29,191,197,168,14,187,128,27,178,33,100,111,122,151,139,105,180,107,148,30,64,96,76,134,99,173,116,63,42,80,169,142,19,81,25,125,192,127,101,129,43,181,186,170,103,143,136,137,18,0,146,48,31,82,144,121,162,171,149,193,78,98,39,94,159,155,17,21,108,46,109,135,140,106,65,87,13,95,152,22,133,75,77,79,117,102,110,177,40,179,58,161,182,36,195,83,158,54,119,72,71,23,5,141,97,184,70,104,92,160,];False
5199;8131;13330;[198,174,190,32,189,130,6,38,61,163,199,49,12,112,167,15,16,4,147,28,24,150,20,56,176,3,157,183,37,138,126,115,1,74,34,35,93,0,8,154,166,113,188,55,44,45,131,185,68,123,50,86,52,91,69,88,53,59,11,57,132,7,175,62,120,89,2,67,48,63,90,164,156,73,41,114,47,165,153,26,77,60,145,196,84,85,66,118,124,51,29,191,197,168,14,187,128,27,178,33,100,111,122,151,139,105,180,107,148,30,64,96,76,134,99,173,116,10,42,80,169,142,19,81,25,125,192,127,101,129,43,181,186,170,103,143,136,137,18,194,146,9,31,82,144,121,162,171,149,193,78,98,39,94,46,155,17,21,108,159,109,135,140,106,65,87,13,95,152,22,133,75,172,79,117,102,110,177,40,179,58,161,182,36,195,83,158,54,119,72,71,23,5,141,97,184,70,104,92,160,];False
5176;8154;13330;[198,174,190,32,189,130,6,38,61,163,199,49,12,112,167,15,16,4,147,28,24,150,20,9,176,3,157,183,37,138,126,115,1,74,34,35,93,194,8,154,166,113,188,55,44,45,131,185,68,123,50,86,52,91,69,164,53,59,11,57,132,7,175,62,120,89,2,67,56,10,90,88,156,73,41,114,47,165,153,26,172,60,145,196,84,85,66,118,124,169,29,191,197,168,14,187,128,27,178,33,100,111,122,151,139,105,180,107,148,30,64,96,76,134,99,173,116,63,42,80,51,142,19,81,25,125,192,127,101,129,43,181,186,170,103,143,136,137,18,0,146,48,31,82,144,121,162,171,149,193,78,98,39,94,46,155,17,21,108,159,109,135,140,106,65,87,13,95,152,22,133,75,77,79,117,102,110,177,40,179,58,161,182,36,195,83,158,54,119,72,71,23,5,141,97,184,70,104,92,160,];False
5194;8135;13329;[198,174,190,32,189,130,6,38,61,163,199,49,12,112,167,15,16,4,147,28,24,150,20,9,176,3,157,183,37,138,126,115,1,74,34,35,93,0,8,154,166,113,188,55,44,45,131,185,68,123,50,86,52,91,69,164,53,59,11,57,132,7,175,62,120,89,2,67,56,63,90,88,156,73,41,114,47,165,153,26,21,60,145,196,84,85,66,118,124,51,29,191,197,168,14,187,128,27,178,33,100,111,122,151,139,105,180,107,148,30,64,96,76,134,99,173,116,10,42,80,169,142,19,81,25,125,192,127,101,129,43,181,186,170,103,143,136,137,18,194,146,48,31,82,144,121,162,171,149,193,78,98,39,94,46,155,17,77,108,159,109,135,140,106,65,87,13,95,152,22,133,75,172,79,117,102,110,177,40,179,58,161,182,36,195,83,158,54,119,72,71,23,5,141,97,184,70,104,92,160,];False
5251;8075;13326;[198,174,190,32,189,130,6,38,61,163,199,49,12,112,167,15,16,4,147,28,24,150,20,9,176,3,157,183,37,138,126,115,1,74,34,35,93,194,8,154,166,113,188,55,44,45,131,57,68,123,50,86,52,91,69,164,53,59,11,185,132,75,175,62,120,89,2,67,56,10,90,88,156,73,41,114,47,165,153,26,172,60,145,196,84,85,66,118,124,51,29,191,197,168,14,187,128,27,178,33,100,111,122,151,139,105,180,107,148,30,64,96,76,134,99,173,116,63,42,80,169,142,19,81,25,125,192,127,101,129,43,181,186,170,103,143,136,137,18,0,146,48,31,82,144,121,162,171,149,193,78,98,39,94,46,155,17,21,108,159,109,135,140,106,65,87,13,95,152,22,133,7,77,79,117,102,110,177,40,179,58,161,182,36,195,83,158,54,119,72,71,23,5,141,97,184,70,104,92,160,];False
5234;8092;13326;[198,174,190,32,189,130,6,38,61,163,199,49,12,112,167,15,16,4,147,28,24,150,20,9,176,3,157,183,37,138,126,115,1,74,34,35,93,194,8,154,166,113,188,55,44,45,131,185,68,123,50,86,52,91,69,164,53,59,11,57,132,75,175,62,120,89,2,67,56,10,90,88,156,73,41,114,47,165,153,26,172,60,191,196,84,85,66,118,124,51,29,145,197,168,14,187,128,27,178,33,100,111,122,151,139,105,180,107,148,30,64,96,76,134,99,173,116,63,42,80,169,142,19,81,25,125,192,127,101,129,43,181,186,170,103,143,136,137,18,0,146,48,92,82,144,121,162,171,149,193,78,98,39,94,46,155,17,21,108,159,109,135,140,106,65,87,13,95,152,22,133,7,77,79,117,102,110,177,40,179,58,161,182,36,195,83,158,54,119,72,71,23,5,141,97,184,70,104,31,160,];False
5246;8079;13325;[198,174,190,32,189,130,6,38,61,163,199,49,12,112,167,15,16,4,147,28,24,150,20,9,176,3,157,183,37,138,126,115,1,74,34,35,93,0,8,154,166,113,188,55,44,45,131,185,68,123,50,86,52,91,69,164,53,59,11,57,132,7,175,62,120,89,2,67,56,63,90,88,156,73,41,114,47,165,153,26,77,60,145,196,84,85,66,118,124,51,29,191,197,168,14,187,128,27,178,33,100,111,122,151,139,105,180,107,148,30,64,96,76,134,99,173,116,10,42,80,169,142,19,81,25,125,192,127,101,129,43,181,186,170,103,143,136,137,18,194,146,48,31,82,144,121,162,171,149,193,78,98,39,94,46,155,17,21,108,159,109,135,140,106,65,87,13,95,152,22,133,75,172,79,117,102,110,177,40,179,58,161,182,36,195,83,158,54,119,72,71,23,5,141,97,184,70,104,92,160,];False
5242;8082;13324;[198,174,190,32,189,130,6,38,61,163,199,49,12,112,167,15,16,4,109,28,24,150,20,9,176,3,157,183,37,138,126,115,1,74,34,35,93,194,8,154,166,113,188,55,44,45,131,185,68,123,50,86,52,91,69,164,53,59,11,57,132,7,175,62,120,89,2,67,56,63,90,88,156,73,41,114,47,165,153,26,172,60,145,196,84,85,66,118,124,51,29,191,197,168,14,187,128,27,178,33,100,111,122,151,139,105,180,107,148,30,64,96,76,134,99,173,116,10,42,80,169,142,19,81,25,125,192,127,101,129,43,181,186,170,103,143,136,137,18,0,146,48,31,82,144,121,162,171,149,193,78,98,39,94,46,155,17,21,108,159,147,135,140,106,65,87,13,95,152,22,133,75,77,79,117,102,110,177,40,179,58,161,182,36,195,83,158,54,119,72,71,23,5,141,97,184,70,104,92,160,];False
5213;8109;13322;[198,174,190,32,189,130,6,38,61,163,199,49,12,112,167,15,16,4,147,28,24,150,20,9,176,3,157,183,37,138,126,115,1,74,34,57,93,194,8,154,166,113,188,55,44,45,131,185,68,123,50,86,52,91,69,164,53,59,11,35,132,7,175,62,120,89,2,67,56,10,90,88,156,73,41,114,47,165,153,26,172,60,145,196,84,85,66,118,124,51,29,191,197,168,14,187,128,27,178,33,100,111,122,151,139,105,180,107,148,30,64,96,76,134,99,173,116,63,42,80,169,142,19,81,25,125,192,127,101,129,43,181,186,170,103,143,136,137,18,0,146,48,31,82,144,121,162,171,149,193,78,98,39,94,46,155,17,21,108,159,109,135,140,106,65,87,13,95,152,22,133,75,77,79,117,102,110,177,40,179,58,161,182,36,195,83,158,54,119,72,71,23,5,141,97,184,70,104,92,160,];False
5175;8147;13322;[198,174,190,32,189,130,6,38,61,163,199,49,12,112,167,15,16,4,147,28,24,150,20,9,176,3,157,183,37,138,126,115,1,74,34,35,93,194,8,154,166,113,188,55,44,45,131,185,68,123,111,86,52,91,69,164,53,59,11,57,132,75,175,62,120,89,2,67,56,10,90,88,156,73,41,114,47,165,153,26,172,60,145,196,84,85,66,118,124,51,29,191,197,168,14,187,128,27,178,33,100,50,122,151,139,105,180,107,148,30,64,96,76,134,99,173,116,63,42,80,169,142,19,81,25,125,192,127,101,129,43,181,186,170,103,143,136,137,18,0,146,48,92,82,144,121,162,171,149,193,78,98,39,94,46,155,17,21,108,159,109,135,140,106,65,87,13,95,152,22,133,7,77,83,117,102,110,177,40,179,58,161,182,36,195,79,158,54,119,72,71,23,5,141,97,184,70,104,31,160,];False
5158;8163;13321;[198,174,190,32,189,130,6,38,61,163,199,49,12,112,167,15,16,4,147,28,24,150,20,9,176,3,157,183,37,138,126,115,1,74,34,35,93,194,8,154,166,113,188,55,44,45,131,185,68,186,50,86,52,91,69,164,53,59,11,57,132,75,175,62,120,89,2,67,56,10,90,88,156,73,41,114,47,165,153,26,172,60,145,196,84,85,66,118,124,51,29,191,197,168,14,187,128,27,178,33,100,111,122,151,139,105,180,107,148,30,64,96,76,134,99,173,116,63,42,80,169,142,19,81,25,125,192,127,101,129,43,181,123,170,103,143,136,137,18,0,146,48,92,82,144,121,162,171,149,193,78,98,39,94,46,155,17,21,108,159,109,135,140,106,65,87,13,95,152,22,133,7,77,83,117,102,110,177,40,179,58,161,182,36,195,79,158,54,119,72,71,23,5,141,97,184,70,104,31,160,];False
5215;8106;13321;[198,174,190,32,189,130,6,38,61,163,199,49,12,112,167,15,16,4,147,28,24,150,20,9,176,3,157,183,37,138,126,115,1,74,34,35,93,194,8,154,166,113,188,55,44,45,131,185,68,123,50,86,52,91,69,164,53,59,11,57,132,75,175,62,120,89,2,67,56,10,90,88,156,73,41,114,47,165,153,26,70,60,145,196,84,85,66,118,124,51,29,191,197,168,14,187,128,27,178,33,100,111,122,151,139,105,180,107,148,30,64,96,76,134,99,173,116,63,42,80,169,142,19,81,25,125,192,127,101,129,43,181,186,170,103,143,136,137,18,0,146,48,31,82,144,121,162,171,149,193,78,98,39,94,46,155,17,21,108,159,109,135,140,106,65,87,13,95,152,22,133,7,77,79,117,102,110,177,40,179,58,161,182,36,195,83,158,54,119,72,71,23,5,141,97,184,172,104,92,160,];False
5259;8062;13321;[198,174,190,32,189,130,6,38,61,163,199,49,12,112,167,93,16,4,147,28,24,150,20,9,176,3,157,183,37,138,126,115,1,74,34,35,15,194,8,154,166,113,188,55,44,45,131,185,68,123,50,86,52,91,69,164,53,59,11,57,132,75,175,62,120,89,2,67,56,10,90,88,156,73,41,114,47,165,153,26,172,60,145,196,84,85,66,118,124,51,29,191,197,168,14,187,128,27,178,33,100,111,122,151,139,105,180,107,148,30,64,96,76,134,99,173,116,63,42,80,169,142,19,81,25,125,192,127,101,129,43,181,186,170,103,143,136,137,18,0,146,48,31,82,144,121,162,171,149,193,78,98,39,94,46,155,17,21,108,159,109,135,140,106,65,87,13,95,152,22,133,7,77,79,117,102,110,177,40,179,58,161,182,36,195,83,158,54,119,72,71,23,5,141,97,184,70,104,92,160,];False
5157;8164;13321;[198,174,190,32,189,130,6,38,61,163,199,49,12,112,167,15,16,4,147,28,24,150,20,56,176,3,157,183,37,138,126,115,1,74,34,35,93,0,8,154,166,113,188,55,44,45,131,185,68,123,50,86,52,91,69,88,53,59,11,57,132,7,175,62,120,89,2,67,48,63,90,164,156,73,41,114,47,165,153,26,77,60,145,196,84,85,66,118,124,51,29,191,197,168,14,187,128,27,178,33,100,111,122,151,139,105,180,107,148,30,64,96,76,134,99,173,116,10,42,80,169,142,19,81,25,125,192,127,101,129,43,181,186,170,103,143,136,137,18,194,146,195,31,82,144,121,162,171,149,193,78,98,39,94,46,155,17,21,108,159,109,135,140,106,65,87,13,95,152,22,133,75,172,79,117,102,110,177,40,179,58,161,182,36,9,83,158,54,119,72,71,23,5,141,97,184,70,104,92,160,];False
5153;8168;13321;[198,174,190,32,189,130,6,38,61,163,199,49,12,140,167,15,16,4,147,28,24,150,20,9,176,3,157,183,37,138,126,115,1,74,34,35,93,194,8,154,166,113,188,55,44,45,131,185,68,123,50,86,52,91,69,164,53,59,11,57,132,75,175,62,120,89,2,67,56,10,90,88,156,73,41,114,47,165,153,26,172,60,145,196,84,85,66,118,124,51,29,191,197,168,14,187,128,27,178,33,100,111,122,151,139,105,180,107,148,30,64,96,76,134,99,173,116,63,42,80,169,142,19,81,25,125,192,127,101,129,43,181,186,170,103,143,136,137,18,0,146,48,31,82,144,121,162,171,149,193,78,98,39,94,46,155,17,21,108,159,109,135,112,106,65,87,13,95,152,22,133,7,77,79,117,102,110,177,40,179,58,161,182,36,195,83,158,54,119,72,71,23,5,141,97,184,70,104,92,160,];False
5232;8088;13320;[198,174,190,32,189,130,6,38,61,163,199,49,12,112,167,15,16,4,147,28,24,150,20,9,176,3,157,183,37,138,126,115,1,74,34,35,93,194,8,154,166,113,188,55,44,45,131,185,68,123,50,86,52,91,69,164,53,59,11,57,132,75,175,62,120,191,2,67,56,10,90,88,156,73,41,114,47,165,153,26,172,60,145,196,84,85,66,118,124,51,29,89,197,168,14,187,128,27,178,33,100,111,122,151,139,105,180,107,148,30,64,96,76,134,99,173,116,63,42,80,169,142,19,81,25,125,192,127,101,129,43,181,186,170,103,143,136,137,18,0,146,48,31,82,144,121,162,171,149,193,78,98,39,94,46,155,17,21,108,159,109,135,140,106,65,87,13,95,152,22,133,7,77,79,117,102,110,177,40,179,58,161,182,36,195,83,158,54,119,72,71,23,5,141,97,184,70,104,92,160,];False
5222;8098;13320;[198,174,190,32,189,130,6,38,61,163,199,49,12,112,167,15,16,4,147,28,24,150,20,9,176,3,157,183,37,138,126,115,1,74,34,35,93,194,8,154,166,113,188,55,44,45,131,185,68,123,137,86,52,91,69,164,53,59,11,57,132,75,175,62,120,89,2,67,56,10,90,88,156,73,41,114,47,165,153,26,172,60,145,196,84,85,66,118,124,51,29,191,197,168,14,187,128,27,178,33,100,111,122,151,139,105,180,107,148,30,64,96,76,134,99,173,116,63,42,80,169,142,19,81,25,125,192,127,101,129,43,181,186,170,103,143,136,50,18,0,146,48,31,82,144,121,162,171,149,193,78,98,39,94,46,155,17,21,108,159,109,135,140,106,65,87,13,95,152,22,133,7,77,79,117,102,110,177,40,179,58,161,182,36,195,83,158,54,119,72,71,23,5,141,97,184,70,104,92,160,];False
5230;8089;13319;[198,174,190,32,189,130,6,38,61,163,199,49,12,112,167,15,16,4,147,28,150,24,20,9,176,3,157,183,37,138,126,115,1,74,34,35,93,194,8,154,166,113,188,55,44,45,131,185,68,123,50,86,52,91,69,164,53,59,11,57,132,7,175,62,120,89,2,67,56,63,90,88,156,73,41,114,47,165,153,26,172,60,145,196,84,85,66,118,124,51,29,191,197,168,14,187,128,27,178,33,100,111,122,151,139,105,180,107,148,30,64,96,76,134,99,173,116,10,42,80,169,142,19,81,25,125,192,127,101,129,43,181,186,170,103,143,136,137,18,0,146,48,31,82,144,121,162,171,149,193,78,98,39,94,46,155,17,21,108,159,109,135,140,106,65,87,13,95,152,22,133,75,77,79,117,102,110,177,40,179,58,161,182,36,195,83,158,54,119,72,71,23,5,141,97,184,70,104,92,160,];False
5224;8094;13318;[198,174,190,32,189,130,6,38,61,163,199,49,12,112,167,15,16,4,147,28,24,150,20,9,176,3,157,183,37,138,126,115,1,74,34,35,93,194,8,154,166,113,188,55,44,45,131,185,68,197,50,86,52,91,69,164,53,59,11,57,132,75,175,62,120,89,2,67,56,10,90,88,156,73,41,114,47,165,153,26,172,60,145,196,84,85,66,118,124,51,29,191,123,168,14,187,128,27,178,33,100,111,122,151,139,105,180,107,148,30,64,96,76,134,99,173,116,63,42,80,169,142,19,81,25,125,192,127,101,129,43,181,186,170,103,143,136,137,18,0,146,48,92,82,144,121,162,171,149,193,78,98,39,94,46,155,17,21,108,159,109,135,140,106,65,87,13,95,152,22,133,7,77,79,117,102,110,177,40,179,58,161,182,36,195,83,158,54,119,72,71,23,5,141,97,184,70,104,31,160,];False
5130;8187;13317;[159,174,190,32,189,130,6,38,61,163,199,49,12,112,167,15,16,4,147,28,24,150,20,56,176,3,157,183,37,138,126,115,1,74,34,35,93,0,8,154,166,113,188,55,44,45,131,185,68,123,50,86,52,91,69,88,53,59,11,57,132,7,175,62,120,89,2,67,48,63,90,164,156,73,41,114,47,165,153,26,77,60,145,196,84,85,66,118,124,51,29,191,197,168,14,187,128,27,178,33,100,111,122,151,139,105,180,107,148,30,64,96,76,134,99,173,116,10,42,80,169,142,19,81,25,125,192,127,101,129,43,181,186,170,103,143,136,137,18,194,146,9,31,82,144,121,162,171,149,193,78,98,39,94,46,155,17,21,108,198,109,135,140,106,65,87,13,95,152,22,133,75,172,79,117,102,110,177,40,179,58,161,182,36,195,83,158,54,119,72,71,23,5,141,97,184,70,104,92,160,];False
5251;8065;13316;[198,174,190,32,189,130,6,38,61,163,199,49,12,112,167,15,16,4,147,28,24,150,20,9,176,3,157,183,37,138,126,115,1,74,34,35,93,194,8,154,166,113,188,55,44,45,131,185,68,123,50,97,52,91,69,164,53,59,11,57,132,75,175,62,120,89,2,67,56,10,90,88,156,73,41,114,47,165,153,26,172,60,145,196,84,85,66,118,124,51,29,191,197,168,14,187,128,27,178,33,100,111,122,151,139,105,180,107,148,30,64,96,76,134,99,173,116,63,42,80,169,142,19,81,25,125,192,127,101,129,43,181,186,170,103,143,136,137,18,0,146,48,31,82,144,121,162,171,149,193,78,98,39,94,46,155,17,21,108,159,109,135,140,106,65,87,13,95,152,22,133,7,77,79,117,102,110,177,40,179,58,161,182,36,195,83,158,54,119,72,71,23,5,141,86,184,70,104,92,160,];False
5219;8096;13315;[198,174,190,32,189,130,6,38,61,163,199,49,12,112,167,15,16,0,147,28,24,150,20,9,176,3,157,183,37,138,126,115,1,74,34,35,93,194,8,154,166,113,188,55,44,45,131,185,68,123,50,86,52,91,69,164,53,59,11,57,132,75,175,62,120,89,2,67,56,10,90,88,156,73,41,114,47,165,153,26,172,60,145,196,84,85,66,118,124,51,29,191,197,168,14,187,128,27,178,33,100,111,122,151,139,105,180,107,148,30,64,96,76,134,99,173,116,63,42,80,169,142,19,81,25,125,192,127,101,129,43,181,186,170,103,143,136,137,18,4,146,48,31,82,144,121,162,171,149,193,78,98,39,94,46,155,17,21,108,159,109,135,140,106,65,87,13,95,152,22,133,7,77,79,117,102,110,177,40,179,58,161,182,36,195,83,158,54,119,72,71,23,5,141,97,184,70,104,92,160,];False
5183;8132;13315;[198,174,190,32,189,130,6,38,61,163,199,49,12,112,167,15,16,4,147,28,24,150,20,9,176,3,157,183,37,138,126,115,1,74,34,35,93,194,8,154,166,113,188,55,44,45,131,185,68,123,50,86,52,91,69,164,53,59,11,57,132,75,175,62,120,89,2,67,56,10,90,88,156,73,41,114,47,165,153,26,172,60,145,196,84,85,66,118,124,51,29,191,197,168,14,39,128,27,178,33,100,111,122,151,139,105,180,107,148,30,64,96,76,134,99,173,116,63,42,80,169,142,19,81,25,125,192,127,101,129,43,181,186,170,103,143,136,137,18,0,146,48,92,82,144,121,162,171,149,193,78,98,187,94,46,155,17,21,108,159,109,135,140,106,65,87,13,95,152,22,133,7,77,83,117,102,110,177,40,179,58,161,182,36,195,79,158,54,119,72,71,23,5,141,97,184,70,104,31,160,];False
5261;8052;13313;[198,174,190,32,189,130,6,38,61,163,199,49,12,112,167,15,16,4,147,28,24,150,20,9,176,3,157,183,37,138,126,115,1,74,34,35,93,194,8,154,166,113,188,55,44,45,131,185,68,123,50,86,52,91,69,164,53,59,11,57,132,7,175,62,120,89,2,67,56,63,90,88,156,73,41,114,47,165,153,26,172,60,145,196,84,85,66,118,124,51,29,191,197,168,14,187,128,27,178,33,100,111,122,151,139,105,180,107,148,30,64,96,76,134,99,173,116,162,42,80,169,142,19,81,25,125,192,127,101,129,43,181,186,170,103,143,136,137,18,0,146,48,31,82,144,121,10,171,149,193,78,98,39,94,46,155,17,21,108,159,109,135,140,106,65,87,13,95,152,22,133,75,77,79,117,102,110,177,40,179,58,161,182,36,195,83,158,54,119,72,71,23,5,141,97,184,70,104,92,160,];False
5197;8115;13312;[198,174,190,32,189,130,6,38,61,163,199,49,12,112,167,15,16,4,147,28,24,150,20,9,176,3,157,183,37,138,126,115,1,74,34,35,93,194,8,154,166,113,188,55,44,45,131,185,68,123,50,86,52,91,69,164,53,59,11,170,132,75,175,62,120,89,2,67,56,10,90,88,156,73,41,114,47,165,153,26,172,60,145,196,84,85,66,118,124,51,29,191,197,168,14,187,128,27,178,33,100,111,122,151,139,105,180,107,148,30,64,96,76,134,99,173,116,63,42,80,169,142,19,81,25,125,192,127,101,129,43,181,186,57,103,143,136,137,18,0,146,48,92,82,144,121,162,171,149,193,78,98,39,94,46,155,17,21,108,159,109,135,140,106,65,87,13,95,152,22,133,7,77,83,117,102,110,177,40,179,58,161,182,36,195,79,158,54,119,72,71,23,5,141,97,184,70,104,31,160,];False
5224;8086;13310;[198,174,190,32,189,130,6,39,61,163,199,49,12,112,167,15,16,4,147,28,24,150,20,9,176,3,157,183,37,138,126,115,1,74,34,35,93,194,8,154,166,113,188,55,44,45,131,185,68,123,50,86,52,91,69,164,53,59,11,57,132,75,175,62,120,89,2,67,56,10,90,88,156,73,41,114,47,165,153,26,172,60,145,196,84,85,66,118,124,51,29,191,197,168,14,187,128,27,178,33,100,111,122,151,139,105,180,107,148,30,64,96,76,134,99,173,116,63,42,80,169,142,19,81,25,125,192,127,101,129,43,181,186,170,103,143,136,137,18,0,146,48,92,82,144,121,162,171,149,193,78,98,38,94,46,155,17,21,108,159,109,135,140,106,65,87,13,95,152,22,133,7,77,83,117,102,110,177,40,179,58,161,182,36,195,79,158,54,119,72,71,23,5,141,97,184,70,104,31,160,];False
5221;8088;13309;[198,174,190,32,189,130,6,38,98,163,199,49,12,112,167,15,16,4,147,28,24,150,20,9,176,3,157,183,37,138,126,115,1,74,34,35,93,194,8,154,166,113,188,55,44,45,131,185,68,123,50,86,52,91,69,164,53,59,11,57,132,7,175,62,120,89,2,67,56,63,90,88,156,73,41,114,47,165,153,26,172,60,145,196,84,85,66,118,124,51,29,191,197,168,14,187,128,27,178,33,100,111,122,151,139,105,180,107,148,30,64,96,76,134,99,173,116,10,42,80,169,142,19,81,25,125,192,127,101,129,43,181,186,170,103,143,136,137,18,0,146,48,31,82,144,121,162,171,149,193,78,61,39,94,46,155,17,21,108,159,109,135,140,106,65,87,13,95,152,22,133,75,77,79,117,102,110,177,40,179,58,161,182,36,195,83,158,54,119,72,71,23,5,141,97,184,70,104,92,160,];False
5220;8089;13309;[198,174,190,32,189,130,6,38,61,163,199,49,12,112,167,15,16,4,147,28,24,150,20,9,176,3,157,183,37,138,126,115,1,74,34,35,93,194,8,154,166,113,188,55,44,45,131,185,68,123,50,86,52,91,69,164,53,59,11,57,132,75,175,62,120,89,2,67,56,10,90,88,156,73,41,114,47,165,153,26,172,60,145,196,84,85,66,118,124,51,29,191,197,168,14,187,128,27,178,33,100,111,122,151,139,105,180,107,148,30,64,96,76,134,99,173,116,63,42,80,169,142,19,81,25,125,192,127,101,129,43,181,186,170,103,133,136,137,18,0,146,48,31,82,144,121,162,171,149,193,78,98,39,94,46,155,17,21,108,159,109,135,140,106,65,87,13,95,152,22,143,7,77,79,117,102,110,177,40,179,58,161,182,36,195,83,158,54,119,72,71,23,5,141,97,184,70,104,92,160,];False
5202;8105;13307;[198,174,190,32,189,130,6,38,61,163,199,49,12,112,167,15,16,4,147,28,24,150,20,9,176,3,157,183,37,138,126,115,1,74,34,35,93,194,8,154,166,113,188,55,44,45,131,185,68,123,50,86,52,91,69,164,53,59,11,57,132,75,175,62,120,89,2,67,56,10,90,88,156,73,41,114,47,165,153,26,172,60,145,196,84,85,66,118,124,51,29,191,197,168,14,187,128,27,178,33,100,111,122,151,139,105,180,107,148,30,64,96,76,134,99,173,116,63,42,80,169,142,19,81,25,125,192,127,101,129,43,181,186,170,103,143,136,137,18,0,146,48,92,82,144,121,162,171,149,193,78,98,39,94,46,155,17,21,108,159,109,135,140,106,65,87,13,95,31,22,133,7,77,83,117,102,110,177,40,179,58,161,182,36,195,79,158,54,119,72,71,23,5,141,97,184,70,104,152,160,];False
5203;8104;13307;[198,174,190,32,189,130,6,38,61,163,199,49,12,112,167,15,16,4,147,28,24,150,20,9,176,3,157,183,37,138,126,115,1,74,34,35,93,194,8,154,166,113,108,55,44,45,131,185,68,123,50,86,52,91,69,164,53,59,11,57,132,75,175,62,120,89,2,67,56,10,90,88,156,73,41,114,47,165,153,26,172,60,145,196,84,85,66,118,124,51,29,191,197,168,14,187,128,27,178,33,100,111,122,151,139,105,180,107,148,30,64,96,76,134,99,173,116,63,42,80,169,142,19,81,25,125,192,127,101,129,43,181,186,170,103,143,136,137,18,0,146,48,31,82,144,121,162,171,149,193,78,98,39,94,46,155,17,21,188,159,109,135,140,106,65,87,13,95,152,22,133,7,77,79,117,102,110,177,40,179,58,161,182,36,195,83,158,54,119,72,71,23,5,141,97,184,70,104,92,160,];False
5194;8110;13304;[198,174,190,32,189,130,6,38,61,163,199,4,12,112,167,15,16,49,147,28,24,150,20,9,176,3,157,183,37,138,126,115,1,74,34,35,93,194,8,154,166,113,188,55,44,45,131,185,68,123,50,86,52,91,69,164,53,59,11,57,132,7,175,62,120,89,2,67,56,63,90,88,156,73,41,114,47,165,153,26,172,60,145,196,84,85,66,118,124,51,29,191,197,168,14,187,128,27,178,33,100,111,122,151,139,105,180,107,148,30,64,96,76,134,99,173,116,10,42,80,169,142,19,81,25,125,192,127,101,129,43,181,186,170,103,143,136,137,18,0,146,48,31,82,144,121,162,171,149,193,78,98,39,94,46,155,17,21,108,159,109,135,140,106,65,87,13,95,152,22,133,75,77,79,117,102,110,177,40,179,58,161,182,36,195,83,158,54,119,72,71,23,5,141,97,184,70,104,92,160,];False
5236;8067;13303;[198,174,190,32,189,130,6,38,61,163,199,49,12,112,167,15,16,4,147,28,24,150,20,9,176,3,157,183,37,138,126,115,1,74,34,35,93,194,8,154,166,113,188,55,44,45,131,185,68,123,50,86,52,91,69,164,53,59,11,57,132,7,175,62,120,89,2,67,56,63,90,88,156,73,41,114,47,165,153,26,172,60,145,196,84,85,66,118,105,51,29,191,197,168,14,187,128,27,178,33,100,111,122,151,139,124,180,107,148,30,64,96,76,134,99,173,116,10,42,80,169,142,19,81,25,125,192,127,101,129,43,181,186,170,103,143,136,137,18,0,146,48,31,82,144,121,162,171,149,193,78,98,39,94,46,155,17,21,108,159,109,135,140,106,65,87,13,95,152,22,133,75,77,79,117,102,110,177,40,179,58,161,182,36,195,83,158,54,119,72,71,23,5,141,97,184,70,104,92,160,];False
5208;8094;13302;[198,174,190,32,189,130,6,38,61,163,199,49,12,112,167,15,16,4,147,28,24,150,20,9,176,3,157,183,37,138,126,115,1,74,34,35,93,194,8,165,166,113,188,55,44,45,131,185,68,123,50,86,52,91,69,164,53,59,11,57,132,75,175,62,120,89,2,67,56,10,90,88,156,73,41,114,47,154,153,26,172,60,145,196,84,85,66,118,124,51,29,191,197,168,14,187,128,27,178,33,100,111,122,151,139,105,180,107,148,30,64,96,76,134,99,173,116,63,42,80,169,142,19,81,25,125,192,127,101,129,43,181,186,170,103,143,136,137,18,0,146,48,92,82,144,121,162,171,149,193,78,98,39,94,46,155,17,21,108,159,109,135,140,106,65,87,13,95,152,22,133,7,77,83,117,102,110,177,40,179,58,161,182,36,195,79,158,54,119,72,71,23,5,141,97,184,70,104,31,160,];False
5176;8125;13301;[198,174,190,32,189,130,6,38,61,163,199,49,12,112,167,15,16,4,147,28,24,150,20,9,176,3,157,183,37,138,126,115,1,74,34,35,93,194,8,30,166,113,188,55,44,45,131,185,68,123,50,86,52,91,69,164,53,59,11,57,132,7,175,62,120,89,2,67,56,10,90,88,156,73,41,114,47,165,153,26,172,60,145,196,84,85,66,118,124,51,29,191,197,168,14,187,128,27,178,33,100,111,122,151,139,105,180,107,148,154,64,96,76,134,99,173,116,63,42,80,169,142,19,81,25,125,192,127,101,129,43,181,186,170,103,143,136,137,18,0,146,48,31,82,144,121,162,171,149,193,78,98,39,94,46,155,17,21,108,159,109,135,140,106,65,87,13,95,152,22,133,75,77,79,117,102,110,177,40,179,58,161,182,36,195,83,158,54,119,72,71,23,5,141,97,184,70,104,92,160,];False
5231;8070;13301;[198,174,190,32,189,130,6,38,61,163,199,49,12,112,167,15,16,4,147,28,24,150,20,9,176,3,157,183,37,138,126,115,1,74,34,35,93,194,8,154,166,113,188,55,44,45,131,185,68,123,50,86,52,91,69,164,53,59,11,57,132,75,175,62,120,89,2,67,56,10,90,88,156,31,41,114,47,165,153,26,172,60,145,196,84,85,66,118,124,51,29,191,197,168,14,187,128,27,178,33,100,111,122,151,139,105,180,107,148,30,64,96,76,134,99,173,116,63,42,80,169,142,19,81,25,125,192,127,101,129,43,181,186,170,103,143,136,137,18,0,146,48,92,82,144,121,162,171,149,193,78,98,39,94,46,155,17,21,108,159,109,135,140,106,65,87,13,95,152,22,133,7,77,79,117,102,110,177,40,179,58,161,182,36,195,83,158,54,119,72,71,23,5,141,97,184,70,104,73,160,];False
5223;8077;13300;[198,174,190,32,189,130,6,38,61,163,199,49,12,112,167,15,16,4,147,28,24,150,20,9,176,3,157,183,37,138,126,115,1,74,34,35,93,0,8,154,166,113,188,55,44,45,131,185,68,123,50,86,52,91,69,164,53,59,11,57,132,7,175,62,120,89,2,67,56,63,90,88,156,73,41,114,47,165,153,26,172,60,145,196,84,85,66,118,124,51,29,191,197,168,14,187,128,27,178,33,100,111,122,151,139,105,180,107,148,30,64,96,76,134,99,173,116,10,42,80,169,142,19,81,25,125,192,127,101,129,43,181,186,170,103,143,136,137,18,194,146,48,31,82,144,121,162,171,149,193,78,98,39,94,46,155,17,21,108,159,109,135,140,106,65,87,13,95,152,22,133,75,77,79,117,102,110,177,40,179,58,161,182,36,195,83,158,54,119,72,71,23,5,141,97,184,70,104,92,160,];False
5232;8064;13296;[198,174,190,32,189,130,6,38,61,163,199,49,12,112,167,15,16,4,147,28,24,150,20,9,176,3,157,183,37,138,126,115,1,74,34,35,93,194,8,154,166,113,188,55,44,45,131,185,68,123,50,86,52,91,69,164,53,59,11,57,132,75,175,62,120,89,2,67,56,10,90,88,156,73,41,114,47,165,153,26,172,60,145,196,84,85,66,118,124,51,29,191,197,168,14,187,128,27,178,33,100,111,122,151,139,105,180,107,148,76,64,96,30,134,99,173,116,63,42,80,169,142,19,81,25,125,192,127,101,129,43,181,186,170,103,143,136,137,18,0,146,48,31,82,144,121,162,171,149,193,78,98,39,94,46,155,17,21,108,159,109,135,140,106,65,87,13,95,152,22,133,7,77,79,117,102,110,177,40,179,58,161,182,36,195,83,158,54,119,72,71,23,5,141,97,184,70,104,92,160,];False
5224;8071;13295;[198,174,190,32,189,130,6,38,61,163,199,49,12,112,167,15,16,4,147,28,24,150,20,9,176,3,157,183,37,138,126,115,1,74,34,35,93,194,8,154,166,113,188,55,44,45,131,185,68,123,50,86,52,91,69,164,53,117,11,57,132,75,175,62,120,89,2,67,56,10,90,88,156,73,41,114,47,165,153,26,172,60,145,196,84,85,66,118,124,51,29,191,197,168,14,187,128,27,178,33,100,111,122,151,139,105,180,107,148,30,64,96,76,134,99,173,116,63,42,80,169,142,19,81,25,125,192,127,101,129,43,181,186,170,103,143,136,137,18,0,146,48,31,82,144,121,162,171,149,193,78,98,39,94,46,155,17,21,108,159,109,135,140,106,65,87,13,95,152,22,133,7,77,79,59,102,110,177,40,179,58,161,182,36,195,83,158,54,119,72,71,23,5,141,97,184,70,104,92,160,];False
5209;8086;13295;[198,174,190,32,189,130,6,38,61,163,199,49,12,112,167,15,16,4,147,28,24,150,20,9,176,3,157,183,37,138,126,115,1,74,34,35,93,194,8,154,166,113,188,55,44,45,131,185,68,123,50,86,52,91,69,164,53,59,11,57,132,75,175,62,120,89,2,67,56,10,90,88,156,73,41,114,47,165,153,26,172,60,145,196,84,85,66,118,124,51,29,191,197,168,14,187,128,27,178,33,100,111,122,151,139,105,180,107,148,30,64,96,76,134,99,173,116,63,42,80,169,142,19,81,25,125,192,127,95,129,43,181,186,170,103,143,136,137,18,0,146,48,31,82,144,121,162,171,149,193,78,98,39,94,46,155,17,21,108,159,109,135,140,106,65,87,13,101,152,22,133,7,77,79,117,102,110,177,40,179,58,161,182,36,195,83,158,54,119,72,71,23,5,141,97,184,70,104,92,160,];False
5133;8161;13294;[198,174,190,32,189,130,6,38,61,163,199,49,12,112,167,15,16,4,147,28,24,150,20,9,176,3,157,183,37,138,126,115,1,74,34,35,93,194,8,154,166,113,188,55,44,45,131,185,68,123,50,86,52,91,69,164,53,59,11,57,132,75,175,62,120,89,2,67,56,10,90,88,156,73,41,114,47,165,153,26,172,60,145,196,84,85,66,118,124,51,29,191,197,168,14,187,128,27,178,33,100,111,122,151,139,105,180,107,148,30,64,96,76,134,99,173,116,63,42,80,169,142,19,81,25,125,192,127,101,129,43,181,186,170,103,143,136,137,18,0,146,48,92,82,144,121,162,171,149,193,78,98,39,94,46,155,17,21,108,159,109,102,140,106,65,87,13,95,152,22,133,7,77,79,117,135,110,177,40,179,58,161,182,36,195,83,158,54,119,72,71,23,5,141,97,184,70,104,31,160,];False
5205;8089;13294;[198,174,190,32,189,130,6,38,61,163,199,25,12,112,167,15,16,4,147,28,24,150,20,9,176,3,157,183,37,138,126,115,1,74,34,35,93,194,8,154,166,113,188,55,44,45,131,185,68,123,50,86,52,91,69,164,53,59,11,57,132,75,175,62,120,89,2,67,56,10,90,88,156,73,41,114,47,165,153,26,172,60,145,196,84,85,66,118,124,51,29,191,197,168,14,187,128,27,178,33,100,111,122,151,139,105,180,107,148,30,64,96,76,134,99,173,116,63,42,80,169,142,19,81,49,125,192,127,101,129,43,181,186,170,103,143,136,137,18,0,146,48,31,82,144,121,162,171,149,193,78,98,39,94,46,155,17,21,108,159,109,135,140,106,65,87,13,95,152,22,133,7,77,79,117,102,110,177,40,179,58,161,182,36,195,83,158,54,119,72,71,23,5,141,97,184,70,104,92,160,];False
5197;8096;13293;[198,174,190,32,189,130,6,38,61,163,199,49,12,112,167,15,16,4,147,28,24,150,20,9,176,3,157,183,123,138,126,115,1,74,34,35,93,194,8,154,166,113,188,55,44,45,131,185,68,37,50,86,52,91,69,164,53,59,11,57,132,75,175,62,120,89,2,67,56,10,90,88,156,73,41,114,47,165,153,26,172,60,145,196,84,85,66,118,124,51,29,191,197,168,14,187,128,27,178,33,100,111,122,151,139,105,180,107,148,30,64,96,76,134,99,173,116,63,42,80,169,142,19,81,25,125,192,127,101,129,43,181,186,170,103,143,136,137,18,0,146,48,92,82,144,121,162,171,149,193,78,98,39,94,46,155,17,21,108,159,109,135,140,106,65,87,13,95,152,22,133,7,77,83,117,102,110,177,40,179,58,161,182,36,195,79,158,54,119,72,71,23,5,141,97,184,70,104,31,160,];False
5240;8052;13292;[198,174,190,32,189,130,6,38,61,163,199,49,12,112,167,15,16,4,147,28,24,150,20,9,176,3,157,183,37,138,126,115,1,74,34,35,93,194,8,154,166,113,188,55,44,45,131,185,68,123,50,86,52,91,69,164,53,59,11,57,132,75,175,62,120,89,2,67,56,10,90,88,156,73,41,114,47,165,153,26,172,60,145,196,84,85,66,118,124,51,29,191,197,168,14,187,128,27,178,33,100,111,122,151,139,105,180,107,148,30,64,96,76,134,99,173,116,63,42,80,169,142,19,81,25,125,192,127,101,129,43,181,186,170,103,143,136,137,18,0,146,48,31,82,144,121,162,171,149,193,78,98,39,94,46,155,17,21,108,159,109,135,140,106,65,87,13,95,152,22,133,7,77,79,117,102,110,177,195,179,58,161,182,36,40,83,158,54,119,72,71,23,5,141,97,184,70,104,92,160,];False
5218;8071;13289;[198,174,190,32,189,130,6,38,61,163,199,49,12,112,167,15,16,4,147,28,24,150,20,9,176,3,157,183,37,138,126,115,1,74,34,35,93,194,8,154,166,113,188,55,44,45,131,185,68,123,50,86,52,91,69,164,53,59,11,57,132,75,175,62,120,89,2,67,56,10,90,88,156,73,41,114,47,165,153,26,172,60,145,196,84,85,66,118,124,51,29,191,197,168,14,187,128,27,178,33,100,111,122,151,139,105,180,107,148,30,64,96,76,134,99,173,116,63,42,80,169,142,19,81,25,125,192,127,101,129,43,181,186,170,46,143,136,137,18,0,146,48,92,82,144,121,162,171,149,193,78,98,39,94,103,155,17,21,108,159,109,135,140,106,65,87,13,95,152,22,133,7,77,79,117,102,110,177,40,179,58,161,182,36,195,83,158,54,119,72,71,23,5,141,97,184,70,104,31,160,];False
5189;8099;13288;[198,174,190,32,189,130,46,38,61,163,199,49,12,112,167,15,16,4,147,28,24,150,20,9,176,3,157,183,37,138,126,115,1,74,34,35,93,194,8,154,166,113,188,55,44,45,131,185,68,123,50,86,52,91,69,164,53,59,11,57,132,75,175,62,120,89,2,67,56,10,90,88,156,73,41,114,47,165,153,26,172,60,145,196,84,85,66,118,124,51,29,191,197,168,14,187,128,27,178,33,100,111,122,151,139,105,180,107,148,30,64,96,76,134,99,173,116,63,42,80,169,142,19,81,25,125,192,127,101,129,43,181,186,170,103,143,136,137,18,0,146,48,31,82,144,121,162,171,149,193,78,98,39,94,6,155,17,21,108,159,109,135,140,106,65,87,13,95,152,22,133,7,77,79,117,102,110,177,40,179,58,161,182,36,195,83,158,54,119,72,71,23,5,141,97,184,70,104,92,160,];False
5155;8133;13288;[198,174,190,32,189,130,6,38,61,163,199,49,12,112,167,15,16,4,147,28,24,150,20,9,176,3,157,183,37,138,126,115,1,74,34,35,93,194,8,154,166,113,188,55,44,45,131,50,68,123,185,86,52,91,69,164,53,59,11,57,132,75,175,62,120,89,2,67,56,10,90,88,156,73,41,114,47,165,153,26,172,60,145,196,84,85,66,118,124,51,29,191,197,168,14,187,128,27,178,33,100,111,122,151,139,105,180,107,148,30,64,96,76,134,99,173,116,63,42,80,169,142,19,81,25,125,192,127,101,129,43,181,186,170,103,143,136,137,18,0,146,48,31,82,144,121,162,171,149,193,78,98,39,94,46,155,17,21,108,159,109,135,140,106,65,87,13,95,152,22,133,7,77,79,117,102,110,177,40,179,58,161,182,36,195,83,158,54,119,72,71,23,5,141,97,184,70,104,92,160,];False
5211;8077;13288;[198,174,190,32,189,130,6,38,61,163,199,49,12,112,167,15,16,4,147,28,24,150,20,9,176,3,157,183,37,138,126,115,1,74,34,35,93,194,8,154,166,113,188,55,44,45,131,185,68,123,50,86,52,91,69,164,53,59,11,57,132,7,175,62,120,89,2,67,56,63,178,88,156,73,41,114,47,165,153,26,172,60,145,196,84,85,66,118,124,51,29,191,197,168,14,187,128,27,90,33,100,111,122,151,139,105,180,107,148,30,64,96,76,134,99,173,116,10,42,80,169,142,19,81,25,125,192,127,101,129,43,181,186,170,103,143,136,137,18,0,146,48,31,82,144,121,162,171,149,193,78,98,39,94,46,155,17,21,108,159,109,135,140,106,65,87,13,95,152,22,133,75,77,79,117,102,110,177,40,179,58,161,182,36,195,83,158,54,119,72,71,23,5,141,97,184,70,104,92,160,];False
5228;8059;13287;[198,174,190,32,189,130,6,38,61,163,199,49,12,112,167,15,16,4,147,28,24,150,20,9,176,3,157,183,37,138,126,115,1,74,34,35,93,194,8,154,166,113,188,55,44,45,131,185,68,123,50,86,52,91,69,164,53,59,11,57,132,7,175,62,120,89,2,67,56,63,90,88,156,73,41,114,47,165,153,26,172,60,145,196,84,85,66,118,124,51,29,191,197,168,14,187,128,27,178,33,100,111,122,151,139,105,180,107,148,30,64,96,76,134,99,173,116,10,42,80,169,142,19,81,25,125,192,127,101,129,43,181,186,170,103,143,136,137,18,0,146,48,31,82,144,121,162,171,149,193,78,98,39,94,46,155,17,21,108,159,109,135,140,106,65,87,13,95,152,22,133,75,77,79,117,102,110,177,40,179,58,161,182,36,195,83,158,54,119,72,71,23,5,141,97,184,70,104,92,160,];False
5183;8104;13287;[198,174,190,32,189,130,6,38,61,163,199,49,12,112,167,15,16,4,147,28,24,150,20,9,176,3,157,183,37,138,126,115,1,74,34,141,93,194,8,154,166,113,188,55,44,45,131,185,68,123,50,86,52,91,69,164,53,59,11,57,132,75,175,62,120,89,2,67,56,10,90,88,156,73,41,114,47,165,153,26,172,60,145,196,84,85,66,118,124,51,29,191,197,168,14,187,128,27,178,33,100,111,122,151,139,105,180,107,148,30,64,96,76,134,99,173,116,63,42,80,169,142,19,81,25,125,192,127,101,129,43,181,186,170,103,143,136,137,18,0,146,48,31,82,144,121,162,171,149,193,78,98,39,94,46,155,17,21,108,159,109,135,140,106,65,87,13,95,152,22,133,7,77,79,117,102,110,177,40,179,58,161,182,36,195,83,158,54,119,72,71,23,5,35,97,184,70,104,92,160,];False
5210;8074;13284;[198,174,190,32,189,130,6,38,61,163,199,49,12,112,167,15,16,4,147,28,24,150,20,9,176,3,157,183,37,138,126,115,1,74,34,35,93,194,8,154,166,113,188,55,44,45,131,185,68,123,50,86,52,91,69,164,53,59,11,57,132,75,175,62,120,89,2,67,56,10,90,88,156,73,41,114,47,165,153,26,172,60,145,196,84,85,66,118,124,51,29,191,197,168,14,187,128,27,178,33,100,111,122,151,139,105,180,107,148,30,64,96,76,134,99,173,116,63,42,80,169,142,19,81,25,125,192,127,101,129,43,181,186,170,103,143,136,137,18,0,146,48,31,82,144,121,162,171,149,193,78,98,39,94,46,155,17,21,108,23,109,135,140,106,65,87,13,95,152,22,133,7,77,79,117,102,110,177,40,179,58,161,182,36,195,83,158,54,119,72,71,159,5,141,97,184,70,104,92,160,];False
5218;8065;13283;[198,174,190,32,189,130,6,38,61,163,199,49,12,112,167,15,16,4,147,28,24,150,20,9,176,3,157,183,37,138,126,115,1,74,34,35,93,194,8,154,166,113,188,55,44,45,131,185,68,123,50,86,52,91,69,164,53,59,11,57,132,75,175,62,120,89,2,67,56,10,90,88,156,73,41,114,47,165,153,26,172,60,145,196,84,85,66,118,124,51,29,191,197,168,14,187,128,27,178,33,100,111,122,151,139,105,180,107,148,30,64,96,76,134,99,173,116,63,42,80,169,142,19,81,25,125,192,127,43,129,101,181,186,170,103,143,136,137,18,0,146,48,31,82,144,121,162,171,149,193,78,98,39,94,46,155,17,21,108,159,109,135,140,106,65,87,13,95,152,22,133,7,77,79,117,102,110,177,40,179,58,161,182,36,195,83,158,54,119,72,71,23,5,141,97,184,70,104,92,160,];False
5215;8067;13282;[198,174,190,32,189,130,6,38,61,163,199,49,12,112,167,15,16,4,147,28,24,150,20,9,176,3,157,183,37,138,126,115,1,74,34,35,93,194,8,154,166,113,188,55,44,45,131,185,68,123,50,86,52,91,69,193,53,59,11,57,132,75,175,62,120,89,2,67,56,10,90,88,156,73,41,114,47,165,153,26,172,60,145,196,84,85,66,118,124,51,29,191,197,168,14,187,128,27,178,33,100,111,122,151,139,105,180,107,148,30,64,96,76,134,99,173,116,63,42,80,169,142,19,81,25,125,192,127,101,129,43,181,186,170,103,143,136,137,18,0,146,48,31,82,144,121,162,171,149,164,78,98,39,94,46,155,17,21,108,159,109,135,140,106,65,87,13,95,152,22,133,7,77,79,117,102,110,177,40,179,58,161,182,36,195,83,158,54,119,72,71,23,5,141,97,184,70,104,92,160,];False
5211;8071;13282;[198,174,190,32,35,130,6,38,61,163,199,49,12,112,167,15,16,4,147,28,24,150,20,9,176,3,157,183,37,138,126,115,1,74,34,189,93,194,8,154,166,113,188,55,44,45,131,185,68,123,50,86,52,91,69,164,53,59,11,57,132,75,175,62,120,89,2,67,56,10,90,88,156,73,41,114,47,165,153,26,172,60,145,196,84,85,66,118,124,51,29,191,197,168,14,187,128,27,178,33,100,111,122,151,139,105,180,107,148,30,64,96,76,134,99,173,116,63,42,80,169,142,19,81,25,125,192,127,101,129,43,181,186,170,103,143,136,137,18,0,146,48,92,82,144,121,162,171,149,193,78,98,39,94,46,155,17,21,108,159,109,135,140,106,65,87,13,95,152,22,133,7,77,83,117,102,110,177,40,179,58,161,182,36,195,79,158,54,119,72,71,23,5,141,97,184,70,104,31,160,];False
5132;8149;13281;[198,174,190,32,189,130,6,38,61,163,199,49,12,112,167,15,16,4,147,28,24,150,20,9,176,3,101,183,37,138,126,115,1,74,34,35,93,194,8,154,166,113,188,55,44,45,131,185,68,123,50,86,52,91,69,164,53,59,11,57,132,75,175,62,120,89,2,67,56,10,90,88,156,73,41,114,47,165,153,26,172,60,145,196,84,85,66,118,124,51,29,191,197,168,14,187,128,27,178,33,100,111,122,151,139,105,180,107,148,30,64,96,76,134,99,173,116,63,42,80,169,142,19,81,25,125,192,127,157,129,43,181,186,170,103,143,136,137,18,0,146,48,92,82,144,121,162,171,149,193,78,98,39,94,46,155,17,21,108,159,109,135,140,106,65,87,13,95,152,22,133,7,77,83,117,102,110,177,40,179,58,161,182,36,195,79,158,54,119,72,71,23,5,141,97,184,70,104,31,160,];False
5190;8091;13281;[198,174,190,32,189,130,6,38,61,163,199,49,12,112,167,15,16,4,147,28,24,150,20,9,176,3,157,183,37,138,126,115,1,74,34,35,93,194,8,154,166,113,188,55,44,45,131,185,68,123,50,86,52,91,69,164,53,59,11,57,132,75,175,62,120,89,2,67,56,10,90,88,156,73,41,114,47,165,153,26,172,60,145,196,84,85,66,118,124,51,29,191,197,168,14,187,128,27,178,33,100,111,122,151,139,105,180,107,148,30,64,96,76,134,99,173,116,63,42,80,169,142,19,125,25,81,192,127,101,129,43,181,186,170,103,143,136,137,18,0,146,48,92,82,144,121,162,171,149,193,78,98,39,94,46,155,17,21,108,159,109,135,140,106,65,87,13,95,152,22,133,7,77,83,117,102,110,177,40,179,58,161,182,36,195,79,158,54,119,72,71,23,5,141,97,184,70,104,31,160,];False
5167;8112;13279;[198,174,190,32,189,130,6,38,61,163,199,49,12,112,167,15,16,4,147,28,24,150,20,9,176,3,157,183,37,138,126,115,1,74,34,35,93,194,8,154,166,113,188,55,44,45,131,185,68,123,50,86,52,91,69,164,53,59,11,57,132,75,175,62,120,89,2,67,56,10,90,88,156,73,41,114,47,165,153,26,172,60,145,196,84,85,66,118,124,51,29,191,197,168,14,187,128,27,178,33,100,111,122,151,139,105,180,107,148,30,64,96,76,134,99,173,87,63,42,80,169,142,19,81,25,125,192,127,101,129,43,181,186,170,103,143,136,137,18,0,146,48,92,82,144,121,162,171,149,193,78,98,39,94,46,155,17,21,108,159,109,135,140,106,65,116,13,95,152,22,133,7,77,83,117,102,110,177,40,179,58,161,182,36,195,79,158,54,119,72,71,23,5,141,97,184,70,104,31,160,];False
5216;8063;13279;[198,174,190,32,189,130,6,38,61,163,199,49,12,112,167,15,16,4,147,28,24,150,20,9,176,3,157,183,37,138,126,115,1,74,21,35,93,194,8,154,166,113,188,55,44,45,131,185,68,123,50,86,52,91,69,164,53,59,11,57,132,75,175,62,120,89,2,67,56,10,90,88,156,73,41,114,47,165,153,26,172,60,145,196,84,85,66,118,124,51,29,191,197,168,14,187,128,27,178,33,100,111,122,151,139,105,180,107,148,30,64,96,76,134,99,173,116,63,42,80,169,142,19,81,25,125,192,127,101,129,43,181,186,170,103,143,136,137,18,0,146,48,31,82,144,121,162,171,149,193,78,98,39,94,46,155,17,34,108,159,109,135,140,106,65,87,13,95,152,22,133,7,77,79,117,102,110,177,40,179,58,161,182,36,195,83,158,54,119,72,71,23,5,141,97,184,70,104,92,160,];False
5196;8080;13276;[198,174,190,32,189,130,6,38,61,163,199,49,12,112,167,15,16,4,147,28,24,150,20,9,176,3,157,183,37,138,126,115,1,74,34,35,93,194,8,154,166,113,188,55,44,45,131,185,68,123,50,86,52,91,69,164,53,59,11,57,132,75,175,62,120,89,2,67,56,10,90,88,156,73,41,114,47,165,153,26,172,60,145,196,84,85,66,118,124,51,29,191,197,168,14,187,128,27,178,33,100,111,122,151,139,105,180,107,148,30,64,96,76,134,99,173,116,63,42,80,169,142,19,81,25,125,192,127,101,129,43,181,186,170,103,143,136,137,18,0,146,48,92,82,144,121,162,171,149,193,78,98,39,94,46,155,17,21,108,159,109,72,140,106,65,87,13,95,152,22,133,7,77,83,117,102,110,177,40,179,58,161,182,36,195,79,158,54,119,135,71,23,5,141,97,184,70,104,31,160,];False
5216;8059;13275;[198,174,190,32,189,130,6,38,61,163,199,49,12,112,167,15,16,4,147,28,24,150,20,9,176,3,157,183,37,138,126,115,1,74,34,35,168,194,8,154,166,113,188,55,44,45,131,185,68,123,50,86,52,91,69,164,53,59,11,57,132,75,175,62,120,89,2,67,56,10,90,88,156,73,41,114,47,165,153,26,172,60,145,196,84,85,66,118,124,51,29,191,197,93,14,187,128,27,178,33,100,111,122,151,139,105,180,107,148,30,64,96,76,134,99,173,116,63,42,80,169,142,19,81,25,125,192,127,101,129,43,181,186,170,103,143,136,137,18,0,146,48,92,82,144,121,162,171,149,193,78,98,39,94,46,155,17,21,108,159,109,135,140,106,65,87,13,95,152,22,133,7,77,83,117,102,110,177,40,179,58,161,182,36,195,79,158,54,119,72,71,23,5,141,97,184,70,104,31,160,];False
5221;8052;13273;[198,174,190,32,189,130,6,38,61,163,199,49,12,112,167,15,16,4,147,28,24,150,20,9,176,3,157,183,37,138,126,115,1,74,34,35,93,194,8,154,166,113,188,55,44,45,131,185,68,123,50,86,52,91,69,164,53,59,11,57,132,75,175,62,120,89,2,67,56,10,90,88,156,73,41,114,47,165,153,26,172,60,145,196,84,85,66,118,124,51,29,191,197,168,14,187,128,27,178,33,100,111,122,177,139,105,180,107,148,30,64,96,76,134,99,173,116,63,42,80,169,142,19,81,25,125,192,127,101,129,43,181,186,170,103,143,136,137,18,0,146,48,92,82,144,121,162,171,149,193,78,98,39,94,46,155,17,21,108,159,109,135,140,106,65,87,13,95,152,22,133,7,77,79,117,102,110,151,40,179,58,161,182,36,195,83,158,54,119,72,71,23,5,141,97,184,70,104,31,160,];False
5195;8077;13272;[198,174,190,32,189,130,6,38,61,9,199,49,12,112,167,15,16,4,147,28,24,150,20,163,176,3,157,183,37,138,126,115,1,74,34,35,93,194,8,154,166,113,188,55,44,45,131,185,68,123,50,86,52,91,69,164,53,59,11,57,132,75,175,62,120,89,2,67,56,10,90,88,156,73,41,114,47,165,153,26,172,60,145,196,84,85,66,118,124,51,29,191,197,168,14,187,128,27,178,33,100,111,122,151,139,105,180,107,148,30,64,96,76,134,99,173,116,63,42,80,169,142,19,81,25,125,192,127,101,129,43,181,186,170,103,143,136,137,18,0,146,48,31,82,144,121,162,171,149,193,78,98,39,94,46,155,17,21,108,159,109,135,140,106,65,87,13,95,152,22,133,7,77,79,117,102,110,177,40,179,58,161,182,36,195,83,158,54,119,72,71,23,5,141,97,184,70,104,92,160,];False
5197;8074;13271;[198,174,190,32,189,130,6,38,61,163,199,49,12,112,167,15,16,4,147,28,24,150,20,9,176,3,157,183,37,138,126,115,1,74,34,35,93,194,8,154,166,113,188,55,44,45,131,185,68,123,50,86,52,91,69,164,53,59,11,57,132,75,175,62,120,89,2,67,56,10,90,88,156,73,41,114,47,165,153,26,172,60,145,196,84,85,66,118,124,51,29,191,197,168,14,187,128,27,178,33,100,111,22,151,139,105,180,107,148,30,64,96,76,134,99,173,116,63,42,80,169,142,19,81,25,125,192,127,101,129,43,181,186,170,103,143,136,137,18,0,146,48,92,82,144,121,162,171,149,193,78,98,39,94,46,155,17,21,108,159,109,135,140,106,65,87,13,95,152,122,133,7,77,83,117,102,110,177,40,179,58,161,182,36,195,79,158,54,119,72,71,23,5,141,97,184,70,104,31,160,];False
5204;8067;13271;[198,174,190,32,189,130,6,38,61,163,199,49,12,112,67,15,16,4,147,28,24,150,20,9,176,3,157,183,37,138,126,115,1,74,34,35,93,194,8,154,166,113,188,55,44,45,131,185,68,123,50,86,52,91,69,164,53,59,11,57,132,75,175,62,120,89,2,167,56,10,90,88,156,73,41,114,47,165,153,26,172,60,145,196,84,85,66,118,124,51,29,191,197,168,14,187,128,27,178,33,100,111,122,151,139,105,180,107,148,30,64,96,76,134,99,173,116,63,42,80,169,142,19,81,25,125,192,127,101,129,43,181,186,170,103,143,136,137,18,0,146,48,92,82,144,121,162,171,149,193,78,98,39,94,46,155,17,21,108,159,109,135,140,106,65,87,13,95,152,22,133,7,77,83,117,102,110,177,40,179,58,161,182,36,195,79,158,54,119,72,71,23,5,141,97,184,70,104,31,160,];False
5232;8038;13270;[198,174,190,32,189,130,6,38,61,163,199,49,12,112,167,15,99,4,147,28,24,150,20,9,176,3,157,183,37,138,126,115,1,74,34,35,93,194,8,154,166,113,188,55,44,45,131,185,68,123,50,86,52,91,69,164,53,59,11,57,132,75,175,62,120,89,2,67,56,10,90,88,156,73,41,114,47,165,153,26,172,60,145,196,84,85,66,118,124,51,29,191,197,168,14,187,128,27,178,33,100,111,122,151,139,105,180,107,148,30,64,96,76,134,16,173,116,63,42,80,169,142,19,81,25,125,192,127,101,129,43,181,186,170,103,143,136,137,18,0,146,48,92,82,144,121,162,171,149,193,78,98,39,94,46,155,17,21,108,159,109,135,140,106,65,87,13,95,152,22,133,7,77,79,117,102,110,177,40,179,58,161,182,36,195,83,158,54,119,72,71,23,5,141,97,184,70,104,31,160,];True
5219;8050;13269;[198,174,190,32,189,130,6,38,61,163,199,49,12,112,167,15,16,4,147,28,24,150,20,9,176,3,157,183,37,138,126,115,1,93,34,35,74,194,8,154,166,113,188,55,44,45,131,185,68,123,50,86,52,91,69,164,53,59,11,57,132,75,175,62,120,89,2,67,56,10,90,88,156,73,41,114,47,165,153,26,172,60,145,196,84,85,66,118,124,51,29,191,197,168,14,187,128,27,178,33,100,111,122,151,139,105,180,107,148,30,64,96,76,134,99,173,116,63,42,80,169,142,19,81,25,125,192,127,101,129,43,181,186,170,103,143,136,137,18,0,146,48,31,82,144,121,162,171,149,193,78,98,39,94,46,155,17,21,108,159,109,135,140,106,65,87,13,95,152,22,133,7,77,79,117,102,110,177,40,179,58,161,182,36,195,83,158,54,119,72,71,23,5,141,97,184,70,104,92,160,];False
5174;8094;13268;[198,174,190,32,189,130,6,38,61,163,199,49,12,112,167,15,16,4,147,28,24,150,20,9,176,3,157,183,37,138,126,115,1,74,34,35,93,194,8,154,166,113,188,55,44,45,131,185,68,123,50,86,52,91,69,164,53,59,11,57,132,75,175,62,120,89,2,67,56,10,90,88,156,73,41,114,47,165,153,26,172,60,145,196,84,85,66,118,124,51,29,98,197,168,14,187,128,27,178,33,100,111,122,151,139,105,180,107,148,30,64,96,76,134,99,173,116,63,42,80,169,142,19,81,25,125,192,127,101,129,43,181,186,170,103,143,136,137,18,0,146,48,92,82,144,121,162,171,149,193,78,191,39,94,46,155,17,21,108,159,109,135,140,106,65,87,13,95,152,22,133,7,77,83,117,102,110,177,40,179,58,161,182,36,195,79,158,54,119,72,71,23,5,141,97,184,70,104,31,160,];False
5162;8105;13267;[198,174,190,32,189,130,6,38,61,163,199,49,12,112,167,15,16,4,147,28,24,150,20,9,176,3,157,183,37,138,126,115,1,74,34,35,93,194,8,154,166,113,188,55,44,45,131,78,68,123,50,86,52,91,69,164,53,59,11,57,132,75,175,62,120,89,2,67,56,10,90,88,156,73,41,114,47,165,153,26,172,60,145,196,84,85,66,118,124,51,29,191,197,168,14,187,128,27,178,33,100,111,122,151,139,105,180,107,148,30,64,96,76,134,99,173,116,63,42,80,169,142,19,81,25,125,192,127,101,129,43,181,186,170,103,143,136,137,18,0,146,48,31,82,144,121,162,171,149,193,185,98,39,94,46,155,17,21,108,159,109,135,140,106,65,87,13,95,152,22,133,7,77,79,117,102,110,177,40,179,58,161,182,36,195,83,158,54,119,72,71,23,5,141,97,184,70,104,92,160,];False
5187;8076;13263;[198,174,190,32,189,130,6,38,61,163,199,49,12,112,167,15,16,4,147,28,24,150,20,9,176,3,157,183,37,138,126,115,1,74,34,35,93,194,8,154,166,113,188,55,44,45,131,185,68,123,50,86,52,91,69,164,53,59,11,57,132,75,175,62,120,89,2,67,56,10,90,88,156,73,41,114,47,165,0,26,172,60,145,196,84,85,66,118,124,51,29,191,197,168,14,187,128,27,178,33,100,111,122,151,139,105,180,107,148,30,64,96,76,134,99,173,116,63,42,80,169,142,19,81,25,125,192,127,101,129,43,181,186,170,103,143,136,137,18,153,146,48,92,82,144,121,162,171,149,193,78,98,39,94,46,155,17,21,108,159,109,135,140,106,65,87,13,95,152,22,133,7,77,83,117,102,110,177,40,179,58,161,182,36,195,79,158,54,119,72,71,23,5,141,97,184,70,104,31,160,];False
5205;8056;13261;[198,174,190,32,189,130,6,38,61,163,199,49,12,112,167,15,16,4,147,28,24,150,20,9,176,3,157,183,37,138,126,115,1,74,34,35,93,194,8,154,166,113,188,55,44,45,131,185,68,123,50,86,52,91,69,164,53,59,11,57,132,75,175,62,120,89,2,67,56,10,90,88,156,73,41,114,47,165,153,26,172,60,145,196,84,85,66,118,124,51,29,191,197,168,14,187,128,27,178,33,100,111,122,151,139,105,180,107,148,30,64,96,76,134,99,173,116,63,42,80,169,142,97,81,25,125,192,127,101,129,43,181,186,170,103,143,136,137,18,0,146,48,31,82,144,121,162,171,149,193,78,98,39,94,46,155,17,21,108,159,109,135,140,106,65,87,13,95,152,22,133,7,77,79,117,102,110,177,40,179,58,161,182,36,195,83,158,54,119,72,71,23,5,141,19,184,70,104,92,160,];False
5112;8149;13261;[198,174,190,32,189,130,6,38,61,163,199,49,12,112,167,15,16,4,147,28,24,150,20,9,176,3,157,183,37,138,126,115,1,74,34,35,93,194,8,154,166,113,188,55,44,45,131,185,68,123,50,86,52,91,69,164,53,59,11,57,132,75,175,62,120,89,2,67,56,10,90,88,156,73,41,114,47,165,153,26,172,60,145,196,84,85,66,118,124,51,29,191,197,168,14,187,128,27,178,33,100,111,122,151,139,105,180,107,148,30,64,96,76,134,99,173,116,63,42,80,169,142,19,81,25,125,192,127,101,129,43,181,186,170,103,143,136,137,18,0,146,48,31,82,144,121,162,171,149,193,78,98,39,94,46,155,179,21,108,159,109,135,140,106,65,87,13,95,152,22,133,7,77,79,117,102,110,177,40,17,58,161,182,36,195,83,158,54,119,72,71,23,5,141,97,184,70,104,92,160,];False
5114;8147;13261;[198,174,190,32,189,130,6,38,61,163,199,49,109,112,167,15,16,4,147,28,24,150,20,9,176,3,157,183,37,138,126,115,1,74,34,35,93,0,8,154,166,113,188,55,44,45,131,185,68,123,50,86,52,91,69,164,53,59,11,57,132,7,175,62,120,89,2,67,56,63,90,88,156,73,41,114,47,165,153,26,172,60,145,196,84,85,66,118,124,51,29,191,197,168,14,187,128,27,178,33,100,111,122,151,139,105,180,107,148,30,64,96,76,134,99,173,116,10,42,80,169,142,19,81,25,125,192,127,101,129,43,181,186,170,103,143,136,137,18,194,146,48,31,82,144,121,162,171,149,193,78,98,39,94,46,155,17,21,108,159,12,135,140,106,65,87,13,95,152,22,133,75,77,79,117,102,110,177,40,179,58,161,182,36,195,83,158,54,119,72,71,23,5,141,97,184,70,104,92,160,];False
5162;8099;13261;[198,174,190,32,189,130,6,38,61,163,199,49,12,112,167,15,16,4,147,28,24,150,20,9,176,3,157,183,37,138,126,115,1,74,34,35,93,194,8,154,166,113,188,55,44,45,131,185,68,123,50,86,52,91,69,164,53,59,11,57,132,75,175,62,120,89,2,67,56,10,90,88,156,73,41,114,47,165,153,26,172,33,145,196,84,85,66,118,124,51,29,191,197,168,14,187,128,27,178,60,100,111,122,151,139,105,180,107,148,30,64,96,76,134,99,173,116,63,42,80,169,142,19,81,25,125,192,127,101,129,43,181,186,170,103,143,136,137,18,0,146,48,92,82,144,121,162,171,149,193,78,98,39,94,46,155,17,21,108,159,109,135,140,106,65,87,13,95,152,22,133,7,77,79,117,102,110,177,40,179,58,161,182,36,195,83,158,54,119,72,71,23,5,141,97,184,70,104,31,160,];False
5155;8105;13260;[198,174,190,32,189,130,6,38,61,163,199,49,12,112,167,15,16,4,147,28,24,150,20,9,176,3,157,183,37,138,126,115,1,74,34,35,93,194,8,154,166,113,188,97,44,45,131,185,68,123,50,86,52,91,69,164,53,59,11,57,132,75,175,62,120,89,2,67,56,10,90,88,156,73,41,114,47,165,153,26,172,60,145,196,84,85,66,118,124,51,29,191,197,168,14,187,128,27,178,33,100,111,122,151,139,105,180,107,148,30,64,96,76,134,99,173,116,63,42,80,169,142,19,81,25,125,192,127,101,129,43,181,186,170,103,143,136,137,18,0,146,48,92,82,144,121,162,171,149,193,78,98,39,94,46,155,17,21,108,159,109,135,140,106,65,87,13,95,152,22,133,7,77,83,117,102,110,177,40,179,58,161,182,36,195,79,158,54,119,72,71,23,5,141,55,184,70,104,31,160,];False
5171;8084;13255;[198,174,190,32,189,130,6,38,61,163,199,49,12,112,167,15,16,4,147,28,24,150,20,9,176,3,157,183,37,138,126,115,1,74,34,35,93,194,8,154,166,113,188,55,44,45,131,185,68,123,50,86,52,91,69,164,53,59,11,57,132,7,175,62,120,89,2,67,56,10,90,88,156,73,41,114,47,165,153,26,172,60,145,196,84,85,66,118,124,51,29,191,197,168,14,187,128,27,178,33,100,111,122,151,139,105,180,107,148,30,64,96,76,134,99,173,116,63,42,80,169,142,19,81,25,125,192,127,101,129,43,181,186,170,103,143,136,137,18,0,146,48,31,82,144,121,162,171,149,193,78,98,39,94,46,155,17,21,108,159,109,135,140,106,65,87,13,95,152,22,133,75,77,79,117,102,110,177,40,179,58,161,182,36,195,83,158,54,119,72,71,23,5,141,97,184,70,104,92,160,];False
5186;8069;13255;[198,174,190,32,189,130,6,38,61,163,199,49,12,112,167,15,16,4,147,28,24,150,20,9,176,3,157,183,37,138,126,115,1,74,34,35,93,194,8,154,166,113,188,55,44,45,131,185,68,123,50,86,52,91,69,164,53,59,11,57,132,75,175,62,120,89,2,67,56,10,90,145,156,73,41,114,47,165,153,26,172,60,88,196,84,85,66,118,124,51,29,191,197,168,14,187,128,27,178,33,100,111,122,151,139,105,180,107,148,30,64,96,76,134,99,173,116,63,42,80,169,142,19,81,25,125,192,127,101,129,43,181,186,170,103,143,136,137,18,0,146,48,92,82,144,121,162,171,149,193,78,98,39,94,46,155,17,21,108,159,109,135,140,106,65,87,13,95,152,22,133,7,77,79,117,102,110,177,40,179,58,161,182,36,195,83,158,54,119,72,71,23,5,141,97,184,70,104,31,160,];False
5171;8083;13254;[198,174,190,32,189,130,6,38,61,163,199,49,12,112,167,15,16,4,147,28,24,150,20,9,176,3,157,183,37,138,126,115,1,74,34,35,93,194,8,154,166,113,188,55,44,45,131,185,68,123,50,86,52,91,69,164,53,59,11,57,132,75,175,62,120,89,2,67,56,10,90,88,156,73,41,114,47,165,153,26,172,60,145,196,84,85,66,118,124,51,29,191,197,168,14,187,128,27,178,33,100,111,122,151,139,105,180,107,148,30,64,96,76,134,99,173,116,63,42,80,169,142,19,81,25,125,192,127,101,129,152,181,186,170,103,143,136,137,18,0,146,48,92,82,144,121,162,171,149,193,78,98,39,94,46,155,17,21,108,159,109,135,140,106,65,87,13,95,43,22,133,7,77,79,117,102,110,177,40,179,58,161,182,36,195,83,158,54,119,72,71,23,5,141,97,184,70,104,31,160,];False
5153;8100;13253;[198,174,190,32,189,130,6,38,112,163,199,49,12,61,167,15,16,4,147,28,24,150,20,9,176,3,157,183,37,138,126,115,1,74,34,35,93,194,8,154,166,113,188,55,44,45,131,185,68,123,50,86,52,91,69,164,53,59,11,57,132,75,175,62,120,89,2,67,56,10,90,88,156,73,41,114,47,165,153,26,172,60,145,196,84,85,66,118,124,51,29,191,197,168,14,187,128,27,178,33,100,111,122,151,139,105,180,107,148,30,64,96,76,134,99,173,116,63,42,80,169,142,19,81,25,125,192,127,101,129,43,181,186,170,103,143,136,137,18,0,146,48,31,82,144,121,162,171,149,193,78,98,39,94,46,155,17,21,108,159,109,135,140,106,65,87,13,95,152,22,133,7,77,79,117,102,110,177,40,179,58,161,182,36,195,83,158,54,119,72,71,23,5,141,97,184,70,104,92,160,];False
5167;8083;13250;[198,174,190,32,189,130,6,38,61,163,199,49,12,112,167,15,16,4,147,28,24,150,20,9,176,3,157,183,37,138,126,178,1,74,34,35,93,194,8,154,166,113,188,55,44,45,131,185,68,123,50,86,52,91,69,164,53,59,11,57,132,75,175,62,120,89,2,67,56,10,90,88,156,73,41,114,47,165,153,26,172,60,145,196,84,85,66,118,124,51,29,191,197,168,14,187,128,27,115,33,100,111,122,151,139,105,180,107,148,30,64,96,76,134,99,173,116,63,42,80,169,142,19,81,25,125,192,127,101,129,43,181,186,170,103,143,136,137,18,0,146,48,92,82,144,121,162,171,149,193,78,98,39,94,46,155,17,21,108,159,109,135,140,106,65,87,13,95,152,22,133,7,77,83,117,102,110,177,40,179,58,161,182,36,195,79,158,54,119,72,71,23,5,141,97,184,70,104,31,160,];False
5172;8077;13249;[198,174,190,32,189,130,6,38,61,163,199,49,12,112,167,15,16,4,147,28,24,150,20,9,176,3,157,183,37,138,126,115,1,74,34,35,93,194,8,154,166,113,188,55,44,45,131,185,193,123,50,86,52,91,69,164,53,59,11,57,132,75,175,62,120,89,2,67,56,10,90,88,156,73,41,114,47,165,153,26,172,60,145,196,84,85,66,118,124,51,29,191,197,168,14,187,128,27,178,33,100,111,122,151,139,105,180,107,148,30,64,96,76,134,99,173,116,63,42,80,169,142,19,81,25,125,192,127,101,129,43,181,186,170,103,143,136,137,18,0,146,48,92,82,144,121,162,171,149,68,78,98,39,94,46,155,17,21,108,159,109,135,140,106,65,87,13,95,152,22,133,7,77,83,117,102,110,177,40,179,58,161,182,36,195,79,158,54,119,72,71,23,5,141,97,184,70,104,31,160,];False
5158;8090;13248;[198,174,190,32,189,130,6,38,61,163,199,49,12,112,167,15,16,4,147,28,24,150,20,9,176,3,157,183,37,138,126,115,1,74,34,35,93,194,8,154,166,113,188,55,44,45,131,185,68,123,50,86,52,91,69,164,53,59,11,57,132,75,175,62,120,89,2,67,56,10,90,88,156,73,41,114,47,165,153,26,172,60,145,196,84,85,66,118,124,51,29,191,197,168,14,187,128,27,178,33,100,111,122,151,139,105,180,107,148,30,64,96,76,134,99,173,116,63,42,80,169,142,19,81,25,125,192,127,101,129,43,181,186,170,103,143,136,137,18,0,146,48,92,82,144,121,162,171,149,193,78,98,39,94,46,155,17,21,108,159,109,135,140,106,65,87,13,95,152,22,133,7,72,83,117,102,110,177,40,179,58,161,182,36,195,79,158,54,119,77,71,23,5,141,97,184,70,104,31,160,];False
5171;8076;13247;[198,174,190,32,189,130,6,38,61,163,199,49,12,112,167,15,16,4,147,28,24,150,20,9,176,3,157,183,37,138,126,115,1,74,34,35,93,194,8,154,166,113,188,55,44,45,131,185,68,123,50,86,52,91,69,164,53,59,11,57,132,75,175,62,120,89,2,67,56,10,90,88,156,73,41,114,47,165,153,26,172,60,95,196,84,85,66,118,124,51,29,191,197,168,14,187,128,27,178,33,100,111,122,151,139,105,180,107,148,30,64,96,76,134,99,173,116,63,42,80,169,142,19,81,25,125,192,127,101,129,43,181,186,170,103,143,136,137,18,0,146,48,31,82,144,121,162,171,149,193,78,98,39,94,46,155,17,21,108,159,109,135,140,106,65,87,13,145,152,22,133,7,77,79,117,102,110,177,40,179,58,161,182,36,195,83,158,54,119,72,71,23,5,141,97,184,70,104,92,160,];False
5128;8117;13245;[198,174,190,32,189,130,6,38,61,163,199,49,12,112,167,15,16,4,68,28,24,150,20,9,176,3,157,183,37,138,126,115,1,74,34,35,93,194,8,154,166,113,188,55,44,45,131,185,147,123,50,86,52,91,69,164,53,59,11,57,132,75,175,62,120,89,2,67,56,10,90,88,156,73,41,114,47,165,153,26,172,60,145,196,84,85,66,118,124,51,29,191,197,168,14,187,128,27,178,33,100,111,122,151,139,105,180,107,148,30,64,96,76,134,99,173,116,63,42,80,169,142,19,81,25,125,192,127,101,129,43,181,186,170,103,143,136,137,18,0,146,48,92,82,144,121,162,171,149,193,78,98,39,94,46,155,17,21,108,159,109,135,140,106,65,87,13,95,152,22,133,7,77,83,117,102,110,177,40,179,58,161,182,36,195,79,158,54,119,72,71,23,5,141,97,184,70,104,31,160,];False
5133;8111;13244;[198,174,190,32,189,130,6,38,61,163,199,49,12,112,167,15,16,4,147,28,24,150,20,9,176,3,157,183,37,138,126,115,1,74,34,35,93,194,8,154,166,113,188,55,44,45,131,185,68,123,50,86,52,91,69,164,53,59,11,57,132,75,175,62,120,89,2,67,56,10,90,88,156,73,41,114,47,165,153,26,172,60,145,196,84,85,66,118,124,51,29,191,197,168,14,187,128,65,178,33,100,111,122,151,139,105,180,107,148,30,64,96,76,134,99,173,116,63,42,80,169,142,19,81,25,125,192,127,101,129,43,181,186,170,103,143,136,137,18,0,146,48,92,82,144,121,162,171,149,193,78,98,39,94,46,155,17,21,108,159,109,135,140,106,27,87,13,95,152,22,133,7,77,79,117,102,110,177,40,179,58,161,182,36,195,83,158,54,119,72,71,23,5,141,97,184,70,104,31,160,];False
5169;8073;13242;[198,174,190,32,189,130,6,38,61,163,199,49,12,112,113,15,16,4,147,28,24,150,20,9,176,3,157,183,37,138,126,115,1,74,34,35,93,194,8,154,166,167,188,55,44,45,131,185,68,123,50,86,52,91,69,164,53,59,11,57,132,75,175,62,120,89,2,67,56,10,90,88,156,73,41,114,47,165,153,26,172,60,145,196,84,85,66,118,124,51,29,191,197,168,14,187,128,27,178,33,100,111,122,151,139,105,180,107,148,30,64,96,76,134,99,173,116,63,42,80,169,142,19,81,25,125,192,127,101,129,43,181,186,170,103,143,136,137,18,0,146,48,92,82,144,121,162,171,149,193,78,98,39,94,46,155,17,21,108,159,109,135,140,106,65,87,13,95,152,22,133,7,77,79,117,102,110,177,40,179,58,161,182,36,195,83,158,54,119,72,71,23,5,141,97,184,70,104,31,160,];False
5150;8088;13238;[198,174,190,32,189,130,6,38,61,163,199,49,12,112,167,15,16,4,147,28,24,150,20,9,176,3,157,183,37,138,126,115,1,74,34,35,93,194,8,154,166,113,188,55,44,45,131,185,68,123,50,86,52,91,124,164,53,59,11,57,132,75,175,62,120,89,2,67,56,10,90,88,156,73,41,114,47,165,153,26,172,60,145,196,84,85,66,118,69,51,29,191,197,168,14,187,128,27,178,33,100,111,122,151,139,105,180,107,148,30,64,96,76,134,99,173,116,63,42,80,169,142,19,81,25,125,192,127,101,129,43,181,186,170,103,143,136,137,18,0,146,48,92,82,144,121,162,171,149,193,78,98,39,94,46,155,17,21,108,159,109,135,140,106,65,87,13,95,152,22,133,7,77,83,117,102,110,177,40,179,58,161,182,36,195,79,158,54,119,72,71,23,5,141,97,184,70,104,31,160,];False
5129;8105;13234;[198,174,190,32,189,130,6,38,61,163,199,49,12,112,167,15,16,4,147,28,24,150,20,9,176,3,157,183,37,138,126,115,1,74,34,35,93,194,8,154,166,113,188,55,44,45,131,185,68,123,50,86,52,91,69,164,53,59,11,57,132,75,175,62,120,89,2,67,56,10,90,88,156,73,41,114,47,165,153,26,172,60,145,196,84,85,66,118,124,51,29,191,197,168,14,187,128,27,178,33,100,111,122,151,139,105,180,107,148,30,64,96,76,134,99,173,116,63,42,80,169,142,19,81,25,125,192,127,101,129,43,181,186,170,103,143,136,65,18,0,146,48,92,82,144,121,162,171,149,193,78,98,39,94,46,155,17,21,108,159,109,135,140,106,137,87,13,95,152,22,133,7,77,79,117,102,110,177,40,179,58,161,182,36,195,83,158,54,119,72,71,23,5,141,97,184,70,104,31,160,];False
5167;8066;13233;[198,174,190,32,189,130,6,38,61,163,199,49,12,112,167,15,16,4,147,28,24,150,20,9,176,3,157,183,37,138,126,115,1,74,34,35,93,194,8,154,166,113,188,55,44,45,131,185,68,123,50,86,52,91,69,164,53,59,11,57,132,75,175,62,120,89,2,67,56,10,90,88,156,73,41,114,47,165,153,26,172,60,145,196,84,85,66,118,124,51,29,191,197,168,14,187,128,27,178,33,100,111,122,151,139,105,180,107,148,30,64,96,76,134,99,173,116,63,42,80,169,142,19,81,25,125,192,127,101,129,43,181,186,170,103,143,136,137,18,0,146,48,31,82,144,121,162,171,149,193,78,98,39,94,46,155,17,21,108,159,109,135,140,106,65,87,13,95,152,22,133,7,77,79,117,102,110,177,40,179,58,161,182,36,195,83,158,54,119,72,71,23,5,141,97,184,70,104,92,160,];False
5134;8093;13227;[198,174,190,32,189,130,6,38,61,163,199,49,12,112,167,15,16,4,147,28,24,150,20,9,176,3,157,183,37,138,126,115,1,74,34,35,93,194,8,154,166,113,188,55,44,45,131,185,68,123,50,86,52,91,69,164,53,59,11,57,18,75,175,62,120,89,2,67,56,10,90,88,156,73,41,114,47,165,153,26,172,60,145,196,84,85,66,118,124,51,29,191,197,168,14,187,128,27,178,33,100,111,122,151,139,105,180,107,148,30,64,96,76,134,99,173,116,63,42,80,169,142,19,81,25,125,192,127,101,129,43,181,186,170,103,143,136,137,132,0,146,48,92,82,144,121,162,171,149,193,78,98,39,94,46,155,17,21,108,159,109,135,140,106,65,87,13,95,152,22,133,7,77,79,117,102,110,177,40,179,58,161,182,36,195,83,158,54,119,72,71,23,5,141,97,184,70,104,31,160,];False
5140;8084;13224;[198,174,190,32,189,130,6,38,61,163,199,49,12,112,167,15,16,4,159,28,24,150,20,9,176,3,157,183,37,138,126,115,1,74,34,35,93,194,8,154,166,113,188,55,44,45,131,185,68,123,50,86,52,91,69,164,53,59,11,57,132,75,175,62,120,89,2,67,56,10,90,88,156,73,41,114,47,165,153,26,172,60,145,196,84,85,66,118,124,51,29,191,197,168,14,187,128,27,178,33,100,111,122,151,139,105,180,107,148,30,64,96,76,134,99,173,116,63,42,80,169,142,19,81,25,125,192,127,101,129,43,181,186,170,103,143,136,137,18,0,146,48,92,82,144,121,162,171,149,193,78,98,39,94,46,155,17,21,108,147,109,135,140,106,65,87,13,95,152,22,133,7,77,83,117,102,110,177,40,179,58,161,182,36,195,79,158,54,119,72,71,23,5,141,97,184,70,104,31,160,];False
5145;8076;13221;[198,190,174,32,189,130,6,38,61,163,199,49,12,112,167,15,16,4,147,28,24,150,20,9,176,3,157,183,37,138,126,115,1,74,34,35,93,194,8,154,166,113,188,55,44,45,131,185,68,123,50,86,52,91,69,164,53,59,11,57,132,75,175,62,120,89,2,67,56,10,90,88,156,73,41,114,47,165,153,26,172,60,145,196,84,85,66,118,124,51,29,191,197,168,14,187,128,27,178,33,100,111,122,151,139,105,180,107,148,30,64,96,76,134,99,173,116,63,42,80,169,142,19,81,25,125,192,127,101,129,43,181,186,170,103,143,136,137,18,0,146,48,92,82,144,121,162,171,149,193,78,98,39,94,46,155,17,21,108,159,109,135,140,106,65,87,13,95,152,22,133,7,77,83,117,102,110,177,40,179,58,161,182,36,195,79,158,54,119,72,71,23,5,141,97,184,70,104,31,160,];False
5064;8157;13221;[198,174,190,32,189,130,6,38,61,163,199,49,12,112,167,15,16,4,147,28,24,150,20,9,176,3,157,79,37,138,126,115,1,74,34,35,93,194,8,154,166,113,188,55,44,45,131,185,68,123,50,86,52,91,69,164,53,59,11,57,132,75,175,62,120,89,2,67,56,10,90,88,156,73,41,114,47,165,153,26,172,60,145,196,84,85,66,118,124,51,29,191,197,168,14,187,128,27,178,33,100,111,122,151,139,105,180,107,148,30,64,96,76,134,99,173,116,63,42,80,169,142,19,81,25,125,192,127,101,129,43,181,186,170,103,143,136,137,18,0,146,48,92,82,144,121,162,171,149,193,78,98,39,94,46,155,17,21,108,159,109,135,140,106,65,87,13,95,152,22,133,7,77,83,117,102,110,177,40,179,58,161,182,36,195,183,158,54,119,72,71,23,5,141,97,184,70,104,31,160,];False
5116;8103;13219;[198,174,190,32,189,130,6,38,61,163,199,49,12,112,167,15,16,4,147,28,24,150,20,9,176,3,157,183,37,138,126,115,1,74,34,35,93,194,8,154,166,113,188,55,44,45,131,185,68,123,50,86,52,91,69,164,53,59,11,57,132,75,175,62,120,89,2,67,56,10,90,88,156,73,41,114,47,165,153,26,172,60,145,196,84,85,66,118,124,51,29,191,197,168,14,187,128,27,178,33,100,111,122,151,78,105,180,107,148,30,64,96,76,134,99,173,116,63,42,80,169,142,19,81,25,125,192,127,101,129,43,181,186,170,103,143,136,137,18,0,146,48,92,82,144,121,162,171,149,193,139,98,39,94,46,155,17,21,108,159,109,135,140,106,65,87,13,95,152,22,133,7,77,83,117,102,110,177,40,179,58,161,182,36,195,79,158,54,119,72,71,23,5,141,97,184,70,104,31,160,];False
5077;8140;13217;[198,174,190,32,189,130,6,38,61,163,199,49,12,112,167,15,16,4,147,28,24,150,20,9,176,3,157,183,37,138,126,115,1,74,34,35,93,194,8,154,166,64,188,55,44,45,131,185,68,123,50,86,52,91,69,164,53,59,11,57,132,75,175,62,120,89,2,67,56,10,90,88,156,73,41,114,47,165,153,26,172,60,145,196,84,85,66,118,124,51,29,191,197,168,14,187,128,27,178,33,100,111,122,151,139,105,180,107,148,30,113,96,76,134,99,173,116,63,42,80,169,142,19,81,25,125,192,127,101,129,43,181,186,170,103,143,136,137,18,0,146,48,92,82,144,121,162,171,149,193,78,98,39,94,46,155,17,21,108,159,109,135,140,106,65,87,13,95,152,22,133,7,77,83,117,102,110,177,40,179,58,161,182,36,195,79,158,54,119,72,71,23,5,141,97,184,70,104,31,160,];False
5143;8072;13215;[198,174,190,32,189,130,6,38,61,163,199,107,12,112,167,15,16,4,147,28,24,150,20,9,176,3,157,183,37,138,126,115,1,74,34,35,93,194,8,154,166,113,188,55,44,45,131,185,68,123,50,86,52,91,69,164,53,59,11,57,132,75,175,62,120,89,2,67,56,10,90,88,156,73,41,114,47,165,153,26,172,60,145,196,84,85,66,118,124,51,29,191,197,168,14,187,128,27,178,33,100,111,122,151,139,105,180,49,148,30,64,96,76,134,99,173,116,63,42,80,169,142,19,81,25,125,192,127,101,129,43,181,186,170,103,143,136,137,18,0,146,48,92,82,144,121,162,171,149,193,78,98,39,94,46,155,17,21,108,159,109,135,140,106,65,87,13,95,152,22,133,7,77,83,117,102,110,177,40,179,58,161,182,36,195,79,158,54,119,72,71,23,5,141,97,184,70,104,31,160,];False
5165;8047;13212;[198,174,190,32,189,130,6,38,61,163,199,49,97,112,167,15,16,4,147,28,24,150,20,9,176,3,157,183,37,138,126,115,1,74,34,35,93,194,8,154,166,113,188,55,44,45,131,185,68,123,50,86,52,91,69,164,53,59,11,57,132,75,175,62,120,89,2,67,56,10,90,88,156,73,41,114,47,165,153,26,172,60,145,196,84,85,66,118,124,51,29,191,197,168,14,187,128,27,178,33,100,111,122,151,139,105,180,107,148,30,64,96,76,134,99,173,116,63,42,80,169,142,19,81,25,125,192,127,101,129,43,181,186,170,103,143,136,137,18,0,146,48,92,82,144,121,162,171,149,193,78,98,39,94,46,155,17,21,108,159,109,135,140,106,65,87,13,95,152,22,133,7,77,83,117,102,110,177,40,179,58,161,182,36,195,79,158,54,119,72,71,23,5,141,12,184,70,104,31,160,];True
5111;8100;13211;[198,174,190,32,189,130,6,38,61,163,199,49,12,112,167,15,16,4,147,28,24,150,20,9,176,3,157,183,37,138,126,115,1,74,34,35,93,194,8,154,166,113,47,55,44,45,131,185,68,123,50,86,52,91,69,164,53,59,11,57,132,75,175,62,120,89,2,67,56,10,90,88,156,73,41,114,188,165,153,26,172,60,145,196,84,85,66,118,124,51,29,191,197,168,14,187,128,27,178,33,100,111,122,151,139,105,180,107,148,30,64,96,76,134,99,173,116,63,42,80,169,142,19,81,25,125,192,127,101,129,43,181,186,170,103,143,136,137,18,0,146,48,31,82,144,121,162,171,149,193,78,98,39,94,46,155,17,21,108,159,109,135,140,106,65,87,13,95,152,22,133,7,77,79,117,102,110,177,40,179,58,161,182,36,195,83,158,54,119,72,71,23,5,141,97,184,70,104,92,160,];False
5114;8096;13210;[198,174,190,32,189,130,6,38,61,163,199,49,12,112,167,15,16,4,147,177,24,150,20,9,176,3,157,183,37,138,126,115,1,74,34,35,93,194,8,154,166,113,188,55,44,45,131,185,68,123,50,86,52,91,69,164,53,59,11,57,132,75,175,62,120,89,2,67,56,10,90,88,156,73,41,114,47,165,153,26,172,60,145,196,84,85,66,118,124,51,29,191,197,168,14,187,128,27,178,33,100,111,122,151,139,105,180,107,148,30,64,96,76,134,99,173,116,63,42,80,169,142,19,81,25,125,192,127,101,129,43,181,186,170,103,143,136,137,18,0,146,48,92,82,144,121,162,171,149,193,78,98,39,94,46,155,17,21,108,159,109,135,140,106,65,87,13,95,152,22,133,7,77,83,117,102,110,28,40,179,58,161,182,36,195,79,158,54,119,72,71,23,5,141,97,184,70,104,31,160,];False
5115;8094;13209;[198,174,190,32,189,130,6,38,61,163,199,49,12,112,167,15,16,4,147,28,24,150,20,9,176,3,157,183,37,138,126,115,1,74,34,35,93,194,8,154,166,113,188,55,44,45,131,185,68,123,50,86,52,91,69,164,53,59,11,57,132,90,175,62,120,89,2,67,56,10,75,88,156,73,41,114,47,165,153,26,172,60,145,196,84,85,66,118,124,51,29,191,197,168,14,187,128,27,178,33,100,111,122,151,139,105,180,107,148,30,64,96,76,134,99,173,116,63,42,80,169,142,19,81,25,125,192,127,101,129,43,181,186,170,103,143,136,137,18,0,146,48,92,82,144,121,162,171,149,193,78,98,39,94,46,155,17,21,108,159,109,135,140,106,65,87,13,95,152,22,133,7,77,83,117,102,110,177,40,179,58,161,182,36,195,79,158,54,119,72,71,23,5,141,97,184,70,104,31,160,];False
5108;8082;13190;[198,174,190,32,189,130,6,38,61,163,199,49,12,112,167,15,16,4,147,28,24,150,20,9,176,3,157,183,37,138,126,115,1,74,34,35,93,194,8,154,166,113,188,55,44,45,131,185,68,123,50,86,52,91,69,164,53,59,11,57,132,75,175,62,120,89,2,67,56,10,90,88,156,73,41,114,47,165,153,26,172,60,145,196,0,85,66,118,124,51,29,191,197,168,14,187,128,27,178,33,100,111,122,151,139,105,180,107,148,30,64,96,76,134,99,173,116,63,42,80,169,142,19,81,25,125,192,127,101,129,43,181,186,170,103,143,136,137,18,84,146,48,92,82,144,121,162,171,149,193,78,98,39,94,46,155,17,21,108,159,109,135,140,106,65,87,13,95,152,22,133,7,77,83,117,102,110,177,40,179,58,161,182,36,195,79,158,54,119,72,71,23,5,141,97,184,70,104,31,160,];False
5074;8113;13187;[198,174,190,32,189,130,6,38,61,163,199,49,12,112,167,15,16,4,147,101,24,150,20,9,176,3,157,183,37,138,126,115,1,74,34,35,93,194,8,154,166,113,188,55,44,45,131,185,68,123,50,86,52,91,69,164,53,59,11,57,132,75,175,62,120,89,2,67,56,10,90,88,156,73,41,114,47,165,153,26,172,60,145,196,84,85,66,118,124,51,29,191,197,168,14,187,128,27,178,33,100,111,122,151,139,105,180,107,148,30,64,96,76,134,99,173,116,63,42,80,169,142,19,81,25,125,192,127,28,129,43,181,186,170,103,143,136,137,18,0,146,48,92,82,144,121,162,171,149,193,78,98,39,94,46,155,17,21,108,159,109,135,140,106,65,87,13,95,152,22,133,7,77,83,117,102,110,177,40,179,58,161,182,36,195,79,158,54,119,72,71,23,5,141,97,184,70,104,31,160,];False
5046;8139;13185;[198,174,190,32,189,130,6,38,61,163,199,49,12,112,167,15,16,4,147,28,24,150,20,9,176,3,157,183,37,138,126,115,1,74,34,35,93,194,8,154,166,113,188,55,44,45,131,185,68,123,50,86,52,91,69,164,53,59,11,57,132,75,175,62,120,89,2,67,56,10,90,88,156,73,41,114,47,106,153,26,172,60,145,196,84,85,66,118,124,51,29,191,197,168,14,187,128,27,178,33,100,111,122,151,139,105,180,107,148,30,64,96,76,134,99,173,116,63,42,80,169,142,19,81,25,125,192,127,101,129,43,181,186,170,103,143,136,137,18,0,146,48,92,82,144,121,162,171,149,193,78,98,39,94,46,155,17,21,108,159,109,135,140,165,65,87,13,95,152,22,133,7,77,83,117,102,110,177,40,179,58,161,182,36,195,79,158,54,119,72,71,23,5,141,97,184,70,104,31,160,];True
5111;8073;13184;[198,174,190,32,189,130,6,38,61,163,199,49,12,112,167,15,16,4,147,28,24,150,20,9,176,3,157,183,37,138,126,115,1,74,34,35,93,194,8,154,166,113,188,55,44,45,131,185,68,123,50,86,52,91,69,164,53,59,11,57,132,75,175,62,120,89,2,67,56,10,90,88,156,73,41,114,47,165,153,26,172,60,145,196,84,85,66,118,124,51,29,191,197,168,14,187,128,27,178,33,100,111,122,151,139,105,180,107,148,30,64,96,76,134,99,173,116,63,42,80,169,142,19,81,25,125,192,127,101,129,43,181,186,170,103,143,82,137,18,0,146,48,92,136,144,121,162,171,149,193,78,98,39,94,46,155,17,21,108,159,109,135,140,106,65,87,13,95,152,22,133,7,77,83,117,102,110,177,40,179,58,161,182,36,195,79,158,54,119,72,71,23,5,141,97,184,70,104,31,160,];False
5113;8071;13184;[198,174,164,32,189,130,6,38,61,163,199,49,12,112,167,15,16,4,147,28,24,150,20,9,176,3,157,183,37,138,126,115,1,74,34,35,93,194,8,154,166,113,188,55,44,45,131,185,68,123,50,86,52,91,69,190,53,59,11,57,132,75,175,62,120,89,2,67,56,10,90,88,156,73,41,114,47,165,153,26,172,60,145,196,84,85,66,118,124,51,29,191,197,168,14,187,128,27,178,33,100,111,122,151,139,105,180,107,148,30,64,96,76,134,99,173,116,63,42,80,169,142,19,81,25,125,192,127,101,129,43,181,186,170,103,143,136,137,18,0,146,48,92,82,144,121,162,171,149,193,78,98,39,94,46,155,17,21,108,159,109,135,140,106,65,87,13,95,152,22,133,7,77,83,117,102,110,177,40,179,58,161,182,36,195,79,158,54,119,72,71,23,5,141,97,184,70,104,31,160,];False
5110;8070;13180;[198,174,190,32,189,83,6,38,61,163,199,49,12,112,167,15,16,4,147,28,24,150,20,9,176,3,157,183,37,138,126,115,1,74,34,35,93,194,8,154,166,113,188,55,44,45,131,185,68,123,50,86,52,91,69,164,53,59,11,57,132,75,175,62,120,89,2,67,56,10,90,88,156,73,41,114,47,165,153,26,172,60,145,196,84,85,66,118,124,51,29,191,197,168,14,187,128,27,178,33,100,111,122,151,139,105,180,107,148,30,64,96,76,134,99,173,116,63,42,80,169,142,19,81,25,125,192,127,101,129,43,181,186,170,103,143,136,137,18,0,146,48,92,82,144,121,162,171,149,193,78,98,39,94,46,155,17,21,108,159,109,135,140,106,65,87,13,95,152,22,133,7,77,130,117,102,110,177,40,179,58,161,182,36,195,79,158,54,119,72,71,23,5,141,97,184,70,104,31,160,];False
5070;8104;13174;[198,174,190,32,189,130,6,38,61,163,199,49,12,112,126,15,16,4,147,28,24,150,20,9,176,3,157,183,37,138,167,115,1,74,34,35,93,194,8,154,166,113,188,55,44,45,131,185,68,123,50,86,52,91,69,164,53,59,11,57,132,75,175,62,120,89,2,67,56,10,90,88,156,73,41,114,47,165,153,26,172,60,145,196,84,85,66,118,124,51,29,191,197,168,14,187,128,27,178,33,100,111,122,151,139,105,180,107,148,30,64,96,76,134,99,173,116,63,42,80,169,142,19,81,25,125,192,127,101,129,43,181,186,170,103,143,136,137,18,0,146,48,92,82,144,121,162,171,149,193,78,98,39,94,46,155,17,21,108,159,109,135,140,106,65,87,13,95,152,22,133,7,77,83,117,102,110,177,40,179,58,161,182,36,195,79,158,54,119,72,71,23,5,141,97,184,70,104,31,160,];False
5079;8095;13174;[198,174,199,32,189,130,6,38,61,163,190,49,12,112,167,15,16,4,147,28,24,150,20,9,176,3,157,183,37,138,126,115,1,74,34,35,93,194,8,154,166,113,188,55,44,45,131,185,68,123,50,86,52,91,69,164,53,59,11,57,132,75,175,62,120,89,2,67,56,10,90,88,156,73,41,114,47,165,153,26,172,60,145,196,84,85,66,118,124,51,29,191,197,168,14,187,128,27,178,33,100,111,122,151,139,105,180,107,148,30,64,96,76,134,99,173,116,63,42,80,169,142,19,81,25,125,192,127,101,129,43,181,186,170,103,143,136,137,18,0,146,48,92,82,144,121,162,171,149,193,78,98,39,94,46,155,17,21,108,159,109,135,140,106,65,87,13,95,152,22,133,7,77,83,117,102,110,177,40,179,58,161,182,36,195,79,158,54,119,72,71,23,5,141,97,184,70,104,31,160,];False
5094;8072;13166;[198,174,190,32,189,130,6,9,61,163,199,49,12,112,167,15,16,4,147,28,24,150,20,38,176,3,157,183,37,138,126,115,1,74,34,35,93,194,8,154,166,113,188,55,44,45,131,185,68,123,50,86,52,91,69,164,53,59,11,57,132,75,175,62,120,89,2,67,56,10,90,88,156,73,41,114,47,165,153,26,172,60,145,196,84,85,66,118,124,51,29,191,197,168,14,187,128,27,178,33,100,111,122,151,139,105,180,107,148,30,64,96,76,134,99,173,116,63,42,80,169,142,19,81,25,125,192,127,101,129,43,181,186,170,103,143,136,137,18,0,146,48,92,82,144,121,162,171,149,193,78,98,39,94,46,155,17,21,108,159,109,135,140,106,65,87,13,95,152,22,133,7,77,79,117,102,110,177,40,179,58,161,182,36,195,83,158,54,119,72,71,23,5,141,97,184,70,104,31,160,];False
5062;8091;13153;[198,174,190,32,189,130,6,38,61,163,199,49,12,112,167,15,16,4,147,28,24,150,20,9,176,3,157,183,37,138,126,115,1,74,34,35,93,194,8,154,166,113,188,55,44,45,131,185,68,123,50,86,52,91,69,164,53,59,11,57,132,75,175,62,120,89,2,67,56,10,90,88,156,73,41,114,47,165,153,26,172,60,145,196,84,85,66,118,124,51,29,191,197,168,14,187,128,27,178,33,100,111,122,151,139,105,180,107,148,30,64,96,76,134,99,173,116,63,42,80,169,142,19,81,25,46,192,127,101,129,43,181,186,170,103,143,136,137,18,0,146,48,92,82,144,121,162,171,149,193,78,98,39,94,125,155,17,21,108,159,109,135,140,106,65,87,13,95,152,22,133,7,77,83,117,102,110,177,40,179,58,161,182,36,195,79,158,54,119,72,71,23,5,141,97,184,70,104,31,160,];False
5066;8086;13152;[198,174,190,32,189,130,6,38,61,163,199,49,12,112,167,15,16,4,147,28,24,150,20,9,176,3,157,183,37,138,126,115,1,74,34,35,93,194,8,154,166,113,26,55,44,45,131,185,68,123,50,86,52,91,69,164,53,59,11,57,132,75,175,62,120,89,2,67,56,10,90,88,156,73,41,114,47,165,153,188,172,60,145,196,84,85,66,118,124,51,29,191,197,168,14,187,128,27,178,33,100,111,122,151,139,105,180,107,148,30,64,96,76,134,99,173,116,63,42,80,169,142,19,81,25,125,192,127,101,129,43,181,186,170,103,143,136,137,18,0,146,48,92,82,144,121,162,171,149,193,78,98,39,94,46,155,17,21,108,159,109,135,140,106,65,87,13,95,152,22,133,7,77,83,117,102,110,177,40,179,58,161,182,36,195,79,158,54,119,72,71,23,5,141,97,184,70,104,31,160,];False
5083;8066;13149;[198,174,190,32,189,130,6,38,61,163,199,49,12,112,167,15,16,4,147,28,24,150,20,9,176,3,157,183,37,138,126,115,1,74,34,35,93,194,8,154,166,113,148,55,44,45,131,185,68,123,50,86,52,91,69,164,53,59,11,57,132,75,175,62,120,89,2,67,56,10,90,88,156,73,41,114,47,165,153,26,172,60,145,196,84,85,66,118,124,51,29,191,197,168,14,187,128,27,178,33,100,111,122,151,139,105,180,107,188,30,64,96,76,134,99,173,116,63,42,80,169,142,19,81,25,125,192,127,101,129,43,181,186,170,103,143,136,137,18,0,146,48,92,82,144,121,162,171,149,193,78,98,39,94,46,155,17,21,108,159,109,135,140,106,65,87,13,95,152,22,133,7,77,83,117,102,110,177,40,179,58,161,182,36,195,79,158,54,119,72,71,23,5,141,97,184,70,104,31,160,];False
5049;8082;13131;[198,174,190,32,189,130,6,38,61,163,199,49,12,112,167,15,16,4,147,28,24,150,20,9,176,3,157,183,37,138,126,115,1,74,34,35,93,194,8,154,166,113,188,55,44,45,131,185,68,123,50,54,52,91,69,164,53,59,11,57,132,75,175,62,120,89,2,67,56,10,90,88,156,73,41,114,47,165,153,26,172,60,145,196,84,85,66,118,124,51,29,191,197,168,14,187,128,27,178,33,100,111,122,151,139,105,180,107,148,30,64,96,76,134,99,173,116,63,42,80,169,142,19,81,25,125,192,127,101,129,43,181,186,170,103,143,136,137,18,0,146,48,92,82,144,121,162,171,149,193,78,98,39,94,46,155,17,21,108,159,109,135,140,106,65,87,13,95,152,22,133,7,77,83,117,102,110,177,40,179,58,161,182,36,195,79,158,86,119,72,71,23,5,141,97,184,70,104,31,160,];False
5061;8068;13129;[198,174,190,32,189,130,6,38,61,163,199,49,12,112,167,15,16,4,147,28,24,150,20,9,176,3,157,183,37,138,126,115,1,74,34,35,93,194,8,154,166,113,188,55,44,45,131,185,68,123,50,86,52,91,69,164,53,59,11,57,132,75,175,62,120,89,2,67,56,10,90,88,156,73,41,114,47,165,153,26,172,60,145,196,84,85,66,118,124,51,29,191,197,168,14,187,128,27,178,33,100,111,122,151,139,105,180,107,148,30,64,96,76,134,99,173,116,63,42,80,169,142,19,81,25,125,192,127,101,129,43,181,186,170,103,143,136,137,18,0,146,48,92,82,144,121,162,171,149,193,78,98,39,94,46,155,17,21,108,159,109,135,140,106,65,87,13,95,152,22,133,7,77,79,117,102,110,177,40,179,58,161,182,36,195,83,158,54,119,72,71,23,5,141,97,184,70,104,31,160,];False
5047;8080;13127;[198,174,190,32,189,130,6,38,61,163,199,49,12,112,167,15,16,4,147,28,24,150,20,9,176,3,157,183,37,138,126,115,1,74,34,35,93,194,8,154,166,113,88,55,44,45,131,185,68,123,50,86,52,91,69,164,53,59,11,57,132,75,175,62,120,89,2,67,56,10,90,188,156,73,41,114,47,165,153,26,172,60,145,196,84,85,66,118,124,51,29,191,197,168,14,187,128,27,178,33,100,111,122,151,139,105,180,107,148,30,64,96,76,134,99,173,116,63,42,80,169,142,19,81,25,125,192,127,101,129,43,181,186,170,103,143,136,137,18,0,146,48,92,82,144,121,162,171,149,193,78,98,39,94,46,155,17,21,108,159,109,135,140,106,65,87,13,95,152,22,133,7,77,83,117,102,110,177,40,179,58,161,182,36,195,79,158,54,119,72,71,23,5,141,97,184,70,104,31,160,];True
5048;8066;13114;[198,174,190,32,189,130,6,38,61,163,199,49,12,112,167,15,16,4,147,28,24,150,20,9,176,3,157,183,37,138,126,115,1,74,34,35,93,194,8,154,166,113,188,55,44,45,131,185,68,123,50,86,52,91,69,164,53,59,11,57,132,75,175,62,120,89,2,67,56,10,90,88,156,73,41,114,47,165,153,26,172,60,145,196,84,85,66,118,124,51,29,191,197,168,14,187,128,27,178,33,100,111,122,151,139,105,180,107,148,30,64,96,76,134,99,173,116,63,42,80,169,142,19,81,25,125,192,127,101,129,43,181,186,170,103,143,136,137,18,0,146,48,92,82,144,121,162,171,149,193,78,98,39,94,46,155,17,21,108,159,109,135,140,106,65,87,13,95,152,22,133,7,77,83,117,102,110,177,40,179,58,161,182,36,195,79,158,54,119,72,71,23,5,141,97,184,70,104,31,160,];True
