utilA;utilB;utilSum;contract;pareto
2273;6980;9253;[34,198,174,190,109,118,6,193,172,132,130,22,96,7,182,113,66,157,103,105,74,188,87,37,94,0,167,61,45,138,178,147,78,128,42,120,3,121,162,126,143,160,91,1,33,124,180,196,36,85,104,17,82,23,189,81,112,93,19,26,176,46,9,49,170,95,38,139,65,20,51,50,21,48,146,4,84,67,32,72,163,25,70,41,142,117,77,2,156,71,191,144,184,8,173,18,86,110,101,59,80,100,30,134,148,11,97,58,54,151,149,165,181,68,123,44,131,158,62,195,119,43,39,107,55,14,13,111,52,89,75,129,15,135,53,183,69,159,164,90,28,155,73,99,106,136,115,152,35,161,102,137,133,76,122,116,16,125,145,140,92,108,192,40,169,194,29,154,60,177,27,185,127,12,171,141,98,114,64,79,179,47,88,5,186,199,83,153,166,24,150,10,187,175,57,197,168,31,56,63];False
2324;6947;9271;[34,198,174,190,109,118,6,193,172,132,130,22,12,7,85,113,66,157,103,105,74,188,87,37,94,0,167,61,45,138,178,147,78,128,42,120,3,121,162,126,143,160,91,1,33,124,180,196,36,182,104,17,82,23,189,81,112,93,19,26,176,46,9,49,170,95,38,139,65,20,51,50,21,48,146,4,84,67,32,72,163,25,70,41,142,117,77,2,156,71,191,144,184,8,173,18,86,110,101,59,80,100,30,134,148,11,97,58,54,151,149,165,181,68,123,44,131,158,62,195,119,43,39,107,55,14,13,111,52,89,75,129,15,135,53,183,69,159,164,90,28,155,73,99,106,136,115,152,35,161,102,137,133,76,122,116,16,125,145,140,92,108,192,40,169,194,29,154,60,177,27,185,127,96,171,141,98,114,64,79,179,47,88,5,186,199,83,153,166,24,150,10,187,175,57,197,168,31,56,63];True
2345;6943;9288;[34,198,174,190,109,118,6,193,172,132,130,22,12,7,182,167,66,157,103,105,74,188,87,37,94,0,113,61,45,138,178,147,78,128,42,120,3,121,162,126,143,160,91,1,33,124,180,196,36,85,104,17,82,23,189,81,112,93,19,26,176,46,9,49,170,95,38,139,65,20,51,50,21,48,146,4,84,67,32,72,163,25,70,41,142,117,77,2,156,71,191,144,184,8,173,18,86,110,101,59,80,100,30,134,148,11,97,58,54,151,149,165,181,68,123,44,131,158,62,195,119,43,39,107,55,14,13,111,52,89,75,129,15,135,53,183,69,159,164,90,28,155,73,99,106,136,115,152,35,161,102,137,133,76,122,116,16,125,145,140,92,108,192,40,169,194,29,154,60,177,27,185,127,96,171,141,98,114,64,79,179,47,88,5,186,199,83,153,166,24,150,10,187,175,57,197,168,31,56,63];False
2279;6973;9252;[34,198,174,190,109,118,6,193,172,132,130,22,12,7,182,113,66,157,103,105,74,188,87,37,94,0,167,61,45,138,178,147,78,128,134,120,3,121,162,126,143,160,91,1,33,124,180,196,36,85,104,17,82,23,189,81,112,93,19,26,176,46,9,49,170,95,38,139,65,20,51,50,21,48,146,4,84,67,32,72,163,25,70,41,142,117,77,2,156,71,191,144,184,8,173,18,86,110,101,59,80,100,30,42,148,11,97,58,54,151,149,165,181,68,123,44,131,158,62,195,119,43,39,107,55,14,13,111,52,89,75,129,15,135,53,183,69,159,164,90,28,155,73,99,106,136,115,152,35,161,102,137,133,76,122,116,16,125,145,140,92,108,192,40,169,194,29,154,60,177,27,185,127,96,171,141,98,114,64,79,179,47,88,5,186,199,83,153,166,24,150,10,187,175,57,197,168,31,56,63];False
2292;6965;9257;[34,198,174,190,109,118,6,193,172,132,130,22,12,7,182,113,66,157,103,105,74,188,87,37,94,0,167,61,45,138,178,147,78,128,42,120,3,121,162,126,143,160,91,1,33,124,180,196,36,85,104,17,108,23,189,81,112,93,19,26,176,46,9,49,170,95,38,139,65,20,51,50,21,48,146,4,84,67,32,72,163,25,70,41,142,117,77,2,156,71,191,144,184,8,173,18,86,110,101,59,80,100,30,134,148,11,97,58,54,151,149,165,181,68,123,44,131,158,62,195,119,43,39,107,55,14,13,111,52,89,75,129,15,135,53,183,69,159,164,90,28,155,73,99,106,136,115,152,35,161,102,137,133,76,122,116,16,125,145,140,92,82,192,40,169,194,29,154,60,177,27,185,127,96,171,141,98,114,64,79,179,47,88,5,186,199,83,153,166,24,150,10,187,175,57,197,168,31,56,63];False
2317;6948;9265;[34,198,174,190,109,118,6,193,172,132,130,22,12,7,182,113,66,157,103,105,74,188,87,37,94,0,167,61,45,138,178,147,78,128,42,120,3,121,162,126,143,160,91,1,33,124,180,196,36,85,104,17,82,23,189,81,52,93,19,26,176,46,9,49,170,95,38,139,65,20,51,50,21,48,146,4,84,67,32,72,163,25,70,41,142,117,77,2,156,71,191,144,184,8,173,18,86,110,101,59,80,100,30,134,148,11,97,58,54,151,149,165,181,68,123,44,131,158,62,195,119,43,39,107,55,14,13,111,112,89,75,129,15,135,53,183,69,159,164,90,28,155,73,99,106,136,115,152,35,161,102,137,133,76,122,116,16,125,145,140,92,108,192,40,169,194,29,154,60,177,27,185,127,96,171,141,98,114,64,79,179,47,88,5,186,199,83,153,166,24,150,10,187,175,57,197,168,31,56,63];True
2239;6985;9224;[34,198,174,190,109,118,6,193,172,132,130,22,12,7,182,113,66,157,103,105,74,188,87,37,94,0,167,61,45,138,178,147,78,128,42,120,3,121,162,126,143,160,91,1,33,124,180,196,36,85,104,17,82,23,189,81,112,93,19,26,176,46,116,49,170,95,38,139,65,20,51,50,21,48,146,4,84,67,32,72,163,25,70,41,142,117,77,2,156,71,191,144,184,8,173,18,86,110,101,59,80,100,30,134,148,11,97,58,54,151,149,165,181,68,123,44,131,158,62,195,119,43,39,107,55,14,13,111,52,89,75,129,15,135,53,183,69,159,164,90,28,155,73,99,106,136,115,152,35,161,102,137,133,76,122,9,16,125,145,140,92,108,192,40,169,194,29,154,60,177,27,185,127,96,171,141,98,114,64,79,179,47,88,5,186,199,83,153,166,24,150,10,187,175,57,197,168,31,56,63];False
2328;6946;9274;[34,198,174,190,109,118,6,193,172,132,130,22,12,7,182,113,66,157,103,105,74,188,87,37,94,0,167,61,45,138,178,147,78,128,42,120,3,121,162,126,143,160,91,1,33,124,180,196,36,85,104,17,82,23,189,81,112,93,19,26,176,46,9,49,170,95,38,139,65,20,51,50,21,155,146,4,84,67,32,72,163,25,70,41,142,117,77,2,156,71,191,144,184,8,173,18,86,110,101,59,80,100,30,134,148,11,97,58,54,151,149,165,181,68,123,44,131,158,62,195,119,43,39,107,55,14,13,111,52,89,75,129,15,135,53,183,69,159,164,90,28,48,73,99,106,136,115,152,35,161,102,137,133,76,122,116,16,125,145,140,92,108,192,40,169,194,29,154,60,177,27,185,127,96,171,141,98,114,64,79,179,47,88,5,186,199,83,153,166,24,150,10,187,175,57,197,168,31,56,63];True
2312;6949;9261;[34,198,174,190,109,118,6,193,172,132,130,22,12,7,182,113,66,157,103,105,74,188,87,37,94,0,167,61,45,138,178,147,78,128,42,120,3,121,162,126,143,160,91,1,33,124,180,196,36,85,104,17,82,23,189,81,112,93,19,26,176,46,9,49,170,95,38,139,65,20,51,50,21,48,146,4,84,67,32,72,163,25,70,41,142,117,77,57,156,71,191,144,184,8,173,18,86,110,101,59,80,100,30,134,148,11,97,58,54,151,149,165,181,68,123,44,131,158,62,195,119,43,39,107,55,14,13,111,52,89,75,129,15,135,53,183,69,159,164,90,28,155,73,99,106,136,115,152,35,161,102,137,133,76,122,116,16,125,145,140,92,108,192,40,169,194,29,154,60,177,27,185,127,96,171,141,98,114,64,79,179,47,88,5,186,199,83,153,166,24,150,10,187,175,2,197,168,31,56,63];True
2289;6959;9248;[34,198,174,190,109,118,6,193,172,132,130,22,12,7,182,113,66,157,103,105,74,188,87,37,94,0,167,61,45,138,178,147,78,128,42,120,3,121,162,126,143,160,91,1,33,124,180,196,36,85,104,17,82,23,189,81,112,93,19,26,176,46,9,49,170,95,38,139,65,20,51,50,21,48,146,4,84,67,32,72,163,25,70,41,142,117,77,2,156,71,191,144,184,8,173,18,137,110,101,59,80,100,30,134,148,11,97,58,54,151,149,165,181,68,123,44,131,158,62,195,119,43,39,107,55,14,13,111,52,89,75,129,15,135,53,183,69,159,164,90,28,155,73,99,106,136,115,152,35,161,102,86,133,76,122,116,16,125,145,140,92,108,192,40,169,194,29,154,60,177,27,185,127,96,171,141,98,114,64,79,179,47,88,5,186,199,83,153,166,24,150,10,187,175,57,197,168,31,56,63];True
2269;6975;9244;[34,198,174,190,109,118,6,193,172,132,130,22,12,7,182,113,66,157,103,105,74,188,87,37,94,0,167,61,45,138,178,147,78,128,42,120,3,121,162,126,143,160,91,1,33,124,180,196,36,85,104,17,82,23,189,81,112,93,19,26,176,46,9,49,170,95,38,139,65,20,51,50,21,48,146,4,84,67,32,72,163,25,70,41,142,117,77,2,156,71,191,144,184,8,173,18,86,110,101,59,80,100,30,134,148,11,97,58,54,151,149,165,181,68,123,44,131,158,62,195,119,187,39,107,55,14,13,111,52,89,75,129,15,135,53,183,69,159,164,90,28,155,73,99,106,136,115,152,35,161,102,137,133,76,122,116,16,125,145,140,92,108,192,40,169,194,29,154,60,177,27,185,127,96,171,141,98,114,64,79,179,47,88,5,186,199,83,153,166,24,150,10,43,175,57,197,168,31,56,63];False
2286;6965;9251;[34,198,174,190,109,118,6,193,172,132,130,22,12,7,182,113,66,157,103,105,74,188,87,37,94,0,167,61,45,138,178,147,78,128,42,120,3,121,162,126,143,160,91,1,33,124,180,196,36,85,104,17,82,23,189,81,112,93,19,26,176,46,9,49,170,95,38,139,65,20,51,50,21,48,146,4,84,67,32,72,163,25,70,41,142,117,77,2,156,71,191,144,184,8,173,18,86,110,101,59,80,100,30,134,148,11,97,58,54,151,149,165,181,68,123,44,131,158,62,195,119,43,175,107,55,14,13,111,52,89,75,129,15,135,53,183,69,159,164,90,28,155,73,99,106,136,115,152,35,161,102,137,133,76,122,116,16,125,145,140,92,108,192,40,169,194,29,154,60,177,27,185,127,96,171,141,98,114,64,79,179,47,88,5,186,199,83,153,166,24,150,10,187,39,57,197,168,31,56,63];False
2412;6926;9338;[34,198,174,190,109,118,6,193,172,132,130,22,12,7,182,2,66,157,103,105,74,188,87,37,94,0,167,61,45,138,178,147,78,128,42,120,3,121,162,126,143,160,91,1,33,124,180,196,36,85,104,17,82,23,189,81,112,93,19,26,176,46,9,49,170,95,38,139,65,20,51,50,21,155,146,4,84,67,32,72,163,25,70,41,142,117,57,113,156,71,191,144,184,8,173,18,86,110,101,59,80,100,30,134,148,11,97,58,54,151,149,165,181,68,123,44,131,158,62,195,119,43,39,107,55,14,13,111,52,89,75,129,15,135,53,183,69,159,164,90,28,48,73,99,106,136,115,152,35,161,102,137,133,76,122,116,16,125,145,140,92,108,192,40,169,194,29,154,60,177,27,185,127,96,171,141,98,114,64,79,179,47,88,5,186,199,83,153,166,24,150,10,187,175,77,197,168,31,56,63];False
2467;6914;9381;[34,198,174,190,109,118,6,193,172,132,130,22,12,7,182,2,66,157,103,105,74,188,87,37,94,0,167,61,45,138,178,147,78,128,42,120,3,121,162,126,143,160,91,1,33,124,180,196,36,85,104,17,82,23,189,81,112,93,19,26,176,46,9,49,170,95,38,139,65,20,51,50,21,48,146,4,84,67,32,72,163,25,70,41,142,117,57,113,156,71,191,144,184,8,173,18,86,110,101,59,80,100,30,134,148,11,97,58,54,151,149,165,181,68,123,16,131,158,62,195,119,43,39,107,55,14,13,111,52,89,75,129,15,135,53,183,69,159,164,90,28,155,73,99,106,136,115,152,35,161,102,137,133,76,122,116,44,125,145,140,92,108,192,40,169,194,29,154,60,177,27,185,127,96,171,141,98,114,64,79,179,47,88,5,186,199,83,153,166,24,150,10,187,175,77,197,168,31,56,63];False
2479;6912;9391;[34,198,174,190,109,118,6,193,172,132,130,22,12,7,182,2,66,157,103,105,74,188,87,37,94,0,167,61,45,138,178,147,78,128,42,120,3,121,162,126,143,160,91,1,33,124,180,196,36,85,104,17,82,23,189,81,112,93,19,26,176,46,9,49,170,95,38,139,65,20,51,50,21,155,146,4,84,67,32,72,163,25,70,41,142,117,77,113,156,71,191,144,184,8,173,18,86,110,101,59,80,100,30,134,148,11,97,58,54,151,149,165,181,68,123,16,131,158,62,195,119,43,39,107,55,14,13,111,52,89,75,129,15,135,53,183,69,159,164,90,28,48,73,99,106,136,115,152,35,161,102,137,133,76,122,116,44,125,145,140,92,108,192,40,169,194,29,154,60,177,27,185,127,96,171,141,98,114,64,79,179,47,88,5,186,199,83,153,166,24,150,10,187,175,57,197,168,31,56,63];False
2485;6910;9395;[34,198,174,190,109,118,6,193,172,132,130,22,12,43,129,2,66,157,103,105,74,188,87,37,94,165,167,61,45,138,178,147,78,128,42,120,3,121,162,126,143,160,91,1,33,124,180,196,36,85,104,17,82,23,189,81,112,93,19,26,176,46,9,49,170,95,38,139,65,20,51,50,21,48,146,4,84,67,32,72,163,25,70,41,142,117,77,113,156,71,191,144,184,8,173,18,86,110,101,59,80,100,30,134,148,7,97,58,54,151,119,0,181,68,123,16,131,158,62,195,11,149,39,107,55,14,13,111,52,89,75,182,15,135,53,183,69,159,164,90,28,155,73,99,106,136,115,152,35,161,102,137,133,76,122,116,44,125,145,140,92,108,192,40,169,194,29,154,60,177,27,185,127,96,171,141,98,114,64,79,179,47,88,5,186,199,83,153,166,24,150,10,187,175,57,197,168,31,56,63];False
2506;6906;9412;[34,198,174,190,109,118,6,193,172,132,130,22,12,43,129,2,66,157,103,105,74,188,87,37,94,165,167,61,45,138,178,147,78,128,42,120,3,121,162,126,143,160,91,1,33,124,180,196,36,85,104,17,82,23,189,81,112,93,19,26,176,46,9,49,170,95,38,139,65,20,51,50,21,48,146,4,84,67,32,72,163,25,70,41,142,117,57,113,156,71,191,144,184,8,173,18,86,110,101,59,80,100,30,134,148,7,97,58,54,151,119,0,181,68,123,16,131,158,62,195,11,149,39,107,55,14,13,111,52,89,75,182,15,135,53,183,69,159,164,90,28,155,73,99,106,136,115,152,35,161,102,137,133,76,122,116,44,125,145,140,92,108,192,40,169,194,29,154,60,177,27,185,127,96,171,141,98,114,64,79,179,47,88,5,186,199,83,153,166,24,150,10,187,175,77,197,168,31,56,63];False
2424;6921;9345;[34,198,174,190,109,125,6,193,172,132,130,22,12,7,182,2,66,157,103,105,74,188,87,37,94,0,167,61,45,138,178,147,78,128,42,120,3,121,162,126,143,160,91,1,33,124,180,196,36,85,104,17,82,23,189,81,112,93,19,26,176,46,9,49,170,95,38,139,65,20,51,50,21,48,146,4,84,67,32,72,163,25,70,41,142,117,77,113,156,71,191,144,184,8,173,18,86,110,101,59,80,100,30,134,148,11,97,58,54,151,149,165,181,68,123,16,131,158,62,195,119,43,39,107,55,14,13,111,52,89,75,129,15,135,53,183,69,159,164,90,28,155,73,99,106,136,115,152,35,161,102,137,133,76,122,116,44,118,145,140,92,108,192,40,169,194,29,154,60,177,27,185,127,96,171,141,98,114,64,79,179,47,88,5,186,199,83,153,166,24,150,10,187,175,57,197,168,31,56,63];False
2458;6916;9374;[34,198,174,190,109,125,6,193,172,132,130,22,12,7,129,2,66,157,103,105,74,188,87,37,94,0,167,61,45,138,178,147,78,128,42,120,3,121,162,126,143,160,91,1,33,124,180,196,36,85,104,17,82,23,189,81,52,93,19,26,176,46,9,49,170,95,38,139,65,20,51,50,21,48,146,4,84,67,32,72,163,25,70,41,142,117,77,113,156,71,191,144,184,8,173,18,86,110,101,59,80,100,30,134,148,11,97,58,54,151,149,165,181,68,123,16,131,158,62,195,119,43,39,107,55,14,13,111,112,89,75,182,15,135,53,183,69,159,164,90,28,155,73,99,106,136,115,152,35,161,102,137,133,76,122,116,44,118,145,140,92,108,192,40,169,194,29,154,60,177,27,185,127,96,171,141,98,114,64,79,179,47,88,5,186,199,83,153,166,24,150,10,187,175,57,197,168,31,56,63];False
2457;6916;9373;[34,198,174,190,109,125,6,193,172,132,130,22,12,7,129,2,66,157,103,105,74,188,87,37,94,0,167,61,45,138,178,147,78,128,42,120,3,121,162,126,143,160,91,1,33,124,180,196,36,85,104,17,82,23,189,81,112,93,19,26,176,46,9,49,170,95,38,139,65,20,51,50,21,48,146,4,84,67,32,72,163,25,70,41,142,117,57,113,156,71,191,144,184,8,173,18,86,110,101,59,80,100,30,134,148,11,97,58,54,151,149,165,181,68,123,16,131,158,62,195,119,43,39,107,55,14,13,111,52,89,75,182,15,135,53,183,69,159,164,90,28,155,73,99,106,136,115,152,35,161,102,137,133,76,122,116,44,118,145,140,92,108,192,40,169,194,29,154,60,177,27,185,127,96,171,141,98,114,64,79,179,47,88,5,186,199,83,153,166,24,150,10,187,175,77,197,168,31,56,63];False
2268;6980;9248;[34,198,174,190,109,118,6,193,172,132,130,22,12,7,85,113,66,157,103,105,74,188,87,37,94,0,167,61,45,138,178,147,78,128,42,120,3,121,162,126,143,160,91,1,33,124,180,196,36,182,104,17,82,23,189,81,112,93,19,26,176,46,116,49,170,95,38,139,65,20,51,50,21,48,146,4,84,67,32,72,163,25,70,41,142,117,77,2,156,71,191,144,184,8,173,18,86,110,101,59,80,100,30,134,148,11,97,58,54,151,149,165,181,68,123,44,131,158,62,195,119,43,39,107,55,14,13,111,52,89,75,129,15,135,53,183,69,159,164,90,28,155,73,99,106,136,115,152,35,161,102,137,133,76,122,9,16,125,145,140,92,108,192,40,169,194,29,154,60,177,27,185,127,96,171,141,98,114,64,79,179,47,88,5,186,199,83,153,166,24,150,10,187,175,57,197,168,31,56,63];False
2357;6941;9298;[34,198,174,190,109,118,6,193,172,132,130,22,12,7,85,113,66,157,103,105,74,188,87,37,94,0,167,61,45,138,178,147,78,128,42,120,3,121,162,126,143,160,91,1,33,124,180,196,36,182,104,17,82,23,189,81,112,93,19,26,176,46,9,49,170,95,38,139,65,20,51,50,21,155,146,4,84,67,32,72,163,25,70,41,142,117,77,2,156,71,191,144,184,8,173,18,86,110,101,59,80,100,30,134,148,11,97,58,54,151,149,165,181,68,123,44,131,158,62,195,119,43,39,107,55,14,13,111,52,89,75,129,15,135,53,183,69,159,164,90,28,48,73,99,106,136,115,152,35,161,102,137,133,76,122,116,16,125,145,140,92,108,192,40,169,194,29,154,60,177,27,185,127,96,171,141,98,114,64,79,179,47,88,5,186,199,83,153,166,24,150,10,187,175,57,197,168,31,56,63];False
2341;6944;9285;[34,198,174,190,109,118,6,193,172,132,130,22,12,7,85,113,66,157,103,105,74,188,87,37,94,0,167,61,45,138,178,147,78,128,42,120,3,121,162,126,143,160,91,1,33,124,180,196,36,182,104,17,82,23,189,81,112,93,19,26,176,46,9,49,170,95,38,139,65,20,51,50,21,48,146,4,84,67,32,72,163,25,70,41,142,117,77,57,156,71,191,144,184,8,173,18,86,110,101,59,80,100,30,134,148,11,97,58,54,151,149,165,181,68,123,44,131,158,62,195,119,43,39,107,55,14,13,111,52,89,75,129,15,135,53,183,69,159,164,90,28,155,73,99,106,136,115,152,35,161,102,137,133,76,122,116,16,125,145,140,92,108,192,40,169,194,29,154,60,177,27,185,127,96,171,141,98,114,64,79,179,47,88,5,186,199,83,153,166,24,150,10,187,175,2,197,168,31,56,63];False
2223;7006;9229;[34,198,174,190,109,118,6,193,172,132,130,22,12,7,182,113,66,157,103,105,74,188,87,37,94,0,167,61,45,138,178,147,78,128,134,120,3,121,162,126,143,160,91,1,33,124,180,196,36,85,104,17,82,23,189,81,112,93,19,26,176,46,116,49,170,95,38,139,65,20,51,50,21,48,146,4,84,67,32,72,163,25,70,41,142,117,77,2,156,71,191,144,184,8,173,18,86,110,101,59,80,100,30,42,148,11,97,58,54,151,149,165,181,68,123,44,131,158,62,195,119,43,39,107,55,14,13,111,52,89,75,129,15,135,53,183,69,159,164,90,28,155,73,99,106,136,115,152,35,161,102,137,133,76,122,9,16,125,145,140,92,108,192,40,169,194,29,154,60,177,27,185,127,96,171,141,98,114,64,79,179,47,88,5,186,199,83,153,166,24,150,10,187,175,57,197,168,31,56,63];False
2337;6938;9275;[34,198,174,190,109,118,6,193,172,132,130,22,12,7,182,113,66,157,103,105,74,188,87,37,94,0,167,61,45,138,178,147,78,128,134,120,3,121,162,126,143,160,91,1,33,124,180,196,36,85,104,17,82,23,189,81,112,93,19,26,176,46,9,49,170,95,38,139,65,20,51,50,21,48,146,4,84,67,32,72,163,25,70,41,142,117,77,2,156,71,191,144,184,8,173,18,86,110,101,59,80,100,30,42,141,11,97,58,54,151,149,165,181,68,123,44,131,158,62,195,119,43,39,107,55,14,13,111,52,89,75,129,15,135,53,183,69,159,164,90,28,155,73,99,106,136,115,152,35,161,102,137,133,76,122,116,16,125,145,140,92,108,192,40,169,194,29,154,60,177,27,185,127,96,171,148,98,114,64,79,179,47,88,5,186,199,83,153,166,24,150,10,187,175,57,197,168,31,56,63];True
2261;6981;9242;[34,198,174,190,109,118,6,193,172,132,130,22,12,7,182,113,66,157,103,105,74,188,87,37,94,0,167,61,45,138,178,147,78,128,42,120,3,121,162,126,143,160,91,1,33,124,180,196,36,85,104,17,82,23,189,81,52,93,19,26,176,46,116,49,170,95,38,139,65,20,51,50,21,48,146,4,84,67,32,72,163,25,70,41,142,117,77,2,156,71,191,144,184,8,173,18,86,110,101,59,80,100,30,134,148,11,97,58,54,151,149,165,181,68,123,44,131,158,62,195,119,43,39,107,55,14,13,111,112,89,75,129,15,135,53,183,69,159,164,90,28,155,73,99,106,136,115,152,35,161,102,137,133,76,122,9,16,125,145,140,92,108,192,40,169,194,29,154,60,177,27,185,127,96,171,141,98,114,64,79,179,47,88,5,186,199,83,153,166,24,150,10,187,175,57,197,168,31,56,63];False
2334;6945;9279;[34,198,174,190,109,118,6,193,172,132,130,22,12,7,182,113,66,157,103,105,74,188,87,37,94,0,167,61,45,138,178,147,78,128,42,120,3,121,162,126,143,160,91,1,33,124,180,196,36,85,104,17,82,23,189,81,52,93,19,26,176,46,9,49,170,95,38,139,65,20,51,50,21,48,146,4,84,67,32,72,163,25,70,41,142,117,77,57,156,71,191,144,184,8,173,18,86,110,101,59,80,100,30,134,148,11,97,58,54,151,149,165,181,68,123,44,131,158,62,195,119,43,39,107,55,14,13,111,112,89,75,129,15,135,53,183,69,159,164,90,28,155,73,99,106,136,115,152,35,161,102,137,133,76,122,116,16,125,145,140,92,108,192,40,169,194,29,154,60,177,27,185,127,96,171,141,98,114,64,79,179,47,88,5,186,199,83,153,166,24,150,10,187,175,2,197,168,31,56,63];False
2217;7013;9230;[34,198,174,190,109,118,6,193,172,132,130,22,96,7,182,113,66,157,103,105,74,188,87,37,94,0,167,61,45,138,178,147,78,128,42,120,3,121,162,126,143,160,91,1,33,124,180,196,36,85,104,17,82,23,189,81,112,93,19,26,176,46,116,49,170,95,38,139,65,20,51,50,21,48,146,4,84,67,32,72,163,25,70,41,142,117,77,2,156,71,191,144,184,8,173,18,86,110,101,59,80,100,30,134,148,11,97,58,54,151,149,165,181,68,123,44,131,158,62,195,119,43,39,107,55,14,13,111,52,89,75,129,15,135,53,183,69,159,164,90,28,155,73,99,106,136,115,152,35,161,102,137,133,76,122,9,16,125,145,140,92,108,192,40,169,194,29,154,60,177,27,185,127,12,171,141,98,114,64,79,179,47,88,5,186,199,83,153,166,24,150,10,187,175,57,197,168,31,56,63];False
2236;6998;9234;[34,198,174,190,109,118,6,193,172,132,130,22,12,7,182,113,66,157,103,105,74,188,87,37,94,0,167,61,45,138,178,147,78,128,42,120,3,121,162,126,143,160,91,1,33,124,180,196,36,85,104,17,108,23,189,81,112,93,19,26,176,46,116,49,170,95,38,139,65,20,51,50,21,48,146,4,84,67,32,72,163,25,70,41,142,117,77,2,156,71,191,144,184,8,173,18,86,110,101,59,80,100,30,134,148,11,97,58,54,151,149,165,181,68,123,44,131,158,62,195,119,43,39,107,55,14,13,111,52,89,75,129,15,135,53,183,69,159,164,90,28,155,73,99,106,136,115,152,35,161,102,137,133,76,122,9,16,125,145,140,92,82,192,40,169,194,29,154,60,177,27,185,127,96,171,141,98,114,64,79,179,47,88,5,186,199,83,153,166,24,150,10,187,175,57,197,168,31,56,63];False
2266;6971;9237;[34,198,174,190,109,118,6,193,172,132,130,22,12,7,182,113,66,157,103,105,74,188,87,37,94,0,167,61,45,138,178,147,78,128,42,120,3,121,162,126,143,160,91,1,33,124,180,196,36,85,104,17,82,23,189,81,112,93,19,26,176,46,123,49,170,95,38,139,65,20,51,50,21,48,146,4,84,67,32,72,163,25,70,41,142,117,77,2,156,71,191,144,184,8,173,18,86,110,101,59,80,100,30,134,148,11,97,58,54,151,149,165,181,68,116,44,131,158,62,195,119,43,39,107,55,14,13,111,52,89,75,129,15,135,53,183,69,159,164,90,28,155,73,99,106,136,115,152,35,161,102,137,133,76,122,9,16,125,145,140,92,108,192,40,169,194,29,154,60,177,27,185,127,96,171,141,98,114,64,79,179,47,88,5,186,199,83,153,166,24,150,10,187,175,57,197,168,31,56,63];False
2256;6982;9238;[34,198,174,190,109,118,6,193,172,132,130,22,12,7,182,113,66,157,103,105,74,188,87,37,94,0,167,61,45,138,178,147,78,128,42,120,3,121,162,126,143,160,91,1,33,124,180,196,36,85,104,17,82,23,189,81,112,93,19,26,176,46,116,49,170,95,38,139,65,20,51,50,21,48,146,4,84,67,32,72,163,25,70,41,142,117,77,57,156,71,191,144,184,8,173,18,86,110,101,59,80,100,30,134,148,11,97,58,54,151,149,165,181,68,123,44,131,158,62,195,119,43,39,107,55,14,13,111,52,89,75,129,15,135,53,183,69,159,164,90,28,155,73,99,106,136,115,152,35,161,102,137,133,76,122,9,16,125,145,140,92,108,192,40,169,194,29,154,60,177,27,185,127,96,171,141,98,114,64,79,179,47,88,5,186,199,83,153,166,24,150,10,187,175,2,197,168,31,56,63];False
2233;6992;9225;[34,198,174,190,109,118,6,193,172,132,130,22,12,7,182,113,66,157,103,105,74,188,87,37,94,0,167,61,45,138,178,147,78,128,42,120,3,121,162,126,143,160,91,1,33,124,180,196,36,85,104,17,82,23,189,81,112,93,19,26,176,46,116,49,170,95,38,139,65,20,51,50,21,48,146,4,84,67,32,72,163,25,70,41,142,117,77,2,156,71,191,144,184,8,173,18,137,110,101,59,80,100,30,134,148,11,97,58,54,151,149,165,181,68,123,44,131,158,62,195,119,43,39,107,55,14,13,111,52,89,75,129,15,135,53,183,69,159,164,90,28,155,73,99,106,136,115,152,35,161,102,86,133,76,122,9,16,125,145,140,92,108,192,40,169,194,29,154,60,177,27,185,127,96,171,141,98,114,64,79,179,47,88,5,186,199,83,153,166,24,150,10,187,175,57,197,168,31,56,63];False
2213;7017;9230;[34,198,174,190,109,118,6,193,172,132,130,22,12,7,182,113,66,157,103,105,74,188,87,37,94,0,167,61,45,138,178,147,78,128,42,120,3,121,162,126,143,160,91,1,33,124,180,196,36,85,104,17,82,23,189,81,112,93,19,26,176,46,116,49,170,95,38,139,65,20,51,50,21,48,146,4,84,67,32,72,163,25,70,41,142,117,77,2,156,71,191,144,184,8,173,18,86,110,165,59,80,100,30,134,148,11,97,58,54,151,149,101,181,68,123,44,131,158,62,195,119,43,39,107,55,14,13,111,52,89,75,129,15,135,53,183,69,159,164,90,28,155,73,99,106,136,115,152,35,161,102,137,133,76,122,9,16,125,145,140,92,108,192,40,169,194,29,154,60,177,27,185,127,96,171,141,98,114,64,79,179,47,88,5,186,199,83,153,166,24,150,10,187,175,57,197,168,31,56,63];False
2194;7022;9216;[34,198,174,190,109,118,6,193,172,132,130,22,12,7,182,113,66,157,103,105,74,188,87,37,94,0,167,61,45,138,178,147,78,128,42,120,3,121,162,126,143,160,91,1,33,124,180,196,36,85,104,17,82,23,189,81,112,93,19,26,176,46,116,49,170,95,38,139,65,20,51,50,21,48,146,4,84,67,32,72,163,25,70,41,142,117,77,2,156,71,191,144,184,8,173,18,86,110,101,59,80,100,30,134,148,11,97,58,54,151,149,165,181,68,123,44,131,158,62,195,119,102,39,107,55,14,13,111,52,89,75,129,15,135,53,183,69,159,164,90,28,155,73,99,106,136,115,152,35,161,43,137,133,76,122,9,16,125,145,140,92,108,192,40,169,194,29,154,60,177,27,185,127,96,171,141,98,114,64,79,179,47,88,5,186,199,83,153,166,24,150,10,187,175,57,197,168,31,56,63];False
2213;7008;9221;[34,198,174,190,109,118,6,193,172,132,130,22,12,7,182,113,66,157,103,105,74,188,87,37,94,0,167,61,45,138,178,147,78,128,42,120,3,121,162,126,143,160,91,1,33,124,180,196,36,85,104,17,82,23,189,81,112,93,19,26,176,46,116,49,170,95,38,139,65,20,51,50,21,48,146,4,84,67,32,72,163,25,70,41,142,117,77,2,156,71,191,144,184,8,173,18,86,110,101,59,80,100,30,134,148,11,97,58,54,151,149,165,181,68,123,44,131,158,62,195,119,187,39,107,55,14,13,111,52,89,75,129,15,135,53,183,69,159,164,90,28,155,73,99,106,136,115,152,35,161,102,137,133,76,122,9,16,125,145,140,92,108,192,40,169,194,29,154,60,177,27,185,127,96,171,141,98,114,64,79,179,47,88,5,186,199,83,153,166,24,150,10,43,175,57,197,168,31,56,63];False
2230;6998;9228;[34,198,174,190,109,118,6,193,172,132,130,22,12,7,182,113,66,157,103,105,74,188,87,37,94,0,167,61,45,138,178,147,78,128,42,120,3,121,162,126,143,160,91,1,33,124,180,196,36,85,104,17,82,23,189,81,112,93,19,26,176,46,116,49,170,95,38,139,65,20,51,50,21,48,146,4,84,67,32,72,163,25,70,41,142,117,77,2,156,71,191,144,184,8,173,18,86,110,101,59,80,100,30,134,148,11,97,58,54,151,149,165,181,68,123,44,131,158,62,195,119,43,175,107,55,14,13,111,52,89,75,129,15,135,53,183,69,159,164,90,28,155,73,99,106,136,115,152,35,161,102,137,133,76,122,9,16,125,145,140,92,108,192,40,169,194,29,154,60,177,27,185,127,96,171,141,98,114,64,79,179,47,88,5,186,199,83,153,166,24,150,10,187,39,57,197,168,31,56,63];False
2265;6968;9233;[34,198,174,190,109,118,6,193,172,132,130,22,12,7,182,113,66,157,103,105,74,188,87,37,94,0,167,61,45,138,178,147,78,128,42,120,3,121,162,126,143,160,91,1,33,124,180,196,36,85,104,17,82,23,189,81,112,93,19,26,176,46,9,49,170,95,38,139,65,20,51,50,21,48,146,4,84,67,32,72,163,25,70,41,142,117,77,2,156,71,191,144,184,8,173,18,137,158,101,59,80,100,30,134,148,11,97,58,54,151,149,165,181,68,123,44,131,110,62,195,119,43,39,107,55,14,13,111,52,89,75,129,15,135,53,183,69,159,164,90,28,155,73,99,106,136,115,152,35,161,102,86,133,76,122,116,16,125,145,140,92,108,192,40,169,194,29,154,60,177,27,185,127,96,171,141,98,114,64,79,179,47,88,5,186,199,83,153,166,24,150,10,187,175,57,197,168,31,56,63];True
2445;6917;9362;[34,198,174,190,109,125,6,193,172,132,130,22,12,7,182,2,66,157,103,105,74,188,87,37,94,0,167,61,45,138,178,147,78,128,42,120,3,121,162,126,143,160,91,1,33,124,180,196,36,85,104,17,82,23,189,81,112,93,19,26,176,46,9,49,170,95,38,139,65,20,51,50,21,48,146,4,84,67,32,72,163,25,70,41,142,117,57,113,156,71,191,144,184,8,173,18,86,110,101,59,80,100,30,134,148,11,97,58,54,151,149,165,181,68,123,16,131,158,62,195,119,43,39,107,55,14,13,111,52,89,75,129,15,135,53,183,69,159,164,90,28,155,73,99,106,136,115,152,35,161,102,137,133,76,122,116,44,118,145,140,92,108,192,40,169,194,29,154,60,177,27,185,127,96,171,141,98,114,64,79,179,47,88,5,186,199,83,153,166,24,150,10,187,175,77,197,168,31,56,63];False
2457;6915;9372;[34,198,174,190,109,125,6,193,172,132,130,22,12,7,182,2,66,157,103,105,74,188,87,37,94,0,167,61,45,138,178,147,78,128,42,120,3,121,162,126,143,160,91,1,33,124,180,196,36,85,104,17,82,23,189,81,112,93,19,26,176,46,9,49,170,95,38,139,65,20,51,50,21,155,146,4,84,67,32,72,163,25,70,41,142,117,77,113,156,71,191,144,184,8,173,18,86,110,101,59,80,100,30,134,148,11,97,58,54,151,149,165,181,68,123,16,131,158,62,195,119,43,39,107,55,14,13,111,52,89,75,129,15,135,53,183,69,159,164,90,28,48,73,99,106,136,115,152,35,161,102,137,133,76,122,116,44,118,145,140,92,108,192,40,169,194,29,154,60,177,27,185,127,96,171,141,98,114,64,79,179,47,88,5,186,199,83,153,166,24,150,10,187,175,57,197,168,31,56,63];False
2463;6913;9376;[34,198,174,190,109,125,6,193,172,132,130,22,12,43,129,2,66,157,103,105,74,188,87,37,94,165,167,61,45,138,178,147,78,128,42,120,3,121,162,126,143,160,91,1,33,124,180,196,36,85,104,17,82,23,189,81,112,93,19,26,176,46,9,49,170,95,38,139,65,20,51,50,21,48,146,4,84,67,32,72,163,25,70,41,142,117,77,113,156,71,191,144,184,8,173,18,86,110,101,59,80,100,30,134,148,7,97,58,54,151,119,0,181,68,123,16,131,158,62,195,11,149,39,107,55,14,13,111,52,89,75,182,15,135,53,183,69,159,164,90,28,155,73,99,106,136,115,152,35,161,102,137,133,76,122,116,44,118,145,140,92,108,192,40,169,194,29,154,60,177,27,185,127,96,171,141,98,114,64,79,179,47,88,5,186,199,83,153,166,24,150,10,187,175,57,197,168,31,56,63];False
2484;6909;9393;[34,198,174,190,109,125,6,193,172,132,130,22,12,43,129,2,66,157,103,105,74,188,87,37,94,165,167,61,45,138,178,147,78,128,42,120,3,121,162,126,143,160,91,1,33,124,180,196,36,85,104,17,82,23,189,81,112,93,19,26,176,46,9,49,170,95,38,139,65,20,51,50,21,48,146,4,84,67,32,72,163,25,70,41,142,117,57,113,156,71,191,144,184,8,173,18,86,110,101,59,80,100,30,134,148,7,97,58,54,151,119,0,181,68,123,16,131,158,62,195,11,149,39,107,55,14,13,111,52,89,75,182,15,135,53,183,69,159,164,90,28,155,73,99,106,136,115,152,35,161,102,137,133,76,122,116,44,118,145,140,92,108,192,40,169,194,29,154,60,177,27,185,127,96,171,141,98,114,64,79,179,47,88,5,186,199,83,153,166,24,150,10,187,175,77,197,168,31,56,63];False
2178;7043;9221;[34,198,174,190,109,118,6,193,172,132,130,22,12,7,182,113,66,157,103,105,74,188,87,37,94,0,167,61,45,138,178,147,78,128,134,120,3,121,162,126,143,160,91,1,33,124,180,196,36,85,104,17,82,23,189,81,112,93,19,26,176,46,116,49,170,95,38,139,65,20,51,50,21,48,146,4,84,67,32,72,163,25,70,41,142,117,77,2,156,71,191,144,184,8,173,18,86,110,101,59,80,100,30,42,148,11,97,58,54,151,149,165,181,68,123,44,131,158,62,195,119,102,39,107,55,14,13,111,52,89,75,129,15,135,53,183,69,159,164,90,28,155,73,99,106,136,115,152,35,161,43,137,133,76,122,9,16,125,145,140,92,108,192,40,169,194,29,154,60,177,27,185,127,96,171,141,98,114,64,79,179,47,88,5,186,199,83,153,166,24,150,10,187,175,57,197,168,31,56,63];False
2366;6933;9299;[34,198,174,190,109,118,6,193,172,132,130,22,12,7,85,113,66,157,103,105,74,188,87,37,94,0,167,61,45,138,178,147,78,128,134,120,3,121,162,126,143,160,91,1,33,124,180,196,36,182,104,17,82,23,189,81,112,93,19,26,176,46,9,49,170,95,38,139,65,20,51,50,21,48,146,4,84,67,32,72,163,25,70,41,142,117,77,2,156,71,191,144,184,8,173,18,86,110,101,59,80,100,30,42,141,11,97,58,54,151,149,165,181,68,123,44,131,158,62,195,119,43,39,107,55,14,13,111,52,89,75,129,15,135,53,183,69,159,164,90,28,155,73,99,106,136,115,152,35,161,102,137,133,76,122,116,16,125,145,140,92,108,192,40,169,194,29,154,60,177,27,185,127,96,171,148,98,114,64,79,179,47,88,5,186,199,83,153,166,24,150,10,187,175,57,197,168,31,56,63];False
2387;6929;9316;[34,198,174,190,109,118,6,193,172,132,130,22,12,7,182,167,66,157,103,105,74,188,87,37,94,0,113,61,45,138,178,147,78,128,134,120,3,121,162,126,143,160,91,1,33,124,180,196,36,85,104,17,82,23,189,81,112,93,19,26,176,46,9,49,170,95,38,139,65,20,51,50,21,48,146,4,84,67,32,72,163,25,70,41,142,117,77,2,156,71,191,144,184,8,173,18,86,110,101,59,80,100,30,42,141,11,97,58,54,151,149,165,181,68,123,44,131,158,62,195,119,43,39,107,55,14,13,111,52,89,75,129,15,135,53,183,69,159,164,90,28,155,73,99,106,136,115,152,35,161,102,137,133,76,122,116,16,125,145,140,92,108,192,40,169,194,29,154,60,177,27,185,127,96,171,148,98,114,64,79,179,47,88,5,186,199,83,153,166,24,150,10,187,175,57,197,168,31,56,63];False
2400;6922;9322;[34,198,174,190,109,118,6,193,172,132,130,22,12,7,182,2,66,157,103,105,74,188,87,37,94,0,167,61,45,138,178,147,78,128,134,120,3,121,162,126,143,160,91,1,33,124,180,196,36,85,104,17,82,23,189,81,112,93,19,26,176,46,9,49,170,95,38,139,65,20,51,50,21,48,146,4,84,67,32,72,163,25,70,41,142,117,77,113,156,71,191,144,184,8,173,18,86,110,101,59,80,100,30,42,141,11,97,58,54,151,149,165,181,68,123,44,131,158,62,195,119,43,39,107,55,14,13,111,52,89,75,129,15,135,53,183,69,159,164,90,28,155,73,99,106,136,115,152,35,161,102,137,133,76,122,116,16,125,145,140,92,108,192,40,169,194,29,154,60,177,27,185,127,96,171,148,98,114,64,79,179,47,88,5,186,199,83,153,166,24,150,10,187,175,57,197,168,31,56,63];False
2359;6934;9293;[34,198,174,190,109,118,6,193,172,132,130,22,12,7,182,113,66,157,103,105,74,188,87,37,94,0,167,61,45,138,178,147,78,128,134,120,3,121,162,126,143,160,91,1,33,124,180,196,36,85,104,17,82,23,189,81,52,93,19,26,176,46,9,49,170,95,38,139,65,20,51,50,21,48,146,4,84,67,32,72,163,25,70,41,142,117,77,2,156,71,191,144,184,8,173,18,86,110,101,59,80,100,30,42,141,11,97,58,54,151,149,165,181,68,123,44,131,158,62,195,119,43,39,107,55,14,13,111,112,89,75,129,15,135,53,183,69,159,164,90,28,155,73,99,106,136,115,152,35,161,102,137,133,76,122,116,16,125,145,140,92,108,192,40,169,194,29,154,60,177,27,185,127,96,171,148,98,114,64,79,179,47,88,5,186,199,83,153,166,24,150,10,187,175,57,197,168,31,56,63];True
2370;6932;9302;[34,198,174,190,109,118,6,193,172,132,130,22,12,7,182,113,66,157,103,105,74,188,87,37,94,0,167,61,45,138,178,147,78,128,134,120,3,121,162,126,143,160,91,1,33,124,180,196,36,85,104,17,82,23,189,81,112,93,19,26,176,46,9,49,170,95,38,139,65,20,51,50,21,155,146,4,84,67,32,72,163,25,70,41,142,117,77,2,156,71,191,144,184,8,173,18,86,110,101,59,80,100,30,42,141,11,97,58,54,151,149,165,181,68,123,44,131,158,62,195,119,43,39,107,55,14,13,111,52,89,75,129,15,135,53,183,69,159,164,90,28,48,73,99,106,136,115,152,35,161,102,137,133,76,122,116,16,125,145,140,92,108,192,40,169,194,29,154,60,177,27,185,127,96,171,148,98,114,64,79,179,47,88,5,186,199,83,153,166,24,150,10,187,175,57,197,168,31,56,63];False
2354;6935;9289;[34,198,174,190,109,118,6,193,172,132,130,22,12,7,182,113,66,157,103,105,74,188,87,37,94,0,167,61,45,138,178,147,78,128,134,120,3,121,162,126,143,160,91,1,33,124,180,196,36,85,104,17,82,23,189,81,112,93,19,26,176,46,9,49,170,95,38,139,65,20,51,50,21,48,146,4,84,67,32,72,163,25,70,41,142,117,77,57,156,71,191,144,184,8,173,18,86,110,101,59,80,100,30,42,141,11,97,58,54,151,149,165,181,68,123,44,131,158,62,195,119,43,39,107,55,14,13,111,52,89,75,129,15,135,53,183,69,159,164,90,28,155,73,99,106,136,115,152,35,161,102,137,133,76,122,116,16,125,145,140,92,108,192,40,169,194,29,154,60,177,27,185,127,96,171,148,98,114,64,79,179,47,88,5,186,199,83,153,166,24,150,10,187,175,2,197,168,31,56,63];True
2331;6945;9276;[34,198,174,190,109,118,6,193,172,132,130,22,12,7,182,113,66,157,103,105,74,188,87,37,94,0,167,61,45,138,178,147,78,128,134,120,3,121,162,126,143,160,91,1,33,124,180,196,36,85,104,17,82,23,189,81,112,93,19,26,176,46,9,49,170,95,38,139,65,20,51,50,21,48,146,4,84,67,32,72,163,25,70,41,142,117,77,2,156,71,191,144,184,8,173,18,137,110,101,59,80,100,30,42,141,11,97,58,54,151,149,165,181,68,123,44,131,158,62,195,119,43,39,107,55,14,13,111,52,89,75,129,15,135,53,183,69,159,164,90,28,155,73,99,106,136,115,152,35,161,102,86,133,76,122,116,16,125,145,140,92,108,192,40,169,194,29,154,60,177,27,185,127,96,171,148,98,114,64,79,179,47,88,5,186,199,83,153,166,24,150,10,187,175,57,197,168,31,56,63];True
2425;6920;9345;[34,198,174,190,109,118,6,193,172,132,130,22,12,7,182,113,66,157,103,105,74,188,87,37,94,0,167,61,45,138,178,147,78,128,134,120,3,121,162,126,143,160,91,1,33,124,180,196,36,85,104,17,82,23,189,81,112,93,19,26,176,46,9,49,170,95,38,139,65,20,51,50,21,48,146,4,84,67,32,72,163,25,70,41,142,117,77,2,156,71,191,144,184,8,173,18,86,110,101,59,80,100,30,42,141,11,97,58,54,151,149,165,181,68,123,16,131,158,62,195,119,43,39,107,55,14,13,111,52,89,75,129,15,135,53,183,69,159,164,90,28,155,73,99,106,136,115,152,35,161,102,137,133,76,122,116,44,125,145,140,92,108,192,40,169,194,29,154,60,177,27,185,127,96,171,148,98,114,64,79,179,47,88,5,186,199,83,153,166,24,150,10,187,175,57,197,168,31,56,63];False
2211;7019;9230;[34,198,174,190,109,118,6,193,172,132,130,22,12,7,182,113,66,157,103,105,74,188,87,37,94,0,167,61,45,138,178,147,78,128,42,120,3,121,162,126,143,160,91,1,33,124,180,196,36,85,104,17,82,23,189,81,112,93,19,26,176,46,116,49,170,95,38,139,65,20,51,50,21,48,146,4,84,67,32,72,163,25,70,41,142,117,77,57,156,71,191,144,184,8,173,18,86,110,101,59,80,100,30,134,148,11,97,58,54,151,149,165,181,68,123,44,131,158,62,195,119,102,39,107,55,14,13,111,52,89,75,129,15,135,53,183,69,159,164,90,28,155,73,99,106,136,115,152,35,161,43,137,133,76,122,9,16,125,145,140,92,108,192,40,169,194,29,154,60,177,27,185,127,96,171,141,98,114,64,79,179,47,88,5,186,199,83,153,166,24,150,10,187,175,2,197,168,31,56,63];False
2260;6978;9238;[34,198,174,190,109,118,6,193,172,132,130,22,12,7,182,113,66,157,103,105,74,188,87,37,94,0,167,61,45,138,178,147,78,128,42,120,3,121,162,126,143,160,91,1,33,124,180,196,36,85,104,17,82,23,189,81,112,93,19,26,176,46,123,49,170,95,38,139,65,20,51,50,21,48,146,4,84,67,32,72,163,25,70,41,142,117,77,2,156,71,191,144,184,8,173,18,137,110,101,59,80,100,30,134,148,11,97,58,54,151,149,165,181,68,116,44,131,158,62,195,119,43,39,107,55,14,13,111,52,89,75,129,15,135,53,183,69,159,164,90,28,155,73,99,106,136,115,152,35,161,102,86,133,76,122,9,16,125,145,140,92,108,192,40,169,194,29,154,60,177,27,185,127,96,171,141,98,114,64,79,179,47,88,5,186,199,83,153,166,24,150,10,187,175,57,197,168,31,56,63];False
2209;7001;9210;[34,198,174,190,109,118,6,193,172,132,130,22,12,7,182,113,66,157,103,105,74,188,87,37,94,0,167,61,45,138,178,147,78,128,42,120,3,121,162,126,143,160,91,1,33,124,180,196,36,85,104,17,82,23,189,81,112,93,19,26,176,46,116,49,170,95,38,139,65,20,51,50,21,48,146,4,84,67,32,72,163,25,70,41,142,117,77,2,156,71,191,144,184,8,173,18,137,158,101,59,80,100,30,134,148,11,97,58,54,151,149,165,181,68,123,44,131,110,62,195,119,43,39,107,55,14,13,111,52,89,75,129,15,135,53,183,69,159,164,90,28,155,73,99,106,136,115,152,35,161,102,86,133,76,122,9,16,125,145,140,92,108,192,40,169,194,29,154,60,177,27,185,127,96,171,141,98,114,64,79,179,47,88,5,186,199,83,153,166,24,150,10,187,175,57,197,168,31,56,63];False
2207;7015;9222;[34,198,174,190,109,118,6,193,172,132,130,22,12,7,182,113,66,157,103,105,74,188,87,37,94,0,167,61,45,138,178,147,78,128,42,120,3,121,162,126,143,160,91,1,33,124,180,196,36,85,104,17,82,23,189,81,112,93,19,26,176,46,116,49,170,95,38,139,65,20,51,50,21,48,146,4,84,67,32,72,163,25,70,41,142,117,77,2,156,71,191,144,184,8,173,18,137,110,101,59,80,100,30,134,148,11,97,58,54,151,149,165,181,68,123,44,131,158,62,195,119,187,39,107,55,14,13,111,52,89,75,129,15,135,53,183,69,159,164,90,28,155,73,99,106,136,115,152,35,161,102,86,133,76,122,9,16,125,145,140,92,108,192,40,169,194,29,154,60,177,27,185,127,96,171,141,98,114,64,79,179,47,88,5,186,199,83,153,166,24,150,10,43,175,57,197,168,31,56,63];False
2182;7032;9214;[34,198,174,190,109,118,6,193,172,132,130,22,12,7,161,113,66,157,103,105,74,188,87,37,94,0,167,61,45,138,178,147,78,128,42,120,3,121,162,126,143,160,91,1,33,124,180,196,36,85,104,17,82,23,189,81,112,93,19,26,176,46,116,49,170,95,38,139,65,20,51,50,21,48,146,4,84,67,32,72,163,25,70,41,142,117,77,2,156,71,191,144,184,8,173,18,86,110,101,59,80,100,30,134,148,11,97,58,54,151,149,165,181,68,123,44,131,158,62,195,119,102,39,107,55,14,13,111,52,89,75,129,15,135,53,183,69,159,164,90,28,155,73,99,106,136,115,152,35,182,43,137,133,76,122,9,16,125,145,140,92,108,192,40,169,194,29,154,60,177,27,185,127,96,171,141,98,114,64,79,179,47,88,5,186,199,83,153,166,24,150,10,187,175,57,197,168,31,56,63];False
2174;7030;9204;[34,198,174,190,109,118,6,193,172,132,130,22,12,7,182,113,66,157,103,105,74,188,87,37,94,0,167,61,45,138,178,147,78,128,42,120,3,121,162,126,143,160,91,1,33,124,180,196,36,85,104,17,82,23,189,81,112,93,19,26,161,46,116,49,170,95,38,139,65,20,51,50,21,48,146,4,84,67,32,72,163,25,70,41,142,117,77,2,156,71,191,144,184,8,173,18,86,110,101,59,80,100,30,134,148,11,97,58,54,151,149,165,181,68,123,44,131,158,62,195,119,102,39,107,55,14,13,111,52,89,75,129,15,135,53,183,69,159,164,90,28,155,73,99,106,136,115,152,35,176,43,137,133,76,122,9,16,125,145,140,92,108,192,40,169,194,29,154,60,177,27,185,127,96,171,141,98,114,64,79,179,47,88,5,186,199,83,153,166,24,150,10,187,175,57,197,168,31,56,63];False
2170;7009;9179;[34,198,174,190,109,118,6,193,172,132,130,22,12,7,182,113,66,157,103,105,74,188,87,37,94,0,167,61,45,138,178,147,78,128,42,120,3,121,162,126,143,160,91,1,33,124,180,196,36,85,104,17,82,23,189,81,112,93,19,26,176,46,116,49,170,95,38,139,65,20,51,50,21,48,146,4,84,67,32,72,163,25,70,41,142,117,77,2,156,71,191,144,184,8,173,18,86,110,101,59,80,100,30,134,148,11,97,58,54,151,149,165,181,68,123,44,131,158,62,195,161,102,39,107,55,14,13,111,52,89,75,129,15,135,53,183,69,159,164,90,28,155,73,99,106,136,115,152,35,119,43,137,133,76,122,9,16,125,145,140,92,108,192,40,169,194,29,154,60,177,27,185,127,96,171,141,98,114,64,79,179,47,88,5,186,199,83,153,166,24,150,10,187,175,57,197,168,31,56,63];True
2287;6964;9251;[34,198,174,190,109,118,6,193,172,132,130,22,12,7,182,113,66,157,103,105,74,188,87,37,94,0,167,61,45,138,178,147,78,128,42,120,3,121,162,126,143,160,91,1,33,124,180,196,36,85,104,17,82,23,189,81,52,93,19,26,176,46,9,49,170,95,38,139,65,20,51,50,21,48,146,4,84,67,32,72,163,25,70,41,142,117,77,2,156,71,191,144,184,8,173,18,137,158,101,59,80,100,30,134,148,11,97,58,54,151,149,165,181,68,123,44,131,110,62,195,119,43,39,107,55,14,13,111,112,89,75,129,15,135,53,183,69,159,164,90,28,155,73,99,106,136,115,152,35,161,102,86,133,76,122,116,16,125,145,140,92,108,192,40,169,194,29,154,60,177,27,185,127,96,171,141,98,114,64,79,179,47,88,5,186,199,83,153,166,24,150,10,187,175,57,197,168,31,56,63];True
2238;6991;9229;[34,198,174,190,109,118,6,193,172,132,130,22,12,7,182,113,66,157,103,105,74,188,87,37,94,0,167,61,45,138,178,147,78,128,42,120,3,121,162,126,143,160,91,1,33,124,180,196,36,85,104,17,82,23,189,81,112,93,19,26,176,46,9,49,170,95,38,139,65,20,51,50,21,48,146,4,84,67,32,72,137,25,70,41,142,117,77,2,156,71,191,144,184,8,173,18,163,158,101,59,80,100,30,134,148,11,97,58,54,151,149,165,181,68,123,44,131,110,62,195,119,43,39,107,55,14,13,111,52,89,75,129,15,135,53,183,69,159,164,90,28,155,73,99,106,136,115,152,35,161,102,86,133,76,122,116,16,125,145,140,92,108,192,40,169,194,29,154,60,177,27,185,127,96,171,141,98,114,64,79,179,47,88,5,186,199,83,153,166,24,150,10,187,175,57,197,168,31,56,63];False
2282;6965;9247;[34,198,174,190,109,118,6,193,172,132,130,22,12,7,182,113,66,157,103,105,74,188,87,37,94,0,167,61,45,138,178,147,78,128,42,120,3,121,162,126,143,160,91,1,33,124,180,196,36,85,104,17,82,23,189,81,112,93,19,26,176,46,9,49,170,95,38,139,65,20,51,50,21,48,146,4,84,67,32,72,163,25,70,41,142,117,77,57,156,71,191,144,184,8,173,18,137,158,101,59,80,100,30,134,148,11,97,58,54,151,149,165,181,68,123,44,131,110,62,195,119,43,39,107,55,14,13,111,52,89,75,129,15,135,53,183,69,159,164,90,28,155,73,99,106,136,115,152,35,161,102,86,133,76,122,116,16,125,145,140,92,108,192,40,169,194,29,154,60,177,27,185,127,96,171,141,98,114,64,79,179,47,88,5,186,199,83,153,166,24,150,10,187,175,2,197,168,31,56,63];True
2256;6981;9237;[34,198,174,190,109,118,6,193,172,132,130,22,12,7,182,113,66,157,103,105,74,188,87,37,94,0,167,61,45,138,178,147,78,128,42,120,3,121,162,126,143,160,91,1,33,124,180,196,36,85,104,17,82,23,189,81,112,93,19,26,176,46,9,49,170,95,38,139,65,20,51,50,21,48,146,4,84,67,32,72,163,25,70,41,142,117,77,2,156,71,191,144,184,8,173,18,137,158,101,59,80,100,30,134,148,11,97,58,54,151,149,165,181,68,123,44,131,110,62,195,119,43,175,107,55,14,13,111,52,89,75,129,15,135,53,183,69,159,164,90,28,155,73,99,106,136,115,152,35,161,102,86,133,76,122,116,16,125,145,140,92,108,192,40,169,194,29,154,60,177,27,185,127,96,171,141,98,114,64,79,179,47,88,5,186,199,83,153,166,24,150,10,187,39,57,197,168,31,56,63];False
2478;6911;9389;[34,198,174,190,109,125,6,193,172,132,130,22,12,7,182,2,66,157,103,105,74,188,87,37,94,0,167,61,45,138,178,147,78,128,42,120,3,121,162,126,143,160,91,1,33,124,180,196,36,85,104,17,82,23,189,81,112,93,19,26,176,46,9,49,170,95,38,139,65,20,51,50,21,155,146,4,84,67,32,72,163,25,70,41,142,117,57,113,156,71,191,144,184,8,173,18,86,110,101,59,80,100,30,134,148,11,97,58,54,151,149,165,181,68,123,16,131,158,62,195,119,43,39,107,55,14,13,111,52,89,75,129,15,135,53,183,69,159,164,90,28,48,73,99,106,136,115,152,35,161,102,137,133,76,122,116,44,118,145,140,92,108,192,40,169,194,29,154,60,177,27,185,127,96,171,141,98,114,64,79,179,47,88,5,186,199,83,153,166,24,150,10,187,175,77,197,168,31,56,63];False
2496;6907;9403;[34,198,174,190,109,125,6,193,172,132,130,22,12,43,129,2,66,157,103,105,74,188,87,37,94,165,167,61,45,138,178,147,78,128,42,120,3,121,162,126,143,160,91,1,33,124,180,196,36,85,104,17,82,23,189,81,112,93,19,26,176,46,9,49,170,95,38,139,65,20,51,50,21,155,146,4,84,67,32,72,163,25,70,41,142,117,77,113,156,71,191,144,184,8,173,18,86,110,101,59,80,100,30,134,148,7,97,58,54,151,119,0,181,68,123,16,131,158,62,195,11,149,39,107,55,14,13,111,52,89,75,182,15,135,53,183,69,159,164,90,28,48,73,99,106,136,115,152,35,161,102,137,133,76,122,116,44,118,145,140,92,108,192,40,169,194,29,154,60,177,27,185,127,96,171,141,98,114,64,79,179,47,88,5,186,199,83,153,166,24,150,10,187,175,57,197,168,31,56,63];False
2506;6905;9411;[34,198,174,190,109,125,6,193,172,132,130,22,12,43,129,2,66,157,103,105,74,188,87,37,94,165,167,61,45,138,178,147,78,128,42,120,3,121,162,126,143,160,91,1,33,124,180,196,36,85,104,17,82,23,189,81,52,93,19,26,176,46,9,49,170,95,38,139,65,20,51,50,21,48,146,4,84,67,32,72,163,25,70,41,142,117,57,113,156,71,191,144,184,8,173,18,86,110,101,59,80,100,30,134,148,7,97,58,54,151,119,0,181,68,123,16,131,158,62,195,11,149,39,107,55,14,13,111,112,89,75,182,15,135,53,183,69,159,164,90,28,155,73,99,106,136,115,152,35,161,102,137,133,76,122,116,44,118,145,140,92,108,192,40,169,194,29,154,60,177,27,185,127,96,171,141,98,114,64,79,179,47,88,5,186,199,83,153,166,24,150,10,187,175,77,197,168,31,56,63];False
2399;6927;9326;[34,198,174,190,109,118,6,193,172,132,130,22,12,7,85,113,66,157,103,105,74,188,87,37,94,0,167,61,45,138,178,147,78,128,134,120,3,121,162,126,143,160,91,1,33,124,180,196,36,182,104,17,82,23,189,81,112,93,19,26,176,46,9,49,170,95,38,139,65,20,51,50,21,155,146,4,84,67,32,72,163,25,70,41,142,117,77,2,156,71,191,144,184,8,173,18,86,110,101,59,80,100,30,42,141,11,97,58,54,151,149,165,181,68,123,44,131,158,62,195,119,43,39,107,55,14,13,111,52,89,75,129,15,135,53,183,69,159,164,90,28,48,73,99,106,136,115,152,35,161,102,137,133,76,122,116,16,125,145,140,92,108,192,40,169,194,29,154,60,177,27,185,127,96,171,148,98,114,64,79,179,47,88,5,186,199,83,153,166,24,150,10,187,175,57,197,168,31,56,63];False
2383;6930;9313;[34,198,174,190,109,118,6,193,172,132,130,22,12,7,85,113,66,157,103,105,74,188,87,37,94,0,167,61,45,138,178,147,78,128,134,120,3,121,162,126,143,160,91,1,33,124,180,196,36,182,104,17,82,23,189,81,112,93,19,26,176,46,9,49,170,95,38,139,65,20,51,50,21,48,146,4,84,67,32,72,163,25,70,41,142,117,77,57,156,71,191,144,184,8,173,18,86,110,101,59,80,100,30,42,141,11,97,58,54,151,149,165,181,68,123,44,131,158,62,195,119,43,39,107,55,14,13,111,52,89,75,129,15,135,53,183,69,159,164,90,28,155,73,99,106,136,115,152,35,161,102,137,133,76,122,116,16,125,145,140,92,108,192,40,169,194,29,154,60,177,27,185,127,96,171,148,98,114,64,79,179,47,88,5,186,199,83,153,166,24,150,10,187,175,2,197,168,31,56,63];False
2454;6915;9369;[34,198,174,190,109,118,6,193,172,132,130,22,12,7,85,113,66,157,103,105,74,188,87,37,94,0,167,61,45,138,178,147,78,128,134,120,3,121,162,126,143,160,91,1,33,124,180,196,36,182,104,17,82,23,189,81,112,93,19,26,176,46,9,49,170,95,38,139,65,20,51,50,21,48,146,4,84,67,32,72,163,25,70,41,142,117,77,2,156,71,191,144,184,8,173,18,86,110,101,59,80,100,30,42,141,11,97,58,54,151,149,165,181,68,123,16,131,158,62,195,119,43,39,107,55,14,13,111,52,89,75,129,15,135,53,183,69,159,164,90,28,155,73,99,106,136,115,152,35,161,102,137,133,76,122,116,44,125,145,140,92,108,192,40,169,194,29,154,60,177,27,185,127,96,171,148,98,114,64,79,179,47,88,5,186,199,83,153,166,24,150,10,187,175,57,197,168,31,56,63];False
2460;6910;9370;[34,198,174,190,109,118,6,193,172,132,130,22,12,7,182,167,66,157,103,105,74,188,87,37,94,165,113,61,45,138,178,147,78,128,134,120,3,121,162,126,143,160,91,1,33,124,180,196,36,85,104,17,82,23,189,81,112,93,19,26,176,46,9,49,170,95,38,139,65,20,51,50,21,48,146,4,84,67,32,72,163,25,70,41,142,117,77,2,156,71,191,144,184,8,173,18,86,110,101,59,80,100,30,42,141,11,97,58,54,151,149,0,181,68,123,44,131,158,62,195,119,43,39,107,55,14,13,111,52,89,75,129,15,135,53,183,69,159,164,90,28,155,73,99,106,136,115,152,35,161,102,137,133,76,122,116,16,125,145,140,92,108,192,40,169,194,29,154,60,177,27,185,127,96,171,148,98,114,64,79,179,47,88,5,186,199,83,153,166,24,150,10,187,175,57,197,168,31,56,63];False
2412;6921;9333;[34,198,174,190,109,118,6,193,172,132,130,22,12,7,129,2,66,157,103,105,74,188,87,37,94,0,167,61,45,138,178,147,78,128,134,120,3,121,162,126,143,160,91,1,33,124,180,196,36,85,104,17,82,23,189,81,112,93,19,26,176,46,9,49,170,95,38,139,65,20,51,50,21,48,146,4,84,67,32,72,163,25,70,41,142,117,77,113,156,71,191,144,184,8,173,18,86,110,101,59,80,100,30,42,141,11,97,58,54,151,149,165,181,68,123,44,131,158,62,195,119,43,39,107,55,14,13,111,52,89,75,182,15,135,53,183,69,159,164,90,28,155,73,99,106,136,115,152,35,161,102,137,133,76,122,116,16,125,145,140,92,108,192,40,169,194,29,154,60,177,27,185,127,96,171,148,98,114,64,79,179,47,88,5,186,199,83,153,166,24,150,10,187,175,57,197,168,31,56,63];False
2422;6918;9340;[34,198,174,190,109,118,6,193,172,132,130,22,12,7,182,2,66,157,103,105,74,188,87,37,94,0,167,61,45,138,178,147,78,128,134,120,3,121,162,126,143,160,91,1,33,124,180,196,36,85,104,17,82,23,189,81,52,93,19,26,176,46,9,49,170,95,38,139,65,20,51,50,21,48,146,4,84,67,32,72,163,25,70,41,142,117,77,113,156,71,191,144,184,8,173,18,86,110,101,59,80,100,30,42,141,11,97,58,54,151,149,165,181,68,123,44,131,158,62,195,119,43,39,107,55,14,13,111,112,89,75,129,15,135,53,183,69,159,164,90,28,155,73,99,106,136,115,152,35,161,102,137,133,76,122,116,16,125,145,140,92,108,192,40,169,194,29,154,60,177,27,185,127,96,171,148,98,114,64,79,179,47,88,5,186,199,83,153,166,24,150,10,187,175,57,197,168,31,56,63];False
2433;6916;9349;[34,198,174,190,109,118,6,193,172,132,130,22,12,7,182,2,66,157,103,105,74,188,87,37,94,0,167,61,45,138,178,147,78,128,134,120,3,121,162,126,143,160,91,1,33,124,180,196,36,85,104,17,82,23,189,81,112,93,19,26,176,46,9,49,170,95,38,139,65,20,51,50,21,155,146,4,84,67,32,72,163,25,70,41,142,117,77,113,156,71,191,144,184,8,173,18,86,110,101,59,80,100,30,42,141,11,97,58,54,151,149,165,181,68,123,44,131,158,62,195,119,43,39,107,55,14,13,111,52,89,75,129,15,135,53,183,69,159,164,90,28,48,73,99,106,136,115,152,35,161,102,137,133,76,122,116,16,125,145,140,92,108,192,40,169,194,29,154,60,177,27,185,127,96,171,148,98,114,64,79,179,47,88,5,186,199,83,153,166,24,150,10,187,175,57,197,168,31,56,63];False
2421;6918;9339;[34,198,174,190,109,118,6,193,172,132,130,22,12,7,182,2,66,157,103,105,74,188,87,37,94,0,167,61,45,138,178,147,78,128,134,120,3,121,162,126,143,160,91,1,33,124,180,196,36,85,104,17,82,23,189,81,112,93,19,26,176,46,9,49,170,95,38,139,65,20,51,50,21,48,146,4,84,67,32,72,163,25,70,41,142,117,57,113,156,71,191,144,184,8,173,18,86,110,101,59,80,100,30,42,141,11,97,58,54,151,149,165,181,68,123,44,131,158,62,195,119,43,39,107,55,14,13,111,52,89,75,129,15,135,53,183,69,159,164,90,28,155,73,99,106,136,115,152,35,161,102,137,133,76,122,116,16,125,145,140,92,108,192,40,169,194,29,154,60,177,27,185,127,96,171,148,98,114,64,79,179,47,88,5,186,199,83,153,166,24,150,10,187,175,77,197,168,31,56,63];False
2488;6904;9392;[34,198,174,190,109,118,6,193,172,132,130,22,12,7,182,2,66,157,103,105,74,188,87,37,94,0,167,61,45,138,178,147,78,128,134,120,3,121,162,126,143,160,91,1,33,124,180,196,36,85,104,17,82,23,189,81,112,93,19,26,176,46,9,49,170,95,38,139,65,20,51,50,21,48,146,4,84,67,32,72,163,25,70,41,142,117,77,113,156,71,191,144,184,8,173,18,86,110,101,59,80,100,30,42,141,11,97,58,54,151,149,165,181,68,123,16,131,158,62,195,119,43,39,107,55,14,13,111,52,89,75,129,15,135,53,183,69,159,164,90,28,155,73,99,106,136,115,152,35,161,102,137,133,76,122,116,44,125,145,140,92,108,192,40,169,194,29,154,60,177,27,185,127,96,171,148,98,114,64,79,179,47,88,5,186,199,83,153,166,24,150,10,187,175,57,197,168,31,56,63];False
2392;6928;9320;[34,198,174,190,109,118,6,193,172,132,130,22,12,7,182,113,66,157,103,105,74,188,87,37,94,0,167,61,45,138,178,147,78,128,134,120,3,121,162,126,143,160,91,1,33,124,180,196,36,85,104,17,82,23,189,81,52,93,19,26,176,46,9,49,170,95,38,139,65,20,51,50,21,155,146,4,84,67,32,72,163,25,70,41,142,117,77,2,156,71,191,144,184,8,173,18,86,110,101,59,80,100,30,42,141,11,97,58,54,151,149,165,181,68,123,44,131,158,62,195,119,43,39,107,55,14,13,111,112,89,75,129,15,135,53,183,69,159,164,90,28,48,73,99,106,136,115,152,35,161,102,137,133,76,122,116,16,125,145,140,92,108,192,40,169,194,29,154,60,177,27,185,127,96,171,148,98,114,64,79,179,47,88,5,186,199,83,153,166,24,150,10,187,175,57,197,168,31,56,63];False
2376;6931;9307;[34,198,174,190,109,118,6,193,172,132,130,22,12,7,182,113,66,157,103,105,74,188,87,37,94,0,167,61,45,138,178,147,78,128,134,120,3,121,162,126,143,160,91,1,33,124,180,196,36,85,104,17,82,23,189,81,52,93,19,26,176,46,9,49,170,95,38,139,65,20,51,50,21,48,146,4,84,67,32,72,163,25,70,41,142,117,77,57,156,71,191,144,184,8,173,18,86,110,101,59,80,100,30,42,141,11,97,58,54,151,149,165,181,68,123,44,131,158,62,195,119,43,39,107,55,14,13,111,112,89,75,129,15,135,53,183,69,159,164,90,28,155,73,99,106,136,115,152,35,161,102,137,133,76,122,116,16,125,145,140,92,108,192,40,169,194,29,154,60,177,27,185,127,96,171,148,98,114,64,79,179,47,88,5,186,199,83,153,166,24,150,10,187,175,2,197,168,31,56,63];False
2458;6914;9372;[34,198,174,190,109,118,6,193,172,132,130,22,12,7,182,113,66,157,103,105,74,188,87,37,94,0,167,61,45,138,178,147,78,128,134,120,3,121,162,126,143,160,91,1,33,124,180,196,36,85,104,17,82,23,189,81,112,93,19,26,176,46,9,49,170,95,38,139,65,20,51,50,21,155,146,4,84,67,32,72,163,25,70,41,142,117,77,2,156,71,191,144,184,8,173,18,86,110,101,59,80,100,30,42,141,11,97,58,54,151,149,165,181,68,123,16,131,158,62,195,119,43,39,107,55,14,13,111,52,89,75,129,15,135,53,183,69,159,164,90,28,48,73,99,106,136,115,152,35,161,102,137,133,76,122,116,44,125,145,140,92,108,192,40,169,194,29,154,60,177,27,185,127,96,171,148,98,114,64,79,179,47,88,5,186,199,83,153,166,24,150,10,187,175,57,197,168,31,56,63];False
2236;6987;9223;[34,198,174,190,109,118,6,193,172,132,130,22,12,7,182,113,66,157,103,105,74,188,87,37,94,0,167,61,45,138,178,147,78,128,42,120,3,121,162,126,143,160,91,1,33,124,180,196,36,85,104,17,82,23,189,81,112,93,19,26,176,46,123,49,170,95,38,139,65,20,51,50,21,48,146,4,84,67,32,72,163,25,70,41,142,117,77,2,156,71,191,144,184,8,173,18,137,158,101,59,80,100,30,134,148,11,97,58,54,151,149,165,181,68,116,44,131,110,62,195,119,43,39,107,55,14,13,111,52,89,75,129,15,135,53,183,69,159,164,90,28,155,73,99,106,136,115,152,35,161,102,86,133,76,122,9,16,125,145,140,92,108,192,40,169,194,29,154,60,177,27,185,127,96,171,141,98,114,64,79,179,47,88,5,186,199,83,153,166,24,150,10,187,175,57,197,168,31,56,63];False
2231;6997;9228;[34,198,174,190,109,118,6,193,172,132,130,22,12,7,182,113,66,157,103,105,74,188,87,37,94,0,167,61,45,138,178,147,78,128,42,120,3,121,162,126,143,160,91,1,33,124,180,196,36,85,104,17,82,23,189,81,52,93,19,26,176,46,116,49,170,95,38,139,65,20,51,50,21,48,146,4,84,67,32,72,163,25,70,41,142,117,77,2,156,71,191,144,184,8,173,18,137,158,101,59,80,100,30,134,148,11,97,58,54,151,149,165,181,68,123,44,131,110,62,195,119,43,39,107,55,14,13,111,112,89,75,129,15,135,53,183,69,159,164,90,28,155,73,99,106,136,115,152,35,161,102,86,133,76,122,9,16,125,145,140,92,108,192,40,169,194,29,154,60,177,27,185,127,96,171,141,98,114,64,79,179,47,88,5,186,199,83,153,166,24,150,10,187,175,57,197,168,31,56,63];False
2226;6998;9224;[34,198,174,190,109,118,6,193,172,132,130,22,12,7,182,113,66,157,103,105,74,188,87,37,94,0,167,61,45,138,178,147,78,128,42,120,3,121,162,126,143,160,91,1,33,124,180,196,36,85,104,17,82,23,189,81,112,93,19,26,176,46,116,49,170,95,38,139,65,20,51,50,21,48,146,4,84,67,32,72,163,25,70,41,142,117,77,57,156,71,191,144,184,8,173,18,137,158,101,59,80,100,30,134,148,11,97,58,54,151,149,165,181,68,123,44,131,110,62,195,119,43,39,107,55,14,13,111,52,89,75,129,15,135,53,183,69,159,164,90,28,155,73,99,106,136,115,152,35,161,102,86,133,76,122,9,16,125,145,140,92,108,192,40,169,194,29,154,60,177,27,185,127,96,171,141,98,114,64,79,179,47,88,5,186,199,83,153,166,24,150,10,187,175,2,197,168,31,56,63];False
2218;6998;9216;[34,198,174,190,109,118,6,9,172,132,130,22,12,7,182,113,66,157,103,105,74,188,87,37,94,0,167,61,45,138,178,147,78,128,42,120,3,121,162,126,143,160,91,1,33,124,180,196,36,85,104,17,82,23,189,81,112,93,19,26,176,46,116,49,170,95,38,139,65,20,51,50,21,48,146,4,84,67,32,72,163,25,70,41,142,117,77,2,156,71,191,144,184,8,173,18,86,110,101,59,80,100,30,134,148,11,97,58,54,151,149,165,181,68,123,44,131,158,62,195,161,102,39,107,55,14,13,111,52,89,75,129,15,135,53,183,69,159,164,90,28,155,73,99,106,136,115,152,35,119,43,137,133,76,122,193,16,125,145,140,92,108,192,40,169,194,29,154,60,177,27,185,127,96,171,141,98,114,64,79,179,47,88,5,186,199,83,153,166,24,150,10,187,175,57,197,168,31,56,63];False
2148;7037;9185;[34,198,174,190,109,118,6,193,172,132,130,22,96,7,182,113,66,157,103,105,74,188,87,37,94,0,167,61,45,138,178,147,78,128,42,120,3,121,162,126,143,160,91,1,33,124,180,196,36,85,104,17,82,23,189,81,112,93,19,26,176,46,116,49,170,95,38,139,65,20,51,50,21,48,146,4,84,67,32,72,163,25,70,41,142,117,77,2,156,71,191,144,184,8,173,18,86,110,101,59,80,100,30,134,148,11,97,58,54,151,149,165,181,68,123,44,131,158,62,195,161,102,39,107,55,14,13,111,52,89,75,129,15,135,53,183,69,159,164,90,28,155,73,99,106,136,115,152,35,119,43,137,133,76,122,9,16,125,145,140,92,108,192,40,169,194,29,154,60,177,27,185,127,12,171,141,98,114,64,79,179,47,88,5,186,199,83,153,166,24,150,10,187,175,57,197,168,31,56,63];False
2167;7018;9185;[34,198,174,190,109,118,6,193,172,132,130,22,12,161,182,113,66,157,103,105,74,188,87,37,94,0,167,61,45,138,178,147,78,128,42,120,3,121,162,126,143,160,91,1,33,124,180,196,36,85,104,17,82,23,189,81,112,93,19,26,176,46,116,49,170,95,38,139,65,20,51,50,21,48,146,4,84,67,32,72,163,25,70,41,142,117,77,2,156,71,191,144,184,8,173,18,86,110,101,59,80,100,30,134,148,11,97,58,54,151,149,165,181,68,123,44,131,158,62,195,7,102,39,107,55,14,13,111,52,89,75,129,15,135,53,183,69,159,164,90,28,155,73,99,106,136,115,152,35,119,43,137,133,76,122,9,16,125,145,140,92,108,192,40,169,194,29,154,60,177,27,185,127,96,171,141,98,114,64,79,179,47,88,5,186,199,83,153,166,24,150,10,187,175,57,197,168,31,56,63];True
2199;7004;9203;[34,198,174,190,109,118,6,193,172,132,130,22,12,7,85,113,66,157,103,105,74,188,87,37,94,0,167,61,45,138,178,147,78,128,42,120,3,121,162,126,143,160,91,1,33,124,180,196,36,182,104,17,82,23,189,81,112,93,19,26,176,46,116,49,170,95,38,139,65,20,51,50,21,48,146,4,84,67,32,72,163,25,70,41,142,117,77,2,156,71,191,144,184,8,173,18,86,110,101,59,80,100,30,134,148,11,97,58,54,151,149,165,181,68,123,44,131,158,62,195,161,102,39,107,55,14,13,111,52,89,75,129,15,135,53,183,69,159,164,90,28,155,73,99,106,136,115,152,35,119,43,137,133,76,122,9,16,125,145,140,92,108,192,40,169,194,29,154,60,177,27,185,127,96,171,141,98,114,64,79,179,47,88,5,186,199,83,153,166,24,150,10,187,175,57,197,168,31,56,63];False
2164;7036;9200;[34,198,174,190,109,118,6,193,172,132,130,22,12,7,182,113,66,157,103,105,74,188,87,37,94,0,167,61,45,138,178,19,78,128,42,120,3,121,162,126,143,160,91,1,33,124,180,196,36,85,104,17,82,23,189,81,112,93,147,26,176,46,116,49,170,95,38,139,65,20,51,50,21,48,146,4,84,67,32,72,163,25,70,41,142,117,77,2,156,71,191,144,184,8,173,18,86,110,101,59,80,100,30,134,148,11,97,58,54,151,149,165,181,68,123,44,131,158,62,195,161,102,39,107,55,14,13,111,52,89,75,129,15,135,53,183,69,159,164,90,28,155,73,99,106,136,115,152,35,119,43,137,133,76,122,9,16,125,145,140,92,108,192,40,169,194,29,154,60,177,27,185,127,96,171,141,98,114,64,79,179,47,88,5,186,199,83,153,166,24,150,10,187,175,57,197,168,31,56,63];False
2154;7030;9184;[34,198,174,190,109,118,6,193,172,132,130,22,12,7,182,113,66,157,103,105,74,188,87,37,94,0,167,61,45,138,178,147,78,128,134,120,3,121,162,126,143,160,91,1,33,124,180,196,36,85,104,17,82,23,189,81,112,93,19,26,176,46,116,49,170,95,38,139,65,20,51,50,21,48,146,4,84,67,32,72,163,25,70,41,142,117,77,2,156,71,191,144,184,8,173,18,86,110,101,59,80,100,30,42,148,11,97,58,54,151,149,165,181,68,123,44,131,158,62,195,161,102,39,107,55,14,13,111,52,89,75,129,15,135,53,183,69,159,164,90,28,155,73,99,106,136,115,152,35,119,43,137,133,76,122,9,16,125,145,140,92,108,192,40,169,194,29,154,60,177,27,185,127,96,171,141,98,114,64,79,179,47,88,5,186,199,83,153,166,24,150,10,187,175,57,197,168,31,56,63];False
2192;7005;9197;[34,198,174,190,109,118,6,193,172,132,130,22,12,7,182,113,66,157,103,105,74,188,87,37,94,0,167,61,45,138,178,147,78,128,42,120,3,121,162,126,143,160,91,1,33,124,180,196,36,85,104,17,82,23,189,81,52,93,19,26,176,46,116,49,170,95,38,139,65,20,51,50,21,48,146,4,84,67,32,72,163,25,70,41,142,117,77,2,156,71,191,144,184,8,173,18,86,110,101,59,80,100,30,134,148,11,97,58,54,151,149,165,181,68,123,44,131,158,62,195,161,102,39,107,55,14,13,111,112,89,75,129,15,135,53,183,69,159,164,90,28,155,73,99,106,136,115,152,35,119,43,137,133,76,122,9,16,125,145,140,92,108,192,40,169,194,29,154,60,177,27,185,127,96,171,141,98,114,64,79,179,47,88,5,186,199,83,153,166,24,150,10,187,175,57,197,168,31,56,63];True
2197;6995;9192;[34,198,174,190,109,118,6,193,172,132,130,22,12,7,182,113,66,157,103,105,74,188,87,37,94,0,167,61,45,138,178,147,78,128,42,120,3,121,162,126,143,160,91,1,33,124,180,196,36,85,104,17,82,23,189,81,112,93,19,26,176,46,123,49,170,95,38,139,65,20,51,50,21,48,146,4,84,67,32,72,163,25,70,41,142,117,77,2,156,71,191,144,184,8,173,18,86,110,101,59,80,100,30,134,148,11,97,58,54,151,149,165,181,68,116,44,131,158,62,195,161,102,39,107,55,14,13,111,52,89,75,129,15,135,53,183,69,159,164,90,28,155,73,99,106,136,115,152,35,119,43,137,133,76,122,9,16,125,145,140,92,108,192,40,169,194,29,154,60,177,27,185,127,96,171,141,98,114,64,79,179,47,88,5,186,199,83,153,166,24,150,10,187,175,57,197,168,31,56,63];True
2226;6976;9202;[34,198,174,190,109,118,6,193,172,132,130,22,12,7,182,113,66,157,103,105,74,188,87,37,94,0,167,61,45,138,178,147,78,128,42,120,3,121,162,126,143,160,91,1,33,124,180,196,36,85,104,17,82,23,189,81,112,93,19,26,176,46,9,49,170,95,38,139,65,20,51,50,21,48,146,4,84,67,32,72,163,25,70,41,142,117,77,2,156,71,191,144,184,8,173,18,86,110,101,59,80,100,30,134,148,11,97,58,54,151,149,165,181,68,123,44,131,158,62,195,161,102,39,107,55,14,13,111,52,89,75,129,15,135,53,183,69,159,164,90,28,155,73,99,106,136,115,152,35,119,43,137,133,76,122,116,16,125,145,140,92,108,192,40,169,194,29,154,60,177,27,185,127,96,171,141,98,114,64,79,179,47,88,5,186,199,83,153,166,24,150,10,187,175,57,197,168,31,56,63];True
2187;7006;9193;[34,198,174,190,109,118,6,193,172,132,130,22,12,7,182,113,66,157,103,105,74,188,87,37,94,0,167,61,45,138,178,147,78,128,42,120,3,121,162,126,143,160,91,1,33,124,180,196,36,85,104,17,82,23,189,81,112,93,19,26,176,46,116,49,170,95,38,139,65,20,51,50,21,48,146,4,84,67,32,72,163,25,70,41,142,117,77,57,156,71,191,144,184,8,173,18,86,110,101,59,80,100,30,134,148,11,97,58,54,151,149,165,181,68,123,44,131,158,62,195,161,102,39,107,55,14,13,111,52,89,75,129,15,135,53,183,69,159,164,90,28,155,73,99,106,136,115,152,35,119,43,137,133,76,122,9,16,125,145,140,92,108,192,40,169,194,29,154,60,177,27,185,127,96,171,141,98,114,64,79,179,47,88,5,186,199,83,153,166,24,150,10,187,175,2,197,168,31,56,63];True
2144;7041;9185;[34,198,174,190,109,118,6,193,172,132,130,22,12,7,182,113,66,157,103,105,74,188,87,37,94,0,167,61,45,138,178,147,78,128,42,120,3,121,162,126,143,160,91,1,33,124,180,196,36,85,104,17,82,23,189,81,112,93,19,26,176,46,116,49,170,95,38,139,65,20,51,50,21,48,146,4,84,67,32,72,163,25,70,41,142,117,77,2,156,71,191,144,184,8,173,18,86,110,165,59,80,100,30,134,148,11,97,58,54,151,149,101,181,68,123,44,131,158,62,195,161,102,39,107,55,14,13,111,52,89,75,129,15,135,53,183,69,159,164,90,28,155,73,99,106,136,115,152,35,119,43,137,133,76,122,9,16,125,145,140,92,108,192,40,169,194,29,154,60,177,27,185,127,96,171,141,98,114,64,79,179,47,88,5,186,199,83,153,166,24,150,10,187,175,57,197,168,31,56,63];True
2150;7025;9175;[34,198,174,190,109,118,6,193,172,132,130,22,12,7,182,113,66,157,103,105,74,188,87,37,94,0,167,61,45,138,178,147,78,128,42,120,3,121,162,126,143,160,91,1,33,124,180,196,36,85,104,17,82,23,189,81,112,93,19,26,176,46,116,49,170,95,38,139,65,20,51,50,21,48,146,4,84,67,32,72,163,25,70,41,142,117,77,2,156,71,191,144,184,8,173,18,86,110,101,59,80,100,30,134,148,11,97,58,54,151,149,165,181,68,123,44,131,158,62,195,161,35,39,107,55,14,13,111,52,89,75,129,15,135,53,183,69,159,164,90,28,155,73,99,106,136,115,152,102,119,43,137,133,76,122,9,16,125,145,140,92,108,192,40,169,194,29,154,60,177,27,185,127,96,171,141,98,114,64,79,179,47,88,5,186,199,83,153,166,24,150,10,187,175,57,197,168,31,56,63];True
2482;6906;9388;[34,198,174,190,109,118,6,193,172,132,130,22,12,7,182,167,66,157,103,105,74,188,87,37,94,165,113,61,45,138,178,147,78,128,134,120,3,121,162,126,143,160,91,1,33,124,180,196,36,85,104,17,82,23,189,81,52,93,19,26,176,46,9,49,170,95,38,139,65,20,51,50,21,48,146,4,84,67,32,72,163,25,70,41,142,117,77,2,156,71,191,144,184,8,173,18,86,110,101,59,80,100,30,42,141,11,97,58,54,151,149,0,181,68,123,44,131,158,62,195,119,43,39,107,55,14,13,111,112,89,75,129,15,135,53,183,69,159,164,90,28,155,73,99,106,136,115,152,35,161,102,137,133,76,122,116,16,125,145,140,92,108,192,40,169,194,29,154,60,177,27,185,127,96,171,148,98,114,64,79,179,47,88,5,186,199,83,153,166,24,150,10,187,175,57,197,168,31,56,63];False
2477;6907;9384;[34,198,174,190,109,118,6,193,172,132,130,22,12,7,182,167,66,157,103,105,74,188,87,37,94,165,113,61,45,138,178,147,78,128,134,120,3,121,162,126,143,160,91,1,33,124,180,196,36,85,104,17,82,23,189,81,112,93,19,26,176,46,9,49,170,95,38,139,65,20,51,50,21,48,146,4,84,67,32,72,163,25,70,41,142,117,77,57,156,71,191,144,184,8,173,18,86,110,101,59,80,100,30,42,141,11,97,58,54,151,149,0,181,68,123,44,131,158,62,195,119,43,39,107,55,14,13,111,52,89,75,129,15,135,53,183,69,159,164,90,28,155,73,99,106,136,115,152,35,161,102,137,133,76,122,116,16,125,145,140,92,108,192,40,169,194,29,154,60,177,27,185,127,96,171,148,98,114,64,79,179,47,88,5,186,199,83,153,166,24,150,10,187,175,2,197,168,31,56,63];False
2505;6903;9408;[34,198,174,190,109,118,6,193,172,132,130,22,12,7,182,167,66,157,103,105,74,188,87,37,94,165,113,61,45,138,178,147,78,128,134,120,3,121,162,126,143,160,91,1,33,124,180,196,36,85,104,17,82,23,189,81,112,93,19,26,176,46,9,49,170,95,38,139,65,20,51,50,21,48,146,4,84,67,32,72,163,25,70,41,142,117,77,2,156,71,191,144,184,8,173,18,86,110,101,59,80,100,30,42,141,11,97,58,54,151,199,0,181,68,123,44,131,158,62,195,119,43,39,107,55,14,13,111,52,89,75,129,15,135,53,183,69,159,164,90,28,155,73,99,106,136,115,152,35,161,102,137,133,76,122,116,16,125,145,140,92,108,192,40,169,194,29,154,60,177,27,185,127,96,171,148,98,114,64,79,179,47,88,5,186,149,83,153,166,24,150,10,187,175,57,197,168,31,56,63];False
2409;6916;9325;[34,198,174,190,109,118,6,193,172,132,130,22,12,7,182,167,66,157,103,105,74,188,87,37,94,165,113,61,45,138,178,147,78,128,134,120,3,121,162,126,143,160,91,1,33,124,180,196,36,85,104,17,82,23,189,81,112,93,19,26,176,46,9,49,170,95,38,139,65,20,51,50,21,48,146,4,84,67,32,72,163,25,70,41,142,117,77,2,156,71,191,144,184,8,173,18,86,110,101,59,80,100,30,42,141,11,97,58,54,151,149,83,181,68,123,44,131,158,62,195,119,43,39,107,55,14,13,111,52,89,75,129,15,135,53,183,69,159,164,90,28,155,73,99,106,136,115,152,35,161,102,137,133,76,122,116,16,125,145,140,92,108,192,40,169,194,29,154,60,177,27,185,127,96,171,148,98,114,64,79,179,47,88,5,186,199,0,153,166,24,150,10,187,175,57,197,168,31,56,63];True
2466;6907;9373;[34,198,174,190,109,125,6,193,172,132,130,22,12,7,182,2,66,157,103,105,74,188,87,37,94,0,167,61,45,138,178,147,78,128,134,120,3,121,162,126,143,160,91,1,33,124,180,196,36,85,104,17,82,23,189,81,112,93,19,26,176,46,9,49,170,95,38,139,65,20,51,50,21,48,146,4,84,67,32,72,163,25,70,41,142,117,77,113,156,71,191,144,184,8,173,18,86,110,101,59,80,100,30,42,141,11,97,58,54,151,149,165,181,68,123,16,131,158,62,195,119,43,39,107,55,14,13,111,52,89,75,129,15,135,53,183,69,159,164,90,28,155,73,99,106,136,115,152,35,161,102,137,133,76,122,116,44,118,145,140,92,108,192,40,169,194,29,154,60,177,27,185,127,96,171,148,98,114,64,79,179,47,88,5,186,199,83,153,166,24,150,10,187,175,57,197,168,31,56,63];False
2500;6903;9403;[34,198,174,190,109,118,6,193,172,132,130,22,12,7,129,2,66,157,103,105,74,188,87,37,94,0,167,61,45,138,178,147,78,128,134,120,3,121,162,126,143,160,91,1,33,124,180,196,36,85,104,17,82,23,189,81,112,93,19,26,176,46,9,49,170,95,38,139,65,20,51,50,21,48,146,4,84,67,32,72,163,25,70,41,142,117,77,113,156,71,191,144,184,8,173,18,86,110,101,59,80,100,30,42,141,11,97,58,54,151,149,165,181,68,123,16,131,158,62,195,119,43,39,107,55,14,13,111,52,89,75,182,15,135,53,183,69,159,164,90,28,155,73,99,106,136,115,152,35,161,102,137,133,76,122,116,44,125,145,140,92,108,192,40,169,194,29,154,60,177,27,185,127,96,171,148,98,114,64,79,179,47,88,5,186,199,83,153,166,24,150,10,187,175,57,197,168,31,56,63];False
2510;6900;9410;[34,198,174,190,109,118,6,193,172,132,130,22,12,7,182,2,66,157,103,105,74,188,87,37,94,0,167,61,45,138,178,147,78,128,134,120,3,121,162,126,143,160,91,1,33,124,180,196,36,85,104,17,82,23,189,81,52,93,19,26,176,46,9,49,170,95,38,139,65,20,51,50,21,48,146,4,84,67,32,72,163,25,70,41,142,117,77,113,156,71,191,144,184,8,173,18,86,110,101,59,80,100,30,42,141,11,97,58,54,151,149,165,181,68,123,16,131,158,62,195,119,43,39,107,55,14,13,111,112,89,75,129,15,135,53,183,69,159,164,90,28,155,73,99,106,136,115,152,35,161,102,137,133,76,122,116,44,125,145,140,92,108,192,40,169,194,29,154,60,177,27,185,127,96,171,148,98,114,64,79,179,47,88,5,186,199,83,153,166,24,150,10,187,175,57,197,168,31,56,63];False
2521;6898;9419;[34,198,174,190,109,118,6,193,172,132,130,22,12,7,182,2,66,157,103,105,74,188,87,37,94,0,167,61,45,138,178,147,78,128,134,120,3,121,162,126,143,160,91,1,33,124,180,196,36,85,104,17,82,23,189,81,112,93,19,26,176,46,9,49,170,95,38,139,65,20,51,50,21,155,146,4,84,67,32,72,163,25,70,41,142,117,77,113,156,71,191,144,184,8,173,18,86,110,101,59,80,100,30,42,141,11,97,58,54,151,149,165,181,68,123,16,131,158,62,195,119,43,39,107,55,14,13,111,52,89,75,129,15,135,53,183,69,159,164,90,28,48,73,99,106,136,115,152,35,161,102,137,133,76,122,116,44,125,145,140,92,108,192,40,169,194,29,154,60,177,27,185,127,96,171,148,98,114,64,79,179,47,88,5,186,199,83,153,166,24,150,10,187,175,57,197,168,31,56,63];False
2509;6900;9409;[34,198,174,190,109,118,6,193,172,132,130,22,12,7,182,2,66,157,103,105,74,188,87,37,94,0,167,61,45,138,178,147,78,128,134,120,3,121,162,126,143,160,91,1,33,124,180,196,36,85,104,17,82,23,189,81,112,93,19,26,176,46,9,49,170,95,38,139,65,20,51,50,21,48,146,4,84,67,32,72,163,25,70,41,142,117,57,113,156,71,191,144,184,8,173,18,86,110,101,59,80,100,30,42,141,11,97,58,54,151,149,165,181,68,123,16,131,158,62,195,119,43,39,107,55,14,13,111,52,89,75,129,15,135,53,183,69,159,164,90,28,155,73,99,106,136,115,152,35,161,102,137,133,76,122,116,44,125,145,140,92,108,192,40,169,194,29,154,60,177,27,185,127,96,171,148,98,114,64,79,179,47,88,5,186,199,83,153,166,24,150,10,187,175,77,197,168,31,56,63];False
2455;6912;9367;[34,198,174,190,109,118,6,193,172,132,130,22,12,7,182,2,66,157,103,105,74,188,87,37,94,0,167,61,45,138,178,147,78,128,134,120,3,121,162,126,143,160,91,1,33,124,180,196,36,85,104,17,82,23,189,81,52,93,19,26,176,46,9,49,170,95,38,139,65,20,51,50,21,155,146,4,84,67,32,72,163,25,70,41,142,117,77,113,156,71,191,144,184,8,173,18,86,110,101,59,80,100,30,42,141,11,97,58,54,151,149,165,181,68,123,44,131,158,62,195,119,43,39,107,55,14,13,111,112,89,75,129,15,135,53,183,69,159,164,90,28,48,73,99,106,136,115,152,35,161,102,137,133,76,122,116,16,125,145,140,92,108,192,40,169,194,29,154,60,177,27,185,127,96,171,148,98,114,64,79,179,47,88,5,186,199,83,153,166,24,150,10,187,175,57,197,168,31,56,63];False
2128;7053;9181;[34,198,174,190,109,118,6,193,172,132,130,22,96,7,182,113,66,157,103,105,74,188,87,37,94,0,167,61,45,138,178,147,78,128,42,120,3,121,162,126,143,160,91,1,33,124,180,196,36,85,104,17,82,23,189,81,112,93,19,26,176,46,116,49,170,95,38,139,65,20,51,50,21,48,146,4,84,67,32,72,163,25,70,41,142,117,77,2,156,71,191,144,184,8,173,18,86,110,101,59,80,100,30,134,148,11,97,58,54,151,149,165,181,68,123,44,131,158,62,195,161,35,39,107,55,14,13,111,52,89,75,129,15,135,53,183,69,159,164,90,28,155,73,99,106,136,115,152,102,119,43,137,133,76,122,9,16,125,145,140,92,108,192,40,169,194,29,154,60,177,27,185,127,12,171,141,98,114,64,79,179,47,88,5,186,199,83,153,166,24,150,10,187,175,57,197,168,31,56,63];True
2194;7004;9198;[34,198,174,190,109,118,6,193,172,132,130,22,12,161,182,113,66,157,103,105,74,188,87,37,94,0,167,61,45,138,178,147,78,128,42,120,3,121,162,126,143,160,91,1,33,124,180,196,36,85,104,17,82,23,189,81,112,93,19,26,176,46,123,49,170,95,38,139,65,20,51,50,21,48,146,4,84,67,32,72,163,25,70,41,142,117,77,2,156,71,191,144,184,8,173,18,86,110,101,59,80,100,30,134,148,11,97,58,54,151,149,165,181,68,116,44,131,158,62,195,7,102,39,107,55,14,13,111,52,89,75,129,15,135,53,183,69,159,164,90,28,155,73,99,106,136,115,152,35,119,43,137,133,76,122,9,16,125,145,140,92,108,192,40,169,194,29,154,60,177,27,185,127,96,171,141,98,114,64,79,179,47,88,5,186,199,83,153,166,24,150,10,187,175,57,197,168,31,56,63];True
2223;6985;9208;[34,198,174,190,109,118,6,193,172,132,130,22,12,161,182,113,66,157,103,105,74,188,87,37,94,0,167,61,45,138,178,147,78,128,42,120,3,121,162,126,143,160,91,1,33,124,180,196,36,85,104,17,82,23,189,81,112,93,19,26,176,46,9,49,170,95,38,139,65,20,51,50,21,48,146,4,84,67,32,72,163,25,70,41,142,117,77,2,156,71,191,144,184,8,173,18,86,110,101,59,80,100,30,134,148,11,97,58,54,151,149,165,181,68,123,44,131,158,62,195,7,102,39,107,55,14,13,111,52,89,75,129,15,135,53,183,69,159,164,90,28,155,73,99,106,136,115,152,35,119,43,137,133,76,122,116,16,125,145,140,92,108,192,40,169,194,29,154,60,177,27,185,127,96,171,141,98,114,64,79,179,47,88,5,186,199,83,153,166,24,150,10,187,175,57,197,168,31,56,63];True
2141;7050;9191;[34,198,174,190,109,118,6,193,172,132,130,22,12,161,182,113,66,157,103,105,74,188,87,37,94,0,167,61,45,138,178,147,78,128,42,120,3,121,162,126,143,160,91,1,33,124,180,196,36,85,104,17,82,23,189,81,112,93,19,26,176,46,116,49,170,95,38,139,65,20,51,50,21,48,146,4,84,67,32,72,163,25,70,41,142,117,77,2,156,71,191,144,184,8,173,18,86,110,165,59,80,100,30,134,148,11,97,58,54,151,149,101,181,68,123,44,131,158,62,195,7,102,39,107,55,14,13,111,52,89,75,129,15,135,53,183,69,159,164,90,28,155,73,99,106,136,115,152,35,119,43,137,133,76,122,9,16,125,145,140,92,108,192,40,169,194,29,154,60,177,27,185,127,96,171,141,98,114,64,79,179,47,88,5,186,199,83,153,166,24,150,10,187,175,57,197,168,31,56,63];False
2219;6991;9210;[34,198,174,190,109,118,6,193,172,132,130,22,12,7,182,113,66,157,103,105,74,188,87,37,94,0,167,61,45,138,178,147,78,128,42,120,3,121,162,126,143,160,91,1,33,124,180,196,36,85,104,17,82,23,189,81,52,93,19,26,176,46,123,49,170,95,38,139,65,20,51,50,21,48,146,4,84,67,32,72,163,25,70,41,142,117,77,2,156,71,191,144,184,8,173,18,86,110,101,59,80,100,30,134,148,11,97,58,54,151,149,165,181,68,116,44,131,158,62,195,161,102,39,107,55,14,13,111,112,89,75,129,15,135,53,183,69,159,164,90,28,155,73,99,106,136,115,152,35,119,43,137,133,76,122,9,16,125,145,140,92,108,192,40,169,194,29,154,60,177,27,185,127,96,171,141,98,114,64,79,179,47,88,5,186,199,83,153,166,24,150,10,187,175,57,197,168,31,56,63];True
2248;6972;9220;[34,198,174,190,109,118,6,193,172,132,130,22,12,7,182,113,66,157,103,105,74,188,87,37,94,0,167,61,45,138,178,147,78,128,42,120,3,121,162,126,143,160,91,1,33,124,180,196,36,85,104,17,82,23,189,81,52,93,19,26,176,46,9,49,170,95,38,139,65,20,51,50,21,48,146,4,84,67,32,72,163,25,70,41,142,117,77,2,156,71,191,144,184,8,173,18,86,110,101,59,80,100,30,134,148,11,97,58,54,151,149,165,181,68,123,44,131,158,62,195,161,102,39,107,55,14,13,111,112,89,75,129,15,135,53,183,69,159,164,90,28,155,73,99,106,136,115,152,35,119,43,137,133,76,122,116,16,125,145,140,92,108,192,40,169,194,29,154,60,177,27,185,127,96,171,141,98,114,64,79,179,47,88,5,186,199,83,153,166,24,150,10,187,175,57,197,168,31,56,63];False
2214;6992;9206;[34,198,174,190,109,118,6,193,172,132,130,22,12,7,182,113,66,157,103,105,74,188,87,37,94,0,167,61,45,138,178,147,78,128,42,120,3,121,162,126,143,160,91,1,33,124,180,196,36,85,104,17,82,23,189,81,112,93,19,26,176,46,123,49,170,95,38,139,65,20,51,50,21,48,146,4,84,67,32,72,163,25,70,41,142,117,77,57,156,71,191,144,184,8,173,18,86,110,101,59,80,100,30,134,148,11,97,58,54,151,149,165,181,68,116,44,131,158,62,195,161,102,39,107,55,14,13,111,52,89,75,129,15,135,53,183,69,159,164,90,28,155,73,99,106,136,115,152,35,119,43,137,133,76,122,9,16,125,145,140,92,108,192,40,169,194,29,154,60,177,27,185,127,96,171,141,98,114,64,79,179,47,88,5,186,199,83,153,166,24,150,10,187,175,2,197,168,31,56,63];False
2255;6971;9226;[34,198,174,190,109,118,6,193,172,132,130,22,12,7,85,113,66,157,103,105,74,188,87,37,94,0,167,61,45,138,178,147,78,128,42,120,3,121,162,126,143,160,91,1,33,124,180,196,36,182,104,17,82,23,189,81,112,93,19,26,176,46,9,49,170,95,38,139,65,20,51,50,21,48,146,4,84,67,32,72,163,25,70,41,142,117,77,2,156,71,191,144,184,8,173,18,86,110,101,59,80,100,30,134,148,11,97,58,54,151,149,165,181,68,123,44,131,158,62,195,161,102,39,107,55,14,13,111,52,89,75,129,15,135,53,183,69,159,164,90,28,155,73,99,106,136,115,152,35,119,43,137,133,76,122,116,16,125,145,140,92,108,192,40,169,194,29,154,60,177,27,185,127,96,171,141,98,114,64,79,179,47,88,5,186,199,83,153,166,24,150,10,187,175,57,197,168,31,56,63];True
2276;6967;9243;[34,198,174,190,109,118,6,193,172,132,130,22,12,7,182,167,66,157,103,105,74,188,87,37,94,0,113,61,45,138,178,147,78,128,42,120,3,121,162,126,143,160,91,1,33,124,180,196,36,85,104,17,82,23,189,81,112,93,19,26,176,46,9,49,170,95,38,139,65,20,51,50,21,48,146,4,84,67,32,72,163,25,70,41,142,117,77,2,156,71,191,144,184,8,173,18,86,110,101,59,80,100,30,134,148,11,97,58,54,151,149,165,181,68,123,44,131,158,62,195,161,102,39,107,55,14,13,111,52,89,75,129,15,135,53,183,69,159,164,90,28,155,73,99,106,136,115,152,35,119,43,137,133,76,122,116,16,125,145,140,92,108,192,40,169,194,29,154,60,177,27,185,127,96,171,141,98,114,64,79,179,47,88,5,186,199,83,153,166,24,150,10,187,175,57,197,168,31,56,63];False
2243;6972;9215;[34,198,174,190,109,118,6,193,172,132,130,22,12,7,182,113,66,157,103,105,74,188,87,37,94,0,167,61,45,138,178,147,78,128,42,120,3,121,162,126,143,160,91,1,33,124,180,196,36,85,104,17,82,23,189,81,112,93,19,26,176,46,9,35,170,95,38,139,65,20,51,50,21,48,146,4,84,67,32,72,163,25,70,41,142,117,77,2,156,71,191,144,184,8,173,18,86,110,101,59,80,100,30,134,148,11,97,58,54,151,149,165,181,68,123,44,131,158,62,195,161,102,39,107,55,14,13,111,52,89,75,129,15,135,53,183,69,159,164,90,28,155,73,99,106,136,115,152,49,119,43,137,133,76,122,116,16,125,145,140,92,108,192,40,169,194,29,154,60,177,27,185,127,96,171,141,98,114,64,79,179,47,88,5,186,199,83,153,166,24,150,10,187,175,57,197,168,31,56,63];True
2259;6970;9229;[34,198,174,190,109,118,6,193,172,132,130,22,12,7,182,113,66,157,103,105,74,188,87,37,94,0,167,61,45,138,178,147,78,128,42,120,3,121,162,126,143,160,91,1,33,124,180,196,36,85,104,17,82,23,189,81,112,93,19,26,176,46,9,49,170,95,38,139,65,20,51,50,21,155,146,4,84,67,32,72,163,25,70,41,142,117,77,2,156,71,191,144,184,8,173,18,86,110,101,59,80,100,30,134,148,11,97,58,54,151,149,165,181,68,123,44,131,158,62,195,161,102,39,107,55,14,13,111,52,89,75,129,15,135,53,183,69,159,164,90,28,48,73,99,106,136,115,152,35,119,43,137,133,76,122,116,16,125,145,140,92,108,192,40,169,194,29,154,60,177,27,185,127,96,171,141,98,114,64,79,179,47,88,5,186,199,83,153,166,24,150,10,187,175,57,197,168,31,56,63];True
2206;6992;9198;[34,198,174,190,109,118,6,193,172,132,130,22,12,7,182,113,66,157,103,105,74,188,87,37,94,0,167,61,45,138,178,147,78,128,42,120,3,121,162,126,143,160,91,1,33,124,180,196,36,85,104,17,82,23,189,81,112,93,19,26,176,46,9,49,170,95,38,139,65,20,51,50,21,48,146,4,84,67,32,72,163,25,70,41,142,117,77,2,156,71,191,144,184,8,173,18,86,110,101,59,80,100,30,134,148,11,97,58,54,151,149,165,181,68,123,44,131,158,62,195,161,35,39,107,55,14,13,111,52,89,75,129,15,135,53,183,69,159,164,90,28,155,73,99,106,136,115,152,102,119,43,137,133,76,122,116,16,125,145,140,92,108,192,40,169,194,29,154,60,177,27,185,127,96,171,141,98,114,64,79,179,47,88,5,186,199,83,153,166,24,150,10,187,175,57,197,168,31,56,63];True
2134;7050;9184;[34,198,174,190,109,118,6,193,172,132,130,22,12,7,182,113,66,157,103,105,74,188,87,37,94,0,167,61,45,138,178,147,78,128,42,120,3,121,162,126,143,160,91,1,33,124,180,196,36,85,104,17,82,23,189,81,112,93,19,26,176,46,116,49,170,95,38,139,65,20,51,50,21,48,146,4,84,67,32,72,163,25,70,41,142,117,77,2,156,71,191,144,184,8,173,18,86,110,165,153,80,100,30,134,148,11,97,58,54,151,149,101,181,68,123,44,131,158,62,195,161,102,39,107,55,14,13,111,52,89,75,129,15,135,53,183,69,159,164,90,28,155,73,99,106,136,115,152,35,119,43,137,133,76,122,9,16,125,145,140,92,108,192,40,169,194,29,154,60,177,27,185,127,96,171,141,98,114,64,79,179,47,88,5,186,199,83,59,166,24,150,10,187,175,57,197,168,31,56,63];False
2124;7057;9181;[34,198,174,190,109,118,6,193,172,132,130,22,12,7,182,113,66,157,103,105,74,188,87,37,94,0,167,61,45,138,178,147,78,128,42,120,3,121,162,126,143,160,91,1,33,124,180,196,36,85,104,17,82,23,189,81,112,93,19,26,176,46,116,49,170,95,38,139,65,20,51,50,21,48,146,4,84,67,32,72,163,25,70,41,142,117,77,2,156,71,191,144,184,8,173,18,86,110,165,59,80,100,30,134,148,11,97,58,54,151,149,101,181,68,123,44,131,158,62,195,161,35,39,107,55,14,13,111,52,89,75,129,15,135,53,183,69,159,164,90,28,155,73,99,106,136,115,152,102,119,43,137,133,76,122,9,16,125,145,140,92,108,192,40,169,194,29,154,60,177,27,185,127,96,171,141,98,114,64,79,179,47,88,5,186,199,83,153,166,24,150,10,187,175,57,197,168,31,56,63];True
2134;7046;9180;[34,198,174,190,109,118,6,193,172,132,130,22,12,7,182,113,66,157,103,105,74,188,87,37,94,0,167,61,45,138,178,147,78,128,134,120,3,121,162,126,143,160,91,1,33,124,180,196,36,85,104,17,82,23,189,81,112,93,19,26,176,46,116,49,170,95,38,139,65,20,51,50,21,48,146,4,84,67,32,72,163,25,70,41,142,117,77,2,156,71,191,144,184,8,173,18,86,110,101,59,80,100,30,42,148,11,97,58,54,151,149,165,181,68,123,44,131,158,62,195,161,35,39,107,55,14,13,111,52,89,75,129,15,135,53,183,69,159,164,90,28,155,73,99,106,136,115,152,102,119,43,137,133,76,122,9,16,125,145,140,92,108,192,40,169,194,29,154,60,177,27,185,127,96,171,141,98,114,64,79,179,47,88,5,186,199,83,153,166,24,150,10,187,175,57,197,168,31,56,63];True
2147;7038;9185;[34,198,174,190,109,118,6,193,172,132,130,22,12,7,182,113,66,157,103,105,74,188,87,37,94,0,167,61,45,138,178,147,78,128,42,120,3,121,162,126,143,160,91,1,33,124,180,196,36,85,104,17,108,23,189,81,112,93,19,26,176,46,116,49,170,95,38,139,65,20,51,50,21,48,146,4,84,67,32,72,163,25,70,41,142,117,77,2,156,71,191,144,184,8,173,18,86,110,101,59,80,100,30,134,148,11,97,58,54,151,149,165,181,68,123,44,131,158,62,195,161,35,39,107,55,14,13,111,52,89,75,129,15,135,53,183,69,159,164,90,28,155,73,99,106,136,115,152,102,119,43,137,133,76,122,9,16,125,145,140,92,82,192,40,169,194,29,154,60,177,27,185,127,96,171,141,98,114,64,79,179,47,88,5,186,199,83,153,166,24,150,10,187,175,57,197,168,31,56,63];False
2147;7037;9184;[34,198,174,190,109,118,6,193,172,132,130,22,12,7,182,113,66,157,103,105,74,188,87,37,94,0,167,61,45,138,178,147,78,128,42,120,3,121,162,126,143,160,91,1,33,124,180,196,36,85,104,17,82,23,189,81,112,93,19,26,176,46,116,49,170,95,38,139,65,20,51,50,21,48,146,4,84,67,32,72,163,25,70,41,142,117,77,2,156,71,191,144,184,8,173,18,86,110,101,59,80,100,30,134,148,11,97,58,54,151,149,165,181,68,123,44,131,158,62,195,161,35,39,107,55,14,13,111,52,89,75,129,15,135,53,183,69,159,164,90,28,155,73,99,106,136,115,152,102,119,43,137,133,76,122,9,16,125,145,140,92,108,192,40,169,194,29,154,60,179,27,185,127,96,171,141,98,114,64,79,177,47,88,5,186,199,83,153,166,24,150,10,187,175,57,197,168,31,56,63];True
2499;6903;9402;[34,198,174,190,109,118,6,193,172,132,130,22,12,7,182,167,66,157,103,105,74,188,87,37,94,165,113,61,45,138,178,147,78,128,134,120,3,121,162,126,143,160,91,1,33,124,180,196,36,85,104,17,82,23,189,81,52,93,19,26,176,46,9,49,170,95,38,139,65,20,51,50,21,48,146,4,84,67,32,72,163,25,70,41,142,117,77,57,156,71,191,144,184,8,173,18,86,110,101,59,80,100,30,42,141,11,97,58,54,151,149,0,181,68,123,44,131,158,62,195,119,43,39,107,55,14,13,111,112,89,75,129,15,135,53,183,69,159,164,90,28,155,73,99,106,136,115,152,35,161,102,137,133,76,122,116,16,125,145,140,92,108,192,40,169,194,29,154,60,177,27,185,127,96,171,148,98,114,64,79,179,47,88,5,186,199,83,153,166,24,150,10,187,175,2,197,168,31,56,63];False
2431;6912;9343;[34,198,174,190,109,118,6,193,172,132,130,22,12,7,182,167,66,157,103,105,74,188,87,37,94,165,113,61,45,138,178,147,78,128,134,120,3,121,162,126,143,160,91,1,33,124,180,196,36,85,104,17,82,23,189,81,52,93,19,26,176,46,9,49,170,95,38,139,65,20,51,50,21,48,146,4,84,67,32,72,163,25,70,41,142,117,77,2,156,71,191,144,184,8,173,18,86,110,101,59,80,100,30,42,141,11,97,58,54,151,149,83,181,68,123,44,131,158,62,195,119,43,39,107,55,14,13,111,112,89,75,129,15,135,53,183,69,159,164,90,28,155,73,99,106,136,115,152,35,161,102,137,133,76,122,116,16,125,145,140,92,108,192,40,169,194,29,154,60,177,27,185,127,96,171,148,98,114,64,79,179,47,88,5,186,199,0,153,166,24,150,10,187,175,57,197,168,31,56,63];True
2517;6898;9415;[34,198,174,190,109,118,6,193,172,132,130,22,12,7,182,167,66,157,103,105,74,188,87,37,94,165,113,61,45,138,178,147,78,128,134,120,3,121,162,126,143,160,91,1,33,124,180,196,36,85,104,17,82,23,189,0,112,93,19,26,176,46,9,49,170,95,38,139,65,20,51,50,21,48,146,4,84,67,32,72,163,25,70,41,142,117,77,2,156,71,191,144,184,8,173,18,86,110,101,59,80,100,30,42,141,11,97,58,54,151,149,83,181,68,123,44,131,158,62,195,119,43,39,107,55,14,13,111,52,89,75,129,15,135,53,183,69,159,164,90,28,155,73,99,106,136,115,152,35,161,102,137,133,76,122,116,16,125,145,140,92,108,192,40,169,194,29,154,60,177,27,185,127,96,171,148,98,114,64,79,179,47,88,5,186,199,81,153,166,24,150,10,187,175,57,197,168,31,56,63];False
2442;6910;9352;[34,198,174,190,109,118,6,193,172,132,130,22,12,7,182,167,66,157,103,105,74,188,87,37,94,165,113,61,45,138,178,147,78,128,134,120,3,121,162,126,143,160,91,1,33,124,180,196,36,85,104,17,82,23,189,81,112,93,19,26,176,46,9,49,170,95,38,139,65,20,51,50,21,155,146,4,84,67,32,72,163,25,70,41,142,117,77,2,156,71,191,144,184,8,173,18,86,110,101,59,80,100,30,42,141,11,97,58,54,151,149,83,181,68,123,44,131,158,62,195,119,43,39,107,55,14,13,111,52,89,75,129,15,135,53,183,69,159,164,90,28,48,73,99,106,136,115,152,35,161,102,137,133,76,122,116,16,125,145,140,92,108,192,40,169,194,29,154,60,177,27,185,127,96,171,148,98,114,64,79,179,47,88,5,186,199,0,153,166,24,150,10,187,175,57,197,168,31,56,63];False
2426;6913;9339;[34,198,174,190,109,118,6,193,172,132,130,22,12,7,182,167,66,157,103,105,74,188,87,37,94,165,113,61,45,138,178,147,78,128,134,120,3,121,162,126,143,160,91,1,33,124,180,196,36,85,104,17,82,23,189,81,112,93,19,26,176,46,9,49,170,95,38,139,65,20,51,50,21,48,146,4,84,67,32,72,163,25,70,41,142,117,77,57,156,71,191,144,184,8,173,18,86,110,101,59,80,100,30,42,141,11,97,58,54,151,149,83,181,68,123,44,131,158,62,195,119,43,39,107,55,14,13,111,52,89,75,129,15,135,53,183,69,159,164,90,28,155,73,99,106,136,115,152,35,161,102,137,133,76,122,116,16,125,145,140,92,108,192,40,169,194,29,154,60,177,27,185,127,96,171,148,98,114,64,79,179,47,88,5,186,199,0,153,166,24,150,10,187,175,2,197,168,31,56,63];True
2398;6925;9323;[34,198,174,190,109,118,6,193,172,132,130,22,12,7,182,167,66,157,103,105,74,188,87,37,94,165,113,61,45,138,178,147,78,128,134,120,3,121,162,126,143,160,91,1,33,124,180,196,36,85,104,17,82,23,189,81,112,93,19,26,176,46,9,49,170,95,38,139,65,20,51,50,21,48,146,4,84,67,32,72,163,25,70,41,142,117,77,2,156,71,191,144,184,8,173,18,86,110,101,59,80,100,30,42,195,11,97,58,54,151,149,83,181,68,123,44,131,158,62,141,119,43,39,107,55,14,13,111,52,89,75,129,15,135,53,183,69,159,164,90,28,155,73,99,106,136,115,152,35,161,102,137,133,76,122,116,16,125,145,140,92,108,192,40,169,194,29,154,60,177,27,185,127,96,171,148,98,114,64,79,179,47,88,5,186,199,0,153,166,24,150,10,187,175,57,197,168,31,56,63];False
2497;6898;9395;[34,198,174,190,109,118,6,193,172,132,130,22,12,7,182,167,66,157,103,105,74,188,87,37,94,165,113,61,45,138,178,147,78,128,134,120,3,121,162,126,143,160,91,1,33,124,180,196,36,85,104,17,82,23,189,81,112,93,19,26,176,46,9,49,170,95,38,139,65,20,51,50,21,48,146,4,84,67,32,72,163,25,70,41,142,117,77,2,156,71,191,144,184,8,173,18,86,110,101,59,80,100,30,42,141,11,97,58,54,151,149,83,181,68,123,16,131,158,62,195,119,43,39,107,55,14,13,111,52,89,75,129,15,135,53,183,69,159,164,90,28,155,73,99,106,136,115,152,35,161,102,137,133,76,122,116,44,125,145,140,92,108,192,40,169,194,29,154,60,177,27,185,127,96,171,148,98,114,64,79,179,47,88,5,186,199,0,153,166,24,150,10,187,175,57,197,168,31,56,63];False
2478;6906;9384;[34,198,174,190,109,125,6,193,172,132,130,22,12,7,129,2,66,157,103,105,74,188,87,37,94,0,167,61,45,138,178,147,78,128,134,120,3,121,162,126,143,160,91,1,33,124,180,196,36,85,104,17,82,23,189,81,112,93,19,26,176,46,9,49,170,95,38,139,65,20,51,50,21,48,146,4,84,67,32,72,163,25,70,41,142,117,77,113,156,71,191,144,184,8,173,18,86,110,101,59,80,100,30,42,141,11,97,58,54,151,149,165,181,68,123,16,131,158,62,195,119,43,39,107,55,14,13,111,52,89,75,182,15,135,53,183,69,159,164,90,28,155,73,99,106,136,115,152,35,161,102,137,133,76,122,116,44,118,145,140,92,108,192,40,169,194,29,154,60,177,27,185,127,96,171,148,98,114,64,79,179,47,88,5,186,199,83,153,166,24,150,10,187,175,57,197,168,31,56,63];False
2488;6903;9391;[34,198,174,190,109,125,6,193,172,132,130,22,12,7,182,2,66,157,103,105,74,188,87,37,94,0,167,61,45,138,178,147,78,128,134,120,3,121,162,126,143,160,91,1,33,124,180,196,36,85,104,17,82,23,189,81,52,93,19,26,176,46,9,49,170,95,38,139,65,20,51,50,21,48,146,4,84,67,32,72,163,25,70,41,142,117,77,113,156,71,191,144,184,8,173,18,86,110,101,59,80,100,30,42,141,11,97,58,54,151,149,165,181,68,123,16,131,158,62,195,119,43,39,107,55,14,13,111,112,89,75,129,15,135,53,183,69,159,164,90,28,155,73,99,106,136,115,152,35,161,102,137,133,76,122,116,44,118,145,140,92,108,192,40,169,194,29,154,60,177,27,185,127,96,171,148,98,114,64,79,179,47,88,5,186,199,83,153,166,24,150,10,187,175,57,197,168,31,56,63];False
2487;6903;9390;[34,198,174,190,109,125,6,193,172,132,130,22,12,7,182,2,66,157,103,105,74,188,87,37,94,0,167,61,45,138,178,147,78,128,134,120,3,121,162,126,143,160,91,1,33,124,180,196,36,85,104,17,82,23,189,81,112,93,19,26,176,46,9,49,170,95,38,139,65,20,51,50,21,48,146,4,84,67,32,72,163,25,70,41,142,117,57,113,156,71,191,144,184,8,173,18,86,110,101,59,80,100,30,42,141,11,97,58,54,151,149,165,181,68,123,16,131,158,62,195,119,43,39,107,55,14,13,111,52,89,75,129,15,135,53,183,69,159,164,90,28,155,73,99,106,136,115,152,35,161,102,137,133,76,122,116,44,118,145,140,92,108,192,40,169,194,29,154,60,177,27,185,127,96,171,148,98,114,64,79,179,47,88,5,186,199,83,153,166,24,150,10,187,175,77,197,168,31,56,63];False
2272;6967;9239;[34,198,174,190,109,118,6,193,172,132,130,22,12,7,85,113,66,157,103,105,74,188,87,37,94,0,167,61,45,138,178,147,78,128,42,120,3,121,162,126,143,160,91,1,33,124,180,196,36,182,104,17,82,23,189,81,112,93,19,26,176,46,9,35,170,95,38,139,65,20,51,50,21,48,146,4,84,67,32,72,163,25,70,41,142,117,77,2,156,71,191,144,184,8,173,18,86,110,101,59,80,100,30,134,148,11,97,58,54,151,149,165,181,68,123,44,131,158,62,195,161,102,39,107,55,14,13,111,52,89,75,129,15,135,53,183,69,159,164,90,28,155,73,99,106,136,115,152,49,119,43,137,133,76,122,116,16,125,145,140,92,108,192,40,169,194,29,154,60,177,27,185,127,96,171,141,98,114,64,79,179,47,88,5,186,199,83,153,166,24,150,10,187,175,57,197,168,31,56,63];True
2276;6966;9242;[34,198,174,190,109,118,6,193,172,132,130,22,12,7,182,113,66,157,103,105,74,188,87,37,94,0,167,61,45,138,178,147,78,128,42,120,3,121,162,126,143,160,91,1,33,124,180,196,36,85,104,17,82,23,189,81,112,93,19,26,176,46,9,35,170,95,38,139,65,20,51,50,21,155,146,4,84,67,32,72,163,25,70,41,142,117,77,2,156,71,191,144,184,8,173,18,86,110,101,59,80,100,30,134,148,11,97,58,54,151,149,165,181,68,123,44,131,158,62,195,161,102,39,107,55,14,13,111,52,89,75,129,15,135,53,183,69,159,164,90,28,48,73,99,106,136,115,152,49,119,43,137,133,76,122,116,16,125,145,140,92,108,192,40,169,194,29,154,60,177,27,185,127,96,171,141,98,114,64,79,179,47,88,5,186,199,83,153,166,24,150,10,187,175,57,197,168,31,56,63];True
2260;6969;9229;[34,198,174,190,109,118,6,193,172,132,130,22,12,7,182,113,66,157,103,105,74,188,87,37,94,0,167,61,45,138,178,147,78,128,42,120,3,121,162,126,143,160,91,1,33,124,180,196,36,85,104,17,82,23,189,81,112,93,19,26,176,46,9,35,170,95,38,139,65,20,51,50,21,48,146,4,84,67,32,72,163,25,70,41,142,117,77,57,156,71,191,144,184,8,173,18,86,110,101,59,80,100,30,134,148,11,97,58,54,151,149,165,181,68,123,44,131,158,62,195,161,102,39,107,55,14,13,111,52,89,75,129,15,135,53,183,69,159,164,90,28,155,73,99,106,136,115,152,49,119,43,137,133,76,122,116,16,125,145,140,92,108,192,40,169,194,29,154,60,177,27,185,127,96,171,141,98,114,64,79,179,47,88,5,186,199,83,153,166,24,150,10,187,175,2,197,168,31,56,63];True
2475;6896;9371;[34,198,174,190,109,118,6,193,172,132,130,22,12,7,182,167,66,157,103,105,74,188,87,37,94,165,113,61,45,138,178,147,78,128,134,120,3,121,162,126,143,160,91,1,33,124,180,196,36,85,104,17,82,23,189,0,52,93,19,26,176,46,9,49,170,95,38,139,65,20,51,50,21,48,146,4,84,67,32,72,163,25,70,41,142,117,77,2,156,71,191,144,184,8,173,18,86,110,101,59,80,100,30,42,141,11,97,58,54,151,149,83,181,68,123,44,131,158,62,195,119,43,39,107,55,14,13,111,112,89,75,129,15,135,53,183,69,159,164,90,28,155,73,99,106,136,115,152,35,161,102,137,133,76,122,116,16,125,145,140,92,108,192,40,169,194,29,154,60,177,27,185,127,96,171,148,98,114,64,79,179,47,88,5,186,199,81,153,166,24,150,10,187,175,57,197,168,31,56,63];True
2464;6906;9370;[34,198,174,190,109,118,6,193,172,132,130,22,12,7,182,167,66,157,103,105,74,188,87,37,94,165,113,61,45,138,178,147,78,128,134,120,3,121,162,126,143,160,91,1,33,124,180,196,36,85,104,17,82,23,189,81,52,93,19,26,176,46,9,49,170,95,38,139,65,20,51,50,21,155,146,4,84,67,32,72,163,25,70,41,142,117,77,2,156,71,191,144,184,8,173,18,86,110,101,59,80,100,30,42,141,11,97,58,54,151,149,83,181,68,123,44,131,158,62,195,119,43,39,107,55,14,13,111,112,89,75,129,15,135,53,183,69,159,164,90,28,48,73,99,106,136,115,152,35,161,102,137,133,76,122,116,16,125,145,140,92,108,192,40,169,194,29,154,60,177,27,185,127,96,171,148,98,114,64,79,179,47,88,5,186,199,0,153,166,24,150,10,187,175,57,197,168,31,56,63];False
2448;6909;9357;[34,198,174,190,109,118,6,193,172,132,130,22,12,7,182,167,66,157,103,105,74,188,87,37,94,165,113,61,45,138,178,147,78,128,134,120,3,121,162,126,143,160,91,1,33,124,180,196,36,85,104,17,82,23,189,81,52,93,19,26,176,46,9,49,170,95,38,139,65,20,51,50,21,48,146,4,84,67,32,72,163,25,70,41,142,117,77,57,156,71,191,144,184,8,173,18,86,110,101,59,80,100,30,42,141,11,97,58,54,151,149,83,181,68,123,44,131,158,62,195,119,43,39,107,55,14,13,111,112,89,75,129,15,135,53,183,69,159,164,90,28,155,73,99,106,136,115,152,35,161,102,137,133,76,122,116,16,125,145,140,92,108,192,40,169,194,29,154,60,177,27,185,127,96,171,148,98,114,64,79,179,47,88,5,186,199,0,153,166,24,150,10,187,175,2,197,168,31,56,63];False
2519;6894;9413;[34,198,174,190,109,118,6,193,172,132,130,22,12,7,182,167,66,157,103,105,74,188,87,37,94,165,113,61,45,138,178,147,78,128,134,120,3,121,162,126,143,160,91,1,33,124,180,196,36,85,104,17,82,23,189,81,52,93,19,26,176,46,9,49,170,95,38,139,65,20,51,50,21,48,146,4,84,67,32,72,163,25,70,41,142,117,77,2,156,71,191,144,184,8,173,18,86,110,101,59,80,100,30,42,141,11,97,58,54,151,149,83,181,68,123,16,131,158,62,195,119,43,39,107,55,14,13,111,112,89,75,129,15,135,53,183,69,159,164,90,28,155,73,99,106,136,115,152,35,161,102,137,133,76,122,116,44,125,145,140,92,108,192,40,169,194,29,154,60,177,27,185,127,96,171,148,98,114,64,79,179,47,88,5,186,199,0,153,166,24,150,10,187,175,57,197,168,31,56,63];False
2459;6907;9366;[34,198,174,190,109,118,6,193,172,132,130,22,12,7,182,167,66,157,103,105,74,188,87,37,94,165,113,61,45,138,178,147,78,128,134,120,3,121,162,126,143,160,91,1,33,124,180,196,36,85,104,17,82,23,189,81,112,93,19,26,176,46,9,49,170,95,38,139,65,20,51,50,21,155,146,4,84,67,32,72,163,25,70,41,142,117,77,57,156,71,191,144,184,8,173,18,86,110,101,59,80,100,30,42,141,11,97,58,54,151,149,83,181,68,123,44,131,158,62,195,119,43,39,107,55,14,13,111,52,89,75,129,15,135,53,183,69,159,164,90,28,48,73,99,106,136,115,152,35,161,102,137,133,76,122,116,16,125,145,140,92,108,192,40,169,194,29,154,60,177,27,185,127,96,171,148,98,114,64,79,179,47,88,5,186,199,0,153,166,24,150,10,187,175,2,197,168,31,56,63];False
2530;6892;9422;[34,198,174,190,109,118,6,193,172,132,130,22,12,7,182,167,66,157,103,105,74,188,87,37,94,165,113,61,45,138,178,147,78,128,134,120,3,121,162,126,143,160,91,1,33,124,180,196,36,85,104,17,82,23,189,81,112,93,19,26,176,46,9,49,170,95,38,139,65,20,51,50,21,155,146,4,84,67,32,72,163,25,70,41,142,117,77,2,156,71,191,144,184,8,173,18,86,110,101,59,80,100,30,42,141,11,97,58,54,151,149,83,181,68,123,16,131,158,62,195,119,43,39,107,55,14,13,111,52,89,75,129,15,135,53,183,69,159,164,90,28,48,73,99,106,136,115,152,35,161,102,137,133,76,122,116,44,125,145,140,92,108,192,40,169,194,29,154,60,177,27,185,127,96,171,148,98,114,64,79,179,47,88,5,186,199,0,153,166,24,150,10,187,175,57,197,168,31,56,63];False
2514;6895;9409;[34,198,174,190,109,118,6,193,172,132,130,22,12,7,182,167,66,157,103,105,74,188,87,37,94,165,113,61,45,138,178,147,78,128,134,120,3,121,162,126,143,160,91,1,33,124,180,196,36,85,104,17,82,23,189,81,112,93,19,26,176,46,9,49,170,95,38,139,65,20,51,50,21,48,146,4,84,67,32,72,163,25,70,41,142,117,77,57,156,71,191,144,184,8,173,18,86,110,101,59,80,100,30,42,141,11,97,58,54,151,149,83,181,68,123,16,131,158,62,195,119,43,39,107,55,14,13,111,52,89,75,129,15,135,53,183,69,159,164,90,28,155,73,99,106,136,115,152,35,161,102,137,133,76,122,116,44,125,145,140,92,108,192,40,169,194,29,154,60,177,27,185,127,96,171,148,98,114,64,79,179,47,88,5,186,199,0,153,166,24,150,10,187,175,2,197,168,31,56,63];False
2385;6929;9314;[34,198,174,190,109,118,6,193,172,132,130,22,12,7,182,167,66,157,103,105,74,188,87,37,94,165,113,61,45,138,178,147,78,128,134,120,3,121,162,126,143,160,91,1,33,124,180,196,36,85,104,17,82,23,189,81,112,93,19,26,176,46,9,49,170,95,38,139,65,20,51,50,21,48,146,4,84,67,32,72,163,25,70,41,142,117,77,57,156,71,191,144,184,8,173,18,86,110,101,59,80,100,30,42,141,11,97,58,54,151,149,83,181,68,123,44,131,158,62,195,119,43,39,107,55,14,13,111,52,89,75,129,15,135,53,183,69,159,164,90,28,155,73,99,106,136,115,152,35,161,102,137,133,76,122,116,16,125,145,140,92,108,192,40,169,194,29,154,60,177,27,185,127,96,171,148,98,114,64,79,179,47,88,5,186,199,0,2,166,24,150,10,187,175,153,197,168,31,56,63];False
2384;6926;9310;[34,198,174,190,109,118,6,193,172,132,130,22,12,7,182,167,66,157,103,105,74,188,87,37,94,165,113,61,45,138,178,147,78,128,134,120,3,121,162,126,143,160,91,1,33,124,180,196,36,85,104,17,82,23,189,81,112,93,19,26,176,46,9,49,170,95,38,139,65,20,51,50,21,48,146,4,84,67,32,72,163,25,70,41,142,117,77,2,156,71,191,144,184,8,173,18,86,110,101,59,80,100,30,179,195,11,97,58,54,151,149,83,181,68,123,44,131,158,62,141,119,43,39,107,55,14,13,111,52,89,75,129,15,135,53,183,69,159,164,90,28,155,73,99,106,136,115,152,35,161,102,137,133,76,122,116,16,125,145,140,92,108,192,40,169,194,29,154,60,177,27,185,127,96,171,148,98,114,64,79,42,47,88,5,186,199,0,153,166,24,150,10,187,175,57,197,168,31,56,63];False
2380;6928;9308;[34,198,174,190,109,118,6,193,172,132,130,22,12,7,182,167,66,157,103,105,74,188,87,37,94,165,113,61,45,138,178,147,78,128,134,120,3,121,162,126,143,160,91,1,33,124,180,196,36,85,104,17,82,23,189,81,112,93,19,26,176,46,9,49,170,95,38,139,65,20,51,50,21,48,146,4,84,67,32,72,163,25,70,41,142,117,77,2,156,71,191,144,184,8,173,18,86,110,101,59,80,100,30,42,195,11,97,58,54,151,149,83,181,68,123,44,131,62,158,141,119,43,39,107,55,14,13,111,52,89,75,129,15,135,53,183,69,159,164,90,28,155,73,99,106,136,115,152,35,161,102,137,133,76,122,116,16,125,145,140,92,108,192,40,169,194,29,154,60,177,27,185,127,96,171,148,98,114,64,79,179,47,88,5,186,199,0,153,166,24,150,10,187,175,57,197,168,31,56,63];True
2468;6901;9369;[34,198,174,190,109,118,6,193,172,132,130,22,12,7,182,167,66,157,103,105,74,188,87,37,94,165,113,61,45,138,178,147,78,128,134,120,3,121,162,126,143,160,91,89,33,124,180,196,36,85,104,17,82,23,189,0,52,93,19,26,176,46,9,49,170,95,38,139,65,20,51,50,21,48,146,4,84,67,32,72,163,25,70,41,142,117,77,2,156,71,191,144,184,8,173,18,86,110,101,59,80,100,30,42,141,11,97,58,54,151,149,83,181,68,123,44,131,158,62,195,119,43,39,107,55,14,13,111,112,1,75,129,15,135,53,183,69,159,164,90,28,155,73,99,106,136,115,152,35,161,102,137,133,76,122,116,16,125,145,140,92,108,192,40,169,194,29,154,60,177,27,185,127,96,171,148,98,114,64,79,179,47,88,5,186,199,81,153,166,24,150,10,187,175,57,197,168,31,56,63];False
2508;6890;9398;[34,198,174,190,109,118,6,193,172,132,130,22,12,7,182,167,66,157,103,105,74,188,87,37,94,165,113,61,45,138,178,147,78,128,134,120,3,121,162,126,143,160,91,1,33,124,180,196,36,85,104,17,82,23,189,0,52,93,19,26,176,46,9,49,170,95,38,139,65,20,51,50,21,155,146,4,84,67,32,72,163,25,70,41,142,117,77,2,156,71,191,144,184,8,173,18,86,110,101,59,80,100,30,42,141,11,97,58,54,151,149,83,181,68,123,44,131,158,62,195,119,43,39,107,55,14,13,111,112,89,75,129,15,135,53,183,69,159,164,90,28,48,73,99,106,136,115,152,35,161,102,137,133,76,122,116,16,125,145,140,92,108,192,40,169,194,29,154,60,177,27,185,127,96,171,148,98,114,64,79,179,47,88,5,186,199,81,153,166,24,150,10,187,175,57,197,168,31,56,63];True
2492;6893;9385;[34,198,174,190,109,118,6,193,172,132,130,22,12,7,182,167,66,157,103,105,74,188,87,37,94,165,113,61,45,138,178,147,78,128,134,120,3,121,162,126,143,160,91,1,33,124,180,196,36,85,104,17,82,23,189,0,52,93,19,26,176,46,9,49,170,95,38,139,65,20,51,50,21,48,146,4,84,67,32,72,163,25,70,41,142,117,77,57,156,71,191,144,184,8,173,18,86,110,101,59,80,100,30,42,141,11,97,58,54,151,149,83,181,68,123,44,131,158,62,195,119,43,39,107,55,14,13,111,112,89,75,129,15,135,53,183,69,159,164,90,28,155,73,99,106,136,115,152,35,161,102,137,133,76,122,116,16,125,145,140,92,108,192,40,169,194,29,154,60,177,27,185,127,96,171,148,98,114,64,79,179,47,88,5,186,199,81,153,166,24,150,10,187,175,2,197,168,31,56,63];True
2464;6905;9369;[34,198,174,190,109,118,6,193,172,132,130,22,12,7,182,167,66,157,103,105,74,188,87,37,94,165,113,61,45,138,178,147,78,128,134,120,3,121,162,126,143,160,91,1,33,124,180,196,36,85,104,17,82,23,189,0,52,93,19,26,176,46,9,49,170,95,38,139,65,20,51,50,21,48,146,4,84,67,32,72,163,25,70,41,142,117,77,2,156,71,191,144,184,8,173,18,86,110,101,59,80,100,30,42,195,11,97,58,54,151,149,83,181,68,123,44,131,158,62,141,119,43,39,107,55,14,13,111,112,89,75,129,15,135,53,183,69,159,164,90,28,155,73,99,106,136,115,152,35,161,102,137,133,76,122,116,16,125,145,140,92,108,192,40,169,194,29,154,60,177,27,185,127,96,171,148,98,114,64,79,179,47,88,5,186,199,81,153,166,24,150,10,187,175,57,197,168,31,56,63];False
2563;6878;9441;[34,198,174,190,109,118,6,193,172,132,130,22,12,7,182,167,66,157,103,105,74,188,87,37,94,165,113,61,45,138,178,147,78,128,134,120,3,121,162,126,143,160,91,1,33,124,180,196,36,85,104,17,82,23,189,0,52,93,19,26,176,46,9,49,170,95,38,139,65,20,51,50,21,48,146,4,84,67,32,72,163,25,70,41,142,117,77,2,156,71,191,144,184,8,173,18,86,110,101,59,80,100,30,42,141,11,97,58,54,151,149,83,181,68,123,16,131,158,62,195,119,43,39,107,55,14,13,111,112,89,75,129,15,135,53,183,69,159,164,90,28,155,73,99,106,136,115,152,35,161,102,137,133,76,122,116,44,125,145,140,92,108,192,40,169,194,29,154,60,177,27,185,127,96,171,148,98,114,64,79,179,47,88,5,186,199,81,153,166,24,150,10,187,175,57,197,168,31,56,63];False
2547;6889;9436;[34,198,174,190,109,118,6,193,172,132,130,22,12,7,182,167,66,157,103,105,74,188,87,37,94,165,113,61,45,138,178,147,78,128,134,120,3,121,162,126,143,160,91,1,33,124,180,196,36,85,104,17,82,23,189,81,112,93,19,26,176,46,9,49,170,95,38,139,65,20,51,50,21,155,146,4,84,67,32,72,163,25,70,41,142,117,77,57,156,71,191,144,184,8,173,18,86,110,101,59,80,100,30,42,141,11,97,58,54,151,149,83,181,68,123,16,131,158,62,195,119,43,39,107,55,14,13,111,52,89,75,129,15,135,53,183,69,159,164,90,28,48,73,99,106,136,115,152,35,161,102,137,133,76,122,116,44,125,145,140,92,108,192,40,169,194,29,154,60,177,27,185,127,96,171,148,98,114,64,79,179,47,88,5,186,199,0,153,166,24,150,10,187,175,2,197,168,31,56,63];False
2366;6929;9295;[34,198,174,190,109,118,6,193,172,132,130,22,12,7,182,167,66,157,103,105,74,188,87,37,94,165,113,61,45,138,178,147,78,128,134,120,3,121,162,126,143,160,91,1,33,124,180,196,36,85,104,17,82,23,189,81,112,93,19,26,176,46,9,49,170,95,38,139,65,20,51,50,21,48,146,4,84,67,32,72,163,25,70,41,142,117,77,2,156,71,191,144,184,8,173,18,86,110,101,59,80,100,30,179,195,11,97,58,54,151,149,83,181,68,123,44,131,62,158,141,119,43,39,107,55,14,13,111,52,89,75,129,15,135,53,183,69,159,164,90,28,155,73,99,106,136,115,152,35,161,102,137,133,76,122,116,16,125,145,140,92,108,192,40,169,194,29,154,60,177,27,185,127,96,171,148,98,114,64,79,42,47,88,5,186,199,0,153,166,24,150,10,187,175,57,197,168,31,56,63];True
2382;6925;9307;[34,198,174,190,109,118,6,193,172,132,130,22,12,7,182,167,66,157,103,105,74,188,87,37,94,165,113,61,45,138,178,147,78,128,134,120,3,121,162,126,143,160,91,1,33,124,180,196,36,85,104,17,82,23,189,81,112,93,19,26,176,46,9,49,170,95,38,139,65,20,51,50,21,48,146,4,84,67,32,72,163,25,70,41,142,117,77,2,156,71,191,144,184,8,173,18,86,110,101,59,80,100,30,179,195,11,97,58,54,151,149,83,181,68,123,44,131,158,62,42,119,43,39,107,55,14,13,111,52,89,75,129,15,135,53,183,69,159,164,90,28,155,73,99,106,136,115,152,35,161,102,137,133,76,122,116,16,125,145,140,92,108,192,40,169,194,29,154,60,177,27,185,127,96,171,148,98,114,64,79,141,47,88,5,186,199,0,153,166,24,150,10,187,175,57,197,168,31,56,63];True
2397;6921;9318;[34,198,174,190,109,118,6,193,172,132,130,22,12,7,182,167,66,157,103,105,74,188,87,37,94,165,113,61,45,138,178,147,78,128,42,120,3,121,162,126,143,160,91,1,33,124,180,196,36,85,104,17,82,23,189,81,112,93,19,26,176,46,9,49,170,95,38,139,65,20,51,50,21,48,146,4,84,67,32,72,163,25,70,41,142,117,77,2,156,71,191,144,184,8,173,18,86,110,101,59,80,100,30,134,195,11,97,58,54,151,149,83,181,68,123,44,131,62,158,141,119,43,39,107,55,14,13,111,52,89,75,129,15,135,53,183,69,159,164,90,28,155,73,99,106,136,115,152,35,161,102,137,133,76,122,116,16,125,145,140,92,108,192,40,169,194,29,154,60,177,27,185,127,96,171,148,98,114,64,79,179,47,88,5,186,199,0,153,166,24,150,10,187,175,57,197,168,31,56,63];True
2554;6888;9442;[34,198,174,190,109,118,6,193,172,132,130,22,12,7,182,167,66,157,103,105,74,188,87,37,94,165,113,61,45,138,178,147,78,128,134,120,3,121,162,126,143,160,91,1,33,124,180,196,36,85,104,17,82,23,189,0,52,93,19,26,176,46,9,49,170,95,38,139,65,20,51,50,21,155,146,4,84,67,32,72,163,25,70,41,142,117,77,89,156,71,191,144,184,8,173,18,86,110,101,59,80,100,30,42,141,11,97,58,54,151,149,83,181,68,123,44,131,158,62,195,119,43,39,107,55,14,13,111,112,2,75,129,15,135,53,183,69,159,164,90,28,48,73,99,106,136,115,152,35,161,102,137,133,76,122,116,16,125,145,140,92,108,192,40,169,194,29,154,60,177,27,185,127,96,171,148,98,114,64,79,179,47,88,5,186,199,81,153,166,24,150,10,187,175,57,197,168,31,56,63];False
2525;6887;9412;[34,198,174,190,109,118,6,193,172,132,130,22,12,7,182,167,66,157,103,105,74,188,87,37,94,165,113,61,45,138,178,147,78,128,134,120,3,121,162,126,143,160,91,1,33,124,180,196,36,85,104,17,82,23,189,0,52,93,19,26,176,46,9,49,170,95,38,139,65,20,51,50,21,155,146,4,84,67,32,72,163,25,70,41,142,117,77,57,156,71,191,144,184,8,173,18,86,110,101,59,80,100,30,42,141,11,97,58,54,151,149,83,181,68,123,44,131,158,62,195,119,43,39,107,55,14,13,111,112,89,75,129,15,135,53,183,69,159,164,90,28,48,73,99,106,136,115,152,35,161,102,137,133,76,122,116,16,125,145,140,92,108,192,40,169,194,29,154,60,177,27,185,127,96,171,148,98,114,64,79,179,47,88,5,186,199,81,153,166,24,150,10,187,175,2,197,168,31,56,63];True
2580;6875;9455;[34,198,174,190,109,118,6,193,172,132,130,22,12,7,182,167,66,157,103,105,74,188,87,37,94,165,113,61,45,138,178,147,78,128,134,120,3,121,162,126,143,160,91,1,33,124,180,196,36,85,104,17,82,23,189,0,52,93,19,26,176,46,9,49,170,95,38,139,65,20,51,50,21,48,146,4,84,67,32,72,163,25,70,41,142,117,77,57,156,71,191,144,184,8,173,18,86,110,101,59,80,100,30,42,141,11,97,58,54,151,149,83,181,68,123,16,131,158,62,195,119,43,39,107,55,14,13,111,112,89,75,129,15,135,53,183,69,159,164,90,28,155,73,99,106,136,115,152,35,161,102,137,133,76,122,116,44,125,145,140,92,108,192,40,169,194,29,154,60,177,27,185,127,96,171,148,98,114,64,79,179,47,88,5,186,199,81,153,166,24,150,10,187,175,2,197,168,31,56,63];False
2450;6906;9356;[34,198,174,190,109,118,6,193,172,132,130,22,12,7,182,167,66,157,103,105,74,188,87,37,94,165,113,61,45,138,178,147,78,128,134,120,3,121,162,126,143,160,91,1,33,124,180,196,36,85,104,17,82,23,189,0,52,93,19,26,176,46,9,49,170,95,38,139,65,20,51,50,21,48,146,4,84,67,32,72,163,25,70,41,142,117,77,2,156,71,191,144,184,8,173,18,86,110,101,59,80,100,30,179,195,11,97,58,54,151,149,83,181,68,123,44,131,158,62,141,119,43,39,107,55,14,13,111,112,89,75,129,15,135,53,183,69,159,164,90,28,155,73,99,106,136,115,152,35,161,102,137,133,76,122,116,16,125,145,140,92,108,192,40,169,194,29,154,60,177,27,185,127,96,171,148,98,114,64,79,42,47,88,5,186,199,81,153,166,24,150,10,187,175,57,197,168,31,56,63];False
2446;6908;9354;[34,198,174,190,109,118,6,193,172,132,130,22,12,7,182,167,66,157,103,105,74,188,87,37,94,165,113,61,45,138,178,147,78,128,134,120,3,121,162,126,143,160,91,1,33,124,180,196,36,85,104,17,82,23,189,0,52,93,19,26,176,46,9,49,170,95,38,139,65,20,51,50,21,48,146,4,84,67,32,72,163,25,70,41,142,117,77,2,156,71,191,144,184,8,173,18,86,110,101,59,80,100,30,42,195,11,97,58,54,151,149,83,181,68,123,44,131,62,158,141,119,43,39,107,55,14,13,111,112,89,75,129,15,135,53,183,69,159,164,90,28,155,73,99,106,136,115,152,35,161,102,137,133,76,122,116,16,125,145,140,92,108,192,40,169,194,29,154,60,177,27,185,127,96,171,148,98,114,64,79,179,47,88,5,186,199,81,153,166,24,150,10,187,175,57,197,168,31,56,63];True
2541;6881;9422;[34,198,174,190,109,125,6,193,172,132,130,22,12,7,182,167,66,157,103,105,74,188,87,37,94,165,113,61,45,138,178,147,78,128,134,120,3,121,162,126,143,160,91,1,33,124,180,196,36,85,104,17,82,23,189,0,52,93,19,26,176,46,9,49,170,95,38,139,65,20,51,50,21,48,146,4,84,67,32,72,163,25,70,41,142,117,77,2,156,71,191,144,184,8,173,18,86,110,101,59,80,100,30,42,141,11,97,58,54,151,149,83,181,68,123,16,131,158,62,195,119,43,39,107,55,14,13,111,112,89,75,129,15,135,53,183,69,159,164,90,28,155,73,99,106,136,115,152,35,161,102,137,133,76,122,116,44,118,145,140,92,108,192,40,169,194,29,154,60,177,27,185,127,96,171,148,98,114,64,79,179,47,88,5,186,199,81,153,166,24,150,10,187,175,57,197,168,31,56,63];True
2381;6927;9308;[34,198,174,190,109,118,6,193,172,132,130,22,12,7,182,167,66,157,103,105,74,188,87,37,94,165,113,61,45,138,178,147,78,128,134,120,3,121,162,126,143,160,91,1,33,124,180,196,36,85,104,17,82,23,189,81,112,93,19,26,176,46,9,49,170,95,38,139,65,20,51,50,21,48,146,4,84,67,32,72,163,25,70,41,142,117,77,2,156,71,191,144,184,8,173,18,86,110,101,59,80,100,30,179,195,11,97,58,54,151,149,83,181,68,123,44,131,62,158,42,119,43,39,107,55,14,13,111,52,89,75,129,15,135,53,183,69,159,164,90,28,155,73,99,106,136,115,152,35,161,102,137,133,76,122,116,16,125,145,140,92,108,192,40,169,194,29,154,60,177,27,185,127,96,171,148,98,114,64,79,141,47,88,5,186,199,0,153,166,24,150,10,187,175,57,197,168,31,56,63];True
2558;6878;9436;[34,198,174,190,109,125,6,193,172,132,130,22,12,7,182,167,66,157,103,105,74,188,87,37,94,165,113,61,45,138,178,147,78,128,134,120,3,121,162,126,143,160,91,1,33,124,180,196,36,85,104,17,82,23,189,0,52,93,19,26,176,46,9,49,170,95,38,139,65,20,51,50,21,48,146,4,84,67,32,72,163,25,70,41,142,117,77,57,156,71,191,144,184,8,173,18,86,110,101,59,80,100,30,42,141,11,97,58,54,151,149,83,181,68,123,16,131,158,62,195,119,43,39,107,55,14,13,111,112,89,75,129,15,135,53,183,69,159,164,90,28,155,73,99,106,136,115,152,35,161,102,137,133,76,122,116,44,118,145,140,92,108,192,40,169,194,29,154,60,177,27,185,127,96,171,148,98,114,64,79,179,47,88,5,186,199,81,153,166,24,150,10,187,175,2,197,168,31,56,63];True
2467;6903;9370;[34,198,174,190,109,118,6,193,172,132,130,22,12,7,182,167,66,157,103,105,74,188,87,37,94,165,113,61,45,138,178,147,78,128,134,120,3,121,162,126,143,160,91,1,33,124,180,196,36,85,104,17,82,23,189,0,52,93,19,26,176,46,9,49,170,95,38,139,65,20,51,50,21,48,146,4,84,67,32,72,163,25,70,41,142,117,77,57,156,71,191,144,184,8,173,18,86,110,101,59,80,100,30,179,195,11,97,58,54,151,149,83,181,68,123,44,131,158,62,141,119,43,39,107,55,14,13,111,112,89,75,129,15,135,53,183,69,159,164,90,28,155,73,99,106,136,115,152,35,161,102,137,133,76,122,116,16,125,145,140,92,108,192,40,169,194,29,154,60,177,27,185,127,96,171,148,98,114,64,79,42,47,88,5,186,199,81,153,166,24,150,10,187,175,2,197,168,31,56,63];False
2432;6909;9341;[34,198,174,190,109,118,6,193,172,132,130,22,12,7,182,167,66,157,103,105,74,188,87,37,94,165,113,61,45,138,178,147,78,128,134,120,3,121,162,126,143,160,91,1,33,124,180,196,36,85,104,17,82,23,189,0,52,93,19,26,176,46,9,49,170,95,38,139,65,20,51,50,21,48,146,4,84,67,32,72,163,25,70,41,142,117,77,2,156,71,191,144,184,8,173,18,86,110,101,59,80,100,30,179,195,11,97,58,54,151,149,83,181,68,123,44,131,62,158,141,119,43,39,107,55,14,13,111,112,89,75,129,15,135,53,183,69,159,164,90,28,155,73,99,106,136,115,152,35,161,102,137,133,76,122,116,16,125,145,140,92,108,192,40,169,194,29,154,60,177,27,185,127,96,171,148,98,114,64,79,42,47,88,5,186,199,81,153,166,24,150,10,187,175,57,197,168,31,56,63];True
2448;6905;9353;[34,198,174,190,109,118,6,193,172,132,130,22,12,7,182,167,66,157,103,105,74,188,87,37,94,165,113,61,45,138,178,147,78,128,134,120,3,121,162,126,143,160,91,1,33,124,180,196,36,85,104,17,82,23,189,0,52,93,19,26,176,46,9,49,170,95,38,139,65,20,51,50,21,48,146,4,84,67,32,72,163,25,70,41,142,117,77,2,156,71,191,144,184,8,173,18,86,110,101,59,80,100,30,179,195,11,97,58,54,151,149,83,181,68,123,44,131,158,62,42,119,43,39,107,55,14,13,111,112,89,75,129,15,135,53,183,69,159,164,90,28,155,73,99,106,136,115,152,35,161,102,137,133,76,122,116,16,125,145,140,92,108,192,40,169,194,29,154,60,177,27,185,127,96,171,148,98,114,64,79,141,47,88,5,186,199,81,153,166,24,150,10,187,175,57,197,168,31,56,63];True
2463;6901;9364;[34,198,174,190,109,118,6,193,172,132,130,22,12,7,182,167,66,157,103,105,74,188,87,37,94,165,113,61,45,138,178,147,78,128,42,120,3,121,162,126,143,160,91,1,33,124,180,196,36,85,104,17,82,23,189,0,52,93,19,26,176,46,9,49,170,95,38,139,65,20,51,50,21,48,146,4,84,67,32,72,163,25,70,41,142,117,77,2,156,71,191,144,184,8,173,18,86,110,101,59,80,100,30,134,195,11,97,58,54,151,149,83,181,68,123,44,131,62,158,141,119,43,39,107,55,14,13,111,112,89,75,129,15,135,53,183,69,159,164,90,28,155,73,99,106,136,115,152,35,161,102,137,133,76,122,116,16,125,145,140,92,108,192,40,169,194,29,154,60,177,27,185,127,96,171,148,98,114,64,79,179,47,88,5,186,199,81,153,166,24,150,10,187,175,57,197,168,31,56,63];True
2534;6886;9420;[34,198,174,190,109,125,6,193,172,132,130,22,12,7,182,167,66,157,103,105,74,188,87,37,94,165,113,61,45,138,178,147,78,128,134,120,3,121,162,126,143,160,91,89,33,124,180,196,36,85,104,17,82,23,189,0,52,93,19,26,176,46,9,49,170,95,38,139,65,20,51,50,21,48,146,4,84,67,32,72,163,25,70,41,142,117,77,2,156,71,191,144,184,8,173,18,86,110,101,59,80,100,30,42,141,11,97,58,54,151,149,83,181,68,123,16,131,158,62,195,119,43,39,107,55,14,13,111,112,1,75,129,15,135,53,183,69,159,164,90,28,155,73,99,106,136,115,152,35,161,102,137,133,76,122,116,44,118,145,140,92,108,192,40,169,194,29,154,60,177,27,185,127,96,171,148,98,114,64,79,179,47,88,5,186,199,81,153,166,24,150,10,187,175,57,197,168,31,56,63];True
2574;6875;9449;[34,198,174,190,109,125,6,193,172,132,130,22,12,7,182,167,66,157,103,105,74,188,87,37,94,165,113,61,45,138,178,147,78,128,134,120,3,121,162,126,143,160,91,1,33,124,180,196,36,85,104,17,82,23,189,0,52,93,19,26,176,46,9,49,170,95,38,139,65,20,51,50,21,155,146,4,84,67,32,72,163,25,70,41,142,117,77,2,156,71,191,144,184,8,173,18,86,110,101,59,80,100,30,42,141,11,97,58,54,151,149,83,181,68,123,16,131,158,62,195,119,43,39,107,55,14,13,111,112,89,75,129,15,135,53,183,69,159,164,90,28,48,73,99,106,136,115,152,35,161,102,137,133,76,122,116,44,118,145,140,92,108,192,40,169,194,29,154,60,177,27,185,127,96,171,148,98,114,64,79,179,47,88,5,186,199,81,153,166,24,150,10,187,175,57,197,168,31,56,63];True
2425;6914;9339;[34,198,174,190,109,118,6,193,172,132,130,22,12,7,182,167,66,157,103,105,74,188,87,37,94,165,113,61,45,138,178,147,78,128,134,120,3,121,162,126,143,160,91,89,33,124,180,196,36,85,104,17,82,23,189,0,52,93,19,26,176,46,9,49,170,95,38,139,65,20,51,50,21,48,146,4,84,67,32,72,163,25,70,41,142,117,77,2,156,71,191,144,184,8,173,18,86,110,101,59,80,100,30,179,195,11,97,58,54,151,149,83,181,68,123,44,131,62,158,141,119,43,39,107,55,14,13,111,112,1,75,129,15,135,53,183,69,159,164,90,28,155,73,99,106,136,115,152,35,161,102,137,133,76,122,116,16,125,145,140,92,108,192,40,169,194,29,154,60,177,27,185,127,96,171,148,98,114,64,79,42,47,88,5,186,199,81,153,166,24,150,10,187,175,57,197,168,31,56,63];True
2447;6907;9354;[34,198,174,190,109,118,6,193,172,132,130,22,12,7,182,167,66,157,103,105,74,188,87,37,94,165,113,61,45,138,178,147,78,128,134,120,3,121,162,126,143,160,91,1,33,124,180,196,36,85,104,17,82,23,189,0,52,93,19,26,176,46,9,49,170,95,38,139,65,20,51,50,21,48,146,4,84,67,32,72,163,25,70,41,142,117,77,2,156,71,191,144,184,8,173,18,86,110,101,59,80,100,30,179,195,11,97,58,54,151,149,83,181,68,123,44,131,62,158,42,119,43,39,107,55,14,13,111,112,89,75,129,15,135,53,183,69,159,164,90,28,155,73,99,106,136,115,152,35,161,102,137,133,76,122,116,16,125,145,140,92,108,192,40,169,194,29,154,60,177,27,185,127,96,171,148,98,114,64,79,141,47,88,5,186,199,81,153,166,24,150,10,187,175,57,197,168,31,56,63];True
1598;7349;8947;[34,4,144,70,19,87,121,178,2,32,61,84,77,112,93,147,66,157,103,188,74,124,168,31,142,117,167,182,45,65,41,49,78,128,42,57,197,125,145,126,143,160,91,1,150,105,180,196,36,46,140,92,82,23,189,47,175,12,22,26,176,193,109,20,67,166,38,139,63,118,48,194,29,198,174,184,35,3,169,72,163,25,51,50,190,10,130,113,156,116,44,138,37,94,173,18,131,110,81,153,101,100,30,134,148,11,97,58,158,43,7,0,62,68,123,6,137,60,54,151,119,187,39,107,55,14,13,111,52,89,75,80,71,162,53,183,69,159,164,90,28,155,73,99,106,136,132,152,102,170,172,86,76,133,85,104,17,8,16,56,21,108,192,40,15,9,33,154,122,179,195,185,127,96,171,141,98,114,64,79,177,27,88,5,186,199,83,59,129,24,95,149,165,181,120,161,115,191,135,146];False
1637;7326;8963;[34,4,144,70,19,87,121,178,2,32,61,84,77,112,93,147,66,157,103,105,74,188,168,31,142,117,167,182,45,65,125,49,78,128,42,57,197,196,145,126,143,160,91,1,150,124,180,41,36,46,140,92,82,23,189,47,175,12,22,26,176,193,109,20,67,166,38,139,63,118,48,194,29,198,174,184,35,3,169,72,163,25,51,50,190,10,130,113,156,116,44,138,37,94,173,18,131,110,81,153,101,100,30,134,148,11,97,58,158,43,7,0,62,68,123,6,137,60,54,151,119,187,39,107,55,14,13,111,52,89,75,80,71,162,53,183,69,159,164,90,28,155,73,99,106,136,132,152,102,170,172,86,76,133,85,104,17,8,16,56,21,108,192,40,15,9,33,154,122,179,195,185,127,96,171,141,98,114,64,79,177,27,88,5,186,199,83,59,129,24,95,149,165,181,120,161,115,191,135,146];False
1642;7317;8959;[34,4,144,70,19,87,121,178,2,32,61,84,77,112,93,147,66,157,103,105,74,188,168,31,142,117,167,182,45,65,41,49,78,128,42,57,197,92,145,126,143,160,91,1,150,124,180,196,36,46,140,123,82,23,189,47,175,12,22,26,176,193,109,20,67,166,38,139,63,118,48,194,29,198,174,184,35,3,169,72,163,25,51,50,190,10,130,113,156,116,44,138,37,94,173,18,131,110,81,153,101,100,30,134,148,11,97,58,158,43,7,0,62,68,125,6,137,60,54,151,119,187,39,107,55,14,13,111,52,89,75,80,71,162,53,183,69,159,164,90,28,155,73,99,106,136,132,152,102,170,172,86,76,133,85,104,17,8,16,56,21,108,192,40,15,9,33,154,122,179,195,185,127,96,171,141,98,114,64,79,177,27,88,5,186,199,83,59,129,24,95,149,165,181,120,161,115,191,135,146];False
1639;7314;8953;[34,4,144,70,19,87,121,178,2,32,61,84,77,112,93,147,66,157,103,105,74,188,168,31,142,117,167,182,45,65,41,49,78,128,42,57,197,125,145,126,143,160,91,1,150,124,180,196,36,46,140,92,82,23,189,187,175,12,22,26,176,193,109,20,67,166,38,139,63,118,48,194,29,198,174,184,35,3,169,72,163,25,51,50,190,10,130,113,156,116,44,138,37,94,173,18,131,110,81,153,101,100,30,134,148,11,97,58,158,43,7,0,62,68,123,6,137,60,54,151,119,96,39,107,55,14,13,111,52,89,75,80,71,162,53,183,69,159,164,90,28,155,73,99,106,136,132,152,102,170,172,86,76,133,85,104,17,8,16,56,21,108,192,40,15,9,33,154,122,179,195,185,127,47,171,141,98,114,64,79,177,27,88,5,186,199,83,59,129,24,95,149,165,181,120,161,115,191,135,146];False
1617;7345;8962;[34,4,144,70,19,87,121,178,2,32,61,84,77,112,93,147,66,157,103,105,74,188,168,31,142,117,167,182,45,65,41,49,78,128,42,57,197,125,145,126,143,160,91,1,150,124,180,196,36,46,140,92,82,23,189,47,175,12,22,26,176,193,109,20,67,166,38,139,63,118,48,194,29,198,174,184,35,3,169,72,163,25,51,50,190,10,130,113,156,116,44,138,37,94,173,18,131,110,81,153,101,100,30,134,148,11,97,58,158,43,7,0,62,68,123,6,137,60,54,151,119,187,39,107,85,14,13,111,52,89,75,80,71,162,53,183,69,159,164,90,28,155,73,99,106,136,132,152,102,170,172,86,76,133,40,104,17,8,16,56,21,108,192,55,15,9,33,154,122,179,195,185,127,96,171,141,98,114,64,79,177,27,88,5,186,199,83,59,129,24,95,149,165,181,120,161,115,191,135,146];False
1559;7375;8934;[74,4,144,70,19,87,121,178,2,32,61,84,77,112,93,147,66,157,103,188,34,124,168,31,142,117,167,182,45,65,41,49,78,128,42,57,197,125,145,126,143,160,91,1,150,105,180,196,36,46,140,92,82,23,189,47,175,12,22,26,176,193,109,20,67,166,38,139,63,118,48,194,29,198,174,184,35,3,169,72,163,25,51,50,190,10,130,113,156,116,44,138,37,94,173,18,131,110,81,153,101,100,30,134,148,11,97,58,158,43,7,0,62,68,123,6,137,60,54,151,119,187,39,107,55,14,13,111,52,89,75,80,71,162,53,183,69,159,164,90,28,155,73,99,106,136,132,152,102,170,172,86,76,133,85,104,17,8,16,56,21,108,192,40,15,9,33,154,122,179,195,185,127,96,171,141,98,114,64,79,177,27,88,5,186,199,83,59,129,24,95,149,165,181,120,161,115,191,135,146];False
1606;7347;8953;[34,4,144,70,19,87,121,178,2,169,61,84,77,112,93,147,66,157,103,188,74,124,168,31,142,117,167,182,45,65,41,49,78,128,42,57,197,125,145,126,143,160,91,1,150,105,180,196,36,46,140,92,82,23,189,47,175,12,22,26,176,193,109,20,67,166,38,139,63,118,48,194,29,198,174,184,35,3,32,72,163,25,51,50,190,10,130,113,156,116,44,138,37,94,173,18,131,110,81,153,101,100,30,134,148,11,97,58,158,43,7,0,62,68,123,6,137,60,54,151,119,187,39,107,55,14,13,111,52,89,75,80,71,162,53,183,69,159,164,90,28,155,73,99,106,136,132,152,102,170,172,86,76,133,85,104,17,8,16,56,21,108,192,40,15,9,33,154,122,179,195,185,127,96,171,141,98,114,64,79,177,27,88,5,186,199,83,59,129,24,95,149,165,181,120,161,115,191,135,146];False
1583;7362;8945;[34,4,144,70,19,87,121,178,2,32,61,84,77,112,74,147,66,157,103,188,93,124,168,31,142,117,167,182,45,65,41,49,78,128,42,57,197,125,145,126,143,160,91,1,150,105,180,196,36,46,140,92,82,23,189,47,175,12,22,26,176,193,109,20,67,166,38,139,63,118,48,194,29,198,174,184,35,3,169,72,163,25,51,50,190,10,130,113,156,116,44,138,37,94,173,18,131,110,81,153,101,100,30,134,148,11,97,58,158,43,7,0,62,68,123,6,137,60,54,151,119,187,39,107,55,14,13,111,52,89,75,80,71,162,53,183,69,159,164,90,28,155,73,99,106,136,132,152,102,170,172,86,76,133,85,104,17,8,16,56,21,108,192,40,15,9,33,154,122,179,195,185,127,96,171,141,98,114,64,79,177,27,88,5,186,199,83,59,129,24,95,149,165,181,120,161,115,191,135,146];False
1596;7347;8943;[34,4,144,70,19,87,121,178,2,32,61,84,77,112,93,147,66,157,103,74,188,124,168,31,142,117,167,182,45,65,41,49,78,128,42,57,197,125,145,126,143,160,91,1,150,105,180,196,36,46,140,92,82,23,189,47,175,12,22,26,176,193,109,20,67,166,38,139,63,118,48,194,29,198,174,184,35,3,169,72,163,25,51,50,190,10,130,113,156,116,44,138,37,94,173,18,131,110,81,153,101,100,30,134,148,11,97,58,158,43,7,0,62,68,123,6,137,60,54,151,119,187,39,107,55,14,13,111,52,89,75,80,71,162,53,183,69,159,164,90,28,155,73,99,106,136,132,152,102,170,172,86,76,133,85,104,17,8,16,56,21,108,192,40,15,9,33,154,122,179,195,185,127,96,171,141,98,114,64,79,177,27,88,5,186,199,83,59,129,24,95,149,165,181,120,161,115,191,135,146];False
1614;7332;8946;[34,4,144,70,19,87,121,178,2,32,61,84,77,112,93,147,66,157,103,105,74,188,168,31,142,117,167,182,45,65,41,49,78,128,42,57,197,125,145,126,143,160,91,1,150,124,180,196,36,46,140,92,82,23,97,187,175,12,22,26,176,193,109,20,67,166,38,139,63,118,48,194,29,198,174,184,35,3,169,72,163,25,51,50,190,10,130,113,156,116,44,138,37,94,173,18,131,110,81,153,101,100,30,134,148,11,189,58,158,43,7,0,62,68,123,6,137,60,54,151,119,96,39,107,55,14,13,111,52,89,75,80,71,162,53,183,69,159,164,90,28,155,73,99,106,136,132,152,102,170,172,86,76,133,85,104,17,8,16,56,21,108,192,40,15,9,33,154,122,179,195,185,127,47,171,141,98,114,64,79,177,27,88,5,186,199,83,59,129,24,95,149,165,181,120,161,115,191,135,146];False
1558;7415;8973;[74,4,144,70,49,87,121,178,2,32,61,84,77,112,93,147,66,157,103,188,34,124,168,31,142,117,167,182,45,65,41,19,78,128,42,57,197,125,145,126,143,160,91,1,150,105,180,196,36,46,140,92,82,23,189,47,175,12,22,26,176,193,109,20,67,166,38,139,63,118,48,194,29,198,174,184,35,3,169,72,163,25,51,50,190,10,130,113,156,116,44,138,37,94,173,18,131,110,81,153,101,100,30,134,148,11,97,58,158,43,7,0,62,68,123,6,137,60,54,151,119,187,39,107,55,14,13,111,52,89,75,80,71,162,53,183,69,159,164,90,28,155,73,99,106,136,132,152,102,170,172,86,76,133,85,104,17,8,16,56,21,108,192,40,15,9,33,154,122,179,195,185,127,96,171,141,98,114,64,79,177,27,88,5,186,199,83,59,129,24,95,149,165,181,120,161,115,191,135,146];False
1555;7413;8968;[74,4,144,70,194,87,121,178,2,32,61,84,77,112,93,147,66,157,103,188,34,124,168,31,142,117,167,182,45,65,41,49,78,128,42,57,197,125,145,126,143,160,91,1,150,105,180,196,36,46,140,92,82,23,189,47,175,12,22,26,176,193,109,20,67,166,38,139,63,118,48,19,29,198,174,184,35,3,169,72,163,25,51,50,190,10,130,113,156,116,44,138,37,94,173,18,131,110,81,153,101,100,30,134,148,11,97,58,158,43,7,0,62,68,123,6,137,60,54,151,119,187,39,107,55,14,13,111,52,89,75,80,71,162,53,183,69,159,164,90,28,155,73,99,106,136,132,152,102,170,172,86,76,133,85,104,17,8,16,56,21,108,192,40,15,9,33,154,122,179,195,185,127,96,171,141,98,114,64,79,177,27,88,5,186,199,83,59,129,24,95,149,165,181,120,161,115,191,135,146];False
1567;7373;8940;[74,4,144,70,19,87,121,178,2,169,61,84,77,112,93,147,66,157,103,188,34,124,168,31,142,117,167,182,45,65,41,49,78,128,42,57,197,125,145,126,143,160,91,1,150,105,180,196,36,46,140,92,82,23,189,47,175,12,22,26,176,193,109,20,67,166,38,139,63,118,48,194,29,198,174,184,35,3,32,72,163,25,51,50,190,10,130,113,156,116,44,138,37,94,173,18,131,110,81,153,101,100,30,134,148,11,97,58,158,43,7,0,62,68,123,6,137,60,54,151,119,187,39,107,55,14,13,111,52,89,75,80,71,162,53,183,69,159,164,90,28,155,73,99,106,136,132,152,102,170,172,86,76,133,85,104,17,8,16,56,21,108,192,40,15,9,33,154,122,179,195,185,127,96,171,141,98,114,64,79,177,27,88,5,186,199,83,59,129,24,95,149,165,181,120,161,115,191,135,146];False
1531;7375;8906;[74,4,144,70,19,87,121,178,2,32,61,84,77,112,34,147,66,157,103,188,93,124,168,31,142,117,167,182,45,65,41,49,78,128,42,57,197,125,145,126,143,160,91,1,150,105,180,196,36,46,140,92,82,23,189,47,175,12,22,26,176,193,109,20,67,166,38,139,63,118,48,194,29,198,174,184,35,3,169,72,163,25,51,50,190,10,130,113,156,116,44,138,37,94,173,18,131,110,81,153,101,100,30,134,148,11,97,58,158,43,7,0,62,68,123,6,137,60,54,151,119,187,39,107,55,14,13,111,52,89,75,80,71,162,53,183,69,159,164,90,28,155,73,99,106,136,132,152,102,170,172,86,76,133,85,104,17,8,16,56,21,108,192,40,15,9,33,154,122,179,195,185,127,96,171,141,98,114,64,79,177,27,88,5,186,199,83,59,129,24,95,149,165,181,120,161,115,191,135,146];False
1591;7360;8951;[34,4,144,70,19,87,121,178,2,169,61,84,77,112,74,147,66,157,103,188,93,124,168,31,142,117,167,182,45,65,41,49,78,128,42,57,197,125,145,126,143,160,91,1,150,105,180,196,36,46,140,92,82,23,189,47,175,12,22,26,176,193,109,20,67,166,38,139,63,118,48,194,29,198,174,184,35,3,32,72,163,25,51,50,190,10,130,113,156,116,44,138,37,94,173,18,131,110,81,153,101,100,30,134,148,11,97,58,158,43,7,0,62,68,123,6,137,60,54,151,119,187,39,107,55,14,13,111,52,89,75,80,71,162,53,183,69,159,164,90,28,155,73,99,106,136,132,152,102,170,172,86,76,133,85,104,17,8,16,56,21,108,192,40,15,9,33,154,122,179,195,185,127,96,171,141,98,114,64,79,177,27,88,5,186,199,83,59,129,24,95,149,165,181,120,161,115,191,135,146];False
1588;7357;8945;[34,4,144,70,19,87,121,178,2,32,61,84,77,112,74,147,66,157,103,188,93,124,168,31,142,117,167,182,45,138,41,49,78,128,42,57,197,125,145,126,143,160,91,1,150,105,180,196,36,46,140,92,82,23,189,47,175,12,22,26,176,193,109,20,67,166,38,139,63,118,48,194,29,198,174,184,35,3,169,72,163,25,51,50,190,10,130,113,156,116,44,65,37,94,173,18,131,110,81,153,101,100,30,134,148,11,97,58,158,43,7,0,62,68,123,6,137,60,54,151,119,187,39,107,55,14,13,111,52,89,75,80,71,162,53,183,69,159,164,90,28,155,73,99,106,136,132,152,102,170,172,86,76,133,85,104,17,8,16,56,21,108,192,40,15,9,33,154,122,179,195,185,127,96,171,141,98,114,64,79,177,27,88,5,186,199,83,59,129,24,95,149,165,181,120,161,115,191,135,146];False
1612;7346;8958;[34,4,144,70,19,87,121,178,2,32,61,84,77,112,74,147,66,157,103,188,93,124,168,31,142,117,167,182,45,65,41,49,78,128,42,57,197,125,145,126,143,160,91,1,150,105,180,196,36,46,140,92,82,23,189,47,175,12,22,26,176,193,109,20,67,166,38,139,63,118,48,194,29,198,174,184,35,3,169,72,163,25,51,50,190,10,130,113,156,116,44,138,37,94,173,18,131,110,81,153,101,100,30,134,148,11,97,58,158,43,7,0,181,68,123,6,137,60,54,151,119,187,39,107,55,14,13,111,52,89,75,80,71,162,53,183,69,159,164,90,28,155,73,99,106,136,132,152,102,170,172,86,76,133,85,104,17,8,16,56,21,108,192,40,15,9,33,154,122,179,195,185,127,96,171,141,98,114,64,79,177,27,88,5,186,199,83,59,129,24,95,149,165,62,120,161,115,191,135,146];False
1604;7345;8949;[34,4,144,70,19,87,121,178,2,169,61,84,77,112,93,147,66,157,103,74,188,124,168,31,142,117,167,182,45,65,41,49,78,128,42,57,197,125,145,126,143,160,91,1,150,105,180,196,36,46,140,92,82,23,189,47,175,12,22,26,176,193,109,20,67,166,38,139,63,118,48,194,29,198,174,184,35,3,32,72,163,25,51,50,190,10,130,113,156,116,44,138,37,94,173,18,131,110,81,153,101,100,30,134,148,11,97,58,158,43,7,0,62,68,123,6,137,60,54,151,119,187,39,107,55,14,13,111,52,89,75,80,71,162,53,183,69,159,164,90,28,155,73,99,106,136,132,152,102,170,172,86,76,133,85,104,17,8,16,56,21,108,192,40,15,9,33,154,122,179,195,185,127,96,171,141,98,114,64,79,177,27,88,5,186,199,83,59,129,24,95,149,165,181,120,161,115,191,135,146];False
1579;7335;8914;[34,4,144,70,19,87,121,178,2,32,61,84,77,112,93,147,66,157,103,116,188,124,168,31,142,117,167,182,45,65,41,49,78,128,42,57,197,125,145,126,143,160,91,1,150,105,180,196,36,46,140,92,82,23,189,47,175,12,22,26,176,193,109,20,67,166,38,139,63,118,48,194,29,198,174,184,35,3,169,72,163,25,51,50,190,10,130,113,156,74,44,138,37,94,173,18,131,110,81,153,101,100,30,134,148,11,97,58,158,43,7,0,62,68,123,6,137,60,54,151,119,187,39,107,55,14,13,111,52,89,75,80,71,162,53,183,69,159,164,90,28,155,73,99,106,136,132,152,102,170,172,86,76,133,85,104,17,8,16,56,21,108,192,40,15,9,33,154,122,179,195,185,127,96,171,141,98,114,64,79,177,27,88,5,186,199,83,59,129,24,95,149,165,181,120,161,115,191,135,146];False
1622;7330;8952;[34,4,144,70,19,87,121,178,2,169,61,84,77,112,93,147,66,157,103,105,74,188,168,31,142,117,167,182,45,65,41,49,78,128,42,57,197,125,145,126,143,160,91,1,150,124,180,196,36,46,140,92,82,23,97,187,175,12,22,26,176,193,109,20,67,166,38,139,63,118,48,194,29,198,174,184,35,3,32,72,163,25,51,50,190,10,130,113,156,116,44,138,37,94,173,18,131,110,81,153,101,100,30,134,148,11,189,58,158,43,7,0,62,68,123,6,137,60,54,151,119,96,39,107,55,14,13,111,52,89,75,80,71,162,53,183,69,159,164,90,28,155,73,99,106,136,132,152,102,170,172,86,76,133,85,104,17,8,16,56,21,108,192,40,15,9,33,154,122,179,195,185,127,47,171,141,98,114,64,79,177,27,88,5,186,199,83,59,129,24,95,149,165,181,120,161,115,191,135,146];False
1619;7327;8946;[34,4,144,70,19,87,121,178,2,32,61,84,77,112,93,147,66,157,103,105,74,188,168,31,142,117,167,182,45,138,41,49,78,128,42,57,197,125,145,126,143,160,91,1,150,124,180,196,36,46,140,92,82,23,97,187,175,12,22,26,176,193,109,20,67,166,38,139,63,118,48,194,29,198,174,184,35,3,169,72,163,25,51,50,190,10,130,113,156,116,44,65,37,94,173,18,131,110,81,153,101,100,30,134,148,11,189,58,158,43,7,0,62,68,123,6,137,60,54,151,119,96,39,107,55,14,13,111,52,89,75,80,71,162,53,183,69,159,164,90,28,155,73,99,106,136,132,152,102,170,172,86,76,133,85,104,17,8,16,56,21,108,192,40,15,9,33,154,122,179,195,185,127,47,171,141,98,114,64,79,177,27,88,5,186,199,83,59,129,24,95,149,165,181,120,161,115,191,135,146];False
1539;7373;8912;[74,4,144,70,19,87,121,178,2,169,61,84,77,112,34,147,66,157,103,188,93,124,168,31,142,117,167,182,45,65,41,49,78,128,42,57,197,125,145,126,143,160,91,1,150,105,180,196,36,46,140,92,82,23,189,47,175,12,22,26,176,193,109,20,67,166,38,139,63,118,48,194,29,198,174,184,35,3,32,72,163,25,51,50,190,10,130,113,156,116,44,138,37,94,173,18,131,110,81,153,101,100,30,134,148,11,97,58,158,43,7,0,62,68,123,6,137,60,54,151,119,187,39,107,55,14,13,111,52,89,75,80,71,162,53,183,69,159,164,90,28,155,73,99,106,136,132,152,102,170,172,86,76,133,85,104,17,8,16,56,21,108,192,40,15,9,33,154,122,179,195,185,127,96,171,141,98,114,64,79,177,27,88,5,186,199,83,59,129,24,95,149,165,181,120,161,115,191,135,146];False
1516;7461;8977;[74,4,144,78,19,87,121,178,2,32,61,84,77,112,34,147,66,157,103,188,93,124,168,31,142,117,167,182,45,65,41,49,70,128,42,57,197,125,145,126,143,160,91,1,150,105,180,196,36,46,140,92,82,23,189,47,175,12,22,26,176,193,109,20,67,166,38,139,63,118,48,194,29,198,174,184,35,3,169,72,163,25,51,50,190,10,130,113,156,116,44,138,37,94,173,18,131,110,81,153,101,100,30,134,148,11,97,58,158,43,7,0,62,68,123,6,137,60,54,151,119,187,39,107,55,14,13,111,52,89,75,80,71,162,53,183,69,159,164,90,28,155,73,99,106,136,132,152,102,170,172,86,76,133,85,104,17,8,16,56,21,108,192,40,15,9,33,154,122,179,195,185,127,96,171,141,98,114,64,79,177,27,88,5,186,199,83,59,129,24,95,149,165,181,120,161,115,191,135,146];False
1530;7415;8945;[74,4,144,70,49,87,121,178,2,32,61,84,77,112,34,147,66,157,103,188,93,124,168,31,142,117,167,182,45,65,41,19,78,128,42,57,197,125,145,126,143,160,91,1,150,105,180,196,36,46,140,92,82,23,189,47,175,12,22,26,176,193,109,20,67,166,38,139,63,118,48,194,29,198,174,184,35,3,169,72,163,25,51,50,190,10,130,113,156,116,44,138,37,94,173,18,131,110,81,153,101,100,30,134,148,11,97,58,158,43,7,0,62,68,123,6,137,60,54,151,119,187,39,107,55,14,13,111,52,89,75,80,71,162,53,183,69,159,164,90,28,155,73,99,106,136,132,152,102,170,172,86,76,133,85,104,17,8,16,56,21,108,192,40,15,9,33,154,122,179,195,185,127,96,171,141,98,114,64,79,177,27,88,5,186,199,83,59,129,24,95,149,165,181,120,161,115,191,135,146];False
1527;7413;8940;[74,4,144,70,194,87,121,178,2,32,61,84,77,112,34,147,66,157,103,188,93,124,168,31,142,117,167,182,45,65,41,49,78,128,42,57,197,125,145,126,143,160,91,1,150,105,180,196,36,46,140,92,82,23,189,47,175,12,22,26,176,193,109,20,67,166,38,139,63,118,48,19,29,198,174,184,35,3,169,72,163,25,51,50,190,10,130,113,156,116,44,138,37,94,173,18,131,110,81,153,101,100,30,134,148,11,97,58,158,43,7,0,62,68,123,6,137,60,54,151,119,187,39,107,55,14,13,111,52,89,75,80,71,162,53,183,69,159,164,90,28,155,73,99,106,136,132,152,102,170,172,86,76,133,85,104,17,8,16,56,21,108,192,40,15,9,33,154,122,179,195,185,127,96,171,141,98,114,64,79,177,27,88,5,186,199,83,59,129,24,95,149,165,181,120,161,115,191,135,146];False
1524;7408;8932;[74,4,144,70,19,87,121,178,2,32,61,84,77,112,34,147,66,157,103,188,93,124,168,31,142,117,45,182,167,65,41,49,78,128,42,57,197,125,145,126,143,160,91,1,150,105,180,196,36,46,140,92,82,23,189,47,175,12,22,26,176,193,109,20,67,166,38,139,63,118,48,194,29,198,174,184,35,3,169,72,163,25,51,50,190,10,130,113,156,116,44,138,37,94,173,18,131,110,81,153,101,100,30,134,148,11,97,58,158,43,7,0,62,68,123,6,137,60,54,151,119,187,39,107,55,14,13,111,52,89,75,80,71,162,53,183,69,159,164,90,28,155,73,99,106,136,132,152,102,170,172,86,76,133,85,104,17,8,16,56,21,108,192,40,15,9,33,154,122,179,195,185,127,96,171,141,98,114,64,79,177,27,88,5,186,199,83,59,129,24,95,149,165,181,120,161,115,191,135,146];False
1578;7368;8946;[74,4,144,70,19,87,121,178,2,32,61,84,77,112,34,147,66,157,103,188,93,124,168,31,142,117,167,182,44,65,41,49,78,128,42,57,197,125,145,126,143,160,91,1,150,105,180,196,36,46,140,92,82,23,189,47,175,12,22,26,176,193,109,20,67,166,38,139,63,118,48,194,29,198,174,184,35,3,169,72,163,25,51,50,190,10,130,113,156,116,45,138,37,94,173,18,131,110,81,153,101,100,30,134,148,11,97,58,158,43,7,0,62,68,123,6,137,60,54,151,119,187,39,107,55,14,13,111,52,89,75,80,71,162,53,183,69,159,164,90,28,155,73,99,106,136,132,152,102,170,172,86,76,133,85,104,17,8,16,56,21,108,192,40,15,9,33,154,122,179,195,185,127,96,171,141,98,114,64,79,177,27,88,5,186,199,83,59,129,24,95,149,165,181,120,161,115,191,135,146];False
1536;7370;8906;[74,4,144,70,19,87,121,178,2,32,61,84,77,112,34,147,66,157,103,188,93,124,168,31,142,117,167,182,45,138,41,49,78,128,42,57,197,125,145,126,143,160,91,1,150,105,180,196,36,46,140,92,82,23,189,47,175,12,22,26,176,193,109,20,67,166,38,139,63,118,48,194,29,198,174,184,35,3,169,72,163,25,51,50,190,10,130,113,156,116,44,65,37,94,173,18,131,110,81,153,101,100,30,134,148,11,97,58,158,43,7,0,62,68,123,6,137,60,54,151,119,187,39,107,55,14,13,111,52,89,75,80,71,162,53,183,69,159,164,90,28,155,73,99,106,136,132,152,102,170,172,86,76,133,85,104,17,8,16,56,21,108,192,40,15,9,33,154,122,179,195,185,127,96,171,141,98,114,64,79,177,27,88,5,186,199,83,59,129,24,95,149,165,181,120,161,115,191,135,146];False
1572;7369;8941;[74,4,144,70,19,87,121,178,2,32,61,84,77,112,34,147,66,157,103,188,93,124,168,31,142,117,167,182,45,65,41,49,78,128,42,57,197,125,145,126,20,160,91,1,150,105,180,196,36,46,140,92,82,23,189,47,175,12,22,26,176,193,109,143,67,166,38,139,63,118,48,194,29,198,174,184,35,3,169,72,163,25,51,50,190,10,130,113,156,116,44,138,37,94,173,18,131,110,81,153,101,100,30,134,148,11,97,58,158,43,7,0,62,68,123,6,137,60,54,151,119,187,39,107,55,14,13,111,52,89,75,80,71,162,53,183,69,159,164,90,28,155,73,99,106,136,132,152,102,170,172,86,76,133,85,104,17,8,16,56,21,108,192,40,15,9,33,154,122,179,195,185,127,96,171,141,98,114,64,79,177,27,88,5,186,199,83,59,129,24,95,149,165,181,120,161,115,191,135,146];False
1505;7447;8952;[74,4,144,70,19,87,121,178,2,32,61,84,77,112,34,147,66,157,103,188,93,124,168,31,142,117,167,182,45,65,41,49,78,128,42,57,197,125,145,126,143,160,91,1,150,105,180,196,36,46,140,92,82,23,189,55,175,12,22,26,176,193,109,20,67,166,38,139,63,118,48,194,29,198,174,184,35,3,169,72,163,25,51,50,190,10,130,113,156,116,44,138,37,94,173,18,131,110,81,153,101,100,30,134,148,11,97,58,158,43,7,0,62,68,123,6,137,60,54,151,119,187,39,107,47,14,13,111,52,89,75,80,71,162,53,183,69,159,164,90,28,155,73,99,106,136,132,152,102,170,172,86,76,133,85,104,17,8,16,56,21,108,192,40,15,9,33,154,122,179,195,185,127,96,171,141,98,114,64,79,177,27,88,5,186,199,83,59,129,24,95,149,165,181,120,161,115,191,135,146];False
1574;7363;8937;[74,4,144,70,19,87,121,178,2,32,61,84,77,112,34,147,66,157,103,188,93,124,168,31,142,117,167,182,45,65,41,49,78,128,42,57,197,125,145,126,143,160,91,1,150,105,180,196,36,46,140,92,82,23,189,98,175,12,22,26,176,193,109,20,67,166,38,139,63,118,48,194,29,198,174,184,35,3,169,72,163,25,51,50,190,10,130,113,156,116,44,138,37,94,173,18,131,110,81,153,101,100,30,134,148,11,97,58,158,43,7,0,62,68,123,6,137,60,54,151,119,187,39,107,55,14,13,111,52,89,75,80,71,162,53,183,69,159,164,90,28,155,73,99,106,136,132,152,102,170,172,86,76,133,85,104,17,8,16,56,21,108,192,40,15,9,33,154,122,179,195,185,127,96,171,141,47,114,64,79,177,27,88,5,186,199,83,59,129,24,95,149,165,181,120,161,115,191,135,146];False
1517;7437;8954;[74,4,144,70,19,87,121,178,2,32,61,84,77,112,34,147,66,157,103,188,93,124,168,31,142,117,167,182,45,65,41,49,78,128,42,57,197,125,145,126,143,160,91,1,150,105,180,196,36,46,140,92,82,23,189,47,175,12,22,131,176,193,109,20,67,166,38,139,63,118,48,194,29,198,174,184,35,3,169,72,163,25,51,50,190,10,130,113,156,116,44,138,37,94,173,18,26,110,81,153,101,100,30,134,148,11,97,58,158,43,7,0,62,68,123,6,137,60,54,151,119,187,39,107,55,14,13,111,52,89,75,80,71,162,53,183,69,159,164,90,28,155,73,99,106,136,132,152,102,170,172,86,76,133,85,104,17,8,16,56,21,108,192,40,15,9,33,154,122,179,195,185,127,96,171,141,98,114,64,79,177,27,88,5,186,199,83,59,129,24,95,149,165,181,120,161,115,191,135,146];False
1568;7346;8914;[74,4,144,70,19,87,121,178,2,32,61,84,77,112,34,147,66,157,103,188,93,124,168,31,142,117,167,182,45,65,41,49,78,128,42,57,197,125,145,126,143,160,91,1,150,105,180,196,36,46,140,92,82,23,189,47,175,12,22,26,176,193,109,20,67,166,38,139,63,118,48,194,29,198,174,184,35,3,169,72,163,25,51,50,190,10,130,113,156,71,44,138,37,94,173,18,131,110,81,153,101,100,30,134,148,11,97,58,158,43,7,0,62,68,123,6,137,60,54,151,119,187,39,107,55,14,13,111,52,89,75,80,116,162,53,183,69,159,164,90,28,155,73,99,106,136,132,152,102,170,172,86,76,133,85,104,17,8,16,56,21,108,192,40,15,9,33,154,122,179,195,185,127,96,171,141,98,114,64,79,177,27,88,5,186,199,83,59,129,24,95,149,165,181,120,161,115,191,135,146];False
1560;7359;8919;[74,4,144,70,19,87,121,178,2,32,61,84,77,112,34,147,66,157,103,188,93,124,168,31,142,117,167,182,45,65,41,49,78,128,42,57,197,125,145,126,143,160,91,1,150,105,180,196,36,46,140,92,82,23,189,47,175,12,22,26,176,193,109,20,67,166,38,139,63,118,48,194,29,198,174,184,35,3,169,72,163,25,51,50,190,10,130,113,156,116,44,138,37,94,173,18,131,110,81,153,101,100,30,134,148,11,97,58,158,43,7,0,181,68,123,6,137,60,54,151,119,187,39,107,55,14,13,111,52,89,75,80,71,162,53,183,69,159,164,90,28,155,73,99,106,136,132,152,102,170,172,86,76,133,85,104,17,8,16,56,21,108,192,40,15,9,33,154,122,179,195,185,127,96,171,141,98,114,64,79,177,27,88,5,186,199,83,59,129,24,95,149,165,62,120,161,115,191,135,146];False
1525;7404;8929;[74,4,144,70,19,87,121,178,2,32,61,84,77,112,34,147,66,157,103,188,93,124,168,31,142,117,167,182,45,65,41,49,78,128,42,57,197,125,145,126,143,160,91,1,150,105,180,196,36,46,140,92,82,23,189,47,175,12,22,26,176,193,109,20,67,166,38,139,63,118,48,194,29,198,174,184,35,3,169,72,163,25,51,50,190,10,130,113,156,116,44,138,37,94,173,18,131,110,81,153,101,100,30,134,148,11,97,58,158,43,7,0,62,68,123,6,137,60,54,151,119,187,39,107,55,14,13,111,52,89,75,80,71,162,53,183,69,159,164,90,28,155,73,99,106,136,132,152,102,170,172,86,76,133,85,104,17,8,16,56,21,108,192,40,15,9,33,154,122,179,165,185,127,96,171,141,98,114,64,79,177,27,88,5,186,199,83,59,129,24,95,149,195,181,120,161,115,191,135,146];False
1637;7322;8959;[34,4,144,70,19,87,121,178,91,32,61,84,77,112,93,147,66,157,103,116,188,124,168,31,142,117,167,182,45,65,41,49,78,128,42,57,197,125,145,126,143,160,2,1,150,105,180,196,36,46,140,92,82,23,189,47,175,12,22,26,176,193,109,20,67,166,38,139,63,118,48,194,29,198,174,184,35,3,169,72,163,25,51,50,190,10,130,113,156,74,44,138,37,94,173,18,131,110,81,153,101,100,30,134,148,11,97,58,158,43,7,0,62,68,123,6,137,60,54,151,119,187,39,107,55,14,13,111,52,89,75,80,71,162,53,183,69,159,164,90,28,155,73,99,106,136,132,152,102,170,172,86,76,133,85,104,17,8,16,56,21,108,192,40,15,9,33,154,122,179,195,185,127,96,171,141,98,114,64,79,177,27,88,5,186,199,83,59,129,24,95,149,165,181,120,161,115,191,135,146];False
1587;7333;8920;[34,4,144,70,19,87,121,178,2,169,61,84,77,112,93,147,66,157,103,116,188,124,168,31,142,117,167,182,45,65,41,49,78,128,42,57,197,125,145,126,143,160,91,1,150,105,180,196,36,46,140,92,82,23,189,47,175,12,22,26,176,193,109,20,67,166,38,139,63,118,48,194,29,198,174,184,35,3,32,72,163,25,51,50,190,10,130,113,156,74,44,138,37,94,173,18,131,110,81,153,101,100,30,134,148,11,97,58,158,43,7,0,62,68,123,6,137,60,54,151,119,187,39,107,55,14,13,111,52,89,75,80,71,162,53,183,69,159,164,90,28,155,73,99,106,136,132,152,102,170,172,86,76,133,85,104,17,8,16,56,21,108,192,40,15,9,33,154,122,179,195,185,127,96,171,141,98,114,64,79,177,27,88,5,186,199,83,59,129,24,95,149,165,181,120,161,115,191,135,146];False
1597;7326;8923;[34,4,144,70,19,87,121,178,2,32,61,84,77,112,93,147,66,157,103,45,188,124,168,31,142,117,167,182,116,65,41,49,78,128,42,57,197,125,145,126,143,160,91,1,150,105,180,196,36,46,140,92,82,23,189,47,175,12,22,26,176,193,109,20,67,166,38,139,63,118,48,194,29,198,174,184,35,3,169,72,163,25,51,50,190,10,130,113,156,74,44,138,37,94,173,18,131,110,81,153,101,100,30,134,148,11,97,58,158,43,7,0,62,68,123,6,137,60,54,151,119,187,39,107,55,14,13,111,52,89,75,80,71,162,53,183,69,159,164,90,28,155,73,99,106,136,132,152,102,170,172,86,76,133,85,104,17,8,16,56,21,108,192,40,15,9,33,154,122,179,195,185,127,96,171,141,98,114,64,79,177,27,88,5,186,199,83,59,129,24,95,149,165,181,120,161,115,191,135,146];False
1574;7319;8893;[34,4,144,70,19,87,121,178,2,32,61,84,77,112,93,147,66,157,103,116,65,124,168,31,142,117,167,182,45,188,41,49,78,128,42,57,197,125,145,126,143,160,91,1,150,105,180,196,36,46,140,92,82,23,189,47,175,12,22,26,176,193,109,20,67,166,38,139,63,118,48,194,29,198,174,184,35,3,169,72,163,25,51,50,190,10,130,113,156,74,44,138,37,94,173,18,131,110,81,153,101,100,30,134,148,11,97,58,158,43,7,0,62,68,123,6,137,60,54,151,119,187,39,107,55,14,13,111,52,89,75,80,71,162,53,183,69,159,164,90,28,155,73,99,106,136,132,152,102,170,172,86,76,133,85,104,17,8,16,56,21,108,192,40,15,9,33,154,122,179,195,185,127,96,171,141,98,114,64,79,177,27,88,5,186,199,83,59,129,24,95,149,165,181,120,161,115,191,135,146];False
1512;7428;8940;[74,4,144,70,19,87,121,178,2,32,61,84,77,112,34,147,66,157,103,188,93,124,168,31,142,117,45,182,167,143,41,49,78,128,42,57,197,125,145,126,65,160,91,1,150,105,180,196,36,46,140,92,82,23,189,47,175,12,22,26,176,193,109,20,67,166,38,139,63,118,48,194,29,198,174,184,35,3,169,72,163,25,51,50,190,10,130,113,156,116,44,138,37,94,173,18,131,110,81,153,101,100,30,134,148,11,97,58,158,43,7,0,62,68,123,6,137,60,54,151,119,187,39,107,55,14,13,111,52,89,75,80,71,162,53,183,69,159,164,90,28,155,73,99,106,136,132,152,102,170,172,86,76,133,85,104,17,8,16,56,21,108,192,40,15,9,33,154,122,179,195,185,127,96,171,141,98,114,64,79,177,27,88,5,186,199,83,59,129,24,95,149,165,181,120,161,115,191,135,146];False
1498;7480;8978;[74,4,144,70,19,87,121,178,2,32,61,84,77,112,34,147,66,157,103,188,93,124,168,31,142,117,45,182,167,65,41,49,78,128,42,57,197,125,145,126,143,160,91,1,150,105,180,196,36,46,140,92,82,23,189,55,175,12,22,26,176,193,109,20,67,166,38,139,63,118,48,194,29,198,174,184,35,3,169,72,163,25,51,50,190,10,130,113,156,116,44,138,37,94,173,18,131,110,81,153,101,100,30,134,148,11,97,58,158,43,7,0,62,68,123,6,137,60,54,151,119,187,39,107,47,14,13,111,52,89,75,80,71,162,53,183,69,159,164,90,28,155,73,99,106,136,132,152,102,170,172,86,76,133,85,104,17,8,16,56,21,108,192,40,15,9,33,154,122,179,195,185,127,96,171,141,98,114,64,79,177,27,88,5,186,199,83,59,129,24,95,149,165,181,120,161,115,191,135,146];False
1544;7368;8912;[74,4,144,70,19,87,121,178,2,169,61,84,77,112,34,147,66,157,103,188,93,124,168,31,142,117,167,182,45,138,41,49,78,128,42,57,197,125,145,126,143,160,91,1,150,105,180,196,36,46,140,92,82,23,189,47,175,12,22,26,176,193,109,20,67,166,38,139,63,118,48,194,29,198,174,184,35,3,32,72,163,25,51,50,190,10,130,113,156,116,44,65,37,94,173,18,131,110,81,153,101,100,30,134,148,11,97,58,158,43,7,0,62,68,123,6,137,60,54,151,119,187,39,107,55,14,13,111,52,89,75,80,71,162,53,183,69,159,164,90,28,155,73,99,106,136,132,152,102,170,172,86,76,133,85,104,17,8,16,56,21,108,192,40,15,9,33,154,122,179,195,185,127,96,171,141,98,114,64,79,177,27,88,5,186,199,83,59,129,24,95,149,165,181,120,161,115,191,135,146];False
1510;7442;8952;[74,4,144,70,19,87,121,178,2,32,61,84,77,112,34,147,66,157,103,188,93,124,168,31,142,117,167,182,45,138,41,49,78,128,42,57,197,125,145,126,143,160,91,1,150,105,180,196,36,46,140,92,82,23,189,55,175,12,22,26,176,193,109,20,67,166,38,139,63,118,48,194,29,198,174,184,35,3,169,72,163,25,51,50,190,10,130,113,156,116,44,65,37,94,173,18,131,110,81,153,101,100,30,134,148,11,97,58,158,43,7,0,62,68,123,6,137,60,54,151,119,187,39,107,47,14,13,111,52,89,75,80,71,162,53,183,69,159,164,90,28,155,73,99,106,136,132,152,102,170,172,86,76,133,85,104,17,8,16,56,21,108,192,40,15,9,33,154,122,179,195,185,127,96,171,141,98,114,64,79,177,27,88,5,186,199,83,59,129,24,95,149,165,181,120,161,115,191,135,146];False
1573;7341;8914;[74,4,144,70,19,87,121,178,2,32,61,84,77,112,34,147,66,157,103,188,93,124,168,31,142,117,167,182,45,138,41,49,78,128,42,57,197,125,145,126,143,160,91,1,150,105,180,196,36,46,140,92,82,23,189,47,175,12,22,26,176,193,109,20,67,166,38,139,63,118,48,194,29,198,174,184,35,3,169,72,163,25,51,50,190,10,130,113,156,71,44,65,37,94,173,18,131,110,81,153,101,100,30,134,148,11,97,58,158,43,7,0,62,68,123,6,137,60,54,151,119,187,39,107,55,14,13,111,52,89,75,80,116,162,53,183,69,159,164,90,28,155,73,99,106,136,132,152,102,170,172,86,76,133,85,104,17,8,16,56,21,108,192,40,15,9,33,154,122,179,195,185,127,96,171,141,98,114,64,79,177,27,88,5,186,199,83,59,129,24,95,149,165,181,120,161,115,191,135,146];False
1565;7354;8919;[74,4,144,70,19,87,121,178,2,32,61,84,77,112,34,147,66,157,103,188,93,124,168,31,142,117,167,182,45,138,41,49,78,128,42,57,197,125,145,126,143,160,91,1,150,105,180,196,36,46,140,92,82,23,189,47,175,12,22,26,176,193,109,20,67,166,38,139,63,118,48,194,29,198,174,184,35,3,169,72,163,25,51,50,190,10,130,113,156,116,44,65,37,94,173,18,131,110,81,153,101,100,30,134,148,11,97,58,158,43,7,0,181,68,123,6,137,60,54,151,119,187,39,107,55,14,13,111,52,89,75,80,71,162,53,183,69,159,164,90,28,155,73,99,106,136,132,152,102,170,172,86,76,133,85,104,17,8,16,56,21,108,192,40,15,9,33,154,122,179,195,185,127,96,171,141,98,114,64,79,177,27,88,5,186,199,83,59,129,24,95,149,165,62,120,161,115,191,135,146];False
1530;7399;8929;[74,4,144,70,19,87,121,178,2,32,61,84,77,112,34,147,66,157,103,188,93,124,168,31,142,117,167,182,45,138,41,49,78,128,42,57,197,125,145,126,143,160,91,1,150,105,180,196,36,46,140,92,82,23,189,47,175,12,22,26,176,193,109,20,67,166,38,139,63,118,48,194,29,198,174,184,35,3,169,72,163,25,51,50,190,10,130,113,156,116,44,65,37,94,173,18,131,110,81,153,101,100,30,134,148,11,97,58,158,43,7,0,62,68,123,6,137,60,54,151,119,187,39,107,55,14,13,111,52,89,75,80,71,162,53,183,69,159,164,90,28,155,73,99,106,136,132,152,102,170,172,86,76,133,85,104,17,8,16,56,21,108,192,40,15,9,33,154,122,179,165,185,127,96,171,141,98,114,64,79,177,27,88,5,186,199,83,59,129,24,95,149,195,181,120,161,115,191,135,146];False
1490;7533;9023;[74,4,144,78,19,87,121,178,2,32,61,84,77,112,34,147,66,157,103,188,93,124,168,31,142,117,167,182,45,65,41,49,70,128,42,57,197,125,145,126,143,160,91,1,150,105,180,196,36,46,140,92,82,23,189,55,175,12,22,26,176,193,109,20,67,166,38,139,63,118,48,194,29,198,174,184,35,3,169,72,163,25,51,50,190,10,130,113,156,116,44,138,37,94,173,18,131,110,81,153,101,100,30,134,148,11,97,58,158,43,7,0,62,68,123,6,137,60,54,151,119,187,39,107,47,14,13,111,52,89,75,80,71,162,53,183,69,159,164,90,28,155,73,99,106,136,132,152,102,170,172,86,76,133,85,104,17,8,16,56,21,108,192,40,15,9,33,154,122,179,195,185,127,96,171,141,98,114,64,79,177,27,88,5,186,199,83,59,129,24,95,149,165,181,120,161,115,191,135,146];False
1491;7509;9000;[74,4,144,70,19,87,121,178,2,32,61,84,77,112,34,147,66,157,103,188,93,124,168,31,142,117,167,182,45,65,41,49,78,128,42,57,197,125,145,126,143,160,91,1,150,105,180,196,36,46,140,92,82,23,189,55,175,12,22,131,176,193,109,20,67,166,38,139,63,118,48,194,29,198,174,184,35,3,169,72,163,25,51,50,190,10,130,113,156,116,44,138,37,94,173,18,26,110,81,153,101,100,30,134,148,11,97,58,158,43,7,0,62,68,123,6,137,60,54,151,119,187,39,107,47,14,13,111,52,89,75,80,71,162,53,183,69,159,164,90,28,155,73,99,106,136,132,152,102,170,172,86,76,133,85,104,17,8,16,56,21,108,192,40,15,9,33,154,122,179,195,185,127,96,171,141,98,114,64,79,177,27,88,5,186,199,83,59,129,24,95,149,165,181,120,161,115,191,135,146];False
1499;7476;8975;[74,4,144,70,19,87,121,178,2,32,61,84,77,112,34,147,66,157,103,188,93,124,168,31,142,117,167,182,45,65,41,49,78,128,42,57,197,125,145,126,143,160,91,1,150,105,180,196,36,46,140,92,82,23,189,55,175,12,22,26,176,193,109,20,67,166,38,139,63,118,48,194,29,198,174,184,35,3,169,72,163,25,51,50,190,10,130,113,156,116,44,138,37,94,173,18,131,110,81,153,101,100,30,134,148,11,97,58,158,43,7,0,62,68,123,6,137,60,54,151,119,187,39,107,47,14,13,111,52,89,75,80,71,162,53,183,69,159,164,90,28,155,73,99,106,136,132,152,102,170,172,86,76,133,85,104,17,8,16,56,21,108,192,40,15,9,33,154,122,179,165,185,127,96,171,141,98,114,64,79,177,27,88,5,186,199,83,59,129,24,95,149,195,181,120,161,115,191,135,146];False
1561;7348;8909;[74,4,144,70,19,87,121,178,2,32,61,84,77,112,34,147,66,157,103,188,93,124,168,31,142,117,167,182,116,65,41,49,78,128,42,57,197,125,145,126,143,160,91,1,150,105,180,196,36,46,140,92,82,23,189,47,175,12,22,26,176,193,109,20,67,166,38,139,63,118,48,194,29,198,174,184,35,3,169,72,163,25,51,50,190,10,130,113,156,71,44,138,37,94,173,18,131,110,81,153,101,100,30,134,148,11,97,58,158,43,7,0,62,68,123,6,137,60,54,151,119,187,39,107,55,14,13,111,52,89,75,80,45,162,53,183,69,159,164,90,28,155,73,99,106,136,132,152,102,170,172,86,76,133,85,104,17,8,16,56,21,108,192,40,15,9,33,154,122,179,195,185,127,96,171,141,98,114,64,79,177,27,88,5,186,199,83,59,129,24,95,149,165,181,120,161,115,191,135,146];False
1506;7443;8949;[74,4,144,70,19,87,121,178,2,32,61,84,77,112,34,147,66,157,103,188,93,124,168,31,142,117,167,182,45,65,41,49,78,128,42,57,197,125,145,126,143,160,91,1,150,105,180,196,36,46,140,92,82,23,189,47,175,12,22,26,176,193,109,20,67,166,38,139,63,118,48,194,29,198,174,184,35,3,169,72,163,25,51,50,190,195,130,113,156,116,44,138,37,94,173,18,131,110,81,153,101,100,30,134,148,11,97,58,158,43,7,0,62,68,123,6,137,60,54,151,119,187,39,107,55,14,13,111,52,89,75,80,71,162,53,183,69,159,164,90,28,155,73,99,106,136,132,152,102,170,172,86,76,133,85,104,17,8,16,56,21,108,192,40,15,9,33,154,122,179,165,185,127,96,171,141,98,114,64,79,177,27,88,5,186,199,83,59,129,24,95,149,10,181,120,161,115,191,135,146];False
1629;7318;8947;[34,4,139,70,19,87,121,178,2,32,61,84,77,112,93,147,66,157,103,116,65,124,168,31,142,117,167,182,45,188,41,49,78,128,42,57,197,125,145,126,143,160,91,1,150,105,180,196,36,46,140,92,82,23,189,47,175,12,22,26,176,193,109,20,67,166,38,144,63,118,48,194,29,198,174,184,35,3,169,72,163,25,51,50,190,10,130,113,156,74,44,138,37,94,173,18,131,110,81,153,101,100,30,134,148,11,97,58,158,43,7,0,62,68,123,6,137,60,54,151,119,187,39,107,55,14,13,111,52,89,75,80,71,162,53,183,69,159,164,90,28,155,73,99,106,136,132,152,102,170,172,86,76,133,85,104,17,8,16,56,21,108,192,40,15,9,33,154,122,179,195,185,127,96,171,141,98,114,64,79,177,27,88,5,186,199,83,59,129,24,95,149,165,181,120,161,115,191,135,146];False
1632;7306;8938;[34,4,144,70,19,87,121,178,91,32,61,84,77,112,93,147,66,157,103,116,65,124,168,31,142,117,167,182,45,188,41,49,78,128,42,57,197,125,145,126,143,160,2,1,150,105,180,196,36,46,140,92,82,23,189,47,175,12,22,26,176,193,109,20,67,166,38,139,63,118,48,194,29,198,174,184,35,3,169,72,163,25,51,50,190,10,130,113,156,74,44,138,37,94,173,18,131,110,81,153,101,100,30,134,148,11,97,58,158,43,7,0,62,68,123,6,137,60,54,151,119,187,39,107,55,14,13,111,52,89,75,80,71,162,53,183,69,159,164,90,28,155,73,99,106,136,132,152,102,170,172,86,76,133,85,104,17,8,16,56,21,108,192,40,15,9,33,154,122,179,195,185,127,96,171,141,98,114,64,79,177,27,88,5,186,199,83,59,129,24,95,149,165,181,120,161,115,191,135,146];False
1627;7315;8942;[34,4,144,70,19,87,121,178,191,32,61,84,77,112,93,147,66,157,103,116,65,124,168,31,142,117,167,182,45,188,41,49,78,128,42,57,197,125,145,126,143,160,91,1,150,105,180,196,36,46,140,92,82,23,189,47,175,12,22,26,176,193,109,20,67,166,38,139,63,118,48,194,29,198,174,184,35,3,169,72,163,25,51,50,190,10,130,113,156,74,44,138,37,94,173,18,131,110,81,153,101,100,30,134,148,11,97,58,158,43,7,0,62,68,123,6,137,60,54,151,119,187,39,107,55,14,13,111,52,89,75,80,71,162,53,183,69,159,164,90,28,155,73,99,106,136,132,152,102,170,172,86,76,133,85,104,17,8,16,56,21,108,192,40,15,9,33,154,122,179,195,185,127,96,171,141,98,114,64,79,177,27,88,5,186,199,83,59,129,24,95,149,165,181,120,161,115,2,135,146];False
1582;7317;8899;[34,4,144,70,19,87,121,178,2,169,61,84,77,112,93,147,66,157,103,116,65,124,168,31,142,117,167,182,45,188,41,49,78,128,42,57,197,125,145,126,143,160,91,1,150,105,180,196,36,46,140,92,82,23,189,47,175,12,22,26,176,193,109,20,67,166,38,139,63,118,48,194,29,198,174,184,35,3,32,72,163,25,51,50,190,10,130,113,156,74,44,138,37,94,173,18,131,110,81,153,101,100,30,134,148,11,97,58,158,43,7,0,62,68,123,6,137,60,54,151,119,187,39,107,55,14,13,111,52,89,75,80,71,162,53,183,69,159,164,90,28,155,73,99,106,136,132,152,102,170,172,86,76,133,85,104,17,8,16,56,21,108,192,40,15,9,33,154,122,179,195,185,127,96,171,141,98,114,64,79,177,27,88,5,186,199,83,59,129,24,95,149,165,181,120,161,115,191,135,146];False
1626;7316;8942;[34,4,144,70,19,87,121,178,2,32,61,84,77,52,93,147,66,157,103,116,65,124,168,31,142,117,167,182,45,188,41,49,78,128,42,57,197,125,145,126,143,160,91,1,150,105,180,196,36,46,140,92,82,23,189,47,175,12,22,26,176,193,109,20,67,166,38,139,63,118,48,194,29,198,174,184,35,3,169,72,163,25,51,50,190,10,130,113,156,74,44,138,37,94,173,18,131,110,81,153,101,100,30,134,148,11,97,58,158,43,7,0,62,68,123,6,137,60,54,151,119,187,39,107,55,14,13,111,112,89,75,80,71,162,53,183,69,159,164,90,28,155,73,99,106,136,132,152,102,170,172,86,76,133,85,104,17,8,16,56,21,108,192,40,15,9,33,154,122,179,195,185,127,96,171,141,98,114,64,79,177,27,88,5,186,199,83,59,129,24,95,149,165,181,120,161,115,191,135,146];False
1573;7325;8898;[34,4,144,70,19,87,121,178,2,32,61,84,77,112,93,147,66,157,103,116,65,124,168,31,142,117,167,182,45,188,196,49,78,128,42,57,197,125,145,126,143,160,91,1,150,105,180,41,36,46,140,92,82,23,189,47,175,12,22,26,176,193,109,20,67,166,38,139,63,118,48,194,29,198,174,184,35,3,169,72,163,25,51,50,190,10,130,113,156,74,44,138,37,94,173,18,131,110,81,153,101,100,30,134,148,11,97,58,158,43,7,0,62,68,123,6,137,60,54,151,119,187,39,107,55,14,13,111,52,89,75,80,71,162,53,183,69,159,164,90,28,155,73,99,106,136,132,152,102,170,172,86,76,133,85,104,17,8,16,56,21,108,192,40,15,9,33,154,122,179,195,185,127,96,171,141,98,114,64,79,177,27,88,5,186,199,83,59,129,24,95,149,165,181,120,161,115,191,135,146];False
1615;7313;8928;[34,4,144,70,19,87,121,178,2,32,61,84,77,112,93,147,66,157,103,116,65,124,168,31,142,117,167,182,45,188,41,49,78,128,42,57,197,125,145,126,20,160,91,1,150,105,180,196,36,46,140,92,82,23,189,47,175,12,22,26,176,193,109,143,67,166,38,139,63,118,48,194,29,198,174,184,35,3,169,72,163,25,51,50,190,10,130,113,156,74,44,138,37,94,173,18,131,110,81,153,101,100,30,134,148,11,97,58,158,43,7,0,62,68,123,6,137,60,54,151,119,187,39,107,55,14,13,111,52,89,75,80,71,162,53,183,69,159,164,90,28,155,73,99,106,136,132,152,102,170,172,86,76,133,85,104,17,8,16,56,21,108,192,40,15,9,33,154,122,179,195,185,127,96,171,141,98,114,64,79,177,27,88,5,186,199,83,59,129,24,95,149,165,181,120,161,115,191,135,146];False
1630;7303;8933;[34,4,144,70,19,87,121,178,2,32,61,84,77,112,93,147,66,157,103,116,65,124,168,31,142,117,167,182,45,188,41,49,78,128,42,57,197,125,145,126,143,160,91,1,150,105,180,196,36,46,140,92,82,23,141,47,175,12,22,26,176,193,109,20,67,166,38,139,63,118,48,194,29,198,174,184,35,3,169,72,163,25,51,50,190,10,130,113,156,74,44,138,37,94,173,18,131,110,81,153,101,100,30,134,148,11,97,58,158,43,7,0,62,68,123,6,137,60,54,151,119,187,39,107,55,14,13,111,52,89,75,80,71,162,53,183,69,159,164,90,28,155,73,99,106,136,132,152,102,170,172,86,76,133,85,104,17,8,16,56,21,108,192,40,15,9,33,154,122,179,195,185,127,96,171,189,98,114,64,79,177,27,88,5,186,199,83,59,129,24,95,149,165,181,120,161,115,191,135,146];False
1662;7290;8952;[34,4,144,70,19,87,121,178,2,32,61,84,77,112,93,147,66,157,103,116,65,124,168,31,142,117,167,182,45,188,41,49,78,128,42,57,197,125,145,126,143,160,91,1,150,105,180,196,36,46,140,92,82,23,189,195,175,12,22,26,176,193,109,20,67,166,38,139,63,118,48,194,29,198,174,184,35,3,169,72,163,25,51,50,190,10,130,113,156,74,44,138,37,94,173,18,131,110,81,153,101,100,30,134,148,11,97,58,158,43,7,0,62,68,123,6,137,60,54,151,119,187,39,107,55,14,13,111,52,89,75,80,71,162,53,183,69,159,164,90,28,155,73,99,106,136,132,152,102,170,172,86,76,133,85,104,17,8,16,56,21,108,192,40,15,9,33,154,122,179,47,185,127,96,171,141,98,114,64,79,177,27,88,5,186,199,83,59,129,24,95,149,165,181,120,161,115,191,135,146];False
1617;7307;8924;[34,4,144,70,19,87,121,178,2,32,61,84,77,112,93,147,66,157,103,116,65,124,168,31,142,117,167,182,45,188,41,49,78,128,42,57,197,125,145,126,143,160,91,1,150,105,180,196,36,46,140,92,82,23,189,98,175,12,22,26,176,193,109,20,67,166,38,139,63,118,48,194,29,198,174,184,35,3,169,72,163,25,51,50,190,10,130,113,156,74,44,138,37,94,173,18,131,110,81,153,101,100,30,134,148,11,97,58,158,43,7,0,62,68,123,6,137,60,54,151,119,187,39,107,55,14,13,111,52,89,75,80,71,162,53,183,69,159,164,90,28,155,73,99,106,136,132,152,102,170,172,86,76,133,85,104,17,8,16,56,21,108,192,40,15,9,33,154,122,179,195,185,127,96,171,141,47,114,64,79,177,27,88,5,186,199,83,59,129,24,95,149,165,181,120,161,115,191,135,146];False
1628;7301;8929;[34,4,144,70,19,87,121,178,2,32,61,84,77,112,93,147,66,157,103,116,65,124,168,31,142,117,167,182,45,188,41,49,78,128,42,57,197,125,145,126,143,160,91,1,150,105,180,196,36,46,140,92,82,23,189,47,175,12,22,26,176,193,109,20,67,166,38,139,63,118,48,194,29,198,174,184,35,3,169,72,163,25,51,50,190,10,130,113,156,74,44,138,37,94,173,18,131,110,81,153,80,100,30,134,148,11,97,58,158,43,7,0,62,68,123,6,137,60,54,151,119,187,39,107,55,14,13,111,52,89,75,101,71,162,53,183,69,159,164,90,28,155,73,99,106,136,132,152,102,170,172,86,76,133,85,104,17,8,16,56,21,108,192,40,15,9,33,154,122,179,195,185,127,96,171,141,98,114,64,79,177,27,88,5,186,199,83,59,129,24,95,149,165,181,120,161,115,191,135,146];False
1603;7303;8906;[34,4,144,70,19,87,121,178,2,32,61,84,77,112,93,147,66,157,103,116,65,124,168,31,142,117,167,182,45,188,41,49,78,128,42,57,197,125,145,126,143,160,91,1,150,105,180,196,36,46,140,92,82,23,189,47,175,12,22,26,176,193,109,20,67,166,38,139,63,118,48,194,29,198,174,184,35,3,169,72,163,25,51,50,190,10,130,113,156,74,44,138,37,94,173,18,131,110,81,153,101,100,30,134,148,11,97,58,158,43,7,0,181,68,123,6,137,60,54,151,119,187,39,107,55,14,13,111,52,89,75,80,71,162,53,183,69,159,164,90,28,155,73,99,106,136,132,152,102,170,172,86,76,133,85,104,17,8,16,56,21,108,192,40,15,9,33,154,122,179,195,185,127,96,171,141,98,114,64,79,177,27,88,5,186,199,83,59,129,24,95,149,165,62,120,161,115,191,135,146];False
1520;7426;8946;[74,4,144,70,19,87,121,178,2,169,61,84,77,112,34,147,66,157,103,188,93,124,168,31,142,117,45,182,167,143,41,49,78,128,42,57,197,125,145,126,65,160,91,1,150,105,180,196,36,46,140,92,82,23,189,47,175,12,22,26,176,193,109,20,67,166,38,139,63,118,48,194,29,198,174,184,35,3,32,72,163,25,51,50,190,10,130,113,156,116,44,138,37,94,173,18,131,110,81,153,101,100,30,134,148,11,97,58,158,43,7,0,62,68,123,6,137,60,54,151,119,187,39,107,55,14,13,111,52,89,75,80,71,162,53,183,69,159,164,90,28,155,73,99,106,136,132,152,102,170,172,86,76,133,85,104,17,8,16,56,21,108,192,40,15,9,33,154,122,179,195,185,127,96,171,141,98,114,64,79,177,27,88,5,186,199,83,59,129,24,95,149,165,181,120,161,115,191,135,146];False
1497;7436;8933;[74,4,144,70,19,87,121,178,2,32,61,84,77,112,34,147,66,157,103,188,93,124,168,31,142,117,45,182,167,143,196,49,78,128,42,57,197,125,145,126,65,160,91,1,150,105,180,41,36,46,140,92,82,23,189,47,175,12,22,26,176,193,109,20,67,166,38,139,63,118,48,194,29,198,174,184,35,3,169,72,163,25,51,50,190,10,130,113,156,116,44,138,37,94,173,18,131,110,81,153,101,100,30,134,148,11,97,58,158,43,7,0,62,68,123,6,137,60,54,151,119,187,39,107,55,14,13,111,52,89,75,80,71,162,53,183,69,159,164,90,28,155,73,99,106,136,132,152,102,170,172,86,76,133,85,104,17,8,16,56,21,108,192,40,15,9,33,154,122,179,195,185,127,96,171,141,98,114,64,79,177,27,88,5,186,199,83,59,129,24,95,149,165,181,120,161,115,191,135,146];False
1486;7500;8986;[74,4,144,70,19,87,121,178,2,32,61,84,77,112,34,147,66,157,103,188,93,124,168,31,142,117,45,182,167,143,41,49,78,128,42,57,197,125,145,126,65,160,91,1,150,105,180,196,36,46,140,92,82,23,189,55,175,12,22,26,176,193,109,20,67,166,38,139,63,118,48,194,29,198,174,184,35,3,169,72,163,25,51,50,190,10,130,113,156,116,44,138,37,94,173,18,131,110,81,153,101,100,30,134,148,11,97,58,158,43,7,0,62,68,123,6,137,60,54,151,119,187,39,107,47,14,13,111,52,89,75,80,71,162,53,183,69,159,164,90,28,155,73,99,106,136,132,152,102,170,172,86,76,133,85,104,17,8,16,56,21,108,192,40,15,9,33,154,122,179,195,185,127,96,171,141,98,114,64,79,177,27,88,5,186,199,83,59,129,24,95,149,165,181,120,161,115,191,135,146];False
1559;7359;8918;[74,4,144,70,19,87,121,178,2,169,61,84,77,112,34,147,66,157,103,188,93,124,168,31,142,117,167,182,45,138,41,49,78,128,42,57,197,125,145,126,143,160,91,1,150,105,180,196,36,46,140,92,82,23,189,47,175,12,22,26,176,193,109,20,67,166,38,139,63,118,48,194,29,198,174,184,35,161,32,72,163,25,51,50,190,10,130,113,156,116,44,65,37,94,173,18,131,110,81,153,101,100,30,134,148,11,97,58,158,43,7,0,62,68,123,6,137,60,54,151,119,187,39,107,55,14,13,111,52,89,75,80,71,162,53,183,69,159,164,90,28,155,73,99,106,136,132,152,102,170,172,86,76,133,85,104,17,8,16,56,21,108,192,40,15,9,33,154,122,179,195,185,127,96,171,141,98,114,64,79,177,27,88,5,186,199,83,59,129,24,95,149,165,181,120,3,115,191,135,146];False
1644;7292;8936;[34,4,144,70,19,87,121,178,120,169,61,84,77,112,93,147,66,157,103,116,65,124,168,31,142,117,167,182,45,188,41,49,78,128,42,57,197,125,145,126,143,160,91,1,150,105,180,196,36,46,140,92,82,23,189,47,175,12,22,26,176,193,109,20,67,166,38,139,63,118,48,194,29,198,174,184,35,3,32,72,163,25,51,50,190,10,130,113,156,74,44,138,37,94,173,18,131,110,81,153,101,100,30,134,148,11,97,58,158,43,7,0,62,68,123,6,137,60,54,151,119,187,39,107,55,14,13,111,52,89,75,80,71,162,53,183,69,159,164,90,28,155,73,99,106,136,132,152,102,170,172,86,76,133,85,104,17,8,16,56,21,108,192,40,15,9,33,154,122,179,195,185,127,96,171,141,98,114,64,79,177,27,88,5,186,199,83,59,129,24,95,149,165,181,2,161,115,191,135,146];False
1670;7288;8958;[34,4,144,70,19,87,121,178,2,169,61,84,77,112,93,147,66,157,103,116,65,124,168,31,142,117,167,182,45,188,41,49,78,128,42,57,197,125,145,126,143,160,91,1,150,105,180,196,36,46,140,92,82,23,189,195,175,12,22,26,176,193,109,20,67,166,38,139,63,118,48,194,29,198,174,184,35,3,32,72,163,25,51,50,190,10,130,113,156,74,44,138,37,94,173,18,131,110,81,153,101,100,30,134,148,11,97,58,158,43,7,0,62,68,123,6,137,60,54,151,119,187,39,107,55,14,13,111,52,89,75,80,71,162,53,183,69,159,164,90,28,155,73,99,106,136,132,152,102,170,172,86,76,133,85,104,17,8,16,56,21,108,192,40,15,9,33,154,122,179,47,185,127,96,171,141,98,114,64,79,177,27,88,5,186,199,83,59,129,24,95,149,165,181,120,161,115,191,135,146];False
1597;7308;8905;[34,4,144,70,19,87,121,178,2,169,61,84,77,112,93,147,66,157,103,116,65,124,168,31,142,117,167,182,45,188,41,49,78,128,42,57,197,125,145,126,143,160,91,1,150,105,180,196,36,46,140,92,82,23,189,47,175,12,22,26,176,193,109,20,67,166,38,139,63,118,48,194,29,198,174,184,35,161,32,72,163,25,51,50,190,10,130,113,156,74,44,138,37,94,173,18,131,110,81,153,101,100,30,134,148,11,97,58,158,43,7,0,62,68,123,6,137,60,54,151,119,187,39,107,55,14,13,111,52,89,75,80,71,162,53,183,69,159,164,90,28,155,73,99,106,136,132,152,102,170,172,86,76,133,85,104,17,8,16,56,21,108,192,40,15,9,33,154,122,179,195,185,127,96,171,141,98,114,64,79,177,27,88,5,186,199,83,59,129,24,95,149,165,181,120,3,115,191,135,146];False
1636;7299;8935;[34,4,144,70,19,87,121,178,2,169,61,84,77,112,93,147,66,157,103,116,65,124,168,31,142,117,167,182,45,188,41,49,78,128,42,57,197,125,145,126,143,160,91,1,150,105,180,196,36,46,140,92,82,23,189,47,175,12,22,26,176,193,109,20,67,166,38,139,63,118,48,194,29,198,174,184,35,3,32,72,163,25,51,50,190,10,130,113,156,74,44,138,37,94,173,18,131,110,81,153,80,100,30,134,148,11,97,58,158,43,7,0,62,68,123,6,137,60,54,151,119,187,39,107,55,14,13,111,52,89,75,101,71,162,53,183,69,159,164,90,28,155,73,99,106,136,132,152,102,170,172,86,76,133,85,104,17,8,16,56,21,108,192,40,15,9,33,154,122,179,195,185,127,96,171,141,98,114,64,79,177,27,88,5,186,199,83,59,129,24,95,149,165,181,120,161,115,191,135,146];False
1611;7301;8912;[34,4,144,70,19,87,121,178,2,169,61,84,77,112,93,147,66,157,103,116,65,124,168,31,142,117,167,182,45,188,41,49,78,128,42,57,197,125,145,126,143,160,91,1,150,105,180,196,36,46,140,92,82,23,189,47,175,12,22,26,176,193,109,20,67,166,38,139,63,118,48,194,29,198,174,184,35,3,32,72,163,25,51,50,190,10,130,113,156,74,44,138,37,94,173,18,131,110,81,153,101,100,30,134,148,11,97,58,158,43,7,0,181,68,123,6,137,60,54,151,119,187,39,107,55,14,13,111,52,89,75,80,71,162,53,183,69,159,164,90,28,155,73,99,106,136,132,152,102,170,172,86,76,133,85,104,17,8,16,56,21,108,192,40,15,9,33,154,122,179,195,185,127,96,171,141,98,114,64,79,177,27,88,5,186,199,83,59,129,24,95,149,165,62,120,161,115,191,135,146];False
1559;7340;8899;[34,4,144,70,196,87,121,178,2,32,61,84,77,112,93,147,66,157,103,116,65,124,168,31,142,117,167,182,45,188,19,49,78,128,42,57,197,125,145,126,143,160,91,1,150,105,180,41,36,46,140,92,82,23,189,47,175,12,22,26,176,193,109,20,67,166,38,139,63,118,48,194,29,198,174,184,35,3,169,72,163,25,51,50,190,10,130,113,156,74,44,138,37,94,173,18,131,110,81,153,101,100,30,134,148,11,97,58,158,43,7,0,62,68,123,6,137,60,54,151,119,187,39,107,55,14,13,111,52,89,75,80,71,162,53,183,69,159,164,90,28,155,73,99,106,136,132,152,102,170,172,86,76,133,85,104,17,8,16,56,21,108,192,40,15,9,33,154,122,179,195,185,127,96,171,141,98,114,64,79,177,27,88,5,186,199,83,59,129,24,95,149,165,181,120,161,115,191,135,146];False
1623;7295;8918;[34,4,144,70,19,87,121,178,2,32,61,84,77,112,93,147,66,157,103,116,65,124,168,31,142,117,167,182,45,188,41,49,78,128,42,57,197,125,145,126,143,160,91,1,150,105,180,196,36,46,140,92,82,23,189,195,175,12,22,26,176,193,109,20,67,166,38,139,63,118,48,194,29,198,174,184,35,3,169,72,163,25,51,50,190,10,130,113,156,74,44,138,37,94,173,18,131,110,81,153,101,100,30,134,148,11,97,58,158,43,7,0,62,68,123,6,137,60,54,151,119,187,39,107,55,14,13,111,52,89,75,80,71,162,53,183,69,159,164,90,28,155,73,99,106,136,132,152,102,170,172,86,76,133,85,104,17,8,16,56,21,108,192,40,15,9,33,154,122,179,27,185,127,96,171,141,98,114,64,79,177,47,88,5,186,199,83,59,129,24,95,149,165,181,120,161,115,191,135,146];False
1661;7290;8951;[34,4,144,70,19,87,121,178,91,32,61,84,77,112,93,147,66,157,103,116,65,124,168,31,142,117,167,182,45,188,41,49,78,128,42,57,197,125,145,126,143,160,2,1,150,105,180,196,36,46,140,92,82,23,189,47,175,12,22,26,176,193,109,20,67,166,38,139,63,118,48,194,29,198,174,184,35,3,169,72,163,25,51,50,190,10,130,113,156,74,44,138,37,94,173,18,131,110,81,153,101,100,30,134,148,11,97,58,158,43,7,0,181,68,123,6,137,60,54,151,119,187,39,107,55,14,13,111,52,89,75,80,71,162,53,183,69,159,164,90,28,155,73,99,106,136,132,152,102,170,172,86,76,133,85,104,17,8,16,56,21,108,192,40,15,9,33,154,122,179,195,185,127,96,171,141,98,114,64,79,177,27,88,5,186,199,83,59,129,24,95,149,165,62,120,161,115,191,135,146];False
1659;7287;8946;[34,4,144,70,19,87,121,178,2,32,61,84,77,112,93,147,66,157,103,116,65,124,168,31,142,117,167,182,45,188,41,49,78,128,42,57,197,125,145,126,143,160,91,1,150,105,180,196,36,46,140,92,82,23,141,47,175,12,22,26,176,193,109,20,67,166,38,139,63,118,48,194,29,198,174,184,35,3,169,72,163,25,51,50,190,10,130,113,156,74,44,138,37,94,173,18,131,110,81,153,101,100,30,134,148,11,97,58,158,43,7,0,181,68,123,6,137,60,54,151,119,187,39,107,55,14,13,111,52,89,75,80,71,162,53,183,69,159,164,90,28,155,73,99,106,136,132,152,102,170,172,86,76,133,85,104,17,8,16,56,21,108,192,40,15,9,33,154,122,179,195,185,127,96,171,189,98,114,64,79,177,27,88,5,186,199,83,59,129,24,95,149,165,62,120,161,115,191,135,146];False
1646;7291;8937;[34,4,144,70,19,87,121,178,2,32,61,84,77,112,93,147,66,157,103,116,65,124,168,31,142,117,167,182,45,188,41,49,78,128,42,57,197,125,145,126,143,160,91,1,150,105,180,196,36,46,140,92,82,23,189,98,175,12,22,26,176,193,109,20,67,166,38,139,63,118,48,194,29,198,174,184,35,3,169,72,163,25,51,50,190,10,130,113,156,74,44,138,37,94,173,18,131,110,81,153,101,100,30,134,148,11,97,58,158,43,7,0,181,68,123,6,137,60,54,151,119,187,39,107,55,14,13,111,52,89,75,80,71,162,53,183,69,159,164,90,28,155,73,99,106,136,132,152,102,170,172,86,76,133,85,104,17,8,16,56,21,108,192,40,15,9,33,154,122,179,195,185,127,96,171,141,47,114,64,79,177,27,88,5,186,199,83,59,129,24,95,149,165,62,120,161,115,191,135,146];False
1657;7285;8942;[34,4,144,70,19,87,121,178,2,32,61,84,77,112,93,147,66,157,103,116,65,124,168,31,142,117,167,182,45,188,41,49,78,128,42,57,197,125,145,126,143,160,91,1,150,105,180,196,36,46,140,92,82,23,189,47,175,12,22,26,176,193,109,20,67,166,38,139,63,118,48,194,29,198,174,184,35,3,169,72,163,25,51,50,190,10,130,113,156,74,44,138,37,94,173,18,131,110,81,153,80,100,30,134,148,11,97,58,158,43,7,0,181,68,123,6,137,60,54,151,119,187,39,107,55,14,13,111,52,89,75,101,71,162,53,183,69,159,164,90,28,155,73,99,106,136,132,152,102,170,172,86,76,133,85,104,17,8,16,56,21,108,192,40,15,9,33,154,122,179,195,185,127,96,171,141,98,114,64,79,177,27,88,5,186,199,83,59,129,24,95,149,165,62,120,161,115,191,135,146];False
1505;7434;8939;[74,4,144,70,19,87,121,178,2,169,61,84,77,112,34,147,66,157,103,188,93,124,168,31,142,117,45,182,167,143,196,49,78,128,42,57,197,125,145,126,65,160,91,1,150,105,180,41,36,46,140,92,82,23,189,47,175,12,22,26,176,193,109,20,67,166,38,139,63,118,48,194,29,198,174,184,35,3,32,72,163,25,51,50,190,10,130,113,156,116,44,138,37,94,173,18,131,110,81,153,101,100,30,134,148,11,97,58,158,43,7,0,62,68,123,6,137,60,54,151,119,187,39,107,55,14,13,111,52,89,75,80,71,162,53,183,69,159,164,90,28,155,73,99,106,136,132,152,102,170,172,86,76,133,85,104,17,8,16,56,21,108,192,40,15,9,33,154,122,179,195,185,127,96,171,141,98,114,64,79,177,27,88,5,186,199,83,59,129,24,95,149,165,181,120,161,115,191,135,146];False
1494;7498;8992;[74,4,144,70,19,87,121,178,2,169,61,84,77,112,34,147,66,157,103,188,93,124,168,31,142,117,45,182,167,143,41,49,78,128,42,57,197,125,145,126,65,160,91,1,150,105,180,196,36,46,140,92,82,23,189,55,175,12,22,26,176,193,109,20,67,166,38,139,63,118,48,194,29,198,174,184,35,3,32,72,163,25,51,50,190,10,130,113,156,116,44,138,37,94,173,18,131,110,81,153,101,100,30,134,148,11,97,58,158,43,7,0,62,68,123,6,137,60,54,151,119,187,39,107,47,14,13,111,52,89,75,80,71,162,53,183,69,159,164,90,28,155,73,99,106,136,132,152,102,170,172,86,76,133,85,104,17,8,16,56,21,108,192,40,15,9,33,154,122,179,195,185,127,96,171,141,98,114,64,79,177,27,88,5,186,199,83,59,129,24,95,149,165,181,120,161,115,191,135,146];False
1508;7431;8939;[180,4,144,70,19,87,121,178,2,32,61,84,77,112,34,147,66,157,103,188,93,124,168,31,142,117,45,182,167,143,196,49,78,128,42,57,197,125,145,126,65,160,91,1,150,105,74,41,36,46,140,92,82,23,189,47,175,12,22,26,176,193,109,20,67,166,38,139,63,118,48,194,29,198,174,184,35,3,169,72,163,25,51,50,190,10,130,113,156,116,44,138,37,94,173,18,131,110,81,153,101,100,30,134,148,11,97,58,158,43,7,0,62,68,123,6,137,60,54,151,119,187,39,107,55,14,13,111,52,89,75,80,71,162,53,183,69,159,164,90,28,155,73,99,106,136,132,152,102,170,172,86,76,133,85,104,17,8,16,56,21,108,192,40,15,9,33,154,122,179,195,185,127,96,171,141,98,114,64,79,177,27,88,5,186,199,83,59,129,24,95,149,165,181,120,161,115,191,135,146];False
1482;7522;9004;[74,4,144,78,19,87,121,178,2,32,61,84,77,112,34,147,66,157,103,188,93,124,168,31,142,117,45,182,167,143,196,49,70,128,42,57,197,125,145,126,65,160,91,1,150,105,180,41,36,46,140,92,82,23,189,47,175,12,22,26,176,193,109,20,67,166,38,139,63,118,48,194,29,198,174,184,35,3,169,72,163,25,51,50,190,10,130,113,156,116,44,138,37,94,173,18,131,110,81,153,101,100,30,134,148,11,97,58,158,43,7,0,62,68,123,6,137,60,54,151,119,187,39,107,55,14,13,111,52,89,75,80,71,162,53,183,69,159,164,90,28,155,73,99,106,136,132,152,102,170,172,86,76,133,85,104,17,8,16,56,21,108,192,40,15,9,33,154,122,179,195,185,127,96,171,141,98,114,64,79,177,27,88,5,186,199,83,59,129,24,95,149,165,181,120,161,115,191,135,146];False
1493;7474;8967;[74,4,144,70,194,87,121,178,2,32,61,84,77,112,34,147,66,157,103,188,93,124,168,31,142,117,45,182,167,143,196,49,78,128,42,57,197,125,145,126,65,160,91,1,150,105,180,41,36,46,140,92,82,23,189,47,175,12,22,26,176,193,109,20,67,166,38,139,63,118,48,19,29,198,174,184,35,3,169,72,163,25,51,50,190,10,130,113,156,116,44,138,37,94,173,18,131,110,81,153,101,100,30,134,148,11,97,58,158,43,7,0,62,68,123,6,137,60,54,151,119,187,39,107,55,14,13,111,52,89,75,80,71,162,53,183,69,159,164,90,28,155,73,99,106,136,132,152,102,170,172,86,76,133,85,104,17,8,16,56,21,108,192,40,15,9,33,154,122,179,195,185,127,96,171,141,98,114,64,79,177,27,88,5,186,199,83,59,129,24,95,149,165,181,120,161,115,191,135,146];False
1496;7466;8962;[74,4,144,70,19,87,121,178,2,32,61,84,77,112,34,147,66,157,103,188,93,124,168,31,142,117,45,182,167,143,149,49,78,128,42,57,197,125,145,126,65,160,91,1,150,105,180,41,36,46,140,92,82,23,189,47,175,12,22,26,176,193,109,20,67,166,38,139,63,118,48,194,29,198,174,184,35,3,169,72,163,25,51,50,190,10,130,113,156,116,44,138,37,94,173,18,131,110,81,153,101,100,30,134,148,11,97,58,158,43,7,0,62,68,123,6,137,60,54,151,119,187,39,107,55,14,13,111,52,89,75,80,71,162,53,183,69,159,164,90,28,155,73,99,106,136,132,152,102,170,172,86,76,133,85,104,17,8,16,56,21,108,192,40,15,9,33,154,122,179,195,185,127,96,171,141,98,114,64,79,177,27,88,5,186,199,83,59,129,24,95,196,165,181,120,161,115,191,135,146];False
1471;7508;8979;[74,4,144,70,19,87,121,178,2,32,61,84,77,112,34,147,66,157,103,188,93,124,168,31,142,117,45,182,167,143,196,49,78,128,42,57,197,125,145,126,65,160,91,1,150,105,180,41,36,46,140,92,82,23,189,55,175,12,22,26,176,193,109,20,67,166,38,139,63,118,48,194,29,198,174,184,35,3,169,72,163,25,51,50,190,10,130,113,156,116,44,138,37,94,173,18,131,110,81,153,101,100,30,134,148,11,97,58,158,43,7,0,62,68,123,6,137,60,54,151,119,187,39,107,47,14,13,111,52,89,75,80,71,162,53,183,69,159,164,90,28,155,73,99,106,136,132,152,102,170,172,86,76,133,85,104,17,8,16,56,21,108,192,40,15,9,33,154,122,179,195,185,127,96,171,141,98,114,64,79,177,27,88,5,186,199,83,59,129,24,95,149,165,181,120,161,115,191,135,146];False
1483;7498;8981;[74,4,144,70,19,87,121,178,2,32,61,84,77,112,34,147,66,157,103,188,93,124,168,31,142,117,45,182,167,143,196,49,78,128,42,57,197,125,145,126,65,160,91,1,150,105,180,41,36,46,140,92,82,23,189,47,175,12,22,131,176,193,109,20,67,166,38,139,63,118,48,194,29,198,174,184,35,3,169,72,163,25,51,50,190,10,130,113,156,116,44,138,37,94,173,18,26,110,81,153,101,100,30,134,148,11,97,58,158,43,7,0,62,68,123,6,137,60,54,151,119,187,39,107,55,14,13,111,52,89,75,80,71,162,53,183,69,159,164,90,28,155,73,99,106,136,132,152,102,170,172,86,76,133,85,104,17,8,16,56,21,108,192,40,15,9,33,154,122,179,195,185,127,96,171,141,98,114,64,79,177,27,88,5,186,199,83,59,129,24,95,149,165,181,120,161,115,191,135,146];False
1491;7489;8980;[74,4,144,70,19,87,121,178,2,32,61,84,77,112,34,147,66,157,103,188,93,124,168,31,142,117,45,182,167,143,196,49,78,128,42,57,197,125,145,126,65,160,91,1,150,105,180,41,36,46,140,92,82,23,189,47,175,12,22,26,176,193,109,20,67,166,38,139,63,118,48,194,29,198,174,184,35,3,169,72,163,25,51,50,190,10,130,113,156,116,44,138,37,94,173,18,131,110,81,153,101,100,30,134,148,11,97,58,158,43,7,0,62,68,123,6,137,60,54,151,119,187,39,107,55,14,13,111,52,89,75,80,71,162,53,183,69,159,90,164,28,155,73,99,106,136,132,152,102,170,172,86,76,133,85,104,17,8,16,56,21,108,192,40,15,9,33,154,122,179,195,185,127,96,171,141,98,114,64,79,177,27,88,5,186,199,83,59,129,24,95,149,165,181,120,161,115,191,135,146];False
1491;7465;8956;[74,4,144,70,19,87,121,178,2,32,61,84,77,112,34,147,66,157,103,188,93,124,168,31,142,117,45,182,167,143,196,49,78,128,42,57,197,125,145,126,65,160,91,1,150,105,180,41,36,46,140,92,82,23,189,47,175,12,22,26,176,193,109,20,67,166,38,139,63,118,48,194,29,198,174,184,35,3,169,72,163,25,51,50,190,10,130,113,156,116,44,138,37,94,173,18,131,110,81,153,101,100,30,134,148,11,97,58,158,43,7,0,62,68,123,6,137,60,54,151,119,187,39,107,55,14,13,111,52,89,75,80,71,162,53,183,69,159,164,90,28,155,73,99,106,136,132,152,102,170,172,86,76,133,85,104,17,8,16,56,21,108,192,40,15,9,33,154,122,179,165,185,127,96,171,141,98,114,64,79,177,27,88,5,186,199,83,59,129,24,95,149,195,181,120,161,115,191,135,146];False
1591;7311;8902;[34,4,144,70,19,87,121,178,2,169,182,84,77,112,93,147,66,157,103,116,65,124,168,31,142,117,167,61,45,188,41,49,78,128,42,57,197,125,145,126,143,160,91,1,150,105,180,196,36,46,140,92,82,23,189,47,175,12,22,26,176,193,109,20,67,166,38,139,63,118,48,194,29,198,174,184,35,161,32,72,163,25,51,50,190,10,130,113,156,74,44,138,37,94,173,18,131,110,81,153,101,100,30,134,148,11,97,58,158,43,7,0,62,68,123,6,137,60,54,151,119,187,39,107,55,14,13,111,52,89,75,80,71,162,53,183,69,159,164,90,28,155,73,99,106,136,132,152,102,170,172,86,76,133,85,104,17,8,16,56,21,108,192,40,15,9,33,154,122,179,195,185,127,96,171,141,98,114,64,79,177,27,88,5,186,199,83,59,129,24,95,149,165,181,120,3,115,191,135,146];False
1651;7290;8941;[34,4,144,70,19,87,121,178,2,169,61,84,77,112,93,147,66,157,103,116,65,124,168,31,142,117,167,182,45,188,41,49,78,128,42,57,197,125,145,126,143,160,91,1,150,105,180,196,36,46,140,92,82,23,189,47,175,12,22,26,176,193,109,20,67,166,38,139,63,118,48,194,29,198,174,184,35,161,32,72,163,25,51,50,190,10,130,113,156,74,44,138,37,94,173,18,131,110,81,153,80,100,30,134,148,11,97,58,158,43,7,0,62,68,123,6,137,60,54,151,119,187,39,107,55,14,13,111,52,89,75,101,71,162,53,183,69,159,164,90,28,155,73,99,106,136,132,152,102,170,172,86,76,133,85,104,17,8,16,56,21,108,192,40,15,9,33,154,122,179,195,185,127,96,171,141,98,114,64,79,177,27,88,5,186,199,83,59,129,24,95,149,165,181,120,3,115,191,135,146];False
1626;7292;8918;[34,4,144,70,19,87,121,178,2,169,61,84,77,112,93,147,66,157,103,116,65,124,168,31,142,117,167,182,45,188,41,49,78,128,42,57,197,125,145,126,143,160,91,1,150,105,180,196,36,46,140,92,82,23,189,47,175,12,22,26,176,193,109,20,67,166,38,139,63,118,48,194,29,198,174,184,35,161,32,72,163,25,51,50,190,10,130,113,156,74,44,138,37,94,173,18,131,110,81,153,101,100,30,134,148,11,97,58,158,43,7,0,181,68,123,6,137,60,54,151,119,187,39,107,55,14,13,111,52,89,75,80,71,162,53,183,69,159,164,90,28,155,73,99,106,136,132,152,102,170,172,86,76,133,85,104,17,8,16,56,21,108,192,40,15,9,33,154,122,179,195,185,127,96,171,141,98,114,64,79,177,27,88,5,186,199,83,59,129,24,95,149,165,62,120,3,115,191,135,146];False
1654;7289;8943;[34,4,144,70,19,87,121,178,2,169,61,84,77,112,93,147,66,157,103,116,65,124,168,31,142,117,167,182,45,188,41,49,78,128,42,57,197,125,145,126,143,160,91,1,150,105,180,196,36,46,140,92,82,23,189,98,175,12,22,26,176,193,109,20,67,166,38,139,63,118,48,194,29,198,174,184,35,3,32,72,163,25,51,50,190,10,130,113,156,74,44,138,37,94,173,18,131,110,81,153,101,100,30,134,148,11,97,58,158,43,7,0,181,68,123,6,137,60,54,151,119,187,39,107,55,14,13,111,52,89,75,80,71,162,53,183,69,159,164,90,28,155,73,99,106,136,132,152,102,170,172,86,76,133,85,104,17,8,16,56,21,108,192,40,15,9,33,154,122,179,195,185,127,96,171,141,47,114,64,79,177,27,88,5,186,199,83,59,129,24,95,149,165,62,120,161,115,191,135,146];False
1665;7283;8948;[34,4,144,70,19,87,121,178,2,169,61,84,77,112,93,147,66,157,103,116,65,124,168,31,142,117,167,182,45,188,41,49,78,128,42,57,197,125,145,126,143,160,91,1,150,105,180,196,36,46,140,92,82,23,189,47,175,12,22,26,176,193,109,20,67,166,38,139,63,118,48,194,29,198,174,184,35,3,32,72,163,25,51,50,190,10,130,113,156,74,44,138,37,94,173,18,131,110,81,153,80,100,30,134,148,11,97,58,158,43,7,0,181,68,123,6,137,60,54,151,119,187,39,107,55,14,13,111,52,89,75,101,71,162,53,183,69,159,164,90,28,155,73,99,106,136,132,152,102,170,172,86,76,133,85,104,17,8,16,56,21,108,192,40,15,9,33,154,122,179,195,185,127,96,171,141,98,114,64,79,177,27,88,5,186,199,83,59,129,24,95,149,165,62,120,161,115,191,135,146];False
1567;7338;8905;[34,4,144,70,196,87,121,178,2,169,61,84,77,112,93,147,66,157,103,116,65,124,168,31,142,117,167,182,45,188,19,49,78,128,42,57,197,125,145,126,143,160,91,1,150,105,180,41,36,46,140,92,82,23,189,47,175,12,22,26,176,193,109,20,67,166,38,139,63,118,48,194,29,198,174,184,35,3,32,72,163,25,51,50,190,10,130,113,156,74,44,138,37,94,173,18,131,110,81,153,101,100,30,134,148,11,97,58,158,43,7,0,62,68,123,6,137,60,54,151,119,187,39,107,55,14,13,111,52,89,75,80,71,162,53,183,69,159,164,90,28,155,73,99,106,136,132,152,102,170,172,86,76,133,85,104,17,8,16,56,21,108,192,40,15,9,33,154,122,179,195,185,127,96,171,141,98,114,64,79,177,27,88,5,186,199,83,59,129,24,95,149,165,181,120,161,115,191,135,146];False
1677;7277;8954;[34,4,144,70,19,87,121,178,2,32,61,84,77,112,93,147,66,157,103,116,65,124,168,31,142,117,167,182,45,188,41,49,78,128,42,57,197,125,145,126,143,160,91,1,150,105,180,196,36,46,140,92,82,23,189,195,175,12,22,26,176,193,109,20,67,166,38,139,63,118,48,194,29,198,174,184,35,3,169,72,163,25,51,50,190,10,130,113,156,74,44,138,37,94,173,18,131,110,81,153,80,100,30,134,148,11,97,58,158,43,7,0,62,68,123,6,137,60,54,151,119,187,39,107,55,14,13,111,52,89,75,101,71,162,53,183,69,159,164,90,28,155,73,99,106,136,132,152,102,170,172,86,76,133,85,104,17,8,16,56,21,108,192,40,15,9,33,154,122,179,27,185,127,96,171,141,98,114,64,79,177,47,88,5,186,199,83,59,129,24,95,149,165,181,120,161,115,191,135,146];False
1652;7279;8931;[34,4,144,70,19,87,121,178,2,32,61,84,77,112,93,147,66,157,103,116,65,124,168,31,142,117,167,182,45,188,41,49,78,128,42,57,197,125,145,126,143,160,91,1,150,105,180,196,36,46,140,92,82,23,189,195,175,12,22,26,176,193,109,20,67,166,38,139,63,118,48,194,29,198,174,184,35,3,169,72,163,25,51,50,190,10,130,113,156,74,44,138,37,94,173,18,131,110,81,153,101,100,30,134,148,11,97,58,158,43,7,0,181,68,123,6,137,60,54,151,119,187,39,107,55,14,13,111,52,89,75,80,71,162,53,183,69,159,164,90,28,155,73,99,106,136,132,152,102,170,172,86,76,133,85,104,17,8,16,56,21,108,192,40,15,9,33,154,122,179,27,185,127,96,171,141,98,114,64,79,177,47,88,5,186,199,83,59,129,24,95,149,165,62,120,161,115,191,135,146];False
1479;7506;8985;[74,4,144,70,19,87,121,178,2,169,61,84,77,112,34,147,66,157,103,188,93,124,168,31,142,117,45,182,167,143,196,49,78,128,42,57,197,125,145,126,65,160,91,1,150,105,180,41,36,46,140,92,82,23,189,55,175,12,22,26,176,193,109,20,67,166,38,139,63,118,48,194,29,198,174,184,35,3,32,72,163,25,51,50,190,10,130,113,156,116,44,138,37,94,173,18,131,110,81,153,101,100,30,134,148,11,97,58,158,43,7,0,62,68,123,6,137,60,54,151,119,187,39,107,47,14,13,111,52,89,75,80,71,162,53,183,69,159,164,90,28,155,73,99,106,136,132,152,102,170,172,86,76,133,85,104,17,8,16,56,21,108,192,40,15,9,33,154,122,179,195,185,127,96,171,141,98,114,64,79,177,27,88,5,186,199,83,59,129,24,95,149,165,181,120,161,115,191,135,146];False
1520;7425;8945;[74,4,144,70,19,87,121,178,2,169,61,84,77,112,34,147,66,157,103,188,93,124,168,31,142,117,45,182,167,143,196,49,78,128,42,57,197,125,145,126,65,160,91,1,150,105,180,41,36,46,140,92,82,23,189,47,175,12,22,26,176,193,109,20,67,166,38,139,63,118,48,194,29,198,174,184,35,161,32,72,163,25,51,50,190,10,130,113,156,116,44,138,37,94,173,18,131,110,81,153,101,100,30,134,148,11,97,58,158,43,7,0,62,68,123,6,137,60,54,151,119,187,39,107,55,14,13,111,52,89,75,80,71,162,53,183,69,159,164,90,28,155,73,99,106,136,132,152,102,170,172,86,76,133,85,104,17,8,16,56,21,108,192,40,15,9,33,154,122,179,195,185,127,96,171,141,98,114,64,79,177,27,88,5,186,199,83,59,129,24,95,149,165,181,120,3,115,191,135,146];False
1482;7503;8985;[180,4,144,70,19,87,121,178,2,32,61,84,77,112,34,147,66,157,103,188,93,124,168,31,142,117,45,182,167,143,196,49,78,128,42,57,197,125,145,126,65,160,91,1,150,105,74,41,36,46,140,92,82,23,189,55,175,12,22,26,176,193,109,20,67,166,38,139,63,118,48,194,29,198,174,184,35,3,169,72,163,25,51,50,190,10,130,113,156,116,44,138,37,94,173,18,131,110,81,153,101,100,30,134,148,11,97,58,158,43,7,0,62,68,123,6,137,60,54,151,119,187,39,107,47,14,13,111,52,89,75,80,71,162,53,183,69,159,164,90,28,155,73,99,106,136,132,152,102,170,172,86,76,133,85,104,17,8,16,56,21,108,192,40,15,9,33,154,122,179,195,185,127,96,171,141,98,114,64,79,177,27,88,5,186,199,83,59,129,24,95,149,165,181,120,161,115,191,135,146];False
1456;7594;9050;[74,4,144,78,19,87,121,178,2,32,61,84,77,112,34,147,66,157,103,188,93,124,168,31,142,117,45,182,167,143,196,49,70,128,42,57,197,125,145,126,65,160,91,1,150,105,180,41,36,46,140,92,82,23,189,55,175,12,22,26,176,193,109,20,67,166,38,139,63,118,48,194,29,198,174,184,35,3,169,72,163,25,51,50,190,10,130,113,156,116,44,138,37,94,173,18,131,110,81,153,101,100,30,134,148,11,97,58,158,43,7,0,62,68,123,6,137,60,54,151,119,187,39,107,47,14,13,111,52,89,75,80,71,162,53,183,69,159,164,90,28,155,73,99,106,136,132,152,102,170,172,86,76,133,85,104,17,8,16,56,21,108,192,40,15,9,33,154,122,179,195,185,127,96,171,141,98,114,64,79,177,27,88,5,186,199,83,59,129,24,95,149,165,181,120,161,115,191,135,146];False
1467;7546;9013;[74,4,144,70,194,87,121,178,2,32,61,84,77,112,34,147,66,157,103,188,93,124,168,31,142,117,45,182,167,143,196,49,78,128,42,57,197,125,145,126,65,160,91,1,150,105,180,41,36,46,140,92,82,23,189,55,175,12,22,26,176,193,109,20,67,166,38,139,63,118,48,19,29,198,174,184,35,3,169,72,163,25,51,50,190,10,130,113,156,116,44,138,37,94,173,18,131,110,81,153,101,100,30,134,148,11,97,58,158,43,7,0,62,68,123,6,137,60,54,151,119,187,39,107,47,14,13,111,52,89,75,80,71,162,53,183,69,159,164,90,28,155,73,99,106,136,132,152,102,170,172,86,76,133,85,104,17,8,16,56,21,108,192,40,15,9,33,154,122,179,195,185,127,96,171,141,98,114,64,79,177,27,88,5,186,199,83,59,129,24,95,149,165,181,120,161,115,191,135,146];False
1470;7538;9008;[74,4,144,70,19,87,121,178,2,32,61,84,77,112,34,147,66,157,103,188,93,124,168,31,142,117,45,182,167,143,149,49,78,128,42,57,197,125,145,126,65,160,91,1,150,105,180,41,36,46,140,92,82,23,189,55,175,12,22,26,176,193,109,20,67,166,38,139,63,118,48,194,29,198,174,184,35,3,169,72,163,25,51,50,190,10,130,113,156,116,44,138,37,94,173,18,131,110,81,153,101,100,30,134,148,11,97,58,158,43,7,0,62,68,123,6,137,60,54,151,119,187,39,107,47,14,13,111,52,89,75,80,71,162,53,183,69,159,164,90,28,155,73,99,106,136,132,152,102,170,172,86,76,133,85,104,17,8,16,56,21,108,192,40,15,9,33,154,122,179,195,185,127,96,171,141,98,114,64,79,177,27,88,5,186,199,83,59,129,24,95,196,165,181,120,161,115,191,135,146];False
1457;7570;9027;[74,4,144,70,19,87,121,178,2,32,61,84,77,112,34,147,66,157,103,188,93,124,168,31,142,117,45,182,167,143,196,49,78,128,42,57,197,125,145,126,65,160,91,1,150,105,180,41,36,46,140,92,82,23,189,55,175,12,22,131,176,193,109,20,67,166,38,139,63,118,48,194,29,198,174,184,35,3,169,72,163,25,51,50,190,10,130,113,156,116,44,138,37,94,173,18,26,110,81,153,101,100,30,134,148,11,97,58,158,43,7,0,62,68,123,6,137,60,54,151,119,187,39,107,47,14,13,111,52,89,75,80,71,162,53,183,69,159,164,90,28,155,73,99,106,136,132,152,102,170,172,86,76,133,85,104,17,8,16,56,21,108,192,40,15,9,33,154,122,179,195,185,127,96,171,141,98,114,64,79,177,27,88,5,186,199,83,59,129,24,95,149,165,181,120,161,115,191,135,146];False
1465;7561;9026;[74,4,144,70,19,87,121,178,2,32,61,84,77,112,34,147,66,157,103,188,93,124,168,31,142,117,45,182,167,143,196,49,78,128,42,57,197,125,145,126,65,160,91,1,150,105,180,41,36,46,140,92,82,23,189,55,175,12,22,26,176,193,109,20,67,166,38,139,63,118,48,194,29,198,174,184,35,3,169,72,163,25,51,50,190,10,130,113,156,116,44,138,37,94,173,18,131,110,81,153,101,100,30,134,148,11,97,58,158,43,7,0,62,68,123,6,137,60,54,151,119,187,39,107,47,14,13,111,52,89,75,80,71,162,53,183,69,159,90,164,28,155,73,99,106,136,132,152,102,170,172,86,76,133,85,104,17,8,16,56,21,108,192,40,15,9,33,154,122,179,195,185,127,96,171,141,98,114,64,79,177,27,88,5,186,199,83,59,129,24,95,149,165,181,120,161,115,191,135,146];False
1465;7537;9002;[74,4,144,70,19,87,121,178,2,32,61,84,77,112,34,147,66,157,103,188,93,124,168,31,142,117,45,182,167,143,196,49,78,128,42,57,197,125,145,126,65,160,91,1,150,105,180,41,36,46,140,92,82,23,189,55,175,12,22,26,176,193,109,20,67,166,38,139,63,118,48,194,29,198,174,184,35,3,169,72,163,25,51,50,190,10,130,113,156,116,44,138,37,94,173,18,131,110,81,153,101,100,30,134,148,11,97,58,158,43,7,0,62,68,123,6,137,60,54,151,119,187,39,107,47,14,13,111,52,89,75,80,71,162,53,183,69,159,164,90,28,155,73,99,106,136,132,152,102,170,172,86,76,133,85,104,17,8,16,56,21,108,192,40,15,9,33,154,122,179,165,185,127,96,171,141,98,114,64,79,177,27,88,5,186,199,83,59,129,24,95,149,195,181,120,161,115,191,135,146];False
1476;7489;8965;[74,4,144,70,19,87,121,178,2,32,61,84,77,112,34,147,66,157,103,188,93,124,168,31,142,117,45,182,149,143,196,49,78,128,42,57,197,125,145,126,65,160,91,1,150,105,180,41,36,46,140,92,82,23,189,47,175,12,22,26,176,193,109,20,67,166,38,139,63,118,48,194,29,198,174,184,35,3,169,72,163,25,51,50,190,10,130,113,156,116,44,138,37,94,173,18,131,110,81,153,101,100,30,134,148,11,97,58,158,43,7,0,62,68,123,6,137,60,54,151,119,187,39,107,55,14,13,111,52,89,75,80,71,162,53,183,69,159,164,90,28,155,73,99,106,136,132,152,102,170,172,86,76,133,85,104,17,8,16,56,21,108,192,40,15,9,33,154,122,179,165,185,127,96,171,141,98,114,64,79,177,27,88,5,186,199,83,59,129,24,95,167,195,181,120,161,115,191,135,146];False
1460;7488;8948;[74,4,144,70,19,87,121,178,2,32,61,84,77,112,34,147,66,157,103,188,93,124,168,31,142,117,45,182,167,143,149,49,78,128,42,57,197,125,145,126,65,160,91,1,150,105,180,41,36,46,140,92,82,23,189,47,175,12,22,26,176,193,109,20,67,166,38,139,63,118,48,194,29,198,174,184,35,3,169,72,163,25,51,50,190,10,130,113,156,116,44,138,37,94,173,18,131,110,81,153,101,100,30,134,148,11,97,58,158,43,7,0,62,68,123,6,137,60,54,151,119,187,39,107,55,14,13,111,52,89,75,80,71,162,53,183,69,159,164,90,28,155,73,99,106,136,132,152,102,170,172,86,76,133,85,104,17,8,16,56,21,108,192,40,15,9,33,154,122,179,165,185,127,96,171,141,98,114,64,79,177,27,88,5,186,199,83,59,129,24,95,196,195,181,120,161,115,191,135,146];False
1608;7293;8901;[34,4,144,70,19,87,121,178,2,115,182,84,77,112,93,147,66,157,103,116,65,124,168,31,142,117,167,61,45,188,41,49,78,128,42,57,197,125,145,126,143,160,91,1,150,105,180,196,36,46,140,92,82,23,189,47,175,12,22,26,176,193,109,20,67,166,38,139,63,118,48,194,29,198,174,184,35,161,32,72,163,25,51,50,190,10,130,113,156,74,44,138,37,94,173,18,131,110,81,153,101,100,30,134,148,11,97,58,158,43,7,0,62,68,123,6,137,60,54,151,119,187,39,107,55,14,13,111,52,89,75,80,71,162,53,183,69,159,164,90,28,155,73,99,106,136,132,152,102,170,172,86,76,133,85,104,17,8,16,56,21,108,192,40,15,9,33,154,122,179,195,185,127,96,171,141,98,114,64,79,177,27,88,5,186,199,83,59,129,24,95,149,165,181,120,3,169,191,135,146];False
1680;7274;8954;[34,4,144,70,19,87,121,178,2,169,61,84,77,112,93,147,66,157,103,116,65,124,168,31,142,117,167,182,45,188,41,49,78,128,42,57,197,125,145,126,143,160,91,1,150,105,180,196,36,46,140,92,82,23,189,47,175,12,22,26,176,193,109,20,67,166,38,139,63,118,48,194,29,198,174,184,35,161,32,72,163,25,51,50,190,10,130,113,156,74,44,138,37,94,173,18,131,110,81,153,80,100,30,134,148,11,97,58,158,43,7,0,181,68,123,6,137,60,54,151,119,187,39,107,55,14,13,111,52,89,75,101,71,162,53,183,69,159,164,90,28,155,73,99,106,136,132,152,102,170,172,86,76,133,85,104,17,8,16,56,21,108,192,40,15,9,33,154,122,179,195,185,127,96,171,141,98,114,64,79,177,27,88,5,186,199,83,59,129,24,95,149,165,62,120,3,115,191,135,146];False
1706;7261;8967;[34,4,144,70,19,87,121,178,2,32,61,84,77,112,93,147,66,157,103,116,65,124,168,31,142,117,167,182,45,188,41,49,78,128,42,57,197,125,145,126,143,160,91,1,150,105,180,196,36,46,140,92,82,23,189,195,175,12,22,26,176,193,109,20,67,166,38,139,63,118,48,194,29,198,174,184,35,3,169,72,163,25,51,50,190,10,130,113,156,74,44,138,37,94,173,18,131,110,81,153,80,100,30,134,148,11,97,58,158,43,7,0,181,68,123,6,137,60,54,151,119,187,39,107,55,14,13,111,52,89,75,101,71,162,53,183,69,159,164,90,28,155,73,99,106,136,132,152,102,170,172,86,76,133,85,104,17,8,16,56,21,108,192,40,15,9,33,154,122,179,27,185,127,96,171,141,98,114,64,79,177,47,88,5,186,199,83,59,129,24,95,149,165,62,120,161,115,191,135,146];False
1660;7277;8937;[34,4,144,70,19,87,121,178,2,169,61,84,77,112,93,147,66,157,103,116,65,124,168,31,142,117,167,182,45,188,41,49,78,128,42,57,197,125,145,126,143,160,91,1,150,105,180,196,36,46,140,92,82,23,189,195,175,12,22,26,176,193,109,20,67,166,38,139,63,118,48,194,29,198,174,184,35,3,32,72,163,25,51,50,190,10,130,113,156,74,44,138,37,94,173,18,131,110,81,153,101,100,30,134,148,11,97,58,158,43,7,0,181,68,123,6,137,60,54,151,119,187,39,107,55,14,13,111,52,89,75,80,71,162,53,183,69,159,164,90,28,155,73,99,106,136,132,152,102,170,172,86,76,133,85,104,17,8,16,56,21,108,192,40,15,9,33,154,122,179,27,185,127,96,171,141,98,114,64,79,177,47,88,5,186,199,83,59,129,24,95,149,165,62,120,161,115,191,135,146];False
1651;7285;8936;[34,4,144,70,19,87,121,178,2,32,61,84,77,112,93,147,66,157,103,116,65,124,168,31,142,117,167,182,45,188,196,49,78,128,42,57,197,125,145,126,143,160,91,1,150,105,180,41,36,46,140,92,82,23,189,195,175,12,22,26,176,193,109,20,67,166,38,139,63,118,48,194,29,198,174,184,35,3,169,72,163,25,51,50,190,10,130,113,156,74,44,138,37,94,173,18,131,110,81,153,101,100,30,134,148,11,97,58,158,43,7,0,181,68,123,6,137,60,54,151,119,187,39,107,55,14,13,111,52,89,75,80,71,162,53,183,69,159,164,90,28,155,73,99,106,136,132,152,102,170,172,86,76,133,85,104,17,8,16,56,21,108,192,40,15,9,33,154,122,179,27,185,127,96,171,141,98,114,64,79,177,47,88,5,186,199,83,59,129,24,95,149,165,62,120,161,115,191,135,146];False
1696;7268;8964;[34,4,144,70,19,87,121,178,2,32,61,84,77,112,93,147,66,157,103,116,65,124,168,31,142,117,167,182,45,188,41,49,78,128,42,57,197,125,145,126,143,160,91,1,150,105,180,196,36,46,140,92,82,23,189,195,175,12,22,26,176,193,109,20,67,166,38,139,63,118,48,194,29,198,174,184,35,3,169,72,163,25,51,50,190,10,130,113,156,74,44,138,37,94,173,18,131,110,81,153,101,100,30,134,119,11,97,58,158,43,7,0,181,68,123,6,137,60,54,151,148,187,39,107,55,14,13,111,52,89,75,80,71,162,53,183,69,159,164,90,28,155,73,99,106,136,132,152,102,170,172,86,76,133,85,104,17,8,16,56,21,108,192,40,15,9,33,154,122,179,27,185,127,96,171,141,98,114,64,79,177,47,88,5,186,199,83,59,129,24,95,149,165,62,120,161,115,191,135,146];False
1445;7611;9056;[74,4,144,93,19,87,121,178,2,32,61,84,77,112,34,147,66,157,103,188,78,124,168,31,142,117,45,182,167,143,196,49,70,128,42,57,197,125,145,126,65,160,91,1,150,105,180,41,36,46,140,92,82,23,189,55,175,12,22,26,176,193,109,20,67,166,38,139,63,118,48,194,29,198,174,184,35,3,169,72,163,25,51,50,190,10,130,113,156,116,44,138,37,94,173,18,131,110,81,153,101,100,30,134,148,11,97,58,158,43,7,0,62,68,123,6,137,60,54,151,119,187,39,107,47,14,13,111,52,89,75,80,71,162,53,183,69,159,164,90,28,155,73,99,106,136,132,152,102,170,172,86,76,133,85,104,17,8,16,56,21,108,192,40,15,9,33,154,122,179,195,185,127,96,171,141,98,114,64,79,177,27,88,5,186,199,83,59,129,24,95,149,165,181,120,161,115,191,135,146];False
1442;7656;9098;[74,4,144,78,19,87,121,178,2,32,61,84,77,112,34,147,66,157,103,188,93,124,168,31,142,117,45,182,167,143,196,49,70,128,42,57,197,125,145,126,65,160,91,1,150,105,180,41,36,46,140,92,82,23,189,55,175,12,22,131,176,193,109,20,67,166,38,139,63,118,48,194,29,198,174,184,35,3,169,72,163,25,51,50,190,10,130,113,156,116,44,138,37,94,173,18,26,110,81,153,101,100,30,134,148,11,97,58,158,43,7,0,62,68,123,6,137,60,54,151,119,187,39,107,47,14,13,111,52,89,75,80,71,162,53,183,69,159,164,90,28,155,73,99,106,136,132,152,102,170,172,86,76,133,85,104,17,8,16,56,21,108,192,40,15,9,33,154,122,179,195,185,127,96,171,141,98,114,64,79,177,27,88,5,186,199,83,59,129,24,95,149,165,181,120,161,115,191,135,146];False
1453;7608;9061;[74,4,144,70,194,87,121,178,2,32,61,84,77,112,34,147,66,157,103,188,93,124,168,31,142,117,45,182,167,143,196,49,78,128,42,57,197,125,145,126,65,160,91,1,150,105,180,41,36,46,140,92,82,23,189,55,175,12,22,131,176,193,109,20,67,166,38,139,63,118,48,19,29,198,174,184,35,3,169,72,163,25,51,50,190,10,130,113,156,116,44,138,37,94,173,18,26,110,81,153,101,100,30,134,148,11,97,58,158,43,7,0,62,68,123,6,137,60,54,151,119,187,39,107,47,14,13,111,52,89,75,80,71,162,53,183,69,159,164,90,28,155,73,99,106,136,132,152,102,170,172,86,76,133,85,104,17,8,16,56,21,108,192,40,15,9,33,154,122,179,195,185,127,96,171,141,98,114,64,79,177,27,88,5,186,199,83,59,129,24,95,149,165,181,120,161,115,191,135,146];False
1451;7599;9050;[74,4,144,70,19,87,121,178,2,32,61,84,77,112,34,147,66,157,103,188,93,124,168,31,142,117,45,182,167,143,196,49,78,128,42,57,197,125,145,126,65,160,91,1,150,105,180,41,36,46,140,92,82,23,189,55,175,12,22,131,176,193,109,20,67,166,38,139,63,118,48,194,29,198,174,184,35,3,169,72,163,25,51,50,190,10,130,113,156,116,44,138,37,94,173,18,26,110,81,153,101,100,30,134,148,11,97,58,158,43,7,0,62,68,123,6,137,60,54,151,119,187,39,107,47,14,13,111,52,89,75,80,71,162,53,183,69,159,164,90,28,155,73,99,106,136,132,152,102,170,172,86,76,133,85,104,17,8,16,56,21,108,192,40,15,9,33,154,122,179,165,185,127,96,171,141,98,114,64,79,177,27,88,5,186,199,83,59,129,24,95,149,195,181,120,161,115,191,135,146];False
1471;7483;8954;[180,4,144,70,19,87,121,178,2,32,61,84,77,112,34,147,66,157,103,188,93,124,168,31,142,117,45,182,167,143,149,49,78,128,42,57,197,125,145,126,65,160,91,1,150,105,74,41,36,46,140,92,82,23,189,47,175,12,22,26,176,193,109,20,67,166,38,139,63,118,48,194,29,198,174,184,35,3,169,72,163,25,51,50,190,10,130,113,156,116,44,138,37,94,173,18,131,110,81,153,101,100,30,134,148,11,97,58,158,43,7,0,62,68,123,6,137,60,54,151,119,187,39,107,55,14,13,111,52,89,75,80,71,162,53,183,69,159,164,90,28,155,73,99,106,136,132,152,102,170,172,86,76,133,85,104,17,8,16,56,21,108,192,40,15,9,33,154,122,179,165,185,127,96,171,141,98,114,64,79,177,27,88,5,186,199,83,59,129,24,95,196,195,181,120,161,115,191,135,146];False
1445;7574;9019;[74,4,144,78,19,87,121,178,2,32,61,84,77,112,34,147,66,157,103,188,93,124,168,31,142,117,45,182,167,143,149,49,70,128,42,57,197,125,145,126,65,160,91,1,150,105,180,41,36,46,140,92,82,23,189,47,175,12,22,26,176,193,109,20,67,166,38,139,63,118,48,194,29,198,174,184,35,3,169,72,163,25,51,50,190,10,130,113,156,116,44,138,37,94,173,18,131,110,81,153,101,100,30,134,148,11,97,58,158,43,7,0,62,68,123,6,137,60,54,151,119,187,39,107,55,14,13,111,52,89,75,80,71,162,53,183,69,159,164,90,28,155,73,99,106,136,132,152,102,170,172,86,76,133,85,104,17,8,16,56,21,108,192,40,15,9,33,154,122,179,165,185,127,96,171,141,98,114,64,79,177,27,88,5,186,199,83,59,129,24,95,196,195,181,120,161,115,191,135,146];False
1456;7526;8982;[74,4,144,70,194,87,121,178,2,32,61,84,77,112,34,147,66,157,103,188,93,124,168,31,142,117,45,182,167,143,149,49,78,128,42,57,197,125,145,126,65,160,91,1,150,105,180,41,36,46,140,92,82,23,189,47,175,12,22,26,176,193,109,20,67,166,38,139,63,118,48,19,29,198,174,184,35,3,169,72,163,25,51,50,190,10,130,113,156,116,44,138,37,94,173,18,131,110,81,153,101,100,30,134,148,11,97,58,158,43,7,0,62,68,123,6,137,60,54,151,119,187,39,107,55,14,13,111,52,89,75,80,71,162,53,183,69,159,164,90,28,155,73,99,106,136,132,152,102,170,172,86,76,133,85,104,17,8,16,56,21,108,192,40,15,9,33,154,122,179,165,185,127,96,171,141,98,114,64,79,177,27,88,5,186,199,83,59,129,24,95,196,195,181,120,161,115,191,135,146];False
1468;7486;8954;[74,4,144,70,19,87,121,178,2,169,61,84,77,112,34,147,66,157,103,188,93,124,168,31,142,117,45,182,167,143,149,49,78,128,42,57,197,125,145,126,65,160,91,1,150,105,180,41,36,46,140,92,82,23,189,47,175,12,22,26,176,193,109,20,67,166,38,139,63,118,48,194,29,198,174,184,35,3,32,72,163,25,51,50,190,10,130,113,156,116,44,138,37,94,173,18,131,110,81,153,101,100,30,134,148,11,97,58,158,43,7,0,62,68,123,6,137,60,54,151,119,187,39,107,55,14,13,111,52,89,75,80,71,162,53,183,69,159,164,90,28,155,73,99,106,136,132,152,102,170,172,86,76,133,85,104,17,8,16,56,21,108,192,40,15,9,33,154,122,179,165,185,127,96,171,141,98,114,64,79,177,27,88,5,186,199,83,59,129,24,95,196,195,181,120,161,115,191,135,146];False
1434;7560;8994;[74,4,144,70,19,87,121,178,2,32,61,84,77,112,34,147,66,157,103,188,93,124,168,31,142,117,45,182,167,143,149,49,78,128,42,57,197,125,145,126,65,160,91,1,150,105,180,41,36,46,140,92,82,23,189,55,175,12,22,26,176,193,109,20,67,166,38,139,63,118,48,194,29,198,174,184,35,3,169,72,163,25,51,50,190,10,130,113,156,116,44,138,37,94,173,18,131,110,81,153,101,100,30,134,148,11,97,58,158,43,7,0,62,68,123,6,137,60,54,151,119,187,39,107,47,14,13,111,52,89,75,80,71,162,53,183,69,159,164,90,28,155,73,99,106,136,132,152,102,170,172,86,76,133,85,104,17,8,16,56,21,108,192,40,15,9,33,154,122,179,165,185,127,96,171,141,98,114,64,79,177,27,88,5,186,199,83,59,129,24,95,196,195,181,120,161,115,191,135,146];False
1478;7481;8959;[74,4,144,70,19,87,121,178,2,32,61,84,77,112,34,147,66,157,103,188,93,124,168,31,142,117,45,182,167,143,149,49,78,128,42,57,197,125,145,126,65,160,91,1,150,105,180,41,36,46,140,92,82,23,189,47,179,12,22,26,176,193,109,20,67,166,38,139,63,118,48,194,29,198,174,184,35,3,169,72,163,25,51,50,190,10,130,113,156,116,44,138,37,94,173,18,131,110,81,153,101,100,30,134,148,11,97,58,158,43,7,0,62,68,123,6,137,60,54,151,119,187,39,107,55,14,13,111,52,89,75,80,71,162,53,183,69,159,164,90,28,155,73,99,106,136,132,152,102,170,172,86,76,133,85,104,17,8,16,56,21,108,192,40,15,9,33,154,122,175,165,185,127,96,171,141,98,114,64,79,177,27,88,5,186,199,83,59,129,24,95,196,195,181,120,161,115,191,135,146];False
1446;7550;8996;[74,4,144,70,19,87,121,178,2,32,61,84,77,112,34,147,66,157,103,188,93,124,168,31,142,117,45,182,167,143,149,49,78,128,42,57,197,125,145,126,65,160,91,1,150,105,180,41,36,46,140,92,82,23,189,47,175,12,22,131,176,193,109,20,67,166,38,139,63,118,48,194,29,198,174,184,35,3,169,72,163,25,51,50,190,10,130,113,156,116,44,138,37,94,173,18,26,110,81,153,101,100,30,134,148,11,97,58,158,43,7,0,62,68,123,6,137,60,54,151,119,187,39,107,55,14,13,111,52,89,75,80,71,162,53,183,69,159,164,90,28,155,73,99,106,136,132,152,102,170,172,86,76,133,85,104,17,8,16,56,21,108,192,40,15,9,33,154,122,179,165,185,127,96,171,141,98,114,64,79,177,27,88,5,186,199,83,59,129,24,95,196,195,181,120,161,115,191,135,146];False
1436;7548;8984;[74,4,144,70,19,87,121,178,2,32,61,84,77,112,34,147,66,157,103,188,93,124,168,31,142,117,45,182,167,143,149,49,78,128,42,57,197,125,145,126,65,160,91,1,150,105,180,41,36,46,140,92,82,23,189,47,175,12,22,26,176,193,109,20,67,166,38,139,63,118,48,194,196,198,174,184,35,3,169,72,163,25,51,50,190,10,130,113,156,116,44,138,37,94,173,18,131,110,81,153,101,100,30,134,148,11,97,58,158,43,7,0,62,68,123,6,137,60,54,151,119,187,39,107,55,14,13,111,52,89,75,80,71,162,53,183,69,159,164,90,28,155,73,99,106,136,132,152,102,170,172,86,76,133,85,104,17,8,16,56,21,108,192,40,15,9,33,154,122,179,165,185,127,96,171,141,98,114,64,79,177,27,88,5,186,199,83,59,129,24,95,29,195,181,120,161,115,191,135,146];False
1452;7499;8951;[74,4,144,70,19,87,121,178,2,32,61,84,77,112,34,147,66,157,103,188,93,124,168,31,142,117,45,182,167,143,149,49,78,128,42,57,197,125,145,126,65,160,91,1,150,105,180,41,36,46,140,92,82,23,189,47,175,12,22,26,176,193,109,20,67,166,38,139,63,118,48,194,29,198,174,184,35,3,169,72,163,25,51,50,190,10,130,113,156,116,44,138,37,94,173,18,131,110,81,153,101,100,30,134,148,11,97,58,158,43,7,0,62,68,123,6,137,60,54,151,119,196,39,107,55,14,13,111,52,89,75,80,71,162,53,183,69,159,164,90,28,155,73,99,106,136,132,152,102,170,172,86,76,133,85,104,17,8,16,56,21,108,192,40,15,9,33,154,122,179,165,185,127,96,171,141,98,114,64,79,177,27,88,5,186,199,83,59,129,24,95,187,195,181,120,161,115,191,135,146];False
1442;7515;8957;[74,4,144,70,19,87,121,178,2,32,61,84,77,112,34,147,66,157,103,188,93,124,168,31,142,117,45,182,167,143,149,49,78,128,42,57,197,125,145,126,65,160,91,1,150,105,180,41,36,46,140,92,82,23,189,47,175,12,22,26,176,193,109,20,67,166,38,139,63,118,48,194,29,198,174,184,35,3,169,72,163,25,51,50,190,10,130,113,156,116,44,138,37,94,173,18,131,110,81,153,101,100,30,134,148,11,97,58,158,43,7,0,62,68,123,6,137,60,54,151,119,187,39,107,55,14,13,111,52,89,75,80,71,162,53,183,69,159,164,90,28,155,73,99,106,136,132,152,102,170,172,86,76,133,85,104,17,8,16,56,21,108,192,40,15,9,33,154,122,179,165,185,127,96,196,141,98,114,64,79,177,27,88,5,186,199,83,59,129,24,95,171,195,181,120,161,115,191,135,146];False
1458;7496;8954;[74,4,144,70,19,87,121,178,2,32,61,84,77,112,34,147,66,157,103,188,93,124,168,31,142,117,45,182,167,143,149,49,78,128,42,57,197,125,145,126,65,160,91,1,150,105,180,41,36,46,140,92,82,23,189,47,175,12,22,26,176,193,109,20,67,166,38,139,63,118,48,194,29,198,174,184,35,3,169,72,163,25,51,50,190,10,130,113,156,116,44,138,37,94,173,18,131,110,81,153,101,100,30,134,148,11,97,58,158,43,7,0,62,68,123,6,137,60,54,151,119,187,39,107,55,14,13,111,52,89,75,80,71,162,53,183,69,159,164,90,28,155,73,99,106,136,132,152,102,170,172,86,76,133,85,104,17,8,16,56,21,108,192,40,15,9,33,154,122,179,165,185,127,96,171,141,98,114,64,79,177,27,88,5,186,199,83,195,129,24,95,196,59,181,120,161,115,191,135,146];False
1639;7286;8925;[34,4,144,70,19,87,121,178,115,2,182,84,77,112,93,147,66,157,103,116,65,124,168,31,142,117,167,61,45,188,41,49,78,128,42,57,197,125,145,126,143,160,91,1,150,105,180,196,36,46,140,92,82,23,189,47,175,12,22,26,176,193,109,20,67,166,38,139,63,118,48,194,29,198,174,184,35,161,32,72,163,25,51,50,190,10,130,113,156,74,44,138,37,94,173,18,131,110,81,153,101,100,30,134,148,11,97,58,158,43,7,0,62,68,123,6,137,60,54,151,119,187,39,107,55,14,13,111,52,89,75,80,71,162,53,183,69,159,164,90,28,155,73,99,106,136,132,152,102,170,172,86,76,133,85,104,17,8,16,56,21,108,192,40,15,9,33,154,122,179,195,185,127,96,171,141,98,114,64,79,177,27,88,5,186,199,83,59,129,24,95,149,165,181,120,3,169,191,135,146];False
1625;7284;8909;[34,4,144,70,19,87,121,178,102,115,182,84,77,112,93,147,66,157,103,116,65,124,168,31,142,117,167,61,45,188,41,49,78,128,42,57,197,125,145,126,143,160,91,1,150,105,180,196,36,46,140,92,82,23,189,47,175,12,22,26,176,193,109,20,67,166,38,139,63,118,48,194,29,198,174,184,35,161,32,72,163,25,51,50,190,10,130,113,156,74,44,138,37,94,173,18,131,110,81,153,101,100,30,134,148,11,97,58,158,43,7,0,62,68,123,6,137,60,54,151,119,187,39,107,55,14,13,111,52,89,75,80,71,162,53,183,69,159,164,90,28,155,73,99,106,136,132,152,2,170,172,86,76,133,85,104,17,8,16,56,21,108,192,40,15,9,33,154,122,179,195,185,127,96,171,141,98,114,64,79,177,27,88,5,186,199,83,59,129,24,95,149,165,181,120,3,169,191,135,146];False
1651;7282;8933;[34,4,144,70,19,87,121,178,2,115,182,1,77,112,93,147,66,157,103,116,65,124,168,31,142,117,167,61,45,188,41,49,78,128,42,57,197,125,145,126,143,160,91,84,150,105,180,196,36,46,140,92,82,23,189,47,175,12,22,26,176,193,109,20,67,166,38,139,63,118,48,194,29,198,174,184,35,161,32,72,163,25,51,50,190,10,130,113,156,74,44,138,37,94,173,18,131,110,81,153,101,100,30,134,148,11,97,58,158,43,7,0,62,68,123,6,137,60,54,151,119,187,39,107,55,14,13,111,52,89,75,80,71,162,53,183,69,159,164,90,28,155,73,99,106,136,132,152,102,170,172,86,76,133,85,104,17,8,16,56,21,108,192,40,15,9,33,154,122,179,195,185,127,96,171,141,98,114,64,79,177,27,88,5,186,199,83,59,129,24,95,149,165,181,120,3,169,191,135,146];False
1607;7299;8906;[34,4,144,70,19,87,121,178,2,115,182,84,77,112,93,147,66,157,103,116,65,124,168,31,142,117,167,61,45,188,196,49,78,128,42,57,197,125,145,126,143,160,91,1,150,105,180,41,36,46,140,92,82,23,189,47,175,12,22,26,176,193,109,20,67,166,38,139,63,118,48,194,29,198,174,184,35,161,32,72,163,25,51,50,190,10,130,113,156,74,44,138,37,94,173,18,131,110,81,153,101,100,30,134,148,11,97,58,158,43,7,0,62,68,123,6,137,60,54,151,119,187,39,107,55,14,13,111,52,89,75,80,71,162,53,183,69,159,164,90,28,155,73,99,106,136,132,152,102,170,172,86,76,133,85,104,17,8,16,56,21,108,192,40,15,9,33,154,122,179,195,185,127,96,171,141,98,114,64,79,177,27,88,5,186,199,83,59,129,24,95,149,165,181,120,3,169,191,135,146];False
1696;7264;8960;[34,4,144,70,19,87,121,178,2,115,182,84,77,112,93,147,66,157,103,116,65,124,168,31,142,117,167,61,45,188,41,49,78,128,42,57,197,125,145,126,143,160,91,1,150,105,180,196,36,46,140,92,82,23,189,195,175,12,22,26,176,193,109,20,67,166,38,139,63,118,48,194,29,198,174,184,35,161,32,72,163,25,51,50,190,10,130,113,156,74,44,138,37,94,173,18,131,110,81,153,101,100,30,134,148,11,97,58,158,43,7,0,62,68,123,6,137,60,54,151,119,187,39,107,55,14,13,111,52,89,75,80,71,162,53,183,69,159,164,90,28,155,73,99,106,136,132,152,102,170,172,86,76,133,85,104,17,8,16,56,21,108,192,40,15,9,33,154,122,179,47,185,127,96,171,141,98,114,64,79,177,27,88,5,186,199,83,59,129,24,95,149,165,181,120,3,169,191,135,146];False
1651;7281;8932;[34,4,144,70,19,87,121,178,2,115,182,84,77,112,93,147,66,157,103,116,65,124,168,31,142,117,167,61,45,188,41,49,78,128,42,57,197,125,145,126,143,160,91,1,150,105,180,196,36,46,140,92,82,23,189,98,175,12,22,26,176,193,109,20,67,166,38,139,63,118,48,194,29,198,174,184,35,161,32,72,163,25,51,50,190,10,130,113,156,74,44,138,37,94,173,18,131,110,81,153,101,100,30,134,148,11,97,58,158,43,7,0,62,68,123,6,137,60,54,151,119,187,39,107,55,14,13,111,52,89,75,80,71,162,53,183,69,159,164,90,28,155,73,99,106,136,132,152,102,170,172,86,76,133,85,104,17,8,16,56,21,108,192,40,15,9,33,154,122,179,195,185,127,96,171,141,47,114,64,79,177,27,88,5,186,199,83,59,129,24,95,149,165,181,120,3,169,191,135,146];False
1662;7275;8937;[34,4,144,70,19,87,121,178,2,115,182,84,77,112,93,147,66,157,103,116,65,124,168,31,142,117,167,61,45,188,41,49,78,128,42,57,197,125,145,126,143,160,91,1,150,105,180,196,36,46,140,92,82,23,189,47,175,12,22,26,176,193,109,20,67,166,38,139,63,118,48,194,29,198,174,184,35,161,32,72,163,25,51,50,190,10,130,113,156,74,44,138,37,94,173,18,131,110,81,153,80,100,30,134,148,11,97,58,158,43,7,0,62,68,123,6,137,60,54,151,119,187,39,107,55,14,13,111,52,89,75,101,71,162,53,183,69,159,164,90,28,155,73,99,106,136,132,152,102,170,172,86,76,133,85,104,17,8,16,56,21,108,192,40,15,9,33,154,122,179,195,185,127,96,171,141,98,114,64,79,177,27,88,5,186,199,83,59,129,24,95,149,165,181,120,3,169,191,135,146];False
1637;7277;8914;[34,4,144,70,19,87,121,178,2,115,182,84,77,112,93,147,66,157,103,116,65,124,168,31,142,117,167,61,45,188,41,49,78,128,42,57,197,125,145,126,143,160,91,1,150,105,180,196,36,46,140,92,82,23,189,47,175,12,22,26,176,193,109,20,67,166,38,139,63,118,48,194,29,198,174,184,35,161,32,72,163,25,51,50,190,10,130,113,156,74,44,138,37,94,173,18,131,110,81,153,101,100,30,134,148,11,97,58,158,43,7,0,181,68,123,6,137,60,54,151,119,187,39,107,55,14,13,111,52,89,75,80,71,162,53,183,69,159,164,90,28,155,73,99,106,136,132,152,102,170,172,86,76,133,85,104,17,8,16,56,21,108,192,40,15,9,33,154,122,179,195,185,127,96,171,141,98,114,64,79,177,27,88,5,186,199,83,59,129,24,95,149,165,62,120,3,169,191,135,146];False
1489;7476;8965;[180,4,144,70,19,87,121,178,2,32,61,84,77,112,34,147,66,157,103,188,93,124,168,31,142,117,45,182,167,143,149,49,78,128,42,57,197,125,145,126,65,160,91,1,150,105,74,41,36,46,140,92,82,23,189,47,179,12,22,26,176,193,109,20,67,166,38,139,63,118,48,194,29,198,174,184,35,3,169,72,163,25,51,50,190,10,130,113,156,116,44,138,37,94,173,18,131,110,81,153,101,100,30,134,148,11,97,58,158,43,7,0,62,68,123,6,137,60,54,151,119,187,39,107,55,14,13,111,52,89,75,80,71,162,53,183,69,159,164,90,28,155,73,99,106,136,132,152,102,170,172,86,76,133,85,104,17,8,16,56,21,108,192,40,15,9,33,154,122,175,165,185,127,96,171,141,98,114,64,79,177,27,88,5,186,199,83,59,129,24,95,196,195,181,120,161,115,191,135,146];False
1486;7479;8965;[74,4,144,70,19,87,121,178,2,169,61,84,77,112,34,147,66,157,103,188,93,124,168,31,142,117,45,182,167,143,149,49,78,128,42,57,197,125,145,126,65,160,91,1,150,105,180,41,36,46,140,92,82,23,189,47,179,12,22,26,176,193,109,20,67,166,38,139,63,118,48,194,29,198,174,184,35,3,32,72,163,25,51,50,190,10,130,113,156,116,44,138,37,94,173,18,131,110,81,153,101,100,30,134,148,11,97,58,158,43,7,0,62,68,123,6,137,60,54,151,119,187,39,107,55,14,13,111,52,89,75,80,71,162,53,183,69,159,164,90,28,155,73,99,106,136,132,152,102,170,172,86,76,133,85,104,17,8,16,56,21,108,192,40,15,9,33,154,122,175,165,185,127,96,171,141,98,114,64,79,177,27,88,5,186,199,83,59,129,24,95,196,195,181,120,161,115,191,135,146];False
1483;7477;8960;[74,4,144,70,19,87,121,178,2,169,61,84,77,112,34,147,66,157,103,188,93,124,168,31,142,117,45,182,167,143,149,49,78,128,42,57,197,125,145,126,65,160,91,1,150,105,180,41,36,46,140,92,82,23,189,47,175,12,22,26,176,193,109,20,67,166,38,139,63,118,48,194,29,198,174,184,35,161,32,72,163,25,51,50,190,10,130,113,156,116,44,138,37,94,173,18,131,110,81,153,101,100,30,134,148,11,97,58,158,43,7,0,62,68,123,6,137,60,54,151,119,187,39,107,55,14,13,111,52,89,75,80,71,162,53,183,69,159,164,90,28,155,73,99,106,136,132,152,102,170,172,86,76,133,85,104,17,8,16,56,21,108,192,40,15,9,33,154,122,179,165,185,127,96,171,141,98,114,64,79,177,27,88,5,186,199,83,59,129,24,95,196,195,181,120,3,115,191,135,146];False
1450;7513;8963;[74,4,144,70,19,87,121,178,2,169,61,84,77,112,34,147,66,157,103,188,93,124,168,31,142,117,45,182,167,143,149,49,78,128,42,57,197,125,145,126,65,160,91,1,150,105,180,41,36,46,140,92,82,23,189,47,175,12,22,26,176,193,109,20,67,166,38,139,63,118,48,194,29,198,174,184,35,3,32,72,163,25,51,50,190,10,130,113,156,116,44,138,37,94,173,18,131,110,81,153,101,100,30,134,148,11,97,58,158,43,7,0,62,68,123,6,137,60,54,151,119,187,39,107,55,14,13,111,52,89,75,80,71,162,53,183,69,159,164,90,28,155,73,99,106,136,132,152,102,170,172,86,76,133,85,104,17,8,16,56,21,108,192,40,15,9,33,154,122,179,165,185,127,96,196,141,98,114,64,79,177,27,88,5,186,199,83,59,129,24,95,171,195,181,120,161,115,191,135,146];False
1419;7646;9065;[74,4,144,78,19,87,121,178,2,32,61,84,77,112,34,147,66,157,103,188,93,124,168,31,142,117,45,182,167,143,149,49,70,128,42,57,197,125,145,126,65,160,91,1,150,105,180,41,36,46,140,92,82,23,189,55,175,12,22,26,176,193,109,20,67,166,38,139,63,118,48,194,29,198,174,184,35,3,169,72,163,25,51,50,190,10,130,113,156,116,44,138,37,94,173,18,131,110,81,153,101,100,30,134,148,11,97,58,158,43,7,0,62,68,123,6,137,60,54,151,119,187,39,107,47,14,13,111,52,89,75,80,71,162,53,183,69,159,164,90,28,155,73,99,106,136,132,152,102,170,172,86,76,133,85,104,17,8,16,56,21,108,192,40,15,9,33,154,122,179,165,185,127,96,171,141,98,114,64,79,177,27,88,5,186,199,83,59,129,24,95,196,195,181,120,161,115,191,135,146];False
1430;7598;9028;[74,4,144,70,194,87,121,178,2,32,61,84,77,112,34,147,66,157,103,188,93,124,168,31,142,117,45,182,167,143,149,49,78,128,42,57,197,125,145,126,65,160,91,1,150,105,180,41,36,46,140,92,82,23,189,55,175,12,22,26,176,193,109,20,67,166,38,139,63,118,48,19,29,198,174,184,35,3,169,72,163,25,51,50,190,10,130,113,156,116,44,138,37,94,173,18,131,110,81,153,101,100,30,134,148,11,97,58,158,43,7,0,62,68,123,6,137,60,54,151,119,187,39,107,47,14,13,111,52,89,75,80,71,162,53,183,69,159,164,90,28,155,73,99,106,136,132,152,102,170,172,86,76,133,85,104,17,8,16,56,21,108,192,40,15,9,33,154,122,179,165,185,127,96,171,141,98,114,64,79,177,27,88,5,186,199,83,59,129,24,95,196,195,181,120,161,115,191,135,146];False
1420;7622;9042;[74,4,144,70,19,87,121,178,2,32,61,84,77,112,34,147,66,157,103,188,93,124,168,31,142,117,45,182,167,143,149,49,78,128,42,57,197,125,145,126,65,160,91,1,150,105,180,41,36,46,140,92,82,23,189,55,175,12,22,131,176,193,109,20,67,166,38,139,63,118,48,194,29,198,174,184,35,3,169,72,163,25,51,50,190,10,130,113,156,116,44,138,37,94,173,18,26,110,81,153,101,100,30,134,148,11,97,58,158,43,7,0,62,68,123,6,137,60,54,151,119,187,39,107,47,14,13,111,52,89,75,80,71,162,53,183,69,159,164,90,28,155,73,99,106,136,132,152,102,170,172,86,76,133,85,104,17,8,16,56,21,108,192,40,15,9,33,154,122,179,165,185,127,96,171,141,98,114,64,79,177,27,88,5,186,199,83,59,129,24,95,196,195,181,120,161,115,191,135,146];False
1410;7620;9030;[74,4,144,70,19,87,121,178,2,32,61,84,77,112,34,147,66,157,103,188,93,124,168,31,142,117,45,182,167,143,149,49,78,128,42,57,197,125,145,126,65,160,91,1,150,105,180,41,36,46,140,92,82,23,189,55,175,12,22,26,176,193,109,20,67,166,38,139,63,118,48,194,196,198,174,184,35,3,169,72,163,25,51,50,190,10,130,113,156,116,44,138,37,94,173,18,131,110,81,153,101,100,30,134,148,11,97,58,158,43,7,0,62,68,123,6,137,60,54,151,119,187,39,107,47,14,13,111,52,89,75,80,71,162,53,183,69,159,164,90,28,155,73,99,106,136,132,152,102,170,172,86,76,133,85,104,17,8,16,56,21,108,192,40,15,9,33,154,122,179,165,185,127,96,171,141,98,114,64,79,177,27,88,5,186,199,83,59,129,24,95,29,195,181,120,161,115,191,135,146];False
1426;7571;8997;[74,4,144,70,19,87,121,178,2,32,61,84,77,112,34,147,66,157,103,188,93,124,168,31,142,117,45,182,167,143,149,49,78,128,42,57,197,125,145,126,65,160,91,1,150,105,180,41,36,46,140,92,82,23,189,55,175,12,22,26,176,193,109,20,67,166,38,139,63,118,48,194,29,198,174,184,35,3,169,72,163,25,51,50,190,10,130,113,156,116,44,138,37,94,173,18,131,110,81,153,101,100,30,134,148,11,97,58,158,43,7,0,62,68,123,6,137,60,54,151,119,196,39,107,47,14,13,111,52,89,75,80,71,162,53,183,69,159,164,90,28,155,73,99,106,136,132,152,102,170,172,86,76,133,85,104,17,8,16,56,21,108,192,40,15,9,33,154,122,179,165,185,127,96,171,141,98,114,64,79,177,27,88,5,186,199,83,59,129,24,95,187,195,181,120,161,115,191,135,146];False
1416;7587;9003;[74,4,144,70,19,87,121,178,2,32,61,84,77,112,34,147,66,157,103,188,93,124,168,31,142,117,45,182,167,143,149,49,78,128,42,57,197,125,145,126,65,160,91,1,150,105,180,41,36,46,140,92,82,23,189,55,175,12,22,26,176,193,109,20,67,166,38,139,63,118,48,194,29,198,174,184,35,3,169,72,163,25,51,50,190,10,130,113,156,116,44,138,37,94,173,18,131,110,81,153,101,100,30,134,148,11,97,58,158,43,7,0,62,68,123,6,137,60,54,151,119,187,39,107,47,14,13,111,52,89,75,80,71,162,53,183,69,159,164,90,28,155,73,99,106,136,132,152,102,170,172,86,76,133,85,104,17,8,16,56,21,108,192,40,15,9,33,154,122,179,165,185,127,96,196,141,98,114,64,79,177,27,88,5,186,199,83,59,129,24,95,171,195,181,120,161,115,191,135,146];False
1432;7568;9000;[74,4,144,70,19,87,121,178,2,32,61,84,77,112,34,147,66,157,103,188,93,124,168,31,142,117,45,182,167,143,149,49,78,128,42,57,197,125,145,126,65,160,91,1,150,105,180,41,36,46,140,92,82,23,189,55,175,12,22,26,176,193,109,20,67,166,38,139,63,118,48,194,29,198,174,184,35,3,169,72,163,25,51,50,190,10,130,113,156,116,44,138,37,94,173,18,131,110,81,153,101,100,30,134,148,11,97,58,158,43,7,0,62,68,123,6,137,60,54,151,119,187,39,107,47,14,13,111,52,89,75,80,71,162,53,183,69,159,164,90,28,155,73,99,106,136,132,152,102,170,172,86,76,133,85,104,17,8,16,56,21,108,192,40,15,9,33,154,122,179,165,185,127,96,171,141,98,114,64,79,177,27,88,5,186,199,83,195,129,24,95,196,59,181,120,161,115,191,135,146];False
1470;7478;8948;[74,4,144,70,19,87,121,178,2,32,61,84,77,112,34,147,66,157,103,188,93,124,168,31,142,117,45,182,167,143,149,49,78,128,42,57,197,125,145,126,65,160,91,1,150,105,180,41,36,46,140,92,82,23,189,47,179,12,22,26,176,193,109,20,67,166,38,139,63,118,48,194,29,198,174,184,35,3,169,72,163,25,51,50,190,10,130,113,156,116,44,138,37,94,173,18,131,110,81,153,101,100,30,134,148,11,97,58,158,43,7,175,62,68,123,6,137,60,54,151,119,187,39,107,55,14,13,111,52,89,75,80,71,162,53,183,69,159,164,90,28,155,73,99,106,136,132,152,102,170,172,86,76,133,85,104,17,8,16,56,21,108,192,40,15,9,33,154,122,0,165,185,127,96,171,141,98,114,64,79,177,27,88,5,186,199,83,59,129,24,95,196,195,181,120,161,115,191,135,146];False
1489;7470;8959;[74,4,144,70,19,87,121,178,2,32,61,84,77,112,34,147,66,157,103,188,93,124,168,31,142,117,45,182,167,143,149,49,78,128,42,57,197,125,145,126,65,160,91,1,150,105,180,41,36,46,140,92,82,23,189,47,175,12,22,26,176,193,109,20,67,166,38,139,63,118,48,194,29,198,174,184,35,3,169,72,163,25,51,50,190,10,130,113,156,71,44,138,37,94,173,18,131,110,81,153,101,100,30,134,148,11,97,58,158,43,7,0,62,68,123,6,137,60,54,151,119,196,39,107,55,14,13,111,52,89,75,80,116,162,53,183,69,159,164,90,28,155,73,99,106,136,132,152,102,170,172,86,76,133,85,104,17,8,16,56,21,108,192,40,15,9,33,154,122,179,165,185,127,96,171,141,98,114,64,79,177,27,88,5,186,199,83,59,129,24,95,187,195,181,120,161,115,191,135,146];False
1435;7557;8992;[74,4,144,70,19,87,121,178,2,32,61,84,77,112,34,147,66,157,103,188,93,124,168,31,142,117,45,182,167,143,149,49,78,128,42,57,197,125,145,126,65,160,91,1,150,105,180,41,36,46,140,92,82,23,189,47,175,12,22,26,176,193,109,20,67,166,38,139,63,118,48,194,29,198,174,184,195,3,169,72,163,25,51,50,190,10,130,113,156,116,44,138,37,94,173,18,131,110,81,153,101,100,30,134,148,11,97,58,158,43,7,0,62,68,123,6,137,60,54,151,119,187,39,107,55,14,13,111,52,89,75,80,71,162,53,183,69,159,164,90,28,155,73,99,106,136,132,152,102,170,172,86,76,133,85,104,17,8,16,56,21,108,192,40,15,9,33,154,122,179,165,185,127,96,196,141,98,114,64,79,177,27,88,5,186,199,83,59,129,24,95,171,35,181,120,161,115,191,135,146];False
1605;7301;8906;[34,4,144,70,19,87,121,178,102,170,182,84,77,112,93,147,66,157,103,116,65,124,168,31,142,117,167,61,45,188,41,49,78,128,42,57,197,125,145,126,143,160,91,1,150,105,180,196,36,46,140,92,82,23,189,47,175,12,22,26,176,193,109,20,67,166,38,139,63,118,48,194,29,198,174,184,35,161,32,72,163,25,51,50,190,10,130,113,156,74,44,138,37,94,173,18,131,110,81,153,101,100,30,134,148,11,97,58,158,43,7,0,62,68,123,6,137,60,54,151,119,187,39,107,55,14,13,111,52,89,75,80,71,162,53,183,69,159,164,90,28,155,73,99,106,136,132,152,2,115,172,86,76,133,85,104,17,8,16,56,21,108,192,40,15,9,33,154,122,179,195,185,127,96,171,141,98,114,64,79,177,27,88,5,186,199,83,59,129,24,95,149,165,181,120,3,169,191,135,146];False
1668;7273;8941;[34,4,144,70,19,87,121,178,102,115,182,1,77,112,93,147,66,157,103,116,65,124,168,31,142,117,167,61,45,188,41,49,78,128,42,57,197,125,145,126,143,160,91,84,150,105,180,196,36,46,140,92,82,23,189,47,175,12,22,26,176,193,109,20,67,166,38,139,63,118,48,194,29,198,174,184,35,161,32,72,163,25,51,50,190,10,130,113,156,74,44,138,37,94,173,18,131,110,81,153,101,100,30,134,148,11,97,58,158,43,7,0,62,68,123,6,137,60,54,151,119,187,39,107,55,14,13,111,52,89,75,80,71,162,53,183,69,159,164,90,28,155,73,99,106,136,132,152,2,170,172,86,76,133,85,104,17,8,16,56,21,108,192,40,15,9,33,154,122,179,195,185,127,96,171,141,98,114,64,79,177,27,88,5,186,199,83,59,129,24,95,149,165,181,120,3,169,191,135,146];False
1624;7290;8914;[34,4,144,70,19,87,121,178,102,115,182,84,77,112,93,147,66,157,103,116,65,124,168,31,142,117,167,61,45,188,196,49,78,128,42,57,197,125,145,126,143,160,91,1,150,105,180,41,36,46,140,92,82,23,189,47,175,12,22,26,176,193,109,20,67,166,38,139,63,118,48,194,29,198,174,184,35,161,32,72,163,25,51,50,190,10,130,113,156,74,44,138,37,94,173,18,131,110,81,153,101,100,30,134,148,11,97,58,158,43,7,0,62,68,123,6,137,60,54,151,119,187,39,107,55,14,13,111,52,89,75,80,71,162,53,183,69,159,164,90,28,155,73,99,106,136,132,152,2,170,172,86,76,133,85,104,17,8,16,56,21,108,192,40,15,9,33,154,122,179,195,185,127,96,171,141,98,114,64,79,177,27,88,5,186,199,83,59,129,24,95,149,165,181,120,3,169,191,135,146];False
1681;7268;8949;[34,4,144,70,19,87,121,178,102,115,182,84,77,112,93,147,66,157,103,116,65,124,168,31,142,117,167,61,45,188,41,49,78,128,42,57,197,125,145,126,143,160,91,1,150,105,180,196,36,46,140,92,82,23,141,47,175,12,22,26,176,193,109,20,67,166,38,139,63,118,48,194,29,198,174,184,35,161,32,72,163,25,51,50,190,10,130,113,156,74,44,138,37,94,173,18,131,110,81,153,101,100,30,134,148,11,97,58,158,43,7,0,62,68,123,6,137,60,54,151,119,187,39,107,55,14,13,111,52,89,75,80,71,162,53,183,69,159,164,90,28,155,73,99,106,136,132,152,2,170,172,86,76,133,85,104,17,8,16,56,21,108,192,40,15,9,33,154,122,179,195,185,127,96,171,189,98,114,64,79,177,27,88,5,186,199,83,59,129,24,95,149,165,181,120,3,169,191,135,146];False
1668;7272;8940;[34,4,144,70,19,87,121,178,102,115,182,84,77,112,93,147,66,157,103,116,65,124,168,31,142,117,167,61,45,188,41,49,78,128,42,57,197,125,145,126,143,160,91,1,150,105,180,196,36,46,140,92,82,23,189,98,175,12,22,26,176,193,109,20,67,166,38,139,63,118,48,194,29,198,174,184,35,161,32,72,163,25,51,50,190,10,130,113,156,74,44,138,37,94,173,18,131,110,81,153,101,100,30,134,148,11,97,58,158,43,7,0,62,68,123,6,137,60,54,151,119,187,39,107,55,14,13,111,52,89,75,80,71,162,53,183,69,159,164,90,28,155,73,99,106,136,132,152,2,170,172,86,76,133,85,104,17,8,16,56,21,108,192,40,15,9,33,154,122,179,195,185,127,96,171,141,47,114,64,79,177,27,88,5,186,199,83,59,129,24,95,149,165,181,120,3,169,191,135,146];False
1679;7266;8945;[34,4,144,70,19,87,121,178,102,115,182,84,77,112,93,147,66,157,103,116,65,124,168,31,142,117,167,61,45,188,41,49,78,128,42,57,197,125,145,126,143,160,91,1,150,105,180,196,36,46,140,92,82,23,189,47,175,12,22,26,176,193,109,20,67,166,38,139,63,118,48,194,29,198,174,184,35,161,32,72,163,25,51,50,190,10,130,113,156,74,44,138,37,94,173,18,131,110,81,153,80,100,30,134,148,11,97,58,158,43,7,0,62,68,123,6,137,60,54,151,119,187,39,107,55,14,13,111,52,89,75,101,71,162,53,183,69,159,164,90,28,155,73,99,106,136,132,152,2,170,172,86,76,133,85,104,17,8,16,56,21,108,192,40,15,9,33,154,122,179,195,185,127,96,171,141,98,114,64,79,177,27,88,5,186,199,83,59,129,24,95,149,165,181,120,3,169,191,135,146];False
1654;7268;8922;[34,4,144,70,19,87,121,178,102,115,182,84,77,112,93,147,66,157,103,116,65,124,168,31,142,117,167,61,45,188,41,49,78,128,42,57,197,125,145,126,143,160,91,1,150,105,180,196,36,46,140,92,82,23,189,47,175,12,22,26,176,193,109,20,67,166,38,139,63,118,48,194,29,198,174,184,35,161,32,72,163,25,51,50,190,10,130,113,156,74,44,138,37,94,173,18,131,110,81,153,101,100,30,134,148,11,97,58,158,43,7,0,181,68,123,6,137,60,54,151,119,187,39,107,55,14,13,111,52,89,75,80,71,162,53,183,69,159,164,90,28,155,73,99,106,136,132,152,2,170,172,86,76,133,85,104,17,8,16,56,21,108,192,40,15,9,33,154,122,179,195,185,127,96,171,141,98,114,64,79,177,27,88,5,186,199,83,59,129,24,95,149,165,62,120,3,169,191,135,146];False
1636;7283;8919;[34,4,144,70,19,87,121,178,2,115,182,84,77,112,93,147,66,157,103,116,65,124,168,31,142,117,167,61,45,188,196,49,78,128,42,57,197,125,145,126,143,160,91,1,150,105,180,41,36,46,140,92,82,23,189,47,175,12,22,26,176,193,109,20,67,166,38,139,63,118,48,194,29,198,174,184,35,161,32,72,163,25,51,50,190,10,130,113,156,74,44,138,37,94,173,18,131,110,81,153,101,100,30,134,148,11,97,58,158,43,7,0,181,68,123,6,137,60,54,151,119,187,39,107,55,14,13,111,52,89,75,80,71,162,53,183,69,159,164,90,28,155,73,99,106,136,132,152,102,170,172,86,76,133,85,104,17,8,16,56,21,108,192,40,15,9,33,154,122,179,195,185,127,96,171,141,98,114,64,79,177,27,88,5,186,199,83,59,129,24,95,149,165,62,120,3,169,191,135,146];False
1688;7264;8952;[34,4,144,70,19,87,121,178,161,115,182,84,77,112,93,147,66,157,103,116,65,124,168,31,142,117,167,61,45,188,41,49,78,128,42,57,197,125,145,126,143,160,91,1,150,105,180,196,36,46,140,92,82,23,189,47,175,12,22,26,176,193,109,20,67,166,38,139,63,118,48,194,29,198,174,184,35,2,32,72,163,25,51,50,190,10,130,113,156,74,44,138,37,94,173,18,131,110,81,153,101,100,30,134,148,11,97,58,158,43,7,0,181,68,123,6,137,60,54,151,119,187,39,107,55,14,13,111,52,89,75,80,71,162,53,183,69,159,164,90,28,155,73,99,106,136,132,152,102,170,172,86,76,133,85,104,17,8,16,56,21,108,192,40,15,9,33,154,122,179,195,185,127,96,171,141,98,114,64,79,177,27,88,5,186,199,83,59,129,24,95,149,165,62,120,3,169,191,135,146];False
1693;7261;8954;[34,4,144,70,19,87,121,178,2,115,182,84,77,112,93,147,66,157,103,116,65,124,168,31,142,117,167,61,45,188,41,49,78,128,42,57,197,125,145,126,143,160,91,1,150,105,180,196,36,46,140,92,82,23,141,47,175,12,22,26,176,193,109,20,67,166,38,139,63,118,48,194,29,198,174,184,35,161,32,72,163,25,51,50,190,10,130,113,156,74,44,138,37,94,173,18,131,110,81,153,101,100,30,134,148,11,97,58,158,43,7,0,181,68,123,6,137,60,54,151,119,187,39,107,55,14,13,111,52,89,75,80,71,162,53,183,69,159,164,90,28,155,73,99,106,136,132,152,102,170,172,86,76,133,85,104,17,8,16,56,21,108,192,40,15,9,33,154,122,179,195,185,127,96,171,189,98,114,64,79,177,27,88,5,186,199,83,59,129,24,95,149,165,62,120,3,169,191,135,146];False
1680;7265;8945;[34,4,144,70,19,87,121,178,2,115,182,84,77,112,93,147,66,157,103,116,65,124,168,31,142,117,167,61,45,188,41,49,78,128,42,57,197,125,145,126,143,160,91,1,150,105,180,196,36,46,140,92,82,23,189,98,175,12,22,26,176,193,109,20,67,166,38,139,63,118,48,194,29,198,174,184,35,161,32,72,163,25,51,50,190,10,130,113,156,74,44,138,37,94,173,18,131,110,81,153,101,100,30,134,148,11,97,58,158,43,7,0,181,68,123,6,137,60,54,151,119,187,39,107,55,14,13,111,52,89,75,80,71,162,53,183,69,159,164,90,28,155,73,99,106,136,132,152,102,170,172,86,76,133,85,104,17,8,16,56,21,108,192,40,15,9,33,154,122,179,195,185,127,96,171,141,47,114,64,79,177,27,88,5,186,199,83,59,129,24,95,149,165,62,120,3,169,191,135,146];False
1691;7259;8950;[34,4,144,70,19,87,121,178,2,115,182,84,77,112,93,147,66,157,103,116,65,124,168,31,142,117,167,61,45,188,41,49,78,128,42,57,197,125,145,126,143,160,91,1,150,105,180,196,36,46,140,92,82,23,189,47,175,12,22,26,176,193,109,20,67,166,38,139,63,118,48,194,29,198,174,184,35,161,32,72,163,25,51,50,190,10,130,113,156,74,44,138,37,94,173,18,131,110,81,153,80,100,30,134,148,11,97,58,158,43,7,0,181,68,123,6,137,60,54,151,119,187,39,107,55,14,13,111,52,89,75,101,71,162,53,183,69,159,164,90,28,155,73,99,106,136,132,152,102,170,172,86,76,133,85,104,17,8,16,56,21,108,192,40,15,9,33,154,122,179,195,185,127,96,171,141,98,114,64,79,177,27,88,5,186,199,83,59,129,24,95,149,165,62,120,3,169,191,135,146];False
1424;7585;9009;[74,4,144,70,19,87,121,178,2,169,61,84,77,112,34,147,66,157,103,188,93,124,168,31,142,117,45,182,167,143,149,49,78,128,42,57,197,125,145,126,65,160,91,1,150,105,180,41,36,46,140,92,82,23,189,55,175,12,22,26,176,193,109,20,67,166,38,139,63,118,48,194,29,198,174,184,35,3,32,72,163,25,51,50,190,10,130,113,156,116,44,138,37,94,173,18,131,110,81,153,101,100,30,134,148,11,97,58,158,43,7,0,62,68,123,6,137,60,54,151,119,187,39,107,47,14,13,111,52,89,75,80,71,162,53,183,69,159,164,90,28,155,73,99,106,136,132,152,102,170,172,86,76,133,85,104,17,8,16,56,21,108,192,40,15,9,33,154,122,179,165,185,127,96,196,141,98,114,64,79,177,27,88,5,186,199,83,59,129,24,95,171,195,181,120,161,115,191,135,146];False
1432;7564;8996;[74,4,144,70,19,87,121,178,2,169,61,84,77,112,34,147,66,157,103,188,93,124,168,31,142,117,45,182,167,143,149,49,78,128,42,57,197,125,145,126,65,160,91,1,150,105,180,41,36,46,140,92,82,23,189,47,175,12,22,26,176,193,109,20,67,166,38,139,63,118,48,194,29,198,174,184,35,181,32,72,163,25,51,50,190,10,130,113,156,116,44,138,37,94,173,18,131,110,81,153,101,100,30,134,148,11,97,58,158,43,7,0,62,68,123,6,137,60,54,151,119,187,39,107,55,14,13,111,52,89,75,80,71,162,53,183,69,159,164,90,28,155,73,99,106,136,132,152,102,170,172,86,76,133,85,104,17,8,16,56,21,108,192,40,15,9,33,154,122,179,165,185,127,96,196,141,98,114,64,79,177,27,88,5,186,199,83,59,129,24,95,171,195,3,120,161,115,191,135,146];False
1395;7706;9101;[74,4,144,78,19,87,121,178,2,32,61,84,77,112,34,147,66,157,103,188,93,124,168,31,142,117,45,182,167,143,149,49,70,128,42,57,197,125,145,126,65,160,91,1,150,105,180,41,36,46,140,92,82,23,189,55,175,12,22,26,176,193,109,20,67,166,38,139,63,118,48,194,196,198,174,184,35,3,169,72,163,25,51,50,190,10,130,113,156,116,44,138,37,94,173,18,131,110,81,153,101,100,30,134,148,11,97,58,158,43,7,0,62,68,123,6,137,60,54,151,119,187,39,107,47,14,13,111,52,89,75,80,71,162,53,183,69,159,164,90,28,155,73,99,106,136,132,152,102,170,172,86,76,133,85,104,17,8,16,56,21,108,192,40,15,9,33,154,122,179,165,185,127,96,171,141,98,114,64,79,177,27,88,5,186,199,83,59,129,24,95,29,195,181,120,161,115,191,135,146];False
1396;7682;9078;[74,4,144,70,19,87,121,178,2,32,61,84,77,112,34,147,66,157,103,188,93,124,168,31,142,117,45,182,167,143,149,49,78,128,42,57,197,125,145,126,65,160,91,1,150,105,180,41,36,46,140,92,82,23,189,55,175,12,22,131,176,193,109,20,67,166,38,139,63,118,48,194,196,198,174,184,35,3,169,72,163,25,51,50,190,10,130,113,156,116,44,138,37,94,173,18,26,110,81,153,101,100,30,134,148,11,97,58,158,43,7,0,62,68,123,6,137,60,54,151,119,187,39,107,47,14,13,111,52,89,75,80,71,162,53,183,69,159,164,90,28,155,73,99,106,136,132,152,102,170,172,86,76,133,85,104,17,8,16,56,21,108,192,40,15,9,33,154,122,179,165,185,127,96,171,141,98,114,64,79,177,27,88,5,186,199,83,59,129,24,95,29,195,181,120,161,115,191,135,146];False
1404;7673;9077;[74,4,144,70,19,87,121,178,2,32,61,84,77,112,34,147,66,157,103,188,93,124,168,31,142,117,45,182,167,143,149,49,78,128,42,57,197,125,145,126,65,160,91,1,150,105,180,41,36,46,140,92,82,23,189,55,175,12,22,26,176,193,109,20,67,166,38,139,63,118,48,194,196,198,174,184,35,3,169,72,163,25,51,50,190,10,130,113,156,116,44,138,37,94,173,18,131,110,81,153,101,100,30,134,148,11,97,58,158,43,7,0,62,68,123,6,137,60,54,151,119,187,39,107,47,14,13,111,52,89,75,80,71,162,53,183,69,159,90,164,28,155,73,99,106,136,132,152,102,170,172,86,76,133,85,104,17,8,16,56,21,108,192,40,15,9,33,154,122,179,165,185,127,96,171,141,98,114,64,79,177,27,88,5,186,199,83,59,129,24,95,29,195,181,120,161,115,191,135,146];False
1401;7673;9074;[74,4,144,78,19,87,121,178,2,32,61,84,77,112,34,147,66,157,103,188,93,124,168,31,142,117,45,182,167,143,149,49,70,128,42,57,197,125,145,126,65,160,91,1,150,105,180,41,36,46,140,92,82,23,189,55,175,12,22,26,176,193,109,20,67,166,38,139,63,118,48,194,29,198,174,184,35,3,169,72,163,25,51,50,190,10,130,113,156,116,44,138,37,94,173,18,131,110,81,153,101,100,30,134,148,11,97,58,158,43,7,0,62,68,123,6,137,60,54,151,119,187,39,107,47,14,13,111,52,89,75,80,71,162,53,183,69,159,164,90,28,155,73,99,106,136,132,152,102,170,172,86,76,133,85,104,17,8,16,56,21,108,192,40,15,9,33,154,122,179,165,185,127,96,196,141,98,114,64,79,177,27,88,5,186,199,83,59,129,24,95,171,195,181,120,161,115,191,135,146];False
1402;7649;9051;[74,4,144,70,19,87,121,178,2,32,61,84,77,112,34,147,66,157,103,188,93,124,168,31,142,117,45,182,167,143,149,49,78,128,42,57,197,125,145,126,65,160,91,1,150,105,180,41,36,46,140,92,82,23,189,55,175,12,22,131,176,193,109,20,67,166,38,139,63,118,48,194,29,198,174,184,35,3,169,72,163,25,51,50,190,10,130,113,156,116,44,138,37,94,173,18,26,110,81,153,101,100,30,134,148,11,97,58,158,43,7,0,62,68,123,6,137,60,54,151,119,187,39,107,47,14,13,111,52,89,75,80,71,162,53,183,69,159,164,90,28,155,73,99,106,136,132,152,102,170,172,86,76,133,85,104,17,8,16,56,21,108,192,40,15,9,33,154,122,179,165,185,127,96,196,141,98,114,64,79,177,27,88,5,186,199,83,59,129,24,95,171,195,181,120,161,115,191,135,146];False
1409;7629;9038;[74,4,144,70,19,87,121,178,2,32,61,84,77,112,34,147,66,157,103,188,93,124,168,31,142,117,45,182,167,143,149,49,78,128,42,57,197,125,145,126,65,160,91,1,150,105,180,41,36,46,140,92,82,23,189,55,175,12,22,26,176,193,109,20,67,166,38,139,63,118,48,194,29,198,174,184,195,3,169,72,163,25,51,50,190,10,130,113,156,116,44,138,37,94,173,18,131,110,81,153,101,100,30,134,148,11,97,58,158,43,7,0,62,68,123,6,137,60,54,151,119,187,39,107,47,14,13,111,52,89,75,80,71,162,53,183,69,159,164,90,28,155,73,99,106,136,132,152,102,170,172,86,76,133,85,104,17,8,16,56,21,108,192,40,15,9,33,154,122,179,165,185,127,96,196,141,98,114,64,79,177,27,88,5,186,199,83,59,129,24,95,171,35,181,120,161,115,191,135,146];False
1481;7473;8954;[180,4,144,70,19,87,121,178,2,32,61,84,77,112,34,147,66,157,103,188,93,124,168,31,142,117,45,182,167,143,149,49,78,128,42,57,197,125,145,126,65,160,91,1,150,105,74,41,36,46,140,92,82,23,189,47,179,12,22,26,176,193,109,20,67,166,38,139,63,118,48,194,29,198,174,184,35,3,169,72,163,25,51,50,190,10,130,113,156,116,44,138,37,94,173,18,131,110,81,153,101,100,30,134,148,11,97,58,158,43,7,175,62,68,123,6,137,60,54,151,119,187,39,107,55,14,13,111,52,89,75,80,71,162,53,183,69,159,164,90,28,155,73,99,106,136,132,152,102,170,172,86,76,133,85,104,17,8,16,56,21,108,192,40,15,9,33,154,122,0,165,185,127,96,171,141,98,114,64,79,177,27,88,5,186,199,83,59,129,24,95,196,195,181,120,161,115,191,135,146];False
1478;7476;8954;[74,4,144,70,19,87,121,178,2,169,61,84,77,112,34,147,66,157,103,188,93,124,168,31,142,117,45,182,167,143,149,49,78,128,42,57,197,125,145,126,65,160,91,1,150,105,180,41,36,46,140,92,82,23,189,47,179,12,22,26,176,193,109,20,67,166,38,139,63,118,48,194,29,198,174,184,35,3,32,72,163,25,51,50,190,10,130,113,156,116,44,138,37,94,173,18,131,110,81,153,101,100,30,134,148,11,97,58,158,43,7,175,62,68,123,6,137,60,54,151,119,187,39,107,55,14,13,111,52,89,75,80,71,162,53,183,69,159,164,90,28,155,73,99,106,136,132,152,102,170,172,86,76,133,85,104,17,8,16,56,21,108,192,40,15,9,33,154,122,0,165,185,127,96,171,141,98,114,64,79,177,27,88,5,186,199,83,59,129,24,95,196,195,181,120,161,115,191,135,146];False
1419;7585;9004;[74,4,144,70,19,87,121,178,2,32,61,84,77,112,34,147,66,157,103,188,93,124,168,31,142,117,45,182,167,143,149,49,78,128,42,57,197,125,145,195,65,160,91,1,150,105,180,41,36,46,140,92,82,23,189,47,175,12,22,26,176,193,109,20,67,166,38,139,63,118,48,194,29,198,174,184,126,3,169,72,163,25,51,50,190,10,130,113,156,116,44,138,37,94,173,18,131,110,81,153,101,100,30,134,148,11,97,58,158,43,7,0,62,68,123,6,137,60,54,151,119,187,39,107,55,14,13,111,52,89,75,80,71,162,53,183,69,159,164,90,28,155,73,99,106,136,132,152,102,170,172,86,76,133,85,104,17,8,16,56,21,108,192,40,15,9,33,154,122,179,165,185,127,96,196,141,98,114,64,79,177,27,88,5,186,199,83,59,129,24,95,171,35,181,120,161,115,191,135,146];False
1595;7298;8893;[34,4,144,70,19,87,121,178,102,170,182,84,77,112,93,147,66,157,103,116,65,124,168,31,142,117,167,61,45,188,41,49,78,128,42,57,197,125,145,126,143,160,91,1,150,105,180,196,36,46,140,92,82,23,189,47,175,12,22,26,176,193,109,20,67,166,38,139,63,118,48,194,29,198,174,184,35,161,32,72,163,25,51,50,190,10,130,113,156,74,44,138,37,94,173,18,131,110,81,153,101,100,30,134,148,11,97,58,158,43,7,0,62,68,123,6,137,60,54,151,119,187,39,107,55,14,13,111,52,89,75,80,71,162,53,183,69,159,164,90,28,155,73,99,106,136,132,152,2,169,172,86,76,133,85,104,17,8,16,56,21,108,192,40,15,9,33,154,122,179,195,185,127,96,171,141,98,114,64,79,177,27,88,5,186,199,83,59,129,24,95,149,165,181,120,3,115,191,135,146];False
1653;7274;8927;[34,4,144,70,19,87,121,178,102,115,182,84,77,112,93,147,66,157,103,116,65,124,168,31,142,117,167,61,45,188,196,49,78,128,42,57,197,125,145,126,143,160,91,1,150,105,180,41,36,46,140,92,82,23,189,47,175,12,22,26,176,193,109,20,67,166,38,139,63,118,48,194,29,198,174,184,35,161,32,72,163,25,51,50,190,10,130,113,156,74,44,138,37,94,173,18,131,110,81,153,101,100,30,134,148,11,97,58,158,43,7,0,181,68,123,6,137,60,54,151,119,187,39,107,55,14,13,111,52,89,75,80,71,162,53,183,69,159,164,90,28,155,73,99,106,136,132,152,2,170,172,86,76,133,85,104,17,8,16,56,21,108,192,40,15,9,33,154,122,179,195,185,127,96,171,141,98,114,64,79,177,27,88,5,186,199,83,59,129,24,95,149,165,62,120,3,169,191,135,146];False
1708;7250;8958;[34,4,144,70,19,87,121,178,102,115,182,84,77,112,93,147,66,157,103,116,65,124,168,31,142,117,167,61,45,188,41,49,78,128,42,57,197,125,145,126,143,160,91,1,150,105,180,196,36,46,140,92,82,23,189,47,175,12,22,26,176,193,109,20,67,166,38,139,63,118,48,194,29,198,174,184,35,161,32,72,163,25,51,50,190,10,130,113,156,74,44,138,37,94,173,18,131,110,81,153,80,100,30,134,148,11,97,58,158,43,7,0,181,68,123,6,137,60,54,151,119,187,39,107,55,14,13,111,52,89,75,101,71,162,53,183,69,159,164,90,28,155,73,99,106,136,132,152,2,170,172,86,76,133,85,104,17,8,16,56,21,108,192,40,15,9,33,154,122,179,195,185,127,96,171,141,98,114,64,79,177,27,88,5,186,199,83,59,129,24,95,149,165,62,120,3,169,191,135,146];False
1697;7257;8954;[34,4,144,70,19,87,121,178,102,115,182,1,77,112,93,147,66,157,103,116,65,124,168,31,142,117,167,61,45,188,41,49,78,128,42,57,197,125,145,126,143,160,91,84,150,105,180,196,36,46,140,92,82,23,189,47,175,12,22,26,176,193,109,20,67,166,38,139,63,118,48,194,29,198,174,184,35,161,32,72,163,25,51,50,190,10,130,113,156,74,44,138,37,94,173,18,131,110,81,153,101,100,30,134,148,11,97,58,158,43,7,0,181,68,123,6,137,60,54,151,119,187,39,107,55,14,13,111,52,89,75,80,71,162,53,183,69,159,164,90,28,155,73,99,106,136,132,152,2,170,172,86,76,133,85,104,17,8,16,56,21,108,192,40,15,9,33,154,122,179,195,185,127,96,171,141,98,114,64,79,177,27,88,5,186,199,83,59,129,24,95,149,165,62,120,3,169,191,135,146];False
1697;7256;8953;[34,4,144,70,19,87,121,178,102,115,182,84,77,112,93,147,66,157,103,116,65,124,168,31,142,117,167,61,45,188,41,49,78,128,42,57,197,125,145,126,143,160,91,1,150,105,180,196,36,46,140,92,82,23,189,98,175,12,22,26,176,193,109,20,67,166,38,139,63,118,48,194,29,198,174,184,35,161,32,72,163,25,51,50,190,10,130,113,156,74,44,138,37,94,173,18,131,110,81,153,101,100,30,134,148,11,97,58,158,43,7,0,181,68,123,6,137,60,54,151,119,187,39,107,55,14,13,111,52,89,75,80,71,162,53,183,69,159,164,90,28,155,73,99,106,136,132,152,2,170,172,86,76,133,85,104,17,8,16,56,21,108,192,40,15,9,33,154,122,179,195,185,127,96,171,141,47,114,64,79,177,27,88,5,186,199,83,59,129,24,95,149,165,62,120,3,169,191,135,146];False
1602;7286;8888;[34,4,144,70,19,87,121,178,161,35,182,84,77,112,93,147,66,157,103,116,65,124,168,31,142,117,167,61,45,188,41,49,78,128,42,57,197,125,145,126,143,160,91,1,150,105,180,196,36,46,140,92,82,23,189,47,175,12,22,26,176,193,109,20,67,166,38,139,63,118,48,194,29,198,174,184,115,2,32,72,163,25,51,50,190,10,130,113,156,74,44,138,37,94,173,18,131,110,81,153,101,100,30,134,148,11,97,58,158,43,7,0,181,68,123,6,137,60,54,151,119,187,39,107,55,14,13,111,52,89,75,80,71,162,53,183,69,159,164,90,28,155,73,99,106,136,132,152,102,170,172,86,76,133,85,104,17,8,16,56,21,108,192,40,15,9,33,154,122,179,195,185,127,96,171,141,98,114,64,79,177,27,88,5,186,199,83,59,129,24,95,149,165,62,120,3,169,191,135,146];False
1687;7264;8951;[34,4,144,70,19,87,121,178,161,115,182,35,77,112,93,147,66,157,103,116,65,124,168,31,142,117,167,61,45,188,41,49,78,128,42,57,197,125,145,126,143,160,91,1,150,105,180,196,36,46,140,92,82,23,189,47,175,12,22,26,176,193,109,20,67,166,38,139,63,118,48,194,29,198,174,184,84,2,32,72,163,25,51,50,190,10,130,113,156,74,44,138,37,94,173,18,131,110,81,153,101,100,30,134,148,11,97,58,158,43,7,0,181,68,123,6,137,60,54,151,119,187,39,107,55,14,13,111,52,89,75,80,71,162,53,183,69,159,164,90,28,155,73,99,106,136,132,152,102,170,172,86,76,133,85,104,17,8,16,56,21,108,192,40,15,9,33,154,122,179,195,185,127,96,171,141,98,114,64,79,177,27,88,5,186,199,83,59,129,24,95,149,165,62,120,3,169,191,135,146];False
1406;7636;9042;[74,4,144,70,19,87,121,178,2,169,61,84,77,112,34,147,66,157,103,188,93,124,168,31,142,117,45,182,167,143,149,49,78,128,42,57,197,125,145,126,65,160,91,1,150,105,180,41,36,46,140,92,82,23,189,55,175,12,22,26,176,193,109,20,67,166,38,139,63,118,48,194,29,198,174,184,35,181,32,72,163,25,51,50,190,10,130,113,156,116,44,138,37,94,173,18,131,110,81,153,101,100,30,134,148,11,97,58,158,43,7,0,62,68,123,6,137,60,54,151,119,187,39,107,47,14,13,111,52,89,75,80,71,162,53,183,69,159,164,90,28,155,73,99,106,136,132,152,102,170,172,86,76,133,85,104,17,8,16,56,21,108,192,40,15,9,33,154,122,179,165,185,127,96,196,141,98,114,64,79,177,27,88,5,186,199,83,59,129,24,95,171,195,3,120,161,115,191,135,146];False
1384;7723;9107;[74,4,144,93,19,87,121,178,2,32,61,84,77,112,34,147,66,157,103,188,78,124,168,31,142,117,45,182,167,143,149,49,70,128,42,57,197,125,145,126,65,160,91,1,150,105,180,41,36,46,140,92,82,23,189,55,175,12,22,26,176,193,109,20,67,166,38,139,63,118,48,194,196,198,174,184,35,3,169,72,163,25,51,50,190,10,130,113,156,116,44,138,37,94,173,18,131,110,81,153,101,100,30,134,148,11,97,58,158,43,7,0,62,68,123,6,137,60,54,151,119,187,39,107,47,14,13,111,52,89,75,80,71,162,53,183,69,159,164,90,28,155,73,99,106,136,132,152,102,170,172,86,76,133,85,104,17,8,16,56,21,108,192,40,15,9,33,154,122,179,165,185,127,96,171,141,98,114,64,79,177,27,88,5,186,199,83,59,129,24,95,29,195,181,120,161,115,191,135,146];False
1392;7720;9112;[74,4,144,49,19,87,121,178,2,32,61,84,77,112,34,147,66,157,103,188,93,124,168,31,142,117,45,182,167,143,149,78,70,128,42,57,197,125,145,126,65,160,91,1,150,105,180,41,36,46,140,92,82,23,189,55,175,12,22,26,176,193,109,20,67,166,38,139,63,118,48,194,196,198,174,184,35,3,169,72,163,25,51,50,190,10,130,113,156,116,44,138,37,94,173,18,131,110,81,153,101,100,30,134,148,11,97,58,158,43,7,0,62,68,123,6,137,60,54,151,119,187,39,107,47,14,13,111,52,89,75,80,71,162,53,183,69,159,164,90,28,155,73,99,106,136,132,152,102,170,172,86,76,133,85,104,17,8,16,56,21,108,192,40,15,9,33,154,122,179,165,185,127,96,171,141,98,114,64,79,177,27,88,5,186,199,83,59,129,24,95,29,195,181,120,161,115,191,135,146];False
1381;7768;9149;[74,4,144,78,19,87,121,178,2,32,61,84,77,112,34,147,66,157,103,188,93,124,168,31,142,117,45,182,167,143,149,49,70,128,42,57,197,125,145,126,65,160,91,1,150,105,180,41,36,46,140,92,82,23,189,55,175,12,22,131,176,193,109,20,67,166,38,139,63,118,48,194,196,198,174,184,35,3,169,72,163,25,51,50,190,10,130,113,156,116,44,138,37,94,173,18,26,110,81,153,101,100,30,134,148,11,97,58,158,43,7,0,62,68,123,6,137,60,54,151,119,187,39,107,47,14,13,111,52,89,75,80,71,162,53,183,69,159,164,90,28,155,73,99,106,136,132,152,102,170,172,86,76,133,85,104,17,8,16,56,21,108,192,40,15,9,33,154,122,179,165,185,127,96,171,141,98,114,64,79,177,27,88,5,186,199,83,59,129,24,95,29,195,181,120,161,115,191,135,146];False
1390;7690;9080;[74,4,144,93,19,87,121,178,2,32,61,84,77,112,34,147,66,157,103,188,78,124,168,31,142,117,45,182,167,143,149,49,70,128,42,57,197,125,145,126,65,160,91,1,150,105,180,41,36,46,140,92,82,23,189,55,175,12,22,26,176,193,109,20,67,166,38,139,63,118,48,194,29,198,174,184,35,3,169,72,163,25,51,50,190,10,130,113,156,116,44,138,37,94,173,18,131,110,81,153,101,100,30,134,148,11,97,58,158,43,7,0,62,68,123,6,137,60,54,151,119,187,39,107,47,14,13,111,52,89,75,80,71,162,53,183,69,159,164,90,28,155,73,99,106,136,132,152,102,170,172,86,76,133,85,104,17,8,16,56,21,108,192,40,15,9,33,154,122,179,165,185,127,96,196,141,98,114,64,79,177,27,88,5,186,199,83,59,129,24,95,171,195,181,120,161,115,191,135,146];False
1393;7657;9050;[74,4,144,70,19,87,121,178,2,32,61,84,77,112,34,147,66,157,103,188,93,124,168,31,142,117,45,182,167,143,149,49,78,128,42,57,197,125,145,195,65,160,91,1,150,105,180,41,36,46,140,92,82,23,189,55,175,12,22,26,176,193,109,20,67,166,38,139,63,118,48,194,29,198,174,184,126,3,169,72,163,25,51,50,190,10,130,113,156,116,44,138,37,94,173,18,131,110,81,153,101,100,30,134,148,11,97,58,158,43,7,0,62,68,123,6,137,60,54,151,119,187,39,107,47,14,13,111,52,89,75,80,71,162,53,183,69,159,164,90,28,155,73,99,106,136,132,152,102,170,172,86,76,133,85,104,17,8,16,56,21,108,192,40,15,9,33,154,122,179,165,185,127,96,196,141,98,114,64,79,177,27,88,5,186,199,83,59,129,24,95,171,35,181,120,161,115,191,135,146];False
1399;7595;8994;[74,4,144,70,19,87,121,178,2,32,61,84,77,112,34,147,66,157,103,188,93,124,168,31,142,117,45,182,167,143,149,49,78,128,42,57,197,125,83,195,65,160,91,1,150,105,180,41,36,46,140,92,82,23,189,47,175,12,22,26,176,193,109,20,67,166,38,139,63,118,48,194,29,198,174,184,126,3,169,72,163,25,51,50,190,10,130,113,156,116,44,138,37,94,173,18,131,110,81,153,101,100,30,134,148,11,97,58,158,43,7,0,62,68,123,6,137,60,54,151,119,187,39,107,55,14,13,111,52,89,75,80,71,162,53,183,69,159,164,90,28,155,73,99,106,136,132,152,102,170,172,86,76,133,85,104,17,8,16,56,21,108,192,40,15,9,33,154,122,179,165,185,127,96,196,141,98,114,64,79,177,27,88,5,186,199,145,59,129,24,95,171,35,181,120,161,115,191,135,146];False
1405;7577;8982;[74,4,144,70,19,87,121,178,2,32,61,84,77,112,34,147,66,157,103,188,93,124,168,31,142,117,45,182,167,143,149,49,78,128,42,57,197,125,145,130,65,160,91,1,150,105,180,41,36,46,140,92,82,23,189,47,175,12,22,26,176,193,109,20,67,166,38,139,63,118,48,194,29,198,174,184,126,3,169,72,163,25,51,50,190,10,195,113,156,116,44,138,37,94,173,18,131,110,81,153,101,100,30,134,148,11,97,58,158,43,7,0,62,68,123,6,137,60,54,151,119,187,39,107,55,14,13,111,52,89,75,80,71,162,53,183,69,159,164,90,28,155,73,99,106,136,132,152,102,170,172,86,76,133,85,104,17,8,16,56,21,108,192,40,15,9,33,154,122,179,165,185,127,96,196,141,98,114,64,79,177,27,88,5,186,199,83,59,129,24,95,171,35,181,120,161,115,191,135,146];False
1594;7304;8898;[34,4,144,70,19,87,121,178,102,170,182,84,77,112,93,147,66,157,103,116,65,124,168,31,142,117,167,61,45,188,196,49,78,128,42,57,197,125,145,126,143,160,91,1,150,105,180,41,36,46,140,92,82,23,189,47,175,12,22,26,176,193,109,20,67,166,38,139,63,118,48,194,29,198,174,184,35,161,32,72,163,25,51,50,190,10,130,113,156,74,44,138,37,94,173,18,131,110,81,153,101,100,30,134,148,11,97,58,158,43,7,0,62,68,123,6,137,60,54,151,119,187,39,107,55,14,13,111,52,89,75,80,71,162,53,183,69,159,164,90,28,155,73,99,106,136,132,152,2,169,172,86,76,133,85,104,17,8,16,56,21,108,192,40,15,9,33,154,122,179,195,185,127,96,171,141,98,114,64,79,177,27,88,5,186,199,83,59,129,24,95,149,165,181,120,3,115,191,135,146];False
1580;7307;8887;[34,4,144,70,19,87,121,178,102,170,182,84,77,112,93,147,66,157,103,116,65,124,168,31,142,117,167,61,45,188,41,49,78,128,42,57,197,125,145,126,143,160,91,1,150,105,180,196,36,46,140,92,82,23,189,47,175,12,22,26,176,193,109,20,67,166,38,139,63,118,48,194,29,198,174,184,35,3,32,72,163,25,51,50,190,10,130,113,156,74,44,138,37,94,173,18,131,110,81,153,101,100,30,134,148,11,97,58,158,43,7,0,62,68,123,6,137,60,54,151,119,187,39,107,55,14,13,111,52,89,75,80,71,162,53,183,69,159,164,90,28,155,73,99,106,136,132,152,2,169,172,86,76,133,85,104,17,8,16,56,21,108,192,40,15,9,33,154,122,179,195,185,127,96,171,141,98,114,64,79,177,27,88,5,186,199,83,59,129,24,95,149,165,181,120,161,115,191,135,146];False
1624;7282;8906;[34,4,144,70,19,87,121,178,102,170,182,84,77,112,93,147,66,157,103,116,65,124,168,31,142,117,167,61,45,188,41,49,78,128,42,57,197,125,145,126,143,160,91,1,150,105,180,196,36,46,140,92,82,23,189,47,175,12,22,26,176,193,109,20,67,166,38,139,63,118,48,194,29,198,174,184,35,161,32,72,163,25,51,50,190,10,130,113,156,74,44,138,37,94,173,18,131,110,81,153,101,100,30,134,148,11,97,58,158,43,7,0,181,68,123,6,137,60,54,151,119,187,39,107,55,14,13,111,52,89,75,80,71,162,53,183,69,159,164,90,28,155,73,99,106,136,132,152,2,169,172,86,76,133,85,104,17,8,16,56,21,108,192,40,15,9,33,154,122,179,195,185,127,96,171,141,98,114,64,79,177,27,88,5,186,199,83,59,129,24,95,149,165,62,120,3,115,191,135,146];False
1703;7255;8958;[34,4,144,70,19,87,121,178,102,75,182,84,77,112,93,147,66,157,103,116,65,124,168,31,142,117,167,61,45,188,41,49,78,128,42,57,197,125,145,126,143,160,91,1,150,105,180,196,36,46,140,92,82,23,189,47,175,12,22,26,176,193,109,20,67,166,38,139,63,118,48,194,29,198,174,184,35,161,32,72,163,25,51,50,190,10,130,113,156,74,44,138,37,94,173,18,131,110,81,153,80,100,30,134,148,11,97,58,158,43,7,0,181,68,123,6,137,60,54,151,119,187,39,107,55,14,13,111,52,89,115,101,71,162,53,183,69,159,164,90,28,155,73,99,106,136,132,152,2,170,172,86,76,133,85,104,17,8,16,56,21,108,192,40,15,9,33,154,122,179,195,185,127,96,171,141,98,114,64,79,177,27,88,5,186,199,83,59,129,24,95,149,165,62,120,3,169,191,135,146];False
1727;7243;8970;[34,4,144,70,19,87,121,178,102,115,71,84,77,112,93,147,66,157,103,116,65,124,168,31,142,117,167,61,45,188,41,49,78,128,42,57,197,125,145,126,143,160,91,1,150,105,180,196,36,46,140,92,82,23,189,47,175,12,22,26,176,193,109,20,67,166,38,139,63,118,48,194,29,198,174,184,35,161,32,72,163,25,51,50,190,10,130,113,156,74,44,138,37,94,173,18,131,110,81,153,80,100,30,134,148,11,97,58,158,43,7,0,181,68,123,6,137,60,54,151,119,187,39,107,55,14,13,111,52,89,75,101,182,162,53,183,69,159,164,90,28,155,73,99,106,136,132,152,2,170,172,86,76,133,85,104,17,8,16,56,21,108,192,40,15,9,33,154,122,179,195,185,127,96,171,141,98,114,64,79,177,27,88,5,186,199,83,59,129,24,95,149,165,62,120,3,169,191,135,146];False
1670;7264;8934;[34,4,144,70,19,87,121,178,35,161,182,84,77,112,93,147,66,157,103,116,65,124,168,31,142,117,167,61,45,188,41,49,78,128,42,57,197,125,145,126,143,160,91,1,150,105,180,196,36,46,140,92,82,23,189,47,175,12,22,26,176,193,109,20,67,166,38,139,63,118,48,194,29,198,174,184,115,2,32,72,163,25,51,50,190,10,130,113,156,74,44,138,37,94,173,18,131,110,81,153,101,100,30,134,148,11,97,58,158,43,7,0,181,68,123,6,137,60,54,151,119,187,39,107,55,14,13,111,52,89,75,80,71,162,53,183,69,159,164,90,28,155,73,99,106,136,132,152,102,170,172,86,76,133,85,104,17,8,16,56,21,108,192,40,15,9,33,154,122,179,195,185,127,96,171,141,98,114,64,79,177,27,88,5,186,199,83,59,129,24,95,149,165,62,120,3,169,191,135,146];False
1617;7267;8884;[34,4,144,70,19,87,121,178,161,102,182,84,77,112,93,147,66,157,103,116,65,124,168,31,142,117,167,61,45,188,41,49,78,128,42,57,197,125,145,126,143,160,91,1,150,105,180,196,36,46,140,92,82,23,189,47,175,12,22,26,176,193,109,20,67,166,38,139,63,118,48,194,29,198,174,184,115,2,32,72,163,25,51,50,190,10,130,113,156,74,44,138,37,94,173,18,131,110,81,153,101,100,30,134,148,11,97,58,158,43,7,0,181,68,123,6,137,60,54,151,119,187,39,107,55,14,13,111,52,89,75,80,71,162,53,183,69,159,164,90,28,155,73,99,106,136,132,152,35,170,172,86,76,133,85,104,17,8,16,56,21,108,192,40,15,9,33,154,122,179,195,185,127,96,171,141,98,114,64,79,177,27,88,5,186,199,83,59,129,24,95,149,165,62,120,3,169,191,135,146];False
1605;7276;8881;[34,4,144,70,19,87,121,178,161,35,61,84,77,112,93,147,66,157,103,116,65,124,168,31,142,117,167,182,45,188,41,49,78,128,42,57,197,125,145,126,143,160,91,1,150,105,180,196,36,46,140,92,82,23,189,47,175,12,22,26,176,193,109,20,67,166,38,139,63,118,48,194,29,198,174,184,115,2,32,72,163,25,51,50,190,10,130,113,156,74,44,138,37,94,173,18,131,110,81,153,101,100,30,134,148,11,97,58,158,43,7,0,181,68,123,6,137,60,54,151,119,187,39,107,55,14,13,111,52,89,75,80,71,162,53,183,69,159,164,90,28,155,73,99,106,136,132,152,102,170,172,86,76,133,85,104,17,8,16,56,21,108,192,40,15,9,33,154,122,179,195,185,127,96,171,141,98,114,64,79,177,27,88,5,186,199,83,59,129,24,95,149,165,62,120,3,169,191,135,146];False
1601;7292;8893;[34,4,144,70,19,87,121,178,161,35,182,84,77,112,93,147,66,157,103,116,65,124,168,31,142,117,167,61,45,188,196,49,78,128,42,57,197,125,145,126,143,160,91,1,150,105,180,41,36,46,140,92,82,23,189,47,175,12,22,26,176,193,109,20,67,166,38,139,63,118,48,194,29,198,174,184,115,2,32,72,163,25,51,50,190,10,130,113,156,74,44,138,37,94,173,18,131,110,81,153,101,100,30,134,148,11,97,58,158,43,7,0,181,68,123,6,137,60,54,151,119,187,39,107,55,14,13,111,52,89,75,80,71,162,53,183,69,159,164,90,28,155,73,99,106,136,132,152,102,170,172,86,76,133,85,104,17,8,16,56,21,108,192,40,15,9,33,154,122,179,195,185,127,96,171,141,98,114,64,79,177,27,88,5,186,199,83,59,129,24,95,149,165,62,120,3,169,191,135,146];False
1690;7257;8947;[34,4,144,70,19,87,121,178,161,35,182,84,77,112,93,147,66,157,103,116,65,124,168,31,142,117,167,61,45,188,41,49,78,128,42,57,197,125,145,126,143,160,91,1,150,105,180,196,36,46,140,92,82,23,189,195,175,12,22,26,176,193,109,20,67,166,38,139,63,118,48,194,29,198,174,184,115,2,32,72,163,25,51,50,190,10,130,113,156,74,44,138,37,94,173,18,131,110,81,153,101,100,30,134,148,11,97,58,158,43,7,0,181,68,123,6,137,60,54,151,119,187,39,107,55,14,13,111,52,89,75,80,71,162,53,183,69,159,164,90,28,155,73,99,106,136,132,152,102,170,172,86,76,133,85,104,17,8,16,56,21,108,192,40,15,9,33,154,122,179,47,185,127,96,171,141,98,114,64,79,177,27,88,5,186,199,83,59,129,24,95,149,165,62,120,3,169,191,135,146];False
1664;7264;8928;[34,4,144,70,19,87,121,178,161,35,182,84,77,112,93,147,66,157,103,116,65,124,168,31,142,117,167,61,45,188,41,49,78,128,42,57,197,125,145,126,143,160,91,1,150,105,180,196,36,46,140,92,82,23,189,47,175,12,22,26,176,193,109,20,67,166,38,139,63,118,48,194,29,198,174,16,115,2,32,72,163,25,51,50,190,10,130,113,156,74,44,138,37,94,173,18,131,110,81,153,101,100,30,134,148,11,97,58,158,43,7,0,181,68,123,6,137,60,54,151,119,187,39,107,55,14,13,111,52,89,75,80,71,162,53,183,69,159,164,90,28,155,73,99,106,136,132,152,102,170,172,86,76,133,85,104,17,8,184,56,21,108,192,40,15,9,33,154,122,179,195,185,127,96,171,141,98,114,64,79,177,27,88,5,186,199,83,59,129,24,95,149,165,62,120,3,169,191,135,146];False
1573;7302;8875;[34,4,144,70,19,87,121,178,161,35,182,84,77,112,93,147,66,157,103,116,65,124,168,31,142,117,167,61,45,188,41,49,78,128,42,57,197,125,145,126,143,160,91,1,150,105,180,196,36,46,140,92,82,23,189,47,175,12,22,26,176,193,109,20,67,166,38,139,63,118,48,194,29,198,174,184,115,2,32,72,163,25,51,50,190,10,130,113,156,74,44,138,37,94,173,18,131,110,81,153,101,100,30,134,148,11,97,58,158,43,7,0,62,68,123,6,137,60,54,151,119,187,39,107,55,14,13,111,52,89,75,80,71,162,53,183,69,159,164,90,28,155,73,99,106,136,132,152,102,170,172,86,76,133,85,104,17,8,16,56,21,108,192,40,15,9,33,154,122,179,195,185,127,96,171,141,98,114,64,79,177,27,88,5,186,199,83,59,129,24,95,149,165,181,120,3,169,191,135,146];False
1389;7705;9094;[74,4,144,93,19,87,121,178,2,32,61,84,77,112,34,147,66,157,103,188,78,124,168,31,142,117,45,182,167,143,149,102,70,128,42,57,197,125,145,126,65,160,91,1,150,105,180,41,36,46,140,92,82,23,189,55,175,12,22,26,176,193,109,20,67,166,38,139,63,118,48,194,196,198,174,184,35,3,169,72,163,25,51,50,190,10,130,113,156,116,44,138,37,94,173,18,131,110,81,153,101,100,30,134,148,11,97,58,158,43,7,0,62,68,123,6,137,60,54,151,119,187,39,107,47,14,13,111,52,89,75,80,71,162,53,183,69,159,164,90,28,155,73,99,106,136,132,152,49,170,172,86,76,133,85,104,17,8,16,56,21,108,192,40,15,9,33,154,122,179,165,185,127,96,171,141,98,114,64,79,177,27,88,5,186,199,83,59,129,24,95,29,195,181,120,161,115,191,135,146];False
1370;7785;9155;[74,4,144,93,19,87,121,178,2,32,61,84,77,112,34,147,66,157,103,188,78,124,168,31,142,117,45,182,167,143,149,49,70,128,42,57,197,125,145,126,65,160,91,1,150,105,180,41,36,46,140,92,82,23,189,55,175,12,22,131,176,193,109,20,67,166,38,139,63,118,48,194,196,198,174,184,35,3,169,72,163,25,51,50,190,10,130,113,156,116,44,138,37,94,173,18,26,110,81,153,101,100,30,134,148,11,97,58,158,43,7,0,62,68,123,6,137,60,54,151,119,187,39,107,47,14,13,111,52,89,75,80,71,162,53,183,69,159,164,90,28,155,73,99,106,136,132,152,102,170,172,86,76,133,85,104,17,8,16,56,21,108,192,40,15,9,33,154,122,179,165,185,127,96,171,141,98,114,64,79,177,27,88,5,186,199,83,59,129,24,95,29,195,181,120,161,115,191,135,146];False
1378;7776;9154;[74,4,144,93,19,87,121,178,2,32,61,84,77,112,34,147,66,157,103,188,78,124,168,31,142,117,45,182,167,143,149,49,70,128,42,57,197,125,145,126,65,160,91,1,150,105,180,41,36,46,140,92,82,23,189,55,175,12,22,26,176,193,109,20,67,166,38,139,63,118,48,194,196,198,174,184,35,3,169,72,163,25,51,50,190,10,130,113,156,116,44,138,37,94,173,18,131,110,81,153,101,100,30,134,148,11,97,58,158,43,7,0,62,68,123,6,137,60,54,151,119,187,39,107,47,14,13,111,52,89,75,80,71,162,53,183,69,159,90,164,28,155,73,99,106,136,132,152,102,170,172,86,76,133,85,104,17,8,16,56,21,108,192,40,15,9,33,154,122,179,165,185,127,96,171,141,98,114,64,79,177,27,88,5,186,199,83,59,129,24,95,29,195,181,120,161,115,191,135,146];False
1376;7752;9128;[74,4,144,93,19,87,121,178,2,32,61,84,77,112,34,147,66,157,103,188,78,124,168,31,142,117,45,182,167,143,149,49,70,128,42,57,197,125,145,126,65,160,91,1,150,105,180,41,36,46,140,92,82,23,189,55,175,12,22,131,176,193,109,20,67,166,38,139,63,118,48,194,29,198,174,184,35,3,169,72,163,25,51,50,190,10,130,113,156,116,44,138,37,94,173,18,26,110,81,153,101,100,30,134,148,11,97,58,158,43,7,0,62,68,123,6,137,60,54,151,119,187,39,107,47,14,13,111,52,89,75,80,71,162,53,183,69,159,164,90,28,155,73,99,106,136,132,152,102,170,172,86,76,133,85,104,17,8,16,56,21,108,192,40,15,9,33,154,122,179,165,185,127,96,196,141,98,114,64,79,177,27,88,5,186,199,83,59,129,24,95,171,195,181,120,161,115,191,135,146];False
1383;7732;9115;[74,4,144,93,19,87,121,178,2,32,61,84,77,112,34,147,66,157,103,188,78,124,168,31,142,117,45,182,167,143,149,49,70,128,42,57,197,125,145,126,65,160,91,1,150,105,180,41,36,46,140,92,82,23,189,55,175,12,22,26,176,193,109,20,67,166,38,139,63,118,48,194,29,198,174,184,195,3,169,72,163,25,51,50,190,10,130,113,156,116,44,138,37,94,173,18,131,110,81,153,101,100,30,134,148,11,97,58,158,43,7,0,62,68,123,6,137,60,54,151,119,187,39,107,47,14,13,111,52,89,75,80,71,162,53,183,69,159,164,90,28,155,73,99,106,136,132,152,102,170,172,86,76,133,85,104,17,8,16,56,21,108,192,40,15,9,33,154,122,179,165,185,127,96,196,141,98,114,64,79,177,27,88,5,186,199,83,59,129,24,95,171,35,181,120,161,115,191,135,146];False
1378;7743;9121;[74,4,144,78,19,87,121,178,2,32,61,84,77,112,34,147,66,157,103,188,93,124,168,31,142,117,45,182,167,143,149,49,70,128,42,57,197,125,145,195,65,160,91,1,150,105,180,41,36,46,140,92,82,23,189,55,175,12,22,26,176,193,109,20,67,166,38,139,63,118,48,194,29,198,174,184,126,3,169,72,163,25,51,50,190,10,130,113,156,116,44,138,37,94,173,18,131,110,81,153,101,100,30,134,148,11,97,58,158,43,7,0,62,68,123,6,137,60,54,151,119,187,39,107,47,14,13,111,52,89,75,80,71,162,53,183,69,159,164,90,28,155,73,99,106,136,132,152,102,170,172,86,76,133,85,104,17,8,16,56,21,108,192,40,15,9,33,154,122,179,165,185,127,96,196,141,98,114,64,79,177,27,88,5,186,199,83,59,129,24,95,171,35,181,120,161,115,191,135,146];False
1389;7695;9084;[74,4,144,70,194,87,121,178,2,32,61,84,77,112,34,147,66,157,103,188,93,124,168,31,142,117,45,182,167,143,149,49,78,128,42,57,197,125,145,195,65,160,91,1,150,105,180,41,36,46,140,92,82,23,189,55,175,12,22,26,176,193,109,20,67,166,38,139,63,118,48,19,29,198,174,184,126,3,169,72,163,25,51,50,190,10,130,113,156,116,44,138,37,94,173,18,131,110,81,153,101,100,30,134,148,11,97,58,158,43,7,0,62,68,123,6,137,60,54,151,119,187,39,107,47,14,13,111,52,89,75,80,71,162,53,183,69,159,164,90,28,155,73,99,106,136,132,152,102,170,172,86,76,133,85,104,17,8,16,56,21,108,192,40,15,9,33,154,122,179,165,185,127,96,196,141,98,114,64,79,177,27,88,5,186,199,83,59,129,24,95,171,35,181,120,161,115,191,135,146];False
1373;7667;9040;[74,4,144,70,19,87,121,178,2,32,61,84,77,112,34,147,66,157,103,188,93,124,168,31,142,117,45,182,167,143,149,49,78,128,42,57,197,125,83,195,65,160,91,1,150,105,180,41,36,46,140,92,82,23,189,55,175,12,22,26,176,193,109,20,67,166,38,139,63,118,48,194,29,198,174,184,126,3,169,72,163,25,51,50,190,10,130,113,156,116,44,138,37,94,173,18,131,110,81,153,101,100,30,134,148,11,97,58,158,43,7,0,62,68,123,6,137,60,54,151,119,187,39,107,47,14,13,111,52,89,75,80,71,162,53,183,69,159,164,90,28,155,73,99,106,136,132,152,102,170,172,86,76,133,85,104,17,8,16,56,21,108,192,40,15,9,33,154,122,179,165,185,127,96,196,141,98,114,64,79,177,27,88,5,186,199,145,59,129,24,95,171,35,181,120,161,115,191,135,146];False
1379;7649;9028;[74,4,144,70,19,87,121,178,2,32,61,84,77,112,34,147,66,157,103,188,93,124,168,31,142,117,45,182,167,143,149,49,78,128,42,57,197,125,145,130,65,160,91,1,150,105,180,41,36,46,140,92,82,23,189,55,175,12,22,26,176,193,109,20,67,166,38,139,63,118,48,194,29,198,174,184,126,3,169,72,163,25,51,50,190,10,195,113,156,116,44,138,37,94,173,18,131,110,81,153,101,100,30,134,148,11,97,58,158,43,7,0,62,68,123,6,137,60,54,151,119,187,39,107,47,14,13,111,52,89,75,80,71,162,53,183,69,159,164,90,28,155,73,99,106,136,132,152,102,170,172,86,76,133,85,104,17,8,16,56,21,108,192,40,15,9,33,154,122,179,165,185,127,96,196,141,98,114,64,79,177,27,88,5,186,199,83,59,129,24,95,171,35,181,120,161,115,191,135,146];False
1395;7633;9028;[74,4,144,70,194,87,121,178,2,32,61,84,77,112,34,147,66,157,103,188,93,124,168,31,142,117,45,182,167,143,149,49,78,128,42,57,197,125,83,195,65,160,91,1,150,105,180,41,36,46,140,92,82,23,189,47,175,12,22,26,176,193,109,20,67,166,38,139,63,118,48,19,29,198,174,184,126,3,169,72,163,25,51,50,190,10,130,113,156,116,44,138,37,94,173,18,131,110,81,153,101,100,30,134,148,11,97,58,158,43,7,0,62,68,123,6,137,60,54,151,119,187,39,107,55,14,13,111,52,89,75,80,71,162,53,183,69,159,164,90,28,155,73,99,106,136,132,152,102,170,172,86,76,133,85,104,17,8,16,56,21,108,192,40,15,9,33,154,122,179,165,185,127,96,196,141,98,114,64,79,177,27,88,5,186,199,145,59,129,24,95,171,35,181,120,161,115,191,135,146];False
1429;7566;8995;[74,4,144,70,19,87,121,178,2,32,61,84,77,112,34,147,66,157,103,188,93,124,168,31,142,117,45,182,167,143,149,49,78,128,42,57,197,125,83,195,65,160,91,1,150,105,180,41,36,46,140,92,82,23,189,47,175,12,22,26,176,193,109,20,67,166,38,139,63,118,48,194,29,198,174,184,126,3,169,72,163,25,51,50,190,10,130,113,156,116,44,138,37,94,173,18,131,110,81,153,101,100,30,134,148,11,97,58,158,43,7,0,62,68,123,6,137,60,54,151,119,196,39,107,55,14,13,111,52,89,75,80,71,162,53,183,69,159,164,90,28,155,73,99,106,136,132,152,102,170,172,86,76,133,85,104,17,8,16,56,21,108,192,40,15,9,33,154,122,179,165,185,127,96,187,141,98,114,64,79,177,27,88,5,186,199,145,59,129,24,95,171,35,181,120,161,115,191,135,146];False
1393;7648;9041;[74,4,144,70,19,87,121,178,2,32,61,84,77,112,34,147,66,157,103,188,93,124,168,31,142,117,45,182,167,143,149,49,78,128,42,57,197,125,83,195,65,160,91,1,150,105,180,41,36,46,140,92,82,23,189,47,175,12,22,26,176,193,109,20,67,166,38,139,63,118,48,194,29,198,174,184,126,3,169,72,163,25,51,50,190,10,130,113,156,116,44,138,37,94,173,18,131,110,81,153,101,100,30,134,148,11,97,58,158,43,7,0,62,68,123,6,137,60,54,151,119,187,39,107,55,14,13,111,52,89,75,80,71,162,53,183,69,159,90,164,28,155,73,99,106,136,132,152,102,170,172,86,76,133,85,104,17,8,16,56,21,108,192,40,15,9,33,154,122,179,165,185,127,96,196,141,98,114,64,79,177,27,88,5,186,199,145,59,129,24,95,171,35,181,120,161,115,191,135,146];False
1432;7554;8986;[74,4,144,70,19,87,121,178,2,32,61,84,77,112,34,147,66,157,103,188,93,124,168,31,142,117,45,182,167,143,149,49,78,128,42,57,197,125,83,195,65,160,91,1,150,105,180,41,36,46,140,92,82,23,189,47,175,12,22,26,176,193,109,20,67,166,38,139,63,118,48,194,29,198,174,184,126,3,169,72,163,25,51,50,190,10,130,113,156,116,44,138,37,94,173,18,131,110,81,153,101,100,30,134,148,11,97,58,158,43,7,0,62,68,123,6,137,60,54,151,119,187,39,107,55,14,13,111,52,89,75,80,71,162,53,183,69,159,164,90,28,155,73,99,106,136,132,152,102,170,172,86,76,133,85,104,17,8,16,56,21,108,192,40,15,9,33,154,122,179,165,185,127,96,171,141,98,114,64,79,177,27,88,5,186,199,145,59,129,24,95,196,35,181,120,161,115,191,135,146];False
1416;7572;8988;[180,4,144,70,19,87,121,178,2,32,61,84,77,112,34,147,66,157,103,188,93,124,168,31,142,117,45,182,167,143,149,49,78,128,42,57,197,125,145,130,65,160,91,1,150,105,74,41,36,46,140,92,82,23,189,47,175,12,22,26,176,193,109,20,67,166,38,139,63,118,48,194,29,198,174,184,126,3,169,72,163,25,51,50,190,10,195,113,156,116,44,138,37,94,173,18,131,110,81,153,101,100,30,134,148,11,97,58,158,43,7,0,62,68,123,6,137,60,54,151,119,187,39,107,55,14,13,111,52,89,75,80,71,162,53,183,69,159,164,90,28,155,73,99,106,136,132,152,102,170,172,86,76,133,85,104,17,8,16,56,21,108,192,40,15,9,33,154,122,179,165,185,127,96,196,141,98,114,64,79,177,27,88,5,186,199,83,59,129,24,95,171,35,181,120,161,115,191,135,146];False
1413;7575;8988;[74,4,144,70,19,87,121,178,2,169,61,84,77,112,34,147,66,157,103,188,93,124,168,31,142,117,45,182,167,143,149,49,78,128,42,57,197,125,145,130,65,160,91,1,150,105,180,41,36,46,140,92,82,23,189,47,175,12,22,26,176,193,109,20,67,166,38,139,63,118,48,194,29,198,174,184,126,3,32,72,163,25,51,50,190,10,195,113,156,116,44,138,37,94,173,18,131,110,81,153,101,100,30,134,148,11,97,58,158,43,7,0,62,68,123,6,137,60,54,151,119,187,39,107,55,14,13,111,52,89,75,80,71,162,53,183,69,159,164,90,28,155,73,99,106,136,132,152,102,170,172,86,76,133,85,104,17,8,16,56,21,108,192,40,15,9,33,154,122,179,165,185,127,96,196,141,98,114,64,79,177,27,88,5,186,199,83,59,129,24,95,171,35,181,120,161,115,191,135,146];False
1423;7570;8993;[74,4,144,70,19,87,121,178,2,32,61,84,77,112,34,147,66,157,103,188,93,124,168,31,142,117,45,182,167,143,149,49,78,128,42,57,197,125,145,130,65,160,91,1,150,105,180,41,36,46,140,92,82,23,189,47,179,12,22,26,176,193,109,20,67,166,38,139,63,118,48,194,29,198,174,184,126,3,169,72,163,25,51,50,190,10,195,113,156,116,44,138,37,94,173,18,131,110,81,153,101,100,30,134,148,11,97,58,158,43,7,0,62,68,123,6,137,60,54,151,119,187,39,107,55,14,13,111,52,89,75,80,71,162,53,183,69,159,164,90,28,155,73,99,106,136,132,152,102,170,172,86,76,133,85,104,17,8,16,56,21,108,192,40,15,9,33,154,122,175,165,185,127,96,196,141,98,114,64,79,177,27,88,5,186,199,83,59,129,24,95,171,35,181,120,161,115,191,135,146];False
1391;7639;9030;[74,4,144,70,19,87,121,178,2,32,61,84,77,112,34,147,66,157,103,188,93,124,168,31,142,117,45,182,167,143,149,49,78,128,42,57,197,125,145,130,65,160,91,1,150,105,180,41,36,46,140,92,82,23,189,47,175,12,22,131,176,193,109,20,67,166,38,139,63,118,48,194,29,198,174,184,126,3,169,72,163,25,51,50,190,10,195,113,156,116,44,138,37,94,173,18,26,110,81,153,101,100,30,134,148,11,97,58,158,43,7,0,62,68,123,6,137,60,54,151,119,187,39,107,55,14,13,111,52,89,75,80,71,162,53,183,69,159,164,90,28,155,73,99,106,136,132,152,102,170,172,86,76,133,85,104,17,8,16,56,21,108,192,40,15,9,33,154,122,179,165,185,127,96,196,141,98,114,64,79,177,27,88,5,186,199,83,59,129,24,95,171,35,181,120,161,115,191,135,146];False
1425;7543;8968;[74,4,144,70,19,87,121,178,2,32,61,84,77,112,34,147,66,157,103,188,93,124,168,31,142,117,45,182,167,143,149,49,78,128,42,57,197,125,145,130,65,160,91,1,150,105,180,41,36,46,140,92,82,23,189,47,175,12,22,26,176,193,109,20,67,166,38,139,63,118,48,194,29,198,174,184,126,3,169,72,163,25,51,50,190,10,165,113,156,116,44,138,37,94,173,18,131,110,81,153,101,100,30,134,148,11,97,58,158,43,7,0,62,68,123,6,137,60,54,151,119,187,39,107,55,14,13,111,52,89,75,80,71,162,53,183,69,159,164,90,28,155,73,99,106,136,132,152,102,170,172,86,76,133,85,104,17,8,16,56,21,108,192,40,15,9,33,154,122,179,195,185,127,96,196,141,98,114,64,79,177,27,88,5,186,199,83,59,129,24,95,171,35,181,120,161,115,191,135,146];False
1438;7536;8974;[74,4,144,70,19,87,121,178,2,32,61,84,77,112,34,147,66,157,103,188,93,124,168,31,142,117,45,182,167,143,149,49,78,128,42,57,197,125,145,130,65,160,91,1,150,105,180,41,36,46,140,92,82,23,189,47,175,12,22,26,176,193,109,20,67,166,38,139,63,118,48,194,29,198,174,184,126,3,169,72,163,25,51,50,190,10,195,113,156,116,44,138,37,94,173,18,131,110,81,153,101,100,30,134,148,11,97,58,158,43,7,0,62,68,123,6,137,60,54,151,119,187,39,107,55,14,13,111,52,89,75,80,71,162,53,183,69,159,164,90,28,155,73,99,106,136,132,152,102,170,172,86,76,133,85,104,17,8,16,56,21,108,192,40,15,9,33,154,122,179,165,185,127,96,171,141,98,114,64,79,177,27,88,5,186,199,83,59,129,24,95,196,35,181,120,161,115,191,135,146];False
1685;7263;8948;[34,4,144,70,19,87,121,178,102,75,182,84,77,112,93,147,66,157,103,116,65,124,168,31,142,117,167,61,45,188,41,49,78,128,42,57,197,125,145,126,143,160,91,1,150,105,180,196,36,46,140,92,82,23,189,47,175,12,22,26,176,193,109,20,67,166,38,139,63,118,48,194,29,198,174,184,35,161,32,72,163,25,51,50,190,10,130,113,156,74,44,138,37,94,173,18,131,110,81,153,80,100,30,134,148,11,97,58,158,43,7,0,181,68,123,6,137,60,54,151,119,187,39,107,55,14,13,111,52,89,101,115,71,162,53,183,69,159,164,90,28,155,73,99,106,136,132,152,2,170,172,86,76,133,85,104,17,8,16,56,21,108,192,40,15,9,33,154,122,179,195,185,127,96,171,141,98,114,64,79,177,27,88,5,186,199,83,59,129,24,95,149,165,62,120,3,169,191,135,146];False
1756;7216;8972;[34,4,144,70,19,87,121,178,102,132,71,84,77,112,93,147,66,157,103,116,65,124,168,31,142,117,167,61,45,188,41,49,78,128,42,57,197,125,145,126,143,160,91,1,150,105,180,196,36,46,140,92,82,23,189,47,175,12,22,26,176,193,109,20,67,166,38,139,63,118,48,194,29,198,174,184,35,161,32,72,163,25,51,50,190,10,130,113,156,74,44,138,37,94,173,18,131,110,81,153,80,100,30,134,148,11,97,58,158,43,7,0,181,68,123,6,137,60,54,151,119,187,39,107,55,14,13,111,52,89,75,101,182,162,53,183,69,159,164,90,28,155,73,99,106,136,115,152,2,170,172,86,76,133,85,104,17,8,16,56,21,108,192,40,15,9,33,154,122,179,195,185,127,96,171,141,98,114,64,79,177,27,88,5,186,199,83,59,129,24,95,149,165,62,120,3,169,191,135,146];False
1696;7252;8948;[34,4,144,70,19,87,121,178,102,115,71,84,77,112,93,147,66,157,103,116,65,124,168,31,142,117,167,61,45,188,41,49,78,128,42,57,182,125,145,126,143,160,91,1,150,105,180,196,36,46,140,92,82,23,189,47,175,12,22,26,176,193,109,20,67,166,38,139,63,118,48,194,29,198,174,184,35,161,32,72,163,25,51,50,190,10,130,113,156,74,44,138,37,94,173,18,131,110,81,153,80,100,30,134,148,11,97,58,158,43,7,0,181,68,123,6,137,60,54,151,119,187,39,107,55,14,13,111,52,89,75,101,197,162,53,183,69,159,164,90,28,155,73,99,106,136,132,152,2,170,172,86,76,133,85,104,17,8,16,56,21,108,192,40,15,9,33,154,122,179,195,185,127,96,171,141,98,114,64,79,177,27,88,5,186,199,83,59,129,24,95,149,165,62,120,3,169,191,135,146];False
1683;7261;8944;[34,4,144,70,115,87,121,178,161,102,182,84,77,112,93,147,66,157,103,116,65,124,168,31,142,117,167,61,45,188,41,49,78,128,42,57,197,125,145,126,143,160,91,1,150,105,180,196,36,46,140,92,82,23,189,47,175,12,22,26,176,193,109,20,67,166,38,139,63,118,48,194,29,198,174,184,19,2,32,72,163,25,51,50,190,10,130,113,156,74,44,138,37,94,173,18,131,110,81,153,101,100,30,134,148,11,97,58,158,43,7,0,181,68,123,6,137,60,54,151,119,187,39,107,55,14,13,111,52,89,75,80,71,162,53,183,69,159,164,90,28,155,73,99,106,136,132,152,35,170,172,86,76,133,85,104,17,8,16,56,21,108,192,40,15,9,33,154,122,179,195,185,127,96,171,141,98,114,64,79,177,27,88,5,186,199,83,59,129,24,95,149,165,62,120,3,169,191,135,146];False
1688;7258;8946;[34,4,144,70,19,41,121,178,161,102,182,84,77,112,93,147,66,157,103,116,65,124,168,31,142,117,167,61,45,188,87,49,78,128,42,57,197,125,145,126,143,160,91,1,150,105,180,196,36,46,140,92,82,23,189,47,175,12,22,26,176,193,109,20,67,166,38,139,63,118,48,194,29,198,174,184,115,2,32,72,163,25,51,50,190,10,130,113,156,74,44,138,37,94,173,18,131,110,81,153,101,100,30,134,148,11,97,58,158,43,7,0,181,68,123,6,137,60,54,151,119,187,39,107,55,14,13,111,52,89,75,80,71,162,53,183,69,159,164,90,28,155,73,99,106,136,132,152,35,170,172,86,76,133,85,104,17,8,16,56,21,108,192,40,15,9,33,154,122,179,195,185,127,96,171,141,98,114,64,79,177,27,88,5,186,199,83,59,129,24,95,149,165,62,120,3,169,191,135,146];False
1674;7262;8936;[34,4,144,70,19,87,121,178,161,136,182,84,77,112,93,147,66,157,103,116,65,124,168,31,142,117,167,61,45,188,41,49,78,128,42,57,197,125,145,126,143,160,91,1,150,105,180,196,36,46,140,92,82,23,189,47,175,12,22,26,176,193,109,20,67,166,38,139,63,118,48,194,29,198,174,184,115,2,32,72,163,25,51,50,190,10,130,113,156,74,44,138,37,94,173,18,131,110,81,153,101,100,30,134,148,11,97,58,158,43,7,0,181,68,123,6,137,60,54,151,119,187,39,107,55,14,13,111,52,89,75,80,71,162,53,183,69,159,164,90,28,155,73,99,106,102,132,152,35,170,172,86,76,133,85,104,17,8,16,56,21,108,192,40,15,9,33,154,122,179,195,185,127,96,171,141,98,114,64,79,177,27,88,5,186,199,83,59,129,24,95,149,165,62,120,3,169,191,135,146];False
1643;7256;8899;[34,4,144,70,19,87,121,178,161,102,112,84,77,182,93,147,66,157,103,116,65,124,168,31,142,117,167,61,45,188,41,49,78,128,42,57,197,125,145,126,143,160,91,1,150,105,180,196,36,46,140,92,82,23,189,47,175,12,22,26,176,193,109,20,67,166,38,139,63,118,48,194,29,198,174,184,115,2,32,72,163,25,51,50,190,10,130,113,156,74,44,138,37,94,173,18,131,110,81,153,101,100,30,134,148,11,97,58,158,43,7,0,181,68,123,6,137,60,54,151,119,187,39,107,55,14,13,111,52,89,75,80,71,162,53,183,69,159,164,90,28,155,73,99,106,136,132,152,35,170,172,86,76,133,85,104,17,8,16,56,21,108,192,40,15,9,33,154,122,179,195,185,127,96,171,141,98,114,64,79,177,27,88,5,186,199,83,59,129,24,95,149,165,62,120,3,169,191,135,146];False
1616;7273;8889;[34,4,144,70,19,87,121,178,161,102,182,84,77,112,93,147,66,157,103,116,65,124,168,31,142,117,167,61,45,188,196,49,78,128,42,57,197,125,145,126,143,160,91,1,150,105,180,41,36,46,140,92,82,23,189,47,175,12,22,26,176,193,109,20,67,166,38,139,63,118,48,194,29,198,174,184,115,2,32,72,163,25,51,50,190,10,130,113,156,74,44,138,37,94,173,18,131,110,81,153,101,100,30,134,148,11,97,58,158,43,7,0,181,68,123,6,137,60,54,151,119,187,39,107,55,14,13,111,52,89,75,80,71,162,53,183,69,159,164,90,28,155,73,99,106,136,132,152,35,170,172,86,76,133,85,104,17,8,16,56,21,108,192,40,15,9,33,154,122,179,195,185,127,96,171,141,98,114,64,79,177,27,88,5,186,199,83,59,129,24,95,149,165,62,120,3,169,191,135,146];False
1616;7263;8879;[34,4,144,70,19,87,121,178,161,102,182,84,77,112,93,147,66,157,103,116,65,124,168,31,142,117,167,61,45,188,41,35,78,128,42,57,197,125,145,126,143,160,91,1,150,105,180,196,36,46,140,92,82,23,189,47,175,12,22,26,176,193,109,20,67,166,38,139,63,118,48,194,29,198,174,184,115,2,32,72,163,25,51,50,190,10,130,113,156,74,44,138,37,94,173,18,131,110,81,153,101,100,30,134,148,11,97,58,158,43,7,0,181,68,123,6,137,60,54,151,119,187,39,107,55,14,13,111,52,89,75,80,71,162,53,183,69,159,164,90,28,155,73,99,106,136,132,152,49,170,172,86,76,133,85,104,17,8,16,56,21,108,192,40,15,9,33,154,122,179,195,185,127,96,171,141,98,114,64,79,177,27,88,5,186,199,83,59,129,24,95,149,165,62,120,3,169,191,135,146];False
1604;7282;8886;[34,4,144,70,19,87,121,178,161,35,61,84,77,112,93,147,66,157,103,116,65,124,168,31,142,117,167,182,45,188,196,49,78,128,42,57,197,125,145,126,143,160,91,1,150,105,180,41,36,46,140,92,82,23,189,47,175,12,22,26,176,193,109,20,67,166,38,139,63,118,48,194,29,198,174,184,115,2,32,72,163,25,51,50,190,10,130,113,156,74,44,138,37,94,173,18,131,110,81,153,101,100,30,134,148,11,97,58,158,43,7,0,181,68,123,6,137,60,54,151,119,187,39,107,55,14,13,111,52,89,75,80,71,162,53,183,69,159,164,90,28,155,73,99,106,136,132,152,102,170,172,86,76,133,85,104,17,8,16,56,21,108,192,40,15,9,33,154,122,179,195,185,127,96,171,141,98,114,64,79,177,27,88,5,186,199,83,59,129,24,95,149,165,62,120,3,169,191,135,146];False
1693;7247;8940;[34,4,144,70,19,87,121,178,161,35,61,84,77,112,93,147,66,157,103,116,65,124,168,31,142,117,167,182,45,188,41,49,78,128,42,57,197,125,145,126,143,160,91,1,150,105,180,196,36,46,140,92,82,23,189,195,175,12,22,26,176,193,109,20,67,166,38,139,63,118,48,194,29,198,174,184,115,2,32,72,163,25,51,50,190,10,130,113,156,74,44,138,37,94,173,18,131,110,81,153,101,100,30,134,148,11,97,58,158,43,7,0,181,68,123,6,137,60,54,151,119,187,39,107,55,14,13,111,52,89,75,80,71,162,53,183,69,159,164,90,28,155,73,99,106,136,132,152,102,170,172,86,76,133,85,104,17,8,16,56,21,108,192,40,15,9,33,154,122,179,47,185,127,96,171,141,98,114,64,79,177,27,88,5,186,199,83,59,129,24,95,149,165,62,120,3,169,191,135,146];False
1667;7254;8921;[34,4,144,70,19,87,121,178,161,35,61,84,77,112,93,147,66,157,103,116,65,124,168,31,142,117,167,182,45,188,41,49,78,128,42,57,197,125,145,126,143,160,91,1,150,105,180,196,36,46,140,92,82,23,189,47,175,12,22,26,176,193,109,20,67,166,38,139,63,118,48,194,29,198,174,16,115,2,32,72,163,25,51,50,190,10,130,113,156,74,44,138,37,94,173,18,131,110,81,153,101,100,30,134,148,11,97,58,158,43,7,0,181,68,123,6,137,60,54,151,119,187,39,107,55,14,13,111,52,89,75,80,71,162,53,183,69,159,164,90,28,155,73,99,106,136,132,152,102,170,172,86,76,133,85,104,17,8,184,56,21,108,192,40,15,9,33,154,122,179,195,185,127,96,171,141,98,114,64,79,177,27,88,5,186,199,83,59,129,24,95,149,165,62,120,3,169,191,135,146];False
1576;7292;8868;[34,4,144,70,19,87,121,178,161,35,61,84,77,112,93,147,66,157,103,116,65,124,168,31,142,117,167,182,45,188,41,49,78,128,42,57,197,125,145,126,143,160,91,1,150,105,180,196,36,46,140,92,82,23,189,47,175,12,22,26,176,193,109,20,67,166,38,139,63,118,48,194,29,198,174,184,115,2,32,72,163,25,51,50,190,10,130,113,156,74,44,138,37,94,173,18,131,110,81,153,101,100,30,134,148,11,97,58,158,43,7,0,62,68,123,6,137,60,54,151,119,187,39,107,55,14,13,111,52,89,75,80,71,162,53,183,69,159,164,90,28,155,73,99,106,136,132,152,102,170,172,86,76,133,85,104,17,8,16,56,21,108,192,40,15,9,33,154,122,179,195,185,127,96,171,141,98,114,64,79,177,27,88,5,186,199,83,59,129,24,95,149,165,181,120,3,169,191,135,146];False
1554;7354;8908;[146,4,144,70,19,87,121,178,161,35,182,84,77,112,93,147,66,157,103,116,65,124,168,31,142,117,167,61,45,188,41,49,78,128,42,57,197,125,145,126,143,160,91,1,150,105,180,196,36,46,140,92,82,23,189,47,175,12,22,26,176,193,109,20,67,166,38,139,63,118,48,194,29,198,174,184,115,2,32,72,163,25,51,50,190,10,130,113,156,74,44,138,37,94,173,18,131,110,81,153,101,100,30,134,148,11,97,58,158,43,7,0,62,68,123,6,137,60,54,151,119,187,39,107,55,14,13,111,52,89,75,80,71,162,53,183,69,159,164,90,28,155,73,99,106,136,132,152,102,170,172,86,76,133,85,104,17,8,16,56,21,108,192,40,15,9,33,154,122,179,195,185,127,96,171,141,98,114,64,79,177,27,88,5,186,199,83,59,129,24,95,149,165,181,120,3,169,191,135,34];False
1588;7283;8871;[34,4,144,70,19,87,121,178,161,102,182,84,77,112,93,147,66,157,103,116,65,124,168,31,142,117,167,61,45,188,41,49,78,128,42,57,197,125,145,126,143,160,91,1,150,105,180,196,36,46,140,92,82,23,189,47,175,12,22,26,176,193,109,20,67,166,38,139,63,118,48,194,29,198,174,184,115,2,32,72,163,25,51,50,190,10,130,113,156,74,44,138,37,94,173,18,131,110,81,153,101,100,30,134,148,11,97,58,158,43,7,0,62,68,123,6,137,60,54,151,119,187,39,107,55,14,13,111,52,89,75,80,71,162,53,183,69,159,164,90,28,155,73,99,106,136,132,152,35,170,172,86,76,133,85,104,17,8,16,56,21,108,192,40,15,9,33,154,122,179,195,185,127,96,171,141,98,114,64,79,177,27,88,5,186,199,83,59,129,24,95,149,165,181,120,3,169,191,135,146];False
1572;7308;8880;[34,4,144,70,19,87,121,178,161,35,182,84,77,112,93,147,66,157,103,116,65,124,168,31,142,117,167,61,45,188,196,49,78,128,42,57,197,125,145,126,143,160,91,1,150,105,180,41,36,46,140,92,82,23,189,47,175,12,22,26,176,193,109,20,67,166,38,139,63,118,48,194,29,198,174,184,115,2,32,72,163,25,51,50,190,10,130,113,156,74,44,138,37,94,173,18,131,110,81,153,101,100,30,134,148,11,97,58,158,43,7,0,62,68,123,6,137,60,54,151,119,187,39,107,55,14,13,111,52,89,75,80,71,162,53,183,69,159,164,90,28,155,73,99,106,136,132,152,102,170,172,86,76,133,85,104,17,8,16,56,21,108,192,40,15,9,33,154,122,179,195,185,127,96,171,141,98,114,64,79,177,27,88,5,186,199,83,59,129,24,95,149,165,181,120,3,169,191,135,146];False
1567;7331;8898;[34,4,144,70,19,87,121,178,161,35,182,84,77,112,93,147,66,157,103,116,65,124,168,31,142,117,167,61,45,188,41,49,78,128,42,57,197,125,145,126,143,160,91,1,150,105,180,196,36,46,140,92,82,23,189,47,175,12,22,26,176,193,109,20,67,166,38,139,63,118,48,194,29,198,174,184,115,2,32,72,163,25,51,50,190,10,130,113,156,74,44,138,37,94,173,18,131,110,81,153,101,100,30,134,148,11,97,58,158,43,7,0,62,68,123,6,137,60,54,151,119,187,39,107,55,14,13,111,52,89,75,80,71,162,53,183,69,159,164,90,28,155,73,99,106,136,132,152,102,170,172,86,76,133,85,104,17,8,16,56,21,108,192,40,15,9,33,154,122,179,165,185,127,96,171,141,98,114,64,79,177,27,88,5,186,199,83,59,129,24,95,149,195,181,120,3,169,191,135,146];False
1358;7753;9111;[74,4,144,78,19,87,121,178,2,32,61,84,77,112,34,147,66,157,103,188,93,124,168,31,142,117,45,182,167,143,149,49,70,128,42,57,197,125,83,195,65,160,91,1,150,105,180,41,36,46,140,92,82,23,189,55,175,12,22,26,176,193,109,20,67,166,38,139,63,118,48,194,29,198,174,184,126,3,169,72,163,25,51,50,190,10,130,113,156,116,44,138,37,94,173,18,131,110,81,153,101,100,30,134,148,11,97,58,158,43,7,0,62,68,123,6,137,60,54,151,119,187,39,107,47,14,13,111,52,89,75,80,71,162,53,183,69,159,164,90,28,155,73,99,106,136,132,152,102,170,172,86,76,133,85,104,17,8,16,56,21,108,192,40,15,9,33,154,122,179,165,185,127,96,196,141,98,114,64,79,177,27,88,5,186,199,145,59,129,24,95,171,35,181,120,161,115,191,135,146];False
1369;7705;9074;[74,4,144,70,194,87,121,178,2,32,61,84,77,112,34,147,66,157,103,188,93,124,168,31,142,117,45,182,167,143,149,49,78,128,42,57,197,125,83,195,65,160,91,1,150,105,180,41,36,46,140,92,82,23,189,55,175,12,22,26,176,193,109,20,67,166,38,139,63,118,48,19,29,198,174,184,126,3,169,72,163,25,51,50,190,10,130,113,156,116,44,138,37,94,173,18,131,110,81,153,101,100,30,134,148,11,97,58,158,43,7,0,62,68,123,6,137,60,54,151,119,187,39,107,47,14,13,111,52,89,75,80,71,162,53,183,69,159,164,90,28,155,73,99,106,136,132,152,102,170,172,86,76,133,85,104,17,8,16,56,21,108,192,40,15,9,33,154,122,179,165,185,127,96,196,141,98,114,64,79,177,27,88,5,186,199,145,59,129,24,95,171,35,181,120,161,115,191,135,146];False
1359;7729;9088;[74,4,144,70,19,87,121,178,2,32,61,84,77,112,34,147,66,157,103,188,93,124,168,31,142,117,45,182,167,143,149,49,78,128,42,57,197,125,83,195,65,160,91,1,150,105,180,41,36,46,140,92,82,23,189,55,175,12,22,131,176,193,109,20,67,166,38,139,63,118,48,194,29,198,174,184,126,3,169,72,163,25,51,50,190,10,130,113,156,116,44,138,37,94,173,18,26,110,81,153,101,100,30,134,148,11,97,58,158,43,7,0,62,68,123,6,137,60,54,151,119,187,39,107,47,14,13,111,52,89,75,80,71,162,53,183,69,159,164,90,28,155,73,99,106,136,132,152,102,170,172,86,76,133,85,104,17,8,16,56,21,108,192,40,15,9,33,154,122,179,165,185,127,96,196,141,98,114,64,79,177,27,88,5,186,199,145,59,129,24,95,171,35,181,120,161,115,191,135,146];True
1367;7720;9087;[74,4,144,70,19,87,121,178,2,32,61,84,77,112,34,147,66,157,103,188,93,124,168,31,142,117,45,182,167,143,149,49,78,128,42,57,197,125,83,195,65,160,91,1,150,105,180,41,36,46,140,92,82,23,189,55,175,12,22,26,176,193,109,20,67,166,38,139,63,118,48,194,29,198,174,184,126,3,169,72,163,25,51,50,190,10,130,113,156,116,44,138,37,94,173,18,131,110,81,153,101,100,30,134,148,11,97,58,158,43,7,0,62,68,123,6,137,60,54,151,119,187,39,107,47,14,13,111,52,89,75,80,71,162,53,183,69,159,90,164,28,155,73,99,106,136,132,152,102,170,172,86,76,133,85,104,17,8,16,56,21,108,192,40,15,9,33,154,122,179,165,185,127,96,196,141,98,114,64,79,177,27,88,5,186,199,145,59,129,24,95,171,35,181,120,161,115,191,135,146];False
1390;7644;9034;[180,4,144,70,19,87,121,178,2,32,61,84,77,112,34,147,66,157,103,188,93,124,168,31,142,117,45,182,167,143,149,49,78,128,42,57,197,125,145,130,65,160,91,1,150,105,74,41,36,46,140,92,82,23,189,55,175,12,22,26,176,193,109,20,67,166,38,139,63,118,48,194,29,198,174,184,126,3,169,72,163,25,51,50,190,10,195,113,156,116,44,138,37,94,173,18,131,110,81,153,101,100,30,134,148,11,97,58,158,43,7,0,62,68,123,6,137,60,54,151,119,187,39,107,47,14,13,111,52,89,75,80,71,162,53,183,69,159,164,90,28,155,73,99,106,136,132,152,102,170,172,86,76,133,85,104,17,8,16,56,21,108,192,40,15,9,33,154,122,179,165,185,127,96,196,141,98,114,64,79,177,27,88,5,186,199,83,59,129,24,95,171,35,181,120,161,115,191,135,146];False
1387;7647;9034;[74,4,144,70,19,87,121,178,2,169,61,84,77,112,34,147,66,157,103,188,93,124,168,31,142,117,45,182,167,143,149,49,78,128,42,57,197,125,145,130,65,160,91,1,150,105,180,41,36,46,140,92,82,23,189,55,175,12,22,26,176,193,109,20,67,166,38,139,63,118,48,194,29,198,174,184,126,3,32,72,163,25,51,50,190,10,195,113,156,116,44,138,37,94,173,18,131,110,81,153,101,100,30,134,148,11,97,58,158,43,7,0,62,68,123,6,137,60,54,151,119,187,39,107,47,14,13,111,52,89,75,80,71,162,53,183,69,159,164,90,28,155,73,99,106,136,132,152,102,170,172,86,76,133,85,104,17,8,16,56,21,108,192,40,15,9,33,154,122,179,165,185,127,96,196,141,98,114,64,79,177,27,88,5,186,199,83,59,129,24,95,171,35,181,120,161,115,191,135,146];False
1365;7711;9076;[74,4,144,70,19,87,121,178,2,32,61,84,77,112,34,147,66,157,103,188,93,124,168,31,142,117,45,182,167,143,149,49,78,128,42,57,197,125,145,130,65,160,91,1,150,105,180,41,36,46,140,92,82,23,189,55,175,12,22,131,176,193,109,20,67,166,38,139,63,118,48,194,29,198,174,184,126,3,169,72,163,25,51,50,190,10,195,113,156,116,44,138,37,94,173,18,26,110,81,153,101,100,30,134,148,11,97,58,158,43,7,0,62,68,123,6,137,60,54,151,119,187,39,107,47,14,13,111,52,89,75,80,71,162,53,183,69,159,164,90,28,155,73,99,106,136,132,152,102,170,172,86,76,133,85,104,17,8,16,56,21,108,192,40,15,9,33,154,122,179,165,185,127,96,196,141,98,114,64,79,177,27,88,5,186,199,83,59,129,24,95,171,35,181,120,161,115,191,135,146];True
1436;7538;8974;[180,4,144,70,19,87,121,178,2,32,61,84,77,112,34,147,66,157,103,188,93,124,168,31,142,117,45,182,167,143,149,49,78,128,42,57,197,125,145,130,65,160,91,1,150,105,74,41,36,46,140,92,82,23,189,47,175,12,22,26,176,193,109,20,67,166,38,139,63,118,48,194,29,198,174,184,126,3,169,72,163,25,51,50,190,10,165,113,156,116,44,138,37,94,173,18,131,110,81,153,101,100,30,134,148,11,97,58,158,43,7,0,62,68,123,6,137,60,54,151,119,187,39,107,55,14,13,111,52,89,75,80,71,162,53,183,69,159,164,90,28,155,73,99,106,136,132,152,102,170,172,86,76,133,85,104,17,8,16,56,21,108,192,40,15,9,33,154,122,179,195,185,127,96,196,141,98,114,64,79,177,27,88,5,186,199,83,59,129,24,95,171,35,181,120,161,115,191,135,146];False
1433;7541;8974;[74,4,144,70,19,87,121,178,2,169,61,84,77,112,34,147,66,157,103,188,93,124,168,31,142,117,45,182,167,143,149,49,78,128,42,57,197,125,145,130,65,160,91,1,150,105,180,41,36,46,140,92,82,23,189,47,175,12,22,26,176,193,109,20,67,166,38,139,63,118,48,194,29,198,174,184,126,3,32,72,163,25,51,50,190,10,165,113,156,116,44,138,37,94,173,18,131,110,81,153,101,100,30,134,148,11,97,58,158,43,7,0,62,68,123,6,137,60,54,151,119,187,39,107,55,14,13,111,52,89,75,80,71,162,53,183,69,159,164,90,28,155,73,99,106,136,132,152,102,170,172,86,76,133,85,104,17,8,16,56,21,108,192,40,15,9,33,154,122,179,195,185,127,96,196,141,98,114,64,79,177,27,88,5,186,199,83,59,129,24,95,171,35,181,120,161,115,191,135,146];False
1415;7567;8982;[74,4,144,70,19,87,121,178,2,32,61,84,77,112,34,147,66,157,103,188,93,124,168,31,142,117,45,182,167,143,149,49,78,128,42,57,197,125,145,130,65,160,91,1,150,105,180,41,36,46,140,92,82,23,189,47,179,12,22,26,176,193,109,20,67,166,38,139,63,118,48,194,29,198,174,184,126,3,169,72,163,25,51,50,190,10,195,113,156,116,44,138,37,94,173,18,131,110,81,153,101,100,30,134,148,11,97,58,158,43,7,175,62,68,123,6,137,60,54,151,119,187,39,107,55,14,13,111,52,89,75,80,71,162,53,183,69,159,164,90,28,155,73,99,106,136,132,152,102,170,172,86,76,133,85,104,17,8,16,56,21,108,192,40,15,9,33,154,122,0,165,185,127,96,196,141,98,114,64,79,177,27,88,5,186,199,83,59,129,24,95,171,35,181,120,161,115,191,135,146];False
1725;7225;8950;[34,4,144,70,19,87,121,178,102,132,71,84,77,112,93,147,66,157,103,116,65,124,168,31,142,117,167,61,45,188,41,49,78,128,42,57,182,125,145,126,143,160,91,1,150,105,180,196,36,46,140,92,82,23,189,47,175,12,22,26,176,193,109,20,67,166,38,139,63,118,48,194,29,198,174,184,35,161,32,72,163,25,51,50,190,10,130,113,156,74,44,138,37,94,173,18,131,110,81,153,80,100,30,134,148,11,97,58,158,43,7,0,181,68,123,6,137,60,54,151,119,187,39,107,55,14,13,111,52,89,75,101,197,162,53,183,69,159,164,90,28,155,73,99,106,136,115,152,2,170,172,86,76,133,85,104,17,8,16,56,21,108,192,40,15,9,33,154,122,179,195,185,127,96,171,141,98,114,64,79,177,27,88,5,186,199,83,59,129,24,95,149,165,62,120,3,169,191,135,146];False
1712;7237;8949;[34,4,144,70,19,87,121,178,102,132,71,84,77,112,93,147,66,157,103,116,65,124,168,31,142,117,167,61,45,188,41,49,78,128,42,57,197,125,145,126,143,160,91,1,150,105,180,196,36,46,140,92,82,23,189,47,182,12,22,26,176,193,109,20,67,166,38,139,63,118,48,194,29,198,174,184,35,161,32,72,163,25,51,50,190,10,130,113,156,74,44,138,37,94,173,18,131,110,81,153,80,100,30,134,148,11,97,58,158,43,7,0,181,68,123,6,137,60,54,151,119,187,39,107,55,14,13,111,52,89,75,101,175,162,53,183,69,159,164,90,28,155,73,99,106,136,115,152,2,170,172,86,76,133,85,104,17,8,16,56,21,108,192,40,15,9,33,154,122,179,195,185,127,96,171,141,98,114,64,79,177,27,88,5,186,199,83,59,129,24,95,149,165,62,120,3,169,191,135,146];False
1695;7244;8939;[34,4,144,70,19,87,121,178,161,102,112,1,77,182,93,147,66,157,103,116,65,124,168,31,142,117,167,61,45,188,41,49,78,128,42,57,197,125,145,126,143,160,91,84,150,105,180,196,36,46,140,92,82,23,189,47,175,12,22,26,176,193,109,20,67,166,38,139,63,118,48,194,29,198,174,184,115,2,32,72,163,25,51,50,190,10,130,113,156,74,44,138,37,94,173,18,131,110,81,153,101,100,30,134,148,11,97,58,158,43,7,0,181,68,123,6,137,60,54,151,119,187,39,107,55,14,13,111,52,89,75,80,71,162,53,183,69,159,164,90,28,155,73,99,106,136,132,152,35,170,172,86,76,133,85,104,17,8,16,56,21,108,192,40,15,9,33,154,122,179,195,185,127,96,171,141,98,114,64,79,177,27,88,5,186,199,83,59,129,24,95,149,165,62,120,3,169,191,135,146];False
1642;7262;8904;[34,4,144,70,19,87,121,178,161,102,112,84,77,182,93,147,66,157,103,116,65,124,168,31,142,117,167,61,45,188,196,49,78,128,42,57,197,125,145,126,143,160,91,1,150,105,180,41,36,46,140,92,82,23,189,47,175,12,22,26,176,193,109,20,67,166,38,139,63,118,48,194,29,198,174,184,115,2,32,72,163,25,51,50,190,10,130,113,156,74,44,138,37,94,173,18,131,110,81,153,101,100,30,134,148,11,97,58,158,43,7,0,181,68,123,6,137,60,54,151,119,187,39,107,55,14,13,111,52,89,75,80,71,162,53,183,69,159,164,90,28,155,73,99,106,136,132,152,35,170,172,86,76,133,85,104,17,8,16,56,21,108,192,40,15,9,33,154,122,179,195,185,127,96,171,141,98,114,64,79,177,27,88,5,186,199,83,59,129,24,95,149,165,62,120,3,169,191,135,146];False
1642;7252;8894;[34,4,144,70,19,87,121,178,161,102,112,84,77,182,93,147,66,157,103,116,65,124,168,31,142,117,167,61,45,188,41,35,78,128,42,57,197,125,145,126,143,160,91,1,150,105,180,196,36,46,140,92,82,23,189,47,175,12,22,26,176,193,109,20,67,166,38,139,63,118,48,194,29,198,174,184,115,2,32,72,163,25,51,50,190,10,130,113,156,74,44,138,37,94,173,18,131,110,81,153,101,100,30,134,148,11,97,58,158,43,7,0,181,68,123,6,137,60,54,151,119,187,39,107,55,14,13,111,52,89,75,80,71,162,53,183,69,159,164,90,28,155,73,99,106,136,132,152,49,170,172,86,76,133,85,104,17,8,16,56,21,108,192,40,15,9,33,154,122,179,195,185,127,96,171,141,98,114,64,79,177,27,88,5,186,199,83,59,129,24,95,149,165,62,120,3,169,191,135,146];False
1603;7243;8846;[34,4,144,70,19,41,121,178,161,102,182,84,77,112,93,147,66,157,103,116,65,124,168,31,142,117,167,61,45,188,87,35,78,128,42,57,197,125,145,126,143,160,91,1,150,105,180,196,36,46,140,92,82,23,189,47,175,12,22,26,176,193,109,20,67,166,38,139,63,118,48,194,29,198,174,184,115,2,32,72,163,25,51,50,190,10,130,113,156,74,44,138,37,94,173,18,131,110,81,153,101,100,30,134,148,11,97,58,158,43,7,0,181,68,123,6,137,60,54,151,119,187,39,107,55,14,13,111,52,89,75,80,71,162,53,183,69,159,164,90,28,155,73,99,106,136,132,152,49,170,172,86,76,133,85,104,17,8,16,56,21,108,192,40,15,9,33,154,122,179,195,185,127,96,171,141,98,114,64,79,177,27,88,5,186,199,83,59,129,24,95,149,165,62,120,3,169,191,135,146];True
1557;7344;8901;[146,4,144,70,19,87,121,178,161,35,61,84,77,112,93,147,66,157,103,116,65,124,168,31,142,117,167,182,45,188,41,49,78,128,42,57,197,125,145,126,143,160,91,1,150,105,180,196,36,46,140,92,82,23,189,47,175,12,22,26,176,193,109,20,67,166,38,139,63,118,48,194,29,198,174,184,115,2,32,72,163,25,51,50,190,10,130,113,156,74,44,138,37,94,173,18,131,110,81,153,101,100,30,134,148,11,97,58,158,43,7,0,62,68,123,6,137,60,54,151,119,187,39,107,55,14,13,111,52,89,75,80,71,162,53,183,69,159,164,90,28,155,73,99,106,136,132,152,102,170,172,86,76,133,85,104,17,8,16,56,21,108,192,40,15,9,33,154,122,179,195,185,127,96,171,141,98,114,64,79,177,27,88,5,186,199,83,59,129,24,95,149,165,181,120,3,169,191,135,34];False
1575;7298;8873;[34,4,144,70,19,87,121,178,161,35,61,84,77,112,93,147,66,157,103,116,65,124,168,31,142,117,167,182,45,188,196,49,78,128,42,57,197,125,145,126,143,160,91,1,150,105,180,41,36,46,140,92,82,23,189,47,175,12,22,26,176,193,109,20,67,166,38,139,63,118,48,194,29,198,174,184,115,2,32,72,163,25,51,50,190,10,130,113,156,74,44,138,37,94,173,18,131,110,81,153,101,100,30,134,148,11,97,58,158,43,7,0,62,68,123,6,137,60,54,151,119,187,39,107,55,14,13,111,52,89,75,80,71,162,53,183,69,159,164,90,28,155,73,99,106,136,132,152,102,170,172,86,76,133,85,104,17,8,16,56,21,108,192,40,15,9,33,154,122,179,195,185,127,96,171,141,98,114,64,79,177,27,88,5,186,199,83,59,129,24,95,149,165,181,120,3,169,191,135,146];False
1550;7364;8914;[34,4,144,70,19,87,121,178,161,35,61,84,77,112,93,147,66,157,103,116,65,124,168,31,142,117,167,182,45,188,41,49,78,128,42,57,197,125,145,126,143,160,91,1,150,105,180,196,36,46,140,92,82,23,189,55,175,12,22,26,176,193,109,20,67,166,38,139,63,118,48,194,29,198,174,184,115,2,32,72,163,25,51,50,190,10,130,113,156,74,44,138,37,94,173,18,131,110,81,153,101,100,30,134,148,11,97,58,158,43,7,0,62,68,123,6,137,60,54,151,119,187,39,107,47,14,13,111,52,89,75,80,71,162,53,183,69,159,164,90,28,155,73,99,106,136,132,152,102,170,172,86,76,133,85,104,17,8,16,56,21,108,192,40,15,9,33,154,122,179,195,185,127,96,171,141,98,114,64,79,177,27,88,5,186,199,83,59,129,24,95,149,165,181,120,3,169,191,135,146];False
1570;7321;8891;[34,4,144,70,19,87,121,178,161,35,61,84,77,112,93,147,66,157,103,116,65,124,168,31,142,117,167,182,45,188,41,49,78,128,42,57,197,125,145,126,143,160,91,1,150,105,180,196,36,46,140,92,82,23,189,47,175,12,22,26,176,193,109,20,67,166,38,139,63,118,48,194,29,198,174,184,115,2,32,72,163,25,51,50,190,10,130,113,156,74,44,138,37,94,173,18,131,110,81,153,101,100,30,134,148,11,97,58,158,43,7,0,62,68,123,6,137,60,54,151,119,187,39,107,55,14,13,111,52,89,75,80,71,162,53,183,69,159,164,90,28,155,73,99,106,136,132,152,102,170,172,86,76,133,85,104,17,8,16,56,21,108,192,40,15,9,33,154,122,179,165,185,127,96,171,141,98,114,64,79,177,27,88,5,186,199,83,59,129,24,95,149,195,181,120,3,169,191,135,146];False
1553;7360;8913;[146,4,144,70,19,87,121,178,161,35,182,84,77,112,93,147,66,157,103,116,65,124,168,31,142,117,167,61,45,188,196,49,78,128,42,57,197,125,145,126,143,160,91,1,150,105,180,41,36,46,140,92,82,23,189,47,175,12,22,26,176,193,109,20,67,166,38,139,63,118,48,194,29,198,174,184,115,2,32,72,163,25,51,50,190,10,130,113,156,74,44,138,37,94,173,18,131,110,81,153,101,100,30,134,148,11,97,58,158,43,7,0,62,68,123,6,137,60,54,151,119,187,39,107,55,14,13,111,52,89,75,80,71,162,53,183,69,159,164,90,28,155,73,99,106,136,132,152,102,170,172,86,76,133,85,104,17,8,16,56,21,108,192,40,15,9,33,154,122,179,195,185,127,96,171,141,98,114,64,79,177,27,88,5,186,199,83,59,129,24,95,149,165,181,120,3,169,191,135,34];False
1587;7289;8876;[34,4,144,70,19,87,121,178,161,102,182,84,77,112,93,147,66,157,103,116,65,124,168,31,142,117,167,61,45,188,196,49,78,128,42,57,197,125,145,126,143,160,91,1,150,105,180,41,36,46,140,92,82,23,189,47,175,12,22,26,176,193,109,20,67,166,38,139,63,118,48,194,29,198,174,184,115,2,32,72,163,25,51,50,190,10,130,113,156,74,44,138,37,94,173,18,131,110,81,153,101,100,30,134,148,11,97,58,158,43,7,0,62,68,123,6,137,60,54,151,119,187,39,107,55,14,13,111,52,89,75,80,71,162,53,183,69,159,164,90,28,155,73,99,106,136,132,152,35,170,172,86,76,133,85,104,17,8,16,56,21,108,192,40,15,9,33,154,122,179,195,185,127,96,171,141,98,114,64,79,177,27,88,5,186,199,83,59,129,24,95,149,165,181,120,3,169,191,135,146];False
1587;7279;8866;[34,4,144,70,19,87,121,178,161,102,182,84,77,112,93,147,66,157,103,116,65,124,168,31,142,117,167,61,45,188,41,35,78,128,42,57,197,125,145,126,143,160,91,1,150,105,180,196,36,46,140,92,82,23,189,47,175,12,22,26,176,193,109,20,67,166,38,139,63,118,48,194,29,198,174,184,115,2,32,72,163,25,51,50,190,10,130,113,156,74,44,138,37,94,173,18,131,110,81,153,101,100,30,134,148,11,97,58,158,43,7,0,62,68,123,6,137,60,54,151,119,187,39,107,55,14,13,111,52,89,75,80,71,162,53,183,69,159,164,90,28,155,73,99,106,136,132,152,49,170,172,86,76,133,85,104,17,8,16,56,21,108,192,40,15,9,33,154,122,179,195,185,127,96,171,141,98,114,64,79,177,27,88,5,186,199,83,59,129,24,95,149,165,181,120,3,169,191,135,146];False
1558;7323;8881;[34,4,144,70,196,87,121,178,161,35,182,84,77,112,93,147,66,157,103,116,65,124,168,31,142,117,167,61,45,188,19,49,78,128,42,57,197,125,145,126,143,160,91,1,150,105,180,41,36,46,140,92,82,23,189,47,175,12,22,26,176,193,109,20,67,166,38,139,63,118,48,194,29,198,174,184,115,2,32,72,163,25,51,50,190,10,130,113,156,74,44,138,37,94,173,18,131,110,81,153,101,100,30,134,148,11,97,58,158,43,7,0,62,68,123,6,137,60,54,151,119,187,39,107,55,14,13,111,52,89,75,80,71,162,53,183,69,159,164,90,28,155,73,99,106,136,132,152,102,170,172,86,76,133,85,104,17,8,16,56,21,108,192,40,15,9,33,154,122,179,195,185,127,96,171,141,98,114,64,79,177,27,88,5,186,199,83,59,129,24,95,149,165,181,120,3,169,191,135,146];False
1558;7309;8867;[34,4,144,70,19,87,121,178,161,49,182,84,77,112,93,147,66,157,103,116,65,124,168,31,142,117,167,61,45,188,196,35,78,128,42,57,197,125,145,126,143,160,91,1,150,105,180,41,36,46,140,92,82,23,189,47,175,12,22,26,176,193,109,20,67,166,38,139,63,118,48,194,29,198,174,184,115,2,32,72,163,25,51,50,190,10,130,113,156,74,44,138,37,94,173,18,131,110,81,153,101,100,30,134,148,11,97,58,158,43,7,0,62,68,123,6,137,60,54,151,119,187,39,107,55,14,13,111,52,89,75,80,71,162,53,183,69,159,164,90,28,155,73,99,106,136,132,152,102,170,172,86,76,133,85,104,17,8,16,56,21,108,192,40,15,9,33,154,122,179,195,185,127,96,171,141,98,114,64,79,177,27,88,5,186,199,83,59,129,24,95,149,165,181,120,3,169,191,135,146];False
1347;7770;9117;[74,4,144,93,19,87,121,178,2,32,61,84,77,112,34,147,66,157,103,188,78,124,168,31,142,117,45,182,167,143,149,49,70,128,42,57,197,125,83,195,65,160,91,1,150,105,180,41,36,46,140,92,82,23,189,55,175,12,22,26,176,193,109,20,67,166,38,139,63,118,48,194,29,198,174,184,126,3,169,72,163,25,51,50,190,10,130,113,156,116,44,138,37,94,173,18,131,110,81,153,101,100,30,134,148,11,97,58,158,43,7,0,62,68,123,6,137,60,54,151,119,187,39,107,47,14,13,111,52,89,75,80,71,162,53,183,69,159,164,90,28,155,73,99,106,136,132,152,102,170,172,86,76,133,85,104,17,8,16,56,21,108,192,40,15,9,33,154,122,179,165,185,127,96,196,141,98,114,64,79,177,27,88,5,186,199,145,59,129,24,95,171,35,181,120,161,115,191,135,146];True
1355;7767;9122;[74,4,144,49,19,87,121,178,2,32,61,84,77,112,34,147,66,157,103,188,93,124,168,31,142,117,45,182,167,143,149,78,70,128,42,57,197,125,83,195,65,160,91,1,150,105,180,41,36,46,140,92,82,23,189,55,175,12,22,26,176,193,109,20,67,166,38,139,63,118,48,194,29,198,174,184,126,3,169,72,163,25,51,50,190,10,130,113,156,116,44,138,37,94,173,18,131,110,81,153,101,100,30,134,148,11,97,58,158,43,7,0,62,68,123,6,137,60,54,151,119,187,39,107,47,14,13,111,52,89,75,80,71,162,53,183,69,159,164,90,28,155,73,99,106,136,132,152,102,170,172,86,76,133,85,104,17,8,16,56,21,108,192,40,15,9,33,154,122,179,165,185,127,96,196,141,98,114,64,79,177,27,88,5,186,199,145,59,129,24,95,171,35,181,120,161,115,191,135,146];False
1344;7815;9159;[74,4,144,78,19,87,121,178,2,32,61,84,77,112,34,147,66,157,103,188,93,124,168,31,142,117,45,182,167,143,149,49,70,128,42,57,197,125,83,195,65,160,91,1,150,105,180,41,36,46,140,92,82,23,189,55,175,12,22,131,176,193,109,20,67,166,38,139,63,118,48,194,29,198,174,184,126,3,169,72,163,25,51,50,190,10,130,113,156,116,44,138,37,94,173,18,26,110,81,153,101,100,30,134,148,11,97,58,158,43,7,0,62,68,123,6,137,60,54,151,119,187,39,107,47,14,13,111,52,89,75,80,71,162,53,183,69,159,164,90,28,155,73,99,106,136,132,152,102,170,172,86,76,133,85,104,17,8,16,56,21,108,192,40,15,9,33,154,122,179,165,185,127,96,196,141,98,114,64,79,177,27,88,5,186,199,145,59,129,24,95,171,35,181,120,161,115,191,135,146];False
1423;7565;8988;[74,4,144,70,19,87,121,178,2,169,61,84,77,112,34,147,66,157,103,188,93,124,168,31,142,117,45,182,167,143,149,49,78,128,42,57,197,125,145,130,65,160,91,1,150,105,180,41,36,46,140,92,82,23,189,47,179,12,22,26,176,193,109,20,67,166,38,139,63,118,48,194,29,198,174,184,126,3,32,72,163,25,51,50,190,10,195,113,156,116,44,138,37,94,173,18,131,110,81,153,101,100,30,134,148,11,97,58,158,43,7,175,62,68,123,6,137,60,54,151,119,187,39,107,55,14,13,111,52,89,75,80,71,162,53,183,69,159,164,90,28,155,73,99,106,136,132,152,102,170,172,86,76,133,85,104,17,8,16,56,21,108,192,40,15,9,33,154,122,0,165,185,127,96,196,141,98,114,64,79,177,27,88,5,186,199,83,59,129,24,95,171,35,181,120,161,115,191,135,146];False
1760;7215;8975;[34,4,144,70,19,87,121,178,102,119,71,84,77,112,93,147,66,157,103,116,65,124,168,31,142,117,167,61,45,188,41,49,78,128,42,57,182,125,145,126,143,160,91,1,150,105,180,196,36,46,140,92,82,23,189,47,175,12,22,26,176,193,109,20,67,166,38,139,63,118,48,194,29,198,174,184,35,161,32,72,163,25,51,50,190,10,130,113,156,74,44,138,37,94,173,18,131,110,81,153,80,100,30,134,148,11,97,58,158,43,7,0,181,68,123,6,137,60,54,151,132,187,39,107,55,14,13,111,52,89,75,101,197,162,53,183,69,159,164,90,28,155,73,99,106,136,115,152,2,170,172,86,76,133,85,104,17,8,16,56,21,108,192,40,15,9,33,154,122,179,195,185,127,96,171,141,98,114,64,79,177,27,88,5,186,199,83,59,129,24,95,149,165,62,120,3,169,191,135,146];False
1724;7231;8955;[34,4,144,70,19,87,121,178,102,132,71,84,77,112,93,147,66,157,103,116,65,124,168,31,142,117,167,61,45,188,196,49,78,128,42,57,182,125,145,126,143,160,91,1,150,105,180,41,36,46,140,92,82,23,189,47,175,12,22,26,176,193,109,20,67,166,38,139,63,118,48,194,29,198,174,184,35,161,32,72,163,25,51,50,190,10,130,113,156,74,44,138,37,94,173,18,131,110,81,153,80,100,30,134,148,11,97,58,158,43,7,0,181,68,123,6,137,60,54,151,119,187,39,107,55,14,13,111,52,89,75,101,197,162,53,183,69,159,164,90,28,155,73,99,106,136,115,152,2,170,172,86,76,133,85,104,17,8,16,56,21,108,192,40,15,9,33,154,122,179,195,185,127,96,171,141,98,114,64,79,177,27,88,5,186,199,83,59,129,24,95,149,165,62,120,3,169,191,135,146];False
1727;7210;8937;[34,4,144,70,19,87,121,178,102,132,71,84,77,112,93,147,66,157,103,116,65,124,168,31,142,117,167,61,45,188,41,49,78,128,42,47,182,125,145,126,143,160,91,1,150,105,180,196,36,46,140,92,82,23,189,57,175,12,22,26,176,193,109,20,67,166,38,139,63,118,48,194,29,198,174,184,35,161,32,72,163,25,51,50,190,10,130,113,156,74,44,138,37,94,173,18,131,110,81,153,80,100,30,134,148,11,97,58,158,43,7,0,181,68,123,6,137,60,54,151,119,187,39,107,55,14,13,111,52,89,75,101,197,162,53,183,69,159,164,90,28,155,73,99,106,136,115,152,2,170,172,86,76,133,85,104,17,8,16,56,21,108,192,40,15,9,33,154,122,179,195,185,127,96,171,141,98,114,64,79,177,27,88,5,186,199,83,59,129,24,95,149,165,62,120,3,169,191,135,146];False
1696;7241;8937;[34,4,144,70,19,87,121,178,102,132,71,84,77,112,93,147,66,157,103,116,65,124,168,31,142,117,167,61,45,188,41,49,78,128,42,57,182,125,145,126,143,160,91,1,150,105,180,196,36,46,140,92,82,23,189,47,175,12,22,26,176,193,109,20,67,166,38,139,63,118,48,194,29,198,174,184,35,161,32,72,163,25,51,50,190,10,130,113,156,74,44,138,37,94,173,18,131,110,81,153,80,100,30,134,148,11,97,58,158,43,7,0,62,68,123,6,137,60,54,151,119,187,39,107,55,14,13,111,52,89,75,101,197,162,53,183,69,159,164,90,28,155,73,99,106,136,115,152,2,170,172,86,76,133,85,104,17,8,16,56,21,108,192,40,15,9,33,154,122,179,195,185,127,96,171,141,98,114,64,79,177,27,88,5,186,199,83,59,129,24,95,149,165,181,120,3,169,191,135,146];False
1704;7240;8944;[50,4,144,70,19,41,121,178,161,102,182,84,77,112,93,147,66,157,103,116,65,124,168,31,142,117,167,61,45,188,87,35,78,128,42,57,197,125,145,126,143,160,91,1,150,105,180,196,36,46,140,92,82,23,189,47,175,12,22,26,176,193,109,20,67,166,38,139,63,118,48,194,29,198,174,184,115,2,32,72,163,25,51,34,190,10,130,113,156,74,44,138,37,94,173,18,131,110,81,153,101,100,30,134,148,11,97,58,158,43,7,0,181,68,123,6,137,60,54,151,119,187,39,107,55,14,13,111,52,89,75,80,71,162,53,183,69,159,164,90,28,155,73,99,106,136,132,152,49,170,172,86,76,133,85,104,17,8,16,56,21,108,192,40,15,9,33,154,122,179,195,185,127,96,171,141,98,114,64,79,177,27,88,5,186,199,83,59,129,24,95,149,165,62,120,3,169,191,135,146];False
1697;7240;8937;[34,90,144,70,19,41,121,178,161,102,182,84,77,112,93,147,66,157,103,116,65,124,168,31,142,117,167,61,45,188,87,35,78,128,42,57,197,125,145,126,143,160,91,1,150,105,180,196,36,46,140,92,82,23,189,47,175,12,22,26,176,193,109,20,67,166,38,139,63,118,48,194,29,198,174,184,115,2,32,72,163,25,51,50,190,10,130,113,156,74,44,138,37,94,173,18,131,110,81,153,101,100,30,134,148,11,97,58,158,43,7,0,181,68,123,6,137,60,54,151,119,187,39,107,55,14,13,111,52,89,75,80,71,162,53,183,69,159,164,4,28,155,73,99,106,136,132,152,49,170,172,86,76,133,85,104,17,8,16,56,21,108,192,40,15,9,33,154,122,179,195,185,127,96,171,141,98,114,64,79,177,27,88,5,186,199,83,59,129,24,95,149,165,62,120,3,169,191,135,146];False
1720;7236;8956;[34,4,109,70,19,41,121,178,161,102,182,84,77,112,93,147,66,157,103,116,65,124,168,31,142,117,167,61,45,188,87,35,78,128,42,57,197,125,145,126,143,160,91,1,150,105,180,196,36,46,140,92,82,23,189,47,175,12,22,26,176,193,144,20,67,166,38,139,63,118,48,194,29,198,174,184,115,2,32,72,163,25,51,50,190,10,130,113,156,74,44,138,37,94,173,18,131,110,81,153,101,100,30,134,148,11,97,58,158,43,7,0,181,68,123,6,137,60,54,151,119,187,39,107,55,14,13,111,52,89,75,80,71,162,53,183,69,159,164,90,28,155,73,99,106,136,132,152,49,170,172,86,76,133,85,104,17,8,16,56,21,108,192,40,15,9,33,154,122,179,195,185,127,96,171,141,98,114,64,79,177,27,88,5,186,199,83,59,129,24,95,149,165,62,120,3,169,191,135,146];False
1658;7242;8900;[34,4,139,70,19,41,121,178,161,102,182,84,77,112,93,147,66,157,103,116,65,124,168,31,142,117,167,61,45,188,87,35,78,128,42,57,197,125,145,126,143,160,91,1,150,105,180,196,36,46,140,92,82,23,189,47,175,12,22,26,176,193,109,20,67,166,38,144,63,118,48,194,29,198,174,184,115,2,32,72,163,25,51,50,190,10,130,113,156,74,44,138,37,94,173,18,131,110,81,153,101,100,30,134,148,11,97,58,158,43,7,0,181,68,123,6,137,60,54,151,119,187,39,107,55,14,13,111,52,89,75,80,71,162,53,183,69,159,164,90,28,155,73,99,106,136,132,152,49,170,172,86,76,133,85,104,17,8,16,56,21,108,192,40,15,9,33,154,122,179,195,185,127,96,171,141,98,114,64,79,177,27,88,5,186,199,83,59,129,24,95,149,165,62,120,3,169,191,135,146];False
1696;7240;8936;[34,4,28,70,19,41,121,178,161,102,182,84,77,112,93,147,66,157,103,116,65,124,168,31,142,117,167,61,45,188,87,35,78,128,42,57,197,125,145,126,143,160,91,1,150,105,180,196,36,46,140,92,82,23,189,47,175,12,22,26,176,193,109,20,67,166,38,139,63,118,48,194,29,198,174,184,115,2,32,72,163,25,51,50,190,10,130,113,156,74,44,138,37,94,173,18,131,110,81,153,101,100,30,134,148,11,97,58,158,43,7,0,181,68,123,6,137,60,54,151,119,187,39,107,55,14,13,111,52,89,75,80,71,162,53,183,69,159,164,90,144,155,73,99,106,136,132,152,49,170,172,86,76,133,85,104,17,8,16,56,21,108,192,40,15,9,33,154,122,179,195,185,127,96,171,141,98,114,64,79,177,27,88,5,186,199,83,59,129,24,95,149,165,62,120,3,169,191,135,146];False
1713;7235;8948;[34,4,144,123,19,41,121,178,161,102,182,84,77,112,93,147,66,157,103,116,65,124,168,31,142,117,167,61,45,188,87,35,78,128,42,57,197,125,145,126,143,160,91,1,150,105,180,196,36,46,140,92,82,23,189,47,175,12,22,26,176,193,109,20,67,166,38,139,63,118,48,194,29,198,174,184,115,2,32,72,163,25,51,50,190,10,130,113,156,74,44,138,37,94,173,18,131,110,81,153,101,100,30,134,148,11,97,58,158,43,7,0,181,68,70,6,137,60,54,151,119,187,39,107,55,14,13,111,52,89,75,80,71,162,53,183,69,159,164,90,28,155,73,99,106,136,132,152,49,170,172,86,76,133,85,104,17,8,16,56,21,108,192,40,15,9,33,154,122,179,195,185,127,96,171,141,98,114,64,79,177,27,88,5,186,199,83,59,129,24,95,149,165,62,120,3,169,191,135,146];False
1706;7231;8937;[34,4,144,70,19,130,121,178,161,102,182,84,77,112,93,147,66,157,103,116,65,124,168,31,142,117,167,61,45,188,87,35,78,128,42,57,197,125,145,126,143,160,91,1,150,105,180,196,36,46,140,92,82,23,189,47,175,12,22,26,176,193,109,20,67,166,38,139,63,118,48,194,29,198,174,184,115,2,32,72,163,25,51,50,190,10,41,113,156,74,44,138,37,94,173,18,131,110,81,153,101,100,30,134,148,11,97,58,158,43,7,0,181,68,123,6,137,60,54,151,119,187,39,107,55,14,13,111,52,89,75,80,71,162,53,183,69,159,164,90,28,155,73,99,106,136,132,152,49,170,172,86,76,133,85,104,17,8,16,56,21,108,192,40,15,9,33,154,122,179,195,185,127,96,171,141,98,114,64,79,177,27,88,5,186,199,83,59,129,24,95,149,165,62,120,3,169,191,135,146];False
1719;7228;8947;[34,4,144,70,19,6,121,178,161,102,182,84,77,112,93,147,66,157,103,116,65,124,168,31,142,117,167,61,45,188,87,35,78,128,42,57,197,125,145,126,143,160,91,1,150,105,180,196,36,46,140,92,82,23,189,47,175,12,22,26,176,193,109,20,67,166,38,139,63,118,48,194,29,198,174,184,115,2,32,72,163,25,51,50,190,10,130,113,156,74,44,138,37,94,173,18,131,110,81,153,101,100,30,134,148,11,97,58,158,43,7,0,181,68,123,41,137,60,54,151,119,187,39,107,55,14,13,111,52,89,75,80,71,162,53,183,69,159,164,90,28,155,73,99,106,136,132,152,49,170,172,86,76,133,85,104,17,8,16,56,21,108,192,40,15,9,33,154,122,179,195,185,127,96,171,141,98,114,64,79,177,27,88,5,186,199,83,59,129,24,95,149,165,62,120,3,169,191,135,146];False
1671;7232;8903;[34,4,144,70,19,41,113,178,161,102,182,84,77,112,93,147,66,157,103,116,65,124,168,31,142,117,167,61,45,188,87,35,78,128,42,57,197,125,145,126,143,160,91,1,150,105,180,196,36,46,140,92,82,23,189,47,175,12,22,26,176,193,109,20,67,166,38,139,63,118,48,194,29,198,174,184,115,2,32,72,163,25,51,50,190,10,130,121,156,74,44,138,37,94,173,18,131,110,81,153,101,100,30,134,148,11,97,58,158,43,7,0,181,68,123,6,137,60,54,151,119,187,39,107,55,14,13,111,52,89,75,80,71,162,53,183,69,159,164,90,28,155,73,99,106,136,132,152,49,170,172,86,76,133,85,104,17,8,16,56,21,108,192,40,15,9,33,154,122,179,195,185,127,96,171,141,98,114,64,79,177,27,88,5,186,199,83,59,129,24,95,149,165,62,120,3,169,191,135,146];False
1596;7254;8850;[34,4,144,70,19,41,121,178,102,161,182,84,77,112,93,147,66,157,103,116,65,124,168,31,142,117,167,61,45,188,87,35,78,128,42,57,197,125,145,126,143,160,91,1,150,105,180,196,36,46,140,92,82,23,189,47,175,12,22,26,176,193,109,20,67,166,38,139,63,118,48,194,29,198,174,184,115,2,32,72,163,25,51,50,190,10,130,113,156,74,44,138,37,94,173,18,131,110,81,153,101,100,30,134,148,11,97,58,158,43,7,0,181,68,123,6,137,60,54,151,119,187,39,107,55,14,13,111,52,89,75,80,71,162,53,183,69,159,164,90,28,155,73,99,106,136,132,152,49,170,172,86,76,133,85,104,17,8,16,56,21,108,192,40,15,9,33,154,122,179,195,185,127,96,171,141,98,114,64,79,177,27,88,5,186,199,83,59,129,24,95,149,165,62,120,3,169,191,135,146];False
1660;7238;8898;[34,4,144,70,19,41,121,178,161,136,182,84,77,112,93,147,66,157,103,116,65,124,168,31,142,117,167,61,45,188,87,35,78,128,42,57,197,125,145,126,143,160,91,1,150,105,180,196,36,46,140,92,82,23,189,47,175,12,22,26,176,193,109,20,67,166,38,139,63,118,48,194,29,198,174,184,115,2,32,72,163,25,51,50,190,10,130,113,156,74,44,138,37,94,173,18,131,110,81,153,101,100,30,134,148,11,97,58,158,43,7,0,181,68,123,6,137,60,54,151,119,187,39,107,55,14,13,111,52,89,75,80,71,162,53,183,69,159,164,90,28,155,73,99,106,102,132,152,49,170,172,86,76,133,85,104,17,8,16,56,21,108,192,40,15,9,33,154,122,179,195,185,127,96,171,141,98,114,64,79,177,27,88,5,186,199,83,59,129,24,95,149,165,62,120,3,169,191,135,146];False
1629;7232;8861;[34,4,144,70,19,41,121,178,161,102,112,84,77,182,93,147,66,157,103,116,65,124,168,31,142,117,167,61,45,188,87,35,78,128,42,57,197,125,145,126,143,160,91,1,150,105,180,196,36,46,140,92,82,23,189,47,175,12,22,26,176,193,109,20,67,166,38,139,63,118,48,194,29,198,174,184,115,2,32,72,163,25,51,50,190,10,130,113,156,74,44,138,37,94,173,18,131,110,81,153,101,100,30,134,148,11,97,58,158,43,7,0,181,68,123,6,137,60,54,151,119,187,39,107,55,14,13,111,52,89,75,80,71,162,53,183,69,159,164,90,28,155,73,99,106,136,132,152,49,170,172,86,76,133,85,104,17,8,16,56,21,108,192,40,15,9,33,154,122,179,195,185,127,96,171,141,98,114,64,79,177,27,88,5,186,199,83,59,129,24,95,149,165,62,120,3,169,191,135,146];True
1714;7228;8942;[34,4,144,70,19,41,121,178,161,102,193,84,77,112,93,147,66,157,103,116,65,124,168,31,142,117,167,61,45,188,87,35,78,128,42,57,197,125,145,126,143,160,91,1,150,105,180,196,36,46,140,92,82,23,189,47,175,12,22,26,176,182,109,20,67,166,38,139,63,118,48,194,29,198,174,184,115,2,32,72,163,25,51,50,190,10,130,113,156,74,44,138,37,94,173,18,131,110,81,153,101,100,30,134,148,11,97,58,158,43,7,0,181,68,123,6,137,60,54,151,119,187,39,107,55,14,13,111,52,89,75,80,71,162,53,183,69,159,164,90,28,155,73,99,106,136,132,152,49,170,172,86,76,133,85,104,17,8,16,56,21,108,192,40,15,9,33,154,122,179,195,185,127,96,171,141,98,114,64,79,177,27,88,5,186,199,83,59,129,24,95,149,165,62,120,3,169,191,135,146];False
1715;7227;8942;[34,4,144,70,19,41,121,178,161,102,0,84,77,112,93,147,66,157,103,116,65,124,168,31,142,117,167,61,45,188,87,35,78,128,42,57,197,125,145,126,143,160,91,1,150,105,180,196,36,46,140,92,82,23,189,47,175,12,22,26,176,193,109,20,67,166,38,139,63,118,48,194,29,198,174,184,115,2,32,72,163,25,51,50,190,10,130,113,156,74,44,138,37,94,173,18,131,110,81,153,101,100,30,134,148,11,97,58,158,43,7,182,181,68,123,6,137,60,54,151,119,187,39,107,55,14,13,111,52,89,75,80,71,162,53,183,69,159,164,90,28,155,73,99,106,136,132,152,49,170,172,86,76,133,85,104,17,8,16,56,21,108,192,40,15,9,33,154,122,179,195,185,127,96,171,141,98,114,64,79,177,27,88,5,186,199,83,59,129,24,95,149,165,62,120,3,169,191,135,146];False
1582;7290;8872;[34,4,144,70,19,41,121,178,161,102,182,84,77,112,93,147,66,157,103,0,65,124,168,31,142,117,167,61,45,188,87,35,78,128,42,57,197,125,145,126,143,160,91,1,150,105,180,196,36,46,140,92,82,23,189,47,175,12,22,26,176,193,109,20,67,166,38,139,63,118,48,194,29,198,174,184,115,2,32,72,163,25,51,50,190,10,130,113,156,74,44,138,37,94,173,18,131,110,81,153,101,100,30,134,148,11,97,58,158,43,7,116,181,68,123,6,137,60,54,151,119,187,39,107,55,14,13,111,52,89,75,80,71,162,53,183,69,159,164,90,28,155,73,99,106,136,132,152,49,170,172,86,76,133,85,104,17,8,16,56,21,108,192,40,15,9,33,154,122,179,195,185,127,96,171,141,98,114,64,79,177,27,88,5,186,199,83,59,129,24,95,149,165,62,120,3,169,191,135,146];False
1690;7225;8915;[34,4,144,70,19,41,121,178,161,102,182,84,77,112,93,147,66,157,103,116,65,124,168,31,142,117,167,61,45,188,87,35,78,128,42,47,197,125,145,126,143,160,91,1,150,105,180,196,36,46,140,92,82,23,189,57,175,12,22,26,176,193,109,20,67,166,38,139,63,118,48,194,29,198,174,184,115,2,32,72,163,25,51,50,190,10,130,113,156,74,44,138,37,94,173,18,131,110,81,153,101,100,30,134,148,11,97,58,158,43,7,0,181,68,123,6,137,60,54,151,119,187,39,107,55,14,13,111,52,89,75,80,71,162,53,183,69,159,164,90,28,155,73,99,106,136,132,152,49,170,172,86,76,133,85,104,17,8,16,56,21,108,192,40,15,9,33,154,122,179,195,185,127,96,171,141,98,114,64,79,177,27,88,5,186,199,83,59,129,24,95,149,165,62,120,3,169,191,135,146];False
1696;7221;8917;[34,4,144,70,19,41,121,178,161,102,182,84,77,112,93,147,66,157,103,116,65,124,168,31,142,117,167,61,45,188,87,35,78,128,42,57,197,125,145,126,143,160,91,1,28,105,180,196,36,46,140,92,82,23,189,47,175,12,22,26,176,193,109,20,67,166,38,139,63,118,48,194,29,198,174,184,115,2,32,72,163,25,51,50,190,10,130,113,156,74,44,138,37,94,173,18,131,110,81,153,101,100,30,134,148,11,97,58,158,43,7,0,181,68,123,6,137,60,54,151,119,187,39,107,55,14,13,111,52,89,75,80,71,162,53,183,69,159,164,90,150,155,73,99,106,136,132,152,49,170,172,86,76,133,85,104,17,8,16,56,21,108,192,40,15,9,33,154,122,179,195,185,127,96,171,141,98,114,64,79,177,27,88,5,186,199,83,59,129,24,95,149,165,62,120,3,169,191,135,146];False
1659;7227;8886;[34,4,144,70,19,41,121,178,161,102,182,84,77,112,93,147,66,157,103,116,65,124,168,31,142,117,167,61,45,188,87,35,78,128,42,57,197,125,145,126,143,160,91,1,150,105,180,196,36,46,140,92,82,23,141,47,175,12,22,26,176,193,109,20,67,166,38,139,63,118,48,194,29,198,174,184,115,2,32,72,163,25,51,50,190,10,130,113,156,74,44,138,37,94,173,18,131,110,81,153,101,100,30,134,148,11,97,58,158,43,7,0,181,68,123,6,137,60,54,151,119,187,39,107,55,14,13,111,52,89,75,80,71,162,53,183,69,159,164,90,28,155,73,99,106,136,132,152,49,170,172,86,76,133,85,104,17,8,16,56,21,108,192,40,15,9,33,154,122,179,195,185,127,96,171,189,98,114,64,79,177,27,88,5,186,199,83,59,129,24,95,149,165,62,120,3,169,191,135,146];False
1691;7214;8905;[34,4,144,70,19,41,121,178,161,102,182,84,77,112,93,147,66,157,103,116,65,124,168,31,142,117,167,61,45,188,87,35,78,128,42,57,197,125,145,126,143,160,91,1,150,105,180,196,36,46,140,92,82,23,189,195,175,12,22,26,176,193,109,20,67,166,38,139,63,118,48,194,29,198,174,184,115,2,32,72,163,25,51,50,190,10,130,113,156,74,44,138,37,94,173,18,131,110,81,153,101,100,30,134,148,11,97,58,158,43,7,0,181,68,123,6,137,60,54,151,119,187,39,107,55,14,13,111,52,89,75,80,71,162,53,183,69,159,164,90,28,155,73,99,106,136,132,152,49,170,172,86,76,133,85,104,17,8,16,56,21,108,192,40,15,9,33,154,122,179,47,185,127,96,171,141,98,114,64,79,177,27,88,5,186,199,83,59,129,24,95,149,165,62,120,3,169,191,135,146];False
1646;7231;8877;[34,4,144,70,19,41,121,178,161,102,182,84,77,112,93,147,66,157,103,116,65,124,168,31,142,117,167,61,45,188,87,35,78,128,42,57,197,125,145,126,143,160,91,1,150,105,180,196,36,46,140,92,82,23,189,98,175,12,22,26,176,193,109,20,67,166,38,139,63,118,48,194,29,198,174,184,115,2,32,72,163,25,51,50,190,10,130,113,156,74,44,138,37,94,173,18,131,110,81,153,101,100,30,134,148,11,97,58,158,43,7,0,181,68,123,6,137,60,54,151,119,187,39,107,55,14,13,111,52,89,75,80,71,162,53,183,69,159,164,90,28,155,73,99,106,136,132,152,49,170,172,86,76,133,85,104,17,8,16,56,21,108,192,40,15,9,33,154,122,179,195,185,127,96,171,141,47,114,64,79,177,27,88,5,186,199,83,59,129,24,95,149,165,62,120,3,169,191,135,146];False
1665;7221;8886;[34,4,144,70,19,41,121,178,161,102,182,84,77,112,93,147,66,157,103,116,65,124,168,31,142,117,167,61,45,188,87,35,78,128,42,57,197,125,145,126,143,160,91,1,150,105,180,196,36,46,140,92,82,23,189,47,175,12,22,26,176,193,109,20,67,166,38,139,63,118,48,194,29,198,174,16,115,2,32,72,163,25,51,50,190,10,130,113,156,74,44,138,37,94,173,18,131,110,81,153,101,100,30,134,148,11,97,58,158,43,7,0,181,68,123,6,137,60,54,151,119,187,39,107,55,14,13,111,52,89,75,80,71,162,53,183,69,159,164,90,28,155,73,99,106,136,132,152,49,170,172,86,76,133,85,104,17,8,184,56,21,108,192,40,15,9,33,154,122,179,195,185,127,96,171,141,98,114,64,79,177,27,88,5,186,199,83,59,129,24,95,149,165,62,120,3,169,191,135,146];False
1657;7225;8882;[34,4,144,70,19,41,121,178,161,102,182,84,77,112,93,147,66,157,103,116,65,124,168,31,142,117,167,61,45,188,87,35,78,128,42,57,197,125,145,126,143,160,91,1,150,105,180,196,36,46,140,92,82,23,189,47,175,12,22,26,176,193,109,20,67,166,38,139,63,118,48,194,29,198,174,184,115,2,32,72,163,25,51,50,190,10,130,113,156,74,44,138,37,94,173,18,131,110,81,153,80,100,30,134,148,11,97,58,158,43,7,0,181,68,123,6,137,60,54,151,119,187,39,107,55,14,13,111,52,89,75,101,71,162,53,183,69,159,164,90,28,155,73,99,106,136,132,152,49,170,172,86,76,133,85,104,17,8,16,56,21,108,192,40,15,9,33,154,122,179,195,185,127,96,171,141,98,114,64,79,177,27,88,5,186,199,83,59,129,24,95,149,165,62,120,3,169,191,135,146];False
1574;7259;8833;[34,4,144,70,19,41,121,178,161,102,182,84,77,112,93,147,66,157,103,116,65,124,168,31,142,117,167,61,45,188,87,35,78,128,42,57,197,125,145,126,143,160,91,1,150,105,180,196,36,46,140,92,82,23,189,47,175,12,22,26,176,193,109,20,67,166,38,139,63,118,48,194,29,198,174,184,115,2,32,72,163,25,51,50,190,10,130,113,156,74,44,138,37,94,173,18,131,110,81,153,101,100,30,134,148,11,97,58,158,43,7,0,62,68,123,6,137,60,54,151,119,187,39,107,55,14,13,111,52,89,75,80,71,162,53,183,69,159,164,90,28,155,73,99,106,136,132,152,49,170,172,86,76,133,85,104,17,8,16,56,21,108,192,40,15,9,33,154,122,179,195,185,127,96,171,141,98,114,64,79,177,27,88,5,186,199,83,59,129,24,95,149,165,181,120,3,169,191,135,146];True
1556;7350;8906;[146,4,144,70,19,87,121,178,161,35,61,84,77,112,93,147,66,157,103,116,65,124,168,31,142,117,167,182,45,188,196,49,78,128,42,57,197,125,145,126,143,160,91,1,150,105,180,41,36,46,140,92,82,23,189,47,175,12,22,26,176,193,109,20,67,166,38,139,63,118,48,194,29,198,174,184,115,2,32,72,163,25,51,50,190,10,130,113,156,74,44,138,37,94,173,18,131,110,81,153,101,100,30,134,148,11,97,58,158,43,7,0,62,68,123,6,137,60,54,151,119,187,39,107,55,14,13,111,52,89,75,80,71,162,53,183,69,159,164,90,28,155,73,99,106,136,132,152,102,170,172,86,76,133,85,104,17,8,16,56,21,108,192,40,15,9,33,154,122,179,195,185,127,96,171,141,98,114,64,79,177,27,88,5,186,199,83,59,129,24,95,149,165,181,120,3,169,191,135,34];False
1539;7361;8900;[146,4,144,70,19,87,121,178,161,49,182,84,77,112,93,147,66,157,103,116,65,124,168,31,142,117,167,61,45,188,196,35,78,128,42,57,197,125,145,126,143,160,91,1,150,105,180,41,36,46,140,92,82,23,189,47,175,12,22,26,176,193,109,20,67,166,38,139,63,118,48,194,29,198,174,184,115,2,32,72,163,25,51,50,190,10,130,113,156,74,44,138,37,94,173,18,131,110,81,153,101,100,30,134,148,11,97,58,158,43,7,0,62,68,123,6,137,60,54,151,119,187,39,107,55,14,13,111,52,89,75,80,71,162,53,183,69,159,164,90,28,155,73,99,106,136,132,152,102,170,172,86,76,133,85,104,17,8,16,56,21,108,192,40,15,9,33,154,122,179,195,185,127,96,171,141,98,114,64,79,177,27,88,5,186,199,83,59,129,24,95,149,165,181,120,3,169,191,135,34];False
1554;7347;8901;[34,4,144,70,194,87,121,178,161,49,182,84,77,112,93,147,66,157,103,116,65,124,168,31,142,117,167,61,45,188,196,35,78,128,42,57,197,125,145,126,143,160,91,1,150,105,180,41,36,46,140,92,82,23,189,47,175,12,22,26,176,193,109,20,67,166,38,139,63,118,48,19,29,198,174,184,115,2,32,72,163,25,51,50,190,10,130,113,156,74,44,138,37,94,173,18,131,110,81,153,101,100,30,134,148,11,97,58,158,43,7,0,62,68,123,6,137,60,54,151,119,187,39,107,55,14,13,111,52,89,75,80,71,162,53,183,69,159,164,90,28,155,73,99,106,136,132,152,102,170,172,86,76,133,85,104,17,8,16,56,21,108,192,40,15,9,33,154,122,179,195,185,127,96,171,141,98,114,64,79,177,27,88,5,186,199,83,59,129,24,95,149,165,181,120,3,169,191,135,146];False
1547;7346;8893;[34,4,144,70,19,87,121,178,161,61,182,84,77,112,93,147,66,157,103,116,65,124,168,31,142,117,167,49,45,188,196,35,78,128,42,57,197,125,145,126,143,160,91,1,150,105,180,41,36,46,140,92,82,23,189,47,175,12,22,26,176,193,109,20,67,166,38,139,63,118,48,194,29,198,174,184,115,2,32,72,163,25,51,50,190,10,130,113,156,74,44,138,37,94,173,18,131,110,81,153,101,100,30,134,148,11,97,58,158,43,7,0,62,68,123,6,137,60,54,151,119,187,39,107,55,14,13,111,52,89,75,80,71,162,53,183,69,159,164,90,28,155,73,99,106,136,132,152,102,170,172,86,76,133,85,104,17,8,16,56,21,108,192,40,15,9,33,154,122,179,195,185,127,96,171,141,98,114,64,79,177,27,88,5,186,199,83,59,129,24,95,149,165,181,120,3,169,191,135,146];False
1548;7311;8859;[34,4,144,70,19,87,121,178,161,36,182,84,77,112,93,147,66,157,103,116,65,124,168,31,142,117,167,61,45,188,196,35,78,128,42,57,197,125,145,126,143,160,91,1,150,105,180,41,49,46,140,92,82,23,189,47,175,12,22,26,176,193,109,20,67,166,38,139,63,118,48,194,29,198,174,184,115,2,32,72,163,25,51,50,190,10,130,113,156,74,44,138,37,94,173,18,131,110,81,153,101,100,30,134,148,11,97,58,158,43,7,0,62,68,123,6,137,60,54,151,119,187,39,107,55,14,13,111,52,89,75,80,71,162,53,183,69,159,164,90,28,155,73,99,106,136,132,152,102,170,172,86,76,133,85,104,17,8,16,56,21,108,192,40,15,9,33,154,122,179,195,185,127,96,171,141,98,114,64,79,177,27,88,5,186,199,83,59,129,24,95,149,165,181,120,3,169,191,135,146];False
1548;7282;8830;[34,4,144,70,19,87,121,178,161,102,182,84,77,112,93,147,66,157,103,116,65,124,168,31,142,117,167,61,45,188,196,35,78,128,42,57,197,125,145,126,143,160,91,1,150,105,180,41,36,46,140,92,82,23,189,47,175,12,22,26,176,193,109,20,67,166,38,139,63,118,48,194,29,198,174,184,115,2,32,72,163,25,51,50,190,10,130,113,156,74,44,138,37,94,173,18,131,110,81,153,101,100,30,134,148,11,97,58,158,43,7,0,62,68,123,6,137,60,54,151,119,187,39,107,55,14,13,111,52,89,75,80,71,162,53,183,69,159,164,90,28,155,73,99,106,136,132,152,49,170,172,86,76,133,85,104,17,8,16,56,21,108,192,40,15,9,33,154,122,179,195,185,127,96,171,141,98,114,64,79,177,27,88,5,186,199,83,59,129,24,95,149,165,181,120,3,169,191,135,146];False
1352;7752;9104;[74,4,144,93,19,87,121,178,2,32,61,84,77,112,34,147,66,157,103,188,78,124,168,31,142,117,45,182,167,143,149,102,70,128,42,57,197,125,83,195,65,160,91,1,150,105,180,41,36,46,140,92,82,23,189,55,175,12,22,26,176,193,109,20,67,166,38,139,63,118,48,194,29,198,174,184,126,3,169,72,163,25,51,50,190,10,130,113,156,116,44,138,37,94,173,18,131,110,81,153,101,100,30,134,148,11,97,58,158,43,7,0,62,68,123,6,137,60,54,151,119,187,39,107,47,14,13,111,52,89,75,80,71,162,53,183,69,159,164,90,28,155,73,99,106,136,132,152,49,170,172,86,76,133,85,104,17,8,16,56,21,108,192,40,15,9,33,154,122,179,165,185,127,96,196,141,98,114,64,79,177,27,88,5,186,199,145,59,129,24,95,171,35,181,120,161,115,191,135,146];True
1343;7853;9196;[74,4,144,93,19,87,121,178,2,32,61,84,77,112,34,147,66,157,103,188,78,124,168,31,142,117,45,182,167,143,149,49,70,128,42,57,197,125,83,195,65,160,91,1,150,105,180,41,36,46,140,92,82,23,189,55,194,12,22,26,176,193,109,20,67,166,38,139,63,118,48,175,29,198,174,184,126,3,169,72,163,25,51,50,190,10,130,113,156,116,44,138,37,94,173,18,131,110,81,153,101,100,30,134,148,11,97,58,158,43,7,0,62,68,123,6,137,60,54,151,119,187,39,107,47,14,13,111,52,89,75,80,71,162,53,183,69,159,164,90,28,155,73,99,106,136,132,152,102,170,172,86,76,133,85,104,17,8,16,56,21,108,192,40,15,9,33,154,122,179,165,185,127,96,196,141,98,114,64,79,177,27,88,5,186,199,145,59,129,24,95,171,35,181,120,161,115,191,135,146];False
1333;7832;9165;[74,4,144,93,19,87,121,178,2,32,61,84,77,112,34,147,66,157,103,188,78,124,168,31,142,117,45,182,167,143,149,49,70,128,42,57,197,125,83,195,65,160,91,1,150,105,180,41,36,46,140,92,82,23,189,55,175,12,22,131,176,193,109,20,67,166,38,139,63,118,48,194,29,198,174,184,126,3,169,72,163,25,51,50,190,10,130,113,156,116,44,138,37,94,173,18,26,110,81,153,101,100,30,134,148,11,97,58,158,43,7,0,62,68,123,6,137,60,54,151,119,187,39,107,47,14,13,111,52,89,75,80,71,162,53,183,69,159,164,90,28,155,73,99,106,136,132,152,102,170,172,86,76,133,85,104,17,8,16,56,21,108,192,40,15,9,33,154,122,179,165,185,127,96,196,141,98,114,64,79,177,27,88,5,186,199,145,59,129,24,95,171,35,181,120,161,115,191,135,146];True
1341;7823;9164;[74,4,144,93,19,87,121,178,2,32,61,84,77,112,34,147,66,157,103,188,78,124,168,31,142,117,45,182,167,143,149,49,70,128,42,57,197,125,83,195,65,160,91,1,150,105,180,41,36,46,140,92,82,23,189,55,175,12,22,26,176,193,109,20,67,166,38,139,63,118,48,194,29,198,174,184,126,3,169,72,163,25,51,50,190,10,130,113,156,116,44,138,37,94,173,18,131,110,81,153,101,100,30,134,148,11,97,58,158,43,7,0,62,68,123,6,137,60,54,151,119,187,39,107,47,14,13,111,52,89,75,80,71,162,53,183,69,159,90,164,28,155,73,99,106,136,132,152,102,170,172,86,76,133,85,104,17,8,16,56,21,108,192,40,15,9,33,154,122,179,165,185,127,96,196,141,98,114,64,79,177,27,88,5,186,199,145,59,129,24,95,171,35,181,120,161,115,191,135,146];False
1762;7200;8962;[34,4,144,70,19,87,121,178,102,119,71,84,77,112,93,147,66,157,103,116,65,124,168,31,142,117,167,61,45,188,41,49,78,128,42,47,182,125,145,126,143,160,91,1,150,105,180,196,36,46,140,92,82,23,189,57,175,12,22,26,176,193,109,20,67,166,38,139,63,118,48,194,29,198,174,184,35,161,32,72,163,25,51,50,190,10,130,113,156,74,44,138,37,94,173,18,131,110,81,153,80,100,30,134,148,11,97,58,158,43,7,0,181,68,123,6,137,60,54,151,132,187,39,107,55,14,13,111,52,89,75,101,197,162,53,183,69,159,164,90,28,155,73,99,106,136,115,152,2,170,172,86,76,133,85,104,17,8,16,56,21,108,192,40,15,9,33,154,122,179,195,185,127,96,171,141,98,114,64,79,177,27,88,5,186,199,83,59,129,24,95,149,165,62,120,3,169,191,135,146];False
1715;7205;8920;[34,4,144,70,19,87,121,178,102,132,71,84,77,112,93,147,66,157,103,116,65,124,168,31,142,117,167,61,45,188,41,49,78,128,42,47,57,125,145,126,143,160,91,1,150,105,180,196,36,46,140,92,82,23,189,182,175,12,22,26,176,193,109,20,67,166,38,139,63,118,48,194,29,198,174,184,35,161,32,72,163,25,51,50,190,10,130,113,156,74,44,138,37,94,173,18,131,110,81,153,80,100,30,134,148,11,97,58,158,43,7,0,181,68,123,6,137,60,54,151,119,187,39,107,55,14,13,111,52,89,75,101,197,162,53,183,69,159,164,90,28,155,73,99,106,136,115,152,2,170,172,86,76,133,85,104,17,8,16,56,21,108,192,40,15,9,33,154,122,179,195,185,127,96,171,141,98,114,64,79,177,27,88,5,186,199,83,59,129,24,95,149,165,62,120,3,169,191,135,146];False
1570;7262;8832;[34,4,144,70,19,41,121,178,102,75,182,84,77,112,93,147,66,157,103,116,65,124,168,31,142,117,167,61,45,188,87,35,78,128,42,57,197,125,145,126,143,160,91,1,150,105,180,196,36,46,140,92,82,23,189,47,175,12,22,26,176,193,109,20,67,166,38,139,63,118,48,194,29,198,174,184,115,2,32,72,163,25,51,50,190,10,130,113,156,74,44,138,37,94,173,18,131,110,81,153,101,100,30,134,148,11,97,58,158,43,7,0,181,68,123,6,137,60,54,151,119,187,39,107,55,14,13,111,52,89,161,80,71,162,53,183,69,159,164,90,28,155,73,99,106,136,132,152,49,170,172,86,76,133,85,104,17,8,16,56,21,108,192,40,15,9,33,154,122,179,195,185,127,96,171,141,98,114,64,79,177,27,88,5,186,199,83,59,129,24,95,149,165,62,120,3,169,191,135,146];True
1567;7270;8837;[34,4,144,70,19,41,121,178,102,161,182,84,77,112,93,147,66,157,103,116,65,124,168,31,142,117,167,61,45,188,87,35,78,128,42,57,197,125,145,126,143,160,91,1,150,105,180,196,36,46,140,92,82,23,189,47,175,12,22,26,176,193,109,20,67,166,38,139,63,118,48,194,29,198,174,184,115,2,32,72,163,25,51,50,190,10,130,113,156,74,44,138,37,94,173,18,131,110,81,153,101,100,30,134,148,11,97,58,158,43,7,0,62,68,123,6,137,60,54,151,119,187,39,107,55,14,13,111,52,89,75,80,71,162,53,183,69,159,164,90,28,155,73,99,106,136,132,152,49,170,172,86,76,133,85,104,17,8,16,56,21,108,192,40,15,9,33,154,122,179,195,185,127,96,171,141,98,114,64,79,177,27,88,5,186,199,83,59,129,24,95,149,165,181,120,3,169,191,135,146];True
1681;7220;8901;[34,4,144,70,19,41,121,178,161,102,112,1,77,182,93,147,66,157,103,116,65,124,168,31,142,117,167,61,45,188,87,35,78,128,42,57,197,125,145,126,143,160,91,84,150,105,180,196,36,46,140,92,82,23,189,47,175,12,22,26,176,193,109,20,67,166,38,139,63,118,48,194,29,198,174,184,115,2,32,72,163,25,51,50,190,10,130,113,156,74,44,138,37,94,173,18,131,110,81,153,101,100,30,134,148,11,97,58,158,43,7,0,181,68,123,6,137,60,54,151,119,187,39,107,55,14,13,111,52,89,75,80,71,162,53,183,69,159,164,90,28,155,73,99,106,136,132,152,49,170,172,86,76,133,85,104,17,8,16,56,21,108,192,40,15,9,33,154,122,179,195,185,127,96,171,141,98,114,64,79,177,27,88,5,186,199,83,59,129,24,95,149,165,62,120,3,169,191,135,146];False
1685;7216;8901;[34,4,144,70,19,41,121,178,161,102,112,84,77,182,93,147,66,157,103,116,65,124,168,31,142,117,167,61,45,188,87,35,78,128,42,57,197,125,145,126,143,160,91,1,150,105,180,196,36,46,140,92,82,23,141,47,175,12,22,26,176,193,109,20,67,166,38,139,63,118,48,194,29,198,174,184,115,2,32,72,163,25,51,50,190,10,130,113,156,74,44,138,37,94,173,18,131,110,81,153,101,100,30,134,148,11,97,58,158,43,7,0,181,68,123,6,137,60,54,151,119,187,39,107,55,14,13,111,52,89,75,80,71,162,53,183,69,159,164,90,28,155,73,99,106,136,132,152,49,170,172,86,76,133,85,104,17,8,16,56,21,108,192,40,15,9,33,154,122,179,195,185,127,96,171,189,98,114,64,79,177,27,88,5,186,199,83,59,129,24,95,149,165,62,120,3,169,191,135,146];False
1717;7203;8920;[34,4,144,70,19,41,121,178,161,102,112,84,77,182,93,147,66,157,103,116,65,124,168,31,142,117,167,61,45,188,87,35,78,128,42,57,197,125,145,126,143,160,91,1,150,105,180,196,36,46,140,92,82,23,189,195,175,12,22,26,176,193,109,20,67,166,38,139,63,118,48,194,29,198,174,184,115,2,32,72,163,25,51,50,190,10,130,113,156,74,44,138,37,94,173,18,131,110,81,153,101,100,30,134,148,11,97,58,158,43,7,0,181,68,123,6,137,60,54,151,119,187,39,107,55,14,13,111,52,89,75,80,71,162,53,183,69,159,164,90,28,155,73,99,106,136,132,152,49,170,172,86,76,133,85,104,17,8,16,56,21,108,192,40,15,9,33,154,122,179,47,185,127,96,171,141,98,114,64,79,177,27,88,5,186,199,83,59,129,24,95,149,165,62,120,3,169,191,135,146];False
1672;7220;8892;[34,4,144,70,19,41,121,178,161,102,112,84,77,182,93,147,66,157,103,116,65,124,168,31,142,117,167,61,45,188,87,35,78,128,42,57,197,125,145,126,143,160,91,1,150,105,180,196,36,46,140,92,82,23,189,98,175,12,22,26,176,193,109,20,67,166,38,139,63,118,48,194,29,198,174,184,115,2,32,72,163,25,51,50,190,10,130,113,156,74,44,138,37,94,173,18,131,110,81,153,101,100,30,134,148,11,97,58,158,43,7,0,181,68,123,6,137,60,54,151,119,187,39,107,55,14,13,111,52,89,75,80,71,162,53,183,69,159,164,90,28,155,73,99,106,136,132,152,49,170,172,86,76,133,85,104,17,8,16,56,21,108,192,40,15,9,33,154,122,179,195,185,127,96,171,141,47,114,64,79,177,27,88,5,186,199,83,59,129,24,95,149,165,62,120,3,169,191,135,146];False
1691;7210;8901;[34,4,144,70,19,41,121,178,161,102,112,84,77,182,93,147,66,157,103,116,65,124,168,31,142,117,167,61,45,188,87,35,78,128,42,57,197,125,145,126,143,160,91,1,150,105,180,196,36,46,140,92,82,23,189,47,175,12,22,26,176,193,109,20,67,166,38,139,63,118,48,194,29,198,174,16,115,2,32,72,163,25,51,50,190,10,130,113,156,74,44,138,37,94,173,18,131,110,81,153,101,100,30,134,148,11,97,58,158,43,7,0,181,68,123,6,137,60,54,151,119,187,39,107,55,14,13,111,52,89,75,80,71,162,53,183,69,159,164,90,28,155,73,99,106,136,132,152,49,170,172,86,76,133,85,104,17,8,184,56,21,108,192,40,15,9,33,154,122,179,195,185,127,96,171,141,98,114,64,79,177,27,88,5,186,199,83,59,129,24,95,149,165,62,120,3,169,191,135,146];False
1683;7214;8897;[34,4,144,70,19,41,121,178,161,102,112,84,77,182,93,147,66,157,103,116,65,124,168,31,142,117,167,61,45,188,87,35,78,128,42,57,197,125,145,126,143,160,91,1,150,105,180,196,36,46,140,92,82,23,189,47,175,12,22,26,176,193,109,20,67,166,38,139,63,118,48,194,29,198,174,184,115,2,32,72,163,25,51,50,190,10,130,113,156,74,44,138,37,94,173,18,131,110,81,153,80,100,30,134,148,11,97,58,158,43,7,0,181,68,123,6,137,60,54,151,119,187,39,107,55,14,13,111,52,89,75,101,71,162,53,183,69,159,164,90,28,155,73,99,106,136,132,152,49,170,172,86,76,133,85,104,17,8,16,56,21,108,192,40,15,9,33,154,122,179,195,185,127,96,171,141,98,114,64,79,177,27,88,5,186,199,83,59,129,24,95,149,165,62,120,3,169,191,135,146];False
1600;7248;8848;[34,4,144,70,19,41,121,178,161,102,112,84,77,182,93,147,66,157,103,116,65,124,168,31,142,117,167,61,45,188,87,35,78,128,42,57,197,125,145,126,143,160,91,1,150,105,180,196,36,46,140,92,82,23,189,47,175,12,22,26,176,193,109,20,67,166,38,139,63,118,48,194,29,198,174,184,115,2,32,72,163,25,51,50,190,10,130,113,156,74,44,138,37,94,173,18,131,110,81,153,101,100,30,134,148,11,97,58,158,43,7,0,62,68,123,6,137,60,54,151,119,187,39,107,55,14,13,111,52,89,75,80,71,162,53,183,69,159,164,90,28,155,73,99,106,136,132,152,49,170,172,86,76,133,85,104,17,8,16,56,21,108,192,40,15,9,33,154,122,179,195,185,127,96,171,141,98,114,64,79,177,27,88,5,186,199,83,59,129,24,95,149,165,181,120,3,169,191,135,146];True
1678;7218;8896;[34,4,144,70,19,41,121,178,161,102,182,84,77,112,93,147,66,157,103,116,65,124,168,31,142,117,167,61,45,188,87,35,78,128,42,57,197,125,145,126,143,160,91,1,150,105,180,196,36,46,140,92,82,23,189,187,175,12,22,26,176,193,109,20,67,166,38,139,63,118,48,194,29,198,174,184,115,2,32,72,163,25,51,50,190,10,130,113,156,74,44,138,37,94,173,18,131,110,81,153,101,100,30,134,148,11,97,58,158,43,7,0,181,68,123,6,137,60,54,151,119,98,39,107,55,14,13,111,52,89,75,80,71,162,53,183,69,159,164,90,28,155,73,99,106,136,132,152,49,170,172,86,76,133,85,104,17,8,16,56,21,108,192,40,15,9,33,154,122,179,195,185,127,96,171,141,47,114,64,79,177,27,88,5,186,199,83,59,129,24,95,149,165,62,120,3,169,191,135,146];False
1708;7209;8917;[34,4,144,70,19,41,121,178,161,102,182,84,77,112,93,147,66,157,103,116,65,124,168,31,142,117,167,61,45,188,87,35,78,128,42,57,197,125,145,126,143,160,91,1,150,105,180,196,36,46,140,92,82,23,189,98,175,12,22,26,176,193,109,20,67,166,38,139,63,118,48,194,29,198,174,16,115,2,32,72,163,25,51,50,190,10,130,113,156,74,44,138,37,94,173,18,131,110,81,153,101,100,30,134,148,11,97,58,158,43,7,0,181,68,123,6,137,60,54,151,119,187,39,107,55,14,13,111,52,89,75,80,71,162,53,183,69,159,164,90,28,155,73,99,106,136,132,152,49,170,172,86,76,133,85,104,17,8,184,56,21,108,192,40,15,9,33,154,122,179,195,185,127,96,171,141,47,114,64,79,177,27,88,5,186,199,83,59,129,24,95,149,165,62,120,3,169,191,135,146];False
1658;7223;8881;[34,4,144,70,19,41,121,178,161,115,182,84,77,112,93,147,66,157,103,116,65,124,168,31,142,117,167,61,45,188,87,35,78,128,42,57,197,125,145,126,143,160,91,1,150,105,180,196,36,46,140,92,82,23,189,47,175,12,22,26,176,193,109,20,67,166,38,139,63,118,48,194,29,198,174,16,102,2,32,72,163,25,51,50,190,10,130,113,156,74,44,138,37,94,173,18,131,110,81,153,101,100,30,134,148,11,97,58,158,43,7,0,181,68,123,6,137,60,54,151,119,187,39,107,55,14,13,111,52,89,75,80,71,162,53,183,69,159,164,90,28,155,73,99,106,136,132,152,49,170,172,86,76,133,85,104,17,8,184,56,21,108,192,40,15,9,33,154,122,179,195,185,127,96,171,141,98,114,64,79,177,27,88,5,186,199,83,59,129,24,95,149,165,62,120,3,169,191,135,146];False
1758;7199;8957;[34,4,144,70,19,41,121,178,161,102,182,84,77,112,93,147,66,157,103,116,65,124,168,31,142,117,167,61,45,188,87,35,78,128,42,57,197,125,145,126,143,160,91,1,28,105,180,196,36,46,140,92,82,23,189,47,175,12,22,26,176,193,109,20,67,166,38,139,63,118,48,194,29,198,174,16,115,2,32,72,163,25,51,50,190,10,130,113,156,74,44,138,37,94,173,18,131,110,81,153,101,100,30,134,148,11,97,58,158,43,7,0,181,68,123,6,137,60,54,151,119,187,39,107,55,14,13,111,52,89,75,80,71,162,53,183,69,159,164,90,150,155,73,99,106,136,132,152,49,170,172,86,76,133,85,104,17,8,184,56,21,108,192,40,15,9,33,154,122,179,195,185,127,96,171,141,98,114,64,79,177,27,88,5,186,199,83,59,129,24,95,149,165,62,120,3,169,191,135,146];False
1753;7192;8945;[34,4,144,70,19,41,121,178,161,102,182,84,77,112,93,147,66,157,103,116,65,124,168,31,142,117,167,61,45,188,87,35,78,128,42,57,197,125,145,126,143,160,91,1,150,105,180,196,36,46,140,92,82,23,189,195,175,12,22,26,176,193,109,20,67,166,38,139,63,118,48,194,29,198,174,16,115,2,32,72,163,25,51,50,190,10,130,113,156,74,44,138,37,94,173,18,131,110,81,153,101,100,30,134,148,11,97,58,158,43,7,0,181,68,123,6,137,60,54,151,119,187,39,107,55,14,13,111,52,89,75,80,71,162,53,183,69,159,164,90,28,155,73,99,106,136,132,152,49,170,172,86,76,133,85,104,17,8,184,56,21,108,192,40,15,9,33,154,122,179,47,185,127,96,171,141,98,114,64,79,177,27,88,5,186,199,83,59,129,24,95,149,165,62,120,3,169,191,135,146];False
1745;7196;8941;[34,4,144,70,19,41,121,178,161,102,182,84,77,112,93,147,66,157,103,116,65,124,168,31,142,117,167,61,45,188,87,35,78,128,42,57,197,125,145,126,143,160,91,1,150,105,180,196,36,46,140,92,82,23,189,195,175,12,22,26,176,193,109,20,67,166,38,139,63,118,48,194,29,198,174,184,115,2,32,72,163,25,51,50,190,10,130,113,156,74,44,138,37,94,173,18,131,110,81,153,80,100,30,134,148,11,97,58,158,43,7,0,181,68,123,6,137,60,54,151,119,187,39,107,55,14,13,111,52,89,75,101,71,162,53,183,69,159,164,90,28,155,73,99,106,136,132,152,49,170,172,86,76,133,85,104,17,8,16,56,21,108,192,40,15,9,33,154,122,179,47,185,127,96,171,141,98,114,64,79,177,27,88,5,186,199,83,59,129,24,95,149,165,62,120,3,169,191,135,146];False
1628;7241;8869;[34,4,144,70,19,41,121,178,161,102,182,84,77,112,93,147,66,157,103,116,65,124,168,31,142,117,167,61,45,188,87,35,78,128,42,57,197,125,145,126,143,160,91,1,150,105,180,196,36,46,140,92,82,23,189,47,175,12,22,26,176,193,109,20,67,166,38,139,63,118,48,194,29,198,174,184,115,2,32,72,163,25,51,50,190,10,130,113,156,74,44,138,37,94,173,18,131,110,81,153,80,100,30,134,148,11,97,58,158,43,7,0,62,68,123,6,137,60,54,151,119,187,39,107,55,14,13,111,52,89,75,101,71,162,53,183,69,159,164,90,28,155,73,99,106,136,132,152,49,170,172,86,76,133,85,104,17,8,16,56,21,108,192,40,15,9,33,154,122,179,195,185,127,96,171,141,98,114,64,79,177,27,88,5,186,199,83,59,129,24,95,149,165,181,120,3,169,191,135,146];False
1528;7398;8926;[146,4,144,70,19,87,121,178,161,61,182,84,77,112,93,147,66,157,103,116,65,124,168,31,142,117,167,49,45,188,196,35,78,128,42,57,197,125,145,126,143,160,91,1,150,105,180,41,36,46,140,92,82,23,189,47,175,12,22,26,176,193,109,20,67,166,38,139,63,118,48,194,29,198,174,184,115,2,32,72,163,25,51,50,190,10,130,113,156,74,44,138,37,94,173,18,131,110,81,153,101,100,30,134,148,11,97,58,158,43,7,0,62,68,123,6,137,60,54,151,119,187,39,107,55,14,13,111,52,89,75,80,71,162,53,183,69,159,164,90,28,155,73,99,106,136,132,152,102,170,172,86,76,133,85,104,17,8,16,56,21,108,192,40,15,9,33,154,122,179,195,185,127,96,171,141,98,114,64,79,177,27,88,5,186,199,83,59,129,24,95,149,165,181,120,3,169,191,135,34];False
1529;7363;8892;[146,4,144,70,19,87,121,178,161,36,182,84,77,112,93,147,66,157,103,116,65,124,168,31,142,117,167,61,45,188,196,35,78,128,42,57,197,125,145,126,143,160,91,1,150,105,180,41,49,46,140,92,82,23,189,47,175,12,22,26,176,193,109,20,67,166,38,139,63,118,48,194,29,198,174,184,115,2,32,72,163,25,51,50,190,10,130,113,156,74,44,138,37,94,173,18,131,110,81,153,101,100,30,134,148,11,97,58,158,43,7,0,62,68,123,6,137,60,54,151,119,187,39,107,55,14,13,111,52,89,75,80,71,162,53,183,69,159,164,90,28,155,73,99,106,136,132,152,102,170,172,86,76,133,85,104,17,8,16,56,21,108,192,40,15,9,33,154,122,179,195,185,127,96,171,141,98,114,64,79,177,27,88,5,186,199,83,59,129,24,95,149,165,181,120,3,169,191,135,34];False
1529;7334;8863;[146,4,144,70,19,87,121,178,161,102,182,84,77,112,93,147,66,157,103,116,65,124,168,31,142,117,167,61,45,188,196,35,78,128,42,57,197,125,145,126,143,160,91,1,150,105,180,41,36,46,140,92,82,23,189,47,175,12,22,26,176,193,109,20,67,166,38,139,63,118,48,194,29,198,174,184,115,2,32,72,163,25,51,50,190,10,130,113,156,74,44,138,37,94,173,18,131,110,81,153,101,100,30,134,148,11,97,58,158,43,7,0,62,68,123,6,137,60,54,151,119,187,39,107,55,14,13,111,52,89,75,80,71,162,53,183,69,159,164,90,28,155,73,99,106,136,132,152,49,170,172,86,76,133,85,104,17,8,16,56,21,108,192,40,15,9,33,154,122,179,195,185,127,96,171,141,98,114,64,79,177,27,88,5,186,199,83,59,129,24,95,149,165,181,120,3,169,191,135,34];False
1544;7320;8864;[34,4,144,70,194,87,121,178,161,102,182,84,77,112,93,147,66,157,103,116,65,124,168,31,142,117,167,61,45,188,196,35,78,128,42,57,197,125,145,126,143,160,91,1,150,105,180,41,36,46,140,92,82,23,189,47,175,12,22,26,176,193,109,20,67,166,38,139,63,118,48,19,29,198,174,184,115,2,32,72,163,25,51,50,190,10,130,113,156,74,44,138,37,94,173,18,131,110,81,153,101,100,30,134,148,11,97,58,158,43,7,0,62,68,123,6,137,60,54,151,119,187,39,107,55,14,13,111,52,89,75,80,71,162,53,183,69,159,164,90,28,155,73,99,106,136,132,152,49,170,172,86,76,133,85,104,17,8,16,56,21,108,192,40,15,9,33,154,122,179,195,185,127,96,171,141,98,114,64,79,177,27,88,5,186,199,83,59,129,24,95,149,165,181,120,3,169,191,135,146];False
1541;7293;8834;[34,4,144,70,19,87,121,178,102,161,182,84,77,112,93,147,66,157,103,116,65,124,168,31,142,117,167,61,45,188,196,35,78,128,42,57,197,125,145,126,143,160,91,1,150,105,180,41,36,46,140,92,82,23,189,47,175,12,22,26,176,193,109,20,67,166,38,139,63,118,48,194,29,198,174,184,115,2,32,72,163,25,51,50,190,10,130,113,156,74,44,138,37,94,173,18,131,110,81,153,101,100,30,134,148,11,97,58,158,43,7,0,62,68,123,6,137,60,54,151,119,187,39,107,55,14,13,111,52,89,75,80,71,162,53,183,69,159,164,90,28,155,73,99,106,136,132,152,49,170,172,86,76,133,85,104,17,8,16,56,21,108,192,40,15,9,33,154,122,179,195,185,127,96,171,141,98,114,64,79,177,27,88,5,186,199,83,59,129,24,95,149,165,181,120,3,169,191,135,146];False
1528;7343;8871;[34,4,144,70,19,87,121,178,161,102,127,84,77,112,93,147,66,157,103,116,65,124,168,31,142,117,167,61,45,188,196,35,78,128,42,57,197,125,145,126,143,160,91,1,150,105,180,41,36,46,140,92,82,23,189,47,175,12,22,26,176,193,109,20,67,166,38,139,63,118,48,194,29,198,174,184,115,2,32,72,163,25,51,50,190,10,130,113,156,74,44,138,37,94,173,18,131,110,81,153,101,100,30,134,148,11,97,58,158,43,7,0,62,68,123,6,137,60,54,151,119,187,39,107,55,14,13,111,52,89,75,80,71,162,53,183,69,159,164,90,28,155,73,99,106,136,132,152,49,170,172,86,76,133,85,104,17,8,16,56,21,108,192,40,15,9,33,154,122,179,195,185,182,96,171,141,98,114,64,79,177,27,88,5,186,199,83,59,129,24,95,149,165,181,120,3,169,191,135,146];False
1522;7354;8876;[34,4,144,70,19,87,121,178,161,102,182,84,77,112,93,147,66,157,103,116,65,124,168,31,142,117,167,61,45,188,196,35,78,128,42,57,197,125,145,126,143,160,91,1,150,105,180,41,36,46,140,92,82,23,189,55,175,12,22,26,176,193,109,20,67,166,38,139,63,118,48,194,29,198,174,184,115,2,32,72,163,25,51,50,190,10,130,113,156,74,44,138,37,94,173,18,131,110,81,153,101,100,30,134,148,11,97,58,158,43,7,0,62,68,123,6,137,60,54,151,119,187,39,107,47,14,13,111,52,89,75,80,71,162,53,183,69,159,164,90,28,155,73,99,106,136,132,152,49,170,172,86,76,133,85,104,17,8,16,56,21,108,192,40,15,9,33,154,122,179,195,185,127,96,171,141,98,114,64,79,177,27,88,5,186,199,83,59,129,24,95,149,165,181,120,3,169,191,135,146];False
1338;7814;9152;[74,4,144,93,19,87,121,178,2,32,61,84,77,112,34,147,66,157,103,188,78,124,168,31,142,117,45,182,167,143,149,102,70,128,42,57,197,125,83,195,65,160,91,1,150,105,180,41,36,46,140,92,82,23,189,55,175,12,22,131,176,193,109,20,67,166,38,139,63,118,48,194,29,198,174,184,126,3,169,72,163,25,51,50,190,10,130,113,156,116,44,138,37,94,173,18,26,110,81,153,101,100,30,134,148,11,97,58,158,43,7,0,62,68,123,6,137,60,54,151,119,187,39,107,47,14,13,111,52,89,75,80,71,162,53,183,69,159,164,90,28,155,73,99,106,136,132,152,49,170,172,86,76,133,85,104,17,8,16,56,21,108,192,40,15,9,33,154,122,179,165,185,127,96,196,141,98,114,64,79,177,27,88,5,186,199,145,59,129,24,95,171,35,181,120,161,115,191,135,146];True
1346;7805;9151;[74,4,144,93,19,87,121,178,2,32,61,84,77,112,34,147,66,157,103,188,78,124,168,31,142,117,45,182,167,143,149,102,70,128,42,57,197,125,83,195,65,160,91,1,150,105,180,41,36,46,140,92,82,23,189,55,175,12,22,26,176,193,109,20,67,166,38,139,63,118,48,194,29,198,174,184,126,3,169,72,163,25,51,50,190,10,130,113,156,116,44,138,37,94,173,18,131,110,81,153,101,100,30,134,148,11,97,58,158,43,7,0,62,68,123,6,137,60,54,151,119,187,39,107,47,14,13,111,52,89,75,80,71,162,53,183,69,159,90,164,28,155,73,99,106,136,132,152,49,170,172,86,76,133,85,104,17,8,16,56,21,108,192,40,15,9,33,154,122,179,165,185,127,96,196,141,98,114,64,79,177,27,88,5,186,199,145,59,129,24,95,171,35,181,120,161,115,191,135,146];True
1327;7885;9212;[74,4,144,93,19,87,121,178,2,32,61,84,77,112,34,147,66,157,103,188,78,124,168,31,142,117,45,182,167,143,149,49,70,128,42,57,197,125,83,195,65,160,91,1,150,105,180,41,36,46,140,92,82,23,189,55,175,12,22,131,176,193,109,20,67,166,38,139,63,118,48,194,29,198,174,184,126,3,169,72,163,25,51,50,190,10,130,113,156,116,44,138,37,94,173,18,26,110,81,153,101,100,30,134,148,11,97,58,158,43,7,0,62,68,123,6,137,60,54,151,119,187,39,107,47,14,13,111,52,89,75,80,71,162,53,183,69,159,90,164,28,155,73,99,106,136,132,152,102,170,172,86,76,133,85,104,17,8,16,56,21,108,192,40,15,9,33,154,122,179,165,185,127,96,196,141,98,114,64,79,177,27,88,5,186,199,145,59,129,24,95,171,35,181,120,161,115,191,135,146];True
1750;7195;8945;[34,4,144,70,19,87,121,178,102,119,71,84,77,112,93,147,66,157,103,116,65,124,168,31,142,117,167,61,45,188,41,49,78,128,42,47,57,125,145,126,143,160,91,1,150,105,180,196,36,46,140,92,82,23,189,182,175,12,22,26,176,193,109,20,67,166,38,139,63,118,48,194,29,198,174,184,35,161,32,72,163,25,51,50,190,10,130,113,156,74,44,138,37,94,173,18,131,110,81,153,80,100,30,134,148,11,97,58,158,43,7,0,181,68,123,6,137,60,54,151,132,187,39,107,55,14,13,111,52,89,75,101,197,162,53,183,69,159,164,90,28,155,73,99,106,136,115,152,2,170,172,86,76,133,85,104,17,8,16,56,21,108,192,40,15,9,33,154,122,179,195,185,127,96,171,141,98,114,64,79,177,27,88,5,186,199,83,59,129,24,95,149,165,62,120,3,169,191,135,146];False
1808;7183;8991;[34,4,144,70,19,87,121,178,102,132,71,84,77,112,93,147,66,157,103,116,65,124,168,31,142,117,167,61,45,188,41,49,78,128,42,47,57,125,145,126,143,160,91,1,28,105,180,196,36,46,140,92,82,23,189,182,175,12,22,26,176,193,109,20,67,166,38,139,63,118,48,194,29,198,174,184,35,161,32,72,163,25,51,50,190,10,130,113,156,74,44,138,37,94,173,18,131,110,81,153,80,100,30,134,148,11,97,58,158,43,7,0,181,68,123,6,137,60,54,151,119,187,39,107,55,14,13,111,52,89,75,101,197,162,53,183,69,159,164,90,150,155,73,99,106,136,115,152,2,170,172,86,76,133,85,104,17,8,16,56,21,108,192,40,15,9,33,154,122,179,195,185,127,96,171,141,98,114,64,79,177,27,88,5,186,199,83,59,129,24,95,149,165,62,120,3,169,191,135,146];False
1798;7189;8987;[34,4,144,70,19,87,121,178,102,132,71,84,77,112,93,147,66,157,103,116,65,124,168,31,142,117,167,61,45,188,41,49,78,128,42,47,57,125,145,126,143,160,91,1,150,105,180,196,36,46,140,92,82,23,189,182,175,12,22,26,176,193,109,20,67,166,38,139,63,118,48,194,29,198,174,184,35,161,32,72,163,25,51,50,190,10,130,113,156,74,44,138,37,94,173,18,131,110,81,153,80,100,30,134,148,11,97,58,158,43,7,170,181,68,123,6,137,60,54,151,119,187,39,107,55,14,13,111,52,89,75,101,197,162,53,183,69,159,164,90,28,155,73,99,106,136,115,152,2,0,172,86,76,133,85,104,17,8,16,56,21,108,192,40,15,9,33,154,122,179,195,185,127,96,171,141,98,114,64,79,177,27,88,5,186,199,83,59,129,24,95,149,165,62,120,3,169,191,135,146];False
1592;7258;8850;[34,4,144,70,19,41,121,178,102,75,182,84,77,112,93,147,66,157,103,116,65,124,168,31,142,117,167,61,45,188,87,35,78,128,42,57,197,125,145,126,143,160,91,1,150,105,180,196,36,46,140,92,82,23,189,47,175,12,22,26,176,193,109,20,67,166,38,139,63,118,48,194,29,198,174,184,80,2,32,72,163,25,51,50,190,10,130,113,156,74,44,138,37,94,173,18,131,110,81,153,101,100,30,134,148,11,97,58,158,43,7,0,181,68,123,6,137,60,54,151,119,187,39,107,55,14,13,111,52,89,161,115,71,162,53,183,69,159,164,90,28,155,73,99,106,136,132,152,49,170,172,86,76,133,85,104,17,8,16,56,21,108,192,40,15,9,33,154,122,179,195,185,127,96,171,141,98,114,64,79,177,27,88,5,186,199,83,59,129,24,95,149,165,62,120,3,169,191,135,146];False
1541;7278;8819;[34,4,144,70,19,41,121,178,102,75,182,84,77,112,93,147,66,157,103,116,65,124,168,31,142,117,167,61,45,188,87,35,78,128,42,57,197,125,145,126,143,160,91,1,150,105,180,196,36,46,140,92,82,23,189,47,175,12,22,26,176,193,109,20,67,166,38,139,63,118,48,194,29,198,174,184,115,2,32,72,163,25,51,50,190,10,130,113,156,74,44,138,37,94,173,18,131,110,81,153,101,100,30,134,148,11,97,58,158,43,7,0,62,68,123,6,137,60,54,151,119,187,39,107,55,14,13,111,52,89,161,80,71,162,53,183,69,159,164,90,28,155,73,99,106,136,132,152,49,170,172,86,76,133,85,104,17,8,16,56,21,108,192,40,15,9,33,154,122,179,195,185,127,96,171,141,98,114,64,79,177,27,88,5,186,199,83,59,129,24,95,149,165,181,120,3,169,191,135,146];True
1557;7275;8832;[34,4,144,70,19,41,121,178,101,161,182,84,77,112,93,147,66,157,103,116,65,124,168,31,142,117,167,61,45,188,87,35,78,128,42,57,197,125,145,126,143,160,91,1,150,105,180,196,36,46,140,92,82,23,189,47,175,12,22,26,176,193,109,20,67,166,38,139,63,118,48,194,29,198,174,184,115,2,32,72,163,25,51,50,190,10,130,113,156,74,44,138,37,94,173,18,131,110,81,153,102,100,30,134,148,11,97,58,158,43,7,0,62,68,123,6,137,60,54,151,119,187,39,107,55,14,13,111,52,89,75,80,71,162,53,183,69,159,164,90,28,155,73,99,106,136,132,152,49,170,172,86,76,133,85,104,17,8,16,56,21,108,192,40,15,9,33,154,122,179,195,185,127,96,171,141,98,114,64,79,177,27,88,5,186,199,83,59,129,24,95,149,165,181,120,3,169,191,135,146];True
1769;7191;8960;[34,4,144,70,19,41,121,178,161,102,112,1,77,182,93,147,66,157,103,116,65,124,168,31,142,117,167,61,45,188,87,35,78,128,42,57,197,125,145,126,143,160,91,84,150,105,180,196,36,46,140,92,82,23,189,195,175,12,22,26,176,193,109,20,67,166,38,139,63,118,48,194,29,198,174,184,115,2,32,72,163,25,51,50,190,10,130,113,156,74,44,138,37,94,173,18,131,110,81,153,101,100,30,134,148,11,97,58,158,43,7,0,181,68,123,6,137,60,54,151,119,187,39,107,55,14,13,111,52,89,75,80,71,162,53,183,69,159,164,90,28,155,73,99,106,136,132,152,49,170,172,86,76,133,85,104,17,8,16,56,21,108,192,40,15,9,33,154,122,179,47,185,127,96,171,141,98,114,64,79,177,27,88,5,186,199,83,59,129,24,95,149,165,62,120,3,169,191,135,146];False
1810;7181;8991;[34,4,144,70,19,41,121,178,161,102,112,84,77,182,93,147,66,157,103,116,65,124,168,31,142,117,167,61,45,188,87,35,78,128,42,57,197,125,145,126,143,160,91,1,28,105,180,196,36,46,140,92,82,23,189,195,175,12,22,26,176,193,109,20,67,166,38,139,63,118,48,194,29,198,174,184,115,2,32,72,163,25,51,50,190,10,130,113,156,74,44,138,37,94,173,18,131,110,81,153,101,100,30,134,148,11,97,58,158,43,7,0,181,68,123,6,137,60,54,151,119,187,39,107,55,14,13,111,52,89,75,80,71,162,53,183,69,159,164,90,150,155,73,99,106,136,132,152,49,170,172,86,76,133,85,104,17,8,16,56,21,108,192,40,15,9,33,154,122,179,47,185,127,96,171,141,98,114,64,79,177,27,88,5,186,199,83,59,129,24,95,149,165,62,120,3,169,191,135,146];False
1779;7181;8960;[34,4,144,70,19,41,121,178,161,102,112,84,77,182,93,147,66,157,103,116,65,124,168,31,142,117,167,61,45,188,87,35,78,128,42,57,197,125,145,126,143,160,91,1,150,105,180,196,36,46,140,92,82,23,189,195,175,12,22,26,176,193,109,20,67,166,38,139,63,118,48,194,29,198,174,16,115,2,32,72,163,25,51,50,190,10,130,113,156,74,44,138,37,94,173,18,131,110,81,153,101,100,30,134,148,11,97,58,158,43,7,0,181,68,123,6,137,60,54,151,119,187,39,107,55,14,13,111,52,89,75,80,71,162,53,183,69,159,164,90,28,155,73,99,106,136,132,152,49,170,172,86,76,133,85,104,17,8,184,56,21,108,192,40,15,9,33,154,122,179,47,185,127,96,171,141,98,114,64,79,177,27,88,5,186,199,83,59,129,24,95,149,165,62,120,3,169,191,135,146];False
1771;7185;8956;[34,4,144,70,19,41,121,178,161,102,112,84,77,182,93,147,66,157,103,116,65,124,168,31,142,117,167,61,45,188,87,35,78,128,42,57,197,125,145,126,143,160,91,1,150,105,180,196,36,46,140,92,82,23,189,195,175,12,22,26,176,193,109,20,67,166,38,139,63,118,48,194,29,198,174,184,115,2,32,72,163,25,51,50,190,10,130,113,156,74,44,138,37,94,173,18,131,110,81,153,80,100,30,134,148,11,97,58,158,43,7,0,181,68,123,6,137,60,54,151,119,187,39,107,55,14,13,111,52,89,75,101,71,162,53,183,69,159,164,90,28,155,73,99,106,136,132,152,49,170,172,86,76,133,85,104,17,8,16,56,21,108,192,40,15,9,33,154,122,179,47,185,127,96,171,141,98,114,64,79,177,27,88,5,186,199,83,59,129,24,95,149,165,62,120,3,169,191,135,146];False
1678;7208;8886;[34,4,144,70,19,41,121,178,161,102,112,84,77,182,93,147,66,157,103,116,65,124,168,31,142,117,167,61,45,188,87,35,78,128,42,57,197,125,145,126,143,160,91,1,150,105,180,196,36,46,140,92,82,23,189,195,175,12,22,26,176,193,109,20,67,166,38,139,63,118,48,194,29,198,174,184,115,2,32,72,163,25,51,50,190,10,130,113,156,74,44,138,37,94,173,18,131,110,81,153,101,100,30,134,148,11,97,58,158,43,7,0,181,68,123,6,137,60,54,151,119,187,39,107,55,14,13,111,52,89,75,80,71,162,53,183,69,159,164,90,28,155,73,99,106,136,132,152,49,170,172,86,76,133,85,104,17,8,16,56,21,108,192,40,15,9,33,154,122,179,27,185,127,96,171,141,98,114,64,79,177,47,88,5,186,199,83,59,129,24,95,149,165,62,120,3,169,191,135,146];True
1704;7207;8911;[34,4,144,70,19,41,121,178,161,102,112,84,77,182,93,147,66,157,103,116,65,124,168,31,142,117,167,61,45,188,87,35,78,128,42,57,197,125,145,126,143,160,91,1,150,105,180,196,36,46,140,92,82,23,189,187,175,12,22,26,176,193,109,20,67,166,38,139,63,118,48,194,29,198,174,184,115,2,32,72,163,25,51,50,190,10,130,113,156,74,44,138,37,94,173,18,131,110,81,153,101,100,30,134,148,11,97,58,158,43,7,0,181,68,123,6,137,60,54,151,119,98,39,107,55,14,13,111,52,89,75,80,71,162,53,183,69,159,164,90,28,155,73,99,106,136,132,152,49,170,172,86,76,133,85,104,17,8,16,56,21,108,192,40,15,9,33,154,122,179,195,185,127,96,171,141,47,114,64,79,177,27,88,5,186,199,83,59,129,24,95,149,165,62,120,3,169,191,135,146];False
1734;7198;8932;[34,4,144,70,19,41,121,178,161,102,112,84,77,182,93,147,66,157,103,116,65,124,168,31,142,117,167,61,45,188,87,35,78,128,42,57,197,125,145,126,143,160,91,1,150,105,180,196,36,46,140,92,82,23,189,98,175,12,22,26,176,193,109,20,67,166,38,139,63,118,48,194,29,198,174,16,115,2,32,72,163,25,51,50,190,10,130,113,156,74,44,138,37,94,173,18,131,110,81,153,101,100,30,134,148,11,97,58,158,43,7,0,181,68,123,6,137,60,54,151,119,187,39,107,55,14,13,111,52,89,75,80,71,162,53,183,69,159,164,90,28,155,73,99,106,136,132,152,49,170,172,86,76,133,85,104,17,8,184,56,21,108,192,40,15,9,33,154,122,179,195,185,127,96,171,141,47,114,64,79,177,27,88,5,186,199,83,59,129,24,95,149,165,62,120,3,169,191,135,146];False
1726;7202;8928;[34,4,144,70,19,41,121,178,161,102,112,84,77,182,93,147,66,157,103,116,65,124,168,31,142,117,167,61,45,188,87,35,78,128,42,57,197,125,145,126,143,160,91,1,150,105,180,196,36,46,140,92,82,23,189,98,175,12,22,26,176,193,109,20,67,166,38,139,63,118,48,194,29,198,174,184,115,2,32,72,163,25,51,50,190,10,130,113,156,74,44,138,37,94,173,18,131,110,81,153,80,100,30,134,148,11,97,58,158,43,7,0,181,68,123,6,137,60,54,151,119,187,39,107,55,14,13,111,52,89,75,101,71,162,53,183,69,159,164,90,28,155,73,99,106,136,132,152,49,170,172,86,76,133,85,104,17,8,16,56,21,108,192,40,15,9,33,154,122,179,195,185,127,96,171,141,47,114,64,79,177,27,88,5,186,199,83,59,129,24,95,149,165,62,120,3,169,191,135,146];False
1654;7230;8884;[34,4,144,70,19,41,121,178,161,102,112,84,77,182,93,147,66,157,103,116,65,124,168,31,142,117,167,61,45,188,87,35,78,128,42,57,197,125,145,126,143,160,91,1,150,105,180,196,36,46,140,92,82,23,189,47,175,12,22,26,176,193,109,20,67,166,38,139,63,118,48,194,29,198,174,184,115,2,32,72,163,25,51,50,190,10,130,113,156,74,44,138,37,94,173,18,131,110,81,153,80,100,30,134,148,11,97,58,158,43,7,0,62,68,123,6,137,60,54,151,119,187,39,107,55,14,13,111,52,89,75,101,71,162,53,183,69,159,164,90,28,155,73,99,106,136,132,152,49,170,172,86,76,133,85,104,17,8,16,56,21,108,192,40,15,9,33,154,122,179,195,185,127,96,171,141,98,114,64,79,177,27,88,5,186,199,83,59,129,24,95,149,165,181,120,3,169,191,135,146];False
1746;7194;8940;[34,4,144,70,19,41,121,178,161,115,182,84,77,112,93,147,66,157,103,116,65,124,168,31,142,117,167,61,45,188,87,35,78,128,42,57,197,125,145,126,143,160,91,1,150,105,180,196,36,46,140,92,82,23,189,195,175,12,22,26,176,193,109,20,67,166,38,139,63,118,48,194,29,198,174,16,102,2,32,72,163,25,51,50,190,10,130,113,156,74,44,138,37,94,173,18,131,110,81,153,101,100,30,134,148,11,97,58,158,43,7,0,181,68,123,6,137,60,54,151,119,187,39,107,55,14,13,111,52,89,75,80,71,162,53,183,69,159,164,90,28,155,73,99,106,136,132,152,49,170,172,86,76,133,85,104,17,8,184,56,21,108,192,40,15,9,33,154,122,179,47,185,127,96,171,141,98,114,64,79,177,27,88,5,186,199,83,59,129,24,95,149,165,62,120,3,169,191,135,146];False
1717;7200;8917;[34,4,144,70,19,41,121,178,161,115,182,84,77,112,93,147,66,157,103,116,65,124,168,31,142,117,167,61,45,188,87,35,78,128,42,57,197,125,145,126,143,160,91,1,150,105,180,196,36,46,140,92,82,23,189,47,175,12,22,26,176,193,109,20,67,166,38,139,63,118,48,194,29,198,174,16,102,132,32,72,163,25,51,50,190,10,130,113,156,74,44,138,37,94,173,18,131,110,81,153,101,100,30,134,148,11,97,58,158,43,7,0,181,68,123,6,137,60,54,151,119,187,39,107,55,14,13,111,52,89,75,80,71,162,53,183,69,159,164,90,28,155,73,99,106,136,2,152,49,170,172,86,76,133,85,104,17,8,184,56,21,108,192,40,15,9,33,154,122,179,195,185,127,96,171,141,98,114,64,79,177,27,88,5,186,199,83,59,129,24,95,149,165,62,120,3,169,191,135,146];False
1712;7205;8917;[34,4,144,70,19,41,121,178,161,115,182,84,77,112,93,147,66,157,103,116,65,124,168,31,142,117,167,61,45,188,87,35,78,128,42,57,197,125,145,126,143,160,91,1,150,105,180,196,36,46,140,92,82,23,189,47,175,12,22,26,176,193,109,20,67,166,38,139,63,118,48,194,29,198,174,16,102,2,32,72,163,25,51,50,190,10,130,113,156,74,44,138,37,94,173,18,131,110,81,153,80,100,30,134,148,11,97,58,158,43,7,0,181,68,123,6,137,60,54,151,119,187,39,107,55,14,13,111,52,89,75,101,71,162,53,183,69,159,164,90,28,155,73,99,106,136,132,152,49,170,172,86,76,133,85,104,17,8,184,56,21,108,192,40,15,9,33,154,122,179,195,185,127,96,171,141,98,114,64,79,177,27,88,5,186,199,83,59,129,24,95,149,165,62,120,3,169,191,135,146];False
1807;7174;8981;[34,4,144,70,19,41,121,178,161,102,182,84,77,112,93,147,66,157,103,116,65,124,168,31,142,117,167,61,45,188,87,35,78,128,42,57,197,125,145,126,143,160,91,1,150,105,180,196,36,46,140,92,82,23,189,195,175,12,22,26,176,193,109,20,67,166,38,139,63,118,48,194,29,198,174,16,115,2,32,72,163,25,51,50,190,10,130,113,156,74,44,138,37,94,173,18,131,110,81,153,80,100,30,134,148,11,97,58,158,43,7,0,181,68,123,6,137,60,54,151,119,187,39,107,55,14,13,111,52,89,75,101,71,162,53,183,69,159,164,90,28,155,73,99,106,136,132,152,49,170,172,86,76,133,85,104,17,8,184,56,21,108,192,40,15,9,33,154,122,179,47,185,127,96,171,141,98,114,64,79,177,27,88,5,186,199,83,59,129,24,95,149,165,62,120,3,169,191,135,146];False
1714;7197;8911;[34,4,144,70,19,41,121,178,161,102,182,84,77,112,93,147,66,157,103,116,65,124,168,31,142,117,167,61,45,188,87,35,78,128,42,57,197,125,145,126,143,160,91,1,150,105,180,196,36,46,140,92,82,23,189,195,175,12,22,26,176,193,109,20,67,166,38,139,63,118,48,194,29,198,174,16,115,2,32,72,163,25,51,50,190,10,130,113,156,74,44,138,37,94,173,18,131,110,81,153,101,100,30,134,148,11,97,58,158,43,7,0,181,68,123,6,137,60,54,151,119,187,39,107,55,14,13,111,52,89,75,80,71,162,53,183,69,159,164,90,28,155,73,99,106,136,132,152,49,170,172,86,76,133,85,104,17,8,184,56,21,108,192,40,15,9,33,154,122,179,27,185,127,96,171,141,98,114,64,79,177,47,88,5,186,199,83,59,129,24,95,149,165,62,120,3,169,191,135,146];True
1706;7201;8907;[34,4,144,70,19,41,121,178,161,102,182,84,77,112,93,147,66,157,103,116,65,124,168,31,142,117,167,61,45,188,87,35,78,128,42,57,197,125,145,126,143,160,91,1,150,105,180,196,36,46,140,92,82,23,189,195,175,12,22,26,176,193,109,20,67,166,38,139,63,118,48,194,29,198,174,184,115,2,32,72,163,25,51,50,190,10,130,113,156,74,44,138,37,94,173,18,131,110,81,153,80,100,30,134,148,11,97,58,158,43,7,0,181,68,123,6,137,60,54,151,119,187,39,107,55,14,13,111,52,89,75,101,71,162,53,183,69,159,164,90,28,155,73,99,106,136,132,152,49,170,172,86,76,133,85,104,17,8,16,56,21,108,192,40,15,9,33,154,122,179,27,185,127,96,171,141,98,114,64,79,177,47,88,5,186,199,83,59,129,24,95,149,165,62,120,3,169,191,135,146];False
1522;7345;8867;[146,4,144,70,19,87,121,178,102,161,182,84,77,112,93,147,66,157,103,116,65,124,168,31,142,117,167,61,45,188,196,35,78,128,42,57,197,125,145,126,143,160,91,1,150,105,180,41,36,46,140,92,82,23,189,47,175,12,22,26,176,193,109,20,67,166,38,139,63,118,48,194,29,198,174,184,115,2,32,72,163,25,51,50,190,10,130,113,156,74,44,138,37,94,173,18,131,110,81,153,101,100,30,134,148,11,97,58,158,43,7,0,62,68,123,6,137,60,54,151,119,187,39,107,55,14,13,111,52,89,75,80,71,162,53,183,69,159,164,90,28,155,73,99,106,136,132,152,49,170,172,86,76,133,85,104,17,8,16,56,21,108,192,40,15,9,33,154,122,179,195,185,127,96,171,141,98,114,64,79,177,27,88,5,186,199,83,59,129,24,95,149,165,181,120,3,169,191,135,34];False
1510;7390;8900;[146,4,144,70,19,87,121,178,161,102,29,84,77,112,93,147,66,157,103,116,65,124,168,31,142,117,167,61,45,188,196,35,78,128,42,57,197,125,145,126,143,160,91,1,150,105,180,41,36,46,140,92,82,23,189,47,175,12,22,26,176,193,109,20,67,166,38,139,63,118,48,194,182,198,174,184,115,2,32,72,163,25,51,50,190,10,130,113,156,74,44,138,37,94,173,18,131,110,81,153,101,100,30,134,148,11,97,58,158,43,7,0,62,68,123,6,137,60,54,151,119,187,39,107,55,14,13,111,52,89,75,80,71,162,53,183,69,159,164,90,28,155,73,99,106,136,132,152,49,170,172,86,76,133,85,104,17,8,16,56,21,108,192,40,15,9,33,154,122,179,195,185,127,96,171,141,98,114,64,79,177,27,88,5,186,199,83,59,129,24,95,149,165,181,120,3,169,191,135,34];False
1509;7395;8904;[146,4,144,70,19,87,121,178,161,102,127,84,77,112,93,147,66,157,103,116,65,124,168,31,142,117,167,61,45,188,196,35,78,128,42,57,197,125,145,126,143,160,91,1,150,105,180,41,36,46,140,92,82,23,189,47,175,12,22,26,176,193,109,20,67,166,38,139,63,118,48,194,29,198,174,184,115,2,32,72,163,25,51,50,190,10,130,113,156,74,44,138,37,94,173,18,131,110,81,153,101,100,30,134,148,11,97,58,158,43,7,0,62,68,123,6,137,60,54,151,119,187,39,107,55,14,13,111,52,89,75,80,71,162,53,183,69,159,164,90,28,155,73,99,106,136,132,152,49,170,172,86,76,133,85,104,17,8,16,56,21,108,192,40,15,9,33,154,122,179,195,185,182,96,171,141,98,114,64,79,177,27,88,5,186,199,83,59,129,24,95,149,165,181,120,3,169,191,135,34];False
1503;7406;8909;[146,4,144,70,19,87,121,178,161,102,182,84,77,112,93,147,66,157,103,116,65,124,168,31,142,117,167,61,45,188,196,35,78,128,42,57,197,125,145,126,143,160,91,1,150,105,180,41,36,46,140,92,82,23,189,55,175,12,22,26,176,193,109,20,67,166,38,139,63,118,48,194,29,198,174,184,115,2,32,72,163,25,51,50,190,10,130,113,156,74,44,138,37,94,173,18,131,110,81,153,101,100,30,134,148,11,97,58,158,43,7,0,62,68,123,6,137,60,54,151,119,187,39,107,47,14,13,111,52,89,75,80,71,162,53,183,69,159,164,90,28,155,73,99,106,136,132,152,49,170,172,86,76,133,85,104,17,8,16,56,21,108,192,40,15,9,33,154,122,179,195,185,127,96,171,141,98,114,64,79,177,27,88,5,186,199,83,59,129,24,95,149,165,181,120,3,169,191,135,34];False
1520;7370;8890;[146,4,144,70,19,87,121,178,161,102,182,84,77,112,93,147,66,157,103,116,65,124,168,31,142,117,167,61,45,188,196,35,78,128,42,57,197,125,145,126,143,160,91,1,150,105,180,41,36,46,140,92,82,23,189,47,175,12,22,26,176,193,109,20,67,166,38,139,63,118,48,194,29,198,174,184,115,2,32,72,163,25,51,50,190,10,130,113,156,74,44,138,37,94,173,18,131,110,81,153,101,100,30,134,148,11,97,58,158,43,7,0,62,68,123,6,137,60,54,151,119,187,39,107,55,14,13,111,52,89,75,80,71,162,53,183,69,159,164,90,28,155,73,99,106,136,132,152,49,170,172,86,76,133,85,104,17,8,16,56,21,108,192,135,15,9,33,154,122,179,195,185,127,96,171,141,98,114,64,79,177,27,88,5,186,199,83,59,129,24,95,149,165,181,120,3,169,191,40,34];False
1534;7332;8866;[34,4,144,70,19,87,121,178,161,187,127,84,77,112,93,147,66,157,103,116,65,124,168,31,142,117,167,61,45,188,196,35,78,128,42,57,197,125,145,126,143,160,91,1,150,105,180,41,36,46,140,92,82,23,189,47,175,12,22,26,176,193,109,20,67,166,38,139,63,118,48,194,29,198,174,184,115,2,32,72,163,25,51,50,190,10,130,113,156,74,44,138,37,94,173,18,131,110,81,153,101,100,30,134,148,11,97,58,158,43,7,0,62,68,123,6,137,60,54,151,119,102,39,107,55,14,13,111,52,89,75,80,71,162,53,183,69,159,164,90,28,155,73,99,106,136,132,152,49,170,172,86,76,133,85,104,17,8,16,56,21,108,192,40,15,9,33,154,122,179,195,185,182,96,171,141,98,114,64,79,177,27,88,5,186,199,83,59,129,24,95,149,165,181,120,3,169,191,135,146];False
1502;7415;8917;[34,4,144,70,19,87,121,178,161,102,127,84,77,112,93,147,66,157,103,116,65,124,168,31,142,117,167,61,45,188,196,35,78,128,42,57,197,125,145,126,143,160,91,1,150,105,180,41,36,46,140,92,82,23,189,55,175,12,22,26,176,193,109,20,67,166,38,139,63,118,48,194,29,198,174,184,115,2,32,72,163,25,51,50,190,10,130,113,156,74,44,138,37,94,173,18,131,110,81,153,101,100,30,134,148,11,97,58,158,43,7,0,62,68,123,6,137,60,54,151,119,187,39,107,47,14,13,111,52,89,75,80,71,162,53,183,69,159,164,90,28,155,73,99,106,136,132,152,49,170,172,86,76,133,85,104,17,8,16,56,21,108,192,40,15,9,33,154,122,179,195,185,182,96,171,141,98,114,64,79,177,27,88,5,186,199,83,59,129,24,95,149,165,181,120,3,169,191,135,146];False
1332;7867;9199;[74,4,144,93,19,87,121,178,2,32,61,84,77,112,34,147,66,157,103,188,78,124,168,31,142,117,45,182,167,143,149,102,70,128,42,57,197,125,83,195,65,160,91,1,150,105,180,41,36,46,140,92,82,23,189,55,175,12,22,131,176,193,109,20,67,166,38,139,63,118,48,194,29,198,174,184,126,3,169,72,163,25,51,50,190,10,130,113,156,116,44,138,37,94,173,18,26,110,81,153,101,100,30,134,148,11,97,58,158,43,7,0,62,68,123,6,137,60,54,151,119,187,39,107,47,14,13,111,52,89,75,80,71,162,53,183,69,159,90,164,28,155,73,99,106,136,132,152,49,170,172,86,76,133,85,104,17,8,16,56,21,108,192,40,15,9,33,154,122,179,165,185,127,96,196,141,98,114,64,79,177,27,88,5,186,199,145,59,129,24,95,171,35,181,120,161,115,191,135,146];True
1563;7274;8837;[34,4,144,70,19,41,121,178,102,75,182,84,77,112,93,147,66,157,103,116,65,124,168,31,142,117,167,61,45,188,87,35,78,128,42,57,197,125,145,126,143,160,91,1,150,105,180,196,36,46,140,92,82,23,189,47,175,12,22,26,176,193,109,20,67,166,38,139,63,118,48,194,29,198,174,184,80,2,32,72,163,25,51,50,190,10,130,113,156,74,44,138,37,94,173,18,131,110,81,153,101,100,30,134,148,11,97,58,158,43,7,0,62,68,123,6,137,60,54,151,119,187,39,107,55,14,13,111,52,89,161,115,71,162,53,183,69,159,164,90,28,155,73,99,106,136,132,152,49,170,172,86,76,133,85,104,17,8,16,56,21,108,192,40,15,9,33,154,122,179,195,185,127,96,171,141,98,114,64,79,177,27,88,5,186,199,83,59,129,24,95,149,165,181,120,3,169,191,135,146];True
1522;7330;8852;[146,4,144,70,19,41,121,178,102,75,182,84,77,112,93,147,66,157,103,116,65,124,168,31,142,117,167,61,45,188,87,35,78,128,42,57,197,125,145,126,143,160,91,1,150,105,180,196,36,46,140,92,82,23,189,47,175,12,22,26,176,193,109,20,67,166,38,139,63,118,48,194,29,198,174,184,115,2,32,72,163,25,51,50,190,10,130,113,156,74,44,138,37,94,173,18,131,110,81,153,101,100,30,134,148,11,97,58,158,43,7,0,62,68,123,6,137,60,54,151,119,187,39,107,55,14,13,111,52,89,161,80,71,162,53,183,69,159,164,90,28,155,73,99,106,136,132,152,49,170,172,86,76,133,85,104,17,8,16,56,21,108,192,40,15,9,33,154,122,179,195,185,127,96,171,141,98,114,64,79,177,27,88,5,186,199,83,59,129,24,95,149,165,181,120,3,169,191,135,34];False
1540;7316;8856;[34,4,144,70,19,41,49,178,102,75,182,84,77,112,93,147,66,157,103,116,65,124,168,31,142,117,167,61,45,188,87,35,78,128,42,57,197,125,145,126,143,160,91,1,150,105,180,196,36,46,140,92,82,23,189,47,175,12,22,26,176,193,109,20,67,166,38,139,63,118,48,194,29,198,174,184,115,2,32,72,163,25,51,50,190,10,130,113,156,74,44,138,37,94,173,18,131,110,81,153,101,100,30,134,148,11,97,58,158,43,7,0,62,68,123,6,137,60,54,151,119,187,39,107,55,14,13,111,52,89,161,80,71,162,53,183,69,159,164,90,28,155,73,99,106,136,132,152,121,170,172,86,76,133,85,104,17,8,16,56,21,108,192,40,15,9,33,154,122,179,195,185,127,96,171,141,98,114,64,79,177,27,88,5,186,199,83,59,129,24,95,149,165,181,120,3,169,191,135,146];False
1515;7350;8865;[34,4,144,70,19,41,121,178,102,75,182,84,77,112,93,147,66,157,103,116,65,124,168,31,142,117,167,61,45,188,87,35,78,128,42,57,197,125,145,126,143,160,91,1,150,105,180,196,36,46,140,92,82,23,189,55,175,12,22,26,176,193,109,20,67,166,38,139,63,118,48,194,29,198,174,184,115,2,32,72,163,25,51,50,190,10,130,113,156,74,44,138,37,94,173,18,131,110,81,153,101,100,30,134,148,11,97,58,158,43,7,0,62,68,123,6,137,60,54,151,119,187,39,107,47,14,13,111,52,89,161,80,71,162,53,183,69,159,164,90,28,155,73,99,106,136,132,152,49,170,172,86,76,133,85,104,17,8,16,56,21,108,192,40,15,9,33,154,122,179,195,185,127,96,171,141,98,114,64,79,177,27,88,5,186,199,83,59,129,24,95,149,165,181,120,3,169,191,135,146];False
1535;7307;8842;[34,4,144,70,19,41,121,178,102,75,182,84,77,112,93,147,66,157,103,116,65,124,168,31,142,117,167,61,45,188,87,35,78,128,42,57,197,125,145,126,143,160,91,1,150,105,180,196,36,46,140,92,82,23,189,47,175,12,22,26,176,193,109,20,67,166,38,139,63,118,48,194,29,198,174,184,115,2,32,72,163,25,51,50,190,10,130,113,156,74,44,138,37,94,173,18,131,110,81,153,101,100,30,134,148,11,97,58,158,43,7,0,62,68,123,6,137,60,54,151,119,187,39,107,55,14,13,111,52,89,161,80,71,162,53,183,69,159,164,90,28,155,73,99,106,136,132,152,49,170,172,86,76,133,85,104,17,8,16,56,21,108,192,40,15,9,33,154,122,179,165,185,127,96,171,141,98,114,64,79,177,27,88,5,186,199,83,59,129,24,95,149,195,181,120,3,169,191,135,146];True
1823;7173;8996;[34,4,144,70,19,41,121,178,161,102,112,1,77,182,93,147,66,157,103,116,65,124,168,31,142,117,167,61,45,188,87,35,78,128,42,57,197,125,145,126,143,160,91,84,150,105,180,196,36,46,140,92,82,23,189,195,175,12,22,26,176,193,109,20,67,166,38,139,63,118,48,194,29,198,174,184,115,2,32,72,163,25,51,50,190,10,130,113,156,74,44,138,37,94,173,18,131,110,81,153,80,100,30,134,148,11,97,58,158,43,7,0,181,68,123,6,137,60,54,151,119,187,39,107,55,14,13,111,52,89,75,101,71,162,53,183,69,159,164,90,28,155,73,99,106,136,132,152,49,170,172,86,76,133,85,104,17,8,16,56,21,108,192,40,15,9,33,154,122,179,47,185,127,96,171,141,98,114,64,79,177,27,88,5,186,199,83,59,129,24,95,149,165,62,120,3,169,191,135,146];False
1730;7196;8926;[34,4,144,70,19,41,121,178,161,102,112,1,77,182,93,147,66,157,103,116,65,124,168,31,142,117,167,61,45,188,87,35,78,128,42,57,197,125,145,126,143,160,91,84,150,105,180,196,36,46,140,92,82,23,189,195,175,12,22,26,176,193,109,20,67,166,38,139,63,118,48,194,29,198,174,184,115,2,32,72,163,25,51,50,190,10,130,113,156,74,44,138,37,94,173,18,131,110,81,153,101,100,30,134,148,11,97,58,158,43,7,0,181,68,123,6,137,60,54,151,119,187,39,107,55,14,13,111,52,89,75,80,71,162,53,183,69,159,164,90,28,155,73,99,106,136,132,152,49,170,172,86,76,133,85,104,17,8,16,56,21,108,192,40,15,9,33,154,122,179,27,185,127,96,171,141,98,114,64,79,177,47,88,5,186,199,83,59,129,24,95,149,165,62,120,3,169,191,135,146];False
1833;7163;8996;[34,4,144,70,19,41,121,178,161,102,112,84,77,182,93,147,66,157,103,116,65,124,168,31,142,117,167,61,45,188,87,35,78,128,42,57,197,125,145,126,143,160,91,1,150,105,180,196,36,46,140,92,82,23,189,195,175,12,22,26,176,193,109,20,67,166,38,139,63,118,48,194,29,198,174,16,115,2,32,72,163,25,51,50,190,10,130,113,156,74,44,138,37,94,173,18,131,110,81,153,80,100,30,134,148,11,97,58,158,43,7,0,181,68,123,6,137,60,54,151,119,187,39,107,55,14,13,111,52,89,75,101,71,162,53,183,69,159,164,90,28,155,73,99,106,136,132,152,49,170,172,86,76,133,85,104,17,8,184,56,21,108,192,40,15,9,33,154,122,179,47,185,127,96,171,141,98,114,64,79,177,27,88,5,186,199,83,59,129,24,95,149,165,62,120,3,169,191,135,146];False
1823;7170;8993;[34,4,144,70,19,41,121,178,161,102,112,84,77,182,93,147,66,157,103,116,65,124,168,31,142,117,167,61,45,188,87,35,78,128,42,57,197,125,145,126,143,160,91,1,150,105,180,196,36,46,140,92,82,23,189,195,175,12,22,26,176,193,109,20,67,166,38,139,63,118,48,194,29,198,174,16,115,2,32,72,163,25,51,50,190,10,130,113,156,74,44,138,37,94,173,18,131,110,81,153,101,100,30,134,119,11,97,58,158,43,7,0,181,68,123,6,137,60,54,151,148,187,39,107,55,14,13,111,52,89,75,80,71,162,53,183,69,159,164,90,28,155,73,99,106,136,132,152,49,170,172,86,76,133,85,104,17,8,184,56,21,108,192,40,15,9,33,154,122,179,47,185,127,96,171,141,98,114,64,79,177,27,88,5,186,199,83,59,129,24,95,149,165,62,120,3,169,191,135,146];False
1740;7186;8926;[34,4,144,70,19,41,121,178,161,102,112,84,77,182,93,147,66,157,103,116,65,124,168,31,142,117,167,61,45,188,87,35,78,128,42,57,197,125,145,126,143,160,91,1,150,105,180,196,36,46,140,92,82,23,189,195,175,12,22,26,176,193,109,20,67,166,38,139,63,118,48,194,29,198,174,16,115,2,32,72,163,25,51,50,190,10,130,113,156,74,44,138,37,94,173,18,131,110,81,153,101,100,30,134,148,11,97,58,158,43,7,0,181,68,123,6,137,60,54,151,119,187,39,107,55,14,13,111,52,89,75,80,71,162,53,183,69,159,164,90,28,155,73,99,106,136,132,152,49,170,172,86,76,133,85,104,17,8,184,56,21,108,192,40,15,9,33,154,122,179,27,185,127,96,171,141,98,114,64,79,177,47,88,5,186,199,83,59,129,24,95,149,165,62,120,3,169,191,135,146];False
1732;7190;8922;[34,4,144,70,19,41,121,178,161,102,112,84,77,182,93,147,66,157,103,116,65,124,168,31,142,117,167,61,45,188,87,35,78,128,42,57,197,125,145,126,143,160,91,1,150,105,180,196,36,46,140,92,82,23,189,195,175,12,22,26,176,193,109,20,67,166,38,139,63,118,48,194,29,198,174,184,115,2,32,72,163,25,51,50,190,10,130,113,156,74,44,138,37,94,173,18,131,110,81,153,80,100,30,134,148,11,97,58,158,43,7,0,181,68,123,6,137,60,54,151,119,187,39,107,55,14,13,111,52,89,75,101,71,162,53,183,69,159,164,90,28,155,73,99,106,136,132,152,49,170,172,86,76,133,85,104,17,8,16,56,21,108,192,40,15,9,33,154,122,179,27,185,127,96,171,141,98,114,64,79,177,47,88,5,186,199,83,59,129,24,95,149,165,62,120,3,169,191,135,146];False
1652;7219;8871;[34,4,144,70,19,41,121,178,161,102,182,84,77,112,93,147,66,157,103,116,65,124,168,31,142,117,167,61,45,188,87,35,78,128,42,57,197,125,145,126,143,160,91,1,150,105,180,196,36,46,140,92,82,23,189,195,175,12,22,26,176,193,109,20,67,166,38,139,63,118,48,194,29,198,174,184,115,2,32,72,163,25,51,50,190,10,130,113,156,74,44,138,37,94,173,18,131,110,81,153,101,100,30,134,148,11,97,58,158,43,7,0,181,68,123,6,137,60,54,151,119,187,39,107,55,14,13,111,52,89,75,80,71,162,53,183,69,159,164,90,28,155,73,99,106,136,132,152,49,170,172,86,76,133,85,104,17,8,16,56,21,108,192,40,15,9,33,154,122,179,27,185,127,96,171,141,98,114,64,79,177,47,88,5,186,199,83,59,129,24,95,149,165,62,120,3,169,191,135,146];True
1649;7224;8873;[34,4,144,70,19,41,121,178,161,102,112,84,77,182,93,147,66,157,103,116,65,124,168,31,142,117,167,61,45,188,87,35,78,128,42,57,197,125,145,126,143,160,91,1,150,105,180,196,36,46,140,92,82,23,189,195,175,12,22,26,176,193,109,20,67,166,38,139,63,118,48,194,29,198,174,184,115,2,32,72,163,25,51,50,190,10,130,113,156,74,44,138,37,94,173,18,131,110,81,153,101,100,30,134,148,11,97,58,158,43,7,0,62,68,123,6,137,60,54,151,119,187,39,107,55,14,13,111,52,89,75,80,71,162,53,183,69,159,164,90,28,155,73,99,106,136,132,152,49,170,172,86,76,133,85,104,17,8,16,56,21,108,192,40,15,9,33,154,122,179,27,185,127,96,171,141,98,114,64,79,177,47,88,5,186,199,83,59,129,24,95,149,165,181,120,3,169,191,135,146];True
1766;7185;8951;[34,4,144,70,19,41,121,178,161,102,112,84,77,182,93,147,66,157,103,116,65,124,168,31,142,117,167,61,45,188,87,35,78,128,42,57,197,125,145,126,143,160,91,1,150,105,180,196,36,46,140,92,82,23,189,187,175,12,22,26,176,193,109,20,67,166,38,139,63,118,48,194,29,198,174,16,115,2,32,72,163,25,51,50,190,10,130,113,156,74,44,138,37,94,173,18,131,110,81,153,101,100,30,134,148,11,97,58,158,43,7,0,181,68,123,6,137,60,54,151,119,98,39,107,55,14,13,111,52,89,75,80,71,162,53,183,69,159,164,90,28,155,73,99,106,136,132,152,49,170,172,86,76,133,85,104,17,8,184,56,21,108,192,40,15,9,33,154,122,179,195,185,127,96,171,141,47,114,64,79,177,27,88,5,186,199,83,59,129,24,95,149,165,62,120,3,169,191,135,146];False
1725;7196;8921;[34,4,144,70,19,41,121,178,161,102,112,84,77,182,93,147,66,157,103,116,65,124,168,31,142,117,167,61,45,188,87,35,78,128,42,57,197,125,145,126,143,160,91,1,150,105,180,196,36,46,140,92,82,23,189,187,175,12,22,26,176,193,109,20,67,166,38,139,63,118,48,194,29,198,174,184,115,2,32,72,163,25,51,50,190,10,130,113,156,74,44,138,37,94,173,18,131,110,81,153,101,100,30,134,119,11,97,58,158,43,7,0,181,68,123,6,137,60,54,151,148,98,39,107,55,14,13,111,52,89,75,80,71,162,53,183,69,159,164,90,28,155,73,99,106,136,132,152,49,170,172,86,76,133,85,104,17,8,16,56,21,108,192,40,15,9,33,154,122,179,195,185,127,96,171,141,47,114,64,79,177,27,88,5,186,199,83,59,129,24,95,149,165,62,120,3,169,191,135,146];False
1800;7176;8976;[34,4,144,70,19,41,121,178,161,115,182,84,77,112,93,147,66,157,103,116,65,124,168,31,142,117,167,61,45,188,87,35,78,128,42,57,197,125,145,126,143,160,91,1,150,105,180,196,36,46,140,92,82,23,189,195,175,12,22,26,176,193,109,20,67,166,38,139,63,118,48,194,29,198,174,16,102,2,32,72,163,25,51,50,190,10,130,113,156,74,44,138,37,94,173,18,131,110,81,153,80,100,30,134,148,11,97,58,158,43,7,0,181,68,123,6,137,60,54,151,119,187,39,107,55,14,13,111,52,89,75,101,71,162,53,183,69,159,164,90,28,155,73,99,106,136,132,152,49,170,172,86,76,133,85,104,17,8,184,56,21,108,192,40,15,9,33,154,122,179,47,185,127,96,171,141,98,114,64,79,177,27,88,5,186,199,83,59,129,24,95,149,165,62,120,3,169,191,135,146];False
1768;7179;8947;[34,4,144,70,19,41,121,178,161,102,182,84,77,112,93,147,66,157,103,116,65,124,168,31,142,117,167,61,45,188,87,35,78,128,42,57,197,125,145,126,143,160,91,1,150,105,180,196,36,46,140,92,82,23,189,195,175,12,22,26,176,193,109,20,67,166,38,139,63,118,48,194,29,198,174,16,115,2,32,72,163,25,51,50,190,10,130,113,156,74,44,138,37,94,173,18,131,110,81,153,80,100,30,134,148,11,97,58,158,43,7,0,181,68,123,6,137,60,54,151,119,187,39,107,55,14,13,111,52,89,75,101,71,162,53,183,69,159,164,90,28,155,73,99,106,136,132,152,49,170,172,86,76,133,85,104,17,8,184,56,21,108,192,40,15,9,33,154,122,179,27,185,127,96,171,141,98,114,64,79,177,47,88,5,186,199,83,59,129,24,95,149,165,62,120,3,169,191,135,146];False
1707;7199;8906;[34,4,144,70,19,41,121,178,161,115,182,84,77,112,93,147,66,157,103,116,65,124,168,31,142,117,167,61,45,188,87,35,78,128,42,57,197,125,145,126,143,160,91,1,150,105,180,196,36,46,140,92,82,23,189,195,175,12,22,26,176,193,109,20,67,166,38,139,63,118,48,194,29,198,174,16,102,2,32,72,163,25,51,50,190,10,130,113,156,74,44,138,37,94,173,18,131,110,81,153,101,100,30,134,148,11,97,58,158,43,7,0,181,68,123,6,137,60,54,151,119,187,39,107,55,14,13,111,52,89,75,80,71,162,53,183,69,159,164,90,28,155,73,99,106,136,132,152,49,170,172,86,76,133,85,104,17,8,184,56,21,108,192,40,15,9,33,154,122,179,27,185,127,96,171,141,98,114,64,79,177,47,88,5,186,199,83,59,129,24,95,149,165,62,120,3,169,191,135,146];True
1677;7217;8894;[34,4,144,70,19,41,121,178,161,102,182,84,77,112,93,147,66,157,103,116,65,124,168,31,142,117,167,61,45,188,87,35,78,128,42,57,197,125,145,126,143,160,91,1,150,105,180,196,36,46,140,92,82,23,189,195,175,12,22,26,176,193,109,20,67,166,38,139,63,118,48,194,29,198,174,184,115,2,32,72,163,25,51,50,190,10,130,113,156,74,44,138,37,94,173,18,131,110,81,153,80,100,30,134,148,11,97,58,158,43,7,0,62,68,123,6,137,60,54,151,119,187,39,107,55,14,13,111,52,89,75,101,71,162,53,183,69,159,164,90,28,155,73,99,106,136,132,152,49,170,172,86,76,133,85,104,17,8,16,56,21,108,192,40,15,9,33,154,122,179,27,185,127,96,171,141,98,114,64,79,177,47,88,5,186,199,83,59,129,24,95,149,165,181,120,3,169,191,135,146];True
1469;7390;8859;[146,4,144,70,19,87,121,178,161,102,145,84,77,112,93,147,66,157,103,116,65,124,168,31,142,117,167,61,45,188,196,35,78,128,42,57,197,125,29,126,143,160,91,1,150,105,180,41,36,46,140,92,82,23,189,47,175,12,22,26,176,193,109,20,67,166,38,139,63,118,48,194,182,198,174,184,115,2,32,72,163,25,51,50,190,10,130,113,156,74,44,138,37,94,173,18,131,110,81,153,101,100,30,134,148,11,97,58,158,43,7,0,62,68,123,6,137,60,54,151,119,187,39,107,55,14,13,111,52,89,75,80,71,162,53,183,69,159,164,90,28,155,73,99,106,136,132,152,49,170,172,86,76,133,85,104,17,8,16,56,21,108,192,40,15,9,33,154,122,179,195,185,127,96,171,141,98,114,64,79,177,27,88,5,186,199,83,59,129,24,95,149,165,181,120,3,169,191,135,34];True
1513;7366;8879;[146,4,144,70,19,41,121,178,102,75,182,84,77,112,93,147,66,157,103,116,65,124,168,31,142,117,167,61,45,188,87,35,78,128,42,57,197,125,145,126,143,160,91,1,150,105,180,196,36,46,140,92,82,23,189,47,175,12,22,26,176,193,109,20,67,166,38,139,63,118,48,194,29,198,174,184,115,2,32,72,163,25,51,50,190,10,130,113,156,74,44,138,37,94,173,18,131,110,81,153,101,100,30,134,148,11,97,58,158,43,7,0,62,68,123,6,137,60,54,151,119,187,39,107,55,14,13,111,52,89,161,80,71,162,53,183,69,159,164,90,28,155,73,99,106,136,132,152,49,170,172,86,76,133,85,104,17,8,16,56,21,108,192,135,15,9,33,154,122,179,195,185,127,96,171,141,98,114,64,79,177,27,88,5,186,199,83,59,129,24,95,149,165,181,120,3,169,191,40,34];False
1509;7379;8888;[34,4,144,70,19,41,121,178,102,75,182,84,77,112,93,147,66,157,103,116,65,124,168,31,142,117,167,61,45,188,87,35,78,128,42,57,197,125,145,126,143,160,91,1,150,105,180,196,36,46,140,92,82,23,189,55,175,12,22,26,176,193,109,20,67,166,38,139,63,118,48,194,29,198,174,184,115,2,32,72,163,25,51,50,190,10,130,113,156,74,44,138,37,94,173,18,131,110,81,153,101,100,30,134,148,11,97,58,158,43,7,0,62,68,123,6,137,60,54,151,119,187,39,107,47,14,13,111,52,89,161,80,71,162,53,183,69,159,164,90,28,155,73,99,106,136,132,152,49,170,172,86,76,133,85,104,17,8,16,56,21,108,192,40,15,9,33,154,122,179,165,185,127,96,171,141,98,114,64,79,177,27,88,5,186,199,83,59,129,24,95,149,195,181,120,3,169,191,135,146];False
1516;7346;8862;[34,4,144,70,19,41,121,178,102,75,182,84,77,112,93,147,66,157,103,116,65,124,168,31,142,117,167,61,45,188,87,35,78,128,42,57,197,125,145,126,143,160,91,1,150,105,180,196,36,46,140,92,82,23,189,47,175,12,22,26,176,193,109,20,67,166,38,139,63,118,48,194,29,198,174,184,115,2,32,72,163,25,51,50,190,195,130,113,156,74,44,138,37,94,173,18,131,110,81,153,101,100,30,134,148,11,97,58,158,43,7,0,62,68,123,6,137,60,54,151,119,187,39,107,55,14,13,111,52,89,161,80,71,162,53,183,69,159,164,90,28,155,73,99,106,136,132,152,49,170,172,86,76,133,85,104,17,8,16,56,21,108,192,40,15,9,33,154,122,179,165,185,127,96,171,141,98,114,64,79,177,27,88,5,186,199,83,59,129,24,95,149,10,181,120,3,169,191,135,146];False
1794;7168;8962;[34,4,144,70,19,41,121,178,161,102,112,84,77,182,93,147,66,157,103,116,65,124,168,31,142,117,167,61,45,188,87,35,78,128,42,57,197,125,145,126,143,160,91,1,150,105,180,196,36,46,140,92,82,23,189,195,175,12,22,26,176,193,109,20,67,166,38,139,63,118,48,194,29,198,174,16,115,2,32,72,163,25,51,50,190,10,130,113,156,74,44,138,37,94,173,18,131,110,81,153,80,100,30,134,148,11,97,58,158,43,7,0,181,68,123,6,137,60,54,151,119,187,39,107,55,14,13,111,52,89,75,101,71,162,53,183,69,159,164,90,28,155,73,99,106,136,132,152,49,170,172,86,76,133,85,104,17,8,184,56,21,108,192,40,15,9,33,154,122,179,27,185,127,96,171,141,98,114,64,79,177,47,88,5,186,199,83,59,129,24,95,149,165,62,120,3,169,191,135,146];False
1792;7174;8966;[34,4,144,70,19,41,121,178,161,102,112,1,77,182,93,147,66,157,103,116,65,124,168,31,142,117,167,61,45,188,87,35,78,128,42,57,197,125,145,126,143,160,91,84,150,105,180,196,36,46,140,92,82,23,189,195,175,12,22,26,176,193,109,20,67,166,38,139,63,118,48,194,29,198,174,16,115,2,32,72,163,25,51,50,190,10,130,113,156,74,44,138,37,94,173,18,131,110,81,153,101,100,30,134,148,11,97,58,158,43,7,0,181,68,123,6,137,60,54,151,119,187,39,107,55,14,13,111,52,89,75,80,71,162,53,183,69,159,164,90,28,155,73,99,106,136,132,152,49,170,172,86,76,133,85,104,17,8,184,56,21,108,192,40,15,9,33,154,122,179,27,185,127,96,171,141,98,114,64,79,177,47,88,5,186,199,83,59,129,24,95,149,165,62,120,3,169,191,135,146];False
1784;7175;8959;[34,4,144,70,19,41,121,178,161,102,112,84,77,182,93,147,66,157,103,116,65,124,168,31,142,117,167,61,45,188,87,35,78,128,42,57,197,125,145,126,143,160,91,1,150,105,180,196,36,46,140,92,82,23,189,195,175,12,22,26,176,193,109,20,67,166,38,139,63,118,48,194,29,198,174,16,115,2,32,72,163,25,51,50,190,10,130,113,156,74,44,138,37,94,173,18,131,110,81,153,101,100,30,134,119,11,97,58,158,43,7,0,181,68,123,6,137,60,54,151,148,187,39,107,55,14,13,111,52,89,75,80,71,162,53,183,69,159,164,90,28,155,73,99,106,136,132,152,49,170,172,86,76,133,85,104,17,8,184,56,21,108,192,40,15,9,33,154,122,179,27,185,127,96,171,141,98,114,64,79,177,47,88,5,186,199,83,59,129,24,95,149,165,62,120,3,169,191,135,146];False
1703;7206;8909;[34,4,144,70,19,41,121,178,161,102,112,84,77,182,93,147,66,157,103,116,65,124,168,31,142,117,167,61,45,188,87,35,78,128,42,57,197,125,145,126,143,160,91,1,150,105,180,196,36,46,140,92,82,23,189,195,175,12,22,26,176,193,109,20,67,166,38,139,63,118,48,194,29,198,174,184,115,2,32,72,163,25,51,50,190,10,130,113,156,74,44,138,37,94,173,18,131,110,81,153,80,100,30,134,148,11,97,58,158,43,7,0,62,68,123,6,137,60,54,151,119,187,39,107,55,14,13,111,52,89,75,101,71,162,53,183,69,159,164,90,28,155,73,99,106,136,132,152,49,170,172,86,76,133,85,104,17,8,16,56,21,108,192,40,15,9,33,154,122,179,27,185,127,96,171,141,98,114,64,79,177,47,88,5,186,199,83,59,129,24,95,149,165,181,120,3,169,191,135,146];False
1645;7230;8875;[34,4,144,70,19,41,121,178,102,161,182,84,77,112,93,147,66,157,103,116,65,124,168,31,142,117,167,61,45,188,87,35,78,128,42,57,197,125,145,126,143,160,91,1,150,105,180,196,36,46,140,92,82,23,189,195,175,12,22,26,176,193,109,20,67,166,38,139,63,118,48,194,29,198,174,184,115,2,32,72,163,25,51,50,190,10,130,113,156,74,44,138,37,94,173,18,131,110,81,153,101,100,30,134,148,11,97,58,158,43,7,0,181,68,123,6,137,60,54,151,119,187,39,107,55,14,13,111,52,89,75,80,71,162,53,183,69,159,164,90,28,155,73,99,106,136,132,152,49,170,172,86,76,133,85,104,17,8,16,56,21,108,192,40,15,9,33,154,122,179,27,185,127,96,171,141,98,114,64,79,177,47,88,5,186,199,83,59,129,24,95,149,165,62,120,3,169,191,135,146];True
1623;7235;8858;[34,4,144,70,19,41,121,178,161,102,182,84,77,112,93,147,66,157,103,116,65,124,168,31,142,117,167,61,45,188,87,35,78,128,42,57,197,125,145,126,143,160,91,1,150,105,180,196,36,46,140,92,82,23,189,195,175,12,22,26,176,193,109,20,67,166,38,139,63,118,48,194,29,198,174,184,115,2,32,72,163,25,51,50,190,10,130,113,156,74,44,138,37,94,173,18,131,110,81,153,101,100,30,134,148,11,97,58,158,43,7,0,62,68,123,6,137,60,54,151,119,187,39,107,55,14,13,111,52,89,75,80,71,162,53,183,69,159,164,90,28,155,73,99,106,136,132,152,49,170,172,86,76,133,85,104,17,8,16,56,21,108,192,40,15,9,33,154,122,179,27,185,127,96,171,141,98,114,64,79,177,47,88,5,186,199,83,59,129,24,95,149,165,181,120,3,169,191,135,146];True
1820;7167;8987;[34,4,144,70,19,41,121,178,161,102,112,84,77,182,93,147,66,157,103,116,65,124,168,31,142,117,167,61,45,188,87,35,78,128,42,57,197,125,145,126,143,160,91,1,150,105,180,196,36,46,140,92,82,23,189,187,175,12,22,26,176,193,109,20,67,166,38,139,63,118,48,194,29,198,174,16,115,2,32,72,163,25,51,50,190,10,130,113,156,74,44,138,37,94,173,18,131,110,81,153,80,100,30,134,148,11,97,58,158,43,7,0,181,68,123,6,137,60,54,151,119,98,39,107,55,14,13,111,52,89,75,101,71,162,53,183,69,159,164,90,28,155,73,99,106,136,132,152,49,170,172,86,76,133,85,104,17,8,184,56,21,108,192,40,15,9,33,154,122,179,195,185,127,96,171,141,47,114,64,79,177,27,88,5,186,199,83,59,129,24,95,149,165,62,120,3,169,191,135,146];False
1787;7174;8961;[34,4,144,70,19,41,121,178,161,102,112,84,77,182,93,147,66,157,103,116,65,124,168,31,142,117,167,61,45,188,87,35,78,128,42,57,197,125,145,126,143,160,91,1,150,105,180,196,36,46,140,92,82,23,189,187,175,12,22,26,176,193,109,20,67,166,38,139,63,118,48,194,29,198,174,16,115,2,32,72,163,25,51,50,190,10,130,113,156,74,44,138,37,94,173,18,131,110,81,153,101,100,30,134,119,11,97,58,158,43,7,0,181,68,123,6,137,60,54,151,148,98,39,107,55,14,13,111,52,89,75,80,71,162,53,183,69,159,164,90,28,155,73,99,106,136,132,152,49,170,172,86,76,133,85,104,17,8,184,56,21,108,192,40,15,9,33,154,122,179,195,185,127,96,171,141,47,114,64,79,177,27,88,5,186,199,83,59,129,24,95,149,165,62,120,3,169,191,135,146];False
1699;7207;8906;[34,4,144,70,19,41,121,178,161,102,182,84,77,112,93,147,66,157,103,116,65,124,168,31,142,117,167,61,45,188,87,35,78,128,42,57,197,125,145,126,143,160,91,1,150,105,180,196,36,46,140,92,82,23,189,187,175,12,22,26,176,193,109,20,67,166,38,139,63,118,48,194,29,198,174,184,115,2,32,72,163,25,51,50,190,10,130,113,156,74,44,138,37,94,173,18,131,110,81,153,101,100,30,134,119,11,97,58,158,43,7,0,181,68,123,6,137,60,54,151,148,98,39,107,55,14,13,111,52,89,75,80,71,162,53,183,69,159,164,90,28,155,73,99,106,136,132,152,49,170,172,86,76,133,85,104,17,8,16,56,21,108,192,40,15,9,33,154,122,179,195,185,127,96,171,141,47,114,64,79,177,27,88,5,186,199,83,59,129,24,95,149,165,62,120,3,169,191,135,146];False
1779;7178;8957;[34,4,144,70,19,41,121,178,161,102,112,84,77,182,93,147,66,157,103,116,65,124,168,31,142,117,167,61,45,188,87,35,78,128,42,57,197,125,145,126,143,160,91,1,150,105,180,196,36,46,140,92,82,23,189,187,175,12,22,26,176,193,109,20,67,166,38,139,63,118,48,194,29,198,174,184,115,2,32,72,163,25,51,50,190,10,130,113,156,74,44,138,37,94,173,18,131,110,81,153,80,100,30,134,119,11,97,58,158,43,7,0,181,68,123,6,137,60,54,151,148,98,39,107,55,14,13,111,52,89,75,101,71,162,53,183,69,159,164,90,28,155,73,99,106,136,132,152,49,170,172,86,76,133,85,104,17,8,16,56,21,108,192,40,15,9,33,154,122,179,195,185,127,96,171,141,47,114,64,79,177,27,88,5,186,199,83,59,129,24,95,149,165,62,120,3,169,191,135,146];False
1761;7181;8942;[34,4,144,70,19,41,121,178,161,115,182,84,77,112,93,147,66,157,103,116,65,124,168,31,142,117,167,61,45,188,87,35,78,128,42,57,197,125,145,126,143,160,91,1,150,105,180,196,36,46,140,92,82,23,189,195,175,12,22,26,176,193,109,20,67,166,38,139,63,118,48,194,29,198,174,16,102,2,32,72,163,25,51,50,190,10,130,113,156,74,44,138,37,94,173,18,131,110,81,153,80,100,30,134,148,11,97,58,158,43,7,0,181,68,123,6,137,60,54,151,119,187,39,107,55,14,13,111,52,89,75,101,71,162,53,183,69,159,164,90,28,155,73,99,106,136,132,152,49,170,172,86,76,133,85,104,17,8,184,56,21,108,192,40,15,9,33,154,122,179,27,185,127,96,171,141,98,114,64,79,177,47,88,5,186,199,83,59,129,24,95,149,165,62,120,3,169,191,135,146];False
1766;7176;8942;[34,4,144,70,19,41,121,178,161,115,182,84,77,112,93,147,66,157,103,116,65,124,168,31,142,117,167,61,45,188,87,35,78,128,42,57,197,125,145,126,143,160,91,1,150,105,180,196,36,46,140,92,82,23,189,195,175,12,22,26,176,193,109,20,67,166,38,139,63,118,48,194,29,198,174,16,102,132,32,72,163,25,51,50,190,10,130,113,156,74,44,138,37,94,173,18,131,110,81,153,101,100,30,134,148,11,97,58,158,43,7,0,181,68,123,6,137,60,54,151,119,187,39,107,55,14,13,111,52,89,75,80,71,162,53,183,69,159,164,90,28,155,73,99,106,136,2,152,49,170,172,86,76,133,85,104,17,8,184,56,21,108,192,40,15,9,33,154,122,179,27,185,127,96,171,141,98,114,64,79,177,47,88,5,186,199,83,59,129,24,95,149,165,62,120,3,169,191,135,146];True
1488;7338;8826;[34,4,144,70,19,87,121,178,161,102,145,84,77,112,93,147,66,157,103,116,65,124,168,31,142,117,167,61,45,188,196,35,78,128,42,57,197,125,29,126,143,160,91,1,150,105,180,41,36,46,140,92,82,23,189,47,175,12,22,26,176,193,109,20,67,166,38,139,63,118,48,194,182,198,174,184,115,2,32,72,163,25,51,50,190,10,130,113,156,74,44,138,37,94,173,18,131,110,81,153,101,100,30,134,148,11,97,58,158,43,7,0,62,68,123,6,137,60,54,151,119,187,39,107,55,14,13,111,52,89,75,80,71,162,53,183,69,159,164,90,28,155,73,99,106,136,132,152,49,170,172,86,76,133,85,104,17,8,16,56,21,108,192,40,15,9,33,154,122,179,195,185,127,96,171,141,98,114,64,79,177,27,88,5,186,199,83,59,129,24,95,149,165,181,120,3,169,191,135,146];True
1453;7464;8917;[146,4,144,70,19,87,121,178,161,102,145,84,77,112,93,147,66,157,103,116,65,124,168,31,142,117,167,61,45,188,196,35,78,128,42,57,197,131,29,126,143,160,91,1,150,105,180,41,36,46,140,92,82,23,189,47,175,12,22,26,176,193,109,20,67,166,38,139,63,118,48,194,182,198,174,184,115,2,32,72,163,25,51,50,190,10,130,113,156,74,44,138,37,94,173,18,125,110,81,153,101,100,30,134,148,11,97,58,158,43,7,0,62,68,123,6,137,60,54,151,119,187,39,107,55,14,13,111,52,89,75,80,71,162,53,183,69,159,164,90,28,155,73,99,106,136,132,152,49,170,172,86,76,133,85,104,17,8,16,56,21,108,192,40,15,9,33,154,122,179,195,185,127,96,171,141,98,114,64,79,177,27,88,5,186,199,83,59,129,24,95,149,165,181,120,3,169,191,135,34];False
1443;7462;8905;[146,4,144,70,19,87,121,178,161,102,145,84,77,112,93,147,66,157,103,116,65,124,168,31,142,117,167,61,45,188,196,35,78,128,42,57,197,125,29,126,143,160,91,1,150,105,180,41,36,46,140,92,82,23,189,55,175,12,22,26,176,193,109,20,67,166,38,139,63,118,48,194,182,198,174,184,115,2,32,72,163,25,51,50,190,10,130,113,156,74,44,138,37,94,173,18,131,110,81,153,101,100,30,134,148,11,97,58,158,43,7,0,62,68,123,6,137,60,54,151,119,187,39,107,47,14,13,111,52,89,75,80,71,162,53,183,69,159,164,90,28,155,73,99,106,136,132,152,49,170,172,86,76,133,85,104,17,8,16,56,21,108,192,40,15,9,33,154,122,179,195,185,127,96,171,141,98,114,64,79,177,27,88,5,186,199,83,59,129,24,95,149,165,181,120,3,169,191,135,34];False
1455;7452;8907;[146,4,144,70,19,87,121,178,161,102,145,84,77,112,93,147,66,157,103,116,65,124,168,31,142,117,167,61,45,188,196,35,78,128,42,57,197,125,29,126,143,160,91,1,150,105,180,41,36,46,140,92,82,23,189,47,175,12,22,131,176,193,109,20,67,166,38,139,63,118,48,194,182,198,174,184,115,2,32,72,163,25,51,50,190,10,130,113,156,74,44,138,37,94,173,18,26,110,81,153,101,100,30,134,148,11,97,58,158,43,7,0,62,68,123,6,137,60,54,151,119,187,39,107,55,14,13,111,52,89,75,80,71,162,53,183,69,159,164,90,28,155,73,99,106,136,132,152,49,170,172,86,76,133,85,104,17,8,16,56,21,108,192,40,15,9,33,154,122,179,195,185,127,96,171,141,98,114,64,79,177,27,88,5,186,199,83,59,129,24,95,149,165,181,120,3,169,191,135,34];False
1466;7442;8908;[146,4,144,70,19,87,121,178,161,102,145,84,77,112,93,147,66,157,103,116,65,124,168,31,142,117,167,61,45,188,196,35,78,128,42,57,197,125,29,126,143,160,91,1,150,105,180,41,36,46,140,92,82,23,189,47,175,12,22,26,176,193,109,20,67,166,38,139,63,118,48,194,182,198,174,184,115,2,32,72,163,34,51,50,190,10,130,113,156,74,44,138,37,94,173,18,131,110,81,153,101,100,30,134,148,11,97,58,158,43,7,0,62,68,123,6,137,60,54,151,119,187,39,107,55,14,13,111,52,89,75,80,71,162,53,183,69,159,164,90,28,155,73,99,106,136,132,152,49,170,172,86,76,133,85,104,17,8,16,56,21,108,192,40,15,9,33,154,122,179,195,185,127,96,171,141,98,114,64,79,177,27,88,5,186,199,83,59,129,24,95,149,165,181,120,3,169,191,135,25];False
1463;7443;8906;[146,4,144,70,19,87,121,178,161,102,145,84,77,112,93,147,66,157,103,116,65,124,168,31,142,117,167,61,45,188,196,35,78,128,42,57,197,125,29,126,143,160,91,1,150,105,180,41,36,46,140,92,82,23,189,47,175,12,22,26,176,193,109,20,67,166,38,139,63,118,48,194,182,198,174,184,115,2,32,72,163,25,51,50,190,10,130,113,156,74,44,138,37,94,173,18,131,110,81,153,101,100,30,134,148,11,97,58,158,43,7,0,62,68,123,6,137,60,54,151,119,187,39,107,55,14,13,111,52,89,75,80,71,162,53,183,69,159,90,164,28,155,73,99,106,136,132,152,49,170,172,86,76,133,85,104,17,8,16,56,21,108,192,40,15,9,33,154,122,179,195,185,127,96,171,141,98,114,64,79,177,27,88,5,186,199,83,59,129,24,95,149,165,181,120,3,169,191,135,34];False
1460;7426;8886;[146,4,144,70,19,87,121,178,161,102,145,84,77,112,93,147,66,157,103,116,65,124,168,31,142,117,167,61,45,188,196,35,78,128,42,57,197,125,29,126,143,160,91,1,150,105,180,41,36,46,140,92,82,23,189,47,175,12,22,26,176,193,109,20,67,166,38,139,63,118,48,194,182,198,174,184,115,2,32,72,163,25,51,50,190,10,130,113,156,74,44,138,37,94,173,18,131,110,81,153,101,100,30,134,148,11,97,58,158,43,7,0,62,68,123,6,137,60,54,151,119,187,39,107,55,14,13,111,52,89,75,80,71,162,53,183,69,159,164,90,28,155,73,99,106,136,132,152,49,170,172,86,76,133,85,104,17,8,16,56,21,108,192,135,15,9,33,154,122,179,195,185,127,96,171,141,98,114,64,79,177,27,88,5,186,199,83,59,129,24,95,149,165,181,120,3,169,191,40,34];False
1463;7419;8882;[146,4,144,70,19,87,121,178,161,102,145,84,77,112,93,147,66,157,103,116,65,124,168,31,142,117,167,61,45,188,196,35,78,128,42,57,197,125,29,126,143,160,91,1,150,105,180,41,36,46,140,92,82,23,189,47,175,12,22,26,176,193,109,20,67,166,38,139,63,118,48,194,182,198,174,184,115,2,32,72,163,25,51,50,190,10,130,113,156,74,44,138,37,94,173,18,131,110,81,153,101,100,30,134,148,11,97,58,158,43,7,0,62,68,123,6,137,60,54,151,119,187,39,107,55,14,13,111,52,89,75,80,71,162,53,183,69,159,164,90,28,155,73,99,106,136,132,152,49,170,172,86,76,133,85,104,17,8,16,56,21,108,192,40,15,9,33,154,122,179,165,185,127,96,171,141,98,114,64,79,177,27,88,5,186,199,83,59,129,24,95,149,195,181,120,3,169,191,135,34];False
1846;7156;9002;[34,4,144,70,19,41,121,178,161,102,112,1,77,182,93,147,66,157,103,116,65,124,168,31,142,117,167,61,45,188,87,35,78,128,42,57,197,125,145,126,143,160,91,84,150,105,180,196,36,46,140,92,82,23,189,195,175,12,22,26,176,193,109,20,67,166,38,139,63,118,48,194,29,198,174,16,115,2,32,72,163,25,51,50,190,10,130,113,156,74,44,138,37,94,173,18,131,110,81,153,80,100,30,134,148,11,97,58,158,43,7,0,181,68,123,6,137,60,54,151,119,187,39,107,55,14,13,111,52,89,75,101,71,162,53,183,69,159,164,90,28,155,73,99,106,136,132,152,49,170,172,86,76,133,85,104,17,8,184,56,21,108,192,40,15,9,33,154,122,179,27,185,127,96,171,141,98,114,64,79,177,47,88,5,186,199,83,59,129,24,95,149,165,62,120,3,169,191,135,146];False
1835;7162;8997;[34,4,144,70,19,41,121,178,161,102,112,84,77,182,93,147,66,157,103,116,65,124,168,31,142,117,167,61,45,188,87,35,78,128,42,57,197,125,145,126,20,160,91,1,150,105,180,196,36,46,140,92,82,23,189,195,175,12,22,26,176,193,109,143,67,166,38,139,63,118,48,194,29,198,174,16,115,2,32,72,163,25,51,50,190,10,130,113,156,74,44,138,37,94,173,18,131,110,81,153,80,100,30,134,148,11,97,58,158,43,7,0,181,68,123,6,137,60,54,151,119,187,39,107,55,14,13,111,52,89,75,101,71,162,53,183,69,159,164,90,28,155,73,99,106,136,132,152,49,170,172,86,76,133,85,104,17,8,184,56,21,108,192,40,15,9,33,154,122,179,27,185,127,96,171,141,98,114,64,79,177,47,88,5,186,199,83,59,129,24,95,149,165,62,120,3,169,191,135,146];False
1838;7157;8995;[34,4,144,70,19,41,121,178,161,102,112,84,77,182,93,147,66,157,103,116,65,124,168,31,142,117,167,61,45,188,87,35,78,128,42,57,197,125,145,126,143,160,91,1,150,105,180,196,36,46,140,92,82,23,189,195,175,12,22,26,176,193,109,20,67,166,38,139,63,118,48,194,29,198,174,16,115,2,32,72,163,25,51,50,190,10,130,113,156,74,44,138,37,94,173,18,131,110,81,153,80,100,30,134,119,11,97,58,158,43,7,0,181,68,123,6,137,60,54,151,148,187,39,107,55,14,13,111,52,89,75,101,71,162,53,183,69,159,164,90,28,155,73,99,106,136,132,152,49,170,172,86,76,133,85,104,17,8,184,56,21,108,192,40,15,9,33,154,122,179,27,185,127,96,171,141,98,114,64,79,177,47,88,5,186,199,83,59,129,24,95,149,165,62,120,3,169,191,135,146];False
1619;7238;8857;[34,4,144,70,19,41,121,178,102,75,182,84,77,112,93,147,66,157,103,116,65,124,168,31,142,117,167,61,45,188,87,35,78,128,42,57,197,125,145,126,143,160,91,1,150,105,180,196,36,46,140,92,82,23,189,195,175,12,22,26,176,193,109,20,67,166,38,139,63,118,48,194,29,198,174,184,115,2,32,72,163,25,51,50,190,10,130,113,156,74,44,138,37,94,173,18,131,110,81,153,101,100,30,134,148,11,97,58,158,43,7,0,181,68,123,6,137,60,54,151,119,187,39,107,55,14,13,111,52,89,161,80,71,162,53,183,69,159,164,90,28,155,73,99,106,136,132,152,49,170,172,86,76,133,85,104,17,8,16,56,21,108,192,40,15,9,33,154,122,179,27,185,127,96,171,141,98,114,64,79,177,47,88,5,186,199,83,59,129,24,95,149,165,62,120,3,169,191,135,146];True
1841;7156;8997;[34,4,144,70,19,41,121,178,161,102,112,84,77,182,93,147,66,157,103,116,65,124,168,31,142,117,167,61,45,188,87,35,78,128,42,57,197,125,145,126,143,160,91,1,150,105,180,196,36,46,140,92,82,23,189,187,175,12,22,26,176,193,109,20,67,166,38,139,63,118,48,194,29,198,174,16,115,2,32,72,163,25,51,50,190,10,130,113,156,74,44,138,37,94,173,18,131,110,81,153,80,100,30,134,119,11,97,58,158,43,7,0,181,68,123,6,137,60,54,151,148,98,39,107,55,14,13,111,52,89,75,101,71,162,53,183,69,159,164,90,28,155,73,99,106,136,132,152,49,170,172,86,76,133,85,104,17,8,184,56,21,108,192,40,15,9,33,154,122,179,195,185,127,96,171,141,47,114,64,79,177,27,88,5,186,199,83,59,129,24,95,149,165,62,120,3,169,191,135,146];False
1780;7174;8954;[34,4,144,70,19,41,121,178,161,115,71,84,77,112,93,147,66,157,103,116,65,124,168,31,142,117,167,61,45,188,87,35,78,128,42,57,197,125,145,126,143,160,91,1,150,105,180,196,36,46,140,92,82,23,189,195,175,12,22,26,176,193,109,20,67,166,38,139,63,118,48,194,29,198,174,16,102,2,32,72,163,25,51,50,190,10,130,113,156,74,44,138,37,94,173,18,131,110,81,153,80,100,30,134,148,11,97,58,158,43,7,0,181,68,123,6,137,60,54,151,119,187,39,107,55,14,13,111,52,89,75,101,182,162,53,183,69,159,164,90,28,155,73,99,106,136,132,152,49,170,172,86,76,133,85,104,17,8,184,56,21,108,192,40,15,9,33,154,122,179,27,185,127,96,171,141,98,114,64,79,177,47,88,5,186,199,83,59,129,24,95,149,165,62,120,3,169,191,135,146];False
1820;7158;8978;[34,4,144,70,19,41,121,178,161,115,182,84,77,112,93,147,66,157,103,116,65,124,168,31,142,117,167,61,45,188,87,35,78,128,42,57,197,125,145,126,143,160,91,1,150,105,180,196,36,46,140,92,82,23,189,195,175,12,22,26,176,193,109,20,67,166,38,139,63,118,48,194,29,198,174,16,102,132,32,72,163,25,51,50,190,10,130,113,156,74,44,138,37,94,173,18,131,110,81,153,80,100,30,134,148,11,97,58,158,43,7,0,181,68,123,6,137,60,54,151,119,187,39,107,55,14,13,111,52,89,75,101,71,162,53,183,69,159,164,90,28,155,73,99,106,136,2,152,49,170,172,86,76,133,85,104,17,8,184,56,21,108,192,40,15,9,33,154,122,179,27,185,127,96,171,141,98,114,64,79,177,47,88,5,186,199,83,59,129,24,95,149,165,62,120,3,169,191,135,146];False
1809;7165;8974;[34,4,144,70,19,41,121,178,161,115,182,1,77,112,93,147,66,157,103,116,65,124,168,31,142,117,167,61,45,188,87,35,78,128,42,57,197,125,145,126,143,160,91,84,150,105,180,196,36,46,140,92,82,23,189,195,175,12,22,26,176,193,109,20,67,166,38,139,63,118,48,194,29,198,174,16,102,132,32,72,163,25,51,50,190,10,130,113,156,74,44,138,37,94,173,18,131,110,81,153,101,100,30,134,148,11,97,58,158,43,7,0,181,68,123,6,137,60,54,151,119,187,39,107,55,14,13,111,52,89,75,80,71,162,53,183,69,159,164,90,28,155,73,99,106,136,2,152,49,170,172,86,76,133,85,104,17,8,184,56,21,108,192,40,15,9,33,154,122,179,27,185,127,96,171,141,98,114,64,79,177,47,88,5,186,199,83,59,129,24,95,149,165,62,120,3,169,191,135,146];False
1462;7410;8872;[34,4,144,70,19,87,121,178,161,102,145,84,77,112,93,147,66,157,103,116,65,124,168,31,142,117,167,61,45,188,196,35,78,128,42,57,197,125,29,126,143,160,91,1,150,105,180,41,36,46,140,92,82,23,189,55,175,12,22,26,176,193,109,20,67,166,38,139,63,118,48,194,182,198,174,184,115,2,32,72,163,25,51,50,190,10,130,113,156,74,44,138,37,94,173,18,131,110,81,153,101,100,30,134,148,11,97,58,158,43,7,0,62,68,123,6,137,60,54,151,119,187,39,107,47,14,13,111,52,89,75,80,71,162,53,183,69,159,164,90,28,155,73,99,106,136,132,152,49,170,172,86,76,133,85,104,17,8,16,56,21,108,192,40,15,9,33,154,122,179,195,185,127,96,171,141,98,114,64,79,177,27,88,5,186,199,83,59,129,24,95,149,165,181,120,3,169,191,135,146];True
1531;7326;8857;[34,4,144,70,19,87,121,178,161,102,145,84,77,112,93,147,66,157,103,116,65,124,168,31,142,117,167,61,45,188,196,35,78,128,42,57,197,125,29,126,143,160,91,1,150,105,180,41,36,46,140,92,82,23,189,98,175,12,22,26,176,193,109,20,67,166,38,139,63,118,48,194,182,198,174,184,115,2,32,72,163,25,51,50,190,10,130,113,156,74,44,138,37,94,173,18,131,110,81,153,101,100,30,134,148,11,97,58,158,43,7,0,62,68,123,6,137,60,54,151,119,187,39,107,55,14,13,111,52,89,75,80,71,162,53,183,69,159,164,90,28,155,73,99,106,136,132,152,49,170,172,86,76,133,85,104,17,8,16,56,21,108,192,40,15,9,33,154,122,179,195,185,127,96,171,141,47,114,64,79,177,27,88,5,186,199,83,59,129,24,95,149,165,181,120,3,169,191,135,146];False
1518;7337;8855;[34,4,144,70,19,87,121,178,161,102,145,84,77,112,93,147,66,157,103,116,65,124,168,31,142,117,167,61,45,188,196,35,78,128,42,57,197,125,29,126,143,160,91,1,150,105,180,41,36,46,140,92,82,23,189,27,175,12,22,26,176,193,109,20,67,166,38,139,63,118,48,194,182,198,174,184,115,2,32,72,163,25,51,50,190,10,130,113,156,74,44,138,37,94,173,18,131,110,81,153,101,100,30,134,148,11,97,58,158,43,7,0,62,68,123,6,137,60,54,151,119,187,39,107,55,14,13,111,52,89,75,80,71,162,53,183,69,159,164,90,28,155,73,99,106,136,132,152,49,170,172,86,76,133,85,104,17,8,16,56,21,108,192,40,15,9,33,154,122,179,195,185,127,96,171,141,98,114,64,79,177,47,88,5,186,199,83,59,129,24,95,149,165,181,120,3,169,191,135,146];False
1517;7322;8839;[34,4,144,70,19,87,121,178,161,102,145,84,77,112,93,147,66,157,103,116,65,124,168,31,142,117,167,61,45,188,196,35,78,128,42,57,197,125,29,126,143,160,91,1,150,105,180,41,36,46,140,92,82,23,189,47,175,12,22,26,176,193,109,20,67,166,38,139,63,118,48,194,182,198,174,184,115,2,32,72,163,25,51,50,190,10,130,113,156,74,44,138,37,94,173,18,131,110,81,153,101,100,30,134,148,11,97,58,158,43,7,0,181,68,123,6,137,60,54,151,119,187,39,107,55,14,13,111,52,89,75,80,71,162,53,183,69,159,164,90,28,155,73,99,106,136,132,152,49,170,172,86,76,133,85,104,17,8,16,56,21,108,192,40,15,9,33,154,122,179,195,185,127,96,171,141,98,114,64,79,177,27,88,5,186,199,83,59,129,24,95,149,165,62,120,3,169,191,135,146];True
1482;7367;8849;[34,4,144,70,19,87,121,178,161,102,145,84,77,112,93,147,66,157,103,116,65,124,168,31,142,117,167,61,45,188,196,35,78,128,42,57,197,125,29,126,143,160,91,1,150,105,180,41,36,46,140,92,82,23,189,47,175,12,22,26,176,193,109,20,67,166,38,139,63,118,48,194,182,198,174,184,115,2,32,72,163,25,51,50,190,10,130,113,156,74,44,138,37,94,173,18,131,110,81,153,101,100,30,134,148,11,97,58,158,43,7,0,62,68,123,6,137,60,54,151,119,187,39,107,55,14,13,111,52,89,75,80,71,162,53,183,69,159,164,90,28,155,73,99,106,136,132,152,49,170,172,86,76,133,85,104,17,8,16,56,21,108,192,40,15,9,33,154,122,179,165,185,127,96,171,141,98,114,64,79,177,27,88,5,186,199,83,59,129,24,95,149,195,181,120,3,169,191,135,146];True
1427;7536;8963;[146,4,144,70,19,87,121,178,161,102,145,84,77,112,93,147,66,157,103,116,65,124,168,31,142,117,167,61,45,188,196,35,78,128,42,57,197,131,29,126,143,160,91,1,150,105,180,41,36,46,140,92,82,23,189,55,175,12,22,26,176,193,109,20,67,166,38,139,63,118,48,194,182,198,174,184,115,2,32,72,163,25,51,50,190,10,130,113,156,74,44,138,37,94,173,18,125,110,81,153,101,100,30,134,148,11,97,58,158,43,7,0,62,68,123,6,137,60,54,151,119,187,39,107,47,14,13,111,52,89,75,80,71,162,53,183,69,159,164,90,28,155,73,99,106,136,132,152,49,170,172,86,76,133,85,104,17,8,16,56,21,108,192,40,15,9,33,154,122,179,195,185,127,96,171,141,98,114,64,79,177,27,88,5,186,199,83,59,129,24,95,149,165,181,120,3,169,191,135,34];False
1429;7524;8953;[146,4,144,70,19,87,121,178,161,102,145,84,77,112,93,147,66,157,103,116,65,124,168,31,142,117,167,61,45,188,196,35,78,128,42,57,197,125,29,126,143,160,91,1,150,105,180,41,36,46,140,92,82,23,189,55,175,12,22,131,176,193,109,20,67,166,38,139,63,118,48,194,182,198,174,184,115,2,32,72,163,25,51,50,190,10,130,113,156,74,44,138,37,94,173,18,26,110,81,153,101,100,30,134,148,11,97,58,158,43,7,0,62,68,123,6,137,60,54,151,119,187,39,107,47,14,13,111,52,89,75,80,71,162,53,183,69,159,164,90,28,155,73,99,106,136,132,152,49,170,172,86,76,133,85,104,17,8,16,56,21,108,192,40,15,9,33,154,122,179,195,185,127,96,171,141,98,114,64,79,177,27,88,5,186,199,83,59,129,24,95,149,165,181,120,3,169,191,135,34];False
1440;7514;8954;[146,4,144,70,19,87,121,178,161,102,145,84,77,112,93,147,66,157,103,116,65,124,168,31,142,117,167,61,45,188,196,35,78,128,42,57,197,125,29,126,143,160,91,1,150,105,180,41,36,46,140,92,82,23,189,55,175,12,22,26,176,193,109,20,67,166,38,139,63,118,48,194,182,198,174,184,115,2,32,72,163,34,51,50,190,10,130,113,156,74,44,138,37,94,173,18,131,110,81,153,101,100,30,134,148,11,97,58,158,43,7,0,62,68,123,6,137,60,54,151,119,187,39,107,47,14,13,111,52,89,75,80,71,162,53,183,69,159,164,90,28,155,73,99,106,136,132,152,49,170,172,86,76,133,85,104,17,8,16,56,21,108,192,40,15,9,33,154,122,179,195,185,127,96,171,141,98,114,64,79,177,27,88,5,186,199,83,59,129,24,95,149,165,181,120,3,169,191,135,25];False
1437;7515;8952;[146,4,144,70,19,87,121,178,161,102,145,84,77,112,93,147,66,157,103,116,65,124,168,31,142,117,167,61,45,188,196,35,78,128,42,57,197,125,29,126,143,160,91,1,150,105,180,41,36,46,140,92,82,23,189,55,175,12,22,26,176,193,109,20,67,166,38,139,63,118,48,194,182,198,174,184,115,2,32,72,163,25,51,50,190,10,130,113,156,74,44,138,37,94,173,18,131,110,81,153,101,100,30,134,148,11,97,58,158,43,7,0,62,68,123,6,137,60,54,151,119,187,39,107,47,14,13,111,52,89,75,80,71,162,53,183,69,159,90,164,28,155,73,99,106,136,132,152,49,170,172,86,76,133,85,104,17,8,16,56,21,108,192,40,15,9,33,154,122,179,195,185,127,96,171,141,98,114,64,79,177,27,88,5,186,199,83,59,129,24,95,149,165,181,120,3,169,191,135,34];False
1434;7498;8932;[146,4,144,70,19,87,121,178,161,102,145,84,77,112,93,147,66,157,103,116,65,124,168,31,142,117,167,61,45,188,196,35,78,128,42,57,197,125,29,126,143,160,91,1,150,105,180,41,36,46,140,92,82,23,189,55,175,12,22,26,176,193,109,20,67,166,38,139,63,118,48,194,182,198,174,184,115,2,32,72,163,25,51,50,190,10,130,113,156,74,44,138,37,94,173,18,131,110,81,153,101,100,30,134,148,11,97,58,158,43,7,0,62,68,123,6,137,60,54,151,119,187,39,107,47,14,13,111,52,89,75,80,71,162,53,183,69,159,164,90,28,155,73,99,106,136,132,152,49,170,172,86,76,133,85,104,17,8,16,56,21,108,192,135,15,9,33,154,122,179,195,185,127,96,171,141,98,114,64,79,177,27,88,5,186,199,83,59,129,24,95,149,165,181,120,3,169,191,40,34];False
1437;7491;8928;[146,4,144,70,19,87,121,178,161,102,145,84,77,112,93,147,66,157,103,116,65,124,168,31,142,117,167,61,45,188,196,35,78,128,42,57,197,125,29,126,143,160,91,1,150,105,180,41,36,46,140,92,82,23,189,55,175,12,22,26,176,193,109,20,67,166,38,139,63,118,48,194,182,198,174,184,115,2,32,72,163,25,51,50,190,10,130,113,156,74,44,138,37,94,173,18,131,110,81,153,101,100,30,134,148,11,97,58,158,43,7,0,62,68,123,6,137,60,54,151,119,187,39,107,47,14,13,111,52,89,75,80,71,162,53,183,69,159,164,90,28,155,73,99,106,136,132,152,49,170,172,86,76,133,85,104,17,8,16,56,21,108,192,40,15,9,33,154,122,179,165,185,127,96,171,141,98,114,64,79,177,27,88,5,186,199,83,59,129,24,95,149,195,181,120,3,169,191,135,34];False
1447;7424;8871;[146,4,144,70,19,87,121,178,161,102,145,84,77,112,93,147,66,157,103,116,65,124,168,31,142,117,167,61,45,188,196,35,78,128,42,57,197,125,29,126,143,160,91,1,150,105,180,41,36,46,140,92,82,23,189,47,175,12,22,26,176,193,109,20,67,166,38,139,63,118,48,194,182,198,174,184,115,2,32,72,163,25,51,50,190,10,130,113,156,74,44,138,37,94,173,18,131,110,81,153,101,100,30,134,148,11,97,58,158,43,7,0,62,68,123,6,137,60,54,151,119,187,39,107,135,14,13,111,52,89,75,80,71,162,53,183,69,159,164,90,28,155,73,99,106,136,132,152,49,170,172,86,76,133,85,104,17,8,16,56,21,108,192,55,15,9,33,154,122,179,195,185,127,96,171,141,98,114,64,79,177,27,88,5,186,199,83,59,129,24,95,149,165,181,120,3,169,191,40,34];True
1590;7254;8844;[34,4,144,70,19,41,121,178,102,75,182,84,77,112,93,147,66,157,103,116,65,124,168,31,142,117,167,61,45,188,87,35,78,128,42,57,197,125,145,126,143,160,91,1,150,105,180,196,36,46,140,92,82,23,189,195,175,12,22,26,176,193,109,20,67,166,38,139,63,118,48,194,29,198,174,184,115,2,32,72,163,25,51,50,190,10,130,113,156,74,44,138,37,94,173,18,131,110,81,153,101,100,30,134,148,11,97,58,158,43,7,0,62,68,123,6,137,60,54,151,119,187,39,107,55,14,13,111,52,89,161,80,71,162,53,183,69,159,164,90,28,155,73,99,106,136,132,152,49,170,172,86,76,133,85,104,17,8,16,56,21,108,192,40,15,9,33,154,122,179,27,185,127,96,171,141,98,114,64,79,177,47,88,5,186,199,83,59,129,24,95,149,165,181,120,3,169,191,135,146];True
1749;7183;8932;[34,4,144,70,19,41,121,178,161,115,71,84,77,112,93,147,66,157,103,116,65,124,168,31,142,117,167,61,45,188,87,35,78,128,42,57,182,125,145,126,143,160,91,1,150,105,180,196,36,46,140,92,82,23,189,195,175,12,22,26,176,193,109,20,67,166,38,139,63,118,48,194,29,198,174,16,102,2,32,72,163,25,51,50,190,10,130,113,156,74,44,138,37,94,173,18,131,110,81,153,80,100,30,134,148,11,97,58,158,43,7,0,181,68,123,6,137,60,54,151,119,187,39,107,55,14,13,111,52,89,75,101,197,162,53,183,69,159,164,90,28,155,73,99,106,136,132,152,49,170,172,86,76,133,85,104,17,8,184,56,21,108,192,40,15,9,33,154,122,179,27,185,127,96,171,141,98,114,64,79,177,47,88,5,186,199,83,59,129,24,95,149,165,62,120,3,169,191,135,146];False
1839;7151;8990;[34,4,144,70,19,41,121,178,161,115,71,84,77,112,93,147,66,157,103,116,65,124,168,31,142,117,167,61,45,188,87,35,78,128,42,57,197,125,145,126,143,160,91,1,150,105,180,196,36,46,140,92,82,23,189,195,175,12,22,26,176,193,109,20,67,166,38,139,63,118,48,194,29,198,174,16,102,132,32,72,163,25,51,50,190,10,130,113,156,74,44,138,37,94,173,18,131,110,81,153,80,100,30,134,148,11,97,58,158,43,7,0,181,68,123,6,137,60,54,151,119,187,39,107,55,14,13,111,52,89,75,101,182,162,53,183,69,159,164,90,28,155,73,99,106,136,2,152,49,170,172,86,76,133,85,104,17,8,184,56,21,108,192,40,15,9,33,154,122,179,27,185,127,96,171,141,98,114,64,79,177,47,88,5,186,199,83,59,129,24,95,149,165,62,120,3,169,191,135,146];False
1463;7406;8869;[34,4,144,70,19,87,121,178,161,102,145,84,77,112,93,147,66,157,103,116,65,124,168,31,142,117,167,61,45,188,196,35,78,128,42,57,197,125,29,126,143,160,91,1,150,105,180,41,36,46,140,92,82,23,189,47,175,12,22,26,176,193,109,20,67,166,38,139,63,118,48,194,182,198,174,184,115,2,32,72,163,25,51,50,190,195,130,113,156,74,44,138,37,94,173,18,131,110,81,153,101,100,30,134,148,11,97,58,158,43,7,0,62,68,123,6,137,60,54,151,119,187,39,107,55,14,13,111,52,89,75,80,71,162,53,183,69,159,164,90,28,155,73,99,106,136,132,152,49,170,172,86,76,133,85,104,17,8,16,56,21,108,192,40,15,9,33,154,122,179,165,185,127,96,171,141,98,114,64,79,177,27,88,5,186,199,83,59,129,24,95,149,10,181,120,3,169,191,135,146];True
1423;7540;8963;[146,4,144,70,19,87,121,178,161,102,145,84,77,112,93,147,66,157,103,116,65,124,168,31,142,117,167,61,45,188,196,35,78,128,42,57,197,131,191,126,143,160,91,1,150,105,180,41,36,46,140,92,82,23,189,55,175,12,22,26,176,193,109,20,67,166,38,139,63,118,48,194,182,198,174,184,115,2,32,72,163,25,51,50,190,10,130,113,156,74,44,138,37,94,173,18,125,110,81,153,101,100,30,134,148,11,97,58,158,43,7,0,62,68,123,6,137,60,54,151,119,187,39,107,47,14,13,111,52,89,75,80,71,162,53,183,69,159,164,90,28,155,73,99,106,136,132,152,49,170,172,86,76,133,85,104,17,8,16,56,21,108,192,40,15,9,33,154,122,179,195,185,127,96,171,141,98,114,64,79,177,27,88,5,186,199,83,59,129,24,95,149,165,181,120,3,169,29,135,34];False
1427;7522;8949;[146,4,144,70,19,87,121,178,161,102,145,84,77,112,93,147,66,157,103,116,65,124,168,31,142,117,167,61,45,188,196,35,78,128,42,57,197,131,29,126,143,160,91,1,150,105,180,41,36,46,140,92,82,23,189,55,175,12,22,26,176,193,109,20,67,166,38,139,63,118,48,194,182,198,174,184,115,125,32,72,163,25,51,50,190,10,130,113,156,74,44,138,37,94,173,18,2,110,81,153,101,100,30,134,148,11,97,58,158,43,7,0,62,68,123,6,137,60,54,151,119,187,39,107,47,14,13,111,52,89,75,80,71,162,53,183,69,159,164,90,28,155,73,99,106,136,132,152,49,170,172,86,76,133,85,104,17,8,16,56,21,108,192,40,15,9,33,154,122,179,195,185,127,96,171,141,98,114,64,79,177,27,88,5,186,199,83,59,129,24,95,149,165,181,120,3,169,191,135,34];False
1420;7560;8980;[146,4,144,70,19,87,121,178,161,102,145,84,77,112,93,147,66,157,103,116,65,124,168,31,142,117,167,61,45,188,196,35,78,128,42,57,197,125,29,126,143,160,91,1,150,105,180,41,36,46,140,92,82,23,189,55,175,12,22,131,176,193,109,20,67,166,38,139,63,118,48,194,182,198,174,184,115,2,32,72,163,25,51,50,190,10,130,113,156,74,44,138,37,94,173,18,26,110,81,153,101,100,30,134,148,11,97,58,158,43,7,0,62,68,123,6,137,60,54,151,119,187,39,107,47,14,13,111,52,89,75,80,71,162,53,183,69,159,164,90,28,155,73,99,106,136,132,152,49,170,172,86,76,133,85,104,17,8,16,56,21,108,192,135,15,9,33,154,122,179,195,185,127,96,171,141,98,114,64,79,177,27,88,5,186,199,83,59,129,24,95,149,165,181,120,3,169,191,40,34];False
1442;7486;8928;[146,4,144,70,19,87,121,178,161,102,145,84,77,112,93,147,66,157,103,116,65,124,168,31,142,117,167,61,45,188,196,35,78,128,42,57,197,125,29,126,143,160,91,1,150,105,180,41,36,46,140,92,82,23,189,55,175,12,22,26,176,193,109,20,67,166,38,34,63,118,48,194,182,198,174,184,115,2,32,72,163,25,51,50,190,10,130,113,156,74,44,138,37,94,173,18,131,110,81,153,101,100,30,134,148,11,97,58,158,43,7,0,62,68,123,6,137,60,54,151,119,187,39,107,47,14,13,111,52,89,75,80,71,162,53,183,69,159,164,90,28,155,73,99,106,136,132,152,49,170,172,86,76,133,85,104,17,8,16,56,21,108,192,135,15,9,33,154,122,179,195,185,127,96,171,141,98,114,64,79,177,27,88,5,186,199,83,59,129,24,95,149,165,181,120,3,169,191,40,139];False
1418;7530;8948;[146,4,144,70,19,87,121,178,161,102,145,84,77,112,93,147,66,157,103,116,65,124,168,31,142,117,167,61,45,188,196,35,78,128,42,57,197,125,29,126,143,160,91,1,150,105,180,41,36,46,140,92,82,23,189,55,175,12,22,26,176,193,109,20,67,166,38,139,63,118,48,194,182,198,174,184,115,2,32,72,163,25,51,50,190,195,130,113,156,74,44,138,37,94,173,18,131,110,81,153,101,100,30,134,148,11,97,58,158,43,7,0,62,68,123,6,137,60,54,151,119,187,39,107,47,14,13,111,52,89,75,80,71,162,53,183,69,159,164,90,28,155,73,99,106,136,132,152,49,170,172,86,76,133,85,104,17,8,16,56,21,108,192,40,15,9,33,154,122,179,165,185,127,96,171,141,98,114,64,79,177,27,88,5,186,199,83,59,129,24,95,149,10,181,120,3,169,191,135,34];False
1456;7420;8876;[146,4,144,70,19,87,121,178,161,102,145,84,77,112,34,147,66,157,103,116,65,124,168,31,142,117,167,61,45,188,196,35,78,128,42,57,197,125,29,126,143,160,91,1,150,105,180,41,36,46,140,92,82,23,189,47,175,12,22,26,176,193,109,20,67,166,38,139,63,118,48,194,182,198,174,184,115,2,32,72,163,25,51,50,190,10,130,113,156,74,44,138,37,94,173,18,131,110,81,153,101,100,30,134,148,11,97,58,158,43,7,0,62,68,123,6,137,60,54,151,119,187,39,107,135,14,13,111,52,89,75,80,71,162,53,183,69,159,164,90,28,155,73,99,106,136,132,152,49,170,172,86,76,133,85,104,17,8,16,56,21,108,192,55,15,9,33,154,122,179,195,185,127,96,171,141,98,114,64,79,177,27,88,5,186,199,83,59,129,24,95,149,165,181,120,3,169,191,40,93];False
1431;7498;8929;[146,4,144,70,19,87,121,178,161,102,145,84,77,112,93,147,66,157,103,116,65,124,168,31,142,117,167,61,45,188,196,35,78,128,42,57,197,131,29,126,143,160,91,1,150,105,180,41,36,46,140,92,82,23,189,47,175,12,22,26,176,193,109,20,67,166,38,139,63,118,48,194,182,198,174,184,115,2,32,72,163,25,51,50,190,10,130,113,156,74,44,138,37,94,173,18,125,110,81,153,101,100,30,134,148,11,97,58,158,43,7,0,62,68,123,6,137,60,54,151,119,187,39,107,135,14,13,111,52,89,75,80,71,162,53,183,69,159,164,90,28,155,73,99,106,136,132,152,49,170,172,86,76,133,85,104,17,8,16,56,21,108,192,55,15,9,33,154,122,179,195,185,127,96,171,141,98,114,64,79,177,27,88,5,186,199,83,59,129,24,95,149,165,181,120,3,169,191,40,34];False
1433;7486;8919;[146,4,144,70,19,87,121,178,161,102,145,84,77,112,93,147,66,157,103,116,65,124,168,31,142,117,167,61,45,188,196,35,78,128,42,57,197,125,29,126,143,160,91,1,150,105,180,41,36,46,140,92,82,23,189,47,175,12,22,131,176,193,109,20,67,166,38,139,63,118,48,194,182,198,174,184,115,2,32,72,163,25,51,50,190,10,130,113,156,74,44,138,37,94,173,18,26,110,81,153,101,100,30,134,148,11,97,58,158,43,7,0,62,68,123,6,137,60,54,151,119,187,39,107,135,14,13,111,52,89,75,80,71,162,53,183,69,159,164,90,28,155,73,99,106,136,132,152,49,170,172,86,76,133,85,104,17,8,16,56,21,108,192,55,15,9,33,154,122,179,195,185,127,96,171,141,98,114,64,79,177,27,88,5,186,199,83,59,129,24,95,149,165,181,120,3,169,191,40,34];False
1455;7412;8867;[146,4,144,70,19,87,121,178,161,102,145,84,77,112,93,147,66,157,103,116,65,124,168,31,142,117,167,61,45,188,196,35,78,128,42,57,197,125,29,126,143,160,91,1,150,105,180,41,36,46,140,92,82,23,189,47,175,12,22,26,176,193,109,20,67,166,38,34,63,118,48,194,182,198,174,184,115,2,32,72,163,25,51,50,190,10,130,113,156,74,44,138,37,94,173,18,131,110,81,153,101,100,30,134,148,11,97,58,158,43,7,0,62,68,123,6,137,60,54,151,119,187,39,107,135,14,13,111,52,89,75,80,71,162,53,183,69,159,164,90,28,155,73,99,106,136,132,152,49,170,172,86,76,133,85,104,17,8,16,56,21,108,192,55,15,9,33,154,122,179,195,185,127,96,171,141,98,114,64,79,177,27,88,5,186,199,83,59,129,24,95,149,165,181,120,3,169,191,40,139];True
1441;7477;8918;[146,4,144,70,19,87,121,178,161,102,145,84,77,112,93,147,66,157,103,116,65,124,168,31,142,117,167,61,45,188,196,35,78,128,42,57,197,125,29,126,143,160,91,1,150,105,180,41,36,46,140,92,82,23,189,47,175,12,22,26,176,193,109,20,67,166,38,139,63,118,48,194,182,198,174,184,115,2,32,72,163,25,51,50,190,10,130,113,156,74,44,138,37,94,173,18,131,110,81,153,101,100,30,134,148,11,97,58,158,43,7,0,62,68,123,6,137,60,54,151,119,187,39,107,135,14,13,111,52,89,75,80,71,162,53,183,69,159,90,164,28,155,73,99,106,136,132,152,49,170,172,86,76,133,85,104,17,8,16,56,21,108,192,55,15,9,33,154,122,179,195,185,127,96,171,141,98,114,64,79,177,27,88,5,186,199,83,59,129,24,95,149,165,181,120,3,169,191,40,34];False
1441;7453;8894;[146,4,144,70,19,87,121,178,161,102,145,84,77,112,93,147,66,157,103,116,65,124,168,31,142,117,167,61,45,188,196,35,78,128,42,57,197,125,29,126,143,160,91,1,150,105,180,41,36,46,140,92,82,23,189,47,175,12,22,26,176,193,109,20,67,166,38,139,63,118,48,194,182,198,174,184,115,2,32,72,163,25,51,50,190,10,130,113,156,74,44,138,37,94,173,18,131,110,81,153,101,100,30,134,148,11,97,58,158,43,7,0,62,68,123,6,137,60,54,151,119,187,39,107,135,14,13,111,52,89,75,80,71,162,53,183,69,159,164,90,28,155,73,99,106,136,132,152,49,170,172,86,76,133,85,104,17,8,16,56,21,108,192,55,15,9,33,154,122,179,165,185,127,96,171,141,98,114,64,79,177,27,88,5,186,199,83,59,129,24,95,149,195,181,120,3,169,191,40,34];False
1717;7189;8906;[34,4,144,70,19,41,121,178,161,115,71,84,77,112,93,147,66,157,103,116,65,124,168,31,142,117,167,61,45,188,87,35,78,128,42,47,182,125,145,126,143,160,91,1,150,105,180,196,36,46,140,92,82,23,189,195,175,12,22,26,176,193,109,20,67,166,38,139,63,118,48,194,29,198,174,16,102,2,32,72,163,25,51,50,190,10,130,113,156,74,44,138,37,94,173,18,131,110,81,153,80,100,30,134,148,11,97,58,158,43,7,0,181,68,123,6,137,60,54,151,119,187,39,107,55,14,13,111,52,89,75,101,197,162,53,183,69,159,164,90,28,155,73,99,106,136,132,152,49,170,172,86,76,133,85,104,17,8,184,56,21,108,192,40,15,9,33,154,122,179,27,185,127,96,171,141,98,114,64,79,177,57,88,5,186,199,83,59,129,24,95,149,165,62,120,3,169,191,135,146];True
1736;7188;8924;[34,4,144,70,19,41,121,178,161,115,71,84,77,112,93,147,66,157,103,116,65,124,168,31,142,117,167,61,45,188,87,35,78,128,42,57,195,125,145,126,143,160,91,1,150,105,180,196,36,46,140,92,82,23,189,182,175,12,22,26,176,193,109,20,67,166,38,139,63,118,48,194,29,198,174,16,102,2,32,72,163,25,51,50,190,10,130,113,156,74,44,138,37,94,173,18,131,110,81,153,80,100,30,134,148,11,97,58,158,43,7,0,181,68,123,6,137,60,54,151,119,187,39,107,55,14,13,111,52,89,75,101,197,162,53,183,69,159,164,90,28,155,73,99,106,136,132,152,49,170,172,86,76,133,85,104,17,8,184,56,21,108,192,40,15,9,33,154,122,179,27,185,127,96,171,141,98,114,64,79,177,47,88,5,186,199,83,59,129,24,95,149,165,62,120,3,169,191,135,146];False
1808;7160;8968;[34,4,144,70,19,41,121,178,161,115,71,84,77,112,93,147,66,157,103,116,65,124,168,31,142,117,167,61,45,188,87,35,78,128,42,57,182,125,145,126,143,160,91,1,150,105,180,196,36,46,140,92,82,23,189,195,175,12,22,26,176,193,109,20,67,166,38,139,63,118,48,194,29,198,174,16,102,132,32,72,163,25,51,50,190,10,130,113,156,74,44,138,37,94,173,18,131,110,81,153,80,100,30,134,148,11,97,58,158,43,7,0,181,68,123,6,137,60,54,151,119,187,39,107,55,14,13,111,52,89,75,101,197,162,53,183,69,159,164,90,28,155,73,99,106,136,2,152,49,170,172,86,76,133,85,104,17,8,184,56,21,108,192,40,15,9,33,154,122,179,27,185,127,96,171,141,98,114,64,79,177,47,88,5,186,199,83,59,129,24,95,149,165,62,120,3,169,191,135,146];True
1793;7172;8965;[34,4,144,70,19,41,121,178,161,115,71,84,77,112,93,147,66,157,103,116,65,124,168,31,142,117,167,61,45,188,87,35,78,128,42,57,182,125,145,126,143,160,91,1,150,105,180,196,36,46,140,92,82,23,189,195,175,12,22,26,176,193,109,20,67,166,38,139,63,118,48,194,29,198,174,16,102,2,32,72,163,25,51,50,190,10,130,113,156,74,44,138,37,94,173,18,131,110,81,153,80,100,30,134,119,11,97,58,158,43,7,0,181,68,123,6,137,60,54,151,148,187,39,107,55,14,13,111,52,89,75,101,197,162,53,183,69,159,164,90,28,155,73,99,106,136,132,152,49,170,172,86,76,133,85,104,17,8,184,56,21,108,192,40,15,9,33,154,122,179,27,185,127,96,171,141,98,114,64,79,177,47,88,5,186,199,83,59,129,24,95,149,165,62,120,3,169,191,135,146];False
1437;7478;8915;[34,4,144,70,19,87,121,178,161,102,145,84,77,112,93,147,66,157,103,116,65,124,168,31,142,117,167,61,45,188,196,35,78,128,42,57,197,125,29,126,143,160,91,1,150,105,180,41,36,46,140,92,82,23,189,55,175,12,22,26,176,193,109,20,67,166,38,139,63,118,48,194,182,198,174,184,115,2,32,72,163,25,51,50,190,195,130,113,156,74,44,138,37,94,173,18,131,110,81,153,101,100,30,134,148,11,97,58,158,43,7,0,62,68,123,6,137,60,54,151,119,187,39,107,47,14,13,111,52,89,75,80,71,162,53,183,69,159,164,90,28,155,73,99,106,136,132,152,49,170,172,86,76,133,85,104,17,8,16,56,21,108,192,40,15,9,33,154,122,179,165,185,127,96,171,141,98,114,64,79,177,27,88,5,186,199,83,59,129,24,95,149,10,181,120,3,169,191,135,146];False
1423;7526;8949;[146,4,144,70,19,87,121,178,161,102,145,84,77,112,93,147,66,157,103,116,65,124,168,31,142,117,167,61,45,188,196,35,78,128,42,57,197,131,191,126,143,160,91,1,150,105,180,41,36,46,140,92,82,23,189,55,175,12,22,26,176,193,109,20,67,166,38,139,63,118,48,194,182,198,174,184,115,125,32,72,163,25,51,50,190,10,130,113,156,74,44,138,37,94,173,18,2,110,81,153,101,100,30,134,148,11,97,58,158,43,7,0,62,68,123,6,137,60,54,151,119,187,39,107,47,14,13,111,52,89,75,80,71,162,53,183,69,159,164,90,28,155,73,99,106,136,132,152,49,170,172,86,76,133,85,104,17,8,16,56,21,108,192,40,15,9,33,154,122,179,195,185,127,96,171,141,98,114,64,79,177,27,88,5,186,199,83,59,129,24,95,149,165,181,120,3,169,29,135,34];False
1404;7592;8996;[146,4,144,70,19,87,121,178,161,102,145,84,77,112,93,147,66,157,103,116,65,124,168,31,142,117,167,61,45,188,196,35,78,128,42,57,197,125,29,126,143,160,91,1,150,105,180,41,36,46,140,92,82,23,189,55,175,12,22,131,176,193,109,20,67,166,38,139,63,118,48,194,182,198,174,184,115,2,32,72,163,25,51,50,190,195,130,113,156,74,44,138,37,94,173,18,26,110,81,153,101,100,30,134,148,11,97,58,158,43,7,0,62,68,123,6,137,60,54,151,119,187,39,107,47,14,13,111,52,89,75,80,71,162,53,183,69,159,164,90,28,155,73,99,106,136,132,152,49,170,172,86,76,133,85,104,17,8,16,56,21,108,192,40,15,9,33,154,122,179,165,185,127,96,171,141,98,114,64,79,177,27,88,5,186,199,83,59,129,24,95,149,10,181,120,3,169,191,135,34];False
1409;7566;8975;[146,4,144,70,19,87,121,178,161,102,145,84,77,112,93,147,66,157,103,116,65,124,168,31,142,117,167,61,45,188,196,35,78,128,42,57,197,125,29,126,143,160,91,1,150,105,180,41,36,46,140,92,82,23,189,55,175,12,22,26,176,193,109,20,67,166,38,139,63,118,48,194,182,198,174,184,115,2,32,72,163,25,51,50,190,195,130,113,156,74,44,138,37,94,173,18,131,110,81,153,101,100,30,134,148,11,97,58,158,43,7,0,62,68,123,6,137,60,54,151,119,187,39,107,47,14,13,111,52,89,75,80,71,162,53,183,69,159,164,90,28,155,73,99,106,136,132,152,49,170,172,86,76,133,85,104,17,8,16,56,21,108,192,135,15,9,33,154,122,179,165,185,127,96,171,141,98,114,64,79,177,27,88,5,186,199,83,59,129,24,95,149,10,181,120,3,169,191,40,34];False
1431;7484;8915;[146,4,144,70,19,87,121,178,161,102,145,84,77,112,93,147,66,157,103,116,65,124,168,31,142,117,167,61,45,188,196,35,78,128,42,57,197,131,29,126,143,160,91,1,150,105,180,41,36,46,140,92,82,23,189,47,175,12,22,26,176,193,109,20,67,166,38,139,63,118,48,194,182,198,174,184,115,125,32,72,163,25,51,50,190,10,130,113,156,74,44,138,37,94,173,18,2,110,81,153,101,100,30,134,148,11,97,58,158,43,7,0,62,68,123,6,137,60,54,151,119,187,39,107,135,14,13,111,52,89,75,80,71,162,53,183,69,159,164,90,28,155,73,99,106,136,132,152,49,170,172,86,76,133,85,104,17,8,16,56,21,108,192,55,15,9,33,154,122,179,195,185,127,96,171,141,98,114,64,79,177,27,88,5,186,199,83,59,129,24,95,149,165,181,120,3,169,191,40,34];False
1427;7515;8942;[146,4,144,70,19,87,121,178,161,102,145,84,77,112,93,147,66,157,103,116,65,124,168,31,142,117,167,61,45,188,196,35,78,128,42,57,197,125,29,126,143,160,91,1,150,105,180,41,36,46,140,92,82,23,189,47,175,12,22,131,176,193,109,20,67,166,38,139,63,118,48,194,182,198,174,184,115,2,32,72,163,25,51,50,190,10,130,113,156,74,44,138,37,94,173,18,26,110,81,153,101,100,30,134,148,11,97,58,158,43,7,0,62,68,123,6,137,60,54,151,119,187,39,107,135,14,13,111,52,89,75,80,71,162,53,183,69,159,164,90,28,155,73,99,106,136,132,152,49,170,172,86,76,133,85,104,17,8,16,56,21,108,192,55,15,9,33,154,122,179,165,185,127,96,171,141,98,114,64,79,177,27,88,5,186,199,83,59,129,24,95,149,195,181,120,3,169,191,40,34];False
1422;7492;8914;[146,4,144,70,19,87,121,178,161,102,145,84,77,112,93,147,66,157,103,116,65,124,168,31,142,117,167,61,45,188,196,35,78,128,42,57,197,125,29,126,143,160,91,1,150,105,180,41,36,46,140,92,82,23,189,47,175,12,22,26,176,193,109,20,67,166,38,139,63,118,48,194,182,198,174,184,115,2,32,72,163,25,51,50,190,195,130,113,156,74,44,138,37,94,173,18,131,110,81,153,101,100,30,134,148,11,97,58,158,43,7,0,62,68,123,6,137,60,54,151,119,187,39,107,135,14,13,111,52,89,75,80,71,162,53,183,69,159,164,90,28,155,73,99,106,136,132,152,49,170,172,86,76,133,85,104,17,8,16,56,21,108,192,55,15,9,33,154,122,179,165,185,127,96,171,141,98,114,64,79,177,27,88,5,186,199,83,59,129,24,95,149,10,181,120,3,169,191,40,34];False
1734;7185;8919;[34,4,144,70,19,41,121,178,161,115,71,84,77,112,93,147,66,157,103,116,65,124,168,31,142,117,167,61,45,188,87,35,78,128,42,47,57,125,145,126,143,160,91,1,150,105,180,196,36,46,140,92,82,23,189,195,175,12,22,26,176,193,109,20,67,166,38,139,63,118,48,194,29,198,174,16,102,2,32,72,163,25,51,50,190,10,130,113,156,74,44,138,37,94,173,18,131,110,81,153,80,100,30,134,148,11,97,58,158,43,7,0,181,68,123,6,137,60,54,151,119,187,39,107,55,14,13,111,52,89,75,101,197,162,53,183,69,159,164,90,28,155,73,99,106,136,132,152,49,170,172,86,76,133,85,104,17,8,184,56,21,108,192,40,15,9,33,154,122,179,27,185,127,96,171,141,98,114,64,79,177,182,88,5,186,199,83,59,129,24,95,149,165,62,120,3,169,191,135,146];True
1776;7166;8942;[34,4,144,70,19,41,121,178,161,115,71,84,77,112,93,147,66,157,103,116,65,124,168,31,142,117,167,61,45,188,87,35,78,128,42,47,182,125,145,126,143,160,91,1,150,105,180,196,36,46,140,92,82,23,189,195,175,12,22,26,176,193,109,20,67,166,38,139,63,118,48,194,29,198,174,16,102,132,32,72,163,25,51,50,190,10,130,113,156,74,44,138,37,94,173,18,131,110,81,153,80,100,30,134,148,11,97,58,158,43,7,0,181,68,123,6,137,60,54,151,119,187,39,107,55,14,13,111,52,89,75,101,197,162,53,183,69,159,164,90,28,155,73,99,106,136,2,152,49,170,172,86,76,133,85,104,17,8,184,56,21,108,192,40,15,9,33,154,122,179,27,185,127,96,171,141,98,114,64,79,177,57,88,5,186,199,83,59,129,24,95,149,165,62,120,3,169,191,135,146];True
1761;7178;8939;[34,4,144,70,19,41,121,178,161,115,71,84,77,112,93,147,66,157,103,116,65,124,168,31,142,117,167,61,45,188,87,35,78,128,42,47,182,125,145,126,143,160,91,1,150,105,180,196,36,46,140,92,82,23,189,195,175,12,22,26,176,193,109,20,67,166,38,139,63,118,48,194,29,198,174,16,102,2,32,72,163,25,51,50,190,10,130,113,156,74,44,138,37,94,173,18,131,110,81,153,80,100,30,134,119,11,97,58,158,43,7,0,181,68,123,6,137,60,54,151,148,187,39,107,55,14,13,111,52,89,75,101,197,162,53,183,69,159,164,90,28,155,73,99,106,136,132,152,49,170,172,86,76,133,85,104,17,8,184,56,21,108,192,40,15,9,33,154,122,179,27,185,127,96,171,141,98,114,64,79,177,57,88,5,186,199,83,59,129,24,95,149,165,62,120,3,169,191,135,146];True
1688;7205;8893;[34,4,144,70,19,41,121,178,161,115,71,84,77,112,93,147,66,157,103,116,65,124,168,31,142,117,167,61,45,188,87,35,78,128,42,47,182,125,145,126,143,160,91,1,150,105,180,196,36,46,140,92,82,23,189,195,175,12,22,26,176,193,109,20,67,166,38,139,63,118,48,194,29,198,174,16,102,2,32,72,163,25,51,50,190,10,130,113,156,74,44,138,37,94,173,18,131,110,81,153,80,100,30,134,148,11,97,58,158,43,7,0,62,68,123,6,137,60,54,151,119,187,39,107,55,14,13,111,52,89,75,101,197,162,53,183,69,159,164,90,28,155,73,99,106,136,132,152,49,170,172,86,76,133,85,104,17,8,184,56,21,108,192,40,15,9,33,154,122,179,27,185,127,96,171,141,98,114,64,79,177,57,88,5,186,199,83,59,129,24,95,149,165,181,120,3,169,191,135,146];True
1795;7165;8960;[34,4,144,70,19,41,121,178,161,115,71,84,77,112,93,147,66,157,103,116,65,124,168,31,142,117,167,61,45,188,87,35,78,128,42,57,195,125,145,126,143,160,91,1,150,105,180,196,36,46,140,92,82,23,189,182,175,12,22,26,176,193,109,20,67,166,38,139,63,118,48,194,29,198,174,16,102,132,32,72,163,25,51,50,190,10,130,113,156,74,44,138,37,94,173,18,131,110,81,153,80,100,30,134,148,11,97,58,158,43,7,0,181,68,123,6,137,60,54,151,119,187,39,107,55,14,13,111,52,89,75,101,197,162,53,183,69,159,164,90,28,155,73,99,106,136,2,152,49,170,172,86,76,133,85,104,17,8,184,56,21,108,192,40,15,9,33,154,122,179,27,185,127,96,171,141,98,114,64,79,177,47,88,5,186,199,83,59,129,24,95,149,165,62,120,3,169,191,135,146];False
1831;7156;8987;[34,4,144,70,19,41,121,178,161,115,71,84,77,112,93,147,66,157,103,116,65,124,168,31,142,117,167,61,45,188,87,35,78,128,42,57,25,125,145,126,143,160,91,1,150,105,180,196,36,46,140,92,82,23,189,195,175,12,22,26,176,193,109,20,67,166,38,139,63,118,48,194,29,198,174,16,102,132,32,72,163,182,51,50,190,10,130,113,156,74,44,138,37,94,173,18,131,110,81,153,80,100,30,134,148,11,97,58,158,43,7,0,181,68,123,6,137,60,54,151,119,187,39,107,55,14,13,111,52,89,75,101,197,162,53,183,69,159,164,90,28,155,73,99,106,136,2,152,49,170,172,86,76,133,85,104,17,8,184,56,21,108,192,40,15,9,33,154,122,179,27,185,127,96,171,141,98,114,64,79,177,47,88,5,186,199,83,59,129,24,95,149,165,62,120,3,169,191,135,146];False
1852;7149;9001;[34,4,144,70,19,41,121,178,161,115,71,84,77,112,93,147,66,157,103,116,65,124,168,31,142,117,167,61,45,188,87,35,78,128,42,57,182,125,145,126,143,160,91,1,150,105,180,196,36,46,140,92,82,23,189,195,175,12,22,26,176,193,109,20,67,166,38,139,63,118,48,194,29,198,174,16,102,132,32,72,163,25,51,50,190,10,130,113,156,74,44,138,37,94,173,18,131,110,81,153,80,100,30,134,119,11,97,58,158,43,7,0,181,68,123,6,137,60,54,151,148,187,39,107,55,14,13,111,52,89,75,101,197,162,53,183,69,159,164,90,28,155,73,99,106,136,2,152,49,170,172,86,76,133,85,104,17,8,184,56,21,108,192,40,15,9,33,154,122,179,27,185,127,96,171,141,98,114,64,79,177,47,88,5,186,199,83,59,129,24,95,149,165,62,120,3,169,191,135,146];False
1395;7628;9023;[146,4,144,70,19,87,121,178,161,102,145,84,77,112,93,147,66,157,103,116,65,124,168,31,142,117,167,61,45,188,196,35,78,128,42,57,197,125,29,126,143,160,91,1,150,105,180,41,36,46,140,92,82,23,189,55,175,12,22,131,176,193,109,20,67,166,38,139,63,118,48,194,182,198,174,184,115,2,32,72,163,25,51,50,190,195,130,113,156,74,44,138,37,94,173,18,26,110,81,153,101,100,30,134,148,11,97,58,158,43,7,0,62,68,123,6,137,60,54,151,119,187,39,107,47,14,13,111,52,89,75,80,71,162,53,183,69,159,164,90,28,155,73,99,106,136,132,152,49,170,172,86,76,133,85,104,17,8,16,56,21,108,192,135,15,9,33,154,122,179,165,185,127,96,171,141,98,114,64,79,177,27,88,5,186,199,83,59,129,24,95,149,10,181,120,3,169,191,40,34];False
1417;7554;8971;[146,4,144,70,19,87,121,178,161,102,145,84,77,112,93,147,66,157,103,116,65,124,168,31,142,117,167,61,45,188,196,35,78,128,42,57,197,125,29,126,143,160,91,1,150,105,180,41,36,46,140,92,82,23,189,55,175,12,22,26,176,193,109,20,67,166,38,34,63,118,48,194,182,198,174,184,115,2,32,72,163,25,51,50,190,195,130,113,156,74,44,138,37,94,173,18,131,110,81,153,101,100,30,134,148,11,97,58,158,43,7,0,62,68,123,6,137,60,54,151,119,187,39,107,47,14,13,111,52,89,75,80,71,162,53,183,69,159,164,90,28,155,73,99,106,136,132,152,49,170,172,86,76,133,85,104,17,8,16,56,21,108,192,135,15,9,33,154,122,179,165,185,127,96,171,141,98,114,64,79,177,27,88,5,186,199,83,59,129,24,95,149,10,181,120,3,169,191,40,139];False
1439;7472;8911;[146,4,144,70,19,87,121,178,161,102,145,84,77,112,93,147,66,157,103,116,65,124,168,31,142,117,167,61,45,188,196,35,78,128,42,57,197,131,29,126,143,160,91,1,150,105,180,41,36,46,140,92,82,23,189,47,175,12,22,26,176,193,109,20,67,166,38,34,63,118,48,194,182,198,174,184,115,125,32,72,163,25,51,50,190,10,130,113,156,74,44,138,37,94,173,18,2,110,81,153,101,100,30,134,148,11,97,58,158,43,7,0,62,68,123,6,137,60,54,151,119,187,39,107,135,14,13,111,52,89,75,80,71,162,53,183,69,159,164,90,28,155,73,99,106,136,132,152,49,170,172,86,76,133,85,104,17,8,16,56,21,108,192,55,15,9,33,154,122,179,195,185,127,96,171,141,98,114,64,79,177,27,88,5,186,199,83,59,129,24,95,149,165,181,120,3,169,191,40,139];False
1406;7566;8972;[146,4,144,70,19,87,121,178,161,102,145,84,77,112,93,147,66,157,103,116,65,124,168,31,142,117,167,61,45,188,196,35,78,128,42,57,197,131,29,126,143,160,91,1,150,105,180,41,36,46,140,92,82,23,189,47,175,12,22,26,176,193,109,20,67,166,38,139,63,118,48,194,182,198,174,184,115,2,32,72,163,25,51,50,190,195,130,113,156,74,44,138,37,94,173,18,125,110,81,153,101,100,30,134,148,11,97,58,158,43,7,0,62,68,123,6,137,60,54,151,119,187,39,107,135,14,13,111,52,89,75,80,71,162,53,183,69,159,164,90,28,155,73,99,106,136,132,152,49,170,172,86,76,133,85,104,17,8,16,56,21,108,192,55,15,9,33,154,122,179,165,185,127,96,171,141,98,114,64,79,177,27,88,5,186,199,83,59,129,24,95,149,10,181,120,3,169,191,40,34];False
1408;7554;8962;[146,4,144,70,19,87,121,178,161,102,145,84,77,112,93,147,66,157,103,116,65,124,168,31,142,117,167,61,45,188,196,35,78,128,42,57,197,125,29,126,143,160,91,1,150,105,180,41,36,46,140,92,82,23,189,47,175,12,22,131,176,193,109,20,67,166,38,139,63,118,48,194,182,198,174,184,115,2,32,72,163,25,51,50,190,195,130,113,156,74,44,138,37,94,173,18,26,110,81,153,101,100,30,134,148,11,97,58,158,43,7,0,62,68,123,6,137,60,54,151,119,187,39,107,135,14,13,111,52,89,75,80,71,162,53,183,69,159,164,90,28,155,73,99,106,136,132,152,49,170,172,86,76,133,85,104,17,8,16,56,21,108,192,55,15,9,33,154,122,179,165,185,127,96,171,141,98,114,64,79,177,27,88,5,186,199,83,59,129,24,95,149,10,181,120,3,169,191,40,34];False
1430;7480;8910;[146,4,144,70,19,87,121,178,161,102,145,84,77,112,93,147,66,157,103,116,65,124,168,31,142,117,167,61,45,188,196,35,78,128,42,57,197,125,29,126,143,160,91,1,150,105,180,41,36,46,140,92,82,23,189,47,175,12,22,26,176,193,109,20,67,166,38,34,63,118,48,194,182,198,174,184,115,2,32,72,163,25,51,50,190,195,130,113,156,74,44,138,37,94,173,18,131,110,81,153,101,100,30,134,148,11,97,58,158,43,7,0,62,68,123,6,137,60,54,151,119,187,39,107,135,14,13,111,52,89,75,80,71,162,53,183,69,159,164,90,28,155,73,99,106,136,132,152,49,170,172,86,76,133,85,104,17,8,16,56,21,108,192,55,15,9,33,154,122,179,165,185,127,96,171,141,98,114,64,79,177,27,88,5,186,199,83,59,129,24,95,149,10,181,120,3,169,191,40,139];False
1416;7545;8961;[146,4,144,70,19,87,121,178,161,102,145,84,77,112,93,147,66,157,103,116,65,124,168,31,142,117,167,61,45,188,196,35,78,128,42,57,197,125,29,126,143,160,91,1,150,105,180,41,36,46,140,92,82,23,189,47,175,12,22,26,176,193,109,20,67,166,38,139,63,118,48,194,182,198,174,184,115,2,32,72,163,25,51,50,190,195,130,113,156,74,44,138,37,94,173,18,131,110,81,153,101,100,30,134,148,11,97,58,158,43,7,0,62,68,123,6,137,60,54,151,119,187,39,107,135,14,13,111,52,89,75,80,71,162,53,183,69,159,90,164,28,155,73,99,106,136,132,152,49,170,172,86,76,133,85,104,17,8,16,56,21,108,192,55,15,9,33,154,122,179,165,185,127,96,171,141,98,114,64,79,177,27,88,5,186,199,83,59,129,24,95,149,10,181,120,3,169,191,40,34];False
1775;7170;8945;[34,4,144,70,19,41,121,178,161,115,71,84,77,112,93,147,66,157,103,116,65,124,168,31,142,117,167,61,45,188,87,35,78,128,42,47,57,125,145,126,143,160,91,88,150,105,180,196,36,46,140,92,82,23,189,195,175,12,22,26,176,193,109,20,67,166,38,139,63,118,48,194,29,198,174,16,102,2,32,72,163,25,51,50,190,10,130,113,156,74,44,138,37,94,173,18,131,110,81,153,80,100,30,134,148,11,97,58,158,43,7,0,181,68,123,6,137,60,54,151,119,187,39,107,55,14,13,111,52,89,75,101,197,162,53,183,69,159,164,90,28,155,73,99,106,136,132,152,49,170,172,86,76,133,85,104,17,8,184,56,21,108,192,40,15,9,33,154,122,179,27,185,127,96,171,141,98,114,64,79,177,182,1,5,186,199,83,59,129,24,95,149,165,62,120,3,169,191,135,146];True
1793;7162;8955;[34,4,144,70,19,41,121,178,161,115,71,84,77,112,93,147,66,157,103,116,65,124,168,31,142,117,167,61,45,188,87,35,78,128,42,47,57,125,145,126,143,160,91,1,150,105,180,196,36,46,140,92,82,23,189,195,175,12,22,26,176,193,109,20,67,166,38,139,63,118,48,194,29,198,174,16,102,132,32,72,163,25,51,50,190,10,130,113,156,74,44,138,37,94,173,18,131,110,81,153,80,100,30,134,148,11,97,58,158,43,7,0,181,68,123,6,137,60,54,151,119,187,39,107,55,14,13,111,52,89,75,101,197,162,53,183,69,159,164,90,28,155,73,99,106,136,2,152,49,170,172,86,76,133,85,104,17,8,184,56,21,108,192,40,15,9,33,154,122,179,27,185,127,96,171,141,98,114,64,79,177,182,88,5,186,199,83,59,129,24,95,149,165,62,120,3,169,191,135,146];True
1705;7201;8906;[34,4,144,70,19,41,121,178,161,115,71,84,77,112,93,147,66,157,103,116,65,124,168,31,142,117,167,61,45,188,87,35,78,128,42,47,57,125,145,126,143,160,91,1,150,105,180,196,36,46,140,92,82,23,189,195,175,12,22,26,176,193,109,20,67,166,38,139,63,118,48,194,29,198,174,16,102,2,32,72,163,25,51,50,190,10,130,113,156,74,44,138,37,94,173,18,131,110,81,153,80,100,30,134,148,11,97,58,158,43,7,0,62,68,123,6,137,60,54,151,119,187,39,107,55,14,13,111,52,89,75,101,197,162,53,183,69,159,164,90,28,155,73,99,106,136,132,152,49,170,172,86,76,133,85,104,17,8,184,56,21,108,192,40,15,9,33,154,122,179,27,185,127,96,171,141,98,114,64,79,177,182,88,5,186,199,83,59,129,24,95,149,165,181,120,3,169,191,135,146];True
1820;7155;8975;[34,4,144,70,19,41,121,178,161,115,71,84,77,112,93,147,66,157,103,116,65,124,168,31,142,117,167,61,45,188,87,35,78,128,42,47,182,125,145,126,143,160,91,1,150,105,180,196,36,46,140,92,82,23,189,195,175,12,22,26,176,193,109,20,67,166,38,139,63,118,48,194,29,198,174,16,102,132,32,72,163,25,51,50,190,10,130,113,156,74,44,138,37,94,173,18,131,110,81,153,80,100,30,134,119,11,97,58,158,43,7,0,181,68,123,6,137,60,54,151,148,187,39,107,55,14,13,111,52,89,75,101,197,162,53,183,69,159,164,90,28,155,73,99,106,136,2,152,49,170,172,86,76,133,85,104,17,8,184,56,21,108,192,40,15,9,33,154,122,179,27,185,127,96,171,141,98,114,64,79,177,57,88,5,186,199,83,59,129,24,95,149,165,62,120,3,169,191,135,146];True
1747;7182;8929;[34,4,144,70,19,41,121,178,161,115,71,84,77,112,93,147,66,157,103,116,65,124,168,31,142,117,167,61,45,188,87,35,78,128,42,47,182,125,145,126,143,160,91,1,150,105,180,196,36,46,140,92,82,23,189,195,175,12,22,26,176,193,109,20,67,166,38,139,63,118,48,194,29,198,174,16,102,132,32,72,163,25,51,50,190,10,130,113,156,74,44,138,37,94,173,18,131,110,81,153,80,100,30,134,148,11,97,58,158,43,7,0,62,68,123,6,137,60,54,151,119,187,39,107,55,14,13,111,52,89,75,101,197,162,53,183,69,159,164,90,28,155,73,99,106,136,2,152,49,170,172,86,76,133,85,104,17,8,184,56,21,108,192,40,15,9,33,154,122,179,27,185,127,96,171,141,98,114,64,79,177,57,88,5,186,199,83,59,129,24,95,149,165,181,120,3,169,191,135,146];True
1406;7552;8958;[146,4,144,70,19,87,121,178,161,102,145,84,77,112,93,147,66,157,103,116,65,124,168,31,142,117,167,61,45,188,196,35,78,128,42,57,197,131,29,126,143,160,91,1,150,105,180,41,36,46,140,92,82,23,189,47,175,12,22,26,176,193,109,20,67,166,38,139,63,118,48,194,182,198,174,184,115,125,32,72,163,25,51,50,190,195,130,113,156,74,44,138,37,94,173,18,2,110,81,153,101,100,30,134,148,11,97,58,158,43,7,0,62,68,123,6,137,60,54,151,119,187,39,107,135,14,13,111,52,89,75,80,71,162,53,183,69,159,164,90,28,155,73,99,106,136,132,152,49,170,172,86,76,133,85,104,17,8,16,56,21,108,192,55,15,9,33,154,122,179,165,185,127,96,171,141,98,114,64,79,177,27,88,5,186,199,83,59,129,24,95,149,10,181,120,3,169,191,40,34];False
1416;7542;8958;[146,4,144,70,19,87,121,178,161,102,145,84,77,112,93,147,66,157,103,116,65,124,168,31,142,117,167,61,45,188,196,35,78,128,42,57,197,125,29,126,143,160,91,1,150,105,180,41,36,46,140,92,82,23,189,47,175,12,22,131,176,193,109,20,67,166,38,34,63,118,48,194,182,198,174,184,115,2,32,72,163,25,51,50,190,195,130,113,156,74,44,138,37,94,173,18,26,110,81,153,101,100,30,134,148,11,97,58,158,43,7,0,62,68,123,6,137,60,54,151,119,187,39,107,135,14,13,111,52,89,75,80,71,162,53,183,69,159,164,90,28,155,73,99,106,136,132,152,49,170,172,86,76,133,85,104,17,8,16,56,21,108,192,55,15,9,33,154,122,179,165,185,127,96,171,141,98,114,64,79,177,27,88,5,186,199,83,59,129,24,95,149,10,181,120,3,169,191,40,139];False
1834;7147;8981;[34,4,144,70,19,41,121,178,161,115,71,84,77,112,93,147,66,157,103,116,65,124,168,31,142,117,167,61,45,188,87,35,78,128,42,47,57,125,145,126,143,160,91,88,150,105,180,196,36,46,140,92,82,23,189,195,175,12,22,26,176,193,109,20,67,166,38,139,63,118,48,194,29,198,174,16,102,132,32,72,163,25,51,50,190,10,130,113,156,74,44,138,37,94,173,18,131,110,81,153,80,100,30,134,148,11,97,58,158,43,7,0,181,68,123,6,137,60,54,151,119,187,39,107,55,14,13,111,52,89,75,101,197,162,53,183,69,159,164,90,28,155,73,99,106,136,2,152,49,170,172,86,76,133,85,104,17,8,184,56,21,108,192,40,15,9,33,154,122,179,27,185,127,96,171,141,98,114,64,79,177,182,1,5,186,199,83,59,129,24,95,149,165,62,120,3,169,191,135,146];True
1819;7159;8978;[34,4,144,70,19,41,121,178,161,115,71,84,77,112,93,147,66,157,103,116,65,124,168,31,142,117,167,61,45,188,87,35,78,128,42,47,57,125,145,126,143,160,91,88,150,105,180,196,36,46,140,92,82,23,189,195,175,12,22,26,176,193,109,20,67,166,38,139,63,118,48,194,29,198,174,16,102,2,32,72,163,25,51,50,190,10,130,113,156,74,44,138,37,94,173,18,131,110,81,153,80,100,30,134,119,11,97,58,158,43,7,0,181,68,123,6,137,60,54,151,148,187,39,107,55,14,13,111,52,89,75,101,197,162,53,183,69,159,164,90,28,155,73,99,106,136,132,152,49,170,172,86,76,133,85,104,17,8,184,56,21,108,192,40,15,9,33,154,122,179,27,185,127,96,171,141,98,114,64,79,177,182,1,5,186,199,83,59,129,24,95,149,165,62,120,3,169,191,135,146];True
1830;7153;8983;[34,4,144,70,19,41,121,178,161,115,71,84,77,112,93,147,66,157,103,116,65,124,168,31,142,117,167,61,45,188,87,35,78,128,42,47,57,125,145,126,143,160,88,1,150,105,180,196,36,46,140,92,82,23,189,195,175,12,22,26,176,193,109,20,67,166,38,139,63,118,48,194,29,198,174,16,102,132,32,72,163,25,51,50,190,10,130,113,156,74,44,138,37,94,173,18,131,110,81,153,80,100,30,134,148,11,97,58,158,43,7,0,181,68,123,6,137,60,54,151,119,187,39,107,55,14,13,111,52,89,75,101,197,162,53,183,69,159,164,90,28,155,73,99,106,136,2,152,49,170,172,86,76,133,85,104,17,8,184,56,21,108,192,40,15,9,33,154,122,179,27,185,127,96,171,141,98,114,64,79,177,182,91,5,186,199,83,59,129,24,95,149,165,62,120,3,169,191,135,146];True
1415;7548;8963;[146,4,144,70,19,87,121,178,161,102,145,84,77,112,34,147,66,157,103,116,65,124,168,31,142,117,167,61,45,188,196,35,78,128,42,57,197,131,29,126,143,160,91,1,150,105,180,41,36,46,140,92,82,23,189,47,175,12,22,26,176,193,109,20,67,166,38,139,63,118,48,194,182,198,174,184,115,125,32,72,163,25,51,50,190,195,130,113,156,74,44,138,37,94,173,18,2,110,81,153,101,100,30,134,148,11,97,58,158,43,7,0,62,68,123,6,137,60,54,151,119,187,39,107,135,14,13,111,52,89,75,80,71,162,53,183,69,159,164,90,28,155,73,99,106,136,132,152,49,170,172,86,76,133,85,104,17,8,16,56,21,108,192,55,15,9,33,154,122,179,165,185,127,96,171,141,98,114,64,79,177,27,88,5,186,199,83,59,129,24,95,149,10,181,120,3,169,191,40,93];False
1401;7577;8978;[146,4,144,70,19,87,121,178,161,102,145,84,77,112,93,147,66,157,103,116,65,124,168,31,142,117,167,61,45,32,196,35,78,128,42,57,197,131,29,126,143,160,91,1,150,105,180,41,36,46,140,92,82,23,189,47,175,12,22,26,176,193,109,20,67,166,38,139,63,118,48,194,182,198,174,184,115,125,188,72,163,25,51,50,190,195,130,113,156,74,44,138,37,94,173,18,2,110,81,153,101,100,30,134,148,11,97,58,158,43,7,0,62,68,123,6,137,60,54,151,119,187,39,107,135,14,13,111,52,89,75,80,71,162,53,183,69,159,164,90,28,155,73,99,106,136,132,152,49,170,172,86,76,133,85,104,17,8,16,56,21,108,192,55,15,9,33,154,122,179,165,185,127,96,171,141,98,114,64,79,177,27,88,5,186,199,83,59,129,24,95,149,10,181,120,3,169,191,40,34];False
1414;7540;8954;[146,4,144,70,19,87,121,178,161,102,145,84,77,112,93,147,66,157,103,116,65,124,168,31,142,117,167,61,45,188,196,35,78,128,42,57,197,131,29,126,143,160,91,1,150,105,180,41,36,46,140,92,82,23,189,47,175,12,22,26,176,193,109,20,67,166,38,34,63,118,48,194,182,198,174,184,115,125,32,72,163,25,51,50,190,195,130,113,156,74,44,138,37,94,173,18,2,110,81,153,101,100,30,134,148,11,97,58,158,43,7,0,62,68,123,6,137,60,54,151,119,187,39,107,135,14,13,111,52,89,75,80,71,162,53,183,69,159,164,90,28,155,73,99,106,136,132,152,49,170,172,86,76,133,85,104,17,8,16,56,21,108,192,55,15,9,33,154,122,179,165,185,127,96,171,141,98,114,64,79,177,27,88,5,186,199,83,59,129,24,95,149,10,181,120,3,169,191,40,139];False
1394;7599;8993;[146,4,144,70,19,87,121,178,161,102,145,84,77,112,93,147,66,157,103,116,65,124,168,31,142,117,167,61,45,188,196,35,78,128,42,57,197,131,29,126,143,160,91,1,150,105,180,41,36,46,140,92,82,23,189,47,175,12,22,26,176,193,109,20,67,166,38,139,63,118,48,194,182,198,174,184,115,125,32,72,163,25,51,50,190,195,130,113,156,74,44,138,37,94,173,135,2,110,81,153,101,100,30,134,148,11,97,58,158,43,7,0,62,68,123,6,137,60,54,151,119,187,39,107,18,14,13,111,52,89,75,80,71,162,53,183,69,159,164,90,28,155,73,99,106,136,132,152,49,170,172,86,76,133,85,104,17,8,16,56,21,108,192,55,15,9,33,154,122,179,165,185,127,96,171,141,98,114,64,79,177,27,88,5,186,199,83,59,129,24,95,149,10,181,120,3,169,191,40,34];False
1875;7141;9016;[34,4,144,70,19,41,121,178,161,115,71,84,77,112,93,147,66,157,103,116,65,124,168,31,142,117,167,61,45,188,87,35,78,128,42,47,57,125,145,126,20,160,91,88,150,105,180,196,36,46,140,92,82,23,189,195,175,12,22,26,176,193,109,143,67,166,38,139,63,118,48,194,29,198,174,16,102,132,32,72,163,25,51,50,190,10,130,113,156,74,44,138,37,94,173,18,131,110,81,153,80,100,30,134,148,11,97,58,158,43,7,0,181,68,123,6,137,60,54,151,119,187,39,107,55,14,13,111,52,89,75,101,197,162,53,183,69,159,164,90,28,155,73,99,106,136,2,152,49,170,172,86,76,133,85,104,17,8,184,56,21,108,192,40,15,9,33,154,122,179,27,185,127,96,171,141,98,114,64,79,177,182,1,5,186,199,83,59,129,24,95,149,165,62,120,3,169,191,135,146];True
1878;7136;9014;[34,4,144,70,19,41,121,178,161,115,71,84,77,112,93,147,66,157,103,116,65,124,168,31,142,117,167,61,45,188,87,35,78,128,42,47,57,125,145,126,143,160,91,88,150,105,180,196,36,46,140,92,82,23,189,195,175,12,22,26,176,193,109,20,67,166,38,139,63,118,48,194,29,198,174,16,102,132,32,72,163,25,51,50,190,10,130,113,156,74,44,138,37,94,173,18,131,110,81,153,80,100,30,134,119,11,97,58,158,43,7,0,181,68,123,6,137,60,54,151,148,187,39,107,55,14,13,111,52,89,75,101,197,162,53,183,69,159,164,90,28,155,73,99,106,136,2,152,49,170,172,86,76,133,85,104,17,8,184,56,21,108,192,40,15,9,33,154,122,179,27,185,127,96,171,141,98,114,64,79,177,182,1,5,186,199,83,59,129,24,95,149,165,62,120,3,169,191,135,146];True
1874;7142;9016;[34,4,144,70,19,41,121,178,161,115,71,84,77,112,93,147,66,157,103,116,65,124,168,31,142,117,167,61,45,188,87,35,78,128,42,47,57,125,145,126,143,160,88,1,150,105,180,196,36,46,140,92,82,23,189,195,175,12,22,26,176,193,109,20,67,166,38,139,63,118,48,194,29,198,174,16,102,132,32,72,163,25,51,50,190,10,130,113,156,74,44,138,37,94,173,18,131,110,81,153,80,100,30,134,119,11,97,58,158,43,7,0,181,68,123,6,137,60,54,151,148,187,39,107,55,14,13,111,52,89,75,101,197,162,53,183,69,159,164,90,28,155,73,99,106,136,2,152,49,170,172,86,76,133,85,104,17,8,184,56,21,108,192,40,15,9,33,154,122,179,27,185,127,96,171,141,98,114,64,79,177,182,91,5,186,199,83,59,129,24,95,149,165,62,120,3,169,191,135,146];True
1392;7594;8986;[146,4,144,70,19,87,121,178,161,102,145,84,77,112,93,147,66,157,103,116,65,124,168,31,142,117,167,61,45,32,196,35,78,128,42,57,197,131,29,126,143,160,91,1,150,105,180,41,36,46,140,92,82,23,189,47,175,12,22,26,176,193,109,20,67,166,38,139,63,118,48,194,182,198,174,184,115,55,188,72,163,25,51,50,190,195,130,113,156,74,44,138,37,94,173,18,2,110,81,153,101,100,30,134,148,11,97,58,158,43,7,0,62,68,123,6,137,60,54,151,119,187,39,107,135,14,13,111,52,89,75,80,71,162,53,183,69,159,164,90,28,155,73,99,106,136,132,152,49,170,172,86,76,133,85,104,17,8,16,56,21,108,192,125,15,9,33,154,122,179,165,185,127,96,171,141,98,114,64,79,177,27,88,5,186,199,83,59,129,24,95,149,10,181,120,3,169,191,40,34];False
1389;7624;9013;[146,4,144,70,19,87,121,178,161,102,145,84,77,112,93,147,66,157,103,116,65,124,168,31,142,117,167,61,45,32,196,35,78,128,42,57,197,131,29,126,143,160,91,1,150,105,180,41,36,46,140,92,82,23,189,47,175,12,22,26,176,193,109,20,67,166,38,139,63,118,48,194,182,198,174,184,115,125,188,72,163,25,51,50,190,195,130,113,156,74,44,138,37,94,173,135,2,110,81,153,101,100,30,134,148,11,97,58,158,43,7,0,62,68,123,6,137,60,54,151,119,187,39,107,18,14,13,111,52,89,75,80,71,162,53,183,69,159,164,90,28,155,73,99,106,136,132,152,49,170,172,86,76,133,85,104,17,8,16,56,21,108,192,55,15,9,33,154,122,179,165,185,127,96,171,141,98,114,64,79,177,27,88,5,186,199,83,59,129,24,95,149,10,181,120,3,169,191,40,34];False
1890;7131;9021;[34,4,144,70,19,41,121,178,161,115,71,84,77,112,93,147,66,157,103,116,65,124,168,31,142,117,167,61,45,188,87,35,78,128,42,47,57,125,145,126,20,160,91,88,150,105,180,196,36,46,140,92,143,23,189,195,175,12,22,26,176,193,109,82,67,166,38,139,63,118,48,194,29,198,174,16,102,132,32,72,163,25,51,50,190,10,130,113,156,74,44,138,37,94,173,18,131,110,81,153,80,100,30,134,148,11,97,58,158,43,7,0,181,68,123,6,137,60,54,151,119,187,39,107,55,14,13,111,52,89,75,101,197,162,53,183,69,159,164,90,28,155,73,99,106,136,2,152,49,170,172,86,76,133,85,104,17,8,184,56,21,108,192,40,15,9,33,154,122,179,27,185,127,96,171,141,98,114,64,79,177,182,1,5,186,199,83,59,129,24,95,149,165,62,120,3,169,191,135,146];True
1400;7582;8982;[146,4,144,70,19,87,121,178,161,102,145,84,77,112,93,147,66,157,103,116,65,124,168,31,142,117,167,61,45,32,196,35,78,128,42,57,197,131,29,126,143,160,91,1,150,105,180,41,36,46,140,92,82,23,189,47,175,12,22,26,176,193,109,20,67,166,38,34,63,118,48,194,182,198,174,184,115,55,188,72,163,25,51,50,190,195,130,113,156,74,44,138,37,94,173,18,2,110,81,153,101,100,30,134,148,11,97,58,158,43,7,0,62,68,123,6,137,60,54,151,119,187,39,107,135,14,13,111,52,89,75,80,71,162,53,183,69,159,164,90,28,155,73,99,106,136,132,152,49,170,172,86,76,133,85,104,17,8,16,56,21,108,192,125,15,9,33,154,122,179,165,185,127,96,171,141,98,114,64,79,177,27,88,5,186,199,83,59,129,24,95,149,10,181,120,3,169,191,40,139];False
1380;7641;9021;[146,4,144,70,19,87,121,178,161,102,145,84,77,112,93,147,66,157,103,116,65,124,168,31,142,117,167,61,45,32,196,35,78,128,42,57,197,131,29,126,143,160,91,1,150,105,180,41,36,46,140,92,82,23,189,47,175,12,22,26,176,193,109,20,67,166,38,139,63,118,48,194,182,198,174,184,115,55,188,72,163,25,51,50,190,195,130,113,156,74,44,138,37,94,173,135,2,110,81,153,101,100,30,134,148,11,97,58,158,43,7,0,62,68,123,6,137,60,54,151,119,187,39,107,18,14,13,111,52,89,75,80,71,162,53,183,69,159,164,90,28,155,73,99,106,136,132,152,49,170,172,86,76,133,85,104,17,8,16,56,21,108,192,125,15,9,33,154,122,179,165,185,127,96,171,141,98,114,64,79,177,27,88,5,186,199,83,59,129,24,95,149,10,181,120,3,169,191,40,34];False
1388;7573;8961;[146,4,144,70,19,87,121,178,161,102,145,84,77,112,93,147,66,157,103,116,65,124,168,31,142,117,167,61,45,32,196,35,78,128,42,57,197,131,29,126,143,160,91,1,150,105,180,41,36,46,140,92,82,23,189,47,175,12,22,26,176,193,109,20,67,166,38,139,63,118,48,194,182,198,174,184,115,125,188,72,163,25,51,50,190,195,130,113,156,74,44,138,37,94,173,40,2,110,81,153,101,100,30,134,148,11,97,58,158,43,7,0,62,68,123,6,137,60,54,151,119,187,39,107,18,14,13,111,52,89,75,80,71,162,53,183,69,159,164,90,28,155,73,99,106,136,132,152,49,170,172,86,76,133,85,104,17,8,16,56,21,108,192,55,15,9,33,154,122,179,165,185,127,96,171,141,98,114,64,79,177,27,88,5,186,199,83,59,129,24,95,149,10,181,120,3,169,191,135,34];True
1849;7146;8995;[34,4,144,70,19,41,121,178,161,115,71,84,77,112,93,147,66,157,103,116,65,124,168,31,142,117,167,61,45,188,87,35,78,128,42,47,57,125,145,126,20,160,91,1,150,105,180,196,36,46,140,92,143,23,189,195,175,12,22,26,176,193,109,82,67,166,38,139,63,118,48,194,29,198,174,16,102,132,32,72,163,25,51,50,190,10,130,113,156,74,44,138,37,94,173,18,131,110,81,153,80,100,30,134,148,11,97,58,158,43,7,0,181,68,123,6,137,60,54,151,119,187,39,107,55,14,13,111,52,89,75,101,197,162,53,183,69,159,164,90,28,155,73,99,106,136,2,152,49,170,172,86,76,133,85,104,17,8,184,56,21,108,192,40,15,9,33,154,122,179,27,185,127,96,171,141,98,114,64,79,177,182,88,5,186,199,83,59,129,24,95,149,165,62,120,3,169,191,135,146];True
1379;7590;8969;[146,4,144,70,19,87,121,178,161,102,145,84,77,112,93,147,66,157,103,116,65,124,168,31,142,117,167,61,45,32,196,35,78,128,42,57,197,131,29,126,143,160,91,1,150,105,180,41,36,46,140,92,82,23,189,47,175,12,22,26,176,193,109,20,67,166,38,139,63,118,48,194,182,198,174,184,115,55,188,72,163,25,51,50,190,195,130,113,156,74,44,138,37,94,173,40,2,110,81,153,101,100,30,134,148,11,97,58,158,43,7,0,62,68,123,6,137,60,54,151,119,187,39,107,18,14,13,111,52,89,75,80,71,162,53,183,69,159,164,90,28,155,73,99,106,136,132,152,49,170,172,86,76,133,85,104,17,8,16,56,21,108,192,125,15,9,33,154,122,179,165,185,127,96,171,141,98,114,64,79,177,27,88,5,186,199,83,59,129,24,95,149,10,181,120,3,169,191,135,34];True
1407;7521;8928;[34,4,144,70,19,87,121,178,161,102,145,84,77,112,93,147,66,157,103,116,65,124,168,31,142,117,167,61,45,32,196,35,78,128,42,57,197,131,29,126,143,160,91,1,150,105,180,41,36,46,140,92,82,23,189,47,175,12,22,26,176,193,109,20,67,166,38,139,63,118,48,194,182,198,174,184,115,125,188,72,163,25,51,50,190,195,130,113,156,74,44,138,37,94,173,40,2,110,81,153,101,100,30,134,148,11,97,58,158,43,7,0,62,68,123,6,137,60,54,151,119,187,39,107,18,14,13,111,52,89,75,80,71,162,53,183,69,159,164,90,28,155,73,99,106,136,132,152,49,170,172,86,76,133,85,104,17,8,16,56,21,108,192,55,15,9,33,154,122,179,165,185,127,96,171,141,98,114,64,79,177,27,88,5,186,199,83,59,129,24,95,149,10,181,120,3,169,191,135,146];True
1393;7548;8941;[146,4,144,70,19,87,121,178,161,102,145,84,77,112,93,147,66,157,103,116,65,124,168,31,142,117,167,61,45,188,196,35,78,128,42,57,197,131,29,126,143,160,91,1,150,105,180,41,36,46,140,92,82,23,189,47,175,12,22,26,176,193,109,20,67,166,38,139,63,118,48,194,182,198,174,184,115,125,32,72,163,25,51,50,190,195,130,113,156,74,44,138,37,94,173,40,2,110,81,153,101,100,30,134,148,11,97,58,158,43,7,0,62,68,123,6,137,60,54,151,119,187,39,107,18,14,13,111,52,89,75,80,71,162,53,183,69,159,164,90,28,155,73,99,106,136,132,152,49,170,172,86,76,133,85,104,17,8,16,56,21,108,192,55,15,9,33,154,122,179,165,185,127,96,171,141,98,114,64,79,177,27,88,5,186,199,83,59,129,24,95,149,10,181,120,3,169,191,135,34];True
1384;7577;8961;[146,4,144,70,19,87,121,178,161,102,145,84,77,112,93,147,66,157,103,116,65,124,168,31,142,117,167,61,45,32,196,35,78,128,42,57,197,131,191,126,143,160,91,1,150,105,180,41,36,46,140,92,82,23,189,47,175,12,22,26,176,193,109,20,67,166,38,139,63,118,48,194,182,198,174,184,115,125,188,72,163,25,51,50,190,195,130,113,156,74,44,138,37,94,173,40,2,110,81,153,101,100,30,134,148,11,97,58,158,43,7,0,62,68,123,6,137,60,54,151,119,187,39,107,18,14,13,111,52,89,75,80,71,162,53,183,69,159,164,90,28,155,73,99,106,136,132,152,49,170,172,86,76,133,85,104,17,8,16,56,21,108,192,55,15,9,33,154,122,179,165,185,127,96,171,141,98,114,64,79,177,27,88,5,186,199,83,59,129,24,95,149,10,181,120,3,169,29,135,34];True
1832;7150;8982;[34,4,144,70,19,41,121,178,161,115,71,84,77,112,93,147,66,157,103,116,65,124,168,31,142,117,167,61,45,188,87,35,78,128,42,47,182,125,145,126,20,160,91,1,150,105,180,196,36,46,140,92,143,23,189,195,175,12,22,26,176,193,109,82,67,166,38,139,63,118,48,194,29,198,174,16,102,132,32,72,163,25,51,50,190,10,130,113,156,74,44,138,37,94,173,18,131,110,81,153,80,100,30,134,148,11,97,58,158,43,7,0,181,68,123,6,137,60,54,151,119,187,39,107,55,14,13,111,52,89,75,101,197,162,53,183,69,159,164,90,28,155,73,99,106,136,2,152,49,170,172,86,76,133,85,104,17,8,184,56,21,108,192,40,15,9,33,154,122,179,27,185,127,96,171,141,98,114,64,79,177,57,88,5,186,199,83,59,129,24,95,149,165,62,120,3,169,191,135,146];True
1398;7538;8936;[34,4,144,70,19,87,121,178,161,102,145,84,77,112,93,147,66,157,103,116,65,124,168,31,142,117,167,61,45,32,196,35,78,128,42,57,197,131,29,126,143,160,91,1,150,105,180,41,36,46,140,92,82,23,189,47,175,12,22,26,176,193,109,20,67,166,38,139,63,118,48,194,182,198,174,184,115,55,188,72,163,25,51,50,190,195,130,113,156,74,44,138,37,94,173,40,2,110,81,153,101,100,30,134,148,11,97,58,158,43,7,0,62,68,123,6,137,60,54,151,119,187,39,107,18,14,13,111,52,89,75,80,71,162,53,183,69,159,164,90,28,155,73,99,106,136,132,152,49,170,172,86,76,133,85,104,17,8,16,56,21,108,192,125,15,9,33,154,122,179,165,185,127,96,171,141,98,114,64,79,177,27,88,5,186,199,83,59,129,24,95,149,10,181,120,3,169,191,135,146];True
1375;7594;8969;[146,4,144,70,19,87,121,178,161,102,145,84,77,112,93,147,66,157,103,116,65,124,168,31,142,117,167,61,45,32,196,35,78,128,42,57,197,131,191,126,143,160,91,1,150,105,180,41,36,46,140,92,82,23,189,47,175,12,22,26,176,193,109,20,67,166,38,139,63,118,48,194,182,198,174,184,115,55,188,72,163,25,51,50,190,195,130,113,156,74,44,138,37,94,173,40,2,110,81,153,101,100,30,134,148,11,97,58,158,43,7,0,62,68,123,6,137,60,54,151,119,187,39,107,18,14,13,111,52,89,75,80,71,162,53,183,69,159,164,90,28,155,73,99,106,136,132,152,49,170,172,86,76,133,85,104,17,8,16,56,21,108,192,125,15,9,33,154,122,179,165,185,127,96,171,141,98,114,64,79,177,27,88,5,186,199,83,59,129,24,95,149,10,181,120,3,169,29,135,34];True
1373;7643;9016;[146,4,144,70,19,87,121,178,161,102,145,84,77,112,93,147,66,157,103,116,65,124,168,31,142,117,167,61,45,32,196,35,78,128,42,57,197,131,29,126,143,160,91,1,150,105,180,41,36,46,140,92,82,23,189,47,175,12,22,26,176,193,109,20,67,166,38,139,63,118,48,194,182,198,174,184,115,55,188,72,163,25,51,50,190,195,130,113,156,74,44,138,37,94,173,40,2,110,81,153,101,100,30,134,148,11,97,58,158,43,7,0,62,68,123,6,137,60,54,151,119,187,39,107,18,14,13,111,52,89,75,80,71,162,53,183,69,159,90,164,28,155,73,99,106,136,132,152,49,170,172,86,76,133,85,104,17,8,16,56,21,108,192,125,15,9,33,154,122,179,165,185,127,96,171,141,98,114,64,79,177,27,88,5,186,199,83,59,129,24,95,149,10,181,120,3,169,191,135,34];False
1412;7496;8908;[34,4,144,70,19,87,121,178,161,102,145,84,77,112,93,147,66,157,103,116,65,124,168,31,142,117,167,61,45,188,196,35,78,128,42,57,197,131,29,126,143,160,91,1,150,105,180,41,36,46,140,92,82,23,189,47,175,12,22,26,176,193,109,20,67,166,38,139,63,118,48,194,182,198,174,184,115,125,32,72,163,25,51,50,190,195,130,113,156,74,44,138,37,94,173,40,2,110,81,153,101,100,30,134,148,11,97,58,158,43,7,0,62,68,123,6,137,60,54,151,119,187,39,107,18,14,13,111,52,89,75,80,71,162,53,183,69,159,164,90,28,155,73,99,106,136,132,152,49,170,172,86,76,133,85,104,17,8,16,56,21,108,192,55,15,9,33,154,122,179,165,185,127,96,171,141,98,114,64,79,177,27,88,5,186,199,83,59,129,24,95,149,10,181,120,3,169,191,135,146];True
1403;7525;8928;[34,4,144,70,19,87,121,178,161,102,145,84,77,112,93,147,66,157,103,116,65,124,168,31,142,117,167,61,45,32,196,35,78,128,42,57,197,131,191,126,143,160,91,1,150,105,180,41,36,46,140,92,82,23,189,47,175,12,22,26,176,193,109,20,67,166,38,139,63,118,48,194,182,198,174,184,115,125,188,72,163,25,51,50,190,195,130,113,156,74,44,138,37,94,173,40,2,110,81,153,101,100,30,134,148,11,97,58,158,43,7,0,62,68,123,6,137,60,54,151,119,187,39,107,18,14,13,111,52,89,75,80,71,162,53,183,69,159,164,90,28,155,73,99,106,136,132,152,49,170,172,86,76,133,85,104,17,8,16,56,21,108,192,55,15,9,33,154,122,179,165,185,127,96,171,141,98,114,64,79,177,27,88,5,186,199,83,59,129,24,95,149,10,181,120,3,169,29,135,146];True
1426;7482;8908;[34,4,144,70,19,87,121,178,161,102,145,84,77,112,93,147,66,157,103,116,65,124,168,31,142,117,167,61,45,32,196,35,78,128,42,57,197,131,29,126,143,160,91,1,150,105,180,41,36,46,140,92,82,23,189,47,175,12,22,26,176,193,109,20,67,166,38,139,63,118,48,194,182,198,174,184,115,125,188,72,163,25,51,50,190,10,130,113,156,74,44,138,37,94,173,40,2,110,81,153,101,100,30,134,148,11,97,58,158,43,7,0,62,68,123,6,137,60,54,151,119,187,39,107,18,14,13,111,52,89,75,80,71,162,53,183,69,159,164,90,28,155,73,99,106,136,132,152,49,170,172,86,76,133,85,104,17,8,16,56,21,108,192,55,15,9,33,154,122,179,165,185,127,96,171,141,98,114,64,79,177,27,88,5,186,199,83,59,129,24,95,149,195,181,120,3,169,191,135,146];False
1389;7552;8941;[146,4,144,70,19,87,121,178,161,102,145,84,77,112,93,147,66,157,103,116,65,124,168,31,142,117,167,61,45,188,196,35,78,128,42,57,197,131,191,126,143,160,91,1,150,105,180,41,36,46,140,92,82,23,189,47,175,12,22,26,176,193,109,20,67,166,38,139,63,118,48,194,182,198,174,184,115,125,32,72,163,25,51,50,190,195,130,113,156,74,44,138,37,94,173,40,2,110,81,153,101,100,30,134,148,11,97,58,158,43,7,0,62,68,123,6,137,60,54,151,119,187,39,107,18,14,13,111,52,89,75,80,71,162,53,183,69,159,164,90,28,155,73,99,106,136,132,152,49,170,172,86,76,133,85,104,17,8,16,56,21,108,192,55,15,9,33,154,122,179,165,185,127,96,171,141,98,114,64,79,177,27,88,5,186,199,83,59,129,24,95,149,10,181,120,3,169,29,135,34];True
1773;7173;8946;[34,4,144,70,19,41,121,178,161,115,71,84,77,112,93,147,66,157,103,116,65,124,168,31,142,117,167,61,45,188,87,35,78,128,42,47,182,125,145,126,20,160,91,1,150,105,180,196,36,46,140,92,143,23,189,195,175,12,22,26,176,193,109,82,67,166,38,139,63,118,48,194,29,198,174,16,102,2,32,72,163,25,51,50,190,10,130,113,156,74,44,138,37,94,173,18,131,110,81,153,80,100,30,134,148,11,97,58,158,43,7,0,181,68,123,6,137,60,54,151,119,187,39,107,55,14,13,111,52,89,75,101,197,162,53,183,69,159,164,90,28,155,73,99,106,136,132,152,49,170,172,86,76,133,85,104,17,8,184,56,21,108,192,40,15,9,33,154,122,179,27,185,127,96,171,141,98,114,64,79,177,57,88,5,186,199,83,59,129,24,95,149,165,62,120,3,169,191,135,146];True
1876;7139;9015;[34,4,144,70,19,41,121,178,161,115,71,84,77,112,93,147,66,157,103,116,65,124,168,31,142,117,167,61,45,188,87,35,78,128,42,47,182,125,145,126,20,160,91,1,150,105,180,196,36,46,140,92,143,23,189,195,175,12,22,26,176,193,109,82,67,166,38,139,63,118,48,194,29,198,174,16,102,132,32,72,163,25,51,50,190,10,130,113,156,74,44,138,37,94,173,18,131,110,81,153,80,100,30,134,119,11,97,58,158,43,7,0,181,68,123,6,137,60,54,151,148,187,39,107,55,14,13,111,52,89,75,101,197,162,53,183,69,159,164,90,28,155,73,99,106,136,2,152,49,170,172,86,76,133,85,104,17,8,184,56,21,108,192,40,15,9,33,154,122,179,27,185,127,96,171,141,98,114,64,79,177,57,88,5,186,199,83,59,129,24,95,149,165,62,120,3,169,191,135,146];True
1394;7542;8936;[34,4,144,70,19,87,121,178,161,102,145,84,77,112,93,147,66,157,103,116,65,124,168,31,142,117,167,61,45,32,196,35,78,128,42,57,197,131,191,126,143,160,91,1,150,105,180,41,36,46,140,92,82,23,189,47,175,12,22,26,176,193,109,20,67,166,38,139,63,118,48,194,182,198,174,184,115,55,188,72,163,25,51,50,190,195,130,113,156,74,44,138,37,94,173,40,2,110,81,153,101,100,30,134,148,11,97,58,158,43,7,0,62,68,123,6,137,60,54,151,119,187,39,107,18,14,13,111,52,89,75,80,71,162,53,183,69,159,164,90,28,155,73,99,106,136,132,152,49,170,172,86,76,133,85,104,17,8,16,56,21,108,192,125,15,9,33,154,122,179,165,185,127,96,171,141,98,114,64,79,177,27,88,5,186,199,83,59,129,24,95,149,10,181,120,3,169,29,135,146];True
1373;7637;9010;[146,4,144,70,19,87,121,178,161,102,145,84,77,112,93,147,66,157,103,116,65,124,168,31,142,117,167,61,45,32,196,35,78,128,42,57,197,131,191,126,143,160,91,1,150,105,180,41,36,46,140,92,82,23,189,47,175,12,22,26,176,193,109,20,67,166,38,139,63,118,48,194,182,198,15,184,115,55,188,72,163,25,51,50,190,195,130,113,156,74,44,138,37,94,173,40,2,110,81,153,101,100,30,134,148,11,97,58,158,43,7,0,62,68,123,6,137,60,54,151,119,187,39,107,18,14,13,111,52,89,75,80,71,162,53,183,69,159,164,90,28,155,73,99,106,136,132,152,49,170,172,86,76,133,85,104,17,8,16,56,21,108,192,125,174,9,33,154,122,179,165,185,127,96,171,141,98,114,64,79,177,27,88,5,186,199,83,59,129,24,95,149,10,181,120,3,169,29,135,34];True
1372;7646;9018;[146,4,144,70,19,87,121,178,161,102,145,84,77,112,93,147,66,157,103,116,65,124,168,31,142,117,167,61,45,32,196,35,78,128,42,57,197,131,191,126,143,160,91,1,150,105,180,41,36,46,140,92,82,23,189,47,175,12,22,26,176,193,109,20,67,166,38,139,63,118,48,194,182,198,174,184,115,55,188,72,163,34,51,50,190,195,130,113,156,74,44,138,37,94,173,40,2,110,81,153,101,100,30,134,148,11,97,58,158,43,7,0,62,68,123,6,137,60,54,151,119,187,39,107,18,14,13,111,52,89,75,80,71,162,53,183,69,159,164,90,28,155,73,99,106,136,132,152,49,170,172,86,76,133,85,104,17,8,16,56,21,108,192,125,15,9,33,154,122,179,165,185,127,96,171,141,98,114,64,79,177,27,88,5,186,199,83,59,129,24,95,149,10,181,120,3,169,29,135,25];True
1369;7647;9016;[146,4,144,70,19,87,121,178,161,102,145,84,77,112,93,147,66,157,103,116,65,124,168,31,142,117,167,61,45,32,196,35,78,128,42,57,197,131,191,126,143,160,91,1,150,105,180,41,36,46,140,92,82,23,189,47,175,12,22,26,176,193,109,20,67,166,38,139,63,118,48,194,182,198,174,184,115,55,188,72,163,25,51,50,190,195,130,113,156,74,44,138,37,94,173,40,2,110,81,153,101,100,30,134,148,11,97,58,158,43,7,0,62,68,123,6,137,60,54,151,119,187,39,107,18,14,13,111,52,89,75,80,71,162,53,183,69,159,90,164,28,155,73,99,106,136,132,152,49,170,172,86,76,133,85,104,17,8,16,56,21,108,192,125,15,9,33,154,122,179,165,185,127,96,171,141,98,114,64,79,177,27,88,5,186,199,83,59,129,24,95,149,10,181,120,3,169,29,135,34];True
1408;7500;8908;[34,4,144,70,19,87,121,178,161,102,145,84,77,112,93,147,66,157,103,116,65,124,168,31,142,117,167,61,45,188,196,35,78,128,42,57,197,131,191,126,143,160,91,1,150,105,180,41,36,46,140,92,82,23,189,47,175,12,22,26,176,193,109,20,67,166,38,139,63,118,48,194,182,198,174,184,115,125,32,72,163,25,51,50,190,195,130,113,156,74,44,138,37,94,173,40,2,110,81,153,101,100,30,134,148,11,97,58,158,43,7,0,62,68,123,6,137,60,54,151,119,187,39,107,18,14,13,111,52,89,75,80,71,162,53,183,69,159,164,90,28,155,73,99,106,136,132,152,49,170,172,86,76,133,85,104,17,8,16,56,21,108,192,55,15,9,33,154,122,179,165,185,127,96,171,141,98,114,64,79,177,27,88,5,186,199,83,59,129,24,95,149,10,181,120,3,169,29,135,146];True
1431;7457;8888;[34,4,144,70,19,87,121,178,161,102,145,84,77,112,93,147,66,157,103,116,65,124,168,31,142,117,167,61,45,188,196,35,78,128,42,57,197,131,29,126,143,160,91,1,150,105,180,41,36,46,140,92,82,23,189,47,175,12,22,26,176,193,109,20,67,166,38,139,63,118,48,194,182,198,174,184,115,125,32,72,163,25,51,50,190,10,130,113,156,74,44,138,37,94,173,40,2,110,81,153,101,100,30,134,148,11,97,58,158,43,7,0,62,68,123,6,137,60,54,151,119,187,39,107,18,14,13,111,52,89,75,80,71,162,53,183,69,159,164,90,28,155,73,99,106,136,132,152,49,170,172,86,76,133,85,104,17,8,16,56,21,108,192,55,15,9,33,154,122,179,165,185,127,96,171,141,98,114,64,79,177,27,88,5,186,199,83,59,129,24,95,149,195,181,120,3,169,191,135,146];False
1422;7486;8908;[34,4,144,70,19,87,121,178,161,102,145,84,77,112,93,147,66,157,103,116,65,124,168,31,142,117,167,61,45,32,196,35,78,128,42,57,197,131,191,126,143,160,91,1,150,105,180,41,36,46,140,92,82,23,189,47,175,12,22,26,176,193,109,20,67,166,38,139,63,118,48,194,182,198,174,184,115,125,188,72,163,25,51,50,190,10,130,113,156,74,44,138,37,94,173,40,2,110,81,153,101,100,30,134,148,11,97,58,158,43,7,0,62,68,123,6,137,60,54,151,119,187,39,107,18,14,13,111,52,89,75,80,71,162,53,183,69,159,164,90,28,155,73,99,106,136,132,152,49,170,172,86,76,133,85,104,17,8,16,56,21,108,192,55,15,9,33,154,122,179,165,185,127,96,171,141,98,114,64,79,177,27,88,5,186,199,83,59,129,24,95,149,195,181,120,3,169,29,135,146];False
1432;7453;8885;[34,4,144,70,19,87,121,178,161,102,145,84,77,112,93,147,66,157,103,116,65,124,168,31,142,117,167,61,45,32,196,35,78,128,42,57,197,131,29,126,143,160,91,1,150,105,180,41,36,46,140,92,82,23,189,47,175,12,22,26,176,193,109,20,67,166,38,139,63,118,48,194,182,198,174,184,115,125,188,72,163,25,51,50,190,10,130,113,156,74,44,138,37,94,173,40,2,110,81,153,101,100,30,134,148,11,97,58,158,43,7,0,62,68,123,6,137,60,54,151,119,187,39,107,18,14,13,111,52,89,75,80,71,162,53,183,69,159,164,90,28,155,73,99,106,136,132,152,49,170,172,86,76,133,85,104,17,8,16,56,21,108,192,55,15,9,33,154,122,179,195,185,127,96,171,141,98,114,64,79,177,27,88,5,186,199,83,59,129,24,95,149,165,181,120,3,169,191,135,146];True
1367;7690;9057;[146,4,144,70,19,87,121,178,161,102,145,84,77,112,93,147,66,157,103,116,65,124,168,31,142,117,167,61,45,32,196,35,78,128,42,57,197,131,191,126,143,160,91,1,150,105,180,41,36,46,140,92,82,23,189,47,175,12,22,26,176,193,109,20,67,166,38,139,63,118,48,194,182,198,15,184,115,55,188,72,163,25,51,50,190,195,130,113,156,74,44,138,37,94,173,40,2,110,81,153,101,100,30,134,148,11,97,58,158,43,7,0,62,68,123,6,137,60,54,151,119,187,39,107,18,14,13,111,52,89,75,80,71,162,53,183,69,159,90,164,28,155,73,99,106,136,132,152,49,170,172,86,76,133,85,104,17,8,16,56,21,108,192,125,174,9,33,154,122,179,165,185,127,96,171,141,98,114,64,79,177,27,88,5,186,199,83,59,129,24,95,149,10,181,120,3,169,29,135,34];True
1366;7699;9065;[146,4,144,70,19,87,121,178,161,102,145,84,77,112,93,147,66,157,103,116,65,124,168,31,142,117,167,61,45,32,196,35,78,128,42,57,197,131,191,126,143,160,91,1,150,105,180,41,36,46,140,92,82,23,189,47,175,12,22,26,176,193,109,20,67,166,38,139,63,118,48,194,182,198,174,184,115,55,188,72,163,34,51,50,190,195,130,113,156,74,44,138,37,94,173,40,2,110,81,153,101,100,30,134,148,11,97,58,158,43,7,0,62,68,123,6,137,60,54,151,119,187,39,107,18,14,13,111,52,89,75,80,71,162,53,183,69,159,90,164,28,155,73,99,106,136,132,152,49,170,172,86,76,133,85,104,17,8,16,56,21,108,192,125,15,9,33,154,122,179,165,185,127,96,171,141,98,114,64,79,177,27,88,5,186,199,83,59,129,24,95,149,10,181,120,3,169,29,135,25];True
1427;7461;8888;[34,4,144,70,19,87,121,178,161,102,145,84,77,112,93,147,66,157,103,116,65,124,168,31,142,117,167,61,45,188,196,35,78,128,42,57,197,131,191,126,143,160,91,1,150,105,180,41,36,46,140,92,82,23,189,47,175,12,22,26,176,193,109,20,67,166,38,139,63,118,48,194,182,198,174,184,115,125,32,72,163,25,51,50,190,10,130,113,156,74,44,138,37,94,173,40,2,110,81,153,101,100,30,134,148,11,97,58,158,43,7,0,62,68,123,6,137,60,54,151,119,187,39,107,18,14,13,111,52,89,75,80,71,162,53,183,69,159,164,90,28,155,73,99,106,136,132,152,49,170,172,86,76,133,85,104,17,8,16,56,21,108,192,55,15,9,33,154,122,179,165,185,127,96,171,141,98,114,64,79,177,27,88,5,186,199,83,59,129,24,95,149,195,181,120,3,169,29,135,146];True
1437;7428;8865;[34,4,144,70,19,87,121,178,161,102,145,84,77,112,93,147,66,157,103,116,65,124,168,31,142,117,167,61,45,188,196,35,78,128,42,57,197,131,29,126,143,160,91,1,150,105,180,41,36,46,140,92,82,23,189,47,175,12,22,26,176,193,109,20,67,166,38,139,63,118,48,194,182,198,174,184,115,125,32,72,163,25,51,50,190,10,130,113,156,74,44,138,37,94,173,40,2,110,81,153,101,100,30,134,148,11,97,58,158,43,7,0,62,68,123,6,137,60,54,151,119,187,39,107,18,14,13,111,52,89,75,80,71,162,53,183,69,159,164,90,28,155,73,99,106,136,132,152,49,170,172,86,76,133,85,104,17,8,16,56,21,108,192,55,15,9,33,154,122,179,195,185,127,96,171,141,98,114,64,79,177,27,88,5,186,199,83,59,129,24,95,149,165,181,120,3,169,191,135,146];True
1428;7457;8885;[34,4,144,70,19,87,121,178,161,102,145,84,77,112,93,147,66,157,103,116,65,124,168,31,142,117,167,61,45,32,196,35,78,128,42,57,197,131,191,126,143,160,91,1,150,105,180,41,36,46,140,92,82,23,189,47,175,12,22,26,176,193,109,20,67,166,38,139,63,118,48,194,182,198,174,184,115,125,188,72,163,25,51,50,190,10,130,113,156,74,44,138,37,94,173,40,2,110,81,153,101,100,30,134,148,11,97,58,158,43,7,0,62,68,123,6,137,60,54,151,119,187,39,107,18,14,13,111,52,89,75,80,71,162,53,183,69,159,164,90,28,155,73,99,106,136,132,152,49,170,172,86,76,133,85,104,17,8,16,56,21,108,192,55,15,9,33,154,122,179,195,185,127,96,171,141,98,114,64,79,177,27,88,5,186,199,83,59,129,24,95,149,165,181,120,3,169,29,135,146];True
1423;7470;8893;[34,4,144,70,19,87,121,178,161,102,145,84,77,112,93,147,66,157,103,116,65,124,168,31,142,117,167,61,45,32,196,35,78,128,42,57,197,131,29,126,143,160,91,1,150,105,180,41,36,46,140,92,82,23,189,47,175,12,22,26,176,193,109,20,67,166,38,139,63,118,48,194,182,198,174,184,115,55,188,72,163,25,51,50,190,10,130,113,156,74,44,138,37,94,173,40,2,110,81,153,101,100,30,134,148,11,97,58,158,43,7,0,62,68,123,6,137,60,54,151,119,187,39,107,18,14,13,111,52,89,75,80,71,162,53,183,69,159,164,90,28,155,73,99,106,136,132,152,49,170,172,86,76,133,85,104,17,8,16,56,21,108,192,125,15,9,33,154,122,179,195,185,127,96,171,141,98,114,64,79,177,27,88,5,186,199,83,59,129,24,95,149,165,181,120,3,169,191,135,146];True
1433;7432;8865;[34,4,144,70,19,87,121,178,161,102,145,84,77,112,93,147,66,157,103,116,65,124,168,31,142,117,167,61,45,188,196,35,78,128,42,57,197,131,191,126,143,160,91,1,150,105,180,41,36,46,140,92,82,23,189,47,175,12,22,26,176,193,109,20,67,166,38,139,63,118,48,194,182,198,174,184,115,125,32,72,163,25,51,50,190,10,130,113,156,74,44,138,37,94,173,40,2,110,81,153,101,100,30,134,148,11,97,58,158,43,7,0,62,68,123,6,137,60,54,151,119,187,39,107,18,14,13,111,52,89,75,80,71,162,53,183,69,159,164,90,28,155,73,99,106,136,132,152,49,170,172,86,76,133,85,104,17,8,16,56,21,108,192,55,15,9,33,154,122,179,195,185,127,96,171,141,98,114,64,79,177,27,88,5,186,199,83,59,129,24,95,149,165,181,120,3,169,29,135,146];True
1418;7480;8898;[146,4,144,70,19,87,121,178,161,102,145,84,77,112,93,147,66,157,103,116,65,124,168,31,142,117,167,61,45,188,196,35,78,128,42,57,197,131,29,126,143,160,91,1,150,105,180,41,36,46,140,92,82,23,189,47,175,12,22,26,176,193,109,20,67,166,38,139,63,118,48,194,182,198,174,184,115,125,32,72,163,25,51,50,190,10,130,113,156,74,44,138,37,94,173,40,2,110,81,153,101,100,30,134,148,11,97,58,158,43,7,0,62,68,123,6,137,60,54,151,119,187,39,107,18,14,13,111,52,89,75,80,71,162,53,183,69,159,164,90,28,155,73,99,106,136,132,152,49,170,172,86,76,133,85,104,17,8,16,56,21,108,192,55,15,9,33,154,122,179,195,185,127,96,171,141,98,114,64,79,177,27,88,5,186,199,83,59,129,24,95,149,165,181,120,3,169,191,135,34];True
1419;7474;8893;[34,4,144,70,19,87,121,178,161,102,145,84,77,112,93,147,66,157,103,116,65,124,168,31,142,117,167,61,45,32,196,35,78,128,42,57,197,131,191,126,143,160,91,1,150,105,180,41,36,46,140,92,82,23,189,47,175,12,22,26,176,193,109,20,67,166,38,139,63,118,48,194,182,198,174,184,115,55,188,72,163,25,51,50,190,10,130,113,156,74,44,138,37,94,173,40,2,110,81,153,101,100,30,134,148,11,97,58,158,43,7,0,62,68,123,6,137,60,54,151,119,187,39,107,18,14,13,111,52,89,75,80,71,162,53,183,69,159,164,90,28,155,73,99,106,136,132,152,49,170,172,86,76,133,85,104,17,8,16,56,21,108,192,125,15,9,33,154,122,179,195,185,127,96,171,141,98,114,64,79,177,27,88,5,186,199,83,59,129,24,95,149,165,181,120,3,169,29,135,146];True
1404;7522;8926;[146,4,144,70,19,87,121,178,161,102,145,84,77,112,93,147,66,157,103,116,65,124,168,31,142,117,167,61,45,32,196,35,78,128,42,57,197,131,29,126,143,160,91,1,150,105,180,41,36,46,140,92,82,23,189,47,175,12,22,26,176,193,109,20,67,166,38,139,63,118,48,194,182,198,174,184,115,55,188,72,163,25,51,50,190,10,130,113,156,74,44,138,37,94,173,40,2,110,81,153,101,100,30,134,148,11,97,58,158,43,7,0,62,68,123,6,137,60,54,151,119,187,39,107,18,14,13,111,52,89,75,80,71,162,53,183,69,159,164,90,28,155,73,99,106,136,132,152,49,170,172,86,76,133,85,104,17,8,16,56,21,108,192,125,15,9,33,154,122,179,195,185,127,96,171,141,98,114,64,79,177,27,88,5,186,199,83,59,129,24,95,149,165,181,120,3,169,191,135,34];True
1414;7484;8898;[146,4,144,70,19,87,121,178,161,102,145,84,77,112,93,147,66,157,103,116,65,124,168,31,142,117,167,61,45,188,196,35,78,128,42,57,197,131,191,126,143,160,91,1,150,105,180,41,36,46,140,92,82,23,189,47,175,12,22,26,176,193,109,20,67,166,38,139,63,118,48,194,182,198,174,184,115,125,32,72,163,25,51,50,190,10,130,113,156,74,44,138,37,94,173,40,2,110,81,153,101,100,30,134,148,11,97,58,158,43,7,0,62,68,123,6,137,60,54,151,119,187,39,107,18,14,13,111,52,89,75,80,71,162,53,183,69,159,164,90,28,155,73,99,106,136,132,152,49,170,172,86,76,133,85,104,17,8,16,56,21,108,192,55,15,9,33,154,122,179,195,185,127,96,171,141,98,114,64,79,177,27,88,5,186,199,83,59,129,24,95,149,165,181,120,3,169,29,135,34];True
1400;7526;8926;[146,4,144,70,19,87,121,178,161,102,145,84,77,112,93,147,66,157,103,116,65,124,168,31,142,117,167,61,45,32,196,35,78,128,42,57,197,131,191,126,143,160,91,1,150,105,180,41,36,46,140,92,82,23,189,47,175,12,22,26,176,193,109,20,67,166,38,139,63,118,48,194,182,198,174,184,115,55,188,72,163,25,51,50,190,10,130,113,156,74,44,138,37,94,173,40,2,110,81,153,101,100,30,134,148,11,97,58,158,43,7,0,62,68,123,6,137,60,54,151,119,187,39,107,18,14,13,111,52,89,75,80,71,162,53,183,69,159,164,90,28,155,73,99,106,136,132,152,49,170,172,86,76,133,85,104,17,8,16,56,21,108,192,125,15,9,33,154,122,179,195,185,127,96,171,141,98,114,64,79,177,27,88,5,186,199,83,59,129,24,95,149,165,181,120,3,169,29,135,34];True
2057;7073;9130;[34,4,109,70,19,87,121,178,102,132,130,84,77,112,93,147,66,157,103,105,74,188,168,31,142,117,167,61,45,138,41,49,78,128,42,57,197,125,145,126,143,160,91,1,150,124,180,196,36,46,140,92,82,23,189,195,175,12,22,26,176,193,135,20,67,166,38,139,63,118,48,194,29,198,174,184,35,161,32,72,163,25,51,50,190,10,0,113,156,71,44,65,37,94,173,18,131,110,81,153,80,100,30,134,148,11,97,58,158,43,7,101,181,68,123,6,137,86,76,151,119,187,39,107,55,14,13,111,52,89,75,182,116,162,53,183,69,159,164,90,28,155,73,99,106,136,115,152,2,170,172,60,54,133,85,104,17,8,16,56,21,108,192,40,15,9,33,154,122,179,27,185,127,96,171,141,98,114,64,79,177,47,88,5,186,199,83,59,129,24,95,149,165,62,120,3,169,191,144,146];True
1896;7130;9026;[34,4,144,70,19,87,121,178,102,132,130,84,77,112,93,147,66,157,103,105,74,188,168,31,142,117,57,61,45,138,41,49,78,128,42,101,197,125,145,126,143,160,91,1,150,124,180,196,36,46,140,92,82,23,189,195,175,12,22,26,176,193,109,20,67,166,38,139,63,118,48,194,29,198,174,184,35,161,32,72,163,25,51,50,190,10,0,113,156,71,44,65,37,94,173,18,131,110,81,153,80,100,30,134,148,11,97,58,158,43,7,167,181,68,123,6,137,86,76,151,119,187,39,107,55,14,13,111,52,89,75,182,116,162,53,183,69,159,164,90,28,155,73,99,106,136,115,152,2,170,172,60,54,133,85,104,17,8,16,56,21,108,192,40,15,9,33,154,122,179,27,185,127,96,171,141,98,114,64,79,177,47,88,5,186,199,83,59,129,24,95,149,165,62,120,3,169,191,135,146];True
2005;7088;9093;[34,4,144,70,19,87,121,178,102,132,130,84,77,112,93,147,66,157,103,105,74,188,168,31,142,117,167,61,45,138,41,49,78,128,42,122,197,125,145,126,143,160,91,1,150,124,180,196,36,46,140,92,82,23,189,195,175,12,22,26,176,193,109,20,67,166,38,139,63,118,48,194,29,198,174,184,35,161,32,72,163,25,51,50,190,10,0,113,156,71,44,65,37,94,173,18,131,110,81,153,80,100,30,134,148,11,97,58,158,43,7,101,181,68,123,6,137,86,76,151,119,187,39,107,55,14,13,111,52,89,75,182,116,162,53,183,69,159,164,90,28,155,73,99,106,136,115,152,2,170,172,60,54,133,85,104,17,8,16,56,21,108,192,40,15,9,33,154,5,179,27,185,127,96,171,141,98,114,64,79,177,47,88,57,186,199,83,59,129,24,95,149,165,62,120,3,169,191,135,146];True
