utilA;utilB;utilSum;contract;pareto
2371;7116;9487;[50,4,121,162,147,6,129,70,172,12,130,84,77,112,93,184,66,157,103,105,74,188,168,31,142,117,167,61,45,138,41,49,78,128,42,57,197,146,118,126,143,160,91,1,33,124,180,196,36,46,140,92,82,23,189,81,0,85,22,26,176,193,109,190,170,95,38,139,65,20,178,194,34,198,174,19,2,67,32,9,163,25,51,8,16,125,11,113,156,71,165,87,37,94,173,18,131,110,101,59,80,100,30,134,148,195,97,58,175,151,7,191,181,68,123,72,137,158,54,52,119,187,39,107,55,14,13,111,132,89,75,149,15,135,53,183,69,159,164,90,28,155,73,99,106,136,115,152,35,161,102,86,133,76,122,116,104,17,145,56,21,108,192,40,169,182,29,154,60,177,27,43,127,96,171,141,98,114,64,79,179,47,88,5,186,199,83,153,166,24,150,10,185,62,120,3,144,44,48,63];True
2360;7117;9477;[50,4,121,162,147,6,129,70,172,12,130,84,77,112,93,46,66,157,103,105,74,188,144,31,142,117,167,61,45,138,41,49,78,128,42,57,197,146,118,126,143,160,91,1,33,124,180,196,36,184,140,92,82,23,189,81,0,85,22,26,176,193,109,190,170,95,38,139,65,20,178,145,34,198,174,19,2,67,32,9,163,25,51,8,16,125,11,113,156,71,165,87,37,94,173,18,131,110,101,59,80,100,30,134,148,195,97,58,175,151,7,191,181,68,123,72,137,158,54,52,119,187,39,107,55,14,13,111,132,89,75,149,15,135,53,183,69,159,164,90,28,155,73,99,106,136,115,152,35,161,102,86,133,76,122,116,104,17,194,56,21,108,192,40,169,182,29,154,60,177,27,43,127,96,171,141,98,114,64,79,179,47,88,5,186,199,83,153,166,24,150,10,185,62,120,3,168,44,48,63];True
2322;7121;9443;[50,21,174,178,9,37,94,118,172,12,130,117,77,112,93,184,66,157,103,105,74,188,144,31,19,2,167,61,45,138,41,49,78,128,42,57,3,121,162,126,143,160,91,1,33,124,147,196,36,46,140,92,82,23,189,81,0,85,22,26,176,193,109,190,170,95,38,139,65,20,51,149,34,198,146,4,84,67,32,72,163,25,70,142,16,125,11,113,156,71,165,87,194,8,173,18,131,110,101,59,80,100,30,134,148,195,97,58,175,151,7,191,181,68,123,6,137,158,54,52,119,187,39,107,55,14,13,111,132,89,75,129,15,135,53,183,69,159,164,90,28,155,73,99,106,136,115,152,35,161,102,86,133,76,122,116,104,17,145,56,180,108,192,40,169,182,29,154,60,177,27,43,127,96,171,141,98,114,64,79,179,47,88,5,186,199,83,153,166,24,150,10,185,62,120,197,168,44,48,63];False
2322;7120;9442;[50,21,174,178,9,37,94,118,172,12,130,117,77,112,93,184,66,157,103,105,74,188,144,31,149,195,167,61,45,138,41,49,78,128,42,57,3,121,162,126,143,160,91,1,33,124,147,196,36,46,140,92,82,23,189,81,0,85,22,26,176,193,109,190,170,95,38,139,65,20,51,142,34,198,146,4,84,67,32,72,163,25,70,19,16,125,11,113,156,71,165,87,194,8,173,18,131,110,101,59,80,100,30,134,148,2,97,58,175,151,7,191,181,68,123,6,137,158,54,52,119,187,39,107,55,14,13,111,132,89,75,129,15,135,53,183,69,159,164,90,28,155,73,99,106,136,115,152,35,161,102,86,133,76,122,116,104,17,145,56,180,108,192,40,169,182,29,154,60,177,27,43,127,96,171,141,98,114,64,79,179,47,88,5,186,199,83,153,166,24,150,10,185,62,120,197,168,44,48,63];True
1794;7633;9427;[50,172,12,22,26,178,120,3,2,130,84,117,77,112,31,29,66,157,103,105,74,188,144,118,147,0,101,61,45,125,167,180,78,128,42,57,37,121,162,126,143,160,91,1,33,124,94,196,52,182,140,92,82,23,189,81,87,85,104,20,146,193,109,93,170,95,38,139,19,194,51,149,9,127,175,123,176,67,32,72,137,25,70,65,16,190,11,113,156,71,165,184,138,8,173,18,131,110,41,59,80,100,30,134,148,195,97,58,6,43,7,191,181,68,198,142,163,158,54,36,119,187,39,107,55,14,13,197,132,89,75,4,15,135,53,183,69,159,164,90,28,155,73,99,106,136,115,152,35,161,102,86,133,76,122,116,49,46,145,56,34,108,192,40,169,129,24,154,60,177,27,151,111,96,171,141,98,114,64,79,179,47,88,5,186,199,83,153,166,174,150,10,185,62,44,21,168,17,48,63];True
1796;7619;9415;[37,172,12,22,81,93,147,3,2,130,84,117,77,112,193,24,66,157,103,105,74,188,144,118,10,0,101,61,45,138,41,88,104,128,42,57,87,121,162,126,143,160,91,1,33,124,94,196,36,46,140,92,82,23,189,49,178,106,136,26,146,190,185,78,170,95,38,139,19,20,51,149,34,194,180,123,176,67,32,72,163,25,70,65,16,125,11,113,156,71,165,184,31,8,173,18,131,110,167,59,80,100,30,134,148,195,97,137,175,151,7,191,181,68,198,142,58,158,54,52,29,187,39,107,85,14,13,111,132,89,75,4,15,135,53,183,69,159,164,90,28,155,73,99,109,50,115,152,35,161,102,86,133,76,122,116,17,55,145,56,21,108,192,40,169,129,119,154,60,177,27,43,127,96,171,141,98,114,64,79,179,47,182,5,186,199,83,153,166,174,150,6,9,62,120,197,168,44,48,63];True
1845;7556;9401;[37,172,12,22,81,93,147,3,2,130,84,117,77,112,193,24,66,157,103,105,74,188,144,118,10,0,167,61,45,138,41,88,104,128,42,57,87,121,162,126,143,160,91,1,33,124,94,196,36,46,140,92,82,23,189,49,178,106,136,26,146,190,9,78,170,166,38,139,19,20,51,149,34,194,180,123,176,67,32,72,163,25,70,65,16,125,11,113,156,71,165,184,31,8,173,18,131,110,101,59,80,100,30,134,148,195,97,137,175,151,7,191,181,68,198,142,58,158,54,52,29,187,39,107,85,14,13,111,132,89,75,4,15,135,53,183,69,159,164,90,28,155,73,99,109,50,115,152,35,161,102,86,133,76,122,116,17,55,145,56,21,108,192,40,169,129,119,154,60,177,27,43,127,96,171,141,98,114,64,79,179,47,182,5,186,199,83,153,95,174,150,6,185,62,120,197,168,44,48,63];False
1798;7596;9394;[104,172,12,22,81,93,147,3,2,130,132,117,77,112,193,24,66,157,103,105,74,188,144,118,10,0,167,61,45,138,41,88,78,128,42,57,37,121,162,126,143,160,91,1,33,124,94,196,36,46,140,92,82,23,189,49,87,106,136,26,146,159,9,178,170,95,38,139,19,20,51,149,34,194,180,123,176,67,32,72,163,25,70,65,16,125,11,113,156,71,165,184,31,8,173,18,131,110,101,59,80,100,30,134,148,195,97,137,175,151,7,191,181,68,198,142,58,158,54,52,29,187,39,107,85,14,13,111,84,89,75,4,15,135,53,183,69,190,164,90,28,155,73,99,109,50,115,152,35,161,102,86,133,76,122,116,17,55,145,56,21,108,192,40,169,129,119,154,60,177,27,43,127,96,171,141,98,114,64,79,179,47,182,5,186,199,83,153,166,174,150,6,185,62,120,197,168,44,48,63];True
2247;7146;9393;[50,4,121,162,147,6,129,19,172,12,130,84,77,112,93,184,66,157,103,105,74,188,144,31,142,117,167,61,45,138,41,49,78,128,42,57,197,146,118,126,143,160,91,1,33,124,180,196,36,46,140,92,82,23,189,81,0,85,22,26,176,193,109,190,170,95,38,139,65,20,70,194,34,198,174,178,9,67,32,2,163,25,51,8,16,125,11,113,156,71,165,87,37,94,173,18,131,110,101,59,80,100,30,134,148,195,97,58,175,151,7,191,181,68,123,72,137,158,54,52,119,187,39,107,55,14,13,111,132,89,75,149,15,135,53,183,69,159,164,90,28,155,73,99,106,136,115,152,35,161,102,86,133,76,122,116,104,17,145,56,21,108,192,40,169,182,29,154,60,177,27,43,127,96,171,141,98,114,64,79,179,47,88,5,186,199,83,153,166,24,150,10,185,62,120,3,168,44,48,63];True
2209;7175;9384;[50,4,121,162,147,9,149,19,172,132,130,84,77,112,93,178,66,157,103,105,74,188,144,31,142,117,167,61,45,138,41,49,78,128,42,57,197,146,118,126,143,160,91,1,33,124,180,196,36,46,140,92,82,23,189,81,0,85,22,26,176,193,109,190,170,95,38,139,65,20,70,194,34,198,174,184,35,67,32,72,163,25,51,8,16,125,11,113,156,71,165,87,37,94,173,18,131,110,101,59,80,100,30,134,148,195,97,58,151,175,7,191,181,68,123,6,137,158,54,52,119,187,39,107,55,14,13,111,12,89,75,129,15,135,53,183,69,159,164,90,28,155,73,99,106,136,115,152,2,161,102,86,133,76,122,116,104,17,145,56,21,108,192,40,169,182,29,154,60,177,27,43,127,96,171,141,98,114,64,79,179,47,88,5,186,199,83,153,166,24,150,10,185,62,120,3,168,44,48,63];True
2221;7163;9384;[50,4,121,162,147,9,149,19,172,12,130,84,77,112,93,178,66,157,103,105,74,188,144,31,142,117,167,61,45,138,41,49,78,128,42,57,197,146,118,126,143,160,91,1,33,124,180,196,36,46,140,92,82,67,189,81,0,85,22,26,176,193,109,190,170,95,38,139,65,20,70,194,34,198,174,184,35,23,32,72,163,25,51,8,16,125,11,113,156,71,165,87,37,94,173,18,131,110,101,59,80,100,30,134,148,195,97,58,175,151,7,191,181,68,123,6,137,158,54,52,119,187,39,107,55,14,13,111,132,89,75,129,15,135,53,183,69,159,164,90,28,155,73,99,106,136,115,152,2,161,102,86,133,76,122,116,104,17,145,56,21,108,192,40,169,182,29,154,60,177,27,43,127,96,171,141,98,114,64,79,179,47,88,5,186,199,83,153,166,24,150,10,185,62,120,3,168,44,48,63];True
2211;7171;9382;[50,4,28,162,147,9,149,19,172,12,130,84,77,112,93,178,66,157,103,105,74,188,144,31,142,117,167,61,45,138,41,49,78,128,42,57,197,146,118,126,143,160,91,1,33,124,180,196,36,46,140,92,82,23,189,81,0,85,22,26,176,193,109,190,170,95,38,139,65,20,70,194,34,198,174,184,35,67,32,72,163,25,51,8,16,125,11,113,156,71,165,87,37,94,173,18,131,110,101,59,80,100,30,134,148,195,97,58,151,175,7,191,181,68,123,6,137,158,54,52,119,187,39,107,55,14,13,111,132,89,75,129,15,135,53,183,69,159,164,90,121,155,73,99,106,136,115,152,2,161,102,86,133,76,122,116,104,17,145,56,21,108,192,40,169,182,29,154,60,177,27,43,127,96,171,141,98,114,64,79,179,47,88,5,186,199,83,153,166,24,150,10,185,62,120,3,168,44,48,63];True
1851;7529;9380;[37,172,12,22,81,93,147,3,2,130,84,117,77,112,193,24,66,157,103,105,74,188,144,118,10,0,167,61,45,138,41,88,104,128,42,57,87,121,162,126,143,160,91,1,33,124,94,196,36,46,140,92,82,23,189,49,178,106,136,26,146,159,9,78,170,95,38,139,19,20,51,149,34,194,180,123,176,67,32,72,163,25,70,65,16,125,11,113,156,71,165,184,31,8,173,18,131,110,101,59,80,100,30,134,148,195,97,137,175,151,7,191,181,68,198,142,58,158,54,52,29,187,39,107,85,14,13,111,132,89,75,4,15,135,53,183,69,190,164,90,28,155,73,99,109,50,115,152,35,161,102,86,133,76,122,116,17,55,145,56,21,108,192,40,169,129,119,154,60,177,27,43,127,96,171,141,98,114,64,79,179,47,182,83,186,199,5,153,166,174,150,6,185,62,120,197,168,44,48,63];True
1885;7493;9378;[90,172,12,22,26,178,147,3,2,130,132,117,77,112,106,24,66,157,103,105,74,188,93,118,10,0,101,61,45,138,41,49,78,128,42,57,37,121,162,126,143,160,91,1,33,124,94,196,36,182,140,92,82,23,189,81,87,85,104,46,146,193,136,144,170,95,38,139,19,20,51,149,34,194,180,123,176,67,32,72,163,25,70,65,16,190,11,113,156,71,165,184,31,8,173,18,131,110,167,59,80,100,30,134,148,195,97,137,175,151,7,191,181,68,198,142,58,158,54,52,119,187,39,107,55,14,13,111,84,89,75,4,15,135,53,183,69,159,164,9,28,155,73,99,109,50,115,152,35,161,102,86,133,76,122,116,44,125,145,56,21,108,192,40,169,129,29,154,60,177,27,43,127,96,171,141,98,114,64,79,179,47,88,5,186,199,83,153,166,174,150,6,185,62,120,197,168,17,48,63];True
1868;7510;9378;[13,172,12,22,26,178,147,3,2,130,84,117,77,112,106,24,66,157,103,105,74,188,93,118,10,0,101,61,45,138,41,49,78,128,42,57,37,121,162,126,143,160,91,1,33,124,94,196,36,182,140,92,82,23,189,81,87,85,104,46,146,193,136,144,170,95,38,139,19,20,51,149,34,194,180,123,176,67,32,72,163,25,70,65,16,190,11,113,156,71,165,184,31,8,173,18,131,110,167,59,80,100,30,134,148,195,97,137,175,151,7,191,181,68,198,142,58,158,54,52,119,187,39,107,55,14,90,111,132,89,75,4,15,135,53,183,69,159,164,9,28,155,73,99,109,50,115,152,35,161,102,86,133,76,122,116,44,125,145,56,21,108,192,40,169,129,29,154,60,177,27,43,127,96,171,141,98,114,64,79,179,47,88,5,186,199,83,153,166,174,150,6,185,62,120,197,168,17,48,63];False
1831;7546;9377;[78,172,12,22,81,93,147,3,2,130,84,117,77,112,193,24,66,157,103,105,74,188,144,118,10,0,167,61,45,138,41,88,104,128,42,57,37,121,162,126,143,160,91,1,33,124,94,196,36,46,140,92,82,23,189,49,87,106,136,26,146,190,9,178,170,95,38,139,19,20,51,149,34,194,180,123,176,67,32,72,163,25,70,65,16,125,11,113,156,71,165,184,31,8,173,18,131,110,101,59,80,100,30,134,148,195,97,137,175,151,7,191,181,68,198,142,58,158,54,52,29,187,39,107,85,14,13,111,132,89,75,4,15,135,53,183,69,159,164,90,28,155,73,99,109,50,115,152,35,161,102,86,133,76,122,116,17,55,145,56,21,108,192,40,169,129,119,154,60,177,27,43,127,96,171,141,98,114,64,79,179,47,182,5,186,199,83,153,166,174,150,6,185,62,120,197,168,44,48,63];True
1891;7484;9375;[74,172,12,22,26,178,147,3,2,130,84,117,77,112,106,24,66,157,103,105,90,188,93,118,10,110,167,61,45,138,41,49,78,128,42,57,37,121,162,126,143,160,91,1,33,124,94,196,36,182,140,92,82,23,189,81,87,85,104,20,146,193,136,144,170,95,38,139,19,46,51,149,34,194,180,123,176,67,32,72,163,25,70,65,16,190,11,113,156,71,165,184,31,8,173,18,131,0,101,59,80,100,30,134,148,195,97,137,175,151,7,191,181,68,198,142,58,158,54,52,119,187,39,107,55,14,13,111,132,89,75,4,15,135,53,183,69,159,164,9,28,155,73,99,109,50,115,152,35,161,102,86,133,76,122,116,44,125,145,56,21,108,192,40,169,129,29,154,60,177,27,43,127,96,171,141,98,114,64,79,179,47,88,5,186,199,83,153,166,174,150,6,185,62,120,197,168,17,48,63];False
1868;7500;9368;[13,172,12,22,26,178,147,3,2,130,132,117,77,112,106,24,66,157,103,105,74,188,93,118,10,0,167,61,45,138,41,49,78,128,42,57,37,121,162,126,143,160,91,1,33,14,94,196,36,182,140,92,82,23,189,81,87,85,104,46,146,193,136,144,170,95,38,139,19,20,51,149,34,194,180,123,176,67,32,72,163,25,70,65,16,190,11,113,156,71,165,184,31,8,173,18,131,110,101,59,80,100,30,134,148,195,97,137,175,151,7,191,181,68,198,142,58,158,54,52,119,187,39,107,55,124,90,111,84,89,75,4,15,135,53,183,69,159,164,9,28,155,73,99,109,50,115,152,35,161,102,86,133,76,122,116,44,125,145,56,21,108,192,40,169,129,29,154,60,177,27,43,127,96,171,141,98,114,64,79,179,47,88,5,186,199,83,153,166,174,150,6,185,62,120,197,168,17,48,63];True
1854;7513;9367;[13,172,12,22,26,178,147,3,2,130,84,117,77,112,106,24,66,157,103,105,74,188,93,118,10,110,167,61,45,138,41,49,78,128,42,57,37,121,162,126,143,160,91,1,33,14,94,196,36,182,140,92,82,23,189,81,87,85,104,46,146,193,136,144,170,95,38,139,19,20,51,149,34,194,180,123,176,67,32,72,163,25,70,65,16,190,11,113,156,71,165,184,31,8,173,18,131,0,101,59,80,100,30,134,148,195,97,137,175,151,7,191,181,68,198,142,58,158,54,52,119,187,39,107,55,124,90,111,132,89,75,4,15,135,53,183,69,159,164,9,28,155,73,99,109,50,115,152,35,161,102,86,133,76,122,116,44,125,145,56,21,108,192,40,169,129,29,154,60,177,27,43,127,96,171,141,98,114,64,79,179,47,88,5,186,199,83,153,166,174,150,6,185,62,120,197,168,17,48,63];True
1908;7450;9358;[74,172,12,22,26,178,147,3,2,130,84,117,77,112,106,24,66,157,103,105,90,188,93,118,10,0,167,61,45,138,41,49,78,128,42,57,37,121,162,126,143,160,91,1,33,124,94,196,36,182,140,92,82,23,189,81,87,85,104,20,146,193,136,144,170,95,38,139,19,46,51,149,34,194,180,123,176,67,32,72,163,25,70,65,16,190,11,113,156,71,165,184,31,8,173,18,131,110,101,59,80,100,30,134,148,195,97,137,175,151,7,191,181,68,198,142,58,158,54,52,119,187,39,107,55,14,13,111,132,89,75,4,15,135,53,183,69,159,164,9,28,155,73,99,109,50,115,152,35,161,102,86,133,76,122,116,44,125,145,56,21,108,192,40,169,129,29,154,60,177,27,43,127,96,171,141,98,114,64,79,179,47,88,5,186,199,83,153,166,174,150,6,185,62,120,197,168,17,48,63];True
1891;7466;9357;[74,172,12,22,26,178,147,3,2,130,84,117,77,112,106,24,66,157,103,105,90,188,93,118,10,0,167,61,45,138,41,49,78,128,42,57,37,121,162,126,143,160,91,1,33,124,94,196,52,182,140,92,82,23,189,81,87,85,104,46,146,193,136,144,170,95,38,139,19,20,51,149,34,194,180,123,176,67,32,72,163,25,70,65,16,190,11,113,156,71,165,184,31,8,173,18,131,110,101,59,80,100,30,134,148,195,97,137,175,151,7,191,181,68,198,142,58,158,54,36,119,187,39,107,55,14,13,111,132,89,75,129,15,135,53,183,69,159,164,9,28,155,73,99,109,50,115,152,35,161,102,86,133,76,122,116,44,125,145,56,21,108,192,40,169,4,29,154,60,177,27,43,127,96,171,141,98,114,64,79,179,47,88,5,186,199,83,153,166,174,150,6,185,62,120,197,168,17,48,63];True
1903;7451;9354;[90,172,12,22,26,178,147,3,2,130,84,117,77,112,106,24,66,157,103,105,74,188,93,118,10,110,167,61,45,138,41,49,78,128,42,57,37,121,162,126,143,160,91,1,33,124,94,196,36,182,140,92,82,23,189,81,87,85,104,20,146,193,136,144,170,95,38,139,19,46,51,149,34,194,180,123,176,67,32,72,163,25,70,65,16,190,11,113,156,71,165,184,31,8,173,18,131,0,101,59,80,100,30,134,148,195,97,137,175,151,7,191,181,68,198,142,58,158,54,52,119,187,39,107,55,14,13,111,132,89,75,4,15,135,53,183,69,159,164,9,28,155,73,99,109,50,115,152,35,161,102,86,133,76,122,116,44,125,145,56,21,108,192,40,169,129,29,154,60,177,27,43,127,96,171,141,98,114,64,79,179,47,88,5,186,199,83,153,166,174,150,6,185,62,120,197,168,17,48,63];True
2164;7177;9341;[50,4,121,162,147,9,149,19,172,12,130,84,77,112,93,184,66,157,103,105,74,188,144,31,142,117,167,61,45,138,41,49,78,128,42,57,197,146,118,126,143,160,91,1,33,124,180,196,36,46,140,92,82,23,189,81,0,85,22,26,176,193,109,190,170,95,38,139,65,20,70,194,34,198,174,178,2,67,32,72,163,25,51,8,16,125,11,113,156,71,165,87,37,94,173,18,131,110,101,59,80,100,30,134,148,195,97,58,175,151,7,191,181,68,123,6,137,158,54,52,119,187,39,107,55,14,13,111,132,89,75,129,15,135,53,183,69,159,164,90,28,155,73,99,106,136,115,152,35,161,102,86,133,76,122,116,104,17,145,56,21,108,192,40,169,182,29,154,60,177,27,43,127,96,171,141,98,114,64,79,179,47,88,5,186,199,83,153,166,24,150,10,185,62,120,3,168,44,48,63];True
2148;7189;9337;[50,190,121,162,109,9,178,19,172,12,130,84,77,112,93,147,66,157,103,105,74,188,144,31,142,117,167,61,45,138,41,49,78,128,42,57,197,146,118,126,143,160,91,1,33,124,180,196,36,46,140,92,82,23,189,81,0,85,22,26,176,193,20,149,170,95,38,139,65,4,70,194,34,198,174,184,35,67,32,72,163,25,51,8,16,125,11,113,156,71,165,87,37,94,173,18,131,110,101,59,80,100,30,134,148,195,97,58,175,151,7,191,181,68,123,6,137,158,54,52,119,187,39,107,55,14,13,111,132,89,75,129,15,135,53,183,69,159,164,90,28,155,73,99,106,136,115,152,2,161,102,86,133,76,122,116,104,17,145,56,21,108,192,40,169,182,29,154,60,177,27,43,127,96,171,141,98,114,64,79,179,47,88,5,186,199,83,153,166,24,150,10,185,62,120,3,168,44,48,63];True
1940;7392;9332;[9,118,129,162,22,87,121,178,111,132,130,84,77,112,93,147,66,157,103,197,74,188,144,31,142,117,167,61,45,138,41,49,78,128,42,57,136,50,190,126,143,160,91,1,33,124,180,196,36,46,140,92,82,23,189,81,0,85,19,26,176,193,109,20,170,95,38,139,146,4,105,194,34,198,174,184,35,67,32,72,163,25,51,8,16,125,11,113,156,71,165,65,37,94,173,18,131,110,101,59,80,100,30,134,148,195,97,58,175,151,7,191,181,68,123,6,137,158,54,52,119,187,39,107,55,14,13,172,12,89,75,149,15,135,53,183,69,159,164,90,28,155,73,99,106,70,115,152,2,161,102,86,133,76,122,116,104,17,145,56,21,108,192,40,169,182,29,154,60,177,27,43,127,96,171,141,98,114,64,79,179,47,88,5,186,199,83,153,166,24,150,10,185,62,120,3,168,44,48,63];True
1993;7332;9325;[50,143,129,162,19,87,121,178,127,132,130,84,77,112,93,147,66,157,103,197,74,188,144,31,142,117,167,61,45,138,41,49,78,128,42,57,136,9,190,126,118,160,91,1,33,124,180,196,36,46,140,92,82,23,189,81,0,85,22,26,176,193,109,20,170,95,38,139,146,4,105,194,34,198,174,184,35,67,32,72,163,25,51,8,16,125,11,113,156,71,165,65,37,94,173,18,131,110,101,59,80,100,30,134,148,195,97,58,175,151,7,191,181,68,123,6,137,158,54,52,119,187,39,107,55,14,13,172,12,89,75,149,15,135,53,183,69,159,164,90,28,155,73,99,106,70,115,152,2,161,102,86,133,76,122,116,104,17,145,56,21,108,192,40,169,182,29,154,60,177,27,43,111,96,171,141,98,114,64,79,179,47,88,5,186,199,83,153,166,24,150,10,185,62,120,3,168,44,48,63];False
2131;7193;9324;[50,4,121,178,147,9,149,19,172,12,130,84,77,112,93,118,66,157,103,105,74,188,144,31,142,117,167,61,45,138,41,49,78,128,42,57,197,146,162,126,143,160,91,1,33,124,180,196,36,46,140,92,82,23,189,81,0,85,22,26,176,193,109,190,170,95,38,139,65,20,70,194,34,198,174,184,35,67,32,72,163,25,51,8,16,125,11,113,156,71,165,87,37,94,173,18,131,110,101,59,80,100,30,134,148,195,97,58,151,175,7,191,181,68,123,6,137,158,54,52,119,187,39,107,55,14,13,111,132,89,75,129,15,135,53,183,69,159,164,90,28,155,73,99,106,136,115,152,2,161,102,86,133,76,122,116,104,17,145,56,21,108,192,40,169,182,29,154,60,177,27,43,127,96,171,141,98,114,64,79,179,47,88,5,186,199,83,153,166,24,150,10,185,62,120,3,168,44,48,63];True
2108;7213;9321;[50,190,121,178,147,9,149,19,172,12,130,84,77,112,93,118,66,157,103,105,74,188,144,31,142,117,167,61,45,138,41,49,78,128,42,57,197,146,162,126,143,160,91,1,33,124,180,196,36,46,140,92,82,23,189,81,0,85,22,26,176,193,109,20,170,95,38,139,65,4,70,194,34,198,174,184,35,67,32,72,163,25,51,8,16,125,11,113,156,71,165,87,37,94,173,18,131,110,101,59,80,100,30,134,148,195,97,58,151,175,7,191,181,68,123,6,137,158,54,52,119,187,39,107,55,14,13,111,132,89,75,129,15,135,53,183,69,159,164,90,28,155,73,99,106,136,115,152,2,161,102,86,133,76,122,116,104,17,145,56,21,108,192,40,169,182,29,154,60,177,27,43,127,96,171,141,98,114,64,79,179,47,88,5,186,199,83,153,166,24,150,10,185,62,120,3,168,44,48,63];True
1993;7327;9320;[9,143,129,162,22,87,121,178,111,132,130,84,77,112,93,147,66,157,103,105,74,188,144,31,142,117,167,61,45,138,41,49,78,128,42,57,197,50,190,126,118,160,91,1,33,124,180,196,36,46,140,92,82,23,189,81,0,85,19,26,176,193,109,20,170,95,38,139,146,4,70,194,34,198,174,184,35,67,32,72,163,25,51,8,16,125,11,113,156,71,165,65,37,94,173,18,131,110,101,59,80,100,30,134,148,195,97,58,151,175,7,191,181,68,123,6,137,158,54,52,119,187,39,107,55,14,13,172,12,89,75,149,15,135,53,183,69,159,164,90,28,155,73,99,106,136,115,152,2,161,102,86,133,76,122,116,104,17,145,56,21,108,192,40,169,182,29,154,60,177,27,43,127,96,171,141,98,114,64,79,179,47,88,5,186,199,83,153,166,24,150,10,185,62,120,3,168,44,48,63];True
1945;7374;9319;[71,118,129,162,19,87,121,178,111,132,130,84,77,112,93,147,66,157,103,197,74,188,144,9,142,117,167,61,45,138,41,49,78,128,42,57,136,50,190,126,143,160,91,1,33,124,180,196,36,46,140,92,82,23,189,81,0,85,22,26,176,193,109,20,170,95,38,139,146,4,105,194,31,198,174,184,35,67,32,72,163,25,51,8,16,125,11,113,156,34,165,65,37,94,173,18,131,110,101,59,80,100,30,134,148,195,97,58,175,151,7,191,181,68,123,6,137,158,54,52,119,187,39,107,55,14,13,172,12,89,75,149,15,135,53,183,69,159,164,90,28,155,73,99,106,70,115,152,2,161,102,86,133,76,122,116,104,17,145,56,21,108,192,40,169,182,29,154,60,177,27,43,127,96,171,141,98,114,64,79,179,47,88,5,186,199,83,153,166,24,150,10,185,62,120,3,168,44,48,63];True
1996;7321;9317;[180,123,129,162,22,87,121,178,127,132,130,84,77,112,93,147,66,157,103,105,74,188,144,31,142,117,167,61,45,138,41,49,78,128,42,57,197,146,190,126,143,160,91,1,33,124,44,196,36,46,140,92,82,23,189,81,0,85,19,26,176,193,109,20,170,95,38,139,9,4,70,194,34,198,174,184,35,67,32,72,163,25,51,8,16,125,11,113,156,71,165,65,37,94,173,18,131,110,101,59,80,100,30,134,148,195,97,58,151,175,7,191,181,68,118,6,137,158,54,52,119,187,39,107,55,14,13,172,12,89,75,149,15,135,53,183,69,159,164,90,28,155,73,99,106,136,115,152,2,161,102,86,133,76,122,116,104,17,145,56,21,108,192,40,169,182,29,154,60,177,27,43,111,96,171,141,98,114,64,79,179,47,88,5,186,199,83,153,166,24,150,10,185,62,120,3,168,50,48,63];True
1997;7320;9317;[180,123,129,162,22,87,121,178,127,132,130,84,77,112,93,147,66,157,103,105,74,188,144,31,142,117,167,61,45,138,41,49,78,128,42,57,197,146,190,126,143,160,91,1,33,124,44,196,36,46,140,92,82,23,189,81,0,85,19,26,176,193,109,20,170,95,38,139,9,4,70,194,34,198,174,184,35,67,32,72,163,25,51,8,16,125,11,113,156,71,165,65,37,94,173,18,131,110,101,59,80,100,30,134,148,195,97,58,175,151,7,191,181,68,118,6,137,158,54,52,119,187,39,107,55,14,13,172,12,89,75,149,15,135,53,183,69,159,164,90,28,155,73,99,106,136,115,152,2,161,102,86,133,76,122,116,104,17,145,56,21,108,192,40,169,182,29,154,60,177,27,43,111,96,171,141,98,114,64,79,179,47,88,5,186,199,83,153,166,24,150,10,185,62,120,3,168,50,48,63];True
1995;7322;9317;[50,143,129,162,22,87,121,178,111,132,130,84,77,112,93,147,66,157,103,197,74,188,144,31,142,117,167,61,45,138,41,49,78,128,42,57,125,9,190,126,118,160,91,1,33,124,180,196,36,46,140,92,82,23,189,81,0,85,19,26,176,193,109,20,170,95,38,139,146,4,105,194,34,198,174,184,35,67,32,72,163,25,51,8,16,136,11,113,156,71,165,65,37,94,173,18,131,110,101,59,80,100,30,134,148,195,97,58,175,151,7,191,181,68,123,6,137,158,54,52,119,187,39,107,55,14,13,172,12,89,75,149,15,135,53,183,69,159,164,90,28,155,73,99,106,70,115,152,2,161,102,86,133,76,122,116,104,17,145,56,21,108,192,40,169,182,29,154,60,177,27,43,127,96,171,141,98,114,64,79,179,47,88,5,186,199,83,153,166,24,150,10,185,62,120,3,168,44,48,63];True
1982;7335;9317;[180,123,129,162,19,87,121,178,111,132,130,84,77,112,93,147,66,157,103,105,74,188,144,31,142,117,167,61,45,138,41,49,78,128,42,57,197,170,190,126,143,160,91,1,33,124,44,196,36,46,140,92,82,23,189,81,0,85,22,26,176,193,109,20,146,95,38,139,9,4,70,194,34,198,174,184,35,67,32,72,163,25,51,8,16,125,11,113,156,71,165,65,37,94,173,18,131,110,101,59,80,100,30,134,148,195,97,58,151,175,7,191,181,68,118,6,137,158,54,52,119,187,39,107,55,14,13,172,12,89,75,149,15,135,53,183,69,159,164,90,28,155,73,99,106,136,115,152,2,161,102,86,133,76,122,116,104,17,145,56,21,108,192,40,169,182,29,154,60,177,27,43,127,96,171,141,98,114,64,79,179,47,88,5,186,199,83,153,166,24,150,10,185,62,120,3,168,50,48,63];True
2110;7204;9314;[50,4,121,178,147,9,149,19,172,12,130,84,77,112,93,162,66,157,103,105,74,188,144,31,142,117,167,61,45,138,41,49,78,128,42,57,197,146,118,126,143,160,91,1,33,124,180,196,36,46,140,92,82,23,189,81,0,85,22,26,176,193,109,190,170,95,38,139,65,20,70,194,34,198,174,184,35,67,32,72,163,25,51,8,16,125,11,113,156,71,165,87,37,94,173,18,131,110,101,59,80,100,30,134,148,195,97,58,151,175,7,191,181,68,123,6,137,158,54,52,119,187,39,107,55,14,13,111,132,89,75,129,15,135,53,183,69,159,164,90,28,155,73,99,106,136,115,152,2,161,102,86,133,76,122,116,104,17,145,56,21,108,192,40,169,182,29,154,60,177,27,43,127,96,171,141,98,114,64,79,179,47,88,5,186,199,83,153,166,24,150,10,185,62,120,3,168,44,48,63];False
2083;7230;9313;[50,190,121,178,9,118,149,19,172,12,130,84,77,112,93,147,66,157,103,105,74,188,144,31,142,117,167,61,45,138,41,49,78,128,42,57,197,146,162,126,143,160,91,1,33,124,180,196,36,46,140,92,82,23,189,81,0,85,22,26,176,193,109,20,170,95,38,139,65,4,70,194,34,198,174,184,35,67,32,72,163,25,51,8,16,125,11,113,156,71,165,87,37,94,173,18,131,110,101,59,80,100,30,134,148,195,97,58,151,175,7,191,181,68,123,6,137,158,54,52,119,187,39,107,55,14,13,111,132,89,75,129,15,135,53,183,69,159,164,90,28,155,73,99,106,136,115,152,2,161,102,86,133,76,122,116,104,17,145,56,21,108,192,40,169,182,29,154,60,179,27,43,127,96,171,141,98,114,64,79,177,47,88,5,186,199,83,153,166,24,150,10,185,62,120,3,168,44,48,63];False
2084;7229;9313;[50,190,121,178,9,118,149,19,172,12,130,84,77,112,93,147,66,157,103,105,74,188,144,31,142,117,167,61,45,138,41,49,78,128,42,57,197,146,162,126,143,160,91,1,33,124,180,196,36,46,140,92,82,23,189,81,0,85,22,26,176,193,109,20,170,95,38,139,65,4,70,194,34,198,174,184,35,67,32,72,163,25,51,8,16,125,11,113,156,71,165,87,37,94,173,18,131,110,101,59,80,100,30,134,148,195,97,58,175,151,7,191,181,68,123,6,137,158,54,52,119,187,39,107,55,14,13,111,132,89,75,129,15,135,53,183,69,159,164,90,28,155,73,99,106,136,115,152,2,161,102,86,133,76,122,116,104,17,145,56,21,108,192,40,169,182,29,154,60,179,27,43,127,96,171,141,98,114,64,79,177,47,88,5,186,199,83,153,166,24,150,10,185,62,120,3,168,44,48,63];False
2043;7269;9312;[50,143,129,162,19,87,121,178,127,132,130,84,77,112,93,147,66,157,103,105,74,188,144,31,142,117,167,61,45,138,41,49,78,128,42,57,197,126,190,9,118,160,91,1,33,124,180,196,36,46,140,92,82,23,189,81,0,85,22,26,176,193,109,20,170,95,38,139,146,4,70,194,34,198,174,184,35,67,32,72,163,25,51,8,16,125,11,113,156,71,165,65,37,94,173,18,131,110,101,59,80,100,30,134,148,195,97,58,175,151,7,191,181,68,123,6,137,158,54,52,119,187,39,107,55,14,13,172,12,89,75,149,15,135,53,183,69,159,164,90,28,155,73,99,106,136,115,152,2,161,102,86,133,76,122,116,104,17,145,56,21,108,192,40,169,182,29,154,60,177,27,43,111,96,171,141,98,114,64,79,179,47,88,5,186,199,83,153,166,24,150,10,185,62,120,3,168,44,48,63];True
2041;7270;9311;[50,143,129,162,22,87,121,178,111,132,130,84,77,112,93,147,66,157,103,105,74,188,144,31,142,117,167,61,45,138,41,49,78,128,42,57,197,126,190,9,118,160,91,1,33,124,180,196,36,46,140,92,82,23,189,81,0,85,19,26,176,193,109,20,170,95,38,139,146,4,70,194,34,198,174,184,35,67,32,72,163,25,51,8,16,125,11,113,156,71,165,65,37,94,173,18,131,110,101,59,80,100,30,134,148,195,97,58,175,151,7,191,181,68,123,6,137,158,54,52,119,187,39,107,55,14,13,172,12,89,75,149,15,135,53,183,69,159,164,90,28,155,73,99,106,136,115,152,2,161,102,86,133,76,122,116,104,17,145,56,21,108,192,40,169,182,29,154,60,177,27,43,127,96,171,141,98,114,64,79,179,47,88,5,186,199,83,153,166,24,150,10,185,62,120,3,168,44,48,63];True
2001;7310;9311;[180,123,129,162,19,87,121,178,127,132,130,84,77,112,93,147,66,157,103,105,74,188,144,31,142,117,167,61,45,138,41,49,78,128,42,57,197,146,190,126,143,160,91,1,33,124,44,196,36,46,140,92,82,23,189,81,0,85,22,26,176,193,109,20,170,95,38,139,9,4,70,194,34,198,174,184,35,67,32,72,163,25,51,8,16,125,11,113,156,71,165,65,37,94,173,18,131,110,101,59,80,100,30,134,148,195,97,58,175,151,7,191,181,68,118,6,137,158,54,52,119,187,39,107,55,14,13,172,12,89,75,149,15,135,53,183,69,159,164,90,28,155,73,99,106,136,115,152,2,161,102,86,133,76,122,116,104,17,145,56,21,108,192,40,169,182,29,154,60,177,27,43,111,96,171,141,98,114,64,79,179,47,88,5,186,199,83,153,166,24,150,10,185,62,120,3,168,50,48,63];True
2008;7300;9308;[180,118,129,162,19,87,121,178,111,132,130,84,77,112,93,147,66,157,103,70,74,188,144,31,142,117,167,61,45,138,41,49,78,128,42,57,197,146,190,126,143,160,91,1,33,124,44,196,36,46,140,92,82,23,189,81,0,85,22,26,176,193,109,20,170,95,38,139,9,4,105,194,34,198,174,184,35,67,32,72,163,25,51,8,16,125,11,113,156,71,165,65,37,94,173,18,131,110,101,59,80,100,30,134,148,195,97,58,151,175,7,191,181,68,123,6,137,158,54,52,119,187,39,107,55,14,13,172,12,89,75,149,15,135,53,183,69,159,164,90,28,155,73,99,106,136,115,152,2,161,102,86,133,76,122,116,104,17,145,56,21,108,192,40,169,182,29,154,60,177,27,43,127,96,171,141,98,114,64,79,179,47,88,5,186,199,83,153,166,24,150,10,185,62,120,3,168,50,48,63];False
2110;7197;9307;[50,4,121,178,9,118,149,19,172,12,130,84,77,112,93,147,66,157,103,105,74,188,144,31,142,117,167,61,45,138,41,49,78,128,42,57,197,146,162,126,143,160,91,1,33,124,180,196,36,46,140,92,82,23,189,81,0,85,22,26,176,193,109,190,170,95,38,139,65,20,70,194,34,198,174,184,35,67,32,72,163,25,51,8,16,125,11,113,156,71,165,87,37,94,173,18,131,110,101,59,80,100,30,134,148,195,97,58,175,151,7,191,181,68,123,6,137,158,54,52,119,187,39,107,55,14,13,111,132,89,75,129,15,135,53,183,69,159,164,90,28,155,73,99,106,136,115,152,2,161,102,86,133,76,122,116,104,17,145,56,21,108,192,40,169,182,29,154,60,177,27,43,127,96,171,141,98,114,64,79,179,47,88,5,186,199,83,153,166,24,150,10,185,62,120,3,168,44,48,63];True
1911;7395;9306;[106,118,129,162,19,87,121,178,111,132,130,84,77,112,34,147,66,157,103,197,74,188,144,9,142,117,167,61,45,138,41,49,78,128,42,57,136,50,190,126,143,160,91,1,33,124,180,196,36,46,140,92,82,23,189,81,0,85,22,26,176,193,109,20,170,95,38,139,146,4,105,194,31,198,174,184,35,67,32,72,163,25,51,8,16,125,11,113,156,71,165,65,37,94,173,18,131,110,101,59,80,100,30,134,148,195,97,58,175,151,7,191,181,68,123,6,137,158,54,52,119,187,39,107,55,14,13,172,12,89,75,149,15,135,53,183,69,159,164,90,28,155,73,99,93,70,115,152,2,161,102,86,133,76,122,116,104,17,145,56,21,108,192,40,169,182,29,154,60,177,27,43,127,96,171,141,98,114,64,79,179,47,88,5,186,199,83,153,166,24,150,10,185,62,120,3,168,44,48,63];True
2045;7260;9305;[50,143,129,162,19,87,121,178,111,132,130,84,77,112,93,147,66,157,103,105,74,188,144,31,142,117,167,61,45,138,41,49,78,128,42,57,197,126,190,9,118,160,91,1,33,124,180,196,36,46,140,92,82,23,189,81,0,85,22,26,176,193,109,20,170,95,38,139,146,4,70,194,34,198,174,184,35,67,32,72,163,25,51,8,16,125,11,113,156,71,165,65,37,94,173,18,131,110,101,59,80,100,30,134,148,195,97,58,175,151,7,191,181,68,123,6,137,158,54,52,119,187,39,107,55,14,13,172,12,89,75,149,15,135,53,183,69,159,164,90,28,155,73,99,106,136,115,152,2,161,102,86,133,76,122,116,104,17,145,56,21,108,192,40,169,182,29,154,60,177,27,43,127,96,171,141,98,114,64,79,179,47,88,5,186,199,83,153,166,24,150,10,185,62,120,3,168,44,48,63];True
2007;7293;9300;[180,118,129,162,22,87,121,178,127,132,130,84,77,112,93,147,66,157,103,105,74,188,144,31,142,117,167,61,45,138,41,49,78,128,42,57,197,146,190,126,143,160,91,1,33,124,44,196,36,46,140,92,82,23,189,81,0,85,19,26,176,193,109,20,170,95,38,139,9,4,70,194,34,198,174,184,35,67,32,72,163,25,51,8,16,125,11,113,156,71,165,65,37,94,173,18,131,110,101,59,80,100,30,134,148,195,97,58,151,175,7,191,181,68,123,6,137,158,54,52,119,187,39,107,55,14,13,172,12,89,75,149,15,135,53,183,69,159,164,90,28,155,73,99,106,136,115,152,2,161,102,86,133,76,122,116,104,17,145,56,21,108,192,40,169,182,29,154,60,177,27,43,111,96,171,141,98,114,64,79,179,47,88,5,186,199,83,153,166,24,150,10,185,62,120,3,168,50,48,63];True
2008;7292;9300;[180,118,129,162,22,87,121,178,127,132,130,84,77,112,93,147,66,157,103,105,74,188,144,31,142,117,167,61,45,138,41,49,78,128,42,57,197,146,190,126,143,160,91,1,33,124,44,196,36,46,140,92,82,23,189,81,0,85,19,26,176,193,109,20,170,95,38,139,9,4,70,194,34,198,174,184,35,67,32,72,163,25,51,8,16,125,11,113,156,71,165,65,37,94,173,18,131,110,101,59,80,100,30,134,148,195,97,58,175,151,7,191,181,68,123,6,137,158,54,52,119,187,39,107,55,14,13,172,12,89,75,149,15,135,53,183,69,159,164,90,28,155,73,99,106,136,115,152,2,161,102,86,133,76,122,116,104,17,145,56,21,108,192,40,169,182,29,154,60,177,27,43,111,96,171,141,98,114,64,79,179,47,88,5,186,199,83,153,166,24,150,10,185,62,120,3,168,50,48,63];True
2012;7282;9294;[180,118,129,162,19,87,121,178,127,132,130,84,77,112,93,147,66,157,103,105,74,188,144,31,142,117,167,61,45,138,41,49,78,128,42,57,197,146,190,126,143,160,91,1,33,124,44,196,36,46,140,92,82,23,189,81,0,85,22,26,176,193,109,20,170,95,38,139,9,4,70,194,34,198,174,184,35,67,32,72,163,25,51,8,16,125,11,113,156,71,165,65,37,94,173,18,131,110,101,59,80,100,30,134,148,195,97,58,175,151,7,191,181,68,123,6,137,158,54,52,119,187,39,107,55,14,13,172,12,89,75,149,15,135,53,183,69,159,164,90,28,155,73,99,106,136,115,152,2,161,102,86,133,76,122,116,104,17,145,56,21,108,192,40,169,182,29,154,60,177,27,43,111,96,171,141,98,114,64,79,179,47,88,5,186,199,83,153,166,24,150,10,185,62,120,3,168,50,48,63];True
2062;7228;9290;[146,118,129,162,19,87,121,178,111,132,130,84,77,112,93,147,66,157,103,105,74,188,144,31,142,117,167,61,45,138,41,49,78,128,42,57,197,8,190,126,143,160,91,1,33,124,180,196,36,46,140,92,82,23,189,81,0,85,22,26,176,193,109,20,170,95,38,139,9,4,70,194,34,198,174,184,35,67,32,72,163,25,51,50,16,125,11,113,156,71,165,65,37,94,173,18,131,110,101,59,80,100,30,134,148,195,97,58,175,151,7,191,181,68,123,6,137,158,54,52,119,187,39,107,55,14,13,172,12,89,75,149,15,135,53,183,69,159,164,90,28,155,73,99,106,136,115,152,2,161,102,86,133,76,122,116,104,17,145,56,21,108,192,40,169,182,29,154,60,177,27,43,127,96,171,141,98,114,64,79,179,47,88,5,186,199,83,153,166,24,150,10,185,62,120,3,168,44,48,63];True
