utilA;utilB;utilSum;contract;pareto
2568;8359;10927;[4,67,193,48,10,1,91,129,8,84,122,73,174,135,21,99,16,77,112,71,56,18,62,120,24,197,26,9,143,20,3,2,121,160,92,49,130,22,38,34,124,94,75,12,165,153,187,127,39,107,87,76,50,53,93,23,30,134,58,86,69,64,101,151,54,158,199,6,117,98,25,110,81,52,182,28,162,78,60,79,185,148,167,61,41,36,46,131,59,133,96,157,138,178,164,173,66,126,198,159,140,118,109,29,154,156,106,19,108,146,43,128,85,152,111,83,181,82,192,139,33,13,172,195,40,37,15,35,88,145,189,194,31,171,116,57,0,113,196,89,5,103,119,74,183,63,51,72,147,65,102,115,14,45,55,155,184,161,80,114,177,169,191,11,104,180,163,170,95,137,90,125,149,32,68,97,100,7,175,179,27,150,136,144,70,168,17,141,105,142,190,188,186,176,42,47,132,166,123,44];False
2536;8357;10893;[4,67,193,48,10,1,91,129,8,84,122,73,174,135,21,99,16,77,112,71,141,18,62,120,24,197,26,9,143,20,3,2,121,160,92,49,130,22,38,34,124,94,75,12,165,153,187,127,39,107,87,76,50,53,93,23,30,134,58,86,69,64,101,151,54,158,199,6,117,98,25,110,81,52,182,28,162,78,60,79,185,148,167,61,41,36,46,131,59,133,96,157,138,178,164,173,66,126,198,159,140,118,109,29,154,156,106,19,108,146,43,128,85,152,111,83,181,82,192,139,33,13,172,195,40,37,15,35,88,145,189,194,31,171,116,57,0,113,196,89,5,56,119,74,183,63,51,72,147,65,102,115,14,45,55,155,184,161,80,114,177,169,191,11,104,180,163,170,95,137,90,125,149,32,68,97,100,7,175,179,27,150,136,144,70,168,17,103,105,142,190,188,186,176,42,47,132,166,123,44];False
2513;8369;10882;[4,67,193,48,10,1,91,129,8,84,122,73,174,135,21,99,16,77,112,71,56,18,62,120,24,197,26,9,143,20,3,2,121,160,92,49,130,22,38,34,124,94,75,12,165,153,187,127,39,107,87,76,50,53,93,23,30,134,58,86,69,64,101,151,54,158,199,6,117,98,25,110,81,52,182,28,162,78,60,55,185,148,167,61,41,36,46,131,59,133,96,157,138,178,164,173,66,126,198,159,140,118,109,29,154,156,106,19,108,146,43,128,85,152,111,83,181,82,192,139,33,13,172,195,40,37,15,35,88,145,189,194,31,171,116,57,0,113,196,89,5,141,119,74,183,63,51,72,147,65,102,115,14,45,79,155,184,161,80,114,177,169,191,11,104,180,163,170,95,137,90,125,149,32,68,97,100,7,175,179,27,150,136,144,70,168,17,103,105,142,190,188,186,176,42,47,132,166,123,44];False
2605;8273;10878;[4,67,193,48,10,1,91,129,8,84,122,73,174,135,21,99,16,77,112,71,56,18,62,120,24,197,26,9,143,20,3,2,121,160,92,49,130,22,38,34,124,94,75,12,165,153,187,127,39,107,87,76,50,53,93,23,30,134,58,86,69,64,101,151,54,158,199,6,117,98,25,110,81,52,182,28,162,78,60,79,185,148,167,61,41,36,46,131,59,133,96,157,138,178,164,173,66,126,198,159,140,118,109,29,154,156,106,19,108,146,43,128,85,152,111,83,181,82,192,139,33,13,172,195,40,37,15,35,88,145,189,194,31,171,116,57,0,113,196,89,5,141,119,74,183,63,51,72,169,65,102,115,14,45,55,155,184,161,80,114,177,147,191,11,104,180,163,170,95,137,90,125,149,32,68,97,100,7,175,179,27,150,136,144,70,168,17,103,105,142,190,188,186,176,42,47,132,166,123,44];False
2543;8324;10867;[4,67,193,48,10,1,91,129,8,84,122,73,174,135,21,99,16,77,112,71,56,18,103,120,24,197,26,9,143,20,3,2,121,160,92,49,130,22,38,34,124,94,75,12,165,153,187,127,39,107,87,76,50,53,93,23,30,134,58,86,69,64,101,151,54,158,199,6,117,98,25,110,81,52,182,28,162,78,60,79,185,148,167,61,41,36,46,131,59,133,96,157,138,178,164,173,66,126,198,159,140,118,109,29,154,156,106,19,108,146,43,128,85,152,111,83,181,82,192,139,33,13,172,195,40,37,15,35,88,145,189,194,31,171,116,57,0,113,196,89,5,141,119,74,183,63,51,72,147,65,102,115,14,45,55,155,184,161,80,114,177,169,191,11,104,180,163,170,95,137,90,125,149,32,68,97,100,7,175,179,27,150,136,144,70,168,17,62,105,142,190,188,186,176,42,47,132,166,123,44];False
2528;8335;10863;[4,67,193,48,10,1,91,129,8,84,122,73,174,135,21,99,16,77,112,71,56,18,62,120,24,197,26,9,143,20,3,2,121,160,92,49,130,22,38,34,124,94,75,12,165,153,187,127,39,107,87,76,50,53,93,23,30,70,58,86,69,64,101,151,54,158,199,6,117,98,25,110,81,52,182,28,162,78,60,79,185,148,167,61,41,36,46,131,59,133,96,157,138,178,164,173,66,126,198,159,140,118,109,29,154,156,106,19,108,146,43,128,85,152,111,83,181,82,192,139,33,13,172,195,40,37,15,35,88,145,189,194,31,171,116,57,0,113,196,89,5,141,119,74,183,63,51,72,147,65,102,115,14,45,55,155,184,161,80,114,177,169,191,11,104,180,163,170,95,137,90,125,149,32,68,97,100,7,175,179,27,150,136,144,134,168,17,103,105,142,190,188,186,176,42,47,132,166,123,44];False
2552;8310;10862;[4,67,193,48,10,1,91,129,8,84,122,73,174,135,21,99,16,77,112,71,56,18,62,120,24,197,26,9,143,20,3,2,121,160,92,49,130,22,38,34,124,94,75,12,165,123,187,127,39,107,87,76,50,53,93,23,30,134,58,86,69,64,101,151,54,158,199,6,117,98,25,110,81,52,182,28,162,78,60,79,185,148,167,61,41,36,46,131,59,133,96,157,138,178,164,173,66,126,198,159,140,118,109,29,154,156,106,19,108,146,43,128,85,152,111,83,181,82,192,139,33,13,172,195,40,37,15,35,88,145,189,194,31,171,116,57,0,113,196,89,5,141,119,74,183,63,51,72,147,65,102,115,14,45,55,155,184,161,80,114,177,169,191,11,104,180,163,170,95,137,90,125,149,32,68,97,100,7,175,179,27,150,136,144,70,168,17,103,105,142,190,188,186,176,42,47,132,166,153,44];False
2577;8280;10857;[4,67,193,152,10,1,91,129,8,84,122,73,174,135,21,99,16,77,112,71,56,18,62,120,24,197,26,9,143,20,3,2,121,160,92,49,130,22,38,34,124,94,75,12,165,153,187,127,39,107,87,76,50,53,93,23,30,134,58,86,69,64,101,151,54,158,199,6,117,98,25,110,81,52,182,28,162,78,60,79,185,148,167,61,41,36,46,131,59,133,96,157,138,178,164,173,66,126,198,159,140,118,109,29,154,156,106,19,108,146,43,128,85,48,111,83,181,82,192,139,33,13,172,195,40,37,15,35,88,145,189,194,31,171,116,57,0,113,196,89,5,141,119,74,183,63,51,72,147,65,102,115,14,45,55,155,184,161,80,114,177,169,191,11,104,180,163,170,95,137,90,125,149,32,68,97,100,7,175,179,27,150,136,144,70,168,17,103,105,142,190,188,186,176,42,47,132,166,123,44];False
2541;8316;10857;[4,67,193,48,10,1,91,129,8,84,122,73,174,135,21,99,16,77,112,71,56,18,62,120,24,197,26,9,143,20,3,2,121,160,92,49,130,22,38,34,124,94,75,12,165,153,187,127,39,107,87,76,50,53,93,23,30,134,58,86,69,138,101,151,54,158,199,6,117,98,25,110,81,52,182,28,162,78,60,79,185,148,167,61,41,36,46,131,59,133,96,157,64,178,164,173,66,126,198,159,140,118,109,29,154,156,106,19,108,146,43,128,85,152,111,83,181,82,192,139,33,13,172,195,40,37,15,35,88,145,189,194,31,171,116,57,0,113,196,89,5,141,119,74,183,63,51,72,147,65,102,115,14,45,55,155,184,161,80,114,177,169,191,11,104,180,163,170,95,137,90,125,149,32,68,97,100,7,175,179,27,150,136,144,70,168,17,103,105,142,190,188,186,176,42,47,132,166,123,44];False
2521;8333;10854;[4,67,193,48,10,1,91,129,8,84,122,73,174,135,21,99,16,77,112,71,56,18,62,120,24,197,26,9,143,20,3,2,121,160,92,49,130,22,38,34,124,94,75,12,165,153,187,127,39,107,87,76,50,53,93,23,30,144,58,86,69,64,101,151,54,158,199,6,117,98,25,110,81,52,182,28,162,78,60,79,185,148,167,61,41,36,46,131,59,133,96,157,138,178,164,173,66,126,198,159,140,118,109,29,154,156,106,19,108,146,43,128,85,152,111,83,181,82,192,139,33,13,172,195,40,37,15,35,88,145,189,194,31,171,116,57,0,113,196,89,5,141,119,74,183,63,51,72,147,65,102,115,14,45,55,155,184,161,80,114,177,169,191,11,104,180,163,170,95,137,90,125,149,32,68,97,100,7,175,179,27,150,136,134,70,168,17,103,105,142,190,188,186,176,42,47,132,166,123,44];False
2533;8320;10853;[4,67,193,48,10,1,91,129,8,84,122,73,174,135,21,99,16,77,112,71,56,18,62,120,24,197,26,9,143,20,3,2,121,160,92,49,130,22,38,34,124,94,75,12,165,153,187,127,39,107,87,76,50,53,93,23,30,134,58,86,69,64,101,151,54,158,199,6,117,98,25,110,140,52,182,28,162,78,60,79,185,148,167,61,41,36,46,131,59,133,96,157,138,178,164,173,66,126,198,159,81,118,109,29,154,156,106,19,108,146,43,128,85,152,111,83,181,82,192,139,33,13,172,195,40,37,15,35,88,145,189,194,31,171,116,57,0,113,196,89,5,141,119,74,183,63,51,72,147,65,102,115,14,45,55,155,184,161,80,114,177,169,191,11,104,180,163,170,95,137,90,125,149,32,68,97,100,7,175,179,27,150,136,144,70,168,17,103,105,142,190,188,186,176,42,47,132,166,123,44];False
2545;8307;10852;[4,67,193,48,10,1,91,129,8,84,122,73,174,135,21,99,16,77,112,71,56,18,62,120,24,197,26,9,143,20,3,2,121,160,92,49,130,22,38,34,124,94,75,12,165,153,187,127,39,107,87,76,50,53,93,23,30,134,58,86,69,64,101,151,54,158,199,6,117,98,25,110,81,52,182,28,162,78,60,79,185,148,167,61,159,36,46,131,59,133,96,157,138,178,164,173,66,126,198,41,140,118,109,29,154,156,106,19,108,146,43,128,85,152,111,83,181,82,192,139,33,13,172,195,40,37,15,35,88,145,189,194,31,171,116,57,0,113,196,89,5,141,119,74,183,63,51,72,147,65,102,115,14,45,55,155,184,161,80,114,177,169,191,11,104,180,163,170,95,137,90,125,149,32,68,97,100,7,175,179,27,150,136,144,70,168,17,103,105,142,190,188,186,176,42,47,132,166,123,44];False
2527;8324;10851;[4,67,193,48,10,1,91,129,8,84,122,73,174,135,21,99,16,77,112,71,56,18,62,94,24,197,26,9,143,20,3,2,121,160,92,49,130,22,38,34,124,120,75,12,165,153,187,127,39,107,87,76,50,53,93,23,30,134,58,86,69,64,101,151,54,158,199,6,117,98,25,110,81,52,182,28,162,78,60,79,185,148,167,61,41,36,46,131,59,133,96,157,138,178,164,173,66,126,198,159,140,118,109,29,154,156,106,19,108,146,43,128,85,152,111,83,181,82,192,139,33,13,172,195,40,37,15,35,88,145,189,194,31,171,116,57,0,113,196,89,5,141,119,74,183,63,51,72,147,65,102,115,14,45,55,155,184,161,80,114,177,169,191,11,104,180,163,170,95,137,90,125,149,32,68,97,100,7,175,179,27,150,136,144,70,168,17,103,105,142,190,188,186,176,42,47,132,166,123,44];False
2553;8298;10851;[4,67,193,48,10,1,91,129,8,84,122,73,174,135,21,99,16,77,112,71,56,18,62,120,24,30,26,9,143,20,3,2,121,160,92,49,130,22,38,34,124,94,75,12,165,153,187,127,39,107,87,76,50,53,93,23,197,134,58,86,69,64,101,151,54,158,199,6,117,98,25,110,81,52,182,28,162,78,60,79,185,148,167,61,41,36,46,131,59,133,96,157,138,178,164,173,66,126,198,159,140,118,109,29,154,156,106,19,108,146,43,128,85,152,111,83,181,82,192,139,33,13,172,195,40,37,15,35,88,145,189,194,31,171,116,57,0,113,196,89,5,141,119,74,183,63,51,72,147,65,102,115,14,45,55,155,184,161,80,114,177,169,191,11,104,180,163,170,95,137,90,125,149,32,68,97,100,7,175,179,27,150,136,144,70,168,17,103,105,142,190,188,186,176,42,47,132,166,123,44];False
2525;8324;10849;[4,67,193,48,10,1,91,129,8,84,122,73,174,135,21,99,16,77,112,71,56,18,62,120,24,197,26,9,143,20,3,2,121,160,92,49,130,22,38,34,7,94,75,12,165,153,187,127,39,107,87,76,50,53,93,23,30,134,58,86,69,64,101,151,54,158,199,6,117,98,25,110,81,52,182,28,162,78,60,79,185,148,167,61,41,36,46,131,59,133,96,157,138,178,164,173,66,126,198,159,140,118,109,29,154,156,106,19,108,146,43,128,85,152,111,83,181,82,192,139,33,13,172,195,40,37,15,35,88,145,189,194,31,171,116,57,0,113,196,89,5,141,119,74,183,63,51,72,147,65,102,115,14,45,55,155,184,161,80,114,177,169,191,11,104,180,163,170,95,137,90,125,149,32,68,97,100,124,175,179,27,150,136,144,70,168,17,103,105,142,190,188,186,176,42,47,132,166,123,44];False
2562;8287;10849;[4,67,193,48,10,1,91,129,8,84,122,73,174,135,21,99,16,77,112,71,56,18,62,120,24,197,26,9,143,20,3,2,121,160,92,49,130,22,38,34,124,94,75,12,165,153,187,127,39,107,87,76,50,53,93,23,30,134,58,86,69,64,101,151,54,158,199,6,117,98,25,110,81,52,182,28,162,78,60,79,185,148,167,61,41,36,46,131,59,133,96,157,138,178,164,173,66,126,198,159,140,118,109,29,154,156,106,19,108,146,43,128,85,152,111,83,181,82,192,139,33,13,172,195,40,37,15,35,88,145,189,194,31,171,116,57,0,113,95,89,5,141,119,74,183,63,51,72,147,65,102,115,14,45,55,155,184,161,80,114,177,169,191,11,104,180,163,170,196,137,90,125,149,32,68,97,100,7,175,179,27,150,136,144,70,168,17,103,105,142,190,188,186,176,42,47,132,166,123,44];False
2521;8327;10848;[4,67,193,48,10,1,91,129,8,84,122,73,174,135,21,99,16,77,112,71,56,18,62,120,24,197,26,9,143,20,3,2,121,160,92,49,130,22,38,34,124,94,75,12,165,153,187,127,39,107,87,76,50,53,93,23,30,134,58,86,69,64,101,151,54,158,199,6,117,98,25,110,81,52,182,28,162,78,60,79,185,148,167,61,41,36,46,131,59,133,96,157,138,178,164,173,66,126,198,159,140,118,109,29,154,156,106,19,108,146,43,128,85,152,111,83,181,82,192,139,33,13,172,195,40,37,15,35,88,145,189,194,31,171,116,57,0,113,196,89,5,141,119,74,183,63,51,72,147,65,102,115,14,45,55,155,184,161,80,114,177,169,191,11,104,180,163,170,95,137,90,125,149,32,68,97,100,7,175,179,27,150,136,144,70,132,17,103,105,142,190,188,186,176,42,47,168,166,123,44];False
2559;8288;10847;[4,67,193,48,10,1,91,129,8,84,122,73,174,135,21,99,16,77,112,71,56,18,62,120,24,197,26,9,143,20,3,2,121,160,92,49,130,22,38,34,124,94,75,12,165,153,187,127,39,107,87,76,139,53,93,23,30,134,58,86,69,64,101,151,54,158,199,6,117,98,25,110,81,52,182,28,162,78,60,79,185,148,167,61,41,36,46,131,59,133,96,157,138,178,164,173,66,126,198,159,140,118,109,29,154,156,106,19,108,146,43,128,85,152,111,83,181,82,192,50,33,13,172,195,40,37,15,35,88,145,189,194,31,171,116,57,0,113,196,89,5,141,119,74,183,63,51,72,147,65,102,115,14,45,55,155,184,161,80,114,177,169,191,11,104,180,163,170,95,137,90,125,149,32,68,97,100,7,175,179,27,150,136,144,70,168,17,103,105,142,190,188,186,176,42,47,132,166,123,44];False
2467;8378;10845;[4,67,193,48,10,1,91,129,8,84,122,73,174,135,21,99,16,77,112,71,56,18,62,120,24,197,26,9,143,20,3,2,121,160,92,49,130,22,38,34,124,94,75,12,165,153,187,127,39,107,87,76,50,53,93,23,30,134,58,86,69,64,101,151,106,158,199,6,117,98,25,110,81,52,182,28,162,78,60,79,185,148,167,61,41,36,46,131,59,133,96,157,138,178,164,173,66,126,198,159,140,118,109,29,154,156,54,19,108,146,43,128,85,152,111,83,181,82,192,139,33,13,172,195,40,37,15,35,88,145,189,194,31,171,116,57,0,113,196,89,5,141,119,74,183,63,51,72,147,65,102,115,14,45,55,155,184,161,80,114,177,169,191,11,104,180,163,170,95,137,90,125,149,32,68,97,100,7,175,179,27,150,136,144,70,168,17,103,105,142,190,188,186,176,42,47,132,166,123,44];False
2463;8381;10844;[4,67,193,48,10,1,91,129,8,84,122,73,174,135,21,99,16,77,112,71,56,18,62,120,24,197,26,9,143,20,3,2,121,160,92,49,130,22,38,34,124,94,75,12,165,153,187,127,39,107,87,76,50,53,93,23,30,134,58,86,69,64,101,151,54,158,199,6,117,98,25,110,81,52,182,28,162,78,60,79,185,148,167,61,41,36,46,131,59,133,96,157,138,178,164,173,66,126,198,159,140,118,109,29,154,156,106,19,108,146,43,128,85,152,111,83,181,82,192,139,33,13,172,195,40,37,15,35,88,145,189,194,31,171,116,57,0,113,196,89,5,141,119,74,183,63,51,72,147,65,102,115,14,45,55,155,184,161,80,114,177,169,191,11,104,180,163,170,95,137,90,125,149,32,68,97,100,7,175,168,27,150,136,144,70,179,17,103,105,142,190,188,186,176,42,47,132,166,123,44];False
2505;8337;10842;[4,67,193,48,10,1,91,129,8,84,122,73,174,135,21,99,16,77,112,71,56,18,62,120,24,197,26,9,143,20,3,2,121,160,92,49,130,22,38,34,124,94,75,12,165,153,187,127,39,107,87,76,50,53,93,23,30,134,58,86,69,64,101,151,54,158,199,6,117,98,25,110,81,52,182,28,162,78,60,79,185,148,167,61,41,36,46,131,59,133,96,157,138,178,164,173,66,126,198,159,140,118,109,29,154,156,106,19,108,146,43,128,85,152,111,83,181,82,192,139,42,13,172,195,40,37,15,35,88,145,189,194,31,171,116,57,0,113,196,89,5,141,119,74,183,63,51,72,147,65,102,115,14,45,55,155,184,161,80,114,177,169,191,11,104,180,163,170,95,137,90,125,149,32,68,97,100,7,175,179,27,150,136,144,70,168,17,103,105,142,190,188,186,176,33,47,132,166,123,44];False
2508;8334;10842;[4,67,193,48,10,1,91,129,8,84,122,73,174,135,21,99,16,77,112,71,56,18,62,120,24,197,26,9,143,20,3,2,121,160,92,49,130,22,38,34,124,94,75,12,165,153,187,127,39,107,87,76,50,53,93,23,30,134,58,86,69,64,101,151,54,158,199,6,117,98,25,110,81,52,182,28,162,78,60,79,185,148,167,61,41,36,46,131,59,133,96,157,138,178,164,173,66,126,198,159,140,118,109,29,154,156,106,19,108,146,43,128,85,152,111,83,181,82,192,139,33,177,172,195,40,37,15,35,88,145,189,194,31,171,116,57,0,113,196,89,5,141,119,74,183,63,51,72,147,65,102,115,14,45,55,155,184,161,80,114,13,169,191,11,104,180,163,170,95,137,90,125,149,32,68,97,100,7,175,179,27,150,136,144,70,168,17,103,105,142,190,188,186,176,42,47,132,166,123,44];False
2574;8266;10840;[4,159,193,48,10,1,91,129,8,84,122,73,174,135,21,99,16,77,112,71,56,18,62,120,24,197,26,9,143,20,3,2,121,160,92,49,130,22,38,34,124,94,75,12,165,153,187,127,39,107,87,76,50,53,93,23,30,134,58,86,69,64,101,151,54,158,199,6,117,98,25,110,81,52,182,28,162,78,60,79,185,148,167,61,41,36,46,131,59,133,96,157,138,178,164,173,66,126,198,67,140,118,109,29,154,156,106,19,108,146,43,128,85,152,111,83,181,82,192,139,33,13,172,195,40,37,15,35,88,145,189,194,31,171,116,57,0,113,196,89,5,141,119,74,183,63,51,72,147,65,102,115,14,45,55,155,184,161,80,114,177,169,191,11,104,180,163,170,95,137,90,125,149,32,68,97,100,7,175,179,27,150,136,144,70,168,17,103,105,142,190,188,186,176,42,47,132,166,123,44];False
2490;8350;10840;[4,67,193,48,10,1,91,129,8,84,122,73,174,135,21,99,16,77,112,71,56,18,62,120,24,197,26,9,143,20,3,2,121,160,92,49,130,22,38,34,124,94,75,12,165,153,187,127,39,107,87,76,50,53,93,23,30,134,58,86,69,64,101,151,54,158,199,6,117,98,25,110,17,52,182,28,162,78,60,79,185,148,167,61,41,36,46,131,59,133,96,157,138,178,164,173,66,126,198,159,140,118,109,29,154,156,106,19,108,146,43,128,85,152,111,83,181,82,192,139,33,13,172,195,40,37,15,35,88,145,189,194,31,171,116,57,0,113,196,89,5,141,119,74,183,63,51,72,147,65,102,115,14,45,55,155,184,161,80,114,177,169,191,11,104,180,163,170,95,137,90,125,149,32,68,97,100,7,175,179,27,150,136,144,70,168,81,103,105,142,190,188,186,176,42,47,132,166,123,44];False
2463;8377;10840;[4,67,193,48,10,1,91,129,8,84,122,73,174,135,21,99,16,77,112,71,56,18,62,120,24,197,26,9,143,20,3,2,121,160,92,49,130,22,38,34,124,94,75,12,165,153,187,127,39,107,87,76,50,53,93,23,30,134,58,86,69,64,101,151,54,158,199,6,117,98,25,110,81,52,182,28,162,78,60,79,185,148,167,61,41,36,46,131,59,133,96,157,138,178,164,173,66,126,198,159,140,118,141,29,154,156,106,19,108,146,43,128,85,152,111,83,181,82,192,139,33,13,172,195,40,37,15,35,88,145,189,194,31,171,116,57,0,113,196,89,5,109,119,74,183,63,51,72,147,65,102,115,14,45,55,155,184,161,80,114,177,169,191,11,104,180,163,170,95,137,90,125,149,32,68,97,100,7,175,179,27,150,136,144,70,168,17,103,105,142,190,188,186,176,42,47,132,166,123,44];False
2516;8323;10839;[4,67,193,48,10,1,91,129,8,84,122,73,174,135,21,99,16,77,112,71,56,18,62,120,24,197,26,9,143,20,3,2,121,160,92,49,130,22,38,34,124,94,75,12,165,153,187,127,39,107,87,76,50,53,93,23,30,134,58,86,69,64,101,151,54,158,29,6,117,98,25,110,81,52,182,28,162,78,60,79,185,148,167,61,41,36,46,131,59,133,96,157,138,178,164,173,66,126,198,159,140,118,109,199,154,156,106,19,108,146,43,128,85,152,111,83,181,82,192,139,33,13,172,195,40,37,15,35,88,145,189,194,31,171,116,57,0,113,196,89,5,141,119,74,183,63,51,72,147,65,102,115,14,45,55,155,184,161,80,114,177,169,191,11,104,180,163,170,95,137,90,125,149,32,68,97,100,7,175,179,27,150,136,144,70,168,17,103,105,142,190,188,186,176,42,47,132,166,123,44];False
2518;8321;10839;[4,67,193,48,10,1,91,129,8,84,122,73,174,135,21,99,16,77,112,71,56,18,62,120,24,197,26,9,143,20,3,2,121,160,92,49,130,22,38,34,124,94,75,12,165,153,187,127,39,107,87,76,50,53,93,23,105,134,58,86,69,64,101,151,54,158,199,6,117,98,25,110,81,52,182,28,162,78,60,79,185,148,167,61,41,36,46,131,59,133,96,157,138,178,164,173,66,126,198,159,140,118,109,29,154,156,106,19,108,146,43,128,85,152,111,83,181,82,192,139,33,13,172,195,40,37,15,35,88,145,189,194,31,171,116,57,0,113,196,89,5,141,119,74,183,63,51,72,147,65,102,115,14,45,55,155,184,161,80,114,177,169,191,11,104,180,163,170,95,137,90,125,149,32,68,97,100,7,175,179,27,150,136,144,70,168,17,103,30,142,190,188,186,176,42,47,132,166,123,44];False
2533;8305;10838;[4,67,193,48,10,1,91,129,8,84,122,73,174,135,21,99,16,77,112,71,56,18,62,120,24,197,26,9,143,20,3,2,121,160,92,49,130,22,38,34,124,94,75,12,165,153,187,127,39,107,87,76,50,53,93,23,30,134,58,86,69,64,101,151,54,158,199,6,117,98,25,110,81,52,182,28,162,78,60,79,185,148,167,61,41,36,46,131,59,133,96,157,138,178,164,173,66,126,198,159,140,118,109,29,27,156,106,19,108,146,43,128,85,152,111,83,181,82,192,139,33,13,172,195,40,37,15,35,88,145,189,194,31,171,116,57,0,113,196,89,5,141,119,74,183,63,51,72,147,65,102,115,14,45,55,155,184,161,80,114,177,169,191,11,104,180,163,170,95,137,90,125,149,32,68,97,100,7,175,179,154,150,136,144,70,168,17,103,105,142,190,188,186,176,42,47,132,166,123,44];False
2506;8332;10838;[4,67,193,48,10,1,91,129,8,84,122,73,174,135,21,99,16,77,112,71,56,18,62,120,24,197,26,9,143,20,3,2,121,160,92,49,130,22,38,34,124,94,75,12,165,153,187,127,39,107,87,76,50,53,93,23,30,134,58,86,69,64,101,151,54,158,199,6,117,98,25,110,81,52,182,28,162,78,60,79,185,148,167,61,41,36,46,131,59,133,96,157,138,178,164,173,66,126,198,159,140,118,109,29,154,156,106,19,108,146,43,128,85,152,111,83,181,82,192,139,33,13,172,195,40,37,15,35,88,145,189,194,31,171,116,57,0,113,196,89,5,141,119,74,27,63,51,72,147,65,102,115,14,45,55,155,184,161,80,114,177,169,191,11,104,180,163,170,95,137,90,125,149,32,68,97,100,7,175,179,183,150,136,144,70,168,17,103,105,142,190,188,186,176,42,47,132,166,123,44];False
2508;8330;10838;[4,67,193,48,10,1,91,129,8,84,122,73,174,135,21,99,16,77,112,47,56,18,62,120,24,197,26,9,143,20,3,2,121,160,92,49,130,22,38,34,124,94,75,12,165,153,187,127,39,107,87,76,50,53,93,23,30,134,58,86,69,64,101,151,54,158,199,6,117,98,25,110,81,52,182,28,162,78,60,79,185,148,167,61,41,36,46,131,59,133,96,157,138,178,164,173,66,126,198,159,140,118,109,29,154,156,106,19,108,146,43,128,85,152,111,83,181,82,192,139,33,13,172,195,40,37,15,35,88,145,189,194,31,171,116,57,0,113,196,89,5,141,119,74,183,63,51,72,147,65,102,115,14,45,55,155,184,161,80,114,177,169,191,11,104,180,163,170,95,137,90,125,149,32,68,97,100,7,175,179,27,150,136,144,70,168,17,103,105,142,190,188,186,176,42,71,132,166,123,44];False
2538;8299;10837;[4,67,193,48,10,1,91,129,8,84,122,73,174,135,21,99,16,77,112,71,56,18,62,120,24,197,26,9,143,20,3,2,121,160,92,114,130,22,38,34,124,94,75,12,165,153,187,127,39,107,87,76,50,53,93,23,30,134,58,86,69,64,101,151,54,158,199,6,117,98,25,110,81,52,182,28,162,78,60,79,185,148,167,61,41,36,46,131,59,133,96,157,138,178,164,173,66,126,198,159,140,118,109,29,154,156,106,19,108,146,43,128,85,152,111,83,181,82,192,139,33,13,172,195,40,37,15,35,88,145,189,194,31,171,116,57,0,113,196,89,5,141,119,74,183,63,51,72,147,65,102,115,14,45,55,155,184,161,80,49,177,169,191,11,104,180,163,170,95,137,90,125,149,32,68,97,100,7,175,179,27,150,136,144,70,168,17,103,105,142,190,188,186,176,42,47,132,166,123,44];False
2526;8311;10837;[4,67,193,48,10,1,91,129,8,84,122,73,174,135,21,99,16,77,112,71,56,18,62,120,24,197,26,9,143,20,3,2,121,160,92,49,130,22,38,34,124,94,75,12,165,153,187,127,39,107,87,76,50,53,93,23,30,134,58,86,69,64,101,151,123,158,199,6,117,98,25,110,81,52,182,28,162,78,60,79,185,148,167,61,41,36,46,131,59,133,96,157,138,178,164,173,66,126,198,159,140,118,109,29,154,156,106,19,108,146,43,128,85,152,111,83,181,82,192,139,33,13,172,195,40,37,15,35,88,145,189,194,31,171,116,57,0,113,196,89,5,141,119,74,183,63,51,72,147,65,102,115,14,45,55,155,184,161,80,114,177,169,191,11,104,180,163,170,95,137,90,125,149,32,68,97,100,7,175,179,27,150,136,144,70,168,17,103,105,142,190,188,186,176,42,47,132,166,54,44];False
2537;8299;10836;[4,67,193,48,10,1,91,110,8,84,122,73,174,135,21,99,16,77,112,71,56,18,62,120,24,197,26,9,143,20,3,2,121,160,92,49,130,22,38,34,124,94,75,12,165,153,187,127,39,107,87,76,50,53,93,23,30,134,58,86,69,64,101,151,54,158,199,6,117,98,25,129,81,52,182,28,162,78,60,79,185,148,167,61,41,36,46,131,59,133,96,157,138,178,164,173,66,126,198,159,140,118,109,29,154,156,106,19,108,146,43,128,85,152,111,83,181,82,192,139,33,13,172,195,40,37,15,35,88,145,189,194,31,171,116,57,0,113,196,89,5,141,119,74,183,63,51,72,147,65,102,115,14,45,55,155,184,161,80,114,177,169,191,11,104,180,163,170,95,137,90,125,149,32,68,97,100,7,175,179,27,150,136,144,70,168,17,103,105,142,190,188,186,176,42,47,132,166,123,44];False
2496;8338;10834;[4,67,193,48,10,1,91,129,8,84,122,73,174,135,21,99,16,77,112,71,56,18,62,120,24,197,26,9,143,20,3,2,121,160,92,49,130,22,38,34,124,94,75,12,165,153,187,127,39,107,87,76,50,53,93,23,30,134,58,86,69,64,101,151,54,158,199,6,117,98,25,110,81,52,182,28,162,78,60,79,185,148,167,61,41,36,46,131,59,133,96,157,138,178,164,173,66,126,198,159,140,118,109,29,154,156,106,19,108,146,43,128,85,152,111,83,181,82,192,139,33,179,172,195,40,37,15,35,88,145,189,194,31,171,116,57,0,113,196,89,5,141,119,74,183,63,51,72,147,65,102,115,14,45,55,155,184,161,80,114,177,169,191,11,104,180,163,170,95,137,90,125,149,32,68,97,100,7,175,13,27,150,136,144,70,168,17,103,105,142,190,188,186,176,42,47,132,166,123,44];False
2496;8337;10833;[4,67,193,48,10,1,91,129,8,84,122,73,174,135,21,99,16,77,112,71,56,18,62,120,24,197,26,9,143,20,3,2,121,160,92,49,130,22,38,34,124,94,75,12,165,153,187,127,39,107,87,76,50,53,93,23,30,134,58,86,69,64,101,151,54,158,199,6,117,98,25,110,81,52,182,28,162,78,60,79,185,148,167,61,41,36,46,131,59,133,96,157,138,178,164,173,66,126,198,159,140,118,109,29,154,156,106,19,108,146,43,128,85,152,111,83,181,82,192,139,33,13,172,195,40,37,15,35,88,145,189,194,31,171,116,57,0,113,196,89,5,141,183,74,119,63,51,72,147,65,102,115,14,45,55,155,184,161,80,114,177,169,191,11,104,180,163,170,95,137,90,125,149,32,68,97,100,7,175,179,27,150,136,144,70,168,17,103,105,142,190,188,186,176,42,47,132,166,123,44];False
2489;8344;10833;[4,67,193,48,10,1,91,129,8,84,122,73,174,135,21,99,16,77,112,71,56,18,62,120,24,197,26,9,143,20,3,2,121,160,92,49,130,22,38,34,124,94,75,12,165,153,187,127,39,107,87,76,50,53,93,23,30,134,58,86,69,64,101,151,54,158,199,6,117,98,25,110,81,52,182,28,162,78,60,79,185,148,167,61,41,36,46,131,59,133,96,157,138,178,164,173,66,126,198,159,140,118,109,29,154,156,106,19,108,146,43,128,85,152,111,83,181,82,192,139,33,13,172,195,40,37,15,35,88,145,189,194,31,171,116,57,0,113,196,89,5,141,119,74,97,63,51,72,147,65,102,115,14,45,55,155,184,161,80,114,177,169,191,11,104,180,163,170,95,137,90,125,149,32,68,183,100,7,175,179,27,150,136,144,70,168,17,103,105,142,190,188,186,176,42,47,132,166,123,44];False
2506;8324;10830;[4,67,193,48,10,1,21,129,8,84,122,73,174,135,91,99,16,77,112,71,56,18,62,120,24,197,26,9,143,20,3,2,121,160,92,49,130,22,38,34,124,94,75,12,165,153,187,127,39,107,87,76,50,53,93,23,30,134,58,86,69,64,101,151,54,158,199,6,117,98,25,110,81,52,182,28,162,78,60,79,185,148,167,61,41,36,46,131,59,133,96,157,138,178,164,173,66,126,198,159,140,118,109,29,154,156,106,19,108,146,43,128,85,152,111,83,181,82,192,139,33,13,172,195,40,37,15,35,88,145,189,194,31,171,116,57,0,113,196,89,5,141,119,74,183,63,51,72,147,65,102,115,14,45,55,155,184,161,80,114,177,169,191,11,104,180,163,170,95,137,90,125,149,32,68,97,100,7,175,179,27,150,136,144,70,168,17,103,105,142,190,188,186,176,42,47,132,166,123,44];False
2527;8301;10828;[4,67,193,48,10,1,91,129,8,84,122,73,174,135,21,99,16,77,112,71,56,18,62,120,24,197,26,9,143,20,3,2,121,160,92,49,130,22,38,34,124,94,75,12,165,153,0,127,39,107,87,76,50,53,93,23,30,134,58,86,69,64,101,151,54,158,199,6,117,98,25,110,81,52,182,28,162,78,60,79,185,148,167,61,41,36,46,131,59,133,96,157,138,178,164,173,66,126,198,159,140,118,109,29,154,156,106,19,108,146,43,128,85,152,111,83,181,82,192,139,33,13,172,195,40,37,15,35,88,145,189,194,31,171,116,57,187,113,196,89,5,141,119,74,183,63,51,72,147,65,102,115,14,45,55,155,184,161,80,114,177,169,191,11,104,180,163,170,95,137,90,125,149,32,68,97,100,7,175,179,27,150,136,144,70,168,17,103,105,142,190,188,186,176,42,47,132,166,123,44];False
2521;8305;10826;[4,67,193,48,10,1,91,129,8,84,122,73,174,135,21,99,16,77,112,71,56,18,62,120,24,197,26,9,143,20,3,2,121,160,92,49,130,22,38,34,124,94,75,12,165,153,187,127,39,107,87,76,50,53,93,23,30,134,58,86,69,64,101,151,54,158,199,6,117,98,25,110,81,52,182,28,162,78,60,79,185,148,167,61,41,36,46,131,59,133,96,157,138,178,164,173,66,126,198,159,140,118,109,29,154,156,106,19,108,146,43,128,85,152,111,83,181,82,192,139,33,13,172,195,40,37,15,35,88,145,189,194,31,171,116,57,0,113,196,89,5,141,119,74,183,63,51,72,147,65,102,115,14,45,55,155,184,161,80,114,177,169,191,11,104,180,163,170,95,137,90,125,149,32,68,97,100,7,175,179,123,150,136,144,70,168,17,103,105,142,190,188,186,176,42,47,132,166,27,44];False
2513;8313;10826;[4,67,193,48,10,1,91,129,8,84,122,73,174,135,21,40,16,77,112,71,56,18,62,120,24,197,26,9,143,20,3,2,121,160,92,49,130,22,38,34,124,94,75,12,165,153,187,127,39,107,87,76,50,53,93,23,30,134,58,86,69,64,101,151,54,158,199,6,117,98,25,110,81,52,182,28,162,78,60,79,185,148,167,61,41,36,46,131,59,133,96,157,138,178,164,173,66,126,198,159,140,118,109,29,154,156,106,19,108,146,43,128,85,152,111,83,181,82,192,139,33,13,172,195,99,37,15,35,88,145,189,194,31,171,116,57,0,113,196,89,5,141,119,74,183,63,51,72,147,65,102,115,14,45,55,155,184,161,80,114,177,169,191,11,104,180,163,170,95,137,90,125,149,32,68,97,100,7,175,179,27,150,136,144,70,168,17,103,105,142,190,188,186,176,42,47,132,166,123,44];False
2529;8296;10825;[4,67,193,48,10,1,91,129,8,84,122,73,174,135,21,99,16,77,112,71,56,18,62,120,24,197,26,9,143,20,3,2,121,160,92,49,130,22,38,34,124,94,75,12,165,153,187,127,39,107,87,76,50,53,93,23,30,134,58,86,69,173,101,151,54,158,199,6,117,98,25,110,81,52,182,28,162,78,60,79,185,148,167,61,41,36,46,131,59,133,96,157,138,178,164,64,66,126,198,159,140,118,109,29,154,156,106,19,108,146,43,128,85,152,111,83,181,82,192,139,33,13,172,195,40,37,15,35,88,145,189,194,31,171,116,57,0,113,196,89,5,141,119,74,183,63,51,72,147,65,102,115,14,45,55,155,184,161,80,114,177,169,191,11,104,180,163,170,95,137,90,125,149,32,68,97,100,7,175,179,27,150,136,144,70,168,17,103,105,142,190,188,186,176,42,47,132,166,123,44];False
2523;8302;10825;[4,67,193,48,10,1,91,129,8,84,122,73,174,135,21,99,16,77,112,71,56,18,62,120,24,197,26,9,143,20,3,2,121,160,92,49,130,22,38,34,124,94,75,12,165,153,187,127,39,107,87,76,50,53,93,23,30,134,58,86,69,64,101,151,54,158,199,6,117,98,25,110,81,52,182,13,162,78,60,79,185,148,167,61,41,36,46,131,59,133,96,157,138,178,164,173,66,126,198,159,140,118,109,29,154,156,106,19,108,146,43,128,85,152,111,83,181,82,192,139,33,28,172,195,40,37,15,35,88,145,189,194,31,171,116,57,0,113,196,89,5,141,119,74,183,63,51,72,147,65,102,115,14,45,55,155,184,161,80,114,177,169,191,11,104,180,163,170,95,137,90,125,149,32,68,97,100,7,175,179,27,150,136,144,70,168,17,103,105,142,190,188,186,176,42,47,132,166,123,44];False
2477;8348;10825;[4,67,193,48,10,1,91,129,8,84,122,73,174,135,170,99,16,77,112,71,56,18,62,120,24,197,26,9,143,20,3,2,121,160,92,49,130,22,38,34,124,94,75,12,165,153,187,127,39,107,87,76,50,53,93,23,30,134,58,86,69,64,101,151,54,158,199,6,117,98,25,110,81,52,182,28,162,78,60,79,185,148,167,61,41,36,46,131,59,133,96,157,138,178,164,173,66,126,198,159,140,118,109,29,154,156,106,19,108,146,43,128,85,152,111,83,181,82,192,139,33,13,172,195,40,37,15,35,88,145,189,194,31,171,116,57,0,113,196,89,5,141,119,74,183,63,51,72,147,65,102,115,14,45,55,155,184,161,80,114,177,169,191,11,104,180,163,21,95,137,90,125,149,32,68,97,100,7,175,179,27,150,136,144,70,168,17,103,105,142,190,188,186,176,42,47,132,166,123,44];False
2512;8312;10824;[4,67,134,48,10,1,91,129,8,84,122,73,174,135,21,99,16,77,112,71,56,18,62,120,24,197,26,9,143,20,3,2,121,160,92,49,130,22,38,34,124,94,75,12,165,153,187,127,39,107,87,76,50,53,93,23,30,193,58,86,69,64,101,151,54,158,199,6,117,98,25,110,81,52,182,28,162,78,60,79,185,148,167,61,41,36,46,131,59,133,96,157,138,178,164,173,66,126,198,159,140,118,109,29,154,156,106,19,108,146,43,128,85,152,111,83,181,82,192,139,33,13,172,195,40,37,15,35,88,145,189,194,31,171,116,57,0,113,196,89,5,141,119,74,183,63,51,72,147,65,102,115,14,45,55,155,184,161,80,114,177,169,191,11,104,180,163,170,95,137,90,125,149,32,68,97,100,7,175,179,27,150,136,144,70,168,17,103,105,142,190,188,186,176,42,47,132,166,123,44];False
2482;8342;10824;[4,67,193,48,10,1,91,129,8,84,122,73,174,135,21,99,16,77,112,71,56,18,62,120,24,197,26,9,143,179,3,2,121,160,92,49,130,22,38,34,124,94,75,12,165,153,187,127,39,107,87,76,50,53,93,23,30,134,58,86,69,64,101,151,54,158,199,6,117,98,25,110,81,52,182,28,162,78,60,79,185,148,167,61,41,36,46,131,59,133,96,157,138,178,164,173,66,126,198,159,140,118,109,29,154,156,106,19,108,146,43,128,85,152,111,83,181,82,192,139,33,13,172,195,40,37,15,35,88,145,189,194,31,171,116,57,0,113,196,89,5,141,119,74,183,63,51,72,147,65,102,115,14,45,55,155,184,161,80,114,177,169,191,11,104,180,163,170,95,137,90,125,149,32,68,97,100,7,175,20,27,150,136,144,70,168,17,103,105,142,190,188,186,176,42,47,132,166,123,44];False
2527;8296;10823;[4,67,193,48,10,1,91,129,8,84,122,73,174,135,21,99,16,77,112,71,56,18,62,120,24,197,26,9,143,20,3,2,121,160,92,49,130,22,38,34,124,94,75,12,165,153,187,127,39,107,87,76,50,53,93,23,30,134,58,86,69,64,101,151,54,158,199,6,117,98,25,110,81,52,182,28,162,78,60,79,185,148,167,61,41,36,46,131,59,133,96,157,138,178,164,173,66,126,198,159,140,118,109,29,154,156,106,19,108,146,43,128,85,152,111,83,181,82,192,139,33,13,172,195,17,37,15,35,88,145,189,194,31,171,116,57,0,113,196,89,5,141,119,74,183,63,51,72,147,65,102,115,14,45,55,155,184,161,80,114,177,169,191,11,104,180,163,170,95,137,90,125,149,32,68,97,100,7,175,179,27,150,136,144,70,168,40,103,105,142,190,188,186,176,42,47,132,166,123,44];False
2550;8272;10822;[4,67,193,48,10,1,91,129,8,84,122,73,174,135,21,99,16,77,112,71,56,18,62,120,24,197,26,9,143,20,3,2,121,160,92,49,130,22,38,34,124,94,75,12,165,153,59,127,39,107,87,76,50,53,93,23,30,134,58,86,69,64,101,151,54,158,199,6,117,98,25,110,81,52,182,28,162,78,60,79,185,148,167,61,41,36,46,131,187,133,96,157,138,178,164,173,66,126,198,159,140,118,109,29,154,156,106,19,108,146,43,128,85,152,111,83,181,82,192,139,33,13,172,195,40,37,15,35,88,145,189,194,31,171,116,57,0,113,196,89,5,141,119,74,183,63,51,72,147,65,102,115,14,45,55,155,184,161,80,114,177,169,191,11,104,180,163,170,95,137,90,125,149,32,68,97,100,7,175,179,27,150,136,144,70,168,17,103,105,142,190,188,186,176,42,47,132,166,123,44];False
2514;8307;10821;[4,67,193,48,10,1,91,129,8,84,122,73,174,135,21,99,16,77,112,71,56,18,62,120,24,197,26,9,143,20,3,2,121,160,92,49,130,22,38,34,124,94,75,103,165,153,187,127,39,107,87,76,50,53,93,23,30,134,58,86,69,64,101,151,54,158,199,6,117,98,25,110,81,52,182,28,162,78,60,79,185,148,167,61,41,36,46,131,59,133,96,157,138,178,164,173,66,126,198,159,140,118,109,29,154,156,106,19,108,146,43,128,85,152,111,83,181,82,192,139,33,13,172,195,40,37,15,35,88,145,189,194,31,171,116,57,0,113,196,89,5,141,119,74,183,63,51,72,147,65,102,115,14,45,55,155,184,161,80,114,177,169,191,11,104,180,163,170,95,137,90,125,149,32,68,97,100,7,175,179,27,150,136,144,70,168,17,12,105,142,190,188,186,176,42,47,132,166,123,44];False
2553;8268;10821;[4,67,193,48,10,1,91,129,8,84,122,73,174,135,21,99,16,77,112,71,56,18,62,120,24,197,26,9,143,20,3,2,121,160,92,49,130,22,38,34,124,94,75,12,165,153,187,127,39,107,87,76,50,53,93,23,30,134,58,86,69,64,101,151,54,158,199,6,117,98,25,110,81,52,182,28,162,78,60,79,185,148,167,61,41,139,46,131,59,133,96,157,138,178,164,173,66,126,198,159,140,118,109,29,154,156,106,19,108,146,43,128,85,152,111,83,181,82,192,36,33,13,172,195,40,37,15,35,88,145,189,194,31,171,116,57,0,113,196,89,5,141,119,74,183,63,51,72,147,65,102,115,14,45,55,155,184,161,80,114,177,169,191,11,104,180,163,170,95,137,90,125,149,32,68,97,100,7,175,179,27,150,136,144,70,168,17,103,105,142,190,188,186,176,42,47,132,166,123,44];False
2560;8261;10821;[4,67,193,48,10,1,91,129,8,84,122,73,174,135,21,99,16,77,112,71,56,18,62,120,24,197,26,9,143,20,3,2,121,160,92,49,130,22,38,34,124,94,75,12,165,23,187,127,39,107,87,76,50,53,93,153,30,134,58,86,69,64,101,151,54,158,199,6,117,98,25,110,81,52,182,28,162,78,60,79,185,148,167,61,41,36,46,131,59,133,96,157,138,178,164,173,66,126,198,159,140,118,109,29,154,156,106,19,108,146,43,128,85,152,111,83,181,82,192,139,33,13,172,195,40,37,15,35,88,145,189,194,31,171,116,57,0,113,196,89,5,141,119,74,183,63,51,72,147,65,102,115,14,45,55,155,184,161,80,114,177,169,191,11,104,180,163,170,95,137,90,125,149,32,68,97,100,7,175,179,27,150,136,144,70,168,17,103,105,142,190,188,186,176,42,47,132,166,123,44];False
2489;8332;10821;[4,67,193,48,10,1,91,129,8,84,122,73,174,135,21,99,16,77,112,71,56,18,62,120,24,197,26,9,143,20,3,2,121,160,92,49,130,22,38,34,124,94,75,12,165,153,187,127,138,107,87,76,50,53,93,23,30,134,58,86,69,64,101,151,54,158,199,6,117,98,25,110,81,52,182,28,162,78,60,79,185,148,167,61,41,36,46,131,59,133,96,157,39,178,164,173,66,126,198,159,140,118,109,29,154,156,106,19,108,146,43,128,85,152,111,83,181,82,192,139,33,13,172,195,40,37,15,35,88,145,189,194,31,171,116,57,0,113,196,89,5,141,119,74,183,63,51,72,147,65,102,115,14,45,55,155,184,161,80,114,177,169,191,11,104,180,163,170,95,137,90,125,149,32,68,97,100,7,175,179,27,150,136,144,70,168,17,103,105,142,190,188,186,176,42,47,132,166,123,44];False
2534;8286;10820;[4,39,193,48,10,1,91,129,8,84,122,73,174,135,21,99,16,77,112,71,56,18,62,120,24,197,26,9,143,20,3,2,121,160,92,49,130,22,38,34,124,94,75,12,165,153,187,127,67,107,87,76,50,53,93,23,30,134,58,86,69,64,101,151,54,158,199,6,117,98,25,110,81,52,182,28,162,78,60,79,185,148,167,61,41,36,46,131,59,133,96,157,138,178,164,173,66,126,198,159,140,118,109,29,154,156,106,19,108,146,43,128,85,152,111,83,181,82,192,139,33,13,172,195,40,37,15,35,88,145,189,194,31,171,116,57,0,113,196,89,5,141,119,74,183,63,51,72,147,65,102,115,14,45,55,155,184,161,80,114,177,169,191,11,104,180,163,170,95,137,90,125,149,32,68,97,100,7,175,179,27,150,136,144,70,168,17,103,105,142,190,188,186,176,42,47,132,166,123,44];False
2546;8274;10820;[4,67,193,48,10,1,91,129,8,84,122,73,174,135,21,99,16,77,112,71,56,18,62,120,24,197,26,9,143,20,3,2,121,160,92,49,130,22,38,34,124,94,75,12,165,153,187,127,39,107,87,103,50,53,93,23,30,134,58,86,69,64,101,151,54,158,199,6,117,98,25,110,81,52,182,28,162,78,60,79,185,148,167,61,41,36,46,131,59,133,96,157,138,178,164,173,66,126,198,159,140,118,109,29,154,156,106,19,108,146,43,128,85,152,111,83,181,82,192,139,33,13,172,195,40,37,15,35,88,145,189,194,31,171,116,57,0,113,196,89,5,141,119,74,183,63,51,72,147,65,102,115,14,45,55,155,184,161,80,114,177,169,191,11,104,180,163,170,95,137,90,125,149,32,68,97,100,7,175,179,27,150,136,144,70,168,17,76,105,142,190,188,186,176,42,47,132,166,123,44];False
2489;8331;10820;[4,67,193,48,10,1,91,129,8,84,122,73,174,135,21,99,16,77,112,71,56,18,62,120,24,197,26,9,143,20,3,2,121,160,92,49,130,22,38,34,124,94,75,12,165,153,187,127,39,107,87,76,50,53,93,23,30,134,58,86,69,64,101,151,54,158,199,6,117,98,25,110,144,52,182,28,162,78,60,79,185,148,167,61,41,36,46,131,59,133,96,157,138,178,164,173,66,126,198,159,140,118,109,29,154,156,106,19,108,146,43,128,85,152,111,83,181,82,192,139,33,13,172,195,40,37,15,35,88,145,189,194,31,171,116,57,0,113,196,89,5,141,119,74,183,63,51,72,147,65,102,115,14,45,55,155,184,161,80,114,177,169,191,11,104,180,163,170,95,137,90,125,149,32,68,97,100,7,175,179,27,150,136,81,70,168,17,103,105,142,190,188,186,176,42,47,132,166,123,44];False
2547;8272;10819;[4,67,193,48,10,1,91,129,8,84,122,73,174,135,21,99,16,77,112,71,56,18,62,120,24,197,26,9,143,20,3,2,121,160,92,49,130,22,38,34,124,94,75,12,165,153,187,127,39,107,87,76,105,53,93,23,30,134,58,86,69,64,101,151,54,158,199,6,117,98,25,110,81,52,182,28,162,78,60,79,185,148,167,61,41,36,46,131,59,133,96,157,138,178,164,173,66,126,198,159,140,118,109,29,154,156,106,19,108,146,43,128,85,152,111,83,181,82,192,139,33,13,172,195,40,37,15,35,88,145,189,194,31,171,116,57,0,113,196,89,5,141,119,74,183,63,51,72,147,65,102,115,14,45,55,155,184,161,80,114,177,169,191,11,104,180,163,170,95,137,90,125,149,32,68,97,100,7,175,179,27,150,136,144,70,168,17,103,50,142,190,188,186,176,42,47,132,166,123,44];False
2554;8265;10819;[4,67,193,48,10,1,91,129,8,84,122,73,174,135,21,99,16,77,112,71,56,18,62,120,24,197,26,137,143,20,3,2,121,160,92,49,130,22,38,34,124,94,75,12,165,153,187,127,39,107,87,76,50,53,93,23,30,134,58,86,69,64,101,151,54,158,199,6,117,98,25,110,81,52,182,28,162,78,60,79,185,148,167,61,41,36,46,131,59,133,96,157,138,178,164,173,66,126,198,159,140,118,109,29,154,156,106,19,108,146,43,128,85,152,111,83,181,82,192,139,33,13,172,195,40,37,15,35,88,145,189,194,31,171,116,57,0,113,196,89,5,141,119,74,183,63,51,72,147,65,102,115,14,45,55,155,184,161,80,114,177,169,191,11,104,180,163,170,95,9,90,125,149,32,68,97,100,7,175,179,27,150,136,144,70,168,17,103,105,142,190,188,186,176,42,47,132,166,123,44];False
2546;8272;10818;[4,67,193,48,10,1,91,129,8,84,122,73,174,135,21,99,16,77,112,71,56,18,62,120,24,197,26,9,143,20,3,2,121,160,92,49,130,22,38,34,124,94,75,12,165,153,187,127,39,107,87,76,50,53,93,23,30,134,58,86,69,64,101,151,54,158,199,6,117,98,25,110,81,52,182,28,162,78,60,79,185,148,167,61,41,36,46,131,59,15,96,157,138,178,164,173,66,126,198,159,140,118,109,29,154,156,106,19,108,146,43,128,85,152,111,83,181,82,192,139,33,13,172,195,40,37,133,35,88,145,189,194,31,171,116,57,0,113,196,89,5,141,119,74,183,63,51,72,147,65,102,115,14,45,55,155,184,161,80,114,177,169,191,11,104,180,163,170,95,137,90,125,149,32,68,97,100,7,175,179,27,150,136,144,70,168,17,103,105,142,190,188,186,176,42,47,132,166,123,44];False
2486;8331;10817;[4,67,193,48,10,1,91,129,8,84,122,73,174,135,21,99,16,77,112,71,56,18,62,120,24,197,26,9,143,20,3,2,121,160,92,49,130,22,38,34,124,94,75,12,165,153,187,127,39,107,87,76,50,53,93,23,30,134,58,86,69,64,101,151,54,158,199,6,117,98,25,110,81,52,182,28,162,78,60,79,185,148,167,61,41,36,46,131,59,133,44,157,138,178,164,173,66,126,198,159,140,118,109,29,154,156,106,19,108,146,43,128,85,152,111,83,181,82,192,139,33,13,172,195,40,37,15,35,88,145,189,194,31,171,116,57,0,113,196,89,5,141,119,74,183,63,51,72,147,65,102,115,14,45,55,155,184,161,80,114,177,169,191,11,104,180,163,170,95,137,90,125,149,32,68,97,100,7,175,179,27,150,136,144,70,168,17,103,105,142,190,188,186,176,42,47,132,166,123,96];False
2548;8269;10817;[4,67,193,48,10,1,91,129,8,84,122,73,174,135,21,99,16,77,112,71,56,18,62,120,24,197,26,9,143,20,125,2,121,160,92,49,130,22,38,34,124,94,75,12,165,153,187,127,39,107,87,76,50,53,93,23,30,134,58,86,69,64,101,151,54,158,199,6,117,98,25,110,81,52,182,28,162,78,60,79,185,148,167,61,41,36,46,131,59,133,96,157,138,178,164,173,66,126,198,159,140,118,109,29,154,156,106,19,108,146,43,128,85,152,111,83,181,82,192,139,33,13,172,195,40,37,15,35,88,145,189,194,31,171,116,57,0,113,196,89,5,141,119,74,183,63,51,72,147,65,102,115,14,45,55,155,184,161,80,114,177,169,191,11,104,180,163,170,95,137,90,3,149,32,68,97,100,7,175,179,27,150,136,144,70,168,17,103,105,142,190,188,186,176,42,47,132,166,123,44];False
2517;8300;10817;[4,67,193,48,10,1,91,168,8,84,122,73,174,135,21,99,16,77,112,71,56,18,62,120,24,197,26,9,143,20,3,2,121,160,92,49,130,22,38,34,124,94,75,12,165,153,187,127,39,107,87,76,50,53,93,23,30,134,58,86,69,64,101,151,54,158,199,6,117,98,25,110,81,52,182,28,162,78,60,79,185,148,167,61,41,36,46,131,59,133,96,157,138,178,164,173,66,126,198,159,140,118,109,29,154,156,106,19,108,146,43,128,85,152,111,83,181,82,192,139,33,13,172,195,40,37,15,35,88,145,189,194,31,171,116,57,0,113,196,89,5,141,119,74,183,63,51,72,147,65,102,115,14,45,55,155,184,161,80,114,177,169,191,11,104,180,163,170,95,137,90,125,149,32,68,97,100,7,175,179,27,150,136,144,70,129,17,103,105,142,190,188,186,176,42,47,132,166,123,44];False
2442;8375;10817;[4,67,193,48,10,1,91,129,8,84,122,79,174,135,21,99,16,77,112,71,56,18,62,120,24,197,26,9,143,20,3,2,121,160,92,49,130,22,38,34,124,94,75,12,165,153,187,127,39,107,87,76,50,53,93,23,30,134,58,86,69,64,101,151,54,158,199,6,117,98,25,110,81,52,182,28,162,78,60,73,185,148,167,61,41,36,46,131,59,133,96,157,138,178,164,173,66,126,198,159,140,118,109,29,154,156,106,19,108,146,43,128,85,152,111,83,181,82,192,139,33,13,172,195,40,37,15,35,88,145,189,194,31,171,116,57,0,113,196,89,5,141,119,74,183,63,51,72,147,65,102,115,14,45,55,155,184,161,80,114,177,169,191,11,104,180,163,170,95,137,90,125,149,32,68,97,100,7,175,179,27,150,136,144,70,168,17,103,105,142,190,188,186,176,42,47,132,166,123,44];False
2522;8294;10816;[4,67,193,48,10,1,91,129,8,84,122,73,174,135,21,99,16,77,112,71,56,18,62,120,24,197,26,9,143,20,3,2,121,160,92,49,130,22,38,34,124,94,75,12,165,153,187,127,39,107,87,76,50,53,93,140,30,134,58,86,69,64,101,151,54,158,199,6,117,98,25,110,81,52,182,28,162,78,60,79,185,148,167,61,41,36,46,131,59,133,96,157,138,178,164,173,66,126,198,159,23,118,109,29,154,156,106,19,108,146,43,128,85,152,111,83,181,82,192,139,33,13,172,195,40,37,15,35,88,145,189,194,31,171,116,57,0,113,196,89,5,141,119,74,183,63,51,72,147,65,102,115,14,45,55,155,184,161,80,114,177,169,191,11,104,180,163,170,95,137,90,125,149,32,68,97,100,7,175,179,27,150,136,144,70,168,17,103,105,142,190,188,186,176,42,47,132,166,123,44];False
2473;8341;10814;[4,67,193,48,10,1,91,129,8,84,122,73,174,135,21,99,16,77,112,71,56,18,62,120,24,197,26,79,143,20,3,2,121,160,92,49,130,22,38,34,124,94,75,12,165,153,187,127,39,107,87,76,50,53,93,23,30,134,58,86,69,64,101,151,54,158,199,6,117,98,25,110,81,52,182,28,162,78,60,9,185,148,167,61,41,36,46,131,59,133,96,157,138,178,164,173,66,126,198,159,140,118,109,29,154,156,106,19,108,146,43,128,85,152,111,83,181,82,192,139,33,13,172,195,40,37,15,35,88,145,189,194,31,171,116,57,0,113,196,89,5,141,119,74,183,63,51,72,147,65,102,115,14,45,55,155,184,161,80,114,177,169,191,11,104,180,163,170,95,137,90,125,149,32,68,97,100,7,175,179,27,150,136,144,70,168,17,103,105,142,190,188,186,176,42,47,132,166,123,44];False
2416;8397;10813;[4,67,193,48,10,1,91,129,8,84,122,73,174,135,179,99,16,77,112,71,56,18,62,120,24,197,26,9,143,20,3,2,121,160,92,49,130,22,38,34,124,94,75,12,165,153,187,127,39,107,87,76,50,53,93,23,30,134,58,86,69,64,101,151,54,158,199,6,117,98,25,110,81,52,182,28,162,78,60,79,185,148,167,61,41,36,46,131,59,133,96,157,138,178,164,173,66,126,198,159,140,118,109,29,154,156,106,19,108,146,43,128,85,152,111,83,181,82,192,139,33,13,172,195,40,37,15,35,88,145,189,194,31,171,116,57,0,113,196,89,5,141,119,74,183,63,51,72,147,65,102,115,14,45,55,155,184,161,80,114,177,169,191,11,104,180,163,170,95,137,90,125,149,32,68,97,100,7,175,21,27,150,136,144,70,168,17,103,105,142,190,188,186,176,42,47,132,166,123,44];False
2540;8273;10813;[4,67,193,48,10,1,91,129,8,84,122,73,174,135,21,99,16,77,112,71,56,18,62,120,32,197,26,9,143,20,3,2,121,160,92,49,130,22,38,34,124,94,75,12,165,153,187,127,39,107,87,76,50,53,93,23,30,134,58,86,69,64,101,151,54,158,199,6,117,98,25,110,81,52,182,28,162,78,60,79,185,148,167,61,41,36,46,131,59,133,96,157,138,178,164,173,66,126,198,159,140,118,109,29,154,156,106,19,108,146,43,128,85,152,111,83,181,82,192,139,33,13,172,195,40,37,15,35,88,145,189,194,31,171,116,57,0,113,196,89,5,141,119,74,183,63,51,72,147,65,102,115,14,45,55,155,184,161,80,114,177,169,191,11,104,180,163,170,95,137,90,125,149,24,68,97,100,7,175,179,27,150,136,144,70,168,17,103,105,142,190,188,186,176,42,47,132,166,123,44];False
2571;8241;10812;[4,67,193,48,10,1,91,129,8,84,122,73,174,135,21,99,16,77,112,71,56,18,62,120,24,197,26,9,143,20,3,2,121,160,92,49,130,22,38,34,124,94,75,12,165,153,187,127,39,107,87,76,50,53,93,23,30,134,58,86,69,64,101,151,54,158,199,6,117,98,25,110,81,52,182,28,162,78,60,79,185,148,167,61,41,36,46,131,59,133,96,157,138,178,164,173,66,126,198,159,140,118,109,29,154,156,106,19,108,146,43,128,85,152,111,83,181,82,192,139,33,13,172,195,40,37,115,35,88,145,189,194,31,171,116,57,0,113,196,89,5,141,119,74,183,63,51,72,147,65,102,15,14,45,55,155,184,161,80,114,177,169,191,11,104,180,163,170,95,137,90,125,149,32,68,97,100,7,175,179,27,150,136,144,70,168,17,103,105,142,190,188,186,176,42,47,132,166,123,44];False
2486;8326;10812;[4,67,193,48,10,1,91,129,8,84,122,73,174,135,21,99,16,77,112,71,56,18,62,120,24,197,26,9,143,20,3,2,121,160,92,49,130,22,38,34,124,94,75,12,165,153,187,150,39,107,87,76,50,53,93,23,30,134,58,86,69,64,101,151,54,158,199,6,117,98,25,110,81,52,182,28,162,78,60,79,185,148,167,61,41,36,46,131,59,133,96,157,138,178,164,173,66,126,198,159,140,118,109,29,154,156,106,19,108,146,43,128,85,152,111,83,181,82,192,139,33,13,172,195,40,37,15,35,88,145,189,194,31,171,116,57,0,113,196,89,5,141,119,74,183,63,51,72,147,65,102,115,14,45,55,155,184,161,80,114,177,169,191,11,104,180,163,170,95,137,90,125,149,32,68,97,100,7,175,179,27,127,136,144,70,168,17,103,105,142,190,188,186,176,42,47,132,166,123,44];False
2492;8319;10811;[4,67,193,48,10,1,91,129,8,84,122,73,174,135,21,99,16,77,112,71,56,18,62,120,24,197,26,9,143,20,3,2,121,160,92,49,130,22,38,34,124,94,75,12,165,153,187,127,39,107,87,76,50,53,93,23,30,134,58,86,69,64,101,136,54,158,199,6,117,98,25,110,81,52,182,28,162,78,60,79,185,148,167,61,41,36,46,131,59,133,96,157,138,178,164,173,66,126,198,159,140,118,109,29,154,156,106,19,108,146,43,128,85,152,111,83,181,82,192,139,33,13,172,195,40,37,15,35,88,145,189,194,31,171,116,57,0,113,196,89,5,141,119,74,183,63,51,72,147,65,102,115,14,45,55,155,184,161,80,114,177,169,191,11,104,180,163,170,95,137,90,125,149,32,68,97,100,7,175,179,27,150,151,144,70,168,17,103,105,142,190,188,186,176,42,47,132,166,123,44];False
2432;8379;10811;[4,67,193,48,10,1,91,129,8,84,122,73,174,135,21,99,16,77,112,71,56,18,62,120,24,197,26,9,143,20,3,2,121,160,92,49,130,22,38,34,124,94,75,12,165,153,187,127,39,107,87,76,50,53,93,23,30,134,58,86,69,64,101,151,54,158,199,6,117,98,25,110,81,52,182,28,162,78,70,79,185,148,167,61,41,36,46,131,59,133,96,157,138,178,164,173,66,126,198,159,140,118,109,29,154,156,106,19,108,146,43,128,85,152,111,83,181,82,192,139,33,13,172,195,40,37,15,35,88,145,189,194,31,171,116,57,0,113,196,89,5,141,119,74,183,63,51,72,147,65,102,115,14,45,55,155,184,161,80,114,177,169,191,11,104,180,163,170,95,137,90,125,149,32,68,97,100,7,175,179,27,150,136,144,60,168,17,103,105,142,190,188,186,176,42,47,132,166,123,44];False
2551;8259;10810;[4,67,193,48,10,1,91,129,8,84,122,73,174,135,21,99,16,77,112,71,56,18,62,120,24,197,26,9,143,20,3,2,121,160,92,49,130,22,38,34,124,94,75,12,165,153,187,127,39,107,87,76,50,53,93,23,30,134,58,86,69,64,101,151,54,158,199,6,117,98,25,110,81,52,182,28,162,78,60,79,185,148,167,61,41,36,46,131,59,133,96,157,138,178,164,173,66,126,198,159,140,118,109,29,154,156,106,19,108,146,43,128,85,152,111,83,181,147,192,139,33,13,172,195,40,37,15,35,88,145,189,194,31,171,116,57,0,113,196,89,5,141,119,74,183,63,51,72,82,65,102,115,14,45,55,155,184,161,80,114,177,169,191,11,104,180,163,170,95,137,90,125,149,32,68,97,100,7,175,179,27,150,136,144,70,168,17,103,105,142,190,188,186,176,42,47,132,166,123,44];False
2492;8318;10810;[4,67,193,48,10,1,91,129,8,84,122,73,174,135,21,99,16,77,112,71,56,18,62,120,24,197,26,9,143,20,3,2,121,160,92,49,130,22,38,34,124,94,75,12,165,153,187,127,39,107,87,76,50,53,93,23,30,134,58,86,69,64,101,151,54,158,199,6,117,98,25,110,81,52,182,28,162,78,60,79,185,148,167,61,41,36,46,131,59,133,96,157,138,178,164,173,66,126,198,159,140,118,109,29,154,156,106,19,108,146,43,128,85,152,111,83,181,82,192,139,33,13,172,195,40,37,15,35,88,145,189,194,31,171,116,57,0,113,196,89,5,141,119,74,183,63,51,72,147,65,102,115,14,45,55,155,184,161,80,114,190,169,191,11,104,180,163,170,95,137,90,125,149,32,68,97,100,7,175,179,27,150,136,144,70,168,17,103,105,142,177,188,186,176,42,47,132,166,123,44];False
2538;8272;10810;[4,67,193,48,10,1,91,129,8,84,122,73,174,135,21,99,16,77,112,71,56,18,62,120,24,197,26,9,143,20,3,2,121,160,92,49,130,22,38,34,124,94,75,12,165,153,187,127,39,107,87,76,50,53,93,23,30,134,58,86,69,64,101,151,54,158,199,6,117,98,25,110,81,52,182,28,162,78,60,79,185,148,167,61,41,36,46,131,59,133,96,157,138,176,164,173,66,126,198,159,140,118,109,29,154,156,106,19,108,146,43,128,85,152,111,83,181,82,192,139,33,13,172,195,40,37,15,35,88,145,189,194,31,171,116,57,0,113,196,89,5,141,119,74,183,63,51,72,147,65,102,115,14,45,55,155,184,161,80,114,177,169,191,11,104,180,163,170,95,137,90,125,149,32,68,97,100,7,175,179,27,150,136,144,70,168,17,103,105,142,190,188,186,178,42,47,132,166,123,44];False
2492;8318;10810;[4,67,193,187,10,1,91,129,8,84,122,73,174,135,21,99,16,77,112,71,56,18,62,120,24,197,26,9,143,20,3,2,121,160,92,49,130,22,38,34,124,94,75,12,165,153,48,127,39,107,87,76,50,53,93,23,30,134,58,86,69,64,101,151,54,158,199,6,117,98,25,110,81,52,182,28,162,78,60,79,185,148,167,61,41,36,46,131,59,133,96,157,138,178,164,173,66,126,198,159,140,118,109,29,154,156,106,19,108,146,43,128,85,152,111,83,181,82,192,139,33,13,172,195,40,37,15,35,88,145,189,194,31,171,116,57,0,113,196,89,5,141,119,74,183,63,51,72,147,65,102,115,14,45,55,155,184,161,80,114,177,169,191,11,104,180,163,170,95,137,90,125,149,32,68,97,100,7,175,179,27,150,136,144,70,168,17,103,105,142,190,188,186,176,42,47,132,166,123,44];False
2515;8295;10810;[4,67,193,48,10,1,91,129,8,84,122,73,174,135,21,99,16,77,112,71,56,18,62,120,24,197,26,9,143,20,3,2,121,160,92,49,130,22,38,34,124,94,75,12,165,153,187,127,39,107,87,76,50,53,93,23,30,134,58,86,69,64,101,151,54,158,199,6,117,98,25,110,81,52,182,28,162,78,60,79,185,148,167,61,41,36,46,131,59,133,96,157,138,178,164,173,66,126,198,159,140,118,109,29,154,156,106,19,108,85,43,128,146,152,111,83,181,82,192,139,33,13,172,195,40,37,15,35,88,145,189,194,31,171,116,57,0,113,196,89,5,141,119,74,183,63,51,72,147,65,102,115,14,45,55,155,184,161,80,114,177,169,191,11,104,180,163,170,95,137,90,125,149,32,68,97,100,7,175,179,27,150,136,144,70,168,17,103,105,142,190,188,186,176,42,47,132,166,123,44];False
2493;8315;10808;[4,67,193,48,10,1,91,129,8,84,122,73,174,135,21,191,16,77,112,71,56,18,62,120,24,197,26,9,143,20,3,2,121,160,92,49,130,22,38,34,124,94,75,12,165,153,187,127,39,107,87,76,50,53,93,23,30,134,58,86,69,64,101,151,54,158,199,6,117,98,25,110,81,52,182,28,162,78,60,79,185,148,167,61,41,36,46,131,59,133,96,157,138,178,164,173,66,126,198,159,140,118,109,29,154,156,106,19,108,146,43,128,85,152,111,83,181,82,192,139,33,13,172,195,40,37,15,35,88,145,189,194,31,171,116,57,0,113,196,89,5,141,119,74,183,63,51,72,147,65,102,115,14,45,55,155,184,161,80,114,177,169,99,11,104,180,163,170,95,137,90,125,149,32,68,97,100,7,175,179,27,150,136,144,70,168,17,103,105,142,190,188,186,176,42,47,132,166,123,44];False
2468;8340;10808;[4,67,193,48,10,1,91,129,8,84,122,73,174,135,21,99,16,77,112,71,56,18,62,120,24,197,26,9,143,20,3,2,121,160,92,49,130,22,38,34,124,94,75,12,165,153,187,127,39,107,87,76,50,53,93,23,30,134,58,86,69,64,101,151,54,158,199,6,117,98,25,110,81,52,182,28,162,78,60,79,185,148,167,61,41,36,46,131,59,133,96,157,138,178,164,173,66,126,198,159,140,118,109,29,154,156,106,19,108,146,43,128,85,152,111,83,181,82,192,139,33,13,172,195,40,37,15,35,88,145,189,194,31,171,116,57,0,113,196,89,5,141,119,74,183,63,51,72,147,65,102,115,14,45,55,155,184,161,80,114,177,169,191,11,104,180,163,170,95,137,90,125,149,32,68,97,100,44,175,179,27,150,136,144,70,168,17,103,105,142,190,188,186,176,42,47,132,166,123,7];False
2490;8316;10806;[4,67,193,48,10,1,91,129,8,84,122,73,174,135,21,99,16,77,112,71,56,18,62,120,24,197,26,9,143,20,3,2,121,160,92,49,130,22,38,34,124,94,75,12,165,153,187,127,39,107,87,76,50,53,93,23,30,134,58,86,69,64,101,151,54,158,199,6,117,98,25,110,81,52,182,28,162,78,60,79,185,148,167,61,41,36,46,131,59,133,96,157,138,178,164,173,66,126,198,159,140,118,109,29,154,156,106,19,108,146,43,128,85,152,111,83,181,82,192,139,33,13,172,195,40,37,15,35,88,145,189,194,31,171,116,57,0,113,196,89,5,141,119,74,183,63,51,72,147,65,102,115,14,45,55,155,184,161,80,114,177,169,191,11,104,180,163,170,95,137,90,125,149,32,68,97,100,7,175,188,27,150,136,144,70,168,17,103,105,142,190,179,186,176,42,47,132,166,123,44];False
2503;8303;10806;[4,67,193,48,10,1,91,129,8,84,122,73,174,135,68,99,16,77,112,71,56,18,62,120,24,197,26,9,143,20,3,2,121,160,92,49,130,22,38,34,124,94,75,12,165,153,187,127,39,107,87,76,50,53,93,23,30,134,58,86,69,64,101,151,54,158,199,6,117,98,25,110,81,52,182,28,162,78,60,79,185,148,167,61,41,36,46,131,59,133,96,157,138,178,164,173,66,126,198,159,140,118,109,29,154,156,106,19,108,146,43,128,85,152,111,83,181,82,192,139,33,13,172,195,40,37,15,35,88,145,189,194,31,171,116,57,0,113,196,89,5,141,119,74,183,63,51,72,147,65,102,115,14,45,55,155,184,161,80,114,177,169,191,11,104,180,163,170,95,137,90,125,149,32,21,97,100,7,175,179,27,150,136,144,70,168,17,103,105,142,190,188,186,176,42,47,132,166,123,44];False
2518;8287;10805;[4,67,193,48,10,1,91,129,8,84,122,73,174,135,21,99,16,77,112,71,56,18,62,120,24,197,26,9,143,20,3,2,121,160,92,49,130,22,38,34,124,94,75,12,165,153,187,127,39,107,87,76,50,53,93,23,30,134,58,86,69,64,101,151,54,158,199,6,117,98,25,110,81,52,182,28,162,78,60,79,185,148,167,61,41,36,46,131,59,133,96,157,138,178,164,173,66,126,169,159,140,118,109,29,154,156,106,19,108,146,43,128,85,152,111,83,181,82,192,139,33,13,172,195,40,37,15,35,88,145,189,194,31,171,116,57,0,113,196,89,5,141,119,74,183,63,51,72,147,65,102,115,14,45,55,155,184,161,80,114,177,198,191,11,104,180,163,170,95,137,90,125,149,32,68,97,100,7,175,179,27,150,136,144,70,168,17,103,105,142,190,188,186,176,42,47,132,166,123,44];False
2523;8282;10805;[4,67,193,48,10,1,91,129,8,84,122,73,174,135,21,99,16,77,112,71,56,18,62,120,24,197,26,9,143,20,3,2,121,160,92,49,130,22,38,34,124,94,75,12,165,153,187,127,35,107,87,76,50,53,93,23,30,134,58,86,69,64,101,151,54,158,199,6,117,98,25,110,81,52,182,28,162,78,60,79,185,148,167,61,41,36,46,131,59,133,96,157,138,178,164,173,66,126,198,159,140,118,109,29,154,156,106,19,108,146,43,128,85,152,111,83,181,82,192,139,33,13,172,195,40,37,15,39,88,145,189,194,31,171,116,57,0,113,196,89,5,141,119,74,183,63,51,72,147,65,102,115,14,45,55,155,184,161,80,114,177,169,191,11,104,180,163,170,95,137,90,125,149,32,68,97,100,7,175,179,27,150,136,144,70,168,17,103,105,142,190,188,186,176,42,47,132,166,123,44];False
2479;8325;10804;[4,67,193,48,10,1,91,129,8,84,122,73,174,135,21,99,16,77,112,71,56,18,62,120,24,197,26,9,143,20,3,2,121,160,92,49,130,22,38,34,124,94,75,12,165,153,187,127,39,107,87,76,50,53,93,23,30,134,58,86,69,64,101,151,54,158,199,6,117,98,25,110,81,52,182,28,162,78,60,79,185,148,167,61,41,36,46,131,59,133,96,157,138,178,164,173,66,126,198,159,140,118,109,29,177,156,106,19,108,146,43,128,85,152,111,83,181,82,192,139,33,13,172,195,40,37,15,35,88,145,189,194,31,171,116,57,0,113,196,89,5,141,119,74,183,63,51,72,147,65,102,115,14,45,55,155,184,161,80,114,154,169,191,11,104,180,163,170,95,137,90,125,149,32,68,97,100,7,175,179,27,150,136,144,70,168,17,103,105,142,190,188,186,176,42,47,132,166,123,44];False
2521;8283;10804;[4,67,193,48,10,1,91,129,8,84,41,73,174,135,21,99,16,77,112,71,56,18,62,120,24,197,26,9,143,20,3,2,121,160,92,49,130,22,38,34,124,94,75,12,165,153,187,127,39,107,87,76,50,53,93,23,30,134,58,86,69,64,101,151,54,158,199,6,117,98,25,110,81,52,182,28,162,78,60,79,185,148,167,61,122,36,46,131,59,133,96,157,138,178,164,173,66,126,198,159,140,118,109,29,154,156,106,19,108,146,43,128,85,152,111,83,181,82,192,139,33,13,172,195,40,37,15,35,88,145,189,194,31,171,116,57,0,113,196,89,5,141,119,74,183,63,51,72,147,65,102,115,14,45,55,155,184,161,80,114,177,169,191,11,104,180,163,170,95,137,90,125,149,32,68,97,100,7,175,179,27,150,136,144,70,168,17,103,105,142,190,188,186,176,42,47,132,166,123,44];False
2518;8286;10804;[4,67,193,48,10,1,91,129,8,84,122,73,174,135,21,99,16,77,112,71,56,18,62,120,24,197,26,9,143,20,3,2,121,160,92,49,130,22,38,34,124,94,75,12,165,153,187,127,39,107,87,76,50,53,93,23,30,134,58,86,69,64,101,151,54,158,199,6,117,98,25,110,81,52,182,28,162,78,60,79,185,148,167,61,41,36,46,131,59,133,96,157,138,178,85,173,66,126,198,159,140,118,109,29,154,156,106,19,108,146,43,128,164,152,111,83,181,82,192,139,33,13,172,195,40,37,15,35,88,145,189,194,31,171,116,57,0,113,196,89,5,141,119,74,183,63,51,72,147,65,102,115,14,45,55,155,184,161,80,114,177,169,191,11,104,180,163,170,95,137,90,125,149,32,68,97,100,7,175,179,27,150,136,144,70,168,17,103,105,142,190,188,186,176,42,47,132,166,123,44];False
2518;8285;10803;[4,67,193,48,10,1,91,129,8,84,122,73,174,135,21,99,16,77,112,71,56,18,62,120,24,143,26,9,197,20,3,2,121,160,92,49,130,22,38,34,124,94,75,12,165,153,187,127,39,107,87,76,50,53,93,23,30,134,58,86,69,64,101,151,54,158,199,6,117,98,25,110,81,52,182,28,162,78,60,79,185,148,167,61,41,36,46,131,59,133,96,157,138,178,164,173,66,126,198,159,140,118,109,29,154,156,106,19,108,146,43,128,85,152,111,83,181,82,192,139,33,13,172,195,40,37,15,35,88,145,189,194,31,171,116,57,0,113,196,89,5,141,119,74,183,63,51,72,147,65,102,115,14,45,55,155,184,161,80,114,177,169,191,11,104,180,163,170,95,137,90,125,149,32,68,97,100,7,175,179,27,150,136,144,70,168,17,103,105,142,190,188,186,176,42,47,132,166,123,44];False
2469;8334;10803;[4,67,193,48,10,1,91,129,8,84,122,73,174,135,21,99,16,77,112,71,56,18,62,120,24,197,26,9,143,20,3,2,121,160,92,49,130,22,38,34,124,94,75,12,165,153,187,127,39,107,87,76,50,53,93,23,30,134,58,86,69,64,101,151,54,158,199,6,117,98,25,110,81,52,182,28,162,78,60,79,185,148,167,61,41,36,46,131,59,133,96,157,138,178,164,173,66,126,198,159,140,118,109,29,154,156,106,19,108,146,43,128,85,152,111,83,181,82,192,139,33,13,172,195,40,37,15,35,88,145,189,194,31,171,116,57,0,113,196,89,5,141,119,74,183,63,51,72,147,65,102,115,14,45,55,155,184,161,80,114,177,169,191,11,104,180,163,170,95,137,90,125,149,32,68,97,100,17,175,179,27,150,136,144,70,168,7,103,105,142,190,188,186,176,42,47,132,166,123,44];False
2487;8316;10803;[4,67,193,48,10,1,91,129,8,84,122,73,174,135,21,99,16,77,112,71,56,18,62,120,24,197,26,9,143,20,3,2,121,160,92,49,130,22,38,34,124,94,75,12,165,153,187,127,39,107,87,76,50,53,93,23,30,134,58,86,69,64,101,151,54,158,199,6,117,98,25,110,81,52,182,28,162,78,60,79,185,148,167,61,41,36,46,131,59,133,96,157,138,178,164,173,66,126,198,159,140,118,109,29,154,156,106,19,108,146,43,128,85,152,111,83,181,82,192,139,33,13,172,195,40,37,15,35,88,145,189,194,31,171,116,57,0,113,196,89,5,141,119,74,183,63,51,72,147,65,102,115,14,45,80,155,184,161,55,114,177,169,191,11,104,180,163,170,95,137,90,125,149,32,68,97,100,7,175,179,27,150,136,144,70,168,17,103,105,142,190,188,186,176,42,47,132,166,123,44];False
2515;8287;10802;[4,67,193,48,10,1,91,129,8,84,122,73,174,135,21,99,16,77,112,71,56,18,62,120,24,197,26,9,143,20,3,2,121,160,92,49,130,22,38,34,124,94,75,12,165,153,187,127,39,107,87,76,50,53,93,23,30,134,58,86,69,64,101,151,54,158,199,6,117,98,25,110,81,52,182,28,162,78,60,79,185,148,167,61,41,36,46,131,59,133,96,157,138,178,164,173,66,126,198,159,140,118,109,29,154,156,106,19,108,146,139,128,85,152,111,83,181,82,192,43,33,13,172,195,40,37,15,35,88,145,189,194,31,171,116,57,0,113,196,89,5,141,119,74,183,63,51,72,147,65,102,115,14,45,55,155,184,161,80,114,177,169,191,11,104,180,163,170,95,137,90,125,149,32,68,97,100,7,175,179,27,150,136,144,70,168,17,103,105,142,190,188,186,176,42,47,132,166,123,44];False
2521;8281;10802;[4,67,193,48,10,1,91,129,8,84,122,73,174,135,21,99,16,77,112,71,56,18,62,120,24,197,26,9,143,20,3,2,121,160,92,49,130,22,36,34,124,94,75,12,165,153,187,127,39,107,87,76,50,53,93,23,30,134,58,86,69,64,101,151,54,158,199,6,117,98,25,110,81,52,182,28,162,78,60,79,185,148,167,61,41,38,46,131,59,133,96,157,138,178,164,173,66,126,198,159,140,118,109,29,154,156,106,19,108,146,43,128,85,152,111,83,181,82,192,139,33,13,172,195,40,37,15,35,88,145,189,194,31,171,116,57,0,113,196,89,5,141,119,74,183,63,51,72,147,65,102,115,14,45,55,155,184,161,80,114,177,169,191,11,104,180,163,170,95,137,90,125,149,32,68,97,100,7,175,179,27,150,136,144,70,168,17,103,105,142,190,188,186,176,42,47,132,166,123,44];False
2509;8293;10802;[4,67,193,48,10,1,91,129,8,84,122,73,174,135,21,99,16,77,112,71,56,18,62,120,24,197,26,130,143,20,3,2,121,160,92,49,9,22,38,34,124,94,75,12,165,153,187,127,39,107,87,76,50,53,93,23,30,134,58,86,69,64,101,151,54,158,199,6,117,98,25,110,81,52,182,28,162,78,60,79,185,148,167,61,41,36,46,131,59,133,96,157,138,178,164,173,66,126,198,159,140,118,109,29,154,156,106,19,108,146,43,128,85,152,111,83,181,82,192,139,33,13,172,195,40,37,15,35,88,145,189,194,31,171,116,57,0,113,196,89,5,141,119,74,183,63,51,72,147,65,102,115,14,45,55,155,184,161,80,114,177,169,191,11,104,180,163,170,95,137,90,125,149,32,68,97,100,7,175,179,27,150,136,144,70,168,17,103,105,142,190,188,186,176,42,47,132,166,123,44];False
2452;8350;10802;[4,67,193,48,10,1,91,129,8,84,122,73,174,135,21,99,16,77,112,71,56,18,62,120,24,197,26,9,143,20,3,2,121,160,92,49,130,22,38,34,124,94,75,12,165,153,187,127,39,107,87,76,50,53,93,23,30,134,58,86,69,64,101,151,54,158,199,6,117,98,25,110,81,52,182,28,162,78,60,79,185,148,167,61,41,36,46,131,59,133,96,157,138,178,164,173,66,126,198,159,140,118,109,29,154,156,106,19,108,146,43,128,85,152,111,83,181,82,192,139,33,13,44,195,40,37,15,35,88,145,189,194,31,171,116,57,0,113,196,89,5,141,119,74,183,63,51,72,147,65,102,115,14,45,55,155,184,161,80,114,177,169,191,11,104,180,163,170,95,137,90,125,149,32,68,97,100,7,175,179,27,150,136,144,70,168,17,103,105,142,190,188,186,176,42,47,132,166,123,172];False
2534;8268;10802;[4,67,193,48,10,1,91,129,8,84,122,73,174,135,21,99,16,77,123,71,56,18,62,120,24,197,26,9,143,20,3,2,121,160,92,49,130,22,38,34,124,94,75,12,165,153,187,127,39,107,87,76,50,53,93,23,30,134,58,86,69,64,101,151,54,158,199,6,117,98,25,110,81,52,182,28,162,78,60,79,185,148,167,61,41,36,46,131,59,133,96,157,138,178,164,173,66,126,198,159,140,118,109,29,154,156,106,19,108,146,43,128,85,152,111,83,181,82,192,139,33,13,172,195,40,37,15,35,88,145,189,194,31,171,116,57,0,113,196,89,5,141,119,74,183,63,51,72,147,65,102,115,14,45,55,155,184,161,80,114,177,169,191,11,104,180,163,170,95,137,90,125,149,32,68,97,100,7,175,179,27,150,136,144,70,168,17,103,105,142,190,188,186,176,42,47,132,166,112,44];False
2497;8305;10802;[4,67,193,48,10,1,91,129,8,84,122,73,174,135,21,99,16,77,112,71,56,18,62,120,24,197,26,9,143,20,3,2,121,160,92,49,130,22,38,34,124,94,75,12,165,153,187,127,39,107,87,76,50,53,93,134,30,23,58,86,69,64,101,151,54,158,199,6,117,98,25,110,81,52,182,28,162,78,60,79,185,148,167,61,41,36,46,131,59,133,96,157,138,178,164,173,66,126,198,159,140,118,109,29,154,156,106,19,108,146,43,128,85,152,111,83,181,82,192,139,33,13,172,195,40,37,15,35,88,145,189,194,31,171,116,57,0,113,196,89,5,141,119,74,183,63,51,72,147,65,102,115,14,45,55,155,184,161,80,114,177,169,191,11,104,180,163,170,95,137,90,125,149,32,68,97,100,7,175,179,27,150,136,144,70,168,17,103,105,142,190,188,186,176,42,47,132,166,123,44];False
2507;8294;10801;[4,67,193,48,10,1,91,129,8,84,122,73,174,135,21,99,16,77,112,71,56,18,62,120,24,197,26,9,143,20,3,2,121,160,92,49,130,22,38,34,124,94,75,12,165,153,187,127,39,107,87,76,50,53,93,23,30,134,58,86,69,64,101,151,54,158,199,6,117,98,25,123,81,52,182,28,162,78,60,79,185,148,167,61,41,36,46,131,59,133,96,157,138,178,164,173,66,126,198,159,140,118,109,29,154,156,106,19,108,146,43,128,85,152,111,83,181,82,192,139,33,13,172,195,40,37,15,35,88,145,189,194,31,171,116,57,0,113,196,89,5,141,119,74,183,63,51,72,147,65,102,115,14,45,55,155,184,161,80,114,177,169,191,11,104,180,163,170,95,137,90,125,149,32,68,97,100,7,175,179,27,150,136,144,70,168,17,103,105,142,190,188,186,176,42,47,132,166,110,44];False
2540;8261;10801;[4,67,193,48,10,1,91,129,8,84,122,73,174,135,21,99,16,77,112,71,56,18,62,120,24,197,26,9,143,20,3,2,121,160,92,49,130,22,38,34,124,94,75,12,165,153,187,127,39,107,87,76,50,53,93,23,30,134,58,86,69,64,101,151,54,47,199,6,117,98,25,110,81,52,182,28,162,78,60,79,185,148,167,61,41,36,46,131,59,133,96,157,138,178,164,173,66,126,198,159,140,118,109,29,154,156,106,19,108,146,43,128,85,152,111,83,181,82,192,139,33,13,172,195,40,37,15,35,88,145,189,194,31,171,116,57,0,113,196,89,5,141,119,74,183,63,51,72,147,65,102,115,14,45,55,155,184,161,80,114,177,169,191,11,104,180,163,170,95,137,90,125,149,32,68,97,100,7,175,179,27,150,136,144,70,168,17,103,105,142,190,188,186,176,42,158,132,166,123,44];False
2521;8280;10801;[4,67,193,48,10,1,91,129,8,84,122,73,174,135,21,99,16,77,112,71,56,179,62,120,24,197,26,9,143,20,3,2,121,160,92,49,130,22,38,34,124,94,75,12,165,153,187,127,39,107,87,76,50,53,93,23,30,134,58,86,69,64,101,151,54,158,199,6,117,98,25,110,81,52,182,28,162,78,60,79,185,148,167,61,41,36,46,131,59,133,96,157,138,178,164,173,66,126,198,159,140,118,109,29,154,156,106,19,108,146,43,128,85,152,111,83,181,82,192,139,33,13,172,195,40,37,15,35,88,145,189,194,31,171,116,57,0,113,196,89,5,141,119,74,183,63,51,72,147,65,102,115,14,45,55,155,184,161,80,114,177,169,191,11,104,180,163,170,95,137,90,125,149,32,68,97,100,7,175,18,27,150,136,144,70,168,17,103,105,142,190,188,186,176,42,47,132,166,123,44];False
2544;8256;10800;[4,67,193,48,10,1,91,129,8,84,122,73,174,135,21,99,16,77,112,71,56,18,62,120,24,197,26,9,143,20,3,2,121,160,92,49,130,22,38,34,124,94,75,12,165,153,187,127,39,107,87,76,50,53,93,23,30,134,58,86,69,64,101,151,54,158,199,6,117,98,25,110,81,52,182,28,162,78,60,79,185,148,167,61,41,36,46,131,59,133,96,157,138,178,164,173,66,126,198,159,140,118,109,29,154,156,106,19,108,146,43,128,85,152,111,83,181,82,192,123,33,13,172,195,40,37,15,35,88,145,189,194,31,171,116,57,0,113,196,89,5,141,119,74,183,63,51,72,147,65,102,115,14,45,55,155,184,161,80,114,177,169,191,11,104,180,163,170,95,137,90,125,149,32,68,97,100,7,175,179,27,150,136,144,70,168,17,103,105,142,190,188,186,176,42,47,132,166,139,44];False
2465;8335;10800;[4,67,193,48,10,1,91,129,8,84,122,73,174,135,12,99,16,77,112,71,56,18,62,120,24,197,26,9,143,20,3,2,121,160,92,49,130,22,38,34,124,94,75,21,165,153,187,127,39,107,87,76,50,53,93,23,30,134,58,86,69,64,101,151,54,158,199,6,117,98,25,110,81,52,182,28,162,78,60,79,185,148,167,61,41,36,46,131,59,133,96,157,138,178,164,173,66,126,198,159,140,118,109,29,154,156,106,19,108,146,43,128,85,152,111,83,181,82,192,139,33,13,172,195,40,37,15,35,88,145,189,194,31,171,116,57,0,113,196,89,5,141,119,74,183,63,51,72,147,65,102,115,14,45,55,155,184,161,80,114,177,169,191,11,104,180,163,170,95,137,90,125,149,32,68,97,100,7,175,179,27,150,136,144,70,168,17,103,105,142,190,188,186,176,42,47,132,166,123,44];False
2541;8258;10799;[4,67,193,48,10,1,91,129,8,84,122,73,174,135,21,99,16,77,112,71,56,18,62,120,24,197,26,9,143,20,3,2,121,160,92,49,130,22,38,34,124,94,75,12,165,153,187,127,39,107,87,76,50,53,93,23,30,134,58,86,69,64,101,151,54,158,199,6,117,98,25,110,81,52,182,28,162,78,60,79,185,148,167,61,41,36,46,131,59,133,96,157,138,178,164,173,66,126,198,159,140,118,109,29,154,156,106,19,108,146,43,128,85,152,111,83,181,82,192,139,33,13,172,195,40,37,15,42,88,145,189,194,31,171,116,57,0,113,196,89,5,141,119,74,183,63,51,72,147,65,102,115,14,45,55,155,184,161,80,114,177,169,191,11,104,180,163,170,95,137,90,125,149,32,68,97,100,7,175,179,27,150,136,144,70,168,17,103,105,142,190,188,186,176,35,47,132,166,123,44];False
2518;8281;10799;[4,67,193,48,10,1,91,129,8,84,122,73,174,135,138,99,16,77,112,71,56,18,62,120,24,197,26,9,143,20,3,2,121,160,92,49,130,22,38,34,124,94,75,12,165,153,187,127,39,107,87,76,50,53,93,23,30,134,58,86,69,64,101,151,54,158,199,6,117,98,25,110,81,52,182,28,162,78,60,79,185,148,167,61,41,36,46,131,59,133,96,157,21,178,164,173,66,126,198,159,140,118,109,29,154,156,106,19,108,146,43,128,85,152,111,83,181,82,192,139,33,13,172,195,40,37,15,35,88,145,189,194,31,171,116,57,0,113,196,89,5,141,119,74,183,63,51,72,147,65,102,115,14,45,55,155,184,161,80,114,177,169,191,11,104,180,163,170,95,137,90,125,149,32,68,97,100,7,175,179,27,150,136,144,70,168,17,103,105,142,190,188,186,176,42,47,132,166,123,44];False
2440;8359;10799;[4,67,193,48,10,1,91,129,8,84,122,73,174,135,21,99,16,77,112,71,56,18,62,120,24,197,26,9,143,20,3,2,121,160,92,49,130,22,38,34,124,94,75,12,165,153,187,127,39,107,87,76,50,53,93,23,30,134,58,86,69,64,101,151,54,156,199,6,117,98,25,110,81,52,182,28,162,78,60,79,185,148,167,61,41,36,46,131,59,133,96,157,138,178,164,173,66,126,198,159,140,118,109,29,154,158,106,19,108,146,43,128,85,152,111,83,181,82,192,139,33,13,172,195,40,37,15,35,88,145,189,194,31,171,116,57,0,113,196,89,5,141,119,74,183,63,51,72,147,65,102,115,14,45,55,155,184,161,80,114,177,169,191,11,104,180,163,170,95,137,90,125,149,32,68,97,100,7,175,179,27,150,136,144,70,168,17,103,105,142,190,188,186,176,42,47,132,166,123,44];False
2504;8295;10799;[4,67,193,48,10,1,91,129,8,84,122,73,174,135,21,99,16,77,112,71,56,18,62,120,24,197,26,9,143,20,3,2,121,160,92,49,130,22,38,34,124,94,75,12,165,153,187,127,39,107,87,76,30,53,93,23,50,134,58,86,69,64,101,151,54,158,199,6,117,98,25,110,81,52,182,28,162,78,60,79,185,148,167,61,41,36,46,131,59,133,96,157,138,178,164,173,66,126,198,159,140,118,109,29,154,156,106,19,108,146,43,128,85,152,111,83,181,82,192,139,33,13,172,195,40,37,15,35,88,145,189,194,31,171,116,57,0,113,196,89,5,141,119,74,183,63,51,72,147,65,102,115,14,45,55,155,184,161,80,114,177,169,191,11,104,180,163,170,95,137,90,125,149,32,68,97,100,7,175,179,27,150,136,144,70,168,17,103,105,142,190,188,186,176,42,47,132,166,123,44];False
2508;8291;10799;[4,67,193,48,10,1,91,129,8,84,122,73,174,135,21,99,16,77,112,71,56,18,62,120,24,197,26,9,143,20,3,2,121,160,92,49,130,22,38,41,124,94,75,12,165,153,187,127,39,107,87,76,50,53,93,23,30,134,58,86,69,64,101,151,54,158,199,6,117,98,25,110,81,52,182,28,162,78,60,79,185,148,167,61,34,36,46,131,59,133,96,157,138,178,164,173,66,126,198,159,140,118,109,29,154,156,106,19,108,146,43,128,85,152,111,83,181,82,192,139,33,13,172,195,40,37,15,35,88,145,189,194,31,171,116,57,0,113,196,89,5,141,119,74,183,63,51,72,147,65,102,115,14,45,55,155,184,161,80,114,177,169,191,11,104,180,163,170,95,137,90,125,149,32,68,97,100,7,175,179,27,150,136,144,70,168,17,103,105,142,190,188,186,176,42,47,132,166,123,44];False
2493;8305;10798;[4,67,193,48,10,1,91,129,8,84,122,73,174,135,21,99,16,77,112,71,56,18,62,120,24,197,26,9,143,20,3,2,121,160,92,49,130,22,38,133,124,94,75,12,165,153,187,127,39,107,87,76,50,53,93,23,30,134,58,86,69,64,101,151,54,158,199,6,117,98,25,110,81,52,182,28,162,78,60,79,185,148,167,61,41,36,46,131,59,34,96,157,138,178,164,173,66,126,198,159,140,118,109,29,154,156,106,19,108,146,43,128,85,152,111,83,181,82,192,139,33,13,172,195,40,37,15,35,88,145,189,194,31,171,116,57,0,113,196,89,5,141,119,74,183,63,51,72,147,65,102,115,14,45,55,155,184,161,80,114,177,169,191,11,104,180,163,170,95,137,90,125,149,32,68,97,100,7,175,179,27,150,136,144,70,168,17,103,105,142,190,188,186,176,42,47,132,166,123,44];False
2494;8304;10798;[4,67,193,48,10,1,91,129,8,84,122,73,174,135,21,99,16,77,112,71,56,18,62,120,24,197,26,9,143,20,3,2,121,160,92,49,130,22,38,34,124,94,75,12,165,153,187,127,39,107,87,76,50,53,93,23,30,134,58,86,69,64,101,151,54,158,199,6,117,98,25,110,81,52,182,28,162,78,60,79,185,148,167,61,41,36,46,131,59,133,96,157,138,178,164,173,66,126,198,159,140,118,109,29,154,156,106,19,108,146,43,128,85,152,111,83,181,82,192,139,33,13,172,195,40,177,15,35,88,145,189,194,31,171,116,57,0,113,196,89,5,141,119,74,183,63,51,72,147,65,102,115,14,45,55,155,184,161,80,114,37,169,191,11,104,180,163,170,95,137,90,125,149,32,68,97,100,7,175,179,27,150,136,144,70,168,17,103,105,142,190,188,186,176,42,47,132,166,123,44];False
2484;8313;10797;[4,67,193,48,10,1,91,129,8,84,122,73,174,135,21,99,16,77,112,71,56,18,62,120,24,197,26,9,143,20,3,2,121,160,92,49,130,22,38,34,124,94,75,12,165,153,187,127,39,107,87,76,50,53,93,23,30,134,58,86,69,64,101,151,54,158,199,6,117,98,25,110,13,52,182,28,162,78,60,79,185,148,167,61,41,36,46,131,59,133,96,157,138,178,164,173,66,126,198,159,140,118,109,29,154,156,106,19,108,146,43,128,85,152,111,83,181,82,192,139,33,81,172,195,40,37,15,35,88,145,189,194,31,171,116,57,0,113,196,89,5,141,119,74,183,63,51,72,147,65,102,115,14,45,55,155,184,161,80,114,177,169,191,11,104,180,163,170,95,137,90,125,149,32,68,97,100,7,175,179,27,150,136,144,70,168,17,103,105,142,190,188,186,176,42,47,132,166,123,44];False
2534;8263;10797;[4,67,85,48,10,1,91,129,8,84,122,73,174,135,21,99,16,77,112,71,56,18,62,120,24,197,26,9,143,20,3,2,121,160,92,49,130,22,38,34,124,94,75,12,165,153,187,127,39,107,87,76,50,53,93,23,30,134,58,86,69,64,101,151,54,158,199,6,117,98,25,110,81,52,182,28,162,78,60,79,185,148,167,61,41,36,46,131,59,133,96,157,138,178,164,173,66,126,198,159,140,118,109,29,154,156,106,19,108,146,43,128,193,152,111,83,181,82,192,139,33,13,172,195,40,37,15,35,88,145,189,194,31,171,116,57,0,113,196,89,5,141,119,74,183,63,51,72,147,65,102,115,14,45,55,155,184,161,80,114,177,169,191,11,104,180,163,170,95,137,90,125,149,32,68,97,100,7,175,179,27,150,136,144,70,168,17,103,105,142,190,188,186,176,42,47,132,166,123,44];False
2445;8352;10797;[4,67,193,48,10,1,91,129,8,84,122,73,174,135,21,99,16,77,112,71,56,18,62,120,24,197,26,9,143,20,3,2,121,160,92,49,130,22,38,34,124,94,75,12,165,153,187,127,39,107,87,76,50,53,93,23,30,134,58,86,69,64,101,151,54,158,103,6,117,98,25,110,81,52,182,28,162,78,60,79,185,148,167,61,41,36,46,131,59,133,96,157,138,178,164,173,66,126,198,159,140,118,109,29,154,156,106,19,108,146,43,128,85,152,111,83,181,82,192,139,33,13,172,195,40,37,15,35,88,145,189,194,31,171,116,57,0,113,196,89,5,141,119,74,183,63,51,72,147,65,102,115,14,45,55,155,184,161,80,114,177,169,191,11,104,180,163,170,95,137,90,125,149,32,68,97,100,7,175,179,27,150,136,144,70,168,17,199,105,142,190,188,186,176,42,47,132,166,123,44];False
2527;8270;10797;[4,67,193,48,10,1,91,129,8,84,122,73,174,135,21,99,16,77,112,71,56,18,62,120,24,197,26,9,143,20,3,2,121,160,92,49,130,22,38,34,124,94,75,12,165,153,187,127,39,107,87,76,50,53,93,23,30,134,58,86,69,64,101,151,54,158,199,6,117,98,25,110,81,52,182,28,162,78,60,79,185,148,167,61,41,36,46,131,59,133,96,157,186,178,164,173,66,126,198,159,140,118,109,29,154,156,106,19,108,146,43,128,85,152,111,83,181,82,192,139,33,13,172,195,40,37,15,35,88,145,189,194,31,171,116,57,0,113,196,89,5,141,119,74,183,63,51,72,147,65,102,115,14,45,55,155,184,161,80,114,177,169,191,11,104,180,163,170,95,137,90,125,149,32,68,97,100,7,175,179,27,150,136,144,70,168,17,103,105,142,190,188,138,176,42,47,132,166,123,44];False
2512;8285;10797;[4,67,193,48,10,1,91,129,8,84,71,73,174,135,21,99,16,77,112,122,56,18,62,120,24,197,26,9,143,20,3,2,121,160,92,49,130,22,38,34,124,94,75,12,165,153,187,127,39,107,87,76,50,53,93,23,30,134,58,86,69,64,101,151,54,158,199,6,117,98,25,110,81,52,182,28,162,78,60,79,185,148,167,61,41,36,46,131,59,133,96,157,138,178,164,173,66,126,198,159,140,118,109,29,154,156,106,19,108,146,43,128,85,152,111,83,181,82,192,139,33,13,172,195,40,37,15,35,88,145,189,194,31,171,116,57,0,113,196,89,5,141,119,74,183,63,51,72,147,65,102,115,14,45,55,155,184,161,80,114,177,169,191,11,104,180,163,170,95,137,90,125,149,32,68,97,100,7,175,179,27,150,136,144,70,168,17,103,105,142,190,188,186,176,42,47,132,166,123,44];False
2463;8334;10797;[4,67,193,48,10,1,91,129,8,84,122,73,174,135,21,99,16,77,112,71,56,18,62,120,24,197,26,9,143,20,3,2,121,160,92,49,130,22,38,34,124,94,75,12,165,153,187,127,39,107,87,76,50,53,93,23,30,134,58,86,69,64,101,151,54,158,199,6,117,98,25,110,81,52,182,28,162,78,60,79,185,148,167,61,41,36,46,131,59,133,96,157,138,178,164,173,66,126,198,159,140,118,109,29,154,156,106,19,108,146,43,128,85,152,111,83,181,82,192,139,33,13,172,195,40,37,15,35,88,145,189,194,31,171,116,57,0,113,196,89,5,188,119,74,183,63,51,72,147,65,102,115,14,45,55,155,184,161,80,114,177,169,191,11,104,180,163,170,95,137,90,125,149,32,68,97,100,7,175,179,27,150,136,144,70,168,17,103,105,142,190,141,186,176,42,47,132,166,123,44];False
2509;8288;10797;[4,67,193,48,10,1,91,129,8,84,122,73,174,135,21,99,16,77,112,71,56,18,62,120,24,197,26,9,143,20,3,2,121,160,92,49,130,22,38,34,124,94,75,12,165,153,187,127,39,107,87,76,50,53,93,23,30,134,58,86,69,64,101,151,54,158,85,6,117,98,25,110,81,52,182,28,162,78,60,79,185,148,167,61,41,36,46,131,59,133,96,157,138,178,164,173,66,126,198,159,140,118,109,29,154,156,106,19,108,146,43,128,199,152,111,83,181,82,192,139,33,13,172,195,40,37,15,35,88,145,189,194,31,171,116,57,0,113,196,89,5,141,119,74,183,63,51,72,147,65,102,115,14,45,55,155,184,161,80,114,177,169,191,11,104,180,163,170,95,137,90,125,149,32,68,97,100,7,175,179,27,150,136,144,70,168,17,103,105,142,190,188,186,176,42,47,132,166,123,44];False
2477;8319;10796;[4,67,193,48,10,179,91,129,8,84,122,73,174,135,21,99,16,77,112,71,56,18,62,120,24,197,26,9,143,20,3,2,121,160,92,49,130,22,38,34,124,94,75,12,165,153,187,127,39,107,87,76,50,53,93,23,30,134,58,86,69,64,101,151,54,158,199,6,117,98,25,110,81,52,182,28,162,78,60,79,185,148,167,61,41,36,46,131,59,133,96,157,138,178,164,173,66,126,198,159,140,118,109,29,154,156,106,19,108,146,43,128,85,152,111,83,181,82,192,139,33,13,172,195,40,37,15,35,88,145,189,194,31,171,116,57,0,113,196,89,5,141,119,74,183,63,51,72,147,65,102,115,14,45,55,155,184,161,80,114,177,169,191,11,104,180,163,170,95,137,90,125,149,32,68,97,100,7,175,1,27,150,136,144,70,168,17,103,105,142,190,188,186,176,42,47,132,166,123,44];False
2455;8340;10795;[4,67,193,48,10,1,91,129,8,84,122,73,174,135,21,99,16,77,112,71,56,18,62,120,24,197,26,9,143,20,3,2,121,160,92,49,130,22,38,34,124,94,75,12,165,153,187,127,39,107,87,76,50,53,93,23,30,134,58,86,69,64,101,151,54,158,199,6,117,98,25,110,81,52,182,28,162,78,60,79,185,148,167,61,41,36,46,131,59,133,96,157,138,178,164,173,66,126,198,159,140,118,109,29,154,156,106,19,108,179,43,128,85,152,111,83,181,82,192,139,33,13,172,195,40,37,15,35,88,145,189,194,31,171,116,57,0,113,196,89,5,141,119,74,183,63,51,72,147,65,102,115,14,45,55,155,184,161,80,114,177,169,191,11,104,180,163,170,95,137,90,125,149,32,68,97,100,7,175,146,27,150,136,144,70,168,17,103,105,142,190,188,186,176,42,47,132,166,123,44];False
2524;8271;10795;[4,67,193,48,105,1,91,129,8,84,122,73,174,135,21,99,16,77,112,71,56,18,62,120,24,197,26,9,143,20,3,2,121,160,92,49,130,22,38,34,124,94,75,12,165,153,187,127,39,107,87,76,50,53,93,23,30,134,58,86,69,64,101,151,54,158,199,6,117,98,25,110,81,52,182,28,162,78,60,79,185,148,167,61,41,36,46,131,59,133,96,157,138,178,164,173,66,126,198,159,140,118,109,29,154,156,106,19,108,146,43,128,85,152,111,83,181,82,192,139,33,13,172,195,40,37,15,35,88,145,189,194,31,171,116,57,0,113,196,89,5,141,119,74,183,63,51,72,147,65,102,115,14,45,55,155,184,161,80,114,177,169,191,11,104,180,163,170,95,137,90,125,149,32,68,97,100,7,175,179,27,150,136,144,70,168,17,103,10,142,190,188,186,176,42,47,132,166,123,44];False
2473;8322;10795;[4,67,193,48,10,1,91,129,8,84,122,73,174,135,21,99,16,77,112,71,56,18,62,120,24,197,26,9,143,20,3,2,121,160,92,49,130,22,38,34,124,94,75,12,165,153,187,82,39,107,87,76,50,53,93,23,30,134,58,86,69,64,101,151,54,158,199,6,117,98,25,110,81,52,182,28,162,78,60,79,185,148,167,61,41,36,46,131,59,133,96,157,138,178,164,173,66,126,198,159,140,118,109,29,154,156,106,19,108,146,43,128,85,152,111,83,181,127,192,139,33,13,172,195,40,37,15,35,88,145,189,194,31,171,116,57,0,113,196,89,5,141,119,74,183,63,51,72,147,65,102,115,14,45,55,155,184,161,80,114,177,169,191,11,104,180,163,170,95,137,90,125,149,32,68,97,100,7,175,179,27,150,136,144,70,168,17,103,105,142,190,188,186,176,42,47,132,166,123,44];False
2480;8314;10794;[4,67,193,48,10,1,91,129,8,84,122,73,174,135,21,99,16,77,112,71,56,18,62,120,24,197,26,9,143,20,3,2,121,160,92,49,130,22,38,34,124,94,75,12,165,153,187,127,39,107,87,76,50,53,93,23,30,134,58,86,69,64,101,151,54,158,199,6,117,98,25,110,81,52,182,28,162,78,60,79,185,148,167,61,41,36,46,131,59,133,96,157,138,178,164,173,66,126,198,159,140,118,109,29,154,156,106,19,108,146,43,128,85,152,111,83,181,82,192,139,33,13,172,195,40,37,15,35,88,145,189,194,179,171,116,57,0,113,196,89,5,141,119,74,183,63,51,72,147,65,102,115,14,45,55,155,184,161,80,114,177,169,191,11,104,180,163,170,95,137,90,125,149,32,68,97,100,7,175,31,27,150,136,144,70,168,17,103,105,142,190,188,186,176,42,47,132,166,123,44];False
2470;8324;10794;[4,67,193,48,10,1,91,129,8,84,122,73,174,135,21,99,16,77,112,71,62,18,56,120,24,197,26,9,143,20,3,2,121,160,92,49,130,22,38,34,124,94,75,12,165,153,187,127,39,107,87,76,50,53,93,23,30,134,58,86,69,64,101,151,54,158,199,6,117,98,25,110,81,52,182,28,162,78,60,79,185,148,167,61,41,36,46,131,59,133,96,157,138,178,164,173,66,126,198,159,140,118,109,29,154,156,106,19,108,146,43,128,85,152,111,83,181,82,192,139,33,13,172,195,40,37,15,35,88,145,189,194,31,171,116,57,0,113,196,89,5,141,119,74,183,63,51,72,147,65,102,115,14,45,55,155,184,161,80,114,177,169,191,11,104,180,163,170,95,137,90,125,149,32,68,97,100,7,175,179,27,150,136,144,70,168,17,103,105,142,190,188,186,176,42,47,132,166,123,44];False
2496;8297;10793;[4,67,193,48,10,1,91,129,8,84,122,73,174,135,21,99,16,77,112,71,56,18,62,120,24,197,26,9,143,20,3,2,121,160,92,49,130,22,38,34,124,94,75,12,165,153,187,127,39,107,87,76,50,53,93,23,30,134,58,86,69,64,101,151,54,158,199,29,117,98,25,110,81,52,182,28,162,78,60,79,185,148,167,61,41,36,46,131,59,133,96,157,138,178,164,173,66,126,198,159,140,118,109,6,154,156,106,19,108,146,43,128,85,152,111,83,181,82,192,139,33,13,172,195,40,37,15,35,88,145,189,194,31,171,116,57,0,113,196,89,5,141,119,74,183,63,51,72,147,65,102,115,14,45,55,155,184,161,80,114,177,169,191,11,104,180,163,170,95,137,90,125,149,32,68,97,100,7,175,179,27,150,136,144,70,168,17,103,105,142,190,188,186,176,42,47,132,166,123,44];False
2471;8322;10793;[4,67,193,48,10,1,91,129,8,84,122,73,174,135,21,99,16,77,112,71,56,18,62,120,24,197,26,9,143,20,3,2,121,160,92,49,113,22,38,34,124,94,75,12,165,153,187,127,39,107,87,76,50,53,93,23,30,134,58,86,69,64,101,151,54,158,199,6,117,98,25,110,81,52,182,28,162,78,60,79,185,148,167,61,41,36,46,131,59,133,96,157,138,178,164,173,66,126,198,159,140,118,109,29,154,156,106,19,108,146,43,128,85,152,111,83,181,82,192,139,33,13,172,195,40,37,15,35,88,145,189,194,31,171,116,57,0,130,196,89,5,141,119,74,183,63,51,72,147,65,102,115,14,45,55,155,184,161,80,114,177,169,191,11,104,180,163,170,95,137,90,125,149,32,68,97,100,7,175,179,27,150,136,144,70,168,17,103,105,142,190,188,186,176,42,47,132,166,123,44];False
2464;8329;10793;[4,67,193,48,10,1,91,129,8,84,122,73,174,135,21,99,16,77,112,71,56,18,62,120,24,197,26,9,143,20,3,2,121,160,92,49,130,22,38,34,124,94,75,12,165,153,187,127,39,107,87,76,50,53,93,23,30,134,58,86,69,64,101,151,54,103,199,6,117,98,25,110,81,52,182,28,162,78,60,79,185,148,167,61,41,36,46,131,59,133,96,157,138,178,164,173,66,126,198,159,140,118,109,29,154,156,106,19,108,146,43,128,85,152,111,83,181,82,192,139,33,13,172,195,40,37,15,35,88,145,189,194,31,171,116,57,0,113,196,89,5,141,119,74,183,63,51,72,147,65,102,115,14,45,55,155,184,161,80,114,177,169,191,11,104,180,163,170,95,137,90,125,149,32,68,97,100,7,175,179,27,150,136,144,70,168,17,158,105,142,190,188,186,176,42,47,132,166,123,44];False
2492;8300;10792;[4,67,193,48,10,1,91,129,8,84,122,73,174,135,21,99,16,77,112,71,56,18,62,120,24,197,26,9,143,20,3,2,121,160,92,49,130,22,38,34,124,94,75,12,165,153,187,127,39,107,87,76,50,53,93,23,30,134,58,86,69,64,101,151,54,158,199,6,117,98,25,110,81,52,182,28,162,78,60,79,185,148,167,61,41,36,46,131,59,133,96,157,138,178,164,173,66,126,198,159,140,118,109,29,154,156,106,19,108,146,43,128,85,152,111,83,181,82,192,139,33,13,172,195,40,37,15,35,88,145,189,194,31,171,116,57,0,113,196,89,5,141,119,74,183,63,51,72,147,65,102,115,14,45,55,155,184,161,80,114,177,169,191,11,104,180,163,170,95,137,90,125,149,150,68,97,100,7,175,179,27,32,136,144,70,168,17,103,105,142,190,188,186,176,42,47,132,166,123,44];False
2455;8337;10792;[4,67,193,48,10,1,91,129,8,84,122,73,174,135,21,99,16,77,112,71,56,18,62,108,24,197,26,9,143,20,3,2,121,160,92,49,130,22,38,34,124,94,75,12,165,153,187,127,39,107,87,76,50,53,93,23,30,134,58,86,69,64,101,151,54,158,199,6,117,98,25,110,81,52,182,28,162,78,60,79,185,148,167,61,41,36,46,131,59,133,96,157,138,178,164,173,66,126,198,159,140,118,109,29,154,156,106,19,120,146,43,128,85,152,111,83,181,82,192,139,33,13,172,195,40,37,15,35,88,145,189,194,31,171,116,57,0,113,196,89,5,141,119,74,183,63,51,72,147,65,102,115,14,45,55,155,184,161,80,114,177,169,191,11,104,180,163,170,95,137,90,125,149,32,68,97,100,7,175,179,27,150,136,144,70,168,17,103,105,142,190,188,186,176,42,47,132,166,123,44];False
2530;8262;10792;[4,67,193,48,10,1,91,129,8,84,122,73,174,135,21,99,16,77,112,71,56,18,62,120,24,197,26,9,143,20,3,2,121,160,92,49,130,22,38,34,124,94,75,12,165,153,187,127,39,107,87,76,50,53,93,23,30,134,58,86,69,64,101,151,54,158,199,6,117,98,25,110,81,52,182,28,162,78,60,79,185,148,167,61,41,36,46,131,59,133,96,157,138,178,164,173,66,126,198,159,140,118,109,29,154,156,106,19,108,146,43,128,85,152,111,83,181,82,192,139,33,13,172,195,40,37,15,35,88,145,189,194,31,104,116,57,0,113,196,89,5,141,119,74,183,63,51,72,147,65,102,115,14,45,55,155,184,161,80,114,177,169,191,11,171,180,163,170,95,137,90,125,149,32,68,97,100,7,175,179,27,150,136,144,70,168,17,103,105,142,190,188,186,176,42,47,132,166,123,44];False
2490;8301;10791;[4,67,193,48,10,1,91,129,8,84,122,73,174,135,21,99,16,77,112,71,56,18,62,120,24,197,26,9,143,20,3,2,121,160,92,49,130,22,38,34,124,94,75,12,165,153,187,127,39,107,87,76,50,53,93,23,30,134,58,86,69,64,101,151,54,158,199,6,117,98,25,110,81,52,182,28,162,78,60,79,185,148,167,61,41,36,46,131,59,133,96,157,138,178,164,173,66,126,198,159,175,118,109,29,154,156,106,19,108,146,43,128,85,152,111,83,181,82,192,139,33,13,172,195,40,37,15,35,88,145,189,194,31,171,116,57,0,113,196,89,5,141,119,74,183,63,51,72,147,65,102,115,14,45,55,155,184,161,80,114,177,169,191,11,104,180,163,170,95,137,90,125,149,32,68,97,100,7,140,179,27,150,136,144,70,168,17,103,105,142,190,188,186,176,42,47,132,166,123,44];False
2473;8318;10791;[4,67,193,48,10,1,91,129,8,84,122,73,174,135,21,99,16,77,112,71,56,18,62,162,24,197,26,9,143,20,3,2,121,160,92,49,130,22,38,34,124,94,75,12,165,153,187,127,39,107,87,76,50,53,93,23,30,134,58,86,69,64,101,151,54,158,199,6,117,98,25,110,81,52,182,28,120,78,60,79,185,148,167,61,41,36,46,131,59,133,96,157,138,178,164,173,66,126,198,159,140,118,109,29,154,156,106,19,108,146,43,128,85,152,111,83,181,82,192,139,33,13,172,195,40,37,15,35,88,145,189,194,31,171,116,57,0,113,196,89,5,141,119,74,183,63,51,72,147,65,102,115,14,45,55,155,184,161,80,114,177,169,191,11,104,180,163,170,95,137,90,125,149,32,68,97,100,7,175,179,27,150,136,144,70,168,17,103,105,142,190,188,186,176,42,47,132,166,123,44];False
2459;8332;10791;[4,67,193,48,10,1,91,129,8,84,122,73,174,135,21,99,16,77,112,71,56,18,62,120,24,197,26,9,143,20,3,2,121,160,92,49,130,22,38,34,124,94,75,12,165,153,187,127,39,107,87,76,50,53,93,23,30,134,58,86,69,64,101,151,54,158,199,6,117,98,25,110,81,52,182,28,162,78,60,79,185,148,167,61,41,36,46,131,59,133,96,157,138,178,164,173,66,126,198,159,140,118,83,29,154,156,106,19,108,146,43,128,85,152,111,109,181,82,192,139,33,13,172,195,40,37,15,35,88,145,189,194,31,171,116,57,0,113,196,89,5,141,119,74,183,63,51,72,147,65,102,115,14,45,55,155,184,161,80,114,177,169,191,11,104,180,163,170,95,137,90,125,149,32,68,97,100,7,175,179,27,150,136,144,70,168,17,103,105,142,190,188,186,176,42,47,132,166,123,44];False
2466;8325;10791;[4,67,193,48,10,1,91,129,8,84,122,73,174,135,21,99,16,77,112,71,56,18,62,120,24,197,26,9,143,20,3,2,121,160,92,49,130,22,38,34,124,94,75,12,165,153,187,127,39,107,87,76,50,53,93,23,30,134,58,86,69,64,101,151,54,158,199,6,117,98,25,110,81,29,182,28,162,78,60,79,185,148,167,61,41,36,46,131,59,133,96,157,138,178,164,173,66,126,198,159,140,118,109,52,154,156,106,19,108,146,43,128,85,152,111,83,181,82,192,139,33,13,172,195,40,37,15,35,88,145,189,194,31,171,116,57,0,113,196,89,5,141,119,74,183,63,51,72,147,65,102,115,14,45,55,155,184,161,80,114,177,169,191,11,104,180,163,170,95,137,90,125,149,32,68,97,100,7,175,179,27,150,136,144,70,168,17,103,105,142,190,188,186,176,42,47,132,166,123,44];False
2490;8300;10790;[4,67,193,48,10,1,91,129,8,84,122,73,174,135,21,99,16,77,112,71,56,18,62,120,24,197,26,9,143,20,3,2,121,160,92,49,130,22,38,34,124,94,75,12,165,153,187,127,39,107,87,76,50,53,93,23,30,134,58,86,69,64,101,31,54,158,199,6,117,98,25,110,81,52,182,28,162,78,60,79,185,148,167,61,41,36,46,131,59,133,96,157,138,178,164,173,66,126,198,159,140,118,109,29,154,156,106,19,108,146,43,128,85,152,111,83,181,82,192,139,33,13,172,195,40,37,15,35,88,145,189,194,151,171,116,57,0,113,196,89,5,141,119,74,183,63,51,72,147,65,102,115,14,45,55,155,184,161,80,114,177,169,191,11,104,180,163,170,95,137,90,125,149,32,68,97,100,7,175,179,27,150,136,144,70,168,17,103,105,142,190,188,186,176,42,47,132,166,123,44];False
2516;8274;10790;[4,67,193,48,10,1,91,129,8,84,122,73,174,135,21,99,16,77,112,71,56,18,62,120,24,197,26,9,143,20,3,2,121,160,92,49,130,22,38,34,124,94,75,12,165,153,187,127,39,107,87,76,50,53,93,23,30,134,58,86,69,64,101,151,54,158,199,6,117,98,25,110,81,52,182,28,162,78,60,79,185,148,167,61,41,36,46,131,59,133,96,157,138,178,164,173,66,126,198,159,140,118,109,29,154,156,106,19,108,146,43,128,85,152,111,83,181,82,192,139,33,13,172,195,40,37,15,35,88,145,189,194,31,171,55,57,0,113,196,89,5,141,119,74,183,63,51,72,147,65,102,115,14,45,116,155,184,161,80,114,177,169,191,11,104,180,163,170,95,137,90,125,149,32,68,97,100,7,175,179,27,150,136,144,70,168,17,103,105,142,190,188,186,176,42,47,132,166,123,44];False
2534;8256;10790;[4,67,2,48,10,1,91,129,8,84,122,73,174,135,21,99,16,77,112,71,56,18,62,120,24,197,26,9,143,20,3,193,121,160,92,49,130,22,38,34,124,94,75,12,165,153,187,127,39,107,87,76,50,53,93,23,30,134,58,86,69,64,101,151,54,158,199,6,117,98,25,110,81,52,182,28,162,78,60,79,185,148,167,61,41,36,46,131,59,133,96,157,138,178,164,173,66,126,198,159,140,118,109,29,154,156,106,19,108,146,43,128,85,152,111,83,181,82,192,139,33,13,172,195,40,37,15,35,88,145,189,194,31,171,116,57,0,113,196,89,5,141,119,74,183,63,51,72,147,65,102,115,14,45,55,155,184,161,80,114,177,169,191,11,104,180,163,170,95,137,90,125,149,32,68,97,100,7,175,179,27,150,136,144,70,168,17,103,105,142,190,188,186,176,42,47,132,166,123,44];False
2476;8313;10789;[4,67,193,48,10,1,91,129,8,84,122,73,174,135,21,99,16,77,112,71,56,18,62,120,24,197,26,9,143,20,3,2,121,160,92,49,130,22,38,34,124,94,75,12,165,153,187,127,74,107,87,76,50,53,93,23,30,134,58,86,69,64,101,151,54,158,199,6,117,98,25,110,81,52,182,28,162,78,60,79,185,148,167,61,41,36,46,131,59,133,96,157,138,178,164,173,66,126,198,159,140,118,109,29,154,156,106,19,108,146,43,128,85,152,111,83,181,82,192,139,33,13,172,195,40,37,15,35,88,145,189,194,31,171,116,57,0,113,196,89,5,141,119,39,183,63,51,72,147,65,102,115,14,45,55,155,184,161,80,114,177,169,191,11,104,180,163,170,95,137,90,125,149,32,68,97,100,7,175,179,27,150,136,144,70,168,17,103,105,142,190,188,186,176,42,47,132,166,123,44];False
2502;8287;10789;[4,67,193,48,10,1,91,129,8,84,122,73,174,135,21,99,16,77,112,71,56,18,62,120,24,197,26,9,143,20,3,2,121,160,92,49,130,22,38,34,124,94,75,12,165,153,187,127,39,107,17,76,50,53,93,23,30,134,58,86,69,64,101,151,54,158,199,6,117,98,25,110,81,52,182,28,162,78,60,79,185,148,167,61,41,36,46,131,59,133,96,157,138,178,164,173,66,126,198,159,140,118,109,29,154,156,106,19,108,146,43,128,85,152,111,83,181,82,192,139,33,13,172,195,40,37,15,35,88,145,189,194,31,171,116,57,0,113,196,89,5,141,119,74,183,63,51,72,147,65,102,115,14,45,55,155,184,161,80,114,177,169,191,11,104,180,163,170,95,137,90,125,149,32,68,97,100,7,175,179,27,150,136,144,70,168,87,103,105,142,190,188,186,176,42,47,132,166,123,44];False
2518;8271;10789;[4,67,193,48,10,1,91,129,8,84,122,73,174,135,21,99,16,77,112,71,56,18,62,120,24,197,26,9,143,20,3,2,121,160,92,49,130,22,38,34,124,94,75,12,165,153,187,127,39,107,87,76,50,53,93,23,30,134,58,86,69,64,101,151,54,158,199,6,117,98,25,110,81,52,182,28,162,78,60,79,185,148,167,61,41,36,46,131,59,133,96,157,138,178,164,173,66,126,198,159,140,118,109,29,154,156,106,19,108,146,43,128,85,152,111,83,181,80,192,139,33,13,172,195,40,37,15,35,88,145,189,194,31,171,116,57,0,113,196,89,5,141,119,74,183,63,51,72,147,65,102,115,14,45,55,155,184,161,82,114,177,169,191,11,104,180,163,170,95,137,90,125,149,32,68,97,100,7,175,179,27,150,136,144,70,168,17,103,105,142,190,188,186,176,42,47,132,166,123,44];False
2479;8310;10789;[4,67,193,48,10,1,91,129,8,84,122,73,174,135,21,99,16,77,112,71,56,18,62,120,24,197,26,9,143,20,3,2,121,160,92,49,130,22,38,34,124,94,75,12,165,153,187,127,39,151,87,76,50,53,93,23,30,134,58,86,69,64,101,107,54,158,199,6,117,98,25,110,81,52,182,28,162,78,60,79,185,148,167,61,41,36,46,131,59,133,96,157,138,178,164,173,66,126,198,159,140,118,109,29,154,156,106,19,108,146,43,128,85,152,111,83,181,82,192,139,33,13,172,195,40,37,15,35,88,145,189,194,31,171,116,57,0,113,196,89,5,141,119,74,183,63,51,72,147,65,102,115,14,45,55,155,184,161,80,114,177,169,191,11,104,180,163,170,95,137,90,125,149,32,68,97,100,7,175,179,27,150,136,144,70,168,17,103,105,142,190,188,186,176,42,47,132,166,123,44];False
2506;8282;10788;[4,67,193,48,10,1,91,129,8,84,122,73,174,135,21,99,16,77,112,71,56,18,62,120,24,197,26,9,143,20,3,2,121,160,92,49,130,22,38,34,124,94,75,12,165,153,187,127,39,107,87,76,50,53,93,23,30,134,58,86,69,64,101,151,54,158,199,6,117,98,25,110,81,52,182,28,162,78,60,79,185,148,167,61,41,36,46,131,59,133,96,157,138,178,164,173,66,126,198,159,140,118,109,29,154,156,106,19,108,146,43,128,85,152,111,83,181,82,192,139,33,13,172,195,40,37,15,35,88,145,189,194,31,171,116,57,0,113,196,89,5,141,119,74,183,63,51,72,147,65,102,115,14,45,55,155,184,161,80,114,177,169,191,11,104,180,163,170,95,137,90,125,149,32,68,97,166,7,175,179,27,150,136,144,70,168,17,103,105,142,190,188,186,176,42,47,132,100,123,44];False
2501;8287;10788;[4,67,193,48,10,1,91,129,8,84,122,73,174,135,21,99,16,77,112,71,56,18,62,120,24,197,26,9,143,20,3,2,121,160,92,49,130,22,38,34,124,94,75,12,165,153,187,127,39,107,87,76,50,53,93,23,30,134,40,86,69,64,101,151,54,158,199,6,117,98,25,110,81,52,182,28,162,78,60,79,185,148,167,61,41,36,46,131,59,133,96,157,138,178,164,173,66,126,198,159,140,118,109,29,154,156,106,19,108,146,43,128,85,152,111,83,181,82,192,139,33,13,172,195,58,37,15,35,88,145,189,194,31,171,116,57,0,113,196,89,5,141,119,74,183,63,51,72,147,65,102,115,14,45,55,155,184,161,80,114,177,169,191,11,104,180,163,170,95,137,90,125,149,32,68,97,100,7,175,179,27,150,136,144,70,168,17,103,105,142,190,188,186,176,42,47,132,166,123,44];False
2512;8276;10788;[4,67,193,48,10,1,91,169,8,84,122,73,174,135,21,99,16,77,112,71,56,18,62,120,24,197,26,9,143,20,3,2,121,160,92,49,130,22,38,34,124,94,75,12,165,153,187,127,39,107,87,76,50,53,93,23,30,134,58,86,69,64,101,151,54,158,199,6,117,98,25,110,81,52,182,28,162,78,60,79,185,148,167,61,41,36,46,131,59,133,96,157,138,178,164,173,66,126,198,159,140,118,109,29,154,156,106,19,108,146,43,128,85,152,111,83,181,82,192,139,33,13,172,195,40,37,15,35,88,145,189,194,31,171,116,57,0,113,196,89,5,141,119,74,183,63,51,72,147,65,102,115,14,45,55,155,184,161,80,114,177,129,191,11,104,180,163,170,95,137,90,125,149,32,68,97,100,7,175,179,27,150,136,144,70,168,17,103,105,142,190,188,186,176,42,47,132,166,123,44];False
2480;8307;10787;[4,67,193,48,10,1,91,129,8,84,122,73,174,135,21,99,16,77,112,71,56,18,62,120,24,197,26,9,143,20,3,2,121,160,92,49,130,22,38,34,124,94,75,12,165,153,187,127,39,107,87,76,50,53,93,23,30,134,58,86,69,64,101,151,54,158,199,6,117,98,25,110,81,52,182,28,162,78,60,79,185,148,167,61,70,36,46,131,59,133,96,157,138,178,164,173,66,126,198,159,140,118,109,29,154,156,106,19,108,146,43,128,85,152,111,83,181,82,192,139,33,13,172,195,40,37,15,35,88,145,189,194,31,171,116,57,0,113,196,89,5,141,119,74,183,63,51,72,147,65,102,115,14,45,55,155,184,161,80,114,177,169,191,11,104,180,163,170,95,137,90,125,149,32,68,97,100,7,175,179,27,150,136,144,41,168,17,103,105,142,190,188,186,176,42,47,132,166,123,44];False
2478;8309;10787;[4,67,193,48,10,1,91,129,8,84,122,73,174,135,21,99,16,77,112,71,56,18,62,120,24,197,26,9,143,20,3,2,121,160,92,49,130,29,38,34,124,94,75,12,165,153,187,127,39,107,87,76,50,53,93,23,30,134,58,86,69,64,101,151,54,158,199,6,117,98,25,110,81,52,182,28,162,78,60,79,185,148,167,61,41,36,46,131,59,133,96,157,138,178,164,173,66,126,198,159,140,118,109,22,154,156,106,19,108,146,43,128,85,152,111,83,181,82,192,139,33,13,172,195,40,37,15,35,88,145,189,194,31,171,116,57,0,113,196,89,5,141,119,74,183,63,51,72,147,65,102,115,14,45,55,155,184,161,80,114,177,169,191,11,104,180,163,170,95,137,90,125,149,32,68,97,100,7,175,179,27,150,136,144,70,168,17,103,105,142,190,188,186,176,42,47,132,166,123,44];False
2434;8353;10787;[4,67,193,48,10,1,91,129,8,84,122,73,174,135,21,99,16,77,112,71,56,18,62,120,24,197,26,9,143,20,3,2,121,160,92,49,130,22,38,34,124,94,75,12,165,153,187,127,39,107,87,76,50,53,93,23,30,134,58,86,69,64,101,151,54,158,199,6,117,98,25,110,81,52,182,28,162,78,60,79,185,148,167,61,41,36,46,131,59,133,96,157,138,178,164,173,66,126,198,159,140,118,109,29,154,156,106,19,108,146,43,128,85,152,111,83,181,82,192,139,33,13,172,195,40,37,15,35,88,145,189,194,31,171,116,57,0,113,196,89,5,141,119,74,183,63,51,72,147,65,102,115,14,45,55,114,184,161,80,155,177,169,191,11,104,180,163,170,95,137,90,125,149,32,68,97,100,7,175,179,27,150,136,144,70,168,17,103,105,142,190,188,186,176,42,47,132,166,123,44];False
2474;8312;10786;[4,67,193,48,10,1,91,129,8,84,122,73,174,135,21,99,16,77,112,71,56,18,62,120,24,197,26,9,143,20,3,2,121,160,92,49,130,22,38,34,124,94,75,12,165,153,187,127,39,107,87,76,50,53,93,23,30,134,58,86,69,64,101,151,54,158,199,6,117,98,25,110,81,52,182,28,162,78,60,79,185,148,167,61,41,36,46,131,59,133,96,157,138,178,164,173,66,126,176,159,140,118,109,29,154,156,106,19,108,146,43,128,85,152,111,83,181,82,192,139,33,13,172,195,40,37,15,35,88,145,189,194,31,171,116,57,0,113,196,89,5,141,119,74,183,63,51,72,147,65,102,115,14,45,55,155,184,161,80,114,177,169,191,11,104,180,163,170,95,137,90,125,149,32,68,97,100,7,175,179,27,150,136,144,70,168,17,103,105,142,190,188,186,198,42,47,132,166,123,44];False
2525;8261;10786;[4,67,193,48,10,1,91,129,8,84,122,73,174,135,21,99,16,77,112,71,56,18,62,120,24,197,26,9,143,20,3,2,121,160,92,49,130,22,38,34,124,94,75,12,165,153,187,127,39,107,87,76,50,53,93,23,30,134,58,86,69,64,101,151,54,158,199,6,117,98,25,110,81,52,182,28,162,78,60,79,185,148,167,61,41,36,46,131,59,133,96,157,138,178,164,173,66,150,198,159,140,118,109,29,154,156,106,19,108,146,43,128,85,152,111,83,181,82,192,139,33,13,172,195,40,37,15,35,88,145,189,194,31,171,116,57,0,113,196,89,5,141,119,74,183,63,51,72,147,65,102,115,14,45,55,155,184,161,80,114,177,169,191,11,104,180,163,170,95,137,90,125,149,32,68,97,100,7,175,179,27,126,136,144,70,168,17,103,105,142,190,188,186,176,42,47,132,166,123,44];False
2463;8323;10786;[4,67,193,48,10,1,91,129,8,84,122,73,174,135,21,99,16,77,112,71,56,18,62,120,24,197,26,9,143,20,3,2,121,160,92,49,130,22,38,34,124,94,75,12,165,153,187,127,39,107,87,76,50,53,93,23,30,134,58,86,69,64,101,151,54,158,199,6,117,98,25,110,81,52,182,28,162,78,60,79,185,148,167,61,41,36,46,131,59,133,108,157,138,178,164,173,66,126,198,159,140,118,109,29,154,156,106,19,96,146,43,128,85,152,111,83,181,82,192,139,33,13,172,195,40,37,15,35,88,145,189,194,31,171,116,57,0,113,196,89,5,141,119,74,183,63,51,72,147,65,102,115,14,45,55,155,184,161,80,114,177,169,191,11,104,180,163,170,95,137,90,125,149,32,68,97,100,7,175,179,27,150,136,144,70,168,17,103,105,142,190,188,186,176,42,47,132,166,123,44];False
2506;8280;10786;[4,67,193,48,10,1,91,129,8,84,122,73,174,135,21,99,16,77,112,71,56,18,62,120,24,197,26,9,143,20,3,2,121,160,92,49,130,22,38,34,124,94,75,12,165,153,187,127,39,107,87,76,50,53,93,23,30,43,58,86,69,64,101,151,54,158,199,6,117,98,25,110,81,52,182,28,162,78,60,79,185,148,167,61,41,36,46,131,59,133,96,157,138,178,164,173,66,126,198,159,140,118,109,29,154,156,106,19,108,146,134,128,85,152,111,83,181,82,192,139,33,13,172,195,40,37,15,35,88,145,189,194,31,171,116,57,0,113,196,89,5,141,119,74,183,63,51,72,147,65,102,115,14,45,55,155,184,161,80,114,177,169,191,11,104,180,163,170,95,137,90,125,149,32,68,97,100,7,175,179,27,150,136,144,70,168,17,103,105,142,190,188,186,176,42,47,132,166,123,44];False
2474;8311;10785;[4,67,193,48,10,1,91,129,8,84,122,73,174,135,21,99,16,77,112,71,56,18,62,50,24,197,26,9,143,20,3,2,121,160,92,49,130,22,38,34,124,94,75,12,165,153,187,127,39,107,87,76,120,53,93,23,30,134,58,86,69,64,101,151,54,158,199,6,117,98,25,110,81,52,182,28,162,78,60,79,185,148,167,61,41,36,46,131,59,133,96,157,138,178,164,173,66,126,198,159,140,118,109,29,154,156,106,19,108,146,43,128,85,152,111,83,181,82,192,139,33,13,172,195,40,37,15,35,88,145,189,194,31,171,116,57,0,113,196,89,5,141,119,74,183,63,51,72,147,65,102,115,14,45,55,155,184,161,80,114,177,169,191,11,104,180,163,170,95,137,90,125,149,32,68,97,100,7,175,179,27,150,136,144,70,168,17,103,105,142,190,188,186,176,42,47,132,166,123,44];False
2505;8280;10785;[4,67,193,48,10,1,91,129,8,84,122,73,174,135,21,99,16,77,112,71,56,18,62,120,58,197,26,9,143,20,3,2,121,160,92,49,130,22,38,34,124,94,75,12,165,153,187,127,39,107,87,76,50,53,93,23,30,134,24,86,69,64,101,151,54,158,199,6,117,98,25,110,81,52,182,28,162,78,60,79,185,148,167,61,41,36,46,131,59,133,96,157,138,178,164,173,66,126,198,159,140,118,109,29,154,156,106,19,108,146,43,128,85,152,111,83,181,82,192,139,33,13,172,195,40,37,15,35,88,145,189,194,31,171,116,57,0,113,196,89,5,141,119,74,183,63,51,72,147,65,102,115,14,45,55,155,184,161,80,114,177,169,191,11,104,180,163,170,95,137,90,125,149,32,68,97,100,7,175,179,27,150,136,144,70,168,17,103,105,142,190,188,186,176,42,47,132,166,123,44];False
2452;8333;10785;[4,67,193,48,10,1,91,129,8,84,122,73,174,135,21,99,16,77,112,71,56,18,62,120,24,197,26,9,143,20,3,2,121,160,92,49,130,22,38,34,124,94,75,12,165,153,187,127,39,107,87,76,50,53,93,23,29,134,58,86,69,64,101,151,54,158,199,6,117,98,25,110,81,52,182,28,162,78,60,79,185,148,167,61,41,36,46,131,59,133,96,157,138,178,164,173,66,126,198,159,140,118,109,30,154,156,106,19,108,146,43,128,85,152,111,83,181,82,192,139,33,13,172,195,40,37,15,35,88,145,189,194,31,171,116,57,0,113,196,89,5,141,119,74,183,63,51,72,147,65,102,115,14,45,55,155,184,161,80,114,177,169,191,11,104,180,163,170,95,137,90,125,149,32,68,97,100,7,175,179,27,150,136,144,70,168,17,103,105,142,190,188,186,176,42,47,132,166,123,44];False
2472;8313;10785;[4,67,193,48,10,1,91,129,8,84,122,73,174,135,21,99,110,77,112,71,56,18,62,120,24,197,26,9,143,20,3,2,121,160,92,49,130,22,38,34,124,94,75,12,165,153,187,127,39,107,87,76,50,53,93,23,30,134,58,86,69,64,101,151,54,158,199,6,117,98,25,16,81,52,182,28,162,78,60,79,185,148,167,61,41,36,46,131,59,133,96,157,138,178,164,173,66,126,198,159,140,118,109,29,154,156,106,19,108,146,43,128,85,152,111,83,181,82,192,139,33,13,172,195,40,37,15,35,88,145,189,194,31,171,116,57,0,113,196,89,5,141,119,74,183,63,51,72,147,65,102,115,14,45,55,155,184,161,80,114,177,169,191,11,104,180,163,170,95,137,90,125,149,32,68,97,100,7,175,179,27,150,136,144,70,168,17,103,105,142,190,188,186,176,42,47,132,166,123,44];False
2436;8349;10785;[4,67,193,48,10,1,91,129,8,84,122,73,174,135,21,99,16,77,112,71,56,18,70,120,24,197,26,9,143,20,3,2,121,160,92,49,130,22,38,34,124,94,75,12,165,153,187,127,39,107,87,76,50,53,93,23,30,134,58,86,69,64,101,151,54,158,199,6,117,98,25,110,81,52,182,28,162,78,60,79,185,148,167,61,41,36,46,131,59,133,96,157,138,178,164,173,66,126,198,159,140,118,109,29,154,156,106,19,108,146,43,128,85,152,111,83,181,82,192,139,33,13,172,195,40,37,15,35,88,145,189,194,31,171,116,57,0,113,196,89,5,141,119,74,183,63,51,72,147,65,102,115,14,45,55,155,184,161,80,114,177,169,191,11,104,180,163,170,95,137,90,125,149,32,68,97,100,7,175,179,27,150,136,144,62,168,17,103,105,142,190,188,186,176,42,47,132,166,123,44];False
2509;8276;10785;[4,67,193,48,10,1,91,129,8,84,122,73,174,135,21,99,16,77,112,71,56,18,62,120,24,197,26,9,143,20,3,2,121,160,92,49,130,22,38,34,124,94,75,12,165,153,187,127,39,107,87,76,50,53,93,23,30,134,58,86,69,64,101,151,54,158,199,6,117,98,25,110,81,52,182,28,162,78,60,79,185,148,167,61,41,36,46,131,59,133,96,157,138,159,164,173,66,126,198,178,140,118,109,29,154,156,106,19,108,146,43,128,85,152,111,83,181,82,192,139,33,13,172,195,40,37,15,35,88,145,189,194,31,171,116,57,0,113,196,89,5,141,119,74,183,63,51,72,147,65,102,115,14,45,55,155,184,161,80,114,177,169,191,11,104,180,163,170,95,137,90,125,149,32,68,97,100,7,175,179,27,150,136,144,70,168,17,103,105,142,190,188,186,176,42,47,132,166,123,44];False
2499;8286;10785;[4,67,193,48,10,1,91,129,8,84,122,73,174,135,21,99,16,77,64,71,56,18,62,120,24,197,26,9,143,20,3,2,121,160,92,49,130,22,38,34,124,94,75,12,165,153,187,127,39,107,87,76,50,53,93,23,30,134,58,86,69,112,101,151,54,158,199,6,117,98,25,110,81,52,182,28,162,78,60,79,185,148,167,61,41,36,46,131,59,133,96,157,138,178,164,173,66,126,198,159,140,118,109,29,154,156,106,19,108,146,43,128,85,152,111,83,181,82,192,139,33,13,172,195,40,37,15,35,88,145,189,194,31,171,116,57,0,113,196,89,5,141,119,74,183,63,51,72,147,65,102,115,14,45,55,155,184,161,80,114,177,169,191,11,104,180,163,170,95,137,90,125,149,32,68,97,100,7,175,179,27,150,136,144,70,168,17,103,105,142,190,188,186,176,42,47,132,166,123,44];False
2454;8331;10785;[4,67,193,48,10,1,91,129,8,84,122,73,195,135,21,99,16,77,112,71,56,18,62,120,24,197,26,9,143,20,3,2,121,160,92,49,130,22,38,34,124,94,75,12,165,153,187,127,39,107,87,76,50,53,93,23,30,134,58,86,69,64,101,151,54,158,199,6,117,98,25,110,81,52,182,28,162,78,60,79,185,148,167,61,41,36,46,131,59,133,96,157,138,178,164,173,66,126,198,159,140,118,109,29,154,156,106,19,108,146,43,128,85,152,111,83,181,82,192,139,33,13,172,174,40,37,15,35,88,145,189,194,31,171,116,57,0,113,196,89,5,141,119,74,183,63,51,72,147,65,102,115,14,45,55,155,184,161,80,114,177,169,191,11,104,180,163,170,95,137,90,125,149,32,68,97,100,7,175,179,27,150,136,144,70,168,17,103,105,142,190,188,186,176,42,47,132,166,123,44];False
2438;8346;10784;[4,67,193,48,10,1,91,129,8,84,122,73,174,135,21,99,16,77,112,71,56,18,62,120,24,197,26,9,143,20,3,2,121,160,92,49,130,22,38,34,124,94,75,12,165,153,187,127,39,107,87,76,50,53,93,23,30,134,58,86,69,64,101,151,54,158,199,6,117,98,25,110,81,52,182,28,162,78,60,79,185,148,167,61,41,36,46,131,59,133,96,157,138,178,164,173,66,126,198,159,140,118,109,29,154,156,106,19,108,146,43,128,85,152,111,83,181,82,192,139,33,47,172,195,40,37,15,35,88,145,189,194,31,171,116,57,0,113,196,89,5,141,119,74,183,63,51,72,147,65,102,115,14,45,55,155,184,161,80,114,177,169,191,11,104,180,163,170,95,137,90,125,149,32,68,97,100,7,175,179,27,150,136,144,70,168,17,103,105,142,190,188,186,176,42,13,132,166,123,44];False
2503;8281;10784;[4,67,193,48,10,1,91,129,8,84,122,73,174,135,21,99,16,77,112,71,56,18,62,120,24,197,26,9,143,20,3,2,121,160,92,49,130,22,38,34,124,94,75,12,165,153,187,127,39,107,87,76,50,53,93,23,30,134,58,86,69,64,101,151,54,158,199,6,117,98,25,110,81,52,182,28,162,78,60,79,185,148,167,61,41,36,46,131,59,133,96,157,138,178,164,173,66,126,198,166,140,118,109,29,154,156,106,19,108,146,43,128,85,152,111,83,181,82,192,139,33,13,172,195,40,37,15,35,88,145,189,194,31,171,116,57,0,113,196,89,5,141,119,74,183,63,51,72,147,65,102,115,14,45,55,155,184,161,80,114,177,169,191,11,104,180,163,170,95,137,90,125,149,32,68,97,100,7,175,179,27,150,136,144,70,168,17,103,105,142,190,188,186,176,42,47,132,159,123,44];False
2485;8299;10784;[4,67,193,48,10,1,91,129,8,84,122,73,174,135,21,99,16,77,112,71,56,18,62,120,24,197,26,9,143,20,3,2,121,160,92,49,130,22,38,34,124,94,75,12,165,153,187,127,39,107,87,76,50,53,93,23,30,134,58,86,69,64,101,151,54,158,199,6,155,98,25,110,81,52,182,28,162,78,60,79,185,148,167,61,41,36,46,131,59,133,96,157,138,178,164,173,66,126,198,159,140,118,109,29,154,156,106,19,108,146,43,128,85,152,111,83,181,82,192,139,33,13,172,195,40,37,15,35,88,145,189,194,31,171,116,57,0,113,196,89,5,141,119,74,183,63,51,72,147,65,102,115,14,45,55,117,184,161,80,114,177,169,191,11,104,180,163,170,95,137,90,125,149,32,68,97,100,7,175,179,27,150,136,144,70,168,17,103,105,142,190,188,186,176,42,47,132,166,123,44];False
2466;8318;10784;[4,67,193,48,10,1,91,129,8,84,122,73,174,135,21,99,16,77,112,71,56,18,62,120,24,197,26,9,143,20,3,2,121,160,92,49,130,22,38,34,124,94,75,12,165,153,187,127,39,199,87,76,50,53,93,23,30,134,58,86,69,64,101,151,54,158,107,6,117,98,25,110,81,52,182,28,162,78,60,79,185,148,167,61,41,36,46,131,59,133,96,157,138,178,164,173,66,126,198,159,140,118,109,29,154,156,106,19,108,146,43,128,85,152,111,83,181,82,192,139,33,13,172,195,40,37,15,35,88,145,189,194,31,171,116,57,0,113,196,89,5,141,119,74,183,63,51,72,147,65,102,115,14,45,55,155,184,161,80,114,177,169,191,11,104,180,163,170,95,137,90,125,149,32,68,97,100,7,175,179,27,150,136,144,70,168,17,103,105,142,190,188,186,176,42,47,132,166,123,44];False
2486;8298;10784;[4,67,193,48,10,1,91,129,8,84,122,73,174,135,21,99,16,77,112,71,56,18,62,37,24,197,26,9,143,20,3,2,121,160,92,49,130,22,38,34,124,94,75,12,165,153,187,127,39,107,87,76,50,53,93,23,30,134,58,86,69,64,101,151,54,158,199,6,117,98,25,110,81,52,182,28,162,78,60,79,185,148,167,61,41,36,46,131,59,133,96,157,138,178,164,173,66,126,198,159,140,118,109,29,154,156,106,19,108,146,43,128,85,152,111,83,181,82,192,139,33,13,172,195,40,120,15,35,88,145,189,194,31,171,116,57,0,113,196,89,5,141,119,74,183,63,51,72,147,65,102,115,14,45,55,155,184,161,80,114,177,169,191,11,104,180,163,170,95,137,90,125,149,32,68,97,100,7,175,179,27,150,136,144,70,168,17,103,105,142,190,188,186,176,42,47,132,166,123,44];False
2512;8272;10784;[4,67,193,48,10,1,91,129,8,84,122,73,174,135,21,99,16,77,112,71,56,18,62,120,24,197,26,9,143,20,3,2,121,160,92,49,130,22,38,34,124,94,75,12,165,153,187,127,39,107,87,76,50,53,93,23,30,134,58,86,69,64,101,151,54,158,199,6,117,98,25,110,81,52,182,28,162,78,60,79,185,148,167,61,41,36,46,131,59,133,96,157,138,178,164,173,66,126,198,159,140,118,109,29,154,156,106,19,108,146,43,128,85,152,111,83,181,82,192,139,33,13,172,195,40,37,15,35,88,145,189,194,31,171,116,57,0,113,196,89,5,141,119,74,183,63,51,72,147,65,102,115,14,45,55,155,163,161,80,114,177,169,191,11,104,180,184,170,95,137,90,125,149,32,68,97,100,7,175,179,27,150,136,144,70,168,17,103,105,142,190,188,186,176,42,47,132,166,123,44];False
2493;8290;10783;[4,67,193,48,10,1,91,129,8,84,122,73,174,135,21,99,16,77,112,71,56,18,62,120,24,197,26,9,143,20,3,2,121,160,92,49,130,22,38,34,124,94,75,12,165,153,187,127,39,107,87,76,50,53,93,23,30,134,58,86,69,64,101,151,54,158,199,6,117,98,25,110,81,52,182,28,162,78,60,181,185,148,167,61,41,36,46,131,59,133,96,157,138,178,164,173,66,126,198,159,140,118,109,29,154,156,106,19,108,146,43,128,85,152,111,83,79,82,192,139,33,13,172,195,40,37,15,35,88,145,189,194,31,171,116,57,0,113,196,89,5,141,119,74,183,63,51,72,147,65,102,115,14,45,55,155,184,161,80,114,177,169,191,11,104,180,163,170,95,137,90,125,149,32,68,97,100,7,175,179,27,150,136,144,70,168,17,103,105,142,190,188,186,176,42,47,132,166,123,44];False
2414;8369;10783;[4,67,193,48,10,1,91,129,8,84,122,73,174,135,21,99,16,77,112,71,56,18,62,120,24,197,26,9,143,20,3,2,121,160,92,49,130,22,38,34,124,94,75,12,165,153,187,168,39,107,87,76,50,53,93,23,30,134,58,86,69,64,101,151,54,158,199,6,117,98,25,110,81,52,182,28,162,78,60,79,185,148,167,61,41,36,46,131,59,133,96,157,138,178,164,173,66,126,198,159,140,118,109,29,154,156,106,19,108,146,43,128,85,152,111,83,181,82,192,139,33,13,172,195,40,37,15,35,88,145,189,194,31,171,116,57,0,113,196,89,5,141,119,74,183,63,51,72,147,65,102,115,14,45,55,155,184,161,80,114,177,169,191,11,104,180,163,170,95,137,90,125,149,32,68,97,100,7,175,179,27,150,136,144,70,127,17,103,105,142,190,188,186,176,42,47,132,166,123,44];False
2515;8268;10783;[4,67,193,48,10,1,91,129,8,84,122,73,174,135,21,99,16,77,112,71,56,18,62,120,24,197,26,9,143,20,3,2,121,160,92,49,130,22,38,34,124,94,75,12,165,153,187,127,39,107,87,76,50,53,93,138,30,134,58,86,69,64,101,151,54,158,199,6,117,98,25,110,81,52,182,28,162,78,60,79,185,148,167,61,41,36,46,131,59,133,96,157,23,178,164,173,66,126,198,159,140,118,109,29,154,156,106,19,108,146,43,128,85,152,111,83,181,82,192,139,33,13,172,195,40,37,15,35,88,145,189,194,31,171,116,57,0,113,196,89,5,141,119,74,183,63,51,72,147,65,102,115,14,45,55,155,184,161,80,114,177,169,191,11,104,180,163,170,95,137,90,125,149,32,68,97,100,7,175,179,27,150,136,144,70,168,17,103,105,142,190,188,186,176,42,47,132,166,123,44];False
2499;8284;10783;[4,67,193,48,10,1,91,129,8,84,122,73,174,135,21,99,16,77,112,71,56,18,62,120,24,197,26,9,143,20,3,2,121,160,92,49,130,22,38,34,124,94,75,12,165,153,187,127,39,107,87,76,50,53,93,23,30,134,58,86,69,64,101,151,54,158,199,6,117,98,25,110,81,52,182,28,162,78,60,79,185,148,167,61,41,36,46,131,59,133,96,157,138,178,164,173,66,126,198,159,140,118,109,29,154,156,106,19,108,146,43,128,85,152,111,83,181,82,192,139,33,13,172,195,40,37,15,35,88,145,189,194,31,171,116,57,0,113,196,89,5,141,119,74,183,63,51,72,147,65,102,115,14,45,55,155,184,161,179,114,177,169,191,11,104,180,163,170,95,137,90,125,149,32,68,97,100,7,175,80,27,150,136,144,70,168,17,103,105,142,190,188,186,176,42,47,132,166,123,44];False
2429;8353;10782;[4,67,193,48,10,1,91,129,8,84,122,73,174,135,21,99,16,77,112,71,56,18,62,120,24,197,26,9,143,141,3,2,121,160,92,49,130,22,38,34,124,94,75,12,165,153,187,127,39,107,87,76,50,53,93,23,30,134,58,86,69,64,101,151,54,158,199,6,117,98,25,110,81,52,182,28,162,78,60,79,185,148,167,61,41,36,46,131,59,133,96,157,138,178,164,173,66,126,198,159,140,118,109,29,154,156,106,19,108,146,43,128,85,152,111,83,181,82,192,139,33,13,172,195,40,37,15,35,88,145,189,194,31,171,116,57,0,113,196,89,5,20,119,74,183,63,51,72,147,65,102,115,14,45,55,155,184,161,80,114,177,169,191,11,104,180,163,170,95,137,90,125,149,32,68,97,100,7,175,179,27,150,136,144,70,168,17,103,105,142,190,188,186,176,42,47,132,166,123,44];False
2515;8267;10782;[4,67,193,48,10,1,91,129,8,84,122,73,174,135,21,99,16,77,112,71,56,18,62,120,24,197,26,9,143,20,3,2,121,160,92,49,130,22,38,34,124,94,75,12,165,153,187,127,39,107,87,76,50,53,93,23,30,134,58,86,69,64,101,151,54,158,199,6,117,98,25,110,81,52,182,28,162,78,60,79,185,148,167,61,41,36,46,131,59,133,96,157,138,178,164,173,66,126,198,159,140,118,109,29,154,156,106,19,108,146,43,128,85,152,111,83,181,82,11,139,33,13,172,195,40,37,15,35,88,145,189,194,31,171,116,57,0,113,196,89,5,141,119,74,183,63,51,72,147,65,102,115,14,45,55,155,184,161,80,114,177,169,191,192,104,180,163,170,95,137,90,125,149,32,68,97,100,7,175,179,27,150,136,144,70,168,17,103,105,142,190,188,186,176,42,47,132,166,123,44];False
2478;8304;10782;[4,67,193,48,10,1,91,129,8,84,122,73,174,135,21,99,16,77,112,71,56,18,62,120,24,197,26,9,143,20,3,2,121,160,92,49,130,22,38,34,124,94,75,12,165,153,187,127,39,107,87,76,50,53,93,23,30,134,58,86,69,64,101,151,54,158,199,6,117,98,25,110,82,52,182,28,162,78,60,79,185,148,167,61,41,36,46,131,59,133,96,157,138,178,164,173,66,126,198,159,140,118,109,29,154,156,106,19,108,146,43,128,85,152,111,83,181,81,192,139,33,13,172,195,40,37,15,35,88,145,189,194,31,171,116,57,0,113,196,89,5,141,119,74,183,63,51,72,147,65,102,115,14,45,55,155,184,161,80,114,177,169,191,11,104,180,163,170,95,137,90,125,149,32,68,97,100,7,175,179,27,150,136,144,70,168,17,103,105,142,190,188,186,176,42,47,132,166,123,44];False
2504;8278;10782;[4,67,193,48,10,1,91,129,8,84,122,73,174,135,21,99,16,77,112,71,56,18,62,120,24,197,26,9,143,20,3,2,121,160,92,49,130,22,38,34,124,94,75,12,165,153,187,127,39,107,87,76,50,53,93,23,30,134,58,86,69,64,101,151,54,158,199,6,117,98,25,161,81,52,182,28,162,78,60,79,185,148,167,61,41,36,46,131,59,133,96,157,138,178,164,173,66,126,198,159,140,118,109,29,154,156,106,19,108,146,43,128,85,152,111,83,181,82,192,139,33,13,172,195,40,37,15,35,88,145,189,194,31,171,116,57,0,113,196,89,5,141,119,74,183,63,51,72,147,65,102,115,14,45,55,155,184,110,80,114,177,169,191,11,104,180,163,170,95,137,90,125,149,32,68,97,100,7,175,179,27,150,136,144,70,168,17,103,105,142,190,188,186,176,42,47,132,166,123,44];False
2499;8283;10782;[4,67,193,48,10,1,91,129,8,84,122,73,174,135,21,99,16,77,112,71,56,18,62,120,24,197,26,9,143,20,3,2,121,160,92,49,130,22,177,34,124,94,75,12,165,153,187,127,39,107,87,76,50,53,93,23,30,134,58,86,69,64,101,151,54,158,199,6,117,98,25,110,81,52,182,28,162,78,60,79,185,148,167,61,41,36,46,131,59,133,96,157,138,178,164,173,66,126,198,159,140,118,109,29,154,156,106,19,108,146,43,128,85,152,111,83,181,82,192,139,33,13,172,195,40,37,15,35,88,145,189,194,31,171,116,57,0,113,196,89,5,141,119,74,183,63,51,72,147,65,102,115,14,45,55,155,184,161,80,114,38,169,191,11,104,180,163,170,95,137,90,125,149,32,68,97,100,7,175,179,27,150,136,144,70,168,17,103,105,142,190,188,186,176,42,47,132,166,123,44];False
2522;8260;10782;[4,67,193,48,10,1,91,129,8,84,122,73,174,135,21,99,16,77,112,71,56,18,62,120,24,197,26,9,143,20,3,2,121,160,92,49,130,22,38,76,124,94,75,12,165,153,187,127,39,107,87,34,50,53,93,23,30,134,58,86,69,64,101,151,54,158,199,6,117,98,25,110,81,52,182,28,162,78,60,79,185,148,167,61,41,36,46,131,59,133,96,157,138,178,164,173,66,126,198,159,140,118,109,29,154,156,106,19,108,146,43,128,85,152,111,83,181,82,192,139,33,13,172,195,40,37,15,35,88,145,189,194,31,171,116,57,0,113,196,89,5,141,119,74,183,63,51,72,147,65,102,115,14,45,55,155,184,161,80,114,177,169,191,11,104,180,163,170,95,137,90,125,149,32,68,97,100,7,175,179,27,150,136,144,70,168,17,103,105,142,190,188,186,176,42,47,132,166,123,44];False
2419;8363;10782;[4,67,193,48,10,1,91,129,8,84,122,73,174,135,21,99,16,77,112,71,56,18,62,120,24,197,26,9,143,20,3,2,121,160,92,49,130,22,38,34,124,94,75,12,165,153,187,127,39,107,87,76,50,53,93,23,30,134,58,86,69,64,101,151,54,158,199,6,117,98,25,110,81,52,182,28,162,78,60,79,55,148,167,61,41,36,46,131,59,133,96,157,138,178,164,173,66,126,198,159,140,118,109,29,154,156,106,19,108,146,43,128,85,152,111,83,181,82,192,139,33,13,172,195,40,37,15,35,88,145,189,194,31,171,116,57,0,113,196,89,5,141,119,74,183,63,51,72,147,65,102,115,14,45,185,155,184,161,80,114,177,169,191,11,104,180,163,170,95,137,90,125,149,32,68,97,100,7,175,179,27,150,136,144,70,168,17,103,105,142,190,188,186,176,42,47,132,166,123,44];False
2490;8291;10781;[4,67,193,48,10,1,91,129,8,84,122,73,174,135,21,99,16,77,112,71,56,18,62,120,24,197,26,9,143,20,3,2,121,160,92,49,130,22,38,34,124,94,75,12,165,153,187,127,39,0,87,76,50,53,93,23,30,134,58,86,69,64,101,151,54,158,199,6,117,98,25,110,81,52,182,28,162,78,60,79,185,148,167,61,41,36,46,131,59,133,96,157,138,178,164,173,66,126,198,159,140,118,109,29,154,156,106,19,108,146,43,128,85,152,111,83,181,82,192,139,33,13,172,195,40,37,15,35,88,145,189,194,31,171,116,57,107,113,196,89,5,141,119,74,183,63,51,72,147,65,102,115,14,45,55,155,184,161,80,114,177,169,191,11,104,180,163,170,95,137,90,125,149,32,68,97,100,7,175,179,27,150,136,144,70,168,17,103,105,142,190,188,186,176,42,47,132,166,123,44];False
2465;8316;10781;[4,67,193,48,10,1,91,129,8,84,122,73,174,135,21,99,16,77,112,71,56,18,62,120,24,197,26,9,143,20,3,2,121,160,92,49,130,22,38,34,124,94,75,12,165,153,187,139,39,107,87,76,50,53,93,23,30,134,58,86,69,64,101,151,54,158,199,6,117,98,25,110,81,52,182,28,162,78,60,79,185,148,167,61,41,36,46,131,59,133,96,157,138,178,164,173,66,126,198,159,140,118,109,29,154,156,106,19,108,146,43,128,85,152,111,83,181,82,192,127,33,13,172,195,40,37,15,35,88,145,189,194,31,171,116,57,0,113,196,89,5,141,119,74,183,63,51,72,147,65,102,115,14,45,55,155,184,161,80,114,177,169,191,11,104,180,163,170,95,137,90,125,149,32,68,97,100,7,175,179,27,150,136,144,70,168,17,103,105,142,190,188,186,176,42,47,132,166,123,44];False
2501;8280;10781;[4,67,193,48,10,1,91,129,8,84,122,73,174,135,21,99,16,28,112,71,56,18,62,120,24,197,26,9,143,20,3,2,121,160,92,49,130,22,38,34,124,94,75,12,165,153,187,127,39,107,87,76,50,53,93,23,30,134,58,86,69,64,101,151,54,158,199,6,117,98,25,110,81,52,182,77,162,78,60,79,185,148,167,61,41,36,46,131,59,133,96,157,138,178,164,173,66,126,198,159,140,118,109,29,154,156,106,19,108,146,43,128,85,152,111,83,181,82,192,139,33,13,172,195,40,37,15,35,88,145,189,194,31,171,116,57,0,113,196,89,5,141,119,74,183,63,51,72,147,65,102,115,14,45,55,155,184,161,80,114,177,169,191,11,104,180,163,170,95,137,90,125,149,32,68,97,100,7,175,179,27,150,136,144,70,168,17,103,105,142,190,188,186,176,42,47,132,166,123,44];False
2478;8302;10780;[4,67,193,48,10,1,91,129,8,84,122,73,174,135,21,99,16,77,112,71,56,18,62,120,24,197,26,9,143,20,3,2,121,160,92,49,130,22,38,34,124,94,75,12,165,153,187,127,39,107,87,76,50,53,93,23,30,134,58,86,69,64,101,151,54,158,199,6,117,98,25,110,81,52,182,28,162,78,60,79,185,148,167,61,41,36,46,131,59,133,96,157,138,178,164,173,66,126,198,159,140,118,109,29,154,156,106,85,108,146,43,128,19,152,111,83,181,82,192,139,33,13,172,195,40,37,15,35,88,145,189,194,31,171,116,57,0,113,196,89,5,141,119,74,183,63,51,72,147,65,102,115,14,45,55,155,184,161,80,114,177,169,191,11,104,180,163,170,95,137,90,125,149,32,68,97,100,7,175,179,27,150,136,144,70,168,17,103,105,142,190,188,186,176,42,47,132,166,123,44];False
2506;8274;10780;[4,67,193,48,10,1,91,129,8,84,122,73,174,135,21,99,16,77,112,71,56,18,62,120,24,197,26,9,143,20,3,2,121,160,92,49,130,22,38,34,124,94,75,12,165,153,187,127,39,107,87,76,50,53,93,23,30,134,58,86,69,64,101,151,54,158,199,6,117,98,25,110,81,52,182,28,162,78,60,79,185,148,167,61,41,36,46,131,59,133,96,157,138,178,164,173,66,126,198,159,140,118,109,29,154,156,106,19,108,146,43,128,85,152,111,83,181,82,192,139,33,13,172,195,40,37,15,35,88,145,189,194,31,45,116,57,0,113,196,89,5,141,119,74,183,63,51,72,147,65,102,115,14,171,55,155,184,161,80,114,177,169,191,11,104,180,163,170,95,137,90,125,149,32,68,97,100,7,175,179,27,150,136,144,70,168,17,103,105,142,190,188,186,176,42,47,132,166,123,44];False
2438;8342;10780;[4,67,193,48,10,1,91,129,8,84,122,73,174,135,21,99,16,77,112,71,56,18,62,120,24,197,26,9,143,20,3,2,121,160,92,49,130,22,38,34,124,94,75,12,165,153,187,127,39,107,87,76,50,53,93,23,30,134,58,86,69,64,101,151,54,158,199,6,117,98,25,110,81,52,182,28,162,78,60,79,185,148,167,61,41,36,46,131,59,133,96,157,138,178,164,141,66,126,198,159,140,118,109,29,154,156,106,19,108,146,43,128,85,152,111,83,181,82,192,139,33,13,172,195,40,37,15,35,88,145,189,194,31,171,116,57,0,113,196,89,5,173,119,74,183,63,51,72,147,65,102,115,14,45,55,155,184,161,80,114,177,169,191,11,104,180,163,170,95,137,90,125,149,32,68,97,100,7,175,179,27,150,136,144,70,168,17,103,105,142,190,188,186,176,42,47,132,166,123,44];False
2455;8325;10780;[4,67,193,48,10,1,91,129,8,84,122,73,174,135,21,99,16,77,112,71,56,18,62,120,24,197,26,9,143,20,3,2,121,160,92,49,130,22,38,34,124,94,75,12,165,153,187,127,39,107,87,76,50,53,93,23,30,134,58,86,69,64,101,151,54,158,199,6,117,98,25,110,123,52,182,28,162,78,60,79,185,148,167,61,41,36,46,131,59,133,96,157,138,178,164,173,66,126,198,159,140,118,109,29,154,156,106,19,108,146,43,128,85,152,111,83,181,82,192,139,33,13,172,195,40,37,15,35,88,145,189,194,31,171,116,57,0,113,196,89,5,141,119,74,183,63,51,72,147,65,102,115,14,45,55,155,184,161,80,114,177,169,191,11,104,180,163,170,95,137,90,125,149,32,68,97,100,7,175,179,27,150,136,144,70,168,17,103,105,142,190,188,186,176,42,47,132,166,81,44];False
2400;8380;10780;[4,67,193,48,10,1,91,129,8,84,122,73,174,135,21,47,16,77,112,71,56,18,62,120,24,197,26,9,143,20,3,2,121,160,92,49,130,22,38,34,124,94,75,12,165,153,187,127,39,107,87,76,50,53,93,23,30,134,58,86,69,64,101,151,54,158,199,6,117,98,25,110,81,52,182,28,162,78,60,79,185,148,167,61,41,36,46,131,59,133,96,157,138,178,164,173,66,126,198,159,140,118,109,29,154,156,106,19,108,146,43,128,85,152,111,83,181,82,192,139,33,13,172,195,40,37,15,35,88,145,189,194,31,171,116,57,0,113,196,89,5,141,119,74,183,63,51,72,147,65,102,115,14,45,55,155,184,161,80,114,177,169,191,11,104,180,163,170,95,137,90,125,149,32,68,97,100,7,175,179,27,150,136,144,70,168,17,103,105,142,190,188,186,176,42,99,132,166,123,44];False
2437;8343;10780;[4,67,193,48,10,1,91,129,8,84,122,73,174,135,21,99,16,77,112,71,56,18,62,120,24,197,26,9,143,20,3,2,121,160,92,49,130,22,38,34,124,94,75,12,165,153,187,127,39,107,87,76,50,53,93,23,30,134,58,86,69,168,101,151,54,158,199,6,117,98,25,110,81,52,182,28,162,78,60,79,185,148,167,61,41,36,46,131,59,133,96,157,138,178,164,173,66,126,198,159,140,118,109,29,154,156,106,19,108,146,43,128,85,152,111,83,181,82,192,139,33,13,172,195,40,37,15,35,88,145,189,194,31,171,116,57,0,113,196,89,5,141,119,74,183,63,51,72,147,65,102,115,14,45,55,155,184,161,80,114,177,169,191,11,104,180,163,170,95,137,90,125,149,32,68,97,100,7,175,179,27,150,136,144,70,64,17,103,105,142,190,188,186,176,42,47,132,166,123,44];False
2463;8316;10779;[4,67,193,48,10,1,91,129,8,84,122,73,174,135,21,99,52,77,112,71,56,18,62,120,24,197,26,9,143,20,3,2,121,160,92,49,130,22,38,34,124,94,75,12,165,153,187,127,39,107,87,76,50,53,93,23,30,134,58,86,69,64,101,151,54,158,199,6,117,98,25,110,81,16,182,28,162,78,60,79,185,148,167,61,41,36,46,131,59,133,96,157,138,178,164,173,66,126,198,159,140,118,109,29,154,156,106,19,108,146,43,128,85,152,111,83,181,82,192,139,33,13,172,195,40,37,15,35,88,145,189,194,31,171,116,57,0,113,196,89,5,141,119,74,183,63,51,72,147,65,102,115,14,45,55,155,184,161,80,114,177,169,191,11,104,180,163,170,95,137,90,125,149,32,68,97,100,7,175,179,27,150,136,144,70,168,17,103,105,142,190,188,186,176,42,47,132,166,123,44];False
2434;8345;10779;[4,67,193,48,10,1,91,129,8,84,122,73,174,135,21,99,16,77,112,71,56,18,62,120,24,197,26,9,143,20,3,2,121,160,92,49,130,22,38,34,124,60,75,12,165,153,187,127,39,107,87,76,50,53,93,23,30,134,58,86,69,64,101,151,54,158,199,6,117,98,25,110,81,52,182,28,162,78,94,79,185,148,167,61,41,36,46,131,59,133,96,157,138,178,164,173,66,126,198,159,140,118,109,29,154,156,106,19,108,146,43,128,85,152,111,83,181,82,192,139,33,13,172,195,40,37,15,35,88,145,189,194,31,171,116,57,0,113,196,89,5,141,119,74,183,63,51,72,147,65,102,115,14,45,55,155,184,161,80,114,177,169,191,11,104,180,163,170,95,137,90,125,149,32,68,97,100,7,175,179,27,150,136,144,70,168,17,103,105,142,190,188,186,176,42,47,132,166,123,44];False
2446;8333;10779;[4,67,193,48,10,1,91,129,8,84,122,73,174,135,21,99,16,77,112,71,56,18,62,120,24,197,26,9,143,20,3,2,121,160,92,49,130,22,38,34,124,94,75,12,165,153,187,127,39,107,87,76,50,53,93,23,30,134,58,86,69,64,101,151,54,158,199,6,117,98,25,110,81,52,182,28,162,78,60,79,185,148,167,61,41,36,46,131,59,133,96,157,138,178,164,173,66,177,198,159,140,118,109,29,154,156,106,19,108,146,43,128,85,152,111,83,181,82,192,139,33,13,172,195,40,37,15,35,88,145,189,194,31,171,116,57,0,113,196,89,5,141,119,74,183,63,51,72,147,65,102,115,14,45,55,155,184,161,80,114,126,169,191,11,104,180,163,170,95,137,90,125,149,32,68,97,100,7,175,179,27,150,136,144,70,168,17,103,105,142,190,188,186,176,42,47,132,166,123,44];False
2423;8356;10779;[4,67,193,48,10,1,91,129,8,84,122,73,174,135,187,99,16,77,112,71,56,18,62,120,24,197,26,9,143,20,3,2,121,160,92,49,130,22,38,34,124,94,75,12,165,153,21,127,39,107,87,76,50,53,93,23,30,134,58,86,69,64,101,151,54,158,199,6,117,98,25,110,81,52,182,28,162,78,60,79,185,148,167,61,41,36,46,131,59,133,96,157,138,178,164,173,66,126,198,159,140,118,109,29,154,156,106,19,108,146,43,128,85,152,111,83,181,82,192,139,33,13,172,195,40,37,15,35,88,145,189,194,31,171,116,57,0,113,196,89,5,141,119,74,183,63,51,72,147,65,102,115,14,45,55,155,184,161,80,114,177,169,191,11,104,180,163,170,95,137,90,125,149,32,68,97,100,7,175,179,27,150,136,144,70,168,17,103,105,142,190,188,186,176,42,47,132,166,123,44];False
2499;8279;10778;[4,67,193,48,159,1,91,129,8,84,122,73,174,135,21,99,16,77,112,71,56,18,62,120,24,197,26,9,143,20,3,2,121,160,92,49,130,22,38,34,124,94,75,12,165,153,187,127,39,107,87,76,50,53,93,23,30,134,58,86,69,64,101,151,54,158,199,6,117,98,25,110,81,52,182,28,162,78,60,79,185,148,167,61,41,36,46,131,59,133,96,157,138,178,164,173,66,126,198,10,140,118,109,29,154,156,106,19,108,146,43,128,85,152,111,83,181,82,192,139,33,13,172,195,40,37,15,35,88,145,189,194,31,171,116,57,0,113,196,89,5,141,119,74,183,63,51,72,147,65,102,115,14,45,55,155,184,161,80,114,177,169,191,11,104,180,163,170,95,137,90,125,149,32,68,97,100,7,175,179,27,150,136,144,70,168,17,103,105,142,190,188,186,176,42,47,132,166,123,44];False
2505;8273;10778;[4,67,193,48,10,1,91,129,8,84,122,73,174,135,21,99,16,77,112,71,56,18,62,120,24,197,26,9,143,20,3,2,121,160,92,49,130,22,38,34,124,94,75,12,165,153,187,127,39,107,87,76,50,53,93,23,30,134,58,86,69,64,101,151,54,158,172,6,117,98,25,110,81,52,182,28,162,78,60,79,185,148,167,61,41,36,46,131,59,133,96,157,138,178,164,173,66,126,198,159,140,118,109,29,154,156,106,19,108,146,43,128,85,152,111,83,181,82,192,139,33,13,199,195,40,37,15,35,88,145,189,194,31,171,116,57,0,113,196,89,5,141,119,74,183,63,51,72,147,65,102,115,14,45,55,155,184,161,80,114,177,169,191,11,104,180,163,170,95,137,90,125,149,32,68,97,100,7,175,179,27,150,136,144,70,168,17,103,105,142,190,188,186,176,42,47,132,166,123,44];False
2496;8282;10778;[4,67,193,48,10,1,91,129,8,84,122,73,174,135,21,99,16,77,112,71,56,18,62,120,24,197,26,9,143,20,3,2,121,160,92,49,130,22,38,34,124,94,75,12,165,153,187,127,39,107,87,76,146,53,93,23,30,134,58,86,69,64,101,151,54,158,199,6,117,98,25,110,81,52,182,28,162,78,60,79,185,148,167,61,41,36,46,131,59,133,96,157,138,178,164,173,66,126,198,159,140,118,109,29,154,156,106,19,108,50,43,128,85,152,111,83,181,82,192,139,33,13,172,195,40,37,15,35,88,145,189,194,31,171,116,57,0,113,196,89,5,141,119,74,183,63,51,72,147,65,102,115,14,45,55,155,184,161,80,114,177,169,191,11,104,180,163,170,95,137,90,125,149,32,68,97,100,7,175,179,27,150,136,144,70,168,17,103,105,142,190,188,186,176,42,47,132,166,123,44];False
2508;8269;10777;[4,67,193,48,10,72,91,129,8,84,122,73,174,135,21,99,16,77,112,71,56,18,62,120,24,197,26,9,143,20,3,2,121,160,92,49,130,22,38,34,124,94,75,12,165,153,187,127,39,107,87,76,50,53,93,23,30,134,58,86,69,64,101,151,54,158,199,6,117,98,25,110,81,52,182,28,162,78,60,79,185,148,167,61,41,36,46,131,59,133,96,157,138,178,164,173,66,126,198,159,140,118,109,29,154,156,106,19,108,146,43,128,85,152,111,83,181,82,192,139,33,13,172,195,40,37,15,35,88,145,189,194,31,171,116,57,0,113,196,89,5,141,119,74,183,63,51,1,147,65,102,115,14,45,55,155,184,161,80,114,177,169,191,11,104,180,163,170,95,137,90,125,149,32,68,97,100,7,175,179,27,150,136,144,70,168,17,103,105,142,190,188,186,176,42,47,132,166,123,44];False
2479;8298;10777;[4,67,193,48,10,1,91,129,8,84,122,73,174,135,21,99,16,77,112,71,56,18,62,120,24,197,26,9,143,20,3,2,121,160,92,49,130,22,38,34,124,94,75,12,165,118,187,127,39,107,87,76,50,53,93,23,30,134,58,86,69,64,101,151,54,158,199,6,117,98,25,110,81,52,182,28,162,78,60,79,185,148,167,61,41,36,46,131,59,133,96,157,138,178,164,173,66,126,198,159,140,153,109,29,154,156,106,19,108,146,43,128,85,152,111,83,181,82,192,139,33,13,172,195,40,37,15,35,88,145,189,194,31,171,116,57,0,113,196,89,5,141,119,74,183,63,51,72,147,65,102,115,14,45,55,155,184,161,80,114,177,169,191,11,104,180,163,170,95,137,90,125,149,32,68,97,100,7,175,179,27,150,136,144,70,168,17,103,105,142,190,188,186,176,42,47,132,166,123,44];False
2532;8244;10776;[4,67,193,48,10,1,91,129,8,84,122,73,174,135,21,99,16,77,112,71,56,18,62,120,196,197,26,9,143,20,3,2,121,160,92,49,130,22,38,34,124,94,75,12,165,153,187,127,39,107,87,76,50,53,93,23,30,134,58,86,69,64,101,151,54,158,199,6,117,98,25,110,81,52,182,28,162,78,60,79,185,148,167,61,41,36,46,131,59,133,96,157,138,178,164,173,66,126,198,159,140,118,109,29,154,156,106,19,108,146,43,128,85,152,111,83,181,82,192,139,33,13,172,195,40,37,15,35,88,145,189,194,31,171,116,57,0,113,24,89,5,141,119,74,183,63,51,72,147,65,102,115,14,45,55,155,184,161,80,114,177,169,191,11,104,180,163,170,95,137,90,125,149,32,68,97,100,7,175,179,27,150,136,144,70,168,17,103,105,142,190,188,186,176,42,47,132,166,123,44];False
2498;8278;10776;[4,67,193,48,10,1,91,129,8,84,122,73,174,135,21,99,16,77,112,71,56,18,62,120,24,197,26,9,143,20,3,2,121,160,92,49,130,22,38,34,124,94,75,12,165,153,187,127,39,107,87,76,50,53,93,23,30,134,58,86,69,64,101,151,54,158,199,6,117,98,25,110,81,52,182,28,162,78,60,79,185,148,167,61,41,36,46,131,59,133,96,157,138,178,164,173,66,126,198,159,140,118,109,29,154,156,106,19,108,146,43,128,85,152,111,83,181,82,192,139,33,13,172,195,40,37,15,35,88,145,189,194,31,171,116,57,0,113,196,89,5,141,119,74,183,63,51,72,147,65,102,155,14,45,55,115,184,161,80,114,177,169,191,11,104,180,163,170,95,137,90,125,149,32,68,97,100,7,175,179,27,150,136,144,70,168,17,103,105,142,190,188,186,176,42,47,132,166,123,44];False
2489;8287;10776;[4,67,64,48,10,1,91,129,8,84,122,73,174,135,21,99,16,77,112,71,56,18,62,120,24,197,26,9,143,20,3,2,121,160,92,49,130,22,38,34,124,94,75,12,165,153,187,127,39,107,87,76,50,53,93,23,30,134,58,86,69,193,101,151,54,158,199,6,117,98,25,110,81,52,182,28,162,78,60,79,185,148,167,61,41,36,46,131,59,133,96,157,138,178,164,173,66,126,198,159,140,118,109,29,154,156,106,19,108,146,43,128,85,152,111,83,181,82,192,139,33,13,172,195,40,37,15,35,88,145,189,194,31,171,116,57,0,113,196,89,5,141,119,74,183,63,51,72,147,65,102,115,14,45,55,155,184,161,80,114,177,169,191,11,104,180,163,170,95,137,90,125,149,32,68,97,100,7,175,179,27,150,136,144,70,168,17,103,105,142,190,188,186,176,42,47,132,166,123,44];False
2498;8278;10776;[4,67,193,48,10,1,91,129,8,84,122,73,174,135,21,99,16,77,112,71,56,18,62,120,24,197,26,9,143,20,3,2,121,160,92,49,130,22,38,34,124,94,75,12,165,153,187,127,39,107,87,76,50,53,93,23,30,134,58,86,69,64,101,151,54,158,199,6,117,98,25,110,81,154,182,28,162,78,60,79,185,148,167,61,41,36,46,131,59,133,96,157,138,178,164,173,66,126,198,159,140,118,109,29,52,156,106,19,108,146,43,128,85,152,111,83,181,82,192,139,33,13,172,195,40,37,15,35,88,145,189,194,31,171,116,57,0,113,196,89,5,141,119,74,183,63,51,72,147,65,102,115,14,45,55,155,184,161,80,114,177,169,191,11,104,180,163,170,95,137,90,125,149,32,68,97,100,7,175,179,27,150,136,144,70,168,17,103,105,142,190,188,186,176,42,47,132,166,123,44];False
2438;8337;10775;[4,67,193,48,10,1,91,129,8,84,122,73,174,135,21,99,16,77,112,71,56,18,62,120,24,197,26,9,143,20,3,2,121,160,92,49,130,22,38,34,124,94,75,12,165,153,187,127,39,107,87,76,50,42,93,23,30,134,58,86,69,64,101,151,54,158,199,6,117,98,25,110,81,52,182,28,162,78,60,79,185,148,167,61,41,36,46,131,59,133,96,157,138,178,164,173,66,126,198,159,140,118,109,29,154,156,106,19,108,146,43,128,85,152,111,83,181,82,192,139,33,13,172,195,40,37,15,35,88,145,189,194,31,171,116,57,0,113,196,89,5,141,119,74,183,63,51,72,147,65,102,115,14,45,55,155,184,161,80,114,177,169,191,11,104,180,163,170,95,137,90,125,149,32,68,97,100,7,175,179,27,150,136,144,70,168,17,103,105,142,190,188,186,176,53,47,132,166,123,44];False
2405;8370;10775;[4,67,193,48,10,1,91,129,8,84,122,73,174,135,21,99,16,77,112,71,56,18,62,120,24,197,26,9,143,20,3,2,121,160,92,49,130,22,38,34,124,94,75,12,165,153,187,127,39,107,87,76,50,53,93,23,30,134,58,86,69,64,101,151,54,158,199,6,117,98,25,110,81,52,182,28,162,78,60,79,185,148,167,61,41,36,46,131,59,133,96,157,138,178,164,173,66,126,198,159,140,118,109,29,154,156,106,19,108,146,43,128,85,152,111,83,181,82,192,139,33,13,172,195,40,37,15,35,88,145,189,194,31,171,116,57,0,113,196,89,5,55,119,74,183,63,51,72,147,65,102,115,14,45,141,155,184,161,80,114,177,169,191,11,104,180,163,170,95,137,90,125,149,32,68,97,100,7,175,179,27,150,136,144,70,168,17,103,105,142,190,188,186,176,42,47,132,166,123,44];False
2462;8313;10775;[4,67,193,48,10,1,91,129,8,84,122,73,174,135,21,99,16,77,112,71,56,18,62,120,24,197,26,9,143,20,3,2,121,160,92,49,130,183,38,34,124,94,75,12,165,153,187,127,39,107,87,76,50,53,93,23,30,134,58,86,69,64,101,151,54,158,199,6,117,98,25,110,81,52,182,28,162,78,60,79,185,148,167,61,41,36,46,131,59,133,96,157,138,178,164,173,66,126,198,159,140,118,109,29,154,156,106,19,108,146,43,128,85,152,111,83,181,82,192,139,33,13,172,195,40,37,15,35,88,145,189,194,31,171,116,57,0,113,196,89,5,141,119,74,22,63,51,72,147,65,102,115,14,45,55,155,184,161,80,114,177,169,191,11,104,180,163,170,95,137,90,125,149,32,68,97,100,7,175,179,27,150,136,144,70,168,17,103,105,142,190,188,186,176,42,47,132,166,123,44];False
2431;8344;10775;[4,67,193,48,10,1,91,129,8,84,122,73,174,135,21,99,16,77,112,71,56,18,62,120,24,197,26,9,143,20,3,2,121,160,92,49,130,22,38,34,124,94,75,12,165,153,187,127,39,107,87,76,50,53,93,23,30,134,58,86,69,64,101,151,54,158,199,6,117,98,25,110,81,52,182,28,162,78,60,79,185,148,167,61,41,36,46,131,59,133,96,157,138,178,164,173,66,126,198,159,140,118,109,29,154,156,106,19,108,146,43,128,85,152,111,83,181,82,192,139,33,13,172,195,40,37,15,35,88,145,189,194,31,171,116,57,0,113,196,89,5,141,119,74,183,63,51,72,147,65,102,115,14,45,55,155,184,161,80,114,177,169,191,11,104,47,163,170,95,137,90,125,149,32,68,97,100,7,175,179,27,150,136,144,70,168,17,103,105,142,190,188,186,176,42,180,132,166,123,44];False
2402;8373;10775;[4,67,193,48,10,1,91,129,8,84,122,73,174,135,21,99,16,77,112,71,56,18,62,120,24,197,26,9,143,20,3,2,121,160,92,49,130,22,38,34,124,94,75,12,165,153,187,127,106,107,87,76,50,53,93,23,30,134,58,86,69,64,101,151,54,158,199,6,117,98,25,110,81,52,182,28,162,78,60,79,185,148,167,61,41,36,46,131,59,133,96,157,138,178,164,173,66,126,198,159,140,118,109,29,154,156,39,19,108,146,43,128,85,152,111,83,181,82,192,139,33,13,172,195,40,37,15,35,88,145,189,194,31,171,116,57,0,113,196,89,5,141,119,74,183,63,51,72,147,65,102,115,14,45,55,155,184,161,80,114,177,169,191,11,104,180,163,170,95,137,90,125,149,32,68,97,100,7,175,179,27,150,136,144,70,168,17,103,105,142,190,188,186,176,42,47,132,166,123,44];False
2470;8305;10775;[4,67,193,48,10,1,91,129,8,84,122,73,174,135,21,99,16,77,112,71,56,18,62,120,24,197,26,9,143,20,3,2,121,160,92,49,130,22,38,34,124,94,75,12,165,153,187,127,39,107,87,76,50,53,93,23,30,134,58,86,69,64,101,151,54,158,199,6,117,98,25,110,81,52,182,28,162,78,60,79,185,148,167,61,41,36,46,131,59,133,96,157,138,178,172,173,66,126,198,159,140,118,109,29,154,156,106,19,108,146,43,128,85,152,111,83,181,82,192,139,33,13,164,195,40,37,15,35,88,145,189,194,31,171,116,57,0,113,196,89,5,141,119,74,183,63,51,72,147,65,102,115,14,45,55,155,184,161,80,114,177,169,191,11,104,180,163,170,95,137,90,125,149,32,68,97,100,7,175,179,27,150,136,144,70,168,17,103,105,142,190,188,186,176,42,47,132,166,123,44];False
2491;8284;10775;[4,175,193,48,10,1,91,129,8,84,122,73,174,135,21,99,16,77,112,71,56,18,62,120,24,197,26,9,143,20,3,2,121,160,92,49,130,22,38,34,124,94,75,12,165,153,187,127,39,107,87,76,50,53,93,23,30,134,58,86,69,64,101,151,54,158,199,6,117,98,25,110,81,52,182,28,162,78,60,79,185,148,167,61,41,36,46,131,59,133,96,157,138,178,164,173,66,126,198,159,140,118,109,29,154,156,106,19,108,146,43,128,85,152,111,83,181,82,192,139,33,13,172,195,40,37,15,35,88,145,189,194,31,171,116,57,0,113,196,89,5,141,119,74,183,63,51,72,147,65,102,115,14,45,55,155,184,161,80,114,177,169,191,11,104,180,163,170,95,137,90,125,149,32,68,97,100,7,67,179,27,150,136,144,70,168,17,103,105,142,190,188,186,176,42,47,132,166,123,44];False
2466;8308;10774;[4,67,193,48,10,1,91,129,8,84,122,73,174,135,21,99,16,77,112,71,56,18,62,120,24,197,130,9,143,20,3,2,121,160,92,49,26,22,38,34,124,94,75,12,165,153,187,127,39,107,87,76,50,53,93,23,30,134,58,86,69,64,101,151,54,158,199,6,117,98,25,110,81,52,182,28,162,78,60,79,185,148,167,61,41,36,46,131,59,133,96,157,138,178,164,173,66,126,198,159,140,118,109,29,154,156,106,19,108,146,43,128,85,152,111,83,181,82,192,139,33,13,172,195,40,37,15,35,88,145,189,194,31,171,116,57,0,113,196,89,5,141,119,74,183,63,51,72,147,65,102,115,14,45,55,155,184,161,80,114,177,169,191,11,104,180,163,170,95,137,90,125,149,32,68,97,100,7,175,179,27,150,136,144,70,168,17,103,105,142,190,188,186,176,42,47,132,166,123,44];False
2460;8314;10774;[4,67,193,48,10,1,91,129,8,84,122,73,174,135,21,99,16,77,112,71,56,18,62,120,24,197,26,9,143,20,3,2,121,160,92,49,130,22,38,34,124,94,75,12,165,153,187,127,39,107,87,76,50,53,93,23,30,134,58,103,69,64,101,151,54,158,199,6,117,98,25,110,81,52,182,28,162,78,60,79,185,148,167,61,41,36,46,131,59,133,96,157,138,178,164,173,66,126,198,159,140,118,109,29,154,156,106,19,108,146,43,128,85,152,111,83,181,82,192,139,33,13,172,195,40,37,15,35,88,145,189,194,31,171,116,57,0,113,196,89,5,141,119,74,183,63,51,72,147,65,102,115,14,45,55,155,184,161,80,114,177,169,191,11,104,180,163,170,95,137,90,125,149,32,68,97,100,7,175,179,27,150,136,144,70,168,17,86,105,142,190,188,186,176,42,47,132,166,123,44];False
2468;8306;10774;[4,67,193,48,10,1,91,129,8,73,122,84,174,135,21,99,16,77,112,71,56,18,62,120,24,197,26,9,143,20,3,2,121,160,92,49,130,22,38,34,124,94,75,12,165,153,187,127,39,107,87,76,50,53,93,23,30,134,58,86,69,64,101,151,54,158,199,6,117,98,25,110,81,52,182,28,162,78,60,79,185,148,167,61,41,36,46,131,59,133,96,157,138,178,164,173,66,126,198,159,140,118,109,29,154,156,106,19,108,146,43,128,85,152,111,83,181,82,192,139,33,13,172,195,40,37,15,35,88,145,189,194,31,171,116,57,0,113,196,89,5,141,119,74,183,63,51,72,147,65,102,115,14,45,55,155,184,161,80,114,177,169,191,11,104,180,163,170,95,137,90,125,149,32,68,97,100,7,175,179,27,150,136,144,70,168,17,103,105,142,190,188,186,176,42,47,132,166,123,44];False
2500;8274;10774;[4,67,193,48,10,1,91,129,8,84,122,73,174,135,21,99,16,77,112,71,56,18,62,120,24,197,26,9,143,20,3,2,121,160,92,49,130,22,38,34,124,94,75,12,165,153,187,127,39,107,87,76,50,53,93,23,57,134,58,86,69,64,101,151,54,158,199,6,117,98,25,110,81,52,182,28,162,78,60,79,185,148,167,61,41,36,46,131,59,133,96,157,138,178,164,173,66,126,198,159,140,118,109,29,154,156,106,19,108,146,43,128,85,152,111,83,181,82,192,139,33,13,172,195,40,37,15,35,88,145,189,194,31,171,116,30,0,113,196,89,5,141,119,74,183,63,51,72,147,65,102,115,14,45,55,155,184,161,80,114,177,169,191,11,104,180,163,170,95,137,90,125,149,32,68,97,100,7,175,179,27,150,136,144,70,168,17,103,105,142,190,188,186,176,42,47,132,166,123,44];False
2457;8317;10774;[4,67,193,48,10,1,91,129,8,84,122,73,174,135,21,99,16,77,112,71,56,18,62,120,24,197,26,9,143,20,3,2,121,160,92,49,130,22,38,34,124,94,75,12,165,153,187,127,39,107,87,76,50,53,93,23,30,134,58,86,69,64,101,151,54,158,199,6,117,98,25,110,81,52,182,28,162,78,60,79,185,148,167,61,41,36,46,131,59,133,96,157,138,178,164,173,66,126,198,159,140,118,109,29,154,156,106,175,108,146,43,128,85,152,111,83,181,82,192,139,33,13,172,195,40,37,15,35,88,145,189,194,31,171,116,57,0,113,196,89,5,141,119,74,183,63,51,72,147,65,102,115,14,45,55,155,184,161,80,114,177,169,191,11,104,180,163,170,95,137,90,125,149,32,68,97,100,7,19,179,27,150,136,144,70,168,17,103,105,142,190,188,186,176,42,47,132,166,123,44];False
2489;8284;10773;[4,67,193,48,10,1,91,129,8,84,122,73,174,135,21,99,16,77,112,71,56,18,62,120,24,197,26,9,143,20,3,2,121,160,92,49,130,90,38,34,124,94,75,12,165,153,187,127,39,107,87,76,50,53,93,23,30,134,58,86,69,64,101,151,54,158,199,6,117,98,25,110,81,52,182,28,162,78,60,79,185,148,167,61,41,36,46,131,59,133,96,157,138,178,164,173,66,126,198,159,140,118,109,29,154,156,106,19,108,146,43,128,85,152,111,83,181,82,192,139,33,13,172,195,40,37,15,35,88,145,189,194,31,171,116,57,0,113,196,89,5,141,119,74,183,63,51,72,147,65,102,115,14,45,55,155,184,161,80,114,177,169,191,11,104,180,163,170,95,137,22,125,149,32,68,97,100,7,175,179,27,150,136,144,70,168,17,103,105,142,190,188,186,176,42,47,132,166,123,44];False
2471;8302;10773;[4,67,193,96,10,1,91,129,8,84,122,73,174,135,21,99,16,77,112,71,56,18,62,120,24,197,26,9,143,20,3,2,121,160,92,49,130,22,38,34,124,94,75,12,165,153,187,127,39,107,87,76,50,53,93,23,30,134,58,86,69,64,101,151,54,158,199,6,117,98,25,110,81,52,182,28,162,78,60,79,185,148,167,61,41,36,46,131,59,133,48,157,138,178,164,173,66,126,198,159,140,118,109,29,154,156,106,19,108,146,43,128,85,152,111,83,181,82,192,139,33,13,172,195,40,37,15,35,88,145,189,194,31,171,116,57,0,113,196,89,5,141,119,74,183,63,51,72,147,65,102,115,14,45,55,155,184,161,80,114,177,169,191,11,104,180,163,170,95,137,90,125,149,32,68,97,100,7,175,179,27,150,136,144,70,168,17,103,105,142,190,188,186,176,42,47,132,166,123,44];False
2402;8370;10772;[4,67,193,48,10,1,91,129,8,84,122,73,174,135,21,99,16,77,112,71,56,18,62,120,24,197,26,9,143,20,3,2,121,160,92,49,130,22,38,34,124,94,75,12,165,153,187,127,39,107,87,76,50,53,93,23,30,134,58,86,69,64,101,151,54,158,199,6,117,98,25,110,81,52,182,28,162,78,60,79,185,148,167,61,41,36,46,131,59,133,96,157,138,178,164,173,66,126,198,159,140,118,109,29,154,156,106,19,108,146,43,128,85,152,111,83,181,82,192,139,33,13,172,195,40,37,15,35,88,145,189,194,31,171,116,57,0,113,196,89,5,141,119,74,183,63,114,72,147,65,102,115,14,45,55,155,184,161,80,51,177,169,191,11,104,180,163,170,95,137,90,125,149,32,68,97,100,7,175,179,27,150,136,144,70,168,17,103,105,142,190,188,186,176,42,47,132,166,123,44];False
2423;8349;10772;[4,67,193,48,10,1,91,129,8,84,122,73,174,135,21,99,16,77,112,71,56,18,62,120,24,197,26,9,143,20,3,2,121,160,92,49,130,22,38,34,124,94,75,12,165,153,183,127,39,107,87,76,50,53,93,23,30,134,58,86,69,64,101,151,54,158,199,6,117,98,25,110,81,52,182,28,162,78,60,79,185,148,167,61,41,36,46,131,59,133,96,157,138,178,164,173,66,126,198,159,140,118,109,29,154,156,106,19,108,146,43,128,85,152,111,83,181,82,192,139,33,13,172,195,40,37,15,35,88,145,189,194,31,171,116,57,0,113,196,89,5,141,119,74,187,63,51,72,147,65,102,115,14,45,55,155,184,161,80,114,177,169,191,11,104,180,163,170,95,137,90,125,149,32,68,97,100,7,175,179,27,150,136,144,70,168,17,103,105,142,190,188,186,176,42,47,132,166,123,44];False
2497;8275;10772;[4,67,193,48,10,1,91,129,8,84,122,73,174,135,21,99,16,77,112,71,56,18,62,120,24,92,26,9,143,20,3,2,121,160,197,49,130,22,38,34,124,94,75,12,165,153,187,127,39,107,87,76,50,53,93,23,30,134,58,86,69,64,101,151,54,158,199,6,117,98,25,110,81,52,182,28,162,78,60,79,185,148,167,61,41,36,46,131,59,133,96,157,138,178,164,173,66,126,198,159,140,118,109,29,154,156,106,19,108,146,43,128,85,152,111,83,181,82,192,139,33,13,172,195,40,37,15,35,88,145,189,194,31,171,116,57,0,113,196,89,5,141,119,74,183,63,51,72,147,65,102,115,14,45,55,155,184,161,80,114,177,169,191,11,104,180,163,170,95,137,90,125,149,32,68,97,100,7,175,179,27,150,136,144,70,168,17,103,105,142,190,188,186,176,42,47,132,166,123,44];False
2437;8335;10772;[4,67,193,48,10,1,91,129,8,84,122,73,174,135,21,99,16,77,112,71,56,18,62,120,24,197,26,9,143,20,3,2,121,160,92,49,130,22,38,34,124,94,75,12,165,153,187,127,39,107,87,76,141,53,93,23,30,134,58,86,69,64,101,151,54,158,199,6,117,98,25,110,81,52,182,28,162,78,60,79,185,148,167,61,41,36,46,131,59,133,96,157,138,178,164,173,66,126,198,159,140,118,109,29,154,156,106,19,108,146,43,128,85,152,111,83,181,82,192,139,33,13,172,195,40,37,15,35,88,145,189,194,31,171,116,57,0,113,196,89,5,50,119,74,183,63,51,72,147,65,102,115,14,45,55,155,184,161,80,114,177,169,191,11,104,180,163,170,95,137,90,125,149,32,68,97,100,7,175,179,27,150,136,144,70,168,17,103,105,142,190,188,186,176,42,47,132,166,123,44];False
2488;8284;10772;[4,67,193,48,10,1,91,129,42,84,122,73,174,135,21,99,16,77,112,71,56,18,62,120,24,197,26,9,143,20,3,2,121,160,92,49,130,22,38,34,124,94,75,12,165,153,187,127,39,107,87,76,50,53,93,23,30,134,58,86,69,64,101,151,54,158,199,6,117,98,25,110,81,52,182,28,162,78,60,79,185,148,167,61,41,36,46,131,59,133,96,157,138,178,164,173,66,126,198,159,140,118,109,29,154,156,106,19,108,146,43,128,85,152,111,83,181,82,192,139,33,13,172,195,40,37,15,35,88,145,189,194,31,171,116,57,0,113,196,89,5,141,119,74,183,63,51,72,147,65,102,115,14,45,55,155,184,161,80,114,177,169,191,11,104,180,163,170,95,137,90,125,149,32,68,97,100,7,175,179,27,150,136,144,70,168,17,103,105,142,190,188,186,176,8,47,132,166,123,44];False
2509;8262;10771;[4,67,193,48,10,1,91,129,8,176,122,73,174,135,21,99,16,77,112,71,56,18,62,120,24,197,26,9,143,20,3,2,121,160,92,49,130,22,38,34,124,94,75,12,165,153,187,127,39,107,87,76,50,53,93,23,30,134,58,86,69,64,101,151,54,158,199,6,117,98,25,110,81,52,182,28,162,78,60,79,185,148,167,61,41,36,46,131,59,133,96,157,138,178,164,173,66,126,198,159,140,118,109,29,154,156,106,19,108,146,43,128,85,152,111,83,181,82,192,139,33,13,172,195,40,37,15,35,88,145,189,194,31,171,116,57,0,113,196,89,5,141,119,74,183,63,51,72,147,65,102,115,14,45,55,155,184,161,80,114,177,169,191,11,104,180,163,170,95,137,90,125,149,32,68,97,100,7,175,179,27,150,136,144,70,168,17,103,105,142,190,188,186,84,42,47,132,166,123,44];False
2420;8351;10771;[4,67,193,48,10,1,91,129,8,84,122,73,174,135,21,99,47,77,112,71,56,18,62,120,24,197,26,9,143,20,3,2,121,160,92,49,130,22,38,34,124,94,75,12,165,153,187,127,39,107,87,76,50,53,93,23,30,134,58,86,69,64,101,151,54,158,199,6,117,98,25,110,81,52,182,28,162,78,60,79,185,148,167,61,41,36,46,131,59,133,96,157,138,178,164,173,66,126,198,159,140,118,109,29,154,156,106,19,108,146,43,128,85,152,111,83,181,82,192,139,33,13,172,195,40,37,15,35,88,145,189,194,31,171,116,57,0,113,196,89,5,141,119,74,183,63,51,72,147,65,102,115,14,45,55,155,184,161,80,114,177,169,191,11,104,180,163,170,95,137,90,125,149,32,68,97,100,7,175,179,27,150,136,144,70,168,17,103,105,142,190,188,186,176,42,16,132,166,123,44];False
2519;8252;10771;[4,67,193,48,10,1,91,129,8,84,122,73,174,135,21,99,16,77,112,71,56,18,62,120,24,197,26,9,143,20,3,2,121,160,92,49,130,22,38,34,124,94,75,12,165,153,187,127,39,107,87,76,50,53,93,23,30,134,58,86,69,64,101,151,54,158,199,6,117,98,25,110,81,52,182,28,162,78,60,79,185,148,167,61,41,36,46,131,59,133,96,157,138,178,164,173,66,126,198,159,140,118,109,29,154,156,106,19,108,146,43,128,85,152,111,83,181,82,192,139,189,13,172,195,40,37,15,35,88,145,33,194,31,171,116,57,0,113,196,89,5,141,119,74,183,63,51,72,147,65,102,115,14,45,55,155,184,161,80,114,177,169,191,11,104,180,163,170,95,137,90,125,149,32,68,97,100,7,175,179,27,150,136,144,70,168,17,103,105,142,190,188,186,176,42,47,132,166,123,44];False
2483;8288;10771;[4,67,193,48,10,1,91,129,8,84,122,73,174,135,21,99,16,77,112,71,56,18,62,120,164,197,26,9,143,20,3,2,121,160,92,49,130,22,38,34,124,94,75,12,165,153,187,127,39,107,87,76,50,53,93,23,30,134,58,86,69,64,101,151,54,158,199,6,117,98,25,110,81,52,182,28,162,78,60,79,185,148,167,61,41,36,46,131,59,133,96,157,138,178,24,173,66,126,198,159,140,118,109,29,154,156,106,19,108,146,43,128,85,152,111,83,181,82,192,139,33,13,172,195,40,37,15,35,88,145,189,194,31,171,116,57,0,113,196,89,5,141,119,74,183,63,51,72,147,65,102,115,14,45,55,155,184,161,80,114,177,169,191,11,104,180,163,170,95,137,90,125,149,32,68,97,100,7,175,179,27,150,136,144,70,168,17,103,105,142,190,188,186,176,42,47,132,166,123,44];False
2432;8339;10771;[4,67,193,48,10,1,91,129,8,84,122,73,174,135,21,99,16,77,112,71,56,18,62,120,24,197,26,9,143,20,3,2,121,160,92,49,130,22,38,34,124,94,75,12,165,153,187,127,39,107,87,76,50,53,93,23,30,134,58,86,69,64,140,151,54,158,199,6,117,98,25,110,81,52,182,28,162,78,60,79,185,148,167,61,41,36,46,131,59,133,96,157,138,178,164,173,66,126,198,159,101,118,109,29,154,156,106,19,108,146,43,128,85,152,111,83,181,82,192,139,33,13,172,195,40,37,15,35,88,145,189,194,31,171,116,57,0,113,196,89,5,141,119,74,183,63,51,72,147,65,102,115,14,45,55,155,184,161,80,114,177,169,191,11,104,180,163,170,95,137,90,125,149,32,68,97,100,7,175,179,27,150,136,144,70,168,17,103,105,142,190,188,186,176,42,47,132,166,123,44];False
2501;8269;10770;[4,67,193,48,10,1,91,129,8,84,122,73,174,135,21,99,16,77,112,71,56,18,62,120,24,197,26,9,143,20,3,2,121,160,92,49,130,22,38,34,124,94,75,12,165,153,187,127,39,107,87,76,50,53,93,23,30,134,58,86,69,64,101,151,54,158,199,6,117,98,25,110,81,52,182,28,162,78,60,79,185,148,167,61,41,36,46,131,59,133,96,157,138,178,164,173,66,126,198,159,140,118,109,29,154,156,106,19,108,146,43,128,85,152,111,83,181,82,192,139,33,13,172,195,40,37,15,35,88,145,189,194,31,171,116,57,0,113,196,89,5,141,119,74,183,63,51,72,147,65,102,115,14,45,55,155,184,17,80,114,177,169,191,11,104,180,163,170,95,137,90,125,149,32,68,97,100,7,175,179,27,150,136,144,70,168,161,103,105,142,190,188,186,176,42,47,132,166,123,44];False
2497;8273;10770;[4,67,193,48,10,1,91,129,8,84,122,73,174,135,21,99,16,77,112,71,56,18,62,120,24,197,26,9,143,20,3,2,121,160,92,49,130,22,28,34,124,94,75,12,165,153,187,127,39,107,87,76,50,53,93,23,30,134,58,86,69,64,101,151,54,158,199,6,117,98,25,110,81,52,182,38,162,78,60,79,185,148,167,61,41,36,46,131,59,133,96,157,138,178,164,173,66,126,198,159,140,118,109,29,154,156,106,19,108,146,43,128,85,152,111,83,181,82,192,139,33,13,172,195,40,37,15,35,88,145,189,194,31,171,116,57,0,113,196,89,5,141,119,74,183,63,51,72,147,65,102,115,14,45,55,155,184,161,80,114,177,169,191,11,104,180,163,170,95,137,90,125,149,32,68,97,100,7,175,179,27,150,136,144,70,168,17,103,105,142,190,188,186,176,42,47,132,166,123,44];False
2524;8246;10770;[4,67,193,48,10,1,91,129,8,84,122,73,174,135,21,99,16,77,112,71,56,18,62,120,24,197,26,9,143,20,3,2,121,160,92,49,130,22,38,34,124,94,75,12,165,153,187,127,39,107,87,76,50,53,93,23,30,134,58,86,69,64,101,151,54,158,199,6,117,98,25,110,81,52,182,28,162,78,60,79,185,148,167,61,41,36,46,131,59,133,96,157,138,178,164,173,66,126,198,159,140,118,109,29,154,156,106,19,108,146,43,128,85,152,111,83,181,82,192,139,33,13,172,195,40,37,15,35,88,145,189,194,31,171,116,57,0,113,196,89,5,141,119,74,183,63,51,188,147,65,102,115,14,45,55,155,184,161,80,114,177,169,191,11,104,180,163,170,95,137,90,125,149,32,68,97,100,7,175,179,27,150,136,144,70,168,17,103,105,142,190,72,186,176,42,47,132,166,123,44];False
2498;8272;10770;[4,67,193,48,10,1,91,129,191,84,122,73,174,135,21,99,16,77,112,71,56,18,62,120,24,197,26,9,143,20,3,2,121,160,92,49,130,22,38,34,124,94,75,12,165,153,187,127,39,107,87,76,50,53,93,23,30,134,58,86,69,64,101,151,54,158,199,6,117,98,25,110,81,52,182,28,162,78,60,79,185,148,167,61,41,36,46,131,59,133,96,157,138,178,164,173,66,126,198,159,140,118,109,29,154,156,106,19,108,146,43,128,85,152,111,83,181,82,192,139,33,13,172,195,40,37,15,35,88,145,189,194,31,171,116,57,0,113,196,89,5,141,119,74,183,63,51,72,147,65,102,115,14,45,55,155,184,161,80,114,177,169,8,11,104,180,163,170,95,137,90,125,149,32,68,97,100,7,175,179,27,150,136,144,70,168,17,103,105,142,190,188,186,176,42,47,132,166,123,44];False
2460;8309;10769;[4,67,193,48,10,1,91,129,8,84,122,73,174,135,21,99,16,77,112,71,56,18,62,120,24,197,26,9,143,20,3,2,121,160,92,49,130,22,38,34,124,94,75,12,165,153,187,127,39,107,87,76,50,53,93,23,30,134,58,86,69,64,40,151,54,158,199,6,117,98,25,110,81,52,182,28,162,78,60,79,185,148,167,61,41,36,46,131,59,133,96,157,138,178,164,173,66,126,198,159,140,118,109,29,154,156,106,19,108,146,43,128,85,152,111,83,181,82,192,139,33,13,172,195,101,37,15,35,88,145,189,194,31,171,116,57,0,113,196,89,5,141,119,74,183,63,51,72,147,65,102,115,14,45,55,155,184,161,80,114,177,169,191,11,104,180,163,170,95,137,90,125,149,32,68,97,100,7,175,179,27,150,136,144,70,168,17,103,105,142,190,188,186,176,42,47,132,166,123,44];False
2416;8353;10769;[4,67,193,48,10,1,91,129,8,84,122,100,174,135,21,99,16,77,112,71,56,18,62,120,24,197,26,9,143,20,3,2,121,160,92,49,130,22,38,34,124,94,75,12,165,153,187,127,39,107,87,76,50,53,93,23,30,134,58,86,69,64,101,151,54,158,199,6,117,98,25,110,81,52,182,28,162,78,60,79,185,148,167,61,41,36,46,131,59,133,96,157,138,178,164,173,66,126,198,159,140,118,109,29,154,156,106,19,108,146,43,128,85,152,111,83,181,82,192,139,33,13,172,195,40,37,15,35,88,145,189,194,31,171,116,57,0,113,196,89,5,141,119,74,183,63,51,72,147,65,102,115,14,45,55,155,184,161,80,114,177,169,191,11,104,180,163,170,95,137,90,125,149,32,68,97,73,7,175,179,27,150,136,144,70,168,17,103,105,142,190,188,186,176,42,47,132,166,123,44];False
2518;8251;10769;[4,67,193,48,10,1,91,129,8,84,122,73,174,135,21,99,16,77,112,71,56,18,62,120,24,197,26,9,143,20,3,2,121,160,92,49,130,22,38,34,124,94,75,12,165,153,187,127,39,107,87,76,50,53,93,23,30,134,58,86,69,64,101,151,54,158,199,6,117,98,25,110,81,52,182,28,162,78,60,79,185,148,167,61,41,36,46,131,59,133,96,157,138,178,164,173,66,126,198,159,140,118,109,29,154,156,106,19,108,146,43,128,85,152,111,83,181,82,192,139,33,13,172,195,40,37,15,35,88,145,189,194,31,171,116,57,0,113,196,89,5,141,119,74,183,63,51,72,147,65,102,115,161,45,55,155,184,14,80,114,177,169,191,11,104,180,163,170,95,137,90,125,149,32,68,97,100,7,175,179,27,150,136,144,70,168,17,103,105,142,190,188,186,176,42,47,132,166,123,44];False
2522;8247;10769;[4,67,193,48,10,1,91,129,8,84,122,73,174,135,21,99,16,77,112,71,56,18,62,120,24,197,26,9,143,20,3,2,121,160,92,49,130,22,38,34,124,94,75,12,165,153,187,127,39,107,87,76,50,53,93,23,30,134,81,86,69,64,101,151,54,158,199,6,117,98,25,110,58,52,182,28,162,78,60,79,185,148,167,61,41,36,46,131,59,133,96,157,138,178,164,173,66,126,198,159,140,118,109,29,154,156,106,19,108,146,43,128,85,152,111,83,181,82,192,139,33,13,172,195,40,37,15,35,88,145,189,194,31,171,116,57,0,113,196,89,5,141,119,74,183,63,51,72,147,65,102,115,14,45,55,155,184,161,80,114,177,169,191,11,104,180,163,170,95,137,90,125,149,32,68,97,100,7,175,179,27,150,136,144,70,168,17,103,105,142,190,188,186,176,42,47,132,166,123,44];False
2461;8308;10769;[4,67,193,48,10,1,91,129,8,84,122,73,174,135,21,99,16,77,112,71,56,18,62,120,24,197,26,9,143,20,3,2,121,160,92,49,130,22,38,34,124,94,75,12,165,153,187,127,39,107,87,76,50,132,93,23,30,134,58,86,69,64,101,151,54,158,199,6,117,98,25,110,81,52,182,28,162,78,60,79,185,148,167,61,41,36,46,131,59,133,96,157,138,178,164,173,66,126,198,159,140,118,109,29,154,156,106,19,108,146,43,128,85,152,111,83,181,82,192,139,33,13,172,195,40,37,15,35,88,145,189,194,31,171,116,57,0,113,196,89,5,141,119,74,183,63,51,72,147,65,102,115,14,45,55,155,184,161,80,114,177,169,191,11,104,180,163,170,95,137,90,125,149,32,68,97,100,7,175,179,27,150,136,144,70,168,17,103,105,142,190,188,186,176,42,47,53,166,123,44];False
2512;8256;10768;[4,67,93,48,10,1,91,129,8,84,122,73,174,135,21,99,16,77,112,71,56,18,62,120,24,197,26,9,143,20,3,2,121,160,92,49,130,22,38,34,124,94,75,12,165,153,187,127,39,107,87,76,50,53,193,23,30,134,58,86,69,64,101,151,54,158,199,6,117,98,25,110,81,52,182,28,162,78,60,79,185,148,167,61,41,36,46,131,59,133,96,157,138,178,164,173,66,126,198,159,140,118,109,29,154,156,106,19,108,146,43,128,85,152,111,83,181,82,192,139,33,13,172,195,40,37,15,35,88,145,189,194,31,171,116,57,0,113,196,89,5,141,119,74,183,63,51,72,147,65,102,115,14,45,55,155,184,161,80,114,177,169,191,11,104,180,163,170,95,137,90,125,149,32,68,97,100,7,175,179,27,150,136,144,70,168,17,103,105,142,190,188,186,176,42,47,132,166,123,44];False
2450;8318;10768;[4,67,193,48,10,1,91,129,8,84,122,73,174,135,21,26,16,77,112,71,56,18,62,120,24,197,99,9,143,20,3,2,121,160,92,49,130,22,38,34,124,94,75,12,165,153,187,127,39,107,87,76,50,53,93,23,30,134,58,86,69,64,101,151,54,158,199,6,117,98,25,110,81,52,182,28,162,78,60,79,185,148,167,61,41,36,46,131,59,133,96,157,138,178,164,173,66,126,198,159,140,118,109,29,154,156,106,19,108,146,43,128,85,152,111,83,181,82,192,139,33,13,172,195,40,37,15,35,88,145,189,194,31,171,116,57,0,113,196,89,5,141,119,74,183,63,51,72,147,65,102,115,14,45,55,155,184,161,80,114,177,169,191,11,104,180,163,170,95,137,90,125,149,32,68,97,100,7,175,179,27,150,136,144,70,168,17,103,105,142,190,188,186,176,42,47,132,166,123,44];False
2467;8301;10768;[4,67,193,48,10,1,91,129,8,84,122,73,174,135,21,99,16,77,112,71,56,18,62,120,24,197,26,9,143,20,3,2,121,160,92,49,130,22,38,34,124,94,75,12,165,153,187,127,39,107,87,76,50,53,93,23,30,134,58,86,69,64,101,151,54,158,199,6,117,98,25,110,81,52,182,28,162,78,60,79,185,148,167,61,41,36,46,131,59,133,96,157,138,178,164,173,66,126,198,159,140,118,90,29,154,156,106,19,108,146,43,128,85,152,111,83,181,82,192,139,33,13,172,195,40,37,15,35,88,145,189,194,31,171,116,57,0,113,196,89,5,141,119,74,183,63,51,72,147,65,102,115,14,45,55,155,184,161,80,114,177,169,191,11,104,180,163,170,95,137,109,125,149,32,68,97,100,7,175,179,27,150,136,144,70,168,17,103,105,142,190,188,186,176,42,47,132,166,123,44];False
2501;8267;10768;[4,67,193,48,10,1,91,129,8,84,122,73,174,135,21,99,16,77,112,71,56,18,62,120,24,197,26,9,143,20,94,2,121,160,92,49,130,22,38,34,124,3,75,12,165,153,187,127,39,107,87,76,50,53,93,23,30,134,58,86,69,64,101,151,54,158,199,6,117,98,25,110,81,52,182,28,162,78,60,79,185,148,167,61,41,36,46,131,59,133,96,157,138,178,164,173,66,126,198,159,140,118,109,29,154,156,106,19,108,146,43,128,85,152,111,83,181,82,192,139,33,13,172,195,40,37,15,35,88,145,189,194,31,171,116,57,0,113,196,89,5,141,119,74,183,63,51,72,147,65,102,115,14,45,55,155,184,161,80,114,177,169,191,11,104,180,163,170,95,137,90,125,149,32,68,97,100,7,175,179,27,150,136,144,70,168,17,103,105,142,190,188,186,176,42,47,132,166,123,44];False
2489;8279;10768;[4,67,193,48,10,1,91,129,8,84,122,73,174,135,21,99,16,77,112,71,56,18,62,120,24,197,26,9,143,20,3,2,121,160,92,49,130,22,38,34,124,94,75,12,165,153,187,127,39,107,87,76,50,53,93,23,30,134,58,86,69,64,101,151,54,158,199,6,117,98,25,110,81,52,182,28,162,78,60,79,185,148,167,61,41,36,46,131,59,133,96,157,138,178,164,173,66,126,198,159,140,118,109,29,154,156,106,19,108,146,43,128,125,152,111,83,181,82,192,139,33,13,172,195,40,37,15,35,88,145,189,194,31,171,116,57,0,113,196,89,5,141,119,74,183,63,51,72,147,65,102,115,14,45,55,155,184,161,80,114,177,169,191,11,104,180,163,170,95,137,90,85,149,32,68,97,100,7,175,179,27,150,136,144,70,168,17,103,105,142,190,188,186,176,42,47,132,166,123,44];False
2472;8296;10768;[4,67,193,48,10,1,91,129,8,84,122,73,174,135,21,99,16,77,112,71,56,18,62,120,24,197,26,9,143,20,3,2,121,160,92,49,130,22,38,34,124,94,75,12,165,153,187,127,39,107,87,76,50,53,93,23,30,134,58,86,69,64,101,151,54,158,199,6,117,98,25,110,81,52,182,28,162,78,60,79,185,148,167,61,41,36,46,131,59,133,96,157,138,178,164,173,66,126,198,159,140,118,109,29,154,156,106,19,108,146,119,128,85,152,111,83,181,82,192,139,33,13,172,195,40,37,15,35,88,145,189,194,31,171,116,57,0,113,196,89,5,141,43,74,183,63,51,72,147,65,102,115,14,45,55,155,184,161,80,114,177,169,191,11,104,180,163,170,95,137,90,125,149,32,68,97,100,7,175,179,27,150,136,144,70,168,17,103,105,142,190,188,186,176,42,47,132,166,123,44];False
2479;8289;10768;[4,67,193,48,10,1,91,129,8,84,122,73,174,135,21,99,16,77,112,71,56,18,62,120,24,197,26,9,143,20,3,2,121,160,92,49,130,22,38,34,124,94,75,12,165,153,187,127,39,107,87,76,50,53,93,23,30,134,58,86,69,64,101,151,54,158,199,6,117,98,25,110,114,52,182,28,162,78,60,79,185,148,167,61,41,36,46,131,59,133,96,157,138,178,164,173,66,126,198,159,140,118,109,29,154,156,106,19,108,146,43,128,85,152,111,83,181,82,192,139,33,13,172,195,40,37,15,35,88,145,189,194,31,171,116,57,0,113,196,89,5,141,119,74,183,63,51,72,147,65,102,115,14,45,55,155,184,161,80,81,177,169,191,11,104,180,163,170,95,137,90,125,149,32,68,97,100,7,175,179,27,150,136,144,70,168,17,103,105,142,190,188,186,176,42,47,132,166,123,44];False
2478;8290;10768;[4,67,193,48,10,1,91,129,8,84,122,73,174,135,21,99,16,77,112,71,56,18,62,120,24,197,26,9,143,20,3,2,121,160,92,49,130,22,38,34,124,94,75,12,165,153,187,127,39,107,87,76,50,53,93,23,30,134,58,86,69,64,101,151,54,158,199,6,117,98,25,110,81,52,182,28,162,78,60,79,185,148,167,61,41,36,46,131,59,133,96,157,138,178,164,173,66,126,198,159,140,118,109,29,154,156,106,19,108,146,43,128,85,152,111,83,181,82,192,139,33,13,172,195,40,37,15,35,88,145,189,194,31,171,116,57,0,113,196,89,5,141,80,74,183,63,51,72,147,65,102,115,14,45,55,155,184,161,119,114,177,169,191,11,104,180,163,170,95,137,90,125,149,32,68,97,100,7,175,179,27,150,136,144,70,168,17,103,105,142,190,188,186,176,42,47,132,166,123,44];False
2475;8293;10768;[4,67,193,48,10,1,91,129,8,84,122,73,174,135,21,99,16,77,112,71,56,177,62,120,24,197,26,9,143,20,3,2,121,160,92,49,130,22,38,34,124,94,75,12,165,153,187,127,39,107,87,76,50,53,93,23,30,134,58,86,69,64,101,151,54,158,199,6,117,98,25,110,81,52,182,28,162,78,60,79,185,148,167,61,41,36,46,131,59,133,96,157,138,178,164,173,66,126,198,159,140,118,109,29,154,156,106,19,108,146,43,128,85,152,111,83,181,82,192,139,33,13,172,195,40,37,15,35,88,145,189,194,31,171,116,57,0,113,196,89,5,141,119,74,183,63,51,72,147,65,102,115,14,45,55,155,184,161,80,114,18,169,191,11,104,180,163,170,95,137,90,125,149,32,68,97,100,7,175,179,27,150,136,144,70,168,17,103,105,142,190,188,186,176,42,47,132,166,123,44];False
2486;8282;10768;[4,67,193,48,10,1,91,129,8,84,122,73,174,135,21,99,16,77,112,71,56,18,62,120,24,197,26,9,143,20,3,2,121,160,92,49,130,22,38,34,124,94,75,12,165,153,187,127,39,107,87,76,50,53,93,23,30,134,58,86,69,64,101,151,54,158,199,6,117,98,25,110,81,52,182,28,162,78,60,79,185,148,167,61,41,36,46,131,59,133,96,157,176,178,164,173,66,126,198,159,140,118,109,29,154,156,106,19,108,146,43,128,85,152,111,83,181,82,192,139,33,13,172,195,40,37,15,35,88,145,189,194,31,171,116,57,0,113,196,89,5,141,119,74,183,63,51,72,147,65,102,115,14,45,55,155,184,161,80,114,177,169,191,11,104,180,163,170,95,137,90,125,149,32,68,97,100,7,175,179,27,150,136,144,70,168,17,103,105,142,190,188,186,138,42,47,132,166,123,44];False
2473;8294;10767;[4,67,193,48,10,1,91,129,8,84,122,73,174,135,21,99,16,77,112,71,56,18,62,120,24,197,26,9,143,20,3,2,121,160,92,49,130,22,38,34,124,94,75,12,165,153,187,127,39,107,87,76,50,53,93,23,30,134,58,86,69,64,101,151,54,158,199,6,117,98,25,110,81,52,182,28,162,78,60,79,185,148,167,61,41,36,46,131,59,133,96,157,138,178,164,173,66,126,198,159,140,118,109,29,154,156,106,19,108,146,43,128,85,152,111,83,181,82,192,139,33,13,172,195,40,37,15,35,88,145,189,194,31,171,116,57,0,113,196,89,5,141,125,74,183,63,51,72,147,65,102,115,14,45,55,155,184,161,80,114,177,169,191,11,104,180,163,170,95,137,90,119,149,32,68,97,100,7,175,179,27,150,136,144,70,168,17,103,105,142,190,188,186,176,42,47,132,166,123,44];False
2448;8319;10767;[4,67,193,48,10,1,91,129,8,84,122,73,174,135,21,99,16,77,112,71,56,18,62,120,24,197,26,9,143,20,3,2,121,160,92,49,130,22,38,34,124,94,75,12,165,153,187,127,39,107,87,76,50,53,93,106,30,134,58,86,69,64,101,151,54,158,199,6,117,98,25,110,81,52,182,28,162,78,60,79,185,148,167,61,41,36,46,131,59,133,96,157,138,178,164,173,66,126,198,159,140,118,109,29,154,156,23,19,108,146,43,128,85,152,111,83,181,82,192,139,33,13,172,195,40,37,15,35,88,145,189,194,31,171,116,57,0,113,196,89,5,141,119,74,183,63,51,72,147,65,102,115,14,45,55,155,184,161,80,114,177,169,191,11,104,180,163,170,95,137,90,125,149,32,68,97,100,7,175,179,27,150,136,144,70,168,17,103,105,142,190,188,186,176,42,47,132,166,123,44];False
2432;8335;10767;[4,67,193,48,10,1,91,129,8,84,122,73,174,135,21,99,16,77,112,71,56,18,62,120,24,197,26,9,143,20,3,2,121,160,92,49,130,22,38,34,124,94,75,12,165,153,187,127,39,107,87,76,50,53,93,23,30,134,58,86,69,64,101,151,54,158,199,6,117,98,25,110,81,52,182,28,185,78,60,79,162,148,167,61,41,36,46,131,59,133,96,157,138,178,164,173,66,126,198,159,140,118,109,29,154,156,106,19,108,146,43,128,85,152,111,83,181,82,192,139,33,13,172,195,40,37,15,35,88,145,189,194,31,171,116,57,0,113,196,89,5,141,119,74,183,63,51,72,147,65,102,115,14,45,55,155,184,161,80,114,177,169,191,11,104,180,163,170,95,137,90,125,149,32,68,97,100,7,175,179,27,150,136,144,70,168,17,103,105,142,190,188,186,176,42,47,132,166,123,44];False
2500;8267;10767;[4,67,193,48,10,1,91,129,8,84,122,73,174,135,21,99,16,77,112,71,56,18,62,120,24,197,26,9,143,20,3,2,121,160,92,49,32,22,38,34,124,94,75,12,165,153,187,127,39,107,87,76,50,53,93,23,30,134,58,86,69,64,101,151,54,158,199,6,117,98,25,110,81,52,182,28,162,78,60,79,185,148,167,61,41,36,46,131,59,133,96,157,138,178,164,173,66,126,198,159,140,118,109,29,154,156,106,19,108,146,43,128,85,152,111,83,181,82,192,139,33,13,172,195,40,37,15,35,88,145,189,194,31,171,116,57,0,113,196,89,5,141,119,74,183,63,51,72,147,65,102,115,14,45,55,155,184,161,80,114,177,169,191,11,104,180,163,170,95,137,90,125,149,130,68,97,100,7,175,179,27,150,136,144,70,168,17,103,105,142,190,188,186,176,42,47,132,166,123,44];False
2495;8272;10767;[4,67,193,48,10,1,91,129,8,84,122,73,174,135,21,99,16,77,112,71,56,18,62,120,24,197,26,9,143,20,3,2,121,160,92,49,130,22,38,34,124,94,75,12,165,153,187,127,39,107,87,76,50,14,93,23,30,134,58,86,69,64,101,151,54,158,199,6,117,98,25,110,81,52,182,28,162,78,60,79,185,148,167,61,41,36,46,131,59,133,96,157,138,178,164,173,66,126,198,159,140,118,109,29,154,156,106,19,108,146,43,128,85,152,111,83,181,82,192,139,33,13,172,195,40,37,15,35,88,145,189,194,31,171,116,57,0,113,196,89,5,141,119,74,183,63,51,72,147,65,102,115,53,45,55,155,184,161,80,114,177,169,191,11,104,180,163,170,95,137,90,125,149,32,68,97,100,7,175,179,27,150,136,144,70,168,17,103,105,142,190,188,186,176,42,47,132,166,123,44];False
2504;8263;10767;[4,67,193,48,10,1,91,129,8,84,122,73,174,135,21,99,16,77,112,71,56,18,62,120,24,197,26,9,143,20,3,2,121,160,92,49,130,22,38,34,124,94,75,12,165,153,187,127,39,107,87,76,50,53,93,23,30,134,58,86,69,64,101,151,54,158,199,6,117,98,25,110,81,52,182,28,162,78,60,79,185,148,167,61,41,36,46,131,59,133,96,157,138,178,164,115,66,126,198,159,140,118,109,29,154,156,106,19,108,146,43,128,85,152,111,83,181,82,192,139,33,13,172,195,40,37,15,35,88,145,189,194,31,171,116,57,0,113,196,89,5,141,119,74,183,63,51,72,147,65,102,173,14,45,55,155,184,161,80,114,177,169,191,11,104,180,163,170,95,137,90,125,149,32,68,97,100,7,175,179,27,150,136,144,70,168,17,103,105,142,190,188,186,176,42,47,132,166,123,44];False
2399;8368;10767;[4,67,193,141,10,1,91,129,8,84,122,73,174,135,21,99,16,77,112,71,56,18,62,120,24,197,26,9,143,20,3,2,121,160,92,49,130,22,38,34,124,94,75,12,165,153,187,127,39,107,87,76,50,53,93,23,30,134,58,86,69,64,101,151,54,158,199,6,117,98,25,110,81,52,182,28,162,78,60,79,185,148,167,61,41,36,46,131,59,133,96,157,138,178,164,173,66,126,198,159,140,118,109,29,154,156,106,19,108,146,43,128,85,152,111,83,181,82,192,139,33,13,172,195,40,37,15,35,88,145,189,194,31,171,116,57,0,113,196,89,5,48,119,74,183,63,51,72,147,65,102,115,14,45,55,155,184,161,80,114,177,169,191,11,104,180,163,170,95,137,90,125,149,32,68,97,100,7,175,179,27,150,136,144,70,168,17,103,105,142,190,188,186,176,42,47,132,166,123,44];False
2460;8307;10767;[4,67,193,48,10,1,91,129,8,84,122,73,174,135,21,99,16,77,112,71,56,18,62,155,24,197,26,9,143,20,3,2,121,160,92,49,130,22,38,34,124,94,75,12,165,153,187,127,39,107,87,76,50,53,93,23,30,134,58,86,69,64,101,151,54,158,199,6,117,98,25,110,81,52,182,28,162,78,60,79,185,148,167,61,41,36,46,131,59,133,96,157,138,178,164,173,66,126,198,159,140,118,109,29,154,156,106,19,108,146,43,128,85,152,111,83,181,82,192,139,33,13,172,195,40,37,15,35,88,145,189,194,31,171,116,57,0,113,196,89,5,141,119,74,183,63,51,72,147,65,102,115,14,45,55,120,184,161,80,114,177,169,191,11,104,180,163,170,95,137,90,125,149,32,68,97,100,7,175,179,27,150,136,144,70,168,17,103,105,142,190,188,186,176,42,47,132,166,123,44];False
2414;8353;10767;[4,67,193,48,10,1,91,129,8,84,122,73,174,135,21,99,16,77,112,71,56,18,62,106,24,197,26,9,143,20,3,2,121,160,92,49,130,22,38,34,124,94,75,12,165,153,187,127,39,107,87,76,50,53,93,23,30,134,58,86,69,64,101,151,54,158,199,6,117,98,25,110,81,52,182,28,162,78,60,79,185,148,167,61,41,36,46,131,59,133,96,157,138,178,164,173,66,126,198,159,140,118,109,29,154,156,120,19,108,146,43,128,85,152,111,83,181,82,192,139,33,13,172,195,40,37,15,35,88,145,189,194,31,171,116,57,0,113,196,89,5,141,119,74,183,63,51,72,147,65,102,115,14,45,55,155,184,161,80,114,177,169,191,11,104,180,163,170,95,137,90,125,149,32,68,97,100,7,175,179,27,150,136,144,70,168,17,103,105,142,190,188,186,176,42,47,132,166,123,44];False
2506;8260;10766;[4,25,193,48,10,1,91,129,8,84,122,73,174,135,21,99,16,77,112,71,56,18,62,120,24,197,26,9,143,20,3,2,121,160,92,49,130,22,38,34,124,94,75,12,165,153,187,127,39,107,87,76,50,53,93,23,30,134,58,86,69,64,101,151,54,158,199,6,117,98,67,110,81,52,182,28,162,78,60,79,185,148,167,61,41,36,46,131,59,133,96,157,138,178,164,173,66,126,198,159,140,118,109,29,154,156,106,19,108,146,43,128,85,152,111,83,181,82,192,139,33,13,172,195,40,37,15,35,88,145,189,194,31,171,116,57,0,113,196,89,5,141,119,74,183,63,51,72,147,65,102,115,14,45,55,155,184,161,80,114,177,169,191,11,104,180,163,170,95,137,90,125,149,32,68,97,100,7,175,179,27,150,136,144,70,168,17,103,105,142,190,188,186,176,42,47,132,166,123,44];False
2504;8262;10766;[4,67,193,48,10,1,91,129,8,84,122,73,174,135,21,99,16,77,112,71,56,18,62,120,24,197,26,9,143,20,3,2,121,160,92,49,130,22,38,34,124,94,75,12,165,153,187,127,39,107,87,76,57,53,93,23,30,134,58,86,69,64,101,151,54,158,199,6,117,98,25,110,81,52,182,28,162,78,60,79,185,148,167,61,41,36,46,131,59,133,96,157,138,178,164,173,66,126,198,159,140,118,109,29,154,156,106,19,108,146,43,128,85,152,111,83,181,82,192,139,33,13,172,195,40,37,15,35,88,145,189,194,31,171,116,50,0,113,196,89,5,141,119,74,183,63,51,72,147,65,102,115,14,45,55,155,184,161,80,114,177,169,191,11,104,180,163,170,95,137,90,125,149,32,68,97,100,7,175,179,27,150,136,144,70,168,17,103,105,142,190,188,186,176,42,47,132,166,123,44];False
2486;8280;10766;[4,67,193,48,10,1,91,129,8,84,122,73,174,135,21,99,16,77,112,71,56,18,62,120,24,197,26,9,143,20,3,2,121,160,92,49,130,22,38,34,124,94,75,12,165,153,187,127,39,107,87,76,50,53,93,23,30,134,58,86,69,64,101,151,54,158,199,6,117,98,25,110,81,52,182,28,162,78,60,79,185,148,167,61,41,36,46,131,59,133,96,157,138,178,164,173,66,126,198,159,140,118,109,29,154,156,106,19,108,146,43,128,85,152,111,83,181,82,192,139,33,13,172,195,40,37,15,35,88,145,189,194,31,171,116,57,0,113,196,89,5,141,150,74,183,63,51,72,147,65,102,115,14,45,55,155,184,161,80,114,177,169,191,11,104,180,163,170,95,137,90,125,149,32,68,97,100,7,175,179,27,119,136,144,70,168,17,103,105,142,190,188,186,176,42,47,132,166,123,44];False
2490;8276;10766;[4,67,193,48,10,1,91,129,8,84,122,73,174,135,21,99,16,77,112,71,56,18,62,120,24,197,26,9,57,20,3,2,121,160,92,49,130,22,38,34,124,94,75,12,165,153,187,127,39,107,87,76,50,53,93,23,30,134,58,86,69,64,101,151,54,158,199,6,117,98,25,110,81,52,182,28,162,78,60,79,185,148,167,61,41,36,46,131,59,133,96,157,138,178,164,173,66,126,198,159,140,118,109,29,154,156,106,19,108,146,43,128,85,152,111,83,181,82,192,139,33,13,172,195,40,37,15,35,88,145,189,194,31,171,116,143,0,113,196,89,5,141,119,74,183,63,51,72,147,65,102,115,14,45,55,155,184,161,80,114,177,169,191,11,104,180,163,170,95,137,90,125,149,32,68,97,100,7,175,179,27,150,136,144,70,168,17,103,105,142,190,188,186,176,42,47,132,166,123,44];False
2427;8339;10766;[4,67,193,177,10,1,91,129,8,84,122,73,174,135,21,99,16,77,112,71,56,18,62,120,24,197,26,9,143,20,3,2,121,160,92,49,130,22,38,34,124,94,75,12,165,153,187,127,39,107,87,76,50,53,93,23,30,134,58,86,69,64,101,151,54,158,199,6,117,98,25,110,81,52,182,28,162,78,60,79,185,148,167,61,41,36,46,131,59,133,96,157,138,178,164,173,66,126,198,159,140,118,109,29,154,156,106,19,108,146,43,128,85,152,111,83,181,82,192,139,33,13,172,195,40,37,15,35,88,145,189,194,31,171,116,57,0,113,196,89,5,141,119,74,183,63,51,72,147,65,102,115,14,45,55,155,184,161,80,114,48,169,191,11,104,180,163,170,95,137,90,125,149,32,68,97,100,7,175,179,27,150,136,144,70,168,17,103,105,142,190,188,186,176,42,47,132,166,123,44];False
2508;8257;10765;[4,67,193,48,10,1,91,129,8,84,122,73,174,135,21,99,16,77,112,71,56,18,62,120,24,197,26,9,143,20,3,2,121,160,92,49,130,22,38,34,124,94,75,12,165,153,187,127,39,107,87,76,50,53,93,23,30,134,58,86,69,64,101,151,54,158,199,6,117,98,25,110,81,52,182,28,162,78,60,79,185,148,167,61,41,36,46,131,59,133,96,157,138,178,164,173,66,82,198,159,140,118,109,29,154,156,106,19,108,146,43,128,85,152,111,83,181,126,192,139,33,13,172,195,40,37,15,35,88,145,189,194,31,171,116,57,0,113,196,89,5,141,119,74,183,63,51,72,147,65,102,115,14,45,55,155,184,161,80,114,177,169,191,11,104,180,163,170,95,137,90,125,149,32,68,97,100,7,175,179,27,150,136,144,70,168,17,103,105,142,190,188,186,176,42,47,132,166,123,44];False
2461;8304;10765;[4,67,193,48,10,1,91,129,8,84,122,73,174,135,21,99,16,77,112,131,56,18,62,120,24,197,26,9,143,20,3,2,121,160,92,49,130,22,38,34,124,94,75,12,165,153,187,127,39,107,87,76,50,53,93,23,30,134,58,86,69,64,101,151,54,158,199,6,117,98,25,110,81,52,182,28,162,78,60,79,185,148,167,61,41,36,46,71,59,133,96,157,138,178,164,173,66,126,198,159,140,118,109,29,154,156,106,19,108,146,43,128,85,152,111,83,181,82,192,139,33,13,172,195,40,37,15,35,88,145,189,194,31,171,116,57,0,113,196,89,5,141,119,74,183,63,51,72,147,65,102,115,14,45,55,155,184,161,80,114,177,169,191,11,104,180,163,170,95,137,90,125,149,32,68,97,100,7,175,179,27,150,136,144,70,168,17,103,105,142,190,188,186,176,42,47,132,166,123,44];False
2460;8305;10765;[4,67,193,48,10,1,91,129,8,84,122,73,174,135,21,99,16,77,112,71,56,18,62,120,24,197,26,9,143,20,3,2,121,160,92,49,130,22,38,34,124,94,75,12,165,153,187,127,39,107,87,76,50,53,93,23,30,134,58,86,69,64,101,151,54,158,199,6,117,98,25,110,81,52,182,28,162,78,60,79,185,148,167,61,41,36,46,131,59,133,96,157,138,178,164,173,66,126,198,159,140,118,109,29,154,156,171,19,108,146,43,128,85,152,111,83,181,82,192,139,33,13,172,195,40,37,15,35,88,145,189,194,31,106,116,57,0,113,196,89,5,141,119,74,183,63,51,72,147,65,102,115,14,45,55,155,184,161,80,114,177,169,191,11,104,180,163,170,95,137,90,125,149,32,68,97,100,7,175,179,27,150,136,144,70,168,17,103,105,142,190,188,186,176,42,47,132,166,123,44];False
2445;8320;10765;[4,67,193,48,10,1,91,129,8,84,122,73,174,135,21,99,16,77,112,71,56,18,62,120,24,197,26,9,143,20,3,2,121,160,92,49,130,22,38,34,124,94,75,12,165,153,187,127,39,107,87,76,50,53,93,23,30,134,58,86,69,64,101,151,54,158,199,6,117,98,25,110,81,198,182,28,162,78,60,79,185,148,167,61,41,36,46,131,59,133,96,157,138,178,164,173,66,126,52,159,140,118,109,29,154,156,106,19,108,146,43,128,85,152,111,83,181,82,192,139,33,13,172,195,40,37,15,35,88,145,189,194,31,171,116,57,0,113,196,89,5,141,119,74,183,63,51,72,147,65,102,115,14,45,55,155,184,161,80,114,177,169,191,11,104,180,163,170,95,137,90,125,149,32,68,97,100,7,175,179,27,150,136,144,70,168,17,103,105,142,190,188,186,176,42,47,132,166,123,44];False
2464;8301;10765;[4,67,193,48,10,1,91,129,47,84,122,73,174,135,21,99,16,77,112,71,56,18,62,120,24,197,26,9,143,20,3,2,121,160,92,49,130,22,38,34,124,94,75,12,165,153,187,127,39,107,87,76,50,53,93,23,30,134,58,86,69,64,101,151,54,158,199,6,117,98,25,110,81,52,182,28,162,78,60,79,185,148,167,61,41,36,46,131,59,133,96,157,138,178,164,173,66,126,198,159,140,118,109,29,154,156,106,19,108,146,43,128,85,152,111,83,181,82,192,139,33,13,172,195,40,37,15,35,88,145,189,194,31,171,116,57,0,113,196,89,5,141,119,74,183,63,51,72,147,65,102,115,14,45,55,155,184,161,80,114,177,169,191,11,104,180,163,170,95,137,90,125,149,32,68,97,100,7,175,179,27,150,136,144,70,168,17,103,105,142,190,188,186,176,42,8,132,166,123,44];False
2485;8280;10765;[4,67,193,48,10,1,91,129,8,84,122,73,174,135,21,99,16,77,112,71,56,113,62,120,24,197,26,9,143,20,3,2,121,160,92,49,130,22,38,34,124,94,75,12,165,153,187,127,39,107,87,76,50,53,93,23,30,134,58,86,69,64,101,151,54,158,199,6,117,98,25,110,81,52,182,28,162,78,60,79,185,148,167,61,41,36,46,131,59,133,96,157,138,178,164,173,66,126,198,159,140,118,109,29,154,156,106,19,108,146,43,128,85,152,111,83,181,82,192,139,33,13,172,195,40,37,15,35,88,145,189,194,31,171,116,57,0,18,196,89,5,141,119,74,183,63,51,72,147,65,102,115,14,45,55,155,184,161,80,114,177,169,191,11,104,180,163,170,95,137,90,125,149,32,68,97,100,7,175,179,27,150,136,144,70,168,17,103,105,142,190,188,186,176,42,47,132,166,123,44];False
2482;8283;10765;[4,67,193,48,10,1,91,129,8,84,122,73,174,135,21,99,16,77,112,71,56,18,62,120,24,197,26,9,143,20,3,2,121,160,92,49,130,22,38,34,124,94,75,12,165,153,187,127,39,107,87,76,50,53,93,23,30,134,58,86,69,64,101,151,54,158,199,6,117,98,25,110,81,52,182,28,162,78,60,79,185,148,167,61,41,36,46,131,59,133,96,157,138,178,164,173,66,126,198,159,140,118,171,29,154,156,106,19,108,146,43,128,85,152,111,83,181,82,192,139,33,13,172,195,40,37,15,35,88,145,189,194,31,109,116,57,0,113,196,89,5,141,119,74,183,63,51,72,147,65,102,115,14,45,55,155,184,161,80,114,177,169,191,11,104,180,163,170,95,137,90,125,149,32,68,97,100,7,175,179,27,150,136,144,70,168,17,103,105,142,190,188,186,176,42,47,132,166,123,44];False
2499;8266;10765;[4,67,193,48,10,1,91,129,8,84,122,73,174,135,21,99,16,77,112,71,56,18,62,120,24,197,26,9,70,20,3,2,121,160,92,49,130,22,38,34,124,94,75,12,165,153,187,127,39,107,87,76,50,53,93,23,30,134,58,86,69,64,101,151,54,158,199,6,117,98,25,110,81,52,182,28,162,78,60,79,185,148,167,61,41,36,46,131,59,133,96,157,138,178,164,173,66,126,198,159,140,118,109,29,154,156,106,19,108,146,43,128,85,152,111,83,181,82,192,139,33,13,172,195,40,37,15,35,88,145,189,194,31,171,116,57,0,113,196,89,5,141,119,74,183,63,51,72,147,65,102,115,14,45,55,155,184,161,80,114,177,169,191,11,104,180,163,170,95,137,90,125,149,32,68,97,100,7,175,179,27,150,136,144,143,168,17,103,105,142,190,188,186,176,42,47,132,166,123,44];False
2463;8302;10765;[4,67,193,48,10,1,91,129,8,84,122,73,174,135,21,99,16,77,112,71,56,18,62,120,24,197,26,9,143,20,3,2,121,160,92,49,130,22,38,34,124,94,75,12,165,153,187,127,39,107,87,76,50,53,93,23,30,134,58,86,69,64,101,151,54,158,199,6,117,98,25,110,81,52,182,28,162,78,60,79,185,148,167,61,41,36,46,131,59,133,96,157,138,178,164,173,66,126,198,159,140,118,109,29,154,156,106,19,108,146,43,128,85,152,111,83,181,82,192,139,33,13,172,195,40,37,15,35,88,145,189,194,31,171,116,57,0,113,196,89,190,141,119,74,183,63,51,72,147,65,102,115,14,45,55,155,184,161,80,114,177,169,191,11,104,180,163,170,95,137,90,125,149,32,68,97,100,7,175,179,27,150,136,144,70,168,17,103,105,142,5,188,186,176,42,47,132,166,123,44];False
2463;8301;10764;[4,67,193,48,10,1,91,129,8,84,122,73,174,135,21,99,16,77,112,71,56,18,62,120,24,197,26,9,143,20,3,2,121,160,92,49,130,22,38,34,124,94,75,12,165,153,187,127,39,107,87,76,50,53,93,23,30,134,58,86,69,64,101,151,54,158,199,6,117,98,25,110,81,52,182,28,162,78,60,79,185,148,167,61,41,36,46,131,59,133,96,157,138,178,164,173,66,126,198,159,80,118,109,29,154,156,106,19,108,146,43,128,85,152,111,83,181,82,192,139,33,13,172,195,40,37,15,35,88,145,189,194,31,171,116,57,0,113,196,89,5,141,119,74,183,63,51,72,147,65,102,115,14,45,55,155,184,161,140,114,177,169,191,11,104,180,163,170,95,137,90,125,149,32,68,97,100,7,175,179,27,150,136,144,70,168,17,103,105,142,190,188,186,176,42,47,132,166,123,44];False
2473;8291;10764;[4,67,193,48,10,30,91,129,8,84,122,73,174,135,21,99,16,77,112,71,56,18,62,120,24,197,26,9,143,20,3,2,121,160,92,49,130,22,38,34,124,94,75,12,165,153,187,127,39,107,87,76,50,53,93,23,1,134,58,86,69,64,101,151,54,158,199,6,117,98,25,110,81,52,182,28,162,78,60,79,185,148,167,61,41,36,46,131,59,133,96,157,138,178,164,173,66,126,198,159,140,118,109,29,154,156,106,19,108,146,43,128,85,152,111,83,181,82,192,139,33,13,172,195,40,37,15,35,88,145,189,194,31,171,116,57,0,113,196,89,5,141,119,74,183,63,51,72,147,65,102,115,14,45,55,155,184,161,80,114,177,169,191,11,104,180,163,170,95,137,90,125,149,32,68,97,100,7,175,179,27,150,136,144,70,168,17,103,105,142,190,188,186,176,42,47,132,166,123,44];False
2501;8263;10764;[4,67,193,48,10,1,91,129,8,84,122,73,174,135,21,99,16,77,112,71,56,18,62,120,24,197,26,9,143,20,3,2,121,160,92,49,130,22,38,34,124,94,75,12,165,153,187,127,39,107,87,76,50,53,93,23,30,134,58,86,69,64,101,151,54,158,199,6,117,98,25,110,81,52,182,28,162,78,60,79,185,148,167,61,41,36,46,131,59,133,96,157,138,178,164,173,66,126,198,159,140,118,109,29,154,156,106,19,108,146,43,128,85,152,111,83,181,82,192,139,33,13,172,195,40,37,15,35,88,145,189,194,31,171,116,57,0,113,196,89,5,141,119,74,183,63,51,72,147,65,102,115,14,45,55,155,184,161,80,114,177,169,191,11,104,180,163,170,95,137,90,125,149,144,68,97,100,7,175,179,27,150,136,32,70,168,17,103,105,142,190,188,186,176,42,47,132,166,123,44];False
2397;8367;10764;[4,67,193,48,10,1,91,129,8,84,122,73,174,135,21,7,16,77,112,71,56,18,62,120,24,197,26,9,143,20,3,2,121,160,92,49,130,22,38,34,124,94,75,12,165,153,187,127,39,107,87,76,50,53,93,23,30,134,58,86,69,64,101,151,54,158,199,6,117,98,25,110,81,52,182,28,162,78,60,79,185,148,167,61,41,36,46,131,59,133,96,157,138,178,164,173,66,126,198,159,140,118,109,29,154,156,106,19,108,146,43,128,85,152,111,83,181,82,192,139,33,13,172,195,40,37,15,35,88,145,189,194,31,171,116,57,0,113,196,89,5,141,119,74,183,63,51,72,147,65,102,115,14,45,55,155,184,161,80,114,177,169,191,11,104,180,163,170,95,137,90,125,149,32,68,97,100,99,175,179,27,150,136,144,70,168,17,103,105,142,190,188,186,176,42,47,132,166,123,44];False
2455;8309;10764;[4,67,193,48,10,1,91,129,8,84,122,73,174,135,21,99,16,77,112,71,56,18,62,120,24,197,26,9,143,20,3,2,121,160,92,49,130,22,38,34,124,94,75,12,165,153,187,127,39,107,87,76,50,53,93,23,30,134,58,86,69,64,101,151,54,158,199,6,117,98,25,110,81,52,182,28,162,78,60,79,185,148,167,61,41,36,46,131,59,133,33,157,138,178,164,173,66,126,198,159,140,118,109,29,154,156,106,19,108,146,43,128,85,152,111,83,181,82,192,139,96,13,172,195,40,37,15,35,88,145,189,194,31,171,116,57,0,113,196,89,5,141,119,74,183,63,51,72,147,65,102,115,14,45,55,155,184,161,80,114,177,169,191,11,104,180,163,170,95,137,90,125,149,32,68,97,100,7,175,179,27,150,136,144,70,168,17,103,105,142,190,188,186,176,42,47,132,166,123,44];False
2495;8269;10764;[4,67,193,48,10,1,91,129,8,84,122,73,174,135,21,99,16,77,112,71,56,18,62,120,24,197,26,9,143,20,3,2,121,160,92,49,130,22,38,34,124,94,75,12,165,153,187,127,39,107,87,76,50,53,93,23,30,134,58,86,178,64,101,151,54,158,199,6,117,98,25,110,81,52,182,28,162,78,60,79,185,148,167,61,41,36,46,131,59,133,96,157,138,69,164,173,66,126,198,159,140,118,109,29,154,156,106,19,108,146,43,128,85,152,111,83,181,82,192,139,33,13,172,195,40,37,15,35,88,145,189,194,31,171,116,57,0,113,196,89,5,141,119,74,183,63,51,72,147,65,102,115,14,45,55,155,184,161,80,114,177,169,191,11,104,180,163,170,95,137,90,125,149,32,68,97,100,7,175,179,27,150,136,144,70,168,17,103,105,142,190,188,186,176,42,47,132,166,123,44];False
2491;8272;10763;[4,67,193,48,10,1,91,129,8,84,122,73,174,135,21,99,16,77,112,71,56,18,62,120,24,197,26,9,143,20,3,2,121,160,92,49,130,22,38,34,124,94,75,12,165,153,187,127,39,107,87,76,50,53,93,23,30,134,58,86,69,64,101,151,54,158,199,6,117,98,25,110,81,52,182,28,162,78,60,79,185,148,167,61,41,36,46,131,59,133,96,157,116,178,164,173,66,126,198,159,140,118,109,29,154,156,106,19,108,146,43,128,85,152,111,83,181,82,192,139,33,13,172,195,40,37,15,35,88,145,189,194,31,171,138,57,0,113,196,89,5,141,119,74,183,63,51,72,147,65,102,115,14,45,55,155,184,161,80,114,177,169,191,11,104,180,163,170,95,137,90,125,149,32,68,97,100,7,175,179,27,150,136,144,70,168,17,103,105,142,190,188,186,176,42,47,132,166,123,44];False
2456;8307;10763;[4,67,193,48,10,1,91,129,8,84,122,73,174,135,21,99,16,77,112,71,56,18,62,120,24,197,26,9,143,20,3,2,121,160,92,49,130,22,38,34,124,94,75,12,165,153,187,127,39,107,87,76,50,53,93,23,30,134,58,86,69,64,101,151,54,158,199,6,117,98,25,154,81,52,182,28,162,78,60,79,185,148,167,61,41,36,46,131,59,133,96,157,138,178,164,173,66,126,198,159,140,118,109,29,110,156,106,19,108,146,43,128,85,152,111,83,181,82,192,139,33,13,172,195,40,37,15,35,88,145,189,194,31,171,116,57,0,113,196,89,5,141,119,74,183,63,51,72,147,65,102,115,14,45,55,155,184,161,80,114,177,169,191,11,104,180,163,170,95,137,90,125,149,32,68,97,100,7,175,179,27,150,136,144,70,168,17,103,105,142,190,188,186,176,42,47,132,166,123,44];False
2427;8336;10763;[4,67,193,48,10,1,91,129,8,84,122,73,174,135,21,99,16,77,112,71,56,18,62,120,24,197,26,9,143,20,3,2,121,160,92,49,130,22,38,34,124,94,75,12,165,153,187,127,39,107,87,76,50,53,93,23,30,134,58,86,69,64,101,151,54,158,199,6,117,98,25,110,81,52,182,28,162,78,60,79,185,148,167,61,41,36,46,131,59,133,96,157,138,178,164,173,66,126,198,159,140,118,109,29,154,156,106,19,108,146,43,128,85,152,111,83,181,82,179,139,33,13,172,195,40,37,15,35,88,145,189,194,31,171,116,57,0,113,196,89,5,141,119,74,183,63,51,72,147,65,102,115,14,45,55,155,184,161,80,114,177,169,191,11,104,180,163,170,95,137,90,125,149,32,68,97,100,7,175,192,27,150,136,144,70,168,17,103,105,142,190,188,186,176,42,47,132,166,123,44];False
2495;8268;10763;[4,67,193,48,10,1,91,129,8,84,122,73,174,135,21,99,16,77,112,71,56,18,62,120,24,197,26,9,143,20,3,2,121,160,92,49,130,22,38,34,124,94,75,12,165,153,187,127,39,107,87,76,50,53,93,36,30,134,58,86,69,64,101,151,54,158,199,6,117,98,25,110,81,52,182,28,162,78,60,79,185,148,167,61,41,23,46,131,59,133,96,157,138,178,164,173,66,126,198,159,140,118,109,29,154,156,106,19,108,146,43,128,85,152,111,83,181,82,192,139,33,13,172,195,40,37,15,35,88,145,189,194,31,171,116,57,0,113,196,89,5,141,119,74,183,63,51,72,147,65,102,115,14,45,55,155,184,161,80,114,177,169,191,11,104,180,163,170,95,137,90,125,149,32,68,97,100,7,175,179,27,150,136,144,70,168,17,103,105,142,190,188,186,176,42,47,132,166,123,44];False
2503;8260;10763;[4,67,193,48,10,1,91,129,8,84,122,73,174,135,21,99,16,77,112,71,56,18,62,120,24,197,26,9,143,20,3,2,121,160,92,49,130,22,38,34,124,94,75,12,165,153,187,127,39,107,87,76,50,53,93,23,30,134,58,86,69,64,101,151,54,158,199,6,117,98,25,110,81,52,182,28,162,78,60,79,185,148,167,61,41,36,46,131,179,133,96,157,138,178,164,173,66,126,198,159,140,118,109,29,154,156,106,19,108,146,43,128,85,152,111,83,181,82,192,139,33,13,172,195,40,37,15,35,88,145,189,194,31,171,116,57,0,113,196,89,5,141,119,74,183,63,51,72,147,65,102,115,14,45,55,155,184,161,80,114,177,169,191,11,104,180,163,170,95,137,90,125,149,32,68,97,100,7,175,59,27,150,136,144,70,168,17,103,105,142,190,188,186,176,42,47,132,166,123,44];False
2468;8294;10762;[4,67,193,48,10,1,91,129,8,84,122,73,174,135,21,99,16,77,112,71,56,18,62,120,24,197,26,9,143,20,3,2,121,160,92,49,130,22,38,34,124,165,75,12,94,153,187,127,39,107,87,76,50,53,93,23,30,134,58,86,69,64,101,151,54,158,199,6,117,98,25,110,81,52,182,28,162,78,60,79,185,148,167,61,41,36,46,131,59,133,96,157,138,178,164,173,66,126,198,159,140,118,109,29,154,156,106,19,108,146,43,128,85,152,111,83,181,82,192,139,33,13,172,195,40,37,15,35,88,145,189,194,31,171,116,57,0,113,196,89,5,141,119,74,183,63,51,72,147,65,102,115,14,45,55,155,184,161,80,114,177,169,191,11,104,180,163,170,95,137,90,125,149,32,68,97,100,7,175,179,27,150,136,144,70,168,17,103,105,142,190,188,186,176,42,47,132,166,123,44];False
2507;8255;10762;[4,67,193,48,10,1,91,129,8,84,122,73,174,135,21,99,16,77,112,71,56,18,62,120,24,197,26,9,143,20,3,2,121,160,92,49,130,22,38,34,124,94,75,12,165,153,187,127,39,107,87,76,50,53,93,23,30,134,58,86,69,64,101,151,54,158,199,6,117,98,25,110,81,52,182,28,162,78,60,79,185,148,167,61,41,36,46,131,59,133,96,157,138,178,164,173,66,126,198,159,140,118,109,29,154,156,106,19,108,146,43,128,85,152,111,83,181,82,192,139,33,13,172,195,40,37,15,35,88,145,189,194,31,171,116,57,0,113,196,125,5,141,119,74,183,63,51,72,147,65,102,115,14,45,55,155,184,161,80,114,177,169,191,11,104,180,163,170,95,137,90,89,149,32,68,97,100,7,175,179,27,150,136,144,70,168,17,103,105,142,190,188,186,176,42,47,132,166,123,44];False
2387;8374;10761;[4,67,193,48,10,1,91,129,8,84,122,73,174,135,21,99,16,77,112,71,56,18,62,120,24,197,26,9,143,20,3,2,121,160,92,49,130,22,38,34,124,94,75,12,165,153,187,127,39,107,87,76,50,53,93,23,30,134,58,86,69,64,101,151,54,158,199,6,117,98,25,110,81,52,182,28,162,78,60,79,185,148,167,61,41,36,46,131,59,133,96,157,138,178,164,173,66,126,198,159,140,118,109,29,154,156,106,19,108,146,43,128,85,152,111,83,181,82,192,139,33,13,172,195,40,37,15,35,88,145,189,194,31,171,116,57,0,113,196,89,63,141,119,74,183,5,51,72,147,65,102,115,14,45,55,155,184,161,80,114,177,169,191,11,104,180,163,170,95,137,90,125,149,32,68,97,100,7,175,179,27,150,136,144,70,168,17,103,105,142,190,188,186,176,42,47,132,166,123,44];False
2525;8236;10761;[4,67,193,48,10,1,91,129,8,84,122,73,174,135,21,99,16,77,112,71,56,18,62,120,24,197,26,9,143,20,3,2,121,160,92,49,130,22,38,34,124,94,75,12,189,153,187,127,39,107,87,76,50,53,93,23,30,134,58,86,69,64,101,151,54,158,199,6,117,98,25,110,81,52,182,28,162,78,60,79,185,148,167,61,41,36,46,131,59,133,96,157,138,178,164,173,66,126,198,159,140,118,109,29,154,156,106,19,108,146,43,128,85,152,111,83,181,82,192,139,33,13,172,195,40,37,15,35,88,145,165,194,31,171,116,57,0,113,196,89,5,141,119,74,183,63,51,72,147,65,102,115,14,45,55,155,184,161,80,114,177,169,191,11,104,180,163,170,95,137,90,125,149,32,68,97,100,7,175,179,27,150,136,144,70,168,17,103,105,142,190,188,186,176,42,47,132,166,123,44];False
2456;8305;10761;[4,67,193,58,10,1,91,129,8,84,122,73,174,135,21,99,16,77,112,71,56,18,62,120,24,197,26,9,143,20,3,2,121,160,92,49,130,22,38,34,124,94,75,12,165,153,187,127,39,107,87,76,50,53,93,23,30,134,48,86,69,64,101,151,54,158,199,6,117,98,25,110,81,52,182,28,162,78,60,79,185,148,167,61,41,36,46,131,59,133,96,157,138,178,164,173,66,126,198,159,140,118,109,29,154,156,106,19,108,146,43,128,85,152,111,83,181,82,192,139,33,13,172,195,40,37,15,35,88,145,189,194,31,171,116,57,0,113,196,89,5,141,119,74,183,63,51,72,147,65,102,115,14,45,55,155,184,161,80,114,177,169,191,11,104,180,163,170,95,137,90,125,149,32,68,97,100,7,175,179,27,150,136,144,70,168,17,103,105,142,190,188,186,176,42,47,132,166,123,44];False
2513;8248;10761;[4,67,193,48,10,1,91,129,8,84,122,73,174,135,21,99,16,77,112,71,56,18,62,120,24,197,26,9,143,20,3,2,121,160,92,49,130,22,38,34,124,94,75,12,165,153,187,127,39,107,87,76,50,53,93,23,30,134,58,86,69,64,101,151,54,158,199,6,117,98,25,110,81,52,182,28,162,78,60,79,185,148,167,61,41,36,46,131,59,133,96,157,138,178,164,173,66,126,198,159,140,118,109,29,154,156,106,19,108,146,43,128,85,152,111,83,181,82,192,139,33,13,172,195,40,37,15,35,88,145,189,194,183,171,116,57,0,113,196,89,5,141,119,74,31,63,51,72,147,65,102,115,14,45,55,155,184,161,80,114,177,169,191,11,104,180,163,170,95,137,90,125,149,32,68,97,100,7,175,179,27,150,136,144,70,168,17,103,105,142,190,188,186,176,42,47,132,166,123,44];False
2482;8279;10761;[4,67,193,48,10,1,91,129,8,84,122,73,174,135,21,99,16,77,112,71,56,18,62,120,24,197,26,9,143,20,3,2,121,160,92,49,130,22,38,34,124,94,75,12,165,153,187,127,39,107,87,76,50,53,93,23,30,134,58,86,69,64,101,151,54,158,199,6,117,98,25,110,81,52,182,28,162,78,60,79,185,148,167,61,41,36,46,131,59,133,96,157,57,178,164,173,66,126,198,159,140,118,109,29,154,156,106,19,108,146,43,128,85,152,111,83,181,82,192,139,33,13,172,195,40,37,15,35,88,145,189,194,31,171,116,138,0,113,196,89,5,141,119,74,183,63,51,72,147,65,102,115,14,45,55,155,184,161,80,114,177,169,191,11,104,180,163,170,95,137,90,125,149,32,68,97,100,7,175,179,27,150,136,144,70,168,17,103,105,142,190,188,186,176,42,47,132,166,123,44];False
2470;8291;10761;[4,67,193,48,10,1,91,129,8,84,122,73,174,135,21,99,139,77,112,71,56,18,62,120,24,197,26,9,143,20,3,2,121,160,92,49,130,22,38,34,124,94,75,12,165,153,187,127,39,107,87,76,50,53,93,23,30,134,58,86,69,64,101,151,54,158,199,6,117,98,25,110,81,52,182,28,162,78,60,79,185,148,167,61,41,36,46,131,59,133,96,157,138,178,164,173,66,126,198,159,140,118,109,29,154,156,106,19,108,146,43,128,85,152,111,83,181,82,192,16,33,13,172,195,40,37,15,35,88,145,189,194,31,171,116,57,0,113,196,89,5,141,119,74,183,63,51,72,147,65,102,115,14,45,55,155,184,161,80,114,177,169,191,11,104,180,163,170,95,137,90,125,149,32,68,97,100,7,175,179,27,150,136,144,70,168,17,103,105,142,190,188,186,176,42,47,132,166,123,44];False
2502;8259;10761;[4,67,193,48,10,1,91,129,8,84,122,73,174,135,21,99,16,77,112,71,56,18,62,120,24,197,26,9,143,20,3,2,121,160,92,49,130,22,38,34,124,94,75,12,165,153,187,127,39,107,87,76,50,53,93,23,30,134,58,86,69,64,101,151,54,158,199,6,117,98,25,110,81,52,182,28,162,78,60,79,185,148,167,61,41,36,46,131,59,133,96,157,138,178,164,173,66,126,198,159,140,118,109,29,154,156,106,19,108,146,43,128,85,152,111,83,181,82,192,139,33,13,172,195,40,37,15,35,88,145,189,194,31,171,116,57,0,113,196,89,5,141,119,74,183,63,51,72,147,65,102,115,14,45,70,155,184,161,80,114,177,169,191,11,104,180,163,170,95,137,90,125,149,32,68,97,100,7,175,179,27,150,136,144,55,168,17,103,105,142,190,188,186,176,42,47,132,166,123,44];False
2432;8329;10761;[4,67,193,48,10,1,91,129,8,84,122,73,174,135,21,99,16,77,112,71,56,18,62,120,24,197,26,151,143,20,3,2,121,160,92,49,130,22,38,34,124,94,75,12,165,153,187,127,39,107,87,76,50,53,93,23,30,134,58,86,69,64,101,9,54,158,199,6,117,98,25,110,81,52,182,28,162,78,60,79,185,148,167,61,41,36,46,131,59,133,96,157,138,178,164,173,66,126,198,159,140,118,109,29,154,156,106,19,108,146,43,128,85,152,111,83,181,82,192,139,33,13,172,195,40,37,15,35,88,145,189,194,31,171,116,57,0,113,196,89,5,141,119,74,183,63,51,72,147,65,102,115,14,45,55,155,184,161,80,114,177,169,191,11,104,180,163,170,95,137,90,125,149,32,68,97,100,7,175,179,27,150,136,144,70,168,17,103,105,142,190,188,186,176,42,47,132,166,123,44];False
2527;8234;10761;[4,67,193,48,10,1,91,129,8,84,122,73,174,135,21,99,16,77,112,71,56,18,62,120,24,197,26,9,143,20,3,2,121,160,92,49,130,22,38,34,124,94,75,12,165,153,187,127,39,107,87,76,50,53,93,23,30,134,58,86,69,64,101,151,54,158,199,6,117,98,25,110,81,52,182,28,162,78,60,79,185,148,167,61,41,36,46,131,59,133,96,157,138,105,164,173,66,126,198,159,140,118,109,29,154,156,106,19,108,146,43,128,85,152,111,83,181,82,192,139,33,13,172,195,40,37,15,35,88,145,189,194,31,171,116,57,0,113,196,89,5,141,119,74,183,63,51,72,147,65,102,115,14,45,55,155,184,161,80,114,177,169,191,11,104,180,163,170,95,137,90,125,149,32,68,97,100,7,175,179,27,150,136,144,70,168,17,103,178,142,190,188,186,176,42,47,132,166,123,44];False
2482;8279;10761;[4,67,193,48,10,144,91,129,8,84,122,73,174,135,21,99,16,77,112,71,56,18,62,120,24,197,26,9,143,20,3,2,121,160,92,49,130,22,38,34,124,94,75,12,165,153,187,127,39,107,87,76,50,53,93,23,30,134,58,86,69,64,101,151,54,158,199,6,117,98,25,110,81,52,182,28,162,78,60,79,185,148,167,61,41,36,46,131,59,133,96,157,138,178,164,173,66,126,198,159,140,118,109,29,154,156,106,19,108,146,43,128,85,152,111,83,181,82,192,139,33,13,172,195,40,37,15,35,88,145,189,194,31,171,116,57,0,113,196,89,5,141,119,74,183,63,51,72,147,65,102,115,14,45,55,155,184,161,80,114,177,169,191,11,104,180,163,170,95,137,90,125,149,32,68,97,100,7,175,179,27,150,136,1,70,168,17,103,105,142,190,188,186,176,42,47,132,166,123,44];False
2474;8287;10761;[4,67,193,48,10,124,91,129,8,84,122,73,174,135,21,99,16,77,112,71,56,18,62,120,24,197,26,9,143,20,3,2,121,160,92,49,130,22,38,34,1,94,75,12,165,153,187,127,39,107,87,76,50,53,93,23,30,134,58,86,69,64,101,151,54,158,199,6,117,98,25,110,81,52,182,28,162,78,60,79,185,148,167,61,41,36,46,131,59,133,96,157,138,178,164,173,66,126,198,159,140,118,109,29,154,156,106,19,108,146,43,128,85,152,111,83,181,82,192,139,33,13,172,195,40,37,15,35,88,145,189,194,31,171,116,57,0,113,196,89,5,141,119,74,183,63,51,72,147,65,102,115,14,45,55,155,184,161,80,114,177,169,191,11,104,180,163,170,95,137,90,125,149,32,68,97,100,7,175,179,27,150,136,144,70,168,17,103,105,142,190,188,186,176,42,47,132,166,123,44];False
2428;8333;10761;[4,67,193,48,10,1,91,129,8,84,122,73,174,135,21,99,27,77,112,71,56,18,62,120,24,197,26,9,143,20,3,2,121,160,92,49,130,22,38,34,124,94,75,12,165,153,187,127,39,107,87,76,50,53,93,23,30,134,58,86,69,64,101,151,54,158,199,6,117,98,25,110,81,52,182,28,162,78,60,79,185,148,167,61,41,36,46,131,59,133,96,157,138,178,164,173,66,126,198,159,140,118,109,29,154,156,106,19,108,146,43,128,85,152,111,83,181,82,192,139,33,13,172,195,40,37,15,35,88,145,189,194,31,171,116,57,0,113,196,89,5,141,119,74,183,63,51,72,147,65,102,115,14,45,55,155,184,161,80,114,177,169,191,11,104,180,163,170,95,137,90,125,149,32,68,97,100,7,175,179,16,150,136,144,70,168,17,103,105,142,190,188,186,176,42,47,132,166,123,44];False
2488;8272;10760;[4,67,193,3,10,1,91,129,8,84,122,73,174,135,21,99,16,77,112,71,56,18,62,120,24,197,26,9,143,20,48,2,121,160,92,49,130,22,38,34,124,94,75,12,165,153,187,127,39,107,87,76,50,53,93,23,30,134,58,86,69,64,101,151,54,158,199,6,117,98,25,110,81,52,182,28,162,78,60,79,185,148,167,61,41,36,46,131,59,133,96,157,138,178,164,173,66,126,198,159,140,118,109,29,154,156,106,19,108,146,43,128,85,152,111,83,181,82,192,139,33,13,172,195,40,37,15,35,88,145,189,194,31,171,116,57,0,113,196,89,5,141,119,74,183,63,51,72,147,65,102,115,14,45,55,155,184,161,80,114,177,169,191,11,104,180,163,170,95,137,90,125,149,32,68,97,100,7,175,179,27,150,136,144,70,168,17,103,105,142,190,188,186,176,42,47,132,166,123,44];False
2459;8301;10760;[4,67,193,48,10,1,91,129,8,84,122,73,174,135,21,99,16,77,112,71,56,18,62,120,24,197,26,9,143,20,3,2,121,160,92,49,130,131,38,34,124,94,75,12,165,153,187,127,39,107,87,76,50,53,93,23,30,134,58,86,69,64,101,151,54,158,199,6,117,98,25,110,81,52,182,28,162,78,60,79,185,148,167,61,41,36,46,22,59,133,96,157,138,178,164,173,66,126,198,159,140,118,109,29,154,156,106,19,108,146,43,128,85,152,111,83,181,82,192,139,33,13,172,195,40,37,15,35,88,145,189,194,31,171,116,57,0,113,196,89,5,141,119,74,183,63,51,72,147,65,102,115,14,45,55,155,184,161,80,114,177,169,191,11,104,180,163,170,95,137,90,125,149,32,68,97,100,7,175,179,27,150,136,144,70,168,17,103,105,142,190,188,186,176,42,47,132,166,123,44];False
2486;8274;10760;[4,67,193,48,10,1,91,129,8,84,122,73,174,135,21,99,16,77,190,71,56,18,62,120,24,197,26,9,143,20,3,2,121,160,92,49,130,22,38,34,124,94,75,12,165,153,187,127,39,107,87,76,50,53,93,23,30,134,58,86,69,64,101,151,54,158,199,6,117,98,25,110,81,52,182,28,162,78,60,79,185,148,167,61,41,36,46,131,59,133,96,157,138,178,164,173,66,126,198,159,140,118,109,29,154,156,106,19,108,146,43,128,85,152,111,83,181,82,192,139,33,13,172,195,40,37,15,35,88,145,189,194,31,171,116,57,0,113,196,89,5,141,119,74,183,63,51,72,147,65,102,115,14,45,55,155,184,161,80,114,177,169,191,11,104,180,163,170,95,137,90,125,149,32,68,97,100,7,175,179,27,150,136,144,70,168,17,103,105,142,112,188,186,176,42,47,132,166,123,44];False
2488;8271;10759;[4,67,193,48,10,1,91,129,8,84,122,73,174,135,21,99,16,154,112,71,56,18,62,120,24,197,26,9,143,20,3,2,121,160,92,49,130,22,38,34,124,94,75,12,165,153,187,127,39,107,87,76,50,53,93,23,30,134,58,86,69,64,101,151,54,158,199,6,117,98,25,110,81,52,182,28,162,78,60,79,185,148,167,61,41,36,46,131,59,133,96,157,138,178,164,173,66,126,198,159,140,118,109,29,77,156,106,19,108,146,43,128,85,152,111,83,181,82,192,139,33,13,172,195,40,37,15,35,88,145,189,194,31,171,116,57,0,113,196,89,5,141,119,74,183,63,51,72,147,65,102,115,14,45,55,155,184,161,80,114,177,169,191,11,104,180,163,170,95,137,90,125,149,32,68,97,100,7,175,179,27,150,136,144,70,168,17,103,105,142,190,188,186,176,42,47,132,166,123,44];False
2473;8286;10759;[4,67,193,48,10,1,91,129,8,84,122,73,174,135,21,99,16,77,112,71,56,157,62,120,24,197,26,9,143,20,3,2,121,160,92,49,130,22,38,34,124,94,75,12,165,153,187,127,39,107,87,76,50,53,93,23,30,134,58,86,69,64,101,151,54,158,199,6,117,98,25,110,81,52,182,28,162,78,60,79,185,148,167,61,41,36,46,131,59,133,96,18,138,178,164,173,66,126,198,159,140,118,109,29,154,156,106,19,108,146,43,128,85,152,111,83,181,82,192,139,33,13,172,195,40,37,15,35,88,145,189,194,31,171,116,57,0,113,196,89,5,141,119,74,183,63,51,72,147,65,102,115,14,45,55,155,184,161,80,114,177,169,191,11,104,180,163,170,95,137,90,125,149,32,68,97,100,7,175,179,27,150,136,144,70,168,17,103,105,142,190,188,186,176,42,47,132,166,123,44];False
2466;8293;10759;[4,67,193,48,10,1,91,129,8,84,122,73,174,135,21,99,16,77,112,71,56,18,62,125,24,197,26,9,143,20,3,2,121,160,92,49,130,22,38,34,124,94,75,12,165,153,187,127,39,107,87,76,50,53,93,23,30,134,58,86,69,64,101,151,54,158,199,6,117,98,25,110,81,52,182,28,162,78,60,79,185,148,167,61,41,36,46,131,59,133,96,157,138,178,164,173,66,126,198,159,140,118,109,29,154,156,106,19,108,146,43,128,85,152,111,83,181,82,192,139,33,13,172,195,40,37,15,35,88,145,189,194,31,171,116,57,0,113,196,89,5,141,119,74,183,63,51,72,147,65,102,115,14,45,55,155,184,161,80,114,177,169,191,11,104,180,163,170,95,137,90,120,149,32,68,97,100,7,175,179,27,150,136,144,70,168,17,103,105,142,190,188,186,176,42,47,132,166,123,44];False
2507;8252;10759;[4,67,193,48,10,1,91,129,8,84,122,73,174,135,21,99,164,77,112,71,56,18,62,120,24,197,26,9,143,20,3,2,121,160,92,49,130,22,38,34,124,94,75,12,165,153,187,127,39,107,87,76,50,53,93,23,30,134,58,86,69,64,101,151,54,158,199,6,117,98,25,110,81,52,182,28,162,78,60,79,185,148,167,61,41,36,46,131,59,133,96,157,138,178,16,173,66,126,198,159,140,118,109,29,154,156,106,19,108,146,43,128,85,152,111,83,181,82,192,139,33,13,172,195,40,37,15,35,88,145,189,194,31,171,116,57,0,113,196,89,5,141,119,74,183,63,51,72,147,65,102,115,14,45,55,155,184,161,80,114,177,169,191,11,104,180,163,170,95,137,90,125,149,32,68,97,100,7,175,179,27,150,136,144,70,168,17,103,105,142,190,188,186,176,42,47,132,166,123,44];False
2497;8261;10758;[4,67,193,48,10,1,91,129,8,84,122,73,174,135,21,99,16,77,112,71,56,18,62,120,24,197,26,9,143,20,3,2,121,160,92,49,130,22,38,34,124,94,75,12,165,153,187,127,39,107,87,76,50,53,93,23,30,134,58,86,69,64,101,151,54,158,199,6,117,98,25,110,81,52,182,28,162,78,60,79,185,148,167,61,41,36,46,131,59,133,96,157,138,178,164,173,66,126,198,159,140,118,109,29,154,156,106,19,108,146,43,128,85,152,111,83,181,82,192,139,33,13,172,119,40,37,15,35,88,145,189,194,31,171,116,57,0,113,196,89,5,141,195,74,183,63,51,72,147,65,102,115,14,45,55,155,184,161,80,114,177,169,191,11,104,180,163,170,95,137,90,125,149,32,68,97,100,7,175,179,27,150,136,144,70,168,17,103,105,142,190,188,186,176,42,47,132,166,123,44];False
2495;8263;10758;[4,67,193,48,10,1,91,129,8,84,122,73,174,135,21,99,16,77,112,71,56,18,62,120,24,197,161,9,143,20,3,2,121,160,92,49,130,22,38,34,124,94,75,12,165,153,187,127,39,107,87,76,50,53,93,23,30,134,58,86,69,64,101,151,54,158,199,6,117,98,25,110,81,52,182,28,162,78,60,79,185,148,167,61,41,36,46,131,59,133,96,157,138,178,164,173,66,126,198,159,140,118,109,29,154,156,106,19,108,146,43,128,85,152,111,83,181,82,192,139,33,13,172,195,40,37,15,35,88,145,189,194,31,171,116,57,0,113,196,89,5,141,119,74,183,63,51,72,147,65,102,115,14,45,55,155,184,26,80,114,177,169,191,11,104,180,163,170,95,137,90,125,149,32,68,97,100,7,175,179,27,150,136,144,70,168,17,103,105,142,190,188,186,176,42,47,132,166,123,44];False
2499;8259;10758;[4,67,193,48,10,1,91,129,8,84,122,73,174,135,21,99,16,77,112,71,56,18,62,120,24,197,26,9,173,20,3,2,121,160,92,49,130,22,38,34,124,94,75,12,165,153,187,127,39,107,87,76,50,53,93,23,30,134,58,86,69,64,101,151,54,158,199,6,117,98,25,110,81,52,182,28,162,78,60,79,185,148,167,61,41,36,46,131,59,133,96,157,138,178,164,143,66,126,198,159,140,118,109,29,154,156,106,19,108,146,43,128,85,152,111,83,181,82,192,139,33,13,172,195,40,37,15,35,88,145,189,194,31,171,116,57,0,113,196,89,5,141,119,74,183,63,51,72,147,65,102,115,14,45,55,155,184,161,80,114,177,169,191,11,104,180,163,170,95,137,90,125,149,32,68,97,100,7,175,179,27,150,136,144,70,168,17,103,105,142,190,188,186,176,42,47,132,166,123,44];False
2482;8276;10758;[4,67,193,48,10,1,91,129,8,84,122,73,174,135,21,99,16,77,112,71,56,18,62,120,24,197,26,9,143,20,3,2,121,160,92,49,130,22,38,34,124,94,75,12,165,153,187,127,39,107,87,76,50,53,93,23,30,134,58,86,69,64,101,151,54,158,199,6,117,98,25,110,81,52,182,28,162,78,60,79,185,148,167,61,41,36,46,131,59,133,96,157,138,178,164,173,66,126,198,159,140,118,109,29,154,156,106,19,108,146,43,128,85,152,111,83,181,82,192,139,142,13,172,195,40,37,15,35,88,145,189,194,31,171,116,57,0,113,196,89,5,141,119,74,183,63,51,72,147,65,102,115,14,45,55,155,184,161,80,114,177,169,191,11,104,180,163,170,95,137,90,125,149,32,68,97,100,7,175,179,27,150,136,144,70,168,17,103,105,33,190,188,186,176,42,47,132,166,123,44];False
2485;8273;10758;[4,67,193,48,10,1,91,129,8,84,122,73,174,135,21,99,16,77,112,71,56,18,62,120,24,197,26,9,143,20,3,2,121,160,92,49,130,22,38,34,124,94,75,12,165,153,187,127,39,107,87,76,50,53,93,23,30,134,58,86,69,64,101,151,54,158,199,6,117,98,25,110,81,52,182,28,162,78,60,79,185,148,167,61,41,36,46,131,59,133,150,157,138,178,164,173,66,126,198,159,140,118,109,29,154,156,106,19,108,146,43,128,85,152,111,83,181,82,192,139,33,13,172,195,40,37,15,35,88,145,189,194,31,171,116,57,0,113,196,89,5,141,119,74,183,63,51,72,147,65,102,115,14,45,55,155,184,161,80,114,177,169,191,11,104,180,163,170,95,137,90,125,149,32,68,97,100,7,175,179,27,96,136,144,70,168,17,103,105,142,190,188,186,176,42,47,132,166,123,44];False
2438;8320;10758;[4,67,193,48,10,1,91,129,8,84,122,73,174,135,21,99,16,77,112,71,56,18,62,120,24,197,26,9,143,20,79,2,121,160,92,49,130,22,38,34,124,94,75,12,165,153,187,127,39,107,87,76,50,53,93,23,30,134,58,86,69,64,101,151,54,158,199,6,117,98,25,110,81,52,182,28,162,78,60,3,185,148,167,61,41,36,46,131,59,133,96,157,138,178,164,173,66,126,198,159,140,118,109,29,154,156,106,19,108,146,43,128,85,152,111,83,181,82,192,139,33,13,172,195,40,37,15,35,88,145,189,194,31,171,116,57,0,113,196,89,5,141,119,74,183,63,51,72,147,65,102,115,14,45,55,155,184,161,80,114,177,169,191,11,104,180,163,170,95,137,90,125,149,32,68,97,100,7,175,179,27,150,136,144,70,168,17,103,105,142,190,188,186,176,42,47,132,166,123,44];False
2406;8352;10758;[4,67,193,48,10,1,91,129,8,84,122,73,174,135,21,99,16,77,112,71,56,18,62,120,24,197,26,9,143,20,3,2,121,160,92,49,130,22,38,34,124,94,75,12,165,153,187,127,39,107,87,76,50,53,93,23,30,134,58,86,69,64,101,151,54,158,199,6,117,98,25,110,81,52,182,28,162,78,155,79,185,148,167,61,41,36,46,131,59,133,96,157,138,178,164,173,66,126,198,159,140,118,109,29,154,156,106,19,108,146,43,128,85,152,111,83,181,82,192,139,33,13,172,195,40,37,15,35,88,145,189,194,31,171,116,57,0,113,196,89,5,141,119,74,183,63,51,72,147,65,102,115,14,45,55,60,184,161,80,114,177,169,191,11,104,180,163,170,95,137,90,125,149,32,68,97,100,7,175,179,27,150,136,144,70,168,17,103,105,142,190,188,186,176,42,47,132,166,123,44];False
2479;8279;10758;[4,67,193,48,10,1,91,129,8,84,122,73,178,135,21,99,16,77,112,71,56,18,62,120,24,197,26,9,143,20,3,2,121,160,92,49,130,22,38,34,124,94,75,12,165,153,187,127,39,107,87,76,50,53,93,23,30,134,58,86,69,64,101,151,54,158,199,6,117,98,25,110,81,52,182,28,162,78,60,79,185,148,167,61,41,36,46,131,59,133,96,157,138,174,164,173,66,126,198,159,140,118,109,29,154,156,106,19,108,146,43,128,85,152,111,83,181,82,192,139,33,13,172,195,40,37,15,35,88,145,189,194,31,171,116,57,0,113,196,89,5,141,119,74,183,63,51,72,147,65,102,115,14,45,55,155,184,161,80,114,177,169,191,11,104,180,163,170,95,137,90,125,149,32,68,97,100,7,175,179,27,150,136,144,70,168,17,103,105,142,190,188,186,176,42,47,132,166,123,44];False
2457;8301;10758;[4,67,193,48,10,1,91,129,8,84,122,73,174,135,21,99,16,77,112,71,56,18,62,120,24,197,26,9,143,20,3,2,121,160,92,49,130,22,38,34,124,94,75,12,165,153,187,127,39,107,87,76,50,53,93,23,30,134,58,86,69,64,101,151,54,158,199,6,117,98,25,110,81,52,182,28,162,78,60,79,185,148,167,109,41,36,46,131,59,133,96,157,138,178,164,173,66,126,198,159,140,118,61,29,154,156,106,19,108,146,43,128,85,152,111,83,181,82,192,139,33,13,172,195,40,37,15,35,88,145,189,194,31,171,116,57,0,113,196,89,5,141,119,74,183,63,51,72,147,65,102,115,14,45,55,155,184,161,80,114,177,169,191,11,104,180,163,170,95,137,90,125,149,32,68,97,100,7,175,179,27,150,136,144,70,168,17,103,105,142,190,188,186,176,42,47,132,166,123,44];False
2475;8282;10757;[4,67,193,48,10,1,91,129,8,84,122,73,174,135,21,99,16,77,112,71,56,18,62,120,24,197,26,9,143,20,3,2,121,160,92,49,130,22,63,34,124,94,75,12,165,153,187,127,39,107,87,76,50,53,93,23,30,134,58,86,69,64,101,151,54,158,199,6,117,98,25,110,81,52,182,28,162,78,60,79,185,148,167,61,41,36,46,131,59,133,96,157,138,178,164,173,66,126,198,159,140,118,109,29,154,156,106,19,108,146,43,128,85,152,111,83,181,82,192,139,33,13,172,195,40,37,15,35,88,145,189,194,31,171,116,57,0,113,196,89,5,141,119,74,183,38,51,72,147,65,102,115,14,45,55,155,184,161,80,114,177,169,191,11,104,180,163,170,95,137,90,125,149,32,68,97,100,7,175,179,27,150,136,144,70,168,17,103,105,142,190,188,186,176,42,47,132,166,123,44];False
2447;8310;10757;[4,67,193,48,10,1,91,129,8,84,122,73,174,135,21,99,16,77,112,71,56,18,62,120,24,197,26,9,143,20,3,2,121,160,92,49,130,22,38,34,124,94,75,12,165,153,187,127,39,107,87,76,50,53,93,23,30,134,58,86,69,64,101,151,54,158,199,6,117,98,25,110,81,52,182,28,162,78,60,79,185,148,167,61,41,36,46,131,59,133,96,157,138,178,164,173,66,126,198,159,140,118,109,29,154,156,106,19,137,146,43,128,85,152,111,83,181,82,192,139,33,13,172,195,40,37,15,35,88,145,189,194,31,171,116,57,0,113,196,89,5,141,119,74,183,63,51,72,147,65,102,115,14,45,55,155,184,161,80,114,177,169,191,11,104,180,163,170,95,108,90,125,149,32,68,97,100,7,175,179,27,150,136,144,70,168,17,103,105,142,190,188,186,176,42,47,132,166,123,44];False
2480;8277;10757;[4,67,193,48,10,1,91,129,8,84,122,73,174,135,21,99,16,77,112,71,56,18,62,120,24,197,26,9,143,20,3,2,121,160,92,49,130,22,38,34,124,94,75,12,165,153,187,127,39,107,87,76,50,53,93,23,30,134,58,86,69,64,101,151,54,158,199,6,117,98,25,110,81,52,182,28,162,78,60,79,185,148,167,61,41,36,46,131,59,133,96,157,138,178,164,173,66,126,198,159,140,118,109,29,154,156,106,19,108,146,43,128,144,152,111,83,181,82,192,139,33,13,172,195,40,37,15,35,88,145,189,194,31,171,116,57,0,113,196,89,5,141,119,74,183,63,51,72,147,65,102,115,14,45,55,155,184,161,80,114,177,169,191,11,104,180,163,170,95,137,90,125,149,32,68,97,100,7,175,179,27,150,136,85,70,168,17,103,105,142,190,188,186,176,42,47,132,166,123,44];False
2528;8229;10757;[4,67,193,48,10,1,91,129,8,84,122,73,174,135,21,99,16,77,112,71,56,18,62,120,24,197,26,9,143,20,3,2,121,160,92,49,130,22,38,34,124,94,75,12,165,153,187,127,39,107,87,76,50,53,93,23,30,134,58,86,69,64,101,151,54,158,199,6,117,98,25,110,81,52,182,28,162,78,60,79,185,148,167,61,41,36,46,131,59,133,96,157,138,178,164,173,66,126,198,159,140,118,109,29,154,156,106,19,108,146,43,128,85,152,111,83,181,82,192,139,33,13,172,195,40,37,15,35,88,145,189,194,31,171,116,57,0,113,196,89,5,141,119,74,183,63,51,72,142,65,102,115,14,45,55,155,184,161,80,114,177,169,191,11,104,180,163,170,95,137,90,125,149,32,68,97,100,7,175,179,27,150,136,144,70,168,17,103,105,147,190,188,186,176,42,47,132,166,123,44];False
2454;8302;10756;[4,67,193,48,10,1,91,129,8,84,122,73,174,135,21,99,16,77,112,71,56,18,62,120,24,197,26,9,143,20,3,2,121,160,92,49,130,22,38,34,124,94,75,12,165,153,187,127,39,107,87,76,50,53,93,23,30,134,58,86,69,64,101,151,54,158,199,6,117,98,25,110,81,52,182,28,162,78,60,79,185,148,167,61,41,36,46,131,59,133,96,157,138,178,164,173,66,126,198,159,140,118,109,29,154,156,106,19,108,146,43,128,85,152,111,83,181,82,192,139,33,13,172,195,40,37,179,35,88,145,189,194,31,171,116,57,0,113,196,89,5,141,119,74,183,63,51,72,147,65,102,115,14,45,55,155,184,161,80,114,177,169,191,11,104,180,163,170,95,137,90,125,149,32,68,97,100,7,175,15,27,150,136,144,70,168,17,103,105,142,190,188,186,176,42,47,132,166,123,44];False
2505;8251;10756;[4,67,193,48,10,1,91,129,8,84,122,73,174,135,21,99,16,77,112,71,56,18,62,120,24,197,26,9,143,20,3,2,121,160,92,49,130,22,38,34,124,94,75,12,165,153,187,127,39,107,87,76,35,53,93,23,30,134,58,86,69,64,101,151,54,158,199,6,117,98,25,110,81,52,182,28,162,78,60,79,185,148,167,61,41,36,46,131,59,133,96,157,138,178,164,173,66,126,198,159,140,118,109,29,154,156,106,19,108,146,43,128,85,152,111,83,181,82,192,139,33,13,172,195,40,37,15,50,88,145,189,194,31,171,116,57,0,113,196,89,5,141,119,74,183,63,51,72,147,65,102,115,14,45,55,155,184,161,80,114,177,169,191,11,104,180,163,170,95,137,90,125,149,32,68,97,100,7,175,179,27,150,136,144,70,168,17,103,105,142,190,188,186,176,42,47,132,166,123,44];False
2431;8325;10756;[4,67,193,48,10,1,91,129,8,84,122,73,174,135,21,99,42,77,112,71,56,18,62,120,24,197,26,9,143,20,3,2,121,160,92,49,130,22,38,34,124,94,75,12,165,153,187,127,39,107,87,76,50,53,93,23,30,134,58,86,69,64,101,151,54,158,199,6,117,98,25,110,81,52,182,28,162,78,60,79,185,148,167,61,41,36,46,131,59,133,96,157,138,178,164,173,66,126,198,159,140,118,109,29,154,156,106,19,108,146,43,128,85,152,111,83,181,82,192,139,33,13,172,195,40,37,15,35,88,145,189,194,31,171,116,57,0,113,196,89,5,141,119,74,183,63,51,72,147,65,102,115,14,45,55,155,184,161,80,114,177,169,191,11,104,180,163,170,95,137,90,125,149,32,68,97,100,7,175,179,27,150,136,144,70,168,17,103,105,142,190,188,186,176,16,47,132,166,123,44];False
2462;8294;10756;[4,67,193,48,10,1,91,129,8,84,122,73,174,135,21,99,16,77,112,71,56,18,62,120,24,197,26,9,143,20,3,2,121,160,92,49,130,22,38,34,124,94,75,12,165,153,187,127,39,107,87,76,50,53,93,23,30,134,58,86,69,64,101,151,54,158,199,6,117,123,25,110,81,52,182,28,162,78,60,79,185,148,167,61,41,36,46,131,59,133,96,157,138,178,164,173,66,126,198,159,140,118,109,29,154,156,106,19,108,146,43,128,85,152,111,83,181,82,192,139,33,13,172,195,40,37,15,35,88,145,189,194,31,171,116,57,0,113,196,89,5,141,119,74,183,63,51,72,147,65,102,115,14,45,55,155,184,161,80,114,177,169,191,11,104,180,163,170,95,137,90,125,149,32,68,97,100,7,175,179,27,150,136,144,70,168,17,103,105,142,190,188,186,176,42,47,132,166,98,44];False
2465;8290;10755;[4,67,193,48,10,1,91,129,8,84,122,73,174,135,21,99,16,77,112,71,56,18,62,120,24,197,26,9,143,20,3,2,121,160,92,49,130,22,38,34,124,94,75,12,165,153,187,127,39,107,87,76,50,53,93,23,30,134,58,86,69,64,101,151,54,158,199,6,117,98,25,110,81,52,182,28,162,78,60,79,185,148,167,61,41,36,46,131,59,133,96,157,138,178,164,173,66,126,198,159,140,118,109,29,154,156,106,19,108,146,43,128,85,152,111,83,181,82,192,139,33,13,172,195,40,37,15,35,88,145,189,194,31,171,116,57,0,113,196,89,5,141,119,74,183,63,51,72,147,65,102,115,14,105,55,155,184,161,80,114,177,169,191,11,104,180,163,170,95,137,90,125,149,32,68,97,100,7,175,179,27,150,136,144,70,168,17,103,45,142,190,188,186,176,42,47,132,166,123,44];False
2418;8337;10755;[4,67,193,48,10,1,91,129,8,84,122,73,174,135,21,99,16,77,112,71,56,18,62,120,24,197,26,9,143,20,3,2,121,160,92,49,130,22,38,34,124,94,75,12,165,153,187,127,39,107,87,76,50,53,93,23,30,134,58,86,69,64,101,151,54,158,199,6,117,98,25,110,81,52,182,28,162,78,60,79,185,148,167,61,41,36,46,131,59,133,96,157,138,178,164,173,66,126,198,159,140,118,109,29,154,156,106,19,108,146,43,128,85,152,111,83,181,82,192,139,33,13,172,195,40,37,15,35,88,145,189,194,31,171,116,57,0,113,196,89,5,141,119,74,183,63,51,72,147,65,102,115,14,45,55,155,184,161,80,114,177,169,191,11,104,180,163,170,95,137,90,125,149,32,68,103,100,7,175,179,27,150,136,144,70,168,17,97,105,142,190,188,186,176,42,47,132,166,123,44];False
2476;8279;10755;[4,67,193,48,10,1,91,129,8,84,122,73,174,135,21,99,16,77,112,71,56,18,62,120,24,197,26,9,143,20,3,2,121,160,92,49,130,22,38,34,124,94,75,12,165,153,187,127,39,107,87,76,50,53,93,23,30,134,58,86,69,64,101,151,54,158,199,6,117,98,25,110,81,52,182,28,162,78,60,79,185,148,167,61,41,36,46,131,59,133,96,157,138,178,164,173,66,126,198,159,140,118,109,29,154,156,106,19,108,146,43,128,85,152,111,83,181,82,192,139,33,13,172,195,40,37,15,35,88,145,189,194,31,171,116,57,0,113,196,89,5,141,119,74,183,63,51,72,147,65,102,115,14,45,55,155,184,161,80,114,177,169,191,11,104,180,163,170,95,137,90,132,149,32,68,97,100,7,175,179,27,150,136,144,70,168,17,103,105,142,190,188,186,176,42,47,125,166,123,44];False
2449;8306;10755;[4,67,193,48,10,1,91,129,8,84,122,73,174,135,21,99,16,70,112,71,56,18,62,120,24,197,26,9,143,20,3,2,121,160,92,49,130,22,38,34,124,94,75,12,165,153,187,127,39,107,87,76,50,53,93,23,30,134,58,86,69,64,101,151,54,158,199,6,117,98,25,110,81,52,182,28,162,78,60,79,185,148,167,61,41,36,46,131,59,133,96,157,138,178,164,173,66,126,198,159,140,118,109,29,154,156,106,19,108,146,43,128,85,152,111,83,181,82,192,139,33,13,172,195,40,37,15,35,88,145,189,194,31,171,116,57,0,113,196,89,5,141,119,74,183,63,51,72,147,65,102,115,14,45,55,155,184,161,80,114,177,169,191,11,104,180,163,170,95,137,90,125,149,32,68,97,100,7,175,179,27,150,136,144,77,168,17,103,105,142,190,188,186,176,42,47,132,166,123,44];False
2469;8286;10755;[4,67,193,48,10,1,91,129,8,84,122,73,174,135,21,99,16,77,112,71,56,18,62,90,24,197,26,9,143,20,3,2,121,160,92,49,130,22,38,34,124,94,75,12,165,153,187,127,39,107,87,76,50,53,93,23,30,134,58,86,69,64,101,151,54,158,199,6,117,98,25,110,81,52,182,28,162,78,60,79,185,148,167,61,41,36,46,131,59,133,96,157,138,178,164,173,66,126,198,159,140,118,109,29,154,156,106,19,108,146,43,128,85,152,111,83,181,82,192,139,33,13,172,195,40,37,15,35,88,145,189,194,31,171,116,57,0,113,196,89,5,141,119,74,183,63,51,72,147,65,102,115,14,45,55,155,184,161,80,114,177,169,191,11,104,180,163,170,95,137,120,125,149,32,68,97,100,7,175,179,27,150,136,144,70,168,17,103,105,142,190,188,186,176,42,47,132,166,123,44];False
2479;8276;10755;[4,67,193,48,10,1,91,129,8,84,122,73,174,135,21,99,16,77,112,71,56,18,62,120,24,197,26,9,143,20,3,2,121,160,92,49,130,22,38,34,124,94,75,12,165,153,187,127,39,107,87,76,50,53,93,23,30,134,58,86,69,64,101,151,54,158,199,6,117,98,25,110,81,52,182,28,37,78,60,79,185,148,167,61,41,36,46,131,59,133,96,157,138,178,164,173,66,126,198,159,140,118,109,29,154,156,106,19,108,146,43,128,85,152,111,83,181,82,192,139,33,13,172,195,40,162,15,35,88,145,189,194,31,171,116,57,0,113,196,89,5,141,119,74,183,63,51,72,147,65,102,115,14,45,55,155,184,161,80,114,177,169,191,11,104,180,163,170,95,137,90,125,149,32,68,97,100,7,175,179,27,150,136,144,70,168,17,103,105,142,190,188,186,176,42,47,132,166,123,44];False
2384;8371;10755;[4,67,193,48,10,1,91,129,8,84,122,73,174,135,21,99,16,77,112,71,56,18,62,120,24,197,26,9,143,20,3,2,121,160,92,49,130,22,38,34,124,94,75,12,165,153,187,127,39,107,87,76,50,53,93,23,30,134,58,86,69,64,183,151,54,158,199,6,117,98,25,110,81,52,182,28,162,78,60,79,185,148,167,61,41,36,46,131,59,133,96,157,138,178,164,173,66,126,198,159,140,118,109,29,154,156,106,19,108,146,43,128,85,152,111,83,181,82,192,139,33,13,172,195,40,37,15,35,88,145,189,194,31,171,116,57,0,113,196,89,5,141,119,74,101,63,51,72,147,65,102,115,14,45,55,155,184,161,80,114,177,169,191,11,104,180,163,170,95,137,90,125,149,32,68,97,100,7,175,179,27,150,136,144,70,168,17,103,105,142,190,188,186,176,42,47,132,166,123,44];False
2482;8273;10755;[4,67,193,48,10,1,91,129,8,84,122,73,174,135,21,99,16,77,112,71,56,18,62,120,24,197,26,9,143,20,3,2,121,160,92,49,130,22,38,34,124,94,75,12,165,153,187,127,39,107,87,76,50,53,93,23,30,134,58,86,69,64,101,151,54,158,199,6,117,98,25,110,81,52,182,28,162,78,60,79,185,148,167,61,41,36,46,131,59,133,96,157,138,178,164,173,66,126,198,159,140,118,109,29,154,156,106,19,108,191,43,128,85,152,111,83,181,82,192,139,33,13,172,195,40,37,15,35,88,145,189,194,31,171,116,57,0,113,196,89,5,141,119,74,183,63,51,72,147,65,102,115,14,45,55,155,184,161,80,114,177,169,146,11,104,180,163,170,95,137,90,125,149,32,68,97,100,7,175,179,27,150,136,144,70,168,17,103,105,142,190,188,186,176,42,47,132,166,123,44];False
2410;8345;10755;[4,67,193,48,10,1,91,129,8,84,122,73,174,135,21,99,16,77,112,71,56,18,62,120,24,197,26,9,143,20,3,2,121,160,92,49,130,22,38,34,124,94,75,12,165,153,187,127,39,107,87,76,50,53,93,23,30,134,58,86,69,64,101,151,126,158,199,6,117,98,25,110,81,52,182,28,162,78,60,79,185,148,167,61,41,36,46,131,59,133,96,157,138,178,164,173,66,54,198,159,140,118,109,29,154,156,106,19,108,146,43,128,85,152,111,83,181,82,192,139,33,13,172,195,40,37,15,35,88,145,189,194,31,171,116,57,0,113,196,89,5,141,119,74,183,63,51,72,147,65,102,115,14,45,55,155,184,161,80,114,177,169,191,11,104,180,163,170,95,137,90,125,149,32,68,97,100,7,175,179,27,150,136,144,70,168,17,103,105,142,190,188,186,176,42,47,132,166,123,44];False
2420;8335;10755;[4,67,193,48,10,1,91,129,8,84,122,73,174,135,21,99,16,77,112,71,56,18,62,120,24,197,26,9,143,20,3,2,121,160,92,49,130,22,38,34,124,94,75,12,165,153,109,127,39,107,87,76,50,53,93,23,30,134,58,86,69,64,101,151,54,158,199,6,117,98,25,110,81,52,182,28,162,78,60,79,185,148,167,61,41,36,46,131,59,133,96,157,138,178,164,173,66,126,198,159,140,118,187,29,154,156,106,19,108,146,43,128,85,152,111,83,181,82,192,139,33,13,172,195,40,37,15,35,88,145,189,194,31,171,116,57,0,113,196,89,5,141,119,74,183,63,51,72,147,65,102,115,14,45,55,155,184,161,80,114,177,169,191,11,104,180,163,170,95,137,90,125,149,32,68,97,100,7,175,179,27,150,136,144,70,168,17,103,105,142,190,188,186,176,42,47,132,166,123,44];False
2478;8276;10754;[4,67,193,48,10,1,91,129,8,84,122,73,174,135,21,99,16,77,112,71,56,18,62,120,24,197,26,9,143,20,3,2,121,160,92,49,130,22,38,34,124,94,75,12,165,153,187,127,39,107,87,76,50,53,93,23,30,134,58,86,69,64,101,151,54,158,199,6,68,98,25,110,81,52,182,28,162,78,60,79,185,148,167,61,41,36,46,131,59,133,96,157,138,178,164,173,66,126,198,159,140,118,109,29,154,156,106,19,108,146,43,128,85,152,111,83,181,82,192,139,33,13,172,195,40,37,15,35,88,145,189,194,31,171,116,57,0,113,196,89,5,141,119,74,183,63,51,72,147,65,102,115,14,45,55,155,184,161,80,114,177,169,191,11,104,180,163,170,95,137,90,125,149,32,117,97,100,7,175,179,27,150,136,144,70,168,17,103,105,142,190,188,186,176,42,47,132,166,123,44];False
2455;8299;10754;[4,67,193,48,10,1,91,129,8,84,122,73,174,135,21,99,16,77,112,71,56,18,62,120,24,197,26,9,143,20,3,2,121,160,92,49,130,22,38,34,124,94,75,12,165,153,187,127,39,107,87,76,50,105,93,23,30,134,58,86,69,64,101,151,54,158,199,6,117,98,25,110,81,52,182,28,162,78,60,79,185,148,167,61,41,36,46,131,59,133,96,157,138,178,164,173,66,126,198,159,140,118,109,29,154,156,106,19,108,146,43,128,85,152,111,83,181,82,192,139,33,13,172,195,40,37,15,35,88,145,189,194,31,171,116,57,0,113,196,89,5,141,119,74,183,63,51,72,147,65,102,115,14,45,55,155,184,161,80,114,177,169,191,11,104,180,163,170,95,137,90,125,149,32,68,97,100,7,175,179,27,150,136,144,70,168,17,103,53,142,190,188,186,176,42,47,132,166,123,44];False
2483;8271;10754;[4,67,193,48,10,1,94,129,8,84,122,73,174,135,21,99,16,77,112,71,56,18,62,120,24,197,26,9,143,20,3,2,121,160,92,49,130,22,38,34,124,91,75,12,165,153,187,127,39,107,87,76,50,53,93,23,30,134,58,86,69,64,101,151,54,158,199,6,117,98,25,110,81,52,182,28,162,78,60,79,185,148,167,61,41,36,46,131,59,133,96,157,138,178,164,173,66,126,198,159,140,118,109,29,154,156,106,19,108,146,43,128,85,152,111,83,181,82,192,139,33,13,172,195,40,37,15,35,88,145,189,194,31,171,116,57,0,113,196,89,5,141,119,74,183,63,51,72,147,65,102,115,14,45,55,155,184,161,80,114,177,169,191,11,104,180,163,170,95,137,90,125,149,32,68,97,100,7,175,179,27,150,136,144,70,168,17,103,105,142,190,188,186,176,42,47,132,166,123,44];False
2470;8284;10754;[4,67,193,48,10,1,91,129,8,84,122,73,174,135,21,99,16,77,112,71,56,18,62,120,24,197,26,9,143,20,3,2,121,160,92,49,130,22,38,34,124,94,75,12,165,153,187,127,39,107,87,76,36,53,93,23,30,134,58,86,69,64,101,151,54,158,199,6,117,98,25,110,81,52,182,28,162,78,60,79,185,148,167,61,41,50,46,131,59,133,96,157,138,178,164,173,66,126,198,159,140,118,109,29,154,156,106,19,108,146,43,128,85,152,111,83,181,82,192,139,33,13,172,195,40,37,15,35,88,145,189,194,31,171,116,57,0,113,196,89,5,141,119,74,183,63,51,72,147,65,102,115,14,45,55,155,184,161,80,114,177,169,191,11,104,180,163,170,95,137,90,125,149,32,68,97,100,7,175,179,27,150,136,144,70,168,17,103,105,142,190,188,186,176,42,47,132,166,123,44];False
2430;8323;10753;[4,67,193,48,10,1,91,129,8,84,122,73,174,135,21,99,16,77,112,71,56,18,62,120,24,197,26,9,143,20,3,2,121,160,92,49,130,22,38,34,187,94,75,12,165,153,124,127,39,107,87,76,50,53,93,23,30,134,58,86,69,64,101,151,54,158,199,6,117,98,25,110,81,52,182,28,162,78,60,79,185,148,167,61,41,36,46,131,59,133,96,157,138,178,164,173,66,126,198,159,140,118,109,29,154,156,106,19,108,146,43,128,85,152,111,83,181,82,192,139,33,13,172,195,40,37,15,35,88,145,189,194,31,171,116,57,0,113,196,89,5,141,119,74,183,63,51,72,147,65,102,115,14,45,55,155,184,161,80,114,177,169,191,11,104,180,163,170,95,137,90,125,149,32,68,97,100,7,175,179,27,150,136,144,70,168,17,103,105,142,190,188,186,176,42,47,132,166,123,44];False
2456;8297;10753;[4,67,193,48,10,1,91,129,8,84,122,73,174,135,21,99,16,77,112,71,132,18,62,120,24,197,26,9,143,20,3,2,121,160,92,49,130,22,38,34,124,94,75,12,165,153,187,127,39,107,87,76,50,53,93,23,30,134,58,86,69,64,101,151,54,158,199,6,117,98,25,110,81,52,182,28,162,78,60,79,185,148,167,61,41,36,46,131,59,133,96,157,138,178,164,173,66,126,198,159,140,118,109,29,154,156,106,19,108,146,43,128,85,152,111,83,181,82,192,139,33,13,172,195,40,37,15,35,88,145,189,194,31,171,116,57,0,113,196,89,5,141,119,74,183,63,51,72,147,65,102,115,14,45,55,155,184,161,80,114,177,169,191,11,104,180,163,170,95,137,90,125,149,32,68,97,100,7,175,179,27,150,136,144,70,168,17,103,105,142,190,188,186,176,42,47,56,166,123,44];False
2350;8403;10753;[4,67,193,48,10,1,91,129,8,84,122,73,174,135,21,99,16,77,112,71,56,18,62,120,24,197,26,9,143,20,3,2,121,160,92,49,130,22,38,34,124,94,75,12,165,153,187,127,39,107,87,76,50,53,93,23,30,134,58,86,69,64,101,151,54,158,199,6,117,98,25,110,81,52,182,28,162,78,106,79,185,148,167,61,41,36,46,131,59,133,96,157,138,178,164,173,66,126,198,159,140,118,109,29,154,156,60,19,108,146,43,128,85,152,111,83,181,82,192,139,33,13,172,195,40,37,15,35,88,145,189,194,31,171,116,57,0,113,196,89,5,141,119,74,183,63,51,72,147,65,102,115,14,45,55,155,184,161,80,114,177,169,191,11,104,180,163,170,95,137,90,125,149,32,68,97,100,7,175,179,27,150,136,144,70,168,17,103,105,142,190,188,186,176,42,47,132,166,123,44];False
2408;8345;10753;[4,67,193,48,10,1,91,129,8,84,122,73,174,135,21,99,16,77,112,71,56,18,62,120,24,197,26,9,143,20,3,2,121,160,92,49,130,22,38,34,124,94,75,12,165,153,187,127,39,107,87,76,50,53,93,23,30,134,58,86,69,64,101,151,54,158,199,6,117,98,25,110,81,52,182,28,162,78,60,79,185,148,167,61,41,36,46,131,59,133,96,157,138,178,164,173,66,126,198,159,140,118,109,29,154,156,106,19,108,146,43,128,85,152,111,83,181,82,192,139,33,13,172,183,40,37,15,35,88,145,189,194,31,171,116,57,0,113,196,89,5,141,119,74,195,63,51,72,147,65,102,115,14,45,55,155,184,161,80,114,177,169,191,11,104,180,163,170,95,137,90,125,149,32,68,97,100,7,175,179,27,150,136,144,70,168,17,103,105,142,190,188,186,176,42,47,132,166,123,44];False
2459;8294;10753;[4,67,193,48,10,1,91,129,8,84,122,73,174,135,21,99,16,77,112,71,56,18,62,120,24,197,26,9,143,20,3,2,121,160,92,49,130,22,38,34,124,94,75,12,165,153,187,127,39,107,87,76,50,53,93,23,30,134,58,86,69,64,101,151,54,158,199,6,117,98,25,110,81,52,182,28,162,78,60,79,185,148,167,61,41,36,46,131,59,133,96,157,138,178,164,173,66,126,198,159,140,118,109,29,154,156,106,19,108,146,43,128,85,152,111,83,181,82,192,139,33,13,172,195,40,37,15,35,88,145,189,194,31,171,116,57,0,113,196,89,5,141,119,74,183,63,51,72,147,65,102,115,14,45,55,97,184,161,80,114,177,169,191,11,104,180,163,170,95,137,90,125,149,32,68,155,100,7,175,179,27,150,136,144,70,168,17,103,105,142,190,188,186,176,42,47,132,166,123,44];False
2487;8266;10753;[4,67,193,48,10,1,91,129,8,84,122,73,174,135,21,99,16,77,112,71,56,18,62,120,24,197,26,9,143,20,3,65,121,160,92,49,130,22,38,34,124,94,75,12,165,153,187,127,39,107,87,76,50,53,93,23,30,134,58,86,69,64,101,151,54,158,199,6,117,98,25,110,81,52,182,28,162,78,60,79,185,148,167,61,41,36,46,131,59,133,96,157,138,178,164,173,66,126,198,159,140,118,109,29,154,156,106,19,108,146,43,128,85,152,111,83,181,82,192,139,33,13,172,195,40,37,15,35,88,145,189,194,31,171,116,57,0,113,196,89,5,141,119,74,183,63,51,72,147,2,102,115,14,45,55,155,184,161,80,114,177,169,191,11,104,180,163,170,95,137,90,125,149,32,68,97,100,7,175,179,27,150,136,144,70,168,17,103,105,142,190,188,186,176,42,47,132,166,123,44];False
2474;8278;10752;[4,67,193,48,10,1,91,129,8,84,122,73,174,135,21,99,16,77,112,71,56,18,62,120,24,197,26,9,143,20,3,2,121,160,92,49,130,22,38,34,124,94,75,12,165,153,187,127,39,107,87,76,50,53,93,23,30,134,58,86,69,64,101,151,54,158,199,6,117,98,25,110,81,52,182,28,162,78,60,79,185,148,167,61,41,36,46,131,59,133,96,157,138,178,164,173,66,126,198,159,140,118,109,29,154,156,106,19,108,146,43,128,85,152,111,83,181,82,192,97,33,13,172,195,40,37,15,35,88,145,189,194,31,171,116,57,0,113,196,89,5,141,119,74,183,63,51,72,147,65,102,115,14,45,55,155,184,161,80,114,177,169,191,11,104,180,163,170,95,137,90,125,149,32,68,139,100,7,175,179,27,150,136,144,70,168,17,103,105,142,190,188,186,176,42,47,132,166,123,44];False
2502;8250;10752;[4,67,193,48,10,1,91,129,8,84,122,73,174,135,21,99,16,77,112,71,56,111,62,120,24,197,26,9,143,20,3,2,121,160,92,49,130,22,38,34,124,94,75,12,165,153,187,127,39,107,87,76,50,53,93,23,30,134,58,86,69,64,101,151,54,158,199,6,117,98,25,110,81,52,182,28,162,78,60,79,185,148,167,61,41,36,46,131,59,133,96,157,138,178,164,173,66,126,198,159,140,118,109,29,154,156,106,19,108,146,43,128,85,152,18,83,181,82,192,139,33,13,172,195,40,37,15,35,88,145,189,194,31,171,116,57,0,113,196,89,5,141,119,74,183,63,51,72,147,65,102,115,14,45,55,155,184,161,80,114,177,169,191,11,104,180,163,170,95,137,90,125,149,32,68,97,100,7,175,179,27,150,136,144,70,168,17,103,105,142,190,188,186,176,42,47,132,166,123,44];False
2464;8288;10752;[4,67,193,48,10,1,91,129,8,84,122,73,174,135,21,99,16,77,112,71,56,18,62,120,24,197,26,9,143,20,3,2,121,160,92,49,130,22,38,34,124,94,75,12,165,153,187,127,39,107,87,76,50,53,93,23,30,134,58,86,69,64,101,151,54,158,199,6,117,98,25,110,81,52,182,28,162,78,60,79,185,148,167,61,41,36,46,131,59,133,96,157,138,178,164,173,66,126,198,159,140,118,109,29,154,156,106,19,108,146,43,128,85,152,111,83,181,82,192,139,176,13,172,195,40,37,15,35,88,145,189,194,31,171,116,57,0,113,196,89,5,141,119,74,183,63,51,72,147,65,102,115,14,45,55,155,184,161,80,114,177,169,191,11,104,180,163,170,95,137,90,125,149,32,68,97,100,7,175,179,27,150,136,144,70,168,17,103,105,142,190,188,186,33,42,47,132,166,123,44];False
2493;8259;10752;[4,67,89,48,10,1,91,129,8,84,122,73,174,135,21,99,16,77,112,71,56,18,62,120,24,197,26,9,143,20,3,2,121,160,92,49,130,22,38,34,124,94,75,12,165,153,187,127,39,107,87,76,50,53,93,23,30,134,58,86,69,64,101,151,54,158,199,6,117,98,25,110,81,52,182,28,162,78,60,79,185,148,167,61,41,36,46,131,59,133,96,157,138,178,164,173,66,126,198,159,140,118,109,29,154,156,106,19,108,146,43,128,85,152,111,83,181,82,192,139,33,13,172,195,40,37,15,35,88,145,189,194,31,171,116,57,0,113,196,193,5,141,119,74,183,63,51,72,147,65,102,115,14,45,55,155,184,161,80,114,177,169,191,11,104,180,163,170,95,137,90,125,149,32,68,97,100,7,175,179,27,150,136,144,70,168,17,103,105,142,190,188,186,176,42,47,132,166,123,44];False
2503;8249;10752;[4,67,193,48,10,1,91,129,8,84,122,73,174,135,21,99,16,77,112,71,56,18,62,120,24,197,26,9,143,20,3,2,121,160,92,49,130,22,38,34,124,94,163,12,165,153,187,127,39,107,87,76,50,53,93,23,30,134,58,86,69,64,101,151,54,158,199,6,117,98,25,110,81,52,182,28,162,78,60,79,185,148,167,61,41,36,46,131,59,133,96,157,138,178,164,173,66,126,198,159,140,118,109,29,154,156,106,19,108,146,43,128,85,152,111,83,181,82,192,139,33,13,172,195,40,37,15,35,88,145,189,194,31,171,116,57,0,113,196,89,5,141,119,74,183,63,51,72,147,65,102,115,14,45,55,155,184,161,80,114,177,169,191,11,104,180,75,170,95,137,90,125,149,32,68,97,100,7,175,179,27,150,136,144,70,168,17,103,105,142,190,188,186,176,42,47,132,166,123,44];False
2443;8309;10752;[4,67,193,48,10,1,91,129,8,84,122,73,174,135,21,99,16,77,112,71,56,18,62,120,24,197,26,9,143,20,3,2,121,160,92,49,130,22,38,34,124,94,75,12,165,153,187,127,39,107,87,76,50,53,93,23,30,134,58,86,69,64,101,151,54,158,199,6,117,98,25,110,81,52,182,28,162,78,60,79,185,148,167,61,41,36,46,131,59,194,96,157,138,178,164,173,66,126,198,159,140,118,109,29,154,156,106,19,108,146,43,128,85,152,111,83,181,82,192,139,33,13,172,195,40,37,15,35,88,145,189,133,31,171,116,57,0,113,196,89,5,141,119,74,183,63,51,72,147,65,102,115,14,45,55,155,184,161,80,114,177,169,191,11,104,180,163,170,95,137,90,125,149,32,68,97,100,7,175,179,27,150,136,144,70,168,17,103,105,142,190,188,186,176,42,47,132,166,123,44];False
2470;8282;10752;[4,67,193,48,10,1,91,129,8,84,122,73,174,135,21,99,16,77,112,71,56,18,62,120,24,197,137,9,143,20,3,2,121,160,92,49,130,22,38,34,124,94,75,12,165,153,187,127,39,107,87,76,50,53,93,23,30,134,58,86,69,64,101,151,54,158,199,6,117,98,25,110,81,52,182,28,162,78,60,79,185,148,167,61,41,36,46,131,59,133,96,157,138,178,164,173,66,126,198,159,140,118,109,29,154,156,106,19,108,146,43,128,85,152,111,83,181,82,192,139,33,13,172,195,40,37,15,35,88,145,189,194,31,171,116,57,0,113,196,89,5,141,119,74,183,63,51,72,147,65,102,115,14,45,55,155,184,161,80,114,177,169,191,11,104,180,163,170,95,26,90,125,149,32,68,97,100,7,175,179,27,150,136,144,70,168,17,103,105,142,190,188,186,176,42,47,132,166,123,44];False
2390;8362;10752;[4,67,193,48,10,1,91,129,8,84,122,73,174,135,21,99,16,77,112,71,56,18,62,120,24,197,26,9,143,20,3,2,121,160,92,49,130,22,38,34,124,94,75,12,165,153,187,127,39,107,87,76,50,53,93,23,30,134,58,86,69,64,101,151,54,158,199,6,117,98,25,110,81,52,182,28,162,78,60,79,185,148,167,61,41,36,46,131,59,133,96,157,138,178,164,173,66,126,198,159,140,118,109,179,154,156,106,19,108,146,43,128,85,152,111,83,181,82,192,139,33,13,172,195,40,37,15,35,88,145,189,194,31,171,116,57,0,113,196,89,5,141,119,74,183,63,51,72,147,65,102,115,14,45,55,155,184,161,80,114,177,169,191,11,104,180,163,170,95,137,90,125,149,32,68,97,100,7,175,29,27,150,136,144,70,168,17,103,105,142,190,188,186,176,42,47,132,166,123,44];False
2469;8283;10752;[4,67,193,48,10,1,91,129,8,84,122,73,174,135,21,99,16,77,112,71,56,18,62,120,24,197,26,9,143,20,3,2,121,160,92,49,130,22,38,34,124,94,75,12,165,153,187,127,39,107,87,76,50,53,93,61,30,134,58,86,69,64,101,151,54,158,199,6,117,98,25,110,81,52,182,28,162,78,60,79,185,148,167,23,41,36,46,131,59,133,96,157,138,178,164,173,66,126,198,159,140,118,109,29,154,156,106,19,108,146,43,128,85,152,111,83,181,82,192,139,33,13,172,195,40,37,15,35,88,145,189,194,31,171,116,57,0,113,196,89,5,141,119,74,183,63,51,72,147,65,102,115,14,45,55,155,184,161,80,114,177,169,191,11,104,180,163,170,95,137,90,125,149,32,68,97,100,7,175,179,27,150,136,144,70,168,17,103,105,142,190,188,186,176,42,47,132,166,123,44];False
2511;8241;10752;[4,67,193,48,10,1,91,129,8,84,122,73,174,135,21,99,16,77,112,71,56,18,62,120,24,197,26,9,143,20,3,2,121,160,92,49,130,22,38,34,124,94,75,12,165,153,187,127,39,107,87,76,50,53,93,23,30,134,58,86,69,64,101,151,54,158,199,6,117,98,25,110,81,52,182,28,162,78,60,79,185,148,167,61,41,36,196,131,59,133,96,157,138,178,164,173,66,126,198,159,140,118,109,29,154,156,106,19,108,146,43,128,85,152,111,83,181,82,192,139,33,13,172,195,40,37,15,35,88,145,189,194,31,171,116,57,0,113,46,89,5,141,119,74,183,63,51,72,147,65,102,115,14,45,55,155,184,161,80,114,177,169,191,11,104,180,163,170,95,137,90,125,149,32,68,97,100,7,175,179,27,150,136,144,70,168,17,103,105,142,190,188,186,176,42,47,132,166,123,44];False
2492;8260;10752;[4,67,193,48,16,1,91,129,8,84,122,73,174,135,21,99,10,77,112,71,56,18,62,120,24,197,26,9,143,20,3,2,121,160,92,49,130,22,38,34,124,94,75,12,165,153,187,127,39,107,87,76,50,53,93,23,30,134,58,86,69,64,101,151,54,158,199,6,117,98,25,110,81,52,182,28,162,78,60,79,185,148,167,61,41,36,46,131,59,133,96,157,138,178,164,173,66,126,198,159,140,118,109,29,154,156,106,19,108,146,43,128,85,152,111,83,181,82,192,139,33,13,172,195,40,37,15,35,88,145,189,194,31,171,116,57,0,113,196,89,5,141,119,74,183,63,51,72,147,65,102,115,14,45,55,155,184,161,80,114,177,169,191,11,104,180,163,170,95,137,90,125,149,32,68,97,100,7,175,179,27,150,136,144,70,168,17,103,105,142,190,188,186,176,42,47,132,166,123,44];False
2426;8325;10751;[4,67,193,48,10,1,91,129,8,84,122,73,174,135,21,99,16,77,112,71,56,18,62,120,24,197,26,9,143,20,3,2,121,160,92,49,130,22,38,34,124,94,75,12,165,153,187,28,39,107,87,76,50,53,93,23,30,134,58,86,69,64,101,151,54,158,199,6,117,98,25,110,81,52,182,127,162,78,60,79,185,148,167,61,41,36,46,131,59,133,96,157,138,178,164,173,66,126,198,159,140,118,109,29,154,156,106,19,108,146,43,128,85,152,111,83,181,82,192,139,33,13,172,195,40,37,15,35,88,145,189,194,31,171,116,57,0,113,196,89,5,141,119,74,183,63,51,72,147,65,102,115,14,45,55,155,184,161,80,114,177,169,191,11,104,180,163,170,95,137,90,125,149,32,68,97,100,7,175,179,27,150,136,144,70,168,17,103,105,142,190,188,186,176,42,47,132,166,123,44];False
2474;8277;10751;[4,67,193,48,10,1,91,129,8,84,122,73,174,135,21,99,16,77,112,71,56,18,62,120,24,197,26,9,143,20,3,2,121,160,92,49,130,22,38,12,124,94,75,34,165,153,187,127,39,107,87,76,50,53,93,23,30,134,58,86,69,64,101,151,54,158,199,6,117,98,25,110,81,52,182,28,162,78,60,79,185,148,167,61,41,36,46,131,59,133,96,157,138,178,164,173,66,126,198,159,140,118,109,29,154,156,106,19,108,146,43,128,85,152,111,83,181,82,192,139,33,13,172,195,40,37,15,35,88,145,189,194,31,171,116,57,0,113,196,89,5,141,119,74,183,63,51,72,147,65,102,115,14,45,55,155,184,161,80,114,177,169,191,11,104,180,163,170,95,137,90,125,149,32,68,97,100,7,175,179,27,150,136,144,70,168,17,103,105,142,190,188,186,176,42,47,132,166,123,44];False
2477;8274;10751;[4,67,193,48,10,1,91,129,8,84,122,73,174,135,21,99,16,77,112,71,56,18,62,120,24,197,26,9,143,20,3,2,121,160,92,49,130,22,38,34,124,94,75,12,165,153,187,127,39,107,87,76,50,53,93,23,30,134,58,86,69,64,101,151,54,158,199,6,117,98,25,110,81,52,182,28,162,78,60,79,185,148,167,61,41,36,46,131,59,133,96,157,138,178,164,173,108,126,198,159,140,118,109,29,154,156,106,19,66,146,43,128,85,152,111,83,181,82,192,139,33,13,172,195,40,37,15,35,88,145,189,194,31,171,116,57,0,113,196,89,5,141,119,74,183,63,51,72,147,65,102,115,14,45,55,155,184,161,80,114,177,169,191,11,104,180,163,170,95,137,90,125,149,32,68,97,100,7,175,179,27,150,136,144,70,168,17,103,105,142,190,188,186,176,42,47,132,166,123,44];False
2482;8269;10751;[4,67,193,48,10,1,91,129,8,84,122,73,174,135,21,99,16,77,112,71,56,18,62,120,24,197,26,9,143,20,3,2,121,160,92,49,130,22,38,34,124,94,75,12,165,153,187,127,39,107,87,76,50,53,93,23,30,134,58,86,69,64,101,151,54,158,199,6,117,98,25,110,81,52,182,28,162,78,60,79,185,148,167,61,41,36,46,131,59,133,96,157,138,178,164,173,66,126,198,159,140,118,109,29,154,156,106,19,108,146,43,128,85,152,111,83,181,82,192,139,33,13,172,195,40,105,15,35,88,145,189,194,31,171,116,57,0,113,196,89,5,141,119,74,183,63,51,72,147,65,102,115,14,45,55,155,184,161,80,114,177,169,191,11,104,180,163,170,95,137,90,125,149,32,68,97,100,7,175,179,27,150,136,144,70,168,17,103,37,142,190,188,186,176,42,47,132,166,123,44];False
2447;8304;10751;[4,67,193,48,10,1,91,129,8,84,122,73,174,135,21,99,16,77,112,71,56,18,62,120,24,197,26,9,143,20,3,2,121,160,92,49,130,196,38,34,124,94,75,12,165,153,187,127,39,107,87,76,50,53,93,23,30,134,58,86,69,64,101,151,54,158,199,6,117,98,25,110,81,52,182,28,162,78,60,79,185,148,167,61,41,36,46,131,59,133,96,157,138,178,164,173,66,126,198,159,140,118,109,29,154,156,106,19,108,146,43,128,85,152,111,83,181,82,192,139,33,13,172,195,40,37,15,35,88,145,189,194,31,171,116,57,0,113,22,89,5,141,119,74,183,63,51,72,147,65,102,115,14,45,55,155,184,161,80,114,177,169,191,11,104,180,163,170,95,137,90,125,149,32,68,97,100,7,175,179,27,150,136,144,70,168,17,103,105,142,190,188,186,176,42,47,132,166,123,44];False
2472;8279;10751;[4,67,80,48,10,1,91,129,8,84,122,73,174,135,21,99,16,77,112,71,56,18,62,120,24,197,26,9,143,20,3,2,121,160,92,49,130,22,38,34,124,94,75,12,165,153,187,127,39,107,87,76,50,53,93,23,30,134,58,86,69,64,101,151,54,158,199,6,117,98,25,110,81,52,182,28,162,78,60,79,185,148,167,61,41,36,46,131,59,133,96,157,138,178,164,173,66,126,198,159,140,118,109,29,154,156,106,19,108,146,43,128,85,152,111,83,181,82,192,139,33,13,172,195,40,37,15,35,88,145,189,194,31,171,116,57,0,113,196,89,5,141,119,74,183,63,51,72,147,65,102,115,14,45,55,155,184,161,193,114,177,169,191,11,104,180,163,170,95,137,90,125,149,32,68,97,100,7,175,179,27,150,136,144,70,168,17,103,105,142,190,188,186,176,42,47,132,166,123,44];False
2401;8350;10751;[4,67,193,48,10,1,91,129,8,84,122,73,174,135,21,99,16,77,112,71,56,18,62,120,24,197,26,9,143,20,3,2,121,160,92,49,130,22,38,34,151,94,75,12,165,153,187,127,39,107,87,76,50,53,93,23,30,134,58,86,69,64,101,124,54,158,199,6,117,98,25,110,81,52,182,28,162,78,60,79,185,148,167,61,41,36,46,131,59,133,96,157,138,178,164,173,66,126,198,159,140,118,109,29,154,156,106,19,108,146,43,128,85,152,111,83,181,82,192,139,33,13,172,195,40,37,15,35,88,145,189,194,31,171,116,57,0,113,196,89,5,141,119,74,183,63,51,72,147,65,102,115,14,45,55,155,184,161,80,114,177,169,191,11,104,180,163,170,95,137,90,125,149,32,68,97,100,7,175,179,27,150,136,144,70,168,17,103,105,142,190,188,186,176,42,47,132,166,123,44];False
2461;8290;10751;[4,67,193,48,10,1,91,129,8,84,122,73,174,135,21,99,16,199,112,71,56,18,62,120,24,197,26,9,143,20,3,2,121,160,92,49,130,22,38,34,124,94,75,12,165,153,187,127,39,107,87,76,50,53,93,23,30,134,58,86,69,64,101,151,54,158,77,6,117,98,25,110,81,52,182,28,162,78,60,79,185,148,167,61,41,36,46,131,59,133,96,157,138,178,164,173,66,126,198,159,140,118,109,29,154,156,106,19,108,146,43,128,85,152,111,83,181,82,192,139,33,13,172,195,40,37,15,35,88,145,189,194,31,171,116,57,0,113,196,89,5,141,119,74,183,63,51,72,147,65,102,115,14,45,55,155,184,161,80,114,177,169,191,11,104,180,163,170,95,137,90,125,149,32,68,97,100,7,175,179,27,150,136,144,70,168,17,103,105,142,190,188,186,176,42,47,132,166,123,44];False
2520;8230;10750;[4,67,193,48,10,1,91,129,8,84,122,73,174,135,21,99,16,77,112,71,56,18,62,120,24,197,26,9,143,20,3,2,121,160,92,49,130,22,38,34,124,94,75,12,165,153,187,127,39,107,87,76,50,53,93,23,30,134,58,86,69,64,101,151,54,158,199,6,117,98,25,110,81,52,182,28,162,78,60,79,185,148,167,61,41,36,46,131,59,133,96,157,138,178,164,173,66,126,198,159,140,118,109,29,154,156,106,19,108,146,115,128,85,152,111,83,181,82,192,139,33,13,172,195,40,37,15,35,88,145,189,194,31,171,116,57,0,113,196,89,5,141,119,74,183,63,51,72,147,65,102,43,14,45,55,155,184,161,80,114,177,169,191,11,104,180,163,170,95,137,90,125,149,32,68,97,100,7,175,179,27,150,136,144,70,168,17,103,105,142,190,188,186,176,42,47,132,166,123,44];False
2446;8304;10750;[4,67,193,48,10,1,91,129,8,84,122,73,174,135,21,99,16,77,112,71,56,18,62,120,24,197,26,9,143,20,3,2,121,160,92,49,130,22,38,34,124,94,75,12,165,153,187,127,39,107,87,76,50,53,93,23,30,134,58,86,69,64,101,151,54,158,199,6,117,98,25,110,81,52,182,28,162,78,60,79,125,148,167,61,41,36,46,131,59,133,96,157,138,178,164,173,66,126,198,159,140,118,109,29,154,156,106,19,108,146,43,128,85,152,111,83,181,82,192,139,33,13,172,195,40,37,15,35,88,145,189,194,31,171,116,57,0,113,196,89,5,141,119,74,183,63,51,72,147,65,102,115,14,45,55,155,184,161,80,114,177,169,191,11,104,180,163,170,95,137,90,185,149,32,68,97,100,7,175,179,27,150,136,144,70,168,17,103,105,142,190,188,186,176,42,47,132,166,123,44];False
2485;8265;10750;[4,67,193,48,10,1,91,129,8,84,122,73,174,135,21,99,16,77,112,71,56,18,62,120,24,197,26,9,143,20,3,2,121,28,92,49,130,22,38,34,124,94,75,12,165,153,187,127,39,107,87,76,50,53,93,23,30,134,58,86,69,64,101,151,54,158,199,6,117,98,25,110,81,52,182,160,162,78,60,79,185,148,167,61,41,36,46,131,59,133,96,157,138,178,164,173,66,126,198,159,140,118,109,29,154,156,106,19,108,146,43,128,85,152,111,83,181,82,192,139,33,13,172,195,40,37,15,35,88,145,189,194,31,171,116,57,0,113,196,89,5,141,119,74,183,63,51,72,147,65,102,115,14,45,55,155,184,161,80,114,177,169,191,11,104,180,163,170,95,137,90,125,149,32,68,97,100,7,175,179,27,150,136,144,70,168,17,103,105,142,190,188,186,176,42,47,132,166,123,44];False
2450;8300;10750;[4,67,193,48,10,1,91,129,8,84,122,73,174,135,21,99,16,77,112,71,56,18,62,120,24,197,54,9,143,20,3,2,121,160,92,49,130,22,38,34,124,94,75,12,165,153,187,127,39,107,87,76,50,53,93,23,30,134,58,86,69,64,101,151,26,158,199,6,117,98,25,110,81,52,182,28,162,78,60,79,185,148,167,61,41,36,46,131,59,133,96,157,138,178,164,173,66,126,198,159,140,118,109,29,154,156,106,19,108,146,43,128,85,152,111,83,181,82,192,139,33,13,172,195,40,37,15,35,88,145,189,194,31,171,116,57,0,113,196,89,5,141,119,74,183,63,51,72,147,65,102,115,14,45,55,155,184,161,80,114,177,169,191,11,104,180,163,170,95,137,90,125,149,32,68,97,100,7,175,179,27,150,136,144,70,168,17,103,105,142,190,188,186,176,42,47,132,166,123,44];False
2479;8271;10750;[4,174,193,48,10,1,91,129,8,84,122,73,67,135,21,99,16,77,112,71,56,18,62,120,24,197,26,9,143,20,3,2,121,160,92,49,130,22,38,34,124,94,75,12,165,153,187,127,39,107,87,76,50,53,93,23,30,134,58,86,69,64,101,151,54,158,199,6,117,98,25,110,81,52,182,28,162,78,60,79,185,148,167,61,41,36,46,131,59,133,96,157,138,178,164,173,66,126,198,159,140,118,109,29,154,156,106,19,108,146,43,128,85,152,111,83,181,82,192,139,33,13,172,195,40,37,15,35,88,145,189,194,31,171,116,57,0,113,196,89,5,141,119,74,183,63,51,72,147,65,102,115,14,45,55,155,184,161,80,114,177,169,191,11,104,180,163,170,95,137,90,125,149,32,68,97,100,7,175,179,27,150,136,144,70,168,17,103,105,142,190,188,186,176,42,47,132,166,123,44];False
2459;8291;10750;[4,67,193,48,10,1,91,129,8,84,122,73,174,135,21,99,16,77,112,71,56,18,62,120,24,197,26,9,143,20,3,2,121,160,92,49,130,22,38,34,124,94,75,12,165,153,187,127,39,107,54,76,50,53,93,23,30,134,58,86,69,64,101,151,87,158,199,6,117,98,25,110,81,52,182,28,162,78,60,79,185,148,167,61,41,36,46,131,59,133,96,157,138,178,164,173,66,126,198,159,140,118,109,29,154,156,106,19,108,146,43,128,85,152,111,83,181,82,192,139,33,13,172,195,40,37,15,35,88,145,189,194,31,171,116,57,0,113,196,89,5,141,119,74,183,63,51,72,147,65,102,115,14,45,55,155,184,161,80,114,177,169,191,11,104,180,163,170,95,137,90,125,149,32,68,97,100,7,175,179,27,150,136,144,70,168,17,103,105,142,190,188,186,176,42,47,132,166,123,44];False
2460;8290;10750;[4,67,193,48,10,1,91,129,8,84,122,73,174,135,21,99,16,77,112,71,56,18,62,120,24,197,26,9,143,20,3,2,121,160,92,49,130,22,38,34,124,94,75,12,165,153,187,127,39,107,87,76,50,53,93,23,30,134,58,86,69,64,101,151,54,158,199,6,117,98,25,110,81,52,182,28,162,78,60,79,185,148,167,61,41,36,46,131,59,133,96,157,138,178,164,173,66,126,198,159,140,118,109,29,154,156,106,19,108,146,43,128,85,152,111,83,181,82,192,139,33,13,172,195,40,37,15,35,88,145,189,194,31,171,116,57,0,113,196,89,5,141,119,74,183,63,51,72,147,65,102,115,14,45,55,155,184,161,80,114,177,169,191,11,104,180,163,170,95,137,90,125,149,32,68,97,100,7,175,179,27,150,70,144,136,168,17,103,105,142,190,188,186,176,42,47,132,166,123,44];False
2464;8286;10750;[4,67,193,48,10,1,91,129,8,84,122,73,174,135,21,99,16,77,112,71,56,18,62,120,24,197,26,9,143,20,3,2,121,160,92,49,130,22,38,34,124,94,75,12,165,153,187,127,39,107,87,76,50,53,93,23,30,134,58,86,69,64,101,151,54,158,199,6,117,98,25,110,132,52,182,28,162,78,60,79,185,148,167,61,41,36,46,131,59,133,96,157,138,178,164,173,66,126,198,159,140,118,109,29,154,156,106,19,108,146,43,128,85,152,111,83,181,82,192,139,33,13,172,195,40,37,15,35,88,145,189,194,31,171,116,57,0,113,196,89,5,141,119,74,183,63,51,72,147,65,102,115,14,45,55,155,184,161,80,114,177,169,191,11,104,180,163,170,95,137,90,125,149,32,68,97,100,7,175,179,27,150,136,144,70,168,17,103,105,142,190,188,186,176,42,47,81,166,123,44];False
2505;8245;10750;[4,67,193,48,10,1,91,129,8,84,122,73,174,135,21,99,16,77,112,71,56,18,62,120,24,197,26,9,143,20,3,2,121,160,92,49,130,22,38,34,124,94,75,12,165,153,187,127,39,107,87,76,50,53,93,23,30,134,58,86,69,64,101,151,54,158,199,6,117,98,25,110,81,52,182,28,162,78,60,79,185,148,167,61,41,36,46,131,59,133,96,157,138,178,164,173,66,126,198,159,140,118,109,29,154,156,106,19,108,146,43,128,85,152,111,83,181,82,192,15,33,13,172,195,40,37,139,35,88,145,189,194,31,171,116,57,0,113,196,89,5,141,119,74,183,63,51,72,147,65,102,115,14,45,55,155,184,161,80,114,177,169,191,11,104,180,163,170,95,137,90,125,149,32,68,97,100,7,175,179,27,150,136,144,70,168,17,103,105,142,190,188,186,176,42,47,132,166,123,44];False
2494;8256;10750;[4,67,193,48,10,1,91,129,8,84,122,73,174,135,21,99,16,77,112,71,56,18,62,120,24,197,26,9,143,66,3,2,121,160,92,49,130,22,38,34,124,94,75,12,165,153,187,127,39,107,87,76,50,53,93,23,30,134,58,86,69,64,101,151,54,158,199,6,117,98,25,110,81,52,182,28,162,78,60,79,185,148,167,61,41,36,46,131,59,133,96,157,138,178,164,173,20,126,198,159,140,118,109,29,154,156,106,19,108,146,43,128,85,152,111,83,181,82,192,139,33,13,172,195,40,37,15,35,88,145,189,194,31,171,116,57,0,113,196,89,5,141,119,74,183,63,51,72,147,65,102,115,14,45,55,155,184,161,80,114,177,169,191,11,104,180,163,170,95,137,90,125,149,32,68,97,100,7,175,179,27,150,136,144,70,168,17,103,105,142,190,188,186,176,42,47,132,166,123,44];False
2506;8244;10750;[4,67,193,48,10,1,91,129,8,84,122,73,174,135,21,99,16,77,112,71,56,18,62,120,24,197,26,9,143,20,3,2,121,160,92,49,130,22,38,34,124,94,75,12,165,153,187,127,39,107,87,76,50,53,66,23,30,134,58,86,69,64,101,151,54,158,199,6,117,98,25,110,81,52,182,28,162,78,60,79,185,148,167,61,41,36,46,131,59,133,96,157,138,178,164,173,93,126,198,159,140,118,109,29,154,156,106,19,108,146,43,128,85,152,111,83,181,82,192,139,33,13,172,195,40,37,15,35,88,145,189,194,31,171,116,57,0,113,196,89,5,141,119,74,183,63,51,72,147,65,102,115,14,45,55,155,184,161,80,114,177,169,191,11,104,180,163,170,95,137,90,125,149,32,68,97,100,7,175,179,27,150,136,144,70,168,17,103,105,142,190,188,186,176,42,47,132,166,123,44];False
2461;8289;10750;[4,67,193,48,10,1,91,129,8,84,122,73,174,135,21,99,16,77,112,71,56,18,62,120,121,197,26,9,143,20,3,2,24,160,92,49,130,22,38,34,124,94,75,12,165,153,187,127,39,107,87,76,50,53,93,23,30,134,58,86,69,64,101,151,54,158,199,6,117,98,25,110,81,52,182,28,162,78,60,79,185,148,167,61,41,36,46,131,59,133,96,157,138,178,164,173,66,126,198,159,140,118,109,29,154,156,106,19,108,146,43,128,85,152,111,83,181,82,192,139,33,13,172,195,40,37,15,35,88,145,189,194,31,171,116,57,0,113,196,89,5,141,119,74,183,63,51,72,147,65,102,115,14,45,55,155,184,161,80,114,177,169,191,11,104,180,163,170,95,137,90,125,149,32,68,97,100,7,175,179,27,150,136,144,70,168,17,103,105,142,190,188,186,176,42,47,132,166,123,44];False
2429;8320;10749;[4,67,193,48,10,1,91,13,8,84,122,73,174,135,21,99,16,77,112,71,56,18,62,120,24,197,26,9,143,20,3,2,121,160,92,49,130,22,38,34,124,94,75,12,165,153,187,127,39,107,87,76,50,53,93,23,30,134,58,86,69,64,101,151,54,158,199,6,117,98,25,110,81,52,182,28,162,78,60,79,185,148,167,61,41,36,46,131,59,133,96,157,138,178,164,173,66,126,198,159,140,118,109,29,154,156,106,19,108,146,43,128,85,152,111,83,181,82,192,139,33,129,172,195,40,37,15,35,88,145,189,194,31,171,116,57,0,113,196,89,5,141,119,74,183,63,51,72,147,65,102,115,14,45,55,155,184,161,80,114,177,169,191,11,104,180,163,170,95,137,90,125,149,32,68,97,100,7,175,179,27,150,136,144,70,168,17,103,105,142,190,188,186,176,42,47,132,166,123,44];False
2492;8257;10749;[4,67,193,48,10,1,91,129,8,84,122,73,174,135,21,99,16,77,112,71,56,18,62,120,24,197,26,9,143,20,3,2,121,160,92,49,130,22,38,34,124,94,75,12,165,153,187,127,39,107,87,76,50,53,93,23,30,134,58,86,69,64,101,151,54,158,199,6,117,98,25,110,81,52,182,28,162,78,60,79,185,148,167,61,41,36,46,131,59,133,96,157,194,178,164,173,66,126,198,159,140,118,109,29,154,156,106,19,108,146,43,128,85,152,111,83,181,82,192,139,33,13,172,195,40,37,15,35,88,145,189,138,31,171,116,57,0,113,196,89,5,141,119,74,183,63,51,72,147,65,102,115,14,45,55,155,184,161,80,114,177,169,191,11,104,180,163,170,95,137,90,125,149,32,68,97,100,7,175,179,27,150,136,144,70,168,17,103,105,142,190,188,186,176,42,47,132,166,123,44];False
2489;8260;10749;[4,67,193,48,10,1,91,129,8,84,122,73,174,135,21,99,16,77,112,71,56,18,62,120,24,197,26,9,143,20,3,2,121,160,92,49,130,22,38,34,124,94,75,93,165,153,187,127,39,107,87,76,50,53,12,23,30,134,58,86,69,64,101,151,54,158,199,6,117,98,25,110,81,52,182,28,162,78,60,79,185,148,167,61,41,36,46,131,59,133,96,157,138,178,164,173,66,126,198,159,140,118,109,29,154,156,106,19,108,146,43,128,85,152,111,83,181,82,192,139,33,13,172,195,40,37,15,35,88,145,189,194,31,171,116,57,0,113,196,89,5,141,119,74,183,63,51,72,147,65,102,115,14,45,55,155,184,161,80,114,177,169,191,11,104,180,163,170,95,137,90,125,149,32,68,97,100,7,175,179,27,150,136,144,70,168,17,103,105,142,190,188,186,176,42,47,132,166,123,44];False
2442;8307;10749;[4,67,193,48,10,134,91,129,8,84,122,73,174,135,21,99,16,77,112,71,56,18,62,120,24,197,26,9,143,20,3,2,121,160,92,49,130,22,38,34,124,94,75,12,165,153,187,127,39,107,87,76,50,53,93,23,30,1,58,86,69,64,101,151,54,158,199,6,117,98,25,110,81,52,182,28,162,78,60,79,185,148,167,61,41,36,46,131,59,133,96,157,138,178,164,173,66,126,198,159,140,118,109,29,154,156,106,19,108,146,43,128,85,152,111,83,181,82,192,139,33,13,172,195,40,37,15,35,88,145,189,194,31,171,116,57,0,113,196,89,5,141,119,74,183,63,51,72,147,65,102,115,14,45,55,155,184,161,80,114,177,169,191,11,104,180,163,170,95,137,90,125,149,32,68,97,100,7,175,179,27,150,136,144,70,168,17,103,105,142,190,188,186,176,42,47,132,166,123,44];False
2427;8322;10749;[4,67,193,48,10,1,91,129,8,84,122,73,174,135,21,99,16,77,112,71,56,18,62,120,24,197,26,9,143,20,3,2,121,160,92,49,130,22,38,128,124,94,75,12,165,153,187,127,39,107,87,76,50,53,93,23,30,134,58,86,69,64,101,151,54,158,199,6,117,98,25,110,81,52,182,28,162,78,60,79,185,148,167,61,41,36,46,131,59,133,96,157,138,178,164,173,66,126,198,159,140,118,109,29,154,156,106,19,108,146,43,34,85,152,111,83,181,82,192,139,33,13,172,195,40,37,15,35,88,145,189,194,31,171,116,57,0,113,196,89,5,141,119,74,183,63,51,72,147,65,102,115,14,45,55,155,184,161,80,114,177,169,191,11,104,180,163,170,95,137,90,125,149,32,68,97,100,7,175,179,27,150,136,144,70,168,17,103,105,142,190,188,186,176,42,47,132,166,123,44];False
2416;8332;10748;[4,67,193,48,10,1,91,129,8,84,122,73,174,135,21,99,16,77,112,71,56,18,62,120,24,197,26,9,143,20,3,2,121,160,92,49,130,22,38,34,124,94,75,12,165,153,187,127,39,107,87,76,50,53,93,23,30,134,58,86,69,64,101,151,54,158,199,6,117,98,25,110,81,52,182,28,162,78,60,79,185,148,167,61,41,36,46,131,59,133,96,157,138,178,164,173,66,126,198,159,140,118,109,29,154,156,106,177,108,146,43,128,85,152,111,83,181,82,192,139,33,13,172,195,40,37,15,35,88,145,189,194,31,171,116,57,0,113,196,89,5,141,119,74,183,63,51,72,147,65,102,115,14,45,55,155,184,161,80,114,19,169,191,11,104,180,163,170,95,137,90,125,149,32,68,97,100,7,175,179,27,150,136,144,70,168,17,103,105,142,190,188,186,176,42,47,132,166,123,44];False
2440;8308;10748;[4,67,193,48,10,1,91,129,8,84,122,73,174,135,21,99,16,77,112,71,56,18,62,55,24,197,26,9,143,20,3,2,121,160,92,49,130,22,38,34,124,94,75,12,165,153,187,127,39,107,87,76,50,53,93,23,30,134,58,86,69,64,101,151,54,158,199,6,117,98,25,110,81,52,182,28,162,78,60,79,185,148,167,61,41,36,46,131,59,133,96,157,138,178,164,173,66,126,198,159,140,118,109,29,154,156,106,19,108,146,43,128,85,152,111,83,181,82,192,139,33,13,172,195,40,37,15,35,88,145,189,194,31,171,116,57,0,113,196,89,5,141,119,74,183,63,51,72,147,65,102,115,14,45,120,155,184,161,80,114,177,169,191,11,104,180,163,170,95,137,90,125,149,32,68,97,100,7,175,179,27,150,136,144,70,168,17,103,105,142,190,188,186,176,42,47,132,166,123,44];False
2459;8289;10748;[4,67,193,48,10,1,91,129,8,84,122,73,174,135,21,99,16,77,112,75,56,18,62,120,24,197,26,9,143,20,3,2,121,160,92,49,130,22,38,34,124,94,71,12,165,153,187,127,39,107,87,76,50,53,93,23,30,134,58,86,69,64,101,151,54,158,199,6,117,98,25,110,81,52,182,28,162,78,60,79,185,148,167,61,41,36,46,131,59,133,96,157,138,178,164,173,66,126,198,159,140,118,109,29,154,156,106,19,108,146,43,128,85,152,111,83,181,82,192,139,33,13,172,195,40,37,15,35,88,145,189,194,31,171,116,57,0,113,196,89,5,141,119,74,183,63,51,72,147,65,102,115,14,45,55,155,184,161,80,114,177,169,191,11,104,180,163,170,95,137,90,125,149,32,68,97,100,7,175,179,27,150,136,144,70,168,17,103,105,142,190,188,186,176,42,47,132,166,123,44];False
2453;8295;10748;[4,119,193,48,10,1,91,129,8,84,122,73,174,135,21,99,16,77,112,71,56,18,62,120,24,197,26,9,143,20,3,2,121,160,92,49,130,22,38,34,124,94,75,12,165,153,187,127,39,107,87,76,50,53,93,23,30,134,58,86,69,64,101,151,54,158,199,6,117,98,25,110,81,52,182,28,162,78,60,79,185,148,167,61,41,36,46,131,59,133,96,157,138,178,164,173,66,126,198,159,140,118,109,29,154,156,106,19,108,146,43,128,85,152,111,83,181,82,192,139,33,13,172,195,40,37,15,35,88,145,189,194,31,171,116,57,0,113,196,89,5,141,67,74,183,63,51,72,147,65,102,115,14,45,55,155,184,161,80,114,177,169,191,11,104,180,163,170,95,137,90,125,149,32,68,97,100,7,175,179,27,150,136,144,70,168,17,103,105,142,190,188,186,176,42,47,132,166,123,44];False
2460;8288;10748;[4,67,193,48,10,1,91,129,8,84,122,73,174,135,21,99,16,77,112,71,56,18,62,120,24,128,26,9,143,20,3,2,121,160,92,49,130,22,38,34,124,94,75,12,165,153,187,127,39,107,87,76,50,53,93,23,30,134,58,86,69,64,101,151,54,158,199,6,117,98,25,110,81,52,182,28,162,78,60,79,185,148,167,61,41,36,46,131,59,133,96,157,138,178,164,173,66,126,198,159,140,118,109,29,154,156,106,19,108,146,43,197,85,152,111,83,181,82,192,139,33,13,172,195,40,37,15,35,88,145,189,194,31,171,116,57,0,113,196,89,5,141,119,74,183,63,51,72,147,65,102,115,14,45,55,155,184,161,80,114,177,169,191,11,104,180,163,170,95,137,90,125,149,32,68,97,100,7,175,179,27,150,136,144,70,168,17,103,105,142,190,188,186,176,42,47,132,166,123,44];False
2444;8303;10747;[4,67,193,48,10,1,91,129,8,84,122,73,174,135,21,99,16,124,112,71,56,18,62,120,24,197,26,9,143,20,3,2,121,160,92,49,130,22,38,34,77,94,75,12,165,153,187,127,39,107,87,76,50,53,93,23,30,134,58,86,69,64,101,151,54,158,199,6,117,98,25,110,81,52,182,28,162,78,60,79,185,148,167,61,41,36,46,131,59,133,96,157,138,178,164,173,66,126,198,159,140,118,109,29,154,156,106,19,108,146,43,128,85,152,111,83,181,82,192,139,33,13,172,195,40,37,15,35,88,145,189,194,31,171,116,57,0,113,196,89,5,141,119,74,183,63,51,72,147,65,102,115,14,45,55,155,184,161,80,114,177,169,191,11,104,180,163,170,95,137,90,125,149,32,68,97,100,7,175,179,27,150,136,144,70,168,17,103,105,142,190,188,186,176,42,47,132,166,123,44];False
2479;8268;10747;[4,67,193,48,10,1,91,129,8,84,122,73,174,135,21,99,16,77,112,71,56,18,62,120,24,197,26,96,143,20,3,2,121,160,92,49,130,22,38,34,124,94,75,12,165,153,187,127,39,107,87,76,50,53,93,23,30,134,58,86,69,64,101,151,54,158,199,6,117,98,25,110,81,52,182,28,162,78,60,79,185,148,167,61,41,36,46,131,59,133,9,157,138,178,164,173,66,126,198,159,140,118,109,29,154,156,106,19,108,146,43,128,85,152,111,83,181,82,192,139,33,13,172,195,40,37,15,35,88,145,189,194,31,171,116,57,0,113,196,89,5,141,119,74,183,63,51,72,147,65,102,115,14,45,55,155,184,161,80,114,177,169,191,11,104,180,163,170,95,137,90,125,149,32,68,97,100,7,175,179,27,150,136,144,70,168,17,103,105,142,190,188,186,176,42,47,132,166,123,44];False
2487;8260;10747;[4,67,193,48,10,1,91,129,8,84,122,73,174,135,21,99,16,77,112,71,56,18,62,120,24,197,26,9,143,20,3,2,121,160,92,49,130,22,38,34,124,94,75,12,165,153,187,127,39,107,87,76,50,53,93,23,30,134,58,86,69,64,101,151,117,158,199,6,54,98,25,110,81,52,182,28,162,78,60,79,185,148,167,61,41,36,46,131,59,133,96,157,138,178,164,173,66,126,198,159,140,118,109,29,154,156,106,19,108,146,43,128,85,152,111,83,181,82,192,139,33,13,172,195,40,37,15,35,88,145,189,194,31,171,116,57,0,113,196,89,5,141,119,74,183,63,51,72,147,65,102,115,14,45,55,155,184,161,80,114,177,169,191,11,104,180,163,170,95,137,90,125,149,32,68,97,100,7,175,179,27,150,136,144,70,168,17,103,105,142,190,188,186,176,42,47,132,166,123,44];False
2491;8256;10747;[4,67,193,48,10,1,91,129,8,84,122,73,174,135,21,99,16,77,112,71,56,18,62,120,24,197,26,9,143,20,3,2,121,160,92,49,130,22,38,34,124,94,75,12,165,153,187,127,39,107,87,76,50,53,93,23,30,134,58,86,69,64,101,151,54,158,199,6,117,98,25,110,81,52,182,28,162,78,60,79,185,148,167,61,41,36,46,131,59,133,96,157,138,178,164,173,66,126,198,159,140,118,109,29,154,156,106,19,108,146,43,128,85,152,111,170,181,82,192,139,33,13,172,195,40,37,15,35,88,145,189,194,31,171,116,57,0,113,196,89,5,141,119,74,183,63,51,72,147,65,102,115,14,45,55,155,184,161,80,114,177,169,191,11,104,180,163,83,95,137,90,125,149,32,68,97,100,7,175,179,27,150,136,144,70,168,17,103,105,142,190,188,186,176,42,47,132,166,123,44];False
2470;8277;10747;[4,67,193,48,10,1,91,129,8,84,122,73,174,135,21,99,16,77,112,71,56,18,62,120,24,197,26,9,143,20,3,2,121,160,92,49,130,22,38,34,124,94,75,12,165,153,187,127,39,107,87,76,50,53,93,23,30,134,58,86,69,64,101,151,54,158,199,6,40,98,25,110,81,52,182,28,162,78,60,79,185,148,167,61,41,36,46,131,59,133,96,157,138,178,164,173,66,126,198,159,140,118,109,29,154,156,106,19,108,146,43,128,85,152,111,83,181,82,192,139,33,13,172,195,117,37,15,35,88,145,189,194,31,171,116,57,0,113,196,89,5,141,119,74,183,63,51,72,147,65,102,115,14,45,55,155,184,161,80,114,177,169,191,11,104,180,163,170,95,137,90,125,149,32,68,97,100,7,175,179,27,150,136,144,70,168,17,103,105,142,190,188,186,176,42,47,132,166,123,44];False
2494;8253;10747;[4,67,193,48,10,1,91,129,8,84,86,73,174,135,21,99,16,77,112,71,56,18,62,120,24,197,26,9,143,20,3,2,121,160,92,49,130,22,38,34,124,94,75,12,165,153,187,127,39,107,87,76,50,53,93,23,30,134,58,122,69,64,101,151,54,158,199,6,117,98,25,110,81,52,182,28,162,78,60,79,185,148,167,61,41,36,46,131,59,133,96,157,138,178,164,173,66,126,198,159,140,118,109,29,154,156,106,19,108,146,43,128,85,152,111,83,181,82,192,139,33,13,172,195,40,37,15,35,88,145,189,194,31,171,116,57,0,113,196,89,5,141,119,74,183,63,51,72,147,65,102,115,14,45,55,155,184,161,80,114,177,169,191,11,104,180,163,170,95,137,90,125,149,32,68,97,100,7,175,179,27,150,136,144,70,168,17,103,105,142,190,188,186,176,42,47,132,166,123,44];False
2459;8288;10747;[4,67,193,48,10,1,91,129,8,84,122,73,174,135,21,99,16,77,112,71,56,18,62,120,24,197,26,9,143,20,3,2,121,160,92,49,132,22,38,34,124,94,75,12,165,153,187,127,39,107,87,76,50,53,93,23,30,134,58,86,69,64,101,151,54,158,199,6,117,98,25,110,81,52,182,28,162,78,60,79,185,148,167,61,41,36,46,131,59,133,96,157,138,178,164,173,66,126,198,159,140,118,109,29,154,156,106,19,108,146,43,128,85,152,111,83,181,82,192,139,33,13,172,195,40,37,15,35,88,145,189,194,31,171,116,57,0,113,196,89,5,141,119,74,183,63,51,72,147,65,102,115,14,45,55,155,184,161,80,114,177,169,191,11,104,180,163,170,95,137,90,125,149,32,68,97,100,7,175,179,27,150,136,144,70,168,17,103,105,142,190,188,186,176,42,47,130,166,123,44];False
2477;8270;10747;[4,67,193,48,10,1,91,129,8,84,122,73,174,135,21,99,16,77,112,71,56,18,62,120,24,197,26,9,143,20,3,2,121,160,92,49,130,22,38,115,124,94,75,12,165,153,187,127,39,107,87,76,50,53,93,23,30,134,58,86,69,64,101,151,54,158,199,6,117,98,25,110,81,52,182,28,162,78,60,79,185,148,167,61,41,36,46,131,59,133,96,157,138,178,164,173,66,126,198,159,140,118,109,29,154,156,106,19,108,146,43,128,85,152,111,83,181,82,192,139,33,13,172,195,40,37,15,35,88,145,189,194,31,171,116,57,0,113,196,89,5,141,119,74,183,63,51,72,147,65,102,34,14,45,55,155,184,161,80,114,177,169,191,11,104,180,163,170,95,137,90,125,149,32,68,97,100,7,175,179,27,150,136,144,70,168,17,103,105,142,190,188,186,176,42,47,132,166,123,44];False
2429;8318;10747;[4,67,193,48,10,1,91,129,8,84,122,73,174,135,21,99,16,77,112,71,56,18,62,120,24,197,26,9,143,20,3,2,121,160,92,49,130,22,38,34,124,94,75,12,165,153,187,127,39,107,87,76,50,53,93,23,30,134,58,86,69,64,101,151,54,158,199,6,117,98,25,110,81,52,182,28,162,78,60,79,185,148,167,61,41,36,46,131,59,133,96,157,138,178,164,173,66,126,198,159,140,118,109,29,154,156,106,19,108,146,43,128,85,152,111,83,181,82,192,139,33,13,172,195,40,37,15,35,88,145,189,194,31,171,116,57,0,113,196,89,5,141,119,74,183,63,51,72,147,47,102,115,14,45,55,155,184,161,80,114,177,169,191,11,104,180,163,170,95,137,90,125,149,32,68,97,100,7,175,179,27,150,136,144,70,168,17,103,105,142,190,188,186,176,42,65,132,166,123,44];False
2435;8312;10747;[4,67,193,48,10,1,91,129,8,84,122,73,174,135,21,99,16,77,112,71,56,18,62,120,24,197,26,9,143,20,3,2,121,160,92,49,130,22,151,34,124,94,75,12,165,153,187,127,39,107,87,76,50,53,93,23,30,134,58,86,69,64,101,38,54,158,199,6,117,98,25,110,81,52,182,28,162,78,60,79,185,148,167,61,41,36,46,131,59,133,96,157,138,178,164,173,66,126,198,159,140,118,109,29,154,156,106,19,108,146,43,128,85,152,111,83,181,82,192,139,33,13,172,195,40,37,15,35,88,145,189,194,31,171,116,57,0,113,196,89,5,141,119,74,183,63,51,72,147,65,102,115,14,45,55,155,184,161,80,114,177,169,191,11,104,180,163,170,95,137,90,125,149,32,68,97,100,7,175,179,27,150,136,144,70,168,17,103,105,142,190,188,186,176,42,47,132,166,123,44];False
2430;8317;10747;[4,67,193,48,10,1,91,129,8,84,122,73,174,135,21,99,16,77,112,71,56,18,62,120,24,197,26,9,143,20,3,2,121,160,92,49,130,22,38,34,124,94,75,12,165,19,187,127,39,107,87,76,50,53,93,23,30,134,58,86,69,64,101,151,54,158,199,6,117,98,25,110,81,52,182,28,162,78,60,79,185,148,167,61,41,36,46,131,59,133,96,157,138,178,164,173,66,126,198,159,140,118,109,29,154,156,106,153,108,146,43,128,85,152,111,83,181,82,192,139,33,13,172,195,40,37,15,35,88,145,189,194,31,171,116,57,0,113,196,89,5,141,119,74,183,63,51,72,147,65,102,115,14,45,55,155,184,161,80,114,177,169,191,11,104,180,163,170,95,137,90,125,149,32,68,97,100,7,175,179,27,150,136,144,70,168,17,103,105,142,190,188,186,176,42,47,132,166,123,44];False
2451;8295;10746;[4,67,193,48,10,1,91,129,8,84,122,73,174,135,21,99,16,77,112,71,56,18,62,120,24,197,26,9,143,20,3,2,121,160,92,49,130,22,38,34,124,94,75,12,165,153,187,127,39,74,87,76,50,53,93,23,30,134,58,86,69,64,101,151,54,158,199,6,117,98,25,110,81,52,182,28,162,78,60,79,185,148,167,61,41,36,46,131,59,133,96,157,138,178,164,173,66,126,198,159,140,118,109,29,154,156,106,19,108,146,43,128,85,152,111,83,181,82,192,139,33,13,172,195,40,37,15,35,88,145,189,194,31,171,116,57,0,113,196,89,5,141,119,107,183,63,51,72,147,65,102,115,14,45,55,155,184,161,80,114,177,169,191,11,104,180,163,170,95,137,90,125,149,32,68,97,100,7,175,179,27,150,136,144,70,168,17,103,105,142,190,188,186,176,42,47,132,166,123,44];False
2457;8289;10746;[4,67,193,48,10,1,91,129,8,84,122,73,174,135,21,99,16,77,112,71,56,18,62,120,24,197,26,9,143,20,3,2,121,160,108,49,130,22,38,34,124,94,75,12,165,153,187,127,39,107,87,76,50,53,93,23,30,134,58,86,69,64,101,151,54,158,199,6,117,98,25,110,81,52,182,28,162,78,60,79,185,148,167,61,41,36,46,131,59,133,96,157,138,178,164,173,66,126,198,159,140,118,109,29,154,156,106,19,92,146,43,128,85,152,111,83,181,82,192,139,33,13,172,195,40,37,15,35,88,145,189,194,31,171,116,57,0,113,196,89,5,141,119,74,183,63,51,72,147,65,102,115,14,45,55,155,184,161,80,114,177,169,191,11,104,180,163,170,95,137,90,125,149,32,68,97,100,7,175,179,27,150,136,144,70,168,17,103,105,142,190,188,186,176,42,47,132,166,123,44];False
2464;8282;10746;[4,67,193,48,10,1,91,129,8,84,122,73,174,135,21,99,16,77,112,71,56,18,62,120,24,197,26,9,143,20,3,2,121,160,92,49,130,22,38,34,124,183,75,12,165,153,187,127,39,107,87,76,50,53,93,23,30,134,58,86,69,64,101,151,54,158,199,6,117,98,25,110,81,52,182,28,162,78,60,79,185,148,167,61,41,36,46,131,59,133,96,157,138,178,164,173,66,126,198,159,140,118,109,29,154,156,106,19,108,146,43,128,85,152,111,83,181,82,192,139,33,13,172,195,40,37,15,35,88,145,189,194,31,171,116,57,0,113,196,89,5,141,119,74,94,63,51,72,147,65,102,115,14,45,55,155,184,161,80,114,177,169,191,11,104,180,163,170,95,137,90,125,149,32,68,97,100,7,175,179,27,150,136,144,70,168,17,103,105,142,190,188,186,176,42,47,132,166,123,44];False
2458;8288;10746;[4,67,193,48,10,1,91,129,8,84,122,73,174,135,21,99,16,38,112,71,56,18,62,120,24,197,26,9,143,20,3,2,121,160,92,49,130,22,77,34,124,94,75,12,165,153,187,127,39,107,87,76,50,53,93,23,30,134,58,86,69,64,101,151,54,158,199,6,117,98,25,110,81,52,182,28,162,78,60,79,185,148,167,61,41,36,46,131,59,133,96,157,138,178,164,173,66,126,198,159,140,118,109,29,154,156,106,19,108,146,43,128,85,152,111,83,181,82,192,139,33,13,172,195,40,37,15,35,88,145,189,194,31,171,116,57,0,113,196,89,5,141,119,74,183,63,51,72,147,65,102,115,14,45,55,155,184,161,80,114,177,169,191,11,104,180,163,170,95,137,90,125,149,32,68,97,100,7,175,179,27,150,136,144,70,168,17,103,105,142,190,188,186,176,42,47,132,166,123,44];False
2528;8218;10746;[4,67,193,48,10,1,91,129,8,84,122,73,174,135,21,99,16,77,112,71,56,18,62,120,24,197,26,9,143,20,3,2,121,160,92,49,130,22,38,34,124,94,75,12,165,153,187,127,39,107,87,76,50,53,93,23,30,134,58,86,69,64,101,151,54,158,199,6,117,98,25,110,81,52,182,28,162,78,60,79,185,148,167,61,41,36,46,131,59,133,96,157,138,178,164,173,66,126,198,159,140,118,109,29,154,156,106,19,108,146,90,128,85,152,111,83,181,82,192,139,33,13,172,195,40,37,15,35,88,145,189,194,31,171,116,57,0,113,196,89,5,141,119,74,183,63,51,72,147,65,102,115,14,45,55,155,184,161,80,114,177,169,191,11,104,180,163,170,95,137,43,125,149,32,68,97,100,7,175,179,27,150,136,144,70,168,17,103,105,142,190,188,186,176,42,47,132,166,123,44];False
2424;8322;10746;[4,67,193,48,10,1,91,129,8,84,122,73,174,135,21,99,16,77,112,71,56,18,62,120,24,197,26,9,143,20,3,2,121,160,92,49,130,22,38,34,124,94,75,12,165,153,187,127,39,107,87,76,50,53,93,23,30,134,58,86,69,64,101,151,54,28,199,6,117,98,25,110,81,52,182,158,162,78,60,79,185,148,167,61,41,36,46,131,59,133,96,157,138,178,164,173,66,126,198,159,140,118,109,29,154,156,106,19,108,146,43,128,85,152,111,83,181,82,192,139,33,13,172,195,40,37,15,35,88,145,189,194,31,171,116,57,0,113,196,89,5,141,119,74,183,63,51,72,147,65,102,115,14,45,55,155,184,161,80,114,177,169,191,11,104,180,163,170,95,137,90,125,149,32,68,97,100,7,175,179,27,150,136,144,70,168,17,103,105,142,190,188,186,176,42,47,132,166,123,44];False
2462;8284;10746;[4,67,193,48,10,1,91,129,8,84,122,73,174,135,21,99,16,77,112,71,56,18,62,134,24,197,26,9,143,20,3,2,121,160,92,49,130,22,38,34,124,94,75,12,165,153,187,127,39,107,87,76,50,53,93,23,30,120,58,86,69,64,101,151,54,158,199,6,117,98,25,110,81,52,182,28,162,78,60,79,185,148,167,61,41,36,46,131,59,133,96,157,138,178,164,173,66,126,198,159,140,118,109,29,154,156,106,19,108,146,43,128,85,152,111,83,181,82,192,139,33,13,172,195,40,37,15,35,88,145,189,194,31,171,116,57,0,113,196,89,5,141,119,74,183,63,51,72,147,65,102,115,14,45,55,155,184,161,80,114,177,169,191,11,104,180,163,170,95,137,90,125,149,32,68,97,100,7,175,179,27,150,136,144,70,168,17,103,105,142,190,188,186,176,42,47,132,166,123,44];False
2495;8251;10746;[4,196,193,48,10,1,91,129,8,84,122,73,174,135,21,99,16,77,112,71,56,18,62,120,24,197,26,9,143,20,3,2,121,160,92,49,130,22,38,34,124,94,75,12,165,153,187,127,39,107,87,76,50,53,93,23,30,134,58,86,69,64,101,151,54,158,199,6,117,98,25,110,81,52,182,28,162,78,60,79,185,148,167,61,41,36,46,131,59,133,96,157,138,178,164,173,66,126,198,159,140,118,109,29,154,156,106,19,108,146,43,128,85,152,111,83,181,82,192,139,33,13,172,195,40,37,15,35,88,145,189,194,31,171,116,57,0,113,67,89,5,141,119,74,183,63,51,72,147,65,102,115,14,45,55,155,184,161,80,114,177,169,191,11,104,180,163,170,95,137,90,125,149,32,68,97,100,7,175,179,27,150,136,144,70,168,17,103,105,142,190,188,186,176,42,47,132,166,123,44];False
2464;8282;10746;[4,67,29,48,10,1,91,129,8,84,122,73,174,135,21,99,16,77,112,71,56,18,62,120,24,197,26,9,143,20,3,2,121,160,92,49,130,22,38,34,124,94,75,12,165,153,187,127,39,107,87,76,50,53,93,23,30,134,58,86,69,64,101,151,54,158,199,6,117,98,25,110,81,52,182,28,162,78,60,79,185,148,167,61,41,36,46,131,59,133,96,157,138,178,164,173,66,126,198,159,140,118,109,193,154,156,106,19,108,146,43,128,85,152,111,83,181,82,192,139,33,13,172,195,40,37,15,35,88,145,189,194,31,171,116,57,0,113,196,89,5,141,119,74,183,63,51,72,147,65,102,115,14,45,55,155,184,161,80,114,177,169,191,11,104,180,163,170,95,137,90,125,149,32,68,97,100,7,175,179,27,150,136,144,70,168,17,103,105,142,190,188,186,176,42,47,132,166,123,44];False
2440;8306;10746;[4,67,193,48,10,1,91,129,8,84,122,73,174,135,21,99,16,77,112,71,56,18,62,120,24,197,26,9,143,20,3,2,121,160,92,49,130,22,38,34,124,94,75,12,165,153,187,127,39,107,87,76,50,53,93,23,30,134,58,86,69,64,101,151,54,158,199,6,117,98,25,110,81,52,182,28,162,78,60,79,185,148,167,61,41,36,46,131,59,133,96,157,138,178,164,173,66,126,198,159,140,118,109,29,154,156,106,19,108,146,43,128,85,152,111,83,183,82,192,139,33,13,172,195,40,37,15,35,88,145,189,194,31,171,116,57,0,113,196,89,5,141,119,74,181,63,51,72,147,65,102,115,14,45,55,155,184,161,80,114,177,169,191,11,104,180,163,170,95,137,90,125,149,32,68,97,100,7,175,179,27,150,136,144,70,168,17,103,105,142,190,188,186,176,42,47,132,166,123,44];False
2450;8296;10746;[4,67,193,48,10,1,91,129,8,84,122,73,174,135,21,99,16,77,112,71,56,18,62,120,24,197,26,9,143,20,3,55,121,160,92,49,130,22,38,34,124,94,75,12,165,153,187,127,39,107,87,76,50,53,93,23,30,134,58,86,69,64,101,151,54,158,199,6,117,98,25,110,81,52,182,28,162,78,60,79,185,148,167,61,41,36,46,131,59,133,96,157,138,178,164,173,66,126,198,159,140,118,109,29,154,156,106,19,108,146,43,128,85,152,111,83,181,82,192,139,33,13,172,195,40,37,15,35,88,145,189,194,31,171,116,57,0,113,196,89,5,141,119,74,183,63,51,72,147,65,102,115,14,45,2,155,184,161,80,114,177,169,191,11,104,180,163,170,95,137,90,125,149,32,68,97,100,7,175,179,27,150,136,144,70,168,17,103,105,142,190,188,186,176,42,47,132,166,123,44];False
2426;8320;10746;[4,67,193,48,10,1,91,129,8,84,122,73,174,135,21,99,16,77,112,71,56,18,62,120,24,197,26,9,143,20,3,2,121,160,92,49,130,22,38,34,124,94,75,12,165,153,187,127,39,107,87,76,50,53,93,23,30,134,58,86,69,64,101,151,54,158,199,6,117,98,25,110,81,52,182,28,162,78,60,79,185,33,167,61,41,36,46,131,59,133,96,157,138,178,164,173,66,126,198,159,140,118,109,29,154,156,106,19,108,146,43,128,85,152,111,83,181,82,192,139,148,13,172,195,40,37,15,35,88,145,189,194,31,171,116,57,0,113,196,89,5,141,119,74,183,63,51,72,147,65,102,115,14,45,55,155,184,161,80,114,177,169,191,11,104,180,163,170,95,137,90,125,149,32,68,97,100,7,175,179,27,150,136,144,70,168,17,103,105,142,190,188,186,176,42,47,132,166,123,44];False
2446;8299;10745;[4,67,193,48,10,1,91,129,8,84,122,73,174,135,21,99,16,77,112,71,56,18,62,120,24,197,26,9,143,20,3,2,121,160,92,49,130,22,38,34,124,94,75,12,165,153,187,116,39,107,87,76,50,53,93,23,30,134,58,86,69,64,101,151,54,158,199,6,117,98,25,110,81,52,182,28,162,78,60,79,185,148,167,61,41,36,46,131,59,133,96,157,138,178,164,173,66,126,198,159,140,118,109,29,154,156,106,19,108,146,43,128,85,152,111,83,181,82,192,139,33,13,172,195,40,37,15,35,88,145,189,194,31,171,127,57,0,113,196,89,5,141,119,74,183,63,51,72,147,65,102,115,14,45,55,155,184,161,80,114,177,169,191,11,104,180,163,170,95,137,90,125,149,32,68,97,100,7,175,179,27,150,136,144,70,168,17,103,105,142,190,188,186,176,42,47,132,166,123,44];False
2489;8256;10745;[4,67,193,48,10,1,91,129,8,84,122,73,174,135,21,99,16,77,112,71,56,18,62,120,24,197,26,9,143,20,3,2,121,160,92,49,130,22,38,34,124,94,75,12,165,153,187,127,39,107,87,76,50,53,93,23,30,134,58,86,69,64,101,151,54,158,199,6,117,98,25,110,81,52,182,28,162,78,60,79,185,148,167,61,41,36,46,131,59,133,96,157,138,178,164,173,66,126,198,159,140,118,109,29,154,156,106,19,108,146,43,128,85,152,111,83,181,82,192,139,33,13,172,195,40,37,15,35,88,145,189,194,31,171,116,57,0,113,196,89,5,141,119,137,183,63,51,72,147,65,102,115,14,45,55,155,184,161,80,114,177,169,191,11,104,180,163,170,95,74,90,125,149,32,68,97,100,7,175,179,27,150,136,144,70,168,17,103,105,142,190,188,186,176,42,47,132,166,123,44];False
2461;8284;10745;[4,67,193,48,10,1,91,129,8,84,122,73,174,135,21,99,16,77,112,71,56,18,62,120,24,197,26,9,143,20,3,2,121,160,92,49,130,22,38,34,124,94,75,12,165,153,187,127,39,107,87,76,50,53,93,23,30,134,58,86,69,64,101,151,54,158,199,6,117,98,159,110,81,52,182,28,162,78,60,79,185,148,167,61,41,36,46,131,59,133,96,157,138,178,164,173,66,126,198,25,140,118,109,29,154,156,106,19,108,146,43,128,85,152,111,83,181,82,192,139,33,13,172,195,40,37,15,35,88,145,189,194,31,171,116,57,0,113,196,89,5,141,119,74,183,63,51,72,147,65,102,115,14,45,55,155,184,161,80,114,177,169,191,11,104,180,163,170,95,137,90,125,149,32,68,97,100,7,175,179,27,150,136,144,70,168,17,103,105,142,190,188,186,176,42,47,132,166,123,44];False
2446;8299;10745;[4,67,193,48,10,1,91,129,8,84,122,73,174,135,21,99,16,77,112,71,56,18,62,120,24,197,26,9,143,20,3,2,121,160,92,49,130,22,38,34,124,94,75,12,165,153,187,127,39,107,87,76,50,53,93,23,30,68,58,86,69,64,101,151,54,158,199,6,117,98,25,110,81,52,182,28,162,78,60,79,185,148,167,61,41,36,46,131,59,133,96,157,138,178,164,173,66,126,198,159,140,118,109,29,154,156,106,19,108,146,43,128,85,152,111,83,181,82,192,139,33,13,172,195,40,37,15,35,88,145,189,194,31,171,116,57,0,113,196,89,5,141,119,74,183,63,51,72,147,65,102,115,14,45,55,155,184,161,80,114,177,169,191,11,104,180,163,170,95,137,90,125,149,32,134,97,100,7,175,179,27,150,136,144,70,168,17,103,105,142,190,188,186,176,42,47,132,166,123,44];False
2480;8265;10745;[4,67,193,48,10,1,91,129,8,84,122,73,174,135,21,99,16,77,112,71,143,18,62,120,24,197,26,9,56,20,3,2,121,160,92,49,130,22,38,34,124,94,75,12,165,153,187,127,39,107,87,76,50,53,93,23,30,134,58,86,69,64,101,151,54,158,199,6,117,98,25,110,81,52,182,28,162,78,60,79,185,148,167,61,41,36,46,131,59,133,96,157,138,178,164,173,66,126,198,159,140,118,109,29,154,156,106,19,108,146,43,128,85,152,111,83,181,82,192,139,33,13,172,195,40,37,15,35,88,145,189,194,31,171,116,57,0,113,196,89,5,141,119,74,183,63,51,72,147,65,102,115,14,45,55,155,184,161,80,114,177,169,191,11,104,180,163,170,95,137,90,125,149,32,68,97,100,7,175,179,27,150,136,144,70,168,17,103,105,142,190,188,186,176,42,47,132,166,123,44];False
2462;8283;10745;[4,67,193,48,10,1,91,129,8,84,122,73,174,135,21,99,16,77,112,71,56,18,62,120,24,197,26,9,143,20,3,2,121,160,92,49,130,22,38,34,124,94,75,12,165,153,187,127,39,107,87,76,50,53,93,23,30,134,58,86,69,64,101,151,54,158,199,6,117,98,25,110,81,52,182,28,162,78,60,79,185,148,167,61,41,36,46,131,59,133,96,157,138,178,164,173,66,126,198,159,140,118,109,29,154,156,106,19,108,146,43,128,85,152,111,83,181,82,192,139,33,13,172,195,40,37,15,35,88,145,189,194,31,171,116,57,0,113,196,89,5,141,119,74,183,63,51,72,147,65,102,115,14,45,55,155,184,161,80,114,177,169,191,11,104,180,163,170,95,137,90,70,149,32,68,97,100,7,175,179,27,150,136,144,125,168,17,103,105,142,190,188,186,176,42,47,132,166,123,44];False
2437;8308;10745;[4,67,193,48,10,1,91,129,8,84,122,73,174,135,21,99,16,77,112,71,56,18,62,120,24,197,26,9,143,20,3,2,121,160,92,49,130,22,38,34,124,94,75,12,165,153,187,127,39,107,87,76,50,53,93,23,30,134,58,86,69,64,101,151,54,158,199,6,117,98,25,110,81,52,182,28,162,78,60,79,185,148,167,61,41,36,46,103,59,133,96,157,138,178,164,173,66,126,198,159,140,118,109,29,154,156,106,19,108,146,43,128,85,152,111,83,181,82,192,139,33,13,172,195,40,37,15,35,88,145,189,194,31,171,116,57,0,113,196,89,5,141,119,74,183,63,51,72,147,65,102,115,14,45,55,155,184,161,80,114,177,169,191,11,104,180,163,170,95,137,90,125,149,32,68,97,100,7,175,179,27,150,136,144,70,168,17,131,105,142,190,188,186,176,42,47,132,166,123,44];False
2426;8319;10745;[4,67,193,48,10,1,91,129,8,84,122,73,174,135,21,99,16,77,112,71,56,18,62,120,24,197,26,9,143,20,3,2,121,160,92,49,130,22,38,34,124,94,75,168,165,153,187,127,39,107,87,76,50,53,93,23,30,134,58,86,69,64,101,151,54,158,199,6,117,98,25,110,81,52,182,28,162,78,60,79,185,148,167,61,41,36,46,131,59,133,96,157,138,178,164,173,66,126,198,159,140,118,109,29,154,156,106,19,108,146,43,128,85,152,111,83,181,82,192,139,33,13,172,195,40,37,15,35,88,145,189,194,31,171,116,57,0,113,196,89,5,141,119,74,183,63,51,72,147,65,102,115,14,45,55,155,184,161,80,114,177,169,191,11,104,180,163,170,95,137,90,125,149,32,68,97,100,7,175,179,27,150,136,144,70,12,17,103,105,142,190,188,186,176,42,47,132,166,123,44];False
2473;8272;10745;[4,67,193,48,10,1,91,129,8,84,122,73,174,135,21,99,16,77,112,71,56,18,62,120,24,197,26,9,143,20,3,2,121,160,92,49,130,22,38,34,124,94,75,12,165,153,187,127,39,107,87,76,50,53,93,23,30,134,58,86,69,64,101,151,54,158,199,6,117,98,25,110,81,52,182,28,162,78,60,79,185,148,167,61,41,36,46,131,59,133,96,157,138,178,164,173,66,126,198,159,140,118,109,29,154,156,106,19,108,146,43,128,85,152,111,83,181,82,192,139,33,13,172,195,40,37,15,35,88,145,189,194,31,171,116,57,0,113,196,89,5,141,119,74,183,63,51,72,147,65,102,115,14,45,55,155,184,161,80,114,177,169,191,11,104,180,163,170,95,137,90,125,149,32,68,97,100,7,175,179,27,150,136,105,70,168,17,103,144,142,190,188,186,176,42,47,132,166,123,44];False
2451;8294;10745;[4,67,193,48,10,1,91,129,8,84,122,73,174,135,21,99,16,77,112,71,56,18,62,120,24,197,26,9,143,20,3,2,121,160,92,49,130,22,38,34,124,94,75,12,165,153,187,127,39,107,87,76,50,53,93,23,30,134,58,86,69,64,101,151,54,158,199,6,117,98,25,110,81,52,182,28,162,78,60,79,185,148,167,61,41,36,46,131,59,133,96,157,138,178,164,173,66,126,198,159,140,118,109,29,154,156,106,19,108,146,43,128,85,152,111,83,181,82,192,139,33,13,172,195,40,37,15,35,88,145,189,194,31,171,116,57,0,113,196,89,32,141,119,74,183,63,51,72,147,65,102,115,14,45,55,155,184,161,80,114,177,169,191,11,104,180,163,170,95,137,90,125,149,5,68,97,100,7,175,179,27,150,136,144,70,168,17,103,105,142,190,188,186,176,42,47,132,166,123,44];False
2508;8237;10745;[4,67,193,48,10,1,91,129,8,125,122,73,174,135,21,99,16,77,112,71,56,18,62,120,24,197,26,9,143,20,3,2,121,160,92,49,130,22,38,34,124,94,75,12,165,153,187,127,39,107,87,76,50,53,93,23,30,134,58,86,69,64,101,151,54,158,199,6,117,98,25,110,81,52,182,28,162,78,60,79,185,148,167,61,41,36,46,131,59,133,96,157,138,178,164,173,66,126,198,159,140,118,109,29,154,156,106,19,108,146,43,128,85,152,111,83,181,82,192,139,33,13,172,195,40,37,15,35,88,145,189,194,31,171,116,57,0,113,196,89,5,141,119,74,183,63,51,72,147,65,102,115,14,45,55,155,184,161,80,114,177,169,191,11,104,180,163,170,95,137,90,84,149,32,68,97,100,7,175,179,27,150,136,144,70,168,17,103,105,142,190,188,186,176,42,47,132,166,123,44];False
2455;8290;10745;[4,67,193,48,10,1,91,129,8,182,122,73,174,135,21,99,16,77,112,71,56,18,62,120,24,197,26,9,143,20,3,2,121,160,92,49,130,22,38,34,124,94,75,12,165,153,187,127,39,107,87,76,50,53,93,23,30,134,58,86,69,64,101,151,54,158,199,6,117,98,25,110,81,52,84,28,162,78,60,79,185,148,167,61,41,36,46,131,59,133,96,157,138,178,164,173,66,126,198,159,140,118,109,29,154,156,106,19,108,146,43,128,85,152,111,83,181,82,192,139,33,13,172,195,40,37,15,35,88,145,189,194,31,171,116,57,0,113,196,89,5,141,119,74,183,63,51,72,147,65,102,115,14,45,55,155,184,161,80,114,177,169,191,11,104,180,163,170,95,137,90,125,149,32,68,97,100,7,175,179,27,150,136,144,70,168,17,103,105,142,190,188,186,176,42,47,132,166,123,44];False
2492;8253;10745;[4,67,193,48,10,1,91,129,8,84,122,73,174,135,21,99,16,77,112,71,56,18,62,120,24,197,26,9,143,20,3,2,121,160,92,49,130,22,38,34,124,94,75,12,165,153,187,127,39,107,87,76,50,53,93,23,30,134,58,149,69,64,101,151,54,158,199,6,117,98,25,110,81,52,182,28,162,78,60,79,185,148,167,61,41,36,46,131,59,133,96,157,138,178,164,173,66,126,198,159,140,118,109,29,154,156,106,19,108,146,43,128,85,152,111,83,181,82,192,139,33,13,172,195,40,37,15,35,88,145,189,194,31,171,116,57,0,113,196,89,5,141,119,74,183,63,51,72,147,65,102,115,14,45,55,155,184,161,80,114,177,169,191,11,104,180,163,170,95,137,90,125,86,32,68,97,100,7,175,179,27,150,136,144,70,168,17,103,105,142,190,188,186,176,42,47,132,166,123,44];False
2500;8245;10745;[4,67,193,48,10,1,91,129,11,84,122,73,174,135,21,99,16,77,112,71,56,18,62,120,24,197,26,9,143,20,3,2,121,160,92,49,130,22,38,34,124,94,75,12,165,153,187,127,39,107,87,76,50,53,93,23,30,134,58,86,69,64,101,151,54,158,199,6,117,98,25,110,81,52,182,28,162,78,60,79,185,148,167,61,41,36,46,131,59,133,96,157,138,178,164,173,66,126,198,159,140,118,109,29,154,156,106,19,108,146,43,128,85,152,111,83,181,82,192,139,33,13,172,195,40,37,15,35,88,145,189,194,31,171,116,57,0,113,196,89,5,141,119,74,183,63,51,72,147,65,102,115,14,45,55,155,184,161,80,114,177,169,191,8,104,180,163,170,95,137,90,125,149,32,68,97,100,7,175,179,27,150,136,144,70,168,17,103,105,142,190,188,186,176,42,47,132,166,123,44];False
2416;8328;10744;[4,67,193,48,10,1,91,129,8,84,122,73,174,135,21,99,16,77,112,71,56,18,62,120,24,197,26,9,143,20,3,2,121,160,92,49,130,22,38,34,124,94,75,12,165,153,187,127,39,107,87,76,50,53,93,23,30,134,58,86,69,64,101,151,54,158,199,6,117,98,25,110,81,126,182,28,162,78,60,79,185,148,167,61,41,36,46,131,59,133,96,157,138,178,164,173,66,52,198,159,140,118,109,29,154,156,106,19,108,146,43,128,85,152,111,83,181,82,192,139,33,13,172,195,40,37,15,35,88,145,189,194,31,171,116,57,0,113,196,89,5,141,119,74,183,63,51,72,147,65,102,115,14,45,55,155,184,161,80,114,177,169,191,11,104,180,163,170,95,137,90,125,149,32,68,97,100,7,175,179,27,150,136,144,70,168,17,103,105,142,190,188,186,176,42,47,132,166,123,44];False
2489;8255;10744;[4,67,193,48,10,1,91,129,8,84,122,73,174,135,21,99,16,77,112,71,56,18,62,120,24,197,26,9,143,20,3,2,121,160,92,49,130,22,38,34,124,94,75,12,165,153,187,127,39,107,87,76,50,53,93,23,30,134,58,86,69,64,101,151,54,158,199,6,117,98,25,110,81,52,182,28,162,78,60,79,185,148,40,61,41,36,46,131,59,133,96,157,138,178,164,173,66,126,198,159,140,118,109,29,154,156,106,19,108,146,43,128,85,152,111,83,181,82,192,139,33,13,172,195,167,37,15,35,88,145,189,194,31,171,116,57,0,113,196,89,5,141,119,74,183,63,51,72,147,65,102,115,14,45,55,155,184,161,80,114,177,169,191,11,104,180,163,170,95,137,90,125,149,32,68,97,100,7,175,179,27,150,136,144,70,168,17,103,105,142,190,188,186,176,42,47,132,166,123,44];False
2446;8298;10744;[4,67,193,48,10,1,91,129,153,84,122,73,174,135,21,99,16,77,112,71,56,18,62,120,24,197,26,9,143,20,3,2,121,160,92,49,130,22,38,34,124,94,75,12,165,8,187,127,39,107,87,76,50,53,93,23,30,134,58,86,69,64,101,151,54,158,199,6,117,98,25,110,81,52,182,28,162,78,60,79,185,148,167,61,41,36,46,131,59,133,96,157,138,178,164,173,66,126,198,159,140,118,109,29,154,156,106,19,108,146,43,128,85,152,111,83,181,82,192,139,33,13,172,195,40,37,15,35,88,145,189,194,31,171,116,57,0,113,196,89,5,141,119,74,183,63,51,72,147,65,102,115,14,45,55,155,184,161,80,114,177,169,191,11,104,180,163,170,95,137,90,125,149,32,68,97,100,7,175,179,27,150,136,144,70,168,17,103,105,142,190,188,186,176,42,47,132,166,123,44];False
2468;8276;10744;[4,67,193,48,10,1,91,129,8,84,122,73,174,135,21,99,16,77,112,71,56,18,62,120,24,197,26,9,143,20,3,2,121,160,92,49,130,22,38,34,124,94,75,12,165,153,187,127,39,147,87,76,50,53,93,23,30,134,58,86,69,64,101,151,54,158,199,6,117,98,25,110,81,52,182,28,162,78,60,79,185,148,167,61,41,36,46,131,59,133,96,157,138,178,164,173,66,126,198,159,140,118,109,29,154,156,106,19,108,146,43,128,85,152,111,83,181,82,192,139,33,13,172,195,40,37,15,35,88,145,189,194,31,171,116,57,0,113,196,89,5,141,119,74,183,63,51,72,107,65,102,115,14,45,55,155,184,161,80,114,177,169,191,11,104,180,163,170,95,137,90,125,149,32,68,97,100,7,175,179,27,150,136,144,70,168,17,103,105,142,190,188,186,176,42,47,132,166,123,44];False
2436;8308;10744;[4,79,193,48,10,1,91,129,8,84,122,73,174,135,21,99,16,77,112,71,56,18,62,120,24,197,26,9,143,20,3,2,121,160,92,49,130,22,38,34,124,94,75,12,165,153,187,127,39,107,87,76,50,53,93,23,30,134,58,86,69,64,101,151,54,158,199,6,117,98,25,110,81,52,182,28,162,78,60,67,185,148,167,61,41,36,46,131,59,133,96,157,138,178,164,173,66,126,198,159,140,118,109,29,154,156,106,19,108,146,43,128,85,152,111,83,181,82,192,139,33,13,172,195,40,37,15,35,88,145,189,194,31,171,116,57,0,113,196,89,5,141,119,74,183,63,51,72,147,65,102,115,14,45,55,155,184,161,80,114,177,169,191,11,104,180,163,170,95,137,90,125,149,32,68,97,100,7,175,179,27,150,136,144,70,168,17,103,105,142,190,188,186,176,42,47,132,166,123,44];False
2466;8278;10744;[4,67,193,48,10,1,91,129,8,84,122,73,174,135,21,99,16,77,112,71,56,18,62,120,24,197,26,9,143,20,3,2,121,160,92,49,130,22,38,34,124,94,75,12,165,153,187,127,39,107,87,76,50,53,93,42,30,134,58,86,69,64,101,151,54,158,199,6,117,98,25,110,81,52,182,28,162,78,60,79,185,148,167,61,41,36,46,131,59,133,96,157,138,178,164,173,66,126,198,159,140,118,109,29,154,156,106,19,108,146,43,128,85,152,111,83,181,82,192,139,33,13,172,195,40,37,15,35,88,145,189,194,31,171,116,57,0,113,196,89,5,141,119,74,183,63,51,72,147,65,102,115,14,45,55,155,184,161,80,114,177,169,191,11,104,180,163,170,95,137,90,125,149,32,68,97,100,7,175,179,27,150,136,144,70,168,17,103,105,142,190,188,186,176,23,47,132,166,123,44];False
2433;8311;10744;[4,67,193,48,10,1,91,129,8,84,122,73,174,135,21,99,16,77,112,71,56,18,62,120,24,197,26,9,143,20,3,2,121,160,59,49,130,22,38,34,124,94,75,12,165,153,187,127,39,107,87,76,50,53,93,23,30,134,58,86,69,64,101,151,54,158,199,6,117,98,25,110,81,52,182,28,162,78,60,79,185,148,167,61,41,36,46,131,92,133,96,157,138,178,164,173,66,126,198,159,140,118,109,29,154,156,106,19,108,146,43,128,85,152,111,83,181,82,192,139,33,13,172,195,40,37,15,35,88,145,189,194,31,171,116,57,0,113,196,89,5,141,119,74,183,63,51,72,147,65,102,115,14,45,55,155,184,161,80,114,177,169,191,11,104,180,163,170,95,137,90,125,149,32,68,97,100,7,175,179,27,150,136,144,70,168,17,103,105,142,190,188,186,176,42,47,132,166,123,44];False
2440;8304;10744;[4,67,193,48,10,1,91,129,8,84,122,73,174,135,21,99,16,77,112,71,56,18,62,120,24,197,26,9,143,20,3,2,121,160,92,49,130,22,38,34,124,94,75,12,165,153,187,127,39,107,87,76,50,53,93,23,30,134,105,86,69,64,101,151,54,158,199,6,117,98,25,110,81,52,182,28,162,78,60,79,185,148,167,61,41,36,46,131,59,133,96,157,138,178,164,173,66,126,198,159,140,118,109,29,154,156,106,19,108,146,43,128,85,152,111,83,181,82,192,139,33,13,172,195,40,37,15,35,88,145,189,194,31,171,116,57,0,113,196,89,5,141,119,74,183,63,51,72,147,65,102,115,14,45,55,155,184,161,80,114,177,169,191,11,104,180,163,170,95,137,90,125,149,32,68,97,100,7,175,179,27,150,136,144,70,168,17,103,58,142,190,188,186,176,42,47,132,166,123,44];False
2432;8312;10744;[4,67,193,48,10,1,91,129,8,84,122,73,174,135,21,99,16,77,112,71,56,18,62,120,24,197,26,9,143,20,3,2,121,160,92,49,130,22,38,34,124,94,75,12,165,153,187,127,39,107,87,76,50,53,93,23,30,134,58,86,69,64,101,151,54,158,199,6,117,98,25,110,81,52,182,28,162,78,60,79,185,148,167,61,41,36,46,131,59,133,96,157,138,178,164,173,66,126,198,159,140,118,109,29,119,156,106,19,108,146,43,128,85,152,111,83,181,82,192,139,33,13,172,195,40,37,15,35,88,145,189,194,31,171,116,57,0,113,196,89,5,141,154,74,183,63,51,72,147,65,102,115,14,45,55,155,184,161,80,114,177,169,191,11,104,180,163,170,95,137,90,125,149,32,68,97,100,7,175,179,27,150,136,144,70,168,17,103,105,142,190,188,186,176,42,47,132,166,123,44];False
2453;8289;10742;[4,67,193,48,10,1,91,129,8,84,122,73,174,135,21,99,16,77,112,71,56,18,62,120,24,197,26,9,143,20,3,2,121,160,92,49,130,22,38,34,124,94,75,118,165,153,187,127,39,107,87,76,50,53,93,23,30,134,58,86,69,64,101,151,54,158,199,6,117,98,25,110,81,52,182,28,162,78,60,79,185,148,167,61,41,36,46,131,59,133,96,157,138,178,164,173,66,126,198,159,140,12,109,29,154,156,106,19,108,146,43,128,85,152,111,83,181,82,192,139,33,13,172,195,40,37,15,35,88,145,189,194,31,171,116,57,0,113,196,89,5,141,119,74,183,63,51,72,147,65,102,115,14,45,55,155,184,161,80,114,177,169,191,11,104,180,163,170,95,137,90,125,149,32,68,97,100,7,175,179,27,150,136,144,70,168,17,103,105,142,190,188,186,176,42,47,132,166,123,44];False
2477;8265;10742;[4,67,193,48,10,1,91,129,8,84,122,73,174,135,21,99,16,77,112,71,56,18,62,120,24,197,26,9,143,20,3,2,121,160,92,49,130,22,38,34,124,94,75,12,165,153,187,127,39,107,87,76,50,53,93,23,30,134,58,86,69,64,101,151,54,158,199,6,117,98,25,110,81,52,182,28,162,78,60,79,185,148,167,61,41,36,46,131,59,133,96,157,138,178,164,173,66,126,198,159,140,118,109,29,154,156,106,19,108,146,43,128,85,152,111,83,181,82,192,139,33,13,97,195,40,37,15,35,88,145,189,194,31,171,116,57,0,113,196,89,5,141,119,74,183,63,51,72,147,65,102,115,14,45,55,155,184,161,80,114,177,169,191,11,104,180,163,170,95,137,90,125,149,32,68,172,100,7,175,179,27,150,136,144,70,168,17,103,105,142,190,188,186,176,42,47,132,166,123,44];False
2491;8251;10742;[4,67,193,48,10,1,91,129,8,84,122,73,174,135,21,99,16,77,112,71,56,18,62,120,24,197,26,9,13,20,3,2,121,160,92,49,130,22,38,34,124,94,75,12,165,153,187,127,39,107,87,76,50,53,93,23,30,134,58,86,69,64,101,151,54,158,199,6,117,98,25,110,81,52,182,28,162,78,60,79,185,148,167,61,41,36,46,131,59,133,96,157,138,178,164,173,66,126,198,159,140,118,109,29,154,156,106,19,108,146,43,128,85,152,111,83,181,82,192,139,33,143,172,195,40,37,15,35,88,145,189,194,31,171,116,57,0,113,196,89,5,141,119,74,183,63,51,72,147,65,102,115,14,45,55,155,184,161,80,114,177,169,191,11,104,180,163,170,95,137,90,125,149,32,68,97,100,7,175,179,27,150,136,144,70,168,17,103,105,142,190,188,186,176,42,47,132,166,123,44];False
2445;8297;10742;[4,67,193,48,10,1,91,129,8,84,44,73,174,135,21,99,16,77,112,71,56,18,62,120,24,197,26,9,143,20,3,2,121,160,92,49,130,22,38,34,124,94,75,12,165,153,187,127,39,107,87,76,50,53,93,23,30,134,58,86,69,64,101,151,54,158,199,6,117,98,25,110,81,52,182,28,162,78,60,79,185,148,167,61,41,36,46,131,59,133,96,157,138,178,164,173,66,126,198,159,140,118,109,29,154,156,106,19,108,146,43,128,85,152,111,83,181,82,192,139,33,13,172,195,40,37,15,35,88,145,189,194,31,171,116,57,0,113,196,89,5,141,119,74,183,63,51,72,147,65,102,115,14,45,55,155,184,161,80,114,177,169,191,11,104,180,163,170,95,137,90,125,149,32,68,97,100,7,175,179,27,150,136,144,70,168,17,103,105,142,190,188,186,176,42,47,132,166,123,122];False
2451;8291;10742;[4,67,193,48,10,1,91,129,8,84,122,73,174,135,21,99,16,77,112,71,56,18,62,120,24,197,26,9,143,20,3,2,121,160,92,49,130,22,38,34,124,94,75,12,165,153,187,127,39,107,87,76,50,53,93,23,30,134,58,86,69,64,101,151,54,158,199,6,117,98,25,110,81,52,182,28,162,78,60,79,185,148,167,61,41,36,46,131,59,133,96,157,138,178,164,173,66,126,198,159,140,118,109,29,154,156,106,19,108,146,43,128,85,192,111,83,181,82,152,139,33,13,172,195,40,37,15,35,88,145,189,194,31,171,116,57,0,113,196,89,5,141,119,74,183,63,51,72,147,65,102,115,14,45,55,155,184,161,80,114,177,169,191,11,104,180,163,170,95,137,90,125,149,32,68,97,100,7,175,179,27,150,136,144,70,168,17,103,105,142,190,188,186,176,42,47,132,166,123,44];False
2463;8279;10742;[4,67,193,48,10,1,91,129,8,84,122,73,174,135,21,99,16,77,112,71,56,18,62,120,24,197,26,9,143,20,3,2,121,160,92,49,130,22,38,34,124,94,75,12,165,153,187,127,23,107,87,76,50,53,93,39,30,134,58,86,69,64,101,151,54,158,199,6,117,98,25,110,81,52,182,28,162,78,60,79,185,148,167,61,41,36,46,131,59,133,96,157,138,178,164,173,66,126,198,159,140,118,109,29,154,156,106,19,108,146,43,128,85,152,111,83,181,82,192,139,33,13,172,195,40,37,15,35,88,145,189,194,31,171,116,57,0,113,196,89,5,141,119,74,183,63,51,72,147,65,102,115,14,45,55,155,184,161,80,114,177,169,191,11,104,180,163,170,95,137,90,125,149,32,68,97,100,7,175,179,27,150,136,144,70,168,17,103,105,142,190,188,186,176,42,47,132,166,123,44];False
2458;8284;10742;[4,67,193,48,10,1,91,129,8,84,122,73,174,135,21,99,16,77,102,71,56,18,62,120,24,197,26,9,143,20,3,2,121,160,92,49,130,22,38,34,124,94,75,12,165,153,187,127,39,107,87,76,50,53,93,23,30,134,58,86,69,64,101,151,54,158,199,6,117,98,25,110,81,52,182,28,162,78,60,79,185,148,167,61,41,36,46,131,59,133,96,157,138,178,164,173,66,126,198,159,140,118,109,29,154,156,106,19,108,146,43,128,85,152,111,83,181,82,192,139,33,13,172,195,40,37,15,35,88,145,189,194,31,171,116,57,0,113,196,89,5,141,119,74,183,63,51,72,147,65,112,115,14,45,55,155,184,161,80,114,177,169,191,11,104,180,163,170,95,137,90,125,149,32,68,97,100,7,175,179,27,150,136,144,70,168,17,103,105,142,190,188,186,176,42,47,132,166,123,44];False
2453;8289;10742;[4,67,193,48,10,1,91,129,8,84,122,73,174,135,21,99,16,77,112,71,56,18,62,120,24,197,26,9,143,20,3,2,121,160,92,49,185,22,38,34,124,94,75,12,165,153,187,127,39,107,87,76,50,53,93,23,30,134,58,86,69,64,101,151,54,158,199,6,117,98,25,110,81,52,182,28,162,78,60,79,130,148,167,61,41,36,46,131,59,133,96,157,138,178,164,173,66,126,198,159,140,118,109,29,154,156,106,19,108,146,43,128,85,152,111,83,181,82,192,139,33,13,172,195,40,37,15,35,88,145,189,194,31,171,116,57,0,113,196,89,5,141,119,74,183,63,51,72,147,65,102,115,14,45,55,155,184,161,80,114,177,169,191,11,104,180,163,170,95,137,90,125,149,32,68,97,100,7,175,179,27,150,136,144,70,168,17,103,105,142,190,188,186,176,42,47,132,166,123,44];False
2447;8295;10742;[4,67,193,48,10,1,91,129,8,84,122,73,174,135,21,99,156,77,112,71,56,18,62,120,24,197,26,9,143,20,3,2,121,160,92,49,130,22,38,34,124,94,75,12,165,153,187,127,39,107,87,76,50,53,93,23,30,134,58,86,69,64,101,151,54,158,199,6,117,98,25,110,81,52,182,28,162,78,60,79,185,148,167,61,41,36,46,131,59,133,96,157,138,178,164,173,66,126,198,159,140,118,109,29,154,16,106,19,108,146,43,128,85,152,111,83,181,82,192,139,33,13,172,195,40,37,15,35,88,145,189,194,31,171,116,57,0,113,196,89,5,141,119,74,183,63,51,72,147,65,102,115,14,45,55,155,184,161,80,114,177,169,191,11,104,180,163,170,95,137,90,125,149,32,68,97,100,7,175,179,27,150,136,144,70,168,17,103,105,142,190,188,186,176,42,47,132,166,123,44];False
2457;8285;10742;[4,67,193,48,10,1,91,129,8,84,122,73,174,135,21,99,16,77,112,71,56,18,62,120,24,197,26,9,143,20,3,2,121,160,92,54,130,22,38,34,124,94,75,12,165,153,187,127,39,107,87,76,50,53,93,23,30,134,58,86,69,64,101,151,49,158,199,6,117,98,25,110,81,52,182,28,162,78,60,79,185,148,167,61,41,36,46,131,59,133,96,157,138,178,164,173,66,126,198,159,140,118,109,29,154,156,106,19,108,146,43,128,85,152,111,83,181,82,192,139,33,13,172,195,40,37,15,35,88,145,189,194,31,171,116,57,0,113,196,89,5,141,119,74,183,63,51,72,147,65,102,115,14,45,55,155,184,161,80,114,177,169,191,11,104,180,163,170,95,137,90,125,149,32,68,97,100,7,175,179,27,150,136,144,70,168,17,103,105,142,190,188,186,176,42,47,132,166,123,44];False
2453;8289;10742;[4,67,193,48,10,1,91,129,8,84,122,73,174,135,21,99,16,77,112,71,56,2,62,120,24,197,26,9,143,20,3,18,121,160,92,49,130,22,38,34,124,94,75,12,165,153,187,127,39,107,87,76,50,53,93,23,30,134,58,86,69,64,101,151,54,158,199,6,117,98,25,110,81,52,182,28,162,78,60,79,185,148,167,61,41,36,46,131,59,133,96,157,138,178,164,173,66,126,198,159,140,118,109,29,154,156,106,19,108,146,43,128,85,152,111,83,181,82,192,139,33,13,172,195,40,37,15,35,88,145,189,194,31,171,116,57,0,113,196,89,5,141,119,74,183,63,51,72,147,65,102,115,14,45,55,155,184,161,80,114,177,169,191,11,104,180,163,170,95,137,90,125,149,32,68,97,100,7,175,179,27,150,136,144,70,168,17,103,105,142,190,188,186,176,42,47,132,166,123,44];False
2449;8293;10742;[4,67,193,48,10,1,91,119,8,84,122,73,174,135,21,99,16,77,112,71,56,18,62,120,24,197,26,9,143,20,3,2,121,160,92,49,130,22,38,34,124,94,75,12,165,153,187,127,39,107,87,76,50,53,93,23,30,134,58,86,69,64,101,151,54,158,199,6,117,98,25,110,81,52,182,28,162,78,60,79,185,148,167,61,41,36,46,131,59,133,96,157,138,178,164,173,66,126,198,159,140,118,109,29,154,156,106,19,108,146,43,128,85,152,111,83,181,82,192,139,33,13,172,195,40,37,15,35,88,145,189,194,31,171,116,57,0,113,196,89,5,141,129,74,183,63,51,72,147,65,102,115,14,45,55,155,184,161,80,114,177,169,191,11,104,180,163,170,95,137,90,125,149,32,68,97,100,7,175,179,27,150,136,144,70,168,17,103,105,142,190,188,186,176,42,47,132,166,123,44];False
2481;8261;10742;[4,67,193,48,10,1,91,129,8,84,122,73,174,135,21,99,16,77,112,71,56,18,62,120,24,197,26,9,143,20,3,2,121,160,92,49,130,22,38,34,124,94,75,12,165,153,187,127,39,107,87,76,50,53,93,23,30,134,58,86,69,64,114,151,54,158,199,6,117,98,25,110,81,52,182,28,162,78,60,79,185,148,167,61,41,36,46,131,59,133,96,157,138,178,164,173,66,126,198,159,140,118,109,29,154,156,106,19,108,146,43,128,85,152,111,83,181,82,192,139,33,13,172,195,40,37,15,35,88,145,189,194,31,171,116,57,0,113,196,89,5,141,119,74,183,63,51,72,147,65,102,115,14,45,55,155,184,161,80,101,177,169,191,11,104,180,163,170,95,137,90,125,149,32,68,97,100,7,175,179,27,150,136,144,70,168,17,103,105,142,190,188,186,176,42,47,132,166,123,44];False
2399;8342;10741;[4,67,193,48,10,1,91,129,8,84,122,73,174,135,21,99,16,77,112,71,56,18,62,120,24,197,26,9,143,20,3,2,121,160,92,49,130,22,38,34,124,94,75,12,165,153,187,127,39,107,87,76,50,53,93,23,30,134,58,86,69,64,118,151,54,158,199,6,117,98,25,110,81,52,182,28,162,78,60,79,185,148,167,61,41,36,46,131,59,133,96,157,138,178,164,173,66,126,198,159,140,101,109,29,154,156,106,19,108,146,43,128,85,152,111,83,181,82,192,139,33,13,172,195,40,37,15,35,88,145,189,194,31,171,116,57,0,113,196,89,5,141,119,74,183,63,51,72,147,65,102,115,14,45,55,155,184,161,80,114,177,169,191,11,104,180,163,170,95,137,90,125,149,32,68,97,100,7,175,179,27,150,136,144,70,168,17,103,105,142,190,188,186,176,42,47,132,166,123,44];False
2457;8284;10741;[4,67,193,48,10,1,91,129,8,84,122,73,174,135,21,99,16,77,112,71,56,18,62,120,24,197,26,9,143,20,3,2,121,160,92,49,130,22,38,34,124,94,75,12,165,153,187,127,39,107,87,76,50,53,93,23,30,134,58,86,69,64,101,151,54,158,40,6,117,98,25,110,81,52,182,28,162,78,60,79,185,148,167,61,41,36,46,131,59,133,96,157,138,178,164,173,66,126,198,159,140,118,109,29,154,156,106,19,108,146,43,128,85,152,111,83,181,82,192,139,33,13,172,195,199,37,15,35,88,145,189,194,31,171,116,57,0,113,196,89,5,141,119,74,183,63,51,72,147,65,102,115,14,45,55,155,184,161,80,114,177,169,191,11,104,180,163,170,95,137,90,125,149,32,68,97,100,7,175,179,27,150,136,144,70,168,17,103,105,142,190,188,186,176,42,47,132,166,123,44];False
2425;8316;10741;[4,67,193,48,10,1,91,129,100,84,122,73,174,135,21,99,16,77,112,71,56,18,62,120,24,197,26,9,143,20,3,2,121,160,92,49,130,22,38,34,124,94,75,12,165,153,187,127,39,107,87,76,50,53,93,23,30,134,58,86,69,64,101,151,54,158,199,6,117,98,25,110,81,52,182,28,162,78,60,79,185,148,167,61,41,36,46,131,59,133,96,157,138,178,164,173,66,126,198,159,140,118,109,29,154,156,106,19,108,146,43,128,85,152,111,83,181,82,192,139,33,13,172,195,40,37,15,35,88,145,189,194,31,171,116,57,0,113,196,89,5,141,119,74,183,63,51,72,147,65,102,115,14,45,55,155,184,161,80,114,177,169,191,11,104,180,163,170,95,137,90,125,149,32,68,97,8,7,175,179,27,150,136,144,70,168,17,103,105,142,190,188,186,176,42,47,132,166,123,44];False
2425;8316;10741;[4,67,193,48,10,1,91,129,8,84,122,73,174,135,21,99,16,77,112,71,56,18,62,120,24,197,26,9,143,20,3,2,121,160,92,49,130,22,38,34,124,94,75,12,165,153,187,127,39,107,87,76,50,53,93,23,30,134,58,86,69,64,101,151,54,158,199,6,117,98,25,110,81,52,182,28,162,78,60,79,185,148,167,61,41,36,46,131,59,133,96,157,138,178,164,173,66,126,198,159,140,118,109,85,154,156,106,19,108,146,43,128,29,152,111,83,181,82,192,139,33,13,172,195,40,37,15,35,88,145,189,194,31,171,116,57,0,113,196,89,5,141,119,74,183,63,51,72,147,65,102,115,14,45,55,155,184,161,80,114,177,169,191,11,104,180,163,170,95,137,90,125,149,32,68,97,100,7,175,179,27,150,136,144,70,168,17,103,105,142,190,188,186,176,42,47,132,166,123,44];False
2459;8282;10741;[4,67,193,48,10,1,91,129,8,84,122,73,174,135,21,99,16,77,112,71,56,18,62,120,24,197,26,9,143,20,3,2,121,160,92,49,130,22,38,34,124,94,75,12,165,153,187,127,39,107,87,76,50,53,93,23,30,134,58,86,69,64,101,151,54,158,199,6,117,98,25,110,81,52,182,28,162,78,60,79,185,148,167,61,41,36,46,131,59,133,96,157,138,178,164,173,66,126,198,159,140,118,109,104,154,156,106,19,108,146,43,128,85,152,111,83,181,82,192,139,33,13,172,195,40,37,15,35,88,145,189,194,31,171,116,57,0,113,196,89,5,141,119,74,183,63,51,72,147,65,102,115,14,45,55,155,184,161,80,114,177,169,191,11,29,180,163,170,95,137,90,125,149,32,68,97,100,7,175,179,27,150,136,144,70,168,17,103,105,142,190,188,186,176,42,47,132,166,123,44];False
2490;8251;10741;[4,67,193,48,10,1,91,129,8,84,122,73,174,135,21,99,16,77,112,71,56,18,62,120,24,197,26,9,143,20,3,2,121,160,92,49,130,22,38,34,124,94,75,12,165,153,187,127,39,107,87,76,50,90,93,23,30,134,58,86,69,64,101,151,54,158,199,6,117,98,25,110,81,52,182,28,162,78,60,79,185,148,167,61,41,36,46,131,59,133,96,157,138,178,164,173,66,126,198,159,140,118,109,29,154,156,106,19,108,146,43,128,85,152,111,83,181,82,192,139,33,13,172,195,40,37,15,35,88,145,189,194,31,171,116,57,0,113,196,89,5,141,119,74,183,63,51,72,147,65,102,115,14,45,55,155,184,161,80,114,177,169,191,11,104,180,163,170,95,137,53,125,149,32,68,97,100,7,175,179,27,150,136,144,70,168,17,103,105,142,190,188,186,176,42,47,132,166,123,44];False
2489;8252;10741;[4,67,193,48,10,1,91,129,8,84,122,73,174,135,21,99,16,77,112,71,56,18,62,120,24,197,26,9,143,20,3,2,121,160,92,49,130,22,38,34,124,94,75,12,165,153,187,127,39,107,87,76,50,53,93,23,170,134,58,86,69,64,101,151,54,158,199,6,117,98,25,110,81,52,182,28,162,78,60,79,185,148,167,61,41,36,46,131,59,133,96,157,138,178,164,173,66,126,198,159,140,118,109,29,154,156,106,19,108,146,43,128,85,152,111,83,181,82,192,139,33,13,172,195,40,37,15,35,88,145,189,194,31,171,116,57,0,113,196,89,5,141,119,74,183,63,51,72,147,65,102,115,14,45,55,155,184,161,80,114,177,169,191,11,104,180,163,30,95,137,90,125,149,32,68,97,100,7,175,179,27,150,136,144,70,168,17,103,105,142,190,188,186,176,42,47,132,166,123,44];False
2471;8270;10741;[168,67,193,48,10,1,91,129,8,84,122,73,174,135,21,99,16,77,112,71,56,18,62,120,24,197,26,9,143,20,3,2,121,160,92,49,130,22,38,34,124,94,75,12,165,153,187,127,39,107,87,76,50,53,93,23,30,134,58,86,69,64,101,151,54,158,199,6,117,98,25,110,81,52,182,28,162,78,60,79,185,148,167,61,41,36,46,131,59,133,96,157,138,178,164,173,66,126,198,159,140,118,109,29,154,156,106,19,108,146,43,128,85,152,111,83,181,82,192,139,33,13,172,195,40,37,15,35,88,145,189,194,31,171,116,57,0,113,196,89,5,141,119,74,183,63,51,72,147,65,102,115,14,45,55,155,184,161,80,114,177,169,191,11,104,180,163,170,95,137,90,125,149,32,68,97,100,7,175,179,27,150,136,144,70,4,17,103,105,142,190,188,186,176,42,47,132,166,123,44];False
2416;8325;10741;[4,67,193,48,10,1,91,129,8,84,122,73,174,135,21,99,16,77,112,71,56,18,62,120,24,197,26,9,143,20,3,2,121,160,92,49,130,22,38,34,124,94,75,12,165,153,187,127,39,107,87,76,50,53,93,23,30,134,58,86,69,64,198,151,54,158,199,6,117,98,25,110,81,52,182,28,162,78,60,79,185,148,167,61,41,36,46,131,59,133,96,157,138,178,164,173,66,126,101,159,140,118,109,29,154,156,106,19,108,146,43,128,85,152,111,83,181,82,192,139,33,13,172,195,40,37,15,35,88,145,189,194,31,171,116,57,0,113,196,89,5,141,119,74,183,63,51,72,147,65,102,115,14,45,55,155,184,161,80,114,177,169,191,11,104,180,163,170,95,137,90,125,149,32,68,97,100,7,175,179,27,150,136,144,70,168,17,103,105,142,190,188,186,176,42,47,132,166,123,44];False
2473;8267;10740;[4,67,193,48,10,1,91,129,8,84,122,73,174,135,21,99,16,77,112,71,56,18,62,120,24,197,26,9,143,20,3,2,121,160,92,49,130,22,38,34,124,94,75,12,165,153,187,127,39,107,87,76,50,53,93,23,30,134,58,86,69,64,101,151,54,158,199,173,117,98,25,110,81,52,182,28,162,78,60,79,185,148,167,61,41,36,46,131,59,133,96,157,138,178,164,6,66,126,198,159,140,118,109,29,154,156,106,19,108,146,43,128,85,152,111,83,181,82,192,139,33,13,172,195,40,37,15,35,88,145,189,194,31,171,116,57,0,113,196,89,5,141,119,74,183,63,51,72,147,65,102,115,14,45,55,155,184,161,80,114,177,169,191,11,104,180,163,170,95,137,90,125,149,32,68,97,100,7,175,179,27,150,136,144,70,168,17,103,105,142,190,188,186,176,42,47,132,166,123,44];False
2483;8257;10740;[4,67,193,48,10,1,91,129,8,84,122,73,174,135,21,99,16,77,112,71,56,18,62,120,24,197,26,9,143,20,3,2,121,160,92,49,130,22,38,34,124,94,75,12,165,153,187,127,39,107,87,76,50,53,93,23,30,134,58,86,69,64,101,151,54,158,199,6,117,98,25,110,81,52,182,28,162,78,60,79,185,148,167,61,41,36,46,131,59,133,42,157,138,178,164,173,66,126,198,159,140,118,109,29,154,156,106,19,108,146,43,128,85,152,111,83,181,82,192,139,33,13,172,195,40,37,15,35,88,145,189,194,31,171,116,57,0,113,196,89,5,141,119,74,183,63,51,72,147,65,102,115,14,45,55,155,184,161,80,114,177,169,191,11,104,180,163,170,95,137,90,125,149,32,68,97,100,7,175,179,27,150,136,144,70,168,17,103,105,142,190,188,186,176,96,47,132,166,123,44];False
2434;8306;10740;[4,67,193,48,10,1,91,129,8,84,122,73,174,135,21,99,16,77,112,54,56,18,62,120,24,197,26,9,143,20,3,2,121,160,92,49,130,22,38,34,124,94,75,12,165,153,187,127,39,107,87,76,50,53,93,23,30,134,58,86,69,64,101,151,71,158,199,6,117,98,25,110,81,52,182,28,162,78,60,79,185,148,167,61,41,36,46,131,59,133,96,157,138,178,164,173,66,126,198,159,140,118,109,29,154,156,106,19,108,146,43,128,85,152,111,83,181,82,192,139,33,13,172,195,40,37,15,35,88,145,189,194,31,171,116,57,0,113,196,89,5,141,119,74,183,63,51,72,147,65,102,115,14,45,55,155,184,161,80,114,177,169,191,11,104,180,163,170,95,137,90,125,149,32,68,97,100,7,175,179,27,150,136,144,70,168,17,103,105,142,190,188,186,176,42,47,132,166,123,44];False
2471;8269;10740;[4,67,193,48,10,1,91,50,8,84,122,73,174,135,21,99,16,77,112,71,56,18,62,120,24,197,26,9,143,20,3,2,121,160,92,49,130,22,38,34,124,94,75,12,165,153,187,127,39,107,87,76,129,53,93,23,30,134,58,86,69,64,101,151,54,158,199,6,117,98,25,110,81,52,182,28,162,78,60,79,185,148,167,61,41,36,46,131,59,133,96,157,138,178,164,173,66,126,198,159,140,118,109,29,154,156,106,19,108,146,43,128,85,152,111,83,181,82,192,139,33,13,172,195,40,37,15,35,88,145,189,194,31,171,116,57,0,113,196,89,5,141,119,74,183,63,51,72,147,65,102,115,14,45,55,155,184,161,80,114,177,169,191,11,104,180,163,170,95,137,90,125,149,32,68,97,100,7,175,179,27,150,136,144,70,168,17,103,105,142,190,188,186,176,42,47,132,166,123,44];False
2464;8276;10740;[4,67,193,48,10,1,91,129,8,84,122,73,174,135,21,99,16,77,112,71,56,18,62,120,24,197,26,9,143,82,3,2,121,160,92,49,130,22,38,34,124,94,75,12,165,153,187,127,39,107,87,76,50,53,93,23,30,134,58,86,69,64,101,151,54,158,199,6,117,98,25,110,81,52,182,28,162,78,60,79,185,148,167,61,41,36,46,131,59,133,96,157,138,178,164,173,66,126,198,159,140,118,109,29,154,156,106,19,108,146,43,128,85,152,111,83,181,20,192,139,33,13,172,195,40,37,15,35,88,145,189,194,31,171,116,57,0,113,196,89,5,141,119,74,183,63,51,72,147,65,102,115,14,45,55,155,184,161,80,114,177,169,191,11,104,180,163,170,95,137,90,125,149,32,68,97,100,7,175,179,27,150,136,144,70,168,17,103,105,142,190,188,186,176,42,47,132,166,123,44];False
2431;8309;10740;[4,67,193,48,10,1,91,129,8,84,122,73,174,135,21,99,16,77,112,71,56,18,62,120,24,197,26,9,143,20,3,2,121,160,92,49,130,22,38,34,124,94,75,12,165,153,187,127,39,107,87,76,50,53,93,23,30,134,58,86,69,64,101,151,54,158,199,6,117,98,25,110,81,52,182,28,162,78,60,79,185,148,167,61,41,36,46,131,59,133,96,157,138,178,164,173,66,126,198,159,140,118,109,29,154,156,106,19,108,146,43,128,85,152,111,83,181,82,192,139,33,13,172,155,40,37,15,35,88,145,189,194,31,171,116,57,0,113,196,89,5,141,119,74,183,63,51,72,147,65,102,115,14,45,55,195,184,161,80,114,177,169,191,11,104,180,163,170,95,137,90,125,149,32,68,97,100,7,175,179,27,150,136,144,70,168,17,103,105,142,190,188,186,176,42,47,132,166,123,44];False
2424;8316;10740;[4,67,193,48,10,1,91,129,8,84,122,73,174,135,21,99,16,77,112,71,56,18,62,120,24,197,26,9,143,20,3,2,121,160,92,49,130,22,38,34,124,94,75,12,165,153,187,173,39,107,87,76,50,53,93,23,30,134,58,86,69,64,101,151,54,158,199,6,117,98,25,110,81,52,182,28,162,78,60,79,185,148,167,61,41,36,46,131,59,133,96,157,138,178,164,127,66,126,198,159,140,118,109,29,154,156,106,19,108,146,43,128,85,152,111,83,181,82,192,139,33,13,172,195,40,37,15,35,88,145,189,194,31,171,116,57,0,113,196,89,5,141,119,74,183,63,51,72,147,65,102,115,14,45,55,155,184,161,80,114,177,169,191,11,104,180,163,170,95,137,90,125,149,32,68,97,100,7,175,179,27,150,136,144,70,168,17,103,105,142,190,188,186,176,42,47,132,166,123,44];False
2423;8317;10740;[4,67,193,48,10,1,91,129,8,84,122,73,174,135,21,99,16,77,112,71,56,18,62,120,24,197,26,54,143,20,3,2,121,160,92,49,130,22,38,34,124,94,75,12,165,153,187,127,39,107,87,76,50,53,93,23,30,134,58,86,69,64,101,151,9,158,199,6,117,98,25,110,81,52,182,28,162,78,60,79,185,148,167,61,41,36,46,131,59,133,96,157,138,178,164,173,66,126,198,159,140,118,109,29,154,156,106,19,108,146,43,128,85,152,111,83,181,82,192,139,33,13,172,195,40,37,15,35,88,145,189,194,31,171,116,57,0,113,196,89,5,141,119,74,183,63,51,72,147,65,102,115,14,45,55,155,184,161,80,114,177,169,191,11,104,180,163,170,95,137,90,125,149,32,68,97,100,7,175,179,27,150,136,144,70,168,17,103,105,142,190,188,186,176,42,47,132,166,123,44];False
2405;8335;10740;[4,67,193,48,10,1,91,129,8,84,122,73,174,135,21,99,16,77,112,71,56,18,62,120,24,197,26,9,143,20,3,2,121,160,92,49,130,22,38,34,124,94,75,12,165,153,187,127,39,107,87,76,50,53,93,23,30,134,58,86,69,64,101,151,54,158,199,6,117,98,25,110,81,52,182,28,162,78,37,79,185,148,167,61,41,36,46,131,59,133,96,157,138,178,164,173,66,126,198,159,140,118,109,29,154,156,106,19,108,146,43,128,85,152,111,83,181,82,192,139,33,13,172,195,40,60,15,35,88,145,189,194,31,171,116,57,0,113,196,89,5,141,119,74,183,63,51,72,147,65,102,115,14,45,55,155,184,161,80,114,177,169,191,11,104,180,163,170,95,137,90,125,149,32,68,97,100,7,175,179,27,150,136,144,70,168,17,103,105,142,190,188,186,176,42,47,132,166,123,44];False
2478;8262;10740;[4,67,193,48,10,1,91,129,8,84,122,73,174,135,21,99,16,77,112,71,56,18,62,120,24,197,26,9,143,20,3,2,121,160,92,49,130,22,38,34,124,94,75,12,165,153,187,127,39,107,87,76,50,189,93,23,30,134,58,86,69,64,101,151,54,158,199,6,117,98,25,110,81,52,182,28,162,78,60,79,185,148,167,61,41,36,46,131,59,133,96,157,138,178,164,173,66,126,198,159,140,118,109,29,154,156,106,19,108,146,43,128,85,152,111,83,181,82,192,139,33,13,172,195,40,37,15,35,88,145,53,194,31,171,116,57,0,113,196,89,5,141,119,74,183,63,51,72,147,65,102,115,14,45,55,155,184,161,80,114,177,169,191,11,104,180,163,170,95,137,90,125,149,32,68,97,100,7,175,179,27,150,136,144,70,168,17,103,105,142,190,188,186,176,42,47,132,166,123,44];False
2465;8275;10740;[4,67,193,48,10,1,91,129,8,84,122,73,174,135,21,99,88,77,112,71,56,18,62,120,24,197,26,9,143,20,3,2,121,160,92,49,130,22,38,34,124,94,75,12,165,153,187,127,39,107,87,76,50,53,93,23,30,134,58,86,69,64,101,151,54,158,199,6,117,98,25,110,81,52,182,28,162,78,60,79,185,148,167,61,41,36,46,131,59,133,96,157,138,178,164,173,66,126,198,159,140,118,109,29,154,156,106,19,108,146,43,128,85,152,111,83,181,82,192,139,33,13,172,195,40,37,15,35,16,145,189,194,31,171,116,57,0,113,196,89,5,141,119,74,183,63,51,72,147,65,102,115,14,45,55,155,184,161,80,114,177,169,191,11,104,180,163,170,95,137,90,125,149,32,68,97,100,7,175,179,27,150,136,144,70,168,17,103,105,142,190,188,186,176,42,47,132,166,123,44];False
2449;8290;10739;[4,67,193,48,10,1,91,129,8,84,122,73,174,135,21,99,16,77,112,71,56,18,62,120,24,197,26,9,143,25,3,2,121,160,92,49,130,22,38,34,124,94,75,12,165,153,187,127,39,107,87,76,50,53,93,23,30,134,58,86,69,64,101,151,54,158,199,6,117,98,20,110,81,52,182,28,162,78,60,79,185,148,167,61,41,36,46,131,59,133,96,157,138,178,164,173,66,126,198,159,140,118,109,29,154,156,106,19,108,146,43,128,85,152,111,83,181,82,192,139,33,13,172,195,40,37,15,35,88,145,189,194,31,171,116,57,0,113,196,89,5,141,119,74,183,63,51,72,147,65,102,115,14,45,55,155,184,161,80,114,177,169,191,11,104,180,163,170,95,137,90,125,149,32,68,97,100,7,175,179,27,150,136,144,70,168,17,103,105,142,190,188,186,176,42,47,132,166,123,44];False
2455;8284;10739;[4,67,193,48,10,1,91,129,8,84,122,73,174,135,21,99,16,77,112,71,56,18,62,172,24,197,26,9,143,20,3,2,121,160,92,49,130,22,38,34,124,94,75,12,165,153,187,127,39,107,87,76,50,53,93,23,30,134,58,86,69,64,101,151,54,158,199,6,117,98,25,110,81,52,182,28,162,78,60,79,185,148,167,61,41,36,46,131,59,133,96,157,138,178,164,173,66,126,198,159,140,118,109,29,154,156,106,19,108,146,43,128,85,152,111,83,181,82,192,139,33,13,120,195,40,37,15,35,88,145,189,194,31,171,116,57,0,113,196,89,5,141,119,74,183,63,51,72,147,65,102,115,14,45,55,155,184,161,80,114,177,169,191,11,104,180,163,170,95,137,90,125,149,32,68,97,100,7,175,179,27,150,136,144,70,168,17,103,105,142,190,188,186,176,42,47,132,166,123,44];False
2439;8300;10739;[4,67,193,48,10,1,91,129,8,84,122,73,174,135,21,99,16,77,112,71,56,18,62,120,24,197,26,9,143,20,3,2,121,160,92,156,130,22,38,34,124,94,75,12,165,153,187,127,39,107,87,76,50,53,93,23,30,134,58,86,69,64,101,151,54,158,199,6,117,98,25,110,81,52,182,28,162,78,60,79,185,148,167,61,41,36,46,131,59,133,96,157,138,178,164,173,66,126,198,159,140,118,109,29,154,49,106,19,108,146,43,128,85,152,111,83,181,82,192,139,33,13,172,195,40,37,15,35,88,145,189,194,31,171,116,57,0,113,196,89,5,141,119,74,183,63,51,72,147,65,102,115,14,45,55,155,184,161,80,114,177,169,191,11,104,180,163,170,95,137,90,125,149,32,68,97,100,7,175,179,27,150,136,144,70,168,17,103,105,142,190,188,186,176,42,47,132,166,123,44];False
2444;8295;10739;[4,67,63,48,10,1,91,129,8,84,122,73,174,135,21,99,16,77,112,71,56,18,62,120,24,197,26,9,143,20,3,2,121,160,92,49,130,22,38,34,124,94,75,12,165,153,187,127,39,107,87,76,50,53,93,23,30,134,58,86,69,64,101,151,54,158,199,6,117,98,25,110,81,52,182,28,162,78,60,79,185,148,167,61,41,36,46,131,59,133,96,157,138,178,164,173,66,126,198,159,140,118,109,29,154,156,106,19,108,146,43,128,85,152,111,83,181,82,192,139,33,13,172,195,40,37,15,35,88,145,189,194,31,171,116,57,0,113,196,89,5,141,119,74,183,193,51,72,147,65,102,115,14,45,55,155,184,161,80,114,177,169,191,11,104,180,163,170,95,137,90,125,149,32,68,97,100,7,175,179,27,150,136,144,70,168,17,103,105,142,190,188,186,176,42,47,132,166,123,44];False
2476;8263;10739;[4,67,193,48,10,1,91,129,8,84,122,73,174,135,21,99,16,77,112,71,56,18,62,120,24,197,26,9,143,20,3,2,121,160,92,49,130,22,38,34,124,94,75,12,165,153,187,127,39,107,87,76,50,53,93,23,30,134,58,86,69,64,101,151,54,158,199,6,117,98,25,110,81,52,182,28,162,78,60,79,185,148,167,61,41,36,46,131,59,133,96,157,138,178,164,173,66,126,19,159,140,118,109,29,154,156,106,198,108,146,43,128,85,152,111,83,181,82,192,139,33,13,172,195,40,37,15,35,88,145,189,194,31,171,116,57,0,113,196,89,5,141,119,74,183,63,51,72,147,65,102,115,14,45,55,155,184,161,80,114,177,169,191,11,104,180,163,170,95,137,90,125,149,32,68,97,100,7,175,179,27,150,136,144,70,168,17,103,105,142,190,188,186,176,42,47,132,166,123,44];False
2458;8281;10739;[4,67,193,48,10,1,91,129,8,84,122,73,174,135,21,99,16,77,112,71,56,18,62,120,24,197,26,9,143,20,3,2,121,160,92,49,130,22,38,34,124,94,75,12,165,153,187,127,39,192,87,76,50,53,93,23,30,134,58,86,69,64,101,151,54,158,199,6,117,98,25,110,81,52,182,28,162,78,60,79,185,148,167,61,41,36,46,131,59,133,96,157,138,178,164,173,66,126,198,159,140,118,109,29,154,156,106,19,108,146,43,128,85,152,111,83,181,82,107,139,33,13,172,195,40,37,15,35,88,145,189,194,31,171,116,57,0,113,196,89,5,141,119,74,183,63,51,72,147,65,102,115,14,45,55,155,184,161,80,114,177,169,191,11,104,180,163,170,95,137,90,125,149,32,68,97,100,7,175,179,27,150,136,144,70,168,17,103,105,142,190,188,186,176,42,47,132,166,123,44];False
2404;8335;10739;[4,67,193,48,10,1,91,129,8,84,122,73,174,135,75,99,16,77,112,71,56,18,62,120,24,197,26,9,143,20,3,2,121,160,92,49,130,22,38,34,124,94,21,12,165,153,187,127,39,107,87,76,50,53,93,23,30,134,58,86,69,64,101,151,54,158,199,6,117,98,25,110,81,52,182,28,162,78,60,79,185,148,167,61,41,36,46,131,59,133,96,157,138,178,164,173,66,126,198,159,140,118,109,29,154,156,106,19,108,146,43,128,85,152,111,83,181,82,192,139,33,13,172,195,40,37,15,35,88,145,189,194,31,171,116,57,0,113,196,89,5,141,119,74,183,63,51,72,147,65,102,115,14,45,55,155,184,161,80,114,177,169,191,11,104,180,163,170,95,137,90,125,149,32,68,97,100,7,175,179,27,150,136,144,70,168,17,103,105,142,190,188,186,176,42,47,132,166,123,44];False
2482;8256;10738;[4,67,193,48,10,1,91,129,8,84,122,73,174,135,21,99,16,77,112,71,56,18,62,120,24,197,26,9,143,20,3,2,121,160,92,49,130,22,38,34,124,94,75,12,165,153,187,127,39,107,87,76,50,53,93,23,30,134,58,86,69,64,101,151,54,158,199,6,131,98,25,110,81,52,182,28,162,78,60,79,185,148,167,61,41,36,46,117,59,133,96,157,138,178,164,173,66,126,198,159,140,118,109,29,154,156,106,19,108,146,43,128,85,152,111,83,181,82,192,139,33,13,172,195,40,37,15,35,88,145,189,194,31,171,116,57,0,113,196,89,5,141,119,74,183,63,51,72,147,65,102,115,14,45,55,155,184,161,80,114,177,169,191,11,104,180,163,170,95,137,90,125,149,32,68,97,100,7,175,179,27,150,136,144,70,168,17,103,105,142,190,188,186,176,42,47,132,166,123,44];False
2408;8330;10738;[4,67,193,48,10,1,91,129,8,84,122,73,174,135,21,99,16,77,112,71,56,18,62,120,24,197,26,9,143,20,3,2,121,160,92,49,130,22,38,34,124,54,75,12,165,153,187,127,39,107,87,76,50,53,93,23,30,134,58,86,69,64,101,151,94,158,199,6,117,98,25,110,81,52,182,28,162,78,60,79,185,148,167,61,41,36,46,131,59,133,96,157,138,178,164,173,66,126,198,159,140,118,109,29,154,156,106,19,108,146,43,128,85,152,111,83,181,82,192,139,33,13,172,195,40,37,15,35,88,145,189,194,31,171,116,57,0,113,196,89,5,141,119,74,183,63,51,72,147,65,102,115,14,45,55,155,184,161,80,114,177,169,191,11,104,180,163,170,95,137,90,125,149,32,68,97,100,7,175,179,27,150,136,144,70,168,17,103,105,142,190,188,186,176,42,47,132,166,123,44];False
2388;8350;10738;[4,67,193,48,10,1,91,129,8,84,122,73,174,135,21,99,16,77,112,71,56,18,62,120,24,197,26,9,143,20,3,2,121,160,92,49,130,22,38,34,124,94,75,12,165,153,44,127,39,107,87,76,50,53,93,23,30,134,58,86,69,64,101,151,54,158,199,6,117,98,25,110,81,52,182,28,162,78,60,79,185,148,167,61,41,36,46,131,59,133,96,157,138,178,164,173,66,126,198,159,140,118,109,29,154,156,106,19,108,146,43,128,85,152,111,83,181,82,192,139,33,13,172,195,40,37,15,35,88,145,189,194,31,171,116,57,0,113,196,89,5,141,119,74,183,63,51,72,147,65,102,115,14,45,55,155,184,161,80,114,177,169,191,11,104,180,163,170,95,137,90,125,149,32,68,97,100,7,175,179,27,150,136,144,70,168,17,103,105,142,190,188,186,176,42,47,132,166,123,187];False
2483;8255;10738;[4,67,193,48,10,1,91,129,8,84,122,73,174,135,21,99,16,77,112,71,56,43,62,120,24,197,26,9,143,20,3,2,121,160,92,49,130,22,38,34,124,94,75,12,165,153,187,127,39,107,87,76,50,53,93,23,30,134,58,86,69,64,101,151,54,158,199,6,117,98,25,110,81,52,182,28,162,78,60,79,185,148,167,61,41,36,46,131,59,133,96,157,138,178,164,173,66,126,198,159,140,118,109,29,154,156,106,19,108,146,18,128,85,152,111,83,181,82,192,139,33,13,172,195,40,37,15,35,88,145,189,194,31,171,116,57,0,113,196,89,5,141,119,74,183,63,51,72,147,65,102,115,14,45,55,155,184,161,80,114,177,169,191,11,104,180,163,170,95,137,90,125,149,32,68,97,100,7,175,179,27,150,136,144,70,168,17,103,105,142,190,188,186,176,42,47,132,166,123,44];False
2418;8320;10738;[4,67,193,48,10,1,91,129,8,84,122,73,174,135,21,99,16,77,112,71,56,18,62,120,24,197,26,9,143,20,3,2,121,160,92,49,130,22,38,34,124,94,75,12,165,153,187,127,39,107,87,76,50,53,93,23,30,134,58,86,69,64,101,151,54,158,199,6,117,98,25,110,81,52,182,28,162,78,60,79,185,148,167,61,41,36,46,131,59,133,96,157,138,178,164,173,66,172,198,159,140,118,109,29,154,156,106,19,108,146,43,128,85,152,111,83,181,82,192,139,33,13,126,195,40,37,15,35,88,145,189,194,31,171,116,57,0,113,196,89,5,141,119,74,183,63,51,72,147,65,102,115,14,45,55,155,184,161,80,114,177,169,191,11,104,180,163,170,95,137,90,125,149,32,68,97,100,7,175,179,27,150,136,144,70,168,17,103,105,142,190,188,186,176,42,47,132,166,123,44];False
2445;8293;10738;[4,67,193,48,10,1,91,129,8,84,122,73,174,135,21,99,16,77,112,71,56,18,62,120,24,197,26,9,143,20,3,2,121,160,92,49,130,22,38,34,124,94,75,12,165,153,187,52,39,107,87,76,50,53,93,23,30,134,58,86,69,64,101,151,54,158,199,6,117,98,25,110,81,127,182,28,162,78,60,79,185,148,167,61,41,36,46,131,59,133,96,157,138,178,164,173,66,126,198,159,140,118,109,29,154,156,106,19,108,146,43,128,85,152,111,83,181,82,192,139,33,13,172,195,40,37,15,35,88,145,189,194,31,171,116,57,0,113,196,89,5,141,119,74,183,63,51,72,147,65,102,115,14,45,55,155,184,161,80,114,177,169,191,11,104,180,163,170,95,137,90,125,149,32,68,97,100,7,175,179,27,150,136,144,70,168,17,103,105,142,190,188,186,176,42,47,132,166,123,44];False
2476;8262;10738;[4,67,193,48,10,1,91,129,8,84,122,73,174,135,21,99,16,77,112,71,56,18,62,120,24,197,26,9,143,20,3,2,121,160,92,49,130,22,38,34,124,94,75,12,165,153,187,127,39,107,87,76,50,53,93,23,30,134,58,86,69,64,101,151,54,158,199,6,117,98,25,110,81,52,182,28,162,78,60,79,185,148,167,61,41,36,46,131,59,133,96,157,138,178,164,173,66,126,198,159,140,118,109,29,154,156,106,19,108,146,43,128,85,152,111,83,181,82,192,139,33,13,172,195,40,37,15,35,88,145,189,194,31,171,116,57,0,113,196,89,5,141,119,74,183,63,51,72,147,65,102,115,14,32,55,155,184,161,80,114,177,169,191,11,104,180,163,170,95,137,90,125,149,45,68,97,100,7,175,179,27,150,136,144,70,168,17,103,105,142,190,188,186,176,42,47,132,166,123,44];False
2492;8246;10738;[4,67,193,48,10,1,91,129,8,84,7,73,174,135,21,99,16,77,112,71,56,18,62,120,24,197,26,9,143,20,3,2,121,160,92,49,130,22,38,34,124,94,75,12,165,153,187,127,39,107,87,76,50,53,93,23,30,134,58,86,69,64,101,151,54,158,199,6,117,98,25,110,81,52,182,28,162,78,60,79,185,148,167,61,41,36,46,131,59,133,96,157,138,178,164,173,66,126,198,159,140,118,109,29,154,156,106,19,108,146,43,128,85,152,111,83,181,82,192,139,33,13,172,195,40,37,15,35,88,145,189,194,31,171,116,57,0,113,196,89,5,141,119,74,183,63,51,72,147,65,102,115,14,45,55,155,184,161,80,114,177,169,191,11,104,180,163,170,95,137,90,125,149,32,68,97,100,122,175,179,27,150,136,144,70,168,17,103,105,142,190,188,186,176,42,47,132,166,123,44];False
2448;8290;10738;[4,67,193,48,10,1,91,129,8,84,122,73,174,135,21,99,16,77,112,71,56,18,62,120,24,197,26,9,143,20,3,2,121,160,92,49,130,22,38,34,124,94,75,12,165,153,187,127,39,107,87,76,50,53,93,23,30,134,58,86,69,64,101,151,54,158,199,6,117,98,25,110,81,52,182,28,162,78,60,79,185,148,167,61,41,36,46,131,196,133,96,157,138,178,164,173,66,126,198,159,140,118,109,29,154,156,106,19,108,146,43,128,85,152,111,83,181,82,192,139,33,13,172,195,40,37,15,35,88,145,189,194,31,171,116,57,0,113,59,89,5,141,119,74,183,63,51,72,147,65,102,115,14,45,55,155,184,161,80,114,177,169,191,11,104,180,163,170,95,137,90,125,149,32,68,97,100,7,175,179,27,150,136,144,70,168,17,103,105,142,190,188,186,176,42,47,132,166,123,44];False
2479;8259;10738;[4,67,193,48,10,1,91,129,8,84,122,73,174,135,21,99,16,77,112,71,56,18,62,120,24,197,26,9,143,20,3,2,121,160,92,49,130,22,38,34,124,94,75,12,165,153,187,127,39,107,87,76,50,53,93,23,30,134,58,86,69,64,101,151,54,158,199,6,117,98,25,110,81,52,182,28,162,78,60,79,185,148,167,61,41,36,46,131,59,133,96,157,138,178,164,173,66,126,198,159,140,118,109,29,154,156,106,19,108,146,43,128,85,152,111,83,181,82,192,139,33,13,172,195,40,37,15,35,88,145,189,194,31,171,116,57,0,113,196,89,5,141,119,74,183,63,51,72,147,65,102,115,14,45,55,155,184,161,80,114,177,169,32,11,104,180,163,170,95,137,90,125,149,191,68,97,100,7,175,179,27,150,136,144,70,168,17,103,105,142,190,188,186,176,42,47,132,166,123,44];False
2459;8279;10738;[4,67,193,48,10,1,91,129,8,84,122,73,174,135,21,99,16,77,112,37,56,18,62,120,24,197,26,9,143,20,3,2,121,160,92,49,130,22,38,34,124,94,75,12,165,153,187,127,39,107,87,76,50,53,93,23,30,134,58,86,69,64,101,151,54,158,199,6,117,98,25,110,81,52,182,28,162,78,60,79,185,148,167,61,41,36,46,131,59,133,96,157,138,178,164,173,66,126,198,159,140,118,109,29,154,156,106,19,108,146,43,128,85,152,111,83,181,82,192,139,33,13,172,195,40,71,15,35,88,145,189,194,31,171,116,57,0,113,196,89,5,141,119,74,183,63,51,72,147,65,102,115,14,45,55,155,184,161,80,114,177,169,191,11,104,180,163,170,95,137,90,125,149,32,68,97,100,7,175,179,27,150,136,144,70,168,17,103,105,142,190,188,186,176,42,47,132,166,123,44];False
2444;8294;10738;[4,67,193,48,10,1,91,129,8,84,122,73,174,135,21,99,16,77,112,71,56,18,62,120,24,197,26,9,143,20,3,2,121,160,92,49,130,22,38,34,124,94,75,12,165,153,187,127,39,107,87,76,50,53,93,23,30,134,58,86,69,64,101,151,54,158,199,6,117,98,25,110,81,52,182,28,162,78,60,79,185,148,167,61,41,36,46,131,59,133,96,157,138,178,164,173,66,126,198,159,140,118,109,29,154,156,106,19,108,146,43,128,85,144,111,83,181,82,192,139,33,13,172,195,40,37,15,35,88,145,189,194,31,171,116,57,0,113,196,89,5,141,119,74,183,63,51,72,147,65,102,115,14,45,55,155,184,161,80,114,177,169,191,11,104,180,163,170,95,137,90,125,149,32,68,97,100,7,175,179,27,150,136,152,70,168,17,103,105,142,190,188,186,176,42,47,132,166,123,44];False
2454;8283;10737;[4,67,193,48,10,1,91,129,8,17,122,73,174,135,21,99,16,77,112,71,56,18,62,120,24,197,26,9,143,20,3,2,121,160,92,49,130,22,38,34,124,94,75,12,165,153,187,127,39,107,87,76,50,53,93,23,30,134,58,86,69,64,101,151,54,158,199,6,117,98,25,110,81,52,182,28,162,78,60,79,185,148,167,61,41,36,46,131,59,133,96,157,138,178,164,173,66,126,198,159,140,118,109,29,154,156,106,19,108,146,43,128,85,152,111,83,181,82,192,139,33,13,172,195,40,37,15,35,88,145,189,194,31,171,116,57,0,113,196,89,5,141,119,74,183,63,51,72,147,65,102,115,14,45,55,155,184,161,80,114,177,169,191,11,104,180,163,170,95,137,90,125,149,32,68,97,100,7,175,179,27,150,136,144,70,168,84,103,105,142,190,188,186,176,42,47,132,166,123,44];False
2439;8298;10737;[4,67,193,48,10,1,91,129,8,84,122,73,174,135,21,99,16,77,112,71,56,18,62,120,24,197,26,9,143,20,3,2,121,160,92,49,130,22,38,34,124,94,75,12,165,153,187,127,39,107,87,76,50,53,93,23,30,134,58,86,69,64,101,151,54,158,199,6,117,98,25,110,81,52,182,28,162,78,60,79,185,148,167,61,41,36,46,131,59,133,96,157,138,178,164,173,66,126,198,159,140,118,109,29,154,156,106,19,108,146,43,13,85,152,111,83,181,82,192,139,33,128,172,195,40,37,15,35,88,145,189,194,31,171,116,57,0,113,196,89,5,141,119,74,183,63,51,72,147,65,102,115,14,45,55,155,184,161,80,114,177,169,191,11,104,180,163,170,95,137,90,125,149,32,68,97,100,7,175,179,27,150,136,144,70,168,17,103,105,142,190,188,186,176,42,47,132,166,123,44];False
2463;8274;10737;[4,67,193,48,10,1,91,129,8,84,122,73,174,135,21,99,16,77,112,71,56,18,62,120,24,197,26,9,143,20,3,2,121,160,92,49,130,22,38,34,124,94,75,12,165,153,187,127,39,107,87,76,50,53,93,23,30,134,58,86,69,64,101,151,54,158,199,6,117,98,25,110,81,52,182,28,162,78,60,79,185,148,167,61,41,36,46,131,59,133,96,157,138,178,164,184,66,126,198,159,140,118,109,29,154,156,106,19,108,146,43,128,85,152,111,83,181,82,192,139,33,13,172,195,40,37,15,35,88,145,189,194,31,171,116,57,0,113,196,89,5,141,119,74,183,63,51,72,147,65,102,115,14,45,55,155,173,161,80,114,177,169,191,11,104,180,163,170,95,137,90,125,149,32,68,97,100,7,175,179,27,150,136,144,70,168,17,103,105,142,190,188,186,176,42,47,132,166,123,44];False
2472;8265;10737;[4,67,193,48,10,1,91,129,8,84,122,73,174,135,21,99,16,77,112,71,56,18,62,120,24,197,26,9,143,20,3,2,121,160,92,49,130,22,38,34,124,94,75,12,165,153,187,127,39,107,87,76,50,53,93,23,30,134,58,86,69,64,101,151,54,158,199,6,117,98,25,110,81,52,182,28,162,78,60,79,185,148,167,61,41,36,46,131,59,133,96,157,138,178,164,173,181,126,198,159,140,118,109,29,154,156,106,19,108,146,43,128,85,152,111,83,66,82,192,139,33,13,172,195,40,37,15,35,88,145,189,194,31,171,116,57,0,113,196,89,5,141,119,74,183,63,51,72,147,65,102,115,14,45,55,155,184,161,80,114,177,169,191,11,104,180,163,170,95,137,90,125,149,32,68,97,100,7,175,179,27,150,136,144,70,168,17,103,105,142,190,188,186,176,42,47,132,166,123,44];False
2473;8264;10737;[4,67,193,48,10,1,91,129,8,84,122,73,174,135,21,99,16,77,112,71,56,18,62,120,24,197,26,9,143,20,3,2,121,160,92,49,130,22,38,34,124,94,75,12,165,153,187,127,39,107,87,76,50,53,93,23,30,134,58,86,69,64,101,151,54,158,199,6,117,98,25,110,185,52,182,28,162,78,60,79,81,148,167,61,41,36,46,131,59,133,96,157,138,178,164,173,66,126,198,159,140,118,109,29,154,156,106,19,108,146,43,128,85,152,111,83,181,82,192,139,33,13,172,195,40,37,15,35,88,145,189,194,31,171,116,57,0,113,196,89,5,141,119,74,183,63,51,72,147,65,102,115,14,45,55,155,184,161,80,114,177,169,191,11,104,180,163,170,95,137,90,125,149,32,68,97,100,7,175,179,27,150,136,144,70,168,17,103,105,142,190,188,186,176,42,47,132,166,123,44];False
2454;8283;10737;[4,67,193,48,10,1,91,129,8,84,122,73,174,135,21,99,16,77,112,71,56,18,62,120,24,197,26,9,143,20,3,2,121,160,92,49,130,22,38,34,124,94,75,12,165,153,187,127,39,107,87,76,50,53,93,23,30,134,58,86,69,64,101,151,54,158,199,6,117,98,25,110,81,52,182,28,162,78,60,79,185,148,167,61,41,36,46,131,59,133,96,157,138,178,164,173,66,126,198,159,140,118,109,29,154,156,106,19,108,146,43,128,85,152,111,83,181,82,192,139,33,13,172,195,40,37,15,35,88,145,189,194,31,171,116,57,0,113,196,42,5,141,119,74,183,63,51,72,147,65,102,115,14,45,55,155,184,161,80,114,177,169,191,11,104,180,163,170,95,137,90,125,149,32,68,97,100,7,175,179,27,150,136,144,70,168,17,103,105,142,190,188,186,176,89,47,132,166,123,44];False
2438;8299;10737;[4,67,193,48,10,1,91,129,8,84,122,73,174,135,21,99,16,77,112,71,56,18,62,120,24,197,26,9,143,20,3,2,121,160,92,49,130,22,38,34,124,94,75,12,165,153,187,127,39,107,87,76,50,53,93,23,30,134,58,86,69,64,101,151,54,158,199,6,117,184,25,110,81,52,182,28,162,78,60,79,185,148,167,61,41,36,46,131,59,133,96,157,138,178,164,173,66,126,198,159,140,118,109,29,154,156,106,19,108,146,43,128,85,152,111,83,181,82,192,139,33,13,172,195,40,37,15,35,88,145,189,194,31,171,116,57,0,113,196,89,5,141,119,74,183,63,51,72,147,65,102,115,14,45,55,155,98,161,80,114,177,169,191,11,104,180,163,170,95,137,90,125,149,32,68,97,100,7,175,179,27,150,136,144,70,168,17,103,105,142,190,188,186,176,42,47,132,166,123,44];False
2458;8279;10737;[4,67,193,48,10,1,91,129,8,84,122,73,174,135,21,99,16,77,112,71,56,18,62,120,24,197,26,9,143,50,3,2,121,160,92,49,130,22,38,34,124,94,75,12,165,153,187,127,39,107,87,76,20,53,93,23,30,134,58,86,69,64,101,151,54,158,199,6,117,98,25,110,81,52,182,28,162,78,60,79,185,148,167,61,41,36,46,131,59,133,96,157,138,178,164,173,66,126,198,159,140,118,109,29,154,156,106,19,108,146,43,128,85,152,111,83,181,82,192,139,33,13,172,195,40,37,15,35,88,145,189,194,31,171,116,57,0,113,196,89,5,141,119,74,183,63,51,72,147,65,102,115,14,45,55,155,184,161,80,114,177,169,191,11,104,180,163,170,95,137,90,125,149,32,68,97,100,7,175,179,27,150,136,144,70,168,17,103,105,142,190,188,186,176,42,47,132,166,123,44];False
2483;8254;10737;[4,67,193,48,10,1,91,129,8,84,122,73,174,135,21,99,16,77,112,71,56,18,62,120,24,197,26,9,143,20,3,2,121,160,92,49,130,22,38,34,124,94,75,12,165,153,187,127,39,107,87,76,50,53,93,23,30,134,58,86,69,64,101,151,54,158,199,6,117,98,25,110,81,52,182,28,162,78,60,79,185,132,167,61,41,36,46,131,59,133,96,157,138,178,164,173,66,126,198,159,140,118,109,29,154,156,106,19,108,146,43,128,85,152,111,83,181,82,192,139,33,13,172,195,40,37,15,35,88,145,189,194,31,171,116,57,0,113,196,89,5,141,119,74,183,63,51,72,147,65,102,115,14,45,55,155,184,161,80,114,177,169,191,11,104,180,163,170,95,137,90,125,149,32,68,97,100,7,175,179,27,150,136,144,70,168,17,103,105,142,190,188,186,176,42,47,148,166,123,44];False
2408;8329;10737;[4,67,193,48,10,1,91,129,8,84,122,73,174,135,21,99,16,77,112,71,56,18,62,120,24,197,26,9,143,20,3,2,121,160,92,49,130,22,38,34,124,94,75,12,165,153,187,127,39,107,87,76,50,53,93,23,30,134,108,86,69,64,101,151,54,158,199,6,117,98,25,110,81,52,182,28,162,78,60,79,185,148,167,61,41,36,46,131,59,133,96,157,138,178,164,173,66,126,198,159,140,118,109,29,154,156,106,19,58,146,43,128,85,152,111,83,181,82,192,139,33,13,172,195,40,37,15,35,88,145,189,194,31,171,116,57,0,113,196,89,5,141,119,74,183,63,51,72,147,65,102,115,14,45,55,155,184,161,80,114,177,169,191,11,104,180,163,170,95,137,90,125,149,32,68,97,100,7,175,179,27,150,136,144,70,168,17,103,105,142,190,188,186,176,42,47,132,166,123,44];False
2443;8293;10736;[4,67,193,48,10,1,91,129,8,84,122,73,174,135,21,99,16,77,112,71,56,18,62,120,24,197,26,9,143,20,3,2,121,160,92,49,130,22,38,34,124,94,75,12,165,153,187,127,39,107,87,76,50,53,93,23,30,134,58,86,69,147,101,151,54,158,199,6,117,98,25,110,81,52,182,28,162,78,60,79,185,148,167,61,41,36,46,131,59,133,96,157,138,178,164,173,66,126,198,159,140,118,109,29,154,156,106,19,108,146,43,128,85,152,111,83,181,82,192,139,33,13,172,195,40,37,15,35,88,145,189,194,31,171,116,57,0,113,196,89,5,141,119,74,183,63,51,72,64,65,102,115,14,45,55,155,184,161,80,114,177,169,191,11,104,180,163,170,95,137,90,125,149,32,68,97,100,7,175,179,27,150,136,144,70,168,17,103,105,142,190,188,186,176,42,47,132,166,123,44];False
2435;8301;10736;[4,67,193,48,10,1,91,129,8,84,122,73,174,135,21,99,181,77,112,71,56,18,62,120,24,197,26,9,143,20,3,2,121,160,92,49,130,22,38,34,124,94,75,12,165,153,187,127,39,107,87,76,50,53,93,23,30,134,58,86,69,64,101,151,54,158,199,6,117,98,25,110,81,52,182,28,162,78,60,79,185,148,167,61,41,36,46,131,59,133,96,157,138,178,164,173,66,126,198,159,140,118,109,29,154,156,106,19,108,146,43,128,85,152,111,83,16,82,192,139,33,13,172,195,40,37,15,35,88,145,189,194,31,171,116,57,0,113,196,89,5,141,119,74,183,63,51,72,147,65,102,115,14,45,55,155,184,161,80,114,177,169,191,11,104,180,163,170,95,137,90,125,149,32,68,97,100,7,175,179,27,150,136,144,70,168,17,103,105,142,190,188,186,176,42,47,132,166,123,44];False
2397;8339;10736;[4,67,193,48,10,1,91,129,8,84,122,73,174,135,21,99,16,77,112,71,56,18,62,120,24,197,26,9,143,20,3,2,121,160,92,49,130,22,38,34,124,94,75,12,165,153,187,127,39,107,87,76,50,53,93,23,30,134,58,86,69,64,101,151,54,158,199,6,117,98,25,110,81,52,182,28,162,78,60,79,185,19,167,61,41,36,46,131,59,133,96,157,138,178,164,173,66,126,198,159,140,118,109,29,154,156,106,148,108,146,43,128,85,152,111,83,181,82,192,139,33,13,172,195,40,37,15,35,88,145,189,194,31,171,116,57,0,113,196,89,5,141,119,74,183,63,51,72,147,65,102,115,14,45,55,155,184,161,80,114,177,169,191,11,104,180,163,170,95,137,90,125,149,32,68,97,100,7,175,179,27,150,136,144,70,168,17,103,105,142,190,188,186,176,42,47,132,166,123,44];False
2428;8308;10736;[4,67,193,48,10,1,91,49,8,84,122,73,174,135,21,99,16,77,112,71,56,18,62,120,24,197,26,9,143,20,3,2,121,160,92,129,130,22,38,34,124,94,75,12,165,153,187,127,39,107,87,76,50,53,93,23,30,134,58,86,69,64,101,151,54,158,199,6,117,98,25,110,81,52,182,28,162,78,60,79,185,148,167,61,41,36,46,131,59,133,96,157,138,178,164,173,66,126,198,159,140,118,109,29,154,156,106,19,108,146,43,128,85,152,111,83,181,82,192,139,33,13,172,195,40,37,15,35,88,145,189,194,31,171,116,57,0,113,196,89,5,141,119,74,183,63,51,72,147,65,102,115,14,45,55,155,184,161,80,114,177,169,191,11,104,180,163,170,95,137,90,125,149,32,68,97,100,7,175,179,27,150,136,144,70,168,17,103,105,142,190,188,186,176,42,47,132,166,123,44];False
2468;8268;10736;[4,67,193,48,10,1,91,129,8,84,122,73,174,135,21,99,16,77,112,71,56,18,62,120,24,197,26,9,143,20,3,2,121,160,92,49,130,22,38,34,124,94,75,12,165,153,187,127,39,107,87,76,50,53,93,23,30,134,58,86,69,64,101,170,54,158,199,6,117,98,25,110,81,52,182,28,162,78,60,79,185,148,167,61,41,36,46,131,59,133,96,157,138,178,164,173,66,126,198,159,140,118,109,29,154,156,106,19,108,146,43,128,85,152,111,83,181,82,192,139,33,13,172,195,40,37,15,35,88,145,189,194,31,171,116,57,0,113,196,89,5,141,119,74,183,63,51,72,147,65,102,115,14,45,55,155,184,161,80,114,177,169,191,11,104,180,163,151,95,137,90,125,149,32,68,97,100,7,175,179,27,150,136,144,70,168,17,103,105,142,190,188,186,176,42,47,132,166,123,44];False
2472;8264;10736;[4,67,193,48,10,171,91,129,8,84,122,73,174,135,21,99,16,77,112,71,56,18,62,120,24,197,26,9,143,20,3,2,121,160,92,49,130,22,38,34,124,94,75,12,165,153,187,127,39,107,87,76,50,53,93,23,30,134,58,86,69,64,101,151,54,158,199,6,117,98,25,110,81,52,182,28,162,78,60,79,185,148,167,61,41,36,46,131,59,133,96,157,138,178,164,173,66,126,198,159,140,118,109,29,154,156,106,19,108,146,43,128,85,152,111,83,181,82,192,139,33,13,172,195,40,37,15,35,88,145,189,194,31,1,116,57,0,113,196,89,5,141,119,74,183,63,51,72,147,65,102,115,14,45,55,155,184,161,80,114,177,169,191,11,104,180,163,170,95,137,90,125,149,32,68,97,100,7,175,179,27,150,136,144,70,168,17,103,105,142,190,188,186,176,42,47,132,166,123,44];False
2427;8309;10736;[4,67,193,48,10,1,91,129,8,84,122,73,174,135,21,99,16,77,112,71,56,18,62,120,24,197,26,9,143,20,3,2,121,160,92,49,130,22,38,34,124,94,75,12,165,153,187,127,39,107,87,76,50,53,93,23,30,134,58,86,69,64,101,151,54,158,199,6,117,98,25,110,81,52,182,82,162,78,60,79,185,148,167,61,41,36,46,131,59,133,96,157,138,178,164,173,66,126,198,159,140,118,109,29,154,156,106,19,108,146,43,128,85,152,111,83,181,28,192,139,33,13,172,195,40,37,15,35,88,145,189,194,31,171,116,57,0,113,196,89,5,141,119,74,183,63,51,72,147,65,102,115,14,45,55,155,184,161,80,114,177,169,191,11,104,180,163,170,95,137,90,125,149,32,68,97,100,7,175,179,27,150,136,144,70,168,17,103,105,142,190,188,186,176,42,47,132,166,123,44];False
2431;8305;10736;[4,67,193,48,10,1,91,129,8,84,122,73,174,135,21,99,16,77,112,71,56,18,62,120,24,197,26,9,143,20,3,2,121,160,92,49,130,22,38,34,124,94,75,12,165,153,187,127,39,107,87,76,50,53,93,23,30,134,58,86,69,64,101,151,54,158,199,6,117,70,25,110,81,52,182,28,162,78,60,79,185,148,167,61,41,36,46,131,59,133,96,157,138,178,164,173,66,126,198,159,140,118,109,29,154,156,106,19,108,146,43,128,85,152,111,83,181,82,192,139,33,13,172,195,40,37,15,35,88,145,189,194,31,171,116,57,0,113,196,89,5,141,119,74,183,63,51,72,147,65,102,115,14,45,55,155,184,161,80,114,177,169,191,11,104,180,163,170,95,137,90,125,149,32,68,97,100,7,175,179,27,150,136,144,98,168,17,103,105,142,190,188,186,176,42,47,132,166,123,44];False
2367;8369;10736;[4,67,193,48,10,1,91,129,8,84,122,73,174,135,21,99,16,77,112,71,56,18,62,120,24,197,26,9,143,20,3,2,121,160,92,49,130,22,38,34,124,94,75,12,165,153,187,127,39,107,87,76,50,53,93,23,30,134,58,86,69,64,101,151,54,158,199,6,117,98,25,110,81,52,182,28,162,78,60,79,185,148,167,61,41,36,46,131,59,133,96,157,138,178,164,173,66,126,198,159,140,118,109,29,154,179,106,19,108,146,43,128,85,152,111,83,181,82,192,139,33,13,172,195,40,37,15,35,88,145,189,194,31,171,116,57,0,113,196,89,5,141,119,74,183,63,51,72,147,65,102,115,14,45,55,155,184,161,80,114,177,169,191,11,104,180,163,170,95,137,90,125,149,32,68,97,100,7,175,156,27,150,136,144,70,168,17,103,105,142,190,188,186,176,42,47,132,166,123,44];False
2468;8268;10736;[4,67,193,48,10,1,91,129,8,84,122,73,174,135,21,99,16,77,112,71,56,18,62,120,42,197,26,9,143,20,3,2,121,160,92,49,130,22,38,34,124,94,75,12,165,153,187,127,39,107,87,76,50,53,93,23,30,134,58,86,69,64,101,151,54,158,199,6,117,98,25,110,81,52,182,28,162,78,60,79,185,148,167,61,41,36,46,131,59,133,96,157,138,178,164,173,66,126,198,159,140,118,109,29,154,156,106,19,108,146,43,128,85,152,111,83,181,82,192,139,33,13,172,195,40,37,15,35,88,145,189,194,31,171,116,57,0,113,196,89,5,141,119,74,183,63,51,72,147,65,102,115,14,45,55,155,184,161,80,114,177,169,191,11,104,180,163,170,95,137,90,125,149,32,68,97,100,7,175,179,27,150,136,144,70,168,17,103,105,142,190,188,186,176,24,47,132,166,123,44];False
2437;8299;10736;[4,67,193,48,10,1,91,129,8,84,122,73,174,135,21,99,16,77,112,71,56,18,62,120,24,197,26,9,143,20,3,2,121,160,92,49,130,22,38,34,124,94,75,12,165,153,187,127,39,107,87,76,50,53,93,23,30,134,58,86,69,64,101,151,54,158,199,6,117,98,25,110,81,52,182,28,162,78,60,79,185,148,167,61,41,36,46,131,59,133,96,157,138,175,164,173,66,126,198,159,140,118,109,29,154,156,106,19,108,146,43,128,85,152,111,83,181,82,192,139,33,13,172,195,40,37,15,35,88,145,189,194,31,171,116,57,0,113,196,89,5,141,119,74,183,63,51,72,147,65,102,115,14,45,55,155,184,161,80,114,177,169,191,11,104,180,163,170,95,137,90,125,149,32,68,97,100,7,178,179,27,150,136,144,70,168,17,103,105,142,190,188,186,176,42,47,132,166,123,44];False
2443;8293;10736;[4,67,193,48,10,1,91,129,8,84,122,73,174,135,21,99,16,77,112,71,56,18,62,120,24,197,26,9,143,20,3,2,121,160,92,49,130,22,38,34,124,94,75,12,165,153,187,127,39,107,87,76,50,53,93,126,30,134,58,86,69,64,101,151,54,158,199,6,117,98,25,110,81,52,182,28,162,78,60,79,185,148,167,61,41,36,46,131,59,133,96,157,138,178,164,173,66,23,198,159,140,118,109,29,154,156,106,19,108,146,43,128,85,152,111,83,181,82,192,139,33,13,172,195,40,37,15,35,88,145,189,194,31,171,116,57,0,113,196,89,5,141,119,74,183,63,51,72,147,65,102,115,14,45,55,155,184,161,80,114,177,169,191,11,104,180,163,170,95,137,90,125,149,32,68,97,100,7,175,179,27,150,136,144,70,168,17,103,105,142,190,188,186,176,42,47,132,166,123,44];False
2448;8288;10736;[4,67,193,48,10,1,91,129,8,84,122,73,174,135,21,99,16,77,112,71,56,18,62,120,24,197,26,9,143,20,3,2,121,160,92,49,130,22,38,34,124,94,75,12,165,153,187,127,39,107,87,76,50,53,93,23,30,134,58,86,69,64,101,151,54,158,199,6,117,98,25,110,81,52,182,28,162,78,60,79,185,148,167,61,41,36,46,131,59,133,96,157,138,178,164,173,66,126,198,159,140,118,109,29,154,156,106,19,108,146,43,128,85,152,111,83,181,82,192,139,33,13,172,195,40,170,15,35,88,145,189,194,31,171,116,57,0,113,196,89,5,141,119,74,183,63,51,72,147,65,102,115,14,45,55,155,184,161,80,114,177,169,191,11,104,180,163,37,95,137,90,125,149,32,68,97,100,7,175,179,27,150,136,144,70,168,17,103,105,142,190,188,186,176,42,47,132,166,123,44];False
2454;8282;10736;[4,67,193,48,10,1,91,129,8,84,122,73,174,135,21,99,16,77,112,71,56,18,62,120,24,197,26,9,143,20,3,2,121,160,92,49,130,22,38,34,124,94,75,12,165,153,187,127,39,107,87,76,50,53,93,23,30,134,58,86,69,64,101,151,54,158,199,6,117,98,25,110,81,52,182,28,162,78,60,79,185,148,167,61,41,36,46,131,59,133,96,157,138,178,164,173,66,126,198,159,140,118,109,29,154,156,106,19,108,146,179,128,85,152,111,83,181,82,192,139,33,13,172,195,40,37,15,35,88,145,189,194,31,171,116,57,0,113,196,89,5,141,119,74,183,63,51,72,147,65,102,115,14,45,55,155,184,161,80,114,177,169,191,11,104,180,163,170,95,137,90,125,149,32,68,97,100,7,175,43,27,150,136,144,70,168,17,103,105,142,190,188,186,176,42,47,132,166,123,44];False
2418;8317;10735;[4,67,193,199,10,1,91,129,8,84,122,73,174,135,21,99,16,77,112,71,56,18,62,120,24,197,26,9,143,20,3,2,121,160,92,49,130,22,38,34,124,94,75,12,165,153,187,127,39,107,87,76,50,53,93,23,30,134,58,86,69,64,101,151,54,158,48,6,117,98,25,110,81,52,182,28,162,78,60,79,185,148,167,61,41,36,46,131,59,133,96,157,138,178,164,173,66,126,198,159,140,118,109,29,154,156,106,19,108,146,43,128,85,152,111,83,181,82,192,139,33,13,172,195,40,37,15,35,88,145,189,194,31,171,116,57,0,113,196,89,5,141,119,74,183,63,51,72,147,65,102,115,14,45,55,155,184,161,80,114,177,169,191,11,104,180,163,170,95,137,90,125,149,32,68,97,100,7,175,179,27,150,136,144,70,168,17,103,105,142,190,188,186,176,42,47,132,166,123,44];False
2422;8313;10735;[4,67,193,48,10,128,91,129,8,84,122,73,174,135,21,99,16,77,112,71,56,18,62,120,24,197,26,9,143,20,3,2,121,160,92,49,130,22,38,34,124,94,75,12,165,153,187,127,39,107,87,76,50,53,93,23,30,134,58,86,69,64,101,151,54,158,199,6,117,98,25,110,81,52,182,28,162,78,60,79,185,148,167,61,41,36,46,131,59,133,96,157,138,178,164,173,66,126,198,159,140,118,109,29,154,156,106,19,108,146,43,1,85,152,111,83,181,82,192,139,33,13,172,195,40,37,15,35,88,145,189,194,31,171,116,57,0,113,196,89,5,141,119,74,183,63,51,72,147,65,102,115,14,45,55,155,184,161,80,114,177,169,191,11,104,180,163,170,95,137,90,125,149,32,68,97,100,7,175,179,27,150,136,144,70,168,17,103,105,142,190,188,186,176,42,47,132,166,123,44];False
2485;8250;10735;[4,67,193,48,10,1,91,129,8,84,122,73,174,135,21,99,16,77,112,71,56,18,62,120,24,197,26,9,143,20,3,2,121,160,94,49,130,22,38,34,124,92,75,12,165,153,187,127,39,107,87,76,50,53,93,23,30,134,58,86,69,64,101,151,54,158,199,6,117,98,25,110,81,52,182,28,162,78,60,79,185,148,167,61,41,36,46,131,59,133,96,157,138,178,164,173,66,126,198,159,140,118,109,29,154,156,106,19,108,146,43,128,85,152,111,83,181,82,192,139,33,13,172,195,40,37,15,35,88,145,189,194,31,171,116,57,0,113,196,89,5,141,119,74,183,63,51,72,147,65,102,115,14,45,55,155,184,161,80,114,177,169,191,11,104,180,163,170,95,137,90,125,149,32,68,97,100,7,175,179,27,150,136,144,70,168,17,103,105,142,190,188,186,176,42,47,132,166,123,44];False
2460;8275;10735;[4,67,193,48,10,1,95,129,8,84,122,73,174,135,21,99,16,77,112,71,56,18,62,120,24,197,26,9,143,20,3,2,121,160,92,49,130,22,38,34,124,94,75,12,165,153,187,127,39,107,87,76,50,53,93,23,30,134,58,86,69,64,101,151,54,158,199,6,117,98,25,110,81,52,182,28,162,78,60,79,185,148,167,61,41,36,46,131,59,133,96,157,138,178,164,173,66,126,198,159,140,118,109,29,154,156,106,19,108,146,43,128,85,152,111,83,181,82,192,139,33,13,172,195,40,37,15,35,88,145,189,194,31,171,116,57,0,113,196,89,5,141,119,74,183,63,51,72,147,65,102,115,14,45,55,155,184,161,80,114,177,169,191,11,104,180,163,170,91,137,90,125,149,32,68,97,100,7,175,179,27,150,136,144,70,168,17,103,105,142,190,188,186,176,42,47,132,166,123,44];False
2426;8309;10735;[4,67,193,48,10,1,91,129,8,84,122,73,174,135,21,99,16,77,112,71,56,18,62,120,24,197,26,9,143,20,3,2,121,160,92,49,130,22,38,34,124,94,75,12,165,153,187,127,39,107,87,76,50,53,93,23,30,134,58,86,69,64,101,151,54,158,199,6,117,98,25,110,81,52,182,28,162,78,60,79,185,148,167,61,41,36,46,131,59,133,96,157,138,178,164,173,66,126,198,159,140,118,109,29,154,156,106,19,108,146,55,128,85,152,111,83,181,82,192,139,33,13,172,195,40,37,15,35,88,145,189,194,31,171,116,57,0,113,196,89,5,141,119,74,183,63,51,72,147,65,102,115,14,45,43,155,184,161,80,114,177,169,191,11,104,180,163,170,95,137,90,125,149,32,68,97,100,7,175,179,27,150,136,144,70,168,17,103,105,142,190,188,186,176,42,47,132,166,123,44];False
2460;8275;10735;[4,67,193,48,10,1,91,129,8,84,122,73,174,135,21,99,16,77,112,71,56,18,62,120,24,197,26,9,143,20,3,2,121,160,92,49,130,22,38,34,124,94,75,12,165,153,187,127,39,107,87,76,50,53,93,23,30,134,58,86,69,64,101,151,54,158,199,6,117,98,25,110,81,52,182,28,162,78,60,79,185,148,167,61,41,36,46,131,59,133,96,157,138,178,164,173,66,126,198,159,140,118,109,29,154,156,106,19,108,146,43,128,85,152,111,83,181,82,192,139,33,13,172,195,40,37,15,35,88,145,189,194,31,171,116,57,0,113,196,89,5,141,119,74,183,63,51,72,147,65,102,115,14,45,55,155,184,161,80,114,177,169,191,11,104,180,163,170,68,137,90,125,149,32,95,97,100,7,175,179,27,150,136,144,70,168,17,103,105,142,190,188,186,176,42,47,132,166,123,44];False
2464;8271;10735;[4,67,193,48,10,1,25,129,8,84,122,73,174,135,21,99,16,77,112,71,56,18,62,120,24,197,26,9,143,20,3,2,121,160,92,49,130,22,38,34,124,94,75,12,165,153,187,127,39,107,87,76,50,53,93,23,30,134,58,86,69,64,101,151,54,158,199,6,117,98,91,110,81,52,182,28,162,78,60,79,185,148,167,61,41,36,46,131,59,133,96,157,138,178,164,173,66,126,198,159,140,118,109,29,154,156,106,19,108,146,43,128,85,152,111,83,181,82,192,139,33,13,172,195,40,37,15,35,88,145,189,194,31,171,116,57,0,113,196,89,5,141,119,74,183,63,51,72,147,65,102,115,14,45,55,155,184,161,80,114,177,169,191,11,104,180,163,170,95,137,90,125,149,32,68,97,100,7,175,179,27,150,136,144,70,168,17,103,105,142,190,188,186,176,42,47,132,166,123,44];False
2466;8269;10735;[4,67,193,48,10,1,91,129,8,84,122,73,174,135,21,99,16,77,112,71,56,18,62,120,24,197,26,9,143,20,3,2,121,160,92,49,130,22,38,34,124,94,75,12,165,153,187,127,39,107,87,76,50,53,93,23,30,134,58,86,69,64,101,151,54,158,199,6,117,98,25,110,81,52,182,28,162,78,60,79,185,148,167,61,41,36,46,131,59,133,96,157,138,178,164,173,66,126,198,159,140,118,109,29,154,156,106,19,108,146,43,128,85,152,111,83,181,82,192,139,33,13,172,195,0,37,15,35,88,145,189,194,31,171,116,57,40,113,196,89,5,141,119,74,183,63,51,72,147,65,102,115,14,45,55,155,184,161,80,114,177,169,191,11,104,180,163,170,95,137,90,125,149,32,68,97,100,7,175,179,27,150,136,144,70,168,17,103,105,142,190,188,186,176,42,47,132,166,123,44];False
2435;8299;10734;[4,67,193,48,10,1,91,129,8,84,122,73,174,135,21,99,16,77,112,71,56,18,62,120,24,197,26,9,143,20,95,2,121,160,92,49,130,22,38,34,124,94,75,12,165,153,187,127,39,107,87,76,50,53,93,23,30,134,58,86,69,64,101,151,54,158,199,6,117,98,25,110,81,52,182,28,162,78,60,79,185,148,167,61,41,36,46,131,59,133,96,157,138,178,164,173,66,126,198,159,140,118,109,29,154,156,106,19,108,146,43,128,85,152,111,83,181,82,192,139,33,13,172,195,40,37,15,35,88,145,189,194,31,171,116,57,0,113,196,89,5,141,119,74,183,63,51,72,147,65,102,115,14,45,55,155,184,161,80,114,177,169,191,11,104,180,163,170,3,137,90,125,149,32,68,97,100,7,175,179,27,150,136,144,70,168,17,103,105,142,190,188,186,176,42,47,132,166,123,44];False
2457;8277;10734;[4,67,193,48,10,1,91,129,8,84,122,73,174,135,21,99,16,77,112,71,56,18,62,120,24,197,26,9,143,20,3,2,121,160,92,49,130,22,38,34,124,94,75,12,165,153,187,127,39,107,87,76,50,53,93,190,30,134,58,86,69,64,101,151,54,158,199,6,117,98,25,110,81,52,182,28,162,78,60,79,185,148,167,61,41,36,46,131,59,133,96,157,138,178,164,173,66,126,198,159,140,118,109,29,154,156,106,19,108,146,43,128,85,152,111,83,181,82,192,139,33,13,172,195,40,37,15,35,88,145,189,194,31,171,116,57,0,113,196,89,5,141,119,74,183,63,51,72,147,65,102,115,14,45,55,155,184,161,80,114,177,169,191,11,104,180,163,170,95,137,90,125,149,32,68,97,100,7,175,179,27,150,136,144,70,168,17,103,105,142,23,188,186,176,42,47,132,166,123,44];False
2400;8334;10734;[4,67,193,48,10,1,91,129,8,84,122,73,174,135,21,99,16,77,112,71,56,18,62,120,24,197,26,9,143,20,3,2,121,160,92,49,130,22,38,34,124,94,75,12,165,153,187,127,39,107,87,76,50,53,93,23,30,134,58,86,69,64,101,151,54,158,199,6,117,98,25,110,81,52,182,28,162,78,60,79,185,148,167,61,41,36,46,131,59,44,96,157,138,178,164,173,66,126,198,159,140,118,109,29,154,156,106,19,108,146,43,128,85,152,111,83,181,82,192,139,33,13,172,195,40,37,15,35,88,145,189,194,31,171,116,57,0,113,196,89,5,141,119,74,183,63,51,72,147,65,102,115,14,45,55,155,184,161,80,114,177,169,191,11,104,180,163,170,95,137,90,125,149,32,68,97,100,7,175,179,27,150,136,144,70,168,17,103,105,142,190,188,186,176,42,47,132,166,123,133];False
2491;8243;10734;[4,67,193,48,10,1,91,129,8,84,122,73,174,135,21,99,16,77,112,71,56,18,62,120,24,197,26,9,143,20,3,2,121,160,92,49,130,22,38,34,124,94,75,12,165,153,187,127,39,107,87,76,50,53,93,23,30,134,58,86,69,64,101,151,54,158,199,6,117,98,25,110,81,52,182,28,162,78,60,79,185,148,167,61,41,36,46,131,59,133,96,157,138,178,164,173,66,126,198,159,140,118,109,29,154,156,106,19,108,146,43,128,85,152,111,83,181,82,192,139,33,13,172,195,40,37,15,35,88,145,189,194,31,171,116,57,0,113,196,89,5,141,119,74,183,63,51,72,147,65,102,188,14,45,55,155,184,161,80,114,177,169,191,11,104,180,163,170,95,137,90,125,149,32,68,97,100,7,175,179,27,150,136,144,70,168,17,103,105,142,190,115,186,176,42,47,132,166,123,44];False
2470;8264;10734;[4,67,193,48,10,1,91,129,8,84,122,73,174,135,21,99,16,77,112,71,56,18,62,120,24,197,26,9,143,20,3,2,121,160,92,49,130,22,38,34,124,94,75,12,165,153,187,127,39,107,87,76,50,53,93,23,30,134,58,86,69,64,101,151,54,158,199,6,117,98,25,110,81,52,182,28,162,78,60,79,185,148,167,61,41,36,46,131,59,133,96,157,138,178,164,173,66,126,198,159,140,118,109,29,154,156,106,19,108,146,43,128,85,152,111,83,181,82,192,139,33,13,172,195,40,37,15,35,88,145,189,194,31,171,170,57,0,113,196,89,5,141,119,74,183,63,51,72,147,65,102,115,14,45,55,155,184,161,80,114,177,169,191,11,104,180,163,116,95,137,90,125,149,32,68,97,100,7,175,179,27,150,136,144,70,168,17,103,105,142,190,188,186,176,42,47,132,166,123,44];False
2433;8301;10734;[4,67,193,48,10,1,91,129,8,84,122,73,174,135,21,99,16,77,112,71,56,18,62,120,24,197,26,9,143,20,3,2,121,160,92,49,130,22,38,34,124,94,75,12,165,153,187,127,39,107,87,76,50,53,93,23,30,134,58,86,69,64,101,151,54,158,199,6,117,98,25,110,81,52,182,28,162,78,60,79,185,148,167,61,41,36,46,131,59,133,96,157,138,178,164,173,66,126,198,159,140,118,109,29,154,156,106,19,108,146,43,128,85,152,111,83,181,82,192,139,33,13,172,195,40,37,15,35,88,145,189,194,31,171,116,57,0,113,196,89,5,141,119,74,183,63,51,72,147,65,102,115,14,45,55,169,184,161,80,114,177,155,191,11,104,180,163,170,95,137,90,125,149,32,68,97,100,7,175,179,27,150,136,144,70,168,17,103,105,142,190,188,186,176,42,47,132,166,123,44];False
2412;8322;10734;[4,67,193,48,10,1,91,129,8,84,122,170,174,135,21,99,16,77,112,71,56,18,62,120,24,197,26,9,143,20,3,2,121,160,92,49,130,22,38,34,124,94,75,12,165,153,187,127,39,107,87,76,50,53,93,23,30,134,58,86,69,64,101,151,54,158,199,6,117,98,25,110,81,52,182,28,162,78,60,79,185,148,167,61,41,36,46,131,59,133,96,157,138,178,164,173,66,126,198,159,140,118,109,29,154,156,106,19,108,146,43,128,85,152,111,83,181,82,192,139,33,13,172,195,40,37,15,35,88,145,189,194,31,171,116,57,0,113,196,89,5,141,119,74,183,63,51,72,147,65,102,115,14,45,55,155,184,161,80,114,177,169,191,11,104,180,163,73,95,137,90,125,149,32,68,97,100,7,175,179,27,150,136,144,70,168,17,103,105,142,190,188,186,176,42,47,132,166,123,44];False
2474;8260;10734;[4,67,193,48,10,1,91,129,8,84,122,73,174,135,21,99,16,77,112,71,56,18,62,120,24,197,26,9,143,20,3,12,121,160,92,49,130,22,38,34,124,94,75,2,165,153,187,127,39,107,87,76,50,53,93,23,30,134,58,86,69,64,101,151,54,158,199,6,117,98,25,110,81,52,182,28,162,78,60,79,185,148,167,61,41,36,46,131,59,133,96,157,138,178,164,173,66,126,198,159,140,118,109,29,154,156,106,19,108,146,43,128,85,152,111,83,181,82,192,139,33,13,172,195,40,37,15,35,88,145,189,194,31,171,116,57,0,113,196,89,5,141,119,74,183,63,51,72,147,65,102,115,14,45,55,155,184,161,80,114,177,169,191,11,104,180,163,170,95,137,90,125,149,32,68,97,100,7,175,179,27,150,136,144,70,168,17,103,105,142,190,188,186,176,42,47,132,166,123,44];False
2428;8306;10734;[4,67,193,48,10,1,91,129,8,84,122,73,174,135,21,99,16,77,112,110,56,18,62,120,24,197,26,9,143,20,3,2,121,160,92,49,130,22,38,34,124,94,75,12,165,153,187,127,39,107,87,76,50,53,93,23,30,134,58,86,69,64,101,151,54,158,199,6,117,98,25,71,81,52,182,28,162,78,60,79,185,148,167,61,41,36,46,131,59,133,96,157,138,178,164,173,66,126,198,159,140,118,109,29,154,156,106,19,108,146,43,128,85,152,111,83,181,82,192,139,33,13,172,195,40,37,15,35,88,145,189,194,31,171,116,57,0,113,196,89,5,141,119,74,183,63,51,72,147,65,102,115,14,45,55,155,184,161,80,114,177,169,191,11,104,180,163,170,95,137,90,125,149,32,68,97,100,7,175,179,27,150,136,144,70,168,17,103,105,142,190,188,186,176,42,47,132,166,123,44];False
2475;8259;10734;[4,67,193,48,10,1,91,129,8,84,122,73,174,135,21,99,16,77,112,71,56,18,62,120,24,182,26,9,143,20,3,2,121,160,92,49,130,22,38,34,124,94,75,12,165,153,187,127,39,107,87,76,50,53,93,23,30,134,58,86,69,64,101,151,54,158,199,6,117,98,25,110,81,52,197,28,162,78,60,79,185,148,167,61,41,36,46,131,59,133,96,157,138,178,164,173,66,126,198,159,140,118,109,29,154,156,106,19,108,146,43,128,85,152,111,83,181,82,192,139,33,13,172,195,40,37,15,35,88,145,189,194,31,171,116,57,0,113,196,89,5,141,119,74,183,63,51,72,147,65,102,115,14,45,55,155,184,161,80,114,177,169,191,11,104,180,163,170,95,137,90,125,149,32,68,97,100,7,175,179,27,150,136,144,70,168,17,103,105,142,190,188,186,176,42,47,132,166,123,44];False
2493;8241;10734;[4,67,193,48,10,1,91,129,8,84,122,73,174,135,21,99,16,77,112,71,56,18,62,120,24,197,26,9,143,20,3,2,90,160,92,49,130,22,38,34,124,94,75,12,165,153,187,127,39,107,87,76,50,53,93,23,30,134,58,86,69,64,101,151,54,158,199,6,117,98,25,110,81,52,182,28,162,78,60,79,185,148,167,61,41,36,46,131,59,133,96,157,138,178,164,173,66,126,198,159,140,118,109,29,154,156,106,19,108,146,43,128,85,152,111,83,181,82,192,139,33,13,172,195,40,37,15,35,88,145,189,194,31,171,116,57,0,113,196,89,5,141,119,74,183,63,51,72,147,65,102,115,14,45,55,155,184,161,80,114,177,169,191,11,104,180,163,170,95,137,121,125,149,32,68,97,100,7,175,179,27,150,136,144,70,168,17,103,105,142,190,188,186,176,42,47,132,166,123,44];False
2452;8282;10734;[4,67,193,48,10,1,91,129,8,84,122,73,174,135,21,99,16,77,112,71,56,18,62,120,24,197,26,9,143,20,3,2,121,160,92,49,130,149,38,34,124,94,75,12,165,153,187,127,39,107,87,76,50,53,93,23,30,134,58,86,69,64,101,151,54,158,199,6,117,98,25,110,81,52,182,28,162,78,60,79,185,148,167,61,41,36,46,131,59,133,96,157,138,178,164,173,66,126,198,159,140,118,109,29,154,156,106,19,108,146,43,128,85,152,111,83,181,82,192,139,33,13,172,195,40,37,15,35,88,145,189,194,31,171,116,57,0,113,196,89,5,141,119,74,183,63,51,72,147,65,102,115,14,45,55,155,184,161,80,114,177,169,191,11,104,180,163,170,95,137,90,125,22,32,68,97,100,7,175,179,27,150,136,144,70,168,17,103,105,142,190,188,186,176,42,47,132,166,123,44];False
2429;8305;10734;[4,67,193,48,10,1,91,129,8,84,122,73,174,135,21,99,16,77,112,71,56,18,62,120,24,197,26,9,143,20,3,2,121,160,92,49,130,22,38,34,124,94,75,12,165,153,187,127,39,107,87,76,50,53,93,23,30,134,58,86,69,64,101,151,54,158,199,6,117,98,25,110,81,52,182,28,162,78,60,79,185,148,167,95,41,36,46,131,59,133,96,157,138,178,164,173,66,126,198,159,140,118,109,29,154,156,106,19,108,146,43,128,85,152,111,83,181,82,192,139,33,13,172,195,40,37,15,35,88,145,189,194,31,171,116,57,0,113,196,89,5,141,119,74,183,63,51,72,147,65,102,115,14,45,55,155,184,161,80,114,177,169,191,11,104,180,163,170,61,137,90,125,149,32,68,97,100,7,175,179,27,150,136,144,70,168,17,103,105,142,190,188,186,176,42,47,132,166,123,44];False
2453;8281;10734;[4,67,193,48,10,1,91,129,8,84,122,73,174,135,21,99,16,77,112,71,56,18,62,120,24,197,26,9,143,20,3,2,121,160,92,49,130,22,38,34,124,94,75,12,165,153,187,127,39,107,87,76,50,53,93,23,30,134,58,86,69,64,101,151,54,158,199,6,117,98,25,110,81,52,182,28,162,32,60,79,185,148,167,61,41,36,46,131,59,133,96,157,138,178,164,173,66,126,198,159,140,118,109,29,154,156,106,19,108,146,43,128,85,152,111,83,181,82,192,139,33,13,172,195,40,37,15,35,88,145,189,194,31,171,116,57,0,113,196,89,5,141,119,74,183,63,51,72,147,65,102,115,14,45,55,155,184,161,80,114,177,169,191,11,104,180,163,170,95,137,90,125,149,78,68,97,100,7,175,179,27,150,136,144,70,168,17,103,105,142,190,188,186,176,42,47,132,166,123,44];False
2459;8275;10734;[4,67,193,48,10,1,91,129,8,84,122,73,174,135,21,99,16,77,112,71,56,18,62,120,24,197,26,9,143,20,3,2,121,160,92,49,130,22,38,34,124,94,75,12,165,153,187,127,39,107,87,76,50,53,93,23,30,134,58,86,69,64,101,151,54,158,199,6,117,98,25,110,81,52,182,28,162,78,60,79,185,148,167,61,41,36,46,131,59,133,96,157,138,178,164,173,66,126,198,37,140,118,109,29,154,156,106,19,108,146,43,128,85,152,111,83,181,82,192,139,33,13,172,195,40,159,15,35,88,145,189,194,31,171,116,57,0,113,196,89,5,141,119,74,183,63,51,72,147,65,102,115,14,45,55,155,184,161,80,114,177,169,191,11,104,180,163,170,95,137,90,125,149,32,68,97,100,7,175,179,27,150,136,144,70,168,17,103,105,142,190,188,186,176,42,47,132,166,123,44];False
2421;8312;10733;[52,67,193,48,10,1,91,129,8,84,122,73,174,135,21,99,16,77,112,71,56,18,62,120,24,197,26,9,143,20,3,2,121,160,92,49,130,22,38,34,124,94,75,12,165,153,187,127,39,107,87,76,50,53,93,23,30,134,58,86,69,64,101,151,54,158,199,6,117,98,25,110,81,4,182,28,162,78,60,79,185,148,167,61,41,36,46,131,59,133,96,157,138,178,164,173,66,126,198,159,140,118,109,29,154,156,106,19,108,146,43,128,85,152,111,83,181,82,192,139,33,13,172,195,40,37,15,35,88,145,189,194,31,171,116,57,0,113,196,89,5,141,119,74,183,63,51,72,147,65,102,115,14,45,55,155,184,161,80,114,177,169,191,11,104,180,163,170,95,137,90,125,149,32,68,97,100,7,175,179,27,150,136,144,70,168,17,103,105,142,190,188,186,176,42,47,132,166,123,44];False
2480;8253;10733;[4,67,193,48,189,1,91,129,8,84,122,73,174,135,21,99,16,77,112,71,56,18,62,120,24,197,26,9,143,20,3,2,121,160,92,49,130,22,38,34,124,94,75,12,165,153,187,127,39,107,87,76,50,53,93,23,30,134,58,86,69,64,101,151,54,158,199,6,117,98,25,110,81,52,182,28,162,78,60,79,185,148,167,61,41,36,46,131,59,133,96,157,138,178,164,173,66,126,198,159,140,118,109,29,154,156,106,19,108,146,43,128,85,152,111,83,181,82,192,139,33,13,172,195,40,37,15,35,88,145,10,194,31,171,116,57,0,113,196,89,5,141,119,74,183,63,51,72,147,65,102,115,14,45,55,155,184,161,80,114,177,169,191,11,104,180,163,170,95,137,90,125,149,32,68,97,100,7,175,179,27,150,136,144,70,168,17,103,105,142,190,188,186,176,42,47,132,166,123,44];False
2454;8279;10733;[4,67,193,48,10,1,91,129,8,84,122,73,174,135,21,99,16,77,112,71,56,18,62,120,24,197,26,9,143,20,3,2,121,160,92,49,130,22,38,34,124,94,75,12,165,153,187,127,39,107,87,76,50,53,93,23,30,134,58,86,69,64,101,151,54,158,199,6,117,98,25,110,81,52,182,28,162,78,60,79,185,148,167,61,41,36,46,131,59,133,96,157,138,178,164,173,66,43,198,159,140,118,109,29,154,156,106,19,108,146,126,128,85,152,111,83,181,82,192,139,33,13,172,195,40,37,15,35,88,145,189,194,31,171,116,57,0,113,196,89,5,141,119,74,183,63,51,72,147,65,102,115,14,45,55,155,184,161,80,114,177,169,191,11,104,180,163,170,95,137,90,125,149,32,68,97,100,7,175,179,27,150,136,144,70,168,17,103,105,142,190,188,186,176,42,47,132,166,123,44];False
2376;8357;10733;[4,67,193,48,10,1,91,129,8,84,122,73,174,135,21,195,16,77,112,71,56,18,62,120,24,197,26,9,143,20,3,2,121,160,92,49,130,22,38,34,124,94,75,12,165,153,187,127,39,107,87,76,50,53,93,23,30,134,58,86,69,64,101,151,54,158,199,6,117,98,25,110,81,52,182,28,162,78,60,79,185,148,167,61,41,36,46,131,59,133,96,157,138,178,164,173,66,126,198,159,140,118,109,29,154,156,106,19,108,146,43,128,85,152,111,83,181,82,192,139,33,13,172,99,40,37,15,35,88,145,189,194,31,171,116,57,0,113,196,89,5,141,119,74,183,63,51,72,147,65,102,115,14,45,55,155,184,161,80,114,177,169,191,11,104,180,163,170,95,137,90,125,149,32,68,97,100,7,175,179,27,150,136,144,70,168,17,103,105,142,190,188,186,176,42,47,132,166,123,44];False
2442;8291;10733;[4,67,193,48,10,1,126,129,8,84,122,73,174,135,21,99,16,77,112,71,56,18,62,120,24,197,26,9,143,20,3,2,121,160,92,49,130,22,38,34,124,94,75,12,165,153,187,127,39,107,87,76,50,53,93,23,30,134,58,86,69,64,101,151,54,158,199,6,117,98,25,110,81,52,182,28,162,78,60,79,185,148,167,61,41,36,46,131,59,133,96,157,138,178,164,173,66,91,198,159,140,118,109,29,154,156,106,19,108,146,43,128,85,152,111,83,181,82,192,139,33,13,172,195,40,37,15,35,88,145,189,194,31,171,116,57,0,113,196,89,5,141,119,74,183,63,51,72,147,65,102,115,14,45,55,155,184,161,80,114,177,169,191,11,104,180,163,170,95,137,90,125,149,32,68,97,100,7,175,179,27,150,136,144,70,168,17,103,105,142,190,188,186,176,42,47,132,166,123,44];False
2460;8273;10733;[4,67,193,48,10,1,91,129,8,84,122,73,174,135,21,99,16,77,112,71,56,18,62,120,24,197,26,9,143,20,3,2,121,160,92,49,130,22,38,34,124,94,75,12,165,153,187,127,39,107,87,76,50,53,93,23,30,134,58,86,69,64,101,151,54,158,199,6,117,98,25,110,81,52,182,28,162,78,60,79,185,148,167,61,41,36,46,131,59,133,96,157,138,178,95,173,66,126,198,159,140,118,109,29,154,156,106,19,108,146,43,128,85,152,111,83,181,82,192,139,33,13,172,195,40,37,15,35,88,145,189,194,31,171,116,57,0,113,196,89,5,141,119,74,183,63,51,72,147,65,102,115,14,45,55,155,184,161,80,114,177,169,191,11,104,180,163,170,164,137,90,125,149,32,68,97,100,7,175,179,27,150,136,144,70,168,17,103,105,142,190,188,186,176,42,47,132,166,123,44];False
2455;8277;10732;[4,67,193,48,10,1,91,129,8,84,122,73,174,135,21,99,16,77,112,71,56,18,62,120,24,197,26,9,143,20,3,2,121,160,92,49,130,22,38,34,124,94,75,12,165,153,187,127,39,107,87,76,50,53,93,23,30,134,58,86,69,64,101,151,54,158,52,6,117,98,25,110,81,199,182,28,162,78,60,79,185,148,167,61,41,36,46,131,59,133,96,157,138,178,164,173,66,126,198,159,140,118,109,29,154,156,106,19,108,146,43,128,85,152,111,83,181,82,192,139,33,13,172,195,40,37,15,35,88,145,189,194,31,171,116,57,0,113,196,89,5,141,119,74,183,63,51,72,147,65,102,115,14,45,55,155,184,161,80,114,177,169,191,11,104,180,163,170,95,137,90,125,149,32,68,97,100,7,175,179,27,150,136,144,70,168,17,103,105,142,190,188,186,176,42,47,132,166,123,44];False
2482;8250;10732;[4,67,193,48,10,1,91,129,8,84,122,73,174,135,21,99,16,77,112,71,56,18,62,120,24,197,26,9,143,20,3,2,121,160,53,49,130,22,38,34,124,94,75,12,165,153,187,127,39,107,87,76,50,92,93,23,30,134,58,86,69,64,101,151,54,158,199,6,117,98,25,110,81,52,182,28,162,78,60,79,185,148,167,61,41,36,46,131,59,133,96,157,138,178,164,173,66,126,198,159,140,118,109,29,154,156,106,19,108,146,43,128,85,152,111,83,181,82,192,139,33,13,172,195,40,37,15,35,88,145,189,194,31,171,116,57,0,113,196,89,5,141,119,74,183,63,51,72,147,65,102,115,14,45,55,155,184,161,80,114,177,169,191,11,104,180,163,170,95,137,90,125,149,32,68,97,100,7,175,179,27,150,136,144,70,168,17,103,105,142,190,188,186,176,42,47,132,166,123,44];False
2456;8276;10732;[4,67,193,48,10,1,91,129,8,84,122,73,174,135,21,99,16,77,112,71,56,18,62,120,24,197,26,9,143,20,3,2,121,160,92,49,130,22,38,34,124,94,75,12,165,153,187,127,39,107,87,76,50,53,93,23,30,134,58,86,69,171,101,151,54,158,199,6,117,98,25,110,81,52,182,28,162,78,60,79,185,148,167,61,41,36,46,131,59,133,96,157,138,178,164,173,66,126,198,159,140,118,109,29,154,156,106,19,108,146,43,128,85,152,111,83,181,82,192,139,33,13,172,195,40,37,15,35,88,145,189,194,31,64,116,57,0,113,196,89,5,141,119,74,183,63,51,72,147,65,102,115,14,45,55,155,184,161,80,114,177,169,191,11,104,180,163,170,95,137,90,125,149,32,68,97,100,7,175,179,27,150,136,144,70,168,17,103,105,142,190,188,186,176,42,47,132,166,123,44];False
2469;8263;10732;[4,67,193,48,10,1,91,129,8,84,122,73,174,135,21,99,16,77,112,71,56,18,62,120,24,197,26,9,143,31,3,2,121,160,92,49,130,22,38,34,124,94,75,12,165,153,187,127,39,107,87,76,50,53,93,23,30,134,58,86,69,64,101,151,54,158,199,6,117,98,25,110,81,52,182,28,162,78,60,79,185,148,167,61,41,36,46,131,59,133,96,157,138,178,164,173,66,126,198,159,140,118,109,29,154,156,106,19,108,146,43,128,85,152,111,83,181,82,192,139,33,13,172,195,40,37,15,35,88,145,189,194,20,171,116,57,0,113,196,89,5,141,119,74,183,63,51,72,147,65,102,115,14,45,55,155,184,161,80,114,177,169,191,11,104,180,163,170,95,137,90,125,149,32,68,97,100,7,175,179,27,150,136,144,70,168,17,103,105,142,190,188,186,176,42,47,132,166,123,44];False
2437;8295;10732;[4,67,193,48,10,1,91,129,8,84,122,103,174,135,21,99,16,77,112,71,56,18,62,120,24,197,26,9,143,20,3,2,121,160,92,49,130,22,38,34,124,94,75,12,165,153,187,127,39,107,87,76,50,53,93,23,30,134,58,86,69,64,101,151,54,158,199,6,117,98,25,110,81,52,182,28,162,78,60,79,185,148,167,61,41,36,46,131,59,133,96,157,138,178,164,173,66,126,198,159,140,118,109,29,154,156,106,19,108,146,43,128,85,152,111,83,181,82,192,139,33,13,172,195,40,37,15,35,88,145,189,194,31,171,116,57,0,113,196,89,5,141,119,74,183,63,51,72,147,65,102,115,14,45,55,155,184,161,80,114,177,169,191,11,104,180,163,170,95,137,90,125,149,32,68,97,100,7,175,179,27,150,136,144,70,168,17,73,105,142,190,188,186,176,42,47,132,166,123,44];False
2483;8249;10732;[4,67,193,48,10,1,91,129,8,84,122,73,174,135,21,99,16,77,112,71,56,18,62,120,24,197,26,9,143,20,3,2,121,160,92,49,130,22,38,34,124,94,75,12,165,153,187,127,39,107,87,76,50,53,93,23,30,134,58,86,69,64,101,151,54,158,199,6,117,98,25,110,81,52,182,28,162,78,60,79,185,148,167,61,41,36,46,131,59,133,96,157,138,178,164,173,66,126,198,159,140,118,109,29,154,156,106,19,108,146,43,128,85,152,111,83,181,82,192,139,33,13,172,195,40,37,15,35,88,145,189,194,31,171,116,57,0,113,196,89,5,141,119,74,183,63,51,72,147,65,102,115,14,45,55,155,184,161,80,114,177,169,191,11,104,180,163,170,95,137,90,125,176,32,68,97,100,7,175,179,27,150,136,144,70,168,17,103,105,142,190,188,186,149,42,47,132,166,123,44];False
2402;8330;10732;[4,67,193,48,10,1,91,129,8,84,122,73,174,135,21,99,16,77,112,71,56,18,62,120,24,197,26,9,143,20,3,2,121,160,92,49,130,22,38,34,124,94,75,12,165,153,187,127,39,107,87,76,50,53,93,23,30,134,58,86,69,64,101,151,54,158,199,6,117,98,25,110,81,52,182,28,162,78,60,79,185,148,167,61,41,36,46,131,59,133,96,157,138,178,164,173,66,126,198,159,170,118,109,29,154,156,106,19,108,146,43,128,85,152,111,83,181,82,192,139,33,13,172,195,40,37,15,35,88,145,189,194,31,171,116,57,0,113,196,89,5,141,119,74,183,63,51,72,147,65,102,115,14,45,55,155,184,161,80,114,177,169,191,11,104,180,163,140,95,137,90,125,149,32,68,97,100,7,175,179,27,150,136,144,70,168,17,103,105,142,190,188,186,176,42,47,132,166,123,44];False
2392;8340;10732;[4,67,193,48,10,1,91,129,8,84,122,73,174,135,21,99,16,77,112,71,56,18,62,120,24,197,26,9,143,20,3,2,121,160,92,49,130,22,38,34,124,94,75,12,165,153,187,127,39,107,87,76,50,53,93,23,30,134,58,86,69,64,101,103,54,158,199,6,117,98,25,110,81,52,182,28,162,78,60,79,185,148,167,61,41,36,46,131,59,133,96,157,138,178,164,173,66,126,198,159,140,118,109,29,154,156,106,19,108,146,43,128,85,152,111,83,181,82,192,139,33,13,172,195,40,37,15,35,88,145,189,194,31,171,116,57,0,113,196,89,5,141,119,74,183,63,51,72,147,65,102,115,14,45,55,155,184,161,80,114,177,169,191,11,104,180,163,170,95,137,90,125,149,32,68,97,100,7,175,179,27,150,136,144,70,168,17,151,105,142,190,188,186,176,42,47,132,166,123,44];False
2439;8293;10732;[4,67,193,48,10,1,91,129,8,84,122,73,174,135,21,99,16,77,112,71,56,18,62,120,24,197,26,9,143,20,3,2,121,160,92,49,130,22,38,34,124,94,75,12,165,153,187,127,39,107,87,76,50,53,93,23,30,134,58,86,69,64,101,151,54,158,199,6,117,98,25,110,81,52,182,28,162,78,60,79,185,148,167,61,41,36,46,131,59,133,96,157,138,178,164,173,66,126,198,95,140,118,109,29,154,156,106,19,108,146,43,128,85,152,111,83,181,82,192,139,33,13,172,195,40,37,15,35,88,145,189,194,31,171,116,57,0,113,196,89,5,141,119,74,183,63,51,72,147,65,102,115,14,45,55,155,184,161,80,114,177,169,191,11,104,180,163,170,159,137,90,125,149,32,68,97,100,7,175,179,27,150,136,144,70,168,17,103,105,142,190,188,186,176,42,47,132,166,123,44];False
2371;8361;10732;[4,67,193,48,10,1,91,129,8,84,122,73,174,135,21,99,16,77,112,71,56,18,62,120,24,197,26,9,143,20,3,2,121,160,92,49,130,22,38,34,124,94,75,12,165,153,187,127,39,107,87,76,50,53,93,23,30,134,58,86,69,64,101,151,54,158,199,6,117,98,25,110,81,52,182,28,162,78,60,79,185,148,167,61,41,36,46,131,59,133,96,157,138,178,164,173,66,126,198,159,140,118,179,29,154,156,106,19,108,146,43,128,85,152,111,83,181,82,192,139,33,13,172,195,40,37,15,35,88,145,189,194,31,171,116,57,0,113,196,89,5,141,119,74,183,63,51,72,147,65,102,115,14,45,55,155,184,161,80,114,177,169,191,11,104,180,163,170,95,137,90,125,149,32,68,97,100,7,175,109,27,150,136,144,70,168,17,103,105,142,190,188,186,176,42,47,132,166,123,44];False
2433;8299;10732;[4,67,193,48,10,1,91,129,8,84,122,73,174,135,21,99,16,77,112,71,56,18,62,120,24,197,26,9,143,20,3,2,121,160,92,49,130,22,38,34,124,94,75,12,165,153,187,127,39,107,87,76,50,53,93,23,30,134,58,86,69,64,101,151,54,158,199,6,117,98,25,190,81,52,182,28,162,78,60,79,185,148,167,61,41,36,46,131,59,133,96,157,138,178,164,173,66,126,198,159,140,118,109,29,154,156,106,19,108,146,43,128,85,152,111,83,181,82,192,139,33,13,172,195,40,37,15,35,88,145,189,194,31,171,116,57,0,113,196,89,5,141,119,74,183,63,51,72,147,65,102,115,14,45,55,155,184,161,80,114,177,169,191,11,104,180,163,170,95,137,90,125,149,32,68,97,100,7,175,179,27,150,136,144,70,168,17,103,105,142,110,188,186,176,42,47,132,166,123,44];False
2442;8290;10732;[4,67,193,48,10,1,91,129,8,84,122,73,174,135,21,99,16,77,112,71,56,18,62,120,24,197,26,9,143,20,3,2,121,160,92,49,130,22,38,34,124,94,75,53,165,153,187,127,39,107,87,76,50,12,93,23,30,134,58,86,69,64,101,151,54,158,199,6,117,98,25,110,81,52,182,28,162,78,60,79,185,148,167,61,41,36,46,131,59,133,96,157,138,178,164,173,66,126,198,159,140,118,109,29,154,156,106,19,108,146,43,128,85,152,111,83,181,82,192,139,33,13,172,195,40,37,15,35,88,145,189,194,31,171,116,57,0,113,196,89,5,141,119,74,183,63,51,72,147,65,102,115,14,45,55,155,184,161,80,114,177,169,191,11,104,180,163,170,95,137,90,125,149,32,68,97,100,7,175,179,27,150,136,144,70,168,17,103,105,142,190,188,186,176,42,47,132,166,123,44];False
2444;8287;10731;[4,67,193,48,10,1,91,129,8,84,122,73,174,135,21,99,16,77,112,71,56,18,62,120,24,197,26,9,143,20,3,2,121,160,92,139,130,22,38,34,124,94,75,12,165,153,187,127,39,107,87,76,50,53,93,23,30,134,58,86,69,64,101,151,54,158,199,6,117,98,25,110,81,52,182,28,162,78,60,79,185,148,167,61,41,36,46,131,59,133,96,157,138,178,164,173,66,126,198,159,140,118,109,29,154,156,106,19,108,146,43,128,85,152,111,83,181,82,192,49,33,13,172,195,40,37,15,35,88,145,189,194,31,171,116,57,0,113,196,89,5,141,119,74,183,63,51,72,147,65,102,115,14,45,55,155,184,161,80,114,177,169,191,11,104,180,163,170,95,137,90,125,149,32,68,97,100,7,175,179,27,150,136,144,70,168,17,103,105,142,190,188,186,176,42,47,132,166,123,44];False
2429;8302;10731;[4,67,193,48,10,1,91,129,8,84,122,73,174,135,21,99,16,77,112,71,56,18,62,120,24,197,26,9,143,20,3,2,121,160,92,49,130,22,38,34,124,94,75,12,165,153,187,127,39,107,87,76,50,53,93,23,30,134,58,86,69,64,101,151,54,158,199,6,117,98,25,110,81,52,182,28,162,78,60,79,185,148,167,61,41,36,46,131,178,133,96,157,138,59,164,173,66,126,198,159,140,118,109,29,154,156,106,19,108,146,43,128,85,152,111,83,181,82,192,139,33,13,172,195,40,37,15,35,88,145,189,194,31,171,116,57,0,113,196,89,5,141,119,74,183,63,51,72,147,65,102,115,14,45,55,155,184,161,80,114,177,169,191,11,104,180,163,170,95,137,90,125,149,32,68,97,100,7,175,179,27,150,136,144,70,168,17,103,105,142,190,188,186,176,42,47,132,166,123,44];False
2483;8248;10731;[4,67,193,48,10,1,91,129,160,84,122,73,174,135,21,99,16,77,112,71,56,18,62,120,24,197,26,9,143,20,3,2,121,8,92,49,130,22,38,34,124,94,75,12,165,153,187,127,39,107,87,76,50,53,93,23,30,134,58,86,69,64,101,151,54,158,199,6,117,98,25,110,81,52,182,28,162,78,60,79,185,148,167,61,41,36,46,131,59,133,96,157,138,178,164,173,66,126,198,159,140,118,109,29,154,156,106,19,108,146,43,128,85,152,111,83,181,82,192,139,33,13,172,195,40,37,15,35,88,145,189,194,31,171,116,57,0,113,196,89,5,141,119,74,183,63,51,72,147,65,102,115,14,45,55,155,184,161,80,114,177,169,191,11,104,180,163,170,95,137,90,125,149,32,68,97,100,7,175,179,27,150,136,144,70,168,17,103,105,142,190,188,186,176,42,47,132,166,123,44];False
2448;8283;10731;[4,67,193,48,10,1,91,129,8,84,122,73,174,135,21,99,16,77,112,71,56,18,62,120,24,199,26,9,143,20,3,2,121,160,92,49,130,22,38,34,124,94,75,12,165,153,187,127,39,107,87,76,50,53,93,23,30,134,58,86,69,64,101,151,54,158,197,6,117,98,25,110,81,52,182,28,162,78,60,79,185,148,167,61,41,36,46,131,59,133,96,157,138,178,164,173,66,126,198,159,140,118,109,29,154,156,106,19,108,146,43,128,85,152,111,83,181,82,192,139,33,13,172,195,40,37,15,35,88,145,189,194,31,171,116,57,0,113,196,89,5,141,119,74,183,63,51,72,147,65,102,115,14,45,55,155,184,161,80,114,177,169,191,11,104,180,163,170,95,137,90,125,149,32,68,97,100,7,175,179,27,150,136,144,70,168,17,103,105,142,190,188,186,176,42,47,132,166,123,44];False
2456;8275;10731;[4,67,193,48,10,1,91,129,8,84,122,73,174,135,21,99,16,77,112,71,56,18,62,120,24,197,26,9,143,20,3,2,121,160,92,49,130,22,38,34,124,94,75,12,165,153,187,127,39,107,87,76,50,53,93,23,30,134,58,86,69,64,101,151,54,158,199,6,117,98,25,110,81,52,182,28,162,78,60,79,185,148,167,61,41,36,46,131,59,133,96,157,138,178,164,173,66,126,198,159,140,118,109,29,154,156,106,19,108,146,43,128,85,152,111,83,181,82,192,139,33,15,172,195,40,37,13,35,88,145,189,194,31,171,116,57,0,113,196,89,5,141,119,74,183,63,51,72,147,65,102,115,14,45,55,155,184,161,80,114,177,169,191,11,104,180,163,170,95,137,90,125,149,32,68,97,100,7,175,179,27,150,136,144,70,168,17,103,105,142,190,188,186,176,42,47,132,166,123,44];False
2458;8273;10731;[4,67,193,48,10,1,91,129,8,84,122,73,174,135,21,99,16,77,112,71,56,18,62,120,24,197,26,9,143,20,3,2,121,160,92,49,130,22,38,34,124,94,75,12,165,153,187,127,39,107,87,76,50,53,93,23,30,134,58,86,69,64,101,151,54,158,199,6,117,98,25,110,81,52,182,28,162,78,60,79,185,148,167,61,41,36,46,131,59,133,96,157,138,178,164,173,66,126,198,159,140,118,109,29,154,156,106,19,108,146,43,128,85,152,111,83,181,82,192,139,33,13,172,195,40,37,15,35,88,145,189,194,31,171,116,57,0,113,196,89,5,141,119,74,183,63,51,72,147,65,102,115,14,45,55,155,184,161,80,114,177,32,191,11,104,180,163,170,95,137,90,125,149,169,68,97,100,7,175,179,27,150,136,144,70,168,17,103,105,142,190,188,186,176,42,47,132,166,123,44];False
2490;8241;10731;[4,67,193,48,10,1,91,129,8,84,122,73,174,135,21,99,16,77,112,71,56,18,62,120,24,197,26,9,143,20,3,2,121,160,92,49,130,22,38,34,124,94,75,12,165,153,187,127,39,107,87,76,50,53,93,23,30,134,58,86,69,64,101,151,54,158,199,6,117,98,25,110,81,52,182,28,162,78,60,79,185,148,167,61,41,36,46,131,59,133,96,157,138,178,164,173,66,126,198,159,140,118,109,29,154,156,106,19,108,146,43,128,85,152,111,83,181,82,192,139,33,13,172,195,40,37,15,35,88,166,189,194,31,171,116,57,0,113,196,89,5,141,119,74,183,63,51,72,147,65,102,115,14,45,55,155,184,161,80,114,177,169,191,11,104,180,163,170,95,137,90,125,149,32,68,97,100,7,175,179,27,150,136,144,70,168,17,103,105,142,190,188,186,176,42,47,132,145,123,44];False
2440;8291;10731;[4,67,193,48,10,1,91,129,8,84,122,73,174,135,21,99,16,77,112,71,56,18,62,120,24,197,26,9,143,20,3,2,121,160,92,49,130,22,38,34,124,94,75,12,165,153,187,127,39,107,87,76,50,53,93,23,30,134,58,86,69,64,101,151,54,158,199,6,117,98,25,110,81,52,182,28,162,78,60,79,145,148,167,61,41,36,46,131,59,133,96,157,138,178,164,173,66,126,198,159,140,118,109,29,154,156,106,19,108,146,43,128,85,152,111,83,181,82,192,139,33,13,172,195,40,37,15,35,88,185,189,194,31,171,116,57,0,113,196,89,5,141,119,74,183,63,51,72,147,65,102,115,14,45,55,155,184,161,80,114,177,169,191,11,104,180,163,170,95,137,90,125,149,32,68,97,100,7,175,179,27,150,136,144,70,168,17,103,105,142,190,188,186,176,42,47,132,166,123,44];False
2477;8254;10731;[4,67,193,48,10,1,91,129,8,84,122,73,174,135,21,99,16,77,112,71,56,18,62,120,24,197,26,9,143,20,3,2,121,160,92,49,130,22,38,34,124,94,75,12,165,153,187,127,166,107,87,76,50,53,93,23,30,134,58,86,69,64,101,151,54,158,199,6,117,98,25,110,81,52,182,28,162,78,60,79,185,148,167,61,41,36,46,131,59,133,96,157,138,178,164,173,66,126,198,159,140,118,109,29,154,156,106,19,108,146,43,128,85,152,111,83,181,82,192,139,33,13,172,195,40,37,15,35,88,145,189,194,31,171,116,57,0,113,196,89,5,141,119,74,183,63,51,72,147,65,102,115,14,45,55,155,184,161,80,114,177,169,191,11,104,180,163,170,95,137,90,125,149,32,68,97,100,7,175,179,27,150,136,144,70,168,17,103,105,142,190,188,186,176,42,47,132,39,123,44];False
2439;8292;10731;[4,67,193,48,10,1,91,129,8,84,122,73,174,135,21,99,16,77,112,71,56,18,62,120,24,197,26,9,143,20,3,2,121,160,92,49,130,22,38,34,124,94,75,12,165,153,187,127,39,107,87,76,50,53,93,23,30,134,58,86,69,64,101,151,54,158,199,6,117,98,25,110,81,52,182,28,162,78,60,79,185,148,167,61,41,36,46,119,59,133,96,157,138,178,164,173,66,126,198,159,140,118,109,29,154,156,106,19,108,146,43,128,85,152,111,83,181,82,192,139,33,13,172,195,40,37,15,35,88,145,189,194,31,171,116,57,0,113,196,89,5,141,131,74,183,63,51,72,147,65,102,115,14,45,55,155,184,161,80,114,177,169,191,11,104,180,163,170,95,137,90,125,149,32,68,97,100,7,175,179,27,150,136,144,70,168,17,103,105,142,190,188,186,176,42,47,132,166,123,44];False
2481;8250;10731;[4,67,193,65,10,1,91,129,8,84,122,73,174,135,21,99,16,77,112,71,56,18,62,120,24,197,26,9,143,20,3,2,121,160,92,49,130,22,38,34,124,94,75,12,165,153,187,127,39,107,87,76,50,53,93,23,30,134,58,86,69,64,101,151,54,158,199,6,117,98,25,110,81,52,182,28,162,78,60,79,185,148,167,61,41,36,46,131,59,133,96,157,138,178,164,173,66,126,198,159,140,118,109,29,154,156,106,19,108,146,43,128,85,152,111,83,181,82,192,139,33,13,172,195,40,37,15,35,88,145,189,194,31,171,116,57,0,113,196,89,5,141,119,74,183,63,51,72,147,48,102,115,14,45,55,155,184,161,80,114,177,169,191,11,104,180,163,170,95,137,90,125,149,32,68,97,100,7,175,179,27,150,136,144,70,168,17,103,105,142,190,188,186,176,42,47,132,166,123,44];False
2420;8311;10731;[4,67,193,48,10,1,91,129,8,84,122,73,174,135,21,99,16,77,112,71,56,18,62,120,24,127,26,9,143,20,3,2,121,160,92,49,130,22,38,34,124,94,75,12,165,153,187,197,39,107,87,76,50,53,93,23,30,134,58,86,69,64,101,151,54,158,199,6,117,98,25,110,81,52,182,28,162,78,60,79,185,148,167,61,41,36,46,131,59,133,96,157,138,178,164,173,66,126,198,159,140,118,109,29,154,156,106,19,108,146,43,128,85,152,111,83,181,82,192,139,33,13,172,195,40,37,15,35,88,145,189,194,31,171,116,57,0,113,196,89,5,141,119,74,183,63,51,72,147,65,102,115,14,45,55,155,184,161,80,114,177,169,191,11,104,180,163,170,95,137,90,125,149,32,68,97,100,7,175,179,27,150,136,144,70,168,17,103,105,142,190,188,186,176,42,47,132,166,123,44];False
2459;8271;10730;[4,67,193,48,10,1,91,129,8,84,122,73,174,135,21,99,16,77,112,71,56,18,62,120,24,197,26,9,143,20,3,2,121,160,92,49,130,22,38,34,124,94,75,12,165,153,187,127,171,107,87,76,50,53,93,23,30,134,58,86,69,64,101,151,54,158,199,6,117,98,25,110,81,52,182,28,162,78,60,79,185,148,167,61,41,36,46,131,59,133,96,157,138,178,164,173,66,126,198,159,140,118,109,29,154,156,106,19,108,146,43,128,85,152,111,83,181,82,192,139,33,13,172,195,40,37,15,35,88,145,189,194,31,39,116,57,0,113,196,89,5,141,119,74,183,63,51,72,147,65,102,115,14,45,55,155,184,161,80,114,177,169,191,11,104,180,163,170,95,137,90,125,149,32,68,97,100,7,175,179,27,150,136,144,70,168,17,103,105,142,190,188,186,176,42,47,132,166,123,44];False
2476;8254;10730;[4,67,193,48,10,1,91,129,8,84,122,73,174,135,21,99,16,77,112,71,56,18,62,120,24,197,26,9,143,20,3,2,121,160,92,49,130,22,38,34,124,94,75,12,165,153,187,127,39,107,87,76,50,53,93,23,30,134,58,52,69,64,101,151,54,158,199,6,117,98,25,110,81,86,182,28,162,78,60,79,185,148,167,61,41,36,46,131,59,133,96,157,138,178,164,173,66,126,198,159,140,118,109,29,154,156,106,19,108,146,43,128,85,152,111,83,181,82,192,139,33,13,172,195,40,37,15,35,88,145,189,194,31,171,116,57,0,113,196,89,5,141,119,74,183,63,51,72,147,65,102,115,14,45,55,155,184,161,80,114,177,169,191,11,104,180,163,170,95,137,90,125,149,32,68,97,100,7,175,179,27,150,136,144,70,168,17,103,105,142,190,188,186,176,42,47,132,166,123,44];False
2428;8302;10730;[4,67,193,48,10,1,91,129,8,84,122,73,174,135,21,99,16,77,112,71,56,18,62,120,24,197,26,111,143,20,3,2,121,160,92,49,130,22,38,34,124,94,75,12,165,153,187,127,39,107,87,76,50,53,93,23,30,134,58,86,69,64,101,151,54,158,199,6,117,98,25,110,81,52,182,28,162,78,60,79,185,148,167,61,41,36,46,131,59,133,96,157,138,178,164,173,66,126,198,159,140,118,109,29,154,156,106,19,108,146,43,128,85,152,9,83,181,82,192,139,33,13,172,195,40,37,15,35,88,145,189,194,31,171,116,57,0,113,196,89,5,141,119,74,183,63,51,72,147,65,102,115,14,45,55,155,184,161,80,114,177,169,191,11,104,180,163,170,95,137,90,125,149,32,68,97,100,7,175,179,27,150,136,144,70,168,17,103,105,142,190,188,186,176,42,47,132,166,123,44];False
2429;8301;10730;[4,67,193,48,10,1,91,129,8,84,122,73,174,135,21,99,16,77,112,71,56,18,62,120,24,197,26,9,143,20,3,2,121,160,92,49,130,22,38,34,124,94,75,12,165,153,187,127,39,107,87,76,50,53,93,23,30,134,58,86,69,64,101,151,54,158,199,6,117,98,25,110,81,52,182,28,175,78,60,79,185,148,167,61,41,36,46,131,59,133,96,157,138,178,164,173,66,126,198,159,140,118,109,29,154,156,106,19,108,146,43,128,85,152,111,83,181,82,192,139,33,13,172,195,40,37,15,35,88,145,189,194,31,171,116,57,0,113,196,89,5,141,119,74,183,63,51,72,147,65,102,115,14,45,55,155,184,161,80,114,177,169,191,11,104,180,163,170,95,137,90,125,149,32,68,97,100,7,162,179,27,150,136,144,70,168,17,103,105,142,190,188,186,176,42,47,132,166,123,44];False
2399;8331;10730;[4,67,193,48,10,1,91,129,8,84,122,73,174,135,21,99,16,77,112,71,56,18,62,120,24,197,26,9,143,20,3,2,121,160,92,49,130,22,38,34,124,94,75,12,165,153,187,127,39,107,87,76,50,53,93,23,30,134,58,86,69,64,101,151,54,158,199,6,117,98,25,110,81,52,182,28,162,78,60,79,185,155,167,61,41,36,46,131,59,133,96,157,138,178,164,173,66,126,198,159,140,118,109,29,154,156,106,19,108,146,43,128,85,152,111,83,181,82,192,139,33,13,172,195,40,37,15,35,88,145,189,194,31,171,116,57,0,113,196,89,5,141,119,74,183,63,51,72,147,65,102,115,14,45,55,148,184,161,80,114,177,169,191,11,104,180,163,170,95,137,90,125,149,32,68,97,100,7,175,179,27,150,136,144,70,168,17,103,105,142,190,188,186,176,42,47,132,166,123,44];False
2478;8252;10730;[4,67,193,48,10,1,91,129,8,84,122,73,174,135,21,99,16,77,112,71,56,18,62,120,24,197,26,9,143,20,3,2,121,160,92,49,130,22,38,34,124,94,75,12,165,153,187,127,39,107,87,76,50,53,93,23,30,134,58,86,69,64,101,151,54,158,199,6,117,98,25,110,81,52,182,28,162,78,60,79,185,148,167,61,41,36,46,131,59,133,96,157,138,178,164,173,66,126,198,168,140,118,109,29,154,156,106,19,108,146,43,128,85,152,111,83,181,82,192,139,33,13,172,195,40,37,15,35,88,145,189,194,31,171,116,57,0,113,196,89,5,141,119,74,183,63,51,72,147,65,102,115,14,45,55,155,184,161,80,114,177,169,191,11,104,180,163,170,95,137,90,125,149,32,68,97,100,7,175,179,27,150,136,144,70,159,17,103,105,142,190,188,186,176,42,47,132,166,123,44];False
2432;8298;10730;[4,67,193,48,10,1,91,129,8,84,122,73,174,135,21,99,16,77,112,71,56,18,62,120,24,197,26,9,143,20,3,2,121,160,92,49,130,22,38,34,124,94,75,12,165,153,187,127,39,107,87,76,50,53,93,168,30,134,58,86,69,64,101,151,54,158,199,6,117,98,25,110,81,52,182,28,162,78,60,79,185,148,167,61,41,36,46,131,59,133,96,157,138,178,164,173,66,126,198,159,140,118,109,29,154,156,106,19,108,146,43,128,85,152,111,83,181,82,192,139,33,13,172,195,40,37,15,35,88,145,189,194,31,171,116,57,0,113,196,89,5,141,119,74,183,63,51,72,147,65,102,115,14,45,55,155,184,161,80,114,177,169,191,11,104,180,163,170,95,137,90,125,149,32,68,97,100,7,175,179,27,150,136,144,70,23,17,103,105,142,190,188,186,176,42,47,132,166,123,44];False
2414;8315;10729;[4,67,193,48,10,1,91,129,8,84,122,73,174,135,131,99,16,77,112,71,56,18,62,120,24,197,26,9,143,20,3,2,121,160,92,49,130,22,38,34,124,94,75,12,165,153,187,127,39,107,87,76,50,53,93,23,30,134,58,86,69,64,101,151,54,158,199,6,117,98,25,110,81,52,182,28,162,78,60,79,185,148,167,61,41,36,46,21,59,133,96,157,138,178,164,173,66,126,198,159,140,118,109,29,154,156,106,19,108,146,43,128,85,152,111,83,181,82,192,139,33,13,172,195,40,37,15,35,88,145,189,194,31,171,116,57,0,113,196,89,5,141,119,74,183,63,51,72,147,65,102,115,14,45,55,155,184,161,80,114,177,169,191,11,104,180,163,170,95,137,90,125,149,32,68,97,100,7,175,179,27,150,136,144,70,168,17,103,105,142,190,188,186,176,42,47,132,166,123,44];False
2470;8259;10729;[4,67,193,48,10,1,91,129,8,84,122,73,174,135,21,99,16,77,112,71,56,18,62,120,24,197,26,38,143,20,3,2,121,160,92,49,130,22,9,34,124,94,75,12,165,153,187,127,39,107,87,76,50,53,93,23,30,134,58,86,69,64,101,151,54,158,199,6,117,98,25,110,81,52,182,28,162,78,60,79,185,148,167,61,41,36,46,131,59,133,96,157,138,178,164,173,66,126,198,159,140,118,109,29,154,156,106,19,108,146,43,128,85,152,111,83,181,82,192,139,33,13,172,195,40,37,15,35,88,145,189,194,31,171,116,57,0,113,196,89,5,141,119,74,183,63,51,72,147,65,102,115,14,45,55,155,184,161,80,114,177,169,191,11,104,180,163,170,95,137,90,125,149,32,68,97,100,7,175,179,27,150,136,144,70,168,17,103,105,142,190,188,186,176,42,47,132,166,123,44];False
2406;8323;10729;[4,67,193,48,10,1,91,129,8,84,122,73,174,135,21,99,16,77,112,71,56,18,62,120,24,197,26,9,143,20,3,2,121,160,92,49,130,22,38,34,124,94,75,12,165,153,187,127,39,107,87,76,50,53,93,23,30,134,58,86,69,64,101,151,54,158,199,6,117,98,25,110,81,52,182,28,162,78,60,79,185,148,167,61,41,36,46,131,59,133,96,157,138,178,164,173,66,126,198,159,140,118,109,29,154,156,106,19,108,146,43,128,85,183,111,83,181,82,192,139,33,13,172,195,40,37,15,35,88,145,189,194,31,171,116,57,0,113,196,89,5,141,119,74,152,63,51,72,147,65,102,115,14,45,55,155,184,161,80,114,177,169,191,11,104,180,163,170,95,137,90,125,149,32,68,97,100,7,175,179,27,150,136,144,70,168,17,103,105,142,190,188,186,176,42,47,132,166,123,44];False
2389;8340;10729;[4,67,193,48,10,1,91,129,8,84,122,73,174,135,21,99,16,77,112,71,56,18,62,120,24,197,26,9,143,20,3,2,121,160,92,49,130,22,38,34,124,94,75,12,165,153,187,127,39,107,87,76,50,53,93,23,30,134,58,86,69,64,101,151,54,158,199,6,117,98,25,110,81,52,182,28,162,78,60,79,185,148,167,61,41,36,46,131,59,133,96,157,138,178,179,173,66,126,198,159,140,118,109,29,154,156,106,19,108,146,43,128,85,152,111,83,181,82,192,139,33,13,172,195,40,37,15,35,88,145,189,194,31,171,116,57,0,113,196,89,5,141,119,74,183,63,51,72,147,65,102,115,14,45,55,155,184,161,80,114,177,169,191,11,104,180,163,170,95,137,90,125,149,32,68,97,100,7,175,164,27,150,136,144,70,168,17,103,105,142,190,188,186,176,42,47,132,166,123,44];False
2448;8281;10729;[4,67,193,48,10,1,91,129,8,84,122,73,174,135,21,99,16,77,112,71,56,18,62,120,24,197,26,9,143,20,3,2,121,160,92,49,130,22,38,34,124,94,75,12,165,153,187,127,39,102,87,76,50,53,93,23,30,134,58,86,69,64,101,151,54,158,199,6,117,98,25,110,81,52,182,28,162,78,60,79,185,148,167,61,41,36,46,131,59,133,96,157,138,178,164,173,66,126,198,159,140,118,109,29,154,156,106,19,108,146,43,128,85,152,111,83,181,82,192,139,33,13,172,195,40,37,15,35,88,145,189,194,31,171,116,57,0,113,196,89,5,141,119,74,183,63,51,72,147,65,107,115,14,45,55,155,184,161,80,114,177,169,191,11,104,180,163,170,95,137,90,125,149,32,68,97,100,7,175,179,27,150,136,144,70,168,17,103,105,142,190,188,186,176,42,47,132,166,123,44];False
2473;8256;10729;[4,67,193,48,10,1,91,129,8,84,122,73,174,135,21,99,16,77,112,71,56,18,62,120,24,197,26,9,143,20,3,2,121,160,92,49,130,22,38,34,124,94,75,12,165,153,187,127,39,107,87,76,50,53,93,23,30,134,58,86,69,64,101,151,54,158,199,6,117,98,25,110,100,52,182,28,162,78,60,79,185,148,167,61,41,36,46,131,59,133,96,157,138,178,164,173,66,126,198,159,140,118,109,29,154,156,106,19,108,146,43,128,85,152,111,83,181,82,192,139,33,13,172,195,40,37,15,35,88,145,189,194,31,171,116,57,0,113,196,89,5,141,119,74,183,63,51,72,147,65,102,115,14,45,55,155,184,161,80,114,177,169,191,11,104,180,163,170,95,137,90,125,149,32,68,97,81,7,175,179,27,150,136,144,70,168,17,103,105,142,190,188,186,176,42,47,132,166,123,44];False
2458;8271;10729;[4,67,193,48,10,1,91,129,8,84,122,73,174,135,21,99,16,77,112,71,56,18,62,120,24,197,26,9,143,20,3,2,121,160,92,49,130,22,38,34,124,94,75,12,165,153,187,127,39,107,169,76,50,53,93,23,30,134,58,86,69,64,101,151,54,158,199,6,117,98,25,110,81,52,182,28,162,78,60,79,185,148,167,61,41,36,46,131,59,133,96,157,138,178,164,173,66,126,198,159,140,118,109,29,154,156,106,19,108,146,43,128,85,152,111,83,181,82,192,139,33,13,172,195,40,37,15,35,88,145,189,194,31,171,116,57,0,113,196,89,5,141,119,74,183,63,51,72,147,65,102,115,14,45,55,155,184,161,80,114,177,87,191,11,104,180,163,170,95,137,90,125,149,32,68,97,100,7,175,179,27,150,136,144,70,168,17,103,105,142,190,188,186,176,42,47,132,166,123,44];False
2455;8274;10729;[4,67,193,48,10,1,91,129,8,84,122,73,174,135,21,99,16,77,112,71,56,18,62,120,24,197,26,9,143,20,3,2,121,160,92,49,130,22,38,34,124,94,75,12,165,153,187,127,39,107,87,119,50,53,93,23,30,134,58,86,69,64,101,151,54,158,199,6,117,98,25,110,81,52,182,28,162,78,60,79,185,148,167,61,41,36,46,131,59,133,96,157,138,178,164,173,66,126,198,159,140,118,109,29,154,156,106,19,108,146,43,128,85,152,111,83,181,82,192,139,33,13,172,195,40,37,15,35,88,145,189,194,31,171,116,57,0,113,196,89,5,141,76,74,183,63,51,72,147,65,102,115,14,45,55,155,184,161,80,114,177,169,191,11,104,180,163,170,95,137,90,125,149,32,68,97,100,7,175,179,27,150,136,144,70,168,17,103,105,142,190,188,186,176,42,47,132,166,123,44];False
2455;8273;10728;[4,67,193,48,10,1,91,129,8,84,122,73,174,135,21,99,16,77,112,71,56,18,62,120,24,197,26,9,143,20,180,2,121,160,92,49,130,22,38,34,124,94,75,12,165,153,187,127,39,107,87,76,50,53,93,23,30,134,58,86,69,64,101,151,54,158,199,6,117,98,25,110,81,52,182,28,162,78,60,79,185,148,167,61,41,36,46,131,59,133,96,157,138,178,164,173,66,126,198,159,140,118,109,29,154,156,106,19,108,146,43,128,85,152,111,83,181,82,192,139,33,13,172,195,40,37,15,35,88,145,189,194,31,171,116,57,0,113,196,89,5,141,119,74,183,63,51,72,147,65,102,115,14,45,55,155,184,161,80,114,177,169,191,11,104,3,163,170,95,137,90,125,149,32,68,97,100,7,175,179,27,150,136,144,70,168,17,103,105,142,190,188,186,176,42,47,132,166,123,44];False
2473;8255;10728;[4,67,193,48,10,1,91,129,8,84,122,73,174,140,21,99,16,77,112,71,56,18,62,120,24,197,26,9,143,20,3,2,121,160,92,49,130,22,38,34,124,94,75,12,165,153,187,127,39,107,87,76,50,53,93,23,30,134,58,86,69,64,101,151,54,158,199,6,117,98,25,110,81,52,182,28,162,78,60,79,185,148,167,61,41,36,46,131,59,133,96,157,138,178,164,173,66,126,198,159,135,118,109,29,154,156,106,19,108,146,43,128,85,152,111,83,181,82,192,139,33,13,172,195,40,37,15,35,88,145,189,194,31,171,116,57,0,113,196,89,5,141,119,74,183,63,51,72,147,65,102,115,14,45,55,155,184,161,80,114,177,169,191,11,104,180,163,170,95,137,90,125,149,32,68,97,100,7,175,179,27,150,136,144,70,168,17,103,105,142,190,188,186,176,42,47,132,166,123,44];False
2480;8248;10728;[4,67,193,48,10,1,91,129,8,84,122,73,174,135,21,99,16,77,112,71,56,18,62,120,24,197,26,9,143,20,3,2,121,160,92,49,130,22,38,34,124,94,75,12,165,153,187,127,39,107,87,76,50,53,93,23,30,134,58,86,69,64,101,151,54,158,199,6,117,98,25,110,81,52,182,28,162,78,60,79,185,148,167,61,41,36,46,131,59,133,132,157,138,178,164,173,66,126,198,159,140,118,109,29,154,156,106,19,108,146,43,128,85,152,111,83,181,82,192,139,33,13,172,195,40,37,15,35,88,145,189,194,31,171,116,57,0,113,196,89,5,141,119,74,183,63,51,72,147,65,102,115,14,45,55,155,184,161,80,114,177,169,191,11,104,180,163,170,95,137,90,125,149,32,68,97,100,7,175,179,27,150,136,144,70,168,17,103,105,142,190,188,186,176,42,47,96,166,123,44];False
2413;8315;10728;[4,67,193,48,10,1,91,129,8,84,122,7,174,135,21,99,16,77,112,71,56,18,62,120,24,197,26,9,143,20,3,2,121,160,92,49,130,22,38,34,124,94,75,12,165,153,187,127,39,107,87,76,50,53,93,23,30,134,58,86,69,64,101,151,54,158,199,6,117,98,25,110,81,52,182,28,162,78,60,79,185,148,167,61,41,36,46,131,59,133,96,157,138,178,164,173,66,126,198,159,140,118,109,29,154,156,106,19,108,146,43,128,85,152,111,83,181,82,192,139,33,13,172,195,40,37,15,35,88,145,189,194,31,171,116,57,0,113,196,89,5,141,119,74,183,63,51,72,147,65,102,115,14,45,55,155,184,161,80,114,177,169,191,11,104,180,163,170,95,137,90,125,149,32,68,97,100,73,175,179,27,150,136,144,70,168,17,103,105,142,190,188,186,176,42,47,132,166,123,44];False
2467;8261;10728;[4,67,193,48,10,1,91,129,8,84,122,73,174,135,21,99,16,77,112,71,56,18,62,120,24,197,26,9,143,20,3,2,121,160,92,49,130,22,38,34,124,94,75,12,165,153,187,127,39,107,87,76,50,53,93,23,30,134,58,86,69,64,101,151,54,158,199,6,117,98,25,110,81,52,182,28,162,78,60,79,185,148,189,61,41,36,46,131,59,133,96,157,138,178,164,173,66,126,198,159,140,118,109,29,154,156,106,19,108,146,43,128,85,152,111,83,181,82,192,139,33,13,172,195,40,37,15,35,88,145,167,194,31,171,116,57,0,113,196,89,5,141,119,74,183,63,51,72,147,65,102,115,14,45,55,155,184,161,80,114,177,169,191,11,104,180,163,170,95,137,90,125,149,32,68,97,100,7,175,179,27,150,136,144,70,168,17,103,105,142,190,188,186,176,42,47,132,166,123,44];False
2470;8258;10728;[4,67,193,48,10,1,91,129,8,84,122,73,174,135,21,99,16,77,112,71,56,18,62,120,24,197,26,9,143,20,3,2,121,160,92,49,130,22,38,34,124,94,75,12,165,153,187,127,39,107,87,76,50,53,131,23,30,134,58,86,69,64,101,151,54,158,199,6,117,98,25,110,81,52,182,28,162,78,60,79,185,148,167,61,41,36,46,93,59,133,96,157,138,178,164,173,66,126,198,159,140,118,109,29,154,156,106,19,108,146,43,128,85,152,111,83,181,82,192,139,33,13,172,195,40,37,15,35,88,145,189,194,31,171,116,57,0,113,196,89,5,141,119,74,183,63,51,72,147,65,102,115,14,45,55,155,184,161,80,114,177,169,191,11,104,180,163,170,95,137,90,125,149,32,68,97,100,7,175,179,27,150,136,144,70,168,17,103,105,142,190,188,186,176,42,47,132,166,123,44];False
2464;8263;10727;[4,67,193,48,10,1,91,129,8,84,122,73,174,135,21,99,16,77,112,71,56,18,62,120,24,197,26,9,143,20,3,2,131,160,92,49,130,22,38,34,124,94,75,12,165,153,187,127,39,107,87,76,50,53,93,23,30,134,58,86,69,64,101,151,54,158,199,6,117,98,25,110,81,52,182,28,162,78,60,79,185,148,167,61,41,36,46,121,59,133,96,157,138,178,164,173,66,126,198,159,140,118,109,29,154,156,106,19,108,146,43,128,85,152,111,83,181,82,192,139,33,13,172,195,40,37,15,35,88,145,189,194,31,171,116,57,0,113,196,89,5,141,119,74,183,63,51,72,147,65,102,115,14,45,55,155,184,161,80,114,177,169,191,11,104,180,163,170,95,137,90,125,149,32,68,97,100,7,175,179,27,150,136,144,70,168,17,103,105,142,190,188,186,176,42,47,132,166,123,44];False
2458;8269;10727;[4,67,193,48,10,1,91,129,8,84,122,73,174,135,21,99,16,77,112,71,56,18,62,120,24,197,26,9,143,20,3,2,121,160,92,49,130,22,38,34,124,94,75,12,165,153,187,127,39,107,87,76,50,53,93,23,30,134,58,86,69,64,101,151,54,158,199,6,117,98,25,110,81,52,182,28,162,78,60,79,185,148,167,61,41,36,46,131,59,133,96,157,138,178,164,173,66,126,198,159,140,118,109,29,154,156,106,19,108,146,43,128,85,152,111,83,181,82,192,176,33,13,172,195,40,37,15,35,88,145,189,194,31,171,116,57,0,113,196,89,5,141,119,74,183,63,51,72,147,65,102,115,14,45,55,155,184,161,80,114,177,169,191,11,104,180,163,170,95,137,90,125,149,32,68,97,100,7,175,179,27,150,136,144,70,168,17,103,105,142,190,188,186,139,42,47,132,166,123,44];False
2498;8229;10727;[4,67,193,48,10,1,91,129,8,84,122,73,174,135,21,99,16,77,112,71,56,18,62,120,24,197,26,9,143,20,3,2,121,160,92,49,130,22,38,34,124,94,75,12,165,153,187,127,39,107,87,76,50,53,93,23,30,134,58,86,69,64,101,151,54,158,199,6,117,98,25,110,81,52,182,28,162,78,60,79,185,148,167,61,41,36,163,131,59,133,96,157,138,178,164,173,66,126,198,159,140,118,109,29,154,156,106,19,108,146,43,128,85,152,111,83,181,82,192,139,33,13,172,195,40,37,15,35,88,145,189,194,31,171,116,57,0,113,196,89,5,141,119,74,183,63,51,72,147,65,102,115,14,45,55,155,184,161,80,114,177,169,191,11,104,180,46,170,95,137,90,125,149,32,68,97,100,7,175,179,27,150,136,144,70,168,17,103,105,142,190,188,186,176,42,47,132,166,123,44];False
2447;8280;10727;[4,67,193,48,10,1,91,129,8,84,122,73,174,135,21,99,16,77,112,71,56,18,62,120,24,197,26,9,143,20,3,2,121,160,92,49,130,22,38,34,124,94,75,12,165,153,195,127,39,107,87,76,50,53,93,23,30,134,58,86,69,64,101,151,54,158,199,6,117,98,25,110,81,52,182,28,162,78,60,79,185,148,167,61,41,36,46,131,59,133,96,157,138,178,164,173,66,126,198,159,140,118,109,29,154,156,106,19,108,146,43,128,85,152,111,83,181,82,192,139,33,13,172,187,40,37,15,35,88,145,189,194,31,171,116,57,0,113,196,89,5,141,119,74,183,63,51,72,147,65,102,115,14,45,55,155,184,161,80,114,177,169,191,11,104,180,163,170,95,137,90,125,149,32,68,97,100,7,175,179,27,150,136,144,70,168,17,103,105,142,190,188,186,176,42,47,132,166,123,44];False
2438;8289;10727;[4,67,193,48,10,1,91,129,8,84,122,73,174,135,21,99,16,77,112,71,56,18,62,120,24,197,26,9,143,20,3,2,121,160,92,49,130,22,38,34,124,94,75,12,165,153,187,127,39,107,87,76,50,53,93,23,30,134,58,86,69,64,101,151,54,158,199,6,117,98,25,110,81,52,182,28,162,78,60,79,185,148,167,61,41,36,46,131,59,133,96,157,138,178,164,173,66,126,198,159,140,118,109,29,154,156,106,19,108,146,43,128,155,152,111,83,181,82,192,139,33,13,172,195,40,37,15,35,88,145,189,194,31,171,116,57,0,113,196,89,5,141,119,74,183,63,51,72,147,65,102,115,14,45,55,85,184,161,80,114,177,169,191,11,104,180,163,170,95,137,90,125,149,32,68,97,100,7,175,179,27,150,136,144,70,168,17,103,105,142,190,188,186,176,42,47,132,166,123,44];False
2413;8314;10727;[4,67,193,48,10,1,91,129,8,84,122,73,174,135,21,99,199,77,112,71,56,18,62,120,24,197,26,9,143,20,3,2,121,160,92,49,130,22,38,34,124,94,75,12,165,153,187,127,39,107,87,76,50,53,93,23,30,134,58,86,69,64,101,151,54,158,16,6,117,98,25,110,81,52,182,28,162,78,60,79,185,148,167,61,41,36,46,131,59,133,96,157,138,178,164,173,66,126,198,159,140,118,109,29,154,156,106,19,108,146,43,128,85,152,111,83,181,82,192,139,33,13,172,195,40,37,15,35,88,145,189,194,31,171,116,57,0,113,196,89,5,141,119,74,183,63,51,72,147,65,102,115,14,45,55,155,184,161,80,114,177,169,191,11,104,180,163,170,95,137,90,125,149,32,68,97,100,7,175,179,27,150,136,144,70,168,17,103,105,142,190,188,186,176,42,47,132,166,123,44];False
2435;8292;10727;[4,67,193,48,10,1,91,129,8,84,122,73,174,135,21,99,16,77,112,71,56,18,62,120,24,197,26,9,143,20,3,2,121,160,187,49,130,22,38,34,124,94,75,12,165,153,92,127,39,107,87,76,50,53,93,23,30,134,58,86,69,64,101,151,54,158,199,6,117,98,25,110,81,52,182,28,162,78,60,79,185,148,167,61,41,36,46,131,59,133,96,157,138,178,164,173,66,126,198,159,140,118,109,29,154,156,106,19,108,146,43,128,85,152,111,83,181,82,192,139,33,13,172,195,40,37,15,35,88,145,189,194,31,171,116,57,0,113,196,89,5,141,119,74,183,63,51,72,147,65,102,115,14,45,55,155,184,161,80,114,177,169,191,11,104,180,163,170,95,137,90,125,149,32,68,97,100,7,175,179,27,150,136,144,70,168,17,103,105,142,190,188,186,176,42,47,132,166,123,44];False
2460;8267;10727;[4,67,193,48,10,1,91,129,8,84,122,73,174,135,21,99,16,77,112,71,56,18,62,120,24,197,26,9,143,20,3,2,121,160,92,49,130,22,38,34,124,94,75,12,165,153,187,127,39,107,87,76,50,53,93,23,30,134,58,86,69,64,101,151,54,158,199,6,117,98,25,110,81,52,182,28,162,78,60,79,185,148,167,61,41,36,46,131,59,133,96,72,138,178,164,173,66,126,198,159,140,118,109,29,154,156,106,19,108,146,43,128,85,152,111,83,181,82,192,139,33,13,172,195,40,37,15,35,88,145,189,194,31,171,116,57,0,113,196,89,5,141,119,74,183,63,51,157,147,65,102,115,14,45,55,155,184,161,80,114,177,169,191,11,104,180,163,170,95,137,90,125,149,32,68,97,100,7,175,179,27,150,136,144,70,168,17,103,105,142,190,188,186,176,42,47,132,166,123,44];False
2428;8299;10727;[4,67,193,48,10,1,91,129,8,84,122,73,174,135,21,99,16,77,112,71,56,18,62,120,24,197,26,9,143,20,3,2,121,160,92,49,130,22,38,34,124,94,75,12,165,153,187,127,39,107,87,76,50,53,93,23,30,134,58,86,69,64,101,151,54,158,199,6,117,98,25,110,81,52,182,28,162,78,60,79,185,148,167,61,41,36,46,131,59,133,96,157,138,178,7,173,66,126,198,159,140,118,109,29,154,156,106,19,108,146,43,128,85,152,111,83,181,82,192,139,33,13,172,195,40,37,15,35,88,145,189,194,31,171,116,57,0,113,196,89,5,141,119,74,183,63,51,72,147,65,102,115,14,45,55,155,184,161,80,114,177,169,191,11,104,180,163,170,95,137,90,125,149,32,68,97,100,164,175,179,27,150,136,144,70,168,17,103,105,142,190,188,186,176,42,47,132,166,123,44];False
2449;8278;10727;[4,67,193,48,10,1,91,129,28,84,122,73,174,135,21,99,16,77,112,71,56,18,62,120,24,197,26,9,143,20,3,2,121,160,92,49,130,22,38,34,124,94,75,12,165,153,187,127,39,107,87,76,50,53,93,23,30,134,58,86,69,64,101,151,54,158,199,6,117,98,25,110,81,52,182,8,162,78,60,79,185,148,167,61,41,36,46,131,59,133,96,157,138,178,164,173,66,126,198,159,140,118,109,29,154,156,106,19,108,146,43,128,85,152,111,83,181,82,192,139,33,13,172,195,40,37,15,35,88,145,189,194,31,171,116,57,0,113,196,89,5,141,119,74,183,63,51,72,147,65,102,115,14,45,55,155,184,161,80,114,177,169,191,11,104,180,163,170,95,137,90,125,149,32,68,97,100,7,175,179,27,150,136,144,70,168,17,103,105,142,190,188,186,176,42,47,132,166,123,44];False
2469;8258;10727;[4,67,193,48,10,1,91,129,8,84,122,73,174,135,21,99,16,77,112,71,56,18,62,120,24,197,26,9,143,20,3,2,121,160,92,49,130,22,38,34,124,94,75,12,165,153,187,127,39,107,87,76,50,53,93,23,30,134,58,86,90,64,101,151,54,158,199,6,117,98,25,110,81,52,182,28,162,78,60,79,185,148,167,61,41,36,46,131,59,133,96,157,138,178,164,173,66,126,198,159,140,118,109,29,154,156,106,19,108,146,43,128,85,152,111,83,181,82,192,139,33,13,172,195,40,37,15,35,88,145,189,194,31,171,116,57,0,113,196,89,5,141,119,74,183,63,51,72,147,65,102,115,14,45,55,155,184,161,80,114,177,169,191,11,104,180,163,170,95,137,69,125,149,32,68,97,100,7,175,179,27,150,136,144,70,168,17,103,105,142,190,188,186,176,42,47,132,166,123,44];False
2417;8310;10727;[4,67,193,48,10,47,91,129,8,84,122,73,174,135,21,99,16,77,112,71,56,18,62,120,24,197,26,9,143,20,3,2,121,160,92,49,130,22,38,34,124,94,75,12,165,153,187,127,39,107,87,76,50,53,93,23,30,134,58,86,69,64,101,151,54,158,199,6,117,98,25,110,81,52,182,28,162,78,60,79,185,148,167,61,41,36,46,131,59,133,96,157,138,178,164,173,66,126,198,159,140,118,109,29,154,156,106,19,108,146,43,128,85,152,111,83,181,82,192,139,33,13,172,195,40,37,15,35,88,145,189,194,31,171,116,57,0,113,196,89,5,141,119,74,183,63,51,72,147,65,102,115,14,45,55,155,184,161,80,114,177,169,191,11,104,180,163,170,95,137,90,125,149,32,68,97,100,7,175,179,27,150,136,144,70,168,17,103,105,142,190,188,186,176,42,1,132,166,123,44];False
2391;8336;10727;[4,67,193,48,10,1,91,129,8,84,122,73,174,135,21,99,16,77,112,71,56,18,62,120,24,197,26,9,143,20,3,2,121,185,92,49,130,22,38,34,124,94,75,12,165,153,187,127,39,107,87,76,50,53,93,23,30,134,58,86,69,64,101,151,54,158,199,6,117,98,25,110,81,52,182,28,162,78,60,79,160,148,167,61,41,36,46,131,59,133,96,157,138,178,164,173,66,126,198,159,140,118,109,29,154,156,106,19,108,146,43,128,85,152,111,83,181,82,192,139,33,13,172,195,40,37,15,35,88,145,189,194,31,171,116,57,0,113,196,89,5,141,119,74,183,63,51,72,147,65,102,115,14,45,55,155,184,161,80,114,177,169,191,11,104,180,163,170,95,137,90,125,149,32,68,97,100,7,175,179,27,150,136,144,70,168,17,103,105,142,190,188,186,176,42,47,132,166,123,44];False
2422;8305;10727;[4,67,193,48,10,1,91,129,8,84,122,73,174,135,21,99,16,77,112,71,56,18,62,120,24,197,26,9,143,20,3,2,121,160,92,49,130,22,38,34,124,94,75,12,165,153,187,127,39,51,87,76,50,53,93,23,30,134,58,86,69,64,101,151,54,158,199,6,117,98,25,110,81,52,182,28,162,78,60,79,185,148,167,61,41,36,46,131,59,133,96,157,138,178,164,173,66,126,198,159,140,118,109,29,154,156,106,19,108,146,43,128,85,152,111,83,181,82,192,139,33,13,172,195,40,37,15,35,88,145,189,194,31,171,116,57,0,113,196,89,5,141,119,74,183,63,107,72,147,65,102,115,14,45,55,155,184,161,80,114,177,169,191,11,104,180,163,170,95,137,90,125,149,32,68,97,100,7,175,179,27,150,136,144,70,168,17,103,105,142,190,188,186,176,42,47,132,166,123,44];False
2456;8271;10727;[4,67,193,48,10,1,91,129,8,84,122,73,174,135,21,99,16,77,112,71,56,18,62,120,24,197,26,9,143,20,3,2,121,160,92,49,130,22,38,34,124,94,75,12,165,153,187,127,39,107,87,76,50,53,93,23,30,134,58,86,69,64,101,151,54,158,199,6,117,98,25,110,81,52,182,28,162,78,60,79,185,148,167,61,41,36,46,131,59,133,96,157,138,178,164,173,66,126,198,159,140,118,109,29,154,156,106,19,108,146,43,128,85,152,111,83,181,82,192,139,33,13,172,195,40,37,15,35,88,145,189,194,31,171,116,57,0,113,196,89,5,141,119,74,183,63,51,72,147,65,102,115,14,45,55,155,184,161,80,114,177,169,191,11,104,180,163,170,95,32,90,125,149,137,68,97,100,7,175,179,27,150,136,144,70,168,17,103,105,142,190,188,186,176,42,47,132,166,123,44];False
2466;8260;10726;[4,67,193,48,10,1,91,129,8,84,122,73,174,135,21,99,16,77,112,71,56,18,62,120,24,197,26,9,143,20,3,2,121,160,92,49,130,22,38,34,124,94,75,12,165,153,187,127,39,107,87,76,50,53,93,23,30,134,58,86,69,64,101,151,54,158,199,6,117,98,25,110,81,52,182,28,162,78,60,79,185,148,167,61,41,36,46,131,59,133,96,157,138,178,164,173,66,126,198,159,137,118,109,29,154,156,106,19,108,146,43,128,85,152,111,83,181,82,192,139,33,13,172,195,40,37,15,35,88,145,189,194,31,171,116,57,0,113,196,89,5,141,119,74,183,63,51,72,147,65,102,115,14,45,55,155,184,161,80,114,177,169,191,11,104,180,163,170,95,140,90,125,149,32,68,97,100,7,175,179,27,150,136,144,70,168,17,103,105,142,190,188,186,176,42,47,132,166,123,44];False
2445;8281;10726;[4,67,193,48,10,1,91,129,8,84,122,73,174,135,21,99,16,77,112,71,56,18,62,120,24,197,26,9,143,20,3,2,121,160,92,49,130,22,38,34,124,94,75,12,165,153,187,127,39,107,87,76,50,117,93,23,30,134,58,86,69,64,101,151,54,158,199,6,53,98,25,110,81,52,182,28,162,78,60,79,185,148,167,61,41,36,46,131,59,133,96,157,138,178,164,173,66,126,198,159,140,118,109,29,154,156,106,19,108,146,43,128,85,152,111,83,181,82,192,139,33,13,172,195,40,37,15,35,88,145,189,194,31,171,116,57,0,113,196,89,5,141,119,74,183,63,51,72,147,65,102,115,14,45,55,155,184,161,80,114,177,169,191,11,104,180,163,170,95,137,90,125,149,32,68,97,100,7,175,179,27,150,136,144,70,168,17,103,105,142,190,188,186,176,42,47,132,166,123,44];False
2422;8304;10726;[4,67,193,48,10,1,91,129,8,84,122,73,165,135,21,99,16,77,112,71,56,18,62,120,24,197,26,9,143,20,3,2,121,160,92,49,130,22,38,34,124,94,75,12,174,153,187,127,39,107,87,76,50,53,93,23,30,134,58,86,69,64,101,151,54,158,199,6,117,98,25,110,81,52,182,28,162,78,60,79,185,148,167,61,41,36,46,131,59,133,96,157,138,178,164,173,66,126,198,159,140,118,109,29,154,156,106,19,108,146,43,128,85,152,111,83,181,82,192,139,33,13,172,195,40,37,15,35,88,145,189,194,31,171,116,57,0,113,196,89,5,141,119,74,183,63,51,72,147,65,102,115,14,45,55,155,184,161,80,114,177,169,191,11,104,180,163,170,95,137,90,125,149,32,68,97,100,7,175,179,27,150,136,144,70,168,17,103,105,142,190,188,186,176,42,47,132,166,123,44];False
2448;8278;10726;[4,67,193,48,10,1,91,129,8,84,122,73,174,135,21,99,16,77,112,71,56,18,62,120,24,197,26,9,143,20,3,2,121,160,92,49,130,22,38,34,124,94,75,12,165,153,187,127,39,107,87,76,50,53,93,23,30,134,58,86,69,64,101,151,54,158,199,6,117,98,25,110,81,52,182,28,162,78,60,79,185,148,167,61,41,36,46,131,59,133,96,157,138,178,164,173,66,126,198,159,115,118,109,29,154,156,106,19,108,146,43,128,85,152,111,83,181,82,192,139,33,13,172,195,40,37,15,35,88,145,189,194,31,171,116,57,0,113,196,89,5,141,119,74,183,63,51,72,147,65,102,140,14,45,55,155,184,161,80,114,177,169,191,11,104,180,163,170,95,137,90,125,149,32,68,97,100,7,175,179,27,150,136,144,70,168,17,103,105,142,190,188,186,176,42,47,132,166,123,44];False
2433;8293;10726;[4,67,193,48,10,1,91,129,8,84,122,73,174,135,21,99,16,77,112,71,56,18,62,120,24,197,26,9,143,20,3,2,121,160,92,49,130,22,38,34,124,94,75,12,165,153,187,127,39,107,87,76,50,53,93,23,30,134,58,86,69,64,101,151,54,158,199,6,117,98,25,110,81,52,182,28,162,78,60,79,185,148,167,61,41,36,46,131,59,133,96,157,138,178,164,173,66,126,198,150,140,118,109,29,154,156,106,19,108,146,43,128,85,152,111,83,181,82,192,139,33,13,172,195,40,37,15,35,88,145,189,194,31,171,116,57,0,113,196,89,5,141,119,74,183,63,51,72,147,65,102,115,14,45,55,155,184,161,80,114,177,169,191,11,104,180,163,170,95,137,90,125,149,32,68,97,100,7,175,179,27,159,136,144,70,168,17,103,105,142,190,188,186,176,42,47,132,166,123,44];False
2478;8248;10726;[4,67,193,48,10,1,91,129,8,84,122,73,174,135,21,99,16,77,112,71,56,18,62,120,24,197,26,9,143,20,3,2,121,160,92,49,130,22,38,34,124,94,75,12,165,153,187,127,39,107,87,76,50,53,93,23,30,134,58,199,69,64,101,151,54,158,86,6,117,98,25,110,81,52,182,28,162,78,60,79,185,148,167,61,41,36,46,131,59,133,96,157,138,178,164,173,66,126,198,159,140,118,109,29,154,156,106,19,108,146,43,128,85,152,111,83,181,82,192,139,33,13,172,195,40,37,15,35,88,145,189,194,31,171,116,57,0,113,196,89,5,141,119,74,183,63,51,72,147,65,102,115,14,45,55,155,184,161,80,114,177,169,191,11,104,180,163,170,95,137,90,125,149,32,68,97,100,7,175,179,27,150,136,144,70,168,17,103,105,142,190,188,186,176,42,47,132,166,123,44];False
2412;8314;10726;[4,67,193,48,10,1,91,129,8,84,122,73,174,135,21,99,16,77,112,71,56,18,62,120,24,197,26,9,143,20,3,101,121,160,92,49,130,22,38,34,124,94,75,12,165,153,187,127,39,107,87,76,50,53,93,23,30,134,58,86,69,64,2,151,54,158,199,6,117,98,25,110,81,52,182,28,162,78,60,79,185,148,167,61,41,36,46,131,59,133,96,157,138,178,164,173,66,126,198,159,140,118,109,29,154,156,106,19,108,146,43,128,85,152,111,83,181,82,192,139,33,13,172,195,40,37,15,35,88,145,189,194,31,171,116,57,0,113,196,89,5,141,119,74,183,63,51,72,147,65,102,115,14,45,55,155,184,161,80,114,177,169,191,11,104,180,163,170,95,137,90,125,149,32,68,97,100,7,175,179,27,150,136,144,70,168,17,103,105,142,190,188,186,176,42,47,132,166,123,44];False
2456;8270;10726;[4,67,193,48,10,1,91,129,8,84,122,73,174,135,21,99,16,77,112,71,56,18,62,120,24,197,26,9,143,20,3,2,121,160,92,49,130,22,38,34,124,94,75,12,165,153,187,127,39,107,87,76,50,53,93,23,30,134,58,86,69,64,101,151,54,158,199,6,117,98,25,110,81,52,182,28,162,78,60,79,185,148,167,61,41,36,46,131,59,133,96,157,138,178,164,173,66,126,198,159,140,118,109,29,154,156,106,19,108,146,43,128,85,152,111,83,181,82,192,139,33,13,172,195,40,37,15,35,88,145,189,194,31,171,116,57,0,113,196,89,5,141,119,74,183,63,51,168,147,65,102,115,14,45,55,155,184,161,80,114,177,169,191,11,104,180,163,170,95,137,90,125,149,32,68,97,100,7,175,179,27,150,136,144,70,72,17,103,105,142,190,188,186,176,42,47,132,166,123,44];False
2471;8254;10725;[4,67,193,48,10,1,91,129,8,84,122,73,174,135,21,99,16,77,112,71,56,18,62,120,24,197,26,9,143,20,3,2,121,160,92,49,130,22,38,34,124,94,75,12,165,153,187,127,39,107,87,76,50,53,93,23,30,134,58,86,69,64,101,151,54,158,199,6,117,98,25,110,81,52,182,28,162,78,60,79,185,148,167,61,41,36,46,131,59,133,96,157,138,178,164,173,66,126,198,159,140,118,109,29,154,156,106,19,108,146,43,128,85,171,111,83,181,82,192,139,33,13,172,195,40,37,15,35,88,145,189,194,31,152,116,57,0,113,196,89,5,141,119,74,183,63,51,72,147,65,102,115,14,45,55,155,184,161,80,114,177,169,191,11,104,180,163,170,95,137,90,125,149,32,68,97,100,7,175,179,27,150,136,144,70,168,17,103,105,142,190,188,186,176,42,47,132,166,123,44];False
2464;8261;10725;[4,67,193,48,10,1,91,129,8,84,122,73,174,135,21,99,16,77,112,71,56,18,62,120,24,197,26,9,143,20,3,2,121,173,92,49,130,22,38,34,124,94,75,12,165,153,187,127,39,107,87,76,50,53,93,23,30,134,58,86,69,64,101,151,54,158,199,6,117,98,25,110,81,52,182,28,162,78,60,79,185,148,167,61,41,36,46,131,59,133,96,157,138,178,164,160,66,126,198,159,140,118,109,29,154,156,106,19,108,146,43,128,85,152,111,83,181,82,192,139,33,13,172,195,40,37,15,35,88,145,189,194,31,171,116,57,0,113,196,89,5,141,119,74,183,63,51,72,147,65,102,115,14,45,55,155,184,161,80,114,177,169,191,11,104,180,163,170,95,137,90,125,149,32,68,97,100,7,175,179,27,150,136,144,70,168,17,103,105,142,190,188,186,176,42,47,132,166,123,44];False
2485;8240;10725;[4,67,193,48,10,1,91,129,8,84,122,73,174,135,21,99,16,77,112,71,56,18,62,120,24,197,26,9,143,20,3,2,121,160,92,49,130,22,38,34,124,94,75,12,165,153,187,127,39,107,87,76,50,53,93,23,30,134,58,86,69,64,101,151,54,158,199,6,117,98,25,110,81,52,182,28,162,78,60,79,185,148,167,61,41,36,46,131,59,133,96,157,138,178,164,173,66,126,198,159,140,118,109,29,154,156,106,19,108,146,43,128,85,152,111,83,181,82,192,139,33,13,172,195,40,37,15,169,88,145,189,194,31,171,116,57,0,113,196,89,5,141,119,74,183,63,51,72,147,65,102,115,14,45,55,155,184,161,80,114,177,35,191,11,104,180,163,170,95,137,90,125,149,32,68,97,100,7,175,179,27,150,136,144,70,168,17,103,105,142,190,188,186,176,42,47,132,166,123,44];False
2444;8281;10725;[4,67,193,48,10,1,91,129,8,84,122,73,174,135,21,99,16,77,112,71,56,18,62,120,24,197,26,9,143,20,3,2,121,160,92,49,130,22,38,34,124,94,75,12,165,153,187,127,39,107,87,76,50,53,93,23,30,134,58,86,69,64,101,151,54,158,199,6,117,98,25,110,81,52,182,28,162,78,60,79,185,148,167,61,41,36,46,131,59,133,96,157,138,178,164,173,66,126,198,159,140,118,37,29,154,156,106,19,108,146,43,128,85,152,111,83,181,82,192,139,33,13,172,195,40,109,15,35,88,145,189,194,31,171,116,57,0,113,196,89,5,141,119,74,183,63,51,72,147,65,102,115,14,45,55,155,184,161,80,114,177,169,191,11,104,180,163,170,95,137,90,125,149,32,68,97,100,7,175,179,27,150,136,144,70,168,17,103,105,142,190,188,186,176,42,47,132,166,123,44];False
2386;8339;10725;[4,67,193,48,10,1,91,129,8,84,122,73,174,135,21,99,16,77,112,71,56,18,62,120,24,197,26,9,143,20,3,2,121,160,92,49,130,22,38,34,124,94,75,12,165,153,187,127,39,107,87,76,50,53,93,23,30,134,58,86,69,64,101,151,54,158,199,6,117,98,25,110,81,52,182,28,162,78,60,79,185,148,167,61,41,36,46,131,17,133,96,157,138,178,164,173,66,126,198,159,140,118,109,29,154,156,106,19,108,146,43,128,85,152,111,83,181,82,192,139,33,13,172,195,40,37,15,35,88,145,189,194,31,171,116,57,0,113,196,89,5,141,119,74,183,63,51,72,147,65,102,115,14,45,55,155,184,161,80,114,177,169,191,11,104,180,163,170,95,137,90,125,149,32,68,97,100,7,175,179,27,150,136,144,70,168,59,103,105,142,190,188,186,176,42,47,132,166,123,44];False
2462;8263;10725;[4,67,193,48,10,1,91,129,8,84,122,73,174,135,21,99,16,77,112,71,56,18,62,120,24,197,26,9,143,20,3,2,121,189,92,49,130,22,38,34,124,94,75,12,165,153,187,127,39,107,87,76,50,53,93,23,30,134,58,86,69,64,101,151,54,158,199,6,117,98,25,110,81,52,182,28,162,78,60,79,185,148,167,61,41,36,46,131,59,133,96,157,138,178,164,173,66,126,198,159,140,118,109,29,154,156,106,19,108,146,43,128,85,152,111,83,181,82,192,139,33,13,172,195,40,37,15,35,88,145,160,194,31,171,116,57,0,113,196,89,5,141,119,74,183,63,51,72,147,65,102,115,14,45,55,155,184,161,80,114,177,169,191,11,104,180,163,170,95,137,90,125,149,32,68,97,100,7,175,179,27,150,136,144,70,168,17,103,105,142,190,188,186,176,42,47,132,166,123,44];False
2459;8266;10725;[4,67,193,48,10,1,91,129,8,84,122,73,174,135,21,99,16,77,112,71,56,18,62,120,24,197,26,9,143,20,3,2,121,160,92,49,130,22,38,34,124,94,75,12,165,153,187,127,39,107,87,76,50,53,93,23,30,134,58,86,69,64,101,151,54,158,199,6,117,98,25,110,81,52,182,28,162,78,60,79,185,148,167,61,41,36,46,131,59,133,96,157,138,178,164,173,66,126,198,159,140,118,109,29,154,156,106,19,108,146,43,128,179,152,111,83,181,82,192,139,33,13,172,195,40,37,15,35,88,145,189,194,31,171,116,57,0,113,196,89,5,141,119,74,183,63,51,72,147,65,102,115,14,45,55,155,184,161,80,114,177,169,191,11,104,180,163,170,95,137,90,125,149,32,68,97,100,7,175,85,27,150,136,144,70,168,17,103,105,142,190,188,186,176,42,47,132,166,123,44];False
2454;8271;10725;[4,67,193,48,10,1,91,129,8,84,147,73,174,135,21,99,16,77,112,71,56,18,62,120,24,197,26,9,143,20,3,2,121,160,92,49,130,22,38,34,124,94,75,12,165,153,187,127,39,107,87,76,50,53,93,23,30,134,58,86,69,64,101,151,54,158,199,6,117,98,25,110,81,52,182,28,162,78,60,79,185,148,167,61,41,36,46,131,59,133,96,157,138,178,164,173,66,126,198,159,140,118,109,29,154,156,106,19,108,146,43,128,85,152,111,83,181,82,192,139,33,13,172,195,40,37,15,35,88,145,189,194,31,171,116,57,0,113,196,89,5,141,119,74,183,63,51,72,122,65,102,115,14,45,55,155,184,161,80,114,177,169,191,11,104,180,163,170,95,137,90,125,149,32,68,97,100,7,175,179,27,150,136,144,70,168,17,103,105,142,190,188,186,176,42,47,132,166,123,44];False
2375;8350;10725;[4,67,193,48,10,1,91,129,8,84,122,73,174,135,21,99,16,77,112,71,56,18,62,120,24,197,26,9,143,20,3,2,121,160,92,49,130,22,38,34,124,94,75,12,165,153,187,127,39,107,87,76,50,53,93,23,30,134,58,86,69,64,101,151,54,158,199,6,117,98,25,110,81,106,182,28,162,78,60,79,185,148,167,61,41,36,46,131,59,133,96,157,138,178,164,173,66,126,198,159,140,118,109,29,154,156,52,19,108,146,43,128,85,152,111,83,181,82,192,139,33,13,172,195,40,37,15,35,88,145,189,194,31,171,116,57,0,113,196,89,5,141,119,74,183,63,51,72,147,65,102,115,14,45,55,155,184,161,80,114,177,169,191,11,104,180,163,170,95,137,90,125,149,32,68,97,100,7,175,179,27,150,136,144,70,168,17,103,105,142,190,188,186,176,42,47,132,166,123,44];False
2416;8308;10724;[4,67,193,48,10,1,91,129,8,84,122,73,174,135,21,99,16,77,112,71,56,18,62,120,24,197,26,9,143,20,3,2,121,160,92,49,130,22,38,34,124,94,75,12,165,153,187,127,39,107,87,76,50,53,93,23,30,134,58,86,69,64,101,151,54,158,199,6,117,98,25,110,81,52,182,28,162,78,60,79,185,148,167,61,41,36,46,131,59,133,96,157,138,178,164,173,66,126,198,159,140,118,109,29,154,156,43,19,108,146,106,128,85,152,111,83,181,82,192,139,33,13,172,195,40,37,15,35,88,145,189,194,31,171,116,57,0,113,196,89,5,141,119,74,183,63,51,72,147,65,102,115,14,45,55,155,184,161,80,114,177,169,191,11,104,180,163,170,95,137,90,125,149,32,68,97,100,7,175,179,27,150,136,144,70,168,17,103,105,142,190,188,186,176,42,47,132,166,123,44];False
2447;8277;10724;[4,67,193,48,10,1,91,129,8,84,122,73,174,135,21,99,16,77,112,71,56,18,62,120,24,197,26,9,143,20,3,2,121,160,92,49,130,22,38,34,124,94,75,12,157,153,187,127,39,107,87,76,50,53,93,23,30,134,58,86,69,64,101,151,54,158,199,6,117,98,25,110,81,52,182,28,162,78,60,79,185,148,167,61,41,36,46,131,59,133,96,165,138,178,164,173,66,126,198,159,140,118,109,29,154,156,106,19,108,146,43,128,85,152,111,83,181,82,192,139,33,13,172,195,40,37,15,35,88,145,189,194,31,171,116,57,0,113,196,89,5,141,119,74,183,63,51,72,147,65,102,115,14,45,55,155,184,161,80,114,177,169,191,11,104,180,163,170,95,137,90,125,149,32,68,97,100,7,175,179,27,150,136,144,70,168,17,103,105,142,190,188,186,176,42,47,132,166,123,44];False
2427;8297;10724;[4,67,193,48,10,1,91,129,8,84,122,73,174,135,21,99,16,77,112,71,56,18,62,120,24,197,26,9,143,20,3,2,121,160,92,49,130,22,38,34,124,94,75,12,165,153,115,127,39,107,87,76,50,53,93,23,30,134,58,86,69,64,101,151,54,158,199,6,117,98,25,110,81,52,182,28,162,78,60,79,185,148,167,61,41,36,46,131,59,133,96,157,138,178,164,173,66,126,198,159,140,118,109,29,154,156,106,19,108,146,43,128,85,152,111,83,181,82,192,139,33,13,172,195,40,37,15,35,88,145,189,194,31,171,116,57,0,113,196,89,5,141,119,74,183,63,51,72,147,65,102,187,14,45,55,155,184,161,80,114,177,169,191,11,104,180,163,170,95,137,90,125,149,32,68,97,100,7,175,179,27,150,136,144,70,168,17,103,105,142,190,188,186,176,42,47,132,166,123,44];False
2452;8272;10724;[4,67,193,48,10,1,91,129,8,84,122,73,174,135,21,99,16,77,112,71,56,18,62,120,24,197,26,9,143,20,3,2,121,160,92,49,130,22,38,34,124,94,75,12,165,153,187,127,39,107,87,76,50,53,93,23,30,134,58,86,69,64,101,151,54,158,199,6,117,98,25,110,81,52,173,28,162,78,60,79,185,148,167,61,41,36,46,131,59,133,96,157,138,178,164,182,66,126,198,159,140,118,109,29,154,156,106,19,108,146,43,128,85,152,111,83,181,82,192,139,33,13,172,195,40,37,15,35,88,145,189,194,31,171,116,57,0,113,196,89,5,141,119,74,183,63,51,72,147,65,102,115,14,45,55,155,184,161,80,114,177,169,191,11,104,180,163,170,95,137,90,125,149,32,68,97,100,7,175,179,27,150,136,144,70,168,17,103,105,142,190,188,186,176,42,47,132,166,123,44];False
2463;8261;10724;[4,67,193,48,10,1,91,129,8,84,122,73,174,135,21,99,16,77,112,71,56,18,62,120,24,197,26,9,143,20,3,2,121,160,92,49,130,22,38,34,124,94,75,12,165,153,187,127,39,107,87,76,50,53,93,23,30,134,58,86,69,64,101,151,54,158,199,6,117,98,25,110,81,52,182,17,162,78,60,79,185,148,167,61,41,36,46,131,59,133,96,157,138,178,164,173,66,126,198,159,140,118,109,29,154,156,106,19,108,146,43,128,85,152,111,83,181,82,192,139,33,13,172,195,40,37,15,35,88,145,189,194,31,171,116,57,0,113,196,89,5,141,119,74,183,63,51,72,147,65,102,115,14,45,55,155,184,161,80,114,177,169,191,11,104,180,163,170,95,137,90,125,149,32,68,97,100,7,175,179,27,150,136,144,70,168,28,103,105,142,190,188,186,176,42,47,132,166,123,44];False
2451;8273;10724;[4,67,193,48,10,1,91,129,8,84,122,73,174,135,21,99,16,77,112,71,56,18,62,120,24,197,26,9,143,20,3,2,121,160,92,49,130,22,38,34,124,94,75,12,165,153,187,127,39,107,87,76,50,53,93,23,30,134,58,86,69,64,101,151,54,158,199,6,117,98,25,110,81,52,182,28,162,78,60,79,185,148,167,61,41,36,46,131,59,133,96,157,138,89,164,173,66,126,198,159,140,118,109,29,154,156,106,19,108,146,43,128,85,152,111,83,181,82,192,139,33,13,172,195,40,37,15,35,88,145,189,194,31,171,116,57,0,113,196,178,5,141,119,74,183,63,51,72,147,65,102,115,14,45,55,155,184,161,80,114,177,169,191,11,104,180,163,170,95,137,90,125,149,32,68,97,100,7,175,179,27,150,136,144,70,168,17,103,105,142,190,188,186,176,42,47,132,166,123,44];False
2435;8289;10724;[4,67,193,48,10,1,91,129,8,84,122,73,174,135,21,99,16,77,112,71,56,18,62,120,24,197,26,9,143,20,3,2,121,160,92,49,130,22,38,34,124,94,75,12,165,153,187,127,39,107,87,76,50,53,93,23,30,134,58,86,69,64,101,151,54,158,199,6,117,98,25,110,81,52,182,28,162,78,60,79,185,148,167,61,41,36,46,131,47,133,96,157,138,178,164,173,66,126,198,159,140,118,109,29,154,156,106,19,108,146,43,128,85,152,111,83,181,82,192,139,33,13,172,195,40,37,15,35,88,145,189,194,31,171,116,57,0,113,196,89,5,141,119,74,183,63,51,72,147,65,102,115,14,45,55,155,184,161,80,114,177,169,191,11,104,180,163,170,95,137,90,125,149,32,68,97,100,7,175,179,27,150,136,144,70,168,17,103,105,142,190,188,186,176,42,59,132,166,123,44];False
2478;8246;10724;[4,67,193,48,10,1,91,129,8,84,122,73,174,135,21,99,16,77,112,71,56,18,62,120,24,197,26,9,143,20,3,2,121,160,92,49,130,22,38,34,124,94,75,12,165,153,187,127,39,107,87,76,50,53,93,23,30,134,58,86,69,64,101,151,54,158,199,6,117,98,116,110,81,52,182,28,162,78,60,79,185,148,167,61,41,36,46,131,59,133,96,157,138,178,164,173,66,126,198,159,140,118,109,29,154,156,106,19,108,146,43,128,85,152,111,83,181,82,192,139,33,13,172,195,40,37,15,35,88,145,189,194,31,171,25,57,0,113,196,89,5,141,119,74,183,63,51,72,147,65,102,115,14,45,55,155,184,161,80,114,177,169,191,11,104,180,163,170,95,137,90,125,149,32,68,97,100,7,175,179,27,150,136,144,70,168,17,103,105,142,190,188,186,176,42,47,132,166,123,44];False
2442;8282;10724;[4,67,193,48,10,1,91,129,8,84,122,73,174,135,21,99,16,77,112,71,56,18,62,120,24,197,26,9,143,20,3,2,121,160,92,49,130,22,38,34,124,94,75,12,165,153,187,127,39,107,87,76,50,53,93,23,30,134,58,86,69,64,101,151,54,158,199,6,117,98,25,110,81,52,182,28,162,78,60,79,185,148,167,61,41,36,46,131,59,133,96,157,138,178,164,173,66,126,198,159,140,118,109,29,154,156,106,19,108,146,43,128,85,152,111,83,181,82,192,139,33,13,172,195,40,37,15,35,88,145,189,194,31,171,116,57,0,113,196,89,5,141,119,74,183,63,51,72,147,65,102,115,14,45,55,166,184,161,80,114,177,169,191,11,104,180,163,170,95,137,90,125,149,32,68,97,100,7,175,179,27,150,136,144,70,168,17,103,105,142,190,188,186,176,42,47,132,155,123,44];False
2444;8280;10724;[4,67,193,48,10,1,91,129,8,84,122,73,174,135,21,99,16,77,112,71,56,18,62,120,24,197,26,9,143,20,3,2,121,160,92,49,130,22,38,34,124,94,75,12,165,153,187,127,39,107,87,76,50,53,105,23,30,134,58,86,69,64,101,151,54,158,199,6,117,98,25,110,81,52,182,28,162,78,60,79,185,148,167,61,41,36,46,131,59,133,96,157,138,178,164,173,66,126,198,159,140,118,109,29,154,156,106,19,108,146,43,128,85,152,111,83,181,82,192,139,33,13,172,195,40,37,15,35,88,145,189,194,31,171,116,57,0,113,196,89,5,141,119,74,183,63,51,72,147,65,102,115,14,45,55,155,184,161,80,114,177,169,191,11,104,180,163,170,95,137,90,125,149,32,68,97,100,7,175,179,27,150,136,144,70,168,17,103,93,142,190,188,186,176,42,47,132,166,123,44];False
2445;8279;10724;[4,67,193,48,10,1,91,129,8,84,122,73,174,135,21,99,16,77,112,71,56,18,62,120,24,197,26,9,143,20,3,2,121,160,92,49,130,22,38,34,124,94,75,12,165,153,187,127,39,107,87,76,50,53,93,23,30,134,58,86,69,64,101,151,54,158,199,6,117,98,25,110,81,52,182,28,162,78,60,79,185,148,167,61,41,36,46,131,59,133,96,157,138,178,164,173,66,126,198,159,140,118,109,29,154,156,106,19,108,146,43,128,85,152,111,83,181,82,192,139,33,13,172,195,40,37,15,35,88,145,189,194,31,171,116,57,0,113,196,89,5,141,119,74,183,63,51,72,147,65,102,115,14,45,55,155,184,161,80,114,177,169,191,11,104,180,163,170,95,137,90,125,149,32,68,97,100,7,175,179,27,150,136,168,70,144,17,103,105,142,190,188,186,176,42,47,132,166,123,44];False
2466;8258;10724;[4,67,193,48,10,1,91,129,8,84,122,73,174,135,21,99,16,77,112,71,56,18,62,120,24,197,26,9,143,188,3,2,121,160,92,49,130,22,38,34,124,94,75,12,165,153,187,127,39,107,87,76,50,53,93,23,30,134,58,86,69,64,101,151,54,158,199,6,117,98,25,110,81,52,182,28,162,78,60,79,185,148,167,61,41,36,46,131,59,133,96,157,138,178,164,173,66,126,198,159,140,118,109,29,154,156,106,19,108,146,43,128,85,152,111,83,181,82,192,139,33,13,172,195,40,37,15,35,88,145,189,194,31,171,116,57,0,113,196,89,5,141,119,74,183,63,51,72,147,65,102,115,14,45,55,155,184,161,80,114,177,169,191,11,104,180,163,170,95,137,90,125,149,32,68,97,100,7,175,179,27,150,136,144,70,168,17,103,105,142,190,20,186,176,42,47,132,166,123,44];False
2482;8242;10724;[4,67,193,48,10,1,91,129,8,84,122,73,174,135,21,99,16,77,112,71,56,31,62,120,24,197,26,9,143,20,3,2,121,160,92,49,130,22,38,34,124,94,75,12,165,153,187,127,39,107,87,76,50,53,93,23,30,134,58,86,69,64,101,151,54,158,199,6,117,98,25,110,81,52,182,28,162,78,60,79,185,148,167,61,41,36,46,131,59,133,96,157,138,178,164,173,66,126,198,159,140,118,109,29,154,156,106,19,108,146,43,128,85,152,111,83,181,82,192,139,33,13,172,195,40,37,15,35,88,145,189,194,18,171,116,57,0,113,196,89,5,141,119,74,183,63,51,72,147,65,102,115,14,45,55,155,184,161,80,114,177,169,191,11,104,180,163,170,95,137,90,125,149,32,68,97,100,7,175,179,27,150,136,144,70,168,17,103,105,142,190,188,186,176,42,47,132,166,123,44];False
2465;8258;10723;[4,67,193,48,10,1,91,129,8,84,122,73,174,135,21,99,16,77,112,71,56,18,62,120,24,197,26,9,143,20,3,2,121,160,92,49,130,22,38,34,124,94,75,12,165,153,187,127,39,107,87,76,50,53,93,23,30,134,58,86,69,64,101,151,54,158,199,6,117,98,25,110,81,52,182,28,162,78,60,79,185,148,167,61,41,36,46,131,59,133,96,157,138,178,164,173,32,126,198,159,140,118,109,29,154,156,106,19,108,146,43,128,85,152,111,83,181,82,192,139,33,13,172,195,40,37,15,35,88,145,189,194,31,171,116,57,0,113,196,89,5,141,119,74,183,63,51,72,147,65,102,115,14,45,55,155,184,161,80,114,177,169,191,11,104,180,163,170,95,137,90,125,149,66,68,97,100,7,175,179,27,150,136,144,70,168,17,103,105,142,190,188,186,176,42,47,132,166,123,44];False
2436;8287;10723;[4,67,193,48,10,1,91,129,8,84,122,73,174,135,21,99,16,77,112,71,56,18,62,120,24,197,26,9,143,20,3,2,121,160,92,49,130,22,38,34,124,94,75,12,165,153,187,127,39,107,81,76,50,53,93,23,30,134,58,86,69,64,101,151,54,158,199,6,117,98,25,110,87,52,182,28,162,78,60,79,185,148,167,61,41,36,46,131,59,133,96,157,138,178,164,173,66,126,198,159,140,118,109,29,154,156,106,19,108,146,43,128,85,152,111,83,181,82,192,139,33,13,172,195,40,37,15,35,88,145,189,194,31,171,116,57,0,113,196,89,5,141,119,74,183,63,51,72,147,65,102,115,14,45,55,155,184,161,80,114,177,169,191,11,104,180,163,170,95,137,90,125,149,32,68,97,100,7,175,179,27,150,136,144,70,168,17,103,105,142,190,188,186,176,42,47,132,166,123,44];False
2406;8317;10723;[4,67,193,48,10,1,91,129,8,84,122,73,174,135,21,99,39,77,112,71,56,18,62,120,24,197,26,9,143,20,3,2,121,160,92,49,130,22,38,34,124,94,75,12,165,153,187,127,16,107,87,76,50,53,93,23,30,134,58,86,69,64,101,151,54,158,199,6,117,98,25,110,81,52,182,28,162,78,60,79,185,148,167,61,41,36,46,131,59,133,96,157,138,178,164,173,66,126,198,159,140,118,109,29,154,156,106,19,108,146,43,128,85,152,111,83,181,82,192,139,33,13,172,195,40,37,15,35,88,145,189,194,31,171,116,57,0,113,196,89,5,141,119,74,183,63,51,72,147,65,102,115,14,45,55,155,184,161,80,114,177,169,191,11,104,180,163,170,95,137,90,125,149,32,68,97,100,7,175,179,27,150,136,144,70,168,17,103,105,142,190,188,186,176,42,47,132,166,123,44];False
2423;8300;10723;[4,67,193,48,80,1,91,129,8,84,122,73,174,135,21,99,16,77,112,71,56,18,62,120,24,197,26,9,143,20,3,2,121,160,92,49,130,22,38,34,124,94,75,12,165,153,187,127,39,107,87,76,50,53,93,23,30,134,58,86,69,64,101,151,54,158,199,6,117,98,25,110,81,52,182,28,162,78,60,79,185,148,167,61,41,36,46,131,59,133,96,157,138,178,164,173,66,126,198,159,140,118,109,29,154,156,106,19,108,146,43,128,85,152,111,83,181,82,192,139,33,13,172,195,40,37,15,35,88,145,189,194,31,171,116,57,0,113,196,89,5,141,119,74,183,63,51,72,147,65,102,115,14,45,55,155,184,161,10,114,177,169,191,11,104,180,163,170,95,137,90,125,149,32,68,97,100,7,175,179,27,150,136,144,70,168,17,103,105,142,190,188,186,176,42,47,132,166,123,44];False
2449;8274;10723;[4,67,193,48,10,1,91,129,8,84,122,73,174,135,21,99,16,77,112,71,56,18,62,120,24,197,26,9,143,20,3,2,121,160,92,49,163,22,38,34,124,94,75,12,165,153,187,127,39,107,87,76,50,53,93,23,30,134,58,86,69,64,101,151,54,158,199,6,117,98,25,110,81,52,182,28,162,78,60,79,185,148,167,61,41,36,46,131,59,133,96,157,138,178,164,173,66,126,198,159,140,118,109,29,154,156,106,19,108,146,43,128,85,152,111,83,181,82,192,139,33,13,172,195,40,37,15,35,88,145,189,194,31,171,116,57,0,113,196,89,5,141,119,74,183,63,51,72,147,65,102,115,14,45,55,155,184,161,80,114,177,169,191,11,104,180,130,170,95,137,90,125,149,32,68,97,100,7,175,179,27,150,136,144,70,168,17,103,105,142,190,188,186,176,42,47,132,166,123,44];False
2422;8301;10723;[4,67,193,48,10,1,91,129,8,84,122,73,174,135,21,99,16,77,112,71,56,18,62,120,24,197,26,9,143,20,3,2,121,160,92,49,130,22,38,34,124,94,75,12,165,153,187,127,39,107,87,76,50,53,93,108,30,134,58,86,69,64,101,151,54,158,199,6,117,98,25,110,81,52,182,28,162,78,60,79,185,148,167,61,41,36,46,131,59,133,96,157,138,178,164,173,66,126,198,159,140,118,109,29,154,156,106,19,23,146,43,128,85,152,111,83,181,82,192,139,33,13,172,195,40,37,15,35,88,145,189,194,31,171,116,57,0,113,196,89,5,141,119,74,183,63,51,72,147,65,102,115,14,45,55,155,184,161,80,114,177,169,191,11,104,180,163,170,95,137,90,125,149,32,68,97,100,7,175,179,27,150,136,144,70,168,17,103,105,142,190,188,186,176,42,47,132,166,123,44];False
2441;8282;10723;[4,67,193,48,10,1,91,129,8,84,122,73,174,135,21,99,121,77,112,71,56,18,62,120,24,197,26,9,143,20,3,2,16,160,92,49,130,22,38,34,124,94,75,12,165,153,187,127,39,107,87,76,50,53,93,23,30,134,58,86,69,64,101,151,54,158,199,6,117,98,25,110,81,52,182,28,162,78,60,79,185,148,167,61,41,36,46,131,59,133,96,157,138,178,164,173,66,126,198,159,140,118,109,29,154,156,106,19,108,146,43,128,85,152,111,83,181,82,192,139,33,13,172,195,40,37,15,35,88,145,189,194,31,171,116,57,0,113,196,89,5,141,119,74,183,63,51,72,147,65,102,115,14,45,55,155,184,161,80,114,177,169,191,11,104,180,163,170,95,137,90,125,149,32,68,97,100,7,175,179,27,150,136,144,70,168,17,103,105,142,190,188,186,176,42,47,132,166,123,44];False
2438;8285;10723;[4,67,193,48,10,1,91,129,8,84,122,73,174,135,21,99,16,34,112,71,56,18,62,120,24,197,26,9,143,20,3,2,121,160,92,49,130,22,38,77,124,94,75,12,165,153,187,127,39,107,87,76,50,53,93,23,30,134,58,86,69,64,101,151,54,158,199,6,117,98,25,110,81,52,182,28,162,78,60,79,185,148,167,61,41,36,46,131,59,133,96,157,138,178,164,173,66,126,198,159,140,118,109,29,154,156,106,19,108,146,43,128,85,152,111,83,181,82,192,139,33,13,172,195,40,37,15,35,88,145,189,194,31,171,116,57,0,113,196,89,5,141,119,74,183,63,51,72,147,65,102,115,14,45,55,155,184,161,80,114,177,169,191,11,104,180,163,170,95,137,90,125,149,32,68,97,100,7,175,179,27,150,136,144,70,168,17,103,105,142,190,188,186,176,42,47,132,166,123,44];False
2425;8298;10723;[4,67,193,48,10,1,91,129,8,84,122,73,174,135,21,99,16,77,112,71,56,18,62,120,24,197,26,9,143,20,3,2,121,160,92,49,130,22,38,34,124,111,75,12,165,153,187,127,39,107,87,76,50,53,93,23,30,134,58,86,69,64,101,151,54,158,199,6,117,98,25,110,81,52,182,28,162,78,60,79,185,148,167,61,41,36,46,131,59,133,96,157,138,178,164,173,66,126,198,159,140,118,109,29,154,156,106,19,108,146,43,128,85,152,94,83,181,82,192,139,33,13,172,195,40,37,15,35,88,145,189,194,31,171,116,57,0,113,196,89,5,141,119,74,183,63,51,72,147,65,102,115,14,45,55,155,184,161,80,114,177,169,191,11,104,180,163,170,95,137,90,125,149,32,68,97,100,7,175,179,27,150,136,144,70,168,17,103,105,142,190,188,186,176,42,47,132,166,123,44];False
2484;8238;10722;[4,67,193,48,10,1,91,129,8,84,122,73,174,135,21,99,16,77,112,71,56,18,62,120,24,197,26,9,143,20,3,2,121,160,92,49,130,22,38,34,124,94,75,12,165,153,187,127,39,107,87,76,50,53,93,23,30,134,58,86,69,64,101,151,54,158,199,6,117,98,25,110,81,52,182,28,162,78,60,79,185,148,167,61,41,36,166,131,59,133,96,157,138,178,164,173,66,126,198,159,140,118,109,29,154,156,106,19,108,146,43,128,85,152,111,83,181,82,192,139,33,13,172,195,40,37,15,35,88,145,189,194,31,171,116,57,0,113,196,89,5,141,119,74,183,63,51,72,147,65,102,115,14,45,55,155,184,161,80,114,177,169,191,11,104,180,163,170,95,137,90,125,149,32,68,97,100,7,175,179,27,150,136,144,70,168,17,103,105,142,190,188,186,176,42,47,132,46,123,44];False
2442;8280;10722;[4,67,193,48,10,1,91,129,8,84,122,73,174,135,21,99,16,77,112,71,56,18,62,120,24,197,26,9,143,20,3,2,121,160,92,49,130,22,38,34,124,94,75,12,165,153,187,127,39,107,87,76,50,69,93,23,30,134,58,86,53,64,101,151,54,158,199,6,117,98,25,110,81,52,182,28,162,78,60,79,185,148,167,61,41,36,46,131,59,133,96,157,138,178,164,173,66,126,198,159,140,118,109,29,154,156,106,19,108,146,43,128,85,152,111,83,181,82,192,139,33,13,172,195,40,37,15,35,88,145,189,194,31,171,116,57,0,113,196,89,5,141,119,74,183,63,51,72,147,65,102,115,14,45,55,155,184,161,80,114,177,169,191,11,104,180,163,170,95,137,90,125,149,32,68,97,100,7,175,179,27,150,136,144,70,168,17,103,105,142,190,188,186,176,42,47,132,166,123,44];False
2452;8270;10722;[4,67,193,48,10,1,91,129,8,84,122,73,174,135,21,99,16,77,112,71,56,18,62,120,24,197,26,9,143,20,3,2,121,160,92,49,130,22,38,34,124,94,75,12,165,153,187,127,39,107,87,76,50,53,93,23,30,134,58,86,69,64,101,151,54,158,199,6,117,98,25,110,81,52,182,28,162,78,60,79,185,148,167,61,41,36,46,131,59,133,96,157,138,178,164,173,66,126,198,159,140,118,109,29,154,156,106,19,103,146,43,128,85,152,111,83,181,82,192,139,33,13,172,195,40,37,15,35,88,145,189,194,31,171,116,57,0,113,196,89,5,141,119,74,183,63,51,72,147,65,102,115,14,45,55,155,184,161,80,114,177,169,191,11,104,180,163,170,95,137,90,125,149,32,68,97,100,7,175,179,27,150,136,144,70,168,17,108,105,142,190,188,186,176,42,47,132,166,123,44];False
2401;8321;10722;[4,67,193,48,10,1,91,129,8,84,122,73,174,135,21,99,16,77,112,71,56,18,62,120,24,197,26,9,143,20,3,2,121,160,92,49,130,22,38,34,124,94,75,12,165,153,187,127,39,107,87,76,50,53,93,23,30,134,58,86,69,64,101,151,54,158,199,6,63,98,25,110,81,52,182,28,162,78,60,79,185,148,167,61,41,36,46,131,59,133,96,157,138,178,164,173,66,126,198,159,140,118,109,29,154,156,106,19,108,146,43,128,85,152,111,83,181,82,192,139,33,13,172,195,40,37,15,35,88,145,189,194,31,171,116,57,0,113,196,89,5,141,119,74,183,117,51,72,147,65,102,115,14,45,55,155,184,161,80,114,177,169,191,11,104,180,163,170,95,137,90,125,149,32,68,97,100,7,175,179,27,150,136,144,70,168,17,103,105,142,190,188,186,176,42,47,132,166,123,44];False
2416;8306;10722;[4,67,193,48,10,1,91,129,8,84,122,73,174,135,21,99,16,77,112,71,56,18,62,120,24,197,26,9,143,20,3,2,121,160,92,49,130,22,38,34,124,94,75,12,165,153,187,127,39,107,87,76,50,53,93,23,30,134,58,86,69,64,101,151,54,158,199,6,117,98,25,110,66,52,182,28,162,78,60,79,185,148,167,61,41,36,46,131,59,133,96,157,138,178,164,173,81,126,198,159,140,118,109,29,154,156,106,19,108,146,43,128,85,152,111,83,181,82,192,139,33,13,172,195,40,37,15,35,88,145,189,194,31,171,116,57,0,113,196,89,5,141,119,74,183,63,51,72,147,65,102,115,14,45,55,155,184,161,80,114,177,169,191,11,104,180,163,170,95,137,90,125,149,32,68,97,100,7,175,179,27,150,136,144,70,168,17,103,105,142,190,188,186,176,42,47,132,166,123,44];False
2447;8275;10722;[4,67,193,48,10,1,91,129,8,84,122,73,174,135,21,99,16,77,112,71,56,18,62,120,24,197,165,9,143,20,3,2,121,160,92,49,130,22,38,34,124,94,75,12,26,153,187,127,39,107,87,76,50,53,93,23,30,134,58,86,69,64,101,151,54,158,199,6,117,98,25,110,81,52,182,28,162,78,60,79,185,148,167,61,41,36,46,131,59,133,96,157,138,178,164,173,66,126,198,159,140,118,109,29,154,156,106,19,108,146,43,128,85,152,111,83,181,82,192,139,33,13,172,195,40,37,15,35,88,145,189,194,31,171,116,57,0,113,196,89,5,141,119,74,183,63,51,72,147,65,102,115,14,45,55,155,184,161,80,114,177,169,191,11,104,180,163,170,95,137,90,125,149,32,68,97,100,7,175,179,27,150,136,144,70,168,17,103,105,142,190,188,186,176,42,47,132,166,123,44];False
2428;8294;10722;[4,67,193,48,10,1,91,129,8,84,122,73,174,135,21,99,16,77,112,71,56,18,62,120,24,197,26,9,143,20,3,2,121,160,92,49,130,22,38,34,124,94,75,12,165,153,187,127,39,107,87,76,50,53,93,23,30,134,58,86,69,64,101,151,54,158,199,6,117,98,25,110,81,52,182,28,162,78,60,79,185,148,167,61,41,36,46,131,59,133,178,157,138,96,164,173,66,126,198,159,140,118,109,29,154,156,106,19,108,146,43,128,85,152,111,83,181,82,192,139,33,13,172,195,40,37,15,35,88,145,189,194,31,171,116,57,0,113,196,89,5,141,119,74,183,63,51,72,147,65,102,115,14,45,55,155,184,161,80,114,177,169,191,11,104,180,163,170,95,137,90,125,149,32,68,97,100,7,175,179,27,150,136,144,70,168,17,103,105,142,190,188,186,176,42,47,132,166,123,44];False
2427;8295;10722;[4,67,193,48,10,1,91,129,8,84,122,73,174,135,21,99,16,77,112,71,56,18,62,120,24,197,26,9,143,20,3,2,121,160,92,49,130,22,38,34,124,94,75,12,165,153,187,127,39,107,87,76,50,53,93,23,30,134,58,86,69,64,101,151,54,158,199,6,117,98,25,110,81,52,182,28,162,78,60,79,185,148,167,61,41,36,46,131,59,133,96,157,138,178,164,173,66,126,198,159,140,118,109,29,154,156,106,19,108,146,43,128,85,152,111,83,181,82,192,139,33,13,172,195,40,37,15,35,88,145,189,194,31,171,116,57,0,113,196,89,5,141,119,74,183,63,51,72,147,65,102,115,14,45,55,155,184,161,80,114,177,169,191,168,104,180,163,170,95,137,90,125,149,32,68,97,100,7,175,179,27,150,136,144,70,11,17,103,105,142,190,188,186,176,42,47,132,166,123,44];False
2446;8276;10722;[4,67,193,48,10,1,91,129,8,84,122,73,174,135,21,99,16,77,112,71,56,18,62,120,24,197,26,9,143,20,3,2,121,160,92,49,130,22,38,34,124,94,75,12,165,153,187,127,181,107,87,76,50,53,93,23,30,134,58,86,69,64,101,151,54,158,199,6,117,98,25,110,81,52,182,28,162,78,60,79,185,148,167,61,41,36,46,131,59,133,96,157,138,178,164,173,66,126,198,159,140,118,109,29,154,156,106,19,108,146,43,128,85,152,111,83,39,82,192,139,33,13,172,195,40,37,15,35,88,145,189,194,31,171,116,57,0,113,196,89,5,141,119,74,183,63,51,72,147,65,102,115,14,45,55,155,184,161,80,114,177,169,191,11,104,180,163,170,95,137,90,125,149,32,68,97,100,7,175,179,27,150,136,144,70,168,17,103,105,142,190,188,186,176,42,47,132,166,123,44];False
2361;8361;10722;[4,67,193,48,10,1,91,129,8,84,122,73,174,135,21,99,16,77,112,71,56,18,62,120,24,197,26,9,143,20,3,2,121,160,92,49,130,22,38,34,124,94,75,12,165,153,187,127,39,107,87,76,50,53,93,23,106,134,58,86,69,64,101,151,54,158,199,6,117,98,25,110,81,52,182,28,162,78,60,79,185,148,167,61,41,36,46,131,59,133,96,157,138,178,164,173,66,126,198,159,140,118,109,29,154,156,30,19,108,146,43,128,85,152,111,83,181,82,192,139,33,13,172,195,40,37,15,35,88,145,189,194,31,171,116,57,0,113,196,89,5,141,119,74,183,63,51,72,147,65,102,115,14,45,55,155,184,161,80,114,177,169,191,11,104,180,163,170,95,137,90,125,149,32,68,97,100,7,175,179,27,150,136,144,70,168,17,103,105,142,190,188,186,176,42,47,132,166,123,44];False
2469;8253;10722;[4,67,193,48,10,1,91,129,8,84,122,73,174,135,21,99,16,77,112,71,56,18,62,120,24,197,26,9,143,20,3,2,121,160,92,49,130,22,38,34,124,94,75,12,165,153,187,127,39,107,87,76,50,53,93,23,30,134,58,86,69,64,101,151,54,158,199,6,117,98,25,110,81,52,182,28,162,78,60,79,185,148,167,61,41,36,46,131,59,133,96,157,138,178,164,173,66,126,198,159,140,118,109,29,154,156,106,19,108,146,43,128,85,152,111,83,181,82,192,139,33,13,172,195,40,37,15,35,88,145,189,194,31,171,116,57,0,113,196,89,5,141,119,74,183,63,51,72,190,65,102,115,14,45,55,155,184,161,80,114,177,169,191,11,104,180,163,170,95,137,90,125,149,32,68,97,100,7,175,179,27,150,136,144,70,168,17,103,105,142,147,188,186,176,42,47,132,166,123,44];False
2470;8252;10722;[4,67,193,48,10,1,91,129,8,84,122,73,174,135,21,99,16,77,112,71,56,18,62,120,24,197,26,9,51,20,3,2,121,160,92,49,130,22,38,34,124,94,75,12,165,153,187,127,39,107,87,76,50,53,93,23,30,134,58,86,69,64,101,151,54,158,199,6,117,98,25,110,81,52,182,28,162,78,60,79,185,148,167,61,41,36,46,131,59,133,96,157,138,178,164,173,66,126,198,159,140,118,109,29,154,156,106,19,108,146,43,128,85,152,111,83,181,82,192,139,33,13,172,195,40,37,15,35,88,145,189,194,31,171,116,57,0,113,196,89,5,141,119,74,183,63,143,72,147,65,102,115,14,45,55,155,184,161,80,114,177,169,191,11,104,180,163,170,95,137,90,125,149,32,68,97,100,7,175,179,27,150,136,144,70,168,17,103,105,142,190,188,186,176,42,47,132,166,123,44];False
2404;8318;10722;[4,67,193,48,10,1,91,129,8,84,122,73,174,135,21,99,16,77,112,71,56,18,62,120,24,197,26,9,143,20,3,2,121,160,92,49,130,22,38,34,124,94,183,12,165,153,187,127,39,107,87,76,50,53,93,23,30,134,58,86,69,64,101,151,54,158,199,6,117,98,25,110,81,52,182,28,162,78,60,79,185,148,167,61,41,36,46,131,59,133,96,157,138,178,164,173,66,126,198,159,140,118,109,29,154,156,106,19,108,146,43,128,85,152,111,83,181,82,192,139,33,13,172,195,40,37,15,35,88,145,189,194,31,171,116,57,0,113,196,89,5,141,119,74,75,63,51,72,147,65,102,115,14,45,55,155,184,161,80,114,177,169,191,11,104,180,163,170,95,137,90,125,149,32,68,97,100,7,175,179,27,150,136,144,70,168,17,103,105,142,190,188,186,176,42,47,132,166,123,44];False
2473;8249;10722;[4,67,193,48,10,1,91,129,8,84,122,73,174,135,21,99,16,77,120,71,56,18,62,112,24,197,26,9,143,20,3,2,121,160,92,49,130,22,38,34,124,94,75,12,165,153,187,127,39,107,87,76,50,53,93,23,30,134,58,86,69,64,101,151,54,158,199,6,117,98,25,110,81,52,182,28,162,78,60,79,185,148,167,61,41,36,46,131,59,133,96,157,138,178,164,173,66,126,198,159,140,118,109,29,154,156,106,19,108,146,43,128,85,152,111,83,181,82,192,139,33,13,172,195,40,37,15,35,88,145,189,194,31,171,116,57,0,113,196,89,5,141,119,74,183,63,51,72,147,65,102,115,14,45,55,155,184,161,80,114,177,169,191,11,104,180,163,170,95,137,90,125,149,32,68,97,100,7,175,179,27,150,136,144,70,168,17,103,105,142,190,188,186,176,42,47,132,166,123,44];False
2389;8333;10722;[4,67,193,48,10,1,91,129,8,84,122,73,174,135,21,99,16,77,112,71,56,18,62,120,24,197,26,9,143,20,3,2,121,160,92,49,130,22,38,34,124,94,75,12,165,153,187,127,39,107,87,76,50,53,93,23,30,134,58,86,69,64,101,151,54,158,199,6,117,98,25,110,81,52,182,28,162,78,60,79,185,180,167,61,41,36,46,131,59,133,96,157,138,178,164,173,66,126,198,159,140,118,109,29,154,156,106,19,108,146,43,128,85,152,111,83,181,82,192,139,33,13,172,195,40,37,15,35,88,145,189,194,31,171,116,57,0,113,196,89,5,141,119,74,183,63,51,72,147,65,102,115,14,45,55,155,184,161,80,114,177,169,191,11,104,148,163,170,95,137,90,125,149,32,68,97,100,7,175,179,27,150,136,144,70,168,17,103,105,142,190,188,186,176,42,47,132,166,123,44];False
2433;8289;10722;[4,67,193,48,10,1,91,129,8,84,122,73,174,135,21,99,16,77,112,71,56,18,62,120,24,197,26,9,143,20,3,2,121,160,92,49,130,22,52,34,124,94,75,12,165,153,187,127,39,107,87,76,50,53,93,23,30,134,58,86,69,64,101,151,54,158,199,6,117,98,25,110,81,38,182,28,162,78,60,79,185,148,167,61,41,36,46,131,59,133,96,157,138,178,164,173,66,126,198,159,140,118,109,29,154,156,106,19,108,146,43,128,85,152,111,83,181,82,192,139,33,13,172,195,40,37,15,35,88,145,189,194,31,171,116,57,0,113,196,89,5,141,119,74,183,63,51,72,147,65,102,115,14,45,55,155,184,161,80,114,177,169,191,11,104,180,163,170,95,137,90,125,149,32,68,97,100,7,175,179,27,150,136,144,70,168,17,103,105,142,190,188,186,176,42,47,132,166,123,44];False
2411;8310;10721;[4,67,193,48,10,1,91,129,8,84,122,73,174,135,21,99,16,77,183,71,56,18,62,120,24,197,26,9,143,20,3,2,121,160,92,49,130,22,38,34,124,94,75,12,165,153,187,127,39,107,87,76,50,53,93,23,30,134,58,86,69,64,101,151,54,158,199,6,117,98,25,110,81,52,182,28,162,78,60,79,185,148,167,61,41,36,46,131,59,133,96,157,138,178,164,173,66,126,198,159,140,118,109,29,154,156,106,19,108,146,43,128,85,152,111,83,181,82,192,139,33,13,172,195,40,37,15,35,88,145,189,194,31,171,116,57,0,113,196,89,5,141,119,74,112,63,51,72,147,65,102,115,14,45,55,155,184,161,80,114,177,169,191,11,104,180,163,170,95,137,90,125,149,32,68,97,100,7,175,179,27,150,136,144,70,168,17,103,105,142,190,188,186,176,42,47,132,166,123,44];False
2417;8304;10721;[4,67,193,48,10,1,91,129,8,84,122,73,174,135,21,99,16,77,112,71,56,18,62,120,24,197,26,9,143,20,3,2,121,160,92,49,130,22,38,34,124,94,105,12,165,153,187,127,39,107,87,76,50,53,93,23,30,134,58,86,69,64,101,151,54,158,199,6,117,98,25,110,81,52,182,28,162,78,60,79,185,148,167,61,41,36,46,131,59,133,96,157,138,178,164,173,66,126,198,159,140,118,109,29,154,156,106,19,108,146,43,128,85,152,111,83,181,82,192,139,33,13,172,195,40,37,15,35,88,145,189,194,31,171,116,57,0,113,196,89,5,141,119,74,183,63,51,72,147,65,102,115,14,45,55,155,184,161,80,114,177,169,191,11,104,180,163,170,95,137,90,125,149,32,68,97,100,7,175,179,27,150,136,144,70,168,17,103,75,142,190,188,186,176,42,47,132,166,123,44];False
2410;8311;10721;[4,67,193,48,10,1,91,129,8,84,122,73,174,135,21,99,16,77,112,71,56,18,62,120,24,197,26,9,143,20,3,2,121,160,92,49,130,22,38,34,124,94,75,12,168,153,187,127,39,107,87,76,50,53,93,23,30,134,58,86,69,64,101,151,54,158,199,6,117,98,25,110,81,52,182,28,162,78,60,79,185,148,167,61,41,36,46,131,59,133,96,157,138,178,164,173,66,126,198,159,140,118,109,29,154,156,106,19,108,146,43,128,85,152,111,83,181,82,192,139,33,13,172,195,40,37,15,35,88,145,189,194,31,171,116,57,0,113,196,89,5,141,119,74,183,63,51,72,147,65,102,115,14,45,55,155,184,161,80,114,177,169,191,11,104,180,163,170,95,137,90,125,149,32,68,97,100,7,175,179,27,150,136,144,70,165,17,103,105,142,190,188,186,176,42,47,132,166,123,44];False
2418;8303;10721;[4,67,193,48,10,1,91,129,8,84,122,73,174,135,21,99,16,77,112,71,56,18,62,120,24,197,26,9,143,20,3,2,121,160,92,49,130,22,38,34,124,94,75,12,165,153,187,127,39,107,87,76,50,53,93,23,30,134,58,86,69,64,196,151,54,158,199,6,117,98,25,110,81,52,182,28,162,78,60,79,185,148,167,61,41,36,46,131,59,133,96,157,138,178,164,173,66,126,198,159,140,118,109,29,154,156,106,19,108,146,43,128,85,152,111,83,181,82,192,139,33,13,172,195,40,37,15,35,88,145,189,194,31,171,116,57,0,113,101,89,5,141,119,74,183,63,51,72,147,65,102,115,14,45,55,155,184,161,80,114,177,169,191,11,104,180,163,170,95,137,90,125,149,32,68,97,100,7,175,179,27,150,136,144,70,168,17,103,105,142,190,188,186,176,42,47,132,166,123,44];False
2394;8327;10721;[4,67,193,48,10,1,91,129,8,84,122,62,174,135,21,99,16,77,112,71,56,18,73,120,24,197,26,9,143,20,3,2,121,160,92,49,130,22,38,34,124,94,75,12,165,153,187,127,39,107,87,76,50,53,93,23,30,134,58,86,69,64,101,151,54,158,199,6,117,98,25,110,81,52,182,28,162,78,60,79,185,148,167,61,41,36,46,131,59,133,96,157,138,178,164,173,66,126,198,159,140,118,109,29,154,156,106,19,108,146,43,128,85,152,111,83,181,82,192,139,33,13,172,195,40,37,15,35,88,145,189,194,31,171,116,57,0,113,196,89,5,141,119,74,183,63,51,72,147,65,102,115,14,45,55,155,184,161,80,114,177,169,191,11,104,180,163,170,95,137,90,125,149,32,68,97,100,7,175,179,27,150,136,144,70,168,17,103,105,142,190,188,186,176,42,47,132,166,123,44];False
2420;8301;10721;[4,67,193,48,10,1,91,129,8,84,122,73,174,135,21,99,16,77,112,71,56,18,62,120,24,197,26,9,143,20,3,2,121,160,92,49,130,22,38,34,124,94,75,12,165,153,187,127,39,107,87,76,50,53,93,23,30,134,58,86,69,64,101,151,54,158,199,6,117,98,25,110,81,52,182,28,162,78,60,79,185,148,167,61,41,36,46,131,59,133,96,157,138,178,164,173,66,126,198,159,140,118,109,29,154,156,106,80,108,146,43,128,85,152,111,83,181,82,192,139,33,13,172,195,40,37,15,35,88,145,189,194,31,171,116,57,0,113,196,89,5,141,119,74,183,63,51,72,147,65,102,115,14,45,55,155,184,161,19,114,177,169,191,11,104,180,163,170,95,137,90,125,149,32,68,97,100,7,175,179,27,150,136,144,70,168,17,103,105,142,190,188,186,176,42,47,132,166,123,44];False
2425;8296;10721;[4,67,193,48,10,1,91,129,8,84,122,73,174,135,21,99,16,77,112,71,56,18,62,120,24,197,26,9,143,20,3,2,121,160,92,49,130,22,38,34,124,94,75,12,165,153,187,127,39,107,87,76,50,53,93,23,30,134,58,86,69,64,101,151,54,158,199,6,117,98,25,110,81,52,182,28,162,78,60,79,185,148,167,61,41,36,46,131,59,133,96,157,138,178,164,173,66,126,198,159,140,118,109,29,154,156,106,19,108,146,43,128,85,152,111,83,181,82,192,139,33,13,172,195,40,37,15,35,88,145,189,194,31,171,116,57,0,113,196,89,5,141,119,74,183,63,51,72,147,65,102,115,14,45,55,155,184,161,80,114,177,169,191,11,104,180,163,170,95,137,90,125,149,32,42,97,100,7,175,179,27,150,136,144,70,168,17,103,105,142,190,188,186,176,68,47,132,166,123,44];False
2451;8270;10721;[4,67,193,48,10,1,91,129,8,84,122,73,174,135,21,99,16,77,112,71,56,18,62,120,24,197,26,9,143,20,3,2,121,160,92,49,130,22,38,34,124,94,75,12,165,153,187,127,39,107,87,76,50,53,93,23,30,134,58,86,69,64,101,151,54,158,199,6,117,98,25,110,81,52,182,28,162,78,60,79,185,148,167,61,41,36,46,131,59,133,96,157,138,178,164,173,66,126,198,159,140,118,109,29,154,156,106,19,108,146,43,128,85,152,111,83,181,82,95,139,33,13,172,195,40,37,15,35,88,145,189,194,31,171,116,57,0,113,196,89,5,141,119,74,183,63,51,72,147,65,102,115,14,45,55,155,184,161,80,114,177,169,191,11,104,180,163,170,192,137,90,125,149,32,68,97,100,7,175,179,27,150,136,144,70,168,17,103,105,142,190,188,186,176,42,47,132,166,123,44];False
2451;8269;10720;[4,67,193,48,10,1,91,129,8,84,122,73,174,135,21,99,16,77,112,71,56,18,62,120,24,197,26,9,143,20,3,2,121,160,92,49,130,22,38,34,124,94,75,12,165,153,187,127,39,107,87,76,50,53,93,23,30,134,58,86,69,64,101,151,54,158,199,6,117,98,25,110,81,52,182,28,162,78,60,79,185,148,167,61,41,36,46,131,59,133,96,157,138,178,164,173,66,126,198,159,140,118,109,29,154,156,106,19,108,146,43,128,85,152,111,83,181,82,192,139,33,13,172,195,40,37,15,35,88,145,189,194,31,171,116,57,0,113,196,89,5,141,119,74,183,63,51,72,147,65,102,115,14,45,55,155,184,161,80,114,177,169,191,11,104,180,163,170,95,137,90,125,149,32,150,97,100,7,175,179,27,68,136,144,70,168,17,103,105,142,190,188,186,176,42,47,132,166,123,44];False
2371;8349;10720;[4,67,193,48,10,1,91,129,8,84,122,73,174,135,21,99,16,77,112,71,56,18,62,120,24,197,26,9,143,20,3,2,121,160,92,49,130,22,38,34,124,94,75,12,165,153,187,127,39,107,87,76,50,53,93,23,30,134,58,86,69,64,101,151,54,158,199,6,117,98,25,110,81,52,182,28,162,78,60,79,185,148,167,61,41,36,46,131,59,133,96,157,138,178,164,173,66,126,198,159,140,47,109,29,154,156,106,19,108,146,43,128,85,152,111,83,181,82,192,139,33,13,172,195,40,37,15,35,88,145,189,194,31,171,116,57,0,113,196,89,5,141,119,74,183,63,51,72,147,65,102,115,14,45,55,155,184,161,80,114,177,169,191,11,104,180,163,170,95,137,90,125,149,32,68,97,100,7,175,179,27,150,136,144,70,168,17,103,105,142,190,188,186,176,42,118,132,166,123,44];False
2473;8247;10720;[4,67,193,48,10,1,91,129,8,84,122,73,174,65,21,99,16,77,112,71,56,18,62,120,24,197,26,9,143,20,3,2,121,160,92,49,130,22,38,34,124,94,75,12,165,153,187,127,39,107,87,76,50,53,93,23,30,134,58,86,69,64,101,151,54,158,199,6,117,98,25,110,81,52,182,28,162,78,60,79,185,148,167,61,41,36,46,131,59,133,96,157,138,178,164,173,66,126,198,159,140,118,109,29,154,156,106,19,108,146,43,128,85,152,111,83,181,82,192,139,33,13,172,195,40,37,15,35,88,145,189,194,31,171,116,57,0,113,196,89,5,141,119,74,183,63,51,72,147,135,102,115,14,45,55,155,184,161,80,114,177,169,191,11,104,180,163,170,95,137,90,125,149,32,68,97,100,7,175,179,27,150,136,144,70,168,17,103,105,142,190,188,186,176,42,47,132,166,123,44];False
2371;8349;10720;[4,67,193,48,10,1,91,129,8,84,122,73,174,135,21,99,16,77,112,71,56,18,62,120,24,197,26,9,143,20,3,2,121,160,92,49,130,22,38,34,124,94,75,12,165,153,187,155,39,107,87,76,50,53,93,23,30,134,58,86,69,64,101,151,54,158,199,6,117,98,25,110,81,52,182,28,162,78,60,79,185,148,167,61,41,36,46,131,59,133,96,157,138,178,164,173,66,126,198,159,140,118,109,29,154,156,106,19,108,146,43,128,85,152,111,83,181,82,192,139,33,13,172,195,40,37,15,35,88,145,189,194,31,171,116,57,0,113,196,89,5,141,119,74,183,63,51,72,147,65,102,115,14,45,55,127,184,161,80,114,177,169,191,11,104,180,163,170,95,137,90,125,149,32,68,97,100,7,175,179,27,150,136,144,70,168,17,103,105,142,190,188,186,176,42,47,132,166,123,44];False
2443;8277;10720;[4,67,193,48,10,1,91,129,8,84,122,73,174,135,21,99,16,77,112,71,56,20,62,120,24,197,26,9,143,18,3,2,121,160,92,49,130,22,38,34,124,94,75,12,165,153,187,127,39,107,87,76,50,53,93,23,30,134,58,86,69,64,101,151,54,158,199,6,117,98,25,110,81,52,182,28,162,78,60,79,185,148,167,61,41,36,46,131,59,133,96,157,138,178,164,173,66,126,198,159,140,118,109,29,154,156,106,19,108,146,43,128,85,152,111,83,181,82,192,139,33,13,172,195,40,37,15,35,88,145,189,194,31,171,116,57,0,113,196,89,5,141,119,74,183,63,51,72,147,65,102,115,14,45,55,155,184,161,80,114,177,169,191,11,104,180,163,170,95,137,90,125,149,32,68,97,100,7,175,179,27,150,136,144,70,168,17,103,105,142,190,188,186,176,42,47,132,166,123,44];False
2419;8301;10720;[4,67,193,48,10,1,91,129,8,84,122,73,174,135,21,99,16,77,112,71,56,18,62,120,24,197,26,9,143,20,3,2,121,160,92,49,130,22,38,34,124,94,75,12,165,153,187,127,39,107,87,76,50,53,93,23,30,134,58,86,69,64,101,151,54,158,199,6,117,98,25,110,81,52,182,28,162,78,60,79,185,148,167,61,41,36,46,131,59,133,96,157,138,178,164,173,66,126,198,159,140,118,109,29,154,156,106,19,108,146,43,128,85,152,111,83,181,82,192,139,33,13,172,195,40,37,15,35,88,145,189,194,31,171,116,57,0,113,196,89,5,141,119,74,183,63,51,72,147,65,102,115,14,45,55,155,184,161,80,114,177,169,191,11,104,180,27,170,95,137,90,125,149,32,68,97,100,7,175,179,163,150,136,144,70,168,17,103,105,142,190,188,186,176,42,47,132,166,123,44];False
2377;8343;10720;[4,67,193,48,10,1,91,129,8,84,122,73,174,135,21,99,16,77,112,71,56,18,62,120,24,197,26,9,143,20,3,2,121,160,92,49,130,22,38,34,124,94,75,12,165,153,187,53,39,107,87,76,50,127,93,23,30,134,58,86,69,64,101,151,54,158,199,6,117,98,25,110,81,52,182,28,162,78,60,79,185,148,167,61,41,36,46,131,59,133,96,157,138,178,164,173,66,126,198,159,140,118,109,29,154,156,106,19,108,146,43,128,85,152,111,83,181,82,192,139,33,13,172,195,40,37,15,35,88,145,189,194,31,171,116,57,0,113,196,89,5,141,119,74,183,63,51,72,147,65,102,115,14,45,55,155,184,161,80,114,177,169,191,11,104,180,163,170,95,137,90,125,149,32,68,97,100,7,175,179,27,150,136,144,70,168,17,103,105,142,190,188,186,176,42,47,132,166,123,44];False
2432;8288;10720;[4,67,193,48,10,1,91,129,8,84,122,73,174,135,21,99,16,9,112,71,56,18,62,120,24,197,26,77,143,20,3,2,121,160,92,49,130,22,38,34,124,94,75,12,165,153,187,127,39,107,87,76,50,53,93,23,30,134,58,86,69,64,101,151,54,158,199,6,117,98,25,110,81,52,182,28,162,78,60,79,185,148,167,61,41,36,46,131,59,133,96,157,138,178,164,173,66,126,198,159,140,118,109,29,154,156,106,19,108,146,43,128,85,152,111,83,181,82,192,139,33,13,172,195,40,37,15,35,88,145,189,194,31,171,116,57,0,113,196,89,5,141,119,74,183,63,51,72,147,65,102,115,14,45,55,155,184,161,80,114,177,169,191,11,104,180,163,170,95,137,90,125,149,32,68,97,100,7,175,179,27,150,136,144,70,168,17,103,105,142,190,188,186,176,42,47,132,166,123,44];False
2465;8255;10720;[4,67,193,48,10,1,91,129,8,84,122,73,174,135,21,99,16,77,112,71,56,18,62,120,24,197,26,9,143,20,3,2,121,160,92,49,130,22,38,34,124,94,75,12,165,153,187,127,39,107,87,76,50,53,93,23,30,134,58,86,69,64,101,151,54,158,199,6,117,98,25,110,81,52,182,28,162,78,60,79,185,148,167,61,41,36,46,131,59,133,96,157,138,178,164,173,66,126,198,159,140,118,109,29,154,156,106,19,108,146,43,128,85,152,111,83,181,82,192,139,33,13,172,195,40,37,15,35,88,145,189,194,31,171,116,57,0,113,196,89,5,141,119,74,183,63,51,72,147,65,102,115,14,45,55,155,184,161,80,114,177,169,191,175,104,180,163,170,95,137,90,125,149,32,68,97,100,7,11,179,27,150,136,144,70,168,17,103,105,142,190,188,186,176,42,47,132,166,123,44];False
2458;8262;10720;[4,67,193,48,10,1,91,129,8,84,122,73,174,135,21,99,16,77,112,71,56,18,62,120,24,197,26,9,143,20,3,2,121,160,92,49,130,22,38,34,124,94,75,12,165,153,187,127,39,107,87,76,50,53,93,23,30,134,58,86,69,179,101,151,54,158,199,6,117,98,25,110,81,52,182,28,162,78,60,79,185,148,167,61,41,36,46,131,59,133,96,157,138,178,164,173,66,126,198,159,140,118,109,29,154,156,106,19,108,146,43,128,85,152,111,83,181,82,192,139,33,13,172,195,40,37,15,35,88,145,189,194,31,171,116,57,0,113,196,89,5,141,119,74,183,63,51,72,147,65,102,115,14,45,55,155,184,161,80,114,177,169,191,11,104,180,163,170,95,137,90,125,149,32,68,97,100,7,175,64,27,150,136,144,70,168,17,103,105,142,190,188,186,176,42,47,132,166,123,44];False
2418;8302;10720;[4,67,193,48,10,1,91,129,8,84,122,73,174,135,21,99,16,77,112,71,56,18,62,120,24,197,26,9,143,20,3,2,121,160,92,49,130,22,38,34,124,94,75,12,165,153,187,127,39,107,87,76,50,53,93,23,45,134,58,86,69,64,101,151,54,158,199,6,117,98,25,110,81,52,182,28,162,78,60,79,185,148,167,61,41,36,46,131,59,133,96,157,138,178,164,173,66,126,198,159,140,118,109,29,154,156,106,19,108,146,43,128,85,152,111,83,181,82,192,139,33,13,172,195,40,37,15,35,88,145,189,194,31,171,116,57,0,113,196,89,5,141,119,74,183,63,51,72,147,65,102,115,14,30,55,155,184,161,80,114,177,169,191,11,104,180,163,170,95,137,90,125,149,32,68,97,100,7,175,179,27,150,136,144,70,168,17,103,105,142,190,188,186,176,42,47,132,166,123,44];False
2392;8328;10720;[4,67,193,48,10,1,91,129,8,84,122,73,174,135,21,99,16,77,112,71,56,18,62,120,24,197,26,9,143,20,3,2,114,160,92,49,130,22,38,34,124,94,75,12,165,153,187,127,39,107,87,76,50,53,93,23,30,134,58,86,69,64,101,151,54,158,199,6,117,98,25,110,81,52,182,28,162,78,60,79,185,148,167,61,41,36,46,131,59,133,96,157,138,178,164,173,66,126,198,159,140,118,109,29,154,156,106,19,108,146,43,128,85,152,111,83,181,82,192,139,33,13,172,195,40,37,15,35,88,145,189,194,31,171,116,57,0,113,196,89,5,141,119,74,183,63,51,72,147,65,102,115,14,45,55,155,184,161,80,121,177,169,191,11,104,180,163,170,95,137,90,125,149,32,68,97,100,7,175,179,27,150,136,144,70,168,17,103,105,142,190,188,186,176,42,47,132,166,123,44];False
2415;8305;10720;[4,67,193,48,10,1,91,129,8,84,122,73,174,135,21,99,113,77,112,71,56,18,62,120,24,197,26,9,143,20,3,2,121,160,92,49,130,22,38,34,124,94,75,12,165,153,187,127,39,107,87,76,50,53,93,23,30,134,58,86,69,64,101,151,54,158,199,6,117,98,25,110,81,52,182,28,162,78,60,79,185,148,167,61,41,36,46,131,59,133,96,157,138,178,164,173,66,126,198,159,140,118,109,29,154,156,106,19,108,146,43,128,85,152,111,83,181,82,192,139,33,13,172,195,40,37,15,35,88,145,189,194,31,171,116,57,0,16,196,89,5,141,119,74,183,63,51,72,147,65,102,115,14,45,55,155,184,161,80,114,177,169,191,11,104,180,163,170,95,137,90,125,149,32,68,97,100,7,175,179,27,150,136,144,70,168,17,103,105,142,190,188,186,176,42,47,132,166,123,44];False
2444;8276;10720;[4,67,193,48,10,1,91,129,8,84,122,73,174,135,20,99,16,77,112,71,56,18,62,120,24,197,26,9,143,21,3,2,121,160,92,49,130,22,38,34,124,94,75,12,165,153,187,127,39,107,87,76,50,53,93,23,30,134,58,86,69,64,101,151,54,158,199,6,117,98,25,110,81,52,182,28,162,78,60,79,185,148,167,61,41,36,46,131,59,133,96,157,138,178,164,173,66,126,198,159,140,118,109,29,154,156,106,19,108,146,43,128,85,152,111,83,181,82,192,139,33,13,172,195,40,37,15,35,88,145,189,194,31,171,116,57,0,113,196,89,5,141,119,74,183,63,51,72,147,65,102,115,14,45,55,155,184,161,80,114,177,169,191,11,104,180,163,170,95,137,90,125,149,32,68,97,100,7,175,179,27,150,136,144,70,168,17,103,105,142,190,188,186,176,42,47,132,166,123,44];False
2441;8279;10720;[4,67,193,48,10,1,91,129,8,84,122,73,174,135,21,99,49,77,112,71,56,18,62,120,24,197,26,9,143,20,3,2,121,160,92,16,130,22,38,34,124,94,75,12,165,153,187,127,39,107,87,76,50,53,93,23,30,134,58,86,69,64,101,151,54,158,199,6,117,98,25,110,81,52,182,28,162,78,60,79,185,148,167,61,41,36,46,131,59,133,96,157,138,178,164,173,66,126,198,159,140,118,109,29,154,156,106,19,108,146,43,128,85,152,111,83,181,82,192,139,33,13,172,195,40,37,15,35,88,145,189,194,31,171,116,57,0,113,196,89,5,141,119,74,183,63,51,72,147,65,102,115,14,45,55,155,184,161,80,114,177,169,191,11,104,180,163,170,95,137,90,125,149,32,68,97,100,7,175,179,27,150,136,144,70,168,17,103,105,142,190,188,186,176,42,47,132,166,123,44];False
2429;8291;10720;[4,67,193,48,10,1,91,129,8,84,122,73,174,135,21,99,16,77,112,71,56,18,62,120,24,197,26,9,143,20,3,2,121,160,92,49,130,22,38,34,124,94,75,12,165,153,187,127,39,107,87,76,50,53,93,23,30,134,58,86,69,64,101,151,54,158,199,6,117,98,25,110,81,65,182,28,162,78,60,79,185,148,167,61,41,36,46,131,59,133,96,157,138,178,164,173,66,126,198,159,140,118,109,29,154,156,106,19,108,146,43,128,85,152,111,83,181,82,192,139,33,13,172,195,40,37,15,35,88,145,189,194,31,171,116,57,0,113,196,89,5,141,119,74,183,63,51,72,147,52,102,115,14,45,55,155,184,161,80,114,177,169,191,11,104,180,163,170,95,137,90,125,149,32,68,97,100,7,175,179,27,150,136,144,70,168,17,103,105,142,190,188,186,176,42,47,132,166,123,44];False
2465;8254;10719;[4,67,193,48,10,1,91,129,8,84,122,73,174,135,21,99,16,77,112,71,56,18,62,120,24,197,26,9,143,20,3,2,121,160,92,49,130,22,38,34,124,94,75,12,165,153,187,127,39,107,87,76,50,53,93,23,30,134,58,86,69,64,101,151,54,158,199,6,117,98,25,110,81,52,182,28,162,78,60,79,185,148,167,61,41,36,46,131,59,133,96,157,37,178,164,173,66,126,198,159,140,118,109,29,154,156,106,19,108,146,43,128,85,152,111,83,181,82,192,139,33,13,172,195,40,138,15,35,88,145,189,194,31,171,116,57,0,113,196,89,5,141,119,74,183,63,51,72,147,65,102,115,14,45,55,155,184,161,80,114,177,169,191,11,104,180,163,170,95,137,90,125,149,32,68,97,100,7,175,179,27,150,136,144,70,168,17,103,105,142,190,188,186,176,42,47,132,166,123,44];False
2392;8327;10719;[4,67,193,48,10,1,91,129,8,84,122,73,174,135,21,99,16,77,112,71,56,18,62,120,24,197,26,9,143,20,3,2,121,160,92,49,130,22,38,34,124,94,75,12,165,153,187,127,39,107,87,76,50,53,93,23,30,134,58,86,69,64,101,151,54,158,199,6,117,98,25,110,81,52,182,28,162,78,60,79,185,148,167,61,41,36,46,131,59,133,96,157,128,178,164,173,66,126,198,159,140,118,109,29,154,156,106,19,108,146,43,138,85,152,111,83,181,82,192,139,33,13,172,195,40,37,15,35,88,145,189,194,31,171,116,57,0,113,196,89,5,141,119,74,183,63,51,72,147,65,102,115,14,45,55,155,184,161,80,114,177,169,191,11,104,180,163,170,95,137,90,125,149,32,68,97,100,7,175,179,27,150,136,144,70,168,17,103,105,142,190,188,186,176,42,47,132,166,123,44];False
2434;8285;10719;[33,67,193,48,10,1,91,129,8,84,122,73,174,135,21,99,16,77,112,71,56,18,62,120,24,197,26,9,143,20,3,2,121,160,92,49,130,22,38,34,124,94,75,12,165,153,187,127,39,107,87,76,50,53,93,23,30,134,58,86,69,64,101,151,54,158,199,6,117,98,25,110,81,52,182,28,162,78,60,79,185,148,167,61,41,36,46,131,59,133,96,157,138,178,164,173,66,126,198,159,140,118,109,29,154,156,106,19,108,146,43,128,85,152,111,83,181,82,192,139,4,13,172,195,40,37,15,35,88,145,189,194,31,171,116,57,0,113,196,89,5,141,119,74,183,63,51,72,147,65,102,115,14,45,55,155,184,161,80,114,177,169,191,11,104,180,163,170,95,137,90,125,149,32,68,97,100,7,175,179,27,150,136,144,70,168,17,103,105,142,190,188,186,176,42,47,132,166,123,44];False
2476;8243;10719;[4,67,193,48,10,1,91,129,8,84,122,73,174,135,21,99,16,77,112,71,56,18,62,120,24,197,26,9,143,20,3,2,121,160,92,49,130,22,38,34,124,94,75,12,165,153,187,127,39,107,87,76,50,53,93,23,30,134,58,86,69,64,101,151,54,158,199,6,117,98,25,110,81,52,182,28,162,78,60,79,185,148,167,61,41,36,46,131,59,133,32,157,138,178,164,173,66,126,198,159,140,118,109,29,154,156,106,19,108,146,43,128,85,152,111,83,181,82,192,139,33,13,172,195,40,37,15,35,88,145,189,194,31,171,116,57,0,113,196,89,5,141,119,74,183,63,51,72,147,65,102,115,14,45,55,155,184,161,80,114,177,169,191,11,104,180,163,170,95,137,90,125,149,96,68,97,100,7,175,179,27,150,136,144,70,168,17,103,105,142,190,188,186,176,42,47,132,166,123,44];False
2382;8337;10719;[4,67,193,48,10,1,91,129,8,84,122,73,174,135,21,99,16,77,112,71,56,18,62,120,24,197,26,9,143,20,3,2,121,160,92,49,130,22,38,34,124,94,75,12,165,153,187,127,39,107,87,76,50,53,93,23,30,134,58,86,69,64,101,151,54,158,199,6,117,98,25,110,81,52,182,28,162,78,60,79,185,148,167,61,41,36,46,131,59,51,96,157,138,178,164,173,66,126,198,159,140,118,109,29,154,156,106,19,108,146,43,128,85,152,111,83,181,82,192,139,33,13,172,195,40,37,15,35,88,145,189,194,31,171,116,57,0,113,196,89,5,141,119,74,183,63,133,72,147,65,102,115,14,45,55,155,184,161,80,114,177,169,191,11,104,180,163,170,95,137,90,125,149,32,68,97,100,7,175,179,27,150,136,144,70,168,17,103,105,142,190,188,186,176,42,47,132,166,123,44];False
2413;8306;10719;[4,67,193,48,10,1,91,129,8,84,122,73,174,135,21,99,16,77,112,71,56,18,62,120,24,197,26,9,143,20,3,2,121,160,92,49,130,22,38,34,124,94,75,12,165,153,187,127,39,107,87,76,50,53,93,23,30,134,58,86,69,64,101,151,54,158,199,6,117,98,25,110,81,52,182,28,162,78,60,79,185,148,167,61,41,36,46,131,59,133,96,157,138,178,164,173,66,126,198,159,140,195,109,29,154,156,106,19,108,146,43,128,85,152,111,83,181,82,192,139,33,13,172,118,40,37,15,35,88,145,189,194,31,171,116,57,0,113,196,89,5,141,119,74,183,63,51,72,147,65,102,115,14,45,55,155,184,161,80,114,177,169,191,11,104,180,163,170,95,137,90,125,149,32,68,97,100,7,175,179,27,150,136,144,70,168,17,103,105,142,190,188,186,176,42,47,132,166,123,44];False
2441;8278;10719;[4,67,193,48,10,1,91,129,8,84,122,73,174,135,21,99,16,77,112,71,56,18,62,120,24,197,26,9,143,20,3,2,121,160,92,49,130,22,38,34,124,94,75,12,165,153,187,127,39,107,87,76,50,53,93,23,30,134,58,86,69,64,101,151,54,158,199,6,117,98,25,110,81,52,182,28,162,78,60,79,185,148,167,61,41,36,46,131,59,133,96,157,138,178,164,163,66,126,198,159,140,118,109,29,154,156,106,19,108,146,43,128,85,152,111,83,181,82,192,139,33,13,172,195,40,37,15,35,88,145,189,194,31,171,116,57,0,113,196,89,5,141,119,74,183,63,51,72,147,65,102,115,14,45,55,155,184,161,80,114,177,169,191,11,104,180,173,170,95,137,90,125,149,32,68,97,100,7,175,179,27,150,136,144,70,168,17,103,105,142,190,188,186,176,42,47,132,166,123,44];False
2417;8302;10719;[4,67,193,48,10,1,91,129,8,84,122,73,174,135,21,99,16,77,112,71,56,18,62,120,24,197,26,9,143,20,3,2,121,160,92,49,130,22,38,34,167,94,75,12,165,153,187,127,39,107,87,76,50,53,93,23,30,134,58,86,69,64,101,151,54,158,199,6,117,98,25,110,81,52,182,28,162,78,60,79,185,148,124,61,41,36,46,131,59,133,96,157,138,178,164,173,66,126,198,159,140,118,109,29,154,156,106,19,108,146,43,128,85,152,111,83,181,82,192,139,33,13,172,195,40,37,15,35,88,145,189,194,31,171,116,57,0,113,196,89,5,141,119,74,183,63,51,72,147,65,102,115,14,45,55,155,184,161,80,114,177,169,191,11,104,180,163,170,95,137,90,125,149,32,68,97,100,7,175,179,27,150,136,144,70,168,17,103,105,142,190,188,186,176,42,47,132,166,123,44];False
2472;8247;10719;[4,67,193,48,10,1,91,129,8,84,122,73,174,135,21,99,16,77,112,71,56,18,62,120,24,197,26,9,143,20,3,2,121,160,92,49,130,22,38,34,124,94,75,12,165,153,187,127,39,107,87,76,50,53,93,23,30,134,58,86,69,64,101,151,54,158,199,6,117,98,25,110,81,52,182,28,162,78,60,79,185,148,167,61,41,36,46,131,59,133,96,157,138,178,164,173,66,126,198,159,140,118,109,29,154,156,106,19,108,146,43,128,85,152,111,83,181,82,192,139,33,13,172,195,40,37,15,149,88,145,189,194,31,171,116,57,0,113,196,89,5,141,119,74,183,63,51,72,147,65,102,115,14,45,55,155,184,161,80,114,177,169,191,11,104,180,163,170,95,137,90,125,35,32,68,97,100,7,175,179,27,150,136,144,70,168,17,103,105,142,190,188,186,176,42,47,132,166,123,44];False
2446;8273;10719;[4,67,193,48,10,1,91,129,8,84,122,73,174,135,21,99,16,77,112,71,56,18,62,120,24,197,26,9,143,20,3,2,121,160,92,49,130,22,38,34,124,94,75,12,165,153,187,127,39,107,87,76,50,53,93,23,30,134,58,86,69,64,101,151,54,158,199,6,117,98,25,110,81,52,182,28,162,78,60,79,185,148,125,61,41,36,46,131,59,133,96,157,138,178,164,173,66,126,198,159,140,118,109,29,154,156,106,19,108,146,43,128,85,152,111,83,181,82,192,139,33,13,172,195,40,37,15,35,88,145,189,194,31,171,116,57,0,113,196,89,5,141,119,74,183,63,51,72,147,65,102,115,14,45,55,155,184,161,80,114,177,169,191,11,104,180,163,170,95,137,90,167,149,32,68,97,100,7,175,179,27,150,136,144,70,168,17,103,105,142,190,188,186,176,42,47,132,166,123,44];False
2430;8289;10719;[4,67,193,48,10,1,91,129,8,84,122,73,174,135,21,99,16,77,112,71,56,18,62,120,24,197,26,9,143,20,3,2,121,160,92,49,130,22,38,34,124,94,75,12,165,153,187,127,39,107,87,76,50,53,93,23,30,134,58,86,69,64,101,151,54,158,199,6,117,98,25,110,81,52,182,28,162,78,60,79,185,148,167,61,41,36,46,131,59,133,96,157,138,178,164,173,66,126,198,159,140,118,109,29,154,156,106,19,108,146,43,128,85,152,111,83,181,82,192,139,33,13,172,195,40,37,15,35,88,145,189,194,31,171,116,57,0,113,196,89,5,141,119,74,183,63,51,72,147,65,102,17,14,45,55,155,184,161,80,114,177,169,191,11,104,180,163,170,95,137,90,125,149,32,68,97,100,7,175,179,27,150,136,144,70,168,115,103,105,142,190,188,186,176,42,47,132,166,123,44];False
2378;8341;10719;[4,67,193,48,10,1,91,129,8,84,122,73,174,135,21,99,16,77,112,71,56,18,62,120,24,197,26,141,143,20,3,2,121,160,92,49,130,22,38,34,124,94,75,12,165,153,187,127,39,107,87,76,50,53,93,23,30,134,58,86,69,64,101,151,54,158,199,6,117,98,25,110,81,52,182,28,162,78,60,79,185,148,167,61,41,36,46,131,59,133,96,157,138,178,164,173,66,126,198,159,140,118,109,29,154,156,106,19,108,146,43,128,85,152,111,83,181,82,192,139,33,13,172,195,40,37,15,35,88,145,189,194,31,171,116,57,0,113,196,89,5,9,119,74,183,63,51,72,147,65,102,115,14,45,55,155,184,161,80,114,177,169,191,11,104,180,163,170,95,137,90,125,149,32,68,97,100,7,175,179,27,150,136,144,70,168,17,103,105,142,190,188,186,176,42,47,132,166,123,44];False
2437;8282;10719;[4,67,193,48,10,1,91,129,8,84,122,73,174,135,21,99,16,77,112,71,56,190,62,120,24,197,26,9,143,20,3,2,121,160,92,49,130,22,38,34,124,94,75,12,165,153,187,127,39,107,87,76,50,53,93,23,30,134,58,86,69,64,101,151,54,158,199,6,117,98,25,110,81,52,182,28,162,78,60,79,185,148,167,61,41,36,46,131,59,133,96,157,138,178,164,173,66,126,198,159,140,118,109,29,154,156,106,19,108,146,43,128,85,152,111,83,181,82,192,139,33,13,172,195,40,37,15,35,88,145,189,194,31,171,116,57,0,113,196,89,5,141,119,74,183,63,51,72,147,65,102,115,14,45,55,155,184,161,80,114,177,169,191,11,104,180,163,170,95,137,90,125,149,32,68,97,100,7,175,179,27,150,136,144,70,168,17,103,105,142,18,188,186,176,42,47,132,166,123,44];False
2422;8296;10718;[4,67,193,48,10,1,91,129,8,84,122,73,174,135,21,99,16,77,112,71,56,18,62,120,24,197,22,9,143,20,3,2,121,160,92,49,130,26,38,34,124,94,75,12,165,153,187,127,39,107,87,76,50,53,93,23,30,134,58,86,69,64,101,151,54,158,199,6,117,98,25,110,81,52,182,28,162,78,60,79,185,148,167,61,41,36,46,131,59,133,96,157,138,178,164,173,66,126,198,159,140,118,109,29,154,156,106,19,108,146,43,128,85,152,111,83,181,82,192,139,33,13,172,195,40,37,15,35,88,145,189,194,31,171,116,57,0,113,196,89,5,141,119,74,183,63,51,72,147,65,102,115,14,45,55,155,184,161,80,114,177,169,191,11,104,180,163,170,95,137,90,125,149,32,68,97,100,7,175,179,27,150,136,144,70,168,17,103,105,142,190,188,186,176,42,47,132,166,123,44];False
2392;8326;10718;[4,67,193,48,10,1,91,129,8,84,122,73,174,135,21,99,16,77,112,71,56,18,62,120,24,197,26,9,143,20,3,2,121,160,92,49,130,22,38,34,124,94,75,12,165,153,187,127,39,107,87,76,50,53,93,23,30,134,58,86,69,64,101,45,54,158,199,6,117,98,25,110,81,52,182,28,162,78,60,79,185,148,167,61,41,36,46,131,59,133,96,157,138,178,164,173,66,126,198,159,140,118,109,29,154,156,106,19,108,146,43,128,85,152,111,83,181,82,192,139,33,13,172,195,40,37,15,35,88,145,189,194,31,171,116,57,0,113,196,89,5,141,119,74,183,63,51,72,147,65,102,115,14,151,55,155,184,161,80,114,177,169,191,11,104,180,163,170,95,137,90,125,149,32,68,97,100,7,175,179,27,150,136,144,70,168,17,103,105,142,190,188,186,176,42,47,132,166,123,44];False
2462;8256;10718;[4,67,193,48,10,1,91,129,8,84,122,73,174,135,21,99,16,77,112,71,56,18,62,120,24,197,26,9,143,20,3,2,121,160,92,49,130,22,38,34,124,94,75,12,165,153,187,127,39,107,87,76,50,53,93,23,32,134,58,86,69,64,101,151,54,158,199,6,117,98,25,110,81,52,182,28,162,78,60,79,185,148,167,61,41,36,46,131,59,133,96,157,138,178,164,173,66,126,198,159,140,118,109,29,154,156,106,19,108,146,43,128,85,152,111,83,181,82,192,139,33,13,172,195,40,37,15,35,88,145,189,194,31,171,116,57,0,113,196,89,5,141,119,74,183,63,51,72,147,65,102,115,14,45,55,155,184,161,80,114,177,169,191,11,104,180,163,170,95,137,90,125,149,30,68,97,100,7,175,179,27,150,136,144,70,168,17,103,105,142,190,188,186,176,42,47,132,166,123,44];False
2388;8330;10718;[4,67,193,48,10,1,91,129,8,84,122,73,174,135,21,99,16,77,112,71,56,18,62,120,24,197,26,9,143,20,3,2,121,160,92,49,130,22,38,34,124,94,75,12,165,153,187,127,39,107,87,76,50,53,93,23,30,134,58,86,69,55,101,151,54,158,199,6,117,98,25,110,81,52,182,28,162,78,60,79,185,148,167,61,41,36,46,131,59,133,96,157,138,178,164,173,66,126,198,159,140,118,109,29,154,156,106,19,108,146,43,128,85,152,111,83,181,82,192,139,33,13,172,195,40,37,15,35,88,145,189,194,31,171,116,57,0,113,196,89,5,141,119,74,183,63,51,72,147,65,102,115,14,45,64,155,184,161,80,114,177,169,191,11,104,180,163,170,95,137,90,125,149,32,68,97,100,7,175,179,27,150,136,144,70,168,17,103,105,142,190,188,186,176,42,47,132,166,123,44];False
2434;8284;10718;[4,67,193,48,10,1,91,129,8,84,122,73,174,135,21,99,16,77,112,71,56,18,62,120,24,197,26,9,143,20,3,2,121,19,92,49,130,22,38,34,124,94,75,12,165,153,187,127,39,107,87,76,50,53,93,23,30,134,58,86,69,64,101,151,54,158,199,6,117,98,25,110,81,52,182,28,162,78,60,79,185,148,167,61,41,36,46,131,59,133,96,157,138,178,164,173,66,126,198,159,140,118,109,29,154,156,106,160,108,146,43,128,85,152,111,83,181,82,192,139,33,13,172,195,40,37,15,35,88,145,189,194,31,171,116,57,0,113,196,89,5,141,119,74,183,63,51,72,147,65,102,115,14,45,55,155,184,161,80,114,177,169,191,11,104,180,163,170,95,137,90,125,149,32,68,97,100,7,175,179,27,150,136,144,70,168,17,103,105,142,190,188,186,176,42,47,132,166,123,44];False
2461;8257;10718;[4,67,193,48,10,1,91,129,8,84,122,73,174,135,21,99,16,77,112,71,56,18,62,120,24,197,26,9,143,20,3,2,121,160,92,49,130,22,38,34,124,94,75,12,165,153,187,127,39,107,87,76,50,53,93,23,30,134,58,86,69,64,101,151,54,158,199,6,117,98,25,110,81,52,182,28,162,78,60,79,185,148,167,61,41,36,46,131,59,133,161,157,138,178,164,173,66,126,198,159,140,118,109,29,154,156,106,19,108,146,43,128,85,152,111,83,181,82,192,139,33,13,172,195,40,37,15,35,88,145,189,194,31,171,116,57,0,113,196,89,5,141,119,74,183,63,51,72,147,65,102,115,14,45,55,155,184,96,80,114,177,169,191,11,104,180,163,170,95,137,90,125,149,32,68,97,100,7,175,179,27,150,136,144,70,168,17,103,105,142,190,188,186,176,42,47,132,166,123,44];False
2454;8264;10718;[4,67,193,48,10,1,187,129,8,84,122,73,174,135,21,99,16,77,112,71,56,18,62,120,24,197,26,9,143,20,3,2,121,160,92,49,130,22,38,34,124,94,75,12,165,153,91,127,39,107,87,76,50,53,93,23,30,134,58,86,69,64,101,151,54,158,199,6,117,98,25,110,81,52,182,28,162,78,60,79,185,148,167,61,41,36,46,131,59,133,96,157,138,178,164,173,66,126,198,159,140,118,109,29,154,156,106,19,108,146,43,128,85,152,111,83,181,82,192,139,33,13,172,195,40,37,15,35,88,145,189,194,31,171,116,57,0,113,196,89,5,141,119,74,183,63,51,72,147,65,102,115,14,45,55,155,184,161,80,114,177,169,191,11,104,180,163,170,95,137,90,125,149,32,68,97,100,7,175,179,27,150,136,144,70,168,17,103,105,142,190,188,186,176,42,47,132,166,123,44];False
2447;8270;10717;[4,67,193,48,10,1,91,129,8,84,122,73,174,135,21,99,16,77,112,71,56,18,62,120,24,197,26,9,143,20,3,2,121,160,92,49,130,22,38,34,124,94,75,12,165,153,187,127,39,107,87,76,50,53,93,23,30,134,58,86,69,64,101,151,54,158,199,6,117,98,25,110,81,52,182,28,162,78,60,79,185,148,167,61,41,36,46,131,59,133,96,157,138,178,164,173,66,126,198,159,140,118,109,29,154,156,106,19,108,146,43,128,85,152,111,83,47,82,192,139,33,13,172,195,40,37,15,35,88,145,189,194,31,171,116,57,0,113,196,89,5,141,119,74,183,63,51,72,147,65,102,115,14,45,55,155,184,161,80,114,177,169,191,11,104,180,163,170,95,137,90,125,149,32,68,97,100,7,175,179,27,150,136,144,70,168,17,103,105,142,190,188,186,176,42,181,132,166,123,44];False
2427;8290;10717;[4,67,193,48,10,1,91,129,8,134,122,73,174,135,21,99,16,77,112,71,56,18,62,120,24,197,26,9,143,20,3,2,121,160,92,49,130,22,38,34,124,94,75,12,165,153,187,127,39,107,87,76,50,53,93,23,30,84,58,86,69,64,101,151,54,158,199,6,117,98,25,110,81,52,182,28,162,78,60,79,185,148,167,61,41,36,46,131,59,133,96,157,138,178,164,173,66,126,198,159,140,118,109,29,154,156,106,19,108,146,43,128,85,152,111,83,181,82,192,139,33,13,172,195,40,37,15,35,88,145,189,194,31,171,116,57,0,113,196,89,5,141,119,74,183,63,51,72,147,65,102,115,14,45,55,155,184,161,80,114,177,169,191,11,104,180,163,170,95,137,90,125,149,32,68,97,100,7,175,179,27,150,136,144,70,168,17,103,105,142,190,188,186,176,42,47,132,166,123,44];False
2442;8275;10717;[4,67,193,48,10,1,91,129,8,84,122,73,174,135,21,99,16,77,112,71,56,18,62,120,24,197,26,9,143,20,3,2,121,160,92,49,130,22,38,34,124,94,75,12,165,153,96,127,39,107,87,76,50,53,93,23,30,134,58,86,69,64,101,151,54,158,199,6,117,98,25,110,81,52,182,28,162,78,60,79,185,148,167,61,41,36,46,131,59,133,187,157,138,178,164,173,66,126,198,159,140,118,109,29,154,156,106,19,108,146,43,128,85,152,111,83,181,82,192,139,33,13,172,195,40,37,15,35,88,145,189,194,31,171,116,57,0,113,196,89,5,141,119,74,183,63,51,72,147,65,102,115,14,45,55,155,184,161,80,114,177,169,191,11,104,180,163,170,95,137,90,125,149,32,68,97,100,7,175,179,27,150,136,144,70,168,17,103,105,142,190,188,186,176,42,47,132,166,123,44];False
2436;8281;10717;[4,67,193,48,10,1,91,129,8,84,122,73,174,135,21,99,16,77,112,71,56,18,62,120,24,197,26,9,143,20,3,2,121,160,92,49,130,22,38,34,124,94,75,12,165,153,187,127,39,107,87,76,50,53,93,23,30,134,58,86,69,64,101,151,54,158,199,6,117,98,25,110,81,52,182,28,162,78,60,79,185,148,47,61,41,36,46,131,59,133,96,157,138,178,164,173,66,126,198,159,140,118,109,29,154,156,106,19,108,146,43,128,85,152,111,83,181,82,192,139,33,13,172,195,40,37,15,35,88,145,189,194,31,171,116,57,0,113,196,89,5,141,119,74,183,63,51,72,147,65,102,115,14,45,55,155,184,161,80,114,177,169,191,11,104,180,163,170,95,137,90,125,149,32,68,97,100,7,175,179,27,150,136,144,70,168,17,103,105,142,190,188,186,176,42,167,132,166,123,44];False
2414;8303;10717;[4,67,193,48,10,1,91,129,8,84,122,131,174,135,21,99,16,77,112,71,56,18,62,120,24,197,26,9,143,20,3,2,121,160,92,49,130,22,38,34,124,94,75,12,165,153,187,127,39,107,87,76,50,53,93,23,30,134,58,86,69,64,101,151,54,158,199,6,117,98,25,110,81,52,182,28,162,78,60,79,185,148,167,61,41,36,46,73,59,133,96,157,138,178,164,173,66,126,198,159,140,118,109,29,154,156,106,19,108,146,43,128,85,152,111,83,181,82,192,139,33,13,172,195,40,37,15,35,88,145,189,194,31,171,116,57,0,113,196,89,5,141,119,74,183,63,51,72,147,65,102,115,14,45,55,155,184,161,80,114,177,169,191,11,104,180,163,170,95,137,90,125,149,32,68,97,100,7,175,179,27,150,136,144,70,168,17,103,105,142,190,188,186,176,42,47,132,166,123,44];False
2446;8271;10717;[4,67,193,48,10,1,91,129,8,84,122,73,174,135,21,99,16,77,112,71,56,18,62,120,24,197,26,9,143,20,3,2,121,160,92,49,130,22,169,34,124,94,75,12,165,153,187,127,39,107,87,76,50,53,93,23,30,134,58,86,69,64,101,151,54,158,199,6,117,98,25,110,81,52,182,28,162,78,60,79,185,148,167,61,41,36,46,131,59,133,96,157,138,178,164,173,66,126,198,159,140,118,109,29,154,156,106,19,108,146,43,128,85,152,111,83,181,82,192,139,33,13,172,195,40,37,15,35,88,145,189,194,31,171,116,57,0,113,196,89,5,141,119,74,183,63,51,72,147,65,102,115,14,45,55,155,184,161,80,114,177,38,191,11,104,180,163,170,95,137,90,125,149,32,68,97,100,7,175,179,27,150,136,144,70,168,17,103,105,142,190,188,186,176,42,47,132,166,123,44];False
2351;8366;10717;[4,67,193,48,10,1,91,129,8,84,122,73,174,135,21,30,16,77,112,71,56,18,62,120,24,197,26,9,143,20,3,2,121,160,92,49,130,22,38,34,124,94,75,12,165,153,187,127,39,107,87,76,50,53,93,23,99,134,58,86,69,64,101,151,54,158,199,6,117,98,25,110,81,52,182,28,162,78,60,79,185,148,167,61,41,36,46,131,59,133,96,157,138,178,164,173,66,126,198,159,140,118,109,29,154,156,106,19,108,146,43,128,85,152,111,83,181,82,192,139,33,13,172,195,40,37,15,35,88,145,189,194,31,171,116,57,0,113,196,89,5,141,119,74,183,63,51,72,147,65,102,115,14,45,55,155,184,161,80,114,177,169,191,11,104,180,163,170,95,137,90,125,149,32,68,97,100,7,175,179,27,150,136,144,70,168,17,103,105,142,190,188,186,176,42,47,132,166,123,44];False
2410;8307;10717;[4,67,193,48,10,1,91,129,8,84,122,73,174,135,21,99,16,77,44,71,56,18,62,120,24,197,26,9,143,20,3,2,121,160,92,49,130,22,38,34,124,94,75,12,165,153,187,127,39,107,87,76,50,53,93,23,30,134,58,86,69,64,101,151,54,158,199,6,117,98,25,110,81,52,182,28,162,78,60,79,185,148,167,61,41,36,46,131,59,133,96,157,138,178,164,173,66,126,198,159,140,118,109,29,154,156,106,19,108,146,43,128,85,152,111,83,181,82,192,139,33,13,172,195,40,37,15,35,88,145,189,194,31,171,116,57,0,113,196,89,5,141,119,74,183,63,51,72,147,65,102,115,14,45,55,155,184,161,80,114,177,169,191,11,104,180,163,170,95,137,90,125,149,32,68,97,100,7,175,179,27,150,136,144,70,168,17,103,105,142,190,188,186,176,42,47,132,166,123,112];False
2404;8313;10717;[4,67,193,48,10,1,91,129,8,84,122,73,174,135,21,99,16,77,112,71,56,18,62,120,24,197,26,9,143,20,3,2,121,160,92,49,130,22,38,34,124,94,75,12,165,153,187,127,39,107,87,76,50,53,93,23,30,134,58,86,69,64,101,151,54,158,199,6,117,98,25,110,81,52,182,28,162,78,60,79,185,148,167,61,41,36,46,131,59,133,96,157,138,178,164,173,66,126,198,159,140,118,109,29,154,156,106,19,108,146,43,128,85,152,111,83,181,82,192,139,33,13,172,195,40,37,15,35,88,145,189,194,31,171,116,57,0,113,196,89,5,141,119,74,183,63,51,72,147,65,102,115,14,45,55,155,184,161,80,188,177,169,191,11,104,180,163,170,95,137,90,125,149,32,68,97,100,7,175,179,27,150,136,144,70,168,17,103,105,142,190,114,186,176,42,47,132,166,123,44];False
2434;8283;10717;[4,67,193,48,10,1,91,129,8,84,122,73,174,135,21,99,16,77,112,71,56,18,62,120,24,197,26,9,143,20,3,2,121,160,92,49,130,22,38,34,124,94,75,12,165,153,187,127,39,107,87,76,50,53,93,23,30,134,58,86,69,64,101,151,54,158,199,6,117,98,25,110,81,52,182,28,162,78,60,79,185,148,167,61,41,36,46,131,59,133,96,157,138,178,164,173,66,126,198,159,140,118,109,29,154,156,106,19,108,146,43,128,85,152,111,83,181,82,192,139,33,13,172,195,40,37,15,35,88,145,189,194,31,171,116,57,0,113,196,89,5,141,119,74,183,63,51,72,147,65,102,115,14,186,55,155,184,161,80,114,177,169,191,11,104,180,163,170,95,137,90,125,149,32,68,97,100,7,175,179,27,150,136,144,70,168,17,103,105,142,190,188,45,176,42,47,132,166,123,44];False
2419;8298;10717;[4,67,193,48,10,1,91,129,8,84,122,73,174,135,21,99,16,77,112,71,56,18,62,120,24,197,26,9,143,20,3,2,121,160,92,49,130,22,38,34,124,94,75,12,165,153,187,127,39,107,87,76,50,53,93,23,30,134,58,86,69,64,101,151,54,158,199,6,117,98,25,110,81,52,182,28,162,78,60,79,185,148,167,61,41,36,46,131,59,133,96,157,138,178,164,173,66,126,198,159,140,118,109,29,154,169,106,19,108,146,43,128,85,152,111,83,181,82,192,139,33,13,172,195,40,37,15,35,88,145,189,194,31,171,116,57,0,113,196,89,5,141,119,74,183,63,51,72,147,65,102,115,14,45,55,155,184,161,80,114,177,156,191,11,104,180,163,170,95,137,90,125,149,32,68,97,100,7,175,179,27,150,136,144,70,168,17,103,105,142,190,188,186,176,42,47,132,166,123,44];False
2461;8256;10717;[4,67,193,48,10,1,91,129,8,143,122,73,174,135,21,99,16,77,112,71,56,18,62,120,24,197,26,9,84,20,3,2,121,160,92,49,130,22,38,34,124,94,75,12,165,153,187,127,39,107,87,76,50,53,93,23,30,134,58,86,69,64,101,151,54,158,199,6,117,98,25,110,81,52,182,28,162,78,60,79,185,148,167,61,41,36,46,131,59,133,96,157,138,178,164,173,66,126,198,159,140,118,109,29,154,156,106,19,108,146,43,128,85,152,111,83,181,82,192,139,33,13,172,195,40,37,15,35,88,145,189,194,31,171,116,57,0,113,196,89,5,141,119,74,183,63,51,72,147,65,102,115,14,45,55,155,184,161,80,114,177,169,191,11,104,180,163,170,95,137,90,125,149,32,68,97,100,7,175,179,27,150,136,144,70,168,17,103,105,142,190,188,186,176,42,47,132,166,123,44];False
2440;8277;10717;[4,67,193,48,10,1,91,129,8,84,122,73,174,135,21,99,16,77,112,71,56,18,62,120,24,197,26,9,143,20,3,2,121,160,92,49,130,22,38,34,124,94,75,12,165,153,187,127,39,107,87,76,50,53,93,23,30,134,58,86,69,64,101,151,54,158,199,6,117,98,25,110,81,52,182,28,162,78,60,79,185,148,167,61,41,36,46,139,59,133,96,157,138,178,164,173,66,126,198,159,140,118,109,29,154,156,106,19,108,146,43,128,85,152,111,83,181,82,192,131,33,13,172,195,40,37,15,35,88,145,189,194,31,171,116,57,0,113,196,89,5,141,119,74,183,63,51,72,147,65,102,115,14,45,55,155,184,161,80,114,177,169,191,11,104,180,163,170,95,137,90,125,149,32,68,97,100,7,175,179,27,150,136,144,70,168,17,103,105,142,190,188,186,176,42,47,132,166,123,44];False
2402;8315;10717;[4,67,193,48,10,1,91,129,8,84,122,73,174,135,21,99,16,77,112,71,56,18,62,120,24,197,26,9,143,20,158,2,121,160,92,49,130,22,38,34,124,94,75,12,165,153,187,127,39,107,87,76,50,53,93,23,30,134,58,86,69,64,101,151,54,3,199,6,117,98,25,110,81,52,182,28,162,78,60,79,185,148,167,61,41,36,46,131,59,133,96,157,138,178,164,173,66,126,198,159,140,118,109,29,154,156,106,19,108,146,43,128,85,152,111,83,181,82,192,139,33,13,172,195,40,37,15,35,88,145,189,194,31,171,116,57,0,113,196,89,5,141,119,74,183,63,51,72,147,65,102,115,14,45,55,155,184,161,80,114,177,169,191,11,104,180,163,170,95,137,90,125,149,32,68,97,100,7,175,179,27,150,136,144,70,168,17,103,105,142,190,188,186,176,42,47,132,166,123,44];False
2468;8249;10717;[4,67,193,48,10,11,91,129,8,84,122,73,174,135,21,99,16,77,112,71,56,18,62,120,24,197,26,9,143,20,3,2,121,160,92,49,130,22,38,34,124,94,75,12,165,153,187,127,39,107,87,76,50,53,93,23,30,134,58,86,69,64,101,151,54,158,199,6,117,98,25,110,81,52,182,28,162,78,60,79,185,148,167,61,41,36,46,131,59,133,96,157,138,178,164,173,66,126,198,159,140,118,109,29,154,156,106,19,108,146,43,128,85,152,111,83,181,82,192,139,33,13,172,195,40,37,15,35,88,145,189,194,31,171,116,57,0,113,196,89,5,141,119,74,183,63,51,72,147,65,102,115,14,45,55,155,184,161,80,114,177,169,191,1,104,180,163,170,95,137,90,125,149,32,68,97,100,7,175,179,27,150,136,144,70,168,17,103,105,142,190,188,186,176,42,47,132,166,123,44];False
2436;8280;10716;[4,67,193,48,10,1,91,129,8,84,122,73,174,135,21,99,16,77,112,71,56,18,62,120,24,197,26,9,143,20,3,2,121,160,92,49,130,22,38,34,124,94,75,12,165,153,187,127,39,107,87,76,50,53,93,23,30,134,58,86,69,64,101,151,54,158,199,6,117,98,25,110,81,52,182,28,162,78,60,79,185,148,167,61,41,36,46,131,59,133,96,157,138,178,164,173,66,126,198,159,140,118,109,29,154,156,106,19,108,146,43,128,85,152,111,83,181,82,192,139,33,13,172,195,40,37,15,35,88,145,189,194,31,171,70,57,0,113,196,89,5,141,119,74,183,63,51,72,147,65,102,115,14,45,55,155,184,161,80,114,177,169,191,11,104,180,163,170,95,137,90,125,149,32,68,97,100,7,175,179,27,150,136,144,116,168,17,103,105,142,190,188,186,176,42,47,132,166,123,44];False
2398;8318;10716;[4,67,193,48,10,1,91,129,8,84,122,73,174,135,21,99,16,77,112,71,56,18,62,120,24,197,26,9,143,20,3,2,121,160,92,49,130,22,38,34,124,94,75,12,165,153,187,127,39,107,87,76,50,53,93,23,30,134,58,86,69,64,101,151,54,158,199,6,117,98,25,110,81,52,182,28,162,78,60,79,185,148,167,61,41,36,46,131,59,133,96,157,138,178,164,173,66,126,198,159,140,118,109,29,154,156,106,19,108,146,43,128,85,152,111,83,181,82,192,139,33,13,172,195,40,37,15,35,88,145,189,194,31,171,116,57,136,113,196,89,5,141,119,74,183,63,51,72,147,65,102,115,14,45,55,155,184,161,80,114,177,169,191,11,104,180,163,170,95,137,90,125,149,32,68,97,100,7,175,179,27,150,0,144,70,168,17,103,105,142,190,188,186,176,42,47,132,166,123,44];False
2422;8294;10716;[4,67,193,48,10,1,91,129,8,84,122,73,174,135,21,99,16,77,112,71,56,18,62,185,24,197,26,9,143,20,3,2,121,160,92,49,130,22,38,34,124,94,75,12,165,153,187,127,39,107,87,76,50,53,93,23,30,134,58,86,69,64,101,151,54,158,199,6,117,98,25,110,81,52,182,28,162,78,60,79,120,148,167,61,41,36,46,131,59,133,96,157,138,178,164,173,66,126,198,159,140,118,109,29,154,156,106,19,108,146,43,128,85,152,111,83,181,82,192,139,33,13,172,195,40,37,15,35,88,145,189,194,31,171,116,57,0,113,196,89,5,141,119,74,183,63,51,72,147,65,102,115,14,45,55,155,184,161,80,114,177,169,191,11,104,180,163,170,95,137,90,125,149,32,68,97,100,7,175,179,27,150,136,144,70,168,17,103,105,142,190,188,186,176,42,47,132,166,123,44];False
2422;8293;10715;[4,67,193,48,10,1,91,129,8,84,122,73,174,135,21,99,16,77,112,71,56,18,62,120,24,197,26,9,143,20,3,2,121,160,92,49,130,22,38,34,124,94,75,12,165,153,187,127,39,107,87,76,50,53,93,23,30,148,58,86,69,64,101,151,54,158,199,6,117,98,25,110,81,52,182,28,162,78,60,79,185,134,167,61,41,36,46,131,59,133,96,157,138,178,164,173,66,126,198,159,140,118,109,29,154,156,106,19,108,146,43,128,85,152,111,83,181,82,192,139,33,13,172,195,40,37,15,35,88,145,189,194,31,171,116,57,0,113,196,89,5,141,119,74,183,63,51,72,147,65,102,115,14,45,55,155,184,161,80,114,177,169,191,11,104,180,163,170,95,137,90,125,149,32,68,97,100,7,175,179,27,150,136,144,70,168,17,103,105,142,190,188,186,176,42,47,132,166,123,44];False
2436;8279;10715;[4,67,193,48,10,1,91,129,8,84,122,73,174,135,21,99,16,164,112,71,56,18,62,120,24,197,26,9,143,20,3,2,121,160,92,49,130,22,38,34,124,94,75,12,165,153,187,127,39,107,87,76,50,53,93,23,30,134,58,86,69,64,101,151,54,158,199,6,117,98,25,110,81,52,182,28,162,78,60,79,185,148,167,61,41,36,46,131,59,133,96,157,138,178,77,173,66,126,198,159,140,118,109,29,154,156,106,19,108,146,43,128,85,152,111,83,181,82,192,139,33,13,172,195,40,37,15,35,88,145,189,194,31,171,116,57,0,113,196,89,5,141,119,74,183,63,51,72,147,65,102,115,14,45,55,155,184,161,80,114,177,169,191,11,104,180,163,170,95,137,90,125,149,32,68,97,100,7,175,179,27,150,136,144,70,168,17,103,105,142,190,188,186,176,42,47,132,166,123,44];False
2452;8263;10715;[4,67,193,48,10,1,91,129,8,84,122,73,174,135,21,99,16,77,112,71,56,18,62,120,24,197,26,9,143,20,3,149,121,160,92,49,130,22,38,34,124,94,75,12,165,153,187,127,39,107,87,76,50,53,93,23,30,134,58,86,69,64,101,151,54,158,199,6,117,98,25,110,81,52,182,28,162,78,60,79,185,148,167,61,41,36,46,131,59,133,96,157,138,178,164,173,66,126,198,159,140,118,109,29,154,156,106,19,108,146,43,128,85,152,111,83,181,82,192,139,33,13,172,195,40,37,15,35,88,145,189,194,31,171,116,57,0,113,196,89,5,141,119,74,183,63,51,72,147,65,102,115,14,45,55,155,184,161,80,114,177,169,191,11,104,180,163,170,95,137,90,125,2,32,68,97,100,7,175,179,27,150,136,144,70,168,17,103,105,142,190,188,186,176,42,47,132,166,123,44];False
2439;8276;10715;[4,67,193,48,10,1,91,129,8,84,122,73,174,135,21,99,16,77,112,71,56,18,62,120,24,197,26,9,143,20,3,2,121,160,92,49,130,104,38,34,124,94,75,12,165,153,187,127,39,107,87,76,50,53,93,23,30,134,58,86,69,64,101,151,54,158,199,6,117,98,25,110,81,52,182,28,162,78,60,79,185,148,167,61,41,36,46,131,59,133,96,157,138,178,164,173,66,126,198,159,140,118,109,29,154,156,106,19,108,146,43,128,85,152,111,83,181,82,192,139,33,13,172,195,40,37,15,35,88,145,189,194,31,171,116,57,0,113,196,89,5,141,119,74,183,63,51,72,147,65,102,115,14,45,55,155,184,161,80,114,177,169,191,11,22,180,163,170,95,137,90,125,149,32,68,97,100,7,175,179,27,150,136,144,70,168,17,103,105,142,190,188,186,176,42,47,132,166,123,44];False
2439;8276;10715;[4,67,193,48,10,1,91,129,8,84,122,73,174,135,21,99,16,77,112,71,56,18,62,120,24,197,26,9,143,20,3,2,121,160,92,49,130,22,38,34,124,94,75,12,165,153,187,127,39,107,87,76,50,53,93,23,30,134,58,86,69,64,101,151,54,158,199,6,117,98,25,110,81,52,182,28,162,78,60,79,185,148,167,61,41,36,46,131,59,133,96,157,138,178,164,173,66,126,198,159,140,118,109,29,154,156,106,19,108,146,43,128,85,152,111,83,181,82,172,139,33,13,192,195,40,37,15,35,88,145,189,194,31,171,116,57,0,113,196,89,5,141,119,74,183,63,51,72,147,65,102,115,14,45,55,155,184,161,80,114,177,169,191,11,104,180,163,170,95,137,90,125,149,32,68,97,100,7,175,179,27,150,136,144,70,168,17,103,105,142,190,188,186,176,42,47,132,166,123,44];False
2385;8329;10714;[4,67,193,48,10,1,91,129,8,84,122,73,174,135,21,99,16,77,112,71,56,18,62,120,24,197,26,9,143,20,3,2,121,160,92,49,130,22,38,34,124,94,75,12,165,153,187,37,39,107,87,76,50,53,93,23,30,134,58,86,69,64,101,151,54,158,199,6,117,98,25,110,81,52,182,28,162,78,60,79,185,148,167,61,41,36,46,131,59,133,96,157,138,178,164,173,66,126,198,159,140,118,109,29,154,156,106,19,108,146,43,128,85,152,111,83,181,82,192,139,33,13,172,195,40,127,15,35,88,145,189,194,31,171,116,57,0,113,196,89,5,141,119,74,183,63,51,72,147,65,102,115,14,45,55,155,184,161,80,114,177,169,191,11,104,180,163,170,95,137,90,125,149,32,68,97,100,7,175,179,27,150,136,144,70,168,17,103,105,142,190,188,186,176,42,47,132,166,123,44];False
2468;8246;10714;[4,67,193,48,10,1,91,129,8,84,122,73,174,135,21,99,16,77,112,71,56,18,62,120,24,197,26,9,143,20,3,2,121,144,92,49,130,22,38,34,124,94,75,12,165,153,187,127,39,107,87,76,50,53,93,23,30,134,58,86,69,64,101,151,54,158,199,6,117,98,25,110,81,52,182,28,162,78,60,79,185,148,167,61,41,36,46,131,59,133,96,157,138,178,164,173,66,126,198,159,140,118,109,29,154,156,106,19,108,146,43,128,85,152,111,83,181,82,192,139,33,13,172,195,40,37,15,35,88,145,189,194,31,171,116,57,0,113,196,89,5,141,119,74,183,63,51,72,147,65,102,115,14,45,55,155,184,161,80,114,177,169,191,11,104,180,163,170,95,137,90,125,149,32,68,97,100,7,175,179,27,150,136,160,70,168,17,103,105,142,190,188,186,176,42,47,132,166,123,44];False
2421;8293;10714;[4,67,193,48,10,1,91,129,8,84,122,73,174,135,21,99,16,77,112,71,56,18,62,120,24,197,111,9,143,20,3,2,121,160,92,49,130,22,38,34,124,94,75,12,165,153,187,127,39,107,87,76,50,53,93,23,30,134,58,86,69,64,101,151,54,158,199,6,117,98,25,110,81,52,182,28,162,78,60,79,185,148,167,61,41,36,46,131,59,133,96,157,138,178,164,173,66,126,198,159,140,118,109,29,154,156,106,19,108,146,43,128,85,152,26,83,181,82,192,139,33,13,172,195,40,37,15,35,88,145,189,194,31,171,116,57,0,113,196,89,5,141,119,74,183,63,51,72,147,65,102,115,14,45,55,155,184,161,80,114,177,169,191,11,104,180,163,170,95,137,90,125,149,32,68,97,100,7,175,179,27,150,136,144,70,168,17,103,105,142,190,188,186,176,42,47,132,166,123,44];False
2407;8307;10714;[4,67,193,48,10,1,91,129,8,84,122,73,174,135,21,99,16,77,112,71,56,18,62,120,24,197,26,9,143,20,3,2,121,160,92,49,130,22,38,34,124,94,75,12,165,153,187,127,39,107,87,76,50,53,93,23,30,134,58,86,69,64,101,151,54,158,199,6,117,98,25,110,81,52,182,28,162,78,60,79,185,148,167,61,41,36,46,131,59,133,96,157,138,178,164,63,66,126,198,159,140,118,109,29,154,156,106,19,108,146,43,128,85,152,111,83,181,82,192,139,33,13,172,195,40,37,15,35,88,145,189,194,31,171,116,57,0,113,196,89,5,141,119,74,183,173,51,72,147,65,102,115,14,45,55,155,184,161,80,114,177,169,191,11,104,180,163,170,95,137,90,125,149,32,68,97,100,7,175,179,27,150,136,144,70,168,17,103,105,142,190,188,186,176,42,47,132,166,123,44];False
2434;8280;10714;[4,67,193,48,10,1,91,129,8,74,122,73,174,135,21,99,16,77,112,71,56,18,62,120,24,197,26,9,143,20,3,2,121,160,92,49,130,22,38,34,124,94,75,12,165,153,187,127,39,107,87,76,50,53,93,23,30,134,58,86,69,64,101,151,54,158,199,6,117,98,25,110,81,52,182,28,162,78,60,79,185,148,167,61,41,36,46,131,59,133,96,157,138,178,164,173,66,126,198,159,140,118,109,29,154,156,106,19,108,146,43,128,85,152,111,83,181,82,192,139,33,13,172,195,40,37,15,35,88,145,189,194,31,171,116,57,0,113,196,89,5,141,119,84,183,63,51,72,147,65,102,115,14,45,55,155,184,161,80,114,177,169,191,11,104,180,163,170,95,137,90,125,149,32,68,97,100,7,175,179,27,150,136,144,70,168,17,103,105,142,190,188,186,176,42,47,132,166,123,44];False
2423;8291;10714;[4,67,193,48,10,1,91,129,8,84,122,73,174,135,21,99,16,77,112,71,56,18,62,120,24,197,26,9,143,20,3,2,121,160,92,49,130,22,38,34,124,94,75,12,165,153,187,127,39,107,87,76,50,163,93,23,30,134,58,86,69,64,101,151,54,158,199,6,117,98,25,110,81,52,182,28,162,78,60,79,185,148,167,61,41,36,46,131,59,133,96,157,138,178,164,173,66,126,198,159,140,118,109,29,154,156,106,19,108,146,43,128,85,152,111,83,181,82,192,139,33,13,172,195,40,37,15,35,88,145,189,194,31,171,116,57,0,113,196,89,5,141,119,74,183,63,51,72,147,65,102,115,14,45,55,155,184,161,80,114,177,169,191,11,104,180,53,170,95,137,90,125,149,32,68,97,100,7,175,179,27,150,136,144,70,168,17,103,105,142,190,188,186,176,42,47,132,166,123,44];False
2425;8289;10714;[4,67,193,48,10,1,91,129,8,84,122,73,174,135,21,99,16,77,112,71,56,18,62,120,24,197,26,9,143,20,3,2,121,160,92,49,130,22,38,34,124,94,75,12,165,153,187,127,39,107,87,76,50,53,93,23,30,134,58,86,69,64,101,151,54,158,199,6,117,98,139,110,81,52,182,28,162,78,60,79,185,148,167,61,41,36,46,131,59,133,96,157,138,178,164,173,66,126,198,159,140,118,109,29,154,156,106,19,108,146,43,128,85,152,111,83,181,82,192,25,33,13,172,195,40,37,15,35,88,145,189,194,31,171,116,57,0,113,196,89,5,141,119,74,183,63,51,72,147,65,102,115,14,45,55,155,184,161,80,114,177,169,191,11,104,180,163,170,95,137,90,125,149,32,68,97,100,7,175,179,27,150,136,144,70,168,17,103,105,142,190,188,186,176,42,47,132,166,123,44];False
2456;8258;10714;[4,67,193,48,10,1,91,129,8,84,122,73,174,135,21,99,16,77,112,71,56,18,62,120,24,197,26,9,143,20,3,2,121,160,92,49,130,22,38,34,124,94,75,12,165,153,187,127,39,107,87,76,50,53,93,23,30,134,58,86,69,64,101,151,54,158,199,6,117,98,25,110,81,52,182,28,162,78,60,79,185,148,167,61,41,36,46,131,59,133,96,157,138,178,164,173,66,126,198,159,140,118,109,74,154,156,106,19,108,146,43,128,85,152,111,83,181,82,192,139,33,13,172,195,40,37,15,35,88,145,189,194,31,171,116,57,0,113,196,89,5,141,119,29,183,63,51,72,147,65,102,115,14,45,55,155,184,161,80,114,177,169,191,11,104,180,163,170,95,137,90,125,149,32,68,97,100,7,175,179,27,150,136,144,70,168,17,103,105,142,190,188,186,176,42,47,132,166,123,44];False
2373;8341;10714;[4,67,193,48,10,1,91,129,8,84,122,73,174,135,21,99,16,77,112,71,56,18,62,120,24,197,26,9,143,20,3,2,121,160,92,49,130,22,38,34,124,94,75,12,165,153,187,127,39,107,87,76,50,53,93,23,30,134,58,86,69,64,101,151,54,158,199,6,117,98,25,110,81,52,182,28,79,78,60,162,185,148,167,61,41,36,46,131,59,133,96,157,138,178,164,173,66,126,198,159,140,118,109,29,154,156,106,19,108,146,43,128,85,152,111,83,181,82,192,139,33,13,172,195,40,37,15,35,88,145,189,194,31,171,116,57,0,113,196,89,5,141,119,74,183,63,51,72,147,65,102,115,14,45,55,155,184,161,80,114,177,169,191,11,104,180,163,170,95,137,90,125,149,32,68,97,100,7,175,179,27,150,136,144,70,168,17,103,105,142,190,188,186,176,42,47,132,166,123,44];False
2425;8289;10714;[4,67,193,48,10,1,91,129,8,84,122,73,174,135,21,99,16,77,112,71,56,18,62,120,24,197,26,9,143,20,3,2,121,160,92,49,130,22,38,34,124,94,75,12,165,153,187,102,39,107,87,76,50,53,93,23,30,134,58,86,69,64,101,151,54,158,199,6,117,98,25,110,81,52,182,28,162,78,60,79,185,148,167,61,41,36,46,131,59,133,96,157,138,178,164,173,66,126,198,159,140,118,109,29,154,156,106,19,108,146,43,128,85,152,111,83,181,82,192,139,33,13,172,195,40,37,15,35,88,145,189,194,31,171,116,57,0,113,196,89,5,141,119,74,183,63,51,72,147,65,127,115,14,45,55,155,184,161,80,114,177,169,191,11,104,180,163,170,95,137,90,125,149,32,68,97,100,7,175,179,27,150,136,144,70,168,17,103,105,142,190,188,186,176,42,47,132,166,123,44];False
2432;8282;10714;[4,67,193,48,10,1,91,129,8,84,122,73,174,135,21,99,16,77,112,71,56,18,62,120,24,197,26,9,143,20,3,2,121,160,92,49,130,22,38,34,124,94,75,12,165,153,187,127,39,107,87,76,50,53,93,23,30,134,58,86,69,64,101,151,54,158,199,6,117,98,25,14,81,52,182,28,162,78,60,79,185,148,167,61,41,36,46,131,59,133,96,157,138,178,164,173,66,126,198,159,140,118,109,29,154,156,106,19,108,146,43,128,85,152,111,83,181,82,192,139,33,13,172,195,40,37,15,35,88,145,189,194,31,171,116,57,0,113,196,89,5,141,119,74,183,63,51,72,147,65,102,115,110,45,55,155,184,161,80,114,177,169,191,11,104,180,163,170,95,137,90,125,149,32,68,97,100,7,175,179,27,150,136,144,70,168,17,103,105,142,190,188,186,176,42,47,132,166,123,44];False
2441;8273;10714;[4,67,193,48,10,1,91,129,8,84,122,73,174,135,21,99,16,77,112,71,56,18,62,120,24,197,26,9,143,20,3,2,121,160,92,49,130,22,38,34,124,94,75,12,165,153,187,127,39,107,87,76,50,53,93,23,30,134,58,86,69,64,101,151,54,158,199,6,117,98,25,110,81,52,182,28,162,78,60,79,185,148,167,61,41,36,128,131,59,133,96,157,138,178,164,173,66,126,198,159,140,118,109,29,154,156,106,19,108,146,43,46,85,152,111,83,181,82,192,139,33,13,172,195,40,37,15,35,88,145,189,194,31,171,116,57,0,113,196,89,5,141,119,74,183,63,51,72,147,65,102,115,14,45,55,155,184,161,80,114,177,169,191,11,104,180,163,170,95,137,90,125,149,32,68,97,100,7,175,179,27,150,136,144,70,168,17,103,105,142,190,188,186,176,42,47,132,166,123,44];False
2435;8279;10714;[4,67,193,48,10,1,91,129,8,84,122,73,174,135,21,99,16,77,112,71,56,18,62,120,24,197,26,9,143,20,3,2,121,160,92,49,130,22,38,34,124,94,75,12,165,153,187,127,39,107,87,76,50,53,93,23,30,134,58,86,69,64,101,151,54,158,199,6,117,98,25,110,81,52,182,28,162,78,60,79,185,148,167,61,41,36,46,131,59,133,96,157,138,178,164,173,66,126,198,159,140,118,109,29,154,156,106,19,108,146,43,128,85,152,111,83,181,82,163,139,33,13,172,195,40,37,15,35,88,145,189,194,31,171,116,57,0,113,196,89,5,141,119,74,183,63,51,72,147,65,102,115,14,45,55,155,184,161,80,114,177,169,191,11,104,180,192,170,95,137,90,125,149,32,68,97,100,7,175,179,27,150,136,144,70,168,17,103,105,142,190,188,186,176,42,47,132,166,123,44];False
2426;8288;10714;[4,67,193,48,10,1,91,129,8,84,168,73,174,135,21,99,16,77,112,71,56,18,62,120,24,197,26,9,143,20,3,2,121,160,92,49,130,22,38,34,124,94,75,12,165,153,187,127,39,107,87,76,50,53,93,23,30,134,58,86,69,64,101,151,54,158,199,6,117,98,25,110,81,52,182,28,162,78,60,79,185,148,167,61,41,36,46,131,59,133,96,157,138,178,164,173,66,126,198,159,140,118,109,29,154,156,106,19,108,146,43,128,85,152,111,83,181,82,192,139,33,13,172,195,40,37,15,35,88,145,189,194,31,171,116,57,0,113,196,89,5,141,119,74,183,63,51,72,147,65,102,115,14,45,55,155,184,161,80,114,177,169,191,11,104,180,163,170,95,137,90,125,149,32,68,97,100,7,175,179,27,150,136,144,70,122,17,103,105,142,190,188,186,176,42,47,132,166,123,44];False
2434;8280;10714;[4,67,193,48,10,1,91,129,8,84,122,73,174,135,21,99,16,77,112,71,56,18,62,120,24,58,26,9,143,20,3,2,121,160,92,49,130,22,38,34,124,94,75,12,165,153,187,127,39,107,87,76,50,53,93,23,30,134,197,86,69,64,101,151,54,158,199,6,117,98,25,110,81,52,182,28,162,78,60,79,185,148,167,61,41,36,46,131,59,133,96,157,138,178,164,173,66,126,198,159,140,118,109,29,154,156,106,19,108,146,43,128,85,152,111,83,181,82,192,139,33,13,172,195,40,37,15,35,88,145,189,194,31,171,116,57,0,113,196,89,5,141,119,74,183,63,51,72,147,65,102,115,14,45,55,155,184,161,80,114,177,169,191,11,104,180,163,170,95,137,90,125,149,32,68,97,100,7,175,179,27,150,136,144,70,168,17,103,105,142,190,188,186,176,42,47,132,166,123,44];False
2377;8337;10714;[4,67,193,48,10,1,91,129,8,84,122,73,174,135,21,99,16,77,112,71,56,18,62,120,24,197,26,9,143,20,3,2,121,160,92,49,130,22,38,34,124,94,75,12,165,153,187,127,39,107,87,76,50,53,93,23,30,17,58,86,69,64,101,151,54,158,199,6,117,98,25,110,81,52,182,28,162,78,60,79,185,148,167,61,41,36,46,131,59,133,96,157,138,178,164,173,66,126,198,159,140,118,109,29,154,156,106,19,108,146,43,128,85,152,111,83,181,82,192,139,33,13,172,195,40,37,15,35,88,145,189,194,31,171,116,57,0,113,196,89,5,141,119,74,183,63,51,72,147,65,102,115,14,45,55,155,184,161,80,114,177,169,191,11,104,180,163,170,95,137,90,125,149,32,68,97,100,7,175,179,27,150,136,144,70,168,134,103,105,142,190,188,186,176,42,47,132,166,123,44];False
2429;8285;10714;[4,67,193,48,10,1,91,129,8,84,122,73,174,135,21,99,16,77,112,71,56,18,62,120,24,197,26,9,143,20,3,2,121,160,92,49,130,22,38,34,124,94,75,12,165,153,187,127,39,107,87,76,50,53,93,23,30,134,58,86,69,64,101,151,54,158,199,6,117,98,25,110,81,52,182,28,162,78,60,79,185,148,167,61,41,36,46,131,59,132,96,157,138,178,164,173,66,126,198,159,140,118,109,29,154,156,106,19,108,146,43,128,85,152,111,83,181,82,192,139,33,13,172,195,40,37,15,35,88,145,189,194,31,171,116,57,0,113,196,89,5,141,119,74,183,63,51,72,147,65,102,115,14,45,55,155,184,161,80,114,177,169,191,11,104,180,163,170,95,137,90,125,149,32,68,97,100,7,175,179,27,150,136,144,70,168,17,103,105,142,190,188,186,176,42,47,133,166,123,44];False
2429;8284;10713;[4,67,193,48,10,1,91,129,8,84,122,73,174,135,21,99,16,119,112,71,56,18,62,120,24,197,26,9,143,20,3,2,121,160,92,49,130,22,38,34,124,94,75,12,165,153,187,127,39,107,87,76,50,53,93,23,30,134,58,86,69,64,101,151,54,158,199,6,117,98,25,110,81,52,182,28,162,78,60,79,185,148,167,61,41,36,46,131,59,133,96,157,138,178,164,173,66,126,198,159,140,118,109,29,154,156,106,19,108,146,43,128,85,152,111,83,181,82,192,139,33,13,172,195,40,37,15,35,88,145,189,194,31,171,116,57,0,113,196,89,5,141,77,74,183,63,51,72,147,65,102,115,14,45,55,155,184,161,80,114,177,169,191,11,104,180,163,170,95,137,90,125,149,32,68,97,100,7,175,179,27,150,136,144,70,168,17,103,105,142,190,188,186,176,42,47,132,166,123,44];False
2479;8234;10713;[4,67,193,48,10,1,91,129,8,84,122,73,174,135,21,99,16,77,112,71,56,18,62,120,24,197,26,9,72,20,3,2,121,160,92,49,130,22,38,34,124,94,75,12,165,153,187,127,39,107,87,76,50,53,93,23,30,134,58,86,69,64,101,151,54,158,199,6,117,98,25,110,81,52,182,28,162,78,60,79,185,148,167,61,41,36,46,131,59,133,96,157,138,178,164,173,66,126,198,159,140,118,109,29,154,156,106,19,108,146,43,128,85,152,111,83,181,82,192,139,33,13,172,195,40,37,15,35,88,145,189,194,31,171,116,57,0,113,196,89,5,141,119,74,183,63,51,143,147,65,102,115,14,45,55,155,184,161,80,114,177,169,191,11,104,180,163,170,95,137,90,125,149,32,68,97,100,7,175,179,27,150,136,144,70,168,17,103,105,142,190,188,186,176,42,47,132,166,123,44];False
2431;8282;10713;[4,67,193,48,10,1,91,129,8,84,126,73,174,135,21,99,16,77,112,71,56,18,62,120,24,197,26,9,143,20,3,2,121,160,92,49,130,22,38,34,124,94,75,12,165,153,187,127,39,107,87,76,50,53,93,23,30,134,58,86,69,64,101,151,54,158,199,6,117,98,25,110,81,52,182,28,162,78,60,79,185,148,167,61,41,36,46,131,59,133,96,157,138,178,164,173,66,122,198,159,140,118,109,29,154,156,106,19,108,146,43,128,85,152,111,83,181,82,192,139,33,13,172,195,40,37,15,35,88,145,189,194,31,171,116,57,0,113,196,89,5,141,119,74,183,63,51,72,147,65,102,115,14,45,55,155,184,161,80,114,177,169,191,11,104,180,163,170,95,137,90,125,149,32,68,97,100,7,175,179,27,150,136,144,70,168,17,103,105,142,190,188,186,176,42,47,132,166,123,44];False
2464;8249;10713;[4,67,193,48,10,1,91,129,8,84,122,73,174,135,21,99,16,77,112,71,56,18,62,120,24,197,26,9,143,20,3,2,121,160,92,49,130,22,38,34,124,94,75,12,165,153,187,127,39,107,87,76,50,53,93,23,30,134,58,86,69,64,101,151,54,158,199,6,117,98,25,110,81,52,182,28,162,78,60,79,185,148,167,61,189,36,46,131,59,133,96,157,138,178,164,173,66,126,198,159,140,118,109,29,154,156,106,19,108,146,43,128,85,152,111,83,181,82,192,139,33,13,172,195,40,37,15,35,88,145,41,194,31,171,116,57,0,113,196,89,5,141,119,74,183,63,51,72,147,65,102,115,14,45,55,155,184,161,80,114,177,169,191,11,104,180,163,170,95,137,90,125,149,32,68,97,100,7,175,179,27,150,136,144,70,168,17,103,105,142,190,188,186,176,42,47,132,166,123,44];False
2431;8282;10713;[4,67,193,48,10,1,91,129,8,23,122,73,174,135,21,99,16,77,112,71,56,18,62,120,24,197,26,9,143,20,3,2,121,160,92,49,130,22,38,34,124,94,75,12,165,153,187,127,39,107,87,76,50,53,93,84,30,134,58,86,69,64,101,151,54,158,199,6,117,98,25,110,81,52,182,28,162,78,60,79,185,148,167,61,41,36,46,131,59,133,96,157,138,178,164,173,66,126,198,159,140,118,109,29,154,156,106,19,108,146,43,128,85,152,111,83,181,82,192,139,33,13,172,195,40,37,15,35,88,145,189,194,31,171,116,57,0,113,196,89,5,141,119,74,183,63,51,72,147,65,102,115,14,45,55,155,184,161,80,114,177,169,191,11,104,180,163,170,95,137,90,125,149,32,68,97,100,7,175,179,27,150,136,144,70,168,17,103,105,142,190,188,186,176,42,47,132,166,123,44];False
2450;8263;10713;[4,67,193,48,10,1,91,129,8,84,122,73,174,135,21,99,16,77,112,71,56,18,62,120,24,197,26,9,143,20,3,2,121,160,92,49,130,22,38,34,124,94,75,12,165,153,187,127,39,107,87,76,50,53,150,23,30,134,58,86,69,64,101,151,54,158,199,6,117,98,25,110,81,52,182,28,162,78,60,79,185,148,167,61,41,36,46,131,59,133,96,157,138,178,164,173,66,126,198,159,140,118,109,29,154,156,106,19,108,146,43,128,85,152,111,83,181,82,192,139,33,13,172,195,40,37,15,35,88,145,189,194,31,171,116,57,0,113,196,89,5,141,119,74,183,63,51,72,147,65,102,115,14,45,55,155,184,161,80,114,177,169,191,11,104,180,163,170,95,137,90,125,149,32,68,97,100,7,175,179,27,93,136,144,70,168,17,103,105,142,190,188,186,176,42,47,132,166,123,44];False
2453;8260;10713;[4,67,193,48,10,1,91,129,8,84,122,73,174,135,21,99,16,77,112,71,56,18,62,120,24,197,26,9,143,20,3,2,121,160,92,49,43,22,38,34,124,94,75,12,165,153,187,127,39,107,87,76,50,53,93,23,30,134,58,86,69,64,101,151,54,158,199,6,117,98,25,110,81,52,182,28,162,78,60,79,185,148,167,61,41,36,46,131,59,133,96,157,138,178,164,173,66,126,198,159,140,118,109,29,154,156,106,19,108,146,130,128,85,152,111,83,181,82,192,139,33,13,172,195,40,37,15,35,88,145,189,194,31,171,116,57,0,113,196,89,5,141,119,74,183,63,51,72,147,65,102,115,14,45,55,155,184,161,80,114,177,169,191,11,104,180,163,170,95,137,90,125,149,32,68,97,100,7,175,179,27,150,136,144,70,168,17,103,105,142,190,188,186,176,42,47,132,166,123,44];False
2464;8249;10713;[4,67,193,48,10,1,91,129,8,84,122,73,174,135,21,99,16,77,112,71,56,18,62,120,24,197,26,9,143,20,3,2,121,160,92,49,130,22,38,34,124,94,75,12,165,153,187,127,39,107,87,76,50,53,93,23,30,134,58,132,69,64,101,151,54,158,199,6,117,98,25,110,81,52,182,28,162,78,60,79,185,148,167,61,41,36,46,131,59,133,96,157,138,178,164,173,66,126,198,159,140,118,109,29,154,156,106,19,108,146,43,128,85,152,111,83,181,82,192,139,33,13,172,195,40,37,15,35,88,145,189,194,31,171,116,57,0,113,196,89,5,141,119,74,183,63,51,72,147,65,102,115,14,45,55,155,184,161,80,114,177,169,191,11,104,180,163,170,95,137,90,125,149,32,68,97,100,7,175,179,27,150,136,144,70,168,17,103,105,142,190,188,186,176,42,47,86,166,123,44];False
2439;8274;10713;[4,67,193,48,10,1,91,129,8,84,122,73,174,135,21,99,16,77,112,71,56,18,62,120,24,197,26,9,143,20,3,2,121,160,92,49,130,22,38,34,124,94,75,12,165,153,187,30,39,107,87,76,50,53,93,23,127,134,58,86,69,64,101,151,54,158,199,6,117,98,25,110,81,52,182,28,162,78,60,79,185,148,167,61,41,36,46,131,59,133,96,157,138,178,164,173,66,126,198,159,140,118,109,29,154,156,106,19,108,146,43,128,85,152,111,83,181,82,192,139,33,13,172,195,40,37,15,35,88,145,189,194,31,171,116,57,0,113,196,89,5,141,119,74,183,63,51,72,147,65,102,115,14,45,55,155,184,161,80,114,177,169,191,11,104,180,163,170,95,137,90,125,149,32,68,97,100,7,175,179,27,150,136,144,70,168,17,103,105,142,190,188,186,176,42,47,132,166,123,44];False
2443;8270;10713;[4,67,193,48,10,1,91,129,8,84,122,73,174,135,21,99,16,187,112,71,56,18,62,120,24,197,26,9,143,20,3,2,121,160,92,49,130,22,38,34,124,94,75,12,165,153,77,127,39,107,87,76,50,53,93,23,30,134,58,86,69,64,101,151,54,158,199,6,117,98,25,110,81,52,182,28,162,78,60,79,185,148,167,61,41,36,46,131,59,133,96,157,138,178,164,173,66,126,198,159,140,118,109,29,154,156,106,19,108,146,43,128,85,152,111,83,181,82,192,139,33,13,172,195,40,37,15,35,88,145,189,194,31,171,116,57,0,113,196,89,5,141,119,74,183,63,51,72,147,65,102,115,14,45,55,155,184,161,80,114,177,169,191,11,104,180,163,170,95,137,90,125,149,32,68,97,100,7,175,179,27,150,136,144,70,168,17,103,105,142,190,188,186,176,42,47,132,166,123,44];False
2441;8272;10713;[4,67,193,48,10,1,91,129,8,84,122,73,174,135,21,99,16,77,112,71,56,18,62,120,24,197,26,9,143,20,3,2,121,160,92,49,130,22,38,34,124,94,75,12,165,153,187,127,39,107,87,76,50,53,93,23,30,134,58,86,69,64,101,151,54,158,199,6,117,98,25,110,81,52,182,28,162,78,60,79,185,148,167,61,41,36,46,131,59,133,96,157,138,178,164,173,66,126,198,159,140,118,109,29,154,156,106,19,108,146,128,43,85,152,111,83,181,82,192,139,33,13,172,195,40,37,15,35,88,145,189,194,31,171,116,57,0,113,196,89,5,141,119,74,183,63,51,72,147,65,102,115,14,45,55,155,184,161,80,114,177,169,191,11,104,180,163,170,95,137,90,125,149,32,68,97,100,7,175,179,27,150,136,144,70,168,17,103,105,142,190,188,186,176,42,47,132,166,123,44];False
2410;8303;10713;[4,67,193,48,10,1,91,129,8,84,122,73,174,135,21,99,16,77,112,71,56,18,62,120,24,197,26,9,143,20,3,2,121,160,92,49,130,22,38,34,124,195,75,12,165,153,187,127,39,107,87,76,50,53,93,23,30,134,58,86,69,64,101,151,54,158,199,6,117,98,25,110,81,52,182,28,162,78,60,79,185,148,167,61,41,36,46,131,59,133,96,157,138,178,164,173,66,126,198,159,140,118,109,29,154,156,106,19,108,146,43,128,85,152,111,83,181,82,192,139,33,13,172,94,40,37,15,35,88,145,189,194,31,171,116,57,0,113,196,89,5,141,119,74,183,63,51,72,147,65,102,115,14,45,55,155,184,161,80,114,177,169,191,11,104,180,163,170,95,137,90,125,149,32,68,97,100,7,175,179,27,150,136,144,70,168,17,103,105,142,190,188,186,176,42,47,132,166,123,44];False
2421;8291;10712;[4,67,193,48,10,1,91,129,8,84,122,73,174,135,21,99,16,77,112,71,56,18,62,120,24,197,26,9,143,20,3,2,121,160,92,49,130,22,38,34,124,94,75,12,165,153,187,127,125,107,87,76,50,53,93,23,30,134,58,86,69,64,101,151,54,158,199,6,117,98,25,110,81,52,182,28,162,78,60,79,185,148,167,61,41,36,46,131,59,133,96,157,138,178,164,173,66,126,198,159,140,118,109,29,154,156,106,19,108,146,43,128,85,152,111,83,181,82,192,139,33,13,172,195,40,37,15,35,88,145,189,194,31,171,116,57,0,113,196,89,5,141,119,74,183,63,51,72,147,65,102,115,14,45,55,155,184,161,80,114,177,169,191,11,104,180,163,170,95,137,90,39,149,32,68,97,100,7,175,179,27,150,136,144,70,168,17,103,105,142,190,188,186,176,42,47,132,166,123,44];False
2390;8322;10712;[4,67,193,48,10,1,91,129,8,84,122,73,174,135,21,99,16,77,112,71,56,18,62,120,24,197,26,9,143,20,3,2,121,160,92,49,130,22,78,34,124,94,75,12,165,153,187,127,39,107,87,76,50,53,93,23,30,134,58,86,69,64,101,151,54,158,199,6,117,98,25,110,81,52,182,28,162,38,60,79,185,148,167,61,41,36,46,131,59,133,96,157,138,178,164,173,66,126,198,159,140,118,109,29,154,156,106,19,108,146,43,128,85,152,111,83,181,82,192,139,33,13,172,195,40,37,15,35,88,145,189,194,31,171,116,57,0,113,196,89,5,141,119,74,183,63,51,72,147,65,102,115,14,45,55,155,184,161,80,114,177,169,191,11,104,180,163,170,95,137,90,125,149,32,68,97,100,7,175,179,27,150,136,144,70,168,17,103,105,142,190,188,186,176,42,47,132,166,123,44];False
2386;8326;10712;[4,67,193,48,10,1,91,129,8,84,122,73,174,133,21,99,16,77,112,71,56,18,62,120,24,197,26,9,143,20,3,2,121,160,92,49,130,22,38,34,124,94,75,12,165,153,187,127,39,107,87,76,50,53,93,23,30,134,58,86,69,64,101,151,54,158,199,6,117,98,25,110,81,52,182,28,162,78,60,79,185,148,167,61,41,36,46,131,59,135,96,157,138,178,164,173,66,126,198,159,140,118,109,29,154,156,106,19,108,146,43,128,85,152,111,83,181,82,192,139,33,13,172,195,40,37,15,35,88,145,189,194,31,171,116,57,0,113,196,89,5,141,119,74,183,63,51,72,147,65,102,115,14,45,55,155,184,161,80,114,177,169,191,11,104,180,163,170,95,137,90,125,149,32,68,97,100,7,175,179,27,150,136,144,70,168,17,103,105,142,190,188,186,176,42,47,132,166,123,44];False
2398;8314;10712;[4,67,193,48,10,1,91,129,8,84,122,73,174,135,21,99,16,77,112,71,56,18,62,120,24,197,26,9,143,20,3,2,121,160,92,49,130,22,38,34,124,94,75,12,165,153,187,127,39,107,87,76,50,53,93,23,30,134,58,86,69,64,101,151,54,158,199,6,117,98,25,110,81,52,182,28,162,78,60,79,185,148,44,61,41,36,46,131,59,133,96,157,138,178,164,173,66,126,198,159,140,118,109,29,154,156,106,19,108,146,43,128,85,152,111,83,181,82,192,139,33,13,172,195,40,37,15,35,88,145,189,194,31,171,116,57,0,113,196,89,5,141,119,74,183,63,51,72,147,65,102,115,14,45,55,155,184,161,80,114,177,169,191,11,104,180,163,170,95,137,90,125,149,32,68,97,100,7,175,179,27,150,136,144,70,168,17,103,105,142,190,188,186,176,42,47,132,166,123,167];False
2455;8257;10712;[4,67,193,48,10,1,91,129,8,84,122,73,174,135,21,99,16,77,112,71,56,18,62,120,24,197,26,9,143,20,3,2,121,160,92,49,130,22,38,34,124,94,75,12,165,153,187,127,39,107,87,76,50,53,93,23,30,134,58,86,69,64,101,151,54,158,199,6,117,98,25,110,81,52,182,28,162,78,60,79,185,148,167,61,41,36,46,131,59,133,96,157,138,178,164,173,66,126,198,159,140,118,109,29,183,156,106,19,108,146,43,128,85,152,111,83,181,82,192,139,33,13,172,195,40,37,15,35,88,145,189,194,31,171,116,57,0,113,196,89,5,141,119,74,154,63,51,72,147,65,102,115,14,45,55,155,184,161,80,114,177,169,191,11,104,180,163,170,95,137,90,125,149,32,68,97,100,7,175,179,27,150,136,144,70,168,17,103,105,142,190,188,186,176,42,47,132,166,123,44];False
2432;8280;10712;[4,67,193,48,10,1,91,129,8,84,122,73,174,135,21,99,16,77,112,71,56,18,62,120,24,197,26,9,143,20,3,2,121,160,92,49,130,22,38,34,124,94,75,12,165,153,187,127,39,107,87,76,50,53,93,23,30,134,58,86,69,64,101,151,54,158,199,6,117,98,25,110,81,52,182,152,162,78,60,79,185,148,167,61,41,36,46,131,59,133,96,157,138,178,164,173,66,126,198,159,140,118,109,29,154,156,106,19,108,146,43,128,85,28,111,83,181,82,192,139,33,13,172,195,40,37,15,35,88,145,189,194,31,171,116,57,0,113,196,89,5,141,119,74,183,63,51,72,147,65,102,115,14,45,55,155,184,161,80,114,177,169,191,11,104,180,163,170,95,137,90,125,149,32,68,97,100,7,175,179,27,150,136,144,70,168,17,103,105,142,190,188,186,176,42,47,132,166,123,44];False
2411;8301;10712;[4,67,193,48,10,1,91,129,8,84,122,73,174,135,21,99,16,77,112,71,56,18,62,120,24,197,26,9,143,20,3,2,121,160,92,49,130,22,38,34,124,94,75,12,165,153,187,127,39,107,87,76,50,53,93,23,30,134,58,86,69,64,101,151,54,158,199,6,117,98,25,110,81,52,182,28,162,78,60,79,185,148,159,61,41,36,46,131,59,133,96,157,138,178,164,173,66,126,198,167,140,118,109,29,154,156,106,19,108,146,43,128,85,152,111,83,181,82,192,139,33,13,172,195,40,37,15,35,88,145,189,194,31,171,116,57,0,113,196,89,5,141,119,74,183,63,51,72,147,65,102,115,14,45,55,155,184,161,80,114,177,169,191,11,104,180,163,170,95,137,90,125,149,32,68,97,100,7,175,179,27,150,136,144,70,168,17,103,105,142,190,188,186,176,42,47,132,166,123,44];False
2437;8275;10712;[4,67,193,48,10,1,91,129,8,84,122,73,174,135,21,99,16,77,112,71,56,18,62,120,24,197,26,9,143,20,3,2,121,160,92,49,130,22,38,34,124,94,75,12,165,153,187,127,39,107,87,76,50,53,93,23,30,134,58,86,69,64,101,151,54,158,199,6,117,98,25,110,81,52,182,115,162,78,60,79,185,148,167,61,41,36,46,131,59,133,96,157,138,178,164,173,66,126,198,159,140,118,109,29,154,156,106,19,108,146,43,128,85,152,111,83,181,82,192,139,33,13,172,195,40,37,15,35,88,145,189,194,31,171,116,57,0,113,196,89,5,141,119,74,183,63,51,72,147,65,102,28,14,45,55,155,184,161,80,114,177,169,191,11,104,180,163,170,95,137,90,125,149,32,68,97,100,7,175,179,27,150,136,144,70,168,17,103,105,142,190,188,186,176,42,47,132,166,123,44];False
2451;8261;10712;[4,67,193,48,10,1,91,129,8,84,122,73,174,135,21,99,16,77,112,71,56,18,62,120,24,197,26,9,143,20,3,2,121,160,92,49,130,22,38,34,124,94,75,12,165,153,187,127,39,107,87,178,50,53,93,23,30,134,58,86,69,64,101,151,54,158,199,6,117,98,25,110,81,52,182,28,162,78,60,79,185,148,167,61,41,36,46,131,59,133,96,157,138,76,164,173,66,126,198,159,140,118,109,29,154,156,106,19,108,146,43,128,85,152,111,83,181,82,192,139,33,13,172,195,40,37,15,35,88,145,189,194,31,171,116,57,0,113,196,89,5,141,119,74,183,63,51,72,147,65,102,115,14,45,55,155,184,161,80,114,177,169,191,11,104,180,163,170,95,137,90,125,149,32,68,97,100,7,175,179,27,150,136,144,70,168,17,103,105,142,190,188,186,176,42,47,132,166,123,44];False
2401;8311;10712;[4,67,193,48,10,1,91,129,8,84,122,73,174,135,21,99,16,77,112,71,56,18,62,120,24,197,26,9,143,20,3,2,121,160,92,49,130,22,38,34,124,94,75,12,165,153,187,127,39,107,87,76,50,53,93,23,30,134,58,86,69,64,101,151,54,158,199,6,117,98,25,110,81,52,182,28,162,78,60,167,185,148,79,61,41,36,46,131,59,133,96,157,138,178,164,173,66,126,198,159,140,118,109,29,154,156,106,19,108,146,43,128,85,152,111,83,181,82,192,139,33,13,172,195,40,37,15,35,88,145,189,194,31,171,116,57,0,113,196,89,5,141,119,74,183,63,51,72,147,65,102,115,14,45,55,155,184,161,80,114,177,169,191,11,104,180,163,170,95,137,90,125,149,32,68,97,100,7,175,179,27,150,136,144,70,168,17,103,105,142,190,188,186,176,42,47,132,166,123,44];False
2408;8304;10712;[4,67,193,48,10,1,91,129,8,84,122,73,174,135,21,99,16,77,112,71,56,18,62,120,24,197,26,9,143,20,3,2,121,160,92,49,130,22,38,34,124,94,75,12,165,153,187,127,39,107,87,76,50,53,93,23,30,134,58,86,69,64,101,151,54,158,199,6,117,98,25,110,81,52,182,28,162,78,60,79,185,148,167,61,41,36,46,131,59,133,96,157,138,178,164,173,66,126,198,159,140,118,109,29,154,156,106,19,108,146,43,128,85,152,111,83,181,82,192,139,33,13,172,123,40,37,15,35,88,145,189,194,31,171,116,57,0,113,196,89,5,141,119,74,183,63,51,72,147,65,102,115,14,45,55,155,184,161,80,114,177,169,191,11,104,180,163,170,95,137,90,125,149,32,68,97,100,7,175,179,27,150,136,144,70,168,17,103,105,142,190,188,186,176,42,47,132,166,195,44];False
2428;8284;10712;[4,67,193,48,10,1,91,129,8,84,122,73,174,135,21,99,16,77,112,71,56,18,62,120,24,197,26,9,143,20,3,2,121,160,92,49,130,22,38,34,124,94,75,12,165,153,187,127,39,107,87,76,50,53,93,23,30,134,58,86,69,64,101,151,54,158,199,6,117,98,25,110,81,52,182,28,162,78,60,79,185,148,167,61,41,36,46,131,59,133,96,157,138,178,164,173,66,126,198,159,140,118,109,29,154,156,106,19,108,146,43,128,85,152,111,83,181,82,192,139,33,116,172,195,40,37,15,35,88,145,189,194,31,171,13,57,0,113,196,89,5,141,119,74,183,63,51,72,147,65,102,115,14,45,55,155,184,161,80,114,177,169,191,11,104,180,163,170,95,137,90,125,149,32,68,97,100,7,175,179,27,150,136,144,70,168,17,103,105,142,190,188,186,176,42,47,132,166,123,44];False
2423;8289;10712;[4,67,193,48,10,1,91,129,8,84,122,73,174,135,21,99,16,77,112,71,56,18,62,120,24,197,26,9,143,20,3,2,121,160,92,49,130,22,38,34,124,94,75,198,165,153,187,127,39,107,87,76,50,53,93,23,30,134,58,86,69,64,101,151,54,158,199,6,117,98,25,110,81,52,182,28,162,78,60,79,185,148,167,61,41,36,46,131,59,133,96,157,138,178,164,173,66,126,12,159,140,118,109,29,154,156,106,19,108,146,43,128,85,152,111,83,181,82,192,139,33,13,172,195,40,37,15,35,88,145,189,194,31,171,116,57,0,113,196,89,5,141,119,74,183,63,51,72,147,65,102,115,14,45,55,155,184,161,80,114,177,169,191,11,104,180,163,170,95,137,90,125,149,32,68,97,100,7,175,179,27,150,136,144,70,168,17,103,105,142,190,188,186,176,42,47,132,166,123,44];False
2396;8316;10712;[4,67,193,48,10,1,91,129,8,84,122,73,174,135,21,99,16,77,112,71,56,18,62,120,24,197,26,9,143,20,3,2,121,160,92,49,130,22,38,34,124,94,75,12,183,153,187,127,39,107,87,76,50,53,93,23,30,134,58,86,69,64,101,151,54,158,199,6,117,98,25,110,81,52,182,28,162,78,60,79,185,148,167,61,41,36,46,131,59,133,96,157,138,178,164,173,66,126,198,159,140,118,109,29,154,156,106,19,108,146,43,128,85,152,111,83,181,82,192,139,33,13,172,195,40,37,15,35,88,145,189,194,31,171,116,57,0,113,196,89,5,141,119,74,165,63,51,72,147,65,102,115,14,45,55,155,184,161,80,114,177,169,191,11,104,180,163,170,95,137,90,125,149,32,68,97,100,7,175,179,27,150,136,144,70,168,17,103,105,142,190,188,186,176,42,47,132,166,123,44];False
2425;8287;10712;[4,67,193,48,10,1,91,129,8,84,122,73,174,135,21,99,16,77,112,71,56,18,62,120,24,197,26,9,143,20,3,2,121,160,92,49,130,22,38,34,124,94,75,12,165,153,187,127,39,107,87,76,50,53,93,23,30,134,58,86,69,64,101,151,54,158,199,6,117,98,25,110,81,52,182,28,162,78,60,79,185,148,167,61,41,36,46,131,59,133,96,157,138,178,164,173,66,126,198,159,181,118,109,29,154,156,106,19,108,146,43,128,85,152,111,83,140,82,192,139,33,13,172,195,40,37,15,35,88,145,189,194,31,171,116,57,0,113,196,89,5,141,119,74,183,63,51,72,147,65,102,115,14,45,55,155,184,161,80,114,177,169,191,11,104,180,163,170,95,137,90,125,149,32,68,97,100,7,175,179,27,150,136,144,70,168,17,103,105,142,190,188,186,176,42,47,132,166,123,44];False
2447;8264;10711;[4,67,193,48,10,1,91,129,8,84,122,73,174,135,21,99,16,77,112,71,56,18,62,120,24,197,26,9,143,20,3,2,121,160,92,49,130,22,38,34,124,94,75,12,165,153,187,127,39,107,87,76,50,53,93,23,30,134,58,86,69,64,101,151,54,158,199,6,117,98,25,110,81,52,182,28,162,78,60,79,185,148,167,61,41,102,46,131,59,133,96,157,138,178,164,173,66,126,198,159,140,118,109,29,154,156,106,19,108,146,43,128,85,152,111,83,181,82,192,139,33,13,172,195,40,37,15,35,88,145,189,194,31,171,116,57,0,113,196,89,5,141,119,74,183,63,51,72,147,65,36,115,14,45,55,155,184,161,80,114,177,169,191,11,104,180,163,170,95,137,90,125,149,32,68,97,100,7,175,179,27,150,136,144,70,168,17,103,105,142,190,188,186,176,42,47,132,166,123,44];False
2409;8302;10711;[4,67,193,48,10,1,91,129,8,84,122,73,174,135,21,99,16,77,112,71,56,18,62,120,24,197,26,9,143,20,3,2,121,160,92,49,130,22,38,34,124,94,75,12,165,153,187,127,39,107,87,76,50,53,93,23,30,134,58,86,69,64,101,151,54,158,199,6,117,98,25,110,81,52,182,28,162,78,60,79,185,148,167,61,41,36,46,131,59,133,96,157,138,178,164,173,66,126,198,159,140,0,109,29,154,156,106,19,108,146,43,128,85,152,111,83,181,82,192,139,33,13,172,195,40,37,15,35,88,145,189,194,31,171,116,57,118,113,196,89,5,141,119,74,183,63,51,72,147,65,102,115,14,45,55,155,184,161,80,114,177,169,191,11,104,180,163,170,95,137,90,125,149,32,68,97,100,7,175,179,27,150,136,144,70,168,17,103,105,142,190,188,186,176,42,47,132,166,123,44];False
2436;8275;10711;[4,67,193,48,10,1,61,129,8,84,122,73,174,135,21,99,16,77,112,71,56,18,62,120,24,197,26,9,143,20,3,2,121,160,92,49,130,22,38,34,124,94,75,12,165,153,187,127,39,107,87,76,50,53,93,23,30,134,58,86,69,64,101,151,54,158,199,6,117,98,25,110,81,52,182,28,162,78,60,79,185,148,167,91,41,36,46,131,59,133,96,157,138,178,164,173,66,126,198,159,140,118,109,29,154,156,106,19,108,146,43,128,85,152,111,83,181,82,192,139,33,13,172,195,40,37,15,35,88,145,189,194,31,171,116,57,0,113,196,89,5,141,119,74,183,63,51,72,147,65,102,115,14,45,55,155,184,161,80,114,177,169,191,11,104,180,163,170,95,137,90,125,149,32,68,97,100,7,175,179,27,150,136,144,70,168,17,103,105,142,190,188,186,176,42,47,132,166,123,44];False
2436;8275;10711;[4,67,193,48,10,1,91,129,8,84,122,73,174,135,21,99,16,77,112,71,56,18,62,120,24,197,26,9,143,20,3,2,121,160,92,49,130,22,38,34,124,94,75,12,165,153,187,127,39,107,87,76,50,53,93,23,30,134,58,86,69,64,101,151,54,158,199,6,117,98,25,110,81,52,182,28,162,78,60,79,185,148,167,61,41,36,46,131,59,133,96,157,138,178,164,173,66,126,198,159,140,118,109,29,154,156,106,19,108,146,43,119,85,152,111,83,181,82,192,139,33,13,172,195,40,37,15,35,88,145,189,194,31,171,116,57,0,113,196,89,5,141,128,74,183,63,51,72,147,65,102,115,14,45,55,155,184,161,80,114,177,169,191,11,104,180,163,170,95,137,90,125,149,32,68,97,100,7,175,179,27,150,136,144,70,168,17,103,105,142,190,188,186,176,42,47,132,166,123,44];False
2437;8274;10711;[4,67,193,48,10,1,91,129,8,84,122,73,174,135,21,99,16,77,112,71,56,18,62,120,24,197,26,9,143,20,3,2,121,160,92,49,130,22,38,34,124,94,75,12,165,153,187,127,39,107,87,76,50,53,93,23,30,134,58,86,69,64,101,151,54,158,199,6,117,98,25,110,81,52,182,28,162,78,60,79,185,148,167,61,41,36,46,131,59,133,96,157,138,178,164,173,66,126,198,159,140,118,109,29,154,156,106,19,108,146,43,128,85,152,111,83,181,82,192,139,45,13,172,195,40,37,15,35,88,145,189,194,31,171,116,57,0,113,196,89,5,141,119,74,183,63,51,72,147,65,102,115,14,33,55,155,184,161,80,114,177,169,191,11,104,180,163,170,95,137,90,125,149,32,68,97,100,7,175,179,27,150,136,144,70,168,17,103,105,142,190,188,186,176,42,47,132,166,123,44];False
2448;8263;10711;[4,67,193,48,10,1,91,129,8,84,122,73,174,135,21,99,16,77,112,71,56,18,62,120,24,15,26,9,143,20,3,2,121,160,92,49,130,22,38,34,124,94,75,12,165,153,187,127,39,107,87,76,50,53,93,23,30,134,58,86,69,64,101,151,54,158,199,6,117,98,25,110,81,52,182,28,162,78,60,79,185,148,167,61,41,36,46,131,59,133,96,157,138,178,164,173,66,126,198,159,140,118,109,29,154,156,106,19,108,146,43,128,85,152,111,83,181,82,192,139,33,13,172,195,40,37,197,35,88,145,189,194,31,171,116,57,0,113,196,89,5,141,119,74,183,63,51,72,147,65,102,115,14,45,55,155,184,161,80,114,177,169,191,11,104,180,163,170,95,137,90,125,149,32,68,97,100,7,175,179,27,150,136,144,70,168,17,103,105,142,190,188,186,176,42,47,132,166,123,44];False
2436;8275;10711;[4,67,193,48,10,1,91,129,8,84,122,73,174,135,21,99,16,77,112,71,56,18,62,120,24,197,26,9,143,20,3,2,121,160,92,49,130,22,38,34,124,94,75,12,165,153,187,127,39,107,87,76,50,53,93,23,30,134,58,86,69,64,101,151,54,158,199,6,117,98,25,110,81,52,182,28,162,78,60,79,185,148,167,61,41,36,46,131,59,133,96,157,138,178,164,173,66,126,198,159,140,118,109,29,154,156,106,19,108,146,43,128,85,152,111,83,181,82,192,139,33,13,172,195,40,37,15,35,88,168,189,194,31,171,116,57,0,113,196,89,5,141,119,74,183,63,51,72,147,65,102,115,14,45,55,155,184,161,80,114,177,169,191,11,104,180,163,170,95,137,90,125,149,32,68,97,100,7,175,179,27,150,136,144,70,145,17,103,105,142,190,188,186,176,42,47,132,166,123,44];False
2430;8281;10711;[4,67,193,48,10,1,91,129,8,84,122,73,174,135,21,99,16,77,112,71,56,18,62,120,24,164,26,9,143,20,3,2,121,160,92,49,130,22,38,34,124,94,75,12,165,153,187,127,39,107,87,76,50,53,93,23,30,134,58,86,69,64,101,151,54,158,199,6,117,98,25,110,81,52,182,28,162,78,60,79,185,148,167,61,41,36,46,131,59,133,96,157,138,178,197,173,66,126,198,159,140,118,109,29,154,156,106,19,108,146,43,128,85,152,111,83,181,82,192,139,33,13,172,195,40,37,15,35,88,145,189,194,31,171,116,57,0,113,196,89,5,141,119,74,183,63,51,72,147,65,102,115,14,45,55,155,184,161,80,114,177,169,191,11,104,180,163,170,95,137,90,125,149,32,68,97,100,7,175,179,27,150,136,144,70,168,17,103,105,142,190,188,186,176,42,47,132,166,123,44];False
2336;8375;10711;[4,67,193,48,10,1,91,129,8,84,122,73,60,135,21,99,16,77,112,71,56,18,62,120,24,197,26,9,143,20,3,2,121,160,92,49,130,22,38,34,124,94,75,12,165,153,187,127,39,107,87,76,50,53,93,23,30,134,58,86,69,64,101,151,54,158,199,6,117,98,25,110,81,52,182,28,162,78,174,79,185,148,167,61,41,36,46,131,59,133,96,157,138,178,164,173,66,126,198,159,140,118,109,29,154,156,106,19,108,146,43,128,85,152,111,83,181,82,192,139,33,13,172,195,40,37,15,35,88,145,189,194,31,171,116,57,0,113,196,89,5,141,119,74,183,63,51,72,147,65,102,115,14,45,55,155,184,161,80,114,177,169,191,11,104,180,163,170,95,137,90,125,149,32,68,97,100,7,175,179,27,150,136,144,70,168,17,103,105,142,190,188,186,176,42,47,132,166,123,44];False
2440;8271;10711;[4,67,193,48,10,1,91,129,8,84,122,73,174,135,21,99,16,77,112,71,56,18,62,120,24,197,26,9,143,20,3,2,121,160,92,49,130,22,38,34,124,94,75,12,165,153,187,127,39,107,87,76,50,53,93,23,30,134,58,86,69,64,101,85,54,158,199,6,117,98,25,110,81,52,182,28,162,78,60,79,185,148,167,61,41,36,46,131,59,133,96,157,138,178,164,173,66,126,198,159,140,118,109,29,154,156,106,19,108,146,43,128,151,152,111,83,181,82,192,139,33,13,172,195,40,37,15,35,88,145,189,194,31,171,116,57,0,113,196,89,5,141,119,74,183,63,51,72,147,65,102,115,14,45,55,155,184,161,80,114,177,169,191,11,104,180,163,170,95,137,90,125,149,32,68,97,100,7,175,179,27,150,136,144,70,168,17,103,105,142,190,188,186,176,42,47,132,166,123,44];False
2443;8268;10711;[4,67,193,48,10,1,91,129,8,84,122,73,174,135,21,99,16,77,112,94,56,18,62,120,24,197,26,9,143,20,3,2,121,160,92,49,130,22,38,34,124,71,75,12,165,153,187,127,39,107,87,76,50,53,93,23,30,134,58,86,69,64,101,151,54,158,199,6,117,98,25,110,81,52,182,28,162,78,60,79,185,148,167,61,41,36,46,131,59,133,96,157,138,178,164,173,66,126,198,159,140,118,109,29,154,156,106,19,108,146,43,128,85,152,111,83,181,82,192,139,33,13,172,195,40,37,15,35,88,145,189,194,31,171,116,57,0,113,196,89,5,141,119,74,183,63,51,72,147,65,102,115,14,45,55,155,184,161,80,114,177,169,191,11,104,180,163,170,95,137,90,125,149,32,68,97,100,7,175,179,27,150,136,144,70,168,17,103,105,142,190,188,186,176,42,47,132,166,123,44];False
2430;8281;10711;[4,67,193,48,10,1,91,129,8,84,122,73,174,135,21,99,16,77,112,71,56,18,62,120,24,197,26,9,143,20,3,2,121,160,92,49,130,22,38,34,124,94,75,12,165,153,187,127,39,107,87,76,50,53,93,23,30,134,58,86,69,64,101,151,54,158,199,6,117,98,25,110,81,52,182,148,162,78,60,79,185,28,167,61,41,36,46,131,59,133,96,157,138,178,164,173,66,126,198,159,140,118,109,29,154,156,106,19,108,146,43,128,85,152,111,83,181,82,192,139,33,13,172,195,40,37,15,35,88,145,189,194,31,171,116,57,0,113,196,89,5,141,119,74,183,63,51,72,147,65,102,115,14,45,55,155,184,161,80,114,177,169,191,11,104,180,163,170,95,137,90,125,149,32,68,97,100,7,175,179,27,150,136,144,70,168,17,103,105,142,190,188,186,176,42,47,132,166,123,44];False
2432;8279;10711;[4,67,193,48,10,1,91,129,8,84,122,73,174,135,21,99,16,77,112,71,56,18,62,120,24,197,26,9,143,20,3,2,121,160,92,49,130,22,38,34,124,94,75,12,165,153,187,127,39,107,87,76,50,53,93,23,30,134,58,86,69,64,101,151,54,158,199,6,117,98,25,110,81,52,182,28,162,78,60,79,185,148,167,61,41,36,46,131,59,133,96,157,138,178,164,173,66,126,198,159,140,118,109,29,154,156,106,19,108,146,43,128,85,152,111,83,181,82,192,163,33,13,172,195,40,37,15,35,88,145,189,194,31,171,116,57,0,113,196,89,5,141,119,74,183,63,51,72,147,65,102,115,14,45,55,155,184,161,80,114,177,169,191,11,104,180,139,170,95,137,90,125,149,32,68,97,100,7,175,179,27,150,136,144,70,168,17,103,105,142,190,188,186,176,42,47,132,166,123,44];False
2435;8276;10711;[4,67,70,48,10,1,91,129,8,84,122,73,174,135,21,99,16,77,112,71,56,18,62,120,24,197,26,9,143,20,3,2,121,160,92,49,130,22,38,34,124,94,75,12,165,153,187,127,39,107,87,76,50,53,93,23,30,134,58,86,69,64,101,151,54,158,199,6,117,98,25,110,81,52,182,28,162,78,60,79,185,148,167,61,41,36,46,131,59,133,96,157,138,178,164,173,66,126,198,159,140,118,109,29,154,156,106,19,108,146,43,128,85,152,111,83,181,82,192,139,33,13,172,195,40,37,15,35,88,145,189,194,31,171,116,57,0,113,196,89,5,141,119,74,183,63,51,72,147,65,102,115,14,45,55,155,184,161,80,114,177,169,191,11,104,180,163,170,95,137,90,125,149,32,68,97,100,7,175,179,27,150,136,144,193,168,17,103,105,142,190,188,186,176,42,47,132,166,123,44];False
2442;8269;10711;[4,67,193,48,10,1,91,129,8,84,122,73,174,135,21,99,16,77,112,71,56,18,62,120,24,197,26,9,143,20,3,2,121,160,92,49,130,22,38,34,124,94,75,12,165,31,187,127,39,107,87,76,50,53,93,23,30,134,58,86,69,64,101,151,54,158,199,6,117,98,25,110,81,52,182,28,162,78,60,79,185,148,167,61,41,36,46,131,59,133,96,157,138,178,164,173,66,126,198,159,140,118,109,29,154,156,106,19,108,146,43,128,85,152,111,83,181,82,192,139,33,13,172,195,40,37,15,35,88,145,189,194,153,171,116,57,0,113,196,89,5,141,119,74,183,63,51,72,147,65,102,115,14,45,55,155,184,161,80,114,177,169,191,11,104,180,163,170,95,137,90,125,149,32,68,97,100,7,175,179,27,150,136,144,70,168,17,103,105,142,190,188,186,176,42,47,132,166,123,44];False
2392;8318;10710;[4,67,193,48,10,1,91,129,8,84,122,73,174,135,21,99,16,77,112,71,56,18,62,120,24,197,26,9,143,20,3,2,121,160,92,49,130,22,38,34,124,94,75,12,165,153,187,127,39,107,87,76,50,53,93,23,30,134,58,86,69,144,101,151,54,158,199,6,117,98,25,110,81,52,182,28,162,78,60,79,185,148,167,61,41,36,46,131,59,133,96,157,138,178,164,173,66,126,198,159,140,118,109,29,154,156,106,19,108,146,43,128,85,152,111,83,181,82,192,139,33,13,172,195,40,37,15,35,88,145,189,194,31,171,116,57,0,113,196,89,5,141,119,74,183,63,51,72,147,65,102,115,14,45,55,155,184,161,80,114,177,169,191,11,104,180,163,170,95,137,90,125,149,32,68,97,100,7,175,179,27,150,136,64,70,168,17,103,105,142,190,188,186,176,42,47,132,166,123,44];False
2419;8291;10710;[4,67,193,48,10,1,91,129,8,84,122,73,174,135,21,99,16,77,112,71,56,18,62,120,24,197,26,9,143,20,3,2,121,160,92,49,130,22,38,34,124,94,75,12,165,153,187,127,39,107,87,76,50,53,93,23,30,134,58,86,69,64,101,151,54,158,199,6,117,98,25,110,81,52,182,28,162,78,60,79,185,148,167,61,41,36,46,131,59,133,96,19,138,178,164,173,66,126,198,159,140,118,109,29,154,156,106,157,108,146,43,128,85,152,111,83,181,82,192,139,33,13,172,195,40,37,15,35,88,145,189,194,31,171,116,57,0,113,196,89,5,141,119,74,183,63,51,72,147,65,102,115,14,45,55,155,184,161,80,114,177,169,191,11,104,180,163,170,95,137,90,125,149,32,68,97,100,7,175,179,27,150,136,144,70,168,17,103,105,142,190,188,186,176,42,47,132,166,123,44];False
2429;8281;10710;[4,67,193,48,10,1,91,129,8,84,122,73,174,135,21,99,16,77,112,71,56,18,62,120,24,197,26,9,143,20,3,2,121,160,92,49,130,22,38,34,124,94,75,12,165,153,187,127,39,107,87,76,50,53,93,23,30,134,58,86,69,64,101,151,54,158,199,6,117,98,25,110,81,52,182,28,162,78,60,79,185,148,132,61,41,36,46,131,59,133,96,157,138,178,164,173,66,126,198,159,140,118,109,29,154,156,106,19,108,146,43,128,85,152,111,83,181,82,192,139,33,13,172,195,40,37,15,35,88,145,189,194,31,171,116,57,0,113,196,89,5,141,119,74,183,63,51,72,147,65,102,115,14,45,55,155,184,161,80,114,177,169,191,11,104,180,163,170,95,137,90,125,149,32,68,97,100,7,175,179,27,150,136,144,70,168,17,103,105,142,190,188,186,176,42,47,167,166,123,44];False
2400;8310;10710;[4,67,193,48,10,1,91,129,8,84,122,73,174,135,21,99,16,77,112,71,56,18,62,120,24,197,26,9,143,20,3,2,121,160,92,49,130,22,38,34,124,94,75,12,165,153,187,127,39,107,87,76,50,53,93,23,30,134,58,86,69,64,101,151,54,158,199,6,117,98,25,110,81,52,182,28,162,78,60,79,185,148,167,61,41,36,46,131,59,133,96,157,138,178,164,173,66,126,198,111,140,118,109,29,154,156,106,19,108,146,43,128,85,152,159,83,181,82,192,139,33,13,172,195,40,37,15,35,88,145,189,194,31,171,116,57,0,113,196,89,5,141,119,74,183,63,51,72,147,65,102,115,14,45,55,155,184,161,80,114,177,169,191,11,104,180,163,170,95,137,90,125,149,32,68,97,100,7,175,179,27,150,136,144,70,168,17,103,105,142,190,188,186,176,42,47,132,166,123,44];False
2457;8253;10710;[4,67,193,48,10,9,91,129,8,84,122,73,174,135,21,99,16,77,112,71,56,18,62,120,24,197,26,1,143,20,3,2,121,160,92,49,130,22,38,34,124,94,75,12,165,153,187,127,39,107,87,76,50,53,93,23,30,134,58,86,69,64,101,151,54,158,199,6,117,98,25,110,81,52,182,28,162,78,60,79,185,148,167,61,41,36,46,131,59,133,96,157,138,178,164,173,66,126,198,159,140,118,109,29,154,156,106,19,108,146,43,128,85,152,111,83,181,82,192,139,33,13,172,195,40,37,15,35,88,145,189,194,31,171,116,57,0,113,196,89,5,141,119,74,183,63,51,72,147,65,102,115,14,45,55,155,184,161,80,114,177,169,191,11,104,180,163,170,95,137,90,125,149,32,68,97,100,7,175,179,27,150,136,144,70,168,17,103,105,142,190,188,186,176,42,47,132,166,123,44];False
2452;8258;10710;[4,67,193,48,10,1,91,129,8,84,122,73,174,135,21,99,16,77,112,71,56,18,62,120,24,197,26,9,143,20,3,2,121,160,92,49,130,22,38,34,124,94,75,12,165,153,187,127,39,107,87,76,50,53,93,23,30,134,58,86,69,64,101,151,54,158,199,6,117,98,25,110,81,52,182,28,162,78,60,79,185,148,167,61,41,36,46,131,59,133,96,157,138,178,164,173,66,126,51,159,140,118,109,29,154,156,106,19,108,146,43,128,85,152,111,83,181,82,192,139,33,13,172,195,40,37,15,35,88,145,189,194,31,171,116,57,0,113,196,89,5,141,119,74,183,63,198,72,147,65,102,115,14,45,55,155,184,161,80,114,177,169,191,11,104,180,163,170,95,137,90,125,149,32,68,97,100,7,175,179,27,150,136,144,70,168,17,103,105,142,190,188,186,176,42,47,132,166,123,44];False
2439;8271;10710;[4,67,193,48,10,1,91,129,8,84,122,73,174,135,21,99,16,77,112,71,56,18,62,120,24,197,26,9,143,20,3,2,121,160,92,49,130,22,38,34,124,94,75,12,165,153,187,127,39,107,87,76,50,53,93,175,30,134,58,86,69,64,101,151,54,158,199,6,117,98,25,110,81,52,182,28,162,78,60,79,185,148,167,61,41,36,46,131,59,133,96,157,138,178,164,173,66,126,198,159,140,118,109,29,154,156,106,19,108,146,43,128,85,152,111,83,181,82,192,139,33,13,172,195,40,37,15,35,88,145,189,194,31,171,116,57,0,113,196,89,5,141,119,74,183,63,51,72,147,65,102,115,14,45,55,155,184,161,80,114,177,169,191,11,104,180,163,170,95,137,90,125,149,32,68,97,100,7,23,179,27,150,136,144,70,168,17,103,105,142,190,188,186,176,42,47,132,166,123,44];False
2468;8242;10710;[4,67,193,48,10,1,91,129,8,84,122,73,174,135,21,99,16,77,112,71,56,18,62,120,24,197,26,9,143,20,3,2,121,160,92,49,130,22,38,34,124,94,75,12,165,153,187,127,39,107,87,76,50,53,93,23,30,134,58,86,69,64,101,151,54,158,199,6,117,98,25,110,81,52,182,28,162,78,60,79,185,148,167,61,41,36,46,131,59,133,96,157,138,178,164,173,66,126,198,159,140,118,109,29,154,156,106,19,108,146,43,128,85,152,111,83,181,82,192,139,33,13,172,195,40,37,15,35,88,145,189,194,31,32,116,57,0,113,196,89,5,141,119,74,183,63,51,72,147,65,102,115,14,45,55,155,184,161,80,114,177,169,191,11,104,180,163,170,95,137,90,125,149,171,68,97,100,7,175,179,27,150,136,144,70,168,17,103,105,142,190,188,186,176,42,47,132,166,123,44];False
2423;8287;10710;[4,67,193,48,10,1,91,129,8,84,122,73,174,135,21,99,16,77,112,71,56,18,62,120,24,197,26,9,143,20,3,2,121,160,92,49,130,22,38,34,124,94,75,12,165,153,187,127,39,107,87,76,50,53,93,23,30,134,58,86,69,64,101,151,54,158,199,6,117,98,25,110,81,52,182,28,162,78,60,79,185,148,167,61,41,36,46,131,59,133,96,157,138,178,164,173,66,126,198,159,140,118,109,29,154,37,106,19,108,146,43,128,85,152,111,83,181,82,192,139,33,13,172,195,40,156,15,35,88,145,189,194,31,171,116,57,0,113,196,89,5,141,119,74,183,63,51,72,147,65,102,115,14,45,55,155,184,161,80,114,177,169,191,11,104,180,163,170,95,137,90,125,149,32,68,97,100,7,175,179,27,150,136,144,70,168,17,103,105,142,190,188,186,176,42,47,132,166,123,44];False
2377;8333;10710;[4,67,193,48,10,1,91,129,8,84,122,73,174,135,21,99,16,77,112,71,56,18,53,120,24,197,26,9,143,20,3,2,121,160,92,49,130,22,38,34,124,94,75,12,165,153,187,127,39,107,87,76,50,62,93,23,30,134,58,86,69,64,101,151,54,158,199,6,117,98,25,110,81,52,182,28,162,78,60,79,185,148,167,61,41,36,46,131,59,133,96,157,138,178,164,173,66,126,198,159,140,118,109,29,154,156,106,19,108,146,43,128,85,152,111,83,181,82,192,139,33,13,172,195,40,37,15,35,88,145,189,194,31,171,116,57,0,113,196,89,5,141,119,74,183,63,51,72,147,65,102,115,14,45,55,155,184,161,80,114,177,169,191,11,104,180,163,170,95,137,90,125,149,32,68,97,100,7,175,179,27,150,136,144,70,168,17,103,105,142,190,188,186,176,42,47,132,166,123,44];False
2428;8282;10710;[4,67,193,48,10,1,91,129,8,84,122,73,174,135,21,99,16,77,112,71,56,18,62,120,24,197,26,9,143,20,3,2,121,160,92,49,130,22,38,34,124,94,75,12,165,153,187,127,39,107,87,76,50,53,93,23,30,134,58,86,69,64,101,151,54,158,199,6,117,98,25,110,81,52,182,28,162,78,60,79,185,148,167,61,41,36,46,131,59,133,96,157,138,178,164,173,66,126,198,159,140,118,109,29,154,156,106,19,108,146,43,128,85,152,111,83,181,82,192,139,33,13,172,195,40,37,15,35,88,145,189,194,31,171,116,57,0,113,196,89,5,141,119,74,183,63,51,72,147,65,102,115,14,45,55,125,184,161,80,114,177,169,191,11,104,180,163,170,95,137,90,155,149,32,68,97,100,7,175,179,27,150,136,144,70,168,17,103,105,142,190,188,186,176,42,47,132,166,123,44];False
2445;8265;10710;[4,67,193,48,10,1,91,129,8,84,122,73,174,135,21,99,16,77,112,71,56,18,62,120,24,197,26,9,143,20,3,2,121,160,92,49,130,22,38,34,124,94,75,12,165,153,187,127,39,107,87,76,50,53,93,23,30,134,58,86,69,64,101,151,54,158,199,6,117,98,25,110,81,52,182,28,162,78,60,79,185,148,167,61,41,36,46,131,59,133,96,157,138,178,196,173,66,126,198,159,140,118,109,29,154,156,106,19,108,146,43,128,85,152,111,83,181,82,192,139,33,13,172,195,40,37,15,35,88,145,189,194,31,171,116,57,0,113,164,89,5,141,119,74,183,63,51,72,147,65,102,115,14,45,55,155,184,161,80,114,177,169,191,11,104,180,163,170,95,137,90,125,149,32,68,97,100,7,175,179,27,150,136,144,70,168,17,103,105,142,190,188,186,176,42,47,132,166,123,44];False
2450;8260;10710;[4,67,193,48,10,1,91,129,8,84,93,73,174,135,21,99,16,77,112,71,56,18,62,120,24,197,26,9,143,20,3,2,121,160,92,49,130,22,38,34,124,94,75,12,165,153,187,127,39,107,87,76,50,53,122,23,30,134,58,86,69,64,101,151,54,158,199,6,117,98,25,110,81,52,182,28,162,78,60,79,185,148,167,61,41,36,46,131,59,133,96,157,138,178,164,173,66,126,198,159,140,118,109,29,154,156,106,19,108,146,43,128,85,152,111,83,181,82,192,139,33,13,172,195,40,37,15,35,88,145,189,194,31,171,116,57,0,113,196,89,5,141,119,74,183,63,51,72,147,65,102,115,14,45,55,155,184,161,80,114,177,169,191,11,104,180,163,170,95,137,90,125,149,32,68,97,100,7,175,179,27,150,136,144,70,168,17,103,105,142,190,188,186,176,42,47,132,166,123,44];False
2381;8329;10710;[4,67,193,48,10,1,91,129,8,84,122,73,174,135,21,99,16,77,112,71,56,18,62,120,24,197,26,9,143,20,3,2,121,160,92,49,130,22,38,34,124,94,75,12,165,153,187,127,39,107,87,76,50,53,93,23,30,134,58,86,69,64,61,151,54,158,199,6,117,98,25,110,81,52,182,28,162,78,60,79,185,148,167,101,41,36,46,131,59,133,96,157,138,178,164,173,66,126,198,159,140,118,109,29,154,156,106,19,108,146,43,128,85,152,111,83,181,82,192,139,33,13,172,195,40,37,15,35,88,145,189,194,31,171,116,57,0,113,196,89,5,141,119,74,183,63,51,72,147,65,102,115,14,45,55,155,184,161,80,114,177,169,191,11,104,180,163,170,95,137,90,125,149,32,68,97,100,7,175,179,27,150,136,144,70,168,17,103,105,142,190,188,186,176,42,47,132,166,123,44];False
2424;8286;10710;[4,67,193,48,10,1,91,129,8,84,122,73,174,135,21,99,16,77,112,71,56,18,62,120,24,197,26,9,143,20,3,2,121,160,92,49,130,22,38,34,124,94,75,12,165,153,187,127,39,107,87,76,50,53,93,23,30,134,58,86,69,64,101,151,54,158,199,6,117,98,25,110,81,52,182,28,162,78,60,79,185,148,167,61,41,36,46,131,59,133,96,157,138,178,164,173,66,126,198,159,140,118,109,29,154,156,106,19,108,146,113,128,85,152,111,83,181,82,192,139,33,13,172,195,40,37,15,35,88,145,189,194,31,171,116,57,0,43,196,89,5,141,119,74,183,63,51,72,147,65,102,115,14,45,55,155,184,161,80,114,177,169,191,11,104,180,163,170,95,137,90,125,149,32,68,97,100,7,175,179,27,150,136,144,70,168,17,103,105,142,190,188,186,176,42,47,132,166,123,44];False
2419;8291;10710;[4,67,193,48,10,1,91,129,8,84,122,73,174,135,21,99,16,77,112,71,56,18,62,120,24,197,26,9,143,20,3,2,121,160,92,49,130,22,38,34,117,94,75,12,165,153,187,127,39,107,87,76,50,53,93,23,30,134,58,86,69,64,101,151,54,158,199,6,124,98,25,110,81,52,182,28,162,78,60,79,185,148,167,61,41,36,46,131,59,133,96,157,138,178,164,173,66,126,198,159,140,118,109,29,154,156,106,19,108,146,43,128,85,152,111,83,181,82,192,139,33,13,172,195,40,37,15,35,88,145,189,194,31,171,116,57,0,113,196,89,5,141,119,74,183,63,51,72,147,65,102,115,14,45,55,155,184,161,80,114,177,169,191,11,104,180,163,170,95,137,90,125,149,32,68,97,100,7,175,179,27,150,136,144,70,168,17,103,105,142,190,188,186,176,42,47,132,166,123,44];False
2382;8328;10710;[4,67,193,48,10,1,91,129,8,84,122,73,174,135,41,99,16,77,112,71,56,18,62,120,24,197,26,9,143,20,3,2,121,160,92,49,130,22,38,34,124,94,75,12,165,153,187,127,39,107,87,76,50,53,93,23,30,134,58,86,69,64,101,151,54,158,199,6,117,98,25,110,81,52,182,28,162,78,60,79,185,148,167,61,21,36,46,131,59,133,96,157,138,178,164,173,66,126,198,159,140,118,109,29,154,156,106,19,108,146,43,128,85,152,111,83,181,82,192,139,33,13,172,195,40,37,15,35,88,145,189,194,31,171,116,57,0,113,196,89,5,141,119,74,183,63,51,72,147,65,102,115,14,45,55,155,184,161,80,114,177,169,191,11,104,180,163,170,95,137,90,125,149,32,68,97,100,7,175,179,27,150,136,144,70,168,17,103,105,142,190,188,186,176,42,47,132,166,123,44];False
2432;8278;10710;[4,67,193,48,10,1,91,129,8,84,122,186,174,135,21,99,16,77,112,71,56,18,62,120,24,197,26,9,143,20,3,2,121,160,92,49,130,22,38,34,124,94,75,12,165,153,187,127,39,107,87,76,50,53,93,23,30,134,58,86,69,64,101,151,54,158,199,6,117,98,25,110,81,52,182,28,162,78,60,79,185,148,167,61,41,36,46,131,59,133,96,157,138,178,164,173,66,126,198,159,140,118,109,29,154,156,106,19,108,146,43,128,85,152,111,83,181,82,192,139,33,13,172,195,40,37,15,35,88,145,189,194,31,171,116,57,0,113,196,89,5,141,119,74,183,63,51,72,147,65,102,115,14,45,55,155,184,161,80,114,177,169,191,11,104,180,163,170,95,137,90,125,149,32,68,97,100,7,175,179,27,150,136,144,70,168,17,103,105,142,190,188,73,176,42,47,132,166,123,44];False
2386;8324;10710;[4,67,193,48,10,1,91,129,8,84,122,73,174,135,21,99,16,77,112,71,56,18,62,120,24,197,26,9,143,20,3,2,121,160,92,49,130,22,38,34,124,94,75,12,165,153,187,127,39,107,87,76,50,53,93,23,30,134,58,86,69,64,101,151,54,158,199,6,117,98,25,110,81,52,182,28,162,78,60,79,185,148,167,61,41,44,46,131,59,133,96,157,138,178,164,173,66,126,198,159,140,118,109,29,154,156,106,19,108,146,43,128,85,152,111,83,181,82,192,139,33,13,172,195,40,37,15,35,88,145,189,194,31,171,116,57,0,113,196,89,5,141,119,74,183,63,51,72,147,65,102,115,14,45,55,155,184,161,80,114,177,169,191,11,104,180,163,170,95,137,90,125,149,32,68,97,100,7,175,179,27,150,136,144,70,168,17,103,105,142,190,188,186,176,42,47,132,166,123,36];False
2429;8280;10709;[4,67,193,48,10,1,91,129,8,84,122,73,174,135,21,99,16,77,112,71,56,18,62,120,24,197,26,9,143,20,3,2,121,160,92,49,130,22,38,34,124,94,75,12,165,153,187,127,39,107,87,76,50,53,93,23,30,134,58,86,69,64,101,151,54,158,199,6,117,98,25,110,81,52,182,28,162,78,60,79,185,148,167,61,180,36,46,131,59,133,96,157,138,178,164,173,66,126,198,159,140,118,109,29,154,156,106,19,108,146,43,128,85,152,111,83,181,82,192,139,33,13,172,195,40,37,15,35,88,145,189,194,31,171,116,57,0,113,196,89,5,141,119,74,183,63,51,72,147,65,102,115,14,45,55,155,184,161,80,114,177,169,191,11,104,41,163,170,95,137,90,125,149,32,68,97,100,7,175,179,27,150,136,144,70,168,17,103,105,142,190,188,186,176,42,47,132,166,123,44];False
2394;8315;10709;[4,67,193,48,10,1,91,129,8,84,122,73,174,135,21,99,16,77,112,71,56,18,62,120,24,197,26,9,143,20,134,2,121,160,92,49,130,22,38,34,124,94,75,12,165,153,187,127,39,107,87,76,50,53,93,23,30,3,58,86,69,64,101,151,54,158,199,6,117,98,25,110,81,52,182,28,162,78,60,79,185,148,167,61,41,36,46,131,59,133,96,157,138,178,164,173,66,126,198,159,140,118,109,29,154,156,106,19,108,146,43,128,85,152,111,83,181,82,192,139,33,13,172,195,40,37,15,35,88,145,189,194,31,171,116,57,0,113,196,89,5,141,119,74,183,63,51,72,147,65,102,115,14,45,55,155,184,161,80,114,177,169,191,11,104,180,163,170,95,137,90,125,149,32,68,97,100,7,175,179,27,150,136,144,70,168,17,103,105,142,190,188,186,176,42,47,132,166,123,44];False
2459;8250;10709;[4,67,193,48,10,1,91,129,8,84,122,73,174,135,21,99,16,77,112,71,56,18,62,120,24,197,26,9,143,20,3,2,121,160,92,49,130,22,38,34,124,94,75,12,165,153,187,127,39,107,87,76,50,53,93,23,30,134,58,86,69,64,101,151,54,158,199,6,117,98,25,110,81,52,182,28,162,78,60,79,185,148,167,61,41,36,46,131,59,133,96,157,138,178,164,173,66,126,198,159,140,118,109,29,154,156,106,19,108,146,43,128,85,152,111,83,181,82,192,139,33,13,172,195,40,37,15,35,88,145,190,194,31,171,116,57,0,113,196,89,5,141,119,74,183,63,51,72,147,65,102,115,14,45,55,155,184,161,80,114,177,169,191,11,104,180,163,170,95,137,90,125,149,32,68,97,100,7,175,179,27,150,136,144,70,168,17,103,105,142,189,188,186,176,42,47,132,166,123,44];False
2401;8308;10709;[4,67,193,48,10,1,91,129,8,84,122,73,174,135,21,99,16,77,112,71,56,18,62,120,24,197,26,9,143,20,3,2,121,160,92,49,130,22,38,34,124,94,75,12,165,153,187,127,39,107,87,76,50,53,93,23,30,134,58,86,69,64,101,151,54,158,104,6,117,98,25,110,81,52,182,28,162,78,60,79,185,148,167,61,41,36,46,131,59,133,96,157,138,178,164,173,66,126,198,159,140,118,109,29,154,156,106,19,108,146,43,128,85,152,111,83,181,82,192,139,33,13,172,195,40,37,15,35,88,145,189,194,31,171,116,57,0,113,196,89,5,141,119,74,183,63,51,72,147,65,102,115,14,45,55,155,184,161,80,114,177,169,191,11,199,180,163,170,95,137,90,125,149,32,68,97,100,7,175,179,27,150,136,144,70,168,17,103,105,142,190,188,186,176,42,47,132,166,123,44];False
2440;8269;10709;[4,67,193,48,10,1,91,129,8,84,122,73,174,135,21,99,16,77,112,71,56,18,62,120,24,197,26,9,143,20,3,2,121,160,92,49,130,22,38,34,124,94,75,12,165,153,187,127,39,107,87,76,50,53,93,23,30,134,58,86,69,64,101,151,54,158,199,6,117,98,25,110,81,52,182,28,162,78,60,79,185,148,167,61,41,36,46,131,59,133,96,157,138,178,164,173,66,126,198,159,140,118,109,29,154,156,106,19,108,146,43,128,85,152,111,83,181,82,192,139,33,13,172,195,40,37,15,35,47,145,189,194,31,171,116,57,0,113,196,89,5,141,119,74,183,63,51,72,147,65,102,115,14,45,55,155,184,161,80,114,177,169,191,11,104,180,163,170,95,137,90,125,149,32,68,97,100,7,175,179,27,150,136,144,70,168,17,103,105,142,190,188,186,176,42,88,132,166,123,44];False
2478;8231;10709;[4,67,193,48,10,1,91,129,8,84,122,73,174,135,21,99,16,77,112,71,56,18,62,120,24,197,26,9,143,20,3,2,121,160,92,49,130,22,38,34,124,94,75,12,165,153,187,127,39,107,87,76,50,53,145,23,30,134,58,86,69,64,101,151,54,158,199,6,117,98,25,110,81,52,182,28,162,78,60,79,185,148,167,61,41,36,46,131,59,133,96,157,138,178,164,173,66,126,198,159,140,118,109,29,154,156,106,19,108,146,43,128,85,152,111,83,181,82,192,139,33,13,172,195,40,37,15,35,88,93,189,194,31,171,116,57,0,113,196,89,5,141,119,74,183,63,51,72,147,65,102,115,14,45,55,155,184,161,80,114,177,169,191,11,104,180,163,170,95,137,90,125,149,32,68,97,100,7,175,179,27,150,136,144,70,168,17,103,105,142,190,188,186,176,42,47,132,166,123,44];False
2420;8289;10709;[4,67,193,48,10,1,91,129,8,84,122,73,174,135,21,99,61,77,112,71,56,18,62,120,24,197,26,9,143,20,3,2,121,160,92,49,130,22,38,34,124,94,75,12,165,153,187,127,39,107,87,76,50,53,93,23,30,134,58,86,69,64,101,151,54,158,199,6,117,98,25,110,81,52,182,28,162,78,60,79,185,148,167,16,41,36,46,131,59,133,96,157,138,178,164,173,66,126,198,159,140,118,109,29,154,156,106,19,108,146,43,128,85,152,111,83,181,82,192,139,33,13,172,195,40,37,15,35,88,145,189,194,31,171,116,57,0,113,196,89,5,141,119,74,183,63,51,72,147,65,102,115,14,45,55,155,184,161,80,114,177,169,191,11,104,180,163,170,95,137,90,125,149,32,68,97,100,7,175,179,27,150,136,144,70,168,17,103,105,142,190,188,186,176,42,47,132,166,123,44];False
2390;8319;10709;[4,67,193,48,10,1,91,129,8,84,122,73,174,135,21,99,16,77,112,71,56,18,62,120,24,197,26,9,143,20,3,2,121,160,92,49,130,22,38,34,124,94,75,12,165,153,187,154,39,107,87,76,50,53,93,23,30,134,58,86,69,64,101,151,54,158,199,6,117,98,25,110,81,52,182,28,162,78,60,79,185,148,167,61,41,36,46,131,59,133,96,157,138,178,164,173,66,126,198,159,140,118,109,29,127,156,106,19,108,146,43,128,85,152,111,83,181,82,192,139,33,13,172,195,40,37,15,35,88,145,189,194,31,171,116,57,0,113,196,89,5,141,119,74,183,63,51,72,147,65,102,115,14,45,55,155,184,161,80,114,177,169,191,11,104,180,163,170,95,137,90,125,149,32,68,97,100,7,175,179,27,150,136,144,70,168,17,103,105,142,190,188,186,176,42,47,132,166,123,44];False
2456;8253;10709;[4,67,193,48,10,1,91,129,8,84,122,73,174,135,21,99,16,77,112,71,56,18,62,120,24,197,26,9,143,20,3,2,121,160,92,49,130,22,38,34,124,94,75,12,165,153,187,127,39,107,87,76,50,53,93,23,30,134,58,86,69,64,101,151,54,158,199,6,117,98,25,110,81,52,182,28,162,78,60,79,185,148,167,61,41,36,46,131,59,133,96,157,138,178,164,173,66,126,198,159,140,118,109,29,102,156,106,19,108,146,43,128,85,152,111,83,181,82,192,139,33,13,172,195,40,37,15,35,88,145,189,194,31,171,116,57,0,113,196,89,5,141,119,74,183,63,51,72,147,65,154,115,14,45,55,155,184,161,80,114,177,169,191,11,104,180,163,170,95,137,90,125,149,32,68,97,100,7,175,179,27,150,136,144,70,168,17,103,105,142,190,188,186,176,42,47,132,166,123,44];False
2431;8278;10709;[4,67,193,48,10,1,91,129,8,84,122,73,174,135,21,99,16,77,112,71,56,18,62,120,24,197,26,9,143,20,3,2,121,160,92,49,130,22,38,34,124,94,75,187,165,153,12,127,39,107,87,76,50,53,93,23,30,134,58,86,69,64,101,151,54,158,199,6,117,98,25,110,81,52,182,28,162,78,60,79,185,148,167,61,41,36,46,131,59,133,96,157,138,178,164,173,66,126,198,159,140,118,109,29,154,156,106,19,108,146,43,128,85,152,111,83,181,82,192,139,33,13,172,195,40,37,15,35,88,145,189,194,31,171,116,57,0,113,196,89,5,141,119,74,183,63,51,72,147,65,102,115,14,45,55,155,184,161,80,114,177,169,191,11,104,180,163,170,95,137,90,125,149,32,68,97,100,7,175,179,27,150,136,144,70,168,17,103,105,142,190,188,186,176,42,47,132,166,123,44];False
2400;8309;10709;[4,67,193,48,10,1,91,129,8,84,122,73,174,135,21,99,16,77,112,71,56,18,62,120,24,197,26,9,143,20,3,2,121,160,92,49,130,22,38,34,124,94,75,12,165,153,187,127,39,107,87,76,50,53,93,23,30,134,58,86,69,64,101,151,54,158,199,6,117,98,25,110,81,52,182,28,162,78,60,79,185,148,167,61,41,36,46,131,59,133,96,157,138,178,164,173,66,126,198,159,140,118,109,29,154,156,106,19,108,146,43,128,168,152,111,83,181,82,192,139,33,13,172,195,40,37,15,35,88,145,189,194,31,171,116,57,0,113,196,89,5,141,119,74,183,63,51,72,147,65,102,115,14,45,55,155,184,161,80,114,177,169,191,11,104,180,163,170,95,137,90,125,149,32,68,97,100,7,175,179,27,150,136,144,70,85,17,103,105,142,190,188,186,176,42,47,132,166,123,44];False
2450;8259;10709;[4,67,193,48,10,1,91,129,8,84,122,73,174,135,21,99,16,77,112,71,56,18,62,120,24,197,26,9,143,20,3,2,121,160,92,49,130,22,38,34,124,94,75,12,165,153,187,127,39,107,87,28,50,53,93,23,30,134,58,86,69,64,101,151,54,158,199,6,117,98,25,110,81,52,182,76,162,78,60,79,185,148,167,61,41,36,46,131,59,133,96,157,138,178,164,173,66,126,198,159,140,118,109,29,154,156,106,19,108,146,43,128,85,152,111,83,181,82,192,139,33,13,172,195,40,37,15,35,88,145,189,194,31,171,116,57,0,113,196,89,5,141,119,74,183,63,51,72,147,65,102,115,14,45,55,155,184,161,80,114,177,169,191,11,104,180,163,170,95,137,90,125,149,32,68,97,100,7,175,179,27,150,136,144,70,168,17,103,105,142,190,188,186,176,42,47,132,166,123,44];False
2422;8287;10709;[4,67,193,48,10,1,91,129,8,84,122,73,174,135,21,99,16,77,112,71,56,18,62,120,24,197,26,9,143,20,3,2,121,160,92,49,130,22,38,34,124,94,75,12,165,153,187,127,39,107,87,76,50,53,93,23,30,134,58,86,69,64,101,151,54,158,37,6,117,98,25,110,81,52,182,28,162,78,60,79,185,148,167,61,41,36,46,131,59,133,96,157,138,178,164,173,66,126,198,159,140,118,109,29,154,156,106,19,108,146,43,128,85,152,111,83,181,82,192,139,33,13,172,195,40,199,15,35,88,145,189,194,31,171,116,57,0,113,196,89,5,141,119,74,183,63,51,72,147,65,102,115,14,45,55,155,184,161,80,114,177,169,191,11,104,180,163,170,95,137,90,125,149,32,68,97,100,7,175,179,27,150,136,144,70,168,17,103,105,142,190,188,186,176,42,47,132,166,123,44];False
2412;8297;10709;[4,67,193,48,10,1,91,129,8,84,122,73,174,135,21,99,16,77,112,71,56,18,62,120,24,197,26,9,143,20,3,2,121,160,92,49,130,22,38,34,124,94,75,12,165,153,187,127,39,107,87,76,50,53,93,23,30,134,58,86,69,64,101,151,54,158,199,6,117,98,25,110,81,52,182,28,162,78,60,79,185,148,167,61,41,36,46,131,59,133,96,157,138,178,164,173,66,126,166,159,140,118,109,29,154,156,106,19,108,146,43,128,85,152,111,83,181,82,192,139,33,13,172,195,40,37,15,35,88,145,189,194,31,171,116,57,0,113,196,89,5,141,119,74,183,63,51,72,147,65,102,115,14,45,55,155,184,161,80,114,177,169,191,11,104,180,163,170,95,137,90,125,149,32,68,97,100,7,175,179,27,150,136,144,70,168,17,103,105,142,190,188,186,176,42,47,132,198,123,44];False
2460;8248;10708;[4,67,193,48,10,1,91,129,8,84,122,73,174,135,21,99,16,77,112,71,56,18,62,120,24,197,26,9,143,20,3,2,121,160,92,49,130,22,38,34,124,94,75,12,165,153,187,127,39,107,87,76,119,53,93,23,30,134,58,86,69,64,101,151,54,158,199,6,117,98,25,110,81,52,182,28,162,78,60,79,185,148,167,61,41,36,46,131,59,133,96,157,138,178,164,173,66,126,198,159,140,118,109,29,154,156,106,19,108,146,43,128,85,152,111,83,181,82,192,139,33,13,172,195,40,37,15,35,88,145,189,194,31,171,116,57,0,113,196,89,5,141,50,74,183,63,51,72,147,65,102,115,14,45,55,155,184,161,80,114,177,169,191,11,104,180,163,170,95,137,90,125,149,32,68,97,100,7,175,179,27,150,136,144,70,168,17,103,105,142,190,188,186,176,42,47,132,166,123,44];False
2417;8291;10708;[4,67,193,48,10,1,91,129,8,84,122,73,174,135,21,99,16,77,112,71,56,18,62,120,24,197,26,9,143,20,3,2,121,160,92,49,130,22,38,34,124,94,75,12,165,153,187,127,39,107,87,76,50,53,93,23,30,134,58,86,69,64,101,151,54,158,199,139,117,98,25,110,81,52,182,28,162,78,60,79,185,148,167,61,41,36,46,131,59,133,96,157,138,178,164,173,66,126,198,159,140,118,109,29,154,156,106,19,108,146,43,128,85,152,111,83,181,82,192,6,33,13,172,195,40,37,15,35,88,145,189,194,31,171,116,57,0,113,196,89,5,141,119,74,183,63,51,72,147,65,102,115,14,45,55,155,184,161,80,114,177,169,191,11,104,180,163,170,95,137,90,125,149,32,68,97,100,7,175,179,27,150,136,144,70,168,17,103,105,142,190,188,186,176,42,47,132,166,123,44];False
2419;8289;10708;[4,67,193,48,10,1,91,129,8,84,122,73,174,135,21,99,16,77,112,71,56,18,62,120,24,197,26,9,143,20,3,2,121,160,92,49,130,22,38,34,124,94,75,12,165,153,187,127,39,107,87,76,50,53,93,23,30,134,58,86,69,64,101,151,54,32,199,6,117,98,25,110,81,52,182,28,162,78,60,79,185,148,167,61,41,36,46,131,59,133,96,157,138,178,164,173,66,126,198,159,140,118,109,29,154,156,106,19,108,146,43,128,85,152,111,83,181,82,192,139,33,13,172,195,40,37,15,35,88,145,189,194,31,171,116,57,0,113,196,89,5,141,119,74,183,63,51,72,147,65,102,115,14,45,55,155,184,161,80,114,177,169,191,11,104,180,163,170,95,137,90,125,149,158,68,97,100,7,175,179,27,150,136,144,70,168,17,103,105,142,190,188,186,176,42,47,132,166,123,44];False
2412;8296;10708;[4,67,193,48,10,1,91,129,8,55,122,73,174,135,21,99,16,77,112,71,56,18,62,120,24,197,26,9,143,20,3,2,121,160,92,49,130,22,38,34,124,94,75,12,165,153,187,127,39,107,87,76,50,53,93,23,30,134,58,86,69,64,101,151,54,158,199,6,117,98,25,110,81,52,182,28,162,78,60,79,185,148,167,61,41,36,46,131,59,133,96,157,138,178,164,173,66,126,198,159,140,118,109,29,154,156,106,19,108,146,43,128,85,152,111,83,181,82,192,139,33,13,172,195,40,37,15,35,88,145,189,194,31,171,116,57,0,113,196,89,5,141,119,74,183,63,51,72,147,65,102,115,14,45,84,155,184,161,80,114,177,169,191,11,104,180,163,170,95,137,90,125,149,32,68,97,100,7,175,179,27,150,136,144,70,168,17,103,105,142,190,188,186,176,42,47,132,166,123,44];False
2363;8345;10708;[4,67,193,48,10,1,91,129,8,84,122,73,174,135,52,99,16,77,112,71,56,18,62,120,24,197,26,9,143,20,3,2,121,160,92,49,130,22,38,34,124,94,75,12,165,153,187,127,39,107,87,76,50,53,93,23,30,134,58,86,69,64,101,151,54,158,199,6,117,98,25,110,81,21,182,28,162,78,60,79,185,148,167,61,41,36,46,131,59,133,96,157,138,178,164,173,66,126,198,159,140,118,109,29,154,156,106,19,108,146,43,128,85,152,111,83,181,82,192,139,33,13,172,195,40,37,15,35,88,145,189,194,31,171,116,57,0,113,196,89,5,141,119,74,183,63,51,72,147,65,102,115,14,45,55,155,184,161,80,114,177,169,191,11,104,180,163,170,95,137,90,125,149,32,68,97,100,7,175,179,27,150,136,144,70,168,17,103,105,142,190,188,186,176,42,47,132,166,123,44];False
2445;8263;10708;[4,67,193,48,10,1,91,129,8,84,122,73,174,135,21,99,16,77,112,71,56,18,62,120,24,197,26,9,143,20,3,2,121,160,92,49,130,22,38,34,124,94,75,12,165,153,187,127,39,107,87,76,50,53,93,23,30,134,58,86,69,64,101,151,54,158,199,6,117,98,43,110,81,52,182,28,162,78,60,79,185,148,167,61,41,36,46,131,59,133,96,157,138,178,164,173,66,126,198,159,140,118,109,29,154,156,106,19,108,146,25,128,85,152,111,83,181,82,192,139,33,13,172,195,40,37,15,35,88,145,189,194,31,171,116,57,0,113,196,89,5,141,119,74,183,63,51,72,147,65,102,115,14,45,55,155,184,161,80,114,177,169,191,11,104,180,163,170,95,137,90,125,149,32,68,97,100,7,175,179,27,150,136,144,70,168,17,103,105,142,190,188,186,176,42,47,132,166,123,44];False
2420;8288;10708;[4,67,193,48,10,1,91,129,8,84,122,73,174,135,21,99,16,77,172,71,56,18,62,120,24,197,26,9,143,20,3,2,121,160,92,49,130,22,38,34,124,94,75,12,165,153,187,127,39,107,87,76,50,53,93,23,30,134,58,86,69,64,101,151,54,158,199,6,117,98,25,110,81,52,182,28,162,78,60,79,185,148,167,61,41,36,46,131,59,133,96,157,138,178,164,173,66,126,198,159,140,118,109,29,154,156,106,19,108,146,43,128,85,152,111,83,181,82,192,139,33,13,112,195,40,37,15,35,88,145,189,194,31,171,116,57,0,113,196,89,5,141,119,74,183,63,51,72,147,65,102,115,14,45,55,155,184,161,80,114,177,169,191,11,104,180,163,170,95,137,90,125,149,32,68,97,100,7,175,179,27,150,136,144,70,168,17,103,105,142,190,188,186,176,42,47,132,166,123,44];False
2484;8224;10708;[4,67,193,48,10,1,91,129,8,84,122,73,174,135,21,99,16,77,112,71,56,18,62,120,24,197,26,9,143,20,3,2,121,160,92,49,130,22,38,34,124,94,75,12,165,153,187,127,39,107,87,76,50,53,93,23,30,134,58,86,69,64,101,151,54,158,199,6,117,98,25,110,81,52,182,28,162,78,60,79,185,148,167,61,41,36,161,131,59,133,96,157,138,178,164,173,66,126,198,159,140,118,109,29,154,156,106,19,108,146,43,128,85,152,111,83,181,82,192,139,33,13,172,195,40,37,15,35,88,145,189,194,31,171,116,57,0,113,196,89,5,141,119,74,183,63,51,72,147,65,102,115,14,45,55,155,184,46,80,114,177,169,191,11,104,180,163,170,95,137,90,125,149,32,68,97,100,7,175,179,27,150,136,144,70,168,17,103,105,142,190,188,186,176,42,47,132,166,123,44];False
2427;8281;10708;[4,67,193,48,10,1,91,129,8,84,122,73,174,135,21,99,16,77,112,71,56,18,62,120,24,197,26,9,143,20,159,2,121,160,92,49,130,22,38,34,124,94,75,12,165,153,187,127,39,107,87,76,50,53,93,23,30,134,58,86,69,64,101,151,54,158,199,6,117,98,25,110,81,52,182,28,162,78,60,79,185,148,167,61,41,36,46,131,59,133,96,157,138,178,164,173,66,126,198,3,140,118,109,29,154,156,106,19,108,146,43,128,85,152,111,83,181,82,192,139,33,13,172,195,40,37,15,35,88,145,189,194,31,171,116,57,0,113,196,89,5,141,119,74,183,63,51,72,147,65,102,115,14,45,55,155,184,161,80,114,177,169,191,11,104,180,163,170,95,137,90,125,149,32,68,97,100,7,175,179,27,150,136,144,70,168,17,103,105,142,190,188,186,176,42,47,132,166,123,44];False
2455;8253;10708;[4,67,193,48,10,1,91,129,8,84,122,73,174,135,21,99,16,77,112,71,56,18,62,120,24,197,26,9,143,20,3,2,121,160,92,49,130,22,38,34,124,94,75,12,165,153,187,127,39,107,87,76,50,53,93,23,30,134,58,86,69,64,101,151,54,158,199,157,117,98,25,110,81,52,182,28,162,78,60,79,185,148,167,61,41,36,46,131,59,133,96,6,138,178,164,173,66,126,198,159,140,118,109,29,154,156,106,19,108,146,43,128,85,152,111,83,181,82,192,139,33,13,172,195,40,37,15,35,88,145,189,194,31,171,116,57,0,113,196,89,5,141,119,74,183,63,51,72,147,65,102,115,14,45,55,155,184,161,80,114,177,169,191,11,104,180,163,170,95,137,90,125,149,32,68,97,100,7,175,179,27,150,136,144,70,168,17,103,105,142,190,188,186,176,42,47,132,166,123,44];False
2441;8267;10708;[4,67,193,48,10,1,91,129,152,84,122,73,174,135,21,99,16,77,112,71,56,18,62,120,24,197,26,9,143,20,3,2,121,160,92,49,130,22,38,34,124,94,75,12,165,153,187,127,39,107,87,76,50,53,93,23,30,134,58,86,69,64,101,151,54,158,199,6,117,98,25,110,81,52,182,28,162,78,60,79,185,148,167,61,41,36,46,131,59,133,96,157,138,178,164,173,66,126,198,159,140,118,109,29,154,156,106,19,108,146,43,128,85,8,111,83,181,82,192,139,33,13,172,195,40,37,15,35,88,145,189,194,31,171,116,57,0,113,196,89,5,141,119,74,183,63,51,72,147,65,102,115,14,45,55,155,184,161,80,114,177,169,191,11,104,180,163,170,95,137,90,125,149,32,68,97,100,7,175,179,27,150,136,144,70,168,17,103,105,142,190,188,186,176,42,47,132,166,123,44];False
2451;8257;10708;[4,67,193,48,10,1,91,129,8,84,122,73,174,135,21,99,16,77,112,71,56,18,62,120,24,197,26,9,143,20,3,2,121,160,92,49,130,22,38,34,124,94,75,12,165,153,187,127,39,107,87,76,50,53,93,23,30,134,58,86,69,64,101,151,54,158,199,6,117,47,25,110,81,52,182,28,162,78,60,79,185,148,167,61,41,36,46,131,59,133,96,157,138,178,164,173,66,126,198,159,140,118,109,29,154,156,106,19,108,146,43,128,85,152,111,83,181,82,192,139,33,13,172,195,40,37,15,35,88,145,189,194,31,171,116,57,0,113,196,89,5,141,119,74,183,63,51,72,147,65,102,115,14,45,55,155,184,161,80,114,177,169,191,11,104,180,163,170,95,137,90,125,149,32,68,97,100,7,175,179,27,150,136,144,70,168,17,103,105,142,190,188,186,176,42,98,132,166,123,44];False
2465;8243;10708;[4,67,193,48,10,1,91,129,8,84,122,73,174,135,21,99,16,77,112,71,56,18,62,120,24,197,26,9,143,20,3,2,121,160,92,49,130,22,38,34,124,94,75,12,165,153,187,127,39,107,87,76,50,53,93,23,30,134,58,86,69,64,101,151,54,158,199,6,117,98,25,110,81,52,182,28,162,78,60,79,185,148,167,61,41,36,46,131,59,133,96,157,138,178,164,173,66,126,198,159,140,118,109,29,154,156,106,19,108,146,43,128,85,152,111,83,181,82,192,139,33,125,172,195,40,37,15,35,88,145,189,194,31,171,116,57,0,113,196,89,5,141,119,74,183,63,51,72,147,65,102,115,14,45,55,155,184,161,80,114,177,169,191,11,104,180,163,170,95,137,90,13,149,32,68,97,100,7,175,179,27,150,136,144,70,168,17,103,105,142,190,188,186,176,42,47,132,166,123,44];False
2381;8327;10708;[4,67,193,48,10,1,91,129,8,84,122,73,174,135,21,99,16,77,112,71,56,18,62,120,24,197,26,9,143,20,3,2,121,160,92,49,130,22,38,34,124,94,75,12,165,153,187,127,39,107,87,76,50,53,93,23,108,134,58,86,69,64,101,151,54,158,199,6,117,98,25,110,81,52,182,28,162,78,60,79,185,148,167,61,41,36,46,131,59,133,96,157,138,178,164,173,66,126,198,159,140,118,109,29,154,156,106,19,30,146,43,128,85,152,111,83,181,82,192,139,33,13,172,195,40,37,15,35,88,145,189,194,31,171,116,57,0,113,196,89,5,141,119,74,183,63,51,72,147,65,102,115,14,45,55,155,184,161,80,114,177,169,191,11,104,180,163,170,95,137,90,125,149,32,68,97,100,7,175,179,27,150,136,144,70,168,17,103,105,142,190,188,186,176,42,47,132,166,123,44];False
2416;8291;10707;[4,67,193,48,10,1,91,129,8,84,122,73,174,135,21,99,16,77,112,71,56,18,166,120,24,197,26,9,143,20,3,2,121,160,92,49,130,22,38,34,124,94,75,12,165,153,187,127,39,107,87,76,50,53,93,23,30,134,58,86,69,64,101,151,54,158,199,6,117,98,25,110,81,52,182,28,162,78,60,79,185,148,167,61,41,36,46,131,59,133,96,157,138,178,164,173,66,126,198,159,140,118,109,29,154,156,106,19,108,146,43,128,85,152,111,83,181,82,192,139,33,13,172,195,40,37,15,35,88,145,189,194,31,171,116,57,0,113,196,89,5,141,119,74,183,63,51,72,147,65,102,115,14,45,55,155,184,161,80,114,177,169,191,11,104,180,163,170,95,137,90,125,149,32,68,97,100,7,175,179,27,150,136,144,70,168,17,103,105,142,190,188,186,176,42,47,132,62,123,44];False
2431;8276;10707;[4,67,193,48,10,1,91,129,8,84,122,73,174,135,21,99,16,77,112,71,56,18,62,120,24,197,26,9,143,20,3,2,121,160,92,49,130,22,38,34,124,94,75,12,165,153,187,127,39,107,87,76,50,53,93,23,30,134,58,86,69,64,101,151,54,158,199,6,117,98,25,110,81,52,182,28,162,78,60,79,185,148,167,61,41,36,46,131,59,133,96,157,138,178,164,173,66,126,198,159,140,118,109,29,154,156,106,19,108,146,43,128,85,152,111,83,181,82,192,139,33,13,172,195,40,37,15,35,88,145,189,194,31,171,116,57,0,113,196,89,5,141,119,74,183,63,51,72,147,65,102,115,14,45,55,155,184,161,80,114,177,169,191,11,104,180,163,170,95,137,90,125,149,32,68,97,100,7,166,179,27,150,136,144,70,168,17,103,105,142,190,188,186,176,42,47,132,175,123,44];False
2453;8254;10707;[4,67,193,48,10,1,91,129,8,84,122,73,174,135,21,99,16,77,112,71,56,18,62,133,24,197,26,9,143,20,3,2,121,160,92,49,130,22,38,34,124,94,75,12,165,153,187,127,39,107,87,76,50,53,93,23,30,134,58,86,69,64,101,151,54,158,199,6,117,98,25,110,81,52,182,28,162,78,60,79,185,148,167,61,41,36,46,131,59,120,96,157,138,178,164,173,66,126,198,159,140,118,109,29,154,156,106,19,108,146,43,128,85,152,111,83,181,82,192,139,33,13,172,195,40,37,15,35,88,145,189,194,31,171,116,57,0,113,196,89,5,141,119,74,183,63,51,72,147,65,102,115,14,45,55,155,184,161,80,114,177,169,191,11,104,180,163,170,95,137,90,125,149,32,68,97,100,7,175,179,27,150,136,144,70,168,17,103,105,142,190,188,186,176,42,47,132,166,123,44];False
2472;8235;10707;[4,67,193,48,10,1,91,129,8,84,122,73,174,135,21,99,16,77,112,71,56,18,62,120,24,197,26,9,143,20,3,2,121,160,92,49,130,22,38,34,124,94,75,12,165,153,187,127,39,107,87,68,50,53,93,23,30,134,58,86,69,64,101,151,54,158,199,6,117,98,25,110,81,52,182,28,162,78,60,79,185,148,167,61,41,36,46,131,59,133,96,157,138,178,164,173,66,126,198,159,140,118,109,29,154,156,106,19,108,146,43,128,85,152,111,83,181,82,192,139,33,13,172,195,40,37,15,35,88,145,189,194,31,171,116,57,0,113,196,89,5,141,119,74,183,63,51,72,147,65,102,115,14,45,55,155,184,161,80,114,177,169,191,11,104,180,163,170,95,137,90,125,149,32,76,97,100,7,175,179,27,150,136,144,70,168,17,103,105,142,190,188,186,176,42,47,132,166,123,44];False
2436;8271;10707;[4,67,193,48,10,1,91,129,8,84,122,73,174,135,21,99,16,77,112,71,56,18,62,120,24,197,26,9,143,20,3,2,121,160,92,49,130,22,38,34,124,94,75,12,165,153,187,127,39,107,87,76,50,53,93,23,30,134,58,86,69,64,101,151,54,158,199,6,117,98,25,110,81,52,182,28,162,78,60,79,185,148,167,61,41,36,46,131,59,133,96,157,138,178,164,173,66,126,198,159,140,118,109,29,154,156,106,19,108,146,43,128,85,152,111,83,181,82,192,139,33,13,172,195,40,37,15,35,88,145,189,194,31,171,116,57,0,113,196,89,5,141,119,74,183,63,51,72,147,65,150,115,14,45,55,155,184,161,80,114,177,169,191,11,104,180,163,170,95,137,90,125,149,32,68,97,100,7,175,179,27,102,136,144,70,168,17,103,105,142,190,188,186,176,42,47,132,166,123,44];False
2409;8298;10707;[4,67,193,48,10,1,91,129,8,84,122,73,174,135,21,99,16,77,112,71,56,18,62,120,24,197,26,9,143,20,3,2,121,160,92,49,130,22,38,34,124,94,75,12,165,153,187,127,39,107,87,76,50,53,93,23,30,134,58,86,69,64,101,151,54,158,199,6,117,98,25,110,81,52,182,28,162,78,60,79,185,148,167,61,41,36,46,131,59,123,96,157,138,178,164,173,66,126,198,159,140,118,109,29,154,156,106,19,108,146,43,128,85,152,111,83,181,82,192,139,33,13,172,195,40,37,15,35,88,145,189,194,31,171,116,57,0,113,196,89,5,141,119,74,183,63,51,72,147,65,102,115,14,45,55,155,184,161,80,114,177,169,191,11,104,180,163,170,95,137,90,125,149,32,68,97,100,7,175,179,27,150,136,144,70,168,17,103,105,142,190,188,186,176,42,47,132,166,133,44];False
2438;8269;10707;[4,67,193,48,10,1,91,129,8,84,122,73,174,135,21,99,16,77,112,71,56,18,62,120,24,197,26,9,143,20,3,2,121,160,92,49,130,22,38,34,124,94,75,12,165,153,187,127,39,107,87,76,50,53,93,23,30,134,58,86,69,64,101,151,54,158,199,6,117,98,25,110,81,52,182,28,162,78,60,79,185,148,167,61,41,36,46,131,59,133,0,157,138,178,164,173,66,126,198,159,140,118,109,29,154,156,106,19,108,146,43,128,85,152,111,83,181,82,192,139,33,13,172,195,40,37,15,35,88,145,189,194,31,171,116,57,96,113,196,89,5,141,119,74,183,63,51,72,147,65,102,115,14,45,55,155,184,161,80,114,177,169,191,11,104,180,163,170,95,137,90,125,149,32,68,97,100,7,175,179,27,150,136,144,70,168,17,103,105,142,190,188,186,176,42,47,132,166,123,44];False
2448;8259;10707;[4,67,193,48,196,1,91,129,8,84,122,73,174,135,21,99,16,77,112,71,56,18,62,120,24,197,26,9,143,20,3,2,121,160,92,49,130,22,38,34,124,94,75,12,165,153,187,127,39,107,87,76,50,53,93,23,30,134,58,86,69,64,101,151,54,158,199,6,117,98,25,110,81,52,182,28,162,78,60,79,185,148,167,61,41,36,46,131,59,133,96,157,138,178,164,173,66,126,198,159,140,118,109,29,154,156,106,19,108,146,43,128,85,152,111,83,181,82,192,139,33,13,172,195,40,37,15,35,88,145,189,194,31,171,116,57,0,113,10,89,5,141,119,74,183,63,51,72,147,65,102,115,14,45,55,155,184,161,80,114,177,169,191,11,104,180,163,170,95,137,90,125,149,32,68,97,100,7,175,179,27,150,136,144,70,168,17,103,105,142,190,188,186,176,42,47,132,166,123,44];False
2457;8250;10707;[4,67,193,48,10,1,91,129,8,84,122,73,174,135,21,99,16,77,112,71,56,18,62,120,24,197,26,9,143,20,3,2,121,160,92,49,130,22,38,34,124,94,75,12,165,153,187,127,39,107,87,76,50,53,93,23,30,134,58,86,69,64,101,151,54,158,199,6,117,98,25,110,81,52,182,28,162,78,60,79,185,148,167,61,41,36,46,131,59,133,96,157,138,178,164,173,66,126,198,159,55,118,109,29,154,156,106,19,108,146,43,128,85,152,111,83,181,82,192,139,33,13,172,195,40,37,15,35,88,145,189,194,31,171,116,57,0,113,196,89,5,141,119,74,183,63,51,72,147,65,102,115,14,45,140,155,184,161,80,114,177,169,191,11,104,180,163,170,95,137,90,125,149,32,68,97,100,7,175,179,27,150,136,144,70,168,17,103,105,142,190,188,186,176,42,47,132,166,123,44];False
2425;8282;10707;[4,67,193,48,10,1,91,129,8,84,122,73,174,135,21,99,16,77,112,71,56,18,62,120,24,197,26,9,143,20,3,2,121,160,92,49,130,22,38,34,124,94,75,12,165,153,187,127,39,107,87,76,50,53,93,23,30,134,58,86,69,64,101,151,54,158,199,6,117,98,25,110,81,52,182,28,162,78,60,79,185,148,167,61,41,36,46,131,59,133,96,157,138,178,164,173,66,126,198,159,140,118,109,29,154,156,106,19,108,146,43,128,85,152,111,83,181,82,192,139,33,13,172,195,40,37,15,179,88,145,189,194,31,171,116,57,0,113,196,89,5,141,119,74,183,63,51,72,147,65,102,115,14,45,55,155,184,161,80,114,177,169,191,11,104,180,163,170,95,137,90,125,149,32,68,97,100,7,175,35,27,150,136,144,70,168,17,103,105,142,190,188,186,176,42,47,132,166,123,44];False
2449;8258;10707;[4,67,193,48,10,1,91,129,8,84,122,73,174,135,21,99,16,77,112,71,56,18,62,120,24,197,26,9,143,20,3,2,121,160,92,49,130,22,38,34,124,94,75,12,165,153,187,127,39,107,87,76,50,53,93,23,30,134,58,86,69,64,101,151,54,158,199,6,117,98,25,110,81,52,182,28,162,78,60,79,185,148,167,61,41,36,46,131,59,133,96,157,138,178,164,173,66,126,198,159,140,118,109,29,154,156,106,19,108,146,43,128,85,152,111,83,181,82,192,139,33,13,172,195,40,37,15,35,88,145,189,194,31,171,116,57,0,113,196,89,5,141,119,74,183,63,51,72,147,65,102,115,14,45,55,155,184,161,80,114,7,169,191,11,104,180,163,170,95,137,90,125,149,32,68,97,100,177,175,179,27,150,136,144,70,168,17,103,105,142,190,188,186,176,42,47,132,166,123,44];False
2446;8261;10707;[4,67,193,173,10,1,91,129,8,84,122,73,174,135,21,99,16,77,112,71,56,18,62,120,24,197,26,9,143,20,3,2,121,160,92,49,130,22,38,34,124,94,75,12,165,153,187,127,39,107,87,76,50,53,93,23,30,134,58,86,69,64,101,151,54,158,199,6,117,98,25,110,81,52,182,28,162,78,60,79,185,148,167,61,41,36,46,131,59,133,96,157,138,178,164,48,66,126,198,159,140,118,109,29,154,156,106,19,108,146,43,128,85,152,111,83,181,82,192,139,33,13,172,195,40,37,15,35,88,145,189,194,31,171,116,57,0,113,196,89,5,141,119,74,183,63,51,72,147,65,102,115,14,45,55,155,184,161,80,114,177,169,191,11,104,180,163,170,95,137,90,125,149,32,68,97,100,7,175,179,27,150,136,144,70,168,17,103,105,142,190,188,186,176,42,47,132,166,123,44];False
2418;8289;10707;[4,67,193,48,10,1,91,129,8,84,122,73,174,135,21,99,16,77,112,71,56,18,62,120,24,197,26,9,143,20,3,2,121,160,92,49,130,22,38,34,124,94,75,12,165,153,187,127,39,107,87,76,50,53,93,23,30,134,58,86,69,64,101,151,54,158,199,6,117,98,25,110,81,52,182,28,162,78,60,79,185,148,167,61,41,36,46,131,59,133,96,157,138,178,164,173,66,126,198,159,140,118,109,29,154,156,106,19,108,146,43,128,136,152,111,83,181,82,192,139,33,13,172,195,40,37,15,35,88,145,189,194,31,171,116,57,0,113,196,89,5,141,119,74,183,63,51,72,147,65,102,115,14,45,55,155,184,161,80,114,177,169,191,11,104,180,163,170,95,137,90,125,149,32,68,97,100,7,175,179,27,150,85,144,70,168,17,103,105,142,190,188,186,176,42,47,132,166,123,44];False
2408;8299;10707;[4,67,193,48,10,174,91,129,8,84,122,73,1,135,21,99,16,77,112,71,56,18,62,120,24,197,26,9,143,20,3,2,121,160,92,49,130,22,38,34,124,94,75,12,165,153,187,127,39,107,87,76,50,53,93,23,30,134,58,86,69,64,101,151,54,158,199,6,117,98,25,110,81,52,182,28,162,78,60,79,185,148,167,61,41,36,46,131,59,133,96,157,138,178,164,173,66,126,198,159,140,118,109,29,154,156,106,19,108,146,43,128,85,152,111,83,181,82,192,139,33,13,172,195,40,37,15,35,88,145,189,194,31,171,116,57,0,113,196,89,5,141,119,74,183,63,51,72,147,65,102,115,14,45,55,155,184,161,80,114,177,169,191,11,104,180,163,170,95,137,90,125,149,32,68,97,100,7,175,179,27,150,136,144,70,168,17,103,105,142,190,188,186,176,42,47,132,166,123,44];False
2418;8288;10706;[4,67,193,48,10,1,91,129,8,84,122,73,174,135,21,99,16,77,112,71,56,18,62,120,24,197,26,9,143,20,3,2,121,160,92,49,130,22,38,34,124,94,75,12,165,153,187,127,39,107,87,76,50,53,93,23,30,134,58,86,69,64,101,151,54,15,199,6,117,98,25,110,81,52,182,28,162,78,60,79,185,148,167,61,41,36,46,131,59,133,96,157,138,178,164,173,66,126,198,159,140,118,109,29,154,156,106,19,108,146,43,128,85,152,111,83,181,82,192,139,33,13,172,195,40,37,158,35,88,145,189,194,31,171,116,57,0,113,196,89,5,141,119,74,183,63,51,72,147,65,102,115,14,45,55,155,184,161,80,114,177,169,191,11,104,180,163,170,95,137,90,125,149,32,68,97,100,7,175,179,27,150,136,144,70,168,17,103,105,142,190,188,186,176,42,47,132,166,123,44];False
2457;8249;10706;[4,67,193,48,10,1,91,129,8,84,122,73,174,135,21,99,16,77,112,71,56,18,62,120,24,197,26,9,143,20,3,2,121,160,92,49,130,22,144,34,124,94,75,12,165,153,187,127,39,107,87,76,50,53,93,23,30,134,58,86,69,64,101,151,54,158,199,6,117,98,25,110,81,52,182,28,162,78,60,79,185,148,167,61,41,36,46,131,59,133,96,157,138,178,164,173,66,126,198,159,140,118,109,29,154,156,106,19,108,146,43,128,85,152,111,83,181,82,192,139,33,13,172,195,40,37,15,35,88,145,189,194,31,171,116,57,0,113,196,89,5,141,119,74,183,63,51,72,147,65,102,115,14,45,55,155,184,161,80,114,177,169,191,11,104,180,163,170,95,137,90,125,149,32,68,97,100,7,175,179,27,150,136,38,70,168,17,103,105,142,190,188,186,176,42,47,132,166,123,44];False
2423;8283;10706;[4,67,193,48,10,1,91,129,195,84,122,73,174,135,21,99,16,77,112,71,56,18,62,120,24,197,26,9,143,20,3,2,121,160,92,49,130,22,38,34,124,94,75,12,165,153,187,127,39,107,87,76,50,53,93,23,30,134,58,86,69,64,101,151,54,158,199,6,117,98,25,110,81,52,182,28,162,78,60,79,185,148,167,61,41,36,46,131,59,133,96,157,138,178,164,173,66,126,198,159,140,118,109,29,154,156,106,19,108,146,43,128,85,152,111,83,181,82,192,139,33,13,172,8,40,37,15,35,88,145,189,194,31,171,116,57,0,113,196,89,5,141,119,74,183,63,51,72,147,65,102,115,14,45,55,155,184,161,80,114,177,169,191,11,104,180,163,170,95,137,90,125,149,32,68,97,100,7,175,179,27,150,136,144,70,168,17,103,105,142,190,188,186,176,42,47,132,166,123,44];False
2339;8367;10706;[4,67,193,48,10,1,91,129,8,84,122,73,174,135,21,99,16,77,112,71,56,18,62,120,24,197,26,9,143,20,3,2,121,160,92,49,130,22,38,34,124,94,75,12,165,153,187,127,39,107,87,76,50,53,93,23,30,134,58,86,69,64,101,151,54,158,199,6,117,98,25,110,81,52,182,28,162,78,60,79,185,148,167,61,41,36,46,131,59,133,96,157,138,178,164,173,66,126,198,159,140,118,109,29,154,156,100,19,108,146,43,128,85,152,111,83,181,82,192,139,33,13,172,195,40,37,15,35,88,145,189,194,31,171,116,57,0,113,196,89,5,141,119,74,183,63,51,72,147,65,102,115,14,45,55,155,184,161,80,114,177,169,191,11,104,180,163,170,95,137,90,125,149,32,68,97,106,7,175,179,27,150,136,144,70,168,17,103,105,142,190,188,186,176,42,47,132,166,123,44];False
2421;8285;10706;[4,67,193,48,10,1,91,129,8,84,122,73,174,135,21,99,16,77,112,71,95,18,62,120,24,197,26,9,143,20,3,2,121,160,92,49,130,22,38,34,124,94,75,12,165,153,187,127,39,107,87,76,50,53,93,23,30,134,58,86,69,64,101,151,54,158,199,6,117,98,25,110,81,52,182,28,162,78,60,79,185,148,167,61,41,36,46,131,59,133,96,157,138,178,164,173,66,126,198,159,140,118,109,29,154,156,106,19,108,146,43,128,85,152,111,83,181,82,192,139,33,13,172,195,40,37,15,35,88,145,189,194,31,171,116,57,0,113,196,89,5,141,119,74,183,63,51,72,147,65,102,115,14,45,55,155,184,161,80,114,177,169,191,11,104,180,163,170,56,137,90,125,149,32,68,97,100,7,175,179,27,150,136,144,70,168,17,103,105,142,190,188,186,176,42,47,132,166,123,44];False
2474;8232;10706;[4,67,193,48,10,1,91,129,8,84,122,73,174,135,21,99,16,77,112,71,56,18,62,120,11,197,26,9,143,20,3,2,121,160,92,49,130,22,38,34,124,94,75,12,165,153,187,127,39,107,87,76,50,53,93,23,30,134,58,86,69,64,101,151,54,158,199,6,117,98,25,110,81,52,182,28,162,78,60,79,185,148,167,61,41,36,46,131,59,133,96,157,138,178,164,173,66,126,198,159,140,118,109,29,154,156,106,19,108,146,43,128,85,152,111,83,181,82,192,139,33,13,172,195,40,37,15,35,88,145,189,194,31,171,116,57,0,113,196,89,5,141,119,74,183,63,51,72,147,65,102,115,14,45,55,155,184,161,80,114,177,169,191,24,104,180,163,170,95,137,90,125,149,32,68,97,100,7,175,179,27,150,136,144,70,168,17,103,105,142,190,188,186,176,42,47,132,166,123,44];False
2474;8232;10706;[4,67,193,48,10,1,91,129,8,84,122,73,174,135,21,99,16,77,112,71,56,18,62,120,24,197,26,9,143,20,3,2,121,160,92,49,130,22,38,34,124,94,75,12,165,153,187,127,39,107,87,76,50,53,93,23,30,134,58,86,69,64,101,151,54,158,199,6,117,98,25,110,81,52,182,28,162,78,60,79,185,148,167,61,41,36,46,131,59,133,96,157,138,178,164,173,66,126,198,159,140,118,109,29,31,156,106,19,108,146,43,128,85,152,111,83,181,82,192,139,33,13,172,195,40,37,15,35,88,145,189,194,154,171,116,57,0,113,196,89,5,141,119,74,183,63,51,72,147,65,102,115,14,45,55,155,184,161,80,114,177,169,191,11,104,180,163,170,95,137,90,125,149,32,68,97,100,7,175,179,27,150,136,144,70,168,17,103,105,142,190,188,186,176,42,47,132,166,123,44];False
2402;8304;10706;[4,67,193,48,10,1,91,129,8,84,122,73,174,135,21,99,16,77,112,71,56,18,62,120,24,197,26,9,143,20,3,2,121,160,92,49,130,22,38,34,124,94,75,12,165,95,187,127,39,107,87,76,50,53,93,23,30,134,58,86,69,64,101,151,54,158,199,6,117,98,25,110,81,52,182,28,162,78,60,79,185,148,167,61,41,36,46,131,59,133,96,157,138,178,164,173,66,126,198,159,140,118,109,29,154,156,106,19,108,146,43,128,85,152,111,83,181,82,192,139,33,13,172,195,40,37,15,35,88,145,189,194,31,171,116,57,0,113,196,89,5,141,119,74,183,63,51,72,147,65,102,115,14,45,55,155,184,161,80,114,177,169,191,11,104,180,163,170,153,137,90,125,149,32,68,97,100,7,175,179,27,150,136,144,70,168,17,103,105,142,190,188,186,176,42,47,132,166,123,44];False
2390;8316;10706;[4,67,193,48,10,1,91,129,8,84,122,73,174,135,21,99,16,77,112,71,56,18,62,120,24,197,26,9,143,20,3,2,121,160,92,49,130,22,38,34,124,94,75,12,165,153,187,127,39,107,87,76,50,53,93,23,30,134,58,86,69,70,101,151,54,158,199,6,117,98,25,110,81,52,182,28,162,78,60,79,185,148,167,61,41,36,46,131,59,133,96,157,138,178,164,173,66,126,198,159,140,118,109,29,154,156,106,19,108,146,43,128,85,152,111,83,181,82,192,139,33,13,172,195,40,37,15,35,88,145,189,194,31,171,116,57,0,113,196,89,5,141,119,74,183,63,51,72,147,65,102,115,14,45,55,155,184,161,80,114,177,169,191,11,104,180,163,170,95,137,90,125,149,32,68,97,100,7,175,179,27,150,136,144,64,168,17,103,105,142,190,188,186,176,42,47,132,166,123,44];False
2435;8271;10706;[4,67,193,48,10,1,91,129,8,84,122,73,174,135,21,99,16,77,112,71,56,18,62,120,24,197,26,9,143,20,3,2,121,160,92,49,130,22,38,34,124,94,75,12,165,153,187,127,39,107,87,76,50,53,93,23,30,134,58,86,69,64,101,151,54,158,199,6,117,98,25,110,81,52,182,28,162,78,60,79,185,148,167,61,41,36,46,131,59,133,96,157,138,178,164,173,66,126,198,159,140,118,109,29,154,156,106,19,108,146,43,128,85,152,111,83,181,82,192,139,33,13,172,195,40,37,15,35,88,145,189,194,31,171,116,57,0,113,196,89,5,141,119,74,183,63,51,72,147,65,102,115,14,45,55,155,184,161,80,114,177,169,191,11,104,180,163,170,95,137,90,125,149,32,68,97,100,7,175,179,27,150,17,144,70,168,136,103,105,142,190,188,186,176,42,47,132,166,123,44];False
2388;8318;10706;[4,67,193,48,10,1,91,129,8,84,122,73,174,135,21,99,16,77,112,71,56,18,62,120,24,197,26,9,143,20,3,2,121,160,92,49,130,22,38,34,124,94,75,12,165,153,187,127,39,107,87,76,50,53,93,23,30,134,58,86,69,64,101,151,54,158,199,6,117,98,25,110,81,52,182,28,162,78,60,79,185,148,167,61,41,36,46,131,59,133,96,157,138,178,164,173,66,126,198,159,140,118,109,29,154,156,106,19,108,146,43,128,85,152,111,83,181,82,192,139,33,13,172,195,40,37,15,35,88,145,189,194,31,171,116,57,0,113,196,89,5,141,119,74,183,63,51,72,147,65,102,115,14,45,55,155,184,161,80,114,177,168,191,11,104,180,163,170,95,137,90,125,149,32,68,97,100,7,175,179,27,150,136,144,70,169,17,103,105,142,190,188,186,176,42,47,132,166,123,44];False
2476;8230;10706;[4,67,193,48,10,1,91,129,8,84,122,73,174,135,21,99,16,77,112,71,56,18,62,120,24,197,26,9,143,20,3,2,121,160,178,49,130,22,38,34,124,94,75,12,165,153,187,127,39,107,87,76,50,53,93,23,30,134,58,86,69,64,101,151,54,158,199,6,117,98,25,110,81,52,182,28,162,78,60,79,185,148,167,61,41,36,46,131,59,133,96,157,138,92,164,173,66,126,198,159,140,118,109,29,154,156,106,19,108,146,43,128,85,152,111,83,181,82,192,139,33,13,172,195,40,37,15,35,88,145,189,194,31,171,116,57,0,113,196,89,5,141,119,74,183,63,51,72,147,65,102,115,14,45,55,155,184,161,80,114,177,169,191,11,104,180,163,170,95,137,90,125,149,32,68,97,100,7,175,179,27,150,136,144,70,168,17,103,105,142,190,188,186,176,42,47,132,166,123,44];False
2421;8284;10705;[4,67,193,48,10,1,91,129,8,84,122,73,174,135,21,99,16,77,112,71,56,18,62,120,24,197,26,9,143,20,3,2,121,160,92,49,130,22,38,34,124,94,75,12,165,153,187,127,39,107,87,76,50,53,93,23,30,134,58,86,69,64,101,151,54,158,199,6,117,98,25,110,81,52,182,28,162,78,60,79,185,148,167,61,41,36,46,131,59,133,96,157,138,178,164,173,66,126,198,159,140,118,109,29,154,156,106,150,108,146,43,128,85,152,111,83,181,82,192,139,33,13,172,195,40,37,15,35,88,145,189,194,31,171,116,57,0,113,196,89,5,141,119,74,183,63,51,72,147,65,102,115,14,45,55,155,184,161,80,114,177,169,191,11,104,180,163,170,95,137,90,125,149,32,68,97,100,7,175,179,27,19,136,144,70,168,17,103,105,142,190,188,186,176,42,47,132,166,123,44];False
2413;8292;10705;[4,67,193,48,10,1,91,129,8,84,122,73,174,135,21,99,16,77,112,71,56,18,62,120,24,197,26,9,143,20,50,2,121,160,92,49,130,22,38,34,124,94,75,12,165,153,187,127,39,107,87,76,3,53,93,23,30,134,58,86,69,64,101,151,54,158,199,6,117,98,25,110,81,52,182,28,162,78,60,79,185,148,167,61,41,36,46,131,59,133,96,157,138,178,164,173,66,126,198,159,140,118,109,29,154,156,106,19,108,146,43,128,85,152,111,83,181,82,192,139,33,13,172,195,40,37,15,35,88,145,189,194,31,171,116,57,0,113,196,89,5,141,119,74,183,63,51,72,147,65,102,115,14,45,55,155,184,161,80,114,177,169,191,11,104,180,163,170,95,137,90,125,149,32,68,97,100,7,175,179,27,150,136,144,70,168,17,103,105,142,190,188,186,176,42,47,132,166,123,44];False
2423;8282;10705;[4,67,193,48,10,1,91,129,8,84,122,73,174,135,21,99,16,77,112,71,56,18,62,120,24,197,26,9,143,20,3,2,121,160,92,49,130,22,38,34,124,94,75,12,165,153,187,127,39,107,87,76,50,53,93,23,30,134,58,86,69,64,101,151,54,158,199,6,117,98,25,110,81,52,182,28,162,78,60,79,185,148,167,61,166,36,46,131,59,133,96,157,138,178,164,173,66,126,198,159,140,118,109,29,154,156,106,19,108,146,43,128,85,152,111,83,181,82,192,139,33,13,172,195,40,37,15,35,88,145,189,194,31,171,116,57,0,113,196,89,5,141,119,74,183,63,51,72,147,65,102,115,14,45,55,155,184,161,80,114,177,169,191,11,104,180,163,170,95,137,90,125,149,32,68,97,100,7,175,179,27,150,136,144,70,168,17,103,105,142,190,188,186,176,42,47,132,41,123,44];False
2438;8267;10705;[4,67,193,48,10,1,91,129,8,84,122,73,174,135,21,99,16,77,112,71,56,18,62,120,24,197,26,9,143,20,3,2,121,160,92,49,130,22,38,34,124,94,75,12,165,153,187,127,39,107,87,76,50,53,93,23,30,134,58,86,69,64,101,151,54,158,199,6,117,98,25,110,81,52,182,28,162,78,60,79,185,148,167,61,41,36,46,131,59,133,96,157,138,178,164,173,66,126,198,159,40,118,109,29,154,156,106,19,108,146,43,128,85,152,111,83,181,82,192,139,33,13,172,195,140,37,15,35,88,145,189,194,31,171,116,57,0,113,196,89,5,141,119,74,183,63,51,72,147,65,102,115,14,45,55,155,184,161,80,114,177,169,191,11,104,180,163,170,95,137,90,125,149,32,68,97,100,7,175,179,27,150,136,144,70,168,17,103,105,142,190,188,186,176,42,47,132,166,123,44];False
2428;8277;10705;[4,67,193,48,10,1,91,129,8,84,122,73,174,135,21,99,16,77,112,71,56,18,62,120,125,197,26,9,143,20,3,2,121,160,92,49,130,22,38,34,124,94,75,12,165,153,187,127,39,107,87,76,50,53,93,23,30,134,58,86,69,64,101,151,54,158,199,6,117,98,25,110,81,52,182,28,162,78,60,79,185,148,167,61,41,36,46,131,59,133,96,157,138,178,164,173,66,126,198,159,140,118,109,29,154,156,106,19,108,146,43,128,85,152,111,83,181,82,192,139,33,13,172,195,40,37,15,35,88,145,189,194,31,171,116,57,0,113,196,89,5,141,119,74,183,63,51,72,147,65,102,115,14,45,55,155,184,161,80,114,177,169,191,11,104,180,163,170,95,137,90,24,149,32,68,97,100,7,175,179,27,150,136,144,70,168,17,103,105,142,190,188,186,176,42,47,132,166,123,44];False
2449;8256;10705;[4,67,193,48,10,1,91,129,8,84,122,73,174,135,21,99,16,77,112,71,56,18,62,120,24,197,26,9,143,20,3,2,121,160,92,49,130,22,38,34,124,94,75,12,165,153,187,127,39,107,87,76,50,53,93,23,30,134,58,86,69,64,101,151,54,158,199,6,117,98,25,110,81,52,182,28,162,78,60,79,185,148,167,61,41,36,46,131,59,133,96,157,138,178,164,173,66,126,198,159,140,118,109,29,154,156,106,19,108,146,43,128,85,152,111,83,181,82,192,139,33,13,172,195,40,37,15,35,88,145,189,194,31,171,116,57,0,113,196,89,5,141,119,74,183,63,51,72,161,65,102,115,14,45,55,155,184,147,80,114,177,169,191,11,104,180,163,170,95,137,90,125,149,32,68,97,100,7,175,179,27,150,136,144,70,168,17,103,105,142,190,188,186,176,42,47,132,166,123,44];False
2441;8264;10705;[4,67,193,48,149,1,91,129,8,84,122,73,174,135,21,99,16,77,112,71,56,18,62,120,24,197,26,9,143,20,3,2,121,160,92,49,130,22,38,34,124,94,75,12,165,153,187,127,39,107,87,76,50,53,93,23,30,134,58,86,69,64,101,151,54,158,199,6,117,98,25,110,81,52,182,28,162,78,60,79,185,148,167,61,41,36,46,131,59,133,96,157,138,178,164,173,66,126,198,159,140,118,109,29,154,156,106,19,108,146,43,128,85,152,111,83,181,82,192,139,33,13,172,195,40,37,15,35,88,145,189,194,31,171,116,57,0,113,196,89,5,141,119,74,183,63,51,72,147,65,102,115,14,45,55,155,184,161,80,114,177,169,191,11,104,180,163,170,95,137,90,125,10,32,68,97,100,7,175,179,27,150,136,144,70,168,17,103,105,142,190,188,186,176,42,47,132,166,123,44];False
2436;8269;10705;[4,67,193,48,10,1,66,129,8,84,122,73,174,135,21,99,16,77,112,71,56,18,62,120,24,197,26,9,143,20,3,2,121,160,92,49,130,22,38,34,124,94,75,12,165,153,187,127,39,107,87,76,50,53,93,23,30,134,58,86,69,64,101,151,54,158,199,6,117,98,25,110,81,52,182,28,162,78,60,79,185,148,167,61,41,36,46,131,59,133,96,157,138,178,164,173,91,126,198,159,140,118,109,29,154,156,106,19,108,146,43,128,85,152,111,83,181,82,192,139,33,13,172,195,40,37,15,35,88,145,189,194,31,171,116,57,0,113,196,89,5,141,119,74,183,63,51,72,147,65,102,115,14,45,55,155,184,161,80,114,177,169,191,11,104,180,163,170,95,137,90,125,149,32,68,97,100,7,175,179,27,150,136,144,70,168,17,103,105,142,190,188,186,176,42,47,132,166,123,44];False
2435;8270;10705;[4,67,193,48,10,1,91,129,8,84,122,73,174,135,21,99,16,77,112,71,56,18,62,120,24,197,26,9,143,20,3,2,121,160,92,49,130,22,38,34,124,94,75,12,165,153,187,127,39,107,87,76,50,53,93,23,132,134,58,86,69,64,101,151,54,158,199,6,117,98,25,110,81,52,182,28,162,78,60,79,185,148,167,61,41,36,46,131,59,133,96,157,138,178,164,173,66,126,198,159,140,118,109,29,154,156,106,19,108,146,43,128,85,152,111,83,181,82,192,139,33,13,172,195,40,37,15,35,88,145,189,194,31,171,116,57,0,113,196,89,5,141,119,74,183,63,51,72,147,65,102,115,14,45,55,155,184,161,80,114,177,169,191,11,104,180,163,170,95,137,90,125,149,32,68,97,100,7,175,179,27,150,136,144,70,168,17,103,105,142,190,188,186,176,42,47,30,166,123,44];False
2426;8278;10704;[4,67,193,48,10,1,91,129,8,84,122,73,174,135,21,99,16,77,112,71,56,18,62,120,24,197,26,9,143,20,3,2,121,160,92,49,130,22,38,34,124,94,75,12,165,153,187,127,39,107,87,76,50,53,93,23,30,134,58,86,69,64,101,151,54,158,199,6,117,98,25,110,81,52,182,28,162,78,60,79,185,148,167,61,41,36,46,131,59,133,96,157,138,178,164,173,66,126,198,159,140,118,109,29,154,156,106,19,108,146,43,128,85,152,111,83,181,82,192,139,33,13,172,195,40,37,15,35,88,145,189,194,31,171,116,57,0,113,196,89,5,141,119,74,72,63,51,183,147,65,102,115,14,45,55,155,184,161,80,114,177,169,191,11,104,180,163,170,95,137,90,125,149,32,68,97,100,7,175,179,27,150,136,144,70,168,17,103,105,142,190,188,186,176,42,47,132,166,123,44];False
2459;8245;10704;[4,67,193,48,10,1,91,129,8,84,122,73,174,135,21,99,16,77,112,71,56,18,62,120,24,197,26,9,143,20,3,2,121,160,92,49,130,22,38,34,124,94,75,12,165,153,187,127,39,107,87,76,50,53,93,23,30,134,58,86,69,64,101,151,54,158,199,6,117,98,25,110,81,52,182,28,162,78,60,79,185,148,167,61,41,36,46,163,59,133,96,157,138,178,164,173,66,126,198,159,140,118,109,29,154,156,106,19,108,146,43,128,85,152,111,83,181,82,192,139,33,13,172,195,40,37,15,35,88,145,189,194,31,171,116,57,0,113,196,89,5,141,119,74,183,63,51,72,147,65,102,115,14,45,55,155,184,161,80,114,177,169,191,11,104,180,131,170,95,137,90,125,149,32,68,97,100,7,175,179,27,150,136,144,70,168,17,103,105,142,190,188,186,176,42,47,132,166,123,44];False
2435;8269;10704;[4,67,193,48,10,1,91,129,8,84,122,73,174,135,21,99,16,77,112,71,56,18,62,120,24,197,26,9,143,20,3,2,23,160,92,49,130,22,38,34,124,94,75,12,165,153,187,127,39,107,87,76,50,53,93,121,30,134,58,86,69,64,101,151,54,158,199,6,117,98,25,110,81,52,182,28,162,78,60,79,185,148,167,61,41,36,46,131,59,133,96,157,138,178,164,173,66,126,198,159,140,118,109,29,154,156,106,19,108,146,43,128,85,152,111,83,181,82,192,139,33,13,172,195,40,37,15,35,88,145,189,194,31,171,116,57,0,113,196,89,5,141,119,74,183,63,51,72,147,65,102,115,14,45,55,155,184,161,80,114,177,169,191,11,104,180,163,170,95,137,90,125,149,32,68,97,100,7,175,179,27,150,136,144,70,168,17,103,105,142,190,188,186,176,42,47,132,166,123,44];False
2423;8281;10704;[4,67,193,48,10,1,91,129,8,84,122,73,174,135,21,99,16,77,112,71,56,18,62,120,24,197,26,9,143,20,3,2,121,160,92,49,130,22,38,34,124,94,75,12,165,153,187,127,39,107,87,76,50,53,93,23,30,134,58,86,69,64,101,151,54,158,199,6,117,98,25,110,81,52,182,28,162,78,60,79,185,83,167,61,41,36,46,131,59,133,96,157,138,178,164,173,66,126,198,159,140,118,109,29,154,156,106,19,108,146,43,128,85,152,111,148,181,82,192,139,33,13,172,195,40,37,15,35,88,145,189,194,31,171,116,57,0,113,196,89,5,141,119,74,183,63,51,72,147,65,102,115,14,45,55,155,184,161,80,114,177,169,191,11,104,180,163,170,95,137,90,125,149,32,68,97,100,7,175,179,27,150,136,144,70,168,17,103,105,142,190,188,186,176,42,47,132,166,123,44];False
2367;8337;10704;[4,67,193,48,10,1,91,129,8,84,122,73,174,135,21,99,16,77,112,71,56,18,62,120,24,197,26,9,143,20,3,2,121,160,92,49,130,22,38,34,124,94,75,12,165,153,187,127,39,107,87,76,50,53,93,23,30,134,58,86,69,64,101,151,54,158,199,6,117,98,25,110,81,52,182,28,47,78,60,79,185,148,167,61,41,36,46,131,59,133,96,157,138,178,164,173,66,126,198,159,140,118,109,29,154,156,106,19,108,146,43,128,85,152,111,83,181,82,192,139,33,13,172,195,40,37,15,35,88,145,189,194,31,171,116,57,0,113,196,89,5,141,119,74,183,63,51,72,147,65,102,115,14,45,55,155,184,161,80,114,177,169,191,11,104,180,163,170,95,137,90,125,149,32,68,97,100,7,175,179,27,150,136,144,70,168,17,103,105,142,190,188,186,176,42,162,132,166,123,44];False
2388;8316;10704;[4,67,193,48,10,158,91,129,8,84,122,73,174,135,21,99,16,77,112,71,56,18,62,120,24,197,26,9,143,20,3,2,121,160,92,49,130,22,38,34,124,94,75,12,165,153,187,127,39,107,87,76,50,53,93,23,30,134,58,86,69,64,101,151,54,1,199,6,117,98,25,110,81,52,182,28,162,78,60,79,185,148,167,61,41,36,46,131,59,133,96,157,138,178,164,173,66,126,198,159,140,118,109,29,154,156,106,19,108,146,43,128,85,152,111,83,181,82,192,139,33,13,172,195,40,37,15,35,88,145,189,194,31,171,116,57,0,113,196,89,5,141,119,74,183,63,51,72,147,65,102,115,14,45,55,155,184,161,80,114,177,169,191,11,104,180,163,170,95,137,90,125,149,32,68,97,100,7,175,179,27,150,136,144,70,168,17,103,105,142,190,188,186,176,42,47,132,166,123,44];False
2409;8295;10704;[4,67,193,48,10,1,91,129,8,84,122,73,116,135,21,99,16,77,112,71,56,18,62,120,24,197,26,9,143,20,3,2,121,160,92,49,130,22,38,34,124,94,75,12,165,153,187,127,39,107,87,76,50,53,93,23,30,134,58,86,69,64,101,151,54,158,199,6,117,98,25,110,81,52,182,28,162,78,60,79,185,148,167,61,41,36,46,131,59,133,96,157,138,178,164,173,66,126,198,159,140,118,109,29,154,156,106,19,108,146,43,128,85,152,111,83,181,82,192,139,33,13,172,195,40,37,15,35,88,145,189,194,31,171,174,57,0,113,196,89,5,141,119,74,183,63,51,72,147,65,102,115,14,45,55,155,184,161,80,114,177,169,191,11,104,180,163,170,95,137,90,125,149,32,68,97,100,7,175,179,27,150,136,144,70,168,17,103,105,142,190,188,186,176,42,47,132,166,123,44];False
2396;8308;10704;[4,67,193,48,10,1,91,129,8,84,122,73,174,135,21,99,16,77,112,71,56,18,62,120,24,197,26,9,143,20,3,2,121,160,92,49,130,22,38,34,124,172,75,12,165,153,187,127,39,107,87,76,50,53,93,23,30,134,58,86,69,64,101,151,54,158,199,6,117,98,25,110,81,52,182,28,162,78,60,79,185,148,167,61,41,36,46,131,59,133,96,157,138,178,164,173,66,126,198,159,140,118,109,29,154,156,106,19,108,146,43,128,85,152,111,83,181,82,192,139,33,13,94,195,40,37,15,35,88,145,189,194,31,171,116,57,0,113,196,89,5,141,119,74,183,63,51,72,147,65,102,115,14,45,55,155,184,161,80,114,177,169,191,11,104,180,163,170,95,137,90,125,149,32,68,97,100,7,175,179,27,150,136,144,70,168,17,103,105,142,190,188,186,176,42,47,132,166,123,44];False
2420;8284;10704;[4,67,193,48,10,1,91,129,8,84,122,73,174,135,21,99,16,77,112,71,56,18,62,120,24,197,26,9,143,20,3,2,121,160,92,49,130,22,38,34,124,94,75,12,165,153,187,127,39,107,87,76,50,53,93,23,30,134,58,86,69,64,101,151,54,158,199,6,117,98,25,110,81,52,182,28,162,78,60,79,185,148,167,61,41,36,46,131,59,133,96,157,138,178,164,173,66,126,198,159,140,118,109,29,154,156,106,19,108,146,43,128,85,152,111,83,181,82,192,139,33,13,172,195,40,37,15,35,88,145,189,194,31,171,116,57,0,113,196,89,5,141,119,74,183,63,51,72,95,65,102,115,14,45,55,155,184,161,80,114,177,169,191,11,104,180,163,170,147,137,90,125,149,32,68,97,100,7,175,179,27,150,136,144,70,168,17,103,105,142,190,188,186,176,42,47,132,166,123,44];False
2429;8275;10704;[4,67,193,48,10,1,91,129,8,84,122,73,174,135,21,99,16,77,112,71,56,18,62,120,24,197,26,9,143,20,3,2,121,160,92,49,130,22,38,34,124,94,75,12,165,153,187,127,39,107,87,76,50,53,93,23,30,134,58,86,69,64,101,151,54,158,199,6,117,98,25,110,81,52,182,28,162,78,60,79,185,148,167,61,41,36,139,131,59,133,96,157,138,178,164,173,66,126,198,159,140,118,109,29,154,156,106,19,108,146,43,128,85,152,111,83,181,82,192,46,33,13,172,195,40,37,15,35,88,145,189,194,31,171,116,57,0,113,196,89,5,141,119,74,183,63,51,72,147,65,102,115,14,45,55,155,184,161,80,114,177,169,191,11,104,180,163,170,95,137,90,125,149,32,68,97,100,7,175,179,27,150,136,144,70,168,17,103,105,142,190,188,186,176,42,47,132,166,123,44];False
2406;8298;10704;[4,67,193,48,10,1,91,129,8,84,122,73,174,135,21,99,16,77,112,71,56,18,62,120,24,197,26,9,143,20,3,2,121,160,92,49,130,22,38,34,124,94,75,12,165,153,187,127,39,107,87,76,50,53,93,23,30,134,58,86,69,64,101,151,54,158,199,61,117,98,25,110,81,52,182,28,162,78,60,79,185,148,167,6,41,36,46,131,59,133,96,157,138,178,164,173,66,126,198,159,140,118,109,29,154,156,106,19,108,146,43,128,85,152,111,83,181,82,192,139,33,13,172,195,40,37,15,35,88,145,189,194,31,171,116,57,0,113,196,89,5,141,119,74,183,63,51,72,147,65,102,115,14,45,55,155,184,161,80,114,177,169,191,11,104,180,163,170,95,137,90,125,149,32,68,97,100,7,175,179,27,150,136,144,70,168,17,103,105,142,190,188,186,176,42,47,132,166,123,44];False
2424;8280;10704;[4,67,193,48,10,1,91,129,8,84,122,73,174,135,21,99,16,77,112,71,56,18,62,120,24,197,26,9,143,20,3,2,121,160,92,49,130,22,38,34,124,94,75,12,165,153,187,127,39,107,87,76,50,53,93,23,30,134,58,86,69,64,101,151,54,158,199,6,117,98,25,110,81,52,182,28,162,78,60,79,185,148,167,61,31,36,46,131,59,133,96,157,138,178,164,173,66,126,198,159,140,118,109,29,154,156,106,19,108,146,43,128,85,152,111,83,181,82,192,139,33,13,172,195,40,37,15,35,88,145,189,194,41,171,116,57,0,113,196,89,5,141,119,74,183,63,51,72,147,65,102,115,14,45,55,155,184,161,80,114,177,169,191,11,104,180,163,170,95,137,90,125,149,32,68,97,100,7,175,179,27,150,136,144,70,168,17,103,105,142,190,188,186,176,42,47,132,166,123,44];False
2430;8274;10704;[4,67,193,48,10,1,91,129,8,84,122,73,174,135,21,99,16,77,112,71,56,18,62,120,24,197,26,9,143,20,3,2,121,160,92,49,130,22,38,34,124,94,75,12,165,153,187,127,39,107,87,76,50,53,93,23,30,134,58,86,69,64,101,151,54,158,199,6,117,98,25,110,81,52,182,28,162,78,60,79,185,148,167,61,41,36,46,131,59,133,96,157,138,178,164,173,66,126,198,159,140,118,109,29,154,40,106,19,108,146,43,128,85,152,111,83,181,82,192,139,33,13,172,195,156,37,15,35,88,145,189,194,31,171,116,57,0,113,196,89,5,141,119,74,183,63,51,72,147,65,102,115,14,45,55,155,184,161,80,114,177,169,191,11,104,180,163,170,95,137,90,125,149,32,68,97,100,7,175,179,27,150,136,144,70,168,17,103,105,142,190,188,186,176,42,47,132,166,123,44];False
2421;8283;10704;[4,67,193,48,10,1,91,129,8,84,122,73,174,135,21,99,16,77,112,71,56,18,62,120,24,197,26,168,143,20,3,2,121,160,92,49,130,22,38,34,124,94,75,12,165,153,187,127,39,107,87,76,50,53,93,23,30,134,58,86,69,64,101,151,54,158,199,6,117,98,25,110,81,52,182,28,162,78,60,79,185,148,167,61,41,36,46,131,59,133,96,157,138,178,164,173,66,126,198,159,140,118,109,29,154,156,106,19,108,146,43,128,85,152,111,83,181,82,192,139,33,13,172,195,40,37,15,35,88,145,189,194,31,171,116,57,0,113,196,89,5,141,119,74,183,63,51,72,147,65,102,115,14,45,55,155,184,161,80,114,177,169,191,11,104,180,163,170,95,137,90,125,149,32,68,97,100,7,175,179,27,150,136,144,70,9,17,103,105,142,190,188,186,176,42,47,132,166,123,44];False
2428;8276;10704;[4,67,193,48,10,1,91,129,8,84,122,73,174,135,21,99,16,13,112,71,56,18,62,120,24,197,26,9,143,20,3,2,121,160,92,49,130,22,38,34,124,94,75,12,165,153,187,127,39,107,87,76,50,53,93,23,30,134,58,86,69,64,101,151,54,158,199,6,117,98,25,110,81,52,182,28,162,78,60,79,185,148,167,61,41,36,46,131,59,133,96,157,138,178,164,173,66,126,198,159,140,118,109,29,154,156,106,19,108,146,43,128,85,152,111,83,181,82,192,139,33,77,172,195,40,37,15,35,88,145,189,194,31,171,116,57,0,113,196,89,5,141,119,74,183,63,51,72,147,65,102,115,14,45,55,155,184,161,80,114,177,169,191,11,104,180,163,170,95,137,90,125,149,32,68,97,100,7,175,179,27,150,136,144,70,168,17,103,105,142,190,188,186,176,42,47,132,166,123,44];False
2431;8273;10704;[4,67,193,48,10,1,91,129,8,84,122,73,174,135,21,99,149,77,112,71,56,18,62,120,24,197,26,9,143,20,3,2,121,160,92,49,130,22,38,34,124,94,75,12,165,153,187,127,39,107,87,76,50,53,93,23,30,134,58,86,69,64,101,151,54,158,199,6,117,98,25,110,81,52,182,28,162,78,60,79,185,148,167,61,41,36,46,131,59,133,96,157,138,178,164,173,66,126,198,159,140,118,109,29,154,156,106,19,108,146,43,128,85,152,111,83,181,82,192,139,33,13,172,195,40,37,15,35,88,145,189,194,31,171,116,57,0,113,196,89,5,141,119,74,183,63,51,72,147,65,102,115,14,45,55,155,184,161,80,114,177,169,191,11,104,180,163,170,95,137,90,125,16,32,68,97,100,7,175,179,27,150,136,144,70,168,17,103,105,142,190,188,186,176,42,47,132,166,123,44];False
2429;8275;10704;[4,67,193,48,75,1,91,129,8,84,122,73,174,135,21,99,16,77,112,71,56,18,62,120,24,197,26,9,143,20,3,2,121,160,92,49,130,22,38,34,124,94,10,12,165,153,187,127,39,107,87,76,50,53,93,23,30,134,58,86,69,64,101,151,54,158,199,6,117,98,25,110,81,52,182,28,162,78,60,79,185,148,167,61,41,36,46,131,59,133,96,157,138,178,164,173,66,126,198,159,140,118,109,29,154,156,106,19,108,146,43,128,85,152,111,83,181,82,192,139,33,13,172,195,40,37,15,35,88,145,189,194,31,171,116,57,0,113,196,89,5,141,119,74,183,63,51,72,147,65,102,115,14,45,55,155,184,161,80,114,177,169,191,11,104,180,163,170,95,137,90,125,149,32,68,97,100,7,175,179,27,150,136,144,70,168,17,103,105,142,190,188,186,176,42,47,132,166,123,44];False
2445;8259;10704;[4,67,193,161,10,1,91,129,8,84,122,73,174,135,21,99,16,77,112,71,56,18,62,120,24,197,26,9,143,20,3,2,121,160,92,49,130,22,38,34,124,94,75,12,165,153,187,127,39,107,87,76,50,53,93,23,30,134,58,86,69,64,101,151,54,158,199,6,117,98,25,110,81,52,182,28,162,78,60,79,185,148,167,61,41,36,46,131,59,133,96,157,138,178,164,173,66,126,198,159,140,118,109,29,154,156,106,19,108,146,43,128,85,152,111,83,181,82,192,139,33,13,172,195,40,37,15,35,88,145,189,194,31,171,116,57,0,113,196,89,5,141,119,74,183,63,51,72,147,65,102,115,14,45,55,155,184,48,80,114,177,169,191,11,104,180,163,170,95,137,90,125,149,32,68,97,100,7,175,179,27,150,136,144,70,168,17,103,105,142,190,188,186,176,42,47,132,166,123,44];False
2427;8276;10703;[4,67,193,48,10,1,91,129,8,84,122,73,174,135,21,99,16,77,112,71,56,18,62,120,24,197,26,9,143,20,3,2,121,160,92,49,130,22,38,34,124,94,75,12,165,153,187,127,39,107,87,76,50,53,93,23,30,134,58,86,69,64,101,151,54,158,199,6,117,98,25,110,81,52,182,28,162,78,60,79,185,148,167,61,41,36,46,131,59,133,96,157,138,178,164,173,66,126,198,159,140,118,109,29,154,156,106,19,108,146,43,128,85,152,111,83,181,82,192,139,33,13,172,195,40,37,15,35,88,145,189,194,31,171,116,57,0,188,196,89,5,141,119,74,183,63,51,72,147,65,102,115,14,45,55,155,184,161,80,114,177,169,191,11,104,180,163,170,95,137,90,125,149,32,68,97,100,7,175,179,27,150,136,144,70,168,17,103,105,142,190,113,186,176,42,47,132,166,123,44];False
2412;8291;10703;[4,67,193,48,10,1,91,129,8,84,122,73,174,135,21,99,16,77,112,71,56,18,62,120,24,197,26,9,143,20,3,2,121,160,92,49,130,22,38,34,124,94,75,12,165,153,187,127,39,107,87,76,50,53,93,23,30,134,58,86,69,64,101,151,54,158,199,6,117,98,25,110,81,52,182,28,162,180,60,79,185,148,167,61,41,36,46,131,59,133,96,157,138,178,164,173,66,126,198,159,140,118,109,29,154,156,106,19,108,146,43,128,85,152,111,83,181,82,192,139,33,13,172,195,40,37,15,35,88,145,189,194,31,171,116,57,0,113,196,89,5,141,119,74,183,63,51,72,147,65,102,115,14,45,55,155,184,161,80,114,177,169,191,11,104,78,163,170,95,137,90,125,149,32,68,97,100,7,175,179,27,150,136,144,70,168,17,103,105,142,190,188,186,176,42,47,132,166,123,44];False
2380;8323;10703;[4,67,193,48,10,1,91,129,8,84,122,59,174,135,21,99,16,77,112,71,56,18,62,120,24,197,26,9,143,20,3,2,121,160,92,49,130,22,38,34,124,94,75,12,165,153,187,127,39,107,87,76,50,53,93,23,30,134,58,86,69,64,101,151,54,158,199,6,117,98,25,110,81,52,182,28,162,78,60,79,185,148,167,61,41,36,46,131,73,133,96,157,138,178,164,173,66,126,198,159,140,118,109,29,154,156,106,19,108,146,43,128,85,152,111,83,181,82,192,139,33,13,172,195,40,37,15,35,88,145,189,194,31,171,116,57,0,113,196,89,5,141,119,74,183,63,51,72,147,65,102,115,14,45,55,155,184,161,80,114,177,169,191,11,104,180,163,170,95,137,90,125,149,32,68,97,100,7,175,179,27,150,136,144,70,168,17,103,105,142,190,188,186,176,42,47,132,166,123,44];False
2414;8289;10703;[4,67,193,48,10,1,91,129,8,84,122,73,174,135,21,99,16,77,112,71,56,18,62,120,24,197,26,9,143,20,3,2,121,160,92,49,130,22,38,34,124,94,75,12,165,153,187,127,39,107,87,76,50,53,93,23,30,134,58,86,69,64,101,151,54,158,166,6,117,98,25,110,81,52,182,28,162,78,60,79,185,148,167,61,41,36,46,131,59,133,96,157,138,178,164,173,66,126,198,159,140,118,109,29,154,156,106,19,108,146,43,128,85,152,111,83,181,82,192,139,33,13,172,195,40,37,15,35,88,145,189,194,31,171,116,57,0,113,196,89,5,141,119,74,183,63,51,72,147,65,102,115,14,45,55,155,184,161,80,114,177,169,191,11,104,180,163,170,95,137,90,125,149,32,68,97,100,7,175,179,27,150,136,144,70,168,17,103,105,142,190,188,186,176,42,47,132,199,123,44];False
2432;8271;10703;[4,67,193,48,10,1,91,129,8,84,167,73,174,135,21,99,16,77,112,71,56,18,62,120,24,197,26,9,143,20,3,2,121,160,92,49,130,22,38,34,124,94,75,12,165,153,187,127,39,107,87,76,50,53,93,23,30,134,58,86,69,64,101,151,54,158,199,6,117,98,25,110,81,52,182,28,162,78,60,79,185,148,122,61,41,36,46,131,59,133,96,157,138,178,164,173,66,126,198,159,140,118,109,29,154,156,106,19,108,146,43,128,85,152,111,83,181,82,192,139,33,13,172,195,40,37,15,35,88,145,189,194,31,171,116,57,0,113,196,89,5,141,119,74,183,63,51,72,147,65,102,115,14,45,55,155,184,161,80,114,177,169,191,11,104,180,163,170,95,137,90,125,149,32,68,97,100,7,175,179,27,150,136,144,70,168,17,103,105,142,190,188,186,176,42,47,132,166,123,44];False
2449;8254;10703;[4,67,193,48,10,1,91,129,8,84,122,73,174,135,21,99,16,77,112,71,56,18,62,120,24,197,26,9,143,20,3,2,121,160,92,49,130,22,38,34,124,94,75,12,165,153,187,127,39,107,87,76,50,53,93,23,30,134,58,86,69,64,101,151,54,158,199,6,117,98,25,110,81,52,182,28,162,78,60,79,185,148,167,61,41,36,46,131,59,133,96,157,138,178,164,173,66,126,198,159,140,118,109,29,154,156,106,19,108,146,43,128,85,152,111,83,181,82,192,139,90,13,172,195,40,37,15,35,88,145,189,194,31,171,116,57,0,113,196,89,5,141,119,74,183,63,51,72,147,65,102,115,14,45,55,155,184,161,80,114,177,169,191,11,104,180,163,170,95,137,33,125,149,32,68,97,100,7,175,179,27,150,136,144,70,168,17,103,105,142,190,188,186,176,42,47,132,166,123,44];False
2420;8283;10703;[4,67,193,48,10,1,91,129,8,84,122,73,174,171,21,99,16,77,112,71,56,18,62,120,24,197,26,9,143,20,3,2,121,160,92,49,130,22,38,34,124,94,75,12,165,153,187,127,39,107,87,76,50,53,93,23,30,134,58,86,69,64,101,151,54,158,199,6,117,98,25,110,81,52,182,28,162,78,60,79,185,148,167,61,41,36,46,131,59,133,96,157,138,178,164,173,66,126,198,159,140,118,109,29,154,156,106,19,108,146,43,128,85,152,111,83,181,82,192,139,33,13,172,195,40,37,15,35,88,145,189,194,31,135,116,57,0,113,196,89,5,141,119,74,183,63,51,72,147,65,102,115,14,45,55,155,184,161,80,114,177,169,191,11,104,180,163,170,95,137,90,125,149,32,68,97,100,7,175,179,27,150,136,144,70,168,17,103,105,142,190,188,186,176,42,47,132,166,123,44];False
2411;8292;10703;[4,67,193,48,10,1,91,129,8,84,122,73,174,135,21,99,16,77,112,71,56,18,62,120,24,197,26,9,143,20,3,2,121,160,92,49,130,22,38,34,124,89,75,12,165,153,187,127,39,107,87,76,50,53,93,23,30,134,58,86,69,64,101,151,54,158,199,6,117,98,25,110,81,52,182,28,162,78,60,79,185,148,167,61,41,36,46,131,59,133,96,157,138,178,164,173,66,126,198,159,140,118,109,29,154,156,106,19,108,146,43,128,85,152,111,83,181,82,192,139,33,13,172,195,40,37,15,35,88,145,189,194,31,171,116,57,0,113,196,94,5,141,119,74,183,63,51,72,147,65,102,115,14,45,55,155,184,161,80,114,177,169,191,11,104,180,163,170,95,137,90,125,149,32,68,97,100,7,175,179,27,150,136,144,70,168,17,103,105,142,190,188,186,176,42,47,132,166,123,44];False
2443;8260;10703;[4,67,193,48,10,1,91,129,8,84,122,73,174,135,21,99,16,77,112,71,56,18,62,120,24,197,26,9,143,20,3,2,121,160,92,49,130,22,38,34,124,94,75,12,165,153,187,127,39,107,87,76,50,53,93,23,30,134,58,86,69,64,101,151,54,158,199,6,117,98,25,110,81,52,182,28,162,78,60,79,185,148,167,61,89,36,46,131,59,133,96,157,138,178,164,173,66,126,198,159,140,118,109,29,154,156,106,19,108,146,43,128,85,152,111,83,181,82,192,139,33,13,172,195,40,37,15,35,88,145,189,194,31,171,116,57,0,113,196,41,5,141,119,74,183,63,51,72,147,65,102,115,14,45,55,155,184,161,80,114,177,169,191,11,104,180,163,170,95,137,90,125,149,32,68,97,100,7,175,179,27,150,136,144,70,168,17,103,105,142,190,188,186,176,42,47,132,166,123,44];False
2392;8311;10703;[4,67,193,48,10,1,91,129,8,84,122,73,174,135,21,99,16,77,112,71,56,18,62,120,24,197,26,9,143,20,3,2,121,160,92,49,130,22,38,34,124,94,75,12,165,153,187,127,39,107,87,76,50,53,93,23,30,134,58,86,69,64,101,151,54,158,199,6,117,98,25,110,81,52,182,28,162,78,60,79,185,148,167,61,41,36,46,131,59,133,96,157,138,178,164,173,66,126,198,159,140,118,109,29,154,156,106,19,108,146,43,128,85,152,33,83,181,82,192,139,111,13,172,195,40,37,15,35,88,145,189,194,31,171,116,57,0,113,196,89,5,141,119,74,183,63,51,72,147,65,102,115,14,45,55,155,184,161,80,114,177,169,191,11,104,180,163,170,95,137,90,125,149,32,68,97,100,7,175,179,27,150,136,144,70,168,17,103,105,142,190,188,186,176,42,47,132,166,123,44];False
2454;8249;10703;[4,67,193,48,10,1,91,129,8,84,122,73,174,135,21,99,16,77,112,71,56,18,62,120,24,197,26,9,143,20,3,2,121,160,92,49,130,22,38,34,124,94,75,12,165,153,187,127,39,107,87,76,50,53,93,23,30,134,58,86,69,64,101,151,54,158,199,6,117,98,25,110,81,52,182,28,162,78,60,79,185,148,167,61,41,36,82,131,59,133,96,157,138,178,164,173,66,126,198,159,140,118,109,29,154,156,106,19,108,146,43,128,85,152,111,83,181,46,192,139,33,13,172,195,40,37,15,35,88,145,189,194,31,171,116,57,0,113,196,89,5,141,119,74,183,63,51,72,147,65,102,115,14,45,55,155,184,161,80,114,177,169,191,11,104,180,163,170,95,137,90,125,149,32,68,97,100,7,175,179,27,150,136,144,70,168,17,103,105,142,190,188,186,176,42,47,132,166,123,44];False
2450;8252;10702;[4,67,193,48,10,1,91,129,8,84,122,73,174,135,21,99,16,77,112,71,56,18,62,120,24,197,26,9,143,20,3,2,121,160,92,49,130,22,38,34,124,94,75,12,165,153,187,127,39,107,87,76,50,53,93,23,30,134,58,86,69,32,101,151,54,158,199,6,117,98,25,110,81,52,182,28,162,78,60,79,185,148,167,61,41,36,46,131,59,133,96,157,138,178,164,173,66,126,198,159,140,118,109,29,154,156,106,19,108,146,43,128,85,152,111,83,181,82,192,139,33,13,172,195,40,37,15,35,88,145,189,194,31,171,116,57,0,113,196,89,5,141,119,74,183,63,51,72,147,65,102,115,14,45,55,155,184,161,80,114,177,169,191,11,104,180,163,170,95,137,90,125,149,64,68,97,100,7,175,179,27,150,136,144,70,168,17,103,105,142,190,188,186,176,42,47,132,166,123,44];False
2432;8270;10702;[4,67,193,48,77,1,91,129,8,84,122,73,174,135,21,99,16,10,112,71,56,18,62,120,24,197,26,9,143,20,3,2,121,160,92,49,130,22,38,34,124,94,75,12,165,153,187,127,39,107,87,76,50,53,93,23,30,134,58,86,69,64,101,151,54,158,199,6,117,98,25,110,81,52,182,28,162,78,60,79,185,148,167,61,41,36,46,131,59,133,96,157,138,178,164,173,66,126,198,159,140,118,109,29,154,156,106,19,108,146,43,128,85,152,111,83,181,82,192,139,33,13,172,195,40,37,15,35,88,145,189,194,31,171,116,57,0,113,196,89,5,141,119,74,183,63,51,72,147,65,102,115,14,45,55,155,184,161,80,114,177,169,191,11,104,180,163,170,95,137,90,125,149,32,68,97,100,7,175,179,27,150,136,144,70,168,17,103,105,142,190,188,186,176,42,47,132,166,123,44];False
2389;8313;10702;[4,67,193,48,10,1,91,129,8,84,122,73,174,135,21,99,16,77,112,71,56,18,62,120,24,197,26,9,143,20,3,2,121,160,92,183,130,22,38,34,124,94,75,12,165,153,187,127,39,107,87,76,50,53,93,23,30,134,58,86,69,64,101,151,54,158,199,6,117,98,25,110,81,52,182,28,162,78,60,79,185,148,167,61,41,36,46,131,59,133,96,157,138,178,164,173,66,126,198,159,140,118,109,29,154,156,106,19,108,146,43,128,85,152,111,83,181,82,192,139,33,13,172,195,40,37,15,35,88,145,189,194,31,171,116,57,0,113,196,89,5,141,119,74,49,63,51,72,147,65,102,115,14,45,55,155,184,161,80,114,177,169,191,11,104,180,163,170,95,137,90,125,149,32,68,97,100,7,175,179,27,150,136,144,70,168,17,103,105,142,190,188,186,176,42,47,132,166,123,44];False
2406;8296;10702;[4,67,193,48,10,1,91,129,8,84,122,73,174,135,21,99,16,77,112,71,56,18,62,120,24,197,26,9,143,20,3,2,121,160,92,49,130,22,38,34,124,94,75,12,165,153,187,127,39,107,87,76,50,53,93,23,30,134,58,86,69,64,101,151,54,158,199,6,117,98,25,110,81,52,182,28,162,78,60,79,185,148,167,61,41,36,46,131,59,133,96,157,138,178,164,173,66,126,198,159,140,118,109,29,154,156,106,19,108,146,43,128,85,152,111,83,181,82,192,139,33,13,172,195,40,42,15,35,88,145,189,194,31,171,116,57,0,113,196,89,5,141,119,74,183,63,51,72,147,65,102,115,14,45,55,155,184,161,80,114,177,169,191,11,104,180,163,170,95,137,90,125,149,32,68,97,100,7,175,179,27,150,136,144,70,168,17,103,105,142,190,188,186,176,37,47,132,166,123,44];False
2411;8291;10702;[4,67,193,48,10,1,91,129,8,84,122,73,174,135,21,99,16,77,112,71,56,18,62,120,24,197,26,9,143,20,3,2,121,160,92,49,130,22,38,34,124,94,75,12,165,153,187,127,39,107,87,76,50,53,93,23,30,134,58,86,69,64,101,151,54,158,199,6,117,98,25,110,81,40,182,28,162,78,60,79,185,148,167,61,41,36,46,131,59,133,96,157,138,178,164,173,66,126,198,159,140,118,109,29,154,156,106,19,108,146,43,128,85,152,111,83,181,82,192,139,33,13,172,195,52,37,15,35,88,145,189,194,31,171,116,57,0,113,196,89,5,141,119,74,183,63,51,72,147,65,102,115,14,45,55,155,184,161,80,114,177,169,191,11,104,180,163,170,95,137,90,125,149,32,68,97,100,7,175,179,27,150,136,144,70,168,17,103,105,142,190,188,186,176,42,47,132,166,123,44];False
2472;8230;10702;[4,67,193,48,10,1,91,129,8,84,122,73,174,135,21,99,16,77,112,71,56,18,62,120,24,197,26,150,143,20,3,2,121,160,92,49,130,22,38,34,124,94,75,12,165,153,187,127,39,107,87,76,50,53,93,23,30,134,58,86,69,64,101,151,54,158,199,6,117,98,25,110,81,52,182,28,162,78,60,79,185,148,167,61,41,36,46,131,59,133,96,157,138,178,164,173,66,126,198,159,140,118,109,29,154,156,106,19,108,146,43,128,85,152,111,83,181,82,192,139,33,13,172,195,40,37,15,35,88,145,189,194,31,171,116,57,0,113,196,89,5,141,119,74,183,63,51,72,147,65,102,115,14,45,55,155,184,161,80,114,177,169,191,11,104,180,163,170,95,137,90,125,149,32,68,97,100,7,175,179,27,9,136,144,70,168,17,103,105,142,190,188,186,176,42,47,132,166,123,44];False
2311;8391;10702;[4,67,193,48,10,1,91,129,8,84,122,73,174,135,21,99,16,77,112,71,56,18,62,120,24,197,26,9,143,20,3,2,121,160,92,49,130,22,38,34,124,94,75,12,165,153,187,127,39,107,87,76,50,53,93,23,30,134,58,86,69,64,101,151,54,158,199,6,117,98,25,110,81,52,182,28,162,78,60,79,185,148,167,61,41,36,46,131,59,133,96,157,138,178,164,173,66,126,198,159,140,118,109,29,154,156,114,19,108,146,43,128,85,152,111,83,181,82,192,139,33,13,172,195,40,37,15,35,88,145,189,194,31,171,116,57,0,113,196,89,5,141,119,74,183,63,51,72,147,65,102,115,14,45,55,155,184,161,80,106,177,169,191,11,104,180,163,170,95,137,90,125,149,32,68,97,100,7,175,179,27,150,136,144,70,168,17,103,105,142,190,188,186,176,42,47,132,166,123,44];False
2395;8307;10702;[4,67,193,48,10,1,91,129,8,84,122,73,174,192,21,99,16,77,112,71,56,18,62,120,24,197,26,9,143,20,3,2,121,160,92,49,130,22,38,34,124,94,75,12,165,153,187,127,39,107,87,76,50,53,93,23,30,134,58,86,69,64,101,151,54,158,199,6,117,98,25,110,81,52,182,28,162,78,60,79,185,148,167,61,41,36,46,131,59,133,96,157,138,178,164,173,66,126,198,159,140,118,109,29,154,156,106,19,108,146,43,128,85,152,111,83,181,82,135,139,33,13,172,195,40,37,15,35,88,145,189,194,31,171,116,57,0,113,196,89,5,141,119,74,183,63,51,72,147,65,102,115,14,45,55,155,184,161,80,114,177,169,191,11,104,180,163,170,95,137,90,125,149,32,68,97,100,7,175,179,27,150,136,144,70,168,17,103,105,142,190,188,186,176,42,47,132,166,123,44];False
2411;8291;10702;[4,67,193,48,10,1,91,129,8,24,122,73,174,135,21,99,16,77,112,71,56,18,62,120,84,197,26,9,143,20,3,2,121,160,92,49,130,22,38,34,124,94,75,12,165,153,187,127,39,107,87,76,50,53,93,23,30,134,58,86,69,64,101,151,54,158,199,6,117,98,25,110,81,52,182,28,162,78,60,79,185,148,167,61,41,36,46,131,59,133,96,157,138,178,164,173,66,126,198,159,140,118,109,29,154,156,106,19,108,146,43,128,85,152,111,83,181,82,192,139,33,13,172,195,40,37,15,35,88,145,189,194,31,171,116,57,0,113,196,89,5,141,119,74,183,63,51,72,147,65,102,115,14,45,55,155,184,161,80,114,177,169,191,11,104,180,163,170,95,137,90,125,149,32,68,97,100,7,175,179,27,150,136,144,70,168,17,103,105,142,190,188,186,176,42,47,132,166,123,44];False
2470;8232;10702;[4,67,193,48,10,1,91,129,8,84,122,73,174,135,21,99,16,77,112,71,56,18,62,120,24,197,26,9,143,20,3,2,121,160,92,49,130,22,38,34,124,94,75,12,165,153,187,127,39,107,87,76,50,53,93,23,30,134,58,86,69,64,101,151,54,158,199,6,117,57,25,110,81,52,182,28,162,78,60,79,185,148,167,61,41,36,46,131,59,133,96,157,138,178,164,173,66,126,198,159,140,118,109,29,154,156,106,19,108,146,43,128,85,152,111,83,181,82,192,139,33,13,172,195,40,37,15,35,88,145,189,194,31,171,116,98,0,113,196,89,5,141,119,74,183,63,51,72,147,65,102,115,14,45,55,155,184,161,80,114,177,169,191,11,104,180,163,170,95,137,90,125,149,32,68,97,100,7,175,179,27,150,136,144,70,168,17,103,105,142,190,188,186,176,42,47,132,166,123,44];False
2444;8258;10702;[4,67,193,48,10,1,91,129,8,84,122,73,174,135,21,99,16,77,112,71,56,18,62,120,24,197,26,9,143,20,3,2,121,160,92,49,130,22,38,34,124,94,75,12,165,153,187,127,39,107,87,76,50,53,93,23,30,134,58,86,69,64,101,151,54,158,199,6,117,98,25,110,81,52,182,28,162,78,60,79,185,148,167,61,41,36,46,131,59,133,96,157,138,178,164,173,66,126,198,159,140,118,109,29,154,156,106,19,108,146,43,128,85,152,111,83,181,82,192,139,33,13,172,195,40,37,15,35,88,145,189,194,31,171,116,57,0,113,196,89,5,141,119,74,183,63,51,72,147,104,102,115,14,45,55,155,184,161,80,114,177,169,191,11,65,180,163,170,95,137,90,125,149,32,68,97,100,7,175,179,27,150,136,144,70,168,17,103,105,142,190,188,186,176,42,47,132,166,123,44];False
2428;8274;10702;[4,67,193,48,10,1,91,129,8,84,122,73,174,135,21,99,16,77,112,71,56,18,62,120,24,197,26,9,143,20,3,2,121,160,92,49,130,22,38,34,124,94,87,12,165,153,187,127,39,107,75,76,50,53,93,23,30,134,58,86,69,64,101,151,54,158,199,6,117,98,25,110,81,52,182,28,162,78,60,79,185,148,167,61,41,36,46,131,59,133,96,157,138,178,164,173,66,126,198,159,140,118,109,29,154,156,106,19,108,146,43,128,85,152,111,83,181,82,192,139,33,13,172,195,40,37,15,35,88,145,189,194,31,171,116,57,0,113,196,89,5,141,119,74,183,63,51,72,147,65,102,115,14,45,55,155,184,161,80,114,177,169,191,11,104,180,163,170,95,137,90,125,149,32,68,97,100,7,175,179,27,150,136,144,70,168,17,103,105,142,190,188,186,176,42,47,132,166,123,44];False
2352;8350;10702;[4,67,193,48,10,1,91,129,8,84,122,73,174,135,21,99,16,77,112,71,56,18,62,120,24,197,26,9,143,20,3,2,121,160,92,49,183,22,38,34,124,94,75,12,165,153,187,127,39,107,87,76,50,53,93,23,30,134,58,86,69,64,101,151,54,158,199,6,117,98,25,110,81,52,182,28,162,78,60,79,185,148,167,61,41,36,46,131,59,133,96,157,138,178,164,173,66,126,198,159,140,118,109,29,154,156,106,19,108,146,43,128,85,152,111,83,181,82,192,139,33,13,172,195,40,37,15,35,88,145,189,194,31,171,116,57,0,113,196,89,5,141,119,74,130,63,51,72,147,65,102,115,14,45,55,155,184,161,80,114,177,169,191,11,104,180,163,170,95,137,90,125,149,32,68,97,100,7,175,179,27,150,136,144,70,168,17,103,105,142,190,188,186,176,42,47,132,166,123,44];False
2448;8254;10702;[4,67,193,48,10,1,91,129,8,84,122,73,174,135,21,99,16,77,112,71,56,18,62,120,24,197,26,9,143,20,3,2,121,160,92,49,130,22,38,34,124,94,75,12,165,153,187,127,39,107,87,76,50,53,93,23,30,134,58,86,69,64,101,151,54,158,199,6,117,98,25,110,81,52,182,28,162,78,60,79,185,148,167,61,41,36,46,131,59,133,96,157,138,178,164,173,66,126,198,159,140,118,55,29,154,156,106,19,108,146,43,128,85,152,111,83,181,82,192,139,33,13,172,195,40,37,15,35,88,145,189,194,31,171,116,57,0,113,196,89,5,141,119,74,183,63,51,72,147,65,102,115,14,45,109,155,184,161,80,114,177,169,191,11,104,180,163,170,95,137,90,125,149,32,68,97,100,7,175,179,27,150,136,144,70,168,17,103,105,142,190,188,186,176,42,47,132,166,123,44];False
2428;8274;10702;[4,67,193,48,10,1,91,129,8,84,122,73,174,135,21,99,16,77,112,71,56,18,62,120,24,197,26,9,143,20,3,2,121,160,92,49,130,22,38,34,124,94,75,12,165,153,187,127,39,107,87,76,50,53,93,23,30,134,58,86,69,64,101,151,54,158,199,6,117,98,25,110,81,52,182,28,162,78,60,79,185,148,167,61,41,36,46,131,59,145,96,157,138,178,164,173,66,126,198,159,140,118,109,29,154,156,106,19,108,146,43,128,85,152,111,83,181,82,192,139,33,13,172,195,40,37,15,35,88,133,189,194,31,171,116,57,0,113,196,89,5,141,119,74,183,63,51,72,147,65,102,115,14,45,55,155,184,161,80,114,177,169,191,11,104,180,163,170,95,137,90,125,149,32,68,97,100,7,175,179,27,150,136,144,70,168,17,103,105,142,190,188,186,176,42,47,132,166,123,44];False
2417;8285;10702;[4,67,193,48,10,1,91,129,8,84,122,73,174,135,21,99,16,77,112,71,56,18,62,120,24,197,26,9,143,20,3,2,121,160,92,49,130,22,38,34,124,94,75,12,165,153,187,127,39,107,87,76,50,53,93,23,30,134,58,86,69,64,101,151,54,158,199,6,117,98,25,110,81,52,182,28,162,78,60,79,185,148,167,61,41,36,46,131,59,133,96,157,138,178,164,173,66,126,198,159,140,118,109,29,154,156,106,19,43,146,108,128,85,152,111,83,181,82,192,139,33,13,172,195,40,37,15,35,88,145,189,194,31,171,116,57,0,113,196,89,5,141,119,74,183,63,51,72,147,65,102,115,14,45,55,155,184,161,80,114,177,169,191,11,104,180,163,170,95,137,90,125,149,32,68,97,100,7,175,179,27,150,136,144,70,168,17,103,105,142,190,188,186,176,42,47,132,166,123,44];False
2386;8316;10702;[4,67,193,48,10,1,91,129,8,84,122,73,174,135,21,99,16,77,112,71,39,18,62,120,24,197,26,9,143,20,3,2,121,160,92,49,130,22,38,34,124,94,75,12,165,153,187,127,56,107,87,76,50,53,93,23,30,134,58,86,69,64,101,151,54,158,199,6,117,98,25,110,81,52,182,28,162,78,60,79,185,148,167,61,41,36,46,131,59,133,96,157,138,178,164,173,66,126,198,159,140,118,109,29,154,156,106,19,108,146,43,128,85,152,111,83,181,82,192,139,33,13,172,195,40,37,15,35,88,145,189,194,31,171,116,57,0,113,196,89,5,141,119,74,183,63,51,72,147,65,102,115,14,45,55,155,184,161,80,114,177,169,191,11,104,180,163,170,95,137,90,125,149,32,68,97,100,7,175,179,27,150,136,144,70,168,17,103,105,142,190,188,186,176,42,47,132,166,123,44];False
2401;8301;10702;[4,67,193,48,10,1,91,129,8,84,122,73,174,135,21,99,16,77,112,71,56,18,62,120,24,197,26,9,143,20,3,2,121,160,92,49,130,22,38,34,124,94,75,12,165,153,187,127,39,107,87,76,50,53,93,23,30,134,58,86,69,64,101,151,54,158,199,6,117,98,25,110,81,52,182,28,162,78,60,79,185,148,167,61,41,36,46,131,59,133,96,157,138,178,164,173,66,126,198,159,140,118,109,29,154,156,106,19,108,146,43,128,85,152,111,83,181,82,192,139,33,13,172,195,40,37,15,35,88,145,189,194,31,171,116,57,0,113,196,89,5,141,119,74,183,63,51,72,147,65,102,115,14,45,55,175,184,161,80,114,177,169,191,11,104,180,163,170,95,137,90,125,149,32,68,97,100,7,155,179,27,150,136,144,70,168,17,103,105,142,190,188,186,176,42,47,132,166,123,44];False
2433;8269;10702;[4,67,193,48,10,1,91,129,8,84,122,73,174,135,21,99,16,77,112,71,56,18,62,120,24,197,26,9,143,20,3,2,121,160,92,49,130,22,38,34,124,94,75,12,165,153,187,127,39,107,87,76,50,53,93,23,30,134,58,86,69,64,101,151,54,158,199,6,117,98,25,110,81,52,182,28,162,78,60,79,185,148,167,61,41,36,46,131,59,133,96,157,138,178,164,173,66,126,198,159,140,118,109,29,154,156,106,19,108,146,43,128,85,152,111,83,181,82,192,139,33,13,90,195,40,37,15,35,88,145,189,194,31,171,116,57,0,113,196,89,5,141,119,74,183,63,51,72,147,65,102,115,14,45,55,155,184,161,80,114,177,169,191,11,104,180,163,170,95,137,172,125,149,32,68,97,100,7,175,179,27,150,136,144,70,168,17,103,105,142,190,188,186,176,42,47,132,166,123,44];False
2364;8337;10701;[4,67,193,48,10,1,91,129,8,84,122,73,30,135,21,99,16,77,112,71,56,18,62,120,24,197,26,9,143,20,3,2,121,160,92,49,130,22,38,34,124,94,75,12,165,153,187,127,39,107,87,76,50,53,93,23,174,134,58,86,69,64,101,151,54,158,199,6,117,98,25,110,81,52,182,28,162,78,60,79,185,148,167,61,41,36,46,131,59,133,96,157,138,178,164,173,66,126,198,159,140,118,109,29,154,156,106,19,108,146,43,128,85,152,111,83,181,82,192,139,33,13,172,195,40,37,15,35,88,145,189,194,31,171,116,57,0,113,196,89,5,141,119,74,183,63,51,72,147,65,102,115,14,45,55,155,184,161,80,114,177,169,191,11,104,180,163,170,95,137,90,125,149,32,68,97,100,7,175,179,27,150,136,144,70,168,17,103,105,142,190,188,186,176,42,47,132,166,123,44];False
2454;8247;10701;[4,67,193,48,10,1,91,129,8,84,122,73,174,135,21,99,16,77,112,71,56,18,62,120,24,197,26,9,143,20,3,2,121,160,92,49,130,22,38,34,124,94,75,12,165,153,187,127,39,107,87,76,50,53,93,23,30,134,58,86,69,64,101,151,54,158,199,6,117,98,25,110,81,52,182,28,162,78,60,79,185,148,167,61,41,36,46,131,59,133,96,157,138,178,164,173,66,126,198,159,140,118,109,29,154,156,106,19,108,146,43,128,85,152,111,83,181,82,192,139,33,13,172,195,40,37,144,35,88,145,189,194,31,171,116,57,0,113,196,89,5,141,119,74,183,63,51,72,147,65,102,115,14,45,55,155,184,161,80,114,177,169,191,11,104,180,163,170,95,137,90,125,149,32,68,97,100,7,175,179,27,150,136,15,70,168,17,103,105,142,190,188,186,176,42,47,132,166,123,44];False
2370;8331;10701;[4,67,193,48,10,1,91,129,8,84,122,73,130,135,21,99,16,77,112,71,56,18,62,120,24,197,26,9,143,20,3,2,121,160,92,49,174,22,38,34,124,94,75,12,165,153,187,127,39,107,87,76,50,53,93,23,30,134,58,86,69,64,101,151,54,158,199,6,117,98,25,110,81,52,182,28,162,78,60,79,185,148,167,61,41,36,46,131,59,133,96,157,138,178,164,173,66,126,198,159,140,118,109,29,154,156,106,19,108,146,43,128,85,152,111,83,181,82,192,139,33,13,172,195,40,37,15,35,88,145,189,194,31,171,116,57,0,113,196,89,5,141,119,74,183,63,51,72,147,65,102,115,14,45,55,155,184,161,80,114,177,169,191,11,104,180,163,170,95,137,90,125,149,32,68,97,100,7,175,179,27,150,136,144,70,168,17,103,105,142,190,188,186,176,42,47,132,166,123,44];False
2422;8279;10701;[4,67,193,48,10,1,91,129,8,84,122,73,174,135,21,99,16,77,112,71,56,18,62,120,24,197,26,9,143,20,3,2,121,160,92,49,130,22,38,34,124,94,75,12,165,153,187,127,39,107,87,76,50,53,93,23,30,134,58,86,69,64,101,151,54,158,199,6,117,98,25,110,81,52,182,28,162,78,60,79,185,148,167,61,41,36,46,131,59,133,96,157,138,178,164,173,0,126,198,159,140,118,109,29,154,156,106,19,108,146,43,128,85,152,111,83,181,82,192,139,33,13,172,195,40,37,15,35,88,145,189,194,31,171,116,57,66,113,196,89,5,141,119,74,183,63,51,72,147,65,102,115,14,45,55,155,184,161,80,114,177,169,191,11,104,180,163,170,95,137,90,125,149,32,68,97,100,7,175,179,27,150,136,144,70,168,17,103,105,142,190,188,186,176,42,47,132,166,123,44];False
2387;8314;10701;[4,67,193,48,10,1,91,129,8,84,122,73,174,135,21,99,16,77,112,71,56,18,62,120,24,197,26,9,143,20,3,2,121,160,92,49,130,22,38,34,124,94,75,12,165,153,187,127,39,107,87,76,50,53,93,23,30,134,58,86,69,64,101,151,54,158,199,6,117,98,25,110,81,52,182,28,162,78,60,79,185,148,167,61,41,36,46,131,59,133,96,157,138,178,164,173,66,126,198,159,140,118,109,29,154,156,106,19,108,146,43,128,85,152,111,83,181,82,192,139,33,13,172,195,40,37,15,35,88,145,189,194,31,171,116,57,0,113,196,89,5,141,119,74,183,63,80,72,147,65,102,115,14,45,55,155,184,161,51,114,177,169,191,11,104,180,163,170,95,137,90,125,149,32,68,97,100,7,175,179,27,150,136,144,70,168,17,103,105,142,190,188,186,176,42,47,132,166,123,44];False
2475;8226;10701;[4,67,193,48,10,1,91,129,8,84,122,73,174,135,21,99,16,77,112,71,56,18,62,120,96,197,26,9,143,20,3,2,121,160,92,49,130,22,38,34,124,94,75,12,165,153,187,127,39,107,87,76,50,53,93,23,30,134,58,86,69,64,101,151,54,158,199,6,117,98,25,110,81,52,182,28,162,78,60,79,185,148,167,61,41,36,46,131,59,133,24,157,138,178,164,173,66,126,198,159,140,118,109,29,154,156,106,19,108,146,43,128,85,152,111,83,181,82,192,139,33,13,172,195,40,37,15,35,88,145,189,194,31,171,116,57,0,113,196,89,5,141,119,74,183,63,51,72,147,65,102,115,14,45,55,155,184,161,80,114,177,169,191,11,104,180,163,170,95,137,90,125,149,32,68,97,100,7,175,179,27,150,136,144,70,168,17,103,105,142,190,188,186,176,42,47,132,166,123,44];False
2453;8248;10701;[4,67,193,48,10,1,91,129,8,84,122,73,174,135,21,99,16,77,112,71,56,18,62,120,24,197,26,9,143,20,3,2,121,160,92,49,130,22,38,34,124,94,75,12,165,153,187,127,39,107,87,76,50,53,93,23,30,134,58,86,69,64,101,151,54,158,199,6,117,98,25,110,81,52,182,28,162,78,60,79,185,148,167,61,41,36,100,131,59,133,96,157,138,178,164,173,66,126,198,159,140,118,109,29,154,156,106,19,108,146,43,128,85,152,111,83,181,82,192,139,33,13,172,195,40,37,15,35,88,145,189,194,31,171,116,57,0,113,196,89,5,141,119,74,183,63,51,72,147,65,102,115,14,45,55,155,184,161,80,114,177,169,191,11,104,180,163,170,95,137,90,125,149,32,68,97,46,7,175,179,27,150,136,144,70,168,17,103,105,142,190,188,186,176,42,47,132,166,123,44];False
2442;8259;10701;[4,67,193,48,10,1,91,129,8,84,122,73,174,135,21,99,16,77,112,71,56,18,62,120,24,197,26,9,143,20,3,2,121,160,92,49,130,22,38,34,124,94,75,12,165,153,187,127,39,107,87,76,50,53,93,23,30,134,58,86,69,64,101,151,54,158,199,6,117,98,25,110,81,52,182,28,162,78,60,79,185,148,167,61,41,36,46,131,59,133,96,157,138,178,164,173,66,126,198,159,140,118,109,29,154,156,106,19,108,146,43,128,85,152,132,83,181,82,192,139,33,13,172,195,40,37,15,35,88,145,189,194,31,171,116,57,0,113,196,89,5,141,119,74,183,63,51,72,147,65,102,115,14,45,55,155,184,161,80,114,177,169,191,11,104,180,163,170,95,137,90,125,149,32,68,97,100,7,175,179,27,150,136,144,70,168,17,103,105,142,190,188,186,176,42,47,111,166,123,44];False
2410;8291;10701;[4,67,193,48,10,1,91,129,8,84,122,73,174,135,21,99,16,77,112,71,56,18,62,120,24,197,26,9,143,20,3,2,121,160,92,49,130,64,38,34,124,94,75,12,165,153,187,127,39,107,87,76,50,53,93,23,30,134,58,86,69,22,101,151,54,158,199,6,117,98,25,110,81,52,182,28,162,78,60,79,185,148,167,61,41,36,46,131,59,133,96,157,138,178,164,173,66,126,198,159,140,118,109,29,154,156,106,19,108,146,43,128,85,152,111,83,181,82,192,139,33,13,172,195,40,37,15,35,88,145,189,194,31,171,116,57,0,113,196,89,5,141,119,74,183,63,51,72,147,65,102,115,14,45,55,155,184,161,80,114,177,169,191,11,104,180,163,170,95,137,90,125,149,32,68,97,100,7,175,179,27,150,136,144,70,168,17,103,105,142,190,188,186,176,42,47,132,166,123,44];False
2451;8250;10701;[4,67,193,48,10,1,91,129,8,84,122,73,174,135,21,99,16,77,112,71,56,18,62,120,24,197,26,9,143,20,3,2,121,160,92,49,130,22,38,34,124,94,75,12,165,153,187,127,39,107,87,76,50,53,93,23,30,134,58,86,69,64,101,151,54,158,199,6,117,98,25,110,81,52,182,28,162,78,60,79,185,148,167,61,41,36,46,131,59,133,96,157,138,178,164,173,66,126,198,159,140,118,109,29,154,156,106,19,108,146,43,128,85,152,111,83,181,82,192,137,33,13,172,195,40,37,15,35,88,145,189,194,31,171,116,57,0,113,196,89,5,141,119,74,183,63,51,72,147,65,102,115,14,45,55,155,184,161,80,114,177,169,191,11,104,180,163,170,95,139,90,125,149,32,68,97,100,7,175,179,27,150,136,144,70,168,17,103,105,142,190,188,186,176,42,47,132,166,123,44];False
2425;8275;10700;[4,67,193,48,10,1,91,129,8,84,122,73,174,135,21,99,16,77,112,103,56,18,62,120,24,197,26,9,143,20,3,2,121,160,92,49,130,22,38,34,124,94,75,12,165,153,187,127,39,107,87,76,50,53,93,23,30,134,58,86,69,64,101,151,54,158,199,6,117,98,25,110,81,52,182,28,162,78,60,79,185,148,167,61,41,36,46,131,59,133,96,157,138,178,164,173,66,126,198,159,140,118,109,29,154,156,106,19,108,146,43,128,85,152,111,83,181,82,192,139,33,13,172,195,40,37,15,35,88,145,189,194,31,171,116,57,0,113,196,89,5,141,119,74,183,63,51,72,147,65,102,115,14,45,55,155,184,161,80,114,177,169,191,11,104,180,163,170,95,137,90,125,149,32,68,97,100,7,175,179,27,150,136,144,70,168,17,71,105,142,190,188,186,176,42,47,132,166,123,44];False
2390;8310;10700;[4,67,193,48,10,1,91,129,8,84,122,73,174,135,21,99,175,77,112,71,56,18,62,120,24,197,26,9,143,20,3,2,121,160,92,49,130,22,38,34,124,94,75,12,165,153,187,127,39,107,87,76,50,53,93,23,30,134,58,86,69,64,101,151,54,158,199,6,117,98,25,110,81,52,182,28,162,78,60,79,185,148,167,61,41,36,46,131,59,133,96,157,138,178,164,173,66,126,198,159,140,118,109,29,154,156,106,19,108,146,43,128,85,152,111,83,181,82,192,139,33,13,172,195,40,37,15,35,88,145,189,194,31,171,116,57,0,113,196,89,5,141,119,74,183,63,51,72,147,65,102,115,14,45,55,155,184,161,80,114,177,169,191,11,104,180,163,170,95,137,90,125,149,32,68,97,100,7,16,179,27,150,136,144,70,168,17,103,105,142,190,188,186,176,42,47,132,166,123,44];False
2394;8306;10700;[4,67,193,48,10,1,91,129,8,84,122,73,174,135,21,99,16,77,112,71,56,18,62,120,24,197,26,9,143,20,3,2,121,160,92,49,130,22,38,34,97,94,75,12,165,153,187,127,39,107,87,76,50,53,93,23,30,134,58,86,69,64,101,151,54,158,199,6,117,98,25,110,81,52,182,28,162,78,60,79,185,148,167,61,41,36,46,131,59,133,96,157,138,178,164,173,66,126,198,159,140,118,109,29,154,156,106,19,108,146,43,128,85,152,111,83,181,82,192,139,33,13,172,195,40,37,15,35,88,145,189,194,31,171,116,57,0,113,196,89,5,141,119,74,183,63,51,72,147,65,102,115,14,45,55,155,184,161,80,114,177,169,191,11,104,180,163,170,95,137,90,125,149,32,68,124,100,7,175,179,27,150,136,144,70,168,17,103,105,142,190,188,186,176,42,47,132,166,123,44];False
2399;8301;10700;[4,67,193,48,10,1,91,129,8,84,122,73,174,135,21,99,16,77,112,71,56,18,62,120,24,197,26,9,143,20,3,2,121,160,92,49,130,22,38,34,124,94,75,12,165,153,187,127,39,107,87,76,50,53,93,23,30,134,58,86,69,64,101,151,54,158,199,6,117,98,25,110,81,52,182,28,162,78,60,145,185,148,167,61,41,36,46,131,59,133,96,157,138,178,164,173,66,126,198,159,140,118,109,29,154,156,106,19,108,146,43,128,85,152,111,83,181,82,192,139,33,13,172,195,40,37,15,35,88,79,189,194,31,171,116,57,0,113,196,89,5,141,119,74,183,63,51,72,147,65,102,115,14,45,55,155,184,161,80,114,177,169,191,11,104,180,163,170,95,137,90,125,149,32,68,97,100,7,175,179,27,150,136,144,70,168,17,103,105,142,190,188,186,176,42,47,132,166,123,44];False
2442;8258;10700;[4,67,193,48,10,1,91,129,8,84,122,73,174,135,21,99,16,77,112,71,56,18,62,120,24,197,26,9,143,20,3,2,121,160,92,49,130,22,38,34,124,94,75,12,165,153,187,127,39,107,87,76,50,53,93,23,30,134,58,86,69,64,101,151,54,158,199,6,117,98,25,110,81,52,182,28,162,65,60,79,185,148,167,61,41,36,46,131,59,133,96,157,138,178,164,173,66,126,198,159,140,118,109,29,154,156,106,19,108,146,43,128,85,152,111,83,181,82,192,139,33,13,172,195,40,37,15,35,88,145,189,194,31,171,116,57,0,113,196,89,5,141,119,74,183,63,51,72,147,78,102,115,14,45,55,155,184,161,80,114,177,169,191,11,104,180,163,170,95,137,90,125,149,32,68,97,100,7,175,179,27,150,136,144,70,168,17,103,105,142,190,188,186,176,42,47,132,166,123,44];False
2397;8303;10700;[4,67,193,48,10,1,91,129,8,84,122,73,174,135,21,99,16,77,112,71,56,18,62,120,24,197,26,9,143,20,3,2,121,160,92,49,130,22,38,34,124,94,75,12,165,153,187,127,39,107,87,76,50,53,93,23,30,134,58,86,69,64,101,151,54,158,199,6,117,98,25,110,81,52,182,28,162,78,60,79,185,148,167,61,41,36,46,131,59,133,96,157,138,178,164,173,66,126,198,159,140,118,109,29,154,156,161,19,108,146,43,128,85,152,111,83,181,82,192,139,33,13,172,195,40,37,15,35,88,145,189,194,31,171,116,57,0,113,196,89,5,141,119,74,183,63,51,72,147,65,102,115,14,45,55,155,184,106,80,114,177,169,191,11,104,180,163,170,95,137,90,125,149,32,68,97,100,7,175,179,27,150,136,144,70,168,17,103,105,142,190,188,186,176,42,47,132,166,123,44];False
2415;8285;10700;[4,67,193,48,10,1,91,129,8,84,122,73,174,135,21,99,16,77,112,71,56,18,62,120,55,197,26,9,143,20,3,2,121,160,92,49,130,22,38,34,124,94,75,12,165,153,187,127,39,107,87,76,50,53,93,23,30,134,58,86,69,64,101,151,54,158,199,6,117,98,25,110,81,52,182,28,162,78,60,79,185,148,167,61,41,36,46,131,59,133,96,157,138,178,164,173,66,126,198,159,140,118,109,29,154,156,106,19,108,146,43,128,85,152,111,83,181,82,192,139,33,13,172,195,40,37,15,35,88,145,189,194,31,171,116,57,0,113,196,89,5,141,119,74,183,63,51,72,147,65,102,115,14,45,24,155,184,161,80,114,177,169,191,11,104,180,163,170,95,137,90,125,149,32,68,97,100,7,175,179,27,150,136,144,70,168,17,103,105,142,190,188,186,176,42,47,132,166,123,44];False
2405;8295;10700;[4,67,193,48,10,1,91,129,8,84,122,73,174,135,21,99,16,77,112,71,56,18,62,120,24,197,26,9,143,20,3,2,121,160,92,49,130,22,38,34,124,94,75,12,165,153,187,127,39,107,87,76,50,53,93,23,30,134,58,86,69,64,101,151,54,158,199,6,117,98,25,110,81,52,182,28,162,78,60,79,185,148,167,61,41,36,46,131,59,133,96,157,138,178,164,173,66,126,198,159,140,118,109,29,154,156,137,19,108,146,43,128,85,152,111,83,181,82,192,139,33,13,172,195,40,37,15,35,88,145,189,194,31,171,116,57,0,113,196,89,5,141,119,74,183,63,51,72,147,65,102,115,14,45,55,155,184,161,80,114,177,169,191,11,104,180,163,170,95,106,90,125,149,32,68,97,100,7,175,179,27,150,136,144,70,168,17,103,105,142,190,188,186,176,42,47,132,166,123,44];False
2433;8267;10700;[4,67,193,48,10,1,91,129,8,84,122,73,174,135,21,99,16,77,112,71,56,18,62,120,24,197,26,9,143,20,3,2,121,160,92,49,130,22,38,34,124,94,75,12,165,153,187,127,39,107,87,76,50,53,93,23,30,134,58,86,69,64,101,151,54,158,199,6,117,98,25,110,81,52,182,28,162,78,60,79,185,148,167,61,41,36,46,131,59,133,96,157,138,178,164,173,66,126,198,159,140,118,109,29,154,156,106,19,108,146,43,128,85,152,111,83,181,82,192,139,33,13,172,195,136,37,15,35,88,145,189,194,31,171,116,57,0,113,196,89,5,141,119,74,183,63,51,72,147,65,102,115,14,45,55,155,184,161,80,114,177,169,191,11,104,180,163,170,95,137,90,125,149,32,68,97,100,7,175,179,27,150,40,144,70,168,17,103,105,142,190,188,186,176,42,47,132,166,123,44];False
2446;8254;10700;[4,67,193,48,10,1,91,129,8,84,122,73,174,135,21,99,16,77,112,71,56,18,128,120,24,197,26,9,143,20,3,2,121,160,92,49,130,22,38,34,124,94,75,12,165,153,187,127,39,107,87,76,50,53,93,23,30,134,58,86,69,64,101,151,54,158,199,6,117,98,25,110,81,52,182,28,162,78,60,79,185,148,167,61,41,36,46,131,59,133,96,157,138,178,164,173,66,126,198,159,140,118,109,29,154,156,106,19,108,146,43,62,85,152,111,83,181,82,192,139,33,13,172,195,40,37,15,35,88,145,189,194,31,171,116,57,0,113,196,89,5,141,119,74,183,63,51,72,147,65,102,115,14,45,55,155,184,161,80,114,177,169,191,11,104,180,163,170,95,137,90,125,149,32,68,97,100,7,175,179,27,150,136,144,70,168,17,103,105,142,190,188,186,176,42,47,132,166,123,44];False
2442;8258;10700;[4,67,193,48,10,1,91,129,8,84,122,73,174,135,21,99,16,77,112,71,56,18,62,120,24,197,26,9,143,20,3,2,121,160,92,49,130,22,38,34,124,94,75,12,165,153,187,127,39,107,87,76,50,53,93,23,30,134,58,86,69,64,101,151,54,158,199,6,117,98,25,110,81,52,182,28,162,78,60,79,185,148,167,61,41,36,46,131,59,133,96,157,138,178,164,173,66,126,198,159,140,118,109,29,192,156,106,19,108,146,43,128,85,152,111,83,181,82,154,139,33,13,172,195,40,37,15,35,88,145,189,194,31,171,116,57,0,113,196,89,5,141,119,74,183,63,51,72,147,65,102,115,14,45,55,155,184,161,80,114,177,169,191,11,104,180,163,170,95,137,90,125,149,32,68,97,100,7,175,179,27,150,136,144,70,168,17,103,105,142,190,188,186,176,42,47,132,166,123,44];False
2459;8241;10700;[4,67,193,48,10,1,91,129,8,84,122,73,174,135,21,99,16,77,112,71,56,18,62,120,24,197,26,9,143,20,3,2,121,160,92,49,130,22,38,34,124,94,75,12,165,153,187,127,39,107,87,76,50,53,93,23,30,134,58,86,69,64,101,151,54,158,199,6,117,98,25,110,96,52,182,28,162,78,60,79,185,148,167,61,41,36,46,131,59,133,81,157,138,178,164,173,66,126,198,159,140,118,109,29,154,156,106,19,108,146,43,128,85,152,111,83,181,82,192,139,33,13,172,195,40,37,15,35,88,145,189,194,31,171,116,57,0,113,196,89,5,141,119,74,183,63,51,72,147,65,102,115,14,45,55,155,184,161,80,114,177,169,191,11,104,180,163,170,95,137,90,125,149,32,68,97,100,7,175,179,27,150,136,144,70,168,17,103,105,142,190,188,186,176,42,47,132,166,123,44];False
2419;8281;10700;[4,67,193,48,10,1,91,129,8,84,122,73,174,135,21,99,16,77,112,71,56,18,62,120,24,197,26,9,143,20,3,2,121,160,92,49,130,22,38,34,124,94,75,12,165,153,187,127,39,107,87,76,50,53,93,23,30,134,58,86,69,64,101,151,54,158,199,6,117,98,25,110,81,52,182,28,162,78,60,79,185,148,167,61,41,36,46,131,59,133,96,157,138,178,164,173,66,115,198,159,140,118,109,29,154,156,106,19,108,146,43,128,85,152,111,83,181,82,192,139,33,13,172,195,40,37,15,35,88,145,189,194,31,171,116,57,0,113,196,89,5,141,119,74,183,63,51,72,147,65,102,126,14,45,55,155,184,161,80,114,177,169,191,11,104,180,163,170,95,137,90,125,149,32,68,97,100,7,175,179,27,150,136,144,70,168,17,103,105,142,190,188,186,176,42,47,132,166,123,44];False
2370;8329;10699;[4,67,193,48,10,1,91,129,8,84,122,73,174,135,21,99,16,77,112,71,56,18,62,120,24,197,26,9,143,20,3,2,121,160,92,49,130,22,38,34,124,94,75,12,165,153,187,127,39,107,87,76,50,53,93,23,30,134,58,86,69,64,101,151,54,158,199,6,117,98,25,110,81,52,182,28,162,78,60,79,185,148,167,61,41,36,46,131,59,133,96,157,138,178,164,173,66,126,198,159,140,118,109,29,154,156,106,19,108,146,43,128,85,152,111,83,181,82,192,139,33,13,172,195,40,37,15,35,88,145,189,194,31,171,116,57,0,113,196,89,5,14,119,74,183,63,51,72,147,65,102,115,141,45,55,155,184,161,80,114,177,169,191,11,104,180,163,170,95,137,90,125,149,32,68,97,100,7,175,179,27,150,136,144,70,168,17,103,105,142,190,188,186,176,42,47,132,166,123,44];False
2360;8339;10699;[4,67,193,48,10,1,91,129,8,84,122,73,174,135,21,99,16,77,112,71,56,18,62,120,24,197,26,9,143,20,3,2,121,160,92,49,130,22,38,34,124,94,75,12,165,153,187,127,39,107,87,76,50,53,93,23,30,134,58,86,69,64,103,151,54,158,199,6,117,98,25,110,81,52,182,28,162,78,60,79,185,148,167,61,41,36,46,131,59,133,96,157,138,178,164,173,66,126,198,159,140,118,109,29,154,156,106,19,108,146,43,128,85,152,111,83,181,82,192,139,33,13,172,195,40,37,15,35,88,145,189,194,31,171,116,57,0,113,196,89,5,141,119,74,183,63,51,72,147,65,102,115,14,45,55,155,184,161,80,114,177,169,191,11,104,180,163,170,95,137,90,125,149,32,68,97,100,7,175,179,27,150,136,144,70,168,17,101,105,142,190,188,186,176,42,47,132,166,123,44];False
2414;8285;10699;[4,67,193,48,10,1,91,129,8,84,122,73,174,135,21,99,16,77,112,71,56,18,62,120,24,80,26,9,143,20,3,2,121,160,92,49,130,22,38,34,124,94,75,12,165,153,187,127,39,107,87,76,50,53,93,23,30,134,58,86,69,64,101,151,54,158,199,6,117,98,25,110,81,52,182,28,162,78,60,79,185,148,167,61,41,36,46,131,59,133,96,157,138,178,164,173,66,126,198,159,140,118,109,29,154,156,106,19,108,146,43,128,85,152,111,83,181,82,192,139,33,13,172,195,40,37,15,35,88,145,189,194,31,171,116,57,0,113,196,89,5,141,119,74,183,63,51,72,147,65,102,115,14,45,55,155,184,161,197,114,177,169,191,11,104,180,163,170,95,137,90,125,149,32,68,97,100,7,175,179,27,150,136,144,70,168,17,103,105,142,190,188,186,176,42,47,132,166,123,44];False
2412;8287;10699;[40,67,193,48,10,1,91,129,8,84,122,73,174,135,21,99,16,77,112,71,56,18,62,120,24,197,26,9,143,20,3,2,121,160,92,49,130,22,38,34,124,94,75,12,165,153,187,127,39,107,87,76,50,53,93,23,30,134,58,86,69,64,101,151,54,158,199,6,117,98,25,110,81,52,182,28,162,78,60,79,185,148,167,61,41,36,46,131,59,133,96,157,138,178,164,173,66,126,198,159,140,118,109,29,154,156,106,19,108,146,43,128,85,152,111,83,181,82,192,139,33,13,172,195,4,37,15,35,88,145,189,194,31,171,116,57,0,113,196,89,5,141,119,74,183,63,51,72,147,65,102,115,14,45,55,155,184,161,80,114,177,169,191,11,104,180,163,170,95,137,90,125,149,32,68,97,100,7,175,179,27,150,136,144,70,168,17,103,105,142,190,188,186,176,42,47,132,166,123,44];False
2418;8281;10699;[4,67,193,48,10,1,91,196,8,84,122,73,174,135,21,99,16,77,112,71,56,18,62,120,24,197,26,9,143,20,3,2,121,160,92,49,130,22,38,34,124,94,75,12,165,153,187,127,39,107,87,76,50,53,93,23,30,134,58,86,69,64,101,151,54,158,199,6,117,98,25,110,81,52,182,28,162,78,60,79,185,148,167,61,41,36,46,131,59,133,96,157,138,178,164,173,66,126,198,159,140,118,109,29,154,156,106,19,108,146,43,128,85,152,111,83,181,82,192,139,33,13,172,195,40,37,15,35,88,145,189,194,31,171,116,57,0,113,129,89,5,141,119,74,183,63,51,72,147,65,102,115,14,45,55,155,184,161,80,114,177,169,191,11,104,180,163,170,95,137,90,125,149,32,68,97,100,7,175,179,27,150,136,144,70,168,17,103,105,142,190,188,186,176,42,47,132,166,123,44];False
2429;8270;10699;[4,67,193,48,10,1,91,129,8,84,122,73,174,135,21,99,16,77,112,71,56,18,62,120,24,197,26,9,143,20,3,2,121,160,92,49,130,22,38,34,124,94,75,12,165,153,187,127,39,107,87,76,50,53,93,23,30,134,58,86,69,64,101,151,54,158,199,6,117,98,25,110,81,52,182,28,162,78,60,79,185,148,167,61,41,36,46,131,59,133,96,157,138,178,164,173,66,126,198,159,140,118,109,29,154,156,106,19,108,146,43,128,85,152,111,119,181,82,192,139,33,13,172,195,40,37,15,35,88,145,189,194,31,171,116,57,0,113,196,89,5,141,83,74,183,63,51,72,147,65,102,115,14,45,55,155,184,161,80,114,177,169,191,11,104,180,163,170,95,137,90,125,149,32,68,97,100,7,175,179,27,150,136,144,70,168,17,103,105,142,190,188,186,176,42,47,132,166,123,44];False
2424;8275;10699;[4,67,193,48,10,1,91,129,8,84,122,73,174,135,21,99,16,77,112,71,56,19,62,120,24,197,26,9,143,20,3,2,121,160,92,49,130,22,38,34,124,94,75,12,165,153,187,127,39,107,87,76,50,53,93,23,30,134,58,86,69,64,101,151,54,158,199,6,117,98,25,110,81,52,182,28,162,78,60,79,185,148,167,61,41,36,46,131,59,133,96,157,138,178,164,173,66,126,198,159,140,118,109,29,154,156,106,18,108,146,43,128,85,152,111,83,181,82,192,139,33,13,172,195,40,37,15,35,88,145,189,194,31,171,116,57,0,113,196,89,5,141,119,74,183,63,51,72,147,65,102,115,14,45,55,155,184,161,80,114,177,169,191,11,104,180,163,170,95,137,90,125,149,32,68,97,100,7,175,179,27,150,136,144,70,168,17,103,105,142,190,188,186,176,42,47,132,166,123,44];False
2429;8270;10699;[4,67,193,48,10,1,91,129,8,84,122,73,174,135,21,99,16,77,112,71,56,18,62,120,24,197,26,9,143,20,3,2,121,160,92,49,130,22,38,34,124,94,31,12,165,153,187,127,39,107,87,76,50,53,93,23,30,134,58,86,69,64,101,151,54,158,199,6,117,98,25,110,81,52,182,28,162,78,60,79,185,148,167,61,41,36,46,131,59,133,96,157,138,178,164,173,66,126,198,159,140,118,109,29,154,156,106,19,108,146,43,128,85,152,111,83,181,82,192,139,33,13,172,195,40,37,15,35,88,145,189,194,75,171,116,57,0,113,196,89,5,141,119,74,183,63,51,72,147,65,102,115,14,45,55,155,184,161,80,114,177,169,191,11,104,180,163,170,95,137,90,125,149,32,68,97,100,7,175,179,27,150,136,144,70,168,17,103,105,142,190,188,186,176,42,47,132,166,123,44];False
2400;8299;10699;[4,67,193,48,10,1,91,129,8,84,122,73,174,135,21,99,16,77,112,71,56,148,62,120,24,197,26,9,143,20,3,2,121,160,92,49,130,22,38,34,124,94,75,12,165,153,187,127,39,107,87,76,50,53,93,23,30,134,58,86,69,64,101,151,54,158,199,6,117,98,25,110,81,52,182,28,162,78,60,79,185,18,167,61,41,36,46,131,59,133,96,157,138,178,164,173,66,126,198,159,140,118,109,29,154,156,106,19,108,146,43,128,85,152,111,83,181,82,192,139,33,13,172,195,40,37,15,35,88,145,189,194,31,171,116,57,0,113,196,89,5,141,119,74,183,63,51,72,147,65,102,115,14,45,55,155,184,161,80,114,177,169,191,11,104,180,163,170,95,137,90,125,149,32,68,97,100,7,175,179,27,150,136,144,70,168,17,103,105,142,190,188,186,176,42,47,132,166,123,44];False
2408;8291;10699;[4,67,193,48,10,1,91,129,8,84,122,73,174,135,21,99,16,77,112,71,56,18,62,120,24,197,26,9,143,20,3,2,121,160,92,49,130,22,38,34,124,94,75,12,165,153,187,127,39,107,87,76,50,53,93,23,30,134,58,86,69,64,101,151,54,158,199,6,117,98,25,110,81,52,182,28,162,78,60,79,185,148,167,61,190,36,46,131,59,133,96,157,138,178,164,173,66,126,198,159,140,118,109,29,154,156,106,19,108,146,43,128,85,152,111,83,181,82,192,139,33,13,172,195,40,37,15,35,88,145,189,194,31,171,116,57,0,113,196,89,5,141,119,74,183,63,51,72,147,65,102,115,14,45,55,155,184,161,80,114,177,169,191,11,104,180,163,170,95,137,90,125,149,32,68,97,100,7,175,179,27,150,136,144,70,168,17,103,105,142,41,188,186,176,42,47,132,166,123,44];False
2425;8274;10699;[4,67,193,48,10,1,91,129,8,84,122,73,174,135,21,99,16,77,112,71,56,18,62,120,24,197,26,9,143,20,3,2,121,160,92,49,130,22,38,34,124,94,75,12,165,153,187,127,39,107,87,76,50,53,93,23,30,134,58,86,69,64,101,151,54,158,199,6,117,98,25,110,81,111,182,28,162,78,60,79,185,148,167,61,41,36,46,131,59,133,96,157,138,178,164,173,66,126,198,159,140,118,109,29,154,156,106,19,108,146,43,128,85,152,52,83,181,82,192,139,33,13,172,195,40,37,15,35,88,145,189,194,31,171,116,57,0,113,196,89,5,141,119,74,183,63,51,72,147,65,102,115,14,45,55,155,184,161,80,114,177,169,191,11,104,180,163,170,95,137,90,125,149,32,68,97,100,7,175,179,27,150,136,144,70,168,17,103,105,142,190,188,186,176,42,47,132,166,123,44];False
2381;8318;10699;[4,67,193,48,10,1,91,129,8,84,122,73,174,135,21,99,16,77,112,71,56,18,62,120,24,197,26,9,143,20,3,2,121,160,92,49,130,22,38,34,124,94,75,12,165,153,187,127,39,107,87,76,50,53,93,23,30,134,58,86,69,64,101,151,54,158,199,6,117,98,25,110,81,52,182,28,162,78,192,79,185,148,167,61,41,36,46,131,59,133,96,157,138,178,164,173,66,126,198,159,140,118,109,29,154,156,106,19,108,146,43,128,85,152,111,83,181,82,60,139,33,13,172,195,40,37,15,35,88,145,189,194,31,171,116,57,0,113,196,89,5,141,119,74,183,63,51,72,147,65,102,115,14,45,55,155,184,161,80,114,177,169,191,11,104,180,163,170,95,137,90,125,149,32,68,97,100,7,175,179,27,150,136,144,70,168,17,103,105,142,190,188,186,176,42,47,132,166,123,44];False
2415;8284;10699;[4,67,193,48,10,1,91,129,8,84,122,73,174,135,21,99,16,77,112,71,56,18,5,120,24,197,26,9,143,20,3,2,121,160,92,49,130,22,38,34,124,94,75,12,165,153,187,127,39,107,87,76,50,53,93,23,30,134,58,86,69,64,101,151,54,158,199,6,117,98,25,110,81,52,182,28,162,78,60,79,185,148,167,61,41,36,46,131,59,133,96,157,138,178,164,173,66,126,198,159,140,118,109,29,154,156,106,19,108,146,43,128,85,152,111,83,181,82,192,139,33,13,172,195,40,37,15,35,88,145,189,194,31,171,116,57,0,113,196,89,62,141,119,74,183,63,51,72,147,65,102,115,14,45,55,155,184,161,80,114,177,169,191,11,104,180,163,170,95,137,90,125,149,32,68,97,100,7,175,179,27,150,136,144,70,168,17,103,105,142,190,188,186,176,42,47,132,166,123,44];False
2444;8255;10699;[4,67,193,48,10,1,91,129,8,84,122,73,174,135,21,99,16,77,112,71,56,18,62,120,24,197,26,9,143,20,3,2,121,160,92,49,130,22,38,34,124,94,75,12,165,153,187,127,39,107,87,76,50,53,93,23,30,134,58,86,69,64,101,151,54,158,199,6,117,98,25,110,81,52,182,28,162,78,60,79,185,148,167,61,41,36,46,131,59,133,96,157,138,178,164,173,66,126,198,159,17,118,109,29,154,156,106,19,108,146,43,128,85,152,111,83,181,82,192,139,33,13,172,195,40,37,15,35,88,145,189,194,31,171,116,57,0,113,196,89,5,141,119,74,183,63,51,72,147,65,102,115,14,45,55,155,184,161,80,114,177,169,191,11,104,180,163,170,95,137,90,125,149,32,68,97,100,7,175,179,27,150,136,144,70,168,140,103,105,142,190,188,186,176,42,47,132,166,123,44];False
2436;8263;10699;[4,67,193,48,10,1,91,129,8,84,122,73,174,135,21,99,16,77,112,71,56,18,62,120,24,197,26,9,143,20,3,2,121,160,92,49,130,22,38,34,124,94,75,12,165,153,187,127,39,107,87,76,50,53,93,23,30,134,58,86,69,64,101,151,54,158,199,6,117,98,25,110,81,52,182,28,162,78,60,79,185,148,167,61,41,36,46,131,59,133,96,157,138,178,164,173,66,126,198,159,140,118,109,29,154,156,106,19,108,146,43,128,85,152,111,83,181,82,192,139,33,13,172,195,40,37,15,35,88,145,189,194,31,171,116,57,0,113,196,89,5,141,119,74,183,63,51,72,147,65,102,115,14,45,55,155,184,161,80,114,177,169,191,11,104,180,163,170,95,137,90,125,149,32,68,97,100,7,175,179,27,150,136,144,190,168,17,103,105,142,70,188,186,176,42,47,132,166,123,44];False
2380;8319;10699;[24,67,193,48,10,1,91,129,8,84,122,73,174,135,21,99,16,77,112,71,56,18,62,120,4,197,26,9,143,20,3,2,121,160,92,49,130,22,38,34,124,94,75,12,165,153,187,127,39,107,87,76,50,53,93,23,30,134,58,86,69,64,101,151,54,158,199,6,117,98,25,110,81,52,182,28,162,78,60,79,185,148,167,61,41,36,46,131,59,133,96,157,138,178,164,173,66,126,198,159,140,118,109,29,154,156,106,19,108,146,43,128,85,152,111,83,181,82,192,139,33,13,172,195,40,37,15,35,88,145,189,194,31,171,116,57,0,113,196,89,5,141,119,74,183,63,51,72,147,65,102,115,14,45,55,155,184,161,80,114,177,169,191,11,104,180,163,170,95,137,90,125,149,32,68,97,100,7,175,179,27,150,136,144,70,168,17,103,105,142,190,188,186,176,42,47,132,166,123,44];False
2433;8266;10699;[4,67,193,48,10,1,91,129,8,84,122,73,174,135,21,99,16,77,112,71,56,18,62,120,24,197,26,9,143,20,3,2,121,160,92,49,130,22,38,34,124,94,75,12,165,153,187,127,39,107,87,76,50,53,93,23,30,134,58,86,69,64,101,151,54,158,199,6,117,98,25,110,81,52,182,28,162,78,60,79,185,148,167,61,41,36,46,131,59,133,96,157,138,178,164,173,66,126,198,159,140,118,109,29,154,156,106,19,108,146,43,128,85,152,111,83,181,82,192,139,33,13,172,195,40,37,15,35,88,145,189,194,31,171,161,57,0,113,196,89,5,141,119,74,183,63,51,72,147,65,102,115,14,45,55,155,184,116,80,114,177,169,191,11,104,180,163,170,95,137,90,125,149,32,68,97,100,7,175,179,27,150,136,144,70,168,17,103,105,142,190,188,186,176,42,47,132,166,123,44];False
2459;8240;10699;[4,67,193,48,10,1,91,129,8,84,122,73,174,135,21,99,16,77,112,71,56,18,62,120,24,197,26,9,143,20,3,2,121,160,92,49,130,22,38,34,124,94,75,12,165,153,187,127,39,107,87,76,50,53,93,23,30,134,58,86,69,64,101,151,54,158,199,6,117,98,25,110,81,52,182,28,162,78,60,79,185,148,167,61,41,36,46,131,59,133,96,157,138,178,164,173,66,126,198,159,140,118,109,29,154,156,106,19,108,146,43,128,85,152,111,83,181,82,192,139,33,31,172,195,40,37,15,35,88,145,189,194,13,171,116,57,0,113,196,89,5,141,119,74,183,63,51,72,147,65,102,115,14,45,55,155,184,161,80,114,177,169,191,11,104,180,163,170,95,137,90,125,149,32,68,97,100,7,175,179,27,150,136,144,70,168,17,103,105,142,190,188,186,176,42,47,132,166,123,44];False
2437;8262;10699;[4,67,193,48,10,1,91,129,8,84,122,73,174,135,21,99,16,77,112,71,56,18,62,120,24,197,26,9,143,20,3,2,121,160,92,49,130,22,38,34,124,94,75,12,165,153,187,127,39,107,87,76,50,53,93,23,30,95,58,86,69,64,101,151,54,158,199,6,117,98,25,110,81,52,182,28,162,78,60,79,185,148,167,61,41,36,46,131,59,133,96,157,138,178,164,173,66,126,198,159,140,118,109,29,154,156,106,19,108,146,43,128,85,152,111,83,181,82,192,139,33,13,172,195,40,37,15,35,88,145,189,194,31,171,116,57,0,113,196,89,5,141,119,74,183,63,51,72,147,65,102,115,14,45,55,155,184,161,80,114,177,169,191,11,104,180,163,170,134,137,90,125,149,32,68,97,100,7,175,179,27,150,136,144,70,168,17,103,105,142,190,188,186,176,42,47,132,166,123,44];False
2446;8252;10698;[4,67,193,48,10,1,91,129,8,84,122,73,174,135,21,99,16,77,112,71,56,18,62,120,24,197,26,9,143,20,3,2,121,160,92,49,130,22,38,34,124,94,75,12,165,153,187,127,39,107,87,76,50,53,93,23,30,134,58,86,69,64,101,151,54,158,199,6,117,98,25,110,81,52,182,28,162,78,60,79,185,148,167,61,41,36,46,131,59,133,96,157,138,178,164,173,66,126,198,159,140,118,109,29,154,156,106,19,108,146,43,128,85,152,111,83,181,82,192,139,33,13,172,195,40,37,15,35,88,145,189,194,31,171,116,57,0,113,196,89,5,141,32,74,183,63,51,72,147,65,102,115,14,45,55,155,184,161,80,114,177,169,191,11,104,180,163,170,95,137,90,125,149,119,68,97,100,7,175,179,27,150,136,144,70,168,17,103,105,142,190,188,186,176,42,47,132,166,123,44];False
2400;8298;10698;[4,67,193,48,10,1,91,129,8,84,122,73,174,135,21,99,16,77,112,71,56,18,62,142,24,197,26,9,143,20,3,2,121,160,92,49,130,22,38,34,124,94,75,12,165,153,187,127,39,107,87,76,50,53,93,23,30,134,58,86,69,64,101,151,54,158,199,6,117,98,25,110,81,52,182,28,162,78,60,79,185,148,167,61,41,36,46,131,59,133,96,157,138,178,164,173,66,126,198,159,140,118,109,29,154,156,106,19,108,146,43,128,85,152,111,83,181,82,192,139,33,13,172,195,40,37,15,35,88,145,189,194,31,171,116,57,0,113,196,89,5,141,119,74,183,63,51,72,147,65,102,115,14,45,55,155,184,161,80,114,177,169,191,11,104,180,163,170,95,137,90,125,149,32,68,97,100,7,175,179,27,150,136,144,70,168,17,103,105,120,190,188,186,176,42,47,132,166,123,44];False
2406;8292;10698;[4,67,193,48,10,1,60,129,8,84,122,73,174,135,21,99,16,77,112,71,56,18,62,120,24,197,26,9,143,20,3,2,121,160,92,49,130,22,38,34,124,94,75,12,165,153,187,127,39,107,87,76,50,53,93,23,30,134,58,86,69,64,101,151,54,158,199,6,117,98,25,110,81,52,182,28,162,78,91,79,185,148,167,61,41,36,46,131,59,133,96,157,138,178,164,173,66,126,198,159,140,118,109,29,154,156,106,19,108,146,43,128,85,152,111,83,181,82,192,139,33,13,172,195,40,37,15,35,88,145,189,194,31,171,116,57,0,113,196,89,5,141,119,74,183,63,51,72,147,65,102,115,14,45,55,155,184,161,80,114,177,169,191,11,104,180,163,170,95,137,90,125,149,32,68,97,100,7,175,179,27,150,136,144,70,168,17,103,105,142,190,188,186,176,42,47,132,166,123,44];False
2441;8257;10698;[4,67,193,48,10,1,91,129,8,84,195,73,174,135,21,99,16,77,112,71,56,18,62,120,24,197,26,9,143,20,3,2,121,160,92,49,130,22,38,34,124,94,75,12,165,153,187,127,39,107,87,76,50,53,93,23,30,134,58,86,69,64,101,151,54,158,199,6,117,98,25,110,81,52,182,28,162,78,60,79,185,148,167,61,41,36,46,131,59,133,96,157,138,178,164,173,66,126,198,159,140,118,109,29,154,156,106,19,108,146,43,128,85,152,111,83,181,82,192,139,33,13,172,122,40,37,15,35,88,145,189,194,31,171,116,57,0,113,196,89,5,141,119,74,183,63,51,72,147,65,102,115,14,45,55,155,184,161,80,114,177,169,191,11,104,180,163,170,95,137,90,125,149,32,68,97,100,7,175,179,27,150,136,144,70,168,17,103,105,142,190,188,186,176,42,47,132,166,123,44];False
2390;8308;10698;[4,67,193,48,10,1,91,129,8,84,122,73,174,135,21,99,16,77,112,71,56,18,62,120,24,197,26,9,143,20,3,2,121,160,92,49,130,22,38,34,124,94,75,12,165,153,187,127,39,107,87,76,50,53,93,23,30,134,58,86,69,64,101,151,54,158,199,6,117,98,25,110,81,52,182,28,162,78,60,79,185,148,167,61,41,36,46,131,59,133,96,157,138,178,164,173,66,126,198,159,140,118,109,29,154,156,106,19,108,146,43,128,85,63,111,83,181,82,192,139,33,13,172,195,40,37,15,35,88,145,189,194,31,171,116,57,0,113,196,89,5,141,119,74,183,152,51,72,147,65,102,115,14,45,55,155,184,161,80,114,177,169,191,11,104,180,163,170,95,137,90,125,149,32,68,97,100,7,175,179,27,150,136,144,70,168,17,103,105,142,190,188,186,176,42,47,132,166,123,44];False
2414;8284;10698;[4,67,193,48,10,1,91,129,8,84,122,73,174,135,21,99,16,77,112,71,56,18,62,120,24,197,26,9,143,20,3,2,121,160,92,49,130,22,38,34,124,94,75,12,165,153,187,127,39,107,87,76,50,53,93,23,30,134,58,86,69,64,101,151,54,158,14,6,117,98,25,110,81,52,182,28,162,78,60,79,185,148,167,61,41,36,46,131,59,133,96,157,138,178,164,173,66,126,198,159,140,118,109,29,154,156,106,19,108,146,43,128,85,152,111,83,181,82,192,139,33,13,172,195,40,37,15,35,88,145,189,194,31,171,116,57,0,113,196,89,5,141,119,74,183,63,51,72,147,65,102,115,199,45,55,155,184,161,80,114,177,169,191,11,104,180,163,170,95,137,90,125,149,32,68,97,100,7,175,179,27,150,136,144,70,168,17,103,105,142,190,188,186,176,42,47,132,166,123,44];False
2449;8249;10698;[4,67,193,48,10,1,91,129,8,84,122,73,174,135,21,99,16,77,112,71,56,18,62,120,24,197,26,9,143,11,3,2,121,160,92,49,130,22,38,34,124,94,75,12,165,153,187,127,39,107,87,76,50,53,93,23,30,134,58,86,69,64,101,151,54,158,199,6,117,98,25,110,81,52,182,28,162,78,60,79,185,148,167,61,41,36,46,131,59,133,96,157,138,178,164,173,66,126,198,159,140,118,109,29,154,156,106,19,108,146,43,128,85,152,111,83,181,82,192,139,33,13,172,195,40,37,15,35,88,145,189,194,31,171,116,57,0,113,196,89,5,141,119,74,183,63,51,72,147,65,102,115,14,45,55,155,184,161,80,114,177,169,191,20,104,180,163,170,95,137,90,125,149,32,68,97,100,7,175,179,27,150,136,144,70,168,17,103,105,142,190,188,186,176,42,47,132,166,123,44];False
2330;8368;10698;[4,67,193,48,10,1,91,129,8,84,122,73,174,135,83,99,16,77,112,71,56,18,62,120,24,197,26,9,143,20,3,2,121,160,92,49,130,22,38,34,124,94,75,12,165,153,187,127,39,107,87,76,50,53,93,23,30,134,58,86,69,64,101,151,54,158,199,6,117,98,25,110,81,52,182,28,162,78,60,79,185,148,167,61,41,36,46,131,59,133,96,157,138,178,164,173,66,126,198,159,140,118,109,29,154,156,106,19,108,146,43,128,85,152,111,21,181,82,192,139,33,13,172,195,40,37,15,35,88,145,189,194,31,171,116,57,0,113,196,89,5,141,119,74,183,63,51,72,147,65,102,115,14,45,55,155,184,161,80,114,177,169,191,11,104,180,163,170,95,137,90,125,149,32,68,97,100,7,175,179,27,150,136,144,70,168,17,103,105,142,190,188,186,176,42,47,132,166,123,44];False
2379;8319;10698;[4,67,193,48,10,1,91,129,8,84,122,73,174,135,21,99,16,77,112,71,56,18,62,120,24,197,26,9,143,20,3,2,121,160,92,49,130,44,38,34,124,94,75,12,165,153,187,127,39,107,87,76,50,53,93,23,30,134,58,86,69,64,101,151,54,158,199,6,117,98,25,110,81,52,182,28,162,78,60,79,185,148,167,61,41,36,46,131,59,133,96,157,138,178,164,173,66,126,198,159,140,118,109,29,154,156,106,19,108,146,43,128,85,152,111,83,181,82,192,139,33,13,172,195,40,37,15,35,88,145,189,194,31,171,116,57,0,113,196,89,5,141,119,74,183,63,51,72,147,65,102,115,14,45,55,155,184,161,80,114,177,169,191,11,104,180,163,170,95,137,90,125,149,32,68,97,100,7,175,179,27,150,136,144,70,168,17,103,105,142,190,188,186,176,42,47,132,166,123,22];False
2418;8280;10698;[4,67,193,48,10,1,91,129,8,84,122,73,174,135,21,99,16,77,112,71,56,18,62,120,24,197,26,9,143,20,3,2,121,160,92,49,130,22,38,34,124,94,75,12,165,153,187,127,39,107,87,76,50,53,93,23,30,134,58,86,69,64,101,151,54,158,199,6,117,98,25,110,81,52,182,28,162,78,60,79,185,148,167,61,41,36,46,131,59,133,96,157,138,178,164,173,66,126,198,159,140,118,109,29,154,156,106,19,166,146,43,128,85,152,111,83,181,82,192,139,33,13,172,195,40,37,15,35,88,145,189,194,31,171,116,57,0,113,196,89,5,141,119,74,183,63,51,72,147,65,102,115,14,45,55,155,184,161,80,114,177,169,191,11,104,180,163,170,95,137,90,125,149,32,68,97,100,7,175,179,27,150,136,144,70,168,17,103,105,142,190,188,186,176,42,47,132,108,123,44];False
2363;8335;10698;[4,67,193,48,10,1,91,129,8,84,122,73,174,135,21,99,16,77,112,71,56,18,62,120,24,197,26,9,143,20,3,2,121,160,92,49,130,22,38,34,124,94,75,12,165,153,187,127,39,107,87,76,50,53,93,23,30,134,58,86,69,64,101,151,54,126,199,6,117,98,25,110,81,52,182,28,162,78,60,79,185,148,167,61,41,36,46,131,59,133,96,157,138,178,164,173,66,158,198,159,140,118,109,29,154,156,106,19,108,146,43,128,85,152,111,83,181,82,192,139,33,13,172,195,40,37,15,35,88,145,189,194,31,171,116,57,0,113,196,89,5,141,119,74,183,63,51,72,147,65,102,115,14,45,55,155,184,161,80,114,177,169,191,11,104,180,163,170,95,137,90,125,149,32,68,97,100,7,175,179,27,150,136,144,70,168,17,103,105,142,190,188,186,176,42,47,132,166,123,44];False
2428;8270;10698;[4,67,193,48,10,1,91,129,8,84,122,73,174,135,21,99,16,77,112,71,56,18,62,120,24,197,26,9,143,20,3,2,121,160,92,49,130,22,38,34,124,94,75,12,165,153,187,127,39,107,87,76,50,53,93,23,30,134,58,86,69,64,101,151,54,158,199,6,117,98,25,110,81,52,182,28,162,78,60,79,185,148,167,61,41,36,46,131,59,133,96,157,138,178,164,173,66,126,198,159,140,118,109,29,154,156,106,19,108,146,43,128,85,152,111,83,181,82,192,139,33,13,172,195,40,37,15,35,88,145,189,194,31,171,116,57,0,113,196,89,5,141,119,74,183,63,51,72,147,65,102,115,14,45,55,155,184,161,80,114,177,169,191,11,104,180,163,170,95,137,90,125,149,32,68,97,100,7,175,179,27,150,136,144,44,168,17,103,105,142,190,188,186,176,42,47,132,166,123,70];False
2407;8291;10698;[4,67,193,48,10,1,91,129,8,84,122,73,174,135,21,99,16,77,112,71,56,18,62,120,24,197,26,9,143,20,3,2,121,160,92,79,130,22,38,34,124,94,75,12,165,153,187,127,39,107,87,76,50,53,93,23,30,134,58,86,69,64,101,151,54,158,199,6,117,98,25,110,81,52,182,28,162,78,60,49,185,148,167,61,41,36,46,131,59,133,96,157,138,178,164,173,66,126,198,159,140,118,109,29,154,156,106,19,108,146,43,128,85,152,111,83,181,82,192,139,33,13,172,195,40,37,15,35,88,145,189,194,31,171,116,57,0,113,196,89,5,141,119,74,183,63,51,72,147,65,102,115,14,45,55,155,184,161,80,114,177,169,191,11,104,180,163,170,95,137,90,125,149,32,68,97,100,7,175,179,27,150,136,144,70,168,17,103,105,142,190,188,186,176,42,47,132,166,123,44];False
2441;8257;10698;[4,67,193,48,10,1,91,129,8,84,122,73,174,135,21,99,16,77,112,71,56,18,62,120,24,197,26,9,143,20,3,2,121,160,92,49,130,22,38,34,124,94,75,12,165,153,187,127,39,107,87,76,50,31,93,23,30,134,58,86,69,64,101,151,54,158,199,6,117,98,25,110,81,52,182,28,162,78,60,79,185,148,167,61,41,36,46,131,59,133,96,157,138,178,164,173,66,126,198,159,140,118,109,29,154,156,106,19,108,146,43,128,85,152,111,83,181,82,192,139,33,13,172,195,40,37,15,35,88,145,189,194,53,171,116,57,0,113,196,89,5,141,119,74,183,63,51,72,147,65,102,115,14,45,55,155,184,161,80,114,177,169,191,11,104,180,163,170,95,137,90,125,149,32,68,97,100,7,175,179,27,150,136,144,70,168,17,103,105,142,190,188,186,176,42,47,132,166,123,44];False
2425;8273;10698;[4,67,193,48,10,1,91,129,8,84,122,73,174,135,21,99,16,77,112,71,56,18,62,120,24,197,26,9,143,20,3,2,121,160,92,49,130,22,38,34,124,94,75,12,165,153,187,127,39,107,87,76,50,53,93,23,30,134,58,86,69,64,101,151,54,158,199,6,117,98,25,110,81,52,182,28,162,78,60,79,185,148,167,61,41,36,46,131,59,133,96,157,138,178,164,173,66,126,198,159,140,118,109,29,154,156,106,19,108,146,43,128,85,152,111,83,181,82,192,139,33,13,172,80,40,37,15,35,88,145,189,194,31,171,116,57,0,113,196,89,5,141,119,74,183,63,51,72,147,65,102,115,14,45,55,155,184,161,195,114,177,169,191,11,104,180,163,170,95,137,90,125,149,32,68,97,100,7,175,179,27,150,136,144,70,168,17,103,105,142,190,188,186,176,42,47,132,166,123,44];False
2337;8361;10698;[4,67,193,48,10,1,91,129,8,84,122,73,174,135,134,99,16,77,112,71,56,18,62,120,24,197,26,9,143,20,3,2,121,160,92,49,130,22,38,34,124,94,75,12,165,153,187,127,39,107,87,76,50,53,93,23,30,21,58,86,69,64,101,151,54,158,199,6,117,98,25,110,81,52,182,28,162,78,60,79,185,148,167,61,41,36,46,131,59,133,96,157,138,178,164,173,66,126,198,159,140,118,109,29,154,156,106,19,108,146,43,128,85,152,111,83,181,82,192,139,33,13,172,195,40,37,15,35,88,145,189,194,31,171,116,57,0,113,196,89,5,141,119,74,183,63,51,72,147,65,102,115,14,45,55,155,184,161,80,114,177,169,191,11,104,180,163,170,95,137,90,125,149,32,68,97,100,7,175,179,27,150,136,144,70,168,17,103,105,142,190,188,186,176,42,47,132,166,123,44];False
2428;8270;10698;[4,67,193,48,10,1,91,129,8,84,122,73,174,135,21,99,16,77,112,71,56,18,62,120,24,197,26,9,143,20,3,2,121,160,144,49,130,22,38,34,124,94,75,12,165,153,187,127,39,107,87,76,50,53,93,23,30,134,58,86,69,64,101,151,54,158,199,6,117,98,25,110,81,52,182,28,162,78,60,79,185,148,167,61,41,36,46,131,59,133,96,157,138,178,164,173,66,126,198,159,140,118,109,29,154,156,106,19,108,146,43,128,85,152,111,83,181,82,192,139,33,13,172,195,40,37,15,35,88,145,189,194,31,171,116,57,0,113,196,89,5,141,119,74,183,63,51,72,147,65,102,115,14,45,55,155,184,161,80,114,177,169,191,11,104,180,163,170,95,137,90,125,149,32,68,97,100,7,175,179,27,150,136,92,70,168,17,103,105,142,190,188,186,176,42,47,132,166,123,44];False
2384;8314;10698;[4,67,193,48,64,1,91,129,8,84,122,73,174,135,21,99,16,77,112,71,56,18,62,120,24,197,26,9,143,20,3,2,121,160,92,49,130,22,38,34,124,94,75,12,165,153,187,127,39,107,87,76,50,53,93,23,30,134,58,86,69,10,101,151,54,158,199,6,117,98,25,110,81,52,182,28,162,78,60,79,185,148,167,61,41,36,46,131,59,133,96,157,138,178,164,173,66,126,198,159,140,118,109,29,154,156,106,19,108,146,43,128,85,152,111,83,181,82,192,139,33,13,172,195,40,37,15,35,88,145,189,194,31,171,116,57,0,113,196,89,5,141,119,74,183,63,51,72,147,65,102,115,14,45,55,155,184,161,80,114,177,169,191,11,104,180,163,170,95,137,90,125,149,32,68,97,100,7,175,179,27,150,136,144,70,168,17,103,105,142,190,188,186,176,42,47,132,166,123,44];False
2432;8266;10698;[4,67,149,48,10,1,91,129,8,84,122,73,174,135,21,99,16,77,112,71,56,18,62,120,24,197,26,9,143,20,3,2,121,160,92,49,130,22,38,34,124,94,75,12,165,153,187,127,39,107,87,76,50,53,93,23,30,134,58,86,69,64,101,151,54,158,199,6,117,98,25,110,81,52,182,28,162,78,60,79,185,148,167,61,41,36,46,131,59,133,96,157,138,178,164,173,66,126,198,159,140,118,109,29,154,156,106,19,108,146,43,128,85,152,111,83,181,82,192,139,33,13,172,195,40,37,15,35,88,145,189,194,31,171,116,57,0,113,196,89,5,141,119,74,183,63,51,72,147,65,102,115,14,45,55,155,184,161,80,114,177,169,191,11,104,180,163,170,95,137,90,125,193,32,68,97,100,7,175,179,27,150,136,144,70,168,17,103,105,142,190,188,186,176,42,47,132,166,123,44];False
2374;8324;10698;[4,67,193,48,10,1,91,129,8,84,122,73,174,135,21,99,16,77,112,71,56,18,62,120,24,197,26,9,143,20,3,2,121,160,92,49,130,22,38,34,124,94,75,12,165,153,187,127,39,107,87,76,50,53,93,23,30,134,58,86,69,64,101,151,54,158,199,6,117,98,25,110,81,52,182,28,162,78,60,79,185,148,167,61,41,36,46,131,59,133,96,157,138,178,164,173,66,126,198,159,140,118,109,29,154,27,106,19,108,146,43,128,85,152,111,83,181,82,192,139,33,13,172,195,40,37,15,35,88,145,189,194,31,171,116,57,0,113,196,89,5,141,119,74,183,63,51,72,147,65,102,115,14,45,55,155,184,161,80,114,177,169,191,11,104,180,163,170,95,137,90,125,149,32,68,97,100,7,175,179,156,150,136,144,70,168,17,103,105,142,190,188,186,176,42,47,132,166,123,44];False
2425;8273;10698;[4,67,193,48,10,1,91,129,8,84,122,73,174,135,21,99,16,77,112,71,56,18,62,120,24,197,26,9,143,20,3,2,121,160,92,49,130,22,38,34,124,94,75,12,165,153,187,127,39,107,87,76,50,53,93,23,30,134,58,86,69,64,101,151,54,158,199,6,13,98,25,110,81,52,182,28,162,78,60,79,185,148,167,61,41,36,46,131,59,133,96,157,138,178,164,173,66,126,198,159,140,118,109,29,154,156,106,19,108,146,43,128,85,152,111,83,181,82,192,139,33,117,172,195,40,37,15,35,88,145,189,194,31,171,116,57,0,113,196,89,5,141,119,74,183,63,51,72,147,65,102,115,14,45,55,155,184,161,80,114,177,169,191,11,104,180,163,170,95,137,90,125,149,32,68,97,100,7,175,179,27,150,136,144,70,168,17,103,105,142,190,188,186,176,42,47,132,166,123,44];False
2462;8236;10698;[4,67,193,48,10,1,91,129,8,84,122,73,174,135,21,99,16,77,112,71,56,18,62,120,24,197,26,9,143,20,3,2,121,160,92,49,130,22,38,34,124,94,75,12,165,153,187,127,39,107,87,76,50,53,93,23,30,134,58,86,69,64,101,151,54,158,199,6,117,98,25,110,81,52,145,28,162,78,60,79,185,148,167,61,41,36,46,131,59,133,96,157,138,178,164,173,66,126,198,159,140,118,109,29,154,156,106,19,108,146,43,128,85,152,111,83,181,82,192,139,33,13,172,195,40,37,15,35,88,182,189,194,31,171,116,57,0,113,196,89,5,141,119,74,183,63,51,72,147,65,102,115,14,45,55,155,184,161,80,114,177,169,191,11,104,180,163,170,95,137,90,125,149,32,68,97,100,7,175,179,27,150,136,144,70,168,17,103,105,142,190,188,186,176,42,47,132,166,123,44];False
2402;8296;10698;[4,67,193,48,10,1,91,129,8,84,122,73,174,135,21,99,16,77,112,71,56,18,62,120,24,197,26,9,143,20,3,2,121,160,130,49,92,22,38,34,124,94,75,12,165,153,187,127,39,107,87,76,50,53,93,23,30,134,58,86,69,64,101,151,54,158,199,6,117,98,25,110,81,52,182,28,162,78,60,79,185,148,167,61,41,36,46,131,59,133,96,157,138,178,164,173,66,126,198,159,140,118,109,29,154,156,106,19,108,146,43,128,85,152,111,83,181,82,192,139,33,13,172,195,40,37,15,35,88,145,189,194,31,171,116,57,0,113,196,89,5,141,119,74,183,63,51,72,147,65,102,115,14,45,55,155,184,161,80,114,177,169,191,11,104,180,163,170,95,137,90,125,149,32,68,97,100,7,175,179,27,150,136,144,70,168,17,103,105,142,190,188,186,176,42,47,132,166,123,44];False
2434;8263;10697;[4,67,193,48,10,1,91,129,8,84,122,73,174,135,21,99,16,77,112,71,56,18,62,120,24,197,26,9,143,20,3,2,121,160,92,49,130,22,38,34,124,94,75,12,165,153,187,127,39,107,87,76,50,53,93,23,30,134,58,86,69,64,101,151,6,158,199,54,117,98,25,110,81,52,182,28,162,78,60,79,185,148,167,61,41,36,46,131,59,133,96,157,138,178,164,173,66,126,198,159,140,118,109,29,154,156,106,19,108,146,43,128,85,152,111,83,181,82,192,139,33,13,172,195,40,37,15,35,88,145,189,194,31,171,116,57,0,113,196,89,5,141,119,74,183,63,51,72,147,65,102,115,14,45,55,155,184,161,80,114,177,169,191,11,104,180,163,170,95,137,90,125,149,32,68,97,100,7,175,179,27,150,136,144,70,168,17,103,105,142,190,188,186,176,42,47,132,166,123,44];False
2409;8288;10697;[4,67,110,48,10,1,91,129,8,84,122,73,174,135,21,99,16,77,112,71,56,18,62,120,24,197,26,9,143,20,3,2,121,160,92,49,130,22,38,34,124,94,75,12,165,153,187,127,39,107,87,76,50,53,93,23,30,134,58,86,69,64,101,151,54,158,199,6,117,98,25,193,81,52,182,28,162,78,60,79,185,148,167,61,41,36,46,131,59,133,96,157,138,178,164,173,66,126,198,159,140,118,109,29,154,156,106,19,108,146,43,128,85,152,111,83,181,82,192,139,33,13,172,195,40,37,15,35,88,145,189,194,31,171,116,57,0,113,196,89,5,141,119,74,183,63,51,72,147,65,102,115,14,45,55,155,184,161,80,114,177,169,191,11,104,180,163,170,95,137,90,125,149,32,68,97,100,7,175,179,27,150,136,144,70,168,17,103,105,142,190,188,186,176,42,47,132,166,123,44];False
2408;8289;10697;[4,67,193,48,10,1,91,129,8,84,122,73,174,135,21,99,16,77,112,71,56,18,62,120,24,197,26,9,143,20,3,2,121,160,92,49,130,22,38,34,124,94,75,12,165,153,187,127,39,107,87,76,50,53,93,23,30,134,58,86,69,64,101,151,54,158,199,6,117,98,25,110,81,52,182,28,162,78,60,79,185,148,167,61,41,36,46,131,59,133,96,157,138,178,164,173,66,126,198,159,140,118,109,29,154,156,106,19,108,146,43,128,85,152,111,83,181,82,192,139,33,13,172,195,40,37,15,35,88,145,189,194,31,171,116,57,0,113,100,89,5,141,119,74,183,63,51,72,147,65,102,115,14,45,55,155,184,161,80,114,177,169,191,11,104,180,163,170,95,137,90,125,149,32,68,97,196,7,175,179,27,150,136,144,70,168,17,103,105,142,190,188,186,176,42,47,132,166,123,44];False
2416;8281;10697;[4,67,193,48,10,1,91,129,8,84,122,73,174,135,21,99,16,77,112,71,56,18,62,120,24,197,26,9,143,20,3,2,121,160,92,49,130,22,38,34,124,94,75,12,165,153,187,127,39,107,87,76,50,53,93,23,30,134,58,86,69,64,101,151,54,158,199,6,117,98,25,110,81,52,182,28,162,78,60,79,185,148,167,61,41,36,46,131,59,133,96,157,138,178,164,173,66,126,198,159,140,118,109,29,154,156,106,19,108,146,43,128,85,152,111,83,181,82,192,139,33,13,172,195,40,37,15,35,88,145,189,194,31,171,116,57,0,113,104,89,5,141,119,74,183,63,51,72,147,65,102,115,14,45,55,155,184,161,80,114,177,169,191,11,196,180,163,170,95,137,90,125,149,32,68,97,100,7,175,179,27,150,136,144,70,168,17,103,105,142,190,188,186,176,42,47,132,166,123,44];False
2418;8279;10697;[4,67,193,48,10,1,91,129,8,84,122,73,174,135,21,99,16,77,112,71,56,18,62,120,24,149,26,9,143,20,3,2,121,160,92,49,130,22,38,34,124,94,75,12,165,153,187,127,39,107,87,76,50,53,93,23,30,134,58,86,69,64,101,151,54,158,199,6,117,98,25,110,81,52,182,28,162,78,60,79,185,148,167,61,41,36,46,131,59,133,96,157,138,178,164,173,66,126,198,159,140,118,109,29,154,156,106,19,108,146,43,128,85,152,111,83,181,82,192,139,33,13,172,195,40,37,15,35,88,145,189,194,31,171,116,57,0,113,196,89,5,141,119,74,183,63,51,72,147,65,102,115,14,45,55,155,184,161,80,114,177,169,191,11,104,180,163,170,95,137,90,125,197,32,68,97,100,7,175,179,27,150,136,144,70,168,17,103,105,142,190,188,186,176,42,47,132,166,123,44];False
2387;8310;10697;[4,67,193,48,52,1,91,129,8,84,122,73,174,135,21,99,16,77,112,71,56,18,62,120,24,197,26,9,143,20,3,2,121,160,92,49,130,22,38,34,124,94,75,12,165,153,187,127,39,107,87,76,50,53,93,23,30,134,58,86,69,64,101,151,54,158,199,6,117,98,25,110,81,10,182,28,162,78,60,79,185,148,167,61,41,36,46,131,59,133,96,157,138,178,164,173,66,126,198,159,140,118,109,29,154,156,106,19,108,146,43,128,85,152,111,83,181,82,192,139,33,13,172,195,40,37,15,35,88,145,189,194,31,171,116,57,0,113,196,89,5,141,119,74,183,63,51,72,147,65,102,115,14,45,55,155,184,161,80,114,177,169,191,11,104,180,163,170,95,137,90,125,149,32,68,97,100,7,175,179,27,150,136,144,70,168,17,103,105,142,190,188,186,176,42,47,132,166,123,44];False
2416;8281;10697;[4,67,193,48,10,1,91,129,8,84,122,73,174,135,21,99,16,77,112,71,56,18,62,120,24,197,26,9,143,20,3,2,121,160,92,49,130,22,38,34,124,94,75,12,165,153,187,127,182,107,87,76,50,53,93,23,30,134,58,86,69,64,101,151,54,158,199,6,117,98,25,110,81,52,39,28,162,78,60,79,185,148,167,61,41,36,46,131,59,133,96,157,138,178,164,173,66,126,198,159,140,118,109,29,154,156,106,19,108,146,43,128,85,152,111,83,181,82,192,139,33,13,172,195,40,37,15,35,88,145,189,194,31,171,116,57,0,113,196,89,5,141,119,74,183,63,51,72,147,65,102,115,14,45,55,155,184,161,80,114,177,169,191,11,104,180,163,170,95,137,90,125,149,32,68,97,100,7,175,179,27,150,136,144,70,168,17,103,105,142,190,188,186,176,42,47,132,166,123,44];False
2419;8278;10697;[4,67,193,48,10,1,91,129,8,84,122,73,174,135,21,99,16,77,112,71,56,18,62,120,24,197,26,9,143,20,3,2,121,160,92,49,130,22,38,34,124,94,75,12,165,153,187,127,39,107,87,76,50,53,93,23,30,134,58,86,69,64,101,151,54,158,199,6,117,98,25,110,81,52,182,28,162,78,60,79,185,148,167,61,41,36,46,131,59,133,96,157,138,178,164,173,66,126,198,159,140,118,109,29,154,156,106,19,108,146,43,128,55,152,111,83,181,82,192,139,33,13,172,195,40,37,15,35,88,145,189,194,31,171,116,57,0,113,196,89,5,141,119,74,183,63,51,72,147,65,102,115,14,45,85,155,184,161,80,114,177,169,191,11,104,180,163,170,95,137,90,125,149,32,68,97,100,7,175,179,27,150,136,144,70,168,17,103,105,142,190,188,186,176,42,47,132,166,123,44];False
2442;8254;10696;[4,67,193,48,10,1,91,129,8,84,122,73,174,135,21,99,16,77,112,71,56,18,62,120,24,197,26,9,143,20,3,2,121,160,92,49,130,22,38,34,124,94,75,12,165,153,187,127,39,107,87,76,50,53,93,23,30,134,58,86,69,64,101,151,54,158,199,6,117,98,25,110,81,52,182,28,162,78,60,79,185,148,167,61,41,36,46,131,59,133,96,157,138,178,164,173,35,126,198,159,140,118,109,29,154,156,106,19,108,146,43,128,85,152,111,83,181,82,192,139,33,13,172,195,40,37,15,66,88,145,189,194,31,171,116,57,0,113,196,89,5,141,119,74,183,63,51,72,147,65,102,115,14,45,55,155,184,161,80,114,177,169,191,11,104,180,163,170,95,137,90,125,149,32,68,97,100,7,175,179,27,150,136,144,70,168,17,103,105,142,190,188,186,176,42,47,132,166,123,44];False
2360;8336;10696;[4,67,193,48,10,60,91,129,8,84,122,73,174,135,21,99,16,77,112,71,56,18,62,120,24,197,26,9,143,20,3,2,121,160,92,49,130,22,38,34,124,94,75,12,165,153,187,127,39,107,87,76,50,53,93,23,30,134,58,86,69,64,101,151,54,158,199,6,117,98,25,110,81,52,182,28,162,78,1,79,185,148,167,61,41,36,46,131,59,133,96,157,138,178,164,173,66,126,198,159,140,118,109,29,154,156,106,19,108,146,43,128,85,152,111,83,181,82,192,139,33,13,172,195,40,37,15,35,88,145,189,194,31,171,116,57,0,113,196,89,5,141,119,74,183,63,51,72,147,65,102,115,14,45,55,155,184,161,80,114,177,169,191,11,104,180,163,170,95,137,90,125,149,32,68,97,100,7,175,179,27,150,136,144,70,168,17,103,105,142,190,188,186,176,42,47,132,166,123,44];False
2402;8294;10696;[4,67,193,48,10,1,91,129,8,84,122,73,174,135,21,99,16,77,112,71,56,18,62,120,24,197,26,9,143,20,3,2,121,160,92,49,130,22,38,34,124,94,75,12,165,153,187,127,39,107,87,76,50,53,93,23,30,134,58,86,69,64,101,151,54,158,199,6,117,98,25,110,81,52,182,28,162,78,60,79,185,148,167,61,41,36,46,131,59,133,96,157,138,178,164,173,66,126,198,159,140,118,109,29,154,156,106,19,108,132,43,128,85,152,111,83,181,82,192,139,33,13,172,195,40,37,15,35,88,145,189,194,31,171,116,57,0,113,196,89,5,141,119,74,183,63,51,72,147,65,102,115,14,45,55,155,184,161,80,114,177,169,191,11,104,180,163,170,95,137,90,125,149,32,68,97,100,7,175,179,27,150,136,144,70,168,17,103,105,142,190,188,186,176,42,47,146,166,123,44];False
2417;8279;10696;[4,67,193,48,10,1,91,129,8,84,122,73,174,135,21,99,16,77,112,71,56,18,62,120,24,197,26,9,143,20,3,2,121,160,92,49,130,22,38,34,124,94,75,12,165,153,187,127,39,107,87,76,50,53,93,23,30,134,58,144,69,64,101,151,54,158,199,6,117,98,25,110,81,52,182,28,162,78,60,79,185,148,167,61,41,36,46,131,59,133,96,157,138,178,164,173,66,126,198,159,140,118,109,29,154,156,106,19,108,146,43,128,85,152,111,83,181,82,192,139,33,13,172,195,40,37,15,35,88,145,189,194,31,171,116,57,0,113,196,89,5,141,119,74,183,63,51,72,147,65,102,115,14,45,55,155,184,161,80,114,177,169,191,11,104,180,163,170,95,137,90,125,149,32,68,97,100,7,175,179,27,150,136,86,70,168,17,103,105,142,190,188,186,176,42,47,132,166,123,44];False
2372;8324;10696;[4,67,193,48,10,1,91,129,8,84,122,73,174,135,21,99,16,77,112,71,56,18,62,120,24,197,26,9,143,20,3,2,121,160,92,49,130,22,38,34,124,94,75,12,165,153,187,127,39,107,87,76,50,53,93,23,30,134,58,86,106,64,101,151,54,158,199,6,117,98,25,110,81,52,182,28,162,78,60,79,185,148,167,61,41,36,46,131,59,133,96,157,138,178,164,173,66,126,198,159,140,118,109,29,154,156,69,19,108,146,43,128,85,152,111,83,181,82,192,139,33,13,172,195,40,37,15,35,88,145,189,194,31,171,116,57,0,113,196,89,5,141,119,74,183,63,51,72,147,65,102,115,14,45,55,155,184,161,80,114,177,169,191,11,104,180,163,170,95,137,90,125,149,32,68,97,100,7,175,179,27,150,136,144,70,168,17,103,105,142,190,188,186,176,42,47,132,166,123,44];False
2377;8319;10696;[4,67,193,48,10,1,91,129,8,84,122,73,174,135,21,99,98,77,112,71,56,18,62,120,24,197,26,9,143,20,3,2,121,160,92,49,130,22,38,34,124,94,75,12,165,153,187,127,39,107,87,76,50,53,93,23,30,134,58,86,69,64,101,151,54,158,199,6,117,16,25,110,81,52,182,28,162,78,60,79,185,148,167,61,41,36,46,131,59,133,96,157,138,178,164,173,66,126,198,159,140,118,109,29,154,156,106,19,108,146,43,128,85,152,111,83,181,82,192,139,33,13,172,195,40,37,15,35,88,145,189,194,31,171,116,57,0,113,196,89,5,141,119,74,183,63,51,72,147,65,102,115,14,45,55,155,184,161,80,114,177,169,191,11,104,180,163,170,95,137,90,125,149,32,68,97,100,7,175,179,27,150,136,144,70,168,17,103,105,142,190,188,186,176,42,47,132,166,123,44];False
2437;8259;10696;[4,67,193,48,10,1,91,129,8,84,122,73,174,135,21,99,16,77,112,71,56,18,62,120,24,197,26,9,143,20,3,2,121,160,92,49,130,22,38,34,124,94,75,12,165,153,187,127,39,107,87,76,50,53,93,23,30,134,58,86,69,64,101,151,54,158,199,6,117,98,25,110,81,52,182,138,162,78,60,79,185,148,167,61,41,36,46,131,59,133,96,157,28,178,164,173,66,126,198,159,140,118,109,29,154,156,106,19,108,146,43,128,85,152,111,83,181,82,192,139,33,13,172,195,40,37,15,35,88,145,189,194,31,171,116,57,0,113,196,89,5,141,119,74,183,63,51,72,147,65,102,115,14,45,55,155,184,161,80,114,177,169,191,11,104,180,163,170,95,137,90,125,149,32,68,97,100,7,175,179,27,150,136,144,70,168,17,103,105,142,190,188,186,176,42,47,132,166,123,44];False
2409;8287;10696;[4,67,193,48,10,1,91,129,8,84,122,73,174,135,21,99,40,77,112,71,56,18,62,120,24,197,26,9,143,20,3,2,121,160,92,49,130,22,38,34,124,94,75,12,165,153,187,127,39,107,87,76,50,53,93,23,30,134,58,86,69,64,101,151,54,158,199,6,117,98,25,110,81,52,182,28,162,78,60,79,185,148,167,61,41,36,46,131,59,133,96,157,138,178,164,173,66,126,198,159,140,118,109,29,154,156,106,19,108,146,43,128,85,152,111,83,181,82,192,139,33,13,172,195,16,37,15,35,88,145,189,194,31,171,116,57,0,113,196,89,5,141,119,74,183,63,51,72,147,65,102,115,14,45,55,155,184,161,80,114,177,169,191,11,104,180,163,170,95,137,90,125,149,32,68,97,100,7,175,179,27,150,136,144,70,168,17,103,105,142,190,188,186,176,42,47,132,166,123,44];False
2406;8290;10696;[4,67,193,48,10,1,91,129,8,84,122,73,174,135,21,99,16,77,112,71,56,18,62,120,24,197,26,9,143,20,3,2,121,160,92,49,130,22,38,34,124,94,75,12,165,153,187,127,39,107,87,76,50,53,93,23,30,134,58,86,69,64,101,151,54,158,199,6,117,98,25,110,81,52,182,28,162,78,60,79,185,148,167,61,41,36,46,131,59,133,96,157,138,178,164,173,66,126,198,159,140,118,109,29,154,156,106,19,108,146,43,128,85,152,111,142,181,82,192,139,33,13,172,195,40,37,15,35,88,145,189,194,31,171,116,57,0,113,196,89,5,141,119,74,183,63,51,72,147,65,102,115,14,45,55,155,184,161,80,114,177,169,191,11,104,180,163,170,95,137,90,125,149,32,68,97,100,7,175,179,27,150,136,144,70,168,17,103,105,83,190,188,186,176,42,47,132,166,123,44];False
2432;8264;10696;[4,67,193,48,10,1,91,129,8,84,122,73,174,135,21,99,16,77,112,71,56,18,62,120,24,197,26,9,143,20,3,2,121,160,92,49,130,22,38,34,124,94,75,12,165,153,187,127,39,107,87,76,50,53,93,23,30,134,58,86,69,64,101,151,54,158,199,6,117,98,25,110,81,52,182,28,162,78,60,79,185,148,167,61,41,36,46,131,59,133,96,157,138,178,164,173,66,126,198,159,140,118,109,29,154,156,106,19,108,146,195,128,85,152,111,83,181,82,192,139,33,13,172,43,40,37,15,35,88,145,189,194,31,171,116,57,0,113,196,89,5,141,119,74,183,63,51,72,147,65,102,115,14,45,55,155,184,161,80,114,177,169,191,11,104,180,163,170,95,137,90,125,149,32,68,97,100,7,175,179,27,150,136,144,70,168,17,103,105,142,190,188,186,176,42,47,132,166,123,44];False
2421;8275;10696;[4,67,193,48,10,1,91,129,8,84,122,73,174,135,21,99,16,77,112,71,56,18,62,120,24,197,26,9,143,20,3,2,121,160,92,49,130,22,38,34,124,94,75,12,165,153,187,127,39,107,87,76,50,53,93,23,30,134,58,86,69,64,101,151,54,158,199,6,117,42,25,110,81,52,182,28,162,78,60,79,185,148,167,61,41,36,46,131,59,133,96,157,138,178,164,173,66,126,198,159,140,118,109,29,154,156,106,19,108,146,43,128,85,152,111,83,181,82,192,139,33,13,172,195,40,37,15,35,88,145,189,194,31,171,116,57,0,113,196,89,5,141,119,74,183,63,51,72,147,65,102,115,14,45,55,155,184,161,80,114,177,169,191,11,104,180,163,170,95,137,90,125,149,32,68,97,100,7,175,179,27,150,136,144,70,168,17,103,105,142,190,188,186,176,98,47,132,166,123,44];False
2420;8276;10696;[4,67,193,48,10,1,91,129,8,84,122,73,174,135,21,99,16,77,112,71,56,18,62,120,24,197,26,9,143,20,3,2,121,160,92,49,130,22,38,34,124,94,75,12,165,153,187,127,39,107,87,76,50,53,93,23,30,134,58,86,69,64,101,151,54,158,199,6,117,98,25,110,81,52,182,28,162,78,60,79,185,148,167,61,41,36,46,131,59,133,96,157,138,178,164,173,66,126,198,159,140,118,109,29,154,156,106,19,108,146,43,128,85,152,111,83,181,82,192,139,33,13,172,195,40,37,15,35,88,145,189,194,31,171,116,57,0,113,196,45,5,141,119,74,183,63,51,72,147,65,102,115,14,89,55,155,184,161,80,114,177,169,191,11,104,180,163,170,95,137,90,125,149,32,68,97,100,7,175,179,27,150,136,144,70,168,17,103,105,142,190,188,186,176,42,47,132,166,123,44];False
2417;8279;10696;[4,67,193,48,10,1,91,129,8,84,122,73,174,135,21,99,16,77,112,71,56,18,62,120,24,197,26,9,143,20,3,2,121,160,92,49,130,22,38,34,124,94,75,12,165,153,187,127,39,107,87,76,50,53,93,23,30,134,58,86,69,64,101,151,54,158,199,6,117,98,25,110,81,52,182,28,162,78,60,79,185,148,167,61,41,36,46,131,59,133,96,157,138,178,164,173,66,126,198,159,140,118,109,29,154,156,106,19,108,146,43,128,85,152,111,83,181,82,192,139,33,13,172,195,40,37,15,35,88,145,189,194,31,171,116,57,0,113,196,89,5,141,119,74,183,63,51,72,147,65,102,115,14,45,55,155,184,161,80,114,177,169,191,11,104,180,163,170,95,137,90,125,149,32,68,97,188,7,175,179,27,150,136,144,70,168,17,103,105,142,190,100,186,176,42,47,132,166,123,44];False
2424;8272;10696;[4,74,193,48,10,1,91,129,8,84,122,73,174,135,21,99,16,77,112,71,56,18,62,120,24,197,26,9,143,20,3,2,121,160,92,49,130,22,38,34,124,94,75,12,165,153,187,127,39,107,87,76,50,53,93,23,30,134,58,86,69,64,101,151,54,158,199,6,117,98,25,110,81,52,182,28,162,78,60,79,185,148,167,61,41,36,46,131,59,133,96,157,138,178,164,173,66,126,198,159,140,118,109,29,154,156,106,19,108,146,43,128,85,152,111,83,181,82,192,139,33,13,172,195,40,37,15,35,88,145,189,194,31,171,116,57,0,113,196,89,5,141,119,67,183,63,51,72,147,65,102,115,14,45,55,155,184,161,80,114,177,169,191,11,104,180,163,170,95,137,90,125,149,32,68,97,100,7,175,179,27,150,136,144,70,168,17,103,105,142,190,188,186,176,42,47,132,166,123,44];False
2414;8282;10696;[4,67,193,48,10,1,91,129,8,84,122,73,174,135,21,99,16,77,112,71,56,18,62,120,24,197,26,9,143,20,3,2,121,160,92,49,130,22,38,34,124,94,75,12,165,153,187,127,39,107,87,76,155,53,93,23,30,134,58,86,69,64,101,151,54,158,199,6,117,98,25,110,81,52,182,28,162,78,60,79,185,148,167,61,41,36,46,131,59,133,96,157,138,178,164,173,66,126,198,159,140,118,109,29,154,156,106,19,108,146,43,128,85,152,111,83,181,82,192,139,33,13,172,195,40,37,15,35,88,145,189,194,31,171,116,57,0,113,196,89,5,141,119,74,183,63,51,72,147,65,102,115,14,45,55,50,184,161,80,114,177,169,191,11,104,180,163,170,95,137,90,125,149,32,68,97,100,7,175,179,27,150,136,144,70,168,17,103,105,142,190,188,186,176,42,47,132,166,123,44];False
2364;8332;10696;[4,67,193,48,10,1,91,129,8,84,122,73,170,135,21,99,16,77,112,71,56,18,62,120,24,197,26,9,143,20,3,2,121,160,92,49,130,22,38,34,124,94,75,12,165,153,187,127,39,107,87,76,50,53,93,23,30,134,58,86,69,64,101,151,54,158,199,6,117,98,25,110,81,52,182,28,162,78,60,79,185,148,167,61,41,36,46,131,59,133,96,157,138,178,164,173,66,126,198,159,140,118,109,29,154,156,106,19,108,146,43,128,85,152,111,83,181,82,192,139,33,13,172,195,40,37,15,35,88,145,189,194,31,171,116,57,0,113,196,89,5,141,119,74,183,63,51,72,147,65,102,115,14,45,55,155,184,161,80,114,177,169,191,11,104,180,163,174,95,137,90,125,149,32,68,97,100,7,175,179,27,150,136,144,70,168,17,103,105,142,190,188,186,176,42,47,132,166,123,44];False
2417;8279;10696;[4,67,193,48,10,1,91,129,8,84,122,73,174,135,21,99,16,77,112,71,56,18,62,120,24,197,26,9,143,20,3,2,121,160,92,49,130,22,38,34,124,94,75,12,165,153,187,127,39,107,87,76,50,53,93,23,30,134,58,86,69,64,101,151,54,158,199,6,117,98,25,110,81,52,182,28,162,78,60,79,185,148,167,61,41,36,46,131,59,133,96,157,138,178,164,173,66,126,198,159,140,118,109,29,154,156,106,19,108,146,43,128,85,152,111,83,181,82,192,139,33,13,172,195,40,37,15,35,88,145,189,194,31,171,116,57,0,113,196,89,5,141,119,74,183,63,51,72,147,65,102,115,14,45,55,155,184,161,80,114,177,169,191,11,104,123,163,170,95,137,90,125,149,32,68,97,100,7,175,179,27,150,136,144,70,168,17,103,105,142,190,188,186,176,42,47,132,166,180,44];False
2439;8257;10696;[4,67,193,48,10,1,91,129,8,84,122,73,174,135,21,99,16,77,112,71,56,18,62,120,24,197,26,9,143,20,3,2,121,160,92,49,130,22,38,34,124,94,75,12,165,153,187,127,39,107,87,76,50,53,93,23,30,134,58,86,69,64,101,151,54,158,199,6,117,98,25,88,81,52,182,28,162,78,60,79,185,148,167,61,41,36,46,131,59,133,96,157,138,178,164,173,66,126,198,159,140,118,109,29,154,156,106,19,108,146,43,128,85,152,111,83,181,82,192,139,33,13,172,195,40,37,15,35,110,145,189,194,31,171,116,57,0,113,196,89,5,141,119,74,183,63,51,72,147,65,102,115,14,45,55,155,184,161,80,114,177,169,191,11,104,180,163,170,95,137,90,125,149,32,68,97,100,7,175,179,27,150,136,144,70,168,17,103,105,142,190,188,186,176,42,47,132,166,123,44];False
2440;8256;10696;[4,67,193,48,10,1,91,129,8,84,122,73,174,135,21,106,16,77,112,71,56,18,62,120,24,197,26,9,143,20,3,2,121,160,92,49,130,22,38,34,124,94,75,12,165,153,187,127,39,107,87,76,50,53,93,23,30,134,58,86,69,64,101,151,54,158,199,6,117,98,25,110,81,52,182,28,162,78,60,79,185,148,167,61,41,36,46,131,59,133,96,157,138,178,164,173,66,126,198,159,140,118,109,29,154,156,99,19,108,146,43,128,85,152,111,83,181,82,192,139,33,13,172,195,40,37,15,35,88,145,189,194,31,171,116,57,0,113,196,89,5,141,119,74,183,63,51,72,147,65,102,115,14,45,55,155,184,161,80,114,177,169,191,11,104,180,163,170,95,137,90,125,149,32,68,97,100,7,175,179,27,150,136,144,70,168,17,103,105,142,190,188,186,176,42,47,132,166,123,44];False
2453;8242;10695;[4,67,193,48,10,1,91,129,8,84,122,73,174,135,21,99,16,77,112,71,56,18,62,120,24,197,26,9,143,20,3,2,121,160,92,49,130,22,38,102,124,94,75,12,165,153,187,127,39,107,87,76,50,53,93,23,30,134,58,86,69,64,101,151,54,158,199,6,117,98,25,110,81,52,182,28,162,78,60,79,185,148,167,61,41,36,46,131,59,133,96,157,138,178,164,173,66,126,198,159,140,118,109,29,154,156,106,19,108,146,43,128,85,152,111,83,181,82,192,139,33,13,172,195,40,37,15,35,88,145,189,194,31,171,116,57,0,113,196,89,5,141,119,74,183,63,51,72,147,65,34,115,14,45,55,155,184,161,80,114,177,169,191,11,104,180,163,170,95,137,90,125,149,32,68,97,100,7,175,179,27,150,136,144,70,168,17,103,105,142,190,188,186,176,42,47,132,166,123,44];False
2331;8364;10695;[4,67,193,48,10,1,91,129,8,84,122,73,174,135,21,99,16,77,112,71,56,18,62,120,24,197,26,9,143,20,3,2,121,160,92,49,130,22,38,34,124,94,75,12,165,153,187,127,39,107,87,76,50,53,93,23,30,134,58,86,69,64,101,151,54,158,199,6,117,98,25,110,81,52,182,28,162,78,60,79,185,148,167,61,41,36,46,131,59,133,96,157,138,178,164,173,66,126,198,159,140,118,109,29,154,156,106,19,108,146,43,128,85,152,111,83,181,82,192,139,179,13,172,195,40,37,15,35,88,145,189,194,31,171,116,57,0,113,196,89,5,141,119,74,183,63,51,72,147,65,102,115,14,45,55,155,184,161,80,114,177,169,191,11,104,180,163,170,95,137,90,125,149,32,68,97,100,7,175,33,27,150,136,144,70,168,17,103,105,142,190,188,186,176,42,47,132,166,123,44];False
2421;8274;10695;[4,67,193,48,10,1,91,129,8,84,122,73,174,135,21,99,16,77,112,71,56,18,62,120,24,197,26,9,143,20,3,2,121,160,92,49,130,22,38,34,124,94,75,12,165,153,187,127,39,107,87,76,50,53,93,23,30,134,58,86,69,64,101,151,54,158,199,6,117,98,25,110,81,52,182,28,162,78,60,79,185,148,167,61,41,36,46,131,59,133,96,157,138,178,164,173,66,126,198,159,140,118,109,29,154,156,106,19,108,146,43,128,85,152,111,83,181,82,192,139,33,13,172,195,40,37,15,35,88,145,189,194,31,171,116,57,0,113,196,89,5,141,119,74,183,63,51,72,147,65,102,177,14,45,55,155,184,161,80,114,115,169,191,11,104,180,163,170,95,137,90,125,149,32,68,97,100,7,175,179,27,150,136,144,70,168,17,103,105,142,190,188,186,176,42,47,132,166,123,44];False
2350;8345;10695;[4,67,193,48,10,1,91,129,8,84,122,73,174,135,21,99,16,77,112,71,56,18,62,120,24,197,26,9,143,20,3,2,121,160,92,49,130,22,38,34,124,94,75,12,165,153,187,127,39,107,87,76,50,53,93,23,30,134,58,86,69,64,101,151,54,158,199,6,117,98,25,110,81,52,182,28,162,78,164,79,185,148,167,61,41,36,46,131,59,133,96,157,138,178,60,173,66,126,198,159,140,118,109,29,154,156,106,19,108,146,43,128,85,152,111,83,181,82,192,139,33,13,172,195,40,37,15,35,88,145,189,194,31,171,116,57,0,113,196,89,5,141,119,74,183,63,51,72,147,65,102,115,14,45,55,155,184,161,80,114,177,169,191,11,104,180,163,170,95,137,90,125,149,32,68,97,100,7,175,179,27,150,136,144,70,168,17,103,105,142,190,188,186,176,42,47,132,166,123,44];False
2392;8303;10695;[4,67,193,48,10,1,91,129,8,84,122,73,174,135,21,99,16,77,112,71,56,18,62,120,24,197,26,9,143,20,3,2,121,160,92,49,130,22,38,34,107,94,75,12,165,153,187,127,39,124,87,76,50,53,93,23,30,134,58,86,69,64,101,151,54,158,199,6,117,98,25,110,81,52,182,28,162,78,60,79,185,148,167,61,41,36,46,131,59,133,96,157,138,178,164,173,66,126,198,159,140,118,109,29,154,156,106,19,108,146,43,128,85,152,111,83,181,82,192,139,33,13,172,195,40,37,15,35,88,145,189,194,31,171,116,57,0,113,196,89,5,141,119,74,183,63,51,72,147,65,102,115,14,45,55,155,184,161,80,114,177,169,191,11,104,180,163,170,95,137,90,125,149,32,68,97,100,7,175,179,27,150,136,144,70,168,17,103,105,142,190,188,186,176,42,47,132,166,123,44];False
2429;8266;10695;[4,67,193,48,10,1,91,129,8,84,122,73,174,135,21,99,16,77,112,71,56,18,62,120,24,197,26,9,143,20,3,2,121,160,92,49,130,22,38,34,124,94,75,12,165,153,187,127,39,107,87,76,50,53,93,23,30,134,58,86,69,64,101,151,54,158,199,6,117,98,25,110,81,52,182,28,162,78,60,79,185,148,167,61,41,36,46,131,59,133,96,157,138,178,164,173,66,14,198,159,140,118,109,29,154,156,106,19,108,146,43,128,85,152,111,83,181,82,192,139,33,13,172,195,40,37,15,35,88,145,189,194,31,171,116,57,0,113,196,89,5,141,119,74,183,63,51,72,147,65,102,115,126,45,55,155,184,161,80,114,177,169,191,11,104,180,163,170,95,137,90,125,149,32,68,97,100,7,175,179,27,150,136,144,70,168,17,103,105,142,190,188,186,176,42,47,132,166,123,44];False
2378;8317;10695;[4,67,193,48,10,1,91,129,8,84,122,73,174,135,21,99,16,77,112,71,56,18,62,120,24,197,26,9,143,177,3,2,121,160,92,49,130,22,38,34,124,94,75,12,165,153,187,127,39,107,87,76,50,53,93,23,30,134,58,86,69,64,101,151,54,158,199,6,117,98,25,110,81,52,182,28,162,78,60,79,185,148,167,61,41,36,46,131,59,133,96,157,138,178,164,173,66,126,198,159,140,118,109,29,154,156,106,19,108,146,43,128,85,152,111,83,181,82,192,139,33,13,172,195,40,37,15,35,88,145,189,194,31,171,116,57,0,113,196,89,5,141,119,74,183,63,51,72,147,65,102,115,14,45,55,155,184,161,80,114,20,169,191,11,104,180,163,170,95,137,90,125,149,32,68,97,100,7,175,179,27,150,136,144,70,168,17,103,105,142,190,188,186,176,42,47,132,166,123,44];False
2421;8274;10695;[4,67,193,48,10,1,91,129,8,84,122,73,174,135,21,99,16,77,112,71,56,18,62,120,24,197,26,9,143,20,3,2,121,160,92,49,130,22,38,34,124,33,75,12,165,153,187,127,39,107,87,76,50,53,93,23,30,134,58,86,69,64,101,151,54,158,199,6,117,98,25,110,81,52,182,28,162,78,60,79,185,148,167,61,41,36,46,131,59,133,96,157,138,178,164,173,66,126,198,159,140,118,109,29,154,156,106,19,108,146,43,128,85,152,111,83,181,82,192,139,94,13,172,195,40,37,15,35,88,145,189,194,31,171,116,57,0,113,196,89,5,141,119,74,183,63,51,72,147,65,102,115,14,45,55,155,184,161,80,114,177,169,191,11,104,180,163,170,95,137,90,125,149,32,68,97,100,7,175,179,27,150,136,144,70,168,17,103,105,142,190,188,186,176,42,47,132,166,123,44];False
2403;8292;10695;[4,67,193,48,10,1,91,129,8,84,122,73,174,135,21,99,16,77,112,71,56,18,62,120,24,197,26,9,143,20,3,2,121,160,92,104,130,22,38,34,124,94,75,12,165,153,187,127,39,107,87,76,50,53,93,23,30,134,58,86,69,64,101,151,54,158,199,6,117,98,25,110,81,52,182,28,162,78,60,79,185,148,167,61,41,36,46,131,59,133,96,157,138,178,164,173,66,126,198,159,140,118,109,29,154,156,106,19,108,146,43,128,85,152,111,83,181,82,192,139,33,13,172,195,40,37,15,35,88,145,189,194,31,171,116,57,0,113,196,89,5,141,119,74,183,63,51,72,147,65,102,115,14,45,55,155,184,161,80,114,177,169,191,11,49,180,163,170,95,137,90,125,149,32,68,97,100,7,175,179,27,150,136,144,70,168,17,103,105,142,190,188,186,176,42,47,132,166,123,44];False
2443;8252;10695;[4,67,193,48,10,1,91,129,8,84,122,73,174,135,21,99,16,77,112,71,56,18,62,120,24,197,26,9,143,20,3,2,121,160,92,49,130,22,38,34,124,94,75,12,165,153,187,127,39,107,87,76,50,53,93,23,30,134,58,86,69,64,101,151,54,158,199,6,117,98,25,110,81,52,182,28,162,78,60,79,185,148,167,61,41,36,46,131,59,133,96,157,138,178,164,173,66,126,198,159,140,118,109,29,154,156,106,19,108,146,43,128,85,152,111,83,181,82,192,139,33,13,161,195,40,37,15,35,88,145,189,194,31,171,116,57,0,113,196,89,5,141,119,74,183,63,51,72,147,65,102,115,14,45,55,155,184,172,80,114,177,169,191,11,104,180,163,170,95,137,90,125,149,32,68,97,100,7,175,179,27,150,136,144,70,168,17,103,105,142,190,188,186,176,42,47,132,166,123,44];False
2376;8319;10695;[4,67,193,48,10,1,91,129,130,84,122,73,174,135,21,99,16,77,112,71,56,18,62,120,24,197,26,9,143,20,3,2,121,160,92,49,8,22,38,34,124,94,75,12,165,153,187,127,39,107,87,76,50,53,93,23,30,134,58,86,69,64,101,151,54,158,199,6,117,98,25,110,81,52,182,28,162,78,60,79,185,148,167,61,41,36,46,131,59,133,96,157,138,178,164,173,66,126,198,159,140,118,109,29,154,156,106,19,108,146,43,128,85,152,111,83,181,82,192,139,33,13,172,195,40,37,15,35,88,145,189,194,31,171,116,57,0,113,196,89,5,141,119,74,183,63,51,72,147,65,102,115,14,45,55,155,184,161,80,114,177,169,191,11,104,180,163,170,95,137,90,125,149,32,68,97,100,7,175,179,27,150,136,144,70,168,17,103,105,142,190,188,186,176,42,47,132,166,123,44];False
2382;8313;10695;[4,67,193,48,10,1,91,129,8,84,122,73,174,135,21,99,16,77,112,71,56,18,62,120,24,197,26,9,143,20,3,2,121,160,92,49,130,22,38,34,124,94,75,12,165,153,187,127,39,107,87,76,50,53,93,23,30,134,58,86,69,64,101,151,54,158,199,6,29,98,25,110,81,52,182,28,162,78,60,79,185,148,167,61,41,36,46,131,59,133,96,157,138,178,164,173,66,126,198,159,140,118,109,117,154,156,106,19,108,146,43,128,85,152,111,83,181,82,192,139,33,13,172,195,40,37,15,35,88,145,189,194,31,171,116,57,0,113,196,89,5,141,119,74,183,63,51,72,147,65,102,115,14,45,55,155,184,161,80,114,177,169,191,11,104,180,163,170,95,137,90,125,149,32,68,97,100,7,175,179,27,150,136,144,70,168,17,103,105,142,190,188,186,176,42,47,132,166,123,44];False
2409;8286;10695;[4,67,193,48,10,1,91,129,8,84,122,73,174,135,21,99,16,77,112,71,56,18,62,120,24,197,26,9,143,20,3,2,121,160,92,49,130,22,38,34,124,94,75,12,165,153,187,127,39,107,87,76,50,53,93,23,30,134,58,86,69,64,101,151,54,158,199,6,117,98,25,110,81,52,182,28,162,78,60,79,185,148,167,61,41,36,46,131,59,133,96,157,138,178,164,173,66,126,198,159,140,118,109,29,154,156,106,19,108,146,43,128,85,152,111,83,139,82,192,181,33,13,172,195,40,37,15,35,88,145,189,194,31,171,116,57,0,113,196,89,5,141,119,74,183,63,51,72,147,65,102,115,14,45,55,155,184,161,80,114,177,169,191,11,104,180,163,170,95,137,90,125,149,32,68,97,100,7,175,179,27,150,136,144,70,168,17,103,105,142,190,188,186,176,42,47,132,166,123,44];False
2446;8248;10694;[4,67,193,48,10,1,91,129,8,84,122,73,174,135,21,99,16,77,112,71,56,18,62,120,24,197,26,9,143,20,3,2,121,160,92,49,130,22,38,34,124,94,75,12,196,153,187,127,39,107,87,76,50,53,93,23,30,134,58,86,69,64,101,151,54,158,199,6,117,98,25,110,81,52,182,28,162,78,60,79,185,148,167,61,41,36,46,131,59,133,96,157,138,178,164,173,66,126,198,159,140,118,109,29,154,156,106,19,108,146,43,128,85,152,111,83,181,82,192,139,33,13,172,195,40,37,15,35,88,145,189,194,31,171,116,57,0,113,165,89,5,141,119,74,183,63,51,72,147,65,102,115,14,45,55,155,184,161,80,114,177,169,191,11,104,180,163,170,95,137,90,125,149,32,68,97,100,7,175,179,27,150,136,144,70,168,17,103,105,142,190,188,186,176,42,47,132,166,123,44];False
2351;8343;10694;[4,67,193,48,10,1,91,129,8,84,122,73,174,135,21,99,16,77,112,71,56,18,62,120,24,197,26,9,143,20,3,2,121,160,92,49,130,22,38,34,124,94,75,12,165,153,187,127,39,107,87,76,50,53,93,23,30,134,58,86,69,64,101,151,54,158,199,6,117,98,25,110,81,52,182,28,162,78,60,79,185,148,167,61,41,36,46,131,59,133,96,157,138,178,164,173,66,126,198,159,140,118,109,29,154,5,106,19,108,146,43,128,85,152,111,83,181,82,192,139,33,13,172,195,40,37,15,35,88,145,189,194,31,171,116,57,0,113,196,89,156,141,119,74,183,63,51,72,147,65,102,115,14,45,55,155,184,161,80,114,177,169,191,11,104,180,163,170,95,137,90,125,149,32,68,97,100,7,175,179,27,150,136,144,70,168,17,103,105,142,190,188,186,176,42,47,132,166,123,44];False
2404;8290;10694;[4,67,136,48,10,1,91,129,8,84,122,73,174,135,21,99,16,77,112,71,56,18,62,120,24,197,26,9,143,20,3,2,121,160,92,49,130,22,38,34,124,94,75,12,165,153,187,127,39,107,87,76,50,53,93,23,30,134,58,86,69,64,101,151,54,158,199,6,117,98,25,110,81,52,182,28,162,78,60,79,185,148,167,61,41,36,46,131,59,133,96,157,138,178,164,173,66,126,198,159,140,118,109,29,154,156,106,19,108,146,43,128,85,152,111,83,181,82,192,139,33,13,172,195,40,37,15,35,88,145,189,194,31,171,116,57,0,113,196,89,5,141,119,74,183,63,51,72,147,65,102,115,14,45,55,155,184,161,80,114,177,169,191,11,104,180,163,170,95,137,90,125,149,32,68,97,100,7,175,179,27,150,193,144,70,168,17,103,105,142,190,188,186,176,42,47,132,166,123,44];False
2380;8314;10694;[4,67,193,48,10,1,91,129,8,84,122,73,174,135,21,186,16,77,112,71,56,18,62,120,24,197,26,9,143,20,3,2,121,160,92,49,130,22,38,34,124,94,75,12,165,153,187,127,39,107,87,76,50,53,93,23,30,134,58,86,69,64,101,151,54,158,199,6,117,98,25,110,81,52,182,28,162,78,60,79,185,148,167,61,41,36,46,131,59,133,96,157,138,178,164,173,66,126,198,159,140,118,109,29,154,156,106,19,108,146,43,128,85,152,111,83,181,82,192,139,33,13,172,195,40,37,15,35,88,145,189,194,31,171,116,57,0,113,196,89,5,141,119,74,183,63,51,72,147,65,102,115,14,45,55,155,184,161,80,114,177,169,191,11,104,180,163,170,95,137,90,125,149,32,68,97,100,7,175,179,27,150,136,144,70,168,17,103,105,142,190,188,99,176,42,47,132,166,123,44];False
2415;8279;10694;[4,67,193,48,10,1,91,129,8,84,122,73,174,135,21,99,16,77,112,71,56,18,62,120,24,197,26,9,143,20,3,2,121,160,92,49,130,22,38,34,124,94,75,12,165,153,81,127,39,107,87,76,50,53,93,23,30,134,58,86,69,64,101,151,54,158,199,6,117,98,25,110,187,52,182,28,162,78,60,79,185,148,167,61,41,36,46,131,59,133,96,157,138,178,164,173,66,126,198,159,140,118,109,29,154,156,106,19,108,146,43,128,85,152,111,83,181,82,192,139,33,13,172,195,40,37,15,35,88,145,189,194,31,171,116,57,0,113,196,89,5,141,119,74,183,63,51,72,147,65,102,115,14,45,55,155,184,161,80,114,177,169,191,11,104,180,163,170,95,137,90,125,149,32,68,97,100,7,175,179,27,150,136,144,70,168,17,103,105,142,190,188,186,176,42,47,132,166,123,44];False
2435;8259;10694;[4,67,193,48,10,1,91,129,8,84,149,73,174,135,21,99,16,77,112,71,56,18,62,120,24,197,26,9,143,20,3,2,121,160,92,49,130,22,38,34,124,94,75,12,165,153,187,127,39,107,87,76,50,53,93,23,30,134,58,86,69,64,101,151,54,158,199,6,117,98,25,110,81,52,182,28,162,78,60,79,185,148,167,61,41,36,46,131,59,133,96,157,138,178,164,173,66,126,198,159,140,118,109,29,154,156,106,19,108,146,43,128,85,152,111,83,181,82,192,139,33,13,172,195,40,37,15,35,88,145,189,194,31,171,116,57,0,113,196,89,5,141,119,74,183,63,51,72,147,65,102,115,14,45,55,155,184,161,80,114,177,169,191,11,104,180,163,170,95,137,90,125,122,32,68,97,100,7,175,179,27,150,136,144,70,168,17,103,105,142,190,188,186,176,42,47,132,166,123,44];False
2403;8291;10694;[4,67,193,48,10,1,91,129,8,84,122,73,174,135,21,99,16,77,112,71,56,18,62,120,24,197,26,9,143,20,3,2,121,160,92,49,130,22,38,34,124,94,75,12,165,153,187,127,39,107,87,76,50,53,93,23,30,134,58,86,69,64,101,151,54,158,199,6,117,98,25,110,81,52,182,28,162,95,60,79,185,148,167,61,41,36,46,131,59,133,96,157,138,178,164,173,66,126,198,159,140,118,109,29,154,156,106,19,108,146,43,128,85,152,111,83,181,82,192,139,33,13,172,195,40,37,15,35,88,145,189,194,31,171,116,57,0,113,196,89,5,141,119,74,183,63,51,72,147,65,102,115,14,45,55,155,184,161,80,114,177,169,191,11,104,180,163,170,78,137,90,125,149,32,68,97,100,7,175,179,27,150,136,144,70,168,17,103,105,142,190,188,186,176,42,47,132,166,123,44];False
2464;8230;10694;[4,67,193,48,10,1,91,129,8,84,122,73,174,135,21,99,16,77,112,71,56,18,62,120,24,197,26,9,143,20,3,2,121,160,184,49,130,22,38,34,124,94,75,12,165,153,187,127,39,107,87,76,50,53,93,23,30,134,58,86,69,64,101,151,54,158,199,6,117,98,25,110,81,52,182,28,162,78,60,79,185,148,167,61,41,36,46,131,59,133,96,157,138,178,164,173,66,126,198,159,140,118,109,29,154,156,106,19,108,146,43,128,85,152,111,83,181,82,192,139,33,13,172,195,40,37,15,35,88,145,189,194,31,171,116,57,0,113,196,89,5,141,119,74,183,63,51,72,147,65,102,115,14,45,55,155,92,161,80,114,177,169,191,11,104,180,163,170,95,137,90,125,149,32,68,97,100,7,175,179,27,150,136,144,70,168,17,103,105,142,190,188,186,176,42,47,132,166,123,44];False
2419;8275;10694;[4,67,193,48,10,1,91,129,8,84,122,73,174,135,21,99,16,77,112,71,56,18,62,120,24,197,26,9,168,20,3,2,121,160,92,49,130,22,38,34,124,94,75,12,165,153,187,127,39,107,87,76,50,53,93,23,30,134,58,86,69,64,101,151,54,158,199,6,117,98,25,110,81,52,182,28,162,78,60,79,185,148,167,61,41,36,46,131,59,133,96,157,138,178,164,173,66,126,198,159,140,118,109,29,154,156,106,19,108,146,43,128,85,152,111,83,181,82,192,139,33,13,172,195,40,37,15,35,88,145,189,194,31,171,116,57,0,113,196,89,5,141,119,74,183,63,51,72,147,65,102,115,14,45,55,155,184,161,80,114,177,169,191,11,104,180,163,170,95,137,90,125,149,32,68,97,100,7,175,179,27,150,136,144,70,143,17,103,105,142,190,188,186,176,42,47,132,166,123,44];False
2420;8274;10694;[4,67,193,48,10,1,91,129,8,84,122,73,174,135,21,99,16,77,112,71,56,18,62,120,24,197,26,9,143,20,131,2,121,160,92,49,130,22,38,34,124,94,75,12,165,153,187,127,39,107,87,76,50,53,93,23,30,134,58,86,69,64,101,151,54,158,199,6,117,98,25,110,81,52,182,28,162,78,60,79,185,148,167,61,41,36,46,3,59,133,96,157,138,178,164,173,66,126,198,159,140,118,109,29,154,156,106,19,108,146,43,128,85,152,111,83,181,82,192,139,33,13,172,195,40,37,15,35,88,145,189,194,31,171,116,57,0,113,196,89,5,141,119,74,183,63,51,72,147,65,102,115,14,45,55,155,184,161,80,114,177,169,191,11,104,180,163,170,95,137,90,125,149,32,68,97,100,7,175,179,27,150,136,144,70,168,17,103,105,142,190,188,186,176,42,47,132,166,123,44];False
2417;8277;10694;[4,67,193,48,10,1,91,129,8,84,122,73,174,135,21,99,16,77,112,71,56,18,62,120,24,197,26,9,143,20,3,2,121,160,92,49,130,22,38,34,124,94,75,12,165,153,187,127,39,107,87,76,50,53,93,23,30,134,58,86,69,64,101,151,54,158,199,6,117,98,25,110,81,52,182,28,162,78,60,79,185,148,167,61,41,36,46,131,59,133,96,157,138,178,164,173,66,126,198,159,140,118,109,29,154,156,106,19,108,146,43,128,85,152,111,83,181,82,192,139,33,13,172,195,40,37,15,35,5,145,189,194,31,171,116,57,0,113,196,89,88,141,119,74,183,63,51,72,147,65,102,115,14,45,55,155,184,161,80,114,177,169,191,11,104,180,163,170,95,137,90,125,149,32,68,97,100,7,175,179,27,150,136,144,70,168,17,103,105,142,190,188,186,176,42,47,132,166,123,44];False
2454;8240;10694;[4,67,193,48,10,1,91,129,8,84,122,73,174,135,21,99,16,77,112,71,56,18,62,120,171,197,26,9,143,20,3,2,121,160,92,49,130,22,38,34,124,94,75,12,165,153,187,127,39,107,87,76,50,53,93,23,30,134,58,86,69,64,101,151,54,158,199,6,117,98,25,110,81,52,182,28,162,78,60,79,185,148,167,61,41,36,46,131,59,133,96,157,138,178,164,173,66,126,198,159,140,118,109,29,154,156,106,19,108,146,43,128,85,152,111,83,181,82,192,139,33,13,172,195,40,37,15,35,88,145,189,194,31,24,116,57,0,113,196,89,5,141,119,74,183,63,51,72,147,65,102,115,14,45,55,155,184,161,80,114,177,169,191,11,104,180,163,170,95,137,90,125,149,32,68,97,100,7,175,179,27,150,136,144,70,168,17,103,105,142,190,188,186,176,42,47,132,166,123,44];False
2451;8243;10694;[4,67,193,48,10,1,91,129,8,84,122,73,174,135,21,99,16,77,112,46,56,18,62,120,24,197,26,9,143,20,3,2,121,160,92,49,130,22,38,34,124,94,75,12,165,153,187,127,39,107,87,76,50,53,93,23,30,134,58,86,69,64,101,151,54,158,199,6,117,98,25,110,81,52,182,28,162,78,60,79,185,148,167,61,41,36,71,131,59,133,96,157,138,178,164,173,66,126,198,159,140,118,109,29,154,156,106,19,108,146,43,128,85,152,111,83,181,82,192,139,33,13,172,195,40,37,15,35,88,145,189,194,31,171,116,57,0,113,196,89,5,141,119,74,183,63,51,72,147,65,102,115,14,45,55,155,184,161,80,114,177,169,191,11,104,180,163,170,95,137,90,125,149,32,68,97,100,7,175,179,27,150,136,144,70,168,17,103,105,142,190,188,186,176,42,47,132,166,123,44];False
2456;8238;10694;[4,75,193,48,10,1,91,129,8,84,122,73,174,135,21,99,16,77,112,71,56,18,62,120,24,197,26,9,143,20,3,2,121,160,92,49,130,22,38,34,124,94,67,12,165,153,187,127,39,107,87,76,50,53,93,23,30,134,58,86,69,64,101,151,54,158,199,6,117,98,25,110,81,52,182,28,162,78,60,79,185,148,167,61,41,36,46,131,59,133,96,157,138,178,164,173,66,126,198,159,140,118,109,29,154,156,106,19,108,146,43,128,85,152,111,83,181,82,192,139,33,13,172,195,40,37,15,35,88,145,189,194,31,171,116,57,0,113,196,89,5,141,119,74,183,63,51,72,147,65,102,115,14,45,55,155,184,161,80,114,177,169,191,11,104,180,163,170,95,137,90,125,149,32,68,97,100,7,175,179,27,150,136,144,70,168,17,103,105,142,190,188,186,176,42,47,132,166,123,44];False
2437;8257;10694;[4,67,193,48,10,1,91,129,8,84,122,73,174,135,21,99,16,77,112,71,56,18,62,120,24,197,66,9,143,20,3,2,121,160,92,49,130,22,38,34,124,94,75,12,165,153,187,127,39,107,87,76,50,53,93,23,30,134,58,86,69,64,101,151,54,158,199,6,117,98,25,110,81,52,182,28,162,78,60,79,185,148,167,61,41,36,46,131,59,133,96,157,138,178,164,173,26,126,198,159,140,118,109,29,154,156,106,19,108,146,43,128,85,152,111,83,181,82,192,139,33,13,172,195,40,37,15,35,88,145,189,194,31,171,116,57,0,113,196,89,5,141,119,74,183,63,51,72,147,65,102,115,14,45,55,155,184,161,80,114,177,169,191,11,104,180,163,170,95,137,90,125,149,32,68,97,100,7,175,179,27,150,136,144,70,168,17,103,105,142,190,188,186,176,42,47,132,166,123,44];False
2461;8233;10694;[4,67,193,48,10,1,91,129,8,84,122,73,174,135,21,99,16,77,112,71,56,18,62,120,24,197,26,9,143,20,3,32,121,160,92,49,130,22,38,34,124,94,75,12,165,153,187,127,39,107,87,76,50,53,93,23,30,134,58,86,69,64,101,151,54,158,199,6,117,98,25,110,81,52,182,28,162,78,60,79,185,148,167,61,41,36,46,131,59,133,96,157,138,178,164,173,66,126,198,159,140,118,109,29,154,156,106,19,108,146,43,128,85,152,111,83,181,82,192,139,33,13,172,195,40,37,15,35,88,145,189,194,31,171,116,57,0,113,196,89,5,141,119,74,183,63,51,72,147,65,102,115,14,45,55,155,184,161,80,114,177,169,191,11,104,180,163,170,95,137,90,125,149,2,68,97,100,7,175,179,27,150,136,144,70,168,17,103,105,142,190,188,186,176,42,47,132,166,123,44];False
2434;8260;10694;[4,67,193,48,10,1,91,129,8,14,122,73,174,135,21,99,16,77,112,71,56,18,62,120,24,197,26,9,143,20,3,2,121,160,92,49,130,22,38,34,124,94,75,12,165,153,187,127,39,107,87,76,50,53,93,23,30,134,58,86,69,64,101,151,54,158,199,6,117,98,25,110,81,52,182,28,162,78,60,79,185,148,167,61,41,36,46,131,59,133,96,157,138,178,164,173,66,126,198,159,140,118,109,29,154,156,106,19,108,146,43,128,85,152,111,83,181,82,192,139,33,13,172,195,40,37,15,35,88,145,189,194,31,171,116,57,0,113,196,89,5,141,119,74,183,63,51,72,147,65,102,115,84,45,55,155,184,161,80,114,177,169,191,11,104,180,163,170,95,137,90,125,149,32,68,97,100,7,175,179,27,150,136,144,70,168,17,103,105,142,190,188,186,176,42,47,132,166,123,44];False
2407;8286;10693;[4,67,193,48,10,1,91,129,8,84,122,73,174,135,21,99,16,77,112,71,56,18,62,120,24,197,26,9,143,20,3,2,121,160,92,49,130,22,38,34,124,94,75,12,165,153,187,127,39,107,87,76,50,53,93,23,30,134,58,86,69,64,101,151,54,158,199,6,117,98,25,110,81,52,182,28,162,78,60,79,185,148,167,61,41,36,46,131,59,133,96,157,138,178,164,173,66,126,15,159,140,118,109,29,154,156,106,19,108,146,43,128,85,152,111,83,181,82,192,139,33,13,172,195,40,37,198,35,88,145,189,194,31,171,116,57,0,113,196,89,5,141,119,74,183,63,51,72,147,65,102,115,14,45,55,155,184,161,80,114,177,169,191,11,104,180,163,170,95,137,90,125,149,32,68,97,100,7,175,179,27,150,136,144,70,168,17,103,105,142,190,188,186,176,42,47,132,166,123,44];False
2394;8299;10693;[4,67,193,48,10,1,91,129,8,84,122,73,174,135,21,99,16,77,112,71,56,18,62,120,24,197,26,9,143,20,3,2,121,160,92,49,130,22,38,34,124,94,75,12,165,153,187,127,39,107,87,76,50,53,93,23,30,134,58,86,69,64,101,151,54,158,199,6,117,98,25,110,81,52,182,133,162,78,60,79,185,148,167,61,41,36,46,131,59,28,96,157,138,178,164,173,66,126,198,159,140,118,109,29,154,156,106,19,108,146,43,128,85,152,111,83,181,82,192,139,33,13,172,195,40,37,15,35,88,145,189,194,31,171,116,57,0,113,196,89,5,141,119,74,183,63,51,72,147,65,102,115,14,45,55,155,184,161,80,114,177,169,191,11,104,180,163,170,95,137,90,125,149,32,68,97,100,7,175,179,27,150,136,144,70,168,17,103,105,142,190,188,186,176,42,47,132,166,123,44];False
2402;8291;10693;[4,67,193,48,10,18,91,129,8,84,122,73,174,135,21,99,16,77,112,71,56,1,62,120,24,197,26,9,143,20,3,2,121,160,92,49,130,22,38,34,124,94,75,12,165,153,187,127,39,107,87,76,50,53,93,23,30,134,58,86,69,64,101,151,54,158,199,6,117,98,25,110,81,52,182,28,162,78,60,79,185,148,167,61,41,36,46,131,59,133,96,157,138,178,164,173,66,126,198,159,140,118,109,29,154,156,106,19,108,146,43,128,85,152,111,83,181,82,192,139,33,13,172,195,40,37,15,35,88,145,189,194,31,171,116,57,0,113,196,89,5,141,119,74,183,63,51,72,147,65,102,115,14,45,55,155,184,161,80,114,177,169,191,11,104,180,163,170,95,137,90,125,149,32,68,97,100,7,175,179,27,150,136,144,70,168,17,103,105,142,190,188,186,176,42,47,132,166,123,44];False
2405;8288;10693;[4,67,193,48,10,1,91,129,8,84,122,73,174,135,21,99,16,77,112,71,56,18,62,120,24,197,26,9,143,20,3,2,121,160,92,49,130,22,38,34,124,94,75,12,165,153,187,127,39,107,87,76,50,53,93,23,30,134,58,86,69,64,101,151,54,158,199,6,117,98,25,110,81,52,182,28,162,78,60,79,185,148,167,61,139,36,46,131,59,133,96,157,138,178,164,173,66,126,198,159,140,118,109,29,154,156,106,19,108,146,43,128,85,152,111,83,181,82,192,41,33,13,172,195,40,37,15,35,88,145,189,194,31,171,116,57,0,113,196,89,5,141,119,74,183,63,51,72,147,65,102,115,14,45,55,155,184,161,80,114,177,169,191,11,104,180,163,170,95,137,90,125,149,32,68,97,100,7,175,179,27,150,136,144,70,168,17,103,105,142,190,188,186,176,42,47,132,166,123,44];False
2357;8336;10693;[4,67,193,48,10,1,91,129,8,84,122,73,174,135,21,99,16,77,112,71,56,18,62,120,24,197,26,9,179,20,3,2,121,160,92,49,130,22,38,34,124,94,75,12,165,153,187,127,39,107,87,76,50,53,93,23,30,134,58,86,69,64,101,151,54,158,199,6,117,98,25,110,81,52,182,28,162,78,60,79,185,148,167,61,41,36,46,131,59,133,96,157,138,178,164,173,66,126,198,159,140,118,109,29,154,156,106,19,108,146,43,128,85,152,111,83,181,82,192,139,33,13,172,195,40,37,15,35,88,145,189,194,31,171,116,57,0,113,196,89,5,141,119,74,183,63,51,72,147,65,102,115,14,45,55,155,184,161,80,114,177,169,191,11,104,180,163,170,95,137,90,125,149,32,68,97,100,7,175,143,27,150,136,144,70,168,17,103,105,142,190,188,186,176,42,47,132,166,123,44];False
2428;8265;10693;[4,67,193,48,66,1,91,129,8,84,122,73,174,135,21,99,16,77,112,71,56,18,62,120,24,197,26,9,143,20,3,2,121,160,92,49,130,22,38,34,124,94,75,12,165,153,187,127,39,107,87,76,50,53,93,23,30,134,58,86,69,64,101,151,54,158,199,6,117,98,25,110,81,52,182,28,162,78,60,79,185,148,167,61,41,36,46,131,59,133,96,157,138,178,164,173,10,126,198,159,140,118,109,29,154,156,106,19,108,146,43,128,85,152,111,83,181,82,192,139,33,13,172,195,40,37,15,35,88,145,189,194,31,171,116,57,0,113,196,89,5,141,119,74,183,63,51,72,147,65,102,115,14,45,55,155,184,161,80,114,177,169,191,11,104,180,163,170,95,137,90,125,149,32,68,97,100,7,175,179,27,150,136,144,70,168,17,103,105,142,190,188,186,176,42,47,132,166,123,44];False
2439;8254;10693;[4,67,193,48,10,1,91,129,8,84,122,73,174,135,21,99,16,77,112,71,56,18,62,120,24,197,26,9,143,20,3,2,121,160,92,49,130,22,38,34,124,94,75,12,165,153,187,127,39,107,87,76,50,53,93,23,30,134,58,86,69,64,101,151,54,158,199,6,117,98,25,110,81,52,182,28,162,78,60,79,185,148,167,61,41,36,46,131,59,133,96,157,138,178,164,173,66,126,198,159,140,118,109,29,154,156,106,19,108,146,43,128,85,152,111,83,181,13,192,139,33,82,172,195,40,37,15,35,88,145,189,194,31,171,116,57,0,113,196,89,5,141,119,74,183,63,51,72,147,65,102,115,14,45,55,155,184,161,80,114,177,169,191,11,104,180,163,170,95,137,90,125,149,32,68,97,100,7,175,179,27,150,136,144,70,168,17,103,105,142,190,188,186,176,42,47,132,166,123,44];False
2373;8320;10693;[4,67,193,48,10,1,91,129,8,84,122,73,174,135,21,99,16,77,112,71,56,18,62,120,24,197,26,9,143,20,3,2,121,160,92,49,130,22,185,34,124,94,75,12,165,153,187,127,39,107,87,76,50,53,93,23,30,134,58,86,69,64,101,151,54,158,199,6,117,98,25,110,81,52,182,28,162,78,60,79,38,148,167,61,41,36,46,131,59,133,96,157,138,178,164,173,66,126,198,159,140,118,109,29,154,156,106,19,108,146,43,128,85,152,111,83,181,82,192,139,33,13,172,195,40,37,15,35,88,145,189,194,31,171,116,57,0,113,196,89,5,141,119,74,183,63,51,72,147,65,102,115,14,45,55,155,184,161,80,114,177,169,191,11,104,180,163,170,95,137,90,125,149,32,68,97,100,7,175,179,27,150,136,144,70,168,17,103,105,142,190,188,186,176,42,47,132,166,123,44];False
2442;8251;10693;[4,67,193,48,10,1,91,129,8,84,122,73,174,135,21,99,16,77,112,71,56,18,62,120,24,197,26,9,143,20,3,2,121,160,92,49,130,22,38,34,124,94,75,12,165,153,187,127,39,107,87,76,50,53,93,23,30,134,58,86,69,64,101,151,54,158,199,6,117,98,25,110,81,52,182,28,162,78,60,79,185,148,167,61,41,36,46,131,59,133,96,157,138,178,164,173,66,126,198,159,140,118,109,29,154,156,106,19,108,146,43,128,85,152,111,83,181,82,192,139,33,13,172,195,40,37,15,35,88,145,189,194,31,171,116,57,0,113,196,115,5,141,119,74,183,63,51,72,147,65,102,89,14,45,55,155,184,161,80,114,177,169,191,11,104,180,163,170,95,137,90,125,149,32,68,97,100,7,175,179,27,150,136,144,70,168,17,103,105,142,190,188,186,176,42,47,132,166,123,44];False
2349;8344;10693;[4,67,193,48,10,1,91,129,8,84,122,73,174,135,21,99,16,77,112,71,56,18,62,120,24,197,26,9,143,20,3,2,121,160,92,49,130,22,38,34,124,94,75,12,165,153,187,127,39,107,87,76,50,53,93,23,30,134,58,86,69,64,101,151,54,158,199,6,117,98,25,110,81,52,182,28,162,78,60,79,185,148,167,61,41,36,46,131,59,133,96,157,138,178,164,173,66,126,198,159,140,118,109,177,154,156,106,19,108,146,43,128,85,152,111,83,181,82,192,139,33,13,172,195,40,37,15,35,88,145,189,194,31,171,116,57,0,113,196,89,5,141,119,74,183,63,51,72,147,65,102,115,14,45,55,155,184,161,80,114,29,169,191,11,104,180,163,170,95,137,90,125,149,32,68,97,100,7,175,179,27,150,136,144,70,168,17,103,105,142,190,188,186,176,42,47,132,166,123,44];False
2401;8292;10693;[4,67,193,48,10,1,91,129,8,84,122,73,174,135,21,99,16,77,112,71,56,18,62,120,24,197,26,9,143,20,3,2,121,160,92,49,130,22,38,34,124,94,75,12,165,153,187,127,39,107,87,76,50,53,93,23,194,134,58,86,69,64,101,151,54,158,199,6,117,98,25,110,81,52,182,28,162,78,60,79,185,148,167,61,41,36,46,131,59,133,96,157,138,178,164,173,66,126,198,159,140,118,109,29,154,156,106,19,108,146,43,128,85,152,111,83,181,82,192,139,33,13,172,195,40,37,15,35,88,145,189,30,31,171,116,57,0,113,196,89,5,141,119,74,183,63,51,72,147,65,102,115,14,45,55,155,184,161,80,114,177,169,191,11,104,180,163,170,95,137,90,125,149,32,68,97,100,7,175,179,27,150,136,144,70,168,17,103,105,142,190,188,186,176,42,47,132,166,123,44];False
2403;8290;10693;[4,67,193,48,10,81,91,129,8,84,122,73,174,135,21,99,16,77,112,71,56,18,62,120,24,197,26,9,143,20,3,2,121,160,92,49,130,22,38,34,124,94,75,12,165,153,187,127,39,107,87,76,50,53,93,23,30,134,58,86,69,64,101,151,54,158,199,6,117,98,25,110,1,52,182,28,162,78,60,79,185,148,167,61,41,36,46,131,59,133,96,157,138,178,164,173,66,126,198,159,140,118,109,29,154,156,106,19,108,146,43,128,85,152,111,83,181,82,192,139,33,13,172,195,40,37,15,35,88,145,189,194,31,171,116,57,0,113,196,89,5,141,119,74,183,63,51,72,147,65,102,115,14,45,55,155,184,161,80,114,177,169,191,11,104,180,163,170,95,137,90,125,149,32,68,97,100,7,175,179,27,150,136,144,70,168,17,103,105,142,190,188,186,176,42,47,132,166,123,44];False
2413;8279;10692;[4,67,193,48,10,1,91,129,8,0,122,73,174,135,21,99,16,77,112,71,56,18,62,120,24,197,26,9,143,20,3,2,121,160,92,49,130,22,38,34,124,94,75,12,165,153,187,127,39,107,87,76,50,53,93,23,30,134,58,86,69,64,101,151,54,158,199,6,117,98,25,110,81,52,182,28,162,78,60,79,185,148,167,61,41,36,46,131,59,133,96,157,138,178,164,173,66,126,198,159,140,118,109,29,154,156,106,19,108,146,43,128,85,152,111,83,181,82,192,139,33,13,172,195,40,37,15,35,88,145,189,194,31,171,116,57,84,113,196,89,5,141,119,74,183,63,51,72,147,65,102,115,14,45,55,155,184,161,80,114,177,169,191,11,104,180,163,170,95,137,90,125,149,32,68,97,100,7,175,179,27,150,136,144,70,168,17,103,105,142,190,188,186,176,42,47,132,166,123,44];False
2415;8277;10692;[4,67,193,48,10,1,91,129,8,84,122,73,174,135,21,99,16,77,112,71,56,18,62,120,24,197,26,9,143,20,3,2,121,160,92,49,130,22,38,34,124,94,75,12,165,153,187,127,39,107,87,76,50,53,93,23,30,134,58,86,69,64,101,151,54,158,199,6,117,98,25,110,81,52,182,28,162,78,60,79,185,148,167,61,41,36,46,131,59,133,96,157,138,178,164,173,66,126,198,159,140,118,109,29,154,156,106,19,108,146,43,128,85,152,111,83,100,82,192,139,33,13,172,195,40,37,15,35,88,145,189,194,31,171,116,57,0,113,196,89,5,141,119,74,183,63,51,72,147,65,102,115,14,45,55,155,184,161,80,114,177,169,191,11,104,180,163,170,95,137,90,125,149,32,68,97,181,7,175,179,27,150,136,144,70,168,17,103,105,142,190,188,186,176,42,47,132,166,123,44];False
2435;8257;10692;[4,67,193,48,10,1,91,129,8,84,122,73,174,135,21,99,16,77,112,71,56,18,62,120,24,197,26,9,143,20,3,2,121,160,92,49,130,22,38,34,124,94,75,12,165,153,187,127,39,107,87,76,137,53,93,23,30,134,58,86,69,64,101,151,54,158,199,6,117,98,25,110,81,52,182,28,162,78,60,79,185,148,167,61,41,36,46,131,59,133,96,157,138,178,164,173,66,126,198,159,140,118,109,29,154,156,106,19,108,146,43,128,85,152,111,83,181,82,192,139,33,13,172,195,40,37,15,35,88,145,189,194,31,171,116,57,0,113,196,89,5,141,119,74,183,63,51,72,147,65,102,115,14,45,55,155,184,161,80,114,177,169,191,11,104,180,163,170,95,50,90,125,149,32,68,97,100,7,175,179,27,150,136,144,70,168,17,103,105,142,190,188,186,176,42,47,132,166,123,44];False
2405;8287;10692;[4,67,193,48,10,1,91,129,8,84,122,73,174,135,21,99,16,77,112,71,56,18,62,120,24,197,26,9,143,20,3,2,155,160,92,49,130,22,38,34,124,94,75,12,165,153,187,127,39,107,87,76,50,53,93,23,30,134,58,86,69,64,101,151,54,158,199,6,117,98,25,110,81,52,182,28,162,78,60,79,185,148,167,61,41,36,46,131,59,133,96,157,138,178,164,173,66,126,198,159,140,118,109,29,154,156,106,19,108,146,43,128,85,152,111,83,181,82,192,139,33,13,172,195,40,37,15,35,88,145,189,194,31,171,116,57,0,113,196,89,5,141,119,74,183,63,51,72,147,65,102,115,14,45,55,121,184,161,80,114,177,169,191,11,104,180,163,170,95,137,90,125,149,32,68,97,100,7,175,179,27,150,136,144,70,168,17,103,105,142,190,188,186,176,42,47,132,166,123,44];False
2420;8272;10692;[4,67,193,48,10,1,91,129,8,84,122,73,174,135,21,99,16,77,112,71,56,18,62,120,24,197,26,9,143,20,3,2,121,160,92,49,130,22,38,34,124,94,75,12,134,153,187,127,39,107,87,76,50,53,93,23,30,165,58,86,69,64,101,151,54,158,199,6,117,98,25,110,81,52,182,28,162,78,60,79,185,148,167,61,41,36,46,131,59,133,96,157,138,178,164,173,66,126,198,159,140,118,109,29,154,156,106,19,108,146,43,128,85,152,111,83,181,82,192,139,33,13,172,195,40,37,15,35,88,145,189,194,31,171,116,57,0,113,196,89,5,141,119,74,183,63,51,72,147,65,102,115,14,45,55,155,184,161,80,114,177,169,191,11,104,180,163,170,95,137,90,125,149,32,68,97,100,7,175,179,27,150,136,144,70,168,17,103,105,142,190,188,186,176,42,47,132,166,123,44];False
2395;8297;10692;[4,67,193,48,10,1,91,129,8,84,122,73,174,135,21,99,16,77,112,71,56,18,62,120,24,197,26,9,143,20,3,2,121,160,92,49,130,22,38,34,124,94,75,12,165,153,187,127,39,107,87,76,50,53,93,23,30,134,58,86,69,64,101,151,54,158,199,6,117,98,25,110,81,52,182,28,162,78,60,79,185,148,167,61,41,36,46,131,59,133,96,157,138,178,164,173,66,126,198,159,140,118,109,29,154,156,106,19,108,146,43,128,85,152,111,83,181,82,192,139,119,13,172,195,40,37,15,35,88,145,189,194,31,171,116,57,0,113,196,89,5,141,33,74,183,63,51,72,147,65,102,115,14,45,55,155,184,161,80,114,177,169,191,11,104,180,163,170,95,137,90,125,149,32,68,97,100,7,175,179,27,150,136,144,70,168,17,103,105,142,190,188,186,176,42,47,132,166,123,44];False
2385;8307;10692;[4,67,193,48,10,1,91,129,8,84,122,73,174,135,21,99,16,77,112,71,56,18,62,120,24,197,26,9,143,20,3,2,121,160,92,49,130,22,38,34,124,94,75,12,165,153,187,127,39,107,87,76,50,53,93,23,30,134,58,86,69,64,101,151,54,158,199,6,117,98,25,110,81,52,182,28,162,78,89,79,185,148,167,61,41,36,46,131,59,133,96,157,138,178,164,173,66,126,198,159,140,118,109,29,154,156,106,19,108,146,43,128,85,152,111,83,181,82,192,139,33,13,172,195,40,37,15,35,88,145,189,194,31,171,116,57,0,113,196,60,5,141,119,74,183,63,51,72,147,65,102,115,14,45,55,155,184,161,80,114,177,169,191,11,104,180,163,170,95,137,90,125,149,32,68,97,100,7,175,179,27,150,136,144,70,168,17,103,105,142,190,188,186,176,42,47,132,166,123,44];False
2428;8264;10692;[4,67,193,48,10,1,91,129,8,84,122,73,174,135,21,99,16,77,112,71,56,18,62,120,24,197,26,9,143,20,3,2,121,160,92,49,130,22,38,34,124,94,75,12,165,153,187,127,39,107,87,76,50,53,93,23,30,134,58,85,69,64,101,151,54,158,199,6,117,98,25,110,81,52,182,28,162,78,60,79,185,148,167,61,41,36,46,131,59,133,96,157,138,178,164,173,66,126,198,159,140,118,109,29,154,156,106,19,108,146,43,128,86,152,111,83,181,82,192,139,33,13,172,195,40,37,15,35,88,145,189,194,31,171,116,57,0,113,196,89,5,141,119,74,183,63,51,72,147,65,102,115,14,45,55,155,184,161,80,114,177,169,191,11,104,180,163,170,95,137,90,125,149,32,68,97,100,7,175,179,27,150,136,144,70,168,17,103,105,142,190,188,186,176,42,47,132,166,123,44];False
2402;8290;10692;[4,67,193,48,10,1,91,129,8,84,122,73,174,135,21,99,16,77,112,71,56,18,62,120,24,197,26,9,143,20,3,2,121,160,92,49,130,22,38,34,124,94,75,12,165,153,187,127,39,61,87,76,50,53,93,23,30,134,58,86,69,64,101,151,54,158,199,6,117,98,25,110,81,52,182,28,162,78,60,79,185,148,167,107,41,36,46,131,59,133,96,157,138,178,164,173,66,126,198,159,140,118,109,29,154,156,106,19,108,146,43,128,85,152,111,83,181,82,192,139,33,13,172,195,40,37,15,35,88,145,189,194,31,171,116,57,0,113,196,89,5,141,119,74,183,63,51,72,147,65,102,115,14,45,55,155,184,161,80,114,177,169,191,11,104,180,163,170,95,137,90,125,149,32,68,97,100,7,175,179,27,150,136,144,70,168,17,103,105,142,190,188,186,176,42,47,132,166,123,44];False
2452;8240;10692;[4,67,193,48,10,1,91,129,8,84,122,73,174,135,21,99,16,77,112,71,56,18,62,120,24,197,26,9,143,20,3,2,121,160,92,49,130,22,38,34,124,94,75,12,165,153,187,127,39,107,87,76,50,53,93,23,30,134,58,86,69,64,101,151,54,158,199,6,117,98,25,110,81,52,182,28,162,78,60,79,185,148,167,61,41,36,46,131,59,133,96,157,138,178,164,173,66,126,198,159,140,118,109,29,154,156,106,19,108,146,43,128,85,152,111,83,181,82,192,139,33,13,172,195,40,37,15,35,88,145,176,194,31,171,116,57,0,113,196,89,5,141,119,74,183,63,51,72,147,65,102,115,14,45,55,155,184,161,80,114,177,169,191,11,104,180,163,170,95,137,90,125,149,32,68,97,100,7,175,179,27,150,136,144,70,168,17,103,105,142,190,188,186,189,42,47,132,166,123,44];False
2413;8279;10692;[4,67,193,48,10,1,91,129,8,84,122,73,174,135,21,99,16,77,112,71,56,18,62,120,24,197,26,9,143,20,3,2,49,160,92,121,130,22,38,34,124,94,75,12,165,153,187,127,39,107,87,76,50,53,93,23,30,134,58,86,69,64,101,151,54,158,199,6,117,98,25,110,81,52,182,28,162,78,60,79,185,148,167,61,41,36,46,131,59,133,96,157,138,178,164,173,66,126,198,159,140,118,109,29,154,156,106,19,108,146,43,128,85,152,111,83,181,82,192,139,33,13,172,195,40,37,15,35,88,145,189,194,31,171,116,57,0,113,196,89,5,141,119,74,183,63,51,72,147,65,102,115,14,45,55,155,184,161,80,114,177,169,191,11,104,180,163,170,95,137,90,125,149,32,68,97,100,7,175,179,27,150,136,144,70,168,17,103,105,142,190,188,186,176,42,47,132,166,123,44];False
2384;8308;10692;[4,67,193,48,10,1,91,129,8,84,122,73,174,135,21,99,16,77,112,71,56,18,62,120,24,197,26,9,143,20,3,2,121,160,92,49,130,22,38,34,124,94,75,17,165,153,187,127,39,107,87,76,50,53,93,23,30,134,58,86,69,64,101,151,54,158,199,6,117,98,25,110,81,52,182,28,162,78,60,79,185,148,167,61,41,36,46,131,59,133,96,157,138,178,164,173,66,126,198,159,140,118,109,29,154,156,106,19,108,146,43,128,85,152,111,83,181,82,192,139,33,13,172,195,40,37,15,35,88,145,189,194,31,171,116,57,0,113,196,89,5,141,119,74,183,63,51,72,147,65,102,115,14,45,55,155,184,161,80,114,177,169,191,11,104,180,163,170,95,137,90,125,149,32,68,97,100,7,175,179,27,150,136,144,70,168,12,103,105,142,190,188,186,176,42,47,132,166,123,44];False
2409;8283;10692;[4,67,193,48,10,1,91,129,8,84,122,73,174,135,21,99,16,77,112,71,56,18,62,120,24,197,26,9,143,20,3,2,121,160,92,49,130,22,38,34,124,94,75,12,165,153,187,127,39,107,87,76,50,53,93,23,30,134,58,86,69,64,101,151,54,158,199,6,117,98,25,110,81,52,182,28,162,78,60,79,185,148,167,61,41,36,46,131,59,133,96,157,138,178,164,173,66,126,198,159,140,118,109,29,154,156,106,19,108,146,43,128,85,152,111,83,181,82,192,139,33,13,172,195,40,37,15,35,88,145,189,194,31,171,116,57,0,113,196,89,5,141,119,74,183,63,51,72,147,65,102,115,14,45,55,155,184,161,80,114,177,169,191,11,104,180,163,170,95,137,90,125,149,32,68,97,100,7,175,179,27,150,136,144,70,168,17,103,105,142,190,188,47,176,42,186,132,166,123,44];False
2383;8309;10692;[4,67,193,48,10,1,91,129,8,84,122,73,174,135,21,99,16,77,112,71,56,18,62,120,24,197,26,9,143,20,3,2,121,160,92,49,130,22,38,34,124,94,75,12,165,153,187,127,39,107,87,76,50,53,93,23,30,134,58,86,69,64,101,151,54,158,199,6,117,98,25,110,81,52,182,28,162,78,60,79,185,148,167,61,41,36,46,131,59,133,96,157,138,178,164,47,66,126,198,159,140,118,109,29,154,156,106,19,108,146,43,128,85,152,111,83,181,82,192,139,33,13,172,195,40,37,15,35,88,145,189,194,31,171,116,57,0,113,196,89,5,141,119,74,183,63,51,72,147,65,102,115,14,45,55,155,184,161,80,114,177,169,191,11,104,180,163,170,95,137,90,125,149,32,68,97,100,7,175,179,27,150,136,144,70,168,17,103,105,142,190,188,186,176,42,173,132,166,123,44];False
2403;8289;10692;[4,67,193,48,10,1,91,129,8,84,122,73,174,135,21,99,16,77,112,71,56,18,62,120,24,197,26,9,143,20,3,2,121,160,92,49,130,22,38,34,124,94,75,12,165,153,187,127,39,107,87,76,50,53,93,23,30,134,58,86,69,64,101,151,54,158,199,6,117,98,25,110,81,52,182,28,162,78,60,79,185,148,167,61,41,36,46,131,59,133,96,157,138,178,164,173,66,126,198,159,140,118,109,29,154,156,106,19,108,146,43,128,85,152,111,83,181,82,192,139,33,13,172,195,40,37,15,35,88,145,189,194,31,171,116,57,0,113,136,89,5,141,119,74,183,63,51,72,147,65,102,115,14,45,55,155,184,161,80,114,177,169,191,11,104,180,163,170,95,137,90,125,149,32,68,97,100,7,175,179,27,150,196,144,70,168,17,103,105,142,190,188,186,176,42,47,132,166,123,44];False
2444;8248;10692;[4,67,193,48,10,1,91,129,8,84,122,73,174,135,21,99,16,77,112,71,56,18,62,120,24,197,26,9,143,20,3,2,121,160,92,49,130,22,38,34,124,94,75,12,165,153,187,127,39,107,87,76,50,53,93,23,30,134,58,86,69,64,101,151,54,158,199,6,117,98,25,110,81,52,182,28,162,78,60,79,185,148,167,61,41,36,46,131,59,133,96,157,138,178,126,173,66,164,198,159,140,118,109,29,154,156,106,19,108,146,43,128,85,152,111,83,181,82,192,139,33,13,172,195,40,37,15,35,88,145,189,194,31,171,116,57,0,113,196,89,5,141,119,74,183,63,51,72,147,65,102,115,14,45,55,155,184,161,80,114,177,169,191,11,104,180,163,170,95,137,90,125,149,32,68,97,100,7,175,179,27,150,136,144,70,168,17,103,105,142,190,188,186,176,42,47,132,166,123,44];False
2404;8287;10691;[4,67,193,48,10,1,91,129,8,84,122,73,174,135,21,99,16,77,112,71,56,18,62,120,24,197,26,9,143,20,3,2,121,160,92,49,130,22,38,34,124,94,75,12,165,153,187,127,39,107,87,76,50,53,93,23,30,134,58,86,69,64,101,151,54,158,199,6,117,98,25,110,81,52,182,28,159,78,60,79,185,148,167,61,41,36,46,131,59,133,96,157,138,178,164,173,66,126,198,162,140,118,109,29,154,156,106,19,108,146,43,128,85,152,111,83,181,82,192,139,33,13,172,195,40,37,15,35,88,145,189,194,31,171,116,57,0,113,196,89,5,141,119,74,183,63,51,72,147,65,102,115,14,45,55,155,184,161,80,114,177,169,191,11,104,180,163,170,95,137,90,125,149,32,68,97,100,7,175,179,27,150,136,144,70,168,17,103,105,142,190,188,186,176,42,47,132,166,123,44];False
2374;8317;10691;[4,67,193,48,10,1,91,129,8,84,122,73,174,135,21,99,16,77,112,71,56,18,62,120,24,197,26,9,143,20,3,2,121,160,92,49,130,22,38,34,124,94,75,12,165,153,187,127,39,107,87,76,50,53,93,23,30,134,58,86,69,64,101,151,54,158,45,6,117,98,25,110,81,52,182,28,162,78,60,79,185,148,167,61,41,36,46,131,59,133,96,157,138,178,164,173,66,126,198,159,140,118,109,29,154,156,106,19,108,146,43,128,85,152,111,83,181,82,192,139,33,13,172,195,40,37,15,35,88,145,189,194,31,171,116,57,0,113,196,89,5,141,119,74,183,63,51,72,147,65,102,115,14,199,55,155,184,161,80,114,177,169,191,11,104,180,163,170,95,137,90,125,149,32,68,97,100,7,175,179,27,150,136,144,70,168,17,103,105,142,190,188,186,176,42,47,132,166,123,44];False
2381;8310;10691;[4,67,193,48,10,1,91,129,8,84,122,73,174,135,21,99,16,77,112,71,56,18,62,120,24,197,26,9,143,20,3,2,121,160,92,49,130,22,38,34,124,94,75,12,165,153,187,127,107,39,87,76,50,53,93,23,30,134,58,86,69,64,101,151,54,158,199,6,117,98,25,110,81,52,182,28,162,78,60,79,185,148,167,61,41,36,46,131,59,133,96,157,138,178,164,173,66,126,198,159,140,118,109,29,154,156,106,19,108,146,43,128,85,152,111,83,181,82,192,139,33,13,172,195,40,37,15,35,88,145,189,194,31,171,116,57,0,113,196,89,5,141,119,74,183,63,51,72,147,65,102,115,14,45,55,155,184,161,80,114,177,169,191,11,104,180,163,170,95,137,90,125,149,32,68,97,100,7,175,179,27,150,136,144,70,168,17,103,105,142,190,188,186,176,42,47,132,166,123,44];False
2464;8227;10691;[4,67,193,48,10,1,91,129,8,84,122,73,174,135,21,99,16,77,112,71,56,18,62,120,24,197,26,9,143,20,3,2,121,160,92,49,130,22,38,34,124,94,75,12,165,153,187,127,39,107,87,76,50,53,93,23,30,134,58,86,69,64,101,151,54,158,199,6,117,98,25,110,81,52,182,28,162,78,60,79,185,148,167,61,41,36,46,131,59,133,96,157,138,178,164,173,66,126,198,159,140,118,109,29,154,156,106,19,108,146,43,128,85,152,111,83,181,82,192,139,33,13,172,195,40,37,15,35,88,145,115,194,31,171,116,57,0,113,196,89,5,141,119,74,183,63,51,72,147,65,102,189,14,45,55,155,184,161,80,114,177,169,191,11,104,180,163,170,95,137,90,125,149,32,68,97,100,7,175,179,27,150,136,144,70,168,17,103,105,142,190,188,186,176,42,47,132,166,123,44];False
2406;8285;10691;[159,67,193,48,10,1,91,129,8,84,122,73,174,135,21,99,16,77,112,71,56,18,62,120,24,197,26,9,143,20,3,2,121,160,92,49,130,22,38,34,124,94,75,12,165,153,187,127,39,107,87,76,50,53,93,23,30,134,58,86,69,64,101,151,54,158,199,6,117,98,25,110,81,52,182,28,162,78,60,79,185,148,167,61,41,36,46,131,59,133,96,157,138,178,164,173,66,126,198,4,140,118,109,29,154,156,106,19,108,146,43,128,85,152,111,83,181,82,192,139,33,13,172,195,40,37,15,35,88,145,189,194,31,171,116,57,0,113,196,89,5,141,119,74,183,63,51,72,147,65,102,115,14,45,55,155,184,161,80,114,177,169,191,11,104,180,163,170,95,137,90,125,149,32,68,97,100,7,175,179,27,150,136,144,70,168,17,103,105,142,190,188,186,176,42,47,132,166,123,44];False
2412;8279;10691;[4,67,193,48,10,1,91,129,8,84,122,73,174,135,21,99,16,77,112,71,56,18,62,120,24,197,26,9,143,20,3,2,121,160,92,49,130,22,38,34,124,94,75,12,165,153,187,127,39,107,87,76,50,53,93,23,30,134,58,86,69,64,101,151,54,158,199,6,117,98,25,110,81,52,182,28,162,78,60,79,185,148,167,61,41,36,46,131,59,133,96,157,138,178,164,173,66,126,198,68,140,118,109,29,154,156,106,19,108,146,43,128,85,152,111,83,181,82,192,139,33,13,172,195,40,37,15,35,88,145,189,194,31,171,116,57,0,113,196,89,5,141,119,74,183,63,51,72,147,65,102,115,14,45,55,155,184,161,80,114,177,169,191,11,104,180,163,170,95,137,90,125,149,32,159,97,100,7,175,179,27,150,136,144,70,168,17,103,105,142,190,188,186,176,42,47,132,166,123,44];False
2414;8277;10691;[4,67,193,48,10,1,91,129,8,84,122,73,174,135,21,99,16,77,112,71,56,18,62,120,24,197,26,9,143,20,3,2,121,160,92,49,130,22,38,34,124,94,75,12,165,153,187,127,39,107,87,76,109,53,93,23,30,134,58,86,69,64,101,151,54,158,199,6,117,98,25,110,81,52,182,28,162,78,60,79,185,148,167,61,41,36,46,131,59,133,96,157,138,178,164,173,66,126,198,159,140,118,50,29,154,156,106,19,108,146,43,128,85,152,111,83,181,82,192,139,33,13,172,195,40,37,15,35,88,145,189,194,31,171,116,57,0,113,196,89,5,141,119,74,183,63,51,72,147,65,102,115,14,45,55,155,184,161,80,114,177,169,191,11,104,180,163,170,95,137,90,125,149,32,68,97,100,7,175,179,27,150,136,144,70,168,17,103,105,142,190,188,186,176,42,47,132,166,123,44];False
2378;8313;10691;[4,67,193,48,10,1,91,129,8,84,122,73,174,135,21,99,16,77,112,71,56,18,62,120,24,197,26,9,143,20,3,2,121,160,92,49,146,22,38,34,124,94,75,12,165,153,187,127,39,107,87,76,50,53,93,23,30,134,58,86,69,64,101,151,54,158,199,6,117,98,25,110,81,52,182,28,162,78,60,79,185,148,167,61,41,36,46,131,59,133,96,157,138,178,164,173,66,126,198,159,140,118,109,29,154,156,106,19,108,130,43,128,85,152,111,83,181,82,192,139,33,13,172,195,40,37,15,35,88,145,189,194,31,171,116,57,0,113,196,89,5,141,119,74,183,63,51,72,147,65,102,115,14,45,55,155,184,161,80,114,177,169,191,11,104,180,163,170,95,137,90,125,149,32,68,97,100,7,175,179,27,150,136,144,70,168,17,103,105,142,190,188,186,176,42,47,132,166,123,44];False
2405;8286;10691;[4,67,193,48,10,1,91,129,8,84,122,73,174,135,21,99,16,77,112,71,56,18,62,120,24,197,26,9,143,20,33,2,121,160,92,49,130,22,38,34,124,94,75,12,165,153,187,127,39,107,87,76,50,53,93,23,30,134,58,86,69,64,101,151,54,158,199,6,117,98,25,110,81,52,182,28,162,78,60,79,185,148,167,61,41,36,46,131,59,133,96,157,138,178,164,173,66,126,198,159,140,118,109,29,154,156,106,19,108,146,43,128,85,152,111,83,181,82,192,139,3,13,172,195,40,37,15,35,88,145,189,194,31,171,116,57,0,113,196,89,5,141,119,74,183,63,51,72,147,65,102,115,14,45,55,155,184,161,80,114,177,169,191,11,104,180,163,170,95,137,90,125,149,32,68,97,100,7,175,179,27,150,136,144,70,168,17,103,105,142,190,188,186,176,42,47,132,166,123,44];False
2387;8304;10691;[4,67,193,48,10,1,91,129,8,84,122,73,174,135,21,99,16,77,112,71,56,18,62,120,24,197,26,9,143,20,3,2,121,160,92,49,130,22,38,34,124,94,75,12,165,153,187,127,39,107,87,76,50,53,93,23,30,134,58,86,69,64,101,151,54,158,198,6,117,98,25,110,81,52,182,28,162,78,60,79,185,148,167,61,41,36,46,131,59,133,96,157,138,178,164,173,66,126,199,159,140,118,109,29,154,156,106,19,108,146,43,128,85,152,111,83,181,82,192,139,33,13,172,195,40,37,15,35,88,145,189,194,31,171,116,57,0,113,196,89,5,141,119,74,183,63,51,72,147,65,102,115,14,45,55,155,184,161,80,114,177,169,191,11,104,180,163,170,95,137,90,125,149,32,68,97,100,7,175,179,27,150,136,144,70,168,17,103,105,142,190,188,186,176,42,47,132,166,123,44];False
2437;8254;10691;[4,67,193,48,10,1,91,129,8,84,122,73,174,135,21,99,16,77,112,71,56,18,62,120,24,197,90,9,143,20,3,2,121,160,92,49,130,22,38,34,124,94,75,12,165,153,187,127,39,107,87,76,50,53,93,23,30,134,58,86,69,64,101,151,54,158,199,6,117,98,25,110,81,52,182,28,162,78,60,79,185,148,167,61,41,36,46,131,59,133,96,157,138,178,164,173,66,126,198,159,140,118,109,29,154,156,106,19,108,146,43,128,85,152,111,83,181,82,192,139,33,13,172,195,40,37,15,35,88,145,189,194,31,171,116,57,0,113,196,89,5,141,119,74,183,63,51,72,147,65,102,115,14,45,55,155,184,161,80,114,177,169,191,11,104,180,163,170,95,137,26,125,149,32,68,97,100,7,175,179,27,150,136,144,70,168,17,103,105,142,190,188,186,176,42,47,132,166,123,44];False
2414;8277;10691;[4,67,193,48,10,1,91,129,8,84,122,73,174,135,21,99,16,77,112,71,56,18,62,120,24,197,26,9,143,20,3,2,121,160,92,49,130,22,38,34,124,94,75,12,165,153,187,127,39,107,87,76,50,53,93,23,30,134,58,86,69,64,101,151,54,158,199,6,117,98,25,110,81,52,182,28,162,78,60,79,185,148,167,61,41,36,46,131,59,191,96,157,138,178,164,173,66,126,198,159,140,118,109,29,154,156,106,19,108,146,43,128,85,152,111,83,181,82,192,139,33,13,172,195,40,37,15,35,88,145,189,194,31,171,116,57,0,113,196,89,5,141,119,74,183,63,51,72,147,65,102,115,14,45,55,155,184,161,80,114,177,169,133,11,104,180,163,170,95,137,90,125,149,32,68,97,100,7,175,179,27,150,136,144,70,168,17,103,105,142,190,188,186,176,42,47,132,166,123,44];False
2401;8290;10691;[4,67,193,48,10,1,91,129,8,84,122,73,174,135,21,99,16,77,112,71,56,18,62,120,24,197,26,9,143,20,3,2,121,160,92,49,130,22,38,34,124,94,75,12,165,153,187,127,39,107,87,76,50,53,93,23,30,134,58,86,69,64,101,151,54,158,199,6,117,98,25,110,81,52,182,28,162,78,60,79,185,148,167,61,41,36,46,131,59,133,96,157,138,178,164,173,66,126,198,159,140,118,109,29,154,156,106,45,108,146,43,128,85,152,111,83,181,82,192,139,33,13,172,195,40,37,15,35,88,145,189,194,31,171,116,57,0,113,196,89,5,141,119,74,183,63,51,72,147,65,102,115,14,19,55,155,184,161,80,114,177,169,191,11,104,180,163,170,95,137,90,125,149,32,68,97,100,7,175,179,27,150,136,144,70,168,17,103,105,142,190,188,186,176,42,47,132,166,123,44];False
2437;8254;10691;[4,67,193,48,10,1,91,129,8,84,122,73,174,135,21,99,16,77,112,71,56,18,62,120,24,197,26,9,143,20,3,2,121,160,92,49,130,22,38,34,124,94,75,12,165,153,187,127,39,107,87,76,50,53,93,23,30,134,58,86,69,64,101,151,54,158,199,6,117,98,25,110,81,52,182,28,162,78,60,79,185,148,167,61,41,36,46,131,59,133,96,157,138,178,164,173,66,126,198,159,140,118,109,29,154,156,106,19,108,146,43,128,85,152,111,83,181,82,192,139,33,13,172,195,40,37,15,35,88,145,189,194,31,171,116,57,0,113,196,89,5,141,119,74,183,63,51,72,147,65,102,115,14,45,44,155,184,161,80,114,177,169,191,11,104,180,163,170,95,137,90,125,149,32,68,97,100,7,175,179,27,150,136,144,70,168,17,103,105,142,190,188,186,176,42,47,132,166,123,55];False
2370;8321;10691;[4,67,193,48,10,1,91,129,8,84,122,73,174,135,21,99,16,77,112,71,56,18,62,120,24,197,26,9,143,20,3,2,121,160,92,49,130,22,38,34,124,94,75,12,165,153,187,127,39,107,87,76,50,53,93,23,30,134,58,86,69,64,101,151,54,158,199,6,117,98,25,110,81,52,182,185,162,78,60,79,28,148,167,61,41,36,46,131,59,133,96,157,138,178,164,173,66,126,198,159,140,118,109,29,154,156,106,19,108,146,43,128,85,152,111,83,181,82,192,139,33,13,172,195,40,37,15,35,88,145,189,194,31,171,116,57,0,113,196,89,5,141,119,74,183,63,51,72,147,65,102,115,14,45,55,155,184,161,80,114,177,169,191,11,104,180,163,170,95,137,90,125,149,32,68,97,100,7,175,179,27,150,136,144,70,168,17,103,105,142,190,188,186,176,42,47,132,166,123,44];False
2409;8282;10691;[4,67,193,48,10,1,91,129,8,84,122,73,174,135,21,99,16,77,112,71,56,18,62,120,24,197,26,9,143,20,3,2,121,160,92,49,46,22,38,34,124,94,75,12,165,153,187,127,39,107,87,76,50,53,93,23,30,134,58,86,69,64,101,151,54,158,199,6,117,98,25,110,81,52,182,28,162,78,60,79,185,148,167,61,41,36,130,131,59,133,96,157,138,178,164,173,66,126,198,159,140,118,109,29,154,156,106,19,108,146,43,128,85,152,111,83,181,82,192,139,33,13,172,195,40,37,15,35,88,145,189,194,31,171,116,57,0,113,196,89,5,141,119,74,183,63,51,72,147,65,102,115,14,45,55,155,184,161,80,114,177,169,191,11,104,180,163,170,95,137,90,125,149,32,68,97,100,7,175,179,27,150,136,144,70,168,17,103,105,142,190,188,186,176,42,47,132,166,123,44];False
2453;8238;10691;[4,67,193,48,10,1,91,129,8,84,122,73,174,135,21,99,16,77,112,71,56,18,62,120,24,197,26,9,143,20,3,2,121,160,92,49,130,22,38,34,124,94,75,12,165,153,187,127,39,107,87,76,50,53,93,23,30,134,58,86,69,64,101,151,54,158,199,6,117,98,25,110,81,52,182,28,162,78,60,79,185,148,167,61,41,36,46,131,59,133,96,157,138,178,164,173,66,126,198,159,140,118,109,29,154,156,106,19,108,146,43,128,85,152,111,83,181,82,192,139,33,13,172,195,40,37,15,35,88,145,189,194,188,171,116,57,0,113,196,89,5,141,119,74,183,63,51,72,147,65,102,115,14,45,55,155,184,161,80,114,177,169,191,11,104,180,163,170,95,137,90,125,149,32,68,97,100,7,175,179,27,150,136,144,70,168,17,103,105,142,190,31,186,176,42,47,132,166,123,44];False
2438;8253;10691;[4,67,193,48,10,1,91,129,8,84,122,73,174,135,21,99,16,77,112,71,56,18,62,120,24,197,32,9,143,20,3,2,121,160,92,49,130,22,38,34,124,94,75,12,165,153,187,127,39,107,87,76,50,53,93,23,30,134,58,86,69,64,101,151,54,158,199,6,117,98,25,110,81,52,182,28,162,78,60,79,185,148,167,61,41,36,46,131,59,133,96,157,138,178,164,173,66,126,198,159,140,118,109,29,154,156,106,19,108,146,43,128,85,152,111,83,181,82,192,139,33,13,172,195,40,37,15,35,88,145,189,194,31,171,116,57,0,113,196,89,5,141,119,74,183,63,51,72,147,65,102,115,14,45,55,155,184,161,80,114,177,169,191,11,104,180,163,170,95,137,90,125,149,26,68,97,100,7,175,179,27,150,136,144,70,168,17,103,105,142,190,188,186,176,42,47,132,166,123,44];False
2411;8280;10691;[4,67,193,48,10,1,91,129,8,84,122,73,174,135,21,99,16,77,112,71,56,18,62,120,24,197,26,9,143,20,3,2,121,160,92,49,130,22,38,34,124,94,75,12,165,153,187,127,39,107,87,76,50,53,93,23,30,134,58,86,69,64,101,151,54,158,199,6,117,98,25,110,81,52,182,28,162,78,60,79,185,148,167,61,41,36,46,131,59,133,96,157,138,178,164,173,66,126,198,159,140,118,109,29,154,156,106,19,108,146,43,128,85,152,111,83,181,82,192,139,33,13,172,195,40,37,15,35,88,145,189,194,31,171,116,57,0,113,196,89,5,141,119,74,183,63,51,72,147,65,102,115,14,45,55,155,184,161,80,114,177,169,191,11,104,180,163,170,95,137,90,125,149,32,68,97,100,7,175,179,27,166,136,144,70,168,17,103,105,142,190,188,186,176,42,47,132,150,123,44];False
2415;8276;10691;[4,67,193,48,10,1,91,129,8,84,122,73,174,135,21,99,16,77,112,71,56,18,62,120,24,197,26,9,143,20,3,2,121,160,92,49,130,22,38,34,124,94,75,12,165,153,187,127,39,107,87,76,50,53,93,23,30,134,58,86,69,64,101,151,54,158,199,6,117,98,25,110,81,52,182,28,162,78,60,79,185,148,167,61,41,36,46,131,59,133,96,157,138,178,164,173,66,126,198,159,140,118,109,29,154,156,106,19,108,146,43,128,85,152,111,83,181,82,192,139,33,13,172,195,70,37,15,35,88,145,189,194,31,171,116,57,0,113,196,89,5,141,119,74,183,63,51,72,147,65,102,115,14,45,55,155,184,161,80,114,177,169,191,11,104,180,163,170,95,137,90,125,149,32,68,97,100,7,175,179,27,150,136,144,40,168,17,103,105,142,190,188,186,176,42,47,132,166,123,44];False
2424;8267;10691;[4,67,193,48,10,1,91,129,8,84,122,73,174,135,21,99,16,77,112,71,56,18,62,120,24,197,26,9,143,20,3,2,121,160,92,49,130,22,38,34,124,94,75,12,165,153,187,127,39,107,87,76,50,53,93,23,30,134,58,86,69,64,101,151,54,158,199,6,117,98,25,110,81,52,182,28,162,78,60,79,185,148,167,61,41,36,46,131,59,133,96,157,138,178,164,173,66,126,198,159,140,118,109,29,154,156,106,19,108,146,43,128,85,152,111,83,181,82,192,139,33,13,172,195,40,37,15,35,88,145,189,89,31,171,116,57,0,113,196,194,5,141,119,74,183,63,51,72,147,65,102,115,14,45,55,155,184,161,80,114,177,169,191,11,104,180,163,170,95,137,90,125,149,32,68,97,100,7,175,179,27,150,136,144,70,168,17,103,105,142,190,188,186,176,42,47,132,166,123,44];False
2378;8312;10690;[4,67,193,48,10,1,91,129,8,84,122,73,174,135,21,99,16,77,112,71,56,18,62,120,24,198,26,9,143,20,3,2,121,160,92,49,130,22,38,34,124,94,75,12,165,153,187,127,39,107,87,76,50,53,93,23,30,134,58,86,69,64,101,151,54,158,199,6,117,98,25,110,81,52,182,28,162,78,60,79,185,148,167,61,41,36,46,131,59,133,96,157,138,178,164,173,66,126,197,159,140,118,109,29,154,156,106,19,108,146,43,128,85,152,111,83,181,82,192,139,33,13,172,195,40,37,15,35,88,145,189,194,31,171,116,57,0,113,196,89,5,141,119,74,183,63,51,72,147,65,102,115,14,45,55,155,184,161,80,114,177,169,191,11,104,180,163,170,95,137,90,125,149,32,68,97,100,7,175,179,27,150,136,144,70,168,17,103,105,142,190,188,186,176,42,47,132,166,123,44];False
2362;8328;10690;[4,67,193,48,10,1,91,129,8,84,122,73,174,135,21,99,16,77,112,71,56,18,62,120,24,197,26,9,143,20,3,2,121,160,92,49,130,22,38,34,124,94,75,12,165,153,187,127,39,107,87,76,50,53,93,23,30,134,58,86,69,64,101,151,54,158,199,6,117,98,25,110,81,52,182,28,162,78,66,79,185,148,167,61,41,36,46,131,59,133,96,157,138,178,164,173,60,126,198,159,140,118,109,29,154,156,106,19,108,146,43,128,85,152,111,83,181,82,192,139,33,13,172,195,40,37,15,35,88,145,189,194,31,171,116,57,0,113,196,89,5,141,119,74,183,63,51,72,147,65,102,115,14,45,55,155,184,161,80,114,177,169,191,11,104,180,163,170,95,137,90,125,149,32,68,97,100,7,175,179,27,150,136,144,70,168,17,103,105,142,190,188,186,176,42,47,132,166,123,44];False
2434;8256;10690;[4,67,193,48,10,152,91,129,8,84,122,73,174,135,21,99,16,77,112,71,56,18,62,120,24,197,26,9,143,20,3,2,121,160,92,49,130,22,38,34,124,94,75,12,165,153,187,127,39,107,87,76,50,53,93,23,30,134,58,86,69,64,101,151,54,158,199,6,117,98,25,110,81,52,182,28,162,78,60,79,185,148,167,61,41,36,46,131,59,133,96,157,138,178,164,173,66,126,198,159,140,118,109,29,154,156,106,19,108,146,43,128,85,1,111,83,181,82,192,139,33,13,172,195,40,37,15,35,88,145,189,194,31,171,116,57,0,113,196,89,5,141,119,74,183,63,51,72,147,65,102,115,14,45,55,155,184,161,80,114,177,169,191,11,104,180,163,170,95,137,90,125,149,32,68,97,100,7,175,179,27,150,136,144,70,168,17,103,105,142,190,188,186,176,42,47,132,166,123,44];False
2372;8318;10690;[4,67,193,48,10,1,91,129,8,84,122,73,174,135,21,99,16,77,112,71,56,18,62,120,24,197,26,9,143,20,3,2,121,160,92,49,130,22,38,34,124,94,75,12,165,153,187,127,39,107,87,76,50,53,93,23,30,134,58,86,69,118,101,151,54,158,199,6,117,98,25,110,81,52,182,28,162,78,60,79,185,148,167,61,41,36,46,131,59,133,96,157,138,178,164,173,66,126,198,159,140,64,109,29,154,156,106,19,108,146,43,128,85,152,111,83,181,82,192,139,33,13,172,195,40,37,15,35,88,145,189,194,31,171,116,57,0,113,196,89,5,141,119,74,183,63,51,72,147,65,102,115,14,45,55,155,184,161,80,114,177,169,191,11,104,180,163,170,95,137,90,125,149,32,68,97,100,7,175,179,27,150,136,144,70,168,17,103,105,142,190,188,186,176,42,47,132,166,123,44];False
2410;8280;10690;[4,67,193,48,10,1,91,129,8,84,122,73,174,135,21,99,16,77,112,71,56,18,62,120,176,197,26,9,143,20,3,2,121,160,92,49,130,22,38,34,124,94,75,12,165,153,187,127,39,107,87,76,50,53,93,23,30,134,58,86,69,64,101,151,54,158,199,6,117,98,25,110,81,52,182,28,162,78,60,79,185,148,167,61,41,36,46,131,59,133,96,157,138,178,164,173,66,126,198,159,140,118,109,29,154,156,106,19,108,146,43,128,85,152,111,83,181,82,192,139,33,13,172,195,40,37,15,35,88,145,189,194,31,171,116,57,0,113,196,89,5,141,119,74,183,63,51,72,147,65,102,115,14,45,55,155,184,161,80,114,177,169,191,11,104,180,163,170,95,137,90,125,149,32,68,97,100,7,175,179,27,150,136,144,70,168,17,103,105,142,190,188,186,24,42,47,132,166,123,44];False
2418;8272;10690;[4,67,193,139,10,1,91,129,8,84,122,73,174,135,21,99,16,77,112,71,56,18,62,120,24,197,26,9,143,20,3,2,121,160,92,49,130,22,38,34,124,94,75,12,165,153,187,127,39,107,87,76,50,53,93,23,30,134,58,86,69,64,101,151,54,158,199,6,117,98,25,110,81,52,182,28,162,78,60,79,185,148,167,61,41,36,46,131,59,133,96,157,138,178,164,173,66,126,198,159,140,118,109,29,154,156,106,19,108,146,43,128,85,152,111,83,181,82,192,48,33,13,172,195,40,37,15,35,88,145,189,194,31,171,116,57,0,113,196,89,5,141,119,74,183,63,51,72,147,65,102,115,14,45,55,155,184,161,80,114,177,169,191,11,104,180,163,170,95,137,90,125,149,32,68,97,100,7,175,179,27,150,136,144,70,168,17,103,105,142,190,188,186,176,42,47,132,166,123,44];False
2394;8296;10690;[4,67,193,48,10,1,91,129,8,84,122,73,174,135,21,99,16,77,112,71,56,18,62,120,24,197,26,9,143,20,3,2,121,160,92,49,130,22,38,34,124,94,75,12,165,153,187,127,39,107,87,76,50,53,93,23,30,134,58,86,69,64,101,151,54,158,199,6,117,98,25,110,81,52,182,28,162,78,60,79,185,148,167,61,41,36,46,19,59,133,96,157,138,178,164,173,66,126,198,159,140,118,109,29,154,156,106,131,108,146,43,128,85,152,111,83,181,82,192,139,33,13,172,195,40,37,15,35,88,145,189,194,31,171,116,57,0,113,196,89,5,141,119,74,183,63,51,72,147,65,102,115,14,45,55,155,184,161,80,114,177,169,191,11,104,180,163,170,95,137,90,125,149,32,68,97,100,7,175,179,27,150,136,144,70,168,17,103,105,142,190,188,186,176,42,47,132,166,123,44];False
2439;8251;10690;[4,67,193,48,10,1,91,129,8,84,98,73,174,135,21,99,16,77,112,71,56,18,62,120,24,197,26,9,143,20,3,2,121,160,92,49,130,22,38,34,124,94,75,12,165,153,187,127,39,107,87,76,50,53,93,23,30,134,58,86,69,64,101,151,54,158,199,6,117,122,25,110,81,52,182,28,162,78,60,79,185,148,167,61,41,36,46,131,59,133,96,157,138,178,164,173,66,126,198,159,140,118,109,29,154,156,106,19,108,146,43,128,85,152,111,83,181,82,192,139,33,13,172,195,40,37,15,35,88,145,189,194,31,171,116,57,0,113,196,89,5,141,119,74,183,63,51,72,147,65,102,115,14,45,55,155,184,161,80,114,177,169,191,11,104,180,163,170,95,137,90,125,149,32,68,97,100,7,175,179,27,150,136,144,70,168,17,103,105,142,190,188,186,176,42,47,132,166,123,44];False
2407;8283;10690;[4,67,193,48,10,1,91,129,8,84,122,73,174,135,21,99,16,77,112,71,56,18,62,120,24,197,26,9,143,20,3,2,121,160,92,49,130,22,38,34,124,94,75,12,165,153,187,127,39,107,87,76,50,53,93,23,30,134,58,86,69,64,101,151,54,158,199,6,117,98,25,110,81,52,182,28,162,78,60,79,185,148,167,61,41,36,46,131,59,133,96,157,138,178,164,173,66,126,198,159,140,118,109,29,154,156,106,19,108,146,43,128,85,152,111,83,181,82,192,139,33,37,172,195,40,13,15,35,88,145,189,194,31,171,116,57,0,113,196,89,5,141,119,74,183,63,51,72,147,65,102,115,14,45,55,155,184,161,80,114,177,169,191,11,104,180,163,170,95,137,90,125,149,32,68,97,100,7,175,179,27,150,136,144,70,168,17,103,105,142,190,188,186,176,42,47,132,166,123,44];False
2377;8313;10690;[4,67,193,48,10,1,91,129,8,84,122,73,174,135,21,99,16,77,112,71,56,18,62,120,24,197,26,9,143,20,3,2,121,160,92,49,130,22,38,34,124,94,75,12,165,153,187,127,39,107,87,76,50,53,93,23,30,134,58,86,69,64,101,151,54,158,199,6,117,98,25,110,81,52,182,28,162,78,60,79,185,148,167,61,41,36,46,131,59,133,96,157,0,178,164,173,66,126,198,159,140,118,109,29,154,156,106,19,108,146,43,128,85,152,111,83,181,82,192,139,33,13,172,195,40,37,15,35,88,145,189,194,31,171,116,57,138,113,196,89,5,141,119,74,183,63,51,72,147,65,102,115,14,45,55,155,184,161,80,114,177,169,191,11,104,180,163,170,95,137,90,125,149,32,68,97,100,7,175,179,27,150,136,144,70,168,17,103,105,142,190,188,186,176,42,47,132,166,123,44];False
2430;8260;10690;[4,67,193,48,10,1,91,129,8,84,122,73,174,135,21,99,16,77,112,71,56,18,62,120,24,197,26,9,143,20,3,2,121,160,92,49,130,22,38,34,124,94,75,12,165,153,187,127,39,107,87,76,50,53,93,23,30,134,58,86,69,64,101,151,54,158,199,6,117,98,25,110,81,52,182,28,162,78,60,79,185,148,167,61,41,36,46,131,59,133,96,157,138,178,164,173,66,126,198,159,140,118,109,82,154,156,106,19,108,146,43,128,85,152,111,83,181,29,192,139,33,13,172,195,40,37,15,35,88,145,189,194,31,171,116,57,0,113,196,89,5,141,119,74,183,63,51,72,147,65,102,115,14,45,55,155,184,161,80,114,177,169,191,11,104,180,163,170,95,137,90,125,149,32,68,97,100,7,175,179,27,150,136,144,70,168,17,103,105,142,190,188,186,176,42,47,132,166,123,44];False
2376;8314;10690;[4,67,193,48,10,1,91,129,8,84,122,73,174,135,21,99,16,77,112,71,56,18,62,120,24,197,26,9,143,20,185,2,121,160,92,49,130,22,38,34,124,94,75,12,165,153,187,127,39,107,87,76,50,53,93,23,30,134,58,86,69,64,101,151,54,158,199,6,117,98,25,110,81,52,182,28,162,78,60,79,3,148,167,61,41,36,46,131,59,133,96,157,138,178,164,173,66,126,198,159,140,118,109,29,154,156,106,19,108,146,43,128,85,152,111,83,181,82,192,139,33,13,172,195,40,37,15,35,88,145,189,194,31,171,116,57,0,113,196,89,5,141,119,74,183,63,51,72,147,65,102,115,14,45,55,155,184,161,80,114,177,169,191,11,104,180,163,170,95,137,90,125,149,32,68,97,100,7,175,179,27,150,136,144,70,168,17,103,105,142,190,188,186,176,42,47,132,166,123,44];False
2409;8281;10690;[4,67,193,48,10,1,91,129,8,84,122,73,174,135,21,99,16,77,112,71,56,18,62,120,24,197,26,9,143,20,3,2,121,160,92,49,130,22,38,34,124,94,75,12,165,153,187,127,39,107,87,76,50,53,93,23,30,134,58,86,69,64,101,151,54,158,199,6,117,98,25,110,81,52,182,28,162,78,60,79,185,148,167,61,41,36,46,131,59,133,96,157,138,178,164,173,66,126,198,159,140,118,109,29,154,156,106,19,108,146,43,128,85,152,111,83,181,82,192,139,33,13,172,195,40,37,15,35,88,145,189,194,31,171,116,57,0,113,196,89,5,141,119,74,183,63,51,72,147,65,102,115,14,45,55,190,184,161,80,114,177,169,191,11,104,180,163,170,95,137,90,125,149,32,68,97,100,7,175,179,27,150,136,144,70,168,17,103,105,142,155,188,186,176,42,47,132,166,123,44];False
2362;8328;10690;[4,67,193,48,10,1,91,129,8,84,122,73,174,135,21,99,16,77,112,71,56,18,62,120,24,197,26,9,143,20,3,2,121,160,92,49,130,22,38,34,124,94,75,12,165,153,187,127,39,107,87,76,50,53,93,23,30,134,58,86,69,64,101,151,146,158,199,6,117,98,25,110,81,52,182,28,162,78,60,79,185,148,167,61,41,36,46,131,59,133,96,157,138,178,164,173,66,126,198,159,140,118,109,29,154,156,106,19,108,54,43,128,85,152,111,83,181,82,192,139,33,13,172,195,40,37,15,35,88,145,189,194,31,171,116,57,0,113,196,89,5,141,119,74,183,63,51,72,147,65,102,115,14,45,55,155,184,161,80,114,177,169,191,11,104,180,163,170,95,137,90,125,149,32,68,97,100,7,175,179,27,150,136,144,70,168,17,103,105,142,190,188,186,176,42,47,132,166,123,44];False
2425;8264;10689;[4,67,193,48,10,1,91,129,8,84,122,73,174,135,21,99,16,77,112,71,56,18,62,120,24,197,26,9,143,20,3,2,121,160,92,49,130,22,38,34,124,94,75,12,165,153,187,127,39,107,87,76,50,53,93,23,30,134,58,86,69,64,101,151,54,158,199,6,117,98,25,110,81,52,182,28,162,78,60,79,185,148,167,61,41,36,46,131,59,133,96,157,138,178,164,173,66,126,198,159,140,118,109,29,154,156,106,19,108,123,43,128,85,152,111,83,181,82,192,139,33,13,172,195,40,37,15,35,88,145,189,194,31,171,116,57,0,113,196,89,5,141,119,74,183,63,51,72,147,65,102,115,14,45,55,155,184,161,80,114,177,169,191,11,104,180,163,170,95,137,90,125,149,32,68,97,100,7,175,179,27,150,136,144,70,168,17,103,105,142,190,188,186,176,42,47,132,166,146,44];False
2435;8254;10689;[4,67,193,48,10,1,91,129,8,84,122,73,174,135,21,99,16,77,112,71,56,18,62,120,24,197,26,9,143,20,3,2,121,160,92,49,130,22,38,34,124,94,75,12,165,153,187,127,39,107,87,76,50,53,93,23,30,134,58,86,69,64,101,151,54,158,199,6,117,98,25,110,81,52,182,28,162,78,60,79,185,148,167,61,41,36,46,131,59,133,152,157,138,178,164,173,66,126,198,159,140,118,109,29,154,156,106,19,108,146,43,128,85,96,111,83,181,82,192,139,33,13,172,195,40,37,15,35,88,145,189,194,31,171,116,57,0,113,196,89,5,141,119,74,183,63,51,72,147,65,102,115,14,45,55,155,184,161,80,114,177,169,191,11,104,180,163,170,95,137,90,125,149,32,68,97,100,7,175,179,27,150,136,144,70,168,17,103,105,142,190,188,186,176,42,47,132,166,123,44];False
2391;8298;10689;[4,67,193,48,10,1,91,129,8,84,122,73,174,135,21,99,16,77,112,71,56,18,62,120,24,197,26,9,143,20,3,2,121,160,92,49,130,22,38,34,124,94,75,12,165,153,187,127,39,107,87,76,50,53,93,23,30,134,58,86,69,64,101,151,54,158,199,6,117,98,25,110,81,52,182,28,162,78,60,79,185,148,167,61,41,36,46,131,59,133,96,157,138,178,164,173,66,126,198,159,140,118,109,149,154,156,106,19,108,146,43,128,85,152,111,83,181,82,192,139,33,13,172,195,40,37,15,35,88,145,189,194,31,171,116,57,0,113,196,89,5,141,119,74,183,63,51,72,147,65,102,115,14,45,55,155,184,161,80,114,177,169,191,11,104,180,163,170,95,137,90,125,29,32,68,97,100,7,175,179,27,150,136,144,70,168,17,103,105,142,190,188,186,176,42,47,132,166,123,44];False
2411;8278;10689;[4,67,193,48,10,1,91,129,8,84,122,73,174,135,21,99,16,77,112,71,56,18,62,120,24,197,26,9,143,20,3,2,121,160,92,49,130,22,38,34,124,94,75,12,165,153,187,127,39,107,87,76,50,53,93,23,30,134,58,86,69,64,101,151,54,158,199,6,117,98,25,110,81,52,182,28,162,78,60,79,185,148,167,61,41,36,46,131,59,133,96,157,138,178,164,173,66,126,198,159,140,118,109,29,154,156,106,19,108,146,43,128,85,152,111,83,181,82,192,139,33,13,172,195,40,37,15,35,88,145,189,194,31,171,116,57,0,113,150,89,5,141,119,74,183,63,51,72,147,65,102,115,14,45,55,155,184,161,80,114,177,169,191,11,104,180,163,170,95,137,90,125,149,32,68,97,100,7,175,179,27,196,136,144,70,168,17,103,105,142,190,188,186,176,42,47,132,166,123,44];False
2422;8267;10689;[4,67,193,48,10,1,91,129,8,84,122,73,174,135,21,99,16,77,112,71,56,18,62,120,24,197,26,9,143,20,3,2,121,160,92,49,130,22,38,34,124,94,75,12,199,153,187,127,39,107,87,76,50,53,93,23,30,134,58,86,69,64,101,151,54,158,165,6,117,98,25,110,81,52,182,28,162,78,60,79,185,148,167,61,41,36,46,131,59,133,96,157,138,178,164,173,66,126,198,159,140,118,109,29,154,156,106,19,108,146,43,128,85,152,111,83,181,82,192,139,33,13,172,195,40,37,15,35,88,145,189,194,31,171,116,57,0,113,196,89,5,141,119,74,183,63,51,72,147,65,102,115,14,45,55,155,184,161,80,114,177,169,191,11,104,180,163,170,95,137,90,125,149,32,68,97,100,7,175,179,27,150,136,144,70,168,17,103,105,142,190,188,186,176,42,47,132,166,123,44];False
2392;8297;10689;[4,67,193,48,10,1,91,129,8,84,122,73,174,135,21,99,16,77,112,71,56,18,62,120,24,197,26,9,143,20,3,2,121,160,92,49,130,22,38,34,124,94,75,12,165,153,187,127,39,107,87,76,50,53,93,23,30,134,58,86,69,64,101,151,54,158,199,6,117,98,25,110,81,52,182,28,162,78,60,79,185,148,167,61,41,36,46,131,59,133,96,157,138,178,164,173,66,126,198,159,140,118,109,29,154,156,106,19,108,146,43,128,85,152,111,83,181,82,192,139,33,13,172,195,40,37,15,35,88,145,189,194,31,171,116,57,0,155,196,89,5,141,119,74,183,63,51,72,147,65,102,115,14,45,55,113,184,161,80,114,177,169,191,11,104,180,163,170,95,137,90,125,149,32,68,97,100,7,175,179,27,150,136,144,70,168,17,103,105,142,190,188,186,176,42,47,132,166,123,44];False
2441;8248;10689;[4,67,193,48,10,1,91,129,8,84,122,73,174,135,21,99,16,77,112,71,56,18,62,120,24,147,26,9,143,20,3,2,121,160,92,49,130,22,38,34,124,94,75,12,165,153,187,127,39,107,87,76,50,53,93,23,30,134,58,86,69,64,101,151,54,158,199,6,117,98,25,110,81,52,182,28,162,78,60,79,185,148,167,61,41,36,46,131,59,133,96,157,138,178,164,173,66,126,198,159,140,118,109,29,154,156,106,19,108,146,43,128,85,152,111,83,181,82,192,139,33,13,172,195,40,37,15,35,88,145,189,194,31,171,116,57,0,113,196,89,5,141,119,74,183,63,51,72,197,65,102,115,14,45,55,155,184,161,80,114,177,169,191,11,104,180,163,170,95,137,90,125,149,32,68,97,100,7,175,179,27,150,136,144,70,168,17,103,105,142,190,188,186,176,42,47,132,166,123,44];False
2355;8334;10689;[4,67,193,48,10,1,91,129,8,84,122,73,174,135,21,99,16,77,112,71,56,18,62,120,24,197,26,9,143,20,3,2,121,160,92,49,130,22,38,34,124,94,75,12,165,153,187,127,39,107,87,76,50,53,93,23,30,134,58,86,69,64,101,151,54,74,199,6,117,98,25,110,81,52,182,28,162,78,60,79,185,148,167,61,41,36,46,131,59,133,96,157,138,178,164,173,66,126,198,159,140,118,109,29,154,156,106,19,108,146,43,128,85,152,111,83,181,82,192,139,33,13,172,195,40,37,15,35,88,145,189,194,31,171,116,57,0,113,196,89,5,141,119,158,183,63,51,72,147,65,102,115,14,45,55,155,184,161,80,114,177,169,191,11,104,180,163,170,95,137,90,125,149,32,68,97,100,7,175,179,27,150,136,144,70,168,17,103,105,142,190,188,186,176,42,47,132,166,123,44];False
2411;8278;10689;[4,67,193,48,10,1,91,129,8,84,122,73,174,135,21,99,16,77,112,71,56,18,62,120,24,197,133,9,143,20,3,2,121,160,92,49,130,22,38,34,124,94,75,12,165,153,187,127,39,107,87,76,50,53,93,23,30,134,58,86,69,64,101,151,54,158,199,6,117,98,25,110,81,52,182,28,162,78,60,79,185,148,167,61,41,36,46,131,59,26,96,157,138,178,164,173,66,126,198,159,140,118,109,29,154,156,106,19,108,146,43,128,85,152,111,83,181,82,192,139,33,13,172,195,40,37,15,35,88,145,189,194,31,171,116,57,0,113,196,89,5,141,119,74,183,63,51,72,147,65,102,115,14,45,55,155,184,161,80,114,177,169,191,11,104,180,163,170,95,137,90,125,149,32,68,97,100,7,175,179,27,150,136,144,70,168,17,103,105,142,190,188,186,176,42,47,132,166,123,44];False
2415;8274;10689;[4,67,193,48,10,1,91,129,8,84,122,73,174,135,21,99,16,77,112,71,56,18,62,120,24,197,26,9,143,20,3,2,121,160,92,49,130,22,38,34,124,94,75,12,165,60,187,127,39,107,87,76,50,53,93,23,30,134,58,86,69,64,101,151,54,158,199,6,117,98,25,110,81,52,182,28,162,78,153,79,185,148,167,61,41,36,46,131,59,133,96,157,138,178,164,173,66,126,198,159,140,118,109,29,154,156,106,19,108,146,43,128,85,152,111,83,181,82,192,139,33,13,172,195,40,37,15,35,88,145,189,194,31,171,116,57,0,113,196,89,5,141,119,74,183,63,51,72,147,65,102,115,14,45,55,155,184,161,80,114,177,169,191,11,104,180,163,170,95,137,90,125,149,32,68,97,100,7,175,179,27,150,136,144,70,168,17,103,105,142,190,188,186,176,42,47,132,166,123,44];False
2382;8307;10689;[4,67,193,48,10,1,91,129,8,84,122,73,174,135,21,99,16,77,112,71,56,109,62,120,24,197,26,9,143,20,3,2,121,160,92,49,130,22,38,34,124,94,75,12,165,153,187,127,39,107,87,76,50,53,93,23,30,134,58,86,69,64,101,151,54,158,199,6,117,98,25,110,81,52,182,28,162,78,60,79,185,148,167,61,41,36,46,131,59,133,96,157,138,178,164,173,66,126,198,159,140,118,18,29,154,156,106,19,108,146,43,128,85,152,111,83,181,82,192,139,33,13,172,195,40,37,15,35,88,145,189,194,31,171,116,57,0,113,196,89,5,141,119,74,183,63,51,72,147,65,102,115,14,45,55,155,184,161,80,114,177,169,191,11,104,180,163,170,95,137,90,125,149,32,68,97,100,7,175,179,27,150,136,144,70,168,17,103,105,142,190,188,186,176,42,47,132,166,123,44];False
2394;8295;10689;[4,67,193,48,10,1,91,129,8,84,122,73,174,135,21,99,16,77,112,71,56,18,62,120,24,197,26,9,143,20,3,2,121,160,92,49,130,22,38,34,124,94,75,12,165,153,187,127,39,107,87,76,50,53,93,23,30,134,58,86,69,64,101,151,54,158,199,6,117,98,25,110,81,52,182,28,162,78,60,79,185,148,167,61,41,36,46,131,59,133,96,157,138,178,164,173,66,126,198,159,140,118,109,29,154,156,106,19,108,146,43,128,85,152,111,83,181,82,192,139,33,13,172,195,40,37,15,35,88,145,189,194,31,171,116,57,0,113,196,89,5,141,119,74,183,63,51,72,147,65,102,115,14,45,55,155,184,161,80,114,177,169,191,11,104,180,163,170,95,137,90,125,149,32,68,97,100,7,105,179,27,150,136,144,70,168,17,103,175,142,190,188,186,176,42,47,132,166,123,44];False
2419;8269;10688;[4,67,193,48,10,1,91,129,8,84,122,73,174,135,21,99,16,77,112,71,56,18,62,120,24,197,26,9,143,20,3,2,121,160,92,49,130,22,38,34,124,94,75,12,165,153,187,127,39,107,58,76,50,53,93,23,30,134,87,86,69,64,101,151,54,158,199,6,117,98,25,110,81,52,182,28,162,78,60,79,185,148,167,61,41,36,46,131,59,133,96,157,138,178,164,173,66,126,198,159,140,118,109,29,154,156,106,19,108,146,43,128,85,152,111,83,181,82,192,139,33,13,172,195,40,37,15,35,88,145,189,194,31,171,116,57,0,113,196,89,5,141,119,74,183,63,51,72,147,65,102,115,14,45,55,155,184,161,80,114,177,169,191,11,104,180,163,170,95,137,90,125,149,32,68,97,100,7,175,179,27,150,136,144,70,168,17,103,105,142,190,188,186,176,42,47,132,166,123,44];False
2404;8284;10688;[4,67,193,48,10,1,91,129,8,84,122,73,174,135,21,99,16,77,112,71,56,18,62,120,24,197,26,9,143,20,3,2,121,160,92,49,130,22,38,34,124,94,75,12,165,153,187,127,39,107,87,76,50,53,93,23,30,134,58,86,69,64,101,151,54,158,199,6,117,98,25,110,81,5,182,28,162,78,60,79,185,148,167,61,41,36,46,131,59,133,96,157,138,178,164,173,66,126,198,159,140,118,109,29,154,156,106,19,108,146,43,128,85,152,111,83,181,82,192,139,33,13,172,195,40,37,15,35,88,145,189,194,31,171,116,57,0,113,196,89,52,141,119,74,183,63,51,72,147,65,102,115,14,45,55,155,184,161,80,114,177,169,191,11,104,180,163,170,95,137,90,125,149,32,68,97,100,7,175,179,27,150,136,144,70,168,17,103,105,142,190,188,186,176,42,47,132,166,123,44];False
2445;8243;10688;[4,23,193,48,10,1,91,129,8,84,122,73,174,135,21,99,16,77,112,71,56,18,62,120,24,197,26,9,143,20,3,2,121,160,92,49,130,22,38,34,124,94,75,12,165,153,187,127,39,107,87,76,50,53,93,67,30,134,58,86,69,64,101,151,54,158,199,6,117,98,25,110,81,52,182,28,162,78,60,79,185,148,167,61,41,36,46,131,59,133,96,157,138,178,164,173,66,126,198,159,140,118,109,29,154,156,106,19,108,146,43,128,85,152,111,83,181,82,192,139,33,13,172,195,40,37,15,35,88,145,189,194,31,171,116,57,0,113,196,89,5,141,119,74,183,63,51,72,147,65,102,115,14,45,55,155,184,161,80,114,177,169,191,11,104,180,163,170,95,137,90,125,149,32,68,97,100,7,175,179,27,150,136,144,70,168,17,103,105,142,190,188,186,176,42,47,132,166,123,44];False
2409;8279;10688;[4,67,193,48,10,1,91,129,8,84,122,73,174,135,21,99,16,77,112,71,56,18,62,120,24,197,26,9,143,20,3,2,121,160,92,49,130,22,38,34,124,94,75,12,165,153,187,127,39,107,87,76,50,53,93,23,30,134,58,86,69,64,101,151,54,158,199,6,117,98,25,110,81,52,182,28,162,78,60,79,185,148,167,61,41,36,46,131,59,133,96,157,138,178,164,173,66,126,198,159,140,118,109,29,154,156,106,19,108,146,43,128,85,152,111,83,181,82,192,139,33,13,172,102,40,37,15,35,88,145,189,194,31,171,116,57,0,113,196,89,5,141,119,74,183,63,51,72,147,65,195,115,14,45,55,155,184,161,80,114,177,169,191,11,104,180,163,170,95,137,90,125,149,32,68,97,100,7,175,179,27,150,136,144,70,168,17,103,105,142,190,188,186,176,42,47,132,166,123,44];False
2422;8266;10688;[4,67,193,48,84,1,91,129,8,10,122,73,174,135,21,99,16,77,112,71,56,18,62,120,24,197,26,9,143,20,3,2,121,160,92,49,130,22,38,34,124,94,75,12,165,153,187,127,39,107,87,76,50,53,93,23,30,134,58,86,69,64,101,151,54,158,199,6,117,98,25,110,81,52,182,28,162,78,60,79,185,148,167,61,41,36,46,131,59,133,96,157,138,178,164,173,66,126,198,159,140,118,109,29,154,156,106,19,108,146,43,128,85,152,111,83,181,82,192,139,33,13,172,195,40,37,15,35,88,145,189,194,31,171,116,57,0,113,196,89,5,141,119,74,183,63,51,72,147,65,102,115,14,45,55,155,184,161,80,114,177,169,191,11,104,180,163,170,95,137,90,125,149,32,68,97,100,7,175,179,27,150,136,144,70,168,17,103,105,142,190,188,186,176,42,47,132,166,123,44];False
2393;8295;10688;[4,67,193,48,10,1,91,129,8,84,122,73,174,135,21,99,16,77,112,71,56,18,62,120,24,197,26,9,143,20,3,2,121,160,92,49,130,22,38,34,124,94,75,12,165,153,187,127,39,107,87,76,50,53,93,23,30,134,58,86,69,64,101,151,54,158,199,6,117,98,25,110,81,164,182,28,162,78,60,79,185,148,167,61,41,36,46,131,59,133,96,157,138,178,52,173,66,126,198,159,140,118,109,29,154,156,106,19,108,146,43,128,85,152,111,83,181,82,192,139,33,13,172,195,40,37,15,35,88,145,189,194,31,171,116,57,0,113,196,89,5,141,119,74,183,63,51,72,147,65,102,115,14,45,55,155,184,161,80,114,177,169,191,11,104,180,163,170,95,137,90,125,149,32,68,97,100,7,175,179,27,150,136,144,70,168,17,103,105,142,190,188,186,176,42,47,132,166,123,44];False
2401;8287;10688;[4,67,193,48,10,1,91,129,8,84,122,73,174,135,21,99,16,77,112,71,56,18,62,120,24,197,26,9,143,20,3,2,121,160,92,49,130,22,38,34,124,94,75,12,165,153,187,127,39,107,87,76,50,53,93,23,30,134,58,86,69,64,101,151,54,158,199,6,117,98,25,110,81,52,182,28,162,78,60,79,185,148,167,61,41,36,46,131,59,133,96,157,138,178,164,173,66,126,198,159,140,118,109,29,154,156,106,19,108,146,43,128,85,152,111,83,181,82,192,139,33,13,172,147,40,37,15,35,88,145,189,194,31,171,116,57,0,113,196,89,5,141,119,74,183,63,51,72,195,65,102,115,14,45,55,155,184,161,80,114,177,169,191,11,104,180,163,170,95,137,90,125,149,32,68,97,100,7,175,179,27,150,136,144,70,168,17,103,105,142,190,188,186,176,42,47,132,166,123,44];False
2421;8267;10688;[4,67,193,48,10,1,91,129,8,84,122,73,17,135,21,99,16,77,112,71,56,18,62,120,24,197,26,9,143,20,3,2,121,160,92,49,130,22,38,34,124,94,75,12,165,153,187,127,39,107,87,76,50,53,93,23,30,134,58,86,69,64,101,151,54,158,199,6,117,98,25,110,81,52,182,28,162,78,60,79,185,148,167,61,41,36,46,131,59,133,96,157,138,178,164,173,66,126,198,159,140,118,109,29,154,156,106,19,108,146,43,128,85,152,111,83,181,82,192,139,33,13,172,195,40,37,15,35,88,145,189,194,31,171,116,57,0,113,196,89,5,141,119,74,183,63,51,72,147,65,102,115,14,45,55,155,184,161,80,114,177,169,191,11,104,180,163,170,95,137,90,125,149,32,68,97,100,7,175,179,27,150,136,144,70,168,174,103,105,142,190,188,186,176,42,47,132,166,123,44];False
2360;8328;10688;[4,67,193,48,10,1,91,129,8,84,122,73,174,135,21,99,16,77,112,71,56,18,62,120,24,197,26,9,143,20,3,2,121,160,92,49,130,22,38,34,124,94,75,12,165,153,187,127,39,107,87,76,50,53,93,23,30,134,58,86,69,17,101,151,54,158,199,6,117,98,25,110,81,52,182,28,162,78,60,79,185,148,167,61,41,36,46,131,59,133,96,157,138,178,164,173,66,126,198,159,140,118,109,29,154,156,106,19,108,146,43,128,85,152,111,83,181,82,192,139,33,13,172,195,40,37,15,35,88,145,189,194,31,171,116,57,0,113,196,89,5,141,119,74,183,63,51,72,147,65,102,115,14,45,55,155,184,161,80,114,177,169,191,11,104,180,163,170,95,137,90,125,149,32,68,97,100,7,175,179,27,150,136,144,70,168,64,103,105,142,190,188,186,176,42,47,132,166,123,44];False
2424;8264;10688;[4,67,193,48,10,1,91,129,8,84,122,73,174,135,21,99,16,77,112,71,56,18,62,120,24,197,26,9,143,20,3,2,121,160,92,49,130,22,38,34,124,94,75,12,165,153,187,127,39,107,87,76,50,53,93,23,30,134,58,86,69,64,101,151,54,158,199,6,117,98,25,110,81,52,182,28,162,78,60,79,185,148,167,61,41,36,46,131,59,133,96,157,138,178,164,173,66,126,198,159,140,118,109,29,154,156,106,19,108,146,43,128,85,152,111,83,119,82,192,139,33,13,172,195,40,37,15,35,88,145,189,194,31,171,116,57,0,113,196,89,5,141,181,74,183,63,51,72,147,65,102,115,14,45,55,155,184,161,80,114,177,169,191,11,104,180,163,170,95,137,90,125,149,32,68,97,100,7,175,179,27,150,136,144,70,168,17,103,105,142,190,188,186,176,42,47,132,166,123,44];False
2448;8240;10688;[4,67,193,48,10,1,91,129,8,84,122,73,174,135,21,99,16,77,112,71,56,18,62,120,24,197,26,9,143,20,3,2,121,160,92,49,130,22,38,34,124,94,75,12,165,153,187,127,117,107,87,76,50,53,93,23,30,134,58,86,69,64,101,151,54,158,199,6,39,98,25,110,81,52,182,28,162,78,60,79,185,148,167,61,41,36,46,131,59,133,96,157,138,178,164,173,66,126,198,159,140,118,109,29,154,156,106,19,108,146,43,128,85,152,111,83,181,82,192,139,33,13,172,195,40,37,15,35,88,145,189,194,31,171,116,57,0,113,196,89,5,141,119,74,183,63,51,72,147,65,102,115,14,45,55,155,184,161,80,114,177,169,191,11,104,180,163,170,95,137,90,125,149,32,68,97,100,7,175,179,27,150,136,144,70,168,17,103,105,142,190,188,186,176,42,47,132,166,123,44];False
2415;8273;10688;[4,67,193,48,10,1,91,129,8,84,122,73,174,135,21,99,16,77,112,71,56,18,62,120,24,197,26,9,143,20,3,2,121,160,92,49,36,22,38,34,124,94,75,12,165,153,187,127,39,107,87,76,50,53,93,23,30,134,58,86,69,64,101,151,54,158,199,6,117,98,25,110,81,52,182,28,162,78,60,79,185,148,167,61,41,130,46,131,59,133,96,157,138,178,164,173,66,126,198,159,140,118,109,29,154,156,106,19,108,146,43,128,85,152,111,83,181,82,192,139,33,13,172,195,40,37,15,35,88,145,189,194,31,171,116,57,0,113,196,89,5,141,119,74,183,63,51,72,147,65,102,115,14,45,55,155,184,161,80,114,177,169,191,11,104,180,163,170,95,137,90,125,149,32,68,97,100,7,175,179,27,150,136,144,70,168,17,103,105,142,190,188,186,176,42,47,132,166,123,44];False
2418;8269;10687;[4,67,193,48,10,1,91,129,8,84,122,73,174,135,21,99,16,77,112,71,56,18,62,120,24,197,26,9,143,20,3,2,121,160,92,49,130,22,38,34,124,94,75,12,165,153,187,127,39,107,87,76,50,53,93,23,30,134,58,86,69,64,101,151,54,158,199,6,117,98,25,110,81,52,182,28,162,78,60,79,185,148,167,61,41,36,46,131,59,133,96,157,138,178,164,173,66,126,198,159,140,118,109,29,154,156,106,19,108,146,43,128,85,152,111,83,166,82,192,139,33,13,172,195,40,37,15,35,88,145,189,194,31,171,116,57,0,113,196,89,5,141,119,74,183,63,51,72,147,65,102,115,14,45,55,155,184,161,80,114,177,169,191,11,104,180,163,170,95,137,90,125,149,32,68,97,100,7,175,179,27,150,136,144,70,168,17,103,105,142,190,188,186,176,42,47,132,181,123,44];False
2429;8258;10687;[4,67,193,48,10,1,91,129,8,84,122,73,174,135,21,99,16,77,112,71,56,18,62,120,24,197,26,9,143,20,3,2,121,160,92,49,130,22,38,34,124,94,75,12,165,153,187,127,39,107,87,76,50,53,93,23,30,134,58,86,69,64,101,151,54,158,199,6,117,98,25,110,81,52,182,28,162,78,60,79,185,148,167,61,41,36,46,131,59,133,96,157,138,178,109,173,66,126,198,159,140,118,164,29,154,156,106,19,108,146,43,128,85,152,111,83,181,82,192,139,33,13,172,195,40,37,15,35,88,145,189,194,31,171,116,57,0,113,196,89,5,141,119,74,183,63,51,72,147,65,102,115,14,45,55,155,184,161,80,114,177,169,191,11,104,180,163,170,95,137,90,125,149,32,68,97,100,7,175,179,27,150,136,144,70,168,17,103,105,142,190,188,186,176,42,47,132,166,123,44];False
2410;8277;10687;[4,67,193,48,10,1,91,129,8,84,122,162,174,135,21,99,16,77,112,71,56,18,62,120,24,197,26,9,143,20,3,2,121,160,92,49,130,22,38,34,124,94,75,12,165,153,187,127,39,107,87,76,50,53,93,23,30,134,58,86,69,64,101,151,54,158,199,6,117,98,25,110,81,52,182,28,73,78,60,79,185,148,167,61,41,36,46,131,59,133,96,157,138,178,164,173,66,126,198,159,140,118,109,29,154,156,106,19,108,146,43,128,85,152,111,83,181,82,192,139,33,13,172,195,40,37,15,35,88,145,189,194,31,171,116,57,0,113,196,89,5,141,119,74,183,63,51,72,147,65,102,115,14,45,55,155,184,161,80,114,177,169,191,11,104,180,163,170,95,137,90,125,149,32,68,97,100,7,175,179,27,150,136,144,70,168,17,103,105,142,190,188,186,176,42,47,132,166,123,44];False
2360;8327;10687;[4,67,193,48,10,1,91,129,8,84,122,73,174,135,21,99,16,77,112,71,56,18,62,120,24,197,26,9,143,20,3,2,121,160,92,49,130,22,38,34,124,94,75,12,165,153,187,127,39,107,87,76,50,53,93,23,30,134,58,86,69,64,101,151,54,158,199,6,117,98,25,110,81,52,182,28,162,78,60,79,185,148,167,61,41,36,46,131,59,133,96,157,138,178,164,173,66,126,198,159,140,118,109,29,154,156,106,19,108,146,43,128,85,152,111,83,181,82,192,139,33,13,172,195,40,179,15,35,88,145,189,194,31,171,116,57,0,113,196,89,5,141,119,74,183,63,51,72,147,65,102,115,14,45,55,155,184,161,80,114,177,169,191,11,104,180,163,170,95,137,90,125,149,32,68,97,100,7,175,37,27,150,136,144,70,168,17,103,105,142,190,188,186,176,42,47,132,166,123,44];False
2410;8277;10687;[4,67,193,48,10,1,91,129,8,84,122,73,174,135,21,99,16,77,112,71,56,18,62,120,24,197,26,75,143,20,3,2,121,160,92,49,130,22,38,34,124,94,9,12,165,153,187,127,39,107,87,76,50,53,93,23,30,134,58,86,69,64,101,151,54,158,199,6,117,98,25,110,81,52,182,28,162,78,60,79,185,148,167,61,41,36,46,131,59,133,96,157,138,178,164,173,66,126,198,159,140,118,109,29,154,156,106,19,108,146,43,128,85,152,111,83,181,82,192,139,33,13,172,195,40,37,15,35,88,145,189,194,31,171,116,57,0,113,196,89,5,141,119,74,183,63,51,72,147,65,102,115,14,45,55,155,184,161,80,114,177,169,191,11,104,180,163,170,95,137,90,125,149,32,68,97,100,7,175,179,27,150,136,144,70,168,17,103,105,142,190,188,186,176,42,47,132,166,123,44];False
2389;8298;10687;[4,67,193,48,10,1,91,129,8,84,122,73,174,135,21,99,16,77,112,71,56,18,62,120,24,197,26,81,143,20,3,2,121,160,92,49,130,22,38,34,124,94,75,12,165,153,187,127,39,107,87,76,50,53,93,23,30,134,58,86,69,64,101,151,54,158,199,6,117,98,25,110,9,52,182,28,162,78,60,79,185,148,167,61,41,36,46,131,59,133,96,157,138,178,164,173,66,126,198,159,140,118,109,29,154,156,106,19,108,146,43,128,85,152,111,83,181,82,192,139,33,13,172,195,40,37,15,35,88,145,189,194,31,171,116,57,0,113,196,89,5,141,119,74,183,63,51,72,147,65,102,115,14,45,55,155,184,161,80,114,177,169,191,11,104,180,163,170,95,137,90,125,149,32,68,97,100,7,175,179,27,150,136,144,70,168,17,103,105,142,190,188,186,176,42,47,132,166,123,44];False
2412;8275;10687;[4,67,193,48,10,1,91,129,8,84,122,73,174,135,21,99,16,77,112,71,56,18,62,120,24,197,26,9,143,20,3,2,121,160,92,49,130,22,38,34,124,94,75,12,165,153,187,127,39,107,87,76,50,53,93,23,30,134,58,86,69,64,101,151,54,158,199,6,117,98,25,110,81,52,182,28,162,78,60,79,185,148,167,61,41,36,46,131,59,133,96,157,138,178,164,173,66,126,198,159,140,118,109,183,154,156,106,19,108,146,43,128,85,152,111,83,181,82,192,139,33,13,172,195,40,37,15,35,88,145,189,194,31,171,116,57,0,113,196,89,5,141,119,74,29,63,51,72,147,65,102,115,14,45,55,155,184,161,80,114,177,169,191,11,104,180,163,170,95,137,90,125,149,32,68,97,100,7,175,179,27,150,136,144,70,168,17,103,105,142,190,188,186,176,42,47,132,166,123,44];False
2456;8231;10687;[4,67,193,48,10,1,91,129,8,84,122,73,174,135,21,99,16,77,112,71,56,18,62,120,24,197,26,9,143,20,3,2,121,160,92,49,130,22,38,34,124,94,75,12,165,153,187,127,39,107,87,76,50,53,93,23,30,134,58,86,69,64,101,151,54,158,199,6,117,98,25,110,81,52,182,28,162,78,60,79,185,148,167,61,41,36,46,131,59,133,96,157,138,178,164,173,66,126,198,159,140,118,109,29,154,156,106,19,108,146,43,128,85,152,111,83,181,82,192,139,33,13,172,195,40,37,15,35,88,145,189,194,31,171,116,57,0,113,196,89,5,141,119,74,183,63,51,72,147,65,102,115,14,45,55,155,184,161,80,114,177,169,191,11,104,180,163,170,95,137,90,125,149,32,68,97,100,7,175,179,27,150,136,144,70,168,17,103,105,142,190,188,186,166,42,47,132,176,123,44];False
2431;8256;10687;[4,67,193,48,10,1,91,129,8,84,122,73,174,135,21,99,16,176,112,71,56,18,62,120,24,197,26,9,143,20,3,2,121,160,92,49,130,22,38,34,124,94,75,12,165,153,187,127,39,107,87,76,50,53,93,23,30,134,58,86,69,64,101,151,54,158,199,6,117,98,25,110,81,52,182,28,162,78,60,79,185,148,167,61,41,36,46,131,59,133,96,157,138,178,164,173,66,126,198,159,140,118,109,29,154,156,106,19,108,146,43,128,85,152,111,83,181,82,192,139,33,13,172,195,40,37,15,35,88,145,189,194,31,171,116,57,0,113,196,89,5,141,119,74,183,63,51,72,147,65,102,115,14,45,55,155,184,161,80,114,177,169,191,11,104,180,163,170,95,137,90,125,149,32,68,97,100,7,175,179,27,150,136,144,70,168,17,103,105,142,190,188,186,77,42,47,132,166,123,44];False
2409;8278;10687;[4,67,193,48,10,1,91,129,8,84,122,73,174,135,21,99,16,77,112,71,56,18,62,120,24,197,26,9,143,20,3,2,121,160,92,76,130,22,38,34,124,94,75,12,165,153,187,127,39,107,87,49,50,53,93,23,30,134,58,86,69,64,101,151,54,158,199,6,117,98,25,110,81,52,182,28,162,78,60,79,185,148,167,61,41,36,46,131,59,133,96,157,138,178,164,173,66,126,198,159,140,118,109,29,154,156,106,19,108,146,43,128,85,152,111,83,181,82,192,139,33,13,172,195,40,37,15,35,88,145,189,194,31,171,116,57,0,113,196,89,5,141,119,74,183,63,51,72,147,65,102,115,14,45,55,155,184,161,80,114,177,169,191,11,104,180,163,170,95,137,90,125,149,32,68,97,100,7,175,179,27,150,136,144,70,168,17,103,105,142,190,188,186,176,42,47,132,166,123,44];False
2397;8290;10687;[4,67,193,48,10,1,91,129,8,84,122,73,174,135,21,99,16,77,112,71,56,18,62,120,24,197,26,9,143,20,96,2,121,160,92,49,130,22,38,34,124,94,75,12,165,153,187,127,39,107,87,76,50,53,93,23,30,134,58,86,69,64,101,151,54,158,199,6,117,98,25,110,81,52,182,28,162,78,60,79,185,148,167,61,41,36,46,131,59,133,3,157,138,178,164,173,66,126,198,159,140,118,109,29,154,156,106,19,108,146,43,128,85,152,111,83,181,82,192,139,33,13,172,195,40,37,15,35,88,145,189,194,31,171,116,57,0,113,196,89,5,141,119,74,183,63,51,72,147,65,102,115,14,45,55,155,184,161,80,114,177,169,191,11,104,180,163,170,95,137,90,125,149,32,68,97,100,7,175,179,27,150,136,144,70,168,17,103,105,142,190,188,186,176,42,47,132,166,123,44];False
2429;8258;10687;[4,67,193,48,10,1,91,129,8,84,122,73,174,135,21,99,16,77,112,71,56,18,62,120,24,197,26,9,143,20,3,2,121,160,92,49,130,22,38,34,124,94,75,12,165,153,187,127,39,107,87,76,50,53,93,23,30,134,58,86,69,64,101,151,54,158,199,6,117,98,25,110,81,52,182,28,162,78,60,79,185,148,167,61,41,36,46,131,59,133,96,157,138,178,164,173,66,126,198,159,140,118,109,29,154,156,106,19,108,146,43,128,85,152,111,83,181,82,192,139,33,13,172,195,40,37,15,35,88,145,189,194,31,171,116,57,0,113,196,89,5,141,119,74,183,63,51,72,147,65,102,115,14,45,55,155,184,161,80,114,177,169,191,11,104,180,163,170,95,137,90,125,149,7,68,97,100,32,175,179,27,150,136,144,70,168,17,103,105,142,190,188,186,176,42,47,132,166,123,44];False
2413;8274;10687;[4,67,193,48,10,1,91,129,8,84,122,73,174,135,21,99,16,77,112,71,56,18,62,120,24,197,26,9,143,20,3,2,121,160,92,49,130,22,38,34,124,94,75,12,165,153,187,127,39,107,87,29,50,53,93,23,30,134,58,86,69,64,101,151,54,158,199,6,117,98,25,110,81,52,182,28,162,78,60,79,185,148,167,61,41,36,46,131,59,133,96,157,138,178,164,173,66,126,198,159,140,118,109,76,154,156,106,19,108,146,43,128,85,152,111,83,181,82,192,139,33,13,172,195,40,37,15,35,88,145,189,194,31,171,116,57,0,113,196,89,5,141,119,74,183,63,51,72,147,65,102,115,14,45,55,155,184,161,80,114,177,169,191,11,104,180,163,170,95,137,90,125,149,32,68,97,100,7,175,179,27,150,136,144,70,168,17,103,105,142,190,188,186,176,42,47,132,166,123,44];False
2365;8322;10687;[4,67,193,48,10,1,91,129,8,84,122,39,174,135,21,99,16,77,112,71,56,18,62,120,24,197,26,9,143,20,3,2,121,160,92,49,130,22,38,34,124,94,75,12,165,153,187,127,73,107,87,76,50,53,93,23,30,134,58,86,69,64,101,151,54,158,199,6,117,98,25,110,81,52,182,28,162,78,60,79,185,148,167,61,41,36,46,131,59,133,96,157,138,178,164,173,66,126,198,159,140,118,109,29,154,156,106,19,108,146,43,128,85,152,111,83,181,82,192,139,33,13,172,195,40,37,15,35,88,145,189,194,31,171,116,57,0,113,196,89,5,141,119,74,183,63,51,72,147,65,102,115,14,45,55,155,184,161,80,114,177,169,191,11,104,180,163,170,95,137,90,125,149,32,68,97,100,7,175,179,27,150,136,144,70,168,17,103,105,142,190,188,186,176,42,47,132,166,123,44];False
2355;8332;10687;[4,67,193,48,10,1,91,129,8,84,122,73,174,135,21,99,16,77,112,71,56,18,62,120,24,197,26,9,143,20,3,2,121,160,92,49,130,22,38,34,124,94,75,12,165,153,187,127,39,107,87,76,50,53,93,23,30,134,58,86,69,64,101,151,54,158,199,6,117,98,25,110,81,52,182,28,162,78,60,79,185,148,167,61,41,36,46,131,59,133,96,157,138,178,164,173,66,126,198,159,140,118,109,29,154,156,144,19,108,146,43,128,85,152,111,83,181,82,192,139,33,13,172,195,40,37,15,35,88,145,189,194,31,171,116,57,0,113,196,89,5,141,119,74,183,63,51,72,147,65,102,115,14,45,55,155,184,161,80,114,177,169,191,11,104,180,163,170,95,137,90,125,149,32,68,97,100,7,175,179,27,150,136,106,70,168,17,103,105,142,190,188,186,176,42,47,132,166,123,44];False
2430;8256;10686;[4,67,193,48,10,1,91,129,8,84,122,73,174,135,21,99,16,77,112,71,56,18,62,120,24,197,26,9,143,20,3,2,121,160,92,49,130,22,38,34,124,94,75,12,165,153,187,127,39,107,87,76,50,53,93,23,30,134,58,86,69,64,101,151,54,158,199,6,117,98,25,110,81,52,182,28,162,78,60,79,185,148,167,61,41,36,46,131,59,133,96,157,138,178,164,173,66,126,198,159,140,118,109,29,154,156,106,19,108,146,43,128,85,152,111,83,181,82,192,139,33,13,172,195,40,37,15,35,88,145,189,194,31,171,116,47,0,113,196,89,5,141,119,74,183,63,51,72,147,65,102,115,14,45,55,155,184,161,80,114,177,169,191,11,104,180,163,170,95,137,90,125,149,32,68,97,100,7,175,179,27,150,136,144,70,168,17,103,105,142,190,188,186,176,42,57,132,166,123,44];False
2399;8287;10686;[4,67,193,48,10,1,91,129,8,84,122,73,174,135,21,99,16,77,112,71,167,18,62,120,24,197,26,9,143,20,3,2,121,160,92,49,130,22,38,34,124,94,75,12,165,153,187,127,39,107,87,76,50,53,93,23,30,134,58,86,69,64,101,151,54,158,199,6,117,98,25,110,81,52,182,28,162,78,60,79,185,148,56,61,41,36,46,131,59,133,96,157,138,178,164,173,66,126,198,159,140,118,109,29,154,156,106,19,108,146,43,128,85,152,111,83,181,82,192,139,33,13,172,195,40,37,15,35,88,145,189,194,31,171,116,57,0,113,196,89,5,141,119,74,183,63,51,72,147,65,102,115,14,45,55,155,184,161,80,114,177,169,191,11,104,180,163,170,95,137,90,125,149,32,68,97,100,7,175,179,27,150,136,144,70,168,17,103,105,142,190,188,186,176,42,47,132,166,123,44];False
2382;8304;10686;[4,67,193,48,10,1,91,129,8,84,122,73,174,135,21,99,16,77,112,71,56,18,62,120,24,197,26,9,143,20,3,2,121,160,92,49,130,22,38,34,124,94,75,12,165,153,187,127,39,107,87,76,50,53,93,23,30,134,58,86,69,64,101,151,54,158,199,6,117,98,25,110,81,52,182,28,162,78,60,79,185,148,167,61,41,36,46,131,59,133,96,157,138,178,164,173,66,126,198,159,140,118,109,29,154,156,106,19,108,146,43,128,85,152,111,194,181,82,192,139,33,13,172,195,40,37,15,35,88,145,189,83,31,171,116,57,0,113,196,89,5,141,119,74,183,63,51,72,147,65,102,115,14,45,55,155,184,161,80,114,177,169,191,11,104,180,163,170,95,137,90,125,149,32,68,97,100,7,175,179,27,150,136,144,70,168,17,103,105,142,190,188,186,176,42,47,132,166,123,44];False
2400;8286;10686;[4,67,193,48,10,1,91,129,8,84,122,73,174,135,21,99,16,77,112,71,56,18,62,120,24,197,26,9,143,20,3,2,121,160,92,49,130,22,38,34,124,94,75,12,165,153,187,127,39,107,87,76,50,53,93,23,30,134,58,86,69,64,101,151,54,158,199,6,117,98,25,110,81,52,182,28,162,78,115,79,185,148,167,61,41,36,46,131,59,133,96,157,138,178,164,173,66,126,198,159,140,118,109,29,154,156,106,19,108,146,43,128,85,152,111,83,181,82,192,139,33,13,172,195,40,37,15,35,88,145,189,194,31,171,116,57,0,113,196,89,5,141,119,74,183,63,51,72,147,65,102,60,14,45,55,155,184,161,80,114,177,169,191,11,104,180,163,170,95,137,90,125,149,32,68,97,100,7,175,179,27,150,136,144,70,168,17,103,105,142,190,188,186,176,42,47,132,166,123,44];False
2438;8248;10686;[4,67,193,48,10,1,91,129,8,84,122,73,174,135,21,99,16,77,112,71,56,18,62,120,24,197,26,9,143,20,3,2,121,160,92,49,130,22,38,34,124,94,75,12,165,153,187,127,39,107,87,76,50,53,93,23,30,134,58,86,69,64,101,151,54,158,199,6,117,98,25,110,81,52,182,28,162,78,60,79,185,148,167,61,41,36,46,131,59,133,96,157,138,178,164,173,66,126,198,159,140,118,109,29,154,156,106,19,108,146,43,128,85,152,111,83,181,82,192,139,33,13,172,195,40,37,15,35,88,145,189,142,31,171,116,57,0,113,196,89,5,141,119,74,183,63,51,72,147,65,102,115,14,45,55,155,184,161,80,114,177,169,191,11,104,180,163,170,95,137,90,125,149,32,68,97,100,7,175,179,27,150,136,144,70,168,17,103,105,194,190,188,186,176,42,47,132,166,123,44];False
2363;8323;10686;[4,67,193,48,10,1,91,129,8,84,122,73,174,135,21,99,16,77,112,71,56,18,62,120,24,197,26,9,143,20,3,2,121,160,92,49,130,22,38,34,124,94,75,12,165,153,187,127,39,107,87,76,50,53,93,23,30,134,58,86,69,64,101,151,54,158,199,6,117,98,25,110,81,52,182,28,162,78,60,79,185,148,167,61,41,36,46,131,59,133,96,157,138,178,164,173,66,126,198,159,140,118,109,29,42,156,106,19,108,146,43,128,85,152,111,83,181,82,192,139,33,13,172,195,40,37,15,35,88,145,189,194,31,171,116,57,0,113,196,89,5,141,119,74,183,63,51,72,147,65,102,115,14,45,55,155,184,161,80,114,177,169,191,11,104,180,163,170,95,137,90,125,149,32,68,97,100,7,175,179,27,150,136,144,70,168,17,103,105,142,190,188,186,176,154,47,132,166,123,44];False
2400;8286;10686;[4,67,193,91,10,1,48,129,8,84,122,73,174,135,21,99,16,77,112,71,56,18,62,120,24,197,26,9,143,20,3,2,121,160,92,49,130,22,38,34,124,94,75,12,165,153,187,127,39,107,87,76,50,53,93,23,30,134,58,86,69,64,101,151,54,158,199,6,117,98,25,110,81,52,182,28,162,78,60,79,185,148,167,61,41,36,46,131,59,133,96,157,138,178,164,173,66,126,198,159,140,118,109,29,154,156,106,19,108,146,43,128,85,152,111,83,181,82,192,139,33,13,172,195,40,37,15,35,88,145,189,194,31,171,116,57,0,113,196,89,5,141,119,74,183,63,51,72,147,65,102,115,14,45,55,155,184,161,80,114,177,169,191,11,104,180,163,170,95,137,90,125,149,32,68,97,100,7,175,179,27,150,136,144,70,168,17,103,105,142,190,188,186,176,42,47,132,166,123,44];False
2401;8285;10686;[4,67,193,48,10,1,91,129,8,84,122,73,174,135,21,99,16,77,112,71,56,18,62,120,24,197,26,9,143,20,3,2,121,160,92,49,130,22,38,34,124,94,75,12,165,153,187,127,39,107,87,76,50,53,93,23,30,134,58,86,69,64,101,151,54,158,199,6,117,196,25,110,81,52,182,28,162,78,60,79,185,148,167,61,41,36,46,131,59,133,96,157,138,178,164,173,66,126,198,159,140,118,109,29,154,156,106,19,108,146,43,128,85,152,111,83,181,82,192,139,33,13,172,195,40,37,15,35,88,145,189,194,31,171,116,57,0,113,98,89,5,141,119,74,183,63,51,72,147,65,102,115,14,45,55,155,184,161,80,114,177,169,191,11,104,180,163,170,95,137,90,125,149,32,68,97,100,7,175,179,27,150,136,144,70,168,17,103,105,142,190,188,186,176,42,47,132,166,123,44];False
2427;8259;10686;[4,67,193,48,10,1,91,129,8,84,122,198,174,135,21,99,16,77,112,71,56,18,62,120,24,197,26,9,143,20,3,2,121,160,92,49,130,22,38,34,124,94,75,12,165,153,187,127,39,107,87,76,50,53,93,23,30,134,58,86,69,64,101,151,54,158,199,6,117,98,25,110,81,52,182,28,162,78,60,79,185,148,167,61,41,36,46,131,59,133,96,157,138,178,164,173,66,126,73,159,140,118,109,29,154,156,106,19,108,146,43,128,85,152,111,83,181,82,192,139,33,13,172,195,40,37,15,35,88,145,189,194,31,171,116,57,0,113,196,89,5,141,119,74,183,63,51,72,147,65,102,115,14,45,55,155,184,161,80,114,177,169,191,11,104,180,163,170,95,137,90,125,149,32,68,97,100,7,175,179,27,150,136,144,70,168,17,103,105,142,190,188,186,176,42,47,132,166,123,44];False
2381;8305;10686;[4,67,193,48,10,1,91,129,8,84,122,73,174,135,21,99,16,77,112,71,56,18,62,120,24,197,26,9,143,20,3,2,121,160,92,49,130,22,38,34,124,94,75,12,165,153,187,40,39,107,87,76,50,53,93,23,30,134,58,86,69,64,101,151,54,158,199,6,117,98,25,110,81,52,182,28,162,78,60,79,185,148,167,61,41,36,46,131,59,133,96,157,138,178,164,173,66,126,198,159,140,118,109,29,154,156,106,19,108,146,43,128,85,152,111,83,181,82,192,139,33,13,172,195,127,37,15,35,88,145,189,194,31,171,116,57,0,113,196,89,5,141,119,74,183,63,51,72,147,65,102,115,14,45,55,155,184,161,80,114,177,169,191,11,104,180,163,170,95,137,90,125,149,32,68,97,100,7,175,179,27,150,136,144,70,168,17,103,105,142,190,188,186,176,42,47,132,166,123,44];False
2398;8288;10686;[4,67,193,48,18,1,91,129,8,84,122,73,174,135,21,99,16,77,112,71,56,10,62,120,24,197,26,9,143,20,3,2,121,160,92,49,130,22,38,34,124,94,75,12,165,153,187,127,39,107,87,76,50,53,93,23,30,134,58,86,69,64,101,151,54,158,199,6,117,98,25,110,81,52,182,28,162,78,60,79,185,148,167,61,41,36,46,131,59,133,96,157,138,178,164,173,66,126,198,159,140,118,109,29,154,156,106,19,108,146,43,128,85,152,111,83,181,82,192,139,33,13,172,195,40,37,15,35,88,145,189,194,31,171,116,57,0,113,196,89,5,141,119,74,183,63,51,72,147,65,102,115,14,45,55,155,184,161,80,114,177,169,191,11,104,180,163,170,95,137,90,125,149,32,68,97,100,7,175,179,27,150,136,144,70,168,17,103,105,142,190,188,186,176,42,47,132,166,123,44];False
2382;8303;10685;[4,67,193,48,10,1,79,129,8,84,122,73,174,135,21,99,16,77,112,71,56,18,62,120,24,197,26,9,143,20,3,2,121,160,92,49,130,22,38,34,124,94,75,12,165,153,187,127,39,107,87,76,50,53,93,23,30,134,58,86,69,64,101,151,54,158,199,6,117,98,25,110,81,52,182,28,162,78,60,91,185,148,167,61,41,36,46,131,59,133,96,157,138,178,164,173,66,126,198,159,140,118,109,29,154,156,106,19,108,146,43,128,85,152,111,83,181,82,192,139,33,13,172,195,40,37,15,35,88,145,189,194,31,171,116,57,0,113,196,89,5,141,119,74,183,63,51,72,147,65,102,115,14,45,55,155,184,161,80,114,177,169,191,11,104,180,163,170,95,137,90,125,149,32,68,97,100,7,175,179,27,150,136,144,70,168,17,103,105,142,190,188,186,176,42,47,132,166,123,44];False
2422;8263;10685;[4,67,193,48,10,1,91,129,8,84,122,73,174,135,21,99,16,77,112,71,56,18,62,120,24,197,26,9,143,20,3,2,121,160,92,49,130,22,38,34,124,94,75,12,165,153,187,127,39,107,87,76,50,28,93,23,30,134,58,86,69,64,101,151,54,158,199,6,117,98,25,110,81,52,182,53,162,78,60,79,185,148,167,61,41,36,46,131,59,133,96,157,138,178,164,173,66,126,198,159,140,118,109,29,154,156,106,19,108,146,43,128,85,152,111,83,181,82,192,139,33,13,172,195,40,37,15,35,88,145,189,194,31,171,116,57,0,113,196,89,5,141,119,74,183,63,51,72,147,65,102,115,14,45,55,155,184,161,80,114,177,169,191,11,104,180,163,170,95,137,90,125,149,32,68,97,100,7,175,179,27,150,136,144,70,168,17,103,105,142,190,188,186,176,42,47,132,166,123,44];False
2399;8286;10685;[4,67,193,48,10,1,91,129,8,84,122,73,174,135,21,82,16,77,112,71,56,18,62,120,24,197,26,9,143,20,3,2,121,160,92,49,130,22,38,34,124,94,75,12,165,153,187,127,39,107,87,76,50,53,93,23,30,134,58,86,69,64,101,151,54,158,199,6,117,98,25,110,81,52,182,28,162,78,60,79,185,148,167,61,41,36,46,131,59,133,96,157,138,178,164,173,66,126,198,159,140,118,109,29,154,156,106,19,108,146,43,128,85,152,111,83,181,99,192,139,33,13,172,195,40,37,15,35,88,145,189,194,31,171,116,57,0,113,196,89,5,141,119,74,183,63,51,72,147,65,102,115,14,45,55,155,184,161,80,114,177,169,191,11,104,180,163,170,95,137,90,125,149,32,68,97,100,7,175,179,27,150,136,144,70,168,17,103,105,142,190,188,186,176,42,47,132,166,123,44];False
2380;8305;10685;[4,67,193,48,10,1,91,129,8,84,122,73,174,135,21,99,16,77,112,71,56,18,62,120,24,197,26,9,143,20,3,2,121,160,92,49,130,22,38,34,124,94,75,12,165,153,187,127,39,107,87,76,42,53,93,23,30,134,58,86,69,64,101,151,54,158,199,6,117,98,25,110,81,52,182,28,162,78,60,79,185,148,167,61,41,36,46,131,59,133,96,157,138,178,164,173,66,126,198,159,140,118,109,29,154,156,106,19,108,146,43,128,85,152,111,83,181,82,192,139,33,13,172,195,40,37,15,35,88,145,189,194,31,171,116,57,0,113,196,89,5,141,119,74,183,63,51,72,147,65,102,115,14,45,55,155,184,161,80,114,177,169,191,11,104,180,163,170,95,137,90,125,149,32,68,97,100,7,175,179,27,150,136,144,70,168,17,103,105,142,190,188,186,176,50,47,132,166,123,44];False
2425;8260;10685;[4,67,193,48,10,1,91,129,8,84,122,73,174,88,21,99,16,77,112,71,56,18,62,120,24,197,26,9,143,20,3,2,121,160,92,49,130,22,38,34,124,94,75,12,165,153,187,127,39,107,87,76,50,53,93,23,30,134,58,86,69,64,101,151,54,158,199,6,117,98,25,110,81,52,182,28,162,78,60,79,185,148,167,61,41,36,46,131,59,133,96,157,138,178,164,173,66,126,198,159,140,118,109,29,154,156,106,19,108,146,43,128,85,152,111,83,181,82,192,139,33,13,172,195,40,37,15,35,135,145,189,194,31,171,116,57,0,113,196,89,5,141,119,74,183,63,51,72,147,65,102,115,14,45,55,155,184,161,80,114,177,169,191,11,104,180,163,170,95,137,90,125,149,32,68,97,100,7,175,179,27,150,136,144,70,168,17,103,105,142,190,188,186,176,42,47,132,166,123,44];False
2407;8278;10685;[4,67,193,48,10,1,91,129,8,84,122,73,174,135,21,99,16,77,112,71,56,18,62,120,24,197,26,9,143,20,3,2,121,160,92,49,130,22,38,34,124,94,75,12,165,153,187,127,90,107,87,76,50,53,93,23,30,134,58,86,69,64,101,151,54,158,199,6,117,98,25,110,81,52,182,28,162,78,60,79,185,148,167,61,41,36,46,131,59,133,96,157,138,178,164,173,66,126,198,159,140,118,109,29,154,156,106,19,108,146,43,128,85,152,111,83,181,82,192,139,33,13,172,195,40,37,15,35,88,145,189,194,31,171,116,57,0,113,196,89,5,141,119,74,183,63,51,72,147,65,102,115,14,45,55,155,184,161,80,114,177,169,191,11,104,180,163,170,95,137,39,125,149,32,68,97,100,7,175,179,27,150,136,144,70,168,17,103,105,142,190,188,186,176,42,47,132,166,123,44];False
2406;8279;10685;[4,67,193,48,10,1,91,129,8,84,122,73,174,135,21,99,16,77,112,71,56,18,62,120,24,197,26,9,143,162,3,2,121,160,92,49,130,22,38,34,124,94,75,12,165,153,187,127,39,107,87,76,50,53,93,23,30,134,58,86,69,64,101,151,54,158,199,6,117,98,25,110,81,52,182,28,20,78,60,79,185,148,167,61,41,36,46,131,59,133,96,157,138,178,164,173,66,126,198,159,140,118,109,29,154,156,106,19,108,146,43,128,85,152,111,83,181,82,192,139,33,13,172,195,40,37,15,35,88,145,189,194,31,171,116,57,0,113,196,89,5,141,119,74,183,63,51,72,147,65,102,115,14,45,55,155,184,161,80,114,177,169,191,11,104,180,163,170,95,137,90,125,149,32,68,97,100,7,175,179,27,150,136,144,70,168,17,103,105,142,190,188,186,176,42,47,132,166,123,44];False
2348;8337;10685;[59,67,193,48,10,1,91,129,8,84,122,73,174,135,21,99,16,77,112,71,56,18,62,120,24,197,26,9,143,20,3,2,121,160,92,49,130,22,38,34,124,94,75,12,165,153,187,127,39,107,87,76,50,53,93,23,30,134,58,86,69,64,101,151,54,158,199,6,117,98,25,110,81,52,182,28,162,78,60,79,185,148,167,61,41,36,46,131,4,133,96,157,138,178,164,173,66,126,198,159,140,118,109,29,154,156,106,19,108,146,43,128,85,152,111,83,181,82,192,139,33,13,172,195,40,37,15,35,88,145,189,194,31,171,116,57,0,113,196,89,5,141,119,74,183,63,51,72,147,65,102,115,14,45,55,155,184,161,80,114,177,169,191,11,104,180,163,170,95,137,90,125,149,32,68,97,100,7,175,179,27,150,136,144,70,168,17,103,105,142,190,188,186,176,42,47,132,166,123,44];False
2388;8297;10685;[4,67,193,48,10,1,91,129,8,84,122,73,174,135,21,99,16,77,112,71,56,18,62,120,24,197,26,9,143,20,3,2,121,160,92,49,130,22,38,34,124,94,75,12,165,153,187,127,39,107,87,76,50,53,93,23,30,134,58,86,69,64,101,151,54,158,199,6,117,98,25,180,81,52,182,28,162,78,60,79,185,148,167,61,41,36,46,131,59,133,96,157,138,178,164,173,66,126,198,159,140,118,109,29,154,156,106,19,108,146,43,128,85,152,111,83,181,82,192,139,33,13,172,195,40,37,15,35,88,145,189,194,31,171,116,57,0,113,196,89,5,141,119,74,183,63,51,72,147,65,102,115,14,45,55,155,184,161,80,114,177,169,191,11,104,110,163,170,95,137,90,125,149,32,68,97,100,7,175,179,27,150,136,144,70,168,17,103,105,142,190,188,186,176,42,47,132,166,123,44];False
2416;8269;10685;[4,67,193,48,10,1,91,129,8,84,122,73,174,135,21,99,16,77,112,71,56,18,62,120,24,197,26,9,143,20,3,2,121,160,92,49,130,22,38,34,124,94,75,12,165,153,187,127,39,107,87,76,50,53,93,23,30,134,58,86,69,64,101,151,54,158,199,6,117,98,25,110,81,52,182,28,162,78,60,79,185,148,167,61,41,36,46,131,59,133,96,157,138,178,164,173,66,126,198,159,140,118,109,29,154,156,106,19,108,146,43,128,85,152,111,83,181,82,192,139,33,13,172,195,40,37,15,35,88,145,189,194,31,171,116,57,0,113,196,89,5,141,119,74,55,63,51,72,147,65,102,115,14,45,183,155,184,161,80,114,177,169,191,11,104,180,163,170,95,137,90,125,149,32,68,97,100,7,175,179,27,150,136,144,70,168,17,103,105,142,190,188,186,176,42,47,132,166,123,44];False
2336;8349;10685;[4,67,193,48,10,1,91,129,8,84,122,73,174,135,21,25,16,77,112,71,56,18,62,120,24,197,26,9,143,20,3,2,121,160,92,49,130,22,38,34,124,94,75,12,165,153,187,127,39,107,87,76,50,53,93,23,30,134,58,86,69,64,101,151,54,158,199,6,117,98,99,110,81,52,182,28,162,78,60,79,185,148,167,61,41,36,46,131,59,133,96,157,138,178,164,173,66,126,198,159,140,118,109,29,154,156,106,19,108,146,43,128,85,152,111,83,181,82,192,139,33,13,172,195,40,37,15,35,88,145,189,194,31,171,116,57,0,113,196,89,5,141,119,74,183,63,51,72,147,65,102,115,14,45,55,155,184,161,80,114,177,169,191,11,104,180,163,170,95,137,90,125,149,32,68,97,100,7,175,179,27,150,136,144,70,168,17,103,105,142,190,188,186,176,42,47,132,166,123,44];False
2425;8260;10685;[4,67,193,48,10,2,91,129,8,84,122,73,174,135,21,99,16,77,112,71,56,18,62,120,24,197,26,9,143,20,3,1,121,160,92,49,130,22,38,34,124,94,75,12,165,153,187,127,39,107,87,76,50,53,93,23,30,134,58,86,69,64,101,151,54,158,199,6,117,98,25,110,81,52,182,28,162,78,60,79,185,148,167,61,41,36,46,131,59,133,96,157,138,178,164,173,66,126,198,159,140,118,109,29,154,156,106,19,108,146,43,128,85,152,111,83,181,82,192,139,33,13,172,195,40,37,15,35,88,145,189,194,31,171,116,57,0,113,196,89,5,141,119,74,183,63,51,72,147,65,102,115,14,45,55,155,184,161,80,114,177,169,191,11,104,180,163,170,95,137,90,125,149,32,68,97,100,7,175,179,27,150,136,144,70,168,17,103,105,142,190,188,186,176,42,47,132,166,123,44];False
2392;8293;10685;[4,67,193,48,10,1,91,129,8,84,122,73,174,135,21,99,16,77,112,71,56,18,62,186,24,197,26,9,143,20,3,2,121,160,92,49,130,22,38,34,124,94,75,12,165,153,187,127,39,107,87,76,50,53,93,23,30,134,58,86,69,64,101,151,54,158,199,6,117,98,25,110,81,52,182,28,162,78,60,79,185,148,167,61,41,36,46,131,59,133,96,157,138,178,164,173,66,126,198,159,140,118,109,29,154,156,106,19,108,146,43,128,85,152,111,83,181,82,192,139,33,13,172,195,40,37,15,35,88,145,189,194,31,171,116,57,0,113,196,89,5,141,119,74,183,63,51,72,147,65,102,115,14,45,55,155,184,161,80,114,177,169,191,11,104,180,163,170,95,137,90,125,149,32,68,97,100,7,175,179,27,150,136,144,70,168,17,103,105,142,190,188,120,176,42,47,132,166,123,44];False
2383;8302;10685;[4,67,193,48,10,1,91,129,8,84,122,73,174,135,21,99,16,77,112,71,56,18,62,120,24,197,26,9,143,20,3,2,121,160,92,49,130,22,38,34,124,94,75,12,165,153,187,127,39,107,87,76,50,53,93,23,30,134,58,86,69,64,101,151,54,158,199,6,117,98,25,110,81,52,182,28,162,78,60,79,185,148,167,61,41,36,46,131,59,133,96,157,138,178,164,173,66,126,198,159,140,118,109,29,154,156,106,19,108,146,43,128,85,152,111,83,70,82,192,139,33,13,172,195,40,37,15,35,88,145,189,194,31,171,116,57,0,113,196,89,5,141,119,74,183,63,51,72,147,65,102,115,14,45,55,155,184,161,80,114,177,169,191,11,104,180,163,170,95,137,90,125,149,32,68,97,100,7,175,179,27,150,136,144,181,168,17,103,105,142,190,188,186,176,42,47,132,166,123,44];False
2405;8280;10685;[4,67,193,48,197,1,91,129,8,84,122,73,174,135,21,99,16,77,112,71,56,18,62,120,24,10,26,9,143,20,3,2,121,160,92,49,130,22,38,34,124,94,75,12,165,153,187,127,39,107,87,76,50,53,93,23,30,134,58,86,69,64,101,151,54,158,199,6,117,98,25,110,81,52,182,28,162,78,60,79,185,148,167,61,41,36,46,131,59,133,96,157,138,178,164,173,66,126,198,159,140,118,109,29,154,156,106,19,108,146,43,128,85,152,111,83,181,82,192,139,33,13,172,195,40,37,15,35,88,145,189,194,31,171,116,57,0,113,196,89,5,141,119,74,183,63,51,72,147,65,102,115,14,45,55,155,184,161,80,114,177,169,191,11,104,180,163,170,95,137,90,125,149,32,68,97,100,7,175,179,27,150,136,144,70,168,17,103,105,142,190,188,186,176,42,47,132,166,123,44];False
2394;8291;10685;[4,67,59,48,10,1,91,129,8,84,122,73,174,135,21,99,16,77,112,71,56,18,62,120,24,197,26,9,143,20,3,2,121,160,92,49,130,22,38,34,124,94,75,12,165,153,187,127,39,107,87,76,50,53,93,23,30,134,58,86,69,64,101,151,54,158,199,6,117,98,25,110,81,52,182,28,162,78,60,79,185,148,167,61,41,36,46,131,193,133,96,157,138,178,164,173,66,126,198,159,140,118,109,29,154,156,106,19,108,146,43,128,85,152,111,83,181,82,192,139,33,13,172,195,40,37,15,35,88,145,189,194,31,171,116,57,0,113,196,89,5,141,119,74,183,63,51,72,147,65,102,115,14,45,55,155,184,161,80,114,177,169,191,11,104,180,163,170,95,137,90,125,149,32,68,97,100,7,175,179,27,150,136,144,70,168,17,103,105,142,190,188,186,176,42,47,132,166,123,44];False
2409;8276;10685;[4,67,193,48,10,1,91,129,8,84,122,73,174,135,21,99,16,77,112,71,56,18,62,120,24,197,26,9,143,20,3,2,121,160,92,49,130,22,38,34,124,94,75,12,165,153,187,127,39,107,87,76,50,53,93,23,30,134,58,86,69,64,101,151,54,158,199,6,117,98,25,110,81,52,182,28,162,78,60,79,185,148,167,61,41,36,46,131,59,133,96,157,138,178,164,173,66,126,198,159,140,118,109,29,154,156,106,19,108,146,43,128,85,152,111,83,181,82,80,139,33,13,172,195,40,37,15,35,88,145,189,194,31,171,116,57,0,113,196,89,5,141,119,74,183,63,51,72,147,65,102,115,14,45,55,155,184,161,192,114,177,169,191,11,104,180,163,170,95,137,90,125,149,32,68,97,100,7,175,179,27,150,136,144,70,168,17,103,105,142,190,188,186,176,42,47,132,166,123,44];False
2397;8287;10684;[4,67,193,48,10,1,91,129,8,84,122,73,174,135,21,99,16,77,112,71,56,18,62,120,24,197,26,9,143,20,3,2,121,160,92,49,130,22,38,34,124,94,75,12,165,153,187,127,39,107,87,76,50,53,93,23,30,134,58,86,69,64,166,151,54,158,199,6,117,98,25,110,81,52,182,28,162,78,60,79,185,148,167,61,41,36,46,131,59,133,96,157,138,178,164,173,66,126,198,159,140,118,109,29,154,156,106,19,108,146,43,128,85,152,111,83,181,82,192,139,33,13,172,195,40,37,15,35,88,145,189,194,31,171,116,57,0,113,196,89,5,141,119,74,183,63,51,72,147,65,102,115,14,45,55,155,184,161,80,114,177,169,191,11,104,180,163,170,95,137,90,125,149,32,68,97,100,7,175,179,27,150,136,144,70,168,17,103,105,142,190,188,186,176,42,47,132,101,123,44];False
2408;8276;10684;[4,67,193,48,10,1,91,129,8,84,122,73,174,135,21,99,16,77,112,71,56,18,62,120,24,197,26,9,143,20,3,2,121,160,92,49,130,22,38,34,124,94,75,12,165,153,187,127,39,107,87,76,50,53,93,23,30,134,58,86,69,64,101,151,54,158,199,6,117,98,25,110,81,52,182,28,162,78,60,79,185,148,167,61,41,36,46,131,59,133,96,157,138,178,164,13,66,126,198,159,140,118,109,29,154,156,106,19,108,146,43,128,85,152,111,83,181,82,192,139,33,173,172,195,40,37,15,35,88,145,189,194,31,171,116,57,0,113,196,89,5,141,119,74,183,63,51,72,147,65,102,115,14,45,55,155,184,161,80,114,177,169,191,11,104,180,163,170,95,137,90,125,149,32,68,97,100,7,175,179,27,150,136,144,70,168,17,103,105,142,190,188,186,176,42,47,132,166,123,44];False
2417;8267;10684;[4,67,193,48,10,1,91,129,8,84,122,73,174,135,21,99,16,77,112,71,56,18,62,120,24,197,26,9,143,20,3,2,121,160,92,49,130,22,38,34,124,94,75,12,165,153,187,127,39,107,87,76,50,53,93,23,30,134,58,86,69,64,101,151,54,158,199,6,117,98,25,110,81,52,182,28,162,78,60,79,185,148,167,61,41,36,46,131,59,133,96,157,138,178,164,173,66,126,198,159,140,118,109,29,154,156,106,19,108,146,43,128,85,152,111,83,181,82,192,139,33,13,172,195,40,37,15,35,88,145,189,194,31,171,116,57,0,113,196,89,5,141,119,74,183,63,51,72,147,65,102,115,14,103,55,155,184,161,80,114,177,169,191,11,104,180,163,170,95,137,90,125,149,32,68,97,100,7,175,179,27,150,136,144,70,168,17,45,105,142,190,188,186,176,42,47,132,166,123,44];False
2422;8262;10684;[4,67,193,48,10,1,91,129,8,84,122,73,174,135,21,99,16,77,112,76,56,18,62,120,24,197,26,9,143,20,3,2,121,160,92,49,130,22,38,34,124,94,75,12,165,153,187,127,39,107,87,71,50,53,93,23,30,134,58,86,69,64,101,151,54,158,199,6,117,98,25,110,81,52,182,28,162,78,60,79,185,148,167,61,41,36,46,131,59,133,96,157,138,178,164,173,66,126,198,159,140,118,109,29,154,156,106,19,108,146,43,128,85,152,111,83,181,82,192,139,33,13,172,195,40,37,15,35,88,145,189,194,31,171,116,57,0,113,196,89,5,141,119,74,183,63,51,72,147,65,102,115,14,45,55,155,184,161,80,114,177,169,191,11,104,180,163,170,95,137,90,125,149,32,68,97,100,7,175,179,27,150,136,144,70,168,17,103,105,142,190,188,186,176,42,47,132,166,123,44];False
2416;8268;10684;[4,67,193,48,10,1,91,129,8,84,122,73,174,135,21,99,16,77,112,71,56,18,62,120,24,197,26,9,143,20,3,2,121,160,92,49,130,175,38,34,124,94,75,12,165,153,187,127,39,107,87,76,50,53,93,23,30,134,58,86,69,64,101,151,54,158,199,6,117,98,25,110,81,52,182,28,162,78,60,79,185,148,167,61,41,36,46,131,59,133,96,157,138,178,164,173,66,126,198,159,140,118,109,29,154,156,106,19,108,146,43,128,85,152,111,83,181,82,192,139,33,13,172,195,40,37,15,35,88,145,189,194,31,171,116,57,0,113,196,89,5,141,119,74,183,63,51,72,147,65,102,115,14,45,55,155,184,161,80,114,177,169,191,11,104,180,163,170,95,137,90,125,149,32,68,97,100,7,22,179,27,150,136,144,70,168,17,103,105,142,190,188,186,176,42,47,132,166,123,44];False
2429;8255;10684;[4,67,193,48,10,1,91,129,8,84,122,73,174,135,21,99,16,77,112,71,56,18,62,120,24,197,26,9,143,20,3,2,121,160,92,49,130,22,38,34,124,94,75,12,165,153,187,127,39,107,87,76,50,53,93,23,30,134,58,86,69,64,176,151,54,158,199,6,117,98,25,110,81,52,182,28,162,78,60,79,185,148,167,61,41,36,46,131,59,133,96,157,138,178,164,173,66,126,198,159,140,118,109,29,154,156,106,19,108,146,43,128,85,152,111,83,181,82,192,139,33,13,172,195,40,37,15,35,88,145,189,194,31,171,116,57,0,113,196,89,5,141,119,74,183,63,51,72,147,65,102,115,14,45,55,155,184,161,80,114,177,169,191,11,104,180,163,170,95,137,90,125,149,32,68,97,100,7,175,179,27,150,136,144,70,168,17,103,105,142,190,188,186,101,42,47,132,166,123,44];False
2384;8300;10684;[4,67,193,48,10,1,91,129,8,84,122,73,174,135,21,99,16,77,112,71,56,18,62,120,24,197,26,9,143,20,3,2,121,160,92,49,130,22,38,34,124,94,75,12,165,153,187,127,39,107,87,76,50,53,59,23,30,134,58,86,69,64,101,151,54,158,199,6,117,98,25,110,81,52,182,28,162,78,60,79,185,148,167,61,41,36,46,131,93,133,96,157,138,178,164,173,66,126,198,159,140,118,109,29,154,156,106,19,108,146,43,128,85,152,111,83,181,82,192,139,33,13,172,195,40,37,15,35,88,145,189,194,31,171,116,57,0,113,196,89,5,141,119,74,183,63,51,72,147,65,102,115,14,45,55,155,184,161,80,114,177,169,191,11,104,180,163,170,95,137,90,125,149,32,68,97,100,7,175,179,27,150,136,144,70,168,17,103,105,142,190,188,186,176,42,47,132,166,123,44];False
2445;8239;10684;[4,67,193,48,10,1,91,129,8,84,122,73,174,135,21,99,16,77,112,71,56,18,62,120,119,197,26,9,143,20,3,2,121,160,92,49,130,22,38,34,124,94,75,12,165,153,187,127,39,107,87,76,50,53,93,23,30,134,58,86,69,64,101,151,54,158,199,6,117,98,25,110,81,52,182,28,162,78,60,79,185,148,167,61,41,36,46,131,59,133,96,157,138,178,164,173,66,126,198,159,140,118,109,29,154,156,106,19,108,146,43,128,85,152,111,83,181,82,192,139,33,13,172,195,40,37,15,35,88,145,189,194,31,171,116,57,0,113,196,89,5,141,24,74,183,63,51,72,147,65,102,115,14,45,55,155,184,161,80,114,177,169,191,11,104,180,163,170,95,137,90,125,149,32,68,97,100,7,175,179,27,150,136,144,70,168,17,103,105,142,190,188,186,176,42,47,132,166,123,44];False
2383;8301;10684;[4,67,193,48,10,1,91,129,8,84,122,73,174,135,21,99,16,77,112,71,56,18,62,120,24,197,26,9,143,20,3,2,121,160,92,49,130,22,38,34,124,94,75,12,165,153,187,127,39,107,87,76,50,53,93,23,30,134,58,86,69,64,101,151,54,158,199,6,117,138,25,110,81,52,182,28,162,78,60,79,185,148,167,61,41,36,46,131,59,133,96,157,98,178,164,173,66,126,198,159,140,118,109,29,154,156,106,19,108,146,43,128,85,152,111,83,181,82,192,139,33,13,172,195,40,37,15,35,88,145,189,194,31,171,116,57,0,113,196,89,5,141,119,74,183,63,51,72,147,65,102,115,14,45,55,155,184,161,80,114,177,169,191,11,104,180,163,170,95,137,90,125,149,32,68,97,100,7,175,179,27,150,136,144,70,168,17,103,105,142,190,188,186,176,42,47,132,166,123,44];False
2393;8291;10684;[4,67,193,48,10,1,91,129,8,84,122,73,174,135,21,99,16,77,112,71,56,18,62,120,24,197,26,9,143,20,3,2,121,160,92,49,130,22,19,34,124,94,75,12,165,153,187,127,39,107,87,76,50,53,93,23,30,134,58,86,69,64,101,151,54,158,199,6,117,98,25,110,81,52,182,28,162,78,60,79,185,148,167,61,41,36,46,131,59,133,96,157,138,178,164,173,66,126,198,159,140,118,109,29,154,156,106,38,108,146,43,128,85,152,111,83,181,82,192,139,33,13,172,195,40,37,15,35,88,145,189,194,31,171,116,57,0,113,196,89,5,141,119,74,183,63,51,72,147,65,102,115,14,45,55,155,184,161,80,114,177,169,191,11,104,180,163,170,95,137,90,125,149,32,68,97,100,7,175,179,27,150,136,144,70,168,17,103,105,142,190,188,186,176,42,47,132,166,123,44];False
2398;8286;10684;[4,67,193,48,10,1,91,129,8,84,122,73,174,135,21,99,16,77,112,71,56,18,62,120,24,197,26,9,143,20,3,2,121,160,92,49,130,22,38,34,124,94,75,12,165,153,187,127,39,107,87,76,50,53,93,23,30,134,58,86,69,64,101,151,54,158,199,6,117,98,25,110,81,52,182,28,162,78,60,79,185,148,167,61,41,36,46,131,59,133,96,157,138,178,164,173,66,126,198,159,140,118,109,29,154,156,106,19,108,146,43,128,85,152,111,83,181,82,192,139,33,13,184,195,40,37,15,35,88,145,189,194,31,171,116,57,0,113,196,89,5,141,119,74,183,63,51,72,147,65,102,115,14,45,55,155,172,161,80,114,177,169,191,11,104,180,163,170,95,137,90,125,149,32,68,97,100,7,175,179,27,150,136,144,70,168,17,103,105,142,190,188,186,176,42,47,132,166,123,44];False
2419;8265;10684;[4,67,193,48,10,1,91,129,8,84,122,73,174,135,21,99,16,77,112,71,56,18,62,120,24,197,26,9,143,20,3,2,121,160,92,49,130,22,38,34,124,94,75,12,165,153,187,127,39,107,87,76,50,53,93,23,30,134,58,86,69,64,101,151,54,158,199,6,117,98,25,110,81,52,182,28,180,78,60,79,185,148,167,61,41,36,46,131,59,133,96,157,138,178,164,173,66,126,198,159,140,118,109,29,154,156,106,19,108,146,43,128,85,152,111,83,181,82,192,139,33,13,172,195,40,37,15,35,88,145,189,194,31,171,116,57,0,113,196,89,5,141,119,74,183,63,51,72,147,65,102,115,14,45,55,155,184,161,80,114,177,169,191,11,104,162,163,170,95,137,90,125,149,32,68,97,100,7,175,179,27,150,136,144,70,168,17,103,105,142,190,188,186,176,42,47,132,166,123,44];False
2415;8269;10684;[4,67,193,48,10,1,91,129,8,84,122,73,174,135,21,99,16,77,112,71,56,18,62,120,24,197,26,9,143,20,3,2,121,160,92,49,130,22,38,34,124,94,75,12,165,153,187,127,39,107,87,76,50,53,93,23,30,134,58,86,69,64,101,151,54,158,199,6,117,98,25,110,81,52,182,28,162,78,60,79,185,148,167,61,41,36,46,131,59,133,96,157,138,178,164,173,66,126,198,159,140,118,109,29,154,156,106,19,108,146,43,128,85,152,111,83,181,82,192,139,33,13,172,195,40,37,15,35,88,145,189,194,31,171,116,190,0,113,196,89,5,141,119,74,183,63,51,72,147,65,102,115,14,45,55,155,184,161,80,114,177,169,191,11,104,180,163,170,95,137,90,125,149,32,68,97,100,7,175,179,27,150,136,144,70,168,17,103,105,142,57,188,186,176,42,47,132,166,123,44];False
2405;8279;10684;[4,67,193,48,10,1,91,129,8,84,122,73,174,135,21,99,16,77,112,71,56,18,62,120,24,197,26,9,143,20,3,2,121,160,92,49,130,22,38,34,124,94,75,12,165,153,187,127,39,107,87,76,50,53,93,23,30,134,58,86,69,64,101,151,54,158,199,6,117,98,25,110,81,52,182,28,162,78,60,79,185,148,167,61,41,36,46,131,59,133,96,157,138,178,164,173,66,126,198,159,140,118,109,29,154,156,106,19,108,146,43,128,85,152,111,83,181,82,192,139,33,13,172,195,40,37,15,35,88,145,189,194,31,171,116,57,0,113,196,89,5,141,119,74,183,105,51,72,147,65,102,115,14,45,55,155,184,161,80,114,177,169,191,11,104,180,163,170,95,137,90,125,149,32,68,97,100,7,175,179,27,150,136,144,70,168,17,103,63,142,190,188,186,176,42,47,132,166,123,44];False
2403;8281;10684;[4,67,193,48,10,1,91,129,8,84,122,73,174,135,21,99,16,77,112,71,56,18,62,120,24,197,26,9,143,20,3,2,121,160,92,49,130,170,38,34,124,94,75,12,165,153,187,127,39,107,87,76,50,53,93,23,30,134,58,86,69,64,101,151,54,158,199,6,117,98,25,110,81,52,182,28,162,78,60,79,185,148,167,61,41,36,46,131,59,133,96,157,138,178,164,173,66,126,198,159,140,118,109,29,154,156,106,19,108,146,43,128,85,152,111,83,181,82,192,139,33,13,172,195,40,37,15,35,88,145,189,194,31,171,116,57,0,113,196,89,5,141,119,74,183,63,51,72,147,65,102,115,14,45,55,155,184,161,80,114,177,169,191,11,104,180,163,22,95,137,90,125,149,32,68,97,100,7,175,179,27,150,136,144,70,168,17,103,105,142,190,188,186,176,42,47,132,166,123,44];False
2397;8287;10684;[4,67,193,48,10,1,91,129,8,84,122,73,174,135,21,99,16,77,112,71,56,18,62,120,24,197,26,9,143,20,3,2,121,160,92,49,130,22,38,34,124,94,75,12,165,153,187,127,39,107,87,76,50,53,93,23,30,134,58,86,69,64,101,151,54,158,199,6,117,98,25,110,81,52,182,28,162,78,60,79,185,148,167,61,41,36,46,131,59,133,96,157,138,178,164,173,66,126,198,159,140,32,109,29,154,156,106,19,108,146,43,128,85,152,111,83,181,82,192,139,33,13,172,195,40,37,15,35,88,145,189,194,31,171,116,57,0,113,196,89,5,141,119,74,183,63,51,72,147,65,102,115,14,45,55,155,184,161,80,114,177,169,191,11,104,180,163,170,95,137,90,125,149,118,68,97,100,7,175,179,27,150,136,144,70,168,17,103,105,142,190,188,186,176,42,47,132,166,123,44];False
2387;8296;10683;[4,67,193,48,10,1,91,129,8,84,122,73,174,135,21,99,16,77,112,71,56,18,62,120,24,197,26,9,143,20,3,2,121,160,92,49,130,22,38,34,124,94,75,12,165,153,187,127,39,107,87,76,50,53,93,23,30,134,58,86,69,64,101,151,54,158,199,6,117,98,25,110,81,52,182,28,162,78,60,79,185,148,167,61,41,36,46,131,59,133,96,157,138,178,164,173,66,126,198,159,140,118,109,29,154,156,106,19,108,146,43,14,85,152,111,83,181,82,192,139,33,13,172,195,40,37,15,35,88,145,189,194,31,171,116,57,0,113,196,89,5,141,119,74,183,63,51,72,147,65,102,115,128,45,55,155,184,161,80,114,177,169,191,11,104,180,163,170,95,137,90,125,149,32,68,97,100,7,175,179,27,150,136,144,70,168,17,103,105,142,190,188,186,176,42,47,132,166,123,44];False
2365;8318;10683;[4,67,193,48,10,1,91,129,8,84,122,73,174,135,21,99,16,77,112,71,56,18,62,120,24,197,26,9,143,20,3,2,121,160,92,49,130,22,38,34,124,94,75,12,165,153,187,127,39,107,87,76,50,53,93,23,30,134,58,86,69,108,101,151,54,158,199,6,117,98,25,110,81,52,182,28,162,78,60,79,185,148,167,61,41,36,46,131,59,133,96,157,138,178,164,173,66,126,198,159,140,118,109,29,154,156,106,19,64,146,43,128,85,152,111,83,181,82,192,139,33,13,172,195,40,37,15,35,88,145,189,194,31,171,116,57,0,113,196,89,5,141,119,74,183,63,51,72,147,65,102,115,14,45,55,155,184,161,80,114,177,169,191,11,104,180,163,170,95,137,90,125,149,32,68,97,100,7,175,179,27,150,136,144,70,168,17,103,105,142,190,188,186,176,42,47,132,166,123,44];False
2392;8291;10683;[4,67,120,48,10,1,91,129,8,84,122,73,174,135,21,99,16,77,112,71,56,18,62,193,24,197,26,9,143,20,3,2,121,160,92,49,130,22,38,34,124,94,75,12,165,153,187,127,39,107,87,76,50,53,93,23,30,134,58,86,69,64,101,151,54,158,199,6,117,98,25,110,81,52,182,28,162,78,60,79,185,148,167,61,41,36,46,131,59,133,96,157,138,178,164,173,66,126,198,159,140,118,109,29,154,156,106,19,108,146,43,128,85,152,111,83,181,82,192,139,33,13,172,195,40,37,15,35,88,145,189,194,31,171,116,57,0,113,196,89,5,141,119,74,183,63,51,72,147,65,102,115,14,45,55,155,184,161,80,114,177,169,191,11,104,180,163,170,95,137,90,125,149,32,68,97,100,7,175,179,27,150,136,144,70,168,17,103,105,142,190,188,186,176,42,47,132,166,123,44];False
2370;8313;10683;[4,67,193,48,10,1,91,187,8,84,122,73,174,135,21,99,16,77,112,71,56,18,62,120,24,197,26,9,143,20,3,2,121,160,92,49,130,22,38,34,124,94,75,12,165,153,129,127,39,107,87,76,50,53,93,23,30,134,58,86,69,64,101,151,54,158,199,6,117,98,25,110,81,52,182,28,162,78,60,79,185,148,167,61,41,36,46,131,59,133,96,157,138,178,164,173,66,126,198,159,140,118,109,29,154,156,106,19,108,146,43,128,85,152,111,83,181,82,192,139,33,13,172,195,40,37,15,35,88,145,189,194,31,171,116,57,0,113,196,89,5,141,119,74,183,63,51,72,147,65,102,115,14,45,55,155,184,161,80,114,177,169,191,11,104,180,163,170,95,137,90,125,149,32,68,97,100,7,175,179,27,150,136,144,70,168,17,103,105,142,190,188,186,176,42,47,132,166,123,44];False
2335;8348;10683;[4,67,193,48,10,1,91,129,8,84,122,73,174,135,21,99,16,77,112,71,56,18,62,120,24,197,26,9,143,20,3,2,121,160,92,49,130,22,38,34,124,94,75,12,165,153,187,127,39,107,87,76,50,53,93,23,30,134,58,86,69,64,101,151,54,158,199,6,117,98,25,110,81,52,182,28,162,78,123,79,185,148,167,61,41,36,46,131,59,133,96,157,138,178,164,173,66,126,198,159,140,118,109,29,154,156,106,19,108,146,43,128,85,152,111,83,181,82,192,139,33,13,172,195,40,37,15,35,88,145,189,194,31,171,116,57,0,113,196,89,5,141,119,74,183,63,51,72,147,65,102,115,14,45,55,155,184,161,80,114,177,169,191,11,104,180,163,170,95,137,90,125,149,32,68,97,100,7,175,179,27,150,136,144,70,168,17,103,105,142,190,188,186,176,42,47,132,166,60,44];False
2398;8285;10683;[4,67,193,48,10,1,91,129,8,84,122,73,174,135,21,99,16,77,112,71,56,18,62,120,24,197,26,9,143,20,3,2,121,160,92,49,130,22,38,34,124,94,75,12,165,153,187,127,39,107,87,76,50,53,93,23,30,134,58,86,69,64,101,151,54,158,199,6,117,98,25,110,81,52,182,28,162,78,60,79,185,148,167,61,41,36,46,131,59,133,96,157,138,178,164,173,44,126,198,159,140,118,109,29,154,156,106,19,108,146,43,128,85,152,111,83,181,82,192,139,33,13,172,195,40,37,15,35,88,145,189,194,31,171,116,57,0,113,196,89,5,141,119,74,183,63,51,72,147,65,102,115,14,45,55,155,184,161,80,114,177,169,191,11,104,180,163,170,95,137,90,125,149,32,68,97,100,7,175,179,27,150,136,144,70,168,17,103,105,142,190,188,186,176,42,47,132,166,123,66];False
2397;8286;10683;[4,67,193,48,10,1,91,129,8,84,122,73,174,135,21,99,16,77,112,71,56,18,62,120,24,197,26,9,143,20,3,2,121,160,92,49,130,22,38,34,124,94,75,12,165,153,187,127,39,107,87,76,50,53,93,23,30,134,58,86,69,64,101,151,54,158,199,6,117,98,25,110,81,52,182,28,162,78,60,79,185,148,167,61,41,36,46,131,59,133,96,157,138,178,164,173,66,126,198,159,140,118,109,29,154,156,106,19,11,146,43,128,85,152,111,83,181,82,192,139,33,13,172,195,40,37,15,35,88,145,189,194,31,171,116,57,0,113,196,89,5,141,119,74,183,63,51,72,147,65,102,115,14,45,55,155,184,161,80,114,177,169,191,108,104,180,163,170,95,137,90,125,149,32,68,97,100,7,175,179,27,150,136,144,70,168,17,103,105,142,190,188,186,176,42,47,132,166,123,44];False
2401;8281;10682;[4,67,193,48,10,1,101,129,8,84,122,73,174,135,21,99,16,77,112,71,56,18,62,120,24,197,26,9,143,20,3,2,121,160,92,49,130,22,38,34,124,94,75,12,165,153,187,127,39,107,87,76,50,53,93,23,30,134,58,86,69,64,91,151,54,158,199,6,117,98,25,110,81,52,182,28,162,78,60,79,185,148,167,61,41,36,46,131,59,133,96,157,138,178,164,173,66,126,198,159,140,118,109,29,154,156,106,19,108,146,43,128,85,152,111,83,181,82,192,139,33,13,172,195,40,37,15,35,88,145,189,194,31,171,116,57,0,113,196,89,5,141,119,74,183,63,51,72,147,65,102,115,14,45,55,155,184,161,80,114,177,169,191,11,104,180,163,170,95,137,90,125,149,32,68,97,100,7,175,179,27,150,136,144,70,168,17,103,105,142,190,188,186,176,42,47,132,166,123,44];False
2436;8246;10682;[4,67,193,48,10,1,91,129,8,84,122,73,174,135,21,99,16,77,112,71,56,18,62,120,24,197,26,9,143,20,3,2,121,160,92,49,130,22,38,34,124,94,75,12,165,153,187,127,39,107,87,76,50,53,93,23,30,134,58,86,69,64,101,151,54,158,199,102,117,98,25,110,81,52,182,28,162,78,60,79,185,148,167,61,41,36,46,131,59,133,96,157,138,178,164,173,66,126,198,159,140,118,109,29,154,156,106,19,108,146,43,128,85,152,111,83,181,82,192,139,33,13,172,195,40,37,15,35,88,145,189,194,31,171,116,57,0,113,196,89,5,141,119,74,183,63,51,72,147,65,6,115,14,45,55,155,184,161,80,114,177,169,191,11,104,180,163,170,95,137,90,125,149,32,68,97,100,7,175,179,27,150,136,144,70,168,17,103,105,142,190,188,186,176,42,47,132,166,123,44];False
2442;8240;10682;[4,67,193,48,10,1,91,129,8,84,122,73,174,135,21,99,16,77,112,71,56,18,62,120,24,197,26,9,143,20,3,2,121,160,92,49,130,22,38,34,124,94,75,12,165,153,187,127,39,107,87,76,50,53,93,23,30,134,58,86,69,64,101,7,54,158,199,6,117,98,25,110,81,52,182,28,162,78,60,79,185,148,167,61,41,36,46,131,59,133,96,157,138,178,164,173,66,126,198,159,140,118,109,29,154,156,106,19,108,146,43,128,85,152,111,83,181,82,192,139,33,13,172,195,40,37,15,35,88,145,189,194,31,171,116,57,0,113,196,89,5,141,119,74,183,63,51,72,147,65,102,115,14,45,55,155,184,161,80,114,177,169,191,11,104,180,163,170,95,137,90,125,149,32,68,97,100,151,175,179,27,150,136,144,70,168,17,103,105,142,190,188,186,176,42,47,132,166,123,44];False
2395;8287;10682;[4,67,193,48,10,1,91,129,8,84,122,73,174,135,21,99,16,77,112,71,56,18,62,120,24,197,26,9,143,20,3,2,121,160,92,49,130,22,38,34,124,94,75,12,165,153,187,127,39,107,87,76,50,53,93,23,30,134,58,86,69,64,101,151,54,158,199,6,117,98,25,110,81,52,182,28,162,96,60,79,185,148,167,61,41,36,46,131,59,133,78,157,138,178,164,173,66,126,198,159,140,118,109,29,154,156,106,19,108,146,43,128,85,152,111,83,181,82,192,139,33,13,172,195,40,37,15,35,88,145,189,194,31,171,116,57,0,113,196,89,5,141,119,74,183,63,51,72,147,65,102,115,14,45,55,155,184,161,80,114,177,169,191,11,104,180,163,170,95,137,90,125,149,32,68,97,100,7,175,179,27,150,136,144,70,168,17,103,105,142,190,188,186,176,42,47,132,166,123,44];False
2437;8245;10682;[4,67,193,48,10,1,91,129,8,84,122,73,174,135,21,99,16,77,112,71,56,18,62,120,24,197,26,9,143,20,3,2,121,160,92,49,130,22,38,34,124,94,75,12,165,153,187,127,39,107,87,76,50,53,93,23,30,134,58,86,69,64,101,151,54,158,199,6,117,98,25,110,81,52,182,28,162,78,60,79,185,148,167,61,41,36,46,131,59,186,96,157,138,178,164,173,66,126,198,159,140,118,109,29,154,156,106,19,108,146,43,128,85,152,111,83,181,82,192,139,33,13,172,195,40,37,15,35,88,145,189,194,31,171,116,57,0,113,196,89,5,141,119,74,183,63,51,72,147,65,102,115,14,45,55,155,184,161,80,114,177,169,191,11,104,180,163,170,95,137,90,125,149,32,68,97,100,7,175,179,27,150,136,144,70,168,17,103,105,142,190,188,133,176,42,47,132,166,123,44];False
2403;8279;10682;[4,67,193,48,10,1,91,129,8,84,122,73,174,135,21,99,16,77,112,71,56,18,62,120,24,197,26,9,143,20,3,2,121,160,92,49,130,22,38,34,124,94,75,12,165,153,187,127,39,107,87,76,50,53,93,23,30,134,58,86,69,64,101,151,54,158,199,6,117,98,25,110,81,52,182,28,162,78,60,79,185,148,167,61,41,36,46,131,59,133,96,157,138,178,164,173,66,126,198,159,140,118,109,29,154,156,106,19,108,146,43,128,85,152,111,83,181,82,192,139,33,13,172,195,40,37,15,35,88,145,189,194,31,171,116,57,0,113,196,89,5,141,119,74,183,63,51,72,147,65,102,115,14,45,55,155,184,161,80,114,177,169,104,11,191,180,163,170,95,137,90,125,149,32,68,97,100,7,175,179,27,150,136,144,70,168,17,103,105,142,190,188,186,176,42,47,132,166,123,44];False
2384;8298;10682;[4,67,193,48,10,1,91,129,8,84,122,73,174,135,21,99,16,77,112,71,56,18,62,120,24,197,26,9,143,20,3,2,121,160,92,49,130,22,38,34,124,94,75,12,165,153,187,127,39,107,87,76,50,53,93,23,30,134,58,86,69,64,101,151,54,158,199,6,117,98,25,110,81,52,182,28,162,78,60,79,185,148,167,61,41,36,46,131,59,133,96,157,138,178,164,173,66,126,198,159,140,118,109,29,154,156,106,19,108,146,43,128,85,152,111,83,181,82,137,139,33,13,172,195,40,37,15,35,88,145,189,194,31,171,116,57,0,113,196,89,5,141,119,74,183,63,51,72,147,65,102,115,14,45,55,155,184,161,80,114,177,169,191,11,104,180,163,170,95,192,90,125,149,32,68,97,100,7,175,179,27,150,136,144,70,168,17,103,105,142,190,188,186,176,42,47,132,166,123,44];False
2409;8273;10682;[4,67,193,48,10,1,91,129,8,84,122,73,174,135,21,99,16,77,112,71,56,18,62,120,24,197,26,9,143,20,3,2,121,160,92,49,130,22,38,34,124,94,75,12,165,153,187,127,39,107,87,76,50,53,93,23,30,134,58,86,69,64,101,151,54,158,199,6,117,98,25,110,81,52,182,28,162,78,60,79,185,148,167,61,41,36,46,131,59,133,96,157,138,178,164,173,66,126,198,159,140,118,109,29,154,156,106,19,108,146,43,128,85,152,111,83,181,82,192,139,33,13,172,195,40,37,15,35,88,145,189,194,31,171,190,57,0,113,196,89,5,141,119,74,183,63,51,72,147,65,102,115,14,45,55,155,184,161,80,114,177,169,191,11,104,180,163,170,95,137,90,125,149,32,68,97,100,7,175,179,27,150,136,144,70,168,17,103,105,142,116,188,186,176,42,47,132,166,123,44];False
2370;8312;10682;[4,67,193,48,10,1,91,129,8,84,122,73,174,135,21,88,16,77,112,71,56,18,62,120,24,197,26,9,143,20,3,2,121,160,92,49,130,22,38,34,124,94,75,12,165,153,187,127,39,107,87,76,50,53,93,23,30,134,58,86,69,64,101,151,54,158,199,6,117,98,25,110,81,52,182,28,162,78,60,79,185,148,167,61,41,36,46,131,59,133,96,157,138,178,164,173,66,126,198,159,140,118,109,29,154,156,106,19,108,146,43,128,85,152,111,83,181,82,192,139,33,13,172,195,40,37,15,35,99,145,189,194,31,171,116,57,0,113,196,89,5,141,119,74,183,63,51,72,147,65,102,115,14,45,55,155,184,161,80,114,177,169,191,11,104,180,163,170,95,137,90,125,149,32,68,97,100,7,175,179,27,150,136,144,70,168,17,103,105,142,190,188,186,176,42,47,132,166,123,44];False
2402;8280;10682;[4,67,193,48,10,1,91,129,8,84,122,73,174,135,21,99,16,77,112,71,56,18,62,120,24,197,26,9,143,20,3,2,121,160,92,49,130,22,38,34,124,94,75,12,165,153,187,127,39,107,87,76,50,53,93,23,30,134,58,86,69,64,101,151,54,158,199,6,117,98,25,110,81,52,182,28,162,78,60,79,185,148,167,61,41,36,46,131,59,133,96,157,138,178,164,173,66,126,198,159,140,118,109,29,154,156,106,19,108,146,43,128,85,152,111,83,181,82,192,139,33,13,172,195,40,37,15,35,88,145,189,194,31,171,116,57,0,113,196,89,161,141,119,74,183,63,51,72,147,65,102,115,14,45,55,155,184,5,80,114,177,169,191,11,104,180,163,170,95,137,90,125,149,32,68,97,100,7,175,179,27,150,136,144,70,168,17,103,105,142,190,188,186,176,42,47,132,166,123,44];False
2386;8296;10682;[4,67,193,48,10,1,91,129,8,84,122,73,174,135,21,99,16,77,112,71,56,18,62,120,24,197,26,9,143,20,3,2,121,160,92,49,130,22,38,34,124,94,75,12,165,153,187,127,39,107,87,76,50,53,93,109,30,134,58,86,69,64,101,151,54,158,199,6,117,98,25,110,81,52,182,28,162,78,60,79,185,148,167,61,41,36,46,131,59,133,96,157,138,178,164,173,66,126,198,159,140,118,23,29,154,156,106,19,108,146,43,128,85,152,111,83,181,82,192,139,33,13,172,195,40,37,15,35,88,145,189,194,31,171,116,57,0,113,196,89,5,141,119,74,183,63,51,72,147,65,102,115,14,45,55,155,184,161,80,114,177,169,191,11,104,180,163,170,95,137,90,125,149,32,68,97,100,7,175,179,27,150,136,144,70,168,17,103,105,142,190,188,186,176,42,47,132,166,123,44];False
2410;8272;10682;[4,67,193,48,10,1,91,129,8,84,122,73,174,135,21,99,16,77,112,71,56,18,62,120,24,197,26,9,143,20,3,2,121,160,92,49,130,22,38,34,124,94,75,12,165,153,187,127,39,107,87,76,50,53,93,23,30,134,58,86,69,64,101,151,54,158,199,6,117,98,25,110,81,52,182,28,162,78,60,79,185,148,167,61,41,36,46,131,59,133,96,157,138,178,164,173,66,126,198,159,140,118,109,29,154,156,106,19,108,146,43,128,85,152,111,83,181,82,115,139,33,13,172,195,40,37,15,35,88,145,189,194,31,171,116,57,0,113,196,89,5,141,119,74,183,63,51,72,147,65,102,192,14,45,55,155,184,161,80,114,177,169,191,11,104,180,163,170,95,137,90,125,149,32,68,97,100,7,175,179,27,150,136,144,70,168,17,103,105,142,190,188,186,176,42,47,132,166,123,44];False
2381;8301;10682;[4,67,193,48,10,1,91,129,8,101,122,73,174,135,21,99,16,77,112,71,56,18,62,120,24,197,26,9,143,20,3,2,121,160,92,49,130,22,38,34,124,94,75,12,165,153,187,127,39,107,87,76,50,53,93,23,30,134,58,86,69,64,84,151,54,158,199,6,117,98,25,110,81,52,182,28,162,78,60,79,185,148,167,61,41,36,46,131,59,133,96,157,138,178,164,173,66,126,198,159,140,118,109,29,154,156,106,19,108,146,43,128,85,152,111,83,181,82,192,139,33,13,172,195,40,37,15,35,88,145,189,194,31,171,116,57,0,113,196,89,5,141,119,74,183,63,51,72,147,65,102,115,14,45,55,155,184,161,80,114,177,169,191,11,104,180,163,170,95,137,90,125,149,32,68,97,100,7,175,179,27,150,136,144,70,168,17,103,105,142,190,188,186,176,42,47,132,166,123,44];False
2426;8256;10682;[4,67,193,48,10,1,91,129,8,84,122,73,174,135,21,99,16,77,112,71,56,18,62,120,24,197,26,9,143,20,164,2,121,160,92,49,130,22,38,34,124,94,75,12,165,153,187,127,39,107,87,76,50,53,93,23,30,134,58,86,69,64,101,151,54,158,199,6,117,98,25,110,81,52,182,28,162,78,60,79,185,148,167,61,41,36,46,131,59,133,96,157,138,178,3,173,66,126,198,159,140,118,109,29,154,156,106,19,108,146,43,128,85,152,111,83,181,82,192,139,33,13,172,195,40,37,15,35,88,145,189,194,31,171,116,57,0,113,196,89,5,141,119,74,183,63,51,72,147,65,102,115,14,45,55,155,184,161,80,114,177,169,191,11,104,180,163,170,95,137,90,125,149,32,68,97,100,7,175,179,27,150,136,144,70,168,17,103,105,142,190,188,186,176,42,47,132,166,123,44];False
2383;8298;10681;[4,67,193,48,10,1,91,129,8,84,122,73,174,135,21,99,16,77,112,71,56,18,62,120,24,197,26,9,143,20,3,2,121,160,92,49,25,22,38,34,124,94,75,12,165,153,187,127,39,107,87,76,50,53,93,23,30,134,58,86,69,64,101,151,54,158,199,6,117,98,130,110,81,52,182,28,162,78,60,79,185,148,167,61,41,36,46,131,59,133,96,157,138,178,164,173,66,126,198,159,140,118,109,29,154,156,106,19,108,146,43,128,85,152,111,83,181,82,192,139,33,13,172,195,40,37,15,35,88,145,189,194,31,171,116,57,0,113,196,89,5,141,119,74,183,63,51,72,147,65,102,115,14,45,55,155,184,161,80,114,177,169,191,11,104,180,163,170,95,137,90,125,149,32,68,97,100,7,175,179,27,150,136,144,70,168,17,103,105,142,190,188,186,176,42,47,132,166,123,44];False
2422;8259;10681;[4,67,193,48,10,1,91,190,8,84,122,73,174,135,21,99,16,77,112,71,56,18,62,120,24,197,26,9,143,20,3,2,121,160,92,49,130,22,38,34,124,94,75,12,165,153,187,127,39,107,87,76,50,53,93,23,30,134,58,86,69,64,101,151,54,158,199,6,117,98,25,110,81,52,182,28,162,78,60,79,185,148,167,61,41,36,46,131,59,133,96,157,138,178,164,173,66,126,198,159,140,118,109,29,154,156,106,19,108,146,43,128,85,152,111,83,181,82,192,139,33,13,172,195,40,37,15,35,88,145,189,194,31,171,116,57,0,113,196,89,5,141,119,74,183,63,51,72,147,65,102,115,14,45,55,155,184,161,80,114,177,169,191,11,104,180,163,170,95,137,90,125,149,32,68,97,100,7,175,179,27,150,136,144,70,168,17,103,105,142,129,188,186,176,42,47,132,166,123,44];False
2405;8276;10681;[4,67,193,48,10,1,91,129,8,84,122,73,174,135,21,99,16,77,112,71,56,18,62,120,24,197,26,9,143,20,3,2,121,160,92,49,130,22,38,34,124,94,75,12,165,153,187,127,39,107,87,76,50,53,93,19,30,134,58,86,69,64,101,151,54,158,199,6,117,98,25,110,81,52,182,28,162,78,60,79,185,148,167,61,41,36,46,131,59,133,96,157,138,178,164,173,66,126,198,159,140,118,109,29,154,156,106,23,108,146,43,128,85,152,111,83,181,82,192,139,33,13,172,195,40,37,15,35,88,145,189,194,31,171,116,57,0,113,196,89,5,141,119,74,183,63,51,72,147,65,102,115,14,45,55,155,184,161,80,114,177,169,191,11,104,180,163,170,95,137,90,125,149,32,68,97,100,7,175,179,27,150,136,144,70,168,17,103,105,142,190,188,186,176,42,47,132,166,123,44];False
2404;8277;10681;[4,67,193,48,10,1,91,129,8,84,122,73,174,135,21,99,16,77,112,71,56,18,62,120,24,197,26,9,143,20,3,2,121,160,92,49,130,22,38,34,124,94,75,12,165,153,187,127,39,191,87,76,50,53,93,23,30,134,58,86,69,64,101,151,54,158,199,6,117,98,25,110,81,52,182,28,162,78,60,79,185,148,167,61,41,36,46,131,59,133,96,157,138,178,164,173,66,126,198,159,140,118,109,29,154,156,106,19,108,146,43,128,85,152,111,83,181,82,192,139,33,13,172,195,40,37,15,35,88,145,189,194,31,171,116,57,0,113,196,89,5,141,119,74,183,63,51,72,147,65,102,115,14,45,55,155,184,161,80,114,177,169,107,11,104,180,163,170,95,137,90,125,149,32,68,97,100,7,175,179,27,150,136,144,70,168,17,103,105,142,190,188,186,176,42,47,132,166,123,44];False
2414;8267;10681;[4,67,193,48,10,1,91,129,8,84,122,73,174,135,21,99,16,77,112,71,56,18,62,120,24,197,26,9,143,20,3,2,121,160,92,49,130,22,38,34,124,94,75,12,165,153,187,127,39,107,87,76,50,53,93,23,30,134,58,86,69,64,101,151,54,158,199,6,117,98,25,110,81,52,182,28,162,78,60,79,185,148,167,61,41,36,46,131,59,133,96,157,138,178,164,173,66,126,198,159,102,118,109,29,154,156,106,19,108,146,43,128,85,152,111,83,181,82,192,139,33,13,172,195,40,37,15,35,88,145,189,194,31,171,116,57,0,113,196,89,5,141,119,74,183,63,51,72,147,65,140,115,14,45,55,155,184,161,80,114,177,169,191,11,104,180,163,170,95,137,90,125,149,32,68,97,100,7,175,179,27,150,136,144,70,168,17,103,105,142,190,188,186,176,42,47,132,166,123,44];False
2401;8280;10681;[4,67,193,48,10,1,91,129,8,84,122,73,174,135,21,99,16,77,112,71,56,18,62,120,24,197,26,9,143,20,3,2,121,160,92,49,130,22,38,34,124,94,75,12,165,153,187,127,39,107,87,76,50,53,93,23,30,134,58,86,69,64,101,151,54,158,199,6,117,98,25,110,81,52,182,28,162,78,60,79,185,148,167,163,41,36,46,131,59,133,96,157,138,178,164,173,66,126,198,159,140,118,109,29,154,156,106,19,108,146,43,128,85,152,111,83,181,82,192,139,33,13,172,195,40,37,15,35,88,145,189,194,31,171,116,57,0,113,196,89,5,141,119,74,183,63,51,72,147,65,102,115,14,45,55,155,184,161,80,114,177,169,191,11,104,180,61,170,95,137,90,125,149,32,68,97,100,7,175,179,27,150,136,144,70,168,17,103,105,142,190,188,186,176,42,47,132,166,123,44];False
2397;8284;10681;[4,67,193,48,10,1,91,129,8,84,122,73,174,135,21,99,16,77,112,71,56,18,62,120,24,197,26,9,143,20,3,2,121,160,92,49,130,22,38,34,124,94,75,12,165,153,187,127,39,107,87,76,50,53,93,23,30,134,58,86,69,64,101,151,54,158,199,6,117,98,25,110,81,52,182,28,162,78,60,79,185,148,167,61,41,36,46,131,59,133,96,157,138,178,164,173,66,126,198,159,140,118,109,29,154,147,106,19,108,146,43,128,85,152,111,83,181,82,192,139,33,13,172,195,40,37,15,35,88,145,189,194,31,171,116,57,0,113,196,89,5,141,119,74,183,63,51,72,156,65,102,115,14,45,55,155,184,161,80,114,177,169,191,11,104,180,163,170,95,137,90,125,149,32,68,97,100,7,175,179,27,150,136,144,70,168,17,103,105,142,190,188,186,176,42,47,132,166,123,44];False
2439;8242;10681;[4,67,193,48,10,1,91,129,8,84,122,73,174,135,21,99,16,77,112,71,56,18,62,120,24,197,26,9,143,20,3,2,121,160,92,49,130,22,38,34,124,94,75,12,165,153,187,127,39,107,87,76,50,53,93,189,30,134,58,86,69,64,101,151,54,158,199,6,117,98,25,110,81,52,182,28,162,78,60,79,185,148,167,61,41,36,46,131,59,133,96,157,138,178,164,173,66,126,198,159,140,118,109,29,154,156,106,19,108,146,43,128,85,152,111,83,181,82,192,139,33,13,172,195,40,37,15,35,88,145,23,194,31,171,116,57,0,113,196,89,5,141,119,74,183,63,51,72,147,65,102,115,14,45,55,155,184,161,80,114,177,169,191,11,104,180,163,170,95,137,90,125,149,32,68,97,100,7,175,179,27,150,136,144,70,168,17,103,105,142,190,188,186,176,42,47,132,166,123,44];False
2422;8259;10681;[4,67,193,48,10,1,91,129,8,84,122,73,174,135,21,99,16,77,112,71,56,18,62,120,24,197,26,9,143,20,3,2,121,160,92,49,130,192,38,34,124,94,75,12,165,153,187,127,39,107,87,76,50,53,93,23,30,134,58,86,69,64,101,151,54,158,199,6,117,98,25,110,81,52,182,28,162,78,60,79,185,148,167,61,41,36,46,131,59,133,96,157,138,178,164,173,66,126,198,159,140,118,109,29,154,156,106,19,108,146,43,128,85,152,111,83,181,82,22,139,33,13,172,195,40,37,15,35,88,145,189,194,31,171,116,57,0,113,196,89,5,141,119,74,183,63,51,72,147,65,102,115,14,45,55,155,184,161,80,114,177,169,191,11,104,180,163,170,95,137,90,125,149,32,68,97,100,7,175,179,27,150,136,144,70,168,17,103,105,142,190,188,186,176,42,47,132,166,123,44];False
2338;8343;10681;[4,67,193,48,10,1,91,129,8,84,122,73,174,135,21,99,16,77,112,71,56,18,62,120,24,197,26,114,143,20,3,2,121,160,92,49,130,22,38,34,124,94,75,12,165,153,187,127,39,107,87,76,50,53,93,23,30,134,58,86,69,64,101,151,54,158,199,6,117,98,25,110,81,52,182,28,162,78,60,79,185,148,167,61,41,36,46,131,59,133,96,157,138,178,164,173,66,126,198,159,140,118,109,29,154,156,106,19,108,146,43,128,85,152,111,83,181,82,192,139,33,13,172,195,40,37,15,35,88,145,189,194,31,171,116,57,0,113,196,89,5,141,119,74,183,63,51,72,147,65,102,115,14,45,55,155,184,161,80,9,177,169,191,11,104,180,163,170,95,137,90,125,149,32,68,97,100,7,175,179,27,150,136,144,70,168,17,103,105,142,190,188,186,176,42,47,132,166,123,44];False
2345;8336;10681;[4,67,193,48,10,1,91,129,8,84,122,73,174,135,21,99,16,77,112,71,56,18,62,120,24,197,26,9,143,20,3,2,121,160,92,49,130,22,38,34,124,94,75,12,165,153,187,127,39,107,87,76,50,53,93,23,30,134,58,86,69,64,101,155,54,158,199,6,117,98,25,110,81,52,182,28,162,78,60,79,185,148,167,61,41,36,46,131,59,133,96,157,138,178,164,173,66,126,198,159,140,118,109,29,154,156,106,19,108,146,43,128,85,152,111,83,181,82,192,139,33,13,172,195,40,37,15,35,88,145,189,194,31,171,116,57,0,113,196,89,5,141,119,74,183,63,51,72,147,65,102,115,14,45,55,151,184,161,80,114,177,169,191,11,104,180,163,170,95,137,90,125,149,32,68,97,100,7,175,179,27,150,136,144,70,168,17,103,105,142,190,188,186,176,42,47,132,166,123,44];False
2407;8274;10681;[4,67,193,48,10,1,91,129,8,84,122,73,174,135,21,99,16,77,112,71,56,18,62,120,24,197,26,9,143,20,3,2,121,160,92,49,130,22,38,34,124,28,75,12,165,153,187,127,39,107,87,76,50,53,93,23,30,134,58,86,69,64,101,151,54,158,199,6,117,98,25,110,81,52,182,94,162,78,60,79,185,148,167,61,41,36,46,131,59,133,96,157,138,178,164,173,66,126,198,159,140,118,109,29,154,156,106,19,108,146,43,128,85,152,111,83,181,82,192,139,33,13,172,195,40,37,15,35,88,145,189,194,31,171,116,57,0,113,196,89,5,141,119,74,183,63,51,72,147,65,102,115,14,45,55,155,184,161,80,114,177,169,191,11,104,180,163,170,95,137,90,125,149,32,68,97,100,7,175,179,27,150,136,144,70,168,17,103,105,142,190,188,186,176,42,47,132,166,123,44];False
2359;8322;10681;[4,67,193,48,10,1,91,129,8,84,122,73,174,135,21,99,16,77,112,71,56,18,62,120,24,197,26,9,143,20,3,2,121,160,92,49,130,22,38,34,124,94,75,12,165,153,187,127,39,78,87,76,50,53,93,23,30,134,58,86,69,64,101,151,54,158,199,6,117,98,25,110,81,52,182,28,162,107,60,79,185,148,167,61,41,36,46,131,59,133,96,157,138,178,164,173,66,126,198,159,140,118,109,29,154,156,106,19,108,146,43,128,85,152,111,83,181,82,192,139,33,13,172,195,40,37,15,35,88,145,189,194,31,171,116,57,0,113,196,89,5,141,119,74,183,63,51,72,147,65,102,115,14,45,55,155,184,161,80,114,177,169,191,11,104,180,163,170,95,137,90,125,149,32,68,97,100,7,175,179,27,150,136,144,70,168,17,103,105,142,190,188,186,176,42,47,132,166,123,44];False
2432;8249;10681;[4,67,193,48,10,1,91,129,8,84,122,73,174,135,21,99,16,77,112,71,56,18,62,120,24,197,26,9,143,20,3,2,121,160,92,49,130,22,38,34,124,94,75,12,165,153,187,127,39,107,87,76,50,53,93,23,30,134,132,86,69,64,101,151,54,158,199,6,117,98,25,110,81,52,182,28,162,78,60,79,185,148,167,61,41,36,46,131,59,133,96,157,138,178,164,173,66,126,198,159,140,118,109,29,154,156,106,19,108,146,43,128,85,152,111,83,181,82,192,139,33,13,172,195,40,37,15,35,88,145,189,194,31,171,116,57,0,113,196,89,5,141,119,74,183,63,51,72,147,65,102,115,14,45,55,155,184,161,80,114,177,169,191,11,104,180,163,170,95,137,90,125,149,32,68,97,100,7,175,179,27,150,136,144,70,168,17,103,105,142,190,188,186,176,42,47,58,166,123,44];False
2361;8320;10681;[4,67,193,48,10,1,91,129,8,84,122,73,174,135,21,99,16,77,112,71,56,18,62,120,24,197,26,59,143,20,3,2,121,160,92,49,130,22,38,34,124,94,75,12,165,153,187,127,39,107,87,76,50,53,93,23,30,134,58,86,69,64,101,151,54,158,199,6,117,98,25,110,81,52,182,28,162,78,60,79,185,148,167,61,41,36,46,131,9,133,96,157,138,178,164,173,66,126,198,159,140,118,109,29,154,156,106,19,108,146,43,128,85,152,111,83,181,82,192,139,33,13,172,195,40,37,15,35,88,145,189,194,31,171,116,57,0,113,196,89,5,141,119,74,183,63,51,72,147,65,102,115,14,45,55,155,184,161,80,114,177,169,191,11,104,180,163,170,95,137,90,125,149,32,68,97,100,7,175,179,27,150,136,144,70,168,17,103,105,142,190,188,186,176,42,47,132,166,123,44];False
2401;8280;10681;[4,67,193,48,10,1,91,129,8,84,122,88,174,135,21,99,16,77,112,71,56,18,62,120,24,197,26,9,143,20,3,2,121,160,92,49,130,22,38,34,124,94,75,12,165,153,187,127,39,107,87,76,50,53,93,23,30,134,58,86,69,64,101,151,54,158,199,6,117,98,25,110,81,52,182,28,162,78,60,79,185,148,167,61,41,36,46,131,59,133,96,157,138,178,164,173,66,126,198,159,140,118,109,29,154,156,106,19,108,146,43,128,85,152,111,83,181,82,192,139,33,13,172,195,40,37,15,35,73,145,189,194,31,171,116,57,0,113,196,89,5,141,119,74,183,63,51,72,147,65,102,115,14,45,55,155,184,161,80,114,177,169,191,11,104,180,163,170,95,137,90,125,149,32,68,97,100,7,175,179,27,150,136,144,70,168,17,103,105,142,190,188,186,176,42,47,132,166,123,44];False
2406;8274;10680;[4,67,193,48,10,1,91,129,8,84,122,73,174,135,21,99,16,77,112,71,56,18,62,120,24,197,26,9,143,20,3,2,121,160,92,49,130,22,38,34,124,94,75,12,165,153,187,127,39,107,87,76,50,53,93,25,30,134,58,86,69,64,101,151,54,158,199,6,117,98,23,110,81,52,182,28,162,78,60,79,185,148,167,61,41,36,46,131,59,133,96,157,138,178,164,173,66,126,198,159,140,118,109,29,154,156,106,19,108,146,43,128,85,152,111,83,181,82,192,139,33,13,172,195,40,37,15,35,88,145,189,194,31,171,116,57,0,113,196,89,5,141,119,74,183,63,51,72,147,65,102,115,14,45,55,155,184,161,80,114,177,169,191,11,104,180,163,170,95,137,90,125,149,32,68,97,100,7,175,179,27,150,136,144,70,168,17,103,105,142,190,188,186,176,42,47,132,166,123,44];False
2425;8255;10680;[4,67,193,48,10,1,91,129,8,84,122,73,174,135,21,99,16,77,112,71,56,18,62,120,24,197,26,9,143,20,3,2,121,160,92,49,130,22,38,34,124,94,75,12,165,153,187,127,39,107,87,76,50,53,93,23,30,134,58,86,69,64,101,151,54,158,199,6,117,98,25,110,81,52,182,28,162,78,60,79,185,148,167,61,41,36,46,131,59,133,96,157,138,178,164,173,66,126,198,159,140,118,109,29,154,156,106,19,108,146,43,128,85,152,111,83,181,82,192,139,33,13,172,195,40,37,15,35,123,145,189,194,31,171,116,57,0,113,196,89,5,141,119,74,183,63,51,72,147,65,102,115,14,45,55,155,184,161,80,114,177,169,191,11,104,180,163,170,95,137,90,125,149,32,68,97,100,7,175,179,27,150,136,144,70,168,17,103,105,142,190,188,186,176,42,47,132,166,88,44];False
2384;8296;10680;[4,67,193,48,10,1,91,129,8,84,122,73,174,135,21,99,16,77,112,71,56,18,62,120,24,197,26,9,143,20,3,2,121,160,92,49,130,22,38,34,124,94,75,12,165,153,187,127,39,107,87,76,50,53,81,23,30,134,58,86,69,64,101,151,54,158,199,6,117,98,25,110,93,52,182,28,162,78,60,79,185,148,167,61,41,36,46,131,59,133,96,157,138,178,164,173,66,126,198,159,140,118,109,29,154,156,106,19,108,146,43,128,85,152,111,83,181,82,192,139,33,13,172,195,40,37,15,35,88,145,189,194,31,171,116,57,0,113,196,89,5,141,119,74,183,63,51,72,147,65,102,115,14,45,55,155,184,161,80,114,177,169,191,11,104,180,163,170,95,137,90,125,149,32,68,97,100,7,175,179,27,150,136,144,70,168,17,103,105,142,190,188,186,176,42,47,132,166,123,44];False
2405;8275;10680;[4,67,193,48,10,1,91,129,8,84,122,73,174,135,21,99,16,77,112,71,56,18,62,120,24,197,26,9,143,20,3,2,121,160,92,49,130,22,38,34,124,94,75,12,165,153,187,127,39,107,87,76,50,53,93,23,30,134,58,86,69,64,101,151,54,158,199,6,117,98,25,110,81,52,182,28,162,78,60,79,185,148,167,61,41,36,46,131,59,133,96,157,138,178,164,149,66,126,198,159,140,118,109,29,154,156,106,19,108,146,43,128,85,152,111,83,181,82,192,139,33,13,172,195,40,37,15,35,88,145,189,194,31,171,116,57,0,113,196,89,5,141,119,74,183,63,51,72,147,65,102,115,14,45,55,155,184,161,80,114,177,169,191,11,104,180,163,170,95,137,90,125,173,32,68,97,100,7,175,179,27,150,136,144,70,168,17,103,105,142,190,188,186,176,42,47,132,166,123,44];False
2415;8265;10680;[4,67,193,48,10,1,91,129,8,84,122,73,174,135,21,99,16,77,112,71,56,18,62,22,24,197,26,9,143,20,3,2,121,160,92,49,130,120,38,34,124,94,75,12,165,153,187,127,39,107,87,76,50,53,93,23,30,134,58,86,69,64,101,151,54,158,199,6,117,98,25,110,81,52,182,28,162,78,60,79,185,148,167,61,41,36,46,131,59,133,96,157,138,178,164,173,66,126,198,159,140,118,109,29,154,156,106,19,108,146,43,128,85,152,111,83,181,82,192,139,33,13,172,195,40,37,15,35,88,145,189,194,31,171,116,57,0,113,196,89,5,141,119,74,183,63,51,72,147,65,102,115,14,45,55,155,184,161,80,114,177,169,191,11,104,180,163,170,95,137,90,125,149,32,68,97,100,7,175,179,27,150,136,144,70,168,17,103,105,142,190,188,186,176,42,47,132,166,123,44];False
2417;8263;10680;[4,67,193,48,10,1,91,129,8,84,122,73,174,135,21,99,16,77,112,71,56,18,62,120,24,197,26,9,143,20,3,2,121,160,92,49,130,22,38,34,124,94,75,12,165,153,187,127,39,107,87,76,50,53,93,23,30,134,58,86,69,64,101,151,54,40,199,6,117,98,25,110,81,52,182,28,162,78,60,79,185,148,167,61,41,36,46,131,59,133,96,157,138,178,164,173,66,126,198,159,140,118,109,29,154,156,106,19,108,146,43,128,85,152,111,83,181,82,192,139,33,13,172,195,158,37,15,35,88,145,189,194,31,171,116,57,0,113,196,89,5,141,119,74,183,63,51,72,147,65,102,115,14,45,55,155,184,161,80,114,177,169,191,11,104,180,163,170,95,137,90,125,149,32,68,97,100,7,175,179,27,150,136,144,70,168,17,103,105,142,190,188,186,176,42,47,132,166,123,44];False
2412;8268;10680;[4,67,193,48,10,1,91,129,8,84,122,73,174,135,21,99,16,77,0,71,56,18,62,120,24,197,26,9,143,20,3,2,121,160,92,49,130,22,38,34,124,94,75,12,165,153,187,127,39,107,87,76,50,53,93,23,30,134,58,86,69,64,101,151,54,158,199,6,117,98,25,110,81,52,182,28,162,78,60,79,185,148,167,61,41,36,46,131,59,133,96,157,138,178,164,173,66,126,198,159,140,118,109,29,154,156,106,19,108,146,43,128,85,152,111,83,181,82,192,139,33,13,172,195,40,37,15,35,88,145,189,194,31,171,116,57,112,113,196,89,5,141,119,74,183,63,51,72,147,65,102,115,14,45,55,155,184,161,80,114,177,169,191,11,104,180,163,170,95,137,90,125,149,32,68,97,100,7,175,179,27,150,136,144,70,168,17,103,105,142,190,188,186,176,42,47,132,166,123,44];False
2412;8268;10680;[4,67,193,48,10,1,91,129,8,84,122,73,174,99,21,135,16,77,112,71,56,18,62,120,24,197,26,9,143,20,3,2,121,160,92,49,130,22,38,34,124,94,75,12,165,153,187,127,39,107,87,76,50,53,93,23,30,134,58,86,69,64,101,151,54,158,199,6,117,98,25,110,81,52,182,28,162,78,60,79,185,148,167,61,41,36,46,131,59,133,96,157,138,178,164,173,66,126,198,159,140,118,109,29,154,156,106,19,108,146,43,128,85,152,111,83,181,82,192,139,33,13,172,195,40,37,15,35,88,145,189,194,31,171,116,57,0,113,196,89,5,141,119,74,183,63,51,72,147,65,102,115,14,45,55,155,184,161,80,114,177,169,191,11,104,180,163,170,95,137,90,125,149,32,68,97,100,7,175,179,27,150,136,144,70,168,17,103,105,142,190,188,186,176,42,47,132,166,123,44];False
2427;8253;10680;[4,67,193,48,10,1,91,129,8,84,122,73,174,135,21,99,16,77,112,71,56,18,62,120,24,197,26,9,143,20,3,2,121,160,92,49,130,22,38,34,124,94,75,12,165,153,187,127,39,107,87,76,50,53,93,23,30,134,58,86,69,64,101,151,54,158,199,6,117,98,25,110,81,52,182,28,162,78,60,79,185,148,167,61,41,36,46,131,59,133,96,157,138,178,164,173,66,126,198,159,140,118,109,29,154,156,106,19,108,146,43,128,85,152,111,83,181,82,192,139,33,13,172,195,40,37,15,35,88,145,189,194,31,171,116,57,0,113,196,89,5,141,119,74,183,63,51,72,147,65,102,115,14,45,55,155,184,161,80,114,177,169,191,150,104,180,163,170,95,137,90,125,149,32,68,97,100,7,175,179,27,11,136,144,70,168,17,103,105,142,190,188,186,176,42,47,132,166,123,44];False
2432;8248;10680;[4,67,193,48,10,1,91,129,8,84,122,73,174,135,21,99,16,77,112,71,56,18,62,120,24,197,26,9,143,20,3,2,121,160,92,49,130,22,38,34,124,94,75,12,165,153,187,127,39,107,87,76,50,53,93,23,30,134,58,86,69,64,101,151,54,158,199,6,117,98,25,110,81,52,182,28,162,78,60,79,185,148,167,61,41,36,46,131,59,133,96,157,138,178,164,173,66,126,82,159,140,118,109,29,154,156,106,19,108,146,43,128,85,152,111,83,181,198,192,139,33,13,172,195,40,37,15,35,88,145,189,194,31,171,116,57,0,113,196,89,5,141,119,74,183,63,51,72,147,65,102,115,14,45,55,155,184,161,80,114,177,169,191,11,104,180,163,170,95,137,90,125,149,32,68,97,100,7,175,179,27,150,136,144,70,168,17,103,105,142,190,188,186,176,42,47,132,166,123,44];False
2389;8291;10680;[4,67,193,48,10,1,91,129,8,84,122,73,174,135,21,99,16,77,112,71,56,18,62,120,24,197,26,9,63,20,3,2,121,160,92,49,130,22,38,34,124,94,75,12,165,153,187,127,39,107,87,76,50,53,93,23,30,134,58,86,69,64,101,151,54,158,199,6,117,98,25,110,81,52,182,28,162,78,60,79,185,148,167,61,41,36,46,131,59,133,96,157,138,178,164,173,66,126,198,159,140,118,109,29,154,156,106,19,108,146,43,128,85,152,111,83,181,82,192,139,33,13,172,195,40,37,15,35,88,145,189,194,31,171,116,57,0,113,196,89,5,141,119,74,183,143,51,72,147,65,102,115,14,45,55,155,184,161,80,114,177,169,191,11,104,180,163,170,95,137,90,125,149,32,68,97,100,7,175,179,27,150,136,144,70,168,17,103,105,142,190,188,186,176,42,47,132,166,123,44];False
2383;8297;10680;[4,67,193,48,10,1,91,129,8,84,122,73,174,135,21,99,16,77,112,71,56,18,62,120,24,197,26,9,143,20,3,2,121,160,92,49,130,22,38,34,124,94,75,12,165,153,187,127,39,107,87,76,50,53,93,23,30,134,58,86,69,64,101,151,54,158,199,6,117,98,25,110,81,52,182,28,162,78,60,79,185,148,167,61,41,36,46,131,59,133,96,157,138,178,164,173,66,126,198,159,140,118,109,29,154,156,106,19,108,146,43,128,85,152,45,83,181,82,192,139,33,13,172,195,40,37,15,35,88,145,189,194,31,171,116,57,0,113,196,89,5,141,119,74,183,63,51,72,147,65,102,115,14,111,55,155,184,161,80,114,177,169,191,11,104,180,163,170,95,137,90,125,149,32,68,97,100,7,175,179,27,150,136,144,70,168,17,103,105,142,190,188,186,176,42,47,132,166,123,44];False
2404;8276;10680;[4,67,193,48,10,1,91,129,8,84,122,73,174,135,21,99,16,77,112,71,56,18,62,120,24,197,26,9,143,20,3,2,121,160,92,49,130,22,38,34,124,94,75,12,165,153,187,127,39,107,87,76,50,53,93,23,30,134,58,86,69,64,101,151,54,158,199,181,117,98,25,110,81,52,182,28,162,78,60,79,185,148,167,61,41,36,46,131,59,133,96,157,138,178,164,173,66,126,198,159,140,118,109,29,154,156,106,19,108,146,43,128,85,152,111,83,6,82,192,139,33,13,172,195,40,37,15,35,88,145,189,194,31,171,116,57,0,113,196,89,5,141,119,74,183,63,51,72,147,65,102,115,14,45,55,155,184,161,80,114,177,169,191,11,104,180,163,170,95,137,90,125,149,32,68,97,100,7,175,179,27,150,136,144,70,168,17,103,105,142,190,188,186,176,42,47,132,166,123,44];False
2383;8297;10680;[4,67,193,48,10,1,91,129,8,84,122,73,174,135,21,99,16,77,112,71,56,18,62,120,24,197,26,9,143,20,3,2,121,160,92,49,130,22,38,34,124,94,75,12,165,98,187,127,39,107,87,76,50,53,93,23,30,134,58,86,69,64,101,151,54,158,199,6,117,153,25,110,81,52,182,28,162,78,60,79,185,148,167,61,41,36,46,131,59,133,96,157,138,178,164,173,66,126,198,159,140,118,109,29,154,156,106,19,108,146,43,128,85,152,111,83,181,82,192,139,33,13,172,195,40,37,15,35,88,145,189,194,31,171,116,57,0,113,196,89,5,141,119,74,183,63,51,72,147,65,102,115,14,45,55,155,184,161,80,114,177,169,191,11,104,180,163,170,95,137,90,125,149,32,68,97,100,7,175,179,27,150,136,144,70,168,17,103,105,142,190,188,186,176,42,47,132,166,123,44];False
2410;8269;10679;[4,67,193,48,10,1,91,129,8,84,122,73,174,135,21,99,16,77,112,71,56,18,62,120,24,197,26,9,143,20,3,2,121,160,92,49,130,22,38,34,124,94,75,12,165,153,187,127,39,107,87,76,50,53,93,23,30,134,58,86,69,64,101,151,54,158,199,6,117,98,25,110,81,52,182,28,162,78,60,79,185,148,167,61,41,36,46,131,59,133,96,157,138,178,164,173,66,126,198,159,140,118,109,29,154,156,106,19,108,146,43,128,85,152,111,83,181,82,192,139,33,13,5,195,40,37,15,35,88,145,189,194,31,171,116,57,0,113,196,89,172,141,119,74,183,63,51,72,147,65,102,115,14,45,55,155,184,161,80,114,177,169,191,11,104,180,163,170,95,137,90,125,149,32,68,97,100,7,175,179,27,150,136,144,70,168,17,103,105,142,190,188,186,176,42,47,132,166,123,44];False
2384;8295;10679;[4,67,193,48,10,1,91,129,8,84,122,73,174,135,21,99,16,77,112,71,56,18,62,120,24,197,26,9,143,20,3,2,121,160,92,49,130,22,38,34,124,94,75,12,165,153,187,127,39,107,87,76,50,53,93,23,30,134,58,86,69,64,101,151,54,158,199,6,117,98,25,110,81,52,182,28,162,78,60,79,185,148,167,61,41,36,46,131,59,133,96,157,138,178,164,173,66,126,198,159,140,118,57,29,154,156,106,19,108,146,43,128,85,152,111,83,181,82,192,139,33,13,172,195,40,37,15,35,88,145,189,194,31,171,116,109,0,113,196,89,5,141,119,74,183,63,51,72,147,65,102,115,14,45,55,155,184,161,80,114,177,169,191,11,104,180,163,170,95,137,90,125,149,32,68,97,100,7,175,179,27,150,136,144,70,168,17,103,105,142,190,188,186,176,42,47,132,166,123,44];False
2438;8241;10679;[4,67,193,48,10,1,91,129,8,84,122,73,174,135,21,99,16,77,112,71,56,18,62,120,24,197,26,9,143,20,3,2,121,160,92,49,130,22,38,34,124,94,75,12,165,153,187,127,39,107,87,76,50,53,93,23,30,134,58,86,69,64,101,151,54,158,199,6,117,98,25,110,81,52,182,28,162,78,60,79,185,148,167,61,41,36,46,131,59,133,96,157,138,178,164,173,66,126,198,159,140,118,109,29,154,156,106,19,108,146,43,128,119,152,111,83,181,82,192,139,33,13,172,195,40,37,15,35,88,145,189,194,31,171,116,57,0,113,196,89,5,141,85,74,183,63,51,72,147,65,102,115,14,45,55,155,184,161,80,114,177,169,191,11,104,180,163,170,95,137,90,125,149,32,68,97,100,7,175,179,27,150,136,144,70,168,17,103,105,142,190,188,186,176,42,47,132,166,123,44];False
2394;8285;10679;[4,67,193,48,10,1,91,129,8,84,122,73,174,135,21,99,16,77,112,71,56,18,62,120,24,197,26,9,143,20,3,2,121,160,92,49,130,22,38,34,124,94,75,12,165,153,187,127,39,107,87,76,50,53,93,23,30,134,58,86,69,64,101,151,54,158,199,6,117,98,25,110,81,52,182,28,162,78,60,79,185,148,167,61,41,36,46,131,59,133,96,157,138,178,164,173,66,126,198,159,140,118,109,29,154,156,106,19,108,146,43,88,85,152,111,83,181,82,192,139,33,13,172,195,40,37,15,35,128,145,189,194,31,171,116,57,0,113,196,89,5,141,119,74,183,63,51,72,147,65,102,115,14,45,55,155,184,161,80,114,177,169,191,11,104,180,163,170,95,137,90,125,149,32,68,97,100,7,175,179,27,150,136,144,70,168,17,103,105,142,190,188,186,176,42,47,132,166,123,44];False
2425;8254;10679;[4,67,193,48,10,1,91,129,8,84,122,73,174,135,21,99,16,77,112,71,56,18,62,120,24,197,26,9,143,20,3,2,121,160,92,49,130,22,38,34,124,94,75,12,165,153,187,127,39,107,87,76,50,53,93,23,30,134,58,86,69,64,101,151,54,158,199,6,117,98,25,110,81,52,182,28,162,78,60,79,185,148,145,61,41,36,46,131,59,133,96,157,138,178,164,173,66,126,198,159,140,118,109,29,154,156,106,19,108,146,43,128,85,152,111,83,181,82,192,139,33,13,172,195,40,37,15,35,88,167,189,194,31,171,116,57,0,113,196,89,5,141,119,74,183,63,51,72,147,65,102,115,14,45,55,155,184,161,80,114,177,169,191,11,104,180,163,170,95,137,90,125,149,32,68,97,100,7,175,179,27,150,136,144,70,168,17,103,105,142,190,188,186,176,42,47,132,166,123,44];False
2368;8311;10679;[4,67,193,48,10,1,91,129,8,84,122,73,174,135,21,99,16,77,112,71,56,18,62,120,24,197,26,172,143,20,3,2,121,160,92,49,130,22,38,34,124,94,75,12,165,153,187,127,39,107,87,76,50,53,93,23,30,134,58,86,69,64,101,151,54,158,199,6,117,98,25,110,81,52,182,28,162,78,60,79,185,148,167,61,41,36,46,131,59,133,96,157,138,178,164,173,66,126,198,159,140,118,109,29,154,156,106,19,108,146,43,128,85,152,111,83,181,82,192,139,33,13,9,195,40,37,15,35,88,145,189,194,31,171,116,57,0,113,196,89,5,141,119,74,183,63,51,72,147,65,102,115,14,45,55,155,184,161,80,114,177,169,191,11,104,180,163,170,95,137,90,125,149,32,68,97,100,7,175,179,27,150,136,144,70,168,17,103,105,142,190,188,186,176,42,47,132,166,123,44];False
2411;8268;10679;[4,67,193,48,10,1,91,129,8,84,122,73,174,135,21,99,16,77,112,71,56,147,62,120,24,197,26,9,143,20,3,2,121,160,92,49,130,22,38,34,124,94,75,12,165,153,187,127,39,107,87,76,50,53,93,23,30,134,58,86,69,64,101,151,54,158,199,6,117,98,25,110,81,52,182,28,162,78,60,79,185,148,167,61,41,36,46,131,59,133,96,157,138,178,164,173,66,126,198,159,140,118,109,29,154,156,106,19,108,146,43,128,85,152,111,83,181,82,192,139,33,13,172,195,40,37,15,35,88,145,189,194,31,171,116,57,0,113,196,89,5,141,119,74,183,63,51,72,18,65,102,115,14,45,55,155,184,161,80,114,177,169,191,11,104,180,163,170,95,137,90,125,149,32,68,97,100,7,175,179,27,150,136,144,70,168,17,103,105,142,190,188,186,176,42,47,132,166,123,44];False
2390;8289;10679;[4,67,193,48,10,1,91,129,8,84,122,73,174,135,21,99,16,45,112,71,56,18,62,120,24,197,26,9,143,20,3,2,121,160,92,49,130,22,38,34,124,94,75,12,165,153,187,127,39,107,87,76,50,53,93,23,30,134,58,86,69,64,101,151,54,158,199,6,117,98,25,110,81,52,182,28,162,78,60,79,185,148,167,61,41,36,46,131,59,133,96,157,138,178,164,173,66,126,198,159,140,118,109,29,154,156,106,19,108,146,43,128,85,152,111,83,181,82,192,139,33,13,172,195,40,37,15,35,88,145,189,194,31,171,116,57,0,113,196,89,5,141,119,74,183,63,51,72,147,65,102,115,14,77,55,155,184,161,80,114,177,169,191,11,104,180,163,170,95,137,90,125,149,32,68,97,100,7,175,179,27,150,136,144,70,168,17,103,105,142,190,188,186,176,42,47,132,166,123,44];False
2376;8303;10679;[4,67,193,48,10,1,91,129,8,84,122,73,174,135,21,99,16,77,112,71,56,18,62,120,24,197,26,9,143,20,3,2,121,160,92,49,130,22,38,34,124,94,75,12,50,153,187,127,39,107,87,76,165,53,93,23,30,134,58,86,69,64,101,151,54,158,199,6,117,98,25,110,81,52,182,28,162,78,60,79,185,148,167,61,41,36,46,131,59,133,96,157,138,178,164,173,66,126,198,159,140,118,109,29,154,156,106,19,108,146,43,128,85,152,111,83,181,82,192,139,33,13,172,195,40,37,15,35,88,145,189,194,31,171,116,57,0,113,196,89,5,141,119,74,183,63,51,72,147,65,102,115,14,45,55,155,184,161,80,114,177,169,191,11,104,180,163,170,95,137,90,125,149,32,68,97,100,7,175,179,27,150,136,144,70,168,17,103,105,142,190,188,186,176,42,47,132,166,123,44];False
2416;8263;10679;[4,67,193,48,10,1,91,129,8,84,122,73,174,135,21,99,16,77,112,71,56,18,62,120,24,197,26,9,143,20,3,2,121,160,92,49,130,22,38,34,124,94,75,12,165,0,187,127,39,107,87,76,50,53,93,23,30,134,58,86,69,64,101,151,54,158,199,6,117,98,25,110,81,52,182,28,162,78,60,79,185,148,167,61,41,36,46,131,59,133,96,157,138,178,164,173,66,126,198,159,140,118,109,29,154,156,106,19,108,146,43,128,85,152,111,83,181,82,192,139,33,13,172,195,40,37,15,35,88,145,189,194,31,171,116,57,153,113,196,89,5,141,119,74,183,63,51,72,147,65,102,115,14,45,55,155,184,161,80,114,177,169,191,11,104,180,163,170,95,137,90,125,149,32,68,97,100,7,175,179,27,150,136,144,70,168,17,103,105,142,190,188,186,176,42,47,132,166,123,44];False
2406;8273;10679;[4,67,193,112,10,1,91,129,8,84,122,73,174,135,21,99,16,77,48,71,56,18,62,120,24,197,26,9,143,20,3,2,121,160,92,49,130,22,38,34,124,94,75,12,165,153,187,127,39,107,87,76,50,53,93,23,30,134,58,86,69,64,101,151,54,158,199,6,117,98,25,110,81,52,182,28,162,78,60,79,185,148,167,61,41,36,46,131,59,133,96,157,138,178,164,173,66,126,198,159,140,118,109,29,154,156,106,19,108,146,43,128,85,152,111,83,181,82,192,139,33,13,172,195,40,37,15,35,88,145,189,194,31,171,116,57,0,113,196,89,5,141,119,74,183,63,51,72,147,65,102,115,14,45,55,155,184,161,80,114,177,169,191,11,104,180,163,170,95,137,90,125,149,32,68,97,100,7,175,179,27,150,136,144,70,168,17,103,105,142,190,188,186,176,42,47,132,166,123,44];False
2388;8291;10679;[4,67,193,48,10,1,91,129,8,84,122,73,174,135,21,99,16,77,112,71,56,18,62,120,24,197,26,9,143,20,3,2,121,160,92,49,130,22,38,34,124,94,75,12,165,153,187,127,39,107,87,76,50,53,93,23,30,134,58,86,69,64,101,151,41,158,199,6,117,98,25,110,81,52,182,28,162,78,60,79,185,148,167,61,54,36,46,131,59,133,96,157,138,178,164,173,66,126,198,159,140,118,109,29,154,156,106,19,108,146,43,128,85,152,111,83,181,82,192,139,33,13,172,195,40,37,15,35,88,145,189,194,31,171,116,57,0,113,196,89,5,141,119,74,183,63,51,72,147,65,102,115,14,45,55,155,184,161,80,114,177,169,191,11,104,180,163,170,95,137,90,125,149,32,68,97,100,7,175,179,27,150,136,144,70,168,17,103,105,142,190,188,186,176,42,47,132,166,123,44];False
2395;8284;10679;[4,67,193,107,10,1,91,129,8,84,122,73,174,135,21,99,16,77,112,71,56,18,62,120,24,197,26,9,143,20,3,2,121,160,92,49,130,22,38,34,124,94,75,12,165,153,187,127,39,48,87,76,50,53,93,23,30,134,58,86,69,64,101,151,54,158,199,6,117,98,25,110,81,52,182,28,162,78,60,79,185,148,167,61,41,36,46,131,59,133,96,157,138,178,164,173,66,126,198,159,140,118,109,29,154,156,106,19,108,146,43,128,85,152,111,83,181,82,192,139,33,13,172,195,40,37,15,35,88,145,189,194,31,171,116,57,0,113,196,89,5,141,119,74,183,63,51,72,147,65,102,115,14,45,55,155,184,161,80,114,177,169,191,11,104,180,163,170,95,137,90,125,149,32,68,97,100,7,175,179,27,150,136,144,70,168,17,103,105,142,190,188,186,176,42,47,132,166,123,44];False
2408;8271;10679;[4,67,193,48,10,1,91,129,8,84,122,73,174,135,21,99,16,77,112,71,56,18,62,120,24,197,26,9,143,20,3,2,121,160,92,132,130,22,38,34,124,94,75,12,165,153,187,127,39,107,87,76,50,53,93,23,30,134,58,86,69,64,101,151,54,158,199,6,117,98,25,110,81,52,182,28,162,78,60,79,185,148,167,61,41,36,46,131,59,133,96,157,138,178,164,173,66,126,198,159,140,118,109,29,154,156,106,19,108,146,43,128,85,152,111,83,181,82,192,139,33,13,172,195,40,37,15,35,88,145,189,194,31,171,116,57,0,113,196,89,5,141,119,74,183,63,51,72,147,65,102,115,14,45,55,155,184,161,80,114,177,169,191,11,104,180,163,170,95,137,90,125,149,32,68,97,100,7,175,179,27,150,136,144,70,168,17,103,105,142,190,188,186,176,42,47,49,166,123,44];False
2364;8315;10679;[4,67,193,48,10,1,91,129,8,84,122,73,152,135,21,99,16,77,112,71,56,18,62,120,24,197,26,9,143,20,3,2,121,160,92,49,130,22,38,34,124,94,75,12,165,153,187,127,39,107,87,76,50,53,93,23,30,134,58,86,69,64,101,151,54,158,199,6,117,98,25,110,81,52,182,28,162,78,60,79,185,148,167,61,41,36,46,131,59,133,96,157,138,178,164,173,66,126,198,159,140,118,109,29,154,156,106,19,108,146,43,128,85,174,111,83,181,82,192,139,33,13,172,195,40,37,15,35,88,145,189,194,31,171,116,57,0,113,196,89,5,141,119,74,183,63,51,72,147,65,102,115,14,45,55,155,184,161,80,114,177,169,191,11,104,180,163,170,95,137,90,125,149,32,68,97,100,7,175,179,27,150,136,144,70,168,17,103,105,142,190,188,186,176,42,47,132,166,123,44];False
2418;8261;10679;[4,67,193,48,10,1,91,129,8,84,122,73,174,135,21,99,16,77,112,71,56,18,62,120,24,197,26,9,143,20,3,2,121,160,92,49,130,22,38,34,124,94,75,12,165,153,187,127,39,107,87,76,50,53,93,23,30,134,58,86,69,64,101,151,54,158,199,6,117,98,25,110,81,52,182,28,162,78,60,79,185,148,167,61,41,36,46,131,59,133,96,157,138,178,164,173,66,126,198,159,140,118,109,29,154,156,106,19,108,146,43,128,85,152,111,83,181,82,192,139,102,13,172,195,40,37,15,35,88,145,189,194,31,171,116,57,0,113,196,89,5,141,119,74,183,63,51,72,147,65,33,115,14,45,55,155,184,161,80,114,177,169,191,11,104,180,163,170,95,137,90,125,149,32,68,97,100,7,175,179,27,150,136,144,70,168,17,103,105,142,190,188,186,176,42,47,132,166,123,44];False
2420;8259;10679;[4,67,193,48,10,1,91,129,8,84,122,73,174,135,21,99,16,77,112,71,56,18,62,120,24,197,26,9,143,20,3,2,121,160,92,49,130,22,38,34,124,94,75,12,165,153,187,127,39,107,87,76,50,53,93,23,30,134,58,86,69,64,101,151,54,158,133,6,117,98,25,110,81,52,182,28,162,78,60,79,185,148,167,61,41,36,46,131,59,199,96,157,138,178,164,173,66,126,198,159,140,118,109,29,154,156,106,19,108,146,43,128,85,152,111,83,181,82,192,139,33,13,172,195,40,37,15,35,88,145,189,194,31,171,116,57,0,113,196,89,5,141,119,74,183,63,51,72,147,65,102,115,14,45,55,155,184,161,80,114,177,169,191,11,104,180,163,170,95,137,90,125,149,32,68,97,100,7,175,179,27,150,136,144,70,168,17,103,105,142,190,188,186,176,42,47,132,166,123,44];False
2392;8286;10678;[4,67,193,48,10,1,91,129,8,84,122,73,174,135,21,99,16,77,112,71,56,18,62,120,24,197,26,9,143,20,3,2,121,160,92,49,130,22,38,34,124,94,75,12,165,153,187,127,39,107,87,76,50,53,93,23,189,134,58,86,69,64,101,151,54,158,199,6,117,98,25,110,81,52,182,28,162,78,60,79,185,148,167,61,41,36,46,131,59,133,96,157,138,178,164,173,66,126,198,159,140,118,109,29,154,156,106,19,108,146,43,128,85,152,111,83,181,82,192,139,33,13,172,195,40,37,15,35,88,145,30,194,31,171,116,57,0,113,196,89,5,141,119,74,183,63,51,72,147,65,102,115,14,45,55,155,184,161,80,114,177,169,191,11,104,180,163,170,95,137,90,125,149,32,68,97,100,7,175,179,27,150,136,144,70,168,17,103,105,142,190,188,186,176,42,47,132,166,123,44];False
2354;8324;10678;[4,67,193,48,10,1,91,129,8,84,122,73,174,135,21,99,16,77,112,71,56,18,62,120,24,197,26,9,143,20,3,2,121,160,92,49,130,22,38,34,124,94,75,12,165,153,187,127,39,107,87,76,50,53,93,23,30,134,58,86,69,64,101,151,54,123,199,6,117,98,25,110,81,52,182,28,162,78,60,79,185,148,167,61,41,36,46,131,59,133,96,157,138,178,164,173,66,126,198,159,140,118,109,29,154,156,106,19,108,146,43,128,85,152,111,83,181,82,192,139,33,13,172,195,40,37,15,35,88,145,189,194,31,171,116,57,0,113,196,89,5,141,119,74,183,63,51,72,147,65,102,115,14,45,55,155,184,161,80,114,177,169,191,11,104,180,163,170,95,137,90,125,149,32,68,97,100,7,175,179,27,150,136,144,70,168,17,103,105,142,190,188,186,176,42,47,132,166,158,44];False
2414;8264;10678;[4,67,193,48,10,1,91,129,8,84,122,73,174,135,21,99,16,77,112,71,56,18,62,120,24,197,26,9,143,20,3,2,121,160,92,49,130,22,38,34,124,94,75,12,165,153,187,127,39,107,87,76,50,53,93,23,30,134,58,86,69,64,101,151,171,158,199,6,117,98,25,110,81,52,182,28,162,78,60,79,185,148,167,61,41,36,46,131,59,133,96,157,138,178,164,173,66,126,198,159,140,118,109,29,154,156,106,19,108,146,43,128,85,152,111,83,181,82,192,139,33,13,172,195,40,37,15,35,88,145,189,194,31,54,116,57,0,113,196,89,5,141,119,74,183,63,51,72,147,65,102,115,14,45,55,155,184,161,80,114,177,169,191,11,104,180,163,170,95,137,90,125,149,32,68,97,100,7,175,179,27,150,136,144,70,168,17,103,105,142,190,188,186,176,42,47,132,166,123,44];False
2409;8269;10678;[4,67,193,48,10,1,91,129,8,84,122,73,174,135,21,99,16,77,112,71,56,18,62,120,24,197,26,9,143,20,3,2,121,160,92,49,130,22,38,34,124,94,75,12,165,153,187,127,39,107,87,76,50,53,93,23,30,134,58,86,69,64,101,151,54,158,199,6,117,98,25,68,81,52,182,28,162,78,60,79,185,148,167,61,41,36,46,131,59,133,96,157,138,178,164,173,66,126,198,159,140,118,109,29,154,156,106,19,108,146,43,128,85,152,111,83,181,82,192,139,33,13,172,195,40,37,15,35,88,145,189,194,31,171,116,57,0,113,196,89,5,141,119,74,183,63,51,72,147,65,102,115,14,45,55,155,184,161,80,114,177,169,191,11,104,180,163,170,95,137,90,125,149,32,110,97,100,7,175,179,27,150,136,144,70,168,17,103,105,142,190,188,186,176,42,47,132,166,123,44];False
2407;8271;10678;[4,67,193,48,10,1,91,129,8,84,122,73,174,135,21,99,16,77,112,71,56,18,62,120,24,197,26,9,143,20,3,2,121,160,92,49,130,22,38,34,124,94,75,12,165,153,187,127,39,107,87,76,50,53,93,23,30,134,58,86,69,64,101,151,54,158,11,6,117,98,25,110,81,52,182,28,162,78,60,79,185,148,167,61,41,36,46,131,59,133,96,157,138,178,164,173,66,126,198,159,140,118,109,29,154,156,106,19,108,146,43,128,85,152,111,83,181,82,192,139,33,13,172,195,40,37,15,35,88,145,189,194,31,171,116,57,0,113,196,89,5,141,119,74,183,63,51,72,147,65,102,115,14,45,55,155,184,161,80,114,177,169,191,199,104,180,163,170,95,137,90,125,149,32,68,97,100,7,175,179,27,150,136,144,70,168,17,103,105,142,190,188,186,176,42,47,132,166,123,44];False
2388;8290;10678;[4,67,193,48,10,1,91,129,8,84,122,73,174,135,21,99,16,77,112,71,56,18,62,120,24,197,26,9,143,20,3,2,121,160,92,49,130,22,38,34,124,94,75,12,165,153,187,127,39,107,87,76,50,53,93,23,30,134,58,86,69,64,101,151,54,158,199,6,117,98,25,110,81,52,182,28,162,78,60,79,185,148,167,61,41,36,46,131,59,133,96,157,138,178,164,173,66,126,198,159,140,118,109,29,154,156,106,19,108,146,43,128,85,152,111,83,181,82,192,139,33,13,172,195,100,37,15,35,88,145,189,194,31,171,116,57,0,113,196,89,5,141,119,74,183,63,51,72,147,65,102,115,14,45,55,155,184,161,80,114,177,169,191,11,104,180,163,170,95,137,90,125,149,32,68,97,40,7,175,179,27,150,136,144,70,168,17,103,105,142,190,188,186,176,42,47,132,166,123,44];False
2427;8251;10678;[4,67,193,48,10,1,91,129,8,84,122,73,174,135,21,99,16,77,112,71,56,18,62,120,24,35,26,9,143,20,3,2,121,160,92,49,130,22,38,34,124,94,75,12,165,153,187,127,39,107,87,76,50,53,93,23,30,134,58,86,69,64,101,151,54,158,199,6,117,98,25,110,81,52,182,28,162,78,60,79,185,148,167,61,41,36,46,131,59,133,96,157,138,178,164,173,66,126,198,159,140,118,109,29,154,156,106,19,108,146,43,128,85,152,111,83,181,82,192,139,33,13,172,195,40,37,15,197,88,145,189,194,31,171,116,57,0,113,196,89,5,141,119,74,183,63,51,72,147,65,102,115,14,45,55,155,184,161,80,114,177,169,191,11,104,180,163,170,95,137,90,125,149,32,68,97,100,7,175,179,27,150,136,144,70,168,17,103,105,142,190,188,186,176,42,47,132,166,123,44];False
2419;8259;10678;[4,67,193,48,10,1,91,129,8,84,122,73,174,135,21,99,16,77,112,71,56,18,62,120,24,197,26,9,143,20,3,2,121,160,92,49,130,22,38,34,124,94,30,12,165,153,187,127,39,107,87,76,50,53,93,23,75,134,58,86,69,64,101,151,54,158,199,6,117,98,25,110,81,52,182,28,162,78,60,79,185,148,167,61,41,36,46,131,59,133,96,157,138,178,164,173,66,126,198,159,140,118,109,29,154,156,106,19,108,146,43,128,85,152,111,83,181,82,192,139,33,13,172,195,40,37,15,35,88,145,189,194,31,171,116,57,0,113,196,89,5,141,119,74,183,63,51,72,147,65,102,115,14,45,55,155,184,161,80,114,177,169,191,11,104,180,163,170,95,137,90,125,149,32,68,97,100,7,175,179,27,150,136,144,70,168,17,103,105,142,190,188,186,176,42,47,132,166,123,44];False
2383;8295;10678;[4,67,193,48,10,1,91,129,8,84,122,73,174,135,21,99,16,77,112,71,56,18,197,120,24,62,26,9,143,20,3,2,121,160,92,49,130,22,38,34,124,94,75,12,165,153,187,127,39,107,87,76,50,53,93,23,30,134,58,86,69,64,101,151,54,158,199,6,117,98,25,110,81,52,182,28,162,78,60,79,185,148,167,61,41,36,46,131,59,133,96,157,138,178,164,173,66,126,198,159,140,118,109,29,154,156,106,19,108,146,43,128,85,152,111,83,181,82,192,139,33,13,172,195,40,37,15,35,88,145,189,194,31,171,116,57,0,113,196,89,5,141,119,74,183,63,51,72,147,65,102,115,14,45,55,155,184,161,80,114,177,169,191,11,104,180,163,170,95,137,90,125,149,32,68,97,100,7,175,179,27,150,136,144,70,168,17,103,105,142,190,188,186,176,42,47,132,166,123,44];False
2404;8274;10678;[4,67,193,48,10,1,91,129,8,84,122,73,174,135,21,99,16,139,112,71,56,18,62,120,24,197,26,9,143,20,3,2,121,160,92,49,130,22,38,34,124,94,75,12,165,153,187,127,39,107,87,76,50,53,93,23,30,134,58,86,69,64,101,151,54,158,199,6,117,98,25,110,81,52,182,28,162,78,60,79,185,148,167,61,41,36,46,131,59,133,96,157,138,178,164,173,66,126,198,159,140,118,109,29,154,156,106,19,108,146,43,128,85,152,111,83,181,82,192,77,33,13,172,195,40,37,15,35,88,145,189,194,31,171,116,57,0,113,196,89,5,141,119,74,183,63,51,72,147,65,102,115,14,45,55,155,184,161,80,114,177,169,191,11,104,180,163,170,95,137,90,125,149,32,68,97,100,7,175,179,27,150,136,144,70,168,17,103,105,142,190,188,186,176,42,47,132,166,123,44];False
2410;8267;10677;[4,67,193,48,10,1,91,129,8,84,122,73,174,135,21,99,16,77,112,71,56,18,62,120,24,197,26,9,143,20,3,2,121,160,92,49,130,22,38,34,124,94,75,12,165,153,187,127,39,107,87,76,50,53,93,23,30,134,58,86,69,64,101,151,54,158,199,6,117,98,25,110,81,52,182,28,162,78,60,79,185,148,167,61,41,36,46,131,59,133,96,157,138,178,164,173,66,126,198,159,140,118,109,29,154,156,106,19,108,146,43,128,85,152,111,83,181,82,192,139,33,13,172,195,89,37,15,35,88,145,189,194,31,171,116,57,0,113,196,40,5,141,119,74,183,63,51,72,147,65,102,115,14,45,55,155,184,161,80,114,177,169,191,11,104,180,163,170,95,137,90,125,149,32,68,97,100,7,175,179,27,150,136,144,70,168,17,103,105,142,190,188,186,176,42,47,132,166,123,44];False
2411;8266;10677;[4,67,193,48,10,1,91,129,8,84,122,73,174,135,21,99,16,77,112,71,56,18,62,120,24,197,26,9,143,20,3,2,121,160,92,49,130,22,38,34,124,94,75,12,165,176,187,127,39,107,87,76,50,53,93,23,30,134,58,86,69,64,101,151,54,158,199,6,117,98,25,110,81,52,182,28,162,78,60,79,185,148,167,61,41,36,46,131,59,133,96,157,138,178,164,173,66,126,198,159,140,118,109,29,154,156,106,19,108,146,43,128,85,152,111,83,181,82,192,139,33,13,172,195,40,37,15,35,88,145,189,194,31,171,116,57,0,113,196,89,5,141,119,74,183,63,51,72,147,65,102,115,14,45,55,155,184,161,80,114,177,169,191,11,104,180,163,170,95,137,90,125,149,32,68,97,100,7,175,179,27,150,136,144,70,168,17,103,105,142,190,188,186,153,42,47,132,166,123,44];False
2378;8299;10677;[4,67,193,48,10,1,91,129,8,84,122,73,174,135,21,99,16,77,112,71,56,18,62,120,24,197,26,9,143,20,3,2,121,160,92,49,130,22,38,34,124,94,75,12,165,153,187,127,39,107,87,76,50,53,93,23,30,134,58,86,69,64,101,151,54,158,199,6,117,98,25,110,81,52,182,28,162,78,60,79,185,148,167,61,41,36,46,131,59,133,96,157,138,178,164,173,66,126,198,159,140,118,109,29,154,156,106,19,108,146,43,128,85,152,111,83,181,82,192,139,33,13,172,195,40,37,15,35,88,145,189,194,31,171,116,57,0,113,196,89,5,141,119,74,183,63,51,72,147,65,102,115,14,45,55,155,184,161,80,114,177,169,191,11,104,180,163,170,95,137,90,168,149,32,68,97,100,7,175,179,27,150,136,144,70,125,17,103,105,142,190,188,186,176,42,47,132,166,123,44];False
2392;8285;10677;[4,67,193,48,10,1,91,129,8,84,9,73,174,135,21,99,16,77,112,71,56,18,62,120,24,197,26,122,143,20,3,2,121,160,92,49,130,22,38,34,124,94,75,12,165,153,187,127,39,107,87,76,50,53,93,23,30,134,58,86,69,64,101,151,54,158,199,6,117,98,25,110,81,52,182,28,162,78,60,79,185,148,167,61,41,36,46,131,59,133,96,157,138,178,164,173,66,126,198,159,140,118,109,29,154,156,106,19,108,146,43,128,85,152,111,83,181,82,192,139,33,13,172,195,40,37,15,35,88,145,189,194,31,171,116,57,0,113,196,89,5,141,119,74,183,63,51,72,147,65,102,115,14,45,55,155,184,161,80,114,177,169,191,11,104,180,163,170,95,137,90,125,149,32,68,97,100,7,175,179,27,150,136,144,70,168,17,103,105,142,190,188,186,176,42,47,132,166,123,44];False
2417;8260;10677;[4,67,193,48,10,1,91,129,8,84,122,73,174,135,21,99,16,77,112,71,56,18,62,120,24,197,26,9,143,20,3,2,121,160,92,49,130,22,38,34,124,94,12,75,165,153,187,127,39,107,87,76,50,53,93,23,30,134,58,86,69,64,101,151,54,158,199,6,117,98,25,110,81,52,182,28,162,78,60,79,185,148,167,61,41,36,46,131,59,133,96,157,138,178,164,173,66,126,198,159,140,118,109,29,154,156,106,19,108,146,43,128,85,152,111,83,181,82,192,139,33,13,172,195,40,37,15,35,88,145,189,194,31,171,116,57,0,113,196,89,5,141,119,74,183,63,51,72,147,65,102,115,14,45,55,155,184,161,80,114,177,169,191,11,104,180,163,170,95,137,90,125,149,32,68,97,100,7,175,179,27,150,136,144,70,168,17,103,105,142,190,188,186,176,42,47,132,166,123,44];False
2358;8319;10677;[4,67,193,48,10,1,91,129,8,84,122,73,174,135,21,99,16,77,112,71,56,18,62,120,24,197,26,9,143,20,3,2,121,160,92,49,130,22,38,34,124,94,75,12,165,153,187,127,39,107,87,76,50,53,93,23,30,134,58,86,69,64,101,151,54,158,199,6,117,98,25,110,81,52,182,28,162,78,60,79,185,148,167,61,41,36,46,131,59,133,96,157,138,178,164,173,66,126,198,159,140,118,109,175,154,156,106,19,108,146,43,128,85,152,111,83,181,82,192,139,33,13,172,195,40,37,15,35,88,145,189,194,31,171,116,57,0,113,196,89,5,141,119,74,183,63,51,72,147,65,102,115,14,45,55,155,184,161,80,114,177,169,191,11,104,180,163,170,95,137,90,125,149,32,68,97,100,7,29,179,27,150,136,144,70,168,17,103,105,142,190,188,186,176,42,47,132,166,123,44];False
2401;8276;10677;[4,67,193,48,10,1,91,129,8,84,122,73,174,135,21,99,16,77,112,71,56,18,62,120,24,197,26,9,143,20,3,2,121,160,92,49,130,22,38,34,124,94,75,12,165,153,187,127,39,107,87,76,50,53,93,23,30,134,58,86,69,64,101,151,54,158,199,6,117,98,25,110,81,52,182,28,162,78,60,79,185,148,167,61,41,36,46,131,59,133,96,157,138,178,164,173,66,126,198,159,140,118,109,29,139,156,106,19,108,146,43,128,85,152,111,83,181,82,192,154,33,13,172,195,40,37,15,35,88,145,189,194,31,171,116,57,0,113,196,89,5,141,119,74,183,63,51,72,147,65,102,115,14,45,55,155,184,161,80,114,177,169,191,11,104,180,163,170,95,137,90,125,149,32,68,97,100,7,175,179,27,150,136,144,70,168,17,103,105,142,190,188,186,176,42,47,132,166,123,44];False
2438;8239;10677;[4,67,193,48,10,1,91,129,8,84,122,73,174,135,21,99,16,77,112,71,56,18,62,120,24,197,26,9,143,20,3,2,121,160,92,49,130,22,38,34,124,94,75,12,165,153,187,127,39,107,87,76,50,53,93,23,30,134,58,86,69,64,101,151,54,158,199,6,117,98,25,110,81,52,182,28,162,78,60,79,185,148,167,61,41,36,46,131,59,133,96,157,138,178,164,173,66,126,198,159,140,118,109,29,154,156,106,19,108,146,43,128,85,152,111,83,181,82,192,139,33,13,172,195,40,37,15,35,88,145,189,194,31,171,116,115,0,113,196,89,5,141,119,74,183,63,51,72,147,65,102,57,14,45,55,155,184,161,80,114,177,169,191,11,104,180,163,170,95,137,90,125,149,32,68,97,100,7,175,179,27,150,136,144,70,168,17,103,105,142,190,188,186,176,42,47,132,166,123,44];False
2402;8275;10677;[4,67,193,48,10,1,91,129,50,84,122,73,174,135,21,99,16,77,112,71,56,18,62,120,24,197,26,9,143,20,3,2,121,160,92,49,130,22,38,34,124,94,75,12,165,153,187,127,39,107,87,76,8,53,93,23,30,134,58,86,69,64,101,151,54,158,199,6,117,98,25,110,81,52,182,28,162,78,60,79,185,148,167,61,41,36,46,131,59,133,96,157,138,178,164,173,66,126,198,159,140,118,109,29,154,156,106,19,108,146,43,128,85,152,111,83,181,82,192,139,33,13,172,195,40,37,15,35,88,145,189,194,31,171,116,57,0,113,196,89,5,141,119,74,183,63,51,72,147,65,102,115,14,45,55,155,184,161,80,114,177,169,191,11,104,180,163,170,95,137,90,125,149,32,68,97,100,7,175,179,27,150,136,144,70,168,17,103,105,142,190,188,186,176,42,47,132,166,123,44];False
2405;8272;10677;[4,67,193,48,10,1,91,129,8,84,122,73,174,135,21,99,16,77,112,71,56,18,62,120,24,197,26,9,143,20,3,2,121,160,92,49,130,22,38,34,124,94,75,12,165,153,187,127,39,107,87,76,50,53,93,23,30,134,58,86,69,64,101,151,54,158,199,6,117,98,25,110,81,52,182,28,162,78,60,79,185,148,167,61,41,36,46,131,59,133,96,157,138,178,164,173,66,126,198,159,140,118,109,29,154,156,106,19,108,146,43,128,85,152,111,83,181,82,192,139,33,13,172,195,40,37,15,35,88,145,189,194,31,171,116,57,0,113,196,89,5,141,119,74,183,63,51,186,147,65,102,115,14,45,55,155,184,161,80,114,177,169,191,11,104,180,163,170,95,137,90,125,149,32,68,97,100,7,175,179,27,150,136,144,70,168,17,103,105,142,190,188,72,176,42,47,132,166,123,44];False
2394;8283;10677;[4,67,193,48,10,1,91,129,8,84,122,73,174,135,21,99,16,77,112,71,56,18,62,120,24,197,26,9,143,20,3,2,121,160,92,49,130,22,38,34,124,94,75,12,165,153,187,127,39,107,87,76,50,53,93,23,30,134,58,86,69,64,101,151,54,158,199,6,117,98,123,110,81,52,182,28,162,78,60,79,185,148,167,61,41,36,46,131,59,133,96,157,138,178,164,173,66,126,198,159,140,118,109,29,154,156,106,19,108,146,43,128,85,152,111,83,181,82,192,139,33,13,172,195,40,37,15,35,88,145,189,194,31,171,116,57,0,113,196,89,5,141,119,74,183,63,51,72,147,65,102,115,14,45,55,155,184,161,80,114,177,169,191,11,104,180,163,170,95,137,90,125,149,32,68,97,100,7,175,179,27,150,136,144,70,168,17,103,105,142,190,188,186,176,42,47,132,166,25,44];False
2400;8277;10677;[4,67,193,48,10,1,91,129,8,84,122,73,174,135,21,180,16,77,112,71,56,18,62,120,24,197,26,9,143,20,3,2,121,160,92,49,130,22,38,34,124,94,75,12,165,153,187,127,39,107,87,76,50,53,93,23,30,134,58,86,69,64,101,151,54,158,199,6,117,98,25,110,81,52,182,28,162,78,60,79,185,148,167,61,41,36,46,131,59,133,96,157,138,178,164,173,66,126,198,159,140,118,109,29,154,156,106,19,108,146,43,128,85,152,111,83,181,82,192,139,33,13,172,195,40,37,15,35,88,145,189,194,31,171,116,57,0,113,196,89,5,141,119,74,183,63,51,72,147,65,102,115,14,45,55,155,184,161,80,114,177,169,191,11,104,99,163,170,95,137,90,125,149,32,68,97,100,7,175,179,27,150,136,144,70,168,17,103,105,142,190,188,186,176,42,47,132,166,123,44];False
2438;8239;10677;[4,67,193,48,10,1,91,129,8,84,122,73,174,135,21,99,16,77,112,71,56,18,62,120,24,197,26,9,143,20,3,2,121,160,92,49,130,22,38,34,124,94,75,12,165,153,187,127,39,107,87,76,50,53,93,23,30,134,58,86,69,64,101,151,54,158,199,6,117,98,25,110,81,52,182,28,162,78,60,79,185,148,167,61,41,36,46,131,59,133,96,157,138,178,189,173,66,126,198,159,140,118,109,29,154,156,106,19,108,146,43,128,85,152,111,83,181,82,192,139,33,13,172,195,40,37,15,35,88,145,164,194,31,171,116,57,0,113,196,89,5,141,119,74,183,63,51,72,147,65,102,115,14,45,55,155,184,161,80,114,177,169,191,11,104,180,163,170,95,137,90,125,149,32,68,97,100,7,175,179,27,150,136,144,70,168,17,103,105,142,190,188,186,176,42,47,132,166,123,44];False
2350;8327;10677;[4,67,193,48,10,1,91,129,8,84,122,73,174,135,21,99,16,77,112,71,56,18,62,120,24,197,26,9,143,20,3,2,121,160,92,49,130,22,38,34,124,94,75,12,165,153,187,127,39,107,87,76,50,53,93,23,30,134,58,86,69,64,101,151,54,158,199,6,117,98,25,110,81,52,182,28,162,78,60,79,185,148,167,61,41,36,46,131,59,133,96,157,138,178,164,173,66,126,198,159,140,118,109,29,154,156,106,19,108,146,43,128,85,152,111,83,181,82,192,139,33,13,172,195,40,37,15,35,88,145,189,194,31,171,116,57,0,113,196,89,5,141,119,74,183,63,51,72,147,65,102,115,14,42,55,155,184,161,80,114,177,169,191,11,104,180,163,170,95,137,90,125,149,32,68,97,100,7,175,179,27,150,136,144,70,168,17,103,105,142,190,188,186,176,45,47,132,166,123,44];False
2406;8271;10677;[4,67,193,48,10,1,91,129,8,84,122,73,174,135,21,99,16,77,112,71,56,18,62,120,24,197,26,9,143,20,3,2,121,160,92,49,130,22,38,34,124,94,75,12,165,153,187,127,39,107,87,76,50,53,93,23,30,134,58,86,69,64,101,151,54,158,199,6,117,98,25,110,81,52,182,28,162,78,60,79,185,148,167,61,41,36,46,131,59,133,96,157,138,178,164,173,66,126,198,159,140,118,109,29,154,156,106,19,108,146,43,128,85,152,111,83,181,82,192,139,33,13,172,195,40,37,15,35,88,145,189,194,31,171,116,57,0,113,196,89,5,141,119,74,183,63,51,72,147,65,102,115,14,45,55,155,184,161,80,114,177,169,132,11,104,180,163,170,95,137,90,125,149,32,68,97,100,7,175,179,27,150,136,144,70,168,17,103,105,142,190,188,186,176,42,47,191,166,123,44];False
2382;8295;10677;[4,67,193,48,10,1,91,129,8,84,122,73,174,135,21,99,16,77,112,71,56,18,62,120,24,197,26,9,143,20,3,2,158,160,92,49,130,22,38,34,124,94,75,12,165,153,187,127,39,107,87,76,50,53,93,23,30,134,58,86,69,64,101,151,54,121,199,6,117,98,25,110,81,52,182,28,162,78,60,79,185,148,167,61,41,36,46,131,59,133,96,157,138,178,164,173,66,126,198,159,140,118,109,29,154,156,106,19,108,146,43,128,85,152,111,83,181,82,192,139,33,13,172,195,40,37,15,35,88,145,189,194,31,171,116,57,0,113,196,89,5,141,119,74,183,63,51,72,147,65,102,115,14,45,55,155,184,161,80,114,177,169,191,11,104,180,163,170,95,137,90,125,149,32,68,97,100,7,175,179,27,150,136,144,70,168,17,103,105,142,190,188,186,176,42,47,132,166,123,44];False
2399;8278;10677;[4,67,193,48,10,1,91,129,8,84,122,73,174,149,21,99,16,77,112,71,56,18,62,120,24,197,26,9,143,20,3,2,121,160,92,49,130,22,38,34,124,94,75,12,165,153,187,127,39,107,87,76,50,53,93,23,30,134,58,86,69,64,101,151,54,158,199,6,117,98,25,110,81,52,182,28,162,78,60,79,185,148,167,61,41,36,46,131,59,133,96,157,138,178,164,173,66,126,198,159,140,118,109,29,154,156,106,19,108,146,43,128,85,152,111,83,181,82,192,139,33,13,172,195,40,37,15,35,88,145,189,194,31,171,116,57,0,113,196,89,5,141,119,74,183,63,51,72,147,65,102,115,14,45,55,155,184,161,80,114,177,169,191,11,104,180,163,170,95,137,90,125,135,32,68,97,100,7,175,179,27,150,136,144,70,168,17,103,105,142,190,188,186,176,42,47,132,166,123,44];False
2378;8298;10676;[4,67,193,48,10,1,91,129,8,84,122,73,174,135,21,99,16,77,112,71,56,18,62,120,24,197,26,9,143,20,3,2,121,160,92,49,130,22,38,34,124,94,75,12,165,153,187,127,39,107,87,76,50,53,93,23,30,134,58,86,69,64,101,151,54,158,199,6,117,98,25,110,81,52,182,28,162,78,60,79,185,148,167,61,41,36,46,131,59,133,96,157,138,178,164,173,66,126,198,159,140,118,109,29,154,156,106,19,108,146,43,128,85,152,104,83,181,82,192,139,33,13,172,195,40,37,15,35,88,145,189,194,31,171,116,57,0,113,196,89,5,141,119,74,183,63,51,72,147,65,102,115,14,45,55,155,184,161,80,114,177,169,191,11,111,180,163,170,95,137,90,125,149,32,68,97,100,7,175,179,27,150,136,144,70,168,17,103,105,142,190,188,186,176,42,47,132,166,123,44];False
2384;8292;10676;[4,67,193,48,10,1,91,129,8,84,122,73,174,135,21,99,16,77,112,71,56,18,62,120,24,197,26,9,143,20,3,2,121,160,92,49,130,22,38,34,124,94,75,12,165,153,187,127,39,107,87,76,50,53,93,23,30,134,58,86,69,64,101,151,54,158,199,6,117,98,25,110,81,52,182,28,162,78,60,79,185,148,167,61,41,36,46,131,59,133,96,157,138,178,164,173,66,126,198,159,140,118,109,29,154,156,106,183,108,146,43,128,85,152,111,83,181,82,192,139,33,13,172,195,40,37,15,35,88,145,189,194,31,171,116,57,0,113,196,89,5,141,119,74,19,63,51,72,147,65,102,115,14,45,55,155,184,161,80,114,177,169,191,11,104,180,163,170,95,137,90,125,149,32,68,97,100,7,175,179,27,150,136,144,70,168,17,103,105,142,190,188,186,176,42,47,132,166,123,44];False
2413;8263;10676;[4,67,193,48,10,1,91,129,8,84,122,73,174,135,21,99,16,77,112,71,56,18,62,120,24,197,26,9,143,20,3,2,121,160,92,49,130,22,38,34,124,94,75,12,165,153,187,127,39,107,87,76,50,53,93,23,30,134,58,86,69,64,101,151,54,158,199,6,117,98,25,110,81,52,182,28,162,78,60,79,185,148,167,61,41,36,46,131,59,133,96,157,138,178,164,173,66,126,198,159,140,118,109,29,154,156,106,19,108,146,43,128,40,152,111,83,181,82,192,139,33,13,172,195,85,37,15,35,88,145,189,194,31,171,116,57,0,113,196,89,5,141,119,74,183,63,51,72,147,65,102,115,14,45,55,155,184,161,80,114,177,169,191,11,104,180,163,170,95,137,90,125,149,32,68,97,100,7,175,179,27,150,136,144,70,168,17,103,105,142,190,188,186,176,42,47,132,166,123,44];False
2425;8251;10676;[4,67,193,48,10,1,91,129,8,84,122,73,174,135,21,99,16,77,112,71,56,18,62,120,24,197,26,9,143,20,3,2,121,160,92,49,130,22,38,34,124,94,75,12,165,153,187,127,39,107,87,41,50,53,93,23,30,134,58,86,69,64,101,151,54,158,199,6,117,98,25,110,81,52,182,28,162,78,60,79,185,148,167,61,76,36,46,131,59,133,96,157,138,178,164,173,66,126,198,159,140,118,109,29,154,156,106,19,108,146,43,128,85,152,111,83,181,82,192,139,33,13,172,195,40,37,15,35,88,145,189,194,31,171,116,57,0,113,196,89,5,141,119,74,183,63,51,72,147,65,102,115,14,45,55,155,184,161,80,114,177,169,191,11,104,180,163,170,95,137,90,125,149,32,68,97,100,7,175,179,27,150,136,144,70,168,17,103,105,142,190,188,186,176,42,47,132,166,123,44];False
2396;8280;10676;[4,67,193,48,10,1,91,129,8,84,122,73,174,135,21,99,16,77,112,71,56,18,62,120,24,197,26,175,143,20,3,2,121,160,92,49,130,22,38,34,124,94,75,12,165,153,187,127,39,107,87,76,50,53,93,23,30,134,58,86,69,64,101,151,54,158,199,6,117,98,25,110,81,52,182,28,162,78,60,79,185,148,167,61,41,36,46,131,59,133,96,157,138,178,164,173,66,126,198,159,140,118,109,29,154,156,106,19,108,146,43,128,85,152,111,83,181,82,192,139,33,13,172,195,40,37,15,35,88,145,189,194,31,171,116,57,0,113,196,89,5,141,119,74,183,63,51,72,147,65,102,115,14,45,55,155,184,161,80,114,177,169,191,11,104,180,163,170,95,137,90,125,149,32,68,97,100,7,9,179,27,150,136,144,70,168,17,103,105,142,190,188,186,176,42,47,132,166,123,44];False
2415;8261;10676;[4,67,193,48,10,1,91,129,8,84,122,73,174,135,21,99,16,77,112,71,56,18,62,120,24,197,26,9,143,20,3,2,121,160,92,49,130,22,38,34,124,94,75,12,165,153,187,127,39,107,87,76,50,53,93,23,30,134,58,170,69,64,101,151,54,158,199,6,117,98,25,110,81,52,182,28,162,78,60,79,185,148,167,61,41,36,46,131,59,133,96,157,138,178,164,173,66,126,198,159,140,118,109,29,154,156,106,19,108,146,43,128,85,152,111,83,181,82,192,139,33,13,172,195,40,37,15,35,88,145,189,194,31,171,116,57,0,113,196,89,5,141,119,74,183,63,51,72,147,65,102,115,14,45,55,155,184,161,80,114,177,169,191,11,104,180,163,86,95,137,90,125,149,32,68,97,100,7,175,179,27,150,136,144,70,168,17,103,105,142,190,188,186,176,42,47,132,166,123,44];False
2417;8259;10676;[4,67,193,48,10,1,91,129,8,84,122,73,174,135,21,99,16,77,112,71,56,18,62,120,24,197,26,9,143,20,3,2,121,160,92,49,130,22,38,34,124,94,75,12,165,153,187,127,39,107,87,76,50,53,93,23,30,134,31,86,69,64,101,151,54,158,199,6,117,98,25,110,81,52,182,28,162,78,60,79,185,148,167,61,41,36,46,131,59,133,96,157,138,178,164,173,66,126,198,159,140,118,109,29,154,156,106,19,108,146,43,128,85,152,111,83,181,82,192,139,33,13,172,195,40,37,15,35,88,145,189,194,58,171,116,57,0,113,196,89,5,141,119,74,183,63,51,72,147,65,102,115,14,45,55,155,184,161,80,114,177,169,191,11,104,180,163,170,95,137,90,125,149,32,68,97,100,7,175,179,27,150,136,144,70,168,17,103,105,142,190,188,186,176,42,47,132,166,123,44];False
2429;8247;10676;[4,67,193,48,10,1,91,129,8,84,122,73,174,135,21,99,16,77,112,71,56,18,62,120,24,197,26,9,143,20,3,2,121,160,92,49,130,22,38,34,124,94,75,12,165,153,187,127,39,107,87,76,50,53,93,23,30,134,58,86,69,64,101,151,54,158,199,6,117,98,25,110,81,52,182,28,162,78,60,79,185,148,167,61,41,36,46,131,59,133,96,157,138,178,164,173,66,126,198,159,140,118,109,29,154,156,106,19,108,146,43,128,85,152,111,83,181,82,192,139,33,13,172,195,40,37,15,35,88,145,189,194,31,171,196,57,0,113,116,89,5,141,119,74,183,63,51,72,147,65,102,115,14,45,55,155,184,161,80,114,177,169,191,11,104,180,163,170,95,137,90,125,149,32,68,97,100,7,175,179,27,150,136,144,70,168,17,103,105,142,190,188,186,176,42,47,132,166,123,44];False
2370;8306;10676;[4,67,193,48,10,1,91,114,8,84,122,73,174,135,21,99,16,77,112,71,56,18,62,120,24,197,26,9,143,20,3,2,121,160,92,49,130,22,38,34,124,94,75,12,165,153,187,127,39,107,87,76,50,53,93,23,30,134,58,86,69,64,101,151,54,158,199,6,117,98,25,110,81,52,182,28,162,78,60,79,185,148,167,61,41,36,46,131,59,133,96,157,138,178,164,173,66,126,198,159,140,118,109,29,154,156,106,19,108,146,43,128,85,152,111,83,181,82,192,139,33,13,172,195,40,37,15,35,88,145,189,194,31,171,116,57,0,113,196,89,5,141,119,74,183,63,51,72,147,65,102,115,14,45,55,155,184,161,80,129,177,169,191,11,104,180,163,170,95,137,90,125,149,32,68,97,100,7,175,179,27,150,136,144,70,168,17,103,105,142,190,188,186,176,42,47,132,166,123,44];False
2384;8292;10676;[4,67,193,48,10,1,91,129,8,84,122,73,174,135,21,99,16,77,112,71,56,18,62,120,24,197,26,9,143,20,3,2,121,160,92,49,130,22,38,34,124,94,75,12,165,153,187,127,39,107,87,76,50,53,93,23,30,134,58,86,69,64,101,151,54,158,199,6,117,98,25,110,81,52,182,28,162,78,60,79,185,148,167,61,41,36,46,131,59,133,96,157,138,178,164,173,66,126,198,159,140,118,109,29,154,156,106,19,108,146,43,128,85,152,111,83,102,82,192,139,33,13,172,195,40,37,15,35,88,145,189,194,31,171,116,57,0,113,196,89,5,141,119,74,183,63,51,72,147,65,181,115,14,45,55,155,184,161,80,114,177,169,191,11,104,180,163,170,95,137,90,125,149,32,68,97,100,7,175,179,27,150,136,144,70,168,17,103,105,142,190,188,186,176,42,47,132,166,123,44];False
2379;8296;10675;[4,67,193,48,10,1,91,129,8,84,122,73,174,135,21,99,16,77,112,71,56,18,62,120,24,197,26,9,143,20,3,2,121,160,92,49,130,22,38,34,124,94,75,12,165,153,187,127,39,107,87,76,50,53,93,23,30,134,58,86,69,64,101,151,54,158,199,6,117,98,25,110,81,52,182,28,162,78,60,79,185,148,167,61,41,36,46,131,59,133,96,157,138,178,164,173,63,126,198,159,140,118,109,29,154,156,106,19,108,146,43,128,85,152,111,83,181,82,192,139,33,13,172,195,40,37,15,35,88,145,189,194,31,171,116,57,0,113,196,89,5,141,119,74,183,66,51,72,147,65,102,115,14,45,55,155,184,161,80,114,177,169,191,11,104,180,163,170,95,137,90,125,149,32,68,97,100,7,175,179,27,150,136,144,70,168,17,103,105,142,190,188,186,176,42,47,132,166,123,44];False
2398;8277;10675;[4,67,193,48,10,1,91,129,8,84,122,73,174,135,21,99,16,77,112,71,56,18,62,120,24,197,26,9,143,20,3,2,121,160,92,49,130,22,38,34,124,94,75,12,165,153,187,127,39,107,87,76,50,53,93,23,30,134,58,86,69,64,101,151,54,158,199,6,117,98,25,110,81,52,182,28,162,78,60,79,185,148,167,61,41,36,46,131,59,133,96,157,138,178,164,173,66,126,198,159,140,118,109,29,154,156,106,19,108,146,43,128,85,152,111,83,181,82,192,139,33,13,172,195,40,37,15,35,44,145,189,194,31,171,116,57,0,113,196,89,5,141,119,74,183,63,51,72,147,65,102,115,14,45,55,155,184,161,80,114,177,169,191,11,104,180,163,170,95,137,90,125,149,32,68,97,100,7,175,179,27,150,136,144,70,168,17,103,105,142,190,188,186,176,42,47,132,166,123,88];False
2375;8300;10675;[4,67,193,48,10,1,91,129,8,84,122,73,174,135,21,99,16,77,112,71,56,18,62,120,24,197,26,9,143,20,3,2,121,160,92,49,130,22,38,170,124,94,75,12,165,153,187,127,39,107,87,76,50,53,93,23,30,134,58,86,69,64,101,151,54,158,199,6,117,98,25,110,81,52,182,28,162,78,60,79,185,148,167,61,41,36,46,131,59,133,96,157,138,178,164,173,66,126,198,159,140,118,109,29,154,156,106,19,108,146,43,128,85,152,111,83,181,82,192,139,33,13,172,195,40,37,15,35,88,145,189,194,31,171,116,57,0,113,196,89,5,141,119,74,183,63,51,72,147,65,102,115,14,45,55,155,184,161,80,114,177,169,191,11,104,180,163,34,95,137,90,125,149,32,68,97,100,7,175,179,27,150,136,144,70,168,17,103,105,142,190,188,186,176,42,47,132,166,123,44];False
2382;8293;10675;[4,67,193,48,10,1,91,129,8,84,122,73,174,135,21,99,16,77,112,71,58,18,62,120,24,197,26,9,143,20,3,2,121,160,92,49,130,22,38,34,124,94,75,12,165,153,187,127,39,107,87,76,50,53,93,23,30,134,56,86,69,64,101,151,54,158,199,6,117,98,25,110,81,52,182,28,162,78,60,79,185,148,167,61,41,36,46,131,59,133,96,157,138,178,164,173,66,126,198,159,140,118,109,29,154,156,106,19,108,146,43,128,85,152,111,83,181,82,192,139,33,13,172,195,40,37,15,35,88,145,189,194,31,171,116,57,0,113,196,89,5,141,119,74,183,63,51,72,147,65,102,115,14,45,55,155,184,161,80,114,177,169,191,11,104,180,163,170,95,137,90,125,149,32,68,97,100,7,175,179,27,150,136,144,70,168,17,103,105,142,190,188,186,176,42,47,132,166,123,44];False
2429;8246;10675;[4,67,193,48,10,1,91,129,8,84,122,73,174,135,21,99,16,77,112,71,56,18,62,120,24,197,26,9,143,20,3,2,121,160,92,49,130,22,38,34,124,94,75,12,165,153,187,127,39,107,87,76,50,53,93,23,30,134,58,86,69,64,101,151,54,158,199,6,117,98,25,110,81,52,182,28,162,78,60,79,185,148,167,61,41,36,46,131,59,133,96,157,138,178,164,173,66,126,198,159,140,118,109,29,90,156,106,19,108,146,43,128,85,152,111,83,181,82,192,139,33,13,172,195,40,37,15,35,88,145,189,194,31,171,116,57,0,113,196,89,5,141,119,74,183,63,51,72,147,65,102,115,14,45,55,155,184,161,80,114,177,169,191,11,104,180,163,170,95,137,154,125,149,32,68,97,100,7,175,179,27,150,136,144,70,168,17,103,105,142,190,188,186,176,42,47,132,166,123,44];False
2332;8343;10675;[4,67,193,48,10,1,91,129,8,84,122,73,174,135,21,99,16,77,112,71,56,18,62,120,24,197,26,9,143,20,3,2,121,160,92,49,130,22,38,34,124,94,75,12,165,153,187,127,39,107,87,76,50,53,93,23,30,134,58,86,69,64,101,151,54,158,199,6,117,98,25,110,81,52,182,28,162,78,60,79,185,148,167,61,41,36,46,131,59,133,96,157,138,178,164,173,66,126,198,159,140,118,109,29,154,156,106,19,108,146,43,128,85,152,111,83,181,82,192,139,33,13,172,195,40,37,15,35,88,145,189,194,31,171,116,57,0,113,196,89,5,141,119,74,183,63,51,114,147,65,102,115,14,45,55,155,184,161,80,72,177,169,191,11,104,180,163,170,95,137,90,125,149,32,68,97,100,7,175,179,27,150,136,144,70,168,17,103,105,142,190,188,186,176,42,47,132,166,123,44];False
2347;8328;10675;[4,67,193,48,10,1,91,129,8,84,122,73,174,135,21,99,16,77,112,71,56,18,62,120,24,197,26,9,143,20,3,2,121,160,92,49,130,22,38,34,124,94,75,12,165,153,187,127,39,107,87,76,50,53,93,23,30,178,58,86,69,64,101,151,54,158,199,6,117,98,25,110,81,52,182,28,162,78,60,79,185,148,167,61,41,36,46,131,59,133,96,157,138,134,164,173,66,126,198,159,140,118,109,29,154,156,106,19,108,146,43,128,85,152,111,83,181,82,192,139,33,13,172,195,40,37,15,35,88,145,189,194,31,171,116,57,0,113,196,89,5,141,119,74,183,63,51,72,147,65,102,115,14,45,55,155,184,161,80,114,177,169,191,11,104,180,163,170,95,137,90,125,149,32,68,97,100,7,175,179,27,150,136,144,70,168,17,103,105,142,190,188,186,176,42,47,132,166,123,44];False
2399;8276;10675;[4,67,193,48,10,1,91,129,8,84,122,73,174,135,21,99,16,77,112,71,56,18,62,120,24,197,26,9,143,20,3,2,121,160,92,49,130,22,38,34,124,94,75,12,165,153,187,127,39,107,87,76,50,53,93,23,30,134,58,86,69,64,101,151,54,158,199,6,117,98,25,110,81,52,182,28,162,78,60,79,185,148,167,61,41,36,46,131,59,133,96,157,138,178,164,173,66,126,198,159,140,118,109,29,154,156,106,19,108,146,43,128,85,190,111,83,181,82,192,139,33,13,172,195,40,37,15,35,88,145,189,194,31,171,116,57,0,113,196,89,5,141,119,74,183,63,51,72,147,65,102,115,14,45,55,155,184,161,80,114,177,169,191,11,104,180,163,170,95,137,90,125,149,32,68,97,100,7,175,179,27,150,136,144,70,168,17,103,105,142,152,188,186,176,42,47,132,166,123,44];False
2310;8365;10675;[4,67,193,48,10,1,91,129,8,84,122,73,174,135,21,99,16,77,112,71,56,18,62,120,24,197,26,9,143,20,3,2,121,160,92,49,130,22,38,34,124,94,75,12,165,153,187,127,39,107,87,76,50,53,93,23,30,134,58,86,69,64,101,151,54,158,199,6,117,98,25,110,81,52,182,28,162,78,108,79,185,148,167,61,41,36,46,131,59,133,96,157,138,178,164,173,66,126,198,159,140,118,109,29,154,156,106,19,60,146,43,128,85,152,111,83,181,82,192,139,33,13,172,195,40,37,15,35,88,145,189,194,31,171,116,57,0,113,196,89,5,141,119,74,183,63,51,72,147,65,102,115,14,45,55,155,184,161,80,114,177,169,191,11,104,180,163,170,95,137,90,125,149,32,68,97,100,7,175,179,27,150,136,144,70,168,17,103,105,142,190,188,186,176,42,47,132,166,123,44];False
2409;8266;10675;[4,67,193,48,10,1,91,129,8,84,122,73,174,135,21,99,16,77,112,71,56,18,62,120,24,197,26,9,143,20,3,2,121,160,92,49,130,22,38,34,124,94,75,12,165,153,187,127,39,107,87,76,50,53,93,23,30,134,58,86,69,64,101,151,54,158,199,6,117,98,25,110,81,52,182,28,162,78,60,79,185,148,167,61,41,36,46,131,59,133,96,157,138,178,164,173,66,126,198,159,140,118,109,29,154,156,106,19,108,146,43,128,85,152,111,83,194,82,192,139,33,13,172,195,40,37,15,35,88,145,189,181,31,171,116,57,0,113,196,89,5,141,119,74,183,63,51,72,147,65,102,115,14,45,55,155,184,161,80,114,177,169,191,11,104,180,163,170,95,137,90,125,149,32,68,97,100,7,175,179,27,150,136,144,70,168,17,103,105,142,190,188,186,176,42,47,132,166,123,44];False
2404;8271;10675;[4,67,193,48,10,1,91,129,8,84,122,73,174,135,21,99,16,77,112,71,56,18,62,120,24,197,26,9,143,20,3,2,121,160,92,49,130,22,38,34,124,94,75,12,165,153,187,127,39,107,87,76,182,53,93,23,30,134,58,86,69,64,101,151,54,158,199,6,117,98,25,110,81,52,50,28,162,78,60,79,185,148,167,61,41,36,46,131,59,133,96,157,138,178,164,173,66,126,198,159,140,118,109,29,154,156,106,19,108,146,43,128,85,152,111,83,181,82,192,139,33,13,172,195,40,37,15,35,88,145,189,194,31,171,116,57,0,113,196,89,5,141,119,74,183,63,51,72,147,65,102,115,14,45,55,155,184,161,80,114,177,169,191,11,104,180,163,170,95,137,90,125,149,32,68,97,100,7,175,179,27,150,136,144,70,168,17,103,105,142,190,188,186,176,42,47,132,166,123,44];False
2389;8286;10675;[4,67,193,48,10,1,91,129,8,84,122,73,174,135,21,99,16,77,112,71,56,18,62,120,24,197,26,9,143,20,3,2,121,160,92,49,130,22,38,34,124,94,75,12,165,153,187,127,39,107,87,76,50,53,93,23,30,134,58,86,69,64,101,151,54,158,199,6,117,98,25,110,81,52,182,28,162,78,60,79,185,148,167,61,41,36,46,131,59,133,96,157,138,178,164,173,66,126,198,159,140,118,109,29,154,156,106,19,108,146,43,128,85,152,111,83,181,82,192,183,33,13,172,195,40,37,15,35,88,145,189,194,31,171,116,57,0,113,196,89,5,141,119,74,139,63,51,72,147,65,102,115,14,45,55,155,184,161,80,114,177,169,191,11,104,180,163,170,95,137,90,125,149,32,68,97,100,7,175,179,27,150,136,144,70,168,17,103,105,142,190,188,186,176,42,47,132,166,123,44];False
2393;8282;10675;[11,67,193,48,10,1,91,129,8,84,122,73,174,135,21,99,16,77,112,71,56,18,62,120,24,197,26,9,143,20,3,2,121,160,92,49,130,22,38,34,124,94,75,12,165,153,187,127,39,107,87,76,50,53,93,23,30,134,58,86,69,64,101,151,54,158,199,6,117,98,25,110,81,52,182,28,162,78,60,79,185,148,167,61,41,36,46,131,59,133,96,157,138,178,164,173,66,126,198,159,140,118,109,29,154,156,106,19,108,146,43,128,85,152,111,83,181,82,192,139,33,13,172,195,40,37,15,35,88,145,189,194,31,171,116,57,0,113,196,89,5,141,119,74,183,63,51,72,147,65,102,115,14,45,55,155,184,161,80,114,177,169,191,4,104,180,163,170,95,137,90,125,149,32,68,97,100,7,175,179,27,150,136,144,70,168,17,103,105,142,190,188,186,176,42,47,132,166,123,44];False
2346;8328;10674;[4,67,193,48,10,1,91,129,8,84,122,54,174,135,21,99,16,77,112,71,56,18,62,120,24,197,26,9,143,20,3,2,121,160,92,49,130,22,38,34,124,94,75,12,165,153,187,127,39,107,87,76,50,53,93,23,30,134,58,86,69,64,101,151,73,158,199,6,117,98,25,110,81,52,182,28,162,78,60,79,185,148,167,61,41,36,46,131,59,133,96,157,138,178,164,173,66,126,198,159,140,118,109,29,154,156,106,19,108,146,43,128,85,152,111,83,181,82,192,139,33,13,172,195,40,37,15,35,88,145,189,194,31,171,116,57,0,113,196,89,5,141,119,74,183,63,51,72,147,65,102,115,14,45,55,155,184,161,80,114,177,169,191,11,104,180,163,170,95,137,90,125,149,32,68,97,100,7,175,179,27,150,136,144,70,168,17,103,105,142,190,188,186,176,42,47,132,166,123,44];False
2406;8268;10674;[4,67,193,48,10,1,91,129,8,84,122,73,174,135,16,99,21,77,112,71,56,18,62,120,24,197,26,9,143,20,3,2,121,160,92,49,130,22,38,34,124,94,75,12,165,153,187,127,39,107,87,76,50,53,93,23,30,134,58,86,69,64,101,151,54,158,199,6,117,98,25,110,81,52,182,28,162,78,60,79,185,148,167,61,41,36,46,131,59,133,96,157,138,178,164,173,66,126,198,159,140,118,109,29,154,156,106,19,108,146,43,128,85,152,111,83,181,82,192,139,33,13,172,195,40,37,15,35,88,145,189,194,31,171,116,57,0,113,196,89,5,141,119,74,183,63,51,72,147,65,102,115,14,45,55,155,184,161,80,114,177,169,191,11,104,180,163,170,95,137,90,125,149,32,68,97,100,7,175,179,27,150,136,144,70,168,17,103,105,142,190,188,186,176,42,47,132,166,123,44];False
2419;8255;10674;[4,67,20,48,10,1,91,129,8,84,122,73,174,135,21,99,16,77,112,71,56,18,62,120,24,197,26,9,143,193,3,2,121,160,92,49,130,22,38,34,124,94,75,12,165,153,187,127,39,107,87,76,50,53,93,23,30,134,58,86,69,64,101,151,54,158,199,6,117,98,25,110,81,52,182,28,162,78,60,79,185,148,167,61,41,36,46,131,59,133,96,157,138,178,164,173,66,126,198,159,140,118,109,29,154,156,106,19,108,146,43,128,85,152,111,83,181,82,192,139,33,13,172,195,40,37,15,35,88,145,189,194,31,171,116,57,0,113,196,89,5,141,119,74,183,63,51,72,147,65,102,115,14,45,55,155,184,161,80,114,177,169,191,11,104,180,163,170,95,137,90,125,149,32,68,97,100,7,175,179,27,150,136,144,70,168,17,103,105,142,190,188,186,176,42,47,132,166,123,44];False
2437;8237;10674;[4,67,193,48,10,1,91,129,8,84,122,73,174,135,21,99,16,77,112,71,56,18,62,120,24,197,26,9,143,20,3,2,121,160,92,49,130,22,38,34,124,94,75,12,165,153,187,127,39,107,87,76,50,53,93,23,30,134,58,86,69,64,101,151,54,158,199,6,117,98,25,110,81,52,182,28,162,78,60,79,185,148,167,61,41,36,178,131,59,133,96,157,138,46,164,173,66,126,198,159,140,118,109,29,154,156,106,19,108,146,43,128,85,152,111,83,181,82,192,139,33,13,172,195,40,37,15,35,88,145,189,194,31,171,116,57,0,113,196,89,5,141,119,74,183,63,51,72,147,65,102,115,14,45,55,155,184,161,80,114,177,169,191,11,104,180,163,170,95,137,90,125,149,32,68,97,100,7,175,179,27,150,136,144,70,168,17,103,105,142,190,188,186,176,42,47,132,166,123,44];False
2390;8284;10674;[4,67,193,48,10,1,91,129,8,84,122,73,174,135,21,99,16,77,112,71,56,18,62,120,24,197,26,9,143,20,3,2,121,160,92,49,130,22,38,34,124,94,75,12,165,153,187,127,39,107,87,76,50,53,93,23,30,134,58,86,69,64,101,151,54,158,199,6,117,98,25,184,81,52,182,28,162,78,60,79,185,148,167,61,41,36,46,131,59,133,96,157,138,178,164,173,66,126,198,159,140,118,109,29,154,156,106,19,108,146,43,128,85,152,111,83,181,82,192,139,33,13,172,195,40,37,15,35,88,145,189,194,31,171,116,57,0,113,196,89,5,141,119,74,183,63,51,72,147,65,102,115,14,45,55,155,110,161,80,114,177,169,191,11,104,180,163,170,95,137,90,125,149,32,68,97,100,7,175,179,27,150,136,144,70,168,17,103,105,142,190,188,186,176,42,47,132,166,123,44];False
2375;8299;10674;[4,67,193,48,10,1,91,129,8,84,122,73,174,135,21,99,16,77,112,71,56,18,62,120,24,197,26,9,143,20,3,2,121,160,92,49,130,22,38,34,124,94,75,12,165,153,187,127,39,107,87,76,50,53,93,23,30,134,58,86,69,64,101,151,54,158,199,6,117,98,25,110,81,52,182,28,162,78,60,79,185,148,167,61,41,36,46,131,59,133,96,157,138,178,164,173,66,126,198,159,140,118,109,29,154,156,106,19,108,146,43,128,85,152,111,83,181,82,192,139,33,13,172,195,40,37,15,35,88,145,189,194,31,171,116,57,0,180,196,89,5,141,119,74,183,63,51,72,147,65,102,115,14,45,55,155,184,161,80,114,177,169,191,11,104,113,163,170,95,137,90,125,149,32,68,97,100,7,175,179,27,150,136,144,70,168,17,103,105,142,190,188,186,176,42,47,132,166,123,44];False
2399;8275;10674;[4,67,193,48,10,1,91,129,8,84,122,73,174,135,21,99,16,77,112,71,56,18,62,120,24,197,26,9,143,20,3,2,121,160,92,49,130,22,38,34,124,94,75,12,165,153,187,127,39,107,87,137,50,53,93,23,30,134,58,86,69,64,101,151,54,158,199,6,117,98,25,110,81,52,182,28,162,78,60,79,185,148,167,61,41,36,46,131,59,133,96,157,138,178,164,173,66,126,198,159,140,118,109,29,154,156,106,19,108,146,43,128,85,152,111,83,181,82,192,139,33,13,172,195,40,37,15,35,88,145,189,194,31,171,116,57,0,113,196,89,5,141,119,74,183,63,51,72,147,65,102,115,14,45,55,155,184,161,80,114,177,169,191,11,104,180,163,170,95,76,90,125,149,32,68,97,100,7,175,179,27,150,136,144,70,168,17,103,105,142,190,188,186,176,42,47,132,166,123,44];False
2421;8253;10674;[4,67,193,48,10,1,91,129,8,84,122,73,174,135,21,99,16,77,112,71,56,18,62,120,24,197,26,9,147,20,3,2,121,160,92,49,130,22,38,34,124,94,75,12,165,153,187,127,39,107,87,76,50,53,93,23,30,134,58,86,69,64,101,151,54,158,199,6,117,98,25,110,81,52,182,28,162,78,60,79,185,148,167,61,41,36,46,131,59,133,96,157,138,178,164,173,66,126,198,159,140,118,109,29,154,156,106,19,108,146,43,128,85,152,111,83,181,82,192,139,33,13,172,195,40,37,15,35,88,145,189,194,31,171,116,57,0,113,196,89,5,141,119,74,183,63,51,72,143,65,102,115,14,45,55,155,184,161,80,114,177,169,191,11,104,180,163,170,95,137,90,125,149,32,68,97,100,7,175,179,27,150,136,144,70,168,17,103,105,142,190,188,186,176,42,47,132,166,123,44];False
2424;8250;10674;[4,8,193,48,10,1,91,129,67,84,122,73,174,135,21,99,16,77,112,71,56,18,62,120,24,197,26,9,143,20,3,2,121,160,92,49,130,22,38,34,124,94,75,12,165,153,187,127,39,107,87,76,50,53,93,23,30,134,58,86,69,64,101,151,54,158,199,6,117,98,25,110,81,52,182,28,162,78,60,79,185,148,167,61,41,36,46,131,59,133,96,157,138,178,164,173,66,126,198,159,140,118,109,29,154,156,106,19,108,146,43,128,85,152,111,83,181,82,192,139,33,13,172,195,40,37,15,35,88,145,189,194,31,171,116,57,0,113,196,89,5,141,119,74,183,63,51,72,147,65,102,115,14,45,55,155,184,161,80,114,177,169,191,11,104,180,163,170,95,137,90,125,149,32,68,97,100,7,175,179,27,150,136,144,70,168,17,103,105,142,190,188,186,176,42,47,132,166,123,44];False
2413;8261;10674;[4,67,193,48,10,1,91,129,8,84,122,73,174,135,21,99,16,77,112,71,56,18,62,120,24,197,26,9,143,20,3,2,121,160,92,49,130,22,38,34,124,94,75,12,142,153,187,127,39,107,87,76,50,53,93,23,30,134,58,86,69,64,101,151,54,158,199,6,117,98,25,110,81,52,182,28,162,78,60,79,185,148,167,61,41,36,46,131,59,133,96,157,138,178,164,173,66,126,198,159,140,118,109,29,154,156,106,19,108,146,43,128,85,152,111,83,181,82,192,139,33,13,172,195,40,37,15,35,88,145,189,194,31,171,116,57,0,113,196,89,5,141,119,74,183,63,51,72,147,65,102,115,14,45,55,155,184,161,80,114,177,169,191,11,104,180,163,170,95,137,90,125,149,32,68,97,100,7,175,179,27,150,136,144,70,168,17,103,105,165,190,188,186,176,42,47,132,166,123,44];False
2363;8311;10674;[4,67,193,48,10,1,91,129,8,84,122,73,174,135,21,99,16,77,112,71,56,18,62,120,24,197,26,9,143,20,3,2,121,160,92,119,130,22,38,34,124,94,75,12,165,153,187,127,39,107,87,76,50,53,93,23,30,134,58,86,69,64,101,151,54,158,199,6,117,98,25,110,81,52,182,28,162,78,60,79,185,148,167,61,41,36,46,131,59,133,96,157,138,178,164,173,66,126,198,159,140,118,109,29,154,156,106,19,108,146,43,128,85,152,111,83,181,82,192,139,33,13,172,195,40,37,15,35,88,145,189,194,31,171,116,57,0,113,196,89,5,141,49,74,183,63,51,72,147,65,102,115,14,45,55,155,184,161,80,114,177,169,191,11,104,180,163,170,95,137,90,125,149,32,68,97,100,7,175,179,27,150,136,144,70,168,17,103,105,142,190,188,186,176,42,47,132,166,123,44];False
2386;8288;10674;[4,67,193,48,10,1,91,129,8,84,122,73,174,135,21,99,16,77,112,71,56,18,62,120,24,197,26,9,143,20,3,2,121,160,92,49,130,22,38,34,124,94,75,12,165,153,187,127,39,107,87,76,50,53,93,23,30,134,58,86,69,64,101,151,54,158,199,6,117,98,25,110,81,52,182,28,162,78,60,79,185,148,167,61,41,123,46,131,59,133,96,157,138,178,164,173,66,126,198,159,140,118,109,29,154,156,106,19,108,146,43,128,85,152,111,83,181,82,192,139,33,13,172,195,40,37,15,35,88,145,189,194,31,171,116,57,0,113,196,89,5,141,119,74,183,63,51,72,147,65,102,115,14,45,55,155,184,161,80,114,177,169,191,11,104,180,163,170,95,137,90,125,149,32,68,97,100,7,175,179,27,150,136,144,70,168,17,103,105,142,190,188,186,176,42,47,132,166,36,44];False
2404;8270;10674;[4,67,193,48,10,1,91,129,8,84,128,73,174,135,21,99,16,77,112,71,56,18,62,120,24,197,26,9,143,20,3,2,121,160,92,49,130,22,38,34,124,94,75,12,165,153,187,127,39,107,87,76,50,53,93,23,30,134,58,86,69,64,101,151,54,158,199,6,117,98,25,110,81,52,182,28,162,78,60,79,185,148,167,61,41,36,46,131,59,133,96,157,138,178,164,173,66,126,198,159,140,118,109,29,154,156,106,19,108,146,43,122,85,152,111,83,181,82,192,139,33,13,172,195,40,37,15,35,88,145,189,194,31,171,116,57,0,113,196,89,5,141,119,74,183,63,51,72,147,65,102,115,14,45,55,155,184,161,80,114,177,169,191,11,104,180,163,170,95,137,90,125,149,32,68,97,100,7,175,179,27,150,136,144,70,168,17,103,105,142,190,188,186,176,42,47,132,166,123,44];False
2369;8305;10674;[4,67,193,48,10,1,91,129,8,84,122,73,174,135,21,99,16,77,112,71,56,18,49,120,24,197,26,9,143,20,3,2,121,160,92,62,130,22,38,34,124,94,75,12,165,153,187,127,39,107,87,76,50,53,93,23,30,134,58,86,69,64,101,151,54,158,199,6,117,98,25,110,81,52,182,28,162,78,60,79,185,148,167,61,41,36,46,131,59,133,96,157,138,178,164,173,66,126,198,159,140,118,109,29,154,156,106,19,108,146,43,128,85,152,111,83,181,82,192,139,33,13,172,195,40,37,15,35,88,145,189,194,31,171,116,57,0,113,196,89,5,141,119,74,183,63,51,72,147,65,102,115,14,45,55,155,184,161,80,114,177,169,191,11,104,180,163,170,95,137,90,125,149,32,68,97,100,7,175,179,27,150,136,144,70,168,17,103,105,142,190,188,186,176,42,47,132,166,123,44];False
2396;8278;10674;[4,67,193,48,10,1,91,129,8,84,122,73,174,135,21,99,16,77,112,71,56,18,62,120,24,197,26,9,143,20,3,2,121,160,92,49,130,22,38,34,124,94,75,12,165,153,187,127,39,107,87,76,50,53,93,23,30,134,58,86,69,64,101,151,54,158,199,6,117,98,25,110,81,52,182,28,104,78,60,79,185,148,167,61,41,36,46,131,59,133,96,157,138,178,164,173,66,126,198,159,140,118,109,29,154,156,106,19,108,146,43,128,85,152,111,83,181,82,192,139,33,13,172,195,40,37,15,35,88,145,189,194,31,171,116,57,0,113,196,89,5,141,119,74,183,63,51,72,147,65,102,115,14,45,55,155,184,161,80,114,177,169,191,11,162,180,163,170,95,137,90,125,149,32,68,97,100,7,175,179,27,150,136,144,70,168,17,103,105,142,190,188,186,176,42,47,132,166,123,44];False
2420;8253;10673;[4,67,193,48,10,1,91,129,8,84,122,73,174,135,21,99,16,77,112,71,56,18,62,120,24,197,26,9,143,20,3,2,121,160,92,49,130,22,38,34,124,94,75,12,165,153,187,127,39,107,87,76,50,53,93,23,30,134,58,86,69,64,101,151,54,158,199,6,117,98,25,110,81,52,182,28,162,78,60,79,185,148,167,61,41,36,46,131,59,133,96,157,138,178,164,173,66,126,198,159,140,118,109,29,154,156,106,19,108,146,43,128,85,152,111,83,181,82,192,139,33,13,172,195,40,37,15,35,88,145,189,194,31,171,132,57,0,113,196,89,5,141,119,74,183,63,51,72,147,65,102,115,14,45,55,155,184,161,80,114,177,169,191,11,104,180,163,170,95,137,90,125,149,32,68,97,100,7,175,179,27,150,136,144,70,168,17,103,105,142,190,188,186,176,42,47,116,166,123,44];False
2393;8280;10673;[4,67,193,48,10,1,91,129,8,84,122,73,174,135,21,99,16,77,112,71,56,18,62,120,24,197,26,9,143,20,3,144,121,160,92,49,130,22,38,34,124,94,75,12,165,153,187,127,39,107,87,76,50,53,93,23,30,134,58,86,69,64,101,151,54,158,199,6,117,98,25,110,81,52,182,28,162,78,60,79,185,148,167,61,41,36,46,131,59,133,96,157,138,178,164,173,66,126,198,159,140,118,109,29,154,156,106,19,108,146,43,128,85,152,111,83,181,82,192,139,33,13,172,195,40,37,15,35,88,145,189,194,31,171,116,57,0,113,196,89,5,141,119,74,183,63,51,72,147,65,102,115,14,45,55,155,184,161,80,114,177,169,191,11,104,180,163,170,95,137,90,125,149,32,68,97,100,7,175,179,27,150,136,2,70,168,17,103,105,142,190,188,186,176,42,47,132,166,123,44];False
2356;8317;10673;[4,67,193,48,10,1,91,129,8,84,122,73,174,135,21,99,16,77,112,71,56,18,62,120,24,197,26,9,143,20,3,2,121,160,92,49,130,22,38,34,124,94,75,12,165,153,187,127,39,107,87,76,50,53,93,23,30,134,58,86,69,64,101,151,54,158,199,6,117,72,25,110,81,52,182,28,162,78,60,79,185,148,167,61,41,36,46,131,59,133,96,157,138,178,164,173,66,126,198,159,140,118,109,29,154,156,106,19,108,146,43,128,85,152,111,83,181,82,192,139,33,13,172,195,40,37,15,35,88,145,189,194,31,171,116,57,0,113,196,89,5,141,119,74,183,63,51,98,147,65,102,115,14,45,55,155,184,161,80,114,177,169,191,11,104,180,163,170,95,137,90,125,149,32,68,97,100,7,175,179,27,150,136,144,70,168,17,103,105,142,190,188,186,176,42,47,132,166,123,44];False
2396;8277;10673;[4,67,193,48,10,1,91,129,8,84,122,73,174,135,21,99,16,77,112,71,56,18,62,120,24,197,26,9,143,20,3,2,117,160,92,49,130,22,38,34,124,94,75,12,165,153,187,127,39,107,87,76,50,53,93,23,30,134,58,86,69,64,101,151,54,158,199,6,121,98,25,110,81,52,182,28,162,78,60,79,185,148,167,61,41,36,46,131,59,133,96,157,138,178,164,173,66,126,198,159,140,118,109,29,154,156,106,19,108,146,43,128,85,152,111,83,181,82,192,139,33,13,172,195,40,37,15,35,88,145,189,194,31,171,116,57,0,113,196,89,5,141,119,74,183,63,51,72,147,65,102,115,14,45,55,155,184,161,80,114,177,169,191,11,104,180,163,170,95,137,90,125,149,32,68,97,100,7,175,179,27,150,136,144,70,168,17,103,105,142,190,188,186,176,42,47,132,166,123,44];False
2414;8259;10673;[4,67,193,48,74,1,91,129,8,84,122,73,174,135,21,99,16,77,112,71,56,18,62,120,24,197,26,9,143,20,3,2,121,160,92,49,130,22,38,34,124,94,75,12,165,153,187,127,39,107,87,76,50,53,93,23,30,134,58,86,69,64,101,151,54,158,199,6,117,98,25,110,81,52,182,28,162,78,60,79,185,148,167,61,41,36,46,131,59,133,96,157,138,178,164,173,66,126,198,159,140,118,109,29,154,156,106,19,108,146,43,128,85,152,111,83,181,82,192,139,33,13,172,195,40,37,15,35,88,145,189,194,31,171,116,57,0,113,196,89,5,141,119,10,183,63,51,72,147,65,102,115,14,45,55,155,184,161,80,114,177,169,191,11,104,180,163,170,95,137,90,125,149,32,68,97,100,7,175,179,27,150,136,144,70,168,17,103,105,142,190,188,186,176,42,47,132,166,123,44];False
2417;8256;10673;[4,67,189,48,10,1,91,129,8,84,122,73,174,135,21,99,16,77,112,71,56,18,62,120,24,197,26,9,143,20,3,2,121,160,92,49,130,22,38,34,124,94,75,12,165,153,187,127,39,107,87,76,50,53,93,23,30,134,58,86,69,64,101,151,54,158,199,6,117,98,25,110,81,52,182,28,162,78,60,79,185,148,167,61,41,36,46,131,59,133,96,157,138,178,164,173,66,126,198,159,140,118,109,29,154,156,106,19,108,146,43,128,85,152,111,83,181,82,192,139,33,13,172,195,40,37,15,35,88,145,193,194,31,171,116,57,0,113,196,89,5,141,119,74,183,63,51,72,147,65,102,115,14,45,55,155,184,161,80,114,177,169,191,11,104,180,163,170,95,137,90,125,149,32,68,97,100,7,175,179,27,150,136,144,70,168,17,103,105,142,190,188,186,176,42,47,132,166,123,44];False
2378;8295;10673;[4,67,193,48,10,1,91,129,8,84,122,73,174,135,21,99,16,77,112,71,56,18,62,120,24,197,26,9,143,20,3,2,121,160,92,49,130,22,38,34,124,94,75,12,165,153,187,127,39,107,27,76,50,53,93,23,30,134,58,86,69,64,101,151,54,158,199,6,117,98,25,110,81,52,182,28,162,78,60,79,185,148,167,61,41,36,46,131,59,133,96,157,138,178,164,173,66,126,198,159,140,118,109,29,154,156,106,19,108,146,43,128,85,152,111,83,181,82,192,139,33,13,172,195,40,37,15,35,88,145,189,194,31,171,116,57,0,113,196,89,5,141,119,74,183,63,51,72,147,65,102,115,14,45,55,155,184,161,80,114,177,169,191,11,104,180,163,170,95,137,90,125,149,32,68,97,100,7,175,179,87,150,136,144,70,168,17,103,105,142,190,188,186,176,42,47,132,166,123,44];False
2377;8296;10673;[4,67,193,48,10,1,91,129,8,84,122,73,174,135,21,99,16,77,112,71,56,18,62,120,24,197,26,9,143,20,3,2,121,160,92,49,130,22,38,34,124,94,75,12,165,153,187,127,39,107,87,76,50,53,93,23,30,134,58,86,69,64,101,151,54,158,199,6,117,98,25,110,81,52,182,28,162,78,60,79,185,148,167,61,41,36,46,131,59,133,96,157,138,178,164,173,66,126,198,159,140,118,109,29,154,156,106,19,108,146,43,128,85,152,111,83,181,82,192,139,33,13,172,195,40,37,15,35,88,145,189,194,31,171,116,57,0,113,196,89,5,141,119,74,183,63,51,72,147,65,102,115,14,45,55,155,184,161,80,114,177,169,191,44,104,180,163,170,95,137,90,125,149,32,68,97,100,7,175,179,27,150,136,144,70,168,17,103,105,142,190,188,186,176,42,47,132,166,123,11];False
2319;8354;10673;[4,67,193,48,10,1,91,129,8,84,122,73,54,135,21,99,16,77,112,71,56,18,62,120,24,197,26,9,143,20,3,2,121,160,92,49,130,22,38,34,124,94,75,12,165,153,187,127,39,107,87,76,50,53,93,23,30,134,58,86,69,64,101,151,174,158,199,6,117,98,25,110,81,52,182,28,162,78,60,79,185,148,167,61,41,36,46,131,59,133,96,157,138,178,164,173,66,126,198,159,140,118,109,29,154,156,106,19,108,146,43,128,85,152,111,83,181,82,192,139,33,13,172,195,40,37,15,35,88,145,189,194,31,171,116,57,0,113,196,89,5,141,119,74,183,63,51,72,147,65,102,115,14,45,55,155,184,161,80,114,177,169,191,11,104,180,163,170,95,137,90,125,149,32,68,97,100,7,175,179,27,150,136,144,70,168,17,103,105,142,190,188,186,176,42,47,132,166,123,44];False
2347;8326;10673;[4,67,193,48,10,1,91,129,8,84,122,73,174,135,21,99,16,77,112,71,56,18,62,120,24,197,5,9,143,20,3,2,121,160,92,49,130,22,38,34,124,94,75,12,165,153,187,127,39,107,87,76,50,53,93,23,30,134,58,86,69,64,101,151,54,158,199,6,117,98,25,110,81,52,182,28,162,78,60,79,185,148,167,61,41,36,46,131,59,133,96,157,138,178,164,173,66,126,198,159,140,118,109,29,154,156,106,19,108,146,43,128,85,152,111,83,181,82,192,139,33,13,172,195,40,37,15,35,88,145,189,194,31,171,116,57,0,113,196,89,26,141,119,74,183,63,51,72,147,65,102,115,14,45,55,155,184,161,80,114,177,169,191,11,104,180,163,170,95,137,90,125,149,32,68,97,100,7,175,179,27,150,136,144,70,168,17,103,105,142,190,188,186,176,42,47,132,166,123,44];False
2364;8309;10673;[4,67,193,48,10,1,91,129,8,84,122,73,174,135,21,99,16,77,112,71,56,18,62,120,24,197,26,9,143,20,3,2,121,160,92,49,130,22,38,34,124,94,75,12,165,153,187,127,39,107,87,76,50,53,93,23,30,134,58,86,69,64,101,151,54,158,199,6,117,98,25,110,81,52,182,28,162,109,60,79,185,148,167,61,41,36,46,131,59,133,96,157,138,178,164,173,66,126,198,159,140,118,78,29,154,156,106,19,108,146,43,128,85,152,111,83,181,82,192,139,33,13,172,195,40,37,15,35,88,145,189,194,31,171,116,57,0,113,196,89,5,141,119,74,183,63,51,72,147,65,102,115,14,45,55,155,184,161,80,114,177,169,191,11,104,180,163,170,95,137,90,125,149,32,68,97,100,7,175,179,27,150,136,144,70,168,17,103,105,142,190,188,186,176,42,47,132,166,123,44];False
2411;8261;10672;[4,67,193,48,10,1,91,129,8,84,122,73,174,135,21,99,16,77,112,71,56,18,62,120,24,197,26,9,143,20,3,2,121,160,92,49,130,22,38,34,124,94,75,12,165,153,187,127,39,107,87,76,50,53,93,23,30,134,58,86,69,64,101,151,54,158,199,6,117,98,25,110,81,52,182,28,162,78,60,79,185,148,167,61,41,36,46,131,59,133,96,157,138,178,164,173,66,126,198,159,140,118,109,29,154,156,106,19,108,146,43,128,85,152,111,83,181,82,192,139,33,13,172,195,40,37,15,35,88,145,189,194,31,171,116,57,0,113,196,89,5,141,119,74,183,63,51,72,32,65,102,115,14,45,55,155,184,161,80,114,177,169,191,11,104,180,163,170,95,137,90,125,149,147,68,97,100,7,175,179,27,150,136,144,70,168,17,103,105,142,190,188,186,176,42,47,132,166,123,44];False
2404;8268;10672;[4,67,193,48,10,1,91,129,8,84,122,73,174,135,21,99,16,77,112,71,56,18,62,120,24,197,26,9,143,20,3,2,121,160,92,49,130,22,38,34,124,94,75,12,165,153,187,127,39,107,87,76,50,53,93,23,30,134,58,86,69,64,101,151,54,158,199,6,117,98,25,110,81,52,182,28,162,78,60,79,185,148,167,61,41,36,46,131,59,133,96,157,138,178,164,173,66,126,198,159,140,118,109,29,154,156,106,19,108,146,43,128,85,152,111,83,181,82,192,139,33,13,172,195,40,37,15,35,72,145,189,194,31,171,116,57,0,113,196,89,5,141,119,74,183,63,51,88,147,65,102,115,14,45,55,155,184,161,80,114,177,169,191,11,104,180,163,170,95,137,90,125,149,32,68,97,100,7,175,179,27,150,136,144,70,168,17,103,105,142,190,188,186,176,42,47,132,166,123,44];False
2383;8289;10672;[4,67,193,197,10,1,91,129,8,84,122,73,174,135,21,99,16,77,112,71,56,18,62,120,24,48,26,9,143,20,3,2,121,160,92,49,130,22,38,34,124,94,75,12,165,153,187,127,39,107,87,76,50,53,93,23,30,134,58,86,69,64,101,151,54,158,199,6,117,98,25,110,81,52,182,28,162,78,60,79,185,148,167,61,41,36,46,131,59,133,96,157,138,178,164,173,66,126,198,159,140,118,109,29,154,156,106,19,108,146,43,128,85,152,111,83,181,82,192,139,33,13,172,195,40,37,15,35,88,145,189,194,31,171,116,57,0,113,196,89,5,141,119,74,183,63,51,72,147,65,102,115,14,45,55,155,184,161,80,114,177,169,191,11,104,180,163,170,95,137,90,125,149,32,68,97,100,7,175,179,27,150,136,144,70,168,17,103,105,142,190,188,186,176,42,47,132,166,123,44];False
2401;8271;10672;[4,104,193,48,10,1,91,129,8,84,122,73,174,135,21,99,16,77,112,71,56,18,62,120,24,197,26,9,143,20,3,2,121,160,92,49,130,22,38,34,124,94,75,12,165,153,187,127,39,107,87,76,50,53,93,23,30,134,58,86,69,64,101,151,54,158,199,6,117,98,25,110,81,52,182,28,162,78,60,79,185,148,167,61,41,36,46,131,59,133,96,157,138,178,164,173,66,126,198,159,140,118,109,29,154,156,106,19,108,146,43,128,85,152,111,83,181,82,192,139,33,13,172,195,40,37,15,35,88,145,189,194,31,171,116,57,0,113,196,89,5,141,119,74,183,63,51,72,147,65,102,115,14,45,55,155,184,161,80,114,177,169,191,11,67,180,163,170,95,137,90,125,149,32,68,97,100,7,175,179,27,150,136,144,70,168,17,103,105,142,190,188,186,176,42,47,132,166,123,44];False
2402;8270;10672;[4,67,193,48,10,1,91,129,8,84,122,73,174,135,21,99,16,77,112,71,56,18,62,120,24,197,26,9,143,20,3,2,121,160,92,49,130,22,38,34,124,94,75,12,165,153,187,127,39,107,87,76,50,53,93,23,30,134,58,86,69,64,101,151,54,158,199,6,117,98,25,110,81,52,182,28,162,78,60,79,185,148,167,61,41,36,46,136,59,133,96,157,138,178,164,173,66,126,198,159,140,118,109,29,154,156,106,19,108,146,43,128,85,152,111,83,181,82,192,139,33,13,172,195,40,37,15,35,88,145,189,194,31,171,116,57,0,113,196,89,5,141,119,74,183,63,51,72,147,65,102,115,14,45,55,155,184,161,80,114,177,169,191,11,104,180,163,170,95,137,90,125,149,32,68,97,100,7,175,179,27,150,131,144,70,168,17,103,105,142,190,188,186,176,42,47,132,166,123,44];False
2406;8266;10672;[4,67,193,48,10,1,91,129,8,84,122,73,174,135,21,99,16,77,112,71,56,18,62,120,24,197,26,9,143,20,3,2,121,160,92,49,130,22,38,34,124,94,75,12,165,153,187,127,39,107,87,76,50,53,93,23,43,134,58,86,69,64,101,151,54,158,199,6,117,98,25,110,81,52,182,28,162,78,60,79,185,148,167,61,41,36,46,131,59,133,96,157,138,178,164,173,66,126,198,159,140,118,109,29,154,156,106,19,108,146,30,128,85,152,111,83,181,82,192,139,33,13,172,195,40,37,15,35,88,145,189,194,31,171,116,57,0,113,196,89,5,141,119,74,183,63,51,72,147,65,102,115,14,45,55,155,184,161,80,114,177,169,191,11,104,180,163,170,95,137,90,125,149,32,68,97,100,7,175,179,27,150,136,144,70,168,17,103,105,142,190,188,186,176,42,47,132,166,123,44];False
2387;8285;10672;[4,67,193,48,10,1,91,129,8,84,122,73,174,135,21,99,16,77,112,71,56,18,62,120,24,197,26,9,143,20,3,2,121,160,92,49,130,22,38,34,124,94,75,12,165,153,187,127,39,107,87,76,50,53,93,23,30,134,58,86,69,64,101,151,54,158,199,6,117,98,25,110,81,52,182,28,162,78,60,79,185,148,137,61,41,36,46,131,59,133,96,157,138,178,164,173,66,126,198,159,140,118,109,29,154,156,106,19,108,146,43,128,85,152,111,83,181,82,192,139,33,13,172,195,40,37,15,35,88,145,189,194,31,171,116,57,0,113,196,89,5,141,119,74,183,63,51,72,147,65,102,115,14,45,55,155,184,161,80,114,177,169,191,11,104,180,163,170,95,167,90,125,149,32,68,97,100,7,175,179,27,150,136,144,70,168,17,103,105,142,190,188,186,176,42,47,132,166,123,44];False
2409;8263;10672;[4,67,193,48,10,1,91,129,8,84,122,73,174,135,21,99,16,77,112,71,56,18,62,120,24,197,26,17,143,20,3,2,121,160,92,49,130,22,38,34,124,94,75,12,165,153,187,127,39,107,87,76,50,53,93,23,30,134,58,86,69,64,101,151,54,158,199,6,117,98,25,110,81,52,182,28,162,78,60,79,185,148,167,61,41,36,46,131,59,133,96,157,138,178,164,173,66,126,198,159,140,118,109,29,154,156,106,19,108,146,43,128,85,152,111,83,181,82,192,139,33,13,172,195,40,37,15,35,88,145,189,194,31,171,116,57,0,113,196,89,5,141,119,74,183,63,51,72,147,65,102,115,14,45,55,155,184,161,80,114,177,169,191,11,104,180,163,170,95,137,90,125,149,32,68,97,100,7,175,179,27,150,136,144,70,168,9,103,105,142,190,188,186,176,42,47,132,166,123,44];False
2399;8273;10672;[4,67,193,48,10,1,91,129,8,84,122,73,174,135,21,99,16,77,112,71,56,18,62,120,24,197,26,9,143,20,3,2,121,160,92,49,130,22,38,34,124,94,75,12,165,153,187,127,39,107,87,76,50,53,93,23,30,134,58,86,69,64,101,151,54,158,199,6,117,98,25,110,81,52,182,28,162,78,60,79,185,148,167,61,41,36,46,131,59,133,96,157,138,178,164,173,66,126,198,159,140,118,109,29,154,156,106,19,108,146,43,128,85,152,111,83,181,82,192,139,33,13,172,195,40,37,15,35,88,145,189,194,31,171,116,57,0,113,196,89,5,141,119,90,183,63,51,72,147,65,102,115,14,45,55,155,184,161,80,114,177,169,191,11,104,180,163,170,95,137,74,125,149,32,68,97,100,7,175,179,27,150,136,144,70,168,17,103,105,142,190,188,186,176,42,47,132,166,123,44];False
2394;8278;10672;[4,109,193,48,10,1,91,129,8,84,122,73,174,135,21,99,16,77,112,71,56,18,62,120,24,197,26,9,143,20,3,2,121,160,92,49,130,22,38,34,124,94,75,12,165,153,187,127,39,107,87,76,50,53,93,23,30,134,58,86,69,64,101,151,54,158,199,6,117,98,25,110,81,52,182,28,162,78,60,79,185,148,167,61,41,36,46,131,59,133,96,157,138,178,164,173,66,126,198,159,140,118,67,29,154,156,106,19,108,146,43,128,85,152,111,83,181,82,192,139,33,13,172,195,40,37,15,35,88,145,189,194,31,171,116,57,0,113,196,89,5,141,119,74,183,63,51,72,147,65,102,115,14,45,55,155,184,161,80,114,177,169,191,11,104,180,163,170,95,137,90,125,149,32,68,97,100,7,175,179,27,150,136,144,70,168,17,103,105,142,190,188,186,176,42,47,132,166,123,44];False
2411;8261;10672;[4,67,193,48,10,1,91,129,8,84,122,73,174,135,21,99,16,77,112,71,56,18,62,120,24,197,26,9,143,20,3,2,121,160,92,49,130,22,38,34,124,94,75,12,165,153,187,127,39,107,87,76,50,53,93,23,30,134,58,86,69,64,101,151,54,158,199,6,117,98,25,110,81,52,182,32,162,78,60,79,185,148,167,61,41,36,46,131,59,133,96,157,138,178,164,173,66,126,198,159,140,118,109,29,154,156,106,19,108,146,43,128,85,152,111,83,181,82,192,139,33,13,172,195,40,37,15,35,88,145,189,194,31,171,116,57,0,113,196,89,5,141,119,74,183,63,51,72,147,65,102,115,14,45,55,155,184,161,80,114,177,169,191,11,104,180,163,170,95,137,90,125,149,28,68,97,100,7,175,179,27,150,136,144,70,168,17,103,105,142,190,188,186,176,42,47,132,166,123,44];False
2400;8272;10672;[4,67,193,48,10,1,91,129,8,84,122,73,174,135,21,99,16,77,112,71,56,18,62,120,24,197,26,9,143,20,3,2,121,160,92,49,130,22,38,34,124,94,75,12,165,153,187,127,39,107,87,76,50,53,93,23,30,134,58,86,69,64,101,151,54,158,199,6,117,98,25,110,81,52,182,28,162,78,60,79,185,148,167,61,41,36,46,131,59,133,96,157,138,178,164,173,66,126,198,159,140,118,109,29,154,156,106,19,108,146,43,128,85,152,111,83,181,82,192,139,33,13,172,195,40,37,15,35,88,145,189,194,31,171,116,57,0,113,196,89,5,141,119,74,183,63,51,72,147,65,102,115,14,45,55,103,184,161,80,114,177,169,191,11,104,180,163,170,95,137,90,125,149,32,68,97,100,7,175,179,27,150,136,144,70,168,17,155,105,142,190,188,186,176,42,47,132,166,123,44];False
2410;8261;10671;[4,67,193,48,10,1,91,129,8,84,122,73,174,135,21,99,16,77,112,71,56,18,62,120,24,197,26,9,143,20,3,2,121,160,92,49,130,22,38,34,124,94,75,12,165,153,187,127,39,107,87,76,50,53,93,23,30,134,58,86,69,64,101,151,54,158,199,6,117,98,25,110,81,52,182,28,162,78,60,79,185,148,167,61,41,36,46,131,59,133,96,157,138,178,164,173,66,126,198,159,140,118,109,29,154,156,106,19,108,146,5,128,85,152,111,83,181,82,192,139,33,13,172,195,40,37,15,35,88,145,189,194,31,171,116,57,0,113,196,89,43,141,119,74,183,63,51,72,147,65,102,115,14,45,55,155,184,161,80,114,177,169,191,11,104,180,163,170,95,137,90,125,149,32,68,97,100,7,175,179,27,150,136,144,70,168,17,103,105,142,190,188,186,176,42,47,132,166,123,44];False
2403;8268;10671;[4,67,193,48,10,1,91,129,8,84,122,73,174,135,21,99,16,77,112,71,56,18,62,120,24,197,26,9,143,20,3,2,121,160,92,49,130,22,38,34,182,94,75,12,165,153,187,127,39,107,87,76,50,53,93,23,30,134,58,86,69,64,101,151,54,158,199,6,117,98,25,110,81,52,124,28,162,78,60,79,185,148,167,61,41,36,46,131,59,133,96,157,138,178,164,173,66,126,198,159,140,118,109,29,154,156,106,19,108,146,43,128,85,152,111,83,181,82,192,139,33,13,172,195,40,37,15,35,88,145,189,194,31,171,116,57,0,113,196,89,5,141,119,74,183,63,51,72,147,65,102,115,14,45,55,155,184,161,80,114,177,169,191,11,104,180,163,170,95,137,90,125,149,32,68,97,100,7,175,179,27,150,136,144,70,168,17,103,105,142,190,188,186,176,42,47,132,166,123,44];False
2410;8261;10671;[4,67,193,48,10,1,91,129,8,84,122,73,174,135,21,99,16,77,112,71,56,18,62,120,24,197,26,72,143,20,3,2,121,160,92,49,130,22,38,34,124,94,75,12,165,153,187,127,39,107,87,76,50,53,93,23,30,134,58,86,69,64,101,151,54,158,199,6,117,98,25,110,81,52,182,28,162,78,60,79,185,148,167,61,41,36,46,131,59,133,96,157,138,178,164,173,66,126,198,159,140,118,109,29,154,156,106,19,108,146,43,128,85,152,111,83,181,82,192,139,33,13,172,195,40,37,15,35,88,145,189,194,31,171,116,57,0,113,196,89,5,141,119,74,183,63,51,9,147,65,102,115,14,45,55,155,184,161,80,114,177,169,191,11,104,180,163,170,95,137,90,125,149,32,68,97,100,7,175,179,27,150,136,144,70,168,17,103,105,142,190,188,186,176,42,47,132,166,123,44];False
2335;8336;10671;[4,67,193,48,10,1,91,129,8,84,122,73,174,135,21,99,16,77,112,71,56,18,62,120,24,197,26,9,143,20,3,2,121,160,92,49,130,22,38,34,124,94,75,12,165,153,187,127,156,107,87,76,50,53,93,23,30,134,58,86,69,64,101,151,54,158,199,6,117,98,25,110,81,52,182,28,162,78,60,79,185,148,167,61,41,36,46,131,59,133,96,157,138,178,164,173,66,126,198,159,140,118,109,29,154,39,106,19,108,146,43,128,85,152,111,83,181,82,192,139,33,13,172,195,40,37,15,35,88,145,189,194,31,171,116,57,0,113,196,89,5,141,119,74,183,63,51,72,147,65,102,115,14,45,55,155,184,161,80,114,177,169,191,11,104,180,163,170,95,137,90,125,149,32,68,97,100,7,175,179,27,150,136,144,70,168,17,103,105,142,190,188,186,176,42,47,132,166,123,44];False
2390;8281;10671;[4,67,193,48,157,1,91,129,8,84,122,73,174,135,21,99,16,77,112,71,56,18,62,120,24,197,26,9,143,20,3,2,121,160,92,49,130,22,38,34,124,94,75,12,165,153,187,127,39,107,87,76,50,53,93,23,30,134,58,86,69,64,101,151,54,158,199,6,117,98,25,110,81,52,182,28,162,78,60,79,185,148,167,61,41,36,46,131,59,133,96,10,138,178,164,173,66,126,198,159,140,118,109,29,154,156,106,19,108,146,43,128,85,152,111,83,181,82,192,139,33,13,172,195,40,37,15,35,88,145,189,194,31,171,116,57,0,113,196,89,5,141,119,74,183,63,51,72,147,65,102,115,14,45,55,155,184,161,80,114,177,169,191,11,104,180,163,170,95,137,90,125,149,32,68,97,100,7,175,179,27,150,136,144,70,168,17,103,105,142,190,188,186,176,42,47,132,166,123,44];False
2398;8273;10671;[4,67,193,48,10,1,91,129,8,84,122,73,174,135,21,99,16,77,112,71,56,18,62,120,24,197,26,9,143,20,3,2,121,160,92,49,130,22,38,34,124,94,75,12,165,153,187,127,39,107,87,76,50,53,93,23,30,134,58,86,69,64,101,151,54,158,199,6,117,98,25,110,81,52,182,95,162,78,60,79,185,148,167,61,41,36,46,131,59,133,96,157,138,178,164,173,66,126,198,159,140,118,109,29,154,156,106,19,108,146,43,128,85,152,111,83,181,82,192,139,33,13,172,195,40,37,15,35,88,145,189,194,31,171,116,57,0,113,196,89,5,141,119,74,183,63,51,72,147,65,102,115,14,45,55,155,184,161,80,114,177,169,191,11,104,180,163,170,28,137,90,125,149,32,68,97,100,7,175,179,27,150,136,144,70,168,17,103,105,142,190,188,186,176,42,47,132,166,123,44];False
2400;8271;10671;[4,67,193,48,10,1,91,129,8,84,122,73,174,135,21,99,16,77,112,71,56,18,62,120,24,197,26,9,143,20,3,2,121,160,92,49,130,22,38,34,124,94,75,12,165,153,187,127,39,107,87,76,50,53,93,23,30,134,58,86,69,64,101,151,54,98,199,6,117,158,25,110,81,52,182,28,162,78,60,79,185,148,167,61,41,36,46,131,59,133,96,157,138,178,164,173,66,126,198,159,140,118,109,29,154,156,106,19,108,146,43,128,85,152,111,83,181,82,192,139,33,13,172,195,40,37,15,35,88,145,189,194,31,171,116,57,0,113,196,89,5,141,119,74,183,63,51,72,147,65,102,115,14,45,55,155,184,161,80,114,177,169,191,11,104,180,163,170,95,137,90,125,149,32,68,97,100,7,175,179,27,150,136,144,70,168,17,103,105,142,190,188,186,176,42,47,132,166,123,44];False
2346;8325;10671;[132,67,193,48,10,1,91,129,8,84,122,73,174,135,21,99,16,77,112,71,56,18,62,120,24,197,26,9,143,20,3,2,121,160,92,49,130,22,38,34,124,94,75,12,165,153,187,127,39,107,87,76,50,53,93,23,30,134,58,86,69,64,101,151,54,158,199,6,117,98,25,110,81,52,182,28,162,78,60,79,185,148,167,61,41,36,46,131,59,133,96,157,138,178,164,173,66,126,198,159,140,118,109,29,154,156,106,19,108,146,43,128,85,152,111,83,181,82,192,139,33,13,172,195,40,37,15,35,88,145,189,194,31,171,116,57,0,113,196,89,5,141,119,74,183,63,51,72,147,65,102,115,14,45,55,155,184,161,80,114,177,169,191,11,104,180,163,170,95,137,90,125,149,32,68,97,100,7,175,179,27,150,136,144,70,168,17,103,105,142,190,188,186,176,42,47,4,166,123,44];False
2425;8246;10671;[4,67,193,48,10,1,91,129,8,84,122,73,174,135,21,99,16,77,112,71,56,18,62,120,24,197,26,9,143,20,3,2,121,160,92,49,130,22,38,34,124,94,75,12,165,153,187,127,39,107,87,76,50,53,93,23,30,134,58,125,69,64,101,151,54,158,199,6,117,98,25,110,81,52,182,28,162,78,60,79,185,148,167,61,41,36,46,131,59,133,96,157,138,178,164,173,66,126,198,159,140,118,109,29,154,156,106,19,108,146,43,128,85,152,111,83,181,82,192,139,33,13,172,195,40,37,15,35,88,145,189,194,31,171,116,57,0,113,196,89,5,141,119,74,183,63,51,72,147,65,102,115,14,45,55,155,184,161,80,114,177,169,191,11,104,180,163,170,95,137,90,86,149,32,68,97,100,7,175,179,27,150,136,144,70,168,17,103,105,142,190,188,186,176,42,47,132,166,123,44];False
2400;8271;10671;[4,67,193,48,10,1,91,129,8,84,122,73,174,135,21,99,16,77,112,71,56,18,62,120,24,197,26,9,143,20,3,2,121,160,92,49,130,22,38,34,124,94,75,12,165,153,187,127,39,107,87,76,50,53,86,23,30,134,58,93,69,64,101,151,54,158,199,6,117,98,25,110,81,52,182,28,162,78,60,79,185,148,167,61,41,36,46,131,59,133,96,157,138,178,164,173,66,126,198,159,140,118,109,29,154,156,106,19,108,146,43,128,85,152,111,83,181,82,192,139,33,13,172,195,40,37,15,35,88,145,189,194,31,171,116,57,0,113,196,89,5,141,119,74,183,63,51,72,147,65,102,115,14,45,55,155,184,161,80,114,177,169,191,11,104,180,163,170,95,137,90,125,149,32,68,97,100,7,175,179,27,150,136,144,70,168,17,103,105,142,190,188,186,176,42,47,132,166,123,44];False
2437;8234;10671;[4,67,193,48,10,1,91,129,8,84,122,73,174,135,21,99,16,77,112,71,56,18,62,120,24,197,26,9,143,20,3,2,121,160,92,49,130,22,38,34,124,94,75,12,145,153,187,127,39,107,87,76,50,53,93,23,30,134,58,86,69,64,101,151,54,158,199,6,117,98,25,110,81,52,182,28,162,78,60,79,185,148,167,61,41,36,46,131,59,133,96,157,138,178,164,173,66,126,198,159,140,118,109,29,154,156,106,19,108,146,43,128,85,152,111,83,181,82,192,139,33,13,172,195,40,37,15,35,88,165,189,194,31,171,116,57,0,113,196,89,5,141,119,74,183,63,51,72,147,65,102,115,14,45,55,155,184,161,80,114,177,169,191,11,104,180,163,170,95,137,90,125,149,32,68,97,100,7,175,179,27,150,136,144,70,168,17,103,105,142,190,188,186,176,42,47,132,166,123,44];False
2381;8290;10671;[4,67,193,48,10,1,91,129,8,84,122,73,174,135,21,99,16,77,112,71,56,18,62,120,24,197,26,9,143,20,3,2,121,160,92,49,130,22,38,34,124,94,75,12,165,153,187,127,39,107,87,76,50,53,93,23,30,134,58,86,69,64,101,151,54,158,199,6,117,98,25,110,81,52,182,28,162,78,60,79,185,148,167,61,41,36,46,131,59,133,96,157,138,178,164,173,66,126,198,159,140,118,109,29,154,156,106,19,108,146,43,128,85,152,111,83,181,82,192,139,33,13,172,195,40,37,15,35,88,145,189,194,31,171,116,57,137,113,196,89,5,141,119,74,183,63,51,72,147,65,102,115,14,45,55,155,184,161,80,114,177,169,191,11,104,180,163,170,95,0,90,125,149,32,68,97,100,7,175,179,27,150,136,144,70,168,17,103,105,142,190,188,186,176,42,47,132,166,123,44];False
2421;8250;10671;[4,67,193,48,10,1,91,129,8,84,122,73,174,135,21,99,16,77,112,71,56,18,62,120,24,197,26,9,143,20,3,2,121,160,92,49,130,22,38,34,124,94,75,12,165,153,187,127,39,107,87,76,50,53,93,23,30,134,58,86,69,64,101,151,54,158,199,6,117,98,25,110,81,52,182,28,162,78,60,79,185,148,167,61,41,149,46,131,59,133,96,157,138,178,164,173,66,126,198,159,140,118,109,29,154,156,106,19,108,146,43,128,85,152,111,83,181,82,192,139,33,13,172,195,40,37,15,35,88,145,189,194,31,171,116,57,0,113,196,89,5,141,119,74,183,63,51,72,147,65,102,115,14,45,55,155,184,161,80,114,177,169,191,11,104,180,163,170,95,137,90,125,36,32,68,97,100,7,175,179,27,150,136,144,70,168,17,103,105,142,190,188,186,176,42,47,132,166,123,44];False
2417;8254;10671;[4,67,193,48,10,1,91,129,8,84,122,73,174,135,21,99,16,77,112,71,56,18,62,120,24,197,26,9,143,20,3,2,121,160,92,49,130,22,38,34,124,94,75,12,165,153,187,127,39,107,87,76,50,53,93,23,30,134,58,86,69,64,101,151,54,158,199,6,117,98,25,110,81,52,182,28,162,78,60,79,185,148,167,61,41,36,46,131,59,133,96,157,138,178,164,173,66,126,198,159,140,118,109,29,154,156,106,19,108,146,43,128,85,152,111,83,181,82,192,139,33,13,172,195,40,37,15,35,88,145,189,147,31,171,116,57,0,113,196,89,5,141,119,74,183,63,51,72,194,65,102,115,14,45,55,155,184,161,80,114,177,169,191,11,104,180,163,170,95,137,90,125,149,32,68,97,100,7,175,179,27,150,136,144,70,168,17,103,105,142,190,188,186,176,42,47,132,166,123,44];False
2405;8266;10671;[4,67,193,48,10,1,91,129,8,84,122,73,174,135,21,99,16,77,112,71,56,18,62,120,24,197,26,9,143,20,3,2,121,160,92,49,130,22,38,34,124,94,75,12,165,153,187,127,39,107,87,76,50,104,93,23,30,134,58,86,69,64,101,151,54,158,199,6,117,98,25,110,81,52,182,28,162,78,60,79,185,148,167,61,41,36,46,131,59,133,96,157,138,178,164,173,66,126,198,159,140,118,109,29,154,156,106,19,108,146,43,128,85,152,111,83,181,82,192,139,33,13,172,195,40,37,15,35,88,145,189,194,31,171,116,57,0,113,196,89,5,141,119,74,183,63,51,72,147,65,102,115,14,45,55,155,184,161,80,114,177,169,191,11,53,180,163,170,95,137,90,125,149,32,68,97,100,7,175,179,27,150,136,144,70,168,17,103,105,142,190,188,186,176,42,47,132,166,123,44];False
2423;8248;10671;[4,67,193,48,10,1,91,129,8,84,122,73,174,135,21,99,16,77,112,71,56,18,62,120,24,197,26,9,143,20,3,2,121,160,92,49,130,22,38,34,124,94,75,12,165,153,187,127,39,107,87,76,50,53,93,23,30,134,58,86,69,64,101,151,54,158,199,6,117,98,25,110,81,52,182,28,162,78,60,79,185,148,167,61,41,36,46,131,59,133,96,157,138,178,164,173,66,126,198,159,140,118,109,29,154,156,106,19,108,146,43,128,85,152,111,83,181,82,192,139,33,13,172,195,40,37,15,35,88,145,189,194,31,57,116,171,0,113,196,89,5,141,119,74,183,63,51,72,147,65,102,115,14,45,55,155,184,161,80,114,177,169,191,11,104,180,163,170,95,137,90,125,149,32,68,97,100,7,175,179,27,150,136,144,70,168,17,103,105,142,190,188,186,176,42,47,132,166,123,44];False
2404;8267;10671;[4,67,193,48,10,1,91,129,8,84,122,73,174,135,21,99,16,77,112,71,56,18,62,120,24,197,26,9,143,20,3,2,121,160,92,49,130,22,38,34,124,94,75,12,165,153,89,127,39,107,87,76,50,53,93,23,30,134,58,86,69,64,101,151,54,158,199,6,117,98,25,110,81,52,182,28,162,78,60,79,185,148,167,61,41,36,46,131,59,133,96,157,138,178,164,173,66,126,198,159,140,118,109,29,154,156,106,19,108,146,43,128,85,152,111,83,181,82,192,139,33,13,172,195,40,37,15,35,88,145,189,194,31,171,116,57,0,113,196,187,5,141,119,74,183,63,51,72,147,65,102,115,14,45,55,155,184,161,80,114,177,169,191,11,104,180,163,170,95,137,90,125,149,32,68,97,100,7,175,179,27,150,136,144,70,168,17,103,105,142,190,188,186,176,42,47,132,166,123,44];False
2407;8263;10670;[4,67,193,48,10,1,91,129,8,84,122,73,174,135,21,99,16,77,112,71,56,18,62,120,24,197,26,9,143,20,3,2,176,160,92,49,130,22,38,34,124,94,75,12,165,153,187,127,39,107,87,76,50,53,93,23,30,134,58,86,69,64,101,151,54,158,199,6,117,98,25,110,81,52,182,28,162,78,60,79,185,148,167,61,41,36,46,131,59,133,96,157,138,178,164,173,66,126,198,159,140,118,109,29,154,156,106,19,108,146,43,128,85,152,111,83,181,82,192,139,33,13,172,195,40,37,15,35,88,145,189,194,31,171,116,57,0,113,196,89,5,141,119,74,183,63,51,72,147,65,102,115,14,45,55,155,184,161,80,114,177,169,191,11,104,180,163,170,95,137,90,125,149,32,68,97,100,7,175,179,27,150,136,144,70,168,17,103,105,142,190,188,186,121,42,47,132,166,123,44];False
2412;8258;10670;[4,67,193,48,10,1,91,129,8,84,122,73,174,135,21,99,16,77,112,71,56,18,62,120,24,197,26,9,143,20,3,2,121,160,92,49,130,22,38,34,124,94,75,12,165,153,187,127,39,107,87,76,50,53,93,23,30,134,58,86,69,64,101,151,54,158,199,6,117,98,25,110,81,52,182,28,162,78,60,79,185,148,167,61,41,36,46,116,59,133,96,157,138,178,164,173,66,126,198,159,140,118,109,29,154,156,106,19,108,146,43,128,85,152,111,83,181,82,192,139,33,13,172,195,40,37,15,35,88,145,189,194,31,171,131,57,0,113,196,89,5,141,119,74,183,63,51,72,147,65,102,115,14,45,55,155,184,161,80,114,177,169,191,11,104,180,163,170,95,137,90,125,149,32,68,97,100,7,175,179,27,150,136,144,70,168,17,103,105,142,190,188,186,176,42,47,132,166,123,44];False
2416;8254;10670;[4,67,193,48,10,1,91,129,8,84,122,73,174,9,21,99,16,77,112,71,56,18,62,120,24,197,26,135,143,20,3,2,121,160,92,49,130,22,38,34,124,94,75,12,165,153,187,127,39,107,87,76,50,53,93,23,30,134,58,86,69,64,101,151,54,158,199,6,117,98,25,110,81,52,182,28,162,78,60,79,185,148,167,61,41,36,46,131,59,133,96,157,138,178,164,173,66,126,198,159,140,118,109,29,154,156,106,19,108,146,43,128,85,152,111,83,181,82,192,139,33,13,172,195,40,37,15,35,88,145,189,194,31,171,116,57,0,113,196,89,5,141,119,74,183,63,51,72,147,65,102,115,14,45,55,155,184,161,80,114,177,169,191,11,104,180,163,170,95,137,90,125,149,32,68,97,100,7,175,179,27,150,136,144,70,168,17,103,105,142,190,188,186,176,42,47,132,166,123,44];False
2364;8306;10670;[4,67,193,48,10,1,91,129,8,84,122,73,196,135,21,99,16,77,112,71,56,18,62,120,24,197,26,9,143,20,3,2,121,160,92,49,130,22,38,34,124,94,75,12,165,153,187,127,39,107,87,76,50,53,93,23,30,134,58,86,69,64,101,151,54,158,199,6,117,98,25,110,81,52,182,28,162,78,60,79,185,148,167,61,41,36,46,131,59,133,96,157,138,178,164,173,66,126,198,159,140,118,109,29,154,156,106,19,108,146,43,128,85,152,111,83,181,82,192,139,33,13,172,195,40,37,15,35,88,145,189,194,31,171,116,57,0,113,174,89,5,141,119,74,183,63,51,72,147,65,102,115,14,45,55,155,184,161,80,114,177,169,191,11,104,180,163,170,95,137,90,125,149,32,68,97,100,7,175,179,27,150,136,144,70,168,17,103,105,142,190,188,186,176,42,47,132,166,123,44];False
2385;8285;10670;[4,67,193,48,10,1,91,129,8,84,122,73,174,135,21,99,16,77,112,71,56,18,62,120,24,197,26,9,143,20,3,2,121,160,92,49,130,22,38,34,124,94,75,12,165,153,187,127,39,107,87,76,50,53,93,23,30,134,58,86,69,64,101,151,54,158,199,6,117,98,25,110,81,52,182,28,162,78,60,79,185,148,167,61,41,36,46,131,59,133,96,157,138,178,164,173,66,126,198,159,140,118,109,29,154,156,106,19,63,146,43,128,85,152,111,83,181,82,192,139,33,13,172,195,40,37,15,35,88,145,189,194,31,171,116,57,0,113,196,89,5,141,119,74,183,108,51,72,147,65,102,115,14,45,55,155,184,161,80,114,177,169,191,11,104,180,163,170,95,137,90,125,149,32,68,97,100,7,175,179,27,150,136,144,70,168,17,103,105,142,190,188,186,176,42,47,132,166,123,44];False
2367;8303;10670;[4,67,193,48,10,1,91,129,8,84,122,73,174,135,21,99,16,77,112,71,56,18,62,120,24,197,26,9,143,20,3,2,121,160,92,49,130,22,38,34,124,94,75,12,165,153,187,127,39,107,87,76,50,53,93,23,30,134,58,86,69,64,101,151,54,158,199,6,117,98,25,110,81,108,182,28,162,78,60,79,185,148,167,61,41,36,46,131,59,133,96,157,138,178,164,173,66,126,198,159,140,118,109,29,154,156,106,19,52,146,43,128,85,152,111,83,181,82,192,139,33,13,172,195,40,37,15,35,88,145,189,194,31,171,116,57,0,113,196,89,5,141,119,74,183,63,51,72,147,65,102,115,14,45,55,155,184,161,80,114,177,169,191,11,104,180,163,170,95,137,90,125,149,32,68,97,100,7,175,179,27,150,136,144,70,168,17,103,105,142,190,188,186,176,42,47,132,166,123,44];False
2405;8265;10670;[4,67,193,48,10,1,91,129,8,84,122,73,174,135,21,99,16,77,112,71,56,18,62,120,24,197,26,9,143,20,3,2,121,160,92,49,130,22,38,34,124,94,75,12,165,153,187,127,39,107,87,76,50,53,93,23,30,134,58,86,69,64,101,151,54,158,199,6,117,98,25,110,81,52,182,28,162,78,60,79,185,148,167,61,41,36,46,96,59,133,131,157,138,178,164,173,66,126,198,159,140,118,109,29,154,156,106,19,108,146,43,128,85,152,111,83,181,82,192,139,33,13,172,195,40,37,15,35,88,145,189,194,31,171,116,57,0,113,196,89,5,141,119,74,183,63,51,72,147,65,102,115,14,45,55,155,184,161,80,114,177,169,191,11,104,180,163,170,95,137,90,125,149,32,68,97,100,7,175,179,27,150,136,144,70,168,17,103,105,142,190,188,186,176,42,47,132,166,123,44];False
2368;8302;10670;[4,67,193,48,10,1,91,129,8,84,122,73,174,135,21,99,16,77,112,71,56,18,62,120,24,197,26,9,143,20,3,2,121,160,92,49,130,22,38,34,124,94,75,12,165,153,187,127,39,107,87,76,50,53,93,23,30,134,58,86,69,64,101,151,54,158,199,6,117,98,25,110,81,52,182,28,162,78,60,79,185,148,167,61,41,36,46,131,59,133,96,157,138,178,164,173,66,126,198,159,140,118,109,29,154,156,106,19,108,146,43,128,85,152,111,83,181,82,192,139,33,13,172,195,40,37,15,35,88,145,189,194,31,171,116,57,0,113,196,89,5,141,119,74,183,63,51,72,147,65,102,115,14,45,27,155,184,161,80,114,177,169,191,11,104,180,163,170,95,137,90,125,149,32,68,97,100,7,175,179,55,150,136,144,70,168,17,103,105,142,190,188,186,176,42,47,132,166,123,44];False
2431;8239;10670;[4,67,193,48,10,1,91,129,8,84,122,73,174,135,21,99,16,77,112,71,56,18,62,120,24,197,26,9,143,20,3,2,121,160,92,49,130,22,38,34,124,94,75,12,165,153,187,127,39,107,87,76,50,53,93,23,30,134,58,86,42,64,101,151,54,158,199,6,117,98,25,110,81,52,182,28,162,78,60,79,185,148,167,61,41,36,46,131,59,133,96,157,138,178,164,173,66,126,198,159,140,118,109,29,154,156,106,19,108,146,43,128,85,152,111,83,181,82,192,139,33,13,172,195,40,37,15,35,88,145,189,194,31,171,116,57,0,113,196,89,5,141,119,74,183,63,51,72,147,65,102,115,14,45,55,155,184,161,80,114,177,169,191,11,104,180,163,170,95,137,90,125,149,32,68,97,100,7,175,179,27,150,136,144,70,168,17,103,105,142,190,188,186,176,69,47,132,166,123,44];False
2404;8266;10670;[4,67,193,48,10,1,91,129,8,84,122,73,174,135,21,99,16,77,112,71,56,18,62,120,24,197,26,9,143,20,3,2,121,160,92,49,130,22,38,34,124,94,75,12,165,153,187,127,39,107,87,76,50,53,93,23,30,134,58,86,69,64,101,151,54,158,199,6,117,98,25,110,81,52,182,28,162,78,60,79,185,148,167,61,41,36,46,131,59,133,96,157,138,178,164,173,66,126,198,159,140,118,109,29,154,156,106,19,108,168,43,128,85,152,111,83,181,82,192,139,33,13,172,195,40,37,15,35,88,145,189,194,31,171,116,57,0,113,196,89,5,141,119,74,183,63,51,72,147,65,102,115,14,45,55,155,184,161,80,114,177,169,191,11,104,180,163,170,95,137,90,125,149,32,68,97,100,7,175,179,27,150,136,144,70,146,17,103,105,142,190,188,186,176,42,47,132,166,123,44];False
2343;8327;10670;[4,67,193,48,10,1,91,129,8,84,122,73,174,135,21,99,16,77,112,71,56,18,62,120,24,197,26,9,143,20,3,2,121,160,92,49,130,22,38,34,124,94,75,12,165,153,187,127,162,107,87,76,50,53,93,23,30,134,58,86,69,64,101,151,54,158,199,6,117,98,25,110,81,52,182,28,39,78,60,79,185,148,167,61,41,36,46,131,59,133,96,157,138,178,164,173,66,126,198,159,140,118,109,29,154,156,106,19,108,146,43,128,85,152,111,83,181,82,192,139,33,13,172,195,40,37,15,35,88,145,189,194,31,171,116,57,0,113,196,89,5,141,119,74,183,63,51,72,147,65,102,115,14,45,55,155,184,161,80,114,177,169,191,11,104,180,163,170,95,137,90,125,149,32,68,97,100,7,175,179,27,150,136,144,70,168,17,103,105,142,190,188,186,176,42,47,132,166,123,44];False
2387;8283;10670;[4,67,193,48,10,1,91,129,8,84,122,73,174,135,21,124,16,77,112,71,56,18,62,120,24,197,26,9,143,20,3,2,121,160,92,49,130,22,38,34,99,94,75,12,165,153,187,127,39,107,87,76,50,53,93,23,30,134,58,86,69,64,101,151,54,158,199,6,117,98,25,110,81,52,182,28,162,78,60,79,185,148,167,61,41,36,46,131,59,133,96,157,138,178,164,173,66,126,198,159,140,118,109,29,154,156,106,19,108,146,43,128,85,152,111,83,181,82,192,139,33,13,172,195,40,37,15,35,88,145,189,194,31,171,116,57,0,113,196,89,5,141,119,74,183,63,51,72,147,65,102,115,14,45,55,155,184,161,80,114,177,169,191,11,104,180,163,170,95,137,90,125,149,32,68,97,100,7,175,179,27,150,136,144,70,168,17,103,105,142,190,188,186,176,42,47,132,166,123,44];False
2366;8303;10669;[4,67,193,48,10,1,91,129,8,84,122,73,174,135,21,99,16,77,112,71,56,18,62,120,24,197,26,9,143,20,3,2,121,160,92,49,130,22,38,34,124,94,75,12,165,153,187,127,39,107,87,76,50,53,93,23,30,134,58,86,69,64,101,151,54,158,199,6,44,98,25,110,81,52,182,28,162,78,60,79,185,148,167,61,41,36,46,131,59,133,96,157,138,178,164,173,66,126,198,159,140,118,109,29,154,156,106,19,108,146,43,128,85,152,111,83,181,82,192,139,33,13,172,195,40,37,15,35,88,145,189,194,31,171,116,57,0,113,196,89,5,141,119,74,183,63,51,72,147,65,102,115,14,45,55,155,184,161,80,114,177,169,191,11,104,180,163,170,95,137,90,125,149,32,68,97,100,7,175,179,27,150,136,144,70,168,17,103,105,142,190,188,186,176,42,47,132,166,123,117];False
2412;8257;10669;[4,67,193,48,10,1,91,129,8,84,122,73,174,135,21,99,16,77,112,71,56,18,62,120,24,197,26,9,143,20,3,2,121,160,92,49,130,22,38,34,124,94,75,12,165,153,187,127,39,107,87,76,50,53,93,23,30,134,58,86,69,64,101,151,54,158,199,6,117,98,25,110,81,52,182,28,162,78,60,79,185,148,167,61,41,36,46,131,59,133,96,14,138,178,164,173,66,126,198,159,140,118,109,29,154,156,106,19,108,146,43,128,85,152,111,83,181,82,192,139,33,13,172,195,40,37,15,35,88,145,189,194,31,171,116,57,0,113,196,89,5,141,119,74,183,63,51,72,147,65,102,115,157,45,55,155,184,161,80,114,177,169,191,11,104,180,163,170,95,137,90,125,149,32,68,97,100,7,175,179,27,150,136,144,70,168,17,103,105,142,190,188,186,176,42,47,132,166,123,44];False
2384;8285;10669;[4,67,193,48,10,1,91,129,8,84,122,73,174,135,21,99,16,77,112,71,56,18,62,120,24,197,26,9,143,20,3,2,121,160,92,49,130,22,38,34,124,94,75,12,165,153,187,127,39,107,87,76,50,53,93,23,30,134,58,86,69,64,101,151,54,158,199,6,117,98,25,110,81,52,182,28,162,78,60,79,185,148,147,61,41,36,46,131,59,133,96,157,138,178,164,173,66,126,198,159,140,118,109,29,154,156,106,19,108,146,43,128,85,152,111,83,181,82,192,139,33,13,172,195,40,37,15,35,88,145,189,194,31,171,116,57,0,113,196,89,5,141,119,74,183,63,51,72,167,65,102,115,14,45,55,155,184,161,80,114,177,169,191,11,104,180,163,170,95,137,90,125,149,32,68,97,100,7,175,179,27,150,136,144,70,168,17,103,105,142,190,188,186,176,42,47,132,166,123,44];False
2396;8273;10669;[4,67,193,48,57,1,91,129,8,84,122,73,174,135,21,99,16,77,112,71,56,18,62,120,24,197,26,9,143,20,3,2,121,160,92,49,130,22,38,34,124,94,75,12,165,153,187,127,39,107,87,76,50,53,93,23,30,134,58,86,69,64,101,151,54,158,199,6,117,98,25,110,81,52,182,28,162,78,60,79,185,148,167,61,41,36,46,131,59,133,96,157,138,178,164,173,66,126,198,159,140,118,109,29,154,156,106,19,108,146,43,128,85,152,111,83,181,82,192,139,33,13,172,195,40,37,15,35,88,145,189,194,31,171,116,10,0,113,196,89,5,141,119,74,183,63,51,72,147,65,102,115,14,45,55,155,184,161,80,114,177,169,191,11,104,180,163,170,95,137,90,125,149,32,68,97,100,7,175,179,27,150,136,144,70,168,17,103,105,142,190,188,186,176,42,47,132,166,123,44];False
2409;8260;10669;[4,67,193,48,10,1,91,129,8,84,122,73,174,135,21,99,16,77,112,71,56,18,62,120,24,197,26,152,143,20,3,2,121,160,92,49,130,22,38,34,124,94,75,12,165,153,187,127,39,107,87,76,50,53,93,23,30,134,58,86,69,64,101,151,54,158,199,6,117,98,25,110,81,52,182,28,162,78,60,79,185,148,167,61,41,36,46,131,59,133,96,157,138,178,164,173,66,126,198,159,140,118,109,29,154,156,106,19,108,146,43,128,85,9,111,83,181,82,192,139,33,13,172,195,40,37,15,35,88,145,189,194,31,171,116,57,0,113,196,89,5,141,119,74,183,63,51,72,147,65,102,115,14,45,55,155,184,161,80,114,177,169,191,11,104,180,163,170,95,137,90,125,149,32,68,97,100,7,175,179,27,150,136,144,70,168,17,103,105,142,190,188,186,176,42,47,132,166,123,44];False
2382;8287;10669;[4,67,193,48,10,1,91,129,8,84,122,73,174,135,21,99,16,77,112,71,56,18,62,120,24,197,195,9,143,20,3,2,121,160,92,49,130,22,38,34,124,94,75,12,165,153,187,127,39,107,87,76,50,53,93,23,30,134,58,86,69,64,101,151,54,158,199,6,117,98,25,110,81,52,182,28,162,78,60,79,185,148,167,61,41,36,46,131,59,133,96,157,138,178,164,173,66,126,198,159,140,118,109,29,154,156,106,19,108,146,43,128,85,152,111,83,181,82,192,139,33,13,172,26,40,37,15,35,88,145,189,194,31,171,116,57,0,113,196,89,5,141,119,74,183,63,51,72,147,65,102,115,14,45,55,155,184,161,80,114,177,169,191,11,104,180,163,170,95,137,90,125,149,32,68,97,100,7,175,179,27,150,136,144,70,168,17,103,105,142,190,188,186,176,42,47,132,166,123,44];False
2367;8302;10669;[4,67,193,48,10,1,91,129,8,84,122,73,174,135,21,99,119,77,112,71,56,18,62,120,24,197,26,9,143,20,3,2,121,160,92,49,130,22,38,34,124,94,75,12,165,153,187,127,39,107,87,76,50,53,93,23,30,134,58,86,69,64,101,151,54,158,199,6,117,98,25,110,81,52,182,28,162,78,60,79,185,148,167,61,41,36,46,131,59,133,96,157,138,178,164,173,66,126,198,159,140,118,109,29,154,156,106,19,108,146,43,128,85,152,111,83,181,82,192,139,33,13,172,195,40,37,15,35,88,145,189,194,31,171,116,57,0,113,196,89,5,141,16,74,183,63,51,72,147,65,102,115,14,45,55,155,184,161,80,114,177,169,191,11,104,180,163,170,95,137,90,125,149,32,68,97,100,7,175,179,27,150,136,144,70,168,17,103,105,142,190,188,186,176,42,47,132,166,123,44];False
2375;8294;10669;[4,67,193,48,10,1,91,129,8,84,122,73,174,135,21,99,16,77,112,71,56,18,62,120,159,197,26,9,143,20,3,2,121,160,92,49,130,22,38,34,124,94,75,12,165,153,187,127,39,107,87,76,50,53,93,23,30,134,58,86,69,64,101,151,54,158,199,6,117,98,25,110,81,52,182,28,162,78,60,79,185,148,167,61,41,36,46,131,59,133,96,157,138,178,164,173,66,126,198,24,140,118,109,29,154,156,106,19,108,146,43,128,85,152,111,83,181,82,192,139,33,13,172,195,40,37,15,35,88,145,189,194,31,171,116,57,0,113,196,89,5,141,119,74,183,63,51,72,147,65,102,115,14,45,55,155,184,161,80,114,177,169,191,11,104,180,163,170,95,137,90,125,149,32,68,97,100,7,175,179,27,150,136,144,70,168,17,103,105,142,190,188,186,176,42,47,132,166,123,44];False
2381;8288;10669;[4,67,193,48,10,1,91,129,8,84,122,73,174,135,21,99,16,77,112,71,56,18,62,120,24,197,26,9,143,20,3,2,121,160,92,49,130,22,38,34,124,94,75,12,165,153,187,127,39,107,87,76,50,53,93,23,30,134,58,86,69,64,101,151,54,158,199,6,117,98,25,110,81,52,182,28,162,78,60,79,185,148,167,61,41,36,46,131,59,133,96,157,138,178,164,173,66,126,198,159,140,57,109,29,154,156,106,19,108,146,43,128,85,152,111,83,181,82,192,139,33,13,172,195,40,37,15,35,88,145,189,194,31,171,116,118,0,113,196,89,5,141,119,74,183,63,51,72,147,65,102,115,14,45,55,155,184,161,80,114,177,169,191,11,104,180,163,170,95,137,90,125,149,32,68,97,100,7,175,179,27,150,136,144,70,168,17,103,105,142,190,188,186,176,42,47,132,166,123,44];False
2394;8275;10669;[4,67,193,48,10,1,91,129,8,84,122,73,174,135,21,99,16,77,112,71,56,18,62,120,24,197,26,9,143,20,3,2,121,160,92,49,130,22,38,34,124,94,75,12,165,153,187,127,39,107,87,76,50,53,93,23,30,134,58,86,69,64,101,151,54,158,199,6,117,98,25,110,81,52,182,28,162,78,60,79,185,148,167,61,41,36,46,131,59,133,96,157,138,178,164,173,66,126,198,159,140,118,109,29,154,156,106,19,108,146,43,128,85,152,111,83,181,82,192,139,33,13,172,195,40,190,15,35,88,145,189,194,31,171,116,57,0,113,196,89,5,141,119,74,183,63,51,72,147,65,102,115,14,45,55,155,184,161,80,114,177,169,191,11,104,180,163,170,95,137,90,125,149,32,68,97,100,7,175,179,27,150,136,144,70,168,17,103,105,142,37,188,186,176,42,47,132,166,123,44];False
2332;8337;10669;[4,67,193,48,10,1,91,129,8,84,122,73,174,135,21,99,16,77,112,71,56,18,180,120,24,197,26,9,143,20,3,2,121,160,92,49,130,22,38,34,124,94,75,12,165,153,187,127,39,107,87,76,50,53,93,23,30,134,58,86,69,64,101,151,54,158,199,6,117,98,25,110,81,52,182,28,162,78,60,79,185,148,167,61,41,36,46,131,59,133,96,157,138,178,164,173,66,126,198,159,140,118,109,29,154,156,106,19,108,146,43,128,85,152,111,83,181,82,192,139,33,13,172,195,40,37,15,35,88,145,189,194,31,171,116,57,0,113,196,89,5,141,119,74,183,63,51,72,147,65,102,115,14,45,55,155,184,161,80,114,177,169,191,11,104,62,163,170,95,137,90,125,149,32,68,97,100,7,175,179,27,150,136,144,70,168,17,103,105,142,190,188,186,176,42,47,132,166,123,44];False
2422;8247;10669;[4,92,193,48,10,1,91,129,8,84,122,73,174,135,21,99,16,77,112,71,56,18,62,120,24,197,26,9,143,20,3,2,121,160,67,49,130,22,38,34,124,94,75,12,165,153,187,127,39,107,87,76,50,53,93,23,30,134,58,86,69,64,101,151,54,158,199,6,117,98,25,110,81,52,182,28,162,78,60,79,185,148,167,61,41,36,46,131,59,133,96,157,138,178,164,173,66,126,198,159,140,118,109,29,154,156,106,19,108,146,43,128,85,152,111,83,181,82,192,139,33,13,172,195,40,37,15,35,88,145,189,194,31,171,116,57,0,113,196,89,5,141,119,74,183,63,51,72,147,65,102,115,14,45,55,155,184,161,80,114,177,169,191,11,104,180,163,170,95,137,90,125,149,32,68,97,100,7,175,179,27,150,136,144,70,168,17,103,105,142,190,188,186,176,42,47,132,166,123,44];False
2372;8296;10668;[4,67,193,48,10,1,91,129,8,84,122,73,174,135,21,99,16,77,112,71,56,18,62,120,24,197,26,9,143,20,3,2,172,160,92,49,130,22,38,34,124,94,75,12,165,153,187,127,39,107,87,76,50,53,93,23,30,134,58,86,69,64,101,151,54,158,199,6,117,98,25,110,81,52,182,28,162,78,60,79,185,148,167,61,41,36,46,131,59,133,96,157,138,178,164,173,66,126,198,159,140,118,109,29,154,156,106,19,108,146,43,128,85,152,111,83,181,82,192,139,33,13,121,195,40,37,15,35,88,145,189,194,31,171,116,57,0,113,196,89,5,141,119,74,183,63,51,72,147,65,102,115,14,45,55,155,184,161,80,114,177,169,191,11,104,180,163,170,95,137,90,125,149,32,68,97,100,7,175,179,27,150,136,144,70,168,17,103,105,142,190,188,186,176,42,47,132,166,123,44];False
2393;8275;10668;[4,67,193,48,10,1,91,129,8,84,122,73,145,135,21,99,16,77,112,71,56,18,62,120,24,197,26,9,143,20,3,2,121,160,92,49,130,22,38,34,124,94,75,12,165,153,187,127,39,107,87,76,50,53,93,23,30,134,58,86,69,64,101,151,54,158,199,6,117,98,25,110,81,52,182,28,162,78,60,79,185,148,167,61,41,36,46,131,59,133,96,157,138,178,164,173,66,126,198,159,140,118,109,29,154,156,106,19,108,146,43,128,85,152,111,83,181,82,192,139,33,13,172,195,40,37,15,35,88,174,189,194,31,171,116,57,0,113,196,89,5,141,119,74,183,63,51,72,147,65,102,115,14,45,55,155,184,161,80,114,177,169,191,11,104,180,163,170,95,137,90,125,149,32,68,97,100,7,175,179,27,150,136,144,70,168,17,103,105,142,190,188,186,176,42,47,132,166,123,44];False
2404;8264;10668;[4,67,193,48,10,1,91,129,8,84,122,73,174,135,21,99,16,77,112,71,56,18,62,120,24,197,26,9,143,20,3,2,121,160,92,49,130,22,38,34,124,94,75,12,165,153,187,127,39,107,87,76,50,53,93,23,30,134,58,86,69,64,101,151,54,158,199,6,117,98,25,110,81,52,182,28,162,191,60,79,185,148,167,61,41,36,46,131,59,133,96,157,138,178,164,173,66,126,198,159,140,118,109,29,154,156,106,19,108,146,43,128,85,152,111,83,181,82,192,139,33,13,172,195,40,37,15,35,88,145,189,194,31,171,116,57,0,113,196,89,5,141,119,74,183,63,51,72,147,65,102,115,14,45,55,155,184,161,80,114,177,169,78,11,104,180,163,170,95,137,90,125,149,32,68,97,100,7,175,179,27,150,136,144,70,168,17,103,105,142,190,188,186,176,42,47,132,166,123,44];False
2416;8252;10668;[4,67,193,48,10,1,91,129,8,84,122,73,174,135,21,99,16,77,112,71,56,18,62,120,24,197,26,9,160,20,3,2,121,143,92,49,130,22,38,34,124,94,75,12,165,153,187,127,39,107,87,76,50,53,93,23,30,134,58,86,69,64,101,151,54,158,199,6,117,98,25,110,81,52,182,28,162,78,60,79,185,148,167,61,41,36,46,131,59,133,96,157,138,178,164,173,66,126,198,159,140,118,109,29,154,156,106,19,108,146,43,128,85,152,111,83,181,82,192,139,33,13,172,195,40,37,15,35,88,145,189,194,31,171,116,57,0,113,196,89,5,141,119,74,183,63,51,72,147,65,102,115,14,45,55,155,184,161,80,114,177,169,191,11,104,180,163,170,95,137,90,125,149,32,68,97,100,7,175,179,27,150,136,144,70,168,17,103,105,142,190,188,186,176,42,47,132,166,123,44];False
2370;8298;10668;[4,67,193,48,10,1,91,129,8,84,122,73,174,135,21,99,16,77,112,71,56,18,62,120,24,197,26,9,143,20,3,2,121,160,92,49,130,22,38,34,124,94,75,12,165,153,187,127,39,107,87,76,50,53,93,23,30,134,58,86,69,64,101,151,54,158,199,6,117,98,25,110,81,52,182,28,162,78,60,79,185,148,167,61,41,36,46,131,59,133,96,157,138,178,164,173,66,126,198,159,140,118,109,29,154,156,106,19,108,146,43,128,85,152,111,83,181,82,192,139,33,13,172,195,40,37,15,35,88,145,189,194,31,171,116,57,0,113,196,89,5,141,119,74,166,63,51,72,147,65,102,115,14,45,55,155,184,161,80,114,177,169,191,11,104,180,163,170,95,137,90,125,149,32,68,97,100,7,175,179,27,150,136,144,70,168,17,103,105,142,190,188,186,176,42,47,132,183,123,44];False
2408;8260;10668;[4,67,193,48,10,1,91,129,8,84,122,73,174,135,21,99,16,77,112,71,56,18,62,120,24,197,26,9,143,20,3,2,121,160,92,49,130,22,38,34,124,94,75,12,165,153,187,127,39,107,87,76,50,53,93,23,30,134,58,86,69,64,101,151,54,158,199,6,117,98,25,110,81,52,182,28,162,78,60,79,185,148,167,61,41,36,46,131,59,133,96,157,68,178,164,173,66,126,198,159,140,118,109,29,154,156,106,19,108,146,43,128,85,152,111,83,181,82,192,139,33,13,172,195,40,37,15,35,88,145,189,194,31,171,116,57,0,113,196,89,5,141,119,74,183,63,51,72,147,65,102,115,14,45,55,155,184,161,80,114,177,169,191,11,104,180,163,170,95,137,90,125,149,32,138,97,100,7,175,179,27,150,136,144,70,168,17,103,105,142,190,188,186,176,42,47,132,166,123,44];False
2391;8277;10668;[4,67,193,48,10,1,91,129,8,84,122,73,174,135,21,99,16,77,112,71,56,18,62,120,24,197,26,9,143,20,3,2,121,160,92,49,130,22,38,34,124,94,75,12,165,153,187,127,39,107,87,76,50,53,93,23,30,134,58,86,69,64,101,151,54,158,199,6,117,98,25,110,81,52,182,28,162,78,60,79,185,148,167,61,41,36,46,131,59,133,96,157,138,178,164,173,66,126,198,159,140,118,109,29,154,156,106,19,108,45,43,128,85,152,111,83,181,82,192,139,33,13,172,195,40,37,15,35,88,145,189,194,31,171,116,57,0,113,196,89,5,141,119,74,183,63,51,72,147,65,102,115,14,146,55,155,184,161,80,114,177,169,191,11,104,180,163,170,95,137,90,125,149,32,68,97,100,7,175,179,27,150,136,144,70,168,17,103,105,142,190,188,186,176,42,47,132,166,123,44];False
2402;8266;10668;[4,67,193,48,10,1,91,129,8,84,122,73,174,135,21,99,16,77,112,71,56,18,62,120,24,197,26,9,143,20,3,2,121,160,92,49,130,22,38,34,124,190,75,12,165,153,187,127,39,107,87,76,50,53,93,23,30,134,58,86,69,64,101,151,54,158,199,6,117,98,25,110,81,52,182,28,162,78,60,79,185,148,167,61,41,36,46,131,59,133,96,157,138,178,164,173,66,126,198,159,140,118,109,29,154,156,106,19,108,146,43,128,85,152,111,83,181,82,192,139,33,13,172,195,40,37,15,35,88,145,189,194,31,171,116,57,0,113,196,89,5,141,119,74,183,63,51,72,147,65,102,115,14,45,55,155,184,161,80,114,177,169,191,11,104,180,163,170,95,137,90,125,149,32,68,97,100,7,175,179,27,150,136,144,70,168,17,103,105,142,94,188,186,176,42,47,132,166,123,44];False
2364;8304;10668;[4,67,193,48,10,1,91,129,8,84,122,73,174,135,21,99,16,77,112,71,56,18,62,120,24,197,26,9,143,20,3,2,121,160,92,49,130,22,38,34,124,94,75,12,165,153,187,127,39,107,87,76,50,53,93,23,30,134,58,86,69,64,101,151,54,158,199,6,117,98,25,110,81,52,182,28,162,78,60,79,185,148,167,61,41,36,46,131,59,133,96,157,138,178,164,173,66,126,198,159,140,118,109,29,154,156,106,19,108,146,43,128,85,152,111,83,181,82,192,139,33,13,45,195,40,37,15,35,88,145,189,194,31,171,116,57,0,113,196,89,5,141,119,74,183,63,51,72,147,65,102,115,14,172,55,155,184,161,80,114,177,169,191,11,104,180,163,170,95,137,90,125,149,32,68,97,100,7,175,179,27,150,136,144,70,168,17,103,105,142,190,188,186,176,42,47,132,166,123,44];False
2344;8324;10668;[4,67,193,48,10,1,91,129,8,84,122,73,174,135,21,99,16,77,112,71,56,18,62,120,24,197,26,9,143,20,3,2,121,160,92,49,130,22,38,34,124,94,75,12,165,153,187,127,39,107,87,76,50,53,93,23,30,134,58,86,69,64,101,151,54,158,199,6,117,51,25,110,81,52,182,28,162,78,60,79,185,148,167,61,41,36,46,131,59,133,96,157,138,178,164,173,66,126,198,159,140,118,109,29,154,156,106,19,108,146,43,128,85,152,111,83,181,82,192,139,33,13,172,195,40,37,15,35,88,145,189,194,31,171,116,57,0,113,196,89,5,141,119,74,183,63,98,72,147,65,102,115,14,45,55,155,184,161,80,114,177,169,191,11,104,180,163,170,95,137,90,125,149,32,68,97,100,7,175,179,27,150,136,144,70,168,17,103,105,142,190,188,186,176,42,47,132,166,123,44];False
2390;8278;10668;[4,67,193,48,10,1,91,129,8,84,122,73,174,135,21,99,16,77,112,71,56,18,62,120,24,197,26,9,143,20,3,2,121,160,92,49,130,22,38,34,124,94,75,12,165,153,187,127,39,107,87,76,50,53,93,23,30,134,58,86,69,64,101,151,54,158,199,6,178,98,25,110,81,52,182,28,162,78,60,79,185,148,167,61,41,36,46,131,59,133,96,157,138,117,164,173,66,126,198,159,140,118,109,29,154,156,106,19,108,146,43,128,85,152,111,83,181,82,192,139,33,13,172,195,40,37,15,35,88,145,189,194,31,171,116,57,0,113,196,89,5,141,119,74,183,63,51,72,147,65,102,115,14,45,55,155,184,161,80,114,177,169,191,11,104,180,163,170,95,137,90,125,149,32,68,97,100,7,175,179,27,150,136,144,70,168,17,103,105,142,190,188,186,176,42,47,132,166,123,44];False
2385;8283;10668;[4,67,193,48,10,1,91,129,8,84,122,73,174,135,21,99,16,77,112,71,56,18,62,120,24,197,26,9,143,113,3,2,121,160,92,49,130,22,38,34,124,94,75,12,165,153,187,127,39,107,87,76,50,53,93,23,30,134,58,86,69,64,101,151,54,158,199,6,117,98,25,110,81,52,182,28,162,78,60,79,185,148,167,61,41,36,46,131,59,133,96,157,138,178,164,173,66,126,198,159,140,118,109,29,154,156,106,19,108,146,43,128,85,152,111,83,181,82,192,139,33,13,172,195,40,37,15,35,88,145,189,194,31,171,116,57,0,20,196,89,5,141,119,74,183,63,51,72,147,65,102,115,14,45,55,155,184,161,80,114,177,169,191,11,104,180,163,170,95,137,90,125,149,32,68,97,100,7,175,179,27,150,136,144,70,168,17,103,105,142,190,188,186,176,42,47,132,166,123,44];False
2364;8303;10667;[4,67,193,48,10,1,91,129,8,84,122,73,174,135,21,99,16,77,112,71,56,18,62,120,24,197,26,9,143,20,3,2,121,160,92,49,130,22,38,34,124,94,75,12,165,153,187,127,39,107,87,76,50,53,93,23,30,134,58,86,69,64,101,151,54,158,199,6,117,98,25,110,81,52,182,28,162,78,60,79,185,148,167,61,41,36,46,131,59,133,96,157,138,178,164,173,66,126,198,159,140,118,109,29,154,156,106,19,108,146,43,128,85,152,111,83,181,82,192,13,33,139,172,195,40,37,15,35,88,145,189,194,31,171,116,57,0,113,196,89,5,141,119,74,183,63,51,72,147,65,102,115,14,45,55,155,184,161,80,114,177,169,191,11,104,180,163,170,95,137,90,125,149,32,68,97,100,7,175,179,27,150,136,144,70,168,17,103,105,142,190,188,186,176,42,47,132,166,123,44];False
2391;8276;10667;[4,67,193,48,10,1,91,129,8,84,122,73,174,135,21,99,16,77,112,71,56,18,62,120,24,197,26,9,143,20,3,2,121,160,92,49,130,22,38,34,124,94,75,12,165,153,187,42,39,107,87,76,50,53,93,23,30,134,58,86,69,64,101,151,54,158,199,6,117,98,25,110,81,52,182,28,162,78,60,79,185,148,167,61,41,36,46,131,59,133,96,157,138,178,164,173,66,126,198,159,140,118,109,29,154,156,106,19,108,146,43,128,85,152,111,83,181,82,192,139,33,13,172,195,40,37,15,35,88,145,189,194,31,171,116,57,0,113,196,89,5,141,119,74,183,63,51,72,147,65,102,115,14,45,55,155,184,161,80,114,177,169,191,11,104,180,163,170,95,137,90,125,149,32,68,97,100,7,175,179,27,150,136,144,70,168,17,103,105,142,190,188,186,176,127,47,132,166,123,44];False
2409;8258;10667;[4,67,193,48,10,1,91,129,8,84,122,73,174,135,21,99,16,77,112,71,56,18,62,120,24,197,26,9,143,20,3,2,121,160,92,49,130,22,38,34,124,94,75,12,165,153,187,127,39,107,87,76,50,53,93,23,30,134,58,86,69,64,101,151,54,158,199,6,117,98,25,110,137,52,182,28,162,78,60,79,185,148,167,61,41,36,46,131,59,133,96,157,138,178,164,173,66,126,198,159,140,118,109,29,154,156,106,19,108,146,43,128,85,152,111,83,181,82,192,139,33,13,172,195,40,37,15,35,88,145,189,194,31,171,116,57,0,113,196,89,5,141,119,74,183,63,51,72,147,65,102,115,14,45,55,155,184,161,80,114,177,169,191,11,104,180,163,170,95,81,90,125,149,32,68,97,100,7,175,179,27,150,136,144,70,168,17,103,105,142,190,188,186,176,42,47,132,166,123,44];False
2347;8320;10667;[4,67,193,48,10,1,91,129,8,84,122,73,174,135,21,99,16,77,112,71,56,18,62,120,24,197,26,9,143,20,3,2,121,160,92,49,130,22,38,34,124,94,75,12,165,153,187,127,39,107,87,76,50,53,93,23,30,134,58,86,69,64,101,151,54,158,199,6,117,98,25,110,81,52,182,28,162,78,60,79,185,148,167,61,41,36,46,131,59,133,96,157,138,178,164,173,66,126,198,159,140,118,109,29,154,156,106,19,108,146,43,128,85,152,111,83,181,82,192,139,33,13,172,195,40,37,15,35,88,145,189,194,31,171,116,57,0,113,196,89,5,141,103,74,183,63,51,72,147,65,102,115,14,45,55,155,184,161,80,114,177,169,191,11,104,180,163,170,95,137,90,125,149,32,68,97,100,7,175,179,27,150,136,144,70,168,17,119,105,142,190,188,186,176,42,47,132,166,123,44];False
2420;8247;10667;[4,67,193,48,10,1,91,129,8,84,122,73,174,135,21,99,16,77,112,71,56,18,62,120,24,197,26,9,143,20,3,2,121,160,92,49,130,22,88,34,124,94,75,12,165,153,187,127,39,107,87,76,50,53,93,23,30,134,58,86,69,64,101,151,54,158,199,6,117,98,25,110,81,52,182,28,162,78,60,79,185,148,167,61,41,36,46,131,59,133,96,157,138,178,164,173,66,126,198,159,140,118,109,29,154,156,106,19,108,146,43,128,85,152,111,83,181,82,192,139,33,13,172,195,40,37,15,35,38,145,189,194,31,171,116,57,0,113,196,89,5,141,119,74,183,63,51,72,147,65,102,115,14,45,55,155,184,161,80,114,177,169,191,11,104,180,163,170,95,137,90,125,149,32,68,97,100,7,175,179,27,150,136,144,70,168,17,103,105,142,190,188,186,176,42,47,132,166,123,44];False
2426;8241;10667;[4,67,193,48,10,1,91,129,8,84,122,73,174,135,21,99,16,77,112,71,56,18,62,120,24,197,26,9,143,20,3,2,121,160,92,49,130,22,38,34,124,94,75,12,165,153,187,127,39,107,87,76,50,53,93,23,30,134,58,86,69,64,101,151,54,158,199,6,117,98,25,110,81,52,182,28,162,78,60,79,185,148,167,61,41,36,46,131,59,133,96,157,138,178,164,173,66,126,198,159,140,118,109,29,154,156,106,19,108,146,43,128,85,152,111,83,181,82,192,139,33,13,172,195,40,37,15,35,88,145,189,194,31,171,116,57,0,113,196,89,5,141,119,74,183,63,51,72,147,65,102,176,14,45,55,155,184,161,80,114,177,169,191,11,104,180,163,170,95,137,90,125,149,32,68,97,100,7,175,179,27,150,136,144,70,168,17,103,105,142,190,188,186,115,42,47,132,166,123,44];False
2359;8308;10667;[4,67,193,48,10,1,91,129,8,106,122,73,174,135,21,99,16,77,112,71,56,18,62,120,24,197,26,9,143,20,3,2,121,160,92,49,130,22,38,34,124,94,75,12,165,153,187,127,39,107,87,76,50,53,93,23,30,134,58,86,69,64,101,151,54,158,199,6,117,98,25,110,81,52,182,28,162,78,60,79,185,148,167,61,41,36,46,131,59,133,96,157,138,178,164,173,66,126,198,159,140,118,109,29,154,156,84,19,108,146,43,128,85,152,111,83,181,82,192,139,33,13,172,195,40,37,15,35,88,145,189,194,31,171,116,57,0,113,196,89,5,141,119,74,183,63,51,72,147,65,102,115,14,45,55,155,184,161,80,114,177,169,191,11,104,180,163,170,95,137,90,125,149,32,68,97,100,7,175,179,27,150,136,144,70,168,17,103,105,142,190,188,186,176,42,47,132,166,123,44];False
2450;8217;10667;[4,67,193,48,10,1,91,129,8,84,122,73,174,135,21,99,16,77,112,71,56,18,62,120,24,197,26,9,143,20,3,2,121,160,92,49,130,22,38,34,124,94,75,12,165,153,187,127,39,107,87,76,50,53,93,23,30,134,58,86,69,64,101,151,54,158,199,6,117,98,25,110,81,52,182,28,162,78,60,79,185,148,167,61,41,36,46,131,59,133,7,157,138,178,164,173,66,126,198,159,140,118,109,29,154,156,106,19,108,146,43,128,85,152,111,83,181,82,192,139,33,13,172,195,40,37,15,35,88,145,189,194,31,171,116,57,0,113,196,89,5,141,119,74,183,63,51,72,147,65,102,115,14,45,55,155,184,161,80,114,177,169,191,11,104,180,163,170,95,137,90,125,149,32,68,97,100,96,175,179,27,150,136,144,70,168,17,103,105,142,190,188,186,176,42,47,132,166,123,44];False
2394;8273;10667;[4,67,193,48,10,1,91,129,8,84,122,73,174,135,21,99,16,77,112,71,56,18,62,120,24,197,26,9,143,20,3,2,121,160,92,58,130,22,38,34,124,94,75,12,165,153,187,127,39,107,87,76,50,53,93,23,30,134,49,86,69,64,101,151,54,158,199,6,117,98,25,110,81,52,182,28,162,78,60,79,185,148,167,61,41,36,46,131,59,133,96,157,138,178,164,173,66,126,198,159,140,118,109,29,154,156,106,19,108,146,43,128,85,152,111,83,181,82,192,139,33,13,172,195,40,37,15,35,88,145,189,194,31,171,116,57,0,113,196,89,5,141,119,74,183,63,51,72,147,65,102,115,14,45,55,155,184,161,80,114,177,169,191,11,104,180,163,170,95,137,90,125,149,32,68,97,100,7,175,179,27,150,136,144,70,168,17,103,105,142,190,188,186,176,42,47,132,166,123,44];False
2426;8241;10667;[4,67,193,48,10,1,91,129,8,84,122,73,174,135,21,99,16,77,112,71,56,18,62,120,24,197,26,9,143,20,3,2,121,160,92,49,130,22,38,34,124,94,75,12,165,153,187,127,39,107,87,76,50,53,93,23,30,134,58,86,69,64,101,151,54,158,199,6,117,98,25,110,81,52,182,28,162,78,60,79,185,148,167,61,41,36,14,131,59,133,96,157,138,178,164,173,66,126,198,159,140,118,109,29,154,156,106,19,108,146,43,128,85,152,111,83,181,82,192,139,33,13,172,195,40,37,15,35,88,145,189,194,31,171,116,57,0,113,196,89,5,141,119,74,183,63,51,72,147,65,102,115,46,45,55,155,184,161,80,114,177,169,191,11,104,180,163,170,95,137,90,125,149,32,68,97,100,7,175,179,27,150,136,144,70,168,17,103,105,142,190,188,186,176,42,47,132,166,123,44];False
2403;8264;10667;[4,67,193,48,10,1,91,129,8,84,122,73,174,135,21,99,16,77,112,71,56,18,62,120,24,197,26,9,143,20,3,2,121,160,92,49,130,22,38,34,124,94,75,12,165,64,187,127,39,107,87,76,50,53,93,23,30,134,58,86,69,153,101,151,54,158,199,6,117,98,25,110,81,52,182,28,162,78,60,79,185,148,167,61,41,36,46,131,59,133,96,157,138,178,164,173,66,126,198,159,140,118,109,29,154,156,106,19,108,146,43,128,85,152,111,83,181,82,192,139,33,13,172,195,40,37,15,35,88,145,189,194,31,171,116,57,0,113,196,89,5,141,119,74,183,63,51,72,147,65,102,115,14,45,55,155,184,161,80,114,177,169,191,11,104,180,163,170,95,137,90,125,149,32,68,97,100,7,175,179,27,150,136,144,70,168,17,103,105,142,190,188,186,176,42,47,132,166,123,44];False
2411;8256;10667;[4,67,193,48,10,1,91,129,8,84,122,73,174,135,21,99,16,77,112,71,56,18,62,120,24,197,26,9,143,20,3,2,121,160,92,49,130,22,38,34,124,94,75,12,165,153,187,127,39,167,87,76,50,53,93,23,30,134,58,86,69,64,101,151,54,158,199,6,117,98,25,110,81,52,182,28,162,78,60,79,185,148,107,61,41,36,46,131,59,133,96,157,138,178,164,173,66,126,198,159,140,118,109,29,154,156,106,19,108,146,43,128,85,152,111,83,181,82,192,139,33,13,172,195,40,37,15,35,88,145,189,194,31,171,116,57,0,113,196,89,5,141,119,74,183,63,51,72,147,65,102,115,14,45,55,155,184,161,80,114,177,169,191,11,104,180,163,170,95,137,90,125,149,32,68,97,100,7,175,179,27,150,136,144,70,168,17,103,105,142,190,188,186,176,42,47,132,166,123,44];False
2368;8299;10667;[4,67,193,48,10,1,91,129,8,84,122,73,174,135,21,99,16,77,112,71,56,18,62,120,24,197,26,9,143,20,3,2,121,160,92,49,130,22,38,34,124,94,75,12,165,153,187,127,39,107,87,76,50,53,93,23,30,134,58,86,69,64,101,151,54,158,199,6,117,98,25,110,81,52,182,28,162,78,60,79,185,148,167,61,41,36,46,131,59,133,96,157,138,178,164,173,66,126,198,159,140,118,109,29,154,156,106,19,108,146,43,128,85,152,111,83,181,82,192,139,33,13,172,195,40,37,15,35,88,145,189,194,31,171,116,57,0,113,196,89,5,141,119,74,183,63,51,72,147,65,102,115,14,45,55,155,184,161,80,114,177,17,191,11,104,180,163,170,95,137,90,125,149,32,68,97,100,7,175,179,27,150,136,144,70,168,169,103,105,142,190,188,186,176,42,47,132,166,123,44];False
2344;8322;10666;[4,67,193,48,10,1,91,129,8,84,122,73,174,135,21,99,16,77,112,71,56,18,62,120,24,197,26,9,143,20,3,2,121,160,92,49,130,22,38,34,124,94,75,12,165,153,187,127,39,107,87,76,50,53,93,23,30,134,58,86,69,64,101,151,54,158,199,6,117,98,25,110,81,52,182,28,162,78,60,79,185,148,167,61,41,36,46,131,59,133,96,157,138,178,164,173,66,111,198,159,140,118,109,29,154,156,106,19,108,146,43,128,85,152,126,83,181,82,192,139,33,13,172,195,40,37,15,35,88,145,189,194,31,171,116,57,0,113,196,89,5,141,119,74,183,63,51,72,147,65,102,115,14,45,55,155,184,161,80,114,177,169,191,11,104,180,163,170,95,137,90,125,149,32,68,97,100,7,175,179,27,150,136,144,70,168,17,103,105,142,190,188,186,176,42,47,132,166,123,44];False
2397;8269;10666;[4,67,193,48,10,1,91,129,8,84,122,73,174,135,21,99,16,77,112,71,56,18,62,120,24,197,26,9,143,176,3,2,121,160,92,49,130,22,38,34,124,94,75,12,165,153,187,127,39,107,87,76,50,53,93,23,30,134,58,86,69,64,101,151,54,158,199,6,117,98,25,110,81,52,182,28,162,78,60,79,185,148,167,61,41,36,46,131,59,133,96,157,138,178,164,173,66,126,198,159,140,118,109,29,154,156,106,19,108,146,43,128,85,152,111,83,181,82,192,139,33,13,172,195,40,37,15,35,88,145,189,194,31,171,116,57,0,113,196,89,5,141,119,74,183,63,51,72,147,65,102,115,14,45,55,155,184,161,80,114,177,169,191,11,104,180,163,170,95,137,90,125,149,32,68,97,100,7,175,179,27,150,136,144,70,168,17,103,105,142,190,188,186,20,42,47,132,166,123,44];False
2306;8360;10666;[4,67,193,48,10,1,91,129,8,84,122,73,174,135,21,187,16,77,112,71,56,18,62,120,24,197,26,9,143,20,3,2,121,160,92,49,130,22,38,34,124,94,75,12,165,153,99,127,39,107,87,76,50,53,93,23,30,134,58,86,69,64,101,151,54,158,199,6,117,98,25,110,81,52,182,28,162,78,60,79,185,148,167,61,41,36,46,131,59,133,96,157,138,178,164,173,66,126,198,159,140,118,109,29,154,156,106,19,108,146,43,128,85,152,111,83,181,82,192,139,33,13,172,195,40,37,15,35,88,145,189,194,31,171,116,57,0,113,196,89,5,141,119,74,183,63,51,72,147,65,102,115,14,45,55,155,184,161,80,114,177,169,191,11,104,180,163,170,95,137,90,125,149,32,68,97,100,7,175,179,27,150,136,144,70,168,17,103,105,142,190,188,186,176,42,47,132,166,123,44];False
2374;8292;10666;[4,67,193,48,10,1,91,129,8,84,122,73,174,135,21,99,16,77,112,71,56,18,62,120,24,197,26,9,143,20,3,2,121,160,92,49,130,22,38,34,124,94,75,12,165,153,187,127,39,107,87,76,50,53,93,23,30,134,58,86,69,64,101,151,54,158,199,6,117,98,25,110,81,52,182,28,162,78,60,79,185,148,167,61,41,36,46,131,59,133,96,157,138,178,164,173,66,126,198,159,140,118,109,29,154,156,106,19,108,146,43,47,85,152,111,83,181,82,192,139,33,13,172,195,40,37,15,35,88,145,189,194,31,171,116,57,0,113,196,89,5,141,119,74,183,63,51,72,147,65,102,115,14,45,55,155,184,161,80,114,177,169,191,11,104,180,163,170,95,137,90,125,149,32,68,97,100,7,175,179,27,150,136,144,70,168,17,103,105,142,190,188,186,176,42,128,132,166,123,44];False
2417;8249;10666;[4,67,193,48,10,1,91,129,8,84,122,73,174,135,21,99,16,77,112,71,56,18,62,120,24,197,26,9,143,20,3,2,121,160,92,49,130,22,38,34,124,94,75,12,165,153,187,127,39,107,87,76,50,53,93,23,30,134,58,86,69,64,101,151,54,158,199,6,117,98,25,110,81,52,182,28,162,78,60,79,185,148,167,61,41,36,46,131,59,133,96,157,138,178,190,173,66,126,198,159,140,118,109,29,154,156,106,19,108,146,43,128,85,152,111,83,181,82,192,139,33,13,172,195,40,37,15,35,88,145,189,194,31,171,116,57,0,113,196,89,5,141,119,74,183,63,51,72,147,65,102,115,14,45,55,155,184,161,80,114,177,169,191,11,104,180,163,170,95,137,90,125,149,32,68,97,100,7,175,179,27,150,136,144,70,168,17,103,105,142,164,188,186,176,42,47,132,166,123,44];False
2401;8265;10666;[4,67,193,48,10,1,91,129,8,84,122,73,174,135,21,99,16,77,112,71,56,18,62,120,24,197,26,9,143,163,3,2,121,160,92,49,130,22,38,34,124,94,75,12,165,153,187,127,39,107,87,76,50,53,93,23,30,134,58,86,69,64,101,151,54,158,199,6,117,98,25,110,81,52,182,28,162,78,60,79,185,148,167,61,41,36,46,131,59,133,96,157,138,178,164,173,66,126,198,159,140,118,109,29,154,156,106,19,108,146,43,128,85,152,111,83,181,82,192,139,33,13,172,195,40,37,15,35,88,145,189,194,31,171,116,57,0,113,196,89,5,141,119,74,183,63,51,72,147,65,102,115,14,45,55,155,184,161,80,114,177,169,191,11,104,180,20,170,95,137,90,125,149,32,68,97,100,7,175,179,27,150,136,144,70,168,17,103,105,142,190,188,186,176,42,47,132,166,123,44];False
2401;8265;10666;[4,67,193,48,10,1,91,129,8,84,122,73,174,135,21,99,16,77,112,147,56,18,62,120,24,197,26,9,143,20,3,2,121,160,92,49,130,22,38,34,124,94,75,12,165,153,187,127,39,107,87,76,50,53,93,23,30,134,58,86,69,64,101,151,54,158,199,6,117,98,25,110,81,52,182,28,162,78,60,79,185,148,167,61,41,36,46,131,59,133,96,157,138,178,164,173,66,126,198,159,140,118,109,29,154,156,106,19,108,146,43,128,85,152,111,83,181,82,192,139,33,13,172,195,40,37,15,35,88,145,189,194,31,171,116,57,0,113,196,89,5,141,119,74,183,63,51,72,71,65,102,115,14,45,55,155,184,161,80,114,177,169,191,11,104,180,163,170,95,137,90,125,149,32,68,97,100,7,175,179,27,150,136,144,70,168,17,103,105,142,190,188,186,176,42,47,132,166,123,44];False
2419;8247;10666;[4,67,193,48,10,1,91,129,8,84,122,73,174,135,21,99,16,77,112,71,56,18,62,120,24,197,26,9,143,20,3,2,121,160,92,49,130,22,38,34,124,94,75,12,165,153,187,127,39,107,87,76,50,53,93,23,30,134,58,86,69,64,101,151,54,158,199,6,117,98,25,110,81,52,182,28,162,78,60,79,185,148,167,61,41,36,46,131,59,133,96,157,138,178,164,173,66,126,198,159,140,118,109,29,154,156,106,19,108,146,43,128,85,152,111,83,181,82,192,145,33,13,172,195,40,37,15,35,88,139,189,194,31,171,116,57,0,113,196,89,5,141,119,74,183,63,51,72,147,65,102,115,14,45,55,155,184,161,80,114,177,169,191,11,104,180,163,170,95,137,90,125,149,32,68,97,100,7,175,179,27,150,136,144,70,168,17,103,105,142,190,188,186,176,42,47,132,166,123,44];False
2407;8259;10666;[4,67,193,48,10,1,91,129,8,84,122,73,174,135,21,99,16,77,112,71,56,18,62,120,24,197,26,9,143,20,3,2,121,160,92,49,130,22,38,34,124,94,75,12,165,153,187,127,39,107,87,76,50,53,93,23,30,134,58,86,69,64,101,151,54,158,199,6,117,98,25,110,81,52,182,28,162,78,60,79,185,148,167,61,41,36,46,131,59,133,96,157,138,178,164,173,66,126,198,159,140,118,109,29,154,156,106,19,108,146,43,128,85,152,111,83,181,82,192,139,33,13,172,195,40,37,15,35,88,145,189,194,31,171,116,57,0,113,196,89,5,141,119,74,183,63,51,72,147,65,102,115,14,45,155,55,184,161,80,114,177,169,191,11,104,180,163,170,95,137,90,125,149,32,68,97,100,7,175,179,27,150,136,144,70,168,17,103,105,142,190,188,186,176,42,47,132,166,123,44];False
2304;8362;10666;[4,67,193,48,10,1,91,129,8,84,122,73,174,135,21,99,16,77,112,71,56,18,62,120,24,197,26,9,143,20,3,2,121,160,92,49,130,22,38,34,124,94,75,12,165,153,187,127,39,107,87,76,50,53,93,23,30,134,58,86,69,64,101,151,54,158,199,6,117,98,25,110,81,52,182,28,162,78,60,79,185,148,167,61,41,36,46,131,59,133,96,157,138,178,164,173,66,126,198,159,140,118,109,29,154,156,27,19,108,146,43,128,85,152,111,83,181,82,192,139,33,13,172,195,40,37,15,35,88,145,189,194,31,171,116,57,0,113,196,89,5,141,119,74,183,63,51,72,147,65,102,115,14,45,55,155,184,161,80,114,177,169,191,11,104,180,163,170,95,137,90,125,149,32,68,97,100,7,175,179,106,150,136,144,70,168,17,103,105,142,190,188,186,176,42,47,132,166,123,44];False
2392;8274;10666;[4,67,193,48,10,1,91,129,8,84,122,73,174,135,21,99,16,77,112,71,56,18,62,120,24,197,26,9,143,20,3,2,121,160,92,49,130,22,38,34,124,94,75,12,165,153,187,127,39,107,87,76,50,53,93,23,30,134,58,86,69,64,101,151,54,158,199,6,117,98,25,110,81,52,182,28,162,78,60,79,185,148,167,61,41,36,46,131,59,133,96,157,138,178,164,173,66,126,198,159,140,118,109,29,154,156,106,19,108,146,43,128,85,152,111,83,181,82,192,139,33,13,172,195,40,37,15,35,88,145,189,194,31,171,116,57,0,113,196,89,5,141,119,74,183,63,51,72,147,65,102,115,104,45,55,155,184,161,80,114,177,169,191,11,14,180,163,170,95,137,90,125,149,32,68,97,100,7,175,179,27,150,136,144,70,168,17,103,105,142,190,188,186,176,42,47,132,166,123,44];False
2369;8297;10666;[4,67,193,48,10,1,91,129,8,84,122,73,174,135,21,99,16,77,112,71,56,18,62,120,24,197,26,9,143,20,3,2,121,160,92,49,130,22,38,34,124,94,75,12,165,5,187,127,39,107,87,76,50,53,93,23,30,134,58,86,69,64,101,151,54,158,199,6,117,98,25,110,81,52,182,28,162,78,60,79,185,148,167,61,41,36,46,131,59,133,96,157,138,178,164,173,66,126,198,159,140,118,109,29,154,156,106,19,108,146,43,128,85,152,111,83,181,82,192,139,33,13,172,195,40,37,15,35,88,145,189,194,31,171,116,57,0,113,196,89,153,141,119,74,183,63,51,72,147,65,102,115,14,45,55,155,184,161,80,114,177,169,191,11,104,180,163,170,95,137,90,125,149,32,68,97,100,7,175,179,27,150,136,144,70,168,17,103,105,142,190,188,186,176,42,47,132,166,123,44];False
2417;8249;10666;[4,67,193,48,10,1,91,129,8,84,122,73,174,135,21,99,16,77,112,71,56,18,62,120,24,197,26,9,143,20,3,2,121,160,92,49,130,22,38,34,124,94,75,12,165,153,187,127,39,107,87,76,50,53,93,23,30,134,58,86,69,64,101,151,54,158,199,6,117,98,25,110,81,52,182,28,162,78,60,79,185,148,167,61,41,36,46,131,59,133,96,157,138,178,164,173,66,126,198,159,140,118,109,29,154,156,106,19,108,146,43,128,85,152,111,83,181,82,192,139,33,13,172,195,40,37,15,35,88,163,189,194,31,171,116,57,0,113,196,89,5,141,119,74,183,63,51,72,147,65,102,115,14,45,55,155,184,161,80,114,177,169,191,11,104,180,145,170,95,137,90,125,149,32,68,97,100,7,175,179,27,150,136,144,70,168,17,103,105,142,190,188,186,176,42,47,132,166,123,44];False
2378;8288;10666;[4,67,193,48,10,1,91,129,8,84,122,73,174,135,21,99,16,77,112,71,56,18,62,120,24,197,26,9,143,20,3,2,121,160,92,49,130,22,38,34,124,94,75,12,165,153,187,127,39,107,87,76,50,53,93,23,30,134,58,86,69,64,101,151,54,158,199,6,117,98,25,110,81,52,182,28,162,78,60,79,185,148,167,61,41,36,46,131,59,133,96,157,138,178,164,173,66,126,198,159,140,118,109,29,154,156,106,19,108,146,43,128,85,152,111,83,181,82,192,139,33,13,172,195,40,37,15,35,88,145,189,194,31,171,116,57,0,113,196,89,5,141,119,74,183,63,51,72,147,65,102,115,14,45,55,155,184,161,80,114,177,169,191,11,104,180,163,170,95,137,90,125,97,32,68,149,100,7,175,179,27,150,136,144,70,168,17,103,105,142,190,188,186,176,42,47,132,166,123,44];False
2315;8351;10666;[4,67,193,48,10,1,91,129,8,84,122,73,174,135,21,99,16,77,112,71,56,18,62,120,24,197,26,9,143,20,3,2,121,160,92,49,130,22,38,34,124,94,75,12,165,153,187,127,39,107,87,76,50,53,93,23,30,134,58,86,69,64,101,151,54,158,199,6,117,98,25,110,81,52,182,28,162,78,74,79,185,148,167,61,41,36,46,131,59,133,96,157,138,178,164,173,66,126,198,159,140,118,109,29,154,156,106,19,108,146,43,128,85,152,111,83,181,82,192,139,33,13,172,195,40,37,15,35,88,145,189,194,31,171,116,57,0,113,196,89,5,141,119,60,183,63,51,72,147,65,102,115,14,45,55,155,184,161,80,114,177,169,191,11,104,180,163,170,95,137,90,125,149,32,68,97,100,7,175,179,27,150,136,144,70,168,17,103,105,142,190,188,186,176,42,47,132,166,123,44];False
2356;8310;10666;[4,67,193,48,10,1,91,129,8,84,122,73,174,135,21,99,16,77,112,71,56,18,62,120,24,197,26,9,143,20,3,2,121,160,92,49,130,22,38,34,124,94,75,12,165,153,187,127,39,107,87,76,50,53,93,23,30,134,58,86,69,64,101,151,54,158,199,6,117,98,25,110,81,52,182,28,162,78,60,79,185,148,167,61,41,36,46,131,59,133,96,157,138,178,164,173,66,126,198,159,140,118,109,29,154,156,106,19,108,146,43,128,85,152,111,83,181,82,192,139,33,13,172,195,40,37,15,35,88,145,189,194,31,171,116,57,0,113,196,89,5,141,119,74,183,63,51,72,147,65,102,115,14,45,55,155,184,161,80,114,177,169,191,11,104,180,163,170,95,137,90,125,149,32,68,97,150,7,175,179,27,100,136,144,70,168,17,103,105,142,190,188,186,176,42,47,132,166,123,44];False
2377;8289;10666;[4,67,193,48,10,1,91,129,8,84,122,73,174,135,21,99,16,77,112,71,56,18,62,120,24,136,26,9,143,20,3,2,121,160,92,49,130,22,38,34,124,94,75,12,165,153,187,127,39,107,87,76,50,53,93,23,30,134,58,86,69,64,101,151,54,158,199,6,117,98,25,110,81,52,182,28,162,78,60,79,185,148,167,61,41,36,46,131,59,133,96,157,138,178,164,173,66,126,198,159,140,118,109,29,154,156,106,19,108,146,43,128,85,152,111,83,181,82,192,139,33,13,172,195,40,37,15,35,88,145,189,194,31,171,116,57,0,113,196,89,5,141,119,74,183,63,51,72,147,65,102,115,14,45,55,155,184,161,80,114,177,169,191,11,104,180,163,170,95,137,90,125,149,32,68,97,100,7,175,179,27,150,197,144,70,168,17,103,105,142,190,188,186,176,42,47,132,166,123,44];False
2410;8256;10666;[4,67,193,48,10,1,91,129,8,84,122,73,174,135,21,99,16,77,112,71,56,18,62,120,24,197,26,9,143,20,3,2,121,160,92,49,130,22,38,44,124,94,75,12,165,153,187,127,39,107,87,76,50,53,93,23,30,134,58,86,69,64,101,151,54,158,199,6,117,98,25,110,81,52,182,28,162,78,60,79,185,148,167,61,41,36,46,131,59,133,96,157,138,178,164,173,66,126,198,159,140,118,109,29,154,156,106,19,108,146,43,128,85,152,111,83,181,82,192,139,33,13,172,195,40,37,15,35,88,145,189,194,31,171,116,57,0,113,196,89,5,141,119,74,183,63,51,72,147,65,102,115,14,45,55,155,184,161,80,114,177,169,191,11,104,180,163,170,95,137,90,125,149,32,68,97,100,7,175,179,27,150,136,144,70,168,17,103,105,142,190,188,186,176,42,47,132,166,123,34];False
2391;8274;10665;[4,67,193,48,10,1,91,129,8,84,122,73,174,135,21,99,16,77,112,71,56,18,62,120,24,197,26,9,143,20,3,2,121,160,92,49,130,22,38,34,124,94,75,12,165,153,187,127,39,107,87,76,50,53,93,23,30,134,58,86,69,64,101,151,54,158,199,6,117,98,25,110,81,52,182,28,162,78,60,79,185,148,167,61,41,36,46,131,59,133,96,157,138,178,164,173,66,126,198,159,140,118,109,29,154,156,106,19,108,146,43,128,85,152,111,83,181,82,192,139,33,13,172,195,40,37,15,35,88,145,189,194,31,150,116,57,0,113,196,89,5,141,119,74,183,63,51,72,147,65,102,115,14,45,55,155,184,161,80,114,177,169,191,11,104,180,163,170,95,137,90,125,149,32,68,97,100,7,175,179,27,171,136,144,70,168,17,103,105,142,190,188,186,176,42,47,132,166,123,44];False
2379;8286;10665;[4,67,193,48,10,1,91,129,8,84,122,73,174,135,21,99,16,77,112,71,56,18,62,120,24,197,26,9,143,20,3,2,121,160,92,49,130,22,38,34,124,94,75,12,165,153,187,127,39,107,87,76,50,53,93,23,30,134,58,86,69,64,101,151,54,158,199,6,117,98,25,110,81,52,182,28,162,78,60,79,185,148,167,61,41,36,46,131,59,133,96,157,138,178,164,173,66,152,198,159,140,118,109,29,154,156,106,19,108,146,43,128,85,126,111,83,181,82,192,139,33,13,172,195,40,37,15,35,88,145,189,194,31,171,116,57,0,113,196,89,5,141,119,74,183,63,51,72,147,65,102,115,14,45,55,155,184,161,80,114,177,169,191,11,104,180,163,170,95,137,90,125,149,32,68,97,100,7,175,179,27,150,136,144,70,168,17,103,105,142,190,188,186,176,42,47,132,166,123,44];False
2401;8264;10665;[4,67,193,48,10,1,91,129,8,84,122,73,174,135,21,99,16,77,112,71,56,18,62,120,24,197,26,9,143,20,3,2,121,160,92,49,130,22,38,34,124,94,75,12,165,153,187,127,39,107,87,76,50,53,93,23,30,134,58,86,69,64,101,151,54,43,199,6,117,98,25,110,81,52,182,28,162,78,60,79,185,148,167,61,41,36,46,131,59,133,96,157,138,178,164,173,66,126,198,159,140,118,109,29,154,156,106,19,108,146,158,128,85,152,111,83,181,82,192,139,33,13,172,195,40,37,15,35,88,145,189,194,31,171,116,57,0,113,196,89,5,141,119,74,183,63,51,72,147,65,102,115,14,45,55,155,184,161,80,114,177,169,191,11,104,180,163,170,95,137,90,125,149,32,68,97,100,7,175,179,27,150,136,144,70,168,17,103,105,142,190,188,186,176,42,47,132,166,123,44];False
2345;8320;10665;[4,67,193,48,10,1,91,129,8,84,122,73,174,135,21,99,16,77,112,71,56,18,62,120,24,197,26,9,143,20,3,2,121,160,92,49,130,22,38,34,124,94,75,12,165,153,187,127,39,107,87,76,50,53,93,23,30,134,58,86,69,64,101,151,54,158,199,6,117,98,25,110,81,52,182,28,162,78,60,79,185,148,167,61,41,36,46,131,59,133,96,157,138,178,164,173,66,126,198,159,140,118,111,29,154,156,106,19,108,146,43,128,85,152,109,83,181,82,192,139,33,13,172,195,40,37,15,35,88,145,189,194,31,171,116,57,0,113,196,89,5,141,119,74,183,63,51,72,147,65,102,115,14,45,55,155,184,161,80,114,177,169,191,11,104,180,163,170,95,137,90,125,149,32,68,97,100,7,175,179,27,150,136,144,70,168,17,103,105,142,190,188,186,176,42,47,132,166,123,44];False
2413;8252;10665;[4,67,193,48,10,1,91,129,8,84,122,73,174,135,21,99,16,77,112,71,56,18,62,25,24,197,26,9,143,20,3,2,121,160,92,49,130,22,38,34,124,94,75,12,165,153,187,127,39,107,87,76,50,53,93,23,30,134,58,86,69,64,101,151,54,158,199,6,117,98,120,110,81,52,182,28,162,78,60,79,185,148,167,61,41,36,46,131,59,133,96,157,138,178,164,173,66,126,198,159,140,118,109,29,154,156,106,19,108,146,43,128,85,152,111,83,181,82,192,139,33,13,172,195,40,37,15,35,88,145,189,194,31,171,116,57,0,113,196,89,5,141,119,74,183,63,51,72,147,65,102,115,14,45,55,155,184,161,80,114,177,169,191,11,104,180,163,170,95,137,90,125,149,32,68,97,100,7,175,179,27,150,136,144,70,168,17,103,105,142,190,188,186,176,42,47,132,166,123,44];False
2412;8253;10665;[4,67,193,48,10,1,91,129,8,84,122,73,174,135,21,99,16,77,112,71,56,18,62,120,24,197,26,9,143,20,3,2,121,160,92,49,130,22,38,34,124,94,75,12,165,153,187,127,39,107,87,76,50,53,93,23,30,134,58,86,69,64,101,151,54,158,199,31,117,98,25,110,81,52,182,28,162,78,60,79,185,148,167,61,41,36,46,131,59,133,96,157,138,178,164,173,66,126,198,159,140,118,109,29,154,156,106,19,108,146,43,128,85,152,111,83,181,82,192,139,33,13,172,195,40,37,15,35,88,145,189,194,6,171,116,57,0,113,196,89,5,141,119,74,183,63,51,72,147,65,102,115,14,45,55,155,184,161,80,114,177,169,191,11,104,180,163,170,95,137,90,125,149,32,68,97,100,7,175,179,27,150,136,144,70,168,17,103,105,142,190,188,186,176,42,47,132,166,123,44];False
2406;8259;10665;[4,67,193,103,10,1,91,129,8,84,122,73,174,135,21,99,16,77,112,71,56,18,62,120,24,197,26,9,143,20,3,2,121,160,92,49,130,22,38,34,124,94,75,12,165,153,187,127,39,107,87,76,50,53,93,23,30,134,58,86,69,64,101,151,54,158,199,6,117,98,25,110,81,52,182,28,162,78,60,79,185,148,167,61,41,36,46,131,59,133,96,157,138,178,164,173,66,126,198,159,140,118,109,29,154,156,106,19,108,146,43,128,85,152,111,83,181,82,192,139,33,13,172,195,40,37,15,35,88,145,189,194,31,171,116,57,0,113,196,89,5,141,119,74,183,63,51,72,147,65,102,115,14,45,55,155,184,161,80,114,177,169,191,11,104,180,163,170,95,137,90,125,149,32,68,97,100,7,175,179,27,150,136,144,70,168,17,48,105,142,190,188,186,176,42,47,132,166,123,44];False
2362;8303;10665;[4,67,193,48,10,1,91,129,8,84,122,73,174,135,21,99,16,77,112,71,56,18,62,120,24,197,26,9,143,20,3,2,121,160,92,49,130,22,38,34,124,94,75,12,165,153,187,127,39,107,87,76,50,53,93,23,30,134,58,86,69,64,101,151,54,158,199,6,117,98,25,110,81,52,182,28,162,78,60,79,185,148,167,61,41,36,46,131,59,133,96,157,138,178,164,173,66,126,198,159,140,118,109,29,154,156,106,19,108,146,43,177,85,152,111,83,181,82,192,139,33,13,172,195,40,37,15,35,88,145,189,194,31,171,116,57,0,113,196,89,5,141,119,74,183,63,51,72,147,65,102,115,14,45,55,155,184,161,80,114,128,169,191,11,104,180,163,170,95,137,90,125,149,32,68,97,100,7,175,179,27,150,136,144,70,168,17,103,105,142,190,188,186,176,42,47,132,166,123,44];False
2391;8274;10665;[4,67,193,48,10,1,91,129,8,84,122,73,174,135,92,99,16,77,112,71,56,18,62,120,24,197,26,9,143,20,3,2,121,160,21,49,130,22,38,34,124,94,75,12,165,153,187,127,39,107,87,76,50,53,93,23,30,134,58,86,69,64,101,151,54,158,199,6,117,98,25,110,81,52,182,28,162,78,60,79,185,148,167,61,41,36,46,131,59,133,96,157,138,178,164,173,66,126,198,159,140,118,109,29,154,156,106,19,108,146,43,128,85,152,111,83,181,82,192,139,33,13,172,195,40,37,15,35,88,145,189,194,31,171,116,57,0,113,196,89,5,141,119,74,183,63,51,72,147,65,102,115,14,45,55,155,184,161,80,114,177,169,191,11,104,180,163,170,95,137,90,125,149,32,68,97,100,7,175,179,27,150,136,144,70,168,17,103,105,142,190,188,186,176,42,47,132,166,123,44];False
2353;8312;10665;[4,67,193,48,10,1,91,129,8,84,19,73,174,135,21,99,16,77,112,71,56,18,62,120,24,197,26,9,143,20,3,2,121,160,92,49,130,22,38,34,124,94,75,12,165,153,187,127,39,107,87,76,50,53,93,23,30,134,58,86,69,64,101,151,54,158,199,6,117,98,25,110,81,52,182,28,162,78,60,79,185,148,167,61,41,36,46,131,59,133,96,157,138,178,164,173,66,126,198,159,140,118,109,29,154,156,106,122,108,146,43,128,85,152,111,83,181,82,192,139,33,13,172,195,40,37,15,35,88,145,189,194,31,171,116,57,0,113,196,89,5,141,119,74,183,63,51,72,147,65,102,115,14,45,55,155,184,161,80,114,177,169,191,11,104,180,163,170,95,137,90,125,149,32,68,97,100,7,175,179,27,150,136,144,70,168,17,103,105,142,190,188,186,176,42,47,132,166,123,44];False
2384;8281;10665;[4,67,193,48,10,1,91,129,8,84,122,73,174,135,21,99,55,77,112,71,56,18,62,120,24,197,26,9,143,20,3,2,121,160,92,49,130,22,38,34,124,94,75,12,165,153,187,127,39,107,87,76,50,53,93,23,30,134,58,86,69,64,101,151,54,158,199,6,117,98,25,110,81,52,182,28,162,78,60,79,185,148,167,61,41,36,46,131,59,133,96,157,138,178,164,173,66,126,198,159,140,118,109,29,154,156,106,19,108,146,43,128,85,152,111,83,181,82,192,139,33,13,172,195,40,37,15,35,88,145,189,194,31,171,116,57,0,113,196,89,5,141,119,74,183,63,51,72,147,65,102,115,14,45,16,155,184,161,80,114,177,169,191,11,104,180,163,170,95,137,90,125,149,32,68,97,100,7,175,179,27,150,136,144,70,168,17,103,105,142,190,188,186,176,42,47,132,166,123,44];False
2374;8291;10665;[4,67,193,48,10,1,91,129,8,84,122,73,174,135,21,99,16,77,112,71,56,18,62,120,24,197,26,9,143,20,3,2,121,160,92,49,130,22,38,34,124,94,75,12,165,153,187,127,39,107,87,76,50,53,93,23,30,134,58,86,69,64,101,151,54,158,199,6,117,98,25,110,81,52,182,119,162,78,60,79,185,148,167,61,41,36,46,131,59,133,96,157,138,178,164,173,66,126,198,159,140,118,109,29,154,156,106,19,108,146,43,128,85,152,111,83,181,82,192,139,33,13,172,195,40,37,15,35,88,145,189,194,31,171,116,57,0,113,196,89,5,141,28,74,183,63,51,72,147,65,102,115,14,45,55,155,184,161,80,114,177,169,191,11,104,180,163,170,95,137,90,125,149,32,68,97,100,7,175,179,27,150,136,144,70,168,17,103,105,142,190,188,186,176,42,47,132,166,123,44];False
2372;8293;10665;[36,67,193,48,10,1,91,129,8,84,122,73,174,135,21,99,16,77,112,71,56,18,62,120,24,197,26,9,143,20,3,2,121,160,92,49,130,22,38,34,124,94,75,12,165,153,187,127,39,107,87,76,50,53,93,23,30,134,58,86,69,64,101,151,54,158,199,6,117,98,25,110,81,52,182,28,162,78,60,79,185,148,167,61,41,4,46,131,59,133,96,157,138,178,164,173,66,126,198,159,140,118,109,29,154,156,106,19,108,146,43,128,85,152,111,83,181,82,192,139,33,13,172,195,40,37,15,35,88,145,189,194,31,171,116,57,0,113,196,89,5,141,119,74,183,63,51,72,147,65,102,115,14,45,55,155,184,161,80,114,177,169,191,11,104,180,163,170,95,137,90,125,149,32,68,97,100,7,175,179,27,150,136,144,70,168,17,103,105,142,190,188,186,176,42,47,132,166,123,44];False
2375;8290;10665;[4,67,193,48,10,1,91,129,8,84,122,73,174,135,21,99,16,77,112,71,56,18,62,120,24,197,26,9,143,20,3,2,121,160,92,49,130,22,38,34,124,94,75,12,165,153,187,127,39,107,87,76,50,53,93,23,30,134,58,86,69,64,101,151,54,158,199,6,117,98,25,110,81,52,182,28,162,78,60,79,185,148,167,61,41,36,46,131,59,133,96,157,138,178,164,173,66,126,198,159,140,118,109,29,154,156,106,19,108,146,43,128,85,152,111,83,181,82,192,139,33,13,172,195,40,37,15,35,88,145,189,194,31,171,116,57,0,113,196,70,5,141,119,74,183,63,51,72,147,65,102,115,14,45,55,155,184,161,80,114,177,169,191,11,104,180,163,170,95,137,90,125,149,32,68,97,100,7,175,179,27,150,136,144,89,168,17,103,105,142,190,188,186,176,42,47,132,166,123,44];False
2374;8291;10665;[4,67,193,48,10,1,91,129,8,84,122,73,174,113,21,99,16,77,112,71,56,18,62,120,24,197,26,9,143,20,3,2,121,160,92,49,130,22,38,34,124,94,75,12,165,153,187,127,39,107,87,76,50,53,93,23,30,134,58,86,69,64,101,151,54,158,199,6,117,98,25,110,81,52,182,28,162,78,60,79,185,148,167,61,41,36,46,131,59,133,96,157,138,178,164,173,66,126,198,159,140,118,109,29,154,156,106,19,108,146,43,128,85,152,111,83,181,82,192,139,33,13,172,195,40,37,15,35,88,145,189,194,31,171,116,57,0,135,196,89,5,141,119,74,183,63,51,72,147,65,102,115,14,45,55,155,184,161,80,114,177,169,191,11,104,180,163,170,95,137,90,125,149,32,68,97,100,7,175,179,27,150,136,144,70,168,17,103,105,142,190,188,186,176,42,47,132,166,123,44];False
2410;8255;10665;[4,67,193,48,10,1,91,129,8,84,122,73,174,135,21,99,16,77,112,71,56,18,62,120,24,197,26,9,143,20,3,2,121,160,92,49,130,22,38,34,124,94,75,12,165,153,187,127,39,107,87,76,50,53,93,23,30,134,58,86,69,64,101,151,54,158,199,6,117,98,25,110,81,52,182,28,162,78,60,79,185,148,167,61,41,36,46,131,59,133,96,157,138,178,164,173,66,126,198,159,140,118,109,29,154,156,106,19,108,146,43,128,85,152,111,83,181,82,192,139,33,13,172,195,40,37,15,35,88,145,189,194,31,171,116,57,0,113,196,89,5,141,119,74,183,63,51,72,147,65,102,115,14,45,55,155,184,161,11,114,177,169,191,80,104,180,163,170,95,137,90,125,149,32,68,97,100,7,175,179,27,150,136,144,70,168,17,103,105,142,190,188,186,176,42,47,132,166,123,44];False
2384;8280;10664;[4,67,193,48,10,1,91,129,8,84,122,73,174,135,21,99,16,77,112,71,56,18,62,120,24,197,26,9,143,20,3,2,121,160,92,49,130,22,38,34,124,94,75,12,165,79,187,127,39,107,87,76,50,53,93,23,30,134,58,86,69,64,101,151,54,158,199,6,117,98,25,110,81,52,182,28,162,78,60,153,185,148,167,61,41,36,46,131,59,133,96,157,138,178,164,173,66,126,198,159,140,118,109,29,154,156,106,19,108,146,43,128,85,152,111,83,181,82,192,139,33,13,172,195,40,37,15,35,88,145,189,194,31,171,116,57,0,113,196,89,5,141,119,74,183,63,51,72,147,65,102,115,14,45,55,155,184,161,80,114,177,169,191,11,104,180,163,170,95,137,90,125,149,32,68,97,100,7,175,179,27,150,136,144,70,168,17,103,105,142,190,188,186,176,42,47,132,166,123,44];False
2421;8243;10664;[4,67,193,48,10,1,91,129,8,84,122,73,174,135,21,99,16,77,112,71,56,18,62,120,24,197,26,9,143,20,3,2,121,160,92,49,130,22,38,34,124,94,75,12,165,153,187,127,39,107,87,76,50,53,93,23,30,134,58,86,69,64,101,151,54,158,199,6,117,98,25,110,81,52,182,28,162,78,60,79,185,148,167,61,41,36,46,131,59,133,96,157,138,178,164,173,66,126,198,159,140,118,109,29,154,156,106,19,108,146,43,128,85,152,111,83,181,82,192,139,33,13,172,195,40,37,15,35,88,145,189,194,31,196,116,57,0,113,171,89,5,141,119,74,183,63,51,72,147,65,102,115,14,45,55,155,184,161,80,114,177,169,191,11,104,180,163,170,95,137,90,125,149,32,68,97,100,7,175,179,27,150,136,144,70,168,17,103,105,142,190,188,186,176,42,47,132,166,123,44];False
2405;8259;10664;[4,67,193,48,29,1,91,129,8,84,122,73,174,135,21,99,16,77,112,71,56,18,62,120,24,197,26,9,143,20,3,2,121,160,92,49,130,22,38,34,124,94,75,12,165,153,187,127,39,107,87,76,50,53,93,23,30,134,58,86,69,64,101,151,54,158,199,6,117,98,25,110,81,52,182,28,162,78,60,79,185,148,167,61,41,36,46,131,59,133,96,157,138,178,164,173,66,126,198,159,140,118,109,10,154,156,106,19,108,146,43,128,85,152,111,83,181,82,192,139,33,13,172,195,40,37,15,35,88,145,189,194,31,171,116,57,0,113,196,89,5,141,119,74,183,63,51,72,147,65,102,115,14,45,55,155,184,161,80,114,177,169,191,11,104,180,163,170,95,137,90,125,149,32,68,97,100,7,175,179,27,150,136,144,70,168,17,103,105,142,190,188,186,176,42,47,132,166,123,44];False
2374;8290;10664;[4,67,193,48,10,1,91,129,8,84,122,14,174,135,21,99,16,77,112,71,56,18,62,120,24,197,26,9,143,20,3,2,121,160,92,49,130,22,38,34,124,94,75,12,165,153,187,127,39,107,87,76,50,53,93,23,30,134,58,86,69,64,101,151,54,158,199,6,117,98,25,110,81,52,182,28,162,78,60,79,185,148,167,61,41,36,46,131,59,133,96,157,138,178,164,173,66,126,198,159,140,118,109,29,154,156,106,19,108,146,43,128,85,152,111,83,181,82,192,139,33,13,172,195,40,37,15,35,88,145,189,194,31,171,116,57,0,113,196,89,5,141,119,74,183,63,51,72,147,65,102,115,73,45,55,155,184,161,80,114,177,169,191,11,104,180,163,170,95,137,90,125,149,32,68,97,100,7,175,179,27,150,136,144,70,168,17,103,105,142,190,188,186,176,42,47,132,166,123,44];False
2387;8277;10664;[4,67,193,48,10,1,91,129,8,84,122,73,174,135,21,99,16,77,112,71,56,18,62,120,24,197,26,19,143,20,3,2,121,160,92,49,130,22,38,34,124,94,75,12,165,153,187,127,39,107,87,76,50,53,93,23,30,134,58,86,69,64,101,151,54,158,199,6,117,98,25,110,81,52,182,28,162,78,60,79,185,148,167,61,41,36,46,131,59,133,96,157,138,178,164,173,66,126,198,159,140,118,109,29,154,156,106,9,108,146,43,128,85,152,111,83,181,82,192,139,33,13,172,195,40,37,15,35,88,145,189,194,31,171,116,57,0,113,196,89,5,141,119,74,183,63,51,72,147,65,102,115,14,45,55,155,184,161,80,114,177,169,191,11,104,180,163,170,95,137,90,125,149,32,68,97,100,7,175,179,27,150,136,144,70,168,17,103,105,142,190,188,186,176,42,47,132,166,123,44];False
2358;8306;10664;[4,67,193,48,10,1,91,129,8,84,122,73,174,135,21,99,16,77,112,71,56,18,62,120,24,197,26,9,143,20,3,2,121,160,92,0,130,22,38,34,124,94,75,12,165,153,187,127,39,107,87,76,50,53,93,23,30,134,58,86,69,64,101,151,54,158,199,6,117,98,25,110,81,52,182,28,162,78,60,79,185,148,167,61,41,36,46,131,59,133,96,157,138,178,164,173,66,126,198,159,140,118,109,29,154,156,106,19,108,146,43,128,85,152,111,83,181,82,192,139,33,13,172,195,40,37,15,35,88,145,189,194,31,171,116,57,49,113,196,89,5,141,119,74,183,63,51,72,147,65,102,115,14,45,55,155,184,161,80,114,177,169,191,11,104,180,163,170,95,137,90,125,149,32,68,97,100,7,175,179,27,150,136,144,70,168,17,103,105,142,190,188,186,176,42,47,132,166,123,44];False
2413;8251;10664;[4,67,193,48,10,1,91,129,8,84,122,73,174,135,21,99,16,77,112,71,56,18,62,120,24,197,26,9,143,20,3,2,121,160,92,49,130,22,38,34,124,94,75,12,165,153,187,127,39,107,87,76,50,53,93,23,30,134,58,86,83,64,101,151,54,158,199,6,117,98,25,110,81,52,182,28,162,78,60,79,185,148,167,61,41,36,46,131,59,133,96,157,138,178,164,173,66,126,198,159,140,118,109,29,154,156,106,19,108,146,43,128,85,152,111,69,181,82,192,139,33,13,172,195,40,37,15,35,88,145,189,194,31,171,116,57,0,113,196,89,5,141,119,74,183,63,51,72,147,65,102,115,14,45,55,155,184,161,80,114,177,169,191,11,104,180,163,170,95,137,90,125,149,32,68,97,100,7,175,179,27,150,136,144,70,168,17,103,105,142,190,188,186,176,42,47,132,166,123,44];False
2399;8265;10664;[4,67,193,48,10,1,91,129,8,84,122,73,174,135,21,99,16,77,112,71,56,18,62,120,24,197,26,9,143,20,3,2,121,160,92,49,130,22,38,34,124,94,75,12,165,153,187,127,39,107,87,76,50,53,93,23,30,134,58,86,69,64,101,151,54,158,199,6,117,98,25,110,81,52,182,28,162,78,60,79,185,148,167,61,41,36,46,131,59,133,96,157,138,178,164,173,66,126,198,159,140,118,109,29,154,156,106,19,108,146,43,128,85,152,111,83,181,82,192,155,33,13,172,195,40,37,15,35,88,145,189,194,31,171,116,57,0,113,196,89,5,141,119,74,183,63,51,72,147,65,102,115,14,45,55,139,184,161,80,114,177,169,191,11,104,180,163,170,95,137,90,125,149,32,68,97,100,7,175,179,27,150,136,144,70,168,17,103,105,142,190,188,186,176,42,47,132,166,123,44];False
2390;8274;10664;[4,67,193,48,10,1,91,129,8,84,122,73,174,135,21,99,16,77,112,71,56,18,62,120,24,197,26,9,143,20,3,2,121,160,92,49,130,22,38,34,124,94,75,12,165,153,187,127,39,107,87,76,50,53,93,23,30,134,58,86,69,64,101,151,54,158,199,6,117,98,25,110,81,52,182,28,162,78,60,79,185,148,167,61,41,36,46,131,59,133,96,157,138,178,164,173,66,126,198,159,140,118,109,29,154,156,106,19,108,146,43,128,85,152,111,83,181,82,192,139,33,13,172,195,40,37,15,35,88,145,189,194,31,171,116,57,0,113,196,89,5,141,119,74,183,63,51,72,147,170,102,115,14,45,55,155,184,161,80,114,177,169,191,11,104,180,163,65,95,137,90,125,149,32,68,97,100,7,175,179,27,150,136,144,70,168,17,103,105,142,190,188,186,176,42,47,132,166,123,44];False
2403;8261;10664;[4,67,193,48,10,1,91,129,8,84,122,73,174,135,21,99,16,77,112,71,56,18,62,120,24,197,26,9,143,20,3,2,121,160,92,49,130,133,38,34,124,94,75,12,165,153,187,127,39,107,87,76,50,53,93,23,30,134,58,86,69,64,101,151,54,158,199,6,117,98,25,110,81,52,182,28,162,78,60,79,185,148,167,61,41,36,46,131,59,22,96,157,138,178,164,173,66,126,198,159,140,118,109,29,154,156,106,19,108,146,43,128,85,152,111,83,181,82,192,139,33,13,172,195,40,37,15,35,88,145,189,194,31,171,116,57,0,113,196,89,5,141,119,74,183,63,51,72,147,65,102,115,14,45,55,155,184,161,80,114,177,169,191,11,104,180,163,170,95,137,90,125,149,32,68,97,100,7,175,179,27,150,136,144,70,168,17,103,105,142,190,188,186,176,42,47,132,166,123,44];False
2351;8313;10664;[4,67,193,48,10,1,91,129,8,84,122,73,174,135,21,99,107,77,112,71,56,18,62,120,24,197,26,9,143,20,3,2,121,160,92,49,130,22,38,34,124,94,75,12,165,153,187,127,39,16,87,76,50,53,93,23,30,134,58,86,69,64,101,151,54,158,199,6,117,98,25,110,81,52,182,28,162,78,60,79,185,148,167,61,41,36,46,131,59,133,96,157,138,178,164,173,66,126,198,159,140,118,109,29,154,156,106,19,108,146,43,128,85,152,111,83,181,82,192,139,33,13,172,195,40,37,15,35,88,145,189,194,31,171,116,57,0,113,196,89,5,141,119,74,183,63,51,72,147,65,102,115,14,45,55,155,184,161,80,114,177,169,191,11,104,180,163,170,95,137,90,125,149,32,68,97,100,7,175,179,27,150,136,144,70,168,17,103,105,142,190,188,186,176,42,47,132,166,123,44];False
2393;8271;10664;[4,67,193,48,10,1,91,129,8,84,122,73,174,135,21,99,16,77,112,71,56,18,62,120,24,197,26,9,143,20,3,2,121,160,92,49,130,22,38,34,124,94,75,12,165,153,187,127,39,107,87,76,50,53,93,23,30,134,58,86,69,64,101,151,54,158,199,6,117,98,25,110,81,52,182,28,162,78,60,79,185,148,167,61,41,36,46,131,59,133,96,157,138,178,164,173,66,126,198,159,140,118,109,29,154,156,106,19,108,146,43,128,85,152,111,83,181,82,192,139,33,13,172,195,40,37,15,35,88,145,189,194,31,171,116,57,0,113,196,89,5,141,119,74,183,63,51,72,147,65,102,115,14,45,55,155,176,161,80,114,177,169,191,11,104,180,163,170,95,137,90,125,149,32,68,97,100,7,175,179,27,150,136,144,70,168,17,103,105,142,190,188,186,184,42,47,132,166,123,44];False
2346;8318;10664;[4,67,193,48,10,1,91,129,8,84,122,73,174,135,21,99,16,77,112,71,56,18,62,120,24,197,26,9,143,20,3,2,121,160,92,49,130,22,38,34,124,94,75,12,165,153,187,127,39,107,87,76,50,53,93,23,30,134,58,86,69,64,101,151,54,158,199,6,117,98,25,110,81,52,182,28,162,78,60,79,185,148,167,61,41,36,46,131,59,133,96,157,138,178,164,173,66,126,198,159,140,118,109,29,154,156,106,19,108,146,43,128,85,152,111,83,181,82,192,139,33,13,172,195,40,37,15,35,88,145,189,194,31,171,116,57,0,113,196,89,5,141,180,74,183,63,51,72,147,65,102,115,14,45,55,155,184,161,80,114,177,169,191,11,104,119,163,170,95,137,90,125,149,32,68,97,100,7,175,179,27,150,136,144,70,168,17,103,105,142,190,188,186,176,42,47,132,166,123,44];False
2416;8248;10664;[4,67,193,48,10,1,91,129,8,84,122,73,174,135,21,99,16,77,112,71,56,18,62,120,24,197,26,9,143,20,3,2,121,160,92,49,130,22,38,34,124,94,75,12,165,153,187,127,39,107,87,76,50,53,93,23,30,134,58,86,69,64,101,151,54,158,199,6,117,98,25,110,81,52,182,28,162,78,60,79,185,148,167,61,41,36,46,131,59,133,96,157,138,178,164,173,66,126,198,159,140,118,109,29,154,156,106,19,108,146,43,128,85,152,111,83,181,82,192,139,33,13,172,195,119,37,15,35,88,145,189,194,31,171,116,57,0,113,196,89,5,141,40,74,183,63,51,72,147,65,102,115,14,45,55,155,184,161,80,114,177,169,191,11,104,180,163,170,95,137,90,125,149,32,68,97,100,7,175,179,27,150,136,144,70,168,17,103,105,142,190,188,186,176,42,47,132,166,123,44];False
2376;8288;10664;[4,67,193,48,10,1,91,129,8,84,122,73,174,135,21,99,16,77,112,71,56,18,62,161,24,197,26,9,143,20,3,2,121,160,92,49,130,22,38,34,124,94,75,12,165,153,187,127,39,107,87,76,50,53,93,23,30,134,58,86,69,64,101,151,54,158,199,6,117,98,25,110,81,52,182,28,162,78,60,79,185,148,167,61,41,36,46,131,59,133,96,157,138,178,164,173,66,126,198,159,140,118,109,29,154,156,106,19,108,146,43,128,85,152,111,83,181,82,192,139,33,13,172,195,40,37,15,35,88,145,189,194,31,171,116,57,0,113,196,89,5,141,119,74,183,63,51,72,147,65,102,115,14,45,55,155,184,120,80,114,177,169,191,11,104,180,163,170,95,137,90,125,149,32,68,97,100,7,175,179,27,150,136,144,70,168,17,103,105,142,190,188,186,176,42,47,132,166,123,44];False
2390;8274;10664;[4,67,193,48,10,1,91,129,8,84,122,73,174,135,21,99,16,77,112,71,56,18,62,120,24,197,26,9,143,20,3,2,121,160,92,49,130,22,38,34,124,94,75,12,165,153,187,127,39,107,87,76,50,53,93,23,30,134,58,86,69,64,101,151,54,158,199,6,117,98,25,110,81,52,182,28,162,78,60,79,185,148,167,61,41,36,46,131,59,133,96,157,138,178,164,173,66,126,198,159,140,118,109,29,154,156,106,19,108,146,43,128,85,152,111,83,181,82,192,139,33,13,172,195,40,37,15,35,88,145,189,194,31,171,116,57,0,113,196,89,5,141,119,74,183,63,51,72,147,65,102,115,14,155,55,45,184,161,80,114,177,169,191,11,104,180,163,170,95,137,90,125,149,32,68,97,100,7,175,179,27,150,136,144,70,168,17,103,105,142,190,188,186,176,42,47,132,166,123,44];False
2393;8270;10663;[4,67,193,48,10,1,91,129,8,84,122,73,174,135,21,99,16,77,112,71,56,18,62,120,24,197,26,55,143,20,3,2,121,160,92,49,130,22,38,34,124,94,75,12,165,153,187,127,39,107,87,76,50,53,93,23,30,134,58,86,69,64,101,151,54,158,199,6,117,98,25,110,81,52,182,28,162,78,60,79,185,148,167,61,41,36,46,131,59,133,96,157,138,178,164,173,66,126,198,159,140,118,109,29,154,156,106,19,108,146,43,128,85,152,111,83,181,82,192,139,33,13,172,195,40,37,15,35,88,145,189,194,31,171,116,57,0,113,196,89,5,141,119,74,183,63,51,72,147,65,102,115,14,45,9,155,184,161,80,114,177,169,191,11,104,180,163,170,95,137,90,125,149,32,68,97,100,7,175,179,27,150,136,144,70,168,17,103,105,142,190,188,186,176,42,47,132,166,123,44];False
2367;8296;10663;[4,67,193,48,10,1,91,129,8,84,122,73,174,135,21,99,16,77,112,71,56,18,62,120,24,197,26,9,143,20,3,2,121,160,92,49,130,22,38,34,124,94,75,12,165,153,187,127,104,107,87,76,50,53,93,23,30,134,58,86,69,64,101,151,54,158,199,6,117,98,25,110,81,52,182,28,162,78,60,79,185,148,167,61,41,36,46,131,59,133,96,157,138,178,164,173,66,126,198,159,140,118,109,29,154,156,106,19,108,146,43,128,85,152,111,83,181,82,192,139,33,13,172,195,40,37,15,35,88,145,189,194,31,171,116,57,0,113,196,89,5,141,119,74,183,63,51,72,147,65,102,115,14,45,55,155,184,161,80,114,177,169,191,11,39,180,163,170,95,137,90,125,149,32,68,97,100,7,175,179,27,150,136,144,70,168,17,103,105,142,190,188,186,176,42,47,132,166,123,44];False
2396;8267;10663;[4,67,193,48,10,1,91,129,8,84,122,73,174,135,21,99,16,77,112,71,56,18,62,120,24,197,26,9,143,20,3,2,121,160,92,49,130,22,38,34,124,136,75,12,165,153,187,127,39,107,87,76,50,53,93,23,30,134,58,86,69,64,101,151,54,158,199,6,117,98,25,110,81,52,182,28,162,78,60,79,185,148,167,61,41,36,46,131,59,133,96,157,138,178,164,173,66,126,198,159,140,118,109,29,154,156,106,19,108,146,43,128,85,152,111,83,181,82,192,139,33,13,172,195,40,37,15,35,88,145,189,194,31,171,116,57,0,113,196,89,5,141,119,74,183,63,51,72,147,65,102,115,14,45,55,155,184,161,80,114,177,169,191,11,104,180,163,170,95,137,90,125,149,32,68,97,100,7,175,179,27,150,94,144,70,168,17,103,105,142,190,188,186,176,42,47,132,166,123,44];False
2379;8284;10663;[4,67,193,48,10,1,91,129,8,84,122,73,174,135,21,99,16,77,112,71,56,18,62,120,24,197,26,9,143,20,3,2,121,160,92,49,130,22,38,34,124,94,75,12,165,153,187,127,39,107,87,76,50,53,93,23,30,134,58,86,69,64,101,151,54,158,199,6,117,98,25,110,81,52,182,28,162,78,60,79,185,148,167,113,41,36,46,131,59,133,96,157,138,178,164,173,66,126,198,159,140,118,109,29,154,156,106,19,108,146,43,128,85,152,111,83,181,82,192,139,33,13,172,195,40,37,15,35,88,145,189,194,31,171,116,57,0,61,196,89,5,141,119,74,183,63,51,72,147,65,102,115,14,45,55,155,184,161,80,114,177,169,191,11,104,180,163,170,95,137,90,125,149,32,68,97,100,7,175,179,27,150,136,144,70,168,17,103,105,142,190,188,186,176,42,47,132,166,123,44];False
2364;8299;10663;[4,67,193,48,10,1,91,129,8,84,122,73,174,135,21,99,16,77,112,71,56,18,62,120,24,197,26,9,143,20,3,2,121,160,92,49,130,22,38,34,124,94,75,12,165,153,187,127,142,107,87,76,50,53,93,23,30,134,58,86,69,64,101,151,54,158,199,6,117,98,25,110,81,52,182,28,162,78,60,79,185,148,167,61,41,36,46,131,59,133,96,157,138,178,164,173,66,126,198,159,140,118,109,29,154,156,106,19,108,146,43,128,85,152,111,83,181,82,192,139,33,13,172,195,40,37,15,35,88,145,189,194,31,171,116,57,0,113,196,89,5,141,119,74,183,63,51,72,147,65,102,115,14,45,55,155,184,161,80,114,177,169,191,11,104,180,163,170,95,137,90,125,149,32,68,97,100,7,175,179,27,150,136,144,70,168,17,103,105,39,190,188,186,176,42,47,132,166,123,44];False
2303;8360;10663;[4,67,193,48,10,1,91,129,8,84,122,73,174,135,21,99,16,77,112,71,56,18,62,120,24,197,26,9,143,20,3,2,121,160,92,49,130,22,38,34,124,94,75,12,165,153,187,127,39,107,87,76,50,53,93,23,30,134,58,86,69,64,101,151,54,158,199,6,117,98,25,110,81,52,182,28,162,78,60,79,185,148,167,61,41,36,46,131,59,133,96,157,138,178,164,173,66,179,198,159,140,118,109,29,154,156,106,19,108,146,43,128,85,152,111,83,181,82,192,139,33,13,172,195,40,37,15,35,88,145,189,194,31,171,116,57,0,113,196,89,5,141,119,74,183,63,51,72,147,65,102,115,14,45,55,155,184,161,80,114,177,169,191,11,104,180,163,170,95,137,90,125,149,32,68,97,100,7,175,126,27,150,136,144,70,168,17,103,105,142,190,188,186,176,42,47,132,166,123,44];False
2380;8283;10663;[4,67,193,48,10,1,91,129,8,84,122,73,174,135,21,99,16,77,112,71,56,18,62,120,24,197,26,9,143,20,3,2,121,160,92,49,130,22,38,34,124,94,75,12,165,153,187,127,39,107,87,76,50,53,93,23,30,134,58,86,69,64,101,151,54,158,199,6,117,98,45,110,81,52,182,28,162,78,60,79,185,148,167,61,41,36,46,131,59,133,96,157,138,178,164,173,66,126,198,159,140,118,109,29,154,156,106,19,108,146,43,128,85,152,111,83,181,82,192,139,33,13,172,195,40,37,15,35,88,145,189,194,31,171,116,57,0,113,196,89,5,141,119,74,183,63,51,72,147,65,102,115,14,25,55,155,184,161,80,114,177,169,191,11,104,180,163,170,95,137,90,125,149,32,68,97,100,7,175,179,27,150,136,144,70,168,17,103,105,142,190,188,186,176,42,47,132,166,123,44];False
2396;8267;10663;[4,67,193,48,10,1,91,129,8,84,122,73,174,135,21,99,16,77,112,71,56,18,62,120,24,197,26,9,143,20,3,2,121,160,92,49,130,22,38,34,124,94,75,12,165,153,187,127,39,107,87,76,50,53,93,23,30,134,58,86,69,64,101,151,54,158,199,6,117,98,25,110,81,52,182,28,162,78,60,79,185,148,167,61,41,36,46,131,59,133,96,157,138,178,164,173,66,126,198,159,140,118,109,29,154,156,106,19,108,146,43,128,85,152,111,83,181,82,192,139,33,13,172,195,40,37,15,35,88,145,189,194,31,171,116,57,0,113,169,89,5,141,119,74,183,63,51,72,147,65,102,115,14,45,55,155,184,161,80,114,177,196,191,11,104,180,163,170,95,137,90,125,149,32,68,97,100,7,175,179,27,150,136,144,70,168,17,103,105,142,190,188,186,176,42,47,132,166,123,44];False
2407;8256;10663;[4,67,193,48,10,1,91,129,8,84,122,73,174,145,21,99,16,77,112,71,56,18,62,120,24,197,26,9,143,20,3,2,121,160,92,49,130,22,38,34,124,94,75,12,165,153,187,127,39,107,87,76,50,53,93,23,30,134,58,86,69,64,101,151,54,158,199,6,117,98,25,110,81,52,182,28,162,78,60,79,185,148,167,61,41,36,46,131,59,133,96,157,138,178,164,173,66,126,198,159,140,118,109,29,154,156,106,19,108,146,43,128,85,152,111,83,181,82,192,139,33,13,172,195,40,37,15,35,88,135,189,194,31,171,116,57,0,113,196,89,5,141,119,74,183,63,51,72,147,65,102,115,14,45,55,155,184,161,80,114,177,169,191,11,104,180,163,170,95,137,90,125,149,32,68,97,100,7,175,179,27,150,136,144,70,168,17,103,105,142,190,188,186,176,42,47,132,166,123,44];False
2388;8275;10663;[4,67,193,48,10,1,91,129,8,84,122,73,174,135,21,99,16,77,112,71,56,18,62,120,24,197,26,9,143,20,3,2,121,160,92,49,130,22,38,34,124,94,75,12,165,153,187,127,39,107,87,76,50,53,93,23,30,134,58,86,69,64,101,151,54,158,199,74,117,98,25,110,81,52,182,28,162,78,60,79,185,148,167,61,41,36,46,131,59,133,96,157,138,178,164,173,66,126,198,159,140,118,109,29,154,156,106,19,108,146,43,128,85,152,111,83,181,82,192,139,33,13,172,195,40,37,15,35,88,145,189,194,31,171,116,57,0,113,196,89,5,141,119,6,183,63,51,72,147,65,102,115,14,45,55,155,184,161,80,114,177,169,191,11,104,180,163,170,95,137,90,125,149,32,68,97,100,7,175,179,27,150,136,144,70,168,17,103,105,142,190,188,186,176,42,47,132,166,123,44];False
2392;8271;10663;[4,67,193,48,10,1,91,129,8,84,122,73,174,135,21,99,16,77,112,71,56,18,62,120,24,197,26,9,143,20,3,2,121,160,92,49,130,22,38,34,124,94,75,12,165,153,187,127,39,107,87,76,50,53,93,23,30,134,58,86,69,64,101,151,54,158,199,6,117,98,25,110,81,52,182,28,162,78,60,79,185,148,167,61,41,36,46,131,59,133,96,157,138,178,164,173,66,126,198,159,140,118,109,29,154,156,106,19,108,146,43,128,85,152,111,83,181,82,192,139,33,13,172,195,40,37,15,35,88,145,189,194,31,171,116,57,0,113,196,89,5,141,119,74,183,63,51,104,147,65,102,115,14,45,55,155,184,161,80,114,177,169,191,11,72,180,163,170,95,137,90,125,149,32,68,97,100,7,175,179,27,150,136,144,70,168,17,103,105,142,190,188,186,176,42,47,132,166,123,44];False
2347;8316;10663;[4,67,193,48,10,1,91,129,8,84,122,73,174,135,21,99,7,77,112,71,56,18,62,120,24,197,26,9,143,20,3,2,121,160,92,49,130,22,38,34,124,94,75,12,165,153,187,127,39,107,87,76,50,53,93,23,30,134,58,86,69,64,101,151,54,158,199,6,117,98,25,110,81,52,182,28,162,78,60,79,185,148,167,61,41,36,46,131,59,133,96,157,138,178,164,173,66,126,198,159,140,118,109,29,154,156,106,19,108,146,43,128,85,152,111,83,181,82,192,139,33,13,172,195,40,37,15,35,88,145,189,194,31,171,116,57,0,113,196,89,5,141,119,74,183,63,51,72,147,65,102,115,14,45,55,155,184,161,80,114,177,169,191,11,104,180,163,170,95,137,90,125,149,32,68,97,100,16,175,179,27,150,136,144,70,168,17,103,105,142,190,188,186,176,42,47,132,166,123,44];False
2364;8299;10663;[4,67,193,48,10,1,91,129,8,84,122,73,174,135,21,99,16,77,112,71,56,18,62,120,24,197,26,9,143,20,3,2,121,160,92,38,130,22,49,34,124,94,75,12,165,153,187,127,39,107,87,76,50,53,93,23,30,134,58,86,69,64,101,151,54,158,199,6,117,98,25,110,81,52,182,28,162,78,60,79,185,148,167,61,41,36,46,131,59,133,96,157,138,178,164,173,66,126,198,159,140,118,109,29,154,156,106,19,108,146,43,128,85,152,111,83,181,82,192,139,33,13,172,195,40,37,15,35,88,145,189,194,31,171,116,57,0,113,196,89,5,141,119,74,183,63,51,72,147,65,102,115,14,45,55,155,184,161,80,114,177,169,191,11,104,180,163,170,95,137,90,125,149,32,68,97,100,7,175,179,27,150,136,144,70,168,17,103,105,142,190,188,186,176,42,47,132,166,123,44];False
2404;8259;10663;[4,67,193,48,10,1,91,129,8,84,122,73,174,135,21,99,16,77,112,71,56,18,62,120,24,197,26,9,143,20,3,2,121,160,92,49,130,22,38,34,124,94,75,12,165,153,187,127,39,107,87,76,50,53,93,23,30,134,58,86,69,64,101,151,54,158,199,6,117,98,25,110,81,52,182,28,162,78,60,79,185,148,167,61,41,36,46,131,59,133,96,157,138,178,164,173,66,126,198,159,140,118,109,29,154,156,106,19,108,146,43,128,85,152,111,83,181,82,191,139,33,13,172,195,40,37,15,35,88,145,189,194,31,171,116,57,0,113,196,89,5,141,119,74,183,63,51,72,147,65,102,115,14,45,55,155,184,161,80,114,177,169,192,11,104,180,163,170,95,137,90,125,149,32,68,97,100,7,175,179,27,150,136,144,70,168,17,103,105,142,190,188,186,176,42,47,132,166,123,44];False
2368;8295;10663;[4,67,193,48,10,1,91,129,8,84,122,73,174,135,21,99,16,77,112,71,56,18,62,120,24,197,26,9,143,20,3,2,121,160,92,49,130,22,38,34,124,94,75,12,165,153,187,127,39,107,87,76,50,53,93,23,30,134,58,86,69,64,101,151,54,158,199,6,117,98,25,110,81,52,182,28,162,78,60,79,185,148,167,61,41,36,46,131,59,133,96,157,138,178,164,173,66,126,198,159,140,118,19,29,154,156,106,109,108,146,43,128,85,152,111,83,181,82,192,139,33,13,172,195,40,37,15,35,88,145,189,194,31,171,116,57,0,113,196,89,5,141,119,74,183,63,51,72,147,65,102,115,14,45,55,155,184,161,80,114,177,169,191,11,104,180,163,170,95,137,90,125,149,32,68,97,100,7,175,179,27,150,136,144,70,168,17,103,105,142,190,188,186,176,42,47,132,166,123,44];False
2351;8312;10663;[4,67,193,48,10,1,91,129,8,84,122,73,174,135,21,99,16,77,112,71,56,18,62,120,24,197,26,9,143,20,3,2,121,160,92,49,130,22,38,34,124,94,75,12,165,153,187,127,39,107,87,76,50,53,93,23,30,134,58,86,69,64,101,151,54,158,199,6,117,98,25,110,81,52,182,28,162,78,60,79,185,148,167,61,41,36,46,131,59,133,96,157,138,178,164,173,66,126,198,159,140,118,109,29,154,156,106,19,108,146,43,128,85,152,111,83,181,82,192,139,33,13,172,195,40,37,15,35,88,145,189,194,31,171,116,57,0,113,196,89,5,141,119,74,183,63,51,72,147,65,102,115,14,45,55,155,184,161,80,114,177,169,191,11,104,180,163,170,44,137,90,125,149,32,68,97,100,7,175,179,27,150,136,144,70,168,17,103,105,142,190,188,186,176,42,47,132,166,123,95];False
2402;8261;10663;[4,67,193,48,10,1,91,129,8,84,122,73,174,135,21,99,138,77,112,71,56,18,62,120,24,197,26,9,143,20,3,2,121,160,92,49,130,22,38,34,124,94,75,12,165,153,187,127,39,107,87,76,50,53,93,23,30,134,58,86,69,64,101,151,54,158,199,6,117,98,25,110,81,52,182,28,162,78,60,79,185,148,167,61,41,36,46,131,59,133,96,157,16,178,164,173,66,126,198,159,140,118,109,29,154,156,106,19,108,146,43,128,85,152,111,83,181,82,192,139,33,13,172,195,40,37,15,35,88,145,189,194,31,171,116,57,0,113,196,89,5,141,119,74,183,63,51,72,147,65,102,115,14,45,55,155,184,161,80,114,177,169,191,11,104,180,163,170,95,137,90,125,149,32,68,97,100,7,175,179,27,150,136,144,70,168,17,103,105,142,190,188,186,176,42,47,132,166,123,44];False
2391;8272;10663;[4,67,193,48,10,1,91,129,8,84,122,73,174,135,21,99,16,77,112,71,56,18,62,120,24,197,26,9,143,20,3,2,121,160,92,49,130,22,38,34,124,94,75,12,165,153,187,127,39,107,87,76,50,53,93,23,30,134,58,86,69,64,101,151,54,158,199,6,117,98,25,110,81,52,182,28,162,78,60,79,185,148,167,61,41,36,46,131,59,133,96,157,138,178,164,173,66,126,198,159,140,118,109,29,154,156,106,19,108,146,43,128,85,152,111,83,181,82,192,139,180,13,172,195,40,37,15,35,88,145,189,194,31,171,116,57,0,113,196,89,5,141,119,74,183,63,51,72,147,65,102,115,14,45,55,155,184,161,80,114,177,169,191,11,104,33,163,170,95,137,90,125,149,32,68,97,100,7,175,179,27,150,136,144,70,168,17,103,105,142,190,188,186,176,42,47,132,166,123,44];False
2414;8249;10663;[4,67,193,48,10,1,91,129,8,84,122,73,174,135,21,99,16,77,112,71,56,18,62,120,24,197,26,9,143,20,3,2,121,160,92,49,130,22,38,34,124,94,75,12,165,153,187,127,39,107,87,76,50,53,93,23,30,134,58,86,69,64,101,151,54,158,199,6,117,98,25,110,81,52,182,28,162,78,60,79,185,148,167,61,41,36,46,131,59,133,96,157,138,178,164,173,66,126,198,159,140,118,109,29,154,156,106,19,108,146,43,128,85,152,111,83,181,68,192,139,33,13,172,195,40,37,15,35,88,145,189,194,31,171,116,57,0,113,196,89,5,141,119,74,183,63,51,72,147,65,102,115,14,45,55,155,184,161,80,114,177,169,191,11,104,180,163,170,95,137,90,125,149,32,82,97,100,7,175,179,27,150,136,144,70,168,17,103,105,142,190,188,186,176,42,47,132,166,123,44];False
2423;8240;10663;[4,67,193,48,10,1,91,129,8,84,122,72,174,135,21,99,16,77,112,71,56,18,62,120,24,197,26,9,143,20,3,2,121,160,92,49,130,22,38,34,124,94,75,12,165,153,187,127,39,107,87,76,50,53,93,23,30,134,58,86,69,64,101,151,54,158,199,6,117,98,25,110,81,52,182,28,162,78,60,79,185,148,167,61,41,36,46,131,59,133,96,157,138,178,164,173,66,126,198,159,140,118,109,29,154,156,106,19,108,146,43,128,85,152,111,83,181,82,192,139,33,13,172,195,40,37,15,35,88,145,189,194,31,171,116,57,0,113,196,89,5,141,119,74,183,63,51,73,147,65,102,115,14,45,55,155,184,161,80,114,177,169,191,11,104,180,163,170,95,137,90,125,149,32,68,97,100,7,175,179,27,150,136,144,70,168,17,103,105,142,190,188,186,176,42,47,132,166,123,44];False
2408;8254;10662;[4,67,193,48,10,1,91,129,8,84,122,73,174,135,21,99,16,77,112,71,56,18,62,120,24,197,26,9,143,20,3,2,121,160,92,49,130,22,38,34,124,94,75,12,165,153,187,127,39,107,87,76,50,53,93,23,30,134,58,86,69,64,101,151,54,158,199,6,117,98,25,110,81,52,182,28,162,78,60,79,185,148,167,61,41,36,46,131,59,133,96,157,138,178,88,173,66,126,198,159,140,118,109,29,154,156,106,19,108,146,43,128,85,152,111,83,181,82,192,139,33,13,172,195,40,37,15,35,164,145,189,194,31,171,116,57,0,113,196,89,5,141,119,74,183,63,51,72,147,65,102,115,14,45,55,155,184,161,80,114,177,169,191,11,104,180,163,170,95,137,90,125,149,32,68,97,100,7,175,179,27,150,136,144,70,168,17,103,105,142,190,188,186,176,42,47,132,166,123,44];False
2371;8291;10662;[4,67,193,48,10,1,91,129,8,84,122,73,174,135,21,99,16,77,112,71,56,18,62,120,24,197,26,22,143,20,3,2,121,160,92,49,130,9,38,34,124,94,75,12,165,153,187,127,39,107,87,76,50,53,93,23,30,134,58,86,69,64,101,151,54,158,199,6,117,98,25,110,81,52,182,28,162,78,60,79,185,148,167,61,41,36,46,131,59,133,96,157,138,178,164,173,66,126,198,159,140,118,109,29,154,156,106,19,108,146,43,128,85,152,111,83,181,82,192,139,33,13,172,195,40,37,15,35,88,145,189,194,31,171,116,57,0,113,196,89,5,141,119,74,183,63,51,72,147,65,102,115,14,45,55,155,184,161,80,114,177,169,191,11,104,180,163,170,95,137,90,125,149,32,68,97,100,7,175,179,27,150,136,144,70,168,17,103,105,142,190,188,186,176,42,47,132,166,123,44];False
2391;8271;10662;[4,67,193,48,10,1,91,129,8,84,122,73,174,135,21,99,16,77,112,71,56,18,62,120,24,197,26,9,143,20,3,2,121,160,92,49,149,22,38,34,124,94,75,12,165,153,187,127,39,107,87,76,50,53,93,23,30,134,58,86,69,64,101,151,54,158,199,6,117,98,25,110,81,52,182,28,162,78,60,79,185,148,167,61,41,36,46,131,59,133,96,157,138,178,164,173,66,126,198,159,140,118,109,29,154,156,106,19,108,146,43,128,85,152,111,83,181,82,192,139,33,13,172,195,40,37,15,35,88,145,189,194,31,171,116,57,0,113,196,89,5,141,119,74,183,63,51,72,147,65,102,115,14,45,55,155,184,161,80,114,177,169,191,11,104,180,163,170,95,137,90,125,130,32,68,97,100,7,175,179,27,150,136,144,70,168,17,103,105,142,190,188,186,176,42,47,132,166,123,44];False
2357;8305;10662;[4,67,193,48,10,1,91,129,8,84,122,73,174,135,21,99,16,77,112,71,56,18,62,120,24,197,26,9,143,20,3,2,121,160,92,49,130,22,38,34,124,94,75,12,165,153,187,127,39,107,87,76,50,53,93,23,30,134,58,86,69,64,101,151,54,158,199,6,117,98,25,110,81,52,182,28,162,78,60,79,185,148,167,61,41,36,46,131,59,133,96,157,138,178,164,173,66,126,198,159,140,118,109,29,154,156,106,19,108,146,43,128,85,152,111,83,181,82,192,139,33,13,172,195,40,37,15,35,88,145,189,194,31,171,116,57,0,113,196,89,5,141,119,74,183,63,51,72,147,65,102,115,14,45,55,155,184,161,80,114,177,169,44,11,104,180,163,170,95,137,90,125,149,32,68,97,100,7,175,179,27,150,136,144,70,168,17,103,105,142,190,188,186,176,42,47,132,166,123,191];False
2358;8304;10662;[4,67,193,48,10,1,91,129,8,84,122,73,174,135,21,99,16,77,112,71,56,18,62,120,24,197,26,9,143,20,3,2,121,160,92,49,130,22,38,34,124,94,75,12,165,153,187,127,39,107,87,76,50,53,93,23,30,134,58,86,69,64,101,151,54,158,199,6,117,98,25,110,81,52,182,28,162,78,60,79,185,148,167,61,41,36,46,131,59,133,96,157,138,178,164,173,66,126,198,159,140,118,109,29,154,156,106,19,108,146,43,128,85,152,111,83,181,82,192,139,33,13,172,195,40,37,15,35,88,145,189,194,31,171,116,57,0,113,196,89,5,141,119,74,183,63,51,72,147,65,102,115,14,45,55,155,184,179,80,114,177,169,191,11,104,180,163,170,95,137,90,125,149,32,68,97,100,7,175,161,27,150,136,144,70,168,17,103,105,142,190,188,186,176,42,47,132,166,123,44];False
2348;8314;10662;[4,67,193,48,10,1,91,129,8,84,122,73,174,135,21,99,16,77,112,71,56,18,62,120,60,197,26,9,143,20,3,2,121,160,92,49,130,22,38,34,124,94,75,12,165,153,187,127,39,107,87,76,50,53,93,23,30,134,58,86,69,64,101,151,54,158,199,6,117,98,25,110,81,52,182,28,162,78,24,79,185,148,167,61,41,36,46,131,59,133,96,157,138,178,164,173,66,126,198,159,140,118,109,29,154,156,106,19,108,146,43,128,85,152,111,83,181,82,192,139,33,13,172,195,40,37,15,35,88,145,189,194,31,171,116,57,0,113,196,89,5,141,119,74,183,63,51,72,147,65,102,115,14,45,55,155,184,161,80,114,177,169,191,11,104,180,163,170,95,137,90,125,149,32,68,97,100,7,175,179,27,150,136,144,70,168,17,103,105,142,190,188,186,176,42,47,132,166,123,44];False
2392;8270;10662;[4,67,193,48,10,1,91,129,8,84,122,73,174,135,21,99,16,77,112,71,56,18,62,120,24,197,26,9,143,20,3,2,121,160,92,49,130,22,38,34,124,94,75,12,165,153,187,127,39,107,87,76,161,53,93,23,30,134,58,86,69,64,101,151,54,158,199,6,117,98,25,110,81,52,182,28,162,78,60,79,185,148,167,61,41,36,46,131,59,133,96,157,138,178,164,173,66,126,198,159,140,118,109,29,154,156,106,19,108,146,43,128,85,152,111,83,181,82,192,139,33,13,172,195,40,37,15,35,88,145,189,194,31,171,116,57,0,113,196,89,5,141,119,74,183,63,51,72,147,65,102,115,14,45,55,155,184,50,80,114,177,169,191,11,104,180,163,170,95,137,90,125,149,32,68,97,100,7,175,179,27,150,136,144,70,168,17,103,105,142,190,188,186,176,42,47,132,166,123,44];False
2396;8266;10662;[4,67,193,48,10,1,91,129,8,84,122,73,174,135,21,99,16,77,112,71,56,18,62,120,24,197,26,9,143,20,3,2,121,160,92,49,130,22,38,34,124,94,75,12,165,153,187,127,39,107,87,76,194,53,93,23,30,134,58,86,69,64,101,151,54,158,199,6,117,98,25,110,81,52,182,28,162,78,60,79,185,148,167,61,41,36,46,131,59,133,96,157,138,178,164,173,66,126,198,159,140,118,109,29,154,156,106,19,108,146,43,128,85,152,111,83,181,82,192,139,33,13,172,195,40,37,15,35,88,145,189,50,31,171,116,57,0,113,196,89,5,141,119,74,183,63,51,72,147,65,102,115,14,45,55,155,184,161,80,114,177,169,191,11,104,180,163,170,95,137,90,125,149,32,68,97,100,7,175,179,27,150,136,144,70,168,17,103,105,142,190,188,186,176,42,47,132,166,123,44];False
2368;8294;10662;[4,67,193,48,10,1,91,129,8,84,122,73,174,135,21,99,16,77,112,71,56,18,62,120,24,197,26,9,143,20,3,2,121,160,92,49,130,22,38,34,124,94,75,12,165,153,187,127,39,107,87,76,50,53,93,23,30,134,58,86,69,178,101,151,54,158,199,6,117,98,25,110,81,52,182,28,162,78,60,79,185,148,167,61,41,36,46,131,59,133,96,157,138,64,164,173,66,126,198,159,140,118,109,29,154,156,106,19,108,146,43,128,85,152,111,83,181,82,192,139,33,13,172,195,40,37,15,35,88,145,189,194,31,171,116,57,0,113,196,89,5,141,119,74,183,63,51,72,147,65,102,115,14,45,55,155,184,161,80,114,177,169,191,11,104,180,163,170,95,137,90,125,149,32,68,97,100,7,175,179,27,150,136,144,70,168,17,103,105,142,190,188,186,176,42,47,132,166,123,44];False
2375;8287;10662;[4,67,193,48,10,1,91,129,8,84,122,73,174,135,21,99,16,77,112,71,56,18,62,120,24,197,26,9,143,20,3,2,121,160,92,49,130,22,38,34,124,94,75,12,165,153,187,127,39,107,87,76,50,53,93,23,30,134,58,86,69,64,101,151,54,158,199,6,117,98,25,110,81,52,182,28,162,78,60,79,185,148,167,61,41,36,46,131,59,133,96,157,138,178,164,173,66,126,198,159,140,118,109,29,154,156,106,19,108,146,43,128,85,152,111,83,181,82,192,139,33,13,172,195,40,37,15,35,88,145,189,194,31,171,116,57,0,113,196,89,5,141,119,74,183,63,51,72,147,65,102,115,14,45,55,163,184,161,80,114,177,169,191,11,104,180,155,170,95,137,90,125,149,32,68,97,100,7,175,179,27,150,136,144,70,168,17,103,105,142,190,188,186,176,42,47,132,166,123,44];False
2411;8251;10662;[4,67,35,48,10,1,91,129,8,84,122,73,174,135,21,99,16,77,112,71,56,18,62,120,24,197,26,9,143,20,3,2,121,160,92,49,130,22,38,34,124,94,75,12,165,153,187,127,39,107,87,76,50,53,93,23,30,134,58,86,69,64,101,151,54,158,199,6,117,98,25,110,81,52,182,28,162,78,60,79,185,148,167,61,41,36,46,131,59,133,96,157,138,178,164,173,66,126,198,159,140,118,109,29,154,156,106,19,108,146,43,128,85,152,111,83,181,82,192,139,33,13,172,195,40,37,15,193,88,145,189,194,31,171,116,57,0,113,196,89,5,141,119,74,183,63,51,72,147,65,102,115,14,45,55,155,184,161,80,114,177,169,191,11,104,180,163,170,95,137,90,125,149,32,68,97,100,7,175,179,27,150,136,144,70,168,17,103,105,142,190,188,186,176,42,47,132,166,123,44];False
2378;8284;10662;[4,67,193,48,10,1,91,129,8,84,122,73,174,135,21,99,16,77,112,71,56,18,62,120,24,197,26,9,143,20,3,2,121,160,92,49,130,22,38,34,124,94,75,12,165,153,187,127,39,107,87,76,50,53,93,23,30,134,58,86,69,64,101,151,54,158,199,6,117,98,25,110,81,52,182,28,162,78,60,79,185,148,167,61,41,36,46,131,59,133,146,157,138,178,164,173,66,126,198,159,140,118,109,29,154,156,106,19,108,96,43,128,85,152,111,83,181,82,192,139,33,13,172,195,40,37,15,35,88,145,189,194,31,171,116,57,0,113,196,89,5,141,119,74,183,63,51,72,147,65,102,115,14,45,55,155,184,161,80,114,177,169,191,11,104,180,163,170,95,137,90,125,149,32,68,97,100,7,175,179,27,150,136,144,70,168,17,103,105,142,190,188,186,176,42,47,132,166,123,44];False
2382;8280;10662;[4,67,193,48,10,1,91,129,8,84,122,73,21,135,174,99,16,77,112,71,56,18,62,120,24,197,26,9,143,20,3,2,121,160,92,49,130,22,38,34,124,94,75,12,165,153,187,127,39,107,87,76,50,53,93,23,30,134,58,86,69,64,101,151,54,158,199,6,117,98,25,110,81,52,182,28,162,78,60,79,185,148,167,61,41,36,46,131,59,133,96,157,138,178,164,173,66,126,198,159,140,118,109,29,154,156,106,19,108,146,43,128,85,152,111,83,181,82,192,139,33,13,172,195,40,37,15,35,88,145,189,194,31,171,116,57,0,113,196,89,5,141,119,74,183,63,51,72,147,65,102,115,14,45,55,155,184,161,80,114,177,169,191,11,104,180,163,170,95,137,90,125,149,32,68,97,100,7,175,179,27,150,136,144,70,168,17,103,105,142,190,188,186,176,42,47,132,166,123,44];False
2384;8278;10662;[4,67,193,48,10,1,91,129,8,84,122,73,174,135,21,99,16,77,112,71,56,18,62,120,24,197,26,9,143,20,3,2,121,160,92,49,130,22,38,34,124,94,75,12,165,153,187,127,39,107,87,76,50,53,93,23,30,134,58,86,69,64,101,151,54,158,199,6,117,98,25,110,81,52,182,28,162,78,60,79,185,148,167,61,41,36,46,131,59,133,96,157,108,178,164,173,66,126,198,159,140,118,109,29,154,156,106,19,138,146,43,128,85,152,111,83,181,82,192,139,33,13,172,195,40,37,15,35,88,145,189,194,31,171,116,57,0,113,196,89,5,141,119,74,183,63,51,72,147,65,102,115,14,45,55,155,184,161,80,114,177,169,191,11,104,180,163,170,95,137,90,125,149,32,68,97,100,7,175,179,27,150,136,144,70,168,17,103,105,142,190,188,186,176,42,47,132,166,123,44];False
2346;8315;10661;[4,67,193,48,10,1,91,129,8,84,122,73,174,135,21,99,16,77,112,71,56,18,62,120,24,197,26,9,143,20,3,2,121,160,92,49,130,22,38,34,124,94,75,12,165,153,187,127,39,17,87,76,50,53,93,23,30,134,58,86,69,64,101,151,54,158,199,6,117,98,25,110,81,52,182,28,162,78,60,79,185,148,167,61,41,36,46,131,59,133,96,157,138,178,164,173,66,126,198,159,140,118,109,29,154,156,106,19,108,146,43,128,85,152,111,83,181,82,192,139,33,13,172,195,40,37,15,35,88,145,189,194,31,171,116,57,0,113,196,89,5,141,119,74,183,63,51,72,147,65,102,115,14,45,55,155,184,161,80,114,177,169,191,11,104,180,163,170,95,137,90,125,149,32,68,97,100,7,175,179,27,150,136,144,70,168,107,103,105,142,190,188,186,176,42,47,132,166,123,44];False
2371;8290;10661;[4,67,193,48,10,1,91,129,8,84,122,73,174,135,21,99,16,77,112,71,56,18,62,120,24,197,26,9,143,20,3,2,121,160,92,49,130,22,38,34,124,94,75,12,165,153,187,127,39,107,87,76,50,53,93,23,30,134,58,86,69,64,116,151,54,158,199,6,117,98,25,110,81,52,182,28,162,78,60,79,185,148,167,61,41,36,46,131,59,133,96,157,138,178,164,173,66,126,198,159,140,118,109,29,154,156,106,19,108,146,43,128,85,152,111,83,181,82,192,139,33,13,172,195,40,37,15,35,88,145,189,194,31,171,101,57,0,113,196,89,5,141,119,74,183,63,51,72,147,65,102,115,14,45,55,155,184,161,80,114,177,169,191,11,104,180,163,170,95,137,90,125,149,32,68,97,100,7,175,179,27,150,136,144,70,168,17,103,105,142,190,188,186,176,42,47,132,166,123,44];False
2386;8275;10661;[4,67,193,48,10,1,91,129,8,84,122,73,174,135,21,99,16,77,112,71,56,18,62,120,24,197,26,9,143,20,3,2,121,160,92,49,130,22,38,34,124,94,75,12,165,153,187,127,39,107,70,76,50,53,93,23,30,134,58,86,69,64,101,151,54,158,199,6,117,98,25,110,81,52,182,28,162,78,60,79,185,148,167,61,41,36,46,131,59,133,96,157,138,178,164,173,66,126,198,159,140,118,109,29,154,156,106,19,108,146,43,128,85,152,111,83,181,82,192,139,33,13,172,195,40,37,15,35,88,145,189,194,31,171,116,57,0,113,196,89,5,141,119,74,183,63,51,72,147,65,102,115,14,45,55,155,184,161,80,114,177,169,191,11,104,180,163,170,95,137,90,125,149,32,68,97,100,7,175,179,27,150,136,144,87,168,17,103,105,142,190,188,186,176,42,47,132,166,123,44];False
2406;8255;10661;[4,67,193,48,10,1,91,129,8,84,122,73,174,135,21,99,16,77,112,71,56,18,62,120,24,197,26,9,143,20,3,2,121,160,92,49,130,22,38,34,124,94,75,12,165,153,187,127,39,107,87,76,50,53,93,23,30,134,58,86,69,64,101,151,54,158,199,6,117,98,25,110,81,52,182,28,162,78,60,79,185,148,167,61,41,36,46,131,59,133,96,157,138,178,164,173,66,126,198,159,19,118,109,29,154,156,106,140,108,146,43,128,85,152,111,83,181,82,192,139,33,13,172,195,40,37,15,35,88,145,189,194,31,171,116,57,0,113,196,89,5,141,119,74,183,63,51,72,147,65,102,115,14,45,55,155,184,161,80,114,177,169,191,11,104,180,163,170,95,137,90,125,149,32,68,97,100,7,175,179,27,150,136,144,70,168,17,103,105,142,190,188,186,176,42,47,132,166,123,44];False
2413;8248;10661;[4,67,193,48,10,1,91,129,8,84,122,73,174,135,21,99,16,77,112,71,56,18,62,120,24,197,26,9,143,20,3,2,121,160,92,49,130,22,38,34,124,94,75,12,165,153,187,127,39,107,87,76,50,53,93,23,30,134,58,86,69,64,101,151,54,25,199,6,117,98,158,110,81,52,182,28,162,78,60,79,185,148,167,61,41,36,46,131,59,133,96,157,138,178,164,173,66,126,198,159,140,118,109,29,154,156,106,19,108,146,43,128,85,152,111,83,181,82,192,139,33,13,172,195,40,37,15,35,88,145,189,194,31,171,116,57,0,113,196,89,5,141,119,74,183,63,51,72,147,65,102,115,14,45,55,155,184,161,80,114,177,169,191,11,104,180,163,170,95,137,90,125,149,32,68,97,100,7,175,179,27,150,136,144,70,168,17,103,105,142,190,188,186,176,42,47,132,166,123,44];False
2394;8267;10661;[4,67,193,48,10,1,91,129,8,84,122,73,174,135,21,99,16,77,112,71,56,18,62,120,24,197,26,9,143,20,3,2,121,160,92,49,130,22,38,34,124,94,75,12,165,153,187,127,39,107,87,76,50,53,93,184,30,134,58,86,69,64,101,151,54,158,199,6,117,98,25,110,81,52,182,28,162,78,60,79,185,148,167,61,41,36,46,131,59,133,96,157,138,178,164,173,66,126,198,159,140,118,109,29,154,156,106,19,108,146,43,128,85,152,111,83,181,82,192,139,33,13,172,195,40,37,15,35,88,145,189,194,31,171,116,57,0,113,196,89,5,141,119,74,183,63,51,72,147,65,102,115,14,45,55,155,23,161,80,114,177,169,191,11,104,180,163,170,95,137,90,125,149,32,68,97,100,7,175,179,27,150,136,144,70,168,17,103,105,142,190,188,186,176,42,47,132,166,123,44];False
2416;8245;10661;[4,67,193,48,10,1,91,85,8,84,122,73,174,135,21,99,16,77,112,71,56,18,62,120,24,197,26,9,143,20,3,2,121,160,92,49,130,22,38,34,124,94,75,12,165,153,187,127,39,107,87,76,50,53,93,23,30,134,58,86,69,64,101,151,54,158,199,6,117,98,25,110,81,52,182,28,162,78,60,79,185,148,167,61,41,36,46,131,59,133,96,157,138,178,164,173,66,126,198,159,140,118,109,29,154,156,106,19,108,146,43,128,129,152,111,83,181,82,192,139,33,13,172,195,40,37,15,35,88,145,189,194,31,171,116,57,0,113,196,89,5,141,119,74,183,63,51,72,147,65,102,115,14,45,55,155,184,161,80,114,177,169,191,11,104,180,163,170,95,137,90,125,149,32,68,97,100,7,175,179,27,150,136,144,70,168,17,103,105,142,190,188,186,176,42,47,132,166,123,44];False
2381;8280;10661;[4,67,193,48,10,1,91,129,8,84,122,73,174,135,21,99,16,77,112,71,56,18,62,120,24,197,26,9,143,20,3,2,121,160,92,49,130,22,38,34,124,94,75,12,165,153,187,127,39,107,87,76,50,53,93,23,30,134,58,86,69,64,101,151,54,158,199,6,117,98,25,110,81,52,182,28,162,78,60,79,185,148,167,61,45,36,46,131,59,133,96,157,138,178,164,173,66,126,198,159,140,118,109,29,154,156,106,19,108,146,43,128,85,152,111,83,181,82,192,139,33,13,172,195,40,37,15,35,88,145,189,194,31,171,116,57,0,113,196,89,5,141,119,74,183,63,51,72,147,65,102,115,14,41,55,155,184,161,80,114,177,169,191,11,104,180,163,170,95,137,90,125,149,32,68,97,100,7,175,179,27,150,136,144,70,168,17,103,105,142,190,188,186,176,42,47,132,166,123,44];False
2380;8281;10661;[4,67,193,48,10,1,91,129,8,84,122,73,174,135,21,99,16,77,112,71,56,18,62,120,24,197,26,9,143,20,3,2,121,160,92,49,130,22,38,34,124,94,75,12,165,153,187,127,39,107,87,76,50,53,93,23,30,134,58,86,69,64,101,151,54,158,199,6,117,98,25,110,81,52,182,28,162,78,60,79,172,148,167,61,41,36,46,131,59,133,96,157,138,178,164,173,66,126,198,159,140,118,109,29,154,156,106,19,108,146,43,128,85,152,111,83,181,82,192,139,33,13,185,195,40,37,15,35,88,145,189,194,31,171,116,57,0,113,196,89,5,141,119,74,183,63,51,72,147,65,102,115,14,45,55,155,184,161,80,114,177,169,191,11,104,180,163,170,95,137,90,125,149,32,68,97,100,7,175,179,27,150,136,144,70,168,17,103,105,142,190,188,186,176,42,47,132,166,123,44];False
2413;8248;10661;[4,67,193,48,10,1,91,129,8,84,122,73,174,135,21,99,16,77,112,71,56,18,62,120,24,197,26,9,143,20,3,2,121,160,92,49,130,22,38,34,124,94,75,12,165,153,187,127,39,107,87,76,50,53,93,23,30,134,58,86,69,64,101,151,54,158,199,6,117,98,25,110,81,52,182,28,162,78,60,79,185,148,167,61,41,36,46,131,59,133,96,157,138,178,164,173,66,126,198,159,140,118,109,29,154,156,106,19,108,146,43,128,85,152,111,83,181,82,192,139,33,13,172,195,40,37,51,35,88,145,189,194,31,171,116,57,0,113,196,89,5,141,119,74,183,63,15,72,147,65,102,115,14,45,55,155,184,161,80,114,177,169,191,11,104,180,163,170,95,137,90,125,149,32,68,97,100,7,175,179,27,150,136,144,70,168,17,103,105,142,190,188,186,176,42,47,132,166,123,44];False
2435;8225;10660;[4,67,193,48,10,1,91,129,8,84,122,73,174,135,21,99,16,77,112,71,56,18,62,120,24,197,26,9,143,20,3,2,121,160,92,49,130,22,38,34,124,94,75,12,165,153,187,127,39,107,87,76,50,53,93,23,30,134,58,7,69,64,101,151,54,158,199,6,117,98,25,110,81,52,182,28,162,78,60,79,185,148,167,61,41,36,46,131,59,133,96,157,138,178,164,173,66,126,198,159,140,118,109,29,154,156,106,19,108,146,43,128,85,152,111,83,181,82,192,139,33,13,172,195,40,37,15,35,88,145,189,194,31,171,116,57,0,113,196,89,5,141,119,74,183,63,51,72,147,65,102,115,14,45,55,155,184,161,80,114,177,169,191,11,104,180,163,170,95,137,90,125,149,32,68,97,100,86,175,179,27,150,136,144,70,168,17,103,105,142,190,188,186,176,42,47,132,166,123,44];False
2387;8273;10660;[4,67,193,48,10,1,91,129,8,84,122,73,174,135,21,99,16,77,112,71,56,18,62,120,24,197,26,9,143,20,3,2,121,160,92,49,130,22,38,34,124,94,75,12,165,153,187,127,39,107,87,76,50,53,93,23,30,134,58,86,69,64,101,151,54,158,199,6,117,98,25,110,81,52,182,28,162,78,60,79,185,148,167,61,41,36,46,131,59,133,96,157,138,178,164,173,66,126,198,159,140,118,109,29,154,156,82,19,108,146,43,128,85,152,111,83,181,106,192,139,33,13,172,195,40,37,15,35,88,145,189,194,31,171,116,57,0,113,196,89,5,141,119,74,183,63,51,72,147,65,102,115,14,45,55,155,184,161,80,114,177,169,191,11,104,180,163,170,95,137,90,125,149,32,68,97,100,7,175,179,27,150,136,144,70,168,17,103,105,142,190,188,186,176,42,47,132,166,123,44];False
2358;8302;10660;[4,67,193,48,10,1,91,129,8,84,122,73,174,135,21,99,16,77,112,71,56,18,62,120,24,197,26,9,143,20,3,2,121,160,92,49,130,22,38,34,124,94,75,12,165,153,187,127,39,107,87,76,50,53,93,23,30,134,58,86,69,64,101,151,54,146,199,6,117,98,25,110,81,52,182,28,162,78,60,79,185,148,167,61,41,36,46,131,59,133,96,157,138,178,164,173,66,126,198,159,140,118,109,29,154,156,106,19,108,158,43,128,85,152,111,83,181,82,192,139,33,13,172,195,40,37,15,35,88,145,189,194,31,171,116,57,0,113,196,89,5,141,119,74,183,63,51,72,147,65,102,115,14,45,55,155,184,161,80,114,177,169,191,11,104,180,163,170,95,137,90,125,149,32,68,97,100,7,175,179,27,150,136,144,70,168,17,103,105,142,190,188,186,176,42,47,132,166,123,44];False
2354;8306;10660;[4,67,193,48,10,1,91,129,8,84,122,73,174,135,21,99,16,77,112,71,56,18,62,120,24,197,26,9,143,20,3,2,121,160,92,49,130,22,38,34,124,94,75,12,165,173,187,127,39,107,87,76,50,53,93,23,30,134,58,86,69,64,101,151,54,158,199,6,117,98,25,110,81,52,182,28,162,78,60,79,185,148,167,61,41,36,46,131,59,133,96,157,138,178,164,153,66,126,198,159,140,118,109,29,154,156,106,19,108,146,43,128,85,152,111,83,181,82,192,139,33,13,172,195,40,37,15,35,88,145,189,194,31,171,116,57,0,113,196,89,5,141,119,74,183,63,51,72,147,65,102,115,14,45,55,155,184,161,80,114,177,169,191,11,104,180,163,170,95,137,90,125,149,32,68,97,100,7,175,179,27,150,136,144,70,168,17,103,105,142,190,188,186,176,42,47,132,166,123,44];False
2365;8295;10660;[4,67,193,48,10,1,91,129,8,84,122,73,174,135,21,99,16,77,112,71,56,18,62,120,24,197,26,9,143,20,3,2,121,160,92,49,130,22,38,34,124,94,75,12,165,153,187,127,39,107,87,76,50,53,93,23,30,134,37,86,69,64,101,151,54,158,199,6,117,98,25,110,81,52,182,28,162,78,60,79,185,148,167,61,41,36,46,131,59,133,96,157,138,178,164,173,66,126,198,159,140,118,109,29,154,156,106,19,108,146,43,128,85,152,111,83,181,82,192,139,33,13,172,195,40,58,15,35,88,145,189,194,31,171,116,57,0,113,196,89,5,141,119,74,183,63,51,72,147,65,102,115,14,45,55,155,184,161,80,114,177,169,191,11,104,180,163,170,95,137,90,125,149,32,68,97,100,7,175,179,27,150,136,144,70,168,17,103,105,142,190,188,186,176,42,47,132,166,123,44];False
2412;8248;10660;[4,67,193,48,10,1,91,129,8,84,122,73,174,135,21,99,16,77,112,71,56,18,62,120,24,197,26,9,143,20,3,2,121,160,92,49,130,22,38,34,124,94,75,12,165,153,187,127,39,107,87,76,50,53,93,23,30,134,58,86,69,64,101,151,54,158,199,6,117,98,25,110,81,52,182,28,162,78,60,79,185,148,167,61,15,36,46,131,59,133,96,157,138,178,164,173,66,126,198,159,140,118,109,29,154,156,106,19,108,146,43,128,85,152,111,83,181,82,192,139,33,13,172,195,40,37,41,35,88,145,189,194,31,171,116,57,0,113,196,89,5,141,119,74,183,63,51,72,147,65,102,115,14,45,55,155,184,161,80,114,177,169,191,11,104,180,163,170,95,137,90,125,149,32,68,97,100,7,175,179,27,150,136,144,70,168,17,103,105,142,190,188,186,176,42,47,132,166,123,44];False
2380;8280;10660;[4,67,193,48,10,1,91,129,8,84,122,73,174,135,21,99,16,77,112,71,56,18,62,120,24,197,26,9,143,20,3,2,121,160,92,49,130,22,38,34,124,94,75,12,165,153,187,127,39,107,87,76,50,53,93,23,30,134,58,86,69,64,101,151,54,158,199,6,52,98,25,110,81,117,182,28,162,78,60,79,185,148,167,61,41,36,46,131,59,133,96,157,138,178,164,173,66,126,198,159,140,118,109,29,154,156,106,19,108,146,43,128,85,152,111,83,181,82,192,139,33,13,172,195,40,37,15,35,88,145,189,194,31,171,116,57,0,113,196,89,5,141,119,74,183,63,51,72,147,65,102,115,14,45,55,155,184,161,80,114,177,169,191,11,104,180,163,170,95,137,90,125,149,32,68,97,100,7,175,179,27,150,136,144,70,168,17,103,105,142,190,188,186,176,42,47,132,166,123,44];False
2415;8245;10660;[4,67,193,48,10,1,91,129,8,84,122,73,174,135,21,99,16,77,112,71,56,18,62,120,24,197,26,9,143,20,3,46,121,160,92,49,130,22,38,34,124,94,75,12,165,153,187,127,39,107,87,76,50,53,93,23,30,134,58,86,69,64,101,151,54,158,199,6,117,98,25,110,81,52,182,28,162,78,60,79,185,148,167,61,41,36,2,131,59,133,96,157,138,178,164,173,66,126,198,159,140,118,109,29,154,156,106,19,108,146,43,128,85,152,111,83,181,82,192,139,33,13,172,195,40,37,15,35,88,145,189,194,31,171,116,57,0,113,196,89,5,141,119,74,183,63,51,72,147,65,102,115,14,45,55,155,184,161,80,114,177,169,191,11,104,180,163,170,95,137,90,125,149,32,68,97,100,7,175,179,27,150,136,144,70,168,17,103,105,142,190,188,186,176,42,47,132,166,123,44];False
2311;8349;10660;[4,67,193,48,10,1,91,129,8,84,122,73,174,135,110,99,16,77,112,71,56,18,62,120,24,197,26,9,143,20,3,2,121,160,92,49,130,22,38,34,124,94,75,12,165,153,187,127,39,107,87,76,50,53,93,23,30,134,58,86,69,64,101,151,54,158,199,6,117,98,25,21,81,52,182,28,162,78,60,79,185,148,167,61,41,36,46,131,59,133,96,157,138,178,164,173,66,126,198,159,140,118,109,29,154,156,106,19,108,146,43,128,85,152,111,83,181,82,192,139,33,13,172,195,40,37,15,35,88,145,189,194,31,171,116,57,0,113,196,89,5,141,119,74,183,63,51,72,147,65,102,115,14,45,55,155,184,161,80,114,177,169,191,11,104,180,163,170,95,137,90,125,149,32,68,97,100,7,175,179,27,150,136,144,70,168,17,103,105,142,190,188,186,176,42,47,132,166,123,44];False
2384;8276;10660;[4,67,193,48,10,1,91,129,8,84,122,73,174,135,21,99,16,77,112,71,56,18,62,120,24,197,26,9,143,20,3,2,121,160,92,49,130,22,38,34,124,94,75,12,165,153,187,127,39,107,87,76,50,53,93,23,30,134,58,86,69,64,101,151,54,158,199,6,117,98,25,110,81,52,182,28,162,78,60,79,185,148,167,61,41,36,46,131,59,133,96,157,138,113,164,173,66,126,198,159,140,118,109,29,154,156,106,19,108,146,43,128,85,152,111,83,181,82,192,139,33,13,172,195,40,37,15,35,88,145,189,194,31,171,116,57,0,178,196,89,5,141,119,74,183,63,51,72,147,65,102,115,14,45,55,155,184,161,80,114,177,169,191,11,104,180,163,170,95,137,90,125,149,32,68,97,100,7,175,179,27,150,136,144,70,168,17,103,105,142,190,188,186,176,42,47,132,166,123,44];False
2369;8291;10660;[4,67,193,48,10,1,91,129,8,84,122,73,174,135,21,99,16,77,112,71,56,18,62,120,24,197,26,9,143,20,3,2,121,160,92,49,130,22,38,34,124,94,75,12,165,153,187,127,39,107,87,76,50,53,93,23,30,134,58,86,69,64,101,151,54,158,199,6,117,98,25,110,81,52,182,28,162,78,60,79,185,148,167,61,41,36,46,131,59,133,96,157,138,178,164,173,66,126,198,159,140,118,109,29,154,156,106,19,108,146,43,128,85,152,111,83,181,82,192,139,33,13,172,195,40,37,15,35,88,145,189,194,31,171,116,57,0,113,196,89,5,11,119,74,183,63,51,72,147,65,102,115,14,45,55,155,184,161,80,114,177,169,191,141,104,180,163,170,95,137,90,125,149,32,68,97,100,7,175,179,27,150,136,144,70,168,17,103,105,142,190,188,186,176,42,47,132,166,123,44];False
2397;8263;10660;[4,67,193,48,10,142,91,129,8,84,122,73,174,135,21,99,16,77,112,71,56,18,62,120,24,197,26,9,143,20,3,2,121,160,92,49,130,22,38,34,124,94,75,12,165,153,187,127,39,107,87,76,50,53,93,23,30,134,58,86,69,64,101,151,54,158,199,6,117,98,25,110,81,52,182,28,162,78,60,79,185,148,167,61,41,36,46,131,59,133,96,157,138,178,164,173,66,126,198,159,140,118,109,29,154,156,106,19,108,146,43,128,85,152,111,83,181,82,192,139,33,13,172,195,40,37,15,35,88,145,189,194,31,171,116,57,0,113,196,89,5,141,119,74,183,63,51,72,147,65,102,115,14,45,55,155,184,161,80,114,177,169,191,11,104,180,163,170,95,137,90,125,149,32,68,97,100,7,175,179,27,150,136,144,70,168,17,103,105,1,190,188,186,176,42,47,132,166,123,44];False
2412;8248;10660;[4,67,193,48,10,1,91,129,8,84,122,73,174,135,21,99,16,77,112,71,56,18,62,120,24,197,26,9,143,20,3,2,57,160,92,49,130,22,38,34,124,94,75,12,165,153,187,127,39,107,87,76,50,53,93,23,30,134,58,86,69,64,101,151,54,158,199,6,117,98,25,110,81,52,182,28,162,78,60,79,185,148,167,61,41,36,46,131,59,133,96,157,138,178,164,173,66,126,198,159,140,118,109,29,154,156,106,19,108,146,43,128,85,152,111,83,181,82,192,139,33,13,172,195,40,37,15,35,88,145,189,194,31,171,116,121,0,113,196,89,5,141,119,74,183,63,51,72,147,65,102,115,14,45,55,155,184,161,80,114,177,169,191,11,104,180,163,170,95,137,90,125,149,32,68,97,100,7,175,179,27,150,136,144,70,168,17,103,105,142,190,188,186,176,42,47,132,166,123,44];False
2409;8251;10660;[4,67,193,48,10,1,91,129,8,84,122,73,174,135,21,99,16,77,112,71,56,18,62,120,24,197,26,9,143,20,3,2,121,160,92,49,130,22,38,34,124,94,75,12,165,153,187,127,39,107,87,76,50,53,93,23,30,134,58,86,69,64,101,151,54,158,199,6,117,98,25,110,81,52,182,28,162,78,60,79,185,148,167,61,41,36,46,131,59,133,96,157,138,178,164,173,66,126,198,159,140,118,109,29,154,156,106,19,108,146,43,128,85,152,111,83,181,82,192,139,33,13,172,195,40,37,15,35,88,145,189,194,63,171,116,57,0,113,196,89,5,141,119,74,183,31,51,72,147,65,102,115,14,45,55,155,184,161,80,114,177,169,191,11,104,180,163,170,95,137,90,125,149,32,68,97,100,7,175,179,27,150,136,144,70,168,17,103,105,142,190,188,186,176,42,47,132,166,123,44];False
2348;8312;10660;[4,67,193,48,10,1,91,129,8,84,122,30,174,135,21,99,16,77,112,71,56,18,62,120,24,197,26,9,143,20,3,2,121,160,92,49,130,22,38,34,124,94,75,12,165,153,187,127,39,107,87,76,50,53,93,23,73,134,58,86,69,64,101,151,54,158,199,6,117,98,25,110,81,52,182,28,162,78,60,79,185,148,167,61,41,36,46,131,59,133,96,157,138,178,164,173,66,126,198,159,140,118,109,29,154,156,106,19,108,146,43,128,85,152,111,83,181,82,192,139,33,13,172,195,40,37,15,35,88,145,189,194,31,171,116,57,0,113,196,89,5,141,119,74,183,63,51,72,147,65,102,115,14,45,55,155,184,161,80,114,177,169,191,11,104,180,163,170,95,137,90,125,149,32,68,97,100,7,175,179,27,150,136,144,70,168,17,103,105,142,190,188,186,176,42,47,132,166,123,44];False
2377;8283;10660;[4,67,193,48,10,1,91,129,8,84,122,73,174,135,21,99,16,77,112,71,56,18,62,120,24,197,26,9,143,20,3,2,121,160,92,49,130,22,38,34,124,94,75,12,165,153,187,127,39,107,87,76,50,53,93,23,30,134,58,86,69,64,101,151,54,158,199,6,117,98,25,110,81,52,182,28,162,78,60,79,185,148,167,61,41,36,46,131,59,133,96,157,138,178,164,173,66,126,198,159,140,118,109,156,154,29,106,19,108,146,43,128,85,152,111,83,181,82,192,139,33,13,172,195,40,37,15,35,88,145,189,194,31,171,116,57,0,113,196,89,5,141,119,74,183,63,51,72,147,65,102,115,14,45,55,155,184,161,80,114,177,169,191,11,104,180,163,170,95,137,90,125,149,32,68,97,100,7,175,179,27,150,136,144,70,168,17,103,105,142,190,188,186,176,42,47,132,166,123,44];False
2376;8283;10659;[4,67,193,48,10,1,91,129,8,84,122,73,174,135,21,99,16,77,112,71,56,18,62,120,24,197,26,9,143,20,3,2,121,160,92,49,130,22,38,34,124,94,75,12,165,153,187,127,39,107,87,76,50,53,93,23,30,134,58,86,69,64,101,151,54,158,199,6,117,98,25,110,81,52,182,28,162,78,60,79,185,148,167,61,41,36,46,131,59,133,96,157,138,178,164,173,66,126,198,159,140,118,109,29,154,156,106,19,108,146,43,128,85,152,111,83,181,82,192,139,33,13,172,195,40,37,15,35,88,145,177,194,31,171,116,57,0,113,196,89,5,141,119,74,183,63,51,72,147,65,102,115,14,45,55,155,184,161,80,114,189,169,191,11,104,180,163,170,95,137,90,125,149,32,68,97,100,7,175,179,27,150,136,144,70,168,17,103,105,142,190,188,186,176,42,47,132,166,123,44];False
2386;8273;10659;[4,67,193,48,10,1,91,129,8,84,122,73,174,135,21,99,16,77,112,71,56,18,62,120,24,197,26,9,143,20,3,2,121,160,92,49,130,22,38,34,124,94,75,12,165,153,187,127,39,107,87,76,50,53,93,23,30,134,58,86,69,64,101,151,54,158,199,6,117,98,25,110,81,52,182,28,162,78,60,79,185,148,167,61,41,36,46,131,59,133,96,157,138,178,164,173,66,126,13,159,140,118,109,29,154,156,106,19,108,146,43,128,85,152,111,83,181,82,192,139,33,198,172,195,40,37,15,35,88,145,189,194,31,171,116,57,0,113,196,89,5,141,119,74,183,63,51,72,147,65,102,115,14,45,55,155,184,161,80,114,177,169,191,11,104,180,163,170,95,137,90,125,149,32,68,97,100,7,175,179,27,150,136,144,70,168,17,103,105,142,190,188,186,176,42,47,132,166,123,44];False
2380;8279;10659;[4,67,193,48,10,1,91,129,8,84,122,73,174,135,21,99,16,77,112,71,56,18,62,120,24,197,26,9,143,20,3,2,121,160,92,49,130,22,38,34,124,94,75,12,165,153,187,127,39,107,87,76,50,53,93,23,30,134,58,86,69,64,101,151,54,158,199,6,117,98,25,110,81,52,182,28,162,78,60,79,185,148,167,61,41,36,46,131,59,133,96,157,138,178,164,173,66,126,198,159,140,118,109,29,154,156,106,19,108,146,43,128,85,152,111,83,181,82,192,139,33,13,172,195,40,37,15,35,88,145,189,194,31,171,116,57,161,113,196,89,5,141,119,74,183,63,51,72,147,65,102,115,14,45,55,155,184,0,80,114,177,169,191,11,104,180,163,170,95,137,90,125,149,32,68,97,100,7,175,179,27,150,136,144,70,168,17,103,105,142,190,188,186,176,42,47,132,166,123,44];False
2350;8309;10659;[4,67,193,48,10,1,91,51,8,84,122,73,174,135,21,99,16,77,112,71,56,18,62,120,24,197,26,9,143,20,3,2,121,160,92,49,130,22,38,34,124,94,75,12,165,153,187,127,39,107,87,76,50,53,93,23,30,134,58,86,69,64,101,151,54,158,199,6,117,98,25,110,81,52,182,28,162,78,60,79,185,148,167,61,41,36,46,131,59,133,96,157,138,178,164,173,66,126,198,159,140,118,109,29,154,156,106,19,108,146,43,128,85,152,111,83,181,82,192,139,33,13,172,195,40,37,15,35,88,145,189,194,31,171,116,57,0,113,196,89,5,141,119,74,183,63,129,72,147,65,102,115,14,45,55,155,184,161,80,114,177,169,191,11,104,180,163,170,95,137,90,125,149,32,68,97,100,7,175,179,27,150,136,144,70,168,17,103,105,142,190,188,186,176,42,47,132,166,123,44];False
2379;8280;10659;[4,67,193,48,10,1,91,129,8,84,122,73,174,135,21,99,16,77,112,71,56,18,62,120,24,197,26,9,143,20,3,2,121,160,92,49,130,22,38,34,124,94,75,12,165,153,187,127,39,107,87,76,50,53,93,23,30,134,58,86,69,64,101,151,54,158,199,6,117,98,25,110,81,52,182,28,162,78,60,79,185,148,167,61,41,36,46,131,59,133,96,157,138,178,164,173,66,126,198,159,140,118,109,29,154,156,106,19,108,146,43,128,85,152,111,83,181,82,192,139,33,13,172,195,40,37,15,35,88,145,189,194,31,171,116,57,0,113,196,89,5,141,119,74,183,63,51,72,147,65,102,166,14,45,55,155,184,161,80,114,177,169,191,11,104,180,163,170,95,137,90,125,149,32,68,97,100,7,175,179,27,150,136,144,70,168,17,103,105,142,190,188,186,176,42,47,132,115,123,44];False
2377;8282;10659;[4,67,193,48,10,1,91,129,8,84,122,73,174,135,21,99,16,77,112,71,56,18,62,2,24,197,26,9,143,20,3,120,121,160,92,49,130,22,38,34,124,94,75,12,165,153,187,127,39,107,87,76,50,53,93,23,30,134,58,86,69,64,101,151,54,158,199,6,117,98,25,110,81,52,182,28,162,78,60,79,185,148,167,61,41,36,46,131,59,133,96,157,138,178,164,173,66,126,198,159,140,118,109,29,154,156,106,19,108,146,43,128,85,152,111,83,181,82,192,139,33,13,172,195,40,37,15,35,88,145,189,194,31,171,116,57,0,113,196,89,5,141,119,74,183,63,51,72,147,65,102,115,14,45,55,155,184,161,80,114,177,169,191,11,104,180,163,170,95,137,90,125,149,32,68,97,100,7,175,179,27,150,136,144,70,168,17,103,105,142,190,188,186,176,42,47,132,166,123,44];False
2422;8237;10659;[4,67,193,48,10,1,91,129,8,84,122,73,174,135,21,99,16,77,112,71,56,18,62,120,24,197,26,9,143,20,3,2,121,160,92,49,130,22,38,34,124,94,75,12,165,153,187,127,39,107,87,76,50,53,93,23,30,134,58,86,69,64,101,151,54,158,199,6,117,98,25,110,81,52,182,188,162,78,60,79,185,148,167,61,41,36,46,131,59,133,96,157,138,178,164,173,66,126,198,159,140,118,109,29,154,156,106,19,108,146,43,128,85,152,111,83,181,82,192,139,33,13,172,195,40,37,15,35,88,145,189,194,31,171,116,57,0,113,196,89,5,141,119,74,183,63,51,72,147,65,102,115,14,45,55,155,184,161,80,114,177,169,191,11,104,180,163,170,95,137,90,125,149,32,68,97,100,7,175,179,27,150,136,144,70,168,17,103,105,142,190,28,186,176,42,47,132,166,123,44];False
2381;8278;10659;[4,67,193,48,10,1,91,129,8,84,122,73,174,135,21,99,16,77,112,71,56,18,62,120,173,197,26,9,143,20,3,2,121,160,92,49,130,22,38,34,124,94,75,12,165,153,187,127,39,107,87,76,50,53,93,23,30,134,58,86,69,64,101,151,54,158,199,6,117,98,25,110,81,52,182,28,162,78,60,79,185,148,167,61,41,36,46,131,59,133,96,157,138,178,164,24,66,126,198,159,140,118,109,29,154,156,106,19,108,146,43,128,85,152,111,83,181,82,192,139,33,13,172,195,40,37,15,35,88,145,189,194,31,171,116,57,0,113,196,89,5,141,119,74,183,63,51,72,147,65,102,115,14,45,55,155,184,161,80,114,177,169,191,11,104,180,163,170,95,137,90,125,149,32,68,97,100,7,175,179,27,150,136,144,70,168,17,103,105,142,190,188,186,176,42,47,132,166,123,44];False
2409;8250;10659;[4,67,193,48,10,1,91,129,8,84,122,73,174,135,21,99,16,77,112,71,56,18,62,120,24,197,26,9,143,20,3,2,121,160,92,49,130,22,38,34,124,94,75,12,165,153,187,127,39,107,87,76,50,53,93,23,30,134,58,86,69,64,101,151,54,158,199,6,117,98,25,110,81,52,182,28,162,78,60,79,185,148,167,61,41,36,46,131,59,133,96,157,188,178,164,173,66,126,198,159,140,118,109,29,154,156,106,19,108,146,43,128,85,152,111,83,181,82,192,139,33,13,172,195,40,37,15,35,88,145,189,194,31,171,116,57,0,113,196,89,5,141,119,74,183,63,51,72,147,65,102,115,14,45,55,155,184,161,80,114,177,169,191,11,104,180,163,170,95,137,90,125,149,32,68,97,100,7,175,179,27,150,136,144,70,168,17,103,105,142,190,138,186,176,42,47,132,166,123,44];False
2382;8277;10659;[4,67,193,48,10,1,157,129,8,84,122,73,174,135,21,99,16,77,112,71,56,18,62,120,24,197,26,9,143,20,3,2,121,160,92,49,130,22,38,34,124,94,75,12,165,153,187,127,39,107,87,76,50,53,93,23,30,134,58,86,69,64,101,151,54,158,199,6,117,98,25,110,81,52,182,28,162,78,60,79,185,148,167,61,41,36,46,131,59,133,96,91,138,178,164,173,66,126,198,159,140,118,109,29,154,156,106,19,108,146,43,128,85,152,111,83,181,82,192,139,33,13,172,195,40,37,15,35,88,145,189,194,31,171,116,57,0,113,196,89,5,141,119,74,183,63,51,72,147,65,102,115,14,45,55,155,184,161,80,114,177,169,191,11,104,180,163,170,95,137,90,125,149,32,68,97,100,7,175,179,27,150,136,144,70,168,17,103,105,142,190,188,186,176,42,47,132,166,123,44];False
2404;8254;10658;[4,67,193,48,10,1,91,129,8,84,122,73,174,135,21,99,16,77,112,71,56,18,62,120,24,197,26,9,143,20,3,2,121,160,92,49,130,22,38,34,124,94,75,12,165,153,187,127,39,107,87,76,50,53,93,23,30,134,58,88,69,64,101,151,54,158,199,6,117,98,25,110,81,52,182,28,162,78,60,79,185,148,167,61,41,36,46,131,59,133,96,157,138,178,164,173,66,126,198,159,140,118,109,29,154,156,106,19,108,146,43,128,85,152,111,83,181,82,192,139,33,13,172,195,40,37,15,35,86,145,189,194,31,171,116,57,0,113,196,89,5,141,119,74,183,63,51,72,147,65,102,115,14,45,55,155,184,161,80,114,177,169,191,11,104,180,163,170,95,137,90,125,149,32,68,97,100,7,175,179,27,150,136,144,70,168,17,103,105,142,190,188,186,176,42,47,132,166,123,44];False
2397;8261;10658;[4,90,193,48,10,1,91,129,8,84,122,73,174,135,21,99,16,77,112,71,56,18,62,120,24,197,26,9,143,20,3,2,121,160,92,49,130,22,38,34,124,94,75,12,165,153,187,127,39,107,87,76,50,53,93,23,30,134,58,86,69,64,101,151,54,158,199,6,117,98,25,110,81,52,182,28,162,78,60,79,185,148,167,61,41,36,46,131,59,133,96,157,138,178,164,173,66,126,198,159,140,118,109,29,154,156,106,19,108,146,43,128,85,152,111,83,181,82,192,139,33,13,172,195,40,37,15,35,88,145,189,194,31,171,116,57,0,113,196,89,5,141,119,74,183,63,51,72,147,65,102,115,14,45,55,155,184,161,80,114,177,169,191,11,104,180,163,170,95,137,67,125,149,32,68,97,100,7,175,179,27,150,136,144,70,168,17,103,105,142,190,188,186,176,42,47,132,166,123,44];False
2340;8318;10658;[4,67,193,48,10,1,91,129,8,84,122,73,174,135,21,99,16,77,112,71,56,18,62,120,24,197,26,9,143,20,3,2,121,160,92,49,130,22,38,34,124,94,75,12,165,153,187,127,39,107,87,76,50,53,93,23,30,134,58,86,69,64,101,151,54,158,199,6,117,98,25,110,81,52,182,28,162,78,60,79,185,148,167,61,41,36,46,131,59,133,96,157,138,178,164,173,66,126,198,159,140,118,109,29,154,156,106,19,108,146,43,128,85,152,111,123,181,82,192,139,33,13,172,195,40,37,15,35,88,145,189,194,31,171,116,57,0,113,196,89,5,141,119,74,183,63,51,72,147,65,102,115,14,45,55,155,184,161,80,114,177,169,191,11,104,180,163,170,95,137,90,125,149,32,68,97,100,7,175,179,27,150,136,144,70,168,17,103,105,142,190,188,186,176,42,47,132,166,83,44];False
2413;8245;10658;[4,67,193,48,10,1,91,129,8,84,122,73,174,135,21,99,16,77,112,71,56,18,62,120,24,197,26,9,143,20,3,2,121,160,92,49,130,22,38,34,124,94,75,12,165,153,187,127,39,107,87,76,50,53,93,23,30,134,58,86,69,163,101,151,54,158,199,6,117,98,25,110,81,52,182,28,162,78,60,79,185,148,167,61,41,36,46,131,59,133,96,157,138,178,164,173,66,126,198,159,140,118,109,29,154,156,106,19,108,146,43,128,85,152,111,83,181,82,192,139,33,13,172,195,40,37,15,35,88,145,189,194,31,171,116,57,0,113,196,89,5,141,119,74,183,63,51,72,147,65,102,115,14,45,55,155,184,161,80,114,177,169,191,11,104,180,64,170,95,137,90,125,149,32,68,97,100,7,175,179,27,150,136,144,70,168,17,103,105,142,190,188,186,176,42,47,132,166,123,44];False
2387;8271;10658;[4,67,193,48,10,1,91,129,8,84,122,73,174,135,21,99,16,77,112,71,56,143,62,120,24,197,26,9,18,20,3,2,121,160,92,49,130,22,38,34,124,94,75,12,165,153,187,127,39,107,87,76,50,53,93,23,30,134,58,86,69,64,101,151,54,158,199,6,117,98,25,110,81,52,182,28,162,78,60,79,185,148,167,61,41,36,46,131,59,133,96,157,138,178,164,173,66,126,198,159,140,118,109,29,154,156,106,19,108,146,43,128,85,152,111,83,181,82,192,139,33,13,172,195,40,37,15,35,88,145,189,194,31,171,116,57,0,113,196,89,5,141,119,74,183,63,51,72,147,65,102,115,14,45,55,155,184,161,80,114,177,169,191,11,104,180,163,170,95,137,90,125,149,32,68,97,100,7,175,179,27,150,136,144,70,168,17,103,105,142,190,188,186,176,42,47,132,166,123,44];False
2382;8276;10658;[4,67,193,48,10,1,91,129,8,84,122,73,174,135,21,99,16,77,112,71,56,18,62,120,24,197,26,9,143,20,3,2,121,160,92,49,130,22,38,34,124,94,75,12,165,153,187,127,39,107,87,76,50,53,93,23,30,134,58,86,69,64,101,151,54,158,199,6,117,98,25,110,81,52,182,126,162,78,60,79,185,148,167,61,41,36,46,131,59,133,96,157,138,178,164,173,66,28,198,159,140,118,109,29,154,156,106,19,108,146,43,128,85,152,111,83,181,82,192,139,33,13,172,195,40,37,15,35,88,145,189,194,31,171,116,57,0,113,196,89,5,141,119,74,183,63,51,72,147,65,102,115,14,45,55,155,184,161,80,114,177,169,191,11,104,180,163,170,95,137,90,125,149,32,68,97,100,7,175,179,27,150,136,144,70,168,17,103,105,142,190,188,186,176,42,47,132,166,123,44];False
2388;8270;10658;[4,67,193,48,10,1,91,129,8,84,122,73,174,135,21,99,16,77,112,71,56,18,62,120,24,197,26,9,143,20,3,2,22,160,92,49,130,121,38,34,124,94,75,12,165,153,187,127,39,107,87,76,50,53,93,23,30,134,58,86,69,64,101,151,54,158,199,6,117,98,25,110,81,52,182,28,162,78,60,79,185,148,167,61,41,36,46,131,59,133,96,157,138,178,164,173,66,126,198,159,140,118,109,29,154,156,106,19,108,146,43,128,85,152,111,83,181,82,192,139,33,13,172,195,40,37,15,35,88,145,189,194,31,171,116,57,0,113,196,89,5,141,119,74,183,63,51,72,147,65,102,115,14,45,55,155,184,161,80,114,177,169,191,11,104,180,163,170,95,137,90,125,149,32,68,97,100,7,175,179,27,150,136,144,70,168,17,103,105,142,190,188,186,176,42,47,132,166,123,44];False
2364;8294;10658;[4,67,193,48,10,1,91,129,8,84,122,73,174,135,21,99,16,77,112,71,56,18,62,120,24,197,26,9,143,20,3,2,121,160,92,49,130,22,38,34,124,94,75,12,165,153,187,127,39,107,87,76,50,53,93,23,30,134,58,86,69,64,101,151,54,158,199,6,117,98,25,110,81,52,182,28,162,78,60,79,185,148,167,61,41,36,46,131,59,164,96,157,138,178,133,173,66,126,198,159,140,118,109,29,154,156,106,19,108,146,43,128,85,152,111,83,181,82,192,139,33,13,172,195,40,37,15,35,88,145,189,194,31,171,116,57,0,113,196,89,5,141,119,74,183,63,51,72,147,65,102,115,14,45,55,155,184,161,80,114,177,169,191,11,104,180,163,170,95,137,90,125,149,32,68,97,100,7,175,179,27,150,136,144,70,168,17,103,105,142,190,188,186,176,42,47,132,166,123,44];False
2393;8265;10658;[4,67,193,48,10,1,91,129,8,84,122,73,174,135,21,99,16,77,112,71,56,18,62,120,24,197,26,9,143,20,3,2,121,160,92,49,130,22,38,34,124,94,75,12,165,153,187,127,39,107,87,76,50,53,93,23,30,134,58,86,69,64,101,151,54,158,199,6,117,98,25,110,81,52,182,28,162,78,60,79,185,148,167,61,41,36,46,131,59,133,96,126,138,178,164,173,66,157,198,159,140,118,109,29,154,156,106,19,108,146,43,128,85,152,111,83,181,82,192,139,33,13,172,195,40,37,15,35,88,145,189,194,31,171,116,57,0,113,196,89,5,141,119,74,183,63,51,72,147,65,102,115,14,45,55,155,184,161,80,114,177,169,191,11,104,180,163,170,95,137,90,125,149,32,68,97,100,7,175,179,27,150,136,144,70,168,17,103,105,142,190,188,186,176,42,47,132,166,123,44];False
2378;8280;10658;[4,67,193,48,10,1,91,129,8,84,122,73,174,135,21,99,16,0,112,71,56,18,62,120,24,197,26,9,143,20,3,2,121,160,92,49,130,22,38,34,124,94,75,12,165,153,187,127,39,107,87,76,50,53,93,23,30,134,58,86,69,64,101,151,54,158,199,6,117,98,25,110,81,52,182,28,162,78,60,79,185,148,167,61,41,36,46,131,59,133,96,157,138,178,164,173,66,126,198,159,140,118,109,29,154,156,106,19,108,146,43,128,85,152,111,83,181,82,192,139,33,13,172,195,40,37,15,35,88,145,189,194,31,171,116,57,77,113,196,89,5,141,119,74,183,63,51,72,147,65,102,115,14,45,55,155,184,161,80,114,177,169,191,11,104,180,163,170,95,137,90,125,149,32,68,97,100,7,175,179,27,150,136,144,70,168,17,103,105,142,190,188,186,176,42,47,132,166,123,44];False
2402;8256;10658;[4,67,193,48,10,1,91,129,8,84,122,73,174,135,21,99,16,77,112,71,56,18,62,120,24,197,26,9,143,20,3,2,121,160,92,49,130,22,38,34,124,94,75,12,165,153,187,127,39,107,87,76,50,53,93,23,30,134,58,86,69,64,101,151,54,158,199,6,117,98,25,110,81,52,182,28,162,78,60,79,185,148,167,61,41,36,46,131,59,133,96,157,138,178,164,173,66,126,198,159,140,118,109,29,154,156,106,19,108,146,43,128,85,152,111,83,181,82,192,139,33,13,172,137,40,37,15,35,88,145,189,194,31,171,116,57,0,113,196,89,5,141,119,74,183,63,51,72,147,65,102,115,14,45,55,155,184,161,80,114,177,169,191,11,104,180,163,170,95,195,90,125,149,32,68,97,100,7,175,179,27,150,136,144,70,168,17,103,105,142,190,188,186,176,42,47,132,166,123,44];False
2308;8349;10657;[4,67,193,48,10,1,91,129,8,84,122,73,174,135,21,99,16,77,112,71,56,18,62,120,24,197,26,9,143,20,3,2,121,160,92,49,130,22,38,34,124,94,75,12,165,153,187,127,39,107,87,76,50,53,93,23,63,134,58,86,69,64,101,151,54,158,199,6,117,98,25,110,81,52,182,28,162,78,60,79,185,148,167,61,41,36,46,131,59,133,96,157,138,178,164,173,66,126,198,159,140,118,109,29,154,156,106,19,108,146,43,128,85,152,111,83,181,82,192,139,33,13,172,195,40,37,15,35,88,145,189,194,31,171,116,57,0,113,196,89,5,141,119,74,183,30,51,72,147,65,102,115,14,45,55,155,184,161,80,114,177,169,191,11,104,180,163,170,95,137,90,125,149,32,68,97,100,7,175,179,27,150,136,144,70,168,17,103,105,142,190,188,186,176,42,47,132,166,123,44];False
2415;8242;10657;[4,171,193,48,10,1,91,129,8,84,122,73,174,135,21,99,16,77,112,71,56,18,62,120,24,197,26,9,143,20,3,2,121,160,92,49,130,22,38,34,124,94,75,12,165,153,187,127,39,107,87,76,50,53,93,23,30,134,58,86,69,64,101,151,54,158,199,6,117,98,25,110,81,52,182,28,162,78,60,79,185,148,167,61,41,36,46,131,59,133,96,157,138,178,164,173,66,126,198,159,140,118,109,29,154,156,106,19,108,146,43,128,85,152,111,83,181,82,192,139,33,13,172,195,40,37,15,35,88,145,189,194,31,67,116,57,0,113,196,89,5,141,119,74,183,63,51,72,147,65,102,115,14,45,55,155,184,161,80,114,177,169,191,11,104,180,163,170,95,137,90,125,149,32,68,97,100,7,175,179,27,150,136,144,70,168,17,103,105,142,190,188,186,176,42,47,132,166,123,44];False
2376;8281;10657;[4,67,193,48,10,1,91,129,8,84,122,73,174,135,21,99,16,77,112,71,56,18,62,139,24,197,26,9,143,20,3,2,121,160,92,49,130,22,38,34,124,94,75,12,165,153,187,127,39,107,87,76,50,53,93,23,30,134,58,86,69,64,101,151,54,158,199,6,117,98,25,110,81,52,182,28,162,78,60,79,185,148,167,61,41,36,46,131,59,133,96,157,138,178,164,173,66,126,198,159,140,118,109,29,154,156,106,19,108,146,43,128,85,152,111,83,181,82,192,120,33,13,172,195,40,37,15,35,88,145,189,194,31,171,116,57,0,113,196,89,5,141,119,74,183,63,51,72,147,65,102,115,14,45,55,155,184,161,80,114,177,169,191,11,104,180,163,170,95,137,90,125,149,32,68,97,100,7,175,179,27,150,136,144,70,168,17,103,105,142,190,188,186,176,42,47,132,166,123,44];False
2361;8296;10657;[4,67,193,48,10,1,91,129,8,84,122,73,174,135,21,99,16,77,112,71,56,18,62,120,24,197,26,9,143,20,3,2,121,160,92,49,130,22,38,34,124,94,75,12,165,153,187,127,39,107,87,76,50,53,93,23,30,134,144,86,69,64,101,151,54,158,199,6,117,98,25,110,81,52,182,28,162,78,60,79,185,148,167,61,41,36,46,131,59,133,96,157,138,178,164,173,66,126,198,159,140,118,109,29,154,156,106,19,108,146,43,128,85,152,111,83,181,82,192,139,33,13,172,195,40,37,15,35,88,145,189,194,31,171,116,57,0,113,196,89,5,141,119,74,183,63,51,72,147,65,102,115,14,45,55,155,184,161,80,114,177,169,191,11,104,180,163,170,95,137,90,125,149,32,68,97,100,7,175,179,27,150,136,58,70,168,17,103,105,142,190,188,186,176,42,47,132,166,123,44];False
2383;8274;10657;[4,67,193,48,10,1,91,129,8,84,122,73,174,135,21,99,16,77,112,71,56,18,62,120,24,197,26,9,143,20,3,2,121,160,92,49,130,22,38,34,124,94,75,12,165,153,187,127,39,107,87,76,50,53,93,23,102,134,58,86,69,64,101,151,54,158,199,6,117,98,25,110,81,52,182,28,162,78,60,79,185,148,167,61,41,36,46,131,59,133,96,157,138,178,164,173,66,126,198,159,140,118,109,29,154,156,106,19,108,146,43,128,85,152,111,83,181,82,192,139,33,13,172,195,40,37,15,35,88,145,189,194,31,171,116,57,0,113,196,89,5,141,119,74,183,63,51,72,147,65,30,115,14,45,55,155,184,161,80,114,177,169,191,11,104,180,163,170,95,137,90,125,149,32,68,97,100,7,175,179,27,150,136,144,70,168,17,103,105,142,190,188,186,176,42,47,132,166,123,44];False
2400;8257;10657;[4,67,193,48,10,1,91,129,8,84,122,73,174,135,21,99,16,77,112,71,56,18,62,120,24,197,26,9,143,20,3,2,121,160,92,49,130,22,38,34,124,94,75,12,165,153,187,127,39,107,87,76,50,53,93,23,30,134,58,86,69,64,101,151,54,158,199,6,117,98,25,110,81,52,182,28,162,78,60,79,185,148,167,61,161,36,46,131,59,133,96,157,138,178,164,173,66,126,198,159,140,118,109,29,154,156,106,19,108,146,43,128,85,152,111,83,181,82,192,139,33,13,172,195,40,37,15,35,88,145,189,194,31,171,116,57,0,113,196,89,5,141,119,74,183,63,51,72,147,65,102,115,14,45,55,155,184,41,80,114,177,169,191,11,104,180,163,170,95,137,90,125,149,32,68,97,100,7,175,179,27,150,136,144,70,168,17,103,105,142,190,188,186,176,42,47,132,166,123,44];False
2352;8305;10657;[4,67,193,48,10,1,91,129,8,84,122,73,174,135,21,99,16,77,112,71,56,18,62,120,24,197,26,9,143,20,3,2,121,160,92,49,130,22,38,34,124,94,75,12,165,153,187,127,39,107,87,76,50,53,93,23,30,134,58,86,69,64,101,151,54,158,199,6,117,98,25,110,81,52,182,28,162,78,60,79,185,148,167,61,41,36,46,44,59,133,96,157,138,178,164,173,66,126,198,159,140,118,109,29,154,156,106,19,108,146,43,128,85,152,111,83,181,82,192,139,33,13,172,195,40,37,15,35,88,145,189,194,31,171,116,57,0,113,196,89,5,141,119,74,183,63,51,72,147,65,102,115,14,45,55,155,184,161,80,114,177,169,191,11,104,180,163,170,95,137,90,125,149,32,68,97,100,7,175,179,27,150,136,144,70,168,17,103,105,142,190,188,186,176,42,47,132,166,123,131];False
2422;8235;10657;[4,67,193,48,10,1,91,129,8,84,176,73,174,135,21,99,16,77,112,71,56,18,62,120,24,197,26,9,143,20,3,2,121,160,92,49,130,22,38,34,124,94,75,12,165,153,187,127,39,107,87,76,50,53,93,23,30,134,58,86,69,64,101,151,54,158,199,6,117,98,25,110,81,52,182,28,162,78,60,79,185,148,167,61,41,36,46,131,59,133,96,157,138,178,164,173,66,126,198,159,140,118,109,29,154,156,106,19,108,146,43,128,85,152,111,83,181,82,192,139,33,13,172,195,40,37,15,35,88,145,189,194,31,171,116,57,0,113,196,89,5,141,119,74,183,63,51,72,147,65,102,115,14,45,55,155,184,161,80,114,177,169,191,11,104,180,163,170,95,137,90,125,149,32,68,97,100,7,175,179,27,150,136,144,70,168,17,103,105,142,190,188,186,122,42,47,132,166,123,44];False
2370;8287;10657;[4,67,193,48,10,1,91,129,8,84,122,73,174,135,21,99,16,77,112,71,56,18,62,120,24,197,26,9,143,20,3,2,121,160,92,49,130,22,38,34,124,94,75,12,165,153,187,127,39,107,87,76,50,53,93,23,30,134,58,86,69,64,101,151,54,158,199,6,117,98,25,110,81,52,182,28,162,45,60,79,185,148,167,61,41,36,46,131,59,133,96,157,138,178,164,173,66,126,198,159,140,118,109,29,154,156,106,19,108,146,43,128,85,152,111,83,181,82,192,139,33,13,172,195,40,37,15,35,88,145,189,194,31,171,116,57,0,113,196,89,5,141,119,74,183,63,51,72,147,65,102,115,14,78,55,155,184,161,80,114,177,169,191,11,104,180,163,170,95,137,90,125,149,32,68,97,100,7,175,179,27,150,136,144,70,168,17,103,105,142,190,188,186,176,42,47,132,166,123,44];False
2376;8281;10657;[4,67,193,48,10,1,91,129,8,84,122,73,174,135,21,99,16,77,112,71,56,18,62,120,24,197,26,9,143,20,3,2,121,160,92,49,130,22,38,34,124,94,75,12,165,153,187,127,39,107,87,76,50,53,93,23,30,134,58,86,69,64,101,151,54,158,199,6,117,98,188,110,81,52,182,28,162,78,60,79,185,148,167,61,41,36,46,131,59,133,96,157,138,178,164,173,66,126,198,159,140,118,109,29,154,156,106,19,108,146,43,128,85,152,111,83,181,82,192,139,33,13,172,195,40,37,15,35,88,145,189,194,31,171,116,57,0,113,196,89,5,141,119,74,183,63,51,72,147,65,102,115,14,45,55,155,184,161,80,114,177,169,191,11,104,180,163,170,95,137,90,125,149,32,68,97,100,7,175,179,27,150,136,144,70,168,17,103,105,142,190,25,186,176,42,47,132,166,123,44];False
2362;8295;10657;[4,67,193,48,10,1,91,129,8,84,122,73,174,135,21,99,16,77,112,71,56,18,62,120,24,197,26,9,143,20,3,2,121,160,92,49,130,22,38,34,124,94,75,12,165,153,187,127,39,107,87,76,50,53,93,23,30,134,58,86,69,64,101,151,54,158,199,6,117,98,25,110,81,52,182,28,162,78,60,79,185,148,167,61,41,36,46,131,59,133,96,157,138,178,164,173,66,126,198,159,195,118,109,29,154,156,106,19,108,146,43,128,85,152,111,83,181,82,192,139,33,13,172,140,40,37,15,35,88,145,189,194,31,171,116,57,0,113,196,89,5,141,119,74,183,63,51,72,147,65,102,115,14,45,55,155,184,161,80,114,177,169,191,11,104,180,163,170,95,137,90,125,149,32,68,97,100,7,175,179,27,150,136,144,70,168,17,103,105,142,190,188,186,176,42,47,132,166,123,44];False
2412;8245;10657;[4,67,193,48,10,1,91,129,8,84,122,73,174,135,21,99,16,77,112,71,56,18,62,120,24,197,26,9,143,20,3,2,121,160,92,49,130,22,38,34,124,94,75,12,165,153,187,127,39,107,87,76,50,53,93,23,30,134,58,86,69,64,101,151,54,158,199,6,117,98,25,110,81,52,182,28,162,78,60,79,185,148,167,61,41,36,46,131,59,133,96,157,138,178,164,173,66,126,198,159,140,118,109,29,154,156,106,19,108,146,43,128,85,152,111,83,181,82,192,139,33,13,172,195,40,37,15,35,88,145,189,194,31,171,116,57,0,113,196,89,5,141,119,74,183,63,51,72,147,65,102,115,14,45,55,155,184,161,80,114,177,169,191,11,104,180,163,170,95,137,90,125,149,32,68,97,100,7,175,179,27,150,136,144,70,44,17,103,105,142,190,188,186,176,42,47,132,166,123,168];False
2365;8292;10657;[4,67,193,48,10,1,91,129,8,84,122,73,174,135,21,99,16,77,112,71,56,18,62,120,24,197,180,9,143,20,3,2,121,160,92,49,130,22,38,34,124,94,75,12,165,153,187,127,39,107,87,76,50,53,93,23,30,134,58,86,69,64,101,151,54,158,199,6,117,98,25,110,81,52,182,28,162,78,60,79,185,148,167,61,41,36,46,131,59,133,96,157,138,178,164,173,66,126,198,159,140,118,109,29,154,156,106,19,108,146,43,128,85,152,111,83,181,82,192,139,33,13,172,195,40,37,15,35,88,145,189,194,31,171,116,57,0,113,196,89,5,141,119,74,183,63,51,72,147,65,102,115,14,45,55,155,184,161,80,114,177,169,191,11,104,26,163,170,95,137,90,125,149,32,68,97,100,7,175,179,27,150,136,144,70,168,17,103,105,142,190,188,186,176,42,47,132,166,123,44];False
2358;8299;10657;[4,67,193,132,10,1,91,129,8,84,122,73,174,135,21,99,16,77,112,71,56,18,62,120,24,197,26,9,143,20,3,2,121,160,92,49,130,22,38,34,124,94,75,12,165,153,187,127,39,107,87,76,50,53,93,23,30,134,58,86,69,64,101,151,54,158,199,6,117,98,25,110,81,52,182,28,162,78,60,79,185,148,167,61,41,36,46,131,59,133,96,157,138,178,164,173,66,126,198,159,140,118,109,29,154,156,106,19,108,146,43,128,85,152,111,83,181,82,192,139,33,13,172,195,40,37,15,35,88,145,189,194,31,171,116,57,0,113,196,89,5,141,119,74,183,63,51,72,147,65,102,115,14,45,55,155,184,161,80,114,177,169,191,11,104,180,163,170,95,137,90,125,149,32,68,97,100,7,175,179,27,150,136,144,70,168,17,103,105,142,190,188,186,176,42,47,48,166,123,44];False
2361;8296;10657;[4,67,193,48,10,1,91,129,8,84,122,73,174,135,21,99,16,77,112,71,56,18,62,120,24,197,26,9,143,20,3,2,121,160,92,49,130,22,38,34,124,94,75,12,165,153,187,127,39,169,87,76,50,53,93,23,30,134,58,86,69,64,101,151,54,158,199,6,117,98,25,110,81,52,182,28,162,78,60,79,185,148,167,61,41,36,46,131,59,133,96,157,138,178,164,173,66,126,198,159,140,118,109,29,154,156,106,19,108,146,43,128,85,152,111,83,181,82,192,139,33,13,172,195,40,37,15,35,88,145,189,194,31,171,116,57,0,113,196,89,5,141,119,74,183,63,51,72,147,65,102,115,14,45,55,155,184,161,80,114,177,107,191,11,104,180,163,170,95,137,90,125,149,32,68,97,100,7,175,179,27,150,136,144,70,168,17,103,105,142,190,188,186,176,42,47,132,166,123,44];False
2373;8284;10657;[4,67,193,48,10,1,91,129,8,84,122,73,174,135,21,99,16,74,112,71,56,18,62,120,24,197,26,9,143,20,3,2,121,160,92,49,130,22,38,34,124,94,75,12,165,153,187,127,39,107,87,76,50,53,93,23,30,134,58,86,69,64,101,151,54,158,199,6,117,98,25,110,81,52,182,28,162,78,60,79,185,148,167,61,41,36,46,131,59,133,96,157,138,178,164,173,66,126,198,159,140,118,109,29,154,156,106,19,108,146,43,128,85,152,111,83,181,82,192,139,33,13,172,195,40,37,15,35,88,145,189,194,31,171,116,57,0,113,196,89,5,141,119,77,183,63,51,72,147,65,102,115,14,45,55,155,184,161,80,114,177,169,191,11,104,180,163,170,95,137,90,125,149,32,68,97,100,7,175,179,27,150,136,144,70,168,17,103,105,142,190,188,186,176,42,47,132,166,123,44];False
2400;8257;10657;[4,67,193,48,10,1,91,129,8,84,88,73,174,135,21,99,16,77,112,71,56,18,62,120,24,197,26,9,143,20,3,2,121,160,92,49,130,22,38,34,124,94,75,12,165,153,187,127,39,107,87,76,50,53,93,23,30,134,58,86,69,64,101,151,54,158,199,6,117,98,25,110,81,52,182,28,162,78,60,79,185,148,167,61,41,36,46,131,59,133,96,157,138,178,164,173,66,126,198,159,140,118,109,29,154,156,106,19,108,146,43,128,85,152,111,83,181,82,192,139,33,13,172,195,40,37,15,35,122,145,189,194,31,171,116,57,0,113,196,89,5,141,119,74,183,63,51,72,147,65,102,115,14,45,55,155,184,161,80,114,177,169,191,11,104,180,163,170,95,137,90,125,149,32,68,97,100,7,175,179,27,150,136,144,70,168,17,103,105,142,190,188,186,176,42,47,132,166,123,44];False
2405;8252;10657;[4,67,115,48,10,1,91,129,8,84,122,73,174,135,21,99,16,77,112,71,56,18,62,120,24,197,26,9,143,20,3,2,121,160,92,49,130,22,38,34,124,94,75,12,165,153,187,127,39,107,87,76,50,53,93,23,30,134,58,86,69,64,101,151,54,158,199,6,117,98,25,110,81,52,182,28,162,78,60,79,185,148,167,61,41,36,46,131,59,133,96,157,138,178,164,173,66,126,198,159,140,118,109,29,154,156,106,19,108,146,43,128,85,152,111,83,181,82,192,139,33,13,172,195,40,37,15,35,88,145,189,194,31,171,116,57,0,113,196,89,5,141,119,74,183,63,51,72,147,65,102,193,14,45,55,155,184,161,80,114,177,169,191,11,104,180,163,170,95,137,90,125,149,32,68,97,100,7,175,179,27,150,136,144,70,168,17,103,105,142,190,188,186,176,42,47,132,166,123,44];False
2409;8248;10657;[4,67,193,48,10,1,91,129,8,84,122,73,174,135,21,99,16,77,112,71,56,18,62,120,24,197,26,9,143,20,3,2,121,160,92,49,130,22,38,34,124,94,75,12,165,153,187,127,39,107,87,76,50,53,93,23,30,134,58,86,69,64,101,151,54,158,199,6,117,98,25,110,81,52,182,28,162,78,60,79,185,148,167,61,41,36,46,131,59,133,96,157,138,178,164,173,66,126,198,159,140,118,109,29,154,156,106,19,108,146,43,128,85,152,111,83,181,82,192,139,33,13,172,195,40,37,15,80,88,145,189,194,31,171,116,57,0,113,196,89,5,141,119,74,183,63,51,72,147,65,102,115,14,45,55,155,184,161,35,114,177,169,191,11,104,180,163,170,95,137,90,125,149,32,68,97,100,7,175,179,27,150,136,144,70,168,17,103,105,142,190,188,186,176,42,47,132,166,123,44];False
2395;8261;10656;[4,67,193,48,10,1,91,129,8,84,122,73,174,135,21,99,16,77,112,71,56,18,62,120,24,197,26,9,143,20,3,2,121,160,92,49,130,22,38,34,124,94,75,12,165,153,187,127,39,107,87,76,50,53,93,23,186,134,58,86,69,64,101,151,54,158,199,6,117,98,25,110,81,52,182,28,162,78,60,79,185,148,167,61,41,36,46,131,59,133,96,157,138,178,164,173,66,126,198,159,140,118,109,29,154,156,106,19,108,146,43,128,85,152,111,83,181,82,192,139,33,13,172,195,40,37,15,35,88,145,189,194,31,171,116,57,0,113,196,89,5,141,119,74,183,63,51,72,147,65,102,115,14,45,55,155,184,161,80,114,177,169,191,11,104,180,163,170,95,137,90,125,149,32,68,97,100,7,175,179,27,150,136,144,70,168,17,103,105,142,190,188,30,176,42,47,132,166,123,44];False
2389;8267;10656;[4,67,193,48,10,1,91,24,8,84,122,73,174,135,21,99,16,77,112,71,56,18,62,120,129,197,26,9,143,20,3,2,121,160,92,49,130,22,38,34,124,94,75,12,165,153,187,127,39,107,87,76,50,53,93,23,30,134,58,86,69,64,101,151,54,158,199,6,117,98,25,110,81,52,182,28,162,78,60,79,185,148,167,61,41,36,46,131,59,133,96,157,138,178,164,173,66,126,198,159,140,118,109,29,154,156,106,19,108,146,43,128,85,152,111,83,181,82,192,139,33,13,172,195,40,37,15,35,88,145,189,194,31,171,116,57,0,113,196,89,5,141,119,74,183,63,51,72,147,65,102,115,14,45,55,155,184,161,80,114,177,169,191,11,104,180,163,170,95,137,90,125,149,32,68,97,100,7,175,179,27,150,136,144,70,168,17,103,105,142,190,188,186,176,42,47,132,166,123,44];False
2386;8270;10656;[4,67,193,48,49,1,91,129,8,84,122,73,174,135,21,99,16,77,112,71,56,18,62,120,24,197,26,9,143,20,3,2,121,160,92,10,130,22,38,34,124,94,75,12,165,153,187,127,39,107,87,76,50,53,93,23,30,134,58,86,69,64,101,151,54,158,199,6,117,98,25,110,81,52,182,28,162,78,60,79,185,148,167,61,41,36,46,131,59,133,96,157,138,178,164,173,66,126,198,159,140,118,109,29,154,156,106,19,108,146,43,128,85,152,111,83,181,82,192,139,33,13,172,195,40,37,15,35,88,145,189,194,31,171,116,57,0,113,196,89,5,141,119,74,183,63,51,72,147,65,102,115,14,45,55,155,184,161,80,114,177,169,191,11,104,180,163,170,95,137,90,125,149,32,68,97,100,7,175,179,27,150,136,144,70,168,17,103,105,142,190,188,186,176,42,47,132,166,123,44];False
2387;8269;10656;[4,67,193,48,10,1,91,129,8,84,122,73,174,135,21,99,16,77,112,71,56,18,62,120,24,197,26,9,143,20,3,2,121,160,92,49,130,22,38,34,124,94,75,12,148,153,187,127,39,107,87,76,50,53,93,23,30,134,58,86,69,64,101,151,54,158,199,6,117,98,25,110,81,52,182,28,162,78,60,79,185,165,167,61,41,36,46,131,59,133,96,157,138,178,164,173,66,126,198,159,140,118,109,29,154,156,106,19,108,146,43,128,85,152,111,83,181,82,192,139,33,13,172,195,40,37,15,35,88,145,189,194,31,171,116,57,0,113,196,89,5,141,119,74,183,63,51,72,147,65,102,115,14,45,55,155,184,161,80,114,177,169,191,11,104,180,163,170,95,137,90,125,149,32,68,97,100,7,175,179,27,150,136,144,70,168,17,103,105,142,190,188,186,176,42,47,132,166,123,44];False
2357;8299;10656;[4,67,193,48,10,1,91,129,8,84,122,73,174,135,21,99,16,77,112,71,56,18,62,120,24,197,26,9,143,20,3,2,121,160,92,49,130,22,38,34,124,94,75,12,155,153,187,127,39,107,87,76,50,53,93,23,30,134,58,86,69,64,101,151,54,158,199,6,117,98,25,110,81,52,182,28,162,78,60,79,185,148,167,61,41,36,46,131,59,133,96,157,138,178,164,173,66,126,198,159,140,118,109,29,154,156,106,19,108,146,43,128,85,152,111,83,181,82,192,139,33,13,172,195,40,37,15,35,88,145,189,194,31,171,116,57,0,113,196,89,5,141,119,74,183,63,51,72,147,65,102,115,14,45,55,165,184,161,80,114,177,169,191,11,104,180,163,170,95,137,90,125,149,32,68,97,100,7,175,179,27,150,136,144,70,168,17,103,105,142,190,188,186,176,42,47,132,166,123,44];False
2395;8261;10656;[4,180,193,48,10,1,91,129,8,84,122,73,174,135,21,99,16,77,112,71,56,18,62,120,24,197,26,9,143,20,3,2,121,160,92,49,130,22,38,34,124,94,75,12,165,153,187,127,39,107,87,76,50,53,93,23,30,134,58,86,69,64,101,151,54,158,199,6,117,98,25,110,81,52,182,28,162,78,60,79,185,148,167,61,41,36,46,131,59,133,96,157,138,178,164,173,66,126,198,159,140,118,109,29,154,156,106,19,108,146,43,128,85,152,111,83,181,82,192,139,33,13,172,195,40,37,15,35,88,145,189,194,31,171,116,57,0,113,196,89,5,141,119,74,183,63,51,72,147,65,102,115,14,45,55,155,184,161,80,114,177,169,191,11,104,67,163,170,95,137,90,125,149,32,68,97,100,7,175,179,27,150,136,144,70,168,17,103,105,142,190,188,186,176,42,47,132,166,123,44];False
2404;8252;10656;[4,67,193,48,10,1,91,129,8,84,122,73,174,135,21,99,16,77,112,71,70,18,62,120,24,197,26,9,143,20,3,2,121,160,92,49,130,22,38,34,124,94,75,12,165,153,187,127,39,107,87,76,50,53,93,23,30,134,58,86,69,64,101,151,54,158,199,6,117,98,25,110,81,52,182,28,162,78,60,79,185,148,167,61,41,36,46,131,59,133,96,157,138,178,164,173,66,126,198,159,140,118,109,29,154,156,106,19,108,146,43,128,85,152,111,83,181,82,192,139,33,13,172,195,40,37,15,35,88,145,189,194,31,171,116,57,0,113,196,89,5,141,119,74,183,63,51,72,147,65,102,115,14,45,55,155,184,161,80,114,177,169,191,11,104,180,163,170,95,137,90,125,149,32,68,97,100,7,175,179,27,150,136,144,56,168,17,103,105,142,190,188,186,176,42,47,132,166,123,44];False
2364;8292;10656;[4,67,193,48,10,1,140,129,8,84,122,73,174,135,21,99,16,77,112,71,56,18,62,120,24,197,26,9,143,20,3,2,121,160,92,49,130,22,38,34,124,94,75,12,165,153,187,127,39,107,87,76,50,53,93,23,30,134,58,86,69,64,101,151,54,158,199,6,117,98,25,110,81,52,182,28,162,78,60,79,185,148,167,61,41,36,46,131,59,133,96,157,138,178,164,173,66,126,198,159,91,118,109,29,154,156,106,19,108,146,43,128,85,152,111,83,181,82,192,139,33,13,172,195,40,37,15,35,88,145,189,194,31,171,116,57,0,113,196,89,5,141,119,74,183,63,51,72,147,65,102,115,14,45,55,155,184,161,80,114,177,169,191,11,104,180,163,170,95,137,90,125,149,32,68,97,100,7,175,179,27,150,136,144,70,168,17,103,105,142,190,188,186,176,42,47,132,166,123,44];False
2388;8268;10656;[4,67,193,48,10,1,91,129,8,84,122,73,174,135,21,99,16,77,112,71,56,18,62,120,24,197,26,9,143,20,3,2,121,160,92,49,130,22,38,34,124,94,75,12,165,153,187,127,39,107,87,76,50,53,93,23,30,134,58,86,66,64,101,151,54,158,199,6,117,98,25,110,81,52,182,28,162,78,60,79,185,148,167,61,41,36,46,131,59,133,96,157,138,178,164,173,69,126,198,159,140,118,109,29,154,156,106,19,108,146,43,128,85,152,111,83,181,82,192,139,33,13,172,195,40,37,15,35,88,145,189,194,31,171,116,57,0,113,196,89,5,141,119,74,183,63,51,72,147,65,102,115,14,45,55,155,184,161,80,114,177,169,191,11,104,180,163,170,95,137,90,125,149,32,68,97,100,7,175,179,27,150,136,144,70,168,17,103,105,142,190,188,186,176,42,47,132,166,123,44];False
2347;8309;10656;[4,67,193,48,10,1,91,129,8,84,122,73,174,135,181,99,16,77,112,71,56,18,62,120,24,197,26,9,143,20,3,2,121,160,92,49,130,22,38,34,124,94,75,12,165,153,187,127,39,107,87,76,50,53,93,23,30,134,58,86,69,64,101,151,54,158,199,6,117,98,25,110,81,52,182,28,162,78,60,79,185,148,167,61,41,36,46,131,59,133,96,157,138,178,164,173,66,126,198,159,140,118,109,29,154,156,106,19,108,146,43,128,85,152,111,83,21,82,192,139,33,13,172,195,40,37,15,35,88,145,189,194,31,171,116,57,0,113,196,89,5,141,119,74,183,63,51,72,147,65,102,115,14,45,55,155,184,161,80,114,177,169,191,11,104,180,163,170,95,137,90,125,149,32,68,97,100,7,175,179,27,150,136,144,70,168,17,103,105,142,190,188,186,176,42,47,132,166,123,44];False
2398;8258;10656;[4,67,193,48,10,1,91,129,8,84,122,73,174,135,31,99,16,77,112,71,56,18,62,120,24,197,26,9,143,20,3,2,121,160,92,49,130,22,38,34,124,94,75,12,165,153,187,127,39,107,87,76,50,53,93,23,30,134,58,86,69,64,101,151,54,158,199,6,117,98,25,110,81,52,182,28,162,78,60,79,185,148,167,61,41,36,46,131,59,133,96,157,138,178,164,173,66,126,198,159,140,118,109,29,154,156,106,19,108,146,43,128,85,152,111,83,181,82,192,139,33,13,172,195,40,37,15,35,88,145,189,194,21,171,116,57,0,113,196,89,5,141,119,74,183,63,51,72,147,65,102,115,14,45,55,155,184,161,80,114,177,169,191,11,104,180,163,170,95,137,90,125,149,32,68,97,100,7,175,179,27,150,136,144,70,168,17,103,105,142,190,188,186,176,42,47,132,166,123,44];False
2373;8283;10656;[4,67,193,48,10,1,91,129,8,84,122,73,174,135,21,99,44,77,112,71,56,18,62,120,24,197,26,9,143,20,3,2,121,160,92,49,130,22,38,34,124,94,75,12,165,153,187,127,39,107,87,76,50,53,93,23,30,134,58,86,69,64,101,151,54,158,199,6,117,98,25,110,81,52,182,28,162,78,60,79,185,148,167,61,41,36,46,131,59,133,96,157,138,178,164,173,66,126,198,159,140,118,109,29,154,156,106,19,108,146,43,128,85,152,111,83,181,82,192,139,33,13,172,195,40,37,15,35,88,145,189,194,31,171,116,57,0,113,196,89,5,141,119,74,183,63,51,72,147,65,102,115,14,45,55,155,184,161,80,114,177,169,191,11,104,180,163,170,95,137,90,125,149,32,68,97,100,7,175,179,27,150,136,144,70,168,17,103,105,142,190,188,186,176,42,47,132,166,123,16];False
2393;8263;10656;[4,67,193,48,10,1,91,129,8,84,122,73,174,135,21,99,16,77,112,71,56,18,62,120,24,197,26,9,143,20,3,2,121,160,92,49,130,22,38,34,124,94,75,12,165,153,187,127,39,107,87,76,50,53,93,23,30,134,58,86,69,64,101,151,54,158,199,6,117,98,25,110,81,52,182,28,162,78,60,79,185,148,167,61,41,65,46,131,59,133,96,157,138,178,164,173,66,126,198,159,140,118,109,29,154,156,106,19,108,146,43,128,85,152,111,83,181,82,192,139,33,13,172,195,40,37,15,35,88,145,189,194,31,171,116,57,0,113,196,89,5,141,119,74,183,63,51,72,147,36,102,115,14,45,55,155,184,161,80,114,177,169,191,11,104,180,163,170,95,137,90,125,149,32,68,97,100,7,175,179,27,150,136,144,70,168,17,103,105,142,190,188,186,176,42,47,132,166,123,44];False
2417;8239;10656;[4,67,193,48,10,1,91,129,8,84,122,73,174,135,21,99,16,77,112,71,56,18,62,120,24,197,26,9,143,20,3,2,121,160,82,49,130,22,38,34,124,94,75,12,165,153,187,127,39,107,87,76,50,53,93,23,30,134,58,86,69,64,101,151,54,158,199,6,117,98,25,110,81,52,182,28,162,78,60,79,185,148,167,61,41,36,46,131,59,133,96,157,138,178,164,173,66,126,198,159,140,118,109,29,154,156,106,19,108,146,43,128,85,152,111,83,181,92,192,139,33,13,172,195,40,37,15,35,88,145,189,194,31,171,116,57,0,113,196,89,5,141,119,74,183,63,51,72,147,65,102,115,14,45,55,155,184,161,80,114,177,169,191,11,104,180,163,170,95,137,90,125,149,32,68,97,100,7,175,179,27,150,136,144,70,168,17,103,105,142,190,188,186,176,42,47,132,166,123,44];False
2374;8282;10656;[4,67,193,48,10,1,91,129,8,84,122,73,174,135,21,99,16,77,112,71,56,18,62,120,24,197,26,9,143,20,3,2,121,160,92,49,130,22,38,34,124,94,75,12,165,153,187,127,39,107,87,76,50,53,93,23,30,134,58,86,69,64,101,151,54,158,199,6,117,98,25,110,81,52,182,28,162,78,60,79,185,148,167,61,41,36,46,131,59,133,96,157,138,178,164,173,66,126,198,159,140,118,109,29,154,156,106,19,108,146,43,128,85,152,111,83,181,82,192,139,33,13,172,195,40,37,15,35,88,145,189,194,100,171,116,57,0,113,196,89,5,141,119,74,183,63,51,72,147,65,102,115,14,45,55,155,184,161,80,114,177,169,191,11,104,180,163,170,95,137,90,125,149,32,68,97,31,7,175,179,27,150,136,144,70,168,17,103,105,142,190,188,186,176,42,47,132,166,123,44];False
2323;8333;10656;[4,67,193,48,10,1,91,129,8,84,122,73,174,135,21,99,16,77,112,71,56,18,62,120,24,197,26,9,143,20,3,2,121,160,92,49,130,22,38,34,124,94,75,12,165,153,187,127,39,107,87,76,50,53,93,23,30,134,58,86,69,64,101,151,54,158,199,6,117,98,25,110,81,52,182,28,162,78,60,79,185,148,167,61,41,36,46,131,59,133,96,157,138,178,164,173,66,126,198,159,140,118,109,29,154,156,106,19,108,146,43,72,85,152,111,83,181,82,192,139,33,13,172,195,40,37,15,35,88,145,189,194,31,171,116,57,0,113,196,89,5,141,119,74,183,63,51,128,147,65,102,115,14,45,55,155,184,161,80,114,177,169,191,11,104,180,163,170,95,137,90,125,149,32,68,97,100,7,175,179,27,150,136,144,70,168,17,103,105,142,190,188,186,176,42,47,132,166,123,44];False
2367;8289;10656;[4,67,193,48,10,1,91,129,8,84,122,73,174,135,21,99,16,77,112,71,56,18,62,120,24,197,26,9,143,20,3,2,121,160,92,49,130,22,38,34,124,94,75,12,165,153,187,127,39,107,87,76,50,53,93,23,30,134,58,86,69,64,101,151,54,158,199,6,117,98,25,110,81,52,182,28,162,78,60,79,185,148,167,61,41,36,46,131,59,133,96,157,138,178,164,173,66,126,198,159,140,118,109,29,154,156,106,19,108,146,43,128,85,152,111,83,181,82,192,139,33,13,172,195,40,37,15,35,88,145,44,194,31,171,116,57,0,113,196,89,5,141,119,74,183,63,51,72,147,65,102,115,14,45,55,155,184,161,80,114,177,169,191,11,104,180,163,170,95,137,90,125,149,32,68,97,100,7,175,179,27,150,136,144,70,168,17,103,105,142,190,188,186,176,42,47,132,166,123,189];False
2453;8202;10655;[4,67,193,48,10,1,91,129,8,84,122,73,174,135,21,99,16,77,112,71,56,18,62,120,24,197,26,9,143,20,3,2,121,160,72,49,130,22,38,34,124,94,75,12,165,153,187,127,39,107,87,76,50,53,93,23,30,134,58,86,69,64,101,151,54,158,199,6,117,98,25,110,81,52,182,28,162,78,60,79,185,148,167,61,41,36,46,131,59,133,96,157,138,178,164,173,66,126,198,159,140,118,109,29,154,156,106,19,108,146,43,128,85,152,111,83,181,82,192,139,33,13,172,195,40,37,15,35,88,145,189,194,31,171,116,57,0,113,196,89,5,141,119,74,183,63,51,92,147,65,102,115,14,45,55,155,184,161,80,114,177,169,191,11,104,180,163,170,95,137,90,125,149,32,68,97,100,7,175,179,27,150,136,144,70,168,17,103,105,142,190,188,186,176,42,47,132,166,123,44];True
2405;8250;10655;[4,67,193,48,10,1,91,129,8,84,122,73,174,135,21,99,16,77,112,71,56,18,62,120,24,197,26,9,143,20,3,2,121,160,92,49,130,22,38,34,124,94,75,12,165,153,187,127,39,107,87,76,50,53,93,23,30,134,58,86,69,64,101,151,54,158,199,6,117,98,85,110,81,52,182,28,162,78,60,79,185,148,167,61,41,36,46,131,59,133,96,157,138,178,164,173,66,126,198,159,140,118,109,29,154,156,106,19,108,146,43,128,25,152,111,83,181,82,192,139,33,13,172,195,40,37,15,35,88,145,189,194,31,171,116,57,0,113,196,89,5,141,119,74,183,63,51,72,147,65,102,115,14,45,55,155,184,161,80,114,177,169,191,11,104,180,163,170,95,137,90,125,149,32,68,97,100,7,175,179,27,150,136,144,70,168,17,103,105,142,190,188,186,176,42,47,132,166,123,44];False
2363;8292;10655;[4,67,193,48,10,1,91,129,8,84,122,73,174,135,21,99,16,77,112,71,56,18,62,120,24,197,26,9,143,20,3,2,121,160,92,49,130,22,38,34,124,94,75,12,165,153,187,127,39,107,87,76,50,53,93,23,30,134,58,86,69,64,101,151,54,158,199,6,117,98,25,110,81,52,60,28,162,78,182,79,185,148,167,61,41,36,46,131,59,133,96,157,138,178,164,173,66,126,198,159,140,118,109,29,154,156,106,19,108,146,43,128,85,152,111,83,181,82,192,139,33,13,172,195,40,37,15,35,88,145,189,194,31,171,116,57,0,113,196,89,5,141,119,74,183,63,51,72,147,65,102,115,14,45,55,155,184,161,80,114,177,169,191,11,104,180,163,170,95,137,90,125,149,32,68,97,100,7,175,179,27,150,136,144,70,168,17,103,105,142,190,188,186,176,42,47,132,166,123,44];False
2345;8310;10655;[4,67,193,48,10,1,91,129,8,84,122,73,174,135,21,99,16,77,112,71,56,18,62,120,24,197,26,9,143,20,60,2,121,160,92,49,130,22,38,34,124,94,75,12,165,153,187,127,39,107,87,76,50,53,93,23,30,134,58,86,69,64,101,151,54,158,199,6,117,98,25,110,81,52,182,28,162,78,3,79,185,148,167,61,41,36,46,131,59,133,96,157,138,178,164,173,66,126,198,159,140,118,109,29,154,156,106,19,108,146,43,128,85,152,111,83,181,82,192,139,33,13,172,195,40,37,15,35,88,145,189,194,31,171,116,57,0,113,196,89,5,141,119,74,183,63,51,72,147,65,102,115,14,45,55,155,184,161,80,114,177,169,191,11,104,180,163,170,95,137,90,125,149,32,68,97,100,7,175,179,27,150,136,144,70,168,17,103,105,142,190,188,186,176,42,47,132,166,123,44];False
2339;8316;10655;[4,47,193,48,10,1,91,129,8,84,122,73,174,135,21,99,16,77,112,71,56,18,62,120,24,197,26,9,143,20,3,2,121,160,92,49,130,22,38,34,124,94,75,12,165,153,187,127,39,107,87,76,50,53,93,23,30,134,58,86,69,64,101,151,54,158,199,6,117,98,25,110,81,52,182,28,162,78,60,79,185,148,167,61,41,36,46,131,59,133,96,157,138,178,164,173,66,126,198,159,140,118,109,29,154,156,106,19,108,146,43,128,85,152,111,83,181,82,192,139,33,13,172,195,40,37,15,35,88,145,189,194,31,171,116,57,0,113,196,89,5,141,119,74,183,63,51,72,147,65,102,115,14,45,55,155,184,161,80,114,177,169,191,11,104,180,163,170,95,137,90,125,149,32,68,97,100,7,175,179,27,150,136,144,70,168,17,103,105,142,190,188,186,176,42,67,132,166,123,44];False
2345;8310;10655;[4,67,193,48,10,1,91,129,8,84,122,73,174,135,21,99,16,77,112,71,56,18,62,120,24,197,26,9,143,20,3,2,121,160,92,49,130,22,38,34,124,94,75,12,165,153,187,127,39,107,87,76,50,53,93,23,30,134,58,86,69,64,101,151,54,158,199,6,117,98,25,110,81,52,182,28,162,78,60,79,185,148,167,61,41,36,46,131,59,133,96,157,138,178,164,173,66,126,198,159,140,118,109,29,154,156,106,19,108,146,43,128,85,152,111,83,181,82,192,139,33,13,172,195,40,37,15,35,88,145,189,194,31,171,116,57,0,113,196,89,5,141,119,74,183,63,51,72,147,177,102,115,14,45,55,155,184,161,80,114,65,169,191,11,104,180,163,170,95,137,90,125,149,32,68,97,100,7,175,179,27,150,136,144,70,168,17,103,105,142,190,188,186,176,42,47,132,166,123,44];False
2325;8330;10655;[4,67,193,48,10,1,91,129,8,84,122,73,174,135,21,99,16,77,112,71,56,18,62,120,24,197,26,9,143,20,3,2,121,160,92,49,130,22,38,34,124,94,75,12,165,153,187,127,39,107,87,76,50,53,93,23,30,134,58,86,69,64,101,151,54,158,199,6,117,98,25,110,81,52,182,28,162,78,60,79,185,148,167,61,41,36,46,131,59,133,96,157,138,178,164,173,66,126,198,159,140,118,109,29,154,156,106,19,108,146,43,128,85,152,111,83,181,82,192,139,33,13,172,195,40,37,15,35,88,145,189,194,31,171,116,57,0,113,196,89,5,141,119,74,183,63,51,72,147,65,102,115,14,45,55,155,184,161,80,114,177,169,191,11,104,180,163,170,95,137,90,125,149,32,68,97,100,7,175,179,27,150,136,47,70,168,17,103,105,142,190,188,186,176,42,144,132,166,123,44];False
2388;8267;10655;[4,67,193,48,10,1,91,129,8,84,122,73,174,135,21,99,16,77,112,71,56,18,62,120,24,197,26,9,143,20,3,2,121,160,92,49,130,22,38,34,124,94,75,12,165,153,187,127,39,107,87,76,50,53,93,23,30,134,58,86,69,64,101,151,54,158,199,6,117,98,25,110,81,52,182,28,162,78,60,79,185,148,167,61,41,36,46,131,59,133,96,157,138,178,164,173,66,126,198,159,140,118,142,29,154,156,106,19,108,146,43,128,85,152,111,83,181,82,192,139,33,13,172,195,40,37,15,35,88,145,189,194,31,171,116,57,0,113,196,89,5,141,119,74,183,63,51,72,147,65,102,115,14,45,55,155,184,161,80,114,177,169,191,11,104,180,163,170,95,137,90,125,149,32,68,97,100,7,175,179,27,150,136,144,70,168,17,103,105,109,190,188,186,176,42,47,132,166,123,44];False
2383;8272;10655;[4,67,193,48,10,1,198,129,8,84,122,73,174,135,21,99,16,77,112,71,56,18,62,120,24,197,26,9,143,20,3,2,121,160,92,49,130,22,38,34,124,94,75,12,165,153,187,127,39,107,87,76,50,53,93,23,30,134,58,86,69,64,101,151,54,158,199,6,117,98,25,110,81,52,182,28,162,78,60,79,185,148,167,61,41,36,46,131,59,133,96,157,138,178,164,173,66,126,91,159,140,118,109,29,154,156,106,19,108,146,43,128,85,152,111,83,181,82,192,139,33,13,172,195,40,37,15,35,88,145,189,194,31,171,116,57,0,113,196,89,5,141,119,74,183,63,51,72,147,65,102,115,14,45,55,155,184,161,80,114,177,169,191,11,104,180,163,170,95,137,90,125,149,32,68,97,100,7,175,179,27,150,136,144,70,168,17,103,105,142,190,188,186,176,42,47,132,166,123,44];False
2363;8292;10655;[4,67,193,48,10,1,91,129,8,84,61,73,174,135,21,99,16,77,112,71,56,18,62,120,24,197,26,9,143,20,3,2,121,160,92,49,130,22,38,34,124,94,75,12,165,153,187,127,39,107,87,76,50,53,93,23,30,134,58,86,69,64,101,151,54,158,199,6,117,98,25,110,81,52,182,28,162,78,60,79,185,148,167,122,41,36,46,131,59,133,96,157,138,178,164,173,66,126,198,159,140,118,109,29,154,156,106,19,108,146,43,128,85,152,111,83,181,82,192,139,33,13,172,195,40,37,15,35,88,145,189,194,31,171,116,57,0,113,196,89,5,141,119,74,183,63,51,72,147,65,102,115,14,45,55,155,184,161,80,114,177,169,191,11,104,180,163,170,95,137,90,125,149,32,68,97,100,7,175,179,27,150,136,144,70,168,17,103,105,142,190,188,186,176,42,47,132,166,123,44];False
2392;8263;10655;[4,67,193,48,10,1,91,129,8,84,122,73,174,135,21,99,16,77,112,71,56,18,62,120,24,197,26,9,143,20,3,2,121,160,92,49,130,22,38,34,124,94,95,12,165,153,187,127,39,107,87,76,50,53,93,23,30,134,58,86,69,64,101,151,54,158,199,6,117,98,25,110,81,52,182,28,162,78,60,79,185,148,167,61,41,36,46,131,59,133,96,157,138,178,164,173,66,126,198,159,140,118,109,29,154,156,106,19,108,146,43,128,85,152,111,83,181,82,192,139,33,13,172,195,40,37,15,35,88,145,189,194,31,171,116,57,0,113,196,89,5,141,119,74,183,63,51,72,147,65,102,115,14,45,55,155,184,161,80,114,177,169,191,11,104,180,163,170,75,137,90,125,149,32,68,97,100,7,175,179,27,150,136,144,70,168,17,103,105,142,190,188,186,176,42,47,132,166,123,44];False
2388;8267;10655;[4,67,193,48,10,1,91,129,8,84,122,73,174,135,21,99,16,77,112,71,56,18,62,120,24,197,26,9,143,2,3,20,121,160,92,49,130,22,38,34,124,94,75,12,165,153,187,127,39,107,87,76,50,53,93,23,30,134,58,86,69,64,101,151,54,158,199,6,117,98,25,110,81,52,182,28,162,78,60,79,185,148,167,61,41,36,46,131,59,133,96,157,138,178,164,173,66,126,198,159,140,118,109,29,154,156,106,19,108,146,43,128,85,152,111,83,181,82,192,139,33,13,172,195,40,37,15,35,88,145,189,194,31,171,116,57,0,113,196,89,5,141,119,74,183,63,51,72,147,65,102,115,14,45,55,155,184,161,80,114,177,169,191,11,104,180,163,170,95,137,90,125,149,32,68,97,100,7,175,179,27,150,136,144,70,168,17,103,105,142,190,188,186,176,42,47,132,166,123,44];False
2369;8285;10654;[4,67,193,48,99,1,91,129,8,84,122,73,174,135,21,10,16,77,112,71,56,18,62,120,24,197,26,9,143,20,3,2,121,160,92,49,130,22,38,34,124,94,75,12,165,153,187,127,39,107,87,76,50,53,93,23,30,134,58,86,69,64,101,151,54,158,199,6,117,98,25,110,81,52,182,28,162,78,60,79,185,148,167,61,41,36,46,131,59,133,96,157,138,178,164,173,66,126,198,159,140,118,109,29,154,156,106,19,108,146,43,128,85,152,111,83,181,82,192,139,33,13,172,195,40,37,15,35,88,145,189,194,31,171,116,57,0,113,196,89,5,141,119,74,183,63,51,72,147,65,102,115,14,45,55,155,184,161,80,114,177,169,191,11,104,180,163,170,95,137,90,125,149,32,68,97,100,7,175,179,27,150,136,144,70,168,17,103,105,142,190,188,186,176,42,47,132,166,123,44];False
2375;8279;10654;[4,67,193,48,10,1,113,129,8,84,122,73,174,135,21,99,16,77,112,71,56,18,62,120,24,197,26,9,143,20,3,2,121,160,92,49,130,22,38,34,124,94,75,12,165,153,187,127,39,107,87,76,50,53,93,23,30,134,58,86,69,64,101,151,54,158,199,6,117,98,25,110,81,52,182,28,162,78,60,79,185,148,167,61,41,36,46,131,59,133,96,157,138,178,164,173,66,126,198,159,140,118,109,29,154,156,106,19,108,146,43,128,85,152,111,83,181,82,192,139,33,13,172,195,40,37,15,35,88,145,189,194,31,171,116,57,0,91,196,89,5,141,119,74,183,63,51,72,147,65,102,115,14,45,55,155,184,161,80,114,177,169,191,11,104,180,163,170,95,137,90,125,149,32,68,97,100,7,175,179,27,150,136,144,70,168,17,103,105,142,190,188,186,176,42,47,132,166,123,44];False
2379;8275;10654;[4,67,61,48,10,1,91,129,8,84,122,73,174,135,21,99,16,77,112,71,56,18,62,120,24,197,26,9,143,20,3,2,121,160,92,49,130,22,38,34,124,94,75,12,165,153,187,127,39,107,87,76,50,53,93,23,30,134,58,86,69,64,101,151,54,158,199,6,117,98,25,110,81,52,182,28,162,78,60,79,185,148,167,193,41,36,46,131,59,133,96,157,138,178,164,173,66,126,198,159,140,118,109,29,154,156,106,19,108,146,43,128,85,152,111,83,181,82,192,139,33,13,172,195,40,37,15,35,88,145,189,194,31,171,116,57,0,113,196,89,5,141,119,74,183,63,51,72,147,65,102,115,14,45,55,155,184,161,80,114,177,169,191,11,104,180,163,170,95,137,90,125,149,32,68,97,100,7,175,179,27,150,136,144,70,168,17,103,105,142,190,188,186,176,42,47,132,166,123,44];False
2378;8276;10654;[4,67,193,48,10,1,91,129,8,84,122,73,174,135,21,99,16,77,112,71,56,18,62,120,24,197,26,9,143,20,3,2,121,160,92,49,130,22,38,34,124,94,75,12,165,153,187,127,39,107,87,76,50,53,93,23,30,134,58,86,69,64,101,151,54,158,199,6,114,98,25,110,81,52,182,28,162,78,60,79,185,148,167,61,41,36,46,131,59,133,96,157,138,178,164,173,66,126,198,159,140,118,109,29,154,156,106,19,108,146,43,128,85,152,111,83,181,82,192,139,33,13,172,195,40,37,15,35,88,145,189,194,31,171,116,57,0,113,196,89,5,141,119,74,183,63,51,72,147,65,102,115,14,45,55,155,184,161,80,117,177,169,191,11,104,180,163,170,95,137,90,125,149,32,68,97,100,7,175,179,27,150,136,144,70,168,17,103,105,142,190,188,186,176,42,47,132,166,123,44];False
2401;8253;10654;[4,67,193,48,10,1,91,129,8,84,122,73,174,135,21,99,16,77,112,71,56,18,62,120,24,197,26,9,143,20,3,2,121,160,92,49,171,22,38,34,124,94,75,12,165,153,187,127,39,107,87,76,50,53,93,23,30,134,58,86,69,64,101,151,54,158,199,6,117,98,25,110,81,52,182,28,162,78,60,79,185,148,167,61,41,36,46,131,59,133,96,157,138,178,164,173,66,126,198,159,140,118,109,29,154,156,106,19,108,146,43,128,85,152,111,83,181,82,192,139,33,13,172,195,40,37,15,35,88,145,189,194,31,130,116,57,0,113,196,89,5,141,119,74,183,63,51,72,147,65,102,115,14,45,55,155,184,161,80,114,177,169,191,11,104,180,163,170,95,137,90,125,149,32,68,97,100,7,175,179,27,150,136,144,70,168,17,103,105,142,190,188,186,176,42,47,132,166,123,44];False
2367;8287;10654;[4,67,193,48,10,1,91,129,8,84,122,73,174,135,21,99,16,77,112,71,56,18,62,120,24,197,26,9,143,20,3,2,121,160,92,49,130,22,38,34,124,94,75,12,165,153,187,127,39,107,87,76,50,53,93,23,30,134,58,86,69,64,101,151,54,158,199,6,117,98,25,110,81,52,182,28,162,78,60,79,185,148,167,61,41,36,46,131,59,133,96,157,138,178,164,173,66,126,89,159,140,118,109,29,154,156,106,19,108,146,43,128,85,152,111,83,181,82,192,139,33,13,172,195,40,37,15,35,88,145,189,194,31,171,116,57,0,113,196,198,5,141,119,74,183,63,51,72,147,65,102,115,14,45,55,155,184,161,80,114,177,169,191,11,104,180,163,170,95,137,90,125,149,32,68,97,100,7,175,179,27,150,136,144,70,168,17,103,105,142,190,188,186,176,42,47,132,166,123,44];False
2366;8288;10654;[4,67,193,48,10,1,91,129,8,84,122,73,174,135,21,99,16,77,112,71,56,18,62,120,24,197,26,9,143,20,3,2,121,160,92,49,130,22,38,34,124,94,75,12,165,153,187,127,39,107,87,76,50,53,93,23,30,134,58,86,69,64,101,151,54,158,199,6,117,98,25,110,81,52,182,28,162,78,60,79,185,148,167,61,41,36,46,131,59,133,96,157,138,178,164,173,66,126,198,159,140,118,109,29,154,156,106,19,108,146,43,128,85,152,190,83,181,82,192,139,33,13,172,195,40,37,15,35,88,145,189,194,31,171,116,57,0,113,196,89,5,141,119,74,183,63,51,72,147,65,102,115,14,45,55,155,184,161,80,114,177,169,191,11,104,180,163,170,95,137,90,125,149,32,68,97,100,7,175,179,27,150,136,144,70,168,17,103,105,142,111,188,186,176,42,47,132,166,123,44];False
2400;8254;10654;[4,67,193,48,10,1,91,129,8,84,122,73,174,135,21,99,16,77,112,71,56,18,62,120,24,197,26,9,143,20,3,2,121,160,92,49,130,22,38,34,124,94,75,12,165,153,187,127,39,107,87,76,50,53,93,23,30,134,58,86,69,64,101,151,54,158,199,6,117,98,25,110,81,52,182,28,162,78,60,79,185,148,167,61,41,36,46,131,59,133,96,157,138,178,164,173,66,126,90,159,140,118,109,29,154,156,106,19,108,146,43,128,85,152,111,83,181,82,192,139,33,13,172,195,40,37,15,35,88,145,189,194,31,171,116,57,0,113,196,89,5,141,119,74,183,63,51,72,147,65,102,115,14,45,55,155,184,161,80,114,177,169,191,11,104,180,163,170,95,137,198,125,149,32,68,97,100,7,175,179,27,150,136,144,70,168,17,103,105,142,190,188,186,176,42,47,132,166,123,44];False
2394;8260;10654;[4,67,193,48,10,1,91,129,8,84,122,73,174,135,21,99,16,77,112,71,56,18,62,120,24,197,26,9,143,20,3,2,121,160,92,49,130,22,38,34,124,94,75,12,165,153,187,127,39,107,87,76,50,53,93,23,30,134,58,86,69,64,101,151,54,158,199,6,117,98,25,110,81,52,182,28,162,78,60,79,185,148,167,61,41,36,46,131,59,133,96,157,138,178,164,173,66,126,198,116,140,118,109,29,154,156,106,19,108,146,43,128,85,152,111,83,181,82,192,139,33,13,172,195,40,37,15,35,88,145,189,194,31,171,159,57,0,113,196,89,5,141,119,74,183,63,51,72,147,65,102,115,14,45,55,155,184,161,80,114,177,169,191,11,104,180,163,170,95,137,90,125,149,32,68,97,100,7,175,179,27,150,136,144,70,168,17,103,105,142,190,188,186,176,42,47,132,166,123,44];False
2395;8259;10654;[4,67,193,48,10,1,91,129,8,84,122,73,174,135,21,99,16,77,112,71,56,18,62,120,24,197,26,9,143,20,3,2,121,160,92,49,130,22,38,34,124,94,75,12,165,153,187,127,39,107,87,76,50,53,93,23,30,134,58,86,69,64,101,151,54,158,199,6,117,98,25,110,81,52,182,28,162,78,60,79,185,148,167,61,41,36,46,131,59,133,96,157,138,178,164,173,66,126,198,159,140,118,109,29,154,156,106,19,108,146,43,128,85,152,111,83,181,82,192,139,33,13,172,195,161,37,15,35,88,145,189,194,31,171,116,57,0,113,196,89,5,141,119,74,183,63,51,72,147,65,102,115,14,45,55,155,184,40,80,114,177,169,191,11,104,180,163,170,95,137,90,125,149,32,68,97,100,7,175,179,27,150,136,144,70,168,17,103,105,142,190,188,186,176,42,47,132,166,123,44];False
2390;8264;10654;[4,67,193,48,10,1,91,129,8,84,122,73,174,135,21,99,16,77,112,71,56,18,62,120,24,197,26,9,143,20,3,2,121,160,92,49,130,22,38,34,124,94,75,12,165,153,187,127,39,107,87,76,50,146,93,23,30,134,58,86,69,64,101,151,54,158,199,6,117,98,25,110,81,52,182,28,162,78,60,79,185,148,167,61,41,36,46,131,59,133,96,157,138,178,164,173,66,126,198,159,140,118,109,29,154,156,106,19,108,53,43,128,85,152,111,83,181,82,192,139,33,13,172,195,40,37,15,35,88,145,189,194,31,171,116,57,0,113,196,89,5,141,119,74,183,63,51,72,147,65,102,115,14,45,55,155,184,161,80,114,177,169,191,11,104,180,163,170,95,137,90,125,149,32,68,97,100,7,175,179,27,150,136,144,70,168,17,103,105,142,190,188,186,176,42,47,132,166,123,44];False
2287;8367;10654;[4,67,193,48,10,1,91,129,8,84,122,73,174,135,21,99,16,77,112,71,56,18,63,120,24,197,26,9,143,20,3,2,121,160,92,49,130,22,38,34,124,94,75,12,165,153,187,127,39,107,87,76,50,53,93,23,30,134,58,86,69,64,101,151,54,158,199,6,117,98,25,110,81,52,182,28,162,78,60,79,185,148,167,61,41,36,46,131,59,133,96,157,138,178,164,173,66,126,198,159,140,118,109,29,154,156,106,19,108,146,43,128,85,152,111,83,181,82,192,139,33,13,172,195,40,37,15,35,88,145,189,194,31,171,116,57,0,113,196,89,5,141,119,74,183,62,51,72,147,65,102,115,14,45,55,155,184,161,80,114,177,169,191,11,104,180,163,170,95,137,90,125,149,32,68,97,100,7,175,179,27,150,136,144,70,168,17,103,105,142,190,188,186,176,42,47,132,166,123,44];False
2424;8230;10654;[4,67,193,48,10,1,91,129,8,84,122,73,174,135,21,99,16,77,112,71,56,18,62,120,24,197,26,9,143,20,3,2,121,160,92,49,130,22,38,34,124,94,75,12,165,153,187,127,39,107,87,76,50,53,93,23,30,134,58,86,69,64,101,151,54,158,199,6,117,98,25,110,81,52,182,28,162,78,60,79,185,148,167,61,41,36,46,131,59,133,96,157,138,178,164,173,66,126,198,159,140,118,109,29,154,156,106,19,108,146,43,128,85,152,111,83,181,82,192,139,33,13,172,195,40,37,15,35,88,145,189,194,31,171,116,57,0,113,196,89,5,141,119,74,183,63,51,72,147,161,102,115,14,45,55,155,184,65,80,114,177,169,191,11,104,180,163,170,95,137,90,125,149,32,68,97,100,7,175,179,27,150,136,144,70,168,17,103,105,142,190,188,186,176,42,47,132,166,123,44];False
2341;8312;10653;[4,67,193,48,10,1,91,129,8,84,122,73,174,135,21,99,16,77,112,71,56,18,62,120,24,197,26,9,143,20,3,2,121,160,92,49,130,22,38,34,124,94,75,12,165,153,187,127,39,107,87,76,50,53,93,23,30,134,58,86,69,64,113,151,54,158,199,6,117,98,25,110,81,52,182,28,162,78,60,79,185,148,167,61,41,36,46,131,59,133,96,157,138,178,164,173,66,126,198,159,140,118,109,29,154,156,106,19,108,146,43,128,85,152,111,83,181,82,192,139,33,13,172,195,40,37,15,35,88,145,189,194,31,171,116,57,0,101,196,89,5,141,119,74,183,63,51,72,147,65,102,115,14,45,55,155,184,161,80,114,177,169,191,11,104,180,163,170,95,137,90,125,149,32,68,97,100,7,175,179,27,150,136,144,70,168,17,103,105,142,190,188,186,176,42,47,132,166,123,44];False
2365;8288;10653;[4,67,193,48,10,1,91,129,8,84,122,73,174,135,21,99,16,77,112,71,56,18,62,120,24,197,26,9,143,20,3,2,121,160,92,49,130,22,38,34,124,94,75,12,165,153,187,127,39,107,87,76,50,53,93,23,30,134,58,86,69,64,101,151,54,158,199,6,117,98,25,110,81,45,182,28,162,78,60,79,185,148,167,61,41,36,46,131,59,133,96,157,138,178,164,173,66,126,198,159,140,118,109,29,154,156,106,19,108,146,43,128,85,152,111,83,181,82,192,139,33,13,172,195,40,37,15,35,88,145,189,194,31,171,116,57,0,113,196,89,5,141,119,74,183,63,51,72,147,65,102,115,14,52,55,155,184,161,80,114,177,169,191,11,104,180,163,170,95,137,90,125,149,32,68,97,100,7,175,179,27,150,136,144,70,168,17,103,105,142,190,188,186,176,42,47,132,166,123,44];False
2378;8275;10653;[4,67,193,48,10,1,91,129,8,84,122,73,174,135,21,99,16,77,112,71,56,18,62,120,24,197,194,9,143,20,3,2,121,160,92,49,130,22,38,34,124,94,75,12,165,153,187,127,39,107,87,76,50,53,93,23,30,134,58,86,69,64,101,151,54,158,199,6,117,98,25,110,81,52,182,28,162,78,60,79,185,148,167,61,41,36,46,131,59,133,96,157,138,178,164,173,66,126,198,159,140,118,109,29,154,156,106,19,108,146,43,128,85,152,111,83,181,82,192,139,33,13,172,195,40,37,15,35,88,145,189,26,31,171,116,57,0,113,196,89,5,141,119,74,183,63,51,72,147,65,102,115,14,45,55,155,184,161,80,114,177,169,191,11,104,180,163,170,95,137,90,125,149,32,68,97,100,7,175,179,27,150,136,144,70,168,17,103,105,142,190,188,186,176,42,47,132,166,123,44];False
2405;8248;10653;[4,67,193,48,10,1,91,129,8,84,122,73,174,135,21,99,16,77,112,71,56,18,62,120,24,197,26,9,143,20,3,2,121,160,92,49,130,22,38,34,124,94,75,12,165,153,187,127,39,107,87,76,50,53,93,23,30,134,58,86,69,64,101,151,54,158,199,6,117,98,25,110,81,52,182,28,162,78,60,79,185,148,167,61,41,36,46,131,59,133,96,157,138,178,164,173,66,126,198,159,140,118,109,29,154,156,106,19,108,146,43,128,85,152,111,83,181,82,192,139,33,13,172,161,40,37,15,35,88,145,189,194,31,171,116,57,0,113,196,89,5,141,119,74,183,63,51,72,147,65,102,115,14,45,55,155,184,195,80,114,177,169,191,11,104,180,163,170,95,137,90,125,149,32,68,97,100,7,175,179,27,150,136,144,70,168,17,103,105,142,190,188,186,176,42,47,132,166,123,44];False
2374;8279;10653;[4,67,193,48,10,1,91,129,8,84,122,73,174,135,21,99,16,77,112,71,56,18,62,120,24,197,26,9,143,20,3,2,121,160,92,49,130,22,38,34,124,94,75,12,165,153,187,127,39,107,87,76,50,53,93,23,30,134,58,45,69,64,101,151,54,158,199,6,117,98,25,110,81,52,182,28,162,78,60,79,185,148,167,61,41,36,46,131,59,133,96,157,138,178,164,173,66,126,198,159,140,118,109,29,154,156,106,19,108,146,43,128,85,152,111,83,181,82,192,139,33,13,172,195,40,37,15,35,88,145,189,194,31,171,116,57,0,113,196,89,5,141,119,74,183,63,51,72,147,65,102,115,14,86,55,155,184,161,80,114,177,169,191,11,104,180,163,170,95,137,90,125,149,32,68,97,100,7,175,179,27,150,136,144,70,168,17,103,105,142,190,188,186,176,42,47,132,166,123,44];False
2412;8241;10653;[4,67,193,48,10,1,91,129,8,161,122,73,174,135,21,99,16,77,112,71,56,18,62,120,24,197,26,9,143,20,3,2,121,160,92,49,130,22,38,34,124,94,75,12,165,153,187,127,39,107,87,76,50,53,93,23,30,134,58,86,69,64,101,151,54,158,199,6,117,98,25,110,81,52,182,28,162,78,60,79,185,148,167,61,41,36,46,131,59,133,96,157,138,178,164,173,66,126,198,159,140,118,109,29,154,156,106,19,108,146,43,128,85,152,111,83,181,82,192,139,33,13,172,195,40,37,15,35,88,145,189,194,31,171,116,57,0,113,196,89,5,141,119,74,183,63,51,72,147,65,102,115,14,45,55,155,184,84,80,114,177,169,191,11,104,180,163,170,95,137,90,125,149,32,68,97,100,7,175,179,27,150,136,144,70,168,17,103,105,142,190,188,186,176,42,47,132,166,123,44];False
2376;8277;10653;[4,67,193,48,10,1,91,129,8,84,122,73,174,135,21,99,16,153,112,71,56,18,62,120,24,197,26,9,143,20,3,2,121,160,92,49,130,22,38,34,124,94,75,12,165,77,187,127,39,107,87,76,50,53,93,23,30,134,58,86,69,64,101,151,54,158,199,6,117,98,25,110,81,52,182,28,162,78,60,79,185,148,167,61,41,36,46,131,59,133,96,157,138,178,164,173,66,126,198,159,140,118,109,29,154,156,106,19,108,146,43,128,85,152,111,83,181,82,192,139,33,13,172,195,40,37,15,35,88,145,189,194,31,171,116,57,0,113,196,89,5,141,119,74,183,63,51,72,147,65,102,115,14,45,55,155,184,161,80,114,177,169,191,11,104,180,163,170,95,137,90,125,149,32,68,97,100,7,175,179,27,150,136,144,70,168,17,103,105,142,190,188,186,176,42,47,132,166,123,44];False
2400;8253;10653;[4,67,193,48,10,1,91,129,8,84,122,73,174,135,21,99,16,77,112,71,56,18,62,120,24,197,26,9,143,20,196,2,121,160,92,49,130,22,38,34,124,94,75,12,165,153,187,127,39,107,87,76,50,53,93,23,30,134,58,86,69,64,101,151,54,158,199,6,117,98,25,110,81,52,182,28,162,78,60,79,185,148,167,61,41,36,46,131,59,133,96,157,138,178,164,173,66,126,198,159,140,118,109,29,154,156,106,19,108,146,43,128,85,152,111,83,181,82,192,139,33,13,172,195,40,37,15,35,88,145,189,194,31,171,116,57,0,113,3,89,5,141,119,74,183,63,51,72,147,65,102,115,14,45,55,155,184,161,80,114,177,169,191,11,104,180,163,170,95,137,90,125,149,32,68,97,100,7,175,179,27,150,136,144,70,168,17,103,105,142,190,188,186,176,42,47,132,166,123,44];False
2383;8270;10653;[4,67,193,48,10,1,91,129,8,84,122,73,174,135,21,99,16,77,112,71,56,18,62,120,34,197,26,9,143,20,3,2,121,160,92,49,130,22,38,24,124,94,75,12,165,153,187,127,39,107,87,76,50,53,93,23,30,134,58,86,69,64,101,151,54,158,199,6,117,98,25,110,81,52,182,28,162,78,60,79,185,148,167,61,41,36,46,131,59,133,96,157,138,178,164,173,66,126,198,159,140,118,109,29,154,156,106,19,108,146,43,128,85,152,111,83,181,82,192,139,33,13,172,195,40,37,15,35,88,145,189,194,31,171,116,57,0,113,196,89,5,141,119,74,183,63,51,72,147,65,102,115,14,45,55,155,184,161,80,114,177,169,191,11,104,180,163,170,95,137,90,125,149,32,68,97,100,7,175,179,27,150,136,144,70,168,17,103,105,142,190,188,186,176,42,47,132,166,123,44];False
2377;8276;10653;[4,67,193,48,10,1,91,129,8,84,122,73,174,135,21,99,16,77,112,71,56,18,62,120,24,65,26,9,143,20,3,2,121,160,92,49,130,22,38,34,124,94,75,12,165,153,187,127,39,107,87,76,50,53,93,23,30,134,58,86,69,64,101,151,54,158,199,6,117,98,25,110,81,52,182,28,162,78,60,79,185,148,167,61,41,36,46,131,59,133,96,157,138,178,164,173,66,126,198,159,140,118,109,29,154,156,106,19,108,146,43,128,85,152,111,83,181,82,192,139,33,13,172,195,40,37,15,35,88,145,189,194,31,171,116,57,0,113,196,89,5,141,119,74,183,63,51,72,147,197,102,115,14,45,55,155,184,161,80,114,177,169,191,11,104,180,163,170,95,137,90,125,149,32,68,97,100,7,175,179,27,150,136,144,70,168,17,103,105,142,190,188,186,176,42,47,132,166,123,44];False
2384;8269;10653;[4,67,193,48,10,1,91,129,8,84,122,73,174,135,21,99,16,77,112,71,56,18,62,120,24,197,26,9,143,20,3,2,121,160,92,49,130,22,38,34,124,94,75,12,165,153,187,127,39,107,87,76,50,53,93,23,30,134,58,86,69,64,101,151,54,158,199,6,117,98,25,110,81,52,182,28,162,78,60,79,185,148,167,61,41,36,46,131,59,133,96,157,138,178,164,173,66,126,198,159,140,118,109,29,154,156,106,19,108,146,43,128,85,152,111,83,181,82,192,139,33,13,172,195,40,37,102,35,88,145,189,194,31,171,116,57,0,113,196,89,5,141,119,74,183,63,51,72,147,65,15,115,14,45,55,155,184,161,80,114,177,169,191,11,104,180,163,170,95,137,90,125,149,32,68,97,100,7,175,179,27,150,136,144,70,168,17,103,105,142,190,188,186,176,42,47,132,166,123,44];False
2392;8260;10652;[4,67,193,48,10,1,91,129,8,84,122,73,174,135,21,99,16,77,112,71,56,18,62,120,24,197,26,9,143,20,3,2,121,160,92,49,130,22,38,34,124,94,75,12,165,153,187,127,39,107,87,76,50,53,93,23,30,134,58,86,69,64,101,151,54,158,199,6,117,98,25,110,81,52,182,28,162,78,60,79,185,148,167,61,41,36,46,131,59,133,96,157,138,178,164,173,66,140,198,159,126,118,109,29,154,156,106,19,108,146,43,128,85,152,111,83,181,82,192,139,33,13,172,195,40,37,15,35,88,145,189,194,31,171,116,57,0,113,196,89,5,141,119,74,183,63,51,72,147,65,102,115,14,45,55,155,184,161,80,114,177,169,191,11,104,180,163,170,95,137,90,125,149,32,68,97,100,7,175,179,27,150,136,144,70,168,17,103,105,142,190,188,186,176,42,47,132,166,123,44];False
2401;8251;10652;[4,67,193,48,10,1,91,129,8,84,122,73,174,135,21,99,16,77,112,71,56,18,62,120,24,197,26,9,143,20,3,2,121,160,92,49,130,22,38,34,124,94,75,12,165,153,187,127,39,107,87,76,50,53,93,23,30,134,58,86,69,64,101,151,54,158,199,6,117,98,25,110,81,52,182,28,162,78,60,79,185,148,167,61,41,36,46,131,59,133,96,157,138,178,164,173,66,126,198,159,140,118,109,29,154,156,106,19,108,31,43,128,85,152,111,83,181,82,192,139,33,13,172,195,40,37,15,35,88,145,189,194,146,171,116,57,0,113,196,89,5,141,119,74,183,63,51,72,147,65,102,115,14,45,55,155,184,161,80,114,177,169,191,11,104,180,163,170,95,137,90,125,149,32,68,97,100,7,175,179,27,150,136,144,70,168,17,103,105,142,190,188,186,176,42,47,132,166,123,44];False
2360;8292;10652;[4,67,193,48,10,1,91,129,8,84,122,73,174,135,21,99,16,77,112,71,56,18,62,120,24,197,26,9,143,20,3,2,121,160,92,49,130,22,38,34,124,94,75,12,165,153,187,127,39,107,87,76,50,53,93,23,30,134,58,86,69,64,101,151,54,158,199,6,117,98,25,110,81,52,182,28,162,78,60,79,185,148,167,61,41,36,46,131,59,133,96,157,138,178,164,173,66,126,198,159,140,118,109,29,154,156,106,19,108,146,43,128,85,152,111,83,181,82,192,139,33,13,172,195,40,37,15,35,88,145,189,194,31,171,116,57,0,113,196,89,5,141,119,74,183,63,51,72,147,65,102,115,14,45,55,155,184,161,80,114,188,169,191,11,104,180,163,170,95,137,90,125,149,32,68,97,100,7,175,179,27,150,136,144,70,168,17,103,105,142,190,177,186,176,42,47,132,166,123,44];False
2367;8285;10652;[4,67,193,48,10,1,91,129,8,84,122,73,174,135,21,99,16,77,112,71,56,18,62,120,24,197,26,9,143,20,3,2,121,160,92,49,130,22,38,34,124,94,75,12,165,153,187,127,39,107,87,76,50,53,93,23,30,134,58,86,69,64,101,151,54,158,199,6,117,98,25,110,81,52,182,28,162,78,60,79,185,148,167,61,41,36,46,131,59,133,96,157,138,178,164,173,66,126,198,159,140,118,109,29,154,156,106,19,108,146,43,128,85,152,111,83,181,82,192,139,33,13,172,195,40,37,15,35,88,145,189,194,31,171,116,57,0,113,196,89,5,141,119,74,183,63,51,72,147,65,102,115,14,45,55,155,184,161,80,114,177,169,191,11,104,180,163,170,95,137,90,125,149,32,68,97,100,7,175,179,27,150,186,144,70,168,17,103,105,142,190,188,136,176,42,47,132,166,123,44];False
2362;8290;10652;[4,67,193,48,10,1,91,129,8,84,122,73,174,135,21,99,16,77,112,71,56,18,62,120,24,197,26,9,143,20,3,2,121,160,92,49,130,22,38,34,124,94,75,12,165,153,187,127,39,107,87,76,50,53,93,23,30,134,58,86,69,64,101,151,54,158,199,6,117,98,25,110,81,52,182,28,162,178,60,79,185,148,167,61,41,36,46,131,59,133,96,157,138,78,164,173,66,126,198,159,140,118,109,29,154,156,106,19,108,146,43,128,85,152,111,83,181,82,192,139,33,13,172,195,40,37,15,35,88,145,189,194,31,171,116,57,0,113,196,89,5,141,119,74,183,63,51,72,147,65,102,115,14,45,55,155,184,161,80,114,177,169,191,11,104,180,163,170,95,137,90,125,149,32,68,97,100,7,175,179,27,150,136,144,70,168,17,103,105,142,190,188,186,176,42,47,132,166,123,44];False
2407;8245;10652;[4,67,193,48,10,1,91,129,8,84,122,73,174,135,21,99,16,77,112,71,56,18,62,120,24,197,26,9,143,20,3,2,121,160,92,49,130,22,38,34,124,94,75,12,165,153,187,127,39,107,87,76,50,53,93,23,30,134,58,86,69,64,101,151,54,158,199,6,117,98,25,110,81,52,182,28,162,78,60,79,185,148,167,61,41,36,46,131,59,133,96,157,138,178,164,173,66,126,198,159,140,118,109,29,35,156,106,19,108,146,43,128,85,152,111,83,181,82,192,139,33,13,172,195,40,37,15,154,88,145,189,194,31,171,116,57,0,113,196,89,5,141,119,74,183,63,51,72,147,65,102,115,14,45,55,155,184,161,80,114,177,169,191,11,104,180,163,170,95,137,90,125,149,32,68,97,100,7,175,179,27,150,136,144,70,168,17,103,105,142,190,188,186,176,42,47,132,166,123,44];False
2415;8237;10652;[4,67,193,142,10,1,91,129,8,84,122,73,174,135,21,99,16,77,112,71,56,18,62,120,24,197,26,9,143,20,3,2,121,160,92,49,130,22,38,34,124,94,75,12,165,153,187,127,39,107,87,76,50,53,93,23,30,134,58,86,69,64,101,151,54,158,199,6,117,98,25,110,81,52,182,28,162,78,60,79,185,148,167,61,41,36,46,131,59,133,96,157,138,178,164,173,66,126,198,159,140,118,109,29,154,156,106,19,108,146,43,128,85,152,111,83,181,82,192,139,33,13,172,195,40,37,15,35,88,145,189,194,31,171,116,57,0,113,196,89,5,141,119,74,183,63,51,72,147,65,102,115,14,45,55,155,184,161,80,114,177,169,191,11,104,180,163,170,95,137,90,125,149,32,68,97,100,7,175,179,27,150,136,144,70,168,17,103,105,48,190,188,186,176,42,47,132,166,123,44];False
2397;8255;10652;[4,67,193,48,10,1,91,129,8,84,122,73,174,135,21,99,16,77,112,71,56,18,62,120,24,197,26,9,143,194,3,2,121,160,92,49,130,22,38,34,124,94,75,12,165,153,187,127,39,107,87,76,50,53,93,23,30,134,58,86,69,64,101,151,54,158,199,6,117,98,25,110,81,52,182,28,162,78,60,79,185,148,167,61,41,36,46,131,59,133,96,157,138,178,164,173,66,126,198,159,140,118,109,29,154,156,106,19,108,146,43,128,85,152,111,83,181,82,192,139,33,13,172,195,40,37,15,35,88,145,189,20,31,171,116,57,0,113,196,89,5,141,119,74,183,63,51,72,147,65,102,115,14,45,55,155,184,161,80,114,177,169,191,11,104,180,163,170,95,137,90,125,149,32,68,97,100,7,175,179,27,150,136,144,70,168,17,103,105,142,190,188,186,176,42,47,132,166,123,44];False
2400;8252;10652;[4,67,194,48,10,1,91,129,8,84,122,73,174,135,21,99,16,77,112,71,56,18,62,120,24,197,26,9,143,20,3,2,121,160,92,49,130,22,38,34,124,94,75,12,165,153,187,127,39,107,87,76,50,53,93,23,30,134,58,86,69,64,101,151,54,158,199,6,117,98,25,110,81,52,182,28,162,78,60,79,185,148,167,61,41,36,46,131,59,133,96,157,138,178,164,173,66,126,198,159,140,118,109,29,154,156,106,19,108,146,43,128,85,152,111,83,181,82,192,139,33,13,172,195,40,37,15,35,88,145,189,193,31,171,116,57,0,113,196,89,5,141,119,74,183,63,51,72,147,65,102,115,14,45,55,155,184,161,80,114,177,169,191,11,104,180,163,170,95,137,90,125,149,32,68,97,100,7,175,179,27,150,136,144,70,168,17,103,105,142,190,188,186,176,42,47,132,166,123,44];False
2343;8309;10652;[4,67,193,48,10,1,91,129,8,84,122,73,174,135,21,99,16,77,112,71,56,18,62,120,24,197,26,9,143,20,3,2,121,160,92,49,130,22,38,34,124,94,75,12,165,153,187,127,39,107,87,76,50,53,148,23,30,134,58,86,69,64,101,151,54,158,199,6,117,98,25,110,81,52,182,28,162,78,60,79,185,93,167,61,41,36,46,131,59,133,96,157,138,178,164,173,66,126,198,159,140,118,109,29,154,156,106,19,108,146,43,128,85,152,111,83,181,82,192,139,33,13,172,195,40,37,15,35,88,145,189,194,31,171,116,57,0,113,196,89,5,141,119,74,183,63,51,72,147,65,102,115,14,45,55,155,184,161,80,114,177,169,191,11,104,180,163,170,95,137,90,125,149,32,68,97,100,7,175,179,27,150,136,144,70,168,17,103,105,142,190,188,186,176,42,47,132,166,123,44];False
2390;8262;10652;[4,67,193,48,10,1,91,129,8,84,122,73,174,135,21,99,16,77,112,71,56,18,62,120,24,197,26,9,143,20,3,2,121,160,92,49,130,22,38,34,124,94,75,12,165,153,187,127,39,107,87,76,50,53,93,23,30,134,58,86,69,64,101,199,54,158,151,6,117,98,25,110,81,52,182,28,162,78,60,79,185,148,167,61,41,36,46,131,59,133,96,157,138,178,164,173,66,126,198,159,140,118,109,29,154,156,106,19,108,146,43,128,85,152,111,83,181,82,192,139,33,13,172,195,40,37,15,35,88,145,189,194,31,171,116,57,0,113,196,89,5,141,119,74,183,63,51,72,147,65,102,115,14,45,55,155,184,161,80,114,177,169,191,11,104,180,163,170,95,137,90,125,149,32,68,97,100,7,175,179,27,150,136,144,70,168,17,103,105,142,190,188,186,176,42,47,132,166,123,44];False
2386;8266;10652;[4,67,193,48,10,1,91,129,8,84,122,73,174,135,21,99,16,77,112,71,56,18,62,120,24,197,26,9,143,20,3,2,116,160,92,49,130,22,38,34,124,94,75,12,165,153,187,127,39,107,87,76,50,53,93,23,30,134,58,86,69,64,101,151,54,158,199,6,117,98,25,110,81,52,182,28,162,78,60,79,185,148,167,61,41,36,46,131,59,133,96,157,138,178,164,173,66,126,198,159,140,118,109,29,154,156,106,19,108,146,43,128,85,152,111,83,181,82,192,139,33,13,172,195,40,37,15,35,88,145,189,194,31,171,121,57,0,113,196,89,5,141,119,74,183,63,51,72,147,65,102,115,14,45,55,155,184,161,80,114,177,169,191,11,104,180,163,170,95,137,90,125,149,32,68,97,100,7,175,179,27,150,136,144,70,168,17,103,105,142,190,188,186,176,42,47,132,166,123,44];False
2353;8299;10652;[4,67,193,48,10,1,91,129,8,84,122,73,174,135,21,99,16,77,112,71,56,18,62,120,24,197,26,9,143,20,3,2,121,160,92,49,130,22,38,34,124,94,75,12,165,153,187,127,39,107,87,76,50,53,93,23,30,134,58,86,69,64,101,151,54,158,199,6,117,98,25,110,81,52,182,28,162,78,60,79,185,148,167,61,41,36,46,131,59,133,96,157,138,178,164,173,66,126,198,159,140,118,109,29,154,156,106,19,108,146,43,128,85,152,111,83,181,82,192,139,33,13,172,195,40,37,15,35,88,145,189,194,31,171,116,57,0,113,196,89,5,141,119,74,183,63,51,72,147,65,102,115,14,45,55,155,184,161,80,114,177,169,191,11,104,180,163,170,95,142,90,125,149,32,68,97,100,7,175,179,27,150,136,144,70,168,17,103,105,137,190,188,186,176,42,47,132,166,123,44];False
2371;8281;10652;[4,67,193,48,10,1,91,129,8,84,122,73,174,135,21,99,16,77,112,71,56,18,62,120,24,197,26,9,143,20,3,2,121,160,92,49,130,22,38,34,124,94,75,12,165,153,187,127,39,107,87,76,50,53,93,23,30,134,58,86,69,64,101,151,54,158,199,6,117,98,25,110,81,52,182,28,162,78,60,79,90,148,167,61,41,36,46,131,59,133,96,157,138,178,164,173,66,126,198,159,140,118,109,29,154,156,106,19,108,146,43,128,85,152,111,83,181,82,192,139,33,13,172,195,40,37,15,35,88,145,189,194,31,171,116,57,0,113,196,89,5,141,119,74,183,63,51,72,147,65,102,115,14,45,55,155,184,161,80,114,177,169,191,11,104,180,163,170,95,137,185,125,149,32,68,97,100,7,175,179,27,150,136,144,70,168,17,103,105,142,190,188,186,176,42,47,132,166,123,44];False
2392;8260;10652;[4,67,193,48,10,1,91,129,8,84,122,73,174,135,21,99,16,77,112,71,56,18,62,120,24,197,26,9,143,20,3,2,121,160,92,49,130,22,38,34,124,94,75,12,165,153,187,127,39,107,87,76,50,53,93,23,30,134,58,86,69,64,101,151,54,158,199,6,117,98,25,110,81,52,182,28,164,78,60,79,185,148,167,61,41,36,46,131,59,133,96,157,138,178,162,173,66,126,198,159,140,118,109,29,154,156,106,19,108,146,43,128,85,152,111,83,181,82,192,139,33,13,172,195,40,37,15,35,88,145,189,194,31,171,116,57,0,113,196,89,5,141,119,74,183,63,51,72,147,65,102,115,14,45,55,155,184,161,80,114,177,169,191,11,104,180,163,170,95,137,90,125,149,32,68,97,100,7,175,179,27,150,136,144,70,168,17,103,105,142,190,188,186,176,42,47,132,166,123,44];False
2406;8246;10652;[4,67,193,48,10,1,91,129,8,84,122,73,174,135,21,99,16,77,112,71,56,18,62,120,24,197,26,9,143,20,3,2,93,160,92,49,130,22,38,34,124,94,75,12,165,153,187,127,39,107,87,76,50,53,121,23,30,134,58,86,69,64,101,151,54,158,199,6,117,98,25,110,81,52,182,28,162,78,60,79,185,148,167,61,41,36,46,131,59,133,96,157,138,178,164,173,66,126,198,159,140,118,109,29,154,156,106,19,108,146,43,128,85,152,111,83,181,82,192,139,33,13,172,195,40,37,15,35,88,145,189,194,31,171,116,57,0,113,196,89,5,141,119,74,183,63,51,72,147,65,102,115,14,45,55,155,184,161,80,114,177,169,191,11,104,180,163,170,95,137,90,125,149,32,68,97,100,7,175,179,27,150,136,144,70,168,17,103,105,142,190,188,186,176,42,47,132,166,123,44];False
2331;8321;10652;[4,67,193,48,10,1,91,129,8,84,122,73,174,135,21,99,16,77,112,71,56,18,62,120,24,197,26,9,143,20,3,2,121,160,92,49,130,22,38,34,124,100,75,12,165,153,187,127,39,107,87,76,50,53,93,23,30,134,58,86,69,64,101,151,54,158,199,6,117,98,25,110,81,52,182,28,162,78,60,79,185,148,167,61,41,36,46,131,59,133,96,157,138,178,164,173,66,126,198,159,140,118,109,29,154,156,106,19,108,146,43,128,85,152,111,83,181,82,192,139,33,13,172,195,40,37,15,35,88,145,189,194,31,171,116,57,0,113,196,89,5,141,119,74,183,63,51,72,147,65,102,115,14,45,55,155,184,161,80,114,177,169,191,11,104,180,163,170,95,137,90,125,149,32,68,97,94,7,175,179,27,150,136,144,70,168,17,103,105,142,190,188,186,176,42,47,132,166,123,44];False
2365;8287;10652;[4,67,193,48,10,1,91,129,8,84,122,73,174,135,21,99,16,77,112,71,56,18,62,120,24,197,26,9,143,20,3,2,121,160,92,49,130,22,38,34,124,94,75,12,165,153,187,127,39,107,87,76,50,53,93,23,30,134,58,86,69,64,101,151,54,158,199,6,117,98,25,110,81,52,182,28,162,78,60,79,185,148,167,61,41,36,46,131,59,133,96,157,138,178,164,173,66,126,198,159,140,118,109,29,154,156,106,19,108,146,43,128,85,152,111,83,181,82,192,139,33,11,172,195,40,37,15,35,88,145,189,194,31,171,116,57,0,113,196,89,5,141,119,74,183,63,51,72,147,65,102,115,14,45,55,155,184,161,80,114,177,169,191,13,104,180,163,170,95,137,90,125,149,32,68,97,100,7,175,179,27,150,136,144,70,168,17,103,105,142,190,188,186,176,42,47,132,166,123,44];False
2389;8263;10652;[4,67,193,48,10,1,91,129,8,84,122,73,174,135,21,99,16,77,112,71,56,18,62,120,24,197,26,9,143,20,3,2,121,160,92,49,130,22,38,34,124,94,75,12,165,153,187,127,39,107,87,76,50,53,93,23,30,134,58,86,69,64,101,151,54,158,199,6,117,98,25,110,81,52,182,28,162,78,60,79,185,148,167,61,41,36,46,131,59,133,96,157,138,178,164,173,66,126,198,159,140,118,109,29,154,156,106,19,108,146,43,128,85,152,111,83,181,82,192,139,33,13,172,195,40,37,15,35,88,145,189,194,31,171,116,57,0,113,196,89,5,141,119,74,183,63,51,72,147,65,102,115,14,45,55,155,184,161,80,114,177,90,191,11,104,180,163,170,95,137,169,125,149,32,68,97,100,7,175,179,27,150,136,144,70,168,17,103,105,142,190,188,186,176,42,47,132,166,123,44];False
2334;8318;10652;[4,67,193,48,10,1,91,129,8,84,122,73,174,135,21,99,16,77,112,71,56,18,62,120,24,197,26,9,143,20,3,2,121,160,92,49,130,22,38,34,124,94,75,12,165,153,187,127,39,107,87,76,50,53,93,23,30,134,58,86,69,64,101,151,54,158,199,6,117,98,25,110,81,52,182,28,162,78,60,79,185,148,167,61,41,36,46,131,59,133,96,157,138,178,164,173,66,126,198,159,140,118,109,29,154,156,106,19,108,146,43,128,85,152,111,83,181,82,192,139,33,13,172,195,40,37,15,35,88,145,189,194,31,171,116,57,0,113,196,89,5,141,119,74,183,63,51,72,147,65,102,115,47,45,55,155,184,161,80,114,177,169,191,11,104,180,163,170,95,137,90,125,149,32,68,97,100,7,175,179,27,150,136,144,70,168,17,103,105,142,190,188,186,176,42,14,132,166,123,44];False
2388;8264;10652;[4,67,193,48,10,1,91,129,8,84,122,73,174,135,21,99,16,77,112,71,56,18,62,120,24,197,26,9,143,20,3,2,121,160,92,49,130,22,38,34,124,94,75,12,165,153,187,127,39,107,87,76,50,53,93,23,30,134,58,86,69,64,101,151,54,158,199,6,117,98,25,110,81,52,182,28,162,78,60,79,185,148,167,61,41,36,46,131,59,133,96,157,138,178,164,173,66,126,198,159,140,118,109,29,154,156,106,19,108,146,43,128,85,152,111,83,181,82,192,139,33,13,172,195,40,37,15,35,88,145,189,194,31,0,116,57,171,113,196,89,5,141,119,74,183,63,51,72,147,65,102,115,14,45,55,155,184,161,80,114,177,169,191,11,104,180,163,170,95,137,90,125,149,32,68,97,100,7,175,179,27,150,136,144,70,168,17,103,105,142,190,188,186,176,42,47,132,166,123,44];False
2387;8264;10651;[4,67,193,48,10,1,91,129,8,84,122,73,174,135,21,99,16,77,112,71,56,18,62,120,24,197,26,9,143,20,3,2,121,107,92,49,130,22,38,34,124,94,75,12,165,153,187,127,39,160,87,76,50,53,93,23,30,134,58,86,69,64,101,151,54,158,199,6,117,98,25,110,81,52,182,28,162,78,60,79,185,148,167,61,41,36,46,131,59,133,96,157,138,178,164,173,66,126,198,159,140,118,109,29,154,156,106,19,108,146,43,128,85,152,111,83,181,82,192,139,33,13,172,195,40,37,15,35,88,145,189,194,31,171,116,57,0,113,196,89,5,141,119,74,183,63,51,72,147,65,102,115,14,45,55,155,184,161,80,114,177,169,191,11,104,180,163,170,95,137,90,125,149,32,68,97,100,7,175,179,27,150,136,144,70,168,17,103,105,142,190,188,186,176,42,47,132,166,123,44];False
2384;8267;10651;[4,67,193,48,10,1,91,129,8,84,122,73,174,135,21,99,16,77,112,108,56,18,62,120,24,197,26,9,143,20,3,2,121,160,92,49,130,22,38,34,124,94,75,12,165,153,187,127,39,107,87,76,50,53,93,23,30,134,58,86,69,64,101,151,54,158,199,6,117,98,25,110,81,52,182,28,162,78,60,79,185,148,167,61,41,36,46,131,59,133,96,157,138,178,164,173,66,126,198,159,140,118,109,29,154,156,106,19,71,146,43,128,85,152,111,83,181,82,192,139,33,13,172,195,40,37,15,35,88,145,189,194,31,171,116,57,0,113,196,89,5,141,119,74,183,63,51,72,147,65,102,115,14,45,55,155,184,161,80,114,177,169,191,11,104,180,163,170,95,137,90,125,149,32,68,97,100,7,175,179,27,150,136,144,70,168,17,103,105,142,190,188,186,176,42,47,132,166,123,44];False
2384;8267;10651;[4,67,193,48,10,1,91,129,8,84,122,73,174,135,21,99,16,77,112,71,56,18,62,120,24,197,26,9,180,20,3,2,121,160,92,49,130,22,38,34,124,94,75,12,165,153,187,127,39,107,87,76,50,53,93,23,30,134,58,86,69,64,101,151,54,158,199,6,117,98,25,110,81,52,182,28,162,78,60,79,185,148,167,61,41,36,46,131,59,133,96,157,138,178,164,173,66,126,198,159,140,118,109,29,154,156,106,19,108,146,43,128,85,152,111,83,181,82,192,139,33,13,172,195,40,37,15,35,88,145,189,194,31,171,116,57,0,113,196,89,5,141,119,74,183,63,51,72,147,65,102,115,14,45,55,155,184,161,80,114,177,169,191,11,104,143,163,170,95,137,90,125,149,32,68,97,100,7,175,179,27,150,136,144,70,168,17,103,105,142,190,188,186,176,42,47,132,166,123,44];False
2381;8270;10651;[4,67,193,48,10,1,91,129,8,84,122,73,174,135,21,99,16,77,112,71,56,18,62,120,24,197,26,9,143,20,3,2,121,160,92,49,130,22,38,34,124,94,75,12,165,153,187,127,39,107,87,79,50,53,93,23,30,134,58,86,69,64,101,151,54,158,199,6,117,98,25,110,81,52,182,28,162,78,60,76,185,148,167,61,41,36,46,131,59,133,96,157,138,178,164,173,66,126,198,159,140,118,109,29,154,156,106,19,108,146,43,128,85,152,111,83,181,82,192,139,33,13,172,195,40,37,15,35,88,145,189,194,31,171,116,57,0,113,196,89,5,141,119,74,183,63,51,72,147,65,102,115,14,45,55,155,184,161,80,114,177,169,191,11,104,180,163,170,95,137,90,125,149,32,68,97,100,7,175,179,27,150,136,144,70,168,17,103,105,142,190,188,186,176,42,47,132,166,123,44];False
2415;8236;10651;[4,67,193,48,10,1,91,129,8,84,122,73,174,135,21,99,16,77,112,71,56,18,62,120,24,197,26,9,143,20,3,2,121,37,92,49,130,22,38,34,124,94,75,12,165,153,187,127,39,107,87,76,50,53,93,23,30,134,58,86,69,64,101,151,54,158,199,6,117,98,25,110,81,52,182,28,162,78,60,79,185,148,167,61,41,36,46,131,59,133,96,157,138,178,164,173,66,126,198,159,140,118,109,29,154,156,106,19,108,146,43,128,85,152,111,83,181,82,192,139,33,13,172,195,40,160,15,35,88,145,189,194,31,171,116,57,0,113,196,89,5,141,119,74,183,63,51,72,147,65,102,115,14,45,55,155,184,161,80,114,177,169,191,11,104,180,163,170,95,137,90,125,149,32,68,97,100,7,175,179,27,150,136,144,70,168,17,103,105,142,190,188,186,176,42,47,132,166,123,44];False
2353;8298;10651;[4,67,193,48,10,1,91,129,8,84,122,73,78,135,21,99,16,77,112,71,56,18,62,120,24,197,26,9,143,20,3,2,121,160,92,49,130,22,38,34,124,94,75,12,165,153,187,127,39,107,87,76,50,53,93,23,30,134,58,86,69,64,101,151,54,158,199,6,117,98,25,110,81,52,182,28,162,174,60,79,185,148,167,61,41,36,46,131,59,133,96,157,138,178,164,173,66,126,198,159,140,118,109,29,154,156,106,19,108,146,43,128,85,152,111,83,181,82,192,139,33,13,172,195,40,37,15,35,88,145,189,194,31,171,116,57,0,113,196,89,5,141,119,74,183,63,51,72,147,65,102,115,14,45,55,155,184,161,80,114,177,169,191,11,104,180,163,170,95,137,90,125,149,32,68,97,100,7,175,179,27,150,136,144,70,168,17,103,105,142,190,188,186,176,42,47,132,166,123,44];False
2381;8270;10651;[4,67,193,48,10,1,91,133,8,84,122,73,174,135,21,99,16,77,112,71,56,18,62,120,24,197,26,9,143,20,3,2,121,160,92,49,130,22,38,34,124,94,75,12,165,153,187,127,39,107,87,76,50,53,93,23,30,134,58,86,69,64,101,151,54,158,199,6,117,98,25,110,81,52,182,28,162,78,60,79,185,148,167,61,41,36,46,131,59,129,96,157,138,178,164,173,66,126,198,159,140,118,109,29,154,156,106,19,108,146,43,128,85,152,111,83,181,82,192,139,33,13,172,195,40,37,15,35,88,145,189,194,31,171,116,57,0,113,196,89,5,141,119,74,183,63,51,72,147,65,102,115,14,45,55,155,184,161,80,114,177,169,191,11,104,180,163,170,95,137,90,125,149,32,68,97,100,7,175,179,27,150,136,144,70,168,17,103,105,142,190,188,186,176,42,47,132,166,123,44];False
2353;8298;10651;[4,67,193,48,10,1,91,129,8,84,122,73,174,135,21,99,16,77,112,71,56,18,62,120,24,197,26,9,143,20,3,2,121,160,92,49,130,22,38,34,124,94,75,12,165,153,187,127,39,107,87,76,50,53,93,23,30,134,58,86,69,64,101,151,54,158,199,6,117,98,25,110,81,52,182,28,162,78,60,79,185,148,167,61,41,36,46,131,59,133,96,157,138,178,164,173,66,126,198,159,140,118,109,29,154,156,106,19,108,146,43,128,85,152,111,83,181,82,192,139,33,13,172,195,40,37,15,35,88,145,189,194,31,171,116,57,0,113,196,89,5,141,142,74,183,63,51,72,147,65,102,115,14,45,55,155,184,161,80,114,177,169,191,11,104,180,163,170,95,137,90,125,149,32,68,97,100,7,175,179,27,150,136,144,70,168,17,103,105,119,190,188,186,176,42,47,132,166,123,44];False
2413;8238;10651;[4,67,193,48,10,1,91,129,8,84,122,73,174,135,21,99,16,77,112,71,56,18,62,120,24,197,26,9,143,20,3,2,121,160,92,49,130,22,38,34,124,94,75,12,165,153,187,127,39,107,87,76,50,53,93,23,30,134,58,86,69,64,101,151,54,158,199,6,117,98,25,110,81,52,182,28,162,78,60,79,185,148,167,61,41,36,46,131,59,133,96,157,138,178,164,173,66,126,198,159,140,118,109,29,154,156,106,19,108,146,43,128,85,152,111,83,181,82,192,139,33,13,172,195,40,37,15,35,88,145,105,194,31,171,116,57,0,113,196,89,5,141,119,74,183,63,51,72,147,65,102,115,14,45,55,155,184,161,80,114,177,169,191,11,104,180,163,170,95,137,90,125,149,32,68,97,100,7,175,179,27,150,136,144,70,168,17,103,189,142,190,188,186,176,42,47,132,166,123,44];False
2352;8299;10651;[4,67,193,48,10,1,91,129,8,84,122,73,174,135,21,99,16,77,112,71,56,18,62,120,24,197,26,9,143,20,3,2,121,160,92,49,130,22,38,34,124,94,75,12,165,153,187,127,39,107,87,76,50,53,93,23,30,134,58,86,69,64,101,151,54,158,199,6,117,98,25,110,81,52,182,28,162,78,60,79,185,148,167,61,41,36,46,131,59,133,96,157,138,178,164,173,66,126,198,159,140,118,109,29,154,156,106,19,108,146,43,128,85,152,111,83,181,82,192,139,33,13,172,195,40,37,15,35,88,145,189,194,31,171,116,57,0,113,196,89,5,141,119,74,183,63,51,72,100,65,102,115,14,45,55,155,184,161,80,114,177,169,191,11,104,180,163,170,95,137,90,125,149,32,68,97,147,7,175,179,27,150,136,144,70,168,17,103,105,142,190,188,186,176,42,47,132,166,123,44];False
2339;8312;10651;[4,67,193,48,10,1,91,129,8,84,122,73,174,135,21,99,16,77,112,71,56,18,62,120,24,197,26,9,143,20,3,2,121,160,92,49,130,22,38,34,124,94,75,12,165,153,187,127,39,107,87,76,50,53,93,23,30,134,58,86,69,64,101,151,54,158,199,6,117,98,25,110,81,52,182,28,162,78,60,79,185,123,167,61,41,36,46,131,59,133,96,157,138,178,164,173,66,126,198,159,140,118,109,29,154,156,106,19,108,146,43,128,85,152,111,83,181,82,192,139,33,13,172,195,40,37,15,35,88,145,189,194,31,171,116,57,0,113,196,89,5,141,119,74,183,63,51,72,147,65,102,115,14,45,55,155,184,161,80,114,177,169,191,11,104,180,163,170,95,137,90,125,149,32,68,97,100,7,175,179,27,150,136,144,70,168,17,103,105,142,190,188,186,176,42,47,132,166,148,44];False
2354;8297;10651;[4,67,193,48,10,1,91,129,8,84,122,73,174,106,21,99,16,77,112,71,56,18,62,120,24,197,26,9,143,20,3,2,121,160,92,49,130,22,38,34,124,94,75,12,165,153,187,127,39,107,87,76,50,53,93,23,30,134,58,86,69,64,101,151,54,158,199,6,117,98,25,110,81,52,182,28,162,78,60,79,185,148,167,61,41,36,46,131,59,133,96,157,138,178,164,173,66,126,198,159,140,118,109,29,154,156,135,19,108,146,43,128,85,152,111,83,181,82,192,139,33,13,172,195,40,37,15,35,88,145,189,194,31,171,116,57,0,113,196,89,5,141,119,74,183,63,51,72,147,65,102,115,14,45,55,155,184,161,80,114,177,169,191,11,104,180,163,170,95,137,90,125,149,32,68,97,100,7,175,179,27,150,136,144,70,168,17,103,105,142,190,188,186,176,42,47,132,166,123,44];False
2401;8250;10651;[4,67,74,48,10,1,91,129,8,84,122,73,174,135,21,99,16,77,112,71,56,18,62,120,24,197,26,9,143,20,3,2,121,160,92,49,130,22,38,34,124,94,75,12,165,153,187,127,39,107,87,76,50,53,93,23,30,134,58,86,69,64,101,151,54,158,199,6,117,98,25,110,81,52,182,28,162,78,60,79,185,148,167,61,41,36,46,131,59,133,96,157,138,178,164,173,66,126,198,159,140,118,109,29,154,156,106,19,108,146,43,128,85,152,111,83,181,82,192,139,33,13,172,195,40,37,15,35,88,145,189,194,31,171,116,57,0,113,196,89,5,141,119,193,183,63,51,72,147,65,102,115,14,45,55,155,184,161,80,114,177,169,191,11,104,180,163,170,95,137,90,125,149,32,68,97,100,7,175,179,27,150,136,144,70,168,17,103,105,142,190,188,186,176,42,47,132,166,123,44];False
2343;8308;10651;[4,67,193,48,10,1,91,129,8,84,122,73,174,135,21,99,16,77,112,71,56,18,62,120,24,197,26,9,143,20,3,2,121,160,92,70,130,22,38,34,124,94,75,12,165,153,187,127,39,107,87,76,50,53,93,23,30,134,58,86,69,64,101,151,54,158,199,6,117,98,25,110,81,52,182,28,162,78,60,79,185,148,167,61,41,36,46,131,59,133,96,157,138,178,164,173,66,126,198,159,140,118,109,29,154,156,106,19,108,146,43,128,85,152,111,83,181,82,192,139,33,13,172,195,40,37,15,35,88,145,189,194,31,171,116,57,0,113,196,89,5,141,119,74,183,63,51,72,147,65,102,115,14,45,55,155,184,161,80,114,177,169,191,11,104,180,163,170,95,137,90,125,149,32,68,97,100,7,175,179,27,150,136,144,49,168,17,103,105,142,190,188,186,176,42,47,132,166,123,44];False
2348;8303;10651;[4,67,193,48,10,1,91,129,8,84,122,73,174,135,21,99,16,77,112,71,56,18,62,120,24,197,26,9,143,20,3,2,121,160,92,49,130,22,38,34,124,94,75,12,165,153,187,127,39,107,87,76,50,53,93,23,30,134,58,86,69,64,101,151,194,158,199,6,117,98,25,110,81,52,182,28,162,78,60,79,185,148,167,61,41,36,46,131,59,133,96,157,138,178,164,173,66,126,198,159,140,118,109,29,154,156,106,19,108,146,43,128,85,152,111,83,181,82,192,139,33,13,172,195,40,37,15,35,88,145,189,54,31,171,116,57,0,113,196,89,5,141,119,74,183,63,51,72,147,65,102,115,14,45,55,155,184,161,80,114,177,169,191,11,104,180,163,170,95,137,90,125,149,32,68,97,100,7,175,179,27,150,136,144,70,168,17,103,105,142,190,188,186,176,42,47,132,166,123,44];False
2410;8240;10650;[4,67,193,48,10,1,91,129,8,84,122,73,174,135,21,99,16,77,112,71,56,18,62,120,24,197,26,9,143,20,3,2,121,160,92,49,130,22,38,34,124,94,75,12,165,153,187,127,39,107,87,76,50,53,93,23,30,134,58,86,69,64,101,151,54,158,199,6,117,98,25,110,81,52,182,28,162,78,60,79,185,148,167,61,41,36,46,131,59,133,96,35,138,178,164,173,66,126,198,159,140,118,109,29,154,156,106,19,108,146,43,128,85,152,111,83,181,82,192,139,33,13,172,195,40,37,15,157,88,145,189,194,31,171,116,57,0,113,196,89,5,141,119,74,183,63,51,72,147,65,102,115,14,45,55,155,184,161,80,114,177,169,191,11,104,180,163,170,95,137,90,125,149,32,68,97,100,7,175,179,27,150,136,144,70,168,17,103,105,142,190,188,186,176,42,47,132,166,123,44];False
2407;8243;10650;[4,67,193,48,10,1,91,129,8,84,122,73,174,135,21,99,16,77,112,71,56,18,62,120,24,197,26,9,143,20,3,2,121,160,92,49,130,22,38,34,124,94,75,12,165,153,187,127,39,107,87,76,50,53,93,23,30,134,58,86,69,64,101,151,54,158,199,6,117,98,25,110,81,52,182,28,162,78,60,79,185,148,167,61,41,36,46,131,59,133,96,157,147,178,164,173,66,126,198,159,140,118,109,29,154,156,106,19,108,146,43,128,85,152,111,83,181,82,192,139,33,13,172,195,40,37,15,35,88,145,189,194,31,171,116,57,0,113,196,89,5,141,119,74,183,63,51,72,138,65,102,115,14,45,55,155,184,161,80,114,177,169,191,11,104,180,163,170,95,137,90,125,149,32,68,97,100,7,175,179,27,150,136,144,70,168,17,103,105,142,190,188,186,176,42,47,132,166,123,44];False
2352;8298;10650;[4,67,193,48,10,1,91,129,8,84,122,73,174,135,21,99,16,77,112,71,56,18,62,120,24,197,26,9,143,20,3,2,121,160,92,49,130,22,38,34,124,94,75,12,165,153,187,127,39,107,87,76,50,53,93,23,30,134,58,86,69,64,101,151,54,158,199,6,117,98,25,110,81,52,182,28,162,78,60,79,185,148,167,61,41,36,46,131,59,133,96,157,138,178,164,5,66,126,198,159,140,118,109,29,154,156,106,19,108,146,43,128,85,152,111,83,181,82,192,139,33,13,172,195,40,37,15,35,88,145,189,194,31,171,116,57,0,113,196,89,173,141,119,74,183,63,51,72,147,65,102,115,14,45,55,155,184,161,80,114,177,169,191,11,104,180,163,170,95,137,90,125,149,32,68,97,100,7,175,179,27,150,136,144,70,168,17,103,105,142,190,188,186,176,42,47,132,166,123,44];False
2364;8286;10650;[4,67,193,48,10,1,91,129,8,84,122,73,174,135,21,99,16,77,112,71,56,18,62,120,24,197,26,9,143,20,3,2,121,160,92,49,130,22,38,34,124,94,75,12,165,153,187,127,39,107,87,76,50,53,93,23,30,134,58,86,69,64,101,151,54,158,199,6,117,98,25,110,81,52,182,28,162,78,60,79,185,148,167,61,41,36,46,131,59,133,96,157,138,178,164,173,66,126,198,159,140,118,109,29,154,156,106,19,155,146,43,128,85,152,111,83,181,82,192,139,33,13,172,195,40,37,15,35,88,145,189,194,31,171,116,57,0,113,196,89,5,141,119,74,183,63,51,72,147,65,102,115,14,45,55,108,184,161,80,114,177,169,191,11,104,180,163,170,95,137,90,125,149,32,68,97,100,7,175,179,27,150,136,144,70,168,17,103,105,142,190,188,186,176,42,47,132,166,123,44];False
2393;8257;10650;[4,67,193,48,10,1,91,129,8,84,122,73,174,135,21,99,16,77,112,71,56,18,62,120,24,197,26,9,143,20,3,2,121,160,92,49,130,115,38,34,124,94,75,12,165,153,187,127,39,107,87,76,50,53,93,23,30,134,58,86,69,64,101,151,54,158,199,6,117,98,25,110,81,52,182,28,162,78,60,79,185,148,167,61,41,36,46,131,59,133,96,157,138,178,164,173,66,126,198,159,140,118,109,29,154,156,106,19,108,146,43,128,85,152,111,83,181,82,192,139,33,13,172,195,40,37,15,35,88,145,189,194,31,171,116,57,0,113,196,89,5,141,119,74,183,63,51,72,147,65,102,22,14,45,55,155,184,161,80,114,177,169,191,11,104,180,163,170,95,137,90,125,149,32,68,97,100,7,175,179,27,150,136,144,70,168,17,103,105,142,190,188,186,176,42,47,132,166,123,44];False
2420;8230;10650;[4,67,193,48,10,1,91,129,8,84,122,73,174,135,21,99,16,77,112,71,56,18,62,120,24,197,26,9,143,20,3,2,121,160,92,49,130,22,38,34,124,94,75,12,165,153,187,127,39,107,87,76,50,53,93,23,30,134,58,86,69,64,101,151,54,158,199,6,117,98,25,110,81,52,182,28,162,78,60,79,185,148,167,61,41,36,46,131,59,133,96,157,138,178,164,173,66,126,198,159,140,118,109,29,154,156,106,19,108,146,43,128,85,152,111,83,181,82,192,139,33,13,172,195,40,37,15,35,88,145,189,194,31,171,116,57,0,113,196,89,5,141,119,74,183,63,51,72,147,65,102,115,14,45,55,155,184,161,80,114,177,169,191,11,104,180,163,170,95,137,90,125,32,149,68,97,100,7,175,179,27,150,136,144,70,168,17,103,105,142,190,188,186,176,42,47,132,166,123,44];False
2353;8297;10650;[4,67,193,48,10,1,91,129,8,84,122,73,174,135,21,99,16,77,112,71,56,18,62,120,24,197,26,9,143,20,3,2,121,160,92,49,130,22,38,34,124,94,75,12,165,153,187,127,39,107,87,76,50,53,93,23,30,134,58,86,69,64,101,151,37,158,199,6,117,98,25,110,81,52,182,28,162,78,60,79,185,148,167,61,41,36,46,131,59,133,96,157,138,178,164,173,66,126,198,159,140,118,109,29,154,156,106,19,108,146,43,128,85,152,111,83,181,82,192,139,33,13,172,195,40,54,15,35,88,145,189,194,31,171,116,57,0,113,196,89,5,141,119,74,183,63,51,72,147,65,102,115,14,45,55,155,184,161,80,114,177,169,191,11,104,180,163,170,95,137,90,125,149,32,68,97,100,7,175,179,27,150,136,144,70,168,17,103,105,142,190,188,186,176,42,47,132,166,123,44];False
2363;8287;10650;[4,67,193,48,10,1,91,129,8,84,122,73,174,135,21,99,16,77,112,71,56,18,62,120,24,197,26,9,143,20,3,2,121,160,92,49,130,22,38,34,124,94,75,12,194,153,187,127,39,107,87,76,50,53,93,23,30,134,58,86,69,64,101,151,54,158,199,6,117,98,25,110,81,52,182,28,162,78,60,79,185,148,167,61,41,36,46,131,59,133,96,157,138,178,164,173,66,126,198,159,140,118,109,29,154,156,106,19,108,146,43,128,85,152,111,83,181,82,192,139,33,13,172,195,40,37,15,35,88,145,189,165,31,171,116,57,0,113,196,89,5,141,119,74,183,63,51,72,147,65,102,115,14,45,55,155,184,161,80,114,177,169,191,11,104,180,163,170,95,137,90,125,149,32,68,97,100,7,175,179,27,150,136,144,70,168,17,103,105,142,190,188,186,176,42,47,132,166,123,44];False
2398;8252;10650;[4,67,193,48,10,1,91,129,8,69,122,73,174,135,21,99,16,77,112,71,56,18,62,120,24,197,26,9,143,20,3,2,121,160,92,49,130,22,38,34,124,94,75,12,165,153,187,127,39,107,87,76,50,53,93,23,30,134,58,86,84,64,101,151,54,158,199,6,117,98,25,110,81,52,182,28,162,78,60,79,185,148,167,61,41,36,46,131,59,133,96,157,138,178,164,173,66,126,198,159,140,118,109,29,154,156,106,19,108,146,43,128,85,152,111,83,181,82,192,139,33,13,172,195,40,37,15,35,88,145,189,194,31,171,116,57,0,113,196,89,5,141,119,74,183,63,51,72,147,65,102,115,14,45,55,155,184,161,80,114,177,169,191,11,104,180,163,170,95,137,90,125,149,32,68,97,100,7,175,179,27,150,136,144,70,168,17,103,105,142,190,188,186,176,42,47,132,166,123,44];False
2350;8300;10650;[4,67,193,48,10,1,91,129,8,84,122,73,174,135,21,99,16,77,112,71,56,18,62,120,24,197,26,9,143,20,3,2,121,160,92,49,130,22,38,34,124,94,75,12,165,153,187,127,39,107,87,76,50,53,93,23,30,134,58,86,69,64,101,151,54,158,199,6,117,98,25,110,81,52,182,28,162,85,60,79,185,148,167,61,41,36,46,131,59,133,96,157,138,178,164,173,66,126,198,159,140,118,109,29,154,156,106,19,108,146,43,128,78,152,111,83,181,82,192,139,33,13,172,195,40,37,15,35,88,145,189,194,31,171,116,57,0,113,196,89,5,141,119,74,183,63,51,72,147,65,102,115,14,45,55,155,184,161,80,114,177,169,191,11,104,180,163,170,95,137,90,125,149,32,68,97,100,7,175,179,27,150,136,144,70,168,17,103,105,142,190,188,186,176,42,47,132,166,123,44];False
2380;8270;10650;[4,67,193,48,10,1,91,129,8,84,122,73,174,135,21,99,16,77,112,71,56,18,62,120,24,197,26,9,143,20,3,2,121,160,92,49,130,22,38,34,124,94,75,12,165,153,187,127,39,107,87,76,50,53,93,23,30,134,58,86,69,64,101,151,54,158,199,6,117,98,25,110,81,52,182,28,162,78,60,79,185,148,167,61,41,36,46,169,59,133,96,157,138,178,164,173,66,126,198,159,140,118,109,29,154,156,106,19,108,146,43,128,85,152,111,83,181,82,192,139,33,13,172,195,40,37,15,35,88,145,189,194,31,171,116,57,0,113,196,89,5,141,119,74,183,63,51,72,147,65,102,115,14,45,55,155,184,161,80,114,177,131,191,11,104,180,163,170,95,137,90,125,149,32,68,97,100,7,175,179,27,150,136,144,70,168,17,103,105,142,190,188,186,176,42,47,132,166,123,44];False
2378;8271;10649;[4,67,193,48,10,1,91,129,8,84,122,73,174,135,21,99,16,77,112,71,56,18,62,120,24,197,26,9,143,20,3,2,121,160,92,49,130,22,38,34,124,94,75,12,165,153,187,127,39,107,87,76,50,53,93,23,30,134,58,86,69,64,101,151,54,158,199,6,117,98,25,110,81,52,182,28,162,78,60,79,185,148,167,61,41,36,46,131,59,133,96,157,138,178,164,173,66,126,198,159,140,118,109,29,154,156,106,19,108,146,43,128,85,152,111,83,181,82,192,139,33,13,172,195,40,37,15,35,88,145,189,194,31,171,116,57,0,113,196,89,5,141,119,74,183,63,51,72,147,65,102,115,14,45,55,155,184,161,80,114,177,169,191,11,104,180,163,170,95,137,90,125,149,32,68,150,100,7,175,179,27,97,136,144,70,168,17,103,105,142,190,188,186,176,42,47,132,166,123,44];False
2357;8292;10649;[4,67,193,48,10,1,91,100,8,84,122,73,174,135,21,99,16,77,112,71,56,18,62,120,24,197,26,9,143,20,3,2,121,160,92,49,130,22,38,34,124,94,75,12,165,153,187,127,39,107,87,76,50,53,93,23,30,134,58,86,69,64,101,151,54,158,199,6,117,98,25,110,81,52,182,28,162,78,60,79,185,148,167,61,41,36,46,131,59,133,96,157,138,178,164,173,66,126,198,159,140,118,109,29,154,156,106,19,108,146,43,128,85,152,111,83,181,82,192,139,33,13,172,195,40,37,15,35,88,145,189,194,31,171,116,57,0,113,196,89,5,141,119,74,183,63,51,72,147,65,102,115,14,45,55,155,184,161,80,114,177,169,191,11,104,180,163,170,95,137,90,125,149,32,68,97,129,7,175,179,27,150,136,144,70,168,17,103,105,142,190,188,186,176,42,47,132,166,123,44];False
2378;8271;10649;[4,67,193,48,10,1,91,129,8,84,122,73,174,135,21,99,16,77,112,71,56,18,62,120,24,197,26,9,143,20,3,2,121,160,92,49,88,22,38,34,124,94,75,12,165,153,187,127,39,107,87,76,50,53,93,23,30,134,58,86,69,64,101,151,54,158,199,6,117,98,25,110,81,52,182,28,162,78,60,79,185,148,167,61,41,36,46,131,59,133,96,157,138,178,164,173,66,126,198,159,140,118,109,29,154,156,106,19,108,146,43,128,85,152,111,83,181,82,192,139,33,13,172,195,40,37,15,35,130,145,189,194,31,171,116,57,0,113,196,89,5,141,119,74,183,63,51,72,147,65,102,115,14,45,55,155,184,161,80,114,177,169,191,11,104,180,163,170,95,137,90,125,149,32,68,97,100,7,175,179,27,150,136,144,70,168,17,103,105,142,190,188,186,176,42,47,132,166,123,44];False
2393;8256;10649;[4,67,193,48,10,1,91,129,8,84,122,73,174,135,21,99,16,77,112,71,56,18,62,120,24,197,26,9,143,20,3,2,121,160,92,49,130,22,38,34,124,94,75,12,165,153,187,127,39,107,87,76,50,53,93,23,30,134,58,86,69,64,101,151,54,158,199,6,117,98,25,110,81,52,182,28,162,78,60,79,185,148,167,61,41,36,46,131,59,133,96,157,138,178,164,189,66,126,198,159,140,118,109,29,154,156,106,19,108,146,43,128,85,152,111,83,181,82,192,139,33,13,172,195,40,37,15,35,88,145,173,194,31,171,116,57,0,113,196,89,5,141,119,74,183,63,51,72,147,65,102,115,14,45,55,155,184,161,80,114,177,169,191,11,104,180,163,170,95,137,90,125,149,32,68,97,100,7,175,179,27,150,136,144,70,168,17,103,105,142,190,188,186,176,42,47,132,166,123,44];False
2383;8266;10649;[4,67,193,48,10,1,91,129,8,84,122,73,174,135,21,99,16,77,112,71,56,18,62,120,24,197,26,9,143,20,3,2,121,160,92,49,130,22,38,34,124,51,75,12,165,153,187,127,39,107,87,76,50,53,93,23,30,134,58,86,69,64,101,151,54,158,199,6,117,98,25,110,81,52,182,28,162,78,60,79,185,148,167,61,41,36,46,131,59,133,96,157,138,178,164,173,66,126,198,159,140,118,109,29,154,156,106,19,108,146,43,128,85,152,111,83,181,82,192,139,33,13,172,195,40,37,15,35,88,145,189,194,31,171,116,57,0,113,196,89,5,141,119,74,183,63,94,72,147,65,102,115,14,45,55,155,184,161,80,114,177,169,191,11,104,180,163,170,95,137,90,125,149,32,68,97,100,7,175,179,27,150,136,144,70,168,17,103,105,142,190,188,186,176,42,47,132,166,123,44];False
2375;8274;10649;[4,67,193,48,10,1,91,129,8,84,122,73,174,135,21,99,16,77,112,71,56,18,62,120,24,197,26,9,143,20,3,2,121,160,92,49,130,22,38,34,124,94,75,12,165,153,187,127,39,107,87,180,50,53,93,23,30,134,58,86,69,64,101,151,54,158,199,6,117,98,25,110,81,52,182,28,162,78,60,79,185,148,167,61,41,36,46,131,59,133,96,157,138,178,164,173,66,126,198,159,140,118,109,29,154,156,106,19,108,146,43,128,85,152,111,83,181,82,192,139,33,13,172,195,40,37,15,35,88,145,189,194,31,171,116,57,0,113,196,89,5,141,119,74,183,63,51,72,147,65,102,115,14,45,55,155,184,161,80,114,177,169,191,11,104,76,163,170,95,137,90,125,149,32,68,97,100,7,175,179,27,150,136,144,70,168,17,103,105,142,190,188,186,176,42,47,132,166,123,44];False
2343;8306;10649;[4,67,193,48,10,1,91,129,8,84,122,73,174,135,21,99,16,77,112,71,56,18,62,120,24,197,26,9,143,20,3,2,121,160,92,49,130,22,38,34,124,94,75,12,165,153,187,127,39,107,87,76,50,53,93,23,30,134,58,86,69,64,101,151,54,158,199,6,117,98,25,110,81,52,182,28,162,78,60,79,185,148,167,61,41,36,46,131,59,133,96,157,138,178,164,173,66,126,198,159,140,118,109,29,154,156,106,19,108,146,43,128,85,152,111,83,181,82,192,139,33,13,172,195,40,37,15,35,88,145,189,194,31,171,116,57,0,113,196,89,5,141,119,74,183,63,51,72,147,65,102,115,14,45,55,155,184,161,80,114,177,169,179,11,104,180,163,170,95,137,90,125,149,32,68,97,100,7,175,191,27,150,136,144,70,168,17,103,105,142,190,188,186,176,42,47,132,166,123,44];False
2388;8261;10649;[4,67,193,48,10,1,91,129,8,84,122,73,174,135,21,99,16,77,112,71,56,18,62,120,24,197,26,9,143,20,3,2,121,160,92,49,130,22,38,34,124,94,75,12,165,153,187,127,39,107,87,76,50,53,162,23,30,134,58,86,69,64,101,151,54,158,199,6,117,98,25,110,81,52,182,28,93,78,60,79,185,148,167,61,41,36,46,131,59,133,96,157,138,178,164,173,66,126,198,159,140,118,109,29,154,156,106,19,108,146,43,128,85,152,111,83,181,82,192,139,33,13,172,195,40,37,15,35,88,145,189,194,31,171,116,57,0,113,196,89,5,141,119,74,183,63,51,72,147,65,102,115,14,45,55,155,184,161,80,114,177,169,191,11,104,180,163,170,95,137,90,125,149,32,68,97,100,7,175,179,27,150,136,144,70,168,17,103,105,142,190,188,186,176,42,47,132,166,123,44];False
2324;8325;10649;[4,67,193,48,10,1,91,129,8,84,122,73,174,135,21,99,16,77,112,71,56,18,62,120,24,197,26,9,143,20,3,2,121,160,92,49,130,22,38,34,124,94,75,12,165,153,187,127,39,107,87,76,50,53,93,23,30,134,58,86,69,64,101,151,54,158,199,6,117,98,25,110,81,52,182,28,162,78,60,79,185,148,167,61,41,36,46,131,198,133,96,157,138,178,164,173,66,126,59,159,140,118,109,29,154,156,106,19,108,146,43,128,85,152,111,83,181,82,192,139,33,13,172,195,40,37,15,35,88,145,189,194,31,171,116,57,0,113,196,89,5,141,119,74,183,63,51,72,147,65,102,115,14,45,55,155,184,161,80,114,177,169,191,11,104,180,163,170,95,137,90,125,149,32,68,97,100,7,175,179,27,150,136,144,70,168,17,103,105,142,190,188,186,176,42,47,132,166,123,44];False
2371;8278;10649;[4,67,193,48,10,1,42,129,8,84,122,73,174,135,21,99,16,77,112,71,56,18,62,120,24,197,26,9,143,20,3,2,121,160,92,49,130,22,38,34,124,94,75,12,165,153,187,127,39,107,87,76,50,53,93,23,30,134,58,86,69,64,101,151,54,158,199,6,117,98,25,110,81,52,182,28,162,78,60,79,185,148,167,61,41,36,46,131,59,133,96,157,138,178,164,173,66,126,198,159,140,118,109,29,154,156,106,19,108,146,43,128,85,152,111,83,181,82,192,139,33,13,172,195,40,37,15,35,88,145,189,194,31,171,116,57,0,113,196,89,5,141,119,74,183,63,51,72,147,65,102,115,14,45,55,155,184,161,80,114,177,169,191,11,104,180,163,170,95,137,90,125,149,32,68,97,100,7,175,179,27,150,136,144,70,168,17,103,105,142,190,188,186,176,91,47,132,166,123,44];False
2337;8311;10648;[4,67,193,48,10,1,91,129,8,84,122,73,174,135,21,99,16,77,112,71,56,18,62,120,24,197,26,9,143,20,3,2,121,160,92,49,130,22,38,34,124,94,75,12,165,153,187,127,39,107,87,76,50,53,93,23,30,134,58,86,69,64,101,151,54,158,199,6,117,98,25,110,81,52,182,28,162,78,60,79,185,148,167,61,41,36,46,131,59,133,96,157,138,178,164,173,66,126,198,159,140,118,109,29,154,156,106,19,108,146,43,128,85,152,111,83,181,82,192,139,33,13,172,195,40,37,15,35,88,145,189,194,31,171,116,57,0,113,196,89,5,141,119,74,183,63,51,72,147,65,102,115,14,45,55,170,184,161,80,114,177,169,191,11,104,180,163,155,95,137,90,125,149,32,68,97,100,7,175,179,27,150,136,144,70,168,17,103,105,142,190,188,186,176,42,47,132,166,123,44];False
2374;8274;10648;[4,67,193,48,10,1,91,129,8,84,122,73,174,135,21,99,16,77,112,71,56,18,62,120,24,197,26,9,143,20,3,2,121,160,92,49,130,22,38,34,124,94,75,12,165,153,187,127,39,107,87,76,88,53,93,23,30,134,58,86,69,64,101,151,54,158,199,6,117,98,25,110,81,52,182,28,162,78,60,79,185,148,167,61,41,36,46,131,59,133,96,157,138,178,164,173,66,126,198,159,140,118,109,29,154,156,106,19,108,146,43,128,85,152,111,83,181,82,192,139,33,13,172,195,40,37,15,35,50,145,189,194,31,171,116,57,0,113,196,89,5,141,119,74,183,63,51,72,147,65,102,115,14,45,55,155,184,161,80,114,177,169,191,11,104,180,163,170,95,137,90,125,149,32,68,97,100,7,175,179,27,150,136,144,70,168,17,103,105,142,190,188,186,176,42,47,132,166,123,44];False
2399;8249;10648;[4,67,193,48,10,1,91,129,8,84,122,73,174,135,21,99,16,58,112,71,56,18,62,120,24,197,26,9,143,20,3,2,121,160,92,49,130,22,38,34,124,94,75,12,165,153,187,127,39,107,87,76,50,53,93,23,30,134,77,86,69,64,101,151,54,158,199,6,117,98,25,110,81,52,182,28,162,78,60,79,185,148,167,61,41,36,46,131,59,133,96,157,138,178,164,173,66,126,198,159,140,118,109,29,154,156,106,19,108,146,43,128,85,152,111,83,181,82,192,139,33,13,172,195,40,37,15,35,88,145,189,194,31,171,116,57,0,113,196,89,5,141,119,74,183,63,51,72,147,65,102,115,14,45,55,155,184,161,80,114,177,169,191,11,104,180,163,170,95,137,90,125,149,32,68,97,100,7,175,179,27,150,136,144,70,168,17,103,105,142,190,188,186,176,42,47,132,166,123,44];False
2399;8249;10648;[4,67,193,48,10,1,91,129,8,84,122,73,174,135,21,99,16,77,112,71,56,18,62,120,24,197,26,9,143,20,3,2,121,160,92,49,130,22,38,34,124,94,75,12,165,153,187,127,39,107,87,76,50,53,93,23,30,134,58,86,69,64,101,151,54,158,199,6,117,98,25,110,81,52,182,28,162,78,60,79,185,148,167,61,41,36,46,131,59,133,96,157,138,178,164,173,66,126,198,159,140,118,109,29,154,156,106,19,108,146,43,128,85,152,111,83,181,82,192,139,33,13,172,195,40,37,15,35,88,145,189,194,31,171,116,57,0,113,196,89,5,141,119,74,183,63,51,72,147,65,102,115,14,188,55,155,184,161,80,114,177,169,191,11,104,180,163,170,95,137,90,125,149,32,68,97,100,7,175,179,27,150,136,144,70,168,17,103,105,142,190,45,186,176,42,47,132,166,123,44];False
2396;8252;10648;[4,67,193,48,10,1,91,129,8,84,122,73,174,135,21,99,16,77,112,71,56,18,62,120,24,197,26,9,143,20,3,2,121,160,92,49,130,22,38,34,124,94,75,12,165,153,187,127,39,107,87,76,50,53,93,23,30,134,58,86,69,64,101,151,54,158,199,6,117,98,25,110,81,52,182,28,162,78,60,79,185,148,167,61,41,36,46,131,59,133,96,157,138,178,164,173,66,126,198,159,140,118,109,29,154,156,106,19,108,146,43,128,85,152,111,83,181,82,192,139,33,13,172,195,40,37,15,35,88,145,189,194,31,171,147,57,0,113,196,89,5,141,119,74,183,63,51,72,116,65,102,115,14,45,55,155,184,161,80,114,177,169,191,11,104,180,163,170,95,137,90,125,149,32,68,97,100,7,175,179,27,150,136,144,70,168,17,103,105,142,190,188,186,176,42,47,132,166,123,44];False
2387;8261;10648;[4,67,193,48,10,1,91,129,8,84,122,73,174,135,21,99,16,77,112,71,56,18,62,120,24,197,26,9,143,20,3,2,121,160,92,49,130,22,38,34,124,94,75,12,165,153,187,127,39,107,87,76,50,53,93,23,30,134,58,86,69,64,101,117,54,158,199,6,151,98,25,110,81,52,182,28,162,78,60,79,185,148,167,61,41,36,46,131,59,133,96,157,138,178,164,173,66,126,198,159,140,118,109,29,154,156,106,19,108,146,43,128,85,152,111,83,181,82,192,139,33,13,172,195,40,37,15,35,88,145,189,194,31,171,116,57,0,113,196,89,5,141,119,74,183,63,51,72,147,65,102,115,14,45,55,155,184,161,80,114,177,169,191,11,104,180,163,170,95,137,90,125,149,32,68,97,100,7,175,179,27,150,136,144,70,168,17,103,105,142,190,188,186,176,42,47,132,166,123,44];False
2339;8309;10648;[4,67,193,48,10,1,91,129,8,84,122,199,174,135,21,99,16,77,112,71,56,18,62,120,24,197,26,9,143,20,3,2,121,160,92,49,130,22,38,34,124,94,75,12,165,153,187,127,39,107,87,76,50,53,93,23,30,134,58,86,69,64,101,151,54,158,73,6,117,98,25,110,81,52,182,28,162,78,60,79,185,148,167,61,41,36,46,131,59,133,96,157,138,178,164,173,66,126,198,159,140,118,109,29,154,156,106,19,108,146,43,128,85,152,111,83,181,82,192,139,33,13,172,195,40,37,15,35,88,145,189,194,31,171,116,57,0,113,196,89,5,141,119,74,183,63,51,72,147,65,102,115,14,45,55,155,184,161,80,114,177,169,191,11,104,180,163,170,95,137,90,125,149,32,68,97,100,7,175,179,27,150,136,144,70,168,17,103,105,142,190,188,186,176,42,47,132,166,123,44];False
2389;8259;10648;[4,67,193,48,10,1,91,129,8,84,122,73,174,135,21,99,16,77,112,71,56,18,62,120,24,197,26,9,143,20,3,2,121,160,92,49,130,22,38,34,124,94,75,12,165,153,187,127,39,107,87,76,50,53,93,23,30,134,58,86,69,64,101,151,54,158,199,6,117,98,25,110,81,52,182,28,162,78,60,79,185,148,167,61,41,36,46,131,59,133,96,157,138,178,164,173,66,126,198,159,140,118,109,29,154,156,106,19,108,146,43,128,85,152,111,83,181,82,192,139,33,13,172,195,40,37,15,35,88,145,189,194,31,171,116,57,0,113,196,89,5,141,119,74,183,63,51,72,147,65,102,115,14,45,55,168,184,161,80,114,177,169,191,11,104,180,163,170,95,137,90,125,149,32,68,97,100,7,175,179,27,150,136,144,70,155,17,103,105,142,190,188,186,176,42,47,132,166,123,44];False
2362;8286;10648;[4,67,193,48,10,1,91,129,8,84,122,73,174,135,21,99,16,77,112,71,56,18,62,120,24,197,26,9,143,20,3,2,121,160,92,49,130,22,38,34,124,94,75,12,165,153,187,127,39,107,87,76,50,53,93,23,30,134,58,86,69,64,101,151,54,158,199,6,117,98,25,110,81,52,182,28,162,15,60,79,185,148,167,61,41,36,46,131,59,133,96,157,138,178,164,173,66,126,198,159,140,118,109,29,154,156,106,19,108,146,43,128,85,152,111,83,181,82,192,139,33,13,172,195,40,37,78,35,88,145,189,194,31,171,116,57,0,113,196,89,5,141,119,74,183,63,51,72,147,65,102,115,14,45,55,155,184,161,80,114,177,169,191,11,104,180,163,170,95,137,90,125,149,32,68,97,100,7,175,179,27,150,136,144,70,168,17,103,105,142,190,188,186,176,42,47,132,166,123,44];False
2375;8273;10648;[4,67,193,48,10,1,91,129,8,84,122,73,174,135,21,99,16,77,146,71,56,18,62,120,24,197,26,9,143,20,3,2,121,160,92,49,130,22,38,34,124,94,75,12,165,153,187,127,39,107,87,76,50,53,93,23,30,134,58,86,69,64,101,151,54,158,199,6,117,98,25,110,81,52,182,28,162,78,60,79,185,148,167,61,41,36,46,131,59,133,96,157,138,178,164,173,66,126,198,159,140,118,109,29,154,156,106,19,108,112,43,128,85,152,111,83,181,82,192,139,33,13,172,195,40,37,15,35,88,145,189,194,31,171,116,57,0,113,196,89,5,141,119,74,183,63,51,72,147,65,102,115,14,45,55,155,184,161,80,114,177,169,191,11,104,180,163,170,95,137,90,125,149,32,68,97,100,7,175,179,27,150,136,144,70,168,17,103,105,142,190,188,186,176,42,47,132,166,123,44];False
2351;8297;10648;[4,67,193,48,10,1,91,129,8,84,122,73,174,135,21,99,16,77,112,71,56,18,62,120,24,197,26,9,143,20,3,2,121,160,92,49,130,22,38,34,165,94,75,12,124,153,187,127,39,107,87,76,50,53,93,23,30,134,58,86,69,64,101,151,54,158,199,6,117,98,25,110,81,52,182,28,162,78,60,79,185,148,167,61,41,36,46,131,59,133,96,157,138,178,164,173,66,126,198,159,140,118,109,29,154,156,106,19,108,146,43,128,85,152,111,83,181,82,192,139,33,13,172,195,40,37,15,35,88,145,189,194,31,171,116,57,0,113,196,89,5,141,119,74,183,63,51,72,147,65,102,115,14,45,55,155,184,161,80,114,177,169,191,11,104,180,163,170,95,137,90,125,149,32,68,97,100,7,175,179,27,150,136,144,70,168,17,103,105,142,190,188,186,176,42,47,132,166,123,44];False
2353;8295;10648;[4,67,193,48,10,1,91,129,8,84,122,73,174,135,21,99,16,77,112,71,56,18,62,120,24,197,26,9,143,20,3,2,121,160,92,49,130,22,38,34,124,94,75,12,165,153,187,127,39,107,87,76,50,53,93,23,30,134,58,86,69,64,101,151,54,158,199,6,117,98,25,110,81,52,182,28,162,78,60,79,185,148,167,61,41,36,46,131,59,133,96,157,138,178,164,173,66,126,198,159,140,118,109,29,154,156,106,19,108,146,43,128,85,152,111,83,181,82,192,139,33,13,172,195,40,37,15,35,88,145,189,194,31,171,116,57,0,113,196,89,5,141,119,74,11,63,51,72,147,65,102,115,14,45,55,155,184,161,80,114,177,169,191,183,104,180,163,170,95,137,90,125,149,32,68,97,100,7,175,179,27,150,136,144,70,168,17,103,105,142,190,188,186,176,42,47,132,166,123,44];False
2333;8315;10648;[4,67,193,48,10,1,91,129,8,84,122,73,174,135,21,99,16,77,112,71,56,18,62,120,24,197,198,9,143,20,3,2,121,160,92,49,130,22,38,34,124,94,75,12,165,153,187,127,39,107,87,76,50,53,93,23,30,134,58,86,69,64,101,151,54,158,199,6,117,98,25,110,81,52,182,28,162,78,60,79,185,148,167,61,41,36,46,131,59,133,96,157,138,178,164,173,66,126,26,159,140,118,109,29,154,156,106,19,108,146,43,128,85,152,111,83,181,82,192,139,33,13,172,195,40,37,15,35,88,145,189,194,31,171,116,57,0,113,196,89,5,141,119,74,183,63,51,72,147,65,102,115,14,45,55,155,184,161,80,114,177,169,191,11,104,180,163,170,95,137,90,125,149,32,68,97,100,7,175,179,27,150,136,144,70,168,17,103,105,142,190,188,186,176,42,47,132,166,123,44];False
2377;8270;10647;[4,67,193,48,10,1,91,129,8,84,122,73,174,135,21,99,16,77,112,71,56,18,62,120,24,197,26,9,143,20,3,2,121,160,92,49,130,22,38,34,136,94,75,12,165,153,187,127,39,107,87,76,50,53,93,23,30,134,58,86,69,64,101,151,54,158,199,6,117,98,25,110,81,52,182,28,162,78,60,79,185,148,167,61,41,36,46,131,59,133,96,157,138,178,164,173,66,126,198,159,140,118,109,29,154,156,106,19,108,146,43,128,85,152,111,83,181,82,192,139,33,13,172,195,40,37,15,35,88,145,189,194,31,171,116,57,0,113,196,89,5,141,119,74,183,63,51,72,147,65,102,115,14,45,55,155,184,161,80,114,177,169,191,11,104,180,163,170,95,137,90,125,149,32,68,97,100,7,175,179,27,150,124,144,70,168,17,103,105,142,190,188,186,176,42,47,132,166,123,44];False
2350;8297;10647;[4,67,193,48,10,1,91,129,8,84,122,73,174,135,21,99,16,77,112,71,56,18,62,120,24,197,109,9,143,20,3,2,121,160,92,49,130,22,38,34,124,94,75,12,165,153,187,127,39,107,87,76,50,53,93,23,30,134,58,86,69,64,101,151,54,158,199,6,117,98,25,110,81,52,182,28,162,78,60,79,185,148,167,61,41,36,46,131,59,133,96,157,138,178,164,173,66,126,198,159,140,118,26,29,154,156,106,19,108,146,43,128,85,152,111,83,181,82,192,139,33,13,172,195,40,37,15,35,88,145,189,194,31,171,116,57,0,113,196,89,5,141,119,74,183,63,51,72,147,65,102,115,14,45,55,155,184,161,80,114,177,169,191,11,104,180,163,170,95,137,90,125,149,32,68,97,100,7,175,179,27,150,136,144,70,168,17,103,105,142,190,188,186,176,42,47,132,166,123,44];False
2395;8252;10647;[4,67,193,48,10,1,91,129,8,84,122,73,174,135,21,99,16,77,112,71,56,18,62,120,24,197,26,9,190,20,3,2,121,160,92,49,130,22,38,34,124,94,75,12,165,153,187,127,39,107,87,76,50,53,93,23,30,134,58,86,69,64,101,151,54,158,199,6,117,98,25,110,81,52,182,28,162,78,60,79,185,148,167,61,41,36,46,131,59,133,96,157,138,178,164,173,66,126,198,159,140,118,109,29,154,156,106,19,108,146,43,128,85,152,111,83,181,82,192,139,33,13,172,195,40,37,15,35,88,145,189,194,31,171,116,57,0,113,196,89,5,141,119,74,183,63,51,72,147,65,102,115,14,45,55,155,184,161,80,114,177,169,191,11,104,180,163,170,95,137,90,125,149,32,68,97,100,7,175,179,27,150,136,144,70,168,17,103,105,142,143,188,186,176,42,47,132,166,123,44];False
2336;8311;10647;[4,67,193,48,10,1,91,129,8,84,122,73,174,135,21,99,16,77,112,71,56,18,62,120,24,197,26,9,143,20,3,2,121,160,92,49,130,22,38,34,124,94,75,12,165,153,187,127,39,107,87,76,50,53,93,23,30,134,58,86,69,64,101,151,54,158,199,6,117,98,25,110,81,52,182,28,162,78,60,79,185,148,167,61,41,36,46,131,59,133,96,157,138,178,164,173,66,126,198,159,140,118,109,29,154,156,106,19,108,146,43,128,180,152,111,83,181,82,192,139,33,13,172,195,40,37,15,35,88,145,189,194,31,171,116,57,0,113,196,89,5,141,119,74,183,63,51,72,147,65,102,115,14,45,55,155,184,161,80,114,177,169,191,11,104,85,163,170,95,137,90,125,149,32,68,97,100,7,175,179,27,150,136,144,70,168,17,103,105,142,190,188,186,176,42,47,132,166,123,44];False
2368;8279;10647;[4,67,193,48,10,1,91,129,8,84,122,73,174,135,21,99,16,77,112,71,56,18,62,120,24,197,26,9,143,20,3,2,103,160,92,49,130,22,38,34,124,94,75,12,165,153,187,127,39,107,87,76,50,53,93,23,30,134,58,86,69,64,101,151,54,158,199,6,117,98,25,110,81,52,182,28,162,78,60,79,185,148,167,61,41,36,46,131,59,133,96,157,138,178,164,173,66,126,198,159,140,118,109,29,154,156,106,19,108,146,43,128,85,152,111,83,181,82,192,139,33,13,172,195,40,37,15,35,88,145,189,194,31,171,116,57,0,113,196,89,5,141,119,74,183,63,51,72,147,65,102,115,14,45,55,155,184,161,80,114,177,169,191,11,104,180,163,170,95,137,90,125,149,32,68,97,100,7,175,179,27,150,136,144,70,168,17,121,105,142,190,188,186,176,42,47,132,166,123,44];False
2336;8311;10647;[4,67,193,48,10,1,91,129,8,84,122,73,174,0,21,99,16,77,112,71,56,18,62,120,24,197,26,9,143,20,3,2,121,160,92,49,130,22,38,34,124,94,75,12,165,153,187,127,39,107,87,76,50,53,93,23,30,134,58,86,69,64,101,151,54,158,199,6,117,98,25,110,81,52,182,28,162,78,60,79,185,148,167,61,41,36,46,131,59,133,96,157,138,178,164,173,66,126,198,159,140,118,109,29,154,156,106,19,108,146,43,128,85,152,111,83,181,82,192,139,33,13,172,195,40,37,15,35,88,145,189,194,31,171,116,57,135,113,196,89,5,141,119,74,183,63,51,72,147,65,102,115,14,45,55,155,184,161,80,114,177,169,191,11,104,180,163,170,95,137,90,125,149,32,68,97,100,7,175,179,27,150,136,144,70,168,17,103,105,142,190,188,186,176,42,47,132,166,123,44];False
2378;8268;10646;[9,67,193,48,10,1,91,129,8,84,122,73,174,135,21,99,16,77,112,71,56,18,62,120,24,197,26,4,143,20,3,2,121,160,92,49,130,22,38,34,124,94,75,12,165,153,187,127,39,107,87,76,50,53,93,23,30,134,58,86,69,64,101,151,54,158,199,6,117,98,25,110,81,52,182,28,162,78,60,79,185,148,167,61,41,36,46,131,59,133,96,157,138,178,164,173,66,126,198,159,140,118,109,29,154,156,106,19,108,146,43,128,85,152,111,83,181,82,192,139,33,13,172,195,40,37,15,35,88,145,189,194,31,171,116,57,0,113,196,89,5,141,119,74,183,63,51,72,147,65,102,115,14,45,55,155,184,161,80,114,177,169,191,11,104,180,163,170,95,137,90,125,149,32,68,97,100,7,175,179,27,150,136,144,70,168,17,103,105,142,190,188,186,176,42,47,132,166,123,44];False
2369;8277;10646;[4,67,193,48,10,1,91,129,8,84,122,73,174,135,21,99,16,77,112,71,56,18,62,120,24,197,26,9,143,20,3,2,121,160,92,49,130,22,38,34,124,94,7,12,165,153,187,127,39,107,87,76,50,53,93,23,30,134,58,86,69,64,101,151,54,158,199,6,117,98,25,110,81,52,182,28,162,78,60,79,185,148,167,61,41,36,46,131,59,133,96,157,138,178,164,173,66,126,198,159,140,118,109,29,154,156,106,19,108,146,43,128,85,152,111,83,181,82,192,139,33,13,172,195,40,37,15,35,88,145,189,194,31,171,116,57,0,113,196,89,5,141,119,74,183,63,51,72,147,65,102,115,14,45,55,155,184,161,80,114,177,169,191,11,104,180,163,170,95,137,90,125,149,32,68,97,100,75,175,179,27,150,136,144,70,168,17,103,105,142,190,188,186,176,42,47,132,166,123,44];False
2328;8318;10646;[4,67,193,48,10,1,91,129,8,84,122,73,174,59,21,99,16,77,112,71,56,18,62,120,24,197,26,9,143,20,3,2,121,160,92,49,130,22,38,34,124,94,75,12,165,153,187,127,39,107,87,76,50,53,93,23,30,134,58,86,69,64,101,151,54,158,199,6,117,98,25,110,81,52,182,28,162,78,60,79,185,148,167,61,41,36,46,131,135,133,96,157,138,178,164,173,66,126,198,159,140,118,109,29,154,156,106,19,108,146,43,128,85,152,111,83,181,82,192,139,33,13,172,195,40,37,15,35,88,145,189,194,31,171,116,57,0,113,196,89,5,141,119,74,183,63,51,72,147,65,102,115,14,45,55,155,184,161,80,114,177,169,191,11,104,180,163,170,95,137,90,125,149,32,68,97,100,7,175,179,27,150,136,144,70,168,17,103,105,142,190,188,186,176,42,47,132,166,123,44];False
2320;8326;10646;[4,67,193,48,10,1,91,129,8,84,122,73,174,135,21,99,16,77,112,71,56,18,62,120,24,197,26,9,143,20,3,2,121,160,92,49,130,22,38,34,124,94,75,12,165,153,187,127,39,107,87,76,50,53,93,23,30,134,58,86,69,64,101,151,54,158,199,6,117,98,25,110,81,52,182,28,162,78,60,79,185,148,167,61,41,36,46,131,59,133,96,157,138,178,164,173,66,126,198,159,140,118,109,0,154,156,106,19,108,146,43,128,85,152,111,83,181,82,192,139,33,13,172,195,40,37,15,35,88,145,189,194,31,171,116,57,29,113,196,89,5,141,119,74,183,63,51,72,147,65,102,115,14,45,55,155,184,161,80,114,177,169,191,11,104,180,163,170,95,137,90,125,149,32,68,97,100,7,175,179,27,150,136,144,70,168,17,103,105,142,190,188,186,176,42,47,132,166,123,44];False
2336;8310;10646;[4,67,193,48,10,1,91,129,8,84,122,27,174,135,21,99,16,77,112,71,56,18,62,120,24,197,26,9,143,20,3,2,121,160,92,49,130,22,38,34,124,94,75,12,165,153,187,127,39,107,87,76,50,53,93,23,30,134,58,86,69,64,101,151,54,158,199,6,117,98,25,110,81,52,182,28,162,78,60,79,185,148,167,61,41,36,46,131,59,133,96,157,138,178,164,173,66,126,198,159,140,118,109,29,154,156,106,19,108,146,43,128,85,152,111,83,181,82,192,139,33,13,172,195,40,37,15,35,88,145,189,194,31,171,116,57,0,113,196,89,5,141,119,74,183,63,51,72,147,65,102,115,14,45,55,155,184,161,80,114,177,169,191,11,104,180,163,170,95,137,90,125,149,32,68,97,100,7,175,179,73,150,136,144,70,168,17,103,105,142,190,188,186,176,42,47,132,166,123,44];False
2399;8247;10646;[4,67,193,48,10,1,91,129,8,84,122,73,174,135,21,99,16,77,112,71,56,18,62,120,24,197,26,9,143,20,3,2,121,160,92,49,130,22,38,34,124,94,75,12,165,153,187,127,39,107,87,76,50,53,93,23,30,134,58,110,69,64,101,151,54,158,199,6,117,98,25,86,81,52,182,28,162,78,60,79,185,148,167,61,41,36,46,131,59,133,96,157,138,178,164,173,66,126,198,159,140,118,109,29,154,156,106,19,108,146,43,128,85,152,111,83,181,82,192,139,33,13,172,195,40,37,15,35,88,145,189,194,31,171,116,57,0,113,196,89,5,141,119,74,183,63,51,72,147,65,102,115,14,45,55,155,184,161,80,114,177,169,191,11,104,180,163,170,95,137,90,125,149,32,68,97,100,7,175,179,27,150,136,144,70,168,17,103,105,142,190,188,186,176,42,47,132,166,123,44];False
2361;8285;10646;[4,67,193,48,10,1,91,129,8,84,122,73,174,135,21,99,16,77,112,71,56,18,62,120,24,197,26,9,143,20,3,2,121,160,92,49,130,22,38,34,124,94,75,12,165,153,187,127,39,107,100,76,50,53,93,23,30,134,58,86,69,64,101,151,54,158,199,6,117,98,25,110,81,52,182,28,162,78,60,79,185,148,167,61,41,36,46,131,59,133,96,157,138,178,164,173,66,126,198,159,140,118,109,29,154,156,106,19,108,146,43,128,85,152,111,83,181,82,192,139,33,13,172,195,40,37,15,35,88,145,189,194,31,171,116,57,0,113,196,89,5,141,119,74,183,63,51,72,147,65,102,115,14,45,55,155,184,161,80,114,177,169,191,11,104,180,163,170,95,137,90,125,149,32,68,97,87,7,175,179,27,150,136,144,70,168,17,103,105,142,190,188,186,176,42,47,132,166,123,44];False
2388;8258;10646;[4,67,193,48,10,1,91,129,8,84,122,73,174,135,21,99,16,77,112,71,56,18,62,120,24,197,26,9,143,20,3,2,121,160,92,49,130,22,38,34,124,94,75,12,165,153,187,127,39,107,87,76,50,53,93,23,30,134,58,86,69,64,101,151,54,158,199,6,117,98,25,110,81,52,182,28,162,78,60,79,185,148,167,61,41,36,46,131,59,133,96,157,138,178,164,173,66,126,198,159,140,118,109,29,154,156,106,19,108,146,43,128,85,152,111,83,181,82,192,139,33,13,172,195,40,37,15,35,88,145,189,194,31,171,116,57,0,113,196,89,5,114,119,74,183,63,51,72,147,65,102,115,14,45,55,155,184,161,80,141,177,169,191,11,104,180,163,170,95,137,90,125,149,32,68,97,100,7,175,179,27,150,136,144,70,168,17,103,105,142,190,188,186,176,42,47,132,166,123,44];False
2388;8258;10646;[4,67,193,48,10,1,91,129,8,84,122,73,174,135,21,99,16,77,112,71,56,18,62,120,24,197,26,9,143,20,3,2,121,160,92,49,130,22,38,34,124,94,75,12,165,153,187,127,39,107,87,76,50,53,93,23,30,134,58,86,69,64,101,151,54,158,199,6,117,98,25,110,81,52,182,28,162,78,60,79,185,148,167,61,41,36,46,131,59,133,96,157,138,178,164,173,66,126,198,159,140,118,109,29,154,156,106,19,108,146,43,128,85,152,111,83,181,82,192,139,33,13,172,195,40,37,15,35,88,145,189,194,31,171,116,57,0,113,196,89,5,141,119,74,183,63,51,72,147,65,102,115,14,45,55,155,184,137,80,114,177,169,191,11,104,180,163,170,95,161,90,125,149,32,68,97,100,7,175,179,27,150,136,144,70,168,17,103,105,142,190,188,186,176,42,47,132,166,123,44];False
2389;8257;10646;[4,67,193,48,10,1,91,129,8,84,122,73,174,135,21,99,16,77,112,71,56,18,62,120,24,197,26,9,143,20,3,2,121,160,92,49,130,22,38,34,93,94,75,12,165,153,187,127,39,107,87,76,50,53,124,23,30,134,58,86,69,64,101,151,54,158,199,6,117,98,25,110,81,52,182,28,162,78,60,79,185,148,167,61,41,36,46,131,59,133,96,157,138,178,164,173,66,126,198,159,140,118,109,29,154,156,106,19,108,146,43,128,85,152,111,83,181,82,192,139,33,13,172,195,40,37,15,35,88,145,189,194,31,171,116,57,0,113,196,89,5,141,119,74,183,63,51,72,147,65,102,115,14,45,55,155,184,161,80,114,177,169,191,11,104,180,163,170,95,137,90,125,149,32,68,97,100,7,175,179,27,150,136,144,70,168,17,103,105,142,190,188,186,176,42,47,132,166,123,44];False
2322;8324;10646;[4,67,193,48,10,1,91,129,8,84,122,73,174,135,21,99,16,77,112,71,56,18,62,120,24,197,26,9,143,20,3,2,121,160,92,49,130,22,38,34,124,94,75,12,165,153,187,127,39,107,87,76,50,53,93,23,30,134,58,86,69,64,101,151,54,158,199,6,117,98,25,110,81,52,182,28,162,78,60,79,185,148,167,61,179,36,46,131,59,133,96,157,138,178,164,173,66,126,198,159,140,118,109,29,154,156,106,19,108,146,43,128,85,152,111,83,181,82,192,139,33,13,172,195,40,37,15,35,88,145,189,194,31,171,116,57,0,113,196,89,5,141,119,74,183,63,51,72,147,65,102,115,14,45,55,155,184,161,80,114,177,169,191,11,104,180,163,170,95,137,90,125,149,32,68,97,100,7,175,41,27,150,136,144,70,168,17,103,105,142,190,188,186,176,42,47,132,166,123,44];False
2350;8296;10646;[4,67,193,48,10,1,91,129,8,84,122,73,57,135,21,99,16,77,112,71,56,18,62,120,24,197,26,9,143,20,3,2,121,160,92,49,130,22,38,34,124,94,75,12,165,153,187,127,39,107,87,76,50,53,93,23,30,134,58,86,69,64,101,151,54,158,199,6,117,98,25,110,81,52,182,28,162,78,60,79,185,148,167,61,41,36,46,131,59,133,96,157,138,178,164,173,66,126,198,159,140,118,109,29,154,156,106,19,108,146,43,128,85,152,111,83,181,82,192,139,33,13,172,195,40,37,15,35,88,145,189,194,31,171,116,174,0,113,196,89,5,141,119,74,183,63,51,72,147,65,102,115,14,45,55,155,184,161,80,114,177,169,191,11,104,180,163,170,95,137,90,125,149,32,68,97,100,7,175,179,27,150,136,144,70,168,17,103,105,142,190,188,186,176,42,47,132,166,123,44];False
2362;8284;10646;[4,67,193,48,10,1,91,129,8,84,122,73,174,135,21,99,16,77,112,71,56,18,62,120,24,197,26,9,143,20,3,2,121,160,92,49,130,22,38,34,124,94,75,12,165,153,187,127,39,107,87,76,50,53,93,23,30,134,58,86,69,64,101,151,54,158,199,6,117,155,25,110,81,52,182,28,162,78,60,79,185,148,167,61,41,36,46,131,59,133,96,157,138,178,164,173,66,126,198,159,140,118,109,29,154,156,106,19,108,146,43,128,85,152,111,83,181,82,192,139,33,13,172,195,40,37,15,35,88,145,189,194,31,171,116,57,0,113,196,89,5,141,119,74,183,63,51,72,147,65,102,115,14,45,55,98,184,161,80,114,177,169,191,11,104,180,163,170,95,137,90,125,149,32,68,97,100,7,175,179,27,150,136,144,70,168,17,103,105,142,190,188,186,176,42,47,132,166,123,44];False
2391;8255;10646;[4,67,193,48,10,1,91,129,8,84,122,73,174,135,21,99,16,77,112,71,56,18,62,120,24,197,26,9,143,20,3,2,121,160,92,49,130,22,38,34,124,94,75,12,165,153,187,127,39,107,87,76,50,53,93,23,30,134,58,86,69,64,101,151,54,59,199,6,117,98,25,110,81,52,182,28,162,78,60,79,185,148,167,61,41,36,46,131,158,133,96,157,138,178,164,173,66,126,198,159,140,118,109,29,154,156,106,19,108,146,43,128,85,152,111,83,181,82,192,139,33,13,172,195,40,37,15,35,88,145,189,194,31,171,116,57,0,113,196,89,5,141,119,74,183,63,51,72,147,65,102,115,14,45,55,155,184,161,80,114,177,169,191,11,104,180,163,170,95,137,90,125,149,32,68,97,100,7,175,179,27,150,136,144,70,168,17,103,105,142,190,188,186,176,42,47,132,166,123,44];False
2364;8282;10646;[4,67,193,48,10,1,91,129,8,84,122,73,174,135,21,99,16,77,112,71,56,18,62,120,24,197,26,9,143,20,3,2,121,160,92,49,130,22,38,34,124,94,75,12,165,153,187,127,39,107,87,76,50,53,93,7,30,134,58,86,69,64,101,151,54,158,199,6,117,98,25,110,81,52,182,28,162,78,60,79,185,148,167,61,41,36,46,131,59,133,96,157,138,178,164,173,66,126,198,159,140,118,109,29,154,156,106,19,108,146,43,128,85,152,111,83,181,82,192,139,33,13,172,195,40,37,15,35,88,145,189,194,31,171,116,57,0,113,196,89,5,141,119,74,183,63,51,72,147,65,102,115,14,45,55,155,184,161,80,114,177,169,191,11,104,180,163,170,95,137,90,125,149,32,68,97,100,23,175,179,27,150,136,144,70,168,17,103,105,142,190,188,186,176,42,47,132,166,123,44];False
2314;8331;10645;[4,67,193,48,10,1,91,129,8,84,122,73,174,135,21,99,16,77,112,71,56,18,62,120,24,197,26,9,143,20,3,2,121,60,92,49,130,22,38,34,124,94,75,12,165,153,187,127,39,107,87,76,50,53,93,23,30,134,58,86,69,64,101,151,54,158,199,6,117,98,25,110,81,52,182,28,162,78,160,79,185,148,167,61,41,36,46,131,59,133,96,157,138,178,164,173,66,126,198,159,140,118,109,29,154,156,106,19,108,146,43,128,85,152,111,83,181,82,192,139,33,13,172,195,40,37,15,35,88,145,189,194,31,171,116,57,0,113,196,89,5,141,119,74,183,63,51,72,147,65,102,115,14,45,55,155,184,161,80,114,177,169,191,11,104,180,163,170,95,137,90,125,149,32,68,97,100,7,175,179,27,150,136,144,70,168,17,103,105,142,190,188,186,176,42,47,132,166,123,44];False
2332;8313;10645;[4,67,193,48,10,1,91,129,8,84,122,73,174,135,21,99,16,77,112,71,56,18,62,72,24,197,26,9,143,20,3,2,121,160,92,49,130,22,38,34,124,94,75,12,165,153,187,127,39,107,87,76,50,53,93,23,30,134,58,86,69,64,101,151,54,158,199,6,117,98,25,110,81,52,182,28,162,78,60,79,185,148,167,61,41,36,46,131,59,133,96,157,138,178,164,173,66,126,198,159,140,118,109,29,154,156,106,19,108,146,43,128,85,152,111,83,181,82,192,139,33,13,172,195,40,37,15,35,88,145,189,194,31,171,116,57,0,113,196,89,5,141,119,74,183,63,51,120,147,65,102,115,14,45,55,155,184,161,80,114,177,169,191,11,104,180,163,170,95,137,90,125,149,32,68,97,100,7,175,179,27,150,136,144,70,168,17,103,105,142,190,188,186,176,42,47,132,166,123,44];False
2372;8273;10645;[4,67,193,48,10,1,91,3,8,84,122,73,174,135,21,99,16,77,112,71,56,18,62,120,24,197,26,9,143,20,129,2,121,160,92,49,130,22,38,34,124,94,75,12,165,153,187,127,39,107,87,76,50,53,93,23,30,134,58,86,69,64,101,151,54,158,199,6,117,98,25,110,81,52,182,28,162,78,60,79,185,148,167,61,41,36,46,131,59,133,96,157,138,178,164,173,66,126,198,159,140,118,109,29,154,156,106,19,108,146,43,128,85,152,111,83,181,82,192,139,33,13,172,195,40,37,15,35,88,145,189,194,31,171,116,57,0,113,196,89,5,141,119,74,183,63,51,72,147,65,102,115,14,45,55,155,184,161,80,114,177,169,191,11,104,180,163,170,95,137,90,125,149,32,68,97,100,7,175,179,27,150,136,144,70,168,17,103,105,142,190,188,186,176,42,47,132,166,123,44];False
2346;8299;10645;[4,67,193,48,10,1,91,129,8,84,122,73,174,135,21,99,16,77,112,71,56,18,62,120,24,197,26,9,143,20,3,2,121,160,92,49,130,22,38,34,124,94,75,12,165,153,187,127,39,107,87,76,50,53,93,23,30,134,58,86,69,64,101,151,54,158,199,6,117,98,25,110,81,52,182,28,162,78,60,79,185,148,167,61,41,36,46,131,59,133,96,157,138,178,164,173,66,126,198,159,140,118,109,29,154,156,45,19,108,146,43,128,85,152,111,83,181,82,192,139,33,13,172,195,40,37,15,35,88,145,189,194,31,171,116,57,0,113,196,89,5,141,119,74,183,63,51,72,147,65,102,115,14,106,55,155,184,161,80,114,177,169,191,11,104,180,163,170,95,137,90,125,149,32,68,97,100,7,175,179,27,150,136,144,70,168,17,103,105,142,190,188,186,176,42,47,132,166,123,44];False
2390;8255;10645;[4,67,193,48,10,1,91,129,8,84,122,73,174,135,21,99,16,77,112,71,56,18,62,120,24,197,26,9,143,20,3,2,121,160,92,49,130,22,38,34,124,94,75,12,165,153,187,127,39,107,87,76,50,53,93,23,30,134,58,86,69,64,101,151,54,158,176,6,117,98,25,110,81,52,182,28,162,78,60,79,185,148,167,61,41,36,46,131,59,133,96,157,138,178,164,173,66,126,198,159,140,118,109,29,154,156,106,19,108,146,43,128,85,152,111,83,181,82,192,139,33,13,172,195,40,37,15,35,88,145,189,194,31,171,116,57,0,113,196,89,5,141,119,74,183,63,51,72,147,65,102,115,14,45,55,155,184,161,80,114,177,169,191,11,104,180,163,170,95,137,90,125,149,32,68,97,100,7,175,179,27,150,136,144,70,168,17,103,105,142,190,188,186,199,42,47,132,166,123,44];False
2391;8254;10645;[4,67,193,48,10,1,91,129,8,84,122,73,174,135,21,99,16,77,112,71,56,18,62,120,24,197,26,9,143,20,3,2,121,160,92,49,130,22,38,34,124,94,75,12,165,153,187,127,39,107,87,76,50,53,93,23,30,134,58,86,69,64,101,151,54,158,199,6,117,98,25,110,81,52,182,28,162,78,60,79,185,148,167,61,41,36,46,131,59,133,96,157,138,178,164,173,66,126,198,159,140,118,109,29,154,156,106,19,108,146,43,128,95,152,111,83,181,82,192,139,33,13,172,195,40,37,15,35,88,145,189,194,31,171,116,57,0,113,196,89,5,141,119,74,183,63,51,72,147,65,102,115,14,45,55,155,184,161,80,114,177,169,191,11,104,180,163,170,85,137,90,125,149,32,68,97,100,7,175,179,27,150,136,144,70,168,17,103,105,142,190,188,186,176,42,47,132,166,123,44];False
2356;8289;10645;[4,67,193,48,10,1,91,129,8,84,122,73,174,135,21,99,16,77,112,71,56,18,62,120,24,197,26,9,143,20,3,2,121,160,92,49,130,22,38,34,124,94,75,12,165,153,187,127,39,107,87,76,50,53,93,23,30,134,58,86,69,64,101,151,54,158,199,6,117,98,25,110,81,52,182,28,162,78,60,79,185,148,167,61,41,36,46,131,59,133,96,157,138,178,164,173,66,126,198,159,140,118,109,29,154,156,106,19,108,146,43,128,85,152,111,83,181,82,192,139,33,13,142,195,40,37,15,35,88,145,189,194,31,171,116,57,0,113,196,89,5,141,119,74,183,63,51,72,147,65,102,115,14,45,55,155,184,161,80,114,177,169,191,11,104,180,163,170,95,137,90,125,149,32,68,97,100,7,175,179,27,150,136,144,70,168,17,103,105,172,190,188,186,176,42,47,132,166,123,44];False
2364;8281;10645;[4,67,193,48,10,1,91,129,8,84,122,73,174,135,21,99,16,77,112,71,56,18,62,120,24,197,26,9,143,20,3,2,121,160,92,49,130,22,38,34,124,94,75,12,165,153,187,127,39,107,87,76,50,53,93,23,30,134,58,86,69,64,101,151,54,158,199,6,117,98,25,110,81,52,182,28,162,78,60,79,185,148,167,61,41,36,46,131,59,133,96,157,138,178,164,173,66,126,198,159,140,118,109,29,154,156,106,19,108,146,43,128,85,105,111,83,181,82,192,139,33,13,172,195,40,37,15,35,88,145,189,194,31,171,116,57,0,113,196,89,5,141,119,74,183,63,51,72,147,65,102,115,14,45,55,155,184,161,80,114,177,169,191,11,104,180,163,170,95,137,90,125,149,32,68,97,100,7,175,179,27,150,136,144,70,168,17,103,152,142,190,188,186,176,42,47,132,166,123,44];False
2331;8314;10645;[4,67,193,48,10,1,91,129,8,84,122,73,174,135,21,99,16,77,112,71,56,18,62,120,24,197,26,9,143,20,3,2,121,160,101,49,130,22,38,34,124,94,75,12,165,153,187,127,39,107,87,76,50,53,93,23,30,134,58,86,69,64,92,151,54,158,199,6,117,98,25,110,81,52,182,28,162,78,60,79,185,148,167,61,41,36,46,131,59,133,96,157,138,178,164,173,66,126,198,159,140,118,109,29,154,156,106,19,108,146,43,128,85,152,111,83,181,82,192,139,33,13,172,195,40,37,15,35,88,145,189,194,31,171,116,57,0,113,196,89,5,141,119,74,183,63,51,72,147,65,102,115,14,45,55,155,184,161,80,114,177,169,191,11,104,180,163,170,95,137,90,125,149,32,68,97,100,7,175,179,27,150,136,144,70,168,17,103,105,142,190,188,186,176,42,47,132,166,123,44];False
2350;8295;10645;[4,67,193,48,10,1,91,73,8,84,122,129,174,135,21,99,16,77,112,71,56,18,62,120,24,197,26,9,143,20,3,2,121,160,92,49,130,22,38,34,124,94,75,12,165,153,187,127,39,107,87,76,50,53,93,23,30,134,58,86,69,64,101,151,54,158,199,6,117,98,25,110,81,52,182,28,162,78,60,79,185,148,167,61,41,36,46,131,59,133,96,157,138,178,164,173,66,126,198,159,140,118,109,29,154,156,106,19,108,146,43,128,85,152,111,83,181,82,192,139,33,13,172,195,40,37,15,35,88,145,189,194,31,171,116,57,0,113,196,89,5,141,119,74,183,63,51,72,147,65,102,115,14,45,55,155,184,161,80,114,177,169,191,11,104,180,163,170,95,137,90,125,149,32,68,97,100,7,175,179,27,150,136,144,70,168,17,103,105,142,190,188,186,176,42,47,132,166,123,44];False
2375;8269;10644;[4,67,193,48,10,1,91,129,8,84,122,73,174,135,21,99,16,77,112,71,56,18,62,120,24,197,26,9,143,20,3,2,121,160,92,49,130,22,38,34,124,94,75,12,165,153,187,127,39,107,87,76,50,53,93,23,30,134,58,86,69,64,101,151,54,158,199,6,117,7,25,110,81,52,182,28,162,78,60,79,185,148,167,61,41,36,46,131,59,133,96,157,138,178,164,173,66,126,198,159,140,118,109,29,154,156,106,19,108,146,43,128,85,152,111,83,181,82,192,139,33,13,172,195,40,37,15,35,88,145,189,194,31,171,116,57,0,113,196,89,5,141,119,74,183,63,51,72,147,65,102,115,14,45,55,155,184,161,80,114,177,169,191,11,104,180,163,170,95,137,90,125,149,32,68,97,100,98,175,179,27,150,136,144,70,168,17,103,105,142,190,188,186,176,42,47,132,166,123,44];False
2344;8300;10644;[4,67,193,48,10,1,91,129,8,84,122,73,174,135,21,99,16,77,112,71,56,18,62,120,24,197,26,9,143,20,3,2,121,160,92,49,130,22,38,34,124,94,75,12,165,153,187,127,39,107,87,76,50,53,93,23,30,134,58,86,69,64,101,151,54,158,199,6,117,98,25,110,81,52,182,28,162,78,60,79,185,148,167,61,41,36,46,131,59,133,96,157,138,178,164,173,66,126,198,159,140,118,109,29,154,156,106,19,108,146,43,128,85,152,111,83,181,82,192,139,33,13,172,195,40,37,15,35,88,145,189,194,31,171,116,57,0,113,196,89,5,141,119,74,183,63,51,72,147,65,102,115,14,45,55,155,184,161,80,114,177,169,191,11,104,180,163,170,95,137,90,125,149,32,68,97,100,7,175,179,27,150,136,144,176,168,17,103,105,142,190,188,186,70,42,47,132,166,123,44];False
2366;8278;10644;[4,67,193,48,10,1,91,129,8,84,122,73,174,135,21,99,16,77,112,71,56,18,62,120,24,197,26,25,143,20,3,2,121,160,92,49,130,22,38,34,124,94,75,12,165,153,187,127,39,107,87,76,50,53,93,23,30,134,58,86,69,64,101,151,54,158,199,6,117,98,9,110,81,52,182,28,162,78,60,79,185,148,167,61,41,36,46,131,59,133,96,157,138,178,164,173,66,126,198,159,140,118,109,29,154,156,106,19,108,146,43,128,85,152,111,83,181,82,192,139,33,13,172,195,40,37,15,35,88,145,189,194,31,171,116,57,0,113,196,89,5,141,119,74,183,63,51,72,147,65,102,115,14,45,55,155,184,161,80,114,177,169,191,11,104,180,163,170,95,137,90,125,149,32,68,97,100,7,175,179,27,150,136,144,70,168,17,103,105,142,190,188,186,176,42,47,132,166,123,44];False
2394;8250;10644;[4,67,193,48,10,1,91,129,8,84,122,73,174,135,21,99,16,77,112,71,56,18,62,120,24,197,26,9,143,20,3,2,121,160,92,49,130,22,38,34,124,94,75,12,165,153,187,127,39,107,87,76,50,53,93,23,30,134,58,86,69,64,101,151,54,158,199,6,117,98,25,110,81,52,182,28,162,78,60,79,185,148,167,61,41,36,46,131,59,133,96,157,138,178,164,173,66,126,198,159,140,118,109,29,154,156,106,19,108,146,43,128,85,152,111,83,181,82,192,139,33,13,172,195,40,37,15,35,88,145,189,194,31,171,116,57,0,113,196,89,5,141,119,74,183,63,51,72,147,65,102,115,14,45,55,155,184,161,80,114,177,169,191,11,104,180,149,170,95,137,90,125,163,32,68,97,100,7,175,179,27,150,136,144,70,168,17,103,105,142,190,188,186,176,42,47,132,166,123,44];False
2372;8272;10644;[4,67,193,48,10,1,91,129,8,84,122,73,174,135,21,99,16,112,77,71,56,18,62,120,24,197,26,9,143,20,3,2,121,160,92,49,130,22,38,34,124,94,75,12,165,153,187,127,39,107,87,76,50,53,93,23,30,134,58,86,69,64,101,151,54,158,199,6,117,98,25,110,81,52,182,28,162,78,60,79,185,148,167,61,41,36,46,131,59,133,96,157,138,178,164,173,66,126,198,159,140,118,109,29,154,156,106,19,108,146,43,128,85,152,111,83,181,82,192,139,33,13,172,195,40,37,15,35,88,145,189,194,31,171,116,57,0,113,196,89,5,141,119,74,183,63,51,72,147,65,102,115,14,45,55,155,184,161,80,114,177,169,191,11,104,180,163,170,95,137,90,125,149,32,68,97,100,7,175,179,27,150,136,144,70,168,17,103,105,142,190,188,186,176,42,47,132,166,123,44];False
2391;8253;10644;[4,67,193,48,10,1,91,129,8,84,122,73,174,135,21,99,16,75,112,71,56,18,62,120,24,197,26,9,143,20,3,2,121,160,92,49,130,22,38,34,124,94,77,12,165,153,187,127,39,107,87,76,50,53,93,23,30,134,58,86,69,64,101,151,54,158,199,6,117,98,25,110,81,52,182,28,162,78,60,79,185,148,167,61,41,36,46,131,59,133,96,157,138,178,164,173,66,126,198,159,140,118,109,29,154,156,106,19,108,146,43,128,85,152,111,83,181,82,192,139,33,13,172,195,40,37,15,35,88,145,189,194,31,171,116,57,0,113,196,89,5,141,119,74,183,63,51,72,147,65,102,115,14,45,55,155,184,161,80,114,177,169,191,11,104,180,163,170,95,137,90,125,149,32,68,97,100,7,175,179,27,150,136,144,70,168,17,103,105,142,190,188,186,176,42,47,132,166,123,44];False
2347;8297;10644;[4,67,193,48,10,1,91,129,8,84,122,73,174,135,21,99,16,77,112,71,56,18,62,120,24,197,26,9,143,20,3,2,121,160,92,49,130,22,38,34,124,94,75,12,165,153,187,127,39,107,87,76,50,53,93,23,30,134,58,86,69,64,101,151,54,158,199,6,117,98,25,110,81,52,182,28,162,78,60,79,185,148,167,61,41,36,46,131,59,133,96,157,138,178,164,173,66,126,198,159,140,118,109,108,154,156,106,19,29,146,43,128,85,152,111,83,181,82,192,139,33,13,172,195,40,37,15,35,88,145,189,194,31,171,116,57,0,113,196,89,5,141,119,74,183,63,51,72,147,65,102,115,14,45,55,155,184,161,80,114,177,169,191,11,104,180,163,170,95,137,90,125,149,32,68,97,100,7,175,179,27,150,136,144,70,168,17,103,105,142,190,188,186,176,42,47,132,166,123,44];False
2389;8255;10644;[4,67,193,48,10,1,91,129,8,84,122,73,174,135,21,99,16,77,112,71,56,18,62,120,24,197,26,9,143,20,3,2,121,160,92,49,130,22,38,34,124,94,75,12,165,153,187,127,39,107,87,76,50,53,93,23,30,134,86,58,69,64,101,151,54,158,199,6,117,98,25,110,81,52,182,28,162,78,60,79,185,148,167,61,41,36,46,131,59,133,96,157,138,178,164,173,66,126,198,159,140,118,109,29,154,156,106,19,108,146,43,128,85,152,111,83,181,82,192,139,33,13,172,195,40,37,15,35,88,145,189,194,31,171,116,57,0,113,196,89,5,141,119,74,183,63,51,72,147,65,102,115,14,45,55,155,184,161,80,114,177,169,191,11,104,180,163,170,95,137,90,125,149,32,68,97,100,7,175,179,27,150,136,144,70,168,17,103,105,142,190,188,186,176,42,47,132,166,123,44];False
2409;8235;10644;[4,67,193,48,10,1,91,129,8,84,122,73,174,135,21,99,16,77,112,71,56,18,62,120,24,197,26,9,143,20,3,2,121,160,92,49,130,22,38,34,124,94,75,12,165,153,187,127,39,107,87,76,50,53,93,23,30,134,58,86,69,64,101,96,54,158,199,6,117,98,25,110,81,52,182,28,162,78,60,79,185,148,167,61,41,36,46,131,59,133,151,157,138,178,164,173,66,126,198,159,140,118,109,29,154,156,106,19,108,146,43,128,85,152,111,83,181,82,192,139,33,13,172,195,40,37,15,35,88,145,189,194,31,171,116,57,0,113,196,89,5,141,119,74,183,63,51,72,147,65,102,115,14,45,55,155,184,161,80,114,177,169,191,11,104,180,163,170,95,137,90,125,149,32,68,97,100,7,175,179,27,150,136,144,70,168,17,103,105,142,190,188,186,176,42,47,132,166,123,44];False
2323;8321;10644;[4,67,5,48,10,1,91,129,8,84,122,73,174,135,21,99,16,77,112,71,56,18,62,120,24,197,26,9,143,20,3,2,121,160,92,49,130,22,38,34,124,94,75,12,165,153,187,127,39,107,87,76,50,53,93,23,30,134,58,86,69,64,101,151,54,158,199,6,117,98,25,110,81,52,182,28,162,78,60,79,185,148,167,61,41,36,46,131,59,133,96,157,138,178,164,173,66,126,198,159,140,118,109,29,154,156,106,19,108,146,43,128,85,152,111,83,181,82,192,139,33,13,172,195,40,37,15,35,88,145,189,194,31,171,116,57,0,113,196,89,193,141,119,74,183,63,51,72,147,65,102,115,14,45,55,155,184,161,80,114,177,169,191,11,104,180,163,170,95,137,90,125,149,32,68,97,100,7,175,179,27,150,136,144,70,168,17,103,105,142,190,188,186,176,42,47,132,166,123,44];False
2358;8286;10644;[4,67,193,48,10,1,91,129,8,84,122,73,174,135,21,99,16,77,112,71,107,18,62,120,24,197,26,9,143,20,3,2,121,160,92,49,130,22,38,34,124,94,75,12,165,153,187,127,39,56,87,76,50,53,93,23,30,134,58,86,69,64,101,151,54,158,199,6,117,98,25,110,81,52,182,28,162,78,60,79,185,148,167,61,41,36,46,131,59,133,96,157,138,178,164,173,66,126,198,159,140,118,109,29,154,156,106,19,108,146,43,128,85,152,111,83,181,82,192,139,33,13,172,195,40,37,15,35,88,145,189,194,31,171,116,57,0,113,196,89,5,141,119,74,183,63,51,72,147,65,102,115,14,45,55,155,184,161,80,114,177,169,191,11,104,180,163,170,95,137,90,125,149,32,68,97,100,7,175,179,27,150,136,144,70,168,17,103,105,142,190,188,186,176,42,47,132,166,123,44];False
2360;8284;10644;[4,67,193,48,10,1,91,129,8,84,122,73,174,135,21,99,16,77,112,71,56,18,62,120,24,197,26,9,143,20,3,2,121,160,92,49,130,22,38,34,124,94,75,12,165,153,187,127,39,107,87,76,50,53,93,23,30,134,58,86,69,64,101,151,102,158,199,6,117,98,25,110,81,52,182,28,162,78,60,79,185,148,167,61,41,36,46,131,59,133,96,157,138,178,164,173,66,126,198,159,140,118,109,29,154,156,106,19,108,146,43,128,85,152,111,83,181,82,192,139,33,13,172,195,40,37,15,35,88,145,189,194,31,171,116,57,0,113,196,89,5,141,119,74,183,63,51,72,147,65,54,115,14,45,55,155,184,161,80,114,177,169,191,11,104,180,163,170,95,137,90,125,149,32,68,97,100,7,175,179,27,150,136,144,70,168,17,103,105,142,190,188,186,176,42,47,132,166,123,44];False
2379;8265;10644;[4,67,193,48,10,1,91,129,8,84,122,73,174,135,21,99,16,77,112,71,56,18,62,120,24,197,26,9,143,20,3,2,121,160,92,196,130,22,38,34,124,94,75,12,165,153,187,127,39,107,87,76,50,53,93,23,30,134,58,86,69,64,101,151,54,158,199,6,117,98,25,110,81,52,182,28,162,78,60,79,185,148,167,61,41,36,46,131,59,133,96,157,138,178,164,173,66,126,198,159,140,118,109,29,154,156,106,19,108,146,43,128,85,152,111,83,181,82,192,139,33,13,172,195,40,37,15,35,88,145,189,194,31,171,116,57,0,113,49,89,5,141,119,74,183,63,51,72,147,65,102,115,14,45,55,155,184,161,80,114,177,169,191,11,104,180,163,170,95,137,90,125,149,32,68,97,100,7,175,179,27,150,136,144,70,168,17,103,105,142,190,188,186,176,42,47,132,166,123,44];False
2384;8260;10644;[4,67,193,48,10,1,91,129,8,84,122,73,174,135,21,99,16,77,112,71,56,18,62,120,24,197,26,9,143,20,3,2,121,160,92,49,130,22,38,34,124,94,75,12,165,153,187,127,39,107,87,76,50,53,93,23,30,134,58,86,69,64,101,151,54,158,199,6,117,98,25,110,81,52,182,28,162,78,60,79,185,148,167,61,41,36,46,131,0,133,96,157,138,178,164,173,66,126,198,159,140,118,109,29,154,156,106,19,108,146,43,128,85,152,111,83,181,82,192,139,33,13,172,195,40,37,15,35,88,145,189,194,31,171,116,57,59,113,196,89,5,141,119,74,183,63,51,72,147,65,102,115,14,45,55,155,184,161,80,114,177,169,191,11,104,180,163,170,95,137,90,125,149,32,68,97,100,7,175,179,27,150,136,144,70,168,17,103,105,142,190,188,186,176,42,47,132,166,123,44];False
2361;8282;10643;[4,67,193,48,10,1,91,129,8,84,122,73,174,135,21,99,16,77,112,71,56,18,62,120,24,197,26,9,143,20,3,2,121,160,92,49,130,22,38,34,124,94,75,12,165,153,187,127,39,107,87,76,50,53,93,23,30,134,58,139,69,64,101,151,54,158,199,6,117,98,25,110,81,52,182,28,162,78,60,79,185,148,167,61,41,36,46,131,59,133,96,157,138,178,164,173,66,126,198,159,140,118,109,29,154,156,106,19,108,146,43,128,85,152,111,83,181,82,192,86,33,13,172,195,40,37,15,35,88,145,189,194,31,171,116,57,0,113,196,89,5,141,119,74,183,63,51,72,147,65,102,115,14,45,55,155,184,161,80,114,177,169,191,11,104,180,163,170,95,137,90,125,149,32,68,97,100,7,175,179,27,150,136,144,70,168,17,103,105,142,190,188,186,176,42,47,132,166,123,44];False
2393;8250;10643;[4,67,193,48,10,1,91,129,8,84,122,73,174,135,21,99,16,77,112,71,56,18,62,120,24,197,26,9,143,20,3,2,121,160,92,49,130,22,38,34,124,94,75,12,165,153,187,127,39,107,87,76,51,53,93,23,30,134,58,86,69,64,101,151,54,158,199,6,117,98,25,110,81,52,182,28,162,78,60,79,185,148,167,61,41,36,46,131,59,133,96,157,138,178,164,173,66,126,198,159,140,118,109,29,154,156,106,19,108,146,43,128,85,152,111,83,181,82,192,139,33,13,172,195,40,37,15,35,88,145,189,194,31,171,116,57,0,113,196,89,5,141,119,74,183,63,50,72,147,65,102,115,14,45,55,155,184,161,80,114,177,169,191,11,104,180,163,170,95,137,90,125,149,32,68,97,100,7,175,179,27,150,136,144,70,168,17,103,105,142,190,188,186,176,42,47,132,166,123,44];False
2304;8339;10643;[4,67,193,48,10,1,91,129,8,84,122,73,174,135,21,99,16,77,112,71,56,18,62,120,24,197,26,9,143,20,3,2,121,160,92,49,130,22,38,34,124,94,75,12,165,153,187,127,39,107,87,76,50,53,93,23,30,134,58,86,69,64,101,126,54,158,199,6,117,98,25,110,81,52,182,28,162,78,60,79,185,148,167,61,41,36,46,131,59,133,96,157,138,178,164,173,66,151,198,159,140,118,109,29,154,156,106,19,108,146,43,128,85,152,111,83,181,82,192,139,33,13,172,195,40,37,15,35,88,145,189,194,31,171,116,57,0,113,196,89,5,141,119,74,183,63,51,72,147,65,102,115,14,45,55,155,184,161,80,114,177,169,191,11,104,180,163,170,95,137,90,125,149,32,68,97,100,7,175,179,27,150,136,144,70,168,17,103,105,142,190,188,186,176,42,47,132,166,123,44];False
2363;8280;10643;[4,67,193,48,10,1,91,129,8,84,122,73,174,135,21,99,16,77,112,71,56,18,62,120,24,197,26,9,143,20,3,2,121,160,92,49,130,22,38,34,124,94,75,12,165,153,187,127,39,107,87,76,50,53,93,23,30,134,58,86,69,64,101,151,54,158,199,6,117,98,25,110,81,52,182,28,162,78,60,79,185,148,167,61,41,36,46,131,59,133,96,157,138,178,164,173,66,126,198,159,140,118,109,29,154,156,106,19,108,146,43,128,85,152,111,83,181,82,192,139,33,13,172,195,40,37,15,35,88,145,189,194,31,171,116,57,0,113,196,89,5,141,119,74,183,63,51,72,147,65,102,115,14,45,55,155,184,161,80,114,177,169,191,11,104,180,163,170,95,137,90,125,149,32,68,97,100,7,175,179,27,150,136,144,70,168,17,103,105,142,190,132,186,176,42,47,188,166,123,44];False
2352;8291;10643;[4,67,193,48,10,1,91,129,8,84,122,73,174,135,21,99,87,77,112,71,56,18,62,120,24,197,26,9,143,20,3,2,121,160,92,49,130,22,38,34,124,94,75,12,165,153,187,127,39,107,16,76,50,53,93,23,30,134,58,86,69,64,101,151,54,158,199,6,117,98,25,110,81,52,182,28,162,78,60,79,185,148,167,61,41,36,46,131,59,133,96,157,138,178,164,173,66,126,198,159,140,118,109,29,154,156,106,19,108,146,43,128,85,152,111,83,181,82,192,139,33,13,172,195,40,37,15,35,88,145,189,194,31,171,116,57,0,113,196,89,5,141,119,74,183,63,51,72,147,65,102,115,14,45,55,155,184,161,80,114,177,169,191,11,104,180,163,170,95,137,90,125,149,32,68,97,100,7,175,179,27,150,136,144,70,168,17,103,105,142,190,188,186,176,42,47,132,166,123,44];False
2375;8268;10643;[4,67,193,48,10,1,91,129,8,84,122,73,174,135,21,99,16,77,112,71,56,18,62,120,24,197,26,9,143,20,3,2,121,160,92,49,130,22,38,34,124,94,75,12,165,153,187,127,39,107,87,76,50,53,93,23,30,134,58,86,69,64,101,151,54,158,199,6,117,98,25,110,81,52,182,28,162,78,60,79,185,148,167,61,41,36,46,131,59,133,96,157,138,178,164,173,66,126,198,159,140,118,109,29,154,156,106,19,108,146,43,128,85,152,111,83,181,82,192,139,33,13,172,195,40,37,15,35,88,145,189,194,31,171,116,57,0,113,196,89,5,141,119,74,183,63,51,72,168,65,102,115,14,45,55,155,184,161,80,114,177,169,191,11,104,180,163,170,95,137,90,125,149,32,68,97,100,7,175,179,27,150,136,144,70,147,17,103,105,142,190,188,186,176,42,47,132,166,123,44];False
2374;8269;10643;[4,67,193,48,10,1,91,129,8,84,122,73,174,135,50,99,16,77,112,71,56,18,62,120,24,197,26,9,143,20,3,2,121,160,92,49,130,22,38,34,124,94,75,12,165,153,187,127,39,107,87,76,21,53,93,23,30,134,58,86,69,64,101,151,54,158,199,6,117,98,25,110,81,52,182,28,162,78,60,79,185,148,167,61,41,36,46,131,59,133,96,157,138,178,164,173,66,126,198,159,140,118,109,29,154,156,106,19,108,146,43,128,85,152,111,83,181,82,192,139,33,13,172,195,40,37,15,35,88,145,189,194,31,171,116,57,0,113,196,89,5,141,119,74,183,63,51,72,147,65,102,115,14,45,55,155,184,161,80,114,177,169,191,11,104,180,163,170,95,137,90,125,149,32,68,97,100,7,175,179,27,150,136,144,70,168,17,103,105,142,190,188,186,176,42,47,132,166,123,44];False
2411;8232;10643;[4,67,193,48,10,1,91,129,8,84,122,73,174,135,21,99,16,77,112,71,56,18,62,120,24,197,26,9,143,20,3,2,121,160,92,49,130,22,38,34,124,94,75,12,165,153,187,127,39,107,87,76,50,53,93,23,30,134,58,80,69,64,101,151,54,158,199,6,117,98,25,110,81,52,182,28,162,78,60,79,185,148,167,61,41,36,46,131,59,133,96,157,138,178,164,173,66,126,198,159,140,118,109,29,154,156,106,19,108,146,43,128,85,152,111,83,181,82,192,139,33,13,172,195,40,37,15,35,88,145,189,194,31,171,116,57,0,113,196,89,5,141,119,74,183,63,51,72,147,65,102,115,14,45,55,155,184,161,86,114,177,169,191,11,104,180,163,170,95,137,90,125,149,32,68,97,100,7,175,179,27,150,136,144,70,168,17,103,105,142,190,188,186,176,42,47,132,166,123,44];False
2375;8268;10643;[4,67,193,48,10,1,91,129,8,84,122,73,174,135,21,99,16,77,112,71,56,18,62,120,24,197,26,9,143,20,3,2,121,160,92,49,130,22,38,34,124,94,75,12,165,153,187,127,39,107,87,76,50,53,93,23,30,134,58,86,69,64,101,151,54,158,199,6,117,98,25,110,81,52,182,70,162,78,60,79,185,148,167,61,41,36,46,131,59,133,96,157,138,178,164,173,66,126,198,159,140,118,109,29,154,156,106,19,108,146,43,128,85,152,111,83,181,82,192,139,33,13,172,195,40,37,15,35,88,145,189,194,31,171,116,57,0,113,196,89,5,141,119,74,183,63,51,72,147,65,102,115,14,45,55,155,184,161,80,114,177,169,191,11,104,180,163,170,95,137,90,125,149,32,68,97,100,7,175,179,27,150,136,144,28,168,17,103,105,142,190,188,186,176,42,47,132,166,123,44];False
2372;8271;10643;[4,67,193,48,10,1,91,129,8,84,122,73,174,135,21,99,16,77,112,71,56,18,62,120,24,197,26,9,143,20,3,2,121,160,92,49,130,22,38,34,124,94,75,12,165,153,187,127,39,107,87,76,50,53,93,23,30,134,58,86,69,64,101,151,54,158,199,6,117,98,25,110,81,52,182,28,162,78,60,148,185,79,167,61,41,36,46,131,59,133,96,157,138,178,164,173,66,126,198,159,140,118,109,29,154,156,106,19,108,146,43,128,85,152,111,83,181,82,192,139,33,13,172,195,40,37,15,35,88,145,189,194,31,171,116,57,0,113,196,89,5,141,119,74,183,63,51,72,147,65,102,115,14,45,55,155,184,161,80,114,177,169,191,11,104,180,163,170,95,137,90,125,149,32,68,97,100,7,175,179,27,150,136,144,70,168,17,103,105,142,190,188,186,176,42,47,132,166,123,44];False
2411;8232;10643;[4,67,193,48,10,1,91,129,8,84,122,73,174,135,21,99,16,77,112,71,72,18,62,120,24,197,26,9,143,20,3,2,121,160,92,49,130,22,38,34,124,94,75,12,165,153,187,127,39,107,87,76,50,53,93,23,30,134,58,86,69,64,101,151,54,158,199,6,117,98,25,110,81,52,182,28,162,78,60,79,185,148,167,61,41,36,46,131,59,133,96,157,138,178,164,173,66,126,198,159,140,118,109,29,154,156,106,19,108,146,43,128,85,152,111,83,181,82,192,139,33,13,172,195,40,37,15,35,88,145,189,194,31,171,116,57,0,113,196,89,5,141,119,74,183,63,51,56,147,65,102,115,14,45,55,155,184,161,80,114,177,169,191,11,104,180,163,170,95,137,90,125,149,32,68,97,100,7,175,179,27,150,136,144,70,168,17,103,105,142,190,188,186,176,42,47,132,166,123,44];False
2375;8268;10643;[4,67,193,48,10,1,91,129,8,84,122,73,174,135,21,99,16,77,112,71,56,18,62,120,24,197,26,9,143,20,3,2,121,160,92,49,130,22,38,34,124,94,75,12,165,153,187,127,39,107,87,76,50,53,93,23,30,134,58,86,69,64,101,151,54,158,199,6,117,98,25,110,81,52,182,28,162,78,60,79,185,148,167,61,41,36,46,131,59,133,96,157,138,178,164,173,66,126,198,159,140,118,109,29,154,156,106,19,108,146,43,128,85,152,111,83,181,82,192,139,33,13,172,195,40,37,15,35,88,145,189,125,31,171,116,57,0,113,196,89,5,141,119,74,183,63,51,72,147,65,102,115,14,45,55,155,184,161,80,114,177,169,191,11,104,180,163,170,95,137,90,194,149,32,68,97,100,7,175,179,27,150,136,144,70,168,17,103,105,142,190,188,186,176,42,47,132,166,123,44];False
2400;8243;10643;[4,67,193,48,10,1,91,129,8,84,122,73,174,135,21,99,16,77,112,71,56,18,62,120,24,197,26,9,143,20,3,2,121,160,92,49,130,22,38,34,124,94,75,12,165,153,187,127,39,107,87,76,50,53,93,23,30,134,58,81,69,64,101,151,54,158,199,6,117,98,25,110,86,52,182,28,162,78,60,79,185,148,167,61,41,36,46,131,59,133,96,157,138,178,164,173,66,126,198,159,140,118,109,29,154,156,106,19,108,146,43,128,85,152,111,83,181,82,192,139,33,13,172,195,40,37,15,35,88,145,189,194,31,171,116,57,0,113,196,89,5,141,119,74,183,63,51,72,147,65,102,115,14,45,55,155,184,161,80,114,177,169,191,11,104,180,163,170,95,137,90,125,149,32,68,97,100,7,175,179,27,150,136,144,70,168,17,103,105,142,190,188,186,176,42,47,132,166,123,44];False
2404;8238;10642;[4,67,193,48,10,1,91,129,8,84,122,73,174,135,21,99,16,77,112,71,56,18,62,120,24,197,26,9,143,20,3,2,121,160,92,49,130,22,38,34,124,94,75,12,165,153,187,127,39,107,87,76,50,53,93,23,30,134,58,86,69,64,101,151,54,158,199,6,117,98,25,110,81,52,182,28,162,78,60,79,185,148,167,61,41,36,46,131,59,133,96,157,138,178,164,173,66,126,198,159,140,118,109,29,154,156,106,19,108,146,43,128,85,152,111,83,181,171,192,139,33,13,172,195,40,37,15,35,88,145,189,194,31,82,116,57,0,113,196,89,5,141,119,74,183,63,51,72,147,65,102,115,14,45,55,155,184,161,80,114,177,169,191,11,104,180,163,170,95,137,90,125,149,32,68,97,100,7,175,179,27,150,136,144,70,168,17,103,105,142,190,188,186,176,42,47,132,166,123,44];False
2388;8254;10642;[4,67,193,48,10,1,91,129,8,84,122,73,174,135,21,99,16,77,112,71,56,18,62,120,24,197,26,9,143,20,3,2,121,160,92,49,130,22,38,34,124,94,75,12,165,153,187,127,39,107,87,76,50,53,93,23,30,134,58,86,69,64,101,151,54,158,199,6,117,98,25,110,81,52,182,28,162,78,60,79,185,148,167,61,41,36,46,131,59,133,96,157,138,178,164,173,66,126,198,159,140,118,109,29,154,156,106,19,108,146,43,128,85,152,111,83,181,82,192,139,33,13,172,195,40,37,15,35,88,145,189,194,31,171,116,57,0,113,196,89,5,141,119,74,183,63,51,72,147,65,102,115,14,45,55,155,184,161,80,114,177,169,191,11,104,180,163,32,95,137,90,125,149,170,68,97,100,7,175,179,27,150,136,144,70,168,17,103,105,142,190,188,186,176,42,47,132,166,123,44];False
2393;8249;10642;[4,67,193,48,10,1,91,129,8,84,122,73,174,135,21,99,16,77,112,71,56,18,62,120,24,197,26,9,143,20,3,2,121,160,92,49,130,22,38,34,124,94,75,12,165,153,187,127,39,107,87,76,50,53,93,23,30,134,58,86,69,64,101,151,54,158,199,6,117,98,25,110,81,52,182,28,162,78,60,79,185,148,167,35,41,36,46,131,59,133,96,157,138,178,164,173,66,126,198,159,140,118,109,29,154,156,106,19,108,146,43,128,85,152,111,83,181,82,192,139,33,13,172,195,40,37,15,61,88,145,189,194,31,171,116,57,0,113,196,89,5,141,119,74,183,63,51,72,147,65,102,115,14,45,55,155,184,161,80,114,177,169,191,11,104,180,163,170,95,137,90,125,149,32,68,97,100,7,175,179,27,150,136,144,70,168,17,103,105,142,190,188,186,176,42,47,132,166,123,44];False
2370;8272;10642;[4,67,193,48,10,1,91,129,8,84,122,73,174,135,21,99,16,77,112,71,56,18,62,120,24,61,26,9,143,20,3,2,121,160,92,49,130,22,38,34,124,94,75,12,165,153,187,127,39,107,87,76,50,53,93,23,30,134,58,86,69,64,101,151,54,158,199,6,117,98,25,110,81,52,182,28,162,78,60,79,185,148,167,197,41,36,46,131,59,133,96,157,138,178,164,173,66,126,198,159,140,118,109,29,154,156,106,19,108,146,43,128,85,152,111,83,181,82,192,139,33,13,172,195,40,37,15,35,88,145,189,194,31,171,116,57,0,113,196,89,5,141,119,74,183,63,51,72,147,65,102,115,14,45,55,155,184,161,80,114,177,169,191,11,104,180,163,170,95,137,90,125,149,32,68,97,100,7,175,179,27,150,136,144,70,168,17,103,105,142,190,188,186,176,42,47,132,166,123,44];False
2391;8251;10642;[4,67,193,48,10,1,91,129,8,84,122,73,174,135,21,99,16,77,112,71,56,18,62,120,24,197,69,9,143,20,3,2,121,160,92,49,130,22,38,34,124,94,75,12,165,153,187,127,39,107,87,76,50,53,93,23,30,134,58,86,26,64,101,151,54,158,199,6,117,98,25,110,81,52,182,28,162,78,60,79,185,148,167,61,41,36,46,131,59,133,96,157,138,178,164,173,66,126,198,159,140,118,109,29,154,156,106,19,108,146,43,128,85,152,111,83,181,82,192,139,33,13,172,195,40,37,15,35,88,145,189,194,31,171,116,57,0,113,196,89,5,141,119,74,183,63,51,72,147,65,102,115,14,45,55,155,184,161,80,114,177,169,191,11,104,180,163,170,95,137,90,125,149,32,68,97,100,7,175,179,27,150,136,144,70,168,17,103,105,142,190,188,186,176,42,47,132,166,123,44];False
2337;8305;10642;[144,67,193,48,10,1,91,129,8,84,122,73,174,135,21,99,16,77,112,71,56,18,62,120,24,197,26,9,143,20,3,2,121,160,92,49,130,22,38,34,124,94,75,12,165,153,187,127,39,107,87,76,50,53,93,23,30,134,58,86,69,64,101,151,54,158,199,6,117,98,25,110,81,52,182,28,162,78,60,79,185,148,167,61,41,36,46,131,59,133,96,157,138,178,164,173,66,126,198,159,140,118,109,29,154,156,106,19,108,146,43,128,85,152,111,83,181,82,192,139,33,13,172,195,40,37,15,35,88,145,189,194,31,171,116,57,0,113,196,89,5,141,119,74,183,63,51,72,147,65,102,115,14,45,55,155,184,161,80,114,177,169,191,11,104,180,163,170,95,137,90,125,149,32,68,97,100,7,175,179,27,150,136,4,70,168,17,103,105,142,190,188,186,176,42,47,132,166,123,44];False
2362;8280;10642;[4,67,193,48,10,1,91,129,8,84,122,73,174,135,21,99,16,77,112,71,56,18,62,120,24,197,26,9,143,20,3,2,121,160,92,49,130,22,38,34,124,94,75,12,165,153,187,127,39,107,87,76,50,53,93,23,30,134,58,86,69,64,101,151,54,158,199,6,117,98,25,110,81,52,182,28,162,78,60,79,185,148,61,167,41,36,46,131,59,133,96,157,138,178,164,173,66,126,198,159,140,118,109,29,154,156,106,19,108,146,43,128,85,152,111,83,181,82,192,139,33,13,172,195,40,37,15,35,88,145,189,194,31,171,116,57,0,113,196,89,5,141,119,74,183,63,51,72,147,65,102,115,14,45,55,155,184,161,80,114,177,169,191,11,104,180,163,170,95,137,90,125,149,32,68,97,100,7,175,179,27,150,136,144,70,168,17,103,105,142,190,188,186,176,42,47,132,166,123,44];False
2384;8258;10642;[4,67,193,48,10,1,91,129,8,84,122,73,174,135,21,99,16,77,112,71,56,18,62,120,24,197,26,9,143,20,3,2,121,160,92,49,130,22,38,34,124,94,75,12,165,153,187,127,39,107,87,76,50,53,93,23,30,134,58,86,69,64,101,151,54,158,199,6,117,98,25,110,81,52,182,28,162,78,60,79,185,148,167,61,41,36,46,131,59,133,96,157,138,178,164,173,66,126,198,159,140,118,109,29,154,184,106,19,108,146,43,128,85,152,111,83,181,82,192,139,33,13,172,195,40,37,15,35,88,145,189,194,31,171,116,57,0,113,196,89,5,141,119,74,183,63,51,72,147,65,102,115,14,45,55,155,156,161,80,114,177,169,191,11,104,180,163,170,95,137,90,125,149,32,68,97,100,7,175,179,27,150,136,144,70,168,17,103,105,142,190,188,186,176,42,47,132,166,123,44];False
2390;8252;10642;[4,67,193,48,10,1,91,129,8,84,122,73,174,135,21,99,16,77,112,71,137,18,62,120,24,197,26,9,143,20,3,2,121,160,92,49,130,22,38,34,124,94,75,12,165,153,187,127,39,107,87,76,50,53,93,23,30,134,58,86,69,64,101,151,54,158,199,6,117,98,25,110,81,52,182,28,162,78,60,79,185,148,167,61,41,36,46,131,59,133,96,157,138,178,164,173,66,126,198,159,140,118,109,29,154,156,106,19,108,146,43,128,85,152,111,83,181,82,192,139,33,13,172,195,40,37,15,35,88,145,189,194,31,171,116,57,0,113,196,89,5,141,119,74,183,63,51,72,147,65,102,115,14,45,55,155,184,161,80,114,177,169,191,11,104,180,163,170,95,56,90,125,149,32,68,97,100,7,175,179,27,150,136,144,70,168,17,103,105,142,190,188,186,176,42,47,132,166,123,44];False
2386;8256;10642;[4,67,193,48,10,1,91,129,8,84,122,73,174,135,21,99,16,77,112,71,56,18,62,120,24,197,26,9,143,20,3,2,121,160,92,49,130,22,38,34,124,94,75,12,165,153,187,127,39,107,87,76,50,53,93,23,30,134,58,86,69,64,101,151,54,158,199,6,117,98,25,110,81,52,182,28,29,78,60,79,185,148,167,61,41,36,46,131,59,133,96,157,138,178,164,173,66,126,198,159,140,118,109,162,154,156,106,19,108,146,43,128,85,152,111,83,181,82,192,139,33,13,172,195,40,37,15,35,88,145,189,194,31,171,116,57,0,113,196,89,5,141,119,74,183,63,51,72,147,65,102,115,14,45,55,155,184,161,80,114,177,169,191,11,104,180,163,170,95,137,90,125,149,32,68,97,100,7,175,179,27,150,136,144,70,168,17,103,105,142,190,188,186,176,42,47,132,166,123,44];False
2307;8335;10642;[4,67,193,48,10,1,91,129,8,84,122,73,174,135,21,99,16,77,112,71,56,18,62,120,24,197,26,9,143,20,3,2,121,160,92,49,130,22,38,34,124,94,75,12,165,153,187,127,39,107,87,76,50,53,93,23,30,134,58,86,69,64,101,151,54,158,199,6,117,98,25,110,81,52,182,28,162,78,60,150,185,148,167,61,41,36,46,131,59,133,96,157,138,178,164,173,66,126,198,159,140,118,109,29,154,156,106,19,108,146,43,128,85,152,111,83,181,82,192,139,33,13,172,195,40,37,15,35,88,145,189,194,31,171,116,57,0,113,196,89,5,141,119,74,183,63,51,72,147,65,102,115,14,45,55,155,184,161,80,114,177,169,191,11,104,180,163,170,95,137,90,125,149,32,68,97,100,7,175,179,27,79,136,144,70,168,17,103,105,142,190,188,186,176,42,47,132,166,123,44];False
2395;8247;10642;[4,67,193,48,10,1,91,129,8,84,122,73,174,135,21,99,16,77,112,71,56,18,62,120,24,197,26,9,143,76,3,2,121,160,92,49,130,22,38,34,124,94,75,12,165,153,187,127,39,107,87,20,50,53,93,23,30,134,58,86,69,64,101,151,54,158,199,6,117,98,25,110,81,52,182,28,162,78,60,79,185,148,167,61,41,36,46,131,59,133,96,157,138,178,164,173,66,126,198,159,140,118,109,29,154,156,106,19,108,146,43,128,85,152,111,83,181,82,192,139,33,13,172,195,40,37,15,35,88,145,189,194,31,171,116,57,0,113,196,89,5,141,119,74,183,63,51,72,147,65,102,115,14,45,55,155,184,161,80,114,177,169,191,11,104,180,163,170,95,137,90,125,149,32,68,97,100,7,175,179,27,150,136,144,70,168,17,103,105,142,190,188,186,176,42,47,132,166,123,44];False
2367;8275;10642;[4,67,193,48,10,1,91,129,8,84,122,73,174,135,21,99,16,77,112,71,56,18,62,120,24,197,26,9,143,20,3,2,121,160,92,49,130,22,38,34,124,94,75,12,165,153,187,127,39,107,87,76,50,53,93,23,30,134,58,86,69,64,101,151,54,158,199,6,117,98,25,110,81,52,182,28,162,78,60,79,185,148,167,61,41,36,46,131,59,133,96,157,138,178,164,173,66,126,198,159,140,118,109,29,154,156,106,19,108,146,43,128,85,152,111,83,181,82,192,139,33,13,172,195,40,37,15,35,88,145,189,194,31,171,116,57,0,113,196,89,5,141,119,74,183,63,51,72,147,65,102,115,14,45,55,155,184,161,80,114,177,169,191,11,104,180,163,170,95,137,90,125,149,32,68,97,100,7,175,179,27,150,136,144,70,168,17,103,105,142,190,188,166,176,42,47,132,186,123,44];False
2363;8279;10642;[4,67,193,48,10,1,91,129,8,84,122,73,174,135,21,99,16,77,112,71,56,18,62,120,24,197,26,9,143,20,3,2,121,160,92,49,130,22,38,34,124,94,75,12,165,153,187,127,39,107,87,76,50,53,93,23,30,134,58,86,69,64,101,151,54,158,199,6,117,98,25,110,81,52,100,28,162,78,60,79,185,148,167,61,41,36,46,131,59,133,96,157,138,178,164,173,66,126,198,159,140,118,109,29,154,156,106,19,108,146,43,128,85,152,111,83,181,82,192,139,33,13,172,195,40,37,15,35,88,145,189,194,31,171,116,57,0,113,196,89,5,141,119,74,183,63,51,72,147,65,102,115,14,45,55,155,184,161,80,114,177,169,191,11,104,180,163,170,95,137,90,125,149,32,68,97,182,7,175,179,27,150,136,144,70,168,17,103,105,142,190,188,186,176,42,47,132,166,123,44];False
2338;8304;10642;[4,67,193,48,10,1,91,129,8,84,122,73,174,135,21,99,16,77,112,71,56,18,62,120,24,197,26,9,143,20,3,2,121,160,92,49,130,22,38,34,124,94,75,12,165,153,187,127,39,107,87,76,50,53,93,23,30,134,58,86,69,64,101,151,54,158,199,6,117,98,25,110,81,52,182,28,108,78,60,79,185,148,167,61,41,36,46,131,59,133,96,157,138,178,164,173,66,126,198,159,140,118,109,29,154,156,106,19,162,146,43,128,85,152,111,83,181,82,192,139,33,13,172,195,40,37,15,35,88,145,189,194,31,171,116,57,0,113,196,89,5,141,119,74,183,63,51,72,147,65,102,115,14,45,55,155,184,161,80,114,177,169,191,11,104,180,163,170,95,137,90,125,149,32,68,97,100,7,175,179,27,150,136,144,70,168,17,103,105,142,190,188,186,176,42,47,132,166,123,44];False
2386;8256;10642;[4,67,193,48,10,1,91,129,8,84,122,73,174,135,21,99,16,77,112,71,56,18,62,120,24,197,26,9,143,20,3,2,121,160,92,49,130,22,38,34,124,94,75,12,165,153,187,127,39,107,87,76,50,53,93,23,30,134,58,86,69,64,101,151,54,158,199,6,117,98,25,110,81,52,182,28,162,78,60,79,185,148,167,61,41,36,46,131,59,133,96,157,138,178,164,173,66,126,198,159,140,118,109,29,154,156,106,19,108,146,43,128,85,152,111,83,181,82,192,139,33,13,172,195,40,37,15,35,88,145,189,194,31,171,116,57,0,113,196,89,5,141,119,74,183,63,51,72,147,65,102,115,14,45,55,155,184,161,80,114,177,169,191,11,104,180,163,170,95,137,90,125,149,32,68,97,100,7,175,179,27,150,136,144,17,168,70,103,105,142,190,188,186,176,42,47,132,166,123,44];False
2325;8317;10642;[4,67,193,48,10,1,91,129,185,84,122,73,174,135,21,99,16,77,112,71,56,18,62,120,24,197,26,9,143,20,3,2,121,160,92,49,130,22,38,34,124,94,75,12,165,153,187,127,39,107,87,76,50,53,93,23,30,134,58,86,69,64,101,151,54,158,199,6,117,98,25,110,81,52,182,28,162,78,60,79,8,148,167,61,41,36,46,131,59,133,96,157,138,178,164,173,66,126,198,159,140,118,109,29,154,156,106,19,108,146,43,128,85,152,111,83,181,82,192,139,33,13,172,195,40,37,15,35,88,145,189,194,31,171,116,57,0,113,196,89,5,141,119,74,183,63,51,72,147,65,102,115,14,45,55,155,184,161,80,114,177,169,191,11,104,180,163,170,95,137,90,125,149,32,68,97,100,7,175,179,27,150,136,144,70,168,17,103,105,142,190,188,186,176,42,47,132,166,123,44];False
2372;8270;10642;[4,67,193,48,10,1,91,129,8,84,122,73,174,135,21,99,16,77,112,71,56,18,62,120,24,197,26,9,143,20,3,2,121,160,92,49,130,22,38,34,124,94,75,12,165,153,187,127,39,107,87,76,50,53,93,23,30,134,58,86,69,64,101,151,54,158,199,6,117,98,25,110,81,52,182,28,162,78,60,79,185,148,167,61,41,36,46,131,59,133,96,157,138,178,164,173,66,126,198,159,140,118,109,29,154,156,106,19,108,146,43,128,85,152,111,83,181,82,192,139,33,13,172,195,40,0,15,35,88,145,189,194,31,171,116,57,37,113,196,89,5,141,119,74,183,63,51,72,147,65,102,115,14,45,55,155,184,161,80,114,177,169,191,11,104,180,163,170,95,137,90,125,149,32,68,97,100,7,175,179,27,150,136,144,70,168,17,103,105,142,190,188,186,176,42,47,132,166,123,44];False
2397;8245;10642;[4,67,193,48,10,1,91,129,8,84,122,73,174,135,21,99,16,77,112,71,56,18,62,120,24,197,26,9,143,20,3,2,121,160,92,49,130,22,38,34,124,94,75,12,165,153,187,127,170,107,87,76,50,53,93,23,30,134,58,86,69,64,101,151,54,158,199,6,117,98,25,110,81,52,182,28,162,78,60,79,185,148,167,61,41,36,46,131,59,133,96,157,138,178,164,173,66,126,198,159,140,118,109,29,154,156,106,19,108,146,43,128,85,152,111,83,181,82,192,139,33,13,172,195,40,37,15,35,88,145,189,194,31,171,116,57,0,113,196,89,5,141,119,74,183,63,51,72,147,65,102,115,14,45,55,155,184,161,80,114,177,169,191,11,104,180,163,39,95,137,90,125,149,32,68,97,100,7,175,179,27,150,136,144,70,168,17,103,105,142,190,188,186,176,42,47,132,166,123,44];False
2373;8269;10642;[4,67,193,48,10,1,91,129,8,84,122,73,174,135,21,99,16,77,112,71,56,18,62,120,24,197,26,9,143,20,3,2,121,160,92,49,130,22,38,34,124,94,75,12,165,153,187,127,39,107,87,76,50,53,93,23,30,134,58,86,69,64,101,151,54,158,199,6,117,98,25,110,81,52,182,28,162,78,60,79,185,148,167,149,41,36,46,131,59,133,96,157,138,178,164,173,66,126,198,159,140,118,109,29,154,156,106,19,108,146,43,128,85,152,111,83,181,82,192,139,33,13,172,195,40,37,15,35,88,145,189,194,31,171,116,57,0,113,196,89,5,141,119,74,183,63,51,72,147,65,102,115,14,45,55,155,184,161,80,114,177,169,191,11,104,180,163,170,95,137,90,125,61,32,68,97,100,7,175,179,27,150,136,144,70,168,17,103,105,142,190,188,186,176,42,47,132,166,123,44];False
2364;8278;10642;[4,67,193,48,10,1,91,129,8,84,122,73,174,135,21,99,16,77,112,71,56,18,62,120,24,197,26,9,143,20,3,2,121,160,92,49,130,22,38,34,124,94,75,12,165,153,187,127,39,107,87,76,50,53,93,23,30,134,58,86,69,64,101,151,54,158,199,6,117,98,25,110,81,52,182,28,162,78,60,79,185,148,167,61,41,36,46,131,59,133,96,157,138,178,164,173,66,126,198,159,140,118,109,29,154,156,106,19,108,146,43,128,85,152,111,83,181,82,192,139,33,13,172,195,40,37,15,35,88,145,189,194,31,171,116,57,0,113,196,89,5,141,119,74,183,63,161,72,147,65,102,115,14,45,55,155,184,51,80,114,177,169,191,11,104,180,163,170,95,137,90,125,149,32,68,97,100,7,175,179,27,150,136,144,70,168,17,103,105,142,190,188,186,176,42,47,132,166,123,44];False
2383;8259;10642;[4,67,193,48,10,1,91,129,8,84,122,73,174,135,21,99,16,77,112,71,56,18,62,120,24,197,26,9,143,20,3,2,92,160,121,49,130,22,38,34,124,94,75,12,165,153,187,127,39,107,87,76,50,53,93,23,30,134,58,86,69,64,101,151,54,158,199,6,117,98,25,110,81,52,182,28,162,78,60,79,185,148,167,61,41,36,46,131,59,133,96,157,138,178,164,173,66,126,198,159,140,118,109,29,154,156,106,19,108,146,43,128,85,152,111,83,181,82,192,139,33,13,172,195,40,37,15,35,88,145,189,194,31,171,116,57,0,113,196,89,5,141,119,74,183,63,51,72,147,65,102,115,14,45,55,155,184,161,80,114,177,169,191,11,104,180,163,170,95,137,90,125,149,32,68,97,100,7,175,179,27,150,136,144,70,168,17,103,105,142,190,188,186,176,42,47,132,166,123,44];False
2357;8285;10642;[4,67,193,48,10,1,91,129,8,84,122,73,174,135,21,99,16,77,112,71,56,18,62,120,24,197,26,9,143,20,39,2,121,160,92,49,130,22,38,34,124,94,75,12,165,153,187,127,3,107,87,76,50,53,93,23,30,134,58,86,69,64,101,151,54,158,199,6,117,98,25,110,81,52,182,28,162,78,60,79,185,148,167,61,41,36,46,131,59,133,96,157,138,178,164,173,66,126,198,159,140,118,109,29,154,156,106,19,108,146,43,128,85,152,111,83,181,82,192,139,33,13,172,195,40,37,15,35,88,145,189,194,31,171,116,57,0,113,196,89,5,141,119,74,183,63,51,72,147,65,102,115,14,45,55,155,184,161,80,114,177,169,191,11,104,180,163,170,95,137,90,125,149,32,68,97,100,7,175,179,27,150,136,144,70,168,17,103,105,142,190,188,186,176,42,47,132,166,123,44];False
2397;8245;10642;[4,67,193,48,10,1,91,129,8,84,122,73,174,135,21,99,16,77,112,71,56,18,62,120,24,197,26,9,143,20,3,2,121,160,92,49,130,22,38,34,124,94,75,12,165,153,187,127,39,107,87,66,50,53,93,23,30,134,58,86,69,64,101,151,54,158,199,6,117,98,25,110,81,52,182,28,162,78,60,79,185,148,167,61,41,36,46,131,59,133,96,157,138,178,164,173,76,126,198,159,140,118,109,29,154,156,106,19,108,146,43,128,85,152,111,83,181,82,192,139,33,13,172,195,40,37,15,35,88,145,189,194,31,171,116,57,0,113,196,89,5,141,119,74,183,63,51,72,147,65,102,115,14,45,55,155,184,161,80,114,177,169,191,11,104,180,163,170,95,137,90,125,149,32,68,97,100,7,175,179,27,150,136,144,70,168,17,103,105,142,190,188,186,176,42,47,132,166,123,44];False
2325;8316;10641;[4,67,193,48,10,1,91,129,8,84,122,73,174,135,21,99,16,77,112,71,56,18,62,120,79,197,26,9,143,20,3,2,121,160,92,49,130,22,38,34,124,94,75,12,165,153,187,127,39,107,87,76,50,53,93,23,30,134,58,86,69,64,101,151,54,158,199,6,117,98,25,110,81,52,182,28,162,78,60,24,185,148,167,61,41,36,46,131,59,133,96,157,138,178,164,173,66,126,198,159,140,118,109,29,154,156,106,19,108,146,43,128,85,152,111,83,181,82,192,139,33,13,172,195,40,37,15,35,88,145,189,194,31,171,116,57,0,113,196,89,5,141,119,74,183,63,51,72,147,65,102,115,14,45,55,155,184,161,80,114,177,169,191,11,104,180,163,170,95,137,90,125,149,32,68,97,100,7,175,179,27,150,136,144,70,168,17,103,105,142,190,188,186,176,42,47,132,166,123,44];False
2377;8264;10641;[4,67,193,48,10,1,91,129,8,84,122,73,174,135,21,99,16,77,112,71,56,18,62,120,24,197,26,9,143,20,3,2,121,160,92,49,130,22,38,34,124,94,75,12,165,153,187,127,39,107,87,76,50,53,93,23,30,134,58,86,69,64,101,151,54,158,199,6,117,98,25,110,81,52,182,28,162,78,60,79,185,148,167,61,41,36,46,131,59,133,96,157,138,178,164,173,66,126,198,159,140,118,109,29,154,156,106,19,108,146,43,128,85,152,111,83,181,82,192,139,33,13,172,113,40,37,15,35,88,145,189,194,31,171,116,57,0,195,196,89,5,141,119,74,183,63,51,72,147,65,102,115,14,45,55,155,184,161,80,114,177,169,191,11,104,180,163,170,95,137,90,125,149,32,68,97,100,7,175,179,27,150,136,144,70,168,17,103,105,142,190,188,186,176,42,47,132,166,123,44];False
2377;8264;10641;[4,67,193,48,10,1,91,129,8,84,122,73,174,135,21,99,16,77,112,71,56,18,62,120,24,197,26,9,143,20,3,2,121,160,92,49,130,22,38,34,124,94,75,12,165,153,187,127,39,107,87,76,50,53,93,23,30,134,58,86,69,64,101,151,54,158,199,6,117,98,25,110,81,52,182,28,162,78,60,79,185,148,167,61,41,36,46,131,59,133,96,157,138,178,164,173,66,126,198,159,140,118,109,29,154,156,106,19,108,146,43,128,85,152,111,83,181,82,192,139,33,13,172,195,40,37,15,35,88,145,189,194,31,171,116,57,0,113,196,89,5,141,119,74,183,63,51,72,147,65,102,115,14,45,55,155,184,161,80,114,177,169,191,11,104,180,163,166,95,137,90,125,149,32,68,97,100,7,175,179,27,150,136,144,70,168,17,103,105,142,190,188,186,176,42,47,132,170,123,44];False
2343;8298;10641;[4,67,193,48,10,1,91,129,8,84,122,73,174,135,21,99,16,77,112,71,56,18,62,120,24,197,26,9,143,20,3,2,121,160,92,49,130,22,38,34,86,94,75,12,165,153,187,127,39,107,87,76,50,53,93,23,30,134,58,124,69,64,101,151,54,158,199,6,117,98,25,110,81,52,182,28,162,78,60,79,185,148,167,61,41,36,46,131,59,133,96,157,138,178,164,173,66,126,198,159,140,118,109,29,154,156,106,19,108,146,43,128,85,152,111,83,181,82,192,139,33,13,172,195,40,37,15,35,88,145,189,194,31,171,116,57,0,113,196,89,5,141,119,74,183,63,51,72,147,65,102,115,14,45,55,155,184,161,80,114,177,169,191,11,104,180,163,170,95,137,90,125,149,32,68,97,100,7,175,179,27,150,136,144,70,168,17,103,105,142,190,188,186,176,42,47,132,166,123,44];False
2376;8265;10641;[4,67,193,48,10,1,91,129,8,84,122,73,174,135,21,99,16,77,112,71,56,18,62,120,24,197,26,9,143,20,3,2,121,160,92,49,130,22,38,34,124,118,75,12,165,153,187,127,39,107,87,76,50,53,93,23,30,134,58,86,69,64,101,151,54,158,199,6,117,98,25,110,81,52,182,28,162,78,60,79,185,148,167,61,41,36,46,131,59,133,96,157,138,178,164,173,66,126,198,159,140,94,109,29,154,156,106,19,108,146,43,128,85,152,111,83,181,82,192,139,33,13,172,195,40,37,15,35,88,145,189,194,31,171,116,57,0,113,196,89,5,141,119,74,183,63,51,72,147,65,102,115,14,45,55,155,184,161,80,114,177,169,191,11,104,180,163,170,95,137,90,125,149,32,68,97,100,7,175,179,27,150,136,144,70,168,17,103,105,142,190,188,186,176,42,47,132,166,123,44];False
2326;8315;10641;[4,67,193,7,10,1,91,129,8,84,122,73,174,135,21,99,16,77,112,71,56,18,62,120,24,197,26,9,143,20,3,2,121,160,92,49,130,22,38,34,124,94,75,12,165,153,187,127,39,107,87,76,50,53,93,23,30,134,58,86,69,64,101,151,54,158,199,6,117,98,25,110,81,52,182,28,162,78,60,79,185,148,167,61,41,36,46,131,59,133,96,157,138,178,164,173,66,126,198,159,140,118,109,29,154,156,106,19,108,146,43,128,85,152,111,83,181,82,192,139,33,13,172,195,40,37,15,35,88,145,189,194,31,171,116,57,0,113,196,89,5,141,119,74,183,63,51,72,147,65,102,115,14,45,55,155,184,161,80,114,177,169,191,11,104,180,163,170,95,137,90,125,149,32,68,97,100,48,175,179,27,150,136,144,70,168,17,103,105,142,190,188,186,176,42,47,132,166,123,44];False
2349;8292;10641;[4,67,193,48,10,1,91,129,8,84,122,73,174,135,21,99,16,77,112,71,56,18,62,120,24,197,26,9,143,20,3,2,121,160,92,49,130,22,38,34,124,94,75,12,165,153,187,127,39,107,87,76,50,53,93,23,30,134,58,86,69,64,89,151,54,158,199,6,117,98,25,110,81,52,182,28,162,78,60,79,185,148,167,61,41,36,46,131,59,133,96,157,138,178,164,173,66,126,198,159,140,118,109,29,154,156,106,19,108,146,43,128,85,152,111,83,181,82,192,139,33,13,172,195,40,37,15,35,88,145,189,194,31,171,116,57,0,113,196,101,5,141,119,74,183,63,51,72,147,65,102,115,14,45,55,155,184,161,80,114,177,169,191,11,104,180,163,170,95,137,90,125,149,32,68,97,100,7,175,179,27,150,136,144,70,168,17,103,105,142,190,188,186,176,42,47,132,166,123,44];False
2373;8268;10641;[4,67,193,48,10,1,91,129,8,84,122,73,174,135,21,99,16,77,112,71,56,18,62,120,24,197,26,9,103,20,3,2,121,160,92,49,130,22,38,34,124,94,75,12,165,153,187,127,39,107,87,76,50,53,93,23,30,134,58,86,69,64,101,151,54,158,199,6,117,98,25,110,81,52,182,28,162,78,60,79,185,148,167,61,41,36,46,131,59,133,96,157,138,178,164,173,66,126,198,159,140,118,109,29,154,156,106,19,108,146,43,128,85,152,111,83,181,82,192,139,33,13,172,195,40,37,15,35,88,145,189,194,31,171,116,57,0,113,196,89,5,141,119,74,183,63,51,72,147,65,102,115,14,45,55,155,184,161,80,114,177,169,191,11,104,180,163,170,95,137,90,125,149,32,68,97,100,7,175,179,27,150,136,144,70,168,17,143,105,142,190,188,186,176,42,47,132,166,123,44];False
2386;8255;10641;[4,67,193,48,10,1,91,129,8,84,122,73,174,135,21,99,16,77,112,71,56,18,62,120,24,197,26,9,143,20,3,2,121,160,92,49,130,22,38,34,124,94,75,12,165,153,187,127,39,107,87,76,50,53,93,23,30,134,58,86,69,64,101,151,54,158,199,6,117,98,25,110,81,52,182,28,162,78,60,79,185,148,167,61,41,36,46,131,59,133,96,157,138,178,164,173,66,126,198,159,140,118,109,29,154,156,106,102,108,146,43,128,85,152,111,83,181,82,192,139,33,13,172,195,40,37,15,35,88,145,189,194,31,171,116,57,0,113,196,89,5,141,119,74,183,63,51,72,147,65,19,115,14,45,55,155,184,161,80,114,177,169,191,11,104,180,163,170,95,137,90,125,149,32,68,97,100,7,175,179,27,150,136,144,70,168,17,103,105,142,190,188,186,176,42,47,132,166,123,44];False
2403;8238;10641;[4,67,193,48,10,1,91,129,8,84,122,73,174,135,21,99,16,77,112,71,56,18,62,120,24,197,26,9,143,20,3,2,121,160,92,49,130,22,38,34,124,94,75,12,165,153,187,127,39,107,87,76,50,53,93,23,30,134,58,86,69,64,101,151,54,158,199,6,117,98,25,110,81,52,182,28,162,78,60,79,185,148,167,61,41,36,46,131,59,133,96,88,138,178,164,173,66,126,198,159,140,118,109,29,154,156,106,19,108,146,43,128,85,152,111,83,181,82,192,139,33,13,172,195,40,37,15,35,157,145,189,194,31,171,116,57,0,113,196,89,5,141,119,74,183,63,51,72,147,65,102,115,14,45,55,155,184,161,80,114,177,169,191,11,104,180,163,170,95,137,90,125,149,32,68,97,100,7,175,179,27,150,136,144,70,168,17,103,105,142,190,188,186,176,42,47,132,166,123,44];False
2294;8347;10641;[4,67,193,48,10,1,91,129,8,84,122,73,174,135,21,99,16,77,112,71,56,18,62,120,24,197,26,9,143,20,3,2,121,160,92,49,130,22,38,34,124,94,75,12,165,153,187,127,39,107,87,76,50,53,93,23,30,134,58,86,69,64,101,151,54,158,199,6,117,98,25,110,81,52,182,28,162,78,60,79,185,148,167,61,41,36,46,131,70,133,96,157,138,178,164,173,66,126,198,159,140,118,109,29,154,156,106,19,108,146,43,128,85,152,111,83,181,82,192,139,33,13,172,195,40,37,15,35,88,145,189,194,31,171,116,57,0,113,196,89,5,141,119,74,183,63,51,72,147,65,102,115,14,45,55,155,184,161,80,114,177,169,191,11,104,180,163,170,95,137,90,125,149,32,68,97,100,7,175,179,27,150,136,144,59,168,17,103,105,142,190,188,186,176,42,47,132,166,123,44];False
2412;8229;10641;[4,67,193,48,10,1,91,129,8,84,122,73,174,135,21,99,16,77,112,71,56,18,62,120,24,197,26,9,143,20,3,2,121,160,92,49,130,22,38,34,124,94,75,12,165,153,187,127,39,107,87,146,50,53,93,23,30,134,58,86,69,64,101,151,54,158,199,6,117,98,25,110,81,52,182,28,162,78,60,79,185,148,167,61,41,36,46,131,59,133,96,157,138,178,164,173,66,126,198,159,140,118,109,29,154,156,106,19,108,76,43,128,85,152,111,83,181,82,192,139,33,13,172,195,40,37,15,35,88,145,189,194,31,171,116,57,0,113,196,89,5,141,119,74,183,63,51,72,147,65,102,115,14,45,55,155,184,161,80,114,177,169,191,11,104,180,163,170,95,137,90,125,149,32,68,97,100,7,175,179,27,150,136,144,70,168,17,103,105,142,190,188,186,176,42,47,132,166,123,44];False
2357;8284;10641;[4,67,193,48,10,1,91,129,8,84,122,73,174,135,21,99,16,77,112,71,56,18,62,120,24,197,26,9,143,20,3,2,121,160,92,49,130,22,38,34,124,94,75,12,165,153,187,127,39,107,87,76,50,53,93,23,30,134,58,86,69,64,101,151,54,158,199,6,117,98,25,110,81,52,182,28,162,78,60,79,185,148,167,61,41,36,46,131,59,133,96,157,138,178,164,173,66,126,198,159,140,118,109,29,154,156,106,19,108,146,43,128,90,152,111,83,181,82,192,139,33,13,172,195,40,37,15,35,88,145,189,194,31,171,116,57,0,113,196,89,5,141,119,74,183,63,51,72,147,65,102,115,14,45,55,155,184,161,80,114,177,169,191,11,104,180,163,170,95,137,85,125,149,32,68,97,100,7,175,179,27,150,136,144,70,168,17,103,105,142,190,188,186,176,42,47,132,166,123,44];False
2371;8270;10641;[4,67,193,48,10,1,91,129,8,84,122,73,174,135,21,99,16,77,112,71,56,18,62,120,24,197,26,9,143,20,3,2,121,160,92,49,130,22,38,34,124,94,75,12,165,153,187,127,39,107,87,76,50,53,93,23,30,134,58,86,69,64,101,151,54,158,199,6,117,98,25,110,81,52,182,28,162,78,60,79,185,148,167,61,41,36,46,131,59,133,96,157,138,178,164,173,66,126,198,159,140,118,109,29,154,156,106,19,108,146,43,128,85,152,111,83,181,70,192,139,33,13,172,195,40,37,15,35,88,145,189,194,31,171,116,57,0,113,196,89,5,141,119,74,183,63,51,72,147,65,102,115,14,45,55,155,184,161,80,114,177,169,191,11,104,180,163,170,95,137,90,125,149,32,68,97,100,7,175,179,27,150,136,144,82,168,17,103,105,142,190,188,186,176,42,47,132,166,123,44];False
2379;8261;10640;[4,67,193,48,10,1,91,129,8,84,122,73,174,135,21,99,16,77,112,71,56,18,62,120,24,197,26,9,143,20,3,2,121,160,92,49,130,22,38,34,124,94,75,12,165,153,187,127,39,107,87,42,50,53,93,23,30,134,58,86,69,64,101,151,54,158,199,6,117,98,25,110,81,52,182,28,162,78,60,79,185,148,167,61,41,36,46,131,59,133,96,157,138,178,164,173,66,126,198,159,140,118,109,29,154,156,106,19,108,146,43,128,85,152,111,83,181,82,192,139,33,13,172,195,40,37,15,35,88,145,189,194,31,171,116,57,0,113,196,89,5,141,119,74,183,63,51,72,147,65,102,115,14,45,55,155,184,161,80,114,177,169,191,11,104,180,163,170,95,137,90,125,149,32,68,97,100,7,175,179,27,150,136,144,70,168,17,103,105,142,190,188,186,176,76,47,132,166,123,44];False
2386;8254;10640;[4,67,193,48,10,1,91,129,8,84,122,73,174,135,21,99,16,77,112,71,56,18,62,120,24,197,26,9,143,20,3,2,121,160,92,49,130,22,38,34,124,94,75,12,165,153,187,127,39,107,87,76,50,53,93,23,30,134,58,86,69,64,101,151,54,158,199,6,117,98,25,110,81,52,182,28,162,78,60,79,185,148,167,15,41,36,46,131,59,133,96,157,138,178,164,173,66,126,198,159,140,118,109,29,154,156,106,19,108,146,43,128,85,152,111,83,181,82,192,139,33,13,172,195,40,37,61,35,88,145,189,194,31,171,116,57,0,113,196,89,5,141,119,74,183,63,51,72,147,65,102,115,14,45,55,155,184,161,80,114,177,169,191,11,104,180,163,170,95,137,90,125,149,32,68,97,100,7,175,179,27,150,136,144,70,168,17,103,105,142,190,188,186,176,42,47,132,166,123,44];False
2362;8278;10640;[6,67,193,48,10,1,91,129,8,84,122,73,174,135,21,99,16,77,112,71,56,18,62,120,24,197,26,9,143,20,3,2,121,160,92,49,130,22,38,34,124,94,75,12,165,153,187,127,39,107,87,76,50,53,93,23,30,134,58,86,69,64,101,151,54,158,199,4,117,98,25,110,81,52,182,28,162,78,60,79,185,148,167,61,41,36,46,131,59,133,96,157,138,178,164,173,66,126,198,159,140,118,109,29,154,156,106,19,108,146,43,128,85,152,111,83,181,82,192,139,33,13,172,195,40,37,15,35,88,145,189,194,31,171,116,57,0,113,196,89,5,141,119,74,183,63,51,72,147,65,102,115,14,45,55,155,184,161,80,114,177,169,191,11,104,180,163,170,95,137,90,125,149,32,68,97,100,7,175,179,27,150,136,144,70,168,17,103,105,142,190,188,186,176,42,47,132,166,123,44];False
2336;8304;10640;[4,67,193,48,10,1,91,129,8,84,122,73,174,135,21,99,16,77,112,71,56,18,62,120,24,197,26,9,143,20,3,2,121,160,92,49,130,22,38,34,124,94,75,12,165,153,187,127,39,107,87,76,50,53,93,23,30,134,58,86,69,64,101,151,54,158,199,6,117,98,25,110,81,52,182,28,162,78,60,79,185,148,167,61,41,36,46,159,59,133,96,157,138,178,164,173,66,126,198,131,140,118,109,29,154,156,106,19,108,146,43,128,85,152,111,83,181,82,192,139,33,13,172,195,40,37,15,35,88,145,189,194,31,171,116,57,0,113,196,89,5,141,119,74,183,63,51,72,147,65,102,115,14,45,55,155,184,161,80,114,177,169,191,11,104,180,163,170,95,137,90,125,149,32,68,97,100,7,175,179,27,150,136,144,70,168,17,103,105,142,190,188,186,176,42,47,132,166,123,44];False
2385;8255;10640;[4,67,193,48,10,1,91,129,8,84,122,73,174,135,21,99,16,77,112,71,56,18,62,120,24,197,26,9,143,20,3,2,121,160,92,49,130,22,38,34,124,94,75,12,165,153,187,127,39,107,87,76,50,53,93,23,30,134,58,86,69,64,101,151,54,158,199,6,117,98,25,110,81,52,182,28,162,78,60,79,185,148,167,61,41,36,46,131,59,133,96,157,138,178,164,173,66,51,198,159,140,118,109,29,154,156,106,19,108,146,43,128,85,152,111,83,181,82,192,139,33,13,172,195,40,37,15,35,88,145,189,194,31,171,116,57,0,113,196,89,5,141,119,74,183,63,126,72,147,65,102,115,14,45,55,155,184,161,80,114,177,169,191,11,104,180,163,170,95,137,90,125,149,32,68,97,100,7,175,179,27,150,136,144,70,168,17,103,105,142,190,188,186,176,42,47,132,166,123,44];False
2382;8258;10640;[4,67,193,48,10,1,91,129,8,84,122,73,174,135,21,99,16,77,112,71,56,18,62,120,24,197,26,9,143,20,3,2,121,160,92,49,130,22,38,34,124,94,75,12,165,153,187,127,39,107,87,76,50,53,33,23,30,134,58,86,69,64,101,151,54,158,199,6,117,98,25,110,81,52,182,28,162,78,60,79,185,148,167,61,41,36,46,131,59,133,96,157,138,178,164,173,66,126,198,159,140,118,109,29,154,156,106,19,108,146,43,128,85,152,111,83,181,82,192,139,93,13,172,195,40,37,15,35,88,145,189,194,31,171,116,57,0,113,196,89,5,141,119,74,183,63,51,72,147,65,102,115,14,45,55,155,184,161,80,114,177,169,191,11,104,180,163,170,95,137,90,125,149,32,68,97,100,7,175,179,27,150,136,144,70,168,17,103,105,142,190,188,186,176,42,47,132,166,123,44];False
2386;8254;10640;[4,67,193,48,10,1,91,129,8,84,122,73,174,135,21,99,16,77,171,71,56,18,62,120,24,197,26,9,143,20,3,2,121,160,92,49,130,22,38,34,124,94,75,12,165,153,187,127,39,107,87,76,50,53,93,23,30,134,58,86,69,64,101,151,54,158,199,6,117,98,25,110,81,52,182,28,162,78,60,79,185,148,167,61,41,36,46,131,59,133,96,157,138,178,164,173,66,126,198,159,140,118,109,29,154,156,106,19,108,146,43,128,85,152,111,83,181,82,192,139,33,13,172,195,40,37,15,35,88,145,189,194,31,112,116,57,0,113,196,89,5,141,119,74,183,63,51,72,147,65,102,115,14,45,55,155,184,161,80,114,177,169,191,11,104,180,163,170,95,137,90,125,149,32,68,97,100,7,175,179,27,150,136,144,70,168,17,103,105,142,190,188,186,176,42,47,132,166,123,44];False
2368;8272;10640;[4,67,193,48,10,1,91,129,8,84,122,73,174,135,21,99,16,77,112,71,56,18,62,120,24,197,26,9,143,20,3,2,121,160,92,49,130,22,38,34,124,94,75,12,165,153,187,127,39,107,87,76,50,53,93,23,30,134,58,86,69,64,101,151,54,158,199,6,117,98,25,110,81,52,182,28,162,78,60,79,185,148,167,61,41,36,46,131,59,133,96,157,138,178,164,173,66,126,198,159,140,118,109,29,154,156,106,19,108,146,43,128,85,152,111,83,181,82,192,139,33,13,172,195,40,37,15,35,88,145,189,194,31,171,116,57,0,113,196,89,5,141,119,74,183,63,51,72,147,65,102,115,180,45,55,155,184,161,80,114,177,169,191,11,104,14,163,170,95,137,90,125,149,32,68,97,100,7,175,179,27,150,136,144,70,168,17,103,105,142,190,188,186,176,42,47,132,166,123,44];False
2358;8282;10640;[4,67,193,48,10,1,91,129,8,84,122,73,174,135,21,99,16,77,112,71,56,18,62,120,24,197,26,9,143,20,3,2,121,160,92,49,130,22,38,34,124,94,75,12,165,153,187,127,39,107,87,76,50,53,93,23,65,134,58,86,69,64,101,151,54,158,199,6,117,98,25,110,81,52,182,28,162,78,60,79,185,148,167,61,41,36,46,131,59,133,96,157,138,178,164,173,66,126,198,159,140,118,109,29,154,156,106,19,108,146,43,128,85,152,111,83,181,82,192,139,33,13,172,195,40,37,15,35,88,145,189,194,31,171,116,57,0,113,196,89,5,141,119,74,183,63,51,72,147,30,102,115,14,45,55,155,184,161,80,114,177,169,191,11,104,180,163,170,95,137,90,125,149,32,68,97,100,7,175,179,27,150,136,144,70,168,17,103,105,142,190,188,186,176,42,47,132,166,123,44];False
2378;8262;10640;[4,67,193,48,10,1,91,129,8,84,122,73,174,135,21,99,16,77,112,71,56,18,62,120,24,197,26,9,143,20,3,2,121,160,92,49,130,22,38,34,124,94,75,12,165,153,187,127,39,107,87,76,50,53,93,23,30,134,58,86,69,64,101,151,54,158,199,6,117,98,25,110,81,52,182,28,162,78,60,79,185,148,167,61,41,36,46,131,59,133,96,157,138,178,164,173,66,126,198,159,140,118,109,29,115,156,106,19,108,146,43,128,85,152,111,83,181,82,192,139,33,13,172,195,40,37,15,35,88,145,189,194,31,171,116,57,0,113,196,89,5,141,119,74,183,63,51,72,147,65,102,154,14,45,55,155,184,161,80,114,177,169,191,11,104,180,163,170,95,137,90,125,149,32,68,97,100,7,175,179,27,150,136,144,70,168,17,103,105,142,190,188,186,176,42,47,132,166,123,44];False
2360;8280;10640;[4,67,193,48,10,1,91,129,8,84,122,73,174,135,21,99,16,77,112,71,56,18,62,120,24,197,26,9,143,20,3,2,121,160,92,49,130,22,38,34,124,94,75,12,165,153,187,127,46,107,87,76,50,53,93,23,30,134,58,86,69,64,101,151,54,158,199,6,117,98,25,110,81,52,182,28,162,78,60,79,185,148,167,61,41,36,39,131,59,133,96,157,138,178,164,173,66,126,198,159,140,118,109,29,154,156,106,19,108,146,43,128,85,152,111,83,181,82,192,139,33,13,172,195,40,37,15,35,88,145,189,194,31,171,116,57,0,113,196,89,5,141,119,74,183,63,51,72,147,65,102,115,14,45,55,155,184,161,80,114,177,169,191,11,104,180,163,170,95,137,90,125,149,32,68,97,100,7,175,179,27,150,136,144,70,168,17,103,105,142,190,188,186,176,42,47,132,166,123,44];False
2372;8268;10640;[4,67,135,48,10,1,91,129,8,84,122,73,174,193,21,99,16,77,112,71,56,18,62,120,24,197,26,9,143,20,3,2,121,160,92,49,130,22,38,34,124,94,75,12,165,153,187,127,39,107,87,76,50,53,93,23,30,134,58,86,69,64,101,151,54,158,199,6,117,98,25,110,81,52,182,28,162,78,60,79,185,148,167,61,41,36,46,131,59,133,96,157,138,178,164,173,66,126,198,159,140,118,109,29,154,156,106,19,108,146,43,128,85,152,111,83,181,82,192,139,33,13,172,195,40,37,15,35,88,145,189,194,31,171,116,57,0,113,196,89,5,141,119,74,183,63,51,72,147,65,102,115,14,45,55,155,184,161,80,114,177,169,191,11,104,180,163,170,95,137,90,125,149,32,68,97,100,7,175,179,27,150,136,144,70,168,17,103,105,142,190,188,186,176,42,47,132,166,123,44];False
2313;8326;10639;[4,67,193,48,10,1,91,129,8,84,122,73,174,135,21,99,16,77,112,71,56,18,62,120,24,197,26,9,143,20,3,2,121,160,92,49,130,22,38,34,124,94,75,12,165,153,33,127,39,107,87,76,50,53,93,23,30,134,58,86,69,64,101,151,54,158,199,6,117,98,25,110,81,52,182,28,162,78,60,79,185,148,167,61,41,36,46,131,59,133,96,157,138,178,164,173,66,126,198,159,140,118,109,29,154,156,106,19,108,146,43,128,85,152,111,83,181,82,192,139,187,13,172,195,40,37,15,35,88,145,189,194,31,171,116,57,0,113,196,89,5,141,119,74,183,63,51,72,147,65,102,115,14,45,55,155,184,161,80,114,177,169,191,11,104,180,163,170,95,137,90,125,149,32,68,97,100,7,175,179,27,150,136,144,70,168,17,103,105,142,190,188,186,176,42,47,132,166,123,44];False
2409;8230;10639;[4,67,193,48,10,1,91,129,8,84,122,73,174,135,21,99,16,77,112,71,56,18,62,120,24,197,26,9,143,20,3,2,121,160,186,49,130,22,38,34,124,94,75,12,165,153,187,127,39,107,87,76,50,53,93,23,30,134,58,86,69,64,101,151,54,158,199,6,117,98,25,110,81,52,182,28,162,78,60,79,185,148,167,61,41,36,46,131,59,133,96,157,138,178,164,173,66,126,198,159,140,118,109,29,154,156,106,19,108,146,43,128,85,152,111,83,181,82,192,139,33,13,172,195,40,37,15,35,88,145,189,194,31,171,116,57,0,113,196,89,5,141,119,74,183,63,51,72,147,65,102,115,14,45,55,155,184,161,80,114,177,169,191,11,104,180,163,170,95,137,90,125,149,32,68,97,100,7,175,179,27,150,136,144,70,168,17,103,105,142,190,188,92,176,42,47,132,166,123,44];False
2316;8323;10639;[4,67,193,48,10,1,91,129,8,84,122,73,174,135,21,99,16,77,112,71,56,18,62,120,24,197,26,9,143,20,3,2,121,160,92,49,130,22,38,34,124,94,75,12,165,153,187,127,39,107,87,76,50,53,93,23,30,134,58,86,69,64,101,151,54,158,199,6,117,98,25,110,81,52,182,28,162,78,60,79,185,146,167,61,41,36,46,131,59,133,96,157,138,178,164,173,66,126,198,159,140,118,109,29,154,156,106,19,108,148,43,128,85,152,111,83,181,82,192,139,33,13,172,195,40,37,15,35,88,145,189,194,31,171,116,57,0,113,196,89,5,141,119,74,183,63,51,72,147,65,102,115,14,45,55,155,184,161,80,114,177,169,191,11,104,180,163,170,95,137,90,125,149,32,68,97,100,7,175,179,27,150,136,144,70,168,17,103,105,142,190,188,186,176,42,47,132,166,123,44];False
2369;8270;10639;[4,67,193,48,10,1,91,129,8,84,122,73,174,135,21,99,16,77,112,71,56,18,62,120,24,197,26,9,143,20,3,2,121,160,92,49,130,22,38,34,124,94,75,12,165,153,187,127,39,107,87,76,50,53,93,23,30,134,58,86,69,64,101,151,54,158,199,6,117,98,25,110,81,52,182,28,162,78,60,79,185,148,167,61,41,36,46,131,59,133,96,157,138,178,164,68,66,126,198,159,140,118,109,29,154,156,106,19,108,146,43,128,85,152,111,83,181,82,192,139,33,13,172,195,40,37,15,35,88,145,189,194,31,171,116,57,0,113,196,89,5,141,119,74,183,63,51,72,147,65,102,115,14,45,55,155,184,161,80,114,177,169,191,11,104,180,163,170,95,137,90,125,149,32,173,97,100,7,175,179,27,150,136,144,70,168,17,103,105,142,190,188,186,176,42,47,132,166,123,44];False
2352;8287;10639;[4,67,193,48,10,1,91,129,8,84,122,73,174,135,21,99,16,77,112,71,56,18,62,120,24,197,26,9,143,20,3,2,121,160,92,49,130,22,38,34,124,94,75,12,165,153,187,127,39,107,87,76,50,53,93,23,30,134,58,86,69,64,101,151,54,158,199,6,117,98,25,110,81,52,182,28,162,78,60,79,185,148,154,61,41,36,46,131,59,133,96,157,138,178,164,173,66,126,198,159,140,118,109,29,167,156,106,19,108,146,43,128,85,152,111,83,181,82,192,139,33,13,172,195,40,37,15,35,88,145,189,194,31,171,116,57,0,113,196,89,5,141,119,74,183,63,51,72,147,65,102,115,14,45,55,155,184,161,80,114,177,169,191,11,104,180,163,170,95,137,90,125,149,32,68,97,100,7,175,179,27,150,136,144,70,168,17,103,105,142,190,188,186,176,42,47,132,166,123,44];False
2364;8275;10639;[4,67,193,48,10,160,91,129,8,84,122,73,174,135,21,99,16,77,112,71,56,18,62,120,24,197,26,9,143,20,3,2,121,1,92,49,130,22,38,34,124,94,75,12,165,153,187,127,39,107,87,76,50,53,93,23,30,134,58,86,69,64,101,151,54,158,199,6,117,98,25,110,81,52,182,28,162,78,60,79,185,148,167,61,41,36,46,131,59,133,96,157,138,178,164,173,66,126,198,159,140,118,109,29,154,156,106,19,108,146,43,128,85,152,111,83,181,82,192,139,33,13,172,195,40,37,15,35,88,145,189,194,31,171,116,57,0,113,196,89,5,141,119,74,183,63,51,72,147,65,102,115,14,45,55,155,184,161,80,114,177,169,191,11,104,180,163,170,95,137,90,125,149,32,68,97,100,7,175,179,27,150,136,144,70,168,17,103,105,142,190,188,186,176,42,47,132,166,123,44];False
2405;8234;10639;[4,67,193,48,10,1,91,129,8,84,122,73,174,135,21,99,16,77,112,71,56,18,62,120,24,197,26,9,143,93,3,2,121,160,92,49,130,22,38,34,124,94,75,12,165,153,187,127,39,107,87,76,50,53,20,23,30,134,58,86,69,64,101,151,54,158,199,6,117,98,25,110,81,52,182,28,162,78,60,79,185,148,167,61,41,36,46,131,59,133,96,157,138,178,164,173,66,126,198,159,140,118,109,29,154,156,106,19,108,146,43,128,85,152,111,83,181,82,192,139,33,13,172,195,40,37,15,35,88,145,189,194,31,171,116,57,0,113,196,89,5,141,119,74,183,63,51,72,147,65,102,115,14,45,55,155,184,161,80,114,177,169,191,11,104,180,163,170,95,137,90,125,149,32,68,97,100,7,175,179,27,150,136,144,70,168,17,103,105,142,190,188,186,176,42,47,132,166,123,44];False
2392;8247;10639;[4,67,193,48,10,1,91,129,8,84,122,73,174,135,21,99,16,77,112,71,56,18,62,120,24,196,26,9,143,20,3,2,121,160,92,49,130,22,38,34,124,94,75,12,165,153,187,127,39,107,87,76,50,53,93,23,30,134,58,86,69,64,101,151,54,158,199,6,117,98,25,110,81,52,182,28,162,78,60,79,185,148,167,61,41,36,46,131,59,133,96,157,138,178,164,173,66,126,198,159,140,118,109,29,154,156,106,19,108,146,43,128,85,152,111,83,181,82,192,139,33,13,172,195,40,37,15,35,88,145,189,194,31,171,116,57,0,113,197,89,5,141,119,74,183,63,51,72,147,65,102,115,14,45,55,155,184,161,80,114,177,169,191,11,104,180,163,170,95,137,90,125,149,32,68,97,100,7,175,179,27,150,136,144,70,168,17,103,105,142,190,188,186,176,42,47,132,166,123,44];False
2339;8299;10638;[4,67,193,48,10,1,91,129,8,84,122,73,174,135,21,99,16,77,112,71,56,18,62,120,24,197,26,9,143,20,3,2,121,160,92,49,130,22,38,34,124,94,75,12,165,153,187,127,39,107,87,76,50,53,93,23,30,134,58,86,69,64,101,151,54,158,199,6,117,98,25,110,81,52,182,28,162,78,60,79,185,148,167,61,41,36,46,131,59,133,96,157,138,178,164,173,66,126,198,159,140,118,109,29,154,156,106,19,108,146,43,128,85,152,111,83,181,82,192,139,33,13,172,195,40,37,15,35,88,145,189,194,31,171,116,57,0,113,196,89,5,141,119,74,183,63,51,72,147,65,102,115,14,45,55,155,184,114,80,161,177,169,191,11,104,180,163,170,95,137,90,125,149,32,68,97,100,7,175,179,27,150,136,144,70,168,17,103,105,142,190,188,186,176,42,47,132,166,123,44];False
2354;8284;10638;[4,67,193,48,10,1,91,129,156,84,122,73,174,135,21,99,16,77,112,71,56,18,62,120,24,197,26,9,143,20,3,2,121,160,92,49,130,22,38,34,124,94,75,12,165,153,187,127,39,107,87,76,50,53,93,23,30,134,58,86,69,64,101,151,54,158,199,6,117,98,25,110,81,52,182,28,162,78,60,79,185,148,167,61,41,36,46,131,59,133,96,157,138,178,164,173,66,126,198,159,140,118,109,29,154,8,106,19,108,146,43,128,85,152,111,83,181,82,192,139,33,13,172,195,40,37,15,35,88,145,189,194,31,171,116,57,0,113,196,89,5,141,119,74,183,63,51,72,147,65,102,115,14,45,55,155,184,161,80,114,177,169,191,11,104,180,163,170,95,137,90,125,149,32,68,97,100,7,175,179,27,150,136,144,70,168,17,103,105,142,190,188,186,176,42,47,132,166,123,44];False
2341;8297;10638;[4,67,193,48,10,1,91,129,8,84,122,152,174,135,21,99,16,77,112,71,56,18,62,120,24,197,26,9,143,20,3,2,121,160,92,49,130,22,38,34,124,94,75,12,165,153,187,127,39,107,87,76,50,53,93,23,30,134,58,86,69,64,101,151,54,158,199,6,117,98,25,110,81,52,182,28,162,78,60,79,185,148,167,61,41,36,46,131,59,133,96,157,138,178,164,173,66,126,198,159,140,118,109,29,154,156,106,19,108,146,43,128,85,73,111,83,181,82,192,139,33,13,172,195,40,37,15,35,88,145,189,194,31,171,116,57,0,113,196,89,5,141,119,74,183,63,51,72,147,65,102,115,14,45,55,155,184,161,80,114,177,169,191,11,104,180,163,170,95,137,90,125,149,32,68,97,100,7,175,179,27,150,136,144,70,168,17,103,105,142,190,188,186,176,42,47,132,166,123,44];False
2359;8279;10638;[4,67,193,48,10,1,91,129,8,84,122,73,174,135,21,99,16,77,112,71,56,18,62,120,24,197,26,9,143,20,3,2,121,160,92,49,130,22,38,34,124,94,75,12,165,153,187,127,39,107,87,76,50,53,93,23,30,134,58,86,69,64,101,151,54,158,199,6,117,98,25,110,81,52,182,28,162,78,60,79,185,172,167,61,41,36,46,131,59,133,96,157,138,178,164,173,66,126,198,159,140,118,109,29,154,156,106,19,108,146,43,128,85,152,111,83,181,82,192,139,33,13,148,195,40,37,15,35,88,145,189,194,31,171,116,57,0,113,196,89,5,141,119,74,183,63,51,72,147,65,102,115,14,45,55,155,184,161,80,114,177,169,191,11,104,180,163,170,95,137,90,125,149,32,68,97,100,7,175,179,27,150,136,144,70,168,17,103,105,142,190,188,186,176,42,47,132,166,123,44];False
2380;8258;10638;[4,67,193,48,10,1,91,129,8,84,122,73,174,135,21,99,16,77,112,71,56,18,62,120,24,197,26,9,143,20,3,2,121,160,92,49,130,22,38,34,124,94,75,12,165,153,187,127,39,107,87,76,50,53,93,23,30,134,58,86,69,64,101,151,54,158,199,6,117,98,25,110,81,52,182,28,162,78,60,79,185,148,167,61,41,36,46,131,59,133,96,157,138,178,164,173,66,126,198,159,140,118,109,29,154,156,106,19,108,146,43,128,85,152,111,83,181,82,192,139,33,13,172,195,40,37,15,35,88,145,189,194,31,171,116,57,0,113,196,89,5,141,119,74,168,63,51,72,147,65,102,115,14,45,55,155,184,161,80,114,177,169,191,11,104,180,163,170,95,137,90,125,149,32,68,97,100,7,175,179,27,150,136,144,70,183,17,103,105,142,190,188,186,176,42,47,132,166,123,44];False
2412;8226;10638;[4,67,193,48,10,1,91,129,8,84,122,73,174,135,21,99,16,77,112,71,56,18,62,120,24,197,26,9,143,20,3,2,121,160,92,49,130,22,38,34,124,94,75,12,165,153,187,127,39,107,87,23,50,53,93,76,30,134,58,86,69,64,101,151,54,158,199,6,117,98,25,110,81,52,182,28,162,78,60,79,185,148,167,61,41,36,46,131,59,133,96,157,138,178,164,173,66,126,198,159,140,118,109,29,154,156,106,19,108,146,43,128,85,152,111,83,181,82,192,139,33,13,172,195,40,37,15,35,88,145,189,194,31,171,116,57,0,113,196,89,5,141,119,74,183,63,51,72,147,65,102,115,14,45,55,155,184,161,80,114,177,169,191,11,104,180,163,170,95,137,90,125,149,32,68,97,100,7,175,179,27,150,136,144,70,168,17,103,105,142,190,188,186,176,42,47,132,166,123,44];False
2391;8247;10638;[4,67,193,48,10,1,91,129,8,84,122,73,174,135,21,99,16,77,112,71,56,18,62,120,24,197,26,9,143,20,3,2,121,160,92,49,130,22,38,34,124,94,75,12,165,153,187,127,39,107,87,172,50,53,93,23,30,134,58,86,69,64,101,151,54,158,199,6,117,98,25,110,81,52,182,28,162,78,60,79,185,148,167,61,41,36,46,131,59,133,96,157,138,178,164,173,66,126,198,159,140,118,109,29,154,156,106,19,108,146,43,128,85,152,111,83,181,82,192,139,33,13,76,195,40,37,15,35,88,145,189,194,31,171,116,57,0,113,196,89,5,141,119,74,183,63,51,72,147,65,102,115,14,45,55,155,184,161,80,114,177,169,191,11,104,180,163,170,95,137,90,125,149,32,68,97,100,7,175,179,27,150,136,144,70,168,17,103,105,142,190,188,186,176,42,47,132,166,123,44];False
2370;8268;10638;[4,67,193,48,10,1,91,129,8,84,122,73,174,135,21,99,16,77,112,71,56,18,62,120,24,197,26,9,143,20,3,2,121,160,92,49,130,22,38,34,124,94,75,12,165,153,187,127,39,107,87,76,50,109,93,23,30,134,58,86,69,64,101,151,54,158,199,6,117,98,25,110,81,52,182,28,162,78,60,79,185,148,167,61,41,36,46,131,59,133,96,157,138,178,164,173,66,126,198,159,140,118,53,29,154,156,106,19,108,146,43,128,85,152,111,83,181,82,192,139,33,13,172,195,40,37,15,35,88,145,189,194,31,171,116,57,0,113,196,89,5,141,119,74,183,63,51,72,147,65,102,115,14,45,55,155,184,161,80,114,177,169,191,11,104,180,163,170,95,137,90,125,149,32,68,97,100,7,175,179,27,150,136,144,70,168,17,103,105,142,190,188,186,176,42,47,132,166,123,44];False
2382;8256;10638;[4,67,193,48,10,61,91,129,8,84,122,73,174,135,21,99,16,77,112,71,56,18,62,120,24,197,26,9,143,20,3,2,121,160,92,49,130,22,38,34,124,94,75,12,165,153,187,127,39,107,87,76,50,53,93,23,30,134,58,86,69,64,101,151,54,158,199,6,117,98,25,110,81,52,182,28,162,78,60,79,185,148,167,1,41,36,46,131,59,133,96,157,138,178,164,173,66,126,198,159,140,118,109,29,154,156,106,19,108,146,43,128,85,152,111,83,181,82,192,139,33,13,172,195,40,37,15,35,88,145,189,194,31,171,116,57,0,113,196,89,5,141,119,74,183,63,51,72,147,65,102,115,14,45,55,155,184,161,80,114,177,169,191,11,104,180,163,170,95,137,90,125,149,32,68,97,100,7,175,179,27,150,136,144,70,168,17,103,105,142,190,188,186,176,42,47,132,166,123,44];False
2369;8269;10638;[4,67,193,48,10,1,91,129,8,84,122,73,174,135,21,99,16,77,112,71,56,18,62,120,24,197,26,9,143,20,3,2,121,160,92,49,130,22,38,34,124,94,75,12,165,153,187,127,39,107,87,76,50,53,93,23,30,134,58,86,69,64,101,151,54,158,199,6,117,98,25,110,81,52,182,28,162,78,60,79,185,148,167,61,41,36,46,131,59,133,96,157,138,178,164,173,66,126,198,159,140,118,109,29,154,156,106,19,108,146,43,128,85,152,111,83,181,82,192,139,33,13,172,195,40,37,15,35,88,145,189,194,31,171,116,57,0,113,196,89,5,141,119,74,183,63,51,72,147,65,102,115,14,45,55,155,184,161,80,114,177,169,191,11,104,180,163,125,95,137,90,170,149,32,68,97,100,7,175,179,27,150,136,144,70,168,17,103,105,142,190,188,186,176,42,47,132,166,123,44];False
2345;8293;10638;[4,67,193,48,10,1,91,129,8,84,122,73,174,135,21,99,16,77,112,71,56,18,62,120,24,197,26,9,143,20,3,2,177,160,92,49,130,22,38,34,124,94,75,12,165,153,187,127,39,107,87,76,50,53,93,23,30,134,58,86,69,64,101,151,54,158,199,6,117,98,25,110,81,52,182,28,162,78,60,79,185,148,167,61,41,36,46,131,59,133,96,157,138,178,164,173,66,126,198,159,140,118,109,29,154,156,106,19,108,146,43,128,85,152,111,83,181,82,192,139,33,13,172,195,40,37,15,35,88,145,189,194,31,171,116,57,0,113,196,89,5,141,119,74,183,63,51,72,147,65,102,115,14,45,55,155,184,161,80,114,121,169,191,11,104,180,163,170,95,137,90,125,149,32,68,97,100,7,175,179,27,150,136,144,70,168,17,103,105,142,190,188,186,176,42,47,132,166,123,44];False
2368;8270;10638;[4,67,193,48,10,1,91,129,8,84,122,73,174,135,21,99,16,77,112,71,56,18,62,120,24,197,26,9,143,20,3,2,121,160,92,49,130,22,38,34,124,94,75,12,165,153,187,127,39,107,87,76,50,53,93,23,30,134,58,86,69,64,101,151,54,158,199,6,117,98,25,110,81,52,182,28,162,78,60,79,185,148,167,61,41,36,46,131,59,133,96,157,138,178,149,173,66,126,198,159,140,118,109,29,154,156,106,19,108,146,43,128,85,152,111,83,181,82,192,139,33,13,172,195,40,37,15,35,88,145,189,194,31,171,116,57,0,113,196,89,5,141,119,74,183,63,51,72,147,65,102,115,14,45,55,155,184,161,80,114,177,169,191,11,104,180,163,170,95,137,90,125,164,32,68,97,100,7,175,179,27,150,136,144,70,168,17,103,105,142,190,188,186,176,42,47,132,166,123,44];False
2342;8296;10638;[4,67,193,48,10,1,91,129,8,84,122,73,174,135,21,99,16,77,112,71,56,18,62,140,24,197,26,9,143,20,3,2,121,160,92,49,130,22,38,34,124,94,75,12,165,153,187,127,39,107,87,76,50,53,93,23,30,134,58,86,69,64,101,151,54,158,199,6,117,98,25,110,81,52,182,28,162,78,60,79,185,148,167,61,41,36,46,131,59,133,96,157,138,178,164,173,66,126,198,159,120,118,109,29,154,156,106,19,108,146,43,128,85,152,111,83,181,82,192,139,33,13,172,195,40,37,15,35,88,145,189,194,31,171,116,57,0,113,196,89,5,141,119,74,183,63,51,72,147,65,102,115,14,45,55,155,184,161,80,114,177,169,191,11,104,180,163,170,95,137,90,125,149,32,68,97,100,7,175,179,27,150,136,144,70,168,17,103,105,142,190,188,186,176,42,47,132,166,123,44];False
2364;8274;10638;[4,67,193,48,10,1,91,175,8,84,122,73,174,135,21,99,16,77,112,71,56,18,62,120,24,197,26,9,143,20,3,2,121,160,92,49,130,22,38,34,124,94,75,12,165,153,187,127,39,107,87,76,50,53,93,23,30,134,58,86,69,64,101,151,54,158,199,6,117,98,25,110,81,52,182,28,162,78,60,79,185,148,167,61,41,36,46,131,59,133,96,157,138,178,164,173,66,126,198,159,140,118,109,29,154,156,106,19,108,146,43,128,85,152,111,83,181,82,192,139,33,13,172,195,40,37,15,35,88,145,189,194,31,171,116,57,0,113,196,89,5,141,119,74,183,63,51,72,147,65,102,115,14,45,55,155,184,161,80,114,177,169,191,11,104,180,163,170,95,137,90,125,149,32,68,97,100,7,129,179,27,150,136,144,70,168,17,103,105,142,190,188,186,176,42,47,132,166,123,44];False
2350;8288;10638;[4,67,193,48,10,1,91,129,8,84,122,73,174,135,21,99,16,77,112,71,56,18,62,120,24,197,26,9,143,20,3,2,121,160,92,49,130,22,38,34,124,94,75,12,140,153,187,127,39,107,87,76,50,53,93,23,30,134,58,86,69,64,101,151,54,158,199,6,117,98,25,110,81,52,182,28,162,78,60,79,185,148,167,61,41,36,46,131,59,133,96,157,138,178,164,173,66,126,198,159,165,118,109,29,154,156,106,19,108,146,43,128,85,152,111,83,181,82,192,139,33,13,172,195,40,37,15,35,88,145,189,194,31,171,116,57,0,113,196,89,5,141,119,74,183,63,51,72,147,65,102,115,14,45,55,155,184,161,80,114,177,169,191,11,104,180,163,170,95,137,90,125,149,32,68,97,100,7,175,179,27,150,136,144,70,168,17,103,105,142,190,188,186,176,42,47,132,166,123,44];False
2359;8279;10638;[4,67,193,48,10,1,91,129,8,84,122,73,174,135,21,99,16,77,112,71,12,18,62,120,24,197,26,9,143,20,3,2,121,160,92,49,130,22,38,34,124,94,75,56,165,153,187,127,39,107,87,76,50,53,93,23,30,134,58,86,69,64,101,151,54,158,199,6,117,98,25,110,81,52,182,28,162,78,60,79,185,148,167,61,41,36,46,131,59,133,96,157,138,178,164,173,66,126,198,159,140,118,109,29,154,156,106,19,108,146,43,128,85,152,111,83,181,82,192,139,33,13,172,195,40,37,15,35,88,145,189,194,31,171,116,57,0,113,196,89,5,141,119,74,183,63,51,72,147,65,102,115,14,45,55,155,184,161,80,114,177,169,191,11,104,180,163,170,95,137,90,125,149,32,68,97,100,7,175,179,27,150,136,144,70,168,17,103,105,142,190,188,186,176,42,47,132,166,123,44];False
2355;8283;10638;[4,67,193,48,10,1,91,129,8,84,122,73,174,135,21,99,16,77,112,71,56,18,62,120,24,197,26,9,143,20,169,2,121,160,92,49,130,22,38,34,124,94,75,12,165,153,187,127,39,107,87,76,50,53,93,23,30,134,58,86,69,64,101,151,54,158,199,6,117,98,25,110,81,52,182,28,162,78,60,79,185,148,167,61,41,36,46,131,59,133,96,157,138,178,164,173,66,126,198,159,140,118,109,29,154,156,106,19,108,146,43,128,85,152,111,83,181,82,192,139,33,13,172,195,40,37,15,35,88,145,189,194,31,171,116,57,0,113,196,89,5,141,119,74,183,63,51,72,147,65,102,115,14,45,55,155,184,161,80,114,177,3,191,11,104,180,163,170,95,137,90,125,149,32,68,97,100,7,175,179,27,150,136,144,70,168,17,103,105,142,190,188,186,176,42,47,132,166,123,44];False
2365;8273;10638;[4,67,193,48,10,1,91,129,8,84,122,73,174,135,21,99,16,77,112,71,56,18,62,120,24,197,26,9,143,20,3,2,121,160,92,25,130,22,38,34,124,94,75,12,165,153,187,127,39,107,87,76,50,53,93,23,30,134,58,86,69,64,101,151,54,158,199,6,117,98,49,110,81,52,182,28,162,78,60,79,185,148,167,61,41,36,46,131,59,133,96,157,138,178,164,173,66,126,198,159,140,118,109,29,154,156,106,19,108,146,43,128,85,152,111,83,181,82,192,139,33,13,172,195,40,37,15,35,88,145,189,194,31,171,116,57,0,113,196,89,5,141,119,74,183,63,51,72,147,65,102,115,14,45,55,155,184,161,80,114,177,169,191,11,104,180,163,170,95,137,90,125,149,32,68,97,100,7,175,179,27,150,136,144,70,168,17,103,105,142,190,188,186,176,42,47,132,166,123,44];False
2357;8280;10637;[4,67,193,48,10,1,91,129,8,84,122,73,174,135,21,99,16,77,112,71,56,18,62,120,24,197,26,9,143,20,3,2,121,160,92,49,130,22,38,34,124,94,75,12,165,153,187,127,39,107,87,76,50,53,93,23,30,134,58,86,69,64,101,151,54,158,199,6,117,98,25,110,177,52,182,28,162,78,60,79,185,148,167,61,41,36,46,131,59,133,96,157,138,178,164,173,66,126,198,159,140,118,109,29,154,156,106,19,108,146,43,128,85,152,111,83,181,82,192,139,33,13,172,195,40,37,15,35,88,145,189,194,31,171,116,57,0,113,196,89,5,141,119,74,183,63,51,72,147,65,102,115,14,45,55,155,184,161,80,114,81,169,191,11,104,180,163,170,95,137,90,125,149,32,68,97,100,7,175,179,27,150,136,144,70,168,17,103,105,142,190,188,186,176,42,47,132,166,123,44];False
2394;8243;10637;[4,67,193,48,10,1,91,129,8,84,31,73,174,135,21,99,16,77,112,71,56,18,62,120,24,197,26,9,143,20,3,2,121,160,92,49,130,22,38,34,124,94,75,12,165,153,187,127,39,107,87,76,50,53,93,23,30,134,58,86,69,64,101,151,54,158,199,6,117,98,25,110,81,52,182,28,162,78,60,79,185,148,167,61,41,36,46,131,59,133,96,157,138,178,164,173,66,126,198,159,140,118,109,29,154,156,106,19,108,146,43,128,85,152,111,83,181,82,192,139,33,13,172,195,40,37,15,35,88,145,189,194,122,171,116,57,0,113,196,89,5,141,119,74,183,63,51,72,147,65,102,115,14,45,55,155,184,161,80,114,177,169,191,11,104,180,163,170,95,137,90,125,149,32,68,97,100,7,175,179,27,150,136,144,70,168,17,103,105,142,190,188,186,176,42,47,132,166,123,44];False
2364;8273;10637;[4,67,193,48,10,1,91,129,8,84,122,73,174,135,21,99,16,77,112,71,56,18,62,120,24,197,26,9,143,20,3,2,121,160,92,49,130,22,38,34,124,94,75,12,165,153,187,127,39,107,87,76,50,53,93,23,30,134,58,86,144,64,101,151,54,158,199,6,117,98,25,110,81,52,182,28,162,78,60,79,185,148,167,61,41,36,46,131,59,133,96,157,138,178,164,173,66,126,198,159,140,118,109,29,154,156,106,19,108,146,43,128,85,152,111,83,181,82,192,139,33,13,172,195,40,37,15,35,88,145,189,194,31,171,116,57,0,113,196,89,5,141,119,74,183,63,51,72,147,65,102,115,14,45,55,155,184,161,80,114,177,169,191,11,104,180,163,170,95,137,90,125,149,32,68,97,100,7,175,179,27,150,136,69,70,168,17,103,105,142,190,188,186,176,42,47,132,166,123,44];False
2395;8242;10637;[4,67,193,48,10,1,91,129,8,84,122,73,174,135,21,99,16,77,112,71,56,18,62,120,24,197,26,9,143,20,3,2,121,160,92,49,130,22,38,34,124,94,75,12,165,153,187,127,39,107,87,76,50,53,93,23,30,134,58,86,69,64,101,151,54,158,199,6,117,98,88,110,81,52,182,28,162,78,60,79,185,148,167,61,41,36,46,131,59,133,96,157,138,178,164,173,66,126,198,159,140,118,109,29,154,156,106,19,108,146,43,128,85,152,111,83,181,82,192,139,33,13,172,195,40,37,15,35,25,145,189,194,31,171,116,57,0,113,196,89,5,141,119,74,183,63,51,72,147,65,102,115,14,45,55,155,184,161,80,114,177,169,191,11,104,180,163,170,95,137,90,125,149,32,68,97,100,7,175,179,27,150,136,144,70,168,17,103,105,142,190,188,186,176,42,47,132,166,123,44];False
2389;8248;10637;[4,67,193,48,10,1,91,129,8,84,122,73,174,135,21,99,16,77,112,71,56,18,62,120,24,197,26,9,143,20,3,2,121,160,92,49,130,22,38,34,124,94,75,12,165,153,187,127,39,107,87,76,50,53,93,23,30,134,141,86,69,64,101,151,54,158,199,6,117,98,25,110,81,52,182,28,162,78,60,79,185,148,167,61,41,36,46,131,59,133,96,157,138,178,164,173,66,126,198,159,140,118,109,29,154,156,106,19,108,146,43,128,85,152,111,83,181,82,192,139,33,13,172,195,40,37,15,35,88,145,189,194,31,171,116,57,0,113,196,89,5,58,119,74,183,63,51,72,147,65,102,115,14,45,55,155,184,161,80,114,177,169,191,11,104,180,163,170,95,137,90,125,149,32,68,97,100,7,175,179,27,150,136,144,70,168,17,103,105,142,190,188,186,176,42,47,132,166,123,44];False
2367;8270;10637;[4,67,193,48,10,1,91,129,8,84,122,73,174,135,21,99,16,77,112,71,56,18,62,120,24,197,26,9,143,20,3,2,121,160,92,68,130,22,38,34,124,94,75,12,165,153,187,127,39,107,87,76,50,53,93,23,30,134,58,86,69,64,101,151,54,158,199,6,117,98,25,110,81,52,182,28,162,78,60,79,185,148,167,61,41,36,46,131,59,133,96,157,138,178,164,173,66,126,198,159,140,118,109,29,154,156,106,19,108,146,43,128,85,152,111,83,181,82,192,139,33,13,172,195,40,37,15,35,88,145,189,194,31,171,116,57,0,113,196,89,5,141,119,74,183,63,51,72,147,65,102,115,14,45,55,155,184,161,80,114,177,169,191,11,104,180,163,170,95,137,90,125,149,32,49,97,100,7,175,179,27,150,136,144,70,168,17,103,105,142,190,188,186,176,42,47,132,166,123,44];False
2348;8289;10637;[4,67,193,48,10,1,91,129,8,84,122,73,174,135,21,99,16,77,112,71,56,18,62,120,24,197,26,9,143,20,3,2,121,160,92,49,130,22,38,34,124,94,75,12,165,153,187,127,39,107,87,76,50,53,93,23,30,134,58,86,69,64,101,151,54,158,199,6,117,98,25,110,81,52,95,28,162,78,60,79,185,148,167,61,41,36,46,131,59,133,96,157,138,178,164,173,66,126,198,159,140,118,109,29,154,156,106,19,108,146,43,128,85,152,111,83,181,82,192,139,33,13,172,195,40,37,15,35,88,145,189,194,31,171,116,57,0,113,196,89,5,141,119,74,183,63,51,72,147,65,102,115,14,45,55,155,184,161,80,114,177,169,191,11,104,180,163,170,182,137,90,125,149,32,68,97,100,7,175,179,27,150,136,144,70,168,17,103,105,142,190,188,186,176,42,47,132,166,123,44];False
2360;8277;10637;[4,67,193,48,10,1,91,129,8,84,122,73,174,135,21,99,16,77,112,71,56,18,62,120,24,197,26,9,143,20,3,2,121,160,92,49,130,22,38,34,124,94,75,12,165,153,187,127,39,107,87,76,50,53,93,23,30,134,58,86,69,64,101,151,54,158,163,6,117,98,25,110,81,52,182,28,162,78,60,79,185,148,167,61,41,36,46,131,59,133,96,157,138,178,164,173,66,126,198,159,140,118,109,29,154,156,106,19,108,146,43,128,85,152,111,83,181,82,192,139,33,13,172,195,40,37,15,35,88,145,189,194,31,171,116,57,0,113,196,89,5,141,119,74,183,63,51,72,147,65,102,115,14,45,55,155,184,161,80,114,177,169,191,11,104,180,199,170,95,137,90,125,149,32,68,97,100,7,175,179,27,150,136,144,70,168,17,103,105,142,190,188,186,176,42,47,132,166,123,44];False
2383;8254;10637;[4,67,193,48,10,1,91,129,8,84,122,73,174,135,21,99,16,77,112,71,56,18,62,120,24,197,26,9,143,20,3,2,121,160,92,49,130,22,38,34,124,94,75,12,165,153,187,127,39,107,87,76,50,53,93,23,30,134,58,86,69,64,101,151,54,158,199,6,117,98,25,110,81,52,182,28,162,78,60,79,185,148,167,61,41,36,46,131,59,133,96,157,138,178,164,173,66,126,198,159,140,118,109,29,154,156,106,19,108,146,43,128,85,152,111,83,181,82,192,139,70,13,172,195,40,37,15,35,88,145,189,194,31,171,116,57,0,113,196,89,5,141,119,74,183,63,51,72,147,65,102,115,14,45,55,155,184,161,80,114,177,169,191,11,104,180,163,170,95,137,90,125,149,32,68,97,100,7,175,179,27,150,136,144,33,168,17,103,105,142,190,188,186,176,42,47,132,166,123,44];False
2352;8284;10636;[4,67,193,48,10,1,91,129,8,84,122,73,174,135,21,99,16,77,112,71,56,18,62,120,24,197,26,9,143,20,3,2,121,160,92,49,130,22,38,34,124,94,75,12,165,153,187,127,39,107,87,76,50,53,93,23,30,134,58,86,69,64,101,151,54,158,199,6,117,98,25,110,81,52,182,28,162,78,60,79,185,148,167,61,41,36,46,131,59,133,96,157,138,178,164,173,66,126,198,159,140,118,109,29,154,156,106,19,108,146,43,128,85,152,111,83,181,82,192,139,33,13,172,195,40,37,15,35,88,47,189,194,31,171,116,57,0,113,196,89,5,141,119,74,183,63,51,72,147,65,102,115,14,45,55,155,184,161,80,114,177,169,191,11,104,180,163,170,95,137,90,125,149,32,68,97,100,7,175,179,27,150,136,144,70,168,17,103,105,142,190,188,186,176,42,145,132,166,123,44];False
2322;8314;10636;[4,67,193,48,10,1,91,129,8,84,122,73,174,135,21,99,16,77,112,71,56,18,62,120,24,197,26,9,143,20,3,2,121,160,92,49,130,22,38,34,124,94,75,12,165,153,187,127,39,107,87,76,50,53,93,23,30,134,103,86,69,64,101,151,54,158,199,6,117,98,25,110,81,52,182,28,162,78,60,79,185,148,167,61,41,36,46,131,59,133,96,157,138,178,164,173,66,126,198,159,140,118,109,29,154,156,106,19,108,146,43,128,85,152,111,83,181,82,192,139,33,13,172,195,40,37,15,35,88,145,189,194,31,171,116,57,0,113,196,89,5,141,119,74,183,63,51,72,147,65,102,115,14,45,55,155,184,161,80,114,177,169,191,11,104,180,163,170,95,137,90,125,149,32,68,97,100,7,175,179,27,150,136,144,70,168,17,58,105,142,190,188,186,176,42,47,132,166,123,44];False
2320;8316;10636;[4,67,193,48,10,1,91,129,8,84,122,73,97,135,21,99,16,77,112,71,56,18,62,120,24,197,26,9,143,20,3,2,121,160,92,49,130,22,38,34,124,94,75,12,165,153,187,127,39,107,87,76,50,53,93,23,30,134,58,86,69,64,101,151,54,158,199,6,117,98,25,110,81,52,182,28,162,78,60,79,185,148,167,61,41,36,46,131,59,133,96,157,138,178,164,173,66,126,198,159,140,118,109,29,154,156,106,19,108,146,43,128,85,152,111,83,181,82,192,139,33,13,172,195,40,37,15,35,88,145,189,194,31,171,116,57,0,113,196,89,5,141,119,74,183,63,51,72,147,65,102,115,14,45,55,155,184,161,80,114,177,169,191,11,104,180,163,170,95,137,90,125,149,32,68,174,100,7,175,179,27,150,136,144,70,168,17,103,105,142,190,188,186,176,42,47,132,166,123,44];False
2374;8262;10636;[4,67,193,48,10,1,91,129,8,84,122,73,174,135,21,99,16,77,112,71,56,18,62,120,24,197,26,9,143,20,3,125,121,160,92,49,130,22,38,34,124,94,75,12,165,153,187,127,39,107,87,76,50,53,93,23,30,134,58,86,69,64,101,151,54,158,199,6,117,98,25,110,81,52,182,28,162,78,60,79,185,148,167,61,41,36,46,131,59,133,96,157,138,178,164,173,66,126,198,159,140,118,109,29,154,156,106,19,108,146,43,128,85,152,111,83,181,82,192,139,33,13,172,195,40,37,15,35,88,145,189,194,31,171,116,57,0,113,196,89,5,141,119,74,183,63,51,72,147,65,102,115,14,45,55,155,184,161,80,114,177,169,191,11,104,180,163,170,95,137,90,2,149,32,68,97,100,7,175,179,27,150,136,144,70,168,17,103,105,142,190,188,186,176,42,47,132,166,123,44];False
2381;8255;10636;[4,67,193,48,10,1,91,129,8,84,122,73,174,135,21,99,16,77,112,71,56,18,62,120,24,197,26,9,143,20,3,2,121,160,92,49,130,22,38,34,124,94,75,12,165,153,187,127,39,107,87,76,50,53,93,23,30,134,58,86,69,64,101,151,54,158,199,6,117,98,25,110,81,52,182,28,162,78,60,79,185,148,167,61,41,36,46,131,59,133,96,157,138,178,164,173,66,126,198,159,140,118,109,29,154,156,106,19,108,146,43,128,35,152,111,83,181,82,192,139,33,13,172,195,40,37,15,85,88,145,189,194,31,171,116,57,0,113,196,89,5,141,119,74,183,63,51,72,147,65,102,115,14,45,55,155,184,161,80,114,177,169,191,11,104,180,163,170,95,137,90,125,149,32,68,97,100,7,175,179,27,150,136,144,70,168,17,103,105,142,190,188,186,176,42,47,132,166,123,44];False
2368;8268;10636;[4,67,193,48,10,1,91,129,8,84,122,73,174,135,21,99,16,77,112,71,56,18,62,120,24,197,26,9,143,20,3,2,121,160,92,49,130,22,38,34,124,94,75,12,165,153,187,127,39,107,87,76,50,53,93,23,30,134,58,86,69,64,101,151,54,158,199,6,117,98,25,110,81,52,156,28,162,78,60,79,185,148,167,61,41,36,46,131,59,133,96,157,138,178,164,173,66,126,198,159,140,118,109,29,154,182,106,19,108,146,43,128,85,152,111,83,181,82,192,139,33,13,172,195,40,37,15,35,88,145,189,194,31,171,116,57,0,113,196,89,5,141,119,74,183,63,51,72,147,65,102,115,14,45,55,155,184,161,80,114,177,169,191,11,104,180,163,170,95,137,90,125,149,32,68,97,100,7,175,179,27,150,136,144,70,168,17,103,105,142,190,188,186,176,42,47,132,166,123,44];False
2366;8270;10636;[4,67,193,48,10,1,91,129,8,84,122,156,174,135,21,99,16,77,112,71,56,18,62,120,24,197,26,9,143,20,3,2,121,160,92,49,130,22,38,34,124,94,75,12,165,153,187,127,39,107,87,76,50,53,93,23,30,134,58,86,69,64,101,151,54,158,199,6,117,98,25,110,81,52,182,28,162,78,60,79,185,148,167,61,41,36,46,131,59,133,96,157,138,178,164,173,66,126,198,159,140,118,109,29,154,73,106,19,108,146,43,128,85,152,111,83,181,82,192,139,33,13,172,195,40,37,15,35,88,145,189,194,31,171,116,57,0,113,196,89,5,141,119,74,183,63,51,72,147,65,102,115,14,45,55,155,184,161,80,114,177,169,191,11,104,180,163,170,95,137,90,125,149,32,68,97,100,7,175,179,27,150,136,144,70,168,17,103,105,142,190,188,186,176,42,47,132,166,123,44];False
2394;8242;10636;[4,67,193,48,10,1,91,129,8,84,122,73,174,135,21,99,16,77,112,71,56,18,62,120,24,197,26,9,143,20,3,2,121,160,92,49,130,22,38,34,124,94,75,12,165,153,187,127,39,107,87,76,50,53,93,23,30,134,58,86,69,64,101,151,54,158,199,6,117,52,25,110,81,98,182,28,162,78,60,79,185,148,167,61,41,36,46,131,59,133,96,157,138,178,164,173,66,126,198,159,140,118,109,29,154,156,106,19,108,146,43,128,85,152,111,83,181,82,192,139,33,13,172,195,40,37,15,35,88,145,189,194,31,171,116,57,0,113,196,89,5,141,119,74,183,63,51,72,147,65,102,115,14,45,55,155,184,161,80,114,177,169,191,11,104,180,163,170,95,137,90,125,149,32,68,97,100,7,175,179,27,150,136,144,70,168,17,103,105,142,190,188,186,176,42,47,132,166,123,44];False
2360;8276;10636;[4,67,193,48,10,1,91,129,8,84,122,73,174,135,21,99,16,77,112,71,56,18,62,120,24,197,26,9,143,156,3,2,121,160,92,49,130,22,38,34,124,94,75,12,165,153,187,127,39,107,87,76,50,53,93,23,30,134,58,86,69,64,101,151,54,158,199,6,117,98,25,110,81,52,182,28,162,78,60,79,185,148,167,61,41,36,46,131,59,133,96,157,138,178,164,173,66,126,198,159,140,118,109,29,154,20,106,19,108,146,43,128,85,152,111,83,181,82,192,139,33,13,172,195,40,37,15,35,88,145,189,194,31,171,116,57,0,113,196,89,5,141,119,74,183,63,51,72,147,65,102,115,14,45,55,155,184,161,80,114,177,169,191,11,104,180,163,170,95,137,90,125,149,32,68,97,100,7,175,179,27,150,136,144,70,168,17,103,105,142,190,188,186,176,42,47,132,166,123,44];False
2322;8314;10636;[4,67,193,48,10,1,91,129,8,84,122,73,174,135,21,99,16,77,112,71,56,18,62,120,24,197,26,9,143,20,3,2,121,160,92,49,130,22,38,34,124,25,75,12,165,153,187,127,39,107,87,76,50,53,93,23,30,134,58,86,69,64,101,151,54,158,199,6,117,98,94,110,81,52,182,28,162,78,60,79,185,148,167,61,41,36,46,131,59,133,96,157,138,178,164,173,66,126,198,159,140,118,109,29,154,156,106,19,108,146,43,128,85,152,111,83,181,82,192,139,33,13,172,195,40,37,15,35,88,145,189,194,31,171,116,57,0,113,196,89,5,141,119,74,183,63,51,72,147,65,102,115,14,45,55,155,184,161,80,114,177,169,191,11,104,180,163,170,95,137,90,125,149,32,68,97,100,7,175,179,27,150,136,144,70,168,17,103,105,142,190,188,186,176,42,47,132,166,123,44];False
2392;8244;10636;[4,67,193,48,10,1,91,129,8,84,122,73,174,135,21,99,16,77,112,71,56,18,62,120,24,197,26,9,143,20,3,2,121,160,92,49,130,22,38,34,124,94,75,12,165,153,187,127,39,107,87,76,50,53,93,23,30,134,58,86,69,64,101,151,54,158,199,6,117,98,25,110,81,52,182,28,162,78,60,79,185,148,167,61,41,36,46,131,59,133,96,157,138,178,164,173,66,126,198,159,31,118,109,29,154,156,106,19,108,146,43,128,85,152,111,83,181,82,192,139,33,13,172,195,40,37,15,35,88,145,189,194,140,171,116,57,0,113,196,89,5,141,119,74,183,63,51,72,147,65,102,115,14,45,55,155,184,161,80,114,177,169,191,11,104,180,163,170,95,137,90,125,149,32,68,97,100,7,175,179,27,150,136,144,70,168,17,103,105,142,190,188,186,176,42,47,132,166,123,44];False
2374;8262;10636;[4,67,193,48,10,1,91,129,8,84,122,73,174,135,21,99,16,77,112,71,56,18,62,120,24,197,26,9,143,20,3,2,121,160,92,49,130,22,38,34,124,94,75,12,165,153,187,127,39,107,87,76,50,53,93,23,30,134,58,86,69,64,101,151,54,158,199,6,117,98,25,110,81,52,182,28,162,78,60,79,185,148,167,61,41,36,46,131,59,133,96,157,138,178,164,173,66,126,198,159,140,118,109,29,154,156,106,19,108,146,43,128,85,152,111,83,181,82,192,139,33,13,172,195,40,37,15,35,97,145,189,194,31,171,116,57,0,113,196,89,5,141,119,74,183,63,51,72,147,65,102,115,14,45,55,155,184,161,80,114,177,169,191,11,104,180,163,170,95,137,90,125,149,32,68,88,100,7,175,179,27,150,136,144,70,168,17,103,105,142,190,188,186,176,42,47,132,166,123,44];False
2369;8267;10636;[4,67,193,17,10,1,91,129,8,84,122,73,174,135,21,99,16,77,112,71,56,18,62,120,24,197,26,9,143,20,3,2,121,160,92,49,130,22,38,34,124,94,75,12,165,153,187,127,39,107,87,76,50,53,93,23,30,134,58,86,69,64,101,151,54,158,199,6,117,98,25,110,81,52,182,28,162,78,60,79,185,148,167,61,41,36,46,131,59,133,96,157,138,178,164,173,66,126,198,159,140,118,109,29,154,156,106,19,108,146,43,128,85,152,111,83,181,82,192,139,33,13,172,195,40,37,15,35,88,145,189,194,31,171,116,57,0,113,196,89,5,141,119,74,183,63,51,72,147,65,102,115,14,45,55,155,184,161,80,114,177,169,191,11,104,180,163,170,95,137,90,125,149,32,68,97,100,7,175,179,27,150,136,144,70,168,48,103,105,142,190,188,186,176,42,47,132,166,123,44];False
2358;8278;10636;[4,67,193,48,10,1,91,129,8,84,122,73,174,135,21,99,16,77,112,71,56,18,62,120,24,50,26,9,143,20,3,2,121,160,92,49,130,22,38,34,124,94,75,12,165,153,187,127,39,107,87,76,197,53,93,23,30,134,58,86,69,64,101,151,54,158,199,6,117,98,25,110,81,52,182,28,162,78,60,79,185,148,167,61,41,36,46,131,59,133,96,157,138,178,164,173,66,126,198,159,140,118,109,29,154,156,106,19,108,146,43,128,85,152,111,83,181,82,192,139,33,13,172,195,40,37,15,35,88,145,189,194,31,171,116,57,0,113,196,89,5,141,119,74,183,63,51,72,147,65,102,115,14,45,55,155,184,161,80,114,177,169,191,11,104,180,163,170,95,137,90,125,149,32,68,97,100,7,175,179,27,150,136,144,70,168,17,103,105,142,190,188,186,176,42,47,132,166,123,44];False
2367;8269;10636;[4,67,193,48,10,1,91,129,8,84,122,73,174,135,21,99,16,77,112,71,56,18,62,120,24,197,26,9,143,20,3,2,121,160,92,49,130,22,38,34,124,94,75,12,165,153,187,127,39,107,87,76,50,53,93,23,30,134,58,86,69,64,101,151,54,158,199,6,117,98,25,32,81,52,182,28,162,78,60,79,185,148,167,61,41,36,46,131,59,133,96,157,138,178,164,173,66,126,198,159,140,118,109,29,154,156,106,19,108,146,43,128,85,152,111,83,181,82,192,139,33,13,172,195,40,37,15,35,88,145,189,194,31,171,116,57,0,113,196,89,5,141,119,74,183,63,51,72,147,65,102,115,14,45,55,155,184,161,80,114,177,169,191,11,104,180,163,170,95,137,90,125,149,110,68,97,100,7,175,179,27,150,136,144,70,168,17,103,105,142,190,188,186,176,42,47,132,166,123,44];False
2380;8256;10636;[4,67,193,48,10,1,173,129,8,84,122,73,174,135,21,99,16,77,112,71,56,18,62,120,24,197,26,9,143,20,3,2,121,160,92,49,130,22,38,34,124,94,75,12,165,153,187,127,39,107,87,76,50,53,93,23,30,134,58,86,69,64,101,151,54,158,199,6,117,98,25,110,81,52,182,28,162,78,60,79,185,148,167,61,41,36,46,131,59,133,96,157,138,178,164,91,66,126,198,159,140,118,109,29,154,156,106,19,108,146,43,128,85,152,111,83,181,82,192,139,33,13,172,195,40,37,15,35,88,145,189,194,31,171,116,57,0,113,196,89,5,141,119,74,183,63,51,72,147,65,102,115,14,45,55,155,184,161,80,114,177,169,191,11,104,180,163,170,95,137,90,125,149,32,68,97,100,7,175,179,27,150,136,144,70,168,17,103,105,142,190,188,186,176,42,47,132,166,123,44];False
2306;8330;10636;[4,67,193,48,10,1,91,129,8,84,122,73,174,135,21,99,16,77,112,71,56,18,62,120,24,197,26,9,143,20,3,2,121,160,92,49,130,22,38,34,124,94,75,12,165,153,104,127,39,107,87,76,50,53,93,23,30,134,58,86,69,64,101,151,54,158,199,6,117,98,25,110,81,52,182,28,162,78,60,79,185,148,167,61,41,36,46,131,59,133,96,157,138,178,164,173,66,126,198,159,140,118,109,29,154,156,106,19,108,146,43,128,85,152,111,83,181,82,192,139,33,13,172,195,40,37,15,35,88,145,189,194,31,171,116,57,0,113,196,89,5,141,119,74,183,63,51,72,147,65,102,115,14,45,55,155,184,161,80,114,177,169,191,11,187,180,163,170,95,137,90,125,149,32,68,97,100,7,175,179,27,150,136,144,70,168,17,103,105,142,190,188,186,176,42,47,132,166,123,44];False
2300;8336;10636;[4,67,193,48,10,1,91,129,8,84,122,73,174,135,21,99,16,77,112,71,56,18,62,120,24,197,26,9,143,20,3,2,121,160,92,49,130,22,38,34,124,94,75,12,165,153,187,127,39,107,87,76,50,53,93,23,30,134,58,86,69,64,101,151,54,158,199,6,117,98,25,110,81,52,182,28,162,78,60,79,185,148,167,61,41,36,46,131,59,133,96,157,138,178,164,173,66,126,198,159,140,118,109,29,154,156,106,19,108,146,43,128,85,152,111,83,181,82,192,139,33,13,172,195,40,37,15,35,88,145,189,194,31,171,116,57,0,113,196,89,5,141,119,74,183,170,51,72,147,65,102,115,14,45,55,155,184,161,80,114,177,169,191,11,104,180,163,63,95,137,90,125,149,32,68,97,100,7,175,179,27,150,136,144,70,168,17,103,105,142,190,188,186,176,42,47,132,166,123,44];False
2413;8223;10636;[4,67,193,48,10,1,91,129,8,84,122,73,174,135,21,99,16,77,112,71,56,18,62,120,24,197,26,9,143,20,3,2,121,160,92,49,130,22,38,34,124,94,75,12,165,153,187,127,39,107,87,76,50,53,93,23,30,134,58,86,69,64,101,151,54,158,199,6,117,98,25,110,81,52,182,28,162,78,60,79,185,148,167,61,41,36,46,131,59,133,96,157,138,178,164,173,66,126,198,159,140,118,109,29,154,156,106,19,108,146,43,128,85,152,111,83,181,82,192,139,33,13,172,195,40,37,11,35,88,145,189,194,31,171,116,57,0,113,196,89,5,141,119,74,183,63,51,72,147,65,102,115,14,45,55,155,184,161,80,114,177,169,191,15,104,180,163,170,95,137,90,125,149,32,68,97,100,7,175,179,27,150,136,144,70,168,17,103,105,142,190,188,186,176,42,47,132,166,123,44];False
2372;8264;10636;[4,67,193,48,10,1,91,129,8,84,122,73,174,135,21,99,16,77,112,71,56,18,62,120,24,197,26,9,143,20,3,2,132,160,92,49,130,22,38,34,124,94,75,12,165,153,187,127,39,107,87,76,50,53,93,23,30,134,58,86,69,64,101,151,54,158,199,6,117,98,25,110,81,52,182,28,162,78,60,79,185,148,167,61,41,36,46,131,59,133,96,157,138,178,164,173,66,126,198,159,140,118,109,29,154,156,106,19,108,146,43,128,85,152,111,83,181,82,192,139,33,13,172,195,40,37,15,35,88,145,189,194,31,171,116,57,0,113,196,89,5,141,119,74,183,63,51,72,147,65,102,115,14,45,55,155,184,161,80,114,177,169,191,11,104,180,163,170,95,137,90,125,149,32,68,97,100,7,175,179,27,150,136,144,70,168,17,103,105,142,190,188,186,176,42,47,121,166,123,44];False
2373;8263;10636;[4,67,193,48,10,1,91,129,8,84,122,73,174,135,21,99,16,77,112,71,56,18,62,120,24,197,26,9,143,20,3,2,121,160,92,49,130,22,38,34,124,94,75,12,165,153,187,127,39,107,87,36,50,53,93,23,30,134,58,86,69,64,101,151,54,158,199,6,117,98,25,110,81,52,182,28,162,78,60,79,185,148,167,61,41,76,46,131,59,133,96,157,138,178,164,173,66,126,198,159,140,118,109,29,154,156,106,19,108,146,43,128,85,152,111,83,181,82,192,139,33,13,172,195,40,37,15,35,88,145,189,194,31,171,116,57,0,113,196,89,5,141,119,74,183,63,51,72,147,65,102,115,14,45,55,155,184,161,80,114,177,169,191,11,104,180,163,170,95,137,90,125,149,32,68,97,100,7,175,179,27,150,136,144,70,168,17,103,105,142,190,188,186,176,42,47,132,166,123,44];False
2374;8261;10635;[4,67,193,48,10,1,91,129,8,84,122,73,174,135,21,99,16,110,112,71,56,18,62,120,24,197,26,9,143,20,3,2,121,160,92,49,130,22,38,34,124,94,75,12,165,153,187,127,39,107,87,76,50,53,93,23,30,134,58,86,69,64,101,151,54,158,199,6,117,98,25,77,81,52,182,28,162,78,60,79,185,148,167,61,41,36,46,131,59,133,96,157,138,178,164,173,66,126,198,159,140,118,109,29,154,156,106,19,108,146,43,128,85,152,111,83,181,82,192,139,33,13,172,195,40,37,15,35,88,145,189,194,31,171,116,57,0,113,196,89,5,141,119,74,183,63,51,72,147,65,102,115,14,45,55,155,184,161,80,114,177,169,191,11,104,180,163,170,95,137,90,125,149,32,68,97,100,7,175,179,27,150,136,144,70,168,17,103,105,142,190,188,186,176,42,47,132,166,123,44];False
2375;8260;10635;[4,67,193,48,10,1,91,129,8,84,122,73,174,135,21,99,16,77,112,71,56,18,62,120,24,197,26,9,143,20,3,2,121,160,92,49,130,22,38,34,124,94,75,12,165,153,187,127,39,107,87,76,50,53,93,23,30,134,58,86,69,64,101,151,54,158,199,79,117,98,25,110,81,52,182,28,162,78,60,6,185,148,167,61,41,36,46,131,59,133,96,157,138,178,164,173,66,126,198,159,140,118,109,29,154,156,106,19,108,146,43,128,85,152,111,83,181,82,192,139,33,13,172,195,40,37,15,35,88,145,189,194,31,171,116,57,0,113,196,89,5,141,119,74,183,63,51,72,147,65,102,115,14,45,55,155,184,161,80,114,177,169,191,11,104,180,163,170,95,137,90,125,149,32,68,97,100,7,175,179,27,150,136,144,70,168,17,103,105,142,190,188,186,176,42,47,132,166,123,44];False
2388;8247;10635;[4,67,193,48,10,1,91,129,8,84,122,73,174,135,21,99,16,77,112,71,56,18,62,120,24,197,26,9,143,20,3,2,121,160,92,49,130,22,38,34,124,94,75,12,165,153,187,127,39,107,87,76,50,53,93,23,30,134,58,86,69,64,101,151,54,158,199,6,117,98,25,110,81,52,182,28,162,78,60,79,185,148,167,61,41,36,46,131,59,133,96,157,138,178,164,173,66,126,198,159,140,118,109,29,154,156,106,19,108,146,43,128,85,152,111,83,181,82,192,139,33,13,172,195,40,37,15,35,88,145,189,194,31,171,116,57,0,113,196,89,5,141,119,74,183,63,51,72,147,65,102,149,14,45,55,155,184,161,80,114,177,169,191,11,104,180,163,170,95,137,90,125,115,32,68,97,100,7,175,179,27,150,136,144,70,168,17,103,105,142,190,188,186,176,42,47,132,166,123,44];False
2368;8267;10635;[121,67,193,48,10,1,91,129,8,84,122,73,174,135,21,99,16,77,112,71,56,18,62,120,24,197,26,9,143,20,3,2,4,160,92,49,130,22,38,34,124,94,75,12,165,153,187,127,39,107,87,76,50,53,93,23,30,134,58,86,69,64,101,151,54,158,199,6,117,98,25,110,81,52,182,28,162,78,60,79,185,148,167,61,41,36,46,131,59,133,96,157,138,178,164,173,66,126,198,159,140,118,109,29,154,156,106,19,108,146,43,128,85,152,111,83,181,82,192,139,33,13,172,195,40,37,15,35,88,145,189,194,31,171,116,57,0,113,196,89,5,141,119,74,183,63,51,72,147,65,102,115,14,45,55,155,184,161,80,114,177,169,191,11,104,180,163,170,95,137,90,125,149,32,68,97,100,7,175,179,27,150,136,144,70,168,17,103,105,142,190,188,186,176,42,47,132,166,123,44];False
2344;8291;10635;[4,67,193,48,10,1,91,129,8,84,122,73,174,135,21,99,16,77,112,71,56,18,62,120,24,197,26,9,143,20,3,2,121,160,92,49,130,22,38,34,124,94,75,12,165,153,187,127,39,107,87,76,50,53,93,23,30,134,58,86,69,64,101,151,54,158,199,6,117,98,25,110,81,52,182,28,162,78,60,79,185,148,167,61,41,36,46,131,59,133,96,157,138,178,164,173,66,126,198,159,140,118,109,29,154,156,106,19,108,146,43,128,85,152,111,83,163,82,192,139,33,13,172,195,40,37,15,35,88,145,189,194,31,171,116,57,0,113,196,89,5,141,119,74,183,63,51,72,147,65,102,115,14,45,55,155,184,161,80,114,177,169,191,11,104,180,181,170,95,137,90,125,149,32,68,97,100,7,175,179,27,150,136,144,70,168,17,103,105,142,190,188,186,176,42,47,132,166,123,44];False
2350;8285;10635;[4,67,193,48,10,1,91,129,8,84,122,73,174,135,21,99,16,77,112,71,56,18,62,120,24,197,26,9,143,20,3,2,121,160,92,49,130,22,38,34,124,94,75,12,165,153,187,127,39,107,87,76,50,53,93,23,30,134,58,86,69,64,101,78,54,158,199,6,117,98,25,110,81,52,182,28,162,151,60,79,185,148,167,61,41,36,46,131,59,133,96,157,138,178,164,173,66,126,198,159,140,118,109,29,154,156,106,19,108,146,43,128,85,152,111,83,181,82,192,139,33,13,172,195,40,37,15,35,88,145,189,194,31,171,116,57,0,113,196,89,5,141,119,74,183,63,51,72,147,65,102,115,14,45,55,155,184,161,80,114,177,169,191,11,104,180,163,170,95,137,90,125,149,32,68,97,100,7,175,179,27,150,136,144,70,168,17,103,105,142,190,188,186,176,42,47,132,166,123,44];False
2331;8304;10635;[4,67,193,48,10,1,91,129,8,84,122,73,174,135,21,99,16,77,112,71,56,18,62,120,24,197,26,9,143,20,3,2,121,160,92,49,130,22,38,34,124,94,75,12,165,153,187,127,39,107,87,76,50,53,93,23,30,134,58,86,69,64,101,151,54,158,199,6,117,98,25,110,81,52,182,28,162,78,60,79,185,148,167,61,41,36,46,131,59,133,96,157,138,178,164,173,66,126,198,159,140,118,109,29,154,156,106,19,108,146,43,128,85,152,111,83,181,82,192,139,33,13,172,195,40,37,15,35,88,145,189,194,31,171,116,57,0,113,196,89,5,141,119,74,183,63,51,72,147,65,102,115,14,45,55,155,184,161,80,114,177,169,191,11,104,180,163,170,95,137,90,125,149,17,68,97,100,7,175,179,27,150,136,144,70,168,32,103,105,142,190,188,186,176,42,47,132,166,123,44];False
2368;8267;10635;[4,28,193,48,10,1,91,129,8,84,122,73,174,135,21,99,16,77,112,71,56,18,62,120,24,197,26,9,143,20,3,2,121,160,92,49,130,22,38,34,124,94,75,12,165,153,187,127,39,107,87,76,50,53,93,23,30,134,58,86,69,64,101,151,54,158,199,6,117,98,25,110,81,52,182,67,162,78,60,79,185,148,167,61,41,36,46,131,59,133,96,157,138,178,164,173,66,126,198,159,140,118,109,29,154,156,106,19,108,146,43,128,85,152,111,83,181,82,192,139,33,13,172,195,40,37,15,35,88,145,189,194,31,171,116,57,0,113,196,89,5,141,119,74,183,63,51,72,147,65,102,115,14,45,55,155,184,161,80,114,177,169,191,11,104,180,163,170,95,137,90,125,149,32,68,97,100,7,175,179,27,150,136,144,70,168,17,103,105,142,190,188,186,176,42,47,132,166,123,44];False
2337;8298;10635;[4,67,193,48,10,1,91,129,8,84,122,73,174,135,21,99,16,77,112,71,56,18,62,120,24,151,26,9,143,20,3,2,121,160,92,49,130,22,38,34,124,94,75,12,165,153,187,127,39,107,87,76,50,53,93,23,30,134,58,86,69,64,101,197,54,158,199,6,117,98,25,110,81,52,182,28,162,78,60,79,185,148,167,61,41,36,46,131,59,133,96,157,138,178,164,173,66,126,198,159,140,118,109,29,154,156,106,19,108,146,43,128,85,152,111,83,181,82,192,139,33,13,172,195,40,37,15,35,88,145,189,194,31,171,116,57,0,113,196,89,5,141,119,74,183,63,51,72,147,65,102,115,14,45,55,155,184,161,80,114,177,169,191,11,104,180,163,170,95,137,90,125,149,32,68,97,100,7,175,179,27,150,136,144,70,168,17,103,105,142,190,188,186,176,42,47,132,166,123,44];False
2385;8250;10635;[4,67,193,48,10,1,91,129,8,84,122,73,174,135,21,99,16,77,112,71,56,18,62,120,24,197,26,9,143,171,3,2,121,160,92,49,130,22,38,34,124,94,75,12,165,153,187,127,39,107,87,76,50,53,93,23,30,134,58,86,69,64,101,151,54,158,199,6,117,98,25,110,81,52,182,28,162,78,60,79,185,148,167,61,41,36,46,131,59,133,96,157,138,178,164,173,66,126,198,159,140,118,109,29,154,156,106,19,108,146,43,128,85,152,111,83,181,82,192,139,33,13,172,195,40,37,15,35,88,145,189,194,31,20,116,57,0,113,196,89,5,141,119,74,183,63,51,72,147,65,102,115,14,45,55,155,184,161,80,114,177,169,191,11,104,180,163,170,95,137,90,125,149,32,68,97,100,7,175,179,27,150,136,144,70,168,17,103,105,142,190,188,186,176,42,47,132,166,123,44];False
2351;8283;10634;[4,67,193,48,10,1,91,129,8,84,122,73,174,135,21,99,16,77,112,71,56,18,62,120,24,197,26,9,143,20,3,2,121,160,92,49,130,22,38,131,124,94,75,12,165,153,187,127,39,107,87,76,50,53,93,23,30,134,58,86,69,64,101,151,54,158,199,6,117,98,25,110,81,52,182,28,162,78,60,79,185,148,167,61,41,36,46,34,59,133,96,157,138,178,164,173,66,126,198,159,140,118,109,29,154,156,106,19,108,146,43,128,85,152,111,83,181,82,192,139,33,13,172,195,40,37,15,35,88,145,189,194,31,171,116,57,0,113,196,89,5,141,119,74,183,63,51,72,147,65,102,115,14,45,55,155,184,161,80,114,177,169,191,11,104,180,163,170,95,137,90,125,149,32,68,97,100,7,175,179,27,150,136,144,70,168,17,103,105,142,190,188,186,176,42,47,132,166,123,44];False
2371;8263;10634;[4,67,193,48,10,1,91,129,8,84,122,73,174,135,21,99,16,77,112,71,56,18,62,120,24,197,26,9,143,20,3,2,121,160,92,49,130,22,38,34,124,94,75,12,165,153,187,127,39,107,87,76,50,53,93,23,30,134,58,86,69,64,101,151,54,158,199,6,117,98,25,110,81,52,182,28,162,78,60,79,185,148,167,61,41,36,46,131,59,133,96,157,138,178,164,173,66,126,198,159,140,118,109,29,154,156,106,19,108,146,43,128,85,163,111,83,181,82,192,139,33,13,172,195,40,37,15,35,88,145,189,194,31,171,116,57,0,113,196,89,5,141,119,74,183,63,51,72,147,65,102,115,14,45,55,155,184,161,80,114,177,169,191,11,104,180,152,170,95,137,90,125,149,32,68,97,100,7,175,179,27,150,136,144,70,168,17,103,105,142,190,188,186,176,42,47,132,166,123,44];False
2359;8275;10634;[4,67,193,48,10,1,91,129,8,84,122,73,174,135,21,99,16,77,112,71,56,18,62,120,24,197,26,9,143,20,3,2,121,160,92,49,130,22,38,34,124,94,75,12,165,153,187,127,39,107,87,76,50,53,93,23,30,134,58,86,69,64,101,151,54,158,199,6,117,98,25,110,81,52,182,28,162,78,60,79,185,148,167,61,41,36,46,131,59,133,96,157,138,178,164,173,66,40,198,159,140,118,109,29,154,156,106,19,108,146,43,128,85,152,111,83,181,82,192,139,33,13,172,195,126,37,15,35,88,145,189,194,31,171,116,57,0,113,196,89,5,141,119,74,183,63,51,72,147,65,102,115,14,45,55,155,184,161,80,114,177,169,191,11,104,180,163,170,95,137,90,125,149,32,68,97,100,7,175,179,27,150,136,144,70,168,17,103,105,142,190,188,186,176,42,47,132,166,123,44];False
2317;8317;10634;[4,67,193,48,10,1,91,129,8,84,122,73,174,135,21,99,16,77,112,71,56,18,62,120,24,197,26,9,143,20,3,2,121,160,92,49,130,22,38,34,124,94,75,12,165,153,187,127,39,107,87,76,50,53,93,23,30,134,58,86,69,64,101,151,54,158,199,6,117,109,25,110,81,52,182,28,162,78,60,79,185,148,167,61,41,36,46,131,59,133,96,157,138,178,164,173,66,126,198,159,140,118,98,29,154,156,106,19,108,146,43,128,85,152,111,83,181,82,192,139,33,13,172,195,40,37,15,35,88,145,189,194,31,171,116,57,0,113,196,89,5,141,119,74,183,63,51,72,147,65,102,115,14,45,55,155,184,161,80,114,177,169,191,11,104,180,163,170,95,137,90,125,149,32,68,97,100,7,175,179,27,150,136,144,70,168,17,103,105,142,190,188,186,176,42,47,132,166,123,44];False
2367;8267;10634;[4,67,193,48,10,1,91,129,8,84,122,73,174,135,21,99,16,77,112,71,56,18,62,120,24,197,26,9,143,20,3,2,121,160,92,49,130,22,38,34,124,94,75,12,165,153,187,127,39,107,87,76,50,53,93,23,30,134,58,86,69,64,101,151,54,158,199,6,117,98,25,110,81,52,182,28,162,78,60,79,185,148,167,61,41,36,46,131,59,133,96,157,138,178,164,173,66,126,198,159,140,118,109,29,154,68,106,19,108,146,43,128,85,152,111,83,181,82,192,139,33,13,172,195,40,37,15,35,88,145,189,194,31,171,116,57,0,113,196,89,5,141,119,74,183,63,51,72,147,65,102,115,14,45,55,155,184,161,80,114,177,169,191,11,104,180,163,170,95,137,90,125,149,32,156,97,100,7,175,179,27,150,136,144,70,168,17,103,105,142,190,188,186,176,42,47,132,166,123,44];False
2340;8294;10634;[4,67,193,48,10,1,91,129,8,84,122,73,174,135,21,99,16,77,112,71,56,18,62,120,24,197,26,9,143,20,3,2,121,160,92,49,130,22,38,34,124,94,75,12,165,153,187,127,39,107,87,76,50,53,93,23,30,134,58,86,69,64,101,151,54,158,199,6,117,98,25,110,81,52,182,28,162,78,60,79,95,148,167,61,41,36,46,131,59,133,96,157,138,178,164,173,66,126,198,159,140,118,109,29,154,156,106,19,108,146,43,128,85,152,111,83,181,82,192,139,33,13,172,195,40,37,15,35,88,145,189,194,31,171,116,57,0,113,196,89,5,141,119,74,183,63,51,72,147,65,102,115,14,45,55,155,184,161,80,114,177,169,191,11,104,180,163,170,185,137,90,125,149,32,68,97,100,7,175,179,27,150,136,144,70,168,17,103,105,142,190,188,186,176,42,47,132,166,123,44];False
2372;8262;10634;[4,67,193,48,10,1,91,129,8,84,122,73,174,135,21,99,16,77,112,71,56,18,62,120,24,197,26,9,143,20,3,2,121,160,92,49,130,22,38,34,124,94,75,12,165,153,187,127,39,107,87,76,50,53,93,23,30,134,58,86,69,64,101,151,54,158,199,6,117,98,25,110,81,52,182,28,162,78,60,79,185,148,167,61,41,36,46,131,59,133,96,157,138,178,164,173,66,109,198,159,140,118,126,29,154,156,106,19,108,146,43,128,85,152,111,83,181,82,192,139,33,13,172,195,40,37,15,35,88,145,189,194,31,171,116,57,0,113,196,89,5,141,119,74,183,63,51,72,147,65,102,115,14,45,55,155,184,161,80,114,177,169,191,11,104,180,163,170,95,137,90,125,149,32,68,97,100,7,175,179,27,150,136,144,70,168,17,103,105,142,190,188,186,176,42,47,132,166,123,44];False
2384;8250;10634;[4,67,193,48,10,1,91,129,8,84,122,73,174,135,21,99,16,77,112,71,56,18,62,120,24,197,26,9,143,20,3,2,121,160,92,49,130,22,38,34,124,94,75,12,165,153,187,127,39,107,87,76,50,53,93,23,30,134,58,86,69,64,101,151,54,158,199,6,161,98,25,110,81,52,182,28,162,78,60,79,185,148,167,61,41,36,46,131,59,133,96,157,138,178,164,173,66,126,198,159,140,118,109,29,154,156,106,19,108,146,43,128,85,152,111,83,181,82,192,139,33,13,172,195,40,37,15,35,88,145,189,194,31,171,116,57,0,113,196,89,5,141,119,74,183,63,51,72,147,65,102,115,14,45,55,155,184,117,80,114,177,169,191,11,104,180,163,170,95,137,90,125,149,32,68,97,100,7,175,179,27,150,136,144,70,168,17,103,105,142,190,188,186,176,42,47,132,166,123,44];False
2363;8270;10633;[14,67,193,48,10,1,91,129,8,84,122,73,174,135,21,99,16,77,112,71,56,18,62,120,24,197,26,9,143,20,3,2,121,160,92,49,130,22,38,34,124,94,75,12,165,153,187,127,39,107,87,76,50,53,93,23,30,134,58,86,69,64,101,151,54,158,199,6,117,98,25,110,81,52,182,28,162,78,60,79,185,148,167,61,41,36,46,131,59,133,96,157,138,178,164,173,66,126,198,159,140,118,109,29,154,156,106,19,108,146,43,128,85,152,111,83,181,82,192,139,33,13,172,195,40,37,15,35,88,145,189,194,31,171,116,57,0,113,196,89,5,141,119,74,183,63,51,72,147,65,102,115,4,45,55,155,184,161,80,114,177,169,191,11,104,180,163,170,95,137,90,125,149,32,68,97,100,7,175,179,27,150,136,144,70,168,17,103,105,142,190,188,186,176,42,47,132,166,123,44];False
2363;8270;10633;[4,67,193,48,10,1,91,129,8,84,122,73,174,135,21,99,16,77,112,71,56,18,62,120,24,197,26,9,143,20,3,2,121,160,92,49,130,22,38,34,124,94,75,12,165,153,187,127,39,107,87,76,50,53,93,23,30,134,58,86,69,64,101,151,54,158,199,6,117,98,25,110,81,52,182,28,162,78,60,79,185,148,167,61,41,36,46,131,59,133,96,157,138,178,164,173,66,126,198,159,140,118,109,29,154,156,106,19,108,146,43,128,85,152,111,83,181,82,192,139,33,13,172,195,40,37,15,35,88,145,189,194,31,171,116,57,0,113,196,89,5,141,119,188,183,63,51,72,147,65,102,115,14,45,55,155,184,161,80,114,177,169,191,11,104,180,163,170,95,137,90,125,149,32,68,97,100,7,175,179,27,150,136,144,70,168,17,103,105,142,190,74,186,176,42,47,132,166,123,44];False
2357;8276;10633;[45,67,193,48,10,1,91,129,8,84,122,73,174,135,21,99,16,77,112,71,56,18,62,120,24,197,26,9,143,20,3,2,121,160,92,49,130,22,38,34,124,94,75,12,165,153,187,127,39,107,87,76,50,53,93,23,30,134,58,86,69,64,101,151,54,158,199,6,117,98,25,110,81,52,182,28,162,78,60,79,185,148,167,61,41,36,46,131,59,133,96,157,138,178,164,173,66,126,198,159,140,118,109,29,154,156,106,19,108,146,43,128,85,152,111,83,181,82,192,139,33,13,172,195,40,37,15,35,88,145,189,194,31,171,116,57,0,113,196,89,5,141,119,74,183,63,51,72,147,65,102,115,14,4,55,155,184,161,80,114,177,169,191,11,104,180,163,170,95,137,90,125,149,32,68,97,100,7,175,179,27,150,136,144,70,168,17,103,105,142,190,188,186,176,42,47,132,166,123,44];False
2424;8209;10633;[4,67,193,48,10,1,91,129,8,84,122,73,174,135,21,99,16,77,112,71,56,18,62,120,24,197,26,9,143,20,3,2,121,160,92,49,130,22,38,34,124,94,75,12,165,153,187,127,39,107,87,76,50,53,93,23,30,134,58,86,69,64,101,151,54,158,199,6,117,98,25,110,81,52,182,28,162,78,60,79,185,148,167,61,41,36,46,131,59,133,96,157,138,178,164,173,66,126,198,146,140,118,109,29,154,156,106,19,108,159,43,128,85,152,111,83,181,82,192,139,33,13,172,195,40,37,15,35,88,145,189,194,31,171,116,57,0,113,196,89,5,141,119,74,183,63,51,72,147,65,102,115,14,45,55,155,184,161,80,114,177,169,191,11,104,180,163,170,95,137,90,125,149,32,68,97,100,7,175,179,27,150,136,144,70,168,17,103,105,142,190,188,186,176,42,47,132,166,123,44];True
2323;8310;10633;[199,67,193,48,10,1,91,129,8,84,122,73,174,135,21,99,16,77,112,71,56,18,62,120,24,197,26,9,143,20,3,2,121,160,92,49,130,22,38,34,124,94,75,12,165,153,187,127,39,107,87,76,50,53,93,23,30,134,58,86,69,64,101,151,54,158,4,6,117,98,25,110,81,52,182,28,162,78,60,79,185,148,167,61,41,36,46,131,59,133,96,157,138,178,164,173,66,126,198,159,140,118,109,29,154,156,106,19,108,146,43,128,85,152,111,83,181,82,192,139,33,13,172,195,40,37,15,35,88,145,189,194,31,171,116,57,0,113,196,89,5,141,119,74,183,63,51,72,147,65,102,115,14,45,55,155,184,161,80,114,177,169,191,11,104,180,163,170,95,137,90,125,149,32,68,97,100,7,175,179,27,150,136,144,70,168,17,103,105,142,190,188,186,176,42,47,132,166,123,44];False
2349;8284;10633;[4,67,193,48,10,1,91,129,8,84,122,73,174,135,21,99,16,77,112,71,56,18,62,120,24,197,26,9,143,20,3,2,121,160,92,49,130,22,38,34,124,94,75,12,165,153,187,127,39,107,87,76,50,53,93,23,30,134,58,86,69,64,101,151,54,158,199,6,117,98,25,110,81,52,182,28,162,137,60,79,185,148,167,61,41,36,46,131,59,133,96,157,138,178,164,173,66,126,198,159,140,118,109,29,154,156,106,19,108,146,43,128,85,152,111,83,181,82,192,139,33,13,172,195,40,37,15,35,88,145,189,194,31,171,116,57,0,113,196,89,5,141,119,74,183,63,51,72,147,65,102,115,14,45,55,155,184,161,80,114,177,169,191,11,104,180,163,170,95,78,90,125,149,32,68,97,100,7,175,179,27,150,136,144,70,168,17,103,105,142,190,188,186,176,42,47,132,166,123,44];False
2348;8285;10633;[4,67,193,48,10,1,91,129,8,84,122,73,174,135,21,99,16,77,112,71,56,18,62,120,24,197,26,9,143,20,3,2,121,160,92,49,130,22,38,34,124,94,75,12,19,153,187,127,39,107,87,76,50,53,93,23,30,134,58,86,69,64,101,151,54,158,199,6,117,98,25,110,81,52,182,28,162,78,60,79,185,148,167,61,41,36,46,131,59,133,96,157,138,178,164,173,66,126,198,159,140,118,109,29,154,156,106,165,108,146,43,128,85,152,111,83,181,82,192,139,33,13,172,195,40,37,15,35,88,145,189,194,31,171,116,57,0,113,196,89,5,141,119,74,183,63,51,72,147,65,102,115,14,45,55,155,184,161,80,114,177,169,191,11,104,180,163,170,95,137,90,125,149,32,68,97,100,7,175,179,27,150,136,144,70,168,17,103,105,142,190,188,186,176,42,47,132,166,123,44];False
2370;8263;10633;[4,67,193,48,10,1,91,129,8,84,122,73,174,135,21,99,16,77,112,71,56,18,62,120,24,197,26,9,143,20,3,2,121,160,92,49,130,22,38,34,124,94,75,12,165,153,187,127,39,107,87,76,50,53,93,23,30,134,58,86,69,64,101,151,54,158,199,6,117,98,25,110,81,52,182,28,162,78,60,79,185,148,167,61,41,36,46,131,59,133,96,157,139,178,164,173,66,126,198,159,140,118,109,29,154,156,106,19,108,146,43,128,85,152,111,83,181,82,192,138,33,13,172,195,40,37,15,35,88,145,189,194,31,171,116,57,0,113,196,89,5,141,119,74,183,63,51,72,147,65,102,115,14,45,55,155,184,161,80,114,177,169,191,11,104,180,163,170,95,137,90,125,149,32,68,97,100,7,175,179,27,150,136,144,70,168,17,103,105,142,190,188,186,176,42,47,132,166,123,44];False
2335;8298;10633;[4,67,193,48,10,1,91,129,8,84,122,73,174,135,88,99,16,77,112,71,56,18,62,120,24,197,26,9,143,20,3,2,121,160,92,49,130,22,38,34,124,94,75,12,165,153,187,127,39,107,87,76,50,53,93,23,30,134,58,86,69,64,101,151,54,158,199,6,117,98,25,110,81,52,182,28,162,78,60,79,185,148,167,61,41,36,46,131,59,133,96,157,138,178,164,173,66,126,198,159,140,118,109,29,154,156,106,19,108,146,43,128,85,152,111,83,181,82,192,139,33,13,172,195,40,37,15,35,21,145,189,194,31,171,116,57,0,113,196,89,5,141,119,74,183,63,51,72,147,65,102,115,14,45,55,155,184,161,80,114,177,169,191,11,104,180,163,170,95,137,90,125,149,32,68,97,100,7,175,179,27,150,136,144,70,168,17,103,105,142,190,188,186,176,42,47,132,166,123,44];False
2329;8304;10633;[4,67,193,48,10,1,91,129,8,84,122,73,174,135,21,99,16,77,112,71,56,18,62,120,24,197,26,9,143,20,3,2,121,160,92,49,130,22,38,34,124,94,75,12,165,153,187,127,39,107,87,76,50,53,93,23,30,134,58,86,69,64,101,151,54,158,199,6,117,98,25,110,81,52,182,28,162,78,60,79,185,148,167,61,41,36,46,131,59,190,96,157,138,178,164,173,66,126,198,159,140,118,109,29,154,156,106,19,108,146,43,128,85,152,111,83,181,82,192,139,33,13,172,195,40,37,15,35,88,145,189,194,31,171,116,57,0,113,196,89,5,141,119,74,183,63,51,72,147,65,102,115,14,45,55,155,184,161,80,114,177,169,191,11,104,180,163,170,95,137,90,125,149,32,68,97,100,7,175,179,27,150,136,144,70,168,17,103,105,142,133,188,186,176,42,47,132,166,123,44];False
2349;8284;10633;[4,67,193,48,10,1,8,129,91,84,122,73,174,135,21,99,16,77,112,71,56,18,62,120,24,197,26,9,143,20,3,2,121,160,92,49,130,22,38,34,124,94,75,12,165,153,187,127,39,107,87,76,50,53,93,23,30,134,58,86,69,64,101,151,54,158,199,6,117,98,25,110,81,52,182,28,162,78,60,79,185,148,167,61,41,36,46,131,59,133,96,157,138,178,164,173,66,126,198,159,140,118,109,29,154,156,106,19,108,146,43,128,85,152,111,83,181,82,192,139,33,13,172,195,40,37,15,35,88,145,189,194,31,171,116,57,0,113,196,89,5,141,119,74,183,63,51,72,147,65,102,115,14,45,55,155,184,161,80,114,177,169,191,11,104,180,163,170,95,137,90,125,149,32,68,97,100,7,175,179,27,150,136,144,70,168,17,103,105,142,190,188,186,176,42,47,132,166,123,44];False
2390;8243;10633;[4,67,193,48,10,1,91,129,8,84,122,73,174,135,21,99,16,77,112,71,56,18,62,120,24,197,26,9,143,20,3,2,121,160,92,49,130,22,38,34,124,94,75,12,165,153,187,127,39,107,87,76,50,53,93,23,30,134,133,86,69,64,101,151,54,158,199,6,117,98,25,110,81,52,182,28,162,78,60,79,185,148,167,61,41,36,46,131,59,58,96,157,138,178,164,173,66,126,198,159,140,118,109,29,154,156,106,19,108,146,43,128,85,152,111,83,181,82,192,139,33,13,172,195,40,37,15,35,88,145,189,194,31,171,116,57,0,113,196,89,5,141,119,74,183,63,51,72,147,65,102,115,14,45,55,155,184,161,80,114,177,169,191,11,104,180,163,170,95,137,90,125,149,32,68,97,100,7,175,179,27,150,136,144,70,168,17,103,105,142,190,188,186,176,42,47,132,166,123,44];False
2381;8251;10632;[4,67,28,48,10,1,91,129,8,84,122,73,174,135,21,99,16,77,112,71,56,18,62,120,24,197,26,9,143,20,3,2,121,160,92,49,130,22,38,34,124,94,75,12,165,153,187,127,39,107,87,76,50,53,93,23,30,134,58,86,69,64,101,151,54,158,199,6,117,98,25,110,81,52,182,193,162,78,60,79,185,148,167,61,41,36,46,131,59,133,96,157,138,178,164,173,66,126,198,159,140,118,109,29,154,156,106,19,108,146,43,128,85,152,111,83,181,82,192,139,33,13,172,195,40,37,15,35,88,145,189,194,31,171,116,57,0,113,196,89,5,141,119,74,183,63,51,72,147,65,102,115,14,45,55,155,184,161,80,114,177,169,191,11,104,180,163,170,95,137,90,125,149,32,68,97,100,7,175,179,27,150,136,144,70,168,17,103,105,142,190,188,186,176,42,47,132,166,123,44];False
2362;8270;10632;[4,67,193,48,10,1,91,129,8,84,122,73,174,135,21,99,16,77,158,71,56,18,62,120,24,197,26,9,143,20,3,2,121,160,92,49,130,22,38,34,124,94,75,12,165,153,187,127,39,107,87,76,50,53,93,23,30,134,58,86,69,64,101,151,54,112,199,6,117,98,25,110,81,52,182,28,162,78,60,79,185,148,167,61,41,36,46,131,59,133,96,157,138,178,164,173,66,126,198,159,140,118,109,29,154,156,106,19,108,146,43,128,85,152,111,83,181,82,192,139,33,13,172,195,40,37,15,35,88,145,189,194,31,171,116,57,0,113,196,89,5,141,119,74,183,63,51,72,147,65,102,115,14,45,55,155,184,161,80,114,177,169,191,11,104,180,163,170,95,137,90,125,149,32,68,97,100,7,175,179,27,150,136,144,70,168,17,103,105,142,190,188,186,176,42,47,132,166,123,44];False
2334;8298;10632;[4,67,193,48,10,1,91,129,8,84,122,73,174,135,21,99,16,77,112,71,56,18,62,120,24,197,26,9,143,20,3,2,121,160,92,49,130,178,38,34,124,94,75,12,165,153,187,127,39,107,87,76,50,53,93,23,30,134,58,86,69,64,101,151,54,158,199,6,117,98,25,110,81,52,182,28,162,78,60,79,185,148,167,61,41,36,46,131,59,133,96,157,138,22,164,173,66,126,198,159,140,118,109,29,154,156,106,19,108,146,43,128,85,152,111,83,181,82,192,139,33,13,172,195,40,37,15,35,88,145,189,194,31,171,116,57,0,113,196,89,5,141,119,74,183,63,51,72,147,65,102,115,14,45,55,155,184,161,80,114,177,169,191,11,104,180,163,170,95,137,90,125,149,32,68,97,100,7,175,179,27,150,136,144,70,168,17,103,105,142,190,188,186,176,42,47,132,166,123,44];False
2403;8229;10632;[4,149,193,48,10,1,91,129,8,84,122,73,174,135,21,99,16,77,112,71,56,18,62,120,24,197,26,9,143,20,3,2,121,160,92,49,130,22,38,34,124,94,75,12,165,153,187,127,39,107,87,76,50,53,93,23,30,134,58,86,69,64,101,151,54,158,199,6,117,98,25,110,81,52,182,28,162,78,60,79,185,148,167,61,41,36,46,131,59,133,96,157,138,178,164,173,66,126,198,159,140,118,109,29,154,156,106,19,108,146,43,128,85,152,111,83,181,82,192,139,33,13,172,195,40,37,15,35,88,145,189,194,31,171,116,57,0,113,196,89,5,141,119,74,183,63,51,72,147,65,102,115,14,45,55,155,184,161,80,114,177,169,191,11,104,180,163,170,95,137,90,125,67,32,68,97,100,7,175,179,27,150,136,144,70,168,17,103,105,142,190,188,186,176,42,47,132,166,123,44];False
2378;8254;10632;[4,67,193,48,10,1,91,129,8,84,122,73,174,46,21,99,16,77,112,71,56,18,62,120,24,197,26,9,143,20,3,2,121,160,92,49,130,22,38,34,124,94,75,12,165,153,187,127,39,107,87,76,50,53,93,23,30,134,58,86,69,64,101,151,54,158,199,6,117,98,25,110,81,52,182,28,162,78,60,79,185,148,167,61,41,36,135,131,59,133,96,157,138,178,164,173,66,126,198,159,140,118,109,29,154,156,106,19,108,146,43,128,85,152,111,83,181,82,192,139,33,13,172,195,40,37,15,35,88,145,189,194,31,171,116,57,0,113,196,89,5,141,119,74,183,63,51,72,147,65,102,115,14,45,55,155,184,161,80,114,177,169,191,11,104,180,163,170,95,137,90,125,149,32,68,97,100,7,175,179,27,150,136,144,70,168,17,103,105,142,190,188,186,176,42,47,132,166,123,44];False
2390;8242;10632;[4,67,193,48,10,1,91,129,8,84,122,73,174,135,21,99,16,77,112,168,56,18,62,120,24,197,26,9,143,20,3,2,121,160,92,49,130,22,38,34,124,94,75,12,165,153,187,127,39,107,87,76,50,53,93,23,30,134,58,86,69,64,101,151,54,158,199,6,117,98,25,110,81,52,182,28,162,78,60,79,185,148,167,61,41,36,46,131,59,133,96,157,138,178,164,173,66,126,198,159,140,118,109,29,154,156,106,19,108,146,43,128,85,152,111,83,181,82,192,139,33,13,172,195,40,37,15,35,88,145,189,194,31,171,116,57,0,113,196,89,5,141,119,74,183,63,51,72,147,65,102,115,14,45,55,155,184,161,80,114,177,169,191,11,104,180,163,170,95,137,90,125,149,32,68,97,100,7,175,179,27,150,136,144,70,71,17,103,105,142,190,188,186,176,42,47,132,166,123,44];False
2265;8367;10632;[4,67,193,48,10,1,91,129,8,84,122,73,174,135,21,99,16,77,112,71,56,18,62,120,24,197,26,9,143,20,3,2,121,160,92,49,130,22,38,34,124,94,75,12,165,153,187,127,39,107,87,76,50,53,93,23,30,134,58,86,69,64,101,151,54,158,199,6,117,98,25,110,81,52,182,28,162,78,60,79,70,148,167,61,41,36,46,131,59,133,96,157,138,178,164,173,66,126,198,159,140,118,109,29,154,156,106,19,108,146,43,128,85,152,111,83,181,82,192,139,33,13,172,195,40,37,15,35,88,145,189,194,31,171,116,57,0,113,196,89,5,141,119,74,183,63,51,72,147,65,102,115,14,45,55,155,184,161,80,114,177,169,191,11,104,180,163,170,95,137,90,125,149,32,68,97,100,7,175,179,27,150,136,144,185,168,17,103,105,142,190,188,186,176,42,47,132,166,123,44];False
2346;8286;10632;[4,67,193,48,10,1,91,129,8,84,122,73,174,135,21,99,16,77,112,71,56,18,62,120,24,197,26,9,143,20,3,2,121,160,92,49,130,22,38,34,124,94,75,12,165,153,187,127,39,107,87,76,50,53,93,23,30,134,58,86,69,64,101,151,54,158,199,6,117,98,25,110,81,52,108,28,162,78,60,79,185,148,167,61,41,36,46,131,59,133,96,157,138,178,164,173,66,126,198,159,140,118,109,29,154,156,106,19,182,146,43,128,85,152,111,83,181,82,192,139,33,13,172,195,40,37,15,35,88,145,189,194,31,171,116,57,0,113,196,89,5,141,119,74,183,63,51,72,147,65,102,115,14,45,55,155,184,161,80,114,177,169,191,11,104,180,163,170,95,137,90,125,149,32,68,97,100,7,175,179,27,150,136,144,70,168,17,103,105,142,190,188,186,176,42,47,132,166,123,44];False
2379;8253;10632;[4,67,193,48,10,1,91,129,8,84,122,73,174,135,21,99,16,77,112,71,56,18,62,120,24,197,26,9,143,20,3,2,121,160,92,49,130,22,38,34,124,94,75,12,165,153,187,127,39,107,87,76,50,53,93,23,30,134,58,86,69,64,101,151,54,158,199,6,117,98,25,110,81,52,182,28,162,78,60,79,185,148,167,61,41,36,46,131,59,133,96,157,138,178,164,173,66,126,198,159,140,118,109,29,154,156,106,19,108,146,43,128,85,152,111,83,181,82,192,139,33,13,172,195,40,37,15,35,88,145,189,194,31,171,116,57,0,113,196,89,5,141,119,74,183,63,51,72,115,65,102,147,14,45,55,155,184,161,80,114,177,169,191,11,104,180,163,170,95,137,90,125,149,32,68,97,100,7,175,179,27,150,136,144,70,168,17,103,105,142,190,188,186,176,42,47,132,166,123,44];False
2341;8291;10632;[4,67,193,48,10,1,91,129,8,84,122,73,174,135,21,99,16,77,112,71,56,18,62,120,24,197,26,9,143,20,3,2,121,160,92,49,130,22,38,34,124,94,75,12,165,153,187,127,39,107,87,76,50,53,93,23,30,134,58,86,69,64,101,151,54,158,199,6,117,98,25,110,81,52,182,28,162,78,60,79,185,80,167,61,41,36,46,131,59,133,96,157,138,178,164,173,66,126,198,159,140,118,109,29,154,156,106,19,108,146,43,128,85,152,111,83,181,82,192,139,33,13,172,195,40,37,15,35,88,145,189,194,31,171,116,57,0,113,196,89,5,141,119,74,183,63,51,72,147,65,102,115,14,45,55,155,184,161,148,114,177,169,191,11,104,180,163,170,95,137,90,125,149,32,68,97,100,7,175,179,27,150,136,144,70,168,17,103,105,142,190,188,186,176,42,47,132,166,123,44];False
2370;8262;10632;[4,67,193,48,10,1,91,129,8,84,122,73,174,135,21,99,16,77,112,71,56,18,62,120,24,197,26,9,143,20,3,2,121,160,92,49,130,22,38,34,124,94,75,12,165,153,187,127,39,107,87,76,50,53,93,23,30,134,58,86,69,64,101,151,54,158,199,6,117,98,25,110,81,52,182,28,162,78,60,79,185,148,167,61,41,36,46,131,59,133,96,157,138,178,164,173,66,126,198,159,140,118,109,29,154,156,106,19,108,146,43,128,85,152,111,83,181,82,192,139,33,13,172,195,40,37,15,35,88,145,189,194,31,171,116,57,0,113,196,89,5,141,119,74,183,63,51,72,147,65,102,115,14,45,55,155,184,161,80,114,177,169,191,11,104,180,163,132,95,137,90,125,149,32,68,97,100,7,175,179,27,150,136,144,70,168,17,103,105,142,190,188,186,176,42,47,170,166,123,44];False
2362;8270;10632;[4,67,193,48,10,1,91,129,147,84,122,73,174,135,21,99,16,77,112,71,56,18,62,120,24,197,26,9,143,20,3,2,121,160,92,49,130,22,38,34,124,94,75,12,165,153,187,127,39,107,87,76,50,53,93,23,30,134,58,86,69,64,101,151,54,158,199,6,117,98,25,110,81,52,182,28,162,78,60,79,185,148,167,61,41,36,46,131,59,133,96,157,138,178,164,173,66,126,198,159,140,118,109,29,154,156,106,19,108,146,43,128,85,152,111,83,181,82,192,139,33,13,172,195,40,37,15,35,88,145,189,194,31,171,116,57,0,113,196,89,5,141,119,74,183,63,51,72,8,65,102,115,14,45,55,155,184,161,80,114,177,169,191,11,104,180,163,170,95,137,90,125,149,32,68,97,100,7,175,179,27,150,136,144,70,168,17,103,105,142,190,188,186,176,42,47,132,166,123,44];False
2357;8275;10632;[4,67,193,48,10,1,91,129,8,84,122,73,174,135,21,99,16,77,112,71,56,18,62,120,24,197,26,9,143,20,3,2,121,160,92,49,130,22,38,34,124,94,75,12,165,153,187,127,39,107,87,76,50,53,93,23,30,134,58,86,69,64,101,151,54,158,199,6,117,98,25,110,81,52,182,28,162,78,60,79,185,148,167,61,41,36,46,131,59,133,96,157,138,178,164,173,123,126,198,159,140,118,109,29,154,156,106,19,108,146,43,128,85,152,111,83,181,82,192,139,33,13,172,195,40,37,15,35,88,145,189,194,31,171,116,57,0,113,196,89,5,141,119,74,183,63,51,72,147,65,102,115,14,45,55,155,184,161,80,114,177,169,191,11,104,180,163,170,95,137,90,125,149,32,68,97,100,7,175,179,27,150,136,144,70,168,17,103,105,142,190,188,186,176,42,47,132,166,66,44];False
2361;8271;10632;[4,67,193,48,10,1,91,129,8,84,122,73,174,135,21,99,16,77,112,71,56,18,62,120,24,197,26,9,143,20,3,2,121,160,92,49,130,22,38,34,124,94,75,12,165,153,187,127,39,175,87,76,50,53,93,23,30,134,58,86,69,64,101,151,54,158,199,6,117,98,25,110,81,52,182,28,162,78,60,79,185,148,167,61,41,36,46,131,59,133,96,157,138,178,164,173,66,126,198,159,140,118,109,29,154,156,106,19,108,146,43,128,85,152,111,83,181,82,192,139,33,13,172,195,40,37,15,35,88,145,189,194,31,171,116,57,0,113,196,89,5,141,119,74,183,63,51,72,147,65,102,115,14,45,55,155,184,161,80,114,177,169,191,11,104,180,163,170,95,137,90,125,149,32,68,97,100,7,107,179,27,150,136,144,70,168,17,103,105,142,190,188,186,176,42,47,132,166,123,44];False
2322;8310;10632;[4,67,193,48,10,1,91,129,8,84,122,73,163,135,21,99,16,77,112,71,56,18,62,120,24,197,26,9,143,20,3,2,121,160,92,49,130,22,38,34,124,94,75,12,165,153,187,127,39,107,87,76,50,53,93,23,30,134,58,86,69,64,101,151,54,158,199,6,117,98,25,110,81,52,182,28,162,78,60,79,185,148,167,61,41,36,46,131,59,133,96,157,138,178,164,173,66,126,198,159,140,118,109,29,154,156,106,19,108,146,43,128,85,152,111,83,181,82,192,139,33,13,172,195,40,37,15,35,88,145,189,194,31,171,116,57,0,113,196,89,5,141,119,74,183,63,51,72,147,65,102,115,14,45,55,155,184,161,80,114,177,169,191,11,104,180,174,170,95,137,90,125,149,32,68,97,100,7,175,179,27,150,136,144,70,168,17,103,105,142,190,188,186,176,42,47,132,166,123,44];False
2353;8279;10632;[4,67,193,48,10,1,91,77,8,84,122,73,174,135,21,99,16,129,112,71,56,18,62,120,24,197,26,9,143,20,3,2,121,160,92,49,130,22,38,34,124,94,75,12,165,153,187,127,39,107,87,76,50,53,93,23,30,134,58,86,69,64,101,151,54,158,199,6,117,98,25,110,81,52,182,28,162,78,60,79,185,148,167,61,41,36,46,131,59,133,96,157,138,178,164,173,66,126,198,159,140,118,109,29,154,156,106,19,108,146,43,128,85,152,111,83,181,82,192,139,33,13,172,195,40,37,15,35,88,145,189,194,31,171,116,57,0,113,196,89,5,141,119,74,183,63,51,72,147,65,102,115,14,45,55,155,184,161,80,114,177,169,191,11,104,180,163,170,95,137,90,125,149,32,68,97,100,7,175,179,27,150,136,144,70,168,17,103,105,142,190,188,186,176,42,47,132,166,123,44];False
2375;8256;10631;[4,67,193,48,10,1,91,129,8,9,122,73,174,135,21,99,16,77,112,71,56,18,62,120,24,197,26,84,143,20,3,2,121,160,92,49,130,22,38,34,124,94,75,12,165,153,187,127,39,107,87,76,50,53,93,23,30,134,58,86,69,64,101,151,54,158,199,6,117,98,25,110,81,52,182,28,162,78,60,79,185,148,167,61,41,36,46,131,59,133,96,157,138,178,164,173,66,126,198,159,140,118,109,29,154,156,106,19,108,146,43,128,85,152,111,83,181,82,192,139,33,13,172,195,40,37,15,35,88,145,189,194,31,171,116,57,0,113,196,89,5,141,119,74,183,63,51,72,147,65,102,115,14,45,55,155,184,161,80,114,177,169,191,11,104,180,163,170,95,137,90,125,149,32,68,97,100,7,175,179,27,150,136,144,70,168,17,103,105,142,190,188,186,176,42,47,132,166,123,44];False
2340;8291;10631;[4,67,193,48,10,1,91,129,8,84,122,73,174,135,21,99,16,77,112,71,56,18,62,120,24,197,26,9,143,20,3,2,121,160,92,49,130,22,38,34,124,94,75,12,165,153,187,36,39,107,87,76,50,53,93,23,30,134,58,86,69,64,101,151,54,158,199,6,117,98,25,110,81,52,182,28,162,78,60,79,185,148,167,61,41,127,46,131,59,133,96,157,138,178,164,173,66,126,198,159,140,118,109,29,154,156,106,19,108,146,43,128,85,152,111,83,181,82,192,139,33,13,172,195,40,37,15,35,88,145,189,194,31,171,116,57,0,113,196,89,5,141,119,74,183,63,51,72,147,65,102,115,14,45,55,155,184,161,80,114,177,169,191,11,104,180,163,170,95,137,90,125,149,32,68,97,100,7,175,179,27,150,136,144,70,168,17,103,105,142,190,188,186,176,42,47,132,166,123,44];False
2369;8262;10631;[4,67,193,48,10,1,91,129,8,84,122,73,174,135,21,99,16,77,112,71,56,18,62,120,24,197,26,9,143,20,3,2,121,160,92,49,130,22,38,34,124,94,75,12,165,153,187,127,39,107,87,76,50,53,93,23,30,134,58,86,69,64,101,151,54,158,199,6,117,98,25,110,81,52,182,28,162,78,60,79,185,148,167,61,41,36,46,131,59,133,96,157,138,178,164,173,66,126,198,159,140,118,109,29,154,156,106,19,108,146,43,128,85,152,111,83,181,82,192,139,33,13,172,195,40,37,15,35,88,145,189,194,31,171,116,57,0,113,196,65,5,141,119,74,183,63,51,72,147,89,102,115,14,45,55,155,184,161,80,114,177,169,191,11,104,180,163,170,95,137,90,125,149,32,68,97,100,7,175,179,27,150,136,144,70,168,17,103,105,142,190,188,186,176,42,47,132,166,123,44];False
2337;8294;10631;[4,67,193,48,10,1,91,129,8,84,122,73,174,135,21,99,16,77,112,71,56,18,62,120,24,197,26,9,143,20,3,2,121,160,92,49,130,22,38,34,124,94,75,12,165,153,187,127,39,107,87,76,50,53,93,23,30,134,58,86,69,64,101,151,54,158,199,6,117,98,25,110,81,52,182,28,162,78,60,79,189,148,167,61,41,36,46,131,59,133,96,157,138,178,164,173,66,126,198,159,140,118,109,29,154,156,106,19,108,146,43,128,85,152,111,83,181,82,192,139,33,13,172,195,40,37,15,35,88,145,185,194,31,171,116,57,0,113,196,89,5,141,119,74,183,63,51,72,147,65,102,115,14,45,55,155,184,161,80,114,177,169,191,11,104,180,163,170,95,137,90,125,149,32,68,97,100,7,175,179,27,150,136,144,70,168,17,103,105,142,190,188,186,176,42,47,132,166,123,44];False
2359;8272;10631;[4,67,193,48,10,1,91,129,8,84,122,73,174,135,21,99,16,77,112,71,56,18,62,120,24,197,26,9,143,20,3,2,121,160,92,49,130,22,38,34,124,94,75,12,165,153,187,127,39,107,87,76,50,53,93,23,30,134,58,86,69,64,101,151,54,158,199,6,117,98,25,110,81,52,182,28,162,78,60,79,185,148,167,61,41,36,46,131,59,133,96,157,138,178,164,173,66,126,180,159,140,118,109,29,154,156,106,19,108,146,43,128,85,152,111,83,181,82,192,139,33,13,172,195,40,37,15,35,88,145,189,194,31,171,116,57,0,113,196,89,5,141,119,74,183,63,51,72,147,65,102,115,14,45,55,155,184,161,80,114,177,169,191,11,104,198,163,170,95,137,90,125,149,32,68,97,100,7,175,179,27,150,136,144,70,168,17,103,105,142,190,188,186,176,42,47,132,166,123,44];False
2356;8275;10631;[4,67,193,48,10,1,16,129,8,84,122,73,174,135,21,99,91,77,112,71,56,18,62,120,24,197,26,9,143,20,3,2,121,160,92,49,130,22,38,34,124,94,75,12,165,153,187,127,39,107,87,76,50,53,93,23,30,134,58,86,69,64,101,151,54,158,199,6,117,98,25,110,81,52,182,28,162,78,60,79,185,148,167,61,41,36,46,131,59,133,96,157,138,178,164,173,66,126,198,159,140,118,109,29,154,156,106,19,108,146,43,128,85,152,111,83,181,82,192,139,33,13,172,195,40,37,15,35,88,145,189,194,31,171,116,57,0,113,196,89,5,141,119,74,183,63,51,72,147,65,102,115,14,45,55,155,184,161,80,114,177,169,191,11,104,180,163,170,95,137,90,125,149,32,68,97,100,7,175,179,27,150,136,144,70,168,17,103,105,142,190,188,186,176,42,47,132,166,123,44];False
2362;8269;10631;[4,67,193,48,10,1,91,129,8,84,122,73,174,135,21,99,16,77,112,71,56,18,62,120,24,197,26,9,143,20,3,2,121,160,92,49,130,22,38,34,124,94,75,12,165,153,187,127,39,107,87,76,50,53,93,23,30,134,58,86,69,64,101,151,54,158,199,6,117,98,25,110,81,52,182,28,162,78,60,79,185,148,167,61,41,36,46,131,59,133,96,157,138,178,164,173,66,126,198,159,140,118,109,29,154,156,106,19,108,146,43,128,85,152,111,83,181,82,192,139,33,13,172,195,40,37,15,35,88,145,189,194,31,171,116,5,0,113,196,89,57,141,119,74,183,63,51,72,147,65,102,115,14,45,55,155,184,161,80,114,177,169,191,11,104,180,163,170,95,137,90,125,149,32,68,97,100,7,175,179,27,150,136,144,70,168,17,103,105,142,190,188,186,176,42,47,132,166,123,44];False
2346;8284;10630;[4,67,193,48,10,1,91,129,8,84,122,73,174,135,21,99,16,77,112,71,56,18,62,120,24,197,26,9,143,20,3,2,121,160,92,49,130,22,38,34,124,94,75,12,165,153,187,127,39,107,87,76,50,53,93,23,30,134,58,86,69,64,101,151,54,158,199,6,117,98,190,110,81,52,182,28,162,78,60,79,185,148,167,61,41,36,46,131,59,133,96,157,138,178,164,173,66,126,198,159,140,118,109,29,154,156,106,19,108,146,43,128,85,152,111,83,181,82,192,139,33,13,172,195,40,37,15,35,88,145,189,194,31,171,116,57,0,113,196,89,5,141,119,74,183,63,51,72,147,65,102,115,14,45,55,155,184,161,80,114,177,169,191,11,104,180,163,170,95,137,90,125,149,32,68,97,100,7,175,179,27,150,136,144,70,168,17,103,105,142,25,188,186,176,42,47,132,166,123,44];False
2392;8238;10630;[4,67,193,48,10,1,91,129,8,84,122,73,174,135,21,99,16,77,112,71,56,18,62,120,24,197,26,9,143,20,3,2,121,160,92,49,130,22,145,34,124,94,75,12,165,153,187,127,39,107,87,76,50,53,93,23,30,134,58,86,69,64,101,151,54,158,199,6,117,98,25,110,81,52,182,28,162,78,60,79,185,148,167,61,41,36,46,131,59,133,96,157,138,178,164,173,66,126,198,159,140,118,109,29,154,156,106,19,108,146,43,128,85,152,111,83,181,82,192,139,33,13,172,195,40,37,15,35,88,38,189,194,31,171,116,57,0,113,196,89,5,141,119,74,183,63,51,72,147,65,102,115,14,45,55,155,184,161,80,114,177,169,191,11,104,180,163,170,95,137,90,125,149,32,68,97,100,7,175,179,27,150,136,144,70,168,17,103,105,142,190,188,186,176,42,47,132,166,123,44];False
2359;8271;10630;[4,67,193,48,10,1,91,129,8,84,122,73,174,135,21,99,16,77,112,71,56,18,62,120,24,197,6,9,143,20,3,2,121,160,92,49,130,22,38,34,124,94,75,12,165,153,187,127,39,107,87,76,50,53,93,23,30,134,58,86,69,64,101,151,54,158,199,26,117,98,25,110,81,52,182,28,162,78,60,79,185,148,167,61,41,36,46,131,59,133,96,157,138,178,164,173,66,126,198,159,140,118,109,29,154,156,106,19,108,146,43,128,85,152,111,83,181,82,192,139,33,13,172,195,40,37,15,35,88,145,189,194,31,171,116,57,0,113,196,89,5,141,119,74,183,63,51,72,147,65,102,115,14,45,55,155,184,161,80,114,177,169,191,11,104,180,163,170,95,137,90,125,149,32,68,97,100,7,175,179,27,150,136,144,70,168,17,103,105,142,190,188,186,176,42,47,132,166,123,44];False
2363;8267;10630;[4,67,193,48,10,1,91,129,8,84,122,73,174,135,21,99,16,77,112,71,56,18,62,120,24,197,26,9,143,20,3,2,121,160,92,49,130,22,38,34,124,94,75,12,165,153,187,127,39,107,87,76,50,53,93,23,30,134,58,86,69,64,101,151,54,158,199,6,117,98,25,110,81,52,182,28,162,78,60,79,185,148,167,61,41,172,46,131,59,133,96,157,138,178,164,173,66,126,198,159,140,118,109,29,154,156,106,19,108,146,43,128,85,152,111,83,181,82,192,139,33,13,36,195,40,37,15,35,88,145,189,194,31,171,116,57,0,113,196,89,5,141,119,74,183,63,51,72,147,65,102,115,14,45,55,155,184,161,80,114,177,169,191,11,104,180,163,170,95,137,90,125,149,32,68,97,100,7,175,179,27,150,136,144,70,168,17,103,105,142,190,188,186,176,42,47,132,166,123,44];False
2387;8243;10630;[4,67,193,48,10,1,91,129,8,84,122,73,174,135,21,99,16,77,112,71,56,18,62,120,24,197,26,9,143,20,3,2,121,160,92,49,130,22,38,34,124,94,75,12,165,153,187,127,39,107,87,76,50,53,93,23,30,134,58,86,69,64,101,151,54,158,199,6,117,98,25,110,81,52,182,28,162,78,60,79,185,148,167,61,41,36,46,131,59,133,96,157,138,178,164,35,66,126,198,159,140,118,109,29,154,156,106,19,108,146,43,128,85,152,111,83,181,82,192,139,33,13,172,195,40,37,15,173,88,145,189,194,31,171,116,57,0,113,196,89,5,141,119,74,183,63,51,72,147,65,102,115,14,45,55,155,184,161,80,114,177,169,191,11,104,180,163,170,95,137,90,125,149,32,68,97,100,7,175,179,27,150,136,144,70,168,17,103,105,142,190,188,186,176,42,47,132,166,123,44];False
2360;8270;10630;[4,67,193,48,10,1,91,129,8,84,122,73,174,135,21,99,16,77,112,71,56,18,62,120,24,197,26,9,143,20,3,2,121,160,92,49,130,12,38,34,124,94,75,22,165,153,187,127,39,107,87,76,50,53,93,23,30,134,58,86,69,64,101,151,54,158,199,6,117,98,25,110,81,52,182,28,162,78,60,79,185,148,167,61,41,36,46,131,59,133,96,157,138,178,164,173,66,126,198,159,140,118,109,29,154,156,106,19,108,146,43,128,85,152,111,83,181,82,192,139,33,13,172,195,40,37,15,35,88,145,189,194,31,171,116,57,0,113,196,89,5,141,119,74,183,63,51,72,147,65,102,115,14,45,55,155,184,161,80,114,177,169,191,11,104,180,163,170,95,137,90,125,149,32,68,97,100,7,175,179,27,150,136,144,70,168,17,103,105,142,190,188,186,176,42,47,132,166,123,44];False
2393;8237;10630;[4,67,193,48,10,1,91,129,8,84,122,73,174,135,21,99,16,77,112,71,56,18,62,120,24,197,26,9,143,20,3,2,121,160,92,49,130,22,38,34,124,94,75,12,98,153,187,127,39,107,87,76,50,53,93,23,30,134,58,86,69,64,101,151,54,158,199,6,117,165,25,110,81,52,182,28,162,78,60,79,185,148,167,61,41,36,46,131,59,133,96,157,138,178,164,173,66,126,198,159,140,118,109,29,154,156,106,19,108,146,43,128,85,152,111,83,181,82,192,139,33,13,172,195,40,37,15,35,88,145,189,194,31,171,116,57,0,113,196,89,5,141,119,74,183,63,51,72,147,65,102,115,14,45,55,155,184,161,80,114,177,169,191,11,104,180,163,170,95,137,90,125,149,32,68,97,100,7,175,179,27,150,136,144,70,168,17,103,105,142,190,188,186,176,42,47,132,166,123,44];False
2355;8275;10630;[4,67,193,48,10,1,91,129,8,84,122,73,174,135,21,99,16,77,112,71,56,18,62,120,24,197,26,9,143,20,3,2,121,160,92,49,130,22,38,34,124,94,75,12,165,153,187,127,39,107,87,76,50,53,93,23,30,134,58,86,69,64,101,151,54,158,199,6,117,98,25,110,81,52,182,28,157,78,60,79,185,148,167,61,41,36,46,131,59,133,96,162,138,178,164,173,66,126,198,159,140,118,109,29,154,156,106,19,108,146,43,128,85,152,111,83,181,82,192,139,33,13,172,195,40,37,15,35,88,145,189,194,31,171,116,57,0,113,196,89,5,141,119,74,183,63,51,72,147,65,102,115,14,45,55,155,184,161,80,114,177,169,191,11,104,180,163,170,95,137,90,125,149,32,68,97,100,7,175,179,27,150,136,144,70,168,17,103,105,142,190,188,186,176,42,47,132,166,123,44];False
2347;8283;10630;[4,67,193,48,10,1,91,129,8,84,122,73,174,135,21,99,16,77,112,71,56,18,62,120,24,197,26,9,143,20,3,2,121,160,92,49,130,22,38,34,124,94,75,12,165,153,101,127,39,107,87,76,50,53,93,23,30,134,58,86,69,64,187,151,54,158,199,6,117,98,25,110,81,52,182,28,162,78,60,79,185,148,167,61,41,36,46,131,59,133,96,157,138,178,164,173,66,126,198,159,140,118,109,29,154,156,106,19,108,146,43,128,85,152,111,83,181,82,192,139,33,13,172,195,40,37,15,35,88,145,189,194,31,171,116,57,0,113,196,89,5,141,119,74,183,63,51,72,147,65,102,115,14,45,55,155,184,161,80,114,177,169,191,11,104,180,163,170,95,137,90,125,149,32,68,97,100,7,175,179,27,150,136,144,70,168,17,103,105,142,190,188,186,176,42,47,132,166,123,44];False
2405;8225;10630;[4,67,193,48,10,1,91,129,8,84,122,73,174,135,21,99,16,77,112,71,56,18,62,120,24,197,26,9,143,20,3,2,121,160,92,49,130,22,38,34,124,94,75,12,165,153,187,127,39,107,87,76,50,53,93,23,30,134,58,86,69,64,101,151,54,158,199,6,117,98,25,110,81,52,182,28,162,78,60,175,185,148,167,61,41,36,46,131,59,133,96,157,138,178,164,173,66,126,198,159,140,118,109,29,154,156,106,19,108,146,43,128,85,152,111,83,181,82,192,139,33,13,172,195,40,37,15,35,88,145,189,194,31,171,116,57,0,113,196,89,5,141,119,74,183,63,51,72,147,65,102,115,14,45,55,155,184,161,80,114,177,169,191,11,104,180,163,170,95,137,90,125,149,32,68,97,100,7,79,179,27,150,136,144,70,168,17,103,105,142,190,188,186,176,42,47,132,166,123,44];False
2373;8257;10630;[4,67,193,48,10,1,91,129,8,84,122,73,174,135,21,99,16,77,112,71,56,18,62,120,24,197,26,9,143,20,3,2,121,160,92,49,130,22,38,34,124,94,75,12,165,153,187,127,39,107,87,76,50,53,93,23,30,134,58,86,69,64,101,151,54,158,199,6,117,98,25,110,81,52,182,28,162,78,60,79,185,148,167,61,41,36,46,131,59,133,96,157,138,178,164,173,66,126,198,159,140,118,109,29,154,156,106,19,108,146,43,128,85,152,111,83,181,82,192,139,33,13,172,195,40,37,15,35,88,145,189,194,136,171,116,57,0,113,196,89,5,141,119,74,183,63,51,72,147,65,102,115,14,45,55,155,184,161,80,114,177,169,191,11,104,180,163,170,95,137,90,125,149,32,68,97,100,7,175,179,27,150,31,144,70,168,17,103,105,142,190,188,186,176,42,47,132,166,123,44];False
2338;8291;10629;[4,67,193,48,10,1,177,129,8,84,122,73,174,135,21,99,16,77,112,71,56,18,62,120,24,197,26,9,143,20,3,2,121,160,92,49,130,22,38,34,124,94,75,12,165,153,187,127,39,107,87,76,50,53,93,23,30,134,58,86,69,64,101,151,54,158,199,6,117,98,25,110,81,52,182,28,162,78,60,79,185,148,167,61,41,36,46,131,59,133,96,157,138,178,164,173,66,126,198,159,140,118,109,29,154,156,106,19,108,146,43,128,85,152,111,83,181,82,192,139,33,13,172,195,40,37,15,35,88,145,189,194,31,171,116,57,0,113,196,89,5,141,119,74,183,63,51,72,147,65,102,115,14,45,55,155,184,161,80,114,91,169,191,11,104,180,163,170,95,137,90,125,149,32,68,97,100,7,175,179,27,150,136,144,70,168,17,103,105,142,190,188,186,176,42,47,132,166,123,44];False
2354;8275;10629;[4,67,193,48,10,1,91,129,8,84,122,73,174,135,21,99,16,77,112,71,56,18,62,120,24,197,26,9,143,20,3,2,121,160,92,49,130,22,38,34,124,94,75,12,165,153,187,127,39,107,87,76,50,53,93,23,30,134,58,86,69,64,101,151,54,158,199,6,117,98,25,110,81,52,182,28,173,78,60,79,185,148,167,61,41,36,46,131,59,133,96,157,138,178,164,162,66,126,198,159,140,118,109,29,154,156,106,19,108,146,43,128,85,152,111,83,181,82,192,139,33,13,172,195,40,37,15,35,88,145,189,194,31,171,116,57,0,113,196,89,5,141,119,74,183,63,51,72,147,65,102,115,14,45,55,155,184,161,80,114,177,169,191,11,104,180,163,170,95,137,90,125,149,32,68,97,100,7,175,179,27,150,136,144,70,168,17,103,105,142,190,188,186,176,42,47,132,166,123,44];False
2316;8313;10629;[4,67,193,48,10,1,91,129,8,84,122,73,174,135,21,99,16,77,112,71,56,18,62,120,24,197,26,9,143,20,3,2,121,160,92,49,130,22,38,34,124,94,75,12,165,153,187,127,39,107,87,76,50,53,93,23,30,134,58,86,69,64,101,151,54,158,199,6,117,98,25,110,81,52,182,28,162,78,60,79,185,148,167,61,41,36,46,131,59,133,96,157,138,178,164,173,66,126,198,159,140,118,109,29,154,156,106,19,108,146,43,128,85,152,111,83,181,82,192,139,33,13,172,195,40,37,15,35,88,145,189,194,31,171,116,57,0,141,196,89,5,113,119,74,183,63,51,72,147,65,102,115,14,45,55,155,184,161,80,114,177,169,191,11,104,180,163,170,95,137,90,125,149,32,68,97,100,7,175,179,27,150,136,144,70,168,17,103,105,142,190,188,186,176,42,47,132,166,123,44];False
2365;8264;10629;[4,67,193,48,10,1,91,129,8,84,122,73,174,135,21,99,16,77,112,71,56,18,62,120,24,197,26,9,143,20,3,2,121,160,92,49,130,22,38,34,124,94,75,12,165,153,187,127,39,107,87,76,50,53,93,23,30,134,58,86,69,64,101,151,54,158,199,6,117,98,25,110,81,52,182,28,162,78,60,79,185,148,167,178,41,36,46,131,59,133,96,157,138,61,164,173,66,126,198,159,140,118,109,29,154,156,106,19,108,146,43,128,85,152,111,83,181,82,192,139,33,13,172,195,40,37,15,35,88,145,189,194,31,171,116,57,0,113,196,89,5,141,119,74,183,63,51,72,147,65,102,115,14,45,55,155,184,161,80,114,177,169,191,11,104,180,163,170,95,137,90,125,149,32,68,97,100,7,175,179,27,150,136,144,70,168,17,103,105,142,190,188,186,176,42,47,132,166,123,44];False
2376;8253;10629;[4,67,193,48,10,139,91,129,8,84,122,73,174,135,21,99,16,77,112,71,56,18,62,120,24,197,26,9,143,20,3,2,121,160,92,49,130,22,38,34,124,94,75,12,165,153,187,127,39,107,87,76,50,53,93,23,30,134,58,86,69,64,101,151,54,158,199,6,117,98,25,110,81,52,182,28,162,78,60,79,185,148,167,61,41,36,46,131,59,133,96,157,138,178,164,173,66,126,198,159,140,118,109,29,154,156,106,19,108,146,43,128,85,152,111,83,181,82,192,1,33,13,172,195,40,37,15,35,88,145,189,194,31,171,116,57,0,113,196,89,5,141,119,74,183,63,51,72,147,65,102,115,14,45,55,155,184,161,80,114,177,169,191,11,104,180,163,170,95,137,90,125,149,32,68,97,100,7,175,179,27,150,136,144,70,168,17,103,105,142,190,188,186,176,42,47,132,166,123,44];False
2365;8264;10629;[4,67,193,48,10,1,91,129,8,84,122,73,174,135,21,99,16,77,112,71,56,18,62,120,24,197,26,9,143,20,3,2,121,160,92,49,130,22,38,34,124,94,75,12,165,153,187,127,39,107,87,76,50,53,93,23,30,134,58,86,69,64,101,151,54,158,199,6,117,98,25,110,81,52,182,28,162,78,60,79,185,148,167,61,41,36,46,131,59,133,96,157,138,178,164,173,66,126,198,159,140,118,109,29,154,156,106,19,108,146,43,128,85,152,111,83,181,82,192,139,33,13,172,195,40,37,15,35,88,145,189,194,31,171,116,57,0,113,196,89,5,141,119,74,183,63,51,72,147,65,102,115,14,45,55,155,17,161,80,114,177,169,191,11,104,180,163,170,95,137,90,125,149,32,68,97,100,7,175,179,27,150,136,144,70,168,184,103,105,142,190,188,186,176,42,47,132,166,123,44];False
2375;8254;10629;[4,67,193,48,10,1,91,129,8,84,122,73,174,135,21,99,16,77,112,71,56,18,62,120,24,197,26,9,143,20,3,2,121,160,92,49,130,22,38,34,124,94,75,12,165,153,187,127,39,107,87,76,50,53,93,23,30,134,58,32,69,64,101,151,54,158,199,6,117,98,25,110,81,52,182,28,162,78,60,79,185,148,167,61,41,36,46,131,59,133,96,157,138,178,164,173,66,126,198,159,140,118,109,29,154,156,106,19,108,146,43,128,85,152,111,83,181,82,192,139,33,13,172,195,40,37,15,35,88,145,189,194,31,171,116,57,0,113,196,89,5,141,119,74,183,63,51,72,147,65,102,115,14,45,55,155,184,161,80,114,177,169,191,11,104,180,163,170,95,137,90,125,149,86,68,97,100,7,175,179,27,150,136,144,70,168,17,103,105,142,190,188,186,176,42,47,132,166,123,44];False
2327;8302;10629;[4,67,193,48,10,1,91,129,8,84,122,73,174,135,21,99,0,77,112,71,56,18,62,120,24,197,26,9,143,20,3,2,121,160,92,49,130,22,38,34,124,94,75,12,165,153,187,127,39,107,87,76,50,53,93,23,30,134,58,86,69,64,101,151,54,158,199,6,117,98,25,110,81,52,182,28,162,78,60,79,185,148,167,61,41,36,46,131,59,133,96,157,138,178,164,173,66,126,198,159,140,118,109,29,154,156,106,19,108,146,43,128,85,152,111,83,181,82,192,139,33,13,172,195,40,37,15,35,88,145,189,194,31,171,116,57,16,113,196,89,5,141,119,74,183,63,51,72,147,65,102,115,14,45,55,155,184,161,80,114,177,169,191,11,104,180,163,170,95,137,90,125,149,32,68,97,100,7,175,179,27,150,136,144,70,168,17,103,105,142,190,188,186,176,42,47,132,166,123,44];False
2349;8280;10629;[4,67,193,48,10,1,91,129,8,84,122,73,174,135,21,99,16,77,112,71,56,18,62,120,126,197,26,9,143,20,3,2,121,160,92,49,130,22,38,34,124,94,75,12,165,153,187,127,39,107,87,76,50,53,93,23,30,134,58,86,69,64,101,151,54,158,199,6,117,98,25,110,81,52,182,28,162,78,60,79,185,148,167,61,41,36,46,131,59,133,96,157,138,178,164,173,66,24,198,159,140,118,109,29,154,156,106,19,108,146,43,128,85,152,111,83,181,82,192,139,33,13,172,195,40,37,15,35,88,145,189,194,31,171,116,57,0,113,196,89,5,141,119,74,183,63,51,72,147,65,102,115,14,45,55,155,184,161,80,114,177,169,191,11,104,180,163,170,95,137,90,125,149,32,68,97,100,7,175,179,27,150,136,144,70,168,17,103,105,142,190,188,186,176,42,47,132,166,123,44];False
2322;8307;10629;[4,67,193,48,10,1,91,129,8,84,122,73,174,135,21,99,16,77,112,71,56,18,62,120,24,197,26,9,143,20,3,2,121,160,92,49,130,22,38,34,124,94,75,12,165,153,187,127,39,107,87,76,50,53,93,23,30,134,58,86,69,64,101,151,54,158,199,6,117,98,156,110,81,52,182,28,162,78,60,79,185,148,167,61,41,36,46,131,59,133,96,157,138,178,164,173,66,126,198,159,140,118,109,29,154,25,106,19,108,146,43,128,85,152,111,83,181,82,192,139,33,13,172,195,40,37,15,35,88,145,189,194,31,171,116,57,0,113,196,89,5,141,119,74,183,63,51,72,147,65,102,115,14,45,55,155,184,161,80,114,177,169,191,11,104,180,163,170,95,137,90,125,149,32,68,97,100,7,175,179,27,150,136,144,70,168,17,103,105,142,190,188,186,176,42,47,132,166,123,44];False
2350;8279;10629;[4,67,193,48,10,1,91,129,8,84,122,73,174,135,21,99,16,77,112,71,56,18,62,120,24,197,26,9,143,20,3,2,121,160,92,49,130,22,38,34,124,94,75,12,165,153,187,127,39,107,87,76,50,53,93,23,30,134,58,86,69,64,101,151,54,188,199,6,117,98,25,110,81,52,182,28,162,78,60,79,185,148,167,61,41,36,46,131,59,133,96,157,138,178,164,173,66,126,198,159,140,118,109,29,154,156,106,19,108,146,43,128,85,152,111,83,181,82,192,139,33,13,172,195,40,37,15,35,88,145,189,194,31,171,116,57,0,113,196,89,5,141,119,74,183,63,51,72,147,65,102,115,14,45,55,155,184,161,80,114,177,169,191,11,104,180,163,170,95,137,90,125,149,32,68,97,100,7,175,179,27,150,136,144,70,168,17,103,105,142,190,158,186,176,42,47,132,166,123,44];False
2370;8259;10629;[4,67,193,48,10,1,91,129,8,84,122,73,174,135,21,99,16,77,112,71,56,18,62,120,24,197,26,9,143,20,3,2,121,160,92,49,130,22,38,34,124,94,75,12,165,153,187,127,39,107,87,76,50,53,93,23,30,134,58,86,69,64,101,151,54,158,199,6,117,98,25,110,81,52,182,28,162,78,60,79,185,148,167,61,41,36,46,132,59,133,96,157,138,178,164,173,66,126,198,159,140,118,109,29,154,156,106,19,108,146,43,128,85,152,111,83,181,82,192,139,33,13,172,195,40,37,15,35,88,145,189,194,31,171,116,57,0,113,196,89,5,141,119,74,183,63,51,72,147,65,102,115,14,45,55,155,184,161,80,114,177,169,191,11,104,180,163,170,95,137,90,125,149,32,68,97,100,7,175,179,27,150,136,144,70,168,17,103,105,142,190,188,186,176,42,47,131,166,123,44];False
2380;8248;10628;[4,67,193,48,10,1,91,129,8,84,122,73,174,135,21,99,16,77,112,71,56,18,62,120,24,197,26,9,143,20,3,2,121,160,92,49,130,22,38,34,124,94,75,12,165,153,187,127,39,107,87,76,50,53,93,23,30,134,58,86,69,64,101,151,54,158,199,6,117,98,25,110,81,52,182,28,162,78,60,79,185,148,167,61,41,36,46,131,59,133,96,157,138,178,164,173,66,126,198,159,140,118,109,29,154,156,106,19,108,146,43,128,85,152,111,83,181,82,192,139,33,13,172,195,40,37,15,35,88,90,189,194,31,171,116,57,0,113,196,89,5,141,119,74,183,63,51,72,147,65,102,115,14,45,55,155,184,161,80,114,177,169,191,11,104,180,163,170,95,137,145,125,149,32,68,97,100,7,175,179,27,150,136,144,70,168,17,103,105,142,190,188,186,176,42,47,132,166,123,44];False
2362;8266;10628;[4,67,193,48,10,1,91,129,8,84,122,73,174,135,21,99,16,77,112,71,56,18,62,120,24,197,26,124,143,20,3,2,121,160,92,49,130,22,38,34,9,94,75,12,165,153,187,127,39,107,87,76,50,53,93,23,30,134,58,86,69,64,101,151,54,158,199,6,117,98,25,110,81,52,182,28,162,78,60,79,185,148,167,61,41,36,46,131,59,133,96,157,138,178,164,173,66,126,198,159,140,118,109,29,154,156,106,19,108,146,43,128,85,152,111,83,181,82,192,139,33,13,172,195,40,37,15,35,88,145,189,194,31,171,116,57,0,113,196,89,5,141,119,74,183,63,51,72,147,65,102,115,14,45,55,155,184,161,80,114,177,169,191,11,104,180,163,170,95,137,90,125,149,32,68,97,100,7,175,179,27,150,136,144,70,168,17,103,105,142,190,188,186,176,42,47,132,166,123,44];False
2360;8268;10628;[4,67,193,48,10,1,91,129,8,84,59,73,174,135,21,99,16,77,112,71,56,18,62,120,24,197,26,9,143,20,3,2,121,160,92,49,130,22,38,34,124,94,75,12,165,153,187,127,39,107,87,76,50,53,93,23,30,134,58,86,69,64,101,151,54,158,199,6,117,98,25,110,81,52,182,28,162,78,60,79,185,148,167,61,41,36,46,131,122,133,96,157,138,178,164,173,66,126,198,159,140,118,109,29,154,156,106,19,108,146,43,128,85,152,111,83,181,82,192,139,33,13,172,195,40,37,15,35,88,145,189,194,31,171,116,57,0,113,196,89,5,141,119,74,183,63,51,72,147,65,102,115,14,45,55,155,184,161,80,114,177,169,191,11,104,180,163,170,95,137,90,125,149,32,68,97,100,7,175,179,27,150,136,144,70,168,17,103,105,142,190,188,186,176,42,47,132,166,123,44];False
2346;8282;10628;[4,67,193,48,10,1,91,129,8,84,122,73,174,135,21,99,16,77,112,71,56,18,62,120,24,197,26,9,143,20,3,2,121,160,92,74,130,22,38,34,124,94,75,12,165,153,187,127,39,107,87,76,50,53,93,23,30,134,58,86,69,64,101,151,54,158,199,6,117,98,25,110,81,52,182,28,162,78,60,79,185,148,167,61,41,36,46,131,59,133,96,157,138,178,164,173,66,126,198,159,140,118,109,29,154,156,106,19,108,146,43,128,85,152,111,83,181,82,192,139,33,13,172,195,40,37,15,35,88,145,189,194,31,171,116,57,0,113,196,89,5,141,119,49,183,63,51,72,147,65,102,115,14,45,55,155,184,161,80,114,177,169,191,11,104,180,163,170,95,137,90,125,149,32,68,97,100,7,175,179,27,150,136,144,70,168,17,103,105,142,190,188,186,176,42,47,132,166,123,44];False
2367;8261;10628;[4,67,193,48,10,1,91,129,8,84,122,73,174,135,21,99,16,77,112,71,56,18,62,120,24,197,26,9,143,20,3,2,121,160,92,49,130,22,38,34,124,94,75,12,165,153,187,127,39,107,87,76,50,53,93,176,30,134,58,86,69,64,101,151,54,158,199,6,117,98,25,110,81,52,182,28,162,78,60,79,185,148,167,61,41,36,46,131,59,133,96,157,138,178,164,173,66,126,198,159,140,118,109,29,154,156,106,19,108,146,43,128,85,152,111,83,181,82,192,139,33,13,172,195,40,37,15,35,88,145,189,194,31,171,116,57,0,113,196,89,5,141,119,74,183,63,51,72,147,65,102,115,14,45,55,155,184,161,80,114,177,169,191,11,104,180,163,170,95,137,90,125,149,32,68,97,100,7,175,179,27,150,136,144,70,168,17,103,105,142,190,188,186,23,42,47,132,166,123,44];False
2309;8319;10628;[4,67,193,48,10,1,91,129,8,84,122,73,174,135,21,99,16,77,112,71,56,18,62,120,24,197,26,9,143,20,3,2,121,160,92,49,130,22,38,34,124,94,75,44,165,153,187,127,39,107,87,76,50,53,93,23,30,134,58,86,69,64,101,151,54,158,199,6,117,98,25,110,81,52,182,28,162,78,60,79,185,148,167,61,41,36,46,131,59,133,96,157,138,178,164,173,66,126,198,159,140,118,109,29,154,156,106,19,108,146,43,128,85,152,111,83,181,82,192,139,33,13,172,195,40,37,15,35,88,145,189,194,31,171,116,57,0,113,196,89,5,141,119,74,183,63,51,72,147,65,102,115,14,45,55,155,184,161,80,114,177,169,191,11,104,180,163,170,95,137,90,125,149,32,68,97,100,7,175,179,27,150,136,144,70,168,17,103,105,142,190,188,186,176,42,47,132,166,123,12];False
2352;8276;10628;[4,67,193,48,10,1,91,129,8,84,122,73,174,135,21,99,16,77,112,71,56,18,62,120,24,197,26,9,143,20,3,2,121,160,92,49,130,22,29,34,124,94,75,12,165,153,187,127,39,107,87,76,50,53,93,23,30,134,58,86,69,64,101,151,54,158,199,6,117,98,25,110,81,52,182,28,162,78,60,79,185,148,167,61,41,36,46,131,59,133,96,157,138,178,164,173,66,126,198,159,140,118,109,38,154,156,106,19,108,146,43,128,85,152,111,83,181,82,192,139,33,13,172,195,40,37,15,35,88,145,189,194,31,171,116,57,0,113,196,89,5,141,119,74,183,63,51,72,147,65,102,115,14,45,55,155,184,161,80,114,177,169,191,11,104,180,163,170,95,137,90,125,149,32,68,97,100,7,175,179,27,150,136,144,70,168,17,103,105,142,190,188,186,176,42,47,132,166,123,44];False
2349;8279;10628;[4,67,193,48,10,1,91,129,8,84,122,73,174,135,21,99,16,77,112,71,56,18,62,120,24,197,26,9,143,20,3,2,121,160,92,49,130,22,38,34,124,94,75,12,165,153,187,127,39,107,87,76,50,53,93,23,30,134,58,86,69,64,101,151,54,158,199,6,117,98,25,110,81,52,182,28,162,78,60,79,185,148,167,61,41,36,46,131,59,133,96,157,138,178,164,173,66,126,198,159,140,118,109,29,154,156,106,19,108,146,43,128,85,152,111,83,181,82,192,139,33,13,172,195,40,37,15,35,88,145,189,194,31,171,116,57,0,113,196,89,5,141,119,74,183,63,51,169,147,65,102,115,14,45,55,155,184,161,80,114,177,72,191,11,104,180,163,170,95,137,90,125,149,32,68,97,100,7,175,179,27,150,136,144,70,168,17,103,105,142,190,188,186,176,42,47,132,166,123,44];False
2353;8275;10628;[4,67,193,48,10,1,91,129,8,84,122,73,174,135,21,99,16,77,112,71,56,18,62,120,24,197,26,9,143,20,3,2,121,160,92,49,130,22,38,34,124,94,75,12,165,153,187,127,39,107,87,76,50,53,93,23,30,134,58,86,69,64,101,151,54,199,158,6,117,98,25,110,81,52,182,28,162,78,60,79,185,148,167,61,41,36,46,131,59,133,96,157,138,178,164,173,66,126,198,159,140,118,109,29,154,156,106,19,108,146,43,128,85,152,111,83,181,82,192,139,33,13,172,195,40,37,15,35,88,145,189,194,31,171,116,57,0,113,196,89,5,141,119,74,183,63,51,72,147,65,102,115,14,45,55,155,184,161,80,114,177,169,191,11,104,180,163,170,95,137,90,125,149,32,68,97,100,7,175,179,27,150,136,144,70,168,17,103,105,142,190,188,186,176,42,47,132,166,123,44];False
2348;8280;10628;[4,67,193,48,63,1,91,129,8,84,122,73,174,135,21,99,16,77,112,71,56,18,62,120,24,197,26,9,143,20,3,2,121,160,92,49,130,22,38,34,124,94,75,12,165,153,187,127,39,107,87,76,50,53,93,23,30,134,58,86,69,64,101,151,54,158,199,6,117,98,25,110,81,52,182,28,162,78,60,79,185,148,167,61,41,36,46,131,59,133,96,157,138,178,164,173,66,126,198,159,140,118,109,29,154,156,106,19,108,146,43,128,85,152,111,83,181,82,192,139,33,13,172,195,40,37,15,35,88,145,189,194,31,171,116,57,0,113,196,89,5,141,119,74,183,10,51,72,147,65,102,115,14,45,55,155,184,161,80,114,177,169,191,11,104,180,163,170,95,137,90,125,149,32,68,97,100,7,175,179,27,150,136,144,70,168,17,103,105,142,190,188,186,176,42,47,132,166,123,44];False
2354;8274;10628;[4,67,193,48,10,1,91,129,8,84,122,73,174,135,21,99,16,77,111,71,56,18,62,120,24,197,26,9,143,20,3,2,121,160,92,49,130,22,38,34,124,94,75,12,165,153,187,127,39,107,87,76,50,53,93,23,30,134,58,86,69,64,101,151,54,158,199,6,117,98,25,110,81,52,182,28,162,78,60,79,185,148,167,61,41,36,46,131,59,133,96,157,138,178,164,173,66,126,198,159,140,118,109,29,154,156,106,19,108,146,43,128,85,152,112,83,181,82,192,139,33,13,172,195,40,37,15,35,88,145,189,194,31,171,116,57,0,113,196,89,5,141,119,74,183,63,51,72,147,65,102,115,14,45,55,155,184,161,80,114,177,169,191,11,104,180,163,170,95,137,90,125,149,32,68,97,100,7,175,179,27,150,136,144,70,168,17,103,105,142,190,188,186,176,42,47,132,166,123,44];False
2333;8294;10627;[4,67,193,48,10,1,91,129,8,84,122,73,174,135,21,99,16,77,112,71,56,18,62,120,24,197,26,9,143,20,3,2,121,160,92,49,130,22,38,34,124,94,75,12,165,153,187,127,39,107,87,76,50,53,93,23,30,134,58,86,69,64,101,151,54,158,199,6,117,98,25,110,81,52,182,28,162,78,60,79,185,148,167,61,41,36,46,131,59,133,96,157,138,178,164,173,66,126,198,159,140,118,109,29,154,156,106,19,108,146,43,128,85,152,111,83,181,82,192,139,33,13,172,195,40,37,15,35,88,145,189,194,31,171,116,57,0,113,196,89,5,141,119,74,183,63,51,72,147,65,102,115,14,45,55,155,184,161,80,114,177,169,191,11,104,180,163,170,95,137,90,125,149,32,68,97,100,7,175,179,27,150,166,144,70,168,17,103,105,142,190,188,186,176,42,47,132,136,123,44];False
2376;8251;10627;[4,67,193,48,10,1,91,129,8,84,122,73,174,135,21,99,16,77,112,71,56,18,62,120,24,197,150,9,143,20,3,2,121,160,92,49,130,22,38,34,124,94,75,12,165,153,187,127,39,107,87,76,50,53,93,23,30,134,58,86,69,64,101,151,54,158,199,6,117,98,25,110,81,52,182,28,162,78,60,79,185,148,167,61,41,36,46,131,59,133,96,157,138,178,164,173,66,126,198,159,140,118,109,29,154,156,106,19,108,146,43,128,85,152,111,83,181,82,192,139,33,13,172,195,40,37,15,35,88,145,189,194,31,171,116,57,0,113,196,89,5,141,119,74,183,63,51,72,147,65,102,115,14,45,55,155,184,161,80,114,177,169,191,11,104,180,163,170,95,137,90,125,149,32,68,97,100,7,175,179,27,26,136,144,70,168,17,103,105,142,190,188,186,176,42,47,132,166,123,44];False
2367;8260;10627;[4,67,193,48,10,1,91,129,8,84,122,73,174,135,21,99,16,77,112,71,56,18,62,120,24,197,26,9,143,20,3,2,121,160,92,49,130,22,38,34,124,94,75,12,165,153,187,127,39,107,87,76,50,53,93,23,30,134,58,86,69,64,101,151,54,158,199,6,15,98,25,110,81,52,182,28,162,78,60,79,185,148,167,61,41,36,46,131,59,133,96,157,138,178,164,173,66,126,198,159,140,118,109,29,154,156,106,19,108,146,43,128,85,152,111,83,181,82,192,139,33,13,172,195,40,37,117,35,88,145,189,194,31,171,116,57,0,113,196,89,5,141,119,74,183,63,51,72,147,65,102,115,14,45,55,155,184,161,80,114,177,169,191,11,104,180,163,170,95,137,90,125,149,32,68,97,100,7,175,179,27,150,136,144,70,168,17,103,105,142,190,188,186,176,42,47,132,166,123,44];False
2362;8265;10627;[4,67,193,48,10,1,91,129,8,84,122,73,174,135,21,99,16,77,112,71,56,18,62,120,24,197,26,9,143,131,3,2,121,160,92,49,130,22,38,34,124,94,75,12,165,153,187,127,39,107,87,76,50,53,93,23,30,134,58,86,69,64,101,151,54,158,199,6,117,98,25,110,81,52,182,28,162,78,60,79,185,148,167,61,41,36,46,20,59,133,96,157,138,178,164,173,66,126,198,159,140,118,109,29,154,156,106,19,108,146,43,128,85,152,111,83,181,82,192,139,33,13,172,195,40,37,15,35,88,145,189,194,31,171,116,57,0,113,196,89,5,141,119,74,183,63,51,72,147,65,102,115,14,45,55,155,184,161,80,114,177,169,191,11,104,180,163,170,95,137,90,125,149,32,68,97,100,7,175,179,27,150,136,144,70,168,17,103,105,142,190,188,186,176,42,47,132,166,123,44];False
2370;8257;10627;[4,67,193,48,10,1,91,129,8,84,122,73,174,135,21,99,16,77,112,71,56,18,62,120,24,197,26,9,143,20,3,2,121,160,92,49,130,22,38,34,124,94,75,12,165,153,187,127,39,107,87,76,50,53,93,23,30,134,58,86,69,64,101,151,54,158,199,6,117,98,25,110,81,52,182,28,162,78,60,79,185,148,167,61,41,36,46,131,59,133,100,157,138,178,164,173,66,126,198,159,140,118,109,29,154,156,106,19,108,146,43,128,85,152,111,83,181,82,192,139,33,13,172,195,40,37,15,35,88,145,189,194,31,171,116,57,0,113,196,89,5,141,119,74,183,63,51,72,147,65,102,115,14,45,55,155,184,161,80,114,177,169,191,11,104,180,163,170,95,137,90,125,149,32,68,97,96,7,175,179,27,150,136,144,70,168,17,103,105,142,190,188,186,176,42,47,132,166,123,44];False
2378;8249;10627;[4,67,193,48,10,1,91,129,8,84,122,73,174,135,21,99,16,77,112,71,56,18,62,120,24,197,26,9,143,20,3,2,121,160,92,49,130,22,38,34,124,94,75,12,165,153,187,127,39,107,87,76,50,53,186,23,30,134,58,86,69,64,101,151,54,158,199,6,117,98,25,110,81,52,182,28,162,78,60,79,185,148,167,61,41,36,46,131,59,133,96,157,138,178,164,173,66,126,198,159,140,118,109,29,154,156,106,19,108,146,43,128,85,152,111,83,181,82,192,139,33,13,172,195,40,37,15,35,88,145,189,194,31,171,116,57,0,113,196,89,5,141,119,74,183,63,51,72,147,65,102,115,14,45,55,155,184,161,80,114,177,169,191,11,104,180,163,170,95,137,90,125,149,32,68,97,100,7,175,179,27,150,136,144,70,168,17,103,105,142,190,188,93,176,42,47,132,166,123,44];False
2363;8264;10627;[4,67,193,48,10,1,91,129,8,84,122,73,174,135,21,99,16,77,112,71,56,18,62,120,24,197,26,9,143,20,3,2,121,160,92,49,130,22,38,34,124,94,75,12,165,153,187,127,39,107,87,55,50,53,93,23,30,134,58,86,69,64,101,151,54,158,199,6,117,98,25,110,81,52,182,28,162,78,60,79,185,148,167,61,41,36,46,131,59,133,96,157,138,178,164,173,66,126,198,159,140,118,109,29,154,156,106,19,108,146,43,128,85,152,111,83,181,82,192,139,33,13,172,195,40,37,15,35,88,145,189,194,31,171,116,57,0,113,196,89,5,141,119,74,183,63,51,72,147,65,102,115,14,45,76,155,184,161,80,114,177,169,191,11,104,180,163,170,95,137,90,125,149,32,68,97,100,7,175,179,27,150,136,144,70,168,17,103,105,142,190,188,186,176,42,47,132,166,123,44];False
2354;8273;10627;[4,67,193,48,10,1,91,129,8,84,122,73,174,135,21,99,16,77,112,71,56,18,62,120,24,197,26,9,143,20,3,2,121,160,92,49,130,22,38,34,124,94,75,12,165,153,187,127,39,107,87,76,50,53,93,23,30,134,58,86,69,64,101,151,54,158,199,6,117,98,25,110,81,52,182,28,162,78,60,79,185,148,167,61,41,36,46,131,59,133,96,157,138,178,164,173,66,126,198,159,140,118,109,29,154,156,106,19,108,146,43,128,85,152,111,83,181,82,192,139,33,13,172,195,40,37,15,35,88,145,189,194,31,171,116,57,0,113,196,89,5,141,119,74,183,63,51,72,147,65,102,115,14,45,55,155,184,161,80,114,177,169,191,11,104,180,163,95,170,137,90,125,149,32,68,97,100,7,175,179,27,150,136,144,70,168,17,103,105,142,190,188,186,176,42,47,132,166,123,44];False
2327;8300;10627;[80,67,193,48,10,1,91,129,8,84,122,73,174,135,21,99,16,77,112,71,56,18,62,120,24,197,26,9,143,20,3,2,121,160,92,49,130,22,38,34,124,94,75,12,165,153,187,127,39,107,87,76,50,53,93,23,30,134,58,86,69,64,101,151,54,158,199,6,117,98,25,110,81,52,182,28,162,78,60,79,185,148,167,61,41,36,46,131,59,133,96,157,138,178,164,173,66,126,198,159,140,118,109,29,154,156,106,19,108,146,43,128,85,152,111,83,181,82,192,139,33,13,172,195,40,37,15,35,88,145,189,194,31,171,116,57,0,113,196,89,5,141,119,74,183,63,51,72,147,65,102,115,14,45,55,155,184,161,4,114,177,169,191,11,104,180,163,170,95,137,90,125,149,32,68,97,100,7,175,179,27,150,136,144,70,168,17,103,105,142,190,188,186,176,42,47,132,166,123,44];False
2276;8351;10627;[4,67,193,48,10,1,91,129,8,84,122,73,174,135,21,99,16,77,112,71,56,18,62,120,24,197,26,9,143,20,3,2,121,160,92,49,130,22,38,34,124,94,75,12,165,153,187,127,39,107,87,76,50,53,93,23,30,134,58,86,69,64,101,151,54,158,199,6,117,98,25,110,81,52,182,28,162,78,60,79,185,148,167,61,41,36,46,131,59,133,96,157,138,178,164,173,66,126,198,159,140,118,109,29,154,47,106,19,108,146,43,128,85,152,111,83,181,82,192,139,33,13,172,195,40,37,15,35,88,145,189,194,31,171,116,57,0,113,196,89,5,141,119,74,183,63,51,72,147,65,102,115,14,45,55,155,184,161,80,114,177,169,191,11,104,180,163,170,95,137,90,125,149,32,68,97,100,7,175,179,27,150,136,144,70,168,17,103,105,142,190,188,186,176,42,156,132,166,123,44];False
2360;8266;10626;[4,67,193,48,10,1,91,129,8,84,122,73,174,135,21,99,16,77,112,71,56,18,62,120,24,197,26,132,143,20,3,2,121,160,92,49,130,22,38,34,124,94,75,12,165,153,187,127,39,107,87,76,50,53,93,23,30,134,58,86,69,64,101,151,54,158,199,6,117,98,25,110,81,52,182,28,162,78,60,79,185,148,167,61,41,36,46,131,59,133,96,157,138,178,164,173,66,126,198,159,140,118,109,29,154,156,106,19,108,146,43,128,85,152,111,83,181,82,192,139,33,13,172,195,40,37,15,35,88,145,189,194,31,171,116,57,0,113,196,89,5,141,119,74,183,63,51,72,147,65,102,115,14,45,55,155,184,161,80,114,177,169,191,11,104,180,163,170,95,137,90,125,149,32,68,97,100,7,175,179,27,150,136,144,70,168,17,103,105,142,190,188,186,176,42,47,9,166,123,44];False
2327;8299;10626;[4,67,193,48,10,1,91,129,8,84,122,73,174,135,21,99,16,77,112,71,116,18,62,120,24,197,26,9,143,20,3,2,121,160,92,49,130,22,38,34,124,94,75,12,165,153,187,127,39,107,87,76,50,53,93,23,30,134,58,86,69,64,101,151,54,158,199,6,117,98,25,110,81,52,182,28,162,78,60,79,185,148,167,61,41,36,46,131,59,133,96,157,138,178,164,173,66,126,198,159,140,118,109,29,154,156,106,19,108,146,43,128,85,152,111,83,181,82,192,139,33,13,172,195,40,37,15,35,88,145,189,194,31,171,56,57,0,113,196,89,5,141,119,74,183,63,51,72,147,65,102,115,14,45,55,155,184,161,80,114,177,169,191,11,104,180,163,170,95,137,90,125,149,32,68,97,100,7,175,179,27,150,136,144,70,168,17,103,105,142,190,188,186,176,42,47,132,166,123,44];False
2323;8303;10626;[4,67,193,48,10,1,91,129,8,84,122,73,174,135,21,99,16,77,112,71,56,18,62,120,24,197,26,9,143,20,3,2,121,160,92,49,130,22,38,34,124,94,75,12,165,153,187,127,39,107,87,76,50,53,93,23,30,134,58,86,69,64,101,151,54,158,199,6,117,98,25,110,81,52,182,28,162,78,60,79,185,148,167,61,41,36,46,131,59,133,96,157,138,178,164,173,66,126,198,159,140,118,109,29,154,156,106,19,108,146,43,128,85,152,111,83,44,82,192,139,33,13,172,195,40,37,15,35,88,145,189,194,31,171,116,57,0,113,196,89,5,141,119,74,183,63,51,72,147,65,102,115,14,45,55,155,184,161,80,114,177,169,191,11,104,180,163,170,95,137,90,125,149,32,68,97,100,7,175,179,27,150,136,144,70,168,17,103,105,142,190,188,186,176,42,47,132,166,123,181];False
2351;8275;10626;[4,67,193,48,10,1,91,129,77,84,122,73,174,135,21,99,16,8,112,71,56,18,62,120,24,197,26,9,143,20,3,2,121,160,92,49,130,22,38,34,124,94,75,12,165,153,187,127,39,107,87,76,50,53,93,23,30,134,58,86,69,64,101,151,54,158,199,6,117,98,25,110,81,52,182,28,162,78,60,79,185,148,167,61,41,36,46,131,59,133,96,157,138,178,164,173,66,126,198,159,140,118,109,29,154,156,106,19,108,146,43,128,85,152,111,83,181,82,192,139,33,13,172,195,40,37,15,35,88,145,189,194,31,171,116,57,0,113,196,89,5,141,119,74,183,63,51,72,147,65,102,115,14,45,55,155,184,161,80,114,177,169,191,11,104,180,163,170,95,137,90,125,149,32,68,97,100,7,175,179,27,150,136,144,70,168,17,103,105,142,190,188,186,176,42,47,132,166,123,44];False
2388;8238;10626;[4,67,193,48,10,1,91,129,8,84,122,73,174,135,21,99,16,77,112,71,56,18,62,120,24,197,26,9,143,20,3,2,121,160,92,49,130,22,38,34,124,94,75,12,165,153,187,127,39,107,87,76,50,53,93,23,30,134,58,86,69,64,101,151,54,158,199,6,117,98,25,110,81,52,182,28,162,78,60,79,185,148,167,61,41,36,46,131,59,133,96,157,138,178,164,173,66,126,198,159,140,118,109,29,154,156,106,19,108,146,43,128,85,152,111,83,181,82,192,139,33,13,172,195,40,37,15,35,88,145,189,194,31,171,116,57,0,113,196,89,5,141,119,74,183,63,51,72,147,90,102,115,14,45,55,155,184,161,80,114,177,169,191,11,104,180,163,170,95,137,65,125,149,32,68,97,100,7,175,179,27,150,136,144,70,168,17,103,105,142,190,188,186,176,42,47,132,166,123,44];False
2317;8309;10626;[4,67,193,48,10,1,91,129,8,84,122,73,174,135,21,99,16,77,112,71,56,18,62,120,24,197,26,9,143,20,3,2,121,160,92,107,130,22,38,34,124,94,75,12,165,153,187,127,39,49,87,76,50,53,93,23,30,134,58,86,69,64,101,151,54,158,199,6,117,98,25,110,81,52,182,28,162,78,60,79,185,148,167,61,41,36,46,131,59,133,96,157,138,178,164,173,66,126,198,159,140,118,109,29,154,156,106,19,108,146,43,128,85,152,111,83,181,82,192,139,33,13,172,195,40,37,15,35,88,145,189,194,31,171,116,57,0,113,196,89,5,141,119,74,183,63,51,72,147,65,102,115,14,45,55,155,184,161,80,114,177,169,191,11,104,180,163,170,95,137,90,125,149,32,68,97,100,7,175,179,27,150,136,144,70,168,17,103,105,142,190,188,186,176,42,47,132,166,123,44];False
2345;8281;10626;[4,67,193,48,10,1,91,129,8,84,122,73,174,135,21,99,16,77,112,71,56,18,62,120,24,197,26,9,143,20,3,2,121,160,92,49,130,22,38,34,124,109,75,12,165,153,187,127,39,107,87,76,50,53,93,23,30,134,58,86,69,64,101,151,54,158,199,6,117,98,25,110,81,52,182,28,162,78,60,79,185,148,167,61,41,36,46,131,59,133,96,157,138,178,164,173,66,126,198,159,140,118,94,29,154,156,106,19,108,146,43,128,85,152,111,83,181,82,192,139,33,13,172,195,40,37,15,35,88,145,189,194,31,171,116,57,0,113,196,89,5,141,119,74,183,63,51,72,147,65,102,115,14,45,55,155,184,161,80,114,177,169,191,11,104,180,163,170,95,137,90,125,149,32,68,97,100,7,175,179,27,150,136,144,70,168,17,103,105,142,190,188,186,176,42,47,132,166,123,44];False
2368;8258;10626;[4,67,193,48,10,1,91,129,8,84,122,73,174,135,21,99,16,77,112,71,56,18,62,120,24,197,26,9,143,20,3,2,121,160,92,49,130,22,38,34,124,94,75,12,165,153,187,127,39,107,87,76,50,53,93,23,30,134,58,86,69,64,101,151,54,158,199,6,117,98,25,110,81,52,182,28,162,78,60,79,185,148,167,61,41,36,46,131,59,133,96,157,138,178,164,173,66,126,198,159,140,118,109,29,154,156,106,19,108,146,43,128,85,152,89,83,181,82,192,139,33,13,172,195,40,37,15,35,88,145,189,194,31,171,116,57,0,113,196,111,5,141,119,74,183,63,51,72,147,65,102,115,14,45,55,155,184,161,80,114,177,169,191,11,104,180,163,170,95,137,90,125,149,32,68,97,100,7,175,179,27,150,136,144,70,168,17,103,105,142,190,188,186,176,42,47,132,166,123,44];False
2354;8272;10626;[4,67,193,48,10,1,91,129,8,84,122,73,174,135,21,99,16,77,112,71,56,18,62,120,24,197,26,9,143,20,3,2,121,160,92,49,130,22,38,34,124,94,75,12,165,153,187,127,39,107,87,76,50,53,93,23,30,134,58,147,69,64,101,151,54,158,199,6,117,98,25,110,81,52,182,28,162,78,60,79,185,148,167,61,41,36,46,131,59,133,96,157,138,178,164,173,66,126,198,159,140,118,109,29,154,156,106,19,108,146,43,128,85,152,111,83,181,82,192,139,33,13,172,195,40,37,15,35,88,145,189,194,31,171,116,57,0,113,196,89,5,141,119,74,183,63,51,72,86,65,102,115,14,45,55,155,184,161,80,114,177,169,191,11,104,180,163,170,95,137,90,125,149,32,68,97,100,7,175,179,27,150,136,144,70,168,17,103,105,142,190,188,186,176,42,47,132,166,123,44];False
2359;8267;10626;[4,67,193,48,10,1,91,129,8,84,122,73,174,135,21,99,16,77,112,71,56,18,62,120,24,197,26,9,143,20,3,2,121,160,92,49,130,22,38,34,124,94,75,12,165,153,187,127,39,107,87,76,50,53,93,23,30,134,58,86,69,64,101,151,54,158,199,6,117,98,25,90,81,52,182,28,162,78,60,79,185,148,167,61,41,36,46,131,59,133,96,157,138,178,164,173,66,126,198,159,140,118,109,29,154,156,106,19,108,146,43,128,85,152,111,83,181,82,192,139,33,13,172,195,40,37,15,35,88,145,189,194,31,171,116,57,0,113,196,89,5,141,119,74,183,63,51,72,147,65,102,115,14,45,55,155,184,161,80,114,177,169,191,11,104,180,163,170,95,137,110,125,149,32,68,97,100,7,175,179,27,150,136,144,70,168,17,103,105,142,190,188,186,176,42,47,132,166,123,44];False
2380;8246;10626;[4,67,193,48,10,1,91,129,8,84,122,73,174,135,21,99,16,77,112,71,56,18,62,120,24,197,26,9,143,20,3,2,121,160,92,49,130,22,38,34,124,94,75,12,165,153,187,127,39,107,87,76,50,53,93,23,30,134,58,86,69,64,101,151,54,158,199,6,117,98,25,110,81,52,182,28,162,78,60,79,185,148,167,61,41,36,46,131,59,11,96,157,138,178,164,173,66,126,198,159,140,118,109,29,154,156,106,19,108,146,43,128,85,152,111,83,181,82,192,139,33,13,172,195,40,37,15,35,88,145,189,194,31,171,116,57,0,113,196,89,5,141,119,74,183,63,51,72,147,65,102,115,14,45,55,155,184,161,80,114,177,169,191,133,104,180,163,170,95,137,90,125,149,32,68,97,100,7,175,179,27,150,136,144,70,168,17,103,105,142,190,188,186,176,42,47,132,166,123,44];False
2367;8259;10626;[4,67,193,48,10,1,91,129,8,84,122,73,174,135,21,99,16,77,112,71,56,18,62,120,24,197,26,9,143,20,3,2,121,160,92,49,130,22,38,34,124,94,75,12,165,153,187,127,39,107,87,76,50,53,93,23,30,134,58,86,69,64,101,151,54,158,199,6,117,188,25,110,81,52,182,28,162,78,60,79,185,148,167,61,41,36,46,131,59,133,96,157,138,178,164,173,66,126,198,159,140,118,109,29,154,156,106,19,108,146,43,128,85,152,111,83,181,82,192,139,33,13,172,195,40,37,15,35,88,145,189,194,31,171,116,57,0,113,196,89,5,141,119,74,183,63,51,72,147,65,102,115,14,45,55,155,184,161,80,114,177,169,191,11,104,180,163,170,95,137,90,125,149,32,68,97,100,7,175,179,27,150,136,144,70,168,17,103,105,142,190,98,186,176,42,47,132,166,123,44];False
2330;8296;10626;[4,67,193,48,10,148,91,129,8,84,122,73,174,135,21,99,16,77,112,71,56,18,62,120,24,197,26,9,143,20,3,2,121,160,92,49,130,22,38,34,124,94,75,12,165,153,187,127,39,107,87,76,50,53,93,23,30,134,58,86,69,64,101,151,54,158,199,6,117,98,25,110,81,52,182,28,162,78,60,79,185,1,167,61,41,36,46,131,59,133,96,157,138,178,164,173,66,126,198,159,140,118,109,29,154,156,106,19,108,146,43,128,85,152,111,83,181,82,192,139,33,13,172,195,40,37,15,35,88,145,189,194,31,171,116,57,0,113,196,89,5,141,119,74,183,63,51,72,147,65,102,115,14,45,55,155,184,161,80,114,177,169,191,11,104,180,163,170,95,137,90,125,149,32,68,97,100,7,175,179,27,150,136,144,70,168,17,103,105,142,190,188,186,176,42,47,132,166,123,44];False
2357;8269;10626;[4,67,193,48,10,1,91,129,8,84,122,73,174,135,21,99,16,77,112,71,56,18,62,120,24,197,26,9,143,20,3,2,121,160,92,49,130,22,38,34,124,173,75,12,165,153,187,127,39,107,87,76,50,53,93,23,30,134,58,86,69,64,101,151,54,158,199,6,117,98,25,110,81,52,182,28,162,78,60,79,185,148,167,61,41,36,46,131,59,133,96,157,138,178,164,94,66,126,198,159,140,118,109,29,154,156,106,19,108,146,43,128,85,152,111,83,181,82,192,139,33,13,172,195,40,37,15,35,88,145,189,194,31,171,116,57,0,113,196,89,5,141,119,74,183,63,51,72,147,65,102,115,14,45,55,155,184,161,80,114,177,169,191,11,104,180,163,170,95,137,90,125,149,32,68,97,100,7,175,179,27,150,136,144,70,168,17,103,105,142,190,188,186,176,42,47,132,166,123,44];False
2343;8283;10626;[4,67,193,48,10,1,91,129,8,84,122,73,174,135,21,99,16,77,112,71,56,18,62,120,24,197,26,9,143,20,3,2,121,160,92,49,130,22,38,34,124,94,75,12,165,153,187,127,39,107,87,76,50,53,93,23,30,134,58,86,69,64,101,151,54,158,199,6,117,98,25,110,81,52,182,28,162,78,60,79,185,148,167,61,41,36,46,131,59,133,96,157,138,178,164,173,66,126,198,159,140,118,109,29,154,156,106,19,108,146,43,128,85,152,111,83,181,82,192,139,33,13,172,195,40,37,15,35,88,145,189,194,31,171,116,57,0,113,196,89,5,141,119,74,183,63,51,72,147,65,102,115,14,45,55,155,184,161,190,114,177,169,191,11,104,180,163,170,95,137,90,125,149,32,68,97,100,7,175,179,27,150,136,144,70,168,17,103,105,142,80,188,186,176,42,47,132,166,123,44];False
2330;8295;10625;[4,67,193,48,10,1,91,129,8,84,122,73,174,135,21,99,16,77,112,71,56,198,62,120,24,197,26,9,143,20,3,2,121,160,92,49,130,22,38,34,124,94,75,12,165,153,187,127,39,107,87,76,50,53,93,23,30,134,58,86,69,64,101,151,54,158,199,6,117,98,25,110,81,52,182,28,162,78,60,79,185,148,167,61,41,36,46,131,59,133,96,157,138,178,164,173,66,126,18,159,140,118,109,29,154,156,106,19,108,146,43,128,85,152,111,83,181,82,192,139,33,13,172,195,40,37,15,35,88,145,189,194,31,171,116,57,0,113,196,89,5,141,119,74,183,63,51,72,147,65,102,115,14,45,55,155,184,161,80,114,177,169,191,11,104,180,163,170,95,137,90,125,149,32,68,97,100,7,175,179,27,150,136,144,70,168,17,103,105,142,190,188,186,176,42,47,132,166,123,44];False
2389;8236;10625;[4,67,193,48,10,1,91,129,8,84,122,73,174,135,21,99,16,77,112,71,56,18,62,120,24,197,26,9,143,20,3,2,121,160,76,49,130,22,38,34,124,94,75,12,165,153,187,127,39,107,87,92,50,53,93,23,30,134,58,86,69,64,101,151,54,158,199,6,117,98,25,110,81,52,182,28,162,78,60,79,185,148,167,61,41,36,46,131,59,133,96,157,138,178,164,173,66,126,198,159,140,118,109,29,154,156,106,19,108,146,43,128,85,152,111,83,181,82,192,139,33,13,172,195,40,37,15,35,88,145,189,194,31,171,116,57,0,113,196,89,5,141,119,74,183,63,51,72,147,65,102,115,14,45,55,155,184,161,80,114,177,169,191,11,104,180,163,170,95,137,90,125,149,32,68,97,100,7,175,179,27,150,136,144,70,168,17,103,105,142,190,188,186,176,42,47,132,166,123,44];False
2349;8276;10625;[4,67,193,48,10,1,91,129,8,84,122,73,174,135,21,99,16,77,112,71,56,18,62,120,24,197,26,9,143,20,3,2,121,160,92,49,130,22,38,34,124,94,75,12,165,153,187,127,39,107,87,63,50,53,93,23,30,134,58,86,69,64,101,151,54,158,199,6,117,98,25,110,81,52,182,28,162,78,60,79,185,148,167,61,41,36,46,131,59,133,96,157,138,178,164,173,66,126,198,159,140,118,109,29,154,156,106,19,108,146,43,128,85,152,111,83,181,82,192,139,33,13,172,195,40,37,15,35,88,145,189,194,31,171,116,57,0,113,196,89,5,141,119,74,183,76,51,72,147,65,102,115,14,45,55,155,184,161,80,114,177,169,191,11,104,180,163,170,95,137,90,125,149,32,68,97,100,7,175,179,27,150,136,144,70,168,17,103,105,142,190,188,186,176,42,47,132,166,123,44];False
2322;8303;10625;[4,67,193,48,10,1,91,129,8,84,122,73,174,135,21,171,16,77,112,71,56,18,62,120,24,197,26,9,143,20,3,2,121,160,92,49,130,22,38,34,124,94,75,12,165,153,187,127,39,107,87,76,50,53,93,23,30,134,58,86,69,64,101,151,54,158,199,6,117,98,25,110,81,52,182,28,162,78,60,79,185,148,167,61,41,36,46,131,59,133,96,157,138,178,164,173,66,126,198,159,140,118,109,29,154,156,106,19,108,146,43,128,85,152,111,83,181,82,192,139,33,13,172,195,40,37,15,35,88,145,189,194,31,99,116,57,0,113,196,89,5,141,119,74,183,63,51,72,147,65,102,115,14,45,55,155,184,161,80,114,177,169,191,11,104,180,163,170,95,137,90,125,149,32,68,97,100,7,175,179,27,150,136,144,70,168,17,103,105,142,190,188,186,176,42,47,132,166,123,44];False
2386;8239;10625;[4,67,193,48,10,1,91,129,8,84,122,73,174,135,21,99,16,77,112,71,56,18,62,120,24,197,26,9,143,20,3,2,121,160,92,49,130,22,38,34,124,94,75,12,165,153,187,127,39,107,87,76,50,53,93,23,30,134,58,86,69,64,101,151,54,158,199,6,117,98,25,110,81,52,182,28,162,78,60,79,185,148,167,61,41,36,46,131,59,133,96,157,138,178,164,173,66,126,198,159,140,118,109,29,154,156,106,19,108,146,43,128,195,152,111,83,181,82,192,139,33,13,172,85,40,37,15,35,88,145,189,194,31,171,116,57,0,113,196,89,5,141,119,74,183,63,51,72,147,65,102,115,14,45,55,155,184,161,80,114,177,169,191,11,104,180,163,170,95,137,90,125,149,32,68,97,100,7,175,179,27,150,136,144,70,168,17,103,105,142,190,188,186,176,42,47,132,166,123,44];False
2329;8296;10625;[4,67,193,48,10,1,91,129,8,84,122,73,174,135,21,99,16,77,112,71,56,18,62,120,24,197,26,9,143,20,3,2,121,160,92,49,130,22,38,34,124,94,75,12,165,153,187,127,39,107,87,76,50,53,93,23,30,134,58,86,69,64,101,151,54,158,199,6,117,98,25,110,81,52,182,28,162,78,60,79,185,148,167,61,41,36,46,131,59,133,96,157,138,178,164,173,66,126,198,159,140,118,109,29,154,156,106,19,108,146,43,128,85,152,111,83,181,82,192,139,33,13,172,195,40,37,15,35,88,145,189,194,31,171,116,57,0,113,196,89,5,141,119,74,183,63,51,72,147,65,102,115,14,45,55,155,184,161,80,114,137,169,191,11,104,180,163,170,95,177,90,125,149,32,68,97,100,7,175,179,27,150,136,144,70,168,17,103,105,142,190,188,186,176,42,47,132,166,123,44];False
2360;8265;10625;[4,67,193,48,10,1,91,129,8,84,122,73,174,135,21,99,16,77,112,71,56,151,62,120,24,197,26,9,143,20,3,2,121,160,92,49,130,22,38,34,124,94,75,12,165,153,187,127,39,107,87,76,50,53,93,23,30,134,58,86,69,64,101,18,54,158,199,6,117,98,25,110,81,52,182,28,162,78,60,79,185,148,167,61,41,36,46,131,59,133,96,157,138,178,164,173,66,126,198,159,140,118,109,29,154,156,106,19,108,146,43,128,85,152,111,83,181,82,192,139,33,13,172,195,40,37,15,35,88,145,189,194,31,171,116,57,0,113,196,89,5,141,119,74,183,63,51,72,147,65,102,115,14,45,55,155,184,161,80,114,177,169,191,11,104,180,163,170,95,137,90,125,149,32,68,97,100,7,175,179,27,150,136,144,70,168,17,103,105,142,190,188,186,176,42,47,132,166,123,44];False
2366;8259;10625;[4,67,193,48,10,1,91,129,8,84,122,73,174,135,21,99,16,77,112,71,56,18,62,120,24,197,26,9,143,20,3,2,121,160,92,49,130,22,38,34,124,94,75,12,165,153,187,127,39,107,87,76,50,53,93,23,30,134,58,86,69,64,101,151,54,158,199,6,117,98,25,110,81,52,182,184,162,78,60,79,185,148,167,61,41,36,46,131,59,133,96,157,138,178,164,173,66,126,198,159,140,118,109,29,154,156,106,19,108,146,43,128,85,152,111,83,181,82,192,139,33,13,172,195,40,37,15,35,88,145,189,194,31,171,116,57,0,113,196,89,5,141,119,74,183,63,51,72,147,65,102,115,14,45,55,155,28,161,80,114,177,169,191,11,104,180,163,170,95,137,90,125,149,32,68,97,100,7,175,179,27,150,136,144,70,168,17,103,105,142,190,188,186,176,42,47,132,166,123,44];False
2350;8275;10625;[4,67,193,48,10,1,91,129,8,84,122,73,174,135,21,99,16,77,112,71,56,18,62,120,24,197,26,9,143,20,3,2,181,160,92,49,130,22,38,34,124,94,75,12,165,153,187,127,39,107,87,76,50,53,93,23,30,134,58,86,69,64,101,151,54,158,199,6,117,98,25,110,81,52,182,28,162,78,60,79,185,148,167,61,41,36,46,131,59,133,96,157,138,178,164,173,66,126,198,159,140,118,109,29,154,156,106,19,108,146,43,128,85,152,111,83,121,82,192,139,33,13,172,195,40,37,15,35,88,145,189,194,31,171,116,57,0,113,196,89,5,141,119,74,183,63,51,72,147,65,102,115,14,45,55,155,184,161,80,114,177,169,191,11,104,180,163,170,95,137,90,125,149,32,68,97,100,7,175,179,27,150,136,144,70,168,17,103,105,142,190,188,186,176,42,47,132,166,123,44];False
2356;8269;10625;[4,67,193,48,10,1,91,129,8,84,122,73,174,135,21,99,16,77,112,71,56,18,62,120,24,197,26,9,143,20,3,2,121,160,92,49,130,22,38,34,124,94,75,12,87,153,187,127,39,107,165,76,50,53,93,23,30,134,58,86,69,64,101,151,54,158,199,6,117,98,25,110,81,52,182,28,162,78,60,79,185,148,167,61,41,36,46,131,59,133,96,157,138,178,164,173,66,126,198,159,140,118,109,29,154,156,106,19,108,146,43,128,85,152,111,83,181,82,192,139,33,13,172,195,40,37,15,35,88,145,189,194,31,171,116,57,0,113,196,89,5,141,119,74,183,63,51,72,147,65,102,115,14,45,55,155,184,161,80,114,177,169,191,11,104,180,163,170,95,137,90,125,149,32,68,97,100,7,175,179,27,150,136,144,70,168,17,103,105,142,190,188,186,176,42,47,132,166,123,44];False
2349;8276;10625;[4,67,193,48,10,1,91,129,8,84,122,73,174,135,21,99,16,77,112,71,56,18,62,120,24,197,26,9,143,20,3,2,121,160,92,49,130,22,38,34,124,94,75,12,165,153,187,127,39,107,87,76,50,53,93,23,30,134,58,86,69,64,101,151,54,158,199,6,117,98,25,110,81,52,182,28,162,78,60,79,185,148,167,61,41,36,46,131,59,133,96,157,138,178,164,173,66,126,198,159,140,118,109,29,154,156,106,19,108,146,43,128,85,152,111,83,113,82,192,139,33,13,172,195,40,37,15,35,88,145,189,194,31,171,116,57,0,181,196,89,5,141,119,74,183,63,51,72,147,65,102,115,14,45,55,155,184,161,80,114,177,169,191,11,104,180,163,170,95,137,90,125,149,32,68,97,100,7,175,179,27,150,136,144,70,168,17,103,105,142,190,188,186,176,42,47,132,166,123,44];False
2351;8274;10625;[4,67,193,48,10,1,91,129,8,84,122,73,174,135,21,99,16,77,112,71,56,18,62,120,24,197,26,9,143,20,3,2,121,160,92,49,130,22,38,34,124,94,75,12,165,153,187,127,39,107,87,76,50,53,93,23,30,134,58,86,69,64,101,151,54,158,199,6,117,98,25,110,81,52,182,28,162,78,60,79,185,148,167,61,41,36,46,131,59,133,96,157,138,178,164,173,66,126,198,159,140,118,109,29,154,156,106,19,108,146,43,128,85,152,111,116,181,82,192,139,33,13,172,195,40,37,15,35,88,145,189,194,31,171,83,57,0,113,196,89,5,141,119,74,183,63,51,72,147,65,102,115,14,45,55,155,184,161,80,114,177,169,191,11,104,180,163,170,95,137,90,125,149,32,68,97,100,7,175,179,27,150,136,144,70,168,17,103,105,142,190,188,186,176,42,47,132,166,123,44];False
2356;8269;10625;[4,67,193,48,10,1,91,129,8,84,122,73,174,135,21,99,16,77,112,71,56,18,62,120,24,197,26,9,143,20,3,2,121,160,92,49,130,22,38,34,124,94,75,12,165,153,187,127,39,107,87,76,50,53,93,23,30,134,58,86,69,64,101,151,54,158,199,6,117,98,25,110,81,52,182,28,162,78,60,79,185,148,167,61,41,36,46,131,59,133,96,157,138,178,164,173,66,126,198,159,140,118,109,29,154,156,106,19,108,146,43,128,85,152,111,83,181,82,192,139,33,13,172,195,40,37,15,35,88,145,189,194,31,171,116,57,0,113,196,89,5,141,119,74,183,63,51,72,147,65,102,115,14,45,55,155,184,161,142,114,177,169,191,11,104,180,163,170,95,137,90,125,149,32,68,97,100,7,175,179,27,150,136,144,70,168,17,103,105,80,190,188,186,176,42,47,132,166,123,44];False
2372;8253;10625;[4,67,193,48,10,1,91,129,8,84,122,73,174,74,21,99,16,77,112,71,56,18,62,120,24,197,26,9,143,20,3,2,121,160,92,49,130,22,38,34,124,94,75,12,165,153,187,127,39,107,87,76,50,53,93,23,30,134,58,86,69,64,101,151,54,158,199,6,117,98,25,110,81,52,182,28,162,78,60,79,185,148,167,61,41,36,46,131,59,133,96,157,138,178,164,173,66,126,198,159,140,118,109,29,154,156,106,19,108,146,43,128,85,152,111,83,181,82,192,139,33,13,172,195,40,37,15,35,88,145,189,194,31,171,116,57,0,113,196,89,5,141,119,135,183,63,51,72,147,65,102,115,14,45,55,155,184,161,80,114,177,169,191,11,104,180,163,170,95,137,90,125,149,32,68,97,100,7,175,179,27,150,136,144,70,168,17,103,105,142,190,188,186,176,42,47,132,166,123,44];False
2383;8241;10624;[4,67,193,48,10,1,91,129,8,84,122,73,174,135,21,99,16,77,112,71,56,18,62,120,137,197,26,9,143,20,3,2,121,160,92,49,130,22,38,34,124,94,75,12,165,153,187,127,39,107,87,76,50,53,93,23,30,134,58,86,69,64,101,151,54,158,199,6,117,98,25,110,81,52,182,28,162,78,60,79,185,148,167,61,41,36,46,131,59,133,96,157,138,178,164,173,66,126,198,159,140,118,109,29,154,156,106,19,108,146,43,128,85,152,111,83,181,82,192,139,33,13,172,195,40,37,15,35,88,145,189,194,31,171,116,57,0,113,196,89,5,141,119,74,183,63,51,72,147,65,102,115,14,45,55,155,184,161,80,114,177,169,191,11,104,180,163,170,95,24,90,125,149,32,68,97,100,7,175,179,27,150,136,144,70,168,17,103,105,142,190,188,186,176,42,47,132,166,123,44];False
2303;8321;10624;[4,67,193,48,10,1,91,129,8,84,122,73,174,135,21,99,16,77,112,71,56,18,62,120,24,197,26,9,143,20,3,2,121,160,92,49,130,22,38,34,124,94,75,12,165,153,187,127,39,107,87,76,50,53,93,23,30,134,58,86,69,64,101,151,54,158,199,6,117,98,25,110,81,52,182,28,162,156,60,79,185,148,167,61,41,36,46,131,59,133,96,157,138,178,164,173,66,126,198,159,140,118,109,29,154,78,106,19,108,146,43,128,85,152,111,83,181,82,192,139,33,13,172,195,40,37,15,35,88,145,189,194,31,171,116,57,0,113,196,89,5,141,119,74,183,63,51,72,147,65,102,115,14,45,55,155,184,161,80,114,177,169,191,11,104,180,163,170,95,137,90,125,149,32,68,97,100,7,175,179,27,150,136,144,70,168,17,103,105,142,190,188,186,176,42,47,132,166,123,44];False
2338;8286;10624;[4,67,193,48,10,1,91,129,8,84,122,73,174,135,21,99,16,77,112,71,56,18,62,120,24,197,26,9,143,20,3,2,121,160,92,49,130,22,38,34,124,94,75,12,165,153,187,127,39,107,87,76,50,53,93,23,30,134,58,86,69,64,101,151,54,158,199,6,117,98,25,110,81,52,182,28,162,78,60,79,185,148,167,61,41,36,46,131,59,133,96,157,138,178,164,173,66,126,198,159,140,118,109,29,154,156,106,19,108,146,72,128,85,152,111,83,181,82,192,139,33,13,172,195,40,37,15,35,88,145,189,194,31,171,116,57,0,113,196,89,5,141,119,74,183,63,51,43,147,65,102,115,14,45,55,155,184,161,80,114,177,169,191,11,104,180,163,170,95,137,90,125,149,32,68,97,100,7,175,179,27,150,136,144,70,168,17,103,105,142,190,188,186,176,42,47,132,166,123,44];False
2326;8298;10624;[4,67,193,48,10,1,91,129,8,84,122,73,174,135,21,99,16,77,112,71,56,18,62,120,24,197,26,9,143,20,3,2,121,160,92,49,130,22,38,34,124,94,75,70,165,153,187,127,39,107,87,76,50,53,93,23,30,134,58,86,69,64,101,151,54,158,199,6,117,98,25,110,81,52,182,28,162,78,60,79,185,148,167,61,41,36,46,131,59,133,96,157,138,178,164,173,66,126,198,159,140,118,109,29,154,156,106,19,108,146,43,128,85,152,111,83,181,82,192,139,33,13,172,195,40,37,15,35,88,145,189,194,31,171,116,57,0,113,196,89,5,141,119,74,183,63,51,72,147,65,102,115,14,45,55,155,184,161,80,114,177,169,191,11,104,180,163,170,95,137,90,125,149,32,68,97,100,7,175,179,27,150,136,144,12,168,17,103,105,142,190,188,186,176,42,47,132,166,123,44];False
2351;8273;10624;[4,22,193,48,10,1,91,129,8,84,122,73,174,135,21,99,16,77,112,71,56,18,62,120,24,197,26,9,143,20,3,2,121,160,92,49,130,67,38,34,124,94,75,12,165,153,187,127,39,107,87,76,50,53,93,23,30,134,58,86,69,64,101,151,54,158,199,6,117,98,25,110,81,52,182,28,162,78,60,79,185,148,167,61,41,36,46,131,59,133,96,157,138,178,164,173,66,126,198,159,140,118,109,29,154,156,106,19,108,146,43,128,85,152,111,83,181,82,192,139,33,13,172,195,40,37,15,35,88,145,189,194,31,171,116,57,0,113,196,89,5,141,119,74,183,63,51,72,147,65,102,115,14,45,55,155,184,161,80,114,177,169,191,11,104,180,163,170,95,137,90,125,149,32,68,97,100,7,175,179,27,150,136,144,70,168,17,103,105,142,190,188,186,176,42,47,132,166,123,44];False
2381;8243;10624;[4,67,193,48,10,1,91,129,8,84,122,73,174,135,21,99,16,77,112,71,56,18,62,120,24,197,26,9,143,20,3,2,121,160,92,49,130,22,38,34,124,94,75,12,165,153,187,127,39,107,87,76,50,53,93,23,30,134,58,86,69,64,101,151,54,158,199,6,117,98,25,110,81,52,182,28,162,78,60,79,185,148,167,61,41,36,46,131,59,133,96,157,138,178,164,173,66,126,198,159,140,118,109,29,154,156,106,19,108,146,43,128,85,152,111,83,181,82,192,139,33,13,172,195,40,37,15,35,88,145,189,194,31,171,116,57,0,113,196,89,5,141,119,74,183,63,51,72,147,65,102,175,14,45,55,155,184,161,80,114,177,169,191,11,104,180,163,170,95,137,90,125,149,32,68,97,100,7,115,179,27,150,136,144,70,168,17,103,105,142,190,188,186,176,42,47,132,166,123,44];False
2351;8273;10624;[4,67,193,48,10,1,91,129,8,84,122,73,174,135,21,99,16,77,112,71,56,18,62,120,24,197,26,9,143,20,3,2,121,160,92,49,130,22,38,34,124,94,75,12,165,153,187,127,39,107,87,76,50,53,93,23,30,134,58,86,69,64,101,151,54,158,199,6,117,98,25,110,81,52,182,28,162,78,60,79,185,57,167,61,41,36,46,131,59,133,96,157,138,178,164,173,66,126,198,159,140,118,109,29,154,156,106,19,108,146,43,128,85,152,111,83,181,82,192,139,33,13,172,195,40,37,15,35,88,145,189,194,31,171,116,148,0,113,196,89,5,141,119,74,183,63,51,72,147,65,102,115,14,45,55,155,184,161,80,114,177,169,191,11,104,180,163,170,95,137,90,125,149,32,68,97,100,7,175,179,27,150,136,144,70,168,17,103,105,142,190,188,186,176,42,47,132,166,123,44];False
2319;8304;10623;[4,67,193,48,10,1,91,129,8,84,122,73,174,135,21,99,16,77,112,71,56,18,62,120,24,197,26,9,143,20,3,2,121,160,92,49,130,22,38,34,124,94,75,12,165,153,187,127,39,107,87,76,50,53,93,23,30,134,58,86,69,64,101,151,54,158,199,6,117,98,25,110,81,52,182,28,162,78,60,79,185,148,167,61,41,36,46,131,59,133,96,157,138,178,164,173,66,126,198,159,140,118,109,29,154,156,106,19,108,146,43,128,85,152,111,83,181,82,192,139,33,13,172,195,40,37,15,35,88,145,189,194,31,171,116,57,0,184,196,89,5,141,119,74,183,63,51,72,147,65,102,115,14,45,55,155,113,161,80,114,177,169,191,11,104,180,163,170,95,137,90,125,149,32,68,97,100,7,175,179,27,150,136,144,70,168,17,103,105,142,190,188,186,176,42,47,132,166,123,44];False
2367;8256;10623;[4,67,193,48,10,1,91,129,8,84,122,73,174,135,21,99,16,77,112,71,56,18,62,120,24,197,26,9,143,20,3,2,121,160,92,49,130,22,38,34,124,94,75,12,165,153,187,127,39,107,87,76,50,53,93,23,30,134,58,86,69,64,101,151,54,158,199,6,117,98,25,110,81,52,182,28,162,78,60,79,185,148,167,61,41,36,46,131,59,133,96,157,138,178,164,173,66,126,198,159,140,118,109,29,154,194,106,19,108,146,43,128,85,152,111,83,181,82,192,139,33,13,172,195,40,37,15,35,88,145,189,156,31,171,116,57,0,113,196,89,5,141,119,74,183,63,51,72,147,65,102,115,14,45,55,155,184,161,80,114,177,169,191,11,104,180,163,170,95,137,90,125,149,32,68,97,100,7,175,179,27,150,136,144,70,168,17,103,105,142,190,188,186,176,42,47,132,166,123,44];False
2359;8264;10623;[4,67,193,48,10,1,91,129,8,84,122,73,174,135,21,99,16,77,112,71,56,18,76,120,24,197,26,9,143,20,3,2,121,160,92,49,130,22,38,34,124,94,75,12,165,153,187,127,39,107,87,62,50,53,93,23,30,134,58,86,69,64,101,151,54,158,199,6,117,98,25,110,81,52,182,28,162,78,60,79,185,148,167,61,41,36,46,131,59,133,96,157,138,178,164,173,66,126,198,159,140,118,109,29,154,156,106,19,108,146,43,128,85,152,111,83,181,82,192,139,33,13,172,195,40,37,15,35,88,145,189,194,31,171,116,57,0,113,196,89,5,141,119,74,183,63,51,72,147,65,102,115,14,45,55,155,184,161,80,114,177,169,191,11,104,180,163,170,95,137,90,125,149,32,68,97,100,7,175,179,27,150,136,144,70,168,17,103,105,142,190,188,186,176,42,47,132,166,123,44];False
2347;8276;10623;[4,67,193,48,10,1,91,129,8,84,122,73,174,135,21,99,16,77,112,71,56,18,62,120,24,197,26,9,143,20,3,2,121,160,92,49,130,22,38,34,124,94,75,12,165,153,187,127,39,107,87,76,50,53,93,23,30,134,58,86,69,64,101,151,54,158,199,6,117,98,25,110,81,52,182,28,162,78,60,79,185,148,167,61,131,36,46,41,59,133,96,157,138,178,164,173,66,126,198,159,140,118,109,29,154,156,106,19,108,146,43,128,85,152,111,83,181,82,192,139,33,13,172,195,40,37,15,35,88,145,189,194,31,171,116,57,0,113,196,89,5,141,119,74,183,63,51,72,147,65,102,115,14,45,55,155,184,161,80,114,177,169,191,11,104,180,163,170,95,137,90,125,149,32,68,97,100,7,175,179,27,150,136,144,70,168,17,103,105,142,190,188,186,176,42,47,132,166,123,44];False
2377;8246;10623;[4,67,193,48,10,1,91,129,8,84,122,73,174,135,21,99,16,77,112,71,56,18,62,120,24,197,26,9,143,20,3,2,121,160,92,49,130,22,38,34,124,94,75,12,165,153,187,127,39,107,87,76,50,53,93,23,30,134,58,86,69,64,101,151,54,158,199,6,117,98,25,110,81,52,182,28,162,78,60,79,185,148,167,61,41,36,46,131,59,133,96,157,138,178,164,173,66,126,198,159,140,118,109,29,154,156,106,19,108,97,43,128,85,152,111,83,181,82,192,139,33,13,172,195,40,37,15,35,88,145,189,194,31,171,116,57,0,113,196,89,5,141,119,74,183,63,51,72,147,65,102,115,14,45,55,155,184,161,80,114,177,169,191,11,104,180,163,170,95,137,90,125,149,32,68,146,100,7,175,179,27,150,136,144,70,168,17,103,105,142,190,188,186,176,42,47,132,166,123,44];False
2261;8362;10623;[4,67,193,48,10,1,91,129,8,84,122,73,174,135,21,99,16,77,112,71,56,18,44,120,24,197,26,9,143,20,3,2,121,160,92,49,130,22,38,34,124,94,75,12,165,153,187,127,39,107,87,76,50,53,93,23,30,134,58,86,69,64,101,151,54,158,199,6,117,98,25,110,81,52,182,28,162,78,60,79,185,148,167,61,41,36,46,131,59,133,96,157,138,178,164,173,66,126,198,159,140,118,109,29,154,156,106,19,108,146,43,128,85,152,111,83,181,82,192,139,33,13,172,195,40,37,15,35,88,145,189,194,31,171,116,57,0,113,196,89,5,141,119,74,183,63,51,72,147,65,102,115,14,45,55,155,184,161,80,114,177,169,191,11,104,180,163,170,95,137,90,125,149,32,68,97,100,7,175,179,27,150,136,144,70,168,17,103,105,142,190,188,186,176,42,47,132,166,123,62];False
2341;8282;10623;[4,67,193,48,10,1,91,129,8,84,122,73,174,135,21,99,16,77,112,71,56,18,62,120,24,197,26,9,143,20,3,2,121,89,92,49,130,22,38,34,124,94,75,12,165,153,187,127,39,107,87,76,50,53,93,23,30,134,58,86,69,64,101,151,54,158,199,6,117,98,25,110,81,52,182,28,162,78,60,79,185,148,167,61,41,36,46,131,59,133,96,157,138,178,164,173,66,126,198,159,140,118,109,29,154,156,106,19,108,146,43,128,85,152,111,83,181,82,192,139,33,13,172,195,40,37,15,35,88,145,189,194,31,171,116,57,0,113,196,160,5,141,119,74,183,63,51,72,147,65,102,115,14,45,55,155,184,161,80,114,177,169,191,11,104,180,163,170,95,137,90,125,149,32,68,97,100,7,175,179,27,150,136,144,70,168,17,103,105,142,190,188,186,176,42,47,132,166,123,44];False
2321;8302;10623;[4,67,193,48,10,1,91,129,8,84,122,73,174,135,21,99,16,77,112,71,56,18,62,120,24,197,26,9,143,20,3,2,121,160,92,49,130,22,38,34,124,94,75,12,165,153,157,127,39,107,87,76,50,53,93,23,30,134,58,86,69,64,101,151,54,158,199,6,117,98,25,110,81,52,182,28,162,78,60,79,185,148,167,61,41,36,46,131,59,133,96,187,138,178,164,173,66,126,198,159,140,118,109,29,154,156,106,19,108,146,43,128,85,152,111,83,181,82,192,139,33,13,172,195,40,37,15,35,88,145,189,194,31,171,116,57,0,113,196,89,5,141,119,74,183,63,51,72,147,65,102,115,14,45,55,155,184,161,80,114,177,169,191,11,104,180,163,170,95,137,90,125,149,32,68,97,100,7,175,179,27,150,136,144,70,168,17,103,105,142,190,188,186,176,42,47,132,166,123,44];False
2372;8251;10623;[4,67,193,48,10,1,91,129,8,84,122,73,174,135,21,99,16,77,112,71,56,18,62,120,24,197,26,9,143,20,3,2,121,160,92,49,130,22,38,34,15,94,75,12,165,153,187,127,39,107,87,76,50,53,93,23,30,134,58,86,69,64,101,151,54,158,199,6,117,98,25,110,81,52,182,28,162,78,60,79,185,148,167,61,41,36,46,131,59,133,96,157,138,178,164,173,66,126,198,159,140,118,109,29,154,156,106,19,108,146,43,128,85,152,111,83,181,82,192,139,33,13,172,195,40,37,124,35,88,145,189,194,31,171,116,57,0,113,196,89,5,141,119,74,183,63,51,72,147,65,102,115,14,45,55,155,184,161,80,114,177,169,191,11,104,180,163,170,95,137,90,125,149,32,68,97,100,7,175,179,27,150,136,144,70,168,17,103,105,142,190,188,186,176,42,47,132,166,123,44];False
2294;8329;10623;[4,67,193,48,10,1,91,129,8,84,122,73,174,135,21,99,16,77,112,71,56,18,62,120,24,197,26,9,143,20,3,2,121,160,92,49,130,22,38,34,124,94,75,12,165,153,37,127,39,107,87,76,50,53,93,23,30,134,58,86,69,64,101,151,54,158,199,6,117,98,25,110,81,52,182,28,162,78,60,79,185,148,167,61,41,36,46,131,59,133,96,157,138,178,164,173,66,126,198,159,140,118,109,29,154,156,106,19,108,146,43,128,85,152,111,83,181,82,192,139,33,13,172,195,40,187,15,35,88,145,189,194,31,171,116,57,0,113,196,89,5,141,119,74,183,63,51,72,147,65,102,115,14,45,55,155,184,161,80,114,177,169,191,11,104,180,163,170,95,137,90,125,149,32,68,97,100,7,175,179,27,150,136,144,70,168,17,103,105,142,190,188,186,176,42,47,132,166,123,44];False
2409;8213;10622;[4,67,193,48,10,1,91,129,8,84,122,73,174,135,21,99,16,77,112,71,56,18,62,120,24,197,26,9,143,20,3,2,121,160,92,49,130,22,38,34,124,94,75,12,165,153,187,127,39,107,87,76,50,53,93,23,30,134,58,86,69,133,101,151,54,158,199,6,117,98,25,110,81,52,182,28,162,78,60,79,185,148,167,61,41,36,46,131,59,64,96,157,138,178,164,173,66,126,198,159,140,118,109,29,154,156,106,19,108,146,43,128,85,152,111,83,181,82,192,139,33,13,172,195,40,37,15,35,88,145,189,194,31,171,116,57,0,113,196,89,5,141,119,74,183,63,51,72,147,65,102,115,14,45,55,155,184,161,80,114,177,169,191,11,104,180,163,170,95,137,90,125,149,32,68,97,100,7,175,179,27,150,136,144,70,168,17,103,105,142,190,188,186,176,42,47,132,166,123,44];False
2342;8280;10622;[4,67,193,48,10,1,91,129,8,84,122,73,174,135,21,99,16,77,112,71,56,18,62,120,24,197,26,9,143,20,3,2,121,160,92,49,130,22,38,34,124,94,75,12,165,153,187,127,39,107,87,76,50,53,93,23,30,134,58,86,69,64,101,151,54,158,199,6,117,98,25,110,81,52,182,28,162,78,60,79,185,148,167,61,41,36,46,131,59,133,96,157,138,178,164,173,66,126,198,159,140,118,109,29,154,156,106,19,108,195,43,128,85,152,111,83,181,82,192,139,33,13,172,146,40,37,15,35,88,145,189,194,31,171,116,57,0,113,196,89,5,141,119,74,183,63,51,72,147,65,102,115,14,45,55,155,184,161,80,114,177,169,191,11,104,180,163,170,95,137,90,125,149,32,68,97,100,7,175,179,27,150,136,144,70,168,17,103,105,142,190,188,186,176,42,47,132,166,123,44];False
2352;8270;10622;[4,67,193,48,10,1,91,129,8,84,122,73,174,135,21,99,16,77,112,71,56,18,134,120,24,197,26,9,143,20,3,2,121,160,92,49,130,22,38,34,124,94,75,12,165,153,187,127,39,107,87,76,50,53,93,23,30,62,58,86,69,64,101,151,54,158,199,6,117,98,25,110,81,52,182,28,162,78,60,79,185,148,167,61,41,36,46,131,59,133,96,157,138,178,164,173,66,126,198,159,140,118,109,29,154,156,106,19,108,146,43,128,85,152,111,83,181,82,192,139,33,13,172,195,40,37,15,35,88,145,189,194,31,171,116,57,0,113,196,89,5,141,119,74,183,63,51,72,147,65,102,115,14,45,55,155,184,161,80,114,177,169,191,11,104,180,163,170,95,137,90,125,149,32,68,97,100,7,175,179,27,150,136,144,70,168,17,103,105,142,190,188,186,176,42,47,132,166,123,44];False
2349;8273;10622;[4,67,193,48,10,1,91,129,8,84,122,73,174,135,21,99,16,77,112,71,56,18,62,120,24,197,26,9,143,20,3,111,121,160,92,49,130,22,38,34,124,94,75,12,165,153,187,127,39,107,87,76,50,53,93,23,30,134,58,86,69,64,101,151,54,158,199,6,117,98,25,110,81,52,182,28,162,78,60,79,185,148,167,61,41,36,46,131,59,133,96,157,138,178,164,173,66,126,198,159,140,118,109,29,154,156,106,19,108,146,43,128,85,152,2,83,181,82,192,139,33,13,172,195,40,37,15,35,88,145,189,194,31,171,116,57,0,113,196,89,5,141,119,74,183,63,51,72,147,65,102,115,14,45,55,155,184,161,80,114,177,169,191,11,104,180,163,170,95,137,90,125,149,32,68,97,100,7,175,179,27,150,136,144,70,168,17,103,105,142,190,188,186,176,42,47,132,166,123,44];False
2377;8245;10622;[4,67,193,48,10,1,91,129,8,84,122,73,174,135,21,99,16,77,112,71,56,18,62,120,24,197,26,9,143,20,3,2,121,160,92,49,130,22,38,34,124,94,75,12,110,153,187,127,39,107,87,76,50,53,93,23,30,134,58,86,69,64,101,151,54,158,199,6,117,98,25,165,81,52,182,28,162,78,60,79,185,148,167,61,41,36,46,131,59,133,96,157,138,178,164,173,66,126,198,159,140,118,109,29,154,156,106,19,108,146,43,128,85,152,111,83,181,82,192,139,33,13,172,195,40,37,15,35,88,145,189,194,31,171,116,57,0,113,196,89,5,141,119,74,183,63,51,72,147,65,102,115,14,45,55,155,184,161,80,114,177,169,191,11,104,180,163,170,95,137,90,125,149,32,68,97,100,7,175,179,27,150,136,144,70,168,17,103,105,142,190,188,186,176,42,47,132,166,123,44];False
2337;8285;10622;[4,67,193,48,10,1,91,129,8,194,122,73,174,135,21,99,16,77,112,71,56,18,62,120,24,197,26,9,143,20,3,2,121,160,92,49,130,22,38,34,124,94,75,12,165,153,187,127,39,107,87,76,50,53,93,23,30,134,58,86,69,64,101,151,54,158,199,6,117,98,25,110,81,52,182,28,162,78,60,79,185,148,167,61,41,36,46,131,59,133,96,157,138,178,164,173,66,126,198,159,140,118,109,29,154,156,106,19,108,146,43,128,85,152,111,83,181,82,192,139,33,13,172,195,40,37,15,35,88,145,189,84,31,171,116,57,0,113,196,89,5,141,119,74,183,63,51,72,147,65,102,115,14,45,55,155,184,161,80,114,177,169,191,11,104,180,163,170,95,137,90,125,149,32,68,97,100,7,175,179,27,150,136,144,70,168,17,103,105,142,190,188,186,176,42,47,132,166,123,44];False
2363;8259;10622;[4,67,193,48,10,1,91,129,8,84,122,73,174,135,21,99,16,77,112,71,56,18,62,120,24,197,26,9,143,136,3,2,121,160,92,49,130,22,38,34,124,94,75,12,165,153,187,127,39,107,87,76,50,53,93,23,30,134,58,86,69,64,101,151,54,158,199,6,117,98,25,110,81,52,182,28,162,78,60,79,185,148,167,61,41,36,46,131,59,133,96,157,138,178,164,173,66,126,198,159,140,118,109,29,154,156,106,19,108,146,43,128,85,152,111,83,181,82,192,139,33,13,172,195,40,37,15,35,88,145,189,194,31,171,116,57,0,113,196,89,5,141,119,74,183,63,51,72,147,65,102,115,14,45,55,155,184,161,80,114,177,169,191,11,104,180,163,170,95,137,90,125,149,32,68,97,100,7,175,179,27,150,20,144,70,168,17,103,105,142,190,188,186,176,42,47,132,166,123,44];False
2370;8252;10622;[4,67,193,48,10,1,91,129,8,84,122,73,174,135,21,99,16,77,112,71,56,18,62,120,24,197,26,9,143,20,3,2,121,160,92,49,130,22,38,34,124,94,75,12,165,153,187,127,39,107,87,76,50,53,93,23,30,134,58,86,69,64,101,151,54,158,199,6,117,98,25,110,81,52,182,28,162,78,60,79,185,148,167,61,41,36,46,131,59,133,96,157,138,178,164,173,66,126,198,159,140,118,109,29,154,156,106,19,108,146,43,128,85,152,111,83,181,82,192,139,33,13,172,195,40,37,15,35,88,145,189,45,31,171,116,57,0,113,196,89,5,141,119,74,183,63,51,72,147,65,102,115,14,194,55,155,184,161,80,114,177,169,191,11,104,180,163,170,95,137,90,125,149,32,68,97,100,7,175,179,27,150,136,144,70,168,17,103,105,142,190,188,186,176,42,47,132,166,123,44];False
2361;8261;10622;[4,67,193,48,10,1,91,129,8,84,122,73,174,135,21,99,16,77,112,71,56,18,62,120,24,197,26,9,143,20,3,2,121,160,92,49,130,22,38,34,124,94,75,12,165,153,187,127,39,107,87,76,50,53,93,23,30,134,58,86,69,64,101,151,54,158,199,6,117,98,25,110,81,52,182,28,162,78,60,79,185,148,167,61,41,36,46,131,59,133,96,157,138,178,164,173,66,126,198,159,140,118,109,29,154,156,106,108,19,146,43,128,85,152,111,83,181,82,192,139,33,13,172,195,40,37,15,35,88,145,189,194,31,171,116,57,0,113,196,89,5,141,119,74,183,63,51,72,147,65,102,115,14,45,55,155,184,161,80,114,177,169,191,11,104,180,163,170,95,137,90,125,149,32,68,97,100,7,175,179,27,150,136,144,70,168,17,103,105,142,190,188,186,176,42,47,132,166,123,44];False
2359;8262;10621;[4,67,193,48,10,1,91,129,8,84,122,73,174,135,21,99,16,77,112,71,56,18,62,120,24,197,26,9,143,20,3,2,121,160,92,49,130,22,38,34,124,94,75,12,165,153,187,127,39,107,87,76,50,53,93,23,30,134,58,86,69,64,101,151,54,158,199,6,117,98,25,110,81,52,182,28,162,78,60,79,185,148,167,61,41,36,46,131,59,133,177,157,138,178,164,173,66,126,198,159,140,118,109,29,154,156,106,19,108,146,43,128,85,152,111,83,181,82,192,139,33,13,172,195,40,37,15,35,88,145,189,194,31,171,116,57,0,113,196,89,5,141,119,74,183,63,51,72,147,65,102,115,14,45,55,155,184,161,80,114,96,169,191,11,104,180,163,170,95,137,90,125,149,32,68,97,100,7,175,179,27,150,136,144,70,168,17,103,105,142,190,188,186,176,42,47,132,166,123,44];False
2332;8289;10621;[4,67,193,48,10,1,91,129,8,84,122,73,174,135,21,99,16,71,112,77,56,18,62,120,24,197,26,9,143,20,3,2,121,160,92,49,130,22,38,34,124,94,75,12,165,153,187,127,39,107,87,76,50,53,93,23,30,134,58,86,69,64,101,151,54,158,199,6,117,98,25,110,81,52,182,28,162,78,60,79,185,148,167,61,41,36,46,131,59,133,96,157,138,178,164,173,66,126,198,159,140,118,109,29,154,156,106,19,108,146,43,128,85,152,111,83,181,82,192,139,33,13,172,195,40,37,15,35,88,145,189,194,31,171,116,57,0,113,196,89,5,141,119,74,183,63,51,72,147,65,102,115,14,45,55,155,184,161,80,114,177,169,191,11,104,180,163,170,95,137,90,125,149,32,68,97,100,7,175,179,27,150,136,144,70,168,17,103,105,142,190,188,186,176,42,47,132,166,123,44];False
2343;8278;10621;[4,67,193,48,10,1,91,129,8,84,122,73,174,135,21,99,16,77,112,71,56,18,62,120,24,197,26,9,143,20,3,42,121,160,92,49,130,22,38,34,124,94,75,12,165,153,187,127,39,107,87,76,50,53,93,23,30,134,58,86,69,64,101,151,54,158,199,6,117,98,25,110,81,52,182,28,162,78,60,79,185,148,167,61,41,36,46,131,59,133,96,157,138,178,164,173,66,126,198,159,140,118,109,29,154,156,106,19,108,146,43,128,85,152,111,83,181,82,192,139,33,13,172,195,40,37,15,35,88,145,189,194,31,171,116,57,0,113,196,89,5,141,119,74,183,63,51,72,147,65,102,115,14,45,55,155,184,161,80,114,177,169,191,11,104,180,163,170,95,137,90,125,149,32,68,97,100,7,175,179,27,150,136,144,70,168,17,103,105,142,190,188,186,176,2,47,132,166,123,44];False
2348;8273;10621;[4,67,193,48,10,1,91,129,8,84,122,73,174,135,21,99,16,77,112,71,56,18,62,120,24,197,26,9,143,20,3,2,121,160,92,49,130,22,38,34,124,94,75,12,165,153,187,127,39,107,87,76,50,53,93,23,30,134,58,86,69,64,101,151,54,158,199,6,117,98,25,110,81,52,182,28,162,78,60,79,185,148,167,61,41,36,46,131,59,133,96,157,138,178,164,173,66,126,198,159,140,118,109,29,154,156,106,19,108,146,43,128,85,152,111,83,181,82,192,139,33,13,172,195,40,37,15,35,88,145,189,194,31,171,116,57,0,113,196,89,5,141,119,74,183,63,51,72,147,65,102,115,14,45,55,155,184,161,80,114,177,169,191,11,104,180,163,170,95,137,175,125,149,32,68,97,100,7,90,179,27,150,136,144,70,168,17,103,105,142,190,188,186,176,42,47,132,166,123,44];False
2363;8258;10621;[4,67,193,48,10,1,91,129,8,84,122,73,174,135,21,99,16,77,112,71,56,18,62,120,24,197,26,9,143,20,3,2,121,160,92,49,130,22,38,34,124,94,75,12,165,153,187,127,39,107,87,76,50,53,93,23,30,134,58,86,69,64,101,151,54,158,199,6,117,98,25,110,81,52,182,28,162,102,60,79,185,148,167,61,41,36,46,131,59,133,96,157,138,178,164,173,66,126,198,159,140,118,109,29,154,156,106,19,108,146,43,128,85,152,111,83,181,82,192,139,33,13,172,195,40,37,15,35,88,145,189,194,31,171,116,57,0,113,196,89,5,141,119,74,183,63,51,72,147,65,78,115,14,45,55,155,184,161,80,114,177,169,191,11,104,180,163,170,95,137,90,125,149,32,68,97,100,7,175,179,27,150,136,144,70,168,17,103,105,142,190,188,186,176,42,47,132,166,123,44];False
2369;8252;10621;[4,67,193,48,10,1,91,129,8,84,122,73,174,135,21,99,16,77,112,71,56,18,62,120,24,197,26,9,143,20,3,2,121,160,92,49,130,22,38,34,124,94,75,12,165,153,187,127,39,107,87,76,50,53,93,23,30,134,58,86,69,64,101,151,54,158,199,6,32,98,25,110,81,52,182,28,162,78,60,79,185,148,167,61,41,36,46,131,59,133,96,157,138,178,164,173,66,126,198,159,140,118,109,29,154,156,106,19,108,146,43,128,85,152,111,83,181,82,192,139,33,13,172,195,40,37,15,35,88,145,189,194,31,171,116,57,0,113,196,89,5,141,119,74,183,63,51,72,147,65,102,115,14,45,55,155,184,161,80,114,177,169,191,11,104,180,163,170,95,137,90,125,149,117,68,97,100,7,175,179,27,150,136,144,70,168,17,103,105,142,190,188,186,176,42,47,132,166,123,44];False
2357;8264;10621;[4,67,193,48,10,1,91,129,8,84,122,73,174,135,21,99,16,77,112,71,56,18,62,120,24,197,26,9,143,20,3,2,121,160,92,49,130,22,38,34,124,94,75,12,165,153,187,127,39,107,87,76,50,53,93,23,30,134,58,86,69,64,101,151,54,158,199,6,117,98,25,110,81,52,182,28,162,78,60,79,185,148,167,61,41,36,46,131,59,133,96,157,138,178,164,173,66,126,198,159,140,118,109,29,154,156,106,19,108,146,43,128,85,152,88,83,181,82,192,139,33,13,172,195,40,37,15,35,111,145,189,194,31,171,116,57,0,113,196,89,5,141,119,74,183,63,51,72,147,65,102,115,14,45,55,155,184,161,80,114,177,169,191,11,104,180,163,170,95,137,90,125,149,32,68,97,100,7,175,179,27,150,136,144,70,168,17,103,105,142,190,188,186,176,42,47,132,166,123,44];False
2339;8282;10621;[4,67,193,48,10,1,91,129,8,84,64,73,174,135,21,99,16,77,112,71,56,18,62,120,24,197,26,9,143,20,3,2,121,160,92,49,130,22,38,34,124,94,75,12,165,153,187,127,39,107,87,76,50,53,93,23,30,134,58,86,69,122,101,151,54,158,199,6,117,98,25,110,81,52,182,28,162,78,60,79,185,148,167,61,41,36,46,131,59,133,96,157,138,178,164,173,66,126,198,159,140,118,109,29,154,156,106,19,108,146,43,128,85,152,111,83,181,82,192,139,33,13,172,195,40,37,15,35,88,145,189,194,31,171,116,57,0,113,196,89,5,141,119,74,183,63,51,72,147,65,102,115,14,45,55,155,184,161,80,114,177,169,191,11,104,180,163,170,95,137,90,125,149,32,68,97,100,7,175,179,27,150,136,144,70,168,17,103,105,142,190,188,186,176,42,47,132,166,123,44];False
2348;8273;10621;[4,67,193,48,10,1,91,129,8,84,122,34,174,135,21,99,16,77,112,71,56,18,62,120,24,197,26,9,143,20,3,2,121,160,92,49,130,22,38,73,124,94,75,12,165,153,187,127,39,107,87,76,50,53,93,23,30,134,58,86,69,64,101,151,54,158,199,6,117,98,25,110,81,52,182,28,162,78,60,79,185,148,167,61,41,36,46,131,59,133,96,157,138,178,164,173,66,126,198,159,140,118,109,29,154,156,106,19,108,146,43,128,85,152,111,83,181,82,192,139,33,13,172,195,40,37,15,35,88,145,189,194,31,171,116,57,0,113,196,89,5,141,119,74,183,63,51,72,147,65,102,115,14,45,55,155,184,161,80,114,177,169,191,11,104,180,163,170,95,137,90,125,149,32,68,97,100,7,175,179,27,150,136,144,70,168,17,103,105,142,190,188,186,176,42,47,132,166,123,44];False
2355;8265;10620;[4,67,193,48,10,1,91,129,8,84,122,73,174,135,21,99,16,77,112,71,56,18,62,120,24,197,26,9,143,20,3,2,121,160,92,49,130,22,38,34,124,94,75,12,165,153,187,127,39,107,87,76,50,53,93,23,30,134,58,86,69,64,101,151,54,158,199,6,117,98,25,110,81,52,182,28,162,78,60,79,185,42,167,61,41,36,46,131,59,133,96,157,138,178,164,173,66,126,198,159,140,118,109,29,154,156,106,19,108,146,43,128,85,152,111,83,181,82,192,139,33,13,172,195,40,37,15,35,88,145,189,194,31,171,116,57,0,113,196,89,5,141,119,74,183,63,51,72,147,65,102,115,14,45,55,155,184,161,80,114,177,169,191,11,104,180,163,170,95,137,90,125,149,32,68,97,100,7,175,179,27,150,136,144,70,168,17,103,105,142,190,188,186,176,148,47,132,166,123,44];False
2333;8287;10620;[4,67,193,48,10,1,91,129,8,84,122,73,174,135,21,99,16,77,112,71,56,18,62,120,24,197,26,9,143,20,3,2,121,160,92,49,130,22,38,34,124,94,162,12,165,153,187,127,39,107,87,76,50,53,93,23,30,134,58,86,69,64,101,151,54,158,199,6,117,98,25,110,81,52,182,28,75,78,60,79,185,148,167,61,41,36,46,131,59,133,96,157,138,178,164,173,66,126,198,159,140,118,109,29,154,156,106,19,108,146,43,128,85,152,111,83,181,82,192,139,33,13,172,195,40,37,15,35,88,145,189,194,31,171,116,57,0,113,196,89,5,141,119,74,183,63,51,72,147,65,102,115,14,45,55,155,184,161,80,114,177,169,191,11,104,180,163,170,95,137,90,125,149,32,68,97,100,7,175,179,27,150,136,144,70,168,17,103,105,142,190,188,186,176,42,47,132,166,123,44];False
2329;8291;10620;[4,67,193,48,78,1,91,129,8,84,122,73,174,135,21,99,16,77,112,71,56,18,62,120,24,197,26,9,143,20,3,2,121,160,92,49,130,22,38,34,124,94,75,12,165,153,187,127,39,107,87,76,50,53,93,23,30,134,58,86,69,64,101,151,54,158,199,6,117,98,25,110,81,52,182,28,162,10,60,79,185,148,167,61,41,36,46,131,59,133,96,157,138,178,164,173,66,126,198,159,140,118,109,29,154,156,106,19,108,146,43,128,85,152,111,83,181,82,192,139,33,13,172,195,40,37,15,35,88,145,189,194,31,171,116,57,0,113,196,89,5,141,119,74,183,63,51,72,147,65,102,115,14,45,55,155,184,161,80,114,177,169,191,11,104,180,163,170,95,137,90,125,149,32,68,97,100,7,175,179,27,150,136,144,70,168,17,103,105,142,190,188,186,176,42,47,132,166,123,44];False
2359;8261;10620;[4,67,193,48,10,1,91,129,8,12,122,73,174,135,21,99,16,77,112,71,56,18,62,120,24,197,26,9,143,20,3,2,121,160,92,49,130,22,38,34,124,94,75,84,165,153,187,127,39,107,87,76,50,53,93,23,30,134,58,86,69,64,101,151,54,158,199,6,117,98,25,110,81,52,182,28,162,78,60,79,185,148,167,61,41,36,46,131,59,133,96,157,138,178,164,173,66,126,198,159,140,118,109,29,154,156,106,19,108,146,43,128,85,152,111,83,181,82,192,139,33,13,172,195,40,37,15,35,88,145,189,194,31,171,116,57,0,113,196,89,5,141,119,74,183,63,51,72,147,65,102,115,14,45,55,155,184,161,80,114,177,169,191,11,104,180,163,170,95,137,90,125,149,32,68,97,100,7,175,179,27,150,136,144,70,168,17,103,105,142,190,188,186,176,42,47,132,166,123,44];False
2338;8282;10620;[4,67,193,48,10,1,91,129,8,84,122,73,174,135,21,99,16,77,112,71,56,18,62,120,24,197,26,9,143,20,3,2,121,160,92,49,130,22,38,34,124,94,75,12,165,153,187,127,39,107,87,76,50,53,93,23,30,134,58,86,69,64,101,151,54,158,199,6,117,98,25,110,81,52,182,28,162,78,60,79,185,148,167,61,41,36,46,131,59,133,96,157,138,178,164,173,66,126,198,142,140,118,109,29,154,156,106,19,108,146,43,128,85,152,111,83,181,82,192,139,33,13,172,195,40,37,15,35,88,145,189,194,31,171,116,57,0,113,196,89,5,141,119,74,183,63,51,72,147,65,102,115,14,45,55,155,184,161,80,114,177,169,191,11,104,180,163,170,95,137,90,125,149,32,68,97,100,7,175,179,27,150,136,144,70,168,17,103,105,159,190,188,186,176,42,47,132,166,123,44];False
2346;8274;10620;[4,67,193,48,10,1,91,129,8,84,122,73,174,135,21,99,16,77,112,71,56,18,62,120,24,197,26,9,143,20,3,2,121,160,92,49,130,22,38,34,124,94,75,12,165,153,187,127,39,107,87,76,50,53,93,23,30,134,58,86,69,64,101,151,54,158,199,6,117,98,25,110,81,52,182,28,162,78,60,79,185,148,167,61,41,36,46,131,59,133,96,157,138,178,164,173,66,126,198,159,140,118,109,29,154,156,106,19,108,146,43,128,85,152,111,68,181,82,192,139,33,13,172,195,40,37,15,35,88,145,189,194,31,171,116,57,0,113,196,89,5,141,119,74,183,63,51,72,147,65,102,115,14,45,55,155,184,161,80,114,177,169,191,11,104,180,163,170,95,137,90,125,149,32,83,97,100,7,175,179,27,150,136,144,70,168,17,103,105,142,190,188,186,176,42,47,132,166,123,44];False
2351;8269;10620;[4,67,193,48,10,1,91,129,8,84,122,73,174,135,21,99,16,77,112,71,56,18,62,120,24,197,26,9,143,20,3,2,121,160,92,49,130,22,38,34,124,94,75,12,165,153,187,127,39,107,87,76,50,53,93,23,30,134,58,86,69,64,101,151,54,158,199,6,117,98,25,110,81,52,182,28,162,78,60,79,185,148,167,61,41,36,46,131,59,133,96,157,138,178,164,173,66,126,198,159,140,118,109,29,154,156,106,19,108,146,43,128,85,152,111,83,181,82,192,139,33,13,172,195,40,37,15,35,88,145,189,194,31,171,116,191,0,113,196,89,5,141,119,74,183,63,51,72,147,65,102,115,14,45,55,155,184,161,80,114,177,169,57,11,104,180,163,170,95,137,90,125,149,32,68,97,100,7,175,179,27,150,136,144,70,168,17,103,105,142,190,188,186,176,42,47,132,166,123,44];False
2366;8254;10620;[4,67,193,48,10,1,91,129,8,84,122,73,174,135,21,99,16,77,112,71,56,18,62,120,24,197,26,9,143,20,3,2,121,160,92,49,130,22,38,34,124,94,75,12,165,153,187,127,39,107,87,76,50,53,93,23,30,134,58,86,69,64,101,151,54,158,199,6,117,98,25,110,81,52,182,28,184,78,60,79,185,148,167,61,41,36,46,131,59,133,96,157,138,178,164,173,66,126,198,159,140,118,109,29,154,156,106,19,108,146,43,128,85,152,111,83,181,82,192,139,33,13,172,195,40,37,15,35,88,145,189,194,31,171,116,57,0,113,196,89,5,141,119,74,183,63,51,72,147,65,102,115,14,45,55,155,162,161,80,114,177,169,191,11,104,180,163,170,95,137,90,125,149,32,68,97,100,7,175,179,27,150,136,144,70,168,17,103,105,142,190,188,186,176,42,47,132,166,123,44];False
2362;8257;10619;[4,67,193,48,10,1,91,129,8,84,122,73,174,135,21,99,16,77,112,71,56,18,62,120,24,197,26,9,143,20,3,2,121,160,92,49,130,22,38,34,124,94,75,12,165,153,187,127,39,107,87,76,50,53,93,23,30,134,58,86,69,64,101,151,54,158,199,6,117,98,25,110,81,52,182,28,162,78,60,79,185,148,167,61,41,36,46,131,59,133,96,157,138,178,164,173,66,126,198,159,140,118,109,29,154,156,106,19,108,146,43,128,85,152,115,83,181,82,192,139,33,13,172,195,40,37,15,35,88,145,189,194,31,171,116,57,0,113,196,89,5,141,119,74,183,63,51,72,147,65,102,111,14,45,55,155,184,161,80,114,177,169,191,11,104,180,163,170,95,137,90,125,149,32,68,97,100,7,175,179,27,150,136,144,70,168,17,103,105,142,190,188,186,176,42,47,132,166,123,44];False
2367;8252;10619;[4,67,193,48,10,1,91,129,24,84,122,73,174,135,21,99,16,77,112,71,56,18,62,120,8,197,26,9,143,20,3,2,121,160,92,49,130,22,38,34,124,94,75,12,165,153,187,127,39,107,87,76,50,53,93,23,30,134,58,86,69,64,101,151,54,158,199,6,117,98,25,110,81,52,182,28,162,78,60,79,185,148,167,61,41,36,46,131,59,133,96,157,138,178,164,173,66,126,198,159,140,118,109,29,154,156,106,19,108,146,43,128,85,152,111,83,181,82,192,139,33,13,172,195,40,37,15,35,88,145,189,194,31,171,116,57,0,113,196,89,5,141,119,74,183,63,51,72,147,65,102,115,14,45,55,155,184,161,80,114,177,169,191,11,104,180,163,170,95,137,90,125,149,32,68,97,100,7,175,179,27,150,136,144,70,168,17,103,105,142,190,188,186,176,42,47,132,166,123,44];False
2347;8272;10619;[4,67,193,48,10,1,91,129,8,84,122,73,174,135,21,99,16,77,112,71,56,18,62,120,24,197,26,9,143,20,3,2,121,160,92,49,130,22,38,34,124,94,75,12,165,153,187,127,39,107,87,76,50,53,93,23,30,134,58,86,69,64,101,151,54,158,199,6,117,98,25,110,81,52,182,28,162,78,60,79,185,148,167,61,41,36,46,131,59,133,96,157,138,178,164,173,66,126,198,159,140,118,109,29,154,156,106,19,108,146,43,128,85,152,111,83,181,82,192,139,33,13,172,195,40,37,15,35,88,145,189,194,31,171,116,163,0,113,196,89,5,141,119,74,183,63,51,72,147,65,102,115,14,45,55,155,184,161,80,114,177,169,191,11,104,180,57,170,95,137,90,125,149,32,68,97,100,7,175,179,27,150,136,144,70,168,17,103,105,142,190,188,186,176,42,47,132,166,123,44];False
2337;8282;10619;[4,67,193,68,10,1,91,129,8,84,122,73,174,135,21,99,16,77,112,71,56,18,62,120,24,197,26,9,143,20,3,2,121,160,92,49,130,22,38,34,124,94,75,12,165,153,187,127,39,107,87,76,50,53,93,23,30,134,58,86,69,64,101,151,54,158,199,6,117,98,25,110,81,52,182,28,162,78,60,79,185,148,167,61,41,36,46,131,59,133,96,157,138,178,164,173,66,126,198,159,140,118,109,29,154,156,106,19,108,146,43,128,85,152,111,83,181,82,192,139,33,13,172,195,40,37,15,35,88,145,189,194,31,171,116,57,0,113,196,89,5,141,119,74,183,63,51,72,147,65,102,115,14,45,55,155,184,161,80,114,177,169,191,11,104,180,163,170,95,137,90,125,149,32,48,97,100,7,175,179,27,150,136,144,70,168,17,103,105,142,190,188,186,176,42,47,132,166,123,44];False
2360;8259;10619;[4,67,193,48,10,1,91,129,8,84,122,73,174,51,21,99,16,77,112,71,56,18,62,120,24,197,26,9,143,20,3,2,121,160,92,49,130,22,38,34,124,94,75,12,165,153,187,127,39,107,87,76,50,53,93,23,30,134,58,86,69,64,101,151,54,158,199,6,117,98,25,110,81,52,182,28,162,78,60,79,185,148,167,61,41,36,46,131,59,133,96,157,138,178,164,173,66,126,198,159,140,118,109,29,154,156,106,19,108,146,43,128,85,152,111,83,181,82,192,139,33,13,172,195,40,37,15,35,88,145,189,194,31,171,116,57,0,113,196,89,5,141,119,74,183,63,135,72,147,65,102,115,14,45,55,155,184,161,80,114,177,169,191,11,104,180,163,170,95,137,90,125,149,32,68,97,100,7,175,179,27,150,136,144,70,168,17,103,105,142,190,188,186,176,42,47,132,166,123,44];False
2355;8264;10619;[4,67,193,48,10,1,91,129,8,84,122,73,174,135,21,99,16,77,112,71,56,18,62,120,24,197,26,9,143,20,3,2,121,160,92,49,130,22,38,34,124,94,75,12,165,153,187,127,39,107,87,76,50,53,93,164,30,134,58,86,69,64,101,151,54,158,199,6,117,98,25,110,81,52,182,28,162,78,60,79,185,148,167,61,41,36,46,131,59,133,96,157,138,178,23,173,66,126,198,159,140,118,109,29,154,156,106,19,108,146,43,128,85,152,111,83,181,82,192,139,33,13,172,195,40,37,15,35,88,145,189,194,31,171,116,57,0,113,196,89,5,141,119,74,183,63,51,72,147,65,102,115,14,45,55,155,184,161,80,114,177,169,191,11,104,180,163,170,95,137,90,125,149,32,68,97,100,7,175,179,27,150,136,144,70,168,17,103,105,142,190,188,186,176,42,47,132,166,123,44];False
2361;8258;10619;[4,67,193,48,10,1,91,129,8,84,122,73,174,135,21,99,16,77,112,71,56,18,62,120,24,197,26,9,143,20,3,2,43,160,92,49,130,22,38,34,124,94,75,12,165,153,187,127,39,107,87,76,50,53,93,23,30,134,58,86,69,64,101,151,54,158,199,6,117,98,25,110,81,52,182,28,162,78,60,79,185,148,167,61,41,36,46,131,59,133,96,157,138,178,164,173,66,126,198,159,140,118,109,29,154,156,106,19,108,146,121,128,85,152,111,83,181,82,192,139,33,13,172,195,40,37,15,35,88,145,189,194,31,171,116,57,0,113,196,89,5,141,119,74,183,63,51,72,147,65,102,115,14,45,55,155,184,161,80,114,177,169,191,11,104,180,163,170,95,137,90,125,149,32,68,97,100,7,175,179,27,150,136,144,70,168,17,103,105,142,190,188,186,176,42,47,132,166,123,44];False
2372;8247;10619;[4,67,193,48,10,1,91,129,8,84,122,73,174,135,21,99,16,77,112,71,56,18,62,120,24,197,26,9,143,20,3,2,121,160,92,49,130,22,38,34,124,94,75,12,165,153,187,127,39,107,87,76,50,53,93,23,30,134,58,86,69,64,101,151,54,158,199,6,117,98,25,110,81,52,182,28,162,78,60,79,185,148,167,61,41,36,46,131,59,133,96,157,138,178,164,173,66,126,198,159,140,118,109,29,154,156,106,19,108,146,43,128,85,152,111,83,181,82,192,139,33,13,172,195,40,37,15,35,194,145,189,88,31,171,116,57,0,113,196,89,5,141,119,74,183,63,51,72,147,65,102,115,14,45,55,155,184,161,80,114,177,169,191,11,104,180,163,170,95,137,90,125,149,32,68,97,100,7,175,179,27,150,136,144,70,168,17,103,105,142,190,188,186,176,42,47,132,166,123,44];False
2357;8262;10619;[4,67,193,48,10,1,91,129,8,84,122,73,174,135,21,99,16,77,112,71,56,18,62,120,24,197,26,9,143,20,3,2,121,160,92,49,130,22,38,34,124,94,75,12,165,153,187,127,39,107,87,76,50,53,93,23,30,134,58,86,69,64,101,151,54,158,199,6,117,98,25,110,81,52,182,28,162,78,60,79,185,148,167,164,41,36,46,131,59,133,96,157,138,178,61,173,66,126,198,159,140,118,109,29,154,156,106,19,108,146,43,128,85,152,111,83,181,82,192,139,33,13,172,195,40,37,15,35,88,145,189,194,31,171,116,57,0,113,196,89,5,141,119,74,183,63,51,72,147,65,102,115,14,45,55,155,184,161,80,114,177,169,191,11,104,180,163,170,95,137,90,125,149,32,68,97,100,7,175,179,27,150,136,144,70,168,17,103,105,142,190,188,186,176,42,47,132,166,123,44];False
2293;8326;10619;[4,67,193,48,10,1,91,129,8,84,122,73,174,135,21,99,16,77,112,71,56,18,62,120,24,197,26,9,143,20,3,2,121,160,92,49,130,22,38,34,59,94,75,12,165,153,187,127,39,107,87,76,50,53,93,23,30,134,58,86,69,64,101,151,54,158,199,6,117,98,25,110,81,52,182,28,162,78,60,79,185,148,167,61,41,36,46,131,124,133,96,157,138,178,164,173,66,126,198,159,140,118,109,29,154,156,106,19,108,146,43,128,85,152,111,83,181,82,192,139,33,13,172,195,40,37,15,35,88,145,189,194,31,171,116,57,0,113,196,89,5,141,119,74,183,63,51,72,147,65,102,115,14,45,55,155,184,161,80,114,177,169,191,11,104,180,163,170,95,137,90,125,149,32,68,97,100,7,175,179,27,150,136,144,70,168,17,103,105,142,190,188,186,176,42,47,132,166,123,44];False
2322;8297;10619;[4,67,193,48,10,1,91,129,8,84,122,73,174,135,21,99,16,77,112,71,56,18,62,120,24,197,26,9,143,20,3,2,121,160,92,128,130,22,38,34,124,94,75,12,165,153,187,127,39,107,87,76,50,53,93,23,30,134,58,86,69,64,101,151,54,158,199,6,117,98,25,110,81,52,182,28,162,78,60,79,185,148,167,61,41,36,46,131,59,133,96,157,138,178,164,173,66,126,198,159,140,118,109,29,154,156,106,19,108,146,43,49,85,152,111,83,181,82,192,139,33,13,172,195,40,37,15,35,88,145,189,194,31,171,116,57,0,113,196,89,5,141,119,74,183,63,51,72,147,65,102,115,14,45,55,155,184,161,80,114,177,169,191,11,104,180,163,170,95,137,90,125,149,32,68,97,100,7,175,179,27,150,136,144,70,168,17,103,105,142,190,188,186,176,42,47,132,166,123,44];False
2335;8283;10618;[4,67,193,48,10,1,91,129,8,84,122,73,174,135,21,99,16,77,112,71,56,18,62,120,24,197,26,9,143,20,3,2,121,160,92,49,130,22,38,34,124,94,75,12,165,153,187,127,39,107,87,76,50,53,93,23,30,134,58,86,69,64,101,151,54,158,199,6,117,98,25,110,81,52,182,28,162,78,60,79,185,148,167,61,41,36,46,131,157,133,96,59,138,178,164,173,66,126,198,159,140,118,109,29,154,156,106,19,108,146,43,128,85,152,111,83,181,82,192,139,33,13,172,195,40,37,15,35,88,145,189,194,31,171,116,57,0,113,196,89,5,141,119,74,183,63,51,72,147,65,102,115,14,45,55,155,184,161,80,114,177,169,191,11,104,180,163,170,95,137,90,125,149,32,68,97,100,7,175,179,27,150,136,144,70,168,17,103,105,142,190,188,186,176,42,47,132,166,123,44];False
2324;8294;10618;[4,67,193,48,10,1,91,129,8,84,122,73,174,135,21,99,16,77,112,71,56,18,62,120,24,197,26,9,143,20,3,2,121,160,92,49,130,22,38,34,124,94,75,12,165,153,187,127,39,107,87,76,50,53,93,23,30,134,58,86,69,64,101,151,54,158,199,6,117,98,25,110,81,52,182,28,162,78,60,79,185,148,167,61,41,36,46,131,14,133,96,157,138,178,164,173,66,126,198,159,140,118,109,29,154,156,106,19,108,146,43,128,85,152,111,83,181,82,192,139,33,13,172,195,40,37,15,35,88,145,189,194,31,171,116,57,0,113,196,89,5,141,119,74,183,63,51,72,147,65,102,115,59,45,55,155,184,161,80,114,177,169,191,11,104,180,163,170,95,137,90,125,149,32,68,97,100,7,175,179,27,150,136,144,70,168,17,103,105,142,190,188,186,176,42,47,132,166,123,44];False
2301;8317;10618;[4,67,193,48,10,1,91,129,8,84,122,73,174,135,21,99,16,77,112,71,56,18,62,120,24,197,26,9,143,20,3,2,121,160,92,49,130,22,38,34,124,94,75,12,165,153,187,127,39,107,87,76,50,53,93,23,30,134,58,86,69,64,101,151,54,158,199,6,117,98,25,110,81,52,182,28,162,78,60,79,185,148,167,61,41,36,46,131,59,133,96,157,138,178,164,173,66,126,198,152,140,118,109,29,154,156,106,19,108,146,43,128,85,159,111,83,181,82,192,139,33,13,172,195,40,37,15,35,88,145,189,194,31,171,116,57,0,113,196,89,5,141,119,74,183,63,51,72,147,65,102,115,14,45,55,155,184,161,80,114,177,169,191,11,104,180,163,170,95,137,90,125,149,32,68,97,100,7,175,179,27,150,136,144,70,168,17,103,105,142,190,188,186,176,42,47,132,166,123,44];False
2342;8276;10618;[4,67,193,48,10,1,91,129,8,84,122,73,174,135,21,99,16,77,112,71,56,18,62,120,24,197,26,9,143,20,3,2,121,160,92,49,130,22,38,34,124,94,75,12,165,153,187,127,39,107,87,76,50,53,93,89,30,134,58,86,69,64,101,151,54,158,199,6,117,98,25,110,81,52,182,28,162,78,60,79,185,148,167,61,41,36,46,131,59,133,96,157,138,178,164,173,66,126,198,159,140,118,109,29,154,156,106,19,108,146,43,128,85,152,111,83,181,82,192,139,33,13,172,195,40,37,15,35,88,145,189,194,31,171,116,57,0,113,196,23,5,141,119,74,183,63,51,72,147,65,102,115,14,45,55,155,184,161,80,114,177,169,191,11,104,180,163,170,95,137,90,125,149,32,68,97,100,7,175,179,27,150,136,144,70,168,17,103,105,142,190,188,186,176,42,47,132,166,123,44];False
2315;8303;10618;[4,67,193,48,10,1,91,129,8,84,122,73,174,135,21,99,16,77,112,71,56,18,62,120,24,197,26,9,143,20,3,2,121,160,92,49,130,22,38,34,124,94,70,12,165,153,187,127,39,107,87,76,50,53,93,23,30,134,58,86,69,64,101,151,54,158,199,6,117,98,25,110,81,52,182,28,162,78,60,79,185,148,167,61,41,36,46,131,59,133,96,157,138,178,164,173,66,126,198,159,140,118,109,29,154,156,106,19,108,146,43,128,85,152,111,83,181,82,192,139,33,13,172,195,40,37,15,35,88,145,189,194,31,171,116,57,0,113,196,89,5,141,119,74,183,63,51,72,147,65,102,115,14,45,55,155,184,161,80,114,177,169,191,11,104,180,163,170,95,137,90,125,149,32,68,97,100,7,175,179,27,150,136,144,75,168,17,103,105,142,190,188,186,176,42,47,132,166,123,44];False
2259;8359;10618;[4,67,193,48,10,1,91,129,8,84,122,73,174,135,21,99,16,77,112,71,56,18,62,120,24,197,26,9,143,20,3,2,121,160,92,49,130,22,38,34,124,94,75,12,165,153,187,127,39,107,87,76,50,53,93,23,30,134,58,86,69,64,101,151,54,158,63,6,117,98,25,110,81,52,182,28,162,78,60,79,185,148,167,61,41,36,46,131,59,133,96,157,138,178,164,173,66,126,198,159,140,118,109,29,154,156,106,19,108,146,43,128,85,152,111,83,181,82,192,139,33,13,172,195,40,37,15,35,88,145,189,194,31,171,116,57,0,113,196,89,5,141,119,74,183,199,51,72,147,65,102,115,14,45,55,155,184,161,80,114,177,169,191,11,104,180,163,170,95,137,90,125,149,32,68,97,100,7,175,179,27,150,136,144,70,168,17,103,105,142,190,188,186,176,42,47,132,166,123,44];False
2312;8305;10617;[4,67,193,48,10,1,91,129,8,84,122,73,174,135,21,99,16,77,112,71,56,18,62,120,24,197,26,9,143,20,3,2,121,160,92,49,130,22,38,34,124,94,75,12,165,153,187,127,39,107,87,76,50,53,93,23,30,134,180,86,69,64,101,151,54,158,199,6,117,98,25,110,81,52,182,28,162,78,60,79,185,148,167,61,41,36,46,131,59,133,96,157,138,178,164,173,66,126,198,159,140,118,109,29,154,156,106,19,108,146,43,128,85,152,111,83,181,82,192,139,33,13,172,195,40,37,15,35,88,145,189,194,31,171,116,57,0,113,196,89,5,141,119,74,183,63,51,72,147,65,102,115,14,45,55,155,184,161,80,114,177,169,191,11,104,58,163,170,95,137,90,125,149,32,68,97,100,7,175,179,27,150,136,144,70,168,17,103,105,142,190,188,186,176,42,47,132,166,123,44];False
2365;8252;10617;[4,67,193,48,10,1,91,129,8,84,122,73,174,135,21,99,16,77,112,71,56,18,62,120,24,197,26,9,143,20,3,2,121,160,92,49,130,22,38,34,124,94,75,12,165,153,187,127,39,107,87,76,50,53,93,23,30,134,58,86,69,64,101,151,54,158,199,6,117,98,25,110,81,52,182,28,162,78,60,79,185,148,167,61,41,36,46,131,59,133,96,157,138,178,164,173,66,126,198,159,140,118,109,29,154,156,106,19,108,146,43,128,85,152,111,83,181,82,192,139,33,13,172,195,40,37,15,35,88,145,189,194,31,171,116,57,0,113,196,89,5,141,119,74,183,63,51,72,147,65,102,115,14,45,55,155,184,161,80,114,177,169,191,11,104,180,163,170,95,137,90,176,149,32,68,97,100,7,175,179,27,150,136,144,70,168,17,103,105,142,190,188,186,125,42,47,132,166,123,44];False
2354;8263;10617;[4,67,193,48,10,1,91,129,8,84,122,73,174,135,21,99,16,77,112,71,56,18,62,120,24,197,26,9,143,20,3,2,121,160,92,49,130,22,38,34,124,94,75,12,165,153,187,127,39,107,87,76,50,53,93,23,30,134,58,86,69,64,101,151,54,158,199,6,117,98,25,110,81,52,182,28,162,78,60,79,185,148,167,61,41,36,46,95,59,133,96,157,138,178,164,173,66,126,198,159,140,118,109,29,154,156,106,19,108,146,43,128,85,152,111,83,181,82,192,139,33,13,172,195,40,37,15,35,88,145,189,194,31,171,116,57,0,113,196,89,5,141,119,74,183,63,51,72,147,65,102,115,14,45,55,155,184,161,80,114,177,169,191,11,104,180,163,170,131,137,90,125,149,32,68,97,100,7,175,179,27,150,136,144,70,168,17,103,105,142,190,188,186,176,42,47,132,166,123,44];False
2380;8237;10617;[4,67,193,48,10,1,91,129,8,84,122,73,174,135,21,99,16,77,112,71,56,18,62,120,24,197,26,9,143,20,3,2,121,160,92,49,130,22,38,34,124,94,75,12,165,153,187,127,39,107,87,76,50,53,93,23,30,134,58,86,69,64,101,151,54,158,199,6,117,98,25,110,81,52,182,28,162,78,60,79,96,148,167,61,41,36,46,131,59,133,185,157,138,178,164,173,66,126,198,159,140,118,109,29,154,156,106,19,108,146,43,128,85,152,111,83,181,82,192,139,33,13,172,195,40,37,15,35,88,145,189,194,31,171,116,57,0,113,196,89,5,141,119,74,183,63,51,72,147,65,102,115,14,45,55,155,184,161,80,114,177,169,191,11,104,180,163,170,95,137,90,125,149,32,68,97,100,7,175,179,27,150,136,144,70,168,17,103,105,142,190,188,186,176,42,47,132,166,123,44];False
2331;8286;10617;[4,67,193,48,10,1,91,129,8,84,122,73,174,135,21,99,16,77,112,71,56,18,62,120,24,197,26,9,113,20,3,2,121,160,92,49,130,22,38,34,124,94,75,12,165,153,187,127,39,107,87,76,50,53,93,23,30,134,58,86,69,64,101,151,54,158,199,6,117,98,25,110,81,52,182,28,162,78,60,79,185,148,167,61,41,36,46,131,59,133,96,157,138,178,164,173,66,126,198,159,140,118,109,29,154,156,106,19,108,146,43,128,85,152,111,83,181,82,192,139,33,13,172,195,40,37,15,35,88,145,189,194,31,171,116,57,0,143,196,89,5,141,119,74,183,63,51,72,147,65,102,115,14,45,55,155,184,161,80,114,177,169,191,11,104,180,163,170,95,137,90,125,149,32,68,97,100,7,175,179,27,150,136,144,70,168,17,103,105,142,190,188,186,176,42,47,132,166,123,44];False
2356;8261;10617;[4,67,193,48,10,1,91,129,8,84,122,73,174,135,21,99,16,77,112,71,56,18,62,120,24,197,26,9,143,20,3,2,121,160,92,49,130,22,38,34,124,94,75,12,165,153,187,127,39,107,87,76,50,53,93,23,30,134,58,86,69,64,101,151,54,158,199,6,117,98,25,110,81,52,182,28,162,78,60,79,185,148,167,61,41,36,46,131,59,133,96,157,138,178,164,173,66,126,198,159,140,118,109,29,154,156,106,51,108,146,43,128,85,152,111,83,181,82,192,139,33,13,172,195,40,37,15,35,88,145,189,194,31,171,116,57,0,113,196,89,5,141,119,74,183,63,19,72,147,65,102,115,14,45,55,155,184,161,80,114,177,169,191,11,104,180,163,170,95,137,90,125,149,32,68,97,100,7,175,179,27,150,136,144,70,168,17,103,105,142,190,188,186,176,42,47,132,166,123,44];False
2365;8252;10617;[4,67,193,48,10,1,91,129,8,84,122,73,174,135,21,99,16,77,2,71,56,18,62,120,24,197,26,9,143,20,3,112,121,160,92,49,130,22,38,34,124,94,75,12,165,153,187,127,39,107,87,76,50,53,93,23,30,134,58,86,69,64,101,151,54,158,199,6,117,98,25,110,81,52,182,28,162,78,60,79,185,148,167,61,41,36,46,131,59,133,96,157,138,178,164,173,66,126,198,159,140,118,109,29,154,156,106,19,108,146,43,128,85,152,111,83,181,82,192,139,33,13,172,195,40,37,15,35,88,145,189,194,31,171,116,57,0,113,196,89,5,141,119,74,183,63,51,72,147,65,102,115,14,45,55,155,184,161,80,114,177,169,191,11,104,180,163,170,95,137,90,125,149,32,68,97,100,7,175,179,27,150,136,144,70,168,17,103,105,142,190,188,186,176,42,47,132,166,123,44];False
2370;8247;10617;[4,67,193,48,10,1,12,129,8,84,122,73,174,135,21,99,16,77,112,71,56,18,62,120,24,197,26,9,143,20,3,2,121,160,92,49,130,22,38,34,124,94,75,91,165,153,187,127,39,107,87,76,50,53,93,23,30,134,58,86,69,64,101,151,54,158,199,6,117,98,25,110,81,52,182,28,162,78,60,79,185,148,167,61,41,36,46,131,59,133,96,157,138,178,164,173,66,126,198,159,140,118,109,29,154,156,106,19,108,146,43,128,85,152,111,83,181,82,192,139,33,13,172,195,40,37,15,35,88,145,189,194,31,171,116,57,0,113,196,89,5,141,119,74,183,63,51,72,147,65,102,115,14,45,55,155,184,161,80,114,177,169,191,11,104,180,163,170,95,137,90,125,149,32,68,97,100,7,175,179,27,150,136,144,70,168,17,103,105,142,190,188,186,176,42,47,132,166,123,44];False
2341;8276;10617;[4,67,193,48,10,1,91,129,8,84,122,73,174,135,21,99,16,77,112,71,56,18,62,120,24,197,26,9,143,20,3,2,121,160,92,49,130,22,38,34,124,94,75,12,165,153,187,127,39,107,87,76,50,53,93,23,30,134,58,86,69,64,101,151,54,158,199,6,117,98,25,110,81,52,138,28,162,78,60,79,185,148,167,61,41,36,46,131,59,133,96,157,182,178,164,173,66,126,198,159,140,118,109,29,154,156,106,19,108,146,43,128,85,152,111,83,181,82,192,139,33,13,172,195,40,37,15,35,88,145,189,194,31,171,116,57,0,113,196,89,5,141,119,74,183,63,51,72,147,65,102,115,14,45,55,155,184,161,80,114,177,169,191,11,104,180,163,170,95,137,90,125,149,32,68,97,100,7,175,179,27,150,136,144,70,168,17,103,105,142,190,188,186,176,42,47,132,166,123,44];False
2375;8242;10617;[4,67,193,48,10,1,91,129,8,84,122,73,174,135,21,99,16,77,112,71,56,18,62,120,24,197,26,9,143,20,3,2,121,160,92,49,130,22,38,34,124,94,75,12,165,153,187,127,39,107,87,76,50,53,93,23,30,134,58,86,69,64,101,151,54,158,199,6,117,98,25,110,81,52,182,28,162,78,60,79,185,148,167,61,41,36,46,131,43,133,96,157,138,178,164,173,66,126,198,159,140,118,109,29,154,156,106,19,108,146,59,128,85,152,111,83,181,82,192,139,33,13,172,195,40,37,15,35,88,145,189,194,31,171,116,57,0,113,196,89,5,141,119,74,183,63,51,72,147,65,102,115,14,45,55,155,184,161,80,114,177,169,191,11,104,180,163,170,95,137,90,125,149,32,68,97,100,7,175,179,27,150,136,144,70,168,17,103,105,142,190,188,186,176,42,47,132,166,123,44];False
2364;8253;10617;[4,67,193,48,10,1,91,129,8,84,122,73,174,135,21,99,16,77,112,71,56,18,62,120,24,197,26,9,143,20,3,2,121,160,92,49,130,22,38,34,124,94,75,12,165,153,187,127,39,107,87,76,50,53,93,23,42,134,58,86,69,64,101,151,54,158,199,6,117,98,25,110,81,52,182,28,162,78,60,79,185,148,167,61,41,36,46,131,59,133,96,157,138,178,164,173,66,126,198,159,140,118,109,29,154,156,106,19,108,146,43,128,85,152,111,83,181,82,192,139,33,13,172,195,40,37,15,35,88,145,189,194,31,171,116,57,0,113,196,89,5,141,119,74,183,63,51,72,147,65,102,115,14,45,55,155,184,161,80,114,177,169,191,11,104,180,163,170,95,137,90,125,149,32,68,97,100,7,175,179,27,150,136,144,70,168,17,103,105,142,190,188,186,176,30,47,132,166,123,44];False
2286;8331;10617;[4,67,193,48,10,1,91,129,8,84,122,73,174,135,21,99,16,77,112,71,56,18,62,120,24,197,26,185,143,20,3,2,121,160,92,49,130,22,38,34,124,94,75,12,165,153,187,127,39,107,87,76,50,53,93,23,30,134,58,86,69,64,101,151,54,158,199,6,117,98,25,110,81,52,182,28,162,78,60,79,9,148,167,61,41,36,46,131,59,133,96,157,138,178,164,173,66,126,198,159,140,118,109,29,154,156,106,19,108,146,43,128,85,152,111,83,181,82,192,139,33,13,172,195,40,37,15,35,88,145,189,194,31,171,116,57,0,113,196,89,5,141,119,74,183,63,51,72,147,65,102,115,14,45,55,155,184,161,80,114,177,169,191,11,104,180,163,170,95,137,90,125,149,32,68,97,100,7,175,179,27,150,136,144,70,168,17,103,105,142,190,188,186,176,42,47,132,166,123,44];False
2364;8253;10617;[4,67,193,48,10,1,91,129,8,84,122,73,174,135,21,99,16,77,112,71,56,18,62,120,24,197,26,9,143,20,3,2,121,160,92,49,130,22,38,34,124,94,75,12,165,153,187,127,39,107,87,76,50,53,93,23,30,134,58,86,69,64,101,151,54,158,199,6,117,98,25,110,81,52,182,28,162,78,60,79,185,148,167,61,41,36,46,131,59,133,96,157,138,55,164,173,66,126,198,159,140,118,109,29,154,156,106,19,108,146,43,128,85,152,111,83,181,82,192,139,33,13,172,195,40,37,15,35,88,145,189,194,31,171,116,57,0,113,196,89,5,141,119,74,183,63,51,72,147,65,102,115,14,45,178,155,184,161,80,114,177,169,191,11,104,180,163,170,95,137,90,125,149,32,68,97,100,7,175,179,27,150,136,144,70,168,17,103,105,142,190,188,186,176,42,47,132,166,123,44];False
2347;8269;10616;[4,67,193,48,10,1,91,129,8,84,122,73,174,135,21,99,16,77,112,71,56,18,62,120,24,197,26,9,143,20,3,2,121,160,92,49,130,22,38,34,124,94,14,12,165,153,187,127,39,107,87,76,50,53,93,23,30,134,58,86,69,64,101,151,54,158,199,6,117,98,25,110,81,52,182,28,162,78,60,79,185,148,167,61,41,36,46,131,59,133,96,157,138,178,164,173,66,126,198,159,140,118,109,29,154,156,106,19,108,146,43,128,85,152,111,83,181,82,192,139,33,13,172,195,40,37,15,35,88,145,189,194,31,171,116,57,0,113,196,89,5,141,119,74,183,63,51,72,147,65,102,115,75,45,55,155,184,161,80,114,177,169,191,11,104,180,163,170,95,137,90,125,149,32,68,97,100,7,175,179,27,150,136,144,70,168,17,103,105,142,190,188,186,176,42,47,132,166,123,44];False
2356;8260;10616;[4,67,193,48,10,1,91,129,8,84,122,73,174,135,21,99,16,77,112,71,56,18,62,120,24,197,26,9,143,20,3,2,121,160,92,49,130,22,38,34,124,94,75,12,165,153,187,127,39,107,87,76,50,53,93,23,30,134,58,86,69,64,101,151,54,158,199,6,117,98,25,110,81,52,182,28,162,78,60,79,185,148,167,61,41,36,46,131,59,133,96,157,189,178,164,173,66,126,198,159,140,118,109,29,154,156,106,19,108,146,43,128,85,152,111,83,181,82,192,139,33,13,172,195,40,37,15,35,88,145,138,194,31,171,116,57,0,113,196,89,5,141,119,74,183,63,51,72,147,65,102,115,14,45,55,155,184,161,80,114,177,169,191,11,104,180,163,170,95,137,90,125,149,32,68,97,100,7,175,179,27,150,136,144,70,168,17,103,105,142,190,188,186,176,42,47,132,166,123,44];False
2362;8254;10616;[50,67,193,48,10,1,91,129,8,84,122,73,174,135,21,99,16,77,112,71,56,18,62,120,24,197,26,9,143,20,3,2,121,160,92,49,130,22,38,34,124,94,75,12,165,153,187,127,39,107,87,76,4,53,93,23,30,134,58,86,69,64,101,151,54,158,199,6,117,98,25,110,81,52,182,28,162,78,60,79,185,148,167,61,41,36,46,131,59,133,96,157,138,178,164,173,66,126,198,159,140,118,109,29,154,156,106,19,108,146,43,128,85,152,111,83,181,82,192,139,33,13,172,195,40,37,15,35,88,145,189,194,31,171,116,57,0,113,196,89,5,141,119,74,183,63,51,72,147,65,102,115,14,45,55,155,184,161,80,114,177,169,191,11,104,180,163,170,95,137,90,125,149,32,68,97,100,7,175,179,27,150,136,144,70,168,17,103,105,142,190,188,186,176,42,47,132,166,123,44];False
2348;8268;10616;[4,67,193,48,10,1,91,129,8,84,122,73,174,135,21,99,16,77,112,71,56,18,153,120,24,197,26,9,143,20,3,2,121,160,92,49,130,22,38,34,124,94,75,12,165,62,187,127,39,107,87,76,50,53,93,23,30,134,58,86,69,64,101,151,54,158,199,6,117,98,25,110,81,52,182,28,162,78,60,79,185,148,167,61,41,36,46,131,59,133,96,157,138,178,164,173,66,126,198,159,140,118,109,29,154,156,106,19,108,146,43,128,85,152,111,83,181,82,192,139,33,13,172,195,40,37,15,35,88,145,189,194,31,171,116,57,0,113,196,89,5,141,119,74,183,63,51,72,147,65,102,115,14,45,55,155,184,161,80,114,177,169,191,11,104,180,163,170,95,137,90,125,149,32,68,97,100,7,175,179,27,150,136,144,70,168,17,103,105,142,190,188,186,176,42,47,132,166,123,44];False
2336;8280;10616;[4,67,193,48,10,1,91,129,8,84,122,73,174,135,21,99,16,77,112,71,56,18,62,120,24,197,26,9,143,20,3,2,121,160,92,49,130,22,38,34,124,94,75,12,165,153,187,127,39,107,87,76,50,53,93,23,30,134,58,86,69,64,101,151,54,158,199,6,117,98,25,110,81,52,182,28,162,78,60,79,185,148,167,61,41,36,46,131,59,133,96,157,138,178,164,173,66,126,198,159,140,118,109,29,154,156,106,19,108,146,43,128,85,152,111,83,181,82,192,89,33,13,172,195,40,37,15,35,88,145,189,194,31,171,116,57,0,113,196,139,5,141,119,74,183,63,51,72,147,65,102,115,14,45,55,155,184,161,80,114,177,169,191,11,104,180,163,170,95,137,90,125,149,32,68,97,100,7,175,179,27,150,136,144,70,168,17,103,105,142,190,188,186,176,42,47,132,166,123,44];False
2258;8358;10616;[4,67,193,48,10,1,91,129,8,84,122,73,177,135,21,99,16,77,112,71,56,18,62,120,24,197,26,9,143,20,3,2,121,160,92,49,130,22,38,34,124,94,75,12,165,153,187,127,39,107,87,76,50,53,93,23,30,134,58,86,69,64,101,151,54,158,199,6,117,98,25,110,81,52,182,28,162,78,60,79,185,148,167,61,41,36,46,131,59,133,96,157,138,178,164,173,66,126,198,159,140,118,109,29,154,156,106,19,108,146,43,128,85,152,111,83,181,82,192,139,33,13,172,195,40,37,15,35,88,145,189,194,31,171,116,57,0,113,196,89,5,141,119,74,183,63,51,72,147,65,102,115,14,45,55,155,184,161,80,114,174,169,191,11,104,180,163,170,95,137,90,125,149,32,68,97,100,7,175,179,27,150,136,144,70,168,17,103,105,142,190,188,186,176,42,47,132,166,123,44];False
2365;8251;10616;[4,67,193,48,10,1,91,129,8,84,122,73,174,135,21,99,16,77,112,92,56,18,62,120,24,197,26,9,143,20,3,2,121,160,71,49,130,22,38,34,124,94,75,12,165,153,187,127,39,107,87,76,50,53,93,23,30,134,58,86,69,64,101,151,54,158,199,6,117,98,25,110,81,52,182,28,162,78,60,79,185,148,167,61,41,36,46,131,59,133,96,157,138,178,164,173,66,126,198,159,140,118,109,29,154,156,106,19,108,146,43,128,85,152,111,83,181,82,192,139,33,13,172,195,40,37,15,35,88,145,189,194,31,171,116,57,0,113,196,89,5,141,119,74,183,63,51,72,147,65,102,115,14,45,55,155,184,161,80,114,177,169,191,11,104,180,163,170,95,137,90,125,149,32,68,97,100,7,175,179,27,150,136,144,70,168,17,103,105,142,190,188,186,176,42,47,132,166,123,44];False
2368;8248;10616;[4,67,193,48,10,1,91,129,8,84,122,73,174,135,21,99,16,77,112,71,56,18,62,120,24,197,26,9,143,20,3,2,121,160,92,49,130,22,38,34,124,94,75,12,165,153,187,127,39,107,87,76,50,53,93,23,30,134,58,86,69,64,101,151,54,158,199,6,117,98,25,110,81,52,182,28,162,78,60,79,185,148,167,61,41,36,46,131,59,133,96,157,138,178,164,173,66,126,198,159,140,118,188,29,154,156,106,19,108,146,43,128,85,152,111,83,181,82,192,139,33,13,172,195,40,37,15,35,88,145,189,194,31,171,116,57,0,113,196,89,5,141,119,74,183,63,51,72,147,65,102,115,14,45,55,155,184,161,80,114,177,169,191,11,104,180,163,170,95,137,90,125,149,32,68,97,100,7,175,179,27,150,136,144,70,168,17,103,105,142,190,109,186,176,42,47,132,166,123,44];False
2330;8286;10616;[4,67,193,48,10,1,91,129,8,84,122,73,174,135,21,99,16,77,112,71,56,18,62,120,24,197,26,9,143,20,3,2,121,160,92,126,130,22,38,34,124,94,75,12,165,153,187,127,39,107,87,76,50,53,93,23,30,134,58,86,69,64,101,151,54,158,199,6,117,98,25,110,81,52,182,28,162,78,60,79,185,148,167,61,41,36,46,131,59,133,96,157,138,178,164,173,66,49,198,159,140,118,109,29,154,156,106,19,108,146,43,128,85,152,111,83,181,82,192,139,33,13,172,195,40,37,15,35,88,145,189,194,31,171,116,57,0,113,196,89,5,141,119,74,183,63,51,72,147,65,102,115,14,45,55,155,184,161,80,114,177,169,191,11,104,180,163,170,95,137,90,125,149,32,68,97,100,7,175,179,27,150,136,144,70,168,17,103,105,142,190,188,186,176,42,47,132,166,123,44];False
2308;8308;10616;[26,67,193,48,10,1,91,129,8,84,122,73,174,135,21,99,16,77,112,71,56,18,62,120,24,197,4,9,143,20,3,2,121,160,92,49,130,22,38,34,124,94,75,12,165,153,187,127,39,107,87,76,50,53,93,23,30,134,58,86,69,64,101,151,54,158,199,6,117,98,25,110,81,52,182,28,162,78,60,79,185,148,167,61,41,36,46,131,59,133,96,157,138,178,164,173,66,126,198,159,140,118,109,29,154,156,106,19,108,146,43,128,85,152,111,83,181,82,192,139,33,13,172,195,40,37,15,35,88,145,189,194,31,171,116,57,0,113,196,89,5,141,119,74,183,63,51,72,147,65,102,115,14,45,55,155,184,161,80,114,177,169,191,11,104,180,163,170,95,137,90,125,149,32,68,97,100,7,175,179,27,150,136,144,70,168,17,103,105,142,190,188,186,176,42,47,132,166,123,44];False
2346;8270;10616;[4,67,193,48,10,1,91,129,8,84,122,73,174,135,21,99,16,77,112,71,56,18,62,120,24,197,26,9,143,20,3,2,121,160,92,49,130,22,38,34,124,94,75,12,165,153,187,127,39,107,87,76,50,53,93,23,30,134,58,86,69,64,101,151,54,158,199,6,117,98,25,110,81,52,182,28,162,78,60,79,185,148,167,61,41,36,46,131,59,133,96,157,138,178,164,173,66,126,198,159,140,118,109,29,154,156,106,19,108,146,43,128,85,152,111,83,181,82,192,139,40,13,172,195,33,37,15,35,88,145,189,194,31,171,116,57,0,113,196,89,5,141,119,74,183,63,51,72,147,65,102,115,14,45,55,155,184,161,80,114,177,169,191,11,104,180,163,170,95,137,90,125,149,32,68,97,100,7,175,179,27,150,136,144,70,168,17,103,105,142,190,188,186,176,42,47,132,166,123,44];False
2326;8290;10616;[4,67,193,48,10,1,91,129,8,84,122,73,174,135,21,99,16,77,112,71,56,18,62,120,24,197,154,9,143,20,3,2,121,160,92,49,130,22,38,34,124,94,75,12,165,153,187,127,39,107,87,76,50,53,93,23,30,134,58,86,69,64,101,151,54,158,199,6,117,98,25,110,81,52,182,28,162,78,60,79,185,148,167,61,41,36,46,131,59,133,96,157,138,178,164,173,66,126,198,159,140,118,109,29,26,156,106,19,108,146,43,128,85,152,111,83,181,82,192,139,33,13,172,195,40,37,15,35,88,145,189,194,31,171,116,57,0,113,196,89,5,141,119,74,183,63,51,72,147,65,102,115,14,45,55,155,184,161,80,114,177,169,191,11,104,180,163,170,95,137,90,125,149,32,68,97,100,7,175,179,27,150,136,144,70,168,17,103,105,142,190,188,186,176,42,47,132,166,123,44];False
2358;8258;10616;[4,67,193,48,10,1,91,129,8,84,122,73,174,135,21,99,16,77,112,71,56,18,62,120,24,197,26,9,143,20,3,2,121,160,92,49,130,22,38,34,124,94,75,12,165,153,187,127,39,107,87,76,50,53,93,23,30,134,58,86,69,64,101,151,54,158,199,6,117,98,25,110,81,52,182,28,162,78,60,79,185,148,167,61,41,36,46,131,59,133,96,157,138,178,164,173,66,126,198,159,140,118,109,29,154,156,106,19,108,146,43,128,85,152,111,83,181,82,192,139,33,13,172,27,40,37,15,35,88,145,189,194,31,171,116,57,0,113,196,89,5,141,119,74,183,63,51,72,147,65,102,115,14,45,55,155,184,161,80,114,177,169,191,11,104,180,163,170,95,137,90,125,149,32,68,97,100,7,175,179,195,150,136,144,70,168,17,103,105,142,190,188,186,176,42,47,132,166,123,44];False
2335;8281;10616;[4,67,193,48,10,1,91,129,8,84,122,73,174,135,21,99,16,77,112,71,56,18,62,120,24,197,26,9,143,20,3,2,121,160,92,49,130,22,38,34,124,94,75,12,165,153,187,127,39,107,87,76,50,53,93,23,60,134,58,86,69,64,101,151,54,158,199,6,117,98,25,110,81,52,182,28,162,78,30,79,185,148,167,61,41,36,46,131,59,133,96,157,138,178,164,173,66,126,198,159,140,118,109,29,154,156,106,19,108,146,43,128,85,152,111,83,181,82,192,139,33,13,172,195,40,37,15,35,88,145,189,194,31,171,116,57,0,113,196,89,5,141,119,74,183,63,51,72,147,65,102,115,14,45,55,155,184,161,80,114,177,169,191,11,104,180,163,170,95,137,90,125,149,32,68,97,100,7,175,179,27,150,136,144,70,168,17,103,105,142,190,188,186,176,42,47,132,166,123,44];False
2320;8295;10615;[4,67,193,48,10,1,91,129,8,84,122,73,174,135,21,99,16,77,112,71,56,18,62,120,24,197,26,9,143,20,3,2,121,160,92,49,130,22,38,34,124,94,75,12,165,153,187,127,39,107,87,76,50,53,93,23,30,134,58,86,69,64,101,151,54,139,199,6,117,98,25,110,81,52,182,28,162,78,60,79,185,148,167,61,41,36,46,131,59,133,96,157,138,178,164,173,66,126,198,159,140,118,109,29,154,156,106,19,108,146,43,128,85,152,111,83,181,82,192,158,33,13,172,195,40,37,15,35,88,145,189,194,31,171,116,57,0,113,196,89,5,141,119,74,183,63,51,72,147,65,102,115,14,45,55,155,184,161,80,114,177,169,191,11,104,180,163,170,95,137,90,125,149,32,68,97,100,7,175,179,27,150,136,144,70,168,17,103,105,142,190,188,186,176,42,47,132,166,123,44];False
2347;8268;10615;[4,67,193,48,10,1,91,129,8,84,122,73,174,135,21,99,16,77,112,71,56,18,62,120,24,197,26,9,143,20,3,2,121,160,92,49,130,22,38,34,124,94,75,12,165,153,187,127,39,107,87,76,50,53,93,23,30,134,58,86,69,47,101,151,54,158,199,6,117,98,25,110,81,52,182,28,162,78,60,79,185,148,167,61,41,36,46,131,59,133,96,157,138,178,164,173,66,126,198,159,140,118,109,29,154,156,106,19,108,146,43,128,85,152,111,83,181,82,192,139,33,13,172,195,40,37,15,35,88,145,189,194,31,171,116,57,0,113,196,89,5,141,119,74,183,63,51,72,147,65,102,115,14,45,55,155,184,161,80,114,177,169,191,11,104,180,163,170,95,137,90,125,149,32,68,97,100,7,175,179,27,150,136,144,70,168,17,103,105,142,190,188,186,176,42,64,132,166,123,44];False
2342;8273;10615;[4,67,193,48,10,1,91,129,8,84,122,73,174,135,21,99,16,77,112,71,56,18,62,120,24,197,26,9,143,20,3,2,121,160,92,49,130,22,38,34,124,94,75,12,165,153,187,127,39,107,87,76,50,53,93,23,30,134,58,86,69,64,101,151,54,158,199,6,117,98,25,110,81,52,182,28,162,78,60,79,185,148,167,61,41,36,46,131,59,133,96,157,138,178,164,173,66,126,146,159,140,118,109,29,154,156,106,19,108,198,43,128,85,152,111,83,181,82,192,139,33,13,172,195,40,37,15,35,88,145,189,194,31,171,116,57,0,113,196,89,5,141,119,74,183,63,51,72,147,65,102,115,14,45,55,155,184,161,80,114,177,169,191,11,104,180,163,170,95,137,90,125,149,32,68,97,100,7,175,179,27,150,136,144,70,168,17,103,105,142,190,188,186,176,42,47,132,166,123,44];False
2301;8314;10615;[4,67,193,48,10,1,91,129,8,84,122,73,174,135,21,99,16,77,112,71,56,18,62,120,24,197,26,9,143,20,3,2,121,160,92,49,130,22,38,34,124,94,75,12,165,153,187,127,39,107,87,76,50,53,93,23,30,134,58,86,69,64,101,151,54,158,199,6,117,98,25,110,81,52,182,28,162,78,60,79,185,148,167,61,41,36,46,131,59,133,96,157,138,178,164,173,66,126,32,159,140,118,109,29,154,156,106,19,108,146,43,128,85,152,111,83,181,82,192,139,33,13,172,195,40,37,15,35,88,145,189,194,31,171,116,57,0,113,196,89,5,141,119,74,183,63,51,72,147,65,102,115,14,45,55,155,184,161,80,114,177,169,191,11,104,180,163,170,95,137,90,125,149,198,68,97,100,7,175,179,27,150,136,144,70,168,17,103,105,142,190,188,186,176,42,47,132,166,123,44];False
2349;8266;10615;[4,67,193,48,10,1,91,129,8,84,122,73,174,135,21,99,16,77,112,71,56,18,62,120,24,197,26,9,143,20,3,2,121,160,92,49,130,22,38,34,124,94,75,12,165,153,187,127,39,107,87,76,50,53,93,23,30,134,58,86,69,64,101,151,54,158,199,6,117,98,25,110,81,52,182,28,162,78,60,79,185,148,167,61,41,36,46,131,59,133,96,157,138,178,164,173,66,126,198,159,140,118,109,29,154,156,106,19,108,146,43,128,85,152,111,83,181,82,192,139,33,13,172,195,40,196,15,35,88,145,189,194,31,171,116,57,0,113,37,89,5,141,119,74,183,63,51,72,147,65,102,115,14,45,55,155,184,161,80,114,177,169,191,11,104,180,163,170,95,137,90,125,149,32,68,97,100,7,175,179,27,150,136,144,70,168,17,103,105,142,190,188,186,176,42,47,132,166,123,44];False
2342;8273;10615;[4,67,193,48,10,1,91,129,8,84,122,73,174,135,21,99,16,77,112,71,56,18,62,120,24,197,26,9,143,20,3,2,121,160,92,49,130,22,115,34,124,94,75,12,165,153,187,127,39,107,87,76,50,53,93,23,30,134,58,86,69,64,101,151,54,158,199,6,117,98,25,110,81,52,182,28,162,78,60,79,185,148,167,61,41,36,46,131,59,133,96,157,138,178,164,173,66,126,198,159,140,118,109,29,154,156,106,19,108,146,43,128,85,152,111,83,181,82,192,139,33,13,172,195,40,37,15,35,88,145,189,194,31,171,116,57,0,113,196,89,5,141,119,74,183,63,51,72,147,65,102,38,14,45,55,155,184,161,80,114,177,169,191,11,104,180,163,170,95,137,90,125,149,32,68,97,100,7,175,179,27,150,136,144,70,168,17,103,105,142,190,188,186,176,42,47,132,166,123,44];False
2343;8272;10615;[4,67,193,48,10,1,91,129,8,84,122,73,174,135,21,99,16,77,112,71,56,18,62,120,24,197,26,9,143,139,3,2,121,160,92,49,130,22,38,34,124,94,75,12,165,153,187,127,39,107,87,76,50,53,93,23,30,134,58,86,69,64,101,151,54,158,199,6,117,98,25,110,81,52,182,28,162,78,60,79,185,148,167,61,41,36,46,131,59,133,96,157,138,178,164,173,66,126,198,159,140,118,109,29,154,156,106,19,108,146,43,128,85,152,111,83,181,82,192,20,33,13,172,195,40,37,15,35,88,145,189,194,31,171,116,57,0,113,196,89,5,141,119,74,183,63,51,72,147,65,102,115,14,45,55,155,184,161,80,114,177,169,191,11,104,180,163,170,95,137,90,125,149,32,68,97,100,7,175,179,27,150,136,144,70,168,17,103,105,142,190,188,186,176,42,47,132,166,123,44];False
2367;8248;10615;[4,67,193,48,10,1,91,129,8,84,122,73,174,135,21,99,16,77,112,71,56,18,62,120,24,197,26,9,143,20,3,2,121,157,92,49,130,22,38,34,124,94,75,12,165,153,187,127,39,107,87,76,50,53,93,23,30,134,58,86,69,64,101,151,54,158,199,6,117,98,25,110,81,52,182,28,162,78,60,79,185,148,167,61,41,36,46,131,59,133,96,160,138,178,164,173,66,126,198,159,140,118,109,29,154,156,106,19,108,146,43,128,85,152,111,83,181,82,192,139,33,13,172,195,40,37,15,35,88,145,189,194,31,171,116,57,0,113,196,89,5,141,119,74,183,63,51,72,147,65,102,115,14,45,55,155,184,161,80,114,177,169,191,11,104,180,163,170,95,137,90,125,149,32,68,97,100,7,175,179,27,150,136,144,70,168,17,103,105,142,190,188,186,176,42,47,132,166,123,44];False
2357;8258;10615;[4,67,193,48,10,1,91,129,8,84,122,73,174,135,21,99,16,77,112,71,56,18,62,120,24,197,26,9,143,20,3,2,121,160,92,49,130,22,38,14,124,94,75,12,165,153,187,127,39,107,87,76,50,53,93,23,30,134,58,86,69,64,101,151,54,158,199,6,117,98,25,110,81,52,182,28,162,78,60,79,185,148,167,61,41,36,46,131,59,133,96,157,138,178,164,173,66,126,198,159,140,118,109,29,154,156,106,19,108,146,43,128,85,152,111,83,181,82,192,139,33,13,172,195,40,37,15,35,88,145,189,194,31,171,116,57,0,113,196,89,5,141,119,74,183,63,51,72,147,65,102,115,34,45,55,155,184,161,80,114,177,169,191,11,104,180,163,170,95,137,90,125,149,32,68,97,100,7,175,179,27,150,136,144,70,168,17,103,105,142,190,188,186,176,42,47,132,166,123,44];False
2351;8264;10615;[4,67,193,48,10,1,91,129,8,84,122,73,174,135,21,99,16,77,112,71,56,18,62,95,24,197,26,9,143,20,3,2,121,160,92,49,130,22,38,34,124,94,75,12,165,153,187,127,39,107,87,76,50,53,93,23,30,134,58,86,69,64,101,151,54,158,199,6,117,98,25,110,81,52,182,28,162,78,60,79,185,148,167,61,41,36,46,131,59,133,96,157,138,178,164,173,66,126,198,159,140,118,109,29,154,156,106,19,108,146,43,128,85,152,111,83,181,82,192,139,33,13,172,195,40,37,15,35,88,145,189,194,31,171,116,57,0,113,196,89,5,141,119,74,183,63,51,72,147,65,102,115,14,45,55,155,184,161,80,114,177,169,191,11,104,180,163,170,120,137,90,125,149,32,68,97,100,7,175,179,27,150,136,144,70,168,17,103,105,142,190,188,186,176,42,47,132,166,123,44];False
2293;8322;10615;[4,67,193,48,10,1,91,129,8,84,122,73,174,135,21,99,16,77,112,71,56,18,62,120,24,197,26,9,143,20,3,2,121,160,92,49,130,22,38,34,124,94,75,12,165,153,187,127,39,107,87,76,50,53,93,23,30,134,58,86,69,64,101,151,54,158,199,6,117,98,25,110,81,52,182,28,162,78,60,79,185,148,167,61,41,36,46,131,59,133,96,157,138,178,164,173,66,126,198,159,140,118,109,29,154,156,106,19,108,146,43,128,85,152,111,83,181,82,192,139,33,13,172,195,40,37,15,35,88,145,189,194,31,171,116,57,0,113,196,89,5,141,119,74,183,63,51,72,147,65,102,115,179,45,55,155,184,161,80,114,177,169,191,11,104,180,163,170,95,137,90,125,149,32,68,97,100,7,175,14,27,150,136,144,70,168,17,103,105,142,190,188,186,176,42,47,132,166,123,44];False
2357;8257;10614;[4,67,193,48,10,1,91,129,8,84,120,73,174,135,21,99,16,77,112,71,56,18,62,122,24,197,26,9,143,20,3,2,121,160,92,49,130,22,38,34,124,94,75,12,165,153,187,127,39,107,87,76,50,53,93,23,30,134,58,86,69,64,101,151,54,158,199,6,117,98,25,110,81,52,182,28,162,78,60,79,185,148,167,61,41,36,46,131,59,133,96,157,138,178,164,173,66,126,198,159,140,118,109,29,154,156,106,19,108,146,43,128,85,152,111,83,181,82,192,139,33,13,172,195,40,37,15,35,88,145,189,194,31,171,116,57,0,113,196,89,5,141,119,74,183,63,51,72,147,65,102,115,14,45,55,155,184,161,80,114,177,169,191,11,104,180,163,170,95,137,90,125,149,32,68,97,100,7,175,179,27,150,136,144,70,168,17,103,105,142,190,188,186,176,42,47,132,166,123,44];False
2365;8249;10614;[4,67,193,48,10,1,91,129,8,84,122,73,174,135,21,99,16,77,112,71,56,18,62,120,24,197,26,9,143,20,3,2,121,160,92,49,130,22,38,34,124,94,75,12,165,153,187,127,39,107,87,76,50,53,93,23,30,134,58,86,69,64,101,151,54,158,199,6,117,98,25,110,81,52,182,28,162,78,60,79,185,148,167,61,41,36,46,131,59,133,96,157,31,178,164,173,66,126,198,159,140,118,109,29,154,156,106,19,108,146,43,128,85,152,111,83,181,82,192,139,33,13,172,195,40,37,15,35,88,145,189,194,138,171,116,57,0,113,196,89,5,141,119,74,183,63,51,72,147,65,102,115,14,45,55,155,184,161,80,114,177,169,191,11,104,180,163,170,95,137,90,125,149,32,68,97,100,7,175,179,27,150,136,144,70,168,17,103,105,142,190,188,186,176,42,47,132,166,123,44];False
2380;8234;10614;[4,67,193,48,10,1,91,129,8,84,122,73,174,135,21,99,16,77,112,71,56,18,62,120,24,197,26,9,143,20,3,2,121,160,92,49,130,22,38,34,124,94,75,12,165,153,187,127,39,107,87,76,171,53,93,23,30,134,58,86,69,64,101,151,54,158,199,6,117,98,25,110,81,52,182,28,162,78,60,79,185,148,167,61,41,36,46,131,59,133,96,157,138,178,164,173,66,126,198,159,140,118,109,29,154,156,106,19,108,146,43,128,85,152,111,83,181,82,192,139,33,13,172,195,40,37,15,35,88,145,189,194,31,50,116,57,0,113,196,89,5,141,119,74,183,63,51,72,147,65,102,115,14,45,55,155,184,161,80,114,177,169,191,11,104,180,163,170,95,137,90,125,149,32,68,97,100,7,175,179,27,150,136,144,70,168,17,103,105,142,190,188,186,176,42,47,132,166,123,44];False
2310;8304;10614;[4,67,193,48,10,1,91,129,8,84,122,73,174,135,21,99,16,77,112,71,56,18,62,120,24,197,26,9,143,20,3,2,121,160,92,49,130,22,38,34,124,94,75,12,165,153,187,127,39,107,87,76,50,53,93,23,30,134,58,86,69,64,101,151,54,158,199,6,117,98,25,110,81,52,182,28,162,78,60,79,185,148,167,61,5,36,46,131,59,133,96,157,138,178,164,173,66,126,198,159,140,118,109,29,154,156,106,19,108,146,43,128,85,152,111,83,181,82,192,139,33,13,172,195,40,37,15,35,88,145,189,194,31,171,116,57,0,113,196,89,41,141,119,74,183,63,51,72,147,65,102,115,14,45,55,155,184,161,80,114,177,169,191,11,104,180,163,170,95,137,90,125,149,32,68,97,100,7,175,179,27,150,136,144,70,168,17,103,105,142,190,188,186,176,42,47,132,166,123,44];False
2356;8258;10614;[4,67,193,48,10,1,91,129,8,84,122,73,174,135,21,99,16,77,112,71,56,18,62,120,24,197,26,9,143,20,3,2,121,160,92,49,130,22,38,34,124,94,75,12,165,153,187,127,39,107,87,76,50,53,93,23,30,134,58,86,69,64,101,151,54,158,199,6,117,98,25,110,81,52,182,28,162,78,60,79,185,148,167,61,41,36,46,131,59,133,96,157,138,178,164,173,66,126,198,159,140,118,109,29,154,156,106,19,108,146,43,128,85,152,111,83,181,82,192,139,33,13,172,195,40,37,15,35,88,145,189,194,31,171,116,57,0,113,196,89,5,141,119,45,183,63,51,72,147,65,102,115,14,74,55,155,184,161,80,114,177,169,191,11,104,180,163,170,95,137,90,125,149,32,68,97,100,7,175,179,27,150,136,144,70,168,17,103,105,142,190,188,186,176,42,47,132,166,123,44];False
2305;8309;10614;[4,67,193,48,10,1,91,129,8,84,122,73,174,135,21,99,16,77,112,71,56,18,62,120,24,197,26,9,143,20,3,2,121,160,92,49,130,22,38,34,124,94,75,12,165,153,187,127,39,107,87,76,50,53,93,23,30,134,58,86,69,64,101,151,54,158,199,6,117,98,25,110,81,52,182,28,162,78,60,79,185,148,167,61,41,36,46,131,59,133,96,157,138,178,164,173,66,83,198,159,140,118,109,29,154,156,106,19,108,146,43,128,85,152,111,126,181,82,192,139,33,13,172,195,40,37,15,35,88,145,189,194,31,171,116,57,0,113,196,89,5,141,119,74,183,63,51,72,147,65,102,115,14,45,55,155,184,161,80,114,177,169,191,11,104,180,163,170,95,137,90,125,149,32,68,97,100,7,175,179,27,150,136,144,70,168,17,103,105,142,190,188,186,176,42,47,132,166,123,44];False
2391;8223;10614;[4,67,193,48,10,1,91,129,8,84,122,73,174,135,21,99,16,77,112,71,56,18,62,120,24,197,26,9,143,20,3,2,121,160,92,49,130,22,38,34,124,94,75,12,165,153,187,127,39,107,87,76,50,53,93,23,30,134,58,86,69,64,101,151,54,158,199,6,117,98,25,110,81,52,182,28,162,78,60,79,185,148,167,61,41,36,46,131,59,133,96,157,138,178,164,173,66,126,198,159,140,118,109,29,154,156,106,19,108,146,43,128,85,152,111,83,181,82,192,139,33,13,172,195,40,37,15,35,88,145,189,194,31,171,116,57,0,113,196,89,5,141,119,74,183,63,51,72,147,65,102,115,14,45,55,155,184,161,80,114,177,169,191,11,104,180,163,170,95,137,90,125,149,32,68,97,100,7,175,179,27,150,136,144,70,168,17,103,105,142,190,188,132,176,42,47,186,166,123,44];False
2313;8301;10614;[4,67,13,48,10,1,91,129,8,84,122,73,174,135,21,99,16,77,112,71,56,18,62,120,24,197,26,9,143,20,3,2,121,160,92,49,130,22,38,34,124,94,75,12,165,153,187,127,39,107,87,76,50,53,93,23,30,134,58,86,69,64,101,151,54,158,199,6,117,98,25,110,81,52,182,28,162,78,60,79,185,148,167,61,41,36,46,131,59,133,96,157,138,178,164,173,66,126,198,159,140,118,109,29,154,156,106,19,108,146,43,128,85,152,111,83,181,82,192,139,33,193,172,195,40,37,15,35,88,145,189,194,31,171,116,57,0,113,196,89,5,141,119,74,183,63,51,72,147,65,102,115,14,45,55,155,184,161,80,114,177,169,191,11,104,180,163,170,95,137,90,125,149,32,68,97,100,7,175,179,27,150,136,144,70,168,17,103,105,142,190,188,186,176,42,47,132,166,123,44];False
2326;8288;10614;[4,67,193,48,10,1,91,129,8,84,179,73,174,135,21,99,16,77,112,71,56,18,62,120,24,197,26,9,143,20,3,2,121,160,92,49,130,22,38,34,124,94,75,12,165,153,187,127,39,107,87,76,50,53,93,23,30,134,58,86,69,64,101,151,54,158,199,6,117,98,25,110,81,52,182,28,162,78,60,79,185,148,167,61,41,36,46,131,59,133,96,157,138,178,164,173,66,126,198,159,140,118,109,29,154,156,106,19,108,146,43,128,85,152,111,83,181,82,192,139,33,13,172,195,40,37,15,35,88,145,189,194,31,171,116,57,0,113,196,89,5,141,119,74,183,63,51,72,147,65,102,115,14,45,55,155,184,161,80,114,177,169,191,11,104,180,163,170,95,137,90,125,149,32,68,97,100,7,175,122,27,150,136,144,70,168,17,103,105,142,190,188,186,176,42,47,132,166,123,44];False
2311;8303;10614;[4,67,193,48,10,1,91,129,8,84,122,73,174,135,21,99,16,77,112,71,56,18,62,120,24,197,26,9,143,20,3,2,121,160,92,49,130,22,38,34,124,94,75,12,165,153,187,127,39,107,87,76,50,53,93,23,30,134,58,86,69,64,101,151,54,158,199,6,117,98,25,110,81,52,182,28,162,78,60,79,185,148,167,61,41,36,46,131,59,133,96,157,138,178,164,173,66,126,198,159,140,118,109,29,154,156,106,19,108,146,43,128,85,152,111,83,181,82,192,139,33,13,190,195,40,37,15,35,88,145,189,194,31,171,116,57,0,113,196,89,5,141,119,74,183,63,51,72,147,65,102,115,14,45,55,155,184,161,80,114,177,169,191,11,104,180,163,170,95,137,90,125,149,32,68,97,100,7,175,179,27,150,136,144,70,168,17,103,105,142,172,188,186,176,42,47,132,166,123,44];False
2274;8340;10614;[4,67,193,48,10,1,91,129,8,84,122,73,174,135,21,99,16,77,112,71,56,18,62,120,24,197,26,9,143,20,3,2,121,160,92,49,130,22,38,34,124,94,75,12,165,153,187,127,39,107,87,76,50,53,93,23,30,134,58,86,69,64,101,151,54,158,199,6,117,98,25,110,81,52,182,28,162,78,60,79,185,148,167,61,41,36,46,131,59,133,96,157,138,114,164,173,66,126,198,159,140,118,109,29,154,156,106,19,108,146,43,128,85,152,111,83,181,82,192,139,33,13,172,195,40,37,15,35,88,145,189,194,31,171,116,57,0,113,196,89,5,141,119,74,183,63,51,72,147,65,102,115,14,45,55,155,184,161,80,178,177,169,191,11,104,180,163,170,95,137,90,125,149,32,68,97,100,7,175,179,27,150,136,144,70,168,17,103,105,142,190,188,186,176,42,47,132,166,123,44];False
2340;8274;10614;[4,67,193,48,10,1,91,129,8,84,122,73,174,135,21,99,16,77,112,71,56,18,62,120,24,197,26,9,143,20,3,2,121,160,92,49,130,22,38,34,124,94,75,12,165,153,187,127,39,107,87,76,50,53,93,23,30,134,58,86,69,64,101,151,54,158,199,6,117,98,25,110,81,52,182,28,162,78,60,79,185,148,167,61,41,36,46,131,59,133,96,157,138,178,164,173,66,126,198,159,140,118,109,29,154,156,106,19,108,146,43,128,85,152,111,83,181,82,192,139,33,13,172,195,40,37,15,35,88,145,189,194,31,171,116,57,0,113,196,119,5,141,89,74,183,63,51,72,147,65,102,115,14,45,55,155,184,161,80,114,177,169,191,11,104,180,163,170,95,137,90,125,149,32,68,97,100,7,175,179,27,150,136,144,70,168,17,103,105,142,190,188,186,176,42,47,132,166,123,44];False
2322;8292;10614;[4,67,193,48,10,1,91,129,8,84,122,73,174,135,21,99,16,77,112,71,56,18,62,120,24,197,26,9,143,20,3,2,121,160,92,49,130,22,38,34,124,94,75,12,165,153,187,127,39,107,87,76,50,53,93,23,30,134,58,86,69,64,101,151,54,158,199,6,117,98,25,110,81,52,182,28,162,78,60,79,185,148,167,61,41,36,46,155,59,133,96,157,138,178,164,173,66,126,198,159,140,118,109,29,154,156,106,19,108,146,43,128,85,152,111,83,181,82,192,139,33,13,172,195,40,37,15,35,88,145,189,194,31,171,116,57,0,113,196,89,5,141,119,74,183,63,51,72,147,65,102,115,14,45,55,131,184,161,80,114,177,169,191,11,104,180,163,170,95,137,90,125,149,32,68,97,100,7,175,179,27,150,136,144,70,168,17,103,105,142,190,188,186,176,42,47,132,166,123,44];False
2331;8283;10614;[4,67,193,48,10,1,91,129,8,84,122,73,174,135,21,99,16,77,112,71,56,18,62,120,24,163,26,9,143,20,3,2,121,160,92,49,130,22,38,34,124,94,75,12,165,153,187,127,39,107,87,76,50,53,93,23,30,134,58,86,69,64,101,151,54,158,199,6,117,98,25,110,81,52,182,28,162,78,60,79,185,148,167,61,41,36,46,131,59,133,96,157,138,178,164,173,66,126,198,159,140,118,109,29,154,156,106,19,108,146,43,128,85,152,111,83,181,82,192,139,33,13,172,195,40,37,15,35,88,145,189,194,31,171,116,57,0,113,196,89,5,141,119,74,183,63,51,72,147,65,102,115,14,45,55,155,184,161,80,114,177,169,191,11,104,180,197,170,95,137,90,125,149,32,68,97,100,7,175,179,27,150,136,144,70,168,17,103,105,142,190,188,186,176,42,47,132,166,123,44];False
2349;8264;10613;[4,67,193,48,10,1,91,129,8,84,122,73,174,135,21,99,16,77,112,109,56,18,62,120,24,197,26,9,143,20,3,2,121,160,92,49,130,22,38,34,124,94,75,12,165,153,187,127,39,107,87,76,50,53,93,23,30,134,58,86,69,64,101,151,54,158,199,6,117,98,25,110,81,52,182,28,162,78,60,79,185,148,167,61,41,36,46,131,59,133,96,157,138,178,164,173,66,126,198,159,140,118,71,29,154,156,106,19,108,146,43,128,85,152,111,83,181,82,192,139,33,13,172,195,40,37,15,35,88,145,189,194,31,171,116,57,0,113,196,89,5,141,119,74,183,63,51,72,147,65,102,115,14,45,55,155,184,161,80,114,177,169,191,11,104,180,163,170,95,137,90,125,149,32,68,97,100,7,175,179,27,150,136,144,70,168,17,103,105,142,190,188,186,176,42,47,132,166,123,44];False
2344;8269;10613;[4,67,193,48,10,1,91,129,8,84,122,73,174,135,21,99,16,77,112,71,53,18,62,120,24,197,26,9,143,20,3,2,121,160,92,49,130,22,38,34,124,94,75,12,165,153,187,127,39,107,87,76,50,56,93,23,30,134,58,86,69,64,101,151,54,158,199,6,117,98,25,110,81,52,182,28,162,78,60,79,185,148,167,61,41,36,46,131,59,133,96,157,138,178,164,173,66,126,198,159,140,118,109,29,154,156,106,19,108,146,43,128,85,152,111,83,181,82,192,139,33,13,172,195,40,37,15,35,88,145,189,194,31,171,116,57,0,113,196,89,5,141,119,74,183,63,51,72,147,65,102,115,14,45,55,155,184,161,80,114,177,169,191,11,104,180,163,170,95,137,90,125,149,32,68,97,100,7,175,179,27,150,136,144,70,168,17,103,105,142,190,188,186,176,42,47,132,166,123,44];False
2313;8300;10613;[4,67,193,48,10,1,91,129,8,84,122,73,174,135,21,99,16,77,112,71,56,18,62,120,24,197,26,9,143,20,3,2,121,160,92,49,130,22,38,34,124,94,75,12,165,153,187,127,39,72,87,76,50,53,93,23,30,134,58,86,69,64,101,151,54,158,199,6,117,98,25,110,81,52,182,28,162,78,60,79,185,148,167,61,41,36,46,131,59,133,96,157,138,178,164,173,66,126,198,159,140,118,109,29,154,156,106,19,108,146,43,128,85,152,111,83,181,82,192,139,33,13,172,195,40,37,15,35,88,145,189,194,31,171,116,57,0,113,196,89,5,141,119,74,183,63,51,107,147,65,102,115,14,45,55,155,184,161,80,114,177,169,191,11,104,180,163,170,95,137,90,125,149,32,68,97,100,7,175,179,27,150,136,144,70,168,17,103,105,142,190,188,186,176,42,47,132,166,123,44];False
2342;8271;10613;[4,67,193,48,10,1,91,129,8,84,122,73,174,135,21,99,16,77,112,71,56,18,62,120,24,197,26,9,143,20,3,2,121,160,92,49,130,22,38,34,124,94,75,12,165,153,187,127,39,107,87,76,50,53,93,23,30,134,58,86,69,64,101,151,54,158,199,6,117,98,25,110,81,52,182,28,162,78,60,79,185,148,167,61,41,36,46,131,59,133,96,157,138,178,164,173,66,126,198,159,140,118,109,29,154,156,106,19,108,146,43,128,85,152,111,83,181,82,192,139,33,13,172,195,40,37,15,35,88,145,189,194,31,171,116,57,0,113,196,89,5,141,119,74,183,63,51,72,147,65,102,47,14,45,55,155,184,161,80,114,177,169,191,11,104,180,163,170,95,137,90,125,149,32,68,97,100,7,175,179,27,150,136,144,70,168,17,103,105,142,190,188,186,176,42,115,132,166,123,44];False
2366;8247;10613;[4,67,193,48,10,1,91,129,8,84,122,73,174,135,21,99,16,77,112,71,56,18,62,120,24,197,26,9,143,20,3,2,121,160,92,49,130,22,38,34,124,94,75,12,165,153,187,127,39,107,87,76,50,53,93,23,30,134,58,86,69,64,101,151,54,158,199,6,117,98,25,110,81,52,182,28,162,78,60,79,185,148,167,61,41,36,46,131,59,133,96,157,138,178,164,173,66,126,198,159,140,118,109,29,154,156,106,19,108,146,43,128,85,152,111,83,181,82,192,139,33,13,172,195,40,37,15,35,88,145,189,194,17,171,116,57,0,113,196,89,5,141,119,74,183,63,51,72,147,65,102,115,14,45,55,155,184,161,80,114,177,169,191,11,104,180,163,170,95,137,90,125,149,32,68,97,100,7,175,179,27,150,136,144,70,168,31,103,105,142,190,188,186,176,42,47,132,166,123,44];False
2322;8291;10613;[4,67,193,48,10,1,91,129,8,84,122,73,174,135,21,99,16,77,112,71,56,18,62,120,24,197,26,9,143,20,3,2,121,160,92,49,130,22,38,34,124,94,75,12,165,153,187,127,39,107,87,76,50,53,93,23,30,134,58,86,69,64,101,151,54,158,199,6,117,98,25,110,81,52,182,28,162,78,60,79,185,148,167,61,41,36,46,131,59,133,96,157,138,178,164,173,66,126,198,159,140,118,109,29,154,156,106,19,108,169,43,128,85,152,111,83,181,82,192,139,33,13,172,195,40,37,15,35,88,145,189,194,31,171,116,57,0,113,196,89,5,141,119,74,183,63,51,72,147,65,102,115,14,45,55,155,184,161,80,114,177,146,191,11,104,180,163,170,95,137,90,125,149,32,68,97,100,7,175,179,27,150,136,144,70,168,17,103,105,142,190,188,186,176,42,47,132,166,123,44];False
2332;8281;10613;[4,67,193,48,10,1,91,129,8,84,122,73,174,135,21,99,16,77,112,71,56,18,62,120,24,197,26,9,143,20,3,2,121,160,92,49,130,22,38,34,124,94,75,12,165,39,187,127,153,107,87,76,50,53,93,23,30,134,58,86,69,64,101,151,54,158,199,6,117,98,25,110,81,52,182,28,162,78,60,79,185,148,167,61,41,36,46,131,59,133,96,157,138,178,164,173,66,126,198,159,140,118,109,29,154,156,106,19,108,146,43,128,85,152,111,83,181,82,192,139,33,13,172,195,40,37,15,35,88,145,189,194,31,171,116,57,0,113,196,89,5,141,119,74,183,63,51,72,147,65,102,115,14,45,55,155,184,161,80,114,177,169,191,11,104,180,163,170,95,137,90,125,149,32,68,97,100,7,175,179,27,150,136,144,70,168,17,103,105,142,190,188,186,176,42,47,132,166,123,44];False
2335;8278;10613;[4,67,193,48,10,1,91,129,8,84,122,73,174,135,21,99,16,77,112,71,56,18,62,120,24,197,26,9,143,20,3,2,121,160,92,49,130,5,38,34,124,94,75,12,165,153,187,127,39,107,87,76,50,53,93,23,30,134,58,86,69,64,101,151,54,158,199,6,117,98,25,110,81,52,182,28,162,78,60,79,185,148,167,61,41,36,46,131,59,133,96,157,138,178,164,173,66,126,198,159,140,118,109,29,154,156,106,19,108,146,43,128,85,152,111,83,181,82,192,139,33,13,172,195,40,37,15,35,88,145,189,194,31,171,116,57,0,113,196,89,22,141,119,74,183,63,51,72,147,65,102,115,14,45,55,155,184,161,80,114,177,169,191,11,104,180,163,170,95,137,90,125,149,32,68,97,100,7,175,179,27,150,136,144,70,168,17,103,105,142,190,188,186,176,42,47,132,166,123,44];False
2319;8293;10612;[4,67,193,48,10,1,91,129,8,84,122,73,174,135,21,99,16,77,112,71,56,18,62,120,24,197,26,9,143,20,3,2,121,160,92,49,130,22,38,34,124,94,75,12,165,153,187,127,39,107,87,76,50,53,93,23,30,134,58,126,69,64,101,151,54,158,199,6,117,98,25,110,81,52,182,28,162,78,60,79,185,148,167,61,41,36,46,131,59,133,96,157,138,178,164,173,66,86,198,159,140,118,109,29,154,156,106,19,108,146,43,128,85,152,111,83,181,82,192,139,33,13,172,195,40,37,15,35,88,145,189,194,31,171,116,57,0,113,196,89,5,141,119,74,183,63,51,72,147,65,102,115,14,45,55,155,184,161,80,114,177,169,191,11,104,180,163,170,95,137,90,125,149,32,68,97,100,7,175,179,27,150,136,144,70,168,17,103,105,142,190,188,186,176,42,47,132,166,123,44];False
2340;8272;10612;[4,67,193,48,10,1,91,129,8,84,122,73,174,135,21,99,16,77,112,71,56,18,62,120,24,197,26,9,143,20,3,2,121,160,92,49,130,22,38,34,6,94,75,12,165,153,187,127,39,107,87,76,50,53,93,23,30,134,58,86,69,64,101,151,54,158,199,124,117,98,25,110,81,52,182,28,162,78,60,79,185,148,167,61,41,36,46,131,59,133,96,157,138,178,164,173,66,126,198,159,140,118,109,29,154,156,106,19,108,146,43,128,85,152,111,83,181,82,192,139,33,13,172,195,40,37,15,35,88,145,189,194,31,171,116,57,0,113,196,89,5,141,119,74,183,63,51,72,147,65,102,115,14,45,55,155,184,161,80,114,177,169,191,11,104,180,163,170,95,137,90,125,149,32,68,97,100,7,175,179,27,150,136,144,70,168,17,103,105,142,190,188,186,176,42,47,132,166,123,44];False
2352;8260;10612;[4,67,193,48,10,1,91,129,8,84,122,73,174,135,21,99,16,77,112,71,56,18,62,120,24,197,26,9,143,20,3,2,121,160,92,49,130,22,38,34,124,94,75,12,165,153,187,127,39,107,87,76,50,53,93,23,30,134,58,86,69,128,101,151,54,158,199,6,117,98,25,110,81,52,182,28,162,78,60,79,185,148,167,61,41,36,46,131,59,133,96,157,138,178,164,173,66,126,198,159,140,118,109,29,154,156,106,19,108,146,43,64,85,152,111,83,181,82,192,139,33,13,172,195,40,37,15,35,88,145,189,194,31,171,116,57,0,113,196,89,5,141,119,74,183,63,51,72,147,65,102,115,14,45,55,155,184,161,80,114,177,169,191,11,104,180,163,170,95,137,90,125,149,32,68,97,100,7,175,179,27,150,136,144,70,168,17,103,105,142,190,188,186,176,42,47,132,166,123,44];False
2363;8249;10612;[4,67,193,48,50,1,91,129,8,84,122,73,174,135,21,99,16,77,112,71,56,18,62,120,24,197,26,9,143,20,3,2,121,160,92,49,130,22,38,34,124,94,75,12,165,153,187,127,39,107,87,76,10,53,93,23,30,134,58,86,69,64,101,151,54,158,199,6,117,98,25,110,81,52,182,28,162,78,60,79,185,148,167,61,41,36,46,131,59,133,96,157,138,178,164,173,66,126,198,159,140,118,109,29,154,156,106,19,108,146,43,128,85,152,111,83,181,82,192,139,33,13,172,195,40,37,15,35,88,145,189,194,31,171,116,57,0,113,196,89,5,141,119,74,183,63,51,72,147,65,102,115,14,45,55,155,184,161,80,114,177,169,191,11,104,180,163,170,95,137,90,125,149,32,68,97,100,7,175,179,27,150,136,144,70,168,17,103,105,142,190,188,186,176,42,47,132,166,123,44];False
2369;8243;10612;[4,69,193,48,10,1,91,129,8,84,122,73,174,135,21,99,16,77,112,71,56,18,62,120,24,197,26,9,143,20,3,2,121,160,92,49,130,22,38,34,124,94,75,12,165,153,187,127,39,107,87,76,50,53,93,23,30,134,58,86,67,64,101,151,54,158,199,6,117,98,25,110,81,52,182,28,162,78,60,79,185,148,167,61,41,36,46,131,59,133,96,157,138,178,164,173,66,126,198,159,140,118,109,29,154,156,106,19,108,146,43,128,85,152,111,83,181,82,192,139,33,13,172,195,40,37,15,35,88,145,189,194,31,171,116,57,0,113,196,89,5,141,119,74,183,63,51,72,147,65,102,115,14,45,55,155,184,161,80,114,177,169,191,11,104,180,163,170,95,137,90,125,149,32,68,97,100,7,175,179,27,150,136,144,70,168,17,103,105,142,190,188,186,176,42,47,132,166,123,44];False
2340;8272;10612;[4,67,193,48,10,1,91,129,8,84,122,73,174,135,21,99,16,77,112,71,56,18,62,120,24,197,26,9,143,20,3,2,121,160,92,49,130,22,38,34,124,94,75,12,165,153,187,127,39,107,87,76,50,53,93,23,30,134,58,86,69,64,101,151,54,158,199,6,117,98,25,110,81,52,182,28,162,72,60,79,185,148,167,61,41,36,46,131,59,133,96,157,138,178,164,173,66,126,198,159,140,118,109,29,154,156,106,19,108,146,43,128,85,152,111,83,181,82,192,139,33,13,172,195,40,37,15,35,88,145,189,194,31,171,116,57,0,113,196,89,5,141,119,74,183,63,51,78,147,65,102,115,14,45,55,155,184,161,80,114,177,169,191,11,104,180,163,170,95,137,90,125,149,32,68,97,100,7,175,179,27,150,136,144,70,168,17,103,105,142,190,188,186,176,42,47,132,166,123,44];False
2296;8316;10612;[4,67,193,48,10,1,91,129,8,84,122,52,174,135,21,99,16,77,112,71,56,18,62,120,24,197,26,9,143,20,3,2,121,160,92,49,130,22,38,34,124,94,75,12,165,153,187,127,39,107,87,76,50,53,93,23,30,134,58,86,69,64,101,151,54,158,199,6,117,98,25,110,81,73,182,28,162,78,60,79,185,148,167,61,41,36,46,131,59,133,96,157,138,178,164,173,66,126,198,159,140,118,109,29,154,156,106,19,108,146,43,128,85,152,111,83,181,82,192,139,33,13,172,195,40,37,15,35,88,145,189,194,31,171,116,57,0,113,196,89,5,141,119,74,183,63,51,72,147,65,102,115,14,45,55,155,184,161,80,114,177,169,191,11,104,180,163,170,95,137,90,125,149,32,68,97,100,7,175,179,27,150,136,144,70,168,17,103,105,142,190,188,186,176,42,47,132,166,123,44];False
2336;8276;10612;[4,67,193,48,10,1,91,129,8,84,122,73,174,135,21,99,16,77,112,71,56,18,62,120,24,197,26,9,143,20,3,2,121,160,92,49,130,22,38,34,124,94,75,12,165,153,187,127,39,107,87,76,50,53,93,23,30,134,58,86,69,189,101,151,54,158,199,6,117,98,25,110,81,52,182,28,162,78,60,79,185,148,167,61,41,36,46,131,59,133,96,157,138,178,164,173,66,126,198,159,140,118,109,29,154,156,106,19,108,146,43,128,85,152,111,83,181,82,192,139,33,13,172,195,40,37,15,35,88,145,64,194,31,171,116,57,0,113,196,89,5,141,119,74,183,63,51,72,147,65,102,115,14,45,55,155,184,161,80,114,177,169,191,11,104,180,163,170,95,137,90,125,149,32,68,97,100,7,175,179,27,150,136,144,70,168,17,103,105,142,190,188,186,176,42,47,132,166,123,44];False
2341;8271;10612;[4,67,193,48,10,1,91,129,8,84,122,73,174,135,21,99,16,77,112,71,56,18,62,120,24,197,26,9,143,20,3,2,121,160,92,49,130,22,38,34,124,94,75,12,165,153,187,127,39,107,87,76,50,53,93,23,30,134,58,86,69,64,101,151,54,158,199,6,117,98,25,110,81,52,182,28,162,78,60,79,185,148,167,61,41,36,46,131,59,133,96,157,138,178,164,173,66,126,198,159,140,118,109,29,154,156,106,19,108,146,43,128,85,152,111,83,181,82,192,139,33,13,172,195,40,37,15,35,88,145,189,194,31,171,116,57,0,113,196,89,5,141,119,14,183,63,51,72,147,65,102,115,74,45,55,155,184,161,80,114,177,169,191,11,104,180,163,170,95,137,90,125,149,32,68,97,100,7,175,179,27,150,136,144,70,168,17,103,105,142,190,188,186,176,42,47,132,166,123,44];False
2390;8222;10612;[4,67,193,48,10,1,91,129,8,84,122,73,174,135,21,99,16,77,112,71,56,18,62,120,24,197,26,9,143,20,3,2,121,160,92,49,130,22,38,34,124,94,75,12,165,153,187,127,39,107,87,76,50,53,93,23,30,134,58,86,69,64,101,151,54,158,199,6,117,98,25,110,81,52,182,28,162,78,60,79,185,148,167,61,41,36,46,131,59,133,96,157,138,178,164,173,66,126,198,159,140,118,109,29,154,156,106,19,108,146,43,128,85,152,111,83,181,82,192,139,33,13,172,195,40,37,15,35,88,145,189,194,31,171,116,57,0,113,196,89,5,141,119,74,183,63,51,65,147,72,102,115,14,45,55,155,184,161,80,114,177,169,191,11,104,180,163,170,95,137,90,125,149,32,68,97,100,7,175,179,27,150,136,144,70,168,17,103,105,142,190,188,186,176,42,47,132,166,123,44];False
2313;8299;10612;[4,67,193,48,10,1,91,129,8,84,122,73,174,135,21,99,16,77,112,71,56,18,62,120,24,197,26,9,143,20,3,2,121,160,92,49,130,22,38,34,124,94,109,12,165,153,187,127,39,107,87,76,50,53,93,23,30,134,58,86,69,64,101,151,54,158,199,6,117,98,25,110,81,52,182,28,162,78,60,79,185,148,167,61,41,36,46,131,59,133,96,157,138,178,164,173,66,126,198,159,140,118,75,29,154,156,106,19,108,146,43,128,85,152,111,83,181,82,192,139,33,13,172,195,40,37,15,35,88,145,189,194,31,171,116,57,0,113,196,89,5,141,119,74,183,63,51,72,147,65,102,115,14,45,55,155,184,161,80,114,177,169,191,11,104,180,163,170,95,137,90,125,149,32,68,97,100,7,175,179,27,150,136,144,70,168,17,103,105,142,190,188,186,176,42,47,132,166,123,44];False
2312;8300;10612;[4,67,193,48,10,1,91,129,8,84,122,73,174,135,21,99,16,77,112,71,56,18,62,120,24,197,26,9,143,20,3,2,121,160,92,109,130,22,38,34,124,94,75,12,165,153,187,127,39,107,87,76,50,53,93,23,30,134,58,86,69,64,101,151,54,158,199,6,117,98,25,110,81,52,182,28,162,78,60,79,185,148,167,61,41,36,46,131,59,133,96,157,138,178,164,173,66,126,198,159,140,118,49,29,154,156,106,19,108,146,43,128,85,152,111,83,181,82,192,139,33,13,172,195,40,37,15,35,88,145,189,194,31,171,116,57,0,113,196,89,5,141,119,74,183,63,51,72,147,65,102,115,14,45,55,155,184,161,80,114,177,169,191,11,104,180,163,170,95,137,90,125,149,32,68,97,100,7,175,179,27,150,136,144,70,168,17,103,105,142,190,188,186,176,42,47,132,166,123,44];False
2359;8252;10611;[4,67,193,48,10,1,91,129,8,84,122,73,174,135,21,99,16,77,112,71,56,18,62,120,24,197,26,9,143,20,3,2,121,160,92,49,130,22,38,34,124,94,75,12,165,153,187,127,39,107,87,76,50,53,93,23,30,134,58,86,69,64,101,151,54,158,199,6,117,98,25,110,81,52,182,28,162,78,60,79,185,148,167,61,41,36,46,131,59,133,96,157,138,178,164,173,66,126,198,159,140,118,109,29,154,156,106,19,108,146,43,128,85,152,111,83,181,82,192,139,33,13,172,195,40,37,15,35,163,145,189,194,31,171,116,57,0,113,196,89,5,141,119,74,183,63,51,72,147,65,102,115,14,45,55,155,184,161,80,114,177,169,191,11,104,180,88,170,95,137,90,125,149,32,68,97,100,7,175,179,27,150,136,144,70,168,17,103,105,142,190,188,186,176,42,47,132,166,123,44];False
2359;8252;10611;[4,67,193,48,10,1,91,129,8,84,122,73,174,135,21,99,16,77,112,71,56,18,62,120,24,197,26,9,143,20,3,2,121,160,92,49,130,22,38,34,124,94,75,12,165,153,187,127,39,107,87,76,50,53,93,23,30,134,58,86,69,64,101,151,54,158,199,6,117,98,25,110,81,52,182,28,162,78,60,79,185,148,167,61,41,36,46,131,59,133,96,157,138,178,164,173,66,126,198,159,140,118,109,29,154,156,106,19,108,146,43,128,85,152,111,83,181,82,192,139,33,13,172,195,40,37,15,35,88,145,189,194,31,171,42,57,0,113,196,89,5,141,119,74,183,63,51,72,147,65,102,115,14,45,55,155,184,161,80,114,177,169,191,11,104,180,163,170,95,137,90,125,149,32,68,97,100,7,175,179,27,150,136,144,70,168,17,103,105,142,190,188,186,176,116,47,132,166,123,44];False
2271;8340;10611;[4,67,193,48,10,1,91,129,8,84,122,73,174,135,21,99,16,77,112,71,56,18,62,120,24,197,26,9,143,79,3,2,121,160,92,49,130,22,38,34,124,94,75,12,165,153,187,127,39,107,87,76,50,53,93,23,30,134,58,86,69,64,101,151,54,158,199,6,117,98,25,110,81,52,182,28,162,78,60,20,185,148,167,61,41,36,46,131,59,133,96,157,138,178,164,173,66,126,198,159,140,118,109,29,154,156,106,19,108,146,43,128,85,152,111,83,181,82,192,139,33,13,172,195,40,37,15,35,88,145,189,194,31,171,116,57,0,113,196,89,5,141,119,74,183,63,51,72,147,65,102,115,14,45,55,155,184,161,80,114,177,169,191,11,104,180,163,170,95,137,90,125,149,32,68,97,100,7,175,179,27,150,136,144,70,168,17,103,105,142,190,188,186,176,42,47,132,166,123,44];False
2330;8281;10611;[4,67,193,48,10,1,91,129,8,84,122,73,174,135,21,99,16,77,112,71,56,18,62,120,24,197,26,9,143,20,3,2,61,160,92,49,130,22,38,34,124,94,75,12,165,153,187,127,39,107,87,76,50,53,93,23,30,134,58,86,69,64,101,151,54,158,199,6,117,98,25,110,81,52,182,28,162,78,60,79,185,148,167,121,41,36,46,131,59,133,96,157,138,178,164,173,66,126,198,159,140,118,109,29,154,156,106,19,108,146,43,128,85,152,111,83,181,82,192,139,33,13,172,195,40,37,15,35,88,145,189,194,31,171,116,57,0,113,196,89,5,141,119,74,183,63,51,72,147,65,102,115,14,45,55,155,184,161,80,114,177,169,191,11,104,180,163,170,95,137,90,125,149,32,68,97,100,7,175,179,27,150,136,144,70,168,17,103,105,142,190,188,186,176,42,47,132,166,123,44];False
2310;8301;10611;[4,67,193,48,10,1,91,129,8,84,122,73,174,135,21,99,16,77,112,71,56,18,62,120,24,197,42,9,143,20,3,2,121,160,92,49,130,22,38,34,124,94,75,12,165,153,187,127,39,107,87,76,50,53,93,23,30,134,58,86,69,64,101,151,54,158,199,6,117,98,25,110,81,52,182,28,162,78,60,79,185,148,167,61,41,36,46,131,59,133,96,157,138,178,164,173,66,126,198,159,140,118,109,29,154,156,106,19,108,146,43,128,85,152,111,83,181,82,192,139,33,13,172,195,40,37,15,35,88,145,189,194,31,171,116,57,0,113,196,89,5,141,119,74,183,63,51,72,147,65,102,115,14,45,55,155,184,161,80,114,177,169,191,11,104,180,163,170,95,137,90,125,149,32,68,97,100,7,175,179,27,150,136,144,70,168,17,103,105,142,190,188,186,176,26,47,132,166,123,44];False
2322;8289;10611;[4,67,193,48,10,1,91,129,8,84,122,73,174,135,21,99,16,77,112,71,56,18,62,120,24,197,26,9,143,20,3,2,121,160,92,49,42,22,38,34,124,94,75,12,165,153,187,127,39,107,87,76,50,53,93,23,30,134,58,86,69,64,101,151,54,158,199,6,117,98,25,110,81,52,182,28,162,78,60,79,185,148,167,61,41,36,46,131,59,133,96,157,138,178,164,173,66,126,198,159,140,118,109,29,154,156,106,19,108,146,43,128,85,152,111,83,181,82,192,139,33,13,172,195,40,37,15,35,88,145,189,194,31,171,116,57,0,113,196,89,5,141,119,74,183,63,51,72,147,65,102,115,14,45,55,155,184,161,80,114,177,169,191,11,104,180,163,170,95,137,90,125,149,32,68,97,100,7,175,179,27,150,136,144,70,168,17,103,105,142,190,188,186,176,130,47,132,166,123,44];False
2332;8279;10611;[4,67,193,48,10,1,91,129,8,84,122,73,174,135,21,99,16,77,112,71,56,18,62,120,24,197,26,9,143,20,3,2,121,160,92,49,130,22,38,34,124,94,75,12,165,153,187,127,39,107,87,76,50,53,93,23,30,134,58,86,69,64,101,151,54,158,199,6,117,98,25,110,81,52,182,28,162,78,60,79,185,148,167,61,41,36,46,131,59,133,96,157,138,178,164,173,66,126,198,159,140,118,150,29,154,156,106,19,108,146,43,128,85,152,111,83,181,82,192,139,33,13,172,195,40,37,15,35,88,145,189,194,31,171,116,57,0,113,196,89,5,141,119,74,183,63,51,72,147,65,102,115,14,45,55,155,184,161,80,114,177,169,191,11,104,180,163,170,95,137,90,125,149,32,68,97,100,7,175,179,27,109,136,144,70,168,17,103,105,142,190,188,186,176,42,47,132,166,123,44];False
2318;8293;10611;[4,67,193,48,10,1,91,129,8,84,122,73,174,135,21,99,16,77,112,71,56,18,62,120,24,197,26,9,143,20,3,187,121,160,92,49,130,22,38,34,124,94,75,12,165,153,2,127,39,107,87,76,50,53,93,23,30,134,58,86,69,64,101,151,54,158,199,6,117,98,25,110,81,52,182,28,162,78,60,79,185,148,167,61,41,36,46,131,59,133,96,157,138,178,164,173,66,126,198,159,140,118,109,29,154,156,106,19,108,146,43,128,85,152,111,83,181,82,192,139,33,13,172,195,40,37,15,35,88,145,189,194,31,171,116,57,0,113,196,89,5,141,119,74,183,63,51,72,147,65,102,115,14,45,55,155,184,161,80,114,177,169,191,11,104,180,163,170,95,137,90,125,149,32,68,97,100,7,175,179,27,150,136,144,70,168,17,103,105,142,190,188,186,176,42,47,132,166,123,44];False
2350;8261;10611;[4,67,193,48,10,1,91,129,8,84,122,73,174,135,21,99,16,77,112,71,56,18,62,120,24,197,26,9,143,20,3,2,121,160,92,49,130,22,147,34,124,94,75,12,165,153,187,127,39,107,87,76,50,53,93,23,30,134,58,86,69,64,101,151,54,158,199,6,117,98,25,110,81,52,182,28,162,78,60,79,185,148,167,61,41,36,46,131,59,133,96,157,138,178,164,173,66,126,198,159,140,118,109,29,154,156,106,19,108,146,43,128,85,152,111,83,181,82,192,139,33,13,172,195,40,37,15,35,88,145,189,194,31,171,116,57,0,113,196,89,5,141,119,74,183,63,51,72,38,65,102,115,14,45,55,155,184,161,80,114,177,169,191,11,104,180,163,170,95,137,90,125,149,32,68,97,100,7,175,179,27,150,136,144,70,168,17,103,105,142,190,188,186,176,42,47,132,166,123,44];False
2362;8249;10611;[4,67,193,48,10,1,91,129,8,84,122,73,174,135,21,99,16,77,112,71,56,18,62,120,27,197,26,9,143,20,3,2,121,160,92,49,130,22,38,34,124,94,75,12,165,153,187,127,39,107,87,76,50,53,93,23,30,134,58,86,69,64,101,151,54,158,199,6,117,98,25,110,81,52,182,28,162,78,60,79,185,148,167,61,41,36,46,131,59,133,96,157,138,178,164,173,66,126,198,159,140,118,109,29,154,156,106,19,108,146,43,128,85,152,111,83,181,82,192,139,33,13,172,195,40,37,15,35,88,145,189,194,31,171,116,57,0,113,196,89,5,141,119,74,183,63,51,72,147,65,102,115,14,45,55,155,184,161,80,114,177,169,191,11,104,180,163,170,95,137,90,125,149,32,68,97,100,7,175,179,24,150,136,144,70,168,17,103,105,142,190,188,186,176,42,47,132,166,123,44];False
2313;8298;10611;[4,67,193,48,10,1,91,129,8,84,122,73,174,135,21,99,16,77,112,71,56,18,62,120,24,197,26,9,143,20,3,2,121,160,92,49,130,22,38,34,124,94,75,159,165,153,187,127,39,107,87,76,50,53,93,23,30,134,58,86,69,64,101,151,54,158,199,6,117,98,25,110,81,52,182,28,162,78,60,79,185,148,167,61,41,36,46,131,59,133,96,157,138,178,164,173,66,126,198,12,140,118,109,29,154,156,106,19,108,146,43,128,85,152,111,83,181,82,192,139,33,13,172,195,40,37,15,35,88,145,189,194,31,171,116,57,0,113,196,89,5,141,119,74,183,63,51,72,147,65,102,115,14,45,55,155,184,161,80,114,177,169,191,11,104,180,163,170,95,137,90,125,149,32,68,97,100,7,175,179,27,150,136,144,70,168,17,103,105,142,190,188,186,176,42,47,132,166,123,44];False
2314;8297;10611;[4,67,193,48,10,1,91,129,8,84,122,73,174,135,21,99,16,77,112,71,56,18,62,120,24,197,26,9,85,20,3,2,121,160,92,49,130,22,38,34,124,94,75,12,165,153,187,127,39,107,87,76,50,53,93,23,30,134,58,86,69,64,101,151,54,158,199,6,117,98,25,110,81,52,182,28,162,78,60,79,185,148,167,61,41,36,46,131,59,133,96,157,138,178,164,173,66,126,198,159,140,118,109,29,154,156,106,19,108,146,43,128,143,152,111,83,181,82,192,139,33,13,172,195,40,37,15,35,88,145,189,194,31,171,116,57,0,113,196,89,5,141,119,74,183,63,51,72,147,65,102,115,14,45,55,155,184,161,80,114,177,169,191,11,104,180,163,170,95,137,90,125,149,32,68,97,100,7,175,179,27,150,136,144,70,168,17,103,105,142,190,188,186,176,42,47,132,166,123,44];False
2298;8313;10611;[4,67,193,48,10,1,91,129,8,84,122,73,174,135,21,99,16,77,112,71,56,18,62,120,24,197,26,9,143,20,3,2,121,160,92,49,130,22,38,34,124,94,75,12,165,153,187,127,39,107,87,76,50,53,93,23,30,134,58,86,69,64,101,151,54,158,199,6,117,98,25,110,81,52,182,28,162,78,60,79,185,148,114,61,41,36,46,131,59,133,96,157,138,178,164,173,66,126,198,159,140,118,109,29,154,156,106,19,108,146,43,128,85,152,111,83,181,82,192,139,33,13,172,195,40,37,15,35,88,145,189,194,31,171,116,57,0,113,196,89,5,141,119,74,183,63,51,72,147,65,102,115,14,45,55,155,184,161,80,167,177,169,191,11,104,180,163,170,95,137,90,125,149,32,68,97,100,7,175,179,27,150,136,144,70,168,17,103,105,142,190,188,186,176,42,47,132,166,123,44];False
2336;8274;10610;[4,67,193,48,10,1,91,129,8,84,122,73,174,135,21,99,16,77,112,71,56,18,62,120,24,197,26,9,143,20,3,2,121,160,92,49,130,22,38,34,124,94,75,12,165,153,187,127,39,107,87,76,50,53,93,52,30,134,58,86,69,64,101,151,54,158,199,6,117,98,25,110,81,23,182,28,162,78,60,79,185,148,167,61,41,36,46,131,59,133,96,157,138,178,164,173,66,126,198,159,140,118,109,29,154,156,106,19,108,146,43,128,85,152,111,83,181,82,192,139,33,13,172,195,40,37,15,35,88,145,189,194,31,171,116,57,0,113,196,89,5,141,119,74,183,63,51,72,147,65,102,115,14,45,55,155,184,161,80,114,177,169,191,11,104,180,163,170,95,137,90,125,149,32,68,97,100,7,175,179,27,150,136,144,70,168,17,103,105,142,190,188,186,176,42,47,132,166,123,44];False
2326;8284;10610;[97,67,193,48,10,1,91,129,8,84,122,73,174,135,21,99,16,77,112,71,56,18,62,120,24,197,26,9,143,20,3,2,121,160,92,49,130,22,38,34,124,94,75,12,165,153,187,127,39,107,87,76,50,53,93,23,30,134,58,86,69,64,101,151,54,158,199,6,117,98,25,110,81,52,182,28,162,78,60,79,185,148,167,61,41,36,46,131,59,133,96,157,138,178,164,173,66,126,198,159,140,118,109,29,154,156,106,19,108,146,43,128,85,152,111,83,181,82,192,139,33,13,172,195,40,37,15,35,88,145,189,194,31,171,116,57,0,113,196,89,5,141,119,74,183,63,51,72,147,65,102,115,14,45,55,155,184,161,80,114,177,169,191,11,104,180,163,170,95,137,90,125,149,32,68,4,100,7,175,179,27,150,136,144,70,168,17,103,105,142,190,188,186,176,42,47,132,166,123,44];False
2369;8241;10610;[4,67,193,48,10,1,91,129,8,84,122,73,174,135,21,99,16,77,112,71,56,18,62,120,24,197,26,9,143,20,3,2,121,160,92,49,130,22,38,34,124,94,75,12,165,153,187,127,39,107,87,76,50,53,93,23,30,134,60,86,69,64,101,151,54,158,199,6,117,98,25,110,81,52,182,28,162,78,58,79,185,148,167,61,41,36,46,131,59,133,96,157,138,178,164,173,66,126,198,159,140,118,109,29,154,156,106,19,108,146,43,128,85,152,111,83,181,82,192,139,33,13,172,195,40,37,15,35,88,145,189,194,31,171,116,57,0,113,196,89,5,141,119,74,183,63,51,72,147,65,102,115,14,45,55,155,184,161,80,114,177,169,191,11,104,180,163,170,95,137,90,125,149,32,68,97,100,7,175,179,27,150,136,144,70,168,17,103,105,142,190,188,186,176,42,47,132,166,123,44];False
2266;8344;10610;[4,67,193,48,10,1,91,129,8,84,122,73,174,135,21,99,16,77,112,71,56,18,62,120,24,197,26,9,143,20,3,2,121,160,92,49,130,22,38,34,124,94,75,12,165,153,187,127,39,107,87,76,50,53,93,23,30,134,58,86,69,64,101,151,54,158,199,6,117,98,25,110,81,52,182,28,179,78,60,79,185,148,167,61,41,36,46,131,59,133,96,157,138,178,164,173,66,126,198,159,140,118,109,29,154,156,106,19,108,146,43,128,85,152,111,83,181,82,192,139,33,13,172,195,40,37,15,35,88,145,189,194,31,171,116,57,0,113,196,89,5,141,119,74,183,63,51,72,147,65,102,115,14,45,55,155,184,161,80,114,177,169,191,11,104,180,163,170,95,137,90,125,149,32,68,97,100,7,175,162,27,150,136,144,70,168,17,103,105,142,190,188,186,176,42,47,132,166,123,44];False
2334;8276;10610;[4,67,193,48,10,1,91,129,8,84,122,73,174,135,21,99,16,77,112,71,56,18,62,120,24,197,26,9,143,20,3,2,121,160,92,49,130,22,38,34,124,94,75,12,165,153,187,127,39,107,87,76,50,53,93,23,30,134,58,86,69,64,101,151,54,158,199,6,117,98,25,110,81,52,182,28,162,78,60,79,185,148,167,61,0,36,46,131,59,133,96,157,138,178,164,173,66,126,198,159,140,118,109,29,154,156,106,19,108,146,43,128,85,152,111,83,181,82,192,139,33,13,172,195,40,37,15,35,88,145,189,194,31,171,116,57,41,113,196,89,5,141,119,74,183,63,51,72,147,65,102,115,14,45,55,155,184,161,80,114,177,169,191,11,104,180,163,170,95,137,90,125,149,32,68,97,100,7,175,179,27,150,136,144,70,168,17,103,105,142,190,188,186,176,42,47,132,166,123,44];False
2352;8258;10610;[4,67,193,48,10,1,91,129,8,84,122,73,174,135,21,99,16,77,112,71,56,18,62,120,24,197,26,9,143,20,3,2,121,160,92,49,130,22,38,34,124,94,75,12,165,153,187,127,39,107,87,76,50,53,93,23,30,134,58,86,69,64,101,151,54,158,199,6,117,98,25,110,81,52,182,28,162,78,60,79,185,148,167,61,41,36,46,131,59,133,96,157,138,178,164,173,66,126,198,159,140,118,109,29,154,156,106,19,108,146,43,128,85,152,111,83,181,82,192,139,33,13,172,195,40,37,15,35,88,145,189,194,31,171,116,57,0,113,196,89,5,141,119,147,183,63,51,72,74,65,102,115,14,45,55,155,184,161,80,114,177,169,191,11,104,180,163,170,95,137,90,125,149,32,68,97,100,7,175,179,27,150,136,144,70,168,17,103,105,142,190,188,186,176,42,47,132,166,123,44];False
2344;8266;10610;[4,67,193,48,10,1,91,129,8,84,122,29,174,135,21,99,16,77,112,71,56,18,62,120,24,197,26,9,143,20,3,2,121,160,92,49,130,22,38,34,124,94,75,12,165,153,187,127,39,107,87,76,50,53,93,23,30,134,58,86,69,64,101,151,54,158,199,6,117,98,25,110,81,52,182,28,162,78,60,79,185,148,167,61,41,36,46,131,59,133,96,157,138,178,164,173,66,126,198,159,140,118,109,73,154,156,106,19,108,146,43,128,85,152,111,83,181,82,192,139,33,13,172,195,40,37,15,35,88,145,189,194,31,171,116,57,0,113,196,89,5,141,119,74,183,63,51,72,147,65,102,115,14,45,55,155,184,161,80,114,177,169,191,11,104,180,163,170,95,137,90,125,149,32,68,97,100,7,175,179,27,150,136,144,70,168,17,103,105,142,190,188,186,176,42,47,132,166,123,44];False
2352;8258;10610;[4,67,193,48,10,1,91,129,8,84,122,73,174,135,21,99,16,77,112,71,56,18,62,120,24,197,26,9,143,20,3,2,121,160,92,49,130,22,38,34,109,94,75,12,165,153,187,127,39,107,87,76,50,53,93,23,30,134,58,86,69,64,101,151,54,158,199,6,117,98,25,110,81,52,182,28,162,78,60,79,185,148,167,61,41,36,46,131,59,133,96,157,138,178,164,173,66,126,198,159,140,118,124,29,154,156,106,19,108,146,43,128,85,152,111,83,181,82,192,139,33,13,172,195,40,37,15,35,88,145,189,194,31,171,116,57,0,113,196,89,5,141,119,74,183,63,51,72,147,65,102,115,14,45,55,155,184,161,80,114,177,169,191,11,104,180,163,170,95,137,90,125,149,32,68,97,100,7,175,179,27,150,136,144,70,168,17,103,105,142,190,188,186,176,42,47,132,166,123,44];False
2353;8257;10610;[4,67,193,48,10,1,91,129,8,84,122,73,174,135,21,99,16,77,112,71,56,18,62,120,24,197,26,9,143,20,3,2,194,160,92,49,130,22,38,34,124,94,75,12,165,153,187,127,39,107,87,76,50,53,93,23,30,134,58,86,69,64,101,151,54,158,199,6,117,98,25,110,81,52,182,28,162,78,60,79,185,148,167,61,41,36,46,131,59,133,96,157,138,178,164,173,66,126,198,159,140,118,109,29,154,156,106,19,108,146,43,128,85,152,111,83,181,82,192,139,33,13,172,195,40,37,15,35,88,145,189,121,31,171,116,57,0,113,196,89,5,141,119,74,183,63,51,72,147,65,102,115,14,45,55,155,184,161,80,114,177,169,191,11,104,180,163,170,95,137,90,125,149,32,68,97,100,7,175,179,27,150,136,144,70,168,17,103,105,142,190,188,186,176,42,47,132,166,123,44];False
2349;8261;10610;[4,67,193,48,10,1,91,129,8,84,122,73,174,135,21,99,16,77,112,71,56,18,62,120,24,197,26,9,143,20,3,2,121,160,92,49,130,22,38,34,124,94,75,12,165,153,187,127,39,107,87,76,50,53,93,23,30,134,58,86,69,64,101,151,54,158,199,6,117,98,25,110,81,52,119,28,162,78,60,79,185,148,167,61,41,36,46,131,59,133,96,157,138,178,164,173,66,126,198,159,140,118,109,29,154,156,106,19,108,146,43,128,85,152,111,83,181,82,192,139,33,13,172,195,40,37,15,35,88,145,189,194,31,171,116,57,0,113,196,89,5,141,182,74,183,63,51,72,147,65,102,115,14,45,55,155,184,161,80,114,177,169,191,11,104,180,163,170,95,137,90,125,149,32,68,97,100,7,175,179,27,150,136,144,70,168,17,103,105,142,190,188,186,176,42,47,132,166,123,44];False
2349;8261;10610;[4,67,193,48,10,1,91,129,8,84,122,73,174,135,21,99,16,77,112,71,56,18,62,120,24,197,26,9,143,20,3,2,121,160,92,49,130,22,38,34,124,94,75,12,165,153,187,127,39,107,87,76,50,53,93,23,30,134,58,86,69,64,101,151,54,158,199,6,117,98,25,110,81,52,111,28,162,78,60,79,185,148,167,61,41,36,46,131,59,133,96,157,138,178,164,173,66,126,198,159,140,118,109,29,154,156,106,19,108,146,43,128,85,152,182,83,181,82,192,139,33,13,172,195,40,37,15,35,88,145,189,194,31,171,116,57,0,113,196,89,5,141,119,74,183,63,51,72,147,65,102,115,14,45,55,155,184,161,80,114,177,169,191,11,104,180,163,170,95,137,90,125,149,32,68,97,100,7,175,179,27,150,136,144,70,168,17,103,105,142,190,188,186,176,42,47,132,166,123,44];False
2322;8287;10609;[4,67,193,48,10,1,91,129,8,84,122,73,174,135,21,99,16,77,112,71,56,107,62,120,24,197,26,9,143,20,3,2,121,160,92,49,130,22,38,34,124,94,75,12,165,153,187,127,39,18,87,76,50,53,93,23,30,134,58,86,69,64,101,151,54,158,199,6,117,98,25,110,81,52,182,28,162,78,60,79,185,148,167,61,41,36,46,131,59,133,96,157,138,178,164,173,66,126,198,159,140,118,109,29,154,156,106,19,108,146,43,128,85,152,111,83,181,82,192,139,33,13,172,195,40,37,15,35,88,145,189,194,31,171,116,57,0,113,196,89,5,141,119,74,183,63,51,72,147,65,102,115,14,45,55,155,184,161,80,114,177,169,191,11,104,180,163,170,95,137,90,125,149,32,68,97,100,7,175,179,27,150,136,144,70,168,17,103,105,142,190,188,186,176,42,47,132,166,123,44];False
2341;8268;10609;[4,67,193,48,10,1,91,129,8,84,122,73,174,135,21,99,16,77,112,71,56,18,62,120,24,197,171,9,143,20,3,2,121,160,92,49,130,22,38,34,124,94,75,12,165,153,187,127,39,107,87,76,50,53,93,23,30,134,58,86,69,64,101,151,54,158,199,6,117,98,25,110,81,52,182,28,162,78,60,79,185,148,167,61,41,36,46,131,59,133,96,157,138,178,164,173,66,126,198,159,140,118,109,29,154,156,106,19,108,146,43,128,85,152,111,83,181,82,192,139,33,13,172,195,40,37,15,35,88,145,189,194,31,26,116,57,0,113,196,89,5,141,119,74,183,63,51,72,147,65,102,115,14,45,55,155,184,161,80,114,177,169,191,11,104,180,163,170,95,137,90,125,149,32,68,97,100,7,175,179,27,150,136,144,70,168,17,103,105,142,190,188,186,176,42,47,132,166,123,44];False
2334;8275;10609;[4,67,193,48,10,1,91,129,8,84,122,73,174,135,21,99,16,77,112,71,56,18,62,120,24,197,26,9,143,20,3,2,121,160,92,49,130,22,38,34,124,94,75,12,165,153,187,127,39,107,87,76,50,53,195,23,30,134,58,86,69,64,101,151,54,158,199,6,117,98,25,110,81,52,182,28,162,78,60,79,185,148,167,61,41,36,46,131,59,133,96,157,138,178,164,173,66,126,198,159,140,118,109,29,154,156,106,19,108,146,43,128,85,152,111,83,181,82,192,139,33,13,172,93,40,37,15,35,88,145,189,194,31,171,116,57,0,113,196,89,5,141,119,74,183,63,51,72,147,65,102,115,14,45,55,155,184,161,80,114,177,169,191,11,104,180,163,170,95,137,90,125,149,32,68,97,100,7,175,179,27,150,136,144,70,168,17,103,105,142,190,188,186,176,42,47,132,166,123,44];False
2384;8225;10609;[4,67,193,48,10,1,91,129,8,84,122,73,174,135,21,99,16,77,112,71,56,18,62,120,24,197,26,9,143,20,3,2,121,160,92,49,130,22,38,34,124,94,75,12,165,153,187,127,39,107,87,76,50,53,93,23,30,134,58,86,54,64,101,151,69,158,199,6,117,98,25,110,81,52,182,28,162,78,60,79,185,148,167,61,41,36,46,131,59,133,96,157,138,178,164,173,66,126,198,159,140,118,109,29,154,156,106,19,108,146,43,128,85,152,111,83,181,82,192,139,33,13,172,195,40,37,15,35,88,145,189,194,31,171,116,57,0,113,196,89,5,141,119,74,183,63,51,72,147,65,102,115,14,45,55,155,184,161,80,114,177,169,191,11,104,180,163,170,95,137,90,125,149,32,68,97,100,7,175,179,27,150,136,144,70,168,17,103,105,142,190,188,186,176,42,47,132,166,123,44];False
2355;8254;10609;[4,67,193,48,10,1,91,129,8,84,122,73,174,135,21,99,16,77,112,71,56,18,62,120,24,197,26,9,143,20,3,2,12,160,92,49,130,22,38,34,124,94,75,121,165,153,187,127,39,107,87,76,50,53,93,23,30,134,58,86,69,64,101,151,54,158,199,6,117,98,25,110,81,52,182,28,162,78,60,79,185,148,167,61,41,36,46,131,59,133,96,157,138,178,164,173,66,126,198,159,140,118,109,29,154,156,106,19,108,146,43,128,85,152,111,83,181,82,192,139,33,13,172,195,40,37,15,35,88,145,189,194,31,171,116,57,0,113,196,89,5,141,119,74,183,63,51,72,147,65,102,115,14,45,55,155,184,161,80,114,177,169,191,11,104,180,163,170,95,137,90,125,149,32,68,97,100,7,175,179,27,150,136,144,70,168,17,103,105,142,190,188,186,176,42,47,132,166,123,44];False
2326;8283;10609;[4,67,193,48,10,1,91,129,8,84,122,73,174,135,21,99,16,77,112,71,56,18,62,120,24,197,26,9,143,20,3,2,121,160,92,49,130,22,38,34,124,94,75,12,165,153,187,127,39,107,87,76,50,53,93,23,30,134,58,86,69,64,101,151,54,158,199,6,117,98,25,110,81,52,182,28,162,78,60,79,185,148,167,61,41,36,46,131,59,133,96,157,138,178,164,173,66,126,198,159,140,118,109,29,154,156,106,19,108,146,43,128,85,152,111,83,181,82,192,139,33,13,172,195,97,37,15,35,88,145,189,194,31,171,116,57,0,113,196,89,5,141,119,74,183,63,51,72,147,65,102,115,14,45,55,155,184,161,80,114,177,169,191,11,104,180,163,170,95,137,90,125,149,32,68,40,100,7,175,179,27,150,136,144,70,168,17,103,105,142,190,188,186,176,42,47,132,166,123,44];False
2313;8296;10609;[4,67,193,48,10,1,91,129,8,84,122,73,174,135,21,99,16,77,112,71,56,18,62,120,24,197,26,9,110,20,3,2,121,160,92,49,130,22,38,34,124,94,75,12,165,153,187,127,39,107,87,76,50,53,93,23,30,134,58,86,69,64,101,151,54,158,199,6,117,98,25,143,81,52,182,28,162,78,60,79,185,148,167,61,41,36,46,131,59,133,96,157,138,178,164,173,66,126,198,159,140,118,109,29,154,156,106,19,108,146,43,128,85,152,111,83,181,82,192,139,33,13,172,195,40,37,15,35,88,145,189,194,31,171,116,57,0,113,196,89,5,141,119,74,183,63,51,72,147,65,102,115,14,45,55,155,184,161,80,114,177,169,191,11,104,180,163,170,95,137,90,125,149,32,68,97,100,7,175,179,27,150,136,144,70,168,17,103,105,142,190,188,186,176,42,47,132,166,123,44];False
2295;8314;10609;[4,67,193,48,10,1,91,129,8,84,122,73,174,135,21,99,16,77,112,71,56,18,62,120,24,197,26,9,143,20,3,2,121,160,92,49,130,22,38,34,124,94,75,12,165,153,187,127,39,107,87,76,50,53,93,23,30,134,58,86,69,64,101,151,54,82,199,6,117,98,25,110,81,52,182,28,162,78,60,79,185,148,167,61,41,36,46,131,59,133,96,157,138,178,164,173,66,126,198,159,140,118,109,29,154,156,106,19,108,146,43,128,85,152,111,83,181,158,192,139,33,13,172,195,40,37,15,35,88,145,189,194,31,171,116,57,0,113,196,89,5,141,119,74,183,63,51,72,147,65,102,115,14,45,55,155,184,161,80,114,177,169,191,11,104,180,163,170,95,137,90,125,149,32,68,97,100,7,175,179,27,150,136,144,70,168,17,103,105,142,190,188,186,176,42,47,132,166,123,44];False
2319;8290;10609;[4,67,193,48,10,1,91,129,8,84,122,73,174,135,21,99,16,77,112,71,56,18,62,120,24,197,26,9,143,20,3,2,121,160,92,49,130,22,38,34,124,94,75,12,165,153,187,127,39,107,87,76,50,53,93,23,30,134,58,86,69,64,101,151,54,158,199,6,117,98,25,110,81,52,182,28,162,78,60,79,185,148,167,61,41,5,46,131,59,133,96,157,138,178,164,173,66,126,198,159,140,118,109,29,154,156,106,19,108,146,43,128,85,152,111,83,181,82,192,139,33,13,172,195,40,37,15,35,88,145,189,194,31,171,116,57,0,113,196,89,36,141,119,74,183,63,51,72,147,65,102,115,14,45,55,155,184,161,80,114,177,169,191,11,104,180,163,170,95,137,90,125,149,32,68,97,100,7,175,179,27,150,136,144,70,168,17,103,105,142,190,188,186,176,42,47,132,166,123,44];False
2344;8265;10609;[4,67,193,48,10,1,91,129,8,84,122,73,174,135,21,99,16,77,112,71,56,18,62,120,24,197,26,9,143,20,3,2,121,160,92,49,130,22,38,34,124,94,75,12,165,153,187,127,39,107,150,76,50,53,93,23,30,134,58,86,69,64,101,151,54,158,199,6,117,98,25,110,81,52,182,28,162,78,60,79,185,148,167,61,41,36,46,131,59,133,96,157,138,178,164,173,66,126,198,159,140,118,109,29,154,156,106,19,108,146,43,128,85,152,111,83,181,82,192,139,33,13,172,195,40,37,15,35,88,145,189,194,31,171,116,57,0,113,196,89,5,141,119,74,183,63,51,72,147,65,102,115,14,45,55,155,184,161,80,114,177,169,191,11,104,180,163,170,95,137,90,125,149,32,68,97,100,7,175,179,27,87,136,144,70,168,17,103,105,142,190,188,186,176,42,47,132,166,123,44];False
2336;8272;10608;[4,67,193,48,10,1,91,129,8,84,122,73,174,135,21,99,16,77,112,71,56,18,62,120,24,117,26,9,143,20,3,2,121,160,92,49,130,22,38,34,124,94,75,12,165,153,187,127,39,107,87,76,50,53,93,23,30,134,58,86,69,64,101,151,54,158,199,6,197,98,25,110,81,52,182,28,162,78,60,79,185,148,167,61,41,36,46,131,59,133,96,157,138,178,164,173,66,126,198,159,140,118,109,29,154,156,106,19,108,146,43,128,85,152,111,83,181,82,192,139,33,13,172,195,40,37,15,35,88,145,189,194,31,171,116,57,0,113,196,89,5,141,119,74,183,63,51,72,147,65,102,115,14,45,55,155,184,161,80,114,177,169,191,11,104,180,163,170,95,137,90,125,149,32,68,97,100,7,175,179,27,150,136,144,70,168,17,103,105,142,190,188,186,176,42,47,132,166,123,44];False
2328;8280;10608;[4,67,193,48,10,1,91,129,8,84,122,73,174,135,21,99,16,77,112,71,56,18,62,120,24,197,26,9,143,20,3,2,121,160,92,49,130,22,38,34,124,94,75,12,165,153,187,127,39,107,87,76,50,53,93,23,30,134,58,86,69,64,101,151,54,158,199,6,117,98,25,110,81,52,182,28,162,78,60,79,185,148,167,61,41,36,46,131,59,133,96,157,138,178,164,173,66,126,198,159,144,118,109,29,154,156,106,19,108,146,43,128,85,152,111,83,181,82,192,139,33,13,172,195,40,37,15,35,88,145,189,194,31,171,116,57,0,113,196,89,5,141,119,74,183,63,51,72,147,65,102,115,14,45,55,155,184,161,80,114,177,169,191,11,104,180,163,170,95,137,90,125,149,32,68,97,100,7,175,179,27,150,136,140,70,168,17,103,105,142,190,188,186,176,42,47,132,166,123,44];False
2334;8274;10608;[4,67,193,48,10,1,91,129,8,84,122,73,161,135,21,99,16,77,112,71,56,18,62,120,24,197,26,9,143,20,3,2,121,160,92,49,130,22,38,34,124,94,75,12,165,153,187,127,39,107,87,76,50,53,93,23,30,134,58,86,69,64,101,151,54,158,199,6,117,98,25,110,81,52,182,28,162,78,60,79,185,148,167,61,41,36,46,131,59,133,96,157,138,178,164,173,66,126,198,159,140,118,109,29,154,156,106,19,108,146,43,128,85,152,111,83,181,82,192,139,33,13,172,195,40,37,15,35,88,145,189,194,31,171,116,57,0,113,196,89,5,141,119,74,183,63,51,72,147,65,102,115,14,45,55,155,184,174,80,114,177,169,191,11,104,180,163,170,95,137,90,125,149,32,68,97,100,7,175,179,27,150,136,144,70,168,17,103,105,142,190,188,186,176,42,47,132,166,123,44];False
2363;8245;10608;[4,67,193,48,10,1,91,129,8,84,122,73,174,135,21,99,16,77,112,71,56,18,62,120,24,197,26,9,143,20,3,2,121,160,92,49,130,22,38,34,124,94,75,12,165,153,187,127,39,107,87,76,50,53,93,23,30,134,58,86,69,64,101,151,54,158,199,6,117,98,25,110,81,52,182,28,162,78,60,79,185,148,167,61,41,36,46,131,59,133,96,157,138,178,164,173,66,126,198,159,140,118,109,29,154,156,106,19,108,146,43,128,85,152,111,83,181,82,192,139,33,13,172,195,40,37,15,35,88,145,189,194,31,171,116,57,0,113,196,89,5,141,119,74,183,63,51,72,147,65,102,115,14,45,55,155,184,161,80,114,177,169,191,11,104,180,90,170,95,137,163,125,149,32,68,97,100,7,175,179,27,150,136,144,70,168,17,103,105,142,190,188,186,176,42,47,132,166,123,44];False
2336;8272;10608;[4,67,193,48,10,1,91,129,8,84,122,73,174,135,21,99,16,77,112,71,56,18,62,120,24,197,26,9,143,20,3,2,121,160,92,49,130,22,38,34,124,94,75,12,165,153,187,127,39,107,87,76,50,53,93,23,30,134,58,86,69,64,101,151,54,158,199,6,117,98,25,110,81,52,182,28,162,78,60,79,185,148,167,61,116,36,46,131,59,133,96,157,138,178,164,173,66,126,198,159,140,118,109,29,154,156,106,19,108,146,43,128,85,152,111,83,181,82,192,139,33,13,172,195,40,37,15,35,88,145,189,194,31,171,41,57,0,113,196,89,5,141,119,74,183,63,51,72,147,65,102,115,14,45,55,155,184,161,80,114,177,169,191,11,104,180,163,170,95,137,90,125,149,32,68,97,100,7,175,179,27,150,136,144,70,168,17,103,105,142,190,188,186,176,42,47,132,166,123,44];False
2367;8241;10608;[4,77,193,48,10,1,91,129,8,84,122,73,174,135,21,99,16,67,112,71,56,18,62,120,24,197,26,9,143,20,3,2,121,160,92,49,130,22,38,34,124,94,75,12,165,153,187,127,39,107,87,76,50,53,93,23,30,134,58,86,69,64,101,151,54,158,199,6,117,98,25,110,81,52,182,28,162,78,60,79,185,148,167,61,41,36,46,131,59,133,96,157,138,178,164,173,66,126,198,159,140,118,109,29,154,156,106,19,108,146,43,128,85,152,111,83,181,82,192,139,33,13,172,195,40,37,15,35,88,145,189,194,31,171,116,57,0,113,196,89,5,141,119,74,183,63,51,72,147,65,102,115,14,45,55,155,184,161,80,114,177,169,191,11,104,180,163,170,95,137,90,125,149,32,68,97,100,7,175,179,27,150,136,144,70,168,17,103,105,142,190,188,186,176,42,47,132,166,123,44];False
2374;8234;10608;[4,67,193,48,10,1,91,129,8,84,122,73,174,135,21,99,16,77,112,71,56,18,62,120,24,197,26,9,143,20,3,2,121,160,92,49,130,22,38,34,124,94,75,12,165,153,187,127,39,107,87,76,50,53,93,23,30,134,58,86,69,64,101,151,54,158,199,6,117,98,25,110,81,52,182,28,162,78,60,79,185,148,167,61,41,36,46,131,59,133,96,157,138,178,184,173,66,126,198,159,140,118,109,29,154,156,106,19,108,146,43,128,85,152,111,83,181,82,192,139,33,13,172,195,40,37,15,35,88,145,189,194,31,171,116,57,0,113,196,89,5,141,119,74,183,63,51,72,147,65,102,115,14,45,55,155,164,161,80,114,177,169,191,11,104,180,163,170,95,137,90,125,149,32,68,97,100,7,175,179,27,150,136,144,70,168,17,103,105,142,190,188,186,176,42,47,132,166,123,44];False
2323;8285;10608;[4,67,193,48,10,1,91,129,8,84,122,73,174,135,21,99,16,77,112,71,56,18,62,120,24,197,26,9,143,20,3,2,121,160,92,49,130,22,38,34,124,94,75,12,165,153,187,127,39,31,87,76,50,53,93,23,30,134,58,86,69,64,101,151,54,158,199,6,117,98,25,110,81,52,182,28,162,78,60,79,185,148,167,61,41,36,46,131,59,133,96,157,138,178,164,173,66,126,198,159,140,118,109,29,154,156,106,19,108,146,43,128,85,152,111,83,181,82,192,139,33,13,172,195,40,37,15,35,88,145,189,194,107,171,116,57,0,113,196,89,5,141,119,74,183,63,51,72,147,65,102,115,14,45,55,155,184,161,80,114,177,169,191,11,104,180,163,170,95,137,90,125,149,32,68,97,100,7,175,179,27,150,136,144,70,168,17,103,105,142,190,188,186,176,42,47,132,166,123,44];False
2351;8257;10608;[4,67,193,48,10,1,91,129,8,84,122,73,174,135,21,99,16,77,112,71,56,18,62,120,24,197,26,9,143,20,3,2,121,160,92,49,130,22,38,34,124,94,75,12,132,153,187,127,39,107,87,76,50,53,93,23,30,134,58,86,69,64,101,151,54,158,199,6,117,98,25,110,81,52,182,28,162,78,60,79,185,148,167,61,41,36,46,131,59,133,96,157,138,178,164,173,66,126,198,159,140,118,109,29,154,156,106,19,108,146,43,128,85,152,111,83,181,82,192,139,33,13,172,195,40,37,15,35,88,145,189,194,31,171,116,57,0,113,196,89,5,141,119,74,183,63,51,72,147,65,102,115,14,45,55,155,184,161,80,114,177,169,191,11,104,180,163,170,95,137,90,125,149,32,68,97,100,7,175,179,27,150,136,144,70,168,17,103,105,142,190,188,186,176,42,47,165,166,123,44];False
2283;8325;10608;[4,67,193,48,10,1,91,129,8,84,122,73,174,135,21,99,16,77,112,71,56,18,62,120,24,197,26,9,143,20,3,2,121,160,92,49,130,22,38,34,124,94,75,12,165,153,187,127,39,107,87,76,50,53,93,23,30,134,58,86,69,64,101,151,54,158,199,6,117,98,25,110,81,52,182,28,162,78,60,79,185,148,167,61,41,36,46,131,59,133,96,157,138,178,164,173,66,126,198,159,140,118,109,29,154,156,106,119,108,146,43,128,85,152,111,83,181,82,192,139,33,13,172,195,40,37,15,35,88,145,189,194,31,171,116,57,0,113,196,89,5,141,19,74,183,63,51,72,147,65,102,115,14,45,55,155,184,161,80,114,177,169,191,11,104,180,163,170,95,137,90,125,149,32,68,97,100,7,175,179,27,150,136,144,70,168,17,103,105,142,190,188,186,176,42,47,132,166,123,44];False
2361;8247;10608;[4,67,193,48,10,1,91,129,8,84,122,73,174,135,21,99,16,77,112,71,56,18,62,120,24,197,26,9,143,20,3,2,121,160,92,49,130,22,38,34,124,94,75,12,165,153,187,127,39,107,87,76,50,53,93,23,30,134,58,86,69,64,101,151,54,158,199,6,117,98,25,110,81,52,182,28,162,78,60,79,185,148,167,61,41,36,46,131,59,133,96,157,138,178,164,173,66,126,198,159,140,118,109,29,154,156,106,19,108,146,43,128,85,152,111,83,181,82,192,139,33,13,172,195,40,37,15,35,88,145,189,194,31,171,116,57,0,113,65,89,5,141,119,74,183,63,51,72,147,196,102,115,14,45,55,155,184,161,80,114,177,169,191,11,104,180,163,170,95,137,90,125,149,32,68,97,100,7,175,179,27,150,136,144,70,168,17,103,105,142,190,188,186,176,42,47,132,166,123,44];False
2349;8259;10608;[4,67,193,48,10,1,91,129,8,84,122,73,174,135,21,99,16,77,112,71,56,18,62,120,24,197,26,9,143,20,3,2,121,160,92,49,130,22,38,34,124,94,75,12,165,153,187,127,39,107,87,76,50,53,93,23,30,134,58,86,69,64,101,151,54,158,199,6,117,98,25,110,81,52,182,28,162,78,60,79,185,148,167,61,41,36,46,131,59,133,96,157,138,178,164,173,66,126,198,159,140,142,109,29,154,156,106,19,108,146,43,128,85,152,111,83,181,82,192,139,33,13,172,195,40,37,15,35,88,145,189,194,31,171,116,57,0,113,196,89,5,141,119,74,183,63,51,72,147,65,102,115,14,45,55,155,184,161,80,114,177,169,191,11,104,180,163,170,95,137,90,125,149,32,68,97,100,7,175,179,27,150,136,144,70,168,17,103,105,118,190,188,186,176,42,47,132,166,123,44];False
2348;8260;10608;[4,67,193,48,10,1,91,129,8,84,122,73,174,135,21,99,16,77,112,71,56,18,62,120,24,197,26,9,143,20,3,2,121,160,92,49,130,22,38,34,124,94,75,12,165,153,187,127,39,145,87,76,50,53,93,23,30,134,58,86,69,64,101,151,54,158,199,6,117,98,25,110,81,52,182,28,162,78,60,79,185,148,167,61,41,36,46,131,59,133,96,157,138,178,164,173,66,126,198,159,140,118,109,29,154,156,106,19,108,146,43,128,85,152,111,83,181,82,192,139,33,13,172,195,40,37,15,35,88,107,189,194,31,171,116,57,0,113,196,89,5,141,119,74,183,63,51,72,147,65,102,115,14,45,55,155,184,161,80,114,177,169,191,11,104,180,163,170,95,137,90,125,149,32,68,97,100,7,175,179,27,150,136,144,70,168,17,103,105,142,190,188,186,176,42,47,132,166,123,44];False
2353;8255;10608;[4,67,193,48,10,1,91,129,8,84,122,73,174,135,21,99,16,77,112,71,56,18,81,120,24,197,26,9,143,20,3,2,121,160,92,49,130,22,38,34,124,94,75,12,165,153,187,127,39,107,87,76,50,53,93,23,30,134,58,86,69,64,101,151,54,158,199,6,117,98,25,110,62,52,182,28,162,78,60,79,185,148,167,61,41,36,46,131,59,133,96,157,138,178,164,173,66,126,198,159,140,118,109,29,154,156,106,19,108,146,43,128,85,152,111,83,181,82,192,139,33,13,172,195,40,37,15,35,88,145,189,194,31,171,116,57,0,113,196,89,5,141,119,74,183,63,51,72,147,65,102,115,14,45,55,155,184,161,80,114,177,169,191,11,104,180,163,170,95,137,90,125,149,32,68,97,100,7,175,179,27,150,136,144,70,168,17,103,105,142,190,188,186,176,42,47,132,166,123,44];False
2344;8264;10608;[4,67,193,48,10,1,91,129,8,84,122,73,174,135,21,99,16,77,112,71,56,18,62,120,24,197,26,9,143,20,3,2,121,160,92,49,130,22,38,34,124,94,75,12,165,153,187,127,39,107,87,76,50,53,93,23,30,134,58,86,69,64,101,151,54,158,199,6,117,98,25,110,81,52,188,28,162,78,60,79,185,148,167,61,41,36,46,131,59,133,96,157,138,178,164,173,66,126,198,159,140,118,109,29,154,156,106,19,108,146,43,128,85,152,111,83,181,82,192,139,33,13,172,195,40,37,15,35,88,145,189,194,31,171,116,57,0,113,196,89,5,141,119,74,183,63,51,72,147,65,102,115,14,45,55,155,184,161,80,114,177,169,191,11,104,180,163,170,95,137,90,125,149,32,68,97,100,7,175,179,27,150,136,144,70,168,17,103,105,142,190,182,186,176,42,47,132,166,123,44];False
2319;8288;10607;[4,67,193,48,10,1,91,129,8,84,122,73,174,135,21,99,16,77,112,71,56,18,62,120,24,197,26,9,143,20,3,2,121,160,92,49,130,22,38,34,124,94,75,12,165,153,187,127,39,107,87,76,50,53,93,23,30,134,58,86,69,64,101,151,54,158,199,6,117,98,25,110,81,52,182,28,162,78,60,79,185,148,167,61,41,36,46,131,59,133,96,157,138,178,164,173,66,126,198,159,140,118,109,29,154,156,106,19,108,146,43,128,85,152,111,83,181,82,192,139,33,13,172,195,40,37,15,35,88,145,189,194,31,171,116,57,0,113,196,89,5,141,119,74,183,63,51,72,147,65,102,115,14,45,55,155,184,161,80,114,177,169,191,11,104,32,163,170,95,137,90,125,149,180,68,97,100,7,175,179,27,150,136,144,70,168,17,103,105,142,190,188,186,176,42,47,132,166,123,44];False
2365;8242;10607;[4,67,193,48,10,1,91,129,8,84,122,73,174,135,21,99,16,77,112,71,56,18,62,120,24,197,26,9,143,20,3,2,121,160,92,49,130,22,38,34,124,94,75,12,165,153,187,127,39,107,87,76,50,53,93,23,30,134,58,86,69,64,101,151,54,158,199,6,117,98,25,110,81,52,182,28,162,78,60,79,185,148,167,61,41,36,46,131,59,133,96,157,138,178,164,173,66,126,198,159,140,118,109,29,154,156,106,19,108,146,43,128,85,152,111,83,181,82,192,139,33,13,172,195,40,37,15,57,88,145,189,194,31,171,116,35,0,113,196,89,5,141,119,74,183,63,51,72,147,65,102,115,14,45,55,155,184,161,80,114,177,169,191,11,104,180,163,170,95,137,90,125,149,32,68,97,100,7,175,179,27,150,136,144,70,168,17,103,105,142,190,188,186,176,42,47,132,166,123,44];False
2339;8268;10607;[4,67,193,48,10,1,91,129,8,84,122,73,174,135,21,99,16,77,112,71,56,18,62,120,24,197,26,9,143,20,3,2,121,160,92,49,130,22,38,34,124,94,75,12,165,153,187,127,39,107,87,76,50,53,93,23,30,134,58,86,69,64,101,151,54,158,199,6,117,98,25,110,81,52,182,28,162,78,60,79,185,148,167,61,41,36,46,131,59,133,96,157,138,178,164,173,66,126,198,159,140,118,109,29,154,156,106,19,108,146,43,128,85,100,111,83,181,82,192,139,33,13,172,195,40,37,15,35,88,145,189,194,31,171,116,57,0,113,196,89,5,141,119,74,183,63,51,72,147,65,102,115,14,45,55,155,184,161,80,114,177,169,191,11,104,180,163,170,95,137,90,125,149,32,68,97,152,7,175,179,27,150,136,144,70,168,17,103,105,142,190,188,186,176,42,47,132,166,123,44];False
2341;8266;10607;[4,67,193,48,10,1,91,130,8,84,122,73,174,135,21,99,16,77,112,71,56,18,62,120,24,197,26,9,143,20,3,2,121,160,92,49,129,22,38,34,124,94,75,12,165,153,187,127,39,107,87,76,50,53,93,23,30,134,58,86,69,64,101,151,54,158,199,6,117,98,25,110,81,52,182,28,162,78,60,79,185,148,167,61,41,36,46,131,59,133,96,157,138,178,164,173,66,126,198,159,140,118,109,29,154,156,106,19,108,146,43,128,85,152,111,83,181,82,192,139,33,13,172,195,40,37,15,35,88,145,189,194,31,171,116,57,0,113,196,89,5,141,119,74,183,63,51,72,147,65,102,115,14,45,55,155,184,161,80,114,177,169,191,11,104,180,163,170,95,137,90,125,149,32,68,97,100,7,175,179,27,150,136,144,70,168,17,103,105,142,190,188,186,176,42,47,132,166,123,44];False
2359;8248;10607;[4,67,193,48,10,1,91,129,8,84,122,73,174,135,21,99,16,77,112,71,56,18,62,120,24,197,26,9,143,20,3,2,121,160,92,49,130,22,38,34,124,94,75,12,195,153,187,127,39,107,87,76,50,53,93,23,30,134,58,86,69,64,101,151,54,158,199,6,117,98,25,110,81,52,182,28,162,78,60,79,185,148,167,61,41,36,46,131,59,133,96,157,138,178,164,173,66,126,198,159,140,118,109,29,154,156,106,19,108,146,43,128,85,152,111,83,181,82,192,139,33,13,172,165,40,37,15,35,88,145,189,194,31,171,116,57,0,113,196,89,5,141,119,74,183,63,51,72,147,65,102,115,14,45,55,155,184,161,80,114,177,169,191,11,104,180,163,170,95,137,90,125,149,32,68,97,100,7,175,179,27,150,136,144,70,168,17,103,105,142,190,188,186,176,42,47,132,166,123,44];False
2311;8295;10606;[4,67,193,48,10,1,91,129,8,84,122,73,174,135,21,99,16,77,112,71,56,18,62,120,24,197,26,9,143,20,3,2,121,160,92,49,130,22,38,34,124,94,75,12,165,153,187,127,39,107,87,76,50,53,93,23,30,134,58,86,69,64,101,151,54,158,199,6,117,98,25,110,81,52,182,28,162,78,60,79,185,148,167,61,41,36,46,131,59,133,96,157,138,178,164,173,66,126,198,159,140,118,109,29,154,156,106,19,108,146,43,128,85,152,111,83,181,82,192,139,33,13,172,195,40,37,15,35,88,145,189,194,31,171,116,57,0,113,196,89,5,141,119,74,183,63,144,72,147,65,102,115,14,45,55,155,184,161,80,114,177,169,191,11,104,180,163,170,95,137,90,125,149,32,68,97,100,7,175,179,27,150,136,51,70,168,17,103,105,142,190,188,186,176,42,47,132,166,123,44];False
2333;8273;10606;[4,67,193,48,10,1,91,129,8,84,122,73,174,135,21,99,16,77,112,71,56,18,149,120,24,197,26,9,143,20,3,2,121,160,92,49,130,22,38,34,124,94,75,12,165,153,187,127,39,107,87,76,50,53,93,23,30,134,58,86,69,64,101,151,54,158,199,6,117,98,25,110,81,52,182,28,162,78,60,79,185,148,167,61,41,36,46,131,59,133,96,157,138,178,164,173,66,126,198,159,140,118,109,29,154,156,106,19,108,146,43,128,85,152,111,83,181,82,192,139,33,13,172,195,40,37,15,35,88,145,189,194,31,171,116,57,0,113,196,89,5,141,119,74,183,63,51,72,147,65,102,115,14,45,55,155,184,161,80,114,177,169,191,11,104,180,163,170,95,137,90,125,62,32,68,97,100,7,175,179,27,150,136,144,70,168,17,103,105,142,190,188,186,176,42,47,132,166,123,44];False
2359;8247;10606;[4,67,193,48,10,1,91,129,8,84,122,73,174,135,21,99,16,77,112,71,56,18,62,120,24,197,26,9,143,20,3,2,121,160,92,49,130,22,38,34,124,94,75,12,165,153,187,127,175,107,87,76,50,53,93,23,30,134,58,86,69,64,101,151,54,158,199,6,117,98,25,110,81,52,182,28,162,78,60,79,185,148,167,61,41,36,46,131,59,133,96,157,138,178,164,173,66,126,198,159,140,118,109,29,154,156,106,19,108,146,43,128,85,152,111,83,181,82,192,139,33,13,172,195,40,37,15,35,88,145,189,194,31,171,116,57,0,113,196,89,5,141,119,74,183,63,51,72,147,65,102,115,14,45,55,155,184,161,80,114,177,169,191,11,104,180,163,170,95,137,90,125,149,32,68,97,100,7,39,179,27,150,136,144,70,168,17,103,105,142,190,188,186,176,42,47,132,166,123,44];False
2353;8253;10606;[4,67,193,48,10,1,91,129,8,84,122,73,174,135,21,99,16,77,112,116,56,18,62,120,24,197,26,9,143,20,3,2,121,160,92,49,130,22,38,34,124,94,75,12,165,153,187,127,39,107,87,76,50,53,93,23,30,134,58,86,69,64,101,151,54,158,199,6,117,98,25,110,81,52,182,28,162,78,60,79,185,148,167,61,41,36,46,131,59,133,96,157,138,178,164,173,66,126,198,159,140,118,109,29,154,156,106,19,108,146,43,128,85,152,111,83,181,82,192,139,33,13,172,195,40,37,15,35,88,145,189,194,31,171,71,57,0,113,196,89,5,141,119,74,183,63,51,72,147,65,102,115,14,45,55,155,184,161,80,114,177,169,191,11,104,180,163,170,95,137,90,125,149,32,68,97,100,7,175,179,27,150,136,144,70,168,17,103,105,142,190,188,186,176,42,47,132,166,123,44];False
2370;8236;10606;[4,67,193,48,10,1,91,129,8,84,122,73,174,135,21,99,16,77,112,71,56,18,62,120,24,197,26,9,143,35,3,2,121,160,92,49,130,22,38,34,124,94,75,12,165,153,187,127,39,107,87,76,50,53,93,23,30,134,58,86,69,64,101,151,54,158,199,6,117,98,25,110,81,52,182,28,162,78,60,79,185,148,167,61,41,36,46,131,59,133,96,157,138,178,164,173,66,126,198,159,140,118,109,29,154,156,106,19,108,146,43,128,85,152,111,83,181,82,192,139,33,13,172,195,40,37,15,20,88,145,189,194,31,171,116,57,0,113,196,89,5,141,119,74,183,63,51,72,147,65,102,115,14,45,55,155,184,161,80,114,177,169,191,11,104,180,163,170,95,137,90,125,149,32,68,97,100,7,175,179,27,150,136,144,70,168,17,103,105,142,190,188,186,176,42,47,132,166,123,44];False
2338;8268;10606;[4,124,193,48,10,1,91,129,8,84,122,73,174,135,21,99,16,77,112,71,56,18,62,120,24,197,26,9,143,20,3,2,121,160,92,49,130,22,38,34,67,94,75,12,165,153,187,127,39,107,87,76,50,53,93,23,30,134,58,86,69,64,101,151,54,158,199,6,117,98,25,110,81,52,182,28,162,78,60,79,185,148,167,61,41,36,46,131,59,133,96,157,138,178,164,173,66,126,198,159,140,118,109,29,154,156,106,19,108,146,43,128,85,152,111,83,181,82,192,139,33,13,172,195,40,37,15,35,88,145,189,194,31,171,116,57,0,113,196,89,5,141,119,74,183,63,51,72,147,65,102,115,14,45,55,155,184,161,80,114,177,169,191,11,104,180,163,170,95,137,90,125,149,32,68,97,100,7,175,179,27,150,136,144,70,168,17,103,105,142,190,188,186,176,42,47,132,166,123,44];False
2337;8269;10606;[4,67,193,48,10,1,91,129,8,84,122,73,174,135,21,99,16,77,112,71,56,18,62,120,24,197,26,9,143,20,3,2,121,160,92,49,130,22,38,34,124,94,75,12,165,153,187,127,39,107,87,76,50,53,93,23,30,134,58,86,69,64,101,151,54,158,199,6,117,98,25,110,81,52,182,28,162,78,60,79,185,148,167,61,41,36,46,131,59,133,96,157,138,178,164,173,66,126,198,159,140,118,109,106,154,156,29,19,108,146,43,128,85,152,111,83,181,82,192,139,33,13,172,195,40,37,15,35,88,145,189,194,31,171,116,57,0,113,196,89,5,141,119,74,183,63,51,72,147,65,102,115,14,45,55,155,184,161,80,114,177,169,191,11,104,180,163,170,95,137,90,125,149,32,68,97,100,7,175,179,27,150,136,144,70,168,17,103,105,142,190,188,186,176,42,47,132,166,123,44];False
2312;8294;10606;[4,67,193,48,10,1,91,129,8,84,122,73,174,135,21,99,16,77,112,71,56,18,62,120,24,197,26,9,143,20,3,2,121,160,92,49,130,22,38,34,124,94,75,12,165,153,187,127,39,107,87,76,50,53,93,23,30,134,58,86,69,64,101,151,54,158,199,6,117,98,25,110,81,52,63,28,162,78,60,79,185,148,167,61,41,36,46,131,59,133,96,157,138,178,164,173,66,126,198,159,140,118,109,29,154,156,106,19,108,146,43,128,85,152,111,83,181,82,192,139,33,13,172,195,40,37,15,35,88,145,189,194,31,171,116,57,0,113,196,89,5,141,119,74,183,182,51,72,147,65,102,115,14,45,55,155,184,161,80,114,177,169,191,11,104,180,163,170,95,137,90,125,149,32,68,97,100,7,175,179,27,150,136,144,70,168,17,103,105,142,190,188,186,176,42,47,132,166,123,44];False
2310;8296;10606;[4,67,193,48,10,1,91,129,8,84,122,73,174,135,21,99,16,77,112,71,56,18,62,120,24,197,26,9,143,20,3,2,121,160,92,49,130,22,38,34,124,94,75,12,165,153,187,127,39,107,87,76,50,53,93,23,30,134,58,86,69,64,101,151,54,158,199,6,117,98,25,110,81,52,182,28,162,78,60,79,185,15,167,61,41,36,46,131,59,133,96,157,138,178,164,173,66,126,198,159,140,118,109,29,154,156,106,19,108,146,43,128,85,152,111,83,181,82,192,139,33,13,172,195,40,37,148,35,88,145,189,194,31,171,116,57,0,113,196,89,5,141,119,74,183,63,51,72,147,65,102,115,14,45,55,155,184,161,80,114,177,169,191,11,104,180,163,170,95,137,90,125,149,32,68,97,100,7,175,179,27,150,136,144,70,168,17,103,105,142,190,188,186,176,42,47,132,166,123,44];False
2365;8241;10606;[4,67,193,48,10,1,35,129,8,84,122,73,174,135,21,99,16,77,112,71,56,18,62,120,24,197,26,9,143,20,3,2,121,160,92,49,130,22,38,34,124,94,75,12,165,153,187,127,39,107,87,76,50,53,93,23,30,134,58,86,69,64,101,151,54,158,199,6,117,98,25,110,81,52,182,28,162,78,60,79,185,148,167,61,41,36,46,131,59,133,96,157,138,178,164,173,66,126,198,159,140,118,109,29,154,156,106,19,108,146,43,128,85,152,111,83,181,82,192,139,33,13,172,195,40,37,15,91,88,145,189,194,31,171,116,57,0,113,196,89,5,141,119,74,183,63,51,72,147,65,102,115,14,45,55,155,184,161,80,114,177,169,191,11,104,180,163,170,95,137,90,125,149,32,68,97,100,7,175,179,27,150,136,144,70,168,17,103,105,142,190,188,186,176,42,47,132,166,123,44];False
2363;8242;10605;[4,67,193,48,10,92,91,129,8,84,122,73,174,135,21,99,16,77,112,71,56,18,62,120,24,197,26,9,143,20,3,2,121,160,1,49,130,22,38,34,124,94,75,12,165,153,187,127,39,107,87,76,50,53,93,23,30,134,58,86,69,64,101,151,54,158,199,6,117,98,25,110,81,52,182,28,162,78,60,79,185,148,167,61,41,36,46,131,59,133,96,157,138,178,164,173,66,126,198,159,140,118,109,29,154,156,106,19,108,146,43,128,85,152,111,83,181,82,192,139,33,13,172,195,40,37,15,35,88,145,189,194,31,171,116,57,0,113,196,89,5,141,119,74,183,63,51,72,147,65,102,115,14,45,55,155,184,161,80,114,177,169,191,11,104,180,163,170,95,137,90,125,149,32,68,97,100,7,175,179,27,150,136,144,70,168,17,103,105,142,190,188,186,176,42,47,132,166,123,44];False
2336;8269;10605;[4,67,193,48,10,1,91,129,8,84,122,73,174,135,21,99,16,77,112,71,56,18,62,120,24,197,26,9,143,20,3,2,121,160,92,49,130,22,38,34,124,94,75,12,165,153,187,127,39,107,87,76,50,53,93,23,30,134,58,86,69,64,101,151,54,158,199,6,117,98,25,110,81,52,182,28,162,78,60,79,185,148,167,61,41,36,46,131,59,133,96,157,138,178,164,173,66,126,198,159,140,118,109,29,154,156,106,19,108,146,43,128,85,152,111,83,181,82,192,139,33,13,172,195,40,37,15,35,88,145,189,194,31,171,116,57,0,113,196,89,5,141,119,74,183,63,51,72,147,65,102,115,14,149,55,155,184,161,80,114,177,169,191,11,104,180,163,170,95,137,90,125,45,32,68,97,100,7,175,179,27,150,136,144,70,168,17,103,105,142,190,188,186,176,42,47,132,166,123,44];False
2361;8244;10605;[4,67,193,48,10,1,91,129,8,84,122,73,174,135,21,99,16,77,112,71,56,18,62,120,24,197,26,9,143,20,3,2,121,160,92,49,130,22,38,34,124,94,75,12,165,153,187,127,39,107,87,76,50,53,93,23,30,134,58,86,69,64,101,151,54,158,199,6,117,98,25,110,81,52,182,28,162,78,60,79,185,148,167,61,41,36,46,131,59,133,96,157,138,178,164,173,66,126,198,159,140,118,109,29,154,156,106,19,108,146,43,128,85,152,111,83,181,82,192,139,33,13,172,195,40,37,31,35,88,145,189,194,15,171,116,57,0,113,196,89,5,141,119,74,183,63,51,72,147,65,102,115,14,45,55,155,184,161,80,114,177,169,191,11,104,180,163,170,95,137,90,125,149,32,68,97,100,7,175,179,27,150,136,144,70,168,17,103,105,142,190,188,186,176,42,47,132,166,123,44];False
2345;8260;10605;[4,67,193,48,10,1,91,129,8,84,122,73,174,135,21,99,16,77,112,71,56,18,62,120,24,197,26,9,143,20,3,2,121,160,92,49,130,22,38,34,124,94,75,12,165,153,187,127,39,107,87,76,50,53,93,23,30,134,58,86,69,64,101,151,54,158,199,6,117,98,25,110,81,52,182,28,162,78,60,79,185,148,167,61,41,36,46,131,59,133,96,157,138,178,164,173,66,126,198,159,140,118,109,29,154,156,106,19,108,146,43,128,85,176,111,83,181,82,192,139,33,13,172,195,40,37,15,35,88,145,189,194,31,171,116,57,0,113,196,89,5,141,119,74,183,63,51,72,147,65,102,115,14,45,55,155,184,161,80,114,177,169,191,11,104,180,163,170,95,137,90,125,149,32,68,97,100,7,175,179,27,150,136,144,70,168,17,103,105,142,190,188,186,152,42,47,132,166,123,44];False
2352;8253;10605;[4,67,193,48,10,1,91,129,8,84,122,73,174,135,21,99,140,77,112,71,56,18,62,120,24,197,26,9,143,20,3,2,121,160,92,49,130,22,38,34,124,94,75,12,165,153,187,127,39,107,87,76,50,53,93,23,30,134,58,86,69,64,101,151,54,158,199,6,117,98,25,110,81,52,182,28,162,78,60,79,185,148,167,61,41,36,46,131,59,133,96,157,138,178,164,173,66,126,198,159,16,118,109,29,154,156,106,19,108,146,43,128,85,152,111,83,181,82,192,139,33,13,172,195,40,37,15,35,88,145,189,194,31,171,116,57,0,113,196,89,5,141,119,74,183,63,51,72,147,65,102,115,14,45,55,155,184,161,80,114,177,169,191,11,104,180,163,170,95,137,90,125,149,32,68,97,100,7,175,179,27,150,136,144,70,168,17,103,105,142,190,188,186,176,42,47,132,166,123,44];False
2356;8249;10605;[4,67,193,48,10,1,91,129,8,84,122,73,174,135,21,99,16,77,112,71,56,18,62,120,24,197,26,9,143,20,3,2,121,160,92,49,130,22,38,34,124,94,75,12,165,7,187,127,39,107,87,76,50,53,93,23,30,134,58,86,69,64,101,151,54,158,199,6,117,98,25,110,81,52,182,28,162,78,60,79,185,148,167,61,41,36,46,131,59,133,96,157,138,178,164,173,66,126,198,159,140,118,109,29,154,156,106,19,108,146,43,128,85,152,111,83,181,82,192,139,33,13,172,195,40,37,15,35,88,145,189,194,31,171,116,57,0,113,196,89,5,141,119,74,183,63,51,72,147,65,102,115,14,45,55,155,184,161,80,114,177,169,191,11,104,180,163,170,95,137,90,125,149,32,68,97,100,153,175,179,27,150,136,144,70,168,17,103,105,142,190,188,186,176,42,47,132,166,123,44];False
2348;8257;10605;[4,67,193,48,10,1,91,129,8,84,122,73,174,135,21,99,16,77,112,71,56,18,62,120,24,197,26,9,143,20,3,2,121,160,92,49,130,22,38,34,124,94,75,12,165,153,187,127,39,107,87,76,50,53,93,23,30,134,58,86,69,64,101,151,54,158,186,6,117,98,25,110,81,52,182,28,162,78,60,79,185,148,167,61,41,36,46,131,59,133,96,157,138,178,164,173,66,126,198,159,140,118,109,29,154,156,106,19,108,146,43,128,85,152,111,83,181,82,192,139,33,13,172,195,40,37,15,35,88,145,189,194,31,171,116,57,0,113,196,89,5,141,119,74,183,63,51,72,147,65,102,115,14,45,55,155,184,161,80,114,177,169,191,11,104,180,163,170,95,137,90,125,149,32,68,97,100,7,175,179,27,150,136,144,70,168,17,103,105,142,190,188,199,176,42,47,132,166,123,44];False
2355;8250;10605;[4,67,193,48,10,1,91,129,8,84,122,73,174,135,21,99,16,77,112,71,56,18,62,120,24,197,26,9,143,20,3,2,121,160,92,49,130,22,38,34,124,94,75,12,165,153,187,127,39,107,87,76,50,53,46,23,30,134,58,86,69,64,101,151,54,158,199,6,117,98,25,110,81,52,182,28,162,78,60,79,185,148,167,61,41,36,93,131,59,133,96,157,138,178,164,173,66,126,198,159,140,118,109,29,154,156,106,19,108,146,43,128,85,152,111,83,181,82,192,139,33,13,172,195,40,37,15,35,88,145,189,194,31,171,116,57,0,113,196,89,5,141,119,74,183,63,51,72,147,65,102,115,14,45,55,155,184,161,80,114,177,169,191,11,104,180,163,170,95,137,90,125,149,32,68,97,100,7,175,179,27,150,136,144,70,168,17,103,105,142,190,188,186,176,42,47,132,166,123,44];False
2289;8315;10604;[4,67,193,48,10,1,91,129,8,84,122,73,174,135,21,99,16,77,112,71,56,18,62,120,24,197,26,9,143,20,3,2,121,160,92,49,130,22,38,34,124,94,75,12,165,153,187,127,39,108,87,76,50,53,93,23,30,134,58,86,69,64,101,151,54,158,199,6,117,98,25,110,81,52,182,28,162,78,60,79,185,148,167,61,41,36,46,131,59,133,96,157,138,178,164,173,66,126,198,159,140,118,109,29,154,156,106,19,107,146,43,128,85,152,111,83,181,82,192,139,33,13,172,195,40,37,15,35,88,145,189,194,31,171,116,57,0,113,196,89,5,141,119,74,183,63,51,72,147,65,102,115,14,45,55,155,184,161,80,114,177,169,191,11,104,180,163,170,95,137,90,125,149,32,68,97,100,7,175,179,27,150,136,144,70,168,17,103,105,142,190,188,186,176,42,47,132,166,123,44];False
2345;8259;10604;[4,67,193,48,10,1,91,129,8,83,122,73,174,135,21,99,16,77,112,71,56,18,62,120,24,197,26,9,143,20,3,2,121,160,92,49,130,22,38,34,124,94,75,12,165,153,187,127,39,107,87,76,50,53,93,23,30,134,58,86,69,64,101,151,54,158,199,6,117,98,25,110,81,52,182,28,162,78,60,79,185,148,167,61,41,36,46,131,59,133,96,157,138,178,164,173,66,126,198,159,140,118,109,29,154,156,106,19,108,146,43,128,85,152,111,84,181,82,192,139,33,13,172,195,40,37,15,35,88,145,189,194,31,171,116,57,0,113,196,89,5,141,119,74,183,63,51,72,147,65,102,115,14,45,55,155,184,161,80,114,177,169,191,11,104,180,163,170,95,137,90,125,149,32,68,97,100,7,175,179,27,150,136,144,70,168,17,103,105,142,190,188,186,176,42,47,132,166,123,44];False
2294;8310;10604;[4,67,193,48,10,1,91,129,8,84,122,73,174,135,21,99,16,77,112,71,56,18,62,120,24,197,26,9,143,20,3,2,121,160,92,49,130,22,38,34,124,94,75,12,165,153,187,127,39,107,87,76,50,53,93,23,30,134,58,86,69,64,101,151,54,158,199,6,117,98,19,110,81,52,182,28,162,78,60,79,185,148,167,61,41,36,46,131,59,133,96,157,138,178,164,173,66,126,198,159,140,118,109,29,154,156,106,25,108,146,43,128,85,152,111,83,181,82,192,139,33,13,172,195,40,37,15,35,88,145,189,194,31,171,116,57,0,113,196,89,5,141,119,74,183,63,51,72,147,65,102,115,14,45,55,155,184,161,80,114,177,169,191,11,104,180,163,170,95,137,90,125,149,32,68,97,100,7,175,179,27,150,136,144,70,168,17,103,105,142,190,188,186,176,42,47,132,166,123,44];False
2359;8245;10604;[4,67,193,48,10,1,91,129,8,84,122,73,174,135,21,99,16,77,112,71,56,18,62,120,24,197,26,9,143,20,3,2,121,160,92,49,130,22,38,34,124,94,75,12,165,153,187,127,39,107,87,76,102,53,93,23,30,134,58,86,69,64,101,151,54,158,199,6,117,98,25,110,81,52,182,28,162,78,60,79,185,148,167,61,41,36,46,131,59,133,96,157,138,178,164,173,66,126,198,159,140,118,109,29,154,156,106,19,108,146,43,128,85,152,111,83,181,82,192,139,33,13,172,195,40,37,15,35,88,145,189,194,31,171,116,57,0,113,196,89,5,141,119,74,183,63,51,72,147,65,50,115,14,45,55,155,184,161,80,114,177,169,191,11,104,180,163,170,95,137,90,125,149,32,68,97,100,7,175,179,27,150,136,144,70,168,17,103,105,142,190,188,186,176,42,47,132,166,123,44];False
2349;8255;10604;[4,67,193,48,10,1,91,129,8,84,122,73,174,135,21,99,16,77,112,71,56,18,62,120,24,197,26,9,143,20,3,2,121,160,92,49,130,22,38,34,124,94,75,12,165,153,187,127,39,107,87,76,50,53,93,23,30,134,58,86,69,64,101,151,54,158,199,6,117,98,25,110,81,52,182,28,162,78,60,79,185,148,167,61,41,36,46,131,59,133,96,157,138,178,164,173,66,126,198,159,140,118,109,29,154,156,106,19,108,146,43,128,85,152,111,83,181,82,192,139,33,13,172,195,40,37,15,194,88,145,189,35,31,171,116,57,0,113,196,89,5,141,119,74,183,63,51,72,147,65,102,115,14,45,55,155,184,161,80,114,177,169,191,11,104,180,163,170,95,137,90,125,149,32,68,97,100,7,175,179,27,150,136,144,70,168,17,103,105,142,190,188,186,176,42,47,132,166,123,44];False
2318;8286;10604;[4,67,193,48,10,1,91,129,8,84,122,73,174,135,21,99,16,77,112,71,56,18,62,120,24,197,26,9,143,20,3,2,121,160,92,49,130,22,38,34,124,94,75,12,165,153,187,127,39,107,87,76,50,53,93,23,30,134,58,86,69,64,101,151,54,158,199,6,117,98,25,110,81,52,182,28,162,78,60,79,185,148,167,61,41,36,46,131,59,133,96,157,138,178,164,173,66,126,198,159,140,118,109,29,154,156,106,19,108,146,43,128,85,152,111,83,181,82,192,132,33,13,172,195,40,37,15,35,88,145,189,194,31,171,116,57,0,113,196,89,5,141,119,74,183,63,51,72,147,65,102,115,14,45,55,155,184,161,80,114,177,169,191,11,104,180,163,170,95,137,90,125,149,32,68,97,100,7,175,179,27,150,136,144,70,168,17,103,105,142,190,188,186,176,42,47,139,166,123,44];False
2340;8264;10604;[4,67,193,48,10,1,91,129,8,84,122,73,174,135,21,99,16,77,112,71,56,18,62,120,24,197,26,9,143,20,3,2,121,160,92,49,130,22,38,34,124,94,75,12,165,153,187,127,39,107,87,76,50,53,93,23,30,134,58,86,69,64,101,151,54,158,199,6,117,98,25,110,81,52,182,28,162,78,60,79,185,148,167,184,41,36,46,131,59,133,96,157,138,178,164,173,66,126,198,159,140,118,109,29,154,156,106,19,108,146,43,128,85,152,111,83,181,82,192,139,33,13,172,195,40,37,15,35,88,145,189,194,31,171,116,57,0,113,196,89,5,141,119,74,183,63,51,72,147,65,102,115,14,45,55,155,61,161,80,114,177,169,191,11,104,180,163,170,95,137,90,125,149,32,68,97,100,7,175,179,27,150,136,144,70,168,17,103,105,142,190,188,186,176,42,47,132,166,123,44];False
2329;8274;10603;[4,67,193,48,10,1,91,129,8,84,122,73,174,135,21,99,16,77,112,71,56,18,62,120,24,197,26,9,143,20,3,2,121,160,92,49,130,22,38,34,124,94,75,12,165,153,187,127,39,107,87,76,50,53,93,23,30,134,58,86,69,64,101,151,54,158,199,6,117,98,14,110,81,52,182,28,162,78,60,79,185,148,167,61,41,36,46,131,59,133,96,157,138,178,164,173,66,126,198,159,140,118,109,29,154,156,106,19,108,146,43,128,85,152,111,83,181,82,192,139,33,13,172,195,40,37,15,35,88,145,189,194,31,171,116,57,0,113,196,89,5,141,119,74,183,63,51,72,147,65,102,115,25,45,55,155,184,161,80,114,177,169,191,11,104,180,163,170,95,137,90,125,149,32,68,97,100,7,175,179,27,150,136,144,70,168,17,103,105,142,190,188,186,176,42,47,132,166,123,44];False
2312;8291;10603;[4,67,193,48,10,1,91,129,8,84,122,73,174,135,21,99,16,77,112,71,56,18,62,120,24,197,26,9,143,20,3,2,121,160,92,49,130,22,38,34,124,94,75,12,165,153,187,127,39,107,87,76,50,53,93,23,30,134,58,86,69,64,101,151,54,158,199,6,117,98,25,110,81,52,182,28,162,78,60,79,185,148,167,61,41,36,46,131,59,133,96,157,138,178,164,173,66,126,198,159,140,118,109,29,154,156,106,19,108,146,43,137,85,152,111,83,181,82,192,139,33,13,172,195,40,37,15,35,88,145,189,194,31,171,116,57,0,113,196,89,5,141,119,74,183,63,51,72,147,65,102,115,14,45,55,155,184,161,80,114,177,169,191,11,104,180,163,170,95,128,90,125,149,32,68,97,100,7,175,179,27,150,136,144,70,168,17,103,105,142,190,188,186,176,42,47,132,166,123,44];False
2336;8267;10603;[4,67,193,48,10,1,91,129,8,84,122,73,174,135,21,99,16,77,112,71,56,18,62,120,24,197,26,9,143,20,3,2,121,160,92,49,130,22,38,34,124,94,75,12,165,153,187,127,39,107,87,76,50,53,93,23,30,134,58,86,69,64,47,151,54,158,199,6,117,98,25,110,81,52,182,28,162,78,60,79,185,148,167,61,41,36,46,131,59,133,96,157,138,178,164,173,66,126,198,159,140,118,109,29,154,156,106,19,108,146,43,128,85,152,111,83,181,82,192,139,33,13,172,195,40,37,15,35,88,145,189,194,31,171,116,57,0,113,196,89,5,141,119,74,183,63,51,72,147,65,102,115,14,45,55,155,184,161,80,114,177,169,191,11,104,180,163,170,95,137,90,125,149,32,68,97,100,7,175,179,27,150,136,144,70,168,17,103,105,142,190,188,186,176,42,101,132,166,123,44];False
2319;8284;10603;[4,67,193,48,10,1,91,129,8,84,122,73,174,135,21,99,16,77,112,71,56,18,62,120,24,197,26,9,143,20,3,2,121,160,92,49,130,22,38,34,124,94,75,12,165,153,187,127,39,107,87,76,50,53,93,23,30,134,58,86,69,64,101,151,54,158,199,6,117,98,25,110,81,52,182,28,162,78,60,79,185,148,167,61,41,36,46,131,59,133,96,157,138,178,164,173,66,126,198,159,140,118,109,29,154,156,106,19,108,146,43,128,85,152,111,83,181,82,192,139,33,13,172,195,40,37,15,35,88,145,189,194,31,171,116,57,0,113,196,89,5,141,119,74,183,63,51,72,147,65,102,168,14,45,55,155,184,161,80,114,177,169,191,11,104,180,163,170,95,137,90,125,149,32,68,97,100,7,175,179,27,150,136,144,70,115,17,103,105,142,190,188,186,176,42,47,132,166,123,44];False
2316;8287;10603;[4,67,193,48,10,1,91,129,8,84,122,73,174,135,21,99,16,77,112,71,56,18,62,120,24,197,26,9,143,20,3,2,121,160,92,49,130,22,38,34,124,94,75,12,165,153,187,127,39,107,87,76,50,53,93,23,30,134,58,86,69,64,101,68,54,158,199,6,117,98,25,110,81,52,182,28,162,78,60,79,185,148,167,61,41,36,46,131,59,133,96,157,138,178,164,173,66,126,198,159,140,118,109,29,154,156,106,19,108,146,43,128,85,152,111,83,181,82,192,139,33,13,172,195,40,37,15,35,88,145,189,194,31,171,116,57,0,113,196,89,5,141,119,74,183,63,51,72,147,65,102,115,14,45,55,155,184,161,80,114,177,169,191,11,104,180,163,170,95,137,90,125,149,32,151,97,100,7,175,179,27,150,136,144,70,168,17,103,105,142,190,188,186,176,42,47,132,166,123,44];False
2349;8254;10603;[4,67,193,48,10,1,91,129,8,84,171,73,174,135,21,99,16,77,112,71,56,18,62,120,24,197,26,9,143,20,3,2,121,160,92,49,130,22,38,34,124,94,75,12,165,153,187,127,39,107,87,76,50,53,93,23,30,134,58,86,69,64,101,151,54,158,199,6,117,98,25,110,81,52,182,28,162,78,60,79,185,148,167,61,41,36,46,131,59,133,96,157,138,178,164,173,66,126,198,159,140,118,109,29,154,156,106,19,108,146,43,128,85,152,111,83,181,82,192,139,33,13,172,195,40,37,15,35,88,145,189,194,31,122,116,57,0,113,196,89,5,141,119,74,183,63,51,72,147,65,102,115,14,45,55,155,184,161,80,114,177,169,191,11,104,180,163,170,95,137,90,125,149,32,68,97,100,7,175,179,27,150,136,144,70,168,17,103,105,142,190,188,186,176,42,47,132,166,123,44];False
2367;8236;10603;[4,67,193,48,10,1,91,129,8,84,122,73,174,135,21,99,16,77,112,71,56,18,62,120,24,197,26,9,143,20,3,2,121,160,92,49,130,22,38,34,124,94,75,12,165,153,187,127,39,107,87,76,50,53,93,23,30,134,58,86,69,64,101,151,54,158,199,6,117,98,25,110,81,52,182,28,162,78,60,79,185,148,167,61,41,36,46,31,59,133,96,157,138,178,164,173,66,126,198,159,140,118,109,29,154,156,106,19,108,146,43,128,85,152,111,83,181,82,192,139,33,13,172,195,40,37,15,35,88,145,189,194,131,171,116,57,0,113,196,89,5,141,119,74,183,63,51,72,147,65,102,115,14,45,55,155,184,161,80,114,177,169,191,11,104,180,163,170,95,137,90,125,149,32,68,97,100,7,175,179,27,150,136,144,70,168,17,103,105,142,190,188,186,176,42,47,132,166,123,44];False
2337;8266;10603;[4,67,193,48,10,1,91,129,8,84,122,73,174,135,21,99,16,77,112,71,56,18,62,120,24,197,26,9,143,20,3,2,121,160,92,49,130,22,38,34,124,76,75,12,165,153,187,127,39,107,87,94,50,53,93,23,30,134,58,86,69,64,101,151,54,158,199,6,117,98,25,110,81,52,182,28,162,78,60,79,185,148,167,61,41,36,46,131,59,133,96,157,138,178,164,173,66,126,198,159,140,118,109,29,154,156,106,19,108,146,43,128,85,152,111,83,181,82,192,139,33,13,172,195,40,37,15,35,88,145,189,194,31,171,116,57,0,113,196,89,5,141,119,74,183,63,51,72,147,65,102,115,14,45,55,155,184,161,80,114,177,169,191,11,104,180,163,170,95,137,90,125,149,32,68,97,100,7,175,179,27,150,136,144,70,168,17,103,105,142,190,188,186,176,42,47,132,166,123,44];False
2327;8275;10602;[4,67,193,48,10,1,91,129,8,82,122,73,174,135,21,99,16,77,112,71,56,18,62,120,24,197,26,9,143,20,3,2,121,160,92,49,130,22,38,34,124,94,75,12,165,153,187,127,39,107,87,76,50,53,93,23,30,134,58,86,69,64,101,151,54,158,199,6,117,98,25,110,81,52,182,28,162,78,60,79,185,148,167,61,41,36,46,131,59,133,96,157,138,178,164,173,66,126,198,159,140,118,109,29,154,156,106,19,108,146,43,128,85,152,111,83,181,84,192,139,33,13,172,195,40,37,15,35,88,145,189,194,31,171,116,57,0,113,196,89,5,141,119,74,183,63,51,72,147,65,102,115,14,45,55,155,184,161,80,114,177,169,191,11,104,180,163,170,95,137,90,125,149,32,68,97,100,7,175,179,27,150,136,144,70,168,17,103,105,142,190,188,186,176,42,47,132,166,123,44];False
2332;8270;10602;[4,67,193,48,10,1,91,129,8,84,122,73,174,135,21,99,16,77,112,71,56,18,62,120,24,197,26,9,143,20,3,2,121,160,92,49,130,22,38,34,124,94,75,12,165,153,187,127,39,107,87,76,50,53,93,23,30,134,58,86,69,64,101,151,54,158,199,6,117,98,25,110,81,52,182,28,162,78,60,79,185,148,167,61,41,36,46,131,59,133,96,157,138,178,164,173,66,126,198,159,140,118,109,29,154,156,106,19,108,146,43,128,85,152,111,83,181,82,40,139,33,13,172,195,192,37,15,35,88,145,189,194,31,171,116,57,0,113,196,89,5,141,119,74,183,63,51,72,147,65,102,115,14,45,55,155,184,161,80,114,177,169,191,11,104,180,163,170,95,137,90,125,149,32,68,97,100,7,175,179,27,150,136,144,70,168,17,103,105,142,190,188,186,176,42,47,132,166,123,44];False
2343;8259;10602;[4,67,193,48,10,1,91,129,8,84,122,73,174,135,21,99,16,77,112,71,56,18,62,120,24,197,26,9,143,20,3,2,121,160,92,49,130,22,38,34,124,94,75,12,165,153,187,127,39,107,87,76,50,53,93,23,30,134,58,86,69,64,101,151,54,158,199,6,117,98,25,110,81,52,182,28,162,78,60,79,185,148,167,61,41,36,46,131,59,133,96,157,138,178,164,173,66,126,198,159,140,118,109,29,154,156,106,19,108,146,43,116,85,152,111,83,181,82,192,139,33,13,172,195,40,37,15,35,88,145,189,194,31,171,128,57,0,113,196,89,5,141,119,74,183,63,51,72,147,65,102,115,14,45,55,155,184,161,80,114,177,169,191,11,104,180,163,170,95,137,90,125,149,32,68,97,100,7,175,179,27,150,136,144,70,168,17,103,105,142,190,188,186,176,42,47,132,166,123,44];False
2353;8249;10602;[4,67,193,48,10,1,91,129,8,84,122,73,174,135,21,99,16,115,112,71,56,18,62,120,24,197,26,9,143,20,3,2,121,160,92,49,130,22,38,34,124,94,75,12,165,153,187,127,39,107,87,76,50,53,93,23,30,134,58,86,69,64,101,151,54,158,199,6,117,98,25,110,81,52,182,28,162,78,60,79,185,148,167,61,41,36,46,131,59,133,96,157,138,178,164,173,66,126,198,159,140,118,109,29,154,156,106,19,108,146,43,128,85,152,111,83,181,82,192,139,33,13,172,195,40,37,15,35,88,145,189,194,31,171,116,57,0,113,196,89,5,141,119,74,183,63,51,72,147,65,102,77,14,45,55,155,184,161,80,114,177,169,191,11,104,180,163,170,95,137,90,125,149,32,68,97,100,7,175,179,27,150,136,144,70,168,17,103,105,142,190,188,186,176,42,47,132,166,123,44];False
2330;8272;10602;[4,67,193,48,10,1,91,129,8,84,122,73,174,135,21,99,16,77,112,71,56,18,62,120,24,197,26,9,143,20,3,2,121,160,92,49,130,22,38,34,124,94,75,12,165,153,187,127,39,107,87,76,50,53,93,23,30,134,58,86,69,64,101,151,54,158,199,6,117,98,25,110,81,52,182,28,162,78,60,79,185,148,167,61,41,36,46,131,59,133,96,157,138,178,164,173,66,126,198,159,140,118,109,29,154,156,106,19,108,146,43,128,85,152,111,83,181,82,192,139,33,13,172,195,40,37,15,35,88,145,189,194,31,171,116,57,0,113,196,89,186,141,119,74,183,63,51,72,147,65,102,115,14,45,55,155,184,161,80,114,177,169,191,11,104,180,163,170,95,137,90,125,149,32,68,97,100,7,175,179,27,150,136,144,70,168,17,103,105,142,190,188,5,176,42,47,132,166,123,44];False
2351;8250;10601;[4,67,193,48,10,1,91,129,8,84,122,73,174,135,21,99,16,77,112,71,56,18,62,120,24,197,26,9,143,20,3,2,121,160,92,49,130,22,38,34,124,94,75,12,165,153,187,127,39,107,87,76,50,53,93,23,30,134,58,86,69,64,101,151,54,158,199,6,117,98,25,110,81,52,182,28,162,78,60,79,185,148,167,61,41,36,46,131,59,133,96,157,138,178,164,173,66,126,198,159,140,118,109,29,154,156,106,19,108,146,43,128,85,152,111,83,7,82,192,139,33,13,172,195,40,37,15,35,88,145,189,194,31,171,116,57,0,113,196,89,5,141,119,74,183,63,51,72,147,65,102,115,14,45,55,155,184,161,80,114,177,169,191,11,104,180,163,170,95,137,90,125,149,32,68,97,100,181,175,179,27,150,136,144,70,168,17,103,105,142,190,188,186,176,42,47,132,166,123,44];False
2328;8273;10601;[4,67,193,48,10,1,91,129,8,84,100,73,174,135,21,99,16,77,112,71,56,18,62,120,24,197,26,9,143,20,3,2,121,160,92,49,130,22,38,34,124,94,75,12,165,153,187,127,39,107,87,76,50,53,93,23,30,134,58,86,69,64,101,151,54,158,199,6,117,98,25,110,81,52,182,28,162,78,60,79,185,148,167,61,41,36,46,131,59,133,96,157,138,178,164,173,66,126,198,159,140,118,109,29,154,156,106,19,108,146,43,128,85,152,111,83,181,82,192,139,33,13,172,195,40,37,15,35,88,145,189,194,31,171,116,57,0,113,196,89,5,141,119,74,183,63,51,72,147,65,102,115,14,45,55,155,184,161,80,114,177,169,191,11,104,180,163,170,95,137,90,125,149,32,68,97,122,7,175,179,27,150,136,144,70,168,17,103,105,142,190,188,186,176,42,47,132,166,123,44];False
2348;8253;10601;[4,67,193,48,10,1,91,129,8,84,122,73,174,135,21,99,16,77,112,71,56,18,62,120,24,197,26,9,143,20,3,2,121,160,92,49,130,22,38,34,124,94,75,12,165,153,187,127,39,107,87,76,50,15,93,23,30,134,58,86,69,64,101,151,54,158,199,6,117,98,25,110,81,52,182,28,162,78,60,79,185,148,167,61,41,36,46,131,59,133,96,157,138,178,164,173,66,126,198,159,140,118,109,29,154,156,106,19,108,146,43,128,85,152,111,83,181,82,192,139,33,13,172,195,40,37,53,35,88,145,189,194,31,171,116,57,0,113,196,89,5,141,119,74,183,63,51,72,147,65,102,115,14,45,55,155,184,161,80,114,177,169,191,11,104,180,163,170,95,137,90,125,149,32,68,97,100,7,175,179,27,150,136,144,70,168,17,103,105,142,190,188,186,176,42,47,132,166,123,44];False
2335;8266;10601;[4,67,193,48,10,1,91,129,8,84,122,73,174,135,21,99,16,77,112,71,56,18,62,120,24,197,26,9,143,20,3,2,121,160,92,49,130,22,38,34,124,94,75,12,165,153,187,127,39,107,87,76,50,53,93,23,30,134,58,86,69,64,101,151,54,158,199,6,117,98,25,110,81,52,182,28,162,78,60,79,185,148,167,61,41,36,46,131,59,133,96,157,138,178,164,173,66,126,198,159,140,118,109,29,154,156,106,19,108,146,43,128,85,152,111,83,181,82,192,90,33,13,172,195,40,37,15,35,88,145,189,194,31,171,116,57,0,113,196,89,5,141,119,74,183,63,51,72,147,65,102,115,14,45,55,155,184,161,80,114,177,169,191,11,104,180,163,170,95,137,139,125,149,32,68,97,100,7,175,179,27,150,136,144,70,168,17,103,105,142,190,188,186,176,42,47,132,166,123,44];False
2339;8262;10601;[4,67,193,48,10,1,91,129,8,84,122,73,174,135,21,99,16,77,112,71,56,18,62,120,24,197,26,9,143,20,3,2,121,160,92,49,130,22,38,34,124,94,75,12,165,153,187,127,39,107,87,76,50,53,93,23,30,119,58,86,69,64,101,151,54,158,199,6,117,98,25,110,81,52,182,28,162,78,60,79,185,148,167,61,41,36,46,131,59,133,96,157,138,178,164,173,66,126,198,159,140,118,109,29,154,156,106,19,108,146,43,128,85,152,111,83,181,82,192,139,33,13,172,195,40,37,15,35,88,145,189,194,31,171,116,57,0,113,196,89,5,141,134,74,183,63,51,72,147,65,102,115,14,45,55,155,184,161,80,114,177,169,191,11,104,180,163,170,95,137,90,125,149,32,68,97,100,7,175,179,27,150,136,144,70,168,17,103,105,142,190,188,186,176,42,47,132,166,123,44];False
2353;8248;10601;[4,67,193,48,10,1,91,129,8,84,122,73,174,135,21,99,16,77,112,71,56,18,62,120,24,197,26,9,143,20,3,2,121,160,92,49,130,22,38,34,124,94,75,12,165,153,187,127,39,107,87,76,50,53,137,23,30,134,58,86,69,64,101,151,54,158,199,6,117,98,25,110,81,52,182,28,162,78,60,79,185,148,167,61,41,36,46,131,59,133,96,157,138,178,164,173,66,126,198,159,140,118,109,29,154,156,106,19,108,146,43,128,85,152,111,83,181,82,192,139,33,13,172,195,40,37,15,35,88,145,189,194,31,171,116,57,0,113,196,89,5,141,119,74,183,63,51,72,147,65,102,115,14,45,55,155,184,161,80,114,177,169,191,11,104,180,163,170,95,93,90,125,149,32,68,97,100,7,175,179,27,150,136,144,70,168,17,103,105,142,190,188,186,176,42,47,132,166,123,44];False
2283;8317;10600;[4,67,193,48,10,1,44,129,8,84,122,73,174,135,21,99,16,77,112,71,56,18,62,120,24,197,26,9,143,20,3,2,121,160,92,49,130,22,38,34,124,94,75,12,165,153,187,127,39,107,87,76,50,53,93,23,30,134,58,86,69,64,101,151,54,158,199,6,117,98,25,110,81,52,182,28,162,78,60,79,185,148,167,61,41,36,46,131,59,133,96,157,138,178,164,173,66,126,198,159,140,118,109,29,154,156,106,19,108,146,43,128,85,152,111,83,181,82,192,139,33,13,172,195,40,37,15,35,88,145,189,194,31,171,116,57,0,113,196,89,5,141,119,74,183,63,51,72,147,65,102,115,14,45,55,155,184,161,80,114,177,169,191,11,104,180,163,170,95,137,90,125,149,32,68,97,100,7,175,179,27,150,136,144,70,168,17,103,105,142,190,188,186,176,42,47,132,166,123,91];False
2364;8236;10600;[4,67,193,48,10,1,91,129,8,84,122,73,174,135,21,99,16,77,112,71,56,18,62,120,24,197,26,9,143,20,3,2,121,160,92,49,130,22,38,34,124,94,75,12,165,153,187,127,39,107,87,76,50,53,93,23,30,134,58,86,69,64,101,151,54,158,199,6,117,98,25,110,81,52,182,28,162,78,60,79,185,148,167,61,41,36,142,131,59,133,96,157,138,178,164,173,66,126,198,159,140,118,109,29,154,156,106,19,108,146,43,128,85,152,111,83,181,82,192,139,33,13,172,195,40,37,15,35,88,145,189,194,31,171,116,57,0,113,196,89,5,141,119,74,183,63,51,72,147,65,102,115,14,45,55,155,184,161,80,114,177,169,191,11,104,180,163,170,95,137,90,125,149,32,68,97,100,7,175,179,27,150,136,144,70,168,17,103,105,46,190,188,186,176,42,47,132,166,123,44];False
2329;8271;10600;[4,67,193,48,10,1,91,129,8,84,122,73,174,135,21,99,16,77,45,71,56,18,62,120,24,197,26,9,143,20,3,2,121,160,92,49,130,22,38,34,124,94,75,12,165,153,187,127,39,107,87,76,50,53,93,23,30,134,58,86,69,64,101,151,54,158,199,6,117,98,25,110,81,52,182,28,162,78,60,79,185,148,167,61,41,36,46,131,59,133,96,157,138,178,164,173,66,126,198,159,140,118,109,29,154,156,106,19,108,146,43,128,85,152,111,83,181,82,192,139,33,13,172,195,40,37,15,35,88,145,189,194,31,171,116,57,0,113,196,89,5,141,119,74,183,63,51,72,147,65,102,115,14,112,55,155,184,161,80,114,177,169,191,11,104,180,163,170,95,137,90,125,149,32,68,97,100,7,175,179,27,150,136,144,70,168,17,103,105,142,190,188,186,176,42,47,132,166,123,44];False
2323;8277;10600;[4,67,193,48,10,1,91,129,8,84,122,73,174,135,21,99,16,77,112,71,56,18,62,120,24,197,26,9,143,20,3,2,121,160,92,49,130,22,38,34,124,94,75,12,165,153,187,127,39,107,87,76,50,53,93,23,30,134,58,86,69,64,101,151,54,158,199,6,117,98,25,110,81,52,182,28,162,78,60,79,185,148,167,61,41,36,46,131,59,133,96,157,138,178,164,173,66,126,198,159,140,118,109,29,154,156,106,19,181,146,43,128,85,152,111,83,108,82,192,139,33,13,172,195,40,37,15,35,88,145,189,194,31,171,116,57,0,113,196,89,5,141,119,74,183,63,51,72,147,65,102,115,14,45,55,155,184,161,80,114,177,169,191,11,104,180,163,170,95,137,90,125,149,32,68,97,100,7,175,179,27,150,136,144,70,168,17,103,105,142,190,188,186,176,42,47,132,166,123,44];False
2352;8248;10600;[4,67,193,48,10,1,91,129,8,84,122,73,174,135,21,99,16,77,112,71,56,18,62,120,24,197,26,9,143,20,3,2,121,160,92,49,130,22,38,34,124,94,75,12,165,153,187,127,39,107,87,76,50,53,93,23,30,134,58,86,69,64,101,151,54,158,199,6,117,98,25,110,81,52,182,28,162,78,60,79,185,148,167,61,41,36,46,131,133,59,96,157,138,178,164,173,66,126,198,159,140,118,109,29,154,156,106,19,108,146,43,128,85,152,111,83,181,82,192,139,33,13,172,195,40,37,15,35,88,145,189,194,31,171,116,57,0,113,196,89,5,141,119,74,183,63,51,72,147,65,102,115,14,45,55,155,184,161,80,114,177,169,191,11,104,180,163,170,95,137,90,125,149,32,68,97,100,7,175,179,27,150,136,144,70,168,17,103,105,142,190,188,186,176,42,47,132,166,123,44];False
2299;8301;10600;[4,67,193,48,10,1,91,129,8,84,122,73,174,135,21,99,16,77,112,71,56,18,65,120,24,197,26,9,143,20,3,2,121,160,92,49,130,22,38,34,124,94,75,12,165,153,187,127,39,107,87,76,50,53,93,23,30,134,58,86,69,64,101,151,54,158,199,6,117,98,25,110,81,52,182,28,162,78,60,79,185,148,167,61,41,36,46,131,59,133,96,157,138,178,164,173,66,126,198,159,140,118,109,29,154,156,106,19,108,146,43,128,85,152,111,83,181,82,192,139,33,13,172,195,40,37,15,35,88,145,189,194,31,171,116,57,0,113,196,89,5,141,119,74,183,63,51,72,147,62,102,115,14,45,55,155,184,161,80,114,177,169,191,11,104,180,163,170,95,137,90,125,149,32,68,97,100,7,175,179,27,150,136,144,70,168,17,103,105,142,190,188,186,176,42,47,132,166,123,44];False
2321;8279;10600;[4,67,193,48,10,1,91,129,8,84,122,73,174,135,21,99,16,77,112,71,198,18,62,120,24,197,26,9,143,20,3,2,121,160,92,49,130,22,38,34,124,94,75,12,165,153,187,127,39,107,87,76,50,53,93,23,30,134,58,86,69,64,101,151,54,158,199,6,117,98,25,110,81,52,182,28,162,78,60,79,185,148,167,61,41,36,46,131,59,133,96,157,138,178,164,173,66,126,56,159,140,118,109,29,154,156,106,19,108,146,43,128,85,152,111,83,181,82,192,139,33,13,172,195,40,37,15,35,88,145,189,194,31,171,116,57,0,113,196,89,5,141,119,74,183,63,51,72,147,65,102,115,14,45,55,155,184,161,80,114,177,169,191,11,104,180,163,170,95,137,90,125,149,32,68,97,100,7,175,179,27,150,136,144,70,168,17,103,105,142,190,188,186,176,42,47,132,166,123,44];False
2314;8286;10600;[4,67,193,48,10,1,91,129,8,84,122,73,174,135,21,99,16,77,112,71,56,18,62,120,24,197,26,9,143,20,3,2,121,160,92,49,130,22,38,34,124,94,75,12,165,153,187,127,39,107,87,76,50,53,93,23,30,134,58,86,69,64,101,151,54,158,199,6,117,98,25,110,81,52,182,28,162,78,60,79,185,148,167,61,41,36,46,131,59,133,96,157,138,178,164,173,66,126,198,159,140,118,109,29,154,156,106,19,108,146,43,128,85,152,111,83,181,82,192,139,33,13,172,195,40,37,15,35,88,145,189,194,31,171,116,57,0,113,196,89,5,141,119,74,183,63,51,72,166,65,102,115,14,45,55,155,184,161,80,114,177,169,191,11,104,180,163,170,95,137,90,125,149,32,68,97,100,7,175,179,27,150,136,144,70,168,17,103,105,142,190,188,186,176,42,47,132,147,123,44];False
2321;8279;10600;[4,67,193,48,10,1,91,129,8,84,122,73,174,135,21,99,16,77,112,71,56,18,62,120,24,197,26,9,143,20,3,2,121,160,92,49,130,22,38,34,124,94,75,12,165,153,187,127,39,107,87,76,50,53,93,23,30,134,58,86,69,64,101,151,54,158,199,6,117,98,25,110,81,52,182,28,162,78,60,79,185,148,167,61,41,36,46,131,59,133,96,157,138,178,164,173,66,126,198,159,140,118,109,29,154,156,106,19,108,146,43,128,85,152,111,83,181,82,192,139,33,13,172,195,40,37,15,35,88,145,189,194,31,171,116,57,0,45,196,89,5,141,119,74,183,63,51,72,147,65,102,115,14,113,55,155,184,161,80,114,177,169,191,11,104,180,163,170,95,137,90,125,149,32,68,97,100,7,175,179,27,150,136,144,70,168,17,103,105,142,190,188,186,176,42,47,132,166,123,44];False
2345;8255;10600;[4,67,193,48,10,1,91,129,8,84,122,73,174,135,21,99,16,77,112,71,56,18,62,120,24,197,26,9,143,20,3,2,121,160,92,49,130,22,38,34,124,94,75,12,165,153,187,127,39,107,87,76,50,53,93,23,30,134,58,86,69,64,101,151,54,158,199,6,117,98,25,110,81,52,182,28,162,78,60,79,185,148,167,61,41,36,46,11,59,133,96,157,138,178,164,173,66,126,198,159,140,118,109,29,154,156,106,19,108,146,43,128,85,152,111,83,181,82,192,139,33,13,172,195,40,37,15,35,88,145,189,194,31,171,116,57,0,113,196,89,5,141,119,74,183,63,51,72,147,65,102,115,14,45,55,155,184,161,80,114,177,169,191,131,104,180,163,170,95,137,90,125,149,32,68,97,100,7,175,179,27,150,136,144,70,168,17,103,105,142,190,188,186,176,42,47,132,166,123,44];False
2348;8252;10600;[4,67,150,48,10,1,91,129,8,84,122,73,174,135,21,99,16,77,112,71,56,18,62,120,24,197,26,9,143,20,3,2,121,160,92,49,130,22,38,34,124,94,75,12,165,153,187,127,39,107,87,76,50,53,93,23,30,134,58,86,69,64,101,151,54,158,199,6,117,98,25,110,81,52,182,28,162,78,60,79,185,148,167,61,41,36,46,131,59,133,96,157,138,178,164,173,66,126,198,159,140,118,109,29,154,156,106,19,108,146,43,128,85,152,111,83,181,82,192,139,33,13,172,195,40,37,15,35,88,145,189,194,31,171,116,57,0,113,196,89,5,141,119,74,183,63,51,72,147,65,102,115,14,45,55,155,184,161,80,114,177,169,191,11,104,180,163,170,95,137,90,125,149,32,68,97,100,7,175,179,27,193,136,144,70,168,17,103,105,142,190,188,186,176,42,47,132,166,123,44];False
2330;8270;10600;[4,67,193,48,10,1,91,129,8,84,122,73,174,135,21,99,16,77,112,71,56,18,62,120,24,197,26,9,143,20,3,2,121,160,92,49,130,22,38,34,124,94,75,12,165,153,187,127,39,107,87,76,50,53,93,23,30,134,58,86,69,64,101,151,54,158,199,6,117,98,25,110,81,52,182,28,162,78,60,79,185,148,167,61,195,36,46,131,59,133,96,157,138,178,164,173,66,126,198,159,140,118,109,29,154,156,106,19,108,146,43,128,85,152,111,83,181,82,192,139,33,13,172,41,40,37,15,35,88,145,189,194,31,171,116,57,0,113,196,89,5,141,119,74,183,63,51,72,147,65,102,115,14,45,55,155,184,161,80,114,177,169,191,11,104,180,163,170,95,137,90,125,149,32,68,97,100,7,175,179,27,150,136,144,70,168,17,103,105,142,190,188,186,176,42,47,132,166,123,44];False
2330;8270;10600;[4,67,193,48,10,1,91,129,8,84,122,73,174,135,21,99,16,77,112,71,56,18,62,120,24,197,26,9,143,20,3,2,121,160,92,49,130,22,38,34,124,94,75,12,165,153,187,127,39,107,87,76,50,53,93,23,30,134,58,86,69,64,101,151,54,158,199,6,117,98,25,110,81,52,182,28,162,78,60,79,185,148,167,61,41,36,46,131,59,133,96,157,138,178,164,113,66,126,198,159,140,118,109,29,154,156,106,19,108,146,43,128,85,152,111,83,181,82,192,139,33,13,172,195,40,37,15,35,88,145,189,194,31,171,116,57,0,173,196,89,5,141,119,74,183,63,51,72,147,65,102,115,14,45,55,155,184,161,80,114,177,169,191,11,104,180,163,170,95,137,90,125,149,32,68,97,100,7,175,179,27,150,136,144,70,168,17,103,105,142,190,188,186,176,42,47,132,166,123,44];False
2355;8244;10599;[4,67,193,48,10,1,91,129,8,84,122,73,174,135,21,99,16,77,112,71,56,18,62,120,24,197,26,9,143,20,3,2,121,160,92,49,130,22,38,34,124,94,75,12,165,153,187,127,39,107,87,76,50,53,93,23,30,134,58,86,69,115,101,151,54,158,199,6,117,98,25,110,81,52,182,28,162,78,60,79,185,148,167,61,41,36,46,131,59,133,96,157,138,178,164,173,66,126,198,159,140,118,109,29,154,156,106,19,108,146,43,128,85,152,111,83,181,82,192,139,33,13,172,195,40,37,15,35,88,145,189,194,31,171,116,57,0,113,196,89,5,141,119,74,183,63,51,72,147,65,102,64,14,45,55,155,184,161,80,114,177,169,191,11,104,180,163,170,95,137,90,125,149,32,68,97,100,7,175,179,27,150,136,144,70,168,17,103,105,142,190,188,186,176,42,47,132,166,123,44];False
2355;8244;10599;[4,67,193,48,10,1,91,129,8,84,122,73,174,135,21,99,16,77,112,71,56,18,62,120,24,197,26,9,143,20,3,2,121,160,92,49,130,22,38,34,118,94,75,12,165,153,187,127,39,107,87,76,50,53,93,23,30,134,58,86,69,64,101,151,54,158,199,6,117,98,25,110,81,52,182,28,162,78,60,79,185,148,167,61,41,36,46,131,59,133,96,157,138,178,164,173,66,126,198,159,140,124,109,29,154,156,106,19,108,146,43,128,85,152,111,83,181,82,192,139,33,13,172,195,40,37,15,35,88,145,189,194,31,171,116,57,0,113,196,89,5,141,119,74,183,63,51,72,147,65,102,115,14,45,55,155,184,161,80,114,177,169,191,11,104,180,163,170,95,137,90,125,149,32,68,97,100,7,175,179,27,150,136,144,70,168,17,103,105,142,190,188,186,176,42,47,132,166,123,44];False
2327;8272;10599;[4,67,193,48,10,1,91,129,8,84,122,73,174,135,21,99,16,77,112,71,56,18,62,120,24,197,26,9,143,20,3,2,121,160,92,49,199,22,38,34,124,94,75,12,165,153,187,127,39,107,87,76,50,53,93,23,30,134,58,86,69,64,101,151,54,158,130,6,117,98,25,110,81,52,182,28,162,78,60,79,185,148,167,61,41,36,46,131,59,133,96,157,138,178,164,173,66,126,198,159,140,118,109,29,154,156,106,19,108,146,43,128,85,152,111,83,181,82,192,139,33,13,172,195,40,37,15,35,88,145,189,194,31,171,116,57,0,113,196,89,5,141,119,74,183,63,51,72,147,65,102,115,14,45,55,155,184,161,80,114,177,169,191,11,104,180,163,170,95,137,90,125,149,32,68,97,100,7,175,179,27,150,136,144,70,168,17,103,105,142,190,188,186,176,42,47,132,166,123,44];False
2329;8270;10599;[4,67,193,48,10,1,91,129,8,84,122,73,74,135,21,99,16,77,112,71,56,18,62,120,24,197,26,9,143,20,3,2,121,160,92,49,130,22,38,34,124,94,75,12,165,153,187,127,39,107,87,76,50,53,93,23,30,134,58,86,69,64,101,151,54,158,199,6,117,98,25,110,81,52,182,28,162,78,60,79,185,148,167,61,41,36,46,131,59,133,96,157,138,178,164,173,66,126,198,159,140,118,109,29,154,156,106,19,108,146,43,128,85,152,111,83,181,82,192,139,33,13,172,195,40,37,15,35,88,145,189,194,31,171,116,57,0,113,196,89,5,141,119,174,183,63,51,72,147,65,102,115,14,45,55,155,184,161,80,114,177,169,191,11,104,180,163,170,95,137,90,125,149,32,68,97,100,7,175,179,27,150,136,144,70,168,17,103,105,142,190,188,186,176,42,47,132,166,123,44];False
2315;8284;10599;[4,67,193,48,10,1,91,129,8,84,122,73,174,135,21,99,16,77,112,71,56,18,62,120,24,197,26,9,143,20,3,2,121,160,92,49,130,22,38,34,124,94,75,12,165,153,187,127,39,107,87,76,50,53,93,23,30,134,58,86,69,64,101,151,54,158,199,6,117,98,25,110,81,52,182,28,162,78,60,79,185,148,167,61,41,36,46,131,59,133,96,157,138,178,164,173,66,108,198,159,140,118,109,29,154,156,106,19,126,146,43,128,85,152,111,83,181,82,192,139,33,13,172,195,40,37,15,35,88,145,189,194,31,171,116,57,0,113,196,89,5,141,119,74,183,63,51,72,147,65,102,115,14,45,55,155,184,161,80,114,177,169,191,11,104,180,163,170,95,137,90,125,149,32,68,97,100,7,175,179,27,150,136,144,70,168,17,103,105,142,190,188,186,176,42,47,132,166,123,44];False
2352;8247;10599;[4,67,193,48,10,1,91,129,8,84,122,73,174,135,21,99,16,77,182,71,56,18,62,120,24,197,26,9,143,20,3,2,121,160,92,49,130,22,38,34,124,94,75,12,165,153,187,127,39,107,87,76,50,53,93,23,30,134,58,86,69,64,101,151,54,158,199,6,117,98,25,110,81,52,112,28,162,78,60,79,185,148,167,61,41,36,46,131,59,133,96,157,138,178,164,173,66,126,198,159,140,118,109,29,154,156,106,19,108,146,43,128,85,152,111,83,181,82,192,139,33,13,172,195,40,37,15,35,88,145,189,194,31,171,116,57,0,113,196,89,5,141,119,74,183,63,51,72,147,65,102,115,14,45,55,155,184,161,80,114,177,169,191,11,104,180,163,170,95,137,90,125,149,32,68,97,100,7,175,179,27,150,136,144,70,168,17,103,105,142,190,188,186,176,42,47,132,166,123,44];False
2312;8287;10599;[4,67,193,48,10,1,91,129,8,84,122,73,174,135,21,99,16,77,112,71,56,18,62,120,24,197,26,9,143,20,3,2,121,160,92,49,130,22,38,34,124,94,75,12,165,153,187,127,39,107,87,76,50,53,93,23,30,134,58,86,69,64,149,151,54,158,199,6,117,98,25,110,81,52,182,28,162,78,60,79,185,148,167,61,41,36,46,131,59,133,96,157,138,178,164,173,66,126,198,159,140,118,109,29,154,156,106,19,108,146,43,128,85,152,111,83,181,82,192,139,33,13,172,195,40,37,15,35,88,145,189,194,31,171,116,57,0,113,196,89,5,141,119,74,183,63,51,72,147,65,102,115,14,45,55,155,184,161,80,114,177,169,191,11,104,180,163,170,95,137,90,125,101,32,68,97,100,7,175,179,27,150,136,144,70,168,17,103,105,142,190,188,186,176,42,47,132,166,123,44];False
2335;8264;10599;[4,67,193,48,10,1,91,129,8,84,122,73,174,135,21,99,16,77,112,71,56,18,62,120,24,197,26,9,143,20,3,2,121,160,92,49,130,22,38,34,124,94,75,12,165,153,187,127,39,107,87,76,50,53,93,23,30,134,58,86,69,64,101,151,54,158,199,6,117,98,25,110,81,52,182,28,162,78,114,79,185,148,167,61,41,36,46,131,59,133,96,157,138,178,164,173,66,126,198,159,140,118,109,29,154,156,106,19,108,146,43,128,85,152,111,83,181,82,192,139,33,13,172,195,40,37,15,35,88,145,189,194,31,171,116,57,0,113,196,89,5,141,119,74,183,63,51,72,147,65,102,115,14,45,55,155,184,161,80,60,177,169,191,11,104,180,163,170,95,137,90,125,149,32,68,97,100,7,175,179,27,150,136,144,70,168,17,103,105,142,190,188,186,176,42,47,132,166,123,44];False
2282;8317;10599;[4,67,193,48,10,1,91,129,8,84,122,73,174,135,21,99,16,77,112,71,56,18,62,120,24,197,26,9,143,20,3,2,121,160,92,49,130,22,38,34,124,94,75,12,165,153,187,127,39,107,87,76,50,53,93,23,30,134,58,86,69,64,101,151,54,158,199,6,117,98,25,110,81,52,182,28,162,78,60,79,185,148,167,61,41,36,46,131,59,133,96,157,138,178,164,173,66,126,5,159,140,118,109,29,154,156,106,19,108,146,43,128,85,152,111,83,181,82,192,139,33,13,172,195,40,37,15,35,88,145,189,194,31,171,116,57,0,113,196,89,198,141,119,74,183,63,51,72,147,65,102,115,14,45,55,155,184,161,80,114,177,169,191,11,104,180,163,170,95,137,90,125,149,32,68,97,100,7,175,179,27,150,136,144,70,168,17,103,105,142,190,188,186,176,42,47,132,166,123,44];False
2337;8262;10599;[4,67,193,48,10,1,91,129,8,84,122,73,174,135,21,99,16,77,112,71,56,18,62,120,24,197,26,9,143,20,3,2,121,160,92,49,130,22,38,34,124,94,75,12,165,153,187,127,39,107,87,76,50,53,93,23,30,134,58,86,69,64,101,151,54,158,199,6,117,98,25,89,81,52,182,28,162,78,60,79,185,148,167,61,41,36,46,131,59,133,96,157,138,178,164,173,66,126,198,159,140,118,109,29,154,156,106,19,108,146,43,128,85,152,111,83,181,82,192,139,33,13,172,195,40,37,15,35,88,145,189,194,31,171,116,57,0,113,196,110,5,141,119,74,183,63,51,72,147,65,102,115,14,45,55,155,184,161,80,114,177,169,191,11,104,180,163,170,95,137,90,125,149,32,68,97,100,7,175,179,27,150,136,144,70,168,17,103,105,142,190,188,186,176,42,47,132,166,123,44];False
2313;8285;10598;[4,67,193,48,10,1,91,129,8,84,122,73,174,135,21,99,16,77,112,71,56,18,62,120,24,197,26,9,143,20,3,2,121,160,92,49,130,22,38,34,124,94,75,12,165,153,187,127,39,107,87,76,50,53,93,23,30,134,58,86,69,64,101,151,54,158,199,6,117,98,25,110,81,52,182,132,162,78,60,79,185,148,167,61,41,36,46,131,59,133,96,157,138,178,164,173,66,126,198,159,140,118,109,29,154,156,106,19,108,146,43,128,85,152,111,83,181,82,192,139,33,13,172,195,40,37,15,35,88,145,189,194,31,171,116,57,0,113,196,89,5,141,119,74,183,63,51,72,147,65,102,115,14,45,55,155,184,161,80,114,177,169,191,11,104,180,163,170,95,137,90,125,149,32,68,97,100,7,175,179,27,150,136,144,70,168,17,103,105,142,190,188,186,176,42,47,28,166,123,44];False
2329;8269;10598;[4,67,193,48,10,1,91,129,8,84,122,73,174,135,21,99,16,77,112,71,56,18,62,120,24,197,26,9,143,20,3,2,121,160,92,49,130,22,38,34,124,94,75,12,165,153,187,127,39,107,87,76,50,53,93,23,30,134,58,86,69,64,101,151,54,158,199,6,117,98,25,110,81,52,182,28,162,78,60,79,185,148,167,61,41,36,46,131,59,133,96,157,138,178,164,173,66,126,198,159,140,118,109,29,154,156,106,19,108,146,43,128,85,152,111,83,181,82,192,139,33,13,172,195,40,37,15,35,88,145,189,194,31,171,116,57,0,113,196,89,5,141,119,74,183,63,51,72,147,65,102,115,14,45,55,155,184,161,80,114,177,169,191,11,104,180,163,170,95,137,90,188,149,32,68,97,100,7,175,179,27,150,136,144,70,168,17,103,105,142,190,125,186,176,42,47,132,166,123,44];False
2341;8257;10598;[4,67,193,48,10,1,91,129,8,84,122,73,174,135,21,99,16,77,112,71,56,18,62,120,24,197,26,9,143,20,3,2,121,160,92,49,130,22,38,34,124,94,75,12,165,153,187,127,39,107,87,76,50,53,93,23,30,134,58,86,69,64,101,151,54,158,199,6,117,95,25,110,81,52,182,28,162,78,60,79,185,148,167,61,41,36,46,131,59,133,96,157,138,178,164,173,66,126,198,159,140,118,109,29,154,156,106,19,108,146,43,128,85,152,111,83,181,82,192,139,33,13,172,195,40,37,15,35,88,145,189,194,31,171,116,57,0,113,196,89,5,141,119,74,183,63,51,72,147,65,102,115,14,45,55,155,184,161,80,114,177,169,191,11,104,180,163,170,98,137,90,125,149,32,68,97,100,7,175,179,27,150,136,144,70,168,17,103,105,142,190,188,186,176,42,47,132,166,123,44];False
2329;8269;10598;[4,157,193,48,10,1,91,129,8,84,122,73,174,135,21,99,16,77,112,71,56,18,62,120,24,197,26,9,143,20,3,2,121,160,92,49,130,22,38,34,124,94,75,12,165,153,187,127,39,107,87,76,50,53,93,23,30,134,58,86,69,64,101,151,54,158,199,6,117,98,25,110,81,52,182,28,162,78,60,79,185,148,167,61,41,36,46,131,59,133,96,67,138,178,164,173,66,126,198,159,140,118,109,29,154,156,106,19,108,146,43,128,85,152,111,83,181,82,192,139,33,13,172,195,40,37,15,35,88,145,189,194,31,171,116,57,0,113,196,89,5,141,119,74,183,63,51,72,147,65,102,115,14,45,55,155,184,161,80,114,177,169,191,11,104,180,163,170,95,137,90,125,149,32,68,97,100,7,175,179,27,150,136,144,70,168,17,103,105,142,190,188,186,176,42,47,132,166,123,44];False
2319;8279;10598;[4,67,193,48,10,1,91,129,8,84,122,73,174,135,21,99,16,77,112,71,56,18,62,120,24,197,26,9,143,20,3,2,121,160,92,49,130,22,38,34,124,94,75,12,165,153,187,127,39,107,87,76,50,53,93,23,30,134,58,86,69,64,101,151,54,158,199,6,117,98,25,110,81,52,182,28,162,78,60,79,185,148,167,61,41,36,46,131,59,133,96,157,138,178,164,173,66,126,198,159,140,118,109,29,154,156,106,19,108,146,43,128,85,152,111,83,181,82,192,139,171,13,172,195,40,37,15,35,88,145,189,194,31,33,116,57,0,113,196,89,5,141,119,74,183,63,51,72,147,65,102,115,14,45,55,155,184,161,80,114,177,169,191,11,104,180,163,170,95,137,90,125,149,32,68,97,100,7,175,179,27,150,136,144,70,168,17,103,105,142,190,188,186,176,42,47,132,166,123,44];False
2330;8267;10597;[4,67,193,48,10,1,91,129,8,84,122,73,174,135,21,99,16,77,112,71,56,18,62,120,24,197,26,9,143,20,3,2,121,160,92,49,130,22,38,34,124,94,75,12,165,153,187,127,39,107,87,76,50,53,93,23,30,134,58,86,69,64,101,151,54,158,199,6,117,98,25,110,81,52,182,28,162,78,60,79,185,148,167,61,41,36,46,131,59,133,96,157,138,178,164,173,66,126,198,159,140,118,109,29,89,156,106,19,108,146,43,128,85,152,111,83,181,82,192,139,33,13,172,195,40,37,15,35,88,145,189,194,31,171,116,57,0,113,196,154,5,141,119,74,183,63,51,72,147,65,102,115,14,45,55,155,184,161,80,114,177,169,191,11,104,180,163,170,95,137,90,125,149,32,68,97,100,7,175,179,27,150,136,144,70,168,17,103,105,142,190,188,186,176,42,47,132,166,123,44];False
2315;8282;10597;[4,67,193,48,10,1,91,129,8,84,122,73,174,135,21,99,16,77,112,71,69,18,62,120,24,197,26,9,143,20,3,2,121,160,92,49,130,22,38,34,124,94,75,12,165,153,187,127,39,107,87,76,50,53,93,23,30,134,58,86,56,64,101,151,54,158,199,6,117,98,25,110,81,52,182,28,162,78,60,79,185,148,167,61,41,36,46,131,59,133,96,157,138,178,164,173,66,126,198,159,140,118,109,29,154,156,106,19,108,146,43,128,85,152,111,83,181,82,192,139,33,13,172,195,40,37,15,35,88,145,189,194,31,171,116,57,0,113,196,89,5,141,119,74,183,63,51,72,147,65,102,115,14,45,55,155,184,161,80,114,177,169,191,11,104,180,163,170,95,137,90,125,149,32,68,97,100,7,175,179,27,150,136,144,70,168,17,103,105,142,190,188,186,176,42,47,132,166,123,44];False
2311;8286;10597;[4,67,193,48,10,1,91,129,8,84,122,73,174,135,21,99,16,77,112,71,56,18,62,120,24,197,26,9,143,20,3,2,121,160,92,49,130,22,38,34,124,94,75,12,165,153,187,127,39,107,87,76,50,53,93,98,30,134,58,86,69,64,101,151,54,158,199,6,117,23,25,110,81,52,182,28,162,78,60,79,185,148,167,61,41,36,46,131,59,133,96,157,138,178,164,173,66,126,198,159,140,118,109,29,154,156,106,19,108,146,43,128,85,152,111,83,181,82,192,139,33,13,172,195,40,37,15,35,88,145,189,194,31,171,116,57,0,113,196,89,5,141,119,74,183,63,51,72,147,65,102,115,14,45,55,155,184,161,80,114,177,169,191,11,104,180,163,170,95,137,90,125,149,32,68,97,100,7,175,179,27,150,136,144,70,168,17,103,105,142,190,188,186,176,42,47,132,166,123,44];False
2300;8296;10596;[4,67,193,48,10,1,91,129,8,84,122,73,174,135,21,99,16,77,112,71,56,18,62,120,24,197,26,9,143,20,3,2,121,160,92,49,130,22,38,34,124,94,75,12,165,153,187,127,39,107,87,76,50,53,93,23,30,134,58,86,69,64,101,151,54,158,199,6,117,98,25,110,81,52,182,28,162,78,60,79,185,148,167,61,41,36,46,131,59,133,96,157,138,178,164,173,66,126,198,159,140,118,109,29,154,156,106,19,108,176,43,128,85,152,111,83,181,82,192,139,33,13,172,195,40,37,15,35,88,145,189,194,31,171,116,57,0,113,196,89,5,141,119,74,183,63,51,72,147,65,102,115,14,45,55,155,184,161,80,114,177,169,191,11,104,180,163,170,95,137,90,125,149,32,68,97,100,7,175,179,27,150,136,144,70,168,17,103,105,142,190,188,186,146,42,47,132,166,123,44];False
2353;8243;10596;[4,67,193,48,10,1,91,129,8,84,122,73,174,135,21,99,16,77,112,71,56,18,62,120,24,197,26,9,143,20,3,2,121,160,92,49,130,22,38,34,124,94,75,12,161,153,187,127,39,107,87,76,50,53,93,23,30,134,58,86,69,64,101,151,54,158,199,6,117,98,25,110,81,52,182,28,162,78,60,79,185,148,167,61,41,36,46,131,59,133,96,157,138,178,164,173,66,126,198,159,140,118,109,29,154,156,106,19,108,146,43,128,85,152,111,83,181,82,192,139,33,13,172,195,40,37,15,35,88,145,189,194,31,171,116,57,0,113,196,89,5,141,119,74,183,63,51,72,147,65,102,115,14,45,55,155,184,165,80,114,177,169,191,11,104,180,163,170,95,137,90,125,149,32,68,97,100,7,175,179,27,150,136,144,70,168,17,103,105,142,190,188,186,176,42,47,132,166,123,44];False
2286;8310;10596;[4,67,193,48,10,1,91,129,8,84,122,77,174,135,21,99,16,73,112,71,56,18,62,120,24,197,26,9,143,20,3,2,121,160,92,49,130,22,38,34,124,94,75,12,165,153,187,127,39,107,87,76,50,53,93,23,30,134,58,86,69,64,101,151,54,158,199,6,117,98,25,110,81,52,182,28,162,78,60,79,185,148,167,61,41,36,46,131,59,133,96,157,138,178,164,173,66,126,198,159,140,118,109,29,154,156,106,19,108,146,43,128,85,152,111,83,181,82,192,139,33,13,172,195,40,37,15,35,88,145,189,194,31,171,116,57,0,113,196,89,5,141,119,74,183,63,51,72,147,65,102,115,14,45,55,155,184,161,80,114,177,169,191,11,104,180,163,170,95,137,90,125,149,32,68,97,100,7,175,179,27,150,136,144,70,168,17,103,105,142,190,188,186,176,42,47,132,166,123,44];False
2316;8280;10596;[4,67,193,48,10,1,91,129,8,84,122,73,174,135,21,99,16,77,112,71,56,18,62,120,24,197,26,9,143,20,3,2,121,160,92,49,130,22,38,34,124,94,75,12,165,153,187,127,39,107,87,76,50,53,93,23,30,134,58,86,69,64,101,151,54,158,157,6,117,98,25,110,81,52,182,28,162,78,60,79,185,148,167,61,41,36,46,131,59,133,96,199,138,178,164,173,66,126,198,159,140,118,109,29,154,156,106,19,108,146,43,128,85,152,111,83,181,82,192,139,33,13,172,195,40,37,15,35,88,145,189,194,31,171,116,57,0,113,196,89,5,141,119,74,183,63,51,72,147,65,102,115,14,45,55,155,184,161,80,114,177,169,191,11,104,180,163,170,95,137,90,125,149,32,68,97,100,7,175,179,27,150,136,144,70,168,17,103,105,142,190,188,186,176,42,47,132,166,123,44];False
2330;8266;10596;[4,67,193,48,10,1,91,129,8,84,122,73,174,135,21,99,16,77,112,71,56,18,62,120,24,197,26,9,143,20,3,2,121,160,92,49,130,22,38,34,164,94,75,12,165,153,187,127,39,107,87,76,50,53,93,23,30,134,58,86,69,64,101,151,54,158,199,6,117,98,25,110,81,52,182,28,162,78,60,79,185,148,167,61,41,36,46,131,59,133,96,157,138,178,124,173,66,126,198,159,140,118,109,29,154,156,106,19,108,146,43,128,85,152,111,83,181,82,192,139,33,13,172,195,40,37,15,35,88,145,189,194,31,171,116,57,0,113,196,89,5,141,119,74,183,63,51,72,147,65,102,115,14,45,55,155,184,161,80,114,177,169,191,11,104,180,163,170,95,137,90,125,149,32,68,97,100,7,175,179,27,150,136,144,70,168,17,103,105,142,190,188,186,176,42,47,132,166,123,44];False
2358;8238;10596;[4,67,193,48,10,1,91,129,8,84,122,73,174,135,21,99,16,77,112,71,56,18,62,120,24,197,26,9,143,20,3,2,121,160,92,49,130,22,38,34,124,94,75,12,165,153,187,127,39,107,87,76,50,53,93,23,30,134,58,86,69,64,101,151,54,158,199,6,117,98,25,110,81,52,182,28,162,78,60,79,185,148,167,61,35,36,46,131,59,133,96,157,138,178,164,173,66,126,198,159,140,118,109,29,154,156,106,19,108,146,43,128,85,152,111,83,181,82,192,139,33,13,172,195,40,37,15,41,88,145,189,194,31,171,116,57,0,113,196,89,5,141,119,74,183,63,51,72,147,65,102,115,14,45,55,155,184,161,80,114,177,169,191,11,104,180,163,170,95,137,90,125,149,32,68,97,100,7,175,179,27,150,136,144,70,168,17,103,105,142,190,188,186,176,42,47,132,166,123,44];False
2320;8276;10596;[4,67,193,48,10,1,91,129,8,84,122,73,174,135,21,99,16,77,112,169,56,18,62,120,24,197,26,9,143,20,3,2,121,160,92,49,130,22,38,34,124,94,75,12,165,153,187,127,39,107,87,76,50,53,93,23,30,134,58,86,69,64,101,151,54,158,199,6,117,98,25,110,81,52,182,28,162,78,60,79,185,148,167,61,41,36,46,131,59,133,96,157,138,178,164,173,66,126,198,159,140,118,109,29,154,156,106,19,108,146,43,128,85,152,111,83,181,82,192,139,33,13,172,195,40,37,15,35,88,145,189,194,31,171,116,57,0,113,196,89,5,141,119,74,183,63,51,72,147,65,102,115,14,45,55,155,184,161,80,114,177,71,191,11,104,180,163,170,95,137,90,125,149,32,68,97,100,7,175,179,27,150,136,144,70,168,17,103,105,142,190,188,186,176,42,47,132,166,123,44];False
2352;8244;10596;[4,67,193,48,10,1,13,129,8,84,122,73,174,135,21,99,16,77,112,71,56,18,62,120,24,197,26,9,143,20,3,2,121,160,92,49,130,22,38,34,124,94,75,12,165,153,187,127,39,107,87,76,50,53,93,23,30,134,58,86,69,64,101,151,54,158,199,6,117,98,25,110,81,52,182,28,162,78,60,79,185,148,167,61,41,36,46,131,59,133,96,157,138,178,164,173,66,126,198,159,140,118,109,29,154,156,106,19,108,146,43,128,85,152,111,83,181,82,192,139,33,91,172,195,40,37,15,35,88,145,189,194,31,171,116,57,0,113,196,89,5,141,119,74,183,63,51,72,147,65,102,115,14,45,55,155,184,161,80,114,177,169,191,11,104,180,163,170,95,137,90,125,149,32,68,97,100,7,175,179,27,150,136,144,70,168,17,103,105,142,190,188,186,176,42,47,132,166,123,44];False
2276;8319;10595;[4,67,193,48,10,106,91,129,8,84,122,73,174,135,21,99,16,77,112,71,56,18,62,120,24,197,26,9,143,20,3,2,121,160,92,49,130,22,38,34,124,94,75,12,165,153,187,127,39,107,87,76,50,53,93,23,30,134,58,86,69,64,101,151,54,158,199,6,117,98,25,110,81,52,182,28,162,78,60,79,185,148,167,61,41,36,46,131,59,133,96,157,138,178,164,173,66,126,198,159,140,118,109,29,154,156,1,19,108,146,43,128,85,152,111,83,181,82,192,139,33,13,172,195,40,37,15,35,88,145,189,194,31,171,116,57,0,113,196,89,5,141,119,74,183,63,51,72,147,65,102,115,14,45,55,155,184,161,80,114,177,169,191,11,104,180,163,170,95,137,90,125,149,32,68,97,100,7,175,179,27,150,136,144,70,168,17,103,105,142,190,188,186,176,42,47,132,166,123,44];False
2342;8253;10595;[4,67,193,48,10,1,91,129,8,84,122,73,174,135,21,99,16,77,112,71,56,18,62,120,24,197,26,9,143,20,3,2,121,160,92,49,130,22,38,34,124,94,75,12,165,153,187,127,39,107,87,169,50,53,93,23,30,134,58,86,69,64,101,151,54,158,199,6,117,98,25,110,81,52,182,28,162,78,60,79,185,148,167,61,41,36,46,131,59,133,96,157,138,178,164,173,66,126,198,159,140,118,109,29,154,156,106,19,108,146,43,128,85,152,111,83,181,82,192,139,33,13,172,195,40,37,15,35,88,145,189,194,31,171,116,57,0,113,196,89,5,141,119,74,183,63,51,72,147,65,102,115,14,45,55,155,184,161,80,114,177,76,191,11,104,180,163,170,95,137,90,125,149,32,68,97,100,7,175,179,27,150,136,144,70,168,17,103,105,142,190,188,186,176,42,47,132,166,123,44];False
2340;8255;10595;[4,67,193,48,10,1,91,129,8,84,122,73,174,135,21,99,16,77,112,71,56,18,62,120,24,197,26,9,143,20,3,2,121,160,92,49,130,22,38,34,124,94,75,12,165,153,187,127,39,107,87,76,50,53,93,23,30,134,58,86,69,64,101,151,54,158,148,6,117,98,25,110,81,52,182,28,162,78,60,79,185,199,167,61,41,36,46,131,59,133,96,157,138,178,164,173,66,126,198,159,140,118,109,29,154,156,106,19,108,146,43,128,85,152,111,83,181,82,192,139,33,13,172,195,40,37,15,35,88,145,189,194,31,171,116,57,0,113,196,89,5,141,119,74,183,63,51,72,147,65,102,115,14,45,55,155,184,161,80,114,177,169,191,11,104,180,163,170,95,137,90,125,149,32,68,97,100,7,175,179,27,150,136,144,70,168,17,103,105,142,190,188,186,176,42,47,132,166,123,44];False
2284;8311;10595;[4,67,193,48,10,1,91,129,8,84,122,73,174,135,21,99,16,77,112,71,56,18,62,120,24,197,26,9,143,20,3,2,121,160,92,49,130,22,38,34,124,94,75,12,165,153,187,127,39,107,87,76,50,53,93,23,30,134,58,86,69,64,101,151,54,158,199,6,117,98,25,110,81,52,182,28,162,150,60,79,185,148,167,61,41,36,46,131,59,133,96,157,138,178,164,173,66,126,198,159,140,118,109,29,154,156,106,19,108,146,43,128,85,152,111,83,181,82,192,139,33,13,172,195,40,37,15,35,88,145,189,194,31,171,116,57,0,113,196,89,5,141,119,74,183,63,51,72,147,65,102,115,14,45,55,155,184,161,80,114,177,169,191,11,104,180,163,170,95,137,90,125,149,32,68,97,100,7,175,179,27,78,136,144,70,168,17,103,105,142,190,188,186,176,42,47,132,166,123,44];False
2313;8282;10595;[4,95,193,48,10,1,91,129,8,84,122,73,174,135,21,99,16,77,112,71,56,18,62,120,24,197,26,9,143,20,3,2,121,160,92,49,130,22,38,34,124,94,75,12,165,153,187,127,39,107,87,76,50,53,93,23,30,134,58,86,69,64,101,151,54,158,199,6,117,98,25,110,81,52,182,28,162,78,60,79,185,148,167,61,41,36,46,131,59,133,96,157,138,178,164,173,66,126,198,159,140,118,109,29,154,156,106,19,108,146,43,128,85,152,111,83,181,82,192,139,33,13,172,195,40,37,15,35,88,145,189,194,31,171,116,57,0,113,196,89,5,141,119,74,183,63,51,72,147,65,102,115,14,45,55,155,184,161,80,114,177,169,191,11,104,180,163,170,67,137,90,125,149,32,68,97,100,7,175,179,27,150,136,144,70,168,17,103,105,142,190,188,186,176,42,47,132,166,123,44];False
2371;8224;10595;[102,67,193,48,10,1,91,129,8,84,122,73,174,135,21,99,16,77,112,71,56,18,62,120,24,197,26,9,143,20,3,2,121,160,92,49,130,22,38,34,124,94,75,12,165,153,187,127,39,107,87,76,50,53,93,23,30,134,58,86,69,64,101,151,54,158,199,6,117,98,25,110,81,52,182,28,162,78,60,79,185,148,167,61,41,36,46,131,59,133,96,157,138,178,164,173,66,126,198,159,140,118,109,29,154,156,106,19,108,146,43,128,85,152,111,83,181,82,192,139,33,13,172,195,40,37,15,35,88,145,189,194,31,171,116,57,0,113,196,89,5,141,119,74,183,63,51,72,147,65,4,115,14,45,55,155,184,161,80,114,177,169,191,11,104,180,163,170,95,137,90,125,149,32,68,97,100,7,175,179,27,150,136,144,70,168,17,103,105,142,190,188,186,176,42,47,132,166,123,44];False
2309;8286;10595;[4,67,193,48,10,1,91,129,8,84,122,73,174,135,21,99,16,77,112,71,56,18,62,120,24,197,26,9,143,20,3,2,121,160,92,49,130,22,38,34,124,94,75,12,165,153,187,127,39,107,87,76,50,53,93,23,30,134,58,86,69,64,101,151,54,158,199,6,117,98,25,110,81,52,182,28,162,78,60,79,185,148,167,61,41,36,46,131,59,133,96,157,152,178,164,173,66,126,198,159,140,118,109,29,154,156,106,19,108,146,43,128,85,138,111,83,181,82,192,139,33,13,172,195,40,37,15,35,88,145,189,194,31,171,116,57,0,113,196,89,5,141,119,74,183,63,51,72,147,65,102,115,14,45,55,155,184,161,80,114,177,169,191,11,104,180,163,170,95,137,90,125,149,32,68,97,100,7,175,179,27,150,136,144,70,168,17,103,105,142,190,188,186,176,42,47,132,166,123,44];False
2328;8266;10594;[4,67,193,48,10,1,91,129,8,84,122,73,174,135,21,99,71,77,112,16,56,18,62,120,24,197,26,9,143,20,3,2,121,160,92,49,130,22,38,34,124,94,75,12,165,153,187,127,39,107,87,76,50,53,93,23,30,134,58,86,69,64,101,151,54,158,199,6,117,98,25,110,81,52,182,28,162,78,60,79,185,148,167,61,41,36,46,131,59,133,96,157,138,178,164,173,66,126,198,159,140,118,109,29,154,156,106,19,108,146,43,128,85,152,111,83,181,82,192,139,33,13,172,195,40,37,15,35,88,145,189,194,31,171,116,57,0,113,196,89,5,141,119,74,183,63,51,72,147,65,102,115,14,45,55,155,184,161,80,114,177,169,191,11,104,180,163,170,95,137,90,125,149,32,68,97,100,7,175,179,27,150,136,144,70,168,17,103,105,142,190,188,186,176,42,47,132,166,123,44];False
2289;8305;10594;[4,67,193,48,10,1,91,129,8,84,122,73,174,135,21,99,16,77,112,71,56,18,62,120,24,197,26,9,143,20,3,2,121,160,92,49,130,22,38,34,124,94,75,12,165,153,187,127,39,107,87,76,50,53,93,23,30,134,58,86,69,64,101,151,54,158,199,6,117,98,25,110,81,52,106,28,162,78,60,79,185,148,167,61,41,36,46,131,59,133,96,157,138,178,164,173,66,126,198,159,140,118,109,29,154,156,182,19,108,146,43,128,85,152,111,83,181,82,192,139,33,13,172,195,40,37,15,35,88,145,189,194,31,171,116,57,0,113,196,89,5,141,119,74,183,63,51,72,147,65,102,115,14,45,55,155,184,161,80,114,177,169,191,11,104,180,163,170,95,137,90,125,149,32,68,97,100,7,175,179,27,150,136,144,70,168,17,103,105,142,190,188,186,176,42,47,132,166,123,44];False
2311;8283;10594;[4,67,193,48,10,1,91,129,8,84,122,73,174,135,21,99,16,77,112,71,56,18,62,120,24,197,26,9,143,20,3,2,121,160,92,49,130,22,38,34,124,94,75,12,165,153,187,127,39,107,87,76,50,53,93,23,30,134,58,86,69,64,101,151,54,158,199,6,117,98,25,110,81,52,182,28,163,78,60,79,185,148,167,61,41,36,46,131,59,133,96,157,138,178,164,173,66,126,198,159,140,118,109,29,154,156,106,19,108,146,43,128,85,152,111,83,181,82,192,139,33,13,172,195,40,37,15,35,88,145,189,194,31,171,116,57,0,113,196,89,5,141,119,74,183,63,51,72,147,65,102,115,14,45,55,155,184,161,80,114,177,169,191,11,104,180,162,170,95,137,90,125,149,32,68,97,100,7,175,179,27,150,136,144,70,168,17,103,105,142,190,188,186,176,42,47,132,166,123,44];False
2328;8266;10594;[4,67,193,48,10,1,91,129,8,84,122,73,174,135,21,99,16,77,112,71,182,18,62,120,24,197,26,9,143,20,3,2,121,160,92,49,130,22,38,34,124,94,75,12,165,153,187,127,39,107,87,76,50,53,93,23,30,134,58,86,69,64,101,151,54,158,199,6,117,98,25,110,81,52,56,28,162,78,60,79,185,148,167,61,41,36,46,131,59,133,96,157,138,178,164,173,66,126,198,159,140,118,109,29,154,156,106,19,108,146,43,128,85,152,111,83,181,82,192,139,33,13,172,195,40,37,15,35,88,145,189,194,31,171,116,57,0,113,196,89,5,141,119,74,183,63,51,72,147,65,102,115,14,45,55,155,184,161,80,114,177,169,191,11,104,180,163,170,95,137,90,125,149,32,68,97,100,7,175,179,27,150,136,144,70,168,17,103,105,142,190,188,186,176,42,47,132,166,123,44];False
2305;8288;10593;[4,67,193,48,10,1,91,129,8,84,122,73,174,135,21,99,16,77,112,71,56,18,62,120,24,197,26,9,143,20,3,2,121,160,92,49,130,22,38,34,124,94,75,12,165,153,187,127,39,107,87,76,50,53,93,23,30,134,58,86,69,64,101,151,54,158,199,6,117,98,25,110,81,52,182,28,162,78,60,79,185,148,167,61,41,36,46,131,59,133,96,157,138,178,164,173,66,126,198,159,140,118,109,29,154,156,106,19,108,146,43,128,85,152,111,83,181,82,192,139,33,13,172,195,40,37,15,35,88,145,189,194,31,171,116,57,0,113,196,89,5,141,119,74,183,63,51,72,147,65,102,115,14,45,55,155,184,161,80,114,177,169,191,11,104,180,163,170,95,137,90,125,149,32,68,42,100,7,175,179,27,150,136,144,70,168,17,103,105,142,190,188,186,176,97,47,132,166,123,44];False
2311;8282;10593;[4,67,193,48,10,1,91,129,8,84,122,73,174,135,21,99,16,77,112,71,56,18,62,120,24,197,26,9,143,20,3,2,121,160,92,49,130,22,38,34,124,94,75,12,165,153,187,127,39,107,144,76,50,53,93,23,30,134,58,86,69,64,101,151,54,158,199,6,117,98,25,110,81,52,182,28,162,78,60,79,185,148,167,61,41,36,46,131,59,133,96,157,138,178,164,173,66,126,198,159,140,118,109,29,154,156,106,19,108,146,43,128,85,152,111,83,181,82,192,139,33,13,172,195,40,37,15,35,88,145,189,194,31,171,116,57,0,113,196,89,5,141,119,74,183,63,51,72,147,65,102,115,14,45,55,155,184,161,80,114,177,169,191,11,104,180,163,170,95,137,90,125,149,32,68,97,100,7,175,179,27,150,136,87,70,168,17,103,105,142,190,188,186,176,42,47,132,166,123,44];False
2325;8268;10593;[4,67,193,48,10,1,91,129,8,84,122,73,174,135,21,99,16,77,112,71,56,18,62,120,24,197,26,9,143,20,3,2,121,160,92,49,130,22,38,34,124,186,75,12,165,153,187,127,39,107,87,76,50,53,93,23,30,134,58,86,69,64,101,151,54,158,199,6,117,98,25,110,81,52,182,28,162,78,60,79,185,148,167,61,41,36,46,131,59,133,96,157,138,178,164,173,66,126,198,159,140,118,109,29,154,156,106,19,108,146,43,128,85,152,111,83,181,82,192,139,33,13,172,195,40,37,15,35,88,145,189,194,31,171,116,57,0,113,196,89,5,141,119,74,183,63,51,72,147,65,102,115,14,45,55,155,184,161,80,114,177,169,191,11,104,180,163,170,95,137,90,125,149,32,68,97,100,7,175,179,27,150,136,144,70,168,17,103,105,142,190,188,94,176,42,47,132,166,123,44];False
2343;8250;10593;[4,67,193,48,10,1,91,129,8,84,122,73,174,135,21,99,16,77,112,71,56,18,62,176,24,197,26,9,143,20,3,2,121,160,92,49,130,22,38,34,124,94,75,12,165,153,187,127,39,107,87,76,50,53,93,23,30,134,58,86,69,64,101,151,54,158,199,6,117,98,25,110,81,52,182,28,162,78,60,79,185,148,167,61,41,36,46,131,59,133,96,157,138,178,164,173,66,126,198,159,140,118,109,29,154,156,106,19,108,146,43,128,85,152,111,83,181,82,192,139,33,13,172,195,40,37,15,35,88,145,189,194,31,171,116,57,0,113,196,89,5,141,119,74,183,63,51,72,147,65,102,115,14,45,55,155,184,161,80,114,177,169,191,11,104,180,163,170,95,137,90,125,149,32,68,97,100,7,175,179,27,150,136,144,70,168,17,103,105,142,190,188,186,120,42,47,132,166,123,44];False
2337;8255;10592;[4,67,193,48,10,1,91,129,8,84,122,73,174,135,21,99,16,77,112,71,56,18,62,120,24,197,26,9,143,20,3,2,121,160,92,49,130,22,38,34,124,94,75,12,165,153,187,127,39,107,87,76,50,53,93,23,30,134,58,86,69,64,101,151,54,158,199,6,117,98,25,110,81,52,182,28,162,78,60,79,185,148,167,61,41,36,46,131,59,133,96,157,138,178,164,173,66,126,198,159,140,118,109,29,154,156,106,19,150,146,43,128,85,152,111,83,181,82,192,139,33,13,172,195,40,37,15,35,88,145,189,194,31,171,116,57,0,113,196,89,5,141,119,74,183,63,51,72,147,65,102,115,14,45,55,155,184,161,80,114,177,169,191,11,104,180,163,170,95,137,90,125,149,32,68,97,100,7,175,179,27,108,136,144,70,168,17,103,105,142,190,188,186,176,42,47,132,166,123,44];False
2322;8270;10592;[4,67,193,48,10,1,91,129,8,84,122,73,174,135,21,99,16,77,112,71,56,18,62,120,24,197,26,9,143,20,3,2,121,160,92,49,130,22,38,34,124,94,75,12,165,153,187,127,39,107,87,76,50,53,93,23,30,134,58,86,69,64,101,151,54,158,199,6,117,98,25,110,81,52,182,28,162,78,60,79,185,148,167,61,41,36,46,131,59,133,96,157,138,178,164,173,66,126,198,159,140,118,109,29,154,156,106,19,108,104,43,128,85,152,111,83,181,82,192,139,33,13,172,195,40,37,15,35,88,145,189,194,31,171,116,57,0,113,196,89,5,141,119,74,183,63,51,72,147,65,102,115,14,45,55,155,184,161,80,114,177,169,191,11,146,180,163,170,95,137,90,125,149,32,68,97,100,7,175,179,27,150,136,144,70,168,17,103,105,142,190,188,186,176,42,47,132,166,123,44];False
2286;8306;10592;[4,67,193,48,10,1,91,129,8,84,122,73,174,135,21,99,16,77,112,71,56,18,62,120,24,197,26,9,143,20,3,2,121,160,92,49,130,22,38,34,124,0,75,12,165,153,187,127,39,107,87,76,50,53,93,23,30,134,58,86,69,64,101,151,54,158,199,6,117,98,25,110,81,52,182,28,162,78,60,79,185,148,167,61,41,36,46,131,59,133,96,157,138,178,164,173,66,126,198,159,140,118,109,29,154,156,106,19,108,146,43,128,85,152,111,83,181,82,192,139,33,13,172,195,40,37,15,35,88,145,189,194,31,171,116,57,94,113,196,89,5,141,119,74,183,63,51,72,147,65,102,115,14,45,55,155,184,161,80,114,177,169,191,11,104,180,163,170,95,137,90,125,149,32,68,97,100,7,175,179,27,150,136,144,70,168,17,103,105,142,190,188,186,176,42,47,132,166,123,44];False
2327;8264;10591;[4,67,193,48,10,1,91,129,8,84,122,73,174,135,21,99,16,77,112,71,56,18,62,120,24,197,26,9,143,20,3,2,121,160,92,49,130,22,38,34,124,94,75,12,165,153,187,127,39,107,87,76,50,53,93,23,30,134,58,86,69,64,101,151,54,158,199,6,117,98,25,110,81,52,182,28,162,78,60,79,185,148,167,61,41,36,46,131,59,133,96,157,138,178,164,66,173,126,198,159,140,118,109,29,154,156,106,19,108,146,43,128,85,152,111,83,181,82,192,139,33,13,172,195,40,37,15,35,88,145,189,194,31,171,116,57,0,113,196,89,5,141,119,74,183,63,51,72,147,65,102,115,14,45,55,155,184,161,80,114,177,169,191,11,104,180,163,170,95,137,90,125,149,32,68,97,100,7,175,179,27,150,136,144,70,168,17,103,105,142,190,188,186,176,42,47,132,166,123,44];False
2339;8252;10591;[4,67,193,48,10,1,91,129,8,84,122,73,174,135,21,99,16,77,112,45,56,18,62,120,24,197,26,9,143,20,3,2,121,160,92,49,130,22,38,34,124,94,75,12,165,153,187,127,39,107,87,76,50,53,93,23,30,134,58,86,69,64,101,151,54,158,199,6,117,98,25,110,81,52,182,28,162,78,60,79,185,148,167,61,41,36,46,131,59,133,96,157,138,178,164,173,66,126,198,159,140,118,109,29,154,156,106,19,108,146,43,128,85,152,111,83,181,82,192,139,33,13,172,195,40,37,15,35,88,145,189,194,31,171,116,57,0,113,196,89,5,141,119,74,183,63,51,72,147,65,102,115,14,71,55,155,184,161,80,114,177,169,191,11,104,180,163,170,95,137,90,125,149,32,68,97,100,7,175,179,27,150,136,144,70,168,17,103,105,142,190,188,186,176,42,47,132,166,123,44];False
2309;8282;10591;[4,67,193,48,10,1,91,129,8,84,122,73,174,135,21,99,16,77,112,71,56,18,62,120,24,197,26,9,143,20,3,2,83,160,92,49,130,22,38,34,124,94,75,12,165,153,187,127,39,107,87,76,50,53,93,23,30,134,58,86,69,64,101,151,54,158,199,6,117,98,25,110,81,52,182,28,162,78,60,79,185,148,167,61,41,36,46,131,59,133,96,157,138,178,164,173,66,126,198,159,140,118,109,29,154,156,106,19,108,146,43,128,85,152,111,121,181,82,192,139,33,13,172,195,40,37,15,35,88,145,189,194,31,171,116,57,0,113,196,89,5,141,119,74,183,63,51,72,147,65,102,115,14,45,55,155,184,161,80,114,177,169,191,11,104,180,163,170,95,137,90,125,149,32,68,97,100,7,175,179,27,150,136,144,70,168,17,103,105,142,190,188,186,176,42,47,132,166,123,44];False
2315;8276;10591;[4,67,193,48,10,1,91,129,8,84,122,73,174,135,21,99,16,77,112,71,56,18,62,120,24,197,26,9,143,20,3,2,121,160,92,49,130,22,38,34,124,94,75,12,165,36,187,127,39,107,87,76,50,53,93,23,30,134,58,86,69,64,101,151,54,158,199,6,117,98,25,110,81,52,182,28,162,78,60,79,185,148,167,61,41,153,46,131,59,133,96,157,138,178,164,173,66,126,198,159,140,118,109,29,154,156,106,19,108,146,43,128,85,152,111,83,181,82,192,139,33,13,172,195,40,37,15,35,88,145,189,194,31,171,116,57,0,113,196,89,5,141,119,74,183,63,51,72,147,65,102,115,14,45,55,155,184,161,80,114,177,169,191,11,104,180,163,170,95,137,90,125,149,32,68,97,100,7,175,179,27,150,136,144,70,168,17,103,105,142,190,188,186,176,42,47,132,166,123,44];False
2330;8261;10591;[4,67,193,48,10,1,91,129,8,84,122,73,174,135,21,99,16,77,112,71,118,18,62,120,24,197,26,9,143,20,3,2,121,160,92,49,130,22,38,34,124,94,75,12,165,153,187,127,39,107,87,76,50,53,93,23,30,134,58,86,69,64,101,151,54,158,199,6,117,98,25,110,81,52,182,28,162,78,60,79,185,148,167,61,41,36,46,131,59,133,96,157,138,178,164,173,66,126,198,159,140,56,109,29,154,156,106,19,108,146,43,128,85,152,111,83,181,82,192,139,33,13,172,195,40,37,15,35,88,145,189,194,31,171,116,57,0,113,196,89,5,141,119,74,183,63,51,72,147,65,102,115,14,45,55,155,184,161,80,114,177,169,191,11,104,180,163,170,95,137,90,125,149,32,68,97,100,7,175,179,27,150,136,144,70,168,17,103,105,142,190,188,186,176,42,47,132,166,123,44];False
2310;8281;10591;[4,67,193,48,10,1,91,129,8,84,122,73,174,135,21,99,16,77,112,71,56,18,62,120,24,197,26,9,143,20,3,2,121,160,92,49,130,22,38,34,124,94,75,12,165,153,187,127,39,107,87,76,50,53,93,23,30,134,58,86,69,64,101,151,54,158,199,6,117,98,25,110,81,52,182,28,162,78,60,79,185,148,167,61,41,36,46,131,59,133,96,157,138,178,164,173,66,126,198,159,140,118,109,29,154,156,106,19,90,146,43,128,85,152,111,83,181,82,192,139,33,13,172,195,40,37,15,35,88,145,189,194,31,171,116,57,0,113,196,89,5,141,119,74,183,63,51,72,147,65,102,115,14,45,55,155,184,161,80,114,177,169,191,11,104,180,163,170,95,137,108,125,149,32,68,97,100,7,175,179,27,150,136,144,70,168,17,103,105,142,190,188,186,176,42,47,132,166,123,44];False
2336;8254;10590;[4,67,193,48,10,1,91,129,8,84,122,73,174,135,21,99,16,77,112,71,56,18,62,120,24,197,26,9,143,20,3,2,121,160,92,49,130,22,38,34,124,94,75,12,165,153,187,127,39,107,87,76,50,53,93,23,30,134,58,86,69,64,101,151,54,158,199,6,117,98,25,110,81,52,15,28,162,78,60,79,185,148,167,61,41,36,46,131,59,133,96,157,138,178,164,173,66,126,198,159,140,118,109,29,154,156,106,19,108,146,43,128,85,152,111,83,181,82,192,139,33,13,172,195,40,37,182,35,88,145,189,194,31,171,116,57,0,113,196,89,5,141,119,74,183,63,51,72,147,65,102,115,14,45,55,155,184,161,80,114,177,169,191,11,104,180,163,170,95,137,90,125,149,32,68,97,100,7,175,179,27,150,136,144,70,168,17,103,105,142,190,188,186,176,42,47,132,166,123,44];False
2349;8241;10590;[4,67,193,48,10,1,91,129,8,84,122,73,174,135,21,99,16,77,176,71,56,18,62,120,24,197,26,9,143,20,3,2,121,160,92,49,130,22,38,34,124,94,75,12,165,153,187,127,39,107,87,76,50,53,93,23,30,134,58,86,69,64,101,151,54,158,199,6,117,98,25,110,81,52,182,28,162,78,60,79,185,148,167,61,41,36,46,131,59,133,96,157,138,178,164,173,66,126,198,159,140,118,109,29,154,156,106,19,108,146,43,128,85,152,111,83,181,82,192,139,33,13,172,195,40,37,15,35,88,145,189,194,31,171,116,57,0,113,196,89,5,141,119,74,183,63,51,72,147,65,102,115,14,45,55,155,184,161,80,114,177,169,191,11,104,180,163,170,95,137,90,125,149,32,68,97,100,7,175,179,27,150,136,144,70,168,17,103,105,142,190,188,186,112,42,47,132,166,123,44];False
2335;8255;10590;[4,67,193,48,10,1,91,129,8,84,122,73,174,135,21,99,16,77,112,71,56,18,62,120,24,197,26,9,143,20,3,2,121,160,92,49,130,22,38,34,124,94,75,12,165,153,187,127,39,107,87,76,50,53,93,191,30,134,58,86,69,64,101,151,54,158,199,6,117,98,25,110,81,52,182,28,162,78,60,79,185,148,167,61,41,36,46,131,59,133,96,157,138,178,164,173,66,126,198,159,140,118,109,29,154,156,106,19,108,146,43,128,85,152,111,83,181,82,192,139,33,13,172,195,40,37,15,35,88,145,189,194,31,171,116,57,0,113,196,89,5,141,119,74,183,63,51,72,147,65,102,115,14,45,55,155,184,161,80,114,177,169,23,11,104,180,163,170,95,137,90,125,149,32,68,97,100,7,175,179,27,150,136,144,70,168,17,103,105,142,190,188,186,176,42,47,132,166,123,44];False
2320;8270;10590;[4,67,193,48,10,1,91,129,8,84,122,73,174,135,21,99,16,77,112,71,56,18,62,120,24,197,26,9,143,20,3,2,121,160,92,49,130,22,38,34,124,94,75,12,165,153,187,127,39,107,87,76,50,53,93,23,30,134,58,86,69,64,101,151,54,158,199,6,117,98,25,110,81,52,182,28,162,78,60,79,185,148,167,61,41,36,46,131,59,133,96,157,138,178,164,173,66,126,198,159,140,118,109,29,154,156,106,19,108,146,43,128,85,152,15,83,181,82,192,139,33,13,172,195,40,37,111,35,88,145,189,194,31,171,116,57,0,113,196,89,5,141,119,74,183,63,51,72,147,65,102,115,14,45,55,155,184,161,80,114,177,169,191,11,104,180,163,170,95,137,90,125,149,32,68,97,100,7,175,179,27,150,136,144,70,168,17,103,105,142,190,188,186,176,42,47,132,166,123,44];False
2277;8313;10590;[4,67,193,48,10,1,91,129,8,84,122,73,174,135,21,99,16,77,112,71,56,18,62,120,24,197,26,9,143,20,3,2,121,160,92,49,130,22,38,34,124,94,75,12,165,153,187,127,39,107,87,76,50,53,93,23,30,134,58,86,69,64,101,151,54,158,199,6,117,98,25,110,81,52,182,28,162,78,60,79,185,148,167,61,41,36,46,131,59,133,96,157,138,178,164,173,66,126,198,159,111,118,109,29,154,156,106,19,108,146,43,128,85,152,140,83,181,82,192,139,33,13,172,195,40,37,15,35,88,145,189,194,31,171,116,57,0,113,196,89,5,141,119,74,183,63,51,72,147,65,102,115,14,45,55,155,184,161,80,114,177,169,191,11,104,180,163,170,95,137,90,125,149,32,68,97,100,7,175,179,27,150,136,144,70,168,17,103,105,142,190,188,186,176,42,47,132,166,123,44];False
2303;8286;10589;[4,67,193,48,10,1,91,129,8,84,122,20,174,135,21,99,16,77,112,71,56,18,62,120,24,197,26,9,143,73,3,2,121,160,92,49,130,22,38,34,124,94,75,12,165,153,187,127,39,107,87,76,50,53,93,23,30,134,58,86,69,64,101,151,54,158,199,6,117,98,25,110,81,52,182,28,162,78,60,79,185,148,167,61,41,36,46,131,59,133,96,157,138,178,164,173,66,126,198,159,140,118,109,29,154,156,106,19,108,146,43,128,85,152,111,83,181,82,192,139,33,13,172,195,40,37,15,35,88,145,189,194,31,171,116,57,0,113,196,89,5,141,119,74,183,63,51,72,147,65,102,115,14,45,55,155,184,161,80,114,177,169,191,11,104,180,163,170,95,137,90,125,149,32,68,97,100,7,175,179,27,150,136,144,70,168,17,103,105,142,190,188,186,176,42,47,132,166,123,44];False
2332;8257;10589;[4,67,193,48,10,1,91,129,8,84,122,73,174,135,21,99,16,77,112,71,56,18,62,120,24,197,26,9,143,20,3,2,121,160,92,49,130,22,38,34,124,94,75,12,165,153,187,127,39,107,87,76,50,53,93,23,30,134,58,86,69,64,101,151,54,158,199,6,117,98,25,110,81,52,182,28,162,78,60,79,185,148,167,61,41,36,46,131,59,133,96,157,138,178,164,173,66,126,198,159,140,118,109,29,154,156,106,19,108,146,43,128,85,152,111,88,181,82,192,139,33,13,172,195,40,37,15,35,83,145,189,194,31,171,116,57,0,113,196,89,5,141,119,74,183,63,51,72,147,65,102,115,14,45,55,155,184,161,80,114,177,169,191,11,104,180,163,170,95,137,90,125,149,32,68,97,100,7,175,179,27,150,136,144,70,168,17,103,105,142,190,188,186,176,42,47,132,166,123,44];False
2345;8244;10589;[4,67,193,48,10,1,91,129,8,84,122,73,174,135,21,99,16,77,90,71,56,18,62,120,24,197,26,9,143,20,3,2,121,160,92,49,130,22,38,34,124,94,75,12,165,153,187,127,39,107,87,76,50,53,93,23,30,134,58,86,69,64,101,151,54,158,199,6,117,98,25,110,81,52,182,28,162,78,60,79,185,148,167,61,41,36,46,131,59,133,96,157,138,178,164,173,66,126,198,159,140,118,109,29,154,156,106,19,108,146,43,128,85,152,111,83,181,82,192,139,33,13,172,195,40,37,15,35,88,145,189,194,31,171,116,57,0,113,196,89,5,141,119,74,183,63,51,72,147,65,102,115,14,45,55,155,184,161,80,114,177,169,191,11,104,180,163,170,95,137,112,125,149,32,68,97,100,7,175,179,27,150,136,144,70,168,17,103,105,142,190,188,186,176,42,47,132,166,123,44];False
2341;8248;10589;[4,67,193,48,10,1,91,129,8,84,122,73,174,135,21,99,16,77,112,71,56,18,62,120,24,197,26,9,143,20,3,2,121,160,92,49,130,22,38,34,124,94,75,12,165,153,187,127,39,107,87,76,50,53,93,23,30,134,58,79,69,64,101,151,54,158,199,6,117,98,25,110,81,52,182,28,162,78,60,86,185,148,167,61,41,36,46,131,59,133,96,157,138,178,164,173,66,126,198,159,140,118,109,29,154,156,106,19,108,146,43,128,85,152,111,83,181,82,192,139,33,13,172,195,40,37,15,35,88,145,189,194,31,171,116,57,0,113,196,89,5,141,119,74,183,63,51,72,147,65,102,115,14,45,55,155,184,161,80,114,177,169,191,11,104,180,163,170,95,137,90,125,149,32,68,97,100,7,175,179,27,150,136,144,70,168,17,103,105,142,190,188,186,176,42,47,132,166,123,44];False
2328;8261;10589;[4,67,193,48,10,1,91,129,8,84,122,73,174,135,21,99,16,77,112,71,56,18,62,120,24,197,26,9,143,20,3,2,121,160,92,49,130,22,38,34,124,94,75,12,165,153,187,127,39,107,87,76,50,53,93,23,30,134,58,86,69,64,131,151,54,158,199,6,117,98,25,110,81,52,182,28,162,78,60,79,185,148,167,61,41,36,46,101,59,133,96,157,138,178,164,173,66,126,198,159,140,118,109,29,154,156,106,19,108,146,43,128,85,152,111,83,181,82,192,139,33,13,172,195,40,37,15,35,88,145,189,194,31,171,116,57,0,113,196,89,5,141,119,74,183,63,51,72,147,65,102,115,14,45,55,155,184,161,80,114,177,169,191,11,104,180,163,170,95,137,90,125,149,32,68,97,100,7,175,179,27,150,136,144,70,168,17,103,105,142,190,188,186,176,42,47,132,166,123,44];False
2348;8241;10589;[4,67,193,93,10,1,91,129,8,84,122,73,174,135,21,99,16,77,112,71,56,18,62,120,24,197,26,9,143,20,3,2,121,160,92,49,130,22,38,34,124,94,75,12,165,153,187,127,39,107,87,76,50,53,48,23,30,134,58,86,69,64,101,151,54,158,199,6,117,98,25,110,81,52,182,28,162,78,60,79,185,148,167,61,41,36,46,131,59,133,96,157,138,178,164,173,66,126,198,159,140,118,109,29,154,156,106,19,108,146,43,128,85,152,111,83,181,82,192,139,33,13,172,195,40,37,15,35,88,145,189,194,31,171,116,57,0,113,196,89,5,141,119,74,183,63,51,72,147,65,102,115,14,45,55,155,184,161,80,114,177,169,191,11,104,180,163,170,95,137,90,125,149,32,68,97,100,7,175,179,27,150,136,144,70,168,17,103,105,142,190,188,186,176,42,47,132,166,123,44];False
2336;8253;10589;[4,67,193,48,10,1,91,129,8,84,122,73,174,135,21,99,16,77,112,71,56,18,62,120,24,197,26,9,143,20,3,2,121,160,92,49,130,22,38,34,124,94,75,12,165,153,187,127,39,107,87,76,50,53,93,23,30,134,58,86,69,64,101,151,54,158,199,6,117,98,25,110,81,52,182,28,162,78,60,79,185,148,167,61,41,36,46,131,59,133,96,157,138,178,164,173,190,126,198,159,140,118,109,29,154,156,106,19,108,146,43,128,85,152,111,83,181,82,192,139,33,13,172,195,40,37,15,35,88,145,189,194,31,171,116,57,0,113,196,89,5,141,119,74,183,63,51,72,147,65,102,115,14,45,55,155,184,161,80,114,177,169,191,11,104,180,163,170,95,137,90,125,149,32,68,97,100,7,175,179,27,150,136,144,70,168,17,103,105,142,66,188,186,176,42,47,132,166,123,44];False
2328;8261;10589;[4,67,193,48,10,1,91,129,8,84,122,73,174,135,21,99,16,77,112,71,56,18,62,120,24,197,26,9,143,20,3,2,121,160,92,49,130,22,38,34,124,94,75,12,165,153,187,127,39,107,87,76,50,53,93,23,30,134,58,86,69,64,151,101,54,158,199,6,117,98,25,110,81,52,182,28,162,78,60,79,185,148,167,61,41,36,46,131,59,133,96,157,138,178,164,173,66,126,198,159,140,118,109,29,154,156,106,19,108,146,43,128,85,152,111,83,181,82,192,139,33,13,172,195,40,37,15,35,88,145,189,194,31,171,116,57,0,113,196,89,5,141,119,74,183,63,51,72,147,65,102,115,14,45,55,155,184,161,80,114,177,169,191,11,104,180,163,170,95,137,90,125,149,32,68,97,100,7,175,179,27,150,136,144,70,168,17,103,105,142,190,188,186,176,42,47,132,166,123,44];False
2328;8260;10588;[4,67,193,48,10,1,91,129,8,84,122,73,174,135,21,99,16,77,112,71,56,18,62,120,24,197,26,9,143,20,3,2,121,160,92,49,130,22,38,34,124,94,75,12,165,153,187,127,39,107,87,76,50,53,93,23,30,134,58,86,69,64,101,151,54,158,199,6,117,98,25,110,81,52,182,28,162,78,60,79,185,148,167,61,41,36,46,131,59,133,96,157,138,178,164,173,66,126,198,159,140,118,109,29,154,156,106,35,108,146,43,128,85,152,111,83,181,82,192,139,33,13,172,195,40,37,15,19,88,145,189,194,31,171,116,57,0,113,196,89,5,141,119,74,183,63,51,72,147,65,102,115,14,45,55,155,184,161,80,114,177,169,191,11,104,180,163,170,95,137,90,125,149,32,68,97,100,7,175,179,27,150,136,144,70,168,17,103,105,142,190,188,186,176,42,47,132,166,123,44];False
2298;8290;10588;[4,67,193,48,10,1,91,129,8,84,122,73,174,135,21,99,16,77,112,71,56,18,62,120,24,197,26,9,143,20,3,2,121,160,92,49,130,22,38,34,124,94,177,12,165,153,187,127,39,107,87,76,50,53,93,23,30,134,58,86,69,64,101,151,54,158,199,6,117,98,25,110,81,52,182,28,162,78,60,79,185,148,167,61,41,36,46,131,59,133,96,157,138,178,164,173,66,126,198,159,140,118,109,29,154,156,106,19,108,146,43,128,85,152,111,83,181,82,192,139,33,13,172,195,40,37,15,35,88,145,189,194,31,171,116,57,0,113,196,89,5,141,119,74,183,63,51,72,147,65,102,115,14,45,55,155,184,161,80,114,75,169,191,11,104,180,163,170,95,137,90,125,149,32,68,97,100,7,175,179,27,150,136,144,70,168,17,103,105,142,190,188,186,176,42,47,132,166,123,44];False
2356;8232;10588;[4,67,193,48,10,1,189,129,8,84,122,73,174,135,21,99,16,77,112,71,56,18,62,120,24,197,26,9,143,20,3,2,121,160,92,49,130,22,38,34,124,94,75,12,165,153,187,127,39,107,87,76,50,53,93,23,30,134,58,86,69,64,101,151,54,158,199,6,117,98,25,110,81,52,182,28,162,78,60,79,185,148,167,61,41,36,46,131,59,133,96,157,138,178,164,173,66,126,198,159,140,118,109,29,154,156,106,19,108,146,43,128,85,152,111,83,181,82,192,139,33,13,172,195,40,37,15,35,88,145,91,194,31,171,116,57,0,113,196,89,5,141,119,74,183,63,51,72,147,65,102,115,14,45,55,155,184,161,80,114,177,169,191,11,104,180,163,170,95,137,90,125,149,32,68,97,100,7,175,179,27,150,136,144,70,168,17,103,105,142,190,188,186,176,42,47,132,166,123,44];False
2315;8273;10588;[4,67,193,48,10,1,91,129,8,84,122,73,174,135,34,99,16,77,112,71,56,18,62,120,24,197,26,9,143,20,3,2,121,160,92,49,130,22,38,21,124,94,75,12,165,153,187,127,39,107,87,76,50,53,93,23,30,134,58,86,69,64,101,151,54,158,199,6,117,98,25,110,81,52,182,28,162,78,60,79,185,148,167,61,41,36,46,131,59,133,96,157,138,178,164,173,66,126,198,159,140,118,109,29,154,156,106,19,108,146,43,128,85,152,111,83,181,82,192,139,33,13,172,195,40,37,15,35,88,145,189,194,31,171,116,57,0,113,196,89,5,141,119,74,183,63,51,72,147,65,102,115,14,45,55,155,184,161,80,114,177,169,191,11,104,180,163,170,95,137,90,125,149,32,68,97,100,7,175,179,27,150,136,144,70,168,17,103,105,142,190,188,186,176,42,47,132,166,123,44];False
2322;8266;10588;[4,67,193,48,10,1,91,129,8,84,122,73,164,135,21,99,16,77,112,71,56,18,62,120,24,197,26,9,143,20,3,2,121,160,92,49,130,22,38,34,124,94,75,12,165,153,187,127,39,107,87,76,50,53,93,23,30,134,58,86,69,64,101,151,54,158,199,6,117,98,25,110,81,52,182,28,162,78,60,79,185,148,167,61,41,36,46,131,59,133,96,157,138,178,174,173,66,126,198,159,140,118,109,29,154,156,106,19,108,146,43,128,85,152,111,83,181,82,192,139,33,13,172,195,40,37,15,35,88,145,189,194,31,171,116,57,0,113,196,89,5,141,119,74,183,63,51,72,147,65,102,115,14,45,55,155,184,161,80,114,177,169,191,11,104,180,163,170,95,137,90,125,149,32,68,97,100,7,175,179,27,150,136,144,70,168,17,103,105,142,190,188,186,176,42,47,132,166,123,44];False
2313;8275;10588;[4,67,193,48,10,1,91,129,8,84,122,73,174,11,21,99,16,77,112,71,56,18,62,120,24,197,26,9,143,20,3,2,121,160,92,49,130,22,38,34,124,94,75,12,165,153,187,127,39,107,87,76,50,53,93,23,30,134,58,86,69,64,101,151,54,158,199,6,117,98,25,110,81,52,182,28,162,78,60,79,185,148,167,61,41,36,46,131,59,133,96,157,138,178,164,173,66,126,198,159,140,118,109,29,154,156,106,19,108,146,43,128,85,152,111,83,181,82,192,139,33,13,172,195,40,37,15,35,88,145,189,194,31,171,116,57,0,113,196,89,5,141,119,74,183,63,51,72,147,65,102,115,14,45,55,155,184,161,80,114,177,169,191,135,104,180,163,170,95,137,90,125,149,32,68,97,100,7,175,179,27,150,136,144,70,168,17,103,105,142,190,188,186,176,42,47,132,166,123,44];False
2320;8268;10588;[4,67,193,48,10,1,91,129,8,84,122,73,174,135,21,99,16,77,112,71,56,18,62,120,24,197,87,9,143,20,3,2,121,160,92,49,130,22,38,34,124,94,75,12,165,153,187,127,39,107,26,76,50,53,93,23,30,134,58,86,69,64,101,151,54,158,199,6,117,98,25,110,81,52,182,28,162,78,60,79,185,148,167,61,41,36,46,131,59,133,96,157,138,178,164,173,66,126,198,159,140,118,109,29,154,156,106,19,108,146,43,128,85,152,111,83,181,82,192,139,33,13,172,195,40,37,15,35,88,145,189,194,31,171,116,57,0,113,196,89,5,141,119,74,183,63,51,72,147,65,102,115,14,45,55,155,184,161,80,114,177,169,191,11,104,180,163,170,95,137,90,125,149,32,68,97,100,7,175,179,27,150,136,144,70,168,17,103,105,142,190,188,186,176,42,47,132,166,123,44];False
2313;8275;10588;[4,67,193,48,10,1,91,129,8,84,122,73,174,135,21,99,16,77,112,71,56,18,62,120,24,197,26,9,143,20,3,2,121,160,92,49,130,22,38,34,124,94,75,12,165,153,187,127,39,107,87,76,50,53,93,23,30,134,58,86,118,64,101,151,54,158,199,6,117,98,25,110,81,52,182,28,162,78,60,79,185,148,167,61,41,36,46,131,59,133,96,157,138,178,164,173,66,126,198,159,140,69,109,29,154,156,106,19,108,146,43,128,85,152,111,83,181,82,192,139,33,13,172,195,40,37,15,35,88,145,189,194,31,171,116,57,0,113,196,89,5,141,119,74,183,63,51,72,147,65,102,115,14,45,55,155,184,161,80,114,177,169,191,11,104,180,163,170,95,137,90,125,149,32,68,97,100,7,175,179,27,150,136,144,70,168,17,103,105,142,190,188,186,176,42,47,132,166,123,44];False
2316;8272;10588;[4,67,193,48,10,1,91,129,8,84,122,73,174,135,21,99,16,77,112,71,56,18,62,120,24,197,26,9,143,20,3,2,121,160,92,49,130,22,38,34,124,94,75,12,165,153,187,127,39,107,87,76,50,53,93,23,30,134,58,86,69,64,101,151,54,158,199,6,117,98,25,110,81,52,182,28,162,78,60,79,185,148,167,61,41,36,46,131,59,133,96,157,138,178,164,173,66,126,198,159,140,118,109,29,154,156,106,19,108,125,43,128,85,152,111,83,181,82,192,139,33,13,172,195,40,37,15,35,88,145,189,194,31,171,116,57,0,113,196,89,5,141,119,74,183,63,51,72,147,65,102,115,14,45,55,155,184,161,80,114,177,169,191,11,104,180,163,170,95,137,90,146,149,32,68,97,100,7,175,179,27,150,136,144,70,168,17,103,105,142,190,188,186,176,42,47,132,166,123,44];False
2256;8331;10587;[4,67,193,48,10,1,91,129,8,84,122,73,174,135,21,99,16,77,112,71,56,18,62,120,24,197,26,9,143,20,3,2,121,160,92,49,130,22,38,5,124,94,75,12,165,153,187,127,39,107,87,76,50,53,93,23,30,134,58,86,69,64,101,151,54,158,199,6,117,98,25,110,81,52,182,28,162,78,60,79,185,148,167,61,41,36,46,131,59,133,96,157,138,178,164,173,66,126,198,159,140,118,109,29,154,156,106,19,108,146,43,128,85,152,111,83,181,82,192,139,33,13,172,195,40,37,15,35,88,145,189,194,31,171,116,57,0,113,196,89,34,141,119,74,183,63,51,72,147,65,102,115,14,45,55,155,184,161,80,114,177,169,191,11,104,180,163,170,95,137,90,125,149,32,68,97,100,7,175,179,27,150,136,144,70,168,17,103,105,142,190,188,186,176,42,47,132,166,123,44];False
2306;8281;10587;[4,67,193,48,10,1,91,129,8,84,122,73,174,135,21,99,16,77,112,71,56,18,62,120,24,197,26,9,143,20,3,2,121,160,92,49,130,22,38,34,124,94,75,12,165,153,187,127,39,107,87,76,50,57,93,23,30,134,58,86,69,64,101,151,54,158,199,6,117,98,25,110,81,52,182,28,162,78,60,79,185,148,167,61,41,36,46,131,59,133,96,157,138,178,164,173,66,126,198,159,140,118,109,29,154,156,106,19,108,146,43,128,85,152,111,83,181,82,192,139,33,13,172,195,40,37,15,35,88,145,189,194,31,171,116,53,0,113,196,89,5,141,119,74,183,63,51,72,147,65,102,115,14,45,55,155,184,161,80,114,177,169,191,11,104,180,163,170,95,137,90,125,149,32,68,97,100,7,175,179,27,150,136,144,70,168,17,103,105,142,190,188,186,176,42,47,132,166,123,44];False
2305;8282;10587;[4,67,193,48,10,1,91,129,8,84,122,73,174,135,21,99,16,77,112,71,56,18,62,120,24,197,26,9,143,20,3,2,121,160,92,49,130,22,38,34,124,94,75,12,165,153,187,127,39,107,87,76,50,53,93,23,30,134,58,86,69,64,101,151,54,158,199,6,117,98,25,110,81,52,182,28,162,78,60,79,185,148,167,61,41,36,46,131,59,133,96,157,138,178,164,173,66,126,198,159,140,118,109,29,154,156,106,19,108,146,43,128,85,152,111,188,181,82,192,139,33,13,172,195,40,37,15,35,88,145,189,194,31,171,116,57,0,113,196,89,5,141,119,74,183,63,51,72,147,65,102,115,14,45,55,155,184,161,80,114,177,169,191,11,104,180,163,170,95,137,90,125,149,32,68,97,100,7,175,179,27,150,136,144,70,168,17,103,105,142,190,83,186,176,42,47,132,166,123,44];False
2334;8253;10587;[4,67,193,48,10,1,91,129,8,84,122,73,174,135,21,99,16,77,112,71,56,18,62,120,24,197,26,9,143,20,3,2,121,160,92,49,130,22,38,34,124,94,75,131,165,153,187,127,39,107,87,76,50,53,93,23,30,134,58,86,69,64,101,151,54,158,199,6,117,98,25,110,81,52,182,28,162,78,60,79,185,148,167,61,41,36,46,12,59,133,96,157,138,178,164,173,66,126,198,159,140,118,109,29,154,156,106,19,108,146,43,128,85,152,111,83,181,82,192,139,33,13,172,195,40,37,15,35,88,145,189,194,31,171,116,57,0,113,196,89,5,141,119,74,183,63,51,72,147,65,102,115,14,45,55,155,184,161,80,114,177,169,191,11,104,180,163,170,95,137,90,125,149,32,68,97,100,7,175,179,27,150,136,144,70,168,17,103,105,142,190,188,186,176,42,47,132,166,123,44];False
2348;8239;10587;[4,67,193,48,10,1,91,129,8,84,122,73,174,135,21,99,16,77,112,71,56,18,62,120,24,197,26,9,143,20,3,2,121,160,92,49,130,22,38,34,124,94,75,12,165,153,187,127,39,107,87,76,50,53,93,23,30,134,58,86,69,64,101,151,54,158,199,6,117,98,25,110,81,52,182,28,162,78,60,79,185,148,167,61,41,36,46,131,59,133,96,157,138,178,164,173,66,126,198,159,140,118,109,29,154,156,106,19,108,146,43,128,85,152,111,83,181,82,192,139,33,13,172,195,40,37,15,35,88,145,189,194,31,14,116,57,0,113,196,89,5,141,119,74,183,63,51,72,147,65,102,115,171,45,55,155,184,161,80,114,177,169,191,11,104,180,163,170,95,137,90,125,149,32,68,97,100,7,175,179,27,150,136,144,70,168,17,103,105,142,190,188,186,176,42,47,132,166,123,44];False
2334;8253;10587;[4,67,193,48,10,1,91,129,8,84,122,73,174,135,21,99,16,77,112,71,56,18,42,120,24,197,26,9,143,20,3,2,121,160,92,49,130,22,38,34,124,94,75,12,165,153,187,127,39,107,87,76,50,53,93,23,30,134,58,86,69,64,101,151,54,158,199,6,117,98,25,110,81,52,182,28,162,78,60,79,185,148,167,61,41,36,46,131,59,133,96,157,138,178,164,173,66,126,198,159,140,118,109,29,154,156,106,19,108,146,43,128,85,152,111,83,181,82,192,139,33,13,172,195,40,37,15,35,88,145,189,194,31,171,116,57,0,113,196,89,5,141,119,74,183,63,51,72,147,65,102,115,14,45,55,155,184,161,80,114,177,169,191,11,104,180,163,170,95,137,90,125,149,32,68,97,100,7,175,179,27,150,136,144,70,168,17,103,105,142,190,188,186,176,62,47,132,166,123,44];False
2318;8269;10587;[4,67,193,48,10,1,91,129,8,84,122,73,174,135,21,99,16,77,112,71,56,18,62,120,24,197,26,9,143,20,3,2,121,160,92,49,130,22,38,34,124,94,75,12,165,153,187,127,39,107,87,76,50,53,93,23,30,134,58,86,69,64,101,151,54,158,199,6,117,98,25,110,81,52,182,28,162,78,60,79,185,148,167,61,41,36,46,131,59,133,96,157,138,178,164,173,66,126,198,159,140,118,154,29,109,156,106,19,108,146,43,128,85,152,111,83,181,82,192,139,33,13,172,195,40,37,15,35,88,145,189,194,31,171,116,57,0,113,196,89,5,141,119,74,183,63,51,72,147,65,102,115,14,45,55,155,184,161,80,114,177,169,191,11,104,180,163,170,95,137,90,125,149,32,68,97,100,7,175,179,27,150,136,144,70,168,17,103,105,142,190,188,186,176,42,47,132,166,123,44];False
2314;8272;10586;[4,67,193,48,10,1,91,129,196,84,122,73,174,135,21,99,16,77,112,71,56,18,62,120,24,197,26,9,143,20,3,2,121,160,92,49,130,22,38,34,124,94,75,12,165,153,187,127,39,107,87,76,50,53,93,23,30,134,58,86,69,64,101,151,54,158,199,6,117,98,25,110,81,52,182,28,162,78,60,79,185,148,167,61,41,36,46,131,59,133,96,157,138,178,164,173,66,126,198,159,140,118,109,29,154,156,106,19,108,146,43,128,85,152,111,83,181,82,192,139,33,13,172,195,40,37,15,35,88,145,189,194,31,171,116,57,0,113,8,89,5,141,119,74,183,63,51,72,147,65,102,115,14,45,55,155,184,161,80,114,177,169,191,11,104,180,163,170,95,137,90,125,149,32,68,97,100,7,175,179,27,150,136,144,70,168,17,103,105,142,190,188,186,176,42,47,132,166,123,44];False
2315;8271;10586;[4,67,193,48,10,1,91,129,8,84,122,73,174,135,21,99,16,77,112,71,56,18,62,120,24,197,26,9,143,20,3,2,121,160,92,49,130,22,38,34,124,94,75,12,165,153,187,127,39,107,87,76,50,53,93,23,0,134,58,86,69,64,101,151,54,158,199,6,117,98,25,110,81,52,182,28,162,78,60,79,185,148,167,61,41,36,46,131,59,133,96,157,138,178,164,173,66,126,198,159,140,118,109,29,154,156,106,19,108,146,43,128,85,152,111,83,181,82,192,139,33,13,172,195,40,37,15,35,88,145,189,194,31,171,116,57,30,113,196,89,5,141,119,74,183,63,51,72,147,65,102,115,14,45,55,155,184,161,80,114,177,169,191,11,104,180,163,170,95,137,90,125,149,32,68,97,100,7,175,179,27,150,136,144,70,168,17,103,105,142,190,188,186,176,42,47,132,166,123,44];False
2314;8271;10585;[4,67,193,48,10,1,91,129,8,84,122,73,174,135,21,99,16,77,112,89,56,18,62,120,24,197,26,9,143,20,3,2,121,160,92,49,130,22,38,34,124,94,75,12,165,153,187,127,39,107,87,76,50,53,93,23,30,134,58,86,69,64,101,151,54,158,199,6,117,98,25,110,81,52,182,28,162,78,60,79,185,148,167,61,41,36,46,131,59,133,96,157,138,178,164,173,66,126,198,159,140,118,109,29,154,156,106,19,108,146,43,128,85,152,111,83,181,82,192,139,33,13,172,195,40,37,15,35,88,145,189,194,31,171,116,57,0,113,196,71,5,141,119,74,183,63,51,72,147,65,102,115,14,45,55,155,184,161,80,114,177,169,191,11,104,180,163,170,95,137,90,125,149,32,68,97,100,7,175,179,27,150,136,144,70,168,17,103,105,142,190,188,186,176,42,47,132,166,123,44];False
2344;8241;10585;[4,67,193,48,10,1,91,129,8,84,122,73,174,135,21,99,16,77,112,93,56,18,62,120,24,197,26,9,143,20,3,2,121,160,92,49,130,22,38,34,124,94,75,12,165,153,187,127,39,107,87,76,50,53,71,23,30,134,58,86,69,64,101,151,54,158,199,6,117,98,25,110,81,52,182,28,162,78,60,79,185,148,167,61,41,36,46,131,59,133,96,157,138,178,164,173,66,126,198,159,140,118,109,29,154,156,106,19,108,146,43,128,85,152,111,83,181,82,192,139,33,13,172,195,40,37,15,35,88,145,189,194,31,171,116,57,0,113,196,89,5,141,119,74,183,63,51,72,147,65,102,115,14,45,55,155,184,161,80,114,177,169,191,11,104,180,163,170,95,137,90,125,149,32,68,97,100,7,175,179,27,150,136,144,70,168,17,103,105,142,190,188,186,176,42,47,132,166,123,44];False
2309;8275;10584;[4,67,193,48,10,1,91,129,8,84,122,73,174,135,21,99,16,77,112,71,56,18,62,120,24,197,26,9,143,20,3,2,121,142,92,49,130,22,38,34,124,94,75,12,165,153,187,127,39,107,87,76,50,53,93,23,30,134,58,86,69,64,101,151,54,158,199,6,117,98,25,110,81,52,182,28,162,78,60,79,185,148,167,61,41,36,46,131,59,133,96,157,138,178,164,173,66,126,198,159,140,118,109,29,154,156,106,19,108,146,43,128,85,152,111,83,181,82,192,139,33,13,172,195,40,37,15,35,88,145,189,194,31,171,116,57,0,113,196,89,5,141,119,74,183,63,51,72,147,65,102,115,14,45,55,155,184,161,80,114,177,169,191,11,104,180,163,170,95,137,90,125,149,32,68,97,100,7,175,179,27,150,136,144,70,168,17,103,105,160,190,188,186,176,42,47,132,166,123,44];False
2305;8279;10584;[4,67,193,48,10,1,91,129,8,84,122,73,174,135,21,99,16,77,112,71,56,18,62,120,24,197,26,9,143,20,3,2,121,160,92,49,130,22,38,34,124,94,75,12,165,153,187,127,39,107,87,76,50,53,93,23,30,134,58,86,69,64,101,151,54,158,199,6,146,98,25,110,81,52,182,28,162,78,60,79,185,148,167,61,41,36,46,131,59,133,96,157,138,178,164,173,66,126,198,159,140,118,109,29,154,156,106,19,108,117,43,128,85,152,111,83,181,82,192,139,33,13,172,195,40,37,15,35,88,145,189,194,31,171,116,57,0,113,196,89,5,141,119,74,183,63,51,72,147,65,102,115,14,45,55,155,184,161,80,114,177,169,191,11,104,180,163,170,95,137,90,125,149,32,68,97,100,7,175,179,27,150,136,144,70,168,17,103,105,142,190,188,186,176,42,47,132,166,123,44];False
2318;8266;10584;[4,67,193,48,10,1,91,129,8,84,122,73,174,135,21,99,16,77,112,71,56,18,62,120,24,197,26,118,143,20,3,2,121,160,92,49,130,22,38,34,124,94,75,12,165,153,187,127,39,107,87,76,50,53,93,23,30,134,58,86,69,64,101,151,54,158,199,6,117,98,25,110,81,52,182,28,162,78,60,79,185,148,167,61,41,36,46,131,59,133,96,157,138,178,164,173,66,126,198,159,140,9,109,29,154,156,106,19,108,146,43,128,85,152,111,83,181,82,192,139,33,13,172,195,40,37,15,35,88,145,189,194,31,171,116,57,0,113,196,89,5,141,119,74,183,63,51,72,147,65,102,115,14,45,55,155,184,161,80,114,177,169,191,11,104,180,163,170,95,137,90,125,149,32,68,97,100,7,175,179,27,150,136,144,70,168,17,103,105,142,190,188,186,176,42,47,132,166,123,44];False
2349;8235;10584;[4,67,193,48,10,1,91,129,8,84,122,73,174,135,21,99,16,77,112,71,56,18,62,120,24,197,26,9,143,20,3,2,121,160,92,49,130,22,38,34,124,94,75,12,165,153,187,127,39,107,87,76,50,53,93,23,30,134,58,86,69,64,101,151,54,158,199,6,117,98,25,110,81,52,182,28,162,78,60,79,185,148,167,61,41,36,46,131,59,133,96,157,138,178,164,173,66,126,198,159,140,118,109,29,154,156,106,19,108,146,43,128,85,152,111,83,181,82,192,139,33,13,172,195,40,37,15,35,88,145,189,65,31,171,116,57,0,113,196,89,5,141,119,74,183,63,51,72,147,194,102,115,14,45,55,155,184,161,80,114,177,169,191,11,104,180,163,170,95,137,90,125,149,32,68,97,100,7,175,179,27,150,136,144,70,168,17,103,105,142,190,188,186,176,42,47,132,166,123,44];False
2314;8270;10584;[160,67,193,48,10,1,91,129,8,84,122,73,174,135,21,99,16,77,112,71,56,18,62,120,24,197,26,9,143,20,3,2,121,4,92,49,130,22,38,34,124,94,75,12,165,153,187,127,39,107,87,76,50,53,93,23,30,134,58,86,69,64,101,151,54,158,199,6,117,98,25,110,81,52,182,28,162,78,60,79,185,148,167,61,41,36,46,131,59,133,96,157,138,178,164,173,66,126,198,159,140,118,109,29,154,156,106,19,108,146,43,128,85,152,111,83,181,82,192,139,33,13,172,195,40,37,15,35,88,145,189,194,31,171,116,57,0,113,196,89,5,141,119,74,183,63,51,72,147,65,102,115,14,45,55,155,184,161,80,114,177,169,191,11,104,180,163,170,95,137,90,125,149,32,68,97,100,7,175,179,27,150,136,144,70,168,17,103,105,142,190,188,186,176,42,47,132,166,123,44];False
2341;8243;10584;[4,67,193,48,10,1,91,129,8,84,122,73,174,135,21,99,16,125,112,71,56,18,62,120,24,197,26,9,143,20,3,2,121,160,92,49,130,22,38,34,124,94,75,12,165,153,187,127,39,107,87,76,50,53,93,23,30,134,58,86,69,64,101,151,54,158,199,6,117,98,25,110,81,52,182,28,162,78,60,79,185,148,167,61,41,36,46,131,59,133,96,157,138,178,164,173,66,126,198,159,140,118,109,29,154,156,106,19,108,146,43,128,85,152,111,83,181,82,192,139,33,13,172,195,40,37,15,35,88,145,189,194,31,171,116,57,0,113,196,89,5,141,119,74,183,63,51,72,147,65,102,115,14,45,55,155,184,161,80,114,177,169,191,11,104,180,163,170,95,137,90,77,149,32,68,97,100,7,175,179,27,150,136,144,70,168,17,103,105,142,190,188,186,176,42,47,132,166,123,44];False
2290;8294;10584;[4,67,193,48,10,1,91,129,8,84,122,73,174,135,21,99,16,77,112,71,56,18,62,120,24,197,26,9,143,20,3,2,121,160,92,49,130,22,38,34,124,94,75,12,165,153,187,127,39,107,87,76,25,53,93,23,30,134,58,86,69,64,101,151,54,158,199,6,117,98,50,110,81,52,182,28,162,78,60,79,185,148,167,61,41,36,46,131,59,133,96,157,138,178,164,173,66,126,198,159,140,118,109,29,154,156,106,19,108,146,43,128,85,152,111,83,181,82,192,139,33,13,172,195,40,37,15,35,88,145,189,194,31,171,116,57,0,113,196,89,5,141,119,74,183,63,51,72,147,65,102,115,14,45,55,155,184,161,80,114,177,169,191,11,104,180,163,170,95,137,90,125,149,32,68,97,100,7,175,179,27,150,136,144,70,168,17,103,105,142,190,188,186,176,42,47,132,166,123,44];False
2346;8238;10584;[90,67,193,48,10,1,91,129,8,84,122,73,174,135,21,99,16,77,112,71,56,18,62,120,24,197,26,9,143,20,3,2,121,160,92,49,130,22,38,34,124,94,75,12,165,153,187,127,39,107,87,76,50,53,93,23,30,134,58,86,69,64,101,151,54,158,199,6,117,98,25,110,81,52,182,28,162,78,60,79,185,148,167,61,41,36,46,131,59,133,96,157,138,178,164,173,66,126,198,159,140,118,109,29,154,156,106,19,108,146,43,128,85,152,111,83,181,82,192,139,33,13,172,195,40,37,15,35,88,145,189,194,31,171,116,57,0,113,196,89,5,141,119,74,183,63,51,72,147,65,102,115,14,45,55,155,184,161,80,114,177,169,191,11,104,180,163,170,95,137,4,125,149,32,68,97,100,7,175,179,27,150,136,144,70,168,17,103,105,142,190,188,186,176,42,47,132,166,123,44];False
2295;8288;10583;[4,67,193,48,10,1,91,129,8,84,122,73,174,135,21,99,16,77,112,71,56,18,62,120,24,197,26,9,143,20,3,2,121,113,92,49,130,22,38,34,124,94,75,12,165,153,187,127,39,107,87,76,50,53,93,23,30,134,58,86,69,64,101,151,54,158,199,6,117,98,25,110,81,52,182,28,162,78,60,79,185,148,167,61,41,36,46,131,59,133,96,157,138,178,164,173,66,126,198,159,140,118,109,29,154,156,106,19,108,146,43,128,85,152,111,83,181,82,192,139,33,13,172,195,40,37,15,35,88,145,189,194,31,171,116,57,0,160,196,89,5,141,119,74,183,63,51,72,147,65,102,115,14,45,55,155,184,161,80,114,177,169,191,11,104,180,163,170,95,137,90,125,149,32,68,97,100,7,175,179,27,150,136,144,70,168,17,103,105,142,190,188,186,176,42,47,132,166,123,44];False
2319;8264;10583;[4,67,193,48,10,1,91,129,8,84,122,73,174,135,21,99,16,77,112,71,56,18,62,120,24,197,26,9,143,20,90,2,121,160,92,49,130,22,38,34,124,94,75,12,165,153,187,127,39,107,87,76,50,53,93,23,30,134,58,86,69,64,101,151,54,158,199,6,117,98,25,110,81,52,182,28,162,78,60,79,185,148,167,61,41,36,46,131,59,133,96,157,138,178,164,173,66,126,198,159,140,118,109,29,154,156,106,19,108,146,43,128,85,152,111,83,181,82,192,139,33,13,172,195,40,37,15,35,88,145,189,194,31,171,116,57,0,113,196,89,5,141,119,74,183,63,51,72,147,65,102,115,14,45,55,155,184,161,80,114,177,169,191,11,104,180,163,170,95,137,3,125,149,32,68,97,100,7,175,179,27,150,136,144,70,168,17,103,105,142,190,188,186,176,42,47,132,166,123,44];False
2293;8290;10583;[4,67,193,48,10,1,91,129,8,84,122,73,174,135,21,99,16,77,112,71,56,18,62,120,24,197,26,9,143,20,3,2,121,160,92,49,130,22,38,34,124,94,75,12,165,153,187,127,39,107,87,76,50,53,93,23,30,134,58,86,69,64,101,151,54,158,199,6,117,98,25,110,81,52,182,28,162,78,60,79,185,148,167,61,41,36,46,131,59,133,96,157,138,178,164,173,66,126,198,159,140,118,109,29,154,166,106,19,108,146,43,128,85,152,111,83,181,82,192,139,33,13,172,195,40,37,15,35,88,145,189,194,31,171,116,57,0,113,196,89,5,141,119,74,183,63,51,72,147,65,102,115,14,45,55,155,184,161,80,114,177,169,191,11,104,180,163,170,95,137,90,125,149,32,68,97,100,7,175,179,27,150,136,144,70,168,17,103,105,142,190,188,186,176,42,47,132,156,123,44];False
2327;8256;10583;[4,67,193,48,10,1,91,129,8,84,122,55,174,135,21,99,16,77,112,71,56,18,62,120,24,197,26,9,143,20,3,2,121,160,92,49,130,22,38,34,124,94,75,12,165,153,187,127,39,107,87,76,50,53,93,23,30,134,58,86,69,64,101,151,54,158,199,6,117,98,25,110,81,52,182,28,162,78,60,79,185,148,167,61,41,36,46,131,59,133,96,157,138,178,164,173,66,126,198,159,140,118,109,29,154,156,106,19,108,146,43,128,85,152,111,83,181,82,192,139,33,13,172,195,40,37,15,35,88,145,189,194,31,171,116,57,0,113,196,89,5,141,119,74,183,63,51,72,147,65,102,115,14,45,73,155,184,161,80,114,177,169,191,11,104,180,163,170,95,137,90,125,149,32,68,97,100,7,175,179,27,150,136,144,70,168,17,103,105,142,190,188,186,176,42,47,132,166,123,44];False
2342;8241;10583;[4,67,193,48,10,1,91,129,8,84,122,73,174,135,21,99,16,77,112,71,56,18,62,120,24,197,26,9,143,190,3,2,121,160,92,49,130,22,38,34,124,94,75,12,165,153,187,127,39,107,87,76,50,53,93,23,30,134,58,86,69,64,101,151,54,158,199,6,117,98,25,110,81,52,182,28,162,78,60,79,185,148,167,61,41,36,46,131,59,133,96,157,138,178,164,173,66,126,198,159,140,118,109,29,154,156,106,19,108,146,43,128,85,152,111,83,181,82,192,139,33,13,172,195,40,37,15,35,88,145,189,194,31,171,116,57,0,113,196,89,5,141,119,74,183,63,51,72,147,65,102,115,14,45,55,155,184,161,80,114,177,169,191,11,104,180,163,170,95,137,90,125,149,32,68,97,100,7,175,179,27,150,136,144,70,168,17,103,105,142,20,188,186,176,42,47,132,166,123,44];False
2327;8256;10583;[4,67,193,48,10,1,91,129,8,84,122,73,174,135,21,99,16,77,112,71,56,18,62,120,24,197,26,9,143,20,3,2,121,160,92,49,130,22,38,34,124,94,75,12,165,153,187,127,39,107,87,76,50,53,93,23,30,134,58,86,69,64,101,151,54,158,199,6,117,98,25,110,81,52,182,28,162,78,60,79,185,148,167,61,41,36,46,131,59,133,96,157,138,178,164,173,66,126,198,159,140,118,109,29,154,156,106,19,108,146,43,128,85,152,111,83,181,82,192,139,33,13,172,195,40,65,15,35,88,145,189,194,31,171,116,57,0,113,196,89,5,141,119,74,183,63,51,72,147,37,102,115,14,45,55,155,184,161,80,114,177,169,191,11,104,180,163,170,95,137,90,125,149,32,68,97,100,7,175,179,27,150,136,144,70,168,17,103,105,142,190,188,186,176,42,47,132,166,123,44];False
2330;8252;10582;[4,67,193,48,10,1,91,129,8,84,122,73,174,135,21,99,16,77,112,71,56,18,62,120,24,197,26,9,143,20,3,2,121,160,92,49,130,22,38,34,124,94,75,12,165,153,187,127,39,107,87,76,50,53,93,23,30,134,58,86,69,64,101,151,54,158,199,6,171,98,25,110,81,52,182,28,162,78,60,79,185,148,167,61,41,36,46,131,59,133,96,157,138,178,164,173,66,126,198,159,140,118,109,29,154,156,106,19,108,146,43,128,85,152,111,83,181,82,192,139,33,13,172,195,40,37,15,35,88,145,189,194,31,117,116,57,0,113,196,89,5,141,119,74,183,63,51,72,147,65,102,115,14,45,55,155,184,161,80,114,177,169,191,11,104,180,163,170,95,137,90,125,149,32,68,97,100,7,175,179,27,150,136,144,70,168,17,103,105,142,190,188,186,176,42,47,132,166,123,44];False
2335;8247;10582;[4,67,193,48,10,1,91,129,8,84,122,73,174,135,21,99,16,77,112,71,56,18,62,120,24,197,26,9,143,20,3,2,121,160,92,49,130,22,38,34,124,94,75,12,165,153,187,127,39,107,87,76,50,53,93,23,30,134,58,86,69,64,101,151,54,158,199,6,117,98,25,110,81,52,182,28,162,78,60,79,185,0,167,61,41,36,46,131,59,133,96,157,138,178,164,173,66,126,198,159,140,118,109,29,154,156,106,19,108,146,43,128,85,152,111,83,181,82,192,139,33,13,172,195,40,37,15,35,88,145,189,194,31,171,116,57,148,113,196,89,5,141,119,74,183,63,51,72,147,65,102,115,14,45,55,155,184,161,80,114,177,169,191,11,104,180,163,170,95,137,90,125,149,32,68,97,100,7,175,179,27,150,136,144,70,168,17,103,105,142,190,188,186,176,42,47,132,166,123,44];False
2292;8290;10582;[4,67,193,48,10,1,91,129,8,84,122,73,174,135,21,99,16,77,112,71,56,18,62,120,24,197,26,9,143,20,3,2,121,160,92,49,130,22,38,34,124,94,75,12,165,153,187,127,39,107,87,76,50,53,93,23,30,134,58,86,69,64,101,151,54,158,199,6,117,98,25,110,81,52,182,28,162,78,60,79,185,148,167,61,41,36,46,131,59,133,96,157,138,178,164,173,66,126,198,159,140,118,109,29,154,156,106,19,108,146,43,128,85,152,111,83,181,82,192,139,33,13,172,195,40,37,15,35,88,145,189,194,31,171,116,57,0,113,196,89,5,141,119,95,183,63,51,72,147,65,102,115,14,45,55,155,184,161,80,114,177,169,191,11,104,180,163,170,74,137,90,125,149,32,68,97,100,7,175,179,27,150,136,144,70,168,17,103,105,142,190,188,186,176,42,47,132,166,123,44];False
2297;8284;10581;[4,67,193,48,10,1,91,129,8,84,122,73,174,135,21,99,16,77,112,71,56,18,62,120,24,197,26,9,143,20,3,2,121,160,92,49,130,22,38,34,124,94,75,12,165,153,187,127,39,107,87,76,50,53,93,23,30,134,58,86,69,64,101,151,54,158,199,6,117,98,25,41,81,52,182,28,162,78,60,79,185,148,167,61,110,36,46,131,59,133,96,157,138,178,164,173,66,126,198,159,140,118,109,29,154,156,106,19,108,146,43,128,85,152,111,83,181,82,192,139,33,13,172,195,40,37,15,35,88,145,189,194,31,171,116,57,0,113,196,89,5,141,119,74,183,63,51,72,147,65,102,115,14,45,55,155,184,161,80,114,177,169,191,11,104,180,163,170,95,137,90,125,149,32,68,97,100,7,175,179,27,150,136,144,70,168,17,103,105,142,190,188,186,176,42,47,132,166,123,44];False
2303;8278;10581;[4,67,193,48,10,1,91,129,8,84,122,73,174,135,21,99,16,77,112,71,56,18,62,120,24,197,26,9,143,20,3,136,121,160,92,49,130,22,38,34,124,94,75,12,165,153,187,127,39,107,87,76,50,53,93,23,30,134,58,86,69,64,101,151,54,158,199,6,117,98,25,110,81,52,182,28,162,78,60,79,185,148,167,61,41,36,46,131,59,133,96,157,138,178,164,173,66,126,198,159,140,118,109,29,154,156,106,19,108,146,43,128,85,152,111,83,181,82,192,139,33,13,172,195,40,37,15,35,88,145,189,194,31,171,116,57,0,113,196,89,5,141,119,74,183,63,51,72,147,65,102,115,14,45,55,155,184,161,80,114,177,169,191,11,104,180,163,170,95,137,90,125,149,32,68,97,100,7,175,179,27,150,2,144,70,168,17,103,105,142,190,188,186,176,42,47,132,166,123,44];False
2322;8259;10581;[4,67,193,48,10,1,91,129,8,84,122,73,174,135,21,99,16,77,112,71,56,18,62,120,24,197,26,9,143,20,3,2,121,160,92,49,89,22,38,34,124,94,75,12,165,153,187,127,39,107,87,76,50,53,93,23,30,134,58,86,69,64,101,151,54,158,199,6,117,98,25,110,81,52,182,28,162,78,60,79,185,148,167,61,41,36,46,131,59,133,96,157,138,178,164,173,66,126,198,159,140,118,109,29,154,156,106,19,108,146,43,128,85,152,111,83,181,82,192,139,33,13,172,195,40,37,15,35,88,145,189,194,31,171,116,57,0,113,196,130,5,141,119,74,183,63,51,72,147,65,102,115,14,45,55,155,184,161,80,114,177,169,191,11,104,180,163,170,95,137,90,125,149,32,68,97,100,7,175,179,27,150,136,144,70,168,17,103,105,142,190,188,186,176,42,47,132,166,123,44];False
2282;8299;10581;[4,67,193,48,10,1,91,129,8,84,122,73,174,135,21,99,16,77,112,71,56,18,62,120,24,197,26,9,143,20,3,2,121,160,92,49,130,22,38,34,124,110,75,12,165,153,187,127,39,107,87,76,50,53,93,23,30,134,58,86,69,64,101,151,54,158,199,6,117,98,25,94,81,52,182,28,162,78,60,79,185,148,167,61,41,36,46,131,59,133,96,157,138,178,164,173,66,126,198,159,140,118,109,29,154,156,106,19,108,146,43,128,85,152,111,83,181,82,192,139,33,13,172,195,40,37,15,35,88,145,189,194,31,171,116,57,0,113,196,89,5,141,119,74,183,63,51,72,147,65,102,115,14,45,55,155,184,161,80,114,177,169,191,11,104,180,163,170,95,137,90,125,149,32,68,97,100,7,175,179,27,150,136,144,70,168,17,103,105,142,190,188,186,176,42,47,132,166,123,44];False
2331;8250;10581;[4,67,193,33,10,1,91,129,8,84,122,73,174,135,21,99,16,77,112,71,56,18,62,120,24,197,26,9,143,20,3,2,121,160,92,49,130,22,38,34,124,94,75,12,165,153,187,127,39,107,87,76,50,53,93,23,30,134,58,86,69,64,101,151,54,158,199,6,117,98,25,110,81,52,182,28,162,78,60,79,185,148,167,61,41,36,46,131,59,133,96,157,138,178,164,173,66,126,198,159,140,118,109,29,154,156,106,19,108,146,43,128,85,152,111,83,181,82,192,139,48,13,172,195,40,37,15,35,88,145,189,194,31,171,116,57,0,113,196,89,5,141,119,74,183,63,51,72,147,65,102,115,14,45,55,155,184,161,80,114,177,169,191,11,104,180,163,170,95,137,90,125,149,32,68,97,100,7,175,179,27,150,136,144,70,168,17,103,105,142,190,188,186,176,42,47,132,166,123,44];False
2313;8267;10580;[4,137,193,48,10,1,91,129,8,84,122,73,174,135,21,99,16,77,112,71,56,18,62,120,24,197,26,9,143,20,3,2,121,160,92,49,130,22,38,34,124,94,75,12,165,153,187,127,39,107,87,76,50,53,93,23,30,134,58,86,69,64,101,151,54,158,199,6,117,98,25,110,81,52,182,28,162,78,60,79,185,148,167,61,41,36,46,131,59,133,96,157,138,178,164,173,66,126,198,159,140,118,109,29,154,156,106,19,108,146,43,128,85,152,111,83,181,82,192,139,33,13,172,195,40,37,15,35,88,145,189,194,31,171,116,57,0,113,196,89,5,141,119,74,183,63,51,72,147,65,102,115,14,45,55,155,184,161,80,114,177,169,191,11,104,180,163,170,95,67,90,125,149,32,68,97,100,7,175,179,27,150,136,144,70,168,17,103,105,142,190,188,186,176,42,47,132,166,123,44];False
2332;8248;10580;[4,67,193,48,10,1,91,129,8,84,122,73,174,135,21,99,16,77,112,71,56,18,62,120,24,197,26,9,143,20,3,2,121,160,92,49,130,22,38,34,124,94,75,12,165,153,187,127,39,107,87,76,50,53,93,23,30,134,58,86,69,64,101,151,54,158,199,6,117,98,25,110,81,52,182,28,162,78,60,79,185,148,167,61,41,36,46,131,59,133,96,157,138,178,164,173,66,126,198,159,140,118,109,29,154,156,106,19,108,146,43,128,115,152,111,83,181,82,192,139,33,13,172,195,40,37,15,35,88,145,189,194,31,171,116,57,0,113,196,89,5,141,119,74,183,63,51,72,147,65,102,85,14,45,55,155,184,161,80,114,177,169,191,11,104,180,163,170,95,137,90,125,149,32,68,97,100,7,175,179,27,150,136,144,70,168,17,103,105,142,190,188,186,176,42,47,132,166,123,44];False
2311;8269;10580;[4,67,193,48,10,1,91,129,8,84,122,73,174,135,21,99,16,77,112,140,56,18,62,120,24,197,26,9,143,20,3,2,121,160,92,49,130,22,38,34,124,94,75,12,165,153,187,127,39,107,87,76,50,53,93,23,30,134,58,86,69,64,101,151,54,158,199,6,117,98,25,110,81,52,182,28,162,78,60,79,185,148,167,61,41,36,46,131,59,133,96,157,138,178,164,173,66,126,198,159,71,118,109,29,154,156,106,19,108,146,43,128,85,152,111,83,181,82,192,139,33,13,172,195,40,37,15,35,88,145,189,194,31,171,116,57,0,113,196,89,5,141,119,74,183,63,51,72,147,65,102,115,14,45,55,155,184,161,80,114,177,169,191,11,104,180,163,170,95,137,90,125,149,32,68,97,100,7,175,179,27,150,136,144,70,168,17,103,105,142,190,188,186,176,42,47,132,166,123,44];False
2328;8252;10580;[4,67,193,48,10,1,91,129,8,84,122,73,174,135,21,99,16,77,112,71,56,18,62,120,24,197,26,9,143,20,3,2,121,160,92,49,130,22,38,34,124,94,75,12,165,153,187,127,39,107,87,76,50,53,93,23,30,134,58,86,69,64,101,151,54,158,199,6,117,98,25,110,81,52,182,28,162,78,43,79,185,148,167,61,41,36,46,131,59,133,96,157,138,178,164,173,66,126,198,159,140,118,109,29,154,156,106,19,108,146,60,128,85,152,111,83,181,82,192,139,33,13,172,195,40,37,15,35,88,145,189,194,31,171,116,57,0,113,196,89,5,141,119,74,183,63,51,72,147,65,102,115,14,45,55,155,184,161,80,114,177,169,191,11,104,180,163,170,95,137,90,125,149,32,68,97,100,7,175,179,27,150,136,144,70,168,17,103,105,142,190,188,186,176,42,47,132,166,123,44];False
2309;8271;10580;[4,67,193,48,10,1,91,129,8,84,122,73,174,135,21,99,16,77,112,71,56,18,62,120,24,197,119,9,143,20,3,2,121,160,92,49,130,22,38,34,124,94,75,12,165,153,187,127,39,107,87,76,50,53,93,23,30,134,58,86,69,64,101,151,54,158,199,6,117,98,25,110,81,52,182,28,162,78,60,79,185,148,167,61,41,36,46,131,59,133,96,157,138,178,164,173,66,126,198,159,140,118,109,29,154,156,106,19,108,146,43,128,85,152,111,83,181,82,192,139,33,13,172,195,40,37,15,35,88,145,189,194,31,171,116,57,0,113,196,89,5,141,26,74,183,63,51,72,147,65,102,115,14,45,55,155,184,161,80,114,177,169,191,11,104,180,163,170,95,137,90,125,149,32,68,97,100,7,175,179,27,150,136,144,70,168,17,103,105,142,190,188,186,176,42,47,132,166,123,44];False
2316;8263;10579;[4,67,193,48,10,1,91,129,8,84,122,73,174,135,21,99,16,77,112,71,56,18,62,120,24,197,26,9,143,20,3,2,121,160,92,49,130,22,38,34,124,94,75,12,165,153,187,127,39,107,87,76,50,53,93,23,30,134,58,86,69,64,101,151,54,158,199,6,117,98,25,110,81,52,182,28,162,78,60,79,185,100,167,61,41,36,46,131,59,133,96,157,138,178,164,173,66,126,198,159,140,118,109,29,154,156,106,19,108,146,43,128,85,152,111,83,181,82,192,139,33,13,172,195,40,37,15,35,88,145,189,194,31,171,116,57,0,113,196,89,5,141,119,74,183,63,51,72,147,65,102,115,14,45,55,155,184,161,80,114,177,169,191,11,104,180,163,170,95,137,90,125,149,32,68,97,148,7,175,179,27,150,136,144,70,168,17,103,105,142,190,188,186,176,42,47,132,166,123,44];False
2304;8275;10579;[192,67,193,48,10,1,91,129,8,84,122,73,174,135,21,99,16,77,112,71,56,18,62,120,24,197,26,9,143,20,3,2,121,160,92,49,130,22,38,34,124,94,75,12,165,153,187,127,39,107,87,76,50,53,93,23,30,134,58,86,69,64,101,151,54,158,199,6,117,98,25,110,81,52,182,28,162,78,60,79,185,148,167,61,41,36,46,131,59,133,96,157,138,178,164,173,66,126,198,159,140,118,109,29,154,156,106,19,108,146,43,128,85,152,111,83,181,82,4,139,33,13,172,195,40,37,15,35,88,145,189,194,31,171,116,57,0,113,196,89,5,141,119,74,183,63,51,72,147,65,102,115,14,45,55,155,184,161,80,114,177,169,191,11,104,180,163,170,95,137,90,125,149,32,68,97,100,7,175,179,27,150,136,144,70,168,17,103,105,142,190,188,186,176,42,47,132,166,123,44];False
2303;8275;10578;[4,67,193,48,10,1,91,129,8,84,122,73,174,135,21,99,16,77,112,71,56,18,62,120,24,197,26,9,143,20,3,2,121,160,92,49,130,22,38,34,124,94,75,12,165,153,187,127,39,107,87,76,50,53,93,23,30,134,58,86,69,64,101,151,54,158,199,6,117,98,25,110,81,52,182,28,162,78,132,79,185,148,167,61,41,36,46,131,59,133,96,157,138,178,164,173,66,126,198,159,140,118,109,29,154,156,106,19,108,146,43,128,85,152,111,83,181,82,192,139,33,13,172,195,40,37,15,35,88,145,189,194,31,171,116,57,0,113,196,89,5,141,119,74,183,63,51,72,147,65,102,115,14,45,55,155,184,161,80,114,177,169,191,11,104,180,163,170,95,137,90,125,149,32,68,97,100,7,175,179,27,150,136,144,70,168,17,103,105,142,190,188,186,176,42,47,60,166,123,44];False
2333;8245;10578;[4,67,193,48,10,1,91,129,8,84,122,73,174,135,21,99,16,77,112,71,56,18,62,120,24,197,132,9,143,20,3,2,121,160,92,49,130,22,38,34,124,94,75,12,165,153,187,127,39,107,87,76,50,53,93,23,30,134,58,86,69,64,101,151,54,158,199,6,117,98,25,110,81,52,182,28,162,78,60,79,185,148,167,61,41,36,46,131,59,133,96,157,138,178,164,173,66,126,198,159,140,118,109,29,154,156,106,19,108,146,43,128,85,152,111,83,181,82,192,139,33,13,172,195,40,37,15,35,88,145,189,194,31,171,116,57,0,113,196,89,5,141,119,74,183,63,51,72,147,65,102,115,14,45,55,155,184,161,80,114,177,169,191,11,104,180,163,170,95,137,90,125,149,32,68,97,100,7,175,179,27,150,136,144,70,168,17,103,105,142,190,188,186,176,42,47,26,166,123,44];False
2329;8249;10578;[4,67,193,48,10,1,91,129,8,84,122,73,174,135,21,99,16,77,112,71,171,18,62,120,24,197,26,9,143,20,3,2,121,160,92,49,130,22,38,34,124,94,75,12,165,153,187,127,39,107,87,76,50,53,93,23,30,134,58,86,69,64,101,151,54,158,199,6,117,98,25,110,81,52,182,28,162,78,60,79,185,148,167,61,41,36,46,131,59,133,96,157,138,178,164,173,66,126,198,159,140,118,109,29,154,156,106,19,108,146,43,128,85,152,111,83,181,82,192,139,33,13,172,195,40,37,15,35,88,145,189,194,31,56,116,57,0,113,196,89,5,141,119,74,183,63,51,72,147,65,102,115,14,45,55,155,184,161,80,114,177,169,191,11,104,180,163,170,95,137,90,125,149,32,68,97,100,7,175,179,27,150,136,144,70,168,17,103,105,142,190,188,186,176,42,47,132,166,123,44];False
2313;8265;10578;[4,67,193,48,10,1,91,129,8,84,122,73,174,135,21,99,16,77,112,71,56,18,62,120,24,197,26,9,143,20,3,2,121,160,92,49,130,22,38,34,124,94,75,12,165,153,187,127,39,107,87,76,50,53,93,23,30,134,58,86,69,64,101,11,54,158,199,6,117,98,25,110,81,52,182,28,162,78,60,79,185,148,167,61,41,36,46,131,59,133,96,157,138,178,164,173,66,126,198,159,140,118,109,29,154,156,106,19,108,146,43,128,85,152,111,83,181,82,192,139,33,13,172,195,40,37,15,35,88,145,189,194,31,171,116,57,0,113,196,89,5,141,119,74,183,63,51,72,147,65,102,115,14,45,55,155,184,161,80,114,177,169,191,151,104,180,163,170,95,137,90,125,149,32,68,97,100,7,175,179,27,150,136,144,70,168,17,103,105,142,190,188,186,176,42,47,132,166,123,44];False
2260;8318;10578;[4,67,193,48,10,1,91,129,8,84,122,73,174,135,21,99,16,77,112,71,56,18,62,120,24,197,26,9,151,20,3,2,121,160,92,49,130,22,38,34,124,94,75,12,165,153,187,127,39,107,87,76,50,53,93,23,30,134,58,86,69,64,101,143,54,158,199,6,117,98,25,110,81,52,182,28,162,78,60,79,185,148,167,61,41,36,46,131,59,133,96,157,138,178,164,173,66,126,198,159,140,118,109,29,154,156,106,19,108,146,43,128,85,152,111,83,181,82,192,139,33,13,172,195,40,37,15,35,88,145,189,194,31,171,116,57,0,113,196,89,5,141,119,74,183,63,51,72,147,65,102,115,14,45,55,155,184,161,80,114,177,169,191,11,104,180,163,170,95,137,90,125,149,32,68,97,100,7,175,179,27,150,136,144,70,168,17,103,105,142,190,188,186,176,42,47,132,166,123,44];False
2247;8331;10578;[4,67,193,48,10,1,91,129,8,84,122,73,174,135,21,99,16,77,112,71,56,18,62,120,24,197,26,9,143,20,3,2,121,160,92,49,130,22,38,34,124,94,75,12,165,153,187,127,39,107,87,76,50,53,93,23,30,134,58,86,69,64,101,151,54,158,199,6,117,98,25,110,81,52,182,28,162,78,146,79,185,148,167,61,41,36,46,131,59,133,96,157,138,178,164,173,66,126,198,159,140,118,109,29,154,156,106,19,108,60,43,128,85,152,111,83,181,82,192,139,33,13,172,195,40,37,15,35,88,145,189,194,31,171,116,57,0,113,196,89,5,141,119,74,183,63,51,72,147,65,102,115,14,45,55,155,184,161,80,114,177,169,191,11,104,180,163,170,95,137,90,125,149,32,68,97,100,7,175,179,27,150,136,144,70,168,17,103,105,142,190,188,186,176,42,47,132,166,123,44];False
2287;8291;10578;[4,67,193,48,10,1,158,129,8,84,122,73,174,135,21,99,16,77,112,71,56,18,62,120,24,197,26,9,143,20,3,2,121,160,92,49,130,22,38,34,124,94,75,12,165,153,187,127,39,107,87,76,50,53,93,23,30,134,58,86,69,64,101,151,54,91,199,6,117,98,25,110,81,52,182,28,162,78,60,79,185,148,167,61,41,36,46,131,59,133,96,157,138,178,164,173,66,126,198,159,140,118,109,29,154,156,106,19,108,146,43,128,85,152,111,83,181,82,192,139,33,13,172,195,40,37,15,35,88,145,189,194,31,171,116,57,0,113,196,89,5,141,119,74,183,63,51,72,147,65,102,115,14,45,55,155,184,161,80,114,177,169,191,11,104,180,163,170,95,137,90,125,149,32,68,97,100,7,175,179,27,150,136,144,70,168,17,103,105,142,190,188,186,176,42,47,132,166,123,44];False
2304;8273;10577;[4,67,193,48,10,1,91,129,8,84,122,73,174,135,21,99,16,77,112,71,56,18,62,120,24,197,26,9,143,20,3,2,121,160,92,49,130,22,38,34,124,94,75,12,165,153,187,127,39,107,87,76,50,53,93,157,30,134,58,86,69,64,101,151,54,158,199,6,117,98,25,110,81,52,182,28,162,78,60,79,185,148,167,61,41,36,46,131,59,133,96,23,138,178,164,173,66,126,198,159,140,118,109,29,154,156,106,19,108,146,43,128,85,152,111,83,181,82,192,139,33,13,172,195,40,37,15,35,88,145,189,194,31,171,116,57,0,113,196,89,5,141,119,74,183,63,51,72,147,65,102,115,14,45,55,155,184,161,80,114,177,169,191,11,104,180,163,170,95,137,90,125,149,32,68,97,100,7,175,179,27,150,136,144,70,168,17,103,105,142,190,188,186,176,42,47,132,166,123,44];False
2318;8259;10577;[4,67,193,48,10,1,91,129,8,84,122,73,174,135,21,99,16,77,112,71,56,18,62,120,24,197,26,9,143,20,3,2,121,160,92,49,130,22,38,34,124,94,75,12,165,153,187,127,39,107,87,76,50,53,93,23,30,134,58,86,69,64,101,151,54,158,199,6,117,98,25,110,81,52,182,28,162,78,60,79,185,148,35,61,41,36,46,131,59,133,96,157,138,178,164,173,66,126,198,159,140,118,109,29,154,156,106,19,108,146,43,128,85,152,111,83,181,82,192,139,33,13,172,195,40,37,15,167,88,145,189,194,31,171,116,57,0,113,196,89,5,141,119,74,183,63,51,72,147,65,102,115,14,45,55,155,184,161,80,114,177,169,191,11,104,180,163,170,95,137,90,125,149,32,68,97,100,7,175,179,27,150,136,144,70,168,17,103,105,142,190,188,186,176,42,47,132,166,123,44];False
2299;8278;10577;[4,67,193,48,10,1,91,129,8,84,122,73,174,135,21,99,16,77,112,71,56,18,62,120,24,197,26,9,143,20,3,2,121,160,92,49,130,22,38,34,124,94,75,12,165,153,187,127,39,107,87,76,50,53,93,23,30,134,58,86,69,64,101,151,54,158,199,6,117,98,25,110,81,52,182,28,162,78,60,79,185,148,167,61,41,36,46,131,59,133,96,157,138,178,164,173,66,126,198,159,140,118,109,29,154,156,106,19,108,146,43,128,85,152,111,83,181,82,192,139,33,13,172,195,40,37,15,35,88,145,189,194,31,171,116,57,0,113,196,89,5,141,119,74,183,63,51,72,147,65,102,115,14,45,55,155,184,161,80,114,177,169,191,11,104,180,163,170,95,137,90,125,149,32,68,97,100,7,175,179,27,150,136,144,168,70,17,103,105,142,190,188,186,176,42,47,132,166,123,44];False
2305;8272;10577;[4,67,193,48,10,1,91,129,8,84,96,73,174,135,21,99,16,77,112,71,56,18,62,120,24,197,26,9,143,20,3,2,121,160,92,49,130,22,38,34,124,94,75,12,165,153,187,127,39,107,87,76,50,53,93,23,30,134,58,86,69,64,101,151,54,158,199,6,117,98,25,110,81,52,182,28,162,78,60,79,185,148,167,61,41,36,46,131,59,133,122,157,138,178,164,173,66,126,198,159,140,118,109,29,154,156,106,19,108,146,43,128,85,152,111,83,181,82,192,139,33,13,172,195,40,37,15,35,88,145,189,194,31,171,116,57,0,113,196,89,5,141,119,74,183,63,51,72,147,65,102,115,14,45,55,155,184,161,80,114,177,169,191,11,104,180,163,170,95,137,90,125,149,32,68,97,100,7,175,179,27,150,136,144,70,168,17,103,105,142,190,188,186,176,42,47,132,166,123,44];False
2330;8247;10577;[4,67,193,48,10,1,91,129,8,84,122,73,174,135,21,99,16,77,112,71,56,18,62,120,24,197,26,9,143,20,3,2,121,160,92,49,130,22,38,34,124,94,75,12,165,153,187,127,39,107,87,76,50,53,93,23,30,134,58,86,69,64,101,151,54,158,199,6,117,98,25,110,81,52,182,28,162,78,60,79,185,148,167,61,41,36,46,131,59,133,96,157,138,178,164,173,66,126,198,159,140,118,109,29,154,156,106,19,108,146,43,128,85,152,111,83,181,82,192,139,33,13,172,195,40,37,15,35,88,145,189,194,31,171,116,57,0,113,196,89,5,141,119,74,183,63,51,72,149,65,102,115,14,45,55,155,184,161,80,114,177,169,191,11,104,180,163,170,95,137,90,125,147,32,68,97,100,7,175,179,27,150,136,144,70,168,17,103,105,142,190,188,186,176,42,47,132,166,123,44];False
2285;8292;10577;[4,67,193,48,10,1,91,129,8,84,122,73,174,135,21,99,16,77,112,71,56,18,62,120,24,197,26,9,143,20,3,2,121,160,92,49,130,22,38,34,124,94,75,12,165,153,187,127,39,107,87,76,50,53,93,23,30,134,58,86,69,64,101,151,54,158,199,6,117,78,25,110,81,52,182,28,162,98,60,79,185,148,167,61,41,36,46,131,59,133,96,157,138,178,164,173,66,126,198,159,140,118,109,29,154,156,106,19,108,146,43,128,85,152,111,83,181,82,192,139,33,13,172,195,40,37,15,35,88,145,189,194,31,171,116,57,0,113,196,89,5,141,119,74,183,63,51,72,147,65,102,115,14,45,55,155,184,161,80,114,177,169,191,11,104,180,163,170,95,137,90,125,149,32,68,97,100,7,175,179,27,150,136,144,70,168,17,103,105,142,190,188,186,176,42,47,132,166,123,44];False
2317;8260;10577;[4,67,193,48,10,1,91,129,8,84,122,73,174,135,21,99,16,77,112,71,56,18,62,120,24,197,26,9,143,20,3,2,121,160,92,49,130,22,38,34,124,94,75,12,165,153,187,127,39,107,87,76,50,53,93,23,30,134,58,86,69,64,101,151,54,158,199,6,117,98,25,110,81,52,182,28,162,78,60,79,185,148,167,61,41,36,46,111,59,133,96,157,138,178,164,173,66,126,198,159,140,118,109,29,154,156,106,19,108,146,43,128,85,152,131,83,181,82,192,139,33,13,172,195,40,37,15,35,88,145,189,194,31,171,116,57,0,113,196,89,5,141,119,74,183,63,51,72,147,65,102,115,14,45,55,155,184,161,80,114,177,169,191,11,104,180,163,170,95,137,90,125,149,32,68,97,100,7,175,179,27,150,136,144,70,168,17,103,105,142,190,188,186,176,42,47,132,166,123,44];False
2303;8274;10577;[4,67,193,48,10,1,91,129,8,84,122,73,174,135,21,99,16,77,112,71,56,18,62,120,24,197,26,9,143,20,3,2,121,160,92,49,130,22,38,34,124,94,75,12,165,153,187,127,39,107,89,76,50,53,93,23,30,134,58,86,69,64,101,151,54,158,199,6,117,98,25,110,81,52,182,28,162,78,60,79,185,148,167,61,41,36,46,131,59,133,96,157,138,178,164,173,66,126,198,159,140,118,109,29,154,156,106,19,108,146,43,128,85,152,111,83,181,82,192,139,33,13,172,195,40,37,15,35,88,145,189,194,31,171,116,57,0,113,196,87,5,141,119,74,183,63,51,72,147,65,102,115,14,45,55,155,184,161,80,114,177,169,191,11,104,180,163,170,95,137,90,125,149,32,68,97,100,7,175,179,27,150,136,144,70,168,17,103,105,142,190,188,186,176,42,47,132,166,123,44];False
2347;8230;10577;[4,67,193,48,10,1,91,129,8,84,122,73,174,135,21,99,16,77,112,71,56,18,62,120,24,197,26,9,143,20,3,2,121,160,92,49,130,22,38,34,124,94,75,12,165,153,187,127,39,107,87,76,50,53,93,23,30,134,58,86,69,64,101,151,54,158,199,6,117,98,25,110,81,52,182,28,162,78,60,79,185,148,167,61,41,88,46,131,59,133,96,157,138,178,164,173,66,126,198,159,140,118,109,29,154,156,106,19,108,146,43,128,85,152,111,83,181,82,192,139,33,13,172,195,40,37,15,35,36,145,189,194,31,171,116,57,0,113,196,89,5,141,119,74,183,63,51,72,147,65,102,115,14,45,55,155,184,161,80,114,177,169,191,11,104,180,163,170,95,137,90,125,149,32,68,97,100,7,175,179,27,150,136,144,70,168,17,103,105,142,190,188,186,176,42,47,132,166,123,44];False
2295;8281;10576;[4,67,193,48,10,1,91,129,8,84,122,73,174,135,21,99,16,77,112,71,56,18,62,120,24,197,26,9,143,20,3,2,121,160,92,49,130,22,38,34,124,94,75,12,165,153,187,127,39,107,87,76,50,53,93,23,30,134,58,86,69,64,101,151,54,158,199,6,117,98,25,110,81,52,182,28,162,78,60,79,185,148,167,61,41,36,46,131,59,133,96,157,138,178,164,173,66,89,198,159,140,118,109,29,154,156,106,19,108,146,43,128,85,152,111,83,181,82,192,139,33,13,172,195,40,37,15,35,88,145,189,194,31,171,116,57,0,113,196,126,5,141,119,74,183,63,51,72,147,65,102,115,14,45,55,155,184,161,80,114,177,169,191,11,104,180,163,170,95,137,90,125,149,32,68,97,100,7,175,179,27,150,136,144,70,168,17,103,105,142,190,188,186,176,42,47,132,166,123,44];False
2351;8225;10576;[4,67,193,48,10,1,91,129,8,84,122,73,174,135,21,99,16,77,112,71,56,18,62,120,24,197,26,9,143,20,3,2,121,160,92,69,130,22,38,34,124,94,75,12,165,153,187,127,39,107,87,76,50,53,93,23,30,134,58,86,49,64,101,151,54,158,199,6,117,98,25,110,81,52,182,28,162,78,60,79,185,148,167,61,41,36,46,131,59,133,96,157,138,178,164,173,66,126,198,159,140,118,109,29,154,156,106,19,108,146,43,128,85,152,111,83,181,82,192,139,33,13,172,195,40,37,15,35,88,145,189,194,31,171,116,57,0,113,196,89,5,141,119,74,183,63,51,72,147,65,102,115,14,45,55,155,184,161,80,114,177,169,191,11,104,180,163,170,95,137,90,125,149,32,68,97,100,7,175,179,27,150,136,144,70,168,17,103,105,142,190,188,186,176,42,47,132,166,123,44];False
2320;8256;10576;[4,67,193,48,10,1,91,129,8,84,122,73,174,135,21,99,16,77,112,71,56,18,62,120,24,197,26,9,143,20,3,2,121,160,92,49,130,22,38,34,124,94,75,12,165,153,187,127,39,107,87,76,50,53,93,23,30,134,58,86,69,64,101,151,54,158,199,6,117,98,25,110,81,52,182,28,162,78,60,79,185,148,167,61,97,36,46,131,59,133,96,157,138,178,164,173,66,126,198,159,140,118,109,29,154,156,106,19,108,146,43,128,85,152,111,83,181,82,192,139,33,13,172,195,40,37,15,35,88,145,189,194,31,171,116,57,0,113,196,89,5,141,119,74,183,63,51,72,147,65,102,115,14,45,55,155,184,161,80,114,177,169,191,11,104,180,163,170,95,137,90,125,149,32,68,41,100,7,175,179,27,150,136,144,70,168,17,103,105,142,190,188,186,176,42,47,132,166,123,44];False
2317;8258;10575;[4,67,193,48,10,1,91,129,8,84,122,73,174,135,21,99,16,77,112,71,56,18,62,120,24,197,26,9,143,20,3,2,121,160,92,49,130,22,38,34,124,94,75,12,165,153,187,127,39,107,87,76,50,53,93,23,30,134,58,86,69,64,101,151,54,158,199,6,117,98,60,110,81,52,182,28,162,78,25,79,185,148,167,61,41,36,46,131,59,133,96,157,138,178,164,173,66,126,198,159,140,118,109,29,154,156,106,19,108,146,43,128,85,152,111,83,181,82,192,139,33,13,172,195,40,37,15,35,88,145,189,194,31,171,116,57,0,113,196,89,5,141,119,74,183,63,51,72,147,65,102,115,14,45,55,155,184,161,80,114,177,169,191,11,104,180,163,170,95,137,90,125,149,32,68,97,100,7,175,179,27,150,136,144,70,168,17,103,105,142,190,188,186,176,42,47,132,166,123,44];False
2296;8279;10575;[4,67,193,48,10,1,91,129,8,84,122,73,174,135,21,99,16,77,112,71,56,18,62,120,24,197,26,9,143,20,3,2,121,160,92,49,130,22,38,34,124,94,75,12,165,153,187,127,39,107,87,76,50,53,13,23,30,134,58,86,69,64,101,151,54,158,199,6,117,98,25,110,81,52,182,28,162,78,60,79,185,148,167,61,41,36,46,131,59,133,96,157,138,178,164,173,66,126,198,159,140,118,109,29,154,156,106,19,108,146,43,128,85,152,111,83,181,82,192,139,33,93,172,195,40,37,15,35,88,145,189,194,31,171,116,57,0,113,196,89,5,141,119,74,183,63,51,72,147,65,102,115,14,45,55,155,184,161,80,114,177,169,191,11,104,180,163,170,95,137,90,125,149,32,68,97,100,7,175,179,27,150,136,144,70,168,17,103,105,142,190,188,186,176,42,47,132,166,123,44];False
2318;8257;10575;[4,67,193,48,10,1,91,129,8,84,122,73,174,135,21,99,16,77,112,71,56,18,62,120,24,197,26,9,143,20,3,2,121,160,92,49,130,22,38,34,35,94,75,12,165,153,187,127,39,107,87,76,50,53,93,23,30,134,58,86,69,64,101,151,54,158,199,6,117,98,25,110,81,52,182,28,162,78,60,79,185,148,167,61,41,36,46,131,59,133,96,157,138,178,164,173,66,126,198,159,140,118,109,29,154,156,106,19,108,146,43,128,85,152,111,83,181,82,192,139,33,13,172,195,40,37,15,124,88,145,189,194,31,171,116,57,0,113,196,89,5,141,119,74,183,63,51,72,147,65,102,115,14,45,55,155,184,161,80,114,177,169,191,11,104,180,163,170,95,137,90,125,149,32,68,97,100,7,175,179,27,150,136,144,70,168,17,103,105,142,190,188,186,176,42,47,132,166,123,44];False
2305;8270;10575;[4,67,193,48,10,1,91,129,8,84,122,73,174,135,21,118,16,77,112,71,56,18,62,120,24,197,26,9,143,20,3,2,121,160,92,49,130,22,38,34,124,94,75,12,165,153,187,127,39,107,87,76,50,53,93,23,30,134,58,86,69,64,101,151,54,158,199,6,117,98,25,110,81,52,182,28,162,78,60,79,185,148,167,61,41,36,46,131,59,133,96,157,138,178,164,173,66,126,198,159,140,99,109,29,154,156,106,19,108,146,43,128,85,152,111,83,181,82,192,139,33,13,172,195,40,37,15,35,88,145,189,194,31,171,116,57,0,113,196,89,5,141,119,74,183,63,51,72,147,65,102,115,14,45,55,155,184,161,80,114,177,169,191,11,104,180,163,170,95,137,90,125,149,32,68,97,100,7,175,179,27,150,136,144,70,168,17,103,105,142,190,188,186,176,42,47,132,166,123,44];False
2317;8258;10575;[4,67,193,48,10,1,91,129,8,84,122,73,174,135,21,99,16,77,112,71,56,18,62,120,24,197,26,9,143,20,3,2,121,160,92,49,130,22,38,34,124,94,75,12,165,153,187,127,39,107,87,76,50,53,93,23,30,134,58,86,69,114,101,151,54,158,199,6,117,98,25,110,81,52,182,28,162,78,60,79,185,148,167,61,41,36,46,131,59,133,96,157,138,178,164,173,66,126,198,159,140,118,109,29,154,156,106,19,108,146,43,128,85,152,111,83,181,82,192,139,33,13,172,195,40,37,15,35,88,145,189,194,31,171,116,57,0,113,196,89,5,141,119,74,183,63,51,72,147,65,102,115,14,45,55,155,184,161,80,64,177,169,191,11,104,180,163,170,95,137,90,125,149,32,68,97,100,7,175,179,27,150,136,144,70,168,17,103,105,142,190,188,186,176,42,47,132,166,123,44];False
2300;8275;10575;[4,67,193,48,10,1,91,129,8,84,122,73,174,135,21,99,16,77,112,71,56,18,62,120,24,197,26,9,143,20,3,2,121,160,92,49,130,22,38,34,124,94,75,12,165,153,187,127,39,107,87,76,50,53,93,23,30,134,58,86,69,64,101,151,54,158,199,6,117,98,25,110,81,52,182,28,162,78,60,79,185,148,167,61,41,36,46,131,59,133,96,157,138,85,164,173,66,126,198,159,140,118,109,29,154,156,106,19,108,146,43,128,178,152,111,83,181,82,192,139,33,13,172,195,40,37,15,35,88,145,189,194,31,171,116,57,0,113,196,89,5,141,119,74,183,63,51,72,147,65,102,115,14,45,55,155,184,161,80,114,177,169,191,11,104,180,163,170,95,137,90,125,149,32,68,97,100,7,175,179,27,150,136,144,70,168,17,103,105,142,190,188,186,176,42,47,132,166,123,44];False
2359;8216;10575;[4,67,193,48,10,1,91,129,8,84,122,73,174,135,21,99,16,77,112,71,56,18,62,120,24,197,26,9,143,20,3,2,121,160,92,49,130,22,38,34,124,94,75,12,165,153,187,127,39,107,87,76,50,53,93,23,30,134,58,86,111,64,101,151,54,158,199,6,117,98,25,110,81,52,182,28,162,78,60,79,185,148,167,61,41,36,46,131,59,133,96,157,138,178,164,173,66,126,198,159,140,118,109,29,154,156,106,19,108,146,43,128,85,152,69,83,181,82,192,139,33,13,172,195,40,37,15,35,88,145,189,194,31,171,116,57,0,113,196,89,5,141,119,74,183,63,51,72,147,65,102,115,14,45,55,155,184,161,80,114,177,169,191,11,104,180,163,170,95,137,90,125,149,32,68,97,100,7,175,179,27,150,136,144,70,168,17,103,105,142,190,188,186,176,42,47,132,166,123,44];False
2321;8253;10574;[4,67,193,48,10,1,91,129,8,84,122,73,174,135,21,99,16,77,112,71,56,18,62,120,24,197,26,9,143,20,3,2,121,160,92,49,130,22,38,34,124,94,75,12,165,153,187,127,39,107,87,76,50,53,93,23,30,134,58,86,69,64,101,151,54,158,199,6,117,98,25,110,81,52,182,28,15,78,60,79,185,148,167,61,41,36,46,131,59,133,96,157,138,178,164,173,66,126,198,159,140,118,109,29,154,156,106,19,108,146,43,128,85,152,111,83,181,82,192,139,33,13,172,195,40,37,162,35,88,145,189,194,31,171,116,57,0,113,196,89,5,141,119,74,183,63,51,72,147,65,102,115,14,45,55,155,184,161,80,114,177,169,191,11,104,180,163,170,95,137,90,125,149,32,68,97,100,7,175,179,27,150,136,144,70,168,17,103,105,142,190,188,186,176,42,47,132,166,123,44];False
2298;8276;10574;[4,67,193,48,10,1,91,129,8,84,122,73,174,135,21,99,16,77,112,71,56,18,62,120,24,197,26,9,143,20,3,2,121,160,92,49,130,22,38,34,124,94,75,12,165,153,187,127,39,107,87,76,50,53,93,23,30,134,58,86,19,64,101,151,54,158,199,6,117,98,25,110,81,52,182,28,162,78,60,79,185,148,167,61,41,36,46,131,59,133,96,157,138,178,164,173,66,126,198,159,140,118,109,29,154,156,106,69,108,146,43,128,85,152,111,83,181,82,192,139,33,13,172,195,40,37,15,35,88,145,189,194,31,171,116,57,0,113,196,89,5,141,119,74,183,63,51,72,147,65,102,115,14,45,55,155,184,161,80,114,177,169,191,11,104,180,163,170,95,137,90,125,149,32,68,97,100,7,175,179,27,150,136,144,70,168,17,103,105,142,190,188,186,176,42,47,132,166,123,44];False
2343;8231;10574;[4,67,193,48,10,1,91,129,8,84,122,73,174,135,21,99,16,77,112,71,56,18,62,120,24,197,26,9,143,20,3,2,121,160,92,49,130,22,38,34,124,94,75,12,165,153,187,127,39,107,87,76,50,53,93,23,30,134,58,86,69,101,64,151,54,158,199,6,117,98,25,110,81,52,182,28,162,78,60,79,185,148,167,61,41,36,46,131,59,133,96,157,138,178,164,173,66,126,198,159,140,118,109,29,154,156,106,19,108,146,43,128,85,152,111,83,181,82,192,139,33,13,172,195,40,37,15,35,88,145,189,194,31,171,116,57,0,113,196,89,5,141,119,74,183,63,51,72,147,65,102,115,14,45,55,155,184,161,80,114,177,169,191,11,104,180,163,170,95,137,90,125,149,32,68,97,100,7,175,179,27,150,136,144,70,168,17,103,105,142,190,188,186,176,42,47,132,166,123,44];False
2275;8298;10573;[4,67,193,48,10,1,91,129,8,84,122,73,174,135,21,99,16,77,112,71,56,18,62,120,24,197,26,9,143,20,3,2,121,160,92,49,130,22,38,34,124,94,75,12,165,153,187,127,39,107,87,76,50,53,93,23,30,134,58,86,69,64,101,151,54,158,199,6,117,98,25,110,81,52,182,28,162,60,78,79,185,148,167,61,41,36,46,131,59,133,96,157,138,178,164,173,66,126,198,159,140,118,109,29,154,156,106,19,108,146,43,128,85,152,111,83,181,82,192,139,33,13,172,195,40,37,15,35,88,145,189,194,31,171,116,57,0,113,196,89,5,141,119,74,183,63,51,72,147,65,102,115,14,45,55,155,184,161,80,114,177,169,191,11,104,180,163,170,95,137,90,125,149,32,68,97,100,7,175,179,27,150,136,144,70,168,17,103,105,142,190,188,186,176,42,47,132,166,123,44];False
2310;8263;10573;[4,181,193,48,10,1,91,129,8,84,122,73,174,135,21,99,16,77,112,71,56,18,62,120,24,197,26,9,143,20,3,2,121,160,92,49,130,22,38,34,124,94,75,12,165,153,187,127,39,107,87,76,50,53,93,23,30,134,58,86,69,64,101,151,54,158,199,6,117,98,25,110,81,52,182,28,162,78,60,79,185,148,167,61,41,36,46,131,59,133,96,157,138,178,164,173,66,126,198,159,140,118,109,29,154,156,106,19,108,146,43,128,85,152,111,83,67,82,192,139,33,13,172,195,40,37,15,35,88,145,189,194,31,171,116,57,0,113,196,89,5,141,119,74,183,63,51,72,147,65,102,115,14,45,55,155,184,161,80,114,177,169,191,11,104,180,163,170,95,137,90,125,149,32,68,97,100,7,175,179,27,150,136,144,70,168,17,103,105,142,190,188,186,176,42,47,132,166,123,44];False
2326;8247;10573;[4,67,193,48,10,1,91,129,8,84,122,73,174,135,21,99,16,77,112,71,56,18,62,120,24,197,26,9,143,20,3,2,121,160,92,49,130,22,38,34,124,94,75,12,165,153,187,127,39,107,87,76,50,53,93,23,30,134,58,86,69,64,101,151,54,158,199,6,117,98,25,110,81,52,182,28,162,78,60,79,185,148,167,61,41,36,46,131,59,133,96,157,138,178,164,173,66,126,198,159,140,118,109,29,154,156,106,19,108,146,43,128,85,152,111,83,181,82,192,139,33,13,172,195,40,37,15,142,88,145,189,194,31,171,116,57,0,113,196,89,5,141,119,74,183,63,51,72,147,65,102,115,14,45,55,155,184,161,80,114,177,169,191,11,104,180,163,170,95,137,90,125,149,32,68,97,100,7,175,179,27,150,136,144,70,168,17,103,105,35,190,188,186,176,42,47,132,166,123,44];False
2344;8229;10573;[4,67,193,48,10,1,91,129,8,84,122,73,174,135,21,99,16,77,112,71,56,18,62,120,24,197,26,9,143,20,3,2,121,160,92,49,130,22,38,34,124,94,75,12,165,153,187,127,39,107,87,76,50,53,93,23,30,134,58,86,69,64,101,151,54,158,199,6,117,98,25,110,81,52,182,65,162,78,60,79,185,148,167,61,41,36,46,131,59,133,96,157,138,178,164,173,66,126,198,159,140,118,109,29,154,156,106,19,108,146,43,128,85,152,111,83,181,82,192,139,33,13,172,195,40,37,15,35,88,145,189,194,31,171,116,57,0,113,196,89,5,141,119,74,183,63,51,72,147,28,102,115,14,45,55,155,184,161,80,114,177,169,191,11,104,180,163,170,95,137,90,125,149,32,68,97,100,7,175,179,27,150,136,144,70,168,17,103,105,142,190,188,186,176,42,47,132,166,123,44];False
2318;8255;10573;[4,67,193,48,10,1,91,129,8,84,122,73,174,135,21,99,16,77,112,71,56,18,62,120,24,197,26,9,143,20,3,2,121,160,92,49,130,22,38,34,124,94,75,12,165,153,86,127,39,107,87,76,50,53,93,23,30,134,58,187,69,64,101,151,54,158,199,6,117,98,25,110,81,52,182,28,162,78,60,79,185,148,167,61,41,36,46,131,59,133,96,157,138,178,164,173,66,126,198,159,140,118,109,29,154,156,106,19,108,146,43,128,85,152,111,83,181,82,192,139,33,13,172,195,40,37,15,35,88,145,189,194,31,171,116,57,0,113,196,89,5,141,119,74,183,63,51,72,147,65,102,115,14,45,55,155,184,161,80,114,177,169,191,11,104,180,163,170,95,137,90,125,149,32,68,97,100,7,175,179,27,150,136,144,70,168,17,103,105,142,190,188,186,176,42,47,132,166,123,44];False
2287;8286;10573;[4,67,196,48,10,1,91,129,8,84,122,73,174,135,21,99,16,77,112,71,56,18,62,120,24,197,26,9,143,20,3,2,121,160,92,49,130,22,38,34,124,94,75,12,165,153,187,127,39,107,87,76,50,53,93,23,30,134,58,86,69,64,101,151,54,158,199,6,117,98,25,110,81,52,182,28,162,78,60,79,185,148,167,61,41,36,46,131,59,133,96,157,138,178,164,173,66,126,198,159,140,118,109,29,154,156,106,19,108,146,43,128,85,152,111,83,181,82,192,139,33,13,172,195,40,37,15,35,88,145,189,194,31,171,116,57,0,113,193,89,5,141,119,74,183,63,51,72,147,65,102,115,14,45,55,155,184,161,80,114,177,169,191,11,104,180,163,170,95,137,90,125,149,32,68,97,100,7,175,179,27,150,136,144,70,168,17,103,105,142,190,188,186,176,42,47,132,166,123,44];False
2318;8254;10572;[4,67,193,48,10,1,91,129,8,84,122,44,174,135,21,99,16,77,112,71,56,18,62,120,24,197,26,9,143,20,3,2,121,160,92,49,130,22,38,34,124,94,75,12,165,153,187,127,39,107,87,76,50,53,93,23,30,134,58,86,69,64,101,151,54,158,199,6,117,98,25,110,81,52,182,28,162,78,60,79,185,148,167,61,41,36,46,131,59,133,96,157,138,178,164,173,66,126,198,159,140,118,109,29,154,156,106,19,108,146,43,128,85,152,111,83,181,82,192,139,33,13,172,195,40,37,15,35,88,145,189,194,31,171,116,57,0,113,196,89,5,141,119,74,183,63,51,72,147,65,102,115,14,45,55,155,184,161,80,114,177,169,191,11,104,180,163,170,95,137,90,125,149,32,68,97,100,7,175,179,27,150,136,144,70,168,17,103,105,142,190,188,186,176,42,47,132,166,123,73];False
2295;8277;10572;[4,67,193,48,10,1,91,129,8,84,122,73,174,135,21,99,16,77,112,71,56,18,62,120,24,197,26,9,143,20,3,2,121,160,92,49,130,22,38,34,124,94,75,12,165,153,187,127,39,107,87,76,50,53,93,23,30,134,58,86,69,64,101,151,54,158,199,6,117,98,25,110,81,52,182,28,162,78,60,27,185,148,167,61,41,36,46,131,59,133,96,157,138,178,164,173,66,126,198,159,140,118,109,29,154,156,106,19,108,146,43,128,85,152,111,83,181,82,192,139,33,13,172,195,40,37,15,35,88,145,189,194,31,171,116,57,0,113,196,89,5,141,119,74,183,63,51,72,147,65,102,115,14,45,55,155,184,161,80,114,177,169,191,11,104,180,163,170,95,137,90,125,149,32,68,97,100,7,175,179,79,150,136,144,70,168,17,103,105,142,190,188,186,176,42,47,132,166,123,44];False
2313;8259;10572;[4,67,193,48,10,1,91,129,8,84,122,73,174,135,21,99,16,77,112,71,56,18,62,120,24,66,26,9,143,20,3,2,121,160,92,49,130,22,38,34,124,94,75,12,165,153,187,127,39,107,87,76,50,53,93,23,30,134,58,86,69,64,101,151,54,158,199,6,117,98,25,110,81,52,182,28,162,78,60,79,185,148,167,61,41,36,46,131,59,133,96,157,138,178,164,173,197,126,198,159,140,118,109,29,154,156,106,19,108,146,43,128,85,152,111,83,181,82,192,139,33,13,172,195,40,37,15,35,88,145,189,194,31,171,116,57,0,113,196,89,5,141,119,74,183,63,51,72,147,65,102,115,14,45,55,155,184,161,80,114,177,169,191,11,104,180,163,170,95,137,90,125,149,32,68,97,100,7,175,179,27,150,136,144,70,168,17,103,105,142,190,188,186,176,42,47,132,166,123,44];False
2302;8269;10571;[4,67,193,48,10,1,91,129,8,84,122,73,174,135,21,99,16,77,112,71,56,18,62,120,24,197,26,9,143,20,3,2,121,160,92,49,130,22,38,34,124,29,75,12,165,153,187,127,39,107,87,76,50,53,93,23,30,134,58,86,69,64,101,151,54,158,199,6,117,98,25,110,81,52,182,28,162,78,60,79,185,148,167,61,41,36,46,131,59,133,96,157,138,178,164,173,66,126,198,159,140,118,109,94,154,156,106,19,108,146,43,128,85,152,111,83,181,82,192,139,33,13,172,195,40,37,15,35,88,145,189,194,31,171,116,57,0,113,196,89,5,141,119,74,183,63,51,72,147,65,102,115,14,45,55,155,184,161,80,114,177,169,191,11,104,180,163,170,95,137,90,125,149,32,68,97,100,7,175,179,27,150,136,144,70,168,17,103,105,142,190,188,186,176,42,47,132,166,123,44];False
2286;8285;10571;[4,67,193,48,10,1,91,129,8,84,122,73,174,135,21,99,16,77,112,71,56,18,62,120,24,197,26,9,143,20,3,2,121,160,92,49,130,22,41,34,124,94,75,12,165,153,187,127,39,107,87,76,50,53,93,23,30,134,58,86,69,64,101,151,54,158,199,6,117,98,25,110,81,52,182,28,162,78,60,79,185,148,167,61,38,36,46,131,59,133,96,157,138,178,164,173,66,126,198,159,140,118,109,29,154,156,106,19,108,146,43,128,85,152,111,83,181,82,192,139,33,13,172,195,40,37,15,35,88,145,189,194,31,171,116,57,0,113,196,89,5,141,119,74,183,63,51,72,147,65,102,115,14,45,55,155,184,161,80,114,177,169,191,11,104,180,163,170,95,137,90,125,149,32,68,97,100,7,175,179,27,150,136,144,70,168,17,103,105,142,190,188,186,176,42,47,132,166,123,44];False
2358;8213;10571;[4,67,193,48,10,1,91,129,8,84,122,73,174,135,21,99,16,77,112,71,56,18,62,120,24,197,26,9,143,20,3,2,121,160,92,49,130,22,38,34,124,94,75,12,165,153,187,127,39,107,87,76,50,53,93,23,30,134,58,86,35,64,101,151,54,158,199,6,117,98,25,110,81,52,182,28,162,78,60,79,185,148,167,61,41,36,46,131,59,133,96,157,138,178,164,173,66,126,198,159,140,118,109,29,154,156,106,19,108,146,43,128,85,152,111,83,181,82,192,139,33,13,172,195,40,37,15,69,88,145,189,194,31,171,116,57,0,113,196,89,5,141,119,74,183,63,51,72,147,65,102,115,14,45,55,155,184,161,80,114,177,169,191,11,104,180,163,170,95,137,90,125,149,32,68,97,100,7,175,179,27,150,136,144,70,168,17,103,105,142,190,188,186,176,42,47,132,166,123,44];True
2310;8261;10571;[4,67,193,48,10,1,91,129,8,84,122,73,174,135,21,99,16,77,112,71,56,18,62,120,24,197,26,9,143,20,3,2,121,160,92,49,130,22,38,34,124,94,75,12,165,153,187,127,39,107,87,76,50,53,93,23,30,134,58,86,69,64,101,151,54,158,199,6,117,98,25,189,81,52,182,28,162,78,60,79,185,148,167,61,41,36,46,131,59,133,96,157,138,178,164,173,66,126,198,159,140,118,109,29,154,156,106,19,108,146,43,128,85,152,111,83,181,82,192,139,33,13,172,195,40,37,15,35,88,145,110,194,31,171,116,57,0,113,196,89,5,141,119,74,183,63,51,72,147,65,102,115,14,45,55,155,184,161,80,114,177,169,191,11,104,180,163,170,95,137,90,125,149,32,68,97,100,7,175,179,27,150,136,144,70,168,17,103,105,142,190,188,186,176,42,47,132,166,123,44];False
2270;8300;10570;[4,67,193,48,10,1,91,129,8,84,122,73,174,135,21,99,16,77,112,71,56,18,62,120,24,197,26,9,143,20,3,70,121,160,92,49,130,22,38,34,124,94,75,12,165,153,187,127,39,107,87,76,50,53,93,23,30,134,58,86,69,64,101,151,54,158,199,6,117,98,25,110,81,52,182,28,162,78,60,79,185,148,167,61,41,36,46,131,59,133,96,157,138,178,164,173,66,126,198,159,140,118,109,29,154,156,106,19,108,146,43,128,85,152,111,83,181,82,192,139,33,13,172,195,40,37,15,35,88,145,189,194,31,171,116,57,0,113,196,89,5,141,119,74,183,63,51,72,147,65,102,115,14,45,55,155,184,161,80,114,177,169,191,11,104,180,163,170,95,137,90,125,149,32,68,97,100,7,175,179,27,150,136,144,2,168,17,103,105,142,190,188,186,176,42,47,132,166,123,44];False
2297;8273;10570;[4,67,193,48,10,1,91,129,8,84,122,73,174,135,21,99,16,77,112,71,56,18,62,120,24,197,26,9,143,20,3,2,121,160,92,49,130,22,38,34,124,94,75,12,165,153,187,127,39,107,87,76,50,53,93,23,30,134,58,86,69,64,101,151,54,158,199,6,117,98,25,110,81,52,182,28,162,78,60,79,171,148,167,61,41,36,46,131,59,133,96,157,138,178,164,173,66,126,198,159,140,118,109,29,154,156,106,19,108,146,43,128,85,152,111,83,181,82,192,139,33,13,172,195,40,37,15,35,88,145,189,194,31,185,116,57,0,113,196,89,5,141,119,74,183,63,51,72,147,65,102,115,14,45,55,155,184,161,80,114,177,169,191,11,104,180,163,170,95,137,90,125,149,32,68,97,100,7,175,179,27,150,136,144,70,168,17,103,105,142,190,188,186,176,42,47,132,166,123,44];False
2313;8257;10570;[4,67,193,48,10,1,91,129,8,84,122,73,174,135,21,99,16,77,112,71,56,18,62,120,24,197,26,9,143,20,3,2,121,160,92,49,130,22,38,34,124,94,75,12,165,153,187,127,39,107,87,76,50,53,93,23,30,134,58,86,69,64,101,151,54,158,199,6,117,98,25,110,81,52,182,28,162,78,60,79,185,148,167,61,41,36,46,131,59,133,96,157,138,178,164,173,66,126,198,159,140,118,109,29,154,156,106,19,108,146,43,128,85,116,111,83,181,82,192,139,33,13,172,195,40,37,15,35,88,145,189,194,31,171,152,57,0,113,196,89,5,141,119,74,183,63,51,72,147,65,102,115,14,45,55,155,184,161,80,114,177,169,191,11,104,180,163,170,95,137,90,125,149,32,68,97,100,7,175,179,27,150,136,144,70,168,17,103,105,142,190,188,186,176,42,47,132,166,123,44];False
2297;8273;10570;[4,67,193,48,10,1,91,129,8,84,122,73,174,135,21,99,16,77,112,71,56,18,62,120,24,197,26,9,143,20,3,2,121,160,92,49,130,22,38,34,124,94,75,12,165,153,187,127,39,107,87,76,50,191,93,23,30,134,58,86,69,64,101,151,54,158,199,6,117,98,25,110,81,52,182,28,162,78,60,79,185,148,167,61,41,36,46,131,59,133,96,157,138,178,164,173,66,126,198,159,140,118,109,29,154,156,106,19,108,146,43,128,85,152,111,83,181,82,192,139,33,13,172,195,40,37,15,35,88,145,189,194,31,171,116,57,0,113,196,89,5,141,119,74,183,63,51,72,147,65,102,115,14,45,55,155,184,161,80,114,177,169,53,11,104,180,163,170,95,137,90,125,149,32,68,97,100,7,175,179,27,150,136,144,70,168,17,103,105,142,190,188,186,176,42,47,132,166,123,44];False
2303;8267;10570;[4,67,193,48,10,1,91,129,8,84,122,73,174,135,21,99,16,77,112,71,56,18,62,120,24,197,26,9,143,41,3,2,121,160,92,49,130,22,38,34,124,94,75,12,165,153,187,127,39,107,87,76,50,53,93,23,30,134,58,86,69,64,101,151,54,158,199,6,117,98,25,110,81,52,182,28,162,78,60,79,185,148,167,61,20,36,46,131,59,133,96,157,138,178,164,173,66,126,198,159,140,118,109,29,154,156,106,19,108,146,43,128,85,152,111,83,181,82,192,139,33,13,172,195,40,37,15,35,88,145,189,194,31,171,116,57,0,113,196,89,5,141,119,74,183,63,51,72,147,65,102,115,14,45,55,155,184,161,80,114,177,169,191,11,104,180,163,170,95,137,90,125,149,32,68,97,100,7,175,179,27,150,136,144,70,168,17,103,105,142,190,188,186,176,42,47,132,166,123,44];False
2342;8228;10570;[4,67,193,48,10,1,91,129,8,84,122,73,174,135,21,99,16,77,112,71,56,18,62,120,24,197,26,9,143,20,3,2,121,160,92,49,130,22,38,34,124,94,75,12,165,153,43,127,39,107,87,76,50,53,93,23,30,134,58,86,69,64,101,151,54,158,199,6,117,98,25,110,81,52,182,28,162,78,60,79,185,148,167,61,41,36,46,131,59,133,96,157,138,178,164,173,66,126,198,159,140,118,109,29,154,156,106,19,108,146,187,128,85,152,111,83,181,82,192,139,33,13,172,195,40,37,15,35,88,145,189,194,31,171,116,57,0,113,196,89,5,141,119,74,183,63,51,72,147,65,102,115,14,45,55,155,184,161,80,114,177,169,191,11,104,180,163,170,95,137,90,125,149,32,68,97,100,7,175,179,27,150,136,144,70,168,17,103,105,142,190,188,186,176,42,47,132,166,123,44];False
2277;8292;10569;[4,67,193,48,10,1,91,129,8,84,122,73,174,135,21,99,16,77,112,71,56,18,62,120,24,197,26,9,143,20,3,2,121,160,92,49,130,22,38,34,124,94,75,12,165,153,187,127,39,107,87,76,50,53,93,23,30,134,58,86,69,64,101,151,54,158,199,6,117,98,25,110,81,52,182,28,162,78,116,79,185,148,167,61,41,36,46,131,59,133,96,157,138,178,164,173,66,126,198,159,140,118,109,29,154,156,106,19,108,146,43,128,85,152,111,83,181,82,192,139,33,13,172,195,40,37,15,35,88,145,189,194,31,171,60,57,0,113,196,89,5,141,119,74,183,63,51,72,147,65,102,115,14,45,55,155,184,161,80,114,177,169,191,11,104,180,163,170,95,137,90,125,149,32,68,97,100,7,175,179,27,150,136,144,70,168,17,103,105,142,190,188,186,176,42,47,132,166,123,44];False
2300;8269;10569;[4,67,193,48,10,1,91,129,8,84,122,73,174,135,21,99,16,77,112,71,56,18,62,120,24,197,26,9,143,20,3,2,121,160,92,49,130,22,38,34,124,94,75,12,165,153,187,127,39,107,87,76,50,53,93,23,30,134,58,86,69,64,101,151,54,158,199,6,117,98,25,110,81,52,182,28,162,78,60,79,185,148,167,61,41,36,46,131,59,133,96,157,138,178,164,173,66,126,198,159,140,118,109,29,154,156,106,19,108,146,43,128,85,152,111,83,181,82,192,139,33,13,172,195,40,37,15,35,88,145,189,194,31,171,116,57,0,113,196,89,5,141,119,74,183,63,51,72,147,65,102,115,14,45,55,155,184,161,80,114,177,169,191,11,104,180,163,170,95,137,90,125,149,32,68,97,100,7,175,179,27,150,136,144,70,168,17,103,105,142,190,188,123,176,42,47,132,166,186,44];False
2310;8259;10569;[4,67,193,48,10,1,91,129,8,84,122,73,174,135,21,99,16,77,112,71,56,18,62,120,24,197,26,9,143,20,3,2,121,160,92,49,130,22,38,34,124,94,75,12,165,153,187,127,39,107,87,76,50,53,93,23,141,134,58,86,69,64,101,151,54,158,199,6,117,98,25,110,81,52,182,28,162,78,60,79,185,148,167,61,41,36,46,131,59,133,96,157,138,178,164,173,66,126,198,159,140,118,109,29,154,156,106,19,108,146,43,128,85,152,111,83,181,82,192,139,33,13,172,195,40,37,15,35,88,145,189,194,31,171,116,57,0,113,196,89,5,30,119,74,183,63,51,72,147,65,102,115,14,45,55,155,184,161,80,114,177,169,191,11,104,180,163,170,95,137,90,125,149,32,68,97,100,7,175,179,27,150,136,144,70,168,17,103,105,142,190,188,186,176,42,47,132,166,123,44];False
2315;8253;10568;[4,67,193,48,10,1,91,129,8,84,122,73,174,135,21,99,16,77,112,71,56,18,62,120,24,197,26,9,143,20,3,2,121,160,92,49,130,22,38,34,124,94,75,12,165,153,187,127,39,107,87,76,50,53,93,23,30,134,58,86,69,64,101,151,54,158,199,6,117,98,25,110,81,52,182,28,162,78,60,79,185,148,167,61,41,36,46,131,59,133,96,157,138,178,164,173,66,126,198,159,140,118,109,29,154,156,106,19,108,146,43,128,85,152,111,83,181,82,192,139,33,13,172,195,40,37,15,35,88,145,189,194,31,171,116,57,0,113,191,89,5,141,119,74,183,63,51,72,147,65,102,115,14,45,55,155,184,161,80,114,177,169,196,11,104,180,163,170,95,137,90,125,149,32,68,97,100,7,175,179,27,150,136,144,70,168,17,103,105,142,190,188,186,176,42,47,132,166,123,44];False
2329;8239;10568;[4,67,193,48,10,1,91,129,8,84,122,73,174,135,21,99,16,77,112,71,56,18,62,120,24,197,26,9,143,20,3,2,121,160,92,49,130,22,38,34,124,94,75,12,165,153,187,127,39,107,87,76,50,53,93,23,30,134,58,86,69,64,101,151,54,158,199,6,117,98,25,110,81,52,182,28,162,78,60,79,185,148,167,61,41,36,46,131,59,133,96,157,138,178,164,173,66,126,198,159,140,118,109,29,154,156,106,19,108,146,43,128,85,152,111,83,181,82,192,139,33,13,172,195,40,37,184,35,88,145,189,194,31,171,116,57,0,113,196,89,5,141,119,74,183,63,51,72,147,65,102,115,14,45,55,155,15,161,80,114,177,169,191,11,104,180,163,170,95,137,90,125,149,32,68,97,100,7,175,179,27,150,136,144,70,168,17,103,105,142,190,188,186,176,42,47,132,166,123,44];False
2323;8245;10568;[4,67,193,48,10,1,91,129,8,84,122,73,174,135,21,99,16,77,112,71,56,18,62,120,24,197,26,9,143,20,3,2,121,160,92,49,130,22,38,34,124,94,75,12,165,153,187,127,39,107,87,76,50,53,93,23,30,134,58,86,69,64,101,79,54,158,199,6,117,98,25,110,81,52,182,28,162,78,60,151,185,148,167,61,41,36,46,131,59,133,96,157,138,178,164,173,66,126,198,159,140,118,109,29,154,156,106,19,108,146,43,128,85,152,111,83,181,82,192,139,33,13,172,195,40,37,15,35,88,145,189,194,31,171,116,57,0,113,196,89,5,141,119,74,183,63,51,72,147,65,102,115,14,45,55,155,184,161,80,114,177,169,191,11,104,180,163,170,95,137,90,125,149,32,68,97,100,7,175,179,27,150,136,144,70,168,17,103,105,142,190,188,186,176,42,47,132,166,123,44];False
2330;8238;10568;[4,67,193,48,10,1,91,129,8,84,122,73,174,135,21,99,16,77,112,71,56,18,62,120,24,197,26,9,143,20,3,2,121,160,92,49,130,22,38,34,124,94,75,12,165,153,187,127,39,107,87,76,50,53,93,23,30,134,58,86,69,64,101,151,54,158,199,6,117,98,25,110,81,52,182,28,162,78,60,79,185,148,167,61,41,36,46,131,59,133,96,157,138,178,164,173,66,15,198,159,140,118,109,29,154,156,106,19,108,146,43,128,85,152,111,83,181,82,192,139,33,13,172,195,40,37,126,35,88,145,189,194,31,171,116,57,0,113,196,89,5,141,119,74,183,63,51,72,147,65,102,115,14,45,55,155,184,161,80,114,177,169,191,11,104,180,163,170,95,137,90,125,149,32,68,97,100,7,175,179,27,150,136,144,70,168,17,103,105,142,190,188,186,176,42,47,132,166,123,44];False
2325;8242;10567;[4,67,193,48,10,1,91,129,8,76,122,73,174,135,21,99,16,77,112,71,56,18,62,120,24,197,26,9,143,20,3,2,121,160,92,49,130,22,38,34,124,94,75,12,165,153,187,127,39,107,87,84,50,53,93,23,30,134,58,86,69,64,101,151,54,158,199,6,117,98,25,110,81,52,182,28,162,78,60,79,185,148,167,61,41,36,46,131,59,133,96,157,138,178,164,173,66,126,198,159,140,118,109,29,154,156,106,19,108,146,43,128,85,152,111,83,181,82,192,139,33,13,172,195,40,37,15,35,88,145,189,194,31,171,116,57,0,113,196,89,5,141,119,74,183,63,51,72,147,65,102,115,14,45,55,155,184,161,80,114,177,169,191,11,104,180,163,170,95,137,90,125,149,32,68,97,100,7,175,179,27,150,136,144,70,168,17,103,105,142,190,188,186,176,42,47,132,166,123,44];False
2282;8285;10567;[4,67,193,48,10,1,91,129,8,84,122,73,174,135,21,99,16,77,112,71,56,18,62,120,24,197,26,9,143,20,3,2,121,160,92,49,130,22,38,34,124,94,75,12,165,153,166,127,39,107,87,76,50,53,93,23,30,134,58,86,69,64,101,151,54,158,199,6,117,98,25,110,81,52,182,28,162,78,60,79,185,148,167,61,41,36,46,131,59,133,96,157,138,178,164,173,66,126,198,159,140,118,109,29,154,156,106,19,108,146,43,128,85,152,111,83,181,82,192,139,33,13,172,195,40,37,15,35,88,145,189,194,31,171,116,57,0,113,196,89,5,141,119,74,183,63,51,72,147,65,102,115,14,45,55,155,184,161,80,114,177,169,191,11,104,180,163,170,95,137,90,125,149,32,68,97,100,7,175,179,27,150,136,144,70,168,17,103,105,142,190,188,186,176,42,47,132,187,123,44];False
2252;8315;10567;[4,67,193,48,10,1,91,129,8,84,122,73,174,135,21,99,16,77,112,71,56,18,62,120,24,197,26,9,143,20,3,2,121,160,92,49,130,22,38,34,124,94,75,12,165,153,187,127,39,107,87,76,50,53,93,23,30,134,58,86,69,64,101,151,54,158,199,6,117,126,25,110,81,52,182,28,162,78,60,79,185,148,167,61,41,36,46,131,59,133,96,157,138,178,164,173,66,98,198,159,140,118,109,29,154,156,106,19,108,146,43,128,85,152,111,83,181,82,192,139,33,13,172,195,40,37,15,35,88,145,189,194,31,171,116,57,0,113,196,89,5,141,119,74,183,63,51,72,147,65,102,115,14,45,55,155,184,161,80,114,177,169,191,11,104,180,163,170,95,137,90,125,149,32,68,97,100,7,175,179,27,150,136,144,70,168,17,103,105,142,190,188,186,176,42,47,132,166,123,44];False
2272;8295;10567;[4,67,193,48,10,1,91,129,8,84,122,73,174,135,21,99,16,77,112,71,56,18,62,120,24,197,26,9,143,20,3,2,121,160,92,49,130,22,38,34,124,94,75,12,165,153,187,127,39,107,87,76,50,53,93,23,30,134,58,86,69,64,101,151,54,158,199,6,117,98,25,110,81,52,182,28,162,78,60,79,185,148,167,61,41,19,46,131,59,133,96,157,138,178,164,173,66,126,198,159,140,118,109,29,154,156,106,36,108,146,43,128,85,152,111,83,181,82,192,139,33,13,172,195,40,37,15,35,88,145,189,194,31,171,116,57,0,113,196,89,5,141,119,74,183,63,51,72,147,65,102,115,14,45,55,155,184,161,80,114,177,169,191,11,104,180,163,170,95,137,90,125,149,32,68,97,100,7,175,179,27,150,136,144,70,168,17,103,105,142,190,188,186,176,42,47,132,166,123,44];False
2294;8273;10567;[4,67,193,48,10,1,91,129,8,84,122,73,174,135,21,99,16,77,112,71,56,18,62,120,24,197,26,9,143,20,3,2,121,160,92,49,130,22,38,34,124,94,75,12,165,153,187,127,39,107,87,76,50,53,93,23,30,134,58,86,69,64,101,151,54,158,199,6,117,0,25,110,81,52,182,28,162,78,60,79,185,148,167,61,41,36,46,131,59,133,96,157,138,178,164,173,66,126,198,159,140,118,109,29,154,156,106,19,108,146,43,128,85,152,111,83,181,82,192,139,33,13,172,195,40,37,15,35,88,145,189,194,31,171,116,57,98,113,196,89,5,141,119,74,183,63,51,72,147,65,102,115,14,45,55,155,184,161,80,114,177,169,191,11,104,180,163,170,95,137,90,125,149,32,68,97,100,7,175,179,27,150,136,144,70,168,17,103,105,142,190,188,186,176,42,47,132,166,123,44];False
2328;8239;10567;[4,67,193,48,10,1,91,129,8,84,122,73,174,135,21,99,16,77,112,71,56,18,62,120,24,197,26,9,143,20,3,2,121,160,92,49,130,22,38,34,124,94,75,12,165,153,187,127,39,107,87,76,50,53,93,23,30,134,58,86,69,64,101,151,54,158,199,145,117,98,25,110,81,52,182,28,162,78,60,79,185,148,167,61,41,36,46,131,59,133,96,157,138,178,164,173,66,126,198,159,140,118,109,29,154,156,106,19,108,146,43,128,85,152,111,83,181,82,192,139,33,13,172,195,40,37,15,35,88,6,189,194,31,171,116,57,0,113,196,89,5,141,119,74,183,63,51,72,147,65,102,115,14,45,55,155,184,161,80,114,177,169,191,11,104,180,163,170,95,137,90,125,149,32,68,97,100,7,175,179,27,150,136,144,70,168,17,103,105,142,190,188,186,176,42,47,132,166,123,44];False
2229;8338;10567;[4,67,193,48,10,1,91,129,8,84,122,73,174,135,21,99,16,77,112,71,56,18,62,120,24,197,26,9,143,20,3,2,121,160,92,49,130,22,38,34,124,94,75,12,165,153,187,127,39,107,87,76,50,53,93,23,30,134,58,86,69,64,101,151,54,158,199,6,117,98,25,110,81,52,182,28,162,78,104,79,185,148,167,61,41,36,46,131,59,133,96,157,138,178,164,173,66,126,198,159,140,118,109,29,154,156,106,19,108,146,43,128,85,152,111,83,181,82,192,139,33,13,172,195,40,37,15,35,88,145,189,194,31,171,116,57,0,113,196,89,5,141,119,74,183,63,51,72,147,65,102,115,14,45,55,155,184,161,80,114,177,169,191,11,60,180,163,170,95,137,90,125,149,32,68,97,100,7,175,179,27,150,136,144,70,168,17,103,105,142,190,188,186,176,42,47,132,166,123,44];False
2241;8326;10567;[4,67,193,48,10,1,91,129,8,84,122,73,174,135,21,99,16,77,112,71,56,18,62,120,24,197,26,9,143,20,3,2,121,160,92,49,130,22,38,34,124,94,75,12,165,153,187,127,39,107,87,76,50,53,93,23,30,134,58,86,69,64,162,151,54,158,199,6,117,98,25,110,81,52,182,28,101,78,60,79,185,148,167,61,41,36,46,131,59,133,96,157,138,178,164,173,66,126,198,159,140,118,109,29,154,156,106,19,108,146,43,128,85,152,111,83,181,82,192,139,33,13,172,195,40,37,15,35,88,145,189,194,31,171,116,57,0,113,196,89,5,141,119,74,183,63,51,72,147,65,102,115,14,45,55,155,184,161,80,114,177,169,191,11,104,180,163,170,95,137,90,125,149,32,68,97,100,7,175,179,27,150,136,144,70,168,17,103,105,142,190,188,186,176,42,47,132,166,123,44];False
2307;8260;10567;[4,67,193,48,10,1,91,129,8,84,122,73,174,135,21,99,16,77,112,71,56,18,62,120,24,197,26,9,143,20,3,2,121,160,92,49,130,22,38,34,124,94,75,12,165,153,187,127,39,107,87,76,50,53,93,23,30,134,58,86,69,64,101,151,54,5,199,6,117,98,25,110,81,52,182,28,162,78,60,79,185,148,167,61,41,36,46,131,59,133,96,157,138,178,164,173,66,126,198,159,140,118,109,29,154,156,106,19,108,146,43,128,85,152,111,83,181,82,192,139,33,13,172,195,40,37,15,35,88,145,189,194,31,171,116,57,0,113,196,89,158,141,119,74,183,63,51,72,147,65,102,115,14,45,55,155,184,161,80,114,177,169,191,11,104,180,163,170,95,137,90,125,149,32,68,97,100,7,175,179,27,150,136,144,70,168,17,103,105,142,190,188,186,176,42,47,132,166,123,44];False
2321;8245;10566;[4,67,193,48,10,1,91,129,8,84,122,73,174,135,21,99,16,77,112,71,56,18,62,120,24,197,26,9,143,20,3,2,121,160,92,49,130,22,38,34,124,94,75,12,165,153,187,127,39,107,87,76,50,53,93,23,30,134,58,86,69,169,101,151,54,158,199,6,117,98,25,110,81,52,182,28,162,78,60,79,185,148,167,61,41,36,46,131,59,133,96,157,138,178,164,173,66,126,198,159,140,118,109,29,154,156,106,19,108,146,43,128,85,152,111,83,181,82,192,139,33,13,172,195,40,37,15,35,88,145,189,194,31,171,116,57,0,113,196,89,5,141,119,74,183,63,51,72,147,65,102,115,14,45,55,155,184,161,80,114,177,64,191,11,104,180,163,170,95,137,90,125,149,32,68,97,100,7,175,179,27,150,136,144,70,168,17,103,105,142,190,188,186,176,42,47,132,166,123,44];False
2318;8248;10566;[4,67,193,48,10,1,91,129,8,84,122,73,174,135,21,99,16,77,112,71,56,18,62,120,24,197,26,9,143,20,3,2,121,160,92,49,130,22,38,34,124,94,75,12,165,153,187,127,39,107,87,76,50,53,72,23,30,134,58,86,69,64,101,151,54,158,199,6,117,98,25,110,81,52,182,28,162,78,60,79,185,148,167,61,41,36,46,131,59,133,96,157,138,178,164,173,66,126,198,159,140,118,109,29,154,156,106,19,108,146,43,128,85,152,111,83,181,82,192,139,33,13,172,195,40,37,15,35,88,145,189,194,31,171,116,57,0,113,196,89,5,141,119,74,183,63,51,93,147,65,102,115,14,45,55,155,184,161,80,114,177,169,191,11,104,180,163,170,95,137,90,125,149,32,68,97,100,7,175,179,27,150,136,144,70,168,17,103,105,142,190,188,186,176,42,47,132,166,123,44];False
2322;8244;10566;[4,67,193,48,10,1,91,129,8,84,122,73,174,135,21,99,16,77,112,71,56,18,62,120,24,197,26,9,143,20,3,2,121,160,92,49,130,22,38,34,124,94,75,12,165,153,187,127,39,107,87,76,50,53,93,23,30,134,58,86,69,64,101,151,54,158,199,6,117,98,25,110,81,52,182,28,162,78,60,79,185,148,167,61,41,36,46,131,59,133,96,157,138,178,164,173,66,29,198,159,140,118,109,126,154,156,106,19,108,146,43,128,85,152,111,83,181,82,192,139,33,13,172,195,40,37,15,35,88,145,189,194,31,171,116,57,0,113,196,89,5,141,119,74,183,63,51,72,147,65,102,115,14,45,55,155,184,161,80,114,177,169,191,11,104,180,163,170,95,137,90,125,149,32,68,97,100,7,175,179,27,150,136,144,70,168,17,103,105,142,190,188,186,176,42,47,132,166,123,44];False
2298;8268;10566;[4,67,193,48,10,1,91,129,8,84,122,73,174,135,21,99,16,77,112,71,56,18,62,120,24,197,26,9,143,20,3,2,121,160,92,49,130,22,38,34,124,94,75,12,165,153,187,127,39,107,87,76,162,53,93,23,30,134,58,86,69,64,101,151,54,158,199,6,117,98,25,110,81,52,182,28,50,78,60,79,185,148,167,61,41,36,46,131,59,133,96,157,138,178,164,173,66,126,198,159,140,118,109,29,154,156,106,19,108,146,43,128,85,152,111,83,181,82,192,139,33,13,172,195,40,37,15,35,88,145,189,194,31,171,116,57,0,113,196,89,5,141,119,74,183,63,51,72,147,65,102,115,14,45,55,155,184,161,80,114,177,169,191,11,104,180,163,170,95,137,90,125,149,32,68,97,100,7,175,179,27,150,136,144,70,168,17,103,105,142,190,188,186,176,42,47,132,166,123,44];False
2321;8244;10565;[4,67,193,48,10,1,91,129,8,84,122,73,174,135,21,99,16,77,112,71,56,18,62,120,24,197,26,9,143,142,3,2,121,160,92,49,130,22,38,34,124,94,75,12,165,153,187,127,39,107,87,76,50,53,93,23,30,134,58,86,69,64,101,151,54,158,199,6,117,98,25,110,81,52,182,28,162,78,60,79,185,148,167,61,41,36,46,131,59,133,96,157,138,178,164,173,66,126,198,159,140,118,109,29,154,156,106,19,108,146,43,128,85,152,111,83,181,82,192,139,33,13,172,195,40,37,15,35,88,145,189,194,31,171,116,57,0,113,196,89,5,141,119,74,183,63,51,72,147,65,102,115,14,45,55,155,184,161,80,114,177,169,191,11,104,180,163,170,95,137,90,125,149,32,68,97,100,7,175,179,27,150,136,144,70,168,17,103,105,20,190,188,186,176,42,47,132,166,123,44];False
2293;8272;10565;[4,67,193,48,10,1,91,129,8,84,122,73,174,135,21,99,16,77,112,6,56,18,62,120,24,197,26,9,143,20,3,2,121,160,92,49,130,22,38,34,124,94,75,12,165,153,187,127,39,107,87,76,50,53,93,23,30,134,58,86,69,64,101,151,54,158,199,71,117,98,25,110,81,52,182,28,162,78,60,79,185,148,167,61,41,36,46,131,59,133,96,157,138,178,164,173,66,126,198,159,140,118,109,29,154,156,106,19,108,146,43,128,85,152,111,83,181,82,192,139,33,13,172,195,40,37,15,35,88,145,189,194,31,171,116,57,0,113,196,89,5,141,119,74,183,63,51,72,147,65,102,115,14,45,55,155,184,161,80,114,177,169,191,11,104,180,163,170,95,137,90,125,149,32,68,97,100,7,175,179,27,150,136,144,70,168,17,103,105,142,190,188,186,176,42,47,132,166,123,44];False
2260;8305;10565;[4,67,193,48,10,1,91,129,8,84,122,73,174,135,21,99,16,77,112,71,56,18,62,120,24,197,26,9,143,20,3,2,121,160,92,49,93,22,38,34,124,94,75,12,165,153,187,127,39,107,87,76,50,53,130,23,30,134,58,86,69,64,101,151,54,158,199,6,117,98,25,110,81,52,182,28,162,78,60,79,185,148,167,61,41,36,46,131,59,133,96,157,138,178,164,173,66,126,198,159,140,118,109,29,154,156,106,19,108,146,43,128,85,152,111,83,181,82,192,139,33,13,172,195,40,37,15,35,88,145,189,194,31,171,116,57,0,113,196,89,5,141,119,74,183,63,51,72,147,65,102,115,14,45,55,155,184,161,80,114,177,169,191,11,104,180,163,170,95,137,90,125,149,32,68,97,100,7,175,179,27,150,136,144,70,168,17,103,105,142,190,188,186,176,42,47,132,166,123,44];False
2317;8248;10565;[4,67,193,48,10,1,91,129,8,84,122,73,174,135,21,99,16,77,112,71,56,18,62,120,24,197,26,9,143,20,3,2,121,160,92,49,130,22,38,34,124,94,75,12,165,153,187,127,39,107,87,76,50,53,93,23,30,134,58,86,69,64,101,151,54,158,145,6,117,98,25,110,81,52,182,28,162,78,60,79,185,148,167,61,41,36,46,131,59,133,96,157,138,178,164,173,66,126,198,159,140,118,109,29,154,156,106,19,108,146,43,128,85,152,111,83,181,82,192,139,33,13,172,195,40,37,15,35,88,199,189,194,31,171,116,57,0,113,196,89,5,141,119,74,183,63,51,72,147,65,102,115,14,45,55,155,184,161,80,114,177,169,191,11,104,180,163,170,95,137,90,125,149,32,68,97,100,7,175,179,27,150,136,144,70,168,17,103,105,142,190,188,186,176,42,47,132,166,123,44];False
2316;8249;10565;[4,67,193,48,10,1,91,129,8,84,122,73,174,135,21,99,16,77,112,71,56,18,62,120,24,197,26,9,143,20,3,2,121,160,92,49,130,22,38,34,124,94,75,12,165,153,187,127,39,107,87,76,50,53,93,23,30,134,58,86,69,64,101,151,54,158,199,6,117,98,25,110,81,52,182,28,162,78,60,79,185,148,167,61,41,36,46,131,59,133,96,157,138,178,164,173,66,126,198,159,140,118,109,29,154,156,106,19,108,146,43,128,85,152,111,83,181,82,192,139,33,13,172,195,40,37,15,35,88,145,189,194,31,171,116,57,0,113,196,89,5,141,119,74,183,63,51,72,147,65,102,115,14,45,55,155,184,161,80,114,177,169,191,11,104,180,163,170,95,137,90,149,125,32,68,97,100,7,175,179,27,150,136,144,70,168,17,103,105,142,190,188,186,176,42,47,132,166,123,44];False
2330;8235;10565;[4,67,193,48,10,1,91,129,8,84,122,73,174,135,21,99,16,77,112,71,56,18,62,120,24,197,26,9,143,20,3,2,121,160,92,49,130,22,38,34,124,94,75,12,165,153,187,127,39,107,87,76,50,53,93,23,30,134,58,86,69,64,101,151,54,158,199,6,117,98,25,110,81,52,182,28,162,78,60,79,185,148,167,61,41,36,46,131,59,133,96,157,138,178,164,173,66,126,198,159,140,118,109,29,154,156,106,19,108,146,43,128,85,152,111,83,181,82,192,139,33,13,172,195,40,37,15,35,88,145,189,194,31,171,116,57,0,113,196,89,5,141,119,74,183,63,51,72,147,65,102,115,14,190,55,155,184,161,80,114,177,169,191,11,104,180,163,170,95,137,90,125,149,32,68,97,100,7,175,179,27,150,136,144,70,168,17,103,105,142,45,188,186,176,42,47,132,166,123,44];False
2297;8268;10565;[4,67,193,48,10,1,91,129,8,84,122,73,174,135,21,99,16,77,112,71,56,18,62,120,24,197,26,9,38,20,3,2,121,160,92,49,130,22,143,34,124,94,75,12,165,153,187,127,39,107,87,76,50,53,93,23,30,134,58,86,69,64,101,151,54,158,199,6,117,98,25,110,81,52,182,28,162,78,60,79,185,148,167,61,41,36,46,131,59,133,96,157,138,178,164,173,66,126,198,159,140,118,109,29,154,156,106,19,108,146,43,128,85,152,111,83,181,82,192,139,33,13,172,195,40,37,15,35,88,145,189,194,31,171,116,57,0,113,196,89,5,141,119,74,183,63,51,72,147,65,102,115,14,45,55,155,184,161,80,114,177,169,191,11,104,180,163,170,95,137,90,125,149,32,68,97,100,7,175,179,27,150,136,144,70,168,17,103,105,142,190,188,186,176,42,47,132,166,123,44];False
2273;8291;10564;[4,113,193,48,10,1,91,129,8,84,122,73,174,135,21,99,16,77,112,71,56,18,62,120,24,197,26,9,143,20,3,2,121,160,92,49,130,22,38,34,124,94,75,12,165,153,187,127,39,107,87,76,50,53,93,23,30,134,58,86,69,64,101,151,54,158,199,6,117,98,25,110,81,52,182,28,162,78,60,79,185,148,167,61,41,36,46,131,59,133,96,157,138,178,164,173,66,126,198,159,140,118,109,29,154,156,106,19,108,146,43,128,85,152,111,83,181,82,192,139,33,13,172,195,40,37,15,35,88,145,189,194,31,171,116,57,0,67,196,89,5,141,119,74,183,63,51,72,147,65,102,115,14,45,55,155,184,161,80,114,177,169,191,11,104,180,163,170,95,137,90,125,149,32,68,97,100,7,175,179,27,150,136,144,70,168,17,103,105,142,190,188,186,176,42,47,132,166,123,44];False
2298;8266;10564;[4,67,193,48,10,1,91,129,8,84,122,73,138,135,21,99,16,77,112,71,56,18,62,120,24,197,26,9,143,20,3,2,121,160,92,49,130,22,38,34,124,94,75,12,165,153,187,127,39,107,87,76,50,53,93,23,30,134,58,86,69,64,101,151,54,158,199,6,117,98,25,110,81,52,182,28,162,78,60,79,185,148,167,61,41,36,46,131,59,133,96,157,174,178,164,173,66,126,198,159,140,118,109,29,154,156,106,19,108,146,43,128,85,152,111,83,181,82,192,139,33,13,172,195,40,37,15,35,88,145,189,194,31,171,116,57,0,113,196,89,5,141,119,74,183,63,51,72,147,65,102,115,14,45,55,155,184,161,80,114,177,169,191,11,104,180,163,170,95,137,90,125,149,32,68,97,100,7,175,179,27,150,136,144,70,168,17,103,105,142,190,188,186,176,42,47,132,166,123,44];False
2268;8296;10564;[176,67,193,48,10,1,91,129,8,84,122,73,174,135,21,99,16,77,112,71,56,18,62,120,24,197,26,9,143,20,3,2,121,160,92,49,130,22,38,34,124,94,75,12,165,153,187,127,39,107,87,76,50,53,93,23,30,134,58,86,69,64,101,151,54,158,199,6,117,98,25,110,81,52,182,28,162,78,60,79,185,148,167,61,41,36,46,131,59,133,96,157,138,178,164,173,66,126,198,159,140,118,109,29,154,156,106,19,108,146,43,128,85,152,111,83,181,82,192,139,33,13,172,195,40,37,15,35,88,145,189,194,31,171,116,57,0,113,196,89,5,141,119,74,183,63,51,72,147,65,102,115,14,45,55,155,184,161,80,114,177,169,191,11,104,180,163,170,95,137,90,125,149,32,68,97,100,7,175,179,27,150,136,144,70,168,17,103,105,142,190,188,186,4,42,47,132,166,123,44];False
2303;8261;10564;[4,67,193,48,10,1,91,129,8,84,122,73,174,135,21,99,16,77,112,71,56,18,62,120,24,197,26,9,143,20,3,2,121,160,92,49,130,22,38,34,124,94,75,12,165,153,187,127,39,107,87,76,50,53,93,23,30,134,58,86,69,64,101,151,54,158,199,6,117,98,25,110,81,52,182,28,162,78,60,79,185,148,167,61,41,36,46,131,59,133,96,157,138,178,164,173,66,126,198,159,140,118,109,29,154,156,106,19,108,146,43,128,85,152,111,83,181,82,192,139,33,13,172,195,40,37,15,35,88,145,189,194,31,171,116,57,0,113,196,89,5,141,119,74,183,63,51,72,104,65,102,115,14,45,55,155,184,161,80,114,177,169,191,11,147,180,163,170,95,137,90,125,149,32,68,97,100,7,175,179,27,150,136,144,70,168,17,103,105,142,190,188,186,176,42,47,132,166,123,44];False
2295;8269;10564;[4,67,193,48,10,1,91,129,8,84,122,73,174,135,21,99,16,77,112,71,56,18,62,120,24,197,26,9,143,20,3,2,121,160,92,49,130,22,38,34,124,94,75,12,165,153,187,127,39,107,87,76,50,53,93,23,30,134,58,86,69,64,101,151,54,158,199,6,117,98,25,110,81,52,182,28,162,78,60,79,185,148,167,61,41,36,46,131,137,133,96,157,138,178,164,173,66,126,198,159,140,118,109,29,154,156,106,19,108,146,43,128,85,152,111,83,181,82,192,139,33,13,172,195,40,37,15,35,88,145,189,194,31,171,116,57,0,113,196,89,5,141,119,74,183,63,51,72,147,65,102,115,14,45,55,155,184,161,80,114,177,169,191,11,104,180,163,170,95,59,90,125,149,32,68,97,100,7,175,179,27,150,136,144,70,168,17,103,105,142,190,188,186,176,42,47,132,166,123,44];False
2316;8248;10564;[4,67,193,48,10,1,91,129,8,84,122,73,174,135,21,99,198,77,112,71,56,18,62,120,24,197,26,9,143,20,3,2,121,160,92,49,130,22,38,34,124,94,75,12,165,153,187,127,39,107,87,76,50,53,93,23,30,134,58,86,69,64,101,151,54,158,199,6,117,98,25,110,81,52,182,28,162,78,60,79,185,148,167,61,41,36,46,131,59,133,96,157,138,178,164,173,66,126,16,159,140,118,109,29,154,156,106,19,108,146,43,128,85,152,111,83,181,82,192,139,33,13,172,195,40,37,15,35,88,145,189,194,31,171,116,57,0,113,196,89,5,141,119,74,183,63,51,72,147,65,102,115,14,45,55,155,184,161,80,114,177,169,191,11,104,180,163,170,95,137,90,125,149,32,68,97,100,7,175,179,27,150,136,144,70,168,17,103,105,142,190,188,186,176,42,47,132,166,123,44];False
2303;8261;10564;[4,67,193,48,10,1,91,129,8,84,122,73,174,135,21,99,16,77,112,71,56,18,62,120,24,197,26,9,143,20,3,2,121,160,92,49,130,22,38,34,124,94,75,12,165,153,187,127,39,107,87,76,50,53,93,23,30,134,58,86,69,64,101,151,54,158,199,6,117,98,25,110,81,52,35,28,162,78,60,79,185,148,167,61,41,36,46,131,59,133,96,157,138,178,164,173,66,126,198,159,140,118,109,29,154,156,106,19,108,146,43,128,85,152,111,83,181,82,192,139,33,13,172,195,40,37,15,182,88,145,189,194,31,171,116,57,0,113,196,89,5,141,119,74,183,63,51,72,147,65,102,115,14,45,55,155,184,161,80,114,177,169,191,11,104,180,163,170,95,137,90,125,149,32,68,97,100,7,175,179,27,150,136,144,70,168,17,103,105,142,190,188,186,176,42,47,132,166,123,44];False
2288;8275;10563;[4,67,193,48,10,1,91,129,8,84,122,73,174,135,21,99,16,77,112,71,56,18,62,120,24,197,26,9,143,20,3,2,121,160,92,49,130,22,38,34,124,94,75,12,165,153,187,127,39,107,87,76,50,53,93,23,30,134,58,86,69,64,101,151,54,158,199,6,117,98,25,110,81,52,182,28,162,78,60,79,185,148,167,61,41,36,46,131,59,133,96,157,138,178,164,173,66,126,198,159,140,118,109,29,154,156,106,19,108,146,43,128,85,152,111,83,181,82,192,139,33,13,172,195,40,37,15,35,88,145,189,194,31,171,116,57,0,113,196,89,5,141,119,74,183,63,51,72,147,65,102,97,14,45,55,155,184,161,80,114,177,169,191,11,104,180,163,170,95,137,90,125,149,32,68,115,100,7,175,179,27,150,136,144,70,168,17,103,105,142,190,188,186,176,42,47,132,166,123,44];False
2284;8279;10563;[4,67,193,48,10,1,91,129,8,84,122,73,174,135,21,99,16,77,112,71,56,18,62,120,24,197,26,9,143,20,3,2,121,160,92,49,130,22,38,34,124,94,75,12,165,153,187,127,39,107,87,76,50,53,93,23,30,134,58,86,69,64,101,151,54,158,199,6,117,98,25,110,81,52,182,28,162,78,60,79,185,148,167,61,14,36,46,131,59,133,96,157,138,178,164,173,66,126,198,159,140,118,109,29,154,156,106,19,108,146,43,128,85,152,111,83,181,82,192,139,33,13,172,195,40,37,15,35,88,145,189,194,31,171,116,57,0,113,196,89,5,141,119,74,183,63,51,72,147,65,102,115,41,45,55,155,184,161,80,114,177,169,191,11,104,180,163,170,95,137,90,125,149,32,68,97,100,7,175,179,27,150,136,144,70,168,17,103,105,142,190,188,186,176,42,47,132,166,123,44];False
2302;8261;10563;[4,67,193,48,10,1,91,129,8,84,122,73,174,135,21,99,16,77,112,71,56,18,62,120,24,197,26,9,143,20,3,2,121,160,92,49,130,22,38,34,124,94,75,12,165,153,187,127,39,107,87,76,50,53,93,23,30,134,58,86,69,64,101,151,54,158,199,6,117,98,25,110,81,52,182,28,162,78,60,79,185,148,167,61,41,36,46,131,59,133,96,157,138,178,164,173,66,126,198,159,140,118,109,29,154,156,106,19,108,146,43,128,85,80,111,83,181,82,192,139,33,13,172,195,40,37,15,35,88,145,189,194,31,171,116,57,0,113,196,89,5,141,119,74,183,63,51,72,147,65,102,115,14,45,55,155,184,161,152,114,177,169,191,11,104,180,163,170,95,137,90,125,149,32,68,97,100,7,175,179,27,150,136,144,70,168,17,103,105,142,190,188,186,176,42,47,132,166,123,44];False
2314;8249;10563;[4,67,193,48,10,1,91,129,8,84,122,73,174,135,21,99,16,77,112,71,56,18,62,120,24,197,26,9,143,20,3,2,121,160,92,49,130,22,38,34,124,94,75,184,165,153,187,127,39,107,87,76,50,53,93,23,30,134,58,86,69,64,101,151,54,158,199,6,117,98,25,110,81,52,182,28,162,78,60,79,185,148,167,61,41,36,46,131,59,133,96,157,138,178,164,173,66,126,198,159,140,118,109,29,154,156,106,19,108,146,43,128,85,152,111,83,181,82,192,139,33,13,172,195,40,37,15,35,88,145,189,194,31,171,116,57,0,113,196,89,5,141,119,74,183,63,51,72,147,65,102,115,14,45,55,155,12,161,80,114,177,169,191,11,104,180,163,170,95,137,90,125,149,32,68,97,100,7,175,179,27,150,136,144,70,168,17,103,105,142,190,188,186,176,42,47,132,166,123,44];False
2274;8289;10563;[4,67,193,48,10,1,91,129,8,84,122,73,174,135,21,99,16,77,112,71,56,18,62,120,24,197,26,9,143,20,3,2,121,160,92,49,130,22,38,34,124,94,75,12,165,153,187,127,39,107,87,76,50,53,93,23,30,134,58,86,69,64,101,32,54,158,199,6,117,98,25,110,81,52,182,28,162,78,60,79,185,148,167,61,41,36,46,131,59,133,96,157,138,178,164,173,66,126,198,159,140,118,109,29,154,156,106,19,108,146,43,128,85,152,111,83,181,82,192,139,33,13,172,195,40,37,15,35,88,145,189,194,31,171,116,57,0,113,196,89,5,141,119,74,183,63,51,72,147,65,102,115,14,45,55,155,184,161,80,114,177,169,191,11,104,180,163,170,95,137,90,125,149,151,68,97,100,7,175,179,27,150,136,144,70,168,17,103,105,142,190,188,186,176,42,47,132,166,123,44];False
2294;8267;10561;[4,67,193,48,10,1,91,129,8,84,122,73,174,135,21,99,16,77,112,71,56,18,62,120,24,197,26,9,143,20,3,2,121,160,92,49,130,22,38,34,124,94,75,12,165,153,187,127,39,107,87,76,50,53,93,23,30,134,58,86,69,64,101,151,54,158,199,6,117,98,25,110,81,52,182,28,162,78,60,79,185,148,167,61,41,36,46,131,59,133,96,157,138,178,164,173,66,126,198,159,140,118,109,29,154,156,106,19,108,146,43,128,85,152,111,83,181,82,192,139,33,13,172,195,40,37,15,35,88,145,189,194,31,171,116,57,0,113,196,95,5,141,119,74,183,63,51,72,147,65,102,115,14,45,55,155,184,161,80,114,177,169,191,11,104,180,163,170,89,137,90,125,149,32,68,97,100,7,175,179,27,150,136,144,70,168,17,103,105,142,190,188,186,176,42,47,132,166,123,44];False
2324;8237;10561;[4,67,193,48,10,1,91,129,8,84,122,73,174,135,21,99,16,77,112,71,56,18,62,120,24,197,26,9,143,20,3,2,121,160,92,49,130,22,38,34,124,94,75,12,165,153,187,127,39,107,87,76,50,53,93,23,30,134,58,86,69,64,101,151,54,158,199,6,117,98,25,110,81,52,182,28,162,78,60,79,185,148,167,61,41,36,46,131,59,133,96,157,138,178,164,173,66,126,198,159,140,118,109,29,154,156,106,19,108,146,43,128,85,152,111,83,181,82,192,139,33,13,172,195,40,37,15,35,88,145,189,194,31,171,116,57,0,113,196,89,5,141,119,74,183,63,51,72,147,65,102,115,14,45,55,44,184,161,80,114,177,169,191,11,104,180,163,170,95,137,90,125,149,32,68,97,100,7,175,179,27,150,136,144,70,168,17,103,105,142,190,188,186,176,42,47,132,166,123,155];False
2270;8291;10561;[4,67,193,48,10,1,91,129,8,84,122,73,174,135,21,99,16,77,112,71,56,18,62,120,24,197,26,9,143,20,3,2,121,160,92,49,130,22,38,34,124,94,75,12,165,153,187,87,39,107,127,76,50,53,93,23,30,134,58,86,69,64,101,151,54,158,199,6,117,98,25,110,81,52,182,28,162,78,60,79,185,148,167,61,41,36,46,131,59,133,96,157,138,178,164,173,66,126,198,159,140,118,109,29,154,156,106,19,108,146,43,128,85,152,111,83,181,82,192,139,33,13,172,195,40,37,15,35,88,145,189,194,31,171,116,57,0,113,196,89,5,141,119,74,183,63,51,72,147,65,102,115,14,45,55,155,184,161,80,114,177,169,191,11,104,180,163,170,95,137,90,125,149,32,68,97,100,7,175,179,27,150,136,144,70,168,17,103,105,142,190,188,186,176,42,47,132,166,123,44];False
2261;8300;10561;[4,67,193,48,10,1,91,129,8,84,122,73,174,135,21,99,16,77,112,71,56,18,62,120,24,197,26,9,143,20,3,2,121,160,92,49,130,22,38,34,124,94,75,12,165,153,187,127,39,107,87,76,50,53,93,23,30,134,58,86,69,64,101,151,54,158,199,6,117,98,25,110,81,52,182,28,162,78,60,79,185,148,167,83,41,36,46,131,59,133,96,157,138,178,164,173,66,126,198,159,140,118,109,29,154,156,106,19,108,146,43,128,85,152,111,61,181,82,192,139,33,13,172,195,40,37,15,35,88,145,189,194,31,171,116,57,0,113,196,89,5,141,119,74,183,63,51,72,147,65,102,115,14,45,55,155,184,161,80,114,177,169,191,11,104,180,163,170,95,137,90,125,149,32,68,97,100,7,175,179,27,150,136,144,70,168,17,103,105,142,190,188,186,176,42,47,132,166,123,44];False
2254;8306;10560;[4,67,193,48,10,1,91,129,8,84,122,73,174,135,21,99,16,77,112,71,56,18,62,120,24,29,26,9,143,20,3,2,121,160,92,49,130,22,38,34,124,94,75,12,165,153,187,127,39,107,87,76,50,53,93,23,30,134,58,86,69,64,101,151,54,158,199,6,117,98,25,110,81,52,182,28,162,78,60,79,185,148,167,61,41,36,46,131,59,133,96,157,138,178,164,173,66,126,198,159,140,118,109,197,154,156,106,19,108,146,43,128,85,152,111,83,181,82,192,139,33,13,172,195,40,37,15,35,88,145,189,194,31,171,116,57,0,113,196,89,5,141,119,74,183,63,51,72,147,65,102,115,14,45,55,155,184,161,80,114,177,169,191,11,104,180,163,170,95,137,90,125,149,32,68,97,100,7,175,179,27,150,136,144,70,168,17,103,105,142,190,188,186,176,42,47,132,166,123,44];False
2309;8251;10560;[4,67,193,48,10,1,91,129,8,84,122,73,174,135,21,99,16,77,112,71,56,18,62,120,24,197,26,162,143,20,3,2,121,160,92,49,130,22,38,34,124,94,75,12,165,153,187,127,39,107,87,76,50,53,93,23,30,134,58,86,69,64,101,151,54,158,199,6,117,98,25,110,81,52,182,28,9,78,60,79,185,148,167,61,41,36,46,131,59,133,96,157,138,178,164,173,66,126,198,159,140,118,109,29,154,156,106,19,108,146,43,128,85,152,111,83,181,82,192,139,33,13,172,195,40,37,15,35,88,145,189,194,31,171,116,57,0,113,196,89,5,141,119,74,183,63,51,72,147,65,102,115,14,45,55,155,184,161,80,114,177,169,191,11,104,180,163,170,95,137,90,125,149,32,68,97,100,7,175,179,27,150,136,144,70,168,17,103,105,142,190,188,186,176,42,47,132,166,123,44];False
2266;8294;10560;[4,67,193,48,10,1,91,129,8,84,122,73,174,135,21,99,16,77,112,71,56,18,62,120,24,197,26,9,143,20,3,2,121,160,92,49,130,22,38,34,124,94,75,12,165,153,187,127,39,107,87,76,50,53,93,23,30,134,58,86,69,64,101,151,54,158,199,6,117,98,25,110,81,52,182,28,162,78,60,79,185,148,167,61,41,36,46,131,59,133,96,157,138,178,164,173,66,126,198,159,140,118,109,29,154,156,106,19,108,146,43,128,85,152,111,83,181,82,192,139,33,13,172,195,40,37,15,35,63,145,189,194,31,171,116,57,0,113,196,89,5,141,119,74,183,88,51,72,147,65,102,115,14,45,55,155,184,161,80,114,177,169,191,11,104,180,163,170,95,137,90,125,149,32,68,97,100,7,175,179,27,150,136,144,70,168,17,103,105,142,190,188,186,176,42,47,132,166,123,44];False
2245;8315;10560;[4,67,193,48,10,1,91,129,8,84,122,73,174,135,21,99,16,77,112,71,56,18,62,120,24,197,26,9,143,20,3,2,121,160,92,49,130,22,38,34,124,94,75,12,165,153,187,127,39,107,47,76,50,53,93,23,30,134,58,86,69,64,101,151,54,158,199,6,117,98,25,110,81,52,182,28,162,78,60,79,185,148,167,61,41,36,46,131,59,133,96,157,138,178,164,173,66,126,198,159,140,118,109,29,154,156,106,19,108,146,43,128,85,152,111,83,181,82,192,139,33,13,172,195,40,37,15,35,88,145,189,194,31,171,116,57,0,113,196,89,5,141,119,74,183,63,51,72,147,65,102,115,14,45,55,155,184,161,80,114,177,169,191,11,104,180,163,170,95,137,90,125,149,32,68,97,100,7,175,179,27,150,136,144,70,168,17,103,105,142,190,188,186,176,42,87,132,166,123,44];False
2284;8276;10560;[4,67,193,48,10,1,91,129,8,84,122,73,174,135,21,99,16,77,112,71,56,18,62,120,24,197,26,9,143,20,3,2,121,160,92,49,130,22,38,34,124,94,75,12,165,153,187,127,39,107,87,76,50,53,93,23,30,134,58,86,198,64,101,151,54,158,199,6,117,98,25,110,81,52,182,28,162,78,60,79,185,148,167,61,41,36,46,131,59,133,96,157,138,178,164,173,66,126,69,159,140,118,109,29,154,156,106,19,108,146,43,128,85,152,111,83,181,82,192,139,33,13,172,195,40,37,15,35,88,145,189,194,31,171,116,57,0,113,196,89,5,141,119,74,183,63,51,72,147,65,102,115,14,45,55,155,184,161,80,114,177,169,191,11,104,180,163,170,95,137,90,125,149,32,68,97,100,7,175,179,27,150,136,144,70,168,17,103,105,142,190,188,186,176,42,47,132,166,123,44];False
2331;8228;10559;[4,67,193,48,10,1,91,129,8,84,122,73,174,135,21,99,16,77,112,71,56,18,62,120,24,197,26,9,143,20,3,2,121,160,92,49,130,22,38,34,124,94,75,12,165,153,187,127,39,107,87,76,50,53,93,23,30,134,58,86,69,64,101,151,54,158,199,6,117,98,25,110,81,52,182,28,162,78,60,79,185,148,167,61,41,36,46,131,59,133,96,157,138,178,164,173,66,126,198,159,140,118,109,29,154,156,106,31,108,146,43,128,85,152,111,83,181,82,192,139,33,13,172,195,40,37,15,35,88,145,189,194,19,171,116,57,0,113,196,89,5,141,119,74,183,63,51,72,147,65,102,115,14,45,55,155,184,161,80,114,177,169,191,11,104,180,163,170,95,137,90,125,149,32,68,97,100,7,175,179,27,150,136,144,70,168,17,103,105,142,190,188,186,176,42,47,132,166,123,44];False
2244;8314;10558;[4,67,193,48,10,1,91,129,8,84,122,73,174,135,21,99,16,77,112,71,56,18,62,60,24,197,26,9,143,20,3,2,121,160,92,49,130,22,38,34,124,94,75,12,165,153,187,127,39,107,87,76,50,53,93,23,30,134,58,86,69,64,101,151,54,158,199,6,117,98,25,110,81,52,182,28,162,78,120,79,185,148,167,61,41,36,46,131,59,133,96,157,138,178,164,173,66,126,198,159,140,118,109,29,154,156,106,19,108,146,43,128,85,152,111,83,181,82,192,139,33,13,172,195,40,37,15,35,88,145,189,194,31,171,116,57,0,113,196,89,5,141,119,74,183,63,51,72,147,65,102,115,14,45,55,155,184,161,80,114,177,169,191,11,104,180,163,170,95,137,90,125,149,32,68,97,100,7,175,179,27,150,136,144,70,168,17,103,105,142,190,188,186,176,42,47,132,166,123,44];False
2299;8258;10557;[4,67,193,48,10,1,91,129,8,84,122,73,174,135,21,99,16,77,112,71,56,18,62,120,24,197,26,9,143,20,3,2,121,160,92,49,130,22,38,34,124,94,75,12,165,153,187,127,39,107,87,76,50,53,93,23,30,134,58,86,69,64,101,151,54,158,199,6,117,98,25,110,81,52,182,28,162,78,60,79,185,148,167,61,41,36,46,131,59,133,96,157,138,178,164,173,66,126,198,159,140,118,109,29,154,156,106,19,108,146,116,128,85,152,111,83,181,82,192,139,33,13,172,195,40,37,15,35,88,145,189,194,31,171,43,57,0,113,196,89,5,141,119,74,183,63,51,72,147,65,102,115,14,45,55,155,184,161,80,114,177,169,191,11,104,180,163,170,95,137,90,125,149,32,68,97,100,7,175,179,27,150,136,144,70,168,17,103,105,142,190,188,186,176,42,47,132,166,123,44];False
2292;8265;10557;[4,67,193,48,10,1,91,129,8,84,122,73,174,135,15,99,16,77,112,71,56,18,62,120,24,197,26,9,143,20,3,2,121,160,92,49,130,22,38,34,124,94,75,12,165,153,187,127,39,107,87,76,50,53,93,23,30,134,58,86,69,64,101,151,54,158,199,6,117,98,25,110,81,52,182,28,162,78,60,79,185,148,167,61,41,36,46,131,59,133,96,157,138,178,164,173,66,126,198,159,140,118,109,29,154,156,106,19,108,146,43,128,85,152,111,83,181,82,192,139,33,13,172,195,40,37,21,35,88,145,189,194,31,171,116,57,0,113,196,89,5,141,119,74,183,63,51,72,147,65,102,115,14,45,55,155,184,161,80,114,177,169,191,11,104,180,163,170,95,137,90,125,149,32,68,97,100,7,175,179,27,150,136,144,70,168,17,103,105,142,190,188,186,176,42,47,132,166,123,44];False
2287;8270;10557;[4,67,193,48,10,1,91,129,8,84,122,73,174,135,21,99,16,77,112,71,56,18,62,120,24,197,26,9,143,20,3,2,121,160,92,49,130,22,38,34,124,94,110,12,165,153,187,127,39,107,87,76,50,53,93,23,30,134,58,86,69,64,101,151,54,158,199,6,117,98,25,75,81,52,182,28,162,78,60,79,185,148,167,61,41,36,46,131,59,133,96,157,138,178,164,173,66,126,198,159,140,118,109,29,154,156,106,19,108,146,43,128,85,152,111,83,181,82,192,139,33,13,172,195,40,37,15,35,88,145,189,194,31,171,116,57,0,113,196,89,5,141,119,74,183,63,51,72,147,65,102,115,14,45,55,155,184,161,80,114,177,169,191,11,104,180,163,170,95,137,90,125,149,32,68,97,100,7,175,179,27,150,136,144,70,168,17,103,105,142,190,188,186,176,42,47,132,166,123,44];False
2296;8259;10555;[4,67,193,48,10,1,91,129,8,56,122,73,174,135,21,99,16,77,112,71,84,18,62,120,24,197,26,9,143,20,3,2,121,160,92,49,130,22,38,34,124,94,75,12,165,153,187,127,39,107,87,76,50,53,93,23,30,134,58,86,69,64,101,151,54,158,199,6,117,98,25,110,81,52,182,28,162,78,60,79,185,148,167,61,41,36,46,131,59,133,96,157,138,178,164,173,66,126,198,159,140,118,109,29,154,156,106,19,108,146,43,128,85,152,111,83,181,82,192,139,33,13,172,195,40,37,15,35,88,145,189,194,31,171,116,57,0,113,196,89,5,141,119,74,183,63,51,72,147,65,102,115,14,45,55,155,184,161,80,114,177,169,191,11,104,180,163,170,95,137,90,125,149,32,68,97,100,7,175,179,27,150,136,144,70,168,17,103,105,142,190,188,186,176,42,47,132,166,123,44];False
2280;8274;10554;[4,67,193,48,10,1,91,129,8,84,122,73,174,135,21,99,16,77,112,71,56,18,62,120,24,197,26,9,143,20,3,2,121,160,92,49,130,22,38,34,124,94,75,12,165,153,187,127,39,107,87,76,50,53,93,23,30,134,58,86,69,64,101,151,54,158,199,6,117,98,25,110,81,52,182,28,162,78,60,79,185,148,167,61,41,36,46,131,59,133,96,157,138,178,164,173,66,126,198,159,140,118,109,29,154,156,106,19,108,163,43,128,85,152,111,83,181,82,192,139,33,13,172,195,40,37,15,35,88,145,189,194,31,171,116,57,0,113,196,89,5,141,119,74,183,63,51,72,147,65,102,115,14,45,55,155,184,161,80,114,177,169,191,11,104,180,146,170,95,137,90,125,149,32,68,97,100,7,175,179,27,150,136,144,70,168,17,103,105,142,190,188,186,176,42,47,132,166,123,44];False
2291;8263;10554;[4,67,193,48,10,1,91,129,8,84,122,73,174,135,21,99,16,77,112,71,56,18,62,120,24,197,26,9,143,20,3,2,121,160,92,49,130,22,38,34,124,94,75,12,165,153,187,127,39,107,87,76,50,53,93,23,30,134,58,86,47,64,101,151,54,158,199,6,117,98,25,110,81,52,182,28,162,78,60,79,185,148,167,61,41,36,46,131,59,133,96,157,138,178,164,173,66,126,198,159,140,118,109,29,154,156,106,19,108,146,43,128,85,152,111,83,181,82,192,139,33,13,172,195,40,37,15,35,88,145,189,194,31,171,116,57,0,113,196,89,5,141,119,74,183,63,51,72,147,65,102,115,14,45,55,155,184,161,80,114,177,169,191,11,104,180,163,170,95,137,90,125,149,32,68,97,100,7,175,179,27,150,136,144,70,168,17,103,105,142,190,188,186,176,42,69,132,166,123,44];False
2332;8222;10554;[4,67,193,48,10,1,91,129,8,84,122,73,174,135,21,99,16,77,112,71,56,18,62,120,24,197,26,9,143,20,3,2,121,160,92,49,130,22,38,34,124,94,75,12,165,153,187,127,39,107,87,76,50,53,93,23,30,134,58,86,69,64,101,151,54,158,199,6,117,98,25,110,81,52,182,28,162,78,60,79,185,148,167,61,41,36,46,131,59,133,96,157,138,178,164,173,66,126,154,159,140,118,109,29,198,156,106,19,108,146,43,128,85,152,111,83,181,82,192,139,33,13,172,195,40,37,15,35,88,145,189,194,31,171,116,57,0,113,196,89,5,141,119,74,183,63,51,72,147,65,102,115,14,45,55,155,184,161,80,114,177,169,191,11,104,180,163,170,95,137,90,125,149,32,68,97,100,7,175,179,27,150,136,144,70,168,17,103,105,142,190,188,186,176,42,47,132,166,123,44];False
2297;8257;10554;[4,67,193,48,10,1,91,129,8,84,122,73,174,135,21,99,16,77,112,71,162,18,62,120,24,197,26,9,143,20,3,2,121,160,92,49,130,22,38,34,124,94,75,12,165,153,187,127,39,107,87,76,50,53,93,23,30,134,58,86,69,64,101,151,54,158,199,6,117,98,25,110,81,52,182,28,56,78,60,79,185,148,167,61,41,36,46,131,59,133,96,157,138,178,164,173,66,126,198,159,140,118,109,29,154,156,106,19,108,146,43,128,85,152,111,83,181,82,192,139,33,13,172,195,40,37,15,35,88,145,189,194,31,171,116,57,0,113,196,89,5,141,119,74,183,63,51,72,147,65,102,115,14,45,55,155,184,161,80,114,177,169,191,11,104,180,163,170,95,137,90,125,149,32,68,97,100,7,175,179,27,150,136,144,70,168,17,103,105,142,190,188,186,176,42,47,132,166,123,44];False
2274;8280;10554;[4,67,193,48,10,1,91,129,8,84,122,73,174,135,21,99,16,77,112,71,56,18,62,120,24,197,26,9,143,20,3,2,121,160,92,49,130,22,38,34,124,94,75,12,165,153,187,127,39,107,87,76,50,53,93,23,30,134,58,86,69,64,101,151,54,158,199,6,117,98,25,110,81,52,182,28,162,78,60,79,185,148,167,61,41,36,46,131,59,133,96,157,138,178,164,173,66,126,198,159,140,118,109,29,154,156,106,19,108,146,43,128,85,152,111,83,181,82,192,139,33,13,172,195,40,37,15,35,88,145,189,194,31,42,116,57,0,113,196,89,5,141,119,74,183,63,51,72,147,65,102,115,14,45,55,155,184,161,80,114,177,169,191,11,104,180,163,170,95,137,90,125,149,32,68,97,100,7,175,179,27,150,136,144,70,168,17,103,105,142,190,188,186,176,171,47,132,166,123,44];False
2301;8253;10554;[4,67,193,48,10,1,91,129,8,84,122,73,174,135,21,99,16,77,112,71,56,18,62,120,24,197,26,9,143,20,3,2,121,160,92,49,130,22,66,34,124,94,75,12,165,153,187,127,39,107,87,76,50,53,93,23,30,134,58,86,69,64,101,151,54,158,199,6,117,98,25,110,81,52,182,28,162,78,60,79,185,148,167,61,41,36,46,131,59,133,96,157,138,178,164,173,38,126,198,159,140,118,109,29,154,156,106,19,108,146,43,128,85,152,111,83,181,82,192,139,33,13,172,195,40,37,15,35,88,145,189,194,31,171,116,57,0,113,196,89,5,141,119,74,183,63,51,72,147,65,102,115,14,45,55,155,184,161,80,114,177,169,191,11,104,180,163,170,95,137,90,125,149,32,68,97,100,7,175,179,27,150,136,144,70,168,17,103,105,142,190,188,186,176,42,47,132,166,123,44];False
2266;8287;10553;[4,67,193,48,10,1,91,129,8,84,122,73,174,135,21,99,16,77,112,71,56,18,62,120,24,197,26,9,143,20,3,2,121,160,92,49,130,22,38,34,124,150,75,12,165,153,187,127,39,107,87,76,50,53,93,23,30,134,58,86,69,64,101,151,54,158,199,6,117,98,25,110,81,52,182,28,162,78,60,79,185,148,167,61,41,36,46,131,59,133,96,157,138,178,164,173,66,126,198,159,140,118,109,29,154,156,106,19,108,146,43,128,85,152,111,83,181,82,192,139,33,13,172,195,40,37,15,35,88,145,189,194,31,171,116,57,0,113,196,89,5,141,119,74,183,63,51,72,147,65,102,115,14,45,55,155,184,161,80,114,177,169,191,11,104,180,163,170,95,137,90,125,149,32,68,97,100,7,175,179,27,94,136,144,70,168,17,103,105,142,190,188,186,176,42,47,132,166,123,44];False
2285;8268;10553;[4,67,193,48,10,1,91,129,8,84,122,73,174,135,21,99,16,77,112,71,56,18,62,120,24,197,26,9,143,20,3,2,121,160,92,49,130,22,38,34,124,94,75,97,165,153,187,127,39,107,87,76,50,53,93,23,30,134,58,86,69,64,101,151,54,158,199,6,117,98,25,110,81,52,182,28,162,78,60,79,185,148,167,61,41,36,46,131,59,133,96,157,138,178,164,173,66,126,198,159,140,118,109,29,154,156,106,19,108,146,43,128,85,152,111,83,181,82,192,139,33,13,172,195,40,37,15,35,88,145,189,194,31,171,116,57,0,113,196,89,5,141,119,74,183,63,51,72,147,65,102,115,14,45,55,155,184,161,80,114,177,169,191,11,104,180,163,170,95,137,90,125,149,32,68,12,100,7,175,179,27,150,136,144,70,168,17,103,105,142,190,188,186,176,42,47,132,166,123,44];False
2268;8284;10552;[4,67,193,48,10,1,91,129,8,84,122,73,174,135,21,99,16,77,112,71,56,18,62,120,24,197,26,9,143,20,3,2,121,160,92,49,130,22,38,34,124,94,75,12,165,153,187,127,39,107,87,76,50,53,93,23,30,134,58,86,69,64,101,151,54,158,199,6,117,98,25,110,81,52,182,28,162,78,60,79,185,148,167,61,41,36,46,131,59,133,96,157,138,178,164,173,66,126,198,159,140,118,109,29,154,156,106,19,108,146,43,128,85,152,111,83,181,82,192,139,33,13,172,195,40,37,15,35,88,145,189,194,31,171,116,57,0,113,196,89,5,141,119,74,68,63,51,72,147,65,102,115,14,45,55,155,184,161,80,114,177,169,191,11,104,180,163,170,95,137,90,125,149,32,183,97,100,7,175,179,27,150,136,144,70,168,17,103,105,142,190,188,186,176,42,47,132,166,123,44];False
2298;8254;10552;[4,67,193,48,10,1,91,129,8,84,122,73,174,135,21,99,16,77,112,71,56,18,62,120,24,197,26,9,143,20,3,2,121,160,92,49,130,22,38,34,124,94,75,12,165,153,187,127,39,107,87,76,50,53,93,23,30,134,58,86,69,64,101,151,54,158,199,6,117,98,25,110,81,52,182,28,162,78,60,79,185,148,167,61,41,36,46,131,59,133,96,157,138,178,164,173,66,126,198,159,140,118,109,29,154,156,106,19,108,146,43,128,85,152,111,83,181,82,192,139,33,13,172,195,40,37,15,35,88,145,189,194,31,171,116,57,0,113,196,89,5,141,119,74,183,63,51,72,147,65,102,115,14,45,55,155,184,161,80,114,177,169,191,11,104,180,163,170,95,137,90,125,149,32,68,97,100,7,175,179,27,150,136,144,70,168,17,103,105,142,188,190,186,176,42,47,132,166,123,44];False
2303;8249;10552;[4,67,193,48,10,1,91,129,8,84,122,73,174,135,21,99,16,77,112,71,56,18,62,120,24,197,26,9,143,20,3,196,121,160,92,49,130,22,38,34,124,94,75,12,165,153,187,127,39,107,87,76,50,53,93,23,30,134,58,86,69,64,101,151,54,158,199,6,117,98,25,110,81,52,182,28,162,78,60,79,185,148,167,61,41,36,46,131,59,133,96,157,138,178,164,173,66,126,198,159,140,118,109,29,154,156,106,19,108,146,43,128,85,152,111,83,181,82,192,139,33,13,172,195,40,37,15,35,88,145,189,194,31,171,116,57,0,113,2,89,5,141,119,74,183,63,51,72,147,65,102,115,14,45,55,155,184,161,80,114,177,169,191,11,104,180,163,170,95,137,90,125,149,32,68,97,100,7,175,179,27,150,136,144,70,168,17,103,105,142,190,188,186,176,42,47,132,166,123,44];False
2307;8244;10551;[4,67,193,48,10,1,91,129,8,84,122,73,174,35,21,99,16,77,112,71,56,18,62,120,24,197,26,9,143,20,3,2,121,160,92,49,130,22,38,34,124,94,75,12,165,153,187,127,39,107,87,76,50,53,93,23,30,134,58,86,69,64,101,151,54,158,199,6,117,98,25,110,81,52,182,28,162,78,60,79,185,148,167,61,41,36,46,131,59,133,96,157,138,178,164,173,66,126,198,159,140,118,109,29,154,156,106,19,108,146,43,128,85,152,111,83,181,82,192,139,33,13,172,195,40,37,15,135,88,145,189,194,31,171,116,57,0,113,196,89,5,141,119,74,183,63,51,72,147,65,102,115,14,45,55,155,184,161,80,114,177,169,191,11,104,180,163,170,95,137,90,125,149,32,68,97,100,7,175,179,27,150,136,144,70,168,17,103,105,142,190,188,186,176,42,47,132,166,123,44];False
2297;8254;10551;[4,67,193,48,10,1,91,129,8,84,122,73,174,135,21,99,16,77,112,71,56,18,62,120,24,197,26,9,143,20,3,2,121,160,92,49,130,22,38,34,124,94,75,12,165,153,187,127,39,107,87,76,50,53,93,23,30,134,58,86,69,64,101,151,54,158,199,6,117,98,25,110,81,52,182,28,162,78,60,79,185,148,167,61,41,36,46,131,59,133,96,157,138,178,164,173,66,126,198,159,140,118,109,29,154,156,106,19,108,146,43,128,85,152,111,83,181,82,192,139,33,13,172,195,40,37,15,35,88,145,189,31,194,171,116,57,0,113,196,89,5,141,119,74,183,63,51,72,147,65,102,115,14,45,55,155,184,161,80,114,177,169,191,11,104,180,163,170,95,137,90,125,149,32,68,97,100,7,175,179,27,150,136,144,70,168,17,103,105,142,190,188,186,176,42,47,132,166,123,44];False
2283;8267;10550;[4,67,193,48,10,1,91,129,8,84,122,73,174,135,21,99,16,77,112,71,56,18,62,120,24,197,26,9,143,20,3,2,121,160,92,14,130,22,38,34,124,94,75,12,165,153,187,127,39,107,87,76,50,53,93,23,30,134,58,86,69,64,101,151,54,158,199,6,117,98,25,110,81,52,182,28,162,78,60,79,185,148,167,61,41,36,46,131,59,133,96,157,138,178,164,173,66,126,198,159,140,118,109,29,154,156,106,19,108,146,43,128,85,152,111,83,181,82,192,139,33,13,172,195,40,37,15,35,88,145,189,194,31,171,116,57,0,113,196,89,5,141,119,74,183,63,51,72,147,65,102,115,49,45,55,155,184,161,80,114,177,169,191,11,104,180,163,170,95,137,90,125,149,32,68,97,100,7,175,179,27,150,136,144,70,168,17,103,105,142,190,188,186,176,42,47,132,166,123,44];False
2272;8278;10550;[4,67,193,48,10,1,91,129,8,84,122,73,174,135,21,99,16,77,112,71,56,18,62,120,24,197,26,9,143,20,3,2,121,160,92,49,130,22,38,34,124,94,75,12,165,153,187,127,39,107,166,76,50,53,93,23,30,134,58,86,69,64,101,151,54,158,199,6,117,98,25,110,81,52,182,28,162,78,60,79,185,148,167,61,41,36,46,131,59,133,96,157,138,178,164,173,66,126,198,159,140,118,109,29,154,156,106,19,108,146,43,128,85,152,111,83,181,82,192,139,33,13,172,195,40,37,15,35,88,145,189,194,31,171,116,57,0,113,196,89,5,141,119,74,183,63,51,72,147,65,102,115,14,45,55,155,184,161,80,114,177,169,191,11,104,180,163,170,95,137,90,125,149,32,68,97,100,7,175,179,27,150,136,144,70,168,17,103,105,142,190,188,186,176,42,47,132,87,123,44];False
2272;8277;10549;[4,67,193,48,10,1,91,129,8,84,122,73,174,135,21,99,16,77,112,71,56,18,62,120,24,197,26,9,143,20,3,2,121,160,92,49,130,22,38,34,124,94,75,12,165,153,187,127,39,107,87,76,50,53,93,23,30,134,58,86,69,64,101,151,54,158,199,6,117,98,25,110,81,52,182,28,162,78,60,79,185,148,167,61,41,36,46,131,59,133,96,157,138,178,164,173,66,126,198,159,140,118,109,29,154,156,106,19,108,146,43,128,85,152,111,83,181,82,192,139,33,13,172,195,40,37,15,35,88,145,189,194,31,171,116,57,0,113,196,89,5,141,119,74,183,63,51,72,147,65,102,115,14,45,55,155,184,161,80,114,177,7,191,11,104,180,163,170,95,137,90,125,149,32,68,97,100,169,175,179,27,150,136,144,70,168,17,103,105,142,190,188,186,176,42,47,132,166,123,44];False
2305;8243;10548;[4,67,193,48,10,1,91,129,8,84,122,73,174,135,21,99,16,77,112,71,56,18,62,120,24,197,26,9,143,20,3,2,121,160,92,49,130,22,38,34,124,94,75,12,165,153,187,127,39,107,87,76,50,53,93,23,30,134,58,86,69,64,101,151,54,158,199,6,117,98,25,110,81,52,182,28,162,78,60,79,185,148,167,61,41,36,46,131,59,133,96,157,138,178,164,173,66,126,198,159,140,65,109,29,154,156,106,19,108,146,43,128,85,152,111,83,181,82,192,139,33,13,172,195,40,37,15,35,88,145,189,194,31,171,116,57,0,113,196,89,5,141,119,74,183,63,51,72,147,118,102,115,14,45,55,155,184,161,80,114,177,169,191,11,104,180,163,170,95,137,90,125,149,32,68,97,100,7,175,179,27,150,136,144,70,168,17,103,105,142,190,188,186,176,42,47,132,166,123,44];False
2301;8247;10548;[4,67,193,48,10,1,91,129,8,84,122,73,174,135,21,99,16,77,112,71,56,18,62,120,24,197,26,9,143,20,3,2,121,160,92,49,130,22,38,34,124,94,75,12,165,153,187,127,39,107,87,76,50,53,93,23,30,134,58,86,192,64,101,151,54,158,199,6,117,98,25,110,81,52,182,28,162,78,60,79,185,148,167,61,41,36,46,131,59,133,96,157,138,178,164,173,66,126,198,159,140,118,109,29,154,156,106,19,108,146,43,128,85,152,111,83,181,82,69,139,33,13,172,195,40,37,15,35,88,145,189,194,31,171,116,57,0,113,196,89,5,141,119,74,183,63,51,72,147,65,102,115,14,45,55,155,184,161,80,114,177,169,191,11,104,180,163,170,95,137,90,125,149,32,68,97,100,7,175,179,27,150,136,144,70,168,17,103,105,142,190,188,186,176,42,47,132,166,123,44];False
2299;8249;10548;[4,67,193,48,10,1,91,129,8,84,122,73,174,135,21,99,16,77,112,71,56,18,62,120,38,197,26,9,143,20,3,2,121,160,92,49,130,22,24,34,124,94,75,12,165,153,187,127,39,107,87,76,50,53,93,23,30,134,58,86,69,64,101,151,54,158,199,6,117,98,25,110,81,52,182,28,162,78,60,79,185,148,167,61,41,36,46,131,59,133,96,157,138,178,164,173,66,126,198,159,140,118,109,29,154,156,106,19,108,146,43,128,85,152,111,83,181,82,192,139,33,13,172,195,40,37,15,35,88,145,189,194,31,171,116,57,0,113,196,89,5,141,119,74,183,63,51,72,147,65,102,115,14,45,55,155,184,161,80,114,177,169,191,11,104,180,163,170,95,137,90,125,149,32,68,97,100,7,175,179,27,150,136,144,70,168,17,103,105,142,190,188,186,176,42,47,132,166,123,44];False
2278;8269;10547;[4,67,193,48,10,1,91,129,8,84,122,73,174,135,21,99,16,77,112,71,56,59,62,120,24,197,26,9,143,20,3,2,121,160,92,49,130,22,38,34,124,94,75,12,165,153,187,127,39,107,87,76,50,53,93,23,30,134,58,86,69,64,101,151,54,158,199,6,117,98,25,110,81,52,182,28,162,78,60,79,185,148,167,61,41,36,46,131,18,133,96,157,138,178,164,173,66,126,198,159,140,118,109,29,154,156,106,19,108,146,43,128,85,152,111,83,181,82,192,139,33,13,172,195,40,37,15,35,88,145,189,194,31,171,116,57,0,113,196,89,5,141,119,74,183,63,51,72,147,65,102,115,14,45,55,155,184,161,80,114,177,169,191,11,104,180,163,170,95,137,90,125,149,32,68,97,100,7,175,179,27,150,136,144,70,168,17,103,105,142,190,188,186,176,42,47,132,166,123,44];False
2281;8266;10547;[4,67,193,48,10,1,91,129,8,84,122,73,174,135,21,99,16,77,112,71,56,18,62,120,24,197,26,9,143,20,3,2,121,160,92,49,130,22,38,34,124,94,75,12,165,153,187,127,39,107,87,76,50,53,93,23,30,134,58,86,69,64,101,151,54,158,199,6,117,98,25,110,81,52,182,28,162,78,60,79,185,148,167,61,41,36,46,131,59,133,186,157,138,178,164,173,66,126,198,159,140,118,109,29,154,156,106,19,108,146,43,128,85,152,111,83,181,82,192,139,33,13,172,195,40,37,15,35,88,145,189,194,31,171,116,57,0,113,196,89,5,141,119,74,183,63,51,72,147,65,102,115,14,45,55,155,184,161,80,114,177,169,191,11,104,180,163,170,95,137,90,125,149,32,68,97,100,7,175,179,27,150,136,144,70,168,17,103,105,142,190,188,96,176,42,47,132,166,123,44];False
2262;8285;10547;[4,67,193,48,10,1,91,129,8,84,122,73,174,135,21,99,16,77,112,71,56,18,62,120,24,197,26,9,143,20,3,2,121,152,92,49,130,22,38,34,124,94,75,12,165,153,187,127,39,107,87,76,50,53,93,23,30,134,58,86,69,64,101,151,54,158,199,6,117,98,25,110,81,52,182,28,162,78,60,79,185,148,167,61,41,36,46,131,59,133,96,157,138,178,164,173,66,126,198,159,140,118,109,29,154,156,106,19,108,146,43,128,85,160,111,83,181,82,192,139,33,13,172,195,40,37,15,35,88,145,189,194,31,171,116,57,0,113,196,89,5,141,119,74,183,63,51,72,147,65,102,115,14,45,55,155,184,161,80,114,177,169,191,11,104,180,163,170,95,137,90,125,149,32,68,97,100,7,175,179,27,150,136,144,70,168,17,103,105,142,190,188,186,176,42,47,132,166,123,44];False
2270;8276;10546;[4,67,193,48,10,1,91,129,8,84,122,73,174,135,21,99,16,77,112,71,56,18,62,120,24,197,26,9,143,20,3,2,121,160,92,49,130,6,38,34,124,94,75,12,165,153,187,127,39,107,87,76,50,53,93,23,30,134,58,86,69,64,101,151,54,158,199,22,117,98,25,110,81,52,182,28,162,78,60,79,185,148,167,61,41,36,46,131,59,133,96,157,138,178,164,173,66,126,198,159,140,118,109,29,154,156,106,19,108,146,43,128,85,152,111,83,181,82,192,139,33,13,172,195,40,37,15,35,88,145,189,194,31,171,116,57,0,113,196,89,5,141,119,74,183,63,51,72,147,65,102,115,14,45,55,155,184,161,80,114,177,169,191,11,104,180,163,170,95,137,90,125,149,32,68,97,100,7,175,179,27,150,136,144,70,168,17,103,105,142,190,188,186,176,42,47,132,166,123,44];False
2280;8266;10546;[4,67,193,48,10,1,91,129,8,84,122,73,174,135,21,99,16,77,112,71,56,18,62,120,24,197,26,9,143,20,3,2,121,160,92,49,130,22,38,34,124,94,75,12,165,153,187,127,39,107,87,76,50,53,93,23,30,134,58,86,69,64,101,151,54,181,199,6,117,98,25,110,81,52,182,28,162,78,60,79,185,148,167,61,41,36,46,131,59,133,96,157,138,178,164,173,66,126,198,159,140,118,109,29,154,156,106,19,108,146,43,128,85,152,111,83,158,82,192,139,33,13,172,195,40,37,15,35,88,145,189,194,31,171,116,57,0,113,196,89,5,141,119,74,183,63,51,72,147,65,102,115,14,45,55,155,184,161,80,114,177,169,191,11,104,180,163,170,95,137,90,125,149,32,68,97,100,7,175,179,27,150,136,144,70,168,17,103,105,142,190,188,186,176,42,47,132,166,123,44];False
2298;8247;10545;[4,67,193,48,10,1,91,129,8,84,122,73,174,135,21,99,16,77,112,71,56,18,62,120,24,197,26,9,143,20,3,2,121,160,92,49,130,22,38,34,124,94,75,12,165,153,187,127,39,107,87,76,50,53,93,23,30,134,58,86,69,64,101,151,54,158,199,6,117,98,25,110,81,52,182,28,162,78,60,79,185,148,167,61,41,36,46,131,59,133,96,157,138,178,164,173,66,126,198,159,140,118,109,29,154,156,106,19,108,146,43,128,85,152,80,83,181,82,192,139,33,13,172,195,40,37,15,35,88,145,189,194,31,171,116,57,0,113,196,89,5,141,119,74,183,63,51,72,147,65,102,115,14,45,55,155,184,161,111,114,177,169,191,11,104,180,163,170,95,137,90,125,149,32,68,97,100,7,175,179,27,150,136,144,70,168,17,103,105,142,190,188,186,176,42,47,132,166,123,44];False
2307;8237;10544;[4,67,193,48,10,1,91,129,8,84,122,73,174,135,21,99,16,77,112,71,56,18,62,120,24,197,26,9,143,20,3,2,121,160,92,49,130,22,38,34,124,94,75,12,165,153,187,127,39,107,87,76,50,53,93,23,30,134,58,86,69,64,101,151,54,158,199,6,117,98,25,110,81,52,182,28,162,78,60,79,185,148,167,61,41,36,46,131,59,133,96,157,138,178,164,173,66,126,198,159,140,118,109,29,154,156,106,19,108,146,43,128,85,152,111,83,181,82,192,139,33,13,172,195,40,88,15,35,37,145,189,194,31,171,116,57,0,113,196,89,5,141,119,74,183,63,51,72,147,65,102,115,14,45,55,155,184,161,80,114,177,169,191,11,104,180,163,170,95,137,90,125,149,32,68,97,100,7,175,179,27,150,136,144,70,168,17,103,105,142,190,188,186,176,42,47,132,166,123,44];False
2289;8255;10544;[4,67,193,48,10,1,91,129,8,84,122,73,174,135,21,99,16,77,112,71,56,18,62,120,24,197,26,9,143,20,3,2,121,160,92,49,130,22,38,34,124,94,75,12,165,153,187,127,39,107,87,76,50,53,93,23,30,134,58,86,69,64,101,151,54,158,199,6,117,98,25,186,81,52,182,28,162,78,60,79,185,148,167,61,41,36,46,131,59,133,96,157,138,178,164,173,66,126,198,159,140,118,109,29,154,156,106,19,108,146,43,128,85,152,111,83,181,82,192,139,33,13,172,195,40,37,15,35,88,145,189,194,31,171,116,57,0,113,196,89,5,141,119,74,183,63,51,72,147,65,102,115,14,45,55,155,184,161,80,114,177,169,191,11,104,180,163,170,95,137,90,125,149,32,68,97,100,7,175,179,27,150,136,144,70,168,17,103,105,142,190,188,110,176,42,47,132,166,123,44];False
2287;8257;10544;[4,67,193,48,10,1,91,129,8,84,122,73,174,135,21,99,16,77,112,71,56,18,62,120,24,197,26,9,143,20,3,2,121,160,92,49,130,22,38,34,124,94,75,12,165,153,187,127,39,107,87,76,50,53,93,23,30,134,58,86,69,64,101,151,54,158,199,6,117,98,25,110,81,52,182,28,162,78,60,79,185,148,167,61,41,36,46,131,59,133,96,157,138,178,164,173,66,126,198,159,140,118,109,29,154,156,106,19,108,146,43,128,85,152,35,83,181,82,192,139,33,13,172,195,40,37,15,111,88,145,189,194,31,171,116,57,0,113,196,89,5,141,119,74,183,63,51,72,147,65,102,115,14,45,55,155,184,161,80,114,177,169,191,11,104,180,163,170,95,137,90,125,149,32,68,97,100,7,175,179,27,150,136,144,70,168,17,103,105,142,190,188,186,176,42,47,132,166,123,44];False
2279;8264;10543;[4,67,193,48,10,80,91,129,8,84,122,73,174,135,21,99,16,77,112,71,56,18,62,120,24,197,26,9,143,20,3,2,121,160,92,49,130,22,38,34,124,94,75,12,165,153,187,127,39,107,87,76,50,53,93,23,30,134,58,86,69,64,101,151,54,158,199,6,117,98,25,110,81,52,182,28,162,78,60,79,185,148,167,61,41,36,46,131,59,133,96,157,138,178,164,173,66,126,198,159,140,118,109,29,154,156,106,19,108,146,43,128,85,152,111,83,181,82,192,139,33,13,172,195,40,37,15,35,88,145,189,194,31,171,116,57,0,113,196,89,5,141,119,74,183,63,51,72,147,65,102,115,14,45,55,155,184,161,1,114,177,169,191,11,104,180,163,170,95,137,90,125,149,32,68,97,100,7,175,179,27,150,136,144,70,168,17,103,105,142,190,188,186,176,42,47,132,166,123,44];False
2308;8234;10542;[4,67,193,48,10,1,91,129,8,84,122,73,174,135,21,99,16,77,112,71,56,69,62,120,24,197,26,9,143,20,3,2,121,160,92,49,130,22,38,34,124,94,75,12,165,153,187,127,39,107,87,76,50,53,93,23,30,134,58,86,18,64,101,151,54,158,199,6,117,98,25,110,81,52,182,28,162,78,60,79,185,148,167,61,41,36,46,131,59,133,96,157,138,178,164,173,66,126,198,159,140,118,109,29,154,156,106,19,108,146,43,128,85,152,111,83,181,82,192,139,33,13,172,195,40,37,15,35,88,145,189,194,31,171,116,57,0,113,196,89,5,141,119,74,183,63,51,72,147,65,102,115,14,45,55,155,184,161,80,114,177,169,191,11,104,180,163,170,95,137,90,125,149,32,68,97,100,7,175,179,27,150,136,144,70,168,17,103,105,142,190,188,186,176,42,47,132,166,123,44];False
2313;8228;10541;[4,67,193,48,10,1,91,129,8,84,122,73,174,135,21,99,16,77,112,71,56,18,62,120,24,197,26,9,143,20,3,2,121,160,92,49,130,22,38,34,124,94,75,12,165,153,187,127,39,107,87,76,50,53,93,23,30,134,58,86,69,64,101,151,54,158,199,11,117,98,25,110,81,52,182,28,162,78,60,79,185,148,167,61,41,36,46,131,59,133,96,157,138,178,164,173,66,126,198,159,140,118,109,29,154,156,106,19,108,146,43,128,85,152,111,83,181,82,192,139,33,13,172,195,40,37,15,35,88,145,189,194,31,171,116,57,0,113,196,89,5,141,119,74,183,63,51,72,147,65,102,115,14,45,55,155,184,161,80,114,177,169,191,6,104,180,163,170,95,137,90,125,149,32,68,97,100,7,175,179,27,150,136,144,70,168,17,103,105,142,190,188,186,176,42,47,132,166,123,44];False
2275;8266;10541;[4,67,165,48,10,1,91,129,8,84,122,73,174,135,21,99,16,77,112,71,56,18,62,120,24,197,26,9,143,20,3,2,121,160,92,49,130,22,38,34,124,94,75,12,193,153,187,127,39,107,87,76,50,53,93,23,30,134,58,86,69,64,101,151,54,158,199,6,117,98,25,110,81,52,182,28,162,78,60,79,185,148,167,61,41,36,46,131,59,133,96,157,138,178,164,173,66,126,198,159,140,118,109,29,154,156,106,19,108,146,43,128,85,152,111,83,181,82,192,139,33,13,172,195,40,37,15,35,88,145,189,194,31,171,116,57,0,113,196,89,5,141,119,74,183,63,51,72,147,65,102,115,14,45,55,155,184,161,80,114,177,169,191,11,104,180,163,170,95,137,90,125,149,32,68,97,100,7,175,179,27,150,136,144,70,168,17,103,105,142,190,188,186,176,42,47,132,166,123,44];False
2294;8247;10541;[4,67,193,48,10,1,91,129,8,84,122,73,174,150,21,99,16,77,112,71,56,18,62,120,24,197,26,9,143,20,3,2,121,160,92,49,130,22,38,34,124,94,75,12,165,153,187,127,39,107,87,76,50,53,93,23,30,134,58,86,69,64,101,151,54,158,199,6,117,98,25,110,81,52,182,28,162,78,60,79,185,148,167,61,41,36,46,131,59,133,96,157,138,178,164,173,66,126,198,159,140,118,109,29,154,156,106,19,108,146,43,128,85,152,111,83,181,82,192,139,33,13,172,195,40,37,15,35,88,145,189,194,31,171,116,57,0,113,196,89,5,141,119,74,183,63,51,72,147,65,102,115,14,45,55,155,184,161,80,114,177,169,191,11,104,180,163,170,95,137,90,125,149,32,68,97,100,7,175,179,27,135,136,144,70,168,17,103,105,142,190,188,186,176,42,47,132,166,123,44];False
2282;8258;10540;[4,67,193,48,10,1,91,129,8,84,122,73,174,135,21,99,16,77,112,71,56,18,62,120,24,197,26,9,143,20,3,2,121,160,92,49,130,22,38,34,124,94,75,12,165,153,187,127,39,107,87,76,50,53,93,23,30,134,58,86,69,64,101,151,54,158,199,6,117,98,25,110,81,52,182,28,162,78,60,79,185,148,167,61,41,36,46,131,59,133,96,157,138,178,164,173,66,126,198,159,140,118,109,29,154,156,106,19,108,146,43,128,85,40,111,83,181,82,192,139,33,13,172,195,152,37,15,35,88,145,189,194,31,171,116,57,0,113,196,89,5,141,119,74,183,63,51,72,147,65,102,115,14,45,55,155,184,161,80,114,177,169,191,11,104,180,163,170,95,137,90,125,149,32,68,97,100,7,175,179,27,150,136,144,70,168,17,103,105,142,190,188,186,176,42,47,132,166,123,44];False
2259;8281;10540;[4,67,193,48,10,1,91,129,8,84,122,73,174,135,21,142,16,77,112,71,56,18,62,120,24,197,26,9,143,20,3,2,121,160,92,49,130,22,38,34,124,94,75,12,165,153,187,127,39,107,87,76,50,53,93,23,30,134,58,86,69,64,101,151,54,158,199,6,117,98,25,110,81,52,182,28,162,78,60,79,185,148,167,61,41,36,46,131,59,133,96,157,138,178,164,173,66,126,198,159,140,118,109,29,154,156,106,19,108,146,43,128,85,152,111,83,181,82,192,139,33,13,172,195,40,37,15,35,88,145,189,194,31,171,116,57,0,113,196,89,5,141,119,74,183,63,51,72,147,65,102,115,14,45,55,155,184,161,80,114,177,169,191,11,104,180,163,170,95,137,90,125,149,32,68,97,100,7,175,179,27,150,136,144,70,168,17,103,105,99,190,188,186,176,42,47,132,166,123,44];False
2247;8292;10539;[4,67,193,48,10,1,91,129,8,84,122,73,174,135,21,99,16,77,112,71,108,18,62,120,24,197,26,9,143,20,3,2,121,160,92,49,130,22,38,34,124,94,75,12,165,153,187,127,39,107,87,76,50,53,93,23,30,134,58,86,69,64,101,151,54,158,199,6,117,98,25,110,81,52,182,28,162,78,60,79,185,148,167,61,41,36,46,131,59,133,96,157,138,178,164,173,66,126,198,159,140,118,109,29,154,156,106,19,56,146,43,128,85,152,111,83,181,82,192,139,33,13,172,195,40,37,15,35,88,145,189,194,31,171,116,57,0,113,196,89,5,141,119,74,183,63,51,72,147,65,102,115,14,45,55,155,184,161,80,114,177,169,191,11,104,180,163,170,95,137,90,125,149,32,68,97,100,7,175,179,27,150,136,144,70,168,17,103,105,142,190,188,186,176,42,47,132,166,123,44];False
2235;8304;10539;[4,67,193,48,10,1,114,129,8,84,122,73,174,135,21,99,16,77,112,71,56,18,62,120,24,197,26,9,143,20,3,2,121,160,92,49,130,22,38,34,124,94,75,12,165,153,187,127,39,107,87,76,50,53,93,23,30,134,58,86,69,64,101,151,54,158,199,6,117,98,25,110,81,52,182,28,162,78,60,79,185,148,167,61,41,36,46,131,59,133,96,157,138,178,164,173,66,126,198,159,140,118,109,29,154,156,106,19,108,146,43,128,85,152,111,83,181,82,192,139,33,13,172,195,40,37,15,35,88,145,189,194,31,171,116,57,0,113,196,89,5,141,119,74,183,63,51,72,147,65,102,115,14,45,55,155,184,161,80,91,177,169,191,11,104,180,163,170,95,137,90,125,149,32,68,97,100,7,175,179,27,150,136,144,70,168,17,103,105,142,190,188,186,176,42,47,132,166,123,44];False
2267;8272;10539;[4,67,193,48,10,1,91,129,8,84,122,73,174,135,21,99,16,77,112,71,56,18,62,120,24,197,26,9,143,20,3,2,121,160,92,49,130,22,38,34,124,94,75,12,165,153,187,127,39,107,87,76,50,53,93,23,30,134,58,86,69,64,101,151,54,158,199,6,117,98,25,110,81,52,182,28,162,78,60,79,185,148,167,61,41,36,46,131,59,133,96,157,138,178,164,173,66,126,198,159,140,118,109,29,154,156,106,19,108,146,43,128,85,152,111,141,181,82,192,139,33,13,172,195,40,37,15,35,88,145,189,194,31,171,116,57,0,113,196,89,5,83,119,74,183,63,51,72,147,65,102,115,14,45,55,155,184,161,80,114,177,169,191,11,104,180,163,170,95,137,90,125,149,32,68,97,100,7,175,179,27,150,136,144,70,168,17,103,105,142,190,188,186,176,42,47,132,166,123,44];False
2271;8267;10538;[4,67,193,48,10,1,91,129,8,84,122,73,174,135,21,99,16,77,112,71,56,18,62,120,24,197,26,9,143,20,3,2,121,160,92,49,130,22,38,34,124,94,75,12,165,153,187,127,39,107,87,76,50,53,93,23,30,134,58,86,69,64,101,151,54,158,199,6,117,98,25,110,81,152,182,28,162,78,60,79,185,148,167,61,41,36,46,131,59,133,96,157,138,178,164,173,66,126,198,159,140,118,109,29,154,156,106,19,108,146,43,128,85,52,111,83,181,82,192,139,33,13,172,195,40,37,15,35,88,145,189,194,31,171,116,57,0,113,196,89,5,141,119,74,183,63,51,72,147,65,102,115,14,45,55,155,184,161,80,114,177,169,191,11,104,180,163,170,95,137,90,125,149,32,68,97,100,7,175,179,27,150,136,144,70,168,17,103,105,142,190,188,186,176,42,47,132,166,123,44];False
2291;8245;10536;[4,67,193,48,10,1,91,129,8,84,122,73,174,135,21,99,16,77,112,71,56,18,62,120,24,197,26,9,143,20,3,2,121,160,92,49,130,22,38,34,124,94,75,12,165,153,187,127,39,107,87,76,50,53,93,23,30,134,58,86,69,64,101,151,54,158,199,6,117,98,25,110,81,52,175,28,162,78,60,79,185,148,167,61,41,36,46,131,59,133,96,157,138,178,164,173,66,126,198,159,140,118,109,29,154,156,106,19,108,146,43,128,85,152,111,83,181,82,192,139,33,13,172,195,40,37,15,35,88,145,189,194,31,171,116,57,0,113,196,89,5,141,119,74,183,63,51,72,147,65,102,115,14,45,55,155,184,161,80,114,177,169,191,11,104,180,163,170,95,137,90,125,149,32,68,97,100,7,182,179,27,150,136,144,70,168,17,103,105,142,190,188,186,176,42,47,132,166,123,44];False
2274;8262;10536;[4,67,71,48,10,1,91,129,8,84,122,73,174,135,21,99,16,77,112,193,56,18,62,120,24,197,26,9,143,20,3,2,121,160,92,49,130,22,38,34,124,94,75,12,165,153,187,127,39,107,87,76,50,53,93,23,30,134,58,86,69,64,101,151,54,158,199,6,117,98,25,110,81,52,182,28,162,78,60,79,185,148,167,61,41,36,46,131,59,133,96,157,138,178,164,173,66,126,198,159,140,118,109,29,154,156,106,19,108,146,43,128,85,152,111,83,181,82,192,139,33,13,172,195,40,37,15,35,88,145,189,194,31,171,116,57,0,113,196,89,5,141,119,74,183,63,51,72,147,65,102,115,14,45,55,155,184,161,80,114,177,169,191,11,104,180,163,170,95,137,90,125,149,32,68,97,100,7,175,179,27,150,136,144,70,168,17,103,105,142,190,188,186,176,42,47,132,166,123,44];False
2273;8263;10536;[4,67,193,48,10,1,91,129,8,84,122,73,174,135,21,99,16,77,112,71,56,18,62,120,24,197,26,9,143,20,3,2,121,160,92,49,130,22,38,34,124,94,75,12,165,153,187,127,39,107,87,76,50,53,93,23,30,134,58,86,69,64,101,151,54,158,199,6,117,98,25,110,81,52,182,28,162,78,60,79,185,148,167,61,41,36,46,131,59,133,96,157,138,178,164,173,66,126,198,159,140,118,109,29,154,145,106,19,108,146,43,128,85,152,111,83,181,82,192,139,33,13,172,195,40,37,15,35,88,156,189,194,31,171,116,57,0,113,196,89,5,141,119,74,183,63,51,72,147,65,102,115,14,45,55,155,184,161,80,114,177,169,191,11,104,180,163,170,95,137,90,125,149,32,68,97,100,7,175,179,27,150,136,144,70,168,17,103,105,142,190,188,186,176,42,47,132,166,123,44];False
2271;8263;10534;[4,67,193,48,10,1,91,129,8,84,122,73,174,56,21,99,16,77,112,71,135,18,62,120,24,197,26,9,143,20,3,2,121,160,92,49,130,22,38,34,124,94,75,12,165,153,187,127,39,107,87,76,50,53,93,23,30,134,58,86,69,64,101,151,54,158,199,6,117,98,25,110,81,52,182,28,162,78,60,79,185,148,167,61,41,36,46,131,59,133,96,157,138,178,164,173,66,126,198,159,140,118,109,29,154,156,106,19,108,146,43,128,85,152,111,83,181,82,192,139,33,13,172,195,40,37,15,35,88,145,189,194,31,171,116,57,0,113,196,89,5,141,119,74,183,63,51,72,147,65,102,115,14,45,55,155,184,161,80,114,177,169,191,11,104,180,163,170,95,137,90,125,149,32,68,97,100,7,175,179,27,150,136,144,70,168,17,103,105,142,190,188,186,176,42,47,132,166,123,44];False
2247;8287;10534;[4,67,193,48,10,1,91,129,8,84,122,73,174,135,21,99,16,77,112,71,56,18,62,120,24,197,26,9,143,20,3,2,58,160,92,49,130,22,38,34,124,94,75,12,165,153,187,127,39,107,87,76,50,53,93,23,30,134,121,86,69,64,101,151,54,158,199,6,117,98,25,110,81,52,182,28,162,78,60,79,185,148,167,61,41,36,46,131,59,133,96,157,138,178,164,173,66,126,198,159,140,118,109,29,154,156,106,19,108,146,43,128,85,152,111,83,181,82,192,139,33,13,172,195,40,37,15,35,88,145,189,194,31,171,116,57,0,113,196,89,5,141,119,74,183,63,51,72,147,65,102,115,14,45,55,155,184,161,80,114,177,169,191,11,104,180,163,170,95,137,90,125,149,32,68,97,100,7,175,179,27,150,136,144,70,168,17,103,105,142,190,188,186,176,42,47,132,166,123,44];False
2253;8280;10533;[4,67,193,48,10,1,91,129,8,84,122,73,174,135,21,99,16,77,112,71,56,18,62,120,24,197,26,9,143,20,3,126,121,160,92,49,130,22,38,34,124,94,75,12,165,153,187,127,39,107,87,76,50,53,93,23,30,134,58,86,69,64,101,151,54,158,199,6,117,98,25,110,81,52,182,28,162,78,60,79,185,148,167,61,41,36,46,131,59,133,96,157,138,178,164,173,66,2,198,159,140,118,109,29,154,156,106,19,108,146,43,128,85,152,111,83,181,82,192,139,33,13,172,195,40,37,15,35,88,145,189,194,31,171,116,57,0,113,196,89,5,141,119,74,183,63,51,72,147,65,102,115,14,45,55,155,184,161,80,114,177,169,191,11,104,180,163,170,95,137,90,125,149,32,68,97,100,7,175,179,27,150,136,144,70,168,17,103,105,142,190,188,186,176,42,47,132,166,123,44];False
2290;8242;10532;[53,67,193,48,10,1,91,129,8,84,122,73,174,135,21,99,16,77,112,71,56,18,62,120,24,197,26,9,143,20,3,2,121,160,92,49,130,22,38,34,124,94,75,12,165,153,187,127,39,107,87,76,50,4,93,23,30,134,58,86,69,64,101,151,54,158,199,6,117,98,25,110,81,52,182,28,162,78,60,79,185,148,167,61,41,36,46,131,59,133,96,157,138,178,164,173,66,126,198,159,140,118,109,29,154,156,106,19,108,146,43,128,85,152,111,83,181,82,192,139,33,13,172,195,40,37,15,35,88,145,189,194,31,171,116,57,0,113,196,89,5,141,119,74,183,63,51,72,147,65,102,115,14,45,55,155,184,161,80,114,177,169,191,11,104,180,163,170,95,137,90,125,149,32,68,97,100,7,175,179,27,150,136,144,70,168,17,103,105,142,190,188,186,176,42,47,132,166,123,44];False
2278;8254;10532;[4,67,193,48,10,1,91,129,8,84,122,73,174,135,21,99,16,77,112,71,56,18,62,120,24,197,26,9,118,20,3,2,121,160,92,49,130,22,38,34,124,94,75,12,165,153,187,127,39,107,87,76,50,53,93,23,30,134,58,86,69,64,101,151,54,158,199,6,117,98,25,110,81,52,182,28,162,78,60,79,185,148,167,61,41,36,46,131,59,133,96,157,138,178,164,173,66,126,198,159,140,143,109,29,154,156,106,19,108,146,43,128,85,152,111,83,181,82,192,139,33,13,172,195,40,37,15,35,88,145,189,194,31,171,116,57,0,113,196,89,5,141,119,74,183,63,51,72,147,65,102,115,14,45,55,155,184,161,80,114,177,169,191,11,104,180,163,170,95,137,90,125,149,32,68,97,100,7,175,179,27,150,136,144,70,168,17,103,105,142,190,188,186,176,42,47,132,166,123,44];False
2265;8266;10531;[4,67,193,48,10,1,91,129,8,84,122,73,174,135,21,99,16,77,112,71,56,18,62,120,24,197,26,9,143,20,3,2,121,160,92,49,130,22,38,34,124,94,75,12,165,153,187,127,39,107,87,76,50,53,93,23,30,134,58,86,69,64,101,151,54,158,199,6,117,98,25,110,81,52,182,28,162,78,60,79,185,148,167,61,41,36,46,131,59,133,96,157,138,178,164,173,66,126,198,159,140,118,109,29,154,156,106,19,108,146,43,128,85,152,111,83,181,82,192,139,33,13,172,195,40,37,15,35,88,145,189,194,31,171,116,166,0,113,196,89,5,141,119,74,183,63,51,72,147,65,102,115,14,45,55,155,184,161,80,114,177,169,191,11,104,180,163,170,95,137,90,125,149,32,68,97,100,7,175,179,27,150,136,144,70,168,17,103,105,142,190,188,186,176,42,47,132,57,123,44];False
2288;8242;10530;[4,67,193,48,10,1,149,129,8,84,122,73,174,135,21,99,16,77,112,71,56,18,62,120,24,197,26,9,143,20,3,2,121,160,92,49,130,22,38,34,124,94,75,12,165,153,187,127,39,107,87,76,50,53,93,23,30,134,58,86,69,64,101,151,54,158,199,6,117,98,25,110,81,52,182,28,162,78,60,79,185,148,167,61,41,36,46,131,59,133,96,157,138,178,164,173,66,126,198,159,140,118,109,29,154,156,106,19,108,146,43,128,85,152,111,83,181,82,192,139,33,13,172,195,40,37,15,35,88,145,189,194,31,171,116,57,0,113,196,89,5,141,119,74,183,63,51,72,147,65,102,115,14,45,55,155,184,161,80,114,177,169,191,11,104,180,163,170,95,137,90,125,91,32,68,97,100,7,175,179,27,150,136,144,70,168,17,103,105,142,190,188,186,176,42,47,132,166,123,44];False
2301;8229;10530;[4,67,193,48,10,1,186,129,8,84,122,73,174,135,21,99,16,77,112,71,56,18,62,120,24,197,26,9,143,20,3,2,121,160,92,49,130,22,38,34,124,94,75,12,165,153,187,127,39,107,87,76,50,53,93,23,30,134,58,86,69,64,101,151,54,158,199,6,117,98,25,110,81,52,182,28,162,78,60,79,185,148,167,61,41,36,46,131,59,133,96,157,138,178,164,173,66,126,198,159,140,118,109,29,154,156,106,19,108,146,43,128,85,152,111,83,181,82,192,139,33,13,172,195,40,37,15,35,88,145,189,194,31,171,116,57,0,113,196,89,5,141,119,74,183,63,51,72,147,65,102,115,14,45,55,155,184,161,80,114,177,169,191,11,104,180,163,170,95,137,90,125,149,32,68,97,100,7,175,179,27,150,136,144,70,168,17,103,105,142,190,188,91,176,42,47,132,166,123,44];False
2247;8283;10530;[186,67,193,48,10,1,91,129,8,84,122,73,174,135,21,99,16,77,112,71,56,18,62,120,24,197,26,9,143,20,3,2,121,160,92,49,130,22,38,34,124,94,75,12,165,153,187,127,39,107,87,76,50,53,93,23,30,134,58,86,69,64,101,151,54,158,199,6,117,98,25,110,81,52,182,28,162,78,60,79,185,148,167,61,41,36,46,131,59,133,96,157,138,178,164,173,66,126,198,159,140,118,109,29,154,156,106,19,108,146,43,128,85,152,111,83,181,82,192,139,33,13,172,195,40,37,15,35,88,145,189,194,31,171,116,57,0,113,196,89,5,141,119,74,183,63,51,72,147,65,102,115,14,45,55,155,184,161,80,114,177,169,191,11,104,180,163,170,95,137,90,125,149,32,68,97,100,7,175,179,27,150,136,144,70,168,17,103,105,142,190,188,4,176,42,47,132,166,123,44];False
2291;8238;10529;[4,67,193,48,10,1,91,129,8,84,122,73,174,135,21,99,16,77,112,71,56,18,62,120,24,197,26,9,143,20,3,2,121,160,92,49,130,22,38,34,124,94,75,12,165,153,187,127,39,107,87,76,50,53,93,23,30,134,176,86,69,64,101,151,54,158,199,6,117,98,25,110,81,52,182,28,162,78,60,79,185,148,167,61,41,36,46,131,59,133,96,157,138,178,164,173,66,126,198,159,140,118,109,29,154,156,106,19,108,146,43,128,85,152,111,83,181,82,192,139,33,13,172,195,40,37,15,35,88,145,189,194,31,171,116,57,0,113,196,89,5,141,119,74,183,63,51,72,147,65,102,115,14,45,55,155,184,161,80,114,177,169,191,11,104,180,163,170,95,137,90,125,149,32,68,97,100,7,175,179,27,150,136,144,70,168,17,103,105,142,190,188,186,58,42,47,132,166,123,44];False
2273;8256;10529;[142,67,193,48,10,1,91,129,8,84,122,73,174,135,21,99,16,77,112,71,56,18,62,120,24,197,26,9,143,20,3,2,121,160,92,49,130,22,38,34,124,94,75,12,165,153,187,127,39,107,87,76,50,53,93,23,30,134,58,86,69,64,101,151,54,158,199,6,117,98,25,110,81,52,182,28,162,78,60,79,185,148,167,61,41,36,46,131,59,133,96,157,138,178,164,173,66,126,198,159,140,118,109,29,154,156,106,19,108,146,43,128,85,152,111,83,181,82,192,139,33,13,172,195,40,37,15,35,88,145,189,194,31,171,116,57,0,113,196,89,5,141,119,74,183,63,51,72,147,65,102,115,14,45,55,155,184,161,80,114,177,169,191,11,104,180,163,170,95,137,90,125,149,32,68,97,100,7,175,179,27,150,136,144,70,168,17,103,105,4,190,188,186,176,42,47,132,166,123,44];False
2273;8255;10528;[4,67,193,48,10,1,91,129,8,84,122,73,174,135,21,99,16,77,112,71,56,18,62,120,24,197,26,9,143,20,3,2,121,160,92,49,130,22,38,34,124,94,75,12,165,153,187,127,39,107,87,76,50,53,93,23,30,134,58,86,69,64,101,151,54,158,199,6,117,98,25,110,81,52,182,28,162,78,60,79,185,148,167,61,41,36,46,131,83,133,96,157,138,178,164,173,66,126,198,159,140,118,109,29,154,156,106,19,108,146,43,128,85,152,111,59,181,82,192,139,33,13,172,195,40,37,15,35,88,145,189,194,31,171,116,57,0,113,196,89,5,141,119,74,183,63,51,72,147,65,102,115,14,45,55,155,184,161,80,114,177,169,191,11,104,180,163,170,95,137,90,125,149,32,68,97,100,7,175,179,27,150,136,144,70,168,17,103,105,142,190,188,186,176,42,47,132,166,123,44];False
2252;8276;10528;[4,67,193,48,10,1,91,129,8,84,122,73,174,135,21,99,16,77,112,71,56,18,62,120,24,197,26,9,143,20,3,158,121,160,92,49,130,22,38,34,124,94,75,12,165,153,187,127,39,107,87,76,50,53,93,23,30,134,58,86,69,64,101,151,54,2,199,6,117,98,25,110,81,52,182,28,162,78,60,79,185,148,167,61,41,36,46,131,59,133,96,157,138,178,164,173,66,126,198,159,140,118,109,29,154,156,106,19,108,146,43,128,85,152,111,83,181,82,192,139,33,13,172,195,40,37,15,35,88,145,189,194,31,171,116,57,0,113,196,89,5,141,119,74,183,63,51,72,147,65,102,115,14,45,55,155,184,161,80,114,177,169,191,11,104,180,163,170,95,137,90,125,149,32,68,97,100,7,175,179,27,150,136,144,70,168,17,103,105,142,190,188,186,176,42,47,132,166,123,44];False
2254;8273;10527;[183,67,193,48,10,1,91,129,8,84,122,73,174,135,21,99,16,77,112,71,56,18,62,120,24,197,26,9,143,20,3,2,121,160,92,49,130,22,38,34,124,94,75,12,165,153,187,127,39,107,87,76,50,53,93,23,30,134,58,86,69,64,101,151,54,158,199,6,117,98,25,110,81,52,182,28,162,78,60,79,185,148,167,61,41,36,46,131,59,133,96,157,138,178,164,173,66,126,198,159,140,118,109,29,154,156,106,19,108,146,43,128,85,152,111,83,181,82,192,139,33,13,172,195,40,37,15,35,88,145,189,194,31,171,116,57,0,113,196,89,5,141,119,74,4,63,51,72,147,65,102,115,14,45,55,155,184,161,80,114,177,169,191,11,104,180,163,170,95,137,90,125,149,32,68,97,100,7,175,179,27,150,136,144,70,168,17,103,105,142,190,188,186,176,42,47,132,166,123,44];False
2276;8251;10527;[4,67,193,48,10,1,91,129,8,84,122,73,174,135,21,99,16,77,112,71,56,18,62,120,24,197,26,9,143,20,3,2,121,160,92,49,130,22,38,34,124,94,75,12,165,153,187,127,39,107,87,76,50,53,93,23,30,134,58,86,69,64,101,151,54,158,199,6,117,98,25,110,81,52,182,28,162,78,60,79,185,148,167,61,41,36,46,131,59,133,96,157,138,178,164,173,66,126,198,159,140,118,109,29,154,156,106,19,108,146,43,128,85,152,111,83,181,82,192,139,33,13,172,195,40,37,15,35,88,145,189,194,31,171,116,57,0,113,196,89,5,141,119,74,183,63,51,72,147,65,102,115,14,45,55,155,184,97,80,114,177,169,191,11,104,180,163,170,95,137,90,125,149,32,68,161,100,7,175,179,27,150,136,144,70,168,17,103,105,142,190,188,186,176,42,47,132,166,123,44];False
2267;8258;10525;[4,67,193,48,10,1,91,129,8,84,122,73,174,135,21,99,16,77,112,71,56,18,62,120,24,197,26,9,143,20,3,2,121,160,92,49,130,22,38,34,124,94,75,12,165,153,187,127,0,107,87,76,50,53,93,23,30,134,58,86,69,64,101,151,54,158,199,6,117,98,25,110,81,52,182,28,162,78,60,79,185,148,167,61,41,36,46,131,59,133,96,157,138,178,164,173,66,126,198,159,140,118,109,29,154,156,106,19,108,146,43,128,85,152,111,83,181,82,192,139,33,13,172,195,40,37,15,35,88,145,189,194,31,171,116,57,39,113,196,89,5,141,119,74,183,63,51,72,147,65,102,115,14,45,55,155,184,161,80,114,177,169,191,11,104,180,163,170,95,137,90,125,149,32,68,97,100,7,175,179,27,150,136,144,70,168,17,103,105,142,190,188,186,176,42,47,132,166,123,44];False
2305;8220;10525;[4,67,193,48,10,1,91,129,8,84,122,73,174,135,21,99,16,77,112,71,56,18,62,120,24,197,26,9,143,20,3,2,121,160,92,49,130,22,38,34,124,94,75,12,165,153,187,127,39,107,87,76,50,53,93,23,30,134,58,86,69,64,101,151,54,158,199,6,117,98,25,110,81,52,182,28,162,78,60,79,185,148,167,61,41,36,46,131,59,133,96,157,138,178,164,173,66,126,198,159,140,118,109,29,154,156,106,19,108,146,43,128,11,152,111,83,181,82,192,139,33,13,172,195,40,37,15,35,88,145,189,194,31,171,116,57,0,113,196,89,5,141,119,74,183,63,51,72,147,65,102,115,14,45,55,155,184,161,80,114,177,169,191,85,104,180,163,170,95,137,90,125,149,32,68,97,100,7,175,179,27,150,136,144,70,168,17,103,105,142,190,188,186,176,42,47,132,166,123,44];True
2249;8275;10524;[4,67,193,48,10,1,91,129,8,84,122,73,174,135,21,99,16,77,112,71,56,18,62,120,24,197,26,9,143,20,3,2,121,160,92,49,130,22,38,34,124,94,75,12,165,153,187,127,39,107,87,76,50,53,93,23,30,134,58,86,69,64,101,151,54,158,199,6,117,98,25,110,81,52,182,28,162,78,60,79,185,148,167,61,41,36,46,131,59,133,96,157,138,178,164,173,66,183,198,159,140,118,109,29,154,156,106,19,108,146,43,128,85,152,111,83,181,82,192,139,33,13,172,195,40,37,15,35,88,145,189,194,31,171,116,57,0,113,196,89,5,141,119,74,126,63,51,72,147,65,102,115,14,45,55,155,184,161,80,114,177,169,191,11,104,180,163,170,95,137,90,125,149,32,68,97,100,7,175,179,27,150,136,144,70,168,17,103,105,142,190,188,186,176,42,47,132,166,123,44];False
2204;8319;10523;[4,67,193,48,10,1,91,129,8,84,122,73,174,135,21,99,16,77,112,71,56,18,62,120,24,197,26,9,143,20,3,2,121,160,92,49,130,22,38,34,124,94,75,12,165,153,187,127,39,107,87,76,50,53,93,23,30,134,58,86,69,64,101,151,54,158,199,6,117,98,25,110,81,52,182,28,162,78,60,79,185,148,167,61,41,36,46,131,59,133,96,157,138,178,164,173,66,126,198,159,140,118,109,29,154,156,106,19,108,146,43,128,85,152,111,83,181,82,192,139,33,13,172,195,40,37,15,35,88,145,189,194,31,171,116,57,0,113,196,89,5,141,119,74,183,97,51,72,147,65,102,115,14,45,55,155,184,161,80,114,177,169,191,11,104,180,163,170,95,137,90,125,149,32,68,63,100,7,175,179,27,150,136,144,70,168,17,103,105,142,190,188,186,176,42,47,132,166,123,44];True
2232;8291;10523;[4,67,193,48,10,1,91,129,8,84,122,73,174,135,21,99,16,77,112,71,56,18,62,120,24,197,26,9,143,20,3,2,199,160,92,49,130,22,38,34,124,94,75,12,165,153,187,127,39,107,87,76,50,53,93,23,30,134,58,86,69,64,101,151,54,158,121,6,117,98,25,110,81,52,182,28,162,78,60,79,185,148,167,61,41,36,46,131,59,133,96,157,138,178,164,173,66,126,198,159,140,118,109,29,154,156,106,19,108,146,43,128,85,152,111,83,181,82,192,139,33,13,172,195,40,37,15,35,88,145,189,194,31,171,116,57,0,113,196,89,5,141,119,74,183,63,51,72,147,65,102,115,14,45,55,155,184,161,80,114,177,169,191,11,104,180,163,170,95,137,90,125,149,32,68,97,100,7,175,179,27,150,136,144,70,168,17,103,105,142,190,188,186,176,42,47,132,166,123,44];False
2281;8241;10522;[4,67,193,48,10,1,91,129,8,84,122,73,174,135,21,99,16,77,112,71,56,18,62,120,24,197,26,9,143,20,3,2,121,160,92,49,130,22,38,34,124,94,75,12,165,153,187,127,39,107,87,76,50,53,93,23,30,134,58,86,69,64,101,151,54,158,199,6,117,98,25,110,81,52,182,28,162,78,60,79,185,148,167,61,41,36,46,131,59,133,96,157,138,178,164,173,66,126,198,159,140,118,109,29,154,156,106,19,108,146,43,128,85,152,83,111,181,82,192,139,33,13,172,195,40,37,15,35,88,145,189,194,31,171,116,57,0,113,196,89,5,141,119,74,183,63,51,72,147,65,102,115,14,45,55,155,184,161,80,114,177,169,191,11,104,180,163,170,95,137,90,125,149,32,68,97,100,7,175,179,27,150,136,144,70,168,17,103,105,142,190,188,186,176,42,47,132,166,123,44];False
2259;8261;10520;[4,67,193,48,10,1,91,129,8,84,122,73,174,135,21,99,16,77,112,71,56,18,62,120,24,197,26,9,143,20,3,2,121,160,92,49,130,22,38,34,124,94,75,12,165,153,187,127,39,107,87,76,50,53,93,23,30,134,58,86,69,64,101,151,54,158,199,6,117,98,25,110,81,52,182,28,162,78,60,79,185,148,167,61,41,36,46,131,59,133,96,157,138,178,164,173,66,126,198,159,140,118,109,29,154,156,106,19,108,146,43,128,85,152,111,83,181,82,192,139,33,13,172,195,40,37,15,35,88,196,189,194,31,171,116,57,0,113,145,89,5,141,119,74,183,63,51,72,147,65,102,115,14,45,55,155,184,161,80,114,177,169,191,11,104,180,163,170,95,137,90,125,149,32,68,97,100,7,175,179,27,150,136,144,70,168,17,103,105,142,190,188,186,176,42,47,132,166,123,44];False
2262;8256;10518;[4,67,193,48,10,1,91,129,8,84,122,73,174,135,21,99,16,77,112,71,56,18,62,120,24,197,26,9,143,20,3,2,121,160,92,49,130,22,38,34,124,94,75,12,165,153,187,127,39,107,87,76,50,53,93,23,30,134,58,42,69,64,101,151,54,158,199,6,117,98,25,110,81,52,182,28,162,78,60,79,185,148,167,61,41,36,46,131,59,133,96,157,138,178,164,173,66,126,198,159,140,118,109,29,154,156,106,19,108,146,43,128,85,152,111,83,181,82,192,139,33,13,172,195,40,37,15,35,88,145,189,194,31,171,116,57,0,113,196,89,5,141,119,74,183,63,51,72,147,65,102,115,14,45,55,155,184,161,80,114,177,169,191,11,104,180,163,170,95,137,90,125,149,32,68,97,100,7,175,179,27,150,136,144,70,168,17,103,105,142,190,188,186,176,86,47,132,166,123,44];False
2272;8244;10516;[4,67,193,48,10,1,91,129,8,84,122,73,174,135,21,99,16,77,112,71,56,18,62,120,24,197,26,9,143,20,3,2,121,160,92,49,130,22,38,34,124,94,75,12,165,153,187,127,39,107,87,76,50,53,93,23,30,134,58,86,69,64,101,151,54,158,199,6,117,98,25,110,81,52,182,28,162,78,60,79,185,148,167,61,41,36,46,131,59,133,96,157,138,178,164,173,66,126,198,159,140,118,109,29,154,156,106,19,108,146,43,128,85,152,111,83,181,82,192,139,33,13,172,195,40,37,15,35,88,145,189,194,51,171,116,57,0,113,196,89,5,141,119,74,183,63,31,72,147,65,102,115,14,45,55,155,184,161,80,114,177,169,191,11,104,180,163,170,95,137,90,125,149,32,68,97,100,7,175,179,27,150,136,144,70,168,17,103,105,142,190,188,186,176,42,47,132,166,123,44];True
2258;8255;10513;[4,67,193,48,10,1,91,129,8,84,122,73,174,135,21,99,16,77,112,71,56,18,62,120,24,197,26,9,143,20,3,2,121,160,92,49,130,22,38,34,124,94,75,12,165,153,187,127,39,107,87,76,50,53,93,23,30,134,58,86,69,64,101,151,54,158,199,6,117,98,25,110,81,52,146,28,162,78,60,79,185,148,167,61,41,36,46,131,59,133,96,157,138,178,164,173,66,126,198,159,140,118,109,29,154,156,106,19,108,182,43,128,85,152,111,83,181,82,192,139,33,13,172,195,40,37,15,35,88,145,189,194,31,171,116,57,0,113,196,89,5,141,119,74,183,63,51,72,147,65,102,115,14,45,55,155,184,161,80,114,177,169,191,11,104,180,163,170,95,137,90,125,149,32,68,97,100,7,175,179,27,150,136,144,70,168,17,103,105,142,190,188,186,176,42,47,132,166,123,44];False
2273;8240;10513;[4,67,193,48,10,1,91,129,8,84,122,73,174,135,21,99,16,77,112,71,56,18,62,120,24,197,26,9,143,20,3,2,121,160,92,49,130,22,38,34,124,94,75,12,165,153,187,127,39,107,87,117,50,53,93,23,30,134,58,86,69,64,101,151,54,158,199,6,76,98,25,110,81,52,182,28,162,78,60,79,185,148,167,61,41,36,46,131,59,133,96,157,138,178,164,173,66,126,198,159,140,118,109,29,154,156,106,19,108,146,43,128,85,152,111,83,181,82,192,139,33,13,172,195,40,37,15,35,88,145,189,194,31,171,116,57,0,113,196,89,5,141,119,74,183,63,51,72,147,65,102,115,14,45,55,155,184,161,80,114,177,169,191,11,104,180,163,170,95,137,90,125,149,32,68,97,100,7,175,179,27,150,136,144,70,168,17,103,105,142,190,188,186,176,42,47,132,166,123,44];True
2259;8253;10512;[4,67,193,48,10,1,91,129,8,84,122,73,174,135,21,99,16,77,112,71,56,18,62,120,24,197,26,9,143,20,3,2,121,160,92,49,130,22,38,34,124,94,75,12,165,153,187,127,39,107,87,76,50,53,93,23,30,134,58,86,69,64,101,151,54,158,199,6,117,98,25,110,81,52,191,28,162,78,60,79,185,148,167,61,41,36,46,131,59,133,96,157,138,178,164,173,66,126,198,159,140,118,109,29,154,156,106,19,108,146,43,128,85,152,111,83,181,82,192,139,33,13,172,195,40,37,15,35,88,145,189,194,31,171,116,57,0,113,196,89,5,141,119,74,183,63,51,72,147,65,102,115,14,45,55,155,184,161,80,114,177,169,182,11,104,180,163,170,95,137,90,125,149,32,68,97,100,7,175,179,27,150,136,144,70,168,17,103,105,142,190,188,186,176,42,47,132,166,123,44];False
2284;8222;10506;[4,67,193,48,10,1,91,129,8,84,122,73,174,135,21,99,16,77,112,71,56,18,62,120,24,197,26,9,143,20,3,2,121,160,92,49,130,22,38,34,124,94,75,12,165,153,187,127,39,107,87,76,50,53,93,23,30,134,58,86,69,64,101,151,54,158,199,6,117,98,25,110,81,52,182,28,162,78,60,79,185,148,167,61,41,36,46,131,59,133,96,157,138,178,164,173,66,126,198,159,140,118,109,29,154,156,106,19,108,146,43,128,85,152,111,83,181,82,192,139,33,13,172,195,11,37,15,35,88,145,189,194,31,171,116,57,0,113,196,89,5,141,119,74,183,63,51,72,147,65,102,115,14,45,55,155,184,161,80,114,177,169,191,40,104,180,163,170,95,137,90,125,149,32,68,97,100,7,175,179,27,150,136,144,70,168,17,103,105,142,190,188,186,176,42,47,132,166,123,44];True
2253;8251;10504;[4,67,193,48,10,1,91,129,8,84,122,73,174,135,21,99,16,77,112,71,56,18,62,120,24,197,26,9,143,20,3,2,121,160,92,49,130,22,38,34,124,94,75,12,165,153,187,127,39,107,87,76,50,53,93,23,30,134,58,86,69,64,101,151,54,158,199,6,117,98,25,110,81,52,182,28,162,78,60,42,185,148,167,61,41,36,46,131,59,133,96,157,138,178,164,173,66,126,198,159,140,118,109,29,154,156,106,19,108,146,43,128,85,152,111,83,181,82,192,139,33,13,172,195,40,37,15,35,88,145,189,194,31,171,116,57,0,113,196,89,5,141,119,74,183,63,51,72,147,65,102,115,14,45,55,155,184,161,80,114,177,169,191,11,104,180,163,170,95,137,90,125,149,32,68,97,100,7,175,179,27,150,136,144,70,168,17,103,105,142,190,188,186,176,79,47,132,166,123,44];True
2242;8259;10501;[4,67,193,48,10,1,91,129,8,84,122,73,174,135,21,99,16,77,112,71,56,18,62,120,24,197,26,9,143,20,3,2,121,160,92,49,130,22,38,34,124,94,75,12,165,153,187,127,39,166,87,76,50,53,93,23,30,134,58,86,69,64,101,151,54,158,199,6,117,98,25,110,81,52,182,28,162,78,60,79,185,148,167,61,41,36,46,131,59,133,96,157,138,178,164,173,66,126,198,159,140,118,109,29,154,156,106,19,108,146,43,128,85,152,111,83,181,82,192,139,33,13,172,195,40,37,15,35,88,145,189,194,31,171,116,57,0,113,196,89,5,141,119,74,183,63,51,72,147,65,102,115,14,45,55,155,184,161,80,114,177,169,191,11,104,180,163,170,95,137,90,125,149,32,68,97,100,7,175,179,27,150,136,144,70,168,17,103,105,142,190,188,186,176,42,47,132,107,123,44];True
2231;8265;10496;[4,67,193,48,10,1,91,129,8,84,122,73,174,135,21,99,16,77,112,71,56,18,62,120,24,197,26,9,143,20,3,2,121,160,92,49,130,22,38,34,124,94,75,12,165,153,187,127,39,107,87,76,50,53,93,23,30,134,58,86,69,64,101,151,54,158,199,6,117,98,25,110,81,52,182,28,162,78,60,79,185,148,167,61,41,36,46,131,59,133,96,157,138,178,152,173,66,126,198,159,140,118,109,29,154,156,106,19,108,146,43,128,85,164,111,83,181,82,192,139,33,13,172,195,40,37,15,35,88,145,189,194,31,171,116,57,0,113,196,89,5,141,119,74,183,63,51,72,147,65,102,115,14,45,55,155,184,161,80,114,177,169,191,11,104,180,163,170,95,137,90,125,149,32,68,97,100,7,175,179,27,150,136,144,70,168,17,103,105,142,190,188,186,176,42,47,132,166,123,44];True
2243;8253;10496;[4,67,193,48,10,1,91,129,8,84,122,73,174,135,21,99,16,77,112,71,56,18,62,120,24,197,26,9,143,20,3,2,121,160,92,49,130,22,38,34,124,94,75,12,165,153,187,127,39,107,87,76,50,53,93,23,30,134,58,86,69,64,101,151,54,158,199,6,117,98,25,110,81,52,182,28,162,78,60,79,185,148,167,61,41,36,46,131,59,133,96,157,138,178,164,173,66,126,198,159,140,118,109,29,154,156,106,19,108,146,43,128,85,152,111,83,181,82,192,139,33,13,172,195,40,37,15,35,88,145,189,194,31,171,116,57,0,113,196,89,5,141,119,74,183,63,51,72,147,65,102,115,14,45,55,155,184,161,80,114,177,169,191,11,104,180,163,170,95,137,90,125,149,32,68,97,100,7,175,179,27,150,136,144,70,168,17,103,105,142,190,188,186,176,42,47,132,166,123,44];True
