utilA;utilB;utilSum;contract;pareto
3808;6582;10390;[198,29,90,41,187,79,179,47,26,161,115,152,131,59,197,123,74,37,94,118,124,168,17,108,174,196,167,15,156,21,73,82,172,86,181,68,9,45,138,126,143,160,91,18,171,199,0,77,89,46,164,4,84,166,173,23,189,98,25,170,176,72,154,49,62,95,182,139,135,191,48,50,56,92,147,67,32,61,38,165,193,28,44,125,6,88,70,71,162,20,188,144,184,8,157,78,128,101,185,76,80,100,30,134,27,2,97,58,151,175,57,186,117,195,169,142,137,158,54,120,3,136,149,107,55,14,13,111,52,148,83,129,24,150,103,105,69,159,40,116,104,99,106,194,180,178,192,109,66,145,102,110,12,7,85,140,34,53,155,146,63,31,183,65,16,190,10,130,5,39,113,43,127,60,42,141,11,114,64,96,177,119,132,75,163,133,81,153,122,1,33,35,36,22,112,93,19,87,121,51];False
3933;6553;10486;[198,29,90,41,58,79,179,47,26,161,115,152,131,59,197,123,74,37,94,118,124,168,34,108,174,196,167,15,156,21,73,82,172,86,181,68,9,45,138,126,143,160,91,18,199,12,7,173,89,46,164,4,84,122,25,23,77,57,186,170,176,72,154,49,62,95,182,139,135,191,48,50,56,92,147,67,32,61,19,165,193,28,44,125,6,88,70,71,162,20,188,144,184,8,157,78,128,101,185,76,80,100,30,134,27,2,97,187,151,175,98,1,117,195,169,142,163,158,54,120,3,136,149,107,55,14,13,111,52,148,83,129,24,150,103,105,69,159,40,116,140,99,106,194,180,178,192,109,66,145,102,110,171,0,85,104,17,53,155,146,63,31,183,65,16,190,10,130,5,39,113,43,127,60,42,141,11,114,64,96,177,119,132,75,137,133,81,153,166,189,33,35,36,22,112,93,38,87,121,51];False
3880;6565;10445;[198,29,90,41,58,79,179,47,26,161,115,152,131,59,197,123,74,37,94,118,124,168,34,108,174,196,167,15,156,21,73,82,172,86,181,68,9,45,138,126,143,160,91,18,199,12,7,173,89,46,164,4,84,122,25,23,77,57,186,170,176,72,154,49,62,95,182,139,135,191,48,50,56,92,147,67,32,61,38,165,193,28,44,125,6,88,70,71,162,20,188,144,184,8,157,78,128,101,185,76,80,100,30,134,27,195,97,187,151,175,98,1,117,2,169,142,163,158,54,120,3,136,149,107,55,14,13,111,52,148,83,129,24,150,103,105,69,159,40,116,140,99,106,194,180,178,192,109,66,145,102,110,171,0,85,104,17,53,155,146,63,31,183,65,16,190,10,130,5,39,113,43,127,60,42,141,11,114,64,96,177,119,132,75,137,133,81,153,166,189,33,35,36,22,112,93,19,87,121,51];False
3891;6561;10452;[198,29,90,41,58,79,179,47,26,161,115,152,131,59,197,123,74,37,94,118,124,168,34,108,174,196,167,15,156,21,73,82,172,86,181,68,9,45,138,126,143,160,91,18,199,12,7,173,89,46,164,4,84,122,25,23,77,57,186,170,176,72,154,49,62,95,182,139,135,191,48,50,56,92,147,67,32,61,38,165,193,28,44,125,6,88,70,71,162,20,188,144,184,8,157,78,128,101,185,76,80,100,30,134,27,2,97,187,151,175,98,1,117,195,169,142,137,158,54,120,3,136,149,107,55,14,13,111,52,148,83,129,24,150,103,105,69,159,40,116,140,99,106,194,180,178,192,109,66,145,102,110,171,0,85,104,17,53,155,146,63,31,183,65,16,190,10,130,5,39,113,43,127,60,42,141,11,114,64,96,177,119,132,75,163,133,81,153,166,189,33,35,36,22,112,93,19,87,121,51];False
3947;6543;10490;[198,29,90,41,187,179,96,47,26,161,115,152,131,59,197,123,74,37,94,118,124,168,34,108,174,196,167,15,156,21,73,82,172,86,181,68,9,45,138,126,143,160,91,18,171,12,7,173,89,46,164,4,84,122,25,23,77,57,186,170,176,72,154,49,62,95,182,139,135,191,48,50,56,92,147,67,32,61,38,165,193,28,44,125,6,88,70,71,162,20,188,144,184,8,157,78,128,101,185,76,80,100,30,134,27,2,97,58,151,175,98,1,117,195,169,142,137,158,54,120,3,136,149,107,55,14,13,111,52,148,83,129,24,150,103,105,69,159,40,116,140,99,106,194,180,178,192,109,66,145,102,110,199,0,85,104,17,53,155,146,63,31,183,65,16,190,10,130,5,39,113,43,127,60,42,141,11,114,64,79,177,119,132,75,163,133,81,153,166,189,33,35,36,22,112,93,19,87,121,51];False
3917;6555;10472;[198,29,90,41,172,79,179,47,26,161,115,152,131,59,197,123,74,37,94,118,124,168,34,108,174,196,167,15,156,21,73,82,187,86,181,68,9,45,138,126,143,160,91,18,171,12,7,173,89,46,164,4,84,122,25,23,77,57,186,170,176,72,154,49,62,95,182,139,135,191,48,50,56,92,147,67,32,61,38,165,193,28,44,125,6,88,70,71,162,20,188,144,184,8,157,78,128,101,185,76,80,100,30,134,27,2,97,58,151,175,98,1,117,195,169,142,137,158,54,120,3,136,149,107,55,14,13,111,52,148,83,129,24,150,103,105,69,159,40,116,140,99,106,194,180,178,192,10,66,145,102,110,199,0,85,104,17,53,155,146,63,31,183,65,16,190,109,130,5,39,113,43,127,60,42,141,11,114,64,96,177,119,132,75,163,133,81,153,166,189,33,35,36,22,112,93,19,87,121,51];False
3931;6553;10484;[198,29,90,41,187,79,179,47,26,161,115,152,131,110,197,123,74,37,94,118,124,168,34,108,174,196,167,15,156,21,73,82,172,86,181,68,9,45,138,126,143,160,91,18,171,12,7,173,89,46,164,4,84,122,25,23,77,57,186,170,176,72,154,49,62,95,182,139,135,191,48,50,56,92,147,67,32,61,38,165,193,28,44,125,6,88,70,71,162,20,188,144,184,8,157,78,128,101,185,76,80,100,30,134,27,2,97,58,151,175,98,1,117,195,169,142,137,158,54,120,3,136,149,107,55,14,13,111,52,148,83,129,24,150,103,105,69,159,40,116,140,99,106,194,180,178,192,10,66,145,102,59,199,0,85,104,17,53,155,146,63,31,183,65,16,190,109,130,5,39,113,43,127,60,42,141,11,114,64,96,177,119,132,75,163,133,81,153,166,189,33,35,36,22,112,93,19,87,121,51];False
3945;6543;10488;[198,29,90,41,187,79,179,47,26,161,115,152,131,59,197,123,74,37,94,118,124,168,34,108,174,196,167,15,156,21,73,82,172,86,181,68,9,45,138,126,143,160,91,18,199,12,7,173,89,46,164,4,84,122,25,23,77,57,186,170,176,72,154,49,62,95,182,139,135,191,48,50,56,92,147,67,32,61,38,165,193,28,44,125,6,88,70,71,162,20,188,144,184,8,157,78,128,101,185,76,80,100,30,134,27,2,97,58,151,175,98,1,117,195,169,142,137,158,54,120,3,136,149,107,55,14,13,111,52,148,83,129,24,150,103,105,69,159,40,116,140,99,106,194,180,178,192,10,66,145,102,110,171,0,85,104,17,53,155,146,63,31,183,65,16,190,109,130,5,39,113,43,127,60,42,141,11,114,64,96,177,119,132,75,163,133,81,153,166,189,33,35,36,22,112,93,19,87,121,51];False
3929;6550;10479;[198,29,90,41,187,79,179,47,26,161,115,152,131,59,197,123,74,37,94,118,124,168,34,108,174,196,167,15,156,21,73,82,172,86,181,68,9,45,138,126,143,160,91,18,171,12,7,173,89,46,164,4,84,122,25,23,77,57,186,170,176,72,154,49,62,95,182,139,135,191,48,50,56,92,147,67,32,61,38,165,193,28,44,125,6,88,70,71,162,20,188,144,184,8,157,78,128,101,185,76,80,100,30,134,27,195,97,58,151,175,98,1,117,2,169,142,137,158,54,120,3,136,149,107,55,14,13,111,52,148,83,129,24,150,103,105,69,159,40,116,140,99,106,194,180,178,192,10,66,145,102,110,199,0,85,104,17,53,155,146,63,31,183,65,16,190,109,130,5,39,113,43,127,60,42,141,11,114,64,96,177,119,132,75,163,133,81,153,166,189,33,35,36,22,112,93,19,87,121,51];False
3939;6548;10487;[198,29,90,41,187,79,179,47,26,161,115,152,131,59,197,123,74,37,94,118,124,168,34,108,174,196,167,15,156,21,73,82,172,86,181,68,9,45,138,126,143,160,91,18,171,12,7,173,89,46,164,4,84,122,25,23,77,57,186,170,176,72,154,49,62,95,182,139,135,191,48,50,56,92,147,67,32,61,38,165,193,28,44,125,6,88,70,71,162,20,188,144,184,8,157,78,128,101,185,76,80,100,30,134,27,2,97,58,151,175,98,1,117,195,169,142,137,158,54,120,3,136,149,107,55,14,13,111,52,148,83,129,24,150,103,105,69,159,40,116,104,99,106,194,180,178,192,10,66,145,102,110,199,0,85,140,17,53,155,146,63,31,183,65,16,190,109,130,5,39,113,43,127,60,42,141,11,114,64,96,177,119,132,75,163,133,81,153,166,189,33,35,36,22,112,93,19,87,121,51];False
3922;6552;10474;[198,29,90,41,172,79,179,47,26,161,115,152,131,59,197,123,74,37,94,118,124,168,34,108,174,196,167,15,156,21,73,82,187,86,181,68,9,45,138,126,143,160,91,18,199,12,7,173,89,46,164,4,84,122,25,23,77,57,186,170,176,72,154,49,62,95,182,139,135,191,48,50,56,92,147,67,32,61,38,165,193,28,44,125,6,88,70,71,162,20,188,144,184,8,157,78,128,101,185,76,80,100,30,134,27,2,97,58,151,175,98,1,117,195,169,142,163,158,54,120,3,136,149,107,55,14,13,111,52,148,83,129,24,150,103,105,69,159,40,116,140,99,106,194,180,178,192,10,66,145,102,110,171,0,85,104,17,53,155,146,63,31,183,65,16,190,109,130,5,39,113,43,127,60,42,141,11,114,64,96,177,119,132,75,137,133,81,153,166,189,33,35,36,22,112,93,19,87,121,51];False
3901;6560;10461;[198,29,90,41,187,96,179,47,26,161,115,152,131,59,197,123,74,37,94,118,124,168,34,108,174,196,167,15,156,21,73,82,172,86,181,68,9,45,138,126,143,160,91,18,199,12,7,173,89,46,164,4,84,122,25,23,77,57,186,170,176,72,154,49,62,95,182,139,135,191,48,50,56,92,147,67,32,61,38,165,193,28,44,125,6,88,70,71,162,20,188,144,184,8,157,78,128,101,185,76,80,100,30,134,27,2,97,58,151,175,98,1,117,195,169,142,163,158,54,120,3,136,149,107,55,14,13,111,52,148,83,129,24,150,103,105,69,159,40,116,140,99,106,194,180,178,192,10,66,145,102,110,171,0,85,104,17,53,155,146,63,31,183,65,16,190,109,130,5,39,113,43,127,60,42,141,11,114,64,79,177,119,132,75,137,133,81,153,166,189,33,35,36,22,112,93,19,87,121,51];False
3987;6535;10522;[198,29,90,41,187,79,179,47,26,161,115,152,131,59,197,123,74,37,94,118,124,168,34,108,174,196,167,15,156,21,73,82,172,86,181,68,9,45,138,126,143,160,91,18,199,12,7,173,89,46,164,4,84,122,25,23,77,57,186,170,176,72,154,49,62,95,182,139,135,191,48,50,56,92,147,67,32,61,19,165,193,28,44,125,6,88,70,71,162,20,188,144,184,8,157,78,128,101,185,76,80,100,30,134,27,2,97,58,151,175,98,1,117,195,169,142,163,158,54,120,3,136,149,107,55,14,13,111,52,148,83,129,24,150,103,105,69,159,40,116,140,99,106,194,180,178,192,10,66,145,102,110,171,0,85,104,17,53,155,146,63,31,183,65,16,190,109,130,5,39,113,43,127,60,42,141,11,114,64,96,177,119,132,75,137,133,81,153,166,189,33,35,36,22,112,93,38,87,121,51];False
3934;6547;10481;[198,29,90,41,187,79,179,47,26,161,115,152,131,59,197,123,74,37,94,118,124,168,34,108,174,196,167,15,156,21,73,82,172,86,181,68,9,45,138,126,143,160,91,18,199,12,7,173,89,46,164,4,84,122,25,23,77,57,186,170,176,72,154,49,62,95,182,139,135,191,48,50,56,92,147,67,32,61,38,165,193,28,44,125,6,88,70,71,162,20,188,144,184,8,157,78,128,101,185,76,80,100,30,134,27,195,97,58,151,175,98,1,117,2,169,142,163,158,54,120,3,136,149,107,55,14,13,111,52,148,83,129,24,150,103,105,69,159,40,116,140,99,106,194,180,178,192,10,66,145,102,110,171,0,85,104,17,53,155,146,63,31,183,65,16,190,109,130,5,39,113,43,127,60,42,141,11,114,64,96,177,119,132,75,137,133,81,153,166,189,33,35,36,22,112,93,19,87,121,51];False
3944;6545;10489;[198,29,90,41,187,79,179,47,26,161,115,152,131,59,197,123,74,37,94,118,124,168,34,108,174,196,167,15,156,21,73,82,172,86,181,68,9,45,138,126,143,160,91,18,199,12,7,173,89,46,164,4,84,122,25,23,77,57,186,170,176,72,154,49,62,95,182,139,135,191,48,50,56,92,147,67,32,61,38,165,193,28,44,125,6,88,70,71,162,20,188,144,184,8,157,78,128,101,185,76,80,100,30,134,27,2,97,58,151,175,98,1,117,195,169,142,163,158,54,120,3,136,149,107,55,14,13,111,52,148,83,129,24,150,103,105,69,159,40,116,104,99,106,194,180,178,192,10,66,145,102,110,171,0,85,140,17,53,155,146,63,31,183,65,16,190,109,130,5,39,113,43,127,60,42,141,11,114,64,96,177,119,132,75,137,133,81,153,166,189,33,35,36,22,112,93,19,87,121,51];False
3964;6538;10502;[198,29,90,41,187,79,179,47,26,161,115,152,131,59,197,123,74,37,94,118,124,168,34,108,174,196,167,15,156,21,73,82,172,86,181,68,9,45,138,126,143,160,91,18,199,12,7,173,89,46,164,4,84,122,25,23,77,57,186,170,176,72,154,49,62,95,182,139,135,191,48,50,56,92,147,67,32,61,38,165,193,28,44,125,6,88,70,71,162,20,188,144,184,8,157,78,128,101,185,76,80,100,30,134,27,195,97,58,151,175,98,1,117,2,169,142,137,158,54,120,3,136,149,107,55,14,13,111,52,148,83,129,24,150,103,105,69,159,40,116,140,99,106,194,180,178,192,109,66,145,102,110,171,0,85,104,17,53,155,146,63,31,183,65,16,190,10,130,5,39,113,43,127,60,42,141,11,114,64,96,177,119,132,75,163,133,81,153,166,189,33,35,36,22,112,93,19,87,121,51];False
3979;6537;10516;[198,29,90,41,187,79,179,47,26,161,115,152,131,59,197,123,74,37,94,118,124,168,34,108,174,196,167,15,156,21,73,82,172,86,181,68,9,45,138,126,143,160,91,18,199,12,7,173,89,46,164,4,84,122,25,23,77,57,186,170,176,72,154,49,62,95,182,139,135,191,48,50,56,92,147,67,32,61,38,165,193,28,44,125,6,88,70,71,162,20,188,144,184,8,157,78,128,101,185,76,80,100,30,134,27,195,97,58,151,175,2,1,117,98,169,142,163,158,54,120,3,136,149,107,55,14,13,111,52,148,83,129,24,150,103,105,69,159,40,116,140,99,106,194,180,178,192,109,66,145,102,110,171,0,85,104,17,53,155,146,63,31,183,65,16,190,10,130,5,39,113,43,127,60,42,141,11,114,64,96,177,119,132,75,137,133,81,153,166,189,33,35,36,22,112,93,19,87,121,51];False
3963;6542;10505;[198,29,90,41,187,79,179,47,26,161,115,152,131,59,197,123,74,37,94,118,124,168,34,108,174,196,167,15,156,21,73,82,172,86,181,68,9,45,138,126,143,160,91,18,199,12,7,173,89,46,164,4,84,122,25,23,77,57,186,170,176,72,154,49,62,95,182,139,135,191,48,50,56,92,147,67,32,61,38,165,193,28,44,125,6,88,70,71,162,20,188,144,184,8,157,78,128,101,185,76,80,100,30,134,27,195,97,58,151,175,98,1,117,2,169,142,163,158,54,120,3,136,149,107,55,14,13,111,52,148,83,129,24,150,103,105,69,159,40,104,140,99,106,194,180,178,192,109,66,145,102,110,171,0,85,116,17,53,155,146,63,31,183,65,16,190,10,130,5,39,113,43,127,60,42,141,11,114,64,96,177,119,132,75,137,133,81,153,166,189,33,35,36,22,112,93,19,87,121,51];False
3963;6540;10503;[198,29,90,41,187,79,179,47,26,161,115,152,131,59,197,123,74,37,94,118,124,168,34,108,174,196,167,15,156,21,73,82,172,86,181,68,9,45,138,126,143,160,91,18,199,12,7,173,89,46,164,4,84,122,25,23,77,57,186,170,176,72,154,49,62,95,182,139,135,191,48,50,56,92,147,67,32,61,38,165,193,28,44,125,6,88,70,71,162,20,188,144,184,8,157,78,128,101,185,76,80,100,30,134,27,195,97,58,151,175,98,1,117,2,169,142,163,158,54,120,3,136,149,107,55,14,13,111,52,148,83,129,24,150,103,105,69,159,40,116,104,99,106,194,180,178,192,109,66,145,102,110,171,0,85,140,17,53,155,146,63,31,183,65,16,190,10,130,5,39,113,43,127,60,42,141,11,114,64,96,177,119,132,75,137,133,81,153,166,189,33,35,36,22,112,93,19,87,121,51];False
4017;6526;10543;[198,29,90,41,187,79,179,47,26,161,115,152,131,59,197,123,74,37,94,118,124,168,34,108,174,196,167,15,156,21,73,82,172,86,181,68,9,45,138,126,143,160,91,18,199,12,7,173,89,46,164,4,84,122,25,23,77,57,186,170,176,72,154,49,62,95,182,139,135,191,48,50,56,92,147,67,32,61,19,165,193,28,44,125,6,88,70,71,162,20,188,144,184,8,157,78,128,101,185,76,80,100,30,134,27,2,97,58,151,175,98,1,117,195,169,142,137,158,54,120,3,136,149,107,55,14,13,111,52,148,83,129,24,150,103,105,69,159,40,116,140,99,106,194,180,178,192,109,66,145,102,110,171,0,85,104,17,53,155,146,63,31,183,65,16,190,10,130,5,39,113,43,127,60,42,141,11,114,64,96,177,119,132,75,163,133,81,153,166,189,33,35,36,22,112,93,38,87,121,51];False
3974;6536;10510;[198,29,90,41,187,79,179,47,26,161,115,152,131,59,197,123,74,37,94,118,124,168,34,108,174,196,167,15,156,21,73,82,172,86,181,68,9,45,138,126,143,160,91,18,199,12,7,173,89,46,164,4,84,122,25,23,77,57,186,170,176,72,154,49,62,95,182,139,135,191,48,50,56,92,147,67,32,61,38,165,193,28,44,125,6,88,70,71,162,20,188,144,184,8,157,78,128,101,185,76,80,100,30,134,27,2,97,58,151,175,98,1,117,195,169,142,137,158,54,120,3,136,149,107,55,14,13,111,52,148,83,129,24,150,103,105,69,159,40,116,104,99,106,194,180,178,192,109,66,145,102,110,171,0,85,140,17,53,155,146,63,31,183,65,16,190,10,130,5,39,113,43,127,60,42,141,11,114,64,96,177,119,132,75,163,133,81,153,166,189,33,35,36,22,112,93,19,87,121,51];False
4016;6528;10544;[198,29,90,41,187,79,179,47,26,161,115,152,131,59,197,123,74,37,94,118,124,168,34,108,174,196,167,15,156,21,73,82,172,86,181,68,9,45,138,126,143,160,91,18,199,12,7,173,89,46,164,4,84,122,25,23,77,57,186,170,176,72,154,49,62,95,182,139,135,191,48,50,56,92,147,67,32,61,19,165,193,28,44,125,6,88,70,71,162,20,188,144,184,8,157,78,128,101,185,76,80,100,30,134,27,2,97,58,151,175,98,1,117,195,169,142,163,158,54,120,3,136,149,107,55,14,13,111,52,148,83,129,24,150,103,105,69,159,40,116,104,99,106,194,180,178,192,109,66,145,102,110,171,0,85,140,17,53,155,146,63,31,183,65,16,190,10,130,5,39,113,43,127,60,42,141,11,114,64,96,177,119,132,75,137,133,81,153,166,189,33,35,36,22,112,93,38,87,121,51];False
4058;6518;10576;[198,29,90,41,172,60,179,47,26,161,115,152,131,59,197,123,74,37,94,118,124,168,34,108,174,196,167,15,156,21,73,82,187,86,181,68,9,45,138,126,143,160,91,18,199,12,7,173,89,46,164,4,84,122,25,23,77,57,186,170,176,72,154,49,62,95,182,139,135,191,48,50,56,92,147,67,32,61,19,165,193,28,44,125,6,88,70,71,162,20,188,144,184,8,157,78,128,101,185,76,80,100,30,134,27,2,97,58,151,175,98,1,117,195,169,142,163,158,54,120,3,136,149,107,55,14,13,111,52,148,83,129,24,150,103,105,69,159,40,116,140,99,106,194,180,178,192,109,66,145,102,110,171,0,85,104,17,53,155,146,63,31,183,65,16,190,10,130,5,39,113,43,127,79,42,141,11,114,64,96,177,119,132,75,137,133,81,153,166,189,33,35,36,22,112,93,38,87,121,51];False
4016;6526;10542;[198,29,90,41,172,60,179,47,26,161,115,152,131,59,197,123,74,37,94,118,124,168,34,108,174,196,167,15,156,21,73,82,187,86,181,68,9,45,138,126,143,160,91,18,199,12,7,173,89,46,164,4,84,122,25,23,77,57,186,170,176,72,154,49,62,95,182,139,135,191,48,50,56,92,147,67,32,61,38,165,193,28,44,125,6,88,70,71,162,20,188,144,184,8,157,78,128,101,185,76,80,100,30,134,27,2,97,58,151,175,98,1,117,195,169,142,137,158,54,120,3,136,149,107,55,14,13,111,52,148,83,129,24,150,103,105,69,159,40,116,140,99,106,194,180,178,192,109,66,145,102,110,171,0,85,104,17,53,155,146,63,31,183,65,16,190,10,130,5,39,113,43,127,79,42,141,11,114,64,96,177,119,132,75,163,133,81,153,166,189,33,35,36,22,112,93,19,87,121,51];False
4015;6528;10543;[198,29,90,41,172,60,179,47,26,161,115,152,131,59,197,123,74,37,94,118,124,168,34,108,174,196,167,15,156,21,73,82,187,86,181,68,9,45,138,126,143,160,91,18,199,12,7,173,89,46,164,4,84,122,25,23,77,57,186,170,176,72,154,49,62,95,182,139,135,191,48,50,56,92,147,67,32,61,38,165,193,28,44,125,6,88,70,71,162,20,188,144,184,8,157,78,128,101,185,76,80,100,30,134,27,2,97,58,151,175,98,1,117,195,169,142,163,158,54,120,3,136,149,107,55,14,13,111,52,148,83,129,24,150,103,105,69,159,40,116,104,99,106,194,180,178,192,109,66,145,102,110,171,0,85,140,17,53,155,146,63,31,183,65,16,190,10,130,5,39,113,43,127,79,42,141,11,114,64,96,177,119,132,75,137,133,81,153,166,189,33,35,36,22,112,93,19,87,121,51];False
3986;6535;10521;[198,29,90,41,172,60,179,47,26,161,115,152,131,59,197,123,74,37,94,118,124,168,34,108,174,196,167,15,156,21,73,82,187,86,181,68,9,45,138,126,143,160,91,18,199,12,7,173,89,46,164,4,84,122,25,23,77,57,186,170,176,72,154,49,62,95,182,139,135,191,48,50,56,92,147,67,32,61,38,165,193,28,44,125,6,88,70,71,162,20,188,144,184,8,157,78,128,101,185,76,80,100,30,134,27,2,97,58,151,175,98,1,117,195,169,142,163,158,54,120,3,136,149,107,55,14,13,111,52,148,83,129,24,150,103,105,69,159,40,116,140,99,106,194,180,178,192,10,66,145,102,110,171,0,85,104,17,53,155,146,63,31,183,65,16,190,109,130,5,39,113,43,127,79,42,141,11,114,64,96,177,119,132,75,137,133,81,153,166,189,33,35,36,22,112,93,19,87,121,51];False
4056;6520;10576;[198,29,90,41,187,60,179,47,26,161,115,152,131,59,197,123,74,37,94,118,124,168,34,108,174,196,167,15,156,21,73,82,172,86,181,68,9,45,138,126,143,160,91,18,199,12,7,173,89,46,164,4,84,122,25,23,77,57,186,170,176,72,154,49,62,95,182,139,135,191,48,50,56,92,147,67,32,61,38,165,193,28,44,125,6,88,70,71,162,20,188,144,184,8,157,78,128,101,185,76,80,100,30,134,27,195,97,58,151,175,98,1,117,2,169,142,137,158,54,120,3,136,149,107,55,14,13,111,52,148,83,129,24,150,103,105,69,159,40,116,140,99,106,194,180,178,192,109,66,145,102,110,171,0,85,104,17,53,155,146,63,31,183,65,16,190,10,130,5,39,113,43,127,79,42,141,11,114,64,96,177,119,132,75,163,133,81,153,166,189,33,35,36,22,112,93,19,87,121,51];False
4109;6508;10617;[198,29,90,41,187,60,179,47,26,161,115,152,131,59,197,123,74,37,94,118,124,168,34,108,174,196,167,15,156,21,73,82,172,86,181,68,9,45,138,126,143,160,91,18,199,12,7,173,89,46,164,4,84,122,25,23,77,57,186,170,176,72,154,49,62,95,182,139,135,191,48,50,56,92,147,67,32,61,19,165,193,28,44,125,6,88,70,71,162,20,188,144,184,8,157,78,128,101,185,76,80,100,30,134,27,2,97,58,151,175,98,1,117,195,169,142,137,158,54,120,3,136,149,107,55,14,13,111,52,148,83,129,24,150,103,105,69,159,40,116,140,99,106,194,180,178,192,109,66,145,102,110,171,0,85,104,17,53,155,146,63,31,183,65,16,190,10,130,5,39,113,43,127,79,42,141,11,114,64,96,177,119,132,75,163,133,81,153,166,189,33,35,36,22,112,93,38,87,121,51];False
4108;6510;10618;[198,29,90,41,187,60,179,47,26,161,115,152,131,59,197,123,74,37,94,118,124,168,34,108,174,196,167,15,156,21,73,82,172,86,181,68,9,45,138,126,143,160,91,18,199,12,7,173,89,46,164,4,84,122,25,23,77,57,186,170,176,72,154,49,62,95,182,139,135,191,48,50,56,92,147,67,32,61,19,165,193,28,44,125,6,88,70,71,162,20,188,144,184,8,157,78,128,101,185,76,80,100,30,134,27,2,97,58,151,175,98,1,117,195,169,142,163,158,54,120,3,136,149,107,55,14,13,111,52,148,83,129,24,150,103,105,69,159,40,116,104,99,106,194,180,178,192,109,66,145,102,110,171,0,85,140,17,53,155,146,63,31,183,65,16,190,10,130,5,39,113,43,127,79,42,141,11,114,64,96,177,119,132,75,137,133,81,153,166,189,33,35,36,22,112,93,38,87,121,51];False
4181;6498;10679;[198,29,90,41,187,60,179,47,26,161,115,152,131,59,197,123,74,37,94,118,124,168,34,108,174,196,167,15,156,21,73,82,172,86,181,68,9,45,138,126,143,160,91,18,199,12,7,173,89,46,164,4,84,122,25,23,77,57,186,170,176,72,154,49,62,95,182,139,135,191,48,50,56,92,147,67,32,19,61,165,193,28,44,125,6,88,70,71,162,20,188,144,184,8,157,78,128,101,185,76,80,100,30,134,27,2,97,58,151,175,98,1,117,195,169,142,163,158,54,120,3,136,149,107,55,14,13,111,52,148,83,129,24,150,103,105,69,159,40,116,140,99,106,194,180,178,192,109,66,145,102,110,171,0,85,104,17,53,155,146,63,31,183,65,16,190,10,130,5,39,113,43,127,79,42,141,11,114,64,96,177,119,132,75,137,133,81,153,166,189,33,35,36,22,112,93,38,87,121,51];False
4195;6496;10691;[198,29,90,41,187,60,179,47,26,161,115,152,131,59,197,123,74,37,94,118,124,168,34,108,174,196,167,15,156,21,73,82,172,86,181,68,9,45,138,126,143,160,91,18,199,12,7,173,89,46,164,4,84,122,25,23,77,57,186,170,176,72,154,49,62,95,182,139,135,191,48,50,56,92,147,67,32,61,19,165,193,28,44,125,6,88,70,71,162,20,188,144,184,8,157,78,128,101,185,76,80,100,30,134,27,2,97,58,151,175,98,1,117,113,169,142,137,158,54,120,3,136,149,107,55,14,13,111,52,148,83,129,24,150,103,105,69,159,40,116,104,99,106,194,180,178,192,109,66,145,102,110,171,0,85,140,17,53,155,146,63,31,183,65,16,190,10,130,5,39,195,43,127,79,42,141,11,114,64,96,177,119,132,75,163,133,81,153,166,189,33,35,36,22,112,93,38,87,121,51];False
4372;6464;10836;[198,29,90,41,187,60,179,47,26,161,115,152,131,59,197,123,74,37,94,118,124,168,34,108,174,196,167,15,156,21,73,82,172,86,181,68,9,45,138,126,143,160,91,18,199,12,7,173,89,46,164,4,84,122,25,23,77,57,186,170,176,72,154,49,62,95,182,139,135,191,48,50,56,92,147,67,32,38,87,165,193,28,44,125,6,88,70,71,162,20,188,61,184,8,157,78,128,101,185,76,80,100,30,134,27,2,97,58,151,175,98,1,117,113,169,142,163,158,54,120,3,136,149,107,55,14,13,111,52,148,83,129,24,150,103,105,69,159,40,116,140,99,106,194,180,178,192,109,66,145,102,110,171,0,85,104,17,53,155,146,63,31,183,65,16,190,10,130,5,39,195,43,127,79,42,141,11,114,64,96,177,119,132,75,137,133,81,153,166,189,33,35,36,22,112,93,19,144,121,51];False
4517;6452;10969;[198,29,90,41,187,60,179,47,26,161,115,152,163,59,197,123,74,37,94,118,124,168,34,108,174,196,167,15,156,21,73,82,172,86,181,68,9,45,138,126,143,160,91,18,199,12,7,173,89,46,164,4,84,122,25,23,77,57,186,170,176,72,154,49,39,95,182,139,135,191,48,50,56,92,147,67,32,19,61,165,193,28,44,125,6,88,70,71,162,20,188,144,184,8,157,78,128,101,185,76,80,100,30,134,27,2,97,58,151,175,98,1,117,113,169,142,131,158,54,120,3,136,149,107,55,14,13,111,52,148,83,129,24,150,103,105,69,159,40,116,140,99,106,194,180,178,192,109,66,145,102,110,171,0,85,104,17,53,155,146,63,31,183,65,16,190,10,130,5,62,195,43,127,79,42,141,11,114,64,96,177,119,132,75,137,133,81,153,166,189,33,35,36,22,112,93,38,87,121,51];False
4536;6450;10986;[198,29,90,41,187,60,179,47,26,161,115,152,163,59,197,123,74,37,94,118,124,168,34,108,174,196,167,15,156,21,73,82,172,86,181,68,9,45,138,126,143,160,91,18,171,12,7,173,89,46,164,4,84,122,25,23,77,57,186,170,176,72,154,49,39,95,182,139,135,191,48,50,56,92,147,67,32,19,61,165,193,28,44,125,6,88,70,71,162,20,188,144,184,8,157,78,128,101,185,76,80,100,30,134,27,2,97,58,151,175,98,1,117,113,169,142,131,158,54,120,3,136,149,107,55,14,13,111,52,148,83,129,24,150,103,105,69,159,40,116,140,99,106,194,180,178,192,109,66,145,102,110,199,0,85,104,17,53,155,146,63,31,183,65,16,190,10,130,5,62,195,43,127,79,42,141,11,114,64,96,177,119,132,75,137,133,81,153,166,189,33,35,36,22,112,93,38,87,121,51];False
4567;6446;11013;[198,29,90,41,187,60,179,47,26,161,115,152,163,59,197,123,74,37,94,118,124,168,34,108,174,196,167,15,156,21,73,82,172,86,181,68,9,45,138,126,143,160,91,18,199,12,7,173,89,46,164,4,84,122,25,23,77,57,186,170,176,72,154,49,39,95,182,139,135,191,48,50,56,92,147,67,32,38,87,165,193,28,44,125,6,88,70,71,162,20,188,144,184,8,157,78,128,101,185,76,80,100,30,134,27,2,97,58,151,175,98,1,117,113,169,142,131,158,54,120,3,136,149,107,55,14,13,111,52,148,83,129,24,150,103,105,69,159,40,116,140,99,106,194,180,178,192,109,66,145,102,110,171,0,85,104,17,53,155,146,63,31,183,65,16,190,10,130,5,62,195,43,127,79,42,141,11,114,64,96,177,119,132,75,137,133,81,153,166,189,33,35,36,22,112,93,19,61,121,51];False
4498;6448;10946;[198,29,90,41,187,60,179,47,26,161,115,152,163,59,197,123,74,37,94,118,124,168,34,108,174,196,167,15,156,21,73,82,172,86,181,68,9,45,138,126,143,160,91,18,199,12,7,173,89,46,164,4,84,122,25,23,77,57,186,170,176,72,154,49,62,95,182,139,135,191,48,50,56,92,147,67,32,38,87,165,193,28,44,125,6,88,70,71,162,20,188,61,184,8,157,78,128,101,185,76,80,100,30,134,27,2,97,58,151,175,98,1,117,113,169,142,131,158,54,120,3,136,149,107,55,14,13,111,52,148,83,129,24,150,103,105,69,159,40,116,140,99,106,194,180,178,192,109,66,145,102,110,171,0,85,104,17,53,155,146,63,31,183,65,16,190,10,130,5,39,195,43,127,79,42,141,11,114,64,96,177,119,132,75,137,133,81,153,166,189,33,35,36,22,112,93,19,144,121,51];False
4517;6446;10963;[198,29,90,41,187,60,179,47,26,161,115,152,163,59,197,123,74,37,94,118,124,168,34,108,174,196,167,15,156,21,73,82,172,86,181,68,9,45,138,126,143,160,91,18,171,12,7,173,89,46,164,4,84,122,25,23,77,57,186,170,176,72,154,49,62,95,182,139,135,191,48,50,56,92,147,67,32,38,87,165,193,28,44,125,6,88,70,71,162,20,188,61,184,8,157,78,128,101,185,76,80,100,30,134,27,2,97,58,151,175,98,1,117,113,169,142,131,158,54,120,3,136,149,107,55,14,13,111,52,148,83,129,24,150,103,105,69,159,40,116,140,99,106,194,180,178,192,109,66,145,102,110,199,0,85,104,17,53,155,146,63,31,183,65,16,190,10,130,5,39,195,43,127,79,42,141,11,114,64,96,177,119,132,75,137,133,81,153,166,189,33,35,36,22,112,93,19,144,121,51];False
4620;6442;11062;[198,29,90,41,187,60,179,47,26,161,115,152,163,59,197,123,74,37,94,118,124,168,34,108,174,196,167,15,156,21,73,82,172,86,181,68,9,45,138,126,143,160,91,18,12,199,7,173,89,46,164,4,84,122,25,23,77,57,186,170,176,72,154,49,39,95,182,139,135,191,48,50,56,92,147,67,32,19,61,165,193,28,44,125,6,88,70,71,162,20,188,144,184,8,157,78,128,101,185,76,80,100,30,134,27,2,97,58,151,175,98,1,117,113,169,142,131,158,54,120,3,136,149,107,55,14,13,111,52,148,83,129,24,150,103,105,69,159,40,116,140,99,106,194,180,178,192,109,66,145,102,110,171,0,85,104,17,53,155,146,63,31,183,65,16,190,10,130,5,62,195,43,127,79,42,141,11,114,64,96,177,119,132,75,137,133,81,153,166,189,33,35,36,22,112,93,38,87,121,51];False
3856;6570;10426;[198,29,90,41,58,79,179,47,26,161,115,152,131,59,197,123,74,37,94,118,124,168,34,108,174,196,167,15,156,21,73,82,172,86,181,68,9,45,138,126,143,160,91,18,199,12,7,173,89,46,164,4,84,122,25,23,77,57,186,170,176,72,154,49,62,95,182,139,135,191,48,50,56,92,147,67,32,61,38,165,193,28,44,125,6,88,70,71,162,20,188,144,184,8,157,78,128,101,185,76,80,100,30,134,27,195,97,187,151,175,98,1,117,2,169,142,137,158,54,120,3,136,149,107,55,14,13,111,52,148,83,129,24,150,103,105,69,159,40,116,140,99,106,194,180,178,192,109,66,145,102,110,171,0,85,104,17,53,155,146,63,31,183,65,16,190,10,130,5,39,113,43,127,60,42,141,11,114,64,96,177,119,132,75,163,133,81,153,166,189,33,35,36,22,112,93,19,87,121,51];False
3909;6558;10467;[198,29,90,41,58,79,179,47,26,161,115,152,131,59,197,123,74,37,94,118,124,168,34,108,174,196,167,15,156,21,73,82,172,86,181,68,9,45,138,126,143,160,91,18,199,12,7,173,89,46,164,4,84,122,25,23,77,57,186,170,176,72,154,49,62,95,182,139,135,191,48,50,56,92,147,67,32,61,19,165,193,28,44,125,6,88,70,71,162,20,188,144,184,8,157,78,128,101,185,76,80,100,30,134,27,2,97,187,151,175,98,1,117,195,169,142,137,158,54,120,3,136,149,107,55,14,13,111,52,148,83,129,24,150,103,105,69,159,40,116,140,99,106,194,180,178,192,109,66,145,102,110,171,0,85,104,17,53,155,146,63,31,183,65,16,190,10,130,5,39,113,43,127,60,42,141,11,114,64,96,177,119,132,75,163,133,81,153,166,189,33,35,36,22,112,93,38,87,121,51];False
3866;6568;10434;[198,29,90,41,58,79,179,47,26,161,115,152,131,59,197,123,74,37,94,118,124,168,34,108,174,196,167,15,156,21,73,82,172,86,181,68,9,45,138,126,143,160,91,18,199,12,7,173,89,46,164,4,84,122,25,23,77,57,186,170,176,72,154,49,62,95,182,139,135,191,48,50,56,92,147,67,32,61,38,165,193,28,44,125,6,88,70,71,162,20,188,144,184,8,157,78,128,101,185,76,80,100,30,134,27,2,97,187,151,175,98,1,117,195,169,142,137,158,54,120,3,136,149,107,55,14,13,111,52,148,83,129,24,150,103,105,69,159,40,116,104,99,106,194,180,178,192,109,66,145,102,110,171,0,85,140,17,53,155,146,63,31,183,65,16,190,10,130,5,39,113,43,127,60,42,141,11,114,64,96,177,119,132,75,163,133,81,153,166,189,33,35,36,22,112,93,19,87,121,51];False
3837;6575;10412;[198,29,90,41,58,79,179,47,26,161,115,152,131,59,197,123,74,37,94,118,124,168,34,108,174,196,167,15,156,21,73,82,172,86,181,68,9,45,138,126,143,160,91,18,199,12,7,173,89,46,164,4,84,122,25,23,77,57,186,170,176,72,154,49,62,95,182,139,135,191,48,50,56,92,147,67,32,61,38,165,193,28,44,125,6,88,70,71,162,20,188,144,184,8,157,78,128,101,185,76,80,100,30,134,27,2,97,187,151,175,98,1,117,195,169,142,137,158,54,120,3,136,149,107,55,14,13,111,52,148,83,129,24,150,103,105,69,159,40,116,140,99,106,194,180,178,192,10,66,145,102,110,171,0,85,104,17,53,155,146,63,31,183,65,16,190,109,130,5,39,113,43,127,60,42,141,11,114,64,96,177,119,132,75,163,133,81,153,166,189,33,35,36,22,112,93,19,87,121,51];False
3902;6557;10459;[198,29,90,41,127,79,179,47,26,161,115,152,131,59,197,123,74,37,94,118,124,168,34,108,174,196,167,15,156,21,73,82,187,86,181,68,9,45,138,126,143,160,91,18,171,12,7,173,89,46,164,4,84,122,25,23,77,57,186,170,176,72,154,49,62,95,182,139,135,191,48,50,56,92,147,67,32,61,38,165,193,28,44,125,6,88,70,71,162,20,188,144,184,8,157,78,128,101,185,76,80,100,30,134,27,2,97,58,151,175,98,1,117,195,169,142,137,158,54,120,3,136,149,107,55,14,13,111,52,148,83,129,24,150,103,105,69,159,40,116,140,99,106,194,180,178,192,10,66,145,102,110,199,0,85,104,17,53,155,146,63,31,183,65,16,190,109,130,5,39,113,43,172,60,42,141,11,114,64,96,177,119,132,75,163,133,81,153,166,189,33,35,36,22,112,93,19,87,121,51];False
3898;6557;10455;[198,29,90,41,172,79,179,47,26,161,115,152,131,59,197,123,74,37,94,118,124,168,34,108,174,196,167,15,156,21,73,82,187,86,181,68,9,45,138,126,143,160,91,18,199,12,7,173,89,46,164,4,84,122,25,23,77,57,186,170,176,72,154,49,62,95,182,139,135,191,48,50,56,92,147,67,32,61,38,165,193,28,44,125,6,88,70,71,162,20,188,144,184,8,157,78,128,101,185,76,80,100,30,134,27,2,97,58,151,175,98,1,117,195,169,142,137,158,54,120,3,136,149,107,55,14,13,111,52,148,83,129,24,150,103,105,69,159,40,116,140,99,106,194,180,178,192,10,66,145,102,110,171,0,85,104,17,53,155,146,63,31,183,65,16,190,109,130,5,39,113,43,127,60,42,141,11,114,64,96,177,119,132,75,163,133,81,153,166,189,33,35,36,22,112,93,19,87,121,51];False
3877;6565;10442;[198,29,90,41,187,96,179,47,26,161,115,152,131,59,197,123,74,37,94,118,124,168,34,108,174,196,167,15,156,21,73,82,172,86,181,68,9,45,138,126,143,160,91,18,199,12,7,173,89,46,164,4,84,122,25,23,77,57,186,170,176,72,154,49,62,95,182,139,135,191,48,50,56,92,147,67,32,61,38,165,193,28,44,125,6,88,70,71,162,20,188,144,184,8,157,78,128,101,185,76,80,100,30,134,27,2,97,58,151,175,98,1,117,195,169,142,137,158,54,120,3,136,149,107,55,14,13,111,52,148,83,129,24,150,103,105,69,159,40,116,140,99,106,194,180,178,192,10,66,145,102,110,171,0,85,104,17,53,155,146,63,31,183,65,16,190,109,130,5,39,113,43,127,60,42,141,11,114,64,79,177,119,132,75,163,133,81,153,166,189,33,35,36,22,112,93,19,87,121,51];False
3910;6552;10462;[198,29,90,41,187,79,179,47,26,161,115,152,131,59,197,123,74,37,94,118,124,168,34,108,174,196,167,15,156,21,73,82,172,86,181,68,9,45,138,126,143,160,91,18,199,12,7,173,89,46,164,4,84,122,25,23,77,57,186,170,176,72,154,49,62,95,182,139,135,191,48,50,56,92,147,67,32,61,38,165,193,28,44,125,6,88,70,71,162,20,188,144,184,8,157,78,128,101,185,76,80,100,30,134,27,195,97,58,151,175,98,1,117,2,169,142,137,158,54,120,3,136,149,107,55,14,13,111,52,148,83,129,24,150,103,105,69,159,40,116,140,99,106,194,180,178,192,10,66,145,102,110,171,0,85,104,17,53,155,146,63,31,183,65,16,190,109,130,5,39,113,43,127,60,42,141,11,114,64,96,177,119,132,75,163,133,81,153,166,189,33,35,36,22,112,93,19,87,121,51];False
3920;6550;10470;[198,29,90,41,187,79,179,47,26,161,115,152,131,59,197,123,74,37,94,118,124,168,34,108,174,196,167,15,156,21,73,82,172,86,181,68,9,45,138,126,143,160,91,18,199,12,7,173,89,46,164,4,84,122,25,23,77,57,186,170,176,72,154,49,62,95,182,139,135,191,48,50,56,92,147,67,32,61,38,165,193,28,44,125,6,88,70,71,162,20,188,144,184,8,157,78,128,101,185,76,80,100,30,134,27,2,97,58,151,175,98,1,117,195,169,142,137,158,54,120,3,136,149,107,55,14,13,111,52,148,83,129,24,150,103,105,69,159,40,116,104,99,106,194,180,178,192,10,66,145,102,110,171,0,85,140,17,53,155,146,63,31,183,65,16,190,109,130,5,39,113,43,127,60,42,141,11,114,64,96,177,119,132,75,163,133,81,153,166,189,33,35,36,22,112,93,19,87,121,51];False
3887;6561;10448;[198,29,90,41,172,79,179,47,26,161,115,152,131,59,197,123,74,37,94,118,124,168,34,108,174,196,167,15,156,21,73,82,187,86,181,68,9,45,138,126,143,160,91,18,199,12,7,173,89,46,164,4,84,122,25,23,77,57,186,170,176,72,154,49,62,95,182,139,135,191,48,50,56,92,147,67,32,61,38,165,193,28,44,125,6,88,70,71,162,20,188,144,184,8,157,78,128,101,185,76,80,100,30,134,27,195,97,58,151,175,98,1,117,2,169,142,163,158,54,120,3,136,149,107,55,14,13,111,52,148,83,129,24,150,103,105,69,159,40,116,140,99,106,194,180,178,192,10,66,145,102,110,171,0,85,104,17,53,155,146,63,31,183,65,16,190,109,130,5,39,113,43,127,60,42,141,11,114,64,96,177,119,132,75,137,133,81,153,166,189,33,35,36,22,112,93,19,87,121,51];False
3909;6556;10465;[198,29,90,41,187,79,179,47,26,161,115,152,131,59,197,123,74,37,94,118,124,168,34,108,174,196,167,15,156,21,73,82,172,86,181,68,9,45,138,126,143,160,91,18,199,12,7,173,89,46,164,4,84,122,25,23,77,57,186,170,176,72,154,49,62,95,182,139,135,191,48,50,56,92,147,67,32,61,38,165,193,28,44,125,6,88,70,71,162,20,188,144,184,8,157,78,128,101,185,76,80,100,30,134,27,195,97,58,151,175,98,1,117,2,169,142,163,158,54,120,3,136,149,107,55,14,13,111,52,148,83,129,24,150,103,105,69,159,40,104,140,99,106,194,180,178,192,10,66,145,102,110,171,0,85,116,17,53,155,146,63,31,183,65,16,190,109,130,5,39,113,43,127,60,42,141,11,114,64,96,177,119,132,75,137,133,81,153,166,189,33,35,36,22,112,93,19,87,121,51];False
3909;6554;10463;[198,29,90,41,187,79,179,47,26,161,115,152,131,59,197,123,74,37,94,118,124,168,34,108,174,196,167,15,156,21,73,82,172,86,181,68,9,45,138,126,143,160,91,18,199,12,7,173,89,46,164,4,84,122,25,23,77,57,186,170,176,72,154,49,62,95,182,139,135,191,48,50,56,92,147,67,32,61,38,165,193,28,44,125,6,88,70,71,162,20,188,144,184,8,157,78,128,101,185,76,80,100,30,134,27,195,97,58,151,175,98,1,117,2,169,142,163,158,54,120,3,136,149,107,55,14,13,111,52,148,83,129,24,150,103,105,69,159,40,116,104,99,106,194,180,178,192,10,66,145,102,110,171,0,85,140,17,53,155,146,63,31,183,65,16,190,109,130,5,39,113,43,127,60,42,141,11,114,64,96,177,119,132,75,137,133,81,153,166,189,33,35,36,22,112,93,19,87,121,51];False
3897;6559;10456;[198,29,90,41,172,79,179,47,26,161,115,152,131,59,197,123,74,37,94,118,124,168,34,108,174,196,167,15,156,21,73,82,187,86,181,68,9,45,138,126,143,160,91,18,199,12,7,173,89,46,164,4,84,122,25,23,77,57,186,170,176,72,154,49,62,95,182,139,135,191,48,50,56,92,147,67,32,61,38,165,193,28,44,125,6,88,70,71,162,20,188,144,184,8,157,78,128,101,185,76,80,100,30,134,27,2,97,58,151,175,98,1,117,195,169,142,163,158,54,120,3,136,149,107,55,14,13,111,52,148,83,129,24,150,103,105,69,159,40,116,104,99,106,194,180,178,192,10,66,145,102,110,171,0,85,140,17,53,155,146,63,31,183,65,16,190,109,130,5,39,113,43,127,60,42,141,11,114,64,96,177,119,132,75,137,133,81,153,166,189,33,35,36,22,112,93,19,87,121,51];False
3962;6542;10504;[198,29,90,41,187,79,179,47,26,161,115,152,131,59,197,123,74,37,94,118,124,168,34,108,174,196,167,15,156,21,73,82,172,86,181,68,9,45,138,126,143,160,91,18,199,12,7,173,89,46,164,4,84,122,25,23,77,57,186,170,176,72,154,49,62,95,182,139,135,191,48,50,56,92,147,67,32,61,19,165,193,28,44,125,6,88,70,71,162,20,188,144,184,8,157,78,128,101,185,76,80,100,30,134,27,2,97,58,151,175,98,1,117,195,169,142,163,158,54,120,3,136,149,107,55,14,13,111,52,148,83,129,24,150,103,105,69,159,40,116,104,99,106,194,180,178,192,10,66,145,102,110,171,0,85,140,17,53,155,146,63,31,183,65,16,190,109,130,5,39,113,43,127,60,42,141,11,114,64,96,177,119,132,75,137,133,81,153,166,189,33,35,36,22,112,93,38,87,121,51];False
3896;6560;10456;[198,29,90,41,187,96,179,47,26,161,115,152,131,59,197,123,74,37,94,118,124,168,34,108,174,196,167,15,156,21,73,82,172,86,181,68,9,45,138,126,143,160,91,18,199,12,7,173,89,46,164,4,84,122,25,23,77,57,186,170,176,72,154,49,62,95,182,139,135,191,48,50,56,92,147,67,32,61,38,165,193,28,44,125,6,88,70,71,162,20,188,144,184,8,157,78,128,101,185,76,80,100,30,134,27,195,97,58,151,175,98,1,117,2,169,142,137,158,54,120,3,136,149,107,55,14,13,111,52,148,83,129,24,150,103,105,69,159,40,116,140,99,106,194,180,178,192,109,66,145,102,110,171,0,85,104,17,53,155,146,63,31,183,65,16,190,10,130,5,39,113,43,127,60,42,141,11,114,64,79,177,119,132,75,163,133,81,153,166,189,33,35,36,22,112,93,19,87,121,51];False
3982;6535;10517;[198,29,90,41,187,79,179,47,26,161,115,152,131,59,197,123,74,37,94,118,124,168,34,108,174,196,167,15,156,21,73,82,172,86,181,68,9,45,138,126,143,160,91,18,199,12,7,173,89,46,164,4,84,122,25,23,77,57,186,170,176,72,154,49,62,95,182,139,135,191,48,50,56,92,147,67,32,61,19,165,193,28,44,125,6,88,70,71,162,20,188,144,184,8,157,78,128,101,185,76,80,100,30,134,27,195,97,58,151,175,98,1,117,2,169,142,137,158,54,120,3,136,149,107,55,14,13,111,52,148,83,129,24,150,103,105,69,159,40,116,140,99,106,194,180,178,192,109,66,145,102,110,171,0,85,104,17,53,155,146,63,31,183,65,16,190,10,130,5,39,113,43,127,60,42,141,11,114,64,96,177,119,132,75,163,133,81,153,166,189,33,35,36,22,112,93,38,87,121,51];False
3955;6542;10497;[198,29,90,41,187,79,179,47,26,161,115,152,131,59,197,123,74,37,94,118,124,168,34,108,174,196,167,15,156,21,73,82,172,86,181,68,9,45,138,126,143,160,91,18,199,12,7,173,89,46,164,4,84,122,25,23,77,57,186,170,176,72,154,49,62,95,182,139,135,191,48,50,56,92,147,67,32,61,38,165,193,28,44,125,6,88,70,71,162,20,188,144,184,8,157,78,128,101,185,76,80,100,30,134,27,195,97,58,151,175,2,1,117,98,169,142,137,158,54,120,3,136,149,107,55,14,13,111,52,148,83,129,24,150,103,105,69,159,40,116,140,99,106,194,180,178,192,109,66,145,102,110,171,0,85,104,17,53,155,146,63,31,183,65,16,190,10,130,5,39,113,43,127,60,42,141,11,114,64,96,177,119,132,75,163,133,81,153,166,189,33,35,36,22,112,93,19,87,121,51];False
3939;6545;10484;[198,29,90,41,187,79,179,47,26,161,115,152,131,59,197,123,74,37,94,118,124,168,34,108,174,196,167,15,156,21,73,82,172,86,181,68,9,45,138,126,143,160,91,18,199,12,7,173,89,46,164,4,84,122,25,23,77,57,186,170,176,72,154,49,62,95,182,139,135,191,48,50,56,92,147,67,32,61,38,165,193,28,44,125,6,88,70,71,162,20,188,144,184,8,157,78,128,101,185,76,80,100,30,134,27,195,97,58,151,175,98,1,117,2,169,142,137,158,54,120,3,136,149,107,55,14,13,111,52,148,83,129,24,150,103,105,69,159,40,116,104,99,106,194,180,178,192,109,66,145,102,110,171,0,85,140,17,53,155,146,63,31,183,65,16,190,10,130,5,39,113,43,127,60,42,141,11,114,64,96,177,119,132,75,163,133,81,153,166,189,33,35,36,22,112,93,19,87,121,51];False
3950;6542;10492;[198,29,90,41,187,79,179,47,26,161,115,152,131,59,197,123,74,37,94,118,124,168,17,108,174,196,167,15,156,21,73,82,172,86,181,68,9,45,138,126,143,160,91,18,199,12,7,173,89,46,164,4,84,122,25,23,77,57,186,170,176,72,154,49,62,95,182,139,135,191,48,50,56,92,147,67,32,61,38,165,193,28,44,125,6,88,70,71,162,20,188,144,184,8,157,78,128,101,185,76,80,100,30,134,27,2,97,58,151,175,98,1,117,195,169,142,137,158,54,120,3,136,149,107,55,14,13,111,52,148,83,129,24,150,103,105,69,159,40,116,104,99,106,194,180,178,192,109,66,145,102,110,171,0,85,140,34,53,155,146,63,31,183,65,16,190,10,130,5,39,113,43,127,60,42,141,11,114,64,96,177,119,132,75,163,133,81,153,166,189,33,35,36,22,112,93,19,87,121,51];False
4034;6523;10557;[198,29,90,41,172,60,179,47,26,161,115,152,131,59,197,123,74,37,94,118,124,168,34,108,174,196,167,15,156,21,73,82,187,86,181,68,9,45,138,126,143,160,91,18,199,12,7,173,89,46,164,4,84,122,25,23,77,57,186,170,176,72,154,49,62,95,182,139,135,191,48,50,56,92,147,67,32,61,19,165,193,28,44,125,6,88,70,71,162,20,188,144,184,8,157,78,128,101,185,76,80,100,30,134,27,2,97,58,151,175,98,1,117,195,169,142,137,158,54,120,3,136,149,107,55,14,13,111,52,148,83,129,24,150,103,105,69,159,40,116,140,99,106,194,180,178,192,109,66,145,102,110,171,0,85,104,17,53,155,146,63,31,183,65,16,190,10,130,5,39,113,43,127,79,42,141,11,114,64,96,177,119,132,75,163,133,81,153,166,189,33,35,36,22,112,93,38,87,121,51];False
3981;6535;10516;[198,29,90,41,172,60,179,47,26,161,115,152,131,59,197,123,74,37,94,118,124,168,34,108,174,196,167,15,156,21,73,82,187,86,181,68,9,45,138,126,143,160,91,18,199,12,7,173,89,46,164,4,84,122,25,23,77,57,186,170,176,72,154,49,62,95,182,139,135,191,48,50,56,92,147,67,32,61,38,165,193,28,44,125,6,88,70,71,162,20,188,144,184,8,157,78,128,101,185,76,80,100,30,134,27,195,97,58,151,175,98,1,117,2,169,142,137,158,54,120,3,136,149,107,55,14,13,111,52,148,83,129,24,150,103,105,69,159,40,116,140,99,106,194,180,178,192,109,66,145,102,110,171,0,85,104,17,53,155,146,63,31,183,65,16,190,10,130,5,39,113,43,127,79,42,141,11,114,64,96,177,119,132,75,163,133,81,153,166,189,33,35,36,22,112,93,19,87,121,51];False
3962;6540;10502;[198,29,90,41,172,60,179,47,26,161,115,152,131,59,197,123,74,37,94,118,124,168,34,108,174,196,167,15,156,21,73,82,187,86,181,68,9,45,138,126,143,160,91,18,199,12,7,173,89,46,164,4,84,122,25,23,77,57,186,170,176,72,154,49,62,95,182,139,135,191,48,50,56,92,147,67,32,61,38,165,193,28,44,125,6,88,70,71,162,20,188,144,184,8,157,78,128,101,185,76,80,100,30,134,27,2,97,58,151,175,98,1,117,195,169,142,137,158,54,120,3,136,149,107,55,14,13,111,52,148,83,129,24,150,103,105,69,159,40,116,140,99,106,194,180,178,192,10,66,145,102,110,171,0,85,104,17,53,155,146,63,31,183,65,16,190,109,130,5,39,113,43,127,79,42,141,11,114,64,96,177,119,132,75,163,133,81,153,166,189,33,35,36,22,112,93,19,87,121,51];False
4074;6517;10591;[198,29,90,41,187,60,179,47,26,161,115,152,131,59,197,123,74,37,94,118,124,168,34,108,174,196,167,15,156,21,73,82,172,86,181,68,9,45,138,126,143,160,91,18,199,12,7,173,89,46,164,4,84,122,25,23,77,57,186,170,176,72,154,49,62,95,182,139,135,191,48,50,56,92,147,67,32,61,19,165,193,28,44,125,6,88,70,71,162,20,188,144,184,8,157,78,128,101,185,76,80,100,30,134,27,195,97,58,151,175,98,1,117,2,169,142,137,158,54,120,3,136,149,107,55,14,13,111,52,148,83,129,24,150,103,105,69,159,40,116,140,99,106,194,180,178,192,109,66,145,102,110,171,0,85,104,17,53,155,146,63,31,183,65,16,190,10,130,5,39,113,43,127,79,42,141,11,114,64,96,177,119,132,75,163,133,81,153,166,189,33,35,36,22,112,93,38,87,121,51];False
4475;6454;10929;[198,29,90,41,187,60,179,47,26,161,115,152,131,59,197,123,74,37,94,118,124,168,34,108,174,196,167,15,156,21,73,82,172,86,181,68,9,45,138,126,143,160,91,18,12,199,7,173,89,46,164,4,84,122,25,23,77,57,186,170,176,72,154,49,62,95,182,139,135,191,48,50,56,92,147,67,32,38,87,165,193,28,44,125,6,88,70,71,162,20,188,61,184,8,157,78,128,101,185,76,80,100,30,134,27,2,97,58,151,175,98,1,117,113,169,142,163,158,54,120,3,136,149,107,55,14,13,111,52,148,83,129,24,150,103,105,69,159,40,116,140,99,106,194,180,178,192,109,66,145,102,110,171,0,85,104,17,53,155,146,63,31,183,65,16,190,10,130,5,39,195,43,127,79,42,141,11,114,64,96,177,119,132,75,137,133,81,153,166,189,33,35,36,22,112,93,19,144,121,51];False
4440;6460;10900;[198,29,90,41,187,60,179,47,26,161,115,152,131,59,197,123,74,37,94,118,124,168,34,108,174,196,167,15,156,21,73,82,172,86,181,68,9,45,138,126,143,160,91,18,175,12,7,173,89,46,164,4,84,122,25,23,77,57,186,170,176,72,154,49,62,95,182,139,135,191,48,50,56,92,147,67,32,38,87,165,193,28,44,125,6,88,70,71,162,20,188,61,184,8,157,78,128,101,185,76,80,100,30,134,27,2,97,58,151,199,98,1,117,113,169,142,163,158,54,120,3,136,149,107,55,14,13,111,52,148,83,129,24,150,103,105,69,159,40,116,140,99,106,194,180,178,192,109,66,145,102,110,171,0,85,104,17,53,155,146,63,31,183,65,16,190,10,130,5,39,195,43,127,79,42,141,11,114,64,96,177,119,132,75,137,133,81,153,166,189,33,35,36,22,112,93,19,144,121,51];False
4391;6462;10853;[198,29,90,41,187,60,179,47,26,161,115,152,131,59,197,123,74,37,94,118,124,168,34,108,174,196,167,15,156,21,73,82,172,86,181,68,9,45,138,126,143,160,91,18,171,12,7,173,89,46,164,4,84,122,25,23,77,57,186,170,176,72,154,49,62,95,182,139,135,191,48,50,56,92,147,67,32,38,87,165,193,28,44,125,6,88,70,71,162,20,188,61,184,8,157,78,128,101,185,76,80,100,30,134,27,2,97,58,151,175,98,1,117,113,169,142,163,158,54,120,3,136,149,107,55,14,13,111,52,148,83,129,24,150,103,105,69,159,40,116,140,99,106,194,180,178,192,109,66,145,102,110,199,0,85,104,17,53,155,146,63,31,183,65,16,190,10,130,5,39,195,43,127,79,42,141,11,114,64,96,177,119,132,75,137,133,81,153,166,189,33,35,36,22,112,93,19,144,121,51];False
4447;6455;10902;[198,29,90,41,187,60,179,47,26,161,115,152,131,59,197,123,74,37,94,118,124,168,34,108,174,196,167,15,156,21,73,82,172,86,181,68,9,45,138,126,143,160,91,18,199,12,7,173,89,144,164,4,84,122,25,23,77,57,186,170,176,72,154,49,62,95,182,139,135,191,48,50,56,92,147,67,32,38,87,165,193,28,44,125,6,88,70,71,162,20,188,61,184,8,157,78,128,101,185,76,80,100,30,134,27,2,97,58,151,175,98,1,117,113,169,142,163,158,54,120,3,136,149,107,55,14,13,111,52,148,83,129,24,150,103,105,69,159,40,116,140,99,106,194,180,178,192,109,66,145,102,110,171,0,85,104,17,53,155,146,63,31,183,65,16,190,10,130,5,39,195,43,127,79,42,141,11,114,64,96,177,119,132,75,137,133,81,153,166,189,33,35,36,22,112,93,19,46,121,51];False
4471;6453;10924;[198,29,90,41,187,60,179,47,26,161,115,152,131,59,197,123,74,37,94,118,124,168,34,108,174,196,167,15,156,21,73,82,172,86,181,68,9,45,138,126,143,160,91,18,199,12,7,173,89,46,164,4,84,122,25,23,77,57,186,170,176,72,154,49,39,95,182,139,135,191,48,50,56,92,147,67,32,38,87,165,193,28,44,125,6,88,70,71,162,20,188,61,184,8,157,78,128,101,185,76,80,100,30,134,27,2,97,58,151,175,98,1,117,113,169,142,163,158,54,120,3,136,149,107,55,14,13,111,52,148,83,129,24,150,103,105,69,159,40,116,140,99,106,194,180,178,192,109,66,145,102,110,171,0,85,104,17,53,155,146,63,31,183,65,16,190,10,130,5,62,195,43,127,79,42,141,11,114,64,96,177,119,132,75,137,133,81,153,166,189,33,35,36,22,112,93,19,144,121,51];False
4421;6461;10882;[198,29,90,41,187,60,179,47,26,161,115,152,131,59,197,123,74,37,94,118,124,168,34,108,174,196,167,15,156,21,73,82,172,86,181,68,9,45,138,126,143,160,91,18,199,12,7,173,89,46,164,4,84,122,25,23,77,57,186,170,176,72,154,49,62,98,182,139,135,191,48,50,56,92,147,67,32,38,87,165,193,28,44,125,6,88,70,71,162,20,188,61,184,8,157,78,128,101,185,76,80,100,30,134,27,2,97,58,151,175,95,1,117,113,169,142,163,158,54,120,3,136,149,107,55,14,13,111,52,148,83,129,24,150,103,105,69,159,40,116,140,99,106,194,180,178,192,109,66,145,102,110,171,0,85,104,17,53,155,146,63,31,183,65,16,190,10,130,5,39,195,43,127,79,42,141,11,114,64,96,177,119,132,75,137,133,81,153,166,189,33,35,36,22,112,93,19,144,121,51];False
4365;6470;10835;[198,29,90,41,187,60,179,47,26,161,115,152,131,59,197,123,74,37,94,118,124,168,34,108,174,196,167,15,156,21,73,82,172,86,181,68,9,45,138,126,143,160,91,18,199,12,7,173,89,46,164,4,84,122,25,23,77,57,186,170,176,72,154,49,62,95,182,139,135,191,48,50,56,92,147,67,32,38,87,165,193,28,44,125,6,88,70,71,162,20,188,61,184,8,157,78,128,101,185,76,80,100,30,134,27,2,97,58,151,175,113,1,117,98,169,142,163,158,54,120,3,136,149,107,55,14,13,111,52,148,83,129,24,150,103,105,69,159,40,116,140,99,106,194,180,178,192,109,66,145,102,110,171,0,85,104,17,53,155,146,63,31,183,65,16,190,10,130,5,39,195,43,127,79,42,141,11,114,64,96,177,119,132,75,137,133,81,153,166,189,33,35,36,22,112,93,19,144,121,51];False
4261;6483;10744;[198,29,90,41,187,60,179,47,26,161,115,152,131,59,197,123,74,37,94,118,124,168,34,108,174,196,167,15,156,21,73,82,172,86,181,68,9,45,138,126,143,160,91,18,199,12,7,173,89,46,164,4,84,122,25,23,77,57,186,170,176,72,154,49,62,95,182,139,135,191,48,50,56,92,147,67,32,38,87,165,193,28,44,125,6,88,70,71,162,20,188,61,184,8,157,78,128,101,185,76,80,100,30,134,27,2,97,58,151,175,98,1,117,195,169,142,163,158,54,120,3,136,149,107,55,14,13,111,52,148,83,129,24,150,103,105,69,159,40,116,140,99,106,194,180,178,192,109,66,145,102,110,171,0,85,104,17,53,155,146,63,31,183,65,16,190,10,130,5,39,113,43,127,79,42,141,11,114,64,96,177,119,132,75,137,133,81,153,166,189,33,35,36,22,112,93,19,144,121,51];False
4348;6469;10817;[198,29,90,41,187,60,179,47,26,161,115,152,131,59,197,123,74,37,94,118,124,168,34,108,174,196,167,15,156,21,73,82,172,86,181,68,9,45,138,126,143,160,91,18,199,12,7,173,89,46,164,4,84,122,25,23,77,57,186,170,176,72,154,49,62,95,182,139,135,191,48,50,56,92,147,67,32,38,87,165,193,28,44,125,6,88,70,71,162,20,188,61,184,8,157,78,128,101,185,76,80,100,30,134,27,2,97,58,151,175,98,1,117,113,169,142,137,158,54,120,3,136,149,107,55,14,13,111,52,148,83,129,24,150,103,105,69,159,40,116,140,99,106,194,180,178,192,109,66,145,102,110,171,0,85,104,17,53,155,146,63,31,183,65,16,190,10,130,5,39,195,43,127,79,42,141,11,114,64,96,177,119,132,75,163,133,81,153,166,189,33,35,36,22,112,93,19,144,121,51];False
4347;6471;10818;[198,29,90,41,187,60,179,47,26,161,115,152,131,59,197,123,74,37,94,118,124,168,34,108,174,196,167,15,156,21,73,82,172,86,181,68,9,45,138,126,143,160,91,18,199,12,7,173,89,46,164,4,84,122,25,23,77,57,186,170,176,72,154,49,62,95,182,139,135,191,48,50,56,92,147,67,32,38,87,165,193,28,44,125,6,88,70,71,162,20,188,61,184,8,157,78,128,101,185,76,80,100,30,134,27,2,97,58,151,175,98,1,117,113,169,142,163,158,54,120,3,136,149,107,55,14,13,111,52,148,83,129,24,150,103,105,69,159,40,116,104,99,106,194,180,178,192,109,66,145,102,110,171,0,85,140,17,53,155,146,63,31,183,65,16,190,10,130,5,39,195,43,127,79,42,141,11,114,64,96,177,119,132,75,137,133,81,153,166,189,33,35,36,22,112,93,19,144,121,51];False
4601;6438;11039;[198,29,90,41,187,60,179,47,26,161,115,152,163,59,197,123,74,37,94,118,124,168,34,108,174,196,167,15,156,21,73,82,172,86,181,68,9,45,138,126,143,160,91,18,12,199,7,173,89,46,164,4,84,122,25,23,77,57,186,170,176,72,154,49,62,95,182,139,135,191,48,50,56,92,147,67,32,38,87,165,193,28,44,125,6,88,70,71,162,20,188,61,184,8,157,78,128,101,185,76,80,100,30,134,27,2,97,58,151,175,98,1,117,113,169,142,131,158,54,120,3,136,149,107,55,14,13,111,52,148,83,129,24,150,103,105,69,159,40,116,140,99,106,194,180,178,192,109,66,145,102,110,171,0,85,104,17,53,155,146,63,31,183,65,16,190,10,130,5,39,195,43,127,79,42,141,11,114,64,96,177,119,132,75,137,133,81,153,166,189,33,35,36,22,112,93,19,144,121,51];False
4566;6444;11010;[198,29,90,41,187,60,179,47,26,161,115,152,163,59,197,123,74,37,94,118,124,168,34,108,174,196,167,15,156,21,73,82,172,86,181,68,9,45,138,126,143,160,91,18,175,12,7,173,89,46,164,4,84,122,25,23,77,57,186,170,176,72,154,49,62,95,182,139,135,191,48,50,56,92,147,67,32,38,87,165,193,28,44,125,6,88,70,71,162,20,188,61,184,8,157,78,128,101,185,76,80,100,30,134,27,2,97,58,151,199,98,1,117,113,169,142,131,158,54,120,3,136,149,107,55,14,13,111,52,148,83,129,24,150,103,105,69,159,40,116,140,99,106,194,180,178,192,109,66,145,102,110,171,0,85,104,17,53,155,146,63,31,183,65,16,190,10,130,5,39,195,43,127,79,42,141,11,114,64,96,177,119,132,75,137,133,81,153,166,189,33,35,36,22,112,93,19,144,121,51];False
4573;6439;11012;[198,29,90,41,187,60,179,47,26,161,115,152,163,59,197,123,74,37,94,118,124,168,34,108,174,196,167,15,156,21,73,82,172,86,181,68,9,45,138,126,143,160,91,18,199,12,7,173,89,144,164,4,84,122,25,23,77,57,186,170,176,72,154,49,62,95,182,139,135,191,48,50,56,92,147,67,32,38,87,165,193,28,44,125,6,88,70,71,162,20,188,61,184,8,157,78,128,101,185,76,80,100,30,134,27,2,97,58,151,175,98,1,117,113,169,142,131,158,54,120,3,136,149,107,55,14,13,111,52,148,83,129,24,150,103,105,69,159,40,116,140,99,106,194,180,178,192,109,66,145,102,110,171,0,85,104,17,53,155,146,63,31,183,65,16,190,10,130,5,39,195,43,127,79,42,141,11,114,64,96,177,119,132,75,137,133,81,153,166,189,33,35,36,22,112,93,19,46,121,51];False
4597;6437;11034;[198,29,90,41,187,60,179,47,26,161,115,152,163,59,197,123,74,37,94,118,124,168,34,108,174,196,167,15,156,21,73,82,172,86,181,68,9,45,138,126,143,160,91,18,199,12,7,173,89,46,164,4,84,122,25,23,77,57,186,170,176,72,154,49,39,95,182,139,135,191,48,50,56,92,147,67,32,38,87,165,193,28,44,125,6,88,70,71,162,20,188,61,184,8,157,78,128,101,185,76,80,100,30,134,27,2,97,58,151,175,98,1,117,113,169,142,131,158,54,120,3,136,149,107,55,14,13,111,52,148,83,129,24,150,103,105,69,159,40,116,140,99,106,194,180,178,192,109,66,145,102,110,171,0,85,104,17,53,155,146,63,31,183,65,16,190,10,130,5,62,195,43,127,79,42,141,11,114,64,96,177,119,132,75,137,133,81,153,166,189,33,35,36,22,112,93,19,144,121,51];False
4547;6445;10992;[198,29,90,41,187,60,179,47,26,161,115,152,163,59,197,123,74,37,94,118,124,168,34,108,174,196,167,15,156,21,73,82,172,86,181,68,9,45,138,126,143,160,91,18,199,12,7,173,89,46,164,4,84,122,25,23,77,57,186,170,176,72,154,49,62,98,182,139,135,191,48,50,56,92,147,67,32,38,87,165,193,28,44,125,6,88,70,71,162,20,188,61,184,8,157,78,128,101,185,76,80,100,30,134,27,2,97,58,151,175,95,1,117,113,169,142,131,158,54,120,3,136,149,107,55,14,13,111,52,148,83,129,24,150,103,105,69,159,40,116,140,99,106,194,180,178,192,109,66,145,102,110,171,0,85,104,17,53,155,146,63,31,183,65,16,190,10,130,5,39,195,43,127,79,42,141,11,114,64,96,177,119,132,75,137,133,81,153,166,189,33,35,36,22,112,93,19,144,121,51];False
4592;6437;11029;[198,29,90,41,187,60,179,47,26,161,115,152,163,59,197,123,74,37,94,118,124,168,34,108,174,196,167,15,156,21,73,82,172,86,181,68,9,45,138,126,143,160,91,18,171,12,7,173,89,144,164,4,84,122,25,23,77,57,186,170,176,72,154,49,62,95,182,139,135,191,48,50,56,92,147,67,32,38,87,165,193,28,44,125,6,88,70,71,162,20,188,61,184,8,157,78,128,101,185,76,80,100,30,134,27,2,97,58,151,175,98,1,117,113,169,142,131,158,54,120,3,136,149,107,55,14,13,111,52,148,83,129,24,150,103,105,69,159,40,116,140,99,106,194,180,178,192,109,66,145,102,110,199,0,85,104,17,53,155,146,63,31,183,65,16,190,10,130,5,39,195,43,127,79,42,141,11,114,64,96,177,119,132,75,137,133,81,153,166,189,33,35,36,22,112,93,19,46,121,51];False
4616;6435;11051;[198,29,90,41,187,60,179,47,26,161,115,152,163,59,197,123,74,37,94,118,124,168,34,108,174,196,167,15,156,21,73,82,172,86,181,68,9,45,138,126,143,160,91,18,171,12,7,173,89,46,164,4,84,122,25,23,77,57,186,170,176,72,154,49,39,95,182,139,135,191,48,50,56,92,147,67,32,38,87,165,193,28,44,125,6,88,70,71,162,20,188,61,184,8,157,78,128,101,185,76,80,100,30,134,27,2,97,58,151,175,98,1,117,113,169,142,131,158,54,120,3,136,149,107,55,14,13,111,52,148,83,129,24,150,103,105,69,159,40,116,140,99,106,194,180,178,192,109,66,145,102,110,199,0,85,104,17,53,155,146,63,31,183,65,16,190,10,130,5,62,195,43,127,79,42,141,11,114,64,96,177,119,132,75,137,133,81,153,166,189,33,35,36,22,112,93,19,144,121,51];False
4566;6443;11009;[198,29,90,41,187,60,179,47,26,161,115,152,163,59,197,123,74,37,94,118,124,168,34,108,174,196,167,15,156,21,73,82,172,86,181,68,9,45,138,126,143,160,91,18,171,12,7,173,89,46,164,4,84,122,25,23,77,57,186,170,176,72,154,49,62,98,182,139,135,191,48,50,56,92,147,67,32,38,87,165,193,28,44,125,6,88,70,71,162,20,188,61,184,8,157,78,128,101,185,76,80,100,30,134,27,2,97,58,151,175,95,1,117,113,169,142,131,158,54,120,3,136,149,107,55,14,13,111,52,148,83,129,24,150,103,105,69,159,40,116,140,99,106,194,180,178,192,109,66,145,102,110,199,0,85,104,17,53,155,146,63,31,183,65,16,190,10,130,5,39,195,43,127,79,42,141,11,114,64,96,177,119,132,75,137,133,81,153,166,189,33,35,36,22,112,93,19,144,121,51];False
4558;6443;11001;[198,29,90,41,187,60,179,47,26,161,115,152,163,59,197,123,74,37,94,118,124,168,34,108,174,196,167,15,156,21,73,82,172,86,181,68,9,45,138,126,143,160,91,18,171,12,7,173,89,46,164,4,84,122,25,23,77,57,186,170,176,72,154,49,62,95,182,139,135,191,48,50,56,92,147,67,32,38,87,165,193,28,44,125,6,88,70,71,162,20,188,61,184,8,157,78,128,101,185,76,80,100,30,134,27,2,97,58,110,175,98,1,117,113,169,142,131,158,54,120,3,136,149,107,55,14,13,111,52,148,83,129,24,150,103,105,69,159,40,116,140,99,106,194,180,178,192,109,66,145,102,151,199,0,85,104,17,53,155,146,63,31,183,65,16,190,10,130,5,39,195,43,127,79,42,141,11,114,64,96,177,119,132,75,137,133,81,153,166,189,33,35,36,22,112,93,19,144,121,51];False
3883;6559;10442;[198,29,90,41,127,79,179,47,26,161,115,152,131,59,197,123,74,37,94,118,124,168,34,108,174,196,167,15,156,21,73,82,187,86,181,68,9,45,138,126,143,160,91,18,199,12,7,173,89,46,164,4,84,122,25,23,77,57,186,170,176,72,154,49,62,95,182,139,135,191,48,50,56,92,147,67,32,61,38,165,193,28,44,125,6,88,70,71,162,20,188,144,184,8,157,78,128,101,185,76,80,100,30,134,27,2,97,58,151,175,98,1,117,195,169,142,137,158,54,120,3,136,149,107,55,14,13,111,52,148,83,129,24,150,103,105,69,159,40,116,140,99,106,194,180,178,192,10,66,145,102,110,171,0,85,104,17,53,155,146,63,31,183,65,16,190,109,130,5,39,113,43,172,60,42,141,11,114,64,96,177,119,132,75,163,133,81,153,166,189,33,35,36,22,112,93,19,87,121,51];False
3863;6566;10429;[198,29,90,41,172,79,179,47,26,161,115,152,131,59,197,123,74,37,94,118,124,168,34,108,174,196,167,15,156,21,73,82,187,86,181,68,9,45,138,126,143,160,91,18,199,12,7,173,89,46,164,4,84,122,25,23,77,57,186,170,176,72,154,49,62,95,182,139,135,191,48,50,56,92,147,67,32,61,38,165,193,28,44,125,6,88,70,71,162,20,188,144,184,8,157,78,128,101,185,76,80,100,30,134,27,195,97,58,151,175,98,1,117,2,169,142,137,158,54,120,3,136,149,107,55,14,13,111,52,148,83,129,24,150,103,105,69,159,40,116,140,99,106,194,180,178,192,10,66,145,102,110,171,0,85,104,17,53,155,146,63,31,183,65,16,190,109,130,5,39,113,43,127,60,42,141,11,114,64,96,177,119,132,75,163,133,81,153,166,189,33,35,36,22,112,93,19,87,121,51];False
3873;6564;10437;[198,29,90,41,172,79,179,47,26,161,115,152,131,59,197,123,74,37,94,118,124,168,34,108,174,196,167,15,156,21,73,82,187,86,181,68,9,45,138,126,143,160,91,18,199,12,7,173,89,46,164,4,84,122,25,23,77,57,186,170,176,72,154,49,62,95,182,139,135,191,48,50,56,92,147,67,32,61,38,165,193,28,44,125,6,88,70,71,162,20,188,144,184,8,157,78,128,101,185,76,80,100,30,134,27,2,97,58,151,175,98,1,117,195,169,142,137,158,54,120,3,136,149,107,55,14,13,111,52,148,83,129,24,150,103,105,69,159,40,116,104,99,106,194,180,178,192,10,66,145,102,110,171,0,85,140,17,53,155,146,63,31,183,65,16,190,109,130,5,39,113,43,127,60,42,141,11,114,64,96,177,119,132,75,163,133,81,153,166,189,33,35,36,22,112,93,19,87,121,51];False
3928;6549;10477;[198,29,90,41,187,79,179,47,26,161,115,152,131,59,197,123,74,37,94,118,124,168,34,108,174,196,167,15,156,21,73,82,172,86,181,68,9,45,138,126,143,160,91,18,199,12,7,173,89,46,164,4,84,122,25,23,77,57,186,170,176,72,154,49,62,95,182,139,135,191,48,50,56,92,147,67,32,61,19,165,193,28,44,125,6,88,70,71,162,20,188,144,184,8,157,78,128,101,185,76,80,100,30,134,27,195,97,58,151,175,98,1,117,2,169,142,137,158,54,120,3,136,149,107,55,14,13,111,52,148,83,129,24,150,103,105,69,159,40,116,140,99,106,194,180,178,192,10,66,145,102,110,171,0,85,104,17,53,155,146,63,31,183,65,16,190,109,130,5,39,113,43,127,60,42,141,11,114,64,96,177,119,132,75,163,133,81,153,166,189,33,35,36,22,112,93,38,87,121,51];False
3901;6556;10457;[198,29,90,41,187,79,179,47,26,161,115,152,131,59,197,123,74,37,94,118,124,168,34,108,174,196,167,15,156,21,73,82,172,86,181,68,9,45,138,126,143,160,91,18,199,12,7,173,89,46,164,4,84,122,25,23,77,57,186,170,176,72,154,49,62,95,182,139,135,191,48,50,56,92,147,67,32,61,38,165,193,28,44,125,6,88,70,71,162,20,188,144,184,8,157,78,128,101,185,76,80,100,30,134,27,195,97,58,151,175,2,1,117,98,169,142,137,158,54,120,3,136,149,107,55,14,13,111,52,148,83,129,24,150,103,105,69,159,40,116,140,99,106,194,180,178,192,10,66,145,102,110,171,0,85,104,17,53,155,146,63,31,183,65,16,190,109,130,5,39,113,43,127,60,42,141,11,114,64,96,177,119,132,75,163,133,81,153,166,189,33,35,36,22,112,93,19,87,121,51];False
3896;6556;10452;[198,29,90,41,187,79,179,47,26,161,115,152,131,59,197,123,74,37,94,118,124,168,17,108,174,196,167,15,156,21,73,82,172,86,181,68,9,45,138,126,143,160,91,18,199,12,7,173,89,46,164,4,84,122,25,23,77,57,186,170,176,72,154,49,62,95,182,139,135,191,48,50,56,92,147,67,32,61,38,165,193,28,44,125,6,88,70,71,162,20,188,144,184,8,157,78,128,101,185,76,80,100,30,134,27,2,97,58,151,175,98,1,117,195,169,142,137,158,54,120,3,136,149,107,55,14,13,111,52,148,83,129,24,150,103,105,69,159,40,116,104,99,106,194,180,178,192,10,66,145,102,110,171,0,85,140,34,53,155,146,63,31,183,65,16,190,109,130,5,39,113,43,127,60,42,141,11,114,64,96,177,119,132,75,163,133,81,153,166,189,33,35,36,22,112,93,19,87,121,51];False
3862;6568;10430;[198,29,90,41,172,79,179,47,26,161,115,152,131,59,197,123,74,37,94,118,124,168,34,108,174,196,167,15,156,21,73,82,187,86,181,68,9,45,138,126,143,160,91,18,199,12,7,173,89,46,164,4,84,122,25,23,77,57,186,170,176,72,154,49,62,95,182,139,135,191,48,50,56,92,147,67,32,61,38,165,193,28,44,125,6,88,70,71,162,20,188,144,184,8,157,78,128,101,185,76,80,100,30,134,27,195,97,58,151,175,98,1,117,2,169,142,163,158,54,120,3,136,149,107,55,14,13,111,52,148,83,129,24,150,103,105,69,159,40,116,104,99,106,194,180,178,192,10,66,145,102,110,171,0,85,140,17,53,155,146,63,31,183,65,16,190,109,130,5,39,113,43,127,60,42,141,11,114,64,96,177,119,132,75,137,133,81,153,166,189,33,35,36,22,112,93,19,87,121,51];False
3915;6551;10466;[198,29,90,41,187,79,179,47,26,161,115,152,131,59,197,123,74,37,94,118,124,168,17,108,174,196,167,15,156,21,73,82,172,86,181,68,9,45,138,126,143,160,91,18,199,12,7,173,89,46,164,4,84,122,25,23,77,57,186,170,176,72,154,49,62,95,182,139,135,191,48,50,56,92,147,67,32,61,38,165,193,28,44,125,6,88,70,71,162,20,188,144,184,8,157,78,128,101,185,76,80,100,30,134,27,195,97,58,151,175,98,1,117,2,169,142,137,158,54,120,3,136,149,107,55,14,13,111,52,148,83,129,24,150,103,105,69,159,40,116,104,99,106,194,180,178,192,109,66,145,102,110,171,0,85,140,34,53,155,146,63,31,183,65,16,190,10,130,5,39,113,43,127,60,42,141,11,114,64,96,177,119,132,75,163,133,81,153,166,189,33,35,36,22,112,93,19,87,121,51];False
3927;6549;10476;[198,29,90,41,172,60,179,47,26,161,115,152,131,59,197,123,74,37,94,118,124,168,34,108,174,196,167,15,156,21,73,82,187,86,181,68,9,45,138,126,143,160,91,18,199,12,7,173,89,46,164,4,84,122,25,23,77,57,186,170,176,72,154,49,62,95,182,139,135,191,48,50,56,92,147,67,32,61,38,165,193,28,44,125,6,88,70,71,162,20,188,144,184,8,157,78,128,101,185,76,80,100,30,134,27,195,97,58,151,175,98,1,117,2,169,142,137,158,54,120,3,136,149,107,55,14,13,111,52,148,83,129,24,150,103,105,69,159,40,116,140,99,106,194,180,178,192,10,66,145,102,110,171,0,85,104,17,53,155,146,63,31,183,65,16,190,109,130,5,39,113,43,127,79,42,141,11,114,64,96,177,119,132,75,163,133,81,153,166,189,33,35,36,22,112,93,19,87,121,51];False
3867;6564;10431;[198,29,90,41,172,60,179,47,26,161,115,152,131,59,197,123,74,37,94,118,124,168,34,108,174,196,167,15,156,21,73,82,187,86,181,68,9,45,138,126,143,160,91,18,199,12,7,173,89,46,164,4,84,122,25,23,77,57,186,170,176,72,154,49,62,95,182,139,135,191,48,50,56,92,147,67,32,61,38,165,193,28,44,125,6,88,70,71,162,20,188,144,184,8,157,78,128,101,185,76,80,100,30,134,27,2,97,58,151,175,98,1,117,195,169,142,137,158,54,120,3,136,149,107,55,14,13,111,52,148,83,129,24,150,103,105,69,159,40,116,140,99,106,194,180,178,192,10,66,145,102,110,171,0,85,104,17,53,155,146,63,31,183,65,16,190,109,130,5,39,113,43,127,96,42,141,11,114,64,79,177,119,132,75,163,133,81,153,166,189,33,35,36,22,112,93,19,87,121,51];False
4466;6453;10919;[198,29,90,41,187,60,179,47,26,161,115,152,131,59,197,123,74,37,94,118,124,168,34,108,174,196,167,15,156,21,73,82,172,86,181,68,9,45,138,126,143,160,91,18,171,12,7,173,89,144,164,4,84,122,25,23,77,57,186,170,176,72,154,49,62,95,182,139,135,191,48,50,56,92,147,67,32,38,87,165,193,28,44,125,6,88,70,71,162,20,188,61,184,8,157,78,128,101,185,76,80,100,30,134,27,2,97,58,151,175,98,1,117,113,169,142,163,158,54,120,3,136,149,107,55,14,13,111,52,148,83,129,24,150,103,105,69,159,40,116,140,99,106,194,180,178,192,109,66,145,102,110,199,0,85,104,17,53,155,146,63,31,183,65,16,190,10,130,5,39,195,43,127,79,42,141,11,114,64,96,177,119,132,75,137,133,81,153,166,189,33,35,36,22,112,93,19,46,121,51];False
4490;6451;10941;[198,29,90,41,187,60,179,47,26,161,115,152,131,59,197,123,74,37,94,118,124,168,34,108,174,196,167,15,156,21,73,82,172,86,181,68,9,45,138,126,143,160,91,18,171,12,7,173,89,46,164,4,84,122,25,23,77,57,186,170,176,72,154,49,39,95,182,139,135,191,48,50,56,92,147,67,32,38,87,165,193,28,44,125,6,88,70,71,162,20,188,61,184,8,157,78,128,101,185,76,80,100,30,134,27,2,97,58,151,175,98,1,117,113,169,142,163,158,54,120,3,136,149,107,55,14,13,111,52,148,83,129,24,150,103,105,69,159,40,116,140,99,106,194,180,178,192,109,66,145,102,110,199,0,85,104,17,53,155,146,63,31,183,65,16,190,10,130,5,62,195,43,127,79,42,141,11,114,64,96,177,119,132,75,137,133,81,153,166,189,33,35,36,22,112,93,19,144,121,51];False
4440;6459;10899;[198,29,90,41,187,60,179,47,26,161,115,152,131,59,197,123,74,37,94,118,124,168,34,108,174,196,167,15,156,21,73,82,172,86,181,68,9,45,138,126,143,160,91,18,171,12,7,173,89,46,164,4,84,122,25,23,77,57,186,170,176,72,154,49,62,98,182,139,135,191,48,50,56,92,147,67,32,38,87,165,193,28,44,125,6,88,70,71,162,20,188,61,184,8,157,78,128,101,185,76,80,100,30,134,27,2,97,58,151,175,95,1,117,113,169,142,163,158,54,120,3,136,149,107,55,14,13,111,52,148,83,129,24,150,103,105,69,159,40,116,140,99,106,194,180,178,192,109,66,145,102,110,199,0,85,104,17,53,155,146,63,31,183,65,16,190,10,130,5,39,195,43,127,79,42,141,11,114,64,96,177,119,132,75,137,133,81,153,166,189,33,35,36,22,112,93,19,144,121,51];False
4432;6459;10891;[198,29,90,41,187,60,179,47,26,161,115,152,131,59,197,123,74,37,94,118,124,168,34,108,174,196,167,15,156,21,73,82,172,86,181,68,9,45,138,126,143,160,91,18,171,12,7,173,89,46,164,4,84,122,25,23,77,57,186,170,176,72,154,49,62,95,182,139,135,191,48,50,56,92,147,67,32,38,87,165,193,28,44,125,6,88,70,71,162,20,188,61,184,8,157,78,128,101,185,76,80,100,30,134,27,2,97,58,110,175,98,1,117,113,169,142,163,158,54,120,3,136,149,107,55,14,13,111,52,148,83,129,24,150,103,105,69,159,40,116,140,99,106,194,180,178,192,109,66,145,102,151,199,0,85,104,17,53,155,146,63,31,183,65,16,190,10,130,5,39,195,43,127,79,42,141,11,114,64,96,177,119,132,75,137,133,81,153,166,189,33,35,36,22,112,93,19,144,121,51];False
4367;6467;10834;[198,29,90,41,187,60,179,47,26,161,115,152,131,59,197,123,74,37,94,118,124,168,34,108,174,196,167,15,156,21,73,82,172,86,181,68,9,45,138,126,143,160,91,18,171,12,7,173,89,46,164,4,84,122,25,23,77,57,186,170,176,72,154,49,62,95,182,139,135,191,48,50,56,92,147,67,32,38,87,165,193,28,44,125,6,88,70,71,162,20,188,61,184,8,157,78,128,101,185,76,80,100,30,134,27,2,97,58,151,175,98,1,117,113,169,142,137,158,54,120,3,136,149,107,55,14,13,111,52,148,83,129,24,150,103,105,69,159,40,116,140,99,106,194,180,178,192,109,66,145,102,110,199,0,85,104,17,53,155,146,63,31,183,65,16,190,10,130,5,39,195,43,127,79,42,141,11,114,64,96,177,119,132,75,163,133,81,153,166,189,33,35,36,22,112,93,19,144,121,51];False
4546;6444;10990;[198,29,90,41,187,60,179,47,26,161,115,152,131,59,197,123,74,37,94,118,124,168,34,108,174,196,167,15,156,21,73,82,172,86,181,68,9,45,138,126,143,160,91,18,199,12,7,173,89,144,164,4,84,122,25,23,77,57,186,170,176,72,154,49,39,95,182,139,135,191,48,50,56,92,147,67,32,38,87,165,193,28,44,125,6,88,70,71,162,20,188,61,184,8,157,78,128,101,185,76,80,100,30,134,27,2,97,58,151,175,98,1,117,113,169,142,163,158,54,120,3,136,149,107,55,14,13,111,52,148,83,129,24,150,103,105,69,159,40,116,140,99,106,194,180,178,192,109,66,145,102,110,171,0,85,104,17,53,155,146,63,31,183,65,16,190,10,130,5,62,195,43,127,79,42,141,11,114,64,96,177,119,132,75,137,133,81,153,166,189,33,35,36,22,112,93,19,46,121,51];False
4336;6474;10810;[198,29,90,41,187,60,179,47,26,161,115,152,131,59,197,123,74,37,94,118,124,168,34,108,174,196,167,15,156,21,73,82,172,86,181,68,9,45,138,126,143,160,91,18,199,12,7,173,89,144,164,4,84,122,25,23,77,57,186,170,176,72,154,49,62,95,182,139,135,191,48,50,56,92,147,67,32,38,87,165,193,28,44,125,6,88,70,71,162,20,188,61,184,8,157,78,128,101,185,76,80,100,30,134,27,2,97,58,151,175,98,1,117,195,169,142,163,158,54,120,3,136,149,107,55,14,13,111,52,148,83,129,24,150,103,105,69,159,40,116,140,99,106,194,180,178,192,109,66,145,102,110,171,0,85,104,17,53,155,146,63,31,183,65,16,190,10,130,5,39,113,43,127,79,42,141,11,114,64,96,177,119,132,75,137,133,81,153,166,189,33,35,36,22,112,93,19,46,121,51];False
4423;6460;10883;[198,29,90,41,187,60,179,47,26,161,115,152,131,59,197,123,74,37,94,118,124,168,34,108,174,196,167,15,156,21,73,82,172,86,181,68,9,45,138,126,143,160,91,18,199,12,7,173,89,144,164,4,84,122,25,23,77,57,186,170,176,72,154,49,62,95,182,139,135,191,48,50,56,92,147,67,32,38,87,165,193,28,44,125,6,88,70,71,162,20,188,61,184,8,157,78,128,101,185,76,80,100,30,134,27,2,97,58,151,175,98,1,117,113,169,142,137,158,54,120,3,136,149,107,55,14,13,111,52,148,83,129,24,150,103,105,69,159,40,116,140,99,106,194,180,178,192,109,66,145,102,110,171,0,85,104,17,53,155,146,63,31,183,65,16,190,10,130,5,39,195,43,127,79,42,141,11,114,64,96,177,119,132,75,163,133,81,153,166,189,33,35,36,22,112,93,19,46,121,51];False
4323;6476;10799;[198,29,90,41,187,60,179,47,26,161,115,152,131,59,197,123,74,37,94,118,124,168,34,108,174,196,167,15,156,21,73,82,172,86,181,68,9,45,138,126,143,160,91,18,199,12,7,173,89,46,164,4,84,122,25,23,77,57,186,170,176,72,154,49,62,95,182,139,135,191,48,50,56,92,147,67,32,38,87,165,193,28,44,125,6,88,70,71,162,20,188,61,184,8,157,78,128,101,185,76,80,100,30,134,27,2,97,58,151,175,98,1,117,113,169,142,137,158,54,120,3,136,149,107,55,14,13,111,52,148,83,129,24,150,103,105,69,159,40,116,104,99,106,194,180,178,192,109,66,145,102,110,171,0,85,140,17,53,155,146,63,31,183,65,16,190,10,130,5,39,195,43,127,79,42,141,11,114,64,96,177,119,132,75,163,133,81,153,166,189,33,35,36,22,112,93,19,144,121,51];False
4676;6429;11105;[198,29,90,41,187,60,179,47,26,161,115,152,163,59,197,123,74,37,94,118,124,168,34,108,174,196,167,15,156,21,73,82,172,86,181,68,9,45,138,126,143,160,91,18,12,199,7,173,89,144,164,4,84,122,25,23,77,57,186,170,176,72,154,49,62,95,182,139,135,191,48,50,56,92,147,67,32,38,87,165,193,28,44,125,6,88,70,71,162,20,188,61,184,8,157,78,128,101,185,76,80,100,30,134,27,2,97,58,151,175,98,1,117,113,169,142,131,158,54,120,3,136,149,107,55,14,13,111,52,148,83,129,24,150,103,105,69,159,40,116,140,99,106,194,180,178,192,109,66,145,102,110,171,0,85,104,17,53,155,146,63,31,183,65,16,190,10,130,5,39,195,43,127,79,42,141,11,114,64,96,177,119,132,75,137,133,81,153,166,189,33,35,36,22,112,93,19,46,121,51];False
4672;6428;11100;[198,29,90,41,187,60,179,47,26,161,115,152,163,59,197,123,74,37,94,118,124,168,34,108,174,196,167,15,156,21,73,82,172,86,181,68,9,45,138,126,143,160,91,18,199,12,7,173,89,144,164,4,84,122,25,23,77,57,186,170,176,72,154,49,39,95,182,139,135,191,48,50,56,92,147,67,32,38,87,165,193,28,44,125,6,88,70,71,162,20,188,61,184,8,157,78,128,101,185,76,80,100,30,134,27,2,97,58,151,175,98,1,117,113,169,142,131,158,54,120,3,136,149,107,55,14,13,111,52,148,83,129,24,150,103,105,69,159,40,116,140,99,106,194,180,178,192,109,66,145,102,110,171,0,85,104,17,53,155,146,63,31,183,65,16,190,10,130,5,62,195,43,127,79,42,141,11,114,64,96,177,119,132,75,137,133,81,153,166,189,33,35,36,22,112,93,19,46,121,51];False
4671;6430;11101;[198,29,90,41,187,60,179,47,26,161,115,152,163,59,197,123,74,37,94,118,124,168,34,108,174,196,167,15,156,21,73,82,172,86,181,68,9,45,138,126,143,160,91,18,171,199,7,173,89,144,164,4,84,122,25,23,77,57,186,170,176,72,154,49,62,95,182,139,135,191,48,50,56,92,147,67,32,38,87,165,193,28,44,125,6,88,70,71,162,20,188,61,184,8,157,78,128,101,185,76,80,100,30,134,27,2,97,58,151,175,98,1,117,113,169,142,131,158,54,120,3,136,149,107,55,14,13,111,52,148,83,129,24,150,103,105,69,159,40,116,140,99,106,194,180,178,192,109,66,145,102,110,12,0,85,104,17,53,155,146,63,31,183,65,16,190,10,130,5,39,195,43,127,79,42,141,11,114,64,96,177,119,132,75,137,133,81,153,166,189,33,35,36,22,112,93,19,46,121,51];False
4691;6426;11117;[198,29,90,41,187,60,179,47,26,161,115,152,163,59,197,123,74,37,94,118,124,168,34,108,174,196,167,15,156,21,73,82,172,86,181,68,9,45,138,126,143,160,91,18,171,12,7,173,89,144,164,4,84,122,25,23,77,57,186,170,176,72,154,49,39,95,182,139,135,191,48,50,56,92,147,67,32,38,87,165,193,28,44,125,6,88,70,71,162,20,188,61,184,8,157,78,128,101,185,76,80,100,30,134,27,2,97,58,151,175,98,1,117,113,169,142,131,158,54,120,3,136,149,107,55,14,13,111,52,148,83,129,24,150,103,105,69,159,40,116,140,99,106,194,180,178,192,109,66,145,102,110,199,0,85,104,17,53,155,146,63,31,183,65,16,190,10,130,5,62,195,43,127,79,42,141,11,114,64,96,177,119,132,75,137,133,81,153,166,189,33,35,36,22,112,93,19,46,121,51];False
4641;6434;11075;[198,29,90,41,187,60,179,47,26,161,115,152,163,59,197,123,74,37,94,118,124,168,34,108,174,196,167,15,156,21,73,82,172,86,181,68,9,45,138,126,143,160,91,18,171,12,7,173,89,144,164,4,84,122,25,23,77,57,186,170,176,72,154,49,62,98,182,139,135,191,48,50,56,92,147,67,32,38,87,165,193,28,44,125,6,88,70,71,162,20,188,61,184,8,157,78,128,101,185,76,80,100,30,134,27,2,97,58,151,175,95,1,117,113,169,142,131,158,54,120,3,136,149,107,55,14,13,111,52,148,83,129,24,150,103,105,69,159,40,116,140,99,106,194,180,178,192,109,66,145,102,110,199,0,85,104,17,53,155,146,63,31,183,65,16,190,10,130,5,39,195,43,127,79,42,141,11,114,64,96,177,119,132,75,137,133,81,153,166,189,33,35,36,22,112,93,19,46,121,51];False
4633;6434;11067;[198,29,90,41,187,60,179,47,26,161,115,152,163,59,197,123,74,37,94,118,124,168,34,108,174,196,167,15,156,21,73,82,172,86,181,68,9,45,138,126,143,160,91,18,171,12,7,173,89,144,164,4,84,122,25,23,77,57,186,170,176,72,154,49,62,95,182,139,135,191,48,50,56,92,147,67,32,38,87,165,193,28,44,125,6,88,70,71,162,20,188,61,184,8,157,78,128,101,185,76,80,100,30,134,27,2,97,58,110,175,98,1,117,113,169,142,131,158,54,120,3,136,149,107,55,14,13,111,52,148,83,129,24,150,103,105,69,159,40,116,140,99,106,194,180,178,192,109,66,145,102,151,199,0,85,104,17,53,155,146,63,31,183,65,16,190,10,130,5,39,195,43,127,79,42,141,11,114,64,96,177,119,132,75,137,133,81,153,166,189,33,35,36,22,112,93,19,46,121,51];False
4657;6432;11089;[198,29,90,41,187,60,179,47,26,161,115,152,163,59,197,123,74,37,94,118,124,168,34,108,174,196,167,15,156,21,73,82,172,86,181,68,9,45,138,126,143,160,91,18,171,12,7,173,89,46,164,4,84,122,25,23,77,57,186,170,176,72,154,49,39,95,182,139,135,191,48,50,56,92,147,67,32,38,87,165,193,28,44,125,6,88,70,71,162,20,188,61,184,8,157,78,128,101,185,76,80,100,30,134,27,2,97,58,110,175,98,1,117,113,169,142,131,158,54,120,3,136,149,107,55,14,13,111,52,148,83,129,24,150,103,105,69,159,40,116,140,99,106,194,180,178,192,109,66,145,102,151,199,0,85,104,17,53,155,146,63,31,183,65,16,190,10,130,5,62,195,43,127,79,42,141,11,114,64,96,177,119,132,75,137,133,81,153,166,189,33,35,36,22,112,93,19,144,121,51];False
4632;6433;11065;[198,29,90,41,187,60,179,47,26,161,115,152,163,59,197,123,74,37,94,118,124,168,34,108,174,196,167,15,156,21,73,82,172,86,181,68,9,45,138,126,143,160,91,18,171,12,7,173,89,46,164,4,84,122,25,23,77,57,186,170,176,72,154,49,62,95,182,139,135,191,48,50,56,92,147,67,32,38,87,165,193,28,44,125,6,88,70,71,162,20,188,61,184,8,157,78,128,101,185,76,80,100,30,134,27,2,97,58,158,175,98,1,117,113,169,142,131,110,54,120,3,136,149,107,55,14,13,111,52,148,83,129,24,150,103,105,69,159,40,116,140,99,106,194,180,178,192,109,66,145,102,151,199,0,85,104,17,53,155,146,63,31,183,65,16,190,10,130,5,39,195,43,127,79,42,141,11,114,64,96,177,119,132,75,137,133,81,153,166,189,33,35,36,22,112,93,19,144,121,51];False
3848;6568;10416;[198,29,90,41,127,79,179,47,26,161,115,152,131,59,197,123,74,37,94,118,124,168,34,108,174,196,167,15,156,21,73,82,187,86,181,68,9,45,138,126,143,160,91,18,199,12,7,173,89,46,164,4,84,122,25,23,77,57,186,170,176,72,154,49,62,95,182,139,135,191,48,50,56,92,147,67,32,61,38,165,193,28,44,125,6,88,70,71,162,20,188,144,184,8,157,78,128,101,185,76,80,100,30,134,27,195,97,58,151,175,98,1,117,2,169,142,137,158,54,120,3,136,149,107,55,14,13,111,52,148,83,129,24,150,103,105,69,159,40,116,140,99,106,194,180,178,192,10,66,145,102,110,171,0,85,104,17,53,155,146,63,31,183,65,16,190,109,130,5,39,113,43,172,60,42,141,11,114,64,96,177,119,132,75,163,133,81,153,166,189,33,35,36,22,112,93,19,87,121,51];False
3907;6554;10461;[198,29,90,41,127,79,179,47,26,161,115,152,131,59,197,123,74,37,94,118,124,168,34,108,174,196,167,15,156,21,73,82,187,86,181,68,9,45,138,126,143,160,91,18,199,12,7,173,89,46,164,4,84,122,25,23,77,57,186,170,176,72,154,49,62,95,182,139,135,191,48,50,56,92,147,67,32,61,38,165,193,28,44,125,6,88,70,71,162,20,188,144,184,8,157,78,128,101,185,76,80,100,30,134,27,2,97,58,151,175,98,1,117,195,169,142,163,158,54,120,3,136,149,107,55,14,13,111,52,148,83,129,24,150,103,105,69,159,40,116,140,99,106,194,180,178,192,10,66,145,102,110,171,0,85,104,17,53,155,146,63,31,183,65,16,190,109,130,5,39,113,43,172,60,42,141,11,114,64,96,177,119,132,75,137,133,81,153,166,189,33,35,36,22,112,93,19,87,121,51];False
3858;6566;10424;[198,29,90,41,127,79,179,47,26,161,115,152,131,59,197,123,74,37,94,118,124,168,34,108,174,196,167,15,156,21,73,82,187,86,181,68,9,45,138,126,143,160,91,18,199,12,7,173,89,46,164,4,84,122,25,23,77,57,186,170,176,72,154,49,62,95,182,139,135,191,48,50,56,92,147,67,32,61,38,165,193,28,44,125,6,88,70,71,162,20,188,144,184,8,157,78,128,101,185,76,80,100,30,134,27,2,97,58,151,175,98,1,117,195,169,142,137,158,54,120,3,136,149,107,55,14,13,111,52,148,83,129,24,150,103,105,69,159,40,116,104,99,106,194,180,178,192,10,66,145,102,110,171,0,85,140,17,53,155,146,63,31,183,65,16,190,109,130,5,39,113,43,172,60,42,141,11,114,64,96,177,119,132,75,163,133,81,153,166,189,33,35,36,22,112,93,19,87,121,51];False
3937;6545;10482;[198,29,90,41,127,79,179,47,26,161,115,152,131,59,197,123,74,37,94,118,124,168,34,108,174,196,167,15,156,21,73,82,187,86,181,68,9,45,138,126,143,160,91,18,199,12,7,173,89,46,164,4,84,122,25,23,77,57,186,170,176,72,154,49,62,95,182,139,135,191,48,50,56,92,147,67,32,61,38,165,193,28,44,125,6,88,70,71,162,20,188,144,184,8,157,78,128,101,185,76,80,100,30,134,27,2,97,58,151,175,98,1,117,195,169,142,137,158,54,120,3,136,149,107,55,14,13,111,52,148,83,129,24,150,103,105,69,159,40,116,140,99,106,194,180,178,192,109,66,145,102,110,171,0,85,104,17,53,155,146,63,31,183,65,16,190,10,130,5,39,113,43,172,60,42,141,11,114,64,96,177,119,132,75,163,133,81,153,166,189,33,35,36,22,112,93,19,87,121,51];False
3861;6565;10426;[198,29,90,41,187,79,179,47,26,161,115,152,131,59,197,123,74,37,94,118,124,168,17,108,174,196,167,15,156,21,73,82,172,86,181,68,9,45,138,126,143,160,91,18,199,12,7,173,89,46,164,4,84,122,25,23,77,57,186,170,176,72,154,49,62,95,182,139,135,191,48,50,56,92,147,67,32,61,38,165,193,28,44,125,6,88,70,71,162,20,188,144,184,8,157,78,128,101,185,76,80,100,30,134,27,195,97,58,151,175,98,1,117,2,169,142,137,158,54,120,3,136,149,107,55,14,13,111,52,148,83,129,24,150,103,105,69,159,40,116,104,99,106,194,180,178,192,10,66,145,102,110,171,0,85,140,34,53,155,146,63,31,183,65,16,190,109,130,5,39,113,43,127,60,42,141,11,114,64,96,177,119,132,75,163,133,81,153,166,189,33,35,36,22,112,93,19,87,121,51];False
3933;6548;10481;[198,29,90,41,187,79,179,47,26,161,115,152,131,59,197,123,74,37,94,118,124,168,17,108,174,196,167,15,156,21,73,82,172,86,181,68,9,45,138,126,143,160,91,18,199,12,7,173,89,46,164,4,84,122,25,23,77,57,186,170,176,72,154,49,62,95,182,139,135,191,48,50,56,92,147,67,32,61,19,165,193,28,44,125,6,88,70,71,162,20,188,144,184,8,157,78,128,101,185,76,80,100,30,134,27,195,97,58,151,175,98,1,117,2,169,142,137,158,54,120,3,136,149,107,55,14,13,111,52,148,83,129,24,150,103,105,69,159,40,116,104,99,106,194,180,178,192,109,66,145,102,110,171,0,85,140,34,53,155,146,63,31,183,65,16,190,10,130,5,39,113,43,127,60,42,141,11,114,64,96,177,119,132,75,163,133,81,153,166,189,33,35,36,22,112,93,38,87,121,51];False
3906;6555;10461;[198,29,90,41,187,79,179,47,26,161,115,152,131,59,197,123,74,37,94,118,124,168,17,108,174,196,167,15,156,21,73,82,172,86,181,68,9,45,138,126,143,160,91,18,199,12,7,173,89,46,164,4,84,122,25,23,77,57,186,170,176,72,154,49,62,95,182,139,135,191,48,50,56,92,147,67,32,61,38,165,193,28,44,125,6,88,70,71,162,20,188,144,184,8,157,78,128,101,185,76,80,100,30,134,27,195,97,58,151,175,2,1,117,98,169,142,137,158,54,120,3,136,149,107,55,14,13,111,52,148,83,129,24,150,103,105,69,159,40,116,104,99,106,194,180,178,192,109,66,145,102,110,171,0,85,140,34,53,155,146,63,31,183,65,16,190,10,130,5,39,113,43,127,60,42,141,11,114,64,96,177,119,132,75,163,133,81,153,166,189,33,35,36,22,112,93,19,87,121,51];False
3832;6573;10405;[198,29,90,41,172,60,179,47,26,161,115,152,131,59,197,123,74,37,94,118,124,168,34,108,174,196,167,15,156,21,73,82,187,86,181,68,9,45,138,126,143,160,91,18,199,12,7,173,89,46,164,4,84,122,25,23,77,57,186,170,176,72,154,49,62,95,182,139,135,191,48,50,56,92,147,67,32,61,38,165,193,28,44,125,6,88,70,71,162,20,188,144,184,8,157,78,128,101,185,76,80,100,30,134,27,195,97,58,151,175,98,1,117,2,169,142,137,158,54,120,3,136,149,107,55,14,13,111,52,148,83,129,24,150,103,105,69,159,40,116,140,99,106,194,180,178,192,10,66,145,102,110,171,0,85,104,17,53,155,146,63,31,183,65,16,190,109,130,5,39,113,43,127,96,42,141,11,114,64,79,177,119,132,75,163,133,81,153,166,189,33,35,36,22,112,93,19,87,121,51];False
3842;6571;10413;[198,29,90,41,172,60,179,47,26,161,115,152,131,59,197,123,74,37,94,118,124,168,34,108,174,196,167,15,156,21,73,82,187,86,181,68,9,45,138,126,143,160,91,18,199,12,7,173,89,46,164,4,84,122,25,23,77,57,186,170,176,72,154,49,62,95,182,139,135,191,48,50,56,92,147,67,32,61,38,165,193,28,44,125,6,88,70,71,162,20,188,144,184,8,157,78,128,101,185,76,80,100,30,134,27,2,97,58,151,175,98,1,117,195,169,142,137,158,54,120,3,136,149,107,55,14,13,111,52,148,83,129,24,150,103,105,69,159,40,116,104,99,106,194,180,178,192,10,66,145,102,110,171,0,85,140,17,53,155,146,63,31,183,65,16,190,109,130,5,39,113,43,127,96,42,141,11,114,64,79,177,119,132,75,163,133,81,153,166,189,33,35,36,22,112,93,19,87,121,51];False
3906;6552;10458;[198,29,90,41,172,60,179,47,26,161,115,152,131,59,197,123,74,37,94,118,124,168,34,108,174,196,167,15,156,21,73,82,187,86,181,68,9,45,138,126,143,160,91,18,199,12,7,173,89,46,164,4,84,122,25,23,77,57,186,170,176,72,154,49,62,95,182,139,135,191,48,50,56,92,147,67,32,61,38,165,193,28,44,125,6,88,70,71,162,20,188,144,184,8,157,78,128,101,185,76,80,100,30,134,27,2,97,58,151,175,98,1,117,195,169,142,137,158,54,120,3,136,149,107,55,14,13,111,52,148,83,129,24,150,103,105,69,159,40,116,140,99,106,194,180,178,192,10,66,145,102,110,171,0,85,104,17,53,155,146,63,31,183,65,16,190,109,130,5,39,113,43,127,42,96,141,11,114,64,79,177,119,132,75,163,133,81,153,166,189,33,35,36,22,112,93,19,87,121,51];False
4565;6442;11007;[198,29,90,41,187,60,179,47,26,161,115,152,131,59,197,123,74,37,94,118,124,168,34,108,174,196,167,15,156,21,73,82,172,86,181,68,9,45,138,126,143,160,91,18,171,12,7,173,89,144,164,4,84,122,25,23,77,57,186,170,176,72,154,49,39,95,182,139,135,191,48,50,56,92,147,67,32,38,87,165,193,28,44,125,6,88,70,71,162,20,188,61,184,8,157,78,128,101,185,76,80,100,30,134,27,2,97,58,151,175,98,1,117,113,169,142,163,158,54,120,3,136,149,107,55,14,13,111,52,148,83,129,24,150,103,105,69,159,40,116,140,99,106,194,180,178,192,109,66,145,102,110,199,0,85,104,17,53,155,146,63,31,183,65,16,190,10,130,5,62,195,43,127,79,42,141,11,114,64,96,177,119,132,75,137,133,81,153,166,189,33,35,36,22,112,93,19,46,121,51];False
4442;6458;10900;[198,29,90,41,187,60,179,47,26,161,115,152,131,59,197,123,74,37,94,118,124,168,34,108,174,196,167,15,156,21,73,82,172,86,181,68,9,45,138,126,143,160,91,18,171,12,7,173,89,144,164,4,84,122,25,23,77,57,186,170,176,72,154,49,62,95,182,139,135,191,48,50,56,92,147,67,32,38,87,165,193,28,44,125,6,88,70,71,162,20,188,61,184,8,157,78,128,101,185,76,80,100,30,134,27,2,97,58,151,175,98,1,117,113,169,142,137,158,54,120,3,136,149,107,55,14,13,111,52,148,83,129,24,150,103,105,69,159,40,116,140,99,106,194,180,178,192,109,66,145,102,110,199,0,85,104,17,53,155,146,63,31,183,65,16,190,10,130,5,39,195,43,127,79,42,141,11,114,64,96,177,119,132,75,163,133,81,153,166,189,33,35,36,22,112,93,19,46,121,51];False
4775;6418;11193;[198,29,90,41,187,60,179,47,26,161,115,152,163,59,197,123,74,37,94,118,124,168,34,108,174,196,167,15,156,21,73,82,172,86,181,68,9,45,138,126,143,160,91,18,12,199,7,173,89,144,164,4,84,122,25,23,77,57,186,170,176,72,154,49,39,95,182,139,135,191,48,50,56,92,147,67,32,38,87,165,193,28,44,125,6,88,70,71,162,20,188,61,184,8,157,78,128,101,185,76,80,100,30,134,27,2,97,58,151,175,98,1,117,113,169,142,131,158,54,120,3,136,149,107,55,14,13,111,52,148,83,129,24,150,103,105,69,159,40,116,140,99,106,194,180,178,192,109,66,145,102,110,171,0,85,104,17,53,155,146,63,31,183,65,16,190,10,130,5,62,195,43,127,79,42,141,11,114,64,96,177,119,132,75,137,133,81,153,166,189,33,35,36,22,112,93,19,46,121,51];False
4740;6424;11164;[198,29,90,41,187,60,179,47,26,161,115,152,163,59,197,123,74,37,94,118,124,168,34,108,174,196,167,15,156,21,73,82,172,86,181,68,9,45,138,126,143,160,91,18,175,12,7,173,89,144,164,4,84,122,25,23,77,57,186,170,176,72,154,49,39,95,182,139,135,191,48,50,56,92,147,67,32,38,87,165,193,28,44,125,6,88,70,71,162,20,188,61,184,8,157,78,128,101,185,76,80,100,30,134,27,2,97,58,151,199,98,1,117,113,169,142,131,158,54,120,3,136,149,107,55,14,13,111,52,148,83,129,24,150,103,105,69,159,40,116,140,99,106,194,180,178,192,109,66,145,102,110,171,0,85,104,17,53,155,146,63,31,183,65,16,190,10,130,5,62,195,43,127,79,42,141,11,114,64,96,177,119,132,75,137,133,81,153,166,189,33,35,36,22,112,93,19,46,121,51];False
4770;6419;11189;[198,29,90,41,187,60,179,47,26,161,115,152,163,59,197,123,74,37,94,118,124,168,34,108,174,196,167,15,156,21,73,82,172,86,181,68,9,45,138,126,143,160,91,18,171,199,7,173,89,144,164,4,84,122,25,23,77,57,186,170,176,72,154,49,39,95,182,139,135,191,48,50,56,92,147,67,32,38,87,165,193,28,44,125,6,88,70,71,162,20,188,61,184,8,157,78,128,101,185,76,80,100,30,134,27,2,97,58,151,175,98,1,117,113,169,142,131,158,54,120,3,136,149,107,55,14,13,111,52,148,83,129,24,150,103,105,69,159,40,116,140,99,106,194,180,178,192,109,66,145,102,110,12,0,85,104,17,53,155,146,63,31,183,65,16,190,10,130,5,62,195,43,127,79,42,141,11,114,64,96,177,119,132,75,137,133,81,153,166,189,33,35,36,22,112,93,19,46,121,51];False
4731;6425;11156;[198,29,90,41,187,60,179,47,26,161,115,152,163,59,197,123,74,37,94,118,124,168,34,108,174,196,167,15,156,21,73,82,172,86,181,68,9,45,138,126,143,160,91,18,171,110,7,173,89,144,164,4,84,122,25,23,77,57,186,170,176,72,154,49,39,95,182,139,135,191,48,50,56,92,147,67,32,38,87,165,193,28,44,125,6,88,70,71,162,20,188,61,184,8,157,78,128,101,185,76,80,100,30,134,27,2,97,58,151,175,98,1,117,113,169,142,131,158,54,120,3,136,149,107,55,14,13,111,52,148,83,129,24,150,103,105,69,159,40,116,140,99,106,194,180,178,192,109,66,145,102,12,199,0,85,104,17,53,155,146,63,31,183,65,16,190,10,130,5,62,195,43,127,79,42,141,11,114,64,96,177,119,132,75,137,133,81,153,166,189,33,35,36,22,112,93,19,46,121,51];False
4826;6417;11243;[198,29,90,41,187,60,179,47,26,161,115,152,163,59,197,123,74,37,94,118,124,168,34,108,174,196,167,15,156,21,73,82,172,86,181,68,9,45,138,126,143,160,91,18,171,12,7,173,23,144,164,4,84,122,25,89,77,57,186,170,176,72,154,49,39,95,182,139,135,191,48,50,56,92,147,67,32,38,87,165,193,28,44,125,6,88,70,71,162,20,188,61,184,8,157,78,128,101,185,76,80,100,30,134,27,2,97,58,151,175,98,1,117,113,169,142,131,158,54,120,3,136,149,107,55,14,13,111,52,148,83,129,24,150,103,105,69,159,40,116,140,99,106,194,180,178,192,109,66,145,102,110,199,0,85,104,17,53,155,146,63,31,183,65,16,190,10,130,5,62,195,43,127,79,42,141,11,114,64,96,177,119,132,75,137,133,81,153,166,189,33,35,36,22,112,93,19,46,121,51];False
4821;6417;11238;[198,29,90,41,187,60,179,47,26,161,115,152,163,59,197,123,74,37,94,118,124,168,34,108,174,196,167,15,156,21,73,82,172,86,181,68,9,45,138,126,143,160,91,18,171,12,7,173,89,144,164,4,84,122,25,23,77,57,186,170,176,157,154,49,39,95,182,139,135,191,48,50,56,92,147,67,32,38,87,165,193,28,44,125,6,88,70,71,162,20,188,61,184,8,72,78,128,101,185,76,80,100,30,134,27,2,97,58,151,175,98,1,117,113,169,142,131,158,54,120,3,136,149,107,55,14,13,111,52,148,83,129,24,150,103,105,69,159,40,116,140,99,106,194,180,178,192,109,66,145,102,110,199,0,85,104,17,53,155,146,63,31,183,65,16,190,10,130,5,62,195,43,127,79,42,141,11,114,64,96,177,119,132,75,137,133,81,153,166,189,33,35,36,22,112,93,19,46,121,51];False
4732;6423;11155;[198,29,90,41,187,60,179,47,26,161,115,152,163,59,197,123,74,37,94,118,124,168,34,108,174,196,167,15,156,21,73,82,172,86,181,68,9,45,138,126,143,160,91,18,171,12,7,173,89,144,164,4,84,122,25,23,77,57,186,170,176,72,154,49,39,95,182,139,135,191,48,50,56,92,147,67,32,38,87,165,193,28,44,125,6,88,70,71,162,20,188,61,184,8,157,78,128,101,185,76,80,100,30,134,27,2,97,58,110,175,98,1,117,113,169,142,131,158,54,120,3,136,149,107,55,14,13,111,52,148,83,129,24,150,103,105,69,159,40,116,140,99,106,194,180,178,192,109,66,145,102,151,199,0,85,104,17,53,155,146,63,31,183,65,16,190,10,130,5,62,195,43,127,79,42,141,11,114,64,96,177,119,132,75,137,133,81,153,166,189,33,35,36,22,112,93,19,46,121,51];False
4731;6422;11153;[198,29,90,41,187,60,179,47,26,161,115,152,163,59,197,123,74,37,94,118,124,168,34,108,174,196,167,15,156,21,73,82,172,86,181,68,9,45,138,126,143,160,91,18,171,12,7,173,89,46,164,4,84,122,25,23,77,57,186,170,176,72,154,49,39,95,182,139,135,191,48,50,56,92,147,67,32,38,87,165,193,28,44,125,6,88,70,71,162,20,188,61,184,8,157,78,128,101,185,76,80,100,30,134,27,2,97,58,158,175,98,1,117,113,169,142,131,110,54,120,3,136,149,107,55,14,13,111,52,148,83,129,24,150,103,105,69,159,40,116,140,99,106,194,180,178,192,109,66,145,102,151,199,0,85,104,17,53,155,146,63,31,183,65,16,190,10,130,5,62,195,43,127,79,42,141,11,114,64,96,177,119,132,75,137,133,81,153,166,189,33,35,36,22,112,93,19,144,121,51];False
4707;6424;11131;[198,29,90,41,187,60,179,47,26,161,115,152,163,59,197,123,74,37,94,118,124,168,34,108,174,196,167,15,156,21,73,82,172,86,181,68,9,45,138,126,143,160,91,18,171,12,7,173,89,144,164,4,84,122,25,23,77,57,186,170,176,72,154,49,62,95,182,139,135,191,48,50,56,92,147,67,32,38,87,165,193,28,44,125,6,88,70,71,162,20,188,61,184,8,157,78,128,101,185,76,80,100,30,134,27,2,97,58,158,175,98,1,117,113,169,142,131,110,54,120,3,136,149,107,55,14,13,111,52,148,83,129,24,150,103,105,69,159,40,116,140,99,106,194,180,178,192,109,66,145,102,151,199,0,85,104,17,53,155,146,63,31,183,65,16,190,10,130,5,39,195,43,127,79,42,141,11,114,64,96,177,119,132,75,137,133,81,153,166,189,33,35,36,22,112,93,19,46,121,51];False
3839;6572;10411;[198,29,90,41,127,79,179,47,26,161,115,152,131,59,197,123,74,37,94,118,124,168,34,108,174,196,167,15,156,21,73,82,187,86,181,68,9,45,138,126,143,160,91,18,199,12,7,173,89,46,164,4,84,122,25,23,77,57,186,170,176,72,154,49,62,95,182,139,135,191,48,50,56,92,147,67,32,61,38,165,193,28,44,125,6,88,70,71,162,20,188,144,184,8,157,78,128,101,185,76,80,100,30,134,27,195,97,58,151,175,2,1,117,98,169,142,137,158,54,120,3,136,149,107,55,14,13,111,52,148,83,129,24,150,103,105,69,159,40,116,140,99,106,194,180,178,192,10,66,145,102,110,171,0,85,104,17,53,155,146,63,31,183,65,16,190,109,130,5,39,113,43,172,60,42,141,11,114,64,96,177,119,132,75,163,133,81,153,166,189,33,35,36,22,112,93,19,87,121,51];False
3872;6563;10435;[198,29,90,41,127,79,179,47,26,161,115,152,131,59,197,123,74,37,94,118,124,168,34,108,174,196,167,15,156,21,73,82,187,86,181,68,9,45,138,126,143,160,91,18,199,12,7,173,89,46,164,4,84,122,25,23,77,57,186,170,176,72,154,49,62,95,182,139,135,191,48,50,56,92,147,67,32,61,38,165,193,28,44,125,6,88,70,71,162,20,188,144,184,8,157,78,128,101,185,76,80,100,30,134,27,195,97,58,151,175,98,1,117,2,169,142,163,158,54,120,3,136,149,107,55,14,13,111,52,148,83,129,24,150,103,105,69,159,40,116,140,99,106,194,180,178,192,10,66,145,102,110,171,0,85,104,17,53,155,146,63,31,183,65,16,190,109,130,5,39,113,43,172,60,42,141,11,114,64,96,177,119,132,75,137,133,81,153,166,189,33,35,36,22,112,93,19,87,121,51];False
3823;6577;10400;[198,29,90,41,127,79,179,47,26,161,115,152,131,59,197,123,74,37,94,118,124,168,34,108,174,196,167,15,156,21,73,82,187,86,181,68,9,45,138,126,143,160,91,18,199,12,7,173,89,46,164,4,84,122,25,23,77,57,186,170,176,72,154,49,62,95,182,139,135,191,48,50,56,92,147,67,32,61,38,165,193,28,44,125,6,88,70,71,162,20,188,144,184,8,157,78,128,101,185,76,80,100,30,134,27,195,97,58,151,175,98,1,117,2,169,142,137,158,54,120,3,136,149,107,55,14,13,111,52,148,83,129,24,150,103,105,69,159,40,104,140,99,106,194,180,178,192,10,66,145,102,110,171,0,85,116,17,53,155,146,63,31,183,65,16,190,109,130,5,39,113,43,172,60,42,141,11,114,64,96,177,119,132,75,163,133,81,153,166,189,33,35,36,22,112,93,19,87,121,51];False
3823;6575;10398;[198,29,90,41,127,79,179,47,26,161,115,152,131,59,197,123,74,37,94,118,124,168,34,108,174,196,167,15,156,21,73,82,187,86,181,68,9,45,138,126,143,160,91,18,199,12,7,173,89,46,164,4,84,122,25,23,77,57,186,170,176,72,154,49,62,95,182,139,135,191,48,50,56,92,147,67,32,61,38,165,193,28,44,125,6,88,70,71,162,20,188,144,184,8,157,78,128,101,185,76,80,100,30,134,27,195,97,58,151,175,98,1,117,2,169,142,137,158,54,120,3,136,149,107,55,14,13,111,52,148,83,129,24,150,103,105,69,159,40,116,104,99,106,194,180,178,192,10,66,145,102,110,171,0,85,140,17,53,155,146,63,31,183,65,16,190,109,130,5,39,113,43,172,60,42,141,11,114,64,96,177,119,132,75,163,133,81,153,166,189,33,35,36,22,112,93,19,87,121,51];False
3902;6554;10456;[198,29,90,41,127,79,179,47,26,161,115,152,131,59,197,123,74,37,94,118,124,168,34,108,174,196,167,15,156,21,73,82,187,86,181,68,9,45,138,126,143,160,91,18,199,12,7,173,89,46,164,4,84,122,25,23,77,57,186,170,176,72,154,49,62,95,182,139,135,191,48,50,56,92,147,67,32,61,38,165,193,28,44,125,6,88,70,71,162,20,188,144,184,8,157,78,128,101,185,76,80,100,30,134,27,195,97,58,151,175,98,1,117,2,169,142,137,158,54,120,3,136,149,107,55,14,13,111,52,148,83,129,24,150,103,105,69,159,40,116,140,99,106,194,180,178,192,109,66,145,102,110,171,0,85,104,17,53,155,146,63,31,183,65,16,190,10,130,5,39,113,43,172,60,42,141,11,114,64,96,177,119,132,75,163,133,81,153,166,189,33,35,36,22,112,93,19,87,121,51];False
3834;6572;10406;[198,29,90,41,127,79,179,47,26,161,115,152,131,59,197,123,74,37,94,118,124,168,17,108,174,196,167,15,156,21,73,82,187,86,181,68,9,45,138,126,143,160,91,18,199,12,7,173,89,46,164,4,84,122,25,23,77,57,186,170,176,72,154,49,62,95,182,139,135,191,48,50,56,92,147,67,32,61,38,165,193,28,44,125,6,88,70,71,162,20,188,144,184,8,157,78,128,101,185,76,80,100,30,134,27,2,97,58,151,175,98,1,117,195,169,142,137,158,54,120,3,136,149,107,55,14,13,111,52,148,83,129,24,150,103,105,69,159,40,116,104,99,106,194,180,178,192,10,66,145,102,110,171,0,85,140,34,53,155,146,63,31,183,65,16,190,109,130,5,39,113,43,172,60,42,141,11,114,64,96,177,119,132,75,163,133,81,153,166,189,33,35,36,22,112,93,19,87,121,51];False
3882;6561;10443;[198,29,90,41,127,79,179,47,26,161,115,152,131,59,197,123,74,37,94,118,124,168,34,108,174,196,167,15,156,21,73,82,187,86,181,68,9,45,138,126,143,160,91,18,199,12,7,173,89,46,164,4,84,122,25,23,77,57,186,170,176,72,154,49,62,95,182,139,135,191,48,50,56,92,147,67,32,61,38,165,193,28,44,125,6,88,70,71,162,20,188,144,184,8,157,78,128,101,185,76,80,100,30,134,27,2,97,58,151,175,98,1,117,195,169,142,163,158,54,120,3,136,149,107,55,14,13,111,52,148,83,129,24,150,103,105,69,159,40,116,104,99,106,194,180,178,192,10,66,145,102,110,171,0,85,140,17,53,155,146,63,31,183,65,16,190,109,130,5,39,113,43,172,60,42,141,11,114,64,96,177,119,132,75,137,133,81,153,166,189,33,35,36,22,112,93,19,87,121,51];False
3961;6540;10501;[198,29,90,41,127,79,179,47,26,161,115,152,131,59,197,123,74,37,94,118,124,168,34,108,174,196,167,15,156,21,73,82,187,86,181,68,9,45,138,126,143,160,91,18,199,12,7,173,89,46,164,4,84,122,25,23,77,57,186,170,176,72,154,49,62,95,182,139,135,191,48,50,56,92,147,67,32,61,38,165,193,28,44,125,6,88,70,71,162,20,188,144,184,8,157,78,128,101,185,76,80,100,30,134,27,2,97,58,151,175,98,1,117,195,169,142,163,158,54,120,3,136,149,107,55,14,13,111,52,148,83,129,24,150,103,105,69,159,40,116,140,99,106,194,180,178,192,109,66,145,102,110,171,0,85,104,17,53,155,146,63,31,183,65,16,190,10,130,5,39,113,43,172,60,42,141,11,114,64,96,177,119,132,75,137,133,81,153,166,189,33,35,36,22,112,93,19,87,121,51];False
3814;6579;10393;[198,29,90,41,172,79,179,47,26,161,115,152,131,59,197,123,74,37,94,118,124,168,17,108,174,196,167,15,156,21,73,82,187,86,181,68,9,45,138,126,143,160,91,18,199,12,7,173,89,46,164,4,84,122,25,23,77,57,186,170,176,72,154,49,62,95,182,139,135,191,48,50,56,92,147,67,32,61,38,165,193,28,44,125,6,88,70,71,162,20,188,144,184,8,157,78,128,101,185,76,80,100,30,134,27,195,97,58,151,175,98,1,117,2,169,142,137,158,54,120,3,136,149,107,55,14,13,111,52,148,83,129,24,150,103,105,69,159,40,116,104,99,106,194,180,178,192,10,66,145,102,110,171,0,85,140,34,53,155,146,63,31,183,65,16,190,109,130,5,39,113,43,127,60,42,141,11,114,64,96,177,119,132,75,163,133,81,153,166,189,33,35,36,22,112,93,19,87,121,51];False
3879;6562;10441;[198,29,90,41,187,79,179,47,26,161,115,152,131,59,197,123,74,37,94,118,124,168,17,108,174,196,167,15,156,21,73,82,172,86,181,68,9,45,138,126,143,160,91,18,199,12,7,173,89,46,164,4,84,122,25,23,77,57,186,170,176,72,154,49,62,95,182,139,135,191,48,50,56,92,147,67,32,61,19,165,193,28,44,125,6,88,70,71,162,20,188,144,184,8,157,78,128,101,185,76,80,100,30,134,27,195,97,58,151,175,98,1,117,2,169,142,137,158,54,120,3,136,149,107,55,14,13,111,52,148,83,129,24,150,103,105,69,159,40,116,104,99,106,194,180,178,192,10,66,145,102,110,171,0,85,140,34,53,155,146,63,31,183,65,16,190,109,130,5,39,113,43,127,60,42,141,11,114,64,96,177,119,132,75,163,133,81,153,166,189,33,35,36,22,112,93,38,87,121,51];False
3807;6582;10389;[198,29,90,41,172,60,179,47,26,161,115,152,131,59,197,123,74,37,94,118,124,168,34,108,174,196,167,15,156,21,73,82,187,86,181,68,9,45,138,126,143,160,91,18,199,12,7,173,89,46,164,4,84,122,25,23,77,57,186,170,176,72,154,49,62,95,182,139,135,191,48,50,56,92,147,67,32,61,38,165,193,28,44,125,6,88,70,71,162,20,188,144,184,8,157,78,128,101,185,76,80,100,30,134,27,195,97,58,151,175,98,1,117,2,169,142,137,158,54,120,3,136,149,107,55,14,13,111,52,148,83,129,24,150,103,105,69,159,40,104,140,99,106,194,180,178,192,10,66,145,102,110,171,0,85,116,17,53,155,146,63,31,183,65,16,190,109,130,5,39,113,43,127,96,42,141,11,114,64,79,177,119,132,75,163,133,81,153,166,189,33,35,36,22,112,93,19,87,121,51];False
3807;6580;10387;[198,29,90,41,172,60,179,47,26,161,115,152,131,59,197,123,74,37,94,118,124,168,34,108,174,196,167,15,156,21,73,82,187,86,181,68,9,45,138,126,143,160,91,18,199,12,7,173,89,46,164,4,84,122,25,23,77,57,186,170,176,72,154,49,62,95,182,139,135,191,48,50,56,92,147,67,32,61,38,165,193,28,44,125,6,88,70,71,162,20,188,144,184,8,157,78,128,101,185,76,80,100,30,134,27,195,97,58,151,175,98,1,117,2,169,142,137,158,54,120,3,136,149,107,55,14,13,111,52,148,83,129,24,150,103,105,69,159,40,116,104,99,106,194,180,178,192,10,66,145,102,110,171,0,85,140,17,53,155,146,63,31,183,65,16,190,109,130,5,39,113,43,127,96,42,141,11,114,64,79,177,119,132,75,163,133,81,153,166,189,33,35,36,22,112,93,19,87,121,51];False
3871;6561;10432;[198,29,90,41,172,60,179,47,26,161,115,152,131,59,197,123,74,37,94,118,124,168,34,108,174,196,167,15,156,21,73,82,187,86,181,68,9,45,138,126,143,160,91,18,199,12,7,173,89,46,164,4,84,122,25,23,77,57,186,170,176,72,154,49,62,95,182,139,135,191,48,50,56,92,147,67,32,61,38,165,193,28,44,125,6,88,70,71,162,20,188,144,184,8,157,78,128,101,185,76,80,100,30,134,27,195,97,58,151,175,98,1,117,2,169,142,137,158,54,120,3,136,149,107,55,14,13,111,52,148,83,129,24,150,103,105,69,159,40,116,140,99,106,194,180,178,192,10,66,145,102,110,171,0,85,104,17,53,155,146,63,31,183,65,16,190,109,130,5,39,113,43,127,42,96,141,11,114,64,79,177,119,132,75,163,133,81,153,166,189,33,35,36,22,112,93,19,87,121,51];False
3818;6577;10395;[198,29,90,41,172,60,179,47,26,161,115,152,131,59,197,123,74,37,94,118,124,168,17,108,174,196,167,15,156,21,73,82,187,86,181,68,9,45,138,126,143,160,91,18,199,12,7,173,89,46,164,4,84,122,25,23,77,57,186,170,176,72,154,49,62,95,182,139,135,191,48,50,56,92,147,67,32,61,38,165,193,28,44,125,6,88,70,71,162,20,188,144,184,8,157,78,128,101,185,76,80,100,30,134,27,2,97,58,151,175,98,1,117,195,169,142,137,158,54,120,3,136,149,107,55,14,13,111,52,148,83,129,24,150,103,105,69,159,40,116,104,99,106,194,180,178,192,10,66,145,102,110,171,0,85,140,34,53,155,146,63,31,183,65,16,190,109,130,5,39,113,43,127,96,42,141,11,114,64,79,177,119,132,75,163,133,81,153,166,189,33,35,36,22,112,93,19,87,121,51];False
3881;6559;10440;[198,29,90,41,172,60,179,47,26,161,115,152,131,59,197,123,74,37,94,118,124,168,34,108,174,196,167,15,156,21,73,82,187,86,181,68,9,45,138,126,143,160,91,18,199,12,7,173,89,46,164,4,84,122,25,23,77,57,186,170,176,72,154,49,62,95,182,139,135,191,48,50,56,92,147,67,32,61,38,165,193,28,44,125,6,88,70,71,162,20,188,144,184,8,157,78,128,101,185,76,80,100,30,134,27,2,97,58,151,175,98,1,117,195,169,142,137,158,54,120,3,136,149,107,55,14,13,111,52,148,83,129,24,150,103,105,69,159,40,116,104,99,106,194,180,178,192,10,66,145,102,110,171,0,85,140,17,53,155,146,63,31,183,65,16,190,109,130,5,39,113,43,127,42,96,141,11,114,64,79,177,119,132,75,163,133,81,153,166,189,33,35,36,22,112,93,19,87,121,51];False
3869;6562;10431;[198,29,90,41,172,60,42,47,26,161,115,152,131,59,197,123,74,37,94,118,124,168,34,108,174,196,167,15,156,21,73,82,187,86,181,68,9,45,138,126,143,160,91,18,199,12,7,173,89,46,164,4,84,122,25,23,77,57,186,170,176,72,154,49,62,95,182,139,135,191,48,50,56,92,147,67,32,61,38,165,193,28,44,125,6,88,70,71,162,20,188,144,184,8,157,78,128,101,185,76,80,100,30,134,27,2,97,58,151,175,98,1,117,195,169,142,137,158,54,120,3,136,149,107,55,14,13,111,52,148,83,129,24,150,103,105,69,159,40,116,140,99,106,194,180,178,192,10,66,145,102,110,171,0,85,104,17,53,155,146,63,31,183,65,16,190,109,130,5,39,113,43,127,179,96,141,11,114,64,79,177,119,132,75,163,133,81,153,166,189,33,35,36,22,112,93,19,87,121,51];False
3924;6549;10473;[198,29,90,41,172,60,179,47,26,161,115,152,131,59,197,123,74,37,94,118,124,168,34,108,174,196,167,15,156,21,73,82,187,86,181,68,9,45,138,126,143,160,91,18,199,12,7,173,89,46,164,4,84,122,25,23,77,57,186,170,176,72,154,49,62,95,182,139,135,191,48,50,56,92,147,67,32,61,19,165,193,28,44,125,6,88,70,71,162,20,188,144,184,8,157,78,128,101,185,76,80,100,30,134,27,2,97,58,151,175,98,1,117,195,169,142,137,158,54,120,3,136,149,107,55,14,13,111,52,148,83,129,24,150,103,105,69,159,40,116,140,99,106,194,180,178,192,10,66,145,102,110,171,0,85,104,17,53,155,146,63,31,183,65,16,190,109,130,5,39,113,43,127,42,96,141,11,114,64,79,177,119,132,75,163,133,81,153,166,189,33,35,36,22,112,93,38,87,121,51];False
3930;6547;10477;[198,29,90,41,172,60,179,47,26,161,115,152,131,59,197,123,74,37,94,118,124,168,34,108,174,196,167,15,156,21,73,82,187,86,181,68,9,45,138,126,143,160,91,18,199,12,7,173,89,46,164,4,84,122,25,23,77,57,186,170,176,72,154,49,62,95,182,139,135,191,48,50,56,92,147,67,32,61,38,165,193,28,44,125,6,88,70,71,162,20,188,144,184,8,157,78,128,101,185,76,80,100,30,134,27,2,97,58,151,175,98,1,117,195,169,142,163,158,54,120,3,136,149,107,55,14,13,111,52,148,83,129,24,150,103,105,69,159,40,116,140,99,106,194,180,178,192,10,66,145,102,110,171,0,85,104,17,53,155,146,63,31,183,65,16,190,109,130,5,39,113,43,127,42,96,141,11,114,64,79,177,119,132,75,137,133,81,153,166,189,33,35,36,22,112,93,19,87,121,51];False
3960;6538;10498;[198,29,90,41,172,60,179,47,26,161,115,152,131,59,197,123,74,37,94,118,124,168,34,108,174,196,167,15,156,21,73,82,187,86,181,68,9,45,138,126,143,160,91,18,199,12,7,173,89,46,164,4,84,122,25,23,77,57,186,170,176,72,154,49,62,95,182,139,135,191,48,50,56,92,147,67,32,61,38,165,193,28,44,125,6,88,70,71,162,20,188,144,184,8,157,78,128,101,185,76,80,100,30,134,27,2,97,58,151,175,98,1,117,195,169,142,137,158,54,120,3,136,149,107,55,14,13,111,52,148,83,129,24,150,103,105,69,159,40,116,140,99,106,194,180,178,192,109,66,145,102,110,171,0,85,104,17,53,155,146,63,31,183,65,16,190,10,130,5,39,113,43,127,42,96,141,11,114,64,79,177,119,132,75,163,133,81,153,166,189,33,35,36,22,112,93,19,87,121,51];False
4845;6412;11257;[198,29,90,41,187,60,179,47,26,161,115,152,163,59,197,123,74,37,94,118,124,168,34,108,174,196,167,15,156,21,73,82,172,86,181,68,9,45,138,126,143,160,91,18,171,12,7,173,89,144,164,4,84,122,25,23,77,57,186,170,176,3,154,49,39,95,182,139,135,191,48,50,56,92,147,67,32,38,87,165,193,28,44,125,6,88,70,71,162,20,188,61,184,8,72,78,128,101,185,76,80,100,30,134,27,2,97,58,151,175,98,1,117,113,169,142,131,158,54,120,157,136,149,107,55,14,13,111,52,148,83,129,24,150,103,105,69,159,40,116,140,99,106,194,180,178,192,109,66,145,102,110,199,0,85,104,17,53,155,146,63,31,183,65,16,190,10,130,5,62,195,43,127,79,42,141,11,114,64,96,177,119,132,75,137,133,81,153,166,189,33,35,36,22,112,93,19,46,121,51];False
4806;6413;11219;[198,29,90,41,187,60,179,47,26,161,115,152,163,59,197,123,74,37,94,118,124,168,34,108,174,196,167,15,156,21,73,82,172,86,181,68,9,45,138,126,143,160,91,18,171,12,7,173,89,144,164,4,84,122,25,23,77,57,186,170,176,72,154,49,39,95,182,139,135,191,48,50,56,92,147,67,32,38,87,165,193,28,44,125,6,88,70,71,162,20,188,61,184,8,157,78,128,101,185,76,80,100,30,134,27,2,97,58,158,175,98,1,117,113,169,142,131,110,54,120,3,136,149,107,55,14,13,111,52,148,83,129,24,150,103,105,69,159,40,116,140,99,106,194,180,178,192,109,66,145,102,151,199,0,85,104,17,53,155,146,63,31,183,65,16,190,10,130,5,62,195,43,127,79,42,141,11,114,64,96,177,119,132,75,137,133,81,153,166,189,33,35,36,22,112,93,19,46,121,51];False
4756;6421;11177;[198,29,90,41,187,60,179,47,26,161,115,152,163,59,197,123,74,37,94,118,124,168,34,108,174,196,167,15,156,21,73,82,172,86,181,68,9,45,138,126,143,160,91,18,171,12,7,173,89,144,164,4,84,122,25,23,77,57,186,170,176,72,154,49,62,98,182,139,135,191,48,50,56,92,147,67,32,38,87,165,193,28,44,125,6,88,70,71,162,20,188,61,184,8,157,78,128,101,185,76,80,100,30,134,27,2,97,58,158,175,95,1,117,113,169,142,131,110,54,120,3,136,149,107,55,14,13,111,52,148,83,129,24,150,103,105,69,159,40,116,140,99,106,194,180,178,192,109,66,145,102,151,199,0,85,104,17,53,155,146,63,31,183,65,16,190,10,130,5,39,195,43,127,79,42,141,11,114,64,96,177,119,132,75,137,133,81,153,166,189,33,35,36,22,112,93,19,46,121,51];False
3799;6581;10380;[198,29,90,41,127,79,179,47,26,161,115,152,131,59,197,123,74,37,94,118,124,168,17,108,174,196,167,15,156,21,73,82,187,86,181,68,9,45,138,126,143,160,91,18,199,12,7,173,89,46,164,4,84,122,25,23,77,57,186,170,176,72,154,49,62,95,182,139,135,191,48,50,56,92,147,67,32,61,38,165,193,28,44,125,6,88,70,71,162,20,188,144,184,8,157,78,128,101,185,76,80,100,30,134,27,195,97,58,151,175,98,1,117,2,169,142,137,158,54,120,3,136,149,107,55,14,13,111,52,148,83,129,24,150,103,105,69,159,40,116,104,99,106,194,180,178,192,10,66,145,102,110,171,0,85,140,34,53,155,146,63,31,183,65,16,190,109,130,5,39,113,43,172,60,42,141,11,114,64,96,177,119,132,75,163,133,81,153,166,189,33,35,36,22,112,93,19,87,121,51];False
3847;6570;10417;[198,29,90,41,127,79,179,47,26,161,115,152,131,59,197,123,74,37,94,118,124,168,34,108,174,196,167,15,156,21,73,82,187,86,181,68,9,45,138,126,143,160,91,18,199,12,7,173,89,46,164,4,84,122,25,23,77,57,186,170,176,72,154,49,62,95,182,139,135,191,48,50,56,92,147,67,32,61,38,165,193,28,44,125,6,88,70,71,162,20,188,144,184,8,157,78,128,101,185,76,80,100,30,134,27,195,97,58,151,175,98,1,117,2,169,142,163,158,54,120,3,136,149,107,55,14,13,111,52,148,83,129,24,150,103,105,69,159,40,116,104,99,106,194,180,178,192,10,66,145,102,110,171,0,85,140,17,53,155,146,63,31,183,65,16,190,109,130,5,39,113,43,172,60,42,141,11,114,64,96,177,119,132,75,137,133,81,153,166,189,33,35,36,22,112,93,19,87,121,51];False
3893;6558;10451;[198,29,90,41,127,79,179,47,26,161,115,152,131,59,197,123,74,37,94,118,124,168,34,108,174,196,167,15,156,21,73,82,187,86,181,68,9,45,138,126,143,160,91,18,199,12,7,173,89,46,164,4,84,122,25,23,77,57,186,170,176,72,154,49,62,95,182,139,135,191,48,50,56,92,147,67,32,61,38,165,193,28,44,125,6,88,70,71,162,20,188,144,184,8,157,78,128,101,185,76,80,100,30,134,27,195,97,58,151,175,2,1,117,98,169,142,137,158,54,120,3,136,149,107,55,14,13,111,52,148,83,129,24,150,103,105,69,159,40,116,140,99,106,194,180,178,192,109,66,145,102,110,171,0,85,104,17,53,155,146,63,31,183,65,16,190,10,130,5,39,113,43,172,60,42,141,11,114,64,96,177,119,132,75,163,133,81,153,166,189,33,35,36,22,112,93,19,87,121,51];False
3888;6558;10446;[198,29,90,41,127,79,179,47,26,161,115,152,131,59,197,123,74,37,94,118,124,168,17,108,174,196,167,15,156,21,73,82,187,86,181,68,9,45,138,126,143,160,91,18,199,12,7,173,89,46,164,4,84,122,25,23,77,57,186,170,176,72,154,49,62,95,182,139,135,191,48,50,56,92,147,67,32,61,38,165,193,28,44,125,6,88,70,71,162,20,188,144,184,8,157,78,128,101,185,76,80,100,30,134,27,2,97,58,151,175,98,1,117,195,169,142,137,158,54,120,3,136,149,107,55,14,13,111,52,148,83,129,24,150,103,105,69,159,40,116,104,99,106,194,180,178,192,109,66,145,102,110,171,0,85,140,34,53,155,146,63,31,183,65,16,190,10,130,5,39,113,43,172,60,42,141,11,114,64,96,177,119,132,75,163,133,81,153,166,189,33,35,36,22,112,93,19,87,121,51];False
3783;6586;10369;[198,29,90,41,172,60,179,47,26,161,115,152,131,59,197,123,74,37,94,118,124,168,17,108,174,196,167,15,156,21,73,82,187,86,181,68,9,45,138,126,143,160,91,18,199,12,7,173,89,46,164,4,84,122,25,23,77,57,186,170,176,72,154,49,62,95,182,139,135,191,48,50,56,92,147,67,32,61,38,165,193,28,44,125,6,88,70,71,162,20,188,144,184,8,157,78,128,101,185,76,80,100,30,134,27,195,97,58,151,175,98,1,117,2,169,142,137,158,54,120,3,136,149,107,55,14,13,111,52,148,83,129,24,150,103,105,69,159,40,116,104,99,106,194,180,178,192,10,66,145,102,110,171,0,85,140,34,53,155,146,63,31,183,65,16,190,109,130,5,39,113,43,127,96,42,141,11,114,64,79,177,119,132,75,163,133,81,153,166,189,33,35,36,22,112,93,19,87,121,51];False
3798;6584;10382;[198,29,90,41,172,60,179,47,26,161,115,152,131,59,197,123,74,37,94,118,124,168,34,108,174,196,167,15,156,21,73,82,187,86,181,68,9,45,138,126,143,160,91,18,199,12,7,173,89,46,164,4,84,122,25,23,77,57,186,170,176,72,154,49,62,95,182,139,135,191,48,50,56,92,147,67,32,61,38,165,193,28,44,125,6,88,70,71,162,20,188,144,184,8,157,78,128,101,185,76,80,100,30,134,27,195,97,58,151,175,2,1,117,98,169,142,137,158,54,120,3,136,149,107,55,14,13,111,52,148,83,129,24,150,103,105,69,159,40,116,104,99,106,194,180,178,192,10,66,145,102,110,171,0,85,140,17,53,155,146,63,31,183,65,16,190,109,130,5,39,113,43,127,96,42,141,11,114,64,79,177,119,132,75,163,133,81,153,166,189,33,35,36,22,112,93,19,87,121,51];False
3846;6568;10414;[198,29,90,41,172,60,179,47,26,161,115,152,131,59,197,123,74,37,94,118,124,168,34,108,174,196,167,15,156,21,73,82,187,86,181,68,9,45,138,126,143,160,91,18,199,12,7,173,89,46,164,4,84,122,25,23,77,57,186,170,176,72,154,49,62,95,182,139,135,191,48,50,56,92,147,67,32,61,38,165,193,28,44,125,6,88,70,71,162,20,188,144,184,8,157,78,128,101,185,76,80,100,30,134,27,195,97,58,151,175,98,1,117,2,169,142,137,158,54,120,3,136,149,107,55,14,13,111,52,148,83,129,24,150,103,105,69,159,40,116,104,99,106,194,180,178,192,10,66,145,102,110,171,0,85,140,17,53,155,146,63,31,183,65,16,190,109,130,5,39,113,43,127,42,96,141,11,114,64,79,177,119,132,75,163,133,81,153,166,189,33,35,36,22,112,93,19,87,121,51];False
3834;6571;10405;[198,29,90,41,172,60,42,47,26,161,115,152,131,59,197,123,74,37,94,118,124,168,34,108,174,196,167,15,156,21,73,82,187,86,181,68,9,45,138,126,143,160,91,18,199,12,7,173,89,46,164,4,84,122,25,23,77,57,186,170,176,72,154,49,62,95,182,139,135,191,48,50,56,92,147,67,32,61,38,165,193,28,44,125,6,88,70,71,162,20,188,144,184,8,157,78,128,101,185,76,80,100,30,134,27,195,97,58,151,175,98,1,117,2,169,142,137,158,54,120,3,136,149,107,55,14,13,111,52,148,83,129,24,150,103,105,69,159,40,116,140,99,106,194,180,178,192,10,66,145,102,110,171,0,85,104,17,53,155,146,63,31,183,65,16,190,109,130,5,39,113,43,127,179,96,141,11,114,64,79,177,119,132,75,163,133,81,153,166,189,33,35,36,22,112,93,19,87,121,51];False
3895;6556;10451;[198,29,90,41,172,60,179,47,26,161,115,152,131,59,197,123,74,37,94,118,124,168,34,108,174,196,167,15,156,21,73,82,187,86,181,68,9,45,138,126,143,160,91,18,199,12,7,173,89,46,164,4,84,122,25,23,77,57,186,170,176,72,154,49,62,95,182,139,135,191,48,50,56,92,147,67,32,61,38,165,193,28,44,125,6,88,70,71,162,20,188,144,184,8,157,78,128,101,185,76,80,100,30,134,27,195,97,58,151,175,98,1,117,2,169,142,163,158,54,120,3,136,149,107,55,14,13,111,52,148,83,129,24,150,103,105,69,159,40,116,140,99,106,194,180,178,192,10,66,145,102,110,171,0,85,104,17,53,155,146,63,31,183,65,16,190,109,130,5,39,113,43,127,42,96,141,11,114,64,79,177,119,132,75,137,133,81,153,166,189,33,35,36,22,112,93,19,87,121,51];False
3925;6547;10472;[198,29,90,41,172,60,179,47,26,161,115,152,131,59,197,123,74,37,94,118,124,168,34,108,174,196,167,15,156,21,73,82,187,86,181,68,9,45,138,126,143,160,91,18,199,12,7,173,89,46,164,4,84,122,25,23,77,57,186,170,176,72,154,49,62,95,182,139,135,191,48,50,56,92,147,67,32,61,38,165,193,28,44,125,6,88,70,71,162,20,188,144,184,8,157,78,128,101,185,76,80,100,30,134,27,195,97,58,151,175,98,1,117,2,169,142,137,158,54,120,3,136,149,107,55,14,13,111,52,148,83,129,24,150,103,105,69,159,40,116,140,99,106,194,180,178,192,109,66,145,102,110,171,0,85,104,17,53,155,146,63,31,183,65,16,190,10,130,5,39,113,43,127,42,96,141,11,114,64,79,177,119,132,75,163,133,81,153,166,189,33,35,36,22,112,93,19,87,121,51];False
3857;6565;10422;[198,29,90,41,172,60,179,47,26,161,115,152,131,59,197,123,74,37,94,118,124,168,17,108,174,196,167,15,156,21,73,82,187,86,181,68,9,45,138,126,143,160,91,18,199,12,7,173,89,46,164,4,84,122,25,23,77,57,186,170,176,72,154,49,62,95,182,139,135,191,48,50,56,92,147,67,32,61,38,165,193,28,44,125,6,88,70,71,162,20,188,144,184,8,157,78,128,101,185,76,80,100,30,134,27,2,97,58,151,175,98,1,117,195,169,142,137,158,54,120,3,136,149,107,55,14,13,111,52,148,83,129,24,150,103,105,69,159,40,116,104,99,106,194,180,178,192,10,66,145,102,110,171,0,85,140,34,53,155,146,63,31,183,65,16,190,109,130,5,39,113,43,127,42,96,141,11,114,64,79,177,119,132,75,163,133,81,153,166,189,33,35,36,22,112,93,19,87,121,51];False
3844;6569;10413;[198,29,90,41,172,60,42,47,26,161,115,152,131,59,197,123,74,37,94,118,124,168,34,108,174,196,167,15,156,21,73,82,187,86,181,68,9,45,138,126,143,160,91,18,199,12,7,173,89,46,164,4,84,122,25,23,77,57,186,170,176,72,154,49,62,95,182,139,135,191,48,50,56,92,147,67,32,61,38,165,193,28,44,125,6,88,70,71,162,20,188,144,184,8,157,78,128,101,185,76,80,100,30,134,27,2,97,58,151,175,98,1,117,195,169,142,137,158,54,120,3,136,149,107,55,14,13,111,52,148,83,129,24,150,103,105,69,159,40,116,104,99,106,194,180,178,192,10,66,145,102,110,171,0,85,140,17,53,155,146,63,31,183,65,16,190,109,130,5,39,113,43,127,179,96,141,11,114,64,79,177,119,132,75,163,133,81,153,166,189,33,35,36,22,112,93,19,87,121,51];False
3935;6545;10480;[198,29,90,41,172,60,179,47,26,161,115,152,131,59,197,123,74,37,94,118,124,168,34,108,174,196,167,15,156,21,73,82,187,86,181,68,9,45,138,126,143,160,91,18,199,12,7,173,89,46,164,4,84,122,25,23,77,57,186,170,176,72,154,49,62,95,182,139,135,191,48,50,56,92,147,67,32,61,38,165,193,28,44,125,6,88,70,71,162,20,188,144,184,8,157,78,128,101,185,76,80,100,30,134,27,2,97,58,151,175,98,1,117,195,169,142,137,158,54,120,3,136,149,107,55,14,13,111,52,148,83,129,24,150,103,105,69,159,40,116,104,99,106,194,180,178,192,109,66,145,102,110,171,0,85,140,17,53,155,146,63,31,183,65,16,190,10,130,5,39,113,43,127,42,96,141,11,114,64,79,177,119,132,75,163,133,81,153,166,189,33,35,36,22,112,93,19,87,121,51];False
3895;6552;10447;[198,29,90,41,172,60,177,47,26,161,115,152,131,59,197,123,74,37,94,118,124,168,34,108,174,196,167,15,156,21,73,82,187,86,181,68,9,45,138,126,143,160,91,18,199,12,7,173,89,46,164,4,84,122,25,23,77,57,186,170,176,72,154,49,62,95,182,139,135,191,48,50,56,92,147,67,32,61,38,165,193,28,44,125,6,88,70,71,162,20,188,144,184,8,157,78,128,101,185,76,80,100,30,134,27,2,97,58,151,175,98,1,117,195,169,142,137,158,54,120,3,136,149,107,55,14,13,111,52,148,83,129,24,150,103,105,69,159,40,116,140,99,106,194,180,178,192,10,66,145,102,110,171,0,85,104,17,53,155,146,63,31,183,65,16,190,109,130,5,39,113,43,127,179,96,141,11,114,64,79,42,119,132,75,163,133,81,153,166,189,33,35,36,22,112,93,19,87,121,51];False
3893;6557;10450;[198,29,90,41,172,60,42,47,26,161,115,152,131,59,197,123,74,37,94,118,124,168,34,108,174,196,167,15,156,21,73,82,187,86,181,68,9,45,138,126,143,160,91,18,199,12,7,173,89,46,164,4,84,122,25,23,77,57,186,170,176,72,154,49,62,95,182,139,135,191,48,50,56,92,147,67,32,61,38,165,193,28,44,125,6,88,70,71,162,20,188,144,184,8,157,78,128,101,185,76,80,100,30,134,27,2,97,58,151,175,98,1,117,195,169,142,163,158,54,120,3,136,149,107,55,14,13,111,52,148,83,129,24,150,103,105,69,159,40,116,140,99,106,194,180,178,192,10,66,145,102,110,171,0,85,104,17,53,155,146,63,31,183,65,16,190,109,130,5,39,113,43,127,179,96,141,11,114,64,79,177,119,132,75,137,133,81,153,166,189,33,35,36,22,112,93,19,87,121,51];False
3923;6548;10471;[198,29,90,41,172,60,42,47,26,161,115,152,131,59,197,123,74,37,94,118,124,168,34,108,174,196,167,15,156,21,73,82,187,86,181,68,9,45,138,126,143,160,91,18,199,12,7,173,89,46,164,4,84,122,25,23,77,57,186,170,176,72,154,49,62,95,182,139,135,191,48,50,56,92,147,67,32,61,38,165,193,28,44,125,6,88,70,71,162,20,188,144,184,8,157,78,128,101,185,76,80,100,30,134,27,2,97,58,151,175,98,1,117,195,169,142,137,158,54,120,3,136,149,107,55,14,13,111,52,148,83,129,24,150,103,105,69,159,40,116,140,99,106,194,180,178,192,109,66,145,102,110,171,0,85,104,17,53,155,146,63,31,183,65,16,190,10,130,5,39,113,43,127,179,96,141,11,114,64,79,177,119,132,75,163,133,81,153,166,189,33,35,36,22,112,93,19,87,121,51];False
3978;6535;10513;[198,29,90,41,172,60,179,47,26,161,115,152,131,59,197,123,74,37,94,118,124,168,34,108,174,196,167,15,156,21,73,82,187,86,181,68,9,45,138,126,143,160,91,18,199,12,7,173,89,46,164,4,84,122,25,23,77,57,186,170,176,72,154,49,62,95,182,139,135,191,48,50,56,92,147,67,32,61,19,165,193,28,44,125,6,88,70,71,162,20,188,144,184,8,157,78,128,101,185,76,80,100,30,134,27,2,97,58,151,175,98,1,117,195,169,142,137,158,54,120,3,136,149,107,55,14,13,111,52,148,83,129,24,150,103,105,69,159,40,116,140,99,106,194,180,178,192,109,66,145,102,110,171,0,85,104,17,53,155,146,63,31,183,65,16,190,10,130,5,39,113,43,127,42,96,141,11,114,64,79,177,119,132,75,163,133,81,153,166,189,33,35,36,22,112,93,38,87,121,51];False
3984;6533;10517;[198,29,90,41,172,60,179,47,26,161,115,152,131,59,197,123,74,37,94,118,124,168,34,108,174,196,167,15,156,21,73,82,187,86,181,68,9,45,138,126,143,160,91,18,199,12,7,173,89,46,164,4,84,122,25,23,77,57,186,170,176,72,154,49,62,95,182,139,135,191,48,50,56,92,147,67,32,61,38,165,193,28,44,125,6,88,70,71,162,20,188,144,184,8,157,78,128,101,185,76,80,100,30,134,27,2,97,58,151,175,98,1,117,195,169,142,163,158,54,120,3,136,149,107,55,14,13,111,52,148,83,129,24,150,103,105,69,159,40,116,140,99,106,194,180,178,192,109,66,145,102,110,171,0,85,104,17,53,155,146,63,31,183,65,16,190,10,130,5,39,113,43,127,42,96,141,11,114,64,79,177,119,132,75,137,133,81,153,166,189,33,35,36,22,112,93,19,87,121,51];False
4804;6417;11221;[198,29,90,41,187,60,179,47,26,161,115,152,163,59,197,123,74,37,94,118,124,168,34,108,174,196,167,15,156,21,73,82,172,86,181,68,9,45,138,126,143,160,91,18,171,151,7,173,89,144,164,4,84,122,25,23,77,57,186,170,176,72,154,49,39,95,182,139,135,191,48,50,56,92,147,67,32,38,87,165,193,28,44,125,6,88,70,71,162,20,188,61,184,8,157,78,128,101,185,76,80,100,30,134,27,2,97,58,158,175,98,1,117,113,169,142,131,110,54,120,3,136,149,107,55,14,13,111,52,148,83,129,24,150,103,105,69,159,40,116,140,99,106,194,180,178,192,109,66,145,102,12,199,0,85,104,17,53,155,146,63,31,183,65,16,190,10,130,5,62,195,43,127,79,42,141,11,114,64,96,177,119,132,75,137,133,81,153,166,189,33,35,36,22,112,93,19,46,121,51];False
4769;6420;11189;[198,29,90,41,187,60,179,47,26,161,115,152,163,59,197,123,74,37,94,118,124,168,34,108,174,196,167,15,156,21,73,82,172,86,181,68,9,45,138,126,143,160,91,18,171,12,7,173,89,144,164,4,84,122,25,23,77,57,186,39,176,72,154,49,170,95,182,139,135,191,48,50,56,92,147,67,32,38,87,165,193,28,44,125,6,88,70,71,162,20,188,61,184,8,157,78,128,101,185,76,80,100,30,134,27,2,97,58,158,175,98,1,117,113,169,142,131,110,54,120,3,136,149,107,55,14,13,111,52,148,83,129,24,150,103,105,69,159,40,116,140,99,106,194,180,178,192,109,66,145,102,151,199,0,85,104,17,53,155,146,63,31,183,65,16,190,10,130,5,62,195,43,127,79,42,141,11,114,64,96,177,119,132,75,137,133,81,153,166,189,33,35,36,22,112,93,19,46,121,51];False
4863;6409;11272;[198,29,90,41,187,60,179,47,26,161,115,152,163,59,197,123,74,37,94,118,124,168,34,108,174,196,167,15,156,21,73,82,172,86,181,68,9,45,138,126,143,160,91,18,171,12,7,173,89,144,164,4,84,122,25,23,77,57,186,170,176,72,154,49,39,95,182,139,135,191,48,50,56,92,147,67,32,38,87,165,193,28,44,125,6,88,70,71,162,20,188,61,184,8,157,78,128,101,185,76,80,100,30,134,27,2,97,58,158,62,98,1,117,113,169,142,131,110,54,120,3,136,149,107,55,14,13,111,52,148,83,129,24,150,103,105,69,159,40,116,140,99,106,194,180,178,192,109,66,145,102,151,199,0,85,104,17,53,155,146,63,31,183,65,16,190,10,130,5,175,195,43,127,79,42,141,11,114,64,96,177,119,132,75,137,133,81,153,166,189,33,35,36,22,112,93,19,46,121,51];False
3817;6578;10395;[198,29,90,41,127,79,179,47,26,161,115,152,131,59,197,123,74,37,94,118,124,168,17,108,174,196,167,15,156,21,73,82,187,86,181,68,9,45,138,126,143,160,91,18,199,12,7,173,89,46,164,4,84,122,25,23,77,57,186,170,176,72,154,49,62,95,182,139,135,191,48,50,56,92,147,67,32,61,19,165,193,28,44,125,6,88,70,71,162,20,188,144,184,8,157,78,128,101,185,76,80,100,30,134,27,195,97,58,151,175,98,1,117,2,169,142,137,158,54,120,3,136,149,107,55,14,13,111,52,148,83,129,24,150,103,105,69,159,40,116,104,99,106,194,180,178,192,10,66,145,102,110,171,0,85,140,34,53,155,146,63,31,183,65,16,190,109,130,5,39,113,43,172,60,42,141,11,114,64,96,177,119,132,75,163,133,81,153,166,189,33,35,36,22,112,93,38,87,121,51];False
3790;6585;10375;[198,29,90,41,127,79,179,47,26,161,115,152,131,59,197,123,74,37,94,118,124,168,17,108,174,196,167,15,156,21,73,82,187,86,181,68,9,45,138,126,143,160,91,18,199,12,7,173,89,46,164,4,84,122,25,23,77,57,186,170,176,72,154,49,62,95,182,139,135,191,48,50,56,92,147,67,32,61,38,165,193,28,44,125,6,88,70,71,162,20,188,144,184,8,157,78,128,101,185,76,80,100,30,134,27,195,97,58,151,175,2,1,117,98,169,142,137,158,54,120,3,136,149,107,55,14,13,111,52,148,83,129,24,150,103,105,69,159,40,116,104,99,106,194,180,178,192,10,66,145,102,110,171,0,85,140,34,53,155,146,63,31,183,65,16,190,109,130,5,39,113,43,172,60,42,141,11,114,64,96,177,119,132,75,163,133,81,153,166,189,33,35,36,22,112,93,19,87,121,51];False
3853;6567;10420;[198,29,90,41,127,79,179,47,26,161,115,152,131,59,197,123,74,37,94,118,124,168,17,108,174,196,167,15,156,21,73,82,187,86,181,68,9,45,138,126,143,160,91,18,199,12,7,173,89,46,164,4,84,122,25,23,77,57,186,170,176,72,154,49,62,95,182,139,135,191,48,50,56,92,147,67,32,61,38,165,193,28,44,125,6,88,70,71,162,20,188,144,184,8,157,78,128,101,185,76,80,100,30,134,27,195,97,58,151,175,98,1,117,2,169,142,137,158,54,120,3,136,149,107,55,14,13,111,52,148,83,129,24,150,103,105,69,159,40,116,104,99,106,194,180,178,192,109,66,145,102,110,171,0,85,140,34,53,155,146,63,31,183,65,16,190,10,130,5,39,113,43,172,60,42,141,11,114,64,96,177,119,132,75,163,133,81,153,166,189,33,35,36,22,112,93,19,87,121,51];False
3822;6574;10396;[198,29,90,41,172,60,179,47,26,161,115,152,131,59,197,123,74,37,94,118,124,168,17,108,174,196,167,15,156,21,73,82,187,86,181,68,9,45,138,126,143,160,91,18,199,12,7,173,89,46,164,4,84,122,25,23,77,57,186,170,176,72,154,49,62,95,182,139,135,191,48,50,56,92,147,67,32,61,38,165,193,28,44,125,6,88,70,71,162,20,188,144,184,8,157,78,128,101,185,76,80,100,30,134,27,195,97,58,151,175,98,1,117,2,169,142,137,158,54,120,3,136,149,107,55,14,13,111,52,148,83,129,24,150,103,105,69,159,40,116,104,99,106,194,180,178,192,10,66,145,102,110,171,0,85,140,34,53,155,146,63,31,183,65,16,190,109,130,5,39,113,43,127,42,96,141,11,114,64,79,177,119,132,75,163,133,81,153,166,189,33,35,36,22,112,93,19,87,121,51];False
3809;6578;10387;[198,29,90,41,172,60,42,47,26,161,115,152,131,59,197,123,74,37,94,118,124,168,34,108,174,196,167,15,156,21,73,82,187,86,181,68,9,45,138,126,143,160,91,18,199,12,7,173,89,46,164,4,84,122,25,23,77,57,186,170,176,72,154,49,62,95,182,139,135,191,48,50,56,92,147,67,32,61,38,165,193,28,44,125,6,88,70,71,162,20,188,144,184,8,157,78,128,101,185,76,80,100,30,134,27,195,97,58,151,175,98,1,117,2,169,142,137,158,54,120,3,136,149,107,55,14,13,111,52,148,83,129,24,150,103,105,69,159,40,116,104,99,106,194,180,178,192,10,66,145,102,110,171,0,85,140,17,53,155,146,63,31,183,65,16,190,109,130,5,39,113,43,127,179,96,141,11,114,64,79,177,119,132,75,163,133,81,153,166,189,33,35,36,22,112,93,19,87,121,51];False
3860;6561;10421;[198,29,90,41,172,60,177,47,26,161,115,152,131,59,197,123,74,37,94,118,124,168,34,108,174,196,167,15,156,21,73,82,187,86,181,68,9,45,138,126,143,160,91,18,199,12,7,173,89,46,164,4,84,122,25,23,77,57,186,170,176,72,154,49,62,95,182,139,135,191,48,50,56,92,147,67,32,61,38,165,193,28,44,125,6,88,70,71,162,20,188,144,184,8,157,78,128,101,185,76,80,100,30,134,27,195,97,58,151,175,98,1,117,2,169,142,137,158,54,120,3,136,149,107,55,14,13,111,52,148,83,129,24,150,103,105,69,159,40,116,140,99,106,194,180,178,192,10,66,145,102,110,171,0,85,104,17,53,155,146,63,31,183,65,16,190,109,130,5,39,113,43,127,179,96,141,11,114,64,79,42,119,132,75,163,133,81,153,166,189,33,35,36,22,112,93,19,87,121,51];False
3888;6557;10445;[198,29,90,41,172,60,42,47,26,161,115,152,131,59,197,123,74,37,94,118,124,168,34,108,174,196,167,15,156,21,73,82,187,86,181,68,9,45,138,126,143,160,91,18,199,12,7,173,89,46,164,4,84,122,25,23,77,57,186,170,176,72,154,49,62,95,182,139,135,191,48,50,56,92,147,67,32,61,38,165,193,28,44,125,6,88,70,71,162,20,188,144,184,8,157,78,128,101,185,76,80,100,30,134,27,195,97,58,151,175,98,1,117,2,169,142,137,158,54,120,3,136,149,107,55,14,13,111,52,148,83,129,24,150,103,105,69,159,40,116,140,99,106,194,180,178,192,109,66,145,102,110,171,0,85,104,17,53,155,146,63,31,183,65,16,190,10,130,5,39,113,43,127,179,96,141,11,114,64,79,177,119,132,75,163,133,81,153,166,189,33,35,36,22,112,93,19,87,121,51];False
3943;6544;10487;[198,29,90,41,172,60,179,47,26,161,115,152,131,59,197,123,74,37,94,118,124,168,34,108,174,196,167,15,156,21,73,82,187,86,181,68,9,45,138,126,143,160,91,18,199,12,7,173,89,46,164,4,84,122,25,23,77,57,186,170,176,72,154,49,62,95,182,139,135,191,48,50,56,92,147,67,32,61,19,165,193,28,44,125,6,88,70,71,162,20,188,144,184,8,157,78,128,101,185,76,80,100,30,134,27,195,97,58,151,175,98,1,117,2,169,142,137,158,54,120,3,136,149,107,55,14,13,111,52,148,83,129,24,150,103,105,69,159,40,116,140,99,106,194,180,178,192,109,66,145,102,110,171,0,85,104,17,53,155,146,63,31,183,65,16,190,10,130,5,39,113,43,127,42,96,141,11,114,64,79,177,119,132,75,163,133,81,153,166,189,33,35,36,22,112,93,38,87,121,51];False
3949;6542;10491;[198,29,90,41,172,60,179,47,26,161,115,152,131,59,197,123,74,37,94,118,124,168,34,108,174,196,167,15,156,21,73,82,187,86,181,68,9,45,138,126,143,160,91,18,199,12,7,173,89,46,164,4,84,122,25,23,77,57,186,170,176,72,154,49,62,95,182,139,135,191,48,50,56,92,147,67,32,61,38,165,193,28,44,125,6,88,70,71,162,20,188,144,184,8,157,78,128,101,185,76,80,100,30,134,27,195,97,58,151,175,98,1,117,2,169,142,163,158,54,120,3,136,149,107,55,14,13,111,52,148,83,129,24,150,103,105,69,159,40,116,140,99,106,194,180,178,192,109,66,145,102,110,171,0,85,104,17,53,155,146,63,31,183,65,16,190,10,130,5,39,113,43,127,42,96,141,11,114,64,79,177,119,132,75,137,133,81,153,166,189,33,35,36,22,112,93,19,87,121,51];False
3820;6575;10395;[198,29,90,41,172,60,42,47,26,161,115,152,131,59,197,123,74,37,94,118,124,168,17,108,174,196,167,15,156,21,73,82,187,86,181,68,9,45,138,126,143,160,91,18,199,12,7,173,89,46,164,4,84,122,25,23,77,57,186,170,176,72,154,49,62,95,182,139,135,191,48,50,56,92,147,67,32,61,38,165,193,28,44,125,6,88,70,71,162,20,188,144,184,8,157,78,128,101,185,76,80,100,30,134,27,2,97,58,151,175,98,1,117,195,169,142,137,158,54,120,3,136,149,107,55,14,13,111,52,148,83,129,24,150,103,105,69,159,40,116,104,99,106,194,180,178,192,10,66,145,102,110,171,0,85,140,34,53,155,146,63,31,183,65,16,190,109,130,5,39,113,43,127,179,96,141,11,114,64,79,177,119,132,75,163,133,81,153,166,189,33,35,36,22,112,93,19,87,121,51];False
3911;6551;10462;[198,29,90,41,172,60,179,47,26,161,115,152,131,59,197,123,74,37,94,118,124,168,17,108,174,196,167,15,156,21,73,82,187,86,181,68,9,45,138,126,143,160,91,18,199,12,7,173,89,46,164,4,84,122,25,23,77,57,186,170,176,72,154,49,62,95,182,139,135,191,48,50,56,92,147,67,32,61,38,165,193,28,44,125,6,88,70,71,162,20,188,144,184,8,157,78,128,101,185,76,80,100,30,134,27,2,97,58,151,175,98,1,117,195,169,142,137,158,54,120,3,136,149,107,55,14,13,111,52,148,83,129,24,150,103,105,69,159,40,116,104,99,106,194,180,178,192,109,66,145,102,110,171,0,85,140,34,53,155,146,63,31,183,65,16,190,10,130,5,39,113,43,127,42,96,141,11,114,64,79,177,119,132,75,163,133,81,153,166,189,33,35,36,22,112,93,19,87,121,51];False
3870;6559;10429;[198,29,90,41,172,60,177,47,26,161,115,152,131,59,197,123,74,37,94,118,124,168,34,108,174,196,167,15,156,21,73,82,187,86,181,68,9,45,138,126,143,160,91,18,199,12,7,173,89,46,164,4,84,122,25,23,77,57,186,170,176,72,154,49,62,95,182,139,135,191,48,50,56,92,147,67,32,61,38,165,193,28,44,125,6,88,70,71,162,20,188,144,184,8,157,78,128,101,185,76,80,100,30,134,27,2,97,58,151,175,98,1,117,195,169,142,137,158,54,120,3,136,149,107,55,14,13,111,52,148,83,129,24,150,103,105,69,159,40,116,104,99,106,194,180,178,192,10,66,145,102,110,171,0,85,140,17,53,155,146,63,31,183,65,16,190,109,130,5,39,113,43,127,179,96,141,11,114,64,79,42,119,132,75,163,133,81,153,166,189,33,35,36,22,112,93,19,87,121,51];False
3959;6540;10499;[198,29,90,41,172,60,179,47,26,161,115,152,131,59,197,123,74,37,94,118,124,168,34,108,174,196,167,15,156,21,73,82,187,86,181,68,9,45,138,126,143,160,91,18,199,12,7,173,89,46,164,4,84,122,25,23,77,57,186,170,176,72,154,49,62,95,182,139,135,191,48,50,56,92,147,67,32,61,38,165,193,28,44,125,6,88,70,71,162,20,188,144,184,8,157,78,128,101,185,76,80,100,30,134,27,2,97,58,151,175,98,1,117,195,169,142,163,158,54,120,3,136,149,107,55,14,13,111,52,148,83,129,24,150,103,105,69,159,40,116,104,99,106,194,180,178,192,109,66,145,102,110,171,0,85,140,17,53,155,146,63,31,183,65,16,190,10,130,5,39,113,43,127,42,96,141,11,114,64,79,177,119,132,75,137,133,81,153,166,189,33,35,36,22,112,93,19,87,121,51];False
3970;6537;10507;[198,29,90,41,187,60,177,47,26,161,115,152,131,59,197,123,74,37,94,118,124,168,34,108,174,196,167,15,156,21,73,82,172,86,181,68,9,45,138,126,143,160,91,18,199,12,7,173,89,46,164,4,84,122,25,23,77,57,186,170,176,72,154,49,62,95,182,139,135,191,48,50,56,92,147,67,32,61,38,165,193,28,44,125,6,88,70,71,162,20,188,144,184,8,157,78,128,101,185,76,80,100,30,134,27,2,97,58,151,175,98,1,117,195,169,142,137,158,54,120,3,136,149,107,55,14,13,111,52,148,83,129,24,150,103,105,69,159,40,116,140,99,106,194,180,178,192,10,66,145,102,110,171,0,85,104,17,53,155,146,63,31,183,65,16,190,109,130,5,39,113,43,127,179,96,141,11,114,64,79,42,119,132,75,163,133,81,153,166,189,33,35,36,22,112,93,19,87,121,51];False
3914;6550;10464;[198,29,90,41,172,60,177,47,26,161,115,152,131,59,197,123,74,37,94,118,124,168,34,108,174,196,167,15,156,21,73,82,187,86,181,68,9,45,138,126,143,160,91,18,171,12,7,173,89,46,164,4,84,122,25,23,77,57,186,170,176,72,154,49,62,95,182,139,135,191,48,50,56,92,147,67,32,61,38,165,193,28,44,125,6,88,70,71,162,20,188,144,184,8,157,78,128,101,185,76,80,100,30,134,27,2,97,58,151,175,98,1,117,195,169,142,137,158,54,120,3,136,149,107,55,14,13,111,52,148,83,129,24,150,103,105,69,159,40,116,140,99,106,194,180,178,192,10,66,145,102,110,199,0,85,104,17,53,155,146,63,31,183,65,16,190,109,130,5,39,113,43,127,179,96,141,11,114,64,79,42,119,132,75,163,133,81,153,166,189,33,35,36,22,112,93,19,87,121,51];False
3913;6549;10462;[198,29,90,41,172,60,177,47,26,161,115,152,131,59,197,123,74,37,94,118,124,168,34,108,174,196,167,15,156,21,73,82,187,86,181,68,9,45,138,126,143,160,91,18,199,12,7,173,89,46,164,4,84,122,25,23,77,57,186,170,176,72,154,49,62,95,182,139,135,191,48,50,56,92,147,67,32,61,19,165,193,28,44,125,6,88,70,71,162,20,188,144,184,8,157,78,128,101,185,76,80,100,30,134,27,2,97,58,151,175,98,1,117,195,169,142,137,158,54,120,3,136,149,107,55,14,13,111,52,148,83,129,24,150,103,105,69,159,40,116,140,99,106,194,180,178,192,10,66,145,102,110,171,0,85,104,17,53,155,146,63,31,183,65,16,190,109,130,5,39,113,43,127,179,96,141,11,114,64,79,42,119,132,75,163,133,81,153,166,189,33,35,36,22,112,93,38,87,121,51];False
3919;6547;10466;[198,29,90,41,172,60,177,47,26,161,115,152,131,59,197,123,74,37,94,118,124,168,34,108,174,196,167,15,156,21,73,82,187,86,181,68,9,45,138,126,143,160,91,18,199,12,7,173,89,46,164,4,84,122,25,23,77,57,186,170,176,72,154,49,62,95,182,139,135,191,48,50,56,92,147,67,32,61,38,165,193,28,44,125,6,88,70,71,162,20,188,144,184,8,157,78,128,101,185,76,80,100,30,134,27,2,97,58,151,175,98,1,117,195,169,142,163,158,54,120,3,136,149,107,55,14,13,111,52,148,83,129,24,150,103,105,69,159,40,116,140,99,106,194,180,178,192,10,66,145,102,110,171,0,85,104,17,53,155,146,63,31,183,65,16,190,109,130,5,39,113,43,127,179,96,141,11,114,64,79,42,119,132,75,137,133,81,153,166,189,33,35,36,22,112,93,19,87,121,51];False
3949;6538;10487;[198,29,90,41,172,60,177,47,26,161,115,152,131,59,197,123,74,37,94,118,124,168,34,108,174,196,167,15,156,21,73,82,187,86,181,68,9,45,138,126,143,160,91,18,199,12,7,173,89,46,164,4,84,122,25,23,77,57,186,170,176,72,154,49,62,95,182,139,135,191,48,50,56,92,147,67,32,61,38,165,193,28,44,125,6,88,70,71,162,20,188,144,184,8,157,78,128,101,185,76,80,100,30,134,27,2,97,58,151,175,98,1,117,195,169,142,137,158,54,120,3,136,149,107,55,14,13,111,52,148,83,129,24,150,103,105,69,159,40,116,140,99,106,194,180,178,192,109,66,145,102,110,171,0,85,104,17,53,155,146,63,31,183,65,16,190,10,130,5,39,113,43,127,179,96,141,11,114,64,79,42,119,132,75,163,133,81,153,166,189,33,35,36,22,112,93,19,87,121,51];False
4053;6520;10573;[198,29,90,41,187,60,179,47,26,161,115,152,131,59,197,123,74,37,94,118,124,168,34,108,174,196,167,15,156,21,73,82,172,86,181,68,9,45,138,126,143,160,91,18,199,12,7,173,89,46,164,4,84,122,25,23,77,57,186,170,176,72,154,49,62,95,182,139,135,191,48,50,56,92,147,67,32,61,19,165,193,28,44,125,6,88,70,71,162,20,188,144,184,8,157,78,128,101,185,76,80,100,30,134,27,2,97,58,151,175,98,1,117,195,169,142,137,158,54,120,3,136,149,107,55,14,13,111,52,148,83,129,24,150,103,105,69,159,40,116,140,99,106,194,180,178,192,109,66,145,102,110,171,0,85,104,17,53,155,146,63,31,183,65,16,190,10,130,5,39,113,43,127,42,96,141,11,114,64,79,177,119,132,75,163,133,81,153,166,189,33,35,36,22,112,93,38,87,121,51];False
4746;6415;11161;[198,29,90,41,187,60,179,47,26,161,115,152,163,59,197,123,74,37,94,118,124,168,34,108,174,196,167,15,156,21,73,82,172,86,181,68,9,45,138,126,143,160,91,18,171,195,7,173,89,144,164,4,84,122,25,23,77,57,186,170,176,72,154,49,39,95,182,139,135,191,48,50,56,92,147,67,32,38,87,165,193,28,44,125,6,88,70,71,162,20,188,61,184,8,157,78,128,101,185,76,80,100,30,134,27,2,97,58,158,62,98,1,117,113,169,142,131,110,54,120,3,136,149,107,55,14,13,111,52,148,83,129,24,150,103,105,69,159,40,116,140,99,106,194,180,178,192,109,66,145,102,151,199,0,85,104,17,53,155,146,63,31,183,65,16,190,10,130,5,175,12,43,127,79,42,141,11,114,64,96,177,119,132,75,137,133,81,153,166,189,33,35,36,22,112,93,19,46,121,51];False
4901;6404;11305;[198,29,90,41,187,60,179,47,26,161,115,152,163,59,197,123,74,37,94,118,124,168,34,108,174,196,167,15,156,21,73,82,172,86,181,68,9,45,138,126,143,160,91,18,171,12,7,173,89,144,164,4,84,122,25,23,77,57,186,170,176,72,154,49,39,98,182,139,135,191,48,50,56,92,147,67,32,38,87,165,193,28,44,125,6,88,70,71,162,20,188,61,184,8,157,78,128,101,185,76,80,100,30,134,27,2,97,58,158,62,95,1,117,113,169,142,131,110,54,120,3,136,149,107,55,14,13,111,52,148,83,129,24,150,103,105,69,159,40,116,140,99,106,194,180,178,192,109,66,145,102,151,199,0,85,104,17,53,155,146,63,31,183,65,16,190,10,130,5,175,195,43,127,79,42,141,11,114,64,96,177,119,132,75,137,133,81,153,166,189,33,35,36,22,112,93,19,46,121,51];False
3785;6584;10369;[198,29,90,41,172,60,42,47,26,161,115,152,131,59,197,123,74,37,94,118,124,168,17,108,174,196,167,15,156,21,73,82,187,86,181,68,9,45,138,126,143,160,91,18,199,12,7,173,89,46,164,4,84,122,25,23,77,57,186,170,176,72,154,49,62,95,182,139,135,191,48,50,56,92,147,67,32,61,38,165,193,28,44,125,6,88,70,71,162,20,188,144,184,8,157,78,128,101,185,76,80,100,30,134,27,195,97,58,151,175,98,1,117,2,169,142,137,158,54,120,3,136,149,107,55,14,13,111,52,148,83,129,24,150,103,105,69,159,40,116,104,99,106,194,180,178,192,10,66,145,102,110,171,0,85,140,34,53,155,146,63,31,183,65,16,190,109,130,5,39,113,43,127,179,96,141,11,114,64,79,177,119,132,75,163,133,81,153,166,189,33,35,36,22,112,93,19,87,121,51];False
3835;6568;10403;[198,29,90,41,172,60,177,47,26,161,115,152,131,59,197,123,74,37,94,118,124,168,34,108,174,196,167,15,156,21,73,82,187,86,181,68,9,45,138,126,143,160,91,18,199,12,7,173,89,46,164,4,84,122,25,23,77,57,186,170,176,72,154,49,62,95,182,139,135,191,48,50,56,92,147,67,32,61,38,165,193,28,44,125,6,88,70,71,162,20,188,144,184,8,157,78,128,101,185,76,80,100,30,134,27,195,97,58,151,175,98,1,117,2,169,142,137,158,54,120,3,136,149,107,55,14,13,111,52,148,83,129,24,150,103,105,69,159,40,116,104,99,106,194,180,178,192,10,66,145,102,110,171,0,85,140,17,53,155,146,63,31,183,65,16,190,109,130,5,39,113,43,127,179,96,141,11,114,64,79,42,119,132,75,163,133,81,153,166,189,33,35,36,22,112,93,19,87,121,51];False
3878;6558;10436;[198,29,90,41,172,60,177,47,26,161,115,152,131,59,197,123,74,37,94,118,124,168,34,108,174,196,167,15,156,21,73,82,187,86,181,68,9,45,138,126,143,160,91,18,199,12,7,173,89,46,164,4,84,122,25,23,77,57,186,170,176,72,154,49,62,95,182,139,135,191,48,50,56,92,147,67,32,61,19,165,193,28,44,125,6,88,70,71,162,20,188,144,184,8,157,78,128,101,185,76,80,100,30,134,27,195,97,58,151,175,98,1,117,2,169,142,137,158,54,120,3,136,149,107,55,14,13,111,52,148,83,129,24,150,103,105,69,159,40,116,140,99,106,194,180,178,192,10,66,145,102,110,171,0,85,104,17,53,155,146,63,31,183,65,16,190,109,130,5,39,113,43,127,179,96,141,11,114,64,79,42,119,132,75,163,133,81,153,166,189,33,35,36,22,112,93,38,87,121,51];False
3851;6565;10416;[198,29,90,41,172,60,177,47,26,161,115,152,131,59,197,123,74,37,94,118,124,168,34,108,174,196,167,15,156,21,73,82,187,86,181,68,9,45,138,126,143,160,91,18,199,12,7,173,89,46,164,4,84,122,25,23,77,57,186,170,176,72,154,49,62,95,182,139,135,191,48,50,56,92,147,67,32,61,38,165,193,28,44,125,6,88,70,71,162,20,188,144,184,8,157,78,128,101,185,76,80,100,30,134,27,195,97,58,151,175,2,1,117,98,169,142,137,158,54,120,3,136,149,107,55,14,13,111,52,148,83,129,24,150,103,105,69,159,40,116,140,99,106,194,180,178,192,10,66,145,102,110,171,0,85,104,17,53,155,146,63,31,183,65,16,190,109,130,5,39,113,43,127,179,96,141,11,114,64,79,42,119,132,75,163,133,81,153,166,189,33,35,36,22,112,93,19,87,121,51];False
3884;6556;10440;[198,29,90,41,172,60,177,47,26,161,115,152,131,59,197,123,74,37,94,118,124,168,34,108,174,196,167,15,156,21,73,82,187,86,181,68,9,45,138,126,143,160,91,18,199,12,7,173,89,46,164,4,84,122,25,23,77,57,186,170,176,72,154,49,62,95,182,139,135,191,48,50,56,92,147,67,32,61,38,165,193,28,44,125,6,88,70,71,162,20,188,144,184,8,157,78,128,101,185,76,80,100,30,134,27,195,97,58,151,175,98,1,117,2,169,142,163,158,54,120,3,136,149,107,55,14,13,111,52,148,83,129,24,150,103,105,69,159,40,116,140,99,106,194,180,178,192,10,66,145,102,110,171,0,85,104,17,53,155,146,63,31,183,65,16,190,109,130,5,39,113,43,127,179,96,141,11,114,64,79,42,119,132,75,137,133,81,153,166,189,33,35,36,22,112,93,19,87,121,51];False
3914;6547;10461;[198,29,90,41,172,60,177,47,26,161,115,152,131,59,197,123,74,37,94,118,124,168,34,108,174,196,167,15,156,21,73,82,187,86,181,68,9,45,138,126,143,160,91,18,199,12,7,173,89,46,164,4,84,122,25,23,77,57,186,170,176,72,154,49,62,95,182,139,135,191,48,50,56,92,147,67,32,61,38,165,193,28,44,125,6,88,70,71,162,20,188,144,184,8,157,78,128,101,185,76,80,100,30,134,27,195,97,58,151,175,98,1,117,2,169,142,137,158,54,120,3,136,149,107,55,14,13,111,52,148,83,129,24,150,103,105,69,159,40,116,140,99,106,194,180,178,192,109,66,145,102,110,171,0,85,104,17,53,155,146,63,31,183,65,16,190,10,130,5,39,113,43,127,179,96,141,11,114,64,79,42,119,132,75,163,133,81,153,166,189,33,35,36,22,112,93,19,87,121,51];False
3846;6565;10411;[198,29,90,41,172,60,177,47,26,161,115,152,131,59,197,123,74,37,94,118,124,168,17,108,174,196,167,15,156,21,73,82,187,86,181,68,9,45,138,126,143,160,91,18,199,12,7,173,89,46,164,4,84,122,25,23,77,57,186,170,176,72,154,49,62,95,182,139,135,191,48,50,56,92,147,67,32,61,38,165,193,28,44,125,6,88,70,71,162,20,188,144,184,8,157,78,128,101,185,76,80,100,30,134,27,2,97,58,151,175,98,1,117,195,169,142,137,158,54,120,3,136,149,107,55,14,13,111,52,148,83,129,24,150,103,105,69,159,40,116,104,99,106,194,180,178,192,10,66,145,102,110,171,0,85,140,34,53,155,146,63,31,183,65,16,190,109,130,5,39,113,43,127,179,96,141,11,114,64,79,42,119,132,75,163,133,81,153,166,189,33,35,36,22,112,93,19,87,121,51];False
3894;6554;10448;[198,29,90,41,172,60,177,47,26,161,115,152,131,59,197,123,74,37,94,118,124,168,34,108,174,196,167,15,156,21,73,82,187,86,181,68,9,45,138,126,143,160,91,18,199,12,7,173,89,46,164,4,84,122,25,23,77,57,186,170,176,72,154,49,62,95,182,139,135,191,48,50,56,92,147,67,32,61,38,165,193,28,44,125,6,88,70,71,162,20,188,144,184,8,157,78,128,101,185,76,80,100,30,134,27,2,97,58,151,175,98,1,117,195,169,142,163,158,54,120,3,136,149,107,55,14,13,111,52,148,83,129,24,150,103,105,69,159,40,116,104,99,106,194,180,178,192,10,66,145,102,110,171,0,85,140,17,53,155,146,63,31,183,65,16,190,109,130,5,39,113,43,127,179,96,141,11,114,64,79,42,119,132,75,137,133,81,153,166,189,33,35,36,22,112,93,19,87,121,51];False
3924;6545;10469;[198,29,90,41,172,60,177,47,26,161,115,152,131,59,197,123,74,37,94,118,124,168,34,108,174,196,167,15,156,21,73,82,187,86,181,68,9,45,138,126,143,160,91,18,199,12,7,173,89,46,164,4,84,122,25,23,77,57,186,170,176,72,154,49,62,95,182,139,135,191,48,50,56,92,147,67,32,61,38,165,193,28,44,125,6,88,70,71,162,20,188,144,184,8,157,78,128,101,185,76,80,100,30,134,27,2,97,58,151,175,98,1,117,195,169,142,137,158,54,120,3,136,149,107,55,14,13,111,52,148,83,129,24,150,103,105,69,159,40,116,104,99,106,194,180,178,192,109,66,145,102,110,171,0,85,140,17,53,155,146,63,31,183,65,16,190,10,130,5,39,113,43,127,179,96,141,11,114,64,79,42,119,132,75,163,133,81,153,166,189,33,35,36,22,112,93,19,87,121,51];False
3805;6564;10369;[198,29,90,41,127,60,177,47,26,161,115,152,131,59,197,123,74,37,94,118,124,168,34,108,174,196,167,15,156,21,73,82,172,86,181,68,9,45,138,126,143,160,91,18,199,12,7,173,89,46,164,4,84,122,25,23,77,57,186,170,176,72,154,49,62,95,182,139,135,191,48,50,56,92,147,67,32,61,38,165,193,28,44,125,6,88,70,71,162,20,188,144,184,8,157,78,128,101,185,76,80,100,30,134,27,2,97,58,151,175,98,1,117,195,169,142,137,158,54,120,3,136,149,107,55,14,13,111,52,148,83,129,24,150,103,105,69,159,40,116,140,99,106,194,180,178,192,10,66,145,102,110,171,0,85,104,17,53,155,146,63,31,183,65,16,190,109,130,5,39,113,43,187,179,96,141,11,114,64,79,42,119,132,75,163,133,81,153,166,189,33,35,36,22,112,93,19,87,121,51];False
3893;6552;10445;[198,29,90,41,187,179,177,47,26,161,115,152,131,59,197,123,74,37,94,118,124,168,34,108,174,196,167,15,156,21,73,82,172,86,181,68,9,45,138,126,143,160,91,18,199,12,7,173,89,46,164,4,84,122,25,23,77,57,186,170,176,72,154,49,62,95,182,139,135,191,48,50,56,92,147,67,32,61,38,165,193,28,44,125,6,88,70,71,162,20,188,144,184,8,157,78,128,101,185,76,80,100,30,134,27,2,97,58,151,175,98,1,117,195,169,142,137,158,54,120,3,136,149,107,55,14,13,111,52,148,83,129,24,150,103,105,69,159,40,116,140,99,106,194,180,178,192,10,66,145,102,110,171,0,85,104,17,53,155,146,63,31,183,65,16,190,109,130,5,39,113,43,127,60,96,141,11,114,64,79,42,119,132,75,163,133,81,153,166,189,33,35,36,22,112,93,19,87,121,51];False
3994;6532;10526;[198,29,90,41,187,60,177,47,26,161,115,152,131,59,197,123,74,37,94,118,124,168,34,108,174,196,167,15,156,21,73,82,172,86,181,68,9,45,138,126,143,160,91,18,199,12,7,173,89,46,164,4,84,122,25,23,77,57,186,170,176,72,154,49,62,95,182,139,135,191,48,50,56,92,147,67,32,61,38,165,193,28,44,125,6,88,70,71,162,20,188,144,184,8,157,78,128,101,185,76,80,100,30,134,27,2,97,58,151,175,98,1,117,195,169,142,163,158,54,120,3,136,149,107,55,14,13,111,52,148,83,129,24,150,103,105,69,159,40,116,140,99,106,194,180,178,192,10,66,145,102,110,171,0,85,104,17,53,155,146,63,31,183,65,16,190,109,130,5,39,113,43,127,179,96,141,11,114,64,79,42,119,132,75,137,133,81,153,166,189,33,35,36,22,112,93,19,87,121,51];False
4024;6523;10547;[198,29,90,41,187,60,177,47,26,161,115,152,131,59,197,123,74,37,94,118,124,168,34,108,174,196,167,15,156,21,73,82,172,86,181,68,9,45,138,126,143,160,91,18,199,12,7,173,89,46,164,4,84,122,25,23,77,57,186,170,176,72,154,49,62,95,182,139,135,191,48,50,56,92,147,67,32,61,38,165,193,28,44,125,6,88,70,71,162,20,188,144,184,8,157,78,128,101,185,76,80,100,30,134,27,2,97,58,151,175,98,1,117,195,169,142,137,158,54,120,3,136,149,107,55,14,13,111,52,148,83,129,24,150,103,105,69,159,40,116,140,99,106,194,180,178,192,109,66,145,102,110,171,0,85,104,17,53,155,146,63,31,183,65,16,190,10,130,5,39,113,43,127,179,96,141,11,114,64,79,42,119,132,75,163,133,81,153,166,189,33,35,36,22,112,93,19,87,121,51];False
3937;6544;10481;[198,29,90,41,172,60,177,47,26,161,115,152,131,59,197,123,74,37,94,118,124,168,34,108,174,196,167,15,156,21,73,82,187,86,181,68,9,45,138,126,143,160,91,18,199,12,7,173,89,46,164,4,84,122,25,23,77,57,186,170,176,72,154,49,62,95,182,139,135,191,48,50,56,92,147,67,32,61,19,165,193,28,44,125,6,88,70,71,162,20,188,144,184,8,157,78,128,101,185,76,80,100,30,134,27,2,97,58,151,175,98,1,117,195,169,142,163,158,54,120,3,136,149,107,55,14,13,111,52,148,83,129,24,150,103,105,69,159,40,116,140,99,106,194,180,178,192,10,66,145,102,110,171,0,85,104,17,53,155,146,63,31,183,65,16,190,109,130,5,39,113,43,127,179,96,141,11,114,64,79,42,119,132,75,137,133,81,153,166,189,33,35,36,22,112,93,38,87,121,51];False
3967;6535;10502;[198,29,90,41,172,60,177,47,26,161,115,152,131,59,197,123,74,37,94,118,124,168,34,108,174,196,167,15,156,21,73,82,187,86,181,68,9,45,138,126,143,160,91,18,199,12,7,173,89,46,164,4,84,122,25,23,77,57,186,170,176,72,154,49,62,95,182,139,135,191,48,50,56,92,147,67,32,61,19,165,193,28,44,125,6,88,70,71,162,20,188,144,184,8,157,78,128,101,185,76,80,100,30,134,27,2,97,58,151,175,98,1,117,195,169,142,137,158,54,120,3,136,149,107,55,14,13,111,52,148,83,129,24,150,103,105,69,159,40,116,140,99,106,194,180,178,192,109,66,145,102,110,171,0,85,104,17,53,155,146,63,31,183,65,16,190,10,130,5,39,113,43,127,179,96,141,11,114,64,79,42,119,132,75,163,133,81,153,166,189,33,35,36,22,112,93,38,87,121,51];False
3973;6533;10506;[198,29,90,41,172,60,177,47,26,161,115,152,131,59,197,123,74,37,94,118,124,168,34,108,174,196,167,15,156,21,73,82,187,86,181,68,9,45,138,126,143,160,91,18,199,12,7,173,89,46,164,4,84,122,25,23,77,57,186,170,176,72,154,49,62,95,182,139,135,191,48,50,56,92,147,67,32,61,38,165,193,28,44,125,6,88,70,71,162,20,188,144,184,8,157,78,128,101,185,76,80,100,30,134,27,2,97,58,151,175,98,1,117,195,169,142,163,158,54,120,3,136,149,107,55,14,13,111,52,148,83,129,24,150,103,105,69,159,40,116,140,99,106,194,180,178,192,109,66,145,102,110,171,0,85,104,17,53,155,146,63,31,183,65,16,190,10,130,5,39,113,43,127,179,96,141,11,114,64,79,42,119,132,75,137,133,81,153,166,189,33,35,36,22,112,93,19,87,121,51];False
4077;6515;10592;[198,29,90,41,187,60,179,47,26,161,115,152,131,59,197,123,74,37,94,118,124,168,34,108,174,196,167,15,156,21,73,82,172,86,181,68,9,45,138,126,143,160,91,18,199,12,7,173,89,46,164,4,84,122,25,23,77,57,186,170,176,72,154,49,62,95,182,139,135,191,48,50,56,92,147,67,32,61,19,165,193,28,44,125,6,88,70,71,162,20,188,144,184,8,157,78,128,101,185,76,80,100,30,134,27,2,97,58,151,175,98,1,117,195,169,142,163,158,54,120,3,136,149,107,55,14,13,111,52,148,83,129,24,150,103,105,69,159,40,116,140,99,106,194,180,178,192,109,66,145,102,110,171,0,85,104,17,53,155,146,63,31,183,65,16,190,10,130,5,39,113,43,127,42,96,141,11,114,64,79,177,119,132,75,137,133,81,153,166,189,33,35,36,22,112,93,38,87,121,51];False
4728;6423;11151;[198,29,90,41,187,60,179,47,26,161,115,152,163,122,197,123,74,37,94,118,124,168,34,108,174,196,167,15,156,21,73,82,172,86,181,68,9,45,138,126,143,160,91,18,171,195,7,173,89,144,164,4,84,59,25,23,77,57,186,170,176,72,154,49,39,95,182,139,135,191,48,50,56,92,147,67,32,38,87,165,193,28,44,125,6,88,70,71,162,20,188,61,184,8,157,78,128,101,185,76,80,100,30,134,27,2,97,58,158,62,98,1,117,113,169,142,131,110,54,120,3,136,149,107,55,14,13,111,52,148,83,129,24,150,103,105,69,159,40,116,140,99,106,194,180,178,192,109,66,145,102,151,199,0,85,104,17,53,155,146,63,31,183,65,16,190,10,130,5,175,12,43,127,79,42,141,11,114,64,96,177,119,132,75,137,133,81,153,166,189,33,35,36,22,112,93,19,46,121,51];False
4845;6411;11256;[198,29,90,41,187,60,179,47,26,161,115,152,163,59,197,123,74,37,94,118,124,168,34,108,174,196,167,15,156,140,73,82,172,86,181,68,9,45,138,126,143,160,91,18,171,195,7,173,89,144,164,4,84,122,25,23,77,57,186,170,176,72,154,49,39,95,182,139,135,191,48,50,56,92,147,67,32,38,87,165,193,28,44,125,6,88,70,71,162,20,188,61,184,8,157,78,128,101,185,76,80,100,30,134,27,2,97,58,158,62,98,1,117,113,169,142,131,110,54,120,3,136,149,107,55,14,13,111,52,148,83,129,24,150,103,105,69,159,40,116,21,99,106,194,180,178,192,109,66,145,102,151,199,0,85,104,17,53,155,146,63,31,183,65,16,190,10,130,5,175,12,43,127,79,42,141,11,114,64,96,177,119,132,75,137,133,81,153,166,189,33,35,36,22,112,93,19,46,121,51];False
4837;6412;11249;[198,29,90,41,187,60,179,47,26,161,115,152,163,59,197,123,74,37,94,118,124,168,34,108,174,196,167,15,156,63,73,82,172,86,181,68,9,45,138,126,143,160,91,18,171,195,7,173,89,144,164,4,84,122,25,23,77,57,186,170,176,72,154,49,39,95,182,139,135,191,48,50,56,92,147,67,32,38,87,165,193,28,44,125,6,88,70,71,162,20,188,61,184,8,157,78,128,101,185,76,80,100,30,134,27,2,97,58,158,62,98,1,117,113,169,142,131,110,54,120,3,136,149,107,55,14,13,111,52,148,83,129,24,150,103,105,69,159,40,116,140,99,106,194,180,178,192,109,66,145,102,151,199,0,85,104,17,53,155,146,21,31,183,65,16,190,10,130,5,175,12,43,127,79,42,141,11,114,64,96,177,119,132,75,137,133,81,153,166,189,33,35,36,22,112,93,19,46,121,51];False
4881;6406;11287;[198,29,90,41,187,60,179,47,26,161,115,152,163,59,197,123,74,37,94,118,124,168,34,108,174,196,167,15,156,21,73,82,172,86,181,68,9,45,138,126,143,160,91,18,171,195,7,173,23,144,164,4,84,122,25,89,77,57,186,170,176,72,154,49,39,95,182,139,135,191,48,50,56,92,147,67,32,38,87,165,193,28,44,125,6,88,70,71,162,20,188,61,184,8,157,78,128,101,185,76,80,100,30,134,27,2,97,58,158,62,98,1,117,113,169,142,131,110,54,120,3,136,149,107,55,14,13,111,52,148,83,129,24,150,103,105,69,159,40,116,140,99,106,194,180,178,192,109,66,145,102,151,199,0,85,104,17,53,155,146,63,31,183,65,16,190,10,130,5,175,12,43,127,79,42,141,11,114,64,96,177,119,132,75,137,133,81,153,166,189,33,35,36,22,112,93,19,46,121,51];False
4671;6424;11095;[198,29,90,41,187,60,179,47,26,161,115,152,163,59,197,123,74,37,94,118,124,168,34,108,174,196,167,15,156,21,73,82,172,86,181,68,9,45,138,126,143,160,91,18,171,195,7,173,89,46,164,4,84,122,25,23,77,57,186,170,176,72,154,49,39,95,182,139,135,191,48,50,56,92,147,67,32,38,87,165,193,28,44,125,6,88,70,71,162,20,188,61,184,8,157,78,128,101,185,76,80,100,30,134,27,2,97,58,158,62,98,1,117,113,169,142,131,110,54,120,3,136,149,107,55,14,13,111,52,148,83,129,24,150,103,105,69,159,40,116,140,99,106,194,180,178,192,109,66,145,102,151,199,0,85,104,17,53,155,146,63,31,183,65,16,190,10,130,5,175,12,43,127,79,42,141,11,114,64,96,177,119,132,75,137,133,81,153,166,189,33,35,36,22,112,93,19,144,121,51];False
4709;6422;11131;[198,29,90,41,187,60,179,47,26,161,115,152,163,59,197,123,74,37,94,118,124,168,34,108,174,196,167,15,156,21,73,82,172,86,181,68,9,45,138,126,143,160,91,18,171,195,7,173,89,144,164,4,84,122,25,23,77,57,186,39,176,72,154,49,170,95,182,139,135,191,48,50,56,92,147,67,32,38,87,165,193,28,44,125,6,88,70,71,162,20,188,61,184,8,157,78,128,101,185,76,80,100,30,134,27,2,97,58,158,62,98,1,117,113,169,142,131,110,54,120,3,136,149,107,55,14,13,111,52,148,83,129,24,150,103,105,69,159,40,116,140,99,106,194,180,178,192,109,66,145,102,151,199,0,85,104,17,53,155,146,63,31,183,65,16,190,10,130,5,175,12,43,127,79,42,141,11,114,64,96,177,119,132,75,137,133,81,153,166,189,33,35,36,22,112,93,19,46,121,51];False
4876;6406;11282;[198,29,90,41,187,60,179,47,26,161,115,152,163,59,197,123,74,37,94,118,124,168,34,108,174,196,167,15,156,21,73,82,172,86,181,68,9,45,138,126,143,160,91,18,171,195,7,173,89,144,164,4,84,122,25,23,77,57,186,170,176,157,154,49,39,95,182,139,135,191,48,50,56,92,147,67,32,38,87,165,193,28,44,125,6,88,70,71,162,20,188,61,184,8,72,78,128,101,185,76,80,100,30,134,27,2,97,58,158,62,98,1,117,113,169,142,131,110,54,120,3,136,149,107,55,14,13,111,52,148,83,129,24,150,103,105,69,159,40,116,140,99,106,194,180,178,192,109,66,145,102,151,199,0,85,104,17,53,155,146,63,31,183,65,16,190,10,130,5,175,12,43,127,79,42,141,11,114,64,96,177,119,132,75,137,133,81,153,166,189,33,35,36,22,112,93,19,46,121,51];False
4784;6410;11194;[198,29,90,41,187,60,179,47,26,161,115,152,163,59,197,123,74,37,94,118,124,168,34,108,174,196,167,15,156,21,73,82,172,86,181,68,9,45,138,126,143,160,91,18,171,195,7,173,89,144,164,4,84,122,25,23,77,57,186,170,176,72,154,49,39,98,182,139,135,191,48,50,56,92,147,67,32,38,87,165,193,28,44,125,6,88,70,71,162,20,188,61,184,8,157,78,128,101,185,76,80,100,30,134,27,2,97,58,158,62,95,1,117,113,169,142,131,110,54,120,3,136,149,107,55,14,13,111,52,148,83,129,24,150,103,105,69,159,40,116,140,99,106,194,180,178,192,109,66,145,102,151,199,0,85,104,17,53,155,146,63,31,183,65,16,190,10,130,5,175,12,43,127,79,42,141,11,114,64,96,177,119,132,75,137,133,81,153,166,189,33,35,36,22,112,93,19,46,121,51];False
4849;6407;11256;[198,29,90,41,187,60,179,47,26,161,115,152,163,59,197,123,74,37,94,118,124,168,34,108,174,196,167,15,156,21,73,82,172,86,181,68,9,45,138,126,143,160,91,18,171,195,7,173,89,144,164,4,84,122,25,23,77,57,186,170,176,72,154,49,39,95,182,139,135,188,48,50,56,92,147,67,32,38,87,165,193,28,44,125,6,88,70,71,162,20,191,61,184,8,157,78,128,101,185,76,80,100,30,134,27,2,97,58,158,62,98,1,117,113,169,142,131,110,54,120,3,136,149,107,55,14,13,111,52,148,83,129,24,150,103,105,69,159,40,116,140,99,106,194,180,178,192,109,66,145,102,151,199,0,85,104,17,53,155,146,63,31,183,65,16,190,10,130,5,175,12,43,127,79,42,141,11,114,64,96,177,119,132,75,137,133,81,153,166,189,33,35,36,22,112,93,19,46,121,51];False
3776;6588;10364;[198,29,90,41,172,60,42,47,26,161,115,152,131,59,197,123,74,37,94,118,124,168,17,108,174,196,167,15,156,21,73,82,187,86,181,68,9,45,138,126,143,160,91,18,199,12,7,173,89,46,164,4,84,122,25,23,77,57,186,170,176,72,154,49,62,95,182,139,135,191,48,50,56,92,147,67,32,61,38,165,193,28,44,125,6,88,70,71,162,20,188,144,184,8,157,78,128,101,185,76,80,100,30,134,27,195,97,58,151,175,2,1,117,98,169,142,137,158,54,120,3,136,149,107,55,14,13,111,52,148,83,129,24,150,103,105,69,159,40,116,104,99,106,194,180,178,192,10,66,145,102,110,171,0,85,140,34,53,155,146,63,31,183,65,16,190,109,130,5,39,113,43,127,179,96,141,11,114,64,79,177,119,132,75,163,133,81,153,166,189,33,35,36,22,112,93,19,87,121,51];False
3932;6544;10476;[198,29,90,41,172,60,177,47,26,161,115,152,131,59,197,123,74,37,94,118,124,168,34,108,174,196,167,15,156,21,73,82,187,86,181,68,9,45,138,126,143,160,91,18,199,12,7,173,89,46,164,4,84,122,25,23,77,57,186,170,176,72,154,49,62,95,182,139,135,191,48,50,56,92,147,67,32,61,19,165,193,28,44,125,6,88,70,71,162,20,188,144,184,8,157,78,128,101,185,76,80,100,30,134,27,195,97,58,151,175,98,1,117,2,169,142,137,158,54,120,3,136,149,107,55,14,13,111,52,148,83,129,24,150,103,105,69,159,40,116,140,99,106,194,180,178,192,109,66,145,102,110,171,0,85,104,17,53,155,146,63,31,183,65,16,190,10,130,5,39,113,43,127,179,96,141,11,114,64,79,42,119,132,75,163,133,81,153,166,189,33,35,36,22,112,93,38,87,121,51];False
3859;6563;10422;[198,29,90,41,172,60,177,47,26,161,115,152,131,59,197,123,74,37,94,118,124,168,34,108,174,196,167,15,156,21,73,82,187,86,181,68,9,45,138,126,143,160,91,18,199,12,7,173,89,46,164,4,84,122,25,23,77,57,186,170,176,72,154,49,62,95,182,139,135,191,48,50,56,92,147,67,32,61,38,165,193,28,44,125,6,88,70,71,162,20,188,144,184,8,157,78,128,101,185,76,80,100,30,134,27,195,97,58,151,175,98,1,117,2,169,142,163,158,54,120,3,136,149,107,55,14,13,111,52,148,83,129,24,150,103,105,69,159,40,116,104,99,106,194,180,178,192,10,66,145,102,110,171,0,85,140,17,53,155,146,63,31,183,65,16,190,109,130,5,39,113,43,127,179,96,141,11,114,64,79,42,119,132,75,137,133,81,153,166,189,33,35,36,22,112,93,19,87,121,51];False
3938;6542;10480;[198,29,90,41,172,60,177,47,26,161,115,152,131,59,197,123,74,37,94,118,124,168,34,108,174,196,167,15,156,21,73,82,187,86,181,68,9,45,138,126,143,160,91,18,199,12,7,173,89,46,164,4,84,122,25,23,77,57,186,170,176,72,154,49,62,95,182,139,135,191,48,50,56,92,147,67,32,61,38,165,193,28,44,125,6,88,70,71,162,20,188,144,184,8,157,78,128,101,185,76,80,100,30,134,27,195,97,58,151,175,98,1,117,2,169,142,163,158,54,120,3,136,149,107,55,14,13,111,52,148,83,129,24,150,103,105,69,159,40,116,140,99,106,194,180,178,192,109,66,145,102,110,171,0,85,104,17,53,155,146,63,31,183,65,16,190,10,130,5,39,113,43,127,179,96,141,11,114,64,79,42,119,132,75,137,133,81,153,166,189,33,35,36,22,112,93,19,87,121,51];False
3989;6532;10521;[198,29,90,41,187,60,177,47,26,161,115,152,131,59,197,123,74,37,94,118,124,168,34,108,174,196,167,15,156,21,73,82,172,86,181,68,9,45,138,126,143,160,91,18,199,12,7,173,89,46,164,4,84,122,25,23,77,57,186,170,176,72,154,49,62,95,182,139,135,191,48,50,56,92,147,67,32,61,38,165,193,28,44,125,6,88,70,71,162,20,188,144,184,8,157,78,128,101,185,76,80,100,30,134,27,195,97,58,151,175,98,1,117,2,169,142,137,158,54,120,3,136,149,107,55,14,13,111,52,148,83,129,24,150,103,105,69,159,40,116,140,99,106,194,180,178,192,109,66,145,102,110,171,0,85,104,17,53,155,146,63,31,183,65,16,190,10,130,5,39,113,43,127,179,96,141,11,114,64,79,42,119,132,75,163,133,81,153,166,189,33,35,36,22,112,93,19,87,121,51];False
3905;6551;10456;[198,29,90,41,172,60,177,47,26,161,115,152,131,59,197,123,74,37,94,118,124,168,34,108,174,196,167,15,156,21,73,82,187,86,181,68,9,45,138,126,143,160,91,18,199,12,7,173,89,46,164,4,84,122,25,23,77,57,186,170,176,72,154,49,62,95,182,139,135,191,48,50,56,92,147,67,32,61,38,165,193,28,44,125,6,88,70,71,162,20,188,144,184,8,157,78,128,101,185,76,80,100,30,134,27,195,97,58,151,175,2,1,117,98,169,142,137,158,54,120,3,136,149,107,55,14,13,111,52,148,83,129,24,150,103,105,69,159,40,116,140,99,106,194,180,178,192,109,66,145,102,110,171,0,85,104,17,53,155,146,63,31,183,65,16,190,10,130,5,39,113,43,127,179,96,141,11,114,64,79,42,119,132,75,163,133,81,153,166,189,33,35,36,22,112,93,19,87,121,51];False
3889;6554;10443;[198,29,90,41,172,60,177,47,26,161,115,152,131,59,197,123,74,37,94,118,124,168,34,108,174,196,167,15,156,21,73,82,187,86,181,68,9,45,138,126,143,160,91,18,199,12,7,173,89,46,164,4,84,122,25,23,77,57,186,170,176,72,154,49,62,95,182,139,135,191,48,50,56,92,147,67,32,61,38,165,193,28,44,125,6,88,70,71,162,20,188,144,184,8,157,78,128,101,185,76,80,100,30,134,27,195,97,58,151,175,98,1,117,2,169,142,137,158,54,120,3,136,149,107,55,14,13,111,52,148,83,129,24,150,103,105,69,159,40,116,104,99,106,194,180,178,192,109,66,145,102,110,171,0,85,140,17,53,155,146,63,31,183,65,16,190,10,130,5,39,113,43,127,179,96,141,11,114,64,79,42,119,132,75,163,133,81,153,166,189,33,35,36,22,112,93,19,87,121,51];False
3900;6551;10451;[198,29,90,41,172,60,177,47,26,161,115,152,131,59,197,123,74,37,94,118,124,168,17,108,174,196,167,15,156,21,73,82,187,86,181,68,9,45,138,126,143,160,91,18,199,12,7,173,89,46,164,4,84,122,25,23,77,57,186,170,176,72,154,49,62,95,182,139,135,191,48,50,56,92,147,67,32,61,38,165,193,28,44,125,6,88,70,71,162,20,188,144,184,8,157,78,128,101,185,76,80,100,30,134,27,2,97,58,151,175,98,1,117,195,169,142,137,158,54,120,3,136,149,107,55,14,13,111,52,148,83,129,24,150,103,105,69,159,40,116,104,99,106,194,180,178,192,109,66,145,102,110,171,0,85,140,34,53,155,146,63,31,183,65,16,190,10,130,5,39,113,43,127,179,96,141,11,114,64,79,42,119,132,75,163,133,81,153,166,189,33,35,36,22,112,93,19,87,121,51];False
3948;6540;10488;[198,29,90,41,172,60,177,47,26,161,115,152,131,59,197,123,74,37,94,118,124,168,34,108,174,196,167,15,156,21,73,82,187,86,181,68,9,45,138,126,143,160,91,18,199,12,7,173,89,46,164,4,84,122,25,23,77,57,186,170,176,72,154,49,62,95,182,139,135,191,48,50,56,92,147,67,32,61,38,165,193,28,44,125,6,88,70,71,162,20,188,144,184,8,157,78,128,101,185,76,80,100,30,134,27,2,97,58,151,175,98,1,117,195,169,142,163,158,54,120,3,136,149,107,55,14,13,111,52,148,83,129,24,150,103,105,69,159,40,116,104,99,106,194,180,178,192,109,66,145,102,110,171,0,85,140,17,53,155,146,63,31,183,65,16,190,10,130,5,39,113,43,127,179,96,141,11,114,64,79,42,119,132,75,137,133,81,153,166,189,33,35,36,22,112,93,19,87,121,51];False
3800;6576;10376;[108,29,90,41,127,60,177,47,26,161,115,152,131,59,197,123,74,37,94,118,124,168,34,198,174,196,167,15,156,21,73,82,172,86,181,68,9,45,138,126,143,160,91,18,199,12,7,173,89,46,164,4,84,122,25,23,77,57,186,170,176,72,154,49,62,95,182,139,135,191,48,50,56,92,147,67,32,61,38,165,193,28,44,125,6,88,70,71,162,20,188,144,184,8,157,78,128,101,185,76,80,100,30,134,27,2,97,58,151,175,98,1,117,195,169,142,137,158,54,120,3,136,149,107,55,14,13,111,52,148,83,129,24,150,103,105,69,159,40,116,140,99,106,194,180,178,192,10,66,145,102,110,171,0,85,104,17,53,155,146,63,31,183,65,16,190,109,130,5,39,113,43,187,179,96,141,11,114,64,79,42,119,132,75,163,133,81,153,166,189,33,35,36,22,112,93,19,87,121,51];False
3794;6583;10377;[198,174,90,41,127,60,177,47,26,161,115,152,131,59,197,123,74,37,94,118,124,168,34,108,29,196,167,15,156,21,73,82,172,86,181,68,9,45,138,126,143,160,91,18,199,12,7,173,89,46,164,4,84,122,25,23,77,57,186,170,176,72,154,49,62,95,182,139,135,191,48,50,56,92,147,67,32,61,38,165,193,28,44,125,6,88,70,71,162,20,188,144,184,8,157,78,128,101,185,76,80,100,30,134,27,2,97,58,151,175,98,1,117,195,169,142,137,158,54,120,3,136,149,107,55,14,13,111,52,148,83,129,24,150,103,105,69,159,40,116,140,99,106,194,180,178,192,10,66,145,102,110,171,0,85,104,17,53,155,146,63,31,183,65,16,190,109,130,5,39,113,43,187,179,96,141,11,114,64,79,42,119,132,75,163,133,81,153,166,189,33,35,36,22,112,93,19,87,121,51];False
3779;6574;10353;[198,29,90,41,127,60,42,47,26,161,115,152,131,59,197,123,74,37,94,118,124,168,34,108,174,196,167,15,156,21,73,82,172,86,181,68,9,45,138,126,143,160,91,18,199,12,7,173,89,46,164,4,84,122,25,23,77,57,186,170,176,72,154,49,62,95,182,139,135,191,48,50,56,92,147,67,32,61,38,165,193,28,44,125,6,88,70,71,162,20,188,144,184,8,157,78,128,101,185,76,80,100,30,134,27,2,97,58,151,175,98,1,117,195,169,142,137,158,54,120,3,136,149,107,55,14,13,111,52,148,83,129,24,150,103,105,69,159,40,116,140,99,106,194,180,178,192,10,66,145,102,110,171,0,85,104,17,53,155,146,63,31,183,65,16,190,109,130,5,39,113,43,187,179,96,141,11,114,64,79,177,119,132,75,163,133,81,153,166,189,33,35,36,22,112,93,19,87,121,51];False
3803;6573;10376;[198,29,90,41,127,60,177,47,26,161,115,152,102,59,197,123,74,37,94,118,124,168,34,108,174,196,167,15,156,21,73,82,172,86,181,68,9,45,138,126,143,160,91,18,199,12,7,173,89,46,164,4,84,122,25,23,77,57,186,170,176,72,154,49,62,95,182,139,135,191,48,50,56,92,147,67,32,61,38,165,193,28,44,125,6,88,70,71,162,20,188,144,184,8,157,78,128,101,185,76,80,100,30,134,27,2,97,58,151,175,98,1,117,195,169,142,137,158,54,120,3,136,149,107,55,14,13,111,52,148,83,129,24,150,103,105,69,159,40,116,140,99,106,194,180,178,192,10,66,145,131,110,171,0,85,104,17,53,155,146,63,31,183,65,16,190,109,130,5,39,113,43,187,179,96,141,11,114,64,79,42,119,132,75,163,133,81,153,166,189,33,35,36,22,112,93,19,87,121,51];False
3795;6573;10368;[198,29,90,41,127,60,177,47,26,161,115,152,131,122,197,123,74,37,94,118,124,168,34,108,174,196,167,15,156,21,73,82,172,86,181,68,9,45,138,126,143,160,91,18,199,12,7,173,89,46,164,4,84,59,25,23,77,57,186,170,176,72,154,49,62,95,182,139,135,191,48,50,56,92,147,67,32,61,38,165,193,28,44,125,6,88,70,71,162,20,188,144,184,8,157,78,128,101,185,76,80,100,30,134,27,2,97,58,151,175,98,1,117,195,169,142,137,158,54,120,3,136,149,107,55,14,13,111,52,148,83,129,24,150,103,105,69,159,40,116,140,99,106,194,180,178,192,10,66,145,102,110,171,0,85,104,17,53,155,146,63,31,183,65,16,190,109,130,5,39,113,43,187,179,96,141,11,114,64,79,42,119,132,75,163,133,81,153,166,189,33,35,36,22,112,93,19,87,121,51];False
3765;6587;10352;[198,29,90,41,127,60,177,47,26,161,115,152,131,59,197,168,74,37,94,118,124,123,34,108,174,196,167,15,156,21,73,82,172,86,181,68,9,45,138,126,143,160,91,18,199,12,7,173,89,46,164,4,84,122,25,23,77,57,186,170,176,72,154,49,62,95,182,139,135,191,48,50,56,92,147,67,32,61,38,165,193,28,44,125,6,88,70,71,162,20,188,144,184,8,157,78,128,101,185,76,80,100,30,134,27,2,97,58,151,175,98,1,117,195,169,142,137,158,54,120,3,136,149,107,55,14,13,111,52,148,83,129,24,150,103,105,69,159,40,116,140,99,106,194,180,178,192,10,66,145,102,110,171,0,85,104,17,53,155,146,63,31,183,65,16,190,109,130,5,39,113,43,187,179,96,141,11,114,64,79,42,119,132,75,163,133,81,153,166,189,33,35,36,22,112,93,19,87,121,51];False
3730;6599;10329;[198,29,90,41,127,60,177,47,26,161,115,152,131,59,197,123,74,37,94,118,124,168,34,108,44,196,167,15,156,21,73,82,172,86,181,68,9,45,138,126,143,160,91,18,199,12,7,173,89,46,164,4,84,122,25,23,77,57,186,170,176,72,154,49,62,95,182,139,135,191,48,50,56,92,147,67,32,61,38,165,193,28,174,125,6,88,70,71,162,20,188,144,184,8,157,78,128,101,185,76,80,100,30,134,27,2,97,58,151,175,98,1,117,195,169,142,137,158,54,120,3,136,149,107,55,14,13,111,52,148,83,129,24,150,103,105,69,159,40,116,140,99,106,194,180,178,192,10,66,145,102,110,171,0,85,104,17,53,155,146,63,31,183,65,16,190,109,130,5,39,113,43,187,179,96,141,11,114,64,79,42,119,132,75,163,133,81,153,166,189,33,35,36,22,112,93,19,87,121,51];False
3765;6585;10350;[198,29,90,41,127,60,177,47,26,161,115,152,131,59,197,123,74,37,94,118,124,168,34,108,174,125,167,15,156,21,73,82,172,86,181,68,9,45,138,126,143,160,91,18,199,12,7,173,89,46,164,4,84,122,25,23,77,57,186,170,176,72,154,49,62,95,182,139,135,191,48,50,56,92,147,67,32,61,38,165,193,28,44,196,6,88,70,71,162,20,188,144,184,8,157,78,128,101,185,76,80,100,30,134,27,2,97,58,151,175,98,1,117,195,169,142,137,158,54,120,3,136,149,107,55,14,13,111,52,148,83,129,24,150,103,105,69,159,40,116,140,99,106,194,180,178,192,10,66,145,102,110,171,0,85,104,17,53,155,146,63,31,183,65,16,190,109,130,5,39,113,43,187,179,96,141,11,114,64,79,42,119,132,75,163,133,81,153,166,189,33,35,36,22,112,93,19,87,121,51];False
3772;6582;10354;[198,29,90,41,127,60,177,47,26,161,115,152,131,59,197,123,74,37,94,118,124,168,34,108,174,196,167,15,156,21,73,82,172,86,181,68,9,45,138,126,143,160,173,18,199,12,7,91,89,46,164,4,84,122,25,23,77,57,186,170,176,72,154,49,62,95,182,139,135,191,48,50,56,92,147,67,32,61,38,165,193,28,44,125,6,88,70,71,162,20,188,144,184,8,157,78,128,101,185,76,80,100,30,134,27,2,97,58,151,175,98,1,117,195,169,142,137,158,54,120,3,136,149,107,55,14,13,111,52,148,83,129,24,150,103,105,69,159,40,116,140,99,106,194,180,178,192,10,66,145,102,110,171,0,85,104,17,53,155,146,63,31,183,65,16,190,109,130,5,39,113,43,187,179,96,141,11,114,64,79,42,119,132,75,163,133,81,153,166,189,33,35,36,22,112,93,19,87,121,51];False
3824;6562;10386;[198,29,90,41,127,60,177,47,26,161,115,152,131,59,197,123,74,37,94,118,124,168,34,108,174,196,167,15,156,21,73,82,172,86,181,68,9,45,138,126,143,160,91,18,171,12,7,173,89,46,164,4,84,122,25,23,77,57,186,170,176,72,154,49,62,95,182,139,135,191,48,50,56,92,147,67,32,61,38,165,193,28,44,125,6,88,70,71,162,20,188,144,184,8,157,78,128,101,185,76,80,100,30,134,27,2,97,58,151,175,98,1,117,195,169,142,137,158,54,120,3,136,149,107,55,14,13,111,52,148,83,129,24,150,103,105,69,159,40,116,140,99,106,194,180,178,192,10,66,145,102,110,199,0,85,104,17,53,155,146,63,31,183,65,16,190,109,130,5,39,113,43,187,179,96,141,11,114,64,79,42,119,132,75,163,133,81,153,166,189,33,35,36,22,112,93,19,87,121,51];False
3747;6584;10331;[198,29,90,41,127,60,177,47,26,161,115,152,131,59,197,123,74,37,94,118,124,168,34,108,174,196,167,15,156,21,73,82,172,86,181,68,9,45,138,126,143,160,91,18,199,12,98,173,89,46,164,4,84,122,25,23,77,57,186,170,176,72,154,49,62,95,182,139,135,191,48,50,56,92,147,67,32,61,38,165,193,28,44,125,6,88,70,71,162,20,188,144,184,8,157,78,128,101,185,76,80,100,30,134,27,2,97,58,151,175,7,1,117,195,169,142,137,158,54,120,3,136,149,107,55,14,13,111,52,148,83,129,24,150,103,105,69,159,40,116,140,99,106,194,180,178,192,10,66,145,102,110,171,0,85,104,17,53,155,146,63,31,183,65,16,190,109,130,5,39,113,43,187,179,96,141,11,114,64,79,42,119,132,75,163,133,81,153,166,189,33,35,36,22,112,93,19,87,121,51];False
3854;6561;10415;[198,29,90,41,127,60,177,47,26,161,115,152,131,59,197,123,74,37,94,118,124,168,34,108,174,196,167,15,156,21,73,82,172,86,181,68,9,45,138,126,143,160,91,18,199,12,7,173,89,46,164,4,84,122,25,23,77,57,186,170,176,72,154,49,62,98,182,139,135,191,48,50,56,92,147,67,32,61,38,165,193,28,44,125,6,88,70,71,162,20,188,144,184,8,157,78,128,101,185,76,80,100,30,134,27,2,97,58,151,175,95,1,117,195,169,142,137,158,54,120,3,136,149,107,55,14,13,111,52,148,83,129,24,150,103,105,69,159,40,116,140,99,106,194,180,178,192,10,66,145,102,110,171,0,85,104,17,53,155,146,63,31,183,65,16,190,109,130,5,39,113,43,187,179,96,141,11,114,64,79,42,119,132,75,163,133,81,153,166,189,33,35,36,22,112,93,19,87,121,51];False
3858;6558;10416;[198,29,90,41,127,60,177,47,26,161,115,152,131,59,197,123,74,37,94,118,124,168,34,108,174,196,167,15,156,21,73,82,172,86,181,68,9,45,138,126,143,160,91,18,199,12,7,173,89,46,164,4,84,122,25,23,77,57,186,170,176,72,154,49,62,95,182,139,135,191,48,50,56,92,147,67,32,38,61,165,193,28,44,125,6,88,70,71,162,20,188,144,184,8,157,78,128,101,185,76,80,100,30,134,27,2,97,58,151,175,98,1,117,195,169,142,137,158,54,120,3,136,149,107,55,14,13,111,52,148,83,129,24,150,103,105,69,159,40,116,140,99,106,194,180,178,192,10,66,145,102,110,171,0,85,104,17,53,155,146,63,31,183,65,16,190,109,130,5,39,113,43,187,179,96,141,11,114,64,79,42,119,132,75,163,133,81,153,166,189,33,35,36,22,112,93,19,87,121,51];False
3823;6561;10384;[198,29,90,41,127,60,177,47,26,161,115,152,131,59,197,123,74,37,94,118,124,168,34,108,174,196,167,15,156,21,73,82,172,86,181,68,9,45,138,126,143,160,91,18,199,12,7,173,89,46,164,4,84,122,25,23,77,57,186,170,176,72,154,49,62,95,182,139,135,191,48,50,56,92,147,67,32,61,19,165,193,28,44,125,6,88,70,71,162,20,188,144,184,8,157,78,128,101,185,76,80,100,30,134,27,2,97,58,151,175,98,1,117,195,169,142,137,158,54,120,3,136,149,107,55,14,13,111,52,148,83,129,24,150,103,105,69,159,40,116,140,99,106,194,180,178,192,10,66,145,102,110,171,0,85,104,17,53,155,146,63,31,183,65,16,190,109,130,5,39,113,43,187,179,96,141,11,114,64,79,42,119,132,75,163,133,81,153,166,189,33,35,36,22,112,93,38,87,121,51];False
3735;6591;10326;[198,29,90,41,127,60,177,47,26,161,115,152,131,59,197,123,74,37,94,118,124,168,34,108,174,196,167,15,156,21,73,82,172,86,181,68,9,45,138,126,143,160,91,18,199,12,7,173,89,46,164,4,84,122,25,23,77,57,186,170,176,72,154,49,62,95,182,139,135,191,48,50,56,92,147,67,32,61,38,165,193,28,105,125,6,88,70,71,162,20,188,144,184,8,157,78,128,101,185,76,80,100,30,134,27,2,97,58,151,175,98,1,117,195,169,142,137,158,54,120,3,136,149,107,55,14,13,111,52,148,83,129,24,150,103,44,69,159,40,116,140,99,106,194,180,178,192,10,66,145,102,110,171,0,85,104,17,53,155,146,63,31,183,65,16,190,109,130,5,39,113,43,187,179,96,141,11,114,64,79,42,119,132,75,163,133,81,153,166,189,33,35,36,22,112,93,19,87,121,51];False
3766;6582;10348;[198,29,90,41,127,60,177,47,26,161,115,152,131,59,197,123,74,37,94,118,124,168,34,108,174,196,167,15,156,21,73,82,172,86,181,68,9,45,138,126,143,160,91,18,199,12,7,173,89,46,164,4,84,122,25,23,77,57,186,170,176,72,154,49,62,95,182,139,135,191,48,50,56,92,147,67,32,61,38,165,193,28,44,125,6,88,70,71,162,20,188,144,184,8,157,78,128,101,110,76,80,100,30,134,27,2,97,58,151,175,98,1,117,195,169,142,137,158,54,120,3,136,149,107,55,14,13,111,52,148,83,129,24,150,103,105,69,159,40,116,140,99,106,194,180,178,192,10,66,145,102,185,171,0,85,104,17,53,155,146,63,31,183,65,16,190,109,130,5,39,113,43,187,179,96,141,11,114,64,79,42,119,132,75,163,133,81,153,166,189,33,35,36,22,112,93,19,87,121,51];False
3770;6573;10343;[198,29,90,41,127,60,177,47,26,161,115,152,131,59,197,123,74,37,94,118,124,168,34,108,174,196,167,15,156,21,73,82,172,86,181,68,9,45,138,126,143,160,91,18,199,12,7,173,89,46,164,4,84,122,25,23,77,57,186,170,176,72,154,49,62,95,182,139,135,191,48,50,56,92,147,67,32,61,38,165,193,28,44,125,6,88,70,71,162,20,188,144,184,8,157,78,128,101,185,76,80,100,30,134,27,195,97,58,151,175,98,1,117,2,169,142,137,158,54,120,3,136,149,107,55,14,13,111,52,148,83,129,24,150,103,105,69,159,40,116,140,99,106,194,180,178,192,10,66,145,102,110,171,0,85,104,17,53,155,146,63,31,183,65,16,190,109,130,5,39,113,43,187,179,96,141,11,114,64,79,42,119,132,75,163,133,81,153,166,189,33,35,36,22,112,93,19,87,121,51];False
3916;6545;10461;[198,29,90,41,127,60,177,47,26,161,115,152,131,59,197,123,74,37,94,118,124,168,34,108,174,196,167,15,156,21,73,82,172,86,181,68,9,45,138,126,143,160,91,18,199,12,7,173,89,46,164,4,84,122,25,23,77,57,186,170,176,72,154,49,62,95,182,139,135,191,48,50,56,92,147,67,32,61,38,165,193,28,44,125,6,88,70,71,162,20,188,144,184,8,157,78,128,101,185,76,80,100,30,134,27,2,97,58,151,175,98,1,117,113,169,142,137,158,54,120,3,136,149,107,55,14,13,111,52,148,83,129,24,150,103,105,69,159,40,116,140,99,106,194,180,178,192,10,66,145,102,110,171,0,85,104,17,53,155,146,63,31,183,65,16,190,109,130,5,39,195,43,187,179,96,141,11,114,64,79,42,119,132,75,163,133,81,153,166,189,33,35,36,22,112,93,19,87,121,51];False
3829;6559;10388;[198,29,90,41,127,60,177,47,26,161,115,152,131,59,197,123,74,37,94,118,124,168,34,108,174,196,167,15,156,21,73,82,172,86,181,68,9,45,138,126,143,160,91,18,199,12,7,173,89,46,164,4,84,122,25,23,77,57,186,170,176,72,154,49,62,95,182,139,135,191,48,50,56,92,147,67,32,61,38,165,193,28,44,125,6,88,70,71,162,20,188,144,184,8,157,78,128,101,185,76,80,100,30,134,27,2,97,58,151,175,98,1,117,195,169,142,163,158,54,120,3,136,149,107,55,14,13,111,52,148,83,129,24,150,103,105,69,159,40,116,140,99,106,194,180,178,192,10,66,145,102,110,171,0,85,104,17,53,155,146,63,31,183,65,16,190,109,130,5,39,113,43,187,179,96,141,11,114,64,79,42,119,132,75,137,133,81,153,166,189,33,35,36,22,112,93,19,87,121,51];False
3712;6599;10311;[198,29,90,41,127,60,177,47,26,161,115,152,131,59,197,123,74,37,94,118,124,168,34,108,174,196,167,15,156,21,73,82,172,86,181,68,9,45,138,126,143,160,91,18,199,12,7,173,89,46,164,4,84,122,25,23,77,57,186,170,176,72,154,49,62,95,182,139,135,191,48,50,56,92,147,67,32,61,38,165,193,28,44,125,6,88,70,71,162,20,188,144,184,8,157,78,128,101,185,76,80,100,30,134,27,2,97,58,151,175,98,1,117,195,169,142,137,158,54,120,3,136,149,107,55,14,13,111,112,148,83,129,24,150,103,105,69,159,40,116,140,99,106,194,180,178,192,10,66,145,102,110,171,0,85,104,17,53,155,146,63,31,183,65,16,190,109,130,5,39,113,43,187,179,96,141,11,114,64,79,42,119,132,75,163,133,81,153,166,189,33,35,36,22,52,93,19,87,121,51];False
3735;6588;10323;[198,29,90,41,127,60,177,47,26,161,115,152,131,59,197,123,74,37,94,118,124,168,34,108,174,196,167,15,156,21,73,82,172,86,181,68,9,45,138,126,143,160,91,18,199,12,7,173,89,46,164,4,84,122,25,23,77,57,186,170,176,72,154,49,62,95,182,139,135,191,48,50,56,92,147,67,32,61,38,165,193,28,44,125,6,88,70,71,162,20,188,144,184,8,157,78,128,101,185,76,80,100,30,134,27,2,97,58,151,175,98,1,117,195,169,142,137,158,54,120,3,136,149,107,55,14,13,111,52,148,83,129,24,150,103,140,69,159,40,116,105,99,106,194,180,178,192,10,66,145,102,110,171,0,85,104,17,53,155,146,63,31,183,65,16,190,109,130,5,39,113,43,187,179,96,141,11,114,64,79,42,119,132,75,163,133,81,153,166,189,33,35,36,22,112,93,19,87,121,51];False
3780;6571;10351;[198,29,90,41,127,60,177,47,26,161,115,152,131,59,197,123,74,37,94,118,124,168,34,108,174,196,167,15,156,21,73,82,172,86,181,68,9,45,138,126,143,160,91,18,199,12,7,173,89,46,164,4,84,122,25,23,77,57,186,170,176,72,154,49,62,95,182,139,135,191,48,50,56,92,147,67,32,61,38,165,193,28,44,125,6,88,70,71,162,20,188,144,184,8,157,78,128,101,185,76,80,100,30,134,27,2,97,58,151,175,98,1,117,195,169,142,137,158,54,120,3,136,149,107,55,14,13,111,52,148,83,129,24,150,103,105,69,159,40,116,104,99,106,194,180,178,192,10,66,145,102,110,171,0,85,140,17,53,155,146,63,31,183,65,16,190,109,130,5,39,113,43,187,179,96,141,11,114,64,79,42,119,132,75,163,133,81,153,166,189,33,35,36,22,112,93,19,87,121,51];False
3859;6550;10409;[198,29,90,41,127,60,177,47,26,161,115,152,131,59,197,123,74,37,94,118,124,168,34,108,174,196,167,15,156,21,73,82,172,86,181,68,9,45,138,126,143,160,91,18,199,12,7,173,89,46,164,4,84,122,25,23,77,57,186,170,176,72,154,49,62,95,182,139,135,191,48,50,56,92,147,67,32,61,38,165,193,28,44,125,6,88,70,71,162,20,188,144,184,8,157,78,128,101,185,76,80,100,30,134,27,2,97,58,151,175,98,1,117,195,169,142,137,158,54,120,3,136,149,107,55,14,13,111,52,148,83,129,24,150,103,105,69,159,40,116,140,99,106,194,180,178,192,109,66,145,102,110,171,0,85,104,17,53,155,146,63,31,183,65,16,190,10,130,5,39,113,43,187,179,96,141,11,114,64,79,42,119,132,75,163,133,81,153,166,189,33,35,36,22,112,93,19,87,121,51];False
3947;6538;10485;[198,29,90,41,187,179,177,47,26,161,115,152,131,59,197,123,74,37,94,118,124,168,34,108,174,196,167,15,156,21,73,82,172,86,181,68,9,45,138,126,143,160,91,18,199,12,7,173,89,46,164,4,84,122,25,23,77,57,186,170,176,72,154,49,62,95,182,139,135,191,48,50,56,92,147,67,32,61,38,165,193,28,44,125,6,88,70,71,162,20,188,144,184,8,157,78,128,101,185,76,80,100,30,134,27,2,97,58,151,175,98,1,117,195,169,142,137,158,54,120,3,136,149,107,55,14,13,111,52,148,83,129,24,150,103,105,69,159,40,116,140,99,106,194,180,178,192,109,66,145,102,110,171,0,85,104,17,53,155,146,63,31,183,65,16,190,10,130,5,39,113,43,127,60,96,141,11,114,64,79,42,119,132,75,163,133,81,153,166,189,33,35,36,22,112,93,19,87,121,51];False
4042;6520;10562;[198,29,90,41,187,60,177,47,26,161,115,152,131,59,197,123,74,37,94,118,124,168,34,108,174,196,167,15,156,21,73,82,172,86,181,68,9,45,138,126,143,160,91,18,199,12,7,173,89,46,164,4,84,122,25,23,77,57,186,170,176,72,154,49,62,95,182,139,135,191,48,50,56,92,147,67,32,61,19,165,193,28,44,125,6,88,70,71,162,20,188,144,184,8,157,78,128,101,185,76,80,100,30,134,27,2,97,58,151,175,98,1,117,195,169,142,137,158,54,120,3,136,149,107,55,14,13,111,52,148,83,129,24,150,103,105,69,159,40,116,140,99,106,194,180,178,192,109,66,145,102,110,171,0,85,104,17,53,155,146,63,31,183,65,16,190,10,130,5,39,113,43,127,179,96,141,11,114,64,79,42,119,132,75,163,133,81,153,166,189,33,35,36,22,112,93,38,87,121,51];False
4048;6518;10566;[198,29,90,41,187,60,177,47,26,161,115,152,131,59,197,123,74,37,94,118,124,168,34,108,174,196,167,15,156,21,73,82,172,86,181,68,9,45,138,126,143,160,91,18,199,12,7,173,89,46,164,4,84,122,25,23,77,57,186,170,176,72,154,49,62,95,182,139,135,191,48,50,56,92,147,67,32,61,38,165,193,28,44,125,6,88,70,71,162,20,188,144,184,8,157,78,128,101,185,76,80,100,30,134,27,2,97,58,151,175,98,1,117,195,169,142,163,158,54,120,3,136,149,107,55,14,13,111,52,148,83,129,24,150,103,105,69,159,40,116,140,99,106,194,180,178,192,109,66,145,102,110,171,0,85,104,17,53,155,146,63,31,183,65,16,190,10,130,5,39,113,43,127,179,96,141,11,114,64,79,42,119,132,75,137,133,81,153,166,189,33,35,36,22,112,93,19,87,121,51];False
3991;6530;10521;[198,29,90,41,172,60,177,47,26,161,115,152,131,59,197,123,74,37,94,118,124,168,34,108,174,196,167,15,156,21,73,82,187,86,181,68,9,45,138,126,143,160,91,18,199,12,7,173,89,46,164,4,84,122,25,23,77,57,186,170,176,72,154,49,62,95,182,139,135,191,48,50,56,92,147,67,32,61,19,165,193,28,44,125,6,88,70,71,162,20,188,144,184,8,157,78,128,101,185,76,80,100,30,134,27,2,97,58,151,175,98,1,117,195,169,142,163,158,54,120,3,136,149,107,55,14,13,111,52,148,83,129,24,150,103,105,69,159,40,116,140,99,106,194,180,178,192,109,66,145,102,110,171,0,85,104,17,53,155,146,63,31,183,65,16,190,10,130,5,39,113,43,127,179,96,141,11,114,64,79,42,119,132,75,137,133,81,153,166,189,33,35,36,22,112,93,38,87,121,51];False
4084;6514;10598;[198,29,90,41,172,60,177,47,26,161,115,152,131,59,197,123,74,37,94,118,124,168,34,108,174,196,167,15,156,21,73,82,187,86,181,68,9,45,138,126,143,160,91,18,199,12,7,173,89,46,164,4,84,122,25,23,77,57,186,170,176,72,154,49,62,95,182,139,135,191,48,50,56,92,147,67,32,61,38,165,193,28,44,125,6,88,70,71,162,20,188,144,184,8,157,78,128,101,185,76,80,100,30,134,27,2,97,58,151,175,98,1,117,113,169,142,163,158,54,120,3,136,149,107,55,14,13,111,52,148,83,129,24,150,103,105,69,159,40,116,140,99,106,194,180,178,192,109,66,145,102,110,171,0,85,104,17,53,155,146,63,31,183,65,16,190,10,130,5,39,195,43,127,179,96,141,11,114,64,79,42,119,132,75,137,133,81,153,166,189,33,35,36,22,112,93,19,87,121,51];False
4188;6496;10684;[198,29,90,41,187,60,179,47,26,161,115,152,131,59,197,123,74,37,94,118,124,168,34,108,174,196,167,15,156,21,73,82,172,86,181,68,9,45,138,126,143,160,91,18,199,12,7,173,89,46,164,4,84,122,25,23,77,57,186,170,176,72,154,49,62,95,182,139,135,191,48,50,56,92,147,67,32,61,19,165,193,28,44,125,6,88,70,71,162,20,188,144,184,8,157,78,128,101,185,76,80,100,30,134,27,2,97,58,151,175,98,1,117,113,169,142,163,158,54,120,3,136,149,107,55,14,13,111,52,148,83,129,24,150,103,105,69,159,40,116,140,99,106,194,180,178,192,109,66,145,102,110,171,0,85,104,17,53,155,146,63,31,183,65,16,190,10,130,5,39,195,43,127,42,96,141,11,114,64,79,177,119,132,75,137,133,81,153,166,189,33,35,36,22,112,93,38,87,121,51];False
4653;6432;11085;[198,29,90,41,187,60,179,47,26,161,115,152,163,122,197,123,74,37,94,118,124,168,34,108,174,196,167,15,156,21,73,82,172,86,181,68,9,45,138,126,143,160,91,18,171,195,7,173,89,46,164,4,84,59,25,23,77,57,186,170,176,72,154,49,39,95,182,139,135,191,48,50,56,92,147,67,32,38,87,165,193,28,44,125,6,88,70,71,162,20,188,61,184,8,157,78,128,101,185,76,80,100,30,134,27,2,97,58,158,62,98,1,117,113,169,142,131,110,54,120,3,136,149,107,55,14,13,111,52,148,83,129,24,150,103,105,69,159,40,116,140,99,106,194,180,178,192,109,66,145,102,151,199,0,85,104,17,53,155,146,63,31,183,65,16,190,10,130,5,175,12,43,127,79,42,141,11,114,64,96,177,119,132,75,137,133,81,153,166,189,33,35,36,22,112,93,19,144,121,51];False
4634;6431;11065;[198,29,90,41,187,60,179,47,26,161,115,152,163,59,197,123,74,37,94,118,124,168,34,108,174,196,167,15,156,21,73,82,172,86,181,68,9,45,138,126,143,160,91,18,171,195,7,173,89,46,164,4,84,122,25,23,77,57,186,39,176,72,154,49,170,95,182,139,135,191,48,50,56,92,147,67,32,38,87,165,193,28,44,125,6,88,70,71,162,20,188,61,184,8,157,78,128,101,185,76,80,100,30,134,27,2,97,58,158,62,98,1,117,113,169,142,131,110,54,120,3,136,149,107,55,14,13,111,52,148,83,129,24,150,103,105,69,159,40,116,140,99,106,194,180,178,192,109,66,145,102,151,199,0,85,104,17,53,155,146,63,31,183,65,16,190,10,130,5,175,12,43,127,79,42,141,11,114,64,96,177,119,132,75,137,133,81,153,166,189,33,35,36,22,112,93,19,144,121,51];False
4709;6419;11128;[198,29,90,41,187,60,179,47,26,161,115,152,163,59,197,123,74,37,94,118,124,168,34,108,174,196,167,15,156,21,73,82,172,86,181,68,9,45,138,126,143,160,91,18,171,195,7,173,89,46,164,4,84,122,25,23,77,57,186,170,176,72,154,49,39,98,182,139,135,191,48,50,56,92,147,67,32,38,87,165,193,28,44,125,6,88,70,71,162,20,188,61,184,8,157,78,128,101,185,76,80,100,30,134,27,2,97,58,158,62,95,1,117,113,169,142,131,110,54,120,3,136,149,107,55,14,13,111,52,148,83,129,24,150,103,105,69,159,40,116,140,99,106,194,180,178,192,109,66,145,102,151,199,0,85,104,17,53,155,146,63,31,183,65,16,190,10,130,5,175,12,43,127,79,42,141,11,114,64,96,177,119,132,75,137,133,81,153,166,189,33,35,36,22,112,93,19,144,121,51];False
4900;6401;11301;[198,29,90,41,187,60,179,47,26,161,115,152,163,59,197,123,74,37,94,118,124,168,34,108,174,196,167,15,156,21,73,82,172,86,181,68,9,45,138,126,143,160,91,18,171,195,7,173,89,144,164,4,84,122,25,23,77,57,186,170,176,3,154,49,39,95,182,139,135,191,48,50,56,92,147,67,32,38,87,165,193,28,44,125,6,88,70,71,162,20,188,61,184,8,72,78,128,101,185,76,80,100,30,134,27,2,97,58,158,62,98,1,117,113,169,142,131,110,54,120,157,136,149,107,55,14,13,111,52,148,83,129,24,150,103,105,69,159,40,116,140,99,106,194,180,178,192,109,66,145,102,151,199,0,85,104,17,53,155,146,63,31,183,65,16,190,10,130,5,175,12,43,127,79,42,141,11,114,64,96,177,119,132,75,137,133,81,153,166,189,33,35,36,22,112,93,19,46,121,51];False
4726;6418;11144;[198,29,90,41,187,60,179,47,26,161,115,152,163,59,197,123,74,37,94,118,124,168,34,108,174,196,167,15,156,21,73,82,172,86,181,68,9,45,138,126,143,160,91,18,171,195,7,173,89,144,164,4,84,122,25,23,77,57,186,39,176,72,154,49,170,98,182,139,135,191,48,50,56,92,147,67,32,38,87,165,193,28,44,125,6,88,70,71,162,20,188,61,184,8,157,78,128,101,185,76,80,100,30,134,27,2,97,58,158,62,95,1,117,113,169,142,131,110,54,120,3,136,149,107,55,14,13,111,52,148,83,129,24,150,103,105,69,159,40,116,140,99,106,194,180,178,192,109,66,145,102,151,199,0,85,104,17,53,155,146,63,31,183,65,16,190,10,130,5,175,12,43,127,79,42,141,11,114,64,96,177,119,132,75,137,133,81,153,166,189,33,35,36,22,112,93,19,46,121,51];False
4688;6417;11105;[198,29,90,41,187,60,179,47,26,161,115,152,163,59,197,123,74,37,94,118,124,168,34,108,174,196,167,15,156,21,73,82,172,86,181,68,9,45,138,126,143,160,91,18,171,195,7,173,89,144,164,4,84,122,25,23,77,57,186,170,176,72,154,49,76,98,182,139,135,191,48,50,56,92,147,67,32,38,87,165,193,28,44,125,6,88,70,71,162,20,188,61,184,8,157,78,128,101,185,39,80,100,30,134,27,2,97,58,158,62,95,1,117,113,169,142,131,110,54,120,3,136,149,107,55,14,13,111,52,148,83,129,24,150,103,105,69,159,40,116,140,99,106,194,180,178,192,109,66,145,102,151,199,0,85,104,17,53,155,146,63,31,183,65,16,190,10,130,5,175,12,43,127,79,42,141,11,114,64,96,177,119,132,75,137,133,81,153,166,189,33,35,36,22,112,93,19,46,121,51];False
4887;6402;11289;[198,29,90,41,187,60,179,47,26,161,115,152,163,59,197,123,74,37,94,118,124,168,34,108,174,196,167,15,156,21,73,82,172,86,181,68,9,45,138,126,143,160,91,18,171,195,7,173,89,144,164,4,84,122,25,23,77,57,186,170,176,72,154,49,39,98,182,139,135,188,48,50,56,92,147,67,32,38,87,165,193,28,44,125,6,88,70,71,162,20,191,61,184,8,157,78,128,101,185,76,80,100,30,134,27,2,97,58,158,62,95,1,117,113,169,142,131,110,54,120,3,136,149,107,55,14,13,111,52,148,83,129,24,150,103,105,69,159,40,116,140,99,106,194,180,178,192,109,66,145,102,151,199,0,85,104,17,53,155,146,63,31,183,65,16,190,10,130,5,175,12,43,127,79,42,141,11,114,64,96,177,119,132,75,137,133,81,153,166,189,33,35,36,22,112,93,19,46,121,51];False
4863;6406;11269;[198,29,90,41,187,60,179,47,26,161,115,152,163,59,197,123,74,37,94,118,124,168,34,108,174,196,167,15,156,21,73,82,172,86,181,68,9,45,138,126,143,160,91,18,171,195,7,173,89,144,164,4,84,122,25,23,77,57,186,170,176,72,154,49,39,98,182,139,135,191,48,50,56,92,147,67,32,38,87,165,193,28,44,125,6,88,70,71,162,20,188,61,184,8,157,78,128,101,185,76,80,131,30,134,27,2,97,58,158,62,95,1,117,113,169,142,100,110,54,120,3,136,149,107,55,14,13,111,52,148,83,129,24,150,103,105,69,159,40,116,140,99,106,194,180,178,192,109,66,145,102,151,199,0,85,104,17,53,155,146,63,31,183,65,16,190,10,130,5,175,12,43,127,79,42,141,11,114,64,96,177,119,132,75,137,133,81,153,166,189,33,35,36,22,112,93,19,46,121,51];False
4886;6405;11291;[198,29,90,41,187,60,179,47,26,161,115,152,163,59,197,123,74,37,94,118,124,168,34,108,174,196,167,15,156,21,73,82,172,86,181,68,9,45,138,126,143,160,91,18,171,195,7,173,89,144,164,4,84,122,25,23,77,57,186,170,176,72,154,49,39,98,182,139,135,191,48,50,56,92,147,67,32,38,87,165,193,28,44,125,6,88,70,71,162,20,188,61,184,8,157,78,128,101,185,76,80,100,30,134,27,2,97,58,158,62,95,1,117,113,169,142,131,110,54,120,3,136,149,107,55,14,13,111,52,148,83,129,189,150,103,105,69,159,40,116,140,99,106,194,180,178,192,109,66,145,102,151,199,0,85,104,17,53,155,146,63,31,183,65,16,190,10,130,5,175,12,43,127,79,42,141,11,114,64,96,177,119,132,75,137,133,81,153,166,24,33,35,36,22,112,93,19,46,121,51];False
4013;6527;10540;[198,29,90,41,187,60,177,47,26,161,115,152,131,59,197,123,74,37,94,118,124,168,34,108,174,196,167,15,156,21,73,82,172,86,181,68,9,45,138,126,143,160,91,18,199,12,7,173,89,46,164,4,84,122,25,23,77,57,186,170,176,72,154,49,62,95,182,139,135,191,48,50,56,92,147,67,32,61,38,165,193,28,44,125,6,88,70,71,162,20,188,144,184,8,157,78,128,101,185,76,80,100,30,134,27,195,97,58,151,175,98,1,117,2,169,142,163,158,54,120,3,136,149,107,55,14,13,111,52,148,83,129,24,150,103,105,69,159,40,116,140,99,106,194,180,178,192,109,66,145,102,110,171,0,85,104,17,53,155,146,63,31,183,65,16,190,10,130,5,39,113,43,127,179,96,141,11,114,64,79,42,119,132,75,137,133,81,153,166,189,33,35,36,22,112,93,19,87,121,51];False
3824;6559;10383;[198,29,90,41,127,60,177,47,26,161,115,152,131,59,197,123,74,37,94,118,124,168,34,108,174,196,167,15,156,21,73,82,172,86,181,68,9,45,138,126,143,160,91,18,199,12,7,173,89,46,164,4,84,122,25,23,77,57,186,170,176,72,154,49,62,95,182,139,135,191,48,50,56,92,147,67,32,61,38,165,193,28,44,125,6,88,70,71,162,20,188,144,184,8,157,78,128,101,185,76,80,100,30,134,27,195,97,58,151,175,98,1,117,2,169,142,137,158,54,120,3,136,149,107,55,14,13,111,52,148,83,129,24,150,103,105,69,159,40,116,140,99,106,194,180,178,192,109,66,145,102,110,171,0,85,104,17,53,155,146,63,31,183,65,16,190,10,130,5,39,113,43,187,179,96,141,11,114,64,79,42,119,132,75,163,133,81,153,166,189,33,35,36,22,112,93,19,87,121,51];False
3912;6547;10459;[198,29,90,41,187,179,177,47,26,161,115,152,131,59,197,123,74,37,94,118,124,168,34,108,174,196,167,15,156,21,73,82,172,86,181,68,9,45,138,126,143,160,91,18,199,12,7,173,89,46,164,4,84,122,25,23,77,57,186,170,176,72,154,49,62,95,182,139,135,191,48,50,56,92,147,67,32,61,38,165,193,28,44,125,6,88,70,71,162,20,188,144,184,8,157,78,128,101,185,76,80,100,30,134,27,195,97,58,151,175,98,1,117,2,169,142,137,158,54,120,3,136,149,107,55,14,13,111,52,148,83,129,24,150,103,105,69,159,40,116,140,99,106,194,180,178,192,109,66,145,102,110,171,0,85,104,17,53,155,146,63,31,183,65,16,190,10,130,5,39,113,43,127,60,96,141,11,114,64,79,42,119,132,75,163,133,81,153,166,189,33,35,36,22,112,93,19,87,121,51];False
3721;6594;10315;[198,29,90,41,127,60,42,47,26,161,115,152,131,59,197,123,74,37,94,118,124,168,34,108,174,196,167,15,156,21,73,82,172,86,181,68,9,45,138,126,143,160,91,18,199,12,98,173,89,46,164,4,84,122,25,23,77,57,186,170,176,72,154,49,62,95,182,139,135,191,48,50,56,92,147,67,32,61,38,165,193,28,44,125,6,88,70,71,162,20,188,144,184,8,157,78,128,101,185,76,80,100,30,134,27,2,97,58,151,175,7,1,117,195,169,142,137,158,54,120,3,136,149,107,55,14,13,111,52,148,83,129,24,150,103,105,69,159,40,116,140,99,106,194,180,178,192,10,66,145,102,110,171,0,85,104,17,53,155,146,63,31,183,65,16,190,109,130,5,39,113,43,187,179,96,141,11,114,64,79,177,119,132,75,163,133,81,153,166,189,33,35,36,22,112,93,19,87,121,51];False
3707;6605;10312;[198,29,90,41,127,60,177,47,26,161,115,152,131,59,197,123,74,37,94,118,124,168,34,108,174,125,167,15,156,21,73,82,172,86,181,68,9,45,138,126,143,160,91,18,199,12,98,173,89,46,164,4,84,122,25,23,77,57,186,170,176,72,154,49,62,95,182,139,135,191,48,50,56,92,147,67,32,61,38,165,193,28,44,196,6,88,70,71,162,20,188,144,184,8,157,78,128,101,185,76,80,100,30,134,27,2,97,58,151,175,7,1,117,195,169,142,137,158,54,120,3,136,149,107,55,14,13,111,52,148,83,129,24,150,103,105,69,159,40,116,140,99,106,194,180,178,192,10,66,145,102,110,171,0,85,104,17,53,155,146,63,31,183,65,16,190,109,130,5,39,113,43,187,179,96,141,11,114,64,79,42,119,132,75,163,133,81,153,166,189,33,35,36,22,112,93,19,87,121,51];False
3720;6586;10306;[198,29,90,41,127,60,177,47,26,161,115,152,131,59,197,123,74,37,94,118,124,168,34,108,174,196,167,15,156,21,73,82,172,86,181,68,9,45,138,126,143,160,173,18,199,12,98,91,89,46,164,4,84,122,25,23,77,57,186,170,176,72,154,49,62,95,182,139,135,191,48,50,56,92,147,67,32,61,38,165,193,28,44,125,6,88,70,71,162,20,188,144,184,8,157,78,128,101,185,76,80,100,30,134,27,2,97,58,151,175,7,1,117,195,169,142,137,158,54,120,3,136,149,107,55,14,13,111,52,148,83,129,24,150,103,105,69,159,40,116,140,99,106,194,180,178,192,10,66,145,102,110,171,0,85,104,17,53,155,146,63,31,183,65,16,190,109,130,5,39,113,43,187,179,96,141,11,114,64,79,42,119,132,75,163,133,81,153,166,189,33,35,36,22,112,93,19,87,121,51];False
3765;6581;10346;[198,29,90,41,127,60,177,47,26,161,115,152,131,59,197,123,74,37,94,118,124,168,34,108,174,196,167,15,156,21,73,82,172,86,181,68,9,45,138,126,143,160,91,18,199,12,98,173,89,46,164,4,84,122,25,23,77,57,186,170,176,72,154,49,62,95,182,139,135,191,48,50,56,92,147,67,32,61,19,165,193,28,44,125,6,88,70,71,162,20,188,144,184,8,157,78,128,101,185,76,80,100,30,134,27,2,97,58,151,175,7,1,117,195,169,142,137,158,54,120,3,136,149,107,55,14,13,111,52,148,83,129,24,150,103,105,69,159,40,116,140,99,106,194,180,178,192,10,66,145,102,110,171,0,85,104,17,53,155,146,63,31,183,65,16,190,109,130,5,39,113,43,187,179,96,141,11,114,64,79,42,119,132,75,163,133,81,153,166,189,33,35,36,22,112,93,38,87,121,51];False
3677;6611;10288;[198,29,90,41,127,60,177,47,26,161,115,152,131,59,197,123,74,37,94,118,124,168,34,108,174,196,167,15,156,21,73,82,172,86,181,68,9,45,138,126,143,160,91,18,199,12,98,173,89,46,164,4,84,122,25,23,77,57,186,170,176,72,154,49,62,95,182,139,135,191,48,50,56,92,147,67,32,61,38,165,193,28,105,125,6,88,70,71,162,20,188,144,184,8,157,78,128,101,185,76,80,100,30,134,27,2,97,58,151,175,7,1,117,195,169,142,137,158,54,120,3,136,149,107,55,14,13,111,52,148,83,129,24,150,103,44,69,159,40,116,140,99,106,194,180,178,192,10,66,145,102,110,171,0,85,104,17,53,155,146,63,31,183,65,16,190,109,130,5,39,113,43,187,179,96,141,11,114,64,79,42,119,132,75,163,133,81,153,166,189,33,35,36,22,112,93,19,87,121,51];False
3696;6601;10297;[198,29,90,41,127,60,177,47,26,161,115,152,131,59,197,123,74,37,94,118,124,168,34,108,174,196,167,15,156,21,73,82,172,86,181,68,9,45,138,126,143,160,91,18,199,12,98,173,89,46,164,4,84,122,25,23,77,57,186,170,176,72,154,49,62,95,182,139,135,191,48,50,56,92,147,67,32,61,38,165,193,28,44,125,7,88,70,71,162,20,188,144,184,8,157,78,128,101,185,76,80,100,30,134,27,2,97,58,151,175,6,1,117,195,169,142,137,158,54,120,3,136,149,107,55,14,13,111,52,148,83,129,24,150,103,105,69,159,40,116,140,99,106,194,180,178,192,10,66,145,102,110,171,0,85,104,17,53,155,146,63,31,183,65,16,190,109,130,5,39,113,43,187,179,96,141,11,114,64,79,42,119,132,75,163,133,81,153,166,189,33,35,36,22,112,93,19,87,121,51];False
3712;6593;10305;[198,29,90,41,127,60,177,47,26,161,115,152,131,59,197,123,74,37,94,118,124,168,34,108,174,196,167,15,156,21,73,82,172,86,181,68,9,45,138,126,143,160,91,18,199,12,98,173,89,46,164,4,84,122,25,23,77,57,186,170,176,72,154,49,62,95,182,139,135,191,48,50,56,92,147,67,32,61,38,165,193,28,44,125,6,88,70,71,162,20,188,144,184,8,157,78,128,101,185,76,80,100,30,134,27,195,97,58,151,175,7,1,117,2,169,142,137,158,54,120,3,136,149,107,55,14,13,111,52,148,83,129,24,150,103,105,69,159,40,116,140,99,106,194,180,178,192,10,66,145,102,110,171,0,85,104,17,53,155,146,63,31,183,65,16,190,109,130,5,39,113,43,187,179,96,141,11,114,64,79,42,119,132,75,163,133,81,153,166,189,33,35,36,22,112,93,19,87,121,51];False
3748;6583;10331;[198,29,90,41,127,60,177,47,26,161,115,152,131,59,197,123,74,37,94,118,124,168,34,108,174,196,167,15,156,21,73,82,172,86,181,68,9,45,138,126,143,160,91,18,199,12,98,173,89,46,164,4,84,122,25,23,77,57,186,170,176,72,154,49,62,95,182,139,135,191,48,50,56,92,147,67,32,61,38,165,193,28,44,125,6,88,70,71,162,20,188,144,184,8,157,78,128,101,185,76,80,100,30,134,27,2,97,58,175,151,7,1,117,195,169,142,137,158,54,120,3,136,149,107,55,14,13,111,52,148,83,129,24,150,103,105,69,159,40,116,140,99,106,194,180,178,192,10,66,145,102,110,171,0,85,104,17,53,155,146,63,31,183,65,16,190,109,130,5,39,113,43,187,179,96,141,11,114,64,79,42,119,132,75,163,133,81,153,166,189,33,35,36,22,112,93,19,87,121,51];False
3677;6608;10285;[198,29,90,41,127,60,177,47,26,161,115,152,131,59,197,123,74,37,94,118,124,168,34,108,174,196,167,15,156,21,73,82,172,86,181,68,9,45,138,126,143,160,91,18,199,12,98,173,89,46,164,4,84,122,25,23,77,57,186,170,176,72,154,49,62,95,182,139,135,191,48,50,56,92,147,67,32,61,38,165,193,28,44,125,6,88,70,71,162,20,188,144,184,8,157,78,128,101,185,76,80,100,30,134,27,2,97,58,151,175,7,1,117,195,169,142,137,158,54,120,3,136,149,107,55,14,13,111,52,148,83,129,24,150,103,140,69,159,40,116,105,99,106,194,180,178,192,10,66,145,102,110,171,0,85,104,17,53,155,146,63,31,183,65,16,190,109,130,5,39,113,43,187,179,96,141,11,114,64,79,42,119,132,75,163,133,81,153,166,189,33,35,36,22,112,93,19,87,121,51];False
3801;6570;10371;[198,29,90,41,127,60,177,47,26,161,115,152,131,59,197,123,74,37,94,118,124,168,34,108,174,196,167,15,156,21,73,82,172,86,181,68,9,45,138,126,143,160,91,18,199,12,98,173,89,46,164,4,84,122,25,23,77,57,186,170,176,72,154,49,62,95,182,139,135,191,48,50,56,92,147,67,32,61,38,165,193,28,44,125,6,88,70,71,162,20,188,144,184,8,157,78,128,101,185,76,80,100,30,134,27,2,97,58,151,175,7,1,117,195,169,142,137,158,54,120,3,136,149,107,55,14,13,111,52,148,83,129,24,150,103,105,69,159,40,116,140,99,106,194,180,178,192,109,66,145,102,110,171,0,85,104,17,53,155,146,63,31,183,65,16,190,10,130,5,39,113,43,187,179,96,141,11,114,64,79,42,119,132,75,163,133,81,153,166,189,33,35,36,22,112,93,19,87,121,51];False
3800;6566;10366;[198,29,90,41,127,60,177,47,26,161,115,152,131,59,197,123,74,37,94,118,124,168,34,108,174,196,167,15,156,21,73,82,172,86,181,68,61,45,138,126,143,160,91,18,199,12,7,173,89,46,164,4,84,122,25,23,77,57,186,170,176,72,154,49,62,95,182,139,135,191,48,50,56,92,147,67,32,38,9,165,193,28,44,125,6,88,70,71,162,20,188,144,184,8,157,78,128,101,185,76,80,100,30,134,27,2,97,58,151,175,98,1,117,195,169,142,137,158,54,120,3,136,149,107,55,14,13,111,52,148,83,129,24,150,103,105,69,159,40,116,140,99,106,194,180,178,192,10,66,145,102,110,171,0,85,104,17,53,155,146,63,31,183,65,16,190,109,130,5,39,113,43,187,179,96,141,11,114,64,79,42,119,132,75,163,133,81,153,166,189,33,35,36,22,112,93,19,87,121,51];False
3912;6544;10456;[198,29,90,41,127,60,177,47,26,161,115,152,131,59,197,123,74,37,94,118,124,168,34,108,174,196,167,15,156,21,73,82,172,86,181,68,9,45,138,126,143,160,91,18,199,12,7,173,89,46,164,4,84,122,25,23,77,57,186,170,176,72,154,49,62,95,182,139,135,191,48,50,56,92,147,67,32,38,61,165,193,28,44,125,6,88,70,71,162,20,188,144,184,8,157,78,128,101,185,76,80,100,30,134,27,2,97,58,151,175,98,1,117,195,169,142,137,158,54,120,3,136,149,107,55,14,13,111,52,148,83,129,24,150,103,105,69,159,40,116,140,99,106,194,180,178,192,109,66,145,102,110,171,0,85,104,17,53,155,146,63,31,183,65,16,190,10,130,5,39,113,43,187,179,96,141,11,114,64,79,42,119,132,75,163,133,81,153,166,189,33,35,36,22,112,93,19,87,121,51];False
3788;6570;10358;[198,29,90,41,127,60,177,47,26,161,115,152,131,59,197,123,74,37,94,118,124,168,34,108,174,196,167,15,156,21,73,82,172,86,181,68,9,45,138,126,143,160,91,18,199,12,7,173,89,46,164,4,84,122,25,23,77,57,186,170,176,72,154,49,62,95,182,139,135,191,48,50,56,92,147,67,32,61,19,165,193,28,44,125,6,88,70,71,162,20,188,144,184,8,157,78,128,101,185,76,80,100,30,134,27,195,97,58,151,175,98,1,117,2,169,142,137,158,54,120,3,136,149,107,55,14,13,111,52,148,83,129,24,150,103,105,69,159,40,116,140,99,106,194,180,178,192,10,66,145,102,110,171,0,85,104,17,53,155,146,63,31,183,65,16,190,109,130,5,39,113,43,187,179,96,141,11,114,64,79,42,119,132,75,163,133,81,153,166,189,33,35,36,22,112,93,38,87,121,51];False
3934;6542;10476;[198,29,90,41,127,60,177,47,26,161,115,152,131,59,197,123,74,37,94,118,124,168,34,108,174,196,167,15,156,21,73,82,172,86,181,68,9,45,138,126,143,160,91,18,199,12,7,173,89,46,164,4,84,122,25,23,77,57,186,170,176,72,154,49,62,95,182,139,135,191,48,50,56,92,147,67,32,61,19,165,193,28,44,125,6,88,70,71,162,20,188,144,184,8,157,78,128,101,185,76,80,100,30,134,27,2,97,58,151,175,98,1,117,113,169,142,137,158,54,120,3,136,149,107,55,14,13,111,52,148,83,129,24,150,103,105,69,159,40,116,140,99,106,194,180,178,192,10,66,145,102,110,171,0,85,104,17,53,155,146,63,31,183,65,16,190,109,130,5,39,195,43,187,179,96,141,11,114,64,79,42,119,132,75,163,133,81,153,166,189,33,35,36,22,112,93,38,87,121,51];False
3847;6556;10403;[198,29,90,41,127,60,177,47,26,161,115,152,131,59,197,123,74,37,94,118,124,168,34,108,174,196,167,15,156,21,73,82,172,86,181,68,9,45,138,126,143,160,91,18,199,12,7,173,89,46,164,4,84,122,25,23,77,57,186,170,176,72,154,49,62,95,182,139,135,191,48,50,56,92,147,67,32,61,19,165,193,28,44,125,6,88,70,71,162,20,188,144,184,8,157,78,128,101,185,76,80,100,30,134,27,2,97,58,151,175,98,1,117,195,169,142,163,158,54,120,3,136,149,107,55,14,13,111,52,148,83,129,24,150,103,105,69,159,40,116,140,99,106,194,180,178,192,10,66,145,102,110,171,0,85,104,17,53,155,146,63,31,183,65,16,190,109,130,5,39,113,43,187,179,96,141,11,114,64,79,42,119,132,75,137,133,81,153,166,189,33,35,36,22,112,93,38,87,121,51];False
3798;6568;10366;[198,29,90,41,127,60,177,47,26,161,115,152,131,59,197,123,74,37,94,118,124,168,34,108,174,196,167,15,156,21,73,82,172,86,181,68,9,45,138,126,143,160,91,18,199,12,7,173,89,46,164,4,84,122,25,23,77,57,186,170,176,72,154,49,62,95,182,139,135,191,48,50,56,92,147,67,32,61,19,165,193,28,44,125,6,88,70,71,162,20,188,144,184,8,157,78,128,101,185,76,80,100,30,134,27,2,97,58,151,175,98,1,117,195,169,142,137,158,54,120,3,136,149,107,55,14,13,111,52,148,83,129,24,150,103,105,69,159,40,116,104,99,106,194,180,178,192,10,66,145,102,110,171,0,85,140,17,53,155,146,63,31,183,65,16,190,109,130,5,39,113,43,187,179,96,141,11,114,64,79,42,119,132,75,163,133,81,153,166,189,33,35,36,22,112,93,38,87,121,51];False
3877;6547;10424;[198,29,90,41,127,60,177,47,26,161,115,152,131,59,197,123,74,37,94,118,124,168,34,108,174,196,167,15,156,21,73,82,172,86,181,68,9,45,138,126,143,160,91,18,199,12,7,173,89,46,164,4,84,122,25,23,77,57,186,170,176,72,154,49,62,95,182,139,135,191,48,50,56,92,147,67,32,61,19,165,193,28,44,125,6,88,70,71,162,20,188,144,184,8,157,78,128,101,185,76,80,100,30,134,27,2,97,58,151,175,98,1,117,195,169,142,137,158,54,120,3,136,149,107,55,14,13,111,52,148,83,129,24,150,103,105,69,159,40,116,140,99,106,194,180,178,192,109,66,145,102,110,171,0,85,104,17,53,155,146,63,31,183,65,16,190,10,130,5,39,113,43,187,179,96,141,11,114,64,79,42,119,132,75,163,133,81,153,166,189,33,35,36,22,112,93,38,87,121,51];False
3744;6583;10327;[198,29,90,41,127,60,42,47,26,161,115,152,131,59,197,123,74,37,94,118,124,168,34,108,174,196,167,15,156,21,73,82,172,86,181,68,9,45,138,126,143,160,91,18,199,12,7,173,89,46,164,4,84,122,25,23,77,57,186,170,176,72,154,49,62,95,182,139,135,191,48,50,56,92,147,67,32,61,38,165,193,28,44,125,6,88,70,71,162,20,188,144,184,8,157,78,128,101,185,76,80,100,30,134,27,195,97,58,151,175,98,1,117,2,169,142,137,158,54,120,3,136,149,107,55,14,13,111,52,148,83,129,24,150,103,105,69,159,40,116,140,99,106,194,180,178,192,10,66,145,102,110,171,0,85,104,17,53,155,146,63,31,183,65,16,190,109,130,5,39,113,43,187,179,96,141,11,114,64,79,177,119,132,75,163,133,81,153,166,189,33,35,36,22,112,93,19,87,121,51];False
3760;6582;10342;[198,29,90,41,127,60,177,47,26,161,115,152,131,122,197,123,74,37,94,118,124,168,34,108,174,196,167,15,156,21,73,82,172,86,181,68,9,45,138,126,143,160,91,18,199,12,7,173,89,46,164,4,84,59,25,23,77,57,186,170,176,72,154,49,62,95,182,139,135,191,48,50,56,92,147,67,32,61,38,165,193,28,44,125,6,88,70,71,162,20,188,144,184,8,157,78,128,101,185,76,80,100,30,134,27,195,97,58,151,175,98,1,117,2,169,142,137,158,54,120,3,136,149,107,55,14,13,111,52,148,83,129,24,150,103,105,69,159,40,116,140,99,106,194,180,178,192,10,66,145,102,110,171,0,85,104,17,53,155,146,63,31,183,65,16,190,109,130,5,39,113,43,187,179,96,141,11,114,64,79,42,119,132,75,163,133,81,153,166,189,33,35,36,22,112,93,19,87,121,51];False
3700;6600;10300;[198,29,90,41,127,60,177,47,26,161,115,152,131,59,197,123,74,37,94,118,124,168,34,108,174,196,167,15,156,21,73,82,172,86,181,68,9,45,138,126,143,160,91,18,199,12,7,173,89,46,164,4,84,122,25,23,77,57,186,170,176,72,154,49,62,95,182,139,135,191,48,50,56,92,147,67,32,61,38,165,193,28,105,125,6,88,70,71,162,20,188,144,184,8,157,78,128,101,185,76,80,100,30,134,27,195,97,58,151,175,98,1,117,2,169,142,137,158,54,120,3,136,149,107,55,14,13,111,52,148,83,129,24,150,103,44,69,159,40,116,140,99,106,194,180,178,192,10,66,145,102,110,171,0,85,104,17,53,155,146,63,31,183,65,16,190,109,130,5,39,113,43,187,179,96,141,11,114,64,79,42,119,132,75,163,133,81,153,166,189,33,35,36,22,112,93,19,87,121,51];False
3761;6577;10338;[198,29,90,41,127,60,177,47,26,161,115,152,131,59,197,123,74,37,94,118,124,168,34,108,174,196,167,15,156,21,73,82,172,86,181,68,9,45,138,126,143,160,91,18,199,12,7,173,89,46,164,4,84,122,25,23,77,57,186,170,176,72,154,49,62,95,182,139,135,191,48,50,56,92,147,67,32,61,38,165,193,28,44,125,6,88,70,71,162,20,188,144,184,8,157,78,128,101,185,76,80,100,30,134,27,195,97,58,151,175,2,1,117,98,169,142,137,158,54,120,3,136,149,107,55,14,13,111,52,148,83,129,24,150,103,105,69,159,40,116,140,99,106,194,180,178,192,10,66,145,102,110,171,0,85,104,17,53,155,146,63,31,183,65,16,190,109,130,5,39,113,43,187,179,96,141,11,114,64,79,42,119,132,75,163,133,81,153,166,189,33,35,36,22,112,93,19,87,121,51];False
3794;6568;10362;[198,29,90,41,127,60,177,47,26,161,115,152,131,59,197,123,74,37,94,118,124,168,34,108,174,196,167,15,156,21,73,82,172,86,181,68,9,45,138,126,143,160,91,18,199,12,7,173,89,46,164,4,84,122,25,23,77,57,186,170,176,72,154,49,62,95,182,139,135,191,48,50,56,92,147,67,32,61,38,165,193,28,44,125,6,88,70,71,162,20,188,144,184,8,157,78,128,101,185,76,80,100,30,134,27,195,97,58,151,175,98,1,117,2,169,142,163,158,54,120,3,136,149,107,55,14,13,111,52,148,83,129,24,150,103,105,69,159,40,116,140,99,106,194,180,178,192,10,66,145,102,110,171,0,85,104,17,53,155,146,63,31,183,65,16,190,109,130,5,39,113,43,187,179,96,141,11,114,64,79,42,119,132,75,137,133,81,153,166,189,33,35,36,22,112,93,19,87,121,51];False
3700;6597;10297;[198,29,90,41,127,60,177,47,26,161,115,152,131,59,197,123,74,37,94,118,124,168,34,108,174,196,167,15,156,21,73,82,172,86,181,68,9,45,138,126,143,160,91,18,199,12,7,173,89,46,164,4,84,122,25,23,77,57,186,170,176,72,154,49,62,95,182,139,135,191,48,50,56,92,147,67,32,61,38,165,193,28,44,125,6,88,70,71,162,20,188,144,184,8,157,78,128,101,185,76,80,100,30,134,27,195,97,58,151,175,98,1,117,2,169,142,137,158,54,120,3,136,149,107,55,14,13,111,52,148,83,129,24,150,103,140,69,159,40,116,105,99,106,194,180,178,192,10,66,145,102,110,171,0,85,104,17,53,155,146,63,31,183,65,16,190,109,130,5,39,113,43,187,179,96,141,11,114,64,79,42,119,132,75,163,133,81,153,166,189,33,35,36,22,112,93,19,87,121,51];False
3745;6582;10327;[198,29,90,41,127,60,177,47,26,161,115,152,131,59,197,123,74,37,94,118,124,168,34,108,174,196,167,15,156,21,73,82,172,86,181,68,9,45,138,126,143,160,91,18,199,12,7,173,89,46,164,4,84,122,25,23,77,57,186,170,176,72,154,49,62,95,182,139,135,191,48,50,56,92,147,67,32,61,38,165,193,28,44,125,6,88,70,71,162,20,188,144,184,8,157,78,128,101,185,76,80,100,30,134,27,195,97,58,151,175,98,1,117,2,169,142,137,158,54,120,3,136,149,107,55,14,13,111,52,148,83,129,24,150,103,105,69,159,40,104,140,99,106,194,180,178,192,10,66,145,102,110,171,0,85,116,17,53,155,146,63,31,183,65,16,190,109,130,5,39,113,43,187,179,96,141,11,114,64,79,42,119,132,75,163,133,81,153,166,189,33,35,36,22,112,93,19,87,121,51];False
3745;6580;10325;[198,29,90,41,127,60,177,47,26,161,115,152,131,59,197,123,74,37,94,118,124,168,34,108,174,196,167,15,156,21,73,82,172,86,181,68,9,45,138,126,143,160,91,18,199,12,7,173,89,46,164,4,84,122,25,23,77,57,186,170,176,72,154,49,62,95,182,139,135,191,48,50,56,92,147,67,32,61,38,165,193,28,44,125,6,88,70,71,162,20,188,144,184,8,157,78,128,101,185,76,80,100,30,134,27,195,97,58,151,175,98,1,117,2,169,142,137,158,54,120,3,136,149,107,55,14,13,111,52,148,83,129,24,150,103,105,69,159,40,116,104,99,106,194,180,178,192,10,66,145,102,110,171,0,85,140,17,53,155,146,63,31,183,65,16,190,109,130,5,39,113,43,187,179,96,141,11,114,64,79,42,119,132,75,163,133,81,153,166,189,33,35,36,22,112,93,19,87,121,51];False
3756;6577;10333;[198,29,90,41,127,60,177,47,26,161,115,152,131,59,197,123,74,37,94,118,124,168,17,108,174,196,167,15,156,21,73,82,172,86,181,68,9,45,138,126,143,160,91,18,199,12,7,173,89,46,164,4,84,122,25,23,77,57,186,170,176,72,154,49,62,95,182,139,135,191,48,50,56,92,147,67,32,61,38,165,193,28,44,125,6,88,70,71,162,20,188,144,184,8,157,78,128,101,185,76,80,100,30,134,27,2,97,58,151,175,98,1,117,195,169,142,137,158,54,120,3,136,149,107,55,14,13,111,52,148,83,129,24,150,103,105,69,159,40,116,104,99,106,194,180,178,192,10,66,145,102,110,171,0,85,140,34,53,155,146,63,31,183,65,16,190,109,130,5,39,113,43,187,179,96,141,11,114,64,79,42,119,132,75,163,133,81,153,166,189,33,35,36,22,112,93,19,87,121,51];False
3687;6606;10293;[198,29,90,41,127,60,177,47,26,161,115,152,131,59,197,123,74,37,94,118,124,168,34,108,174,196,167,15,156,21,73,82,172,86,181,68,9,45,138,126,143,160,91,18,199,12,7,173,89,46,164,4,84,122,25,23,77,57,186,170,176,72,154,49,62,95,182,139,135,191,48,50,56,92,147,67,32,61,38,165,193,28,44,125,6,88,70,71,162,20,188,144,184,8,157,78,128,101,185,76,80,100,30,134,27,2,97,58,151,175,98,1,117,195,169,142,137,158,54,120,3,136,149,107,55,14,13,111,112,148,83,129,24,150,103,105,69,159,40,116,104,99,106,194,180,178,192,10,66,145,102,110,171,0,85,140,17,53,155,146,63,31,183,65,16,190,109,130,5,39,113,43,187,179,96,141,11,114,64,79,42,119,132,75,163,133,81,153,166,189,33,35,36,22,52,93,19,87,121,51];False
3834;6557;10391;[198,29,90,41,127,60,177,47,26,161,115,152,131,59,197,123,74,37,94,118,124,168,34,108,174,196,167,15,156,21,73,82,172,86,181,68,9,45,138,126,143,160,91,18,199,12,7,173,89,46,164,4,84,122,25,23,77,57,186,170,176,72,154,49,62,95,182,139,135,191,48,50,56,92,147,67,32,61,38,165,193,28,44,125,6,88,70,71,162,20,188,144,184,8,157,78,128,101,185,76,80,100,30,134,27,2,97,58,151,175,98,1,117,195,169,142,137,158,54,120,3,136,149,107,55,14,13,111,52,148,83,129,24,150,103,105,69,159,40,116,104,99,106,194,180,178,192,109,66,145,102,110,171,0,85,140,17,53,155,146,63,31,183,65,16,190,10,130,5,39,113,43,187,179,96,141,11,114,64,79,42,119,132,75,163,133,81,153,166,189,33,35,36,22,112,93,19,87,121,51];False
3970;6531;10501;[198,29,90,41,127,60,177,47,26,161,115,152,131,59,197,123,74,37,94,118,124,168,34,108,174,196,167,15,156,21,73,82,172,86,181,68,9,45,138,126,143,160,91,18,199,12,7,173,89,46,164,4,84,122,25,23,77,57,186,170,176,72,154,49,62,95,182,139,135,191,48,50,56,92,147,67,32,61,38,165,193,28,44,125,6,88,70,71,162,20,188,144,184,8,157,78,128,101,185,76,80,100,30,134,27,2,97,58,151,175,98,1,117,113,169,142,137,158,54,120,3,136,149,107,55,14,13,111,52,148,83,129,24,150,103,105,69,159,40,116,140,99,106,194,180,178,192,109,66,145,102,110,171,0,85,104,17,53,155,146,63,31,183,65,16,190,10,130,5,39,195,43,187,179,96,141,11,114,64,79,42,119,132,75,163,133,81,153,166,189,33,35,36,22,112,93,19,87,121,51];False
3883;6545;10428;[198,29,90,41,127,60,177,47,26,161,115,152,131,59,197,123,74,37,94,118,124,168,34,108,174,196,167,15,156,21,73,82,172,86,181,68,9,45,138,126,143,160,91,18,199,12,7,173,89,46,164,4,84,122,25,23,77,57,186,170,176,72,154,49,62,95,182,139,135,191,48,50,56,92,147,67,32,61,38,165,193,28,44,125,6,88,70,71,162,20,188,144,184,8,157,78,128,101,185,76,80,100,30,134,27,2,97,58,151,175,98,1,117,195,169,142,163,158,54,120,3,136,149,107,55,14,13,111,52,148,83,129,24,150,103,105,69,159,40,116,140,99,106,194,180,178,192,109,66,145,102,110,171,0,85,104,17,53,155,146,63,31,183,65,16,190,10,130,5,39,113,43,187,179,96,141,11,114,64,79,42,119,132,75,137,133,81,153,166,189,33,35,36,22,112,93,19,87,121,51];False
3966;6536;10502;[198,29,90,41,187,179,177,47,26,161,115,152,131,59,197,123,74,37,94,118,124,168,34,108,174,196,167,15,156,21,73,82,172,86,181,68,9,45,138,126,143,160,91,18,171,12,7,173,89,46,164,4,84,122,25,23,77,57,186,170,176,72,154,49,62,95,182,139,135,191,48,50,56,92,147,67,32,61,38,165,193,28,44,125,6,88,70,71,162,20,188,144,184,8,157,78,128,101,185,76,80,100,30,134,27,2,97,58,151,175,98,1,117,195,169,142,137,158,54,120,3,136,149,107,55,14,13,111,52,148,83,129,24,150,103,105,69,159,40,116,140,99,106,194,180,178,192,109,66,145,102,110,199,0,85,104,17,53,155,146,63,31,183,65,16,190,10,130,5,39,113,43,127,60,96,141,11,114,64,79,42,119,132,75,163,133,81,153,166,189,33,35,36,22,112,93,19,87,121,51];False
3965;6535;10500;[198,29,90,41,187,179,177,47,26,161,115,152,131,59,197,123,74,37,94,118,124,168,34,108,174,196,167,15,156,21,73,82,172,86,181,68,9,45,138,126,143,160,91,18,199,12,7,173,89,46,164,4,84,122,25,23,77,57,186,170,176,72,154,49,62,95,182,139,135,191,48,50,56,92,147,67,32,61,19,165,193,28,44,125,6,88,70,71,162,20,188,144,184,8,157,78,128,101,185,76,80,100,30,134,27,2,97,58,151,175,98,1,117,195,169,142,137,158,54,120,3,136,149,107,55,14,13,111,52,148,83,129,24,150,103,105,69,159,40,116,140,99,106,194,180,178,192,109,66,145,102,110,171,0,85,104,17,53,155,146,63,31,183,65,16,190,10,130,5,39,113,43,127,60,96,141,11,114,64,79,42,119,132,75,163,133,81,153,166,189,33,35,36,22,112,93,38,87,121,51];False
4066;6515;10581;[198,29,90,41,187,60,177,47,26,161,115,152,131,59,197,123,74,37,94,118,124,168,34,108,174,196,167,15,156,21,73,82,172,86,181,68,9,45,138,126,143,160,91,18,199,12,7,173,89,46,164,4,84,122,25,23,77,57,186,170,176,72,154,49,62,95,182,139,135,191,48,50,56,92,147,67,32,61,19,165,193,28,44,125,6,88,70,71,162,20,188,144,184,8,157,78,128,101,185,76,80,100,30,134,27,2,97,58,151,175,98,1,117,195,169,142,163,158,54,120,3,136,149,107,55,14,13,111,52,148,83,129,24,150,103,105,69,159,40,116,140,99,106,194,180,178,192,109,66,145,102,110,171,0,85,104,17,53,155,146,63,31,183,65,16,190,10,130,5,39,113,43,127,179,96,141,11,114,64,79,42,119,132,75,137,133,81,153,166,189,33,35,36,22,112,93,38,87,121,51];False
4159;6499;10658;[198,29,90,41,187,60,177,47,26,161,115,152,131,59,197,123,74,37,94,118,124,168,34,108,174,196,167,15,156,21,73,82,172,86,181,68,9,45,138,126,143,160,91,18,199,12,7,173,89,46,164,4,84,122,25,23,77,57,186,170,176,72,154,49,62,95,182,139,135,191,48,50,56,92,147,67,32,61,38,165,193,28,44,125,6,88,70,71,162,20,188,144,184,8,157,78,128,101,185,76,80,100,30,134,27,2,97,58,151,175,98,1,117,113,169,142,163,158,54,120,3,136,149,107,55,14,13,111,52,148,83,129,24,150,103,105,69,159,40,116,140,99,106,194,180,178,192,109,66,145,102,110,171,0,85,104,17,53,155,146,63,31,183,65,16,190,10,130,5,39,195,43,127,179,96,141,11,114,64,79,42,119,132,75,137,133,81,153,166,189,33,35,36,22,112,93,19,87,121,51];False
4010;6528;10538;[198,29,90,41,172,60,177,47,26,161,115,152,131,59,197,123,74,37,94,118,124,168,34,108,174,196,167,15,156,21,73,82,187,86,181,68,9,45,138,126,143,160,91,18,171,12,7,173,89,46,164,4,84,122,25,23,77,57,186,170,176,72,154,49,62,95,182,139,135,191,48,50,56,92,147,67,32,61,19,165,193,28,44,125,6,88,70,71,162,20,188,144,184,8,157,78,128,101,185,76,80,100,30,134,27,2,97,58,151,175,98,1,117,195,169,142,163,158,54,120,3,136,149,107,55,14,13,111,52,148,83,129,24,150,103,105,69,159,40,116,140,99,106,194,180,178,192,109,66,145,102,110,199,0,85,104,17,53,155,146,63,31,183,65,16,190,10,130,5,39,113,43,127,179,96,141,11,114,64,79,42,119,132,75,137,133,81,153,166,189,33,35,36,22,112,93,38,87,121,51];False
4651;6427;11078;[198,29,90,41,187,60,179,47,26,161,115,152,163,59,197,123,74,37,94,118,124,168,34,108,174,196,167,15,156,21,73,82,172,86,181,68,9,45,138,126,143,160,91,18,171,195,7,173,89,46,164,4,84,122,25,23,77,57,186,39,176,72,154,49,170,98,182,139,135,191,48,50,56,92,147,67,32,38,87,165,193,28,44,125,6,88,70,71,162,20,188,61,184,8,157,78,128,101,185,76,80,100,30,134,27,2,97,58,158,62,95,1,117,113,169,142,131,110,54,120,3,136,149,107,55,14,13,111,52,148,83,129,24,150,103,105,69,159,40,116,140,99,106,194,180,178,192,109,66,145,102,151,199,0,85,104,17,53,155,146,63,31,183,65,16,190,10,130,5,175,12,43,127,79,42,141,11,114,64,96,177,119,132,75,137,133,81,153,166,189,33,35,36,22,112,93,19,144,121,51];False
4938;6396;11334;[198,29,90,41,187,60,179,47,26,161,115,152,163,59,197,123,74,37,94,118,124,168,34,108,174,196,167,15,156,21,73,82,172,86,181,68,9,45,138,126,143,160,91,18,171,195,7,173,89,144,164,4,84,122,25,23,77,57,186,170,176,3,154,49,39,98,182,139,135,191,48,50,56,92,147,67,32,38,87,165,193,28,44,125,6,88,70,71,162,20,188,61,184,8,72,78,128,101,185,76,80,100,30,134,27,2,97,58,158,62,95,1,117,113,169,142,131,110,54,120,157,136,149,107,55,14,13,111,52,148,83,129,24,150,103,105,69,159,40,116,140,99,106,194,180,178,192,109,66,145,102,151,199,0,85,104,17,53,155,146,63,31,183,65,16,190,10,130,5,175,12,43,127,79,42,141,11,114,64,96,177,119,132,75,137,133,81,153,166,189,33,35,36,22,112,93,19,46,121,51];False
5003;6393;11396;[198,29,90,41,187,60,179,47,26,161,115,152,163,59,197,123,74,37,94,118,124,168,34,108,174,196,167,15,156,21,73,82,172,86,181,68,9,45,138,126,143,160,91,18,171,195,7,173,89,144,164,4,84,122,25,23,77,57,186,170,176,3,154,49,39,95,182,139,135,188,48,50,56,92,147,67,32,38,87,165,193,28,44,125,6,88,70,71,162,20,191,61,184,8,72,78,128,101,185,76,80,100,30,134,27,2,97,58,158,62,98,1,117,113,169,142,131,110,54,120,157,136,149,107,55,14,13,111,52,148,83,129,24,150,103,105,69,159,40,116,140,99,106,194,180,178,192,109,66,145,102,151,199,0,85,104,17,53,155,146,63,31,183,65,16,190,10,130,5,175,12,43,127,79,42,141,11,114,64,96,177,119,132,75,137,133,81,153,166,189,33,35,36,22,112,93,19,46,121,51];False
4613;6432;11045;[198,29,90,41,172,60,179,47,26,161,115,152,163,59,197,123,74,37,94,118,124,168,34,108,174,196,167,15,156,21,73,82,187,86,181,68,9,45,138,126,143,160,91,18,171,195,7,173,89,144,164,4,84,122,25,23,77,57,186,170,176,72,154,49,76,98,182,139,135,191,48,50,56,92,147,67,32,38,87,165,193,28,44,125,6,88,70,71,162,20,188,61,184,8,157,78,128,101,185,39,80,100,30,134,27,2,97,58,158,62,95,1,117,113,169,142,131,110,54,120,3,136,149,107,55,14,13,111,52,148,83,129,24,150,103,105,69,159,40,116,140,99,106,194,180,178,192,109,66,145,102,151,199,0,85,104,17,53,155,146,63,31,183,65,16,190,10,130,5,175,12,43,127,79,42,141,11,114,64,96,177,119,132,75,137,133,81,153,166,189,33,35,36,22,112,93,19,46,121,51];False
4596;6435;11031;[198,29,90,41,187,79,179,47,26,161,115,152,163,59,197,123,74,37,94,118,124,168,34,108,174,196,167,15,156,21,73,82,172,86,181,68,9,45,138,126,143,160,91,18,171,195,7,173,89,144,164,4,84,122,25,23,77,57,186,170,176,72,154,49,76,98,182,139,135,191,48,50,56,92,147,67,32,38,87,165,193,28,44,125,6,88,70,71,162,20,188,61,184,8,157,78,128,101,185,39,80,100,30,134,27,2,97,58,158,62,95,1,117,113,169,142,131,110,54,120,3,136,149,107,55,14,13,111,52,148,83,129,24,150,103,105,69,159,40,116,140,99,106,194,180,178,192,109,66,145,102,151,199,0,85,104,17,53,155,146,63,31,183,65,16,190,10,130,5,175,12,43,127,60,42,141,11,114,64,96,177,119,132,75,137,133,81,153,166,189,33,35,36,22,112,93,19,46,121,51];False
4647;6429;11076;[198,29,90,41,187,60,42,47,26,161,115,152,163,59,197,123,74,37,94,118,124,168,34,108,174,196,167,15,156,21,73,82,172,86,181,68,9,45,138,126,143,160,91,18,171,195,7,173,89,144,164,4,84,122,25,23,77,57,186,170,176,72,154,49,76,98,182,139,135,191,48,50,56,92,147,67,32,38,87,165,193,28,44,125,6,88,70,71,162,20,188,61,184,8,157,78,128,101,185,39,80,100,30,134,27,2,97,58,158,62,95,1,117,113,169,142,131,110,54,120,3,136,149,107,55,14,13,111,52,148,83,129,24,150,103,105,69,159,40,116,140,99,106,194,180,178,192,109,66,145,102,151,199,0,85,104,17,53,155,146,63,31,183,65,16,190,10,130,5,175,12,43,127,79,179,141,11,114,64,96,177,119,132,75,137,133,81,153,166,189,33,35,36,22,112,93,19,46,121,51];False
4625;6430;11055;[198,29,90,41,187,60,179,47,26,161,115,152,172,59,197,123,74,37,94,118,124,168,34,108,174,196,167,15,156,21,73,82,163,86,181,68,9,45,138,126,143,160,91,18,171,195,7,173,89,144,164,4,84,122,25,23,77,57,186,170,176,72,154,49,76,98,182,139,135,191,48,50,56,92,147,67,32,38,87,165,193,28,44,125,6,88,70,71,162,20,188,61,184,8,157,78,128,101,185,39,80,100,30,134,27,2,97,58,158,62,95,1,117,113,169,142,131,110,54,120,3,136,149,107,55,14,13,111,52,148,83,129,24,150,103,105,69,159,40,116,140,99,106,194,180,178,192,109,66,145,102,151,199,0,85,104,17,53,155,146,63,31,183,65,16,190,10,130,5,175,12,43,127,79,42,141,11,114,64,96,177,119,132,75,137,133,81,153,166,189,33,35,36,22,112,93,19,46,121,51];False
4644;6429;11073;[198,29,90,41,187,60,179,47,26,161,115,152,163,171,197,123,74,37,94,118,124,168,34,108,174,196,167,15,156,21,73,82,172,86,181,68,9,45,138,126,143,160,91,18,59,195,7,173,89,144,164,4,84,122,25,23,77,57,186,170,176,72,154,49,76,98,182,139,135,191,48,50,56,92,147,67,32,38,87,165,193,28,44,125,6,88,70,71,162,20,188,61,184,8,157,78,128,101,185,39,80,100,30,134,27,2,97,58,158,62,95,1,117,113,169,142,131,110,54,120,3,136,149,107,55,14,13,111,52,148,83,129,24,150,103,105,69,159,40,116,140,99,106,194,180,178,192,109,66,145,102,151,199,0,85,104,17,53,155,146,63,31,183,65,16,190,10,130,5,175,12,43,127,79,42,141,11,114,64,96,177,119,132,75,137,133,81,153,166,189,33,35,36,22,112,93,19,46,121,51];False
4670;6425;11095;[198,29,90,41,187,60,179,47,26,161,115,152,163,122,197,123,74,37,94,118,124,168,34,108,174,196,167,15,156,21,73,82,172,86,181,68,9,45,138,126,143,160,91,18,171,195,7,173,89,144,164,4,84,59,25,23,77,57,186,170,176,72,154,49,76,98,182,139,135,191,48,50,56,92,147,67,32,38,87,165,193,28,44,125,6,88,70,71,162,20,188,61,184,8,157,78,128,101,185,39,80,100,30,134,27,2,97,58,158,62,95,1,117,113,169,142,131,110,54,120,3,136,149,107,55,14,13,111,52,148,83,129,24,150,103,105,69,159,40,116,140,99,106,194,180,178,192,109,66,145,102,151,199,0,85,104,17,53,155,146,63,31,183,65,16,190,10,130,5,175,12,43,127,79,42,141,11,114,64,96,177,119,132,75,137,133,81,153,166,189,33,35,36,22,112,93,19,46,121,51];False
4779;6414;11193;[198,29,90,41,187,60,179,47,26,161,115,152,163,59,197,123,74,37,94,118,124,168,34,108,174,196,167,15,156,63,73,82,172,86,181,68,9,45,138,126,143,160,91,18,171,195,7,173,89,144,164,4,84,122,25,23,77,57,186,170,176,72,154,49,76,98,182,139,135,191,48,50,56,92,147,67,32,38,87,165,193,28,44,125,6,88,70,71,162,20,188,61,184,8,157,78,128,101,185,39,80,100,30,134,27,2,97,58,158,62,95,1,117,113,169,142,131,110,54,120,3,136,149,107,55,14,13,111,52,148,83,129,24,150,103,105,69,159,40,116,140,99,106,194,180,178,192,109,66,145,102,151,199,0,85,104,17,53,155,146,21,31,183,65,16,190,10,130,5,175,12,43,127,79,42,141,11,114,64,96,177,119,132,75,137,133,81,153,166,189,33,35,36,22,112,93,19,46,121,51];False
4823;6408;11231;[198,29,90,41,187,60,179,47,26,161,115,152,163,59,197,123,74,37,94,118,124,168,34,108,174,196,167,15,156,21,73,82,172,86,181,68,9,45,138,126,143,160,91,18,171,195,7,173,23,144,164,4,84,122,25,89,77,57,186,170,176,72,154,49,76,98,182,139,135,191,48,50,56,92,147,67,32,38,87,165,193,28,44,125,6,88,70,71,162,20,188,61,184,8,157,78,128,101,185,39,80,100,30,134,27,2,97,58,158,62,95,1,117,113,169,142,131,110,54,120,3,136,149,107,55,14,13,111,52,148,83,129,24,150,103,105,69,159,40,116,140,99,106,194,180,178,192,109,66,145,102,151,199,0,85,104,17,53,155,146,63,31,183,65,16,190,10,130,5,175,12,43,127,79,42,141,11,114,64,96,177,119,132,75,137,133,81,153,166,189,33,35,36,22,112,93,19,46,121,51];False
4613;6426;11039;[198,29,90,41,187,60,179,47,26,161,115,152,163,59,197,123,74,37,94,118,124,168,34,108,174,196,167,15,156,21,73,82,172,86,181,68,9,45,138,126,143,160,91,18,171,195,7,173,89,46,164,4,84,122,25,23,77,57,186,170,176,72,154,49,76,98,182,139,135,191,48,50,56,92,147,67,32,38,87,165,193,28,44,125,6,88,70,71,162,20,188,61,184,8,157,78,128,101,185,39,80,100,30,134,27,2,97,58,158,62,95,1,117,113,169,142,131,110,54,120,3,136,149,107,55,14,13,111,52,148,83,129,24,150,103,105,69,159,40,116,140,99,106,194,180,178,192,109,66,145,102,151,199,0,85,104,17,53,155,146,63,31,183,65,16,190,10,130,5,175,12,43,127,79,42,141,11,114,64,96,177,119,132,75,137,133,81,153,166,189,33,35,36,22,112,93,19,144,121,51];False
4818;6408;11226;[198,29,90,41,187,60,179,47,26,161,115,152,163,59,197,123,74,37,94,118,124,168,34,108,174,196,167,15,156,21,73,82,172,86,181,68,9,45,138,126,143,160,91,18,171,195,7,173,89,144,164,4,84,122,25,23,77,57,186,170,176,157,154,49,76,98,182,139,135,191,48,50,56,92,147,67,32,38,87,165,193,28,44,125,6,88,70,71,162,20,188,61,184,8,72,78,128,101,185,39,80,100,30,134,27,2,97,58,158,62,95,1,117,113,169,142,131,110,54,120,3,136,149,107,55,14,13,111,52,148,83,129,24,150,103,105,69,159,40,116,140,99,106,194,180,178,192,109,66,145,102,151,199,0,85,104,17,53,155,146,63,31,183,65,16,190,10,130,5,175,12,43,127,79,42,141,11,114,64,96,177,119,132,75,137,133,81,153,166,189,33,35,36,22,112,93,19,46,121,51];False
4676;6423;11099;[198,29,90,41,187,60,179,47,26,161,115,152,163,59,197,123,74,37,94,118,124,168,34,108,174,196,167,15,156,21,73,82,172,86,181,68,9,45,138,126,143,160,91,18,171,195,7,173,89,144,164,4,84,122,25,23,77,57,186,170,176,72,154,49,76,11,182,139,135,191,48,50,56,92,147,67,32,38,87,165,193,28,44,125,6,88,70,71,162,20,188,61,184,8,157,78,128,101,185,39,80,100,30,134,27,2,97,58,158,62,95,1,117,113,169,142,131,110,54,120,3,136,149,107,55,14,13,111,52,148,83,129,24,150,103,105,69,159,40,116,140,99,106,194,180,178,192,109,66,145,102,151,199,0,85,104,17,53,155,146,63,31,183,65,16,190,10,130,5,175,12,43,127,79,42,141,98,114,64,96,177,119,132,75,137,133,81,153,166,189,33,35,36,22,112,93,19,46,121,51];False
4791;6409;11200;[198,29,90,41,187,60,179,47,26,161,115,152,163,59,197,123,74,37,94,118,124,168,34,108,174,196,167,15,156,21,73,82,172,86,181,68,9,45,138,126,143,160,91,18,171,195,7,173,89,144,164,4,84,122,25,23,77,57,186,170,176,72,154,49,76,98,182,139,135,188,48,50,56,92,147,67,32,38,87,165,193,28,44,125,6,88,70,71,162,20,191,61,184,8,157,78,128,101,185,39,80,100,30,134,27,2,97,58,158,62,95,1,117,113,169,142,131,110,54,120,3,136,149,107,55,14,13,111,52,148,83,129,24,150,103,105,69,159,40,116,140,99,106,194,180,178,192,109,66,145,102,151,199,0,85,104,17,53,155,146,63,31,183,65,16,190,10,130,5,175,12,43,127,79,42,141,11,114,64,96,177,119,132,75,137,133,81,153,166,189,33,35,36,22,112,93,19,46,121,51];False
4767;6413;11180;[198,29,90,41,187,60,179,47,26,161,115,152,163,59,197,123,74,37,94,118,124,168,34,108,174,196,167,15,156,21,73,82,172,86,181,68,9,45,138,126,143,160,91,18,171,195,7,173,89,144,164,4,84,122,25,23,77,57,186,170,176,72,154,49,76,98,182,139,135,191,48,50,56,92,147,67,32,38,87,165,193,28,44,125,6,88,70,71,162,20,188,61,184,8,157,78,128,101,185,39,80,131,30,134,27,2,97,58,158,62,95,1,117,113,169,142,100,110,54,120,3,136,149,107,55,14,13,111,52,148,83,129,24,150,103,105,69,159,40,116,140,99,106,194,180,178,192,109,66,145,102,151,199,0,85,104,17,53,155,146,63,31,183,65,16,190,10,130,5,175,12,43,127,79,42,141,11,114,64,96,177,119,132,75,137,133,81,153,166,189,33,35,36,22,112,93,19,46,121,51];False
4663;6424;11087;[198,29,90,41,187,60,179,47,26,161,115,152,163,59,197,123,74,37,94,118,124,168,34,108,174,196,167,15,156,21,73,82,172,86,181,68,9,45,138,126,143,160,91,18,171,195,7,173,89,144,164,4,84,122,25,23,77,57,186,170,176,72,154,49,76,98,182,139,135,191,48,50,56,92,147,67,32,38,87,165,193,28,44,125,6,88,70,71,162,20,188,61,184,8,157,78,128,101,185,39,80,100,30,134,27,2,97,58,158,62,95,1,117,113,169,142,131,110,54,120,3,136,149,107,55,14,13,111,52,148,83,129,24,150,103,105,69,159,40,116,104,99,106,194,180,178,192,109,66,145,102,151,199,0,85,140,17,53,155,146,63,31,183,65,16,190,10,130,5,175,12,43,127,79,42,141,11,114,64,96,177,119,132,75,137,133,81,153,166,189,33,35,36,22,112,93,19,46,121,51];False
3848;6554;10402;[198,29,90,41,127,60,177,47,26,161,115,152,131,59,197,123,74,37,94,118,124,168,34,108,174,196,167,15,156,21,73,82,172,86,181,68,9,45,138,126,143,160,91,18,199,12,7,173,89,46,164,4,84,122,25,23,77,57,186,170,176,72,154,49,62,95,182,139,135,191,48,50,56,92,147,67,32,61,38,165,193,28,44,125,6,88,70,71,162,20,188,144,184,8,157,78,128,101,185,76,80,100,30,134,27,195,97,58,151,175,98,1,117,2,169,142,163,158,54,120,3,136,149,107,55,14,13,111,52,148,83,129,24,150,103,105,69,159,40,116,140,99,106,194,180,178,192,109,66,145,102,110,171,0,85,104,17,53,155,146,63,31,183,65,16,190,10,130,5,39,113,43,187,179,96,141,11,114,64,79,42,119,132,75,137,133,81,153,166,189,33,35,36,22,112,93,19,87,121,51];False
3842;6556;10398;[198,29,90,41,127,60,177,47,26,161,115,152,131,59,197,123,74,37,94,118,124,168,34,108,174,196,167,15,156,21,73,82,172,86,181,68,9,45,138,126,143,160,91,18,199,12,7,173,89,46,164,4,84,122,25,23,77,57,186,170,176,72,154,49,62,95,182,139,135,191,48,50,56,92,147,67,32,61,19,165,193,28,44,125,6,88,70,71,162,20,188,144,184,8,157,78,128,101,185,76,80,100,30,134,27,195,97,58,151,175,98,1,117,2,169,142,137,158,54,120,3,136,149,107,55,14,13,111,52,148,83,129,24,150,103,105,69,159,40,116,140,99,106,194,180,178,192,109,66,145,102,110,171,0,85,104,17,53,155,146,63,31,183,65,16,190,10,130,5,39,113,43,187,179,96,141,11,114,64,79,42,119,132,75,163,133,81,153,166,189,33,35,36,22,112,93,38,87,121,51];False
3815;6563;10378;[198,29,90,41,127,60,177,47,26,161,115,152,131,59,197,123,74,37,94,118,124,168,34,108,174,196,167,15,156,21,73,82,172,86,181,68,9,45,138,126,143,160,91,18,199,12,7,173,89,46,164,4,84,122,25,23,77,57,186,170,176,72,154,49,62,95,182,139,135,191,48,50,56,92,147,67,32,61,38,165,193,28,44,125,6,88,70,71,162,20,188,144,184,8,157,78,128,101,185,76,80,100,30,134,27,195,97,58,151,175,2,1,117,98,169,142,137,158,54,120,3,136,149,107,55,14,13,111,52,148,83,129,24,150,103,105,69,159,40,116,140,99,106,194,180,178,192,109,66,145,102,110,171,0,85,104,17,53,155,146,63,31,183,65,16,190,10,130,5,39,113,43,187,179,96,141,11,114,64,79,42,119,132,75,163,133,81,153,166,189,33,35,36,22,112,93,19,87,121,51];False
3799;6566;10365;[198,29,90,41,127,60,177,47,26,161,115,152,131,59,197,123,74,37,94,118,124,168,34,108,174,196,167,15,156,21,73,82,172,86,181,68,9,45,138,126,143,160,91,18,199,12,7,173,89,46,164,4,84,122,25,23,77,57,186,170,176,72,154,49,62,95,182,139,135,191,48,50,56,92,147,67,32,61,38,165,193,28,44,125,6,88,70,71,162,20,188,144,184,8,157,78,128,101,185,76,80,100,30,134,27,195,97,58,151,175,98,1,117,2,169,142,137,158,54,120,3,136,149,107,55,14,13,111,52,148,83,129,24,150,103,105,69,159,40,116,104,99,106,194,180,178,192,109,66,145,102,110,171,0,85,140,17,53,155,146,63,31,183,65,16,190,10,130,5,39,113,43,187,179,96,141,11,114,64,79,42,119,132,75,163,133,81,153,166,189,33,35,36,22,112,93,19,87,121,51];False
3694;6596;10290;[198,29,90,41,127,60,42,47,26,161,115,152,131,59,197,123,74,37,94,118,124,168,34,108,174,196,167,15,156,21,73,82,172,86,181,68,9,45,138,126,143,160,173,18,199,12,98,91,89,46,164,4,84,122,25,23,77,57,186,170,176,72,154,49,62,95,182,139,135,191,48,50,56,92,147,67,32,61,38,165,193,28,44,125,6,88,70,71,162,20,188,144,184,8,157,78,128,101,185,76,80,100,30,134,27,2,97,58,151,175,7,1,117,195,169,142,137,158,54,120,3,136,149,107,55,14,13,111,52,148,83,129,24,150,103,105,69,159,40,116,140,99,106,194,180,178,192,10,66,145,102,110,171,0,85,104,17,53,155,146,63,31,183,65,16,190,109,130,5,39,113,43,187,179,96,141,11,114,64,79,177,119,132,75,163,133,81,153,166,189,33,35,36,22,112,93,19,87,121,51];False
3710;6595;10305;[198,29,90,41,127,60,177,47,26,161,115,152,131,122,197,123,74,37,94,118,124,168,34,108,174,196,167,15,156,21,73,82,172,86,181,68,9,45,138,126,143,160,173,18,199,12,98,91,89,46,164,4,84,59,25,23,77,57,186,170,176,72,154,49,62,95,182,139,135,191,48,50,56,92,147,67,32,61,38,165,193,28,44,125,6,88,70,71,162,20,188,144,184,8,157,78,128,101,185,76,80,100,30,134,27,2,97,58,151,175,7,1,117,195,169,142,137,158,54,120,3,136,149,107,55,14,13,111,52,148,83,129,24,150,103,105,69,159,40,116,140,99,106,194,180,178,192,10,66,145,102,110,171,0,85,104,17,53,155,146,63,31,183,65,16,190,109,130,5,39,113,43,187,179,96,141,11,114,64,79,42,119,132,75,163,133,81,153,166,189,33,35,36,22,112,93,19,87,121,51];False
3680;6607;10287;[198,29,90,41,127,60,177,47,26,161,115,152,131,59,197,123,74,37,94,118,124,168,34,108,174,125,167,15,156,21,73,82,172,86,181,68,9,45,138,126,143,160,173,18,199,12,98,91,89,46,164,4,84,122,25,23,77,57,186,170,176,72,154,49,62,95,182,139,135,191,48,50,56,92,147,67,32,61,38,165,193,28,44,196,6,88,70,71,162,20,188,144,184,8,157,78,128,101,185,76,80,100,30,134,27,2,97,58,151,175,7,1,117,195,169,142,137,158,54,120,3,136,149,107,55,14,13,111,52,148,83,129,24,150,103,105,69,159,40,116,140,99,106,194,180,178,192,10,66,145,102,110,171,0,85,104,17,53,155,146,63,31,183,65,16,190,109,130,5,39,113,43,187,179,96,141,11,114,64,79,42,119,132,75,163,133,81,153,166,189,33,35,36,22,112,93,19,87,121,51];False
3739;6584;10323;[198,29,90,41,127,60,177,47,26,161,115,152,131,59,197,123,74,37,94,118,124,168,34,108,174,196,167,15,156,21,73,82,172,86,181,68,9,45,138,126,143,160,173,18,171,12,98,91,89,46,164,4,84,122,25,23,77,57,186,170,176,72,154,49,62,95,182,139,135,191,48,50,56,92,147,67,32,61,38,165,193,28,44,125,6,88,70,71,162,20,188,144,184,8,157,78,128,101,185,76,80,100,30,134,27,2,97,58,151,175,7,1,117,195,169,142,137,158,54,120,3,136,149,107,55,14,13,111,52,148,83,129,24,150,103,105,69,159,40,116,140,99,106,194,180,178,192,10,66,145,102,110,199,0,85,104,17,53,155,146,63,31,183,65,16,190,109,130,5,39,113,43,187,179,96,141,11,114,64,79,42,119,132,75,163,133,81,153,166,189,33,35,36,22,112,93,19,87,121,51];False
3738;6583;10321;[198,29,90,41,127,60,177,47,26,161,115,152,131,59,197,123,74,37,94,118,124,168,34,108,174,196,167,15,156,21,73,82,172,86,181,68,9,45,138,126,143,160,173,18,199,12,98,91,89,46,164,4,84,122,25,23,77,57,186,170,176,72,154,49,62,95,182,139,135,191,48,50,56,92,147,67,32,61,19,165,193,28,44,125,6,88,70,71,162,20,188,144,184,8,157,78,128,101,185,76,80,100,30,134,27,2,97,58,151,175,7,1,117,195,169,142,137,158,54,120,3,136,149,107,55,14,13,111,52,148,83,129,24,150,103,105,69,159,40,116,140,99,106,194,180,178,192,10,66,145,102,110,171,0,85,104,17,53,155,146,63,31,183,65,16,190,109,130,5,39,113,43,187,179,96,141,11,114,64,79,42,119,132,75,163,133,81,153,166,189,33,35,36,22,112,93,38,87,121,51];False
3650;6613;10263;[198,29,90,41,127,60,177,47,26,161,115,152,131,59,197,123,74,37,94,118,124,168,34,108,174,196,167,15,156,21,73,82,172,86,181,68,9,45,138,126,143,160,173,18,199,12,98,91,89,46,164,4,84,122,25,23,77,57,186,170,176,72,154,49,62,95,182,139,135,191,48,50,56,92,147,67,32,61,38,165,193,28,105,125,6,88,70,71,162,20,188,144,184,8,157,78,128,101,185,76,80,100,30,134,27,2,97,58,151,175,7,1,117,195,169,142,137,158,54,120,3,136,149,107,55,14,13,111,52,148,83,129,24,150,103,44,69,159,40,116,140,99,106,194,180,178,192,10,66,145,102,110,171,0,85,104,17,53,155,146,63,31,183,65,16,190,109,130,5,39,113,43,187,179,96,141,11,114,64,79,42,119,132,75,163,133,81,153,166,189,33,35,36,22,112,93,19,87,121,51];False
3669;6603;10272;[198,29,90,41,127,60,177,47,26,161,115,152,131,59,197,123,74,37,94,118,124,168,34,108,174,196,167,15,156,21,73,82,172,86,181,68,9,45,138,126,143,160,173,18,199,12,98,91,89,46,164,4,84,122,25,23,77,57,186,170,176,72,154,49,62,95,182,139,135,191,48,50,56,92,147,67,32,61,38,165,193,28,44,125,7,88,70,71,162,20,188,144,184,8,157,78,128,101,185,76,80,100,30,134,27,2,97,58,151,175,6,1,117,195,169,142,137,158,54,120,3,136,149,107,55,14,13,111,52,148,83,129,24,150,103,105,69,159,40,116,140,99,106,194,180,178,192,10,66,145,102,110,171,0,85,104,17,53,155,146,63,31,183,65,16,190,109,130,5,39,113,43,187,179,96,141,11,114,64,79,42,119,132,75,163,133,81,153,166,189,33,35,36,22,112,93,19,87,121,51];False
3685;6595;10280;[198,29,90,41,127,60,177,47,26,161,115,152,131,59,197,123,74,37,94,118,124,168,34,108,174,196,167,15,156,21,73,82,172,86,181,68,9,45,138,126,143,160,173,18,199,12,98,91,89,46,164,4,84,122,25,23,77,57,186,170,176,72,154,49,62,95,182,139,135,191,48,50,56,92,147,67,32,61,38,165,193,28,44,125,6,88,70,71,162,20,188,144,184,8,157,78,128,101,185,76,80,100,30,134,27,195,97,58,151,175,7,1,117,2,169,142,137,158,54,120,3,136,149,107,55,14,13,111,52,148,83,129,24,150,103,105,69,159,40,116,140,99,106,194,180,178,192,10,66,145,102,110,171,0,85,104,17,53,155,146,63,31,183,65,16,190,109,130,5,39,113,43,187,179,96,141,11,114,64,79,42,119,132,75,163,133,81,153,166,189,33,35,36,22,112,93,19,87,121,51];False
3721;6585;10306;[198,29,90,41,127,60,177,47,26,161,115,152,131,59,197,123,74,37,94,118,124,168,34,108,174,196,167,15,156,21,73,82,172,86,181,68,9,45,138,126,143,160,173,18,199,12,98,91,89,46,164,4,84,122,25,23,77,57,186,170,176,72,154,49,62,95,182,139,135,191,48,50,56,92,147,67,32,61,38,165,193,28,44,125,6,88,70,71,162,20,188,144,184,8,157,78,128,101,185,76,80,100,30,134,27,2,97,58,175,151,7,1,117,195,169,142,137,158,54,120,3,136,149,107,55,14,13,111,52,148,83,129,24,150,103,105,69,159,40,116,140,99,106,194,180,178,192,10,66,145,102,110,171,0,85,104,17,53,155,146,63,31,183,65,16,190,109,130,5,39,113,43,187,179,96,141,11,114,64,79,42,119,132,75,163,133,81,153,166,189,33,35,36,22,112,93,19,87,121,51];False
3744;6581;10325;[198,29,90,41,127,60,177,47,26,161,115,152,131,59,197,123,74,37,94,118,124,168,34,108,174,196,167,15,156,21,73,82,172,86,181,68,9,45,138,126,143,160,173,18,199,12,98,91,89,46,164,4,84,122,25,23,77,57,186,170,176,72,154,49,62,95,182,139,135,191,48,50,56,92,147,67,32,61,38,165,193,28,44,125,6,88,70,71,162,20,188,144,184,8,157,78,128,101,185,76,80,100,30,134,27,2,97,58,151,175,7,1,117,195,169,142,163,158,54,120,3,136,149,107,55,14,13,111,52,148,83,129,24,150,103,105,69,159,40,116,140,99,106,194,180,178,192,10,66,145,102,110,171,0,85,104,17,53,155,146,63,31,183,65,16,190,109,130,5,39,113,43,187,179,96,141,11,114,64,79,42,119,132,75,137,133,81,153,166,189,33,35,36,22,112,93,19,87,121,51];False
3650;6610;10260;[198,29,90,41,127,60,177,47,26,161,115,152,131,59,197,123,74,37,94,118,124,168,34,108,174,196,167,15,156,21,73,82,172,86,181,68,9,45,138,126,143,160,173,18,199,12,98,91,89,46,164,4,84,122,25,23,77,57,186,170,176,72,154,49,62,95,182,139,135,191,48,50,56,92,147,67,32,61,38,165,193,28,44,125,6,88,70,71,162,20,188,144,184,8,157,78,128,101,185,76,80,100,30,134,27,2,97,58,151,175,7,1,117,195,169,142,137,158,54,120,3,136,149,107,55,14,13,111,52,148,83,129,24,150,103,140,69,159,40,116,105,99,106,194,180,178,192,10,66,145,102,110,171,0,85,104,17,53,155,146,63,31,183,65,16,190,109,130,5,39,113,43,187,179,96,141,11,114,64,79,42,119,132,75,163,133,81,153,166,189,33,35,36,22,112,93,19,87,121,51];False
3695;6593;10288;[198,29,90,41,127,60,177,47,26,161,115,152,131,59,197,123,74,37,94,118,124,168,34,108,174,196,167,15,156,21,73,82,172,86,181,68,9,45,138,126,143,160,173,18,199,12,98,91,89,46,164,4,84,122,25,23,77,57,186,170,176,72,154,49,62,95,182,139,135,191,48,50,56,92,147,67,32,61,38,165,193,28,44,125,6,88,70,71,162,20,188,144,184,8,157,78,128,101,185,76,80,100,30,134,27,2,97,58,151,175,7,1,117,195,169,142,137,158,54,120,3,136,149,107,55,14,13,111,52,148,83,129,24,150,103,105,69,159,40,116,104,99,106,194,180,178,192,10,66,145,102,110,171,0,85,140,17,53,155,146,63,31,183,65,16,190,109,130,5,39,113,43,187,179,96,141,11,114,64,79,42,119,132,75,163,133,81,153,166,189,33,35,36,22,112,93,19,87,121,51];False
3774;6572;10346;[198,29,90,41,127,60,177,47,26,161,115,152,131,59,197,123,74,37,94,118,124,168,34,108,174,196,167,15,156,21,73,82,172,86,181,68,9,45,138,126,143,160,173,18,199,12,98,91,89,46,164,4,84,122,25,23,77,57,186,170,176,72,154,49,62,95,182,139,135,191,48,50,56,92,147,67,32,61,38,165,193,28,44,125,6,88,70,71,162,20,188,144,184,8,157,78,128,101,185,76,80,100,30,134,27,2,97,58,151,175,7,1,117,195,169,142,137,158,54,120,3,136,149,107,55,14,13,111,52,148,83,129,24,150,103,105,69,159,40,116,140,99,106,194,180,178,192,109,66,145,102,110,171,0,85,104,17,53,155,146,63,31,183,65,16,190,10,130,5,39,113,43,187,179,96,141,11,114,64,79,42,119,132,75,163,133,81,153,166,189,33,35,36,22,112,93,19,87,121,51];False
3854;6552;10406;[198,29,90,41,127,60,177,47,26,161,115,152,131,59,197,123,74,37,94,118,124,168,34,108,174,196,167,15,156,21,73,82,172,86,181,68,61,45,138,126,143,160,91,18,199,12,7,173,89,46,164,4,84,122,25,23,77,57,186,170,176,72,154,49,62,95,182,139,135,191,48,50,56,92,147,67,32,38,9,165,193,28,44,125,6,88,70,71,162,20,188,144,184,8,157,78,128,101,185,76,80,100,30,134,27,2,97,58,151,175,98,1,117,195,169,142,137,158,54,120,3,136,149,107,55,14,13,111,52,148,83,129,24,150,103,105,69,159,40,116,140,99,106,194,180,178,192,109,66,145,102,110,171,0,85,104,17,53,155,146,63,31,183,65,16,190,10,130,5,39,113,43,187,179,96,141,11,114,64,79,42,119,132,75,163,133,81,153,166,189,33,35,36,22,112,93,19,87,121,51];False
3931;6542;10473;[198,29,90,41,127,60,177,47,26,161,115,152,131,59,197,123,74,37,94,118,124,168,34,108,174,196,167,15,156,21,73,82,172,86,181,68,9,45,138,126,143,160,91,18,171,12,7,173,89,46,164,4,84,122,25,23,77,57,186,170,176,72,154,49,62,95,182,139,135,191,48,50,56,92,147,67,32,38,61,165,193,28,44,125,6,88,70,71,162,20,188,144,184,8,157,78,128,101,185,76,80,100,30,134,27,2,97,58,151,175,98,1,117,195,169,142,137,158,54,120,3,136,149,107,55,14,13,111,52,148,83,129,24,150,103,105,69,159,40,116,140,99,106,194,180,178,192,109,66,145,102,110,199,0,85,104,17,53,155,146,63,31,183,65,16,190,10,130,5,39,113,43,187,179,96,141,11,114,64,79,42,119,132,75,163,133,81,153,166,189,33,35,36,22,112,93,19,87,121,51];False
3925;6542;10467;[198,29,90,41,127,60,177,47,26,161,115,152,131,59,197,123,74,37,94,118,124,168,34,108,174,196,167,15,156,21,73,82,172,86,181,68,9,45,138,126,143,160,91,18,199,12,7,173,89,46,164,4,84,122,25,23,77,57,186,170,176,72,154,49,62,95,182,139,135,191,48,50,56,92,147,67,32,19,61,165,193,28,44,125,6,88,70,71,162,20,188,144,184,8,157,78,128,101,185,76,80,100,30,134,27,2,97,58,151,175,98,1,117,195,169,142,137,158,54,120,3,136,149,107,55,14,13,111,52,148,83,129,24,150,103,105,69,159,40,116,140,99,106,194,180,178,192,109,66,145,102,110,171,0,85,104,17,53,155,146,63,31,183,65,16,190,10,130,5,39,113,43,187,179,96,141,11,114,64,79,42,119,132,75,163,133,81,153,166,189,33,35,36,22,112,93,38,87,121,51];False
3936;6539;10475;[198,29,90,41,127,60,177,47,26,161,115,152,131,59,197,123,74,37,94,118,124,168,34,108,174,196,167,15,156,21,73,82,172,86,181,68,9,45,138,126,143,160,91,18,199,12,7,173,89,46,164,4,84,122,25,23,77,57,186,170,176,72,154,49,62,95,182,139,135,191,48,50,56,92,147,67,32,38,61,165,193,28,44,125,6,88,70,71,162,20,188,144,184,8,157,78,128,101,185,76,80,100,30,134,27,2,97,58,151,175,98,1,117,195,169,142,163,158,54,120,3,136,149,107,55,14,13,111,52,148,83,129,24,150,103,105,69,159,40,116,140,99,106,194,180,178,192,109,66,145,102,110,171,0,85,104,17,53,155,146,63,31,183,65,16,190,10,130,5,39,113,43,187,179,96,141,11,114,64,79,42,119,132,75,137,133,81,153,166,189,33,35,36,22,112,93,19,87,121,51];False
3988;6528;10516;[198,29,90,41,127,60,177,47,26,161,115,152,131,59,197,123,74,37,94,118,124,168,34,108,174,196,167,15,156,21,73,82,172,86,181,68,9,45,138,126,143,160,91,18,199,12,7,173,89,46,164,4,84,122,25,23,77,57,186,170,176,72,154,49,62,95,182,139,135,191,48,50,56,92,147,67,32,61,19,165,193,28,44,125,6,88,70,71,162,20,188,144,184,8,157,78,128,101,185,76,80,100,30,134,27,2,97,58,151,175,98,1,117,113,169,142,137,158,54,120,3,136,149,107,55,14,13,111,52,148,83,129,24,150,103,105,69,159,40,116,140,99,106,194,180,178,192,109,66,145,102,110,171,0,85,104,17,53,155,146,63,31,183,65,16,190,10,130,5,39,195,43,187,179,96,141,11,114,64,79,42,119,132,75,163,133,81,153,166,189,33,35,36,22,112,93,38,87,121,51];False
3901;6542;10443;[198,29,90,41,127,60,177,47,26,161,115,152,131,59,197,123,74,37,94,118,124,168,34,108,174,196,167,15,156,21,73,82,172,86,181,68,9,45,138,126,143,160,91,18,199,12,7,173,89,46,164,4,84,122,25,23,77,57,186,170,176,72,154,49,62,95,182,139,135,191,48,50,56,92,147,67,32,61,19,165,193,28,44,125,6,88,70,71,162,20,188,144,184,8,157,78,128,101,185,76,80,100,30,134,27,2,97,58,151,175,98,1,117,195,169,142,163,158,54,120,3,136,149,107,55,14,13,111,52,148,83,129,24,150,103,105,69,159,40,116,140,99,106,194,180,178,192,109,66,145,102,110,171,0,85,104,17,53,155,146,63,31,183,65,16,190,10,130,5,39,113,43,187,179,96,141,11,114,64,79,42,119,132,75,137,133,81,153,166,189,33,35,36,22,112,93,38,87,121,51];False
3769;6575;10344;[198,29,90,41,127,60,177,47,26,161,115,152,131,59,197,123,74,37,94,118,124,168,34,108,174,196,167,15,156,21,73,82,172,86,181,68,9,45,138,126,143,160,91,18,199,12,7,173,89,46,164,4,84,122,25,23,77,57,186,170,176,72,154,49,62,95,182,139,135,191,48,50,56,92,147,67,32,61,38,165,193,28,44,125,6,88,70,71,162,20,188,144,184,8,157,78,128,101,185,76,80,100,30,134,27,195,97,58,151,175,98,1,117,2,169,142,163,158,54,120,3,136,149,107,55,14,13,111,52,148,83,129,24,150,103,105,69,159,40,116,104,99,106,194,180,178,192,10,66,145,102,110,171,0,85,140,17,53,155,146,63,31,183,65,16,190,109,130,5,39,113,43,187,179,96,141,11,114,64,79,42,119,132,75,137,133,81,153,166,189,33,35,36,22,112,93,19,87,121,51];False
3719;6590;10309;[198,29,90,41,127,60,42,47,26,161,115,152,131,59,197,123,74,37,94,118,124,168,34,108,174,196,167,15,156,21,73,82,172,86,181,68,9,45,138,126,143,160,91,18,199,12,7,173,89,46,164,4,84,122,25,23,77,57,186,170,176,72,154,49,62,95,182,139,135,191,48,50,56,92,147,67,32,61,38,165,193,28,44,125,6,88,70,71,162,20,188,144,184,8,157,78,128,101,185,76,80,100,30,134,27,195,97,58,151,175,98,1,117,2,169,142,137,158,54,120,3,136,149,107,55,14,13,111,52,148,83,129,24,150,103,105,69,159,40,116,104,99,106,194,180,178,192,10,66,145,102,110,171,0,85,140,17,53,155,146,63,31,183,65,16,190,109,130,5,39,113,43,187,179,96,141,11,114,64,79,177,119,132,75,163,133,81,153,166,189,33,35,36,22,112,93,19,87,121,51];False
3736;6584;10320;[198,29,90,41,127,60,177,47,26,161,115,152,131,59,197,123,74,37,94,118,124,168,34,108,174,196,167,15,156,21,73,82,172,86,181,68,9,45,138,126,143,160,91,18,199,12,7,173,89,46,164,4,84,122,25,23,77,57,186,170,176,72,154,49,62,95,182,139,135,191,48,50,56,92,147,67,32,61,38,165,193,28,44,125,6,88,70,71,162,20,188,144,184,8,157,78,128,101,185,76,80,100,30,134,27,195,97,58,151,175,2,1,117,98,169,142,137,158,54,120,3,136,149,107,55,14,13,111,52,148,83,129,24,150,103,105,69,159,40,116,104,99,106,194,180,178,192,10,66,145,102,110,171,0,85,140,17,53,155,146,63,31,183,65,16,190,109,130,5,39,113,43,187,179,96,141,11,114,64,79,42,119,132,75,163,133,81,153,166,189,33,35,36,22,112,93,19,87,121,51];False
3810;6563;10373;[198,29,90,41,127,60,177,47,26,161,115,152,131,59,197,123,74,37,94,118,124,168,17,108,174,196,167,15,156,21,73,82,172,86,181,68,9,45,138,126,143,160,91,18,199,12,7,173,89,46,164,4,84,122,25,23,77,57,186,170,176,72,154,49,62,95,182,139,135,191,48,50,56,92,147,67,32,61,38,165,193,28,44,125,6,88,70,71,162,20,188,144,184,8,157,78,128,101,185,76,80,100,30,134,27,2,97,58,151,175,98,1,117,195,169,142,137,158,54,120,3,136,149,107,55,14,13,111,52,148,83,129,24,150,103,105,69,159,40,116,104,99,106,194,180,178,192,109,66,145,102,110,171,0,85,140,34,53,155,146,63,31,183,65,16,190,10,130,5,39,113,43,187,179,96,141,11,114,64,79,42,119,132,75,163,133,81,153,166,189,33,35,36,22,112,93,19,87,121,51];False
3945;6538;10483;[198,29,90,41,127,60,177,47,26,161,115,152,131,59,197,123,74,37,94,118,124,168,34,108,174,196,167,15,156,21,73,82,172,86,181,68,9,45,138,126,143,160,91,18,199,12,7,173,89,46,164,4,84,122,25,23,77,57,186,170,176,72,154,49,62,95,182,139,135,191,48,50,56,92,147,67,32,61,38,165,193,28,44,125,6,88,70,71,162,20,188,144,184,8,157,78,128,101,185,76,80,100,30,134,27,2,97,58,151,175,98,1,117,113,169,142,137,158,54,120,3,136,149,107,55,14,13,111,52,148,83,129,24,150,103,105,69,159,40,116,104,99,106,194,180,178,192,109,66,145,102,110,171,0,85,140,17,53,155,146,63,31,183,65,16,190,10,130,5,39,195,43,187,179,96,141,11,114,64,79,42,119,132,75,163,133,81,153,166,189,33,35,36,22,112,93,19,87,121,51];False
3963;6537;10500;[198,29,90,41,127,60,177,47,26,161,115,152,131,59,197,123,74,37,94,118,124,168,34,108,174,196,167,15,156,21,73,82,172,86,181,68,9,45,138,126,143,160,91,18,199,12,7,173,89,46,164,4,84,122,25,23,77,57,186,170,176,72,154,49,62,95,182,139,135,191,48,50,56,92,147,67,32,61,38,165,193,28,44,125,6,88,70,71,162,20,188,144,184,8,157,78,128,101,185,76,80,100,30,134,27,2,97,58,151,175,113,1,117,98,169,142,137,158,54,120,3,136,149,107,55,14,13,111,52,148,83,129,24,150,103,105,69,159,40,116,140,99,106,194,180,178,192,109,66,145,102,110,171,0,85,104,17,53,155,146,63,31,183,65,16,190,10,130,5,39,195,43,187,179,96,141,11,114,64,79,42,119,132,75,163,133,81,153,166,189,33,35,36,22,112,93,19,87,121,51];False
3994;6526;10520;[198,29,90,41,127,60,177,47,26,161,115,152,131,59,197,123,74,37,94,118,124,168,34,108,174,196,167,15,156,21,73,82,172,86,181,68,9,45,138,126,143,160,91,18,199,12,7,173,89,46,164,4,84,122,25,23,77,57,186,170,176,72,154,49,62,95,182,139,135,191,48,50,56,92,147,67,32,61,38,165,193,28,44,125,6,88,70,71,162,20,188,144,184,8,157,78,128,101,185,76,80,100,30,134,27,2,97,58,151,175,98,1,117,113,169,142,163,158,54,120,3,136,149,107,55,14,13,111,52,148,83,129,24,150,103,105,69,159,40,116,140,99,106,194,180,178,192,109,66,145,102,110,171,0,85,104,17,53,155,146,63,31,183,65,16,190,10,130,5,39,195,43,187,179,96,141,11,114,64,79,42,119,132,75,137,133,81,153,166,189,33,35,36,22,112,93,19,87,121,51];False
4085;6513;10598;[198,29,90,41,187,60,177,47,26,161,115,152,131,59,197,123,74,37,94,118,124,168,34,108,174,196,167,15,156,21,73,82,172,86,181,68,9,45,138,126,143,160,91,18,171,12,7,173,89,46,164,4,84,122,25,23,77,57,186,170,176,72,154,49,62,95,182,139,135,191,48,50,56,92,147,67,32,61,19,165,193,28,44,125,6,88,70,71,162,20,188,144,184,8,157,78,128,101,185,76,80,100,30,134,27,2,97,58,151,175,98,1,117,195,169,142,163,158,54,120,3,136,149,107,55,14,13,111,52,148,83,129,24,150,103,105,69,159,40,116,140,99,106,194,180,178,192,109,66,145,102,110,199,0,85,104,17,53,155,146,63,31,183,65,16,190,10,130,5,39,113,43,127,179,96,141,11,114,64,79,42,119,132,75,137,133,81,153,166,189,33,35,36,22,112,93,38,87,121,51];False
4177;6496;10673;[198,29,90,41,187,60,177,47,26,161,115,152,131,59,197,123,74,37,94,118,124,168,34,108,174,196,167,15,156,21,73,82,172,86,181,68,9,45,138,126,143,160,91,18,199,12,7,173,89,46,164,4,84,122,25,23,77,57,186,170,176,72,154,49,62,95,182,139,135,191,48,50,56,92,147,67,32,61,19,165,193,28,44,125,6,88,70,71,162,20,188,144,184,8,157,78,128,101,185,76,80,100,30,134,27,2,97,58,151,175,98,1,117,113,169,142,163,158,54,120,3,136,149,107,55,14,13,111,52,148,83,129,24,150,103,105,69,159,40,116,140,99,106,194,180,178,192,109,66,145,102,110,171,0,85,104,17,53,155,146,63,31,183,65,16,190,10,130,5,39,195,43,127,179,96,141,11,114,64,79,42,119,132,75,137,133,81,153,166,189,33,35,36,22,112,93,38,87,121,51];False
4082;6514;10596;[198,29,90,41,187,179,177,47,26,161,115,152,131,59,197,123,74,37,94,118,124,168,34,108,174,196,167,15,156,21,73,82,172,86,181,68,9,45,138,126,143,160,91,18,199,12,7,173,89,46,164,4,84,122,25,23,77,57,186,170,176,72,154,49,62,95,182,139,135,191,48,50,56,92,147,67,32,61,38,165,193,28,44,125,6,88,70,71,162,20,188,144,184,8,157,78,128,101,185,76,80,100,30,134,27,2,97,58,151,175,98,1,117,113,169,142,163,158,54,120,3,136,149,107,55,14,13,111,52,148,83,129,24,150,103,105,69,159,40,116,140,99,106,194,180,178,192,109,66,145,102,110,171,0,85,104,17,53,155,146,63,31,183,65,16,190,10,130,5,39,195,43,127,60,96,141,11,114,64,79,42,119,132,75,137,133,81,153,166,189,33,35,36,22,112,93,19,87,121,51];False
4863;6405;11268;[198,29,90,41,187,60,179,47,26,161,115,152,163,59,197,123,74,37,94,118,124,168,34,108,174,196,167,15,156,21,73,82,172,86,181,68,9,45,138,126,143,160,91,18,171,195,7,173,89,46,164,4,84,122,25,23,77,57,186,170,176,3,154,49,39,98,182,139,135,191,48,50,56,92,147,67,32,38,87,165,193,28,44,125,6,88,70,71,162,20,188,61,184,8,72,78,128,101,185,76,80,100,30,134,27,2,97,58,158,62,95,1,117,113,169,142,131,110,54,120,157,136,149,107,55,14,13,111,52,148,83,129,24,150,103,105,69,159,40,116,140,99,106,194,180,178,192,109,66,145,102,151,199,0,85,104,17,53,155,146,63,31,183,65,16,190,10,130,5,175,12,43,127,79,42,141,11,114,64,96,177,119,132,75,137,133,81,153,166,189,33,35,36,22,112,93,19,144,121,51];False
4880;6404;11284;[198,29,90,41,187,60,179,47,26,161,115,152,163,59,197,123,74,37,94,118,124,168,34,108,174,196,167,15,156,21,73,82,172,86,181,68,9,45,138,126,143,160,91,18,171,195,7,173,89,144,164,4,84,122,25,23,77,57,186,39,176,3,154,49,170,98,182,139,135,191,48,50,56,92,147,67,32,38,87,165,193,28,44,125,6,88,70,71,162,20,188,61,184,8,72,78,128,101,185,76,80,100,30,134,27,2,97,58,158,62,95,1,117,113,169,142,131,110,54,120,157,136,149,107,55,14,13,111,52,148,83,129,24,150,103,105,69,159,40,116,140,99,106,194,180,178,192,109,66,145,102,151,199,0,85,104,17,53,155,146,63,31,183,65,16,190,10,130,5,175,12,43,127,79,42,141,11,114,64,96,177,119,132,75,137,133,81,153,166,189,33,35,36,22,112,93,19,46,121,51];False
4881;6403;11284;[198,29,90,41,187,60,179,47,26,161,115,152,163,59,197,123,74,37,94,118,124,168,34,108,174,196,167,15,156,21,73,82,172,86,181,68,9,45,138,126,143,160,91,18,171,195,7,173,89,144,164,4,84,122,25,23,77,57,186,170,98,3,154,49,39,176,182,139,135,191,48,50,56,92,147,67,32,38,87,165,193,28,44,125,6,88,70,71,162,20,188,61,184,8,72,78,128,101,185,76,80,100,30,134,27,2,97,58,158,62,95,1,117,113,169,142,131,110,54,120,157,136,149,107,55,14,13,111,52,148,83,129,24,150,103,105,69,159,40,116,140,99,106,194,180,178,192,109,66,145,102,151,199,0,85,104,17,53,155,146,63,31,183,65,16,190,10,130,5,175,12,43,127,79,42,141,11,114,64,96,177,119,132,75,137,133,81,153,166,189,33,35,36,22,112,93,19,46,121,51];False
4842;6403;11245;[198,29,90,41,187,60,179,47,26,161,115,152,163,59,197,123,74,37,94,118,124,168,34,108,174,196,167,15,156,21,73,82,172,86,181,68,9,45,138,126,143,160,91,18,171,195,7,173,89,144,164,4,84,122,25,23,77,57,186,170,176,3,154,49,76,98,182,139,135,191,48,50,56,92,147,67,32,38,87,165,193,28,44,125,6,88,70,71,162,20,188,61,184,8,72,78,128,101,185,39,80,100,30,134,27,2,97,58,158,62,95,1,117,113,169,142,131,110,54,120,157,136,149,107,55,14,13,111,52,148,83,129,24,150,103,105,69,159,40,116,140,99,106,194,180,178,192,109,66,145,102,151,199,0,85,104,17,53,155,146,63,31,183,65,16,190,10,130,5,175,12,43,127,79,42,141,11,114,64,96,177,119,132,75,137,133,81,153,166,189,33,35,36,22,112,93,19,46,121,51];False
5041;6388;11429;[198,29,90,41,187,60,179,47,26,161,115,152,163,59,197,123,74,37,94,118,124,168,34,108,174,196,167,15,156,21,73,82,172,86,181,68,9,45,138,126,143,160,91,18,171,195,7,173,89,144,164,4,84,122,25,23,77,57,186,170,176,3,154,49,39,98,182,139,135,188,48,50,56,92,147,67,32,38,87,165,193,28,44,125,6,88,70,71,162,20,191,61,184,8,72,78,128,101,185,76,80,100,30,134,27,2,97,58,158,62,95,1,117,113,169,142,131,110,54,120,157,136,149,107,55,14,13,111,52,148,83,129,24,150,103,105,69,159,40,116,140,99,106,194,180,178,192,109,66,145,102,151,199,0,85,104,17,53,155,146,63,31,183,65,16,190,10,130,5,175,12,43,127,79,42,141,11,114,64,96,177,119,132,75,137,133,81,153,166,189,33,35,36,22,112,93,19,46,121,51];False
5017;6392;11409;[198,29,90,41,187,60,179,47,26,161,115,152,163,59,197,123,74,37,94,118,124,168,34,108,174,196,167,15,156,21,73,82,172,86,181,68,9,45,138,126,143,160,91,18,171,195,7,173,89,144,164,4,84,122,25,23,77,57,186,170,176,3,154,49,39,98,182,139,135,191,48,50,56,92,147,67,32,38,87,165,193,28,44,125,6,88,70,71,162,20,188,61,184,8,72,78,128,101,185,76,80,131,30,134,27,2,97,58,158,62,95,1,117,113,169,142,100,110,54,120,157,136,149,107,55,14,13,111,52,148,83,129,24,150,103,105,69,159,40,116,140,99,106,194,180,178,192,109,66,145,102,151,199,0,85,104,17,53,155,146,63,31,183,65,16,190,10,130,5,175,12,43,127,79,42,141,11,114,64,96,177,119,132,75,137,133,81,153,166,189,33,35,36,22,112,93,19,46,121,51];False
4521;6444;10965;[198,29,90,41,187,79,179,47,26,161,115,152,163,59,197,123,74,37,94,118,124,168,34,108,174,196,167,15,156,21,73,82,172,86,181,68,9,45,138,126,143,160,91,18,171,195,7,173,89,46,164,4,84,122,25,23,77,57,186,170,176,72,154,49,76,98,182,139,135,191,48,50,56,92,147,67,32,38,87,165,193,28,44,125,6,88,70,71,162,20,188,61,184,8,157,78,128,101,185,39,80,100,30,134,27,2,97,58,158,62,95,1,117,113,169,142,131,110,54,120,3,136,149,107,55,14,13,111,52,148,83,129,24,150,103,105,69,159,40,116,140,99,106,194,180,178,192,109,66,145,102,151,199,0,85,104,17,53,155,146,63,31,183,65,16,190,10,130,5,175,12,43,127,60,42,141,11,114,64,96,177,119,132,75,137,133,81,153,166,189,33,35,36,22,112,93,19,144,121,51];False
4538;6441;10979;[198,29,90,41,172,60,179,47,26,161,115,152,163,59,197,123,74,37,94,118,124,168,34,108,174,196,167,15,156,21,73,82,187,86,181,68,9,45,138,126,143,160,91,18,171,195,7,173,89,46,164,4,84,122,25,23,77,57,186,170,176,72,154,49,76,98,182,139,135,191,48,50,56,92,147,67,32,38,87,165,193,28,44,125,6,88,70,71,162,20,188,61,184,8,157,78,128,101,185,39,80,100,30,134,27,2,97,58,158,62,95,1,117,113,169,142,131,110,54,120,3,136,149,107,55,14,13,111,52,148,83,129,24,150,103,105,69,159,40,116,140,99,106,194,180,178,192,109,66,145,102,151,199,0,85,104,17,53,155,146,63,31,183,65,16,190,10,130,5,175,12,43,127,79,42,141,11,114,64,96,177,119,132,75,137,133,81,153,166,189,33,35,36,22,112,93,19,144,121,51];False
4572;6438;11010;[198,29,90,41,187,60,42,47,26,161,115,152,163,59,197,123,74,37,94,118,124,168,34,108,174,196,167,15,156,21,73,82,172,86,181,68,9,45,138,126,143,160,91,18,171,195,7,173,89,46,164,4,84,122,25,23,77,57,186,170,176,72,154,49,76,98,182,139,135,191,48,50,56,92,147,67,32,38,87,165,193,28,44,125,6,88,70,71,162,20,188,61,184,8,157,78,128,101,185,39,80,100,30,134,27,2,97,58,158,62,95,1,117,113,169,142,131,110,54,120,3,136,149,107,55,14,13,111,52,148,83,129,24,150,103,105,69,159,40,116,140,99,106,194,180,178,192,109,66,145,102,151,199,0,85,104,17,53,155,146,63,31,183,65,16,190,10,130,5,175,12,43,127,79,179,141,11,114,64,96,177,119,132,75,137,133,81,153,166,189,33,35,36,22,112,93,19,144,121,51];False
4550;6439;10989;[198,29,90,41,187,60,179,47,26,161,115,152,172,59,197,123,74,37,94,118,124,168,34,108,174,196,167,15,156,21,73,82,163,86,181,68,9,45,138,126,143,160,91,18,171,195,7,173,89,46,164,4,84,122,25,23,77,57,186,170,176,72,154,49,76,98,182,139,135,191,48,50,56,92,147,67,32,38,87,165,193,28,44,125,6,88,70,71,162,20,188,61,184,8,157,78,128,101,185,39,80,100,30,134,27,2,97,58,158,62,95,1,117,113,169,142,131,110,54,120,3,136,149,107,55,14,13,111,52,148,83,129,24,150,103,105,69,159,40,116,140,99,106,194,180,178,192,109,66,145,102,151,199,0,85,104,17,53,155,146,63,31,183,65,16,190,10,130,5,175,12,43,127,79,42,141,11,114,64,96,177,119,132,75,137,133,81,153,166,189,33,35,36,22,112,93,19,144,121,51];False
4569;6438;11007;[198,29,90,41,187,60,179,47,26,161,115,152,163,171,197,123,74,37,94,118,124,168,34,108,174,196,167,15,156,21,73,82,172,86,181,68,9,45,138,126,143,160,91,18,59,195,7,173,89,46,164,4,84,122,25,23,77,57,186,170,176,72,154,49,76,98,182,139,135,191,48,50,56,92,147,67,32,38,87,165,193,28,44,125,6,88,70,71,162,20,188,61,184,8,157,78,128,101,185,39,80,100,30,134,27,2,97,58,158,62,95,1,117,113,169,142,131,110,54,120,3,136,149,107,55,14,13,111,52,148,83,129,24,150,103,105,69,159,40,116,140,99,106,194,180,178,192,109,66,145,102,151,199,0,85,104,17,53,155,146,63,31,183,65,16,190,10,130,5,175,12,43,127,79,42,141,11,114,64,96,177,119,132,75,137,133,81,153,166,189,33,35,36,22,112,93,19,144,121,51];False
4595;6434;11029;[198,29,90,41,187,60,179,47,26,161,115,152,163,122,197,123,74,37,94,118,124,168,34,108,174,196,167,15,156,21,73,82,172,86,181,68,9,45,138,126,143,160,91,18,171,195,7,173,89,46,164,4,84,59,25,23,77,57,186,170,176,72,154,49,76,98,182,139,135,191,48,50,56,92,147,67,32,38,87,165,193,28,44,125,6,88,70,71,162,20,188,61,184,8,157,78,128,101,185,39,80,100,30,134,27,2,97,58,158,62,95,1,117,113,169,142,131,110,54,120,3,136,149,107,55,14,13,111,52,148,83,129,24,150,103,105,69,159,40,116,140,99,106,194,180,178,192,109,66,145,102,151,199,0,85,104,17,53,155,146,63,31,183,65,16,190,10,130,5,175,12,43,127,79,42,141,11,114,64,96,177,119,132,75,137,133,81,153,166,189,33,35,36,22,112,93,19,144,121,51];False
4601;6432;11033;[198,29,90,41,187,60,179,47,26,161,115,152,163,59,197,123,74,37,94,118,124,168,34,108,174,196,167,15,156,21,73,82,172,86,181,68,9,45,138,126,143,160,91,18,171,195,7,173,89,46,164,4,84,122,25,23,77,57,186,170,176,72,154,49,76,11,182,139,135,191,48,50,56,92,147,67,32,38,87,165,193,28,44,125,6,88,70,71,162,20,188,61,184,8,157,78,128,101,185,39,80,100,30,134,27,2,97,58,158,62,95,1,117,113,169,142,131,110,54,120,3,136,149,107,55,14,13,111,52,148,83,129,24,150,103,105,69,159,40,116,140,99,106,194,180,178,192,109,66,145,102,151,199,0,85,104,17,53,155,146,63,31,183,65,16,190,10,130,5,175,12,43,127,79,42,141,98,114,64,96,177,119,132,75,137,133,81,153,166,189,33,35,36,22,112,93,19,144,121,51];False
4594;6436;11030;[198,29,90,41,187,60,179,47,26,161,115,152,163,59,197,123,74,37,94,118,124,168,34,108,174,196,167,15,156,21,73,82,172,86,181,68,9,45,138,126,143,160,91,18,171,195,7,173,89,46,164,4,84,122,25,23,77,57,186,170,176,72,154,49,76,98,182,139,135,191,140,50,56,92,147,67,32,38,87,165,193,28,44,125,6,88,70,71,162,20,188,61,184,8,157,78,128,101,185,39,80,100,30,134,27,2,97,58,158,62,95,1,117,113,169,142,131,110,54,120,3,136,149,107,55,14,13,111,52,148,83,129,24,150,103,105,69,159,40,116,48,99,106,194,180,178,192,109,66,145,102,151,199,0,85,104,17,53,155,146,63,31,183,65,16,190,10,130,5,175,12,43,127,79,42,141,11,114,64,96,177,119,132,75,137,133,81,153,166,189,33,35,36,22,112,93,19,144,121,51];False
4583;6435;11018;[198,29,90,41,187,60,179,47,26,161,115,152,163,59,197,123,74,37,94,118,124,168,34,108,174,196,167,15,156,21,73,82,172,86,181,68,9,45,138,126,143,160,91,18,171,195,7,173,89,46,164,4,84,122,25,23,77,57,186,170,176,72,154,49,76,98,182,139,135,191,48,50,56,92,147,67,32,38,87,165,193,28,44,125,6,88,70,71,162,20,188,144,184,8,157,78,128,101,185,39,80,100,30,134,27,2,97,58,158,62,95,1,117,113,169,142,131,110,54,120,3,136,149,107,55,14,13,111,52,148,83,129,24,150,103,105,69,159,40,116,140,99,106,194,180,178,192,109,66,145,102,151,199,0,85,104,17,53,155,146,63,31,183,65,16,190,10,130,5,175,12,43,127,79,42,141,11,114,64,96,177,119,132,75,137,133,81,153,166,189,33,35,36,22,112,93,19,61,121,51];False
4569;6437;11006;[198,29,90,41,187,60,179,47,26,161,115,152,163,59,197,123,74,37,94,118,124,168,34,108,174,196,167,15,156,21,73,82,172,86,181,68,9,45,138,126,143,160,91,18,171,195,7,173,89,46,164,4,84,122,25,23,77,57,186,170,176,72,154,49,76,98,182,139,135,191,48,50,56,92,147,67,32,38,87,165,193,28,44,125,6,88,70,71,162,20,188,61,184,8,157,78,128,101,185,39,80,100,30,134,27,2,97,58,110,62,95,1,117,113,169,142,131,158,54,120,3,136,149,107,55,14,13,111,52,148,83,129,24,150,103,105,69,159,40,116,140,99,106,194,180,178,192,109,66,145,102,151,199,0,85,104,17,53,155,146,63,31,183,65,16,190,10,130,5,175,12,43,127,79,42,141,11,114,64,96,177,119,132,75,137,133,81,153,166,189,33,35,36,22,112,93,19,144,121,51];False
4588;6433;11021;[198,29,90,41,187,60,179,47,26,161,115,152,163,59,197,123,74,37,94,118,124,168,34,108,174,196,167,15,156,21,73,82,172,86,181,68,9,45,138,126,143,160,91,18,171,195,7,173,89,46,164,4,84,122,25,23,77,57,186,170,176,72,154,49,76,98,182,139,135,191,48,50,56,92,147,67,32,38,87,165,193,28,44,125,6,88,70,71,162,20,188,61,184,8,157,78,128,101,185,39,80,100,30,134,27,2,97,58,158,62,95,1,117,113,169,142,131,110,54,120,3,136,149,107,55,14,13,111,52,148,83,129,24,150,103,105,69,159,40,116,104,99,106,194,180,178,192,109,66,145,102,151,199,0,85,140,17,53,155,146,63,31,183,65,16,190,10,130,5,175,12,43,127,79,42,141,11,114,64,96,177,119,132,75,137,133,81,153,166,189,33,35,36,22,112,93,19,144,121,51];False
4921;6400;11321;[198,29,90,41,187,60,179,47,26,161,115,152,163,59,197,123,74,37,94,118,124,168,34,108,174,196,167,15,156,21,73,82,172,86,181,68,9,45,138,126,143,160,91,18,171,195,7,173,89,144,164,4,84,122,25,23,77,57,186,170,176,157,154,49,76,98,182,139,135,188,48,50,56,92,147,67,32,38,87,165,193,28,44,125,6,88,70,71,162,20,191,61,184,8,72,78,128,101,185,39,80,100,30,134,27,2,97,58,158,62,95,1,117,113,169,142,131,110,54,120,3,136,149,107,55,14,13,111,52,148,83,129,24,150,103,105,69,159,40,116,140,99,106,194,180,178,192,109,66,145,102,151,199,0,85,104,17,53,155,146,63,31,183,65,16,190,10,130,5,175,12,43,127,79,42,141,11,114,64,96,177,119,132,75,137,133,81,153,166,189,33,35,36,22,112,93,19,46,121,51];False
3703;6592;10295;[198,29,90,41,127,60,177,47,26,161,115,152,131,59,197,123,74,37,94,118,124,168,34,108,174,196,167,15,156,21,73,82,172,86,181,68,9,45,138,126,143,160,173,18,199,12,98,91,89,46,164,4,84,122,25,23,77,57,186,170,176,72,154,49,62,95,182,139,135,191,48,50,56,92,147,67,32,61,19,165,193,28,44,125,6,88,70,71,162,20,188,144,184,8,157,78,128,101,185,76,80,100,30,134,27,195,97,58,151,175,7,1,117,2,169,142,137,158,54,120,3,136,149,107,55,14,13,111,52,148,83,129,24,150,103,105,69,159,40,116,140,99,106,194,180,178,192,10,66,145,102,110,171,0,85,104,17,53,155,146,63,31,183,65,16,190,109,130,5,39,113,43,187,179,96,141,11,114,64,79,42,119,132,75,163,133,81,153,166,189,33,35,36,22,112,93,38,87,121,51];False
3739;6582;10321;[198,29,90,41,127,60,177,47,26,161,115,152,131,59,197,123,74,37,94,118,124,168,34,108,174,196,167,15,156,21,73,82,172,86,181,68,9,45,138,126,143,160,173,18,199,12,98,91,89,46,164,4,84,122,25,23,77,57,186,170,176,72,154,49,62,95,182,139,135,191,48,50,56,92,147,67,32,61,19,165,193,28,44,125,6,88,70,71,162,20,188,144,184,8,157,78,128,101,185,76,80,100,30,134,27,2,97,58,175,151,7,1,117,195,169,142,137,158,54,120,3,136,149,107,55,14,13,111,52,148,83,129,24,150,103,105,69,159,40,116,140,99,106,194,180,178,192,10,66,145,102,110,171,0,85,104,17,53,155,146,63,31,183,65,16,190,109,130,5,39,113,43,187,179,96,141,11,114,64,79,42,119,132,75,163,133,81,153,166,189,33,35,36,22,112,93,38,87,121,51];False
3668;6607;10275;[198,29,90,41,127,60,177,47,26,161,115,152,131,59,197,123,74,37,94,118,124,168,34,108,174,196,167,15,156,21,73,82,172,86,181,68,9,45,138,126,143,160,173,18,199,12,98,91,89,46,164,4,84,122,25,23,77,57,186,170,176,72,154,49,62,95,182,139,135,191,48,50,56,92,147,67,32,61,19,165,193,28,44,125,6,88,70,71,162,20,188,144,184,8,157,78,128,101,185,76,80,100,30,134,27,2,97,58,151,175,7,1,117,195,169,142,137,158,54,120,3,136,149,107,55,14,13,111,52,148,83,129,24,150,103,140,69,159,40,116,105,99,106,194,180,178,192,10,66,145,102,110,171,0,85,104,17,53,155,146,63,31,183,65,16,190,109,130,5,39,113,43,187,179,96,141,11,114,64,79,42,119,132,75,163,133,81,153,166,189,33,35,36,22,112,93,38,87,121,51];False
3713;6590;10303;[198,29,90,41,127,60,177,47,26,161,115,152,131,59,197,123,74,37,94,118,124,168,34,108,174,196,167,15,156,21,73,82,172,86,181,68,9,45,138,126,143,160,173,18,199,12,98,91,89,46,164,4,84,122,25,23,77,57,186,170,176,72,154,49,62,95,182,139,135,191,48,50,56,92,147,67,32,61,19,165,193,28,44,125,6,88,70,71,162,20,188,144,184,8,157,78,128,101,185,76,80,100,30,134,27,2,97,58,151,175,7,1,117,195,169,142,137,158,54,120,3,136,149,107,55,14,13,111,52,148,83,129,24,150,103,105,69,159,40,116,104,99,106,194,180,178,192,10,66,145,102,110,171,0,85,140,17,53,155,146,63,31,183,65,16,190,109,130,5,39,113,43,187,179,96,141,11,114,64,79,42,119,132,75,163,133,81,153,166,189,33,35,36,22,112,93,38,87,121,51];False
3792;6569;10361;[198,29,90,41,127,60,177,47,26,161,115,152,131,59,197,123,74,37,94,118,124,168,34,108,174,196,167,15,156,21,73,82,172,86,181,68,9,45,138,126,143,160,173,18,199,12,98,91,89,46,164,4,84,122,25,23,77,57,186,170,176,72,154,49,62,95,182,139,135,191,48,50,56,92,147,67,32,61,19,165,193,28,44,125,6,88,70,71,162,20,188,144,184,8,157,78,128,101,185,76,80,100,30,134,27,2,97,58,151,175,7,1,117,195,169,142,137,158,54,120,3,136,149,107,55,14,13,111,52,148,83,129,24,150,103,105,69,159,40,116,140,99,106,194,180,178,192,109,66,145,102,110,171,0,85,104,17,53,155,146,63,31,183,65,16,190,10,130,5,39,113,43,187,179,96,141,11,114,64,79,42,119,132,75,163,133,81,153,166,189,33,35,36,22,112,93,38,87,121,51];False
3643;6613;10256;[198,29,90,41,127,60,42,47,26,161,115,152,131,59,197,123,74,37,94,118,124,168,34,108,174,196,167,15,156,21,73,82,172,86,181,68,9,45,138,126,143,160,173,18,199,12,98,91,89,46,164,4,84,122,25,23,77,57,186,170,176,72,154,49,62,95,182,139,135,191,48,50,56,92,147,67,32,61,38,165,193,28,44,125,7,88,70,71,162,20,188,144,184,8,157,78,128,101,185,76,80,100,30,134,27,2,97,58,151,175,6,1,117,195,169,142,137,158,54,120,3,136,149,107,55,14,13,111,52,148,83,129,24,150,103,105,69,159,40,116,140,99,106,194,180,178,192,10,66,145,102,110,171,0,85,104,17,53,155,146,63,31,183,65,16,190,109,130,5,39,113,43,187,179,96,141,11,114,64,79,177,119,132,75,163,133,81,153,166,189,33,35,36,22,112,93,19,87,121,51];False
3675;6598;10273;[198,29,90,41,127,60,177,47,26,161,115,152,131,59,197,123,74,37,94,118,124,168,34,108,174,196,167,15,156,21,73,82,172,86,181,68,9,45,138,126,143,160,173,18,199,12,98,7,89,46,164,4,84,122,25,23,77,57,186,170,176,72,154,49,62,95,182,139,135,191,48,50,56,92,147,67,32,61,38,165,193,28,44,125,91,88,70,71,162,20,188,144,184,8,157,78,128,101,185,76,80,100,30,134,27,2,97,58,151,175,6,1,117,195,169,142,137,158,54,120,3,136,149,107,55,14,13,111,52,148,83,129,24,150,103,105,69,159,40,116,140,99,106,194,180,178,192,10,66,145,102,110,171,0,85,104,17,53,155,146,63,31,183,65,16,190,109,130,5,39,113,43,187,179,96,141,11,114,64,79,42,119,132,75,163,133,81,153,166,189,33,35,36,22,112,93,19,87,121,51];False
3582;6623;10205;[198,29,90,41,127,60,177,47,26,161,115,152,131,59,197,123,74,37,94,118,124,168,34,108,174,196,167,15,156,21,73,82,172,86,181,68,9,45,138,126,143,160,173,18,199,12,98,91,89,46,164,4,84,122,25,23,77,57,186,170,176,72,154,49,62,95,182,139,135,191,48,50,56,92,147,67,32,61,38,165,193,7,44,125,28,88,70,71,162,20,188,144,184,8,157,78,128,101,185,76,80,100,30,134,27,2,97,58,151,175,6,1,117,195,169,142,137,158,54,120,3,136,149,107,55,14,13,111,52,148,83,129,24,150,103,105,69,159,40,116,140,99,106,194,180,178,192,10,66,145,102,110,171,0,85,104,17,53,155,146,63,31,183,65,16,190,109,130,5,39,113,43,187,179,96,141,11,114,64,79,42,119,132,75,163,133,81,153,166,189,33,35,36,22,112,93,19,87,121,51];False
3634;6612;10246;[198,29,90,41,127,60,177,47,26,161,115,152,131,59,197,123,74,37,94,118,124,168,34,108,174,196,167,15,156,21,73,82,172,86,181,68,9,45,138,126,143,160,173,18,199,12,98,91,89,46,164,4,84,122,25,23,77,57,186,170,176,72,154,49,62,95,182,139,135,191,48,50,56,92,147,67,32,61,38,165,193,28,44,125,7,88,70,71,162,20,188,144,184,8,157,78,128,101,185,76,80,100,30,134,27,195,97,58,151,175,6,1,117,2,169,142,137,158,54,120,3,136,149,107,55,14,13,111,52,148,83,129,24,150,103,105,69,159,40,116,140,99,106,194,180,178,192,10,66,145,102,110,171,0,85,104,17,53,155,146,63,31,183,65,16,190,109,130,5,39,113,43,187,179,96,141,11,114,64,79,42,119,132,75,163,133,81,153,166,189,33,35,36,22,112,93,19,87,121,51];False
3644;6610;10254;[198,29,90,41,127,60,177,47,26,161,115,152,131,59,197,123,74,37,94,118,124,168,34,108,174,196,167,15,156,21,73,82,172,86,181,68,9,45,138,126,143,160,173,18,199,12,98,91,89,46,164,4,84,122,25,23,77,57,186,170,176,72,154,49,62,95,182,139,135,191,48,50,56,92,147,67,32,61,38,165,193,28,44,125,7,88,70,71,162,20,188,144,184,8,157,78,128,101,185,76,80,100,30,134,27,2,97,58,151,175,6,1,117,195,169,142,137,158,54,120,3,136,149,107,55,14,13,111,52,148,83,129,24,150,103,105,69,159,40,116,104,99,106,194,180,178,192,10,66,145,102,110,171,0,85,140,17,53,155,146,63,31,183,65,16,190,109,130,5,39,113,43,187,179,96,141,11,114,64,79,42,119,132,75,163,133,81,153,166,189,33,35,36,22,112,93,19,87,121,51];False
3659;6605;10264;[198,29,90,41,127,60,42,47,26,161,115,152,131,59,197,123,74,37,94,118,124,168,34,108,174,196,167,15,156,21,73,82,172,86,181,68,9,45,138,126,143,160,173,18,199,12,98,91,89,46,164,4,84,122,25,23,77,57,186,170,176,72,154,49,62,95,182,139,135,191,48,50,56,92,147,67,32,61,38,165,193,28,44,125,6,88,70,71,162,20,188,144,184,8,157,78,128,101,185,76,80,100,30,134,27,195,97,58,151,175,7,1,117,2,169,142,137,158,54,120,3,136,149,107,55,14,13,111,52,148,83,129,24,150,103,105,69,159,40,116,140,99,106,194,180,178,192,10,66,145,102,110,171,0,85,104,17,53,155,146,63,31,183,65,16,190,109,130,5,39,113,43,187,179,96,141,11,114,64,79,177,119,132,75,163,133,81,153,166,189,33,35,36,22,112,93,19,87,121,51];False
3686;6594;10280;[198,29,90,41,127,60,177,47,26,161,115,152,131,59,197,123,74,37,94,118,124,168,34,108,174,196,167,15,156,21,73,82,172,86,181,68,9,45,138,126,143,160,173,18,199,12,98,91,89,46,164,4,84,122,25,23,77,57,186,170,176,72,154,49,62,95,182,139,135,191,48,50,56,92,147,67,32,61,38,165,193,28,44,125,6,88,70,71,162,20,188,144,184,8,157,78,128,101,185,76,80,100,30,134,27,195,97,58,175,151,7,1,117,2,169,142,137,158,54,120,3,136,149,107,55,14,13,111,52,148,83,129,24,150,103,105,69,159,40,116,140,99,106,194,180,178,192,10,66,145,102,110,171,0,85,104,17,53,155,146,63,31,183,65,16,190,109,130,5,39,113,43,187,179,96,141,11,114,64,79,42,119,132,75,163,133,81,153,166,189,33,35,36,22,112,93,19,87,121,51];False
3709;6590;10299;[198,29,90,41,127,60,177,47,26,161,115,152,131,59,197,123,74,37,94,118,124,168,34,108,174,196,167,15,156,21,73,82,172,86,181,68,9,45,138,126,143,160,173,18,199,12,98,91,89,46,164,4,84,122,25,23,77,57,186,170,176,72,154,49,62,95,182,139,135,191,48,50,56,92,147,67,32,61,38,165,193,28,44,125,6,88,70,71,162,20,188,144,184,8,157,78,128,101,185,76,80,100,30,134,27,195,97,58,151,175,7,1,117,2,169,142,163,158,54,120,3,136,149,107,55,14,13,111,52,148,83,129,24,150,103,105,69,159,40,116,140,99,106,194,180,178,192,10,66,145,102,110,171,0,85,104,17,53,155,146,63,31,183,65,16,190,109,130,5,39,113,43,187,179,96,141,11,114,64,79,42,119,132,75,137,133,81,153,166,189,33,35,36,22,112,93,19,87,121,51];False
3615;6619;10234;[198,29,90,41,127,60,177,47,26,161,115,152,131,59,197,123,74,37,94,118,124,168,34,108,174,196,167,15,156,21,73,82,172,86,181,68,9,45,138,126,143,160,173,18,199,12,98,91,89,46,164,4,84,122,25,23,77,57,186,170,176,72,154,49,62,95,182,139,135,191,48,50,56,92,147,67,32,61,38,165,193,28,44,125,6,88,70,71,162,20,188,144,184,8,157,78,128,101,185,76,80,100,30,134,27,195,97,58,151,175,7,1,117,2,169,142,137,158,54,120,3,136,149,107,55,14,13,111,52,148,83,129,24,150,103,140,69,159,40,116,105,99,106,194,180,178,192,10,66,145,102,110,171,0,85,104,17,53,155,146,63,31,183,65,16,190,109,130,5,39,113,43,187,179,96,141,11,114,64,79,42,119,132,75,163,133,81,153,166,189,33,35,36,22,112,93,19,87,121,51];False
3660;6604;10264;[198,29,90,41,127,60,177,47,26,161,115,152,131,59,197,123,74,37,94,118,124,168,34,108,174,196,167,15,156,21,73,82,172,86,181,68,9,45,138,126,143,160,173,18,199,12,98,91,89,46,164,4,84,122,25,23,77,57,186,170,176,72,154,49,62,95,182,139,135,191,48,50,56,92,147,67,32,61,38,165,193,28,44,125,6,88,70,71,162,20,188,144,184,8,157,78,128,101,185,76,80,100,30,134,27,195,97,58,151,175,7,1,117,2,169,142,137,158,54,120,3,136,149,107,55,14,13,111,52,148,83,129,24,150,103,105,69,159,40,104,140,99,106,194,180,178,192,10,66,145,102,110,171,0,85,116,17,53,155,146,63,31,183,65,16,190,109,130,5,39,113,43,187,179,96,141,11,114,64,79,42,119,132,75,163,133,81,153,166,189,33,35,36,22,112,93,19,87,121,51];False
3660;6602;10262;[198,29,90,41,127,60,177,47,26,161,115,152,131,59,197,123,74,37,94,118,124,168,34,108,174,196,167,15,156,21,73,82,172,86,181,68,9,45,138,126,143,160,173,18,199,12,98,91,89,46,164,4,84,122,25,23,77,57,186,170,176,72,154,49,62,95,182,139,135,191,48,50,56,92,147,67,32,61,38,165,193,28,44,125,6,88,70,71,162,20,188,144,184,8,157,78,128,101,185,76,80,100,30,134,27,195,97,58,151,175,7,1,117,2,169,142,137,158,54,120,3,136,149,107,55,14,13,111,52,148,83,129,24,150,103,105,69,159,40,116,104,99,106,194,180,178,192,10,66,145,102,110,171,0,85,140,17,53,155,146,63,31,183,65,16,190,109,130,5,39,113,43,187,179,96,141,11,114,64,79,42,119,132,75,163,133,81,153,166,189,33,35,36,22,112,93,19,87,121,51];False
3739;6581;10320;[198,29,90,41,127,60,177,47,26,161,115,152,131,59,197,123,74,37,94,118,124,168,34,108,174,196,167,15,156,21,73,82,172,86,181,68,9,45,138,126,143,160,173,18,199,12,98,91,89,46,164,4,84,122,25,23,77,57,186,170,176,72,154,49,62,95,182,139,135,191,48,50,56,92,147,67,32,61,38,165,193,28,44,125,6,88,70,71,162,20,188,144,184,8,157,78,128,101,185,76,80,100,30,134,27,195,97,58,151,175,7,1,117,2,169,142,137,158,54,120,3,136,149,107,55,14,13,111,52,148,83,129,24,150,103,105,69,159,40,116,140,99,106,194,180,178,192,109,66,145,102,110,171,0,85,104,17,53,155,146,63,31,183,65,16,190,10,130,5,39,113,43,187,179,96,141,11,114,64,79,42,119,132,75,163,133,81,153,166,189,33,35,36,22,112,93,19,87,121,51];False
3651;6609;10260;[198,29,90,41,127,60,177,47,26,161,115,152,131,59,197,123,74,37,94,118,124,168,34,108,174,196,167,15,156,21,73,82,172,86,181,68,9,45,138,126,143,160,173,18,199,12,98,91,89,46,164,4,84,122,25,23,77,57,186,170,176,72,154,49,62,95,182,139,135,191,48,50,56,92,147,67,32,61,38,165,193,28,44,125,6,88,70,71,162,20,188,144,184,8,157,78,128,101,185,76,80,100,30,134,27,2,97,58,175,151,7,1,117,195,169,142,137,158,54,120,3,136,149,107,55,14,13,111,52,148,83,129,24,150,103,140,69,159,40,116,105,99,106,194,180,178,192,10,66,145,102,110,171,0,85,104,17,53,155,146,63,31,183,65,16,190,109,130,5,39,113,43,187,179,96,141,11,114,64,79,42,119,132,75,163,133,81,153,166,189,33,35,36,22,112,93,19,87,121,51];False
3696;6592;10288;[198,29,90,41,127,60,177,47,26,161,115,152,131,59,197,123,74,37,94,118,124,168,34,108,174,196,167,15,156,21,73,82,172,86,181,68,9,45,138,126,143,160,173,18,199,12,98,91,89,46,164,4,84,122,25,23,77,57,186,170,176,72,154,49,62,95,182,139,135,191,48,50,56,92,147,67,32,61,38,165,193,28,44,125,6,88,70,71,162,20,188,144,184,8,157,78,128,101,185,76,80,100,30,134,27,2,97,58,175,151,7,1,117,195,169,142,137,158,54,120,3,136,149,107,55,14,13,111,52,148,83,129,24,150,103,105,69,159,40,116,104,99,106,194,180,178,192,10,66,145,102,110,171,0,85,140,17,53,155,146,63,31,183,65,16,190,109,130,5,39,113,43,187,179,96,141,11,114,64,79,42,119,132,75,163,133,81,153,166,189,33,35,36,22,112,93,19,87,121,51];False
3775;6571;10346;[198,29,90,41,127,60,177,47,26,161,115,152,131,59,197,123,74,37,94,118,124,168,34,108,174,196,167,15,156,21,73,82,172,86,181,68,9,45,138,126,143,160,173,18,199,12,98,91,89,46,164,4,84,122,25,23,77,57,186,170,176,72,154,49,62,95,182,139,135,191,48,50,56,92,147,67,32,61,38,165,193,28,44,125,6,88,70,71,162,20,188,144,184,8,157,78,128,101,185,76,80,100,30,134,27,2,97,58,175,151,7,1,117,195,169,142,137,158,54,120,3,136,149,107,55,14,13,111,52,148,83,129,24,150,103,105,69,159,40,116,140,99,106,194,180,178,192,109,66,145,102,110,171,0,85,104,17,53,155,146,63,31,183,65,16,190,10,130,5,39,113,43,187,179,96,141,11,114,64,79,42,119,132,75,163,133,81,153,166,189,33,35,36,22,112,93,19,87,121,51];False
3671;6599;10270;[198,29,90,41,127,60,177,47,26,161,115,152,131,59,197,123,74,37,94,118,124,168,17,108,174,196,167,15,156,21,73,82,172,86,181,68,9,45,138,126,143,160,173,18,199,12,98,91,89,46,164,4,84,122,25,23,77,57,186,170,176,72,154,49,62,95,182,139,135,191,48,50,56,92,147,67,32,61,38,165,193,28,44,125,6,88,70,71,162,20,188,144,184,8,157,78,128,101,185,76,80,100,30,134,27,2,97,58,151,175,7,1,117,195,169,142,137,158,54,120,3,136,149,107,55,14,13,111,52,148,83,129,24,150,103,105,69,159,40,116,104,99,106,194,180,178,192,10,66,145,102,110,171,0,85,140,34,53,155,146,63,31,183,65,16,190,109,130,5,39,113,43,187,179,96,141,11,114,64,79,42,119,132,75,163,133,81,153,166,189,33,35,36,22,112,93,19,87,121,51];False
3628;6617;10245;[198,29,90,41,127,60,177,47,26,161,115,152,131,59,197,123,74,37,94,118,124,168,34,108,174,196,167,15,156,21,73,82,172,86,181,68,9,45,138,126,143,160,173,18,199,12,98,91,89,46,164,4,84,122,25,23,77,57,186,170,176,72,154,49,62,95,182,139,135,191,48,50,56,92,147,67,32,61,38,165,193,28,44,125,6,116,70,71,162,20,188,144,184,8,157,78,128,101,185,76,80,100,30,134,27,2,97,58,151,175,7,1,117,195,169,142,137,158,54,120,3,136,149,107,55,14,13,111,52,148,83,129,24,150,103,105,69,159,40,88,104,99,106,194,180,178,192,10,66,145,102,110,171,0,85,140,17,53,155,146,63,31,183,65,16,190,109,130,5,39,113,43,187,179,96,141,11,114,64,79,42,119,132,75,163,133,81,153,166,189,33,35,36,22,112,93,19,87,121,51];False
3719;6588;10307;[198,29,90,41,127,60,177,47,26,161,115,152,131,59,197,123,74,37,94,118,124,168,34,108,174,196,167,15,156,21,73,82,172,86,181,68,9,45,138,126,143,160,173,18,199,12,98,91,89,46,164,4,84,122,25,23,77,57,186,170,176,72,154,49,62,95,182,139,135,191,48,50,56,92,147,67,32,61,38,165,193,28,44,125,6,88,70,71,162,20,188,144,184,8,157,78,128,101,185,76,80,100,30,134,27,2,97,58,151,175,7,1,117,195,169,142,163,158,54,120,3,136,149,107,55,14,13,111,52,148,83,129,24,150,103,105,69,159,40,116,104,99,106,194,180,178,192,10,66,145,102,110,171,0,85,140,17,53,155,146,63,31,183,65,16,190,109,130,5,39,113,43,187,179,96,141,11,114,64,79,42,119,132,75,137,133,81,153,166,189,33,35,36,22,112,93,19,87,121,51];False
3749;6579;10328;[198,29,90,41,127,60,177,47,26,161,115,152,131,59,197,123,74,37,94,118,124,168,34,108,174,196,167,15,156,21,73,82,172,86,181,68,9,45,138,126,143,160,173,18,199,12,98,91,89,46,164,4,84,122,25,23,77,57,186,170,176,72,154,49,62,95,182,139,135,191,48,50,56,92,147,67,32,61,38,165,193,28,44,125,6,88,70,71,162,20,188,144,184,8,157,78,128,101,185,76,80,100,30,134,27,2,97,58,151,175,7,1,117,195,169,142,137,158,54,120,3,136,149,107,55,14,13,111,52,148,83,129,24,150,103,105,69,159,40,116,104,99,106,194,180,178,192,109,66,145,102,110,171,0,85,140,17,53,155,146,63,31,183,65,16,190,10,130,5,39,113,43,187,179,96,141,11,114,64,79,42,119,132,75,163,133,81,153,166,189,33,35,36,22,112,93,19,87,121,51];False
3798;6567;10365;[198,29,90,41,127,60,177,47,26,161,115,152,131,59,197,123,74,37,94,118,124,168,34,108,174,196,167,15,156,21,73,82,172,86,181,68,9,45,138,126,143,160,173,18,199,12,98,91,89,46,164,4,84,122,25,23,77,57,186,170,176,72,154,49,62,95,182,139,135,191,48,50,56,92,147,67,32,61,38,165,193,28,44,125,6,88,70,71,162,20,188,144,184,8,157,78,128,101,185,76,80,100,30,134,27,2,97,58,151,175,7,1,117,195,169,142,163,158,54,120,3,136,149,107,55,14,13,111,52,148,83,129,24,150,103,105,69,159,40,116,140,99,106,194,180,178,192,109,66,145,102,110,171,0,85,104,17,53,155,146,63,31,183,65,16,190,10,130,5,39,113,43,187,179,96,141,11,114,64,79,42,119,132,75,137,133,81,153,166,189,33,35,36,22,112,93,19,87,121,51];False
4019;6525;10544;[198,29,90,41,187,60,177,47,26,161,115,152,131,59,197,123,74,37,94,118,124,168,34,108,174,196,167,15,156,21,73,82,172,86,181,68,61,45,138,126,143,160,91,18,199,12,7,173,89,46,164,4,84,122,25,23,77,57,186,170,176,72,154,49,62,95,182,139,135,191,48,50,56,92,147,67,32,38,9,165,193,28,44,125,6,88,70,71,162,20,188,144,184,8,157,78,128,101,185,76,80,100,30,134,27,2,97,58,151,175,98,1,117,195,169,142,137,158,54,120,3,136,149,107,55,14,13,111,52,148,83,129,24,150,103,105,69,159,40,116,140,99,106,194,180,178,192,109,66,145,102,110,171,0,85,104,17,53,155,146,63,31,183,65,16,190,10,130,5,39,113,43,127,179,96,141,11,114,64,79,42,119,132,75,163,133,81,153,166,189,33,35,36,22,112,93,19,87,121,51];False
3819;6561;10380;[198,29,90,41,127,60,177,47,26,161,115,152,131,59,197,123,74,37,94,118,124,168,34,108,174,196,167,15,156,21,73,82,172,86,181,68,61,45,138,126,143,160,91,18,199,12,7,173,89,46,164,4,84,122,25,23,77,57,186,170,176,72,154,49,62,95,182,139,135,191,48,50,56,92,147,67,32,38,9,165,193,28,44,125,6,88,70,71,162,20,188,144,184,8,157,78,128,101,185,76,80,100,30,134,27,195,97,58,151,175,98,1,117,2,169,142,137,158,54,120,3,136,149,107,55,14,13,111,52,148,83,129,24,150,103,105,69,159,40,116,140,99,106,194,180,178,192,109,66,145,102,110,171,0,85,104,17,53,155,146,63,31,183,65,16,190,10,130,5,39,113,43,187,179,96,141,11,114,64,79,42,119,132,75,163,133,81,153,166,189,33,35,36,22,112,93,19,87,121,51];False
3965;6533;10498;[198,29,90,41,127,60,177,47,26,161,115,152,131,59,197,123,74,37,94,118,124,168,34,108,174,196,167,15,156,21,73,82,172,86,181,68,61,45,138,126,143,160,91,18,199,12,7,173,89,46,164,4,84,122,25,23,77,57,186,170,176,72,154,49,62,95,182,139,135,191,48,50,56,92,147,67,32,38,9,165,193,28,44,125,6,88,70,71,162,20,188,144,184,8,157,78,128,101,185,76,80,100,30,134,27,2,97,58,151,175,98,1,117,113,169,142,137,158,54,120,3,136,149,107,55,14,13,111,52,148,83,129,24,150,103,105,69,159,40,116,140,99,106,194,180,178,192,109,66,145,102,110,171,0,85,104,17,53,155,146,63,31,183,65,16,190,10,130,5,39,195,43,187,179,96,141,11,114,64,79,42,119,132,75,163,133,81,153,166,189,33,35,36,22,112,93,19,87,121,51];False
3955;6537;10492;[198,29,90,41,127,60,177,47,26,161,115,152,131,59,197,123,74,37,94,118,124,168,34,108,174,196,167,15,156,21,73,82,172,86,181,68,9,45,138,126,143,160,91,18,171,12,7,173,89,46,164,4,84,122,25,23,77,57,186,170,176,72,154,49,62,95,182,139,135,191,48,50,56,92,147,67,32,38,61,165,193,28,44,125,6,88,70,71,162,20,188,144,184,8,157,78,128,101,185,76,80,100,30,134,27,2,97,58,151,175,98,1,117,195,169,142,163,158,54,120,3,136,149,107,55,14,13,111,52,148,83,129,24,150,103,105,69,159,40,116,140,99,106,194,180,178,192,109,66,145,102,110,199,0,85,104,17,53,155,146,63,31,183,65,16,190,10,130,5,39,113,43,187,179,96,141,11,114,64,79,42,119,132,75,137,133,81,153,166,189,33,35,36,22,112,93,19,87,121,51];False
3949;6537;10486;[198,29,90,41,127,60,177,47,26,161,115,152,131,59,197,123,74,37,94,118,124,168,34,108,174,196,167,15,156,21,73,82,172,86,181,68,9,45,138,126,143,160,91,18,199,12,7,173,89,46,164,4,84,122,25,23,77,57,186,170,176,72,154,49,62,95,182,139,135,191,48,50,56,92,147,67,32,19,61,165,193,28,44,125,6,88,70,71,162,20,188,144,184,8,157,78,128,101,185,76,80,100,30,134,27,2,97,58,151,175,98,1,117,195,169,142,163,158,54,120,3,136,149,107,55,14,13,111,52,148,83,129,24,150,103,105,69,159,40,116,140,99,106,194,180,178,192,109,66,145,102,110,171,0,85,104,17,53,155,146,63,31,183,65,16,190,10,130,5,39,113,43,187,179,96,141,11,114,64,79,42,119,132,75,137,133,81,153,166,189,33,35,36,22,112,93,38,87,121,51];False
4012;6523;10535;[198,29,90,41,127,60,177,47,26,161,115,152,131,59,197,123,74,37,94,118,124,168,34,108,174,196,167,15,156,21,73,82,172,86,181,68,9,45,138,126,143,160,91,18,199,12,7,173,89,46,164,4,84,122,25,23,77,57,186,170,176,72,154,49,62,95,182,139,135,191,48,50,56,92,147,67,32,61,19,165,193,28,44,125,6,88,70,71,162,20,188,144,184,8,157,78,128,101,185,76,80,100,30,134,27,2,97,58,151,175,98,1,117,113,169,142,163,158,54,120,3,136,149,107,55,14,13,111,52,148,83,129,24,150,103,105,69,159,40,116,140,99,106,194,180,178,192,109,66,145,102,110,171,0,85,104,17,53,155,146,63,31,183,65,16,190,10,130,5,39,195,43,187,179,96,141,11,114,64,79,42,119,132,75,137,133,81,153,166,189,33,35,36,22,112,93,38,87,121,51];False
3963;6535;10498;[198,29,90,41,127,60,177,47,26,161,115,152,131,59,197,123,74,37,94,118,124,168,34,108,174,196,167,15,156,21,73,82,172,86,181,68,9,45,138,126,143,160,91,18,199,12,7,173,89,46,164,4,84,122,25,23,77,57,186,170,176,72,154,49,62,95,182,139,135,191,48,50,56,92,147,67,32,61,19,165,193,28,44,125,6,88,70,71,162,20,188,144,184,8,157,78,128,101,185,76,80,100,30,134,27,2,97,58,151,175,98,1,117,113,169,142,137,158,54,120,3,136,149,107,55,14,13,111,52,148,83,129,24,150,103,105,69,159,40,116,104,99,106,194,180,178,192,109,66,145,102,110,171,0,85,140,17,53,155,146,63,31,183,65,16,190,10,130,5,39,195,43,187,179,96,141,11,114,64,79,42,119,132,75,163,133,81,153,166,189,33,35,36,22,112,93,38,87,121,51];False
3920;6540;10460;[198,29,90,41,127,60,177,47,26,161,115,152,131,59,197,123,74,37,94,118,124,168,34,108,174,196,167,15,156,21,73,82,172,86,181,68,9,45,138,126,143,160,91,18,171,12,7,173,89,46,164,4,84,122,25,23,77,57,186,170,176,72,154,49,62,95,182,139,135,191,48,50,56,92,147,67,32,61,19,165,193,28,44,125,6,88,70,71,162,20,188,144,184,8,157,78,128,101,185,76,80,100,30,134,27,2,97,58,151,175,98,1,117,195,169,142,163,158,54,120,3,136,149,107,55,14,13,111,52,148,83,129,24,150,103,105,69,159,40,116,140,99,106,194,180,178,192,109,66,145,102,110,199,0,85,104,17,53,155,146,63,31,183,65,16,190,10,130,5,39,113,43,187,179,96,141,11,114,64,79,42,119,132,75,137,133,81,153,166,189,33,35,36,22,112,93,38,87,121,51];False
3876;6549;10425;[198,29,90,41,127,60,177,47,26,161,115,152,131,59,197,123,74,37,94,118,124,168,34,108,174,196,167,15,156,21,73,82,172,86,181,68,9,45,138,126,143,160,91,18,199,12,7,173,89,46,164,4,84,122,25,23,77,57,186,170,176,72,154,49,62,95,182,139,135,191,48,50,56,92,147,67,32,61,19,165,193,28,44,125,6,88,70,71,162,20,188,144,184,8,157,78,128,101,185,76,80,100,30,134,27,2,97,58,151,175,98,1,117,195,169,142,163,158,54,120,3,136,149,107,55,14,13,111,52,148,83,129,24,150,103,105,69,159,40,116,104,99,106,194,180,178,192,109,66,145,102,110,171,0,85,140,17,53,155,146,63,31,183,65,16,190,10,130,5,39,113,43,187,179,96,141,11,114,64,79,42,119,132,75,137,133,81,153,166,189,33,35,36,22,112,93,38,87,121,51];False
4196;6494;10690;[198,29,90,41,187,60,177,47,26,161,115,152,131,59,197,123,74,37,94,118,124,168,34,108,174,196,167,15,156,21,73,82,172,86,181,68,9,45,138,126,143,160,91,18,171,12,7,173,89,46,164,4,84,122,25,23,77,57,186,170,176,72,154,49,62,95,182,139,135,191,48,50,56,92,147,67,32,61,19,165,193,28,44,125,6,88,70,71,162,20,188,144,184,8,157,78,128,101,185,76,80,100,30,134,27,2,97,58,151,175,98,1,117,113,169,142,163,158,54,120,3,136,149,107,55,14,13,111,52,148,83,129,24,150,103,105,69,159,40,116,140,99,106,194,180,178,192,109,66,145,102,110,199,0,85,104,17,53,155,146,63,31,183,65,16,190,10,130,5,39,195,43,127,179,96,141,11,114,64,79,42,119,132,75,137,133,81,153,166,189,33,35,36,22,112,93,38,87,121,51];False
4977;6394;11371;[198,29,90,41,187,60,179,47,26,161,115,152,163,59,197,123,74,37,94,118,124,168,34,108,174,196,167,15,156,21,73,82,172,86,181,68,9,45,138,126,143,160,91,18,171,195,7,173,23,144,164,4,84,122,25,89,77,57,186,170,176,3,154,49,76,98,182,139,135,191,48,50,56,92,147,67,32,38,87,165,193,28,44,125,6,88,70,71,162,20,188,61,184,8,72,78,128,101,185,39,80,100,30,134,27,2,97,58,158,62,95,1,117,113,169,142,131,110,54,120,157,136,149,107,55,14,13,111,52,148,83,129,24,150,103,105,69,159,40,116,140,99,106,194,180,178,192,109,66,145,102,151,199,0,85,104,17,53,155,146,63,31,183,65,16,190,10,130,5,175,12,43,127,79,42,141,11,114,64,96,177,119,132,75,137,133,81,153,166,189,33,35,36,22,112,93,19,46,121,51];False
4767;6412;11179;[198,29,90,41,187,60,179,47,26,161,115,152,163,59,197,123,74,37,94,118,124,168,34,108,174,196,167,15,156,21,73,82,172,86,181,68,9,45,138,126,143,160,91,18,171,195,7,173,89,46,164,4,84,122,25,23,77,57,186,170,176,3,154,49,76,98,182,139,135,191,48,50,56,92,147,67,32,38,87,165,193,28,44,125,6,88,70,71,162,20,188,61,184,8,72,78,128,101,185,39,80,100,30,134,27,2,97,58,158,62,95,1,117,113,169,142,131,110,54,120,157,136,149,107,55,14,13,111,52,148,83,129,24,150,103,105,69,159,40,116,140,99,106,194,180,178,192,109,66,145,102,151,199,0,85,104,17,53,155,146,63,31,183,65,16,190,10,130,5,175,12,43,127,79,42,141,11,114,64,96,177,119,132,75,137,133,81,153,166,189,33,35,36,22,112,93,19,144,121,51];False
4945;6395;11340;[198,29,90,41,187,60,179,47,26,161,115,152,163,59,197,123,74,37,94,118,124,168,34,108,174,196,167,15,156,21,73,82,172,86,181,68,9,45,138,126,143,160,91,18,171,195,7,173,89,144,164,4,84,122,25,23,77,57,186,170,176,3,154,49,76,98,182,139,135,188,48,50,56,92,147,67,32,38,87,165,193,28,44,125,6,88,70,71,162,20,191,61,184,8,72,78,128,101,185,39,80,100,30,134,27,2,97,58,158,62,95,1,117,113,169,142,131,110,54,120,157,136,149,107,55,14,13,111,52,148,83,129,24,150,103,105,69,159,40,116,140,99,106,194,180,178,192,109,66,145,102,151,199,0,85,104,17,53,155,146,63,31,183,65,16,190,10,130,5,175,12,43,127,79,42,141,11,114,64,96,177,119,132,75,137,133,81,153,166,189,33,35,36,22,112,93,19,46,121,51];False
4921;6399;11320;[198,29,90,41,187,60,179,47,26,161,115,152,163,59,197,123,74,37,94,118,124,168,34,108,174,196,167,15,156,21,73,82,172,86,181,68,9,45,138,126,143,160,91,18,171,195,7,173,89,144,164,4,84,122,25,23,77,57,186,170,176,3,154,49,76,98,182,139,135,191,48,50,56,92,147,67,32,38,87,165,193,28,44,125,6,88,70,71,162,20,188,61,184,8,72,78,128,101,185,39,80,131,30,134,27,2,97,58,158,62,95,1,117,113,169,142,100,110,54,120,157,136,149,107,55,14,13,111,52,148,83,129,24,150,103,105,69,159,40,116,140,99,106,194,180,178,192,109,66,145,102,151,199,0,85,104,17,53,155,146,63,31,183,65,16,190,10,130,5,175,12,43,127,79,42,141,11,114,64,96,177,119,132,75,137,133,81,153,166,189,33,35,36,22,112,93,19,46,121,51];False
4445;6448;10893;[198,29,90,41,187,60,179,47,26,161,115,152,172,59,197,123,74,37,94,118,124,168,34,108,174,196,167,15,156,21,73,82,137,86,181,68,9,45,138,126,143,160,91,18,171,195,7,173,89,46,164,4,84,122,25,23,77,57,186,170,176,72,154,49,76,98,182,139,135,191,48,50,56,92,147,67,32,38,87,165,193,28,44,125,6,88,70,71,162,20,188,61,184,8,157,78,128,101,185,39,80,100,30,134,27,2,97,58,158,62,95,1,117,113,169,142,131,110,54,120,3,136,149,107,55,14,13,111,52,148,83,129,24,150,103,105,69,159,40,116,140,99,106,194,180,178,192,109,66,145,102,151,199,0,85,104,17,53,155,146,63,31,183,65,16,190,10,130,5,175,12,43,127,79,42,141,11,114,64,96,177,119,132,75,163,133,81,153,166,189,33,35,36,22,112,93,19,144,121,51];False
4534;6442;10976;[198,29,90,41,187,60,179,47,26,161,115,152,163,59,197,123,74,37,94,118,124,168,34,108,174,196,167,15,156,21,73,82,172,86,181,68,9,45,138,126,143,160,91,18,171,195,7,173,89,46,164,4,84,122,25,23,77,57,186,170,176,72,154,49,76,11,182,139,135,191,48,50,56,92,147,67,32,38,87,165,193,28,44,125,6,88,70,71,162,20,188,61,184,8,157,78,128,101,185,39,80,100,30,134,27,2,97,58,158,62,95,1,117,113,169,142,131,110,54,120,3,136,149,107,55,14,13,111,52,148,83,129,24,150,103,105,69,159,40,116,140,99,106,194,180,178,192,109,66,145,102,151,199,0,85,104,17,53,155,146,63,31,183,65,16,190,10,130,5,175,12,43,127,79,42,177,98,114,64,96,141,119,132,75,137,133,81,153,166,189,33,35,36,22,112,93,19,144,121,51];False
4520;6443;10963;[198,29,90,41,187,60,179,47,26,161,115,152,163,59,197,123,74,37,94,118,124,168,34,108,174,196,167,15,156,21,73,82,172,86,181,68,9,45,138,126,143,160,91,18,171,195,7,173,89,46,164,4,84,122,25,23,77,57,186,170,176,72,154,49,76,98,182,139,135,191,48,50,56,92,147,67,32,38,61,165,193,28,44,125,6,88,70,71,162,20,188,144,184,8,157,78,128,101,185,39,80,100,30,134,27,2,97,58,158,62,95,1,117,113,169,142,131,110,54,120,3,136,149,107,55,14,13,111,52,148,83,129,24,150,103,105,69,159,40,116,140,99,106,194,180,178,192,109,66,145,102,151,199,0,85,104,17,53,155,146,63,31,183,65,16,190,10,130,5,175,12,43,127,79,42,141,11,114,64,96,177,119,132,75,137,133,81,153,166,189,33,35,36,22,112,93,19,87,121,51];False
4443;6453;10896;[198,29,90,41,187,60,179,47,26,161,115,152,131,59,197,123,74,37,94,118,124,168,34,108,174,196,167,15,156,21,73,82,172,86,181,68,9,45,138,126,143,160,91,18,171,195,7,173,89,46,164,4,84,122,25,23,77,57,186,170,176,72,154,49,76,98,182,139,135,191,48,50,56,92,147,67,32,38,87,165,193,28,44,125,6,88,70,71,162,20,188,61,184,8,157,78,128,101,185,39,80,100,30,134,27,2,97,58,110,62,95,1,117,113,169,142,163,158,54,120,3,136,149,107,55,14,13,111,52,148,83,129,24,150,103,105,69,159,40,116,140,99,106,194,180,178,192,109,66,145,102,151,199,0,85,104,17,53,155,146,63,31,183,65,16,190,10,130,5,175,12,43,127,79,42,141,11,114,64,96,177,119,132,75,137,133,81,153,166,189,33,35,36,22,112,93,19,144,121,51];False
3793;6568;10361;[198,29,90,41,127,60,177,47,26,161,115,152,131,59,197,123,74,37,94,118,124,168,34,108,174,196,167,15,156,21,73,82,172,86,181,68,9,45,138,126,143,160,173,18,199,12,98,91,89,46,164,4,84,122,25,23,77,57,186,170,176,72,154,49,62,95,182,139,135,191,48,50,56,92,147,67,32,61,19,165,193,28,44,125,6,88,70,71,162,20,188,144,184,8,157,78,128,101,185,76,80,100,30,134,27,2,97,58,175,151,7,1,117,195,169,142,137,158,54,120,3,136,149,107,55,14,13,111,52,148,83,129,24,150,103,105,69,159,40,116,140,99,106,194,180,178,192,109,66,145,102,110,171,0,85,104,17,53,155,146,63,31,183,65,16,190,10,130,5,39,113,43,187,179,96,141,11,114,64,79,42,119,132,75,163,133,81,153,166,189,33,35,36,22,112,93,38,87,121,51];False
3767;6576;10343;[198,29,90,41,127,60,177,47,26,161,115,152,131,59,197,123,74,37,94,118,124,168,34,108,174,196,167,15,156,21,73,82,172,86,181,68,9,45,138,126,143,160,173,18,199,12,98,91,89,46,164,4,84,122,25,23,77,57,186,170,176,72,154,49,62,95,182,139,135,191,48,50,56,92,147,67,32,61,19,165,193,28,44,125,6,88,70,71,162,20,188,144,184,8,157,78,128,101,185,76,80,100,30,134,27,2,97,58,151,175,7,1,117,195,169,142,137,158,54,120,3,136,149,107,55,14,13,111,52,148,83,129,24,150,103,105,69,159,40,116,104,99,106,194,180,178,192,109,66,145,102,110,171,0,85,140,17,53,155,146,63,31,183,65,16,190,10,130,5,39,113,43,187,179,96,141,11,114,64,79,42,119,132,75,163,133,81,153,166,189,33,35,36,22,112,93,38,87,121,51];False
3649;6608;10257;[198,29,90,41,127,60,42,47,26,161,115,152,131,59,197,123,74,37,94,118,124,168,34,108,174,196,167,15,156,21,73,82,172,86,181,68,9,45,138,126,143,160,173,18,199,12,98,7,89,46,164,4,84,122,25,23,77,57,186,170,176,72,154,49,62,95,182,139,135,191,48,50,56,92,147,67,32,61,38,165,193,28,44,125,91,88,70,71,162,20,188,144,184,8,157,78,128,101,185,76,80,100,30,134,27,2,97,58,151,175,6,1,117,195,169,142,137,158,54,120,3,136,149,107,55,14,13,111,52,148,83,129,24,150,103,105,69,159,40,116,140,99,106,194,180,178,192,10,66,145,102,110,171,0,85,104,17,53,155,146,63,31,183,65,16,190,109,130,5,39,113,43,187,179,96,141,11,114,64,79,177,119,132,75,163,133,81,153,166,189,33,35,36,22,112,93,19,87,121,51];False
3684;6590;10274;[198,29,90,41,127,60,177,47,26,161,115,152,131,59,197,123,74,37,94,118,124,168,34,108,174,196,167,15,156,21,73,82,172,86,181,68,9,45,138,126,143,160,173,18,199,12,7,98,89,46,164,4,84,122,25,23,77,57,186,170,176,72,154,49,62,95,182,139,135,191,48,50,56,92,147,67,32,61,38,165,193,28,44,125,91,88,70,71,162,20,188,144,184,8,157,78,128,101,185,76,80,100,30,134,27,2,97,58,151,175,6,1,117,195,169,142,137,158,54,120,3,136,149,107,55,14,13,111,52,148,83,129,24,150,103,105,69,159,40,116,140,99,106,194,180,178,192,10,66,145,102,110,171,0,85,104,17,53,155,146,63,31,183,65,16,190,109,130,5,39,113,43,187,179,96,141,11,114,64,79,42,119,132,75,163,133,81,153,166,189,33,35,36,22,112,93,19,87,121,51];False
3699;6589;10288;[198,29,90,41,127,60,177,47,26,161,115,152,131,59,197,123,74,37,94,118,124,168,34,108,174,196,167,15,156,21,73,82,172,86,181,68,9,45,138,126,143,160,173,18,199,12,195,7,89,46,164,4,84,122,25,23,77,57,186,170,176,72,154,49,62,95,182,139,135,191,48,50,56,92,147,67,32,61,38,165,193,28,44,125,91,88,70,71,162,20,188,144,184,8,157,78,128,101,185,76,80,100,30,134,27,2,97,58,151,175,6,1,117,98,169,142,137,158,54,120,3,136,149,107,55,14,13,111,52,148,83,129,24,150,103,105,69,159,40,116,140,99,106,194,180,178,192,10,66,145,102,110,171,0,85,104,17,53,155,146,63,31,183,65,16,190,109,130,5,39,113,43,187,179,96,141,11,114,64,79,42,119,132,75,163,133,81,153,166,189,33,35,36,22,112,93,19,87,121,51];False
3607;6613;10220;[198,29,90,41,127,60,177,47,26,161,115,152,131,59,197,123,74,37,94,118,124,168,34,108,174,196,167,15,156,21,73,82,172,86,181,68,9,45,138,126,143,160,173,18,199,12,98,171,89,46,164,4,84,122,25,23,77,57,186,170,176,72,154,49,62,95,182,139,135,191,48,50,56,92,147,67,32,61,38,165,193,28,44,125,91,88,70,71,162,20,188,144,184,8,157,78,128,101,185,76,80,100,30,134,27,2,97,58,151,175,6,1,117,195,169,142,137,158,54,120,3,136,149,107,55,14,13,111,52,148,83,129,24,150,103,105,69,159,40,116,140,99,106,194,180,178,192,10,66,145,102,110,7,0,85,104,17,53,155,146,63,31,183,65,16,190,109,130,5,39,113,43,187,179,96,141,11,114,64,79,42,119,132,75,163,133,81,153,166,189,33,35,36,22,112,93,19,87,121,51];False
3640;6607;10247;[198,29,90,41,127,60,177,47,26,161,115,152,131,59,197,123,74,37,94,118,124,168,34,108,174,196,167,15,156,21,73,82,172,86,181,68,9,45,138,126,143,160,173,18,199,12,98,7,89,46,164,4,84,122,25,23,77,57,186,170,176,72,154,49,62,95,182,139,135,191,48,50,56,92,147,67,32,61,38,165,193,28,44,125,91,88,70,71,162,20,188,144,184,8,157,78,128,101,185,76,80,100,30,134,27,195,97,58,151,175,6,1,117,2,169,142,137,158,54,120,3,136,149,107,55,14,13,111,52,148,83,129,24,150,103,105,69,159,40,116,140,99,106,194,180,178,192,10,66,145,102,110,171,0,85,104,17,53,155,146,63,31,183,65,16,190,109,130,5,39,113,43,187,179,96,141,11,114,64,79,42,119,132,75,163,133,81,153,166,189,33,35,36,22,112,93,19,87,121,51];False
3650;6605;10255;[198,29,90,41,127,60,177,47,26,161,115,152,131,59,197,123,74,37,94,118,124,168,34,108,174,196,167,15,156,21,73,82,172,86,181,68,9,45,138,126,143,160,173,18,199,12,98,7,89,46,164,4,84,122,25,23,77,57,186,170,176,72,154,49,62,95,182,139,135,191,48,50,56,92,147,67,32,61,38,165,193,28,44,125,91,88,70,71,162,20,188,144,184,8,157,78,128,101,185,76,80,100,30,134,27,2,97,58,151,175,6,1,117,195,169,142,137,158,54,120,3,136,149,107,55,14,13,111,52,148,83,129,24,150,103,105,69,159,40,116,104,99,106,194,180,178,192,10,66,145,102,110,171,0,85,140,17,53,155,146,63,31,183,65,16,190,109,130,5,39,113,43,187,179,96,141,11,114,64,79,42,119,132,75,163,133,81,153,166,189,33,35,36,22,112,93,19,87,121,51];False
3729;6584;10313;[198,29,90,41,127,60,177,47,26,161,115,152,131,59,197,123,74,37,94,118,124,168,34,108,174,196,167,15,156,21,73,82,172,86,181,68,9,45,138,126,143,160,173,18,199,12,98,7,89,46,164,4,84,122,25,23,77,57,186,170,176,72,154,49,62,95,182,139,135,191,48,50,56,92,147,67,32,61,38,165,193,28,44,125,91,88,70,71,162,20,188,144,184,8,157,78,128,101,185,76,80,100,30,134,27,2,97,58,151,175,6,1,117,195,169,142,137,158,54,120,3,136,149,107,55,14,13,111,52,148,83,129,24,150,103,105,69,159,40,116,140,99,106,194,180,178,192,109,66,145,102,110,171,0,85,104,17,53,155,146,63,31,183,65,16,190,10,130,5,39,113,43,187,179,96,141,11,114,64,79,42,119,132,75,163,133,81,153,166,189,33,35,36,22,112,93,19,87,121,51];False
3601;6621;10222;[198,29,90,41,127,60,177,47,26,161,115,152,131,59,197,123,74,37,94,118,124,168,34,108,174,196,167,15,156,21,73,82,172,86,181,68,9,45,138,126,143,160,173,18,171,12,98,91,89,46,164,4,84,122,25,23,77,57,186,170,176,72,154,49,62,95,182,139,135,191,48,50,56,92,147,67,32,61,38,165,193,7,44,125,28,88,70,71,162,20,188,144,184,8,157,78,128,101,185,76,80,100,30,134,27,2,97,58,151,175,6,1,117,195,169,142,137,158,54,120,3,136,149,107,55,14,13,111,52,148,83,129,24,150,103,105,69,159,40,116,140,99,106,194,180,178,192,10,66,145,102,110,199,0,85,104,17,53,155,146,63,31,183,65,16,190,109,130,5,39,113,43,187,179,96,141,11,114,64,79,42,119,132,75,163,133,81,153,166,189,33,35,36,22,112,93,19,87,121,51];False
3600;6620;10220;[198,29,90,41,127,60,177,47,26,161,115,152,131,59,197,123,74,37,94,118,124,168,34,108,174,196,167,15,156,21,73,82,172,86,181,68,9,45,138,126,143,160,173,18,199,12,98,91,89,46,164,4,84,122,25,23,77,57,186,170,176,72,154,49,62,95,182,139,135,191,48,50,56,92,147,67,32,61,19,165,193,7,44,125,28,88,70,71,162,20,188,144,184,8,157,78,128,101,185,76,80,100,30,134,27,2,97,58,151,175,6,1,117,195,169,142,137,158,54,120,3,136,149,107,55,14,13,111,52,148,83,129,24,150,103,105,69,159,40,116,140,99,106,194,180,178,192,10,66,145,102,110,171,0,85,104,17,53,155,146,63,31,183,65,16,190,109,130,5,39,113,43,187,179,96,141,11,114,64,79,42,119,132,75,163,133,81,153,166,189,33,35,36,22,112,93,38,87,121,51];False
3606;6618;10224;[198,29,90,41,127,60,177,47,26,161,115,152,131,59,197,123,74,37,94,118,124,168,34,108,174,196,167,15,156,21,73,82,172,86,181,68,9,45,138,126,143,160,173,18,199,12,98,91,89,46,164,4,84,122,25,23,77,57,186,170,176,72,154,49,62,95,182,139,135,191,48,50,56,92,147,67,32,61,38,165,193,7,44,125,28,88,70,71,162,20,188,144,184,8,157,78,128,101,185,76,80,100,30,134,27,2,97,58,151,175,6,1,117,195,169,142,163,158,54,120,3,136,149,107,55,14,13,111,52,148,83,129,24,150,103,105,69,159,40,116,140,99,106,194,180,178,192,10,66,145,102,110,171,0,85,104,17,53,155,146,63,31,183,65,16,190,109,130,5,39,113,43,187,179,96,141,11,114,64,79,42,119,132,75,137,133,81,153,166,189,33,35,36,22,112,93,19,87,121,51];False
3636;6609;10245;[198,29,90,41,127,60,177,47,26,161,115,152,131,59,197,123,74,37,94,118,124,168,34,108,174,196,167,15,156,21,73,82,172,86,181,68,9,45,138,126,143,160,173,18,199,12,98,91,89,46,164,4,84,122,25,23,77,57,186,170,176,72,154,49,62,95,182,139,135,191,48,50,56,92,147,67,32,61,38,165,193,7,44,125,28,88,70,71,162,20,188,144,184,8,157,78,128,101,185,76,80,100,30,134,27,2,97,58,151,175,6,1,117,195,169,142,137,158,54,120,3,136,149,107,55,14,13,111,52,148,83,129,24,150,103,105,69,159,40,116,140,99,106,194,180,178,192,109,66,145,102,110,171,0,85,104,17,53,155,146,63,31,183,65,16,190,10,130,5,39,113,43,187,179,96,141,11,114,64,79,42,119,132,75,163,133,81,153,166,189,33,35,36,22,112,93,19,87,121,51];False
3636;6608;10244;[198,29,90,41,127,60,177,47,26,161,115,152,131,59,197,123,74,37,94,118,124,168,17,108,174,196,167,15,156,21,73,82,172,86,181,68,9,45,138,126,143,160,173,18,199,12,98,91,89,46,164,4,84,122,25,23,77,57,186,170,176,72,154,49,62,95,182,139,135,191,48,50,56,92,147,67,32,61,38,165,193,28,44,125,6,88,70,71,162,20,188,144,184,8,157,78,128,101,185,76,80,100,30,134,27,195,97,58,151,175,7,1,117,2,169,142,137,158,54,120,3,136,149,107,55,14,13,111,52,148,83,129,24,150,103,105,69,159,40,116,104,99,106,194,180,178,192,10,66,145,102,110,171,0,85,140,34,53,155,146,63,31,183,65,16,190,109,130,5,39,113,43,187,179,96,141,11,114,64,79,42,119,132,75,163,133,81,153,166,189,33,35,36,22,112,93,19,87,121,51];False
3661;6601;10262;[198,29,90,41,127,60,177,47,26,161,115,152,131,59,197,123,74,37,94,118,124,168,34,108,174,196,167,15,156,21,73,82,172,86,181,68,9,45,138,126,143,160,173,18,199,12,98,91,89,46,164,4,84,122,25,23,77,57,186,170,176,72,154,49,62,95,182,139,135,191,48,50,56,92,147,67,32,61,38,165,193,28,44,125,6,88,70,71,162,20,188,144,184,8,157,78,128,101,185,76,80,100,30,134,27,195,97,58,175,151,7,1,117,2,169,142,137,158,54,120,3,136,149,107,55,14,13,111,52,148,83,129,24,150,103,105,69,159,40,116,104,99,106,194,180,178,192,10,66,145,102,110,171,0,85,140,17,53,155,146,63,31,183,65,16,190,109,130,5,39,113,43,187,179,96,141,11,114,64,79,42,119,132,75,163,133,81,153,166,189,33,35,36,22,112,93,19,87,121,51];False
3714;6588;10302;[198,29,90,41,127,60,177,47,26,161,115,152,131,59,197,123,74,37,94,118,124,168,34,108,174,196,167,15,156,21,73,82,172,86,181,68,9,45,138,126,143,160,173,18,199,12,98,91,89,46,164,4,84,122,25,23,77,57,186,170,176,72,154,49,62,95,182,139,135,191,48,50,56,92,147,67,32,61,38,165,193,28,44,125,6,88,70,71,162,20,188,144,184,8,157,78,128,101,185,76,80,100,30,134,27,195,97,58,151,175,7,1,117,2,169,142,137,158,54,120,3,136,149,107,55,14,13,111,52,148,83,129,24,150,103,105,69,159,40,116,104,99,106,194,180,178,192,109,66,145,102,110,171,0,85,140,17,53,155,146,63,31,183,65,16,190,10,130,5,39,113,43,187,179,96,141,11,114,64,79,42,119,132,75,163,133,81,153,166,189,33,35,36,22,112,93,19,87,121,51];False
3740;6580;10320;[198,29,90,41,127,60,177,47,26,161,115,152,131,59,197,123,74,37,94,118,124,168,34,108,174,196,167,15,156,21,73,82,172,86,181,68,9,45,138,126,143,160,173,18,199,12,98,91,89,46,164,4,84,122,25,23,77,57,186,170,176,72,154,49,62,95,182,139,135,191,48,50,56,92,147,67,32,61,38,165,193,28,44,125,6,88,70,71,162,20,188,144,184,8,157,78,128,101,185,76,80,100,30,134,27,195,97,58,175,151,7,1,117,2,169,142,137,158,54,120,3,136,149,107,55,14,13,111,52,148,83,129,24,150,103,105,69,159,40,116,140,99,106,194,180,178,192,109,66,145,102,110,171,0,85,104,17,53,155,146,63,31,183,65,16,190,10,130,5,39,113,43,187,179,96,141,11,114,64,79,42,119,132,75,163,133,81,153,166,189,33,35,36,22,112,93,19,87,121,51];False
3763;6576;10339;[198,29,90,41,127,60,177,47,26,161,115,152,131,59,197,123,74,37,94,118,124,168,34,108,174,196,167,15,156,21,73,82,172,86,181,68,9,45,138,126,143,160,173,18,199,12,98,91,89,46,164,4,84,122,25,23,77,57,186,170,176,72,154,49,62,95,182,139,135,191,48,50,56,92,147,67,32,61,38,165,193,28,44,125,6,88,70,71,162,20,188,144,184,8,157,78,128,101,185,76,80,100,30,134,27,195,97,58,151,175,7,1,117,2,169,142,163,158,54,120,3,136,149,107,55,14,13,111,52,148,83,129,24,150,103,105,69,159,40,116,140,99,106,194,180,178,192,109,66,145,102,110,171,0,85,104,17,53,155,146,63,31,183,65,16,190,10,130,5,39,113,43,187,179,96,141,11,114,64,79,42,119,132,75,137,133,81,153,166,189,33,35,36,22,112,93,19,87,121,51];False
3750;6578;10328;[198,29,90,41,127,60,177,47,26,161,115,152,131,59,197,123,74,37,94,118,124,168,34,108,174,196,167,15,156,21,73,82,172,86,181,68,9,45,138,126,143,160,173,18,199,12,98,91,89,46,164,4,84,122,25,23,77,57,186,170,176,72,154,49,62,95,182,139,135,191,48,50,56,92,147,67,32,61,38,165,193,28,44,125,6,88,70,71,162,20,188,144,184,8,157,78,128,101,185,76,80,100,30,134,27,2,97,58,175,151,7,1,117,195,169,142,137,158,54,120,3,136,149,107,55,14,13,111,52,148,83,129,24,150,103,105,69,159,40,116,104,99,106,194,180,178,192,109,66,145,102,110,171,0,85,140,17,53,155,146,63,31,183,65,16,190,10,130,5,39,113,43,187,179,96,141,11,114,64,79,42,119,132,75,163,133,81,153,166,189,33,35,36,22,112,93,19,87,121,51];False
3672;6598;10270;[198,29,90,41,127,60,177,47,26,161,115,152,131,59,197,123,74,37,94,118,124,168,17,108,174,196,167,15,156,21,73,82,172,86,181,68,9,45,138,126,143,160,173,18,199,12,98,91,89,46,164,4,84,122,25,23,77,57,186,170,176,72,154,49,62,95,182,139,135,191,48,50,56,92,147,67,32,61,38,165,193,28,44,125,6,88,70,71,162,20,188,144,184,8,157,78,128,101,185,76,80,100,30,134,27,2,97,58,175,151,7,1,117,195,169,142,137,158,54,120,3,136,149,107,55,14,13,111,52,148,83,129,24,150,103,105,69,159,40,116,104,99,106,194,180,178,192,10,66,145,102,110,171,0,85,140,34,53,155,146,63,31,183,65,16,190,109,130,5,39,113,43,187,179,96,141,11,114,64,79,42,119,132,75,163,133,81,153,166,189,33,35,36,22,112,93,19,87,121,51];False
3765;6575;10340;[198,29,90,41,127,60,177,47,26,161,115,152,131,59,197,123,74,37,94,118,124,168,34,108,174,196,167,15,156,21,73,82,172,86,181,68,61,45,138,126,143,160,91,18,199,12,7,173,89,46,164,4,84,122,25,23,77,57,186,170,176,72,154,49,62,95,182,139,135,191,48,50,56,92,147,67,32,38,9,165,193,28,44,125,6,88,70,71,162,20,188,144,184,8,157,78,128,101,185,76,80,100,30,134,27,195,97,58,151,175,98,1,117,2,169,142,137,158,54,120,3,136,149,107,55,14,13,111,52,148,83,129,24,150,103,105,69,159,40,116,140,99,106,194,180,178,192,10,66,145,102,110,171,0,85,104,17,53,155,146,63,31,183,65,16,190,109,130,5,39,113,43,187,179,96,141,11,114,64,79,42,119,132,75,163,133,81,153,166,189,33,35,36,22,112,93,19,87,121,51];False
4031;6521;10552;[198,29,90,41,127,60,177,47,26,161,115,152,131,59,197,123,74,37,94,118,124,168,34,108,174,196,167,15,156,21,73,82,172,86,181,68,9,45,138,126,143,160,91,18,171,12,7,173,89,46,164,4,84,122,25,23,77,57,186,170,176,72,154,49,62,95,182,139,135,191,48,50,56,92,147,67,32,61,19,165,193,28,44,125,6,88,70,71,162,20,188,144,184,8,157,78,128,101,185,76,80,100,30,134,27,2,97,58,151,175,98,1,117,113,169,142,163,158,54,120,3,136,149,107,55,14,13,111,52,148,83,129,24,150,103,105,69,159,40,116,140,99,106,194,180,178,192,109,66,145,102,110,199,0,85,104,17,53,155,146,63,31,183,65,16,190,10,130,5,39,195,43,187,179,96,141,11,114,64,79,42,119,132,75,137,133,81,153,166,189,33,35,36,22,112,93,38,87,121,51];False
3987;6530;10517;[198,29,90,41,127,60,177,47,26,161,115,152,131,59,197,123,74,37,94,118,124,168,34,108,174,196,167,15,156,21,73,82,172,86,181,68,9,45,138,126,143,160,91,18,199,12,7,173,89,46,164,4,84,122,25,23,77,57,186,170,176,72,154,49,62,95,182,139,135,191,48,50,56,92,147,67,32,61,19,165,193,28,44,125,6,88,70,71,162,20,188,144,184,8,157,78,128,101,185,76,80,100,30,134,27,2,97,58,151,175,98,1,117,113,169,142,163,158,54,120,3,136,149,107,55,14,13,111,52,148,83,129,24,150,103,105,69,159,40,116,104,99,106,194,180,178,192,109,66,145,102,110,171,0,85,140,17,53,155,146,63,31,183,65,16,190,10,130,5,39,195,43,187,179,96,141,11,114,64,79,42,119,132,75,137,133,81,153,166,189,33,35,36,22,112,93,38,87,121,51];False
4905;6400;11305;[198,29,90,41,187,60,179,47,26,161,115,89,163,59,197,123,74,37,94,118,124,168,34,108,174,196,167,15,156,21,73,82,172,86,181,68,9,45,138,126,143,160,91,18,171,195,7,173,23,144,164,4,84,122,25,152,77,57,186,170,176,3,154,49,76,98,182,139,135,191,48,50,56,92,147,67,32,38,87,165,193,28,44,125,6,88,70,71,162,20,188,61,184,8,72,78,128,101,185,39,80,100,30,134,27,2,97,58,158,62,95,1,117,113,169,142,131,110,54,120,157,136,149,107,55,14,13,111,52,148,83,129,24,150,103,105,69,159,40,116,140,99,106,194,180,178,192,109,66,145,102,151,199,0,85,104,17,53,155,146,63,31,183,65,16,190,10,130,5,175,12,43,127,79,42,141,11,114,64,96,177,119,132,75,137,133,81,153,166,189,33,35,36,22,112,93,19,46,121,51];False
4998;6392;11390;[198,29,90,41,187,60,179,47,26,161,115,152,163,59,197,123,74,37,94,118,124,168,34,108,174,196,167,15,156,21,73,82,172,86,181,68,9,45,138,126,143,160,91,18,171,195,7,173,89,144,164,4,84,122,25,23,77,57,186,170,176,3,154,49,76,98,182,139,135,183,48,50,56,92,147,67,32,38,87,165,193,28,44,125,6,88,70,71,162,20,191,61,184,8,72,78,128,101,185,39,80,100,30,134,27,2,97,58,158,62,95,1,117,113,169,142,131,110,54,120,157,136,149,107,55,14,13,111,52,148,83,129,24,150,103,105,69,159,40,116,140,99,106,194,180,178,192,109,66,145,102,151,199,0,85,104,17,53,155,146,63,31,188,65,16,190,10,130,5,175,12,43,127,79,42,141,11,114,64,96,177,119,132,75,137,133,81,153,166,189,33,35,36,22,112,93,19,46,121,51];False
4353;6466;10819;[198,29,90,41,187,79,179,47,26,161,115,152,172,59,197,123,74,37,94,118,124,168,34,108,174,196,167,15,156,21,73,82,137,86,181,68,9,45,138,126,143,160,91,18,171,195,7,173,89,46,164,4,84,122,25,23,77,57,186,170,176,72,154,49,76,98,182,139,135,191,48,50,56,92,147,67,32,38,87,165,193,28,44,125,6,88,70,71,162,20,188,61,184,8,157,78,128,101,185,39,80,100,30,134,27,2,97,58,158,62,95,1,117,113,169,142,131,110,54,120,3,136,149,107,55,14,13,111,52,148,83,129,24,150,103,105,69,159,40,116,140,99,106,194,180,178,192,109,66,145,102,151,199,0,85,104,17,53,155,146,63,31,183,65,16,190,10,130,5,175,12,43,127,60,42,141,11,114,64,96,177,119,132,75,163,133,81,153,166,189,33,35,36,22,112,93,19,144,121,51];False
4404;6460;10864;[198,29,90,41,187,60,42,47,26,161,115,152,172,59,197,123,74,37,94,118,124,168,34,108,174,196,167,15,156,21,73,82,137,86,181,68,9,45,138,126,143,160,91,18,171,195,7,173,89,46,164,4,84,122,25,23,77,57,186,170,176,72,154,49,76,98,182,139,135,191,48,50,56,92,147,67,32,38,87,165,193,28,44,125,6,88,70,71,162,20,188,61,184,8,157,78,128,101,185,39,80,100,30,134,27,2,97,58,158,62,95,1,117,113,169,142,131,110,54,120,3,136,149,107,55,14,13,111,52,148,83,129,24,150,103,105,69,159,40,116,140,99,106,194,180,178,192,109,66,145,102,151,199,0,85,104,17,53,155,146,63,31,183,65,16,190,10,130,5,175,12,43,127,79,179,141,11,114,64,96,177,119,132,75,163,133,81,153,166,189,33,35,36,22,112,93,19,144,121,51];False
4512;6446;10958;[198,29,90,41,187,60,179,47,26,161,115,152,172,59,197,123,74,37,94,118,124,168,34,108,174,196,167,15,156,21,50,82,137,86,181,68,9,45,138,126,143,160,91,18,171,195,7,173,89,46,164,4,84,122,25,23,77,57,186,170,176,72,154,49,76,98,182,139,135,191,48,73,56,92,147,67,32,38,87,165,193,28,44,125,6,88,70,71,162,20,188,61,184,8,157,78,128,101,185,39,80,100,30,134,27,2,97,58,158,62,95,1,117,113,169,142,131,110,54,120,3,136,149,107,55,14,13,111,52,148,83,129,24,150,103,105,69,159,40,116,140,99,106,194,180,178,192,109,66,145,102,151,199,0,85,104,17,53,155,146,63,31,183,65,16,190,10,130,5,175,12,43,127,79,42,141,11,114,64,96,177,119,132,75,163,133,81,153,166,189,33,35,36,22,112,93,19,144,121,51];False
4442;6457;10899;[198,29,90,41,187,60,179,47,26,161,115,152,172,59,197,123,74,37,94,118,124,168,34,108,174,196,167,15,156,21,73,82,137,86,181,68,9,45,55,126,143,160,91,18,171,195,7,173,89,46,164,4,84,122,25,23,77,57,186,170,176,72,154,49,76,98,182,139,135,191,48,50,56,92,147,67,32,38,87,165,193,28,44,125,6,88,70,71,162,20,188,61,184,8,157,78,128,101,185,39,80,100,30,134,27,2,97,58,158,62,95,1,117,113,169,142,131,110,54,120,3,136,149,107,138,14,13,111,52,148,83,129,24,150,103,105,69,159,40,116,140,99,106,194,180,178,192,109,66,145,102,151,199,0,85,104,17,53,155,146,63,31,183,65,16,190,10,130,5,175,12,43,127,79,42,141,11,114,64,96,177,119,132,75,163,133,81,153,166,189,33,35,36,22,112,93,19,144,121,51];False
4520;6439;10959;[198,29,90,41,187,60,179,47,26,161,115,152,172,59,197,123,74,37,94,118,124,168,34,108,174,196,167,15,156,21,73,82,137,86,181,68,9,45,138,126,143,160,91,18,171,195,7,173,89,144,164,4,84,122,25,23,77,57,186,170,176,72,154,49,76,98,182,139,135,191,48,50,56,92,147,67,32,38,87,165,193,28,44,125,6,88,70,71,162,20,188,61,184,8,157,78,128,101,185,39,80,100,30,134,27,2,97,58,158,62,95,1,117,113,169,142,131,110,54,120,3,136,149,107,55,14,13,111,52,148,83,129,24,150,103,105,69,159,40,116,140,99,106,194,180,178,192,109,66,145,102,151,199,0,85,104,17,53,155,146,63,31,183,65,16,190,10,130,5,175,12,43,127,79,42,141,11,114,64,96,177,119,132,75,163,133,81,153,166,189,33,35,36,22,112,93,19,46,121,51];False
4434;6458;10892;[198,29,90,41,187,60,179,47,26,161,115,152,172,59,197,123,74,37,94,118,124,168,34,108,174,196,167,15,156,21,73,82,137,86,181,68,9,45,138,126,143,160,91,18,171,195,7,173,89,46,164,4,84,122,25,23,77,57,186,170,176,72,154,49,110,98,182,139,135,191,48,50,56,92,147,67,32,38,87,165,193,28,44,125,6,88,70,71,162,20,188,61,184,8,157,78,128,101,185,39,80,100,30,134,27,2,97,58,158,62,95,1,117,113,169,142,131,76,54,120,3,136,149,107,55,14,13,111,52,148,83,129,24,150,103,105,69,159,40,116,140,99,106,194,180,178,192,109,66,145,102,151,199,0,85,104,17,53,155,146,63,31,183,65,16,190,10,130,5,175,12,43,127,79,42,141,11,114,64,96,177,119,132,75,163,133,81,153,166,189,33,35,36,22,112,93,19,144,121,51];False
4433;6454;10887;[198,29,90,41,187,60,179,47,26,161,115,152,172,59,197,123,74,37,94,118,124,168,34,108,174,196,167,15,156,21,73,82,137,86,181,68,9,45,138,126,143,160,91,18,171,195,7,173,89,46,164,4,84,122,25,23,77,57,186,170,176,72,154,49,76,11,182,139,135,191,48,50,56,92,147,67,32,38,87,165,193,28,44,125,6,88,70,71,162,20,188,61,184,8,157,78,128,101,185,39,80,100,30,134,27,2,97,58,158,62,95,1,117,113,169,142,131,110,54,120,3,136,149,107,55,14,13,111,52,148,83,129,24,150,103,105,69,159,40,116,140,99,106,194,180,178,192,109,66,145,102,151,199,0,85,104,17,53,155,146,63,31,183,65,16,190,10,130,5,175,12,43,127,79,42,141,98,114,64,96,177,119,132,75,163,133,81,153,166,189,33,35,36,22,112,93,19,144,121,51];False
4426;6458;10884;[198,29,90,41,187,60,179,47,26,161,115,152,172,59,197,123,74,37,94,118,124,168,34,108,174,196,167,15,156,21,73,82,137,86,181,68,9,45,138,126,143,160,91,18,171,195,7,173,89,46,164,4,84,122,25,23,77,57,186,170,176,72,154,49,76,98,182,139,135,191,140,50,56,92,147,67,32,38,87,165,193,28,44,125,6,88,70,71,162,20,188,61,184,8,157,78,128,101,185,39,80,100,30,134,27,2,97,58,158,62,95,1,117,113,169,142,131,110,54,120,3,136,149,107,55,14,13,111,52,148,83,129,24,150,103,105,69,159,40,116,48,99,106,194,180,178,192,109,66,145,102,151,199,0,85,104,17,53,155,146,63,31,183,65,16,190,10,130,5,175,12,43,127,79,42,141,11,114,64,96,177,119,132,75,163,133,81,153,166,189,33,35,36,22,112,93,19,144,121,51];False
4415;6457;10872;[198,29,90,41,187,60,179,47,26,161,115,152,172,59,197,123,74,37,94,118,124,168,34,108,174,196,167,15,156,21,73,82,137,86,181,68,9,45,138,126,143,160,91,18,171,195,7,173,89,46,164,4,84,122,25,23,77,57,186,170,176,72,154,49,76,98,182,139,135,191,48,50,56,92,147,67,32,38,87,165,193,28,44,125,6,88,70,71,162,20,188,144,184,8,157,78,128,101,185,39,80,100,30,134,27,2,97,58,158,62,95,1,117,113,169,142,131,110,54,120,3,136,149,107,55,14,13,111,52,148,83,129,24,150,103,105,69,159,40,116,140,99,106,194,180,178,192,109,66,145,102,151,199,0,85,104,17,53,155,146,63,31,183,65,16,190,10,130,5,175,12,43,127,79,42,141,11,114,64,96,177,119,132,75,163,133,81,153,166,189,33,35,36,22,112,93,19,61,121,51];False
4401;6459;10860;[198,29,90,41,187,60,179,47,26,161,115,152,172,59,197,123,74,37,94,118,124,168,34,108,174,196,167,15,156,21,73,82,137,86,181,68,9,45,138,126,143,160,91,18,171,195,7,173,89,46,164,4,84,122,25,23,77,57,186,170,176,72,154,49,76,98,182,139,135,191,48,50,56,92,147,67,32,38,87,165,193,28,44,125,6,88,70,71,162,20,188,61,184,8,157,78,128,101,185,39,80,100,30,134,27,2,97,58,110,62,95,1,117,113,169,142,131,158,54,120,3,136,149,107,55,14,13,111,52,148,83,129,24,150,103,105,69,159,40,116,140,99,106,194,180,178,192,109,66,145,102,151,199,0,85,104,17,53,155,146,63,31,183,65,16,190,10,130,5,175,12,43,127,79,42,141,11,114,64,96,177,119,132,75,163,133,81,153,166,189,33,35,36,22,112,93,19,144,121,51];False
4420;6455;10875;[198,29,90,41,187,60,179,47,26,161,115,152,172,59,197,123,74,37,94,118,124,168,34,108,174,196,167,15,156,21,73,82,137,86,181,68,9,45,138,126,143,160,91,18,171,195,7,173,89,46,164,4,84,122,25,23,77,57,186,170,176,72,154,49,76,98,182,139,135,191,48,50,56,92,147,67,32,38,87,165,193,28,44,125,6,88,70,71,162,20,188,61,184,8,157,78,128,101,185,39,80,100,30,134,27,2,97,58,158,62,95,1,117,113,169,142,131,110,54,120,3,136,149,107,55,14,13,111,52,148,83,129,24,150,103,105,69,159,40,116,104,99,106,194,180,178,192,109,66,145,102,151,199,0,85,140,17,53,155,146,63,31,183,65,16,190,10,130,5,175,12,43,127,79,42,141,11,114,64,96,177,119,132,75,163,133,81,153,166,189,33,35,36,22,112,93,19,144,121,51];False
4518;6444;10962;[198,29,90,41,187,60,179,47,26,161,115,152,131,59,197,123,74,37,94,118,124,168,34,108,174,196,167,15,156,21,73,82,172,86,181,68,9,45,138,126,143,160,91,18,171,195,7,173,89,144,164,4,84,122,25,23,77,57,186,170,176,72,154,49,76,98,182,139,135,191,48,50,56,92,147,67,32,38,87,165,193,28,44,125,6,88,70,71,162,20,188,61,184,8,157,78,128,101,185,39,80,100,30,134,27,2,97,58,110,62,95,1,117,113,169,142,163,158,54,120,3,136,149,107,55,14,13,111,52,148,83,129,24,150,103,105,69,159,40,116,140,99,106,194,180,178,192,109,66,145,102,151,199,0,85,104,17,53,155,146,63,31,183,65,16,190,10,130,5,175,12,43,127,79,42,141,11,114,64,96,177,119,132,75,137,133,81,153,166,189,33,35,36,22,112,93,19,46,121,51];False
3658;6600;10258;[198,29,90,41,127,60,42,47,26,161,115,152,131,59,197,123,74,37,94,118,124,168,34,108,174,196,167,15,156,21,73,82,172,86,181,68,9,45,138,126,143,160,173,18,199,12,7,98,89,46,164,4,84,122,25,23,77,57,186,170,176,72,154,49,62,95,182,139,135,191,48,50,56,92,147,67,32,61,38,165,193,28,44,125,91,88,70,71,162,20,188,144,184,8,157,78,128,101,185,76,80,100,30,134,27,2,97,58,151,175,6,1,117,195,169,142,137,158,54,120,3,136,149,107,55,14,13,111,52,148,83,129,24,150,103,105,69,159,40,116,140,99,106,194,180,178,192,10,66,145,102,110,171,0,85,104,17,53,155,146,63,31,183,65,16,190,109,130,5,39,113,43,187,179,96,141,11,114,64,79,177,119,132,75,163,133,81,153,166,189,33,35,36,22,112,93,19,87,121,51];False
3633;6611;10244;[198,29,90,41,127,60,177,47,26,161,115,152,131,59,197,123,74,37,94,118,124,168,34,108,174,125,167,15,156,21,73,82,172,86,181,68,9,45,138,126,143,160,173,18,199,12,7,98,89,46,164,4,84,122,25,23,77,57,186,170,176,72,154,49,62,95,182,139,135,191,48,50,56,92,147,67,32,61,38,165,193,28,44,196,91,88,70,71,162,20,188,144,184,8,157,78,128,101,185,76,80,100,30,134,27,2,97,58,151,175,6,1,117,195,169,142,137,158,54,120,3,136,149,107,55,14,13,111,52,148,83,129,24,150,103,105,69,159,40,116,140,99,106,194,180,178,192,10,66,145,102,110,171,0,85,104,17,53,155,146,63,31,183,65,16,190,109,130,5,39,113,43,187,179,96,141,11,114,64,79,42,119,132,75,163,133,81,153,166,189,33,35,36,22,112,93,19,87,121,51];False
3703;6588;10291;[198,29,90,41,127,60,177,47,26,161,115,152,131,59,197,123,74,37,94,118,124,168,34,108,174,196,167,15,156,21,73,82,172,86,181,68,9,45,138,126,143,160,173,18,171,12,7,98,89,46,164,4,84,122,25,23,77,57,186,170,176,72,154,49,62,95,182,139,135,191,48,50,56,92,147,67,32,61,38,165,193,28,44,125,91,88,70,71,162,20,188,144,184,8,157,78,128,101,185,76,80,100,30,134,27,2,97,58,151,175,6,1,117,195,169,142,137,158,54,120,3,136,149,107,55,14,13,111,52,148,83,129,24,150,103,105,69,159,40,116,140,99,106,194,180,178,192,10,66,145,102,110,199,0,85,104,17,53,155,146,63,31,183,65,16,190,109,130,5,39,113,43,187,179,96,141,11,114,64,79,42,119,132,75,163,133,81,153,166,189,33,35,36,22,112,93,19,87,121,51];False
3626;6599;10225;[198,29,90,41,127,60,177,47,26,161,115,152,131,59,197,123,74,37,94,118,124,168,34,108,174,196,167,15,156,21,73,82,172,86,181,68,9,45,138,126,143,160,173,18,199,12,7,136,89,46,164,4,84,122,25,23,77,57,186,170,176,72,154,49,62,95,182,139,135,191,48,50,56,92,147,67,32,61,38,165,193,28,44,125,91,88,70,71,162,20,188,144,184,8,157,78,128,101,185,76,80,100,30,134,27,2,97,58,151,175,6,1,117,195,169,142,137,158,54,120,3,98,149,107,55,14,13,111,52,148,83,129,24,150,103,105,69,159,40,116,140,99,106,194,180,178,192,10,66,145,102,110,171,0,85,104,17,53,155,146,63,31,183,65,16,190,109,130,5,39,113,43,187,179,96,141,11,114,64,79,42,119,132,75,163,133,81,153,166,189,33,35,36,22,112,93,19,87,121,51];False
3702;6587;10289;[198,29,90,41,127,60,177,47,26,161,115,152,131,59,197,123,74,37,94,118,124,168,34,108,174,196,167,15,156,21,73,82,172,86,181,68,9,45,138,126,143,160,173,18,199,12,7,98,89,46,164,4,84,122,25,23,77,57,186,170,176,72,154,49,62,95,182,139,135,191,48,50,56,92,147,67,32,61,19,165,193,28,44,125,91,88,70,71,162,20,188,144,184,8,157,78,128,101,185,76,80,100,30,134,27,2,97,58,151,175,6,1,117,195,169,142,137,158,54,120,3,136,149,107,55,14,13,111,52,148,83,129,24,150,103,105,69,159,40,116,140,99,106,194,180,178,192,10,66,145,102,110,171,0,85,104,17,53,155,146,63,31,183,65,16,190,109,130,5,39,113,43,187,179,96,141,11,114,64,79,42,119,132,75,163,133,81,153,166,189,33,35,36,22,112,93,38,87,121,51];False
3616;6605;10221;[198,29,90,41,127,60,177,47,26,161,115,152,131,59,197,123,74,37,94,118,124,168,34,108,174,196,167,15,156,21,73,82,172,86,181,68,9,45,138,126,143,160,173,18,199,12,7,98,89,46,164,4,84,122,25,23,77,57,186,170,176,72,154,49,62,95,182,139,135,191,48,50,56,92,147,67,32,61,38,165,193,28,44,16,91,88,70,71,162,20,188,144,184,8,157,78,128,101,185,76,80,100,30,134,27,2,97,58,151,175,6,1,117,195,169,142,137,158,54,120,3,136,149,107,55,14,13,111,52,148,83,129,24,150,103,105,69,159,40,116,140,99,106,194,180,178,192,10,66,145,102,110,171,0,85,104,17,53,155,146,63,31,183,65,125,190,109,130,5,39,113,43,187,179,96,141,11,114,64,79,42,119,132,75,163,133,81,153,166,189,33,35,36,22,112,93,19,87,121,51];False
3708;6585;10293;[198,29,90,41,127,60,177,47,26,161,115,152,131,59,197,123,74,37,94,118,124,168,34,108,174,196,167,15,156,21,73,82,172,86,181,68,9,45,138,126,143,160,173,18,199,12,7,98,89,46,164,4,84,122,25,23,77,57,186,170,176,72,154,49,62,95,182,139,135,191,48,50,56,92,147,67,32,61,38,165,193,28,44,125,91,88,70,71,162,20,188,144,184,8,157,78,128,101,185,76,80,100,30,134,27,2,97,58,151,175,6,1,117,195,169,142,163,158,54,120,3,136,149,107,55,14,13,111,52,148,83,129,24,150,103,105,69,159,40,116,140,99,106,194,180,178,192,10,66,145,102,110,171,0,85,104,17,53,155,146,63,31,183,65,16,190,109,130,5,39,113,43,187,179,96,141,11,114,64,79,42,119,132,75,137,133,81,153,166,189,33,35,36,22,112,93,19,87,121,51];False
3659;6597;10256;[198,29,90,41,127,60,177,47,26,161,115,152,131,59,197,123,74,37,94,118,124,168,34,108,174,196,167,15,156,21,73,82,172,86,181,68,9,45,138,126,143,160,173,18,199,12,7,98,89,46,164,4,84,122,25,23,77,57,186,170,176,72,154,49,62,95,182,139,135,191,48,50,56,92,147,67,32,61,38,165,193,28,44,125,91,88,70,71,162,20,188,144,184,8,157,78,128,101,185,76,80,100,30,134,27,2,97,58,151,175,6,1,117,195,169,142,137,158,54,120,3,136,149,107,55,14,13,111,52,148,83,129,24,150,103,105,69,159,40,116,104,99,106,194,180,178,192,10,66,145,102,110,171,0,85,140,17,53,155,146,63,31,183,65,16,190,109,130,5,39,113,43,187,179,96,141,11,114,64,79,42,119,132,75,163,133,81,153,166,189,33,35,36,22,112,93,19,87,121,51];False
3738;6576;10314;[198,29,90,41,127,60,177,47,26,161,115,152,131,59,197,123,74,37,94,118,124,168,34,108,174,196,167,15,156,21,73,82,172,86,181,68,9,45,138,126,143,160,173,18,199,12,7,98,89,46,164,4,84,122,25,23,77,57,186,170,176,72,154,49,62,95,182,139,135,191,48,50,56,92,147,67,32,61,38,165,193,28,44,125,91,88,70,71,162,20,188,144,184,8,157,78,128,101,185,76,80,100,30,134,27,2,97,58,151,175,6,1,117,195,169,142,137,158,54,120,3,136,149,107,55,14,13,111,52,148,83,129,24,150,103,105,69,159,40,116,140,99,106,194,180,178,192,109,66,145,102,110,171,0,85,104,17,53,155,146,63,31,183,65,16,190,10,130,5,39,113,43,187,179,96,141,11,114,64,79,42,119,132,75,163,133,81,153,166,189,33,35,36,22,112,93,19,87,121,51];False
3723;6584;10307;[198,29,90,41,127,60,177,47,26,161,115,152,131,59,197,123,74,37,94,118,124,168,34,108,174,196,167,15,156,21,73,82,172,86,181,68,9,45,138,126,143,160,173,18,199,12,195,7,89,46,164,4,84,122,25,23,77,57,186,170,176,72,154,49,62,95,182,139,135,191,48,50,56,92,147,67,32,61,38,165,193,28,44,125,91,88,70,71,162,20,188,144,184,8,157,78,128,101,185,76,80,100,30,134,27,2,97,58,151,175,6,1,117,98,169,142,163,158,54,120,3,136,149,107,55,14,13,111,52,148,83,129,24,150,103,105,69,159,40,116,140,99,106,194,180,178,192,10,66,145,102,110,171,0,85,104,17,53,155,146,63,31,183,65,16,190,109,130,5,39,113,43,187,179,96,141,11,114,64,79,42,119,132,75,137,133,81,153,166,189,33,35,36,22,112,93,19,87,121,51];False
3674;6596;10270;[198,29,90,41,127,60,177,47,26,161,115,152,131,59,197,123,74,37,94,118,124,168,34,108,174,196,167,15,156,21,73,82,172,86,181,68,9,45,138,126,143,160,173,18,199,12,195,7,89,46,164,4,84,122,25,23,77,57,186,170,176,72,154,49,62,95,182,139,135,191,48,50,56,92,147,67,32,61,38,165,193,28,44,125,91,88,70,71,162,20,188,144,184,8,157,78,128,101,185,76,80,100,30,134,27,2,97,58,151,175,6,1,117,98,169,142,137,158,54,120,3,136,149,107,55,14,13,111,52,148,83,129,24,150,103,105,69,159,40,116,104,99,106,194,180,178,192,10,66,145,102,110,171,0,85,140,17,53,155,146,63,31,183,65,16,190,109,130,5,39,113,43,187,179,96,141,11,114,64,79,42,119,132,75,163,133,81,153,166,189,33,35,36,22,112,93,19,87,121,51];False
3753;6575;10328;[198,29,90,41,127,60,177,47,26,161,115,152,131,59,197,123,74,37,94,118,124,168,34,108,174,196,167,15,156,21,73,82,172,86,181,68,9,45,138,126,143,160,173,18,199,12,195,7,89,46,164,4,84,122,25,23,77,57,186,170,176,72,154,49,62,95,182,139,135,191,48,50,56,92,147,67,32,61,38,165,193,28,44,125,91,88,70,71,162,20,188,144,184,8,157,78,128,101,185,76,80,100,30,134,27,2,97,58,151,175,6,1,117,98,169,142,137,158,54,120,3,136,149,107,55,14,13,111,52,148,83,129,24,150,103,105,69,159,40,116,140,99,106,194,180,178,192,109,66,145,102,110,171,0,85,104,17,53,155,146,63,31,183,65,16,190,10,130,5,39,113,43,187,179,96,141,11,114,64,79,42,119,132,75,163,133,81,153,166,189,33,35,36,22,112,93,19,87,121,51];False
3581;6623;10204;[198,29,90,41,127,60,42,47,26,161,115,152,131,59,197,123,74,37,94,118,124,168,34,108,174,196,167,15,156,21,73,82,172,86,181,68,9,45,138,126,143,160,173,18,199,12,98,171,89,46,164,4,84,122,25,23,77,57,186,170,176,72,154,49,62,95,182,139,135,191,48,50,56,92,147,67,32,61,38,165,193,28,44,125,91,88,70,71,162,20,188,144,184,8,157,78,128,101,185,76,80,100,30,134,27,2,97,58,151,175,6,1,117,195,169,142,137,158,54,120,3,136,149,107,55,14,13,111,52,148,83,129,24,150,103,105,69,159,40,116,140,99,106,194,180,178,192,10,66,145,102,110,7,0,85,104,17,53,155,146,63,31,183,65,16,190,109,130,5,39,113,43,187,179,96,141,11,114,64,79,177,119,132,75,163,133,81,153,166,189,33,35,36,22,112,93,19,87,121,51];False
3597;6622;10219;[198,29,90,41,127,60,177,47,26,161,115,152,131,122,197,123,74,37,94,118,124,168,34,108,174,196,167,15,156,21,73,82,172,86,181,68,9,45,138,126,143,160,173,18,199,12,98,171,89,46,164,4,84,59,25,23,77,57,186,170,176,72,154,49,62,95,182,139,135,191,48,50,56,92,147,67,32,61,38,165,193,28,44,125,91,88,70,71,162,20,188,144,184,8,157,78,128,101,185,76,80,100,30,134,27,2,97,58,151,175,6,1,117,195,169,142,137,158,54,120,3,136,149,107,55,14,13,111,52,148,83,129,24,150,103,105,69,159,40,116,140,99,106,194,180,178,192,10,66,145,102,110,7,0,85,104,17,53,155,146,63,31,183,65,16,190,109,130,5,39,113,43,187,179,96,141,11,114,64,79,42,119,132,75,163,133,81,153,166,189,33,35,36,22,112,93,19,87,121,51];False
3539;6628;10167;[198,29,90,41,127,60,177,47,26,161,115,152,131,59,197,123,74,37,94,118,124,168,34,108,174,196,167,15,156,21,73,82,172,86,181,68,9,45,138,126,143,160,173,18,199,12,98,171,89,46,164,4,84,122,25,23,77,57,186,170,176,72,154,49,62,95,182,139,135,191,48,50,56,92,147,67,32,61,38,165,193,28,44,16,91,88,70,71,162,20,188,144,184,8,157,78,128,101,185,76,80,100,30,134,27,2,97,58,151,175,6,1,117,195,169,142,137,158,54,120,3,136,149,107,55,14,13,111,52,148,83,129,24,150,103,105,69,159,40,116,140,99,106,194,180,178,192,10,66,145,102,110,7,0,85,104,17,53,155,146,63,31,183,65,125,190,109,130,5,39,113,43,187,179,96,141,11,114,64,79,42,119,132,75,163,133,81,153,166,189,33,35,36,22,112,93,19,87,121,51];False
3572;6622;10194;[198,29,90,41,127,60,177,47,26,161,115,152,131,59,197,123,74,37,94,118,124,168,34,108,174,196,167,15,156,21,73,82,172,86,181,68,9,45,138,126,143,160,173,18,199,12,98,171,89,46,164,4,84,122,25,23,77,57,186,170,176,72,154,49,62,95,182,139,135,191,48,50,56,92,147,67,32,61,38,165,193,28,44,125,91,88,70,71,162,20,188,144,184,8,157,78,128,101,185,76,80,100,30,134,27,195,97,58,151,175,6,1,117,2,169,142,137,158,54,120,3,136,149,107,55,14,13,111,52,148,83,129,24,150,103,105,69,159,40,116,140,99,106,194,180,178,192,10,66,145,102,110,7,0,85,104,17,53,155,146,63,31,183,65,16,190,109,130,5,39,113,43,187,179,96,141,11,114,64,79,42,119,132,75,163,133,81,153,166,189,33,35,36,22,112,93,19,87,121,51];False
3582;6620;10202;[198,29,90,41,127,60,177,47,26,161,115,152,131,59,197,123,74,37,94,118,124,168,34,108,174,196,167,15,156,21,73,82,172,86,181,68,9,45,138,126,143,160,173,18,199,12,98,171,89,46,164,4,84,122,25,23,77,57,186,170,176,72,154,49,62,95,182,139,135,191,48,50,56,92,147,67,32,61,38,165,193,28,44,125,91,88,70,71,162,20,188,144,184,8,157,78,128,101,185,76,80,100,30,134,27,2,97,58,151,175,6,1,117,195,169,142,137,158,54,120,3,136,149,107,55,14,13,111,52,148,83,129,24,150,103,105,69,159,40,116,104,99,106,194,180,178,192,10,66,145,102,110,7,0,85,140,17,53,155,146,63,31,183,65,16,190,109,130,5,39,113,43,187,179,96,141,11,114,64,79,42,119,132,75,163,133,81,153,166,189,33,35,36,22,112,93,19,87,121,51];False
5023;6387;11410;[198,29,90,41,187,60,179,47,26,161,115,152,163,59,197,123,31,37,94,118,124,168,34,108,174,196,167,15,156,21,73,82,172,86,181,68,9,45,138,126,143,160,91,18,171,195,7,173,89,144,164,4,84,122,25,23,77,57,186,170,176,3,154,49,76,98,182,139,135,183,48,50,56,92,147,67,32,38,87,165,193,28,44,125,6,88,70,71,162,20,191,61,184,8,72,78,128,101,185,39,80,100,30,134,27,2,97,58,158,62,95,1,117,113,169,142,131,110,54,120,157,136,149,107,55,14,13,111,52,148,83,129,24,150,103,105,69,159,40,116,140,99,106,194,180,178,192,109,66,145,102,151,199,0,85,104,17,53,155,146,63,74,188,65,16,190,10,130,5,175,12,43,127,79,42,141,11,114,64,96,177,119,132,75,137,133,81,153,166,189,33,35,36,22,112,93,19,46,121,51];False
4338;6470;10808;[198,29,90,41,137,79,179,47,26,161,115,152,172,59,197,123,74,37,94,118,124,168,34,108,174,196,167,15,156,21,73,82,187,86,181,68,9,45,138,126,143,160,91,18,171,195,7,173,89,46,164,4,84,122,25,23,77,57,186,170,176,72,154,49,76,98,182,139,135,191,48,50,56,92,147,67,32,38,87,165,193,28,44,125,6,88,70,71,162,20,188,61,184,8,157,78,128,101,185,39,80,100,30,134,27,2,97,58,158,62,95,1,117,113,169,142,131,110,54,120,3,136,149,107,55,14,13,111,52,148,83,129,24,150,103,105,69,159,40,116,140,99,106,194,180,178,192,109,66,145,102,151,199,0,85,104,17,53,155,146,63,31,183,65,16,190,10,130,5,175,12,43,127,60,42,141,11,114,64,96,177,119,132,75,163,133,81,153,166,189,33,35,36,22,112,93,19,144,121,51];False
4323;6475;10798;[198,29,90,41,187,79,179,47,26,161,115,152,172,59,197,123,74,37,94,118,124,168,34,108,174,196,167,15,156,21,73,82,137,86,181,68,9,45,138,126,143,160,91,18,171,195,7,173,89,46,164,4,84,122,25,23,77,57,186,170,176,72,154,49,76,98,182,139,135,191,48,50,56,92,147,67,32,38,87,165,193,28,44,125,6,88,70,71,162,20,188,144,184,8,157,78,128,101,185,39,80,100,30,134,27,2,97,58,158,62,95,1,117,113,169,142,131,110,54,120,3,136,149,107,55,14,13,111,52,148,83,129,24,150,103,105,69,159,40,116,140,99,106,194,180,178,192,109,66,145,102,151,199,0,85,104,17,53,155,146,63,31,183,65,16,190,10,130,5,175,12,43,127,60,42,141,11,114,64,96,177,119,132,75,163,133,81,153,166,189,33,35,36,22,112,93,19,61,121,51];False
4309;6477;10786;[198,29,90,41,187,79,179,47,26,161,115,152,172,59,197,123,74,37,94,118,124,168,34,108,174,196,167,15,156,21,73,82,137,86,181,68,9,45,138,126,143,160,91,18,171,195,7,173,89,46,164,4,84,122,25,23,77,57,186,170,176,72,154,49,76,98,182,139,135,191,48,50,56,92,147,67,32,38,87,165,193,28,44,125,6,88,70,71,162,20,188,61,184,8,157,78,128,101,185,39,80,100,30,134,27,2,97,58,110,62,95,1,117,113,169,142,131,158,54,120,3,136,149,107,55,14,13,111,52,148,83,129,24,150,103,105,69,159,40,116,140,99,106,194,180,178,192,109,66,145,102,151,199,0,85,104,17,53,155,146,63,31,183,65,16,190,10,130,5,175,12,43,127,60,42,141,11,114,64,96,177,119,132,75,163,133,81,153,166,189,33,35,36,22,112,93,19,144,121,51];False
4328;6473;10801;[198,29,90,41,187,79,179,47,26,161,115,152,172,59,197,123,74,37,94,118,124,168,34,108,174,196,167,15,156,21,73,82,137,86,181,68,9,45,138,126,143,160,91,18,171,195,7,173,89,46,164,4,84,122,25,23,77,57,186,170,176,72,154,49,76,98,182,139,135,191,48,50,56,92,147,67,32,38,87,165,193,28,44,125,6,88,70,71,162,20,188,61,184,8,157,78,128,101,185,39,80,100,30,134,27,2,97,58,158,62,95,1,117,113,169,142,131,110,54,120,3,136,149,107,55,14,13,111,52,148,83,129,24,150,103,105,69,159,40,116,104,99,106,194,180,178,192,109,66,145,102,151,199,0,85,140,17,53,155,146,63,31,183,65,16,190,10,130,5,175,12,43,127,60,42,141,11,114,64,96,177,119,132,75,163,133,81,153,166,189,33,35,36,22,112,93,19,144,121,51];False
4508;6445;10953;[198,29,90,41,187,60,179,47,26,161,115,152,172,59,197,123,74,37,94,118,124,168,34,108,174,196,167,15,156,21,73,82,137,86,181,68,9,45,138,126,143,160,91,18,171,195,7,173,89,144,164,4,84,122,25,23,77,57,186,170,176,72,154,49,76,11,182,139,135,191,48,50,56,92,147,67,32,38,87,165,193,28,44,125,6,88,70,71,162,20,188,61,184,8,157,78,128,101,185,39,80,100,30,134,27,2,97,58,158,62,95,1,117,113,169,142,131,110,54,120,3,136,149,107,55,14,13,111,52,148,83,129,24,150,103,105,69,159,40,116,140,99,106,194,180,178,192,109,66,145,102,151,199,0,85,104,17,53,155,146,63,31,183,65,16,190,10,130,5,175,12,43,127,79,42,141,98,114,64,96,177,119,132,75,163,133,81,153,166,189,33,35,36,22,112,93,19,46,121,51];False
4495;6446;10941;[198,29,90,41,187,60,179,47,26,161,115,152,172,59,197,123,74,37,94,118,124,168,34,108,174,196,167,15,156,21,73,82,137,86,181,68,9,45,138,126,143,160,91,18,171,195,7,173,89,144,164,4,84,122,25,23,77,57,186,170,176,72,154,49,76,98,182,139,135,191,48,50,56,92,147,67,32,38,87,165,193,28,44,125,6,88,70,71,162,20,188,61,184,8,157,78,128,101,185,39,80,100,30,134,27,2,97,58,158,62,95,1,117,113,169,142,131,110,54,120,3,136,149,107,55,14,13,111,52,148,83,129,24,150,103,105,69,159,40,116,104,99,106,194,180,178,192,109,66,145,102,151,199,0,85,140,17,53,155,146,63,31,183,65,16,190,10,130,5,175,12,43,127,79,42,141,11,114,64,96,177,119,132,75,163,133,81,153,166,189,33,35,36,22,112,93,19,46,121,51];False
4366;6464;10830;[198,29,90,41,187,60,179,47,26,161,115,152,172,59,197,123,74,37,94,118,124,168,34,108,174,196,167,15,156,21,73,82,137,86,181,68,9,45,138,126,143,160,91,18,171,195,7,173,89,46,164,4,84,122,25,23,77,57,186,170,176,72,154,49,76,11,182,139,135,191,48,50,56,92,147,67,32,38,87,165,193,28,44,125,6,88,70,71,162,20,188,61,184,8,157,78,128,101,185,39,80,100,30,134,27,2,97,58,158,62,95,1,117,113,169,142,131,110,54,120,3,136,149,107,55,14,13,111,52,148,83,129,24,150,103,105,69,159,40,116,140,99,106,194,180,178,192,109,66,145,102,151,199,0,85,104,17,53,155,146,63,31,183,65,16,190,10,130,5,175,12,43,127,79,42,177,98,114,64,96,141,119,132,75,163,133,81,153,166,189,33,35,36,22,112,93,19,144,121,51];False
4352;6465;10817;[198,29,90,41,187,60,179,47,26,161,115,152,172,59,197,123,74,37,94,118,124,168,34,108,174,196,167,15,156,21,73,82,137,86,181,68,9,45,138,126,143,160,91,18,171,195,7,173,89,46,164,4,84,122,25,23,77,57,186,170,176,72,154,49,76,98,182,139,135,191,48,50,56,92,147,67,32,38,61,165,193,28,44,125,6,88,70,71,162,20,188,144,184,8,157,78,128,101,185,39,80,100,30,134,27,2,97,58,158,62,95,1,117,113,169,142,131,110,54,120,3,136,149,107,55,14,13,111,52,148,83,129,24,150,103,105,69,159,40,116,140,99,106,194,180,178,192,109,66,145,102,151,199,0,85,104,17,53,155,146,63,31,183,65,16,190,10,130,5,175,12,43,127,79,42,141,11,114,64,96,177,119,132,75,163,133,81,153,166,189,33,35,36,22,112,93,19,87,121,51];False
4396;6461;10857;[198,29,90,41,187,60,179,47,26,161,115,152,172,59,197,123,74,37,94,118,124,168,17,108,174,196,167,15,156,21,73,82,137,86,181,68,9,45,138,126,143,160,91,18,171,195,7,173,89,46,164,4,84,122,25,23,77,57,186,170,176,72,154,49,76,98,182,139,135,191,48,50,56,92,147,67,32,38,87,165,193,28,44,125,6,88,70,71,162,20,188,61,184,8,157,78,128,101,185,39,80,100,30,134,27,2,97,58,158,62,95,1,117,113,169,142,131,110,54,120,3,136,149,107,55,14,13,111,52,148,83,129,24,150,103,105,69,159,40,116,104,99,106,194,180,178,192,109,66,145,102,151,199,0,85,140,34,53,155,146,63,31,183,65,16,190,10,130,5,175,12,43,127,79,42,141,11,114,64,96,177,119,132,75,163,133,81,153,166,189,33,35,36,22,112,93,19,144,121,51];False
3600;6609;10209;[198,29,90,41,127,60,42,47,26,161,115,152,131,59,197,123,74,37,94,118,124,168,34,108,174,196,167,15,156,21,73,82,172,86,181,68,9,45,138,126,143,160,173,18,199,12,7,136,89,46,164,4,84,122,25,23,77,57,186,170,176,72,154,49,62,95,182,139,135,191,48,50,56,92,147,67,32,61,38,165,193,28,44,125,91,88,70,71,162,20,188,144,184,8,157,78,128,101,185,76,80,100,30,134,27,2,97,58,151,175,6,1,117,195,169,142,137,158,54,120,3,98,149,107,55,14,13,111,52,148,83,129,24,150,103,105,69,159,40,116,140,99,106,194,180,178,192,10,66,145,102,110,171,0,85,104,17,53,155,146,63,31,183,65,16,190,109,130,5,39,113,43,187,179,96,141,11,114,64,79,177,119,132,75,163,133,81,153,166,189,33,35,36,22,112,93,19,87,121,51];False
3575;6620;10195;[198,29,90,41,127,60,177,47,26,161,115,152,131,59,197,123,74,37,94,118,124,168,34,108,174,125,167,15,156,21,73,82,172,86,181,68,9,45,138,126,143,160,173,18,199,12,7,136,89,46,164,4,84,122,25,23,77,57,186,170,176,72,154,49,62,95,182,139,135,191,48,50,56,92,147,67,32,61,38,165,193,28,44,196,91,88,70,71,162,20,188,144,184,8,157,78,128,101,185,76,80,100,30,134,27,2,97,58,151,175,6,1,117,195,169,142,137,158,54,120,3,98,149,107,55,14,13,111,52,148,83,129,24,150,103,105,69,159,40,116,140,99,106,194,180,178,192,10,66,145,102,110,171,0,85,104,17,53,155,146,63,31,183,65,16,190,109,130,5,39,113,43,187,179,96,141,11,114,64,79,42,119,132,75,163,133,81,153,166,189,33,35,36,22,112,93,19,87,121,51];False
3645;6597;10242;[198,29,90,41,127,60,177,47,26,161,115,152,131,59,197,123,74,37,94,118,124,168,34,108,174,196,167,15,156,21,73,82,172,86,181,68,9,45,138,126,143,160,173,18,171,12,7,136,89,46,164,4,84,122,25,23,77,57,186,170,176,72,154,49,62,95,182,139,135,191,48,50,56,92,147,67,32,61,38,165,193,28,44,125,91,88,70,71,162,20,188,144,184,8,157,78,128,101,185,76,80,100,30,134,27,2,97,58,151,175,6,1,117,195,169,142,137,158,54,120,3,98,149,107,55,14,13,111,52,148,83,129,24,150,103,105,69,159,40,116,140,99,106,194,180,178,192,10,66,145,102,110,199,0,85,104,17,53,155,146,63,31,183,65,16,190,109,130,5,39,113,43,187,179,96,141,11,114,64,79,42,119,132,75,163,133,81,153,166,189,33,35,36,22,112,93,19,87,121,51];False
3593;6602;10195;[198,29,90,41,127,60,177,47,26,161,115,152,131,59,197,123,74,37,94,118,124,168,34,108,174,196,167,15,156,21,73,82,172,86,181,68,9,45,138,126,143,160,173,18,199,12,7,136,89,46,164,4,84,122,25,23,77,57,186,170,176,72,154,49,62,98,182,139,135,191,48,50,56,92,147,67,32,61,38,165,193,28,44,125,91,88,70,71,162,20,188,144,184,8,157,78,128,101,185,76,80,100,30,134,27,2,97,58,151,175,6,1,117,195,169,142,137,158,54,120,3,95,149,107,55,14,13,111,52,148,83,129,24,150,103,105,69,159,40,116,140,99,106,194,180,178,192,10,66,145,102,110,171,0,85,104,17,53,155,146,63,31,183,65,16,190,109,130,5,39,113,43,187,179,96,141,11,114,64,79,42,119,132,75,163,133,81,153,166,189,33,35,36,22,112,93,19,87,121,51];False
3679;6593;10272;[198,29,90,41,127,60,177,47,26,161,115,152,131,59,197,123,74,37,94,118,124,168,34,108,174,196,167,15,156,21,73,82,172,86,181,68,9,45,138,126,143,160,173,18,199,12,7,136,89,46,164,4,84,122,25,23,77,57,186,170,176,72,154,49,62,95,182,139,135,191,48,50,56,92,147,67,32,38,61,165,193,28,44,125,91,88,70,71,162,20,188,144,184,8,157,78,128,101,185,76,80,100,30,134,27,2,97,58,151,175,6,1,117,195,169,142,137,158,54,120,3,98,149,107,55,14,13,111,52,148,83,129,24,150,103,105,69,159,40,116,140,99,106,194,180,178,192,10,66,145,102,110,171,0,85,104,17,53,155,146,63,31,183,65,16,190,109,130,5,39,113,43,187,179,96,141,11,114,64,79,42,119,132,75,163,133,81,153,166,189,33,35,36,22,112,93,19,87,121,51];False
3644;6596;10240;[198,29,90,41,127,60,177,47,26,161,115,152,131,59,197,123,74,37,94,118,124,168,34,108,174,196,167,15,156,21,73,82,172,86,181,68,9,45,138,126,143,160,173,18,199,12,7,136,89,46,164,4,84,122,25,23,77,57,186,170,176,72,154,49,62,95,182,139,135,191,48,50,56,92,147,67,32,61,19,165,193,28,44,125,91,88,70,71,162,20,188,144,184,8,157,78,128,101,185,76,80,100,30,134,27,2,97,58,151,175,6,1,117,195,169,142,137,158,54,120,3,98,149,107,55,14,13,111,52,148,83,129,24,150,103,105,69,159,40,116,140,99,106,194,180,178,192,10,66,145,102,110,171,0,85,104,17,53,155,146,63,31,183,65,16,190,109,130,5,39,113,43,187,179,96,141,11,114,64,79,42,119,132,75,163,133,81,153,166,189,33,35,36,22,112,93,38,87,121,51];False
3556;6626;10182;[198,29,90,41,127,60,177,47,26,161,115,152,131,59,197,123,74,37,94,118,124,168,34,108,174,196,167,15,156,21,73,82,172,86,181,68,9,45,138,126,143,160,173,18,199,12,7,136,89,46,164,4,84,122,25,23,77,57,186,170,176,72,154,49,62,95,182,139,135,191,48,50,56,92,147,67,32,61,38,165,193,28,105,125,91,88,70,71,162,20,188,144,184,8,157,78,128,101,185,76,80,100,30,134,27,2,97,58,151,175,6,1,117,195,169,142,137,158,54,120,3,98,149,107,55,14,13,111,52,148,83,129,24,150,103,44,69,159,40,116,140,99,106,194,180,178,192,10,66,145,102,110,171,0,85,104,17,53,155,146,63,31,183,65,16,190,109,130,5,39,113,43,187,179,96,141,11,114,64,79,42,119,132,75,163,133,81,153,166,189,33,35,36,22,112,93,19,87,121,51];False
3558;6614;10172;[198,29,90,41,127,60,177,47,26,161,115,152,131,59,197,123,74,37,94,118,124,168,34,108,174,196,167,15,156,21,73,82,172,86,181,68,9,45,138,126,143,160,173,18,199,12,7,136,89,46,164,4,84,122,25,23,77,57,186,170,176,72,154,49,62,95,182,139,135,191,48,50,56,92,147,67,32,61,38,165,193,28,44,16,91,88,70,71,162,20,188,144,184,8,157,78,128,101,185,76,80,100,30,134,27,2,97,58,151,175,6,1,117,195,169,142,137,158,54,120,3,98,149,107,55,14,13,111,52,148,83,129,24,150,103,105,69,159,40,116,140,99,106,194,180,178,192,10,66,145,102,110,171,0,85,104,17,53,155,146,63,31,183,65,125,190,109,130,5,39,113,43,187,179,96,141,11,114,64,79,42,119,132,75,163,133,81,153,166,189,33,35,36,22,112,93,19,87,121,51];False
3591;6608;10199;[198,29,90,41,127,60,177,47,26,161,115,152,131,59,197,123,74,37,94,118,124,168,34,108,174,196,167,15,156,21,73,82,172,86,181,68,9,45,138,126,143,160,173,18,199,12,7,136,89,46,164,4,84,122,25,23,77,57,186,170,176,72,154,49,62,95,182,139,135,191,48,50,56,92,147,67,32,61,38,165,193,28,44,125,91,88,70,71,162,20,188,144,184,8,157,78,128,101,185,76,80,100,30,134,27,195,97,58,151,175,6,1,117,2,169,142,137,158,54,120,3,98,149,107,55,14,13,111,52,148,83,129,24,150,103,105,69,159,40,116,140,99,106,194,180,178,192,10,66,145,102,110,171,0,85,104,17,53,155,146,63,31,183,65,16,190,109,130,5,39,113,43,187,179,96,141,11,114,64,79,42,119,132,75,163,133,81,153,166,189,33,35,36,22,112,93,19,87,121,51];False
3737;6580;10317;[198,29,90,41,127,60,177,47,26,161,115,152,131,59,197,123,74,37,94,118,124,168,34,108,174,196,167,15,156,21,73,82,172,86,181,68,9,45,138,126,143,160,173,18,199,12,7,136,89,46,164,4,84,122,25,23,77,57,186,170,176,72,154,49,62,95,182,139,135,191,48,50,56,92,147,67,32,61,38,165,193,28,44,125,91,88,70,71,162,20,188,144,184,8,157,78,128,101,185,76,80,100,30,134,27,2,97,58,151,175,6,1,117,113,169,142,137,158,54,120,3,98,149,107,55,14,13,111,52,148,83,129,24,150,103,105,69,159,40,116,140,99,106,194,180,178,192,10,66,145,102,110,171,0,85,104,17,53,155,146,63,31,183,65,16,190,109,130,5,39,195,43,187,179,96,141,11,114,64,79,42,119,132,75,163,133,81,153,166,189,33,35,36,22,112,93,19,87,121,51];False
3650;6594;10244;[198,29,90,41,127,60,177,47,26,161,115,152,131,59,197,123,74,37,94,118,124,168,34,108,174,196,167,15,156,21,73,82,172,86,181,68,9,45,138,126,143,160,173,18,199,12,7,136,89,46,164,4,84,122,25,23,77,57,186,170,176,72,154,49,62,95,182,139,135,191,48,50,56,92,147,67,32,61,38,165,193,28,44,125,91,88,70,71,162,20,188,144,184,8,157,78,128,101,185,76,80,100,30,134,27,2,97,58,151,175,6,1,117,195,169,142,163,158,54,120,3,98,149,107,55,14,13,111,52,148,83,129,24,150,103,105,69,159,40,116,140,99,106,194,180,178,192,10,66,145,102,110,171,0,85,104,17,53,155,146,63,31,183,65,16,190,109,130,5,39,113,43,187,179,96,141,11,114,64,79,42,119,132,75,137,133,81,153,166,189,33,35,36,22,112,93,19,87,121,51];False
3556;6607;10163;[198,29,90,41,127,60,177,47,26,161,115,152,131,59,197,123,74,37,94,118,124,168,34,108,174,196,167,15,156,21,73,82,172,86,181,68,9,45,138,126,143,160,173,18,199,12,7,136,89,46,164,4,84,122,25,23,77,57,186,170,176,72,154,49,62,95,182,139,135,191,48,50,56,92,147,67,32,61,38,165,193,28,44,125,91,88,70,71,162,20,188,144,184,8,157,78,128,101,185,76,80,100,30,134,27,2,97,58,151,175,6,1,117,195,169,142,137,158,54,120,3,11,149,107,55,14,13,111,52,148,83,129,24,150,103,105,69,159,40,116,140,99,106,194,180,178,192,10,66,145,102,110,171,0,85,104,17,53,155,146,63,31,183,65,16,190,109,130,5,39,113,43,187,179,96,141,98,114,64,79,42,119,132,75,163,133,81,153,166,189,33,35,36,22,112,93,19,87,121,51];False
3533;6634;10167;[198,29,90,41,127,60,177,47,26,161,115,152,131,59,197,123,74,37,94,118,124,168,34,108,174,196,167,15,156,21,73,82,172,86,181,68,9,45,138,126,143,160,173,18,199,12,7,136,89,46,164,4,84,122,25,23,77,57,186,170,176,72,154,49,62,95,182,139,135,191,48,50,56,92,147,67,32,61,38,165,193,28,44,125,91,88,70,71,162,20,188,144,184,8,157,78,128,101,185,76,80,100,30,134,27,2,97,58,151,175,6,1,117,195,169,142,137,158,54,120,3,98,149,107,55,14,13,111,112,148,83,129,24,150,103,105,69,159,40,116,140,99,106,194,180,178,192,10,66,145,102,110,171,0,85,104,17,53,155,146,63,31,183,65,16,190,109,130,5,39,113,43,187,179,96,141,11,114,64,79,42,119,132,75,163,133,81,153,166,189,33,35,36,22,52,93,19,87,121,51];False
3680;6585;10265;[198,29,90,41,127,60,177,47,26,161,115,152,131,59,197,123,74,37,94,118,124,168,34,108,174,196,167,15,156,21,73,82,172,86,181,68,9,45,138,126,143,160,173,18,199,12,7,136,89,46,164,4,84,122,25,23,77,57,186,170,176,72,154,49,62,95,182,139,135,191,48,50,56,92,147,67,32,61,38,165,193,28,44,125,91,88,70,71,162,20,188,144,184,8,157,78,128,101,185,76,80,100,30,134,27,2,97,58,151,175,6,1,117,195,169,142,137,158,54,120,3,98,149,107,55,14,13,111,52,148,83,129,24,150,103,105,69,159,40,116,140,99,106,194,180,178,192,109,66,145,102,110,171,0,85,104,17,53,155,146,63,31,183,65,16,190,10,130,5,39,113,43,187,179,96,141,11,114,64,79,42,119,132,75,163,133,81,153,166,189,33,35,36,22,112,93,19,87,121,51];False
3757;6574;10331;[198,29,90,41,127,60,177,47,26,161,115,152,131,59,197,123,74,37,94,118,124,168,34,108,174,196,167,15,156,21,73,82,172,86,181,68,9,45,138,126,143,160,173,18,171,12,7,98,89,46,164,4,84,122,25,23,77,57,186,170,176,72,154,49,62,95,182,139,135,191,48,50,56,92,147,67,32,61,38,165,193,28,44,125,91,88,70,71,162,20,188,144,184,8,157,78,128,101,185,76,80,100,30,134,27,2,97,58,151,175,6,1,117,195,169,142,137,158,54,120,3,136,149,107,55,14,13,111,52,148,83,129,24,150,103,105,69,159,40,116,140,99,106,194,180,178,192,109,66,145,102,110,199,0,85,104,17,53,155,146,63,31,183,65,16,190,10,130,5,39,113,43,187,179,96,141,11,114,64,79,42,119,132,75,163,133,81,153,166,189,33,35,36,22,112,93,19,87,121,51];False
3756;6573;10329;[198,29,90,41,127,60,177,47,26,161,115,152,131,59,197,123,74,37,94,118,124,168,34,108,174,196,167,15,156,21,73,82,172,86,181,68,9,45,138,126,143,160,173,18,199,12,7,98,89,46,164,4,84,122,25,23,77,57,186,170,176,72,154,49,62,95,182,139,135,191,48,50,56,92,147,67,32,61,19,165,193,28,44,125,91,88,70,71,162,20,188,144,184,8,157,78,128,101,185,76,80,100,30,134,27,2,97,58,151,175,6,1,117,195,169,142,137,158,54,120,3,136,149,107,55,14,13,111,52,148,83,129,24,150,103,105,69,159,40,116,140,99,106,194,180,178,192,109,66,145,102,110,171,0,85,104,17,53,155,146,63,31,183,65,16,190,10,130,5,39,113,43,187,179,96,141,11,114,64,79,42,119,132,75,163,133,81,153,166,189,33,35,36,22,112,93,38,87,121,51];False
3670;6591;10261;[198,29,90,41,127,60,177,47,26,161,115,152,131,59,197,123,74,37,94,118,124,168,34,108,174,196,167,15,156,21,73,82,172,86,181,68,9,45,138,126,143,160,173,18,199,12,7,98,89,46,164,4,84,122,25,23,77,57,186,170,176,72,154,49,62,95,182,139,135,191,48,50,56,92,147,67,32,61,38,165,193,28,44,16,91,88,70,71,162,20,188,144,184,8,157,78,128,101,185,76,80,100,30,134,27,2,97,58,151,175,6,1,117,195,169,142,137,158,54,120,3,136,149,107,55,14,13,111,52,148,83,129,24,150,103,105,69,159,40,116,140,99,106,194,180,178,192,109,66,145,102,110,171,0,85,104,17,53,155,146,63,31,183,65,125,190,10,130,5,39,113,43,187,179,96,141,11,114,64,79,42,119,132,75,163,133,81,153,166,189,33,35,36,22,112,93,19,87,121,51];False
3762;6571;10333;[198,29,90,41,127,60,177,47,26,161,115,152,131,59,197,123,74,37,94,118,124,168,34,108,174,196,167,15,156,21,73,82,172,86,181,68,9,45,138,126,143,160,173,18,199,12,7,98,89,46,164,4,84,122,25,23,77,57,186,170,176,72,154,49,62,95,182,139,135,191,48,50,56,92,147,67,32,61,38,165,193,28,44,125,91,88,70,71,162,20,188,144,184,8,157,78,128,101,185,76,80,100,30,134,27,2,97,58,151,175,6,1,117,195,169,142,163,158,54,120,3,136,149,107,55,14,13,111,52,148,83,129,24,150,103,105,69,159,40,116,140,99,106,194,180,178,192,109,66,145,102,110,171,0,85,104,17,53,155,146,63,31,183,65,16,190,10,130,5,39,113,43,187,179,96,141,11,114,64,79,42,119,132,75,137,133,81,153,166,189,33,35,36,22,112,93,19,87,121,51];False
3713;6583;10296;[198,29,90,41,127,60,177,47,26,161,115,152,131,59,197,123,74,37,94,118,124,168,34,108,174,196,167,15,156,21,73,82,172,86,181,68,9,45,138,126,143,160,173,18,199,12,7,98,89,46,164,4,84,122,25,23,77,57,186,170,176,72,154,49,62,95,182,139,135,191,48,50,56,92,147,67,32,61,38,165,193,28,44,125,91,88,70,71,162,20,188,144,184,8,157,78,128,101,185,76,80,100,30,134,27,2,97,58,151,175,6,1,117,195,169,142,137,158,54,120,3,136,149,107,55,14,13,111,52,148,83,129,24,150,103,105,69,159,40,116,104,99,106,194,180,178,192,109,66,145,102,110,171,0,85,140,17,53,155,146,63,31,183,65,16,190,10,130,5,39,113,43,187,179,96,141,11,114,64,79,42,119,132,75,163,133,81,153,166,189,33,35,36,22,112,93,19,87,121,51];False
3777;6570;10347;[198,29,90,41,127,60,177,47,26,161,115,152,131,59,197,123,74,37,94,118,124,168,34,108,174,196,167,15,156,21,73,82,172,86,181,68,9,45,138,126,143,160,173,18,199,12,195,7,89,46,164,4,84,122,25,23,77,57,186,170,176,72,154,49,62,95,182,139,135,191,48,50,56,92,147,67,32,61,38,165,193,28,44,125,91,88,70,71,162,20,188,144,184,8,157,78,128,101,185,76,80,100,30,134,27,2,97,58,151,175,6,1,117,98,169,142,163,158,54,120,3,136,149,107,55,14,13,111,52,148,83,129,24,150,103,105,69,159,40,116,140,99,106,194,180,178,192,109,66,145,102,110,171,0,85,104,17,53,155,146,63,31,183,65,16,190,10,130,5,39,113,43,187,179,96,141,11,114,64,79,42,119,132,75,137,133,81,153,166,189,33,35,36,22,112,93,19,87,121,51];False
3728;6582;10310;[198,29,90,41,127,60,177,47,26,161,115,152,131,59,197,123,74,37,94,118,124,168,34,108,174,196,167,15,156,21,73,82,172,86,181,68,9,45,138,126,143,160,173,18,199,12,195,7,89,46,164,4,84,122,25,23,77,57,186,170,176,72,154,49,62,95,182,139,135,191,48,50,56,92,147,67,32,61,38,165,193,28,44,125,91,88,70,71,162,20,188,144,184,8,157,78,128,101,185,76,80,100,30,134,27,2,97,58,151,175,6,1,117,98,169,142,137,158,54,120,3,136,149,107,55,14,13,111,52,148,83,129,24,150,103,105,69,159,40,116,104,99,106,194,180,178,192,109,66,145,102,110,171,0,85,140,17,53,155,146,63,31,183,65,16,190,10,130,5,39,113,43,187,179,96,141,11,114,64,79,42,119,132,75,163,133,81,153,166,189,33,35,36,22,112,93,19,87,121,51];False
3513;6638;10151;[198,29,90,41,127,60,42,47,26,161,115,152,131,59,197,123,74,37,94,118,124,168,34,108,174,196,167,15,156,21,73,82,172,86,181,68,9,45,138,126,143,160,173,18,199,12,98,171,89,46,164,4,84,122,25,23,77,57,186,170,176,72,154,49,62,95,182,139,135,191,48,50,56,92,147,67,32,61,38,165,193,28,44,16,91,88,70,71,162,20,188,144,184,8,157,78,128,101,185,76,80,100,30,134,27,2,97,58,151,175,6,1,117,195,169,142,137,158,54,120,3,136,149,107,55,14,13,111,52,148,83,129,24,150,103,105,69,159,40,116,140,99,106,194,180,178,192,10,66,145,102,110,7,0,85,104,17,53,155,146,63,31,183,65,125,190,109,130,5,39,113,43,187,179,96,141,11,114,64,79,177,119,132,75,163,133,81,153,166,189,33,35,36,22,112,93,19,87,121,51];False
3504;6637;10141;[198,29,90,41,127,60,177,47,26,161,115,152,131,59,197,123,74,37,94,118,124,168,34,108,174,196,167,15,156,21,73,82,172,86,181,68,9,45,138,126,143,160,173,18,199,12,98,171,89,46,164,4,84,122,25,23,77,57,186,170,176,72,154,49,62,95,182,139,135,191,48,50,56,92,147,67,32,61,38,165,193,28,44,16,91,88,70,71,162,20,188,144,184,8,157,78,128,101,185,76,80,100,30,134,27,195,97,58,151,175,6,1,117,2,169,142,137,158,54,120,3,136,149,107,55,14,13,111,52,148,83,129,24,150,103,105,69,159,40,116,140,99,106,194,180,178,192,10,66,145,102,110,7,0,85,104,17,53,155,146,63,31,183,65,125,190,109,130,5,39,113,43,187,179,96,141,11,114,64,79,42,119,132,75,163,133,81,153,166,189,33,35,36,22,112,93,19,87,121,51];False
3514;6635;10149;[198,29,90,41,127,60,177,47,26,161,115,152,131,59,197,123,74,37,94,118,124,168,34,108,174,196,167,15,156,21,73,82,172,86,181,68,9,45,138,126,143,160,173,18,199,12,98,171,89,46,164,4,84,122,25,23,77,57,186,170,176,72,154,49,62,95,182,139,135,191,48,50,56,92,147,67,32,61,38,165,193,28,44,16,91,88,70,71,162,20,188,144,184,8,157,78,128,101,185,76,80,100,30,134,27,2,97,58,151,175,6,1,117,195,169,142,137,158,54,120,3,136,149,107,55,14,13,111,52,148,83,129,24,150,103,105,69,159,40,116,104,99,106,194,180,178,192,10,66,145,102,110,7,0,85,140,17,53,155,146,63,31,183,65,125,190,109,130,5,39,113,43,187,179,96,141,11,114,64,79,42,119,132,75,163,133,81,153,166,189,33,35,36,22,112,93,19,87,121,51];False
5045;6386;11431;[198,29,90,41,187,60,179,47,26,161,115,152,163,59,197,123,17,37,94,118,124,168,34,108,174,196,167,15,156,21,73,82,172,86,181,68,9,45,138,126,143,160,91,18,171,195,7,173,89,144,164,4,84,122,25,23,77,57,186,170,176,3,154,49,76,98,182,139,135,183,48,50,56,92,147,67,32,38,87,165,193,28,44,125,6,88,70,71,162,20,191,61,184,8,72,78,128,101,185,39,80,100,30,134,27,2,97,58,158,62,95,1,117,113,169,142,131,110,54,120,157,136,149,107,55,14,13,111,52,148,83,129,24,150,103,105,69,159,40,116,140,99,106,194,180,178,192,109,66,145,102,151,199,0,85,104,31,53,155,146,63,74,188,65,16,190,10,130,5,175,12,43,127,79,42,141,11,114,64,96,177,119,132,75,137,133,81,153,166,189,33,35,36,22,112,93,19,46,121,51];False
5119;6380;11499;[198,29,90,41,187,60,179,47,26,161,115,152,163,59,197,123,31,37,94,118,124,168,34,108,174,196,167,15,156,21,73,82,172,86,181,68,9,45,138,126,143,160,91,18,171,195,7,173,89,144,164,4,84,122,25,23,77,57,186,170,176,3,154,49,39,98,182,139,135,183,48,50,56,92,147,67,32,38,87,165,193,28,44,125,6,88,70,71,162,20,191,61,184,8,72,78,128,101,185,76,80,100,30,134,27,2,97,58,158,62,95,1,117,113,169,142,131,110,54,120,157,136,149,107,55,14,13,111,52,148,83,129,24,150,103,105,69,159,40,116,140,99,106,194,180,178,192,109,66,145,102,151,199,0,85,104,17,53,155,146,63,74,188,65,16,190,10,130,5,175,12,43,127,79,42,141,11,114,64,96,177,119,132,75,137,133,81,153,166,189,33,35,36,22,112,93,19,46,121,51];False
4963;6392;11355;[198,29,90,41,187,60,179,47,26,161,115,152,163,59,197,123,31,37,94,118,124,168,34,108,174,196,167,15,156,21,73,82,172,86,181,68,9,45,138,126,143,160,91,18,171,195,7,173,89,144,164,4,84,122,25,23,77,57,186,170,176,3,154,49,76,98,182,139,135,183,140,50,56,92,147,67,32,38,87,165,193,28,44,125,6,88,70,71,162,20,191,61,184,8,72,78,128,101,185,39,80,100,30,134,27,2,97,58,158,62,95,1,117,113,169,142,131,110,54,120,157,136,149,107,55,14,13,111,52,148,83,129,24,150,103,105,69,159,40,116,48,99,106,194,180,178,192,109,66,145,102,151,199,0,85,104,17,53,155,146,63,74,188,65,16,190,10,130,5,175,12,43,127,79,42,141,11,114,64,96,177,119,132,75,137,133,81,153,166,189,33,35,36,22,112,93,19,46,121,51];False
5102;6383;11485;[198,29,90,41,187,60,179,47,26,161,115,152,163,59,197,123,31,37,94,118,124,168,34,108,174,196,167,15,156,21,73,82,172,86,181,68,9,45,138,126,143,160,91,18,171,195,7,173,89,144,164,4,84,122,25,23,77,57,186,170,176,3,154,49,76,98,182,139,135,183,48,50,56,92,147,67,32,38,87,165,193,28,44,125,6,88,70,71,162,20,191,61,184,8,72,78,128,101,185,39,80,131,30,134,27,2,97,58,158,62,95,1,117,113,169,142,100,110,54,120,157,136,149,107,55,14,13,111,52,148,83,129,24,150,103,105,69,159,40,116,140,99,106,194,180,178,192,109,66,145,102,151,199,0,85,104,17,53,155,146,63,74,188,65,16,190,10,130,5,175,12,43,127,79,42,141,11,114,64,96,177,119,132,75,137,133,81,153,166,189,33,35,36,22,112,93,19,46,121,51];False
5018;6389;11407;[198,29,90,41,187,60,179,47,26,161,115,152,163,59,197,123,31,37,94,118,124,168,34,108,174,196,167,15,156,21,73,82,172,86,181,68,9,45,138,126,143,160,91,18,171,195,7,173,89,144,164,4,84,122,25,23,77,57,186,170,176,3,154,49,76,98,182,139,135,183,48,50,56,92,147,67,32,38,87,165,193,28,44,125,6,88,70,71,162,20,191,61,184,8,72,78,128,101,185,39,80,100,30,134,27,2,97,58,158,62,95,1,117,113,169,142,131,110,54,120,157,136,149,107,55,14,13,111,52,148,83,129,24,150,103,105,69,159,40,116,63,99,106,194,180,178,192,109,66,145,102,151,199,0,85,104,17,53,155,146,140,74,188,65,16,190,10,130,5,175,12,43,127,79,42,141,11,114,64,96,177,119,132,75,137,133,81,153,166,189,33,35,36,22,112,93,19,46,121,51];False
5156;6379;11535;[198,29,90,41,187,60,179,47,26,161,115,152,163,59,197,123,31,37,94,118,124,168,34,108,174,196,167,15,156,21,73,82,172,86,181,68,9,45,138,126,143,160,91,18,171,195,7,173,89,144,164,4,84,122,25,23,77,57,186,170,176,3,154,49,76,98,182,139,135,183,48,50,56,92,147,67,32,38,87,165,193,28,44,125,6,88,70,71,162,20,191,61,184,8,72,78,128,101,185,39,80,100,30,134,27,2,97,58,158,62,95,1,117,113,169,142,131,110,54,120,157,136,149,107,55,14,13,111,52,148,83,129,24,150,103,105,69,159,40,116,140,99,106,194,180,178,192,109,66,145,102,151,199,0,85,104,17,53,51,146,63,74,188,65,16,190,10,130,5,175,12,43,127,79,42,141,11,114,64,96,177,119,132,75,137,133,81,153,166,189,33,35,36,22,112,93,19,46,121,155];False
4260;6483;10743;[198,29,90,41,187,79,179,47,26,161,115,152,172,59,197,123,74,37,94,118,124,168,34,108,174,196,167,15,156,21,73,82,137,86,181,68,9,45,138,126,143,160,91,18,171,195,7,173,89,46,164,4,84,122,25,23,77,57,186,170,176,72,154,49,76,98,182,139,135,191,48,50,56,92,147,67,32,38,61,165,193,28,44,125,6,88,70,71,162,20,188,144,184,8,157,78,128,101,185,39,80,100,30,134,27,2,97,58,158,62,95,1,117,113,169,142,131,110,54,120,3,136,149,107,55,14,13,111,52,148,83,129,24,150,103,105,69,159,40,116,140,99,106,194,180,178,192,109,66,145,102,151,199,0,85,104,17,53,155,146,63,31,183,65,16,190,10,130,5,175,12,43,127,60,42,141,11,114,64,96,177,119,132,75,163,133,81,153,166,189,33,35,36,22,112,93,19,87,121,51];False
4302;6474;10776;[198,29,90,41,187,60,42,47,26,161,115,152,172,59,197,123,74,37,94,118,124,168,34,108,174,196,167,15,156,21,73,82,137,86,181,68,9,45,138,126,143,160,91,18,171,195,7,173,89,46,164,4,84,122,25,23,77,57,186,170,176,72,154,49,76,11,182,139,135,191,48,50,56,92,147,67,32,38,87,165,193,28,44,125,6,88,70,71,162,20,188,61,184,8,157,78,128,101,185,39,80,100,30,134,27,2,97,58,158,62,95,1,117,113,169,142,131,110,54,120,3,136,149,107,55,14,13,111,52,148,83,129,24,150,103,105,69,159,40,116,140,99,106,194,180,178,192,109,66,145,102,151,199,0,85,104,17,53,155,146,63,31,183,65,16,190,10,130,5,175,12,43,127,79,179,177,98,114,64,96,141,119,132,75,163,133,81,153,166,189,33,35,36,22,112,93,19,144,121,51];False
4392;6459;10851;[198,29,90,41,187,60,179,47,26,161,115,152,172,59,197,123,74,37,94,118,124,168,34,108,174,196,167,15,156,21,73,82,137,86,181,68,9,45,138,126,143,160,91,18,171,195,7,173,89,46,164,4,84,122,25,23,77,57,186,170,176,72,154,49,39,11,182,139,135,191,48,50,56,92,147,67,32,38,87,165,193,28,44,125,6,88,70,71,162,20,188,61,184,8,157,78,128,101,185,76,80,100,30,134,27,2,97,58,158,62,95,1,117,113,169,142,131,110,54,120,3,136,149,107,55,14,13,111,52,148,83,129,24,150,103,105,69,159,40,116,140,99,106,194,180,178,192,109,66,145,102,151,199,0,85,104,17,53,155,146,63,31,183,65,16,190,10,130,5,175,12,43,127,79,42,177,98,114,64,96,141,119,132,75,163,133,81,153,166,189,33,35,36,22,112,93,19,144,121,51];False
4389;6463;10852;[198,29,90,41,187,60,179,47,26,161,115,152,172,59,197,123,74,37,94,118,124,168,34,108,174,196,167,15,156,21,73,82,137,86,181,68,9,45,138,126,143,160,91,18,171,195,7,173,89,46,164,4,84,122,25,23,77,57,186,170,176,72,154,49,76,11,182,139,135,191,48,50,56,92,147,67,32,38,87,165,193,28,44,125,6,88,70,71,162,20,188,61,184,8,157,78,128,101,185,39,80,100,30,134,27,2,97,58,158,62,95,1,117,113,169,142,131,110,54,120,3,136,149,107,55,14,13,111,52,148,83,129,24,150,103,105,69,159,40,116,140,99,106,194,180,178,192,109,66,145,102,151,199,0,85,104,17,53,155,146,63,31,183,65,16,190,10,130,5,175,12,43,127,79,42,119,98,114,64,96,141,177,132,75,163,133,81,153,166,189,33,35,36,22,112,93,19,144,121,51];False
4294;6473;10767;[198,29,90,41,187,60,179,47,26,161,115,152,172,59,197,123,74,37,94,118,124,168,34,108,174,196,167,15,156,21,73,82,137,86,181,68,61,45,138,126,143,160,91,18,171,195,7,173,89,46,164,4,84,122,25,23,77,57,186,170,176,72,154,49,76,98,182,139,135,191,48,50,56,92,147,67,32,38,9,165,193,28,44,125,6,88,70,71,162,20,188,144,184,8,157,78,128,101,185,39,80,100,30,134,27,2,97,58,158,62,95,1,117,113,169,142,131,110,54,120,3,136,149,107,55,14,13,111,52,148,83,129,24,150,103,105,69,159,40,116,140,99,106,194,180,178,192,109,66,145,102,151,199,0,85,104,17,53,155,146,63,31,183,65,16,190,10,130,5,175,12,43,127,79,42,141,11,114,64,96,177,119,132,75,163,133,81,153,166,189,33,35,36,22,112,93,19,87,121,51];True
4299;6471;10770;[198,29,90,41,187,60,179,47,26,161,115,152,172,59,197,123,74,37,94,118,124,168,34,108,174,196,167,15,156,21,73,82,137,86,181,68,9,45,138,126,143,160,91,18,171,195,7,173,89,46,164,4,84,122,25,23,77,57,186,170,176,72,154,49,76,98,182,139,135,191,48,50,56,92,147,67,32,61,38,165,193,28,44,125,6,88,70,71,162,20,188,144,184,8,157,78,128,101,185,39,80,100,30,134,27,2,97,58,158,62,95,1,117,113,169,142,131,110,54,120,3,136,149,107,55,14,13,111,52,148,83,129,24,150,103,105,69,159,40,116,140,99,106,194,180,178,192,109,66,145,102,151,199,0,85,104,17,53,155,146,63,31,183,65,16,190,10,130,5,175,12,43,127,79,42,141,11,114,64,96,177,119,132,75,163,133,81,153,166,189,33,35,36,22,112,93,19,87,121,51];True
4365;6463;10828;[198,29,90,41,187,60,179,47,26,161,115,152,172,59,197,123,74,37,94,118,124,168,34,108,174,196,167,15,156,21,73,82,137,86,181,68,9,45,138,126,143,160,91,18,171,195,7,173,89,46,164,4,84,122,25,23,77,57,186,170,176,72,154,49,76,98,182,139,135,191,48,50,56,92,147,67,32,19,61,165,193,28,44,125,6,88,70,71,162,20,188,144,184,8,157,78,128,101,185,39,80,100,30,134,27,2,97,58,158,62,95,1,117,113,169,142,131,110,54,120,3,136,149,107,55,14,13,111,52,148,83,129,24,150,103,105,69,159,40,116,140,99,106,194,180,178,192,109,66,145,102,151,199,0,85,104,17,53,155,146,63,31,183,65,16,190,10,130,5,175,12,43,127,79,42,141,11,114,64,96,177,119,132,75,163,133,81,153,166,189,33,35,36,22,112,93,38,87,121,51];False
3553;6625;10178;[198,29,90,41,127,60,177,47,26,161,115,152,131,59,197,168,74,37,94,118,124,123,34,108,174,196,167,15,156,21,73,82,172,86,181,68,9,45,138,126,143,160,173,18,199,12,7,136,89,46,164,4,84,122,25,23,77,57,186,170,176,72,154,49,62,98,182,139,135,191,48,50,56,92,147,67,32,61,38,165,193,28,44,125,91,88,70,71,162,20,188,144,184,8,157,78,128,101,185,76,80,100,30,134,27,2,97,58,151,175,6,1,117,195,169,142,137,158,54,120,3,95,149,107,55,14,13,111,52,148,83,129,24,150,103,105,69,159,40,116,140,99,106,194,180,178,192,10,66,145,102,110,171,0,85,104,17,53,155,146,63,31,183,65,16,190,109,130,5,39,113,43,187,179,96,141,11,114,64,79,42,119,132,75,163,133,81,153,166,189,33,35,36,22,112,93,19,87,121,51];False
3542;6623;10165;[198,29,90,41,127,60,177,47,26,161,115,152,131,59,197,123,74,37,94,118,124,168,34,108,174,125,167,15,156,21,73,82,172,86,181,68,9,45,138,126,143,160,173,18,199,12,7,136,89,46,164,4,84,122,25,23,77,57,186,170,176,72,154,49,62,98,182,139,135,191,48,50,56,92,147,67,32,61,38,165,193,28,44,196,91,88,70,71,162,20,188,144,184,8,157,78,128,101,185,76,80,100,30,134,27,2,97,58,151,175,6,1,117,195,169,142,137,158,54,120,3,95,149,107,55,14,13,111,52,148,83,129,24,150,103,105,69,159,40,116,140,99,106,194,180,178,192,10,66,145,102,110,171,0,85,104,17,53,155,146,63,31,183,65,16,190,109,130,5,39,113,43,187,179,96,141,11,114,64,79,42,119,132,75,163,133,81,153,166,189,33,35,36,22,112,93,19,87,121,51];False
3612;6600;10212;[198,29,90,41,127,60,177,47,26,161,115,152,131,59,197,123,74,37,94,118,124,168,34,108,174,196,167,15,156,21,73,82,172,86,181,68,9,45,138,126,143,160,173,18,171,12,7,136,89,46,164,4,84,122,25,23,77,57,186,170,176,72,154,49,62,98,182,139,135,191,48,50,56,92,147,67,32,61,38,165,193,28,44,125,91,88,70,71,162,20,188,144,184,8,157,78,128,101,185,76,80,100,30,134,27,2,97,58,151,175,6,1,117,195,169,142,137,158,54,120,3,95,149,107,55,14,13,111,52,148,83,129,24,150,103,105,69,159,40,116,140,99,106,194,180,178,192,10,66,145,102,110,199,0,85,104,17,53,155,146,63,31,183,65,16,190,109,130,5,39,113,43,187,179,96,141,11,114,64,79,42,119,132,75,163,133,81,153,166,189,33,35,36,22,112,93,19,87,121,51];False
3588;6606;10194;[198,29,90,41,127,60,177,47,26,161,115,152,131,59,197,123,74,37,94,118,124,168,34,108,174,196,167,15,156,21,73,82,172,86,181,68,9,45,138,126,143,160,173,18,199,12,7,136,89,46,164,4,84,122,25,23,77,57,186,170,176,72,154,49,62,195,182,139,135,191,48,50,56,92,147,67,32,61,38,165,193,28,44,125,91,88,70,71,162,20,188,144,184,8,157,78,128,101,185,76,80,100,30,134,27,2,97,58,151,175,6,1,117,98,169,142,137,158,54,120,3,95,149,107,55,14,13,111,52,148,83,129,24,150,103,105,69,159,40,116,140,99,106,194,180,178,192,10,66,145,102,110,171,0,85,104,17,53,155,146,63,31,183,65,16,190,109,130,5,39,113,43,187,179,96,141,11,114,64,79,42,119,132,75,163,133,81,153,166,189,33,35,36,22,112,93,19,87,121,51];False
3552;6610;10162;[198,29,90,41,127,60,177,47,26,161,115,152,131,59,197,123,74,37,94,118,124,168,34,108,174,196,167,15,156,21,73,82,172,86,181,68,9,45,138,126,143,160,173,18,199,12,7,136,89,46,164,4,84,122,25,23,77,57,186,170,176,72,154,49,62,11,182,139,135,191,48,50,56,92,147,67,32,61,38,165,193,28,44,125,91,88,70,71,162,20,188,144,184,8,157,78,128,101,185,76,80,100,30,134,27,2,97,58,151,175,6,1,117,195,169,142,137,158,54,120,3,95,149,107,55,14,13,111,52,148,83,129,24,150,103,105,69,159,40,116,140,99,106,194,180,178,192,10,66,145,102,110,171,0,85,104,17,53,155,146,63,31,183,65,16,190,109,130,5,39,113,43,187,179,96,141,98,114,64,79,42,119,132,75,163,133,81,153,166,189,33,35,36,22,112,93,19,87,121,51];False
3611;6599;10210;[198,29,90,41,127,60,177,47,26,161,115,152,131,59,197,123,74,37,94,118,124,168,34,108,174,196,167,15,156,21,73,82,172,86,181,68,9,45,138,126,143,160,173,18,199,12,7,136,89,46,164,4,84,122,25,23,77,57,186,170,176,72,154,49,62,98,182,139,135,191,48,50,56,92,147,67,32,61,19,165,193,28,44,125,91,88,70,71,162,20,188,144,184,8,157,78,128,101,185,76,80,100,30,134,27,2,97,58,151,175,6,1,117,195,169,142,137,158,54,120,3,95,149,107,55,14,13,111,52,148,83,129,24,150,103,105,69,159,40,116,140,99,106,194,180,178,192,10,66,145,102,110,171,0,85,104,17,53,155,146,63,31,183,65,16,190,109,130,5,39,113,43,187,179,96,141,11,114,64,79,42,119,132,75,163,133,81,153,166,189,33,35,36,22,112,93,38,87,121,51];False
3523;6629;10152;[198,29,90,41,127,60,177,47,26,161,115,152,131,59,197,123,74,37,94,118,124,168,34,108,174,196,167,15,156,21,73,82,172,86,181,68,9,45,138,126,143,160,173,18,199,12,7,136,89,46,164,4,84,122,25,23,77,57,186,170,176,72,154,49,62,98,182,139,135,191,48,50,56,92,147,67,32,61,38,165,193,28,105,125,91,88,70,71,162,20,188,144,184,8,157,78,128,101,185,76,80,100,30,134,27,2,97,58,151,175,6,1,117,195,169,142,137,158,54,120,3,95,149,107,55,14,13,111,52,148,83,129,24,150,103,44,69,159,40,116,140,99,106,194,180,178,192,10,66,145,102,110,171,0,85,104,17,53,155,146,63,31,183,65,16,190,109,130,5,39,113,43,187,179,96,141,11,114,64,79,42,119,132,75,163,133,81,153,166,189,33,35,36,22,112,93,19,87,121,51];False
3525;6617;10142;[198,29,90,41,127,60,177,47,26,161,115,152,131,59,197,123,74,37,94,118,124,168,34,108,174,196,167,15,156,21,73,82,172,86,181,68,9,45,138,126,143,160,173,18,199,12,7,136,89,46,164,4,84,122,25,23,77,57,186,170,176,72,154,49,62,98,182,139,135,191,48,50,56,92,147,67,32,61,38,165,193,28,44,16,91,88,70,71,162,20,188,144,184,8,157,78,128,101,185,76,80,100,30,134,27,2,97,58,151,175,6,1,117,195,169,142,137,158,54,120,3,95,149,107,55,14,13,111,52,148,83,129,24,150,103,105,69,159,40,116,140,99,106,194,180,178,192,10,66,145,102,110,171,0,85,104,17,53,155,146,63,31,183,65,125,190,109,130,5,39,113,43,187,179,96,141,11,114,64,79,42,119,132,75,163,133,81,153,166,189,33,35,36,22,112,93,19,87,121,51];False
3704;6583;10287;[198,29,90,41,127,60,177,47,26,161,115,152,131,59,197,123,74,37,94,118,124,168,34,108,174,196,167,15,156,21,73,82,172,86,181,68,9,45,138,126,143,160,173,18,199,12,7,136,89,46,164,4,84,122,25,23,77,57,186,170,176,72,154,49,62,98,182,139,135,191,48,50,56,92,147,67,32,61,38,165,193,28,44,125,91,88,70,71,162,20,188,144,184,8,157,78,128,101,185,76,80,100,30,134,27,2,97,58,151,175,6,1,117,113,169,142,137,158,54,120,3,95,149,107,55,14,13,111,52,148,83,129,24,150,103,105,69,159,40,116,140,99,106,194,180,178,192,10,66,145,102,110,171,0,85,104,17,53,155,146,63,31,183,65,16,190,109,130,5,39,195,43,187,179,96,141,11,114,64,79,42,119,132,75,163,133,81,153,166,189,33,35,36,22,112,93,19,87,121,51];False
3617;6597;10214;[198,29,90,41,127,60,177,47,26,161,115,152,131,59,197,123,74,37,94,118,124,168,34,108,174,196,167,15,156,21,73,82,172,86,181,68,9,45,138,126,143,160,173,18,199,12,7,136,89,46,164,4,84,122,25,23,77,57,186,170,176,72,154,49,62,98,182,139,135,191,48,50,56,92,147,67,32,61,38,165,193,28,44,125,91,88,70,71,162,20,188,144,184,8,157,78,128,101,185,76,80,100,30,134,27,2,97,58,151,175,6,1,117,195,169,142,163,158,54,120,3,95,149,107,55,14,13,111,52,148,83,129,24,150,103,105,69,159,40,116,140,99,106,194,180,178,192,10,66,145,102,110,171,0,85,104,17,53,155,146,63,31,183,65,16,190,109,130,5,39,113,43,187,179,96,141,11,114,64,79,42,119,132,75,137,133,81,153,166,189,33,35,36,22,112,93,19,87,121,51];False
3500;6637;10137;[198,29,90,41,127,60,177,47,26,161,115,152,131,59,197,123,74,37,94,118,124,168,34,108,174,196,167,15,156,21,73,82,172,86,181,68,9,45,138,126,143,160,173,18,199,12,7,136,89,46,164,4,84,122,25,23,77,57,186,170,176,72,154,49,62,98,182,139,135,191,48,50,56,92,147,67,32,61,38,165,193,28,44,125,91,88,70,71,162,20,188,144,184,8,157,78,128,101,185,76,80,100,30,134,27,2,97,58,151,175,6,1,117,195,169,142,137,158,54,120,3,95,149,107,55,14,13,111,112,148,83,129,24,150,103,105,69,159,40,116,140,99,106,194,180,178,192,10,66,145,102,110,171,0,85,104,17,53,155,146,63,31,183,65,16,190,109,130,5,39,113,43,187,179,96,141,11,114,64,79,42,119,132,75,163,133,81,153,166,189,33,35,36,22,52,93,19,87,121,51];False
3523;6626;10149;[198,29,90,41,127,60,177,47,26,161,115,152,131,59,197,123,74,37,94,118,124,168,34,108,174,196,167,15,156,21,73,82,172,86,181,68,9,45,138,126,143,160,173,18,199,12,7,136,89,46,164,4,84,122,25,23,77,57,186,170,176,72,154,49,62,98,182,139,135,191,48,50,56,92,147,67,32,61,38,165,193,28,44,125,91,88,70,71,162,20,188,144,184,8,157,78,128,101,185,76,80,100,30,134,27,2,97,58,151,175,6,1,117,195,169,142,137,158,54,120,3,95,149,107,55,14,13,111,52,148,83,129,24,150,103,140,69,159,40,116,105,99,106,194,180,178,192,10,66,145,102,110,171,0,85,104,17,53,155,146,63,31,183,65,16,190,109,130,5,39,113,43,187,179,96,141,11,114,64,79,42,119,132,75,163,133,81,153,166,189,33,35,36,22,112,93,19,87,121,51];False
3647;6588;10235;[198,29,90,41,127,60,177,47,26,161,115,152,131,59,197,123,74,37,94,118,124,168,34,108,174,196,167,15,156,21,73,82,172,86,181,68,9,45,138,126,143,160,173,18,199,12,7,136,89,46,164,4,84,122,25,23,77,57,186,170,176,72,154,49,62,98,182,139,135,191,48,50,56,92,147,67,32,61,38,165,193,28,44,125,91,88,70,71,162,20,188,144,184,8,157,78,128,101,185,76,80,100,30,134,27,2,97,58,151,175,6,1,117,195,169,142,137,158,54,120,3,95,149,107,55,14,13,111,52,148,83,129,24,150,103,105,69,159,40,116,140,99,106,194,180,178,192,109,66,145,102,110,171,0,85,104,17,53,155,146,63,31,183,65,16,190,10,130,5,39,113,43,187,179,96,141,11,114,64,79,42,119,132,75,163,133,81,153,166,189,33,35,36,22,112,93,19,87,121,51];False
3574;6604;10178;[198,29,90,41,127,60,177,47,26,161,115,152,131,59,197,123,74,37,94,118,124,168,34,108,174,196,167,15,156,21,73,82,172,86,181,68,9,45,138,126,143,160,173,18,199,12,7,136,89,46,164,4,84,122,25,23,77,57,186,170,176,72,154,49,62,95,182,139,135,191,48,50,56,92,147,67,32,61,19,165,193,28,44,125,91,88,70,71,162,20,188,144,184,8,157,78,128,101,185,76,80,100,30,134,27,2,97,58,151,175,6,1,117,195,169,142,137,158,54,120,3,11,149,107,55,14,13,111,52,148,83,129,24,150,103,105,69,159,40,116,140,99,106,194,180,178,192,10,66,145,102,110,171,0,85,104,17,53,155,146,63,31,183,65,16,190,109,130,5,39,113,43,187,179,96,141,98,114,64,79,42,119,132,75,163,133,81,153,166,189,33,35,36,22,112,93,38,87,121,51];False
3698;6582;10280;[198,29,90,41,127,60,177,47,26,161,115,152,131,59,197,123,74,37,94,118,124,168,34,108,174,196,167,15,156,21,73,82,172,86,181,68,9,45,138,126,143,160,173,18,199,12,7,136,89,46,164,4,84,122,25,23,77,57,186,170,176,72,154,49,62,95,182,139,135,191,48,50,56,92,147,67,32,61,19,165,193,28,44,125,91,88,70,71,162,20,188,144,184,8,157,78,128,101,185,76,80,100,30,134,27,2,97,58,151,175,6,1,117,195,169,142,137,158,54,120,3,98,149,107,55,14,13,111,52,148,83,129,24,150,103,105,69,159,40,116,140,99,106,194,180,178,192,109,66,145,102,110,171,0,85,104,17,53,155,146,63,31,183,65,16,190,10,130,5,39,113,43,187,179,96,141,11,114,64,79,42,119,132,75,163,133,81,153,166,189,33,35,36,22,112,93,38,87,121,51];False
3791;6566;10357;[198,29,90,41,127,60,177,47,26,161,115,152,131,59,197,123,74,37,94,118,124,168,34,108,174,196,167,15,156,21,73,82,172,86,181,68,9,45,138,126,143,160,173,18,199,12,7,136,89,46,164,4,84,122,25,23,77,57,186,170,176,72,154,49,62,95,182,139,135,191,48,50,56,92,147,67,32,61,38,165,193,28,44,125,91,88,70,71,162,20,188,144,184,8,157,78,128,101,185,76,80,100,30,134,27,2,97,58,151,175,6,1,117,113,169,142,137,158,54,120,3,98,149,107,55,14,13,111,52,148,83,129,24,150,103,105,69,159,40,116,140,99,106,194,180,178,192,109,66,145,102,110,171,0,85,104,17,53,155,146,63,31,183,65,16,190,10,130,5,39,195,43,187,179,96,141,11,114,64,79,42,119,132,75,163,133,81,153,166,189,33,35,36,22,112,93,19,87,121,51];False
3721;6580;10301;[198,29,90,41,187,60,177,47,26,161,115,152,131,59,197,123,74,37,94,118,124,168,34,108,174,196,167,15,156,21,73,82,172,86,181,68,9,45,138,126,143,160,173,18,199,12,7,136,89,46,164,4,84,122,25,23,77,57,186,170,176,72,154,49,62,95,182,139,135,191,48,50,56,92,147,67,32,61,38,165,193,28,44,125,91,88,70,71,162,20,188,144,184,8,157,78,128,101,185,76,80,100,30,134,27,2,97,58,151,175,6,1,117,195,169,142,137,158,54,120,3,11,149,107,55,14,13,111,52,148,83,129,24,150,103,105,69,159,40,116,140,99,106,194,180,178,192,10,66,145,102,110,171,0,85,104,17,53,155,146,63,31,183,65,16,190,109,130,5,39,113,43,127,179,96,141,98,114,64,79,42,119,132,75,163,133,81,153,166,189,33,35,36,22,112,93,19,87,121,51];False
3546;6616;10162;[198,29,90,41,127,60,177,47,26,161,115,152,131,122,197,123,74,37,94,118,124,168,34,108,174,196,167,15,156,21,73,82,172,86,181,68,9,45,138,126,143,160,173,18,199,12,7,136,89,46,164,4,84,59,25,23,77,57,186,170,176,72,154,49,62,95,182,139,135,191,48,50,56,92,147,67,32,61,38,165,193,28,44,125,91,88,70,71,162,20,188,144,184,8,157,78,128,101,185,76,80,100,30,134,27,2,97,58,151,175,6,1,117,195,169,142,137,158,54,120,3,11,149,107,55,14,13,111,52,148,83,129,24,150,103,105,69,159,40,116,140,99,106,194,180,178,192,10,66,145,102,110,171,0,85,104,17,53,155,146,63,31,183,65,16,190,109,130,5,39,113,43,187,179,96,141,98,114,64,79,42,119,132,75,163,133,81,153,166,189,33,35,36,22,112,93,19,87,121,51];False
3516;6630;10146;[198,29,90,41,127,60,177,47,26,161,115,152,131,59,197,168,74,37,94,118,124,123,34,108,174,196,167,15,156,21,73,82,172,86,181,68,9,45,138,126,143,160,173,18,199,12,7,136,89,46,164,4,84,122,25,23,77,57,186,170,176,72,154,49,62,95,182,139,135,191,48,50,56,92,147,67,32,61,38,165,193,28,44,125,91,88,70,71,162,20,188,144,184,8,157,78,128,101,185,76,80,100,30,134,27,2,97,58,151,175,6,1,117,195,169,142,137,158,54,120,3,11,149,107,55,14,13,111,52,148,83,129,24,150,103,105,69,159,40,116,140,99,106,194,180,178,192,10,66,145,102,110,171,0,85,104,17,53,155,146,63,31,183,65,16,190,109,130,5,39,113,43,187,179,96,141,98,114,64,79,42,119,132,75,163,133,81,153,166,189,33,35,36,22,112,93,19,87,121,51];False
3481;6642;10123;[198,29,90,41,127,60,177,47,26,161,115,152,131,59,197,123,74,37,94,118,124,168,34,108,44,196,167,15,156,21,73,82,172,86,181,68,9,45,138,126,143,160,173,18,199,12,7,136,89,46,164,4,84,122,25,23,77,57,186,170,176,72,154,49,62,95,182,139,135,191,48,50,56,92,147,67,32,61,38,165,193,28,174,125,91,88,70,71,162,20,188,144,184,8,157,78,128,101,185,76,80,100,30,134,27,2,97,58,151,175,6,1,117,195,169,142,137,158,54,120,3,11,149,107,55,14,13,111,52,148,83,129,24,150,103,105,69,159,40,116,140,99,106,194,180,178,192,10,66,145,102,110,171,0,85,104,17,53,155,146,63,31,183,65,16,190,109,130,5,39,113,43,187,179,96,141,98,114,64,79,42,119,132,75,163,133,81,153,166,189,33,35,36,22,112,93,19,87,121,51];False
3519;6629;10148;[198,29,90,41,127,60,177,47,26,161,115,152,131,59,197,123,74,37,94,118,124,168,34,108,125,196,167,15,156,21,73,82,172,86,181,68,9,45,138,126,143,160,173,18,199,12,7,136,89,46,164,4,84,122,25,23,77,57,186,170,176,72,154,49,62,95,182,139,135,191,48,50,56,92,147,67,32,61,38,165,193,28,44,174,91,88,70,71,162,20,188,144,184,8,157,78,128,101,185,76,80,100,30,134,27,2,97,58,151,175,6,1,117,195,169,142,137,158,54,120,3,11,149,107,55,14,13,111,52,148,83,129,24,150,103,105,69,159,40,116,140,99,106,194,180,178,192,10,66,145,102,110,171,0,85,104,17,53,155,146,63,31,183,65,16,190,109,130,5,39,113,43,187,179,96,141,98,114,64,79,42,119,132,75,163,133,81,153,166,189,33,35,36,22,112,93,19,87,121,51];False
3505;6628;10133;[198,29,90,41,127,60,177,47,26,161,115,152,131,59,197,123,74,37,94,118,124,168,34,108,174,125,167,15,156,21,73,82,172,86,181,68,9,45,138,126,143,160,173,18,199,12,7,136,89,46,164,4,84,122,25,23,77,57,186,170,176,72,154,49,62,95,182,139,135,191,48,50,56,92,147,67,32,61,38,165,193,28,44,196,91,88,70,71,162,20,188,144,184,8,157,78,128,101,185,76,80,100,30,134,27,2,97,58,151,175,6,1,117,195,169,142,137,158,54,120,3,11,149,107,55,14,13,111,52,148,83,129,24,150,103,105,69,159,40,116,140,99,106,194,180,178,192,10,66,145,102,110,171,0,85,104,17,53,155,146,63,31,183,65,16,190,109,130,5,39,113,43,187,179,96,141,98,114,64,79,42,119,132,75,163,133,81,153,166,189,33,35,36,22,112,93,19,87,121,51];False
3609;6601;10210;[198,29,90,41,127,60,177,47,26,161,115,152,131,59,197,123,74,37,94,118,124,168,34,108,174,196,167,15,156,21,73,82,172,86,181,68,9,45,138,126,143,160,173,18,199,12,7,136,89,46,164,4,84,122,25,23,77,57,186,170,176,72,154,49,62,95,182,139,135,191,48,50,56,92,147,67,32,38,61,165,193,28,44,125,91,88,70,71,162,20,188,144,184,8,157,78,128,101,185,76,80,100,30,134,27,2,97,58,151,175,6,1,117,195,169,142,137,158,54,120,3,11,149,107,55,14,13,111,52,148,83,129,24,150,103,105,69,159,40,116,140,99,106,194,180,178,192,10,66,145,102,110,171,0,85,104,17,53,155,146,63,31,183,65,16,190,109,130,5,39,113,43,187,179,96,141,98,114,64,79,42,119,132,75,163,133,81,153,166,189,33,35,36,22,112,93,19,87,121,51];False
3486;6634;10120;[198,29,90,41,127,60,177,47,26,161,115,152,131,59,197,123,74,37,94,118,124,168,34,108,174,196,167,15,156,21,73,82,172,86,181,68,9,45,138,126,143,160,173,18,199,12,7,136,89,46,164,4,84,122,25,23,77,57,186,170,176,72,154,49,62,95,182,139,135,191,48,50,56,92,147,67,32,61,38,165,193,28,105,125,91,88,70,71,162,20,188,144,184,8,157,78,128,101,185,76,80,100,30,134,27,2,97,58,151,175,6,1,117,195,169,142,137,158,54,120,3,11,149,107,55,14,13,111,52,148,83,129,24,150,103,44,69,159,40,116,140,99,106,194,180,178,192,10,66,145,102,110,171,0,85,104,17,53,155,146,63,31,183,65,16,190,109,130,5,39,113,43,187,179,96,141,98,114,64,79,42,119,132,75,163,133,81,153,166,189,33,35,36,22,112,93,19,87,121,51];False
3494;6630;10124;[198,29,90,41,127,60,177,47,26,161,115,152,131,59,197,123,74,37,94,118,124,168,34,108,174,196,167,15,156,21,73,82,172,86,181,68,9,45,138,126,143,160,173,18,199,12,7,136,89,46,164,4,84,122,25,23,77,57,186,170,176,72,154,49,62,95,182,139,135,191,48,50,56,92,147,67,32,61,38,165,193,28,44,3,91,88,70,71,162,20,188,144,184,8,157,78,128,101,185,76,80,100,30,134,27,2,97,58,151,175,6,1,117,195,169,142,137,158,54,120,125,11,149,107,55,14,13,111,52,148,83,129,24,150,103,105,69,159,40,116,140,99,106,194,180,178,192,10,66,145,102,110,171,0,85,104,17,53,155,146,63,31,183,65,16,190,109,130,5,39,113,43,187,179,96,141,98,114,64,79,42,119,132,75,163,133,81,153,166,189,33,35,36,22,112,93,19,87,121,51];False
3488;6622;10110;[198,29,90,41,127,60,177,47,26,161,115,152,131,59,197,123,74,37,94,118,124,168,34,108,174,196,167,15,156,21,73,82,172,86,181,68,9,45,138,126,143,160,173,18,199,12,7,136,89,46,164,4,84,122,25,23,77,57,186,170,176,72,154,49,62,95,182,139,135,191,48,50,56,92,147,67,32,61,38,165,193,28,44,16,91,88,70,71,162,20,188,144,184,8,157,78,128,101,185,76,80,100,30,134,27,2,97,58,151,175,6,1,117,195,169,142,137,158,54,120,3,11,149,107,55,14,13,111,52,148,83,129,24,150,103,105,69,159,40,116,140,99,106,194,180,178,192,10,66,145,102,110,171,0,85,104,17,53,155,146,63,31,183,65,125,190,109,130,5,39,113,43,187,179,96,141,98,114,64,79,42,119,132,75,163,133,81,153,166,189,33,35,36,22,112,93,19,87,121,51];False
3521;6616;10137;[198,29,90,41,127,60,177,47,26,161,115,152,131,59,197,123,74,37,94,118,124,168,34,108,174,196,167,15,156,21,73,82,172,86,181,68,9,45,138,126,143,160,173,18,199,12,7,136,89,46,164,4,84,122,25,23,77,57,186,170,176,72,154,49,62,95,182,139,135,191,48,50,56,92,147,67,32,61,38,165,193,28,44,125,91,88,70,71,162,20,188,144,184,8,157,78,128,101,185,76,80,100,30,134,27,195,97,58,151,175,6,1,117,2,169,142,137,158,54,120,3,11,149,107,55,14,13,111,52,148,83,129,24,150,103,105,69,159,40,116,140,99,106,194,180,178,192,10,66,145,102,110,171,0,85,104,17,53,155,146,63,31,183,65,16,190,109,130,5,39,113,43,187,179,96,141,98,114,64,79,42,119,132,75,163,133,81,153,166,189,33,35,36,22,112,93,19,87,121,51];False
3580;6602;10182;[198,29,90,41,127,60,177,47,26,161,115,152,131,59,197,123,74,37,94,118,124,168,34,108,174,196,167,15,156,21,73,82,172,86,181,68,9,45,138,126,143,160,173,18,199,12,7,136,89,46,164,4,84,122,25,23,77,57,186,170,176,72,154,49,62,95,182,139,135,191,48,50,56,92,147,67,32,61,38,165,193,28,44,125,91,88,70,71,162,20,188,144,184,8,157,78,128,101,185,76,80,100,30,134,27,2,97,58,151,175,6,1,117,195,169,142,163,158,54,120,3,11,149,107,55,14,13,111,52,148,83,129,24,150,103,105,69,159,40,116,140,99,106,194,180,178,192,10,66,145,102,110,171,0,85,104,17,53,155,146,63,31,183,65,16,190,109,130,5,39,113,43,187,179,96,141,98,114,64,79,42,119,132,75,137,133,81,153,166,189,33,35,36,22,112,93,19,87,121,51];False
3463;6642;10105;[198,29,90,41,127,60,177,47,26,161,115,152,131,59,197,123,74,37,94,118,124,168,34,108,174,196,167,15,156,21,73,82,172,86,181,68,9,45,138,126,143,160,173,18,199,12,7,136,89,46,164,4,84,122,25,23,77,57,186,170,176,72,154,49,62,95,182,139,135,191,48,50,56,92,147,67,32,61,38,165,193,28,44,125,91,88,70,71,162,20,188,144,184,8,157,78,128,101,185,76,80,100,30,134,27,2,97,58,151,175,6,1,117,195,169,142,137,158,54,120,3,11,149,107,55,14,13,111,112,148,83,129,24,150,103,105,69,159,40,116,140,99,106,194,180,178,192,10,66,145,102,110,171,0,85,104,17,53,155,146,63,31,183,65,16,190,109,130,5,39,113,43,187,179,96,141,98,114,64,79,42,119,132,75,163,133,81,153,166,189,33,35,36,22,52,93,19,87,121,51];False
3486;6631;10117;[198,29,90,41,127,60,177,47,26,161,115,152,131,59,197,123,74,37,94,118,124,168,34,108,174,196,167,15,156,21,73,82,172,86,181,68,9,45,138,126,143,160,173,18,199,12,7,136,89,46,164,4,84,122,25,23,77,57,186,170,176,72,154,49,62,95,182,139,135,191,48,50,56,92,147,67,32,61,38,165,193,28,44,125,91,88,70,71,162,20,188,144,184,8,157,78,128,101,185,76,80,100,30,134,27,2,97,58,151,175,6,1,117,195,169,142,137,158,54,120,3,11,149,107,55,14,13,111,52,148,83,129,24,150,103,140,69,159,40,116,105,99,106,194,180,178,192,10,66,145,102,110,171,0,85,104,17,53,155,146,63,31,183,65,16,190,109,130,5,39,113,43,187,179,96,141,98,114,64,79,42,119,132,75,163,133,81,153,166,189,33,35,36,22,112,93,19,87,121,51];False
3531;6614;10145;[198,29,90,41,127,60,177,47,26,161,115,152,131,59,197,123,74,37,94,118,124,168,34,108,174,196,167,15,156,21,73,82,172,86,181,68,9,45,138,126,143,160,173,18,199,12,7,136,89,46,164,4,84,122,25,23,77,57,186,170,176,72,154,49,62,95,182,139,135,191,48,50,56,92,147,67,32,61,38,165,193,28,44,125,91,88,70,71,162,20,188,144,184,8,157,78,128,101,185,76,80,100,30,134,27,2,97,58,151,175,6,1,117,195,169,142,137,158,54,120,3,11,149,107,55,14,13,111,52,148,83,129,24,150,103,105,69,159,40,116,104,99,106,194,180,178,192,10,66,145,102,110,171,0,85,140,17,53,155,146,63,31,183,65,16,190,109,130,5,39,113,43,187,179,96,141,98,114,64,79,42,119,132,75,163,133,81,153,166,189,33,35,36,22,112,93,19,87,121,51];False
3610;6593;10203;[198,29,90,41,127,60,177,47,26,161,115,152,131,59,197,123,74,37,94,118,124,168,34,108,174,196,167,15,156,21,73,82,172,86,181,68,9,45,138,126,143,160,173,18,199,12,7,136,89,46,164,4,84,122,25,23,77,57,186,170,176,72,154,49,62,95,182,139,135,191,48,50,56,92,147,67,32,61,38,165,193,28,44,125,91,88,70,71,162,20,188,144,184,8,157,78,128,101,185,76,80,100,30,134,27,2,97,58,151,175,6,1,117,195,169,142,137,158,54,120,3,11,149,107,55,14,13,111,52,148,83,129,24,150,103,105,69,159,40,116,140,99,106,194,180,178,192,109,66,145,102,110,171,0,85,104,17,53,155,146,63,31,183,65,16,190,10,130,5,39,113,43,187,179,96,141,98,114,64,79,42,119,132,75,163,133,81,153,166,189,33,35,36,22,112,93,19,87,121,51];False
3733;6579;10312;[198,29,90,41,127,60,177,47,26,161,115,152,131,59,197,123,74,37,94,118,124,168,34,108,174,196,167,15,156,21,73,82,172,86,181,68,9,45,138,126,143,160,173,18,199,12,7,136,89,46,164,4,84,122,25,23,77,57,186,170,176,72,154,49,62,95,182,139,135,191,48,50,56,92,147,67,32,38,61,165,193,28,44,125,91,88,70,71,162,20,188,144,184,8,157,78,128,101,185,76,80,100,30,134,27,2,97,58,151,175,6,1,117,195,169,142,137,158,54,120,3,98,149,107,55,14,13,111,52,148,83,129,24,150,103,105,69,159,40,116,140,99,106,194,180,178,192,109,66,145,102,110,171,0,85,104,17,53,155,146,63,31,183,65,16,190,10,130,5,39,113,43,187,179,96,141,11,114,64,79,42,119,132,75,163,133,81,153,166,189,33,35,36,22,112,93,19,87,121,51];False
3704;6580;10284;[198,29,90,41,127,60,177,47,26,161,115,152,131,59,197,123,74,37,94,118,124,168,34,108,174,196,167,15,156,21,73,82,172,86,181,68,9,45,138,126,143,160,173,18,199,12,7,136,89,46,164,4,84,122,25,23,77,57,186,170,176,72,154,49,62,95,182,139,135,191,48,50,56,92,147,67,32,61,38,165,193,28,44,125,91,88,70,71,162,20,188,144,184,8,157,78,128,101,185,76,80,100,30,134,27,2,97,58,151,175,6,1,117,195,169,142,163,158,54,120,3,98,149,107,55,14,13,111,52,148,83,129,24,150,103,105,69,159,40,116,140,99,106,194,180,178,192,109,66,145,102,110,171,0,85,104,17,53,155,146,63,31,183,65,16,190,10,130,5,39,113,43,187,179,96,141,11,114,64,79,42,119,132,75,137,133,81,153,166,189,33,35,36,22,112,93,19,87,121,51];False
3780;6568;10348;[198,29,90,41,127,60,177,47,26,161,115,152,131,59,197,123,74,37,94,118,124,168,34,108,174,196,167,15,156,21,73,82,172,86,181,68,9,45,138,126,143,160,173,18,199,12,7,98,89,46,164,4,84,122,25,23,77,57,186,170,176,72,154,49,62,95,182,139,135,191,48,50,56,92,147,67,32,61,19,165,193,28,44,125,91,88,70,71,162,20,188,144,184,8,157,78,128,101,185,76,80,100,30,134,27,2,97,58,151,175,6,1,117,195,169,142,163,158,54,120,3,136,149,107,55,14,13,111,52,148,83,129,24,150,103,105,69,159,40,116,140,99,106,194,180,178,192,109,66,145,102,110,171,0,85,104,17,53,155,146,63,31,183,65,16,190,10,130,5,39,113,43,187,179,96,141,11,114,64,79,42,119,132,75,137,133,81,153,166,189,33,35,36,22,112,93,38,87,121,51];False
3737;6578;10315;[198,29,90,41,127,60,177,47,26,161,115,152,131,59,197,123,74,37,94,118,124,168,34,108,174,196,167,15,156,21,73,82,172,86,181,68,9,45,138,126,143,160,173,18,199,12,7,98,89,46,164,4,84,122,25,23,77,57,186,170,176,72,154,49,62,95,182,139,135,191,48,50,56,92,147,67,32,61,38,165,193,28,44,125,91,88,70,71,162,20,188,144,184,8,157,78,128,101,185,76,80,100,30,134,27,2,97,58,151,175,6,1,117,195,169,142,163,158,54,120,3,136,149,107,55,14,13,111,52,148,83,129,24,150,103,105,69,159,40,116,104,99,106,194,180,178,192,109,66,145,102,110,171,0,85,140,17,53,155,146,63,31,183,65,16,190,10,130,5,39,113,43,187,179,96,141,11,114,64,79,42,119,132,75,137,133,81,153,166,189,33,35,36,22,112,93,19,87,121,51];False
5141;6379;11520;[198,29,90,41,187,60,179,47,26,161,115,152,163,59,197,123,17,37,94,118,124,168,34,108,174,196,167,15,156,21,73,82,172,86,181,68,9,45,138,126,143,160,91,18,171,195,7,173,89,144,164,4,84,122,25,23,77,57,186,170,176,3,154,49,39,98,182,139,135,183,48,50,56,92,147,67,32,38,87,165,193,28,44,125,6,88,70,71,162,20,191,61,184,8,72,78,128,101,185,76,80,100,30,134,27,2,97,58,158,62,95,1,117,113,169,142,131,110,54,120,157,136,149,107,55,14,13,111,52,148,83,129,24,150,103,105,69,159,40,116,140,99,106,194,180,178,192,109,66,145,102,151,199,0,85,104,31,53,155,146,63,74,188,65,16,190,10,130,5,175,12,43,127,79,42,141,11,114,64,96,177,119,132,75,137,133,81,153,166,189,33,35,36,22,112,93,19,46,121,51];False
4985;6391;11376;[198,29,90,41,187,60,179,47,26,161,115,152,163,59,197,123,17,37,94,118,124,168,34,108,174,196,167,15,156,21,73,82,172,86,181,68,9,45,138,126,143,160,91,18,171,195,7,173,89,144,164,4,84,122,25,23,77,57,186,170,176,3,154,49,76,98,182,139,135,183,140,50,56,92,147,67,32,38,87,165,193,28,44,125,6,88,70,71,162,20,191,61,184,8,72,78,128,101,185,39,80,100,30,134,27,2,97,58,158,62,95,1,117,113,169,142,131,110,54,120,157,136,149,107,55,14,13,111,52,148,83,129,24,150,103,105,69,159,40,116,48,99,106,194,180,178,192,109,66,145,102,151,199,0,85,104,31,53,155,146,63,74,188,65,16,190,10,130,5,175,12,43,127,79,42,141,11,114,64,96,177,119,132,75,137,133,81,153,166,189,33,35,36,22,112,93,19,46,121,51];False
5114;6382;11496;[198,29,90,41,187,60,179,47,26,161,115,152,163,59,197,123,31,37,94,118,124,168,34,108,174,196,167,15,156,21,73,82,172,86,181,68,9,45,138,126,143,160,91,18,171,195,7,173,89,144,164,4,84,122,25,23,77,57,186,170,176,3,154,49,39,98,182,139,135,183,48,50,56,92,147,67,32,38,87,165,193,28,44,125,6,88,70,71,162,20,191,61,184,8,72,78,128,101,185,76,80,100,30,134,27,2,97,58,158,62,95,1,117,113,169,142,131,110,54,120,157,136,149,107,55,14,13,111,52,148,83,129,24,150,103,105,69,159,40,116,63,99,106,194,180,178,192,109,66,145,102,151,199,0,85,104,17,53,155,146,140,74,188,65,16,190,10,130,5,175,12,43,127,79,42,141,11,114,64,96,177,119,132,75,137,133,81,153,166,189,33,35,36,22,112,93,19,46,121,51];False
5098;6383;11481;[198,29,90,41,187,60,179,47,26,161,115,152,163,59,197,123,31,37,94,118,124,168,34,108,174,196,167,15,156,21,73,82,172,86,181,68,9,45,138,126,143,160,91,18,171,195,7,173,23,144,164,4,84,122,25,89,77,57,186,170,176,3,154,49,76,98,182,139,135,183,140,50,56,92,147,67,32,38,87,165,193,28,44,125,6,88,70,71,162,20,191,61,184,8,72,78,128,101,185,39,80,100,30,134,27,2,97,58,158,62,95,1,117,113,169,142,131,110,54,120,157,136,149,107,55,14,13,111,52,148,83,129,24,150,103,105,69,159,40,116,48,99,106,194,180,178,192,109,66,145,102,151,199,0,85,104,17,53,155,146,63,74,188,65,16,190,10,130,5,175,12,43,127,79,42,141,11,114,64,96,177,119,132,75,137,133,81,153,166,189,33,35,36,22,112,93,19,46,121,51];False
4888;6401;11289;[198,29,90,41,187,60,179,47,26,161,115,152,163,59,197,123,31,37,94,118,124,168,34,108,174,196,167,15,156,21,73,82,172,86,181,68,9,45,138,126,143,160,91,18,171,195,7,173,89,46,164,4,84,122,25,23,77,57,186,170,176,3,154,49,76,98,182,139,135,183,140,50,56,92,147,67,32,38,87,165,193,28,44,125,6,88,70,71,162,20,191,61,184,8,72,78,128,101,185,39,80,100,30,134,27,2,97,58,158,62,95,1,117,113,169,142,131,110,54,120,157,136,149,107,55,14,13,111,52,148,83,129,24,150,103,105,69,159,40,116,48,99,106,194,180,178,192,109,66,145,102,151,199,0,85,104,17,53,155,146,63,74,188,65,16,190,10,130,5,175,12,43,127,79,42,141,11,114,64,96,177,119,132,75,137,133,81,153,166,189,33,35,36,22,112,93,19,144,121,51];False
4929;6394;11323;[198,29,90,41,187,60,179,47,26,161,115,152,163,59,197,123,31,37,94,118,124,168,34,108,174,196,167,15,156,21,73,82,172,86,181,68,9,45,138,126,143,160,91,18,171,195,7,173,89,144,164,4,84,122,25,23,77,57,186,170,176,3,154,49,76,98,182,139,135,183,63,50,56,92,147,67,32,38,87,165,193,28,44,125,6,88,70,71,162,20,191,61,184,8,72,78,128,101,185,39,80,100,30,134,27,2,97,58,158,62,95,1,117,113,169,142,131,110,54,120,157,136,149,107,55,14,13,111,52,148,83,129,24,150,103,105,69,159,40,116,48,99,106,194,180,178,192,109,66,145,102,151,199,0,85,104,17,53,155,146,140,74,188,65,16,190,10,130,5,175,12,43,127,79,42,141,11,114,64,96,177,119,132,75,137,133,81,153,166,189,33,35,36,22,112,93,19,46,121,51];False
5096;6384;11480;[198,29,90,41,187,60,179,47,26,161,115,152,163,59,197,123,31,37,94,118,124,168,34,108,174,196,167,15,156,21,73,82,172,86,181,68,9,45,138,126,143,160,91,18,171,195,7,173,89,144,164,4,84,122,25,23,77,57,186,170,176,3,154,49,76,98,182,139,135,183,140,50,56,92,147,67,32,38,87,165,193,28,44,125,6,88,70,71,162,20,191,61,184,8,72,78,128,101,185,39,80,100,30,134,27,2,97,58,158,62,95,1,117,113,169,142,131,110,54,120,157,136,149,107,55,14,13,111,52,148,83,129,24,150,103,105,69,159,40,116,48,99,106,194,180,178,192,109,66,145,102,151,199,0,85,104,17,53,51,146,63,74,188,65,16,190,10,130,5,175,12,43,127,79,42,141,11,114,64,96,177,119,132,75,137,133,81,153,166,189,33,35,36,22,112,93,19,46,121,155];False
5092;6379;11471;[198,29,90,41,187,60,179,47,26,161,115,152,163,59,197,123,31,37,94,118,124,168,34,108,174,196,167,15,156,63,73,82,172,86,181,68,9,45,138,126,143,160,91,18,171,195,7,173,89,144,164,4,84,122,25,23,77,57,186,170,176,3,154,49,76,98,182,139,135,183,48,50,56,92,147,67,32,38,87,165,193,28,44,125,6,88,70,71,162,20,191,61,184,8,72,78,128,101,185,39,80,100,30,134,27,2,97,58,158,62,95,1,117,113,169,142,131,110,54,120,157,136,149,107,55,14,13,111,52,148,83,129,24,150,103,105,69,159,40,116,21,99,106,194,180,178,192,109,66,145,102,151,199,0,85,104,17,53,155,146,140,74,188,65,16,190,10,130,5,175,12,43,127,79,42,141,11,114,64,96,177,119,132,75,137,133,81,153,166,189,33,35,36,22,112,93,19,46,121,51];False
5026;6382;11408;[198,29,90,41,187,60,179,47,26,161,115,152,163,59,197,123,31,37,94,118,124,168,34,108,174,196,167,15,156,21,73,82,172,86,181,68,9,45,138,126,143,160,91,18,171,195,7,173,89,144,164,4,84,122,25,23,77,57,186,170,176,3,154,49,76,98,182,139,135,183,48,50,56,92,147,67,32,38,87,165,193,28,44,125,6,88,70,71,162,20,191,61,184,8,72,78,128,101,185,39,80,100,30,134,27,2,97,58,158,62,95,1,117,113,169,142,131,110,54,120,157,136,149,107,55,14,13,111,52,148,83,129,24,150,103,105,69,159,40,116,99,63,106,194,180,178,192,109,66,145,102,151,199,0,85,104,17,53,155,146,140,74,188,65,16,190,10,130,5,175,12,43,127,79,42,141,11,114,64,96,177,119,132,75,137,133,81,153,166,189,33,35,36,22,112,93,19,46,121,51];False
4202;6491;10693;[198,29,90,41,187,79,179,47,26,161,115,152,172,59,197,123,74,37,94,118,124,168,34,108,174,196,167,15,156,21,73,82,137,86,181,68,61,45,138,126,143,160,91,18,171,195,7,173,89,46,164,4,84,122,25,23,77,57,186,170,176,72,154,49,76,98,182,139,135,191,48,50,56,92,147,67,32,38,9,165,193,28,44,125,6,88,70,71,162,20,188,144,184,8,157,78,128,101,185,39,80,100,30,134,27,2,97,58,158,62,95,1,117,113,169,142,131,110,54,120,3,136,149,107,55,14,13,111,52,148,83,129,24,150,103,105,69,159,40,116,140,99,106,194,180,178,192,109,66,145,102,151,199,0,85,104,17,53,155,146,63,31,183,65,16,190,10,130,5,175,12,43,127,60,42,141,11,114,64,96,177,119,132,75,163,133,81,153,166,189,33,35,36,22,112,93,19,87,121,51];False
4207;6489;10696;[198,29,90,41,187,79,179,47,26,161,115,152,172,59,197,123,74,37,94,118,124,168,34,108,174,196,167,15,156,21,73,82,137,86,181,68,9,45,138,126,143,160,91,18,171,195,7,173,89,46,164,4,84,122,25,23,77,57,186,170,176,72,154,49,76,98,182,139,135,191,48,50,56,92,147,67,32,61,38,165,193,28,44,125,6,88,70,71,162,20,188,144,184,8,157,78,128,101,185,39,80,100,30,134,27,2,97,58,158,62,95,1,117,113,169,142,131,110,54,120,3,136,149,107,55,14,13,111,52,148,83,129,24,150,103,105,69,159,40,116,140,99,106,194,180,178,192,109,66,145,102,151,199,0,85,104,17,53,155,146,63,31,183,65,16,190,10,130,5,175,12,43,127,60,42,141,11,114,64,96,177,119,132,75,163,133,81,153,166,189,33,35,36,22,112,93,19,87,121,51];False
4273;6481;10754;[198,29,90,41,187,79,179,47,26,161,115,152,172,59,197,123,74,37,94,118,124,168,34,108,174,196,167,15,156,21,73,82,137,86,181,68,9,45,138,126,143,160,91,18,171,195,7,173,89,46,164,4,84,122,25,23,77,57,186,170,176,72,154,49,76,98,182,139,135,191,48,50,56,92,147,67,32,19,61,165,193,28,44,125,6,88,70,71,162,20,188,144,184,8,157,78,128,101,185,39,80,100,30,134,27,2,97,58,158,62,95,1,117,113,169,142,131,110,54,120,3,136,149,107,55,14,13,111,52,148,83,129,24,150,103,105,69,159,40,116,140,99,106,194,180,178,192,109,66,145,102,151,199,0,85,104,17,53,155,146,63,31,183,65,16,190,10,130,5,175,12,43,127,60,42,141,11,114,64,96,177,119,132,75,163,133,81,153,166,189,33,35,36,22,112,93,38,87,121,51];False
4328;6469;10797;[198,29,90,41,187,60,42,47,26,161,115,152,172,59,197,123,74,37,94,118,124,168,34,108,174,196,167,15,156,21,73,82,137,86,181,68,9,45,138,126,143,160,91,18,171,195,7,173,89,46,164,4,84,122,25,23,77,57,186,170,176,72,154,49,39,11,182,139,135,191,48,50,56,92,147,67,32,38,87,165,193,28,44,125,6,88,70,71,162,20,188,61,184,8,157,78,128,101,185,76,80,100,30,134,27,2,97,58,158,62,95,1,117,113,169,142,131,110,54,120,3,136,149,107,55,14,13,111,52,148,83,129,24,150,103,105,69,159,40,116,140,99,106,194,180,178,192,109,66,145,102,151,199,0,85,104,17,53,155,146,63,31,183,65,16,190,10,130,5,175,12,43,127,79,179,177,98,114,64,96,141,119,132,75,163,133,81,153,166,189,33,35,36,22,112,93,19,144,121,51];False
4422;6454;10876;[198,29,90,41,187,60,179,47,26,161,115,152,172,59,197,123,74,37,94,118,124,168,34,108,174,196,167,15,156,21,73,82,137,86,181,68,9,45,138,126,143,160,91,18,171,195,7,173,89,46,164,4,84,122,25,23,77,57,186,170,176,72,154,49,133,11,182,139,135,191,48,50,56,92,147,67,32,38,87,165,193,28,44,125,6,88,70,71,162,20,188,61,184,8,157,78,128,101,185,76,80,100,30,134,27,2,97,58,158,62,95,1,117,113,169,142,131,110,54,120,3,136,149,107,55,14,13,111,52,148,83,129,24,150,103,105,69,159,40,116,140,99,106,194,180,178,192,109,66,145,102,151,199,0,85,104,17,53,155,146,63,31,183,65,16,190,10,130,5,175,12,43,127,79,42,177,98,114,64,96,141,119,132,75,163,39,81,153,166,189,33,35,36,22,112,93,19,144,121,51];False
4282;6479;10761;[198,29,90,41,187,60,179,47,26,161,115,152,172,59,197,123,74,37,94,118,124,168,34,108,174,196,167,15,156,21,73,82,137,86,181,68,61,45,138,126,143,160,91,18,171,195,7,173,89,46,164,4,84,122,25,23,77,57,186,170,176,72,154,49,76,11,182,139,135,191,48,50,56,92,147,67,32,38,9,165,193,28,44,125,6,88,70,71,162,20,188,144,184,8,157,78,128,101,185,39,80,100,30,134,27,2,97,58,158,62,95,1,117,113,169,142,131,110,54,120,3,136,149,107,55,14,13,111,52,148,83,129,24,150,103,105,69,159,40,116,140,99,106,194,180,178,192,109,66,145,102,151,199,0,85,104,17,53,155,146,63,31,183,65,16,190,10,130,5,175,12,43,127,79,42,141,98,114,64,96,177,119,132,75,163,133,81,153,166,189,33,35,36,22,112,93,19,87,121,51];False
4269;6480;10749;[198,29,90,41,187,60,179,47,26,161,115,152,172,59,197,123,74,37,94,118,124,168,34,108,174,196,167,15,156,21,73,82,137,86,181,68,61,45,138,126,143,160,91,18,171,195,7,173,89,46,164,4,84,122,25,23,77,57,186,170,176,72,154,49,76,98,182,139,135,191,48,50,56,92,147,67,32,38,9,165,193,28,44,125,6,88,70,71,162,20,188,144,184,8,157,78,128,101,185,39,80,100,30,134,27,2,97,58,158,62,95,1,117,113,169,142,131,110,54,120,3,136,149,107,55,14,13,111,52,148,83,129,24,150,103,105,69,159,40,116,104,99,106,194,180,178,192,109,66,145,102,151,199,0,85,140,17,53,155,146,63,31,183,65,16,190,10,130,5,175,12,43,127,79,42,141,11,114,64,96,177,119,132,75,163,133,81,153,166,189,33,35,36,22,112,93,19,87,121,51];False
4258;6483;10741;[198,29,90,41,187,60,42,47,26,161,115,152,172,59,197,123,74,37,94,118,124,168,34,108,174,196,167,15,156,21,73,82,137,86,181,68,9,45,138,126,143,160,91,18,171,195,7,173,89,46,164,4,84,122,25,23,77,57,186,170,176,72,154,49,76,98,182,139,135,191,48,50,56,92,147,67,32,61,38,165,193,28,44,125,6,88,70,71,162,20,188,144,184,8,157,78,128,101,185,39,80,100,30,134,27,2,97,58,158,62,95,1,117,113,169,142,131,110,54,120,3,136,149,107,55,14,13,111,52,148,83,129,24,150,103,105,69,159,40,116,140,99,106,194,180,178,192,109,66,145,102,151,199,0,85,104,17,53,155,146,63,31,183,65,16,190,10,130,5,175,12,43,127,79,179,141,11,114,64,96,177,119,132,75,163,133,81,153,166,189,33,35,36,22,112,93,19,87,121,51];False
4287;6477;10764;[198,29,90,41,187,60,179,47,26,161,115,152,172,59,197,123,74,37,94,118,124,168,34,108,174,196,167,15,156,21,73,82,137,86,181,68,9,45,138,126,143,160,91,18,171,195,7,173,89,46,164,4,84,122,25,23,77,57,186,170,176,72,154,49,76,11,182,139,135,191,48,50,56,92,147,67,32,61,38,165,193,28,44,125,6,88,70,71,162,20,188,144,184,8,157,78,128,101,185,39,80,100,30,134,27,2,97,58,158,62,95,1,117,113,169,142,131,110,54,120,3,136,149,107,55,14,13,111,52,148,83,129,24,150,103,105,69,159,40,116,140,99,106,194,180,178,192,109,66,145,102,151,199,0,85,104,17,53,155,146,63,31,183,65,16,190,10,130,5,175,12,43,127,79,42,141,98,114,64,96,177,119,132,75,163,133,81,153,166,189,33,35,36,22,112,93,19,87,121,51];False
4317;6468;10785;[198,29,90,41,187,60,179,47,26,161,115,152,172,59,197,123,74,37,94,118,124,168,34,108,174,196,167,15,156,21,73,82,137,86,181,68,9,45,138,126,143,160,91,18,171,195,7,173,89,46,164,4,84,122,25,23,77,57,186,170,176,72,154,49,76,98,182,139,135,191,48,50,56,92,147,67,32,61,19,165,193,28,44,125,6,88,70,71,162,20,188,144,184,8,157,78,128,101,185,39,80,100,30,134,27,2,97,58,158,62,95,1,117,113,169,142,131,110,54,120,3,136,149,107,55,14,13,111,52,148,83,129,24,150,103,105,69,159,40,116,140,99,106,194,180,178,192,109,66,145,102,151,199,0,85,104,17,53,155,146,63,31,183,65,16,190,10,130,5,175,12,43,127,79,42,141,11,114,64,96,177,119,132,75,163,133,81,153,166,189,33,35,36,22,112,93,38,87,121,51];True
4255;6482;10737;[198,29,90,41,187,60,179,47,26,161,115,152,172,59,197,123,74,37,94,118,124,168,34,108,174,196,167,15,156,21,73,82,137,86,181,68,9,45,138,126,143,160,91,18,171,195,7,173,89,46,164,4,84,122,25,23,77,57,186,170,176,72,154,49,76,98,182,139,135,191,48,50,56,92,147,67,32,61,38,165,193,28,44,125,6,88,70,71,162,20,188,144,184,8,157,78,128,101,185,39,80,100,30,134,27,2,97,58,110,62,95,1,117,113,169,142,131,158,54,120,3,136,149,107,55,14,13,111,52,148,83,129,24,150,103,105,69,159,40,116,140,99,106,194,180,178,192,109,66,145,102,151,199,0,85,104,17,53,155,146,63,31,183,65,16,190,10,130,5,175,12,43,127,79,42,141,11,114,64,96,177,119,132,75,163,133,81,153,166,189,33,35,36,22,112,93,19,87,121,51];False
4274;6478;10752;[198,29,90,41,187,60,179,47,26,161,115,152,172,59,197,123,74,37,94,118,124,168,34,108,174,196,167,15,156,21,73,82,137,86,181,68,9,45,138,126,143,160,91,18,171,195,7,173,89,46,164,4,84,122,25,23,77,57,186,170,176,72,154,49,76,98,182,139,135,191,48,50,56,92,147,67,32,61,38,165,193,28,44,125,6,88,70,71,162,20,188,144,184,8,157,78,128,101,185,39,80,100,30,134,27,2,97,58,158,62,95,1,117,113,169,142,131,110,54,120,3,136,149,107,55,14,13,111,52,148,83,129,24,150,103,105,69,159,40,116,104,99,106,194,180,178,192,109,66,145,102,151,199,0,85,140,17,53,155,146,63,31,183,65,16,190,10,130,5,175,12,43,127,79,42,141,11,114,64,96,177,119,132,75,163,133,81,153,166,189,33,35,36,22,112,93,19,87,121,51];True
3538;6612;10150;[198,29,90,41,127,60,177,47,26,161,115,152,131,59,197,123,74,37,94,118,124,168,34,108,174,196,167,15,156,21,73,82,172,86,181,68,9,45,138,126,143,160,173,18,199,12,7,136,89,46,164,4,84,122,25,23,77,57,186,170,176,72,154,49,54,11,182,139,135,191,48,50,56,92,147,67,32,61,38,165,193,28,44,125,91,88,70,71,162,20,188,144,184,8,157,78,128,101,185,76,80,100,30,134,27,2,97,58,151,175,6,1,117,195,169,142,137,158,62,120,3,95,149,107,55,14,13,111,52,148,83,129,24,150,103,105,69,159,40,116,140,99,106,194,180,178,192,10,66,145,102,110,171,0,85,104,17,53,155,146,63,31,183,65,16,190,109,130,5,39,113,43,187,179,96,141,98,114,64,79,42,119,132,75,163,133,81,153,166,189,33,35,36,22,112,93,19,87,121,51];False
3482;6637;10119;[198,29,90,41,127,60,177,47,26,161,115,152,131,59,197,123,74,37,94,118,124,168,34,108,174,196,167,15,156,21,73,82,172,86,181,68,9,45,138,126,143,160,173,18,199,12,7,136,89,46,164,4,84,122,25,23,77,57,186,170,176,72,154,49,62,11,182,139,135,191,48,50,56,92,147,67,32,61,38,165,193,28,105,125,91,88,70,71,162,20,188,144,184,8,157,78,128,101,185,76,80,100,30,134,27,2,97,58,151,175,6,1,117,195,169,142,137,158,54,120,3,95,149,107,55,14,13,111,52,148,83,129,24,150,103,44,69,159,40,116,140,99,106,194,180,178,192,10,66,145,102,110,171,0,85,104,17,53,155,146,63,31,183,65,16,190,109,130,5,39,113,43,187,179,96,141,98,114,64,79,42,119,132,75,163,133,81,153,166,189,33,35,36,22,112,93,19,87,121,51];False
3484;6625;10109;[198,29,90,41,127,60,177,47,26,161,115,152,131,59,197,123,74,37,94,118,124,168,34,108,174,196,167,15,156,21,73,82,172,86,181,68,9,45,138,126,143,160,173,18,199,12,7,136,89,46,164,4,84,122,25,23,77,57,186,170,176,72,154,49,62,11,182,139,135,191,48,50,56,92,147,67,32,61,38,165,193,28,44,16,91,88,70,71,162,20,188,144,184,8,157,78,128,101,185,76,80,100,30,134,27,2,97,58,151,175,6,1,117,195,169,142,137,158,54,120,3,95,149,107,55,14,13,111,52,148,83,129,24,150,103,105,69,159,40,116,140,99,106,194,180,178,192,10,66,145,102,110,171,0,85,104,17,53,155,146,63,31,183,65,125,190,109,130,5,39,113,43,187,179,96,141,98,114,64,79,42,119,132,75,163,133,81,153,166,189,33,35,36,22,112,93,19,87,121,51];False
3517;6619;10136;[198,29,90,41,127,60,177,47,26,161,115,152,131,59,197,123,74,37,94,118,124,168,34,108,174,196,167,15,156,21,73,82,172,86,181,68,9,45,138,126,143,160,173,18,199,12,7,136,89,46,164,4,84,122,25,23,77,57,186,170,176,72,154,49,62,11,182,139,135,191,48,50,56,92,147,67,32,61,38,165,193,28,44,125,91,88,70,71,162,20,188,144,184,8,157,78,128,101,185,76,80,100,30,134,27,195,97,58,151,175,6,1,117,2,169,142,137,158,54,120,3,95,149,107,55,14,13,111,52,148,83,129,24,150,103,105,69,159,40,116,140,99,106,194,180,178,192,10,66,145,102,110,171,0,85,104,17,53,155,146,63,31,183,65,16,190,109,130,5,39,113,43,187,179,96,141,98,114,64,79,42,119,132,75,163,133,81,153,166,189,33,35,36,22,112,93,19,87,121,51];False
3459;6645;10104;[198,29,90,41,127,60,177,47,26,161,115,152,131,59,197,123,74,37,94,118,124,168,34,108,174,196,167,15,156,21,73,82,172,86,181,68,9,45,138,126,143,160,173,18,199,12,7,136,89,46,164,4,84,122,25,23,77,57,186,170,176,72,154,49,62,11,182,139,135,191,48,50,56,92,147,67,32,61,38,165,193,28,44,125,91,88,70,71,162,20,188,144,184,8,157,78,128,101,185,76,80,100,30,134,27,2,97,58,151,175,6,1,117,195,169,142,137,158,54,120,3,95,149,107,55,14,13,111,112,148,83,129,24,150,103,105,69,159,40,116,140,99,106,194,180,178,192,10,66,145,102,110,171,0,85,104,17,53,155,146,63,31,183,65,16,190,109,130,5,39,113,43,187,179,96,141,98,114,64,79,42,119,132,75,163,133,81,153,166,189,33,35,36,22,52,93,19,87,121,51];False
3482;6634;10116;[198,29,90,41,127,60,177,47,26,161,115,152,131,59,197,123,74,37,94,118,124,168,34,108,174,196,167,15,156,21,73,82,172,86,181,68,9,45,138,126,143,160,173,18,199,12,7,136,89,46,164,4,84,122,25,23,77,57,186,170,176,72,154,49,62,11,182,139,135,191,48,50,56,92,147,67,32,61,38,165,193,28,44,125,91,88,70,71,162,20,188,144,184,8,157,78,128,101,185,76,80,100,30,134,27,2,97,58,151,175,6,1,117,195,169,142,137,158,54,120,3,95,149,107,55,14,13,111,52,148,83,129,24,150,103,140,69,159,40,116,105,99,106,194,180,178,192,10,66,145,102,110,171,0,85,104,17,53,155,146,63,31,183,65,16,190,109,130,5,39,113,43,187,179,96,141,98,114,64,79,42,119,132,75,163,133,81,153,166,189,33,35,36,22,112,93,19,87,121,51];False
3606;6596;10202;[198,29,90,41,127,60,177,47,26,161,115,152,131,59,197,123,74,37,94,118,124,168,34,108,174,196,167,15,156,21,73,82,172,86,181,68,9,45,138,126,143,160,173,18,199,12,7,136,89,46,164,4,84,122,25,23,77,57,186,170,176,72,154,49,62,11,182,139,135,191,48,50,56,92,147,67,32,61,38,165,193,28,44,125,91,88,70,71,162,20,188,144,184,8,157,78,128,101,185,76,80,100,30,134,27,2,97,58,151,175,6,1,117,195,169,142,137,158,54,120,3,95,149,107,55,14,13,111,52,148,83,129,24,150,103,105,69,159,40,116,140,99,106,194,180,178,192,109,66,145,102,110,171,0,85,104,17,53,155,146,63,31,183,65,16,190,10,130,5,39,113,43,187,179,96,141,98,114,64,79,42,119,132,75,163,133,81,153,166,189,33,35,36,22,112,93,19,87,121,51];False
3812;6561;10373;[198,29,90,41,187,60,177,47,26,161,115,152,131,59,197,123,74,37,94,118,124,168,34,108,174,196,167,15,156,21,73,82,172,86,181,68,9,45,138,126,143,160,173,18,199,12,7,136,89,46,164,4,84,122,25,23,77,57,186,170,176,72,154,49,62,98,182,139,135,191,48,50,56,92,147,67,32,61,38,165,193,28,44,125,91,88,70,71,162,20,188,144,184,8,157,78,128,101,185,76,80,100,30,134,27,2,97,58,151,175,6,1,117,195,169,142,137,158,54,120,3,95,149,107,55,14,13,111,52,148,83,129,24,150,103,105,69,159,40,116,140,99,106,194,180,178,192,109,66,145,102,110,171,0,85,104,17,53,155,146,63,31,183,65,16,190,10,130,5,39,113,43,127,179,96,141,11,114,64,79,42,119,132,75,163,133,81,153,166,189,33,35,36,22,112,93,19,87,121,51];False
3666;6586;10252;[198,29,90,41,127,60,177,47,26,161,115,152,131,59,197,123,74,37,94,118,124,168,34,108,174,196,167,15,156,21,73,82,172,86,181,68,9,45,138,126,143,160,173,18,171,12,7,136,89,46,164,4,84,122,25,23,77,57,186,170,176,72,154,49,62,98,182,139,135,191,48,50,56,92,147,67,32,61,38,165,193,28,44,125,91,88,70,71,162,20,188,144,184,8,157,78,128,101,185,76,80,100,30,134,27,2,97,58,151,175,6,1,117,195,169,142,137,158,54,120,3,95,149,107,55,14,13,111,52,148,83,129,24,150,103,105,69,159,40,116,140,99,106,194,180,178,192,109,66,145,102,110,199,0,85,104,17,53,155,146,63,31,183,65,16,190,10,130,5,39,113,43,187,179,96,141,11,114,64,79,42,119,132,75,163,133,81,153,166,189,33,35,36,22,112,93,19,87,121,51];False
3642;6592;10234;[198,29,90,41,127,60,177,47,26,161,115,152,131,59,197,123,74,37,94,118,124,168,34,108,174,196,167,15,156,21,73,82,172,86,181,68,9,45,138,126,143,160,173,18,199,12,7,136,89,46,164,4,84,122,25,23,77,57,186,170,176,72,154,49,62,195,182,139,135,191,48,50,56,92,147,67,32,61,38,165,193,28,44,125,91,88,70,71,162,20,188,144,184,8,157,78,128,101,185,76,80,100,30,134,27,2,97,58,151,175,6,1,117,98,169,142,137,158,54,120,3,95,149,107,55,14,13,111,52,148,83,129,24,150,103,105,69,159,40,116,140,99,106,194,180,178,192,109,66,145,102,110,171,0,85,104,17,53,155,146,63,31,183,65,16,190,10,130,5,39,113,43,187,179,96,141,11,114,64,79,42,119,132,75,163,133,81,153,166,189,33,35,36,22,112,93,19,87,121,51];False
3665;6585;10250;[198,29,90,41,127,60,177,47,26,161,115,152,131,59,197,123,74,37,94,118,124,168,34,108,174,196,167,15,156,21,73,82,172,86,181,68,9,45,138,126,143,160,173,18,199,12,7,136,89,46,164,4,84,122,25,23,77,57,186,170,176,72,154,49,62,98,182,139,135,191,48,50,56,92,147,67,32,61,19,165,193,28,44,125,91,88,70,71,162,20,188,144,184,8,157,78,128,101,185,76,80,100,30,134,27,2,97,58,151,175,6,1,117,195,169,142,137,158,54,120,3,95,149,107,55,14,13,111,52,148,83,129,24,150,103,105,69,159,40,116,140,99,106,194,180,178,192,109,66,145,102,110,171,0,85,104,17,53,155,146,63,31,183,65,16,190,10,130,5,39,113,43,187,179,96,141,11,114,64,79,42,119,132,75,163,133,81,153,166,189,33,35,36,22,112,93,38,87,121,51];False
3579;6603;10182;[198,29,90,41,127,60,177,47,26,161,115,152,131,59,197,123,74,37,94,118,124,168,34,108,174,196,167,15,156,21,73,82,172,86,181,68,9,45,138,126,143,160,173,18,199,12,7,136,89,46,164,4,84,122,25,23,77,57,186,170,176,72,154,49,62,98,182,139,135,191,48,50,56,92,147,67,32,61,38,165,193,28,44,16,91,88,70,71,162,20,188,144,184,8,157,78,128,101,185,76,80,100,30,134,27,2,97,58,151,175,6,1,117,195,169,142,137,158,54,120,3,95,149,107,55,14,13,111,52,148,83,129,24,150,103,105,69,159,40,116,140,99,106,194,180,178,192,109,66,145,102,110,171,0,85,104,17,53,155,146,63,31,183,65,125,190,10,130,5,39,113,43,187,179,96,141,11,114,64,79,42,119,132,75,163,133,81,153,166,189,33,35,36,22,112,93,19,87,121,51];False
3758;6569;10327;[198,29,90,41,127,60,177,47,26,161,115,152,131,59,197,123,74,37,94,118,124,168,34,108,174,196,167,15,156,21,73,82,172,86,181,68,9,45,138,126,143,160,173,18,199,12,7,136,89,46,164,4,84,122,25,23,77,57,186,170,176,72,154,49,62,98,182,139,135,191,48,50,56,92,147,67,32,61,38,165,193,28,44,125,91,88,70,71,162,20,188,144,184,8,157,78,128,101,185,76,80,100,30,134,27,2,97,58,151,175,6,1,117,113,169,142,137,158,54,120,3,95,149,107,55,14,13,111,52,148,83,129,24,150,103,105,69,159,40,116,140,99,106,194,180,178,192,109,66,145,102,110,171,0,85,104,17,53,155,146,63,31,183,65,16,190,10,130,5,39,195,43,187,179,96,141,11,114,64,79,42,119,132,75,163,133,81,153,166,189,33,35,36,22,112,93,19,87,121,51];False
3671;6583;10254;[198,29,90,41,127,60,177,47,26,161,115,152,131,59,197,123,74,37,94,118,124,168,34,108,174,196,167,15,156,21,73,82,172,86,181,68,9,45,138,126,143,160,173,18,199,12,7,136,89,46,164,4,84,122,25,23,77,57,186,170,176,72,154,49,62,98,182,139,135,191,48,50,56,92,147,67,32,61,38,165,193,28,44,125,91,88,70,71,162,20,188,144,184,8,157,78,128,101,185,76,80,100,30,134,27,2,97,58,151,175,6,1,117,195,169,142,163,158,54,120,3,95,149,107,55,14,13,111,52,148,83,129,24,150,103,105,69,159,40,116,140,99,106,194,180,178,192,109,66,145,102,110,171,0,85,104,17,53,155,146,63,31,183,65,16,190,10,130,5,39,113,43,187,179,96,141,11,114,64,79,42,119,132,75,137,133,81,153,166,189,33,35,36,22,112,93,19,87,121,51];False
3506;6619;10125;[198,29,90,41,127,60,177,47,26,161,115,152,131,59,197,123,74,37,94,118,124,168,34,108,174,196,167,15,156,21,73,82,172,86,181,68,9,45,138,126,143,160,173,18,199,12,7,136,89,46,164,4,84,122,25,23,77,57,186,170,176,72,154,49,62,95,182,139,135,191,48,50,56,92,147,67,32,61,19,165,193,28,44,16,91,88,70,71,162,20,188,144,184,8,157,78,128,101,185,76,80,100,30,134,27,2,97,58,151,175,6,1,117,195,169,142,137,158,54,120,3,11,149,107,55,14,13,111,52,148,83,129,24,150,103,105,69,159,40,116,140,99,106,194,180,178,192,10,66,145,102,110,171,0,85,104,17,53,155,146,63,31,183,65,125,190,109,130,5,39,113,43,187,179,96,141,98,114,64,79,42,119,132,75,163,133,81,153,166,189,33,35,36,22,112,93,38,87,121,51];False
3598;6599;10197;[198,29,90,41,127,60,177,47,26,161,115,152,131,59,197,123,74,37,94,118,124,168,34,108,174,196,167,15,156,21,73,82,172,86,181,68,9,45,138,126,143,160,173,18,199,12,7,136,89,46,164,4,84,122,25,23,77,57,186,170,176,72,154,49,62,95,182,139,135,191,48,50,56,92,147,67,32,61,19,165,193,28,44,125,91,88,70,71,162,20,188,144,184,8,157,78,128,101,185,76,80,100,30,134,27,2,97,58,151,175,6,1,117,195,169,142,163,158,54,120,3,11,149,107,55,14,13,111,52,148,83,129,24,150,103,105,69,159,40,116,140,99,106,194,180,178,192,10,66,145,102,110,171,0,85,104,17,53,155,146,63,31,183,65,16,190,109,130,5,39,113,43,187,179,96,141,98,114,64,79,42,119,132,75,137,133,81,153,166,189,33,35,36,22,112,93,38,87,121,51];False
3481;6639;10120;[198,29,90,41,127,60,177,47,26,161,115,152,131,59,197,123,74,37,94,118,124,168,34,108,174,196,167,15,156,21,73,82,172,86,181,68,9,45,138,126,143,160,173,18,199,12,7,136,89,46,164,4,84,122,25,23,77,57,186,170,176,72,154,49,62,95,182,139,135,191,48,50,56,92,147,67,32,61,19,165,193,28,44,125,91,88,70,71,162,20,188,144,184,8,157,78,128,101,185,76,80,100,30,134,27,2,97,58,151,175,6,1,117,195,169,142,137,158,54,120,3,11,149,107,55,14,13,111,112,148,83,129,24,150,103,105,69,159,40,116,140,99,106,194,180,178,192,10,66,145,102,110,171,0,85,104,17,53,155,146,63,31,183,65,16,190,109,130,5,39,113,43,187,179,96,141,98,114,64,79,42,119,132,75,163,133,81,153,166,189,33,35,36,22,52,93,38,87,121,51];False
3549;6611;10160;[198,29,90,41,127,60,177,47,26,161,115,152,131,59,197,123,74,37,94,118,124,168,34,108,174,196,167,15,156,21,73,82,172,86,181,68,9,45,138,126,143,160,173,18,199,12,7,136,89,46,164,4,84,122,25,23,77,57,186,170,176,72,154,49,62,95,182,139,135,191,48,50,56,92,147,67,32,61,19,165,193,28,44,125,91,88,70,71,162,20,188,144,184,8,157,78,128,101,185,76,80,100,30,134,27,2,97,58,151,175,6,1,117,195,169,142,137,158,54,120,3,11,149,107,55,14,13,111,52,148,83,129,24,150,103,105,69,159,40,116,104,99,106,194,180,178,192,10,66,145,102,110,171,0,85,140,17,53,155,146,63,31,183,65,16,190,109,130,5,39,113,43,187,179,96,141,98,114,64,79,42,119,132,75,163,133,81,153,166,189,33,35,36,22,112,93,38,87,121,51];False
3628;6590;10218;[198,29,90,41,127,60,177,47,26,161,115,152,131,59,197,123,74,37,94,118,124,168,34,108,174,196,167,15,156,21,73,82,172,86,181,68,9,45,138,126,143,160,173,18,199,12,7,136,89,46,164,4,84,122,25,23,77,57,186,170,176,72,154,49,62,95,182,139,135,191,48,50,56,92,147,67,32,61,19,165,193,28,44,125,91,88,70,71,162,20,188,144,184,8,157,78,128,101,185,76,80,100,30,134,27,2,97,58,151,175,6,1,117,195,169,142,137,158,54,120,3,11,149,107,55,14,13,111,52,148,83,129,24,150,103,105,69,159,40,116,140,99,106,194,180,178,192,109,66,145,102,110,171,0,85,104,17,53,155,146,63,31,183,65,16,190,10,130,5,39,113,43,187,179,96,141,98,114,64,79,42,119,132,75,163,133,81,153,166,189,33,35,36,22,112,93,38,87,121,51];False
3809;6563;10372;[198,29,90,41,127,60,177,47,26,161,115,152,131,59,197,123,74,37,94,118,124,168,34,108,174,196,167,15,156,21,73,82,172,86,181,68,9,45,138,126,143,160,173,18,199,12,7,136,89,46,164,4,84,122,25,23,77,57,186,170,176,72,154,49,62,95,182,139,135,191,48,50,56,92,147,67,32,61,19,165,193,28,44,125,91,88,70,71,162,20,188,144,184,8,157,78,128,101,185,76,80,100,30,134,27,2,97,58,151,175,6,1,117,113,169,142,137,158,54,120,3,98,149,107,55,14,13,111,52,148,83,129,24,150,103,105,69,159,40,116,140,99,106,194,180,178,192,109,66,145,102,110,171,0,85,104,17,53,155,146,63,31,183,65,16,190,10,130,5,39,195,43,187,179,96,141,11,114,64,79,42,119,132,75,163,133,81,153,166,189,33,35,36,22,112,93,38,87,121,51];False
3722;6577;10299;[198,29,90,41,127,60,177,47,26,161,115,152,131,59,197,123,74,37,94,118,124,168,34,108,174,196,167,15,156,21,73,82,172,86,181,68,9,45,138,126,143,160,173,18,199,12,7,136,89,46,164,4,84,122,25,23,77,57,186,170,176,72,154,49,62,95,182,139,135,191,48,50,56,92,147,67,32,61,19,165,193,28,44,125,91,88,70,71,162,20,188,144,184,8,157,78,128,101,185,76,80,100,30,134,27,2,97,58,151,175,6,1,117,195,169,142,163,158,54,120,3,98,149,107,55,14,13,111,52,148,83,129,24,150,103,105,69,159,40,116,140,99,106,194,180,178,192,109,66,145,102,110,171,0,85,104,17,53,155,146,63,31,183,65,16,190,10,130,5,39,113,43,187,179,96,141,11,114,64,79,42,119,132,75,137,133,81,153,166,189,33,35,36,22,112,93,38,87,121,51];False
3721;6574;10295;[198,29,90,41,127,60,177,47,26,161,115,152,131,59,197,123,74,37,94,118,124,168,34,108,174,196,167,15,156,21,73,82,172,86,181,68,9,45,138,126,143,160,173,18,199,12,7,136,89,46,164,4,84,122,25,23,77,57,186,170,176,72,154,49,62,95,182,139,135,191,48,50,56,92,147,67,32,61,38,165,193,28,44,125,91,88,70,71,162,20,188,144,184,8,157,78,128,101,185,76,80,100,30,134,27,2,97,58,151,175,6,1,117,113,169,142,137,158,54,120,3,11,149,107,55,14,13,111,52,148,83,129,24,150,103,105,69,159,40,116,140,99,106,194,180,178,192,109,66,145,102,110,171,0,85,104,17,53,155,146,63,31,183,65,16,190,10,130,5,39,195,43,187,179,96,141,98,114,64,79,42,119,132,75,163,133,81,153,166,189,33,35,36,22,112,93,19,87,121,51];False
3477;6641;10118;[198,174,90,41,127,60,177,47,26,161,115,152,131,59,197,123,74,37,94,118,124,168,34,108,29,196,167,15,156,21,73,82,172,86,181,68,9,45,138,126,143,160,173,18,199,12,7,136,89,46,164,4,84,122,25,23,77,57,186,170,176,72,154,49,62,95,182,139,135,191,48,50,56,92,147,67,32,61,38,165,193,28,44,16,91,88,70,71,162,20,188,144,184,8,157,78,128,101,185,76,80,100,30,134,27,2,97,58,151,175,6,1,117,195,169,142,137,158,54,120,3,11,149,107,55,14,13,111,52,148,83,129,24,150,103,105,69,159,40,116,140,99,106,194,180,178,192,10,66,145,102,110,171,0,85,104,17,53,155,146,63,31,183,65,125,190,109,130,5,39,113,43,187,179,96,141,98,114,64,79,42,119,132,75,163,133,81,153,166,189,33,35,36,22,112,93,19,87,121,51];False
3462;6632;10094;[198,29,90,41,127,60,42,47,26,161,115,152,131,59,197,123,74,37,94,118,124,168,34,108,174,196,167,15,156,21,73,82,172,86,181,68,9,45,138,126,143,160,173,18,199,12,7,136,89,46,164,4,84,122,25,23,77,57,186,170,176,72,154,49,62,95,182,139,135,191,48,50,56,92,147,67,32,61,38,165,193,28,44,16,91,88,70,71,162,20,188,144,184,8,157,78,128,101,185,76,80,100,30,134,27,2,97,58,151,175,6,1,117,195,169,142,137,158,54,120,3,11,149,107,55,14,13,111,52,148,83,129,24,150,103,105,69,159,40,116,140,99,106,194,180,178,192,10,66,145,102,110,171,0,85,104,17,53,155,146,63,31,183,65,125,190,109,130,5,39,113,43,187,179,96,141,98,114,64,79,177,119,132,75,163,133,81,153,166,189,33,35,36,22,112,93,19,87,121,51];False
3478;6631;10109;[198,29,90,41,127,60,177,47,26,161,115,152,131,122,197,123,74,37,94,118,124,168,34,108,174,196,167,15,156,21,73,82,172,86,181,68,9,45,138,126,143,160,173,18,199,12,7,136,89,46,164,4,84,59,25,23,77,57,186,170,176,72,154,49,62,95,182,139,135,191,48,50,56,92,147,67,32,61,38,165,193,28,44,16,91,88,70,71,162,20,188,144,184,8,157,78,128,101,185,76,80,100,30,134,27,2,97,58,151,175,6,1,117,195,169,142,137,158,54,120,3,11,149,107,55,14,13,111,52,148,83,129,24,150,103,105,69,159,40,116,140,99,106,194,180,178,192,10,66,145,102,110,171,0,85,104,17,53,155,146,63,31,183,65,125,190,109,130,5,39,113,43,187,179,96,141,98,114,64,79,42,119,132,75,163,133,81,153,166,189,33,35,36,22,112,93,19,87,121,51];False
3448;6645;10093;[198,29,90,41,127,60,177,47,26,161,115,152,131,59,197,168,74,37,94,118,124,123,34,108,174,196,167,15,156,21,73,82,172,86,181,68,9,45,138,126,143,160,173,18,199,12,7,136,89,46,164,4,84,122,25,23,77,57,186,170,176,72,154,49,62,95,182,139,135,191,48,50,56,92,147,67,32,61,38,165,193,28,44,16,91,88,70,71,162,20,188,144,184,8,157,78,128,101,185,76,80,100,30,134,27,2,97,58,151,175,6,1,117,195,169,142,137,158,54,120,3,11,149,107,55,14,13,111,52,148,83,129,24,150,103,105,69,159,40,116,140,99,106,194,180,178,192,10,66,145,102,110,171,0,85,104,17,53,155,146,63,31,183,65,125,190,109,130,5,39,113,43,187,179,96,141,98,114,64,79,42,119,132,75,163,133,81,153,166,189,33,35,36,22,112,93,19,87,121,51];False
3449;6640;10089;[198,29,90,41,127,60,177,47,26,161,115,152,131,59,197,123,74,37,94,118,124,168,34,108,174,196,167,15,156,21,73,82,172,86,181,68,9,45,138,126,143,160,173,18,199,12,7,136,89,46,164,4,84,122,25,23,77,57,186,170,176,72,154,49,62,95,182,139,135,191,48,50,56,92,147,67,32,61,38,165,193,28,44,16,91,88,70,71,162,20,188,144,184,8,157,78,128,101,110,76,80,100,30,134,27,2,97,58,151,175,6,1,117,195,169,142,137,158,54,120,3,11,149,107,55,14,13,111,52,148,83,129,24,150,103,105,69,159,40,116,140,99,106,194,180,178,192,10,66,145,102,185,171,0,85,104,17,53,155,146,63,31,183,65,125,190,109,130,5,39,113,43,187,179,96,141,98,114,64,79,42,119,132,75,163,133,81,153,166,189,33,35,36,22,112,93,19,87,121,51];False
3453;6631;10084;[198,29,90,41,127,60,177,47,26,161,115,152,131,59,197,123,74,37,94,118,124,168,34,108,174,196,167,15,156,21,73,82,172,86,181,68,9,45,138,126,143,160,173,18,199,12,7,136,89,46,164,4,84,122,25,23,77,57,186,170,176,72,154,49,62,95,182,139,135,191,48,50,56,92,147,67,32,61,38,165,193,28,44,16,91,88,70,71,162,20,188,144,184,8,157,78,128,101,185,76,80,100,30,134,27,195,97,58,151,175,6,1,117,2,169,142,137,158,54,120,3,11,149,107,55,14,13,111,52,148,83,129,24,150,103,105,69,159,40,116,140,99,106,194,180,178,192,10,66,145,102,110,171,0,85,104,17,53,155,146,63,31,183,65,125,190,109,130,5,39,113,43,187,179,96,141,98,114,64,79,42,119,132,75,163,133,81,153,166,189,33,35,36,22,112,93,19,87,121,51];False
3512;6617;10129;[198,29,90,41,127,60,177,47,26,161,115,152,131,59,197,123,74,37,94,118,124,168,34,108,174,196,167,15,156,21,73,82,172,86,181,68,9,45,138,126,143,160,173,18,199,12,7,136,89,46,164,4,84,122,25,23,77,57,186,170,176,72,154,49,62,95,182,139,135,191,48,50,56,92,147,67,32,61,38,165,193,28,44,16,91,88,70,71,162,20,188,144,184,8,157,78,128,101,185,76,80,100,30,134,27,2,97,58,151,175,6,1,117,195,169,142,163,158,54,120,3,11,149,107,55,14,13,111,52,148,83,129,24,150,103,105,69,159,40,116,140,99,106,194,180,178,192,10,66,145,102,110,171,0,85,104,17,53,155,146,63,31,183,65,125,190,109,130,5,39,113,43,187,179,96,141,98,114,64,79,42,119,132,75,137,133,81,153,166,189,33,35,36,22,112,93,19,87,121,51];False
3395;6657;10052;[198,29,90,41,127,60,177,47,26,161,115,152,131,59,197,123,74,37,94,118,124,168,34,108,174,196,167,15,156,21,73,82,172,86,181,68,9,45,138,126,143,160,173,18,199,12,7,136,89,46,164,4,84,122,25,23,77,57,186,170,176,72,154,49,62,95,182,139,135,191,48,50,56,92,147,67,32,61,38,165,193,28,44,16,91,88,70,71,162,20,188,144,184,8,157,78,128,101,185,76,80,100,30,134,27,2,97,58,151,175,6,1,117,195,169,142,137,158,54,120,3,11,149,107,55,14,13,111,112,148,83,129,24,150,103,105,69,159,40,116,140,99,106,194,180,178,192,10,66,145,102,110,171,0,85,104,17,53,155,146,63,31,183,65,125,190,109,130,5,39,113,43,187,179,96,141,98,114,64,79,42,119,132,75,163,133,81,153,166,189,33,35,36,22,52,93,19,87,121,51];False
3418;6646;10064;[198,29,90,41,127,60,177,47,26,161,115,152,131,59,197,123,74,37,94,118,124,168,34,108,174,196,167,15,156,21,73,82,172,86,181,68,9,45,138,126,143,160,173,18,199,12,7,136,89,46,164,4,84,122,25,23,77,57,186,170,176,72,154,49,62,95,182,139,135,191,48,50,56,92,147,67,32,61,38,165,193,28,44,16,91,88,70,71,162,20,188,144,184,8,157,78,128,101,185,76,80,100,30,134,27,2,97,58,151,175,6,1,117,195,169,142,137,158,54,120,3,11,149,107,55,14,13,111,52,148,83,129,24,150,103,140,69,159,40,116,105,99,106,194,180,178,192,10,66,145,102,110,171,0,85,104,17,53,155,146,63,31,183,65,125,190,109,130,5,39,113,43,187,179,96,141,98,114,64,79,42,119,132,75,163,133,81,153,166,189,33,35,36,22,112,93,19,87,121,51];False
3463;6629;10092;[198,29,90,41,127,60,177,47,26,161,115,152,131,59,197,123,74,37,94,118,124,168,34,108,174,196,167,15,156,21,73,82,172,86,181,68,9,45,138,126,143,160,173,18,199,12,7,136,89,46,164,4,84,122,25,23,77,57,186,170,176,72,154,49,62,95,182,139,135,191,48,50,56,92,147,67,32,61,38,165,193,28,44,16,91,88,70,71,162,20,188,144,184,8,157,78,128,101,185,76,80,100,30,134,27,2,97,58,151,175,6,1,117,195,169,142,137,158,54,120,3,11,149,107,55,14,13,111,52,148,83,129,24,150,103,105,69,159,40,116,104,99,106,194,180,178,192,10,66,145,102,110,171,0,85,140,17,53,155,146,63,31,183,65,125,190,109,130,5,39,113,43,187,179,96,141,98,114,64,79,42,119,132,75,163,133,81,153,166,189,33,35,36,22,112,93,19,87,121,51];False
3542;6608;10150;[198,29,90,41,127,60,177,47,26,161,115,152,131,59,197,123,74,37,94,118,124,168,34,108,174,196,167,15,156,21,73,82,172,86,181,68,9,45,138,126,143,160,173,18,199,12,7,136,89,46,164,4,84,122,25,23,77,57,186,170,176,72,154,49,62,95,182,139,135,191,48,50,56,92,147,67,32,61,38,165,193,28,44,16,91,88,70,71,162,20,188,144,184,8,157,78,128,101,185,76,80,100,30,134,27,2,97,58,151,175,6,1,117,195,169,142,137,158,54,120,3,11,149,107,55,14,13,111,52,148,83,129,24,150,103,105,69,159,40,116,140,99,106,194,180,178,192,109,66,145,102,110,171,0,85,104,17,53,155,146,63,31,183,65,125,190,10,130,5,39,113,43,187,179,96,141,98,114,64,79,42,119,132,75,163,133,81,153,166,189,33,35,36,22,112,93,19,87,121,51];False
3575;6602;10177;[198,29,90,41,127,60,177,47,26,161,115,152,131,59,197,123,74,37,94,118,124,168,34,108,174,196,167,15,156,21,73,82,172,86,181,68,9,45,138,126,143,160,173,18,199,12,7,136,89,46,164,4,84,122,25,23,77,57,186,170,176,72,154,49,62,95,182,139,135,191,48,50,56,92,147,67,32,61,38,165,193,28,44,125,91,88,70,71,162,20,188,144,184,8,157,78,128,101,185,76,80,100,30,134,27,195,97,58,151,175,6,1,117,2,169,142,137,158,54,120,3,11,149,107,55,14,13,111,52,148,83,129,24,150,103,105,69,159,40,116,140,99,106,194,180,178,192,109,66,145,102,110,171,0,85,104,17,53,155,146,63,31,183,65,16,190,10,130,5,39,113,43,187,179,96,141,98,114,64,79,42,119,132,75,163,133,81,153,166,189,33,35,36,22,112,93,19,87,121,51];False
3585;6600;10185;[198,29,90,41,127,60,177,47,26,161,115,152,131,59,197,123,74,37,94,118,124,168,34,108,174,196,167,15,156,21,73,82,172,86,181,68,9,45,138,126,143,160,173,18,199,12,7,136,89,46,164,4,84,122,25,23,77,57,186,170,176,72,154,49,62,95,182,139,135,191,48,50,56,92,147,67,32,61,38,165,193,28,44,125,91,88,70,71,162,20,188,144,184,8,157,78,128,101,185,76,80,100,30,134,27,2,97,58,151,175,6,1,117,195,169,142,137,158,54,120,3,11,149,107,55,14,13,111,52,148,83,129,24,150,103,105,69,159,40,116,104,99,106,194,180,178,192,109,66,145,102,110,171,0,85,140,17,53,155,146,63,31,183,65,16,190,10,130,5,39,113,43,187,179,96,141,98,114,64,79,42,119,132,75,163,133,81,153,166,189,33,35,36,22,112,93,19,87,121,51];False
3775;6566;10341;[198,29,90,41,187,60,177,47,26,161,115,152,131,59,197,123,74,37,94,118,124,168,34,108,174,196,167,15,156,21,73,82,172,86,181,68,9,45,138,126,143,160,173,18,199,12,7,136,89,46,164,4,84,122,25,23,77,57,186,170,176,72,154,49,62,95,182,139,135,191,48,50,56,92,147,67,32,61,38,165,193,28,44,125,91,88,70,71,162,20,188,144,184,8,157,78,128,101,185,76,80,100,30,134,27,2,97,58,151,175,6,1,117,195,169,142,137,158,54,120,3,11,149,107,55,14,13,111,52,148,83,129,24,150,103,105,69,159,40,116,140,99,106,194,180,178,192,109,66,145,102,110,171,0,85,104,17,53,155,146,63,31,183,65,16,190,10,130,5,39,113,43,127,179,96,141,98,114,64,79,42,119,132,75,163,133,81,153,166,189,33,35,36,22,112,93,19,87,121,51];False
3663;6587;10250;[198,29,90,41,127,60,177,47,26,161,115,152,131,59,197,123,74,37,94,118,124,168,34,108,174,196,167,15,156,21,73,82,172,86,181,68,9,45,138,126,143,160,173,18,199,12,7,136,89,46,164,4,84,122,25,23,77,57,186,170,176,72,154,49,62,95,182,139,135,191,48,50,56,92,147,67,32,38,61,165,193,28,44,125,91,88,70,71,162,20,188,144,184,8,157,78,128,101,185,76,80,100,30,134,27,2,97,58,151,175,6,1,117,195,169,142,137,158,54,120,3,11,149,107,55,14,13,111,52,148,83,129,24,150,103,105,69,159,40,116,140,99,106,194,180,178,192,109,66,145,102,110,171,0,85,104,17,53,155,146,63,31,183,65,16,190,10,130,5,39,113,43,187,179,96,141,98,114,64,79,42,119,132,75,163,133,81,153,166,189,33,35,36,22,112,93,19,87,121,51];False
3634;6588;10222;[198,29,90,41,127,60,177,47,26,161,115,152,131,59,197,123,74,37,94,118,124,168,34,108,174,196,167,15,156,21,73,82,172,86,181,68,9,45,138,126,143,160,173,18,199,12,7,136,89,46,164,4,84,122,25,23,77,57,186,170,176,72,154,49,62,95,182,139,135,191,48,50,56,92,147,67,32,61,38,165,193,28,44,125,91,88,70,71,162,20,188,144,184,8,157,78,128,101,185,76,80,100,30,134,27,2,97,58,151,175,6,1,117,195,169,142,163,158,54,120,3,11,149,107,55,14,13,111,52,148,83,129,24,150,103,105,69,159,40,116,140,99,106,194,180,178,192,109,66,145,102,110,171,0,85,104,17,53,155,146,63,31,183,65,16,190,10,130,5,39,113,43,187,179,96,141,98,114,64,79,42,119,132,75,137,133,81,153,166,189,33,35,36,22,112,93,19,87,121,51];False
5016;6390;11406;[198,29,90,41,187,60,179,47,26,161,115,152,163,59,197,123,17,37,94,118,124,168,34,108,174,196,167,15,156,63,73,82,172,86,181,68,9,45,138,126,143,160,91,18,171,195,7,173,89,144,164,4,84,122,25,23,77,57,186,170,176,3,154,49,76,98,182,139,135,183,140,50,56,92,147,67,32,38,87,165,193,28,44,125,6,88,70,71,162,20,191,61,184,8,72,78,128,101,185,39,80,100,30,134,27,2,97,58,158,62,95,1,117,113,169,142,131,110,54,120,157,136,149,107,55,14,13,111,52,148,83,129,24,150,103,105,69,159,40,116,48,99,106,194,180,178,192,109,66,145,102,151,199,0,85,104,31,53,155,146,21,74,188,65,16,190,10,130,5,175,12,43,127,79,42,141,11,114,64,96,177,119,132,75,137,133,81,153,166,189,33,35,36,22,112,93,19,46,121,51];False
4951;6393;11344;[198,29,90,41,187,60,179,47,26,161,115,152,163,59,197,123,17,37,94,118,124,168,34,108,174,196,167,15,156,21,73,82,172,86,181,68,9,45,138,126,143,160,91,18,171,195,7,173,89,144,164,4,84,122,25,23,77,57,186,170,176,3,154,49,76,98,182,139,135,183,63,50,56,92,147,67,32,38,87,165,193,28,44,125,6,88,70,71,162,20,191,61,184,8,72,78,128,101,185,39,80,100,30,134,27,2,97,58,158,62,95,1,117,113,169,142,131,110,54,120,157,136,149,107,55,14,13,111,52,148,83,129,24,150,103,105,69,159,40,116,48,99,106,194,180,178,192,109,66,145,102,151,199,0,85,104,31,53,155,146,140,74,188,65,16,190,10,130,5,175,12,43,127,79,42,141,11,114,64,96,177,119,132,75,137,133,81,153,166,189,33,35,36,22,112,93,19,46,121,51];False
4905;6399;11304;[198,29,90,41,187,60,179,47,26,161,115,152,163,59,197,123,31,37,94,118,124,168,34,108,174,196,167,15,156,21,73,82,172,86,181,68,9,45,138,126,143,160,91,18,171,195,7,173,89,144,164,4,84,122,25,23,77,57,186,170,176,157,154,49,76,98,182,139,135,183,63,50,56,92,147,67,32,38,87,165,193,28,44,125,6,88,70,71,162,20,191,61,184,8,72,78,128,101,185,39,80,100,30,134,27,2,97,58,158,62,95,1,117,113,169,142,131,110,54,120,3,136,149,107,55,14,13,111,52,148,83,129,24,150,103,105,69,159,40,116,48,99,106,194,180,178,192,109,66,145,102,151,199,0,85,104,17,53,155,146,140,74,188,65,16,190,10,130,5,175,12,43,127,79,42,141,11,114,64,96,177,119,132,75,137,133,81,153,166,189,33,35,36,22,112,93,19,46,121,51];False
4929;6391;11320;[198,29,90,41,187,60,179,47,26,161,115,152,163,59,197,123,31,37,94,118,124,168,34,108,174,196,167,15,156,21,73,82,172,86,181,68,9,45,138,126,143,160,91,18,171,195,7,173,89,144,164,4,84,122,25,23,77,57,186,170,176,3,154,49,76,98,182,139,135,183,51,50,56,92,147,67,32,38,87,165,193,28,44,125,6,88,70,71,162,20,191,61,184,8,72,78,128,101,185,39,80,100,30,134,27,2,97,58,158,62,95,1,117,113,169,142,131,110,54,120,157,136,149,107,55,14,13,111,52,148,83,129,24,150,103,105,69,159,40,116,48,99,106,194,180,178,192,109,66,145,102,151,199,0,85,104,17,53,155,146,140,74,188,65,16,190,10,130,5,175,12,43,127,79,42,141,11,114,64,96,177,119,132,75,137,133,81,153,166,189,33,35,36,22,112,93,19,46,121,63];False
5114;6378;11492;[198,29,90,41,187,60,179,47,26,161,115,152,163,59,197,123,17,37,94,118,124,168,34,108,174,196,167,15,156,63,73,82,172,86,181,68,9,45,138,126,143,160,91,18,171,195,7,173,89,144,164,4,84,122,25,23,77,57,186,170,176,3,154,49,76,98,182,139,135,183,48,50,56,92,147,67,32,38,87,165,193,28,44,125,6,88,70,71,162,20,191,61,184,8,72,78,128,101,185,39,80,100,30,134,27,2,97,58,158,62,95,1,117,113,169,142,131,110,54,120,157,136,149,107,55,14,13,111,52,148,83,129,24,150,103,105,69,159,40,116,21,99,106,194,180,178,192,109,66,145,102,151,199,0,85,104,31,53,155,146,140,74,188,65,16,190,10,130,5,175,12,43,127,79,42,141,11,114,64,96,177,119,132,75,137,133,81,153,166,189,33,35,36,22,112,93,19,46,121,51];False
5160;6376;11536;[198,29,90,41,187,60,179,47,26,161,115,152,163,59,197,123,31,37,94,118,124,168,34,108,174,196,167,15,156,63,50,82,172,86,181,68,9,45,138,126,143,160,91,18,171,195,7,173,89,144,164,4,84,122,25,23,77,57,186,170,176,3,154,49,76,98,182,139,135,183,48,73,56,92,147,67,32,38,87,165,193,28,44,125,6,88,70,71,162,20,191,61,184,8,72,78,128,101,185,39,80,100,30,134,27,2,97,58,158,62,95,1,117,113,169,142,131,110,54,120,157,136,149,107,55,14,13,111,52,148,83,129,24,150,103,105,69,159,40,116,21,99,106,194,180,178,192,109,66,145,102,151,199,0,85,104,17,53,155,146,140,74,188,65,16,190,10,130,5,175,12,43,127,79,42,141,11,114,64,96,177,119,132,75,137,133,81,153,166,189,33,35,36,22,112,93,19,46,121,51];False
5209;6373;11582;[198,29,90,41,187,60,179,47,26,161,115,152,163,59,197,123,31,37,94,118,124,168,34,108,174,196,167,15,156,63,73,82,172,86,181,68,9,45,138,126,143,160,91,18,171,12,7,173,89,144,164,4,84,122,25,23,77,57,186,170,176,3,154,49,76,98,182,139,135,183,48,50,56,92,147,67,32,38,87,165,193,28,44,125,6,88,70,71,162,20,191,61,184,8,72,78,128,101,185,39,80,100,30,134,27,2,97,58,158,62,95,1,117,113,169,142,131,110,54,120,157,136,149,107,55,14,13,111,52,148,83,129,24,150,103,105,69,159,40,116,21,99,106,194,180,178,192,109,66,145,102,151,199,0,85,104,17,53,155,146,140,74,188,65,16,190,10,130,5,175,195,43,127,79,42,141,11,114,64,96,177,119,132,75,137,133,81,153,166,189,33,35,36,22,112,93,19,46,121,51];False
5227;6370;11597;[198,29,90,41,187,60,179,47,26,161,115,152,163,59,197,123,31,37,94,118,124,168,34,108,174,196,167,15,156,63,73,82,172,86,181,68,9,45,138,126,143,160,91,18,171,195,7,173,23,144,164,4,84,122,25,89,77,57,186,170,176,3,154,49,76,98,182,139,135,183,48,50,56,92,147,67,32,38,87,165,193,28,44,125,6,88,70,71,162,20,191,61,184,8,72,78,128,101,185,39,80,100,30,134,27,2,97,58,158,62,95,1,117,113,169,142,131,110,54,120,157,136,149,107,55,14,13,111,52,148,83,129,24,150,103,105,69,159,40,116,21,99,106,194,180,178,192,109,66,145,102,151,199,0,85,104,17,53,155,146,140,74,188,65,16,190,10,130,5,175,12,43,127,79,42,141,11,114,64,96,177,119,132,75,137,133,81,153,166,189,33,35,36,22,112,93,19,46,121,51];False
5017;6388;11405;[198,29,90,41,187,60,179,47,26,161,115,152,163,59,197,123,31,37,94,118,124,168,34,108,174,196,167,15,156,63,73,82,172,86,181,68,9,45,138,126,143,160,91,18,171,195,7,173,89,46,164,4,84,122,25,23,77,57,186,170,176,3,154,49,76,98,182,139,135,183,48,50,56,92,147,67,32,38,87,165,193,28,44,125,6,88,70,71,162,20,191,61,184,8,72,78,128,101,185,39,80,100,30,134,27,2,97,58,158,62,95,1,117,113,169,142,131,110,54,120,157,136,149,107,55,14,13,111,52,148,83,129,24,150,103,105,69,159,40,116,21,99,106,194,180,178,192,109,66,145,102,151,199,0,85,104,17,53,155,146,140,74,188,65,16,190,10,130,5,175,12,43,127,79,42,141,11,114,64,96,177,119,132,75,137,133,81,153,166,189,33,35,36,22,112,93,19,144,121,51];False
5188;6372;11560;[198,29,90,41,187,60,179,47,26,161,115,152,163,59,197,123,31,37,94,118,124,168,34,108,174,196,167,15,156,63,73,82,172,86,181,68,9,45,138,126,143,160,91,18,171,195,7,173,89,144,164,4,84,122,25,23,77,57,186,170,176,3,154,49,39,98,182,139,135,183,48,50,56,92,147,67,32,38,87,165,193,28,44,125,6,88,70,71,162,20,191,61,184,8,72,78,128,101,185,76,80,100,30,134,27,2,97,58,158,62,95,1,117,113,169,142,131,110,54,120,157,136,149,107,55,14,13,111,52,148,83,129,24,150,103,105,69,159,40,116,21,99,106,194,180,178,192,109,66,145,102,151,199,0,85,104,17,53,155,146,140,74,188,65,16,190,10,130,5,175,12,43,127,79,42,141,11,114,64,96,177,119,132,75,137,133,81,153,166,189,33,35,36,22,112,93,19,46,121,51];False
5171;6375;11546;[198,29,90,41,187,60,179,47,26,161,115,152,163,59,197,123,31,37,94,118,124,168,34,108,174,196,167,15,156,63,73,82,172,86,181,68,9,45,138,126,143,160,91,18,171,195,7,173,89,144,164,4,84,122,25,23,77,57,186,170,176,3,154,49,76,98,182,139,135,183,48,50,56,92,147,67,32,38,87,165,193,28,44,125,6,88,70,71,162,20,191,61,184,8,72,78,128,101,185,39,80,131,30,134,27,2,97,58,158,62,95,1,117,113,169,142,100,110,54,120,157,136,149,107,55,14,13,111,52,148,83,129,24,150,103,105,69,159,40,116,21,99,106,194,180,178,192,109,66,145,102,151,199,0,85,104,17,53,155,146,140,74,188,65,16,190,10,130,5,175,12,43,127,79,42,141,11,114,64,96,177,119,132,75,137,133,81,153,166,189,33,35,36,22,112,93,19,46,121,51];False
5225;6371;11596;[198,29,90,41,187,60,179,47,26,161,115,152,163,59,197,123,31,37,94,118,124,168,34,108,174,196,167,15,156,63,73,82,172,86,181,68,9,45,138,126,143,160,91,18,171,195,7,173,89,144,164,4,84,122,25,23,77,57,186,170,176,3,154,49,76,98,182,139,135,183,48,50,56,92,147,67,32,38,87,165,193,28,44,125,6,88,70,71,162,20,191,61,184,8,72,78,128,101,185,39,80,100,30,134,27,2,97,58,158,62,95,1,117,113,169,142,131,110,54,120,157,136,149,107,55,14,13,111,52,148,83,129,24,150,103,105,69,159,40,116,21,99,106,194,180,178,192,109,66,145,102,151,199,0,85,104,17,53,51,146,140,74,188,65,16,190,10,130,5,175,12,43,127,79,42,141,11,114,64,96,177,119,132,75,137,133,81,153,166,189,33,35,36,22,112,93,19,46,121,155];False
5008;6390;11398;[198,29,90,41,187,60,179,47,26,161,115,152,163,122,197,123,31,37,94,118,124,168,34,108,174,196,167,15,156,21,73,82,172,86,181,68,9,45,138,126,143,160,91,18,171,195,7,173,89,144,164,4,84,59,25,23,77,57,186,170,176,3,154,49,76,98,182,139,135,183,48,50,56,92,147,67,32,38,87,165,193,28,44,125,6,88,70,71,162,20,191,61,184,8,72,78,128,101,185,39,80,100,30,134,27,2,97,58,158,62,95,1,117,113,169,142,131,110,54,120,157,136,149,107,55,14,13,111,52,148,83,129,24,150,103,105,69,159,40,116,99,63,106,194,180,178,192,109,66,145,102,151,199,0,85,104,17,53,155,146,140,74,188,65,16,190,10,130,5,175,12,43,127,79,42,141,11,114,64,96,177,119,132,75,137,133,81,153,166,189,33,35,36,22,112,93,19,46,121,51];False
4991;6385;11376;[198,29,90,41,187,60,179,47,26,161,115,152,163,59,197,123,106,37,94,118,124,168,34,108,174,196,167,15,156,21,73,82,172,86,181,68,9,45,138,126,143,160,91,18,171,195,7,173,89,144,164,4,84,122,25,23,77,57,186,170,176,3,154,49,76,98,182,139,135,183,48,50,56,92,147,67,32,38,87,165,193,28,44,125,6,88,70,71,162,20,191,61,184,8,72,78,128,101,185,39,80,100,30,134,27,2,97,58,158,62,95,1,117,113,169,142,131,110,54,120,157,136,149,107,55,14,13,111,52,148,83,129,24,150,103,105,69,159,40,116,99,63,31,194,180,178,192,109,66,145,102,151,199,0,85,104,17,53,155,146,140,74,188,65,16,190,10,130,5,175,12,43,127,79,42,141,11,114,64,96,177,119,132,75,137,133,81,153,166,189,33,35,36,22,112,93,19,46,121,51];False
5048;6381;11429;[198,29,90,41,187,60,179,47,26,161,115,152,163,59,197,123,17,37,94,118,124,168,34,108,174,196,167,15,156,21,73,82,172,86,181,68,9,45,138,126,143,160,91,18,171,195,7,173,89,144,164,4,84,122,25,23,77,57,186,170,176,3,154,49,76,98,182,139,135,183,48,50,56,92,147,67,32,38,87,165,193,28,44,125,6,88,70,71,162,20,191,61,184,8,72,78,128,101,185,39,80,100,30,134,27,2,97,58,158,62,95,1,117,113,169,142,131,110,54,120,157,136,149,107,55,14,13,111,52,148,83,129,24,150,103,105,69,159,40,116,99,63,106,194,180,178,192,109,66,145,102,151,199,0,85,104,31,53,155,146,140,74,188,65,16,190,10,130,5,175,12,43,127,79,42,141,11,114,64,96,177,119,132,75,137,133,81,153,166,189,33,35,36,22,112,93,19,46,121,51];False
5143;6376;11519;[198,29,90,41,187,60,179,47,26,161,115,152,163,59,197,123,31,37,94,118,124,168,34,108,174,196,167,15,156,21,73,82,172,86,181,68,9,45,138,126,143,160,91,18,171,12,7,173,89,144,164,4,84,122,25,23,77,57,186,170,176,3,154,49,76,98,182,139,135,183,48,50,56,92,147,67,32,38,87,165,193,28,44,125,6,88,70,71,162,20,191,61,184,8,72,78,128,101,185,39,80,100,30,134,27,2,97,58,158,62,95,1,117,113,169,142,131,110,54,120,157,136,149,107,55,14,13,111,52,148,83,129,24,150,103,105,69,159,40,116,99,63,106,194,180,178,192,109,66,145,102,151,199,0,85,104,17,53,155,146,140,74,188,65,16,190,10,130,5,175,195,43,127,79,42,141,11,114,64,96,177,119,132,75,137,133,81,153,166,189,33,35,36,22,112,93,19,46,121,51];False
5161;6373;11534;[198,29,90,41,187,60,179,47,26,161,115,152,163,59,197,123,31,37,94,118,124,168,34,108,174,196,167,15,156,21,73,82,172,86,181,68,9,45,138,126,143,160,91,18,171,195,7,173,23,144,164,4,84,122,25,89,77,57,186,170,176,3,154,49,76,98,182,139,135,183,48,50,56,92,147,67,32,38,87,165,193,28,44,125,6,88,70,71,162,20,191,61,184,8,72,78,128,101,185,39,80,100,30,134,27,2,97,58,158,62,95,1,117,113,169,142,131,110,54,120,157,136,149,107,55,14,13,111,52,148,83,129,24,150,103,105,69,159,40,116,99,63,106,194,180,178,192,109,66,145,102,151,199,0,85,104,17,53,155,146,140,74,188,65,16,190,10,130,5,175,12,43,127,79,42,141,11,114,64,96,177,119,132,75,137,133,81,153,166,189,33,35,36,22,112,93,19,46,121,51];False
5122;6375;11497;[198,29,90,41,187,60,179,47,26,161,115,152,163,59,197,123,31,37,94,118,124,168,34,108,174,196,167,15,156,21,73,82,172,86,181,68,9,45,138,126,143,160,91,18,171,195,7,173,89,144,164,4,84,122,25,23,77,57,186,170,176,3,154,49,39,98,182,139,135,183,48,50,56,92,147,67,32,38,87,165,193,28,44,125,6,88,70,71,162,20,191,61,184,8,72,78,128,101,185,76,80,100,30,134,27,2,97,58,158,62,95,1,117,113,169,142,131,110,54,120,157,136,149,107,55,14,13,111,52,148,83,129,24,150,103,105,69,159,40,116,99,63,106,194,180,178,192,109,66,145,102,151,199,0,85,104,17,53,155,146,140,74,188,65,16,190,10,130,5,175,12,43,127,79,42,141,11,114,64,96,177,119,132,75,137,133,81,153,166,189,33,35,36,22,112,93,19,46,121,51];False
5105;6378;11483;[198,29,90,41,187,60,179,47,26,161,115,152,163,59,197,123,31,37,94,118,124,168,34,108,174,196,167,15,156,21,73,82,172,86,181,68,9,45,138,126,143,160,91,18,171,195,7,173,89,144,164,4,84,122,25,23,77,57,186,170,176,3,154,49,76,98,182,139,135,183,48,50,56,92,147,67,32,38,87,165,193,28,44,125,6,88,70,71,162,20,191,61,184,8,72,78,128,101,185,39,80,131,30,134,27,2,97,58,158,62,95,1,117,113,169,142,100,110,54,120,157,136,149,107,55,14,13,111,52,148,83,129,24,150,103,105,69,159,40,116,99,63,106,194,180,178,192,109,66,145,102,151,199,0,85,104,17,53,155,146,140,74,188,65,16,190,10,130,5,175,12,43,127,79,42,141,11,114,64,96,177,119,132,75,137,133,81,153,166,189,33,35,36,22,112,93,19,46,121,51];False
5159;6374;11533;[198,29,90,41,187,60,179,47,26,161,115,152,163,59,197,123,31,37,94,118,124,168,34,108,174,196,167,15,156,21,73,82,172,86,181,68,9,45,138,126,143,160,91,18,171,195,7,173,89,144,164,4,84,122,25,23,77,57,186,170,176,3,154,49,76,98,182,139,135,183,48,50,56,92,147,67,32,38,87,165,193,28,44,125,6,88,70,71,162,20,191,61,184,8,72,78,128,101,185,39,80,100,30,134,27,2,97,58,158,62,95,1,117,113,169,142,131,110,54,120,157,136,149,107,55,14,13,111,52,148,83,129,24,150,103,105,69,159,40,116,99,63,106,194,180,178,192,109,66,145,102,151,199,0,85,104,17,53,51,146,140,74,188,65,16,190,10,130,5,175,12,43,127,79,42,141,11,114,64,96,177,119,132,75,137,133,81,153,166,189,33,35,36,22,112,93,19,46,121,155];False
4187;6495;10682;[198,29,90,41,137,79,179,47,26,161,115,152,172,59,197,123,74,37,94,118,124,168,34,108,174,196,167,15,156,21,73,82,187,86,181,68,61,45,138,126,143,160,91,18,171,195,7,173,89,46,164,4,84,122,25,23,77,57,186,170,176,72,154,49,76,98,182,139,135,191,48,50,56,92,147,67,32,38,9,165,193,28,44,125,6,88,70,71,162,20,188,144,184,8,157,78,128,101,185,39,80,100,30,134,27,2,97,58,158,62,95,1,117,113,169,142,131,110,54,120,3,136,149,107,55,14,13,111,52,148,83,129,24,150,103,105,69,159,40,116,140,99,106,194,180,178,192,109,66,145,102,151,199,0,85,104,17,53,155,146,63,31,183,65,16,190,10,130,5,175,12,43,127,60,42,141,11,114,64,96,177,119,132,75,163,133,81,153,166,189,33,35,36,22,112,93,19,87,121,51];False
4192;6493;10685;[198,29,90,41,137,79,179,47,26,161,115,152,172,59,197,123,74,37,94,118,124,168,34,108,174,196,167,15,156,21,73,82,187,86,181,68,9,45,138,126,143,160,91,18,171,195,7,173,89,46,164,4,84,122,25,23,77,57,186,170,176,72,154,49,76,98,182,139,135,191,48,50,56,92,147,67,32,61,38,165,193,28,44,125,6,88,70,71,162,20,188,144,184,8,157,78,128,101,185,39,80,100,30,134,27,2,97,58,158,62,95,1,117,113,169,142,131,110,54,120,3,136,149,107,55,14,13,111,52,148,83,129,24,150,103,105,69,159,40,116,140,99,106,194,180,178,192,109,66,145,102,151,199,0,85,104,17,53,155,146,63,31,183,65,16,190,10,130,5,175,12,43,127,60,42,141,11,114,64,96,177,119,132,75,163,133,81,153,166,189,33,35,36,22,112,93,19,87,121,51];False
4225;6486;10711;[198,29,90,41,187,79,179,47,26,161,115,152,172,59,197,123,74,37,94,118,124,168,34,108,174,196,167,15,156,21,73,82,137,86,181,68,9,45,138,126,143,160,91,18,171,195,7,173,89,46,164,4,84,122,25,23,77,57,186,170,176,72,154,49,76,98,182,139,135,191,48,50,56,92,147,67,32,61,19,165,193,28,44,125,6,88,70,71,162,20,188,144,184,8,157,78,128,101,185,39,80,100,30,134,27,2,97,58,158,62,95,1,117,113,169,142,131,110,54,120,3,136,149,107,55,14,13,111,52,148,83,129,24,150,103,105,69,159,40,116,140,99,106,194,180,178,192,109,66,145,102,151,199,0,85,104,17,53,155,146,63,31,183,65,16,190,10,130,5,175,12,43,127,60,42,141,11,114,64,96,177,119,132,75,163,133,81,153,166,189,33,35,36,22,112,93,38,87,121,51];False
4358;6464;10822;[198,29,90,41,187,60,42,47,26,161,115,152,172,59,197,123,74,37,94,118,124,168,34,108,174,196,167,15,156,21,73,82,137,86,181,68,9,45,138,126,143,160,91,18,171,195,7,173,89,46,164,4,84,122,25,23,77,57,186,170,176,72,154,49,133,11,182,139,135,191,48,50,56,92,147,67,32,38,87,165,193,28,44,125,6,88,70,71,162,20,188,61,184,8,157,78,128,101,185,76,80,100,30,134,27,2,97,58,158,62,95,1,117,113,169,142,131,110,54,120,3,136,149,107,55,14,13,111,52,148,83,129,24,150,103,105,69,159,40,116,140,99,106,194,180,178,192,109,66,145,102,151,199,0,85,104,17,53,155,146,63,31,183,65,16,190,10,130,5,175,12,43,127,79,179,177,98,114,64,96,141,119,132,75,163,39,81,153,166,189,33,35,36,22,112,93,19,144,121,51];False
4497;6445;10942;[198,29,90,41,187,60,179,47,26,161,115,152,172,59,197,123,74,37,94,118,124,168,34,108,174,196,167,15,156,21,73,82,137,86,181,68,9,45,138,126,143,160,91,18,171,195,7,173,89,144,164,4,84,122,25,23,77,57,186,170,176,72,154,49,133,11,182,139,135,191,48,50,56,92,147,67,32,38,87,165,193,28,44,125,6,88,70,71,162,20,188,61,184,8,157,78,128,101,185,76,80,100,30,134,27,2,97,58,158,62,95,1,117,113,169,142,131,110,54,120,3,136,149,107,55,14,13,111,52,148,83,129,24,150,103,105,69,159,40,116,140,99,106,194,180,178,192,109,66,145,102,151,199,0,85,104,17,53,155,146,63,31,183,65,16,190,10,130,5,175,12,43,127,79,42,177,98,114,64,96,141,119,132,75,163,39,81,153,166,189,33,35,36,22,112,93,19,46,121,51];False
4489;6444;10933;[198,29,90,41,187,60,179,47,26,161,115,152,172,59,197,123,74,37,94,118,124,168,34,108,174,196,167,15,156,21,73,82,137,86,181,68,9,45,138,126,143,160,91,18,171,195,7,173,89,46,164,4,84,122,25,23,77,57,186,170,176,72,154,49,133,11,182,139,135,191,48,50,56,92,147,67,32,38,87,165,193,28,44,125,6,88,70,71,162,20,188,61,184,8,157,78,128,101,185,76,80,100,30,134,27,2,97,58,158,62,95,1,117,113,169,142,131,110,54,120,3,136,149,107,55,14,13,111,52,148,83,129,24,150,103,105,69,159,40,116,140,99,106,194,180,178,192,109,66,145,102,151,199,0,85,104,17,53,155,146,63,31,183,65,16,190,10,130,5,175,12,43,127,79,42,141,98,114,64,96,177,119,132,75,163,39,81,153,166,189,33,35,36,22,112,93,19,144,121,51];False
4220;6487;10707;[198,29,90,41,187,60,179,47,26,161,115,152,172,59,197,123,74,37,94,118,124,168,34,108,174,196,167,15,156,21,73,82,137,86,181,68,9,45,138,126,143,160,91,18,171,195,7,173,89,46,164,4,84,122,25,23,77,57,186,170,176,72,154,49,76,11,182,139,135,191,48,50,56,92,147,67,32,61,38,165,193,28,44,125,6,88,70,71,162,20,188,144,184,8,157,78,128,101,185,39,80,100,30,134,27,2,97,58,158,62,95,1,117,113,169,142,131,110,54,120,3,136,149,107,55,14,13,111,52,148,83,129,24,150,103,105,69,159,40,116,140,99,106,194,180,178,192,109,66,145,102,151,199,0,85,104,17,53,155,146,63,31,183,65,16,190,10,130,5,175,12,43,127,79,42,177,98,114,64,96,141,119,132,75,163,133,81,153,166,189,33,35,36,22,112,93,19,87,121,51];False
4273;6479;10752;[198,29,90,41,187,60,179,47,26,161,115,152,172,59,197,123,74,37,94,118,124,168,34,108,174,196,167,15,156,21,73,82,137,86,181,68,9,45,138,126,143,160,91,18,171,195,7,173,89,46,164,4,84,122,25,23,77,57,186,170,176,72,154,49,76,98,182,139,135,191,48,50,56,92,147,67,32,61,19,165,193,28,44,125,6,88,70,71,162,20,188,144,184,8,157,78,128,101,185,39,80,100,30,134,27,2,97,58,110,62,95,1,117,113,169,142,131,158,54,120,3,136,149,107,55,14,13,111,52,148,83,129,24,150,103,105,69,159,40,116,140,99,106,194,180,178,192,109,66,145,102,151,199,0,85,104,17,53,155,146,63,31,183,65,16,190,10,130,5,175,12,43,127,79,42,141,11,114,64,96,177,119,132,75,163,133,81,153,166,189,33,35,36,22,112,93,38,87,121,51];False
4292;6475;10767;[198,29,90,41,187,60,179,47,26,161,115,152,172,59,197,123,74,37,94,118,124,168,34,108,174,196,167,15,156,21,73,82,137,86,181,68,9,45,138,126,143,160,91,18,171,195,7,173,89,46,164,4,84,122,25,23,77,57,186,170,176,72,154,49,76,98,182,139,135,191,48,50,56,92,147,67,32,61,19,165,193,28,44,125,6,88,70,71,162,20,188,144,184,8,157,78,128,101,185,39,80,100,30,134,27,2,97,58,158,62,95,1,117,113,169,142,131,110,54,120,3,136,149,107,55,14,13,111,52,148,83,129,24,150,103,105,69,159,40,116,104,99,106,194,180,178,192,109,66,145,102,151,199,0,85,140,17,53,155,146,63,31,183,65,16,190,10,130,5,175,12,43,127,79,42,141,11,114,64,96,177,119,132,75,163,133,81,153,166,189,33,35,36,22,112,93,38,87,121,51];False
3596;6598;10194;[198,29,90,41,127,60,177,47,26,161,115,152,131,54,197,123,74,37,94,118,124,168,34,108,174,196,167,15,156,21,73,82,172,86,181,68,9,45,138,126,143,160,173,18,199,12,7,136,89,46,164,4,84,122,25,23,77,57,186,170,176,72,154,49,59,11,182,139,135,191,48,50,56,92,147,67,32,61,38,165,193,28,44,125,91,88,70,71,162,20,188,144,184,8,157,78,128,101,185,76,80,100,30,134,27,2,97,58,151,175,6,1,117,195,169,142,137,158,62,120,3,95,149,107,55,14,13,111,52,148,83,129,24,150,103,105,69,159,40,116,140,99,106,194,180,178,192,10,66,145,102,110,171,0,85,104,17,53,155,146,63,31,183,65,16,190,109,130,5,39,113,43,187,179,96,141,98,114,64,79,42,119,132,75,163,133,81,153,166,189,33,35,36,22,112,93,19,87,121,51];False
3470;6627;10097;[198,29,90,41,127,60,177,47,26,161,115,152,131,59,197,123,74,37,94,118,124,168,34,108,174,196,167,15,156,21,73,82,172,86,181,68,9,45,138,126,143,160,173,18,199,12,7,136,89,46,164,4,84,122,25,23,77,57,186,170,176,72,154,49,54,11,182,139,135,191,48,50,56,92,147,67,32,61,38,165,193,28,44,16,91,88,70,71,162,20,188,144,184,8,157,78,128,101,185,76,80,100,30,134,27,2,97,58,151,175,6,1,117,195,169,142,137,158,62,120,3,95,149,107,55,14,13,111,52,148,83,129,24,150,103,105,69,159,40,116,140,99,106,194,180,178,192,10,66,145,102,110,171,0,85,104,17,53,155,146,63,31,183,65,125,190,109,130,5,39,113,43,187,179,96,141,98,114,64,79,42,119,132,75,163,133,81,153,166,189,33,35,36,22,112,93,19,87,121,51];False
3503;6621;10124;[198,29,90,41,127,60,177,47,26,161,115,152,131,59,197,123,74,37,94,118,124,168,34,108,174,196,167,15,156,21,73,82,172,86,181,68,9,45,138,126,143,160,173,18,199,12,7,136,89,46,164,4,84,122,25,23,77,57,186,170,176,72,154,49,54,11,182,139,135,191,48,50,56,92,147,67,32,61,38,165,193,28,44,125,91,88,70,71,162,20,188,144,184,8,157,78,128,101,185,76,80,100,30,134,27,195,97,58,151,175,6,1,117,2,169,142,137,158,62,120,3,95,149,107,55,14,13,111,52,148,83,129,24,150,103,105,69,159,40,116,140,99,106,194,180,178,192,10,66,145,102,110,171,0,85,104,17,53,155,146,63,31,183,65,16,190,109,130,5,39,113,43,187,179,96,141,98,114,64,79,42,119,132,75,163,133,81,153,166,189,33,35,36,22,112,93,19,87,121,51];False
3592;6598;10190;[198,29,90,41,127,60,177,47,26,161,115,152,131,59,197,123,74,37,94,118,124,168,34,108,174,196,167,15,156,21,73,82,172,86,181,68,9,45,138,126,143,160,173,18,199,12,7,136,89,46,164,4,84,122,25,23,77,57,186,170,176,72,154,49,54,11,182,139,135,191,48,50,56,92,147,67,32,61,38,165,193,28,44,125,91,88,70,71,162,20,188,144,184,8,157,78,128,101,185,76,80,100,30,134,27,2,97,58,151,175,6,1,117,195,169,142,137,158,62,120,3,95,149,107,55,14,13,111,52,148,83,129,24,150,103,105,69,159,40,116,140,99,106,194,180,178,192,109,66,145,102,110,171,0,85,104,17,53,155,146,63,31,183,65,16,190,10,130,5,39,113,43,187,179,96,141,98,114,64,79,42,119,132,75,163,133,81,153,166,189,33,35,36,22,112,93,19,87,121,51];False
3445;6643;10088;[198,29,90,41,127,60,177,47,26,161,115,152,131,59,197,123,74,37,94,118,124,168,34,108,174,196,167,15,156,21,73,82,172,86,181,68,9,45,138,126,143,160,173,18,199,12,7,136,89,46,164,4,84,122,25,23,77,57,186,170,176,72,154,49,62,11,182,139,135,191,48,50,56,92,147,67,32,61,38,165,193,28,44,16,91,88,70,71,162,20,188,144,184,8,157,78,128,101,110,76,80,100,30,134,27,2,97,58,151,175,6,1,117,195,169,142,137,158,54,120,3,95,149,107,55,14,13,111,52,148,83,129,24,150,103,105,69,159,40,116,140,99,106,194,180,178,192,10,66,145,102,185,171,0,85,104,17,53,155,146,63,31,183,65,125,190,109,130,5,39,113,43,187,179,96,141,98,114,64,79,42,119,132,75,163,133,81,153,166,189,33,35,36,22,112,93,19,87,121,51];False
3449;6634;10083;[198,29,90,41,127,60,177,47,26,161,115,152,131,59,197,123,74,37,94,118,124,168,34,108,174,196,167,15,156,21,73,82,172,86,181,68,9,45,138,126,143,160,173,18,199,12,7,136,89,46,164,4,84,122,25,23,77,57,186,170,176,72,154,49,62,11,182,139,135,191,48,50,56,92,147,67,32,61,38,165,193,28,44,16,91,88,70,71,162,20,188,144,184,8,157,78,128,101,185,76,80,100,30,134,27,195,97,58,151,175,6,1,117,2,169,142,137,158,54,120,3,95,149,107,55,14,13,111,52,148,83,129,24,150,103,105,69,159,40,116,140,99,106,194,180,178,192,10,66,145,102,110,171,0,85,104,17,53,155,146,63,31,183,65,125,190,109,130,5,39,113,43,187,179,96,141,98,114,64,79,42,119,132,75,163,133,81,153,166,189,33,35,36,22,112,93,19,87,121,51];False
3391;6660;10051;[198,29,90,41,127,60,177,47,26,161,115,152,131,59,197,123,74,37,94,118,124,168,34,108,174,196,167,15,156,21,73,82,172,86,181,68,9,45,138,126,143,160,173,18,199,12,7,136,89,46,164,4,84,122,25,23,77,57,186,170,176,72,154,49,62,11,182,139,135,191,48,50,56,92,147,67,32,61,38,165,193,28,44,16,91,88,70,71,162,20,188,144,184,8,157,78,128,101,185,76,80,100,30,134,27,2,97,58,151,175,6,1,117,195,169,142,137,158,54,120,3,95,149,107,55,14,13,111,112,148,83,129,24,150,103,105,69,159,40,116,140,99,106,194,180,178,192,10,66,145,102,110,171,0,85,104,17,53,155,146,63,31,183,65,125,190,109,130,5,39,113,43,187,179,96,141,98,114,64,79,42,119,132,75,163,133,81,153,166,189,33,35,36,22,52,93,19,87,121,51];False
3414;6649;10063;[198,29,90,41,127,60,177,47,26,161,115,152,131,59,197,123,74,37,94,118,124,168,34,108,174,196,167,15,156,21,73,82,172,86,181,68,9,45,138,126,143,160,173,18,199,12,7,136,89,46,164,4,84,122,25,23,77,57,186,170,176,72,154,49,62,11,182,139,135,191,48,50,56,92,147,67,32,61,38,165,193,28,44,16,91,88,70,71,162,20,188,144,184,8,157,78,128,101,185,76,80,100,30,134,27,2,97,58,151,175,6,1,117,195,169,142,137,158,54,120,3,95,149,107,55,14,13,111,52,148,83,129,24,150,103,140,69,159,40,116,105,99,106,194,180,178,192,10,66,145,102,110,171,0,85,104,17,53,155,146,63,31,183,65,125,190,109,130,5,39,113,43,187,179,96,141,98,114,64,79,42,119,132,75,163,133,81,153,166,189,33,35,36,22,112,93,19,87,121,51];False
3538;6611;10149;[198,29,90,41,127,60,177,47,26,161,115,152,131,59,197,123,74,37,94,118,124,168,34,108,174,196,167,15,156,21,73,82,172,86,181,68,9,45,138,126,143,160,173,18,199,12,7,136,89,46,164,4,84,122,25,23,77,57,186,170,176,72,154,49,62,11,182,139,135,191,48,50,56,92,147,67,32,61,38,165,193,28,44,16,91,88,70,71,162,20,188,144,184,8,157,78,128,101,185,76,80,100,30,134,27,2,97,58,151,175,6,1,117,195,169,142,137,158,54,120,3,95,149,107,55,14,13,111,52,148,83,129,24,150,103,105,69,159,40,116,140,99,106,194,180,178,192,109,66,145,102,110,171,0,85,104,17,53,155,146,63,31,183,65,125,190,10,130,5,39,113,43,187,179,96,141,98,114,64,79,42,119,132,75,163,133,81,153,166,189,33,35,36,22,112,93,19,87,121,51];False
3571;6605;10176;[198,29,90,41,127,60,177,47,26,161,115,152,131,59,197,123,74,37,94,118,124,168,34,108,174,196,167,15,156,21,73,82,172,86,181,68,9,45,138,126,143,160,173,18,199,12,7,136,89,46,164,4,84,122,25,23,77,57,186,170,176,72,154,49,62,11,182,139,135,191,48,50,56,92,147,67,32,61,38,165,193,28,44,125,91,88,70,71,162,20,188,144,184,8,157,78,128,101,185,76,80,100,30,134,27,195,97,58,151,175,6,1,117,2,169,142,137,158,54,120,3,95,149,107,55,14,13,111,52,148,83,129,24,150,103,105,69,159,40,116,140,99,106,194,180,178,192,109,66,145,102,110,171,0,85,104,17,53,155,146,63,31,183,65,16,190,10,130,5,39,113,43,187,179,96,141,98,114,64,79,42,119,132,75,163,133,81,153,166,189,33,35,36,22,112,93,19,87,121,51];False
3717;6577;10294;[198,29,90,41,127,60,177,47,26,161,115,152,131,59,197,123,74,37,94,118,124,168,34,108,174,196,167,15,156,21,73,82,172,86,181,68,9,45,138,126,143,160,173,18,199,12,7,136,89,46,164,4,84,122,25,23,77,57,186,170,176,72,154,49,62,11,182,139,135,191,48,50,56,92,147,67,32,61,38,165,193,28,44,125,91,88,70,71,162,20,188,144,184,8,157,78,128,101,185,76,80,100,30,134,27,2,97,58,151,175,6,1,117,113,169,142,137,158,54,120,3,95,149,107,55,14,13,111,52,148,83,129,24,150,103,105,69,159,40,116,140,99,106,194,180,178,192,109,66,145,102,110,171,0,85,104,17,53,155,146,63,31,183,65,16,190,10,130,5,39,195,43,187,179,96,141,98,114,64,79,42,119,132,75,163,133,81,153,166,189,33,35,36,22,112,93,19,87,121,51];False
3830;6558;10388;[198,29,90,41,187,60,177,47,26,161,115,152,131,59,197,123,74,37,94,118,124,168,34,108,174,196,167,15,156,21,73,82,172,86,181,68,9,45,138,126,143,160,173,18,199,12,7,136,89,46,164,4,84,122,25,23,77,57,186,170,176,72,154,49,62,98,182,139,135,191,48,50,56,92,147,67,32,61,19,165,193,28,44,125,91,88,70,71,162,20,188,144,184,8,157,78,128,101,185,76,80,100,30,134,27,2,97,58,151,175,6,1,117,195,169,142,137,158,54,120,3,95,149,107,55,14,13,111,52,148,83,129,24,150,103,105,69,159,40,116,140,99,106,194,180,178,192,109,66,145,102,110,171,0,85,104,17,53,155,146,63,31,183,65,16,190,10,130,5,39,113,43,127,179,96,141,11,114,64,79,42,119,132,75,163,133,81,153,166,189,33,35,36,22,112,93,38,87,121,51];False
3836;6556;10392;[198,29,90,41,187,60,177,47,26,161,115,152,131,59,197,123,74,37,94,118,124,168,34,108,174,196,167,15,156,21,73,82,172,86,181,68,9,45,138,126,143,160,173,18,199,12,7,136,89,46,164,4,84,122,25,23,77,57,186,170,176,72,154,49,62,98,182,139,135,191,48,50,56,92,147,67,32,61,38,165,193,28,44,125,91,88,70,71,162,20,188,144,184,8,157,78,128,101,185,76,80,100,30,134,27,2,97,58,151,175,6,1,117,195,169,142,163,158,54,120,3,95,149,107,55,14,13,111,52,148,83,129,24,150,103,105,69,159,40,116,140,99,106,194,180,178,192,109,66,145,102,110,171,0,85,104,17,53,155,146,63,31,183,65,16,190,10,130,5,39,113,43,127,179,96,141,11,114,64,79,42,119,132,75,137,133,81,153,166,189,33,35,36,22,112,93,19,87,121,51];False
3689;6580;10269;[198,29,90,41,127,60,177,47,26,161,115,152,131,59,197,123,74,37,94,118,124,168,34,108,174,196,167,15,156,21,73,82,172,86,181,68,9,45,138,126,143,160,173,18,199,12,7,136,89,46,164,4,84,122,25,23,77,57,186,170,176,72,154,49,62,98,182,139,135,191,48,50,56,92,147,67,32,61,19,165,193,28,44,125,91,88,70,71,162,20,188,144,184,8,157,78,128,101,185,76,80,100,30,134,27,2,97,58,151,175,6,1,117,195,169,142,163,158,54,120,3,95,149,107,55,14,13,111,52,148,83,129,24,150,103,105,69,159,40,116,140,99,106,194,180,178,192,109,66,145,102,110,171,0,85,104,17,53,155,146,63,31,183,65,16,190,10,130,5,39,113,43,187,179,96,141,11,114,64,79,42,119,132,75,137,133,81,153,166,189,33,35,36,22,112,93,38,87,121,51];False
3782;6564;10346;[198,29,90,41,127,60,177,47,26,161,115,152,131,59,197,123,74,37,94,118,124,168,34,108,174,196,167,15,156,21,73,82,172,86,181,68,9,45,138,126,143,160,173,18,199,12,7,136,89,46,164,4,84,122,25,23,77,57,186,170,176,72,154,49,62,98,182,139,135,191,48,50,56,92,147,67,32,61,38,165,193,28,44,125,91,88,70,71,162,20,188,144,184,8,157,78,128,101,185,76,80,100,30,134,27,2,97,58,151,175,6,1,117,113,169,142,163,158,54,120,3,95,149,107,55,14,13,111,52,148,83,129,24,150,103,105,69,159,40,116,140,99,106,194,180,178,192,109,66,145,102,110,171,0,85,104,17,53,155,146,63,31,183,65,16,190,10,130,5,39,195,43,187,179,96,141,11,114,64,79,42,119,132,75,137,133,81,153,166,189,33,35,36,22,112,93,19,87,121,51];False
3530;6614;10144;[198,29,90,41,127,60,177,47,26,161,115,152,131,59,197,123,74,37,94,118,124,168,34,108,174,196,167,15,156,21,73,82,172,86,181,68,9,45,138,126,143,160,173,18,199,12,7,136,89,46,164,4,84,122,25,23,77,57,186,170,176,72,154,49,62,95,182,139,135,191,48,50,56,92,147,67,32,61,19,165,193,28,44,16,91,88,70,71,162,20,188,144,184,8,157,78,128,101,185,76,80,100,30,134,27,2,97,58,151,175,6,1,117,195,169,142,163,158,54,120,3,11,149,107,55,14,13,111,52,148,83,129,24,150,103,105,69,159,40,116,140,99,106,194,180,178,192,10,66,145,102,110,171,0,85,104,17,53,155,146,63,31,183,65,125,190,109,130,5,39,113,43,187,179,96,141,98,114,64,79,42,119,132,75,137,133,81,153,166,189,33,35,36,22,112,93,38,87,121,51];False
3413;6654;10067;[198,29,90,41,127,60,177,47,26,161,115,152,131,59,197,123,74,37,94,118,124,168,34,108,174,196,167,15,156,21,73,82,172,86,181,68,9,45,138,126,143,160,173,18,199,12,7,136,89,46,164,4,84,122,25,23,77,57,186,170,176,72,154,49,62,95,182,139,135,191,48,50,56,92,147,67,32,61,19,165,193,28,44,16,91,88,70,71,162,20,188,144,184,8,157,78,128,101,185,76,80,100,30,134,27,2,97,58,151,175,6,1,117,195,169,142,137,158,54,120,3,11,149,107,55,14,13,111,112,148,83,129,24,150,103,105,69,159,40,116,140,99,106,194,180,178,192,10,66,145,102,110,171,0,85,104,17,53,155,146,63,31,183,65,125,190,109,130,5,39,113,43,187,179,96,141,98,114,64,79,42,119,132,75,163,133,81,153,166,189,33,35,36,22,52,93,38,87,121,51];False
3436;6643;10079;[198,29,90,41,127,60,177,47,26,161,115,152,131,59,197,123,74,37,94,118,124,168,34,108,174,196,167,15,156,21,73,82,172,86,181,68,9,45,138,126,143,160,173,18,199,12,7,136,89,46,164,4,84,122,25,23,77,57,186,170,176,72,154,49,62,95,182,139,135,191,48,50,56,92,147,67,32,61,19,165,193,28,44,16,91,88,70,71,162,20,188,144,184,8,157,78,128,101,185,76,80,100,30,134,27,2,97,58,151,175,6,1,117,195,169,142,137,158,54,120,3,11,149,107,55,14,13,111,52,148,83,129,24,150,103,140,69,159,40,116,105,99,106,194,180,178,192,10,66,145,102,110,171,0,85,104,17,53,155,146,63,31,183,65,125,190,109,130,5,39,113,43,187,179,96,141,98,114,64,79,42,119,132,75,163,133,81,153,166,189,33,35,36,22,112,93,38,87,121,51];False
3481;6626;10107;[198,29,90,41,127,60,177,47,26,161,115,152,131,59,197,123,74,37,94,118,124,168,34,108,174,196,167,15,156,21,73,82,172,86,181,68,9,45,138,126,143,160,173,18,199,12,7,136,89,46,164,4,84,122,25,23,77,57,186,170,176,72,154,49,62,95,182,139,135,191,48,50,56,92,147,67,32,61,19,165,193,28,44,16,91,88,70,71,162,20,188,144,184,8,157,78,128,101,185,76,80,100,30,134,27,2,97,58,151,175,6,1,117,195,169,142,137,158,54,120,3,11,149,107,55,14,13,111,52,148,83,129,24,150,103,105,69,159,40,116,104,99,106,194,180,178,192,10,66,145,102,110,171,0,85,140,17,53,155,146,63,31,183,65,125,190,109,130,5,39,113,43,187,179,96,141,98,114,64,79,42,119,132,75,163,133,81,153,166,189,33,35,36,22,112,93,38,87,121,51];False
3560;6605;10165;[198,29,90,41,127,60,177,47,26,161,115,152,131,59,197,123,74,37,94,118,124,168,34,108,174,196,167,15,156,21,73,82,172,86,181,68,9,45,138,126,143,160,173,18,199,12,7,136,89,46,164,4,84,122,25,23,77,57,186,170,176,72,154,49,62,95,182,139,135,191,48,50,56,92,147,67,32,61,19,165,193,28,44,16,91,88,70,71,162,20,188,144,184,8,157,78,128,101,185,76,80,100,30,134,27,2,97,58,151,175,6,1,117,195,169,142,137,158,54,120,3,11,149,107,55,14,13,111,52,148,83,129,24,150,103,105,69,159,40,116,140,99,106,194,180,178,192,109,66,145,102,110,171,0,85,104,17,53,155,146,63,31,183,65,125,190,10,130,5,39,113,43,187,179,96,141,98,114,64,79,42,119,132,75,163,133,81,153,166,189,33,35,36,22,112,93,38,87,121,51];False
3793;6563;10356;[198,29,90,41,187,60,177,47,26,161,115,152,131,59,197,123,74,37,94,118,124,168,34,108,174,196,167,15,156,21,73,82,172,86,181,68,9,45,138,126,143,160,173,18,199,12,7,136,89,46,164,4,84,122,25,23,77,57,186,170,176,72,154,49,62,95,182,139,135,191,48,50,56,92,147,67,32,61,19,165,193,28,44,125,91,88,70,71,162,20,188,144,184,8,157,78,128,101,185,76,80,100,30,134,27,2,97,58,151,175,6,1,117,195,169,142,137,158,54,120,3,11,149,107,55,14,13,111,52,148,83,129,24,150,103,105,69,159,40,116,140,99,106,194,180,178,192,109,66,145,102,110,171,0,85,104,17,53,155,146,63,31,183,65,16,190,10,130,5,39,113,43,127,179,96,141,98,114,64,79,42,119,132,75,163,133,81,153,166,189,33,35,36,22,112,93,38,87,121,51];False
3739;6571;10310;[198,29,90,41,127,60,177,47,26,161,115,152,131,59,197,123,74,37,94,118,124,168,34,108,174,196,167,15,156,21,73,82,172,86,181,68,9,45,138,126,143,160,173,18,199,12,7,136,89,46,164,4,84,122,25,23,77,57,186,170,176,72,154,49,62,95,182,139,135,191,48,50,56,92,147,67,32,61,19,165,193,28,44,125,91,88,70,71,162,20,188,144,184,8,157,78,128,101,185,76,80,100,30,134,27,2,97,58,151,175,6,1,117,113,169,142,137,158,54,120,3,11,149,107,55,14,13,111,52,148,83,129,24,150,103,105,69,159,40,116,140,99,106,194,180,178,192,109,66,145,102,110,171,0,85,104,17,53,155,146,63,31,183,65,16,190,10,130,5,39,195,43,187,179,96,141,98,114,64,79,42,119,132,75,163,133,81,153,166,189,33,35,36,22,112,93,38,87,121,51];False
3652;6585;10237;[198,29,90,41,127,60,177,47,26,161,115,152,131,59,197,123,74,37,94,118,124,168,34,108,174,196,167,15,156,21,73,82,172,86,181,68,9,45,138,126,143,160,173,18,199,12,7,136,89,46,164,4,84,122,25,23,77,57,186,170,176,72,154,49,62,95,182,139,135,191,48,50,56,92,147,67,32,61,19,165,193,28,44,125,91,88,70,71,162,20,188,144,184,8,157,78,128,101,185,76,80,100,30,134,27,2,97,58,151,175,6,1,117,195,169,142,163,158,54,120,3,11,149,107,55,14,13,111,52,148,83,129,24,150,103,105,69,159,40,116,140,99,106,194,180,178,192,109,66,145,102,110,171,0,85,104,17,53,155,146,63,31,183,65,16,190,10,130,5,39,113,43,187,179,96,141,98,114,64,79,42,119,132,75,137,133,81,153,166,189,33,35,36,22,112,93,38,87,121,51];False
3603;6597;10200;[198,29,90,41,127,60,177,47,26,161,115,152,131,59,197,123,74,37,94,118,124,168,34,108,174,196,167,15,156,21,73,82,172,86,181,68,9,45,138,126,143,160,173,18,199,12,7,136,89,46,164,4,84,122,25,23,77,57,186,170,176,72,154,49,62,95,182,139,135,191,48,50,56,92,147,67,32,61,19,165,193,28,44,125,91,88,70,71,162,20,188,144,184,8,157,78,128,101,185,76,80,100,30,134,27,2,97,58,151,175,6,1,117,195,169,142,137,158,54,120,3,11,149,107,55,14,13,111,52,148,83,129,24,150,103,105,69,159,40,116,104,99,106,194,180,178,192,109,66,145,102,110,171,0,85,140,17,53,155,146,63,31,183,65,16,190,10,130,5,39,113,43,187,179,96,141,98,114,64,79,42,119,132,75,163,133,81,153,166,189,33,35,36,22,112,93,38,87,121,51];False
3774;6568;10342;[198,29,90,41,127,60,177,47,26,161,115,152,131,59,197,123,74,37,94,118,124,168,34,108,174,196,167,15,156,21,73,82,172,86,181,68,9,45,138,126,143,160,173,18,199,12,7,136,89,46,164,4,84,122,25,23,77,57,186,170,176,72,154,49,62,95,182,139,135,191,48,50,56,92,147,67,32,38,61,165,193,28,44,125,91,88,70,71,162,20,188,144,184,8,157,78,128,101,185,76,80,100,30,134,27,2,97,58,151,175,6,1,117,113,169,142,137,158,54,120,3,11,149,107,55,14,13,111,52,148,83,129,24,150,103,105,69,159,40,116,140,99,106,194,180,178,192,109,66,145,102,110,171,0,85,104,17,53,155,146,63,31,183,65,16,190,10,130,5,39,195,43,187,179,96,141,98,114,64,79,42,119,132,75,163,133,81,153,166,189,33,35,36,22,112,93,19,87,121,51];False
3745;6569;10314;[198,29,90,41,127,60,177,47,26,161,115,152,131,59,197,123,74,37,94,118,124,168,34,108,174,196,167,15,156,21,73,82,172,86,181,68,9,45,138,126,143,160,173,18,199,12,7,136,89,46,164,4,84,122,25,23,77,57,186,170,176,72,154,49,62,95,182,139,135,191,48,50,56,92,147,67,32,61,38,165,193,28,44,125,91,88,70,71,162,20,188,144,184,8,157,78,128,101,185,76,80,100,30,134,27,2,97,58,151,175,6,1,117,113,169,142,163,158,54,120,3,11,149,107,55,14,13,111,52,148,83,129,24,150,103,105,69,159,40,116,140,99,106,194,180,178,192,109,66,145,102,110,171,0,85,104,17,53,155,146,63,31,183,65,16,190,10,130,5,39,195,43,187,179,96,141,98,114,64,79,42,119,132,75,137,133,81,153,166,189,33,35,36,22,112,93,19,87,121,51];False
3427;6641;10068;[198,29,90,41,127,60,42,47,26,161,115,152,131,59,197,123,74,37,94,118,124,168,34,108,174,196,167,15,156,21,73,82,172,86,181,68,9,45,138,126,143,160,173,18,199,12,7,136,89,46,164,4,84,122,25,23,77,57,186,170,176,72,154,49,62,95,182,139,135,191,48,50,56,92,147,67,32,61,38,165,193,28,44,16,91,88,70,71,162,20,188,144,184,8,157,78,128,101,185,76,80,100,30,134,27,195,97,58,151,175,6,1,117,2,169,142,137,158,54,120,3,11,149,107,55,14,13,111,52,148,83,129,24,150,103,105,69,159,40,116,140,99,106,194,180,178,192,10,66,145,102,110,171,0,85,104,17,53,155,146,63,31,183,65,125,190,109,130,5,39,113,43,187,179,96,141,98,114,64,79,177,119,132,75,163,133,81,153,166,189,33,35,36,22,112,93,19,87,121,51];False
3443;6640;10083;[198,29,90,41,127,60,177,47,26,161,115,152,131,122,197,123,74,37,94,118,124,168,34,108,174,196,167,15,156,21,73,82,172,86,181,68,9,45,138,126,143,160,173,18,199,12,7,136,89,46,164,4,84,59,25,23,77,57,186,170,176,72,154,49,62,95,182,139,135,191,48,50,56,92,147,67,32,61,38,165,193,28,44,16,91,88,70,71,162,20,188,144,184,8,157,78,128,101,185,76,80,100,30,134,27,195,97,58,151,175,6,1,117,2,169,142,137,158,54,120,3,11,149,107,55,14,13,111,52,148,83,129,24,150,103,105,69,159,40,116,140,99,106,194,180,178,192,10,66,145,102,110,171,0,85,104,17,53,155,146,63,31,183,65,125,190,109,130,5,39,113,43,187,179,96,141,98,114,64,79,42,119,132,75,163,133,81,153,166,189,33,35,36,22,112,93,19,87,121,51];False
3477;6626;10103;[198,29,90,41,127,60,177,47,26,161,115,152,131,59,197,123,74,37,94,118,124,168,34,108,174,196,167,15,156,21,73,82,172,86,181,68,9,45,138,126,143,160,173,18,199,12,7,136,89,46,164,4,84,122,25,23,77,57,186,170,176,72,154,49,62,95,182,139,135,191,48,50,56,92,147,67,32,61,38,165,193,28,44,16,91,88,70,71,162,20,188,144,184,8,157,78,128,101,185,76,80,100,30,134,27,195,97,58,151,175,6,1,117,2,169,142,163,158,54,120,3,11,149,107,55,14,13,111,52,148,83,129,24,150,103,105,69,159,40,116,140,99,106,194,180,178,192,10,66,145,102,110,171,0,85,104,17,53,155,146,63,31,183,65,125,190,109,130,5,39,113,43,187,179,96,141,98,114,64,79,42,119,132,75,137,133,81,153,166,189,33,35,36,22,112,93,19,87,121,51];False
3360;6666;10026;[198,29,90,41,127,60,177,47,26,161,115,152,131,59,197,123,74,37,94,118,124,168,34,108,174,196,167,15,156,21,73,82,172,86,181,68,9,45,138,126,143,160,173,18,199,12,7,136,89,46,164,4,84,122,25,23,77,57,186,170,176,72,154,49,62,95,182,139,135,191,48,50,56,92,147,67,32,61,38,165,193,28,44,16,91,88,70,71,162,20,188,144,184,8,157,78,128,101,185,76,80,100,30,134,27,195,97,58,151,175,6,1,117,2,169,142,137,158,54,120,3,11,149,107,55,14,13,111,112,148,83,129,24,150,103,105,69,159,40,116,140,99,106,194,180,178,192,10,66,145,102,110,171,0,85,104,17,53,155,146,63,31,183,65,125,190,109,130,5,39,113,43,187,179,96,141,98,114,64,79,42,119,132,75,163,133,81,153,166,189,33,35,36,22,52,93,19,87,121,51];False
3383;6655;10038;[198,29,90,41,127,60,177,47,26,161,115,152,131,59,197,123,74,37,94,118,124,168,34,108,174,196,167,15,156,21,73,82,172,86,181,68,9,45,138,126,143,160,173,18,199,12,7,136,89,46,164,4,84,122,25,23,77,57,186,170,176,72,154,49,62,95,182,139,135,191,48,50,56,92,147,67,32,61,38,165,193,28,44,16,91,88,70,71,162,20,188,144,184,8,157,78,128,101,185,76,80,100,30,134,27,195,97,58,151,175,6,1,117,2,169,142,137,158,54,120,3,11,149,107,55,14,13,111,52,148,83,129,24,150,103,140,69,159,40,116,105,99,106,194,180,178,192,10,66,145,102,110,171,0,85,104,17,53,155,146,63,31,183,65,125,190,109,130,5,39,113,43,187,179,96,141,98,114,64,79,42,119,132,75,163,133,81,153,166,189,33,35,36,22,112,93,19,87,121,51];False
3428;6640;10068;[198,29,90,41,127,60,177,47,26,161,115,152,131,59,197,123,74,37,94,118,124,168,34,108,174,196,167,15,156,21,73,82,172,86,181,68,9,45,138,126,143,160,173,18,199,12,7,136,89,46,164,4,84,122,25,23,77,57,186,170,176,72,154,49,62,95,182,139,135,191,48,50,56,92,147,67,32,61,38,165,193,28,44,16,91,88,70,71,162,20,188,144,184,8,157,78,128,101,185,76,80,100,30,134,27,195,97,58,151,175,6,1,117,2,169,142,137,158,54,120,3,11,149,107,55,14,13,111,52,148,83,129,24,150,103,105,69,159,40,104,140,99,106,194,180,178,192,10,66,145,102,110,171,0,85,116,17,53,155,146,63,31,183,65,125,190,109,130,5,39,113,43,187,179,96,141,98,114,64,79,42,119,132,75,163,133,81,153,166,189,33,35,36,22,112,93,19,87,121,51];False
3428;6638;10066;[198,29,90,41,127,60,177,47,26,161,115,152,131,59,197,123,74,37,94,118,124,168,34,108,174,196,167,15,156,21,73,82,172,86,181,68,9,45,138,126,143,160,173,18,199,12,7,136,89,46,164,4,84,122,25,23,77,57,186,170,176,72,154,49,62,95,182,139,135,191,48,50,56,92,147,67,32,61,38,165,193,28,44,16,91,88,70,71,162,20,188,144,184,8,157,78,128,101,185,76,80,100,30,134,27,195,97,58,151,175,6,1,117,2,169,142,137,158,54,120,3,11,149,107,55,14,13,111,52,148,83,129,24,150,103,105,69,159,40,116,104,99,106,194,180,178,192,10,66,145,102,110,171,0,85,140,17,53,155,146,63,31,183,65,125,190,109,130,5,39,113,43,187,179,96,141,98,114,64,79,42,119,132,75,163,133,81,153,166,189,33,35,36,22,112,93,19,87,121,51];False
3507;6617;10124;[198,29,90,41,127,60,177,47,26,161,115,152,131,59,197,123,74,37,94,118,124,168,34,108,174,196,167,15,156,21,73,82,172,86,181,68,9,45,138,126,143,160,173,18,199,12,7,136,89,46,164,4,84,122,25,23,77,57,186,170,176,72,154,49,62,95,182,139,135,191,48,50,56,92,147,67,32,61,38,165,193,28,44,16,91,88,70,71,162,20,188,144,184,8,157,78,128,101,185,76,80,100,30,134,27,195,97,58,151,175,6,1,117,2,169,142,137,158,54,120,3,11,149,107,55,14,13,111,52,148,83,129,24,150,103,105,69,159,40,116,140,99,106,194,180,178,192,109,66,145,102,110,171,0,85,104,17,53,155,146,63,31,183,65,125,190,10,130,5,39,113,43,187,179,96,141,98,114,64,79,42,119,132,75,163,133,81,153,166,189,33,35,36,22,112,93,19,87,121,51];False
3379;6664;10043;[198,29,90,41,127,60,177,47,26,161,115,152,131,59,197,123,74,37,94,118,124,168,34,108,174,196,167,15,156,21,73,82,172,86,181,68,9,45,138,126,143,160,173,18,199,12,7,136,89,46,164,4,84,122,25,23,77,57,186,170,176,72,154,49,62,95,182,139,135,191,48,50,56,92,147,67,32,61,38,165,193,28,44,16,91,88,70,71,162,20,188,144,184,8,157,78,128,101,110,76,80,100,30,134,27,2,97,58,151,175,6,1,117,195,169,142,137,158,54,120,3,11,149,107,55,14,13,111,52,148,83,129,24,150,103,140,69,159,40,116,105,99,106,194,180,178,192,10,66,145,102,185,171,0,85,104,17,53,155,146,63,31,183,65,125,190,109,130,5,39,113,43,187,179,96,141,98,114,64,79,42,119,132,75,163,133,81,153,166,189,33,35,36,22,112,93,19,87,121,51];False
3439;6635;10074;[198,29,90,41,127,60,177,47,26,161,115,152,131,59,197,123,74,37,94,118,124,168,17,108,174,196,167,15,156,21,73,82,172,86,181,68,9,45,138,126,143,160,173,18,199,12,7,136,89,46,164,4,84,122,25,23,77,57,186,170,176,72,154,49,62,95,182,139,135,191,48,50,56,92,147,67,32,61,38,165,193,28,44,16,91,88,70,71,162,20,188,144,184,8,157,78,128,101,185,76,80,100,30,134,27,2,97,58,151,175,6,1,117,195,169,142,137,158,54,120,3,11,149,107,55,14,13,111,52,148,83,129,24,150,103,105,69,159,40,116,104,99,106,194,180,178,192,10,66,145,102,110,171,0,85,140,34,53,155,146,63,31,183,65,125,190,109,130,5,39,113,43,187,179,96,141,98,114,64,79,42,119,132,75,163,133,81,153,166,189,33,35,36,22,112,93,19,87,121,51];False
3487;6624;10111;[198,29,90,41,127,60,177,47,26,161,115,152,131,59,197,123,74,37,94,118,124,168,34,108,174,196,167,15,156,21,73,82,172,86,181,68,9,45,138,126,143,160,173,18,199,12,7,136,89,46,164,4,84,122,25,23,77,57,186,170,176,72,154,49,62,95,182,139,135,191,48,50,56,92,147,67,32,61,38,165,193,28,44,16,91,88,70,71,162,20,188,144,184,8,157,78,128,101,185,76,80,100,30,134,27,2,97,58,151,175,6,1,117,195,169,142,163,158,54,120,3,11,149,107,55,14,13,111,52,148,83,129,24,150,103,105,69,159,40,116,104,99,106,194,180,178,192,10,66,145,102,110,171,0,85,140,17,53,155,146,63,31,183,65,125,190,109,130,5,39,113,43,187,179,96,141,98,114,64,79,42,119,132,75,137,133,81,153,166,189,33,35,36,22,112,93,19,87,121,51];False
3370;6664;10034;[198,29,90,41,127,60,177,47,26,161,115,152,131,59,197,123,74,37,94,118,124,168,34,108,174,196,167,15,156,21,73,82,172,86,181,68,9,45,138,126,143,160,173,18,199,12,7,136,89,46,164,4,84,122,25,23,77,57,186,170,176,72,154,49,62,95,182,139,135,191,48,50,56,92,147,67,32,61,38,165,193,28,44,16,91,88,70,71,162,20,188,144,184,8,157,78,128,101,185,76,80,100,30,134,27,2,97,58,151,175,6,1,117,195,169,142,137,158,54,120,3,11,149,107,55,14,13,111,112,148,83,129,24,150,103,105,69,159,40,116,104,99,106,194,180,178,192,10,66,145,102,110,171,0,85,140,17,53,155,146,63,31,183,65,125,190,109,130,5,39,113,43,187,179,96,141,98,114,64,79,42,119,132,75,163,133,81,153,166,189,33,35,36,22,52,93,19,87,121,51];False
3517;6615;10132;[198,29,90,41,127,60,177,47,26,161,115,152,131,59,197,123,74,37,94,118,124,168,34,108,174,196,167,15,156,21,73,82,172,86,181,68,9,45,138,126,143,160,173,18,199,12,7,136,89,46,164,4,84,122,25,23,77,57,186,170,176,72,154,49,62,95,182,139,135,191,48,50,56,92,147,67,32,61,38,165,193,28,44,16,91,88,70,71,162,20,188,144,184,8,157,78,128,101,185,76,80,100,30,134,27,2,97,58,151,175,6,1,117,195,169,142,137,158,54,120,3,11,149,107,55,14,13,111,52,148,83,129,24,150,103,105,69,159,40,116,104,99,106,194,180,178,192,109,66,145,102,110,171,0,85,140,17,53,155,146,63,31,183,65,125,190,10,130,5,39,113,43,187,179,96,141,98,114,64,79,42,119,132,75,163,133,81,153,166,189,33,35,36,22,112,93,19,87,121,51];False
3566;6603;10169;[198,29,90,41,127,60,177,47,26,161,115,152,131,59,197,123,74,37,94,118,124,168,34,108,174,196,167,15,156,21,73,82,172,86,181,68,9,45,138,126,143,160,173,18,199,12,7,136,89,46,164,4,84,122,25,23,77,57,186,170,176,72,154,49,62,95,182,139,135,191,48,50,56,92,147,67,32,61,38,165,193,28,44,16,91,88,70,71,162,20,188,144,184,8,157,78,128,101,185,76,80,100,30,134,27,2,97,58,151,175,6,1,117,195,169,142,163,158,54,120,3,11,149,107,55,14,13,111,52,148,83,129,24,150,103,105,69,159,40,116,140,99,106,194,180,178,192,109,66,145,102,110,171,0,85,104,17,53,155,146,63,31,183,65,125,190,10,130,5,39,113,43,187,179,96,141,98,114,64,79,42,119,132,75,137,133,81,153,166,189,33,35,36,22,112,93,19,87,121,51];False
3599;6597;10196;[198,29,90,41,127,60,177,47,26,161,115,152,131,59,197,123,74,37,94,118,124,168,34,108,174,196,167,15,156,21,73,82,172,86,181,68,9,45,138,126,143,160,173,18,199,12,7,136,89,46,164,4,84,122,25,23,77,57,186,170,176,72,154,49,62,95,182,139,135,191,48,50,56,92,147,67,32,61,38,165,193,28,44,125,91,88,70,71,162,20,188,144,184,8,157,78,128,101,185,76,80,100,30,134,27,195,97,58,151,175,6,1,117,2,169,142,163,158,54,120,3,11,149,107,55,14,13,111,52,148,83,129,24,150,103,105,69,159,40,116,140,99,106,194,180,178,192,109,66,145,102,110,171,0,85,104,17,53,155,146,63,31,183,65,16,190,10,130,5,39,113,43,187,179,96,141,98,114,64,79,42,119,132,75,137,133,81,153,166,189,33,35,36,22,112,93,19,87,121,51];False
3609;6595;10204;[198,29,90,41,127,60,177,47,26,161,115,152,131,59,197,123,74,37,94,118,124,168,34,108,174,196,167,15,156,21,73,82,172,86,181,68,9,45,138,126,143,160,173,18,199,12,7,136,89,46,164,4,84,122,25,23,77,57,186,170,176,72,154,49,62,95,182,139,135,191,48,50,56,92,147,67,32,61,38,165,193,28,44,125,91,88,70,71,162,20,188,144,184,8,157,78,128,101,185,76,80,100,30,134,27,2,97,58,151,175,6,1,117,195,169,142,163,158,54,120,3,11,149,107,55,14,13,111,52,148,83,129,24,150,103,105,69,159,40,116,104,99,106,194,180,178,192,109,66,145,102,110,171,0,85,140,17,53,155,146,63,31,183,65,16,190,10,130,5,39,113,43,187,179,96,141,98,114,64,79,42,119,132,75,137,133,81,153,166,189,33,35,36,22,112,93,19,87,121,51];False
3799;6561;10360;[198,29,90,41,187,60,177,47,26,161,115,152,131,59,197,123,74,37,94,118,124,168,34,108,174,196,167,15,156,21,73,82,172,86,181,68,9,45,138,126,143,160,173,18,199,12,7,136,89,46,164,4,84,122,25,23,77,57,186,170,176,72,154,49,62,95,182,139,135,191,48,50,56,92,147,67,32,61,38,165,193,28,44,125,91,88,70,71,162,20,188,144,184,8,157,78,128,101,185,76,80,100,30,134,27,2,97,58,151,175,6,1,117,195,169,142,163,158,54,120,3,11,149,107,55,14,13,111,52,148,83,129,24,150,103,105,69,159,40,116,140,99,106,194,180,178,192,109,66,145,102,110,171,0,85,104,17,53,155,146,63,31,183,65,16,190,10,130,5,39,113,43,127,179,96,141,98,114,64,79,42,119,132,75,137,133,81,153,166,189,33,35,36,22,112,93,19,87,121,51];False
3687;6582;10269;[198,29,90,41,127,60,177,47,26,161,115,152,131,59,197,123,74,37,94,118,124,168,34,108,174,196,167,15,156,21,73,82,172,86,181,68,9,45,138,126,143,160,173,18,199,12,7,136,89,46,164,4,84,122,25,23,77,57,186,170,176,72,154,49,62,95,182,139,135,191,48,50,56,92,147,67,32,38,61,165,193,28,44,125,91,88,70,71,162,20,188,144,184,8,157,78,128,101,185,76,80,100,30,134,27,2,97,58,151,175,6,1,117,195,169,142,163,158,54,120,3,11,149,107,55,14,13,111,52,148,83,129,24,150,103,105,69,159,40,116,140,99,106,194,180,178,192,109,66,145,102,110,171,0,85,104,17,53,155,146,63,31,183,65,16,190,10,130,5,39,113,43,187,179,96,141,98,114,64,79,42,119,132,75,137,133,81,153,166,189,33,35,36,22,112,93,19,87,121,51];False
4927;6398;11325;[198,29,90,41,187,60,179,47,26,161,115,152,163,59,197,123,17,37,94,118,124,168,34,108,174,196,167,15,156,21,73,82,172,86,181,68,9,45,138,126,143,160,91,18,171,195,7,173,89,144,164,4,84,122,25,23,77,57,186,170,176,157,154,49,76,98,182,139,135,183,63,50,56,92,147,67,32,38,87,165,193,28,44,125,6,88,70,71,162,20,191,61,184,8,72,78,128,101,185,39,80,100,30,134,27,2,97,58,158,62,95,1,117,113,169,142,131,110,54,120,3,136,149,107,55,14,13,111,52,148,83,129,24,150,103,105,69,159,40,116,48,99,106,194,180,178,192,109,66,145,102,151,199,0,85,104,31,53,155,146,140,74,188,65,16,190,10,130,5,175,12,43,127,79,42,141,11,114,64,96,177,119,132,75,137,133,81,153,166,189,33,35,36,22,112,93,19,46,121,51];False
4775;6408;11183;[198,29,90,41,187,60,179,47,26,161,115,152,163,59,197,123,31,37,94,118,124,168,34,108,174,196,167,15,156,21,73,82,172,86,181,68,9,45,138,126,143,160,91,18,171,195,7,173,89,144,164,4,84,122,25,23,77,57,186,170,176,72,154,49,76,98,182,139,135,183,63,50,56,92,147,67,32,38,87,165,193,28,44,125,6,88,70,71,162,20,191,61,184,8,157,78,128,101,185,39,80,100,30,134,27,2,97,58,158,62,95,1,117,113,169,142,131,110,54,120,3,136,149,107,55,14,13,111,52,148,83,129,24,150,103,105,69,159,40,116,48,99,106,194,180,178,192,109,66,145,102,151,199,0,85,104,17,53,155,146,140,74,188,65,16,190,10,130,5,175,12,43,127,79,42,141,11,114,64,96,177,119,132,75,137,133,81,153,166,189,33,35,36,22,112,93,19,46,121,51];False
4905;6396;11301;[198,29,90,41,187,60,179,47,26,161,115,152,163,59,197,123,31,37,94,118,124,168,34,108,174,196,167,15,156,21,73,82,172,86,181,68,9,45,138,126,143,160,91,18,171,195,7,173,89,144,164,4,84,122,25,23,77,57,186,170,176,157,154,49,76,98,182,139,135,183,51,50,56,92,147,67,32,38,87,165,193,28,44,125,6,88,70,71,162,20,191,61,184,8,72,78,128,101,185,39,80,100,30,134,27,2,97,58,158,62,95,1,117,113,169,142,131,110,54,120,3,136,149,107,55,14,13,111,52,148,83,129,24,150,103,105,69,159,40,116,48,99,106,194,180,178,192,109,66,145,102,151,199,0,85,104,17,53,155,146,140,74,188,65,16,190,10,130,5,175,12,43,127,79,42,141,11,114,64,96,177,119,132,75,137,133,81,153,166,189,33,35,36,22,112,93,19,46,121,63];False
4951;6390;11341;[198,29,90,41,187,60,179,47,26,161,115,152,163,59,197,123,17,37,94,118,124,168,34,108,174,196,167,15,156,21,73,82,172,86,181,68,9,45,138,126,143,160,91,18,171,195,7,173,89,144,164,4,84,122,25,23,77,57,186,170,176,3,154,49,76,98,182,139,135,183,51,50,56,92,147,67,32,38,87,165,193,28,44,125,6,88,70,71,162,20,191,61,184,8,72,78,128,101,185,39,80,100,30,134,27,2,97,58,158,62,95,1,117,113,169,142,131,110,54,120,157,136,149,107,55,14,13,111,52,148,83,129,24,150,103,105,69,159,40,116,48,99,106,194,180,178,192,109,66,145,102,151,199,0,85,104,31,53,155,146,140,74,188,65,16,190,10,130,5,175,12,43,127,79,42,141,11,114,64,96,177,119,132,75,137,133,81,153,166,189,33,35,36,22,112,93,19,46,121,63];False
4854;6400;11254;[198,29,90,41,187,60,179,47,26,161,115,152,163,59,197,123,31,37,94,118,124,168,34,108,174,196,167,15,156,21,73,82,172,86,181,68,9,45,138,126,143,160,91,18,171,195,7,173,89,46,164,4,84,122,25,23,77,57,186,170,176,3,154,49,76,98,182,139,135,183,51,50,56,92,147,67,32,38,87,165,193,28,44,125,6,88,70,71,162,20,191,61,184,8,72,78,128,101,185,39,80,100,30,134,27,2,97,58,158,62,95,1,117,113,169,142,131,110,54,120,157,136,149,107,55,14,13,111,52,148,83,129,24,150,103,105,69,159,40,116,48,99,106,194,180,178,192,109,66,145,102,151,199,0,85,104,17,53,155,146,140,74,188,65,16,190,10,130,5,175,12,43,127,79,42,141,11,114,64,96,177,119,132,75,137,133,81,153,166,189,33,35,36,22,112,93,19,144,121,63];False
5025;6384;11409;[198,29,90,41,187,60,179,47,26,161,115,152,163,59,197,123,31,37,94,118,124,168,34,108,174,196,167,15,156,21,73,82,172,86,181,68,9,45,138,126,143,160,91,18,171,195,7,173,89,144,164,4,84,122,25,23,77,57,186,170,176,3,154,49,39,98,182,139,135,183,51,50,56,92,147,67,32,38,87,165,193,28,44,125,6,88,70,71,162,20,191,61,184,8,72,78,128,101,185,76,80,100,30,134,27,2,97,58,158,62,95,1,117,113,169,142,131,110,54,120,157,136,149,107,55,14,13,111,52,148,83,129,24,150,103,105,69,159,40,116,48,99,106,194,180,178,192,109,66,145,102,151,199,0,85,104,17,53,155,146,140,74,188,65,16,190,10,130,5,175,12,43,127,79,42,141,11,114,64,96,177,119,132,75,137,133,81,153,166,189,33,35,36,22,112,93,19,46,121,63];False
4900;6399;11299;[198,29,90,41,187,60,179,47,26,161,115,152,163,59,197,123,31,37,94,118,124,168,34,108,174,196,167,15,156,21,73,82,172,86,181,68,9,45,138,126,143,160,91,18,171,195,7,173,89,144,164,4,84,122,25,23,77,57,186,170,176,3,154,49,76,98,182,139,135,183,51,50,56,92,147,67,32,38,72,165,193,28,44,125,6,88,70,71,162,20,191,61,184,8,87,78,128,101,185,39,80,100,30,134,27,2,97,58,158,62,95,1,117,113,169,142,131,110,54,120,157,136,149,107,55,14,13,111,52,148,83,129,24,150,103,105,69,159,40,116,48,99,106,194,180,178,192,109,66,145,102,151,199,0,85,104,17,53,155,146,140,74,188,65,16,190,10,130,5,175,12,43,127,79,42,141,11,114,64,96,177,119,132,75,137,133,81,153,166,189,33,35,36,22,112,93,19,46,121,63];False
4903;6387;11290;[198,29,90,41,187,60,179,47,26,161,115,152,163,59,197,123,31,37,94,118,124,168,34,108,174,196,167,15,156,21,73,82,172,86,181,68,9,45,138,126,143,160,91,18,171,195,7,173,89,144,164,4,84,122,25,23,77,57,186,170,176,3,154,49,76,98,182,139,135,183,51,50,56,92,147,67,32,38,87,165,193,28,44,125,6,88,70,71,162,20,191,61,184,8,72,78,128,101,185,39,80,100,30,134,27,2,97,58,158,62,95,1,117,113,169,142,131,110,54,120,157,136,149,107,55,14,13,111,52,148,83,129,24,150,103,105,69,159,40,116,48,99,106,194,180,178,192,109,66,145,102,151,199,0,85,104,17,53,155,121,140,74,188,65,16,190,10,130,5,175,12,43,127,79,42,141,11,114,64,96,177,119,132,75,137,133,81,153,166,189,33,35,36,22,112,93,19,46,146,63];True
5249;6369;11618;[198,29,90,41,187,60,179,47,26,161,115,152,163,59,197,123,17,37,94,118,124,168,34,108,174,196,167,15,156,63,73,82,172,86,181,68,9,45,138,126,143,160,91,18,171,195,7,173,23,144,164,4,84,122,25,89,77,57,186,170,176,3,154,49,76,98,182,139,135,183,48,50,56,92,147,67,32,38,87,165,193,28,44,125,6,88,70,71,162,20,191,61,184,8,72,78,128,101,185,39,80,100,30,134,27,2,97,58,158,62,95,1,117,113,169,142,131,110,54,120,157,136,149,107,55,14,13,111,52,148,83,129,24,150,103,105,69,159,40,116,21,99,106,194,180,178,192,109,66,145,102,151,199,0,85,104,31,53,155,146,140,74,188,65,16,190,10,130,5,175,12,43,127,79,42,141,11,114,64,96,177,119,132,75,137,133,81,153,166,189,33,35,36,22,112,93,19,46,121,51];False
5323;6363;11686;[198,29,90,41,187,60,179,47,26,161,115,152,163,59,197,123,31,37,94,118,124,168,34,108,174,196,167,15,156,63,73,82,172,86,181,68,9,45,138,126,143,160,91,18,171,195,7,173,23,144,164,4,84,122,25,89,77,57,186,170,176,3,154,49,39,98,182,139,135,183,48,50,56,92,147,67,32,38,87,165,193,28,44,125,6,88,70,71,162,20,191,61,184,8,72,78,128,101,185,76,80,100,30,134,27,2,97,58,158,62,95,1,117,113,169,142,131,110,54,120,157,136,149,107,55,14,13,111,52,148,83,129,24,150,103,105,69,159,40,116,21,99,106,194,180,178,192,109,66,145,102,151,199,0,85,104,17,53,155,146,140,74,188,65,16,190,10,130,5,175,12,43,127,79,42,141,11,114,64,96,177,119,132,75,137,133,81,153,166,189,33,35,36,22,112,93,19,46,121,51];False
5210;6371;11581;[198,29,90,41,187,60,179,47,26,161,115,152,163,59,197,123,17,37,94,118,124,168,34,108,174,196,167,15,156,63,73,82,172,86,181,68,9,45,138,126,143,160,91,18,171,195,7,173,89,144,164,4,84,122,25,23,77,57,186,170,176,3,154,49,39,98,182,139,135,183,48,50,56,92,147,67,32,38,87,165,193,28,44,125,6,88,70,71,162,20,191,61,184,8,72,78,128,101,185,76,80,100,30,134,27,2,97,58,158,62,95,1,117,113,169,142,131,110,54,120,157,136,149,107,55,14,13,111,52,148,83,129,24,150,103,105,69,159,40,116,21,99,106,194,180,178,192,109,66,145,102,151,199,0,85,104,31,53,155,146,140,74,188,65,16,190,10,130,5,175,12,43,127,79,42,141,11,114,64,96,177,119,132,75,137,133,81,153,166,189,33,35,36,22,112,93,19,46,121,51];False
5087;6378;11465;[198,29,90,41,187,60,179,47,26,161,115,152,163,59,197,123,106,37,94,118,124,168,34,108,174,196,167,15,156,21,73,82,172,86,181,68,9,45,138,126,143,160,91,18,171,195,7,173,89,144,164,4,84,122,25,23,77,57,186,170,176,3,154,49,39,98,182,139,135,183,48,50,56,92,147,67,32,38,87,165,193,28,44,125,6,88,70,71,162,20,191,61,184,8,72,78,128,101,185,76,80,100,30,134,27,2,97,58,158,62,95,1,117,113,169,142,131,110,54,120,157,136,149,107,55,14,13,111,52,148,83,129,24,150,103,105,69,159,40,116,99,63,31,194,180,178,192,109,66,145,102,151,199,0,85,104,17,53,155,146,140,74,188,65,16,190,10,130,5,175,12,43,127,79,42,141,11,114,64,96,177,119,132,75,137,133,81,153,166,189,33,35,36,22,112,93,19,46,121,51];False
5183;6372;11555;[198,29,90,41,187,60,179,47,26,161,115,152,163,59,197,123,17,37,94,118,124,168,34,108,174,196,167,15,156,21,73,82,172,86,181,68,9,45,138,126,143,160,91,18,171,195,7,173,23,144,164,4,84,122,25,89,77,57,186,170,176,3,154,49,76,98,182,139,135,183,48,50,56,92,147,67,32,38,87,165,193,28,44,125,6,88,70,71,162,20,191,61,184,8,72,78,128,101,185,39,80,100,30,134,27,2,97,58,158,62,95,1,117,113,169,142,131,110,54,120,157,136,149,107,55,14,13,111,52,148,83,129,24,150,103,105,69,159,40,116,99,63,106,194,180,178,192,109,66,145,102,151,199,0,85,104,31,53,155,146,140,74,188,65,16,190,10,130,5,175,12,43,127,79,42,141,11,114,64,96,177,119,132,75,137,133,81,153,166,189,33,35,36,22,112,93,19,46,121,51];False
5144;6374;11518;[198,29,90,41,187,60,179,47,26,161,115,152,163,59,197,123,17,37,94,118,124,168,34,108,174,196,167,15,156,21,73,82,172,86,181,68,9,45,138,126,143,160,91,18,171,195,7,173,89,144,164,4,84,122,25,23,77,57,186,170,176,3,154,49,39,98,182,139,135,183,48,50,56,92,147,67,32,38,87,165,193,28,44,125,6,88,70,71,162,20,191,61,184,8,72,78,128,101,185,76,80,100,30,134,27,2,97,58,158,62,95,1,117,113,169,142,131,110,54,120,157,136,149,107,55,14,13,111,52,148,83,129,24,150,103,105,69,159,40,116,99,63,106,194,180,178,192,109,66,145,102,151,199,0,85,104,31,53,155,146,140,74,188,65,16,190,10,130,5,175,12,43,127,79,42,141,11,114,64,96,177,119,132,75,137,133,81,153,166,189,33,35,36,22,112,93,19,46,121,51];False
5257;6366;11623;[198,29,90,41,187,60,179,47,26,161,115,152,163,59,197,123,31,37,94,118,124,168,34,108,174,196,167,15,156,21,73,82,172,86,181,68,9,45,138,126,143,160,91,18,171,195,7,173,23,144,164,4,84,122,25,89,77,57,186,170,176,3,154,49,39,98,182,139,135,183,48,50,56,92,147,67,32,38,87,165,193,28,44,125,6,88,70,71,162,20,191,61,184,8,72,78,128,101,185,76,80,100,30,134,27,2,97,58,158,62,95,1,117,113,169,142,131,110,54,120,157,136,149,107,55,14,13,111,52,148,83,129,24,150,103,105,69,159,40,116,99,63,106,194,180,178,192,109,66,145,102,151,199,0,85,104,17,53,155,146,140,74,188,65,16,190,10,130,5,175,12,43,127,79,42,141,11,114,64,96,177,119,132,75,137,133,81,153,166,189,33,35,36,22,112,93,19,46,121,51];False
5240;6369;11609;[198,29,90,41,187,60,179,47,26,161,115,152,163,59,197,123,31,37,94,118,124,168,34,108,174,196,167,15,156,21,73,82,172,86,181,68,9,45,138,126,143,160,91,18,171,195,7,173,23,144,164,4,84,122,25,89,77,57,186,170,176,3,154,49,76,98,182,139,135,183,48,50,56,92,147,67,32,38,87,165,193,28,44,125,6,88,70,71,162,20,191,61,184,8,72,78,128,101,185,39,80,131,30,134,27,2,97,58,158,62,95,1,117,113,169,142,100,110,54,120,157,136,149,107,55,14,13,111,52,148,83,129,24,150,103,105,69,159,40,116,99,63,106,194,180,178,192,109,66,145,102,151,199,0,85,104,17,53,155,146,140,74,188,65,16,190,10,130,5,175,12,43,127,79,42,141,11,114,64,96,177,119,132,75,137,133,81,153,166,189,33,35,36,22,112,93,19,46,121,51];False
5239;6369;11608;[198,29,90,41,187,60,179,47,26,161,115,152,163,59,197,123,31,37,94,118,124,168,34,108,174,196,167,15,156,21,73,82,172,86,181,68,9,45,138,126,143,160,91,18,171,12,7,173,89,144,164,4,84,122,25,23,77,57,186,170,176,3,154,49,39,98,182,139,135,183,48,50,56,92,147,67,32,38,87,165,193,28,44,125,6,88,70,71,162,20,191,61,184,8,72,78,128,101,185,76,80,100,30,134,27,2,97,58,158,62,95,1,117,113,169,142,131,110,54,120,157,136,149,107,55,14,13,111,52,148,83,129,24,150,103,105,69,159,40,116,99,63,106,194,180,178,192,109,66,145,102,151,199,0,85,104,17,53,155,146,140,74,188,65,16,190,10,130,5,175,195,43,127,79,42,141,11,114,64,96,177,119,132,75,137,133,81,153,166,189,33,35,36,22,112,93,19,46,121,51];False
5084;6380;11464;[198,29,90,41,187,60,179,47,26,161,115,152,163,59,197,123,31,37,94,118,124,168,34,108,174,196,167,15,156,21,73,82,172,86,181,68,9,45,138,126,143,160,91,18,171,195,7,173,89,144,164,4,84,122,25,23,77,57,186,170,176,3,154,49,39,95,182,139,135,183,48,50,56,92,147,67,32,38,87,165,193,28,44,125,6,88,70,71,162,20,191,61,184,8,72,78,128,101,185,76,80,100,30,134,27,2,97,58,158,62,98,1,117,113,169,142,131,110,54,120,157,136,149,107,55,14,13,111,52,148,83,129,24,150,103,105,69,159,40,116,99,63,106,194,180,178,192,109,66,145,102,151,199,0,85,104,17,53,155,146,140,74,188,65,16,190,10,130,5,175,12,43,127,79,42,141,11,114,64,96,177,119,132,75,137,133,81,153,166,189,33,35,36,22,112,93,19,46,121,51];False
5201;6371;11572;[198,29,90,41,187,60,179,47,26,161,115,152,163,59,197,123,31,37,94,118,124,168,34,108,174,196,167,15,156,21,73,82,172,86,181,68,9,45,138,126,143,160,91,18,171,195,7,173,89,144,164,4,84,122,25,23,77,57,186,170,176,3,154,49,39,98,182,139,135,183,48,50,56,92,147,67,32,38,87,165,193,28,44,125,6,88,70,71,162,20,191,61,184,8,72,78,128,101,185,76,80,131,30,134,27,2,97,58,158,62,95,1,117,113,169,142,100,110,54,120,157,136,149,107,55,14,13,111,52,148,83,129,24,150,103,105,69,159,40,116,99,63,106,194,180,178,192,109,66,145,102,151,199,0,85,104,17,53,155,146,140,74,188,65,16,190,10,130,5,175,12,43,127,79,42,141,11,114,64,96,177,119,132,75,137,133,81,153,166,189,33,35,36,22,112,93,19,46,121,51];False
5224;6370;11594;[198,29,90,41,187,60,179,47,26,161,115,152,163,59,197,123,31,37,94,118,124,168,34,108,174,196,167,15,156,21,73,82,172,86,181,68,9,45,138,126,143,160,91,18,171,195,7,173,89,144,164,4,84,122,25,23,77,57,186,170,176,3,154,49,39,98,182,139,135,183,48,50,56,92,147,67,32,38,87,165,193,28,44,125,6,88,70,71,162,20,191,61,184,8,72,78,128,101,185,76,80,100,30,134,27,2,97,58,158,62,95,1,117,113,169,142,131,110,54,120,157,136,149,107,55,14,13,111,52,148,83,129,189,150,103,105,69,159,40,116,99,63,106,194,180,178,192,109,66,145,102,151,199,0,85,104,17,53,155,146,140,74,188,65,16,190,10,130,5,175,12,43,127,79,42,141,11,114,64,96,177,119,132,75,137,133,81,153,166,24,33,35,36,22,112,93,19,46,121,51];False
5255;6367;11622;[198,29,90,41,187,60,179,47,26,161,115,152,163,59,197,123,31,37,94,118,124,168,34,108,174,196,167,15,156,21,73,82,172,86,181,68,9,45,138,126,143,160,91,18,171,195,7,173,89,144,164,4,84,122,25,23,77,57,186,170,176,3,154,49,39,98,182,139,135,183,48,50,56,92,147,67,32,38,87,165,193,28,44,125,6,88,70,71,162,20,191,61,184,8,72,78,128,101,185,76,80,100,30,134,27,2,97,58,158,62,95,1,117,113,169,142,131,110,54,120,157,136,149,107,55,14,13,111,52,148,83,129,24,150,103,105,69,159,40,116,99,63,106,194,180,178,192,109,66,145,102,151,199,0,85,104,17,53,51,146,140,74,188,65,16,190,10,130,5,175,12,43,127,79,42,141,11,114,64,96,177,119,132,75,137,133,81,153,166,189,33,35,36,22,112,93,19,46,121,155];False
4564;6435;10999;[198,29,90,41,187,60,179,47,26,161,115,152,172,59,197,123,74,37,94,118,124,168,34,108,174,196,167,15,156,21,73,82,137,86,181,68,9,45,138,126,143,160,91,18,171,195,7,173,89,144,164,4,84,122,25,23,77,57,186,170,176,72,154,49,133,11,182,139,135,191,48,50,56,92,147,67,32,38,87,165,193,28,44,125,6,88,70,71,162,20,188,61,184,8,157,78,128,101,185,76,80,100,30,134,27,2,97,58,158,62,95,1,117,113,169,142,131,110,54,120,3,136,149,107,55,14,13,111,52,148,83,129,24,150,103,105,69,159,40,116,140,99,106,194,180,178,192,109,66,145,102,151,199,0,85,104,17,53,155,146,63,31,183,65,16,190,10,130,5,175,12,43,127,79,42,141,98,114,64,96,177,119,132,75,163,39,81,153,166,189,33,35,36,22,112,93,19,46,121,51];False
4128;6505;10633;[198,29,90,41,187,79,179,47,26,161,115,152,172,59,197,123,74,37,94,118,124,168,34,108,174,196,167,15,156,21,73,82,137,86,181,68,9,45,138,126,143,160,91,18,171,195,7,173,89,46,164,4,84,122,25,23,77,57,186,170,176,72,154,49,76,11,182,139,135,191,48,50,56,92,147,67,32,61,38,165,193,28,44,125,6,88,70,71,162,20,188,144,184,8,157,78,128,101,185,39,80,100,30,134,27,2,97,58,158,62,95,1,117,113,169,142,131,110,54,120,3,136,149,107,55,14,13,111,52,148,83,129,24,150,103,105,69,159,40,116,140,99,106,194,180,178,192,109,66,145,102,151,199,0,85,104,17,53,155,146,63,31,183,65,16,190,10,130,5,175,12,43,127,60,42,177,98,114,64,96,141,119,132,75,163,133,81,153,166,189,33,35,36,22,112,93,19,87,121,51];False
4156;6497;10653;[198,29,90,41,187,60,42,47,26,161,115,152,172,59,197,123,74,37,94,118,124,168,34,108,174,196,167,15,156,21,73,82,137,86,181,68,9,45,138,126,143,160,91,18,171,195,7,173,89,46,164,4,84,122,25,23,77,57,186,170,176,72,154,49,76,11,182,139,135,191,48,50,56,92,147,67,32,61,38,165,193,28,44,125,6,88,70,71,162,20,188,144,184,8,157,78,128,101,185,39,80,100,30,134,27,2,97,58,158,62,95,1,117,113,169,142,131,110,54,120,3,136,149,107,55,14,13,111,52,148,83,129,24,150,103,105,69,159,40,116,140,99,106,194,180,178,192,109,66,145,102,151,199,0,85,104,17,53,155,146,63,31,183,65,16,190,10,130,5,175,12,43,127,79,179,177,98,114,64,96,141,119,132,75,163,133,81,153,166,189,33,35,36,22,112,93,19,87,121,51];False
4246;6482;10728;[198,29,90,41,187,60,179,47,26,161,115,152,172,59,197,123,74,37,94,118,124,168,34,108,174,196,167,15,156,21,73,82,137,86,181,68,9,45,138,126,143,160,91,18,171,195,7,173,89,46,164,4,84,122,25,23,77,57,186,170,176,72,154,49,39,11,182,139,135,191,48,50,56,92,147,67,32,61,38,165,193,28,44,125,6,88,70,71,162,20,188,144,184,8,157,78,128,101,185,76,80,100,30,134,27,2,97,58,158,62,95,1,117,113,169,142,131,110,54,120,3,136,149,107,55,14,13,111,52,148,83,129,24,150,103,105,69,159,40,116,140,99,106,194,180,178,192,109,66,145,102,151,199,0,85,104,17,53,155,146,63,31,183,65,16,190,10,130,5,175,12,43,127,79,42,177,98,114,64,96,141,119,132,75,163,133,81,153,166,189,33,35,36,22,112,93,19,87,121,51];True
4238;6484;10722;[198,29,90,41,187,60,179,47,26,161,115,152,172,59,197,123,74,37,94,118,124,168,34,108,174,196,167,15,156,21,73,82,137,86,181,68,9,45,138,126,143,160,91,18,171,195,7,173,89,46,164,4,84,122,25,23,77,57,186,170,176,72,154,49,76,11,182,139,135,191,48,50,56,92,147,67,32,61,19,165,193,28,44,125,6,88,70,71,162,20,188,144,184,8,157,78,128,101,185,39,80,100,30,134,27,2,97,58,158,62,95,1,117,113,169,142,131,110,54,120,3,136,149,107,55,14,13,111,52,148,83,129,24,150,103,105,69,159,40,116,140,99,106,194,180,178,192,109,66,145,102,151,199,0,85,104,17,53,155,146,63,31,183,65,16,190,10,130,5,175,12,43,127,79,42,177,98,114,64,96,141,119,132,75,163,133,81,153,166,189,33,35,36,22,112,93,38,87,121,51];False
4268;6481;10749;[198,29,90,41,187,60,179,47,26,161,115,152,172,59,197,123,74,37,94,118,124,168,17,108,174,196,167,15,156,21,73,82,137,86,181,68,9,45,138,126,143,160,91,18,171,195,7,173,89,46,164,4,84,122,25,23,77,57,186,170,176,72,154,49,76,98,182,139,135,191,48,50,56,92,147,67,32,61,19,165,193,28,44,125,6,88,70,71,162,20,188,144,184,8,157,78,128,101,185,39,80,100,30,134,27,2,97,58,158,62,95,1,117,113,169,142,131,110,54,120,3,136,149,107,55,14,13,111,52,148,83,129,24,150,103,105,69,159,40,116,104,99,106,194,180,178,192,109,66,145,102,151,199,0,85,140,34,53,155,146,63,31,183,65,16,190,10,130,5,175,12,43,127,79,42,141,11,114,64,96,177,119,132,75,163,133,81,153,166,189,33,35,36,22,112,93,38,87,121,51];False
3528;6613;10141;[198,29,90,41,127,60,177,47,26,161,115,152,131,54,197,123,74,37,94,118,124,168,34,108,174,196,167,15,156,21,73,82,172,86,181,68,9,45,138,126,143,160,173,18,199,12,7,136,89,46,164,4,84,122,25,23,77,57,186,170,176,72,154,49,59,11,182,139,135,191,48,50,56,92,147,67,32,61,38,165,193,28,44,16,91,88,70,71,162,20,188,144,184,8,157,78,128,101,185,76,80,100,30,134,27,2,97,58,151,175,6,1,117,195,169,142,137,158,62,120,3,95,149,107,55,14,13,111,52,148,83,129,24,150,103,105,69,159,40,116,140,99,106,194,180,178,192,10,66,145,102,110,171,0,85,104,17,53,155,146,63,31,183,65,125,190,109,130,5,39,113,43,187,179,96,141,98,114,64,79,42,119,132,75,163,133,81,153,166,189,33,35,36,22,112,93,19,87,121,51];False
3413;6647;10060;[198,29,90,41,127,60,177,47,26,161,115,152,131,59,197,123,74,37,94,118,124,168,34,108,174,196,167,15,156,21,73,82,172,86,181,68,9,45,138,126,143,160,173,18,199,12,7,136,89,46,164,4,84,122,25,23,77,57,186,170,176,72,154,49,182,11,54,139,135,191,48,50,56,92,147,67,32,61,38,165,193,28,44,16,91,88,70,71,162,20,188,144,184,8,157,78,128,101,185,76,80,100,30,134,27,2,97,58,151,175,6,1,117,195,169,142,137,158,62,120,3,95,149,107,55,14,13,111,52,148,83,129,24,150,103,105,69,159,40,116,140,99,106,194,180,178,192,10,66,145,102,110,171,0,85,104,17,53,155,146,63,31,183,65,125,190,109,130,5,39,113,43,187,179,96,141,98,114,64,79,42,119,132,75,163,133,81,153,166,189,33,35,36,22,112,93,19,87,121,51];False
3435;6636;10071;[198,29,90,41,127,60,177,47,26,161,115,152,131,59,197,123,74,37,94,118,124,168,34,108,174,196,167,15,156,21,73,82,172,86,181,68,9,45,138,126,143,160,173,18,199,12,7,136,89,46,164,4,84,122,25,23,77,57,186,170,176,72,154,49,54,11,182,139,135,191,48,50,56,92,147,67,32,61,38,165,193,28,44,16,91,88,70,71,162,20,188,144,184,8,157,78,128,101,185,76,80,100,30,134,27,195,97,58,151,175,6,1,117,2,169,142,137,158,62,120,3,95,149,107,55,14,13,111,52,148,83,129,24,150,103,105,69,159,40,116,140,99,106,194,180,178,192,10,66,145,102,110,171,0,85,104,17,53,155,146,63,31,183,65,125,190,109,130,5,39,113,43,187,179,96,141,98,114,64,79,42,119,132,75,163,133,81,153,166,189,33,35,36,22,112,93,19,87,121,51];False
3377;6662;10039;[198,29,90,41,127,60,177,47,26,161,115,152,131,59,197,123,74,37,94,118,124,168,34,108,174,196,167,15,156,21,73,82,172,86,181,68,9,45,138,126,143,160,173,18,199,12,7,136,89,46,164,4,84,122,25,23,77,57,186,170,176,72,154,49,54,11,182,139,135,191,48,50,56,92,147,67,32,61,38,165,193,28,44,16,91,88,70,71,162,20,188,144,184,8,157,78,128,101,185,76,80,100,30,134,27,2,97,58,151,175,6,1,117,195,169,142,137,158,62,120,3,95,149,107,55,14,13,111,112,148,83,129,24,150,103,105,69,159,40,116,140,99,106,194,180,178,192,10,66,145,102,110,171,0,85,104,17,53,155,146,63,31,183,65,125,190,109,130,5,39,113,43,187,179,96,141,98,114,64,79,42,119,132,75,163,133,81,153,166,189,33,35,36,22,52,93,19,87,121,51];False
3400;6651;10051;[198,29,90,41,127,60,177,47,26,161,115,152,131,59,197,123,74,37,94,118,124,168,34,108,174,196,167,15,156,21,73,82,172,86,181,68,9,45,138,126,143,160,173,18,199,12,7,136,89,46,164,4,84,122,25,23,77,57,186,170,176,72,154,49,54,11,182,139,135,191,48,50,56,92,147,67,32,61,38,165,193,28,44,16,91,88,70,71,162,20,188,144,184,8,157,78,128,101,185,76,80,100,30,134,27,2,97,58,151,175,6,1,117,195,169,142,137,158,62,120,3,95,149,107,55,14,13,111,52,148,83,129,24,150,103,140,69,159,40,116,105,99,106,194,180,178,192,10,66,145,102,110,171,0,85,104,17,53,155,146,63,31,183,65,125,190,109,130,5,39,113,43,187,179,96,141,98,114,64,79,42,119,132,75,163,133,81,153,166,189,33,35,36,22,112,93,19,87,121,51];False
3445;6634;10079;[198,29,90,41,127,60,177,47,26,161,115,152,131,59,197,123,74,37,94,118,124,168,34,108,174,196,167,15,156,21,73,82,172,86,181,68,9,45,138,126,143,160,173,18,199,12,7,136,89,46,164,4,84,122,25,23,77,57,186,170,176,72,154,49,54,11,182,139,135,191,48,50,56,92,147,67,32,61,38,165,193,28,44,16,91,88,70,71,162,20,188,144,184,8,157,78,128,101,185,76,80,100,30,134,27,2,97,58,151,175,6,1,117,195,169,142,137,158,62,120,3,95,149,107,55,14,13,111,52,148,83,129,24,150,103,105,69,159,40,116,104,99,106,194,180,178,192,10,66,145,102,110,171,0,85,140,17,53,155,146,63,31,183,65,125,190,109,130,5,39,113,43,187,179,96,141,98,114,64,79,42,119,132,75,163,133,81,153,166,189,33,35,36,22,112,93,19,87,121,51];False
3524;6613;10137;[198,29,90,41,127,60,177,47,26,161,115,152,131,59,197,123,74,37,94,118,124,168,34,108,174,196,167,15,156,21,73,82,172,86,181,68,9,45,138,126,143,160,173,18,199,12,7,136,89,46,164,4,84,122,25,23,77,57,186,170,176,72,154,49,54,11,182,139,135,191,48,50,56,92,147,67,32,61,38,165,193,28,44,16,91,88,70,71,162,20,188,144,184,8,157,78,128,101,185,76,80,100,30,134,27,2,97,58,151,175,6,1,117,195,169,142,137,158,62,120,3,95,149,107,55,14,13,111,52,148,83,129,24,150,103,105,69,159,40,116,140,99,106,194,180,178,192,109,66,145,102,110,171,0,85,104,17,53,155,146,63,31,183,65,125,190,10,130,5,39,113,43,187,179,96,141,98,114,64,79,42,119,132,75,163,133,81,153,166,189,33,35,36,22,112,93,19,87,121,51];False
3650;6584;10234;[198,29,90,41,127,60,177,47,26,161,115,152,131,54,197,123,74,37,94,118,124,168,34,108,174,196,167,15,156,21,73,82,172,86,181,68,9,45,138,126,143,160,173,18,199,12,7,136,89,46,164,4,84,122,25,23,77,57,186,170,176,72,154,49,59,11,182,139,135,191,48,50,56,92,147,67,32,61,38,165,193,28,44,125,91,88,70,71,162,20,188,144,184,8,157,78,128,101,185,76,80,100,30,134,27,2,97,58,151,175,6,1,117,195,169,142,137,158,62,120,3,95,149,107,55,14,13,111,52,148,83,129,24,150,103,105,69,159,40,116,140,99,106,194,180,178,192,109,66,145,102,110,171,0,85,104,17,53,155,146,63,31,183,65,16,190,10,130,5,39,113,43,187,179,96,141,98,114,64,79,42,119,132,75,163,133,81,153,166,189,33,35,36,22,112,93,19,87,121,51];False
3703;6579;10282;[198,29,90,41,127,60,177,47,26,161,115,152,131,59,197,123,74,37,94,118,124,168,34,108,174,196,167,15,156,21,73,82,172,86,181,68,9,45,138,126,143,160,173,18,199,12,7,136,89,46,164,4,84,122,25,23,77,57,186,170,176,72,154,49,54,11,182,139,135,191,48,50,56,92,147,67,32,61,38,165,193,28,44,125,91,88,70,71,162,20,188,144,184,8,157,78,128,101,185,76,80,100,30,134,27,2,97,58,151,175,6,1,117,113,169,142,137,158,62,120,3,95,149,107,55,14,13,111,52,148,83,129,24,150,103,105,69,159,40,116,140,99,106,194,180,178,192,109,66,145,102,110,171,0,85,104,17,53,155,146,63,31,183,65,16,190,10,130,5,39,195,43,187,179,96,141,98,114,64,79,42,119,132,75,163,133,81,153,166,189,33,35,36,22,112,93,19,87,121,51];False
3503;6620;10123;[198,29,90,41,127,60,177,47,26,161,115,152,131,59,197,123,74,37,94,118,124,168,34,108,174,196,167,15,156,21,73,82,172,86,181,68,9,45,138,126,143,160,173,18,199,12,7,136,89,46,164,4,84,122,25,23,77,57,186,170,176,72,154,49,62,11,182,139,135,191,48,50,56,92,147,67,32,61,38,165,193,28,44,16,91,88,70,71,162,20,188,144,184,8,157,78,128,101,185,76,80,100,30,134,27,195,97,58,151,175,6,1,117,2,169,142,137,158,54,120,3,95,149,107,55,14,13,111,52,148,83,129,24,150,103,105,69,159,40,116,140,99,106,194,180,178,192,109,66,145,102,110,171,0,85,104,17,53,155,146,63,31,183,65,125,190,10,130,5,39,113,43,187,179,96,141,98,114,64,79,42,119,132,75,163,133,81,153,166,189,33,35,36,22,112,93,19,87,121,51];False
3947;6537;10484;[198,29,90,41,187,60,177,47,26,161,115,152,131,59,197,123,74,37,94,118,124,168,34,108,174,196,167,15,156,21,73,82,172,86,181,68,9,45,138,126,143,160,173,18,199,12,7,136,89,46,164,4,84,122,25,23,77,57,186,170,176,72,154,49,62,98,182,139,135,191,48,50,56,92,147,67,32,61,38,165,193,28,44,125,91,88,70,71,162,20,188,144,184,8,157,78,128,101,185,76,80,100,30,134,27,2,97,58,151,175,6,1,117,113,169,142,163,158,54,120,3,95,149,107,55,14,13,111,52,148,83,129,24,150,103,105,69,159,40,116,140,99,106,194,180,178,192,109,66,145,102,110,171,0,85,104,17,53,155,146,63,31,183,65,16,190,10,130,5,39,195,43,127,179,96,141,11,114,64,79,42,119,132,75,137,133,81,153,166,189,33,35,36,22,112,93,19,87,121,51];False
3708;6578;10286;[198,29,90,41,127,60,177,47,26,161,115,152,131,59,197,123,74,37,94,118,124,168,34,108,174,196,167,15,156,21,73,82,172,86,181,68,9,45,138,126,143,160,173,18,171,12,7,136,89,46,164,4,84,122,25,23,77,57,186,170,176,72,154,49,62,98,182,139,135,191,48,50,56,92,147,67,32,61,19,165,193,28,44,125,91,88,70,71,162,20,188,144,184,8,157,78,128,101,185,76,80,100,30,134,27,2,97,58,151,175,6,1,117,195,169,142,163,158,54,120,3,95,149,107,55,14,13,111,52,148,83,129,24,150,103,105,69,159,40,116,140,99,106,194,180,178,192,109,66,145,102,110,199,0,85,104,17,53,155,146,63,31,183,65,16,190,10,130,5,39,113,43,187,179,96,141,11,114,64,79,42,119,132,75,137,133,81,153,166,189,33,35,36,22,112,93,38,87,121,51];False
3584;6600;10184;[198,29,90,41,127,60,177,47,26,161,115,152,131,59,197,123,74,37,94,118,124,168,34,108,174,196,167,15,156,21,73,82,172,86,181,68,9,45,138,126,143,160,173,18,199,12,7,136,89,46,164,4,84,122,25,23,77,57,186,170,176,72,154,49,62,95,182,139,135,191,48,50,56,92,147,67,32,61,19,165,193,28,44,16,91,88,70,71,162,20,188,144,184,8,157,78,128,101,185,76,80,100,30,134,27,2,97,58,151,175,6,1,117,195,169,142,163,158,54,120,3,11,149,107,55,14,13,111,52,148,83,129,24,150,103,105,69,159,40,116,140,99,106,194,180,178,192,109,66,145,102,110,171,0,85,104,17,53,155,146,63,31,183,65,125,190,10,130,5,39,113,43,187,179,96,141,98,114,64,79,42,119,132,75,137,133,81,153,166,189,33,35,36,22,112,93,38,87,121,51];False
3535;6612;10147;[198,29,90,41,127,60,177,47,26,161,115,152,131,59,197,123,74,37,94,118,124,168,34,108,174,196,167,15,156,21,73,82,172,86,181,68,9,45,138,126,143,160,173,18,199,12,7,136,89,46,164,4,84,122,25,23,77,57,186,170,176,72,154,49,62,95,182,139,135,191,48,50,56,92,147,67,32,61,19,165,193,28,44,16,91,88,70,71,162,20,188,144,184,8,157,78,128,101,185,76,80,100,30,134,27,2,97,58,151,175,6,1,117,195,169,142,137,158,54,120,3,11,149,107,55,14,13,111,52,148,83,129,24,150,103,105,69,159,40,116,104,99,106,194,180,178,192,109,66,145,102,110,171,0,85,140,17,53,155,146,63,31,183,65,125,190,10,130,5,39,113,43,187,179,96,141,98,114,64,79,42,119,132,75,163,133,81,153,166,189,33,35,36,22,112,93,38,87,121,51];False
3817;6558;10375;[198,29,90,41,187,60,177,47,26,161,115,152,131,59,197,123,74,37,94,118,124,168,34,108,174,196,167,15,156,21,73,82,172,86,181,68,9,45,138,126,143,160,173,18,199,12,7,136,89,46,164,4,84,122,25,23,77,57,186,170,176,72,154,49,62,95,182,139,135,191,48,50,56,92,147,67,32,61,19,165,193,28,44,125,91,88,70,71,162,20,188,144,184,8,157,78,128,101,185,76,80,100,30,134,27,2,97,58,151,175,6,1,117,195,169,142,163,158,54,120,3,11,149,107,55,14,13,111,52,148,83,129,24,150,103,105,69,159,40,116,140,99,106,194,180,178,192,109,66,145,102,110,171,0,85,104,17,53,155,146,63,31,183,65,16,190,10,130,5,39,113,43,127,179,96,141,98,114,64,79,42,119,132,75,137,133,81,153,166,189,33,35,36,22,112,93,38,87,121,51];False
3763;6566;10329;[198,29,90,41,127,60,177,47,26,161,115,152,131,59,197,123,74,37,94,118,124,168,34,108,174,196,167,15,156,21,73,82,172,86,181,68,9,45,138,126,143,160,173,18,199,12,7,136,89,46,164,4,84,122,25,23,77,57,186,170,176,72,154,49,62,95,182,139,135,191,48,50,56,92,147,67,32,61,19,165,193,28,44,125,91,88,70,71,162,20,188,144,184,8,157,78,128,101,185,76,80,100,30,134,27,2,97,58,151,175,6,1,117,113,169,142,163,158,54,120,3,11,149,107,55,14,13,111,52,148,83,129,24,150,103,105,69,159,40,116,140,99,106,194,180,178,192,109,66,145,102,110,171,0,85,104,17,53,155,146,63,31,183,65,16,190,10,130,5,39,195,43,187,179,96,141,98,114,64,79,42,119,132,75,137,133,81,153,166,189,33,35,36,22,112,93,38,87,121,51];False
3720;6576;10296;[198,29,90,41,127,60,177,47,26,161,115,152,131,59,197,123,74,37,94,118,124,168,34,108,174,196,167,15,156,21,73,82,172,86,181,68,9,45,138,126,143,160,173,18,199,12,7,136,89,46,164,4,84,122,25,23,77,57,186,170,176,72,154,49,62,95,182,139,135,191,48,50,56,92,147,67,32,61,38,165,193,28,44,125,91,88,70,71,162,20,188,144,184,8,157,78,128,101,185,76,80,100,30,134,27,2,97,58,151,175,6,1,117,113,169,142,163,158,54,120,3,11,149,107,55,14,13,111,52,148,83,129,24,150,103,105,69,159,40,116,104,99,106,194,180,178,192,109,66,145,102,110,171,0,85,140,17,53,155,146,63,31,183,65,16,190,10,130,5,39,195,43,187,179,96,141,98,114,64,79,42,119,132,75,137,133,81,153,166,189,33,35,36,22,112,93,19,87,121,51];False
3374;6660;10034;[198,29,90,41,127,60,42,119,26,161,115,152,131,59,197,123,74,37,94,118,124,168,34,108,174,196,167,15,156,21,73,82,172,86,181,68,9,45,138,126,143,160,173,18,199,12,7,136,89,46,164,4,84,122,25,23,77,57,186,170,176,72,154,49,62,95,182,139,135,191,48,50,56,92,147,67,32,61,38,165,193,28,44,16,91,88,70,71,162,20,188,144,184,8,157,78,128,101,185,76,80,100,30,134,27,195,97,58,151,175,6,1,117,2,169,142,137,158,54,120,3,11,149,107,55,14,13,111,52,148,83,129,24,150,103,105,69,159,40,116,140,99,106,194,180,178,192,10,66,145,102,110,171,0,85,104,17,53,155,146,63,31,183,65,125,190,109,130,5,39,113,43,187,179,96,141,98,114,64,79,177,47,132,75,163,133,81,153,166,189,33,35,36,22,112,93,19,87,121,51];False
3423;6644;10067;[198,29,90,41,127,60,42,47,26,161,115,152,131,59,197,123,74,37,94,118,124,168,34,108,174,196,167,15,156,21,73,82,172,86,181,68,9,45,138,126,143,160,173,18,199,12,7,136,89,46,164,4,84,122,25,23,77,57,186,170,176,72,154,49,62,11,182,139,135,191,48,50,56,92,147,67,32,61,38,165,193,28,44,16,91,88,70,71,162,20,188,144,184,8,157,78,128,101,185,76,80,100,30,134,27,195,97,58,151,175,6,1,117,2,169,142,137,158,54,120,3,95,149,107,55,14,13,111,52,148,83,129,24,150,103,105,69,159,40,116,140,99,106,194,180,178,192,10,66,145,102,110,171,0,85,104,17,53,155,146,63,31,183,65,125,190,109,130,5,39,113,43,187,179,96,141,98,114,64,79,177,119,132,75,163,133,81,153,166,189,33,35,36,22,112,93,19,87,121,51];False
3357;6665;10022;[198,29,90,41,127,60,42,47,26,161,115,152,131,59,197,123,74,37,94,118,124,168,34,108,174,196,167,15,156,21,73,82,172,86,181,68,9,45,138,126,143,160,173,18,199,12,7,136,89,46,164,4,84,122,25,23,77,57,186,170,176,72,154,49,62,95,182,139,135,191,48,50,56,92,147,67,32,61,38,165,193,28,44,16,91,88,70,71,162,20,188,144,184,8,157,78,128,101,185,76,80,100,30,134,27,195,97,58,151,175,6,1,117,2,169,142,137,158,54,120,3,11,149,107,55,14,13,111,52,148,83,129,24,150,103,140,69,159,40,116,105,99,106,194,180,178,192,10,66,145,102,110,171,0,85,104,17,53,155,146,63,31,183,65,125,190,109,130,5,39,113,43,187,179,96,141,98,114,64,79,177,119,132,75,163,133,81,153,166,189,33,35,36,22,112,93,19,87,121,51];False
3402;6650;10052;[198,29,90,41,127,60,42,47,26,161,115,152,131,59,197,123,74,37,94,118,124,168,34,108,174,196,167,15,156,21,73,82,172,86,181,68,9,45,138,126,143,160,173,18,199,12,7,136,89,46,164,4,84,122,25,23,77,57,186,170,176,72,154,49,62,95,182,139,135,191,48,50,56,92,147,67,32,61,38,165,193,28,44,16,91,88,70,71,162,20,188,144,184,8,157,78,128,101,185,76,80,100,30,134,27,195,97,58,151,175,6,1,117,2,169,142,137,158,54,120,3,11,149,107,55,14,13,111,52,148,83,129,24,150,103,105,69,159,40,104,140,99,106,194,180,178,192,10,66,145,102,110,171,0,85,116,17,53,155,146,63,31,183,65,125,190,109,130,5,39,113,43,187,179,96,141,98,114,64,79,177,119,132,75,163,133,81,153,166,189,33,35,36,22,112,93,19,87,121,51];False
3402;6648;10050;[198,29,90,41,127,60,42,47,26,161,115,152,131,59,197,123,74,37,94,118,124,168,34,108,174,196,167,15,156,21,73,82,172,86,181,68,9,45,138,126,143,160,173,18,199,12,7,136,89,46,164,4,84,122,25,23,77,57,186,170,176,72,154,49,62,95,182,139,135,191,48,50,56,92,147,67,32,61,38,165,193,28,44,16,91,88,70,71,162,20,188,144,184,8,157,78,128,101,185,76,80,100,30,134,27,195,97,58,151,175,6,1,117,2,169,142,137,158,54,120,3,11,149,107,55,14,13,111,52,148,83,129,24,150,103,105,69,159,40,116,104,99,106,194,180,178,192,10,66,145,102,110,171,0,85,140,17,53,155,146,63,31,183,65,125,190,109,130,5,39,113,43,187,179,96,141,98,114,64,79,177,119,132,75,163,133,81,153,166,189,33,35,36,22,112,93,19,87,121,51];False
3419;6642;10061;[198,29,90,41,127,60,42,47,26,161,115,152,131,59,197,123,74,37,94,118,124,168,34,108,174,196,167,15,156,21,73,82,172,86,181,68,9,45,138,126,143,160,173,18,199,12,7,136,89,46,164,4,84,122,25,23,77,57,186,170,176,72,154,49,62,95,182,139,135,191,48,50,56,92,147,67,32,61,38,165,193,28,44,16,91,88,70,71,162,20,188,144,184,8,157,78,128,101,185,76,80,100,30,134,27,195,97,58,151,175,6,1,117,2,169,142,137,158,54,120,3,11,149,107,55,14,13,111,52,148,83,129,24,150,103,105,69,159,40,116,140,99,106,194,180,178,192,10,66,145,102,110,171,0,85,104,17,53,155,146,63,31,183,65,125,190,109,130,5,39,113,43,187,179,96,177,98,114,64,79,141,119,132,75,163,133,81,153,166,189,33,35,36,22,112,93,19,87,121,51];False
3452;6633;10085;[198,29,90,41,127,60,177,47,26,161,115,152,131,59,197,123,74,37,94,118,124,168,34,108,174,196,167,15,156,21,73,82,172,86,181,68,9,45,138,126,143,160,173,18,199,12,7,136,89,46,164,4,84,122,25,23,77,57,186,170,176,72,154,49,62,95,182,139,135,191,48,50,56,92,147,67,32,61,38,165,193,28,44,16,91,88,70,71,162,20,188,144,184,8,157,78,128,101,185,76,80,100,30,134,27,195,97,58,151,175,6,1,117,2,169,142,163,158,54,120,3,11,149,107,55,14,13,111,52,148,83,129,24,150,103,105,69,159,40,116,104,99,106,194,180,178,192,10,66,145,102,110,171,0,85,140,17,53,155,146,63,31,183,65,125,190,109,130,5,39,113,43,187,179,96,141,98,114,64,79,42,119,132,75,137,133,81,153,166,189,33,35,36,22,112,93,19,87,121,51];False
3531;6612;10143;[198,29,90,41,127,60,177,47,26,161,115,152,131,59,197,123,74,37,94,118,124,168,34,108,174,196,167,15,156,21,73,82,172,86,181,68,9,45,138,126,143,160,173,18,199,12,7,136,89,46,164,4,84,122,25,23,77,57,186,170,176,72,154,49,62,95,182,139,135,191,48,50,56,92,147,67,32,61,38,165,193,28,44,16,91,88,70,71,162,20,188,144,184,8,157,78,128,101,185,76,80,100,30,134,27,195,97,58,151,175,6,1,117,2,169,142,163,158,54,120,3,11,149,107,55,14,13,111,52,148,83,129,24,150,103,105,69,159,40,116,140,99,106,194,180,178,192,109,66,145,102,110,171,0,85,104,17,53,155,146,63,31,183,65,125,190,10,130,5,39,113,43,187,179,96,141,98,114,64,79,42,119,132,75,137,133,81,153,166,189,33,35,36,22,112,93,19,87,121,51];False
3379;6658;10037;[198,29,90,41,127,60,177,47,26,161,115,152,131,59,197,123,74,37,94,118,124,168,34,108,174,196,167,15,156,21,73,82,172,86,181,68,9,45,138,126,143,160,173,18,199,12,7,136,89,46,164,4,84,122,25,23,77,57,186,170,176,72,154,49,62,11,182,139,135,191,48,50,56,92,147,67,32,61,38,165,193,28,44,16,91,88,70,71,162,20,188,144,184,8,157,78,128,101,185,76,80,100,30,134,27,195,97,58,151,175,6,1,117,2,169,142,137,158,54,120,3,95,149,107,55,14,13,111,52,148,83,129,24,150,103,140,69,159,40,116,105,99,106,194,180,178,192,10,66,145,102,110,171,0,85,104,17,53,155,146,63,31,183,65,125,190,109,130,5,39,113,43,187,179,96,141,98,114,64,79,42,119,132,75,163,133,81,153,166,189,33,35,36,22,112,93,19,87,121,51];False
3404;6644;10048;[198,29,90,41,127,60,177,47,26,161,115,152,131,59,197,123,74,37,94,118,124,168,17,108,174,196,167,15,156,21,73,82,172,86,181,68,9,45,138,126,143,160,173,18,199,12,7,136,89,46,164,4,84,122,25,23,77,57,186,170,176,72,154,49,62,95,182,139,135,191,48,50,56,92,147,67,32,61,38,165,193,28,44,16,91,88,70,71,162,20,188,144,184,8,157,78,128,101,185,76,80,100,30,134,27,195,97,58,151,175,6,1,117,2,169,142,137,158,54,120,3,11,149,107,55,14,13,111,52,148,83,129,24,150,103,105,69,159,40,116,104,99,106,194,180,178,192,10,66,145,102,110,171,0,85,140,34,53,155,146,63,31,183,65,125,190,109,130,5,39,113,43,187,179,96,141,98,114,64,79,42,119,132,75,163,133,81,153,166,189,33,35,36,22,112,93,19,87,121,51];False
3424;6641;10065;[198,29,90,41,127,60,177,47,26,161,115,152,131,59,197,123,74,37,94,118,124,168,34,108,174,196,167,15,156,21,73,82,172,86,181,68,9,45,138,126,143,160,173,18,199,12,7,136,89,46,164,4,84,122,25,23,77,57,186,170,176,72,154,49,62,11,182,139,135,191,48,50,56,92,147,67,32,61,38,165,193,28,44,16,91,88,70,71,162,20,188,144,184,8,157,78,128,101,185,76,80,100,30,134,27,195,97,58,151,175,6,1,117,2,169,142,137,158,54,120,3,95,149,107,55,14,13,111,52,148,83,129,24,150,103,105,69,159,40,116,104,99,106,194,180,178,192,10,66,145,102,110,171,0,85,140,17,53,155,146,63,31,183,65,125,190,109,130,5,39,113,43,187,179,96,141,98,114,64,79,42,119,132,75,163,133,81,153,166,189,33,35,36,22,112,93,19,87,121,51];False
3482;6624;10106;[198,29,90,41,127,60,177,47,26,161,115,152,131,59,197,123,74,37,94,118,124,168,34,108,174,196,167,15,156,21,73,82,172,86,181,68,9,45,138,126,143,160,173,18,199,12,7,136,89,46,164,4,84,122,25,23,77,57,186,170,176,72,154,49,62,95,182,139,135,191,48,50,56,92,147,67,32,61,38,165,193,28,44,16,91,88,70,71,162,20,188,144,184,8,157,78,128,101,185,76,80,100,30,134,27,195,97,58,151,175,6,1,117,2,169,142,137,158,54,120,3,11,149,107,55,14,13,111,52,148,83,129,24,150,103,105,69,159,40,116,104,99,106,194,180,178,192,109,66,145,102,110,171,0,85,140,17,53,155,146,63,31,183,65,125,190,10,130,5,39,113,43,187,179,96,141,98,114,64,79,42,119,132,75,163,133,81,153,166,189,33,35,36,22,112,93,19,87,121,51];False
3392;6654;10046;[198,29,90,41,127,60,177,47,26,161,115,152,131,59,197,168,74,37,94,118,124,123,17,108,174,196,167,15,156,21,73,82,172,86,181,68,9,45,138,126,143,160,173,18,199,12,7,136,89,46,164,4,84,122,25,23,77,57,186,170,176,72,154,49,62,95,182,139,135,191,48,50,56,92,147,67,32,61,38,165,193,28,44,16,91,88,70,71,162,20,188,144,184,8,157,78,128,101,185,76,80,100,30,134,27,2,97,58,151,175,6,1,117,195,169,142,137,158,54,120,3,11,149,107,55,14,13,111,52,148,83,129,24,150,103,105,69,159,40,116,104,99,106,194,180,178,192,10,66,145,102,110,171,0,85,140,34,53,155,146,63,31,183,65,125,190,109,130,5,39,113,43,187,179,96,141,98,114,64,79,42,119,132,75,163,133,81,153,166,189,33,35,36,22,112,93,19,87,121,51];False
3346;6670;10016;[198,29,90,41,127,60,177,47,26,161,115,152,131,59,197,123,74,37,94,118,124,168,17,108,174,196,167,15,156,21,73,82,172,86,181,68,9,45,138,126,143,160,173,18,199,12,7,136,89,46,164,4,84,122,25,23,77,57,186,170,176,72,154,49,62,95,182,139,135,191,48,50,56,92,147,67,32,61,38,165,193,28,44,16,91,88,70,71,162,20,188,144,184,8,157,78,128,101,185,76,80,100,30,134,27,2,97,58,151,175,6,1,117,195,169,142,137,158,54,120,3,11,149,107,55,14,13,111,112,148,83,129,24,150,103,105,69,159,40,116,104,99,106,194,180,178,192,10,66,145,102,110,171,0,85,140,34,53,155,146,63,31,183,65,125,190,109,130,5,39,113,43,187,179,96,141,98,114,64,79,42,119,132,75,163,133,81,153,166,189,33,35,36,22,52,93,19,87,121,51];False
3493;6621;10114;[198,29,90,41,127,60,177,47,26,161,115,152,131,59,197,123,74,37,94,118,124,168,17,108,174,196,167,15,156,21,73,82,172,86,181,68,9,45,138,126,143,160,173,18,199,12,7,136,89,46,164,4,84,122,25,23,77,57,186,170,176,72,154,49,62,95,182,139,135,191,48,50,56,92,147,67,32,61,38,165,193,28,44,16,91,88,70,71,162,20,188,144,184,8,157,78,128,101,185,76,80,100,30,134,27,2,97,58,151,175,6,1,117,195,169,142,137,158,54,120,3,11,149,107,55,14,13,111,52,148,83,129,24,150,103,105,69,159,40,116,104,99,106,194,180,178,192,109,66,145,102,110,171,0,85,140,34,53,155,146,63,31,183,65,125,190,10,130,5,39,113,43,187,179,96,141,98,114,64,79,42,119,132,75,163,133,81,153,166,189,33,35,36,22,112,93,19,87,121,51];False
3541;6610;10151;[198,29,90,41,127,60,177,47,26,161,115,152,131,59,197,123,74,37,94,118,124,168,34,108,174,196,167,15,156,21,73,82,172,86,181,68,9,45,138,126,143,160,173,18,199,12,7,136,89,46,164,4,84,122,25,23,77,57,186,170,176,72,154,49,62,95,182,139,135,191,48,50,56,92,147,67,32,61,38,165,193,28,44,16,91,88,70,71,162,20,188,144,184,8,157,78,128,101,185,76,80,100,30,134,27,2,97,58,151,175,6,1,117,195,169,142,163,158,54,120,3,11,149,107,55,14,13,111,52,148,83,129,24,150,103,105,69,159,40,116,104,99,106,194,180,178,192,109,66,145,102,110,171,0,85,140,17,53,155,146,63,31,183,65,125,190,10,130,5,39,113,43,187,179,96,141,98,114,64,79,42,119,132,75,137,133,81,153,166,189,33,35,36,22,112,93,19,87,121,51];False
3627;6592;10219;[198,29,90,41,127,60,177,47,26,161,115,152,131,59,197,123,74,37,94,118,124,168,34,108,174,196,167,15,156,21,73,82,172,86,181,68,9,45,138,126,143,160,173,18,199,12,7,136,89,46,164,4,84,122,25,23,77,57,186,170,176,72,154,49,62,95,182,139,135,191,48,50,56,92,147,67,32,61,19,165,193,28,44,125,91,88,70,71,162,20,188,144,184,8,157,78,128,101,185,76,80,100,30,134,27,2,97,58,151,175,6,1,117,195,169,142,163,158,54,120,3,11,149,107,55,14,13,111,52,148,83,129,24,150,103,105,69,159,40,116,104,99,106,194,180,178,192,109,66,145,102,110,171,0,85,140,17,53,155,146,63,31,183,65,16,190,10,130,5,39,113,43,187,179,96,141,98,114,64,79,42,119,132,75,137,133,81,153,166,189,33,35,36,22,112,93,38,87,121,51];False
4797;6407;11204;[198,29,90,41,187,60,179,47,26,161,115,152,163,59,197,123,17,37,94,118,124,168,34,108,174,196,167,15,156,21,73,82,172,86,181,68,9,45,138,126,143,160,91,18,171,195,7,173,89,144,164,4,84,122,25,23,77,57,186,170,176,72,154,49,76,98,182,139,135,183,63,50,56,92,147,67,32,38,87,165,193,28,44,125,6,88,70,71,162,20,191,61,184,8,157,78,128,101,185,39,80,100,30,134,27,2,97,58,158,62,95,1,117,113,169,142,131,110,54,120,3,136,149,107,55,14,13,111,52,148,83,129,24,150,103,105,69,159,40,116,48,99,106,194,180,178,192,109,66,145,102,151,199,0,85,104,31,53,155,146,140,74,188,65,16,190,10,130,5,175,12,43,127,79,42,141,11,114,64,96,177,119,132,75,137,133,81,153,166,189,33,35,36,22,112,93,19,46,121,51];False
4837;6406;11243;[198,29,90,41,187,60,179,47,26,161,115,152,163,59,197,123,31,37,94,118,124,168,34,108,174,196,167,15,156,99,73,82,172,86,181,68,9,45,138,126,143,160,91,18,171,195,7,173,89,144,164,4,84,122,25,23,77,57,186,170,176,72,154,49,76,98,182,139,135,183,63,50,56,92,147,67,32,38,87,165,193,28,44,125,6,88,70,71,162,20,191,61,184,8,157,78,128,101,185,39,80,100,30,134,27,2,97,58,158,62,95,1,117,113,169,142,131,110,54,120,3,136,149,107,55,14,13,111,52,148,83,129,24,150,103,105,69,159,40,116,48,21,106,194,180,178,192,109,66,145,102,151,199,0,85,104,17,53,155,146,140,74,188,65,16,190,10,130,5,175,12,43,127,79,42,141,11,114,64,96,177,119,132,75,137,133,81,153,166,189,33,35,36,22,112,93,19,46,121,51];False
4763;6414;11177;[198,29,90,41,187,60,179,47,26,161,115,152,163,59,197,123,31,37,94,118,124,168,34,108,174,196,167,15,156,21,73,82,172,86,181,68,9,45,138,126,143,160,91,18,171,195,7,173,89,144,164,4,84,122,25,23,77,57,186,170,176,72,154,49,76,11,182,139,135,183,63,50,56,92,147,67,32,38,87,165,193,28,44,125,6,88,70,71,162,20,191,61,184,8,157,78,128,101,185,39,80,100,30,134,27,2,97,58,158,62,95,1,117,113,169,142,131,110,54,120,3,136,149,107,55,14,13,111,52,148,83,129,24,150,103,105,69,159,40,116,48,99,106,194,180,178,192,109,66,145,102,151,199,0,85,104,17,53,155,146,140,74,188,65,16,190,10,130,5,175,12,43,127,79,42,141,98,114,64,96,177,119,132,75,137,133,81,153,166,189,33,35,36,22,112,93,19,46,121,51];False
4809;6406;11215;[198,29,90,41,187,60,179,47,26,161,115,152,163,59,197,123,31,37,94,118,124,168,34,108,174,196,167,15,156,21,73,82,172,86,181,68,9,45,138,126,143,160,91,18,171,195,7,173,89,144,164,4,84,122,25,23,77,57,186,170,176,72,154,49,76,98,182,139,135,183,140,50,56,92,147,67,32,38,87,165,193,28,44,125,6,88,70,71,162,20,191,61,184,8,157,78,128,101,185,39,80,100,30,134,27,2,97,58,158,62,95,1,117,113,169,142,131,110,54,120,3,136,149,107,55,14,13,111,52,148,83,129,24,150,103,105,69,159,40,116,48,99,106,194,180,178,192,109,66,145,102,151,199,0,85,104,17,53,155,146,63,74,188,65,16,190,10,130,5,175,12,43,127,79,42,141,11,114,64,96,177,119,132,75,137,133,81,153,166,189,33,35,36,22,112,93,19,46,121,51];False
4775;6405;11180;[198,29,90,41,187,60,179,47,26,161,115,152,163,59,197,123,31,37,94,118,124,168,34,108,174,196,167,15,156,21,73,82,172,86,181,68,9,45,138,126,143,160,91,18,171,195,7,173,89,144,164,4,84,122,25,23,77,57,186,170,176,72,154,49,76,98,182,139,135,183,51,50,56,92,147,67,32,38,87,165,193,28,44,125,6,88,70,71,162,20,191,61,184,8,157,78,128,101,185,39,80,100,30,134,27,2,97,58,158,62,95,1,117,113,169,142,131,110,54,120,3,136,149,107,55,14,13,111,52,148,83,129,24,150,103,105,69,159,40,116,48,99,106,194,180,178,192,109,66,145,102,151,199,0,85,104,17,53,155,146,140,74,188,65,16,190,10,130,5,175,12,43,127,79,42,141,11,114,64,96,177,119,132,75,137,133,81,153,166,189,33,35,36,22,112,93,19,46,121,63];False
4876;6399;11275;[198,29,90,41,187,60,179,47,26,161,115,152,163,59,197,123,17,37,94,118,124,168,34,108,174,196,167,15,156,21,73,82,172,86,181,68,9,45,138,126,143,160,91,18,171,195,7,173,89,46,164,4,84,122,25,23,77,57,186,170,176,3,154,49,76,98,182,139,135,183,51,50,56,92,147,67,32,38,87,165,193,28,44,125,6,88,70,71,162,20,191,61,184,8,72,78,128,101,185,39,80,100,30,134,27,2,97,58,158,62,95,1,117,113,169,142,131,110,54,120,157,136,149,107,55,14,13,111,52,148,83,129,24,150,103,105,69,159,40,116,48,99,106,194,180,178,192,109,66,145,102,151,199,0,85,104,31,53,155,146,140,74,188,65,16,190,10,130,5,175,12,43,127,79,42,141,11,114,64,96,177,119,132,75,137,133,81,153,166,189,33,35,36,22,112,93,19,144,121,63];False
4886;6388;11274;[198,29,90,41,187,60,179,47,26,161,115,152,163,59,197,123,31,37,94,118,124,168,34,108,174,196,167,15,156,21,73,82,172,86,181,68,9,45,138,126,143,160,91,18,171,195,7,173,89,46,164,4,84,122,25,23,77,57,186,170,176,3,154,49,76,98,182,139,135,183,51,50,56,92,147,67,32,38,87,165,193,28,44,125,6,88,70,71,162,20,191,61,184,8,72,78,128,101,185,39,80,100,30,134,27,2,97,58,158,62,95,1,117,113,169,142,131,110,54,120,157,136,149,107,55,14,13,111,52,148,83,129,24,150,103,105,69,159,40,116,48,99,106,194,180,178,192,109,66,145,102,151,199,0,85,104,17,53,155,121,140,74,188,65,16,190,10,130,5,175,12,43,127,79,42,141,11,114,64,96,177,119,132,75,137,133,81,153,166,189,33,35,36,22,112,93,19,144,146,63];True
4999;6380;11379;[198,29,90,41,187,60,179,47,26,161,115,152,163,59,197,123,31,37,94,118,124,168,34,108,174,196,167,15,156,21,73,82,172,86,181,68,9,45,138,126,143,160,91,18,171,195,7,173,89,144,164,4,84,122,25,23,77,57,186,170,176,3,154,49,39,98,182,139,135,183,51,50,56,92,147,67,32,38,87,165,193,28,44,125,6,88,70,71,162,20,191,61,184,8,72,78,128,101,185,76,80,100,30,134,27,2,97,58,158,62,95,1,117,113,169,142,131,110,54,120,157,136,149,107,55,14,13,111,52,148,83,129,24,150,103,105,69,159,40,116,48,99,106,194,180,178,192,109,66,145,102,151,199,0,85,104,17,53,155,121,140,74,188,65,16,190,10,130,5,175,12,43,127,79,42,141,11,114,64,96,177,119,132,75,137,133,81,153,166,189,33,35,36,22,112,93,19,46,146,63];True
4828;6402;11230;[198,29,90,41,172,60,179,47,26,161,115,152,163,59,197,123,31,37,94,118,124,168,34,108,174,196,167,15,156,21,73,82,187,86,181,68,9,45,138,126,143,160,91,18,171,195,7,173,89,144,164,4,84,122,25,23,77,57,186,170,176,3,154,49,76,98,182,139,135,183,51,50,56,92,147,67,32,38,87,165,193,28,44,125,6,88,70,71,162,20,191,61,184,8,72,78,128,101,185,39,80,100,30,134,27,2,97,58,158,62,95,1,117,113,169,142,131,110,54,120,157,136,149,107,55,14,13,111,52,148,83,129,24,150,103,105,69,159,40,116,48,99,106,194,180,178,192,109,66,145,102,151,199,0,85,104,17,53,155,121,140,74,188,65,16,190,10,130,5,175,12,43,127,79,42,141,11,114,64,96,177,119,132,75,137,133,81,153,166,189,33,35,36,22,112,93,19,46,146,63];False
4862;6399;11261;[198,29,90,41,187,60,42,47,26,161,115,152,163,59,197,123,31,37,94,118,124,168,34,108,174,196,167,15,156,21,73,82,172,86,181,68,9,45,138,126,143,160,91,18,171,195,7,173,89,144,164,4,84,122,25,23,77,57,186,170,176,3,154,49,76,98,182,139,135,183,51,50,56,92,147,67,32,38,87,165,193,28,44,125,6,88,70,71,162,20,191,61,184,8,72,78,128,101,185,39,80,100,30,134,27,2,97,58,158,62,95,1,117,113,169,142,131,110,54,120,157,136,149,107,55,14,13,111,52,148,83,129,24,150,103,105,69,159,40,116,48,99,106,194,180,178,192,109,66,145,102,151,199,0,85,104,17,53,155,121,140,74,188,65,16,190,10,130,5,175,12,43,127,79,179,141,11,114,64,96,177,119,132,75,137,133,81,153,166,189,33,35,36,22,112,93,19,46,146,63];False
4840;6400;11240;[198,29,90,41,187,60,179,47,26,161,115,152,172,59,197,123,31,37,94,118,124,168,34,108,174,196,167,15,156,21,73,82,163,86,181,68,9,45,138,126,143,160,91,18,171,195,7,173,89,144,164,4,84,122,25,23,77,57,186,170,176,3,154,49,76,98,182,139,135,183,51,50,56,92,147,67,32,38,87,165,193,28,44,125,6,88,70,71,162,20,191,61,184,8,72,78,128,101,185,39,80,100,30,134,27,2,97,58,158,62,95,1,117,113,169,142,131,110,54,120,157,136,149,107,55,14,13,111,52,148,83,129,24,150,103,105,69,159,40,116,48,99,106,194,180,178,192,109,66,145,102,151,199,0,85,104,17,53,155,121,140,74,188,65,16,190,10,130,5,175,12,43,127,79,42,141,11,114,64,96,177,119,132,75,137,133,81,153,166,189,33,35,36,22,112,93,19,46,146,63];False
4859;6399;11258;[198,29,90,41,187,60,179,47,26,161,115,152,163,171,197,123,31,37,94,118,124,168,34,108,174,196,167,15,156,21,73,82,172,86,181,68,9,45,138,126,143,160,91,18,59,195,7,173,89,144,164,4,84,122,25,23,77,57,186,170,176,3,154,49,76,98,182,139,135,183,51,50,56,92,147,67,32,38,87,165,193,28,44,125,6,88,70,71,162,20,191,61,184,8,72,78,128,101,185,39,80,100,30,134,27,2,97,58,158,62,95,1,117,113,169,142,131,110,54,120,157,136,149,107,55,14,13,111,52,148,83,129,24,150,103,105,69,159,40,116,48,99,106,194,180,178,192,109,66,145,102,151,199,0,85,104,17,53,155,121,140,74,188,65,16,190,10,130,5,175,12,43,127,79,42,141,11,114,64,96,177,119,132,75,137,133,81,153,166,189,33,35,36,22,112,93,19,46,146,63];False
4885;6395;11280;[198,29,90,41,187,60,179,47,26,161,115,152,163,122,197,123,31,37,94,118,124,168,34,108,174,196,167,15,156,21,73,82,172,86,181,68,9,45,138,126,143,160,91,18,171,195,7,173,89,144,164,4,84,59,25,23,77,57,186,170,176,3,154,49,76,98,182,139,135,183,51,50,56,92,147,67,32,38,87,165,193,28,44,125,6,88,70,71,162,20,191,61,184,8,72,78,128,101,185,39,80,100,30,134,27,2,97,58,158,62,95,1,117,113,169,142,131,110,54,120,157,136,149,107,55,14,13,111,52,148,83,129,24,150,103,105,69,159,40,116,48,99,106,194,180,178,192,109,66,145,102,151,199,0,85,104,17,53,155,121,140,74,188,65,16,190,10,130,5,175,12,43,127,79,42,141,11,114,64,96,177,119,132,75,137,133,81,153,166,189,33,35,36,22,112,93,19,46,146,63];False
4925;6386;11311;[198,29,90,41,187,60,179,47,26,161,115,152,163,59,197,123,17,37,94,118,124,168,34,108,174,196,167,15,156,21,73,82,172,86,181,68,9,45,138,126,143,160,91,18,171,195,7,173,89,144,164,4,84,122,25,23,77,57,186,170,176,3,154,49,76,98,182,139,135,183,51,50,56,92,147,67,32,38,87,165,193,28,44,125,6,88,70,71,162,20,191,61,184,8,72,78,128,101,185,39,80,100,30,134,27,2,97,58,158,62,95,1,117,113,169,142,131,110,54,120,157,136,149,107,55,14,13,111,52,148,83,129,24,150,103,105,69,159,40,116,48,99,106,194,180,178,192,109,66,145,102,151,199,0,85,104,31,53,155,121,140,74,188,65,16,190,10,130,5,175,12,43,127,79,42,141,11,114,64,96,177,119,132,75,137,133,81,153,166,189,33,35,36,22,112,93,19,46,146,63];True
4965;6385;11350;[198,29,90,41,187,60,179,47,26,161,115,152,163,59,197,123,31,37,94,118,124,168,34,108,174,196,167,15,156,99,73,82,172,86,181,68,9,45,138,126,143,160,91,18,171,195,7,173,89,144,164,4,84,122,25,23,77,57,186,170,176,3,154,49,76,98,182,139,135,183,51,50,56,92,147,67,32,38,87,165,193,28,44,125,6,88,70,71,162,20,191,61,184,8,72,78,128,101,185,39,80,100,30,134,27,2,97,58,158,62,95,1,117,113,169,142,131,110,54,120,157,136,149,107,55,14,13,111,52,148,83,129,24,150,103,105,69,159,40,116,48,21,106,194,180,178,192,109,66,145,102,151,199,0,85,104,17,53,155,121,140,74,188,65,16,190,10,130,5,175,12,43,127,79,42,141,11,114,64,96,177,119,132,75,137,133,81,153,166,189,33,35,36,22,112,93,19,46,146,63];False
5038;6378;11416;[198,29,90,41,187,60,179,47,26,161,115,152,163,59,197,123,31,37,94,118,124,168,34,108,174,196,167,15,156,21,73,82,172,86,181,68,9,45,138,126,143,160,91,18,171,195,7,173,23,144,164,4,84,122,25,89,77,57,186,170,176,3,154,49,76,98,182,139,135,183,51,50,56,92,147,67,32,38,87,165,193,28,44,125,6,88,70,71,162,20,191,61,184,8,72,78,128,101,185,39,80,100,30,134,27,2,97,58,158,62,95,1,117,113,169,142,131,110,54,120,157,136,149,107,55,14,13,111,52,148,83,129,24,150,103,105,69,159,40,116,48,99,106,194,180,178,192,109,66,145,102,151,199,0,85,104,17,53,155,121,140,74,188,65,16,190,10,130,5,175,12,43,127,79,42,141,11,114,64,96,177,119,132,75,137,133,81,153,166,189,33,35,36,22,112,93,19,46,146,63];True
4879;6392;11271;[198,29,90,41,187,60,179,47,26,161,115,152,163,59,197,123,31,37,94,118,124,168,34,108,174,196,167,15,156,21,73,82,172,86,181,68,9,45,138,126,143,160,91,18,171,195,7,173,89,144,164,4,84,122,25,23,77,57,186,170,176,157,154,49,76,98,182,139,135,183,51,50,56,92,147,67,32,38,87,165,193,28,44,125,6,88,70,71,162,20,191,61,184,8,72,78,128,101,185,39,80,100,30,134,27,2,97,58,158,62,95,1,117,113,169,142,131,110,54,120,3,136,149,107,55,14,13,111,52,148,83,129,24,150,103,105,69,159,40,116,48,99,106,194,180,178,192,109,66,145,102,151,199,0,85,104,17,53,155,121,140,74,188,65,16,190,10,130,5,175,12,43,127,79,42,141,11,114,64,96,177,119,132,75,137,133,81,153,166,189,33,35,36,22,112,93,19,46,146,63];True
4874;6397;11271;[198,29,90,41,187,60,179,47,26,161,115,152,163,59,197,123,31,37,94,118,124,168,34,108,174,196,167,15,156,21,73,82,172,86,181,68,9,45,138,126,143,160,91,18,171,195,7,173,89,144,164,4,84,122,25,23,77,57,186,170,176,3,154,49,76,98,182,139,135,183,140,50,56,92,147,67,32,38,87,165,193,28,44,125,6,88,70,71,162,20,191,61,184,8,72,78,128,101,185,39,80,100,30,134,27,2,97,58,158,62,95,1,117,113,169,142,131,110,54,120,157,136,149,107,55,14,13,111,52,148,83,129,24,150,103,105,69,159,40,116,48,99,106,194,180,178,192,109,66,145,102,151,199,0,85,104,17,53,155,121,51,74,188,65,16,190,10,130,5,175,12,43,127,79,42,141,11,114,64,96,177,119,132,75,137,133,81,153,166,189,33,35,36,22,112,93,19,46,146,63];False
4874;6395;11269;[198,29,90,41,187,60,179,47,26,161,115,152,163,59,197,123,31,37,94,118,124,168,34,108,174,196,167,15,156,21,73,82,172,86,181,68,9,45,138,126,143,160,91,18,171,195,7,173,89,144,164,4,84,122,25,23,77,57,186,170,176,3,154,49,76,98,182,139,135,183,51,50,56,92,147,67,32,38,72,165,193,28,44,125,6,88,70,71,162,20,191,61,184,8,87,78,128,101,185,39,80,100,30,134,27,2,97,58,158,62,95,1,117,113,169,142,131,110,54,120,157,136,149,107,55,14,13,111,52,148,83,129,24,150,103,105,69,159,40,116,48,99,106,194,180,178,192,109,66,145,102,151,199,0,85,104,17,53,155,121,140,74,188,65,16,190,10,130,5,175,12,43,127,79,42,141,11,114,64,96,177,119,132,75,137,133,81,153,166,189,33,35,36,22,112,93,19,46,146,63];False
4982;6383;11365;[198,29,90,41,187,60,179,47,26,161,115,152,163,59,197,123,31,37,94,118,124,168,34,108,174,196,167,15,156,21,73,82,172,86,181,68,9,45,138,126,143,160,91,18,171,195,7,173,89,144,164,4,84,122,25,23,77,57,186,170,176,3,154,49,76,98,182,139,135,183,51,50,56,92,147,67,32,38,87,165,193,28,44,125,6,88,70,71,162,20,191,61,184,8,72,78,128,101,185,39,80,131,30,134,27,2,97,58,158,62,95,1,117,113,169,142,100,110,54,120,157,136,149,107,55,14,13,111,52,148,83,129,24,150,103,105,69,159,40,116,48,99,106,194,180,178,192,109,66,145,102,151,199,0,85,104,17,53,155,121,140,74,188,65,16,190,10,130,5,175,12,43,127,79,42,141,11,114,64,96,177,119,132,75,137,133,81,153,166,189,33,35,36,22,112,93,19,46,146,63];False
4859;6398;11257;[198,29,90,41,187,60,179,47,26,161,115,152,163,59,197,123,31,37,94,118,124,168,34,108,174,196,167,15,156,21,73,82,172,86,181,68,9,45,138,126,143,160,91,18,171,195,7,173,89,144,164,4,84,122,25,23,77,57,186,170,176,3,154,49,76,98,182,139,135,183,51,50,56,92,147,67,32,38,87,165,193,28,44,125,6,88,70,71,162,20,191,61,184,8,72,78,128,101,185,39,80,100,30,134,27,2,97,58,110,62,95,1,117,113,169,142,131,158,54,120,157,136,149,107,55,14,13,111,52,148,83,129,24,150,103,105,69,159,40,116,48,99,106,194,180,178,192,109,66,145,102,151,199,0,85,104,17,53,155,121,140,74,188,65,16,190,10,130,5,175,12,43,127,79,42,141,11,114,64,96,177,119,132,75,137,133,81,153,166,189,33,35,36,22,112,93,19,46,146,63];False
5279;6365;11644;[198,29,90,41,187,60,179,47,26,161,115,152,163,59,197,123,17,37,94,118,124,168,34,108,174,196,167,15,156,21,73,82,172,86,181,68,9,45,138,126,143,160,91,18,171,195,7,173,23,144,164,4,84,122,25,89,77,57,186,170,176,3,154,49,39,98,182,139,135,183,48,50,56,92,147,67,32,38,87,165,193,28,44,125,6,88,70,71,162,20,191,61,184,8,72,78,128,101,185,76,80,100,30,134,27,2,97,58,158,62,95,1,117,113,169,142,131,110,54,120,157,136,149,107,55,14,13,111,52,148,83,129,24,150,103,105,69,159,40,116,99,63,106,194,180,178,192,109,66,145,102,151,199,0,85,104,31,53,155,146,140,74,188,65,16,190,10,130,5,175,12,43,127,79,42,141,11,114,64,96,177,119,132,75,137,133,81,153,166,189,33,35,36,22,112,93,19,46,121,51];False
5223;6370;11593;[198,29,90,41,187,60,179,47,26,161,115,152,163,59,197,123,17,37,94,118,124,168,34,108,174,196,167,15,156,21,73,82,172,86,181,68,9,45,138,126,143,160,91,18,171,195,7,173,89,144,164,4,84,122,25,23,77,57,186,170,176,3,154,49,39,98,182,139,135,183,48,50,56,92,147,67,32,38,87,165,193,28,44,125,6,88,70,71,162,20,191,61,184,8,72,78,128,101,185,76,80,131,30,134,27,2,97,58,158,62,95,1,117,113,169,142,100,110,54,120,157,136,149,107,55,14,13,111,52,148,83,129,24,150,103,105,69,159,40,116,99,63,106,194,180,178,192,109,66,145,102,151,199,0,85,104,31,53,155,146,140,74,188,65,16,190,10,130,5,175,12,43,127,79,42,141,11,114,64,96,177,119,132,75,137,133,81,153,166,189,33,35,36,22,112,93,19,46,121,51];False
5222;6369;11591;[198,29,90,41,187,60,179,47,26,161,115,152,163,59,197,123,106,37,94,118,124,168,34,108,174,196,167,15,156,21,73,82,172,86,181,68,9,45,138,126,143,160,91,18,171,195,7,173,23,144,164,4,84,122,25,89,77,57,186,170,176,3,154,49,39,98,182,139,135,183,48,50,56,92,147,67,32,38,87,165,193,28,44,125,6,88,70,71,162,20,191,61,184,8,72,78,128,101,185,76,80,100,30,134,27,2,97,58,158,62,95,1,117,113,169,142,131,110,54,120,157,136,149,107,55,14,13,111,52,148,83,129,24,150,103,105,69,159,40,116,99,63,31,194,180,178,192,109,66,145,102,151,199,0,85,104,17,53,155,146,140,74,188,65,16,190,10,130,5,175,12,43,127,79,42,141,11,114,64,96,177,119,132,75,137,133,81,153,166,189,33,35,36,22,112,93,19,46,121,51];False
5336;6362;11698;[198,29,90,41,187,60,179,47,26,161,115,152,163,59,197,123,31,37,94,118,124,168,34,108,174,196,167,15,156,21,73,82,172,86,181,68,9,45,138,126,143,160,91,18,171,195,7,173,23,144,164,4,84,122,25,89,77,57,186,170,176,3,154,49,39,98,182,139,135,183,48,50,56,92,147,67,32,38,87,165,193,28,44,125,6,88,70,71,162,20,191,61,184,8,72,78,128,101,185,76,80,131,30,134,27,2,97,58,158,62,95,1,117,113,169,142,100,110,54,120,157,136,149,107,55,14,13,111,52,148,83,129,24,150,103,105,69,159,40,116,99,63,106,194,180,178,192,109,66,145,102,151,199,0,85,104,17,53,155,146,140,74,188,65,16,190,10,130,5,175,12,43,127,79,42,141,11,114,64,96,177,119,132,75,137,133,81,153,166,189,33,35,36,22,112,93,19,46,121,51];False
5220;6370;11590;[198,29,90,41,187,60,179,47,26,161,115,152,163,59,197,123,106,37,94,118,124,168,34,108,174,196,167,15,156,21,73,82,172,86,181,68,9,45,138,126,143,160,91,18,171,195,7,173,89,144,164,4,84,122,25,23,77,57,186,170,176,3,154,49,39,98,182,139,135,183,48,50,56,92,147,67,32,38,87,165,193,28,44,125,6,88,70,71,162,20,191,61,184,8,72,78,128,101,185,76,80,100,30,134,27,2,97,58,158,62,95,1,117,113,169,142,131,110,54,120,157,136,149,107,55,14,13,111,52,148,83,129,24,150,103,105,69,159,40,116,99,63,31,194,180,178,192,109,66,145,102,151,199,0,85,104,17,53,51,146,140,74,188,65,16,190,10,130,5,175,12,43,127,79,42,141,11,114,64,96,177,119,132,75,137,133,81,153,166,189,33,35,36,22,112,93,19,46,121,155];False
4154;6500;10654;[198,29,90,41,187,79,179,47,26,161,115,152,172,59,197,123,74,37,94,118,124,168,34,108,174,196,167,15,156,21,73,82,137,86,181,68,9,45,138,126,143,160,91,18,171,195,7,173,89,46,164,4,84,122,25,23,77,57,186,170,176,72,154,49,39,11,182,139,135,191,48,50,56,92,147,67,32,61,38,165,193,28,44,125,6,88,70,71,162,20,188,144,184,8,157,78,128,101,185,76,80,100,30,134,27,2,97,58,158,62,95,1,117,113,169,142,131,110,54,120,3,136,149,107,55,14,13,111,52,148,83,129,24,150,103,105,69,159,40,116,140,99,106,194,180,178,192,109,66,145,102,151,199,0,85,104,17,53,155,146,63,31,183,65,16,190,10,130,5,175,12,43,127,60,42,177,98,114,64,96,141,119,132,75,163,133,81,153,166,189,33,35,36,22,112,93,19,87,121,51];False
4146;6502;10648;[198,29,90,41,187,79,179,47,26,161,115,152,172,59,197,123,74,37,94,118,124,168,34,108,174,196,167,15,156,21,73,82,137,86,181,68,9,45,138,126,143,160,91,18,171,195,7,173,89,46,164,4,84,122,25,23,77,57,186,170,176,72,154,49,76,11,182,139,135,191,48,50,56,92,147,67,32,61,19,165,193,28,44,125,6,88,70,71,162,20,188,144,184,8,157,78,128,101,185,39,80,100,30,134,27,2,97,58,158,62,95,1,117,113,169,142,131,110,54,120,3,136,149,107,55,14,13,111,52,148,83,129,24,150,103,105,69,159,40,116,140,99,106,194,180,178,192,109,66,145,102,151,199,0,85,104,17,53,155,146,63,31,183,65,16,190,10,130,5,175,12,43,127,60,42,177,98,114,64,96,141,119,132,75,163,133,81,153,166,189,33,35,36,22,112,93,38,87,121,51];False
4108;6506;10614;[198,29,90,41,187,128,42,47,26,161,115,152,172,59,197,123,74,37,94,118,124,168,34,108,174,196,167,15,156,21,73,82,137,86,181,68,9,45,138,126,143,160,91,18,171,195,7,173,89,46,164,4,84,122,25,23,77,57,186,170,176,72,154,49,76,11,182,139,135,191,48,50,56,92,147,67,32,61,38,165,193,28,44,125,6,88,70,71,162,20,188,144,184,8,157,78,60,101,185,39,80,100,30,134,27,2,97,58,158,62,95,1,117,113,169,142,131,110,54,120,3,136,149,107,55,14,13,111,52,148,83,129,24,150,103,105,69,159,40,116,140,99,106,194,180,178,192,109,66,145,102,151,199,0,85,104,17,53,155,146,63,31,183,65,16,190,10,130,5,175,12,43,127,79,179,177,98,114,64,96,141,119,132,75,163,133,81,153,166,189,33,35,36,22,112,93,19,87,121,51];False
4182;6492;10674;[198,29,90,41,187,60,42,47,26,161,115,152,172,59,197,123,74,37,94,118,124,168,34,108,174,196,167,15,156,21,73,82,137,86,181,68,9,45,138,126,143,160,91,18,171,195,7,173,89,46,164,4,84,122,25,23,77,57,186,170,176,72,154,49,39,11,182,139,135,191,48,50,56,92,147,67,32,61,38,165,193,28,44,125,6,88,70,71,162,20,188,144,184,8,157,78,128,101,185,76,80,100,30,134,27,2,97,58,158,62,95,1,117,113,169,142,131,110,54,120,3,136,149,107,55,14,13,111,52,148,83,129,24,150,103,105,69,159,40,116,140,99,106,194,180,178,192,109,66,145,102,151,199,0,85,104,17,53,155,146,63,31,183,65,16,190,10,130,5,175,12,43,127,79,179,177,98,114,64,96,141,119,132,75,163,133,81,153,166,189,33,35,36,22,112,93,19,87,121,51];False
4174;6494;10668;[198,29,90,41,187,60,42,47,26,161,115,152,172,59,197,123,74,37,94,118,124,168,34,108,174,196,167,15,156,21,73,82,137,86,181,68,9,45,138,126,143,160,91,18,171,195,7,173,89,46,164,4,84,122,25,23,77,57,186,170,176,72,154,49,76,11,182,139,135,191,48,50,56,92,147,67,32,61,19,165,193,28,44,125,6,88,70,71,162,20,188,144,184,8,157,78,128,101,185,39,80,100,30,134,27,2,97,58,158,62,95,1,117,113,169,142,131,110,54,120,3,136,149,107,55,14,13,111,52,148,83,129,24,150,103,105,69,159,40,116,140,99,106,194,180,178,192,109,66,145,102,151,199,0,85,104,17,53,155,146,63,31,183,65,16,190,10,130,5,175,12,43,127,79,179,177,98,114,64,96,141,119,132,75,163,133,81,153,166,189,33,35,36,22,112,93,38,87,121,51];False
4131;6504;10635;[198,29,90,41,187,60,42,47,26,161,115,152,172,59,197,123,74,37,94,118,124,168,34,108,174,196,167,15,156,21,73,82,137,86,181,68,9,45,138,126,143,160,91,18,171,195,7,173,89,46,164,4,84,122,25,23,77,57,186,170,176,72,154,49,76,11,182,139,135,191,48,50,56,92,147,67,32,61,38,165,193,28,44,125,6,88,70,71,162,20,188,144,184,8,157,78,128,101,185,39,80,100,30,134,27,2,97,58,158,62,95,1,117,113,169,142,131,110,54,120,3,136,149,107,55,14,13,111,52,148,83,129,24,150,103,105,69,159,40,116,104,99,106,194,180,178,192,109,66,145,102,151,199,0,85,140,17,53,155,146,63,31,183,65,16,190,10,130,5,175,12,43,127,79,179,177,98,114,64,96,141,119,132,75,163,133,81,153,166,189,33,35,36,22,112,93,19,87,121,51];False
4108;6504;10612;[198,29,90,41,187,60,42,47,26,161,115,152,172,59,197,123,74,37,94,118,124,168,34,108,174,196,167,15,156,21,73,82,137,86,181,68,9,45,138,126,143,160,91,18,171,195,7,173,89,46,164,4,84,122,25,23,77,57,186,170,176,72,154,49,76,11,182,139,135,191,48,50,56,92,147,67,32,61,38,165,193,28,44,125,6,88,70,71,162,20,188,144,184,8,157,78,128,101,185,39,80,100,30,134,27,2,97,58,158,62,95,1,117,113,169,142,131,110,54,120,3,136,149,107,55,14,13,111,52,148,83,129,24,150,103,105,69,159,40,116,140,99,106,194,180,178,192,109,66,145,102,151,199,0,85,104,17,53,155,146,63,31,183,65,16,190,10,130,5,177,12,43,127,79,179,175,98,114,64,96,141,119,132,75,163,133,81,153,166,189,33,35,36,22,112,93,19,87,121,51];False
4276;6477;10753;[198,29,90,41,187,60,179,47,26,161,115,152,172,59,197,123,74,37,94,118,124,168,34,108,174,196,167,15,156,21,73,82,137,86,181,68,9,45,138,126,143,160,91,18,171,195,7,173,89,46,164,4,84,122,25,23,77,57,186,170,176,72,154,49,133,11,182,139,135,191,48,50,56,92,147,67,32,61,38,165,193,28,44,125,6,88,70,71,162,20,188,144,184,8,157,78,128,101,185,76,80,100,30,134,27,2,97,58,158,62,95,1,117,113,169,142,131,110,54,120,3,136,149,107,55,14,13,111,52,148,83,129,24,150,103,105,69,159,40,116,140,99,106,194,180,178,192,109,66,145,102,151,199,0,85,104,17,53,155,146,63,31,183,65,16,190,10,130,5,175,12,43,127,79,42,177,98,114,64,96,141,119,132,75,163,39,81,153,166,189,33,35,36,22,112,93,19,87,121,51];True
4264;6479;10743;[198,29,90,41,187,60,179,47,26,161,115,152,172,59,197,123,74,37,94,118,124,168,34,108,174,196,167,15,156,21,73,82,137,86,181,68,9,45,138,126,143,160,91,18,171,195,7,173,89,46,164,4,84,122,25,23,77,57,186,170,176,72,154,49,39,11,182,139,135,191,48,50,56,92,147,67,32,61,19,165,193,28,44,125,6,88,70,71,162,20,188,144,184,8,157,78,128,101,185,76,80,100,30,134,27,2,97,58,158,62,95,1,117,113,169,142,131,110,54,120,3,136,149,107,55,14,13,111,52,148,83,129,24,150,103,105,69,159,40,116,140,99,106,194,180,178,192,109,66,145,102,151,199,0,85,104,17,53,155,146,63,31,183,65,16,190,10,130,5,175,12,43,127,79,42,177,98,114,64,96,141,119,132,75,163,133,81,153,166,189,33,35,36,22,112,93,38,87,121,51];True
3378;6656;10034;[198,29,90,41,127,60,177,47,26,161,115,152,131,59,197,123,74,37,94,118,124,168,34,108,174,196,167,15,156,21,73,82,172,86,181,68,9,45,138,126,143,160,173,18,199,12,7,136,89,46,164,4,84,122,25,23,77,57,186,170,176,72,154,49,182,11,54,139,135,191,48,50,56,92,147,67,32,61,38,165,193,28,44,16,91,88,70,71,162,20,188,144,184,8,157,78,128,101,185,76,80,100,30,134,27,195,97,58,151,175,6,1,117,2,169,142,137,158,62,120,3,95,149,107,55,14,13,111,52,148,83,129,24,150,103,105,69,159,40,116,140,99,106,194,180,178,192,10,66,145,102,110,171,0,85,104,17,53,155,146,63,31,183,65,125,190,109,130,5,39,113,43,187,179,96,141,98,114,64,79,42,119,132,75,163,133,81,153,166,189,33,35,36,22,112,93,19,87,121,51];False
3365;6660;10025;[198,29,90,41,127,60,177,47,26,161,115,152,131,59,197,123,74,37,94,118,124,168,34,108,174,196,167,15,156,21,73,82,172,86,181,68,9,45,138,126,143,160,173,18,199,12,7,136,89,46,164,4,84,122,25,23,77,57,186,170,176,72,154,49,54,11,182,139,135,191,48,50,56,92,147,67,32,61,38,165,193,28,44,16,91,88,70,71,162,20,188,144,184,8,157,78,128,101,185,76,80,100,30,134,27,195,97,58,151,175,6,1,117,2,169,142,137,158,62,120,3,95,149,107,55,14,13,111,52,148,83,129,24,150,103,140,69,159,40,116,105,99,106,194,180,178,192,10,66,145,102,110,171,0,85,104,17,53,155,146,63,31,183,65,125,190,109,130,5,39,113,43,187,179,96,141,98,114,64,79,42,119,132,75,163,133,81,153,166,189,33,35,36,22,112,93,19,87,121,51];False
3410;6643;10053;[198,29,90,41,127,60,177,47,26,161,115,152,131,59,197,123,74,37,94,118,124,168,34,108,174,196,167,15,156,21,73,82,172,86,181,68,9,45,138,126,143,160,173,18,199,12,7,136,89,46,164,4,84,122,25,23,77,57,186,170,176,72,154,49,54,11,182,139,135,191,48,50,56,92,147,67,32,61,38,165,193,28,44,16,91,88,70,71,162,20,188,144,184,8,157,78,128,101,185,76,80,100,30,134,27,195,97,58,151,175,6,1,117,2,169,142,137,158,62,120,3,95,149,107,55,14,13,111,52,148,83,129,24,150,103,105,69,159,40,116,104,99,106,194,180,178,192,10,66,145,102,110,171,0,85,140,17,53,155,146,63,31,183,65,125,190,109,130,5,39,113,43,187,179,96,141,98,114,64,79,42,119,132,75,163,133,81,153,166,189,33,35,36,22,112,93,19,87,121,51];False
3421;6640;10061;[198,29,90,41,127,60,177,47,26,161,115,152,131,59,197,123,74,37,94,118,124,168,17,108,174,196,167,15,156,21,73,82,172,86,181,68,9,45,138,126,143,160,173,18,199,12,7,136,89,46,164,4,84,122,25,23,77,57,186,170,176,72,154,49,54,11,182,139,135,191,48,50,56,92,147,67,32,61,38,165,193,28,44,16,91,88,70,71,162,20,188,144,184,8,157,78,128,101,185,76,80,100,30,134,27,2,97,58,151,175,6,1,117,195,169,142,137,158,62,120,3,95,149,107,55,14,13,111,52,148,83,129,24,150,103,105,69,159,40,116,104,99,106,194,180,178,192,10,66,145,102,110,171,0,85,140,34,53,155,146,63,31,183,65,125,190,109,130,5,39,113,43,187,179,96,141,98,114,64,79,42,119,132,75,163,133,81,153,166,189,33,35,36,22,112,93,19,87,121,51];False
3388;6654;10042;[198,29,90,41,127,60,177,47,26,161,115,152,131,59,197,123,74,37,94,118,124,168,34,108,174,196,167,15,156,21,73,82,172,86,181,68,9,45,138,126,143,160,173,18,199,12,7,136,89,46,164,4,84,122,25,23,77,57,186,170,176,72,154,49,182,11,54,139,135,191,48,50,56,92,147,67,32,61,38,165,193,28,44,16,91,88,70,71,162,20,188,144,184,8,157,78,128,101,185,76,80,100,30,134,27,2,97,58,151,175,6,1,117,195,169,142,137,158,62,120,3,95,149,107,55,14,13,111,52,148,83,129,24,150,103,105,69,159,40,116,104,99,106,194,180,178,192,10,66,145,102,110,171,0,85,140,17,53,155,146,63,31,183,65,125,190,109,130,5,39,113,43,187,179,96,141,98,114,64,79,42,119,132,75,163,133,81,153,166,189,33,35,36,22,112,93,19,87,121,51];False
3352;6669;10021;[198,29,90,41,127,60,177,47,26,161,115,152,131,59,197,123,74,37,94,118,124,168,34,108,174,196,167,15,156,21,73,82,172,86,181,68,9,45,138,126,143,160,173,18,199,12,7,136,89,46,164,4,84,122,25,23,77,57,186,170,176,72,154,49,54,11,182,139,135,191,48,50,56,92,147,67,32,61,38,165,193,28,44,16,91,88,70,71,162,20,188,144,184,8,157,78,128,101,185,76,80,100,30,134,27,2,97,58,151,175,6,1,117,195,169,142,137,158,62,120,3,95,149,107,55,14,13,111,112,148,83,129,24,150,103,105,69,159,40,116,104,99,106,194,180,178,192,10,66,145,102,110,171,0,85,140,17,53,155,146,63,31,183,65,125,190,109,130,5,39,113,43,187,179,96,141,98,114,64,79,42,119,132,75,163,133,81,153,166,189,33,35,36,22,52,93,19,87,121,51];False
3499;6620;10119;[198,29,90,41,127,60,177,47,26,161,115,152,131,59,197,123,74,37,94,118,124,168,34,108,174,196,167,15,156,21,73,82,172,86,181,68,9,45,138,126,143,160,173,18,199,12,7,136,89,46,164,4,84,122,25,23,77,57,186,170,176,72,154,49,54,11,182,139,135,191,48,50,56,92,147,67,32,61,38,165,193,28,44,16,91,88,70,71,162,20,188,144,184,8,157,78,128,101,185,76,80,100,30,134,27,2,97,58,151,175,6,1,117,195,169,142,137,158,62,120,3,95,149,107,55,14,13,111,52,148,83,129,24,150,103,105,69,159,40,116,104,99,106,194,180,178,192,109,66,145,102,110,171,0,85,140,17,53,155,146,63,31,183,65,125,190,10,130,5,39,113,43,187,179,96,141,98,114,64,79,42,119,132,75,163,133,81,153,166,189,33,35,36,22,112,93,19,87,121,51];False
3582;6599;10181;[198,29,90,41,127,60,177,47,26,161,115,152,131,54,197,123,74,37,94,118,124,168,34,108,174,196,167,15,156,21,73,82,172,86,181,68,9,45,138,126,143,160,173,18,199,12,7,136,89,46,164,4,84,122,25,23,77,57,186,170,176,72,154,49,59,11,182,139,135,191,48,50,56,92,147,67,32,61,38,165,193,28,44,16,91,88,70,71,162,20,188,144,184,8,157,78,128,101,185,76,80,100,30,134,27,2,97,58,151,175,6,1,117,195,169,142,137,158,62,120,3,95,149,107,55,14,13,111,52,148,83,129,24,150,103,105,69,159,40,116,140,99,106,194,180,178,192,109,66,145,102,110,171,0,85,104,17,53,155,146,63,31,183,65,125,190,10,130,5,39,113,43,187,179,96,141,98,114,64,79,42,119,132,75,163,133,81,153,166,189,33,35,36,22,112,93,19,87,121,51];False
3815;6557;10372;[198,29,90,41,187,60,177,47,26,161,115,152,131,54,197,123,74,37,94,118,124,168,34,108,174,196,167,15,156,21,73,82,172,86,181,68,9,45,138,126,143,160,173,18,199,12,7,136,89,46,164,4,84,122,25,23,77,57,186,170,176,72,154,49,59,11,182,139,135,191,48,50,56,92,147,67,32,61,38,165,193,28,44,125,91,88,70,71,162,20,188,144,184,8,157,78,128,101,185,76,80,100,30,134,27,2,97,58,151,175,6,1,117,195,169,142,137,158,62,120,3,95,149,107,55,14,13,111,52,148,83,129,24,150,103,105,69,159,40,116,140,99,106,194,180,178,192,109,66,145,102,110,171,0,85,104,17,53,155,146,63,31,183,65,16,190,10,130,5,39,113,43,127,179,96,141,98,114,64,79,42,119,132,75,163,133,81,153,166,189,33,35,36,22,112,93,19,87,121,51];False
3584;6594;10178;[198,29,90,41,127,60,177,47,26,161,115,152,49,54,197,123,74,37,94,118,124,168,34,108,174,196,167,15,156,21,73,82,172,86,181,68,9,45,138,126,143,160,173,18,199,12,7,136,89,46,164,4,84,122,25,23,77,57,186,170,176,72,154,131,59,11,182,139,135,191,48,50,56,92,147,67,32,61,38,165,193,28,44,125,91,88,70,71,162,20,188,144,184,8,157,78,128,101,185,76,80,100,30,134,27,2,97,58,151,175,6,1,117,195,169,142,137,158,62,120,3,95,149,107,55,14,13,111,52,148,83,129,24,150,103,105,69,159,40,116,140,99,106,194,180,178,192,109,66,145,102,110,171,0,85,104,17,53,155,146,63,31,183,65,16,190,10,130,5,39,113,43,187,179,96,141,98,114,64,79,42,119,132,75,163,133,81,153,166,189,33,35,36,22,112,93,19,87,121,51];False
3619;6590;10209;[198,29,90,41,127,60,177,47,26,161,115,152,131,54,197,123,74,37,94,118,124,168,34,108,174,196,167,15,156,21,73,82,49,86,181,68,9,45,138,126,143,160,173,18,199,12,7,136,89,46,164,4,84,122,25,23,77,57,186,170,176,72,154,172,59,11,182,139,135,191,48,50,56,92,147,67,32,61,38,165,193,28,44,125,91,88,70,71,162,20,188,144,184,8,157,78,128,101,185,76,80,100,30,134,27,2,97,58,151,175,6,1,117,195,169,142,137,158,62,120,3,95,149,107,55,14,13,111,52,148,83,129,24,150,103,105,69,159,40,116,140,99,106,194,180,178,192,109,66,145,102,110,171,0,85,104,17,53,155,146,63,31,183,65,16,190,10,130,5,39,113,43,187,179,96,141,98,114,64,79,42,119,132,75,163,133,81,153,166,189,33,35,36,22,112,93,19,87,121,51];False
3669;6582;10251;[198,29,90,41,127,60,177,47,26,161,115,152,131,54,197,123,74,37,94,118,124,168,34,108,174,196,167,15,156,21,73,82,172,86,181,68,9,45,138,126,143,160,173,18,171,12,7,136,89,46,164,4,84,122,25,23,77,57,186,170,176,72,154,49,59,11,182,139,135,191,48,50,56,92,147,67,32,61,38,165,193,28,44,125,91,88,70,71,162,20,188,144,184,8,157,78,128,101,185,76,80,100,30,134,27,2,97,58,151,175,6,1,117,195,169,142,137,158,62,120,3,95,149,107,55,14,13,111,52,148,83,129,24,150,103,105,69,159,40,116,140,99,106,194,180,178,192,109,66,145,102,110,199,0,85,104,17,53,155,146,63,31,183,65,16,190,10,130,5,39,113,43,187,179,96,141,98,114,64,79,42,119,132,75,163,133,81,153,166,189,33,35,36,22,112,93,19,87,121,51];False
3703;6578;10281;[198,29,90,41,127,60,177,47,26,161,115,152,131,54,197,123,74,37,94,118,124,168,34,108,174,196,167,15,156,21,73,82,172,86,181,68,9,45,138,126,143,160,173,18,199,12,7,136,89,46,164,4,84,122,25,23,77,57,186,170,176,72,154,49,59,11,182,139,135,191,48,50,56,92,147,67,32,38,61,165,193,28,44,125,91,88,70,71,162,20,188,144,184,8,157,78,128,101,185,76,80,100,30,134,27,2,97,58,151,175,6,1,117,195,169,142,137,158,62,120,3,95,149,107,55,14,13,111,52,148,83,129,24,150,103,105,69,159,40,116,140,99,106,194,180,178,192,109,66,145,102,110,171,0,85,104,17,53,155,146,63,31,183,65,16,190,10,130,5,39,113,43,187,179,96,141,98,114,64,79,42,119,132,75,163,133,81,153,166,189,33,35,36,22,112,93,19,87,121,51];False
3668;6581;10249;[198,29,90,41,127,60,177,47,26,161,115,152,131,54,197,123,74,37,94,118,124,168,34,108,174,196,167,15,156,21,73,82,172,86,181,68,9,45,138,126,143,160,173,18,199,12,7,136,89,46,164,4,84,122,25,23,77,57,186,170,176,72,154,49,59,11,182,139,135,191,48,50,56,92,147,67,32,61,19,165,193,28,44,125,91,88,70,71,162,20,188,144,184,8,157,78,128,101,185,76,80,100,30,134,27,2,97,58,151,175,6,1,117,195,169,142,137,158,62,120,3,95,149,107,55,14,13,111,52,148,83,129,24,150,103,105,69,159,40,116,140,99,106,194,180,178,192,109,66,145,102,110,171,0,85,104,17,53,155,146,63,31,183,65,16,190,10,130,5,39,113,43,187,179,96,141,98,114,64,79,42,119,132,75,163,133,81,153,166,189,33,35,36,22,112,93,38,87,121,51];False
3761;6565;10326;[198,29,90,41,127,60,177,47,26,161,115,152,131,54,197,123,74,37,94,118,124,168,34,108,174,196,167,15,156,21,73,82,172,86,181,68,9,45,138,126,143,160,173,18,199,12,7,136,89,46,164,4,84,122,25,23,77,57,186,170,176,72,154,49,59,11,182,139,135,191,48,50,56,92,147,67,32,61,38,165,193,28,44,125,91,88,70,71,162,20,188,144,184,8,157,78,128,101,185,76,80,100,30,134,27,2,97,58,151,175,6,1,117,113,169,142,137,158,62,120,3,95,149,107,55,14,13,111,52,148,83,129,24,150,103,105,69,159,40,116,140,99,106,194,180,178,192,109,66,145,102,110,171,0,85,104,17,53,155,146,63,31,183,65,16,190,10,130,5,39,195,43,187,179,96,141,98,114,64,79,42,119,132,75,163,133,81,153,166,189,33,35,36,22,112,93,19,87,121,51];False
3674;6579;10253;[198,29,90,41,127,60,177,47,26,161,115,152,131,54,197,123,74,37,94,118,124,168,34,108,174,196,167,15,156,21,73,82,172,86,181,68,9,45,138,126,143,160,173,18,199,12,7,136,89,46,164,4,84,122,25,23,77,57,186,170,176,72,154,49,59,11,182,139,135,191,48,50,56,92,147,67,32,61,38,165,193,28,44,125,91,88,70,71,162,20,188,144,184,8,157,78,128,101,185,76,80,100,30,134,27,2,97,58,151,175,6,1,117,195,169,142,163,158,62,120,3,95,149,107,55,14,13,111,52,148,83,129,24,150,103,105,69,159,40,116,140,99,106,194,180,178,192,109,66,145,102,110,171,0,85,104,17,53,155,146,63,31,183,65,16,190,10,130,5,39,113,43,187,179,96,141,98,114,64,79,42,119,132,75,137,133,81,153,166,189,33,35,36,22,112,93,19,87,121,51];False
3738;6573;10311;[198,29,90,41,127,60,177,47,26,161,115,152,131,59,197,123,74,37,94,118,124,168,34,108,174,196,167,15,156,21,73,82,172,86,181,68,9,45,138,126,143,160,173,18,199,12,7,136,89,46,164,4,84,122,25,23,77,57,186,170,176,72,154,49,62,95,182,139,135,191,48,50,56,92,147,67,32,61,19,165,193,28,44,125,91,88,70,71,162,20,188,144,184,8,157,78,128,101,185,76,80,100,30,134,27,2,97,58,151,175,6,1,117,113,169,142,163,158,54,120,3,11,149,107,55,14,13,111,52,148,83,129,24,150,103,105,69,159,40,116,104,99,106,194,180,178,192,109,66,145,102,110,171,0,85,140,17,53,155,146,63,31,183,65,16,190,10,130,5,39,195,43,187,179,96,141,98,114,64,79,42,119,132,75,137,133,81,153,166,189,33,35,36,22,112,93,38,87,121,51];False
3349;6666;10015;[198,29,90,41,127,60,42,47,26,161,115,152,131,59,197,123,74,37,94,118,124,168,34,108,174,196,167,15,156,21,73,82,172,86,181,68,9,45,138,126,143,160,173,18,199,12,7,136,89,46,164,4,84,122,25,23,77,57,186,170,176,72,154,49,62,95,182,139,135,191,48,50,56,92,147,67,32,61,38,165,193,28,44,16,91,88,70,71,162,20,188,144,184,8,157,78,128,101,185,76,80,100,30,134,27,195,97,58,151,175,6,1,117,2,169,142,137,158,54,120,3,11,149,107,55,14,13,111,52,148,83,129,24,150,103,140,69,159,40,116,105,99,106,194,180,178,192,10,66,145,102,110,171,0,85,104,17,53,155,146,63,31,183,65,125,190,109,130,5,39,113,43,187,179,96,177,98,114,64,79,141,119,132,75,163,133,81,153,166,189,33,35,36,22,112,93,19,87,121,51];False
3378;6654;10032;[198,29,90,41,127,60,42,47,26,161,115,152,131,59,197,123,74,37,94,118,124,168,17,108,174,196,167,15,156,21,73,82,172,86,181,68,9,45,138,126,143,160,173,18,199,12,7,136,89,46,164,4,84,122,25,23,77,57,186,170,176,72,154,49,62,95,182,139,135,191,48,50,56,92,147,67,32,61,38,165,193,28,44,16,91,88,70,71,162,20,188,144,184,8,157,78,128,101,185,76,80,100,30,134,27,195,97,58,151,175,6,1,117,2,169,142,137,158,54,120,3,11,149,107,55,14,13,111,52,148,83,129,24,150,103,105,69,159,40,116,104,99,106,194,180,178,192,10,66,145,102,110,171,0,85,140,34,53,155,146,63,31,183,65,125,190,109,130,5,39,113,43,187,179,96,141,98,114,64,79,177,119,132,75,163,133,81,153,166,189,33,35,36,22,112,93,19,87,121,51];False
3398;6651;10049;[198,29,90,41,127,60,42,47,26,161,115,152,131,59,197,123,74,37,94,118,124,168,34,108,174,196,167,15,156,21,73,82,172,86,181,68,9,45,138,126,143,160,173,18,199,12,7,136,89,46,164,4,84,122,25,23,77,57,186,170,176,72,154,49,62,11,182,139,135,191,48,50,56,92,147,67,32,61,38,165,193,28,44,16,91,88,70,71,162,20,188,144,184,8,157,78,128,101,185,76,80,100,30,134,27,195,97,58,151,175,6,1,117,2,169,142,137,158,54,120,3,95,149,107,55,14,13,111,52,148,83,129,24,150,103,105,69,159,40,116,104,99,106,194,180,178,192,10,66,145,102,110,171,0,85,140,17,53,155,146,63,31,183,65,125,190,109,130,5,39,113,43,187,179,96,141,98,114,64,79,177,119,132,75,163,133,81,153,166,189,33,35,36,22,112,93,19,87,121,51];False
3394;6649;10043;[198,29,90,41,127,60,42,47,26,161,115,152,131,59,197,123,74,37,94,118,124,168,34,108,174,196,167,15,156,21,73,82,172,86,181,68,9,45,138,126,143,160,173,18,199,12,7,136,89,46,164,4,84,122,25,23,77,57,186,170,176,72,154,49,62,95,182,139,135,191,48,50,56,92,147,67,32,61,38,165,193,28,44,16,91,88,70,71,162,20,188,144,184,8,157,78,128,101,185,76,80,100,30,134,27,195,97,58,151,175,6,1,117,2,169,142,137,158,54,120,3,11,149,107,55,14,13,111,52,148,83,129,24,150,103,105,69,159,40,116,104,99,106,194,180,178,192,10,66,145,102,110,171,0,85,140,17,53,155,146,63,31,183,65,125,190,109,130,5,39,113,43,187,179,96,177,98,114,64,79,141,119,132,75,163,133,81,153,166,189,33,35,36,22,112,93,19,87,121,51];False
3357;6663;10020;[198,29,90,41,127,60,177,47,26,161,115,152,131,59,197,168,74,37,94,118,124,123,17,108,174,196,167,15,156,21,73,82,172,86,181,68,9,45,138,126,143,160,173,18,199,12,7,136,89,46,164,4,84,122,25,23,77,57,186,170,176,72,154,49,62,95,182,139,135,191,48,50,56,92,147,67,32,61,38,165,193,28,44,16,91,88,70,71,162,20,188,144,184,8,157,78,128,101,185,76,80,100,30,134,27,195,97,58,151,175,6,1,117,2,169,142,137,158,54,120,3,11,149,107,55,14,13,111,52,148,83,129,24,150,103,105,69,159,40,116,104,99,106,194,180,178,192,10,66,145,102,110,171,0,85,140,34,53,155,146,63,31,183,65,125,190,109,130,5,39,113,43,187,179,96,141,98,114,64,79,42,119,132,75,163,133,81,153,166,189,33,35,36,22,112,93,19,87,121,51];False
3400;6647;10047;[198,29,90,41,127,60,177,47,26,161,115,152,131,59,197,123,74,37,94,118,124,168,17,108,174,196,167,15,156,21,73,82,172,86,181,68,9,45,138,126,143,160,173,18,199,12,7,136,89,46,164,4,84,122,25,23,77,57,186,170,176,72,154,49,62,11,182,139,135,191,48,50,56,92,147,67,32,61,38,165,193,28,44,16,91,88,70,71,162,20,188,144,184,8,157,78,128,101,185,76,80,100,30,134,27,195,97,58,151,175,6,1,117,2,169,142,137,158,54,120,3,95,149,107,55,14,13,111,52,148,83,129,24,150,103,105,69,159,40,116,104,99,106,194,180,178,192,10,66,145,102,110,171,0,85,140,34,53,155,146,63,31,183,65,125,190,109,130,5,39,113,43,187,179,96,141,98,114,64,79,42,119,132,75,163,133,81,153,166,189,33,35,36,22,112,93,19,87,121,51];False
3458;6630;10088;[198,29,90,41,127,60,177,47,26,161,115,152,131,59,197,123,74,37,94,118,124,168,17,108,174,196,167,15,156,21,73,82,172,86,181,68,9,45,138,126,143,160,173,18,199,12,7,136,89,46,164,4,84,122,25,23,77,57,186,170,176,72,154,49,62,95,182,139,135,191,48,50,56,92,147,67,32,61,38,165,193,28,44,16,91,88,70,71,162,20,188,144,184,8,157,78,128,101,185,76,80,100,30,134,27,195,97,58,151,175,6,1,117,2,169,142,137,158,54,120,3,11,149,107,55,14,13,111,52,148,83,129,24,150,103,105,69,159,40,116,104,99,106,194,180,178,192,109,66,145,102,110,171,0,85,140,34,53,155,146,63,31,183,65,125,190,10,130,5,39,113,43,187,179,96,141,98,114,64,79,42,119,132,75,163,133,81,153,166,189,33,35,36,22,112,93,19,87,121,51];False
4763;6411;11174;[198,29,90,41,187,60,179,47,26,161,115,152,163,59,197,123,31,37,94,118,124,168,34,108,174,196,167,15,156,21,73,82,172,86,181,68,9,45,138,126,143,160,91,18,171,195,7,173,89,144,164,4,84,122,25,23,77,57,186,170,176,72,154,49,76,11,182,139,135,183,51,50,56,92,147,67,32,38,87,165,193,28,44,125,6,88,70,71,162,20,191,61,184,8,157,78,128,101,185,39,80,100,30,134,27,2,97,58,158,62,95,1,117,113,169,142,131,110,54,120,3,136,149,107,55,14,13,111,52,148,83,129,24,150,103,105,69,159,40,116,48,99,106,194,180,178,192,109,66,145,102,151,199,0,85,104,17,53,155,146,140,74,188,65,16,190,10,130,5,175,12,43,127,79,42,141,98,114,64,96,177,119,132,75,137,133,81,153,166,189,33,35,36,22,112,93,19,46,121,63];False
4757;6413;11170;[198,29,90,41,187,60,179,47,26,161,115,152,163,122,197,123,31,37,94,118,124,168,34,108,174,196,167,15,156,21,73,82,172,86,181,68,9,45,138,126,143,160,91,18,171,195,7,173,89,144,164,4,84,59,25,23,77,57,186,170,176,72,154,49,76,98,182,139,135,183,51,50,56,92,147,67,32,38,87,165,193,28,44,125,6,88,70,71,162,20,191,61,184,8,157,78,128,101,185,39,80,100,30,134,27,2,97,58,158,62,95,1,117,113,169,142,131,110,54,120,3,136,149,107,55,14,13,111,52,148,83,129,24,150,103,105,69,159,40,116,48,99,106,194,180,178,192,109,66,145,102,151,199,0,85,104,17,53,155,146,140,74,188,65,16,190,10,130,5,175,12,43,127,79,42,141,11,114,64,96,177,119,132,75,137,133,81,153,166,189,33,35,36,22,112,93,19,46,121,63];False
4797;6404;11201;[198,29,90,41,187,60,179,47,26,161,115,152,163,59,197,123,17,37,94,118,124,168,34,108,174,196,167,15,156,21,73,82,172,86,181,68,9,45,138,126,143,160,91,18,171,195,7,173,89,144,164,4,84,122,25,23,77,57,186,170,176,72,154,49,76,98,182,139,135,183,51,50,56,92,147,67,32,38,87,165,193,28,44,125,6,88,70,71,162,20,191,61,184,8,157,78,128,101,185,39,80,100,30,134,27,2,97,58,158,62,95,1,117,113,169,142,131,110,54,120,3,136,149,107,55,14,13,111,52,148,83,129,24,150,103,105,69,159,40,116,48,99,106,194,180,178,192,109,66,145,102,151,199,0,85,104,31,53,155,146,140,74,188,65,16,190,10,130,5,175,12,43,127,79,42,141,11,114,64,96,177,119,132,75,137,133,81,153,166,189,33,35,36,22,112,93,19,46,121,63];False
4700;6414;11114;[198,29,90,41,187,60,179,47,26,161,115,152,163,59,197,123,31,37,94,118,124,168,34,108,174,196,167,15,156,21,73,82,172,86,181,68,9,45,138,126,143,160,91,18,171,195,7,173,89,46,164,4,84,122,25,23,77,57,186,170,176,72,154,49,76,98,182,139,135,183,51,50,56,92,147,67,32,38,87,165,193,28,44,125,6,88,70,71,162,20,191,61,184,8,157,78,128,101,185,39,80,100,30,134,27,2,97,58,158,62,95,1,117,113,169,142,131,110,54,120,3,136,149,107,55,14,13,111,52,148,83,129,24,150,103,105,69,159,40,116,48,99,106,194,180,178,192,109,66,145,102,151,199,0,85,104,17,53,155,146,140,74,188,65,16,190,10,130,5,175,12,43,127,79,42,141,11,114,64,96,177,119,132,75,137,133,81,153,166,189,33,35,36,22,112,93,19,144,121,63];False
4755;6413;11168;[198,29,90,41,187,60,179,47,26,161,115,152,163,59,197,123,31,37,94,118,124,168,34,108,174,196,167,15,156,21,73,82,172,86,181,68,9,45,138,126,143,160,91,18,171,195,7,173,89,144,164,4,84,122,25,23,77,57,186,170,176,72,154,49,76,98,182,139,135,183,51,50,56,92,147,67,32,38,87,165,193,28,44,125,6,88,70,71,162,20,191,61,184,8,157,78,128,101,185,39,80,100,30,134,27,2,97,58,158,62,95,1,117,113,169,142,131,110,54,120,3,136,149,107,55,14,13,111,52,148,83,129,24,150,103,105,69,159,40,116,48,99,106,194,180,178,192,109,66,145,102,114,199,0,85,104,17,53,155,146,140,74,188,65,16,190,10,130,5,175,12,43,127,79,42,141,11,151,64,96,177,119,132,75,137,133,81,153,166,189,33,35,36,22,112,93,19,46,121,63];False
4749;6401;11150;[198,29,90,41,187,60,179,47,26,161,115,152,163,59,197,123,31,37,94,118,124,168,34,108,174,196,167,15,156,21,73,82,172,86,181,68,9,45,138,126,143,160,91,18,171,195,7,173,89,144,164,4,84,122,25,23,77,57,186,170,176,72,154,49,76,98,182,139,135,183,51,50,56,92,147,67,32,38,87,165,193,28,44,125,6,88,70,71,162,20,191,61,184,8,157,78,128,101,185,39,80,100,30,134,27,2,97,58,158,62,95,1,117,113,169,142,131,110,54,120,3,136,149,107,55,14,13,111,52,148,83,129,24,150,103,105,69,159,40,116,48,99,106,194,180,178,192,109,66,145,102,151,199,0,85,104,17,53,155,121,140,74,188,65,16,190,10,130,5,175,12,43,127,79,42,141,11,114,64,96,177,119,132,75,137,133,81,153,166,189,33,35,36,22,112,93,19,46,146,63];True
4868;6396;11264;[198,29,90,41,187,60,179,47,26,161,115,152,163,122,197,123,31,37,94,118,124,168,34,108,174,196,167,15,156,21,73,82,172,86,181,68,9,45,138,126,143,160,91,18,171,195,7,173,89,46,164,4,84,59,25,23,77,57,186,170,176,3,154,49,76,98,182,139,135,183,51,50,56,92,147,67,32,38,87,165,193,28,44,125,6,88,70,71,162,20,191,61,184,8,72,78,128,101,185,39,80,100,30,134,27,2,97,58,158,62,95,1,117,113,169,142,131,110,54,120,157,136,149,107,55,14,13,111,52,148,83,129,24,150,103,105,69,159,40,116,48,99,106,194,180,178,192,109,66,145,102,151,199,0,85,104,17,53,155,121,140,74,188,65,16,190,10,130,5,175,12,43,127,79,42,141,11,114,64,96,177,119,132,75,137,133,81,153,166,189,33,35,36,22,112,93,19,144,146,63];False
4862;6393;11255;[198,29,90,41,187,60,179,47,26,161,115,152,163,59,197,123,31,37,94,118,124,168,34,108,174,196,167,15,156,21,73,82,172,86,181,68,9,45,138,126,143,160,91,18,171,195,7,173,89,46,164,4,84,122,25,23,77,57,186,170,176,157,154,49,76,98,182,139,135,183,51,50,56,92,147,67,32,38,87,165,193,28,44,125,6,88,70,71,162,20,191,61,184,8,72,78,128,101,185,39,80,100,30,134,27,2,97,58,158,62,95,1,117,113,169,142,131,110,54,120,3,136,149,107,55,14,13,111,52,148,83,129,24,150,103,105,69,159,40,116,48,99,106,194,180,178,192,109,66,145,102,151,199,0,85,104,17,53,155,121,140,74,188,65,16,190,10,130,5,175,12,43,127,79,42,141,11,114,64,96,177,119,132,75,137,133,81,153,166,189,33,35,36,22,112,93,19,144,146,63];True
4982;6381;11363;[198,29,90,41,187,60,179,47,26,161,115,152,163,59,197,123,31,37,94,118,124,168,34,108,174,196,167,15,156,21,73,82,172,86,181,68,9,45,138,126,143,160,91,18,171,195,7,173,89,46,164,4,84,122,25,23,77,57,186,170,176,3,154,49,39,98,182,139,135,183,51,50,56,92,147,67,32,38,87,165,193,28,44,125,6,88,70,71,162,20,191,61,184,8,72,78,128,101,185,76,80,100,30,134,27,2,97,58,158,62,95,1,117,113,169,142,131,110,54,120,157,136,149,107,55,14,13,111,52,148,83,129,24,150,103,105,69,159,40,116,48,99,106,194,180,178,192,109,66,145,102,151,199,0,85,104,17,53,155,121,140,74,188,65,16,190,10,130,5,175,12,43,127,79,42,141,11,114,64,96,177,119,132,75,137,133,81,153,166,189,33,35,36,22,112,93,19,144,146,63];True
4857;6398;11255;[198,29,90,41,187,60,179,47,26,161,115,152,163,59,197,123,31,37,94,118,124,168,34,108,174,196,167,15,156,21,73,82,172,86,181,68,9,45,138,126,143,160,91,18,171,195,7,173,89,46,164,4,84,122,25,23,77,57,186,170,176,3,154,49,76,98,182,139,135,183,140,50,56,92,147,67,32,38,87,165,193,28,44,125,6,88,70,71,162,20,191,61,184,8,72,78,128,101,185,39,80,100,30,134,27,2,97,58,158,62,95,1,117,113,169,142,131,110,54,120,157,136,149,107,55,14,13,111,52,148,83,129,24,150,103,105,69,159,40,116,48,99,106,194,180,178,192,109,66,145,102,151,199,0,85,104,17,53,155,121,51,74,188,65,16,190,10,130,5,175,12,43,127,79,42,141,11,114,64,96,177,119,132,75,137,133,81,153,166,189,33,35,36,22,112,93,19,144,146,63];False
4857;6396;11253;[198,29,90,41,187,60,179,47,26,161,115,152,163,59,197,123,31,37,94,118,124,168,34,108,174,196,167,15,156,21,73,82,172,86,181,68,9,45,138,126,143,160,91,18,171,195,7,173,89,46,164,4,84,122,25,23,77,57,186,170,176,3,154,49,76,98,182,139,135,183,51,50,56,92,147,67,32,38,72,165,193,28,44,125,6,88,70,71,162,20,191,61,184,8,87,78,128,101,185,39,80,100,30,134,27,2,97,58,158,62,95,1,117,113,169,142,131,110,54,120,157,136,149,107,55,14,13,111,52,148,83,129,24,150,103,105,69,159,40,116,48,99,106,194,180,178,192,109,66,145,102,151,199,0,85,104,17,53,155,121,140,74,188,65,16,190,10,130,5,175,12,43,127,79,42,141,11,114,64,96,177,119,132,75,137,133,81,153,166,189,33,35,36,22,112,93,19,144,146,63];False
4965;6384;11349;[198,29,90,41,187,60,179,47,26,161,115,152,163,59,197,123,31,37,94,118,124,168,34,108,174,196,167,15,156,21,73,82,172,86,181,68,9,45,138,126,143,160,91,18,171,195,7,173,89,46,164,4,84,122,25,23,77,57,186,170,176,3,154,49,76,98,182,139,135,183,51,50,56,92,147,67,32,38,87,165,193,28,44,125,6,88,70,71,162,20,191,61,184,8,72,78,128,101,185,39,80,131,30,134,27,2,97,58,158,62,95,1,117,113,169,142,100,110,54,120,157,136,149,107,55,14,13,111,52,148,83,129,24,150,103,105,69,159,40,116,48,99,106,194,180,178,192,109,66,145,102,151,199,0,85,104,17,53,155,121,140,74,188,65,16,190,10,130,5,175,12,43,127,79,42,141,11,114,64,96,177,119,132,75,137,133,81,153,166,189,33,35,36,22,112,93,19,144,146,63];True
4842;6399;11241;[198,29,90,41,187,60,179,47,26,161,115,152,163,59,197,123,31,37,94,118,124,168,34,108,174,196,167,15,156,21,73,82,172,86,181,68,9,45,138,126,143,160,91,18,171,195,7,173,89,46,164,4,84,122,25,23,77,57,186,170,176,3,154,49,76,98,182,139,135,183,51,50,56,92,147,67,32,38,87,165,193,28,44,125,6,88,70,71,162,20,191,61,184,8,72,78,128,101,185,39,80,100,30,134,27,2,97,58,110,62,95,1,117,113,169,142,131,158,54,120,157,136,149,107,55,14,13,111,52,148,83,129,24,150,103,105,69,159,40,116,48,99,106,194,180,178,192,109,66,145,102,151,199,0,85,104,17,53,155,121,140,74,188,65,16,190,10,130,5,175,12,43,127,79,42,141,11,114,64,96,177,119,132,75,137,133,81,153,166,189,33,35,36,22,112,93,19,144,146,63];False
5021;6379;11400;[198,29,90,41,187,60,179,47,26,161,115,152,163,59,197,123,17,37,94,118,124,168,34,108,174,196,167,15,156,21,73,82,172,86,181,68,9,45,138,126,143,160,91,18,171,195,7,173,89,144,164,4,84,122,25,23,77,57,186,170,176,3,154,49,39,98,182,139,135,183,51,50,56,92,147,67,32,38,87,165,193,28,44,125,6,88,70,71,162,20,191,61,184,8,72,78,128,101,185,76,80,100,30,134,27,2,97,58,158,62,95,1,117,113,169,142,131,110,54,120,157,136,149,107,55,14,13,111,52,148,83,129,24,150,103,105,69,159,40,116,48,99,106,194,180,178,192,109,66,145,102,151,199,0,85,104,31,53,155,121,140,74,188,65,16,190,10,130,5,175,12,43,127,79,42,141,11,114,64,96,177,119,132,75,137,133,81,153,166,189,33,35,36,22,112,93,19,46,146,63];True
5116;6374;11490;[198,29,90,41,187,60,179,47,26,161,115,152,163,59,197,123,31,37,94,118,124,168,34,108,174,196,167,15,156,21,73,82,172,86,181,68,9,45,138,126,143,160,91,18,171,12,7,173,89,144,164,4,84,122,25,23,77,57,186,170,176,3,154,49,39,98,182,139,135,183,51,50,56,92,147,67,32,38,87,165,193,28,44,125,6,88,70,71,162,20,191,61,184,8,72,78,128,101,185,76,80,100,30,134,27,2,97,58,158,62,95,1,117,113,169,142,131,110,54,120,157,136,149,107,55,14,13,111,52,148,83,129,24,150,103,105,69,159,40,116,48,99,106,194,180,178,192,109,66,145,102,151,199,0,85,104,17,53,155,121,140,74,188,65,16,190,10,130,5,175,195,43,127,79,42,141,11,114,64,96,177,119,132,75,137,133,81,153,166,189,33,35,36,22,112,93,19,46,146,63];True
5134;6371;11505;[198,29,90,41,187,60,179,47,26,161,115,152,163,59,197,123,31,37,94,118,124,168,34,108,174,196,167,15,156,21,73,82,172,86,181,68,9,45,138,126,143,160,91,18,171,195,7,173,23,144,164,4,84,122,25,89,77,57,186,170,176,3,154,49,39,98,182,139,135,183,51,50,56,92,147,67,32,38,87,165,193,28,44,125,6,88,70,71,162,20,191,61,184,8,72,78,128,101,185,76,80,100,30,134,27,2,97,58,158,62,95,1,117,113,169,142,131,110,54,120,157,136,149,107,55,14,13,111,52,148,83,129,24,150,103,105,69,159,40,116,48,99,106,194,180,178,192,109,66,145,102,151,199,0,85,104,17,53,155,121,140,74,188,65,16,190,10,130,5,175,12,43,127,79,42,141,11,114,64,96,177,119,132,75,137,133,81,153,166,189,33,35,36,22,112,93,19,46,146,63];True
4961;6385;11346;[198,29,90,41,187,60,179,47,26,161,115,152,163,59,197,123,31,37,94,118,124,168,34,108,174,196,167,15,156,21,73,82,172,86,181,68,9,45,138,126,143,160,91,18,171,195,7,173,89,144,164,4,84,122,25,23,77,57,186,170,176,3,154,49,39,95,182,139,135,183,51,50,56,92,147,67,32,38,87,165,193,28,44,125,6,88,70,71,162,20,191,61,184,8,72,78,128,101,185,76,80,100,30,134,27,2,97,58,158,62,98,1,117,113,169,142,131,110,54,120,157,136,149,107,55,14,13,111,52,148,83,129,24,150,103,105,69,159,40,116,48,99,106,194,180,178,192,109,66,145,102,151,199,0,85,104,17,53,155,121,140,74,188,65,16,190,10,130,5,175,12,43,127,79,42,141,11,114,64,96,177,119,132,75,137,133,81,153,166,189,33,35,36,22,112,93,19,46,146,63];True
5078;6376;11454;[198,29,90,41,187,60,179,47,26,161,115,152,163,59,197,123,31,37,94,118,124,168,34,108,174,196,167,15,156,21,73,82,172,86,181,68,9,45,138,126,143,160,91,18,171,195,7,173,89,144,164,4,84,122,25,23,77,57,186,170,176,3,154,49,39,98,182,139,135,183,51,50,56,92,147,67,32,38,87,165,193,28,44,125,6,88,70,71,162,20,191,61,184,8,72,78,128,101,185,76,80,131,30,134,27,2,97,58,158,62,95,1,117,113,169,142,100,110,54,120,157,136,149,107,55,14,13,111,52,148,83,129,24,150,103,105,69,159,40,116,48,99,106,194,180,178,192,109,66,145,102,151,199,0,85,104,17,53,155,121,140,74,188,65,16,190,10,130,5,175,12,43,127,79,42,141,11,114,64,96,177,119,132,75,137,133,81,153,166,189,33,35,36,22,112,93,19,46,146,63];False
5101;6375;11476;[198,29,90,41,187,60,179,47,26,161,115,152,163,59,197,123,31,37,94,118,124,168,34,108,174,196,167,15,156,21,73,82,172,86,181,68,9,45,138,126,143,160,91,18,171,195,7,173,89,144,164,4,84,122,25,23,77,57,186,170,176,3,154,49,39,98,182,139,135,183,51,50,56,92,147,67,32,38,87,165,193,28,44,125,6,88,70,71,162,20,191,61,184,8,72,78,128,101,185,76,80,100,30,134,27,2,97,58,158,62,95,1,117,113,169,142,131,110,54,120,157,136,149,107,55,14,13,111,52,148,83,129,189,150,103,105,69,159,40,116,48,99,106,194,180,178,192,109,66,145,102,151,199,0,85,104,17,53,155,121,140,74,188,65,16,190,10,130,5,175,12,43,127,79,42,141,11,114,64,96,177,119,132,75,137,133,81,153,166,24,33,35,36,22,112,93,19,46,146,63];False
4735;6409;11144;[198,29,90,41,187,60,179,47,26,161,115,152,172,59,197,123,31,37,94,118,124,168,34,108,174,196,167,15,156,21,73,82,137,86,181,68,9,45,138,126,143,160,91,18,171,195,7,173,89,144,164,4,84,122,25,23,77,57,186,170,176,3,154,49,76,98,182,139,135,183,51,50,56,92,147,67,32,38,87,165,193,28,44,125,6,88,70,71,162,20,191,61,184,8,72,78,128,101,185,39,80,100,30,134,27,2,97,58,158,62,95,1,117,113,169,142,131,110,54,120,157,136,149,107,55,14,13,111,52,148,83,129,24,150,103,105,69,159,40,116,48,99,106,194,180,178,192,109,66,145,102,151,199,0,85,104,17,53,155,121,140,74,188,65,16,190,10,130,5,175,12,43,127,79,42,141,11,114,64,96,177,119,132,75,163,133,81,153,166,189,33,35,36,22,112,93,19,46,146,63];False
5060;6377;11437;[198,29,90,41,187,60,179,47,26,161,115,152,163,59,197,123,17,37,94,118,124,168,34,108,174,196,167,15,156,21,73,82,172,86,181,68,9,45,138,126,143,160,91,18,171,195,7,173,23,144,164,4,84,122,25,89,77,57,186,170,176,3,154,49,76,98,182,139,135,183,51,50,56,92,147,67,32,38,87,165,193,28,44,125,6,88,70,71,162,20,191,61,184,8,72,78,128,101,185,39,80,100,30,134,27,2,97,58,158,62,95,1,117,113,169,142,131,110,54,120,157,136,149,107,55,14,13,111,52,148,83,129,24,150,103,105,69,159,40,116,48,99,106,194,180,178,192,109,66,145,102,151,199,0,85,104,31,53,155,121,140,74,188,65,16,190,10,130,5,175,12,43,127,79,42,141,11,114,64,96,177,119,132,75,137,133,81,153,166,189,33,35,36,22,112,93,19,46,146,63];True
4842;6397;11239;[198,29,90,41,187,60,179,47,26,161,115,152,163,59,197,123,31,37,94,118,124,168,34,108,174,196,167,15,156,21,73,82,172,86,181,68,9,45,138,126,143,160,91,18,171,195,7,173,89,144,164,4,84,122,25,23,77,57,186,170,176,157,136,49,76,98,182,139,135,183,51,50,56,92,147,67,32,38,87,165,193,28,44,125,6,88,70,71,162,20,191,61,184,8,72,78,128,101,185,39,80,100,30,134,27,2,97,58,158,62,95,1,117,113,169,142,131,110,54,120,3,154,149,107,55,14,13,111,52,148,83,129,24,150,103,105,69,159,40,116,48,99,106,194,180,178,192,109,66,145,102,151,199,0,85,104,17,53,155,121,140,74,188,65,16,190,10,130,5,175,12,43,127,79,42,141,11,114,64,96,177,119,132,75,137,133,81,153,166,189,33,35,36,22,112,93,19,46,146,63];False
5250;6365;11615;[198,29,90,41,187,60,179,47,26,161,115,152,163,59,197,123,106,37,94,118,124,168,34,108,174,196,167,15,156,21,73,82,172,86,181,68,9,45,138,126,143,160,91,18,171,195,7,173,89,144,164,4,84,122,25,23,77,57,186,170,176,3,154,49,39,98,182,139,135,183,48,50,56,92,147,67,32,38,87,165,193,28,44,125,6,88,70,71,162,20,191,61,184,8,72,78,128,101,185,76,80,100,30,134,27,2,97,58,158,62,95,1,117,113,169,142,131,110,54,120,157,136,149,107,55,14,13,111,52,148,83,129,24,150,103,105,69,159,40,116,99,63,31,53,180,178,192,109,66,145,102,151,199,0,85,104,17,194,51,146,140,74,188,65,16,190,10,130,5,175,12,43,127,79,42,141,11,114,64,96,177,119,132,75,137,133,81,153,166,189,33,35,36,22,112,93,19,46,121,155];False
4134;6501;10635;[198,29,90,41,187,128,42,47,26,161,115,152,172,59,197,123,74,37,94,118,124,168,34,108,174,196,167,15,156,21,73,82,137,86,181,68,9,45,138,126,143,160,91,18,171,195,7,173,89,46,164,4,84,122,25,23,77,57,186,170,176,72,154,49,39,11,182,139,135,191,48,50,56,92,147,67,32,61,38,165,193,28,44,125,6,88,70,71,162,20,188,144,184,8,157,78,60,101,185,76,80,100,30,134,27,2,97,58,158,62,95,1,117,113,169,142,131,110,54,120,3,136,149,107,55,14,13,111,52,148,83,129,24,150,103,105,69,159,40,116,140,99,106,194,180,178,192,109,66,145,102,151,199,0,85,104,17,53,155,146,63,31,183,65,16,190,10,130,5,175,12,43,127,79,179,177,98,114,64,96,141,119,132,75,163,133,81,153,166,189,33,35,36,22,112,93,19,87,121,51];False
4212;6487;10699;[198,29,90,41,187,60,42,47,26,161,115,152,172,59,197,123,74,37,94,118,124,168,34,108,174,196,167,15,156,21,73,82,137,86,181,68,9,45,138,126,143,160,91,18,171,195,7,173,89,46,164,4,84,122,25,23,77,57,186,170,176,72,154,49,133,11,182,139,135,191,48,50,56,92,147,67,32,61,38,165,193,28,44,125,6,88,70,71,162,20,188,144,184,8,157,78,128,101,185,76,80,100,30,134,27,2,97,58,158,62,95,1,117,113,169,142,131,110,54,120,3,136,149,107,55,14,13,111,52,148,83,129,24,150,103,105,69,159,40,116,140,99,106,194,180,178,192,109,66,145,102,151,199,0,85,104,17,53,155,146,63,31,183,65,16,190,10,130,5,175,12,43,127,79,179,177,98,114,64,96,141,119,132,75,163,39,81,153,166,189,33,35,36,22,112,93,19,87,121,51];True
4200;6489;10689;[198,29,90,41,187,60,42,47,26,161,115,152,172,59,197,123,74,37,94,118,124,168,34,108,174,196,167,15,156,21,73,82,137,86,181,68,9,45,138,126,143,160,91,18,171,195,7,173,89,46,164,4,84,122,25,23,77,57,186,170,176,72,154,49,39,11,182,139,135,191,48,50,56,92,147,67,32,61,19,165,193,28,44,125,6,88,70,71,162,20,188,144,184,8,157,78,128,101,185,76,80,100,30,134,27,2,97,58,158,62,95,1,117,113,169,142,131,110,54,120,3,136,149,107,55,14,13,111,52,148,83,129,24,150,103,105,69,159,40,116,140,99,106,194,180,178,192,109,66,145,102,151,199,0,85,104,17,53,155,146,63,31,183,65,16,190,10,130,5,175,12,43,127,79,179,177,98,114,64,96,141,119,132,75,163,133,81,153,166,189,33,35,36,22,112,93,38,87,121,51];False
4134;6499;10633;[198,29,90,41,187,60,42,47,26,161,115,152,172,59,197,123,74,37,94,118,124,168,34,108,174,196,167,15,156,21,73,82,137,86,181,68,9,45,138,126,143,160,91,18,171,195,7,173,89,46,164,4,84,122,25,23,77,57,186,170,176,72,154,49,39,11,182,139,135,191,48,50,56,92,147,67,32,61,38,165,193,28,44,125,6,88,70,71,162,20,188,144,184,8,157,78,128,101,185,76,80,100,30,134,27,2,97,58,158,62,95,1,117,113,169,142,131,110,54,120,3,136,149,107,55,14,13,111,52,148,83,129,24,150,103,105,69,159,40,116,140,99,106,194,180,178,192,109,66,145,102,151,199,0,85,104,17,53,155,146,63,31,183,65,16,190,10,130,5,177,12,43,127,79,179,175,98,114,64,96,141,119,132,75,163,133,81,153,166,189,33,35,36,22,112,93,19,87,121,51];False
4126;6503;10629;[198,29,90,41,187,128,42,47,26,161,115,152,172,59,197,123,74,37,94,118,124,168,34,108,174,196,167,15,156,21,73,82,137,86,181,68,9,45,138,126,143,160,91,18,171,195,7,173,89,46,164,4,84,122,25,23,77,57,186,170,176,72,154,49,76,11,182,139,135,191,48,50,56,92,147,67,32,61,19,165,193,28,44,125,6,88,70,71,162,20,188,144,184,8,157,78,60,101,185,39,80,100,30,134,27,2,97,58,158,62,95,1,117,113,169,142,131,110,54,120,3,136,149,107,55,14,13,111,52,148,83,129,24,150,103,105,69,159,40,116,140,99,106,194,180,178,192,109,66,145,102,151,199,0,85,104,17,53,155,146,63,31,183,65,16,190,10,130,5,175,12,43,127,79,179,177,98,114,64,96,141,119,132,75,163,133,81,153,166,189,33,35,36,22,112,93,38,87,121,51];False
4126;6501;10627;[198,29,90,41,187,60,42,47,26,161,115,152,172,59,197,123,74,37,94,118,124,168,34,108,174,196,167,15,156,21,73,82,137,86,181,68,9,45,138,126,143,160,91,18,171,195,7,173,89,46,164,4,84,122,25,23,77,57,186,170,176,72,154,49,76,11,182,139,135,191,48,50,56,92,147,67,32,61,19,165,193,28,44,125,6,88,70,71,162,20,188,144,184,8,157,78,128,101,185,39,80,100,30,134,27,2,97,58,158,62,95,1,117,113,169,142,131,110,54,120,3,136,149,107,55,14,13,111,52,148,83,129,24,150,103,105,69,159,40,116,140,99,106,194,180,178,192,109,66,145,102,151,199,0,85,104,17,53,155,146,63,31,183,65,16,190,10,130,5,177,12,43,127,79,179,175,98,114,64,96,141,119,132,75,163,133,81,153,166,189,33,35,36,22,112,93,38,87,121,51];False
4060;6513;10573;[198,29,90,41,187,128,42,47,26,161,115,152,172,59,197,123,74,37,94,118,124,168,34,108,174,196,167,15,156,21,73,82,137,86,181,68,9,45,138,126,143,160,91,18,171,195,7,173,89,46,164,4,84,122,25,23,77,57,186,170,176,72,154,49,76,11,182,139,135,191,48,50,56,92,147,67,32,61,38,165,193,28,44,125,6,88,70,71,162,20,188,144,184,8,157,78,60,101,185,39,80,100,30,134,27,2,97,58,158,62,95,1,117,113,169,142,131,110,54,120,3,136,149,107,55,14,13,111,52,148,83,129,24,150,103,105,69,159,40,116,140,99,106,194,180,178,192,109,66,145,102,151,199,0,85,104,17,53,155,146,63,31,183,65,16,190,10,130,5,177,12,43,127,79,179,175,98,114,64,96,141,119,132,75,163,133,81,153,166,189,33,35,36,22,112,93,19,87,121,51];False
4083;6511;10594;[198,29,90,41,187,60,42,47,26,161,115,152,172,59,197,123,74,37,94,118,124,168,34,108,174,196,167,15,156,21,73,82,137,86,181,68,9,45,138,126,143,160,91,18,171,195,7,173,89,46,164,4,84,122,25,23,77,57,186,170,176,72,154,49,76,11,182,139,135,191,48,50,56,92,147,67,32,61,38,165,193,28,44,125,6,88,70,71,162,20,188,144,184,8,157,78,128,101,185,39,80,100,30,134,27,2,97,58,158,62,95,1,117,113,169,142,131,110,54,120,3,136,149,107,55,14,13,111,52,148,83,129,24,150,103,105,69,159,40,116,104,99,106,194,180,178,192,109,66,145,102,151,199,0,85,140,17,53,155,146,63,31,183,65,16,190,10,130,5,177,12,43,127,79,179,175,98,114,64,96,141,119,132,75,163,133,81,153,166,189,33,35,36,22,112,93,19,87,121,51];False
4343;6467;10810;[198,29,90,41,187,60,179,47,26,161,115,152,172,59,197,123,74,37,94,118,124,168,34,108,174,196,167,15,156,21,73,82,137,86,181,68,9,45,138,126,143,160,91,18,171,195,7,173,89,46,164,4,84,122,25,23,77,57,186,170,176,72,154,49,133,11,182,139,135,191,48,50,56,92,147,67,32,61,38,165,193,28,44,125,6,88,70,71,162,20,188,144,184,8,157,78,128,101,185,76,80,100,30,134,27,2,97,58,158,62,95,1,117,113,169,142,131,110,54,120,3,136,149,107,55,14,13,111,52,148,83,129,24,150,103,105,69,159,40,116,140,99,106,194,180,178,192,109,66,145,102,151,199,0,85,104,17,53,155,146,63,31,183,65,16,190,10,130,5,175,12,43,127,79,42,141,98,114,64,96,177,119,132,75,163,39,81,153,166,189,33,35,36,22,112,93,19,87,121,51];False
3339;6670;10009;[198,29,90,41,127,60,42,47,26,161,115,152,131,59,197,123,74,37,94,118,124,168,34,108,174,196,167,15,156,21,73,82,172,86,181,68,9,45,138,126,143,160,173,18,199,12,7,136,89,46,164,4,84,122,25,23,77,57,186,170,176,72,154,49,54,11,182,139,135,191,48,50,56,92,147,67,32,61,38,165,193,28,44,16,91,88,70,71,162,20,188,144,184,8,157,78,128,101,185,76,80,100,30,134,27,195,97,58,151,175,6,1,117,2,169,142,137,158,62,120,3,95,149,107,55,14,13,111,52,148,83,129,24,150,103,140,69,159,40,116,105,99,106,194,180,178,192,10,66,145,102,110,171,0,85,104,17,53,155,146,63,31,183,65,125,190,109,130,5,39,113,43,187,179,96,141,98,114,64,79,177,119,132,75,163,133,81,153,166,189,33,35,36,22,112,93,19,87,121,51];False
3347;6669;10016;[198,29,90,41,127,60,177,47,26,161,115,152,131,59,197,123,74,37,94,118,124,168,34,108,174,196,167,15,156,21,73,82,172,86,181,68,9,45,138,126,143,160,173,18,199,12,7,136,89,46,164,4,84,122,25,23,77,57,186,170,176,72,154,49,54,36,182,139,135,191,48,50,56,92,147,67,32,61,38,165,193,28,44,16,91,88,70,71,162,20,188,144,184,8,157,78,128,101,185,76,80,100,30,134,27,195,97,58,151,175,6,1,117,2,169,142,137,158,62,120,3,95,149,107,55,14,13,111,52,148,83,129,24,150,103,140,69,159,40,116,105,99,106,194,180,178,192,10,66,145,102,110,171,0,85,104,17,53,155,146,63,31,183,65,125,190,109,130,5,39,113,43,187,179,96,141,98,114,64,79,42,119,132,75,163,133,81,153,166,189,33,35,11,22,112,93,19,87,121,51];False
3384;6653;10037;[198,29,90,41,127,60,42,47,26,161,115,152,131,59,197,123,74,37,94,118,124,168,34,108,174,196,167,15,156,21,73,82,172,86,181,68,9,45,138,126,143,160,173,18,199,12,7,136,89,46,164,4,84,122,25,23,77,57,186,170,176,72,154,49,54,11,182,139,135,191,48,50,56,92,147,67,32,61,38,165,193,28,44,16,91,88,70,71,162,20,188,144,184,8,157,78,128,101,185,76,80,100,30,134,27,195,97,58,151,175,6,1,117,2,169,142,137,158,62,120,3,95,149,107,55,14,13,111,52,148,83,129,24,150,103,105,69,159,40,116,104,99,106,194,180,178,192,10,66,145,102,110,171,0,85,140,17,53,155,146,63,31,183,65,125,190,109,130,5,39,113,43,187,179,96,141,98,114,64,79,177,119,132,75,163,133,81,153,166,189,33,35,36,22,112,93,19,87,121,51];False
3386;6649;10035;[198,29,90,41,127,60,177,47,26,161,115,152,131,59,197,123,74,37,94,118,124,168,17,108,174,196,167,15,156,21,73,82,172,86,181,68,9,45,138,126,143,160,173,18,199,12,7,136,89,46,164,4,84,122,25,23,77,57,186,170,176,72,154,49,54,11,182,139,135,191,48,50,56,92,147,67,32,61,38,165,193,28,44,16,91,88,70,71,162,20,188,144,184,8,157,78,128,101,185,76,80,100,30,134,27,195,97,58,151,175,6,1,117,2,169,142,137,158,62,120,3,95,149,107,55,14,13,111,52,148,83,129,24,150,103,105,69,159,40,116,104,99,106,194,180,178,192,10,66,145,102,110,171,0,85,140,34,53,155,146,63,31,183,65,125,190,109,130,5,39,113,43,187,179,96,141,98,114,64,79,42,119,132,75,163,133,81,153,166,189,33,35,36,22,112,93,19,87,121,51];False
3353;6663;10016;[198,29,90,41,127,60,177,47,26,161,115,152,131,59,197,123,74,37,94,118,124,168,34,108,174,196,167,15,156,21,73,82,172,86,181,68,9,45,138,126,143,160,173,18,199,12,7,136,89,46,164,4,84,122,25,23,77,57,186,170,176,72,154,49,182,11,54,139,135,191,48,50,56,92,147,67,32,61,38,165,193,28,44,16,91,88,70,71,162,20,188,144,184,8,157,78,128,101,185,76,80,100,30,134,27,195,97,58,151,175,6,1,117,2,169,142,137,158,62,120,3,95,149,107,55,14,13,111,52,148,83,129,24,150,103,105,69,159,40,116,104,99,106,194,180,178,192,10,66,145,102,110,171,0,85,140,17,53,155,146,63,31,183,65,125,190,109,130,5,39,113,43,187,179,96,141,98,114,64,79,42,119,132,75,163,133,81,153,166,189,33,35,36,22,112,93,19,87,121,51];False
3374;6659;10033;[198,29,90,41,127,60,177,47,26,161,115,152,131,59,197,168,74,37,94,118,124,123,17,108,174,196,167,15,156,21,73,82,172,86,181,68,9,45,138,126,143,160,173,18,199,12,7,136,89,46,164,4,84,122,25,23,77,57,186,170,176,72,154,49,54,11,182,139,135,191,48,50,56,92,147,67,32,61,38,165,193,28,44,16,91,88,70,71,162,20,188,144,184,8,157,78,128,101,185,76,80,100,30,134,27,2,97,58,151,175,6,1,117,195,169,142,137,158,62,120,3,95,149,107,55,14,13,111,52,148,83,129,24,150,103,105,69,159,40,116,104,99,106,194,180,178,192,10,66,145,102,110,171,0,85,140,34,53,155,146,63,31,183,65,125,190,109,130,5,39,113,43,187,179,96,141,98,114,64,79,42,119,132,75,163,133,81,153,166,189,33,35,36,22,112,93,19,87,121,51];False
3364;6660;10024;[198,29,90,41,127,60,177,47,26,161,115,152,131,59,197,123,74,37,94,118,124,168,17,108,174,196,167,15,156,21,73,82,172,86,181,68,9,45,138,126,143,160,173,18,199,12,7,136,89,46,164,4,84,122,25,23,77,57,186,170,176,72,154,49,182,11,54,139,135,191,48,50,56,92,147,67,32,61,38,165,193,28,44,16,91,88,70,71,162,20,188,144,184,8,157,78,128,101,185,76,80,100,30,134,27,2,97,58,151,175,6,1,117,195,169,142,137,158,62,120,3,95,149,107,55,14,13,111,52,148,83,129,24,150,103,105,69,159,40,116,104,99,106,194,180,178,192,10,66,145,102,110,171,0,85,140,34,53,155,146,63,31,183,65,125,190,109,130,5,39,113,43,187,179,96,141,98,114,64,79,42,119,132,75,163,133,81,153,166,189,33,35,36,22,112,93,19,87,121,51];False
3328;6675;10003;[198,29,90,41,127,60,177,47,26,161,115,152,131,59,197,123,74,37,94,118,124,168,17,108,174,196,167,15,156,21,73,82,172,86,181,68,9,45,138,126,143,160,173,18,199,12,7,136,89,46,164,4,84,122,25,23,77,57,186,170,176,72,154,49,54,11,182,139,135,191,48,50,56,92,147,67,32,61,38,165,193,28,44,16,91,88,70,71,162,20,188,144,184,8,157,78,128,101,185,76,80,100,30,134,27,2,97,58,151,175,6,1,117,195,169,142,137,158,62,120,3,95,149,107,55,14,13,111,112,148,83,129,24,150,103,105,69,159,40,116,104,99,106,194,180,178,192,10,66,145,102,110,171,0,85,140,34,53,155,146,63,31,183,65,125,190,109,130,5,39,113,43,187,179,96,141,98,114,64,79,42,119,132,75,163,133,81,153,166,189,33,35,36,22,52,93,19,87,121,51];False
3475;6626;10101;[198,29,90,41,127,60,177,47,26,161,115,152,131,59,197,123,74,37,94,118,124,168,17,108,174,196,167,15,156,21,73,82,172,86,181,68,9,45,138,126,143,160,173,18,199,12,7,136,89,46,164,4,84,122,25,23,77,57,186,170,176,72,154,49,54,11,182,139,135,191,48,50,56,92,147,67,32,61,38,165,193,28,44,16,91,88,70,71,162,20,188,144,184,8,157,78,128,101,185,76,80,100,30,134,27,2,97,58,151,175,6,1,117,195,169,142,137,158,62,120,3,95,149,107,55,14,13,111,52,148,83,129,24,150,103,105,69,159,40,116,104,99,106,194,180,178,192,109,66,145,102,110,171,0,85,140,34,53,155,146,63,31,183,65,125,190,10,130,5,39,113,43,187,179,96,141,98,114,64,79,42,119,132,75,163,133,81,153,166,189,33,35,36,22,112,93,19,87,121,51];False
3557;6606;10163;[198,29,90,41,127,60,177,47,26,161,115,152,131,54,197,123,74,37,94,118,124,168,34,108,174,196,167,15,156,21,73,82,172,86,181,68,9,45,138,126,143,160,173,18,199,12,7,136,89,46,164,4,84,122,25,23,77,57,186,170,176,72,154,49,59,11,182,139,135,191,48,50,56,92,147,67,32,61,38,165,193,28,44,16,91,88,70,71,162,20,188,144,184,8,157,78,128,101,185,76,80,100,30,134,27,2,97,58,151,175,6,1,117,195,169,142,137,158,62,120,3,95,149,107,55,14,13,111,52,148,83,129,24,150,103,105,69,159,40,116,104,99,106,194,180,178,192,109,66,145,102,110,171,0,85,140,17,53,155,146,63,31,183,65,125,190,10,130,5,39,113,43,187,179,96,141,98,114,64,79,42,119,132,75,163,133,81,153,166,189,33,35,36,22,112,93,19,87,121,51];False
3516;6609;10125;[198,29,90,41,127,60,177,47,26,161,115,152,49,54,197,123,74,37,94,118,124,168,34,108,174,196,167,15,156,21,73,82,172,86,181,68,9,45,138,126,143,160,173,18,199,12,7,136,89,46,164,4,84,122,25,23,77,57,186,170,176,72,154,131,59,11,182,139,135,191,48,50,56,92,147,67,32,61,38,165,193,28,44,16,91,88,70,71,162,20,188,144,184,8,157,78,128,101,185,76,80,100,30,134,27,2,97,58,151,175,6,1,117,195,169,142,137,158,62,120,3,95,149,107,55,14,13,111,52,148,83,129,24,150,103,105,69,159,40,116,140,99,106,194,180,178,192,109,66,145,102,110,171,0,85,104,17,53,155,146,63,31,183,65,125,190,10,130,5,39,113,43,187,179,96,141,98,114,64,79,42,119,132,75,163,133,81,153,166,189,33,35,36,22,112,93,19,87,121,51];False
3551;6605;10156;[198,29,90,41,127,60,177,47,26,161,115,152,131,54,197,123,74,37,94,118,124,168,34,108,174,196,167,15,156,21,73,82,49,86,181,68,9,45,138,126,143,160,173,18,199,12,7,136,89,46,164,4,84,122,25,23,77,57,186,170,176,72,154,172,59,11,182,139,135,191,48,50,56,92,147,67,32,61,38,165,193,28,44,16,91,88,70,71,162,20,188,144,184,8,157,78,128,101,185,76,80,100,30,134,27,2,97,58,151,175,6,1,117,195,169,142,137,158,62,120,3,95,149,107,55,14,13,111,52,148,83,129,24,150,103,105,69,159,40,116,140,99,106,194,180,178,192,109,66,145,102,110,171,0,85,104,17,53,155,146,63,31,183,65,125,190,10,130,5,39,113,43,187,179,96,141,98,114,64,79,42,119,132,75,163,133,81,153,166,189,33,35,36,22,112,93,19,87,121,51];False
3738;6572;10310;[198,29,90,41,187,179,177,47,26,161,115,152,131,54,197,123,74,37,94,118,124,168,34,108,174,196,167,15,156,21,73,82,172,86,181,68,9,45,138,126,143,160,173,18,199,12,7,136,89,46,164,4,84,122,25,23,77,57,186,170,176,72,154,49,59,11,182,139,135,191,48,50,56,92,147,67,32,61,38,165,193,28,44,125,91,88,70,71,162,20,188,144,184,8,157,78,128,101,185,76,80,100,30,134,27,2,97,58,151,175,6,1,117,195,169,142,137,158,62,120,3,95,149,107,55,14,13,111,52,148,83,129,24,150,103,105,69,159,40,116,140,99,106,194,180,178,192,109,66,145,102,110,171,0,85,104,17,53,155,146,63,31,183,65,16,190,10,130,5,39,113,43,127,60,96,141,98,114,64,79,42,119,132,75,163,133,81,153,166,189,33,35,36,22,112,93,19,87,121,51];False
3749;6567;10316;[198,29,90,41,187,60,177,47,26,161,115,152,49,54,197,123,74,37,94,118,124,168,34,108,174,196,167,15,156,21,73,82,172,86,181,68,9,45,138,126,143,160,173,18,199,12,7,136,89,46,164,4,84,122,25,23,77,57,186,170,176,72,154,131,59,11,182,139,135,191,48,50,56,92,147,67,32,61,38,165,193,28,44,125,91,88,70,71,162,20,188,144,184,8,157,78,128,101,185,76,80,100,30,134,27,2,97,58,151,175,6,1,117,195,169,142,137,158,62,120,3,95,149,107,55,14,13,111,52,148,83,129,24,150,103,105,69,159,40,116,140,99,106,194,180,178,192,109,66,145,102,110,171,0,85,104,17,53,155,146,63,31,183,65,16,190,10,130,5,39,113,43,127,179,96,141,98,114,64,79,42,119,132,75,163,133,81,153,166,189,33,35,36,22,112,93,19,87,121,51];False
3784;6563;10347;[198,29,90,41,187,60,177,47,26,161,115,152,131,54,197,123,74,37,94,118,124,168,34,108,174,196,167,15,156,21,73,82,49,86,181,68,9,45,138,126,143,160,173,18,199,12,7,136,89,46,164,4,84,122,25,23,77,57,186,170,176,72,154,172,59,11,182,139,135,191,48,50,56,92,147,67,32,61,38,165,193,28,44,125,91,88,70,71,162,20,188,144,184,8,157,78,128,101,185,76,80,100,30,134,27,2,97,58,151,175,6,1,117,195,169,142,137,158,62,120,3,95,149,107,55,14,13,111,52,148,83,129,24,150,103,105,69,159,40,116,140,99,106,194,180,178,192,109,66,145,102,110,171,0,85,104,17,53,155,146,63,31,183,65,16,190,10,130,5,39,113,43,127,179,96,141,98,114,64,79,42,119,132,75,163,133,81,153,166,189,33,35,36,22,112,93,19,87,121,51];False
3834;6555;10389;[198,29,90,41,187,60,177,47,26,161,115,152,131,54,197,123,74,37,94,118,124,168,34,108,174,196,167,15,156,21,73,82,172,86,181,68,9,45,138,126,143,160,173,18,171,12,7,136,89,46,164,4,84,122,25,23,77,57,186,170,176,72,154,49,59,11,182,139,135,191,48,50,56,92,147,67,32,61,38,165,193,28,44,125,91,88,70,71,162,20,188,144,184,8,157,78,128,101,185,76,80,100,30,134,27,2,97,58,151,175,6,1,117,195,169,142,137,158,62,120,3,95,149,107,55,14,13,111,52,148,83,129,24,150,103,105,69,159,40,116,140,99,106,194,180,178,192,109,66,145,102,110,199,0,85,104,17,53,155,146,63,31,183,65,16,190,10,130,5,39,113,43,127,179,96,141,98,114,64,79,42,119,132,75,163,133,81,153,166,189,33,35,36,22,112,93,19,87,121,51];False
3833;6554;10387;[198,29,90,41,187,60,177,47,26,161,115,152,131,54,197,123,74,37,94,118,124,168,34,108,174,196,167,15,156,21,73,82,172,86,181,68,9,45,138,126,143,160,173,18,199,12,7,136,89,46,164,4,84,122,25,23,77,57,186,170,176,72,154,49,59,11,182,139,135,191,48,50,56,92,147,67,32,61,19,165,193,28,44,125,91,88,70,71,162,20,188,144,184,8,157,78,128,101,185,76,80,100,30,134,27,2,97,58,151,175,6,1,117,195,169,142,137,158,62,120,3,95,149,107,55,14,13,111,52,148,83,129,24,150,103,105,69,159,40,116,140,99,106,194,180,178,192,109,66,145,102,110,171,0,85,104,17,53,155,146,63,31,183,65,16,190,10,130,5,39,113,43,127,179,96,141,98,114,64,79,42,119,132,75,163,133,81,153,166,189,33,35,36,22,112,93,38,87,121,51];False
3926;6538;10464;[198,29,90,41,187,60,177,47,26,161,115,152,131,54,197,123,74,37,94,118,124,168,34,108,174,196,167,15,156,21,73,82,172,86,181,68,9,45,138,126,143,160,173,18,199,12,7,136,89,46,164,4,84,122,25,23,77,57,186,170,176,72,154,49,59,11,182,139,135,191,48,50,56,92,147,67,32,61,38,165,193,28,44,125,91,88,70,71,162,20,188,144,184,8,157,78,128,101,185,76,80,100,30,134,27,2,97,58,151,175,6,1,117,113,169,142,137,158,62,120,3,95,149,107,55,14,13,111,52,148,83,129,24,150,103,105,69,159,40,116,140,99,106,194,180,178,192,109,66,145,102,110,171,0,85,104,17,53,155,146,63,31,183,65,16,190,10,130,5,39,195,43,127,179,96,141,98,114,64,79,42,119,132,75,163,133,81,153,166,189,33,35,36,22,112,93,19,87,121,51];False
3839;6552;10391;[198,29,90,41,187,60,177,47,26,161,115,152,131,54,197,123,74,37,94,118,124,168,34,108,174,196,167,15,156,21,73,82,172,86,181,68,9,45,138,126,143,160,173,18,199,12,7,136,89,46,164,4,84,122,25,23,77,57,186,170,176,72,154,49,59,11,182,139,135,191,48,50,56,92,147,67,32,61,38,165,193,28,44,125,91,88,70,71,162,20,188,144,184,8,157,78,128,101,185,76,80,100,30,134,27,2,97,58,151,175,6,1,117,195,169,142,163,158,62,120,3,95,149,107,55,14,13,111,52,148,83,129,24,150,103,105,69,159,40,116,140,99,106,194,180,178,192,109,66,145,102,110,171,0,85,104,17,53,155,146,63,31,183,65,16,190,10,130,5,39,113,43,127,179,96,141,98,114,64,79,42,119,132,75,137,133,81,153,166,189,33,35,36,22,112,93,19,87,121,51];False
3558;6604;10162;[198,29,90,41,127,60,42,47,26,161,115,152,49,54,197,123,74,37,94,118,124,168,34,108,174,196,167,15,156,21,73,82,172,86,181,68,9,45,138,126,143,160,173,18,199,12,7,136,89,46,164,4,84,122,25,23,77,57,186,170,176,72,154,131,59,11,182,139,135,191,48,50,56,92,147,67,32,61,38,165,193,28,44,125,91,88,70,71,162,20,188,144,184,8,157,78,128,101,185,76,80,100,30,134,27,2,97,58,151,175,6,1,117,195,169,142,137,158,62,120,3,95,149,107,55,14,13,111,52,148,83,129,24,150,103,105,69,159,40,116,140,99,106,194,180,178,192,109,66,145,102,110,171,0,85,104,17,53,155,146,63,31,183,65,16,190,10,130,5,39,113,43,187,179,96,141,98,114,64,79,177,119,132,75,163,133,81,153,166,189,33,35,36,22,112,93,19,87,121,51];False
3603;6592;10195;[198,29,90,41,127,60,177,47,26,161,115,152,49,54,197,123,74,37,94,118,124,168,34,108,174,196,167,15,156,21,73,82,172,86,181,68,9,45,138,126,143,160,173,18,171,12,7,136,89,46,164,4,84,122,25,23,77,57,186,170,176,72,154,131,59,11,182,139,135,191,48,50,56,92,147,67,32,61,38,165,193,28,44,125,91,88,70,71,162,20,188,144,184,8,157,78,128,101,185,76,80,100,30,134,27,2,97,58,151,175,6,1,117,195,169,142,137,158,62,120,3,95,149,107,55,14,13,111,52,148,83,129,24,150,103,105,69,159,40,116,140,99,106,194,180,178,192,109,66,145,102,110,199,0,85,104,17,53,155,146,63,31,183,65,16,190,10,130,5,39,113,43,187,179,96,141,98,114,64,79,42,119,132,75,163,133,81,153,166,189,33,35,36,22,112,93,19,87,121,51];False
3596;6591;10187;[198,29,90,41,127,60,177,47,26,161,115,152,49,54,197,123,74,37,94,118,124,168,34,108,174,196,167,15,156,21,73,82,172,86,181,68,9,45,138,126,143,160,173,18,199,12,7,136,89,46,164,4,84,122,25,23,77,57,186,170,176,72,154,100,59,11,182,139,135,191,48,50,56,92,147,67,32,61,38,165,193,28,44,125,91,88,70,71,162,20,188,144,184,8,157,78,128,101,185,76,80,131,30,134,27,2,97,58,151,175,6,1,117,195,169,142,137,158,62,120,3,95,149,107,55,14,13,111,52,148,83,129,24,150,103,105,69,159,40,116,140,99,106,194,180,178,192,109,66,145,102,110,171,0,85,104,17,53,155,146,63,31,183,65,16,190,10,130,5,39,113,43,187,179,96,141,98,114,64,79,42,119,132,75,163,133,81,153,166,189,33,35,36,22,112,93,19,87,121,51];False
3584;6589;10173;[198,29,90,41,127,60,177,47,26,161,115,152,49,54,197,123,74,37,94,118,124,168,34,108,174,196,167,15,156,21,73,82,172,86,181,68,9,45,138,126,143,160,173,18,199,12,7,136,89,46,164,4,84,122,25,23,77,57,186,170,176,72,154,137,59,11,182,139,135,191,48,50,56,92,147,67,32,61,38,165,193,28,44,125,91,88,70,71,162,20,188,144,184,8,157,78,128,101,185,76,80,100,30,134,27,2,97,58,151,175,6,1,117,195,169,142,131,158,62,120,3,95,149,107,55,14,13,111,52,148,83,129,24,150,103,105,69,159,40,116,140,99,106,194,180,178,192,109,66,145,102,110,171,0,85,104,17,53,155,146,63,31,183,65,16,190,10,130,5,39,113,43,187,179,96,141,98,114,64,79,42,119,132,75,163,133,81,153,166,189,33,35,36,22,112,93,19,87,121,51];False
3645;6586;10231;[198,29,90,41,127,60,177,47,26,161,115,152,131,54,197,123,74,37,94,118,124,168,34,108,174,196,167,15,156,21,73,82,172,86,181,68,61,45,138,126,143,160,173,18,199,12,7,136,89,46,164,4,84,122,25,23,77,57,186,170,176,72,154,49,59,11,182,139,135,191,48,50,56,92,147,67,32,38,9,165,193,28,44,125,91,88,70,71,162,20,188,144,184,8,157,78,128,101,185,76,80,100,30,134,27,2,97,58,151,175,6,1,117,195,169,142,137,158,62,120,3,95,149,107,55,14,13,111,52,148,83,129,24,150,103,105,69,159,40,116,140,99,106,194,180,178,192,109,66,145,102,110,171,0,85,104,17,53,155,146,63,31,183,65,16,190,10,130,5,39,113,43,187,179,96,141,98,114,64,79,42,119,132,75,163,133,81,153,166,189,33,35,36,22,112,93,19,87,121,51];False
3716;6576;10292;[198,29,90,41,127,60,177,47,26,161,115,152,131,54,197,123,74,37,94,118,124,168,34,108,174,196,167,15,156,21,73,82,172,86,181,68,9,45,138,126,143,160,173,18,199,12,7,136,89,46,164,4,84,122,25,23,77,57,186,170,176,72,154,49,59,11,182,139,135,191,48,50,56,92,147,67,32,19,61,165,193,28,44,125,91,88,70,71,162,20,188,144,184,8,157,78,128,101,185,76,80,100,30,134,27,2,97,58,151,175,6,1,117,195,169,142,137,158,62,120,3,95,149,107,55,14,13,111,52,148,83,129,24,150,103,105,69,159,40,116,140,99,106,194,180,178,192,109,66,145,102,110,171,0,85,104,17,53,155,146,63,31,183,65,16,190,10,130,5,39,113,43,187,179,96,141,98,114,64,79,42,119,132,75,163,133,81,153,166,189,33,35,36,22,112,93,38,87,121,51];False
3814;6559;10373;[198,29,90,41,127,60,177,47,26,161,115,152,131,54,197,123,74,37,94,118,124,168,34,108,174,196,167,15,156,21,73,82,172,86,181,68,9,45,138,126,143,160,173,18,199,12,7,136,89,46,164,4,84,122,25,23,77,57,186,170,176,72,154,49,59,11,182,139,135,191,48,50,56,92,147,67,32,38,61,165,193,28,44,125,91,88,70,71,162,20,188,144,184,8,157,78,128,101,185,76,80,100,30,134,27,2,97,58,151,175,6,1,117,113,169,142,137,158,62,120,3,95,149,107,55,14,13,111,52,148,83,129,24,150,103,105,69,159,40,116,140,99,106,194,180,178,192,109,66,145,102,110,171,0,85,104,17,53,155,146,63,31,183,65,16,190,10,130,5,39,195,43,187,179,96,141,98,114,64,79,42,119,132,75,163,133,81,153,166,189,33,35,36,22,112,93,19,87,121,51];False
3727;6573;10300;[198,29,90,41,127,60,177,47,26,161,115,152,131,54,197,123,74,37,94,118,124,168,34,108,174,196,167,15,156,21,73,82,172,86,181,68,9,45,138,126,143,160,173,18,199,12,7,136,89,46,164,4,84,122,25,23,77,57,186,170,176,72,154,49,59,11,182,139,135,191,48,50,56,92,147,67,32,38,61,165,193,28,44,125,91,88,70,71,162,20,188,144,184,8,157,78,128,101,185,76,80,100,30,134,27,2,97,58,151,175,6,1,117,195,169,142,163,158,62,120,3,95,149,107,55,14,13,111,52,148,83,129,24,150,103,105,69,159,40,116,140,99,106,194,180,178,192,109,66,145,102,110,171,0,85,104,17,53,155,146,63,31,183,65,16,190,10,130,5,39,113,43,187,179,96,141,98,114,64,79,42,119,132,75,137,133,81,153,166,189,33,35,36,22,112,93,19,87,121,51];False
3637;6587;10224;[198,29,90,41,127,60,177,47,26,161,115,152,131,54,197,123,74,37,94,118,124,168,34,108,174,196,167,15,156,21,73,82,49,86,181,68,9,45,138,126,143,160,173,18,199,12,7,136,89,46,164,4,84,122,25,23,77,57,186,170,176,72,154,172,59,11,182,139,135,191,48,50,56,92,147,67,32,61,19,165,193,28,44,125,91,88,70,71,162,20,188,144,184,8,157,78,128,101,185,76,80,100,30,134,27,2,97,58,151,175,6,1,117,195,169,142,137,158,62,120,3,95,149,107,55,14,13,111,52,148,83,129,24,150,103,105,69,159,40,116,140,99,106,194,180,178,192,109,66,145,102,110,171,0,85,104,17,53,155,146,63,31,183,65,16,190,10,130,5,39,113,43,187,179,96,141,98,114,64,79,42,119,132,75,163,133,81,153,166,189,33,35,36,22,112,93,38,87,121,51];False
3779;6562;10341;[198,29,90,41,127,60,177,47,26,161,115,152,131,54,197,123,74,37,94,118,124,168,34,108,174,196,167,15,156,21,73,82,172,86,181,68,9,45,138,126,143,160,173,18,199,12,7,136,89,46,164,4,84,122,25,23,77,57,186,170,176,72,154,49,59,11,182,139,135,191,48,50,56,92,147,67,32,61,19,165,193,28,44,125,91,88,70,71,162,20,188,144,184,8,157,78,128,101,185,76,80,100,30,134,27,2,97,58,151,175,6,1,117,113,169,142,137,158,62,120,3,95,149,107,55,14,13,111,52,148,83,129,24,150,103,105,69,159,40,116,140,99,106,194,180,178,192,109,66,145,102,110,171,0,85,104,17,53,155,146,63,31,183,65,16,190,10,130,5,39,195,43,187,179,96,141,98,114,64,79,42,119,132,75,163,133,81,153,166,189,33,35,36,22,112,93,38,87,121,51];False
3692;6576;10268;[198,29,90,41,127,60,177,47,26,161,115,152,131,54,197,123,74,37,94,118,124,168,34,108,174,196,167,15,156,21,73,82,172,86,181,68,9,45,138,126,143,160,173,18,199,12,7,136,89,46,164,4,84,122,25,23,77,57,186,170,176,72,154,49,59,11,182,139,135,191,48,50,56,92,147,67,32,61,19,165,193,28,44,125,91,88,70,71,162,20,188,144,184,8,157,78,128,101,185,76,80,100,30,134,27,2,97,58,151,175,6,1,117,195,169,142,163,158,62,120,3,95,149,107,55,14,13,111,52,148,83,129,24,150,103,105,69,159,40,116,140,99,106,194,180,178,192,109,66,145,102,110,171,0,85,104,17,53,155,146,63,31,183,65,16,190,10,130,5,39,113,43,187,179,96,141,98,114,64,79,42,119,132,75,137,133,81,153,166,189,33,35,36,22,112,93,38,87,121,51];False
3695;6575;10270;[198,29,90,41,127,60,177,47,26,161,115,152,49,54,197,123,74,37,94,118,124,168,34,108,174,196,167,15,156,21,73,82,172,86,181,68,9,45,138,126,143,160,173,18,199,12,7,136,89,46,164,4,84,122,25,23,77,57,186,170,176,72,154,131,59,11,182,139,135,191,48,50,56,92,147,67,32,61,38,165,193,28,44,125,91,88,70,71,162,20,188,144,184,8,157,78,128,101,185,76,80,100,30,134,27,2,97,58,151,175,6,1,117,113,169,142,137,158,62,120,3,95,149,107,55,14,13,111,52,148,83,129,24,150,103,105,69,159,40,116,140,99,106,194,180,178,192,109,66,145,102,110,171,0,85,104,17,53,155,146,63,31,183,65,16,190,10,130,5,39,195,43,187,179,96,141,98,114,64,79,42,119,132,75,163,133,81,153,166,189,33,35,36,22,112,93,19,87,121,51];False
3730;6571;10301;[198,29,90,41,127,60,177,47,26,161,115,152,131,54,197,123,74,37,94,118,124,168,34,108,174,196,167,15,156,21,73,82,49,86,181,68,9,45,138,126,143,160,173,18,199,12,7,136,89,46,164,4,84,122,25,23,77,57,186,170,176,72,154,172,59,11,182,139,135,191,48,50,56,92,147,67,32,61,38,165,193,28,44,125,91,88,70,71,162,20,188,144,184,8,157,78,128,101,185,76,80,100,30,134,27,2,97,58,151,175,6,1,117,113,169,142,137,158,62,120,3,95,149,107,55,14,13,111,52,148,83,129,24,150,103,105,69,159,40,116,140,99,106,194,180,178,192,109,66,145,102,110,171,0,85,104,17,53,155,146,63,31,183,65,16,190,10,130,5,39,195,43,187,179,96,141,98,114,64,79,42,119,132,75,163,133,81,153,166,189,33,35,36,22,112,93,19,87,121,51];False
3785;6560;10345;[198,29,90,41,127,60,177,47,26,161,115,152,131,54,197,123,74,37,94,118,124,168,34,108,174,196,167,15,156,21,73,82,172,86,181,68,9,45,138,126,143,160,173,18,199,12,7,136,89,46,164,4,84,122,25,23,77,57,186,170,176,72,154,49,59,11,182,139,135,191,48,50,56,92,147,67,32,61,38,165,193,28,44,125,91,88,70,71,162,20,188,144,184,8,157,78,128,101,185,76,80,100,30,134,27,2,97,58,151,175,6,1,117,113,169,142,163,158,62,120,3,95,149,107,55,14,13,111,52,148,83,129,24,150,103,105,69,159,40,116,140,99,106,194,180,178,192,109,66,145,102,110,171,0,85,104,17,53,155,146,63,31,183,65,16,190,10,130,5,39,195,43,187,179,96,141,98,114,64,79,42,119,132,75,137,133,81,153,166,189,33,35,36,22,112,93,19,87,121,51];False
3643;6585;10228;[198,29,90,41,127,60,177,47,26,161,115,152,131,54,197,123,74,37,94,118,124,168,34,108,174,196,167,15,156,21,73,82,49,86,181,68,9,45,138,126,143,160,173,18,199,12,7,136,89,46,164,4,84,122,25,23,77,57,186,170,176,72,154,172,59,11,182,139,135,191,48,50,56,92,147,67,32,61,38,165,193,28,44,125,91,88,70,71,162,20,188,144,184,8,157,78,128,101,185,76,80,100,30,134,27,2,97,58,151,175,6,1,117,195,169,142,163,158,62,120,3,95,149,107,55,14,13,111,52,148,83,129,24,150,103,105,69,159,40,116,140,99,106,194,180,178,192,109,66,145,102,110,171,0,85,104,17,53,155,146,63,31,183,65,16,190,10,130,5,39,113,43,187,179,96,141,98,114,64,79,42,119,132,75,137,133,81,153,166,189,33,35,36,22,112,93,19,87,121,51];False
3345;6669;10014;[198,29,90,41,127,60,42,47,26,161,115,152,131,59,197,123,74,37,94,118,124,168,34,108,174,196,167,15,156,21,73,82,172,86,181,68,9,45,138,126,143,160,173,18,199,12,7,136,89,46,164,4,84,122,25,23,77,57,186,170,176,72,154,49,62,11,182,139,135,191,48,50,56,92,147,67,32,61,38,165,193,28,44,16,91,88,70,71,162,20,188,144,184,8,157,78,128,101,185,76,80,100,30,134,27,195,97,58,151,175,6,1,117,2,169,142,137,158,54,120,3,95,149,107,55,14,13,111,52,148,83,129,24,150,103,140,69,159,40,116,105,99,106,194,180,178,192,10,66,145,102,110,171,0,85,104,17,53,155,146,63,31,183,65,125,190,109,130,5,39,113,43,187,179,96,177,98,114,64,79,141,119,132,75,163,133,81,153,166,189,33,35,36,22,112,93,19,87,121,51];False
3325;6673;9998;[198,29,90,41,127,60,42,119,26,161,115,152,131,59,197,123,74,37,94,118,124,168,17,108,174,196,167,15,156,21,73,82,172,86,181,68,9,45,138,126,143,160,173,18,199,12,7,136,89,46,164,4,84,122,25,23,77,57,186,170,176,72,154,49,62,95,182,139,135,191,48,50,56,92,147,67,32,61,38,165,193,28,44,16,91,88,70,71,162,20,188,144,184,8,157,78,128,101,185,76,80,100,30,134,27,195,97,58,151,175,6,1,117,2,169,142,137,158,54,120,3,11,149,107,55,14,13,111,52,148,83,129,24,150,103,105,69,159,40,116,104,99,106,194,180,178,192,10,66,145,102,110,171,0,85,140,34,53,155,146,63,31,183,65,125,190,109,130,5,39,113,43,187,179,96,141,98,114,64,79,177,47,132,75,163,133,81,153,166,189,33,35,36,22,112,93,19,87,121,51];False
3374;6657;10031;[198,29,90,41,127,60,42,47,26,161,115,152,131,59,197,123,74,37,94,118,124,168,17,108,174,196,167,15,156,21,73,82,172,86,181,68,9,45,138,126,143,160,173,18,199,12,7,136,89,46,164,4,84,122,25,23,77,57,186,170,176,72,154,49,62,11,182,139,135,191,48,50,56,92,147,67,32,61,38,165,193,28,44,16,91,88,70,71,162,20,188,144,184,8,157,78,128,101,185,76,80,100,30,134,27,195,97,58,151,175,6,1,117,2,169,142,137,158,54,120,3,95,149,107,55,14,13,111,52,148,83,129,24,150,103,105,69,159,40,116,104,99,106,194,180,178,192,10,66,145,102,110,171,0,85,140,34,53,155,146,63,31,183,65,125,190,109,130,5,39,113,43,187,179,96,141,98,114,64,79,177,119,132,75,163,133,81,153,166,189,33,35,36,22,112,93,19,87,121,51];False
3370;6655;10025;[198,29,90,41,127,60,42,47,26,161,115,152,131,59,197,123,74,37,94,118,124,168,17,108,174,196,167,15,156,21,73,82,172,86,181,68,9,45,138,126,143,160,173,18,199,12,7,136,89,46,164,4,84,122,25,23,77,57,186,170,176,72,154,49,62,95,182,139,135,191,48,50,56,92,147,67,32,61,38,165,193,28,44,16,91,88,70,71,162,20,188,144,184,8,157,78,128,101,185,76,80,100,30,134,27,195,97,58,151,175,6,1,117,2,169,142,137,158,54,120,3,11,149,107,55,14,13,111,52,148,83,129,24,150,103,105,69,159,40,116,104,99,106,194,180,178,192,10,66,145,102,110,171,0,85,140,34,53,155,146,63,31,183,65,125,190,109,130,5,39,113,43,187,179,96,177,98,114,64,79,141,119,132,75,163,133,81,153,166,189,33,35,36,22,112,93,19,87,121,51];False
3381;6652;10033;[198,29,90,41,127,60,177,47,26,161,115,152,131,59,197,123,74,37,94,118,124,168,17,108,174,196,167,15,156,21,73,82,172,86,181,68,9,45,138,126,143,160,173,18,199,12,7,136,89,46,164,4,84,122,25,23,77,57,186,170,176,72,154,49,62,195,182,139,135,191,48,50,56,92,147,67,32,61,38,165,193,28,44,16,91,88,70,71,162,20,188,144,184,8,157,78,128,101,185,76,80,100,30,134,27,11,97,58,151,175,6,1,117,2,169,142,137,158,54,120,3,95,149,107,55,14,13,111,52,148,83,129,24,150,103,105,69,159,40,116,104,99,106,194,180,178,192,10,66,145,102,110,171,0,85,140,34,53,155,146,63,31,183,65,125,190,109,130,5,39,113,43,187,179,96,141,98,114,64,79,42,119,132,75,163,133,81,153,166,189,33,35,36,22,112,93,19,87,121,51];False
4682;6422;11104;[198,29,90,41,187,60,179,47,26,161,115,152,163,122,197,123,31,37,94,118,124,168,34,108,174,196,167,15,156,21,73,82,172,86,181,68,9,45,138,126,143,160,91,18,171,195,7,173,89,46,164,4,84,59,25,23,77,57,186,170,176,72,154,49,76,98,182,139,135,183,51,50,56,92,147,67,32,38,87,165,193,28,44,125,6,88,70,71,162,20,191,61,184,8,157,78,128,101,185,39,80,100,30,134,27,2,97,58,158,62,95,1,117,113,169,142,131,110,54,120,3,136,149,107,55,14,13,111,52,148,83,129,24,150,103,105,69,159,40,116,48,99,106,194,180,178,192,109,66,145,102,151,199,0,85,104,17,53,155,146,140,74,188,65,16,190,10,130,5,175,12,43,127,79,42,141,11,114,64,96,177,119,132,75,137,133,81,153,166,189,33,35,36,22,112,93,19,144,121,63];False
4722;6413;11135;[198,29,90,41,187,60,179,47,26,161,115,152,163,59,197,123,17,37,94,118,124,168,34,108,174,196,167,15,156,21,73,82,172,86,181,68,9,45,138,126,143,160,91,18,171,195,7,173,89,46,164,4,84,122,25,23,77,57,186,170,176,72,154,49,76,98,182,139,135,183,51,50,56,92,147,67,32,38,87,165,193,28,44,125,6,88,70,71,162,20,191,61,184,8,157,78,128,101,185,39,80,100,30,134,27,2,97,58,158,62,95,1,117,113,169,142,131,110,54,120,3,136,149,107,55,14,13,111,52,148,83,129,24,150,103,105,69,159,40,116,48,99,106,194,180,178,192,109,66,145,102,151,199,0,85,104,31,53,155,146,140,74,188,65,16,190,10,130,5,175,12,43,127,79,42,141,11,114,64,96,177,119,132,75,137,133,81,153,166,189,33,35,36,22,112,93,19,144,121,63];False
4656;6425;11081;[198,29,90,41,187,60,179,47,26,161,115,152,163,59,197,123,31,37,94,118,124,168,34,108,174,196,167,15,156,21,73,82,172,86,181,68,9,45,138,126,143,160,91,18,171,195,7,173,89,46,164,4,84,122,25,23,77,57,186,170,176,72,154,49,76,98,182,139,135,183,51,50,56,92,147,67,32,38,87,165,193,28,44,125,6,88,70,71,162,20,191,61,184,8,157,78,128,101,185,39,80,100,30,134,27,2,97,58,110,62,95,1,117,113,169,142,131,158,54,120,3,136,149,107,55,14,13,111,52,148,83,129,24,150,103,105,69,159,40,116,48,99,106,194,180,178,192,109,66,145,102,151,199,0,85,104,17,53,155,146,140,74,188,65,16,190,10,130,5,175,12,43,127,79,42,141,11,114,64,96,177,119,132,75,137,133,81,153,166,189,33,35,36,22,112,93,19,144,121,63];False
4680;6422;11102;[198,29,90,41,187,60,179,47,26,161,115,152,163,59,197,123,31,37,94,118,124,168,34,108,174,196,167,15,156,21,73,82,172,86,181,68,9,45,138,126,143,160,91,18,171,195,7,173,89,46,164,4,84,122,25,23,77,57,186,170,176,72,154,49,76,98,182,139,135,183,51,50,56,92,147,67,32,38,87,165,193,28,44,125,6,88,70,71,162,20,191,61,184,8,157,78,128,101,185,39,80,100,30,134,27,2,97,58,158,62,95,1,117,113,169,142,131,110,54,120,3,136,149,107,55,14,13,111,52,148,83,129,24,150,103,105,69,159,40,116,48,99,106,194,180,178,192,109,66,145,102,114,199,0,85,104,17,53,155,146,140,74,188,65,16,190,10,130,5,175,12,43,127,79,42,141,11,151,64,96,177,119,132,75,137,133,81,153,166,189,33,35,36,22,112,93,19,144,121,63];False
4732;6402;11134;[198,29,90,41,187,60,179,47,26,161,115,152,163,59,197,123,31,37,94,118,124,168,34,108,174,196,167,15,156,21,73,82,172,86,181,68,9,45,138,126,143,160,91,18,171,195,7,173,89,46,164,4,84,122,25,23,77,57,186,170,176,72,154,49,76,98,182,139,135,183,51,50,56,92,147,67,32,38,87,165,193,28,44,125,6,88,70,71,162,20,191,61,184,8,157,78,128,101,185,39,80,100,30,134,27,2,97,58,158,62,95,1,117,113,169,142,131,110,54,120,3,136,149,107,55,14,13,111,52,148,83,129,24,150,103,105,69,159,40,116,48,99,106,194,180,178,192,109,66,145,102,151,199,0,85,104,17,53,155,121,140,74,188,65,16,190,10,130,5,175,12,43,127,79,42,141,11,114,64,96,177,119,132,75,137,133,81,153,166,189,33,35,36,22,112,93,19,144,146,63];True
4674;6416;11090;[198,29,90,41,172,60,179,47,26,161,115,152,163,59,197,123,31,37,94,118,124,168,34,108,174,196,167,15,156,21,73,82,187,86,181,68,9,45,138,126,143,160,91,18,171,195,7,173,89,144,164,4,84,122,25,23,77,57,186,170,176,72,154,49,76,98,182,139,135,183,51,50,56,92,147,67,32,38,87,165,193,28,44,125,6,88,70,71,162,20,191,61,184,8,157,78,128,101,185,39,80,100,30,134,27,2,97,58,158,62,95,1,117,113,169,142,131,110,54,120,3,136,149,107,55,14,13,111,52,148,83,129,24,150,103,105,69,159,40,116,48,99,106,194,180,178,192,109,66,145,102,151,199,0,85,104,17,53,155,121,140,74,188,65,16,190,10,130,5,175,12,43,127,79,42,141,11,114,64,96,177,119,132,75,137,133,81,153,166,189,33,35,36,22,112,93,19,46,146,63];False
4657;6419;11076;[198,29,90,41,187,79,179,47,26,161,115,152,163,59,197,123,31,37,94,118,124,168,34,108,174,196,167,15,156,21,73,82,172,86,181,68,9,45,138,126,143,160,91,18,171,195,7,173,89,144,164,4,84,122,25,23,77,57,186,170,176,72,154,49,76,98,182,139,135,183,51,50,56,92,147,67,32,38,87,165,193,28,44,125,6,88,70,71,162,20,191,61,184,8,157,78,128,101,185,39,80,100,30,134,27,2,97,58,158,62,95,1,117,113,169,142,131,110,54,120,3,136,149,107,55,14,13,111,52,148,83,129,24,150,103,105,69,159,40,116,48,99,106,194,180,178,192,109,66,145,102,151,199,0,85,104,17,53,155,121,140,74,188,65,16,190,10,130,5,175,12,43,127,60,42,141,11,114,64,96,177,119,132,75,137,133,81,153,166,189,33,35,36,22,112,93,19,46,146,63];False
4708;6413;11121;[198,29,90,41,187,60,42,47,26,161,115,152,163,59,197,123,31,37,94,118,124,168,34,108,174,196,167,15,156,21,73,82,172,86,181,68,9,45,138,126,143,160,91,18,171,195,7,173,89,144,164,4,84,122,25,23,77,57,186,170,176,72,154,49,76,98,182,139,135,183,51,50,56,92,147,67,32,38,87,165,193,28,44,125,6,88,70,71,162,20,191,61,184,8,157,78,128,101,185,39,80,100,30,134,27,2,97,58,158,62,95,1,117,113,169,142,131,110,54,120,3,136,149,107,55,14,13,111,52,148,83,129,24,150,103,105,69,159,40,116,48,99,106,194,180,178,192,109,66,145,102,151,199,0,85,104,17,53,155,121,140,74,188,65,16,190,10,130,5,175,12,43,127,79,179,141,11,114,64,96,177,119,132,75,137,133,81,153,166,189,33,35,36,22,112,93,19,46,146,63];False
4686;6414;11100;[198,29,90,41,187,60,179,47,26,161,115,152,172,59,197,123,31,37,94,118,124,168,34,108,174,196,167,15,156,21,73,82,163,86,181,68,9,45,138,126,143,160,91,18,171,195,7,173,89,144,164,4,84,122,25,23,77,57,186,170,176,72,154,49,76,98,182,139,135,183,51,50,56,92,147,67,32,38,87,165,193,28,44,125,6,88,70,71,162,20,191,61,184,8,157,78,128,101,185,39,80,100,30,134,27,2,97,58,158,62,95,1,117,113,169,142,131,110,54,120,3,136,149,107,55,14,13,111,52,148,83,129,24,150,103,105,69,159,40,116,48,99,106,194,180,178,192,109,66,145,102,151,199,0,85,104,17,53,155,121,140,74,188,65,16,190,10,130,5,175,12,43,127,79,42,141,11,114,64,96,177,119,132,75,137,133,81,153,166,189,33,35,36,22,112,93,19,46,146,63];False
4705;6413;11118;[198,29,90,41,187,60,179,47,26,161,115,152,163,171,197,123,31,37,94,118,124,168,34,108,174,196,167,15,156,21,73,82,172,86,181,68,9,45,138,126,143,160,91,18,59,195,7,173,89,144,164,4,84,122,25,23,77,57,186,170,176,72,154,49,76,98,182,139,135,183,51,50,56,92,147,67,32,38,87,165,193,28,44,125,6,88,70,71,162,20,191,61,184,8,157,78,128,101,185,39,80,100,30,134,27,2,97,58,158,62,95,1,117,113,169,142,131,110,54,120,3,136,149,107,55,14,13,111,52,148,83,129,24,150,103,105,69,159,40,116,48,99,106,194,180,178,192,109,66,145,102,151,199,0,85,104,17,53,155,121,140,74,188,65,16,190,10,130,5,175,12,43,127,79,42,141,11,114,64,96,177,119,132,75,137,133,81,153,166,189,33,35,36,22,112,93,19,46,146,63];False
4731;6409;11140;[198,29,90,41,187,60,179,47,26,161,115,152,163,122,197,123,31,37,94,118,124,168,34,108,174,196,167,15,156,21,73,82,172,86,181,68,9,45,138,126,143,160,91,18,171,195,7,173,89,144,164,4,84,59,25,23,77,57,186,170,176,72,154,49,76,98,182,139,135,183,51,50,56,92,147,67,32,38,87,165,193,28,44,125,6,88,70,71,162,20,191,61,184,8,157,78,128,101,185,39,80,100,30,134,27,2,97,58,158,62,95,1,117,113,169,142,131,110,54,120,3,136,149,107,55,14,13,111,52,148,83,129,24,150,103,105,69,159,40,116,48,99,106,194,180,178,192,109,66,145,102,151,199,0,85,104,17,53,155,121,140,74,188,65,16,190,10,130,5,175,12,43,127,79,42,141,11,114,64,96,177,119,132,75,137,133,81,153,166,189,33,35,36,22,112,93,19,46,146,63];False
4771;6400;11171;[198,29,90,41,187,60,179,47,26,161,115,152,163,59,197,123,17,37,94,118,124,168,34,108,174,196,167,15,156,21,73,82,172,86,181,68,9,45,138,126,143,160,91,18,171,195,7,173,89,144,164,4,84,122,25,23,77,57,186,170,176,72,154,49,76,98,182,139,135,183,51,50,56,92,147,67,32,38,87,165,193,28,44,125,6,88,70,71,162,20,191,61,184,8,157,78,128,101,185,39,80,100,30,134,27,2,97,58,158,62,95,1,117,113,169,142,131,110,54,120,3,136,149,107,55,14,13,111,52,148,83,129,24,150,103,105,69,159,40,116,48,99,106,194,180,178,192,109,66,145,102,151,199,0,85,104,31,53,155,121,140,74,188,65,16,190,10,130,5,175,12,43,127,79,42,141,11,114,64,96,177,119,132,75,137,133,81,153,166,189,33,35,36,22,112,93,19,46,146,63];True
4811;6399;11210;[198,29,90,41,187,60,179,47,26,161,115,152,163,59,197,123,31,37,94,118,124,168,34,108,174,196,167,15,156,99,73,82,172,86,181,68,9,45,138,126,143,160,91,18,171,195,7,173,89,144,164,4,84,122,25,23,77,57,186,170,176,72,154,49,76,98,182,139,135,183,51,50,56,92,147,67,32,38,87,165,193,28,44,125,6,88,70,71,162,20,191,61,184,8,157,78,128,101,185,39,80,100,30,134,27,2,97,58,158,62,95,1,117,113,169,142,131,110,54,120,3,136,149,107,55,14,13,111,52,148,83,129,24,150,103,105,69,159,40,116,48,21,106,194,180,178,192,109,66,145,102,151,199,0,85,104,17,53,155,121,140,74,188,65,16,190,10,130,5,175,12,43,127,79,42,141,11,114,64,96,177,119,132,75,137,133,81,153,166,189,33,35,36,22,112,93,19,46,146,63];False
4845;6394;11239;[198,29,90,41,187,60,179,47,26,161,115,152,163,59,197,123,31,37,94,118,124,168,34,108,174,196,167,15,156,21,73,82,172,86,181,68,9,45,138,126,143,160,91,18,171,195,7,173,89,144,164,4,84,122,25,23,77,57,186,170,176,72,154,49,39,98,182,139,135,183,51,50,56,92,147,67,32,38,87,165,193,28,44,125,6,88,70,71,162,20,191,61,184,8,157,78,128,101,185,76,80,100,30,134,27,2,97,58,158,62,95,1,117,113,169,142,131,110,54,120,3,136,149,107,55,14,13,111,52,148,83,129,24,150,103,105,69,159,40,116,48,99,106,194,180,178,192,109,66,145,102,151,199,0,85,104,17,53,155,121,140,74,188,65,16,190,10,130,5,175,12,43,127,79,42,141,11,114,64,96,177,119,132,75,137,133,81,153,166,189,33,35,36,22,112,93,19,46,146,63];True
4720;6411;11131;[198,29,90,41,187,60,179,47,26,161,115,152,163,59,197,123,31,37,94,118,124,168,34,108,174,196,167,15,156,21,73,82,172,86,181,68,9,45,138,126,143,160,91,18,171,195,7,173,89,144,164,4,84,122,25,23,77,57,186,170,176,72,154,49,76,98,182,139,135,183,140,50,56,92,147,67,32,38,87,165,193,28,44,125,6,88,70,71,162,20,191,61,184,8,157,78,128,101,185,39,80,100,30,134,27,2,97,58,158,62,95,1,117,113,169,142,131,110,54,120,3,136,149,107,55,14,13,111,52,148,83,129,24,150,103,105,69,159,40,116,48,99,106,194,180,178,192,109,66,145,102,151,199,0,85,104,17,53,155,121,51,74,188,65,16,190,10,130,5,175,12,43,127,79,42,141,11,114,64,96,177,119,132,75,137,133,81,153,166,189,33,35,36,22,112,93,19,46,146,63];False
4828;6397;11225;[198,29,90,41,187,60,179,47,26,161,115,152,163,59,197,123,31,37,94,118,124,168,34,108,174,196,167,15,156,21,73,82,172,86,181,68,9,45,138,126,143,160,91,18,171,195,7,173,89,144,164,4,84,122,25,23,77,57,186,170,176,72,154,49,76,98,182,139,135,183,51,50,56,92,147,67,32,38,87,165,193,28,44,125,6,88,70,71,162,20,191,61,184,8,157,78,128,101,185,39,80,131,30,134,27,2,97,58,158,62,95,1,117,113,169,142,100,110,54,120,3,136,149,107,55,14,13,111,52,148,83,129,24,150,103,105,69,159,40,116,48,99,106,194,180,178,192,109,66,145,102,151,199,0,85,104,17,53,155,121,140,74,188,65,16,190,10,130,5,175,12,43,127,79,42,141,11,114,64,96,177,119,132,75,137,133,81,153,166,189,33,35,36,22,112,93,19,46,146,63];False
4705;6412;11117;[198,29,90,41,187,60,179,47,26,161,115,152,163,59,197,123,31,37,94,118,124,168,34,108,174,196,167,15,156,21,73,82,172,86,181,68,9,45,138,126,143,160,91,18,171,195,7,173,89,144,164,4,84,122,25,23,77,57,186,170,176,72,154,49,76,98,182,139,135,183,51,50,56,92,147,67,32,38,87,165,193,28,44,125,6,88,70,71,162,20,191,61,184,8,157,78,128,101,185,39,80,100,30,134,27,2,97,58,110,62,95,1,117,113,169,142,131,158,54,120,3,136,149,107,55,14,13,111,52,148,83,129,24,150,103,105,69,159,40,116,48,99,106,194,180,178,192,109,66,145,102,151,199,0,85,104,17,53,155,121,140,74,188,65,16,190,10,130,5,175,12,43,127,79,42,141,11,114,64,96,177,119,132,75,137,133,81,153,166,189,33,35,36,22,112,93,19,46,146,63];False
4729;6409;11138;[198,29,90,41,187,60,179,47,26,161,115,152,163,59,197,123,31,37,94,118,124,168,34,108,174,196,167,15,156,21,73,82,172,86,181,68,9,45,138,126,143,160,91,18,171,195,7,173,89,144,164,4,84,122,25,23,77,57,186,170,176,72,154,49,76,98,182,139,135,183,51,50,56,92,147,67,32,38,87,165,193,28,44,125,6,88,70,71,162,20,191,61,184,8,157,78,128,101,185,39,80,100,30,134,27,2,97,58,158,62,95,1,117,113,169,142,131,110,54,120,3,136,149,107,55,14,13,111,52,148,83,129,24,150,103,105,69,159,40,116,48,99,106,194,180,178,192,109,66,145,102,114,199,0,85,104,17,53,155,121,140,74,188,65,16,190,10,130,5,175,12,43,127,79,42,141,11,151,64,96,177,119,132,75,137,133,81,153,166,189,33,35,36,22,112,93,19,46,146,63];False
4654;6425;11079;[198,29,90,41,187,60,179,47,26,161,115,152,163,59,197,123,31,37,94,118,124,168,34,108,174,196,167,15,156,21,73,82,172,86,181,68,9,45,138,126,143,160,91,18,171,195,7,173,89,144,164,4,84,122,25,23,77,57,186,170,176,72,154,49,76,98,182,139,135,183,51,50,56,92,147,67,32,38,87,165,193,28,44,125,6,88,70,71,162,20,191,61,184,8,157,78,128,101,185,39,80,100,30,134,27,2,97,58,158,62,95,1,117,113,169,142,131,110,54,120,3,136,149,107,55,14,13,111,52,148,83,129,24,150,103,105,69,159,40,116,48,99,106,194,180,178,192,109,66,145,102,151,199,0,85,104,17,53,155,121,140,74,188,65,16,190,10,130,5,175,12,43,127,96,42,141,11,114,64,79,177,119,132,75,137,133,81,153,166,189,33,35,36,22,112,93,19,46,146,63];False
4825;6398;11223;[198,29,90,41,187,60,179,47,26,161,115,152,163,59,197,123,31,37,94,118,124,168,34,108,174,196,167,15,156,21,73,82,172,86,181,68,9,45,138,126,143,160,91,18,171,195,7,173,89,46,164,4,84,122,25,23,77,57,186,170,176,157,136,49,76,98,182,139,135,183,51,50,56,92,147,67,32,38,87,165,193,28,44,125,6,88,70,71,162,20,191,61,184,8,72,78,128,101,185,39,80,100,30,134,27,2,97,58,158,62,95,1,117,113,169,142,131,110,54,120,3,154,149,107,55,14,13,111,52,148,83,129,24,150,103,105,69,159,40,116,48,99,106,194,180,178,192,109,66,145,102,151,199,0,85,104,17,53,155,121,140,74,188,65,16,190,10,130,5,175,12,43,127,79,42,141,11,114,64,96,177,119,132,75,137,133,81,153,166,189,33,35,36,22,112,93,19,144,146,63];False
5099;6375;11474;[198,29,90,41,187,60,179,47,26,161,115,152,163,59,197,123,31,37,94,118,124,168,34,108,174,196,167,15,156,21,73,82,172,86,181,68,9,45,138,126,143,160,91,18,171,12,7,173,89,46,164,4,84,122,25,23,77,57,186,170,176,3,154,49,39,98,182,139,135,183,51,50,56,92,147,67,32,38,87,165,193,28,44,125,6,88,70,71,162,20,191,61,184,8,72,78,128,101,185,76,80,100,30,134,27,2,97,58,158,62,95,1,117,113,169,142,131,110,54,120,157,136,149,107,55,14,13,111,52,148,83,129,24,150,103,105,69,159,40,116,48,99,106,194,180,178,192,109,66,145,102,151,199,0,85,104,17,53,155,121,140,74,188,65,16,190,10,130,5,175,195,43,127,79,42,141,11,114,64,96,177,119,132,75,137,133,81,153,166,189,33,35,36,22,112,93,19,144,146,63];False
5156;6370;11526;[198,29,90,41,187,60,179,47,26,161,115,152,163,59,197,123,17,37,94,118,124,168,34,108,174,196,167,15,156,21,73,82,172,86,181,68,9,45,138,126,143,160,91,18,171,195,7,173,23,144,164,4,84,122,25,89,77,57,186,170,176,3,154,49,39,98,182,139,135,183,51,50,56,92,147,67,32,38,87,165,193,28,44,125,6,88,70,71,162,20,191,61,184,8,72,78,128,101,185,76,80,100,30,134,27,2,97,58,158,62,95,1,117,113,169,142,131,110,54,120,157,136,149,107,55,14,13,111,52,148,83,129,24,150,103,105,69,159,40,116,48,99,106,194,180,178,192,109,66,145,102,151,199,0,85,104,31,53,155,121,140,74,188,65,16,190,10,130,5,175,12,43,127,79,42,141,11,114,64,96,177,119,132,75,137,133,81,153,166,189,33,35,36,22,112,93,19,46,146,63];False
5218;6369;11587;[198,29,90,41,187,60,179,47,26,161,115,152,163,59,197,123,31,37,94,118,124,168,34,108,174,196,167,15,156,21,73,82,172,86,181,68,9,45,138,126,143,160,91,18,171,12,7,173,89,144,164,4,84,122,25,23,77,57,186,170,176,3,154,49,39,98,182,139,135,183,51,50,56,92,147,67,32,38,87,165,193,28,44,125,6,88,70,71,162,20,191,61,184,8,72,78,128,101,185,76,80,100,30,134,27,2,97,58,158,62,95,1,117,113,169,142,131,110,54,120,157,136,149,107,55,14,13,111,52,148,83,129,189,150,103,105,69,159,40,116,48,99,106,194,180,178,192,109,66,145,102,151,199,0,85,104,17,53,155,121,140,74,188,65,16,190,10,130,5,175,195,43,127,79,42,141,11,114,64,96,177,119,132,75,137,133,81,153,166,24,33,35,36,22,112,93,19,46,146,63];False
5196;6369;11565;[198,29,90,41,187,60,179,47,26,161,115,152,163,59,197,123,31,37,94,118,124,168,34,108,174,196,167,15,156,99,73,82,172,86,181,68,9,45,138,126,143,160,91,18,171,195,7,173,23,144,164,4,84,122,25,89,77,57,186,170,176,3,154,49,39,98,182,139,135,183,51,50,56,92,147,67,32,38,87,165,193,28,44,125,6,88,70,71,162,20,191,61,184,8,72,78,128,101,185,76,80,100,30,134,27,2,97,58,158,62,95,1,117,113,169,142,131,110,54,120,157,136,149,107,55,14,13,111,52,148,83,129,24,150,103,105,69,159,40,116,48,21,106,194,180,178,192,109,66,145,102,151,199,0,85,104,17,53,155,121,140,74,188,65,16,190,10,130,5,175,12,43,127,79,42,141,11,114,64,96,177,119,132,75,137,133,81,153,166,189,33,35,36,22,112,93,19,46,146,63];False
5213;6367;11580;[198,29,90,41,187,60,179,47,26,161,115,152,163,59,197,123,31,37,94,118,124,168,34,108,174,196,167,15,156,21,73,82,172,86,181,68,9,45,138,126,143,160,91,18,171,195,7,173,23,144,164,4,84,122,25,89,77,57,186,170,176,3,154,49,39,98,182,139,135,183,51,50,56,92,147,67,32,38,87,165,193,28,44,125,6,88,70,71,162,20,191,61,184,8,72,78,128,101,185,76,80,131,30,134,27,2,97,58,158,62,95,1,117,113,169,142,100,110,54,120,157,136,149,107,55,14,13,111,52,148,83,129,24,150,103,105,69,159,40,116,48,99,106,194,180,178,192,109,66,145,102,151,199,0,85,104,17,53,155,121,140,74,188,65,16,190,10,130,5,175,12,43,127,79,42,141,11,114,64,96,177,119,132,75,137,133,81,153,166,189,33,35,36,22,112,93,19,46,146,63];False
5236;6366;11602;[198,29,90,41,187,60,179,47,26,161,115,152,163,59,197,123,31,37,94,118,124,168,34,108,174,196,167,15,156,21,73,82,172,86,181,68,9,45,138,126,143,160,91,18,171,195,7,173,23,144,164,4,84,122,25,89,77,57,186,170,176,3,154,49,39,98,182,139,135,183,51,50,56,92,147,67,32,38,87,165,193,28,44,125,6,88,70,71,162,20,191,61,184,8,72,78,128,101,185,76,80,100,30,134,27,2,97,58,158,62,95,1,117,113,169,142,131,110,54,120,157,136,149,107,55,14,13,111,52,148,83,129,189,150,103,105,69,159,40,116,48,99,106,194,180,178,192,109,66,145,102,151,199,0,85,104,17,53,155,121,140,74,188,65,16,190,10,130,5,175,12,43,127,79,42,141,11,114,64,96,177,119,132,75,137,133,81,153,166,24,33,35,36,22,112,93,19,46,146,63];False
5317;6363;11680;[198,29,90,41,187,60,179,47,26,161,115,152,163,59,197,123,106,37,94,118,124,168,34,108,174,196,167,15,156,21,50,82,172,86,181,68,9,45,138,126,143,160,91,18,171,195,7,173,89,144,164,4,84,122,25,23,77,57,186,170,176,3,154,49,39,98,182,139,135,183,48,73,56,92,147,67,32,38,87,165,193,28,44,125,6,88,70,71,162,20,191,61,184,8,72,78,128,101,185,76,80,100,30,134,27,2,97,58,158,62,95,1,117,113,169,142,131,110,54,120,157,136,149,107,55,14,13,111,52,148,83,129,24,150,103,105,69,159,40,116,99,63,31,53,180,178,192,109,66,145,102,151,199,0,85,104,17,194,51,146,140,74,188,65,16,190,10,130,5,175,12,43,127,79,42,141,11,114,64,96,177,119,132,75,137,133,81,153,166,189,33,35,36,22,112,93,19,46,121,155];False
5173;6368;11541;[198,29,90,41,187,60,179,47,26,161,115,152,163,59,197,123,106,37,94,118,124,168,34,108,174,196,167,15,156,21,73,82,172,86,181,68,9,45,138,126,143,160,91,18,171,195,7,173,89,144,164,4,84,122,25,23,77,57,186,170,176,3,154,49,39,98,182,139,135,183,51,50,56,92,147,67,32,38,87,165,193,28,44,125,6,88,70,71,162,20,191,61,184,8,72,78,128,101,185,76,80,100,30,134,27,2,97,58,158,62,95,1,117,113,169,142,131,110,54,120,157,136,149,107,55,14,13,111,52,148,83,129,24,150,103,105,69,159,40,116,99,63,31,53,180,178,192,109,66,145,102,151,199,0,85,104,17,194,48,146,140,74,188,65,16,190,10,130,5,175,12,43,127,79,42,141,11,114,64,96,177,119,132,75,137,133,81,153,166,189,33,35,36,22,112,93,19,46,121,155];True
5284;6363;11647;[198,29,90,41,187,60,179,47,26,161,115,152,163,59,197,123,106,37,94,118,124,168,34,108,174,196,167,15,156,21,73,82,172,86,181,68,9,45,138,126,143,160,91,18,171,195,7,173,89,144,164,4,84,122,25,23,77,57,186,170,176,3,154,49,39,98,182,139,135,183,48,50,56,92,147,67,32,38,87,165,193,28,44,125,6,88,70,71,162,194,191,61,184,8,72,78,128,101,185,76,80,100,30,134,27,2,97,58,158,62,95,1,117,113,169,142,131,110,54,120,157,136,149,107,55,14,13,111,52,148,83,129,24,150,103,105,69,159,40,116,99,63,31,53,180,178,192,109,66,145,102,151,199,0,85,104,17,20,51,146,140,74,188,65,16,190,10,130,5,175,12,43,127,79,42,141,11,114,64,96,177,119,132,75,137,133,81,153,166,189,33,35,36,22,112,93,19,46,121,155];False
5329;6361;11690;[198,29,90,41,187,60,179,47,26,161,115,152,163,59,197,123,106,37,94,118,124,168,34,108,174,196,167,15,156,21,73,82,172,86,181,68,9,45,138,126,143,160,91,18,171,195,7,173,89,144,164,4,84,122,25,23,77,57,186,170,176,3,154,49,39,98,182,139,135,183,48,50,56,92,147,67,32,38,87,165,193,28,44,125,6,88,70,71,162,20,191,61,184,8,72,78,128,101,185,76,80,131,30,134,27,2,97,58,158,62,95,1,117,113,169,142,100,110,54,120,157,136,149,107,55,14,13,111,52,148,83,129,24,150,103,105,69,159,40,116,99,63,31,53,180,178,192,109,66,145,102,151,199,0,85,104,17,194,51,146,140,74,188,65,16,190,10,130,5,175,12,43,127,79,42,141,11,114,64,96,177,119,132,75,137,133,81,153,166,189,33,35,36,22,112,93,19,46,121,155];False
4164;6496;10660;[198,29,90,41,187,128,42,47,26,161,115,152,172,59,197,123,74,37,94,118,124,168,34,108,174,196,167,15,156,21,73,82,137,86,181,68,9,45,138,126,143,160,91,18,171,195,7,173,89,46,164,4,84,122,25,23,77,57,186,170,176,72,154,49,133,11,182,139,135,191,48,50,56,92,147,67,32,61,38,165,193,28,44,125,6,88,70,71,162,20,188,144,184,8,157,78,60,101,185,76,80,100,30,134,27,2,97,58,158,62,95,1,117,113,169,142,131,110,54,120,3,136,149,107,55,14,13,111,52,148,83,129,24,150,103,105,69,159,40,116,140,99,106,194,180,178,192,109,66,145,102,151,199,0,85,104,17,53,155,146,63,31,183,65,16,190,10,130,5,175,12,43,127,79,179,177,98,114,64,96,141,119,132,75,163,39,81,153,166,189,33,35,36,22,112,93,19,87,121,51];False
4230;6484;10714;[198,29,90,41,187,60,42,47,26,161,115,152,172,59,197,123,74,37,94,118,124,168,34,108,174,196,167,15,156,21,73,82,137,86,181,68,9,45,138,126,143,160,91,18,171,195,7,173,89,46,164,4,84,122,25,23,77,57,186,170,176,72,154,49,133,11,182,139,135,191,48,50,56,92,147,67,32,61,19,165,193,28,44,125,6,88,70,71,162,20,188,144,184,8,157,78,128,101,185,76,80,100,30,134,27,2,97,58,158,62,95,1,117,113,169,142,131,110,54,120,3,136,149,107,55,14,13,111,52,148,83,129,24,150,103,105,69,159,40,116,140,99,106,194,180,178,192,109,66,145,102,151,199,0,85,104,17,53,155,146,63,31,183,65,16,190,10,130,5,175,12,43,127,79,179,177,98,114,64,96,141,119,132,75,163,39,81,153,166,189,33,35,36,22,112,93,38,87,121,51];True
4164;6494;10658;[198,29,90,41,187,60,42,47,26,161,115,152,172,59,197,123,74,37,94,118,124,168,34,108,174,196,167,15,156,21,73,82,137,86,181,68,9,45,138,126,143,160,91,18,171,195,7,173,89,46,164,4,84,122,25,23,77,57,186,170,176,72,154,49,133,11,182,139,135,191,48,50,56,92,147,67,32,61,38,165,193,28,44,125,6,88,70,71,162,20,188,144,184,8,157,78,128,101,185,76,80,100,30,134,27,2,97,58,158,62,95,1,117,113,169,142,131,110,54,120,3,136,149,107,55,14,13,111,52,148,83,129,24,150,103,105,69,159,40,116,140,99,106,194,180,178,192,109,66,145,102,151,199,0,85,104,17,53,155,146,63,31,183,65,16,190,10,130,5,177,12,43,127,79,179,175,98,114,64,96,141,119,132,75,163,39,81,153,166,189,33,35,36,22,112,93,19,87,121,51];False
4152;6498;10650;[198,29,90,41,187,128,42,47,26,161,115,152,172,59,197,123,74,37,94,118,124,168,34,108,174,196,167,15,156,21,73,82,137,86,181,68,9,45,138,126,143,160,91,18,171,195,7,173,89,46,164,4,84,122,25,23,77,57,186,170,176,72,154,49,39,11,182,139,135,191,48,50,56,92,147,67,32,61,19,165,193,28,44,125,6,88,70,71,162,20,188,144,184,8,157,78,60,101,185,76,80,100,30,134,27,2,97,58,158,62,95,1,117,113,169,142,131,110,54,120,3,136,149,107,55,14,13,111,52,148,83,129,24,150,103,105,69,159,40,116,140,99,106,194,180,178,192,109,66,145,102,151,199,0,85,104,17,53,155,146,63,31,183,65,16,190,10,130,5,175,12,43,127,79,179,177,98,114,64,96,141,119,132,75,163,133,81,153,166,189,33,35,36,22,112,93,38,87,121,51];False
4152;6496;10648;[198,29,90,41,187,60,42,47,26,161,115,152,172,59,197,123,74,37,94,118,124,168,34,108,174,196,167,15,156,21,73,82,137,86,181,68,9,45,138,126,143,160,91,18,171,195,7,173,89,46,164,4,84,122,25,23,77,57,186,170,176,72,154,49,39,11,182,139,135,191,48,50,56,92,147,67,32,61,19,165,193,28,44,125,6,88,70,71,162,20,188,144,184,8,157,78,128,101,185,76,80,100,30,134,27,2,97,58,158,62,95,1,117,113,169,142,131,110,54,120,3,136,149,107,55,14,13,111,52,148,83,129,24,150,103,105,69,159,40,116,140,99,106,194,180,178,192,109,66,145,102,151,199,0,85,104,17,53,155,146,63,31,183,65,16,190,10,130,5,177,12,43,127,79,179,175,98,114,64,96,141,119,132,75,163,133,81,153,166,189,33,35,36,22,112,93,38,87,121,51];False
4086;6508;10594;[198,29,90,41,187,128,42,47,26,161,115,152,172,59,197,123,74,37,94,118,124,168,34,108,174,196,167,15,156,21,73,82,137,86,181,68,9,45,138,126,143,160,91,18,171,195,7,173,89,46,164,4,84,122,25,23,77,57,186,170,176,72,154,49,39,11,182,139,135,191,48,50,56,92,147,67,32,61,38,165,193,28,44,125,6,88,70,71,162,20,188,144,184,8,157,78,60,101,185,76,80,100,30,134,27,2,97,58,158,62,95,1,117,113,169,142,131,110,54,120,3,136,149,107,55,14,13,111,52,148,83,129,24,150,103,105,69,159,40,116,140,99,106,194,180,178,192,109,66,145,102,151,199,0,85,104,17,53,155,146,63,31,183,65,16,190,10,130,5,177,12,43,127,79,179,175,98,114,64,96,141,119,132,75,163,133,81,153,166,189,33,35,36,22,112,93,19,87,121,51];False
4078;6510;10588;[198,29,90,41,187,128,42,47,26,161,115,152,172,59,197,123,74,37,94,118,124,168,34,108,174,196,167,15,156,21,73,82,137,86,181,68,9,45,138,126,143,160,91,18,171,195,7,173,89,46,164,4,84,122,25,23,77,57,186,170,176,72,154,49,76,11,182,139,135,191,48,50,56,92,147,67,32,61,19,165,193,28,44,125,6,88,70,71,162,20,188,144,184,8,157,78,60,101,185,39,80,100,30,134,27,2,97,58,158,62,95,1,117,113,169,142,131,110,54,120,3,136,149,107,55,14,13,111,52,148,83,129,24,150,103,105,69,159,40,116,140,99,106,194,180,178,192,109,66,145,102,151,199,0,85,104,17,53,155,146,63,31,183,65,16,190,10,130,5,177,12,43,127,79,179,175,98,114,64,96,141,119,132,75,163,133,81,153,166,189,33,35,36,22,112,93,38,87,121,51];False
4035;6520;10555;[198,29,90,41,187,128,42,47,26,161,115,152,172,59,197,123,74,37,94,118,124,168,34,108,174,196,167,15,156,21,73,82,137,86,181,68,9,45,138,126,143,160,91,18,171,195,7,173,89,46,164,4,84,122,25,23,77,57,186,170,176,72,154,49,76,11,182,139,135,191,48,50,56,92,147,67,32,61,38,165,193,28,44,125,6,88,70,71,162,20,188,144,184,8,157,78,60,101,185,39,80,100,30,134,27,2,97,58,158,62,95,1,117,113,169,142,131,110,54,120,3,136,149,107,55,14,13,111,52,148,83,129,24,150,103,105,69,159,40,116,104,99,106,194,180,178,192,109,66,145,102,151,199,0,85,140,17,53,155,146,63,31,183,65,16,190,10,130,5,177,12,43,127,79,179,175,98,114,64,96,141,119,132,75,163,133,81,153,166,189,33,35,36,22,112,93,19,87,121,51];False
3331;6671;10002;[198,29,90,41,127,60,42,47,26,161,115,152,131,59,197,123,74,37,94,118,124,168,34,108,174,196,167,15,156,21,73,82,172,86,181,68,9,45,138,126,143,160,173,18,199,12,7,136,89,46,164,4,84,122,25,23,77,57,186,170,176,72,154,49,54,11,182,139,135,191,48,50,56,92,147,67,32,61,38,165,193,28,44,16,91,88,70,71,162,20,188,144,184,8,157,78,128,101,185,76,80,100,30,134,27,195,97,58,151,175,6,1,117,2,169,142,137,158,62,120,3,95,149,107,55,14,13,111,52,148,83,129,24,150,103,140,69,159,40,116,105,99,106,194,180,178,192,10,66,145,102,110,171,0,85,104,17,53,155,146,63,31,183,65,125,190,109,130,5,39,113,43,187,179,96,177,98,114,64,79,141,119,132,75,163,133,81,153,166,189,33,35,36,22,112,93,19,87,121,51];False
3360;6659;10019;[198,29,90,41,127,60,42,47,26,161,115,152,131,59,197,123,74,37,94,118,124,168,17,108,174,196,167,15,156,21,73,82,172,86,181,68,9,45,138,126,143,160,173,18,199,12,7,136,89,46,164,4,84,122,25,23,77,57,186,170,176,72,154,49,54,11,182,139,135,191,48,50,56,92,147,67,32,61,38,165,193,28,44,16,91,88,70,71,162,20,188,144,184,8,157,78,128,101,185,76,80,100,30,134,27,195,97,58,151,175,6,1,117,2,169,142,137,158,62,120,3,95,149,107,55,14,13,111,52,148,83,129,24,150,103,105,69,159,40,116,104,99,106,194,180,178,192,10,66,145,102,110,171,0,85,140,34,53,155,146,63,31,183,65,125,190,109,130,5,39,113,43,187,179,96,141,98,114,64,79,177,119,132,75,163,133,81,153,166,189,33,35,36,22,112,93,19,87,121,51];False
3339;6668;10007;[198,29,90,41,127,60,177,47,26,161,115,152,131,59,197,168,74,37,94,118,124,123,17,108,174,196,167,15,156,21,73,82,172,86,181,68,9,45,138,126,143,160,173,18,199,12,7,136,89,46,164,4,84,122,25,23,77,57,186,170,176,72,154,49,54,11,182,139,135,191,48,50,56,92,147,67,32,61,38,165,193,28,44,16,91,88,70,71,162,20,188,144,184,8,157,78,128,101,185,76,80,100,30,134,27,195,97,58,151,175,6,1,117,2,169,142,137,158,62,120,3,95,149,107,55,14,13,111,52,148,83,129,24,150,103,105,69,159,40,116,104,99,106,194,180,178,192,10,66,145,102,110,171,0,85,140,34,53,155,146,63,31,183,65,125,190,109,130,5,39,113,43,187,179,96,141,98,114,64,79,42,119,132,75,163,133,81,153,166,189,33,35,36,22,112,93,19,87,121,51];False
3329;6669;9998;[198,29,90,41,127,60,177,47,26,161,115,152,131,59,197,123,74,37,94,118,124,168,17,108,174,196,167,15,156,21,73,82,172,86,181,68,9,45,138,126,143,160,173,18,199,12,7,136,89,46,164,4,84,122,25,23,77,57,186,170,176,72,154,49,182,11,54,139,135,191,48,50,56,92,147,67,32,61,38,165,193,28,44,16,91,88,70,71,162,20,188,144,184,8,157,78,128,101,185,76,80,100,30,134,27,195,97,58,151,175,6,1,117,2,169,142,137,158,62,120,3,95,149,107,55,14,13,111,52,148,83,129,24,150,103,105,69,159,40,116,104,99,106,194,180,178,192,10,66,145,102,110,171,0,85,140,34,53,155,146,63,31,183,65,125,190,109,130,5,39,113,43,187,179,96,141,98,114,64,79,42,119,132,75,163,133,81,153,166,189,33,35,36,22,112,93,19,87,121,51];False
3368;6658;10026;[198,29,90,41,127,60,177,47,26,161,115,152,131,59,197,123,74,37,94,118,124,168,17,108,174,196,167,15,156,21,73,82,172,86,181,68,9,45,138,126,143,160,173,18,199,12,7,136,89,46,164,4,84,122,25,23,77,57,186,170,176,72,154,49,54,36,182,139,135,191,48,50,56,92,147,67,32,61,38,165,193,28,44,16,91,88,70,71,162,20,188,144,184,8,157,78,128,101,185,76,80,100,30,134,27,195,97,58,151,175,6,1,117,2,169,142,137,158,62,120,3,95,149,107,55,14,13,111,52,148,83,129,24,150,103,105,69,159,40,116,104,99,106,194,180,178,192,10,66,145,102,110,171,0,85,140,34,53,155,146,63,31,183,65,125,190,109,130,5,39,113,43,187,179,96,141,98,114,64,79,42,119,132,75,163,133,81,153,166,189,33,35,11,22,112,93,19,87,121,51];False
3347;6667;10014;[198,29,90,41,127,60,177,47,26,161,115,152,131,59,197,123,74,37,94,118,124,168,17,108,174,196,167,15,156,21,73,82,172,86,181,68,9,45,138,126,143,160,173,18,199,12,7,136,89,46,164,4,84,122,25,23,77,57,186,170,176,72,154,49,54,11,182,139,135,191,48,50,56,92,147,67,32,61,38,165,193,28,44,16,91,88,70,71,162,20,188,144,184,8,157,78,128,101,110,76,80,100,30,134,27,195,97,58,151,175,6,1,117,2,169,142,137,158,62,120,3,95,149,107,55,14,13,111,52,148,83,129,24,150,103,105,69,159,40,116,104,99,106,194,180,178,192,10,66,145,102,185,171,0,85,140,34,53,155,146,63,31,183,65,125,190,109,130,5,39,113,43,187,179,96,141,98,114,64,79,42,119,132,75,163,133,81,153,166,189,33,35,36,22,112,93,19,87,121,51];False
3398;6647;10045;[198,29,90,41,127,60,177,47,26,161,115,152,131,54,197,123,74,37,94,118,124,168,34,108,174,196,167,15,156,21,73,82,172,86,181,68,9,45,138,126,143,160,173,18,199,12,7,136,89,46,164,4,84,122,25,23,77,57,186,170,176,72,154,49,182,11,59,139,135,191,48,50,56,92,147,67,32,61,38,165,193,28,44,16,91,88,70,71,162,20,188,144,184,8,157,78,128,101,185,76,80,100,30,134,27,195,97,58,151,175,6,1,117,2,169,142,137,158,62,120,3,95,149,107,55,14,13,111,52,148,83,129,24,150,103,105,69,159,40,116,104,99,106,194,180,178,192,10,66,145,102,110,171,0,85,140,17,53,155,146,63,31,183,65,125,190,109,130,5,39,113,43,187,179,96,141,98,114,64,79,42,119,132,75,163,133,81,153,166,189,33,35,36,22,112,93,19,87,121,51];False
3361;6658;10019;[198,29,90,41,127,60,177,47,26,161,115,152,131,59,197,123,74,37,94,118,124,168,34,108,174,196,167,15,156,21,73,82,172,86,181,68,9,45,138,126,143,160,173,18,199,12,7,136,89,46,164,4,84,122,25,23,77,57,186,170,176,72,154,49,148,11,54,139,135,191,48,50,56,92,147,67,32,61,38,165,193,28,44,16,91,88,70,71,162,20,188,144,184,8,157,78,128,101,185,76,80,100,30,134,27,195,97,58,151,175,6,1,117,2,169,142,137,158,62,120,3,95,149,107,55,14,13,111,52,182,83,129,24,150,103,105,69,159,40,116,104,99,106,194,180,178,192,10,66,145,102,110,171,0,85,140,17,53,155,146,63,31,183,65,125,190,109,130,5,39,113,43,187,179,96,141,98,114,64,79,42,119,132,75,163,133,81,153,166,189,33,35,36,22,112,93,19,87,121,51];False
3490;6619;10109;[198,29,90,41,127,60,42,47,26,161,115,152,49,54,197,123,74,37,94,118,124,168,34,108,174,196,167,15,156,21,73,82,172,86,181,68,9,45,138,126,143,160,173,18,199,12,7,136,89,46,164,4,84,122,25,23,77,57,186,170,176,72,154,131,59,11,182,139,135,191,48,50,56,92,147,67,32,61,38,165,193,28,44,16,91,88,70,71,162,20,188,144,184,8,157,78,128,101,185,76,80,100,30,134,27,2,97,58,151,175,6,1,117,195,169,142,137,158,62,120,3,95,149,107,55,14,13,111,52,148,83,129,24,150,103,105,69,159,40,116,140,99,106,194,180,178,192,109,66,145,102,110,171,0,85,104,17,53,155,146,63,31,183,65,125,190,10,130,5,39,113,43,187,179,96,141,98,114,64,79,177,119,132,75,163,133,81,153,166,189,33,35,36,22,112,93,19,87,121,51];False
3535;6607;10142;[198,29,90,41,127,60,177,47,26,161,115,152,49,54,197,123,74,37,94,118,124,168,34,108,174,196,167,15,156,21,73,82,172,86,181,68,9,45,138,126,143,160,173,18,171,12,7,136,89,46,164,4,84,122,25,23,77,57,186,170,176,72,154,131,59,11,182,139,135,191,48,50,56,92,147,67,32,61,38,165,193,28,44,16,91,88,70,71,162,20,188,144,184,8,157,78,128,101,185,76,80,100,30,134,27,2,97,58,151,175,6,1,117,195,169,142,137,158,62,120,3,95,149,107,55,14,13,111,52,148,83,129,24,150,103,105,69,159,40,116,140,99,106,194,180,178,192,109,66,145,102,110,199,0,85,104,17,53,155,146,63,31,183,65,125,190,10,130,5,39,113,43,187,179,96,141,98,114,64,79,42,119,132,75,163,133,81,153,166,189,33,35,36,22,112,93,19,87,121,51];False
3528;6606;10134;[198,29,90,41,127,60,177,47,26,161,115,152,49,54,197,123,74,37,94,118,124,168,34,108,174,196,167,15,156,21,73,82,172,86,181,68,9,45,138,126,143,160,173,18,199,12,7,136,89,46,164,4,84,122,25,23,77,57,186,170,176,72,154,100,59,11,182,139,135,191,48,50,56,92,147,67,32,61,38,165,193,28,44,16,91,88,70,71,162,20,188,144,184,8,157,78,128,101,185,76,80,131,30,134,27,2,97,58,151,175,6,1,117,195,169,142,137,158,62,120,3,95,149,107,55,14,13,111,52,148,83,129,24,150,103,105,69,159,40,116,140,99,106,194,180,178,192,109,66,145,102,110,171,0,85,104,17,53,155,146,63,31,183,65,125,190,10,130,5,39,113,43,187,179,96,141,98,114,64,79,42,119,132,75,163,133,81,153,166,189,33,35,36,22,112,93,19,87,121,51];False
3516;6604;10120;[198,29,90,41,127,60,177,47,26,161,115,152,49,54,197,123,74,37,94,118,124,168,34,108,174,196,167,15,156,21,73,82,172,86,181,68,9,45,138,126,143,160,173,18,199,12,7,136,89,46,164,4,84,122,25,23,77,57,186,170,176,72,154,137,59,11,182,139,135,191,48,50,56,92,147,67,32,61,38,165,193,28,44,16,91,88,70,71,162,20,188,144,184,8,157,78,128,101,185,76,80,100,30,134,27,2,97,58,151,175,6,1,117,195,169,142,131,158,62,120,3,95,149,107,55,14,13,111,52,148,83,129,24,150,103,105,69,159,40,116,140,99,106,194,180,178,192,109,66,145,102,110,171,0,85,104,17,53,155,146,63,31,183,65,125,190,10,130,5,39,113,43,187,179,96,141,98,114,64,79,42,119,132,75,163,133,81,153,166,189,33,35,36,22,112,93,19,87,121,51];False
3761;6564;10325;[198,29,90,41,187,60,177,47,26,161,115,152,49,54,197,123,74,37,94,118,124,168,34,108,174,196,167,15,156,21,73,82,172,86,181,68,9,45,138,126,143,160,173,18,199,12,7,136,89,46,164,4,84,122,25,23,77,57,186,170,176,72,154,100,59,11,182,139,135,191,48,50,56,92,147,67,32,61,38,165,193,28,44,125,91,88,70,71,162,20,188,144,184,8,157,78,128,101,185,76,80,131,30,134,27,2,97,58,151,175,6,1,117,195,169,142,137,158,62,120,3,95,149,107,55,14,13,111,52,148,83,129,24,150,103,105,69,159,40,116,140,99,106,194,180,178,192,109,66,145,102,110,171,0,85,104,17,53,155,146,63,31,183,65,16,190,10,130,5,39,113,43,127,179,96,141,98,114,64,79,42,119,132,75,163,133,81,153,166,189,33,35,36,22,112,93,19,87,121,51];False
3749;6562;10311;[198,29,90,41,187,60,177,47,26,161,115,152,49,54,197,123,74,37,94,118,124,168,34,108,174,196,167,15,156,21,73,82,172,86,181,68,9,45,138,126,143,160,173,18,199,12,7,136,89,46,164,4,84,122,25,23,77,57,186,170,176,72,154,137,59,11,182,139,135,191,48,50,56,92,147,67,32,61,38,165,193,28,44,125,91,88,70,71,162,20,188,144,184,8,157,78,128,101,185,76,80,100,30,134,27,2,97,58,151,175,6,1,117,195,169,142,131,158,62,120,3,95,149,107,55,14,13,111,52,148,83,129,24,150,103,105,69,159,40,116,140,99,106,194,180,178,192,109,66,145,102,110,171,0,85,104,17,53,155,146,63,31,183,65,16,190,10,130,5,39,113,43,127,179,96,141,98,114,64,79,42,119,132,75,163,133,81,153,166,189,33,35,36,22,112,93,19,87,121,51];False
3944;6535;10479;[198,29,90,41,187,60,177,47,26,161,115,152,131,54,197,123,74,37,94,118,124,168,34,108,174,196,167,15,156,21,73,82,172,86,181,68,9,45,138,126,143,160,173,18,199,12,7,136,89,46,164,4,84,122,25,23,77,57,186,170,176,72,154,49,59,11,182,139,135,191,48,50,56,92,147,67,32,61,19,165,193,28,44,125,91,88,70,71,162,20,188,144,184,8,157,78,128,101,185,76,80,100,30,134,27,2,97,58,151,175,6,1,117,113,169,142,137,158,62,120,3,95,149,107,55,14,13,111,52,148,83,129,24,150,103,105,69,159,40,116,140,99,106,194,180,178,192,109,66,145,102,110,171,0,85,104,17,53,155,146,63,31,183,65,16,190,10,130,5,39,195,43,127,179,96,141,98,114,64,79,42,119,132,75,163,133,81,153,166,189,33,35,36,22,112,93,38,87,121,51];False
3857;6549;10406;[198,29,90,41,187,60,177,47,26,161,115,152,131,54,197,123,74,37,94,118,124,168,34,108,174,196,167,15,156,21,73,82,172,86,181,68,9,45,138,126,143,160,173,18,199,12,7,136,89,46,164,4,84,122,25,23,77,57,186,170,176,72,154,49,59,11,182,139,135,191,48,50,56,92,147,67,32,61,19,165,193,28,44,125,91,88,70,71,162,20,188,144,184,8,157,78,128,101,185,76,80,100,30,134,27,2,97,58,151,175,6,1,117,195,169,142,163,158,62,120,3,95,149,107,55,14,13,111,52,148,83,129,24,150,103,105,69,159,40,116,140,99,106,194,180,178,192,109,66,145,102,110,171,0,85,104,17,53,155,146,63,31,183,65,16,190,10,130,5,39,113,43,127,179,96,141,98,114,64,79,42,119,132,75,137,133,81,153,166,189,33,35,36,22,112,93,38,87,121,51];False
3860;6548;10408;[198,29,90,41,187,60,177,47,26,161,115,152,49,54,197,123,74,37,94,118,124,168,34,108,174,196,167,15,156,21,73,82,172,86,181,68,9,45,138,126,143,160,173,18,199,12,7,136,89,46,164,4,84,122,25,23,77,57,186,170,176,72,154,131,59,11,182,139,135,191,48,50,56,92,147,67,32,61,38,165,193,28,44,125,91,88,70,71,162,20,188,144,184,8,157,78,128,101,185,76,80,100,30,134,27,2,97,58,151,175,6,1,117,113,169,142,137,158,62,120,3,95,149,107,55,14,13,111,52,148,83,129,24,150,103,105,69,159,40,116,140,99,106,194,180,178,192,109,66,145,102,110,171,0,85,104,17,53,155,146,63,31,183,65,16,190,10,130,5,39,195,43,127,179,96,141,98,114,64,79,42,119,132,75,163,133,81,153,166,189,33,35,36,22,112,93,19,87,121,51];False
3895;6544;10439;[198,29,90,41,187,60,177,47,26,161,115,152,131,54,197,123,74,37,94,118,124,168,34,108,174,196,167,15,156,21,73,82,49,86,181,68,9,45,138,126,143,160,173,18,199,12,7,136,89,46,164,4,84,122,25,23,77,57,186,170,176,72,154,172,59,11,182,139,135,191,48,50,56,92,147,67,32,61,38,165,193,28,44,125,91,88,70,71,162,20,188,144,184,8,157,78,128,101,185,76,80,100,30,134,27,2,97,58,151,175,6,1,117,113,169,142,137,158,62,120,3,95,149,107,55,14,13,111,52,148,83,129,24,150,103,105,69,159,40,116,140,99,106,194,180,178,192,109,66,145,102,110,171,0,85,104,17,53,155,146,63,31,183,65,16,190,10,130,5,39,195,43,127,179,96,141,98,114,64,79,42,119,132,75,163,133,81,153,166,189,33,35,36,22,112,93,19,87,121,51];False
3950;6533;10483;[198,29,90,41,187,60,177,47,26,161,115,152,131,54,197,123,74,37,94,118,124,168,34,108,174,196,167,15,156,21,73,82,172,86,181,68,9,45,138,126,143,160,173,18,199,12,7,136,89,46,164,4,84,122,25,23,77,57,186,170,176,72,154,49,59,11,182,139,135,191,48,50,56,92,147,67,32,61,38,165,193,28,44,125,91,88,70,71,162,20,188,144,184,8,157,78,128,101,185,76,80,100,30,134,27,2,97,58,151,175,6,1,117,113,169,142,163,158,62,120,3,95,149,107,55,14,13,111,52,148,83,129,24,150,103,105,69,159,40,116,140,99,106,194,180,178,192,109,66,145,102,110,171,0,85,104,17,53,155,146,63,31,183,65,16,190,10,130,5,39,195,43,127,179,96,141,98,114,64,79,42,119,132,75,137,133,81,153,166,189,33,35,36,22,112,93,19,87,121,51];False
3808;6558;10366;[198,29,90,41,187,60,177,47,26,161,115,152,131,54,197,123,74,37,94,118,124,168,34,108,174,196,167,15,156,21,73,82,49,86,181,68,9,45,138,126,143,160,173,18,199,12,7,136,89,46,164,4,84,122,25,23,77,57,186,170,176,72,154,172,59,11,182,139,135,191,48,50,56,92,147,67,32,61,38,165,193,28,44,125,91,88,70,71,162,20,188,144,184,8,157,78,128,101,185,76,80,100,30,134,27,2,97,58,151,175,6,1,117,195,169,142,163,158,62,120,3,95,149,107,55,14,13,111,52,148,83,129,24,150,103,105,69,159,40,116,140,99,106,194,180,178,192,109,66,145,102,110,171,0,85,104,17,53,155,146,63,31,183,65,16,190,10,130,5,39,113,43,127,179,96,141,98,114,64,79,42,119,132,75,137,133,81,153,166,189,33,35,36,22,112,93,19,87,121,51];False
3579;6601;10180;[108,29,90,41,127,60,177,47,26,161,115,152,49,54,197,123,74,37,94,118,124,168,34,198,174,196,167,15,156,21,73,82,172,86,181,68,9,45,138,126,143,160,173,18,199,12,7,136,89,46,164,4,84,122,25,23,77,57,186,170,176,72,154,137,59,11,182,139,135,191,48,50,56,92,147,67,32,61,38,165,193,28,44,125,91,88,70,71,162,20,188,144,184,8,157,78,128,101,185,76,80,100,30,134,27,2,97,58,151,175,6,1,117,195,169,142,131,158,62,120,3,95,149,107,55,14,13,111,52,148,83,129,24,150,103,105,69,159,40,116,140,99,106,194,180,178,192,109,66,145,102,110,171,0,85,104,17,53,155,146,63,31,183,65,16,190,10,130,5,39,113,43,187,179,96,141,98,114,64,79,42,119,132,75,163,133,81,153,166,189,33,35,36,22,112,93,19,87,121,51];False
3558;6599;10157;[198,29,90,41,127,60,42,47,26,161,115,152,49,54,197,123,74,37,94,118,124,168,34,108,174,196,167,15,156,21,73,82,172,86,181,68,9,45,138,126,143,160,173,18,199,12,7,136,89,46,164,4,84,122,25,23,77,57,186,170,176,72,154,137,59,11,182,139,135,191,48,50,56,92,147,67,32,61,38,165,193,28,44,125,91,88,70,71,162,20,188,144,184,8,157,78,128,101,185,76,80,100,30,134,27,2,97,58,151,175,6,1,117,195,169,142,131,158,62,120,3,95,149,107,55,14,13,111,52,148,83,129,24,150,103,105,69,159,40,116,140,99,106,194,180,178,192,109,66,145,102,110,171,0,85,104,17,53,155,146,63,31,183,65,16,190,10,130,5,39,113,43,187,179,96,141,98,114,64,79,177,119,132,75,163,133,81,153,166,189,33,35,36,22,112,93,19,87,121,51];False
3519;6591;10110;[198,29,90,41,127,60,177,47,26,161,115,152,49,54,197,123,74,37,94,118,124,168,34,108,174,196,167,15,156,21,73,82,137,86,181,68,9,45,138,126,143,160,173,18,199,12,7,136,89,46,164,4,84,122,25,23,77,57,186,170,176,72,154,172,59,11,182,139,135,191,48,50,56,92,147,67,32,61,38,165,193,28,44,125,91,88,70,71,162,20,188,144,184,8,157,78,128,101,185,76,80,100,30,134,27,2,97,58,151,175,6,1,117,195,169,142,131,158,62,120,3,95,149,107,55,14,13,111,52,148,83,129,24,150,103,105,69,159,40,116,140,99,106,194,180,178,192,109,66,145,102,110,171,0,85,104,17,53,155,146,63,31,183,65,16,190,10,130,5,39,113,43,187,179,96,141,98,114,64,79,42,119,132,75,163,133,81,153,166,189,33,35,36,22,112,93,19,87,121,51];True
3596;6588;10184;[198,29,90,41,127,60,177,47,26,161,115,152,49,54,197,123,74,37,94,118,124,168,34,108,174,196,167,15,156,21,73,82,172,59,181,68,9,45,138,126,143,160,173,18,199,12,7,136,89,46,164,4,84,122,25,23,77,57,186,170,176,72,154,137,86,11,182,139,135,191,48,50,56,92,147,67,32,61,38,165,193,28,44,125,91,88,70,71,162,20,188,144,184,8,157,78,128,101,185,76,80,100,30,134,27,2,97,58,151,175,6,1,117,195,169,142,131,158,62,120,3,95,149,107,55,14,13,111,52,148,83,129,24,150,103,105,69,159,40,116,140,99,106,194,180,178,192,109,66,145,102,110,171,0,85,104,17,53,155,146,63,31,183,65,16,190,10,130,5,39,113,43,187,179,96,141,98,114,64,79,42,119,132,75,163,133,81,153,166,189,33,35,36,22,112,93,19,87,121,51];False
3603;6587;10190;[198,29,90,41,127,60,177,47,26,161,115,152,49,54,197,123,74,37,94,118,124,168,34,108,174,196,167,15,156,21,73,82,172,86,181,68,9,45,138,126,143,160,173,18,171,12,7,136,89,46,164,4,84,122,25,23,77,57,186,170,176,72,154,137,59,11,182,139,135,191,48,50,56,92,147,67,32,61,38,165,193,28,44,125,91,88,70,71,162,20,188,144,184,8,157,78,128,101,185,76,80,100,30,134,27,2,97,58,151,175,6,1,117,195,169,142,131,158,62,120,3,95,149,107,55,14,13,111,52,148,83,129,24,150,103,105,69,159,40,116,140,99,106,194,180,178,192,109,66,145,102,110,199,0,85,104,17,53,155,146,63,31,183,65,16,190,10,130,5,39,113,43,187,179,96,141,98,114,64,79,42,119,132,75,163,133,81,153,166,189,33,35,36,22,112,93,19,87,121,51];False
3708;6574;10282;[198,29,90,41,127,60,177,47,26,161,115,152,49,54,197,123,74,37,94,118,124,168,34,108,174,196,167,15,156,21,73,82,172,86,181,68,9,45,138,126,143,160,173,18,199,12,7,136,89,46,164,4,84,122,25,23,77,57,186,170,176,72,154,163,59,11,182,139,135,191,48,50,56,92,147,67,32,61,38,165,193,28,44,125,91,88,70,71,162,20,188,144,184,8,157,78,128,101,185,76,80,100,30,134,27,2,97,58,151,175,6,1,117,195,169,142,131,158,62,120,3,95,149,107,55,14,13,111,52,148,83,129,24,150,103,105,69,159,40,116,140,99,106,194,180,178,192,109,66,145,102,110,171,0,85,104,17,53,155,146,63,31,183,65,16,190,10,130,5,39,113,43,187,179,96,141,98,114,64,79,42,119,132,75,137,133,81,153,166,189,33,35,36,22,112,93,19,87,121,51];False
3643;6580;10223;[198,29,90,41,127,60,177,47,26,161,115,152,49,54,197,123,74,37,94,118,124,168,34,108,174,196,167,15,156,21,73,82,172,86,181,68,9,45,138,126,143,160,173,18,199,12,7,136,89,46,164,4,84,122,25,23,77,57,186,170,176,72,154,137,133,11,182,139,135,191,48,50,56,92,147,67,32,61,38,165,193,28,44,125,91,88,70,71,162,20,188,144,184,8,157,78,128,101,185,76,80,100,30,134,27,2,97,58,151,175,6,1,117,195,169,142,131,158,62,120,3,95,149,107,55,14,13,111,52,148,83,129,24,150,103,105,69,159,40,116,140,99,106,194,180,178,192,109,66,145,102,110,171,0,85,104,17,53,155,146,63,31,183,65,16,190,10,130,5,39,113,43,187,179,96,141,98,114,64,79,42,119,132,75,163,59,81,153,166,189,33,35,36,22,112,93,19,87,121,51];False
3637;6583;10220;[198,29,90,41,127,60,177,47,26,161,115,152,49,54,197,123,74,37,94,118,124,168,34,108,174,196,167,15,156,21,73,82,172,86,181,68,9,45,138,126,143,160,173,18,199,12,7,136,89,46,164,4,84,122,25,23,77,57,186,170,176,72,154,137,59,11,182,139,135,191,48,50,56,92,147,67,32,38,61,165,193,28,44,125,91,88,70,71,162,20,188,144,184,8,157,78,128,101,185,76,80,100,30,134,27,2,97,58,151,175,6,1,117,195,169,142,131,158,62,120,3,95,149,107,55,14,13,111,52,148,83,129,24,150,103,105,69,159,40,116,140,99,106,194,180,178,192,109,66,145,102,110,171,0,85,104,17,53,155,146,63,31,183,65,16,190,10,130,5,39,113,43,187,179,96,141,98,114,64,79,42,119,132,75,163,133,81,153,166,189,33,35,36,22,112,93,19,87,121,51];False
3602;6586;10188;[198,29,90,41,127,60,177,47,26,161,115,152,49,54,197,123,74,37,94,118,124,168,34,108,174,196,167,15,156,21,73,82,172,86,181,68,9,45,138,126,143,160,173,18,199,12,7,136,89,46,164,4,84,122,25,23,77,57,186,170,176,72,154,137,59,11,182,139,135,191,48,50,56,92,147,67,32,61,19,165,193,28,44,125,91,88,70,71,162,20,188,144,184,8,157,78,128,101,185,76,80,100,30,134,27,2,97,58,151,175,6,1,117,195,169,142,131,158,62,120,3,95,149,107,55,14,13,111,52,148,83,129,24,150,103,105,69,159,40,116,140,99,106,194,180,178,192,109,66,145,102,110,171,0,85,104,17,53,155,146,63,31,183,65,16,190,10,130,5,39,113,43,187,179,96,141,98,114,64,79,42,119,132,75,163,133,81,153,166,189,33,35,36,22,112,93,38,87,121,51];False
3514;6616;10130;[198,29,90,41,127,60,177,47,26,161,115,152,49,54,197,123,74,37,94,118,124,168,34,108,174,196,167,15,156,21,73,82,172,86,181,68,9,45,138,126,143,160,173,18,199,12,7,136,89,46,164,4,84,122,25,23,77,57,186,170,176,72,154,137,59,11,182,139,135,191,48,50,56,92,147,67,32,61,38,165,193,28,105,125,91,88,70,71,162,20,188,144,184,8,157,78,128,101,185,76,80,100,30,134,27,2,97,58,151,175,6,1,117,195,169,142,131,158,62,120,3,95,149,107,55,14,13,111,52,148,83,129,24,150,103,44,69,159,40,116,140,99,106,194,180,178,192,109,66,145,102,110,171,0,85,104,17,53,155,146,63,31,183,65,16,190,10,130,5,39,113,43,187,179,96,141,98,114,64,79,42,119,132,75,163,133,81,153,166,189,33,35,36,22,112,93,19,87,121,51];False
3695;6570;10265;[198,29,90,41,127,60,177,47,26,161,115,152,49,54,197,123,74,37,94,118,124,168,34,108,174,196,167,15,156,21,73,82,172,86,181,68,9,45,138,126,143,160,173,18,199,12,7,136,89,46,164,4,84,122,25,23,77,57,186,170,176,72,154,137,59,11,182,139,135,191,48,50,56,92,147,67,32,61,38,165,193,28,44,125,91,88,70,71,162,20,188,144,184,8,157,78,128,101,185,76,80,100,30,134,27,2,97,58,151,175,6,1,117,113,169,142,131,158,62,120,3,95,149,107,55,14,13,111,52,148,83,129,24,150,103,105,69,159,40,116,140,99,106,194,180,178,192,109,66,145,102,110,171,0,85,104,17,53,155,146,63,31,183,65,16,190,10,130,5,39,195,43,187,179,96,141,98,114,64,79,42,119,132,75,163,133,81,153,166,189,33,35,36,22,112,93,19,87,121,51];False
3514;6613;10127;[198,29,90,41,127,60,177,47,26,161,115,152,49,54,197,123,74,37,94,118,124,168,34,108,174,196,167,15,156,21,73,82,172,86,181,68,9,45,138,126,143,160,173,18,199,12,7,136,89,46,164,4,84,122,25,23,77,57,186,170,176,72,154,137,59,11,182,139,135,191,48,50,56,92,147,67,32,61,38,165,193,28,44,125,91,88,70,71,162,20,188,144,184,8,157,78,128,101,185,76,80,100,30,134,27,2,97,58,151,175,6,1,117,195,169,142,131,158,62,120,3,95,149,107,55,14,13,111,52,148,83,129,24,150,103,140,69,159,40,116,105,99,106,194,180,178,192,109,66,145,102,110,171,0,85,104,17,53,155,146,63,31,183,65,16,190,10,130,5,39,113,43,187,179,96,141,98,114,64,79,42,119,132,75,163,133,81,153,166,189,33,35,36,22,112,93,19,87,121,51];False
3803;6557;10360;[198,29,90,41,127,60,177,47,26,161,115,152,131,54,197,123,74,37,94,118,124,168,34,108,174,196,167,15,156,21,73,82,172,86,181,68,9,45,138,126,143,160,173,18,199,12,7,136,89,46,164,4,84,122,25,23,77,57,186,170,176,72,154,49,59,11,182,139,135,191,48,50,56,92,147,67,32,61,19,165,193,28,44,125,91,88,70,71,162,20,188,144,184,8,157,78,128,101,185,76,80,100,30,134,27,2,97,58,151,175,6,1,117,113,169,142,163,158,62,120,3,95,149,107,55,14,13,111,52,148,83,129,24,150,103,105,69,159,40,116,140,99,106,194,180,178,192,109,66,145,102,110,171,0,85,104,17,53,155,146,63,31,183,65,16,190,10,130,5,39,195,43,187,179,96,141,98,114,64,79,42,119,132,75,137,133,81,153,166,189,33,35,36,22,112,93,38,87,121,51];False
3323;6674;9997;[198,29,90,41,127,60,42,47,26,161,115,152,131,59,197,168,74,37,94,118,124,123,17,108,174,196,167,15,156,21,73,82,172,86,181,68,9,45,138,126,143,160,173,18,199,12,7,136,89,46,164,4,84,122,25,23,77,57,186,170,176,72,154,49,62,95,182,139,135,191,48,50,56,92,147,67,32,61,38,165,193,28,44,16,91,88,70,71,162,20,188,144,184,8,157,78,128,101,185,76,80,100,30,134,27,195,97,58,151,175,6,1,117,2,169,142,137,158,54,120,3,11,149,107,55,14,13,111,52,148,83,129,24,150,103,105,69,159,40,116,104,99,106,194,180,178,192,10,66,145,102,110,171,0,85,140,34,53,155,146,63,31,183,65,125,190,109,130,5,39,113,43,187,179,96,177,98,114,64,79,141,119,132,75,163,133,81,153,166,189,33,35,36,22,112,93,19,87,121,51];False
3355;6662;10017;[198,29,90,41,127,60,42,47,26,161,115,152,131,59,197,123,74,37,94,118,124,168,17,108,174,196,167,15,156,21,73,82,172,86,181,68,9,45,138,126,143,160,173,18,199,12,7,136,89,46,164,4,84,122,25,23,77,57,186,170,176,72,154,49,62,195,182,139,135,191,48,50,56,92,147,67,32,61,38,165,193,28,44,16,91,88,70,71,162,20,188,144,184,8,157,78,128,101,185,76,80,100,30,134,27,11,97,58,151,175,6,1,117,2,169,142,137,158,54,120,3,95,149,107,55,14,13,111,52,148,83,129,24,150,103,105,69,159,40,116,104,99,106,194,180,178,192,10,66,145,102,110,171,0,85,140,34,53,155,146,63,31,183,65,125,190,109,130,5,39,113,43,187,179,96,141,98,114,64,79,177,119,132,75,163,133,81,153,166,189,33,35,36,22,112,93,19,87,121,51];False
3294;6678;9972;[198,29,90,41,127,60,177,47,26,161,115,152,131,59,197,123,74,37,94,118,124,168,17,108,174,196,167,15,156,21,73,82,172,86,181,68,9,45,138,126,143,160,173,18,199,12,7,136,89,46,164,4,84,122,25,23,77,57,186,170,176,72,154,49,62,195,182,139,135,191,48,50,56,92,147,67,32,61,38,165,193,28,44,16,91,88,70,71,162,20,188,144,184,8,157,78,128,101,185,76,80,100,30,134,96,11,97,58,151,175,6,1,117,2,169,142,137,158,54,120,3,95,149,107,55,14,13,111,52,148,83,129,24,150,103,105,69,159,40,116,104,99,106,194,180,178,192,10,66,145,102,110,171,0,85,140,34,53,155,146,63,31,183,65,125,190,109,130,5,39,113,43,187,179,27,141,98,114,64,79,42,119,132,75,163,133,81,153,166,189,33,35,36,22,112,93,19,87,121,51];False
4657;6417;11074;[198,29,90,41,172,60,179,47,26,161,115,152,163,59,197,123,31,37,94,118,124,168,34,108,174,196,167,15,156,21,73,82,187,86,181,68,9,45,138,126,143,160,91,18,171,195,7,173,89,46,164,4,84,122,25,23,77,57,186,170,176,72,154,49,76,98,182,139,135,183,51,50,56,92,147,67,32,38,87,165,193,28,44,125,6,88,70,71,162,20,191,61,184,8,157,78,128,101,185,39,80,100,30,134,27,2,97,58,158,62,95,1,117,113,169,142,131,110,54,120,3,136,149,107,55,14,13,111,52,148,83,129,24,150,103,105,69,159,40,116,48,99,106,194,180,178,192,109,66,145,102,151,199,0,85,104,17,53,155,121,140,74,188,65,16,190,10,130,5,175,12,43,127,79,42,141,11,114,64,96,177,119,132,75,137,133,81,153,166,189,33,35,36,22,112,93,19,144,146,63];True
4640;6420;11060;[198,29,90,41,187,79,179,47,26,161,115,152,163,59,197,123,31,37,94,118,124,168,34,108,174,196,167,15,156,21,73,82,172,86,181,68,9,45,138,126,143,160,91,18,171,195,7,173,89,46,164,4,84,122,25,23,77,57,186,170,176,72,154,49,76,98,182,139,135,183,51,50,56,92,147,67,32,38,87,165,193,28,44,125,6,88,70,71,162,20,191,61,184,8,157,78,128,101,185,39,80,100,30,134,27,2,97,58,158,62,95,1,117,113,169,142,131,110,54,120,3,136,149,107,55,14,13,111,52,148,83,129,24,150,103,105,69,159,40,116,48,99,106,194,180,178,192,109,66,145,102,151,199,0,85,104,17,53,155,121,140,74,188,65,16,190,10,130,5,175,12,43,127,60,42,141,11,114,64,96,177,119,132,75,137,133,81,153,166,189,33,35,36,22,112,93,19,144,146,63];False
4669;6415;11084;[198,29,90,41,187,60,179,47,26,161,115,152,172,59,197,123,31,37,94,118,124,168,34,108,174,196,167,15,156,21,73,82,163,86,181,68,9,45,138,126,143,160,91,18,171,195,7,173,89,46,164,4,84,122,25,23,77,57,186,170,176,72,154,49,76,98,182,139,135,183,51,50,56,92,147,67,32,38,87,165,193,28,44,125,6,88,70,71,162,20,191,61,184,8,157,78,128,101,185,39,80,100,30,134,27,2,97,58,158,62,95,1,117,113,169,142,131,110,54,120,3,136,149,107,55,14,13,111,52,148,83,129,24,150,103,105,69,159,40,116,48,99,106,194,180,178,192,109,66,145,102,151,199,0,85,104,17,53,155,121,140,74,188,65,16,190,10,130,5,175,12,43,127,79,42,141,11,114,64,96,177,119,132,75,137,133,81,153,166,189,33,35,36,22,112,93,19,144,146,63];True
4714;6410;11124;[198,29,90,41,187,60,179,47,26,161,115,152,163,122,197,123,31,37,94,118,124,168,34,108,174,196,167,15,156,21,73,82,172,86,181,68,9,45,138,126,143,160,91,18,171,195,7,173,89,46,164,4,84,59,25,23,77,57,186,170,176,72,154,49,76,98,182,139,135,183,51,50,56,92,147,67,32,38,87,165,193,28,44,125,6,88,70,71,162,20,191,61,184,8,157,78,128,101,185,39,80,100,30,134,27,2,97,58,158,62,95,1,117,113,169,142,131,110,54,120,3,136,149,107,55,14,13,111,52,148,83,129,24,150,103,105,69,159,40,116,48,99,106,194,180,178,192,109,66,145,102,151,199,0,85,104,17,53,155,121,140,74,188,65,16,190,10,130,5,175,12,43,127,79,42,141,11,114,64,96,177,119,132,75,137,133,81,153,166,189,33,35,36,22,112,93,19,144,146,63];False
4828;6395;11223;[198,29,90,41,187,60,179,47,26,161,115,152,163,59,197,123,31,37,94,118,124,168,34,108,174,196,167,15,156,21,73,82,172,86,181,68,9,45,138,126,143,160,91,18,171,195,7,173,89,46,164,4,84,122,25,23,77,57,186,170,176,72,154,49,39,98,182,139,135,183,51,50,56,92,147,67,32,38,87,165,193,28,44,125,6,88,70,71,162,20,191,61,184,8,157,78,128,101,185,76,80,100,30,134,27,2,97,58,158,62,95,1,117,113,169,142,131,110,54,120,3,136,149,107,55,14,13,111,52,148,83,129,24,150,103,105,69,159,40,116,48,99,106,194,180,178,192,109,66,145,102,151,199,0,85,104,17,53,155,121,140,74,188,65,16,190,10,130,5,175,12,43,127,79,42,141,11,114,64,96,177,119,132,75,137,133,81,153,166,189,33,35,36,22,112,93,19,144,146,63];True
4720;6408;11128;[198,29,90,41,187,60,179,47,26,161,115,152,163,59,197,123,31,37,94,118,124,168,34,108,174,196,167,15,156,21,73,82,172,86,181,68,9,45,138,126,143,160,91,18,171,195,7,173,89,46,164,4,84,122,25,23,77,57,186,170,176,72,154,49,76,11,182,139,135,183,51,50,56,92,147,67,32,38,87,165,193,28,44,125,6,88,70,71,162,20,191,61,184,8,157,78,128,101,185,39,80,100,30,134,27,2,97,58,158,62,95,1,117,113,169,142,131,110,54,120,3,136,149,107,55,14,13,111,52,148,83,129,24,150,103,105,69,159,40,116,48,99,106,194,180,178,192,109,66,145,102,151,199,0,85,104,17,53,155,121,140,74,188,65,16,190,10,130,5,175,12,43,127,79,42,141,98,114,64,96,177,119,132,75,137,133,81,153,166,189,33,35,36,22,112,93,19,144,146,63];True
4703;6412;11115;[198,29,90,41,187,60,179,47,26,161,115,152,163,59,197,123,31,37,94,118,124,168,34,108,174,196,167,15,156,21,73,82,172,86,181,68,9,45,138,126,143,160,91,18,171,195,7,173,89,46,164,4,84,122,25,23,77,57,186,170,176,72,154,49,76,98,182,139,135,183,140,50,56,92,147,67,32,38,87,165,193,28,44,125,6,88,70,71,162,20,191,61,184,8,157,78,128,101,185,39,80,100,30,134,27,2,97,58,158,62,95,1,117,113,169,142,131,110,54,120,3,136,149,107,55,14,13,111,52,148,83,129,24,150,103,105,69,159,40,116,48,99,106,194,180,178,192,109,66,145,102,151,199,0,85,104,17,53,155,121,51,74,188,65,16,190,10,130,5,175,12,43,127,79,42,141,11,114,64,96,177,119,132,75,137,133,81,153,166,189,33,35,36,22,112,93,19,144,146,63];False
4811;6398;11209;[198,29,90,41,187,60,179,47,26,161,115,152,163,59,197,123,31,37,94,118,124,168,34,108,174,196,167,15,156,21,73,82,172,86,181,68,9,45,138,126,143,160,91,18,171,195,7,173,89,46,164,4,84,122,25,23,77,57,186,170,176,72,154,49,76,98,182,139,135,183,51,50,56,92,147,67,32,38,87,165,193,28,44,125,6,88,70,71,162,20,191,61,184,8,157,78,128,101,185,39,80,131,30,134,27,2,97,58,158,62,95,1,117,113,169,142,100,110,54,120,3,136,149,107,55,14,13,111,52,148,83,129,24,150,103,105,69,159,40,116,48,99,106,194,180,178,192,109,66,145,102,151,199,0,85,104,17,53,155,121,140,74,188,65,16,190,10,130,5,175,12,43,127,79,42,141,11,114,64,96,177,119,132,75,137,133,81,153,166,189,33,35,36,22,112,93,19,144,146,63];True
4688;6413;11101;[198,29,90,41,187,60,179,47,26,161,115,152,163,59,197,123,31,37,94,118,124,168,34,108,174,196,167,15,156,21,73,82,172,86,181,68,9,45,138,126,143,160,91,18,171,195,7,173,89,46,164,4,84,122,25,23,77,57,186,170,176,72,154,49,76,98,182,139,135,183,51,50,56,92,147,67,32,38,87,165,193,28,44,125,6,88,70,71,162,20,191,61,184,8,157,78,128,101,185,39,80,100,30,134,27,2,97,58,110,62,95,1,117,113,169,142,131,158,54,120,3,136,149,107,55,14,13,111,52,148,83,129,24,150,103,105,69,159,40,116,48,99,106,194,180,178,192,109,66,145,102,151,199,0,85,104,17,53,155,121,140,74,188,65,16,190,10,130,5,175,12,43,127,79,42,141,11,114,64,96,177,119,132,75,137,133,81,153,166,189,33,35,36,22,112,93,19,144,146,63];False
4712;6410;11122;[198,29,90,41,187,60,179,47,26,161,115,152,163,59,197,123,31,37,94,118,124,168,34,108,174,196,167,15,156,21,73,82,172,86,181,68,9,45,138,126,143,160,91,18,171,195,7,173,89,46,164,4,84,122,25,23,77,57,186,170,176,72,154,49,76,98,182,139,135,183,51,50,56,92,147,67,32,38,87,165,193,28,44,125,6,88,70,71,162,20,191,61,184,8,157,78,128,101,185,39,80,100,30,134,27,2,97,58,158,62,95,1,117,113,169,142,131,110,54,120,3,136,149,107,55,14,13,111,52,148,83,129,24,150,103,105,69,159,40,116,48,99,106,194,180,178,192,109,66,145,102,114,199,0,85,104,17,53,155,121,140,74,188,65,16,190,10,130,5,175,12,43,127,79,42,141,11,151,64,96,177,119,132,75,137,133,81,153,166,189,33,35,36,22,112,93,19,144,146,63];True
4594;6432;11026;[198,29,90,41,187,79,179,47,26,161,115,152,172,59,197,123,31,37,94,118,124,168,34,108,174,196,167,15,156,21,73,82,163,86,181,68,9,45,138,126,143,160,91,18,171,195,7,173,89,144,164,4,84,122,25,23,77,57,186,170,176,72,154,49,76,98,182,139,135,183,51,50,56,92,147,67,32,38,87,165,193,28,44,125,6,88,70,71,162,20,191,61,184,8,157,78,128,101,185,39,80,100,30,134,27,2,97,58,158,62,95,1,117,113,169,142,131,110,54,120,3,136,149,107,55,14,13,111,52,148,83,129,24,150,103,105,69,159,40,116,48,99,106,194,180,178,192,109,66,145,102,151,199,0,85,104,17,53,155,121,140,74,188,65,16,190,10,130,5,175,12,43,127,60,42,141,11,114,64,96,177,119,132,75,137,133,81,153,166,189,33,35,36,22,112,93,19,46,146,63];False
4581;6423;11004;[198,29,90,41,187,60,179,47,26,161,115,152,172,59,197,123,31,37,94,118,124,168,34,108,174,196,167,15,156,21,73,82,137,86,181,68,9,45,138,126,143,160,91,18,171,195,7,173,89,144,164,4,84,122,25,23,77,57,186,170,176,72,154,49,76,98,182,139,135,183,51,50,56,92,147,67,32,38,87,165,193,28,44,125,6,88,70,71,162,20,191,61,184,8,157,78,128,101,185,39,80,100,30,134,27,2,97,58,158,62,95,1,117,113,169,142,131,110,54,120,3,136,149,107,55,14,13,111,52,148,83,129,24,150,103,105,69,159,40,116,48,99,106,194,180,178,192,109,66,145,102,151,199,0,85,104,17,53,155,121,140,74,188,65,16,190,10,130,5,175,12,43,127,79,42,141,11,114,64,96,177,119,132,75,163,133,81,153,166,189,33,35,36,22,112,93,19,46,146,63];True
4807;6399;11206;[198,29,90,41,187,60,179,47,26,161,115,152,163,59,197,123,31,37,94,118,124,168,34,108,174,196,167,15,156,21,73,82,172,86,181,68,9,45,138,126,143,160,91,18,171,195,7,173,89,144,164,4,84,122,25,23,77,57,186,170,176,72,154,49,39,95,182,139,135,183,51,50,56,92,147,67,32,38,87,165,193,28,44,125,6,88,70,71,162,20,191,61,184,8,157,78,128,101,185,76,80,100,30,134,27,2,97,58,158,62,98,1,117,113,169,142,131,110,54,120,3,136,149,107,55,14,13,111,52,148,83,129,24,150,103,105,69,159,40,116,48,99,106,194,180,178,192,109,66,145,102,151,199,0,85,104,17,53,155,121,140,74,188,65,16,190,10,130,5,175,12,43,127,79,42,141,11,114,64,96,177,119,132,75,137,133,81,153,166,189,33,35,36,22,112,93,19,46,146,63];True
5273;6364;11637;[198,29,90,41,187,60,179,47,26,161,115,152,163,59,197,123,17,37,94,118,124,168,34,108,174,196,167,15,156,21,73,82,172,86,181,68,9,45,138,126,143,160,91,18,171,12,7,173,23,144,164,4,84,122,25,89,77,57,186,170,176,3,154,49,39,98,182,139,135,183,51,50,56,92,147,67,32,38,87,165,193,28,44,125,6,88,70,71,162,20,191,61,184,8,72,78,128,101,185,76,80,100,30,134,27,2,97,58,158,62,95,1,117,113,169,142,131,110,54,120,157,136,149,107,55,14,13,111,52,148,83,129,24,150,103,105,69,159,40,116,48,99,106,194,180,178,192,109,66,145,102,151,199,0,85,104,31,53,155,121,140,74,188,65,16,190,10,130,5,175,195,43,127,79,42,141,11,114,64,96,177,119,132,75,137,133,81,153,166,189,33,35,36,22,112,93,19,46,146,63];False
5235;6366;11601;[198,29,90,41,187,60,179,47,26,161,115,152,163,59,197,123,17,37,94,118,124,168,34,108,174,196,167,15,156,21,73,82,172,86,181,68,9,45,138,126,143,160,91,18,171,195,7,173,23,144,164,4,84,122,25,89,77,57,186,170,176,3,154,49,39,98,182,139,135,183,51,50,56,92,147,67,32,38,87,165,193,28,44,125,6,88,70,71,162,20,191,61,184,8,72,78,128,101,185,76,80,131,30,134,27,2,97,58,158,62,95,1,117,113,169,142,100,110,54,120,157,136,149,107,55,14,13,111,52,148,83,129,24,150,103,105,69,159,40,116,48,99,106,194,180,178,192,109,66,145,102,151,199,0,85,104,31,53,155,121,140,74,188,65,16,190,10,130,5,175,12,43,127,79,42,141,11,114,64,96,177,119,132,75,137,133,81,153,166,189,33,35,36,22,112,93,19,46,146,63];False
5315;6362;11677;[198,29,90,41,187,60,179,47,26,161,115,152,163,59,197,123,31,37,94,118,124,168,34,108,174,196,167,15,156,21,73,82,172,86,181,68,9,45,138,126,143,160,91,18,171,195,7,173,23,144,164,4,84,122,25,89,77,57,186,170,176,3,154,49,39,98,182,139,135,183,51,50,56,92,147,67,32,38,87,165,193,28,44,125,6,88,70,71,162,20,191,61,184,8,72,78,128,101,185,76,80,131,30,134,27,2,97,58,158,62,95,1,117,113,169,142,100,110,54,120,157,136,149,107,55,14,13,111,52,148,83,129,189,150,103,105,69,159,40,116,48,99,106,194,180,178,192,109,66,145,102,151,199,0,85,104,17,53,155,121,140,74,188,65,16,190,10,130,5,175,12,43,127,79,42,141,11,114,64,96,177,119,132,75,137,133,81,153,166,24,33,35,36,22,112,93,19,46,146,63];False
5307;6360;11667;[198,29,90,41,187,60,179,47,26,161,115,152,163,59,197,123,106,194,94,118,124,168,34,108,174,196,167,15,156,21,73,82,172,86,181,68,9,45,138,126,143,160,91,18,171,195,7,173,89,144,164,4,84,122,25,23,77,57,186,170,176,3,154,49,39,98,182,139,135,183,51,50,56,92,147,67,32,38,87,165,193,28,44,125,6,88,70,71,162,20,191,61,184,8,72,78,128,101,185,76,80,100,30,134,27,2,97,58,158,62,95,1,117,113,169,142,131,110,54,120,157,136,149,107,55,14,13,111,52,148,83,129,24,150,103,105,69,159,40,116,99,63,31,53,180,178,192,109,66,145,102,151,199,0,85,104,17,37,48,146,140,74,188,65,16,190,10,130,5,175,12,43,127,79,42,141,11,114,64,96,177,119,132,75,137,133,81,153,166,189,33,35,36,22,112,93,19,46,121,155];False
5290;6362;11652;[198,29,90,41,187,60,179,47,26,161,115,152,163,59,197,123,106,37,94,118,124,168,34,108,174,196,167,15,156,21,73,82,172,86,181,68,9,45,138,126,143,160,91,18,171,12,7,173,89,144,164,4,84,122,25,23,77,57,186,170,176,3,154,49,39,98,182,139,135,183,51,50,56,92,147,67,32,38,87,165,193,28,44,125,6,88,70,71,162,20,191,61,184,8,72,78,128,101,185,76,80,100,30,134,27,2,97,58,158,62,95,1,117,113,169,142,131,110,54,120,157,136,149,107,55,14,13,111,52,148,83,129,24,150,103,105,69,159,40,116,99,63,31,53,180,178,192,109,66,145,102,151,199,0,85,104,17,194,48,146,140,74,188,65,16,190,10,130,5,175,195,43,127,79,42,141,11,114,64,96,177,119,132,75,137,133,81,153,166,189,33,35,36,22,112,93,19,46,121,155];False
5308;6359;11667;[198,29,90,41,187,60,179,47,26,161,115,152,163,59,197,123,106,37,94,118,124,168,34,108,174,196,167,15,156,21,73,82,172,86,181,68,9,45,138,126,143,160,91,18,171,195,7,173,23,144,164,4,84,122,25,89,77,57,186,170,176,3,154,49,39,98,182,139,135,183,51,50,56,92,147,67,32,38,87,165,193,28,44,125,6,88,70,71,162,20,191,61,184,8,72,78,128,101,185,76,80,100,30,134,27,2,97,58,158,62,95,1,117,113,169,142,131,110,54,120,157,136,149,107,55,14,13,111,52,148,83,129,24,150,103,105,69,159,40,116,99,63,31,53,180,178,192,109,66,145,102,151,199,0,85,104,17,194,48,146,140,74,188,65,16,190,10,130,5,175,12,43,127,79,42,141,11,114,64,96,177,119,132,75,137,133,81,153,166,189,33,35,36,22,112,93,19,46,121,155];False
5077;6375;11452;[198,29,90,41,187,60,179,47,26,161,115,152,163,59,197,123,106,37,94,118,124,168,34,108,174,196,167,15,156,21,73,82,172,86,181,68,9,45,138,126,143,160,91,18,171,195,7,173,89,144,164,4,84,122,25,23,77,57,186,170,176,3,154,49,76,98,182,139,135,183,51,50,56,92,147,67,32,38,87,165,193,28,44,125,6,88,70,71,162,20,191,61,184,8,72,78,128,101,185,39,80,100,30,134,27,2,97,58,158,62,95,1,117,113,169,142,131,110,54,120,157,136,149,107,55,14,13,111,52,148,83,129,24,150,103,105,69,159,40,116,99,63,31,53,180,178,192,109,66,145,102,151,199,0,85,104,17,194,48,146,140,74,188,65,16,190,10,130,5,175,12,43,127,79,42,141,11,114,64,96,177,119,132,75,137,133,81,153,166,189,33,35,36,22,112,93,19,46,121,155];True
5244;6364;11608;[198,29,90,41,187,60,179,47,26,161,115,152,163,59,197,123,106,37,94,118,124,168,34,108,174,196,167,15,156,21,73,82,172,86,181,68,9,45,138,126,143,160,91,18,171,195,7,173,89,144,164,4,84,122,25,23,77,57,186,170,176,3,154,49,39,98,182,139,135,183,51,50,56,92,147,67,32,38,87,165,193,28,44,125,6,88,70,71,162,194,191,61,184,8,72,78,128,101,185,76,80,100,30,134,27,2,97,58,158,62,95,1,117,113,169,142,131,110,54,120,157,136,149,107,55,14,13,111,52,148,83,129,24,150,103,105,69,159,40,116,99,63,31,53,180,178,192,109,66,145,102,151,199,0,85,104,17,20,48,146,140,74,188,65,16,190,10,130,5,175,12,43,127,79,42,141,11,114,64,96,177,119,132,75,137,133,81,153,166,189,33,35,36,22,112,93,19,46,121,155];True
5275;6363;11638;[198,29,90,41,187,60,179,47,26,161,115,152,163,59,197,123,106,37,94,118,124,168,34,108,174,196,167,15,156,21,73,82,172,86,181,68,9,45,138,126,143,160,91,18,171,195,7,173,89,144,164,4,84,122,25,23,77,57,186,170,176,3,154,49,39,98,182,139,135,183,51,50,56,92,147,67,32,38,87,165,193,28,44,125,6,88,70,71,162,20,191,61,184,8,72,78,128,101,185,76,80,100,30,134,27,2,97,58,158,62,95,1,117,113,169,142,131,110,54,120,157,136,149,107,55,14,13,111,52,148,83,129,189,150,103,105,69,159,40,116,99,63,31,53,180,178,192,109,66,145,102,151,199,0,85,104,17,194,48,146,140,74,188,65,16,190,10,130,5,175,12,43,127,79,42,141,11,114,64,96,177,119,132,75,137,133,81,153,166,24,33,35,36,22,112,93,19,46,121,155];False
4182;6491;10673;[198,29,90,41,187,60,42,47,26,161,115,152,172,59,197,123,74,37,94,118,124,168,34,108,174,196,167,15,156,21,73,82,137,86,181,68,9,45,138,126,143,160,91,18,171,195,7,173,89,46,164,4,84,122,25,23,77,57,186,170,176,72,154,49,133,11,182,139,135,191,48,50,56,92,147,67,32,61,19,165,193,28,44,125,6,88,70,71,162,20,188,144,184,8,157,78,128,101,185,76,80,100,30,134,27,2,97,58,158,62,95,1,117,113,169,142,131,110,54,120,3,136,149,107,55,14,13,111,52,148,83,129,24,150,103,105,69,159,40,116,140,99,106,194,180,178,192,109,66,145,102,151,199,0,85,104,17,53,155,146,63,31,183,65,16,190,10,130,5,177,12,43,127,79,179,175,98,114,64,96,141,119,132,75,163,39,81,153,166,189,33,35,36,22,112,93,38,87,121,51];False
4116;6503;10619;[198,29,90,41,187,128,42,47,26,161,115,152,172,59,197,123,74,37,94,118,124,168,34,108,174,196,167,15,156,21,73,82,137,86,181,68,9,45,138,126,143,160,91,18,171,195,7,173,89,46,164,4,84,122,25,23,77,57,186,170,176,72,154,49,133,11,182,139,135,191,48,50,56,92,147,67,32,61,38,165,193,28,44,125,6,88,70,71,162,20,188,144,184,8,157,78,60,101,185,76,80,100,30,134,27,2,97,58,158,62,95,1,117,113,169,142,131,110,54,120,3,136,149,107,55,14,13,111,52,148,83,129,24,150,103,105,69,159,40,116,140,99,106,194,180,178,192,109,66,145,102,151,199,0,85,104,17,53,155,146,63,31,183,65,16,190,10,130,5,177,12,43,127,79,179,175,98,114,64,96,141,119,132,75,163,39,81,153,166,189,33,35,36,22,112,93,19,87,121,51];False
4104;6505;10609;[198,29,90,41,187,128,42,47,26,161,115,152,172,59,197,123,74,37,94,118,124,168,34,108,174,196,167,15,156,21,73,82,137,86,181,68,9,45,138,126,143,160,91,18,171,195,7,173,89,46,164,4,84,122,25,23,77,57,186,170,176,72,154,49,39,11,182,139,135,191,48,50,56,92,147,67,32,61,19,165,193,28,44,125,6,88,70,71,162,20,188,144,184,8,157,78,60,101,185,76,80,100,30,134,27,2,97,58,158,62,95,1,117,113,169,142,131,110,54,120,3,136,149,107,55,14,13,111,52,148,83,129,24,150,103,105,69,159,40,116,140,99,106,194,180,178,192,109,66,145,102,151,199,0,85,104,17,53,155,146,63,31,183,65,16,190,10,130,5,177,12,43,127,79,179,175,98,114,64,96,141,119,132,75,163,133,81,153,166,189,33,35,36,22,112,93,38,87,121,51];False
4042;6519;10561;[198,29,90,41,187,128,42,47,26,161,115,152,172,59,197,123,74,37,94,118,124,168,34,108,174,196,167,15,156,21,73,82,137,86,181,68,9,45,138,126,143,160,91,18,171,195,7,173,89,46,164,4,84,122,25,23,77,57,186,170,176,72,154,49,39,11,182,139,135,191,48,50,56,92,147,67,32,61,38,165,193,28,44,125,6,88,70,71,162,20,188,144,184,8,157,78,60,101,185,76,80,100,30,134,27,2,97,58,110,62,95,1,117,113,169,142,131,158,54,120,3,136,149,107,55,14,13,111,52,148,83,129,24,150,103,105,69,159,40,116,140,99,106,194,180,178,192,109,66,145,102,151,199,0,85,104,17,53,155,146,63,31,183,65,16,190,10,130,5,177,12,43,127,79,179,175,98,114,64,96,141,119,132,75,163,133,81,153,166,189,33,35,36,22,112,93,19,87,121,51];False
4053;6517;10570;[198,29,90,41,187,128,42,47,26,161,115,152,172,59,197,123,74,37,94,118,124,168,34,108,174,196,167,15,156,21,73,82,137,86,181,68,9,45,138,126,143,160,91,18,171,195,7,173,89,46,164,4,84,122,25,23,77,57,186,170,176,72,154,49,76,11,182,139,135,191,48,50,56,92,147,67,32,61,19,165,193,28,44,125,6,88,70,71,162,20,188,144,184,8,157,78,60,101,185,39,80,100,30,134,27,2,97,58,158,62,95,1,117,113,169,142,131,110,54,120,3,136,149,107,55,14,13,111,52,148,83,129,24,150,103,105,69,159,40,116,104,99,106,194,180,178,192,109,66,145,102,151,199,0,85,140,17,53,155,146,63,31,183,65,16,190,10,130,5,177,12,43,127,79,179,175,98,114,64,96,141,119,132,75,163,133,81,153,166,189,33,35,36,22,112,93,38,87,121,51];False
3352;6660;10012;[198,29,90,41,127,60,42,47,26,161,115,152,131,59,197,123,74,37,94,118,124,168,17,108,174,196,167,15,156,21,73,82,172,86,181,68,9,45,138,126,143,160,173,18,199,12,7,136,89,46,164,4,84,122,25,23,77,57,186,170,176,72,154,49,54,11,182,139,135,191,48,50,56,92,147,67,32,61,38,165,193,28,44,16,91,88,70,71,162,20,188,144,184,8,157,78,128,101,185,76,80,100,30,134,27,195,97,58,151,175,6,1,117,2,169,142,137,158,62,120,3,95,149,107,55,14,13,111,52,148,83,129,24,150,103,105,69,159,40,116,104,99,106,194,180,178,192,10,66,145,102,110,171,0,85,140,34,53,155,146,63,31,183,65,125,190,109,130,5,39,113,43,187,179,96,177,98,114,64,79,141,119,132,75,163,133,81,153,166,189,33,35,36,22,112,93,19,87,121,51];False
3374;6653;10027;[198,29,90,41,127,60,177,47,26,161,115,152,131,54,197,123,74,37,94,118,124,168,17,108,174,196,167,15,156,21,73,82,172,86,181,68,9,45,138,126,143,160,173,18,199,12,7,136,89,46,164,4,84,122,25,23,77,57,186,170,176,72,154,49,182,11,59,139,135,191,48,50,56,92,147,67,32,61,38,165,193,28,44,16,91,88,70,71,162,20,188,144,184,8,157,78,128,101,185,76,80,100,30,134,27,195,97,58,151,175,6,1,117,2,169,142,137,158,62,120,3,95,149,107,55,14,13,111,52,148,83,129,24,150,103,105,69,159,40,116,104,99,106,194,180,178,192,10,66,145,102,110,171,0,85,140,34,53,155,146,63,31,183,65,125,190,109,130,5,39,113,43,187,179,96,141,98,114,64,79,42,119,132,75,163,133,81,153,166,189,33,35,36,22,112,93,19,87,121,51];False
3337;6664;10001;[198,29,90,41,127,60,177,47,26,161,115,152,131,59,197,123,74,37,94,118,124,168,17,108,174,196,167,15,156,21,73,82,172,86,181,68,9,45,138,126,143,160,173,18,199,12,7,136,89,46,164,4,84,122,25,23,77,57,186,170,176,72,154,49,148,11,54,139,135,191,48,50,56,92,147,67,32,61,38,165,193,28,44,16,91,88,70,71,162,20,188,144,184,8,157,78,128,101,185,76,80,100,30,134,27,195,97,58,151,175,6,1,117,2,169,142,137,158,62,120,3,95,149,107,55,14,13,111,52,182,83,129,24,150,103,105,69,159,40,116,104,99,106,194,180,178,192,10,66,145,102,110,171,0,85,140,34,53,155,146,63,31,183,65,125,190,109,130,5,39,113,43,187,179,96,141,98,114,64,79,42,119,132,75,163,133,81,153,166,189,33,35,36,22,112,93,19,87,121,51];False
3406;6642;10048;[198,29,90,41,127,60,177,47,26,161,115,152,131,54,197,123,74,37,94,118,124,168,34,108,174,196,167,15,156,21,73,82,172,86,181,68,9,45,138,126,143,160,173,18,199,12,7,136,89,46,164,4,84,122,25,23,77,57,186,170,176,72,154,49,148,11,59,139,135,191,48,50,56,92,147,67,32,61,38,165,193,28,44,16,91,88,70,71,162,20,188,144,184,8,157,78,128,101,185,76,80,100,30,134,27,195,97,58,151,175,6,1,117,2,169,142,137,158,62,120,3,95,149,107,55,14,13,111,52,182,83,129,24,150,103,105,69,159,40,116,104,99,106,194,180,178,192,10,66,145,102,110,171,0,85,140,17,53,155,146,63,31,183,65,125,190,109,130,5,39,113,43,187,179,96,141,98,114,64,79,42,119,132,75,163,133,81,153,166,189,33,35,36,22,112,93,19,87,121,51];False
3335;6668;10003;[198,29,90,41,127,60,42,47,26,161,115,152,131,59,197,123,74,37,94,118,124,168,34,108,174,196,167,15,156,21,73,82,172,86,181,68,9,45,138,126,143,160,173,18,199,12,7,136,89,46,164,4,84,122,25,23,77,57,186,170,176,72,154,49,148,11,54,139,135,191,48,50,56,92,147,67,32,61,38,165,193,28,44,16,91,88,70,71,162,20,188,144,184,8,157,78,128,101,185,76,80,100,30,134,27,195,97,58,151,175,6,1,117,2,169,142,137,158,62,120,3,95,149,107,55,14,13,111,52,182,83,129,24,150,103,105,69,159,40,116,104,99,106,194,180,178,192,10,66,145,102,110,171,0,85,140,17,53,155,146,63,31,183,65,125,190,109,130,5,39,113,43,187,179,96,141,98,114,64,79,177,119,132,75,163,133,81,153,166,189,33,35,36,22,112,93,19,87,121,51];False
3311;6675;9986;[198,29,90,41,127,60,177,47,26,161,115,152,131,59,197,123,74,37,94,118,124,168,34,108,174,196,167,15,156,21,73,82,172,86,181,68,9,45,138,126,143,160,173,18,199,12,7,136,89,46,164,4,84,122,25,23,77,57,186,170,176,72,154,49,141,11,54,139,135,191,48,50,56,92,147,67,32,61,38,165,193,28,44,16,91,88,70,71,162,20,188,144,184,8,157,78,128,101,185,76,80,100,30,134,27,195,97,58,151,175,6,1,117,2,169,142,137,158,62,120,3,95,149,107,55,14,13,111,52,182,83,129,24,150,103,105,69,159,40,116,104,99,106,194,180,178,192,10,66,145,102,110,171,0,85,140,17,53,155,146,63,31,183,65,125,190,109,130,5,39,113,43,187,179,96,148,98,114,64,79,42,119,132,75,163,133,81,153,166,189,33,35,36,22,112,93,19,87,121,51];False
3502;6616;10118;[198,29,90,41,127,60,42,47,26,161,115,152,49,54,197,123,74,37,94,118,124,168,34,108,174,196,167,15,156,21,73,82,172,86,181,68,9,45,138,126,143,160,173,18,199,12,7,136,89,46,164,4,84,122,25,23,77,57,186,170,176,72,154,100,59,11,182,139,135,191,48,50,56,92,147,67,32,61,38,165,193,28,44,16,91,88,70,71,162,20,188,144,184,8,157,78,128,101,185,76,80,131,30,134,27,2,97,58,151,175,6,1,117,195,169,142,137,158,62,120,3,95,149,107,55,14,13,111,52,148,83,129,24,150,103,105,69,159,40,116,140,99,106,194,180,178,192,109,66,145,102,110,171,0,85,104,17,53,155,146,63,31,183,65,125,190,10,130,5,39,113,43,187,179,96,141,98,114,64,79,177,119,132,75,163,133,81,153,166,189,33,35,36,22,112,93,19,87,121,51];False
3490;6614;10104;[198,29,90,41,127,60,42,47,26,161,115,152,49,54,197,123,74,37,94,118,124,168,34,108,174,196,167,15,156,21,73,82,172,86,181,68,9,45,138,126,143,160,173,18,199,12,7,136,89,46,164,4,84,122,25,23,77,57,186,170,176,72,154,137,59,11,182,139,135,191,48,50,56,92,147,67,32,61,38,165,193,28,44,16,91,88,70,71,162,20,188,144,184,8,157,78,128,101,185,76,80,100,30,134,27,2,97,58,151,175,6,1,117,195,169,142,131,158,62,120,3,95,149,107,55,14,13,111,52,148,83,129,24,150,103,105,69,159,40,116,140,99,106,194,180,178,192,109,66,145,102,110,171,0,85,104,17,53,155,146,63,31,183,65,125,190,10,130,5,39,113,43,187,179,96,141,98,114,64,79,177,119,132,75,163,133,81,153,166,189,33,35,36,22,112,93,19,87,121,51];False
3681;6577;10258;[198,29,90,41,187,60,177,47,26,161,115,152,49,54,197,123,74,37,94,118,124,168,34,108,174,196,167,15,156,21,73,82,172,86,181,68,9,45,138,126,143,160,173,18,199,12,7,136,89,46,164,4,84,122,25,23,77,57,186,170,176,72,154,137,59,11,182,139,135,191,48,50,56,92,147,67,32,61,38,165,193,28,44,16,91,88,70,71,162,20,188,144,184,8,157,78,128,101,185,76,80,100,30,134,27,2,97,58,151,175,6,1,117,195,169,142,131,158,62,120,3,95,149,107,55,14,13,111,52,148,83,129,24,150,103,105,69,159,40,116,140,99,106,194,180,178,192,109,66,145,102,110,171,0,85,104,17,53,155,146,63,31,183,65,125,190,10,130,5,39,113,43,127,179,96,141,98,114,64,79,42,119,132,75,163,133,81,153,166,189,33,35,36,22,112,93,19,87,121,51];False
3451;6606;10057;[198,29,90,41,127,60,177,47,26,161,115,152,49,54,197,123,74,37,94,118,124,168,34,108,174,196,167,15,156,21,73,82,137,86,181,68,9,45,138,126,143,160,173,18,199,12,7,136,89,46,164,4,84,122,25,23,77,57,186,170,176,72,154,172,59,11,182,139,135,191,48,50,56,92,147,67,32,61,38,165,193,28,44,16,91,88,70,71,162,20,188,144,184,8,157,78,128,101,185,76,80,100,30,134,27,2,97,58,151,175,6,1,117,195,169,142,131,158,62,120,3,95,149,107,55,14,13,111,52,148,83,129,24,150,103,105,69,159,40,116,140,99,106,194,180,178,192,109,66,145,102,110,171,0,85,104,17,53,155,146,63,31,183,65,125,190,10,130,5,39,113,43,187,179,96,141,98,114,64,79,42,119,132,75,163,133,81,153,166,189,33,35,36,22,112,93,19,87,121,51];True
3627;6585;10212;[198,29,90,41,127,60,177,47,26,161,115,152,49,54,197,123,74,37,94,118,124,168,34,108,174,196,167,15,156,21,73,82,172,86,181,68,9,45,138,126,143,160,173,18,199,12,7,136,89,46,164,4,84,122,25,23,77,57,186,170,176,72,154,137,59,11,182,139,135,191,48,50,56,92,147,67,32,61,38,165,193,28,44,16,91,88,70,71,162,20,188,144,184,8,157,78,128,101,185,76,80,100,30,134,27,2,97,58,151,175,6,1,117,113,169,142,131,158,62,120,3,95,149,107,55,14,13,111,52,148,83,129,24,150,103,105,69,159,40,116,140,99,106,194,180,178,192,109,66,145,102,110,171,0,85,104,17,53,155,146,63,31,183,65,125,190,10,130,5,39,195,43,187,179,96,141,98,114,64,79,42,119,132,75,163,133,81,153,166,189,33,35,36,22,112,93,19,87,121,51];False
3423;6639;10062;[198,29,90,41,127,60,177,47,26,161,115,152,49,54,197,123,74,37,94,118,124,168,34,108,174,196,167,15,156,21,73,82,172,86,181,68,9,45,138,126,143,160,173,18,199,12,7,136,89,46,164,4,84,122,25,23,77,57,186,170,176,72,154,137,59,11,182,139,135,191,48,50,56,92,147,67,32,61,38,165,193,28,44,16,91,88,70,71,162,20,188,144,184,8,157,78,128,101,185,76,80,100,30,134,27,2,97,58,151,175,6,1,117,195,169,142,131,158,62,120,3,95,149,107,55,14,13,111,112,148,83,129,24,150,103,105,69,159,40,116,140,99,106,194,180,178,192,109,66,145,102,110,171,0,85,104,17,53,155,146,63,31,183,65,125,190,10,130,5,39,113,43,187,179,96,141,98,114,64,79,42,119,132,75,163,133,81,153,166,189,33,35,36,22,52,93,19,87,121,51];False
3446;6628;10074;[198,29,90,41,127,60,177,47,26,161,115,152,49,54,197,123,74,37,94,118,124,168,34,108,174,196,167,15,156,21,73,82,172,86,181,68,9,45,138,126,143,160,173,18,199,12,7,136,89,46,164,4,84,122,25,23,77,57,186,170,176,72,154,137,59,11,182,139,135,191,48,50,56,92,147,67,32,61,38,165,193,28,44,16,91,88,70,71,162,20,188,144,184,8,157,78,128,101,185,76,80,100,30,134,27,2,97,58,151,175,6,1,117,195,169,142,131,158,62,120,3,95,149,107,55,14,13,111,52,148,83,129,24,150,103,140,69,159,40,116,105,99,106,194,180,178,192,109,66,145,102,110,171,0,85,104,17,53,155,146,63,31,183,65,125,190,10,130,5,39,113,43,187,179,96,141,98,114,64,79,42,119,132,75,163,133,81,153,166,189,33,35,36,22,112,93,19,87,121,51];False
3674;6577;10251;[198,29,90,41,172,60,177,47,26,161,115,152,49,54,197,123,74,37,94,118,124,168,34,108,174,196,167,15,156,21,73,82,187,86,181,68,9,45,138,126,143,160,173,18,199,12,7,136,89,46,164,4,84,122,25,23,77,57,186,170,176,72,154,137,59,11,182,139,135,191,48,50,56,92,147,67,32,61,38,165,193,28,44,125,91,88,70,71,162,20,188,144,184,8,157,78,128,101,185,76,80,100,30,134,27,2,97,58,151,175,6,1,117,195,169,142,131,158,62,120,3,95,149,107,55,14,13,111,52,148,83,129,24,150,103,105,69,159,40,116,140,99,106,194,180,178,192,109,66,145,102,110,171,0,85,104,17,53,155,146,63,31,183,65,16,190,10,130,5,39,113,43,127,179,96,141,98,114,64,79,42,119,132,75,163,133,81,153,166,189,33,35,36,22,112,93,19,87,121,51];False
3672;6577;10249;[198,29,90,41,187,179,177,47,26,161,115,152,49,54,197,123,74,37,94,118,124,168,34,108,174,196,167,15,156,21,73,82,172,86,181,68,9,45,138,126,143,160,173,18,199,12,7,136,89,46,164,4,84,122,25,23,77,57,186,170,176,72,154,137,59,11,182,139,135,191,48,50,56,92,147,67,32,61,38,165,193,28,44,125,91,88,70,71,162,20,188,144,184,8,157,78,128,101,185,76,80,100,30,134,27,2,97,58,151,175,6,1,117,195,169,142,131,158,62,120,3,95,149,107,55,14,13,111,52,148,83,129,24,150,103,105,69,159,40,116,140,99,106,194,180,178,192,109,66,145,102,110,171,0,85,104,17,53,155,146,63,31,183,65,16,190,10,130,5,39,113,43,127,60,96,141,98,114,64,79,42,119,132,75,163,133,81,153,166,189,33,35,36,22,112,93,19,87,121,51];False
3684;6564;10248;[198,29,90,41,187,60,177,47,26,161,115,152,49,54,197,123,74,37,94,118,124,168,34,108,174,196,167,15,156,21,73,82,137,86,181,68,9,45,138,126,143,160,173,18,199,12,7,136,89,46,164,4,84,122,25,23,77,57,186,170,176,72,154,172,59,11,182,139,135,191,48,50,56,92,147,67,32,61,38,165,193,28,44,125,91,88,70,71,162,20,188,144,184,8,157,78,128,101,185,76,80,100,30,134,27,2,97,58,151,175,6,1,117,195,169,142,131,158,62,120,3,95,149,107,55,14,13,111,52,148,83,129,24,150,103,105,69,159,40,116,140,99,106,194,180,178,192,109,66,145,102,110,171,0,85,104,17,53,155,146,63,31,183,65,16,190,10,130,5,39,113,43,127,179,96,141,98,114,64,79,42,119,132,75,163,133,81,153,166,189,33,35,36,22,112,93,19,87,121,51];False
3761;6561;10322;[198,29,90,41,187,60,177,47,26,161,115,152,49,54,197,123,74,37,94,118,124,168,34,108,174,196,167,15,156,21,73,82,172,59,181,68,9,45,138,126,143,160,173,18,199,12,7,136,89,46,164,4,84,122,25,23,77,57,186,170,176,72,154,137,86,11,182,139,135,191,48,50,56,92,147,67,32,61,38,165,193,28,44,125,91,88,70,71,162,20,188,144,184,8,157,78,128,101,185,76,80,100,30,134,27,2,97,58,151,175,6,1,117,195,169,142,131,158,62,120,3,95,149,107,55,14,13,111,52,148,83,129,24,150,103,105,69,159,40,116,140,99,106,194,180,178,192,109,66,145,102,110,171,0,85,104,17,53,155,146,63,31,183,65,16,190,10,130,5,39,113,43,127,179,96,141,98,114,64,79,42,119,132,75,163,133,81,153,166,189,33,35,36,22,112,93,19,87,121,51];False
3768;6560;10328;[198,29,90,41,187,60,177,47,26,161,115,152,49,54,197,123,74,37,94,118,124,168,34,108,174,196,167,15,156,21,73,82,172,86,181,68,9,45,138,126,143,160,173,18,171,12,7,136,89,46,164,4,84,122,25,23,77,57,186,170,176,72,154,137,59,11,182,139,135,191,48,50,56,92,147,67,32,61,38,165,193,28,44,125,91,88,70,71,162,20,188,144,184,8,157,78,128,101,185,76,80,100,30,134,27,2,97,58,151,175,6,1,117,195,169,142,131,158,62,120,3,95,149,107,55,14,13,111,52,148,83,129,24,150,103,105,69,159,40,116,140,99,106,194,180,178,192,109,66,145,102,110,199,0,85,104,17,53,155,146,63,31,183,65,16,190,10,130,5,39,113,43,127,179,96,141,98,114,64,79,42,119,132,75,163,133,81,153,166,189,33,35,36,22,112,93,19,87,121,51];False
3873;6547;10420;[198,29,90,41,187,60,177,47,26,161,115,152,49,54,197,123,74,37,94,118,124,168,34,108,174,196,167,15,156,21,73,82,172,86,181,68,9,45,138,126,143,160,173,18,199,12,7,136,89,46,164,4,84,122,25,23,77,57,186,170,176,72,154,163,59,11,182,139,135,191,48,50,56,92,147,67,32,61,38,165,193,28,44,125,91,88,70,71,162,20,188,144,184,8,157,78,128,101,185,76,80,100,30,134,27,2,97,58,151,175,6,1,117,195,169,142,131,158,62,120,3,95,149,107,55,14,13,111,52,148,83,129,24,150,103,105,69,159,40,116,140,99,106,194,180,178,192,109,66,145,102,110,171,0,85,104,17,53,155,146,63,31,183,65,16,190,10,130,5,39,113,43,127,179,96,141,98,114,64,79,42,119,132,75,137,133,81,153,166,189,33,35,36,22,112,93,19,87,121,51];False
3808;6553;10361;[198,29,90,41,187,60,177,47,26,161,115,152,49,54,197,123,74,37,94,118,124,168,34,108,174,196,167,15,156,21,73,82,172,86,181,68,9,45,138,126,143,160,173,18,199,12,7,136,89,46,164,4,84,122,25,23,77,57,186,170,176,72,154,137,133,11,182,139,135,191,48,50,56,92,147,67,32,61,38,165,193,28,44,125,91,88,70,71,162,20,188,144,184,8,157,78,128,101,185,76,80,100,30,134,27,2,97,58,151,175,6,1,117,195,169,142,131,158,62,120,3,95,149,107,55,14,13,111,52,148,83,129,24,150,103,105,69,159,40,116,140,99,106,194,180,178,192,109,66,145,102,110,171,0,85,104,17,53,155,146,63,31,183,65,16,190,10,130,5,39,113,43,127,179,96,141,98,114,64,79,42,119,132,75,163,59,81,153,166,189,33,35,36,22,112,93,19,87,121,51];False
3802;6556;10358;[198,29,90,41,187,60,177,47,26,161,115,152,49,54,197,123,74,37,94,118,124,168,34,108,174,196,167,15,156,21,73,82,172,86,181,68,9,45,138,126,143,160,173,18,199,12,7,136,89,46,164,4,84,122,25,23,77,57,186,170,176,72,154,137,59,11,182,139,135,191,48,50,56,92,147,67,32,38,61,165,193,28,44,125,91,88,70,71,162,20,188,144,184,8,157,78,128,101,185,76,80,100,30,134,27,2,97,58,151,175,6,1,117,195,169,142,131,158,62,120,3,95,149,107,55,14,13,111,52,148,83,129,24,150,103,105,69,159,40,116,140,99,106,194,180,178,192,109,66,145,102,110,171,0,85,104,17,53,155,146,63,31,183,65,16,190,10,130,5,39,113,43,127,179,96,141,98,114,64,79,42,119,132,75,163,133,81,153,166,189,33,35,36,22,112,93,19,87,121,51];False
3767;6559;10326;[198,29,90,41,187,60,177,47,26,161,115,152,49,54,197,123,74,37,94,118,124,168,34,108,174,196,167,15,156,21,73,82,172,86,181,68,9,45,138,126,143,160,173,18,199,12,7,136,89,46,164,4,84,122,25,23,77,57,186,170,176,72,154,137,59,11,182,139,135,191,48,50,56,92,147,67,32,61,19,165,193,28,44,125,91,88,70,71,162,20,188,144,184,8,157,78,128,101,185,76,80,100,30,134,27,2,97,58,151,175,6,1,117,195,169,142,131,158,62,120,3,95,149,107,55,14,13,111,52,148,83,129,24,150,103,105,69,159,40,116,140,99,106,194,180,178,192,109,66,145,102,110,171,0,85,104,17,53,155,146,63,31,183,65,16,190,10,130,5,39,113,43,127,179,96,141,98,114,64,79,42,119,132,75,163,133,81,153,166,189,33,35,36,22,112,93,38,87,121,51];False
3860;6543;10403;[198,29,90,41,187,60,177,47,26,161,115,152,49,54,197,123,74,37,94,118,124,168,34,108,174,196,167,15,156,21,73,82,172,86,181,68,9,45,138,126,143,160,173,18,199,12,7,136,89,46,164,4,84,122,25,23,77,57,186,170,176,72,154,137,59,11,182,139,135,191,48,50,56,92,147,67,32,61,38,165,193,28,44,125,91,88,70,71,162,20,188,144,184,8,157,78,128,101,185,76,80,100,30,134,27,2,97,58,151,175,6,1,117,113,169,142,131,158,62,120,3,95,149,107,55,14,13,111,52,148,83,129,24,150,103,105,69,159,40,116,140,99,106,194,180,178,192,109,66,145,102,110,171,0,85,104,17,53,155,146,63,31,183,65,16,190,10,130,5,39,195,43,127,179,96,141,98,114,64,79,42,119,132,75,163,133,81,153,166,189,33,35,36,22,112,93,19,87,121,51];False
3913;6541;10454;[198,29,90,41,187,60,177,47,26,161,115,152,131,54,197,123,74,37,94,118,124,168,34,108,174,196,167,15,156,21,73,82,49,86,181,68,9,45,138,126,143,160,173,18,199,12,7,136,89,46,164,4,84,122,25,23,77,57,186,170,176,72,154,172,59,11,182,139,135,191,48,50,56,92,147,67,32,61,19,165,193,28,44,125,91,88,70,71,162,20,188,144,184,8,157,78,128,101,185,76,80,100,30,134,27,2,97,58,151,175,6,1,117,113,169,142,137,158,62,120,3,95,149,107,55,14,13,111,52,148,83,129,24,150,103,105,69,159,40,116,140,99,106,194,180,178,192,109,66,145,102,110,171,0,85,104,17,53,155,146,63,31,183,65,16,190,10,130,5,39,195,43,127,179,96,141,98,114,64,79,42,119,132,75,163,133,81,153,166,189,33,35,36,22,112,93,38,87,121,51];False
3968;6530;10498;[198,29,90,41,187,60,177,47,26,161,115,152,131,54,197,123,74,37,94,118,124,168,34,108,174,196,167,15,156,21,73,82,172,86,181,68,9,45,138,126,143,160,173,18,199,12,7,136,89,46,164,4,84,122,25,23,77,57,186,170,176,72,154,49,59,11,182,139,135,191,48,50,56,92,147,67,32,61,19,165,193,28,44,125,91,88,70,71,162,20,188,144,184,8,157,78,128,101,185,76,80,100,30,134,27,2,97,58,151,175,6,1,117,113,169,142,163,158,62,120,3,95,149,107,55,14,13,111,52,148,83,129,24,150,103,105,69,159,40,116,140,99,106,194,180,178,192,109,66,145,102,110,171,0,85,104,17,53,155,146,63,31,183,65,16,190,10,130,5,39,195,43,127,179,96,141,98,114,64,79,42,119,132,75,137,133,81,153,166,189,33,35,36,22,112,93,38,87,121,51];False
3919;6539;10458;[198,29,90,41,187,60,177,47,26,161,115,152,131,54,197,123,74,37,94,118,124,168,34,108,174,196,167,15,156,21,73,82,49,86,181,68,9,45,138,126,143,160,173,18,199,12,7,136,89,46,164,4,84,122,25,23,77,57,186,170,176,72,154,172,59,11,182,139,135,191,48,50,56,92,147,67,32,61,38,165,193,28,44,125,91,88,70,71,162,20,188,144,184,8,157,78,128,101,185,76,80,100,30,134,27,2,97,58,151,175,6,1,117,113,169,142,163,158,62,120,3,95,149,107,55,14,13,111,52,148,83,129,24,150,103,105,69,159,40,116,140,99,106,194,180,178,192,109,66,145,102,110,171,0,85,104,17,53,155,146,63,31,183,65,16,190,10,130,5,39,195,43,127,179,96,141,98,114,64,79,42,119,132,75,137,133,81,153,166,189,33,35,36,22,112,93,19,87,121,51];False
3514;6603;10117;[108,29,90,41,127,60,177,47,26,161,115,152,49,54,197,123,74,37,94,118,124,168,34,198,174,196,167,15,156,21,73,82,137,86,181,68,9,45,138,126,143,160,173,18,199,12,7,136,89,46,164,4,84,122,25,23,77,57,186,170,176,72,154,172,59,11,182,139,135,191,48,50,56,92,147,67,32,61,38,165,193,28,44,125,91,88,70,71,162,20,188,144,184,8,157,78,128,101,185,76,80,100,30,134,27,2,97,58,151,175,6,1,117,195,169,142,131,158,62,120,3,95,149,107,55,14,13,111,52,148,83,129,24,150,103,105,69,159,40,116,140,99,106,194,180,178,192,109,66,145,102,110,171,0,85,104,17,53,155,146,63,31,183,65,16,190,10,130,5,39,113,43,187,179,96,141,98,114,64,79,42,119,132,75,163,133,81,153,166,189,33,35,36,22,112,93,19,87,121,51];False
3493;6601;10094;[198,29,90,41,127,60,42,47,26,161,115,152,49,54,197,123,74,37,94,118,124,168,34,108,174,196,167,15,156,21,73,82,137,86,181,68,9,45,138,126,143,160,173,18,199,12,7,136,89,46,164,4,84,122,25,23,77,57,186,170,176,72,154,172,59,11,182,139,135,191,48,50,56,92,147,67,32,61,38,165,193,28,44,125,91,88,70,71,162,20,188,144,184,8,157,78,128,101,185,76,80,100,30,134,27,2,97,58,151,175,6,1,117,195,169,142,131,158,62,120,3,95,149,107,55,14,13,111,52,148,83,129,24,150,103,105,69,159,40,116,140,99,106,194,180,178,192,109,66,145,102,110,171,0,85,104,17,53,155,146,63,31,183,65,16,190,10,130,5,39,113,43,187,179,96,141,98,114,64,79,177,119,132,75,163,133,81,153,166,189,33,35,36,22,112,93,19,87,121,51];False
3444;6626;10070;[198,29,90,41,127,60,177,47,26,161,115,152,49,54,197,123,74,37,94,118,124,168,34,108,44,196,167,15,156,21,73,82,137,86,181,68,9,45,138,126,143,160,173,18,199,12,7,136,89,46,164,4,84,122,25,23,77,57,186,170,176,72,154,172,59,11,182,139,135,191,48,50,56,92,147,67,32,61,38,165,193,28,174,125,91,88,70,71,162,20,188,144,184,8,157,78,128,101,185,76,80,100,30,134,27,2,97,58,151,175,6,1,117,195,169,142,131,158,62,120,3,95,149,107,55,14,13,111,52,148,83,129,24,150,103,105,69,159,40,116,140,99,106,194,180,178,192,109,66,145,102,110,171,0,85,104,17,53,155,146,63,31,183,65,16,190,10,130,5,39,113,43,187,179,96,141,98,114,64,79,42,119,132,75,163,133,81,153,166,189,33,35,36,22,112,93,19,87,121,51];False
3624;6582;10206;[198,29,90,41,127,60,177,47,26,161,115,152,49,54,197,123,74,37,94,118,124,168,34,108,174,196,167,15,156,21,73,82,163,86,181,68,9,45,138,126,143,160,173,18,199,12,7,136,89,46,164,4,84,122,25,23,77,57,186,170,176,72,154,172,59,11,182,139,135,191,48,50,56,92,147,67,32,61,38,165,193,28,44,125,91,88,70,71,162,20,188,144,184,8,157,78,128,101,185,76,80,100,30,134,27,2,97,58,151,175,6,1,117,195,169,142,131,158,62,120,3,95,149,107,55,14,13,111,52,148,83,129,24,150,103,105,69,159,40,116,140,99,106,194,180,178,192,109,66,145,102,110,171,0,85,104,17,53,155,146,63,31,183,65,16,190,10,130,5,39,113,43,187,179,96,141,98,114,64,79,42,119,132,75,137,133,81,153,166,189,33,35,36,22,112,93,19,87,121,51];False
3516;6600;10116;[198,29,90,41,127,60,177,47,26,161,115,152,49,54,197,123,74,37,94,118,124,168,34,108,174,196,167,15,156,21,73,82,137,86,181,68,9,45,55,126,143,160,173,18,199,12,7,136,89,46,164,4,84,122,25,23,77,57,186,170,176,72,154,172,59,11,182,139,135,191,48,50,56,92,147,67,32,61,38,165,193,28,44,125,91,88,70,71,162,20,188,144,184,8,157,78,128,101,185,76,80,100,30,134,27,2,97,58,151,175,6,1,117,195,169,142,131,158,62,120,3,95,149,107,138,14,13,111,52,148,83,129,24,150,103,105,69,159,40,116,140,99,106,194,180,178,192,109,66,145,102,110,171,0,85,104,17,53,155,146,63,31,183,65,16,190,10,130,5,39,113,43,187,179,96,141,98,114,64,79,42,119,132,75,163,133,81,153,166,189,33,35,36,22,112,93,19,87,121,51];False
3663;6578;10241;[198,29,90,41,127,60,177,47,26,161,115,152,49,54,197,123,74,37,94,118,124,168,34,108,174,196,167,15,156,21,73,82,137,86,181,68,9,45,138,126,143,160,136,18,199,12,7,173,89,46,164,4,84,122,25,23,77,57,186,170,176,72,154,172,59,11,182,139,135,191,48,50,56,92,147,67,32,61,38,165,193,28,44,125,91,88,70,71,162,20,188,144,184,8,157,78,128,101,185,76,80,100,30,134,27,2,97,58,151,175,6,1,117,195,169,142,131,158,62,120,3,95,149,107,55,14,13,111,52,148,83,129,24,150,103,105,69,159,40,116,140,99,106,194,180,178,192,109,66,145,102,110,171,0,85,104,17,53,155,146,63,31,183,65,16,190,10,130,5,39,113,43,187,179,96,141,98,114,64,79,42,119,132,75,163,133,81,153,166,189,33,35,36,22,112,93,19,87,121,51];False
3622;6581;10203;[198,29,90,41,127,60,177,47,26,161,115,152,49,54,197,123,74,37,94,118,124,168,34,108,174,196,167,15,156,21,73,82,137,86,181,68,9,45,138,126,143,160,173,18,12,199,7,136,89,46,164,4,84,122,25,23,77,57,186,170,176,72,154,172,59,11,182,139,135,191,48,50,56,92,147,67,32,61,38,165,193,28,44,125,91,88,70,71,162,20,188,144,184,8,157,78,128,101,185,76,80,100,30,134,27,2,97,58,151,175,6,1,117,195,169,142,131,158,62,120,3,95,149,107,55,14,13,111,52,148,83,129,24,150,103,105,69,159,40,116,140,99,106,194,180,178,192,109,66,145,102,110,171,0,85,104,17,53,155,146,63,31,183,65,16,190,10,130,5,39,113,43,187,179,96,141,98,114,64,79,42,119,132,75,163,133,81,153,166,189,33,35,36,22,112,93,19,87,121,51];False
3609;6585;10194;[198,29,90,41,127,60,177,47,26,161,115,152,49,54,197,123,74,37,94,118,124,168,34,108,174,196,167,15,156,21,73,82,137,86,181,68,9,45,138,126,143,160,173,18,175,12,7,136,89,46,164,4,84,122,25,23,77,57,186,170,176,72,154,172,59,11,182,139,135,191,48,50,56,92,147,67,32,61,38,165,193,28,44,125,91,88,70,71,162,20,188,144,184,8,157,78,128,101,185,76,80,100,30,134,27,2,97,58,151,199,6,1,117,195,169,142,131,158,62,120,3,95,149,107,55,14,13,111,52,148,83,129,24,150,103,105,69,159,40,116,140,99,106,194,180,178,192,109,66,145,102,110,171,0,85,104,17,53,155,146,63,31,183,65,16,190,10,130,5,39,113,43,187,179,96,141,98,114,64,79,42,119,132,75,163,133,81,153,166,189,33,35,36,22,112,93,19,87,121,51];False
3538;6589;10127;[198,29,90,41,127,60,177,47,26,161,115,152,49,54,197,123,74,37,94,118,124,168,34,108,174,196,167,15,156,21,73,82,137,86,181,68,9,45,138,126,143,160,173,18,171,12,7,136,89,46,164,4,84,122,25,23,77,57,186,170,176,72,154,172,59,11,182,139,135,191,48,50,56,92,147,67,32,61,38,165,193,28,44,125,91,88,70,71,162,20,188,144,184,8,157,78,128,101,185,76,80,100,30,134,27,2,97,58,151,175,6,1,117,195,169,142,131,158,62,120,3,95,149,107,55,14,13,111,52,148,83,129,24,150,103,105,69,159,40,116,140,99,106,194,180,178,192,109,66,145,102,110,199,0,85,104,17,53,155,146,63,31,183,65,16,190,10,130,5,39,113,43,187,179,96,141,98,114,64,79,42,119,132,75,163,133,81,153,166,189,33,35,36,22,112,93,19,87,121,51];False
3605;6584;10189;[198,29,90,41,127,60,177,47,26,161,115,152,49,54,197,123,74,37,94,118,124,168,34,108,174,196,167,15,156,21,73,82,137,86,181,68,9,45,138,126,143,160,173,18,199,12,7,89,136,46,164,4,84,122,25,23,77,57,186,170,176,72,154,172,59,11,182,139,135,191,48,50,56,92,147,67,32,61,38,165,193,28,44,125,91,88,70,71,162,20,188,144,184,8,157,78,128,101,185,76,80,100,30,134,27,2,97,58,151,175,6,1,117,195,169,142,131,158,62,120,3,95,149,107,55,14,13,111,52,148,83,129,24,150,103,105,69,159,40,116,140,99,106,194,180,178,192,109,66,145,102,110,171,0,85,104,17,53,155,146,63,31,183,65,16,190,10,130,5,39,113,43,187,179,96,141,98,114,64,79,42,119,132,75,163,133,81,153,166,189,33,35,36,22,112,93,19,87,121,51];False
3582;6586;10168;[198,29,90,41,127,60,177,47,26,161,115,152,49,54,197,123,74,37,94,118,124,168,34,108,174,196,167,15,156,21,73,82,137,86,181,68,9,45,138,126,143,160,173,18,199,12,7,136,89,46,164,4,84,122,25,23,77,57,186,170,176,72,154,172,59,98,182,139,135,191,48,50,56,92,147,67,32,61,38,165,193,28,44,125,91,88,70,71,162,20,188,144,184,8,157,78,128,101,185,76,80,100,30,134,27,2,97,58,151,175,6,1,117,195,169,142,131,158,62,120,3,95,149,107,55,14,13,111,52,148,83,129,24,150,103,105,69,159,40,116,140,99,106,194,180,178,192,109,66,145,102,110,171,0,85,104,17,53,155,146,63,31,183,65,16,190,10,130,5,39,113,43,187,179,96,141,11,114,64,79,42,119,132,75,163,133,81,153,166,189,33,35,36,22,112,93,19,87,121,51];False
3572;6585;10157;[198,29,90,41,127,60,177,47,26,161,115,152,49,54,197,123,74,37,94,118,124,168,34,108,174,196,167,15,156,21,73,82,137,86,181,68,9,45,138,126,143,160,173,18,199,12,7,136,89,46,164,4,84,122,25,23,77,57,186,170,176,72,154,172,59,11,182,139,135,191,48,50,56,92,147,67,32,38,61,165,193,28,44,125,91,88,70,71,162,20,188,144,184,8,157,78,128,101,185,76,80,100,30,134,27,2,97,58,151,175,6,1,117,195,169,142,131,158,62,120,3,95,149,107,55,14,13,111,52,148,83,129,24,150,103,105,69,159,40,116,140,99,106,194,180,178,192,109,66,145,102,110,171,0,85,104,17,53,155,146,63,31,183,65,16,190,10,130,5,39,113,43,187,179,96,141,98,114,64,79,42,119,132,75,163,133,81,153,166,189,33,35,36,22,112,93,19,87,121,51];False
3537;6588;10125;[198,29,90,41,127,60,177,47,26,161,115,152,49,54,197,123,74,37,94,118,124,168,34,108,174,196,167,15,156,21,73,82,137,86,181,68,9,45,138,126,143,160,173,18,199,12,7,136,89,46,164,4,84,122,25,23,77,57,186,170,176,72,154,172,59,11,182,139,135,191,48,50,56,92,147,67,32,61,19,165,193,28,44,125,91,88,70,71,162,20,188,144,184,8,157,78,128,101,185,76,80,100,30,134,27,2,97,58,151,175,6,1,117,195,169,142,131,158,62,120,3,95,149,107,55,14,13,111,52,148,83,129,24,150,103,105,69,159,40,116,140,99,106,194,180,178,192,109,66,145,102,110,171,0,85,104,17,53,155,146,63,31,183,65,16,190,10,130,5,39,113,43,187,179,96,141,98,114,64,79,42,119,132,75,163,133,81,153,166,189,33,35,36,22,112,93,38,87,121,51];True
3449;6618;10067;[198,29,90,41,127,60,177,47,26,161,115,152,49,54,197,123,74,37,94,118,124,168,34,108,174,196,167,15,156,21,73,82,137,86,181,68,9,45,138,126,143,160,173,18,199,12,7,136,89,46,164,4,84,122,25,23,77,57,186,170,176,72,154,172,59,11,182,139,135,191,48,50,56,92,147,67,32,61,38,165,193,28,105,125,91,88,70,71,162,20,188,144,184,8,157,78,128,101,185,76,80,100,30,134,27,2,97,58,151,175,6,1,117,195,169,142,131,158,62,120,3,95,149,107,55,14,13,111,52,148,83,129,24,150,103,44,69,159,40,116,140,99,106,194,180,178,192,109,66,145,102,110,171,0,85,104,17,53,155,146,63,31,183,65,16,190,10,130,5,39,113,43,187,179,96,141,98,114,64,79,42,119,132,75,163,133,81,153,166,189,33,35,36,22,112,93,19,87,121,51];False
3484;6600;10084;[198,29,90,41,127,60,177,47,26,161,115,152,49,54,197,123,74,37,94,118,124,168,34,108,174,196,167,15,156,21,73,82,137,86,181,68,9,45,138,126,143,160,173,18,199,12,7,136,89,46,164,4,84,122,25,23,77,57,186,170,176,72,154,172,59,11,182,139,135,191,48,50,56,92,147,67,32,61,38,165,193,28,44,125,91,88,70,71,162,20,188,144,184,8,157,78,128,101,185,76,80,100,30,134,27,195,97,58,151,175,6,1,117,2,169,142,131,158,62,120,3,95,149,107,55,14,13,111,52,148,83,129,24,150,103,105,69,159,40,116,140,99,106,194,180,178,192,109,66,145,102,110,171,0,85,104,17,53,155,146,63,31,183,65,16,190,10,130,5,39,113,43,187,179,96,141,98,114,64,79,42,119,132,75,163,133,81,153,166,189,33,35,36,22,112,93,19,87,121,51];True
3630;6572;10202;[198,29,90,41,127,60,177,47,26,161,115,152,49,54,197,123,74,37,94,118,124,168,34,108,174,196,167,15,156,21,73,82,137,86,181,68,9,45,138,126,143,160,173,18,199,12,7,136,89,46,164,4,84,122,25,23,77,57,186,170,176,72,154,172,59,11,182,139,135,191,48,50,56,92,147,67,32,61,38,165,193,28,44,125,91,88,70,71,162,20,188,144,184,8,157,78,128,101,185,76,80,100,30,134,27,2,97,58,151,175,6,1,117,113,169,142,131,158,62,120,3,95,149,107,55,14,13,111,52,148,83,129,24,150,103,105,69,159,40,116,140,99,106,194,180,178,192,109,66,145,102,110,171,0,85,104,17,53,155,146,63,31,183,65,16,190,10,130,5,39,195,43,187,179,96,141,98,114,64,79,42,119,132,75,163,133,81,153,166,189,33,35,36,22,112,93,19,87,121,51];True
3426;6626;10052;[198,29,90,41,127,60,177,47,26,161,115,152,49,54,197,123,74,37,94,118,124,168,34,108,174,196,167,15,156,21,73,82,137,86,181,68,9,45,138,126,143,160,173,18,199,12,7,136,89,46,164,4,84,122,25,23,77,57,186,170,176,72,154,172,59,11,182,139,135,191,48,50,56,92,147,67,32,61,38,165,193,28,44,125,91,88,70,71,162,20,188,144,184,8,157,78,128,101,185,76,80,100,30,134,27,2,97,58,151,175,6,1,117,195,169,142,131,158,62,120,3,95,149,107,55,14,13,111,112,148,83,129,24,150,103,105,69,159,40,116,140,99,106,194,180,178,192,109,66,145,102,110,171,0,85,104,17,53,155,146,63,31,183,65,16,190,10,130,5,39,113,43,187,179,96,141,98,114,64,79,42,119,132,75,163,133,81,153,166,189,33,35,36,22,52,93,19,87,121,51];False
3449;6615;10064;[198,29,90,41,127,60,177,47,26,161,115,152,49,54,197,123,74,37,94,118,124,168,34,108,174,196,167,15,156,21,73,82,137,86,181,68,9,45,138,126,143,160,173,18,199,12,7,136,89,46,164,4,84,122,25,23,77,57,186,170,176,72,154,172,59,11,182,139,135,191,48,50,56,92,147,67,32,61,38,165,193,28,44,125,91,88,70,71,162,20,188,144,184,8,157,78,128,101,185,76,80,100,30,134,27,2,97,58,151,175,6,1,117,195,169,142,131,158,62,120,3,95,149,107,55,14,13,111,52,148,83,129,24,150,103,140,69,159,40,116,105,99,106,194,180,178,192,109,66,145,102,110,171,0,85,104,17,53,155,146,63,31,183,65,16,190,10,130,5,39,113,43,187,179,96,141,98,114,64,79,42,119,132,75,163,133,81,153,166,189,33,35,36,22,112,93,19,87,121,51];False
3494;6598;10092;[198,29,90,41,127,60,177,47,26,161,115,152,49,54,197,123,74,37,94,118,124,168,34,108,174,196,167,15,156,21,73,82,137,86,181,68,9,45,138,126,143,160,173,18,199,12,7,136,89,46,164,4,84,122,25,23,77,57,186,170,176,72,154,172,59,11,182,139,135,191,48,50,56,92,147,67,32,61,38,165,193,28,44,125,91,88,70,71,162,20,188,144,184,8,157,78,128,101,185,76,80,100,30,134,27,2,97,58,151,175,6,1,117,195,169,142,131,158,62,120,3,95,149,107,55,14,13,111,52,148,83,129,24,150,103,105,69,159,40,116,104,99,106,194,180,178,192,109,66,145,102,110,171,0,85,140,17,53,155,146,63,31,183,65,16,190,10,130,5,39,113,43,187,179,96,141,98,114,64,79,42,119,132,75,163,133,81,153,166,189,33,35,36,22,112,93,19,87,121,51];True
3465;6605;10070;[198,29,90,41,127,60,177,47,26,161,115,152,49,54,197,123,74,37,94,118,124,168,34,108,174,196,167,15,156,21,73,82,137,86,181,68,9,45,138,126,143,160,173,18,199,12,7,136,89,46,164,4,84,122,25,23,77,57,186,170,176,72,154,172,59,11,182,139,135,191,48,50,56,92,147,67,32,61,38,165,193,28,44,125,91,88,70,71,162,20,188,144,184,8,157,78,128,101,185,76,80,100,30,134,27,2,97,58,151,175,6,1,117,195,169,142,131,158,62,120,3,95,149,107,55,14,13,111,52,148,83,129,24,150,103,105,69,159,40,116,140,99,106,194,180,178,192,10,66,145,102,110,171,0,85,104,17,53,155,146,63,31,183,65,16,190,109,130,5,39,113,43,187,179,96,141,98,114,64,79,42,119,132,75,163,133,81,153,166,189,33,35,36,22,112,93,19,87,121,51];True
3347;6662;10009;[198,29,90,41,127,60,177,27,26,161,115,152,131,59,197,123,74,37,94,118,124,168,17,108,174,196,167,15,156,21,73,82,172,86,181,68,9,45,138,126,143,160,173,18,199,12,7,136,89,46,164,4,84,122,25,23,77,57,186,170,176,72,154,49,62,195,182,139,135,191,48,50,56,92,147,67,32,61,38,165,193,28,44,16,91,88,70,71,162,20,188,144,184,8,157,78,128,101,185,76,80,100,30,134,96,11,97,58,151,175,6,1,117,2,169,142,137,158,54,120,3,95,149,107,55,14,13,111,52,148,83,129,24,150,103,105,69,159,40,116,104,99,106,194,180,178,192,10,66,145,102,110,171,0,85,140,34,53,155,146,63,31,183,65,125,190,109,130,5,39,113,43,187,179,47,141,98,114,64,79,42,119,132,75,163,133,81,153,166,189,33,35,36,22,112,93,19,87,121,51];False
3318;6672;9990;[198,29,90,41,127,60,177,47,26,161,115,152,131,59,197,123,74,37,94,118,124,168,34,108,174,196,167,15,156,21,73,82,172,86,181,68,9,45,138,126,143,160,173,18,199,12,7,136,89,46,164,4,84,122,25,23,77,57,186,170,176,72,154,49,62,195,182,139,135,191,48,50,56,92,147,67,32,61,38,165,193,28,44,16,91,88,70,71,162,20,188,144,184,8,157,78,128,101,185,76,80,100,30,134,96,11,97,58,151,175,6,1,117,2,169,142,137,158,54,120,3,95,149,107,55,14,13,111,52,148,83,129,24,150,103,105,69,159,40,116,104,99,106,194,180,178,192,10,66,145,102,110,171,0,85,140,17,53,155,146,63,31,183,65,125,190,109,130,5,39,113,43,187,179,27,141,98,114,64,79,42,119,132,75,163,133,81,153,166,189,33,35,36,22,112,93,19,87,121,51];False
4577;6433;11010;[198,29,90,41,187,79,179,47,26,161,115,152,172,59,197,123,31,37,94,118,124,168,34,108,174,196,167,15,156,21,73,82,163,86,181,68,9,45,138,126,143,160,91,18,171,195,7,173,89,46,164,4,84,122,25,23,77,57,186,170,176,72,154,49,76,98,182,139,135,183,51,50,56,92,147,67,32,38,87,165,193,28,44,125,6,88,70,71,162,20,191,61,184,8,157,78,128,101,185,39,80,100,30,134,27,2,97,58,158,62,95,1,117,113,169,142,131,110,54,120,3,136,149,107,55,14,13,111,52,148,83,129,24,150,103,105,69,159,40,116,48,99,106,194,180,178,192,109,66,145,102,151,199,0,85,104,17,53,155,121,140,74,188,65,16,190,10,130,5,175,12,43,127,60,42,141,11,114,64,96,177,119,132,75,137,133,81,153,166,189,33,35,36,22,112,93,19,144,146,63];False
4564;6424;10988;[198,29,90,41,187,60,179,47,26,161,115,152,172,59,197,123,31,37,94,118,124,168,34,108,174,196,167,15,156,21,73,82,137,86,181,68,9,45,138,126,143,160,91,18,171,195,7,173,89,46,164,4,84,122,25,23,77,57,186,170,176,72,154,49,76,98,182,139,135,183,51,50,56,92,147,67,32,38,87,165,193,28,44,125,6,88,70,71,162,20,191,61,184,8,157,78,128,101,185,39,80,100,30,134,27,2,97,58,158,62,95,1,117,113,169,142,131,110,54,120,3,136,149,107,55,14,13,111,52,148,83,129,24,150,103,105,69,159,40,116,48,99,106,194,180,178,192,109,66,145,102,151,199,0,85,104,17,53,155,121,140,74,188,65,16,190,10,130,5,175,12,43,127,79,42,141,11,114,64,96,177,119,132,75,163,133,81,153,166,189,33,35,36,22,112,93,19,144,146,63];True
4653;6418;11071;[198,29,90,41,187,60,179,47,26,161,115,152,163,59,197,123,31,37,94,118,124,168,34,108,174,196,167,15,156,21,73,82,172,86,181,68,9,45,138,126,143,160,91,18,171,195,7,173,89,46,164,4,84,122,25,23,77,57,186,170,176,72,154,49,76,11,182,139,135,183,51,50,56,92,147,67,32,38,87,165,193,28,44,125,6,88,70,71,162,20,191,61,184,8,157,78,128,101,185,39,80,100,30,134,27,2,97,58,158,62,95,1,117,113,169,142,131,110,54,120,3,136,149,107,55,14,13,111,52,148,83,129,24,150,103,105,69,159,40,116,48,99,106,194,180,178,192,109,66,145,102,151,199,0,85,104,17,53,155,121,140,74,188,65,16,190,10,130,5,175,12,43,127,79,42,177,98,114,64,96,141,119,132,75,137,133,81,153,166,189,33,35,36,22,112,93,19,144,146,63];False
4562;6429;10991;[198,29,90,41,187,60,179,47,26,161,115,152,131,59,197,123,31,37,94,118,124,168,34,108,174,196,167,15,156,21,73,82,172,86,181,68,9,45,138,126,143,160,91,18,171,195,7,173,89,46,164,4,84,122,25,23,77,57,186,170,176,72,154,49,76,98,182,139,135,183,51,50,56,92,147,67,32,38,87,165,193,28,44,125,6,88,70,71,162,20,191,61,184,8,157,78,128,101,185,39,80,100,30,134,27,2,97,58,110,62,95,1,117,113,169,142,163,158,54,120,3,136,149,107,55,14,13,111,52,148,83,129,24,150,103,105,69,159,40,116,48,99,106,194,180,178,192,109,66,145,102,151,199,0,85,104,17,53,155,121,140,74,188,65,16,190,10,130,5,175,12,43,127,79,42,141,11,114,64,96,177,119,132,75,137,133,81,153,166,189,33,35,36,22,112,93,19,144,146,63];False
4696;6412;11108;[198,29,90,41,187,60,179,47,26,161,115,152,163,59,197,123,31,37,94,118,124,168,34,108,174,196,167,15,156,21,73,82,172,86,181,68,9,45,138,126,143,160,91,18,171,195,7,173,89,46,164,4,84,122,25,23,77,57,186,170,176,72,154,49,76,98,182,139,135,183,51,50,56,92,147,67,32,38,87,165,193,28,44,125,6,88,70,71,162,20,191,61,184,8,157,78,128,101,185,39,80,100,30,134,27,2,97,58,158,62,95,1,117,113,169,142,131,110,54,120,3,136,149,107,55,14,13,111,52,148,83,129,24,150,103,105,69,159,40,116,48,99,106,194,180,178,192,109,66,145,102,114,199,0,85,104,17,53,155,121,140,74,188,65,16,190,10,130,5,175,12,43,127,79,42,141,11,151,96,64,177,119,132,75,137,133,81,153,166,189,33,35,36,22,112,93,19,144,146,63];True
4560;6437;10997;[198,29,90,41,187,128,179,47,26,161,115,152,172,59,197,123,31,37,94,118,124,168,34,108,174,196,167,15,156,21,73,82,137,86,181,68,9,45,138,126,143,160,91,18,171,195,7,173,89,144,164,4,84,122,25,23,77,57,186,170,176,72,154,49,76,98,182,139,135,183,51,50,56,92,147,67,32,38,87,165,193,28,44,125,6,88,70,71,162,20,191,61,184,8,157,78,60,101,185,39,80,100,30,134,27,2,97,58,158,62,95,1,117,113,169,142,131,110,54,120,3,136,149,107,55,14,13,111,52,148,83,129,24,150,103,105,69,159,40,116,48,99,106,194,180,178,192,109,66,145,102,151,199,0,85,104,17,53,155,121,140,74,188,65,16,190,10,130,5,175,12,43,127,79,42,141,11,114,64,96,177,119,132,75,163,133,81,153,166,189,33,35,36,22,112,93,19,46,146,63];False
4489;6441;10930;[198,29,90,41,187,79,179,47,26,161,115,152,172,59,197,123,31,37,94,118,124,168,34,108,174,196,167,15,156,21,73,82,137,86,181,68,9,45,138,126,143,160,91,18,171,195,7,173,89,144,164,4,84,122,25,23,77,57,186,170,176,72,154,49,76,98,182,139,135,183,51,50,56,92,147,67,32,38,87,165,193,28,44,125,6,88,70,71,162,20,191,61,184,8,157,78,128,101,185,39,80,100,30,134,27,2,97,58,158,62,95,1,117,113,169,142,131,110,54,120,3,136,149,107,55,14,13,111,52,148,83,129,24,150,103,105,69,159,40,116,48,99,106,194,180,178,192,109,66,145,102,151,199,0,85,104,17,53,155,121,140,74,188,65,16,190,10,130,5,175,12,43,127,60,42,141,11,114,64,96,177,119,132,75,163,133,81,153,166,189,33,35,36,22,112,93,19,46,146,63];False
4540;6435;10975;[198,29,90,41,187,60,42,47,26,161,115,152,172,59,197,123,31,37,94,118,124,168,34,108,174,196,167,15,156,21,73,82,137,86,181,68,9,45,138,126,143,160,91,18,171,195,7,173,89,144,164,4,84,122,25,23,77,57,186,170,176,72,154,49,76,98,182,139,135,183,51,50,56,92,147,67,32,38,87,165,193,28,44,125,6,88,70,71,162,20,191,61,184,8,157,78,128,101,185,39,80,100,30,134,27,2,97,58,158,62,95,1,117,113,169,142,131,110,54,120,3,136,149,107,55,14,13,111,52,148,83,129,24,150,103,105,69,159,40,116,48,99,106,194,180,178,192,109,66,145,102,151,199,0,85,104,17,53,155,121,140,74,188,65,16,190,10,130,5,175,12,43,127,79,179,141,11,114,64,96,177,119,132,75,163,133,81,153,166,189,33,35,36,22,112,93,19,46,146,63];False
4603;6422;11025;[198,29,90,41,187,60,179,47,26,161,115,152,172,59,197,123,17,37,94,118,124,168,34,108,174,196,167,15,156,21,73,82,137,86,181,68,9,45,138,126,143,160,91,18,171,195,7,173,89,144,164,4,84,122,25,23,77,57,186,170,176,72,154,49,76,98,182,139,135,183,51,50,56,92,147,67,32,38,87,165,193,28,44,125,6,88,70,71,162,20,191,61,184,8,157,78,128,101,185,39,80,100,30,134,27,2,97,58,158,62,95,1,117,113,169,142,131,110,54,120,3,136,149,107,55,14,13,111,52,148,83,129,24,150,103,105,69,159,40,116,48,99,106,194,180,178,192,109,66,145,102,151,199,0,85,104,31,53,155,121,140,74,188,65,16,190,10,130,5,175,12,43,127,79,42,141,11,114,64,96,177,119,132,75,163,133,81,153,166,189,33,35,36,22,112,93,19,46,146,63];True
4552;6433;10985;[198,29,90,41,187,60,179,47,26,161,115,152,172,59,197,123,31,37,94,118,124,168,34,108,174,196,167,15,156,21,73,82,137,86,181,68,9,45,138,126,143,160,91,18,171,195,7,173,89,144,164,4,84,122,25,23,77,57,186,170,176,72,154,49,76,98,182,139,135,183,140,50,56,92,147,67,32,38,87,165,193,28,44,125,6,88,70,71,162,20,191,61,184,8,157,78,128,101,185,39,80,100,30,134,27,2,97,58,158,62,95,1,117,113,169,142,131,110,54,120,3,136,149,107,55,14,13,111,52,148,83,129,24,150,103,105,69,159,40,116,48,99,106,194,180,178,192,109,66,145,102,151,199,0,85,104,17,53,155,121,51,74,188,65,16,190,10,130,5,175,12,43,127,79,42,141,11,114,64,96,177,119,132,75,163,133,81,153,166,189,33,35,36,22,112,93,19,46,146,63];False
4537;6434;10971;[198,29,90,41,187,60,179,47,26,161,115,152,172,59,197,123,31,37,94,118,124,168,34,108,174,196,167,15,156,21,73,82,137,86,181,68,9,45,138,126,143,160,91,18,171,195,7,173,89,144,164,4,84,122,25,23,77,57,186,170,176,72,154,49,76,98,182,139,135,183,51,50,56,92,147,67,32,38,87,165,193,28,44,125,6,88,70,71,162,20,191,61,184,8,157,78,128,101,185,39,80,100,30,134,27,2,97,58,110,62,95,1,117,113,169,142,131,158,54,120,3,136,149,107,55,14,13,111,52,148,83,129,24,150,103,105,69,159,40,116,48,99,106,194,180,178,192,109,66,145,102,151,199,0,85,104,17,53,155,121,140,74,188,65,16,190,10,130,5,175,12,43,127,79,42,141,11,114,64,96,177,119,132,75,163,133,81,153,166,189,33,35,36,22,112,93,19,46,146,63];False
4527;6437;10964;[198,29,90,41,187,60,179,47,26,161,115,152,172,59,197,123,31,37,94,118,124,168,34,108,174,196,167,15,156,21,73,82,137,86,181,68,9,45,138,126,143,160,91,18,171,195,7,173,89,144,164,4,84,122,25,23,77,57,186,170,176,72,154,49,76,98,182,139,135,183,51,50,56,92,147,67,32,38,87,165,193,28,44,125,6,88,70,71,162,20,191,61,184,8,157,78,128,101,185,39,80,100,30,134,27,2,97,58,158,62,95,1,117,113,169,142,131,110,54,120,3,136,149,107,55,14,13,111,52,148,83,129,24,150,103,105,69,159,40,116,48,99,106,194,180,178,192,10,66,145,102,151,199,0,85,104,17,53,155,121,140,74,188,65,16,190,109,130,5,175,12,43,127,79,42,141,11,114,64,96,177,119,132,75,163,133,81,153,166,189,33,35,36,22,112,93,19,46,146,63];False
4561;6431;10992;[198,29,90,41,187,60,179,47,26,161,115,152,172,59,197,123,31,37,94,118,124,168,34,108,174,196,167,15,156,21,73,82,137,86,181,68,9,45,138,126,143,160,91,18,171,195,7,173,89,144,164,4,84,122,25,23,77,57,186,170,176,72,154,49,76,98,182,139,135,183,51,50,56,92,147,67,32,38,87,165,193,28,44,125,6,88,70,71,162,20,191,61,184,8,157,78,128,101,185,39,80,100,30,134,27,2,97,58,158,62,95,1,117,113,169,142,131,110,54,120,3,136,149,107,55,14,13,111,52,148,83,129,24,150,103,105,69,159,40,116,48,99,106,194,180,178,192,109,66,145,102,114,199,0,85,104,17,53,155,121,140,74,188,65,16,190,10,130,5,175,12,43,127,79,42,141,11,151,64,96,177,119,132,75,163,133,81,153,166,189,33,35,36,22,112,93,19,46,146,63];False
4486;6447;10933;[198,29,90,41,187,60,179,47,26,161,115,152,172,59,197,123,31,37,94,118,124,168,34,108,174,196,167,15,156,21,73,82,137,86,181,68,9,45,138,126,143,160,91,18,171,195,7,173,89,144,164,4,84,122,25,23,77,57,186,170,176,72,154,49,76,98,182,139,135,183,51,50,56,92,147,67,32,38,87,165,193,28,44,125,6,88,70,71,162,20,191,61,184,8,157,78,128,101,185,39,80,100,30,134,27,2,97,58,158,62,95,1,117,113,169,142,131,110,54,120,3,136,149,107,55,14,13,111,52,148,83,129,24,150,103,105,69,159,40,116,48,99,106,194,180,178,192,109,66,145,102,151,199,0,85,104,17,53,155,121,140,74,188,65,16,190,10,130,5,175,12,43,127,96,42,141,11,114,64,79,177,119,132,75,163,133,81,153,166,189,33,35,36,22,112,93,19,46,146,63];False
5303;6359;11662;[198,29,90,41,187,60,179,47,26,161,115,152,163,59,197,123,106,20,94,118,124,168,34,108,174,196,167,15,156,21,73,82,172,86,181,68,9,45,138,126,143,160,91,18,171,195,7,173,89,144,164,4,84,122,25,23,77,57,186,170,176,3,154,49,39,98,182,139,135,183,51,50,56,92,147,67,32,38,87,165,193,28,44,125,6,88,70,71,162,194,191,61,184,8,72,78,128,101,185,76,80,100,30,134,27,2,97,58,158,62,95,1,117,113,169,142,131,110,54,120,157,136,149,107,55,14,13,111,52,148,83,129,24,150,103,105,69,159,40,116,99,63,31,53,180,178,192,109,66,145,102,151,199,0,85,104,17,37,48,146,140,74,188,65,16,190,10,130,5,175,12,43,127,79,42,141,11,114,64,96,177,119,132,75,137,133,81,153,166,189,33,35,36,22,112,93,19,46,121,155];True
5211;6367;11578;[198,29,90,41,187,60,179,47,26,161,115,152,163,59,197,123,106,194,94,118,124,168,34,108,174,196,167,15,156,21,73,82,172,86,181,68,9,45,138,126,143,160,91,18,171,195,7,173,89,144,164,4,84,122,25,23,77,57,186,170,176,3,154,49,76,98,182,139,135,183,51,50,56,92,147,67,32,38,87,165,193,28,44,125,6,88,70,71,162,20,191,61,184,8,72,78,128,101,185,39,80,100,30,134,27,2,97,58,158,62,95,1,117,113,169,142,131,110,54,120,157,136,149,107,55,14,13,111,52,148,83,129,24,150,103,105,69,159,40,116,99,63,31,53,180,178,192,109,66,145,102,151,199,0,85,104,17,37,48,146,140,74,188,65,16,190,10,130,5,175,12,43,127,79,42,141,11,114,64,96,177,119,132,75,137,133,81,153,166,189,33,35,36,22,112,93,19,46,121,155];False
5212;6366;11578;[198,29,90,41,187,60,179,47,26,161,115,152,163,59,197,123,106,37,94,118,124,168,34,108,174,196,167,15,156,21,73,82,172,86,181,68,9,45,138,126,143,160,91,18,171,195,7,173,23,144,164,4,84,122,25,89,77,57,186,170,176,3,154,49,76,98,182,139,135,183,51,50,56,92,147,67,32,38,87,165,193,28,44,125,6,88,70,71,162,20,191,61,184,8,72,78,128,101,185,39,80,100,30,134,27,2,97,58,158,62,95,1,117,113,169,142,131,110,54,120,157,136,149,107,55,14,13,111,52,148,83,129,24,150,103,105,69,159,40,116,99,63,31,53,180,178,192,109,66,145,102,151,199,0,85,104,17,194,48,146,140,74,188,65,16,190,10,130,5,175,12,43,127,79,42,141,11,114,64,96,177,119,132,75,137,133,81,153,166,189,33,35,36,22,112,93,19,46,121,155];False
5275;6361;11636;[198,29,90,41,187,60,179,47,26,161,115,152,163,59,197,123,106,37,94,118,124,168,34,108,174,196,167,15,156,21,73,82,172,86,181,68,9,45,138,126,143,160,91,18,171,195,7,173,89,144,164,4,84,122,25,23,77,57,186,170,176,3,154,49,39,98,182,139,135,20,51,50,56,92,147,67,32,38,87,165,193,28,44,125,6,88,70,71,162,194,191,61,184,8,72,78,128,101,185,76,80,100,30,134,27,2,97,58,158,62,95,1,117,113,169,142,131,110,54,120,157,136,149,107,55,14,13,111,52,148,83,129,24,150,103,105,69,159,40,116,99,63,31,53,180,178,192,109,66,145,102,151,199,0,85,104,17,183,48,146,140,74,188,65,16,190,10,130,5,175,12,43,127,79,42,141,11,114,64,96,177,119,132,75,137,133,81,153,166,189,33,35,36,22,112,93,19,46,121,155];True
4025;6522;10547;[198,29,90,41,187,128,42,47,26,161,115,152,172,59,197,123,74,37,94,118,124,168,34,108,174,196,167,15,156,21,73,82,137,86,181,68,9,45,138,126,143,160,91,18,171,195,7,173,89,46,164,4,84,122,25,23,77,57,186,170,176,72,154,49,54,11,182,139,135,191,48,50,56,92,147,67,32,61,38,165,193,28,44,125,6,88,70,71,162,20,188,144,184,8,157,78,60,101,185,76,80,100,30,134,27,2,97,58,158,62,95,1,117,113,169,142,131,110,133,120,3,136,149,107,55,14,13,111,52,148,83,129,24,150,103,105,69,159,40,116,140,99,106,194,180,178,192,109,66,145,102,151,199,0,85,104,17,53,155,146,63,31,183,65,16,190,10,130,5,177,12,43,127,79,179,175,98,114,64,96,141,119,132,75,163,39,81,153,166,189,33,35,36,22,112,93,19,87,121,51];False
3382;6648;10030;[198,29,90,41,127,60,177,47,26,161,115,152,131,54,197,123,74,37,94,118,124,168,17,108,174,196,167,15,156,21,73,82,172,86,181,68,9,45,138,126,143,160,173,18,199,12,7,136,89,46,164,4,84,122,25,23,77,57,186,170,176,72,154,49,148,11,59,139,135,191,48,50,56,92,147,67,32,61,38,165,193,28,44,16,91,88,70,71,162,20,188,144,184,8,157,78,128,101,185,76,80,100,30,134,27,195,97,58,151,175,6,1,117,2,169,142,137,158,62,120,3,95,149,107,55,14,13,111,52,182,83,129,24,150,103,105,69,159,40,116,104,99,106,194,180,178,192,10,66,145,102,110,171,0,85,140,34,53,155,146,63,31,183,65,125,190,109,130,5,39,113,43,187,179,96,141,98,114,64,79,42,119,132,75,163,133,81,153,166,189,33,35,36,22,112,93,19,87,121,51];False
3311;6674;9985;[198,29,90,41,127,60,42,47,26,161,115,152,131,59,197,123,74,37,94,118,124,168,17,108,174,196,167,15,156,21,73,82,172,86,181,68,9,45,138,126,143,160,173,18,199,12,7,136,89,46,164,4,84,122,25,23,77,57,186,170,176,72,154,49,148,11,54,139,135,191,48,50,56,92,147,67,32,61,38,165,193,28,44,16,91,88,70,71,162,20,188,144,184,8,157,78,128,101,185,76,80,100,30,134,27,195,97,58,151,175,6,1,117,2,169,142,137,158,62,120,3,95,149,107,55,14,13,111,52,182,83,129,24,150,103,105,69,159,40,116,104,99,106,194,180,178,192,10,66,145,102,110,171,0,85,140,34,53,155,146,63,31,183,65,125,190,109,130,5,39,113,43,187,179,96,141,98,114,64,79,177,119,132,75,163,133,81,153,166,189,33,35,36,22,112,93,19,87,121,51];False
3287;6681;9968;[198,29,90,41,127,60,177,47,26,161,115,152,131,59,197,123,74,37,94,118,124,168,17,108,174,196,167,15,156,21,73,82,172,86,181,68,9,45,138,126,143,160,173,18,199,12,7,136,89,46,164,4,84,122,25,23,77,57,186,170,176,72,154,49,141,11,54,139,135,191,48,50,56,92,147,67,32,61,38,165,193,28,44,16,91,88,70,71,162,20,188,144,184,8,157,78,128,101,185,76,80,100,30,134,27,195,97,58,151,175,6,1,117,2,169,142,137,158,62,120,3,95,149,107,55,14,13,111,52,182,83,129,24,150,103,105,69,159,40,116,104,99,106,194,180,178,192,10,66,145,102,110,171,0,85,140,34,53,155,146,63,31,183,65,125,190,109,130,5,39,113,43,187,179,96,148,98,114,64,79,42,119,132,75,163,133,81,153,166,189,33,35,36,22,112,93,19,87,121,51];False
3380;6652;10032;[198,29,90,41,127,60,42,47,26,161,115,152,131,54,197,123,74,37,94,118,124,168,34,108,174,196,167,15,156,21,73,82,172,86,181,68,9,45,138,126,143,160,173,18,199,12,7,136,89,46,164,4,84,122,25,23,77,57,186,170,176,72,154,49,148,11,59,139,135,191,48,50,56,92,147,67,32,61,38,165,193,28,44,16,91,88,70,71,162,20,188,144,184,8,157,78,128,101,185,76,80,100,30,134,27,195,97,58,151,175,6,1,117,2,169,142,137,158,62,120,3,95,149,107,55,14,13,111,52,182,83,129,24,150,103,105,69,159,40,116,104,99,106,194,180,178,192,10,66,145,102,110,171,0,85,140,17,53,155,146,63,31,183,65,125,190,109,130,5,39,113,43,187,179,96,141,98,114,64,79,177,119,132,75,163,133,81,153,166,189,33,35,36,22,112,93,19,87,121,51];False
3356;6659;10015;[198,29,90,41,127,60,177,47,26,161,115,152,131,54,197,123,74,37,94,118,124,168,34,108,174,196,167,15,156,21,73,82,172,86,181,68,9,45,138,126,143,160,173,18,199,12,7,136,89,46,164,4,84,122,25,23,77,57,186,170,176,72,154,49,141,11,59,139,135,191,48,50,56,92,147,67,32,61,38,165,193,28,44,16,91,88,70,71,162,20,188,144,184,8,157,78,128,101,185,76,80,100,30,134,27,195,97,58,151,175,6,1,117,2,169,142,137,158,62,120,3,95,149,107,55,14,13,111,52,182,83,129,24,150,103,105,69,159,40,116,104,99,106,194,180,178,192,10,66,145,102,110,171,0,85,140,17,53,155,146,63,31,183,65,125,190,109,130,5,39,113,43,187,179,96,148,98,114,64,79,42,119,132,75,163,133,81,153,166,189,33,35,36,22,112,93,19,87,121,51];False
3327;6669;9996;[198,29,90,41,127,60,42,47,26,161,115,152,131,59,197,123,74,37,94,118,124,168,34,108,174,196,167,15,156,21,73,82,172,86,181,68,9,45,138,126,143,160,173,18,199,12,7,136,89,46,164,4,84,122,25,23,77,57,186,170,176,72,154,49,148,11,54,139,135,191,48,50,56,92,147,67,32,61,38,165,193,28,44,16,91,88,70,71,162,20,188,144,184,8,157,78,128,101,185,76,80,100,30,134,27,195,97,58,151,175,6,1,117,2,169,142,137,158,62,120,3,95,149,107,55,14,13,111,52,182,83,129,24,150,103,105,69,159,40,116,104,99,106,194,180,178,192,10,66,145,102,110,171,0,85,140,17,53,155,146,63,31,183,65,125,190,109,130,5,39,113,43,187,179,96,177,98,114,64,79,141,119,132,75,163,133,81,153,166,189,33,35,36,22,112,93,19,87,121,51];False
3446;6618;10064;[108,29,90,41,127,60,177,47,26,161,115,152,49,54,197,123,74,37,94,118,124,168,34,198,174,196,167,15,156,21,73,82,137,86,181,68,9,45,138,126,143,160,173,18,199,12,7,136,89,46,164,4,84,122,25,23,77,57,186,170,176,72,154,172,59,11,182,139,135,191,48,50,56,92,147,67,32,61,38,165,193,28,44,16,91,88,70,71,162,20,188,144,184,8,157,78,128,101,185,76,80,100,30,134,27,2,97,58,151,175,6,1,117,195,169,142,131,158,62,120,3,95,149,107,55,14,13,111,52,148,83,129,24,150,103,105,69,159,40,116,140,99,106,194,180,178,192,109,66,145,102,110,171,0,85,104,17,53,155,146,63,31,183,65,125,190,10,130,5,39,113,43,187,179,96,141,98,114,64,79,42,119,132,75,163,133,81,153,166,189,33,35,36,22,112,93,19,87,121,51];False
3440;6625;10065;[198,174,90,41,127,60,177,47,26,161,115,152,49,54,197,123,74,37,94,118,124,168,34,108,29,196,167,15,156,21,73,82,137,86,181,68,9,45,138,126,143,160,173,18,199,12,7,136,89,46,164,4,84,122,25,23,77,57,186,170,176,72,154,172,59,11,182,139,135,191,48,50,56,92,147,67,32,61,38,165,193,28,44,16,91,88,70,71,162,20,188,144,184,8,157,78,128,101,185,76,80,100,30,134,27,2,97,58,151,175,6,1,117,195,169,142,131,158,62,120,3,95,149,107,55,14,13,111,52,148,83,129,24,150,103,105,69,159,40,116,140,99,106,194,180,178,192,109,66,145,102,110,171,0,85,104,17,53,155,146,63,31,183,65,125,190,10,130,5,39,113,43,187,179,96,141,98,114,64,79,42,119,132,75,163,133,81,153,166,189,33,35,36,22,112,93,19,87,121,51];False
3398;6645;10043;[198,183,90,41,127,60,177,47,26,161,115,152,49,54,197,123,74,37,94,118,124,168,34,108,174,196,167,15,156,21,73,82,137,86,181,68,9,45,138,126,143,160,173,18,199,12,7,136,89,46,164,4,84,122,25,23,77,57,186,170,176,72,154,172,59,11,182,139,135,191,48,50,56,92,147,67,32,61,38,165,193,28,44,16,91,88,70,71,162,20,188,144,184,8,157,78,128,101,185,76,80,100,30,134,27,2,97,58,151,175,6,1,117,195,169,142,131,158,62,120,3,95,149,107,55,14,13,111,52,148,83,129,24,150,103,105,69,159,40,116,140,99,106,194,180,178,192,109,66,145,102,110,171,0,85,104,17,53,155,146,63,31,29,65,125,190,10,130,5,39,113,43,187,179,96,141,98,114,64,79,42,119,132,75,163,133,81,153,166,189,33,35,36,22,112,93,19,87,121,51];False
3616;6579;10195;[198,29,90,41,187,60,177,47,26,161,115,152,49,54,197,123,74,37,94,118,124,168,34,108,174,196,167,15,156,21,73,82,137,86,181,68,9,45,138,126,143,160,173,18,199,12,7,136,89,46,164,4,84,122,25,23,77,57,186,170,176,72,154,172,59,11,182,139,135,191,48,50,56,92,147,67,32,61,38,165,193,28,44,16,91,88,70,71,162,20,188,144,184,8,157,78,128,101,185,76,80,100,30,134,27,2,97,58,151,175,6,1,117,195,169,142,131,158,62,120,3,95,149,107,55,14,13,111,52,148,83,129,24,150,103,105,69,159,40,116,140,99,106,194,180,178,192,109,66,145,102,110,171,0,85,104,17,53,155,146,63,31,183,65,125,190,10,130,5,39,113,43,127,179,96,141,98,114,64,79,42,119,132,75,163,133,81,153,166,189,33,35,36,22,112,93,19,87,121,51];False
3425;6616;10041;[198,29,90,41,127,60,42,47,26,161,115,152,49,54,197,123,74,37,94,118,124,168,34,108,174,196,167,15,156,21,73,82,137,86,181,68,9,45,138,126,143,160,173,18,199,12,7,136,89,46,164,4,84,122,25,23,77,57,186,170,176,72,154,172,59,11,182,139,135,191,48,50,56,92,147,67,32,61,38,165,193,28,44,16,91,88,70,71,162,20,188,144,184,8,157,78,128,101,185,76,80,100,30,134,27,2,97,58,151,175,6,1,117,195,169,142,131,158,62,120,3,95,149,107,55,14,13,111,52,148,83,129,24,150,103,105,69,159,40,116,140,99,106,194,180,178,192,109,66,145,102,110,171,0,85,104,17,53,155,146,63,31,183,65,125,190,10,130,5,39,113,43,187,179,96,141,98,114,64,79,177,119,132,75,163,133,81,153,166,189,33,35,36,22,112,93,19,87,121,51];False
3411;6629;10040;[198,29,90,41,127,60,177,47,26,161,115,152,49,54,197,168,74,37,94,118,124,123,34,108,174,196,167,15,156,21,73,82,137,86,181,68,9,45,138,126,143,160,173,18,199,12,7,136,89,46,164,4,84,122,25,23,77,57,186,170,176,72,154,172,59,11,182,139,135,191,48,50,56,92,147,67,32,61,38,165,193,28,44,16,91,88,70,71,162,20,188,144,184,8,157,78,128,101,185,76,80,100,30,134,27,2,97,58,151,175,6,1,117,195,169,142,131,158,62,120,3,95,149,107,55,14,13,111,52,148,83,129,24,150,103,105,69,159,40,116,140,99,106,194,180,178,192,109,66,145,102,110,171,0,85,104,17,53,155,146,63,31,183,65,125,190,10,130,5,39,113,43,187,179,96,141,98,114,64,79,42,119,132,75,163,133,81,153,166,189,33,35,36,22,112,93,19,87,121,51];False
3384;6641;10025;[198,29,90,41,127,60,177,47,26,161,115,152,49,54,197,123,74,37,94,118,124,168,34,108,44,196,167,15,156,21,73,82,137,86,181,68,9,45,138,126,143,160,173,18,199,12,7,136,89,46,164,4,84,122,25,23,77,57,186,170,176,72,154,172,59,11,182,139,135,191,48,50,56,92,147,67,32,61,38,165,193,28,174,16,91,88,70,71,162,20,188,144,184,8,157,78,128,101,185,76,80,100,30,134,27,2,97,58,151,175,6,1,117,195,169,142,131,158,62,120,3,95,149,107,55,14,13,111,52,148,83,129,24,150,103,105,69,159,40,116,140,99,106,194,180,178,192,109,66,145,102,110,171,0,85,104,17,53,155,146,63,31,183,65,125,190,10,130,5,39,113,43,187,179,96,141,98,114,64,79,42,119,132,75,163,133,81,153,166,189,33,35,36,22,112,93,19,87,121,51];False
3448;6615;10063;[198,29,90,41,127,60,177,47,26,161,115,152,49,54,197,123,74,37,94,118,124,168,34,108,174,196,167,15,156,21,73,82,137,86,181,68,9,45,55,126,143,160,173,18,199,12,7,136,89,46,164,4,84,122,25,23,77,57,186,170,176,72,154,172,59,11,182,139,135,191,48,50,56,92,147,67,32,61,38,165,193,28,44,16,91,88,70,71,162,20,188,144,184,8,157,78,128,101,185,76,80,100,30,134,27,2,97,58,151,175,6,1,117,195,169,142,131,158,62,120,3,95,149,107,138,14,13,111,52,148,83,129,24,150,103,105,69,159,40,116,140,99,106,194,180,178,192,109,66,145,102,110,171,0,85,104,17,53,155,146,63,31,183,65,125,190,10,130,5,39,113,43,187,179,96,141,98,114,64,79,42,119,132,75,163,133,81,153,166,189,33,35,36,22,112,93,19,87,121,51];False
3470;6604;10074;[198,29,90,41,127,60,177,47,26,161,115,152,49,54,197,123,74,37,94,118,124,168,34,108,174,196,167,15,156,21,73,82,137,86,181,68,9,45,138,126,143,160,173,18,171,12,7,136,89,46,164,4,84,122,25,23,77,57,186,170,176,72,154,172,59,11,182,139,135,191,48,50,56,92,147,67,32,61,38,165,193,28,44,16,91,88,70,71,162,20,188,144,184,8,157,78,128,101,185,76,80,100,30,134,27,2,97,58,151,175,6,1,117,195,169,142,131,158,62,120,3,95,149,107,55,14,13,111,52,148,83,129,24,150,103,105,69,159,40,116,140,99,106,194,180,178,192,109,66,145,102,110,199,0,85,104,17,53,155,146,63,31,183,65,125,190,10,130,5,39,113,43,187,179,96,141,98,114,64,79,42,119,132,75,163,133,81,153,166,189,33,35,36,22,112,93,19,87,121,51];False
3406;6639;10045;[198,29,90,41,127,60,177,47,26,161,115,152,49,54,197,123,74,37,94,118,124,168,34,108,174,196,167,15,156,21,73,82,137,86,181,68,9,45,138,126,143,160,173,18,199,12,7,136,89,46,164,4,84,122,24,23,77,57,186,170,176,72,154,172,59,11,182,139,135,191,48,50,56,92,147,67,32,61,38,165,193,28,44,16,91,88,70,71,162,20,188,144,184,8,157,78,128,101,185,76,80,100,30,134,27,2,97,58,151,175,6,1,117,195,169,142,131,158,62,120,3,95,149,107,55,14,13,111,52,148,83,129,25,150,103,105,69,159,40,116,140,99,106,194,180,178,192,109,66,145,102,110,171,0,85,104,17,53,155,146,63,31,183,65,125,190,10,130,5,39,113,43,187,179,96,141,98,114,64,79,42,119,132,75,163,133,81,153,166,189,33,35,36,22,112,93,19,87,121,51];False
3469;6603;10072;[198,29,90,41,127,60,177,47,26,161,115,152,49,54,197,123,74,37,94,118,124,168,34,108,174,196,167,15,156,21,73,82,137,86,181,68,9,45,138,126,143,160,173,18,199,12,7,136,89,46,164,4,84,122,25,23,77,57,186,170,176,72,154,172,59,11,182,139,135,191,48,50,56,92,147,67,32,61,19,165,193,28,44,16,91,88,70,71,162,20,188,144,184,8,157,78,128,101,185,76,80,100,30,134,27,2,97,58,151,175,6,1,117,195,169,142,131,158,62,120,3,95,149,107,55,14,13,111,52,148,83,129,24,150,103,105,69,159,40,116,140,99,106,194,180,178,192,109,66,145,102,110,171,0,85,104,17,53,155,146,63,31,183,65,125,190,10,130,5,39,113,43,187,179,96,141,98,114,64,79,42,119,132,75,163,133,81,153,166,189,33,35,36,22,112,93,38,87,121,51];True
3412;6624;10036;[198,29,90,41,127,60,177,47,26,161,115,152,49,54,197,123,74,37,94,118,124,168,34,108,174,196,167,15,156,21,73,82,137,86,181,68,9,45,138,126,143,160,173,18,199,12,7,136,89,46,164,4,84,122,25,23,77,57,186,170,176,72,154,172,59,11,182,139,135,191,48,50,56,92,147,67,32,61,38,165,193,28,44,16,91,88,70,71,162,20,188,144,184,8,157,78,128,101,110,76,80,100,30,134,27,2,97,58,151,175,6,1,117,195,169,142,131,158,62,120,3,95,149,107,55,14,13,111,52,148,83,129,24,150,103,105,69,159,40,116,140,99,106,194,180,178,192,109,66,145,102,185,171,0,85,104,17,53,155,146,63,31,183,65,125,190,10,130,5,39,113,43,187,179,96,141,98,114,64,79,42,119,132,75,163,133,81,153,166,189,33,35,36,22,112,93,19,87,121,51];False
3416;6615;10031;[198,29,90,41,127,60,177,47,26,161,115,152,49,54,197,123,74,37,94,118,124,168,34,108,174,196,167,15,156,21,73,82,137,86,181,68,9,45,138,126,143,160,173,18,199,12,7,136,89,46,164,4,84,122,25,23,77,57,186,170,176,72,154,172,59,11,182,139,135,191,48,50,56,92,147,67,32,61,38,165,193,28,44,16,91,88,70,71,162,20,188,144,184,8,157,78,128,101,185,76,80,100,30,134,27,195,97,58,151,175,6,1,117,2,169,142,131,158,62,120,3,95,149,107,55,14,13,111,52,148,83,129,24,150,103,105,69,159,40,116,140,99,106,194,180,178,192,109,66,145,102,110,171,0,85,104,17,53,155,146,63,31,183,65,125,190,10,130,5,39,113,43,187,179,96,141,98,114,64,79,42,119,132,75,163,133,81,153,166,189,33,35,36,22,112,93,19,87,121,51];True
3562;6587;10149;[198,29,90,41,127,60,177,47,26,161,115,152,49,54,197,123,74,37,94,118,124,168,34,108,174,196,167,15,156,21,73,82,137,86,181,68,9,45,138,126,143,160,173,18,199,12,7,136,89,46,164,4,84,122,25,23,77,57,186,170,176,72,154,172,59,11,182,139,135,191,48,50,56,92,147,67,32,61,38,165,193,28,44,16,91,88,70,71,162,20,188,144,184,8,157,78,128,101,185,76,80,100,30,134,27,2,97,58,151,175,6,1,117,113,169,142,131,158,62,120,3,95,149,107,55,14,13,111,52,148,83,129,24,150,103,105,69,159,40,116,140,99,106,194,180,178,192,109,66,145,102,110,171,0,85,104,17,53,155,146,63,31,183,65,125,190,10,130,5,39,195,43,187,179,96,141,98,114,64,79,42,119,132,75,163,133,81,153,166,189,33,35,36,22,112,93,19,87,121,51];False
3358;6641;9999;[198,29,90,41,127,60,177,47,26,161,115,152,49,54,197,123,74,37,94,118,124,168,34,108,174,196,167,15,156,21,73,82,137,86,181,68,9,45,138,126,143,160,173,18,199,12,7,136,89,46,164,4,84,122,25,23,77,57,186,170,176,72,154,172,59,11,182,139,135,191,48,50,56,92,147,67,32,61,38,165,193,28,44,16,91,88,70,71,162,20,188,144,184,8,157,78,128,101,185,76,80,100,30,134,27,2,97,58,151,175,6,1,117,195,169,142,131,158,62,120,3,95,149,107,55,14,13,111,112,148,83,129,24,150,103,105,69,159,40,116,140,99,106,194,180,178,192,109,66,145,102,110,171,0,85,104,17,53,155,146,63,31,183,65,125,190,10,130,5,39,113,43,187,179,96,141,98,114,64,79,42,119,132,75,163,133,81,153,166,189,33,35,36,22,52,93,19,87,121,51];False
3381;6630;10011;[198,29,90,41,127,60,177,47,26,161,115,152,49,54,197,123,74,37,94,118,124,168,34,108,174,196,167,15,156,21,73,82,137,86,181,68,9,45,138,126,143,160,173,18,199,12,7,136,89,46,164,4,84,122,25,23,77,57,186,170,176,72,154,172,59,11,182,139,135,191,48,50,56,92,147,67,32,61,38,165,193,28,44,16,91,88,70,71,162,20,188,144,184,8,157,78,128,101,185,76,80,100,30,134,27,2,97,58,151,175,6,1,117,195,169,142,131,158,62,120,3,95,149,107,55,14,13,111,52,148,83,129,24,150,103,140,69,159,40,116,105,99,106,194,180,178,192,109,66,145,102,110,171,0,85,104,17,53,155,146,63,31,183,65,125,190,10,130,5,39,113,43,187,179,96,141,98,114,64,79,42,119,132,75,163,133,81,153,166,189,33,35,36,22,112,93,19,87,121,51];False
3426;6613;10039;[198,29,90,41,127,60,177,47,26,161,115,152,49,54,197,123,74,37,94,118,124,168,34,108,174,196,167,15,156,21,73,82,137,86,181,68,9,45,138,126,143,160,173,18,199,12,7,136,89,46,164,4,84,122,25,23,77,57,186,170,176,72,154,172,59,11,182,139,135,191,48,50,56,92,147,67,32,61,38,165,193,28,44,16,91,88,70,71,162,20,188,144,184,8,157,78,128,101,185,76,80,100,30,134,27,2,97,58,151,175,6,1,117,195,169,142,131,158,62,120,3,95,149,107,55,14,13,111,52,148,83,129,24,150,103,105,69,159,40,116,104,99,106,194,180,178,192,109,66,145,102,110,171,0,85,140,17,53,155,146,63,31,183,65,125,190,10,130,5,39,113,43,187,179,96,141,98,114,64,79,42,119,132,75,163,133,81,153,166,189,33,35,36,22,112,93,19,87,121,51];True
3397;6620;10017;[198,29,90,41,127,60,177,47,26,161,115,152,49,54,197,123,74,37,94,118,124,168,34,108,174,196,167,15,156,21,73,82,137,86,181,68,9,45,138,126,143,160,173,18,199,12,7,136,89,46,164,4,84,122,25,23,77,57,186,170,176,72,154,172,59,11,182,139,135,191,48,50,56,92,147,67,32,61,38,165,193,28,44,16,91,88,70,71,162,20,188,144,184,8,157,78,128,101,185,76,80,100,30,134,27,2,97,58,151,175,6,1,117,195,169,142,131,158,62,120,3,95,149,107,55,14,13,111,52,148,83,129,24,150,103,105,69,159,40,116,140,99,106,194,180,178,192,10,66,145,102,110,171,0,85,104,17,53,155,146,63,31,183,65,125,190,109,130,5,39,113,43,187,179,96,141,98,114,64,79,42,119,132,75,163,133,81,153,166,189,33,35,36,22,112,93,19,87,121,51];True
3607;6579;10186;[198,29,90,41,187,179,177,47,26,161,115,152,49,54,197,123,74,37,94,118,124,168,34,108,174,196,167,15,156,21,73,82,137,86,181,68,9,45,138,126,143,160,173,18,199,12,7,136,89,46,164,4,84,122,25,23,77,57,186,170,176,72,154,172,59,11,182,139,135,191,48,50,56,92,147,67,32,61,38,165,193,28,44,125,91,88,70,71,162,20,188,144,184,8,157,78,128,101,185,76,80,100,30,134,27,2,97,58,151,175,6,1,117,195,169,142,131,158,62,120,3,95,149,107,55,14,13,111,52,148,83,129,24,150,103,105,69,159,40,116,140,99,106,194,180,178,192,109,66,145,102,110,171,0,85,104,17,53,155,146,63,31,183,65,16,190,10,130,5,39,113,43,127,60,96,141,98,114,64,79,42,119,132,75,163,133,81,153,166,189,33,35,36,22,112,93,19,87,121,51];False
3683;6571;10254;[198,29,90,41,187,60,179,47,26,161,115,152,49,54,197,123,74,37,94,118,124,168,34,108,174,196,167,15,156,21,73,82,137,86,181,68,9,45,138,126,143,160,173,18,199,12,7,136,89,46,164,4,84,122,25,23,77,57,186,170,176,72,154,172,59,11,182,139,135,191,48,50,56,92,147,67,32,61,38,165,193,28,44,125,91,88,70,71,162,20,188,144,184,8,157,78,128,101,185,76,80,100,30,134,27,2,97,58,151,175,6,1,117,195,169,142,131,158,62,120,3,95,149,107,55,14,13,111,52,148,83,129,24,150,103,105,69,159,40,116,140,99,106,194,180,178,192,109,66,145,102,110,171,0,85,104,17,53,155,146,63,31,183,65,16,190,10,130,5,39,113,43,127,177,96,141,98,114,64,79,42,119,132,75,163,133,81,153,166,189,33,35,36,22,112,93,19,87,121,51];False
3789;6555;10344;[198,29,90,41,187,60,177,47,26,161,115,152,49,54,197,123,74,37,94,118,124,168,34,108,174,196,167,15,156,21,73,82,163,86,181,68,9,45,138,126,143,160,173,18,199,12,7,136,89,46,164,4,84,122,25,23,77,57,186,170,176,72,154,172,59,11,182,139,135,191,48,50,56,92,147,67,32,61,38,165,193,28,44,125,91,88,70,71,162,20,188,144,184,8,157,78,128,101,185,76,80,100,30,134,27,2,97,58,151,175,6,1,117,195,169,142,131,158,62,120,3,95,149,107,55,14,13,111,52,148,83,129,24,150,103,105,69,159,40,116,140,99,106,194,180,178,192,109,66,145,102,110,171,0,85,104,17,53,155,146,63,31,183,65,16,190,10,130,5,39,113,43,127,179,96,141,98,114,64,79,42,119,132,75,137,133,81,153,166,189,33,35,36,22,112,93,19,87,121,51];False
3828;6551;10379;[198,29,90,41,187,60,177,47,26,161,115,152,49,54,197,123,74,37,94,118,124,168,34,108,174,196,167,15,156,21,73,82,137,86,181,68,9,45,138,126,143,160,136,18,199,12,7,173,89,46,164,4,84,122,25,23,77,57,186,170,176,72,154,172,59,11,182,139,135,191,48,50,56,92,147,67,32,61,38,165,193,28,44,125,91,88,70,71,162,20,188,144,184,8,157,78,128,101,185,76,80,100,30,134,27,2,97,58,151,175,6,1,117,195,169,142,131,158,62,120,3,95,149,107,55,14,13,111,52,148,83,129,24,150,103,105,69,159,40,116,140,99,106,194,180,178,192,109,66,145,102,110,171,0,85,104,17,53,155,146,63,31,183,65,16,190,10,130,5,39,113,43,127,179,96,141,98,114,64,79,42,119,132,75,163,133,81,153,166,189,33,35,36,22,112,93,19,87,121,51];False
3787;6554;10341;[198,29,90,41,187,60,177,47,26,161,115,152,49,54,197,123,74,37,94,118,124,168,34,108,174,196,167,15,156,21,73,82,137,86,181,68,9,45,138,126,143,160,173,18,12,199,7,136,89,46,164,4,84,122,25,23,77,57,186,170,176,72,154,172,59,11,182,139,135,191,48,50,56,92,147,67,32,61,38,165,193,28,44,125,91,88,70,71,162,20,188,144,184,8,157,78,128,101,185,76,80,100,30,134,27,2,97,58,151,175,6,1,117,195,169,142,131,158,62,120,3,95,149,107,55,14,13,111,52,148,83,129,24,150,103,105,69,159,40,116,140,99,106,194,180,178,192,109,66,145,102,110,171,0,85,104,17,53,155,146,63,31,183,65,16,190,10,130,5,39,113,43,127,179,96,141,98,114,64,79,42,119,132,75,163,133,81,153,166,189,33,35,36,22,112,93,19,87,121,51];False
3774;6558;10332;[198,29,90,41,187,60,177,47,26,161,115,152,49,54,197,123,74,37,94,118,124,168,34,108,174,196,167,15,156,21,73,82,137,86,181,68,9,45,138,126,143,160,173,18,175,12,7,136,89,46,164,4,84,122,25,23,77,57,186,170,176,72,154,172,59,11,182,139,135,191,48,50,56,92,147,67,32,61,38,165,193,28,44,125,91,88,70,71,162,20,188,144,184,8,157,78,128,101,185,76,80,100,30,134,27,2,97,58,151,199,6,1,117,195,169,142,131,158,62,120,3,95,149,107,55,14,13,111,52,148,83,129,24,150,103,105,69,159,40,116,140,99,106,194,180,178,192,109,66,145,102,110,171,0,85,104,17,53,155,146,63,31,183,65,16,190,10,130,5,39,113,43,127,179,96,141,98,114,64,79,42,119,132,75,163,133,81,153,166,189,33,35,36,22,112,93,19,87,121,51];False
3703;6562;10265;[198,29,90,41,187,60,177,47,26,161,115,152,49,54,197,123,74,37,94,118,124,168,34,108,174,196,167,15,156,21,73,82,137,86,181,68,9,45,138,126,143,160,173,18,171,12,7,136,89,46,164,4,84,122,25,23,77,57,186,170,176,72,154,172,59,11,182,139,135,191,48,50,56,92,147,67,32,61,38,165,193,28,44,125,91,88,70,71,162,20,188,144,184,8,157,78,128,101,185,76,80,100,30,134,27,2,97,58,151,175,6,1,117,195,169,142,131,158,62,120,3,95,149,107,55,14,13,111,52,148,83,129,24,150,103,105,69,159,40,116,140,99,106,194,180,178,192,109,66,145,102,110,199,0,85,104,17,53,155,146,63,31,183,65,16,190,10,130,5,39,113,43,127,179,96,141,98,114,64,79,42,119,132,75,163,133,81,153,166,189,33,35,36,22,112,93,19,87,121,51];False
3770;6557;10327;[198,29,90,41,187,60,177,47,26,161,115,152,49,54,197,123,74,37,94,118,124,168,34,108,174,196,167,15,156,21,73,82,137,86,181,68,9,45,138,126,143,160,173,18,199,12,7,89,136,46,164,4,84,122,25,23,77,57,186,170,176,72,154,172,59,11,182,139,135,191,48,50,56,92,147,67,32,61,38,165,193,28,44,125,91,88,70,71,162,20,188,144,184,8,157,78,128,101,185,76,80,100,30,134,27,2,97,58,151,175,6,1,117,195,169,142,131,158,62,120,3,95,149,107,55,14,13,111,52,148,83,129,24,150,103,105,69,159,40,116,140,99,106,194,180,178,192,109,66,145,102,110,171,0,85,104,17,53,155,146,63,31,183,65,16,190,10,130,5,39,113,43,127,179,96,141,98,114,64,79,42,119,132,75,163,133,81,153,166,189,33,35,36,22,112,93,19,87,121,51];False
3747;6559;10306;[198,29,90,41,187,60,177,47,26,161,115,152,49,54,197,123,74,37,94,118,124,168,34,108,174,196,167,15,156,21,73,82,137,86,181,68,9,45,138,126,143,160,173,18,199,12,7,136,89,46,164,4,84,122,25,23,77,57,186,170,176,72,154,172,59,98,182,139,135,191,48,50,56,92,147,67,32,61,38,165,193,28,44,125,91,88,70,71,162,20,188,144,184,8,157,78,128,101,185,76,80,100,30,134,27,2,97,58,151,175,6,1,117,195,169,142,131,158,62,120,3,95,149,107,55,14,13,111,52,148,83,129,24,150,103,105,69,159,40,116,140,99,106,194,180,178,192,109,66,145,102,110,171,0,85,104,17,53,155,146,63,31,183,65,16,190,10,130,5,39,113,43,127,179,96,141,11,114,64,79,42,119,132,75,163,133,81,153,166,189,33,35,36,22,112,93,19,87,121,51];False
3737;6558;10295;[198,29,90,41,187,60,177,47,26,161,115,152,49,54,197,123,74,37,94,118,124,168,34,108,174,196,167,15,156,21,73,82,137,86,181,68,9,45,138,126,143,160,173,18,199,12,7,136,89,46,164,4,84,122,25,23,77,57,186,170,176,72,154,172,59,11,182,139,135,191,48,50,56,92,147,67,32,38,61,165,193,28,44,125,91,88,70,71,162,20,188,144,184,8,157,78,128,101,185,76,80,100,30,134,27,2,97,58,151,175,6,1,117,195,169,142,131,158,62,120,3,95,149,107,55,14,13,111,52,148,83,129,24,150,103,105,69,159,40,116,140,99,106,194,180,178,192,109,66,145,102,110,171,0,85,104,17,53,155,146,63,31,183,65,16,190,10,130,5,39,113,43,127,179,96,141,98,114,64,79,42,119,132,75,163,133,81,153,166,189,33,35,36,22,112,93,19,87,121,51];False
3702;6561;10263;[198,29,90,41,187,60,177,47,26,161,115,152,49,54,197,123,74,37,94,118,124,168,34,108,174,196,167,15,156,21,73,82,137,86,181,68,9,45,138,126,143,160,173,18,199,12,7,136,89,46,164,4,84,122,25,23,77,57,186,170,176,72,154,172,59,11,182,139,135,191,48,50,56,92,147,67,32,61,19,165,193,28,44,125,91,88,70,71,162,20,188,144,184,8,157,78,128,101,185,76,80,100,30,134,27,2,97,58,151,175,6,1,117,195,169,142,131,158,62,120,3,95,149,107,55,14,13,111,52,148,83,129,24,150,103,105,69,159,40,116,140,99,106,194,180,178,192,109,66,145,102,110,171,0,85,104,17,53,155,146,63,31,183,65,16,190,10,130,5,39,113,43,127,179,96,141,98,114,64,79,42,119,132,75,163,133,81,153,166,189,33,35,36,22,112,93,38,87,121,51];False
3795;6545;10340;[198,29,90,41,187,60,177,47,26,161,115,152,49,54,197,123,74,37,94,118,124,168,34,108,174,196,167,15,156,21,73,82,137,86,181,68,9,45,138,126,143,160,173,18,199,12,7,136,89,46,164,4,84,122,25,23,77,57,186,170,176,72,154,172,59,11,182,139,135,191,48,50,56,92,147,67,32,61,38,165,193,28,44,125,91,88,70,71,162,20,188,144,184,8,157,78,128,101,185,76,80,100,30,134,27,2,97,58,151,175,6,1,117,113,169,142,131,158,62,120,3,95,149,107,55,14,13,111,52,148,83,129,24,150,103,105,69,159,40,116,140,99,106,194,180,178,192,109,66,145,102,110,171,0,85,104,17,53,155,146,63,31,183,65,16,190,10,130,5,39,195,43,127,179,96,141,98,114,64,79,42,119,132,75,163,133,81,153,166,189,33,35,36,22,112,93,19,87,121,51];True
3659;6571;10230;[198,29,90,41,187,60,177,47,26,161,115,152,49,54,197,123,74,37,94,118,124,168,34,108,174,196,167,15,156,21,73,82,137,86,181,68,9,45,138,126,143,160,173,18,199,12,7,136,89,46,164,4,84,122,25,23,77,57,186,170,176,72,154,172,59,11,182,139,135,191,48,50,56,92,147,67,32,61,38,165,193,28,44,125,91,88,70,71,162,20,188,144,184,8,157,78,128,101,185,76,80,100,30,134,27,2,97,58,151,175,6,1,117,195,169,142,131,158,62,120,3,95,149,107,55,14,13,111,52,148,83,129,24,150,103,105,69,159,40,116,104,99,106,194,180,178,192,109,66,145,102,110,171,0,85,140,17,53,155,146,63,31,183,65,16,190,10,130,5,39,113,43,127,179,96,141,98,114,64,79,42,119,132,75,163,133,81,153,166,189,33,35,36,22,112,93,19,87,121,51];False
3872;6542;10414;[198,29,90,41,187,60,177,47,26,161,115,152,49,54,197,123,74,37,94,118,124,168,34,108,174,196,167,15,156,21,73,82,172,59,181,68,9,45,138,126,143,160,173,18,199,12,7,136,89,46,164,4,84,122,25,23,77,57,186,170,176,72,154,137,86,11,182,139,135,191,48,50,56,92,147,67,32,61,38,165,193,28,44,125,91,88,70,71,162,20,188,144,184,8,157,78,128,101,185,76,80,100,30,134,27,2,97,58,151,175,6,1,117,113,169,142,131,158,62,120,3,95,149,107,55,14,13,111,52,148,83,129,24,150,103,105,69,159,40,116,140,99,106,194,180,178,192,109,66,145,102,110,171,0,85,104,17,53,155,146,63,31,183,65,16,190,10,130,5,39,195,43,127,179,96,141,98,114,64,79,42,119,132,75,163,133,81,153,166,189,33,35,36,22,112,93,19,87,121,51];False
3879;6541;10420;[198,29,90,41,187,60,177,47,26,161,115,152,49,54,197,123,74,37,94,118,124,168,34,108,174,196,167,15,156,21,73,82,172,86,181,68,9,45,138,126,143,160,173,18,171,12,7,136,89,46,164,4,84,122,25,23,77,57,186,170,176,72,154,137,59,11,182,139,135,191,48,50,56,92,147,67,32,61,38,165,193,28,44,125,91,88,70,71,162,20,188,144,184,8,157,78,128,101,185,76,80,100,30,134,27,2,97,58,151,175,6,1,117,113,169,142,131,158,62,120,3,95,149,107,55,14,13,111,52,148,83,129,24,150,103,105,69,159,40,116,140,99,106,194,180,178,192,109,66,145,102,110,199,0,85,104,17,53,155,146,63,31,183,65,16,190,10,130,5,39,195,43,127,179,96,141,98,114,64,79,42,119,132,75,163,133,81,153,166,189,33,35,36,22,112,93,19,87,121,51];False
3984;6528;10512;[198,29,90,41,187,60,177,47,26,161,115,152,49,54,197,123,74,37,94,118,124,168,34,108,174,196,167,15,156,21,73,82,172,86,181,68,9,45,138,126,143,160,173,18,199,12,7,136,89,46,164,4,84,122,25,23,77,57,186,170,176,72,154,163,59,11,182,139,135,191,48,50,56,92,147,67,32,61,38,165,193,28,44,125,91,88,70,71,162,20,188,144,184,8,157,78,128,101,185,76,80,100,30,134,27,2,97,58,151,175,6,1,117,113,169,142,131,158,62,120,3,95,149,107,55,14,13,111,52,148,83,129,24,150,103,105,69,159,40,116,140,99,106,194,180,178,192,109,66,145,102,110,171,0,85,104,17,53,155,146,63,31,183,65,16,190,10,130,5,39,195,43,127,179,96,141,98,114,64,79,42,119,132,75,137,133,81,153,166,189,33,35,36,22,112,93,19,87,121,51];False
3919;6534;10453;[198,29,90,41,187,60,177,47,26,161,115,152,49,54,197,123,74,37,94,118,124,168,34,108,174,196,167,15,156,21,73,82,172,86,181,68,9,45,138,126,143,160,173,18,199,12,7,136,89,46,164,4,84,122,25,23,77,57,186,170,176,72,154,137,133,11,182,139,135,191,48,50,56,92,147,67,32,61,38,165,193,28,44,125,91,88,70,71,162,20,188,144,184,8,157,78,128,101,185,76,80,100,30,134,27,2,97,58,151,175,6,1,117,113,169,142,131,158,62,120,3,95,149,107,55,14,13,111,52,148,83,129,24,150,103,105,69,159,40,116,140,99,106,194,180,178,192,109,66,145,102,110,171,0,85,104,17,53,155,146,63,31,183,65,16,190,10,130,5,39,195,43,127,179,96,141,98,114,64,79,42,119,132,75,163,59,81,153,166,189,33,35,36,22,112,93,19,87,121,51];False
3913;6537;10450;[198,29,90,41,187,60,177,47,26,161,115,152,49,54,197,123,74,37,94,118,124,168,34,108,174,196,167,15,156,21,73,82,172,86,181,68,9,45,138,126,143,160,173,18,199,12,7,136,89,46,164,4,84,122,25,23,77,57,186,170,176,72,154,137,59,11,182,139,135,191,48,50,56,92,147,67,32,38,61,165,193,28,44,125,91,88,70,71,162,20,188,144,184,8,157,78,128,101,185,76,80,100,30,134,27,2,97,58,151,175,6,1,117,113,169,142,131,158,62,120,3,95,149,107,55,14,13,111,52,148,83,129,24,150,103,105,69,159,40,116,140,99,106,194,180,178,192,109,66,145,102,110,171,0,85,104,17,53,155,146,63,31,183,65,16,190,10,130,5,39,195,43,127,179,96,141,98,114,64,79,42,119,132,75,163,133,81,153,166,189,33,35,36,22,112,93,19,87,121,51];False
3878;6540;10418;[198,29,90,41,187,60,177,47,26,161,115,152,49,54,197,123,74,37,94,118,124,168,34,108,174,196,167,15,156,21,73,82,172,86,181,68,9,45,138,126,143,160,173,18,199,12,7,136,89,46,164,4,84,122,25,23,77,57,186,170,176,72,154,137,59,11,182,139,135,191,48,50,56,92,147,67,32,61,19,165,193,28,44,125,91,88,70,71,162,20,188,144,184,8,157,78,128,101,185,76,80,100,30,134,27,2,97,58,151,175,6,1,117,113,169,142,131,158,62,120,3,95,149,107,55,14,13,111,52,148,83,129,24,150,103,105,69,159,40,116,140,99,106,194,180,178,192,109,66,145,102,110,171,0,85,104,17,53,155,146,63,31,183,65,16,190,10,130,5,39,195,43,127,179,96,141,98,114,64,79,42,119,132,75,163,133,81,153,166,189,33,35,36,22,112,93,38,87,121,51];False
3567;6582;10149;[198,29,90,41,127,60,177,47,26,89,115,152,49,54,197,123,74,37,94,118,124,168,34,108,174,196,167,15,156,21,73,82,137,86,181,68,9,45,138,126,143,160,173,18,199,12,7,161,136,46,164,4,84,122,25,23,77,57,186,170,176,72,154,172,59,11,182,139,135,191,48,50,56,92,147,67,32,61,38,165,193,28,44,125,91,88,70,71,162,20,188,144,184,8,157,78,128,101,185,76,80,100,30,134,27,2,97,58,151,175,6,1,117,195,169,142,131,158,62,120,3,95,149,107,55,14,13,111,52,148,83,129,24,150,103,105,69,159,40,116,140,99,106,194,180,178,192,109,66,145,102,110,171,0,85,104,17,53,155,146,63,31,183,65,16,190,10,130,5,39,113,43,187,179,96,141,98,114,64,79,42,119,132,75,163,133,81,153,166,189,33,35,36,22,112,93,19,87,121,51];True
3556;6586;10142;[198,29,90,41,127,60,177,47,26,161,115,152,49,54,197,123,74,37,94,118,124,168,34,108,174,196,167,15,156,21,73,82,137,86,181,68,9,45,138,126,143,160,173,18,171,12,7,136,89,46,164,4,84,122,25,23,77,57,186,170,176,72,154,172,59,11,182,139,135,191,48,50,56,92,147,67,32,61,19,165,193,28,44,125,91,88,70,71,162,20,188,144,184,8,157,78,128,101,185,76,80,100,30,134,27,2,97,58,151,175,6,1,117,195,169,142,131,158,62,120,3,95,149,107,55,14,13,111,52,148,83,129,24,150,103,105,69,159,40,116,140,99,106,194,180,178,192,109,66,145,102,110,199,0,85,104,17,53,155,146,63,31,183,65,16,190,10,130,5,39,113,43,187,179,96,141,98,114,64,79,42,119,132,75,163,133,81,153,166,189,33,35,36,22,112,93,38,87,121,51];True
3502;6597;10099;[198,29,90,41,127,60,177,47,26,161,115,152,49,54,197,123,74,37,94,118,124,168,34,108,174,196,167,15,156,21,73,82,137,86,181,68,9,45,138,126,143,160,173,18,199,12,7,136,89,46,164,4,84,122,25,23,77,57,186,170,176,72,154,172,59,11,182,139,135,191,48,50,56,92,147,67,32,61,19,165,193,28,44,125,91,88,70,71,162,20,188,144,184,8,157,78,128,101,185,76,80,100,30,134,27,195,97,58,151,175,6,1,117,2,169,142,131,158,62,120,3,95,149,107,55,14,13,111,52,148,83,129,24,150,103,105,69,159,40,116,140,99,106,194,180,178,192,109,66,145,102,110,171,0,85,104,17,53,155,146,63,31,183,65,16,190,10,130,5,39,113,43,187,179,96,141,98,114,64,79,42,119,132,75,163,133,81,153,166,189,33,35,36,22,112,93,38,87,121,51];False
3648;6569;10217;[198,29,90,41,127,60,177,47,26,161,115,152,49,54,197,123,74,37,94,118,124,168,34,108,174,196,167,15,156,21,73,82,137,86,181,68,9,45,138,126,143,160,173,18,199,12,7,136,89,46,164,4,84,122,25,23,77,57,186,170,176,72,154,172,59,11,182,139,135,191,48,50,56,92,147,67,32,61,19,165,193,28,44,125,91,88,70,71,162,20,188,144,184,8,157,78,128,101,185,76,80,100,30,134,27,2,97,58,151,175,6,1,117,113,169,142,131,158,62,120,3,95,149,107,55,14,13,111,52,148,83,129,24,150,103,105,69,159,40,116,140,99,106,194,180,178,192,109,66,145,102,110,171,0,85,104,17,53,155,146,63,31,183,65,16,190,10,130,5,39,195,43,187,179,96,141,98,114,64,79,42,119,132,75,163,133,81,153,166,189,33,35,36,22,112,93,38,87,121,51];True
3512;6595;10107;[198,29,90,41,127,60,177,47,26,161,115,152,49,54,197,123,74,37,94,118,124,168,34,108,174,196,167,15,156,21,73,82,137,86,181,68,9,45,138,126,143,160,173,18,199,12,7,136,89,46,164,4,84,122,25,23,77,57,186,170,176,72,154,172,59,11,182,139,135,191,48,50,56,92,147,67,32,61,19,165,193,28,44,125,91,88,70,71,162,20,188,144,184,8,157,78,128,101,185,76,80,100,30,134,27,2,97,58,151,175,6,1,117,195,169,142,131,158,62,120,3,95,149,107,55,14,13,111,52,148,83,129,24,150,103,105,69,159,40,116,104,99,106,194,180,178,192,109,66,145,102,110,171,0,85,140,17,53,155,146,63,31,183,65,16,190,10,130,5,39,113,43,187,179,96,141,98,114,64,79,42,119,132,75,163,133,81,153,166,189,33,35,36,22,112,93,38,87,121,51];True
3483;6602;10085;[198,29,90,41,127,60,177,47,26,161,115,152,49,54,197,123,74,37,94,118,124,168,34,108,174,196,167,15,156,21,73,82,137,86,181,68,9,45,138,126,143,160,173,18,199,12,7,136,89,46,164,4,84,122,25,23,77,57,186,170,176,72,154,172,59,11,182,139,135,191,48,50,56,92,147,67,32,61,19,165,193,28,44,125,91,88,70,71,162,20,188,144,184,8,157,78,128,101,185,76,80,100,30,134,27,2,97,58,151,175,6,1,117,195,169,142,131,158,62,120,3,95,149,107,55,14,13,111,52,148,83,129,24,150,103,105,69,159,40,116,140,99,106,194,180,178,192,10,66,145,102,110,171,0,85,104,17,53,155,146,63,31,183,65,16,190,109,130,5,39,113,43,187,179,96,141,98,114,64,79,42,119,132,75,163,133,81,153,166,189,33,35,36,22,112,93,38,87,121,51];True
3683;6566;10249;[198,29,90,41,127,60,177,47,26,161,115,152,49,54,197,123,74,37,94,118,124,168,34,108,174,196,167,15,156,21,73,82,137,86,181,68,9,45,138,126,143,160,173,18,199,12,7,136,89,46,164,4,84,122,25,23,77,57,186,170,176,72,154,172,59,11,182,139,135,191,48,50,56,92,147,67,32,38,61,165,193,28,44,125,91,88,70,71,162,20,188,144,184,8,157,78,128,101,185,76,80,100,30,134,27,2,97,58,151,175,6,1,117,113,169,142,131,158,62,120,3,95,149,107,55,14,13,111,52,148,83,129,24,150,103,105,69,159,40,116,140,99,106,194,180,178,192,109,66,145,102,110,171,0,85,104,17,53,155,146,63,31,183,65,16,190,10,130,5,39,195,43,187,179,96,141,98,114,64,79,42,119,132,75,163,133,81,153,166,189,33,35,36,22,112,93,19,87,121,51];False
3605;6581;10186;[198,29,90,41,127,60,177,47,26,161,115,152,49,54,197,123,74,37,94,118,124,168,34,108,174,196,167,15,156,21,73,82,137,86,181,68,9,45,138,126,143,160,173,18,199,12,7,136,89,46,164,4,84,122,25,23,77,57,186,170,176,72,154,172,59,11,182,139,135,191,48,50,56,92,147,67,32,61,38,165,193,28,44,125,91,88,70,71,162,20,188,144,184,8,157,78,128,101,185,76,80,100,30,134,27,2,97,58,151,175,6,1,117,113,169,142,131,158,62,120,3,95,149,107,55,14,13,111,52,148,83,129,24,150,103,105,69,159,40,104,140,99,106,194,180,178,192,109,66,145,102,110,171,0,85,116,17,53,155,146,63,31,183,65,16,190,10,130,5,39,195,43,187,179,96,141,98,114,64,79,42,119,132,75,163,133,81,153,166,189,33,35,36,22,112,93,19,87,121,51];False
3605;6579;10184;[198,29,90,41,127,60,177,47,26,161,115,152,49,54,197,123,74,37,94,118,124,168,34,108,174,196,167,15,156,21,73,82,137,86,181,68,9,45,138,126,143,160,173,18,199,12,7,136,89,46,164,4,84,122,25,23,77,57,186,170,176,72,154,172,59,11,182,139,135,191,48,50,56,92,147,67,32,61,38,165,193,28,44,125,91,88,70,71,162,20,188,144,184,8,157,78,128,101,185,76,80,100,30,134,27,2,97,58,151,175,6,1,117,113,169,142,131,158,62,120,3,95,149,107,55,14,13,111,52,148,83,129,24,150,103,105,69,159,40,116,104,99,106,194,180,178,192,109,66,145,102,110,171,0,85,140,17,53,155,146,63,31,183,65,16,190,10,130,5,39,195,43,187,179,96,141,98,114,64,79,42,119,132,75,163,133,81,153,166,189,33,35,36,22,112,93,19,87,121,51];False
3440;6612;10052;[198,29,90,41,127,60,177,47,26,161,115,152,49,54,197,123,74,37,94,118,124,168,34,108,174,196,167,15,156,21,73,82,137,86,181,68,9,45,138,126,143,160,173,18,199,12,7,136,89,46,164,4,84,122,25,23,77,57,186,170,176,72,154,172,59,11,182,139,135,191,48,50,56,92,147,67,32,61,38,165,193,28,44,125,91,88,70,71,162,20,188,144,184,8,157,78,128,101,185,76,80,100,30,134,27,2,97,58,151,175,6,1,117,195,169,142,131,158,62,120,3,95,149,107,55,14,13,111,52,148,83,129,24,150,103,105,69,159,40,116,104,99,106,194,180,178,192,10,66,145,102,110,171,0,85,140,17,53,155,146,63,31,183,65,16,190,109,130,5,39,113,43,187,179,96,141,98,114,64,79,42,119,132,75,163,133,81,153,166,189,33,35,36,22,112,93,19,87,121,51];False
3372;6640;10012;[198,29,90,41,127,60,177,47,26,161,115,152,49,54,197,123,74,37,94,118,124,168,34,108,174,196,167,15,156,21,73,82,137,86,181,68,9,45,138,126,143,160,173,18,199,12,7,136,89,46,164,4,84,122,25,23,77,57,186,170,176,72,154,172,59,11,182,139,135,191,48,50,56,92,147,67,32,61,38,165,193,28,44,125,91,88,70,71,162,20,188,144,184,8,157,78,128,101,185,76,80,100,30,134,27,2,97,58,151,175,6,1,117,195,169,142,131,158,62,120,3,95,149,107,55,14,13,111,112,148,83,129,24,150,103,105,69,159,40,116,140,99,106,194,180,178,192,10,66,145,102,110,171,0,85,104,17,53,155,146,63,31,183,65,16,190,109,130,5,39,113,43,187,179,96,141,98,114,64,79,42,119,132,75,163,133,81,153,166,189,33,35,36,22,52,93,19,87,121,51];False
3395;6629;10024;[198,29,90,41,127,60,177,47,26,161,115,152,49,54,197,123,74,37,94,118,124,168,34,108,174,196,167,15,156,21,73,82,137,86,181,68,9,45,138,126,143,160,173,18,199,12,7,136,89,46,164,4,84,122,25,23,77,57,186,170,176,72,154,172,59,11,182,139,135,191,48,50,56,92,147,67,32,61,38,165,193,28,44,125,91,88,70,71,162,20,188,144,184,8,157,78,128,101,185,76,80,100,30,134,27,2,97,58,151,175,6,1,117,195,169,142,131,158,62,120,3,95,149,107,55,14,13,111,52,148,83,129,24,150,103,140,69,159,40,116,105,99,106,194,180,178,192,10,66,145,102,110,171,0,85,104,17,53,155,146,63,31,183,65,16,190,109,130,5,39,113,43,187,179,96,141,98,114,64,79,42,119,132,75,163,133,81,153,166,189,33,35,36,22,112,93,19,87,121,51];False
3307;6672;9979;[198,29,90,41,127,60,177,27,26,161,115,152,131,59,197,123,74,37,94,118,124,168,17,108,174,196,167,15,156,21,73,82,172,86,181,68,9,45,138,126,143,160,173,18,199,12,7,136,89,46,164,4,84,122,25,23,77,57,186,170,176,72,154,49,62,47,182,139,135,191,48,50,56,92,147,67,32,61,38,165,193,28,44,16,91,88,70,71,162,20,188,144,184,8,157,78,128,101,185,76,80,100,30,134,96,11,97,58,151,175,6,1,117,2,169,142,137,158,54,120,3,95,149,107,55,14,13,111,52,148,83,129,24,150,103,105,69,159,40,116,104,99,106,194,180,178,192,10,66,145,102,110,171,0,85,140,34,53,155,146,63,31,183,65,125,190,109,130,5,39,113,43,187,179,195,141,98,114,64,79,42,119,132,75,163,133,81,153,166,189,33,35,36,22,112,93,19,87,121,51];False
3344;6661;10005;[198,29,90,41,127,60,177,27,26,161,115,152,131,59,197,123,74,37,94,118,124,168,17,108,174,196,167,15,156,21,73,82,172,86,181,68,9,45,138,126,143,160,173,18,199,12,7,136,89,46,164,4,84,122,25,23,77,57,186,170,176,72,154,49,62,195,182,139,135,191,48,50,56,92,147,67,32,61,38,165,193,28,44,16,91,88,70,71,162,20,188,144,184,8,157,78,128,101,185,76,80,100,30,134,96,11,97,58,151,175,6,1,117,2,169,142,137,158,54,120,3,95,149,107,55,14,13,111,52,141,83,129,24,150,103,105,69,159,40,116,104,99,106,194,180,178,192,10,66,145,102,110,171,0,85,140,34,53,155,146,63,31,183,65,125,190,109,130,5,39,113,43,187,179,47,148,98,114,64,79,42,119,132,75,163,133,81,153,166,189,33,35,36,22,112,93,19,87,121,51];False
4472;6442;10914;[198,29,90,41,187,79,179,47,26,161,115,152,172,59,197,123,31,37,94,118,124,168,34,108,174,196,167,15,156,21,73,82,137,86,181,68,9,45,138,126,143,160,91,18,171,195,7,173,89,46,164,4,84,122,25,23,77,57,186,170,176,72,154,49,76,98,182,139,135,183,51,50,56,92,147,67,32,38,87,165,193,28,44,125,6,88,70,71,162,20,191,61,184,8,157,78,128,101,185,39,80,100,30,134,27,2,97,58,158,62,95,1,117,113,169,142,131,110,54,120,3,136,149,107,55,14,13,111,52,148,83,129,24,150,103,105,69,159,40,116,48,99,106,194,180,178,192,109,66,145,102,151,199,0,85,104,17,53,155,121,140,74,188,65,16,190,10,130,5,175,12,43,127,60,42,141,11,114,64,96,177,119,132,75,163,133,81,153,166,189,33,35,36,22,112,93,19,144,146,63];True
4523;6436;10959;[198,29,90,41,187,60,42,47,26,161,115,152,172,59,197,123,31,37,94,118,124,168,34,108,174,196,167,15,156,21,73,82,137,86,181,68,9,45,138,126,143,160,91,18,171,195,7,173,89,46,164,4,84,122,25,23,77,57,186,170,176,72,154,49,76,98,182,139,135,183,51,50,56,92,147,67,32,38,87,165,193,28,44,125,6,88,70,71,162,20,191,61,184,8,157,78,128,101,185,39,80,100,30,134,27,2,97,58,158,62,95,1,117,113,169,142,131,110,54,120,3,136,149,107,55,14,13,111,52,148,83,129,24,150,103,105,69,159,40,116,48,99,106,194,180,178,192,109,66,145,102,151,199,0,85,104,17,53,155,121,140,74,188,65,16,190,10,130,5,175,12,43,127,79,179,141,11,114,64,96,177,119,132,75,163,133,81,153,166,189,33,35,36,22,112,93,19,144,146,63];False
4552;6430;10982;[198,29,90,41,187,60,179,47,26,161,115,152,172,59,197,123,31,37,94,118,124,168,34,108,174,196,167,15,156,21,73,82,137,86,181,68,9,45,138,126,143,160,91,18,171,195,7,173,89,46,164,4,84,122,25,23,77,57,186,170,176,72,154,49,76,11,182,139,135,183,51,50,56,92,147,67,32,38,87,165,193,28,44,125,6,88,70,71,162,20,191,61,184,8,157,78,128,101,185,39,80,100,30,134,27,2,97,58,158,62,95,1,117,113,169,142,131,110,54,120,3,136,149,107,55,14,13,111,52,148,83,129,24,150,103,105,69,159,40,116,48,99,106,194,180,178,192,109,66,145,102,151,199,0,85,104,17,53,155,121,140,74,188,65,16,190,10,130,5,175,12,43,127,79,42,141,98,114,64,96,177,119,132,75,163,133,81,153,166,189,33,35,36,22,112,93,19,144,146,63];False
4535;6434;10969;[198,29,90,41,187,60,179,47,26,161,115,152,172,59,197,123,31,37,94,118,124,168,34,108,174,196,167,15,156,21,73,82,137,86,181,68,9,45,138,126,143,160,91,18,171,195,7,173,89,46,164,4,84,122,25,23,77,57,186,170,176,72,154,49,76,98,182,139,135,183,140,50,56,92,147,67,32,38,87,165,193,28,44,125,6,88,70,71,162,20,191,61,184,8,157,78,128,101,185,39,80,100,30,134,27,2,97,58,158,62,95,1,117,113,169,142,131,110,54,120,3,136,149,107,55,14,13,111,52,148,83,129,24,150,103,105,69,159,40,116,48,99,106,194,180,178,192,109,66,145,102,151,199,0,85,104,17,53,155,121,51,74,188,65,16,190,10,130,5,175,12,43,127,79,42,141,11,114,64,96,177,119,132,75,163,133,81,153,166,189,33,35,36,22,112,93,19,144,146,63];False
4520;6435;10955;[198,29,90,41,187,60,179,47,26,161,115,152,172,59,197,123,31,37,94,118,124,168,34,108,174,196,167,15,156,21,73,82,137,86,181,68,9,45,138,126,143,160,91,18,171,195,7,173,89,46,164,4,84,122,25,23,77,57,186,170,176,72,154,49,76,98,182,139,135,183,51,50,56,92,147,67,32,38,87,165,193,28,44,125,6,88,70,71,162,20,191,61,184,8,157,78,128,101,185,39,80,100,30,134,27,2,97,58,110,62,95,1,117,113,169,142,131,158,54,120,3,136,149,107,55,14,13,111,52,148,83,129,24,150,103,105,69,159,40,116,48,99,106,194,180,178,192,109,66,145,102,151,199,0,85,104,17,53,155,121,140,74,188,65,16,190,10,130,5,175,12,43,127,79,42,141,11,114,64,96,177,119,132,75,163,133,81,153,166,189,33,35,36,22,112,93,19,144,146,63];False
4510;6438;10948;[198,29,90,41,187,60,179,47,26,161,115,152,172,59,197,123,31,37,94,118,124,168,34,108,174,196,167,15,156,21,73,82,137,86,181,68,9,45,138,126,143,160,91,18,171,195,7,173,89,46,164,4,84,122,25,23,77,57,186,170,176,72,154,49,76,98,182,139,135,183,51,50,56,92,147,67,32,38,87,165,193,28,44,125,6,88,70,71,162,20,191,61,184,8,157,78,128,101,185,39,80,100,30,134,27,2,97,58,158,62,95,1,117,113,169,142,131,110,54,120,3,136,149,107,55,14,13,111,52,148,83,129,24,150,103,105,69,159,40,116,48,99,106,194,180,178,192,10,66,145,102,151,199,0,85,104,17,53,155,121,140,74,188,65,16,190,109,130,5,175,12,43,127,79,42,141,11,114,64,96,177,119,132,75,163,133,81,153,166,189,33,35,36,22,112,93,19,144,146,63];True
4544;6432;10976;[198,29,90,41,187,60,179,47,26,161,115,152,172,59,197,123,31,37,94,118,124,168,34,108,174,196,167,15,156,21,73,82,137,86,181,68,9,45,138,126,143,160,91,18,171,195,7,173,89,46,164,4,84,122,25,23,77,57,186,170,176,72,154,49,76,98,182,139,135,183,51,50,56,92,147,67,32,38,87,165,193,28,44,125,6,88,70,71,162,20,191,61,184,8,157,78,128,101,185,39,80,100,30,134,27,2,97,58,158,62,95,1,117,113,169,142,131,110,54,120,3,136,149,107,55,14,13,111,52,148,83,129,24,150,103,105,69,159,40,116,48,99,106,194,180,178,192,109,66,145,102,114,199,0,85,104,17,53,155,121,140,74,188,65,16,190,10,130,5,175,12,43,127,79,42,141,11,151,64,96,177,119,132,75,163,133,81,153,166,189,33,35,36,22,112,93,19,144,146,63];False
4679;6413;11092;[198,29,90,41,187,60,179,47,26,161,115,152,163,59,197,123,31,37,94,118,124,168,34,108,174,196,167,15,156,21,73,82,172,86,181,68,9,45,138,126,143,160,91,18,171,195,7,173,89,46,164,4,84,122,25,23,77,57,186,170,176,72,154,49,39,11,182,139,135,183,51,50,56,92,147,67,32,38,87,165,193,28,44,125,6,88,70,71,162,20,191,61,184,8,157,78,128,101,185,76,80,100,30,134,27,2,97,58,158,62,95,1,117,113,169,142,131,110,54,120,3,136,149,107,55,14,13,111,52,148,83,129,24,150,103,105,69,159,40,116,48,99,106,194,180,178,192,109,66,145,102,151,199,0,85,104,17,53,155,121,140,74,188,65,16,190,10,130,5,175,12,43,127,79,42,177,98,114,64,96,141,119,132,75,137,133,81,153,166,189,33,35,36,22,112,93,19,144,146,63];True
4470;6447;10917;[198,29,90,41,187,79,179,47,26,161,115,152,131,59,197,123,31,37,94,118,124,168,34,108,174,196,167,15,156,21,73,82,172,86,181,68,9,45,138,126,143,160,91,18,171,195,7,173,89,46,164,4,84,122,25,23,77,57,186,170,176,72,154,49,76,98,182,139,135,183,51,50,56,92,147,67,32,38,87,165,193,28,44,125,6,88,70,71,162,20,191,61,184,8,157,78,128,101,185,39,80,100,30,134,27,2,97,58,110,62,95,1,117,113,169,142,163,158,54,120,3,136,149,107,55,14,13,111,52,148,83,129,24,150,103,105,69,159,40,116,48,99,106,194,180,178,192,109,66,145,102,151,199,0,85,104,17,53,155,121,140,74,188,65,16,190,10,130,5,175,12,43,127,60,42,141,11,114,64,96,177,119,132,75,137,133,81,153,166,189,33,35,36,22,112,93,19,144,146,63];False
5270;6362;11632;[198,29,90,41,187,60,179,47,26,161,115,152,163,59,197,123,106,20,94,118,124,168,17,108,174,196,167,15,156,21,73,82,172,86,181,68,9,45,138,126,143,160,91,18,171,195,7,173,89,144,164,4,84,122,25,23,77,57,186,170,176,3,154,49,39,98,182,139,135,183,51,50,56,92,147,67,32,38,87,165,193,28,44,125,6,88,70,71,162,194,191,61,184,8,72,78,128,101,185,76,80,100,30,134,27,2,97,58,158,62,95,1,117,113,169,142,131,110,54,120,157,136,149,107,55,14,13,111,52,148,83,129,24,150,103,105,69,159,40,116,99,63,31,53,180,178,192,109,66,145,102,151,199,0,85,104,34,37,48,146,140,74,188,65,16,190,10,130,5,175,12,43,127,79,42,141,11,114,64,96,177,119,132,75,137,133,81,153,166,189,33,35,36,22,112,93,19,46,121,155];False
5207;6366;11573;[198,29,90,41,187,60,179,47,26,161,115,152,163,59,197,123,106,20,94,118,124,168,34,108,174,196,167,15,156,21,73,82,172,86,181,68,9,45,138,126,143,160,91,18,171,195,7,173,89,144,164,4,84,122,25,23,77,57,186,170,176,3,154,49,76,98,182,139,135,183,51,50,56,92,147,67,32,38,87,165,193,28,44,125,6,88,70,71,162,194,191,61,184,8,72,78,128,101,185,39,80,100,30,134,27,2,97,58,158,62,95,1,117,113,169,142,131,110,54,120,157,136,149,107,55,14,13,111,52,148,83,129,24,150,103,105,69,159,40,116,99,63,31,53,180,178,192,109,66,145,102,151,199,0,85,104,17,37,48,146,140,74,188,65,16,190,10,130,5,175,12,43,127,79,42,141,11,114,64,96,177,119,132,75,137,133,81,153,166,189,33,35,36,22,112,93,19,46,121,155];True
5405;6354;11759;[198,29,90,41,187,60,179,47,26,161,115,152,163,59,197,123,106,20,94,118,124,168,34,108,174,196,167,15,156,21,73,82,172,86,181,68,9,45,138,126,143,160,91,18,171,195,7,173,89,144,164,4,84,122,25,23,77,57,186,170,176,3,154,49,39,98,182,139,135,183,51,50,56,92,147,67,32,38,87,165,193,28,44,125,6,88,70,71,162,194,191,61,184,8,72,78,128,101,185,76,80,100,30,134,27,2,97,58,158,62,95,1,117,113,169,142,131,110,54,120,157,136,149,107,55,14,13,111,52,148,83,129,189,150,103,105,69,159,40,116,99,63,31,53,180,178,192,109,66,145,102,151,199,0,85,104,17,37,48,146,140,74,188,65,16,190,10,130,5,175,12,43,127,79,42,141,11,114,64,96,177,119,132,75,137,133,81,153,166,24,33,35,36,22,112,93,19,46,121,155];False
5410;6352;11762;[198,29,90,41,187,60,179,47,26,161,115,152,163,59,197,123,106,37,94,118,124,168,34,108,174,196,167,15,156,21,73,82,172,86,181,68,9,45,138,126,143,160,91,18,171,195,7,173,23,144,164,4,84,122,25,89,77,57,186,170,176,3,154,49,39,98,182,139,135,20,51,50,56,92,147,67,32,38,87,165,193,28,44,125,6,88,70,71,162,194,191,61,184,8,72,78,128,101,185,76,80,100,30,134,27,2,97,58,158,62,95,1,117,113,169,142,131,110,54,120,157,136,149,107,55,14,13,111,52,148,83,129,24,150,103,105,69,159,40,116,99,63,31,53,180,178,192,109,66,145,102,151,199,0,85,104,17,183,48,146,140,74,188,65,16,190,10,130,5,175,12,43,127,79,42,141,11,114,64,96,177,119,132,75,137,133,81,153,166,189,33,35,36,22,112,93,19,46,121,155];True
5252;6362;11614;[198,29,90,41,187,60,179,47,26,161,115,152,163,59,197,123,106,37,94,118,124,168,34,108,174,196,167,15,156,21,73,82,172,86,181,68,9,45,138,126,143,160,91,18,171,195,7,173,89,144,164,4,84,122,25,23,77,57,186,170,176,3,154,49,39,98,182,139,65,20,51,50,56,92,147,67,32,38,87,165,193,28,44,125,6,88,70,71,162,194,191,61,184,8,72,78,128,101,185,76,80,100,30,134,27,2,97,58,158,62,95,1,117,113,169,142,131,110,54,120,157,136,149,107,55,14,13,111,52,148,83,129,24,150,103,105,69,159,40,116,99,63,31,53,180,178,192,109,66,145,102,151,199,0,85,104,17,183,48,146,140,74,188,135,16,190,10,130,5,175,12,43,127,79,42,141,11,114,64,96,177,119,132,75,137,133,81,153,166,189,33,35,36,22,112,93,19,46,121,155];True
5354;6357;11711;[198,29,90,41,187,60,179,47,26,161,115,152,163,59,197,123,106,37,94,118,124,168,34,108,174,196,167,15,156,21,73,82,172,86,181,68,9,45,138,126,143,160,91,18,171,195,7,173,89,144,164,4,84,122,25,23,77,57,186,170,176,3,154,49,39,98,182,139,135,20,51,50,56,92,147,67,32,38,87,165,193,28,44,125,6,88,70,71,162,194,191,61,184,8,72,78,128,101,185,76,80,131,30,134,27,2,97,58,158,62,95,1,117,113,169,142,100,110,54,120,157,136,149,107,55,14,13,111,52,148,83,129,24,150,103,105,69,159,40,116,99,63,31,53,180,178,192,109,66,145,102,151,199,0,85,104,17,183,48,146,140,74,188,65,16,190,10,130,5,175,12,43,127,79,42,141,11,114,64,96,177,119,132,75,137,133,81,153,166,189,33,35,36,22,112,93,19,46,121,155];False
3332;6665;9997;[198,29,90,41,127,60,177,47,26,161,115,152,131,54,197,123,74,37,94,118,124,168,17,108,174,196,167,15,156,21,73,82,172,86,181,68,9,45,138,126,143,160,173,18,199,12,7,136,89,46,164,4,84,122,25,23,77,57,186,170,176,72,154,49,141,11,59,139,135,191,48,50,56,92,147,67,32,61,38,165,193,28,44,16,91,88,70,71,162,20,188,144,184,8,157,78,128,101,185,76,80,100,30,134,27,195,97,58,151,175,6,1,117,2,169,142,137,158,62,120,3,95,149,107,55,14,13,111,52,182,83,129,24,150,103,105,69,159,40,116,104,99,106,194,180,178,192,10,66,145,102,110,171,0,85,140,34,53,155,146,63,31,183,65,125,190,109,130,5,39,113,43,187,179,96,148,98,114,64,79,42,119,132,75,163,133,81,153,166,189,33,35,36,22,112,93,19,87,121,51];False
3303;6675;9978;[198,29,90,41,127,60,177,47,26,161,115,152,131,59,197,123,74,37,94,118,124,168,17,108,174,196,167,15,156,21,73,82,172,86,181,68,9,45,138,126,143,160,173,18,199,12,7,136,89,46,164,4,84,122,25,23,77,57,186,170,176,72,154,49,101,11,54,139,135,191,48,50,56,92,147,67,32,61,38,165,193,28,44,16,91,88,70,71,162,20,188,144,184,8,157,78,128,141,185,76,80,100,30,134,27,195,97,58,151,175,6,1,117,2,169,142,137,158,62,120,3,95,149,107,55,14,13,111,52,182,83,129,24,150,103,105,69,159,40,116,104,99,106,194,180,178,192,10,66,145,102,110,171,0,85,140,34,53,155,146,63,31,183,65,125,190,109,130,5,39,113,43,187,179,96,148,98,114,64,79,42,119,132,75,163,133,81,153,166,189,33,35,36,22,112,93,19,87,121,51];False
3434;6612;10046;[198,29,90,41,127,60,177,47,26,161,115,152,49,54,197,123,74,37,94,118,124,168,34,108,174,196,167,15,156,21,73,82,137,86,181,68,9,45,138,126,143,160,173,18,199,12,7,136,89,46,164,4,84,122,25,23,77,57,186,170,176,72,154,172,59,11,182,139,135,191,48,50,56,92,147,67,32,61,19,165,193,28,44,16,91,88,70,71,162,20,188,144,184,8,157,78,128,101,185,76,80,100,30,134,27,195,97,58,151,175,6,1,117,2,169,142,131,158,62,120,3,95,149,107,55,14,13,111,52,148,83,129,24,150,103,105,69,159,40,116,140,99,106,194,180,178,192,109,66,145,102,110,171,0,85,104,17,53,155,146,63,31,183,65,125,190,10,130,5,39,113,43,187,179,96,141,98,114,64,79,42,119,132,75,163,133,81,153,166,189,33,35,36,22,112,93,38,87,121,51];True
3376;6638;10014;[198,29,90,41,127,60,177,47,26,161,115,152,49,54,197,123,74,37,94,118,124,168,34,108,174,196,167,15,156,21,73,82,137,86,181,68,9,45,138,126,143,160,173,18,199,12,7,136,89,46,164,4,84,122,25,23,77,57,186,170,176,72,154,172,59,11,182,139,135,191,48,50,56,92,147,67,32,61,19,165,193,28,44,16,91,88,70,71,162,20,188,144,184,8,157,78,128,101,185,76,80,100,30,134,27,2,97,58,151,175,6,1,117,195,169,142,131,158,62,120,3,95,149,107,55,14,13,111,112,148,83,129,24,150,103,105,69,159,40,116,140,99,106,194,180,178,192,109,66,145,102,110,171,0,85,104,17,53,155,146,63,31,183,65,125,190,10,130,5,39,113,43,187,179,96,141,98,114,64,79,42,119,132,75,163,133,81,153,166,189,33,35,36,22,52,93,38,87,121,51];False
3444;6610;10054;[198,29,90,41,127,60,177,47,26,161,115,152,49,54,197,123,74,37,94,118,124,168,34,108,174,196,167,15,156,21,73,82,137,86,181,68,9,45,138,126,143,160,173,18,199,12,7,136,89,46,164,4,84,122,25,23,77,57,186,170,176,72,154,172,59,11,182,139,135,191,48,50,56,92,147,67,32,61,19,165,193,28,44,16,91,88,70,71,162,20,188,144,184,8,157,78,128,101,185,76,80,100,30,134,27,2,97,58,151,175,6,1,117,195,169,142,131,158,62,120,3,95,149,107,55,14,13,111,52,148,83,129,24,150,103,105,69,159,40,116,104,99,106,194,180,178,192,109,66,145,102,110,171,0,85,140,17,53,155,146,63,31,183,65,125,190,10,130,5,39,113,43,187,179,96,141,98,114,64,79,42,119,132,75,163,133,81,153,166,189,33,35,36,22,112,93,38,87,121,51];True
3415;6617;10032;[198,29,90,41,127,60,177,47,26,161,115,152,49,54,197,123,74,37,94,118,124,168,34,108,174,196,167,15,156,21,73,82,137,86,181,68,9,45,138,126,143,160,173,18,199,12,7,136,89,46,164,4,84,122,25,23,77,57,186,170,176,72,154,172,59,11,182,139,135,191,48,50,56,92,147,67,32,61,19,165,193,28,44,16,91,88,70,71,162,20,188,144,184,8,157,78,128,101,185,76,80,100,30,134,27,2,97,58,151,175,6,1,117,195,169,142,131,158,62,120,3,95,149,107,55,14,13,111,52,148,83,129,24,150,103,105,69,159,40,116,140,99,106,194,180,178,192,10,66,145,102,110,171,0,85,104,17,53,155,146,63,31,183,65,125,190,109,130,5,39,113,43,187,179,96,141,98,114,64,79,42,119,132,75,163,133,81,153,166,189,33,35,36,22,112,93,38,87,121,51];True
3390;6625;10015;[198,29,90,41,127,60,42,47,26,161,115,152,49,54,197,123,74,37,94,118,124,168,34,108,174,196,167,15,156,21,73,82,137,86,181,68,9,45,138,126,143,160,173,18,199,12,7,136,89,46,164,4,84,122,25,23,77,57,186,170,176,72,154,172,59,11,182,139,135,191,48,50,56,92,147,67,32,61,38,165,193,28,44,16,91,88,70,71,162,20,188,144,184,8,157,78,128,101,185,76,80,100,30,134,27,195,97,58,151,175,6,1,117,2,169,142,131,158,62,120,3,95,149,107,55,14,13,111,52,148,83,129,24,150,103,105,69,159,40,116,140,99,106,194,180,178,192,109,66,145,102,110,171,0,85,104,17,53,155,146,63,31,183,65,125,190,10,130,5,39,113,43,187,179,96,141,98,114,64,79,177,119,132,75,163,133,81,153,166,189,33,35,36,22,112,93,19,87,121,51];False
3349;6650;9999;[198,29,90,41,127,60,177,47,26,161,115,152,49,54,197,123,74,37,94,118,124,168,34,108,44,196,167,15,156,21,73,82,137,86,181,68,9,45,138,126,143,160,173,18,199,12,7,136,89,46,164,4,84,122,25,23,77,57,186,170,176,72,154,172,59,11,182,139,135,191,48,50,56,92,147,67,32,61,38,165,193,28,174,16,91,88,70,71,162,20,188,144,184,8,157,78,128,101,185,76,80,100,30,134,27,195,97,58,151,175,6,1,117,2,169,142,131,158,62,120,3,95,149,107,55,14,13,111,52,148,83,129,24,150,103,105,69,159,40,116,140,99,106,194,180,178,192,109,66,145,102,110,171,0,85,104,17,53,155,146,63,31,183,65,125,190,10,130,5,39,113,43,187,179,96,141,98,114,64,79,42,119,132,75,163,133,81,153,166,189,33,35,36,22,112,93,19,87,121,51];False
3377;6633;10010;[198,29,90,41,127,60,177,47,26,161,115,152,49,54,197,123,74,37,94,118,124,168,34,108,174,196,167,15,156,21,73,82,137,86,181,68,9,45,138,126,143,160,173,18,199,12,7,136,89,46,164,4,84,122,25,23,77,57,186,170,176,72,154,172,59,11,182,139,135,191,48,50,56,92,147,67,32,61,38,165,193,28,44,16,91,88,70,71,162,20,188,144,184,8,157,78,128,101,110,76,80,100,30,134,27,195,97,58,151,175,6,1,117,2,169,142,131,158,62,120,3,95,149,107,55,14,13,111,52,148,83,129,24,150,103,105,69,159,40,116,140,99,106,194,180,178,192,109,66,145,102,185,171,0,85,104,17,53,155,146,63,31,183,65,125,190,10,130,5,39,113,43,187,179,96,141,98,114,64,79,42,119,132,75,163,133,81,153,166,189,33,35,36,22,112,93,19,87,121,51];False
3323;6650;9973;[198,29,90,41,127,60,177,47,26,161,115,152,49,54,197,123,74,37,94,118,124,168,34,108,174,196,167,15,156,21,73,82,137,86,181,68,9,45,138,126,143,160,173,18,199,12,7,136,89,46,164,4,84,122,25,23,77,57,186,170,176,72,154,172,59,11,182,139,135,191,48,50,56,92,147,67,32,61,38,165,193,28,44,16,91,88,70,71,162,20,188,144,184,8,157,78,128,101,185,76,80,100,30,134,27,195,97,58,151,175,6,1,117,2,169,142,131,158,62,120,3,95,149,107,55,14,13,111,112,148,83,129,24,150,103,105,69,159,40,116,140,99,106,194,180,178,192,109,66,145,102,110,171,0,85,104,17,53,155,146,63,31,183,65,125,190,10,130,5,39,113,43,187,179,96,141,98,114,64,79,42,119,132,75,163,133,81,153,166,189,33,35,36,22,52,93,19,87,121,51];False
3346;6639;9985;[198,29,90,41,127,60,177,47,26,161,115,152,49,54,197,123,74,37,94,118,124,168,34,108,174,196,167,15,156,21,73,82,137,86,181,68,9,45,138,126,143,160,173,18,199,12,7,136,89,46,164,4,84,122,25,23,77,57,186,170,176,72,154,172,59,11,182,139,135,191,48,50,56,92,147,67,32,61,38,165,193,28,44,16,91,88,70,71,162,20,188,144,184,8,157,78,128,101,185,76,80,100,30,134,27,195,97,58,151,175,6,1,117,2,169,142,131,158,62,120,3,95,149,107,55,14,13,111,52,148,83,129,24,150,103,140,69,159,40,116,105,99,106,194,180,178,192,109,66,145,102,110,171,0,85,104,17,53,155,146,63,31,183,65,125,190,10,130,5,39,113,43,187,179,96,141,98,114,64,79,42,119,132,75,163,133,81,153,166,189,33,35,36,22,112,93,19,87,121,51];False
3391;6624;10015;[198,29,90,41,127,60,177,47,26,161,115,152,49,54,197,123,74,37,94,118,124,168,34,108,174,196,167,15,156,21,73,82,137,86,181,68,9,45,138,126,143,160,173,18,199,12,7,136,89,46,164,4,84,122,25,23,77,57,186,170,176,72,154,172,59,11,182,139,135,191,48,50,56,92,147,67,32,61,38,165,193,28,44,16,91,88,70,71,162,20,188,144,184,8,157,78,128,101,185,76,80,100,30,134,27,195,97,58,151,175,6,1,117,2,169,142,131,158,62,120,3,95,149,107,55,14,13,111,52,148,83,129,24,150,103,105,69,159,40,104,140,99,106,194,180,178,192,109,66,145,102,110,171,0,85,116,17,53,155,146,63,31,183,65,125,190,10,130,5,39,113,43,187,179,96,141,98,114,64,79,42,119,132,75,163,133,81,153,166,189,33,35,36,22,112,93,19,87,121,51];False
3391;6622;10013;[198,29,90,41,127,60,177,47,26,161,115,152,49,54,197,123,74,37,94,118,124,168,34,108,174,196,167,15,156,21,73,82,137,86,181,68,9,45,138,126,143,160,173,18,199,12,7,136,89,46,164,4,84,122,25,23,77,57,186,170,176,72,154,172,59,11,182,139,135,191,48,50,56,92,147,67,32,61,38,165,193,28,44,16,91,88,70,71,162,20,188,144,184,8,157,78,128,101,185,76,80,100,30,134,27,195,97,58,151,175,6,1,117,2,169,142,131,158,62,120,3,95,149,107,55,14,13,111,52,148,83,129,24,150,103,105,69,159,40,116,104,99,106,194,180,178,192,109,66,145,102,110,171,0,85,140,17,53,155,146,63,31,183,65,125,190,10,130,5,39,113,43,187,179,96,141,98,114,64,79,42,119,132,75,163,133,81,153,166,189,33,35,36,22,112,93,19,87,121,51];True
3362;6629;9991;[198,29,90,41,127,60,177,47,26,161,115,152,49,54,197,123,74,37,94,118,124,168,34,108,174,196,167,15,156,21,73,82,137,86,181,68,9,45,138,126,143,160,173,18,199,12,7,136,89,46,164,4,84,122,25,23,77,57,186,170,176,72,154,172,59,11,182,139,135,191,48,50,56,92,147,67,32,61,38,165,193,28,44,16,91,88,70,71,162,20,188,144,184,8,157,78,128,101,185,76,80,100,30,134,27,195,97,58,151,175,6,1,117,2,169,142,131,158,62,120,3,95,149,107,55,14,13,111,52,148,83,129,24,150,103,105,69,159,40,116,140,99,106,194,180,178,192,10,66,145,102,110,171,0,85,104,17,53,155,146,63,31,183,65,125,190,109,130,5,39,113,43,187,179,96,141,98,114,64,79,42,119,132,75,163,133,81,153,166,189,33,35,36,22,112,93,19,87,121,51];True
3402;6619;10021;[198,29,90,41,127,60,177,47,26,161,115,152,49,54,197,123,74,37,94,118,124,168,17,108,174,196,167,15,156,21,73,82,137,86,181,68,9,45,138,126,143,160,173,18,199,12,7,136,89,46,164,4,84,122,25,23,77,57,186,170,176,72,154,172,59,11,182,139,135,191,48,50,56,92,147,67,32,61,38,165,193,28,44,16,91,88,70,71,162,20,188,144,184,8,157,78,128,101,185,76,80,100,30,134,27,2,97,58,151,175,6,1,117,195,169,142,131,158,62,120,3,95,149,107,55,14,13,111,52,148,83,129,24,150,103,105,69,159,40,116,104,99,106,194,180,178,192,109,66,145,102,110,171,0,85,140,34,53,155,146,63,31,183,65,125,190,10,130,5,39,113,43,187,179,96,141,98,114,64,79,42,119,132,75,163,133,81,153,166,189,33,35,36,22,112,93,19,87,121,51];True
3333;6648;9981;[198,29,90,41,127,60,177,47,26,161,115,152,49,54,197,123,74,37,94,118,124,168,34,108,174,196,167,15,156,21,73,82,137,86,181,68,9,45,138,126,143,160,173,18,199,12,7,136,89,46,164,4,84,122,25,23,77,57,186,170,176,72,154,172,59,11,182,139,135,191,48,50,56,92,147,67,32,61,38,165,193,28,44,16,91,88,70,71,162,20,188,144,184,8,157,78,128,101,185,76,80,100,30,134,27,2,97,58,151,175,6,1,117,195,169,142,131,158,62,120,3,95,149,107,55,14,13,111,112,148,83,129,24,150,103,105,69,159,40,116,104,99,106,194,180,178,192,109,66,145,102,110,171,0,85,140,17,53,155,146,63,31,183,65,125,190,10,130,5,39,113,43,187,179,96,141,98,114,64,79,42,119,132,75,163,133,81,153,166,189,33,35,36,22,52,93,19,87,121,51];False
3372;6627;9999;[198,29,90,41,127,60,177,47,26,161,115,152,49,54,197,123,74,37,94,118,124,168,34,108,174,196,167,15,156,21,73,82,137,86,181,68,9,45,138,126,143,160,173,18,199,12,7,136,89,46,164,4,84,122,25,23,77,57,186,170,176,72,154,172,59,11,182,139,135,191,48,50,56,92,147,67,32,61,38,165,193,28,44,16,91,88,70,71,162,20,188,144,184,8,157,78,128,101,185,76,80,100,30,134,27,2,97,58,151,175,6,1,117,195,169,142,131,158,62,120,3,95,149,107,55,14,13,111,52,148,83,129,24,150,103,105,69,159,40,116,104,99,106,194,180,178,192,10,66,145,102,110,171,0,85,140,17,53,155,146,63,31,183,65,125,190,109,130,5,39,113,43,187,179,96,141,98,114,64,79,42,119,132,75,163,133,81,153,166,189,33,35,36,22,112,93,19,87,121,51];False
3358;6638;9996;[198,29,90,41,127,60,177,47,26,161,115,152,49,54,197,123,74,37,94,118,124,168,34,108,174,196,167,15,156,21,73,82,137,86,181,68,9,45,138,126,143,160,173,18,199,12,7,136,89,46,164,4,84,122,25,23,77,57,186,170,176,72,154,172,59,11,182,139,135,191,48,50,56,92,147,67,32,61,38,165,193,28,44,16,91,88,70,71,162,20,188,144,184,8,157,78,128,101,110,76,80,100,30,134,27,2,97,58,151,175,6,1,117,195,169,142,131,158,62,120,3,95,149,107,55,14,13,111,52,148,83,129,24,150,103,105,69,159,40,116,140,99,106,194,180,178,192,10,66,145,102,185,171,0,85,104,17,53,155,146,63,31,183,65,125,190,109,130,5,39,113,43,187,179,96,141,98,114,64,79,42,119,132,75,163,133,81,153,166,189,33,35,36,22,112,93,19,87,121,51];False
3304;6655;9959;[198,29,90,41,127,60,177,47,26,161,115,152,49,54,197,123,74,37,94,118,124,168,34,108,174,196,167,15,156,21,73,82,137,86,181,68,9,45,138,126,143,160,173,18,199,12,7,136,89,46,164,4,84,122,25,23,77,57,186,170,176,72,154,172,59,11,182,139,135,191,48,50,56,92,147,67,32,61,38,165,193,28,44,16,91,88,70,71,162,20,188,144,184,8,157,78,128,101,185,76,80,100,30,134,27,2,97,58,151,175,6,1,117,195,169,142,131,158,62,120,3,95,149,107,55,14,13,111,112,148,83,129,24,150,103,105,69,159,40,116,140,99,106,194,180,178,192,10,66,145,102,110,171,0,85,104,17,53,155,146,63,31,183,65,125,190,109,130,5,39,113,43,187,179,96,141,98,114,64,79,42,119,132,75,163,133,81,153,166,189,33,35,36,22,52,93,19,87,121,51];False
3327;6644;9971;[198,29,90,41,127,60,177,47,26,161,115,152,49,54,197,123,74,37,94,118,124,168,34,108,174,196,167,15,156,21,73,82,137,86,181,68,9,45,138,126,143,160,173,18,199,12,7,136,89,46,164,4,84,122,25,23,77,57,186,170,176,72,154,172,59,11,182,139,135,191,48,50,56,92,147,67,32,61,38,165,193,28,44,16,91,88,70,71,162,20,188,144,184,8,157,78,128,101,185,76,80,100,30,134,27,2,97,58,151,175,6,1,117,195,169,142,131,158,62,120,3,95,149,107,55,14,13,111,52,148,83,129,24,150,103,140,69,159,40,116,105,99,106,194,180,178,192,10,66,145,102,110,171,0,85,104,17,53,155,146,63,31,183,65,125,190,109,130,5,39,113,43,187,179,96,141,98,114,64,79,42,119,132,75,163,133,81,153,166,189,33,35,36,22,112,93,19,87,121,51];False
3782;6555;10337;[198,29,90,41,187,60,177,47,26,161,115,152,49,54,197,123,74,37,94,118,124,168,34,108,174,196,167,15,156,21,73,82,137,86,181,68,9,45,138,126,143,160,173,18,171,199,7,136,89,46,164,4,84,122,25,23,77,57,186,170,176,72,154,172,59,11,182,139,135,191,48,50,56,92,147,67,32,61,38,165,193,28,44,125,91,88,70,71,162,20,188,144,184,8,157,78,128,101,185,76,80,100,30,134,27,2,97,58,151,175,6,1,117,195,169,142,131,158,62,120,3,95,149,107,55,14,13,111,52,148,83,129,24,150,103,105,69,159,40,116,140,99,106,194,180,178,192,109,66,145,102,110,12,0,85,104,17,53,155,146,63,31,183,65,16,190,10,130,5,39,113,43,127,179,96,141,98,114,64,79,42,119,132,75,163,133,81,153,166,189,33,35,36,22,112,93,19,87,121,51];False
3898;6535;10433;[198,29,90,41,187,60,177,47,26,161,115,152,49,54,197,123,74,37,94,118,124,168,34,108,174,196,167,15,156,21,73,82,137,86,181,68,9,45,138,126,143,160,173,18,12,199,7,136,89,46,164,4,84,122,25,23,77,57,186,170,176,72,154,172,59,11,182,139,135,191,48,50,56,92,147,67,32,61,38,165,193,28,44,125,91,88,70,71,162,20,188,144,184,8,157,78,128,101,185,76,80,100,30,134,27,2,97,58,151,175,6,1,117,113,169,142,131,158,62,120,3,95,149,107,55,14,13,111,52,148,83,129,24,150,103,105,69,159,40,116,140,99,106,194,180,178,192,109,66,145,102,110,171,0,85,104,17,53,155,146,63,31,183,65,16,190,10,130,5,39,195,43,127,179,96,141,98,114,64,79,42,119,132,75,163,133,81,153,166,189,33,35,36,22,112,93,19,87,121,51];False
3732;6555;10287;[198,29,90,41,187,60,177,47,26,89,115,152,49,54,197,123,74,37,94,118,124,168,34,108,174,196,167,15,156,21,73,82,137,86,181,68,9,45,138,126,143,160,173,18,199,12,7,161,136,46,164,4,84,122,25,23,77,57,186,170,176,72,154,172,59,11,182,139,135,191,48,50,56,92,147,67,32,61,38,165,193,28,44,125,91,88,70,71,162,20,188,144,184,8,157,78,128,101,185,76,80,100,30,134,27,2,97,58,151,175,6,1,117,195,169,142,131,158,62,120,3,95,149,107,55,14,13,111,52,148,83,129,24,150,103,105,69,159,40,116,140,99,106,194,180,178,192,109,66,145,102,110,171,0,85,104,17,53,155,146,63,31,183,65,16,190,10,130,5,39,113,43,127,179,96,141,98,114,64,79,42,119,132,75,163,133,81,153,166,189,33,35,36,22,112,93,19,87,121,51];True
3625;6576;10201;[198,29,90,41,187,179,177,47,26,161,115,152,49,54,197,123,74,37,94,118,124,168,34,108,174,196,167,15,156,21,73,82,137,86,181,68,9,45,138,126,143,160,173,18,199,12,7,136,89,46,164,4,84,122,25,23,77,57,186,170,176,72,154,172,59,11,182,139,135,191,48,50,56,92,147,67,32,61,19,165,193,28,44,125,91,88,70,71,162,20,188,144,184,8,157,78,128,101,185,76,80,100,30,134,27,2,97,58,151,175,6,1,117,195,169,142,131,158,62,120,3,95,149,107,55,14,13,111,52,148,83,129,24,150,103,105,69,159,40,116,140,99,106,194,180,178,192,109,66,145,102,110,171,0,85,104,17,53,155,146,63,31,183,65,16,190,10,130,5,39,113,43,127,60,96,141,98,114,64,79,42,119,132,75,163,133,81,153,166,189,33,35,36,22,112,93,38,87,121,51];False
3721;6559;10280;[198,29,90,41,187,60,177,47,26,161,115,152,49,54,197,123,74,37,94,118,124,168,34,108,174,196,167,15,156,21,73,82,137,86,181,68,9,45,138,126,143,160,173,18,171,12,7,136,89,46,164,4,84,122,25,23,77,57,186,170,176,72,154,172,59,11,182,139,135,191,48,50,56,92,147,67,32,61,19,165,193,28,44,125,91,88,70,71,162,20,188,144,184,8,157,78,128,101,185,76,80,100,30,134,27,2,97,58,151,175,6,1,117,195,169,142,131,158,62,120,3,95,149,107,55,14,13,111,52,148,83,129,24,150,103,105,69,159,40,116,140,99,106,194,180,178,192,109,66,145,102,110,199,0,85,104,17,53,155,146,63,31,183,65,16,190,10,130,5,39,113,43,127,179,96,141,98,114,64,79,42,119,132,75,163,133,81,153,166,189,33,35,36,22,112,93,38,87,121,51];False
3813;6542;10355;[198,29,90,41,187,60,177,47,26,161,115,152,49,54,197,123,74,37,94,118,124,168,34,108,174,196,167,15,156,21,73,82,137,86,181,68,9,45,138,126,143,160,173,18,199,12,7,136,89,46,164,4,84,122,25,23,77,57,186,170,176,72,154,172,59,11,182,139,135,191,48,50,56,92,147,67,32,61,19,165,193,28,44,125,91,88,70,71,162,20,188,144,184,8,157,78,128,101,185,76,80,100,30,134,27,2,97,58,151,175,6,1,117,113,169,142,131,158,62,120,3,95,149,107,55,14,13,111,52,148,83,129,24,150,103,105,69,159,40,116,140,99,106,194,180,178,192,109,66,145,102,110,171,0,85,104,17,53,155,146,63,31,183,65,16,190,10,130,5,39,195,43,127,179,96,141,98,114,64,79,42,119,132,75,163,133,81,153,166,189,33,35,36,22,112,93,38,87,121,51];True
3677;6568;10245;[198,29,90,41,187,60,177,47,26,161,115,152,49,54,197,123,74,37,94,118,124,168,34,108,174,196,167,15,156,21,73,82,137,86,181,68,9,45,138,126,143,160,173,18,199,12,7,136,89,46,164,4,84,122,25,23,77,57,186,170,176,72,154,172,59,11,182,139,135,191,48,50,56,92,147,67,32,61,19,165,193,28,44,125,91,88,70,71,162,20,188,144,184,8,157,78,128,101,185,76,80,100,30,134,27,2,97,58,151,175,6,1,117,195,169,142,131,158,62,120,3,95,149,107,55,14,13,111,52,148,83,129,24,150,103,105,69,159,40,116,104,99,106,194,180,178,192,109,66,145,102,110,171,0,85,140,17,53,155,146,63,31,183,65,16,190,10,130,5,39,113,43,127,179,96,141,98,114,64,79,42,119,132,75,163,133,81,153,166,189,33,35,36,22,112,93,38,87,121,51];False
3718;6560;10278;[198,29,90,41,187,179,177,47,26,161,115,152,49,54,197,123,74,37,94,118,124,168,34,108,174,196,167,15,156,21,73,82,137,86,181,68,9,45,138,126,143,160,173,18,199,12,7,136,89,46,164,4,84,122,25,23,77,57,186,170,176,72,154,172,59,11,182,139,135,191,48,50,56,92,147,67,32,61,38,165,193,28,44,125,91,88,70,71,162,20,188,144,184,8,157,78,128,101,185,76,80,100,30,134,27,2,97,58,151,175,6,1,117,113,169,142,131,158,62,120,3,95,149,107,55,14,13,111,52,148,83,129,24,150,103,105,69,159,40,116,140,99,106,194,180,178,192,109,66,145,102,110,171,0,85,104,17,53,155,146,63,31,183,65,16,190,10,130,5,39,195,43,127,60,96,141,98,114,64,79,42,119,132,75,163,133,81,153,166,189,33,35,36,22,112,93,19,87,121,51];False
3794;6552;10346;[198,29,90,41,187,60,179,47,26,161,115,152,49,54,197,123,74,37,94,118,124,168,34,108,174,196,167,15,156,21,73,82,137,86,181,68,9,45,138,126,143,160,173,18,199,12,7,136,89,46,164,4,84,122,25,23,77,57,186,170,176,72,154,172,59,11,182,139,135,191,48,50,56,92,147,67,32,61,38,165,193,28,44,125,91,88,70,71,162,20,188,144,184,8,157,78,128,101,185,76,80,100,30,134,27,2,97,58,151,175,6,1,117,113,169,142,131,158,62,120,3,95,149,107,55,14,13,111,52,148,83,129,24,150,103,105,69,159,40,116,140,99,106,194,180,178,192,109,66,145,102,110,171,0,85,104,17,53,155,146,63,31,183,65,16,190,10,130,5,39,195,43,127,177,96,141,98,114,64,79,42,119,132,75,163,133,81,153,166,189,33,35,36,22,112,93,19,87,121,51];False
3939;6532;10471;[198,29,90,41,187,60,177,47,26,161,115,152,49,54,197,123,74,37,94,118,124,168,34,108,174,196,167,15,156,21,73,82,137,86,181,68,9,45,138,126,143,160,136,18,199,12,7,173,89,46,164,4,84,122,25,23,77,57,186,170,176,72,154,172,59,11,182,139,135,191,48,50,56,92,147,67,32,61,38,165,193,28,44,125,91,88,70,71,162,20,188,144,184,8,157,78,128,101,185,76,80,100,30,134,27,2,97,58,151,175,6,1,117,113,169,142,131,158,62,120,3,95,149,107,55,14,13,111,52,148,83,129,24,150,103,105,69,159,40,116,140,99,106,194,180,178,192,109,66,145,102,110,171,0,85,104,17,53,155,146,63,31,183,65,16,190,10,130,5,39,195,43,127,179,96,141,98,114,64,79,42,119,132,75,163,133,81,153,166,189,33,35,36,22,112,93,19,87,121,51];False
3885;6539;10424;[198,29,90,41,187,60,177,47,26,161,115,152,49,54,197,123,74,37,94,118,124,168,34,108,174,196,167,15,156,21,73,82,137,86,181,68,9,45,138,126,143,160,173,18,175,12,7,136,89,46,164,4,84,122,25,23,77,57,186,170,176,72,154,172,59,11,182,139,135,191,48,50,56,92,147,67,32,61,38,165,193,28,44,125,91,88,70,71,162,20,188,144,184,8,157,78,128,101,185,76,80,100,30,134,27,2,97,58,151,199,6,1,117,113,169,142,131,158,62,120,3,95,149,107,55,14,13,111,52,148,83,129,24,150,103,105,69,159,40,116,140,99,106,194,180,178,192,109,66,145,102,110,171,0,85,104,17,53,155,146,63,31,183,65,16,190,10,130,5,39,195,43,127,179,96,141,98,114,64,79,42,119,132,75,163,133,81,153,166,189,33,35,36,22,112,93,19,87,121,51];False
3881;6538;10419;[198,29,90,41,187,60,177,47,26,161,115,152,49,54,197,123,74,37,94,118,124,168,34,108,174,196,167,15,156,21,73,82,137,86,181,68,9,45,138,126,143,160,173,18,199,12,7,89,136,46,164,4,84,122,25,23,77,57,186,170,176,72,154,172,59,11,182,139,135,191,48,50,56,92,147,67,32,61,38,165,193,28,44,125,91,88,70,71,162,20,188,144,184,8,157,78,128,101,185,76,80,100,30,134,27,2,97,58,151,175,6,1,117,113,169,142,131,158,62,120,3,95,149,107,55,14,13,111,52,148,83,129,24,150,103,105,69,159,40,116,140,99,106,194,180,178,192,109,66,145,102,110,171,0,85,104,17,53,155,146,63,31,183,65,16,190,10,130,5,39,195,43,127,179,96,141,98,114,64,79,42,119,132,75,163,133,81,153,166,189,33,35,36,22,112,93,19,87,121,51];False
3991;6527;10518;[198,29,90,41,187,60,177,47,26,161,115,152,49,54,197,123,74,37,94,118,124,168,34,108,174,196,167,15,156,21,73,82,137,86,181,68,9,45,138,126,143,160,173,18,199,12,7,38,89,46,164,4,84,122,25,23,77,57,186,170,176,72,154,172,59,11,182,139,135,191,48,50,56,92,147,67,32,61,136,165,193,28,44,125,91,88,70,71,162,20,188,144,184,8,157,78,128,101,185,76,80,100,30,134,27,2,97,58,151,175,6,1,117,113,169,142,131,158,62,120,3,95,149,107,55,14,13,111,52,148,83,129,24,150,103,105,69,159,40,116,140,99,106,194,180,178,192,109,66,145,102,110,171,0,85,104,17,53,155,146,63,31,183,65,16,190,10,130,5,39,195,43,127,179,96,141,98,114,64,79,42,119,132,75,163,133,81,153,166,189,33,35,36,22,112,93,19,87,121,51];False
3858;6540;10398;[198,29,90,41,187,60,177,47,26,161,115,152,49,54,197,123,74,37,94,118,124,168,34,108,174,196,167,15,156,21,73,82,137,86,181,68,9,45,138,126,143,160,173,18,199,12,7,136,89,46,164,4,84,122,25,23,77,57,186,170,176,72,154,172,59,98,182,139,135,191,48,50,56,92,147,67,32,61,38,165,193,28,44,125,91,88,70,71,162,20,188,144,184,8,157,78,128,101,185,76,80,100,30,134,27,2,97,58,151,175,6,1,117,113,169,142,131,158,62,120,3,95,149,107,55,14,13,111,52,148,83,129,24,150,103,105,69,159,40,116,140,99,106,194,180,178,192,109,66,145,102,110,171,0,85,104,17,53,155,146,63,31,183,65,16,190,10,130,5,39,195,43,127,179,96,141,11,114,64,79,42,119,132,75,163,133,81,153,166,189,33,35,36,22,112,93,19,87,121,51];False
3848;6539;10387;[198,29,90,41,187,60,177,47,26,161,115,152,49,54,197,123,74,37,94,118,124,168,34,108,174,196,167,15,156,21,73,82,137,86,181,68,9,45,138,126,143,160,173,18,199,12,7,136,89,46,164,4,84,122,25,23,77,57,186,170,176,72,154,172,59,11,182,139,135,191,48,50,56,92,147,67,32,38,61,165,193,28,44,125,91,88,70,71,162,20,188,144,184,8,157,78,128,101,185,76,80,100,30,134,27,2,97,58,151,175,6,1,117,113,169,142,131,158,62,120,3,95,149,107,55,14,13,111,52,148,83,129,24,150,103,105,69,159,40,116,140,99,106,194,180,178,192,109,66,145,102,110,171,0,85,104,17,53,155,146,63,31,183,65,16,190,10,130,5,39,195,43,127,179,96,141,98,114,64,79,42,119,132,75,163,133,81,153,166,189,33,35,36,22,112,93,19,87,121,51];False
3770;6554;10324;[198,29,90,41,187,60,177,47,26,161,115,152,49,54,197,123,74,37,94,118,124,168,34,108,174,196,167,15,156,21,73,82,137,86,181,68,9,45,138,126,143,160,173,18,199,12,7,136,89,46,164,4,84,122,25,23,77,57,186,170,176,72,154,172,59,11,182,139,135,191,48,50,56,92,147,67,32,61,38,165,193,28,44,125,91,88,70,71,162,20,188,144,184,8,157,78,128,101,185,76,80,100,30,134,27,2,97,58,151,175,6,1,117,113,169,142,131,158,62,120,3,95,149,107,55,14,13,111,52,148,83,129,24,150,103,105,69,159,40,104,140,99,106,194,180,178,192,109,66,145,102,110,171,0,85,116,17,53,155,146,63,31,183,65,16,190,10,130,5,39,195,43,127,179,96,141,98,114,64,79,42,119,132,75,163,133,81,153,166,189,33,35,36,22,112,93,19,87,121,51];False
3770;6552;10322;[198,29,90,41,187,60,177,47,26,161,115,152,49,54,197,123,74,37,94,118,124,168,34,108,174,196,167,15,156,21,73,82,137,86,181,68,9,45,138,126,143,160,173,18,199,12,7,136,89,46,164,4,84,122,25,23,77,57,186,170,176,72,154,172,59,11,182,139,135,191,48,50,56,92,147,67,32,61,38,165,193,28,44,125,91,88,70,71,162,20,188,144,184,8,157,78,128,101,185,76,80,100,30,134,27,2,97,58,151,175,6,1,117,113,169,142,131,158,62,120,3,95,149,107,55,14,13,111,52,148,83,129,24,150,103,105,69,159,40,116,104,99,106,194,180,178,192,109,66,145,102,110,171,0,85,140,17,53,155,146,63,31,183,65,16,190,10,130,5,39,195,43,127,179,96,141,98,114,64,79,42,119,132,75,163,133,81,153,166,189,33,35,36,22,112,93,19,87,121,51];False
3967;6531;10498;[198,29,90,41,187,60,177,47,26,161,115,152,49,54,197,123,74,37,94,118,124,168,34,108,174,196,167,15,156,21,73,82,137,86,181,68,9,45,138,126,143,160,173,18,199,12,7,136,89,46,164,4,84,122,25,23,77,57,186,170,176,72,154,172,59,11,182,139,135,191,48,50,56,92,147,67,32,61,38,165,193,28,44,125,91,88,70,71,162,20,188,144,184,8,157,78,128,101,185,76,80,100,30,134,27,2,97,58,151,175,6,1,117,113,169,142,131,158,62,120,3,95,149,107,55,14,13,111,52,148,83,129,24,150,103,105,69,159,40,116,140,99,106,194,180,178,192,109,19,145,102,110,171,0,85,104,17,53,155,146,63,31,183,65,16,190,10,130,5,39,195,43,127,179,96,141,98,114,64,79,42,119,132,75,163,133,81,153,166,189,33,35,36,22,112,93,66,87,121,51];False
3989;6527;10516;[198,29,90,41,187,60,177,47,26,161,115,152,49,54,197,123,74,37,94,118,124,168,34,108,174,196,167,15,156,21,73,82,172,86,181,68,9,45,138,126,143,160,173,18,199,12,7,163,89,46,164,4,84,122,25,23,77,57,186,170,176,72,154,136,59,11,182,139,135,191,48,50,56,92,147,67,32,61,38,165,193,28,44,125,91,88,70,71,162,20,188,144,184,8,157,78,128,101,185,76,80,100,30,134,27,2,97,58,151,175,6,1,117,113,169,142,131,158,62,120,3,95,149,107,55,14,13,111,52,148,83,129,24,150,103,105,69,159,40,116,140,99,106,194,180,178,192,109,66,145,102,110,171,0,85,104,17,53,155,146,63,31,183,65,16,190,10,130,5,39,195,43,127,179,96,141,98,114,64,79,42,119,132,75,137,133,81,153,166,189,33,35,36,22,112,93,19,87,121,51];False
3938;6533;10471;[198,29,90,41,187,60,177,47,26,161,115,152,49,54,197,123,74,37,94,118,124,168,34,108,174,196,167,15,156,21,73,82,172,86,181,68,9,45,138,126,143,160,173,18,199,12,7,136,89,46,164,4,84,122,25,23,77,57,186,170,176,72,154,75,59,11,182,139,135,191,48,50,56,92,147,67,32,61,38,165,193,28,44,125,91,88,70,71,162,20,188,144,184,8,157,78,128,101,185,76,80,100,30,134,27,2,97,58,151,175,6,1,117,113,169,142,131,158,62,120,3,95,149,107,55,14,13,111,52,148,83,129,24,150,103,105,69,159,40,116,140,99,106,194,180,178,192,109,66,145,102,110,171,0,85,104,17,53,155,146,63,31,183,65,16,190,10,130,5,39,195,43,127,179,96,141,98,114,64,79,42,119,132,163,137,133,81,153,166,189,33,35,36,22,112,93,19,87,121,51];False
4002;6525;10527;[198,29,90,41,187,60,177,47,26,161,115,152,49,54,197,123,74,37,94,118,124,168,34,108,174,196,167,15,156,21,73,82,172,86,181,68,9,45,138,126,143,160,173,18,199,12,7,136,89,46,164,4,84,122,25,23,77,57,186,170,176,72,154,163,59,11,182,139,135,191,48,50,56,92,147,67,32,61,19,165,193,28,44,125,91,88,70,71,162,20,188,144,184,8,157,78,128,101,185,76,80,100,30,134,27,2,97,58,151,175,6,1,117,113,169,142,131,158,62,120,3,95,149,107,55,14,13,111,52,148,83,129,24,150,103,105,69,159,40,116,140,99,106,194,180,178,192,109,66,145,102,110,171,0,85,104,17,53,155,146,63,31,183,65,16,190,10,130,5,39,195,43,127,179,96,141,98,114,64,79,42,119,132,75,137,133,81,153,166,189,33,35,36,22,112,93,38,87,121,51];False
3938;6532;10470;[198,29,90,41,187,60,177,47,26,161,115,152,49,54,197,123,74,37,94,118,124,168,34,108,174,196,167,15,156,21,73,82,172,86,181,68,9,45,138,126,143,160,173,18,171,12,7,136,89,46,164,4,84,122,25,23,77,57,186,170,176,72,154,137,133,11,182,139,135,191,48,50,56,92,147,67,32,61,38,165,193,28,44,125,91,88,70,71,162,20,188,144,184,8,157,78,128,101,185,76,80,100,30,134,27,2,97,58,151,175,6,1,117,113,169,142,131,158,62,120,3,95,149,107,55,14,13,111,52,148,83,129,24,150,103,105,69,159,40,116,140,99,106,194,180,178,192,109,66,145,102,110,199,0,85,104,17,53,155,146,63,31,183,65,16,190,10,130,5,39,195,43,127,179,96,141,98,114,64,79,42,119,132,75,163,59,81,153,166,189,33,35,36,22,112,93,19,87,121,51];False
3972;6528;10500;[198,29,90,41,187,60,177,47,26,161,115,152,49,54,197,123,74,37,94,118,124,168,34,108,174,196,167,15,156,21,73,82,172,86,181,68,9,45,138,126,143,160,173,18,199,12,7,136,89,46,164,4,84,122,25,23,77,57,186,170,176,72,154,137,133,11,182,139,135,191,48,50,56,92,147,67,32,38,61,165,193,28,44,125,91,88,70,71,162,20,188,144,184,8,157,78,128,101,185,76,80,100,30,134,27,2,97,58,151,175,6,1,117,113,169,142,131,158,62,120,3,95,149,107,55,14,13,111,52,148,83,129,24,150,103,105,69,159,40,116,140,99,106,194,180,178,192,109,66,145,102,110,171,0,85,104,17,53,155,146,63,31,183,65,16,190,10,130,5,39,195,43,127,179,96,141,98,114,64,79,42,119,132,75,163,59,81,153,166,189,33,35,36,22,112,93,19,87,121,51];False
3937;6531;10468;[198,29,90,41,187,60,177,47,26,161,115,152,49,54,197,123,74,37,94,118,124,168,34,108,174,196,167,15,156,21,73,82,172,86,181,68,9,45,138,126,143,160,173,18,199,12,7,136,89,46,164,4,84,122,25,23,77,57,186,170,176,72,154,137,133,11,182,139,135,191,48,50,56,92,147,67,32,61,19,165,193,28,44,125,91,88,70,71,162,20,188,144,184,8,157,78,128,101,185,76,80,100,30,134,27,2,97,58,151,175,6,1,117,113,169,142,131,158,62,120,3,95,149,107,55,14,13,111,52,148,83,129,24,150,103,105,69,159,40,116,140,99,106,194,180,178,192,109,66,145,102,110,171,0,85,104,17,53,155,146,63,31,183,65,16,190,10,130,5,39,195,43,127,179,96,141,98,114,64,79,42,119,132,75,163,59,81,153,166,189,33,35,36,22,112,93,38,87,121,51];False
3917;6534;10451;[198,29,90,41,187,60,177,47,26,161,115,152,49,54,197,123,74,37,94,118,124,168,34,108,174,196,167,15,156,21,73,82,172,86,181,68,9,45,138,126,143,160,173,18,199,12,7,136,89,46,164,4,84,122,25,23,77,57,186,170,176,72,154,137,133,11,182,139,135,191,48,50,56,92,147,67,32,61,38,165,193,28,44,125,91,88,70,71,162,20,188,144,184,8,157,78,128,101,185,76,80,100,30,134,27,2,97,58,151,175,6,1,117,113,169,142,131,158,62,120,3,95,149,107,55,14,13,111,52,148,83,129,24,150,103,105,69,159,40,116,140,99,106,194,180,178,192,109,66,145,102,110,171,0,85,104,17,53,155,146,63,31,183,65,16,190,10,130,5,59,195,43,127,179,96,141,98,114,64,79,42,119,132,75,163,39,81,153,166,189,33,35,36,22,112,93,19,87,121,51];False
3586;6580;10166;[198,29,90,41,127,60,177,47,26,89,115,152,49,54,197,123,74,37,94,118,124,168,34,108,174,196,167,15,156,21,73,82,137,86,181,68,9,45,138,126,143,160,173,18,171,12,7,161,136,46,164,4,84,122,25,23,77,57,186,170,176,72,154,172,59,11,182,139,135,191,48,50,56,92,147,67,32,61,38,165,193,28,44,125,91,88,70,71,162,20,188,144,184,8,157,78,128,101,185,76,80,100,30,134,27,2,97,58,151,175,6,1,117,195,169,142,131,158,62,120,3,95,149,107,55,14,13,111,52,148,83,129,24,150,103,105,69,159,40,116,140,99,106,194,180,178,192,109,66,145,102,110,199,0,85,104,17,53,155,146,63,31,183,65,16,190,10,130,5,39,113,43,187,179,96,141,98,114,64,79,42,119,132,75,163,133,81,153,166,189,33,35,36,22,112,93,19,87,121,51];False
3620;6576;10196;[198,29,90,41,127,60,177,47,26,89,115,152,49,54,197,123,74,37,94,118,124,168,34,108,174,196,167,15,156,21,73,82,137,86,181,68,9,45,138,126,143,160,173,18,199,12,7,161,136,46,164,4,84,122,25,23,77,57,186,170,176,72,154,172,59,11,182,139,135,191,48,50,56,92,147,67,32,38,61,165,193,28,44,125,91,88,70,71,162,20,188,144,184,8,157,78,128,101,185,76,80,100,30,134,27,2,97,58,151,175,6,1,117,195,169,142,131,158,62,120,3,95,149,107,55,14,13,111,52,148,83,129,24,150,103,105,69,159,40,116,140,99,106,194,180,178,192,109,66,145,102,110,171,0,85,104,17,53,155,146,63,31,183,65,16,190,10,130,5,39,113,43,187,179,96,141,98,114,64,79,42,119,132,75,163,133,81,153,166,189,33,35,36,22,112,93,19,87,121,51];True
3585;6579;10164;[198,29,90,41,127,60,177,47,26,89,115,152,49,54,197,123,74,37,94,118,124,168,34,108,174,196,167,15,156,21,73,82,137,86,181,68,9,45,138,126,143,160,173,18,199,12,7,161,136,46,164,4,84,122,25,23,77,57,186,170,176,72,154,172,59,11,182,139,135,191,48,50,56,92,147,67,32,61,19,165,193,28,44,125,91,88,70,71,162,20,188,144,184,8,157,78,128,101,185,76,80,100,30,134,27,2,97,58,151,175,6,1,117,195,169,142,131,158,62,120,3,95,149,107,55,14,13,111,52,148,83,129,24,150,103,105,69,159,40,116,140,99,106,194,180,178,192,109,66,145,102,110,171,0,85,104,17,53,155,146,63,31,183,65,16,190,10,130,5,39,113,43,187,179,96,141,98,114,64,79,42,119,132,75,163,133,81,153,166,189,33,35,36,22,112,93,38,87,121,51];True
3499;6597;10096;[198,29,90,41,127,60,177,47,26,89,115,152,49,54,197,123,74,37,94,118,124,168,34,108,174,196,167,15,156,21,73,82,137,86,181,68,9,45,138,126,143,160,173,18,199,12,7,161,136,46,164,4,84,122,25,23,77,57,186,170,176,72,154,172,59,11,182,139,135,191,48,50,56,92,147,67,32,61,38,165,193,28,44,16,91,88,70,71,162,20,188,144,184,8,157,78,128,101,185,76,80,100,30,134,27,2,97,58,151,175,6,1,117,195,169,142,131,158,62,120,3,95,149,107,55,14,13,111,52,148,83,129,24,150,103,105,69,159,40,116,140,99,106,194,180,178,192,109,66,145,102,110,171,0,85,104,17,53,155,146,63,31,183,65,125,190,10,130,5,39,113,43,187,179,96,141,98,114,64,79,42,119,132,75,163,133,81,153,166,189,33,35,36,22,112,93,19,87,121,51];True
3678;6563;10241;[198,29,90,41,127,60,177,47,26,89,115,152,49,54,197,123,74,37,94,118,124,168,34,108,174,196,167,15,156,21,73,82,137,86,181,68,9,45,138,126,143,160,173,18,199,12,7,161,136,46,164,4,84,122,25,23,77,57,186,170,176,72,154,172,59,11,182,139,135,191,48,50,56,92,147,67,32,61,38,165,193,28,44,125,91,88,70,71,162,20,188,144,184,8,157,78,128,101,185,76,80,100,30,134,27,2,97,58,151,175,6,1,117,113,169,142,131,158,62,120,3,95,149,107,55,14,13,111,52,148,83,129,24,150,103,105,69,159,40,116,140,99,106,194,180,178,192,109,66,145,102,110,171,0,85,104,17,53,155,146,63,31,183,65,16,190,10,130,5,39,195,43,187,179,96,141,98,114,64,79,42,119,132,75,163,133,81,153,166,189,33,35,36,22,112,93,19,87,121,51];True
3667;6567;10234;[198,29,90,41,127,60,177,47,26,161,115,152,49,54,197,123,74,37,94,118,124,168,34,108,174,196,167,15,156,21,73,82,137,86,181,68,9,45,138,126,143,160,173,18,171,12,7,136,89,46,164,4,84,122,25,23,77,57,186,170,176,72,154,172,59,11,182,139,135,191,48,50,56,92,147,67,32,61,19,165,193,28,44,125,91,88,70,71,162,20,188,144,184,8,157,78,128,101,185,76,80,100,30,134,27,2,97,58,151,175,6,1,117,113,169,142,131,158,62,120,3,95,149,107,55,14,13,111,52,148,83,129,24,150,103,105,69,159,40,116,140,99,106,194,180,178,192,109,66,145,102,110,199,0,85,104,17,53,155,146,63,31,183,65,16,190,10,130,5,39,195,43,187,179,96,141,98,114,64,79,42,119,132,75,163,133,81,153,166,189,33,35,36,22,112,93,38,87,121,51];True
4457;6446;10903;[198,29,90,41,137,79,179,47,26,161,115,152,172,59,197,123,31,37,94,118,124,168,34,108,174,196,167,15,156,21,73,82,187,86,181,68,9,45,138,126,143,160,91,18,171,195,7,173,89,46,164,4,84,122,25,23,77,57,186,170,176,72,154,49,76,98,182,139,135,183,51,50,56,92,147,67,32,38,87,165,193,28,44,125,6,88,70,71,162,20,191,61,184,8,157,78,128,101,185,39,80,100,30,134,27,2,97,58,158,62,95,1,117,113,169,142,131,110,54,120,3,136,149,107,55,14,13,111,52,148,83,129,24,150,103,105,69,159,40,116,48,99,106,194,180,178,192,109,66,145,102,151,199,0,85,104,17,53,155,121,140,74,188,65,16,190,10,130,5,175,12,43,127,60,42,141,11,114,64,96,177,119,132,75,163,133,81,153,166,189,33,35,36,22,112,93,19,144,146,63];False
4443;6452;10895;[198,29,90,41,187,79,179,47,26,161,115,152,172,59,197,123,31,37,94,118,124,168,34,108,174,196,167,15,156,21,73,82,137,86,181,68,9,45,138,126,143,160,91,18,171,195,7,173,89,46,164,4,84,122,25,23,77,57,186,170,176,72,154,49,76,98,182,139,135,183,140,50,56,92,147,67,32,38,87,165,193,28,44,125,6,88,70,71,162,20,191,61,184,8,157,78,128,101,185,39,80,100,30,134,27,2,97,58,158,62,95,1,117,113,169,142,131,110,54,120,3,136,149,107,55,14,13,111,52,148,83,129,24,150,103,105,69,159,40,116,48,99,106,194,180,178,192,109,66,145,102,151,199,0,85,104,17,53,155,121,51,74,188,65,16,190,10,130,5,175,12,43,127,60,42,141,11,114,64,96,177,119,132,75,163,133,81,153,166,189,33,35,36,22,112,93,19,144,146,63];False
4428;6453;10881;[198,29,90,41,187,79,179,47,26,161,115,152,172,59,197,123,31,37,94,118,124,168,34,108,174,196,167,15,156,21,73,82,137,86,181,68,9,45,138,126,143,160,91,18,171,195,7,173,89,46,164,4,84,122,25,23,77,57,186,170,176,72,154,49,76,98,182,139,135,183,51,50,56,92,147,67,32,38,87,165,193,28,44,125,6,88,70,71,162,20,191,61,184,8,157,78,128,101,185,39,80,100,30,134,27,2,97,58,110,62,95,1,117,113,169,142,131,158,54,120,3,136,149,107,55,14,13,111,52,148,83,129,24,150,103,105,69,159,40,116,48,99,106,194,180,178,192,109,66,145,102,151,199,0,85,104,17,53,155,121,140,74,188,65,16,190,10,130,5,175,12,43,127,60,42,141,11,114,64,96,177,119,132,75,163,133,81,153,166,189,33,35,36,22,112,93,19,144,146,63];False
4418;6456;10874;[198,29,90,41,187,79,179,47,26,161,115,152,172,59,197,123,31,37,94,118,124,168,34,108,174,196,167,15,156,21,73,82,137,86,181,68,9,45,138,126,143,160,91,18,171,195,7,173,89,46,164,4,84,122,25,23,77,57,186,170,176,72,154,49,76,98,182,139,135,183,51,50,56,92,147,67,32,38,87,165,193,28,44,125,6,88,70,71,162,20,191,61,184,8,157,78,128,101,185,39,80,100,30,134,27,2,97,58,158,62,95,1,117,113,169,142,131,110,54,120,3,136,149,107,55,14,13,111,52,148,83,129,24,150,103,105,69,159,40,116,48,99,106,194,180,178,192,10,66,145,102,151,199,0,85,104,17,53,155,121,140,74,188,65,16,190,109,130,5,175,12,43,127,60,42,141,11,114,64,96,177,119,132,75,163,133,81,153,166,189,33,35,36,22,112,93,19,144,146,63];False
4485;6440;10925;[198,29,90,41,187,60,179,47,26,161,115,152,172,59,197,123,31,37,94,118,124,168,34,108,174,196,167,15,156,21,73,82,137,86,181,68,9,45,138,126,143,160,91,18,171,195,7,173,89,46,164,4,84,122,25,23,77,57,186,170,176,72,154,49,76,11,182,139,135,183,51,50,56,92,147,67,32,38,87,165,193,28,44,125,6,88,70,71,162,20,191,61,184,8,157,78,128,101,185,39,80,100,30,134,27,2,97,58,158,62,95,1,117,113,169,142,131,110,54,120,3,136,149,107,55,14,13,111,52,148,83,129,24,150,103,105,69,159,40,116,48,99,106,194,180,178,192,109,66,145,102,151,199,0,85,104,17,53,155,121,140,74,188,65,16,190,10,130,5,175,12,43,127,79,42,177,98,114,64,96,141,119,132,75,163,133,81,153,166,189,33,35,36,22,112,93,19,144,146,63];False
4528;6434;10962;[198,29,90,41,187,60,179,47,26,161,115,152,172,59,197,123,31,37,94,118,124,168,34,108,174,196,167,15,156,21,73,82,137,86,181,68,9,45,138,126,143,160,91,18,171,195,7,173,89,46,164,4,84,122,25,23,77,57,186,170,176,72,154,49,76,98,182,139,135,183,51,50,56,92,147,67,32,38,87,165,193,28,44,125,6,88,70,71,162,20,191,61,184,8,157,78,128,101,185,39,80,100,30,134,27,2,97,58,158,62,95,1,117,113,169,142,131,110,54,120,3,136,149,107,55,14,13,111,52,148,83,129,24,150,103,105,69,159,40,116,48,99,106,194,180,178,192,109,66,145,102,114,199,0,85,104,17,53,155,121,140,74,188,65,16,190,10,130,5,175,12,43,127,79,42,141,11,151,96,64,177,119,132,75,163,133,81,153,166,189,33,35,36,22,112,93,19,144,146,63];True
5342;6357;11699;[198,29,90,41,187,60,179,47,26,161,115,152,163,59,197,123,106,20,94,118,124,168,34,108,174,196,167,15,156,21,73,82,172,86,181,68,9,45,138,126,143,160,91,18,171,195,7,173,23,144,164,4,84,122,25,89,77,57,186,170,176,3,154,49,76,98,182,139,135,183,51,50,56,92,147,67,32,38,87,165,193,28,44,125,6,88,70,71,162,194,191,61,184,8,72,78,128,101,185,39,80,100,30,134,27,2,97,58,158,62,95,1,117,113,169,142,131,110,54,120,157,136,149,107,55,14,13,111,52,148,83,129,24,150,103,105,69,159,40,116,99,63,31,53,180,178,192,109,66,145,102,151,199,0,85,104,17,37,48,146,140,74,188,65,16,190,10,130,5,175,12,43,127,79,42,141,11,114,64,96,177,119,132,75,137,133,81,153,166,189,33,35,36,22,112,93,19,46,121,155];True
5338;6358;11696;[198,29,90,41,187,60,179,47,26,161,115,89,163,59,197,123,106,37,94,118,124,168,34,108,174,196,167,15,156,21,73,82,172,86,181,68,9,45,138,126,143,160,91,18,171,195,7,173,23,144,164,4,84,122,25,152,77,57,186,170,176,3,154,49,39,98,182,139,135,20,51,50,56,92,147,67,32,38,87,165,193,28,44,125,6,88,70,71,162,194,191,61,184,8,72,78,128,101,185,76,80,100,30,134,27,2,97,58,158,62,95,1,117,113,169,142,131,110,54,120,157,136,149,107,55,14,13,111,52,148,83,129,24,150,103,105,69,159,40,116,99,63,31,53,180,178,192,109,66,145,102,151,199,0,85,104,17,183,48,146,140,74,188,65,16,190,10,130,5,175,12,43,127,79,42,141,11,114,64,96,177,119,132,75,137,133,81,153,166,189,33,35,36,22,112,93,19,46,121,155];False
5387;6353;11740;[198,29,90,41,187,60,179,47,26,161,115,152,163,59,197,123,106,37,94,118,124,168,34,108,174,196,167,15,156,21,73,82,172,86,181,68,9,45,138,126,143,160,91,18,171,195,7,173,23,144,164,4,84,122,25,89,77,57,186,170,176,3,154,49,39,98,182,139,65,20,51,50,56,92,147,67,32,38,87,165,193,28,44,125,6,88,70,71,162,194,191,61,184,8,72,78,128,101,185,76,80,100,30,134,27,2,97,58,158,62,95,1,117,113,169,142,131,110,54,120,157,136,149,107,55,14,13,111,52,148,83,129,24,150,103,105,69,159,40,116,99,63,31,53,180,178,192,109,66,145,102,151,199,0,85,104,17,183,48,146,140,74,188,135,16,190,10,130,5,175,12,43,127,79,42,141,11,114,64,96,177,119,132,75,137,133,81,153,166,189,33,35,36,22,112,93,19,46,121,155];True
5369;6356;11725;[198,29,90,41,187,60,179,47,26,161,115,152,163,59,197,123,106,37,94,118,124,168,34,108,174,196,167,15,156,21,73,82,172,86,181,68,9,45,138,126,143,160,91,18,171,12,7,173,89,144,164,4,84,122,25,23,77,57,186,170,176,3,154,49,39,98,182,139,65,20,51,50,56,92,147,67,32,38,87,165,193,28,44,125,6,88,70,71,162,194,191,61,184,8,72,78,128,101,185,76,80,100,30,134,27,2,97,58,158,62,95,1,117,113,169,142,131,110,54,120,157,136,149,107,55,14,13,111,52,148,83,129,24,150,103,105,69,159,40,116,99,63,31,53,180,178,192,109,66,145,102,151,199,0,85,104,17,183,48,146,140,74,188,135,16,190,10,130,5,175,195,43,127,79,42,141,11,114,64,96,177,119,132,75,137,133,81,153,166,189,33,35,36,22,112,93,19,46,121,155];True
5156;6369;11525;[198,29,90,41,187,60,179,47,26,161,115,152,163,59,197,123,106,37,94,118,124,168,34,108,174,196,167,15,156,21,73,82,172,86,181,68,9,45,138,126,143,160,91,18,171,195,7,173,89,144,164,4,84,122,25,23,77,57,186,170,176,3,154,49,76,98,182,139,65,20,51,50,56,92,147,67,32,38,87,165,193,28,44,125,6,88,70,71,162,194,191,61,184,8,72,78,128,101,185,39,80,100,30,134,27,2,97,58,158,62,95,1,117,113,169,142,131,110,54,120,157,136,149,107,55,14,13,111,52,148,83,129,24,150,103,105,69,159,40,116,99,63,31,53,180,178,192,109,66,145,102,151,199,0,85,104,17,183,48,146,140,74,188,135,16,190,10,130,5,175,12,43,127,79,42,141,11,114,64,96,177,119,132,75,137,133,81,153,166,189,33,35,36,22,112,93,19,46,121,155];True
5331;6358;11689;[198,29,90,41,187,60,179,47,26,161,115,152,163,59,197,123,106,37,94,118,124,168,34,108,174,196,167,15,156,21,73,82,172,86,181,68,9,45,138,126,143,160,91,18,171,195,7,173,89,144,164,4,84,122,25,23,77,57,186,170,176,3,154,49,39,98,182,139,65,20,51,50,56,92,147,67,32,38,87,165,193,28,44,125,6,88,70,71,162,194,191,61,184,8,72,78,128,101,185,76,80,131,30,134,27,2,97,58,158,62,95,1,117,113,169,142,100,110,54,120,157,136,149,107,55,14,13,111,52,148,83,129,24,150,103,105,69,159,40,116,99,63,31,53,180,178,192,109,66,145,102,151,199,0,85,104,17,183,48,146,140,74,188,135,16,190,10,130,5,175,12,43,127,79,42,141,11,114,64,96,177,119,132,75,137,133,81,153,166,189,33,35,36,22,112,93,19,46,121,155];True
3380;6626;10006;[198,29,90,41,127,60,177,47,26,161,115,152,49,54,197,123,74,37,94,118,124,168,34,108,174,196,167,15,156,21,73,82,137,86,181,68,9,45,138,126,143,160,173,18,199,12,7,136,89,46,164,4,84,122,25,23,77,57,186,170,176,72,154,172,59,11,182,139,135,191,48,50,56,92,147,67,32,61,19,165,193,28,44,16,91,88,70,71,162,20,188,144,184,8,157,78,128,101,185,76,80,100,30,134,27,195,97,58,151,175,6,1,117,2,169,142,131,158,62,120,3,95,149,107,55,14,13,111,52,148,83,129,24,150,103,105,69,159,40,116,140,99,106,194,180,178,192,10,66,145,102,110,171,0,85,104,17,53,155,146,63,31,183,65,125,190,109,130,5,39,113,43,187,179,96,141,98,114,64,79,42,119,132,75,163,133,81,153,166,189,33,35,36,22,112,93,38,87,121,51];True
3390;6624;10014;[198,29,90,41,127,60,177,47,26,161,115,152,49,54,197,123,74,37,94,118,124,168,34,108,174,196,167,15,156,21,73,82,137,86,181,68,9,45,138,126,143,160,173,18,199,12,7,136,89,46,164,4,84,122,25,23,77,57,186,170,176,72,154,172,59,11,182,139,135,191,48,50,56,92,147,67,32,61,19,165,193,28,44,16,91,88,70,71,162,20,188,144,184,8,157,78,128,101,185,76,80,100,30,134,27,2,97,58,151,175,6,1,117,195,169,142,131,158,62,120,3,95,149,107,55,14,13,111,52,148,83,129,24,150,103,105,69,159,40,116,104,99,106,194,180,178,192,10,66,145,102,110,171,0,85,140,17,53,155,146,63,31,183,65,125,190,109,130,5,39,113,43,187,179,96,141,98,114,64,79,42,119,132,75,163,133,81,153,166,189,33,35,36,22,112,93,38,87,121,51];False
3322;6652;9974;[198,29,90,41,127,60,177,47,26,161,115,152,49,54,197,123,74,37,94,118,124,168,34,108,174,196,167,15,156,21,73,82,137,86,181,68,9,45,138,126,143,160,173,18,199,12,7,136,89,46,164,4,84,122,25,23,77,57,186,170,176,72,154,172,59,11,182,139,135,191,48,50,56,92,147,67,32,61,19,165,193,28,44,16,91,88,70,71,162,20,188,144,184,8,157,78,128,101,185,76,80,100,30,134,27,2,97,58,151,175,6,1,117,195,169,142,131,158,62,120,3,95,149,107,55,14,13,111,112,148,83,129,24,150,103,105,69,159,40,116,140,99,106,194,180,178,192,10,66,145,102,110,171,0,85,104,17,53,155,146,63,31,183,65,125,190,109,130,5,39,113,43,187,179,96,141,98,114,64,79,42,119,132,75,163,133,81,153,166,189,33,35,36,22,52,93,38,87,121,51];False
3345;6641;9986;[198,29,90,41,127,60,177,47,26,161,115,152,49,54,197,123,74,37,94,118,124,168,34,108,174,196,167,15,156,21,73,82,137,86,181,68,9,45,138,126,143,160,173,18,199,12,7,136,89,46,164,4,84,122,25,23,77,57,186,170,176,72,154,172,59,11,182,139,135,191,48,50,56,92,147,67,32,61,19,165,193,28,44,16,91,88,70,71,162,20,188,144,184,8,157,78,128,101,185,76,80,100,30,134,27,2,97,58,151,175,6,1,117,195,169,142,131,158,62,120,3,95,149,107,55,14,13,111,52,148,83,129,24,150,103,140,69,159,40,116,105,99,106,194,180,178,192,10,66,145,102,110,171,0,85,104,17,53,155,146,63,31,183,65,125,190,109,130,5,39,113,43,187,179,96,141,98,114,64,79,42,119,132,75,163,133,81,153,166,189,33,35,36,22,112,93,38,87,121,51];False
3297;6660;9957;[198,29,90,41,127,60,42,47,26,161,115,152,49,54,197,123,74,37,94,118,124,168,34,108,174,196,167,15,156,21,73,82,137,86,181,68,9,45,138,126,143,160,173,18,199,12,7,136,89,46,164,4,84,122,25,23,77,57,186,170,176,72,154,172,59,11,182,139,135,191,48,50,56,92,147,67,32,61,38,165,193,28,44,16,91,88,70,71,162,20,188,144,184,8,157,78,128,101,185,76,80,100,30,134,27,195,97,58,151,175,6,1,117,2,169,142,131,158,62,120,3,95,149,107,55,14,13,111,112,148,83,129,24,150,103,105,69,159,40,116,140,99,106,194,180,178,192,109,66,145,102,110,171,0,85,104,17,53,155,146,63,31,183,65,125,190,10,130,5,39,113,43,187,179,96,141,98,114,64,79,177,119,132,75,163,133,81,153,166,189,33,35,36,22,52,93,19,87,121,51];False
3283;6673;9956;[198,29,90,41,127,60,177,47,26,161,115,152,49,54,197,168,74,37,94,118,124,123,34,108,174,196,167,15,156,21,73,82,137,86,181,68,9,45,138,126,143,160,173,18,199,12,7,136,89,46,164,4,84,122,25,23,77,57,186,170,176,72,154,172,59,11,182,139,135,191,48,50,56,92,147,67,32,61,38,165,193,28,44,16,91,88,70,71,162,20,188,144,184,8,157,78,128,101,185,76,80,100,30,134,27,195,97,58,151,175,6,1,117,2,169,142,131,158,62,120,3,95,149,107,55,14,13,111,112,148,83,129,24,150,103,105,69,159,40,116,140,99,106,194,180,178,192,109,66,145,102,110,171,0,85,104,17,53,155,146,63,31,183,65,125,190,10,130,5,39,113,43,187,179,96,141,98,114,64,79,42,119,132,75,163,133,81,153,166,189,33,35,36,22,52,93,19,87,121,51];False
3278;6683;9961;[198,29,90,41,127,60,177,47,26,161,115,152,49,54,197,123,74,37,94,118,124,168,34,108,174,196,167,15,156,21,73,82,137,86,181,68,9,45,138,126,143,160,173,18,199,12,7,136,89,46,164,4,84,122,24,23,77,57,186,170,176,72,154,172,59,11,182,139,135,191,48,50,56,92,147,67,32,61,38,165,193,28,44,16,91,88,70,71,162,20,188,144,184,8,157,78,128,101,185,76,80,100,30,134,27,195,97,58,151,175,6,1,117,2,169,142,131,158,62,120,3,95,149,107,55,14,13,111,112,148,83,129,25,150,103,105,69,159,40,116,140,99,106,194,180,178,192,109,66,145,102,110,171,0,85,104,17,53,155,146,63,31,183,65,125,190,10,130,5,39,113,43,187,179,96,141,98,114,64,79,42,119,132,75,163,133,81,153,166,189,33,35,36,22,52,93,19,87,121,51];False
3281;6679;9960;[198,29,90,41,127,60,177,47,26,161,115,152,49,54,197,123,74,37,94,118,124,168,34,108,174,196,167,15,156,21,73,82,137,86,181,68,9,45,138,126,143,160,173,18,199,12,7,136,89,46,164,4,84,122,25,23,77,57,186,170,176,72,154,172,59,11,182,139,135,191,48,50,56,92,147,67,112,61,38,165,193,28,44,16,91,88,70,71,162,20,188,144,184,8,157,78,128,101,185,76,80,100,30,134,27,195,97,58,151,175,6,1,117,2,169,142,131,158,62,120,3,95,149,107,55,14,13,111,32,148,83,129,24,150,103,105,69,159,40,116,140,99,106,194,180,178,192,109,66,145,102,110,171,0,85,104,17,53,155,146,63,31,183,65,125,190,10,130,5,39,113,43,187,179,96,141,98,114,64,79,42,119,132,75,163,133,81,153,166,189,33,35,36,22,52,93,19,87,121,51];False
3284;6668;9952;[198,29,90,41,127,60,177,47,26,161,115,152,49,54,197,123,74,37,94,118,124,168,34,108,174,196,167,15,156,21,73,82,137,86,181,68,9,45,138,126,143,160,173,18,199,12,7,136,89,46,164,4,84,122,25,23,77,57,186,170,176,72,154,172,59,11,182,139,135,191,48,50,56,92,147,67,32,61,38,165,193,28,44,16,91,88,70,71,162,20,188,144,184,8,157,78,128,101,110,76,80,100,30,134,27,195,97,58,151,175,6,1,117,2,169,142,131,158,62,120,3,95,149,107,55,14,13,111,112,148,83,129,24,150,103,105,69,159,40,116,140,99,106,194,180,178,192,109,66,145,102,185,171,0,85,104,17,53,155,146,63,31,183,65,125,190,10,130,5,39,113,43,187,179,96,141,98,114,64,79,42,119,132,75,163,133,81,153,166,189,33,35,36,22,52,93,19,87,121,51];False
3253;6674;9927;[198,29,90,41,127,60,177,47,26,161,115,152,49,54,197,123,74,37,94,118,124,168,34,108,174,196,167,15,156,21,73,82,137,86,181,68,9,45,138,126,143,160,173,18,199,12,7,136,89,46,164,4,84,122,25,23,77,57,186,170,176,72,154,172,59,11,182,139,135,191,48,50,56,92,147,67,32,61,38,165,193,28,44,16,91,88,70,71,162,20,188,144,184,8,157,78,128,101,185,76,80,100,30,134,27,195,97,58,151,175,6,1,117,2,169,142,131,158,62,120,3,95,149,107,55,14,13,111,112,148,83,129,24,150,103,140,69,159,40,116,105,99,106,194,180,178,192,109,66,145,102,110,171,0,85,104,17,53,155,146,63,31,183,65,125,190,10,130,5,39,113,43,187,179,96,141,98,114,64,79,42,119,132,75,163,133,81,153,166,189,33,35,36,22,52,93,19,87,121,51];False
3298;6659;9957;[198,29,90,41,127,60,177,47,26,161,115,152,49,54,197,123,74,37,94,118,124,168,34,108,174,196,167,15,156,21,73,82,137,86,181,68,9,45,138,126,143,160,173,18,199,12,7,136,89,46,164,4,84,122,25,23,77,57,186,170,176,72,154,172,59,11,182,139,135,191,48,50,56,92,147,67,32,61,38,165,193,28,44,16,91,88,70,71,162,20,188,144,184,8,157,78,128,101,185,76,80,100,30,134,27,195,97,58,151,175,6,1,117,2,169,142,131,158,62,120,3,95,149,107,55,14,13,111,112,148,83,129,24,150,103,105,69,159,40,104,140,99,106,194,180,178,192,109,66,145,102,110,171,0,85,116,17,53,155,146,63,31,183,65,125,190,10,130,5,39,113,43,187,179,96,141,98,114,64,79,42,119,132,75,163,133,81,153,166,189,33,35,36,22,52,93,19,87,121,51];False
3298;6657;9955;[198,29,90,41,127,60,177,47,26,161,115,152,49,54,197,123,74,37,94,118,124,168,34,108,174,196,167,15,156,21,73,82,137,86,181,68,9,45,138,126,143,160,173,18,199,12,7,136,89,46,164,4,84,122,25,23,77,57,186,170,176,72,154,172,59,11,182,139,135,191,48,50,56,92,147,67,32,61,38,165,193,28,44,16,91,88,70,71,162,20,188,144,184,8,157,78,128,101,185,76,80,100,30,134,27,195,97,58,151,175,6,1,117,2,169,142,131,158,62,120,3,95,149,107,55,14,13,111,112,148,83,129,24,150,103,105,69,159,40,116,104,99,106,194,180,178,192,109,66,145,102,110,171,0,85,140,17,53,155,146,63,31,183,65,125,190,10,130,5,39,113,43,187,179,96,141,98,114,64,79,42,119,132,75,163,133,81,153,166,189,33,35,36,22,52,93,19,87,121,51];False
3269;6664;9933;[198,29,90,41,127,60,177,47,26,161,115,152,49,54,197,123,74,37,94,118,124,168,34,108,174,196,167,15,156,21,73,82,137,86,181,68,9,45,138,126,143,160,173,18,199,12,7,136,89,46,164,4,84,122,25,23,77,57,186,170,176,72,154,172,59,11,182,139,135,191,48,50,56,92,147,67,32,61,38,165,193,28,44,16,91,88,70,71,162,20,188,144,184,8,157,78,128,101,185,76,80,100,30,134,27,195,97,58,151,175,6,1,117,2,169,142,131,158,62,120,3,95,149,107,55,14,13,111,112,148,83,129,24,150,103,105,69,159,40,116,140,99,106,194,180,178,192,10,66,145,102,110,171,0,85,104,17,53,155,146,63,31,183,65,125,190,109,130,5,39,113,43,187,179,96,141,98,114,64,79,42,119,132,75,163,133,81,153,166,189,33,35,36,22,52,93,19,87,121,51];False
3320;6649;9969;[198,29,90,41,127,60,42,47,26,161,115,152,49,54,197,123,74,37,94,118,124,168,34,108,174,196,167,15,156,21,73,82,137,86,181,68,9,45,138,126,143,160,173,18,199,12,7,136,89,46,164,4,84,122,25,23,77,57,186,170,176,72,154,172,59,11,182,139,135,191,48,50,56,92,147,67,32,61,38,165,193,28,44,16,91,88,70,71,162,20,188,144,184,8,157,78,128,101,185,76,80,100,30,134,27,195,97,58,151,175,6,1,117,2,169,142,131,158,62,120,3,95,149,107,55,14,13,111,52,148,83,129,24,150,103,140,69,159,40,116,105,99,106,194,180,178,192,109,66,145,102,110,171,0,85,104,17,53,155,146,63,31,183,65,125,190,10,130,5,39,113,43,187,179,96,141,98,114,64,79,177,119,132,75,163,133,81,153,166,189,33,35,36,22,112,93,19,87,121,51];False
3292;6653;9945;[198,29,90,41,127,60,177,47,26,161,115,152,49,54,197,123,74,37,94,118,124,168,34,108,174,196,167,15,156,21,73,82,137,86,181,68,9,45,138,126,143,160,173,18,199,12,7,136,89,46,164,4,84,122,25,23,77,57,186,170,176,72,154,172,59,11,182,139,135,191,48,50,56,92,147,67,32,61,38,165,193,28,44,16,91,88,70,71,162,20,188,144,184,8,157,78,128,101,185,76,80,100,30,134,27,195,97,58,151,175,6,1,117,2,169,142,131,158,62,120,3,95,149,107,55,14,13,111,52,148,83,129,24,150,103,140,69,159,40,116,105,99,106,194,180,178,192,10,66,145,102,110,171,0,85,104,17,53,155,146,63,31,183,65,125,190,109,130,5,39,113,43,187,179,96,141,98,114,64,79,42,119,132,75,163,133,81,153,166,189,33,35,36,22,112,93,19,87,121,51];False
3367;6628;9995;[198,29,90,41,127,60,177,47,26,161,115,152,49,54,197,123,74,37,94,118,124,168,17,108,174,196,167,15,156,21,73,82,137,86,181,68,9,45,138,126,143,160,173,18,199,12,7,136,89,46,164,4,84,122,25,23,77,57,186,170,176,72,154,172,59,11,182,139,135,191,48,50,56,92,147,67,32,61,38,165,193,28,44,16,91,88,70,71,162,20,188,144,184,8,157,78,128,101,185,76,80,100,30,134,27,195,97,58,151,175,6,1,117,2,169,142,131,158,62,120,3,95,149,107,55,14,13,111,52,148,83,129,24,150,103,105,69,159,40,116,104,99,106,194,180,178,192,109,66,145,102,110,171,0,85,140,34,53,155,146,63,31,183,65,125,190,10,130,5,39,113,43,187,179,96,141,98,114,64,79,42,119,132,75,163,133,81,153,166,189,33,35,36,22,112,93,19,87,121,51];False
3337;6636;9973;[198,29,90,41,127,60,177,47,26,161,115,152,49,54,197,123,74,37,94,118,124,168,34,108,174,196,167,15,156,21,73,82,137,86,181,68,9,45,138,126,143,160,173,18,199,12,7,136,89,46,164,4,84,122,25,23,77,57,186,170,176,72,154,172,59,11,182,139,135,191,48,50,56,92,147,67,32,61,38,165,193,28,44,16,91,88,70,71,162,20,188,144,184,8,157,78,128,101,185,76,80,100,30,134,27,195,97,58,151,175,6,1,117,2,169,142,131,158,62,120,3,95,149,107,55,14,13,111,52,148,83,129,24,150,103,105,69,159,40,116,104,99,106,194,180,178,192,10,66,145,102,110,171,0,85,140,17,53,155,146,63,31,183,65,125,190,109,130,5,39,113,43,187,179,96,141,98,114,64,79,42,119,132,75,163,133,81,153,166,189,33,35,36,22,112,93,19,87,121,51];False
3336;6639;9975;[198,29,90,41,127,60,42,47,26,161,115,152,49,54,197,123,74,37,94,118,124,168,34,108,174,196,167,15,156,21,73,82,137,86,181,68,9,45,138,126,143,160,173,18,199,12,7,136,89,46,164,4,84,122,25,23,77,57,186,170,176,72,154,172,59,11,182,139,135,191,48,50,56,92,147,67,32,61,38,165,193,28,44,16,91,88,70,71,162,20,188,144,184,8,157,78,128,101,185,76,80,100,30,134,27,195,97,58,151,175,6,1,117,2,169,142,131,158,62,120,3,95,149,107,55,14,13,111,52,148,83,129,24,150,103,105,69,159,40,116,140,99,106,194,180,178,192,10,66,145,102,110,171,0,85,104,17,53,155,146,63,31,183,65,125,190,109,130,5,39,113,43,187,179,96,141,98,114,64,79,177,119,132,75,163,133,81,153,166,189,33,35,36,22,112,93,19,87,121,51];False
3323;6647;9970;[198,29,90,41,127,60,177,47,26,161,115,152,49,54,197,123,74,37,94,118,124,168,34,108,174,196,167,15,156,21,73,82,137,86,181,68,9,45,138,126,143,160,173,18,199,12,7,136,89,46,164,4,84,122,25,23,77,57,186,170,176,72,154,172,59,11,182,139,135,191,48,50,56,92,147,67,32,61,38,165,193,28,44,16,91,88,70,71,162,20,188,144,184,8,157,78,128,101,110,76,80,100,30,134,27,195,97,58,151,175,6,1,117,2,169,142,131,158,62,120,3,95,149,107,55,14,13,111,52,148,83,129,24,150,103,105,69,159,40,116,140,99,106,194,180,178,192,10,66,145,102,185,171,0,85,104,17,53,155,146,63,31,183,65,125,190,109,130,5,39,113,43,187,179,96,141,98,114,64,79,42,119,132,75,163,133,81,153,166,189,33,35,36,22,112,93,19,87,121,51];False
3348;6633;9981;[198,29,90,41,127,60,177,47,26,161,115,152,49,54,197,123,74,37,94,118,124,168,17,108,174,196,167,15,156,21,73,82,137,86,181,68,9,45,138,126,143,160,173,18,199,12,7,136,89,46,164,4,84,122,25,23,77,57,186,170,176,72,154,172,59,11,182,139,135,191,48,50,56,92,147,67,32,61,38,165,193,28,44,16,91,88,70,71,162,20,188,144,184,8,157,78,128,101,185,76,80,100,30,134,27,2,97,58,151,175,6,1,117,195,169,142,131,158,62,120,3,95,149,107,55,14,13,111,52,148,83,129,24,150,103,105,69,159,40,116,104,99,106,194,180,178,192,10,66,145,102,110,171,0,85,140,34,53,155,146,63,31,183,65,125,190,109,130,5,39,113,43,187,179,96,141,98,114,64,79,42,119,132,75,163,133,81,153,166,189,33,35,36,22,112,93,19,87,121,51];True
3279;6662;9941;[198,29,90,41,127,60,177,47,26,161,115,152,49,54,197,123,74,37,94,118,124,168,34,108,174,196,167,15,156,21,73,82,137,86,181,68,9,45,138,126,143,160,173,18,199,12,7,136,89,46,164,4,84,122,25,23,77,57,186,170,176,72,154,172,59,11,182,139,135,191,48,50,56,92,147,67,32,61,38,165,193,28,44,16,91,88,70,71,162,20,188,144,184,8,157,78,128,101,185,76,80,100,30,134,27,2,97,58,151,175,6,1,117,195,169,142,131,158,62,120,3,95,149,107,55,14,13,111,112,148,83,129,24,150,103,105,69,159,40,116,104,99,106,194,180,178,192,10,66,145,102,110,171,0,85,140,17,53,155,146,63,31,183,65,125,190,109,130,5,39,113,43,187,179,96,141,98,114,64,79,42,119,132,75,163,133,81,153,166,189,33,35,36,22,52,93,19,87,121,51];False
3234;6679;9913;[198,29,90,41,127,60,177,47,26,161,115,152,49,54,197,123,74,37,94,118,124,168,34,108,174,196,167,15,156,21,73,82,137,86,181,68,9,45,138,126,143,160,173,18,199,12,7,136,89,46,164,4,84,122,25,23,77,57,186,170,176,72,154,172,59,11,182,139,135,191,48,50,56,92,147,67,32,61,38,165,193,28,44,16,91,88,70,71,162,20,188,144,184,8,157,78,128,101,185,76,80,100,30,134,27,2,97,58,151,175,6,1,117,195,169,142,131,158,62,120,3,95,149,107,55,14,13,111,112,148,83,129,24,150,103,140,69,159,40,116,105,99,106,194,180,178,192,10,66,145,102,110,171,0,85,104,17,53,155,146,63,31,183,65,125,190,109,130,5,39,113,43,187,179,96,141,98,114,64,79,42,119,132,75,163,133,81,153,166,189,33,35,36,22,52,93,19,87,121,51];False
3893;6536;10429;[198,29,90,41,187,60,177,47,26,161,115,152,49,54,197,123,74,37,94,118,124,168,34,108,174,196,167,15,156,21,73,82,137,86,181,68,9,45,138,126,143,160,173,18,171,199,7,136,89,46,164,4,84,122,25,23,77,57,186,170,176,72,154,172,59,11,182,139,135,191,48,50,56,92,147,67,32,61,38,165,193,28,44,125,91,88,70,71,162,20,188,144,184,8,157,78,128,101,185,76,80,100,30,134,27,2,97,58,151,175,6,1,117,113,169,142,131,158,62,120,3,95,149,107,55,14,13,111,52,148,83,129,24,150,103,105,69,159,40,116,140,99,106,194,180,178,192,109,66,145,102,110,12,0,85,104,17,53,155,146,63,31,183,65,16,190,10,130,5,39,195,43,127,179,96,141,98,114,64,79,42,119,132,75,163,133,81,153,166,189,33,35,36,22,112,93,19,87,121,51];False
3961;6530;10491;[198,29,90,41,187,60,177,47,26,161,115,152,49,54,197,123,74,37,94,118,124,168,34,108,174,196,167,15,156,21,73,82,137,86,181,68,9,45,138,126,143,160,173,18,12,199,7,136,89,46,164,4,84,122,25,23,77,57,186,170,176,72,154,172,59,98,182,139,135,191,48,50,56,92,147,67,32,61,38,165,193,28,44,125,91,88,70,71,162,20,188,144,184,8,157,78,128,101,185,76,80,100,30,134,27,2,97,58,151,175,6,1,117,113,169,142,131,158,62,120,3,95,149,107,55,14,13,111,52,148,83,129,24,150,103,105,69,159,40,116,140,99,106,194,180,178,192,109,66,145,102,110,171,0,85,104,17,53,155,146,63,31,183,65,16,190,10,130,5,39,195,43,127,179,96,141,11,114,64,79,42,119,132,75,163,133,81,153,166,189,33,35,36,22,112,93,19,87,121,51];False
3951;6529;10480;[198,29,90,41,187,60,177,47,26,161,115,152,49,54,197,123,74,37,94,118,124,168,34,108,174,196,167,15,156,21,73,82,137,86,181,68,9,45,138,126,143,160,173,18,12,199,7,136,89,46,164,4,84,122,25,23,77,57,186,170,176,72,154,172,59,11,182,139,135,191,48,50,56,92,147,67,32,38,61,165,193,28,44,125,91,88,70,71,162,20,188,144,184,8,157,78,128,101,185,76,80,100,30,134,27,2,97,58,151,175,6,1,117,113,169,142,131,158,62,120,3,95,149,107,55,14,13,111,52,148,83,129,24,150,103,105,69,159,40,116,140,99,106,194,180,178,192,109,66,145,102,110,171,0,85,104,17,53,155,146,63,31,183,65,16,190,10,130,5,39,195,43,127,179,96,141,98,114,64,79,42,119,132,75,163,133,81,153,166,189,33,35,36,22,112,93,19,87,121,51];False
3916;6532;10448;[198,29,90,41,187,60,177,47,26,161,115,152,49,54,197,123,74,37,94,118,124,168,34,108,174,196,167,15,156,21,73,82,137,86,181,68,9,45,138,126,143,160,173,18,12,199,7,136,89,46,164,4,84,122,25,23,77,57,186,170,176,72,154,172,59,11,182,139,135,191,48,50,56,92,147,67,32,61,19,165,193,28,44,125,91,88,70,71,162,20,188,144,184,8,157,78,128,101,185,76,80,100,30,134,27,2,97,58,151,175,6,1,117,113,169,142,131,158,62,120,3,95,149,107,55,14,13,111,52,148,83,129,24,150,103,105,69,159,40,116,140,99,106,194,180,178,192,109,66,145,102,110,171,0,85,104,17,53,155,146,63,31,183,65,16,190,10,130,5,39,195,43,127,179,96,141,98,114,64,79,42,119,132,75,163,133,81,153,166,189,33,35,36,22,112,93,38,87,121,51];False
3751;6553;10304;[198,29,90,41,187,60,177,47,26,89,115,152,49,54,197,123,74,37,94,118,124,168,34,108,174,196,167,15,156,21,73,82,137,86,181,68,9,45,138,126,143,160,173,18,171,12,7,161,136,46,164,4,84,122,25,23,77,57,186,170,176,72,154,172,59,11,182,139,135,191,48,50,56,92,147,67,32,61,38,165,193,28,44,125,91,88,70,71,162,20,188,144,184,8,157,78,128,101,185,76,80,100,30,134,27,2,97,58,151,175,6,1,117,195,169,142,131,158,62,120,3,95,149,107,55,14,13,111,52,148,83,129,24,150,103,105,69,159,40,116,140,99,106,194,180,178,192,109,66,145,102,110,199,0,85,104,17,53,155,146,63,31,183,65,16,190,10,130,5,39,113,43,127,179,96,141,98,114,64,79,42,119,132,75,163,133,81,153,166,189,33,35,36,22,112,93,19,87,121,51];False
3785;6549;10334;[198,29,90,41,187,60,177,47,26,89,115,152,49,54,197,123,74,37,94,118,124,168,34,108,174,196,167,15,156,21,73,82,137,86,181,68,9,45,138,126,143,160,173,18,199,12,7,161,136,46,164,4,84,122,25,23,77,57,186,170,176,72,154,172,59,11,182,139,135,191,48,50,56,92,147,67,32,38,61,165,193,28,44,125,91,88,70,71,162,20,188,144,184,8,157,78,128,101,185,76,80,100,30,134,27,2,97,58,151,175,6,1,117,195,169,142,131,158,62,120,3,95,149,107,55,14,13,111,52,148,83,129,24,150,103,105,69,159,40,116,140,99,106,194,180,178,192,109,66,145,102,110,171,0,85,104,17,53,155,146,63,31,183,65,16,190,10,130,5,39,113,43,127,179,96,141,98,114,64,79,42,119,132,75,163,133,81,153,166,189,33,35,36,22,112,93,19,87,121,51];False
3750;6552;10302;[198,29,90,41,187,60,177,47,26,89,115,152,49,54,197,123,74,37,94,118,124,168,34,108,174,196,167,15,156,21,73,82,137,86,181,68,9,45,138,126,143,160,173,18,199,12,7,161,136,46,164,4,84,122,25,23,77,57,186,170,176,72,154,172,59,11,182,139,135,191,48,50,56,92,147,67,32,61,19,165,193,28,44,125,91,88,70,71,162,20,188,144,184,8,157,78,128,101,185,76,80,100,30,134,27,2,97,58,151,175,6,1,117,195,169,142,131,158,62,120,3,95,149,107,55,14,13,111,52,148,83,129,24,150,103,105,69,159,40,116,140,99,106,194,180,178,192,109,66,145,102,110,171,0,85,104,17,53,155,146,63,31,183,65,16,190,10,130,5,39,113,43,127,179,96,141,98,114,64,79,42,119,132,75,163,133,81,153,166,189,33,35,36,22,112,93,38,87,121,51];True
3843;6536;10379;[198,29,90,41,187,60,177,47,26,89,115,152,49,54,197,123,74,37,94,118,124,168,34,108,174,196,167,15,156,21,73,82,137,86,181,68,9,45,138,126,143,160,173,18,199,12,7,161,136,46,164,4,84,122,25,23,77,57,186,170,176,72,154,172,59,11,182,139,135,191,48,50,56,92,147,67,32,61,38,165,193,28,44,125,91,88,70,71,162,20,188,144,184,8,157,78,128,101,185,76,80,100,30,134,27,2,97,58,151,175,6,1,117,113,169,142,131,158,62,120,3,95,149,107,55,14,13,111,52,148,83,129,24,150,103,105,69,159,40,116,140,99,106,194,180,178,192,109,66,145,102,110,171,0,85,104,17,53,155,146,63,31,183,65,16,190,10,130,5,39,195,43,127,179,96,141,98,114,64,79,42,119,132,75,163,133,81,153,166,189,33,35,36,22,112,93,19,87,121,51];True
3832;6540;10372;[198,29,90,41,187,60,177,47,26,161,115,152,49,54,197,123,74,37,94,118,124,168,34,108,174,196,167,15,156,21,73,82,137,86,181,68,9,45,138,126,143,160,173,18,171,12,7,136,89,46,164,4,84,122,25,23,77,57,186,170,176,72,154,172,59,11,182,139,135,191,48,50,56,92,147,67,32,61,19,165,193,28,44,125,91,88,70,71,162,20,188,144,184,8,157,78,128,101,185,76,80,100,30,134,27,2,97,58,151,175,6,1,117,113,169,142,131,158,62,120,3,95,149,107,55,14,13,111,52,148,83,129,24,150,103,105,69,159,40,116,140,99,106,194,180,178,192,109,66,145,102,110,199,0,85,104,17,53,155,146,63,31,183,65,16,190,10,130,5,39,195,43,127,179,96,141,98,114,64,79,42,119,132,75,163,133,81,153,166,189,33,35,36,22,112,93,38,87,121,51];False
3985;6525;10510;[198,29,90,41,187,60,177,47,26,161,115,152,49,54,197,123,74,37,94,118,124,168,34,108,174,196,167,15,156,21,73,82,172,86,181,68,9,45,138,126,143,160,173,18,199,12,7,163,89,46,164,4,84,122,25,23,77,57,186,170,176,72,154,75,59,11,182,139,135,191,48,50,56,92,147,67,32,61,38,165,193,28,44,125,91,88,70,71,162,20,188,144,184,8,157,78,128,101,185,76,80,100,30,134,27,2,97,58,151,175,6,1,117,113,169,142,131,158,62,120,3,95,149,107,55,14,13,111,52,148,83,129,24,150,103,105,69,159,40,116,140,99,106,194,180,178,192,109,66,145,102,110,171,0,85,104,17,53,155,146,63,31,183,65,16,190,10,130,5,39,195,43,127,179,96,141,98,114,64,79,42,119,132,136,137,133,81,153,166,189,33,35,36,22,112,93,19,87,121,51];False
3970;6528;10498;[198,29,90,41,187,60,177,47,26,161,115,152,49,54,197,123,74,37,94,118,124,168,34,108,174,196,167,15,156,21,73,82,172,86,181,68,9,45,138,126,143,160,173,18,199,12,7,136,89,46,164,4,84,122,25,23,77,57,186,170,176,72,154,137,133,11,182,139,135,191,48,50,56,92,147,67,32,38,61,165,193,28,44,125,91,88,70,71,162,20,188,144,184,8,157,78,128,101,185,76,80,100,30,134,27,2,97,58,151,175,6,1,117,113,169,142,131,158,62,120,3,95,149,107,55,14,13,111,52,148,83,129,24,150,103,105,69,159,40,116,140,99,106,194,180,178,192,109,66,145,102,110,171,0,85,104,17,53,155,146,63,31,183,65,16,190,10,130,5,59,195,43,127,179,96,141,98,114,64,79,42,119,132,75,163,39,81,153,166,189,33,35,36,22,112,93,19,87,121,51];False
3935;6531;10466;[198,29,90,41,187,60,177,47,26,161,115,152,49,54,197,123,74,37,94,118,124,168,34,108,174,196,167,15,156,21,73,82,172,86,181,68,9,45,138,126,143,160,173,18,199,12,7,136,89,46,164,4,84,122,25,23,77,57,186,170,176,72,154,137,133,11,182,139,135,191,48,50,56,92,147,67,32,61,19,165,193,28,44,125,91,88,70,71,162,20,188,144,184,8,157,78,128,101,185,76,80,100,30,134,27,2,97,58,151,175,6,1,117,113,169,142,131,158,62,120,3,95,149,107,55,14,13,111,52,148,83,129,24,150,103,105,69,159,40,116,140,99,106,194,180,178,192,109,66,145,102,110,171,0,85,104,17,53,155,146,63,31,183,65,16,190,10,130,5,59,195,43,127,179,96,141,98,114,64,79,42,119,132,75,163,39,81,153,166,189,33,35,36,22,112,93,38,87,121,51];False
3562;6584;10146;[198,29,90,41,127,60,177,47,26,89,115,152,49,54,197,123,74,37,94,118,124,168,34,108,174,196,167,15,156,21,73,82,137,86,181,68,61,45,138,126,143,160,173,18,199,12,7,161,136,46,164,4,84,122,25,23,77,57,186,170,176,72,154,172,59,11,182,139,135,191,48,50,56,92,147,67,32,38,9,165,193,28,44,125,91,88,70,71,162,20,188,144,184,8,157,78,128,101,185,76,80,100,30,134,27,2,97,58,151,175,6,1,117,195,169,142,131,158,62,120,3,95,149,107,55,14,13,111,52,148,83,129,24,150,103,105,69,159,40,116,140,99,106,194,180,178,192,109,66,145,102,110,171,0,85,104,17,53,155,146,63,31,183,65,16,190,10,130,5,39,113,43,187,179,96,141,98,114,64,79,42,119,132,75,163,133,81,153,166,189,33,35,36,22,112,93,19,87,121,51];True
3731;6557;10288;[198,29,90,41,127,60,177,47,26,89,115,152,49,54,197,123,74,37,94,118,124,168,34,108,174,196,167,15,156,21,73,82,137,86,181,68,9,45,138,126,143,160,173,18,199,12,7,161,136,46,164,4,84,122,25,23,77,57,186,170,176,72,154,172,59,11,182,139,135,191,48,50,56,92,147,67,32,38,61,165,193,28,44,125,91,88,70,71,162,20,188,144,184,8,157,78,128,101,185,76,80,100,30,134,27,2,97,58,151,175,6,1,117,113,169,142,131,158,62,120,3,95,149,107,55,14,13,111,52,148,83,129,24,150,103,105,69,159,40,116,140,99,106,194,180,178,192,109,66,145,102,110,171,0,85,104,17,53,155,146,63,31,183,65,16,190,10,130,5,39,195,43,187,179,96,141,98,114,64,79,42,119,132,75,163,133,81,153,166,189,33,35,36,22,112,93,19,87,121,51];False
3604;6577;10181;[198,29,90,41,127,60,177,47,26,89,115,152,49,54,197,123,74,37,94,118,124,168,34,108,174,196,167,15,156,21,73,82,137,86,181,68,9,45,138,126,143,160,173,18,171,12,7,161,136,46,164,4,84,122,25,23,77,57,186,170,176,72,154,172,59,11,182,139,135,191,48,50,56,92,147,67,32,61,19,165,193,28,44,125,91,88,70,71,162,20,188,144,184,8,157,78,128,101,185,76,80,100,30,134,27,2,97,58,151,175,6,1,117,195,169,142,131,158,62,120,3,95,149,107,55,14,13,111,52,148,83,129,24,150,103,105,69,159,40,116,140,99,106,194,180,178,192,109,66,145,102,110,199,0,85,104,17,53,155,146,63,31,183,65,16,190,10,130,5,39,113,43,187,179,96,141,98,114,64,79,42,119,132,75,163,133,81,153,166,189,33,35,36,22,112,93,38,87,121,51];True
3517;6594;10111;[198,29,90,41,127,60,177,47,26,89,115,152,49,54,197,123,74,37,94,118,124,168,34,108,174,196,167,15,156,21,73,82,137,86,181,68,9,45,138,126,143,160,173,18,199,12,7,161,136,46,164,4,84,122,25,23,77,57,186,170,176,72,154,172,59,11,182,139,135,191,48,50,56,92,147,67,32,61,19,165,193,28,44,16,91,88,70,71,162,20,188,144,184,8,157,78,128,101,185,76,80,100,30,134,27,2,97,58,151,175,6,1,117,195,169,142,131,158,62,120,3,95,149,107,55,14,13,111,52,148,83,129,24,150,103,105,69,159,40,116,140,99,106,194,180,178,192,109,66,145,102,110,171,0,85,104,17,53,155,146,63,31,183,65,125,190,10,130,5,39,113,43,187,179,96,141,98,114,64,79,42,119,132,75,163,133,81,153,166,189,33,35,36,22,112,93,38,87,121,51];True
3696;6560;10256;[198,29,90,41,127,60,177,47,26,89,115,152,49,54,197,123,74,37,94,118,124,168,34,108,174,196,167,15,156,21,73,82,137,86,181,68,9,45,138,126,143,160,173,18,199,12,7,161,136,46,164,4,84,122,25,23,77,57,186,170,176,72,154,172,59,11,182,139,135,191,48,50,56,92,147,67,32,61,19,165,193,28,44,125,91,88,70,71,162,20,188,144,184,8,157,78,128,101,185,76,80,100,30,134,27,2,97,58,151,175,6,1,117,113,169,142,131,158,62,120,3,95,149,107,55,14,13,111,52,148,83,129,24,150,103,105,69,159,40,116,140,99,106,194,180,178,192,109,66,145,102,110,171,0,85,104,17,53,155,146,63,31,183,65,16,190,10,130,5,39,195,43,187,179,96,141,98,114,64,79,42,119,132,75,163,133,81,153,166,189,33,35,36,22,112,93,38,87,121,51];True
4413;6457;10870;[198,29,90,41,137,79,179,47,26,161,115,152,172,59,197,123,31,37,94,118,124,168,34,108,174,196,167,15,156,21,73,82,187,86,181,68,9,45,138,126,143,160,91,18,171,195,7,173,89,46,164,4,84,122,25,23,77,57,186,170,176,72,154,49,76,98,182,139,135,183,51,50,56,92,147,67,32,38,87,165,193,28,44,125,6,88,70,71,162,20,191,61,184,8,157,78,128,101,185,39,80,100,30,134,27,2,97,58,110,62,95,1,117,113,169,142,131,158,54,120,3,136,149,107,55,14,13,111,52,148,83,129,24,150,103,105,69,159,40,116,48,99,106,194,180,178,192,109,66,145,102,151,199,0,85,104,17,53,155,121,140,74,188,65,16,190,10,130,5,175,12,43,127,60,42,141,11,114,64,96,177,119,132,75,163,133,81,153,166,189,33,35,36,22,112,93,19,144,146,63];False
4380;6461;10841;[198,29,90,41,187,79,179,47,26,161,115,152,172,59,197,123,31,37,94,118,124,168,34,108,174,196,167,15,156,21,73,82,137,86,181,68,9,45,138,126,143,160,91,18,171,195,7,173,89,46,164,4,84,122,25,23,77,57,186,170,176,72,154,49,76,98,182,139,135,183,51,50,56,92,147,67,32,38,87,165,193,28,44,125,6,88,70,71,162,20,191,61,184,8,157,78,128,101,185,39,80,100,30,134,27,2,97,131,110,62,95,1,117,113,169,142,58,158,54,120,3,136,149,107,55,14,13,111,52,148,83,129,24,150,103,105,69,159,40,116,48,99,106,194,180,178,192,109,66,145,102,151,199,0,85,104,17,53,155,121,140,74,188,65,16,190,10,130,5,175,12,43,127,60,42,141,11,114,64,96,177,119,132,75,163,133,81,153,166,189,33,35,36,22,112,93,19,144,146,63];False
4393;6458;10851;[198,29,90,41,187,79,179,47,26,161,115,152,172,59,197,123,31,37,94,118,124,168,34,108,174,196,167,15,156,21,73,82,137,86,181,68,9,45,138,126,143,160,91,18,171,195,7,173,89,46,164,4,84,122,25,23,77,57,186,170,176,72,154,49,76,11,182,139,135,183,51,50,56,92,147,67,32,38,87,165,193,28,44,125,6,88,70,71,162,20,191,61,184,8,157,78,128,101,185,39,80,100,30,134,27,2,97,58,158,62,95,1,117,113,169,142,131,110,54,120,3,136,149,107,55,14,13,111,52,148,83,129,24,150,103,105,69,159,40,116,48,99,106,194,180,178,192,109,66,145,102,151,199,0,85,104,17,53,155,121,140,74,188,65,16,190,10,130,5,175,12,43,127,60,42,177,98,114,64,96,141,119,132,75,163,133,81,153,166,189,33,35,36,22,112,93,19,144,146,63];False
4421;6450;10871;[198,29,90,41,187,60,42,47,26,161,115,152,172,59,197,123,31,37,94,118,124,168,34,108,174,196,167,15,156,21,73,82,137,86,181,68,9,45,138,126,143,160,91,18,171,195,7,173,89,46,164,4,84,122,25,23,77,57,186,170,176,72,154,49,76,11,182,139,135,183,51,50,56,92,147,67,32,38,87,165,193,28,44,125,6,88,70,71,162,20,191,61,184,8,157,78,128,101,185,39,80,100,30,134,27,2,97,58,158,62,95,1,117,113,169,142,131,110,54,120,3,136,149,107,55,14,13,111,52,148,83,129,24,150,103,105,69,159,40,116,48,99,106,194,180,178,192,109,66,145,102,151,199,0,85,104,17,53,155,121,140,74,188,65,16,190,10,130,5,175,12,43,127,79,179,177,98,114,64,96,141,119,132,75,163,133,81,153,166,189,33,35,36,22,112,93,19,144,146,63];True
4507;6439;10946;[198,29,90,41,187,60,179,47,26,161,115,152,172,59,197,123,17,37,94,118,124,168,34,108,174,196,167,15,156,21,73,82,137,86,181,68,9,45,138,126,143,160,91,18,171,195,7,173,89,46,164,4,84,122,25,23,77,57,186,170,176,72,154,49,76,11,182,139,135,183,51,50,56,92,147,67,32,38,87,165,193,28,44,125,6,88,70,71,162,20,191,61,184,8,157,78,128,101,185,39,80,100,30,134,27,2,97,58,158,62,95,1,117,113,169,142,131,110,54,120,3,136,149,107,55,14,13,111,52,148,83,129,24,150,103,105,69,159,40,116,48,99,106,194,180,178,192,109,66,145,102,151,199,0,85,104,31,53,155,121,140,74,188,65,16,190,10,130,5,175,12,43,127,79,42,177,98,114,64,96,141,119,132,75,163,133,81,153,166,189,33,35,36,22,112,93,19,144,146,63];False
4502;6439;10941;[198,29,90,41,187,60,179,47,26,161,115,152,172,59,197,123,31,37,94,118,124,168,34,108,174,196,167,15,156,21,73,82,137,86,181,68,9,45,138,126,143,160,91,18,171,195,7,173,89,144,164,4,84,122,25,23,77,57,186,170,176,72,154,49,76,11,182,139,135,183,51,50,56,92,147,67,32,38,87,165,193,28,44,125,6,88,70,71,162,20,191,61,184,8,157,78,128,101,185,39,80,100,30,134,27,2,97,58,158,62,95,1,117,113,169,142,131,110,54,120,3,136,149,107,55,14,13,111,52,148,83,129,24,150,103,105,69,159,40,116,48,99,106,194,180,178,192,109,66,145,102,151,199,0,85,104,17,53,155,121,140,74,188,65,16,190,10,130,5,175,12,43,127,79,42,177,98,114,64,96,141,119,132,75,163,133,81,153,166,189,33,35,36,22,112,93,19,46,146,63];False
4511;6435;10946;[198,29,90,41,187,60,179,47,26,161,115,152,172,59,197,123,31,37,94,118,124,168,34,108,174,196,167,15,156,21,73,82,137,86,181,68,9,45,138,126,143,160,91,18,171,195,7,173,89,46,164,4,84,122,25,23,77,57,186,170,176,72,154,49,39,11,182,139,135,183,51,50,56,92,147,67,32,38,87,165,193,28,44,125,6,88,70,71,162,20,191,61,184,8,157,78,128,101,185,76,80,100,30,134,27,2,97,58,158,62,95,1,117,113,169,142,131,110,54,120,3,136,149,107,55,14,13,111,52,148,83,129,24,150,103,105,69,159,40,116,48,99,106,194,180,178,192,109,66,145,102,151,199,0,85,104,17,53,155,121,140,74,188,65,16,190,10,130,5,175,12,43,127,79,42,177,98,114,64,96,141,119,132,75,163,133,81,153,166,189,33,35,36,22,112,93,19,144,146,63];True
5291;6360;11651;[198,29,90,41,187,60,179,47,26,161,115,152,163,59,197,123,106,37,94,118,124,168,34,108,174,196,167,15,156,21,73,82,172,86,181,68,9,45,138,126,143,160,91,18,171,195,7,173,23,144,164,4,84,122,25,89,77,57,186,170,176,3,154,49,76,98,182,139,65,20,51,50,56,92,147,67,32,38,87,165,193,28,44,125,6,88,70,71,162,194,191,61,184,8,72,78,128,101,185,39,80,100,30,134,27,2,97,58,158,62,95,1,117,113,169,142,131,110,54,120,157,136,149,107,55,14,13,111,52,148,83,129,24,150,103,105,69,159,40,116,99,63,31,53,180,178,192,109,66,145,102,151,199,0,85,104,17,183,48,146,140,74,188,135,16,190,10,130,5,175,12,43,127,79,42,141,11,114,64,96,177,119,132,75,137,133,81,153,166,189,33,35,36,22,112,93,19,46,121,155];True
5235;6365;11600;[198,29,90,41,187,60,179,47,26,161,115,152,163,59,197,123,106,37,94,118,124,168,34,108,174,196,167,15,156,21,73,82,172,86,181,68,9,45,138,126,143,160,91,18,171,195,7,173,89,144,164,4,84,122,25,23,77,57,186,170,176,3,154,49,76,98,182,139,65,20,51,50,56,92,147,67,32,38,87,165,193,28,44,125,6,88,70,71,162,194,191,61,184,8,72,78,128,101,185,39,80,131,30,134,27,2,97,58,158,62,95,1,117,113,169,142,100,110,54,120,157,136,149,107,55,14,13,111,52,148,83,129,24,150,103,105,69,159,40,116,99,63,31,53,180,178,192,109,66,145,102,151,199,0,85,104,17,183,48,146,140,74,188,135,16,190,10,130,5,175,12,43,127,79,42,141,11,114,64,96,177,119,132,75,137,133,81,153,166,189,33,35,36,22,112,93,19,46,121,155];True
3287;6661;9948;[198,29,90,41,127,60,177,47,26,161,115,152,49,54,197,123,74,37,94,118,124,168,34,108,174,196,167,15,156,21,73,82,137,86,181,68,9,45,138,126,143,160,173,18,199,12,7,136,89,46,164,4,84,122,25,23,77,57,186,170,176,72,154,172,59,11,182,139,135,191,48,50,56,92,147,67,32,61,19,165,193,28,44,16,91,88,70,71,162,20,188,144,184,8,157,78,128,101,185,76,80,100,30,134,27,195,97,58,151,175,6,1,117,2,169,142,131,158,62,120,3,95,149,107,55,14,13,111,112,148,83,129,24,150,103,105,69,159,40,116,140,99,106,194,180,178,192,10,66,145,102,110,171,0,85,104,17,53,155,146,63,31,183,65,125,190,109,130,5,39,113,43,187,179,96,141,98,114,64,79,42,119,132,75,163,133,81,153,166,189,33,35,36,22,52,93,38,87,121,51];False
3310;6650;9960;[198,29,90,41,127,60,177,47,26,161,115,152,49,54,197,123,74,37,94,118,124,168,34,108,174,196,167,15,156,21,73,82,137,86,181,68,9,45,138,126,143,160,173,18,199,12,7,136,89,46,164,4,84,122,25,23,77,57,186,170,176,72,154,172,59,11,182,139,135,191,48,50,56,92,147,67,32,61,19,165,193,28,44,16,91,88,70,71,162,20,188,144,184,8,157,78,128,101,185,76,80,100,30,134,27,195,97,58,151,175,6,1,117,2,169,142,131,158,62,120,3,95,149,107,55,14,13,111,52,148,83,129,24,150,103,140,69,159,40,116,105,99,106,194,180,178,192,10,66,145,102,110,171,0,85,104,17,53,155,146,63,31,183,65,125,190,109,130,5,39,113,43,187,179,96,141,98,114,64,79,42,119,132,75,163,133,81,153,166,189,33,35,36,22,112,93,38,87,121,51];False
3227;6684;9911;[198,29,90,41,127,60,42,47,26,161,115,152,49,54,197,123,74,37,94,118,124,168,34,108,174,196,167,15,156,21,73,82,137,86,181,68,9,45,138,126,143,160,173,18,199,12,7,136,89,46,164,4,84,122,25,23,77,57,186,170,176,72,154,172,59,11,182,139,135,191,48,50,56,92,147,67,32,61,38,165,193,28,44,16,91,88,70,71,162,20,188,144,184,8,157,78,128,101,185,76,80,100,30,134,27,195,97,58,151,175,6,1,117,2,169,142,131,158,62,120,3,95,149,107,55,14,13,111,112,148,83,129,24,150,103,140,69,159,40,116,105,99,106,194,180,178,192,109,66,145,102,110,171,0,85,104,17,53,155,146,63,31,183,65,125,190,10,130,5,39,113,43,187,179,96,141,98,114,64,79,177,119,132,75,163,133,81,153,166,189,33,35,36,22,52,93,19,87,121,51];False
3214;6692;9906;[198,29,90,41,127,60,177,47,26,161,115,152,49,54,197,123,74,37,94,118,124,168,34,108,174,196,167,15,156,21,73,82,137,86,181,68,9,45,138,126,143,160,173,18,199,12,7,136,89,46,164,4,84,122,25,23,77,57,186,170,176,72,154,172,59,11,182,139,135,191,48,50,56,92,147,67,32,61,38,165,193,28,44,16,91,88,70,71,162,20,188,144,184,8,157,78,128,101,110,76,80,100,30,134,27,195,97,58,151,175,6,1,117,2,169,142,131,158,62,120,3,95,149,107,55,14,13,111,112,148,83,129,24,150,103,140,69,159,40,116,105,99,106,194,180,178,192,109,66,145,102,185,171,0,85,104,17,53,155,146,63,31,183,65,125,190,10,130,5,39,113,43,187,179,96,141,98,114,64,79,42,119,132,75,163,133,81,153,166,189,33,35,36,22,52,93,19,87,121,51];False
3199;6688;9887;[198,29,90,41,127,60,177,47,26,161,115,152,49,54,197,123,74,37,94,118,124,168,34,108,174,196,167,15,156,21,73,82,137,86,181,68,9,45,138,126,143,160,173,18,199,12,7,136,89,46,164,4,84,122,25,23,77,57,186,170,176,72,154,172,59,11,182,139,135,191,48,50,56,92,147,67,32,61,38,165,193,28,44,16,91,88,70,71,162,20,188,144,184,8,157,78,128,101,185,76,80,100,30,134,27,195,97,58,151,175,6,1,117,2,169,142,131,158,62,120,3,95,149,107,55,14,13,111,112,148,83,129,24,150,103,140,69,159,40,116,105,99,106,194,180,178,192,10,66,145,102,110,171,0,85,104,17,53,155,146,63,31,183,65,125,190,109,130,5,39,113,43,187,179,96,141,98,114,64,79,42,119,132,75,163,133,81,153,166,189,33,35,36,22,52,93,19,87,121,51];False
3243;6674;9917;[198,29,90,41,127,60,42,47,26,161,115,152,49,54,197,123,74,37,94,118,124,168,34,108,174,196,167,15,156,21,73,82,137,86,181,68,9,45,138,126,143,160,173,18,199,12,7,136,89,46,164,4,84,122,25,23,77,57,186,170,176,72,154,172,59,11,182,139,135,191,48,50,56,92,147,67,32,61,38,165,193,28,44,16,91,88,70,71,162,20,188,144,184,8,157,78,128,101,185,76,80,100,30,134,27,195,97,58,151,175,6,1,117,2,169,142,131,158,62,120,3,95,149,107,55,14,13,111,112,148,83,129,24,150,103,105,69,159,40,116,140,99,106,194,180,178,192,10,66,145,102,110,171,0,85,104,17,53,155,146,63,31,183,65,125,190,109,130,5,39,113,43,187,179,96,141,98,114,64,79,177,119,132,75,163,133,81,153,166,189,33,35,36,22,52,93,19,87,121,51];False
3266;6673;9939;[198,29,90,41,127,60,177,47,26,161,115,152,49,54,197,123,74,37,94,118,124,168,34,108,174,196,167,15,156,21,73,82,137,86,181,68,9,45,55,126,143,160,173,18,199,12,7,136,89,46,164,4,84,122,25,23,77,57,186,170,176,72,154,172,59,11,182,139,135,191,48,50,56,92,147,67,32,61,38,165,193,28,44,16,91,88,70,71,162,20,188,144,184,8,157,78,128,101,185,76,80,100,30,134,27,195,97,58,151,175,6,1,117,2,169,142,131,158,62,120,3,95,149,107,138,14,13,111,112,148,83,129,24,150,103,105,69,159,40,116,140,99,106,194,180,178,192,10,66,145,102,110,171,0,85,104,17,53,155,146,63,31,183,65,125,190,109,130,5,39,113,43,187,179,96,141,98,114,64,79,42,119,132,75,163,133,81,153,166,189,33,35,36,22,52,93,19,87,121,51];False
3230;6682;9912;[198,29,90,41,127,60,177,47,26,161,115,152,49,54,197,123,74,37,94,118,124,168,34,108,174,196,167,15,156,21,73,82,137,86,181,68,9,45,138,126,143,160,173,18,199,12,7,136,89,46,164,4,84,122,25,23,77,57,186,170,176,72,154,172,59,11,182,139,135,191,48,50,56,92,147,67,32,61,38,165,193,28,44,16,91,88,70,71,162,20,188,144,184,8,157,78,128,101,110,76,80,100,30,134,27,195,97,58,151,175,6,1,117,2,169,142,131,158,62,120,3,95,149,107,55,14,13,111,112,148,83,129,24,150,103,105,69,159,40,116,140,99,106,194,180,178,192,10,66,145,102,185,171,0,85,104,17,53,155,146,63,31,183,65,125,190,109,130,5,39,113,43,187,179,96,141,98,114,64,79,42,119,132,75,163,133,81,153,166,189,33,35,36,22,52,93,19,87,121,51];False
3244;6673;9917;[198,29,90,41,127,60,177,47,26,161,115,152,49,54,197,123,74,37,94,118,124,168,34,108,174,196,167,15,156,21,73,82,137,86,181,68,9,45,138,126,143,160,173,18,199,12,7,136,89,46,164,4,84,122,25,23,77,57,186,170,176,72,154,172,59,11,182,139,135,191,48,50,56,92,147,67,32,61,38,165,193,28,44,16,91,88,70,71,162,20,188,144,184,8,157,78,128,101,185,76,80,100,30,134,27,195,97,58,151,175,6,1,117,2,169,142,131,158,62,120,3,95,149,107,55,14,13,111,112,148,83,129,24,150,103,105,69,159,40,104,140,99,106,194,180,178,192,10,66,145,102,110,171,0,85,116,17,53,155,146,63,31,183,65,125,190,109,130,5,39,113,43,187,179,96,141,98,114,64,79,42,119,132,75,163,133,81,153,166,189,33,35,36,22,52,93,19,87,121,51];False
3244;6671;9915;[198,29,90,41,127,60,177,47,26,161,115,152,49,54,197,123,74,37,94,118,124,168,34,108,174,196,167,15,156,21,73,82,137,86,181,68,9,45,138,126,143,160,173,18,199,12,7,136,89,46,164,4,84,122,25,23,77,57,186,170,176,72,154,172,59,11,182,139,135,191,48,50,56,92,147,67,32,61,38,165,193,28,44,16,91,88,70,71,162,20,188,144,184,8,157,78,128,101,185,76,80,100,30,134,27,195,97,58,151,175,6,1,117,2,169,142,131,158,62,120,3,95,149,107,55,14,13,111,112,148,83,129,24,150,103,105,69,159,40,116,104,99,106,194,180,178,192,10,66,145,102,110,171,0,85,140,17,53,155,146,63,31,183,65,125,190,109,130,5,39,113,43,187,179,96,141,98,114,64,79,42,119,132,75,163,133,81,153,166,189,33,35,36,22,52,93,19,87,121,51];False
3267;6668;9935;[198,29,90,41,127,60,42,119,26,161,115,152,49,54,197,123,74,37,94,118,124,168,34,108,174,196,167,15,156,21,73,82,137,86,181,68,9,45,138,126,143,160,173,18,199,12,7,136,89,46,164,4,84,122,25,23,77,57,186,170,176,72,154,172,59,11,182,139,135,191,48,50,56,92,147,67,32,61,38,165,193,28,44,16,91,88,70,71,162,20,188,144,184,8,157,78,128,101,185,76,80,100,30,134,27,195,97,58,151,175,6,1,117,2,169,142,131,158,62,120,3,95,149,107,55,14,13,111,52,148,83,129,24,150,103,140,69,159,40,116,105,99,106,194,180,178,192,109,66,145,102,110,171,0,85,104,17,53,155,146,63,31,183,65,125,190,10,130,5,39,113,43,187,179,96,141,98,114,64,79,177,47,132,75,163,133,81,153,166,189,33,35,36,22,112,93,19,87,121,51];False
3266;6663;9929;[198,29,90,41,127,60,42,47,26,161,115,152,49,54,197,123,74,37,94,118,124,168,34,108,174,196,167,15,156,21,73,82,137,86,181,68,9,45,138,126,143,160,173,18,199,12,7,136,89,46,164,4,84,122,25,23,77,57,186,170,176,72,154,172,59,11,182,139,135,191,48,50,56,92,147,67,32,61,38,165,193,28,44,16,91,88,70,71,162,20,188,144,184,8,157,78,128,101,185,76,80,100,30,134,27,195,97,58,151,175,6,1,117,2,169,142,131,158,62,120,3,95,149,107,55,14,13,111,52,148,83,129,24,150,103,140,69,159,40,116,105,99,106,194,180,178,192,10,66,145,102,110,171,0,85,104,17,53,155,146,63,31,183,65,125,190,109,130,5,39,113,43,187,179,96,141,98,114,64,79,177,119,132,75,163,133,81,153,166,189,33,35,36,22,112,93,19,87,121,51];False
3320;6647;9967;[198,29,90,41,127,60,177,47,26,161,115,152,49,54,197,168,74,37,94,118,124,123,17,108,174,196,167,15,156,21,73,82,137,86,181,68,9,45,138,126,143,160,173,18,199,12,7,136,89,46,164,4,84,122,25,23,77,57,186,170,176,72,154,172,59,11,182,139,135,191,48,50,56,92,147,67,32,61,38,165,193,28,44,16,91,88,70,71,162,20,188,144,184,8,157,78,128,101,185,76,80,100,30,134,27,195,97,58,151,175,6,1,117,2,169,142,131,158,62,120,3,95,149,107,55,14,13,111,52,148,83,129,24,150,103,105,69,159,40,116,104,99,106,194,180,178,192,109,66,145,102,110,171,0,85,140,34,53,155,146,63,31,183,65,125,190,10,130,5,39,113,43,187,179,96,141,98,114,64,79,42,119,132,75,163,133,81,153,166,189,33,35,36,22,112,93,19,87,121,51];False
3385;6625;10010;[198,29,90,41,127,60,177,47,26,161,115,152,49,54,197,123,74,37,94,118,124,168,17,108,174,196,167,15,156,21,73,82,137,86,181,68,9,45,138,126,143,160,173,18,199,12,7,136,89,46,164,4,84,122,25,23,77,57,186,170,176,72,154,172,59,11,182,139,135,191,48,50,56,92,147,67,32,61,19,165,193,28,44,16,91,88,70,71,162,20,188,144,184,8,157,78,128,101,185,76,80,100,30,134,27,195,97,58,151,175,6,1,117,2,169,142,131,158,62,120,3,95,149,107,55,14,13,111,52,148,83,129,24,150,103,105,69,159,40,116,104,99,106,194,180,178,192,109,66,145,102,110,171,0,85,140,34,53,155,146,63,31,183,65,125,190,10,130,5,39,113,43,187,179,96,141,98,114,64,79,42,119,132,75,163,133,81,153,166,189,33,35,36,22,112,93,38,87,121,51];False
3313;6642;9955;[198,29,90,41,127,60,177,47,26,161,115,152,49,54,197,123,74,37,94,118,124,168,17,108,174,196,167,15,156,21,73,82,137,86,181,68,9,45,138,126,143,160,173,18,199,12,7,136,89,46,164,4,84,122,25,23,77,57,186,170,176,72,154,172,59,11,182,139,135,191,48,50,56,92,147,67,32,61,38,165,193,28,44,16,91,88,70,71,162,20,188,144,184,8,157,78,128,101,185,76,80,100,30,134,27,195,97,58,151,175,6,1,117,2,169,142,131,158,62,120,3,95,149,107,55,14,13,111,52,148,83,129,24,150,103,105,69,159,40,116,104,99,106,194,180,178,192,10,66,145,102,110,171,0,85,140,34,53,155,146,63,31,183,65,125,190,109,130,5,39,113,43,187,179,96,141,98,114,64,79,42,119,132,75,163,133,81,153,166,189,33,35,36,22,112,93,19,87,121,51];False
3311;6646;9957;[198,29,90,41,127,60,42,47,26,161,115,152,49,54,197,123,74,37,94,118,124,168,34,108,174,196,167,15,156,21,73,82,137,86,181,68,9,45,138,126,143,160,173,18,199,12,7,136,89,46,164,4,84,122,25,23,77,57,186,170,176,72,154,172,59,11,182,139,135,191,48,50,56,92,147,67,32,61,38,165,193,28,44,16,91,88,70,71,162,20,188,144,184,8,157,78,128,101,185,76,80,100,30,134,27,195,97,58,151,175,6,1,117,2,169,142,131,158,62,120,3,95,149,107,55,14,13,111,52,148,83,129,24,150,103,105,69,159,40,116,104,99,106,194,180,178,192,10,66,145,102,110,171,0,85,140,17,53,155,146,63,31,183,65,125,190,109,130,5,39,113,43,187,179,96,141,98,114,64,79,177,119,132,75,163,133,81,153,166,189,33,35,36,22,112,93,19,87,121,51];False
3283;6658;9941;[198,29,90,41,127,60,42,119,26,161,115,152,49,54,197,123,74,37,94,118,124,168,34,108,174,196,167,15,156,21,73,82,137,86,181,68,9,45,138,126,143,160,173,18,199,12,7,136,89,46,164,4,84,122,25,23,77,57,186,170,176,72,154,172,59,11,182,139,135,191,48,50,56,92,147,67,32,61,38,165,193,28,44,16,91,88,70,71,162,20,188,144,184,8,157,78,128,101,185,76,80,100,30,134,27,195,97,58,151,175,6,1,117,2,169,142,131,158,62,120,3,95,149,107,55,14,13,111,52,148,83,129,24,150,103,105,69,159,40,116,140,99,106,194,180,178,192,10,66,145,102,110,171,0,85,104,17,53,155,146,63,31,183,65,125,190,109,130,5,39,113,43,187,179,96,141,98,114,64,79,177,47,132,75,163,133,81,153,166,189,33,35,36,22,112,93,19,87,121,51];False
3328;6640;9968;[198,29,90,41,127,60,42,47,26,161,115,152,49,54,197,123,74,37,94,118,124,168,34,108,174,196,167,15,156,21,73,82,137,86,181,68,9,45,138,126,143,160,173,18,199,12,7,136,89,46,164,4,84,122,25,23,77,57,186,170,176,72,154,172,59,11,182,139,135,191,48,50,56,92,147,67,32,61,38,165,193,28,44,16,91,88,70,71,162,20,188,144,184,8,157,78,128,101,185,76,80,100,30,134,27,195,97,58,151,175,6,1,117,2,169,142,131,158,62,120,3,95,149,107,55,14,13,111,52,148,83,129,24,150,103,105,69,159,40,116,140,99,106,194,180,178,192,10,66,145,102,110,171,0,85,104,17,53,155,146,63,31,183,65,125,190,109,130,5,39,113,43,187,179,96,177,98,114,64,79,141,119,132,75,163,133,81,153,166,189,33,35,36,22,112,93,19,87,121,51];False
3301;6652;9953;[198,29,90,41,127,60,177,47,26,161,115,152,49,54,197,168,74,37,94,118,124,123,17,108,174,196,167,15,156,21,73,82,137,86,181,68,9,45,138,126,143,160,173,18,199,12,7,136,89,46,164,4,84,122,25,23,77,57,186,170,176,72,154,172,59,11,182,139,135,191,48,50,56,92,147,67,32,61,38,165,193,28,44,16,91,88,70,71,162,20,188,144,184,8,157,78,128,101,185,76,80,100,30,134,27,2,97,58,151,175,6,1,117,195,169,142,131,158,62,120,3,95,149,107,55,14,13,111,52,148,83,129,24,150,103,105,69,159,40,116,104,99,106,194,180,178,192,10,66,145,102,110,171,0,85,140,34,53,155,146,63,31,183,65,125,190,109,130,5,39,113,43,187,179,96,141,98,114,64,79,42,119,132,75,163,133,81,153,166,189,33,35,36,22,112,93,19,87,121,51];False
3309;6651;9960;[198,29,90,41,127,60,177,47,26,161,115,152,49,54,197,123,74,37,94,118,124,168,17,108,174,196,167,15,156,21,73,82,137,86,181,68,9,45,138,126,143,160,173,18,199,12,7,136,89,46,164,4,84,122,25,23,77,57,186,170,176,72,154,172,59,11,182,139,135,191,48,50,56,92,147,67,32,61,38,165,193,28,44,16,91,88,70,71,162,20,188,144,184,8,157,78,128,101,110,76,80,100,30,134,27,2,97,58,151,175,6,1,117,195,169,142,131,158,62,120,3,95,149,107,55,14,13,111,52,148,83,129,24,150,103,105,69,159,40,116,104,99,106,194,180,178,192,10,66,145,102,185,171,0,85,140,34,53,155,146,63,31,183,65,125,190,109,130,5,39,113,43,187,179,96,141,98,114,64,79,42,119,132,75,163,133,81,153,166,189,33,35,36,22,112,93,19,87,121,51];False
3255;6668;9923;[198,29,90,41,127,60,177,47,26,161,115,152,49,54,197,123,74,37,94,118,124,168,17,108,174,196,167,15,156,21,73,82,137,86,181,68,9,45,138,126,143,160,173,18,199,12,7,136,89,46,164,4,84,122,25,23,77,57,186,170,176,72,154,172,59,11,182,139,135,191,48,50,56,92,147,67,32,61,38,165,193,28,44,16,91,88,70,71,162,20,188,144,184,8,157,78,128,101,185,76,80,100,30,134,27,2,97,58,151,175,6,1,117,195,169,142,131,158,62,120,3,95,149,107,55,14,13,111,112,148,83,129,24,150,103,105,69,159,40,116,104,99,106,194,180,178,192,10,66,145,102,110,171,0,85,140,34,53,155,146,63,31,183,65,125,190,109,130,5,39,113,43,187,179,96,141,98,114,64,79,42,119,132,75,163,133,81,153,166,189,33,35,36,22,52,93,19,87,121,51];False
3195;6697;9892;[198,29,90,41,127,60,177,47,26,161,115,152,49,54,197,123,74,37,94,118,124,168,34,108,174,196,167,15,156,21,73,82,137,86,181,68,9,45,138,126,143,160,173,18,199,12,7,136,89,46,164,4,84,122,25,23,77,57,186,170,176,72,154,172,59,11,182,139,135,191,48,50,56,92,147,67,32,61,38,165,193,28,44,16,91,88,70,71,162,20,188,144,184,8,157,78,128,101,110,76,80,100,30,134,27,2,97,58,151,175,6,1,117,195,169,142,131,158,62,120,3,95,149,107,55,14,13,111,112,148,83,129,24,150,103,140,69,159,40,116,105,99,106,194,180,178,192,10,66,145,102,185,171,0,85,104,17,53,155,146,63,31,183,65,125,190,109,130,5,39,113,43,187,179,96,141,98,114,64,79,42,119,132,75,163,133,81,153,166,189,33,35,36,22,52,93,19,87,121,51];False
3946;6530;10476;[198,29,90,41,187,60,177,47,26,161,115,152,49,54,197,123,74,37,94,118,124,168,34,108,174,196,167,15,156,21,73,82,137,86,181,68,9,45,138,126,143,160,173,18,171,199,7,136,89,46,164,4,84,122,25,23,77,57,186,170,176,72,154,172,59,11,182,139,135,191,48,50,56,92,147,67,32,38,61,165,193,28,44,125,91,88,70,71,162,20,188,144,184,8,157,78,128,101,185,76,80,100,30,134,27,2,97,58,151,175,6,1,117,113,169,142,131,158,62,120,3,95,149,107,55,14,13,111,52,148,83,129,24,150,103,105,69,159,40,116,140,99,106,194,180,178,192,109,66,145,102,110,12,0,85,104,17,53,155,146,63,31,183,65,16,190,10,130,5,39,195,43,127,179,96,141,98,114,64,79,42,119,132,75,163,133,81,153,166,189,33,35,36,22,112,93,19,87,121,51];False
3964;6527;10491;[198,29,90,41,187,60,177,47,26,161,115,152,49,54,197,123,74,37,94,118,124,168,34,108,174,196,167,15,156,21,73,82,137,86,181,68,9,45,138,126,143,160,173,18,12,199,7,136,89,46,164,4,84,122,25,23,77,57,186,170,176,72,154,172,59,11,182,139,135,191,48,50,56,92,147,67,32,19,61,165,193,28,44,125,91,88,70,71,162,20,188,144,184,8,157,78,128,101,185,76,80,100,30,134,27,2,97,58,151,175,6,1,117,113,169,142,131,158,62,120,3,95,149,107,55,14,13,111,52,148,83,129,24,150,103,105,69,159,40,116,140,99,106,194,180,178,192,109,66,145,102,110,171,0,85,104,17,53,155,146,63,31,183,65,16,190,10,130,5,39,195,43,127,179,96,141,98,114,64,79,42,119,132,75,163,133,81,153,166,189,33,35,36,22,112,93,38,87,121,51];False
4014;6521;10535;[198,29,90,41,187,60,177,47,26,161,115,152,49,54,197,123,74,37,94,118,124,168,34,108,174,196,167,15,156,21,73,82,137,86,181,68,9,45,138,126,143,160,173,18,12,199,7,136,89,46,164,4,84,122,25,23,77,57,186,170,176,72,154,172,59,11,182,139,135,191,48,50,56,92,147,67,32,38,87,165,193,28,44,125,91,88,70,71,162,20,188,144,184,8,157,78,128,101,185,76,80,100,30,134,27,2,97,58,151,175,6,1,117,113,169,142,131,158,62,120,3,95,149,107,55,14,13,111,52,148,83,129,24,150,103,105,69,159,40,116,140,99,106,194,180,178,192,109,66,145,102,110,171,0,85,104,17,53,155,146,63,31,183,65,16,190,10,130,5,39,195,43,127,179,96,141,98,114,64,79,42,119,132,75,163,133,81,153,166,189,33,35,36,22,112,93,19,61,121,51];False
3911;6533;10444;[198,29,90,41,187,60,177,47,26,161,115,152,49,54,197,123,74,37,94,118,124,168,34,108,174,196,167,15,156,21,73,82,137,86,181,68,9,45,138,126,143,160,173,18,171,199,7,136,89,46,164,4,84,122,25,23,77,57,186,170,176,72,154,172,59,11,182,139,135,191,48,50,56,92,147,67,32,61,19,165,193,28,44,125,91,88,70,71,162,20,188,144,184,8,157,78,128,101,185,76,80,100,30,134,27,2,97,58,151,175,6,1,117,113,169,142,131,158,62,120,3,95,149,107,55,14,13,111,52,148,83,129,24,150,103,105,69,159,40,116,140,99,106,194,180,178,192,109,66,145,102,110,12,0,85,104,17,53,155,146,63,31,183,65,16,190,10,130,5,39,195,43,127,179,96,141,98,114,64,79,42,119,132,75,163,133,81,153,166,189,33,35,36,22,112,93,38,87,121,51];False
3727;6557;10284;[198,29,90,41,187,60,177,47,26,89,115,152,49,54,197,123,74,37,94,118,124,168,34,108,174,196,167,15,156,21,73,82,137,86,181,68,61,45,138,126,143,160,173,18,199,12,7,161,136,46,164,4,84,122,25,23,77,57,186,170,176,72,154,172,59,11,182,139,135,191,48,50,56,92,147,67,32,38,9,165,193,28,44,125,91,88,70,71,162,20,188,144,184,8,157,78,128,101,185,76,80,100,30,134,27,2,97,58,151,175,6,1,117,195,169,142,131,158,62,120,3,95,149,107,55,14,13,111,52,148,83,129,24,150,103,105,69,159,40,116,140,99,106,194,180,178,192,109,66,145,102,110,171,0,85,104,17,53,155,146,63,31,183,65,16,190,10,130,5,39,113,43,127,179,96,141,98,114,64,79,42,119,132,75,163,133,81,153,166,189,33,35,36,22,112,93,19,87,121,51];True
3896;6530;10426;[198,29,90,41,187,60,177,47,26,89,115,152,49,54,197,123,74,37,94,118,124,168,34,108,174,196,167,15,156,21,73,82,137,86,181,68,9,45,138,126,143,160,173,18,199,12,7,161,136,46,164,4,84,122,25,23,77,57,186,170,176,72,154,172,59,11,182,139,135,191,48,50,56,92,147,67,32,38,61,165,193,28,44,125,91,88,70,71,162,20,188,144,184,8,157,78,128,101,185,76,80,100,30,134,27,2,97,58,151,175,6,1,117,113,169,142,131,158,62,120,3,95,149,107,55,14,13,111,52,148,83,129,24,150,103,105,69,159,40,116,140,99,106,194,180,178,192,109,66,145,102,110,171,0,85,104,17,53,155,146,63,31,183,65,16,190,10,130,5,39,195,43,127,179,96,141,98,114,64,79,42,119,132,75,163,133,81,153,166,189,33,35,36,22,112,93,19,87,121,51];False
3769;6550;10319;[198,29,90,41,187,60,177,47,26,89,115,152,49,54,197,123,74,37,94,118,124,168,34,108,174,196,167,15,156,21,73,82,137,86,181,68,9,45,138,126,143,160,173,18,171,12,7,161,136,46,164,4,84,122,25,23,77,57,186,170,176,72,154,172,59,11,182,139,135,191,48,50,56,92,147,67,32,61,19,165,193,28,44,125,91,88,70,71,162,20,188,144,184,8,157,78,128,101,185,76,80,100,30,134,27,2,97,58,151,175,6,1,117,195,169,142,131,158,62,120,3,95,149,107,55,14,13,111,52,148,83,129,24,150,103,105,69,159,40,116,140,99,106,194,180,178,192,109,66,145,102,110,199,0,85,104,17,53,155,146,63,31,183,65,16,190,10,130,5,39,113,43,127,179,96,141,98,114,64,79,42,119,132,75,163,133,81,153,166,189,33,35,36,22,112,93,38,87,121,51];True
3861;6533;10394;[198,29,90,41,187,60,177,47,26,89,115,152,49,54,197,123,74,37,94,118,124,168,34,108,174,196,167,15,156,21,73,82,137,86,181,68,9,45,138,126,143,160,173,18,199,12,7,161,136,46,164,4,84,122,25,23,77,57,186,170,176,72,154,172,59,11,182,139,135,191,48,50,56,92,147,67,32,61,19,165,193,28,44,125,91,88,70,71,162,20,188,144,184,8,157,78,128,101,185,76,80,100,30,134,27,2,97,58,151,175,6,1,117,113,169,142,131,158,62,120,3,95,149,107,55,14,13,111,52,148,83,129,24,150,103,105,69,159,40,116,140,99,106,194,180,178,192,109,66,145,102,110,171,0,85,104,17,53,155,146,63,31,183,65,16,190,10,130,5,39,195,43,127,179,96,141,98,114,64,79,42,119,132,75,163,133,81,153,166,189,33,35,36,22,112,93,38,87,121,51];True
3766;6551;10317;[198,29,90,41,187,179,177,47,26,89,115,152,49,54,197,123,74,37,94,118,124,168,34,108,174,196,167,15,156,21,73,82,137,86,181,68,9,45,138,126,143,160,173,18,199,12,7,161,136,46,164,4,84,122,25,23,77,57,186,170,176,72,154,172,59,11,182,139,135,191,48,50,56,92,147,67,32,61,38,165,193,28,44,125,91,88,70,71,162,20,188,144,184,8,157,78,128,101,185,76,80,100,30,134,27,2,97,58,151,175,6,1,117,113,169,142,131,158,62,120,3,95,149,107,55,14,13,111,52,148,83,129,24,150,103,105,69,159,40,116,140,99,106,194,180,178,192,109,66,145,102,110,171,0,85,104,17,53,155,146,63,31,183,65,16,190,10,130,5,39,195,43,127,60,96,141,98,114,64,79,42,119,132,75,163,133,81,153,166,189,33,35,36,22,112,93,19,87,121,51];True
3948;6527;10475;[198,29,90,41,187,60,177,47,26,89,115,152,49,54,197,123,74,37,94,118,124,168,34,108,174,196,167,15,156,21,73,82,163,86,181,68,9,45,138,126,143,160,173,18,199,12,7,161,136,46,164,4,84,122,25,23,77,57,186,170,176,72,154,172,59,11,182,139,135,191,48,50,56,92,147,67,32,61,38,165,193,28,44,125,91,88,70,71,162,20,188,144,184,8,157,78,128,101,185,76,80,100,30,134,27,2,97,58,151,175,6,1,117,113,169,142,131,158,62,120,3,95,149,107,55,14,13,111,52,148,83,129,24,150,103,105,69,159,40,116,140,99,106,194,180,178,192,109,66,145,102,110,171,0,85,104,17,53,155,146,63,31,183,65,16,190,10,130,5,39,195,43,127,179,96,141,98,114,64,79,42,119,132,75,137,133,81,153,166,189,33,35,36,22,112,93,19,87,121,51];False
3946;6526;10472;[198,29,90,41,187,60,177,47,26,89,115,152,49,54,197,123,74,37,94,118,124,168,34,108,174,196,167,15,156,21,73,82,137,86,181,68,9,45,138,126,143,160,173,18,12,199,7,161,136,46,164,4,84,122,25,23,77,57,186,170,176,72,154,172,59,11,182,139,135,191,48,50,56,92,147,67,32,61,38,165,193,28,44,125,91,88,70,71,162,20,188,144,184,8,157,78,128,101,185,76,80,100,30,134,27,2,97,58,151,175,6,1,117,113,169,142,131,158,62,120,3,95,149,107,55,14,13,111,52,148,83,129,24,150,103,105,69,159,40,116,140,99,106,194,180,178,192,109,66,145,102,110,171,0,85,104,17,53,155,146,63,31,183,65,16,190,10,130,5,39,195,43,127,179,96,141,98,114,64,79,42,119,132,75,163,133,81,153,166,189,33,35,36,22,112,93,19,87,121,51];False
4004;6523;10527;[198,29,90,41,187,60,177,47,26,161,115,152,49,54,197,123,74,37,94,118,124,168,34,108,174,196,167,15,156,21,73,82,172,86,181,68,9,45,138,126,143,160,173,18,171,12,7,163,89,46,164,4,84,122,25,23,77,57,186,170,176,72,154,75,59,11,182,139,135,191,48,50,56,92,147,67,32,61,38,165,193,28,44,125,91,88,70,71,162,20,188,144,184,8,157,78,128,101,185,76,80,100,30,134,27,2,97,58,151,175,6,1,117,113,169,142,131,158,62,120,3,95,149,107,55,14,13,111,52,148,83,129,24,150,103,105,69,159,40,116,140,99,106,194,180,178,192,109,66,145,102,110,199,0,85,104,17,53,155,146,63,31,183,65,16,190,10,130,5,39,195,43,127,179,96,141,98,114,64,79,42,119,132,136,137,133,81,153,166,189,33,35,36,22,112,93,19,87,121,51];False
3932;6529;10461;[198,29,90,41,187,60,177,47,26,161,115,152,49,54,197,123,74,37,94,118,124,168,34,108,174,196,167,15,156,21,73,82,172,86,181,68,9,45,138,126,143,160,173,18,199,12,7,163,136,46,164,4,84,122,25,23,77,57,186,170,176,72,154,75,59,11,182,139,135,191,48,50,56,92,147,67,32,61,38,165,193,28,44,125,91,88,70,71,162,20,188,144,184,8,157,78,128,101,185,76,80,100,30,134,27,2,97,58,151,175,6,1,117,113,169,142,131,158,62,120,3,95,149,107,55,14,13,111,52,148,83,129,24,150,103,105,69,159,40,116,140,99,106,194,180,178,192,109,66,145,102,110,171,0,85,104,17,53,155,146,63,31,183,65,16,190,10,130,5,39,195,43,127,179,96,141,98,114,64,79,42,119,132,89,137,133,81,153,166,189,33,35,36,22,112,93,19,87,121,51];False
4038;6519;10557;[198,29,90,41,187,60,177,47,26,161,115,152,49,54,197,123,74,37,94,118,124,168,34,108,174,196,167,15,156,21,73,82,172,86,181,68,9,45,138,126,143,160,173,18,199,12,7,163,89,46,164,4,84,122,25,23,77,57,186,170,176,72,154,75,59,11,182,139,135,191,48,50,56,92,147,67,32,38,61,165,193,28,44,125,91,88,70,71,162,20,188,144,184,8,157,78,128,101,185,76,80,100,30,134,27,2,97,58,151,175,6,1,117,113,169,142,131,158,62,120,3,95,149,107,55,14,13,111,52,148,83,129,24,150,103,105,69,159,40,116,140,99,106,194,180,178,192,109,66,145,102,110,171,0,85,104,17,53,155,146,63,31,183,65,16,190,10,130,5,39,195,43,127,179,96,141,98,114,64,79,42,119,132,136,137,133,81,153,166,189,33,35,36,22,112,93,19,87,121,51];False
4003;6522;10525;[198,29,90,41,187,60,177,47,26,161,115,152,49,54,197,123,74,37,94,118,124,168,34,108,174,196,167,15,156,21,73,82,172,86,181,68,9,45,138,126,143,160,173,18,199,12,7,163,89,46,164,4,84,122,25,23,77,57,186,170,176,72,154,75,59,11,182,139,135,191,48,50,56,92,147,67,32,61,19,165,193,28,44,125,91,88,70,71,162,20,188,144,184,8,157,78,128,101,185,76,80,100,30,134,27,2,97,58,151,175,6,1,117,113,169,142,131,158,62,120,3,95,149,107,55,14,13,111,52,148,83,129,24,150,103,105,69,159,40,116,140,99,106,194,180,178,192,109,66,145,102,110,171,0,85,104,17,53,155,146,63,31,183,65,16,190,10,130,5,39,195,43,127,179,96,141,98,114,64,79,42,119,132,136,137,133,81,153,166,189,33,35,36,22,112,93,38,87,121,51];False
3673;6565;10238;[198,29,90,41,127,60,177,47,26,89,115,152,49,54,197,123,74,37,94,118,124,168,34,108,174,196,167,15,156,21,73,82,137,86,181,68,61,45,138,126,143,160,173,18,199,12,7,161,136,46,164,4,84,122,25,23,77,57,186,170,176,72,154,172,59,11,182,139,135,191,48,50,56,92,147,67,32,38,9,165,193,28,44,125,91,88,70,71,162,20,188,144,184,8,157,78,128,101,185,76,80,100,30,134,27,2,97,58,151,175,6,1,117,113,169,142,131,158,62,120,3,95,149,107,55,14,13,111,52,148,83,129,24,150,103,105,69,159,40,116,140,99,106,194,180,178,192,109,66,145,102,110,171,0,85,104,17,53,155,146,63,31,183,65,16,190,10,130,5,39,195,43,187,179,96,141,98,114,64,79,42,119,132,75,163,133,81,153,166,189,33,35,36,22,112,93,19,87,121,51];True
3715;6558;10273;[198,29,90,41,127,60,177,47,26,89,115,152,49,54,197,123,74,37,94,118,124,168,34,108,174,196,167,15,156,21,73,82,137,86,181,68,9,45,138,126,143,160,173,18,171,12,7,161,136,46,164,4,84,122,25,23,77,57,186,170,176,72,154,172,59,11,182,139,135,191,48,50,56,92,147,67,32,61,19,165,193,28,44,125,91,88,70,71,162,20,188,144,184,8,157,78,128,101,185,76,80,100,30,134,27,2,97,58,151,175,6,1,117,113,169,142,131,158,62,120,3,95,149,107,55,14,13,111,52,148,83,129,24,150,103,105,69,159,40,116,140,99,106,194,180,178,192,109,66,145,102,110,199,0,85,104,17,53,155,146,63,31,183,65,16,190,10,130,5,39,195,43,187,179,96,141,98,114,64,79,42,119,132,75,163,133,81,153,166,189,33,35,36,22,112,93,38,87,121,51];True
3628;6575;10203;[198,29,90,41,127,60,177,47,26,89,115,152,49,54,197,123,74,37,94,118,124,168,34,108,174,196,167,15,156,21,73,82,137,86,181,68,9,45,138,126,143,160,173,18,199,12,7,161,136,46,164,4,84,122,25,23,77,57,186,170,176,72,154,172,59,11,182,139,135,191,48,50,56,92,147,67,32,61,19,165,193,28,44,16,91,88,70,71,162,20,188,144,184,8,157,78,128,101,185,76,80,100,30,134,27,2,97,58,151,175,6,1,117,113,169,142,131,158,62,120,3,95,149,107,55,14,13,111,52,148,83,129,24,150,103,105,69,159,40,116,140,99,106,194,180,178,192,109,66,145,102,110,171,0,85,104,17,53,155,146,63,31,183,65,125,190,10,130,5,39,195,43,187,179,96,141,98,114,64,79,42,119,132,75,163,133,81,153,166,189,33,35,36,22,112,93,38,87,121,51];True
4378;6462;10840;[198,29,90,41,137,79,179,47,26,161,115,152,172,59,197,123,31,37,94,118,124,168,34,108,174,196,167,15,156,21,73,82,187,86,181,68,9,45,138,126,143,160,91,18,171,195,7,173,89,46,164,4,84,122,25,23,77,57,186,170,176,72,154,49,76,11,182,139,135,183,51,50,56,92,147,67,32,38,87,165,193,28,44,125,6,88,70,71,162,20,191,61,184,8,157,78,128,101,185,39,80,100,30,134,27,2,97,58,158,62,95,1,117,113,169,142,131,110,54,120,3,136,149,107,55,14,13,111,52,148,83,129,24,150,103,105,69,159,40,116,48,99,106,194,180,178,192,109,66,145,102,151,199,0,85,104,17,53,155,121,140,74,188,65,16,190,10,130,5,175,12,43,127,60,42,177,98,114,64,96,141,119,132,75,163,133,81,153,166,189,33,35,36,22,112,93,19,144,146,63];False
4410;6457;10867;[198,29,90,41,187,79,179,47,26,161,115,152,172,59,197,123,31,37,94,118,124,168,34,108,174,196,167,15,156,21,73,82,137,86,181,68,9,45,138,126,143,160,91,18,171,195,7,173,89,144,164,4,84,122,25,23,77,57,186,170,176,72,154,49,76,11,182,139,135,183,51,50,56,92,147,67,32,38,87,165,193,28,44,125,6,88,70,71,162,20,191,61,184,8,157,78,128,101,185,39,80,100,30,134,27,2,97,58,158,62,95,1,117,113,169,142,131,110,54,120,3,136,149,107,55,14,13,111,52,148,83,129,24,150,103,105,69,159,40,116,48,99,106,194,180,178,192,109,66,145,102,151,199,0,85,104,17,53,155,121,140,74,188,65,16,190,10,130,5,175,12,43,127,60,42,177,98,114,64,96,141,119,132,75,163,133,81,153,166,189,33,35,36,22,112,93,19,46,146,63];False
4419;6453;10872;[198,29,90,41,187,79,179,47,26,161,115,152,172,59,197,123,31,37,94,118,124,168,34,108,174,196,167,15,156,21,73,82,137,86,181,68,9,45,138,126,143,160,91,18,171,195,7,173,89,46,164,4,84,122,25,23,77,57,186,170,176,72,154,49,39,11,182,139,135,183,51,50,56,92,147,67,32,38,87,165,193,28,44,125,6,88,70,71,162,20,191,61,184,8,157,78,128,101,185,76,80,100,30,134,27,2,97,58,158,62,95,1,117,113,169,142,131,110,54,120,3,136,149,107,55,14,13,111,52,148,83,129,24,150,103,105,69,159,40,116,48,99,106,194,180,178,192,109,66,145,102,151,199,0,85,104,17,53,155,121,140,74,188,65,16,190,10,130,5,175,12,43,127,60,42,177,98,114,64,96,141,119,132,75,163,133,81,153,166,189,33,35,36,22,112,93,19,144,146,63];False
4373;6459;10832;[198,29,90,41,187,128,42,47,26,161,115,152,172,59,197,123,31,37,94,118,124,168,34,108,174,196,167,15,156,21,73,82,137,86,181,68,9,45,138,126,143,160,91,18,171,195,7,173,89,46,164,4,84,122,25,23,77,57,186,170,176,72,154,49,76,11,182,139,135,183,51,50,56,92,147,67,32,38,87,165,193,28,44,125,6,88,70,71,162,20,191,61,184,8,157,78,60,101,185,39,80,100,30,134,27,2,97,58,158,62,95,1,117,113,169,142,131,110,54,120,3,136,149,107,55,14,13,111,52,148,83,129,24,150,103,105,69,159,40,116,48,99,106,194,180,178,192,109,66,145,102,151,199,0,85,104,17,53,155,121,140,74,188,65,16,190,10,130,5,175,12,43,127,79,179,177,98,114,64,96,141,119,132,75,163,133,81,153,166,189,33,35,36,22,112,93,19,144,146,63];False
4443;6449;10892;[198,29,90,41,187,60,42,47,26,161,115,152,172,59,197,123,17,37,94,118,124,168,34,108,174,196,167,15,156,21,73,82,137,86,181,68,9,45,138,126,143,160,91,18,171,195,7,173,89,46,164,4,84,122,25,23,77,57,186,170,176,72,154,49,76,11,182,139,135,183,51,50,56,92,147,67,32,38,87,165,193,28,44,125,6,88,70,71,162,20,191,61,184,8,157,78,128,101,185,39,80,100,30,134,27,2,97,58,158,62,95,1,117,113,169,142,131,110,54,120,3,136,149,107,55,14,13,111,52,148,83,129,24,150,103,105,69,159,40,116,48,99,106,194,180,178,192,109,66,145,102,151,199,0,85,104,31,53,155,121,140,74,188,65,16,190,10,130,5,175,12,43,127,79,179,177,98,114,64,96,141,119,132,75,163,133,81,153,166,189,33,35,36,22,112,93,19,144,146,63];False
4438;6449;10887;[198,29,90,41,187,60,42,47,26,161,115,152,172,59,197,123,31,37,94,118,124,168,34,108,174,196,167,15,156,21,73,82,137,86,181,68,9,45,138,126,143,160,91,18,171,195,7,173,89,144,164,4,84,122,25,23,77,57,186,170,176,72,154,49,76,11,182,139,135,183,51,50,56,92,147,67,32,38,87,165,193,28,44,125,6,88,70,71,162,20,191,61,184,8,157,78,128,101,185,39,80,100,30,134,27,2,97,58,158,62,95,1,117,113,169,142,131,110,54,120,3,136,149,107,55,14,13,111,52,148,83,129,24,150,103,105,69,159,40,116,48,99,106,194,180,178,192,109,66,145,102,151,199,0,85,104,17,53,155,121,140,74,188,65,16,190,10,130,5,175,12,43,127,79,179,177,98,114,64,96,141,119,132,75,163,133,81,153,166,189,33,35,36,22,112,93,19,46,146,63];False
4447;6445;10892;[198,29,90,41,187,60,42,47,26,161,115,152,172,59,197,123,31,37,94,118,124,168,34,108,174,196,167,15,156,21,73,82,137,86,181,68,9,45,138,126,143,160,91,18,171,195,7,173,89,46,164,4,84,122,25,23,77,57,186,170,176,72,154,49,39,11,182,139,135,183,51,50,56,92,147,67,32,38,87,165,193,28,44,125,6,88,70,71,162,20,191,61,184,8,157,78,128,101,185,76,80,100,30,134,27,2,97,58,158,62,95,1,117,113,169,142,131,110,54,120,3,136,149,107,55,14,13,111,52,148,83,129,24,150,103,105,69,159,40,116,48,99,106,194,180,178,192,109,66,145,102,151,199,0,85,104,17,53,155,121,140,74,188,65,16,190,10,130,5,175,12,43,127,79,179,177,98,114,64,96,141,119,132,75,163,133,81,153,166,189,33,35,36,22,112,93,19,144,146,63];True
4373;6457;10830;[198,29,90,41,187,60,42,47,26,161,115,152,172,59,197,123,31,37,94,118,124,168,34,108,174,196,167,15,156,21,73,82,137,86,181,68,9,45,138,126,143,160,91,18,171,195,7,173,89,46,164,4,84,122,25,23,77,57,186,170,176,72,154,49,76,11,182,139,135,183,51,50,56,92,147,67,32,38,87,165,193,28,44,125,6,88,70,71,162,20,191,61,184,8,157,78,128,101,185,39,80,100,30,134,27,2,97,58,158,62,95,1,117,113,169,142,131,110,54,120,3,136,149,107,55,14,13,111,52,148,83,129,24,150,103,105,69,159,40,116,48,99,106,194,180,178,192,109,66,145,102,151,199,0,85,104,17,53,155,121,140,74,188,65,16,190,10,130,5,177,12,43,127,79,179,175,98,114,64,96,141,119,132,75,163,133,81,153,166,189,33,35,36,22,112,93,19,144,146,63];True
4541;6430;10971;[198,29,90,41,187,60,179,47,26,161,115,152,172,59,197,123,31,37,94,118,124,168,34,108,174,196,167,15,156,21,73,82,137,86,181,68,9,45,138,126,143,160,91,18,171,195,7,173,89,46,164,4,84,122,25,23,77,57,186,170,176,72,154,49,133,11,182,139,135,183,51,50,56,92,147,67,32,38,87,165,193,28,44,125,6,88,70,71,162,20,191,61,184,8,157,78,128,101,185,76,80,100,30,134,27,2,97,58,158,62,95,1,117,113,169,142,131,110,54,120,3,136,149,107,55,14,13,111,52,148,83,129,24,150,103,105,69,159,40,116,48,99,106,194,180,178,192,109,66,145,102,151,199,0,85,104,17,53,155,121,140,74,188,65,16,190,10,130,5,175,12,43,127,79,42,177,98,114,64,96,141,119,132,75,163,39,81,153,166,189,33,35,36,22,112,93,19,144,146,63];True
3217;6685;9902;[198,29,90,41,127,60,177,47,26,161,115,152,49,54,197,123,74,37,94,118,124,168,34,108,174,196,167,15,156,21,73,82,137,86,181,68,9,45,138,126,143,160,173,18,199,12,7,136,89,46,164,4,84,122,25,23,77,57,186,170,176,72,154,172,59,11,182,139,135,191,48,50,56,92,147,67,32,61,19,165,193,28,44,16,91,88,70,71,162,20,188,144,184,8,157,78,128,101,185,76,80,100,30,134,27,195,97,58,151,175,6,1,117,2,169,142,131,158,62,120,3,95,149,107,55,14,13,111,112,148,83,129,24,150,103,140,69,159,40,116,105,99,106,194,180,178,192,10,66,145,102,110,171,0,85,104,17,53,155,146,63,31,183,65,125,190,109,130,5,39,113,43,187,179,96,141,98,114,64,79,42,119,132,75,163,133,81,153,166,189,33,35,36,22,52,93,38,87,121,51];False
3173;6698;9871;[198,29,90,41,127,60,42,47,26,161,115,152,49,54,197,123,74,37,94,118,124,168,34,108,174,196,167,15,156,21,73,82,137,86,181,68,9,45,138,126,143,160,173,18,199,12,7,136,89,46,164,4,84,122,25,23,77,57,186,170,176,72,154,172,59,11,182,139,135,191,48,50,56,92,147,67,32,61,38,165,193,28,44,16,91,88,70,71,162,20,188,144,184,8,157,78,128,101,185,76,80,100,30,134,27,195,97,58,151,175,6,1,117,2,169,142,131,158,62,120,3,95,149,107,55,14,13,111,112,148,83,129,24,150,103,140,69,159,40,116,105,99,106,194,180,178,192,10,66,145,102,110,171,0,85,104,17,53,155,146,63,31,183,65,125,190,109,130,5,39,113,43,187,179,96,141,98,114,64,79,177,119,132,75,163,133,81,153,166,189,33,35,36,22,52,93,19,87,121,51];False
3160;6706;9866;[198,29,90,41,127,60,177,47,26,161,115,152,49,54,197,123,74,37,94,118,124,168,34,108,174,196,167,15,156,21,73,82,137,86,181,68,9,45,138,126,143,160,173,18,199,12,7,136,89,46,164,4,84,122,25,23,77,57,186,170,176,72,154,172,59,11,182,139,135,191,48,50,56,92,147,67,32,61,38,165,193,28,44,16,91,88,70,71,162,20,188,144,184,8,157,78,128,101,110,76,80,100,30,134,27,195,97,58,151,175,6,1,117,2,169,142,131,158,62,120,3,95,149,107,55,14,13,111,112,148,83,129,24,150,103,140,69,159,40,116,105,99,106,194,180,178,192,10,66,145,102,185,171,0,85,104,17,53,155,146,63,31,183,65,125,190,109,130,5,39,113,43,187,179,96,141,98,114,64,79,42,119,132,75,163,133,81,153,166,189,33,35,36,22,52,93,19,87,121,51];False
3190;6693;9883;[198,29,90,41,127,60,42,119,26,161,115,152,49,54,197,123,74,37,94,118,124,168,34,108,174,196,167,15,156,21,73,82,137,86,181,68,9,45,138,126,143,160,173,18,199,12,7,136,89,46,164,4,84,122,25,23,77,57,186,170,176,72,154,172,59,11,182,139,135,191,48,50,56,92,147,67,32,61,38,165,193,28,44,16,91,88,70,71,162,20,188,144,184,8,157,78,128,101,185,76,80,100,30,134,27,195,97,58,151,175,6,1,117,2,169,142,131,158,62,120,3,95,149,107,55,14,13,111,112,148,83,129,24,150,103,105,69,159,40,116,140,99,106,194,180,178,192,10,66,145,102,110,171,0,85,104,17,53,155,146,63,31,183,65,125,190,109,130,5,39,113,43,187,179,96,141,98,114,64,79,177,47,132,75,163,133,81,153,166,189,33,35,36,22,52,93,19,87,121,51];False
3224;6684;9908;[198,29,90,41,127,60,42,47,26,161,115,152,49,54,197,123,74,37,94,118,124,168,34,108,174,196,167,15,156,21,73,82,137,86,181,68,9,45,138,126,143,160,173,18,199,12,7,136,89,46,164,4,84,122,25,23,77,57,186,170,176,72,154,172,59,11,182,139,135,191,140,50,56,92,147,67,32,61,38,165,193,28,44,16,91,88,70,71,162,20,188,144,184,8,157,78,128,101,185,76,80,100,30,134,27,195,97,58,151,175,6,1,117,2,169,142,131,158,62,120,3,95,149,107,55,14,13,111,112,148,83,129,24,150,103,105,69,159,40,116,48,99,106,194,180,178,192,10,66,145,102,110,171,0,85,104,17,53,155,146,63,31,183,65,125,190,109,130,5,39,113,43,187,179,96,141,98,114,64,79,177,119,132,75,163,133,81,153,166,189,33,35,36,22,52,93,19,87,121,51];False
3218;6683;9901;[198,29,90,41,127,60,42,47,26,161,115,152,49,54,197,123,74,37,94,118,124,168,34,108,174,196,167,15,156,21,73,82,137,86,181,68,9,45,138,126,143,160,173,18,199,12,7,136,89,46,164,4,84,122,25,23,77,57,186,170,176,72,154,172,59,11,182,139,135,191,48,50,56,92,147,67,32,61,38,165,193,28,44,16,91,88,70,71,162,20,188,144,184,8,157,78,128,101,185,76,80,100,30,134,27,195,97,58,151,175,6,1,117,2,169,142,131,158,62,120,3,95,149,107,55,14,13,111,112,148,83,129,24,150,103,105,69,159,40,104,140,99,106,194,180,178,192,10,66,145,102,110,171,0,85,116,17,53,155,146,63,31,183,65,125,190,109,130,5,39,113,43,187,179,96,141,98,114,64,79,177,119,132,75,163,133,81,153,166,189,33,35,36,22,52,93,19,87,121,51];False
3218;6681;9899;[198,29,90,41,127,60,42,47,26,161,115,152,49,54,197,123,74,37,94,118,124,168,34,108,174,196,167,15,156,21,73,82,137,86,181,68,9,45,138,126,143,160,173,18,199,12,7,136,89,46,164,4,84,122,25,23,77,57,186,170,176,72,154,172,59,11,182,139,135,191,48,50,56,92,147,67,32,61,38,165,193,28,44,16,91,88,70,71,162,20,188,144,184,8,157,78,128,101,185,76,80,100,30,134,27,195,97,58,151,175,6,1,117,2,169,142,131,158,62,120,3,95,149,107,55,14,13,111,112,148,83,129,24,150,103,105,69,159,40,116,104,99,106,194,180,178,192,10,66,145,102,110,171,0,85,140,17,53,155,146,63,31,183,65,125,190,109,130,5,39,113,43,187,179,96,141,98,114,64,79,177,119,132,75,163,133,81,153,166,189,33,35,36,22,52,93,19,87,121,51];False
3235;6675;9910;[198,29,90,41,127,60,42,47,26,161,115,152,49,54,197,123,74,37,94,118,124,168,34,108,174,196,167,15,156,21,73,82,137,86,181,68,9,45,138,126,143,160,173,18,199,12,7,136,89,46,164,4,84,122,25,23,77,57,186,170,176,72,154,172,59,11,182,139,135,191,48,50,56,92,147,67,32,61,38,165,193,28,44,16,91,88,70,71,162,20,188,144,184,8,157,78,128,101,185,76,80,100,30,134,27,195,97,58,151,175,6,1,117,2,169,142,131,158,62,120,3,95,149,107,55,14,13,111,112,148,83,129,24,150,103,105,69,159,40,116,140,99,106,194,180,178,192,10,66,145,102,110,171,0,85,104,17,53,155,146,63,31,183,65,125,190,109,130,5,39,113,43,187,179,96,177,98,114,64,79,141,119,132,75,163,133,81,153,166,189,33,35,36,22,52,93,19,87,121,51];False
3220;6677;9897;[198,29,90,41,127,60,177,47,26,161,115,152,49,54,197,123,74,37,94,118,124,168,17,108,174,196,167,15,156,21,73,82,137,86,181,68,9,45,138,126,143,160,173,18,199,12,7,136,89,46,164,4,84,122,25,23,77,57,186,170,176,72,154,172,59,11,182,139,135,191,48,50,56,92,147,67,32,61,38,165,193,28,44,16,91,88,70,71,162,20,188,144,184,8,157,78,128,101,185,76,80,100,30,134,27,195,97,58,151,175,6,1,117,2,169,142,131,158,62,120,3,95,149,107,55,14,13,111,112,148,83,129,24,150,103,105,69,159,40,116,104,99,106,194,180,178,192,10,66,145,102,110,171,0,85,140,34,53,155,146,63,31,183,65,125,190,109,130,5,39,113,43,187,179,96,141,98,114,64,79,42,119,132,75,163,133,81,153,166,189,33,35,36,22,52,93,19,87,121,51];False
3213;6682;9895;[198,29,90,41,127,60,42,119,26,161,115,152,49,54,197,123,74,37,94,118,124,168,34,108,174,196,167,15,156,21,73,82,137,86,181,68,9,45,138,126,143,160,173,18,199,12,7,136,89,46,164,4,84,122,25,23,77,57,186,170,176,72,154,172,59,11,182,139,135,191,48,50,56,92,147,67,32,61,38,165,193,28,44,16,91,88,70,71,162,20,188,144,184,8,157,78,128,101,185,76,80,100,30,134,27,195,97,58,151,175,6,1,117,2,169,142,131,158,62,120,3,95,149,107,55,14,13,111,52,148,83,129,24,150,103,140,69,159,40,116,105,99,106,194,180,178,192,10,66,145,102,110,171,0,85,104,17,53,155,146,63,31,183,65,125,190,109,130,5,39,113,43,187,179,96,141,98,114,64,79,177,47,132,75,163,133,81,153,166,189,33,35,36,22,112,93,19,87,121,51];False
3258;6664;9922;[198,29,90,41,127,60,42,47,26,161,115,152,49,54,197,123,74,37,94,118,124,168,34,108,174,196,167,15,156,21,73,82,137,86,181,68,9,45,138,126,143,160,173,18,199,12,7,136,89,46,164,4,84,122,25,23,77,57,186,170,176,72,154,172,59,11,182,139,135,191,48,50,56,92,147,67,32,61,38,165,193,28,44,16,91,88,70,71,162,20,188,144,184,8,157,78,128,101,185,76,80,100,30,134,27,195,97,58,151,175,6,1,117,2,169,142,131,158,62,120,3,95,149,107,55,14,13,111,52,148,83,129,24,150,103,140,69,159,40,116,105,99,106,194,180,178,192,10,66,145,102,110,171,0,85,104,17,53,155,146,63,31,183,65,125,190,109,130,5,39,113,43,187,179,96,177,98,114,64,79,141,119,132,75,163,133,81,153,166,189,33,35,36,22,112,93,19,87,121,51];False
3331;6639;9970;[198,29,90,41,127,60,177,47,26,161,115,152,49,54,197,123,74,37,94,118,124,168,17,108,174,196,167,15,156,21,73,82,137,86,181,68,9,45,138,126,143,160,173,18,199,12,7,136,89,46,164,4,84,122,25,23,77,57,186,170,176,72,154,172,59,11,182,139,135,191,48,50,56,92,147,67,32,61,19,165,193,28,44,16,91,88,70,71,162,20,188,144,184,8,157,78,128,101,185,76,80,100,30,134,27,195,97,58,151,175,6,1,117,2,169,142,131,158,62,120,3,95,149,107,55,14,13,111,52,148,83,129,24,150,103,105,69,159,40,116,104,99,106,194,180,178,192,10,66,145,102,110,171,0,85,140,34,53,155,146,63,31,183,65,125,190,109,130,5,39,113,43,187,179,96,141,98,114,64,79,42,119,132,75,163,133,81,153,166,189,33,35,36,22,112,93,38,87,121,51];False
3287;6652;9939;[198,29,90,41,127,60,42,47,26,161,115,152,49,54,197,123,74,37,94,118,124,168,17,108,174,196,167,15,156,21,73,82,137,86,181,68,9,45,138,126,143,160,173,18,199,12,7,136,89,46,164,4,84,122,25,23,77,57,186,170,176,72,154,172,59,11,182,139,135,191,48,50,56,92,147,67,32,61,38,165,193,28,44,16,91,88,70,71,162,20,188,144,184,8,157,78,128,101,185,76,80,100,30,134,27,195,97,58,151,175,6,1,117,2,169,142,131,158,62,120,3,95,149,107,55,14,13,111,52,148,83,129,24,150,103,105,69,159,40,116,104,99,106,194,180,178,192,10,66,145,102,110,171,0,85,140,34,53,155,146,63,31,183,65,125,190,109,130,5,39,113,43,187,179,96,141,98,114,64,79,177,119,132,75,163,133,81,153,166,189,33,35,36,22,112,93,19,87,121,51];False
3266;6661;9927;[198,29,90,41,127,60,177,47,26,161,115,152,49,54,197,168,74,37,94,118,124,123,17,108,174,196,167,15,156,21,73,82,137,86,181,68,9,45,138,126,143,160,173,18,199,12,7,136,89,46,164,4,84,122,25,23,77,57,186,170,176,72,154,172,59,11,182,139,135,191,48,50,56,92,147,67,32,61,38,165,193,28,44,16,91,88,70,71,162,20,188,144,184,8,157,78,128,101,185,76,80,100,30,134,27,195,97,58,151,175,6,1,117,2,169,142,131,158,62,120,3,95,149,107,55,14,13,111,52,148,83,129,24,150,103,105,69,159,40,116,104,99,106,194,180,178,192,10,66,145,102,110,171,0,85,140,34,53,155,146,63,31,183,65,125,190,109,130,5,39,113,43,187,179,96,141,98,114,64,79,42,119,132,75,163,133,81,153,166,189,33,35,36,22,112,93,19,87,121,51];False
3274;6660;9934;[198,29,90,41,127,60,177,47,26,161,115,152,49,54,197,123,74,37,94,118,124,168,17,108,174,196,167,15,156,21,73,82,137,86,181,68,9,45,138,126,143,160,173,18,199,12,7,136,89,46,164,4,84,122,25,23,77,57,186,170,176,72,154,172,59,11,182,139,135,191,48,50,56,92,147,67,32,61,38,165,193,28,44,16,91,88,70,71,162,20,188,144,184,8,157,78,128,101,110,76,80,100,30,134,27,195,97,58,151,175,6,1,117,2,169,142,131,158,62,120,3,95,149,107,55,14,13,111,52,148,83,129,24,150,103,105,69,159,40,116,104,99,106,194,180,178,192,10,66,145,102,185,171,0,85,140,34,53,155,146,63,31,183,65,125,190,109,130,5,39,113,43,187,179,96,141,98,114,64,79,42,119,132,75,163,133,81,153,166,189,33,35,36,22,112,93,19,87,121,51];False
3303;6647;9950;[198,29,90,41,127,60,42,47,26,161,115,152,49,54,197,123,74,37,94,118,124,168,34,108,174,196,167,15,156,21,73,82,137,86,181,68,9,45,138,126,143,160,173,18,199,12,7,136,89,46,164,4,84,122,25,23,77,57,186,170,176,72,154,172,59,11,182,139,135,191,48,50,56,92,147,67,32,61,38,165,193,28,44,16,91,88,70,71,162,20,188,144,184,8,157,78,128,101,185,76,80,100,30,134,27,195,97,58,151,175,6,1,117,2,169,142,131,158,62,120,3,95,149,107,55,14,13,111,52,148,83,129,24,150,103,105,69,159,40,116,104,99,106,194,180,178,192,10,66,145,102,110,171,0,85,140,17,53,155,146,63,31,183,65,125,190,109,130,5,39,113,43,187,179,96,177,98,114,64,79,141,119,132,75,163,133,81,153,166,189,33,35,36,22,112,93,19,87,121,51];False
3208;6687;9895;[198,29,90,41,127,60,177,47,26,161,115,152,49,54,197,168,74,37,94,118,124,123,17,108,174,196,167,15,156,21,73,82,137,86,181,68,9,45,138,126,143,160,173,18,199,12,7,136,89,46,164,4,84,122,25,23,77,57,186,170,176,72,154,172,59,11,182,139,135,191,48,50,56,92,147,67,32,61,38,165,193,28,44,16,91,88,70,71,162,20,188,144,184,8,157,78,128,101,185,76,80,100,30,134,27,2,97,58,151,175,6,1,117,195,169,142,131,158,62,120,3,95,149,107,55,14,13,111,112,148,83,129,24,150,103,105,69,159,40,116,104,99,106,194,180,178,192,10,66,145,102,110,171,0,85,140,34,53,155,146,63,31,183,65,125,190,109,130,5,39,113,43,187,179,96,141,98,114,64,79,42,119,132,75,163,133,81,153,166,189,33,35,36,22,52,93,19,87,121,51];False
4044;6512;10556;[198,29,90,41,187,60,177,47,26,161,115,152,49,54,197,123,74,37,94,118,124,168,34,108,174,196,167,15,156,21,73,82,137,86,181,68,9,45,138,126,143,160,173,18,12,199,7,136,89,46,164,4,84,122,25,23,77,57,186,170,176,72,154,172,59,11,182,139,135,191,48,50,56,92,147,67,32,38,87,165,193,28,44,125,91,88,70,71,162,20,188,61,184,8,157,78,128,101,185,76,80,100,30,134,27,2,97,58,151,175,6,1,117,113,169,142,131,158,62,120,3,95,149,107,55,14,13,111,52,148,83,129,24,150,103,105,69,159,40,116,140,99,106,194,180,178,192,109,66,145,102,110,171,0,85,104,17,53,155,146,63,31,183,65,16,190,10,130,5,39,195,43,127,179,96,141,98,114,64,79,42,119,132,75,163,133,81,153,166,189,33,35,36,22,112,93,19,144,121,51];False
3838;6538;10376;[198,29,90,41,187,60,177,47,26,89,115,152,49,54,197,123,74,37,94,118,124,168,34,108,174,196,167,15,156,21,73,82,137,86,181,68,61,45,138,126,143,160,173,18,199,12,7,161,136,46,164,4,84,122,25,23,77,57,186,170,176,72,154,172,59,11,182,139,135,191,48,50,56,92,147,67,32,38,9,165,193,28,44,125,91,88,70,71,162,20,188,144,184,8,157,78,128,101,185,76,80,100,30,134,27,2,97,58,151,175,6,1,117,113,169,142,131,158,62,120,3,95,149,107,55,14,13,111,52,148,83,129,24,150,103,105,69,159,40,116,140,99,106,194,180,178,192,109,66,145,102,110,171,0,85,104,17,53,155,146,63,31,183,65,16,190,10,130,5,39,195,43,127,179,96,141,98,114,64,79,42,119,132,75,163,133,81,153,166,189,33,35,36,22,112,93,19,87,121,51];True
4001;6521;10522;[198,29,90,41,187,60,177,47,26,89,115,152,49,54,197,123,74,37,94,118,124,168,34,108,174,196,167,15,156,21,73,82,163,86,181,68,9,45,138,126,143,160,173,18,199,12,7,161,136,46,164,4,84,122,25,23,77,57,186,170,176,72,154,172,59,11,182,139,135,191,48,50,56,92,147,67,32,38,61,165,193,28,44,125,91,88,70,71,162,20,188,144,184,8,157,78,128,101,185,76,80,100,30,134,27,2,97,58,151,175,6,1,117,113,169,142,131,158,62,120,3,95,149,107,55,14,13,111,52,148,83,129,24,150,103,105,69,159,40,116,140,99,106,194,180,178,192,109,66,145,102,110,171,0,85,104,17,53,155,146,63,31,183,65,16,190,10,130,5,39,195,43,127,179,96,141,98,114,64,79,42,119,132,75,137,133,81,153,166,189,33,35,36,22,112,93,19,87,121,51];False
3999;6520;10519;[198,29,90,41,187,60,177,47,26,89,115,152,49,54,197,123,74,37,94,118,124,168,34,108,174,196,167,15,156,21,73,82,137,86,181,68,9,45,138,126,143,160,173,18,12,199,7,161,136,46,164,4,84,122,25,23,77,57,186,170,176,72,154,172,59,11,182,139,135,191,48,50,56,92,147,67,32,38,61,165,193,28,44,125,91,88,70,71,162,20,188,144,184,8,157,78,128,101,185,76,80,100,30,134,27,2,97,58,151,175,6,1,117,113,169,142,131,158,62,120,3,95,149,107,55,14,13,111,52,148,83,129,24,150,103,105,69,159,40,116,140,99,106,194,180,178,192,109,66,145,102,110,171,0,85,104,17,53,155,146,63,31,183,65,16,190,10,130,5,39,195,43,127,179,96,141,98,114,64,79,42,119,132,75,163,133,81,153,166,189,33,35,36,22,112,93,19,87,121,51];False
3986;6524;10510;[198,29,90,41,187,60,177,47,26,89,115,152,49,54,197,123,74,37,94,118,124,168,34,108,174,196,167,15,156,21,73,82,137,86,181,68,9,45,138,126,143,160,173,18,175,12,7,161,136,46,164,4,84,122,25,23,77,57,186,170,176,72,154,172,59,11,182,139,135,191,48,50,56,92,147,67,32,38,61,165,193,28,44,125,91,88,70,71,162,20,188,144,184,8,157,78,128,101,185,76,80,100,30,134,27,2,97,58,151,199,6,1,117,113,169,142,131,158,62,120,3,95,149,107,55,14,13,111,52,148,83,129,24,150,103,105,69,159,40,116,140,99,106,194,180,178,192,109,66,145,102,110,171,0,85,104,17,53,155,146,63,31,183,65,16,190,10,130,5,39,195,43,127,179,96,141,98,114,64,79,42,119,132,75,163,133,81,153,166,189,33,35,36,22,112,93,19,87,121,51];False
3915;6528;10443;[198,29,90,41,187,60,177,47,26,89,115,152,49,54,197,123,74,37,94,118,124,168,34,108,174,196,167,15,156,21,73,82,137,86,181,68,9,45,138,126,143,160,173,18,171,12,7,161,136,46,164,4,84,122,25,23,77,57,186,170,176,72,154,172,59,11,182,139,135,191,48,50,56,92,147,67,32,38,61,165,193,28,44,125,91,88,70,71,162,20,188,144,184,8,157,78,128,101,185,76,80,100,30,134,27,2,97,58,151,175,6,1,117,113,169,142,131,158,62,120,3,95,149,107,55,14,13,111,52,148,83,129,24,150,103,105,69,159,40,116,140,99,106,194,180,178,192,109,66,145,102,110,199,0,85,104,17,53,155,146,63,31,183,65,16,190,10,130,5,39,195,43,127,179,96,141,98,114,64,79,42,119,132,75,163,133,81,153,166,189,33,35,36,22,112,93,19,87,121,51];False
3959;6525;10484;[198,29,90,41,187,60,177,47,26,89,115,152,49,54,197,123,74,37,94,118,124,168,34,108,174,196,167,15,156,21,73,82,137,86,181,68,9,45,138,126,143,160,173,18,199,12,7,161,136,46,164,4,84,122,25,23,77,57,186,170,176,72,154,172,59,98,182,139,135,191,48,50,56,92,147,67,32,38,61,165,193,28,44,125,91,88,70,71,162,20,188,144,184,8,157,78,128,101,185,76,80,100,30,134,27,2,97,58,151,175,6,1,117,113,169,142,131,158,62,120,3,95,149,107,55,14,13,111,52,148,83,129,24,150,103,105,69,159,40,116,140,99,106,194,180,178,192,109,66,145,102,110,171,0,85,104,17,53,155,146,63,31,183,65,16,190,10,130,5,39,195,43,127,179,96,141,11,114,64,79,42,119,132,75,163,133,81,153,166,189,33,35,36,22,112,93,19,87,121,51];False
3909;6528;10437;[198,29,90,41,187,60,177,47,26,89,115,152,49,54,197,123,74,37,94,118,124,168,34,108,174,196,167,15,156,21,73,82,137,86,181,68,9,45,138,126,143,160,173,18,199,12,7,161,136,46,164,4,84,122,25,23,77,57,186,170,176,72,154,172,59,11,182,139,135,191,48,50,56,92,147,67,32,19,61,165,193,28,44,125,91,88,70,71,162,20,188,144,184,8,157,78,128,101,185,76,80,100,30,134,27,2,97,58,151,175,6,1,117,113,169,142,131,158,62,120,3,95,149,107,55,14,13,111,52,148,83,129,24,150,103,105,69,159,40,116,140,99,106,194,180,178,192,109,66,145,102,110,171,0,85,104,17,53,155,146,63,31,183,65,16,190,10,130,5,39,195,43,127,179,96,141,98,114,64,79,42,119,132,75,163,133,81,153,166,189,33,35,36,22,112,93,38,87,121,51];False
3959;6522;10481;[198,29,90,41,187,60,177,47,26,89,115,152,49,54,197,123,74,37,94,118,124,168,34,108,174,196,167,15,156,21,73,82,137,86,181,68,9,45,138,126,143,160,173,18,199,12,7,161,136,46,164,4,84,122,25,23,77,57,186,170,176,72,154,172,59,11,182,139,135,191,48,50,56,92,147,67,32,38,87,165,193,28,44,125,91,88,70,71,162,20,188,144,184,8,157,78,128,101,185,76,80,100,30,134,27,2,97,58,151,175,6,1,117,113,169,142,131,158,62,120,3,95,149,107,55,14,13,111,52,148,83,129,24,150,103,105,69,159,40,116,140,99,106,194,180,178,192,109,66,145,102,110,171,0,85,104,17,53,155,146,63,31,183,65,16,190,10,130,5,39,195,43,127,179,96,141,98,114,64,79,42,119,132,75,163,133,81,153,166,189,33,35,36,22,112,93,19,61,121,51];False
3880;6531;10411;[198,29,90,41,187,60,177,47,26,89,115,152,49,54,197,123,74,37,94,118,124,168,34,108,174,196,167,15,156,21,73,82,137,86,181,68,9,45,138,126,143,160,173,18,171,12,7,161,136,46,164,4,84,122,25,23,77,57,186,170,176,72,154,172,59,11,182,139,135,191,48,50,56,92,147,67,32,61,19,165,193,28,44,125,91,88,70,71,162,20,188,144,184,8,157,78,128,101,185,76,80,100,30,134,27,2,97,58,151,175,6,1,117,113,169,142,131,158,62,120,3,95,149,107,55,14,13,111,52,148,83,129,24,150,103,105,69,159,40,116,140,99,106,194,180,178,192,109,66,145,102,110,199,0,85,104,17,53,155,146,63,31,183,65,16,190,10,130,5,39,195,43,127,179,96,141,98,114,64,79,42,119,132,75,163,133,81,153,166,189,33,35,36,22,112,93,38,87,121,51];True
3784;6548;10332;[198,29,90,41,187,179,177,47,26,89,115,152,49,54,197,123,74,37,94,118,124,168,34,108,174,196,167,15,156,21,73,82,137,86,181,68,9,45,138,126,143,160,173,18,199,12,7,161,136,46,164,4,84,122,25,23,77,57,186,170,176,72,154,172,59,11,182,139,135,191,48,50,56,92,147,67,32,61,19,165,193,28,44,125,91,88,70,71,162,20,188,144,184,8,157,78,128,101,185,76,80,100,30,134,27,2,97,58,151,175,6,1,117,113,169,142,131,158,62,120,3,95,149,107,55,14,13,111,52,148,83,129,24,150,103,105,69,159,40,116,140,99,106,194,180,178,192,109,66,145,102,110,171,0,85,104,17,53,155,146,63,31,183,65,16,190,10,130,5,39,195,43,127,60,96,141,98,114,64,79,42,119,132,75,163,133,81,153,166,189,33,35,36,22,112,93,38,87,121,51];False
3941;6527;10468;[198,29,90,41,187,60,177,47,26,89,115,152,49,54,197,123,74,37,94,118,124,168,34,108,174,196,167,15,156,21,73,82,137,86,181,68,9,45,138,126,143,160,173,18,171,199,7,161,136,46,164,4,84,122,25,23,77,57,186,170,176,72,154,172,59,11,182,139,135,191,48,50,56,92,147,67,32,61,38,165,193,28,44,125,91,88,70,71,162,20,188,144,184,8,157,78,128,101,185,76,80,100,30,134,27,2,97,58,151,175,6,1,117,113,169,142,131,158,62,120,3,95,149,107,55,14,13,111,52,148,83,129,24,150,103,105,69,159,40,116,140,99,106,194,180,178,192,109,66,145,102,110,12,0,85,104,17,53,155,146,63,31,183,65,16,190,10,130,5,39,195,43,127,179,96,141,98,114,64,79,42,119,132,75,163,133,81,153,166,189,33,35,36,22,112,93,19,87,121,51];False
4464;6444;10908;[198,29,90,41,187,60,42,47,26,161,115,152,172,59,197,123,31,37,94,118,124,168,34,108,174,196,167,15,156,21,73,82,137,86,181,68,9,45,138,126,143,160,91,18,171,195,7,173,89,144,164,4,84,122,25,23,77,57,186,170,176,72,154,49,39,11,182,139,135,183,51,50,56,92,147,67,32,38,87,165,193,28,44,125,6,88,70,71,162,20,191,61,184,8,157,78,128,101,185,76,80,100,30,134,27,2,97,58,158,62,95,1,117,113,169,142,131,110,54,120,3,136,149,107,55,14,13,111,52,148,83,129,24,150,103,105,69,159,40,116,48,99,106,194,180,178,192,109,66,145,102,151,199,0,85,104,17,53,155,121,140,74,188,65,16,190,10,130,5,175,12,43,127,79,179,177,98,114,64,96,141,119,132,75,163,133,81,153,166,189,33,35,36,22,112,93,19,46,146,63];True
4390;6456;10846;[198,29,90,41,187,60,42,47,26,161,115,152,172,59,197,123,31,37,94,118,124,168,34,108,174,196,167,15,156,21,73,82,137,86,181,68,9,45,138,126,143,160,91,18,171,195,7,173,89,144,164,4,84,122,25,23,77,57,186,170,176,72,154,49,76,11,182,139,135,183,51,50,56,92,147,67,32,38,87,165,193,28,44,125,6,88,70,71,162,20,191,61,184,8,157,78,128,101,185,39,80,100,30,134,27,2,97,58,158,62,95,1,117,113,169,142,131,110,54,120,3,136,149,107,55,14,13,111,52,148,83,129,24,150,103,105,69,159,40,116,48,99,106,194,180,178,192,109,66,145,102,151,199,0,85,104,17,53,155,121,140,74,188,65,16,190,10,130,5,177,12,43,127,79,179,175,98,114,64,96,141,119,132,75,163,133,81,153,166,189,33,35,36,22,112,93,19,46,146,63];False
4399;6454;10853;[198,29,90,41,187,128,42,47,26,161,115,152,172,59,197,123,31,37,94,118,124,168,34,108,174,196,167,15,156,21,73,82,137,86,181,68,9,45,138,126,143,160,91,18,171,195,7,173,89,46,164,4,84,122,25,23,77,57,186,170,176,72,154,49,39,11,182,139,135,183,51,50,56,92,147,67,32,38,87,165,193,28,44,125,6,88,70,71,162,20,191,61,184,8,157,78,60,101,185,76,80,100,30,134,27,2,97,58,158,62,95,1,117,113,169,142,131,110,54,120,3,136,149,107,55,14,13,111,52,148,83,129,24,150,103,105,69,159,40,116,48,99,106,194,180,178,192,109,66,145,102,151,199,0,85,104,17,53,155,121,140,74,188,65,16,190,10,130,5,175,12,43,127,79,179,177,98,114,64,96,141,119,132,75,163,133,81,153,166,189,33,35,36,22,112,93,19,144,146,63];False
4477;6440;10917;[198,29,90,41,187,60,42,47,26,161,115,152,172,59,197,123,31,37,94,118,124,168,34,108,174,196,167,15,156,21,73,82,137,86,181,68,9,45,138,126,143,160,91,18,171,195,7,173,89,46,164,4,84,122,25,23,77,57,186,170,176,72,154,49,133,11,182,139,135,183,51,50,56,92,147,67,32,38,87,165,193,28,44,125,6,88,70,71,162,20,191,61,184,8,157,78,128,101,185,76,80,100,30,134,27,2,97,58,158,62,95,1,117,113,169,142,131,110,54,120,3,136,149,107,55,14,13,111,52,148,83,129,24,150,103,105,69,159,40,116,48,99,106,194,180,178,192,109,66,145,102,151,199,0,85,104,17,53,155,121,140,74,188,65,16,190,10,130,5,175,12,43,127,79,179,177,98,114,64,96,141,119,132,75,163,39,81,153,166,189,33,35,36,22,112,93,19,144,146,63];True
4399;6452;10851;[198,29,90,41,187,60,42,47,26,161,115,152,172,59,197,123,31,37,94,118,124,168,34,108,174,196,167,15,156,21,73,82,137,86,181,68,9,45,138,126,143,160,91,18,171,195,7,173,89,46,164,4,84,122,25,23,77,57,186,170,176,72,154,49,39,11,182,139,135,183,51,50,56,92,147,67,32,38,87,165,193,28,44,125,6,88,70,71,162,20,191,61,184,8,157,78,128,101,185,76,80,100,30,134,27,2,97,58,158,62,95,1,117,113,169,142,131,110,54,120,3,136,149,107,55,14,13,111,52,148,83,129,24,150,103,105,69,159,40,116,48,99,106,194,180,178,192,109,66,145,102,151,199,0,85,104,17,53,155,121,140,74,188,65,16,190,10,130,5,177,12,43,127,79,179,175,98,114,64,96,141,119,132,75,163,133,81,153,166,189,33,35,36,22,112,93,19,144,146,63];True
4325;6466;10791;[198,29,90,41,187,128,42,47,26,161,115,152,172,59,197,123,31,37,94,118,124,168,34,108,174,196,167,15,156,21,73,82,137,86,181,68,9,45,138,126,143,160,91,18,171,195,7,173,89,46,164,4,84,122,25,23,77,57,186,170,176,72,154,49,76,11,182,139,135,183,51,50,56,92,147,67,32,38,87,165,193,28,44,125,6,88,70,71,162,20,191,61,184,8,157,78,60,101,185,39,80,100,30,134,27,2,97,58,158,62,95,1,117,113,169,142,131,110,54,120,3,136,149,107,55,14,13,111,52,148,83,129,24,150,103,105,69,159,40,116,48,99,106,194,180,178,192,109,66,145,102,151,199,0,85,104,17,53,155,121,140,74,188,65,16,190,10,130,5,177,12,43,127,79,179,175,98,114,64,96,141,119,132,75,163,133,81,153,166,189,33,35,36,22,112,93,19,144,146,63];True
4558;6429;10987;[198,29,90,41,187,60,179,47,26,161,115,152,172,59,197,123,31,37,94,118,124,168,34,108,174,196,167,15,156,21,73,82,137,86,181,68,9,45,138,126,143,160,91,18,171,195,7,173,89,144,164,4,84,122,25,23,77,57,186,170,176,72,154,49,133,11,182,139,135,183,51,50,56,92,147,67,32,38,87,165,193,28,44,125,6,88,70,71,162,20,191,61,184,8,157,78,128,101,185,76,80,100,30,134,27,2,97,58,158,62,95,1,117,113,169,142,131,110,54,120,3,136,149,107,55,14,13,111,52,148,83,129,24,150,103,105,69,159,40,116,48,99,106,194,180,178,192,109,66,145,102,151,199,0,85,104,17,53,155,121,140,74,188,65,16,190,10,130,5,175,12,43,127,79,42,177,98,114,64,96,141,119,132,75,163,39,81,153,166,189,33,35,36,22,112,93,19,46,146,63];True
4608;6420;11028;[198,29,90,41,187,60,179,47,26,161,115,152,172,59,197,123,31,37,94,118,124,168,34,108,174,196,167,15,156,21,73,82,137,86,181,68,9,45,138,126,143,160,91,18,171,195,7,173,89,46,164,4,84,122,25,23,77,57,186,170,176,72,154,49,133,11,182,139,135,183,51,50,56,92,147,67,32,38,87,165,193,28,44,125,6,88,70,71,162,20,191,61,184,8,157,78,128,101,185,76,80,100,30,134,27,2,97,58,158,62,95,1,117,113,169,142,131,110,54,120,3,136,149,107,55,14,13,111,52,148,83,129,24,150,103,105,69,159,40,116,48,99,106,194,180,178,192,109,66,145,102,151,199,0,85,104,17,53,155,121,140,74,188,65,16,190,10,130,5,175,12,43,127,79,42,141,98,114,64,96,177,119,132,75,163,39,81,153,166,189,33,35,36,22,112,93,19,144,146,63];True
3154;6712;9866;[198,29,90,41,127,60,42,47,26,161,115,152,49,54,197,123,74,37,94,118,124,168,34,108,174,196,167,15,156,21,73,82,137,86,181,68,9,45,138,126,143,160,173,18,199,12,7,136,89,46,164,4,84,122,25,23,77,57,186,170,176,72,154,172,59,11,182,139,135,191,48,50,56,92,147,67,32,61,38,165,193,28,44,16,91,88,70,71,162,20,188,144,184,8,157,78,128,101,185,76,80,100,30,134,27,195,97,58,151,175,6,1,117,2,169,75,131,158,62,120,3,95,149,107,55,14,13,111,112,148,83,129,24,150,103,140,69,159,40,116,105,99,106,194,180,178,192,10,66,145,102,110,171,0,85,104,17,53,155,146,63,31,183,65,125,190,109,130,5,39,113,43,187,179,96,141,98,114,64,79,177,119,132,142,163,133,81,153,166,189,33,35,36,22,52,93,19,87,121,51];False
3165;6699;9864;[198,29,90,41,127,60,42,47,26,161,115,152,49,54,197,123,74,37,94,118,124,168,34,108,174,196,167,15,156,21,73,82,137,86,181,68,9,45,138,126,143,160,173,18,199,12,7,136,89,46,164,4,84,122,25,23,77,57,186,170,176,72,154,172,59,11,182,139,135,191,48,50,56,92,147,67,32,61,38,165,193,28,44,16,91,88,70,71,162,20,188,144,184,8,157,78,128,101,185,76,80,100,30,134,27,195,97,58,151,175,6,1,117,2,169,142,131,158,62,120,3,95,149,107,55,14,13,111,112,148,83,129,24,150,103,140,69,159,40,116,105,99,106,194,180,178,192,10,66,145,102,110,171,0,85,104,17,53,155,146,63,31,183,65,125,190,109,130,5,39,113,43,187,179,96,177,98,114,64,79,141,119,132,75,163,133,81,153,166,189,33,35,36,22,52,93,19,87,121,51];False
3145;6709;9854;[198,29,90,41,127,60,177,47,26,161,115,152,49,54,197,123,74,37,94,118,124,168,34,108,174,196,167,15,156,21,73,82,137,110,181,68,9,45,138,126,143,160,173,18,199,12,7,136,89,46,164,4,84,122,25,23,77,57,186,170,176,72,154,172,59,11,182,139,135,191,48,50,56,92,147,67,32,61,38,165,193,28,44,16,91,88,70,71,162,20,188,144,184,8,157,78,128,101,86,76,80,100,30,134,27,195,97,58,151,175,6,1,117,2,169,142,131,158,62,120,3,95,149,107,55,14,13,111,112,148,83,129,24,150,103,140,69,159,40,116,105,99,106,194,180,178,192,10,66,145,102,185,171,0,85,104,17,53,155,146,63,31,183,65,125,190,109,130,5,39,113,43,187,179,96,141,98,114,64,79,42,119,132,75,163,133,81,153,166,189,33,35,36,22,52,93,19,87,121,51];False
3142;6711;9853;[198,29,90,41,127,60,177,47,26,161,115,152,49,54,197,123,74,37,94,118,124,168,34,108,174,196,167,15,156,21,73,82,137,86,181,68,9,45,138,126,143,160,173,18,199,12,7,136,89,46,164,4,84,122,25,23,77,57,186,170,176,72,154,172,59,11,182,139,135,191,48,50,56,92,147,67,32,61,38,165,193,28,44,16,91,88,70,71,162,20,188,144,184,8,157,78,128,110,101,76,80,100,30,134,27,195,97,58,151,175,6,1,117,2,169,142,131,158,62,120,3,95,149,107,55,14,13,111,112,148,83,129,24,150,103,140,69,159,40,116,105,99,106,194,180,178,192,10,66,145,102,185,171,0,85,104,17,53,155,146,63,31,183,65,125,190,109,130,5,39,113,43,187,179,96,141,98,114,64,79,42,119,132,75,163,133,81,153,166,189,33,35,36,22,52,93,19,87,121,51];False
3064;6737;9801;[198,29,90,41,127,60,177,47,26,161,115,152,49,54,197,123,74,37,94,118,124,168,34,108,174,196,167,15,156,21,73,82,137,86,181,68,9,45,138,126,143,160,173,18,199,12,7,136,89,46,164,4,84,122,25,23,77,57,186,170,176,72,154,172,59,11,182,139,135,191,48,50,56,92,147,67,32,61,38,165,193,28,44,16,91,88,70,71,162,20,188,144,184,8,157,78,128,101,110,81,80,100,30,134,27,195,97,58,151,175,6,1,117,2,169,142,131,158,62,120,3,95,149,107,55,14,13,111,112,148,83,129,24,150,103,140,69,159,40,116,105,99,106,194,180,178,192,10,66,145,102,185,171,0,85,104,17,53,155,146,63,31,183,65,125,190,109,130,5,39,113,43,187,179,96,141,98,114,64,79,42,119,132,75,163,133,76,153,166,189,33,35,36,22,52,93,19,87,121,51];False
3194;6687;9881;[198,29,90,41,127,60,42,47,26,161,115,152,49,54,197,123,74,37,94,118,124,168,17,108,174,196,167,15,156,21,73,82,137,86,181,68,9,45,138,126,143,160,173,18,199,12,7,136,89,46,164,4,84,122,25,23,77,57,186,170,176,72,154,172,59,11,182,139,135,191,48,50,56,92,147,67,32,61,38,165,193,28,44,16,91,88,70,71,162,20,188,144,184,8,157,78,128,101,185,76,80,100,30,134,27,195,97,58,151,175,6,1,117,2,169,142,131,158,62,120,3,95,149,107,55,14,13,111,112,148,83,129,24,150,103,105,69,159,40,116,104,99,106,194,180,178,192,10,66,145,102,110,171,0,85,140,34,53,155,146,63,31,183,65,125,190,109,130,5,39,113,43,187,179,96,141,98,114,64,79,177,119,132,75,163,133,81,153,166,189,33,35,36,22,52,93,19,87,121,51];False
3210;6682;9892;[198,29,90,41,127,60,42,47,26,161,115,152,49,54,197,123,74,37,94,118,124,168,34,108,174,196,167,15,156,21,73,82,137,86,181,68,9,45,138,126,143,160,173,18,199,12,7,136,89,46,164,4,84,122,25,23,77,57,186,170,176,72,154,172,59,11,182,139,135,191,48,50,56,92,147,67,32,61,38,165,193,28,44,16,91,88,70,71,162,20,188,144,184,8,157,78,128,101,185,76,80,100,30,134,27,195,97,58,151,175,6,1,117,2,169,142,131,158,62,120,3,95,149,107,55,14,13,111,112,148,83,129,24,150,103,105,69,159,40,116,104,99,106,194,180,178,192,10,66,145,102,110,171,0,85,140,17,53,155,146,63,31,183,65,125,190,109,130,5,39,113,43,187,179,96,177,98,114,64,79,141,119,132,75,163,133,81,153,166,189,33,35,36,22,52,93,19,87,121,51];False
3173;6696;9869;[198,29,90,41,127,60,177,47,26,161,115,152,49,54,197,168,74,37,94,118,124,123,17,108,174,196,167,15,156,21,73,82,137,86,181,68,9,45,138,126,143,160,173,18,199,12,7,136,89,46,164,4,84,122,25,23,77,57,186,170,176,72,154,172,59,11,182,139,135,191,48,50,56,92,147,67,32,61,38,165,193,28,44,16,91,88,70,71,162,20,188,144,184,8,157,78,128,101,185,76,80,100,30,134,27,195,97,58,151,175,6,1,117,2,169,142,131,158,62,120,3,95,149,107,55,14,13,111,112,148,83,129,24,150,103,105,69,159,40,116,104,99,106,194,180,178,192,10,66,145,102,110,171,0,85,140,34,53,155,146,63,31,183,65,125,190,109,130,5,39,113,43,187,179,96,141,98,114,64,79,42,119,132,75,163,133,81,153,166,189,33,35,36,22,52,93,19,87,121,51];False
3238;6674;9912;[198,29,90,41,127,60,177,47,26,161,115,152,49,54,197,123,74,37,94,118,124,168,17,108,174,196,167,15,156,21,73,82,137,86,181,68,9,45,138,126,143,160,173,18,199,12,7,136,89,46,164,4,84,122,25,23,77,57,186,170,176,72,154,172,59,11,182,139,135,191,48,50,56,92,147,67,32,61,19,165,193,28,44,16,91,88,70,71,162,20,188,144,184,8,157,78,128,101,185,76,80,100,30,134,27,195,97,58,151,175,6,1,117,2,169,142,131,158,62,120,3,95,149,107,55,14,13,111,112,148,83,129,24,150,103,105,69,159,40,116,104,99,106,194,180,178,192,10,66,145,102,110,171,0,85,140,34,53,155,146,63,31,183,65,125,190,109,130,5,39,113,43,187,179,96,141,98,114,64,79,42,119,132,75,163,133,81,153,166,189,33,35,36,22,52,93,38,87,121,51];False
3181;6695;9876;[198,29,90,41,127,60,177,47,26,161,115,152,49,54,197,123,74,37,94,118,124,168,17,108,174,196,167,15,156,21,73,82,137,86,181,68,9,45,138,126,143,160,173,18,199,12,7,136,89,46,164,4,84,122,25,23,77,57,186,170,176,72,154,172,59,11,182,139,135,191,48,50,56,92,147,67,32,61,38,165,193,28,44,16,91,88,70,71,162,20,188,144,184,8,157,78,128,101,110,76,80,100,30,134,27,195,97,58,151,175,6,1,117,2,169,142,131,158,62,120,3,95,149,107,55,14,13,111,112,148,83,129,24,150,103,105,69,159,40,116,104,99,106,194,180,178,192,10,66,145,102,185,171,0,85,140,34,53,155,146,63,31,183,65,125,190,109,130,5,39,113,43,187,179,96,141,98,114,64,79,42,119,132,75,163,133,81,153,166,189,33,35,36,22,52,93,19,87,121,51];False
3234;6671;9905;[198,29,90,41,127,60,42,119,26,161,115,152,49,54,197,123,74,37,94,118,124,168,17,108,174,196,167,15,156,21,73,82,137,86,181,68,9,45,138,126,143,160,173,18,199,12,7,136,89,46,164,4,84,122,25,23,77,57,186,170,176,72,154,172,59,11,182,139,135,191,48,50,56,92,147,67,32,61,38,165,193,28,44,16,91,88,70,71,162,20,188,144,184,8,157,78,128,101,185,76,80,100,30,134,27,195,97,58,151,175,6,1,117,2,169,142,131,158,62,120,3,95,149,107,55,14,13,111,52,148,83,129,24,150,103,105,69,159,40,116,104,99,106,194,180,178,192,10,66,145,102,110,171,0,85,140,34,53,155,146,63,31,183,65,125,190,109,130,5,39,113,43,187,179,96,141,98,114,64,79,177,47,132,75,163,133,81,153,166,189,33,35,36,22,112,93,19,87,121,51];False
3248;6670;9918;[198,29,90,41,127,60,42,47,26,161,115,152,49,54,197,123,74,37,94,118,124,168,17,108,174,196,167,15,156,21,73,82,137,86,181,68,9,45,138,126,143,160,173,18,199,12,7,136,89,46,164,4,84,122,25,23,77,57,186,170,176,72,154,172,59,11,182,139,135,191,48,50,56,92,147,67,32,61,38,165,193,28,44,16,91,88,70,71,162,20,188,144,184,8,157,78,128,101,110,76,80,100,30,134,27,195,97,58,151,175,6,1,117,2,169,142,131,158,62,120,3,95,149,107,55,14,13,111,52,148,83,129,24,150,103,105,69,159,40,116,104,99,106,194,180,178,192,10,66,145,102,185,171,0,85,140,34,53,155,146,63,31,183,65,125,190,109,130,5,39,113,43,187,179,96,141,98,114,64,79,177,119,132,75,163,133,81,153,166,189,33,35,36,22,112,93,19,87,121,51];False
3279;6653;9932;[198,29,90,41,127,60,42,47,26,161,115,152,49,54,197,123,74,37,94,118,124,168,17,108,174,196,167,15,156,21,73,82,137,86,181,68,9,45,138,126,143,160,173,18,199,12,7,136,89,46,164,4,84,122,25,23,77,57,186,170,176,72,154,172,59,11,182,139,135,191,48,50,56,92,147,67,32,61,38,165,193,28,44,16,91,88,70,71,162,20,188,144,184,8,157,78,128,101,185,76,80,100,30,134,27,195,97,58,151,175,6,1,117,2,169,142,131,158,62,120,3,95,149,107,55,14,13,111,52,148,83,129,24,150,103,105,69,159,40,116,104,99,106,194,180,178,192,10,66,145,102,110,171,0,85,140,34,53,155,146,63,31,183,65,125,190,109,130,5,39,113,43,187,179,96,177,98,114,64,79,141,119,132,75,163,133,81,153,166,189,33,35,36,22,112,93,19,87,121,51];False
3259;6663;9922;[198,29,90,41,127,60,177,47,26,161,115,152,49,54,197,123,74,37,94,118,124,168,17,108,174,196,167,15,156,21,73,82,137,110,181,68,9,45,138,126,143,160,173,18,199,12,7,136,89,46,164,4,84,122,25,23,77,57,186,170,176,72,154,172,59,11,182,139,135,191,48,50,56,92,147,67,32,61,38,165,193,28,44,16,91,88,70,71,162,20,188,144,184,8,157,78,128,101,86,76,80,100,30,134,27,195,97,58,151,175,6,1,117,2,169,142,131,158,62,120,3,95,149,107,55,14,13,111,52,148,83,129,24,150,103,105,69,159,40,116,104,99,106,194,180,178,192,10,66,145,102,185,171,0,85,140,34,53,155,146,63,31,183,65,125,190,109,130,5,39,113,43,187,179,96,141,98,114,64,79,42,119,132,75,163,133,81,153,166,189,33,35,36,22,112,93,19,87,121,51];False
3256;6665;9921;[198,29,90,41,127,60,177,47,26,161,115,152,49,54,197,123,74,37,94,118,124,168,17,108,174,196,167,15,156,21,73,82,137,86,181,68,9,45,138,126,143,160,173,18,199,12,7,136,89,46,164,4,84,122,25,23,77,57,186,170,176,72,154,172,59,11,182,139,135,191,48,50,56,92,147,67,32,61,38,165,193,28,44,16,91,88,70,71,162,20,188,144,184,8,157,78,128,110,101,76,80,100,30,134,27,195,97,58,151,175,6,1,117,2,169,142,131,158,62,120,3,95,149,107,55,14,13,111,52,148,83,129,24,150,103,105,69,159,40,116,104,99,106,194,180,178,192,10,66,145,102,185,171,0,85,140,34,53,155,146,63,31,183,65,125,190,109,130,5,39,113,43,187,179,96,141,98,114,64,79,42,119,132,75,163,133,81,153,166,189,33,35,36,22,112,93,19,87,121,51];False
3246;6670;9916;[198,29,90,41,127,60,177,47,26,161,115,152,49,54,197,123,74,37,94,118,124,168,17,108,174,196,167,15,156,21,73,82,137,86,181,68,9,45,138,126,143,160,173,18,199,12,7,136,89,46,164,4,84,122,25,23,77,57,186,170,176,72,154,172,59,11,182,139,135,191,48,50,56,92,147,67,32,61,38,165,193,28,44,16,91,88,70,71,162,20,188,144,184,8,157,78,128,101,151,76,80,100,30,134,27,195,97,58,110,175,6,1,117,2,169,142,131,158,62,120,3,95,149,107,55,14,13,111,52,148,83,129,24,150,103,105,69,159,40,116,104,99,106,194,180,178,192,10,66,145,102,185,171,0,85,140,34,53,155,146,63,31,183,65,125,190,109,130,5,39,113,43,187,179,96,141,98,114,64,79,42,119,132,75,163,133,81,153,166,189,33,35,36,22,112,93,19,87,121,51];False
3178;6691;9869;[198,29,90,41,127,60,177,47,26,161,115,152,49,54,197,123,74,37,94,118,124,168,17,108,174,196,167,15,156,21,73,82,137,86,181,68,9,45,138,126,143,160,173,18,199,12,7,136,89,46,164,4,84,122,25,23,77,57,186,170,176,72,154,172,59,11,182,139,135,191,48,50,56,92,147,67,32,61,38,165,193,28,44,16,91,88,70,71,162,20,188,144,184,8,157,78,128,101,110,81,80,100,30,134,27,195,97,58,151,175,6,1,117,2,169,142,131,158,62,120,3,95,149,107,55,14,13,111,52,148,83,129,24,150,103,105,69,159,40,116,104,99,106,194,180,178,192,10,66,145,102,185,171,0,85,140,34,53,155,146,63,31,183,65,125,190,109,130,5,39,113,43,187,179,96,141,98,114,64,79,42,119,132,75,163,133,76,153,166,189,33,35,36,22,112,93,19,87,121,51];False
3941;6522;10463;[198,29,90,41,187,60,177,47,26,161,115,152,49,54,197,123,74,37,94,118,124,168,34,108,174,196,167,15,156,21,73,82,137,86,181,68,9,45,138,126,143,160,173,18,199,12,7,136,89,46,164,4,84,122,25,23,77,57,186,170,176,72,154,172,59,11,182,139,135,191,48,50,56,92,147,67,32,38,87,165,193,28,44,125,91,88,70,71,162,20,188,61,184,8,157,78,128,101,185,76,80,100,30,134,27,2,97,58,151,175,6,1,117,113,169,142,131,158,62,120,3,95,149,107,55,14,13,111,52,148,83,129,24,150,103,105,69,159,40,116,140,99,106,194,180,178,192,109,66,145,102,110,171,0,85,104,17,53,155,146,63,31,183,65,16,190,10,130,5,39,195,43,127,179,96,141,98,114,64,79,42,119,132,75,163,133,81,153,166,189,33,35,36,22,112,93,19,144,121,51];False
4039;6513;10552;[198,29,90,41,187,60,177,47,26,161,115,152,49,54,197,123,74,37,94,118,124,168,34,108,174,196,167,15,156,21,73,82,137,86,181,68,9,45,138,126,143,160,173,18,171,199,7,136,89,46,164,4,84,122,25,23,77,57,186,170,176,72,154,172,59,11,182,139,135,191,48,50,56,92,147,67,32,38,87,165,193,28,44,125,91,88,70,71,162,20,188,61,184,8,157,78,128,101,185,76,80,100,30,134,27,2,97,58,151,175,6,1,117,113,169,142,131,158,62,120,3,95,149,107,55,14,13,111,52,148,83,129,24,150,103,105,69,159,40,116,140,99,106,194,180,178,192,109,66,145,102,110,12,0,85,104,17,53,155,146,63,31,183,65,16,190,10,130,5,39,195,43,127,179,96,141,98,114,64,79,42,119,132,75,163,133,81,153,166,189,33,35,36,22,112,93,19,144,121,51];False
4019;6519;10538;[198,29,90,41,187,60,177,47,26,161,115,152,49,54,197,123,74,37,94,118,124,168,34,108,174,196,167,15,156,21,73,82,137,86,181,68,9,45,138,126,143,160,173,18,12,199,7,136,89,46,164,4,84,122,25,23,77,57,186,170,176,72,154,172,59,11,182,139,135,191,48,50,56,92,147,67,32,38,87,165,193,28,44,125,91,88,70,71,162,20,188,61,184,8,157,78,128,101,185,76,80,100,30,134,27,2,97,58,151,175,6,1,117,113,169,142,131,158,62,120,3,95,149,107,55,14,13,111,52,148,83,129,24,150,103,105,69,159,40,116,104,99,106,194,180,178,192,109,66,145,102,110,171,0,85,140,17,53,155,146,63,31,183,65,16,190,10,130,5,39,195,43,127,179,96,141,98,114,64,79,42,119,132,75,163,133,81,153,166,189,33,35,36,22,112,93,19,144,121,51];False
3994;6521;10515;[198,29,90,41,187,60,177,47,26,89,115,152,49,54,197,123,74,37,94,118,124,168,34,108,174,196,167,15,156,21,73,82,137,86,181,68,9,45,138,126,143,160,173,18,171,199,7,161,136,46,164,4,84,122,25,23,77,57,186,170,176,72,154,172,59,11,182,139,135,191,48,50,56,92,147,67,32,38,61,165,193,28,44,125,91,88,70,71,162,20,188,144,184,8,157,78,128,101,185,76,80,100,30,134,27,2,97,58,151,175,6,1,117,113,169,142,131,158,62,120,3,95,149,107,55,14,13,111,52,148,83,129,24,150,103,105,69,159,40,116,140,99,106,194,180,178,192,109,66,145,102,110,12,0,85,104,17,53,155,146,63,31,183,65,16,190,10,130,5,39,195,43,127,179,96,141,98,114,64,79,42,119,132,75,163,133,81,153,166,189,33,35,36,22,112,93,19,87,121,51];False
4012;6518;10530;[198,29,90,41,187,60,177,47,26,89,115,152,49,54,197,123,74,37,94,118,124,168,34,108,174,196,167,15,156,21,73,82,137,86,181,68,9,45,138,126,143,160,173,18,12,199,7,161,136,46,164,4,84,122,25,23,77,57,186,170,176,72,154,172,59,11,182,139,135,191,48,50,56,92,147,67,32,19,61,165,193,28,44,125,91,88,70,71,162,20,188,144,184,8,157,78,128,101,185,76,80,100,30,134,27,2,97,58,151,175,6,1,117,113,169,142,131,158,62,120,3,95,149,107,55,14,13,111,52,148,83,129,24,150,103,105,69,159,40,116,140,99,106,194,180,178,192,109,66,145,102,110,171,0,85,104,17,53,155,146,63,31,183,65,16,190,10,130,5,39,195,43,127,179,96,141,98,114,64,79,42,119,132,75,163,133,81,153,166,189,33,35,36,22,112,93,38,87,121,51];False
3928;6526;10454;[198,29,90,41,187,60,177,47,26,89,115,152,49,54,197,123,74,37,94,118,124,168,34,108,174,196,167,15,156,21,73,82,137,86,181,68,9,45,138,126,143,160,173,18,171,12,7,161,136,46,164,4,84,122,25,23,77,57,186,170,176,72,154,172,59,11,182,139,135,191,48,50,56,92,147,67,32,19,61,165,193,28,44,125,91,88,70,71,162,20,188,144,184,8,157,78,128,101,185,76,80,100,30,134,27,2,97,58,151,175,6,1,117,113,169,142,131,158,62,120,3,95,149,107,55,14,13,111,52,148,83,129,24,150,103,105,69,159,40,116,140,99,106,194,180,178,192,109,66,145,102,110,199,0,85,104,17,53,155,146,63,31,183,65,16,190,10,130,5,39,195,43,127,179,96,141,98,114,64,79,42,119,132,75,163,133,81,153,166,189,33,35,36,22,112,93,38,87,121,51];True
4494;6439;10933;[198,29,90,41,187,60,42,47,26,161,115,152,172,59,197,123,31,37,94,118,124,168,34,108,174,196,167,15,156,21,73,82,137,86,181,68,9,45,138,126,143,160,91,18,171,195,7,173,89,144,164,4,84,122,25,23,77,57,186,170,176,72,154,49,133,11,182,139,135,183,51,50,56,92,147,67,32,38,87,165,193,28,44,125,6,88,70,71,162,20,191,61,184,8,157,78,128,101,185,76,80,100,30,134,27,2,97,58,158,62,95,1,117,113,169,142,131,110,54,120,3,136,149,107,55,14,13,111,52,148,83,129,24,150,103,105,69,159,40,116,48,99,106,194,180,178,192,109,66,145,102,151,199,0,85,104,17,53,155,121,140,74,188,65,16,190,10,130,5,175,12,43,127,79,179,177,98,114,64,96,141,119,132,75,163,39,81,153,166,189,33,35,36,22,112,93,19,46,146,63];True
4416;6451;10867;[198,29,90,41,187,60,42,47,26,161,115,152,172,59,197,123,31,37,94,118,124,168,34,108,174,196,167,15,156,21,73,82,137,86,181,68,9,45,138,126,143,160,91,18,171,195,7,173,89,144,164,4,84,122,25,23,77,57,186,170,176,72,154,49,39,11,182,139,135,183,51,50,56,92,147,67,32,38,87,165,193,28,44,125,6,88,70,71,162,20,191,61,184,8,157,78,128,101,185,76,80,100,30,134,27,2,97,58,158,62,95,1,117,113,169,142,131,110,54,120,3,136,149,107,55,14,13,111,52,148,83,129,24,150,103,105,69,159,40,116,48,99,106,194,180,178,192,109,66,145,102,151,199,0,85,104,17,53,155,121,140,74,188,65,16,190,10,130,5,177,12,43,127,79,179,175,98,114,64,96,141,119,132,75,163,133,81,153,166,189,33,35,36,22,112,93,19,46,146,63];True
4342;6465;10807;[198,29,90,41,187,128,42,47,26,161,115,152,172,59,197,123,31,37,94,118,124,168,34,108,174,196,167,15,156,21,73,82,137,86,181,68,9,45,138,126,143,160,91,18,171,195,7,173,89,144,164,4,84,122,25,23,77,57,186,170,176,72,154,49,76,11,182,139,135,183,51,50,56,92,147,67,32,38,87,165,193,28,44,125,6,88,70,71,162,20,191,61,184,8,157,78,60,101,185,39,80,100,30,134,27,2,97,58,158,62,95,1,117,113,169,142,131,110,54,120,3,136,149,107,55,14,13,111,52,148,83,129,24,150,103,105,69,159,40,116,48,99,106,194,180,178,192,109,66,145,102,151,199,0,85,104,17,53,155,121,140,74,188,65,16,190,10,130,5,177,12,43,127,79,179,175,98,114,64,96,141,119,132,75,163,133,81,153,166,189,33,35,36,22,112,93,19,46,146,63];True
4429;6449;10878;[198,29,90,41,187,128,42,47,26,161,115,152,172,59,197,123,31,37,94,118,124,168,34,108,174,196,167,15,156,21,73,82,137,86,181,68,9,45,138,126,143,160,91,18,171,195,7,173,89,46,164,4,84,122,25,23,77,57,186,170,176,72,154,49,133,11,182,139,135,183,51,50,56,92,147,67,32,38,87,165,193,28,44,125,6,88,70,71,162,20,191,61,184,8,157,78,60,101,185,76,80,100,30,134,27,2,97,58,158,62,95,1,117,113,169,142,131,110,54,120,3,136,149,107,55,14,13,111,52,148,83,129,24,150,103,105,69,159,40,116,48,99,106,194,180,178,192,109,66,145,102,151,199,0,85,104,17,53,155,121,140,74,188,65,16,190,10,130,5,175,12,43,127,79,179,177,98,114,64,96,141,119,132,75,163,39,81,153,166,189,33,35,36,22,112,93,19,144,146,63];False
4429;6447;10876;[198,29,90,41,187,60,42,47,26,161,115,152,172,59,197,123,31,37,94,118,124,168,34,108,174,196,167,15,156,21,73,82,137,86,181,68,9,45,138,126,143,160,91,18,171,195,7,173,89,46,164,4,84,122,25,23,77,57,186,170,176,72,154,49,133,11,182,139,135,183,51,50,56,92,147,67,32,38,87,165,193,28,44,125,6,88,70,71,162,20,191,61,184,8,157,78,128,101,185,76,80,100,30,134,27,2,97,58,158,62,95,1,117,113,169,142,131,110,54,120,3,136,149,107,55,14,13,111,52,148,83,129,24,150,103,105,69,159,40,116,48,99,106,194,180,178,192,109,66,145,102,151,199,0,85,104,17,53,155,121,140,74,188,65,16,190,10,130,5,177,12,43,127,79,179,175,98,114,64,96,141,119,132,75,163,39,81,153,166,189,33,35,36,22,112,93,19,144,146,63];True
4351;6461;10812;[198,29,90,41,187,128,42,47,26,161,115,152,172,59,197,123,31,37,94,118,124,168,34,108,174,196,167,15,156,21,73,82,137,86,181,68,9,45,138,126,143,160,91,18,171,195,7,173,89,46,164,4,84,122,25,23,77,57,186,170,176,72,154,49,39,11,182,139,135,183,51,50,56,92,147,67,32,38,87,165,193,28,44,125,6,88,70,71,162,20,191,61,184,8,157,78,60,101,185,76,80,100,30,134,27,2,97,58,158,62,95,1,117,113,169,142,131,110,54,120,3,136,149,107,55,14,13,111,52,148,83,129,24,150,103,105,69,159,40,116,48,99,106,194,180,178,192,109,66,145,102,151,199,0,85,104,17,53,155,121,140,74,188,65,16,190,10,130,5,177,12,43,127,79,179,175,98,114,64,96,141,119,132,75,163,133,81,153,166,189,33,35,36,22,112,93,19,144,146,63];True
4625;6419;11044;[198,29,90,41,187,60,179,47,26,161,115,152,172,59,197,123,31,37,94,118,124,168,34,108,174,196,167,15,156,21,73,82,137,86,181,68,9,45,138,126,143,160,91,18,171,195,7,173,89,144,164,4,84,122,25,23,77,57,186,170,176,72,154,49,133,11,182,139,135,183,51,50,56,92,147,67,32,38,87,165,193,28,44,125,6,88,70,71,162,20,191,61,184,8,157,78,128,101,185,76,80,100,30,134,27,2,97,58,158,62,95,1,117,113,169,142,131,110,54,120,3,136,149,107,55,14,13,111,52,148,83,129,24,150,103,105,69,159,40,116,48,99,106,194,180,178,192,109,66,145,102,151,199,0,85,104,17,53,155,121,140,74,188,65,16,190,10,130,5,175,12,43,127,79,42,141,98,114,64,96,177,119,132,75,163,39,81,153,166,189,33,35,36,22,112,93,19,46,146,63];True
3119;6719;9838;[198,29,90,41,127,60,42,47,26,161,115,152,49,54,197,123,74,37,94,118,124,168,34,108,174,196,167,15,156,21,73,82,137,110,181,68,9,45,138,126,143,160,173,18,199,12,7,136,89,46,164,4,84,122,25,23,77,57,186,170,176,72,154,172,59,11,182,139,135,191,48,50,56,92,147,67,32,61,38,165,193,28,44,16,91,88,70,71,162,20,188,144,184,8,157,78,128,101,86,76,80,100,30,134,27,195,97,58,151,175,6,1,117,2,169,142,131,158,62,120,3,95,149,107,55,14,13,111,112,148,83,129,24,150,103,140,69,159,40,116,105,99,106,194,180,178,192,10,66,145,102,185,171,0,85,104,17,53,155,146,63,31,183,65,125,190,109,130,5,39,113,43,187,179,96,141,98,114,64,79,177,119,132,75,163,133,81,153,166,189,33,35,36,22,52,93,19,87,121,51];False
3115;6709;9824;[198,29,90,41,127,60,177,47,26,161,115,152,49,54,197,123,74,37,94,118,124,168,34,108,174,196,167,15,156,21,73,82,131,110,181,68,9,45,138,126,143,160,173,18,199,12,7,136,89,46,164,4,84,122,25,23,77,57,186,170,176,72,154,172,59,11,182,139,135,191,48,50,56,92,147,67,32,61,38,165,193,28,44,16,91,88,70,71,162,20,188,144,184,8,157,78,128,101,86,76,80,100,30,134,27,195,97,58,151,175,6,1,117,2,169,142,137,158,62,120,3,95,149,107,55,14,13,111,112,148,83,129,24,150,103,140,69,159,40,116,105,99,106,194,180,178,192,10,66,145,102,185,171,0,85,104,17,53,155,146,63,31,183,65,125,190,109,130,5,39,113,43,187,179,96,141,98,114,64,79,42,119,132,75,163,133,81,153,166,189,33,35,36,22,52,93,19,87,121,51];False
3157;6702;9859;[198,29,90,41,127,60,177,47,26,161,115,152,49,54,197,123,74,37,94,118,124,168,34,108,174,196,167,15,156,21,73,82,137,86,181,68,9,45,138,126,143,160,173,18,199,12,7,136,89,46,164,4,84,122,25,23,77,57,186,170,176,72,154,172,59,11,182,139,135,191,48,50,56,92,147,67,32,61,38,165,193,28,44,16,91,88,70,71,162,20,188,144,184,8,157,78,128,101,110,81,80,100,30,134,27,195,97,58,151,175,6,1,117,2,169,142,131,158,62,120,3,95,149,107,55,14,13,111,52,148,83,129,24,150,103,140,69,159,40,116,105,99,106,194,180,178,192,10,66,145,102,185,171,0,85,104,17,53,155,146,63,31,183,65,125,190,109,130,5,39,113,43,187,179,96,141,98,114,64,79,42,119,132,75,163,133,76,153,166,189,33,35,36,22,112,93,19,87,121,51];False
3141;6706;9847;[198,29,90,41,127,60,42,119,26,161,115,152,49,54,197,123,74,37,94,118,124,168,17,108,174,196,167,15,156,21,73,82,137,86,181,68,9,45,138,126,143,160,173,18,199,12,7,136,89,46,164,4,84,122,25,23,77,57,186,170,176,72,154,172,59,11,182,139,135,191,48,50,56,92,147,67,32,61,38,165,193,28,44,16,91,88,70,71,162,20,188,144,184,8,157,78,128,101,185,76,80,100,30,134,27,195,97,58,151,175,6,1,117,2,169,142,131,158,62,120,3,95,149,107,55,14,13,111,112,148,83,129,24,150,103,105,69,159,40,116,104,99,106,194,180,178,192,10,66,145,102,110,171,0,85,140,34,53,155,146,63,31,183,65,125,190,109,130,5,39,113,43,187,179,96,141,98,114,64,79,177,47,132,75,163,133,81,153,166,189,33,35,36,22,52,93,19,87,121,51];False
3155;6705;9860;[198,29,90,41,127,60,42,47,26,161,115,152,49,54,197,123,74,37,94,118,124,168,17,108,174,196,167,15,156,21,73,82,137,86,181,68,9,45,138,126,143,160,173,18,199,12,7,136,89,46,164,4,84,122,25,23,77,57,186,170,176,72,154,172,59,11,182,139,135,191,48,50,56,92,147,67,32,61,38,165,193,28,44,16,91,88,70,71,162,20,188,144,184,8,157,78,128,101,110,76,80,100,30,134,27,195,97,58,151,175,6,1,117,2,169,142,131,158,62,120,3,95,149,107,55,14,13,111,112,148,83,129,24,150,103,105,69,159,40,116,104,99,106,194,180,178,192,10,66,145,102,185,171,0,85,140,34,53,155,146,63,31,183,65,125,190,109,130,5,39,113,43,187,179,96,141,98,114,64,79,177,119,132,75,163,133,81,153,166,189,33,35,36,22,52,93,19,87,121,51];False
3186;6688;9874;[198,29,90,41,127,60,42,47,26,161,115,152,49,54,197,123,74,37,94,118,124,168,17,108,174,196,167,15,156,21,73,82,137,86,181,68,9,45,138,126,143,160,173,18,199,12,7,136,89,46,164,4,84,122,25,23,77,57,186,170,176,72,154,172,59,11,182,139,135,191,48,50,56,92,147,67,32,61,38,165,193,28,44,16,91,88,70,71,162,20,188,144,184,8,157,78,128,101,185,76,80,100,30,134,27,195,97,58,151,175,6,1,117,2,169,142,131,158,62,120,3,95,149,107,55,14,13,111,112,148,83,129,24,150,103,105,69,159,40,116,104,99,106,194,180,178,192,10,66,145,102,110,171,0,85,140,34,53,155,146,63,31,183,65,125,190,109,130,5,39,113,43,187,179,96,177,98,114,64,79,141,119,132,75,163,133,81,153,166,189,33,35,36,22,52,93,19,87,121,51];False
3253;6669;9922;[198,29,90,41,127,60,42,119,26,161,115,152,49,54,197,123,74,37,94,118,124,168,17,108,174,196,167,15,156,21,73,82,137,86,181,68,9,45,138,126,143,160,173,18,171,12,7,136,89,46,164,4,84,122,25,23,77,57,186,170,176,72,154,172,59,11,182,139,135,191,48,50,56,92,147,67,32,61,38,165,193,28,44,16,91,88,70,71,162,20,188,144,184,8,157,78,128,101,185,76,80,100,30,134,27,195,97,58,151,175,6,1,117,2,169,142,131,158,62,120,3,95,149,107,55,14,13,111,52,148,83,129,24,150,103,105,69,159,40,116,104,99,106,194,180,178,192,10,66,145,102,110,199,0,85,140,34,53,155,146,63,31,183,65,125,190,109,130,5,39,113,43,187,179,96,141,98,114,64,79,177,47,132,75,163,133,81,153,166,189,33,35,36,22,112,93,19,87,121,51];False
3252;6668;9920;[198,29,90,41,127,60,42,119,26,161,115,152,49,54,197,123,74,37,94,118,124,168,17,108,174,196,167,15,156,21,73,82,137,86,181,68,9,45,138,126,143,160,173,18,199,12,7,136,89,46,164,4,84,122,25,23,77,57,186,170,176,72,154,172,59,11,182,139,135,191,48,50,56,92,147,67,32,61,19,165,193,28,44,16,91,88,70,71,162,20,188,144,184,8,157,78,128,101,185,76,80,100,30,134,27,195,97,58,151,175,6,1,117,2,169,142,131,158,62,120,3,95,149,107,55,14,13,111,52,148,83,129,24,150,103,105,69,159,40,116,104,99,106,194,180,178,192,10,66,145,102,110,171,0,85,140,34,53,155,146,63,31,183,65,125,190,109,130,5,39,113,43,187,179,96,141,98,114,64,79,177,47,132,75,163,133,81,153,166,189,33,35,36,22,112,93,38,87,121,51];False
3232;6672;9904;[198,29,90,41,127,60,42,47,26,161,115,152,49,54,197,168,74,37,94,118,124,123,17,108,174,196,167,15,156,21,73,82,137,86,181,68,9,45,138,126,143,160,173,18,199,12,7,136,89,46,164,4,84,122,25,23,77,57,186,170,176,72,154,172,59,11,182,139,135,191,48,50,56,92,147,67,32,61,38,165,193,28,44,16,91,88,70,71,162,20,188,144,184,8,157,78,128,101,185,76,80,100,30,134,27,195,97,58,151,175,6,1,117,2,169,142,131,158,62,120,3,95,149,107,55,14,13,111,52,148,83,129,24,150,103,105,69,159,40,116,104,99,106,194,180,178,192,10,66,145,102,110,171,0,85,140,34,53,155,146,63,31,183,65,125,190,109,130,5,39,113,43,187,179,96,177,98,114,64,79,141,119,132,75,163,133,81,153,166,189,33,35,36,22,112,93,19,87,121,51];False
3298;6651;9949;[198,29,90,41,127,60,42,47,26,161,115,152,49,54,197,123,74,37,94,118,124,168,17,108,174,196,167,15,156,21,73,82,137,86,181,68,9,45,138,126,143,160,173,18,171,12,7,136,89,46,164,4,84,122,25,23,77,57,186,170,176,72,154,172,59,11,182,139,135,191,48,50,56,92,147,67,32,61,38,165,193,28,44,16,91,88,70,71,162,20,188,144,184,8,157,78,128,101,185,76,80,100,30,134,27,195,97,58,151,175,6,1,117,2,169,142,131,158,62,120,3,95,149,107,55,14,13,111,52,148,83,129,24,150,103,105,69,159,40,116,104,99,106,194,180,178,192,10,66,145,102,110,199,0,85,140,34,53,155,146,63,31,183,65,125,190,109,130,5,39,113,43,187,179,96,177,98,114,64,79,141,119,132,75,163,133,81,153,166,189,33,35,36,22,112,93,19,87,121,51];False
3297;6650;9947;[198,29,90,41,127,60,42,47,26,161,115,152,49,54,197,123,74,37,94,118,124,168,17,108,174,196,167,15,156,21,73,82,137,86,181,68,9,45,138,126,143,160,173,18,199,12,7,136,89,46,164,4,84,122,25,23,77,57,186,170,176,72,154,172,59,11,182,139,135,191,48,50,56,92,147,67,32,61,19,165,193,28,44,16,91,88,70,71,162,20,188,144,184,8,157,78,128,101,185,76,80,100,30,134,27,195,97,58,151,175,6,1,117,2,169,142,131,158,62,120,3,95,149,107,55,14,13,111,52,148,83,129,24,150,103,105,69,159,40,116,104,99,106,194,180,178,192,10,66,145,102,110,171,0,85,140,34,53,155,146,63,31,183,65,125,190,109,130,5,39,113,43,187,179,96,177,98,114,64,79,141,119,132,75,163,133,81,153,166,189,33,35,36,22,112,93,38,87,121,51];False
3229;6663;9892;[198,29,90,41,127,60,177,47,26,161,115,152,49,54,197,123,74,37,94,118,124,168,17,108,174,196,167,15,156,21,73,82,131,110,181,68,9,45,138,126,143,160,173,18,199,12,7,136,89,46,164,4,84,122,25,23,77,57,186,170,176,72,154,172,59,11,182,139,135,191,48,50,56,92,147,67,32,61,38,165,193,28,44,16,91,88,70,71,162,20,188,144,184,8,157,78,128,101,86,76,80,100,30,134,27,195,97,58,151,175,6,1,117,2,169,142,137,158,62,120,3,95,149,107,55,14,13,111,52,148,83,129,24,150,103,105,69,159,40,116,104,99,106,194,180,178,192,10,66,145,102,185,171,0,85,140,34,53,155,146,63,31,183,65,125,190,109,130,5,39,113,43,187,179,96,141,98,114,64,79,42,119,132,75,163,133,81,153,166,189,33,35,36,22,112,93,19,87,121,51];False
3152;6701;9853;[198,29,90,41,127,60,42,47,26,161,115,152,49,54,197,123,74,37,94,118,124,168,17,108,174,196,167,15,156,21,73,82,137,86,181,68,9,45,138,126,143,160,173,18,199,12,7,136,89,46,164,4,84,122,25,23,77,57,186,170,176,72,154,172,59,11,182,139,135,191,48,50,56,92,147,67,32,61,38,165,193,28,44,16,91,88,70,71,162,20,188,144,184,8,157,78,128,101,110,81,80,100,30,134,27,195,97,58,151,175,6,1,117,2,169,142,131,158,62,120,3,95,149,107,55,14,13,111,52,148,83,129,24,150,103,105,69,159,40,116,104,99,106,194,180,178,192,10,66,145,102,185,171,0,85,140,34,53,155,146,63,31,183,65,125,190,109,130,5,39,113,43,187,179,96,141,98,114,64,79,177,119,132,75,163,133,76,153,166,189,33,35,36,22,112,93,19,87,121,51];False
3202;6685;9887;[198,29,90,41,127,60,177,47,26,161,115,152,49,54,197,123,74,37,94,118,124,168,34,108,174,196,167,15,156,21,73,82,137,86,181,68,9,45,138,126,143,160,173,18,199,12,7,136,89,46,164,4,84,122,25,23,77,57,186,170,176,72,154,172,59,11,182,139,135,191,48,50,56,92,147,67,32,61,38,165,193,28,44,16,91,88,70,71,162,20,188,144,184,8,157,78,128,101,110,81,80,100,30,134,27,195,97,58,151,175,6,1,117,2,169,142,131,158,62,120,3,95,149,107,55,14,13,111,52,148,83,129,24,150,103,105,69,159,40,116,104,99,106,194,180,178,192,10,66,145,102,185,171,0,85,140,17,53,155,146,63,31,183,65,125,190,109,130,5,39,113,43,187,179,96,141,98,114,64,79,42,119,132,75,163,133,76,153,166,189,33,35,36,22,112,93,19,87,121,51];False
3776;6549;10325;[198,29,90,41,127,60,177,47,26,161,115,152,49,54,197,123,74,37,94,118,124,168,34,108,174,196,167,15,156,21,73,82,137,86,181,68,9,45,138,126,143,160,173,18,199,12,7,136,89,46,164,4,84,122,25,23,77,57,186,170,176,72,154,172,59,11,182,139,135,191,48,50,56,92,147,67,32,38,87,165,193,28,44,125,91,88,70,71,162,20,188,61,184,8,157,78,128,101,185,76,80,100,30,134,27,2,97,58,151,175,6,1,117,113,169,142,131,158,62,120,3,95,149,107,55,14,13,111,52,148,83,129,24,150,103,105,69,159,40,116,140,99,106,194,180,178,192,109,66,145,102,110,171,0,85,104,17,53,155,146,63,31,183,65,16,190,10,130,5,39,195,43,187,179,96,141,98,114,64,79,42,119,132,75,163,133,81,153,166,189,33,35,36,22,112,93,19,144,121,51];False
4085;6509;10594;[198,29,90,41,187,60,177,47,26,161,115,152,49,54,197,123,74,37,94,118,124,168,34,108,174,196,167,15,156,21,73,82,137,86,181,68,9,45,138,126,143,160,136,18,199,12,7,173,89,46,164,4,84,122,25,23,77,57,186,170,176,72,154,172,59,11,182,139,135,191,48,50,56,92,147,67,32,38,87,165,193,28,44,125,91,88,70,71,162,20,188,61,184,8,157,78,128,101,185,76,80,100,30,134,27,2,97,58,151,175,6,1,117,113,169,142,131,158,62,120,3,95,149,107,55,14,13,111,52,148,83,129,24,150,103,105,69,159,40,116,140,99,106,194,180,178,192,109,66,145,102,110,171,0,85,104,17,53,155,146,63,31,183,65,16,190,10,130,5,39,195,43,127,179,96,141,98,114,64,79,42,119,132,75,163,133,81,153,166,189,33,35,36,22,112,93,19,144,121,51];False
4031;6516;10547;[198,29,90,41,187,60,177,47,26,161,115,152,49,54,197,123,74,37,94,118,124,168,34,108,174,196,167,15,156,21,73,82,137,86,181,68,9,45,138,126,143,160,173,18,175,12,7,136,89,46,164,4,84,122,25,23,77,57,186,170,176,72,154,172,59,11,182,139,135,191,48,50,56,92,147,67,32,38,87,165,193,28,44,125,91,88,70,71,162,20,188,61,184,8,157,78,128,101,185,76,80,100,30,134,27,2,97,58,151,199,6,1,117,113,169,142,131,158,62,120,3,95,149,107,55,14,13,111,52,148,83,129,24,150,103,105,69,159,40,116,140,99,106,194,180,178,192,109,66,145,102,110,171,0,85,104,17,53,155,146,63,31,183,65,16,190,10,130,5,39,195,43,127,179,96,141,98,114,64,79,42,119,132,75,163,133,81,153,166,189,33,35,36,22,112,93,19,144,121,51];False
3960;6520;10480;[198,29,90,41,187,60,177,47,26,161,115,152,49,54,197,123,74,37,94,118,124,168,34,108,174,196,167,15,156,21,73,82,137,86,181,68,9,45,138,126,143,160,173,18,171,12,7,136,89,46,164,4,84,122,25,23,77,57,186,170,176,72,154,172,59,11,182,139,135,191,48,50,56,92,147,67,32,38,87,165,193,28,44,125,91,88,70,71,162,20,188,61,184,8,157,78,128,101,185,76,80,100,30,134,27,2,97,58,151,175,6,1,117,113,169,142,131,158,62,120,3,95,149,107,55,14,13,111,52,148,83,129,24,150,103,105,69,159,40,116,140,99,106,194,180,178,192,109,66,145,102,110,199,0,85,104,17,53,155,146,63,31,183,65,16,190,10,130,5,39,195,43,127,179,96,141,98,114,64,79,42,119,132,75,163,133,81,153,166,189,33,35,36,22,112,93,19,144,121,51];False
4027;6515;10542;[198,29,90,41,187,60,177,47,26,161,115,152,49,54,197,123,74,37,94,118,124,168,34,108,174,196,167,15,156,21,73,82,137,86,181,68,9,45,138,126,143,160,173,18,199,12,7,89,136,46,164,4,84,122,25,23,77,57,186,170,176,72,154,172,59,11,182,139,135,191,48,50,56,92,147,67,32,38,87,165,193,28,44,125,91,88,70,71,162,20,188,61,184,8,157,78,128,101,185,76,80,100,30,134,27,2,97,58,151,175,6,1,117,113,169,142,131,158,62,120,3,95,149,107,55,14,13,111,52,148,83,129,24,150,103,105,69,159,40,116,140,99,106,194,180,178,192,109,66,145,102,110,171,0,85,104,17,53,155,146,63,31,183,65,16,190,10,130,5,39,195,43,127,179,96,141,98,114,64,79,42,119,132,75,163,133,81,153,166,189,33,35,36,22,112,93,19,144,121,51];False
4016;6513;10529;[198,29,90,41,187,60,177,47,26,161,115,152,49,54,197,123,74,37,94,118,124,168,34,108,174,196,167,15,156,21,73,82,137,86,181,68,9,45,138,126,143,160,173,18,199,12,7,136,89,144,164,4,84,122,25,23,77,57,186,170,176,72,154,172,59,11,182,139,135,191,48,50,56,92,147,67,32,38,87,165,193,28,44,125,91,88,70,71,162,20,188,61,184,8,157,78,128,101,185,76,80,100,30,134,27,2,97,58,151,175,6,1,117,113,169,142,131,158,62,120,3,95,149,107,55,14,13,111,52,148,83,129,24,150,103,105,69,159,40,116,140,99,106,194,180,178,192,109,66,145,102,110,171,0,85,104,17,53,155,146,63,31,183,65,16,190,10,130,5,39,195,43,127,179,96,141,98,114,64,79,42,119,132,75,163,133,81,153,166,189,33,35,36,22,112,93,19,46,121,51];False
4004;6517;10521;[198,29,90,41,187,60,177,47,26,161,115,152,49,54,197,123,74,37,94,118,124,168,34,108,174,196,167,15,156,21,73,82,137,86,181,68,9,45,138,126,143,160,173,18,199,12,7,136,89,46,164,4,84,122,25,23,77,57,186,170,176,72,154,172,59,98,182,139,135,191,48,50,56,92,147,67,32,38,87,165,193,28,44,125,91,88,70,71,162,20,188,61,184,8,157,78,128,101,185,76,80,100,30,134,27,2,97,58,151,175,6,1,117,113,169,142,131,158,62,120,3,95,149,107,55,14,13,111,52,148,83,129,24,150,103,105,69,159,40,116,140,99,106,194,180,178,192,109,66,145,102,110,171,0,85,104,17,53,155,146,63,31,183,65,16,190,10,130,5,39,195,43,127,179,96,141,11,114,64,79,42,119,132,75,163,133,81,153,166,189,33,35,36,22,112,93,19,144,121,51];False
3830;6541;10371;[198,29,90,41,187,60,177,47,26,161,115,152,49,54,197,123,74,37,94,118,124,168,34,108,174,196,167,15,156,21,73,82,137,86,181,68,9,45,138,126,143,160,173,18,199,12,7,136,89,46,164,4,84,122,25,23,77,57,186,170,176,72,154,172,59,11,182,139,135,191,48,50,56,92,147,67,32,38,87,165,193,28,44,125,91,88,70,71,162,20,188,61,184,8,157,78,128,101,185,76,80,100,30,134,27,2,97,58,151,175,6,1,117,195,169,142,131,158,62,120,3,95,149,107,55,14,13,111,52,148,83,129,24,150,103,105,69,159,40,116,140,99,106,194,180,178,192,109,66,145,102,110,171,0,85,104,17,53,155,146,63,31,183,65,16,190,10,130,5,39,113,43,127,179,96,141,98,114,64,79,42,119,132,75,163,133,81,153,166,189,33,35,36,22,112,93,19,144,121,51];False
4446;6446;10892;[198,29,90,41,187,60,42,47,26,161,115,152,172,59,197,123,31,37,94,118,124,168,34,108,174,196,167,15,156,21,73,82,137,86,181,68,9,45,138,126,143,160,91,18,171,195,7,173,89,144,164,4,84,122,25,23,77,57,186,170,176,72,154,49,133,11,182,139,135,183,51,50,56,92,147,67,32,38,87,165,193,28,44,125,6,88,70,71,162,20,191,61,184,8,157,78,128,101,185,76,80,100,30,134,27,2,97,58,158,62,95,1,117,113,169,142,131,110,54,120,3,136,149,107,55,14,13,111,52,148,83,129,24,150,103,105,69,159,40,116,48,99,106,194,180,178,192,109,66,145,102,151,199,0,85,104,17,53,155,121,140,74,188,65,16,190,10,130,5,177,12,43,127,79,179,175,98,114,64,96,141,119,132,75,163,39,81,153,166,189,33,35,36,22,112,93,19,46,146,63];True
4368;6460;10828;[198,29,90,41,187,128,42,47,26,161,115,152,172,59,197,123,31,37,94,118,124,168,34,108,174,196,167,15,156,21,73,82,137,86,181,68,9,45,138,126,143,160,91,18,171,195,7,173,89,144,164,4,84,122,25,23,77,57,186,170,176,72,154,49,39,11,182,139,135,183,51,50,56,92,147,67,32,38,87,165,193,28,44,125,6,88,70,71,162,20,191,61,184,8,157,78,60,101,185,76,80,100,30,134,27,2,97,58,158,62,95,1,117,113,169,142,131,110,54,120,3,136,149,107,55,14,13,111,52,148,83,129,24,150,103,105,69,159,40,116,48,99,106,194,180,178,192,109,66,145,102,151,199,0,85,104,17,53,155,121,140,74,188,65,16,190,10,130,5,177,12,43,127,79,179,175,98,114,64,96,141,119,132,75,163,133,81,153,166,189,33,35,36,22,112,93,19,46,146,63];True
4381;6456;10837;[198,29,90,41,187,128,42,47,26,161,115,152,172,59,197,123,31,37,94,118,124,168,34,108,174,196,167,15,156,21,73,82,137,86,181,68,9,45,138,126,143,160,91,18,171,195,7,173,89,46,164,4,84,122,25,23,77,57,186,170,176,72,154,49,133,11,182,139,135,183,51,50,56,92,147,67,32,38,87,165,193,28,44,125,6,88,70,71,162,20,191,61,184,8,157,78,60,101,185,76,80,100,30,134,27,2,97,58,158,62,95,1,117,113,169,142,131,110,54,120,3,136,149,107,55,14,13,111,52,148,83,129,24,150,103,105,69,159,40,116,48,99,106,194,180,178,192,109,66,145,102,151,199,0,85,104,17,53,155,121,140,74,188,65,16,190,10,130,5,177,12,43,127,79,179,175,98,114,64,96,141,119,132,75,163,39,81,153,166,189,33,35,36,22,112,93,19,144,146,63];True
4647;6418;11065;[198,29,90,41,187,60,179,47,26,161,115,152,172,59,197,123,17,37,94,118,124,168,34,108,174,196,167,15,156,21,73,82,137,86,181,68,9,45,138,126,143,160,91,18,171,195,7,173,89,144,164,4,84,122,25,23,77,57,186,170,176,72,154,49,133,11,182,139,135,183,51,50,56,92,147,67,32,38,87,165,193,28,44,125,6,88,70,71,162,20,191,61,184,8,157,78,128,101,185,76,80,100,30,134,27,2,97,58,158,62,95,1,117,113,169,142,131,110,54,120,3,136,149,107,55,14,13,111,52,148,83,129,24,150,103,105,69,159,40,116,48,99,106,194,180,178,192,109,66,145,102,151,199,0,85,104,31,53,155,121,140,74,188,65,16,190,10,130,5,175,12,43,127,79,42,141,98,114,64,96,177,119,132,75,163,39,81,153,166,189,33,35,36,22,112,93,19,46,146,63];True
3089;6719;9808;[198,29,90,41,127,60,42,47,26,161,115,152,49,54,197,123,74,37,94,118,124,168,34,108,174,196,167,15,156,21,73,82,131,110,181,68,9,45,138,126,143,160,173,18,199,12,7,136,89,46,164,4,84,122,25,23,77,57,186,170,176,72,154,172,59,11,182,139,135,191,48,50,56,92,147,67,32,61,38,165,193,28,44,16,91,88,70,71,162,20,188,144,184,8,157,78,128,101,86,76,80,100,30,134,27,195,97,58,151,175,6,1,117,2,169,142,137,158,62,120,3,95,149,107,55,14,13,111,112,148,83,129,24,150,103,140,69,159,40,116,105,99,106,194,180,178,192,10,66,145,102,185,171,0,85,104,17,53,155,146,63,31,183,65,125,190,109,130,5,39,113,43,187,179,96,141,98,114,64,79,177,119,132,75,163,133,81,153,166,189,33,35,36,22,52,93,19,87,121,51];False
3112;6718;9830;[198,29,90,41,127,60,177,47,26,161,115,152,49,54,197,123,74,37,94,118,124,168,34,108,174,196,167,15,156,21,73,82,131,110,181,68,9,45,55,126,143,160,173,18,199,12,7,136,89,46,164,4,84,122,25,23,77,57,186,170,176,72,154,172,59,11,182,139,135,191,48,50,56,92,147,67,32,61,38,165,193,28,44,16,91,88,70,71,162,20,188,144,184,8,157,78,128,101,86,76,80,100,30,134,27,195,97,58,151,175,6,1,117,2,169,142,137,158,62,120,3,95,149,107,138,14,13,111,112,148,83,129,24,150,103,140,69,159,40,116,105,99,106,194,180,178,192,10,66,145,102,185,171,0,85,104,17,53,155,146,63,31,183,65,125,190,109,130,5,39,113,43,187,179,96,141,98,114,64,79,42,119,132,75,163,133,81,153,166,189,33,35,36,22,52,93,19,87,121,51];False
3133;6706;9839;[198,29,90,41,127,60,177,47,26,161,115,152,49,54,197,123,74,37,94,118,124,168,34,108,174,196,167,15,156,21,73,82,131,110,181,68,9,45,138,126,143,160,173,18,199,12,7,136,89,46,164,4,84,122,25,23,77,57,186,170,176,72,154,172,59,11,182,139,135,191,48,50,56,92,147,67,32,61,19,165,193,28,44,16,91,88,70,71,162,20,188,144,184,8,157,78,128,101,86,76,80,100,30,134,27,195,97,58,151,175,6,1,117,2,169,142,137,158,62,120,3,95,149,107,55,14,13,111,112,148,83,129,24,150,103,140,69,159,40,116,105,99,106,194,180,178,192,10,66,145,102,185,171,0,85,104,17,53,155,146,63,31,183,65,125,190,109,130,5,39,113,43,187,179,96,141,98,114,64,79,42,119,132,75,163,133,81,153,166,189,33,35,36,22,52,93,38,87,121,51];False
3150;6700;9850;[198,29,90,41,127,60,177,47,26,161,115,152,49,54,197,123,74,37,94,118,124,168,34,108,174,196,167,15,156,21,73,82,131,110,181,68,9,45,138,126,143,160,173,18,199,12,7,136,89,46,164,4,84,122,25,23,77,57,186,170,176,72,154,172,59,11,182,139,135,191,48,50,56,92,147,67,32,61,38,165,193,28,44,16,91,88,70,71,162,20,188,144,184,8,157,78,128,101,86,76,80,100,30,134,27,2,97,58,151,175,6,1,117,195,169,142,137,158,62,120,3,95,149,107,55,14,13,111,112,148,83,129,24,150,103,140,69,159,40,116,105,99,106,194,180,178,192,10,66,145,102,185,171,0,85,104,17,53,155,146,63,31,183,65,125,190,109,130,5,39,113,43,187,179,96,141,98,114,64,79,42,119,132,75,163,133,81,153,166,189,33,35,36,22,52,93,19,87,121,51];False
3139;6704;9843;[198,29,90,41,127,60,177,47,26,161,115,152,49,54,197,123,74,37,94,118,124,168,34,108,174,196,167,15,156,21,73,82,131,110,181,68,9,45,138,126,143,160,173,18,199,12,7,136,89,46,164,4,84,122,25,23,77,57,186,170,176,72,154,172,59,11,182,139,135,191,48,50,56,92,147,67,32,61,38,165,193,28,44,16,91,88,70,71,162,20,188,144,184,8,157,78,128,101,86,76,80,100,30,134,27,195,97,58,151,175,6,1,117,2,169,142,163,158,62,120,3,95,149,107,55,14,13,111,112,148,83,129,24,150,103,140,69,159,40,116,105,99,106,194,180,178,192,10,66,145,102,185,171,0,85,104,17,53,155,146,63,31,183,65,125,190,109,130,5,39,113,43,187,179,96,141,98,114,64,79,42,119,132,75,137,133,81,153,166,189,33,35,36,22,52,93,19,87,121,51];False
3208;6674;9882;[198,29,90,41,127,60,177,47,26,161,115,152,49,54,197,123,74,37,94,118,124,168,34,108,174,196,167,15,156,21,73,82,131,110,181,68,9,45,138,126,143,160,173,18,199,12,7,136,89,46,164,4,84,122,25,23,77,57,186,170,176,72,154,172,59,11,182,139,135,191,48,50,56,92,147,67,32,61,38,165,193,28,44,16,91,88,70,71,162,20,188,144,184,8,157,78,128,101,86,76,80,100,30,134,27,195,97,58,151,175,6,1,117,2,169,142,137,158,62,120,3,95,149,107,55,14,13,111,52,148,83,129,24,150,103,140,69,159,40,116,105,99,106,194,180,178,192,10,66,145,102,185,171,0,85,104,17,53,155,146,63,31,183,65,125,190,109,130,5,39,113,43,187,179,96,141,98,114,64,79,42,119,132,75,163,133,81,153,166,189,33,35,36,22,112,93,19,87,121,51];False
3185;6685;9870;[198,29,90,41,127,60,177,47,26,161,115,152,49,54,197,123,74,37,94,118,124,168,34,108,174,196,167,15,156,21,73,82,131,110,181,68,9,45,138,126,143,160,173,18,199,12,7,136,89,46,164,4,84,122,25,23,77,57,186,170,176,72,154,172,59,11,182,139,135,191,48,50,56,92,147,67,32,61,38,165,193,28,44,16,91,88,70,71,162,20,188,144,184,8,157,78,128,101,86,76,80,100,30,134,27,195,97,58,151,175,6,1,117,2,169,142,137,158,62,120,3,95,149,107,55,14,13,111,112,148,83,129,24,150,103,105,69,159,40,116,140,99,106,194,180,178,192,10,66,145,102,185,171,0,85,104,17,53,155,146,63,31,183,65,125,190,109,130,5,39,113,43,187,179,96,141,98,114,64,79,42,119,132,75,163,133,81,153,166,189,33,35,36,22,52,93,19,87,121,51];False
3169;6695;9864;[198,29,90,41,127,60,177,47,26,161,115,152,49,54,197,123,74,37,94,118,124,168,34,108,174,196,167,15,156,21,73,82,131,110,181,68,9,45,138,126,143,160,173,18,199,12,7,136,89,46,164,4,84,122,25,23,77,57,186,170,176,72,154,172,59,11,182,139,135,191,48,50,56,92,147,67,32,61,38,165,193,28,44,16,91,88,70,71,162,20,188,144,184,8,157,78,128,101,86,76,80,100,30,134,27,195,97,58,151,175,6,1,117,2,169,142,137,158,62,120,3,95,149,107,55,14,13,111,112,148,83,129,24,150,103,140,69,159,40,116,105,99,106,194,180,178,192,109,66,145,102,185,171,0,85,104,17,53,155,146,63,31,183,65,125,190,10,130,5,39,113,43,187,179,96,141,98,114,64,79,42,119,132,75,163,133,81,153,166,189,33,35,36,22,52,93,19,87,121,51];False
3203;6673;9876;[198,29,90,41,127,60,42,47,26,161,115,152,49,54,197,123,74,37,94,118,124,168,17,108,174,196,167,15,156,21,73,82,131,110,181,68,9,45,138,126,143,160,173,18,199,12,7,136,89,46,164,4,84,122,25,23,77,57,186,170,176,72,154,172,59,11,182,139,135,191,48,50,56,92,147,67,32,61,38,165,193,28,44,16,91,88,70,71,162,20,188,144,184,8,157,78,128,101,86,76,80,100,30,134,27,195,97,58,151,175,6,1,117,2,169,142,137,158,62,120,3,95,149,107,55,14,13,111,52,148,83,129,24,150,103,105,69,159,40,116,104,99,106,194,180,178,192,10,66,145,102,185,171,0,85,140,34,53,155,146,63,31,183,65,125,190,109,130,5,39,113,43,187,179,96,141,98,114,64,79,177,119,132,75,163,133,81,153,166,189,33,35,36,22,112,93,19,87,121,51];False
3182;6682;9864;[198,29,90,41,127,60,177,47,26,161,115,152,49,54,197,168,74,37,94,118,124,123,17,108,174,196,167,15,156,21,73,82,131,110,181,68,9,45,138,126,143,160,173,18,199,12,7,136,89,46,164,4,84,122,25,23,77,57,186,170,176,72,154,172,59,11,182,139,135,191,48,50,56,92,147,67,32,61,38,165,193,28,44,16,91,88,70,71,162,20,188,144,184,8,157,78,128,101,86,76,80,100,30,134,27,195,97,58,151,175,6,1,117,2,169,142,137,158,62,120,3,95,149,107,55,14,13,111,52,148,83,129,24,150,103,105,69,159,40,116,104,99,106,194,180,178,192,10,66,145,102,185,171,0,85,140,34,53,155,146,63,31,183,65,125,190,109,130,5,39,113,43,187,179,96,141,98,114,64,79,42,119,132,75,163,133,81,153,166,189,33,35,36,22,112,93,19,87,121,51];False
3253;6657;9910;[198,29,90,41,127,60,177,47,26,161,115,152,49,54,197,123,74,37,94,118,124,168,34,108,174,196,167,15,156,21,73,82,131,110,181,68,9,45,138,126,143,160,173,18,199,12,7,136,89,46,164,4,84,122,25,23,77,57,186,170,176,72,154,172,59,11,182,139,135,191,48,50,56,92,147,67,32,61,38,165,193,28,44,16,91,88,70,71,162,20,188,144,184,8,157,78,128,101,86,76,80,100,30,134,27,195,97,58,151,175,6,1,117,2,169,142,137,158,62,120,3,95,149,107,55,14,13,111,52,148,83,129,24,150,103,105,69,159,40,116,104,99,106,194,180,178,192,10,66,145,102,185,171,0,85,140,17,53,155,146,63,31,183,65,125,190,109,130,5,39,113,43,187,179,96,141,98,114,64,79,42,119,132,75,163,133,81,153,166,189,33,35,36,22,112,93,19,87,121,51];False
3162;6698;9860;[198,29,90,41,127,60,177,47,26,161,115,152,49,54,197,123,74,37,94,118,124,168,17,108,44,196,167,15,156,21,73,82,131,110,181,68,9,45,138,126,143,160,173,18,199,12,7,136,89,46,164,4,84,122,25,23,77,57,186,170,176,72,154,172,59,11,182,139,135,191,48,50,56,92,147,67,32,61,38,165,193,28,174,16,91,88,70,71,162,20,188,144,184,8,157,78,128,101,86,76,80,100,30,134,27,195,97,58,151,175,6,1,117,2,169,142,137,158,62,120,3,95,149,107,55,14,13,111,52,148,83,129,24,150,103,105,69,159,40,116,104,99,106,194,180,178,192,10,66,145,102,185,171,0,85,140,34,53,155,146,63,31,183,65,125,190,109,130,5,39,113,43,187,179,96,141,98,114,64,79,42,119,132,75,163,133,81,153,166,189,33,35,36,22,112,93,19,87,121,51];False
3226;6672;9898;[198,29,90,41,127,60,177,47,26,161,115,152,49,54,197,123,74,37,94,118,124,168,17,108,174,196,167,15,156,21,73,82,131,110,181,68,9,45,55,126,143,160,173,18,199,12,7,136,89,46,164,4,84,122,25,23,77,57,186,170,176,72,154,172,59,11,182,139,135,191,48,50,56,92,147,67,32,61,38,165,193,28,44,16,91,88,70,71,162,20,188,144,184,8,157,78,128,101,86,76,80,100,30,134,27,195,97,58,151,175,6,1,117,2,169,142,137,158,62,120,3,95,149,107,138,14,13,111,52,148,83,129,24,150,103,105,69,159,40,116,104,99,106,194,180,178,192,10,66,145,102,185,171,0,85,140,34,53,155,146,63,31,183,65,125,190,109,130,5,39,113,43,187,179,96,141,98,114,64,79,42,119,132,75,163,133,81,153,166,189,33,35,36,22,112,93,19,87,121,51];False
3247;6660;9907;[198,29,90,41,127,60,177,47,26,161,115,152,49,54,197,123,74,37,94,118,124,168,17,108,174,196,167,15,156,21,73,82,131,110,181,68,9,45,138,126,143,160,173,18,199,12,7,136,89,46,164,4,84,122,25,23,77,57,186,170,176,72,154,172,59,11,182,139,135,191,48,50,56,92,147,67,32,61,19,165,193,28,44,16,91,88,70,71,162,20,188,144,184,8,157,78,128,101,86,76,80,100,30,134,27,195,97,58,151,175,6,1,117,2,169,142,137,158,62,120,3,95,149,107,55,14,13,111,52,148,83,129,24,150,103,105,69,159,40,116,104,99,106,194,180,178,192,10,66,145,102,185,171,0,85,140,34,53,155,146,63,31,183,65,125,190,109,130,5,39,113,43,187,179,96,141,98,114,64,79,42,119,132,75,163,133,81,153,166,189,33,35,36,22,112,93,38,87,121,51];False
3297;6648;9945;[198,29,90,41,127,60,177,47,26,161,115,152,49,54,197,123,74,37,94,118,124,168,17,108,174,196,167,15,156,21,73,82,131,110,181,68,9,45,138,126,143,160,173,18,199,12,7,136,89,46,164,4,84,122,25,23,77,57,186,170,176,72,154,172,59,11,182,139,135,191,48,50,56,92,147,67,32,61,38,165,193,28,44,125,91,88,70,71,162,20,188,144,184,8,157,78,128,101,86,76,80,100,30,134,27,195,97,58,151,175,6,1,117,2,169,142,137,158,62,120,3,95,149,107,55,14,13,111,52,148,83,129,24,150,103,105,69,159,40,116,104,99,106,194,180,178,192,10,66,145,102,185,171,0,85,140,34,53,155,146,63,31,183,65,16,190,109,130,5,39,113,43,187,179,96,141,98,114,64,79,42,119,132,75,163,133,81,153,166,189,33,35,36,22,112,93,19,87,121,51];False
3264;6654;9918;[198,29,90,41,127,60,177,47,26,161,115,152,49,54,197,123,74,37,94,118,124,168,17,108,174,196,167,15,156,21,73,82,131,110,181,68,9,45,138,126,143,160,173,18,199,12,7,136,89,46,164,4,84,122,25,23,77,57,186,170,176,72,154,172,59,11,182,139,135,191,48,50,56,92,147,67,32,61,38,165,193,28,44,16,91,88,70,71,162,20,188,144,184,8,157,78,128,101,86,76,80,100,30,134,27,2,97,58,151,175,6,1,117,195,169,142,137,158,62,120,3,95,149,107,55,14,13,111,52,148,83,129,24,150,103,105,69,159,40,116,104,99,106,194,180,178,192,10,66,145,102,185,171,0,85,140,34,53,155,146,63,31,183,65,125,190,109,130,5,39,113,43,187,179,96,141,98,114,64,79,42,119,132,75,163,133,81,153,166,189,33,35,36,22,112,93,19,87,121,51];True
3136;6698;9834;[198,29,90,41,127,60,177,47,26,161,115,152,49,54,197,123,74,37,94,118,124,168,17,108,174,196,167,15,156,21,73,82,131,110,181,68,9,45,138,126,143,160,173,18,199,12,7,136,89,46,164,4,84,122,25,23,77,57,186,170,176,72,154,172,59,11,182,139,135,191,48,50,56,92,147,67,32,61,38,165,193,28,44,16,91,88,70,71,162,20,188,144,184,8,157,78,128,101,86,76,80,100,30,134,27,195,97,58,151,175,6,1,117,2,169,142,137,158,62,120,3,95,149,107,55,14,13,111,112,148,83,129,24,150,103,105,69,159,40,116,104,99,106,194,180,178,192,10,66,145,102,185,171,0,85,140,34,53,155,146,63,31,183,65,125,190,109,130,5,39,113,43,187,179,96,141,98,114,64,79,42,119,132,75,163,133,81,153,166,189,33,35,36,22,52,93,19,87,121,51];False
3202;6681;9883;[198,29,90,41,127,60,177,47,26,161,115,152,49,54,197,123,74,37,94,118,124,168,17,108,174,196,167,15,156,21,73,82,131,110,181,68,9,45,138,126,143,160,173,18,199,12,7,136,89,46,164,4,84,122,25,23,77,57,186,170,176,72,154,172,59,11,182,139,135,191,48,50,56,92,147,67,32,61,38,165,193,28,44,16,91,88,70,71,162,20,188,144,184,8,157,78,128,101,86,76,80,100,30,134,27,195,97,58,151,175,6,1,117,2,169,142,137,158,62,120,3,95,149,107,55,14,13,111,52,141,83,129,24,150,103,105,69,159,40,116,104,99,106,194,180,178,192,10,66,145,102,185,171,0,85,140,34,53,155,146,63,31,183,65,125,190,109,130,5,39,113,43,187,179,96,148,98,114,64,79,42,119,132,75,163,133,81,153,166,189,33,35,36,22,112,93,19,87,121,51];False
3283;6649;9932;[198,29,90,41,127,60,177,47,26,161,115,152,49,54,197,123,74,37,94,118,124,168,17,108,174,196,167,15,156,21,73,82,131,110,181,68,9,45,138,126,143,160,173,18,199,12,7,136,89,46,164,4,84,122,25,23,77,57,186,170,176,72,154,172,59,11,182,139,135,191,48,50,56,92,147,67,32,61,38,165,193,28,44,16,91,88,70,71,162,20,188,144,184,8,157,78,128,101,86,76,80,100,30,134,27,195,97,58,151,175,6,1,117,2,169,142,137,158,62,120,3,95,149,107,55,14,13,111,52,148,83,129,24,150,103,105,69,159,40,116,104,99,106,194,180,178,192,109,66,145,102,185,171,0,85,140,34,53,155,146,63,31,183,65,125,190,10,130,5,39,113,43,187,179,96,141,98,114,64,79,42,119,132,75,163,133,81,153,166,189,33,35,36,22,112,93,19,87,121,51];True
3665;6568;10233;[198,29,90,41,127,60,177,47,26,161,115,152,49,54,197,123,74,37,94,118,124,168,34,108,174,196,167,15,156,21,73,82,137,86,181,68,9,45,138,126,143,160,173,18,199,12,7,136,89,46,164,4,84,122,25,23,77,57,186,170,176,72,154,172,59,11,182,139,135,191,48,50,56,92,147,67,32,38,87,165,193,28,44,125,91,88,70,71,162,20,188,61,184,8,157,78,128,101,185,76,80,100,30,134,27,2,97,58,151,175,6,1,117,195,169,142,131,158,62,120,3,95,149,107,55,14,13,111,52,148,83,129,24,150,103,105,69,159,40,116,140,99,106,194,180,178,192,109,66,145,102,110,171,0,85,104,17,53,155,146,63,31,183,65,16,190,10,130,5,39,113,43,187,179,96,141,98,114,64,79,42,119,132,75,163,133,81,153,166,189,33,35,36,22,112,93,19,144,121,51];True
4065;6511;10576;[198,29,90,41,187,60,177,47,26,161,115,152,49,54,197,123,74,37,94,118,124,168,34,108,174,196,167,15,156,21,73,82,163,86,181,68,9,45,138,126,143,160,173,18,171,12,7,136,89,46,164,4,84,122,25,23,77,57,186,170,176,72,154,172,59,11,182,139,135,191,48,50,56,92,147,67,32,38,87,165,193,28,44,125,91,88,70,71,162,20,188,61,184,8,157,78,128,101,185,76,80,100,30,134,27,2,97,58,151,175,6,1,117,113,169,142,131,158,62,120,3,95,149,107,55,14,13,111,52,148,83,129,24,150,103,105,69,159,40,116,140,99,106,194,180,178,192,109,66,145,102,110,199,0,85,104,17,53,155,146,63,31,183,65,16,190,10,130,5,39,195,43,127,179,96,141,98,114,64,79,42,119,132,75,137,133,81,153,166,189,33,35,36,22,112,93,19,144,121,51];False
4000;6519;10519;[198,29,90,41,187,60,177,47,26,161,115,152,49,54,197,123,74,37,94,118,124,168,34,108,174,196,167,15,156,21,73,82,137,86,181,68,9,45,138,126,143,160,173,18,171,110,7,136,89,46,164,4,84,122,25,23,77,57,186,170,176,72,154,172,59,11,182,139,135,191,48,50,56,92,147,67,32,38,87,165,193,28,44,125,91,88,70,71,162,20,188,61,184,8,157,78,128,101,185,76,80,100,30,134,27,2,97,58,151,175,6,1,117,113,169,142,131,158,62,120,3,95,149,107,55,14,13,111,52,148,83,129,24,150,103,105,69,159,40,116,140,99,106,194,180,178,192,109,66,145,102,12,199,0,85,104,17,53,155,146,63,31,183,65,16,190,10,130,5,39,195,43,127,179,96,141,98,114,64,79,42,119,132,75,163,133,81,153,166,189,33,35,36,22,112,93,19,144,121,51];False
4035;6511;10546;[198,29,90,41,187,60,177,47,26,161,115,152,49,54,197,123,74,37,94,118,124,168,34,108,174,196,167,15,156,21,73,82,137,86,181,68,9,45,138,126,143,160,173,18,171,12,7,136,89,144,164,4,84,122,25,23,77,57,186,170,176,72,154,172,59,11,182,139,135,191,48,50,56,92,147,67,32,38,87,165,193,28,44,125,91,88,70,71,162,20,188,61,184,8,157,78,128,101,185,76,80,100,30,134,27,2,97,58,151,175,6,1,117,113,169,142,131,158,62,120,3,95,149,107,55,14,13,111,52,148,83,129,24,150,103,105,69,159,40,116,140,99,106,194,180,178,192,109,66,145,102,110,199,0,85,104,17,53,155,146,63,31,183,65,16,190,10,130,5,39,195,43,127,179,96,141,98,114,64,79,42,119,132,75,163,133,81,153,166,189,33,35,36,22,112,93,19,46,121,51];False
4001;6517;10518;[198,29,90,41,187,60,177,47,26,161,115,152,49,54,197,123,74,37,94,118,124,168,34,108,174,196,167,15,156,21,73,82,137,86,181,68,9,45,138,126,143,160,173,18,171,12,7,136,89,46,164,4,84,122,25,23,77,57,186,170,176,72,154,172,59,11,182,139,135,191,48,50,56,92,147,67,32,38,87,165,193,28,44,125,91,88,70,71,162,20,188,61,184,8,157,78,128,101,185,76,80,100,30,134,27,2,97,58,110,175,6,1,117,113,169,142,131,158,62,120,3,95,149,107,55,14,13,111,52,148,83,129,24,150,103,105,69,159,40,116,140,99,106,194,180,178,192,109,66,145,102,151,199,0,85,104,17,53,155,146,63,31,183,65,16,190,10,130,5,39,195,43,127,179,96,141,98,114,64,79,42,119,132,75,163,133,81,153,166,189,33,35,36,22,112,93,19,144,121,51];False
4085;6504;10589;[198,29,90,41,187,60,177,47,26,161,115,152,49,54,197,123,74,37,94,118,124,168,34,108,174,196,167,15,156,21,73,82,137,86,181,68,9,45,138,126,143,160,173,18,199,12,7,89,136,144,164,4,84,122,25,23,77,57,186,170,176,72,154,172,59,11,182,139,135,191,48,50,56,92,147,67,32,38,87,165,193,28,44,125,91,88,70,71,162,20,188,61,184,8,157,78,128,101,185,76,80,100,30,134,27,2,97,58,151,175,6,1,117,113,169,142,131,158,62,120,3,95,149,107,55,14,13,111,52,148,83,129,24,150,103,105,69,159,40,116,140,99,106,194,180,178,192,109,66,145,102,110,171,0,85,104,17,53,155,146,63,31,183,65,16,190,10,130,5,39,195,43,127,179,96,141,98,114,64,79,42,119,132,75,163,133,81,153,166,189,33,35,36,22,112,93,19,46,121,51];False
4079;6508;10587;[198,29,90,41,187,60,177,47,26,161,115,152,49,54,197,123,74,37,94,118,124,168,34,108,174,196,167,15,156,21,73,82,137,86,181,68,9,45,138,126,143,160,173,18,199,12,7,136,89,144,164,4,84,122,25,23,77,57,186,170,176,72,154,172,59,98,182,139,135,191,48,50,56,92,147,67,32,38,87,165,193,28,44,125,91,88,70,71,162,20,188,61,184,8,157,78,128,101,185,76,80,100,30,134,27,2,97,58,151,175,6,1,117,113,169,142,131,158,62,120,3,95,149,107,55,14,13,111,52,148,83,129,24,150,103,105,69,159,40,116,140,99,106,194,180,178,192,109,66,145,102,110,171,0,85,104,17,53,155,146,63,31,183,65,16,190,10,130,5,39,195,43,127,179,96,141,11,114,64,79,42,119,132,75,163,133,81,153,166,189,33,35,36,22,112,93,19,46,121,51];False
4398;6455;10853;[198,29,90,41,187,128,42,47,26,161,115,152,172,59,197,123,31,37,94,118,124,168,34,108,174,196,167,15,156,21,73,82,137,86,181,68,9,45,138,126,143,160,91,18,171,195,7,173,89,144,164,4,84,122,25,23,77,57,186,170,176,72,154,49,133,11,182,139,135,183,51,50,56,92,147,67,32,38,87,165,193,28,44,125,6,88,70,71,162,20,191,61,184,8,157,78,60,101,185,76,80,100,30,134,27,2,97,58,158,62,95,1,117,113,169,142,131,110,54,120,3,136,149,107,55,14,13,111,52,148,83,129,24,150,103,105,69,159,40,116,48,99,106,194,180,178,192,109,66,145,102,151,199,0,85,104,17,53,155,121,140,74,188,65,16,190,10,130,5,177,12,43,127,79,179,175,98,114,64,96,141,119,132,75,163,39,81,153,166,189,33,35,36,22,112,93,19,46,146,63];True
4290;6475;10765;[198,29,90,41,187,128,42,47,26,161,115,152,172,59,197,123,31,37,94,118,124,168,34,108,174,196,167,15,156,21,73,82,137,86,181,68,9,45,138,126,143,160,91,18,171,195,7,173,89,46,164,4,84,122,25,23,77,57,186,170,176,72,154,49,54,11,182,139,135,183,51,50,56,92,147,67,32,38,87,165,193,28,44,125,6,88,70,71,162,20,191,61,184,8,157,78,60,101,185,76,80,100,30,134,27,2,97,58,158,62,95,1,117,113,169,142,131,110,133,120,3,136,149,107,55,14,13,111,52,148,83,129,24,150,103,105,69,159,40,116,48,99,106,194,180,178,192,109,66,145,102,151,199,0,85,104,17,53,155,121,140,74,188,65,16,190,10,130,5,177,12,43,127,79,179,175,98,114,64,96,141,119,132,75,163,39,81,153,166,189,33,35,36,22,112,93,19,144,146,63];True
3036;6738;9774;[198,29,90,41,127,60,42,119,26,161,115,152,49,54,197,123,74,37,94,118,124,168,34,108,174,196,167,15,156,21,73,82,131,110,181,68,9,45,138,126,143,160,173,18,199,12,7,136,89,46,164,4,84,122,25,23,77,57,186,170,176,72,154,172,59,11,182,139,135,191,48,50,56,92,147,67,32,61,38,165,193,28,44,16,91,88,70,71,162,20,188,144,184,8,157,78,128,101,86,76,80,100,30,134,27,195,97,58,151,175,6,1,117,2,169,142,137,158,62,120,3,95,149,107,55,14,13,111,112,148,83,129,24,150,103,140,69,159,40,116,105,99,106,194,180,178,192,10,66,145,102,185,171,0,85,104,17,53,155,146,63,31,183,65,125,190,109,130,5,39,113,43,187,179,96,141,98,114,64,79,177,47,132,75,163,133,81,153,166,189,33,35,36,22,52,93,19,87,121,51];False
3107;6716;9823;[198,29,90,41,127,60,42,47,26,161,115,152,49,54,197,123,74,37,94,118,124,168,34,108,174,196,167,15,156,21,73,82,131,110,181,68,9,45,138,126,143,160,173,18,199,12,7,136,89,46,164,4,84,122,25,23,77,57,186,170,176,72,154,172,59,11,182,139,135,191,48,50,56,92,147,67,32,61,19,165,193,28,44,16,91,88,70,71,162,20,188,144,184,8,157,78,128,101,86,76,80,100,30,134,27,195,97,58,151,175,6,1,117,2,169,142,137,158,62,120,3,95,149,107,55,14,13,111,112,148,83,129,24,150,103,140,69,159,40,116,105,99,106,194,180,178,192,10,66,145,102,185,171,0,85,104,17,53,155,146,63,31,183,65,125,190,109,130,5,39,113,43,187,179,96,141,98,114,64,79,177,119,132,75,163,133,81,153,166,189,33,35,36,22,52,93,38,87,121,51];False
3113;6714;9827;[198,29,90,41,127,60,42,47,26,161,115,152,49,54,197,123,74,37,94,118,124,168,34,108,174,196,167,15,156,21,73,82,131,110,181,68,9,45,138,126,143,160,173,18,199,12,7,136,89,46,164,4,84,122,25,23,77,57,186,170,176,72,154,172,59,11,182,139,135,191,48,50,56,92,147,67,32,61,38,165,193,28,44,16,91,88,70,71,162,20,188,144,184,8,157,78,128,101,86,76,80,100,30,134,27,195,97,58,151,175,6,1,117,2,169,142,163,158,62,120,3,95,149,107,55,14,13,111,112,148,83,129,24,150,103,140,69,159,40,116,105,99,106,194,180,178,192,10,66,145,102,185,171,0,85,104,17,53,155,146,63,31,183,65,125,190,109,130,5,39,113,43,187,179,96,141,98,114,64,79,177,119,132,75,137,133,81,153,166,189,33,35,36,22,52,93,19,87,121,51];False
3159;6695;9854;[198,29,90,41,127,60,42,47,26,161,115,152,49,54,197,123,74,37,94,118,124,168,34,108,174,196,167,15,156,21,73,82,131,110,181,68,9,45,138,126,143,160,173,18,199,12,7,136,89,46,164,4,84,122,25,23,77,57,186,170,176,72,154,172,59,11,182,139,135,191,48,50,56,92,147,67,32,61,38,165,193,28,44,16,91,88,70,71,162,20,188,144,184,8,157,78,128,101,86,76,80,100,30,134,27,195,97,58,151,175,6,1,117,2,169,142,137,158,62,120,3,95,149,107,55,14,13,111,112,148,83,129,24,150,103,105,69,159,40,116,140,99,106,194,180,178,192,10,66,145,102,185,171,0,85,104,17,53,155,146,63,31,183,65,125,190,109,130,5,39,113,43,187,179,96,141,98,114,64,79,177,119,132,75,163,133,81,153,166,189,33,35,36,22,52,93,19,87,121,51];False
3081;6720;9801;[198,29,90,41,127,60,42,47,26,161,115,152,49,54,197,123,74,37,94,118,124,168,34,108,174,196,167,15,156,21,73,82,131,110,181,68,9,45,138,126,143,160,173,18,199,12,7,136,89,46,164,4,84,122,25,23,77,57,186,170,176,72,154,172,59,11,182,139,135,191,48,50,56,92,147,67,32,61,38,165,193,28,44,16,91,88,70,71,162,20,188,144,184,8,157,78,128,101,86,76,80,100,30,134,27,195,97,58,151,175,6,1,117,2,169,142,137,158,62,120,3,95,149,107,55,14,13,111,112,148,83,129,24,150,103,140,69,159,40,116,105,99,106,194,180,178,192,10,66,145,102,185,171,0,85,104,17,53,155,146,63,31,183,65,125,190,109,130,5,39,113,43,187,179,96,177,98,114,64,79,141,119,132,75,163,133,81,153,166,189,33,35,36,22,52,93,19,87,121,51];False
3226;6671;9897;[198,29,90,41,127,60,177,47,26,161,115,152,49,54,197,123,74,37,94,118,124,168,34,108,174,196,167,15,156,21,73,82,131,110,181,68,9,45,138,126,143,160,173,18,199,12,7,136,89,46,164,4,84,122,25,23,77,57,186,170,176,72,154,172,59,11,182,139,135,191,48,50,56,92,147,67,32,61,19,165,193,28,44,16,91,88,70,71,162,20,188,144,184,8,157,78,128,101,86,76,80,100,30,134,27,195,97,58,151,175,6,1,117,2,169,142,137,158,62,120,3,95,149,107,55,14,13,111,52,148,83,129,24,150,103,140,69,159,40,116,105,99,106,194,180,178,192,10,66,145,102,185,171,0,85,104,17,53,155,146,63,31,183,65,125,190,109,130,5,39,113,43,187,179,96,141,98,114,64,79,42,119,132,75,163,133,81,153,166,189,33,35,36,22,112,93,38,87,121,51];False
3150;6692;9842;[198,29,90,41,127,60,42,119,26,161,115,152,49,54,197,123,74,37,94,118,124,168,17,108,174,196,167,15,156,21,73,82,131,110,181,68,9,45,138,126,143,160,173,18,199,12,7,136,89,46,164,4,84,122,25,23,77,57,186,170,176,72,154,172,59,11,182,139,135,191,48,50,56,92,147,67,32,61,38,165,193,28,44,16,91,88,70,71,162,20,188,144,184,8,157,78,128,101,86,76,80,100,30,134,27,195,97,58,151,175,6,1,117,2,169,142,137,158,62,120,3,95,149,107,55,14,13,111,52,148,83,129,24,150,103,105,69,159,40,116,104,99,106,194,180,178,192,10,66,145,102,185,171,0,85,140,34,53,155,146,63,31,183,65,125,190,109,130,5,39,113,43,187,179,96,141,98,114,64,79,177,47,132,75,163,133,81,153,166,189,33,35,36,22,112,93,19,87,121,51];False
3227;6667;9894;[198,29,90,41,127,60,42,47,26,161,115,152,49,54,197,123,74,37,94,118,124,168,34,108,174,196,167,15,156,21,73,82,131,110,181,68,9,45,138,126,143,160,173,18,199,12,7,136,89,46,164,4,84,122,25,23,77,57,186,170,176,72,154,172,59,11,182,139,135,191,48,50,56,92,147,67,32,61,38,165,193,28,44,16,91,88,70,71,162,20,188,144,184,8,157,78,128,101,86,76,80,100,30,134,27,195,97,58,151,175,6,1,117,2,169,142,137,158,62,120,3,95,149,107,55,14,13,111,52,148,83,129,24,150,103,105,69,159,40,116,104,99,106,194,180,178,192,10,66,145,102,185,171,0,85,140,17,53,155,146,63,31,183,65,125,190,109,130,5,39,113,43,187,179,96,141,98,114,64,79,177,119,132,75,163,133,81,153,166,189,33,35,36,22,112,93,19,87,121,51];False
3221;6670;9891;[198,29,90,41,127,60,42,47,26,161,115,152,49,54,197,123,74,37,94,118,124,168,17,108,174,196,167,15,156,21,73,82,131,110,181,68,9,45,138,126,143,160,173,18,199,12,7,136,89,46,164,4,84,122,25,23,77,57,186,170,176,72,154,172,59,11,182,139,135,191,48,50,56,92,147,67,32,61,19,165,193,28,44,16,91,88,70,71,162,20,188,144,184,8,157,78,128,101,86,76,80,100,30,134,27,195,97,58,151,175,6,1,117,2,169,142,137,158,62,120,3,95,149,107,55,14,13,111,52,148,83,129,24,150,103,105,69,159,40,116,104,99,106,194,180,178,192,10,66,145,102,185,171,0,85,140,34,53,155,146,63,31,183,65,125,190,109,130,5,39,113,43,187,179,96,141,98,114,64,79,177,119,132,75,163,133,81,153,166,189,33,35,36,22,112,93,38,87,121,51];False
3110;6708;9818;[198,29,90,41,127,60,42,47,26,161,115,152,49,54,197,123,74,37,94,118,124,168,17,108,174,196,167,15,156,21,73,82,131,110,181,68,9,45,138,126,143,160,173,18,199,12,7,136,89,46,164,4,84,122,25,23,77,57,186,170,176,72,154,172,59,11,182,139,135,191,48,50,56,92,147,67,32,61,38,165,193,28,44,16,91,88,70,71,162,20,188,144,184,8,157,78,128,101,86,76,80,100,30,134,27,195,97,58,151,175,6,1,117,2,169,142,137,158,62,120,3,95,149,107,55,14,13,111,112,148,83,129,24,150,103,105,69,159,40,116,104,99,106,194,180,178,192,10,66,145,102,185,171,0,85,140,34,53,155,146,63,31,183,65,125,190,109,130,5,39,113,43,187,179,96,141,98,114,64,79,177,119,132,75,163,133,81,153,166,189,33,35,36,22,52,93,19,87,121,51];False
3176;6691;9867;[198,29,90,41,127,60,42,47,26,161,115,152,49,54,197,123,74,37,94,118,124,168,17,108,174,196,167,15,156,21,73,82,131,110,181,68,9,45,138,126,143,160,173,18,199,12,7,136,89,46,164,4,84,122,25,23,77,57,186,170,176,72,154,172,59,11,182,139,135,191,48,50,56,92,147,67,32,61,38,165,193,28,44,16,91,88,70,71,162,20,188,144,184,8,157,78,128,101,86,76,80,100,30,134,27,195,97,58,151,175,6,1,117,2,169,142,137,158,62,120,3,95,149,107,55,14,13,111,52,141,83,129,24,150,103,105,69,159,40,116,104,99,106,194,180,178,192,10,66,145,102,185,171,0,85,140,34,53,155,146,63,31,183,65,125,190,109,130,5,39,113,43,187,179,96,148,98,114,64,79,177,119,132,75,163,133,81,153,166,189,33,35,36,22,112,93,19,87,121,51];False
3195;6674;9869;[198,29,90,41,127,60,42,47,26,161,115,152,49,54,197,123,74,37,94,118,124,168,17,108,174,196,167,15,156,21,73,82,131,110,181,68,9,45,138,126,143,160,173,18,199,12,7,136,89,46,164,4,84,122,25,23,77,57,186,170,176,72,154,172,59,11,182,139,135,191,48,50,56,92,147,67,32,61,38,165,193,28,44,16,91,88,70,71,162,20,188,144,184,8,157,78,128,101,86,76,80,100,30,134,27,195,97,58,151,175,6,1,117,2,169,142,137,158,62,120,3,95,149,107,55,14,13,111,52,148,83,129,24,150,103,105,69,159,40,116,104,99,106,194,180,178,192,10,66,145,102,185,171,0,85,140,34,53,155,146,63,31,183,65,125,190,109,130,5,39,113,43,187,179,96,177,98,114,64,79,141,119,132,75,163,133,81,153,166,189,33,35,36,22,112,93,19,87,121,51];False
3089;6717;9806;[198,29,90,41,127,60,177,47,26,161,115,152,49,54,197,168,74,37,94,118,124,123,17,108,174,196,167,15,156,21,73,82,131,110,181,68,9,45,138,126,143,160,173,18,199,12,7,136,89,46,164,4,84,122,25,23,77,57,186,170,176,72,154,172,59,11,182,139,135,191,48,50,56,92,147,67,32,61,38,165,193,28,44,16,91,88,70,71,162,20,188,144,184,8,157,78,128,101,86,76,80,100,30,134,27,195,97,58,151,175,6,1,117,2,169,142,137,158,62,120,3,95,149,107,55,14,13,111,112,148,83,129,24,150,103,105,69,159,40,116,104,99,106,194,180,178,192,10,66,145,102,185,171,0,85,140,34,53,155,146,63,31,183,65,125,190,109,130,5,39,113,43,187,179,96,141,98,114,64,79,42,119,132,75,163,133,81,153,166,189,33,35,36,22,52,93,19,87,121,51];False
3288;6648;9936;[198,29,90,41,127,60,177,47,26,161,115,152,49,54,197,123,74,37,94,118,124,168,34,108,174,196,167,15,156,21,73,82,131,110,181,68,9,45,138,126,143,160,173,18,199,12,7,136,89,46,164,4,84,122,25,23,77,57,186,170,176,72,154,172,59,11,182,139,135,191,48,50,56,92,147,67,32,61,38,165,193,28,44,16,91,88,70,71,162,20,188,144,184,8,157,78,128,101,86,76,80,100,30,134,27,2,97,58,151,175,6,1,117,195,169,142,137,158,62,120,3,95,149,107,55,14,13,111,52,148,83,129,24,150,103,105,69,159,40,116,104,99,106,194,180,178,192,10,66,145,102,185,171,0,85,140,17,53,155,146,63,31,183,65,125,190,109,130,5,39,113,43,187,179,96,141,98,114,64,79,42,119,132,75,163,133,81,153,166,189,33,35,36,22,112,93,19,87,121,51];False
3277;6652;9929;[198,29,90,41,127,60,177,47,26,161,115,152,49,54,197,123,74,37,94,118,124,168,34,108,174,196,167,15,156,21,73,82,131,110,181,68,9,45,138,126,143,160,173,18,199,12,7,136,89,46,164,4,84,122,25,23,77,57,186,170,176,72,154,172,59,11,182,139,135,191,48,50,56,92,147,67,32,61,38,165,193,28,44,16,91,88,70,71,162,20,188,144,184,8,157,78,128,101,86,76,80,100,30,134,27,195,97,58,151,175,6,1,117,2,169,142,163,158,62,120,3,95,149,107,55,14,13,111,52,148,83,129,24,150,103,105,69,159,40,116,104,99,106,194,180,178,192,10,66,145,102,185,171,0,85,140,17,53,155,146,63,31,183,65,125,190,109,130,5,39,113,43,187,179,96,141,98,114,64,79,42,119,132,75,137,133,81,153,166,189,33,35,36,22,112,93,19,87,121,51];False
3278;6650;9928;[198,29,90,41,127,60,177,47,26,161,115,152,49,54,197,123,74,37,94,118,124,168,34,108,174,196,167,15,156,21,73,82,131,110,181,68,9,45,138,126,143,160,173,18,199,12,7,136,89,46,164,4,84,122,25,23,77,57,186,170,176,72,154,172,59,11,182,139,135,191,48,50,56,92,147,67,32,61,38,165,193,28,44,16,91,88,70,71,162,20,188,144,184,8,157,78,128,101,86,76,80,100,30,134,27,195,97,58,151,175,6,1,117,2,169,142,137,158,62,120,3,95,149,107,55,14,13,111,52,148,83,129,24,150,103,105,69,159,40,116,140,99,106,194,180,178,192,10,66,145,102,185,171,0,85,104,17,53,155,146,63,31,183,65,125,190,109,130,5,39,113,43,187,179,96,141,98,114,64,79,42,119,132,75,163,133,81,153,166,189,33,35,36,22,112,93,19,87,121,51];True
3307;6643;9950;[198,29,90,41,127,60,177,47,26,161,115,152,49,54,197,123,74,37,94,118,124,168,34,108,174,196,167,15,156,21,73,82,131,110,181,68,9,45,138,126,143,160,173,18,199,12,7,136,89,46,164,4,84,122,25,23,77,57,186,170,176,72,154,172,59,11,182,139,135,191,48,50,56,92,147,67,32,61,38,165,193,28,44,16,91,88,70,71,162,20,188,144,184,8,157,78,128,101,86,76,80,100,30,134,27,195,97,58,151,175,6,1,117,2,169,142,137,158,62,120,3,95,149,107,55,14,13,111,52,148,83,129,24,150,103,105,69,159,40,116,104,99,106,194,180,178,192,109,66,145,102,185,171,0,85,140,17,53,155,146,63,31,183,65,125,190,10,130,5,39,113,43,187,179,96,141,98,114,64,79,42,119,132,75,163,133,81,153,166,189,33,35,36,22,112,93,19,87,121,51];True
3301;6646;9947;[198,29,90,41,127,60,177,47,26,161,115,152,49,54,197,123,74,37,94,118,124,168,17,108,174,196,167,15,156,21,73,82,131,110,181,68,9,45,138,126,143,160,173,18,199,12,7,136,89,46,164,4,84,122,25,23,77,57,186,170,176,72,154,172,59,11,182,139,135,191,48,50,56,92,147,67,32,61,19,165,193,28,44,16,91,88,70,71,162,20,188,144,184,8,157,78,128,101,86,76,80,100,30,134,27,195,97,58,151,175,6,1,117,2,169,142,137,158,62,120,3,95,149,107,55,14,13,111,52,148,83,129,24,150,103,105,69,159,40,116,104,99,106,194,180,178,192,109,66,145,102,185,171,0,85,140,34,53,155,146,63,31,183,65,125,190,10,130,5,39,113,43,187,179,96,141,98,114,64,79,42,119,132,75,163,133,81,153,166,189,33,35,36,22,112,93,38,87,121,51];True
3171;6689;9860;[198,29,90,41,127,60,177,47,26,161,115,152,49,54,197,123,74,37,94,118,124,168,17,108,174,196,167,15,156,21,73,82,131,110,181,68,9,45,138,126,143,160,173,18,199,12,7,136,89,46,164,4,84,122,25,23,77,57,186,170,176,72,154,172,59,11,182,139,135,191,48,50,56,92,147,67,32,61,38,165,193,28,44,16,91,88,70,71,162,20,188,144,184,8,157,78,128,101,86,76,80,100,30,134,27,2,97,58,151,175,6,1,117,195,169,142,137,158,62,120,3,95,149,107,55,14,13,111,112,148,83,129,24,150,103,105,69,159,40,116,104,99,106,194,180,178,192,10,66,145,102,185,171,0,85,140,34,53,155,146,63,31,183,65,125,190,109,130,5,39,113,43,187,179,96,141,98,114,64,79,42,119,132,75,163,133,81,153,166,189,33,35,36,22,52,93,19,87,121,51];False
3318;6640;9958;[198,29,90,41,127,60,177,47,26,161,115,152,49,54,197,123,74,37,94,118,124,168,17,108,174,196,167,15,156,21,73,82,131,110,181,68,9,45,138,126,143,160,173,18,199,12,7,136,89,46,164,4,84,122,25,23,77,57,186,170,176,72,154,172,59,11,182,139,135,191,48,50,56,92,147,67,32,61,38,165,193,28,44,16,91,88,70,71,162,20,188,144,184,8,157,78,128,101,86,76,80,100,30,134,27,2,97,58,151,175,6,1,117,195,169,142,137,158,62,120,3,95,149,107,55,14,13,111,52,148,83,129,24,150,103,105,69,159,40,116,104,99,106,194,180,178,192,109,66,145,102,185,171,0,85,140,34,53,155,146,63,31,183,65,125,190,10,130,5,39,113,43,187,179,96,141,98,114,64,79,42,119,132,75,163,133,81,153,166,189,33,35,36,22,112,93,19,87,121,51];True
4075;6510;10585;[198,29,90,41,187,60,177,47,26,161,115,152,49,54,197,123,74,37,94,118,124,168,34,108,174,196,167,15,156,21,73,82,137,86,181,68,9,45,138,126,143,160,173,18,171,110,7,136,89,144,164,4,84,122,25,23,77,57,186,170,176,72,154,172,59,11,182,139,135,191,48,50,56,92,147,67,32,38,87,165,193,28,44,125,91,88,70,71,162,20,188,61,184,8,157,78,128,101,185,76,80,100,30,134,27,2,97,58,151,175,6,1,117,113,169,142,131,158,62,120,3,95,149,107,55,14,13,111,52,148,83,129,24,150,103,105,69,159,40,116,140,99,106,194,180,178,192,109,66,145,102,12,199,0,85,104,17,53,155,146,63,31,183,65,16,190,10,130,5,39,195,43,127,179,96,141,98,114,64,79,42,119,132,75,163,133,81,153,166,189,33,35,36,22,112,93,19,46,121,51];False
4104;6502;10606;[198,29,90,41,187,60,177,47,26,161,115,152,49,54,197,123,74,37,94,118,124,168,34,108,174,196,167,15,156,21,73,82,137,86,181,68,9,45,138,126,143,160,173,18,171,12,7,89,136,144,164,4,84,122,25,23,77,57,186,170,176,72,154,172,59,11,182,139,135,191,48,50,56,92,147,67,32,38,87,165,193,28,44,125,91,88,70,71,162,20,188,61,184,8,157,78,128,101,185,76,80,100,30,134,27,2,97,58,151,175,6,1,117,113,169,142,131,158,62,120,3,95,149,107,55,14,13,111,52,148,83,129,24,150,103,105,69,159,40,116,140,99,106,194,180,178,192,109,66,145,102,110,199,0,85,104,17,53,155,146,63,31,183,65,16,190,10,130,5,39,195,43,127,179,96,141,98,114,64,79,42,119,132,75,163,133,81,153,166,189,33,35,36,22,112,93,19,46,121,51];False
4076;6508;10584;[198,29,90,41,187,60,177,47,26,161,115,152,49,54,197,123,74,37,94,118,124,168,34,108,174,196,167,15,156,21,73,82,137,86,181,68,9,45,138,126,143,160,173,18,171,12,7,136,89,144,164,4,84,122,25,23,77,57,186,170,176,72,154,172,59,11,182,139,135,191,48,50,56,92,147,67,32,38,87,165,193,28,44,125,91,88,70,71,162,20,188,61,184,8,157,78,128,101,185,76,80,100,30,134,27,2,97,58,110,175,6,1,117,113,169,142,131,158,62,120,3,95,149,107,55,14,13,111,52,148,83,129,24,150,103,105,69,159,40,116,140,99,106,194,180,178,192,109,66,145,102,151,199,0,85,104,17,53,155,146,63,31,183,65,16,190,10,130,5,39,195,43,127,179,96,141,98,114,64,79,42,119,132,75,163,133,81,153,166,189,33,35,36,22,112,93,19,46,121,51];False
4011;6514;10525;[198,29,90,41,187,60,177,47,26,161,115,152,49,54,197,123,74,37,94,118,124,168,34,108,174,196,167,15,156,21,73,82,137,86,181,68,9,45,138,126,143,160,173,18,171,12,7,136,89,46,164,4,84,122,25,23,77,57,186,170,176,72,154,172,59,11,182,139,135,191,48,50,56,92,147,67,32,38,87,165,193,28,44,125,91,88,70,71,162,20,188,61,184,8,157,78,128,101,185,76,80,100,30,134,27,2,97,58,158,175,6,1,117,113,169,142,131,110,62,120,3,95,149,107,55,14,13,111,52,148,83,129,24,150,103,105,69,159,40,116,140,99,106,194,180,178,192,109,66,145,102,151,199,0,85,104,17,53,155,146,63,31,183,65,16,190,10,130,5,39,195,43,127,179,96,141,98,114,64,79,42,119,132,75,163,133,81,153,166,189,33,35,36,22,112,93,19,144,121,51];False
4047;6502;10549;[198,29,90,41,187,60,177,47,26,89,115,152,49,54,197,123,74,37,94,118,124,168,34,108,174,196,167,15,156,21,73,82,137,86,181,68,9,45,138,126,143,160,173,18,199,12,7,161,136,144,164,4,84,122,25,23,77,57,186,170,176,72,154,172,59,11,182,139,135,191,48,50,56,92,147,67,32,38,87,165,193,28,44,125,91,88,70,71,162,20,188,61,184,8,157,78,128,101,185,76,80,100,30,134,27,2,97,58,151,175,6,1,117,113,169,142,131,158,62,120,3,95,149,107,55,14,13,111,52,148,83,129,24,150,103,105,69,159,40,116,140,99,106,194,180,178,192,109,66,145,102,110,171,0,85,104,17,53,155,146,63,31,183,65,16,190,10,130,5,39,195,43,127,179,96,141,98,114,64,79,42,119,132,75,163,133,81,153,166,189,33,35,36,22,112,93,19,46,121,51];True
2996;6761;9757;[198,29,90,41,127,60,42,119,26,161,115,152,49,54,197,168,74,37,94,118,124,123,34,108,174,196,167,15,156,21,73,82,131,110,181,68,9,45,138,126,143,160,173,18,199,12,7,136,89,46,164,4,84,122,25,23,77,57,186,170,176,72,154,172,59,11,182,139,135,191,48,50,56,92,147,67,32,61,38,165,193,28,44,16,91,88,70,71,162,20,188,144,184,8,157,78,128,101,86,76,80,100,30,134,27,195,97,58,151,175,6,1,117,2,169,142,137,158,62,120,3,95,149,107,55,14,13,111,112,148,83,129,24,150,103,140,69,159,40,116,105,99,106,194,180,178,192,10,66,145,102,185,171,0,85,104,17,53,155,146,63,31,183,65,125,190,109,130,5,39,113,43,187,179,96,141,98,114,64,79,177,47,132,75,163,133,81,153,166,189,33,35,36,22,52,93,19,87,121,51];False
2969;6773;9742;[198,29,90,41,127,60,42,119,26,161,115,152,49,54,197,123,74,37,94,118,124,168,34,108,44,196,167,15,156,21,73,82,131,110,181,68,9,45,138,126,143,160,173,18,199,12,7,136,89,46,164,4,84,122,25,23,77,57,186,170,176,72,154,172,59,11,182,139,135,191,48,50,56,92,147,67,32,61,38,165,193,28,174,16,91,88,70,71,162,20,188,144,184,8,157,78,128,101,86,76,80,100,30,134,27,195,97,58,151,175,6,1,117,2,169,142,137,158,62,120,3,95,149,107,55,14,13,111,112,148,83,129,24,150,103,140,69,159,40,116,105,99,106,194,180,178,192,10,66,145,102,185,171,0,85,104,17,53,155,146,63,31,183,65,125,190,109,130,5,39,113,43,187,179,96,141,98,114,64,79,177,47,132,75,163,133,81,153,166,189,33,35,36,22,52,93,19,87,121,51];False
3054;6735;9789;[198,29,90,41,127,60,42,119,26,161,115,152,49,54,197,123,74,37,94,118,124,168,34,108,174,196,167,15,156,21,73,82,131,110,181,68,9,45,138,126,143,160,173,18,199,12,7,136,89,46,164,4,84,122,25,23,77,57,186,170,176,72,154,172,59,11,182,139,135,191,48,50,56,92,147,67,32,61,19,165,193,28,44,16,91,88,70,71,162,20,188,144,184,8,157,78,128,101,86,76,80,100,30,134,27,195,97,58,151,175,6,1,117,2,169,142,137,158,62,120,3,95,149,107,55,14,13,111,112,148,83,129,24,150,103,140,69,159,40,116,105,99,106,194,180,178,192,10,66,145,102,185,171,0,85,104,17,53,155,146,63,31,183,65,125,190,109,130,5,39,113,43,187,179,96,141,98,114,64,79,177,47,132,75,163,133,81,153,166,189,33,35,36,22,52,93,38,87,121,51];False
3071;6729;9800;[198,29,90,41,127,60,42,119,26,161,115,152,49,54,197,123,74,37,94,118,124,168,34,108,174,196,167,15,156,21,73,82,131,110,181,68,9,45,138,126,143,160,173,18,199,12,7,136,89,46,164,4,84,122,25,23,77,57,186,170,176,72,154,172,59,11,182,139,135,191,48,50,56,92,147,67,32,61,38,165,193,28,44,16,91,88,70,71,162,20,188,144,184,8,157,78,128,101,86,76,80,100,30,134,27,2,97,58,151,175,6,1,117,195,169,142,137,158,62,120,3,95,149,107,55,14,13,111,112,148,83,129,24,150,103,140,69,159,40,116,105,99,106,194,180,178,192,10,66,145,102,185,171,0,85,104,17,53,155,146,63,31,183,65,125,190,109,130,5,39,113,43,187,179,96,141,98,114,64,79,177,47,132,75,163,133,81,153,166,189,33,35,36,22,52,93,19,87,121,51];False
3060;6733;9793;[198,29,90,41,127,60,42,119,26,161,115,152,49,54,197,123,74,37,94,118,124,168,34,108,174,196,167,15,156,21,73,82,131,110,181,68,9,45,138,126,143,160,173,18,199,12,7,136,89,46,164,4,84,122,25,23,77,57,186,170,176,72,154,172,59,11,182,139,135,191,48,50,56,92,147,67,32,61,38,165,193,28,44,16,91,88,70,71,162,20,188,144,184,8,157,78,128,101,86,76,80,100,30,134,27,195,97,58,151,175,6,1,117,2,169,142,163,158,62,120,3,95,149,107,55,14,13,111,112,148,83,129,24,150,103,140,69,159,40,116,105,99,106,194,180,178,192,10,66,145,102,185,171,0,85,104,17,53,155,146,63,31,183,65,125,190,109,130,5,39,113,43,187,179,96,141,98,114,64,79,177,47,132,75,137,133,81,153,166,189,33,35,36,22,52,93,19,87,121,51];False
3129;6703;9832;[198,29,90,41,127,60,42,119,26,161,115,152,49,54,197,123,74,37,94,118,124,168,34,108,174,196,167,15,156,21,73,82,131,110,181,68,9,45,138,126,143,160,173,18,199,12,7,136,89,46,164,4,84,122,25,23,77,57,186,170,176,72,154,172,59,11,182,139,135,191,48,50,56,92,147,67,32,61,38,165,193,28,44,16,91,88,70,71,162,20,188,144,184,8,157,78,128,101,86,76,80,100,30,134,27,195,97,58,151,175,6,1,117,2,169,142,137,158,62,120,3,95,149,107,55,14,13,111,52,148,83,129,24,150,103,140,69,159,40,116,105,99,106,194,180,178,192,10,66,145,102,185,171,0,85,104,17,53,155,146,63,31,183,65,125,190,109,130,5,39,113,43,187,179,96,141,98,114,64,79,177,47,132,75,163,133,81,153,166,189,33,35,36,22,112,93,19,87,121,51];False
3106;6714;9820;[198,29,90,41,127,60,42,119,26,161,115,152,49,54,197,123,74,37,94,118,124,168,34,108,174,196,167,15,156,21,73,82,131,110,181,68,9,45,138,126,143,160,173,18,199,12,7,136,89,46,164,4,84,122,25,23,77,57,186,170,176,72,154,172,59,11,182,139,135,191,48,50,56,92,147,67,32,61,38,165,193,28,44,16,91,88,70,71,162,20,188,144,184,8,157,78,128,101,86,76,80,100,30,134,27,195,97,58,151,175,6,1,117,2,169,142,137,158,62,120,3,95,149,107,55,14,13,111,112,148,83,129,24,150,103,105,69,159,40,116,140,99,106,194,180,178,192,10,66,145,102,185,171,0,85,104,17,53,155,146,63,31,183,65,125,190,109,130,5,39,113,43,187,179,96,141,98,114,64,79,177,47,132,75,163,133,81,153,166,189,33,35,36,22,52,93,19,87,121,51];False
3014;6755;9769;[198,29,90,41,127,60,42,47,26,161,115,152,49,54,197,123,74,37,94,118,124,168,34,108,44,196,167,15,156,21,73,82,131,110,181,68,9,45,138,126,143,160,173,18,199,12,7,136,89,46,164,4,84,122,25,23,77,57,186,170,176,72,154,172,59,11,182,139,135,191,48,50,56,92,147,67,32,61,38,165,193,28,174,16,91,88,70,71,162,20,188,144,184,8,157,78,128,101,86,76,80,100,30,134,27,195,97,58,151,175,6,1,117,2,169,142,137,158,62,120,3,95,149,107,55,14,13,111,112,148,83,129,24,150,103,140,69,159,40,116,105,99,106,194,180,178,192,10,66,145,102,185,171,0,85,104,17,53,155,146,63,31,183,65,125,190,109,130,5,39,113,43,187,179,96,177,98,114,64,79,141,119,132,75,163,133,81,153,166,189,33,35,36,22,52,93,19,87,121,51];False
3105;6715;9820;[198,29,90,41,127,60,42,47,26,161,115,152,49,54,197,123,74,37,94,118,124,168,34,108,174,196,167,15,156,21,73,82,131,110,181,68,9,45,138,126,143,160,173,18,199,12,7,136,89,46,164,4,84,122,25,23,77,57,186,170,176,72,154,172,59,11,182,139,135,191,48,50,56,92,147,67,32,61,38,165,193,28,44,16,91,88,70,71,162,20,188,144,184,8,157,78,128,101,86,76,80,100,30,134,27,195,97,58,151,175,6,1,117,2,169,142,163,158,62,120,3,95,149,107,55,14,13,111,112,148,83,129,24,150,103,140,69,159,40,116,105,99,106,194,180,178,192,10,66,145,102,185,171,0,85,104,17,53,155,146,63,31,183,65,125,190,109,130,5,39,113,43,187,179,96,177,98,114,64,79,141,119,132,75,137,133,81,153,166,189,33,35,36,22,52,93,19,87,121,51];False
3174;6685;9859;[198,29,90,41,127,60,42,47,26,161,115,152,49,54,197,123,74,37,94,118,124,168,34,108,174,196,167,15,156,21,73,82,131,110,181,68,9,45,138,126,143,160,173,18,199,12,7,136,89,46,164,4,84,122,25,23,77,57,186,170,176,72,154,172,59,11,182,139,135,191,48,50,56,92,147,67,32,61,38,165,193,28,44,16,91,88,70,71,162,20,188,144,184,8,157,78,128,101,86,76,80,100,30,134,27,195,97,58,151,175,6,1,117,2,169,142,137,158,62,120,3,95,149,107,55,14,13,111,52,148,83,129,24,150,103,140,69,159,40,116,105,99,106,194,180,178,192,10,66,145,102,185,171,0,85,104,17,53,155,146,63,31,183,65,125,190,109,130,5,39,113,43,187,179,96,177,98,114,64,79,141,119,132,75,163,133,81,153,166,189,33,35,36,22,112,93,19,87,121,51];False
3103;6711;9814;[198,29,90,41,127,60,42,119,26,161,115,152,49,54,197,168,74,37,94,118,124,123,17,108,174,196,167,15,156,21,73,82,131,110,181,68,9,45,138,126,143,160,173,18,199,12,7,136,89,46,164,4,84,122,25,23,77,57,186,170,176,72,154,172,59,11,182,139,135,191,48,50,56,92,147,67,32,61,38,165,193,28,44,16,91,88,70,71,162,20,188,144,184,8,157,78,128,101,86,76,80,100,30,134,27,195,97,58,151,175,6,1,117,2,169,142,137,158,62,120,3,95,149,107,55,14,13,111,52,148,83,129,24,150,103,105,69,159,40,116,104,99,106,194,180,178,192,10,66,145,102,185,171,0,85,140,34,53,155,146,63,31,183,65,125,190,109,130,5,39,113,43,187,179,96,141,98,114,64,79,177,47,132,75,163,133,81,153,166,189,33,35,36,22,112,93,19,87,121,51];False
3168;6689;9857;[198,29,90,41,127,60,42,119,26,161,115,152,49,54,197,123,74,37,94,118,124,168,17,108,174,196,167,15,156,21,73,82,131,110,181,68,9,45,138,126,143,160,173,18,199,12,7,136,89,46,164,4,84,122,25,23,77,57,186,170,176,72,154,172,59,11,182,139,135,191,48,50,56,92,147,67,32,61,19,165,193,28,44,16,91,88,70,71,162,20,188,144,184,8,157,78,128,101,86,76,80,100,30,134,27,195,97,58,151,175,6,1,117,2,169,142,137,158,62,120,3,95,149,107,55,14,13,111,52,148,83,129,24,150,103,105,69,159,40,116,104,99,106,194,180,178,192,10,66,145,102,185,171,0,85,140,34,53,155,146,63,31,183,65,125,190,109,130,5,39,113,43,187,179,96,141,98,114,64,79,177,47,132,75,163,133,81,153,166,189,33,35,36,22,112,93,38,87,121,51];False
3057;6727;9784;[198,29,90,41,127,60,42,119,26,161,115,152,49,54,197,123,74,37,94,118,124,168,17,108,174,196,167,15,156,21,73,82,131,110,181,68,9,45,138,126,143,160,173,18,199,12,7,136,89,46,164,4,84,122,25,23,77,57,186,170,176,72,154,172,59,11,182,139,135,191,48,50,56,92,147,67,32,61,38,165,193,28,44,16,91,88,70,71,162,20,188,144,184,8,157,78,128,101,86,76,80,100,30,134,27,195,97,58,151,175,6,1,117,2,169,142,137,158,62,120,3,95,149,107,55,14,13,111,112,148,83,129,24,150,103,105,69,159,40,116,104,99,106,194,180,178,192,10,66,145,102,185,171,0,85,140,34,53,155,146,63,31,183,65,125,190,109,130,5,39,113,43,187,179,96,141,98,114,64,79,177,47,132,75,163,133,81,153,166,189,33,35,36,22,52,93,19,87,121,51];False
3134;6702;9836;[198,29,90,41,127,60,42,47,26,161,115,152,49,54,197,123,74,37,94,118,124,168,34,108,174,196,167,15,156,21,73,82,131,110,181,68,9,45,138,126,143,160,173,18,199,12,7,136,89,46,164,4,84,122,25,23,77,57,186,170,176,72,154,172,59,11,182,139,135,191,48,50,56,92,147,67,32,61,38,165,193,28,44,16,91,88,70,71,162,20,188,144,184,8,157,78,128,101,86,76,80,100,30,134,27,195,97,58,151,175,6,1,117,2,169,142,137,158,62,120,3,95,149,107,55,14,13,111,112,148,83,129,24,150,103,105,69,159,40,116,104,99,106,194,180,178,192,10,66,145,102,185,171,0,85,140,17,53,155,146,63,31,183,65,125,190,109,130,5,39,113,43,187,179,96,141,98,114,64,79,177,119,132,75,163,133,81,153,166,189,33,35,36,22,52,93,19,87,121,51];False
3219;6668;9887;[198,29,90,41,127,60,42,47,26,161,115,152,49,54,197,123,74,37,94,118,124,168,34,108,174,196,167,15,156,21,73,82,131,110,181,68,9,45,138,126,143,160,173,18,199,12,7,136,89,46,164,4,84,122,25,23,77,57,186,170,176,72,154,172,59,11,182,139,135,191,48,50,56,92,147,67,32,61,38,165,193,28,44,16,91,88,70,71,162,20,188,144,184,8,157,78,128,101,86,76,80,100,30,134,27,195,97,58,151,175,6,1,117,2,169,142,137,158,62,120,3,95,149,107,55,14,13,111,52,148,83,129,24,150,103,105,69,159,40,116,104,99,106,194,180,178,192,10,66,145,102,185,171,0,85,140,17,53,155,146,63,31,183,65,125,190,109,130,5,39,113,43,187,179,96,177,98,114,64,79,141,119,132,75,163,133,81,153,166,189,33,35,36,22,112,93,19,87,121,51];False
3128;6705;9833;[198,29,90,41,127,60,42,47,26,161,115,152,49,54,197,123,74,37,94,118,124,168,17,108,174,196,167,15,156,21,73,82,131,110,181,68,9,45,138,126,143,160,173,18,199,12,7,136,89,46,164,4,84,122,25,23,77,57,186,170,176,72,154,172,59,11,182,139,135,191,48,50,56,92,147,67,32,61,19,165,193,28,44,16,91,88,70,71,162,20,188,144,184,8,157,78,128,101,86,76,80,100,30,134,27,195,97,58,151,175,6,1,117,2,169,142,137,158,62,120,3,95,149,107,55,14,13,111,112,148,83,129,24,150,103,105,69,159,40,116,104,99,106,194,180,178,192,10,66,145,102,185,171,0,85,140,34,53,155,146,63,31,183,65,125,190,109,130,5,39,113,43,187,179,96,141,98,114,64,79,177,119,132,75,163,133,81,153,166,189,33,35,36,22,52,93,38,87,121,51];False
3102;6709;9811;[198,29,90,41,127,60,42,47,26,161,115,152,49,54,197,123,74,37,94,118,124,168,17,108,174,196,167,15,156,21,73,82,131,110,181,68,9,45,138,126,143,160,173,18,199,12,7,136,89,46,164,4,84,122,25,23,77,57,186,170,176,72,154,172,59,11,182,139,135,191,48,50,56,92,147,67,32,61,38,165,193,28,44,16,91,88,70,71,162,20,188,144,184,8,157,78,128,101,86,76,80,100,30,134,27,195,97,58,151,175,6,1,117,2,169,142,137,158,62,120,3,95,149,107,55,14,13,111,112,148,83,129,24,150,103,105,69,159,40,116,104,99,106,194,180,178,192,10,66,145,102,185,171,0,85,140,34,53,155,146,63,31,183,65,125,190,109,130,5,39,113,43,187,179,96,177,98,114,64,79,141,119,132,75,163,133,81,153,166,189,33,35,36,22,52,93,19,87,121,51];False
3148;6693;9841;[198,29,90,41,127,60,42,47,26,161,115,152,49,54,197,168,74,37,94,118,124,123,17,108,174,196,167,15,156,21,73,82,131,110,181,68,9,45,138,126,143,160,173,18,199,12,7,136,89,46,164,4,84,122,25,23,77,57,186,170,176,72,154,172,59,11,182,139,135,191,48,50,56,92,147,67,32,61,38,165,193,28,44,16,91,88,70,71,162,20,188,144,184,8,157,78,128,101,86,76,80,100,30,134,27,195,97,58,151,175,6,1,117,2,169,142,137,158,62,120,3,95,149,107,55,14,13,111,52,148,83,129,24,150,103,105,69,159,40,116,104,99,106,194,180,178,192,10,66,145,102,185,171,0,85,140,34,53,155,146,63,31,183,65,125,190,109,130,5,39,113,43,187,179,96,177,98,114,64,79,141,119,132,75,163,133,81,153,166,189,33,35,36,22,112,93,19,87,121,51];False
3213;6671;9884;[198,29,90,41,127,60,42,47,26,161,115,152,49,54,197,123,74,37,94,118,124,168,17,108,174,196,167,15,156,21,73,82,131,110,181,68,9,45,138,126,143,160,173,18,199,12,7,136,89,46,164,4,84,122,25,23,77,57,186,170,176,72,154,172,59,11,182,139,135,191,48,50,56,92,147,67,32,61,19,165,193,28,44,16,91,88,70,71,162,20,188,144,184,8,157,78,128,101,86,76,80,100,30,134,27,195,97,58,151,175,6,1,117,2,169,142,137,158,62,120,3,95,149,107,55,14,13,111,52,148,83,129,24,150,103,105,69,159,40,116,104,99,106,194,180,178,192,10,66,145,102,185,171,0,85,140,34,53,155,146,63,31,183,65,125,190,109,130,5,39,113,43,187,179,96,177,98,114,64,79,141,119,132,75,163,133,81,153,166,189,33,35,36,22,112,93,38,87,121,51];False
3306;6645;9951;[198,29,90,41,127,60,177,47,26,161,115,152,49,54,197,123,74,37,94,118,124,168,34,108,174,196,167,15,156,21,73,82,131,110,181,68,9,45,138,126,143,160,173,18,199,12,7,136,89,46,164,4,84,122,25,23,77,57,186,170,176,72,154,172,59,11,182,139,135,191,48,50,56,92,147,67,32,61,19,165,193,28,44,16,91,88,70,71,162,20,188,144,184,8,157,78,128,101,86,76,80,100,30,134,27,2,97,58,151,175,6,1,117,195,169,142,137,158,62,120,3,95,149,107,55,14,13,111,52,148,83,129,24,150,103,105,69,159,40,116,104,99,106,194,180,178,192,10,66,145,102,185,171,0,85,140,17,53,155,146,63,31,183,65,125,190,109,130,5,39,113,43,187,179,96,141,98,114,64,79,42,119,132,75,163,133,81,153,166,189,33,35,36,22,112,93,38,87,121,51];False
3313;6641;9954;[198,29,90,41,127,60,177,47,26,161,115,152,49,54,197,123,74,37,94,118,124,168,34,108,174,196,167,15,156,21,73,82,131,110,181,68,9,45,138,126,143,160,173,18,199,12,7,136,89,46,164,4,84,122,25,23,77,57,186,170,176,72,154,172,59,11,182,139,135,191,48,50,56,92,147,67,32,61,38,165,193,28,44,16,91,88,70,71,162,20,188,144,184,8,157,78,128,101,86,76,80,100,30,134,27,2,97,58,151,175,6,1,117,195,169,142,137,158,62,120,3,95,149,107,55,14,13,111,52,148,83,129,24,150,103,105,69,159,40,116,140,99,106,194,180,178,192,10,66,145,102,185,171,0,85,104,17,53,155,146,63,31,183,65,125,190,109,130,5,39,113,43,187,179,96,141,98,114,64,79,42,119,132,75,163,133,81,153,166,189,33,35,36,22,112,93,19,87,121,51];True
3342;6634;9976;[198,29,90,41,127,60,177,47,26,161,115,152,49,54,197,123,74,37,94,118,124,168,34,108,174,196,167,15,156,21,73,82,131,110,181,68,9,45,138,126,143,160,173,18,199,12,7,136,89,46,164,4,84,122,25,23,77,57,186,170,176,72,154,172,59,11,182,139,135,191,48,50,56,92,147,67,32,61,38,165,193,28,44,16,91,88,70,71,162,20,188,144,184,8,157,78,128,101,86,76,80,100,30,134,27,2,97,58,151,175,6,1,117,195,169,142,137,158,62,120,3,95,149,107,55,14,13,111,52,148,83,129,24,150,103,105,69,159,40,116,104,99,106,194,180,178,192,109,66,145,102,185,171,0,85,140,17,53,155,146,63,31,183,65,125,190,10,130,5,39,113,43,187,179,96,141,98,114,64,79,42,119,132,75,163,133,81,153,166,189,33,35,36,22,112,93,19,87,121,51];True
3302;6645;9947;[198,29,90,41,127,60,177,47,26,161,115,152,49,54,197,123,74,37,94,118,124,168,34,108,174,196,167,15,156,21,73,82,131,110,181,68,9,45,138,126,143,160,173,18,199,12,7,136,89,46,164,4,84,122,25,23,77,57,186,170,176,72,154,172,59,11,182,139,135,191,48,50,56,92,147,67,32,61,38,165,193,28,44,16,91,88,70,71,162,20,188,144,184,8,157,78,128,101,86,76,80,100,30,134,27,195,97,58,151,175,6,1,117,2,169,142,163,158,62,120,3,95,149,107,55,14,13,111,52,148,83,129,24,150,103,105,69,159,40,116,140,99,106,194,180,178,192,10,66,145,102,185,171,0,85,104,17,53,155,146,63,31,183,65,125,190,109,130,5,39,113,43,187,179,96,141,98,114,64,79,42,119,132,75,137,133,81,153,166,189,33,35,36,22,112,93,19,87,121,51];True
3331;6638;9969;[198,29,90,41,127,60,177,47,26,161,115,152,49,54,197,123,74,37,94,118,124,168,34,108,174,196,167,15,156,21,73,82,131,110,181,68,9,45,138,126,143,160,173,18,199,12,7,136,89,46,164,4,84,122,25,23,77,57,186,170,176,72,154,172,59,11,182,139,135,191,48,50,56,92,147,67,32,61,38,165,193,28,44,16,91,88,70,71,162,20,188,144,184,8,157,78,128,101,86,76,80,100,30,134,27,195,97,58,151,175,6,1,117,2,169,142,163,158,62,120,3,95,149,107,55,14,13,111,52,148,83,129,24,150,103,105,69,159,40,116,104,99,106,194,180,178,192,109,66,145,102,185,171,0,85,140,17,53,155,146,63,31,183,65,125,190,10,130,5,39,113,43,187,179,96,141,98,114,64,79,42,119,132,75,137,133,81,153,166,189,33,35,36,22,112,93,19,87,121,51];True
3296;6647;9943;[198,29,90,41,127,60,177,47,26,161,115,152,49,54,197,123,74,37,94,118,124,168,34,108,174,196,167,15,156,21,73,82,131,110,181,68,9,45,138,126,143,160,173,18,199,12,7,136,89,46,164,4,84,122,25,23,77,57,186,170,176,72,154,172,59,11,182,139,135,191,48,50,56,92,147,67,32,61,19,165,193,28,44,16,91,88,70,71,162,20,188,144,184,8,157,78,128,101,86,76,80,100,30,134,27,195,97,58,151,175,6,1,117,2,169,142,137,158,62,120,3,95,149,107,55,14,13,111,52,148,83,129,24,150,103,105,69,159,40,116,140,99,106,194,180,178,192,10,66,145,102,185,171,0,85,104,17,53,155,146,63,31,183,65,125,190,109,130,5,39,113,43,187,179,96,141,98,114,64,79,42,119,132,75,163,133,81,153,166,189,33,35,36,22,112,93,38,87,121,51];False
3332;6636;9968;[198,29,90,41,127,60,177,47,26,161,115,152,49,54,197,123,74,37,94,118,124,168,34,108,174,196,167,15,156,21,73,82,131,110,181,68,9,45,138,126,143,160,173,18,199,12,7,136,89,46,164,4,84,122,25,23,77,57,186,170,176,72,154,172,59,11,182,139,135,191,48,50,56,92,147,67,32,61,38,165,193,28,44,16,91,88,70,71,162,20,188,144,184,8,157,78,128,101,86,76,80,100,30,134,27,195,97,58,151,175,6,1,117,2,169,142,137,158,62,120,3,95,149,107,55,14,13,111,52,148,83,129,24,150,103,105,69,159,40,116,140,99,106,194,180,178,192,109,66,145,102,185,171,0,85,104,17,53,155,146,63,31,183,65,125,190,10,130,5,39,113,43,187,179,96,141,98,114,64,79,42,119,132,75,163,133,81,153,166,189,33,35,36,22,112,93,19,87,121,51];True
3882;6529;10411;[198,29,90,41,127,60,177,47,26,89,115,152,49,54,197,123,74,37,94,118,124,168,34,108,174,196,167,15,156,21,73,82,137,86,181,68,9,45,138,126,143,160,173,18,199,12,7,161,136,144,164,4,84,122,25,23,77,57,186,170,176,72,154,172,59,11,182,139,135,191,48,50,56,92,147,67,32,38,87,165,193,28,44,125,91,88,70,71,162,20,188,61,184,8,157,78,128,101,185,76,80,100,30,134,27,2,97,58,151,175,6,1,117,113,169,142,131,158,62,120,3,95,149,107,55,14,13,111,52,148,83,129,24,150,103,105,69,159,40,116,140,99,106,194,180,178,192,109,66,145,102,110,171,0,85,104,17,53,155,146,63,31,183,65,16,190,10,130,5,39,195,43,187,179,96,141,98,114,64,79,42,119,132,75,163,133,81,153,166,189,33,35,36,22,112,93,19,46,121,51];True
3970;6517;10487;[198,29,90,41,187,179,177,47,26,89,115,152,49,54,197,123,74,37,94,118,124,168,34,108,174,196,167,15,156,21,73,82,137,86,181,68,9,45,138,126,143,160,173,18,199,12,7,161,136,144,164,4,84,122,25,23,77,57,186,170,176,72,154,172,59,11,182,139,135,191,48,50,56,92,147,67,32,38,87,165,193,28,44,125,91,88,70,71,162,20,188,61,184,8,157,78,128,101,185,76,80,100,30,134,27,2,97,58,151,175,6,1,117,113,169,142,131,158,62,120,3,95,149,107,55,14,13,111,52,148,83,129,24,150,103,105,69,159,40,116,140,99,106,194,180,178,192,109,66,145,102,110,171,0,85,104,17,53,155,146,63,31,183,65,16,190,10,130,5,39,195,43,127,60,96,141,98,114,64,79,42,119,132,75,163,133,81,153,166,189,33,35,36,22,112,93,19,46,121,51];True
4046;6509;10555;[198,29,90,41,187,60,179,47,26,89,115,152,49,54,197,123,74,37,94,118,124,168,34,108,174,196,167,15,156,21,73,82,137,86,181,68,9,45,138,126,143,160,173,18,199,12,7,161,136,144,164,4,84,122,25,23,77,57,186,170,176,72,154,172,59,11,182,139,135,191,48,50,56,92,147,67,32,38,87,165,193,28,44,125,91,88,70,71,162,20,188,61,184,8,157,78,128,101,185,76,80,100,30,134,27,2,97,58,151,175,6,1,117,113,169,142,131,158,62,120,3,95,149,107,55,14,13,111,52,148,83,129,24,150,103,105,69,159,40,116,140,99,106,194,180,178,192,109,66,145,102,110,171,0,85,104,17,53,155,146,63,31,183,65,16,190,10,130,5,39,195,43,127,177,96,141,98,114,64,79,42,119,132,75,163,133,81,153,166,189,33,35,36,22,112,93,19,46,121,51];False
4021;6512;10533;[198,29,90,41,187,60,42,47,26,89,115,152,49,54,197,123,74,37,94,118,124,168,34,108,174,196,167,15,156,21,73,82,137,86,181,68,9,45,138,126,143,160,173,18,199,12,7,161,136,144,164,4,84,122,25,23,77,57,186,170,176,72,154,172,59,11,182,139,135,191,48,50,56,92,147,67,32,38,87,165,193,28,44,125,91,88,70,71,162,20,188,61,184,8,157,78,128,101,185,76,80,100,30,134,27,2,97,58,151,175,6,1,117,113,169,142,131,158,62,120,3,95,149,107,55,14,13,111,52,148,83,129,24,150,103,105,69,159,40,116,140,99,106,194,180,178,192,109,66,145,102,110,171,0,85,104,17,53,155,146,63,31,183,65,16,190,10,130,5,39,195,43,127,179,96,141,98,114,64,79,177,119,132,75,163,133,81,153,166,189,33,35,36,22,112,93,19,46,121,51];False
4146;6498;10644;[198,29,90,41,187,60,177,47,26,89,115,152,49,54,197,123,74,37,94,118,124,168,34,108,174,196,167,15,156,140,73,82,137,86,181,68,9,45,138,126,143,160,173,18,199,12,7,161,136,144,164,4,84,122,25,23,77,57,186,170,176,72,154,172,59,11,182,139,135,191,48,50,56,92,147,67,32,38,87,165,193,28,44,125,91,88,70,71,162,20,188,61,184,8,157,78,128,101,185,76,80,100,30,134,27,2,97,58,151,175,6,1,117,113,169,142,131,158,62,120,3,95,149,107,55,14,13,111,52,148,83,129,24,150,103,105,69,159,40,116,21,99,106,194,180,178,192,109,66,145,102,110,171,0,85,104,17,53,155,146,63,31,183,65,16,190,10,130,5,39,195,43,127,179,96,141,98,114,64,79,42,119,132,75,163,133,81,153,166,189,33,35,36,22,112,93,19,46,121,51];False
4114;6500;10614;[198,29,90,41,187,60,177,47,26,89,115,152,49,54,197,123,74,37,94,118,124,168,34,108,174,196,167,15,156,21,50,82,137,86,181,68,9,45,138,126,143,160,173,18,199,12,7,161,136,144,164,4,84,122,25,23,77,57,186,170,176,72,154,172,59,11,182,139,135,191,48,73,56,92,147,67,32,38,87,165,193,28,44,125,91,88,70,71,162,20,188,61,184,8,157,78,128,101,185,76,80,100,30,134,27,2,97,58,151,175,6,1,117,113,169,142,131,158,62,120,3,95,149,107,55,14,13,111,52,148,83,129,24,150,103,105,69,159,40,116,140,99,106,194,180,178,192,109,66,145,102,110,171,0,85,104,17,53,155,146,63,31,183,65,16,190,10,130,5,39,195,43,127,179,96,141,98,114,64,79,42,119,132,75,163,133,81,153,166,189,33,35,36,22,112,93,19,46,121,51];False
4112;6500;10612;[198,29,90,41,187,60,177,47,26,89,115,152,49,54,197,123,74,37,94,118,124,168,34,108,174,196,167,15,156,21,73,82,172,86,181,68,9,45,138,126,143,160,173,18,199,12,7,161,136,144,164,4,84,122,25,23,77,57,186,170,176,72,154,137,59,11,182,139,135,191,48,50,56,92,147,67,32,38,87,165,193,28,44,125,91,88,70,71,162,20,188,61,184,8,157,78,128,101,185,76,80,100,30,134,27,2,97,58,151,175,6,1,117,113,169,142,131,158,62,120,3,95,149,107,55,14,13,111,52,148,83,129,24,150,103,105,69,159,40,116,140,99,106,194,180,178,192,109,66,145,102,110,171,0,85,104,17,53,155,146,63,31,183,65,16,190,10,130,5,39,195,43,127,179,96,141,98,114,64,79,42,119,132,75,163,133,81,153,166,189,33,35,36,22,112,93,19,46,121,51];False
4152;6493;10645;[198,29,90,41,187,60,177,47,26,89,115,152,49,54,197,123,74,37,94,118,124,168,34,108,174,196,167,15,156,21,73,82,163,86,181,68,9,45,138,126,143,160,173,18,199,12,7,161,136,144,164,4,84,122,25,23,77,57,186,170,176,72,154,172,59,11,182,139,135,191,48,50,56,92,147,67,32,38,87,165,193,28,44,125,91,88,70,71,162,20,188,61,184,8,157,78,128,101,185,76,80,100,30,134,27,2,97,58,151,175,6,1,117,113,169,142,131,158,62,120,3,95,149,107,55,14,13,111,52,148,83,129,24,150,103,105,69,159,40,116,140,99,106,194,180,178,192,109,66,145,102,110,171,0,85,104,17,53,155,146,63,31,183,65,16,190,10,130,5,39,195,43,127,179,96,141,98,114,64,79,42,119,132,75,137,133,81,153,166,189,33,35,36,22,112,93,19,46,121,51];False
4150;6492;10642;[198,29,90,41,187,60,177,47,26,89,115,152,49,54,197,123,74,37,94,118,124,168,34,108,174,196,167,15,156,21,73,82,137,86,181,68,9,45,138,126,143,160,173,18,12,199,7,161,136,144,164,4,84,122,25,23,77,57,186,170,176,72,154,172,59,11,182,139,135,191,48,50,56,92,147,67,32,38,87,165,193,28,44,125,91,88,70,71,162,20,188,61,184,8,157,78,128,101,185,76,80,100,30,134,27,2,97,58,151,175,6,1,117,113,169,142,131,158,62,120,3,95,149,107,55,14,13,111,52,148,83,129,24,150,103,105,69,159,40,116,140,99,106,194,180,178,192,109,66,145,102,110,171,0,85,104,17,53,155,146,63,31,183,65,16,190,10,130,5,39,195,43,127,179,96,141,98,114,64,79,42,119,132,75,163,133,81,153,166,189,33,35,36,22,112,93,19,46,121,51];True
4137;6496;10633;[198,29,90,41,187,60,177,47,26,89,115,152,49,54,197,123,74,37,94,118,124,168,34,108,174,196,167,15,156,21,73,82,137,86,181,68,9,45,138,126,143,160,173,18,175,12,7,161,136,144,164,4,84,122,25,23,77,57,186,170,176,72,154,172,59,11,182,139,135,191,48,50,56,92,147,67,32,38,87,165,193,28,44,125,91,88,70,71,162,20,188,61,184,8,157,78,128,101,185,76,80,100,30,134,27,2,97,58,151,199,6,1,117,113,169,142,131,158,62,120,3,95,149,107,55,14,13,111,52,148,83,129,24,150,103,105,69,159,40,116,140,99,106,194,180,178,192,109,66,145,102,110,171,0,85,104,17,53,155,146,63,31,183,65,16,190,10,130,5,39,195,43,127,179,96,141,98,114,64,79,42,119,132,75,163,133,81,153,166,189,33,35,36,22,112,93,19,46,121,51];False
4066;6500;10566;[198,29,90,41,187,60,177,47,26,89,115,152,49,54,197,123,74,37,94,118,124,168,34,108,174,196,167,15,156,21,73,82,137,86,181,68,9,45,138,126,143,160,173,18,171,12,7,161,136,144,164,4,84,122,25,23,77,57,186,170,176,72,154,172,59,11,182,139,135,191,48,50,56,92,147,67,32,38,87,165,193,28,44,125,91,88,70,71,162,20,188,61,184,8,157,78,128,101,185,76,80,100,30,134,27,2,97,58,151,175,6,1,117,113,169,142,131,158,62,120,3,95,149,107,55,14,13,111,52,148,83,129,24,150,103,105,69,159,40,116,140,99,106,194,180,178,192,109,66,145,102,110,199,0,85,104,17,53,155,146,63,31,183,65,16,190,10,130,5,39,195,43,127,179,96,141,98,114,64,79,42,119,132,75,163,133,81,153,166,189,33,35,36,22,112,93,19,46,121,51];True
3989;6513;10502;[198,29,90,41,187,60,177,47,26,89,115,152,49,54,197,123,74,37,94,118,124,168,34,108,174,196,167,15,156,21,73,82,137,86,181,68,9,45,138,126,143,160,173,18,199,12,7,161,136,46,164,4,84,122,25,23,77,57,186,170,176,72,154,172,59,11,182,139,135,191,48,50,56,92,147,67,32,38,87,165,193,28,44,125,91,88,70,71,162,20,188,61,184,8,157,78,128,101,185,76,80,100,30,134,27,2,97,58,151,175,6,1,117,113,169,142,131,158,62,120,3,95,149,107,55,14,13,111,52,148,83,129,24,150,103,105,69,159,40,116,140,99,106,194,180,178,192,109,66,145,102,110,171,0,85,104,17,53,155,146,63,31,183,65,16,190,10,130,5,39,195,43,127,179,96,141,98,114,64,79,42,119,132,75,163,133,81,153,166,189,33,35,36,22,112,93,19,144,121,51];True
4110;6497;10607;[198,29,90,41,187,60,177,47,26,89,115,152,49,54,197,123,74,37,94,118,124,168,34,108,174,196,167,15,156,21,73,82,137,86,181,68,9,45,138,126,143,160,173,18,199,12,7,161,136,144,164,4,84,122,25,23,77,57,186,170,176,72,154,172,59,98,182,139,135,191,48,50,56,92,147,67,32,38,87,165,193,28,44,125,91,88,70,71,162,20,188,61,184,8,157,78,128,101,185,76,80,100,30,134,27,2,97,58,151,175,6,1,117,113,169,142,131,158,62,120,3,95,149,107,55,14,13,111,52,148,83,129,24,150,103,105,69,159,40,116,140,99,106,194,180,178,192,109,66,145,102,110,171,0,85,104,17,53,155,146,63,31,183,65,16,190,10,130,5,39,195,43,127,179,96,141,11,114,64,79,42,119,132,75,163,133,81,153,166,189,33,35,36,22,112,93,19,46,121,51];False
3936;6521;10457;[198,29,90,41,187,60,177,47,26,89,115,152,49,54,197,123,74,37,94,118,124,168,34,108,174,196,167,15,156,21,73,82,137,86,181,68,9,45,138,126,143,160,173,18,199,12,7,161,136,144,164,4,84,122,25,23,77,57,186,170,176,72,154,172,59,11,182,139,135,191,48,50,56,92,147,67,32,38,87,165,193,28,44,125,91,88,70,71,162,20,188,61,184,8,157,78,128,101,185,76,80,100,30,134,27,2,97,58,151,175,6,1,117,195,169,142,131,158,62,120,3,95,149,107,55,14,13,111,52,148,83,129,24,150,103,105,69,159,40,116,140,99,106,194,180,178,192,109,66,145,102,110,171,0,85,104,17,53,155,146,63,31,183,65,16,190,10,130,5,39,113,43,127,179,96,141,98,114,64,79,42,119,132,75,163,133,81,153,166,189,33,35,36,22,112,93,19,46,121,51];True
4022;6511;10533;[198,29,90,41,187,60,177,47,26,89,115,152,49,54,197,123,74,37,94,118,124,168,34,108,174,196,167,15,156,21,73,82,137,86,181,68,9,45,138,126,143,160,173,18,199,12,7,161,136,144,164,4,84,122,25,23,77,57,186,170,176,72,154,172,59,11,182,139,135,191,48,50,56,92,147,67,32,38,87,165,193,28,44,125,91,88,70,71,162,20,188,61,184,8,157,78,128,101,185,76,80,100,30,134,27,2,97,58,151,175,6,1,117,113,169,142,131,158,62,120,3,95,149,107,55,14,13,111,52,148,83,129,24,150,103,105,69,159,40,104,140,99,106,194,180,178,192,109,66,145,102,110,171,0,85,116,17,53,155,146,63,31,183,65,16,190,10,130,5,39,195,43,127,179,96,141,98,114,64,79,42,119,132,75,163,133,81,153,166,189,33,35,36,22,112,93,19,46,121,51];False
4022;6509;10531;[198,29,90,41,187,60,177,47,26,89,115,152,49,54,197,123,74,37,94,118,124,168,34,108,174,196,167,15,156,21,73,82,137,86,181,68,9,45,138,126,143,160,173,18,199,12,7,161,136,144,164,4,84,122,25,23,77,57,186,170,176,72,154,172,59,11,182,139,135,191,48,50,56,92,147,67,32,38,87,165,193,28,44,125,91,88,70,71,162,20,188,61,184,8,157,78,128,101,185,76,80,100,30,134,27,2,97,58,151,175,6,1,117,113,169,142,131,158,62,120,3,95,149,107,55,14,13,111,52,148,83,129,24,150,103,105,69,159,40,116,104,99,106,194,180,178,192,109,66,145,102,110,171,0,85,140,17,53,155,146,63,31,183,65,16,190,10,130,5,39,195,43,127,179,96,141,98,114,64,79,42,119,132,75,163,133,81,153,166,189,33,35,36,22,112,93,19,46,121,51];True
2974;6764;9738;[198,29,90,41,127,60,42,119,26,161,115,152,49,54,197,168,74,37,94,118,124,44,34,108,174,196,167,15,156,21,73,82,131,110,181,68,9,45,138,126,143,160,173,18,199,12,7,136,89,46,164,4,84,122,25,23,77,57,186,170,176,72,154,172,59,11,182,139,135,191,48,50,56,92,147,67,32,61,38,165,193,28,123,16,91,88,70,71,162,20,188,144,184,8,157,78,128,101,86,76,80,100,30,134,27,195,97,58,151,175,6,1,117,2,169,142,137,158,62,120,3,95,149,107,55,14,13,111,112,148,83,129,24,150,103,140,69,159,40,116,105,99,106,194,180,178,192,10,66,145,102,185,171,0,85,104,17,53,155,146,63,31,183,65,125,190,109,130,5,39,113,43,187,179,96,141,98,114,64,79,177,47,132,75,163,133,81,153,166,189,33,35,36,22,52,93,19,87,121,51];False
2985;6761;9746;[198,29,90,41,127,60,42,119,26,161,115,152,49,54,197,123,74,37,94,118,124,168,34,108,44,196,167,15,156,21,73,82,131,110,181,68,9,45,138,126,143,160,173,18,199,12,7,136,89,46,164,4,84,122,25,23,77,57,186,170,176,72,154,172,59,11,182,139,135,191,48,50,56,92,147,67,32,61,38,165,193,28,8,16,91,88,70,71,162,20,188,144,184,174,157,78,128,101,86,76,80,100,30,134,27,195,97,58,151,175,6,1,117,2,169,142,137,158,62,120,3,95,149,107,55,14,13,111,112,148,83,129,24,150,103,140,69,159,40,116,105,99,106,194,180,178,192,10,66,145,102,185,171,0,85,104,17,53,155,146,63,31,183,65,125,190,109,130,5,39,113,43,187,179,96,141,98,114,64,79,177,47,132,75,163,133,81,153,166,189,33,35,36,22,52,93,19,87,121,51];False
2968;6766;9734;[198,29,90,41,127,60,42,119,26,161,115,152,49,54,197,123,74,37,94,118,124,168,34,108,44,196,167,15,156,21,73,82,131,110,181,68,9,45,138,126,143,160,173,18,199,12,7,136,89,46,164,4,84,122,25,23,77,57,186,170,176,72,154,172,59,11,182,139,135,191,48,50,56,92,147,67,32,61,38,165,193,28,65,16,91,88,70,71,162,20,188,144,184,8,157,78,128,101,86,76,80,100,30,134,27,195,97,58,151,175,6,1,117,2,169,142,137,158,62,120,3,95,149,107,55,14,13,111,112,148,83,129,24,150,103,140,69,159,40,116,105,99,106,194,180,178,192,10,66,145,102,185,171,0,85,104,17,53,155,146,63,31,183,174,125,190,109,130,5,39,113,43,187,179,96,141,98,114,64,79,177,47,132,75,163,133,81,153,166,189,33,35,36,22,52,93,19,87,121,51];False
3030;6743;9773;[198,29,90,41,127,60,42,47,26,161,115,152,49,54,197,123,74,37,94,118,124,168,34,108,44,196,167,15,156,21,73,82,131,110,181,68,9,45,138,126,143,160,173,18,199,12,7,136,89,46,164,4,84,122,25,23,77,57,186,170,176,72,154,172,59,11,182,139,135,191,48,50,56,92,147,67,32,61,38,165,193,28,8,16,91,88,70,71,162,20,188,144,184,174,157,78,128,101,86,76,80,100,30,134,27,195,97,58,151,175,6,1,117,2,169,142,137,158,62,120,3,95,149,107,55,14,13,111,112,148,83,129,24,150,103,140,69,159,40,116,105,99,106,194,180,178,192,10,66,145,102,185,171,0,85,104,17,53,155,146,63,31,183,65,125,190,109,130,5,39,113,43,187,179,96,177,98,114,64,79,141,119,132,75,163,133,81,153,166,189,33,35,36,22,52,93,19,87,121,51];False
3013;6748;9761;[198,29,90,41,127,60,42,47,26,161,115,152,49,54,197,123,74,37,94,118,124,168,34,108,44,196,167,15,156,21,73,82,131,110,181,68,9,45,138,126,143,160,173,18,199,12,7,136,89,46,164,4,84,122,25,23,77,57,186,170,176,72,154,172,59,11,182,139,135,191,48,50,56,92,147,67,32,61,38,165,193,28,65,16,91,88,70,71,162,20,188,144,184,8,157,78,128,101,86,76,80,100,30,134,27,195,97,58,151,175,6,1,117,2,169,142,137,158,62,120,3,95,149,107,55,14,13,111,112,148,83,129,24,150,103,140,69,159,40,116,105,99,106,194,180,178,192,10,66,145,102,185,171,0,85,104,17,53,155,146,63,31,183,174,125,190,109,130,5,39,113,43,187,179,96,177,98,114,64,79,141,119,132,75,163,133,81,153,166,189,33,35,36,22,52,93,19,87,121,51];False
3244;6661;9905;[198,29,90,41,127,60,42,47,26,161,115,152,49,54,197,123,74,37,94,118,124,168,34,108,174,196,167,15,156,21,73,82,131,110,181,68,9,45,138,126,143,160,173,18,199,12,7,136,89,46,164,4,84,122,25,23,77,57,186,170,176,72,154,172,59,11,182,139,135,191,48,50,56,92,147,67,32,61,38,165,193,28,44,16,91,88,70,71,162,20,188,144,184,8,157,78,128,101,86,76,80,100,30,134,27,195,97,58,151,175,6,1,117,2,169,142,137,158,62,120,3,95,149,107,55,14,13,111,52,148,83,129,24,150,103,105,69,159,40,116,140,99,106,194,180,178,192,10,66,145,102,185,171,0,85,104,17,53,155,146,63,31,183,65,125,190,109,130,5,39,113,43,187,179,96,177,98,114,64,79,141,119,132,75,163,133,81,153,166,189,33,35,36,22,112,93,19,87,121,51];False
3075;6724;9799;[198,29,90,41,127,60,42,119,26,161,115,152,49,54,197,123,74,37,94,118,124,168,17,108,174,196,167,15,156,21,73,82,131,110,181,68,9,45,138,126,143,160,173,18,199,12,7,136,89,46,164,4,84,122,25,23,77,57,186,170,176,72,154,172,59,11,182,139,135,191,48,50,56,92,147,67,32,61,19,165,193,28,44,16,91,88,70,71,162,20,188,144,184,8,157,78,128,101,86,76,80,100,30,134,27,195,97,58,151,175,6,1,117,2,169,142,137,158,62,120,3,95,149,107,55,14,13,111,112,148,83,129,24,150,103,105,69,159,40,116,104,99,106,194,180,178,192,10,66,145,102,185,171,0,85,140,34,53,155,146,63,31,183,65,125,190,109,130,5,39,113,43,187,179,96,141,98,114,64,79,177,47,132,75,163,133,81,153,166,189,33,35,36,22,52,93,38,87,121,51];False
3010;6746;9756;[198,29,90,41,127,60,42,119,26,161,115,152,49,54,197,168,74,37,94,118,124,123,17,108,174,196,167,15,156,21,73,82,131,110,181,68,9,45,138,126,143,160,173,18,199,12,7,136,89,46,164,4,84,122,25,23,77,57,186,170,176,72,154,172,59,11,182,139,135,191,48,50,56,92,147,67,32,61,38,165,193,28,44,16,91,88,70,71,162,20,188,144,184,8,157,78,128,101,86,76,80,100,30,134,27,195,97,58,151,175,6,1,117,2,169,142,137,158,62,120,3,95,149,107,55,14,13,111,112,148,83,129,24,150,103,105,69,159,40,116,104,99,106,194,180,178,192,10,66,145,102,185,171,0,85,140,34,53,155,146,63,31,183,65,125,190,109,130,5,39,113,43,187,179,96,141,98,114,64,79,177,47,132,75,163,133,81,153,166,189,33,35,36,22,52,93,19,87,121,51];False
3126;6703;9829;[198,29,90,41,127,60,42,47,26,161,115,152,49,54,197,123,74,37,94,118,124,168,34,108,174,196,167,15,156,21,73,82,131,110,181,68,9,45,138,126,143,160,173,18,199,12,7,136,89,46,164,4,84,122,25,23,77,57,186,170,176,72,154,172,59,11,182,139,135,191,48,50,56,92,147,67,32,61,38,165,193,28,44,16,91,88,70,71,162,20,188,144,184,8,157,78,128,101,86,76,80,100,30,134,27,195,97,58,151,175,6,1,117,2,169,142,137,158,62,120,3,95,149,107,55,14,13,111,112,148,83,129,24,150,103,105,69,159,40,116,104,99,106,194,180,178,192,10,66,145,102,185,171,0,85,140,17,53,155,146,63,31,183,65,125,190,109,130,5,39,113,43,187,179,96,177,98,114,64,79,141,119,132,75,163,133,81,153,166,189,33,35,36,22,52,93,19,87,121,51];False
3055;6728;9783;[198,29,90,41,127,60,42,47,26,161,115,152,49,54,197,168,74,37,94,118,124,123,17,108,174,196,167,15,156,21,73,82,131,110,181,68,9,45,138,126,143,160,173,18,199,12,7,136,89,46,164,4,84,122,25,23,77,57,186,170,176,72,154,172,59,11,182,139,135,191,48,50,56,92,147,67,32,61,38,165,193,28,44,16,91,88,70,71,162,20,188,144,184,8,157,78,128,101,86,76,80,100,30,134,27,195,97,58,151,175,6,1,117,2,169,142,137,158,62,120,3,95,149,107,55,14,13,111,112,148,83,129,24,150,103,105,69,159,40,116,104,99,106,194,180,178,192,10,66,145,102,185,171,0,85,140,34,53,155,146,63,31,183,65,125,190,109,130,5,39,113,43,187,179,96,177,98,114,64,79,141,119,132,75,163,133,81,153,166,189,33,35,36,22,52,93,19,87,121,51];False
3120;6706;9826;[198,29,90,41,127,60,42,47,26,161,115,152,49,54,197,123,74,37,94,118,124,168,17,108,174,196,167,15,156,21,73,82,131,110,181,68,9,45,138,126,143,160,173,18,199,12,7,136,89,46,164,4,84,122,25,23,77,57,186,170,176,72,154,172,59,11,182,139,135,191,48,50,56,92,147,67,32,61,19,165,193,28,44,16,91,88,70,71,162,20,188,144,184,8,157,78,128,101,86,76,80,100,30,134,27,195,97,58,151,175,6,1,117,2,169,142,137,158,62,120,3,95,149,107,55,14,13,111,112,148,83,129,24,150,103,105,69,159,40,116,104,99,106,194,180,178,192,10,66,145,102,185,171,0,85,140,34,53,155,146,63,31,183,65,125,190,109,130,5,39,113,43,187,179,96,177,98,114,64,79,141,119,132,75,163,133,81,153,166,189,33,35,36,22,52,93,38,87,121,51];False
3166;6690;9856;[198,29,90,41,127,60,42,47,26,161,115,152,49,54,197,168,74,37,94,118,124,123,17,108,174,196,167,15,156,21,73,82,131,110,181,68,9,45,138,126,143,160,173,18,199,12,7,136,89,46,164,4,84,122,25,23,77,57,186,170,176,72,154,172,59,11,182,139,135,191,48,50,56,92,147,67,32,61,19,165,193,28,44,16,91,88,70,71,162,20,188,144,184,8,157,78,128,101,86,76,80,100,30,134,27,195,97,58,151,175,6,1,117,2,169,142,137,158,62,120,3,95,149,107,55,14,13,111,52,148,83,129,24,150,103,105,69,159,40,116,104,99,106,194,180,178,192,10,66,145,102,185,171,0,85,140,34,53,155,146,63,31,183,65,125,190,109,130,5,39,113,43,187,179,96,177,98,114,64,79,141,119,132,75,163,133,81,153,166,189,33,35,36,22,112,93,38,87,121,51];False
3172;6688;9860;[198,29,90,41,127,60,42,47,26,161,115,152,49,54,197,168,74,37,94,118,124,123,17,108,174,196,167,15,156,21,73,82,131,110,181,68,9,45,138,126,143,160,173,18,199,12,7,136,89,46,164,4,84,122,25,23,77,57,186,170,176,72,154,172,59,11,182,139,135,191,48,50,56,92,147,67,32,61,38,165,193,28,44,16,91,88,70,71,162,20,188,144,184,8,157,78,128,101,86,76,80,100,30,134,27,195,97,58,151,175,6,1,117,2,169,142,163,158,62,120,3,95,149,107,55,14,13,111,52,148,83,129,24,150,103,105,69,159,40,116,104,99,106,194,180,178,192,10,66,145,102,185,171,0,85,140,34,53,155,146,63,31,183,65,125,190,109,130,5,39,113,43,187,179,96,177,98,114,64,79,141,119,132,75,137,133,81,153,166,189,33,35,36,22,112,93,19,87,121,51];False
3367;6627;9994;[198,29,90,41,127,60,177,47,26,161,115,152,49,54,197,123,74,37,94,118,124,168,34,108,174,196,167,15,156,21,73,82,131,110,181,68,9,45,138,126,143,160,173,18,199,12,7,136,89,46,164,4,84,122,25,23,77,57,186,170,176,72,154,172,59,11,182,139,135,191,48,50,56,92,147,67,32,61,38,165,193,28,44,16,91,88,70,71,162,20,188,144,184,8,157,78,128,101,86,76,80,100,30,134,27,2,97,58,151,175,6,1,117,195,169,142,137,158,62,120,3,95,149,107,55,14,13,111,52,148,83,129,24,150,103,105,69,159,40,116,140,99,106,194,180,178,192,109,66,145,102,185,171,0,85,104,17,53,155,146,63,31,183,65,125,190,10,130,5,39,113,43,187,179,96,141,98,114,64,79,42,119,132,75,163,133,81,153,166,189,33,35,36,22,112,93,19,87,121,51];True
3360;6631;9991;[198,29,90,41,127,60,177,47,26,161,115,152,49,54,197,123,74,37,94,118,124,168,34,108,174,196,167,15,156,21,73,82,131,110,181,68,9,45,138,126,143,160,173,18,199,12,7,136,89,46,164,4,84,122,25,23,77,57,186,170,176,72,154,172,59,11,182,139,135,191,48,50,56,92,147,67,32,61,19,165,193,28,44,16,91,88,70,71,162,20,188,144,184,8,157,78,128,101,86,76,80,100,30,134,27,2,97,58,151,175,6,1,117,195,169,142,137,158,62,120,3,95,149,107,55,14,13,111,52,148,83,129,24,150,103,105,69,159,40,116,104,99,106,194,180,178,192,109,66,145,102,185,171,0,85,140,17,53,155,146,63,31,183,65,125,190,10,130,5,39,113,43,187,179,96,141,98,114,64,79,42,119,132,75,163,133,81,153,166,189,33,35,36,22,112,93,38,87,121,51];False
3356;6631;9987;[198,29,90,41,127,60,177,47,26,161,115,152,49,54,197,123,74,37,94,118,124,168,34,108,174,196,167,15,156,21,73,82,131,110,181,68,9,45,138,126,143,160,173,18,199,12,7,136,89,46,164,4,84,122,25,23,77,57,186,170,176,72,154,172,59,11,182,139,135,191,48,50,56,92,147,67,32,61,38,165,193,28,44,16,91,88,70,71,162,20,188,144,184,8,157,78,128,101,86,76,80,100,30,134,27,195,97,58,151,175,6,1,117,2,169,142,163,158,62,120,3,95,149,107,55,14,13,111,52,148,83,129,24,150,103,105,69,159,40,116,140,99,106,194,180,178,192,109,66,145,102,185,171,0,85,104,17,53,155,146,63,31,183,65,125,190,10,130,5,39,113,43,187,179,96,141,98,114,64,79,42,119,132,75,137,133,81,153,166,189,33,35,36,22,112,93,19,87,121,51];True
3901;6527;10428;[198,29,90,41,127,60,177,47,26,89,115,152,49,54,197,123,74,37,94,118,124,168,34,108,174,196,167,15,156,21,73,82,137,86,181,68,9,45,138,126,143,160,173,18,171,12,7,161,136,144,164,4,84,122,25,23,77,57,186,170,176,72,154,172,59,11,182,139,135,191,48,50,56,92,147,67,32,38,87,165,193,28,44,125,91,88,70,71,162,20,188,61,184,8,157,78,128,101,185,76,80,100,30,134,27,2,97,58,151,175,6,1,117,113,169,142,131,158,62,120,3,95,149,107,55,14,13,111,52,148,83,129,24,150,103,105,69,159,40,116,140,99,106,194,180,178,192,109,66,145,102,110,199,0,85,104,17,53,155,146,63,31,183,65,16,190,10,130,5,39,195,43,187,179,96,141,98,114,64,79,42,119,132,75,163,133,81,153,166,189,33,35,36,22,112,93,19,46,121,51];True
3824;6540;10364;[198,29,90,41,127,60,177,47,26,89,115,152,49,54,197,123,74,37,94,118,124,168,34,108,174,196,167,15,156,21,73,82,137,86,181,68,9,45,138,126,143,160,173,18,199,12,7,161,136,46,164,4,84,122,25,23,77,57,186,170,176,72,154,172,59,11,182,139,135,191,48,50,56,92,147,67,32,38,87,165,193,28,44,125,91,88,70,71,162,20,188,61,184,8,157,78,128,101,185,76,80,100,30,134,27,2,97,58,151,175,6,1,117,113,169,142,131,158,62,120,3,95,149,107,55,14,13,111,52,148,83,129,24,150,103,105,69,159,40,116,140,99,106,194,180,178,192,109,66,145,102,110,171,0,85,104,17,53,155,146,63,31,183,65,16,190,10,130,5,39,195,43,187,179,96,141,98,114,64,79,42,119,132,75,163,133,81,153,166,189,33,35,36,22,112,93,19,144,121,51];True
3771;6548;10319;[198,29,90,41,127,60,177,47,26,89,115,152,49,54,197,123,74,37,94,118,124,168,34,108,174,196,167,15,156,21,73,82,137,86,181,68,9,45,138,126,143,160,173,18,199,12,7,161,136,144,164,4,84,122,25,23,77,57,186,170,176,72,154,172,59,11,182,139,135,191,48,50,56,92,147,67,32,38,87,165,193,28,44,125,91,88,70,71,162,20,188,61,184,8,157,78,128,101,185,76,80,100,30,134,27,2,97,58,151,175,6,1,117,195,169,142,131,158,62,120,3,95,149,107,55,14,13,111,52,148,83,129,24,150,103,105,69,159,40,116,140,99,106,194,180,178,192,109,66,145,102,110,171,0,85,104,17,53,155,146,63,31,183,65,16,190,10,130,5,39,113,43,187,179,96,141,98,114,64,79,42,119,132,75,163,133,81,153,166,189,33,35,36,22,112,93,19,46,121,51];True
3809;6544;10353;[198,29,90,41,127,60,177,47,26,89,115,152,49,54,197,123,74,37,94,118,124,168,34,108,174,196,167,15,156,21,73,82,137,86,181,68,9,45,138,126,143,160,173,18,199,12,7,161,136,144,164,4,84,122,25,23,77,57,186,170,176,72,154,172,59,11,182,139,135,191,48,50,56,92,147,67,32,38,87,165,193,28,44,125,91,88,70,71,162,20,188,61,184,8,157,78,128,101,185,76,80,100,30,134,27,2,97,58,151,175,6,1,117,113,169,142,131,158,62,120,3,95,149,107,55,14,13,111,52,148,83,129,24,150,103,105,69,159,40,116,140,99,106,194,180,178,192,109,66,145,102,110,171,0,85,104,17,53,155,146,63,31,183,65,16,190,10,130,5,39,195,43,187,179,96,141,98,114,64,79,42,119,132,75,163,133,81,153,166,189,33,35,36,22,112,93,46,19,121,51];True
4145;6493;10638;[198,29,90,41,187,60,177,47,26,89,115,152,49,54,197,123,74,37,94,118,124,168,34,108,174,196,167,15,156,21,73,82,137,86,181,68,9,45,138,126,143,160,173,18,171,199,7,161,136,144,164,4,84,122,25,23,77,57,186,170,176,72,154,172,59,11,182,139,135,191,48,50,56,92,147,67,32,38,87,165,193,28,44,125,91,88,70,71,162,20,188,61,184,8,157,78,128,101,185,76,80,100,30,134,27,2,97,58,151,175,6,1,117,113,169,142,131,158,62,120,3,95,149,107,55,14,13,111,52,148,83,129,24,150,103,105,69,159,40,116,140,99,106,194,180,178,192,109,66,145,102,110,12,0,85,104,17,53,155,146,63,31,183,65,16,190,10,130,5,39,195,43,127,179,96,141,98,114,64,79,42,119,132,75,163,133,81,153,166,189,33,35,36,22,112,93,19,46,121,51];True
4171;6491;10662;[198,29,90,41,187,60,177,47,26,89,115,152,49,54,197,123,74,37,94,118,124,168,34,108,174,196,167,15,156,21,73,82,163,86,181,68,9,45,138,126,143,160,173,18,171,12,7,161,136,144,164,4,84,122,25,23,77,57,186,170,176,72,154,172,59,11,182,139,135,191,48,50,56,92,147,67,32,38,87,165,193,28,44,125,91,88,70,71,162,20,188,61,184,8,157,78,128,101,185,76,80,100,30,134,27,2,97,58,151,175,6,1,117,113,169,142,131,158,62,120,3,95,149,107,55,14,13,111,52,148,83,129,24,150,103,105,69,159,40,116,140,99,106,194,180,178,192,109,66,145,102,110,199,0,85,104,17,53,155,146,63,31,183,65,16,190,10,130,5,39,195,43,127,179,96,141,98,114,64,79,42,119,132,75,137,133,81,153,166,189,33,35,36,22,112,93,19,46,121,51];True
4018;6512;10530;[198,29,90,41,187,60,177,47,26,89,115,152,49,54,197,123,74,37,94,118,124,168,34,108,174,196,167,15,156,21,73,82,137,86,181,68,9,45,138,126,143,160,173,171,18,12,7,161,136,144,164,4,84,122,25,23,77,57,186,170,176,72,154,172,59,11,182,139,135,191,48,50,56,92,147,67,32,38,87,165,193,28,44,125,91,88,70,71,162,20,188,61,184,8,157,78,128,101,185,76,80,100,30,134,27,2,97,58,151,175,6,1,117,113,169,142,131,158,62,120,3,95,149,107,55,14,13,111,52,148,83,129,24,150,103,105,69,159,40,116,140,99,106,194,180,178,192,109,66,145,102,110,199,0,85,104,17,53,155,146,63,31,183,65,16,190,10,130,5,39,195,43,127,179,96,141,98,114,64,79,42,119,132,75,163,133,81,153,166,189,33,35,36,22,112,93,19,46,121,51];False
4106;6499;10605;[198,29,90,41,187,60,177,47,26,89,115,152,49,54,197,123,74,37,94,118,124,168,34,108,174,196,167,15,156,21,73,82,137,86,181,68,9,45,138,126,143,160,173,18,171,110,7,161,136,144,164,4,84,122,25,23,77,57,186,170,176,72,154,172,59,11,182,139,135,191,48,50,56,92,147,67,32,38,87,165,193,28,44,125,91,88,70,71,162,20,188,61,184,8,157,78,128,101,185,76,80,100,30,134,27,2,97,58,151,175,6,1,117,113,169,142,131,158,62,120,3,95,149,107,55,14,13,111,52,148,83,129,24,150,103,105,69,159,40,116,140,99,106,194,180,178,192,109,66,145,102,12,199,0,85,104,17,53,155,146,63,31,183,65,16,190,10,130,5,39,195,43,127,179,96,141,98,114,64,79,42,119,132,75,163,133,81,153,166,189,33,35,36,22,112,93,19,46,121,51];True
4045;6508;10553;[198,29,90,41,187,60,177,47,26,89,115,152,49,54,197,123,74,37,94,118,124,168,34,108,174,196,167,15,156,21,73,82,137,86,181,68,9,45,138,126,143,160,173,18,171,195,7,161,136,144,164,4,84,122,25,23,77,57,186,170,176,72,154,172,59,11,182,139,135,191,48,50,56,92,147,67,32,38,87,165,193,28,44,125,91,88,70,71,162,20,188,61,184,8,157,78,128,101,185,76,80,100,30,134,27,2,97,58,151,175,6,1,117,113,169,142,131,158,62,120,3,95,149,107,55,14,13,111,52,148,83,129,24,150,103,105,69,159,40,116,140,99,106,194,180,178,192,109,66,145,102,110,199,0,85,104,17,53,155,146,63,31,183,65,16,190,10,130,5,39,12,43,127,179,96,141,98,114,64,79,42,119,132,75,163,133,81,153,166,189,33,35,36,22,112,93,19,46,121,51];False
4008;6511;10519;[198,29,90,41,187,60,177,47,26,89,115,152,49,54,197,123,74,37,94,118,124,168,34,108,174,196,167,15,156,21,73,82,137,86,181,68,9,45,138,126,143,160,173,18,171,12,7,161,136,46,164,4,84,122,25,23,77,57,186,170,176,72,154,172,59,11,182,139,135,191,48,50,56,92,147,67,32,38,87,165,193,28,44,125,91,88,70,71,162,20,188,61,184,8,157,78,128,101,185,76,80,100,30,134,27,2,97,58,151,175,6,1,117,113,169,142,131,158,62,120,3,95,149,107,55,14,13,111,52,148,83,129,24,150,103,105,69,159,40,116,140,99,106,194,180,178,192,109,66,145,102,110,199,0,85,104,17,53,155,146,63,31,183,65,16,190,10,130,5,39,195,43,127,179,96,141,98,114,64,79,42,119,132,75,163,133,81,153,166,189,33,35,36,22,112,93,19,144,121,51];True
4129;6495;10624;[198,29,90,41,187,60,177,47,26,89,115,152,49,54,197,123,74,37,94,118,124,168,34,108,174,196,167,15,156,21,73,82,137,86,181,68,9,45,138,126,143,160,173,18,171,12,7,161,136,144,164,4,84,122,25,23,77,57,186,170,176,72,154,172,59,98,182,139,135,191,48,50,56,92,147,67,32,38,87,165,193,28,44,125,91,88,70,71,162,20,188,61,184,8,157,78,128,101,185,76,80,100,30,134,27,2,97,58,151,175,6,1,117,113,169,142,131,158,62,120,3,95,149,107,55,14,13,111,52,148,83,129,24,150,103,105,69,159,40,116,140,99,106,194,180,178,192,109,66,145,102,110,199,0,85,104,17,53,155,146,63,31,183,65,16,190,10,130,5,39,195,43,127,179,96,141,11,114,64,79,42,119,132,75,163,133,81,153,166,189,33,35,36,22,112,93,19,46,121,51];False
4107;6497;10604;[198,29,90,41,187,60,177,47,26,89,115,152,49,54,197,123,74,37,94,118,124,168,34,108,174,196,167,15,156,21,73,82,137,86,181,68,9,45,138,126,143,160,173,18,171,12,7,161,136,144,164,4,84,122,25,23,77,57,186,170,176,72,154,172,59,11,182,139,135,191,48,50,56,92,147,67,32,38,87,165,193,28,44,125,91,88,70,71,162,20,188,61,184,8,157,78,128,101,185,76,80,100,30,134,27,2,97,58,110,175,6,1,117,113,169,142,131,158,62,120,3,95,149,107,55,14,13,111,52,148,83,129,24,150,103,105,69,159,40,116,140,99,106,194,180,178,192,109,66,145,102,151,199,0,85,104,17,53,155,146,63,31,183,65,16,190,10,130,5,39,195,43,127,179,96,141,98,114,64,79,42,119,132,75,163,133,81,153,166,189,33,35,36,22,112,93,19,46,121,51];True
3955;6519;10474;[198,29,90,41,187,60,177,47,26,89,115,152,49,54,197,123,74,37,94,118,124,168,34,108,174,196,167,15,156,21,73,82,137,86,181,68,9,45,138,126,143,160,173,18,171,12,7,161,136,144,164,4,84,122,25,23,77,57,186,170,176,72,154,172,59,11,182,139,135,191,48,50,56,92,147,67,32,38,87,165,193,28,44,125,91,88,70,71,162,20,188,61,184,8,157,78,128,101,185,76,80,100,30,134,27,2,97,58,151,175,6,1,117,195,169,142,131,158,62,120,3,95,149,107,55,14,13,111,52,148,83,129,24,150,103,105,69,159,40,116,140,99,106,194,180,178,192,109,66,145,102,110,199,0,85,104,17,53,155,146,63,31,183,65,16,190,10,130,5,39,113,43,127,179,96,141,98,114,64,79,42,119,132,75,163,133,81,153,166,189,33,35,36,22,112,93,19,46,121,51];True
4041;6507;10548;[198,29,90,41,187,60,177,47,26,89,115,152,49,54,197,123,74,37,94,118,124,168,34,108,174,196,167,15,156,21,73,82,137,86,181,68,9,45,138,126,143,160,173,18,171,12,7,161,136,144,164,4,84,122,25,23,77,57,186,170,176,72,154,172,59,11,182,139,135,191,48,50,56,92,147,67,32,38,87,165,193,28,44,125,91,88,70,71,162,20,188,61,184,8,157,78,128,101,185,76,80,100,30,134,27,2,97,58,151,175,6,1,117,113,169,142,131,158,62,120,3,95,149,107,55,14,13,111,52,148,83,129,24,150,103,105,69,159,40,116,104,99,106,194,180,178,192,109,66,145,102,110,199,0,85,140,17,53,155,146,63,31,183,65,16,190,10,130,5,39,195,43,127,179,96,141,98,114,64,79,42,119,132,75,163,133,81,153,166,189,33,35,36,22,112,93,19,46,121,51];True
3878;6532;10410;[198,29,90,41,187,60,177,47,26,89,115,152,49,54,197,123,74,37,94,118,124,168,34,108,174,196,167,15,156,21,73,82,137,86,181,68,9,45,138,126,143,160,173,18,199,12,7,161,136,46,164,4,84,122,25,23,77,57,186,170,176,72,154,172,59,11,182,139,135,191,48,50,56,92,147,67,32,38,87,165,193,28,44,125,91,88,70,71,162,20,188,61,184,8,157,78,128,101,185,76,80,100,30,134,27,2,97,58,151,175,6,1,117,195,169,142,131,158,62,120,3,95,149,107,55,14,13,111,52,148,83,129,24,150,103,105,69,159,40,116,140,99,106,194,180,178,192,109,66,145,102,110,171,0,85,104,17,53,155,146,63,31,183,65,16,190,10,130,5,39,113,43,127,179,96,141,98,114,64,79,42,119,132,75,163,133,81,153,166,189,33,35,36,22,112,93,19,144,121,51];True
3027;6745;9772;[198,29,90,41,127,60,42,47,26,161,115,152,49,54,197,168,74,37,94,118,124,44,34,108,174,196,167,15,156,21,73,82,131,110,181,68,9,45,138,126,143,160,173,18,199,12,7,136,89,46,164,4,84,122,25,23,77,57,186,170,176,72,154,172,59,11,182,139,135,191,48,50,56,92,147,67,32,61,38,165,193,28,123,16,91,88,70,71,162,20,188,144,184,8,157,78,128,101,86,76,80,100,30,134,27,195,97,58,151,175,6,1,117,2,169,142,137,158,62,120,3,95,149,107,55,14,13,111,112,148,83,129,24,150,103,140,69,159,40,116,105,99,106,194,180,178,192,10,66,145,102,185,171,0,85,104,17,53,155,146,63,31,183,65,125,190,109,130,5,39,113,43,187,179,96,141,98,114,64,79,177,119,132,75,163,133,81,153,166,189,33,35,36,22,52,93,19,87,121,51];False
2887;6784;9671;[198,29,90,41,127,60,42,119,26,161,115,152,49,54,197,168,74,37,94,118,124,44,34,108,174,196,167,15,156,21,73,82,131,110,181,68,123,45,138,126,143,160,173,18,199,12,7,136,89,46,164,4,84,122,25,23,77,57,186,170,176,72,154,172,59,11,182,139,135,191,48,50,56,92,147,67,32,61,38,165,193,28,9,16,91,88,70,71,162,20,188,144,184,8,157,78,128,101,86,76,80,100,30,134,27,195,97,58,151,175,6,1,117,2,169,142,137,158,62,120,3,95,149,107,55,14,13,111,112,148,83,129,24,150,103,140,69,159,40,116,105,99,106,194,180,178,192,10,66,145,102,185,171,0,85,104,17,53,155,146,63,31,183,65,125,190,109,130,5,39,113,43,187,179,96,141,98,114,64,79,177,47,132,75,163,133,81,153,166,189,33,35,36,22,52,93,19,87,121,51];False
2908;6781;9689;[198,29,90,41,127,60,42,119,26,161,115,152,49,54,197,168,74,37,94,118,124,44,34,108,174,196,167,15,156,21,73,82,131,110,181,68,9,45,138,126,143,160,173,18,199,12,7,136,89,46,164,4,84,122,25,23,77,57,186,170,176,72,154,172,59,11,182,139,135,191,48,50,56,92,147,67,32,61,38,165,193,28,8,16,91,88,70,71,162,20,188,144,184,123,157,78,128,101,86,76,80,100,30,134,27,195,97,58,151,175,6,1,117,2,169,142,137,158,62,120,3,95,149,107,55,14,13,111,112,148,83,129,24,150,103,140,69,159,40,116,105,99,106,194,180,178,192,10,66,145,102,185,171,0,85,104,17,53,155,146,63,31,183,65,125,190,109,130,5,39,113,43,187,179,96,141,98,114,64,79,177,47,132,75,163,133,81,153,166,189,33,35,36,22,52,93,19,87,121,51];False
3009;6755;9764;[198,29,90,41,127,60,42,119,26,161,115,152,49,54,197,168,74,37,94,118,124,44,34,108,174,196,167,15,156,21,73,82,131,110,181,68,9,45,138,126,143,160,173,18,199,12,7,136,89,46,164,4,84,122,25,23,77,57,186,170,176,72,154,172,59,11,182,139,135,191,48,50,56,92,147,67,32,61,38,165,193,28,123,16,91,88,70,71,162,20,188,144,184,8,157,78,128,101,86,76,80,100,30,134,27,2,97,58,151,175,6,1,117,195,169,142,137,158,62,120,3,95,149,107,55,14,13,111,112,148,83,129,24,150,103,140,69,159,40,116,105,99,106,194,180,178,192,10,66,145,102,185,171,0,85,104,17,53,155,146,63,31,183,65,125,190,109,130,5,39,113,43,187,179,96,141,98,114,64,79,177,47,132,75,163,133,81,153,166,189,33,35,36,22,52,93,19,87,121,51];False
2998;6759;9757;[198,29,90,41,127,60,42,119,26,161,115,152,49,54,197,168,74,37,94,118,124,44,34,108,174,196,167,15,156,21,73,82,131,110,181,68,9,45,138,126,143,160,173,18,199,12,7,136,89,46,164,4,84,122,25,23,77,57,186,170,176,72,154,172,59,11,182,139,135,191,48,50,56,92,147,67,32,61,38,165,193,28,123,16,91,88,70,71,162,20,188,144,184,8,157,78,128,101,86,76,80,100,30,134,27,195,97,58,151,175,6,1,117,2,169,142,163,158,62,120,3,95,149,107,55,14,13,111,112,148,83,129,24,150,103,140,69,159,40,116,105,99,106,194,180,178,192,10,66,145,102,185,171,0,85,104,17,53,155,146,63,31,183,65,125,190,109,130,5,39,113,43,187,179,96,141,98,114,64,79,177,47,132,75,137,133,81,153,166,189,33,35,36,22,52,93,19,87,121,51];False
3003;6758;9761;[198,29,90,41,127,60,42,119,26,161,115,152,49,54,197,123,74,37,94,118,124,168,34,108,44,196,167,15,156,21,73,82,131,110,181,68,9,45,138,126,143,160,173,18,199,12,7,136,89,46,164,4,84,122,25,23,77,57,186,170,176,72,154,172,59,11,182,139,135,191,48,50,56,92,147,67,32,61,19,165,193,28,8,16,91,88,70,71,162,20,188,144,184,174,157,78,128,101,86,76,80,100,30,134,27,195,97,58,151,175,6,1,117,2,169,142,137,158,62,120,3,95,149,107,55,14,13,111,112,148,83,129,24,150,103,140,69,159,40,116,105,99,106,194,180,178,192,10,66,145,102,185,171,0,85,104,17,53,155,146,63,31,183,65,125,190,109,130,5,39,113,43,187,179,96,141,98,114,64,79,177,47,132,75,163,133,81,153,166,189,33,35,36,22,52,93,38,87,121,51];False
2964;6771;9735;[198,29,90,41,127,60,42,119,26,161,115,152,49,54,197,123,74,37,94,118,124,168,34,108,44,196,167,15,156,21,73,82,131,110,181,68,9,45,138,126,143,160,173,18,199,12,7,136,89,46,164,4,84,122,25,23,77,57,186,170,176,72,154,172,59,11,182,139,135,191,48,50,56,92,147,67,32,61,38,165,193,28,8,16,91,88,70,71,162,20,188,144,174,184,157,78,128,101,86,76,80,100,30,134,27,195,97,58,151,175,6,1,117,2,169,142,137,158,62,120,3,95,149,107,55,14,13,111,112,148,83,129,24,150,103,140,69,159,40,116,105,99,106,194,180,178,192,10,66,145,102,185,171,0,85,104,17,53,155,146,63,31,183,65,125,190,109,130,5,39,113,43,187,179,96,141,98,114,64,79,177,47,132,75,163,133,81,153,166,189,33,35,36,22,52,93,19,87,121,51];False
2966;6768;9734;[183,29,90,41,127,60,42,119,26,161,115,152,49,54,197,123,74,37,94,118,124,168,34,108,44,196,167,15,156,21,73,82,131,110,181,68,9,45,138,126,143,160,173,18,199,12,7,136,89,46,164,4,84,122,25,23,77,57,186,170,176,72,154,172,59,11,182,139,135,191,48,50,56,92,147,67,32,61,38,165,193,28,65,16,91,88,70,71,162,20,188,144,184,8,157,78,128,101,86,76,80,100,30,134,27,195,97,58,151,175,6,1,117,2,169,142,137,158,62,120,3,95,149,107,55,14,13,111,112,148,83,129,24,150,103,140,69,159,40,116,105,99,106,194,180,178,192,10,66,145,102,185,171,0,85,104,17,53,155,146,63,31,198,174,125,190,109,130,5,39,113,43,187,179,96,141,98,114,64,79,177,47,132,75,163,133,81,153,166,189,33,35,36,22,52,93,19,87,121,51];False
2976;6759;9735;[198,174,90,41,127,60,42,119,26,161,115,152,49,54,197,123,74,37,94,118,124,168,34,108,44,196,167,15,156,21,73,82,131,110,181,68,9,45,138,126,143,160,173,18,199,12,7,136,89,46,164,4,84,122,25,23,77,57,186,170,176,72,154,172,59,11,182,139,135,191,48,50,56,92,147,67,32,61,38,165,193,28,65,16,91,88,70,71,162,20,188,144,184,8,157,78,128,101,86,76,80,100,30,134,27,195,97,58,151,175,6,1,117,2,169,142,137,158,62,120,3,95,149,107,55,14,13,111,112,148,83,129,24,150,103,140,69,159,40,116,105,99,106,194,180,178,192,10,66,145,102,185,171,0,85,104,17,53,155,146,63,31,183,29,125,190,109,130,5,39,113,43,187,179,96,141,98,114,64,79,177,47,132,75,163,133,81,153,166,189,33,35,36,22,52,93,19,87,121,51];False
3003;6757;9760;[198,29,90,41,127,60,42,119,26,161,115,152,49,54,197,123,74,37,94,118,124,168,34,108,44,196,167,15,156,21,73,82,131,110,181,68,9,45,138,126,143,160,173,18,199,12,7,136,89,46,164,4,84,122,25,23,77,57,186,170,176,72,154,172,59,11,182,139,135,191,48,50,56,92,147,67,32,61,38,165,193,28,65,16,91,88,70,71,162,20,188,144,184,8,157,78,128,101,86,76,80,100,30,134,27,2,97,58,151,175,6,1,117,195,169,142,137,158,62,120,3,95,149,107,55,14,13,111,112,148,83,129,24,150,103,140,69,159,40,116,105,99,106,194,180,178,192,10,66,145,102,185,171,0,85,104,17,53,155,146,63,31,183,174,125,190,109,130,5,39,113,43,187,179,96,141,98,114,64,79,177,47,132,75,163,133,81,153,166,189,33,35,36,22,52,93,19,87,121,51];False
3009;6753;9762;[198,29,90,41,127,60,42,47,26,161,115,152,49,54,197,123,74,37,94,118,124,168,34,108,44,196,167,15,156,21,73,82,131,110,181,68,9,45,138,126,143,160,173,18,199,12,7,136,89,46,164,4,84,122,25,23,77,57,186,170,176,72,154,172,59,11,182,139,135,191,48,50,56,92,147,67,32,61,38,165,193,28,8,16,91,88,70,71,162,20,188,144,174,184,157,78,128,101,86,76,80,100,30,134,27,195,97,58,151,175,6,1,117,2,169,142,137,158,62,120,3,95,149,107,55,14,13,111,112,148,83,129,24,150,103,140,69,159,40,116,105,99,106,194,180,178,192,10,66,145,102,185,171,0,85,104,17,53,155,146,63,31,183,65,125,190,109,130,5,39,113,43,187,179,96,177,98,114,64,79,141,119,132,75,163,133,81,153,166,189,33,35,36,22,52,93,19,87,121,51];False
3028;6743;9771;[198,29,90,41,127,60,42,119,26,161,115,152,49,54,197,168,74,37,94,118,124,123,17,108,174,196,167,15,156,21,73,82,131,110,181,68,9,45,138,126,143,160,173,18,199,12,7,136,89,46,164,4,84,122,25,23,77,57,186,170,176,72,154,172,59,11,182,139,135,191,48,50,56,92,147,67,32,61,19,165,193,28,44,16,91,88,70,71,162,20,188,144,184,8,157,78,128,101,86,76,80,100,30,134,27,195,97,58,151,175,6,1,117,2,169,142,137,158,62,120,3,95,149,107,55,14,13,111,112,148,83,129,24,150,103,105,69,159,40,116,104,99,106,194,180,178,192,10,66,145,102,185,171,0,85,140,34,53,155,146,63,31,183,65,125,190,109,130,5,39,113,43,187,179,96,141,98,114,64,79,177,47,132,75,163,133,81,153,166,189,33,35,36,22,52,93,38,87,121,51];False
3007;6755;9762;[198,29,90,41,127,60,42,119,26,161,115,152,49,54,197,168,74,37,94,118,124,123,17,108,174,196,167,15,156,21,73,82,131,110,181,68,9,45,55,126,143,160,173,18,199,12,7,136,89,46,164,4,84,122,25,23,77,57,186,170,176,72,154,172,59,11,182,139,135,191,48,50,56,92,147,67,32,61,38,165,193,28,44,16,91,88,70,71,162,20,188,144,184,8,157,78,128,101,86,76,80,100,30,134,27,195,97,58,151,175,6,1,117,2,169,142,137,158,62,120,3,95,149,107,138,14,13,111,112,148,83,129,24,150,103,105,69,159,40,116,104,99,106,194,180,178,192,10,66,145,102,185,171,0,85,140,34,53,155,146,63,31,183,65,125,190,109,130,5,39,113,43,187,179,96,141,98,114,64,79,177,47,132,75,163,133,81,153,166,189,33,35,36,22,52,93,19,87,121,51];False
3045;6737;9782;[198,29,90,41,127,60,42,119,26,161,115,152,49,54,197,168,74,37,94,118,124,123,17,108,174,196,167,15,156,21,73,82,131,110,181,68,9,45,138,126,143,160,173,18,199,12,7,136,89,46,164,4,84,122,25,23,77,57,186,170,176,72,154,172,59,11,182,139,135,191,48,50,56,92,147,67,32,61,38,165,193,28,44,16,91,88,70,71,162,20,188,144,184,8,157,78,128,101,86,76,80,100,30,134,27,2,97,58,151,175,6,1,117,195,169,142,137,158,62,120,3,95,149,107,55,14,13,111,112,148,83,129,24,150,103,105,69,159,40,116,104,99,106,194,180,178,192,10,66,145,102,185,171,0,85,140,34,53,155,146,63,31,183,65,125,190,109,130,5,39,113,43,187,179,96,141,98,114,64,79,177,47,132,75,163,133,81,153,166,189,33,35,36,22,52,93,19,87,121,51];False
3034;6741;9775;[198,29,90,41,127,60,42,119,26,161,115,152,49,54,197,168,74,37,94,118,124,123,17,108,174,196,167,15,156,21,73,82,131,110,181,68,9,45,138,126,143,160,173,18,199,12,7,136,89,46,164,4,84,122,25,23,77,57,186,170,176,72,154,172,59,11,182,139,135,191,48,50,56,92,147,67,32,61,38,165,193,28,44,16,91,88,70,71,162,20,188,144,184,8,157,78,128,101,86,76,80,100,30,134,27,195,97,58,151,175,6,1,117,2,169,142,163,158,62,120,3,95,149,107,55,14,13,111,112,148,83,129,24,150,103,105,69,159,40,116,104,99,106,194,180,178,192,10,66,145,102,185,171,0,85,140,34,53,155,146,63,31,183,65,125,190,109,130,5,39,113,43,187,179,96,141,98,114,64,79,177,47,132,75,137,133,81,153,166,189,33,35,36,22,52,93,19,87,121,51];False
3073;6725;9798;[198,29,90,41,127,60,42,47,26,161,115,152,49,54,197,168,74,37,94,118,124,123,17,108,174,196,167,15,156,21,73,82,131,110,181,68,9,45,138,126,143,160,173,18,199,12,7,136,89,46,164,4,84,122,25,23,77,57,186,170,176,72,154,172,59,11,182,139,135,191,48,50,56,92,147,67,32,61,19,165,193,28,44,16,91,88,70,71,162,20,188,144,184,8,157,78,128,101,86,76,80,100,30,134,27,195,97,58,151,175,6,1,117,2,169,142,137,158,62,120,3,95,149,107,55,14,13,111,112,148,83,129,24,150,103,105,69,159,40,116,104,99,106,194,180,178,192,10,66,145,102,185,171,0,85,140,34,53,155,146,63,31,183,65,125,190,109,130,5,39,113,43,187,179,96,177,98,114,64,79,141,119,132,75,163,133,81,153,166,189,33,35,36,22,52,93,38,87,121,51];False
3079;6723;9802;[198,29,90,41,127,60,42,47,26,161,115,152,49,54,197,168,74,37,94,118,124,123,17,108,174,196,167,15,156,21,73,82,131,110,181,68,9,45,138,126,143,160,173,18,199,12,7,136,89,46,164,4,84,122,25,23,77,57,186,170,176,72,154,172,59,11,182,139,135,191,48,50,56,92,147,67,32,61,38,165,193,28,44,16,91,88,70,71,162,20,188,144,184,8,157,78,128,101,86,76,80,100,30,134,27,195,97,58,151,175,6,1,117,2,169,142,163,158,62,120,3,95,149,107,55,14,13,111,112,148,83,129,24,150,103,105,69,159,40,116,104,99,106,194,180,178,192,10,66,145,102,185,171,0,85,140,34,53,155,146,63,31,183,65,125,190,109,130,5,39,113,43,187,179,96,177,98,114,64,79,141,119,132,75,137,133,81,153,166,189,33,35,36,22,52,93,19,87,121,51];False
3385;6624;10009;[198,29,90,41,127,60,177,47,26,161,115,152,49,54,197,123,74,37,94,118,124,168,34,108,174,196,167,15,156,21,73,82,131,110,181,68,9,45,138,126,143,160,173,18,199,12,7,136,89,46,164,4,84,122,25,23,77,57,186,170,176,72,154,172,59,11,182,139,135,191,48,50,56,92,147,67,32,61,19,165,193,28,44,16,91,88,70,71,162,20,188,144,184,8,157,78,128,101,86,76,80,100,30,134,27,2,97,58,151,175,6,1,117,195,169,142,137,158,62,120,3,95,149,107,55,14,13,111,52,148,83,129,24,150,103,105,69,159,40,116,140,99,106,194,180,178,192,109,66,145,102,185,171,0,85,104,17,53,155,146,63,31,183,65,125,190,10,130,5,39,113,43,187,179,96,141,98,114,64,79,42,119,132,75,163,133,81,153,166,189,33,35,36,22,112,93,38,87,121,51];True
3790;6546;10336;[198,29,90,41,127,60,177,47,26,89,115,152,49,54,197,123,74,37,94,118,124,168,34,108,174,196,167,15,156,21,73,82,137,86,181,68,9,45,138,126,143,160,173,18,171,12,7,161,136,144,164,4,84,122,25,23,77,57,186,170,176,72,154,172,59,11,182,139,135,191,48,50,56,92,147,67,32,38,87,165,193,28,44,125,91,88,70,71,162,20,188,61,184,8,157,78,128,101,185,76,80,100,30,134,27,2,97,58,151,175,6,1,117,195,169,142,131,158,62,120,3,95,149,107,55,14,13,111,52,148,83,129,24,150,103,105,69,159,40,116,140,99,106,194,180,178,192,109,66,145,102,110,199,0,85,104,17,53,155,146,63,31,183,65,16,190,10,130,5,39,113,43,187,179,96,141,98,114,64,79,42,119,132,75,163,133,81,153,166,189,33,35,36,22,112,93,19,46,121,51];True
3713;6559;10272;[198,29,90,41,127,60,177,47,26,89,115,152,49,54,197,123,74,37,94,118,124,168,34,108,174,196,167,15,156,21,73,82,137,86,181,68,9,45,138,126,143,160,173,18,199,12,7,161,136,46,164,4,84,122,25,23,77,57,186,170,176,72,154,172,59,11,182,139,135,191,48,50,56,92,147,67,32,38,87,165,193,28,44,125,91,88,70,71,162,20,188,61,184,8,157,78,128,101,185,76,80,100,30,134,27,2,97,58,151,175,6,1,117,195,169,142,131,158,62,120,3,95,149,107,55,14,13,111,52,148,83,129,24,150,103,105,69,159,40,116,140,99,106,194,180,178,192,109,66,145,102,110,171,0,85,104,17,53,155,146,63,31,183,65,16,190,10,130,5,39,113,43,187,179,96,141,98,114,64,79,42,119,132,75,163,133,81,153,166,189,33,35,36,22,112,93,19,144,121,51];True
4208;6488;10696;[198,29,90,41,187,60,177,47,26,89,115,152,49,54,197,123,74,37,94,118,124,168,34,108,174,196,167,15,156,21,73,82,137,86,181,68,9,45,138,126,143,160,173,18,171,199,7,161,136,144,164,4,84,122,25,23,77,57,186,170,176,72,154,172,59,98,182,139,135,191,48,50,56,92,147,67,32,38,87,165,193,28,44,125,91,88,70,71,162,20,188,61,184,8,157,78,128,101,185,76,80,100,30,134,27,2,97,58,151,175,6,1,117,113,169,142,131,158,62,120,3,95,149,107,55,14,13,111,52,148,83,129,24,150,103,105,69,159,40,116,140,99,106,194,180,178,192,109,66,145,102,110,12,0,85,104,17,53,155,146,63,31,183,65,16,190,10,130,5,39,195,43,127,179,96,141,11,114,64,79,42,119,132,75,163,133,81,153,166,189,33,35,36,22,112,93,19,46,121,51];True
4117;6494;10611;[198,29,90,41,187,60,177,47,26,89,115,152,49,54,197,123,74,37,94,118,124,168,34,108,174,196,167,15,156,21,73,82,137,86,181,68,9,45,138,126,143,160,173,18,171,12,7,161,136,144,164,4,84,122,25,23,77,57,186,170,176,72,154,172,59,11,182,139,135,191,48,50,56,92,147,67,32,38,87,165,193,28,44,125,91,88,70,71,162,20,188,61,184,8,157,78,128,101,185,76,80,100,30,134,27,2,97,58,158,175,6,1,117,113,169,142,131,110,62,120,3,95,149,107,55,14,13,111,52,148,83,129,24,150,103,105,69,159,40,116,140,99,106,194,180,178,192,109,66,145,102,151,199,0,85,104,17,53,155,146,63,31,183,65,16,190,10,130,5,39,195,43,127,179,96,141,98,114,64,79,42,119,132,75,163,133,81,153,166,189,33,35,36,22,112,93,19,46,121,51];True
3053;6735;9788;[198,29,90,41,127,60,177,47,26,161,115,152,49,54,197,168,74,37,94,118,124,44,34,108,174,196,167,15,156,21,73,82,131,110,181,68,9,45,138,126,143,160,173,18,199,12,7,136,89,46,164,4,84,122,25,23,77,57,186,170,176,72,154,172,59,11,182,139,135,191,48,50,56,92,147,67,32,61,38,165,193,28,123,16,91,88,70,71,162,20,188,144,184,8,157,78,128,101,86,76,80,100,30,134,27,195,97,58,151,175,6,1,117,2,169,142,137,158,62,120,3,95,149,107,55,14,13,111,112,148,83,129,24,150,103,140,69,159,40,116,105,99,106,194,180,178,192,10,66,145,102,185,171,0,85,104,17,53,155,146,63,31,183,65,125,190,109,130,5,39,113,43,187,179,96,141,98,114,64,79,42,119,132,75,163,133,81,153,166,189,33,35,36,22,52,93,19,87,121,51];False
2940;6765;9705;[198,29,90,41,127,60,42,47,26,161,115,152,49,54,197,168,74,37,94,118,124,44,34,108,174,196,167,15,156,21,73,82,131,110,181,68,123,45,138,126,143,160,173,18,199,12,7,136,89,46,164,4,84,122,25,23,77,57,186,170,176,72,154,172,59,11,182,139,135,191,48,50,56,92,147,67,32,61,38,165,193,28,9,16,91,88,70,71,162,20,188,144,184,8,157,78,128,101,86,76,80,100,30,134,27,195,97,58,151,175,6,1,117,2,169,142,137,158,62,120,3,95,149,107,55,14,13,111,112,148,83,129,24,150,103,140,69,159,40,116,105,99,106,194,180,178,192,10,66,145,102,185,171,0,85,104,17,53,155,146,63,31,183,65,125,190,109,130,5,39,113,43,187,179,96,141,98,114,64,79,177,119,132,75,163,133,81,153,166,189,33,35,36,22,52,93,19,87,121,51];False
2961;6762;9723;[198,29,90,41,127,60,42,47,26,161,115,152,49,54,197,168,74,37,94,118,124,44,34,108,174,196,167,15,156,21,73,82,131,110,181,68,9,45,138,126,143,160,173,18,199,12,7,136,89,46,164,4,84,122,25,23,77,57,186,170,176,72,154,172,59,11,182,139,135,191,48,50,56,92,147,67,32,61,38,165,193,28,8,16,91,88,70,71,162,20,188,144,184,123,157,78,128,101,86,76,80,100,30,134,27,195,97,58,151,175,6,1,117,2,169,142,137,158,62,120,3,95,149,107,55,14,13,111,112,148,83,129,24,150,103,140,69,159,40,116,105,99,106,194,180,178,192,10,66,145,102,185,171,0,85,104,17,53,155,146,63,31,183,65,125,190,109,130,5,39,113,43,187,179,96,141,98,114,64,79,177,119,132,75,163,133,81,153,166,189,33,35,36,22,52,93,19,87,121,51];False
2882;6796;9678;[108,29,90,41,127,60,42,119,26,161,115,152,49,54,197,168,74,37,94,118,124,44,34,198,174,196,167,15,156,21,73,82,131,110,181,68,123,45,138,126,143,160,173,18,199,12,7,136,89,46,164,4,84,122,25,23,77,57,186,170,176,72,154,172,59,11,182,139,135,191,48,50,56,92,147,67,32,61,38,165,193,28,9,16,91,88,70,71,162,20,188,144,184,8,157,78,128,101,86,76,80,100,30,134,27,195,97,58,151,175,6,1,117,2,169,142,137,158,62,120,3,95,149,107,55,14,13,111,112,148,83,129,24,150,103,140,69,159,40,116,105,99,106,194,180,178,192,10,66,145,102,185,171,0,85,104,17,53,155,146,63,31,183,65,125,190,109,130,5,39,113,43,187,179,96,141,98,114,64,79,177,47,132,75,163,133,81,153,166,189,33,35,36,22,52,93,19,87,121,51];False
2876;6803;9679;[198,174,90,41,127,60,42,119,26,161,115,152,49,54,197,168,74,37,94,118,124,44,34,108,29,196,167,15,156,21,73,82,131,110,181,68,123,45,138,126,143,160,173,18,199,12,7,136,89,46,164,4,84,122,25,23,77,57,186,170,176,72,154,172,59,11,182,139,135,191,48,50,56,92,147,67,32,61,38,165,193,28,9,16,91,88,70,71,162,20,188,144,184,8,157,78,128,101,86,76,80,100,30,134,27,195,97,58,151,175,6,1,117,2,169,142,137,158,62,120,3,95,149,107,55,14,13,111,112,148,83,129,24,150,103,140,69,159,40,116,105,99,106,194,180,178,192,10,66,145,102,185,171,0,85,104,17,53,155,146,63,31,183,65,125,190,109,130,5,39,113,43,187,179,96,141,98,114,64,79,177,47,132,75,163,133,81,153,166,189,33,35,36,22,52,93,19,87,121,51];False
2834;6823;9657;[198,183,90,41,127,60,42,119,26,161,115,152,49,54,197,168,74,37,94,118,124,44,34,108,174,196,167,15,156,21,73,82,131,110,181,68,123,45,138,126,143,160,173,18,199,12,7,136,89,46,164,4,84,122,25,23,77,57,186,170,176,72,154,172,59,11,182,139,135,191,48,50,56,92,147,67,32,61,38,165,193,28,9,16,91,88,70,71,162,20,188,144,184,8,157,78,128,101,86,76,80,100,30,134,27,195,97,58,151,175,6,1,117,2,169,142,137,158,62,120,3,95,149,107,55,14,13,111,112,148,83,129,24,150,103,140,69,159,40,116,105,99,106,194,180,178,192,10,66,145,102,185,171,0,85,104,17,53,155,146,63,31,29,65,125,190,109,130,5,39,113,43,187,179,96,141,98,114,64,79,177,47,132,75,163,133,81,153,166,189,33,35,36,22,52,93,19,87,121,51];False
2854;6807;9661;[198,29,90,41,127,60,42,119,26,161,115,152,49,54,197,168,74,37,94,118,124,44,34,108,8,196,167,15,156,21,73,82,131,110,181,68,123,45,138,126,143,160,173,18,199,12,7,136,89,46,164,4,84,122,25,23,77,57,186,170,176,72,154,172,59,11,182,139,135,191,48,50,56,92,147,67,32,61,38,165,193,28,9,16,91,88,70,71,162,20,188,144,184,174,157,78,128,101,86,76,80,100,30,134,27,195,97,58,151,175,6,1,117,2,169,142,137,158,62,120,3,95,149,107,55,14,13,111,112,148,83,129,24,150,103,140,69,159,40,116,105,99,106,194,180,178,192,10,66,145,102,185,171,0,85,104,17,53,155,146,63,31,183,65,125,190,109,130,5,39,113,43,187,179,96,141,98,114,64,79,177,47,132,75,163,133,81,153,166,189,33,35,36,22,52,93,19,87,121,51];False
2828;6824;9652;[198,29,90,41,127,60,42,119,26,161,115,152,49,54,197,168,74,37,94,118,124,44,34,108,174,196,167,15,156,21,73,82,131,110,25,68,123,45,138,126,143,160,173,18,199,12,7,136,89,46,164,4,84,122,181,23,77,57,186,170,176,72,154,172,59,11,182,139,135,191,48,50,56,92,147,67,32,61,38,165,193,28,9,16,91,88,70,71,162,20,188,144,184,8,157,78,128,101,86,76,80,100,30,134,27,195,97,58,151,175,6,1,117,2,169,142,137,158,62,120,3,95,149,107,55,14,13,111,112,148,83,129,24,150,103,140,69,159,40,116,105,99,106,194,180,178,192,10,66,145,102,185,171,0,85,104,17,53,155,146,63,31,183,65,125,190,109,130,5,39,113,43,187,179,96,141,98,114,64,79,177,47,132,75,163,133,81,153,166,189,33,35,36,22,52,93,19,87,121,51];False
2884;6793;9677;[198,29,90,41,127,60,42,119,26,161,115,152,49,54,197,168,74,37,94,118,124,44,34,108,174,196,167,15,156,21,73,82,131,110,181,68,123,45,55,126,143,160,173,18,199,12,7,136,89,46,164,4,84,122,25,23,77,57,186,170,176,72,154,172,59,11,182,139,135,191,48,50,56,92,147,67,32,61,38,165,193,28,9,16,91,88,70,71,162,20,188,144,184,8,157,78,128,101,86,76,80,100,30,134,27,195,97,58,151,175,6,1,117,2,169,142,137,158,62,120,3,95,149,107,138,14,13,111,112,148,83,129,24,150,103,140,69,159,40,116,105,99,106,194,180,178,192,10,66,145,102,185,171,0,85,104,17,53,155,146,63,31,183,65,125,190,109,130,5,39,113,43,187,179,96,141,98,114,64,79,177,47,132,75,163,133,81,153,166,189,33,35,36,22,52,93,19,87,121,51];False
2842;6817;9659;[198,29,90,41,127,60,42,119,26,161,115,152,49,54,197,168,74,37,94,118,124,44,34,108,174,196,167,15,156,21,73,82,131,110,181,68,123,45,138,126,143,160,173,18,199,12,7,136,89,46,164,4,84,122,24,23,77,57,186,170,176,72,154,172,59,11,182,139,135,191,48,50,56,92,147,67,32,61,38,165,193,28,9,16,91,88,70,71,162,20,188,144,184,8,157,78,128,101,86,76,80,100,30,134,27,195,97,58,151,175,6,1,117,2,169,142,137,158,62,120,3,95,149,107,55,14,13,111,112,148,83,129,25,150,103,140,69,159,40,116,105,99,106,194,180,178,192,10,66,145,102,185,171,0,85,104,17,53,155,146,63,31,183,65,125,190,109,130,5,39,113,43,187,179,96,141,98,114,64,79,177,47,132,75,163,133,81,153,166,189,33,35,36,22,52,93,19,87,121,51];False
2852;6813;9665;[198,29,90,41,127,60,42,119,26,161,115,152,49,54,197,168,74,37,94,118,124,44,34,108,174,196,167,15,156,21,73,82,131,110,181,68,123,45,138,126,143,160,173,18,199,12,7,136,89,46,164,4,84,122,25,23,77,57,186,170,176,72,154,172,59,11,182,139,135,191,50,48,56,92,147,67,32,61,38,165,193,28,9,16,91,88,70,71,162,20,188,144,184,8,157,78,128,101,86,76,80,100,30,134,27,195,97,58,151,175,6,1,117,2,169,142,137,158,62,120,3,95,149,107,55,14,13,111,112,148,83,129,24,150,103,140,69,159,40,116,105,99,106,194,180,178,192,10,66,145,102,185,171,0,85,104,17,53,155,146,63,31,183,65,125,190,109,130,5,39,113,43,187,179,96,141,98,114,64,79,177,47,132,75,163,133,81,153,166,189,33,35,36,22,52,93,19,87,121,51];False
2845;6813;9658;[198,29,90,41,127,60,42,119,26,161,115,152,49,54,197,168,74,37,94,118,124,44,34,108,174,196,167,15,156,21,73,82,131,110,181,68,123,45,138,126,143,160,173,18,199,12,7,136,89,46,164,4,84,122,25,23,77,57,186,170,176,72,154,172,59,11,182,139,135,191,48,50,56,92,147,67,112,61,38,165,193,28,9,16,91,88,70,71,162,20,188,144,184,8,157,78,128,101,86,76,80,100,30,134,27,195,97,58,151,175,6,1,117,2,169,142,137,158,62,120,3,95,149,107,55,14,13,111,32,148,83,129,24,150,103,140,69,159,40,116,105,99,106,194,180,178,192,10,66,145,102,185,171,0,85,104,17,53,155,146,63,31,183,65,125,190,109,130,5,39,113,43,187,179,96,141,98,114,64,79,177,47,132,75,163,133,81,153,166,189,33,35,36,22,52,93,19,87,121,51];False
2905;6781;9686;[198,29,90,41,127,60,42,119,26,161,115,152,49,54,197,168,74,37,94,118,124,44,34,108,174,196,167,15,156,21,73,82,131,110,181,68,123,45,138,126,143,160,173,18,199,12,7,136,89,46,164,4,84,122,25,23,77,57,186,170,176,72,154,172,59,11,182,139,135,191,48,50,56,92,147,67,32,61,19,165,193,28,9,16,91,88,70,71,162,20,188,144,184,8,157,78,128,101,86,76,80,100,30,134,27,195,97,58,151,175,6,1,117,2,169,142,137,158,62,120,3,95,149,107,55,14,13,111,112,148,83,129,24,150,103,140,69,159,40,116,105,99,106,194,180,178,192,10,66,145,102,185,171,0,85,104,17,53,155,146,63,31,183,65,125,190,109,130,5,39,113,43,187,179,96,141,98,114,64,79,177,47,132,75,163,133,81,153,166,189,33,35,36,22,52,93,38,87,121,51];False
2874;6790;9664;[198,29,90,41,127,60,42,119,26,161,115,152,49,54,197,168,74,37,94,118,124,44,34,108,174,196,167,15,156,21,73,82,131,110,181,68,123,45,138,126,143,160,173,18,199,12,7,136,89,46,164,4,84,122,25,23,77,57,186,170,176,72,154,172,59,11,182,139,135,191,48,50,56,92,147,67,32,61,38,165,193,9,28,16,91,88,70,71,162,20,188,144,184,8,157,78,128,101,86,76,80,100,30,134,27,195,97,58,151,175,6,1,117,2,169,142,137,158,62,120,3,95,149,107,55,14,13,111,112,148,83,129,24,150,103,140,69,159,40,116,105,99,106,194,180,178,192,10,66,145,102,185,171,0,85,104,17,53,155,146,63,31,183,65,125,190,109,130,5,39,113,43,187,179,96,141,98,114,64,79,177,47,132,75,163,133,81,153,166,189,33,35,36,22,52,93,19,87,121,51];False
2922;6775;9697;[198,29,90,41,127,60,42,119,26,161,115,152,49,54,197,168,74,37,94,118,124,44,34,108,174,196,167,15,156,21,73,82,131,110,181,68,123,45,138,126,143,160,173,18,199,12,7,136,89,46,164,4,84,122,25,23,77,57,186,170,176,72,154,172,59,11,182,139,135,191,48,50,56,92,147,67,32,61,38,165,193,28,9,16,91,88,70,71,162,20,188,144,184,8,157,78,128,101,86,76,80,100,30,134,27,2,97,58,151,175,6,1,117,195,169,142,137,158,62,120,3,95,149,107,55,14,13,111,112,148,83,129,24,150,103,140,69,159,40,116,105,99,106,194,180,178,192,10,66,145,102,185,171,0,85,104,17,53,155,146,63,31,183,65,125,190,109,130,5,39,113,43,187,179,96,141,98,114,64,79,177,47,132,75,163,133,81,153,166,189,33,35,36,22,52,93,19,87,121,51];False
2911;6779;9690;[198,29,90,41,127,60,42,119,26,161,115,152,49,54,197,168,74,37,94,118,124,44,34,108,174,196,167,15,156,21,73,82,131,110,181,68,123,45,138,126,143,160,173,18,199,12,7,136,89,46,164,4,84,122,25,23,77,57,186,170,176,72,154,172,59,11,182,139,135,191,48,50,56,92,147,67,32,61,38,165,193,28,9,16,91,88,70,71,162,20,188,144,184,8,157,78,128,101,86,76,80,100,30,134,27,195,97,58,151,175,6,1,117,2,169,142,163,158,62,120,3,95,149,107,55,14,13,111,112,148,83,129,24,150,103,140,69,159,40,116,105,99,106,194,180,178,192,10,66,145,102,185,171,0,85,104,17,53,155,146,63,31,183,65,125,190,109,130,5,39,113,43,187,179,96,141,98,114,64,79,177,47,132,75,137,133,81,153,166,189,33,35,36,22,52,93,19,87,121,51];False
2980;6749;9729;[198,29,90,41,127,60,42,119,26,161,115,152,49,54,197,168,74,37,94,118,124,44,34,108,174,196,167,15,156,21,73,82,131,110,181,68,123,45,138,126,143,160,173,18,199,12,7,136,89,46,164,4,84,122,25,23,77,57,186,170,176,72,154,172,59,11,182,139,135,191,48,50,56,92,147,67,32,61,38,165,193,28,9,16,91,88,70,71,162,20,188,144,184,8,157,78,128,101,86,76,80,100,30,134,27,195,97,58,151,175,6,1,117,2,169,142,137,158,62,120,3,95,149,107,55,14,13,111,52,148,83,129,24,150,103,140,69,159,40,116,105,99,106,194,180,178,192,10,66,145,102,185,171,0,85,104,17,53,155,146,63,31,183,65,125,190,109,130,5,39,113,43,187,179,96,141,98,114,64,79,177,47,132,75,163,133,81,153,166,189,33,35,36,22,112,93,19,87,121,51];False
2957;6760;9717;[198,29,90,41,127,60,42,119,26,161,115,152,49,54,197,168,74,37,94,118,124,44,34,108,174,196,167,15,156,21,73,82,131,110,181,68,123,45,138,126,143,160,173,18,199,12,7,136,89,46,164,4,84,122,25,23,77,57,186,170,176,72,154,172,59,11,182,139,135,191,48,50,56,92,147,67,32,61,38,165,193,28,9,16,91,88,70,71,162,20,188,144,184,8,157,78,128,101,86,76,80,100,30,134,27,195,97,58,151,175,6,1,117,2,169,142,137,158,62,120,3,95,149,107,55,14,13,111,112,148,83,129,24,150,103,105,69,159,40,116,140,99,106,194,180,178,192,10,66,145,102,185,171,0,85,104,17,53,155,146,63,31,183,65,125,190,109,130,5,39,113,43,187,179,96,141,98,114,64,79,177,47,132,75,163,133,81,153,166,189,33,35,36,22,52,93,19,87,121,51];False
3029;6740;9769;[198,174,90,41,127,60,42,47,26,161,115,152,49,54,197,123,74,37,94,118,124,168,34,108,44,196,167,15,156,21,73,82,131,110,181,68,9,45,138,126,143,160,173,18,199,12,7,136,89,46,164,4,84,122,25,23,77,57,186,170,176,72,154,172,59,11,182,139,135,191,48,50,56,92,147,67,32,61,38,165,193,28,65,16,91,88,70,71,162,20,188,144,184,8,157,78,128,101,86,76,80,100,30,134,27,195,97,58,151,175,6,1,117,2,169,142,137,158,62,120,3,95,149,107,55,14,13,111,112,148,83,129,24,150,103,140,69,159,40,116,105,99,106,194,180,178,192,10,66,145,102,185,171,0,85,104,17,53,155,146,63,31,183,29,125,190,109,130,5,39,113,43,187,179,96,141,98,114,64,79,177,119,132,75,163,133,81,153,166,189,33,35,36,22,52,93,19,87,121,51];False
3069;6724;9793;[198,174,90,41,127,60,42,119,26,161,115,152,49,54,197,123,74,37,94,118,124,168,34,108,44,196,167,15,156,21,73,82,131,110,181,68,9,45,138,126,143,160,173,18,199,12,7,136,89,46,164,4,84,122,25,23,77,57,186,170,176,72,154,172,59,11,182,139,135,191,48,50,56,92,147,67,32,61,38,165,193,28,65,16,91,88,70,71,162,20,188,144,184,8,157,78,128,101,86,76,80,100,30,134,27,195,97,58,151,175,6,1,117,2,169,142,137,158,62,120,3,95,149,107,55,14,13,111,52,148,83,129,24,150,103,140,69,159,40,116,105,99,106,194,180,178,192,10,66,145,102,185,171,0,85,104,17,53,155,146,63,31,183,29,125,190,109,130,5,39,113,43,187,179,96,141,98,114,64,79,177,47,132,75,163,133,81,153,166,189,33,35,36,22,112,93,19,87,121,51];False
3046;6735;9781;[198,174,90,41,127,60,42,119,26,161,115,152,49,54,197,123,74,37,94,118,124,168,34,108,44,196,167,15,156,21,73,82,131,110,181,68,9,45,138,126,143,160,173,18,199,12,7,136,89,46,164,4,84,122,25,23,77,57,186,170,176,72,154,172,59,11,182,139,135,191,48,50,56,92,147,67,32,61,38,165,193,28,65,16,91,88,70,71,162,20,188,144,184,8,157,78,128,101,86,76,80,100,30,134,27,195,97,58,151,175,6,1,117,2,169,142,137,158,62,120,3,95,149,107,55,14,13,111,112,148,83,129,24,150,103,105,69,159,40,116,140,99,106,194,180,178,192,10,66,145,102,185,171,0,85,104,17,53,155,146,63,31,183,29,125,190,109,130,5,39,113,43,187,179,96,141,98,114,64,79,177,47,132,75,163,133,81,153,166,189,33,35,36,22,52,93,19,87,121,51];False
4222;6485;10707;[198,29,90,41,187,60,177,47,26,89,115,152,49,54,197,123,74,37,94,118,124,168,34,108,174,196,167,15,156,21,73,82,163,86,181,68,9,45,138,126,143,160,173,18,171,12,7,161,136,144,164,4,84,122,25,23,77,57,186,170,176,72,154,172,59,11,182,139,135,191,48,50,56,92,147,67,32,38,87,165,193,28,44,125,91,88,70,71,162,20,188,61,184,8,157,78,128,101,185,76,80,100,30,134,27,2,97,58,158,175,6,1,117,113,169,142,131,110,62,120,3,95,149,107,55,14,13,111,52,148,83,129,24,150,103,105,69,159,40,116,140,99,106,194,180,178,192,109,66,145,102,151,199,0,85,104,17,53,155,146,63,31,183,65,16,190,10,130,5,39,195,43,127,179,96,141,98,114,64,79,42,119,132,75,137,133,81,153,166,189,33,35,36,22,112,93,19,46,121,51];True
4180;6489;10669;[198,29,90,41,187,60,177,47,26,89,115,152,49,54,197,123,74,37,94,118,124,168,34,108,174,196,167,15,156,21,73,82,137,86,181,68,9,45,138,126,143,160,173,18,171,12,7,161,136,144,164,4,84,122,25,23,77,57,186,170,176,72,154,172,59,98,182,139,135,191,48,50,56,92,147,67,32,38,87,165,193,28,44,125,91,88,70,71,162,20,188,61,184,8,157,78,128,101,185,76,80,100,30,134,27,2,97,58,158,175,6,1,117,113,169,142,131,110,62,120,3,95,149,107,55,14,13,111,52,148,83,129,24,150,103,105,69,159,40,116,140,99,106,194,180,178,192,109,66,145,102,151,199,0,85,104,17,53,155,146,63,31,183,65,16,190,10,130,5,39,195,43,127,179,96,141,11,114,64,79,42,119,132,75,163,133,81,153,166,189,33,35,36,22,112,93,19,46,121,51];True
4220;6486;10706;[198,29,90,41,187,60,177,47,26,89,115,152,49,54,197,123,74,37,94,118,124,168,34,108,174,196,167,15,156,21,73,82,137,86,181,68,9,45,138,126,143,160,173,18,171,12,7,161,136,144,164,4,84,122,25,23,77,57,186,170,176,72,154,172,59,11,182,139,135,188,48,50,56,92,147,67,32,38,87,165,193,28,44,125,91,88,70,71,162,20,191,61,184,8,157,78,128,101,185,76,80,100,30,134,27,2,97,58,158,175,6,1,117,113,169,142,131,110,62,120,3,95,149,107,55,14,13,111,52,148,83,129,24,150,103,105,69,159,40,116,140,99,106,194,180,178,192,109,66,145,102,151,199,0,85,104,17,53,155,146,63,31,183,65,16,190,10,130,5,39,195,43,127,179,96,141,98,114,64,79,42,119,132,75,163,133,81,153,166,189,33,35,36,22,112,93,19,46,121,51];True
2966;6755;9721;[198,29,90,41,127,60,177,47,26,161,115,152,49,54,197,168,74,37,94,118,124,44,34,108,174,196,167,15,156,21,73,82,131,110,181,68,123,45,138,126,143,160,173,18,199,12,7,136,89,46,164,4,84,122,25,23,77,57,186,170,176,72,154,172,59,11,182,139,135,191,48,50,56,92,147,67,32,61,38,165,193,28,9,16,91,88,70,71,162,20,188,144,184,8,157,78,128,101,86,76,80,100,30,134,27,195,97,58,151,175,6,1,117,2,169,142,137,158,62,120,3,95,149,107,55,14,13,111,112,148,83,129,24,150,103,140,69,159,40,116,105,99,106,194,180,178,192,10,66,145,102,185,171,0,85,104,17,53,155,146,63,31,183,65,125,190,109,130,5,39,113,43,187,179,96,141,98,114,64,79,42,119,132,75,163,133,81,153,166,189,33,35,36,22,52,93,19,87,121,51];False
2937;6774;9711;[198,29,90,41,127,60,42,47,26,161,115,152,49,54,197,168,74,37,94,118,124,44,34,108,174,196,167,15,156,21,73,82,131,110,181,68,123,45,55,126,143,160,173,18,199,12,7,136,89,46,164,4,84,122,25,23,77,57,186,170,176,72,154,172,59,11,182,139,135,191,48,50,56,92,147,67,32,61,38,165,193,28,9,16,91,88,70,71,162,20,188,144,184,8,157,78,128,101,86,76,80,100,30,134,27,195,97,58,151,175,6,1,117,2,169,142,137,158,62,120,3,95,149,107,138,14,13,111,112,148,83,129,24,150,103,140,69,159,40,116,105,99,106,194,180,178,192,10,66,145,102,185,171,0,85,104,17,53,155,146,63,31,183,65,125,190,109,130,5,39,113,43,187,179,96,141,98,114,64,79,177,119,132,75,163,133,81,153,166,189,33,35,36,22,52,93,19,87,121,51];False
2927;6771;9698;[198,29,90,41,127,60,42,47,26,161,115,152,49,54,197,168,74,37,94,118,124,44,34,108,174,196,167,15,156,21,73,82,131,110,181,68,123,45,138,126,143,160,173,18,199,12,7,136,89,46,164,4,84,122,25,23,77,57,186,170,176,72,154,172,59,11,182,139,135,191,48,50,56,92,147,67,32,61,38,165,193,9,28,16,91,88,70,71,162,20,188,144,184,8,157,78,128,101,86,76,80,100,30,134,27,195,97,58,151,175,6,1,117,2,169,142,137,158,62,120,3,95,149,107,55,14,13,111,112,148,83,129,24,150,103,140,69,159,40,116,105,99,106,194,180,178,192,10,66,145,102,185,171,0,85,104,17,53,155,146,63,31,183,65,125,190,109,130,5,39,113,43,187,179,96,141,98,114,64,79,177,119,132,75,163,133,81,153,166,189,33,35,36,22,52,93,19,87,121,51];False
3033;6730;9763;[198,29,90,41,127,60,42,47,26,161,115,152,49,54,197,168,74,37,94,118,124,44,34,108,174,196,167,15,156,21,73,82,131,110,181,68,123,45,138,126,143,160,173,18,199,12,7,136,89,46,164,4,84,122,25,23,77,57,186,170,176,72,154,172,59,11,182,139,135,191,48,50,56,92,147,67,32,61,38,165,193,28,9,16,91,88,70,71,162,20,188,144,184,8,157,78,128,101,86,76,80,100,30,134,27,195,97,58,151,175,6,1,117,2,169,142,137,158,62,120,3,95,149,107,55,14,13,111,52,148,83,129,24,150,103,140,69,159,40,116,105,99,106,194,180,178,192,10,66,145,102,185,171,0,85,104,17,53,155,146,63,31,183,65,125,190,109,130,5,39,113,43,187,179,96,141,98,114,64,79,177,119,132,75,163,133,81,153,166,189,33,35,36,22,112,93,19,87,121,51];False
3010;6741;9751;[198,29,90,41,127,60,42,47,26,161,115,152,49,54,197,168,74,37,94,118,124,44,34,108,174,196,167,15,156,21,73,82,131,110,181,68,123,45,138,126,143,160,173,18,199,12,7,136,89,46,164,4,84,122,25,23,77,57,186,170,176,72,154,172,59,11,182,139,135,191,48,50,56,92,147,67,32,61,38,165,193,28,9,16,91,88,70,71,162,20,188,144,184,8,157,78,128,101,86,76,80,100,30,134,27,195,97,58,151,175,6,1,117,2,169,142,137,158,62,120,3,95,149,107,55,14,13,111,112,148,83,129,24,150,103,105,69,159,40,116,140,99,106,194,180,178,192,10,66,145,102,185,171,0,85,104,17,53,155,146,63,31,183,65,125,190,109,130,5,39,113,43,187,179,96,141,98,114,64,79,177,119,132,75,163,133,81,153,166,189,33,35,36,22,52,93,19,87,121,51];False
2932;6766;9698;[198,29,90,41,127,60,42,47,26,161,115,152,49,54,197,168,74,37,94,118,124,44,34,108,174,196,167,15,156,21,73,82,131,110,181,68,123,45,138,126,143,160,173,18,199,12,7,136,89,46,164,4,84,122,25,23,77,57,186,170,176,72,154,172,59,11,182,139,135,191,48,50,56,92,147,67,32,61,38,165,193,28,9,16,91,88,70,71,162,20,188,144,184,8,157,78,128,101,86,76,80,100,30,134,27,195,97,58,151,175,6,1,117,2,169,142,137,158,62,120,3,95,149,107,55,14,13,111,112,148,83,129,24,150,103,140,69,159,40,116,105,99,106,194,180,178,192,10,66,145,102,185,171,0,85,104,17,53,155,146,63,31,183,65,125,190,109,130,5,39,113,43,187,179,96,177,98,114,64,79,141,119,132,75,163,133,81,153,166,189,33,35,36,22,52,93,19,87,121,51];False
2803;6834;9637;[108,183,90,41,127,60,42,119,26,161,115,152,49,54,197,168,74,37,94,118,124,44,34,198,174,196,167,15,156,21,73,82,131,110,181,68,123,45,138,126,143,160,173,18,199,12,7,136,89,46,164,4,84,122,25,23,77,57,186,170,176,72,154,172,59,11,182,139,135,191,48,50,56,92,147,67,32,61,38,165,193,28,9,16,91,88,70,71,162,20,188,144,184,8,157,78,128,101,86,76,80,100,30,134,27,195,97,58,151,175,6,1,117,2,169,142,137,158,62,120,3,95,149,107,55,14,13,111,112,148,83,129,24,150,103,140,69,159,40,116,105,99,106,194,180,178,192,10,66,145,102,185,171,0,85,104,17,53,155,146,63,31,29,65,125,190,109,130,5,39,113,43,187,179,96,141,98,114,64,79,177,47,132,75,163,133,81,153,166,189,33,35,36,22,52,93,19,87,121,51];False
2832;6815;9647;[198,124,90,41,127,60,42,119,26,161,115,152,49,54,197,168,74,37,94,118,183,44,34,108,174,196,167,15,156,21,73,82,131,110,181,68,123,45,138,126,143,160,173,18,199,12,7,136,89,46,164,4,84,122,25,23,77,57,186,170,176,72,154,172,59,11,182,139,135,191,48,50,56,92,147,67,32,61,38,165,193,28,9,16,91,88,70,71,162,20,188,144,184,8,157,78,128,101,86,76,80,100,30,134,27,195,97,58,151,175,6,1,117,2,169,142,137,158,62,120,3,95,149,107,55,14,13,111,112,148,83,129,24,150,103,140,69,159,40,116,105,99,106,194,180,178,192,10,66,145,102,185,171,0,85,104,17,53,155,146,63,31,29,65,125,190,109,130,5,39,113,43,187,179,96,141,98,114,64,79,177,47,132,75,163,133,81,153,166,189,33,35,36,22,52,93,19,87,121,51];False
2872;6804;9676;[198,29,90,41,127,60,42,119,26,161,115,152,49,54,197,168,74,37,94,118,124,44,34,108,8,196,167,15,156,21,73,82,131,110,181,68,123,45,138,126,143,160,173,18,199,12,7,136,89,46,164,4,84,122,25,23,77,57,186,170,176,72,154,172,59,11,182,139,135,191,48,50,56,92,147,67,32,61,19,165,193,28,9,16,91,88,70,71,162,20,188,144,184,174,157,78,128,101,86,76,80,100,30,134,27,195,97,58,151,175,6,1,117,2,169,142,137,158,62,120,3,95,149,107,55,14,13,111,112,148,83,129,24,150,103,140,69,159,40,116,105,99,106,194,180,178,192,10,66,145,102,185,171,0,85,104,17,53,155,146,63,31,183,65,125,190,109,130,5,39,113,43,187,179,96,141,98,114,64,79,177,47,132,75,163,133,81,153,166,189,33,35,36,22,52,93,38,87,121,51];False
2841;6813;9654;[198,29,90,41,127,60,42,119,26,161,115,152,49,54,197,168,74,37,94,118,124,44,34,108,8,196,167,15,156,21,73,82,131,110,181,68,123,45,138,126,143,160,173,18,199,12,7,136,89,46,164,4,84,122,25,23,77,57,186,170,176,72,154,172,59,11,182,139,135,191,48,50,56,92,147,67,32,61,38,165,193,9,28,16,91,88,70,71,162,20,188,144,184,174,157,78,128,101,86,76,80,100,30,134,27,195,97,58,151,175,6,1,117,2,169,142,137,158,62,120,3,95,149,107,55,14,13,111,112,148,83,129,24,150,103,140,69,159,40,116,105,99,106,194,180,178,192,10,66,145,102,185,171,0,85,104,17,53,155,146,63,31,183,65,125,190,109,130,5,39,113,43,187,179,96,141,98,114,64,79,177,47,132,75,163,133,81,153,166,189,33,35,36,22,52,93,19,87,121,51];False
2818;6827;9645;[198,29,90,41,127,60,42,119,26,161,115,152,49,54,197,168,74,37,94,118,124,44,34,108,8,196,167,15,156,21,73,82,131,110,181,68,123,45,138,126,143,160,173,18,199,12,7,136,89,46,164,4,84,122,25,23,77,57,186,170,176,72,154,172,59,11,182,139,135,191,48,50,56,92,147,67,32,61,38,165,193,28,9,16,91,88,70,71,162,20,188,144,184,157,174,78,128,101,86,76,80,100,30,134,27,195,97,58,151,175,6,1,117,2,169,142,137,158,62,120,3,95,149,107,55,14,13,111,112,148,83,129,24,150,103,140,69,159,40,116,105,99,106,194,180,178,192,10,66,145,102,185,171,0,85,104,17,53,155,146,63,31,183,65,125,190,109,130,5,39,113,43,187,179,96,141,98,114,64,79,177,47,132,75,163,133,81,153,166,189,33,35,36,22,52,93,19,87,121,51];False
2815;6830;9645;[198,29,90,41,127,60,42,119,26,161,115,152,49,54,197,168,74,37,94,118,124,44,34,108,174,196,167,15,156,21,73,82,131,110,25,68,123,45,138,126,143,160,173,18,199,12,7,136,89,46,164,4,84,122,181,23,77,57,186,170,176,72,154,172,59,11,182,139,135,191,48,50,56,92,147,67,32,61,38,165,193,9,28,16,91,88,70,71,162,20,188,144,184,8,157,78,128,101,86,76,80,100,30,134,27,195,97,58,151,175,6,1,117,2,169,142,137,158,62,120,3,95,149,107,55,14,13,111,112,148,83,129,24,150,103,140,69,159,40,116,105,99,106,194,180,178,192,10,66,145,102,185,171,0,85,104,17,53,155,146,63,31,183,65,125,190,109,130,5,39,113,43,187,179,96,141,98,114,64,79,177,47,132,75,163,133,81,153,166,189,33,35,36,22,52,93,19,87,121,51];False
2998;6746;9744;[198,29,90,41,127,60,42,119,26,161,115,152,49,54,197,168,74,37,94,118,124,44,34,108,174,196,167,15,156,21,73,82,131,110,181,68,123,45,138,126,143,160,173,18,199,12,7,136,89,46,164,4,84,122,25,23,77,57,186,170,176,72,154,172,59,11,182,139,135,191,48,50,56,92,147,67,32,61,19,165,193,28,9,16,91,88,70,71,162,20,188,144,184,8,157,78,128,101,86,76,80,100,30,134,27,195,97,58,151,175,6,1,117,2,169,142,137,158,62,120,3,95,149,107,55,14,13,111,52,148,83,129,24,150,103,140,69,159,40,116,105,99,106,194,180,178,192,10,66,145,102,185,171,0,85,104,17,53,155,146,63,31,183,65,125,190,109,130,5,39,113,43,187,179,96,141,98,114,64,79,177,47,132,75,163,133,81,153,166,189,33,35,36,22,112,93,38,87,121,51];False
2869;6802;9671;[108,29,90,41,127,60,42,119,26,161,115,152,49,54,197,168,74,37,94,118,124,44,34,198,174,196,167,15,156,21,73,82,131,110,181,68,123,45,138,126,143,160,173,18,199,12,7,136,89,46,164,4,84,122,25,23,77,57,186,170,176,72,154,172,59,11,182,139,135,191,48,50,56,92,147,67,32,61,38,165,193,9,28,16,91,88,70,71,162,20,188,144,184,8,157,78,128,101,86,76,80,100,30,134,27,195,97,58,151,175,6,1,117,2,169,142,137,158,62,120,3,95,149,107,55,14,13,111,112,148,83,129,24,150,103,140,69,159,40,116,105,99,106,194,180,178,192,10,66,145,102,185,171,0,85,104,17,53,155,146,63,31,183,65,125,190,109,130,5,39,113,43,187,179,96,141,98,114,64,79,177,47,132,75,163,133,81,153,166,189,33,35,36,22,52,93,19,87,121,51];False
2871;6799;9670;[198,29,90,41,127,60,42,119,26,161,115,152,49,54,197,168,74,37,94,118,124,44,34,108,174,196,167,15,156,21,73,82,131,110,181,68,123,45,55,126,143,160,173,18,199,12,7,136,89,46,164,4,84,122,25,23,77,57,186,170,176,72,154,172,59,11,182,139,135,191,48,50,56,92,147,67,32,61,38,165,193,9,28,16,91,88,70,71,162,20,188,144,184,8,157,78,128,101,86,76,80,100,30,134,27,195,97,58,151,175,6,1,117,2,169,142,137,158,62,120,3,95,149,107,138,14,13,111,112,148,83,129,24,150,103,140,69,159,40,116,105,99,106,194,180,178,192,10,66,145,102,185,171,0,85,104,17,53,155,146,63,31,183,65,125,190,109,130,5,39,113,43,187,179,96,141,98,114,64,79,177,47,132,75,163,133,81,153,166,189,33,35,36,22,52,93,19,87,121,51];False
2829;6823;9652;[198,29,90,41,127,60,42,119,26,161,115,152,49,54,197,168,74,37,94,118,124,44,34,108,174,196,167,15,156,21,73,82,131,110,181,68,123,45,138,126,143,160,173,18,199,12,7,136,89,46,164,4,84,122,24,23,77,57,186,170,176,72,154,172,59,11,182,139,135,191,48,50,56,92,147,67,32,61,38,165,193,9,28,16,91,88,70,71,162,20,188,144,184,8,157,78,128,101,86,76,80,100,30,134,27,195,97,58,151,175,6,1,117,2,169,142,137,158,62,120,3,95,149,107,55,14,13,111,112,148,83,129,25,150,103,140,69,159,40,116,105,99,106,194,180,178,192,10,66,145,102,185,171,0,85,104,17,53,155,146,63,31,183,65,125,190,109,130,5,39,113,43,187,179,96,141,98,114,64,79,177,47,132,75,163,133,81,153,166,189,33,35,36,22,52,93,19,87,121,51];False
2886;6783;9669;[198,29,90,41,127,60,42,119,26,161,115,152,49,54,197,168,74,37,94,118,124,44,34,108,174,196,167,15,156,21,73,82,131,110,181,68,123,45,138,126,143,160,173,18,199,12,7,136,89,46,164,4,84,122,25,23,77,57,186,170,176,72,154,172,59,11,182,139,135,191,48,50,56,92,147,67,32,61,38,165,193,9,190,16,91,88,70,71,162,20,188,144,184,8,157,78,128,101,86,76,80,100,30,134,27,195,97,58,151,175,6,1,117,2,169,142,137,158,62,120,3,95,149,107,55,14,13,111,112,148,83,129,24,150,103,140,69,159,40,116,105,99,106,194,180,178,192,10,66,145,102,185,171,0,85,104,17,53,155,146,63,31,183,65,125,28,109,130,5,39,113,43,187,179,96,141,98,114,64,79,177,47,132,75,163,133,81,153,166,189,33,35,36,22,52,93,19,87,121,51];False
2874;6786;9660;[198,29,90,41,127,60,42,119,26,161,115,152,49,54,197,168,74,37,94,118,124,44,34,108,174,196,167,15,156,21,73,82,131,110,181,68,123,45,138,126,143,160,173,18,199,12,7,136,89,46,164,4,84,122,25,23,77,57,186,170,176,72,154,172,59,11,182,139,135,191,48,50,56,92,147,67,32,61,38,165,193,9,33,16,91,88,70,71,162,20,188,144,184,8,157,78,128,101,86,76,80,100,30,134,27,195,97,58,151,175,6,1,117,2,169,142,137,158,62,120,3,95,149,107,55,14,13,111,112,148,83,129,24,150,103,140,69,159,40,116,105,99,106,194,180,178,192,10,66,145,102,185,171,0,85,104,17,53,155,146,63,31,183,65,125,190,109,130,5,39,113,43,187,179,96,141,98,114,64,79,177,47,132,75,163,133,81,153,166,189,28,35,36,22,52,93,19,87,121,51];False
3015;6740;9755;[198,29,90,41,127,60,42,119,26,161,115,152,49,54,197,168,74,37,94,118,124,44,34,108,174,196,167,15,156,21,73,82,131,110,181,68,123,45,138,126,143,160,173,18,199,12,7,136,89,46,164,4,84,122,25,23,77,57,186,170,176,72,154,172,59,11,182,139,135,191,48,50,56,92,147,67,32,61,38,165,193,28,9,16,91,88,70,71,162,20,188,144,184,8,157,78,128,101,86,76,80,100,30,134,27,2,97,58,151,175,6,1,117,195,169,142,137,158,62,120,3,95,149,107,55,14,13,111,52,148,83,129,24,150,103,140,69,159,40,116,105,99,106,194,180,178,192,10,66,145,102,185,171,0,85,104,17,53,155,146,63,31,183,65,125,190,109,130,5,39,113,43,187,179,96,141,98,114,64,79,177,47,132,75,163,133,81,153,166,189,33,35,36,22,112,93,19,87,121,51];False
3004;6744;9748;[198,29,90,41,127,60,42,119,26,161,115,152,49,54,197,168,74,37,94,118,124,44,34,108,174,196,167,15,156,21,73,82,131,110,181,68,123,45,138,126,143,160,173,18,199,12,7,136,89,46,164,4,84,122,25,23,77,57,186,170,176,72,154,172,59,11,182,139,135,191,48,50,56,92,147,67,32,61,38,165,193,28,9,16,91,88,70,71,162,20,188,144,184,8,157,78,128,101,86,76,80,100,30,134,27,195,97,58,151,175,6,1,117,2,169,142,163,158,62,120,3,95,149,107,55,14,13,111,52,148,83,129,24,150,103,140,69,159,40,116,105,99,106,194,180,178,192,10,66,145,102,185,171,0,85,104,17,53,155,146,63,31,183,65,125,190,109,130,5,39,113,43,187,179,96,141,98,114,64,79,177,47,132,75,137,133,81,153,166,189,33,35,36,22,112,93,19,87,121,51];False
3050;6725;9775;[198,29,90,41,127,60,42,119,26,161,115,152,49,54,197,168,74,37,94,118,124,44,34,108,174,196,167,15,156,21,73,82,131,110,181,68,123,45,138,126,143,160,173,18,199,12,7,136,89,46,164,4,84,122,25,23,77,57,186,170,176,72,154,172,59,11,182,139,135,191,48,50,56,92,147,67,32,61,38,165,193,28,9,16,91,88,70,71,162,20,188,144,184,8,157,78,128,101,86,76,80,100,30,134,27,195,97,58,151,175,6,1,117,2,169,142,137,158,62,120,3,95,149,107,55,14,13,111,52,148,83,129,24,150,103,105,69,159,40,116,140,99,106,194,180,178,192,10,66,145,102,185,171,0,85,104,17,53,155,146,63,31,183,65,125,190,109,130,5,39,113,43,187,179,96,141,98,114,64,79,177,47,132,75,163,133,81,153,166,189,33,35,36,22,112,93,19,87,121,51];False
2953;6764;9717;[198,29,90,41,127,60,42,119,26,161,115,152,49,54,197,168,74,37,94,118,124,44,34,108,174,196,167,15,156,21,73,82,131,110,181,68,140,45,138,126,143,160,173,18,199,12,7,136,89,46,164,4,84,122,25,23,77,57,186,170,176,72,154,172,59,11,182,139,135,191,48,50,56,92,147,67,32,61,38,165,193,28,9,16,91,88,70,71,162,20,188,144,184,8,157,78,128,101,86,76,80,100,30,134,27,195,97,58,151,175,6,1,117,2,169,142,137,158,62,120,3,95,149,107,55,14,13,111,112,148,83,129,24,150,103,105,69,159,40,116,123,99,106,194,180,178,192,10,66,145,102,185,171,0,85,104,17,53,155,146,63,31,183,65,125,190,109,130,5,39,113,43,187,179,96,141,98,114,64,79,177,47,132,75,163,133,81,153,166,189,33,35,36,22,52,93,19,87,121,51];False
3122;6705;9827;[198,174,90,41,127,60,42,47,26,161,115,152,49,54,197,123,74,37,94,118,124,168,34,108,44,196,167,15,156,21,73,82,131,110,181,68,9,45,138,126,143,160,173,18,199,12,7,136,89,46,164,4,84,122,25,23,77,57,186,170,176,72,154,172,59,11,182,139,135,191,48,50,56,92,147,67,32,61,38,165,193,28,65,16,91,88,70,71,162,20,188,144,184,8,157,78,128,101,86,76,80,100,30,134,27,195,97,58,151,175,6,1,117,2,169,142,137,158,62,120,3,95,149,107,55,14,13,111,52,148,83,129,24,150,103,140,69,159,40,116,105,99,106,194,180,178,192,10,66,145,102,185,171,0,85,104,17,53,155,146,63,31,183,29,125,190,109,130,5,39,113,43,187,179,96,141,98,114,64,79,177,119,132,75,163,133,81,153,166,189,33,35,36,22,112,93,19,87,121,51];False
2953;6761;9714;[198,29,90,41,127,60,177,47,26,161,115,152,49,54,197,168,74,37,94,118,124,44,34,108,174,196,167,15,156,21,73,82,131,110,181,68,123,45,138,126,143,160,173,18,199,12,7,136,89,46,164,4,84,122,25,23,77,57,186,170,176,72,154,172,59,11,182,139,135,191,48,50,56,92,147,67,32,61,38,165,193,9,28,16,91,88,70,71,162,20,188,144,184,8,157,78,128,101,86,76,80,100,30,134,27,195,97,58,151,175,6,1,117,2,169,142,137,158,62,120,3,95,149,107,55,14,13,111,112,148,83,129,24,150,103,140,69,159,40,116,105,99,106,194,180,178,192,10,66,145,102,185,171,0,85,104,17,53,155,146,63,31,183,65,125,190,109,130,5,39,113,43,187,179,96,141,98,114,64,79,42,119,132,75,163,133,81,153,166,189,33,35,36,22,52,93,19,87,121,51];False
3059;6720;9779;[198,29,90,41,127,60,177,47,26,161,115,152,49,54,197,168,74,37,94,118,124,44,34,108,174,196,167,15,156,21,73,82,131,110,181,68,123,45,138,126,143,160,173,18,199,12,7,136,89,46,164,4,84,122,25,23,77,57,186,170,176,72,154,172,59,11,182,139,135,191,48,50,56,92,147,67,32,61,38,165,193,28,9,16,91,88,70,71,162,20,188,144,184,8,157,78,128,101,86,76,80,100,30,134,27,195,97,58,151,175,6,1,117,2,169,142,137,158,62,120,3,95,149,107,55,14,13,111,52,148,83,129,24,150,103,140,69,159,40,116,105,99,106,194,180,178,192,10,66,145,102,185,171,0,85,104,17,53,155,146,63,31,183,65,125,190,109,130,5,39,113,43,187,179,96,141,98,114,64,79,42,119,132,75,163,133,81,153,166,189,33,35,36,22,112,93,19,87,121,51];False
2939;6764;9703;[198,29,90,41,127,60,42,47,26,161,115,152,49,54,197,168,74,37,94,118,124,44,34,108,174,196,167,15,156,21,73,82,131,110,181,68,123,45,138,126,143,160,173,18,199,12,7,136,89,46,164,4,84,122,25,23,77,57,186,170,176,72,154,172,59,11,182,139,135,191,48,50,56,92,147,67,32,61,38,165,193,9,190,16,91,88,70,71,162,20,188,144,184,8,157,78,128,101,86,76,80,100,30,134,27,195,97,58,151,175,6,1,117,2,169,142,137,158,62,120,3,95,149,107,55,14,13,111,112,148,83,129,24,150,103,140,69,159,40,116,105,99,106,194,180,178,192,10,66,145,102,185,171,0,85,104,17,53,155,146,63,31,183,65,125,28,109,130,5,39,113,43,187,179,96,141,98,114,64,79,177,119,132,75,163,133,81,153,166,189,33,35,36,22,52,93,19,87,121,51];False
2927;6767;9694;[198,29,90,41,127,60,42,47,26,161,115,152,49,54,197,168,74,37,94,118,124,44,34,108,174,196,167,15,156,21,73,82,131,110,181,68,123,45,138,126,143,160,173,18,199,12,7,136,89,46,164,4,84,122,25,23,77,57,186,170,176,72,154,172,59,11,182,139,135,191,48,50,56,92,147,67,32,61,38,165,193,9,33,16,91,88,70,71,162,20,188,144,184,8,157,78,128,101,86,76,80,100,30,134,27,195,97,58,151,175,6,1,117,2,169,142,137,158,62,120,3,95,149,107,55,14,13,111,112,148,83,129,24,150,103,140,69,159,40,116,105,99,106,194,180,178,192,10,66,145,102,185,171,0,85,104,17,53,155,146,63,31,183,65,125,190,109,130,5,39,113,43,187,179,96,141,98,114,64,79,177,119,132,75,163,133,81,153,166,189,28,35,36,22,52,93,19,87,121,51];False
3030;6739;9769;[198,29,90,41,127,60,42,47,26,161,115,152,49,54,197,168,74,37,94,118,124,44,34,108,174,196,167,15,156,21,73,82,131,110,181,68,123,45,55,126,143,160,173,18,199,12,7,136,89,46,164,4,84,122,25,23,77,57,186,170,176,72,154,172,59,11,182,139,135,191,48,50,56,92,147,67,32,61,38,165,193,28,9,16,91,88,70,71,162,20,188,144,184,8,157,78,128,101,86,76,80,100,30,134,27,195,97,58,151,175,6,1,117,2,169,142,137,158,62,120,3,95,149,107,138,14,13,111,52,148,83,129,24,150,103,140,69,159,40,116,105,99,106,194,180,178,192,10,66,145,102,185,171,0,85,104,17,53,155,146,63,31,183,65,125,190,109,130,5,39,113,43,187,179,96,141,98,114,64,79,177,119,132,75,163,133,81,153,166,189,33,35,36,22,112,93,19,87,121,51];False
3020;6736;9756;[198,29,90,41,127,60,42,47,26,161,115,152,49,54,197,168,74,37,94,118,124,44,34,108,174,196,167,15,156,21,73,82,131,110,181,68,123,45,138,126,143,160,173,18,199,12,7,136,89,46,164,4,84,122,25,23,77,57,186,170,176,72,154,172,59,11,182,139,135,191,48,50,56,92,147,67,32,61,38,165,193,9,28,16,91,88,70,71,162,20,188,144,184,8,157,78,128,101,86,76,80,100,30,134,27,195,97,58,151,175,6,1,117,2,169,142,137,158,62,120,3,95,149,107,55,14,13,111,52,148,83,129,24,150,103,140,69,159,40,116,105,99,106,194,180,178,192,10,66,145,102,185,171,0,85,104,17,53,155,146,63,31,183,65,125,190,109,130,5,39,113,43,187,179,96,141,98,114,64,79,177,119,132,75,163,133,81,153,166,189,33,35,36,22,112,93,19,87,121,51];False
3103;6706;9809;[198,29,90,41,127,60,42,47,26,161,115,152,49,54,197,168,74,37,94,118,124,44,34,108,174,196,167,15,156,21,73,82,131,110,181,68,123,45,138,126,143,160,173,18,199,12,7,136,89,46,164,4,84,122,25,23,77,57,186,170,176,72,154,172,59,11,182,139,135,191,48,50,56,92,147,67,32,61,38,165,193,28,9,16,91,88,70,71,162,20,188,144,184,8,157,78,128,101,86,76,80,100,30,134,27,195,97,58,151,175,6,1,117,2,169,142,137,158,62,120,3,95,149,107,55,14,13,111,52,148,83,129,24,150,103,105,69,159,40,116,140,99,106,194,180,178,192,10,66,145,102,185,171,0,85,104,17,53,155,146,63,31,183,65,125,190,109,130,5,39,113,43,187,179,96,141,98,114,64,79,177,119,132,75,163,133,81,153,166,189,33,35,36,22,112,93,19,87,121,51];False
3087;6716;9803;[198,29,90,41,127,60,42,47,26,161,115,152,49,54,197,168,74,37,94,118,124,44,34,108,174,196,167,15,156,21,73,82,131,110,181,68,123,45,138,126,143,160,173,18,199,12,7,136,89,46,164,4,84,122,25,23,77,57,186,170,176,72,154,172,59,11,182,139,135,191,48,50,56,92,147,67,32,61,38,165,193,28,9,16,91,88,70,71,162,20,188,144,184,8,157,78,128,101,86,76,80,100,30,134,27,195,97,58,151,175,6,1,117,2,169,142,137,158,62,120,3,95,149,107,55,14,13,111,52,148,83,129,24,150,103,140,69,159,40,116,105,99,106,194,180,178,192,109,66,145,102,185,171,0,85,104,17,53,155,146,63,31,183,65,125,190,10,130,5,39,113,43,187,179,96,141,98,114,64,79,177,119,132,75,163,133,81,153,166,189,33,35,36,22,112,93,19,87,121,51];False
3025;6731;9756;[198,29,90,41,127,60,42,47,26,161,115,152,49,54,197,168,74,37,94,118,124,44,34,108,174,196,167,15,156,21,73,82,131,110,181,68,123,45,138,126,143,160,173,18,199,12,7,136,89,46,164,4,84,122,25,23,77,57,186,170,176,72,154,172,59,11,182,139,135,191,48,50,56,92,147,67,32,61,38,165,193,28,9,16,91,88,70,71,162,20,188,144,184,8,157,78,128,101,86,76,80,100,30,134,27,195,97,58,151,175,6,1,117,2,169,142,137,158,62,120,3,95,149,107,55,14,13,111,52,148,83,129,24,150,103,140,69,159,40,116,105,99,106,194,180,178,192,10,66,145,102,185,171,0,85,104,17,53,155,146,63,31,183,65,125,190,109,130,5,39,113,43,187,179,96,177,98,114,64,79,141,119,132,75,163,133,81,153,166,189,33,35,36,22,112,93,19,87,121,51];False
2997;6747;9744;[198,29,90,41,127,60,42,47,26,161,115,152,49,54,197,168,74,37,94,118,124,44,34,108,174,196,167,15,156,21,73,82,131,110,181,68,123,45,138,126,143,160,173,18,199,12,7,136,89,46,164,4,84,122,25,23,77,57,186,170,176,72,154,172,59,11,182,139,135,191,48,50,56,92,147,67,32,61,38,165,193,9,28,16,91,88,70,71,162,20,188,144,184,8,157,78,128,101,86,76,80,100,30,134,27,195,97,58,151,175,6,1,117,2,169,142,137,158,62,120,3,95,149,107,55,14,13,111,112,148,83,129,24,150,103,105,69,159,40,116,140,99,106,194,180,178,192,10,66,145,102,185,171,0,85,104,17,53,155,146,63,31,183,65,125,190,109,130,5,39,113,43,187,179,96,141,98,114,64,79,177,119,132,75,163,133,81,153,166,189,33,35,36,22,52,93,19,87,121,51];False
2985;6748;9733;[198,29,90,41,127,60,42,47,26,161,115,152,49,54,197,168,74,37,94,118,124,44,34,108,174,196,167,15,156,21,73,82,131,110,181,68,123,45,138,126,143,160,173,18,199,12,7,136,89,46,164,4,84,122,25,23,77,57,186,170,176,72,154,172,59,11,182,139,135,191,48,50,56,92,147,67,32,61,38,165,193,28,9,16,91,88,70,71,162,20,188,144,184,8,157,78,128,101,86,76,80,100,30,134,27,195,97,58,151,175,6,1,117,2,169,142,137,158,62,120,3,95,149,107,55,14,13,111,112,148,83,129,24,150,103,105,69,159,40,116,104,99,106,194,180,178,192,10,66,145,102,185,171,0,85,140,17,53,155,146,63,31,183,65,125,190,109,130,5,39,113,43,187,179,96,141,98,114,64,79,177,119,132,75,163,133,81,153,166,189,33,35,36,22,52,93,19,87,121,51];False
3002;6742;9744;[198,29,90,41,127,60,42,47,26,161,115,152,49,54,197,168,74,37,94,118,124,44,34,108,174,196,167,15,156,21,73,82,131,110,181,68,123,45,138,126,143,160,173,18,199,12,7,136,89,46,164,4,84,122,25,23,77,57,186,170,176,72,154,172,59,11,182,139,135,191,48,50,56,92,147,67,32,61,38,165,193,28,9,16,91,88,70,71,162,20,188,144,184,8,157,78,128,101,86,76,80,100,30,134,27,195,97,58,151,175,6,1,117,2,169,142,137,158,62,120,3,95,149,107,55,14,13,111,112,148,83,129,24,150,103,105,69,159,40,116,140,99,106,194,180,178,192,10,66,145,102,185,171,0,85,104,17,53,155,146,63,31,183,65,125,190,109,130,5,39,113,43,187,179,96,177,98,114,64,79,141,119,132,75,163,133,81,153,166,189,33,35,36,22,52,93,19,87,121,51];False
2950;6763;9713;[198,29,90,41,127,60,42,47,26,161,115,152,49,54,197,168,74,37,94,118,124,44,34,108,174,196,167,15,156,21,73,82,131,110,181,68,123,45,138,126,143,160,173,18,199,12,7,136,89,46,164,4,84,122,25,23,77,57,186,170,176,72,154,172,59,11,182,139,135,191,48,50,56,92,147,67,32,61,19,165,193,28,9,16,91,88,70,71,162,20,188,144,184,8,157,78,128,101,86,76,80,100,30,134,27,195,97,58,151,175,6,1,117,2,169,142,137,158,62,120,3,95,149,107,55,14,13,111,112,148,83,129,24,150,103,140,69,159,40,116,105,99,106,194,180,178,192,10,66,145,102,185,171,0,85,104,17,53,155,146,63,31,183,65,125,190,109,130,5,39,113,43,187,179,96,177,98,114,64,79,141,119,132,75,163,133,81,153,166,189,33,35,36,22,52,93,38,87,121,51];False
2919;6772;9691;[198,29,90,41,127,60,42,47,26,161,115,152,49,54,197,168,74,37,94,118,124,44,34,108,174,196,167,15,156,21,73,82,131,110,181,68,123,45,138,126,143,160,173,18,199,12,7,136,89,46,164,4,84,122,25,23,77,57,186,170,176,72,154,172,59,11,182,139,135,191,48,50,56,92,147,67,32,61,38,165,193,9,28,16,91,88,70,71,162,20,188,144,184,8,157,78,128,101,86,76,80,100,30,134,27,195,97,58,151,175,6,1,117,2,169,142,137,158,62,120,3,95,149,107,55,14,13,111,112,148,83,129,24,150,103,140,69,159,40,116,105,99,106,194,180,178,192,10,66,145,102,185,171,0,85,104,17,53,155,146,63,31,183,65,125,190,109,130,5,39,113,43,187,179,96,177,98,114,64,79,141,119,132,75,163,133,81,153,166,189,33,35,36,22,52,93,19,87,121,51];False
2809;6828;9637;[53,183,90,41,127,60,42,119,26,161,115,152,49,54,197,168,74,37,94,118,124,44,34,198,174,196,167,15,156,21,73,82,131,110,181,68,123,45,138,126,143,160,173,18,199,12,7,136,89,46,164,4,84,122,25,23,77,57,186,170,176,72,154,172,59,11,182,139,135,191,48,50,56,92,147,67,32,61,38,165,193,28,9,16,91,88,70,71,162,20,188,144,184,8,157,78,128,101,86,76,80,100,30,134,27,195,97,58,151,175,6,1,117,2,169,142,137,158,62,120,3,95,149,107,55,14,13,111,112,148,83,129,24,150,103,140,69,159,40,116,105,99,106,194,180,178,192,10,66,145,102,185,171,0,85,104,17,108,155,146,63,31,29,65,125,190,109,130,5,39,113,43,187,179,96,141,98,114,64,79,177,47,132,75,163,133,81,153,166,189,33,35,36,22,52,93,19,87,121,51];False
2808;6823;9631;[108,155,90,41,127,60,42,119,26,161,115,152,49,54,197,168,74,37,94,118,124,44,34,198,174,196,167,15,156,21,73,82,131,110,181,68,123,45,138,126,143,160,173,18,199,12,7,136,89,46,164,4,84,122,25,23,77,57,186,170,176,72,154,172,59,11,182,139,135,191,48,50,56,92,147,67,32,61,38,165,193,28,9,16,91,88,70,71,162,20,188,144,184,8,157,78,128,101,86,76,80,100,30,134,27,195,97,58,151,175,6,1,117,2,169,142,137,158,62,120,3,95,149,107,55,14,13,111,112,148,83,129,24,150,103,140,69,159,40,116,105,99,106,194,180,178,192,10,66,145,102,185,171,0,85,104,17,53,183,146,63,31,29,65,125,190,109,130,5,39,113,43,187,179,96,141,98,114,64,79,177,47,132,75,163,133,81,153,166,189,33,35,36,22,52,93,19,87,121,51];False
2809;6813;9622;[108,183,65,41,127,60,42,119,26,161,115,152,49,54,197,168,74,37,94,118,124,44,34,198,174,196,167,15,156,21,73,82,131,110,181,68,123,45,138,126,143,160,173,18,199,12,7,136,89,46,164,4,84,122,25,23,77,57,186,170,176,72,154,172,59,11,182,139,135,191,48,50,56,92,147,67,32,61,38,165,193,28,9,16,91,88,70,71,162,20,188,144,184,8,157,78,128,101,86,76,80,100,30,134,27,195,97,58,151,175,6,1,117,2,169,142,137,158,62,120,3,95,149,107,55,14,13,111,112,148,83,129,24,150,103,140,69,159,40,116,105,99,106,194,180,178,192,10,66,145,102,185,171,0,85,104,17,53,155,146,63,31,29,90,125,190,109,130,5,39,113,43,187,179,96,141,98,114,64,79,177,47,132,75,163,133,81,153,166,189,33,35,36,22,52,93,19,87,121,51];False
2790;6840;9630;[108,183,90,41,127,60,42,119,26,161,115,152,49,54,197,168,74,37,94,118,124,44,34,198,174,196,167,15,156,21,73,82,131,110,181,68,123,45,138,126,143,160,173,18,199,12,7,136,89,46,164,4,84,122,25,23,77,57,186,170,176,72,154,172,59,11,182,139,135,191,48,50,56,92,147,67,32,61,38,165,193,9,28,16,91,88,70,71,162,20,188,144,184,8,157,78,128,101,86,76,80,100,30,134,27,195,97,58,151,175,6,1,117,2,169,142,137,158,62,120,3,95,149,107,55,14,13,111,112,148,83,129,24,150,103,140,69,159,40,116,105,99,106,194,180,178,192,10,66,145,102,185,171,0,85,104,17,53,155,146,63,31,29,65,125,190,109,130,5,39,113,43,187,179,96,141,98,114,64,79,177,47,132,75,163,133,81,153,166,189,33,35,36,22,52,93,19,87,121,51];False
2782;6841;9623;[156,29,90,41,127,60,42,119,26,161,115,152,49,54,197,168,74,37,94,118,124,44,34,198,174,196,167,15,108,21,73,82,131,110,181,68,123,45,138,126,143,160,173,18,199,12,7,136,89,46,164,4,84,122,25,23,77,57,186,170,176,72,154,172,59,11,182,139,135,191,48,50,56,92,147,67,32,61,38,165,193,9,28,16,91,88,70,71,162,20,188,144,184,8,157,78,128,101,86,76,80,100,30,134,27,195,97,58,151,175,6,1,117,2,169,142,137,158,62,120,3,95,149,107,55,14,13,111,112,148,83,129,24,150,103,140,69,159,40,116,105,99,106,194,180,178,192,10,66,145,102,185,171,0,85,104,17,53,155,146,63,31,183,65,125,190,109,130,5,39,113,43,187,179,96,141,98,114,64,79,177,47,132,75,163,133,81,153,166,189,33,35,36,22,52,93,19,87,121,51];False
2869;6798;9667;[108,29,90,41,127,60,42,119,26,161,115,152,49,54,197,168,74,37,94,118,124,44,34,198,174,196,167,15,156,21,73,82,131,110,181,68,123,45,138,126,143,160,173,18,199,12,7,136,89,46,164,4,84,122,25,23,77,57,186,170,176,72,154,172,59,11,182,139,135,191,48,50,56,92,147,67,32,61,38,165,193,9,33,16,91,88,70,71,162,20,188,144,184,8,157,78,128,101,86,76,80,100,30,134,27,195,97,58,151,175,6,1,117,2,169,142,137,158,62,120,3,95,149,107,55,14,13,111,112,148,83,129,24,150,103,140,69,159,40,116,105,99,106,194,180,178,192,10,66,145,102,185,171,0,85,104,17,53,155,146,63,31,183,65,125,190,109,130,5,39,113,43,187,179,96,141,98,114,64,79,177,47,132,75,163,133,81,153,166,189,28,35,36,22,52,93,19,87,121,51];False
2853;6806;9659;[198,29,90,41,127,60,42,119,26,161,115,152,49,54,197,168,74,37,94,118,124,44,34,108,8,196,167,15,156,21,73,82,131,110,181,68,123,45,138,126,143,160,173,18,199,12,7,136,89,46,164,4,84,122,25,23,77,57,186,170,176,72,154,172,59,11,182,139,135,191,48,50,56,92,147,67,32,61,38,165,193,9,190,16,91,88,70,71,162,20,188,144,184,174,157,78,128,101,86,76,80,100,30,134,27,195,97,58,151,175,6,1,117,2,169,142,137,158,62,120,3,95,149,107,55,14,13,111,112,148,83,129,24,150,103,140,69,159,40,116,105,99,106,194,180,178,192,10,66,145,102,185,171,0,85,104,17,53,155,146,63,31,183,65,125,28,109,130,5,39,113,43,187,179,96,141,98,114,64,79,177,47,132,75,163,133,81,153,166,189,33,35,36,22,52,93,19,87,121,51];False
2851;6812;9663;[198,29,90,41,127,60,42,119,26,161,115,152,49,54,197,168,74,37,94,118,124,44,34,108,174,196,167,15,156,21,73,82,131,110,181,68,123,45,138,126,143,160,173,18,199,12,7,136,89,46,164,4,84,122,25,23,77,57,186,170,176,72,154,172,59,11,182,139,135,191,50,48,56,92,147,67,32,61,38,165,193,9,190,16,91,88,70,71,162,20,188,144,184,8,157,78,128,101,86,76,80,100,30,134,27,195,97,58,151,175,6,1,117,2,169,142,137,158,62,120,3,95,149,107,55,14,13,111,112,148,83,129,24,150,103,140,69,159,40,116,105,99,106,194,180,178,192,10,66,145,102,185,171,0,85,104,17,53,155,146,63,31,183,65,125,28,109,130,5,39,113,43,187,179,96,141,98,114,64,79,177,47,132,75,163,133,81,153,166,189,33,35,36,22,52,93,19,87,121,51];False
2844;6812;9656;[198,29,90,41,127,60,42,119,26,161,115,152,49,54,197,168,74,37,94,118,124,44,34,108,174,196,167,15,156,21,73,82,131,110,181,68,123,45,138,126,143,160,173,18,199,12,7,136,89,46,164,4,84,122,25,23,77,57,186,170,176,72,154,172,59,11,182,139,135,191,48,50,56,92,147,67,112,61,38,165,193,9,190,16,91,88,70,71,162,20,188,144,184,8,157,78,128,101,86,76,80,100,30,134,27,195,97,58,151,175,6,1,117,2,169,142,137,158,62,120,3,95,149,107,55,14,13,111,32,148,83,129,24,150,103,140,69,159,40,116,105,99,106,194,180,178,192,10,66,145,102,185,171,0,85,104,17,53,155,146,63,31,183,65,125,28,109,130,5,39,113,43,187,179,96,141,98,114,64,79,177,47,132,75,163,133,81,153,166,189,33,35,36,22,52,93,19,87,121,51];False
2904;6780;9684;[198,29,90,41,127,60,42,119,26,161,115,152,49,54,197,168,74,37,94,118,124,44,34,108,174,196,167,15,156,21,73,82,131,110,181,68,123,45,138,126,143,160,173,18,199,12,7,136,89,46,164,4,84,122,25,23,77,57,186,170,176,72,154,172,59,11,182,139,135,191,48,50,56,92,147,67,32,61,19,165,193,9,190,16,91,88,70,71,162,20,188,144,184,8,157,78,128,101,86,76,80,100,30,134,27,195,97,58,151,175,6,1,117,2,169,142,137,158,62,120,3,95,149,107,55,14,13,111,112,148,83,129,24,150,103,140,69,159,40,116,105,99,106,194,180,178,192,10,66,145,102,185,171,0,85,104,17,53,155,146,63,31,183,65,125,28,109,130,5,39,113,43,187,179,96,141,98,114,64,79,177,47,132,75,163,133,81,153,166,189,33,35,36,22,52,93,38,87,121,51];False
2903;6780;9683;[198,29,90,41,127,60,42,119,26,161,115,152,49,54,197,168,74,37,94,118,124,44,34,108,174,196,167,15,156,21,73,82,131,110,181,68,123,45,138,126,143,160,173,18,199,12,7,136,89,46,164,4,84,122,25,23,77,57,186,170,176,72,154,172,59,11,182,139,135,191,48,50,56,92,147,67,32,61,38,165,193,157,190,16,91,88,70,71,162,20,188,144,184,8,9,78,128,101,86,76,80,100,30,134,27,195,97,58,151,175,6,1,117,2,169,142,137,158,62,120,3,95,149,107,55,14,13,111,112,148,83,129,24,150,103,140,69,159,40,116,105,99,106,194,180,178,192,10,66,145,102,185,171,0,85,104,17,53,155,146,63,31,183,65,125,28,109,130,5,39,113,43,187,179,96,141,98,114,64,79,177,47,132,75,163,133,81,153,166,189,33,35,36,22,52,93,19,87,121,51];False
2772;6849;9621;[198,29,90,41,127,60,42,119,26,161,115,152,49,54,197,168,74,37,94,118,124,44,34,108,174,196,167,15,156,21,73,82,131,110,181,68,123,45,138,126,143,160,173,18,199,12,7,136,89,46,164,4,84,122,25,23,77,57,186,170,176,72,154,172,59,11,182,139,135,191,48,50,56,92,147,67,32,61,38,165,193,9,190,16,91,88,70,71,162,20,188,144,184,8,63,78,128,101,86,76,80,100,30,134,27,195,97,58,151,175,6,1,117,2,169,142,137,158,62,120,3,95,149,107,55,14,13,111,112,148,83,129,24,150,103,140,69,159,40,116,105,99,106,194,180,178,192,10,66,145,102,185,171,0,85,104,17,53,155,146,157,31,183,65,125,28,109,130,5,39,113,43,187,179,96,141,98,114,64,79,177,47,132,75,163,133,81,153,166,189,33,35,36,22,52,93,19,87,121,51];False
2910;6778;9688;[198,29,90,41,127,60,42,119,26,161,115,152,49,54,197,168,74,37,94,118,124,44,34,108,174,196,167,15,156,21,73,82,131,110,181,68,123,45,138,126,143,160,173,18,199,12,7,136,89,46,164,4,84,122,25,23,77,57,186,170,176,72,154,172,59,11,182,139,135,191,48,50,56,92,147,67,32,61,38,165,193,9,190,16,91,88,70,71,162,20,188,144,184,8,157,78,128,101,86,76,80,100,30,134,27,195,97,58,151,175,6,1,117,2,169,142,163,158,62,120,3,95,149,107,55,14,13,111,112,148,83,129,24,150,103,140,69,159,40,116,105,99,106,194,180,178,192,10,66,145,102,185,171,0,85,104,17,53,155,146,63,31,183,65,125,28,109,130,5,39,113,43,187,179,96,141,98,114,64,79,177,47,132,75,137,133,81,153,166,189,33,35,36,22,52,93,19,87,121,51];False
2979;6748;9727;[198,29,90,41,127,60,42,119,26,161,115,152,49,54,197,168,74,37,94,118,124,44,34,108,174,196,167,15,156,21,73,82,131,110,181,68,123,45,138,126,143,160,173,18,199,12,7,136,89,46,164,4,84,122,25,23,77,57,186,170,176,72,154,172,59,11,182,139,135,191,48,50,56,92,147,67,32,61,38,165,193,9,190,16,91,88,70,71,162,20,188,144,184,8,157,78,128,101,86,76,80,100,30,134,27,195,97,58,151,175,6,1,117,2,169,142,137,158,62,120,3,95,149,107,55,14,13,111,52,148,83,129,24,150,103,140,69,159,40,116,105,99,106,194,180,178,192,10,66,145,102,185,171,0,85,104,17,53,155,146,63,31,183,65,125,28,109,130,5,39,113,43,187,179,96,141,98,114,64,79,177,47,132,75,163,133,81,153,166,189,33,35,36,22,112,93,19,87,121,51];False
2956;6759;9715;[198,29,90,41,127,60,42,119,26,161,115,152,49,54,197,168,74,37,94,118,124,44,34,108,174,196,167,15,156,21,73,82,131,110,181,68,123,45,138,126,143,160,173,18,199,12,7,136,89,46,164,4,84,122,25,23,77,57,186,170,176,72,154,172,59,11,182,139,135,191,48,50,56,92,147,67,32,61,38,165,193,9,190,16,91,88,70,71,162,20,188,144,184,8,157,78,128,101,86,76,80,100,30,134,27,195,97,58,151,175,6,1,117,2,169,142,137,158,62,120,3,95,149,107,55,14,13,111,112,148,83,129,24,150,103,105,69,159,40,116,140,99,106,194,180,178,192,10,66,145,102,185,171,0,85,104,17,53,155,146,63,31,183,65,125,28,109,130,5,39,113,43,187,179,96,141,98,114,64,79,177,47,132,75,163,133,81,153,166,189,33,35,36,22,52,93,19,87,121,51];False
2863;6805;9668;[198,174,90,41,127,60,42,119,26,161,115,152,49,54,197,168,74,37,94,118,124,44,34,108,29,196,167,15,156,21,73,82,131,110,181,68,123,45,138,126,143,160,173,18,199,12,7,136,89,46,164,4,84,122,25,23,77,57,186,170,176,72,154,172,59,11,182,139,135,191,48,50,56,92,147,67,32,61,38,165,193,9,33,16,91,88,70,71,162,20,188,144,184,8,157,78,128,101,86,76,80,100,30,134,27,195,97,58,151,175,6,1,117,2,169,142,137,158,62,120,3,95,149,107,55,14,13,111,112,148,83,129,24,150,103,140,69,159,40,116,105,99,106,194,180,178,192,10,66,145,102,185,171,0,85,104,17,53,155,146,63,31,183,65,125,190,109,130,5,39,113,43,187,179,96,141,98,114,64,79,177,47,132,75,163,133,81,153,166,189,28,35,36,22,52,93,19,87,121,51];False
2841;6809;9650;[198,29,90,41,127,60,42,119,26,161,115,152,49,54,197,168,74,37,94,118,124,44,34,108,8,196,167,15,156,21,73,82,131,110,181,68,123,45,138,126,143,160,173,18,199,12,7,136,89,46,164,4,84,122,25,23,77,57,186,170,176,72,154,172,59,11,182,139,135,191,48,50,56,92,147,67,32,61,38,165,193,9,33,16,91,88,70,71,162,20,188,144,184,174,157,78,128,101,86,76,80,100,30,134,27,195,97,58,151,175,6,1,117,2,169,142,137,158,62,120,3,95,149,107,55,14,13,111,112,148,83,129,24,150,103,140,69,159,40,116,105,99,106,194,180,178,192,10,66,145,102,185,171,0,85,104,17,53,155,146,63,31,183,65,125,190,109,130,5,39,113,43,187,179,96,141,98,114,64,79,177,47,132,75,163,133,81,153,166,189,28,35,36,22,52,93,19,87,121,51];False
2871;6795;9666;[198,29,90,41,127,60,42,119,26,161,115,152,49,54,197,168,74,37,94,118,124,44,34,108,174,196,167,15,156,21,73,82,131,110,181,68,123,45,55,126,143,160,173,18,199,12,7,136,89,46,164,4,84,122,25,23,77,57,186,170,176,72,154,172,59,11,182,139,135,191,48,50,56,92,147,67,32,61,38,165,193,9,33,16,91,88,70,71,162,20,188,144,184,8,157,78,128,101,86,76,80,100,30,134,27,195,97,58,151,175,6,1,117,2,169,142,137,158,62,120,3,95,149,107,138,14,13,111,112,148,83,129,24,150,103,140,69,159,40,116,105,99,106,194,180,178,192,10,66,145,102,185,171,0,85,104,17,53,155,146,63,31,183,65,125,190,109,130,5,39,113,43,187,179,96,141,98,114,64,79,177,47,132,75,163,133,81,153,166,189,28,35,36,22,52,93,19,87,121,51];False
2856;6790;9646;[198,29,90,41,127,60,42,119,26,161,115,152,49,54,197,168,74,37,94,118,124,44,34,108,174,196,167,15,156,21,73,82,131,110,181,68,123,45,138,126,143,160,173,18,199,12,7,136,89,46,164,4,84,122,25,23,77,57,186,170,176,72,154,172,59,11,182,139,135,191,48,50,56,92,147,67,32,61,38,165,193,157,33,16,91,88,70,71,162,20,188,144,184,8,9,78,128,101,86,76,80,100,30,134,27,195,97,58,151,175,6,1,117,2,169,142,137,158,62,120,3,95,149,107,55,14,13,111,112,148,83,129,24,150,103,140,69,159,40,116,105,99,106,194,180,178,192,10,66,145,102,185,171,0,85,104,17,53,155,146,63,31,183,65,125,190,109,130,5,39,113,43,187,179,96,141,98,114,64,79,177,47,132,75,163,133,81,153,166,189,28,35,36,22,52,93,19,87,121,51];False
2815;6796;9611;[198,29,90,41,127,60,42,119,26,161,115,152,49,54,197,168,74,37,94,118,124,44,34,108,174,196,167,15,156,21,73,82,131,110,181,68,123,45,138,126,143,160,173,18,199,12,7,136,89,46,164,4,84,122,25,23,77,57,186,170,176,72,154,172,59,11,182,139,135,191,48,50,56,92,147,67,32,61,38,165,193,9,33,16,91,88,70,71,162,20,188,144,184,35,157,78,128,101,86,76,80,100,30,134,27,195,97,58,151,175,6,1,117,2,169,142,137,158,62,120,3,95,149,107,55,14,13,111,112,148,83,129,24,150,103,140,69,159,40,116,105,99,106,194,180,178,192,10,66,145,102,185,171,0,85,104,17,53,155,146,63,31,183,65,125,190,109,130,5,39,113,43,187,179,96,141,98,114,64,79,177,47,132,75,163,133,81,153,166,189,28,8,36,22,52,93,19,87,121,51];False
2760;6852;9612;[198,29,90,41,127,60,42,119,26,161,115,152,49,54,197,168,74,37,94,118,124,44,34,108,174,196,167,15,156,21,73,82,131,110,181,68,123,45,138,126,143,160,173,18,199,12,7,136,89,46,164,4,84,122,25,23,77,57,186,170,176,72,154,172,59,11,182,139,135,191,48,50,56,92,147,67,32,61,38,165,193,9,33,16,91,88,70,71,162,20,188,144,184,8,63,78,128,101,86,76,80,100,30,134,27,195,97,58,151,175,6,1,117,2,169,142,137,158,62,120,3,95,149,107,55,14,13,111,112,148,83,129,24,150,103,140,69,159,40,116,105,99,106,194,180,178,192,10,66,145,102,185,171,0,85,104,17,53,155,146,157,31,183,65,125,190,109,130,5,39,113,43,187,179,96,141,98,114,64,79,177,47,132,75,163,133,81,153,166,189,28,35,36,22,52,93,19,87,121,51];False
2909;6777;9686;[198,29,90,41,127,60,42,119,26,161,115,152,49,54,197,168,74,37,94,118,124,44,34,108,174,196,167,15,156,21,73,82,131,110,181,68,123,45,138,126,143,160,173,18,199,12,7,136,89,46,164,4,84,122,25,23,77,57,186,170,176,72,154,172,59,11,182,139,135,191,48,50,56,92,147,67,32,61,38,165,193,9,33,16,91,88,70,71,162,20,188,144,184,8,157,78,128,101,86,76,80,100,30,134,27,2,97,58,151,175,6,1,117,195,169,142,137,158,62,120,3,95,149,107,55,14,13,111,112,148,83,129,24,150,103,140,69,159,40,116,105,99,106,194,180,178,192,10,66,145,102,185,171,0,85,104,17,53,155,146,63,31,183,65,125,190,109,130,5,39,113,43,187,179,96,141,98,114,64,79,177,47,132,75,163,133,81,153,166,189,28,35,36,22,52,93,19,87,121,51];False
2898;6781;9679;[198,29,90,41,127,60,42,119,26,161,115,152,49,54,197,168,74,37,94,118,124,44,34,108,174,196,167,15,156,21,73,82,131,110,181,68,123,45,138,126,143,160,173,18,199,12,7,136,89,46,164,4,84,122,25,23,77,57,186,170,176,72,154,172,59,11,182,139,135,191,48,50,56,92,147,67,32,61,38,165,193,9,33,16,91,88,70,71,162,20,188,144,184,8,157,78,128,101,86,76,80,100,30,134,27,195,97,58,151,175,6,1,117,2,169,142,163,158,62,120,3,95,149,107,55,14,13,111,112,148,83,129,24,150,103,140,69,159,40,116,105,99,106,194,180,178,192,10,66,145,102,185,171,0,85,104,17,53,155,146,63,31,183,65,125,190,109,130,5,39,113,43,187,179,96,141,98,114,64,79,177,47,132,75,137,133,81,153,166,189,28,35,36,22,52,93,19,87,121,51];False
2967;6751;9718;[198,29,90,41,127,60,42,119,26,161,115,152,49,54,197,168,74,37,94,118,124,44,34,108,174,196,167,15,156,21,73,82,131,110,181,68,123,45,138,126,143,160,173,18,199,12,7,136,89,46,164,4,84,122,25,23,77,57,186,170,176,72,154,172,59,11,182,139,135,191,48,50,56,92,147,67,32,61,38,165,193,9,33,16,91,88,70,71,162,20,188,144,184,8,157,78,128,101,86,76,80,100,30,134,27,195,97,58,151,175,6,1,117,2,169,142,137,158,62,120,3,95,149,107,55,14,13,111,52,148,83,129,24,150,103,140,69,159,40,116,105,99,106,194,180,178,192,10,66,145,102,185,171,0,85,104,17,53,155,146,63,31,183,65,125,190,109,130,5,39,113,43,187,179,96,141,98,114,64,79,177,47,132,75,163,133,81,153,166,189,28,35,36,22,112,93,19,87,121,51];False
2944;6762;9706;[198,29,90,41,127,60,42,119,26,161,115,152,49,54,197,168,74,37,94,118,124,44,34,108,174,196,167,15,156,21,73,82,131,110,181,68,123,45,138,126,143,160,173,18,199,12,7,136,89,46,164,4,84,122,25,23,77,57,186,170,176,72,154,172,59,11,182,139,135,191,48,50,56,92,147,67,32,61,38,165,193,9,33,16,91,88,70,71,162,20,188,144,184,8,157,78,128,101,86,76,80,100,30,134,27,195,97,58,151,175,6,1,117,2,169,142,137,158,62,120,3,95,149,107,55,14,13,111,112,148,83,129,24,150,103,105,69,159,40,116,140,99,106,194,180,178,192,10,66,145,102,185,171,0,85,104,17,53,155,146,63,31,183,65,125,190,109,130,5,39,113,43,187,179,96,141,98,114,64,79,177,47,132,75,163,133,81,153,166,189,28,35,36,22,52,93,19,87,121,51];False
3085;6716;9801;[198,29,90,41,127,60,42,119,26,161,115,152,49,54,197,168,74,37,94,118,124,44,34,108,174,196,167,15,156,21,73,82,131,110,181,68,123,45,138,126,143,160,173,18,199,12,7,136,89,46,164,4,84,122,25,23,77,57,186,170,176,72,154,172,59,11,182,139,135,191,48,50,56,92,147,67,32,61,38,165,193,28,9,16,91,88,70,71,162,20,188,144,184,8,157,78,128,101,86,76,80,100,30,134,27,2,97,58,151,175,6,1,117,195,169,142,137,158,62,120,3,95,149,107,55,14,13,111,52,148,83,129,24,150,103,105,69,159,40,116,140,99,106,194,180,178,192,10,66,145,102,185,171,0,85,104,17,53,155,146,63,31,183,65,125,190,109,130,5,39,113,43,187,179,96,141,98,114,64,79,177,47,132,75,163,133,81,153,166,189,33,35,36,22,112,93,19,87,121,51];False
3046;6729;9775;[198,29,90,41,127,60,42,119,26,161,115,152,49,54,197,168,74,37,94,118,124,44,34,108,174,196,167,15,156,21,73,82,131,110,181,68,140,45,138,126,143,160,173,18,199,12,7,136,89,46,164,4,84,122,25,23,77,57,186,170,176,72,154,172,59,11,182,139,135,191,48,50,56,92,147,67,32,61,38,165,193,28,9,16,91,88,70,71,162,20,188,144,184,8,157,78,128,101,86,76,80,100,30,134,27,195,97,58,151,175,6,1,117,2,169,142,137,158,62,120,3,95,149,107,55,14,13,111,52,148,83,129,24,150,103,105,69,159,40,116,123,99,106,194,180,178,192,10,66,145,102,185,171,0,85,104,17,53,155,146,63,31,183,65,125,190,109,130,5,39,113,43,187,179,96,141,98,114,64,79,177,47,132,75,163,133,81,153,166,189,33,35,36,22,112,93,19,87,121,51];False
3192;6681;9873;[198,174,90,41,127,60,42,47,26,161,115,152,49,54,197,123,74,37,94,118,124,168,34,108,44,196,167,15,156,21,73,82,131,110,181,68,9,45,138,126,143,160,173,18,199,12,7,136,89,46,164,4,84,122,25,23,77,57,186,170,176,72,154,172,59,11,182,139,135,191,48,50,56,92,147,67,32,61,38,165,193,28,65,16,91,88,70,71,162,20,188,144,184,8,157,78,128,101,86,76,80,100,30,134,27,195,97,58,151,175,6,1,117,2,169,142,137,158,62,120,3,95,149,107,55,14,13,111,52,148,83,129,24,150,103,105,69,159,40,116,140,99,106,194,180,178,192,10,66,145,102,185,171,0,85,104,17,53,155,146,63,31,183,29,125,190,109,130,5,39,113,43,187,179,96,141,98,114,64,79,177,119,132,75,163,133,81,153,166,189,33,35,36,22,112,93,19,87,121,51];False
2965;6754;9719;[198,29,90,41,127,60,177,47,26,161,115,152,49,54,197,168,74,37,94,118,124,44,34,108,174,196,167,15,156,21,73,82,131,110,181,68,123,45,138,126,143,160,173,18,199,12,7,136,89,46,164,4,84,122,25,23,77,57,186,170,176,72,154,172,59,11,182,139,135,191,48,50,56,92,147,67,32,61,38,165,193,9,190,16,91,88,70,71,162,20,188,144,184,8,157,78,128,101,86,76,80,100,30,134,27,195,97,58,151,175,6,1,117,2,169,142,137,158,62,120,3,95,149,107,55,14,13,111,112,148,83,129,24,150,103,140,69,159,40,116,105,99,106,194,180,178,192,10,66,145,102,185,171,0,85,104,17,53,155,146,63,31,183,65,125,28,109,130,5,39,113,43,187,179,96,141,98,114,64,79,42,119,132,75,163,133,81,153,166,189,33,35,36,22,52,93,19,87,121,51];False
2953;6757;9710;[198,29,90,41,127,60,177,47,26,161,115,152,49,54,197,168,74,37,94,118,124,44,34,108,174,196,167,15,156,21,73,82,131,110,181,68,123,45,138,126,143,160,173,18,199,12,7,136,89,46,164,4,84,122,25,23,77,57,186,170,176,72,154,172,59,11,182,139,135,191,48,50,56,92,147,67,32,61,38,165,193,9,33,16,91,88,70,71,162,20,188,144,184,8,157,78,128,101,86,76,80,100,30,134,27,195,97,58,151,175,6,1,117,2,169,142,137,158,62,120,3,95,149,107,55,14,13,111,112,148,83,129,24,150,103,140,69,159,40,116,105,99,106,194,180,178,192,10,66,145,102,185,171,0,85,104,17,53,155,146,63,31,183,65,125,190,109,130,5,39,113,43,187,179,96,141,98,114,64,79,42,119,132,75,163,133,81,153,166,189,28,35,36,22,52,93,19,87,121,51];False
3077;6717;9794;[198,29,90,41,127,60,177,47,26,161,115,152,49,54,197,168,74,37,94,118,124,44,34,108,174,196,167,15,156,21,73,82,131,110,181,68,123,45,138,126,143,160,173,18,199,12,7,136,89,46,164,4,84,122,25,23,77,57,186,170,176,72,154,172,59,11,182,139,135,191,48,50,56,92,147,67,32,61,19,165,193,28,9,16,91,88,70,71,162,20,188,144,184,8,157,78,128,101,86,76,80,100,30,134,27,195,97,58,151,175,6,1,117,2,169,142,137,158,62,120,3,95,149,107,55,14,13,111,52,148,83,129,24,150,103,140,69,159,40,116,105,99,106,194,180,178,192,10,66,145,102,185,171,0,85,104,17,53,155,146,63,31,183,65,125,190,109,130,5,39,113,43,187,179,96,141,98,114,64,79,42,119,132,75,163,133,81,153,166,189,33,35,36,22,112,93,38,87,121,51];False
3046;6726;9772;[198,29,90,41,127,60,177,47,26,161,115,152,49,54,197,168,74,37,94,118,124,44,34,108,174,196,167,15,156,21,73,82,131,110,181,68,123,45,138,126,143,160,173,18,199,12,7,136,89,46,164,4,84,122,25,23,77,57,186,170,176,72,154,172,59,11,182,139,135,191,48,50,56,92,147,67,32,61,38,165,193,9,28,16,91,88,70,71,162,20,188,144,184,8,157,78,128,101,86,76,80,100,30,134,27,195,97,58,151,175,6,1,117,2,169,142,137,158,62,120,3,95,149,107,55,14,13,111,52,148,83,129,24,150,103,140,69,159,40,116,105,99,106,194,180,178,192,10,66,145,102,185,171,0,85,104,17,53,155,146,63,31,183,65,125,190,109,130,5,39,113,43,187,179,96,141,98,114,64,79,42,119,132,75,163,133,81,153,166,189,33,35,36,22,112,93,19,87,121,51];False
3094;6711;9805;[198,29,90,41,127,60,177,47,26,161,115,152,49,54,197,168,74,37,94,118,124,44,34,108,174,196,167,15,156,21,73,82,131,110,181,68,123,45,138,126,143,160,173,18,199,12,7,136,89,46,164,4,84,122,25,23,77,57,186,170,176,72,154,172,59,11,182,139,135,191,48,50,56,92,147,67,32,61,38,165,193,28,9,16,91,88,70,71,162,20,188,144,184,8,157,78,128,101,86,76,80,100,30,134,27,2,97,58,151,175,6,1,117,195,169,142,137,158,62,120,3,95,149,107,55,14,13,111,52,148,83,129,24,150,103,140,69,159,40,116,105,99,106,194,180,178,192,10,66,145,102,185,171,0,85,104,17,53,155,146,63,31,183,65,125,190,109,130,5,39,113,43,187,179,96,141,98,114,64,79,42,119,132,75,163,133,81,153,166,189,33,35,36,22,112,93,19,87,121,51];False
3083;6715;9798;[198,29,90,41,127,60,177,47,26,161,115,152,49,54,197,168,74,37,94,118,124,44,34,108,174,196,167,15,156,21,73,82,131,110,181,68,123,45,138,126,143,160,173,18,199,12,7,136,89,46,164,4,84,122,25,23,77,57,186,170,176,72,154,172,59,11,182,139,135,191,48,50,56,92,147,67,32,61,38,165,193,28,9,16,91,88,70,71,162,20,188,144,184,8,157,78,128,101,86,76,80,100,30,134,27,195,97,58,151,175,6,1,117,2,169,142,163,158,62,120,3,95,149,107,55,14,13,111,52,148,83,129,24,150,103,140,69,159,40,116,105,99,106,194,180,178,192,10,66,145,102,185,171,0,85,104,17,53,155,146,63,31,183,65,125,190,109,130,5,39,113,43,187,179,96,141,98,114,64,79,42,119,132,75,137,133,81,153,166,189,33,35,36,22,112,93,19,87,121,51];False
3129;6696;9825;[198,29,90,41,127,60,177,47,26,161,115,152,49,54,197,168,74,37,94,118,124,44,34,108,174,196,167,15,156,21,73,82,131,110,181,68,123,45,138,126,143,160,173,18,199,12,7,136,89,46,164,4,84,122,25,23,77,57,186,170,176,72,154,172,59,11,182,139,135,191,48,50,56,92,147,67,32,61,38,165,193,28,9,16,91,88,70,71,162,20,188,144,184,8,157,78,128,101,86,76,80,100,30,134,27,195,97,58,151,175,6,1,117,2,169,142,137,158,62,120,3,95,149,107,55,14,13,111,52,148,83,129,24,150,103,105,69,159,40,116,140,99,106,194,180,178,192,10,66,145,102,185,171,0,85,104,17,53,155,146,63,31,183,65,125,190,109,130,5,39,113,43,187,179,96,141,98,114,64,79,42,119,132,75,163,133,81,153,166,189,33,35,36,22,112,93,19,87,121,51];False
3032;6729;9761;[198,29,90,41,127,60,42,47,26,161,115,152,49,54,197,168,74,37,94,118,124,44,34,108,174,196,167,15,156,21,73,82,131,110,181,68,123,45,138,126,143,160,173,18,199,12,7,136,89,46,164,4,84,122,25,23,77,57,186,170,176,72,154,172,59,11,182,139,135,191,48,50,56,92,147,67,32,61,38,165,193,9,190,16,91,88,70,71,162,20,188,144,184,8,157,78,128,101,86,76,80,100,30,134,27,195,97,58,151,175,6,1,117,2,169,142,137,158,62,120,3,95,149,107,55,14,13,111,52,148,83,129,24,150,103,140,69,159,40,116,105,99,106,194,180,178,192,10,66,145,102,185,171,0,85,104,17,53,155,146,63,31,183,65,125,28,109,130,5,39,113,43,187,179,96,141,98,114,64,79,177,119,132,75,163,133,81,153,166,189,33,35,36,22,112,93,19,87,121,51];False
3009;6740;9749;[198,29,90,41,127,60,42,47,26,161,115,152,49,54,197,168,74,37,94,118,124,44,34,108,174,196,167,15,156,21,73,82,131,110,181,68,123,45,138,126,143,160,173,18,199,12,7,136,89,46,164,4,84,122,25,23,77,57,186,170,176,72,154,172,59,11,182,139,135,191,48,50,56,92,147,67,32,61,38,165,193,9,190,16,91,88,70,71,162,20,188,144,184,8,157,78,128,101,86,76,80,100,30,134,27,195,97,58,151,175,6,1,117,2,169,142,137,158,62,120,3,95,149,107,55,14,13,111,112,148,83,129,24,150,103,105,69,159,40,116,140,99,106,194,180,178,192,10,66,145,102,185,171,0,85,104,17,53,155,146,63,31,183,65,125,28,109,130,5,39,113,43,187,179,96,141,98,114,64,79,177,119,132,75,163,133,81,153,166,189,33,35,36,22,52,93,19,87,121,51];False
2931;6765;9696;[198,29,90,41,127,60,42,47,26,161,115,152,49,54,197,168,74,37,94,118,124,44,34,108,174,196,167,15,156,21,73,82,131,110,181,68,123,45,138,126,143,160,173,18,199,12,7,136,89,46,164,4,84,122,25,23,77,57,186,170,176,72,154,172,59,11,182,139,135,191,48,50,56,92,147,67,32,61,38,165,193,9,190,16,91,88,70,71,162,20,188,144,184,8,157,78,128,101,86,76,80,100,30,134,27,195,97,58,151,175,6,1,117,2,169,142,137,158,62,120,3,95,149,107,55,14,13,111,112,148,83,129,24,150,103,140,69,159,40,116,105,99,106,194,180,178,192,10,66,145,102,185,171,0,85,104,17,53,155,146,63,31,183,65,125,28,109,130,5,39,113,43,187,179,96,177,98,114,64,79,141,119,132,75,163,133,81,153,166,189,33,35,36,22,52,93,19,87,121,51];False
2909;6771;9680;[198,29,90,41,127,60,42,47,26,161,115,152,49,54,197,168,74,37,94,118,124,44,34,108,174,196,167,15,156,21,73,82,131,110,181,68,123,45,138,126,143,160,173,18,199,12,7,136,89,46,164,4,84,122,25,23,77,57,186,170,176,72,154,172,59,11,182,139,135,191,48,50,56,92,147,67,32,61,38,165,193,157,33,16,91,88,70,71,162,20,188,144,184,8,9,78,128,101,86,76,80,100,30,134,27,195,97,58,151,175,6,1,117,2,169,142,137,158,62,120,3,95,149,107,55,14,13,111,112,148,83,129,24,150,103,140,69,159,40,116,105,99,106,194,180,178,192,10,66,145,102,185,171,0,85,104,17,53,155,146,63,31,183,65,125,190,109,130,5,39,113,43,187,179,96,141,98,114,64,79,177,119,132,75,163,133,81,153,166,189,28,35,36,22,52,93,19,87,121,51];False
2868;6777;9645;[198,29,90,41,127,60,42,47,26,161,115,152,49,54,197,168,74,37,94,118,124,44,34,108,174,196,167,15,156,21,73,82,131,110,181,68,123,45,138,126,143,160,173,18,199,12,7,136,89,46,164,4,84,122,25,23,77,57,186,170,176,72,154,172,59,11,182,139,135,191,48,50,56,92,147,67,32,61,38,165,193,9,33,16,91,88,70,71,162,20,188,144,184,35,157,78,128,101,86,76,80,100,30,134,27,195,97,58,151,175,6,1,117,2,169,142,137,158,62,120,3,95,149,107,55,14,13,111,112,148,83,129,24,150,103,140,69,159,40,116,105,99,106,194,180,178,192,10,66,145,102,185,171,0,85,104,17,53,155,146,63,31,183,65,125,190,109,130,5,39,113,43,187,179,96,141,98,114,64,79,177,119,132,75,163,133,81,153,166,189,28,8,36,22,52,93,19,87,121,51];False
3020;6732;9752;[198,29,90,41,127,60,42,47,26,161,115,152,49,54,197,168,74,37,94,118,124,44,34,108,174,196,167,15,156,21,73,82,131,110,181,68,123,45,138,126,143,160,173,18,199,12,7,136,89,46,164,4,84,122,25,23,77,57,186,170,176,72,154,172,59,11,182,139,135,191,48,50,56,92,147,67,32,61,38,165,193,9,33,16,91,88,70,71,162,20,188,144,184,8,157,78,128,101,86,76,80,100,30,134,27,195,97,58,151,175,6,1,117,2,169,142,137,158,62,120,3,95,149,107,55,14,13,111,52,148,83,129,24,150,103,140,69,159,40,116,105,99,106,194,180,178,192,10,66,145,102,185,171,0,85,104,17,53,155,146,63,31,183,65,125,190,109,130,5,39,113,43,187,179,96,141,98,114,64,79,177,119,132,75,163,133,81,153,166,189,28,35,36,22,112,93,19,87,121,51];False
2997;6743;9740;[198,29,90,41,127,60,42,47,26,161,115,152,49,54,197,168,74,37,94,118,124,44,34,108,174,196,167,15,156,21,73,82,131,110,181,68,123,45,138,126,143,160,173,18,199,12,7,136,89,46,164,4,84,122,25,23,77,57,186,170,176,72,154,172,59,11,182,139,135,191,48,50,56,92,147,67,32,61,38,165,193,9,33,16,91,88,70,71,162,20,188,144,184,8,157,78,128,101,86,76,80,100,30,134,27,195,97,58,151,175,6,1,117,2,169,142,137,158,62,120,3,95,149,107,55,14,13,111,112,148,83,129,24,150,103,105,69,159,40,116,140,99,106,194,180,178,192,10,66,145,102,185,171,0,85,104,17,53,155,146,63,31,183,65,125,190,109,130,5,39,113,43,187,179,96,141,98,114,64,79,177,119,132,75,163,133,81,153,166,189,28,35,36,22,52,93,19,87,121,51];False
2919;6768;9687;[198,29,90,41,127,60,42,47,26,161,115,152,49,54,197,168,74,37,94,118,124,44,34,108,174,196,167,15,156,21,73,82,131,110,181,68,123,45,138,126,143,160,173,18,199,12,7,136,89,46,164,4,84,122,25,23,77,57,186,170,176,72,154,172,59,11,182,139,135,191,48,50,56,92,147,67,32,61,38,165,193,9,33,16,91,88,70,71,162,20,188,144,184,8,157,78,128,101,86,76,80,100,30,134,27,195,97,58,151,175,6,1,117,2,169,142,137,158,62,120,3,95,149,107,55,14,13,111,112,148,83,129,24,150,103,140,69,159,40,116,105,99,106,194,180,178,192,10,66,145,102,185,171,0,85,104,17,53,155,146,63,31,183,65,125,190,109,130,5,39,113,43,187,179,96,177,98,114,64,79,141,119,132,75,163,133,81,153,166,189,28,35,36,22,52,93,19,87,121,51];False
3099;6710;9809;[198,29,90,41,127,60,42,47,26,161,115,152,49,54,197,168,74,37,94,118,124,44,34,108,174,196,167,15,156,21,73,82,131,110,181,68,140,45,138,126,143,160,173,18,199,12,7,136,89,46,164,4,84,122,25,23,77,57,186,170,176,72,154,172,59,11,182,139,135,191,48,50,56,92,147,67,32,61,38,165,193,28,9,16,91,88,70,71,162,20,188,144,184,8,157,78,128,101,86,76,80,100,30,134,27,195,97,58,151,175,6,1,117,2,169,142,137,158,62,120,3,95,149,107,55,14,13,111,52,148,83,129,24,150,103,105,69,159,40,116,123,99,106,194,180,178,192,10,66,145,102,185,171,0,85,104,17,53,155,146,63,31,183,65,125,190,109,130,5,39,113,43,187,179,96,141,98,114,64,79,177,119,132,75,163,133,81,153,166,189,33,35,36,22,112,93,19,87,121,51];False
3121;6703;9824;[198,29,90,41,127,60,42,47,26,161,115,152,49,54,197,168,74,37,94,118,124,44,34,108,174,196,167,15,156,21,73,82,131,110,181,68,123,45,138,126,143,160,173,18,199,12,7,136,89,46,164,4,84,122,25,23,77,57,186,170,176,72,154,172,59,11,182,139,135,191,48,50,56,92,147,67,32,61,19,165,193,28,9,16,91,88,70,71,162,20,188,144,184,8,157,78,128,101,86,76,80,100,30,134,27,195,97,58,151,175,6,1,117,2,169,142,137,158,62,120,3,95,149,107,55,14,13,111,52,148,83,129,24,150,103,105,69,159,40,116,140,99,106,194,180,178,192,10,66,145,102,185,171,0,85,104,17,53,155,146,63,31,183,65,125,190,109,130,5,39,113,43,187,179,96,141,98,114,64,79,177,119,132,75,163,133,81,153,166,189,33,35,36,22,112,93,38,87,121,51];False
3090;6712;9802;[198,29,90,41,127,60,42,47,26,161,115,152,49,54,197,168,74,37,94,118,124,44,34,108,174,196,167,15,156,21,73,82,131,110,181,68,123,45,138,126,143,160,173,18,199,12,7,136,89,46,164,4,84,122,25,23,77,57,186,170,176,72,154,172,59,11,182,139,135,191,48,50,56,92,147,67,32,61,38,165,193,9,28,16,91,88,70,71,162,20,188,144,184,8,157,78,128,101,86,76,80,100,30,134,27,195,97,58,151,175,6,1,117,2,169,142,137,158,62,120,3,95,149,107,55,14,13,111,52,148,83,129,24,150,103,105,69,159,40,116,140,99,106,194,180,178,192,10,66,145,102,185,171,0,85,104,17,53,155,146,63,31,183,65,125,190,109,130,5,39,113,43,187,179,96,141,98,114,64,79,177,119,132,75,163,133,81,153,166,189,33,35,36,22,112,93,19,87,121,51];False
3127;6701;9828;[198,29,90,41,127,60,42,47,26,161,115,152,49,54,197,168,74,37,94,118,124,44,34,108,174,196,167,15,156,21,73,82,131,110,181,68,123,45,138,126,143,160,173,18,199,12,7,136,89,46,164,4,84,122,25,23,77,57,186,170,176,72,154,172,59,11,182,139,135,191,48,50,56,92,147,67,32,61,38,165,193,28,9,16,91,88,70,71,162,20,188,144,184,8,157,78,128,101,86,76,80,100,30,134,27,195,97,58,151,175,6,1,117,2,169,142,163,158,62,120,3,95,149,107,55,14,13,111,52,148,83,129,24,150,103,105,69,159,40,116,140,99,106,194,180,178,192,10,66,145,102,185,171,0,85,104,17,53,155,146,63,31,183,65,125,190,109,130,5,39,113,43,187,179,96,141,98,114,64,79,177,119,132,75,137,133,81,153,166,189,33,35,36,22,112,93,19,87,121,51];False
3078;6715;9793;[198,29,90,41,127,60,42,47,26,161,115,152,49,54,197,168,74,37,94,118,124,44,34,108,174,196,167,15,156,21,73,82,131,110,181,68,123,45,138,126,143,160,173,18,199,12,7,136,89,46,164,4,84,122,25,23,77,57,186,170,176,72,154,172,59,11,182,139,135,191,48,50,56,92,147,67,32,61,38,165,193,28,9,16,91,88,70,71,162,20,188,144,184,8,157,78,128,101,86,76,80,100,30,134,27,195,97,58,151,175,6,1,117,2,169,142,137,158,62,120,3,95,149,107,55,14,13,111,52,148,83,129,24,150,103,105,69,159,40,104,140,99,106,194,180,178,192,10,66,145,102,185,171,0,85,116,17,53,155,146,63,31,183,65,125,190,109,130,5,39,113,43,187,179,96,141,98,114,64,79,177,119,132,75,163,133,81,153,166,189,33,35,36,22,112,93,19,87,121,51];False
3078;6713;9791;[198,29,90,41,127,60,42,47,26,161,115,152,49,54,197,168,74,37,94,118,124,44,34,108,174,196,167,15,156,21,73,82,131,110,181,68,123,45,138,126,143,160,173,18,199,12,7,136,89,46,164,4,84,122,25,23,77,57,186,170,176,72,154,172,59,11,182,139,135,191,48,50,56,92,147,67,32,61,38,165,193,28,9,16,91,88,70,71,162,20,188,144,184,8,157,78,128,101,86,76,80,100,30,134,27,195,97,58,151,175,6,1,117,2,169,142,137,158,62,120,3,95,149,107,55,14,13,111,52,148,83,129,24,150,103,105,69,159,40,116,104,99,106,194,180,178,192,10,66,145,102,185,171,0,85,140,17,53,155,146,63,31,183,65,125,190,109,130,5,39,113,43,187,179,96,141,98,114,64,79,177,119,132,75,163,133,81,153,166,189,33,35,36,22,112,93,19,87,121,51];False
3095;6707;9802;[198,29,90,41,127,60,42,47,26,161,115,152,49,54,197,168,74,37,94,118,124,44,34,108,174,196,167,15,156,21,73,82,131,110,181,68,123,45,138,126,143,160,173,18,199,12,7,136,89,46,164,4,84,122,25,23,77,57,186,170,176,72,154,172,59,11,182,139,135,191,48,50,56,92,147,67,32,61,38,165,193,28,9,16,91,88,70,71,162,20,188,144,184,8,157,78,128,101,86,76,80,100,30,134,27,195,97,58,151,175,6,1,117,2,169,142,137,158,62,120,3,95,149,107,55,14,13,111,52,148,83,129,24,150,103,105,69,159,40,116,140,99,106,194,180,178,192,10,66,145,102,185,171,0,85,104,17,53,155,146,63,31,183,65,125,190,109,130,5,39,113,43,187,179,96,177,98,114,64,79,141,119,132,75,163,133,81,153,166,189,33,35,36,22,112,93,19,87,121,51];False
3043;6728;9771;[198,29,90,41,127,60,42,47,26,161,115,152,49,54,197,168,74,37,94,118,124,44,34,108,174,196,167,15,156,21,73,82,131,110,181,68,123,45,138,126,143,160,173,18,199,12,7,136,89,46,164,4,84,122,25,23,77,57,186,170,176,72,154,172,59,11,182,139,135,191,48,50,56,92,147,67,32,61,19,165,193,28,9,16,91,88,70,71,162,20,188,144,184,8,157,78,128,101,86,76,80,100,30,134,27,195,97,58,151,175,6,1,117,2,169,142,137,158,62,120,3,95,149,107,55,14,13,111,52,148,83,129,24,150,103,140,69,159,40,116,105,99,106,194,180,178,192,10,66,145,102,185,171,0,85,104,17,53,155,146,63,31,183,65,125,190,109,130,5,39,113,43,187,179,96,177,98,114,64,79,141,119,132,75,163,133,81,153,166,189,33,35,36,22,112,93,38,87,121,51];False
3012;6737;9749;[198,29,90,41,127,60,42,47,26,161,115,152,49,54,197,168,74,37,94,118,124,44,34,108,174,196,167,15,156,21,73,82,131,110,181,68,123,45,138,126,143,160,173,18,199,12,7,136,89,46,164,4,84,122,25,23,77,57,186,170,176,72,154,172,59,11,182,139,135,191,48,50,56,92,147,67,32,61,38,165,193,9,28,16,91,88,70,71,162,20,188,144,184,8,157,78,128,101,86,76,80,100,30,134,27,195,97,58,151,175,6,1,117,2,169,142,137,158,62,120,3,95,149,107,55,14,13,111,52,148,83,129,24,150,103,140,69,159,40,116,105,99,106,194,180,178,192,10,66,145,102,185,171,0,85,104,17,53,155,146,63,31,183,65,125,190,109,130,5,39,113,43,187,179,96,177,98,114,64,79,141,119,132,75,163,133,81,153,166,189,33,35,36,22,112,93,19,87,121,51];False
2977;6749;9726;[198,29,90,41,127,60,42,47,26,161,115,152,49,54,197,168,74,37,94,118,124,44,34,108,174,196,167,15,156,21,73,82,131,110,181,68,123,45,138,126,143,160,173,18,199,12,7,136,89,46,164,4,84,122,25,23,77,57,186,170,176,72,154,172,59,11,182,139,135,191,48,50,56,92,147,67,32,61,38,165,193,28,9,16,91,88,70,71,162,20,188,144,184,8,157,78,128,101,86,76,80,100,30,134,27,195,97,58,151,175,6,1,117,2,169,142,137,158,62,120,3,95,149,107,55,14,13,111,112,148,83,129,24,150,103,105,69,159,40,116,104,99,106,194,180,178,192,10,66,145,102,185,171,0,85,140,17,53,155,146,63,31,183,65,125,190,109,130,5,39,113,43,187,179,96,177,98,114,64,79,141,119,132,75,163,133,81,153,166,189,33,35,36,22,52,93,19,87,121,51];False
2810;6807;9617;[198,155,90,41,127,60,42,119,26,161,115,152,49,54,197,168,74,37,94,118,124,44,34,108,174,196,167,15,156,21,73,82,131,110,181,68,123,45,138,126,143,160,173,18,199,12,7,136,89,46,164,4,84,122,25,23,77,57,186,170,176,72,154,172,59,11,182,139,135,191,48,50,56,92,147,67,32,61,38,165,193,28,9,16,91,88,70,71,162,20,188,144,184,8,157,78,128,101,86,76,80,100,30,134,27,195,97,58,151,175,6,1,117,2,169,142,137,158,62,120,3,95,149,107,55,14,13,111,112,148,83,129,24,150,103,140,69,159,40,116,105,99,106,194,180,178,192,10,66,145,102,185,171,0,85,104,17,53,183,146,63,31,29,65,125,190,109,130,5,39,113,43,187,179,96,141,98,114,64,79,177,47,132,75,163,133,81,153,166,189,33,35,36,22,52,93,19,87,121,51];False
2743;6853;9596;[156,155,90,41,127,60,42,119,26,161,115,152,49,54,197,168,74,37,94,118,124,44,34,198,174,196,167,15,108,21,73,82,131,110,181,68,123,45,138,126,143,160,173,18,199,12,7,136,89,46,164,4,84,122,25,23,77,57,186,170,176,72,154,172,59,11,182,139,135,191,48,50,56,92,147,67,32,61,38,165,193,28,9,16,91,88,70,71,162,20,188,144,184,8,157,78,128,101,86,76,80,100,30,134,27,195,97,58,151,175,6,1,117,2,169,142,137,158,62,120,3,95,149,107,55,14,13,111,112,148,83,129,24,150,103,140,69,159,40,116,105,99,106,194,180,178,192,10,66,145,102,185,171,0,85,104,17,53,183,146,63,31,29,65,125,190,109,130,5,39,113,43,187,179,96,141,98,114,64,79,177,47,132,75,163,133,81,153,166,189,33,35,36,22,52,93,19,87,121,51];False
2776;6844;9620;[108,155,90,41,127,60,42,119,26,161,115,152,49,54,197,168,74,37,94,118,124,44,69,198,174,196,167,15,156,21,73,82,131,110,181,68,123,45,138,126,143,160,173,18,199,12,7,136,89,46,164,4,84,122,25,23,77,57,186,170,176,72,154,172,59,11,182,139,135,191,48,50,56,92,147,67,32,61,38,165,193,28,9,16,91,88,70,71,162,20,188,144,184,8,157,78,128,101,86,76,80,100,30,134,27,195,97,58,151,175,6,1,117,2,169,142,137,158,62,120,3,95,149,107,55,14,13,111,112,148,83,129,24,150,103,140,34,159,40,116,105,99,106,194,180,178,192,10,66,145,102,185,171,0,85,104,17,53,183,146,63,31,29,65,125,190,109,130,5,39,113,43,187,179,96,141,98,114,64,79,177,47,132,75,163,133,81,153,166,189,33,35,36,22,52,93,19,87,121,51];False
2805;6832;9637;[108,155,90,41,127,60,42,119,26,161,115,152,49,54,197,168,74,37,94,118,124,44,34,198,174,196,167,15,156,21,73,82,131,110,181,68,123,45,55,126,143,160,173,18,199,12,7,136,89,46,164,4,84,122,25,23,77,57,186,170,176,72,154,172,59,11,182,139,135,191,48,50,56,92,147,67,32,61,38,165,193,28,9,16,91,88,70,71,162,20,188,144,184,8,157,78,128,101,86,76,80,100,30,134,27,195,97,58,151,175,6,1,117,2,169,142,137,158,62,120,3,95,149,107,138,14,13,111,112,148,83,129,24,150,103,140,69,159,40,116,105,99,106,194,180,178,192,10,66,145,102,185,171,0,85,104,17,53,183,146,63,31,29,65,125,190,109,130,5,39,113,43,187,179,96,141,98,114,64,79,177,47,132,75,163,133,81,153,166,189,33,35,36,22,52,93,19,87,121,51];False
2795;6829;9624;[108,155,90,41,127,60,42,119,26,161,115,152,49,54,197,168,74,37,94,118,124,44,34,198,174,196,167,15,156,21,73,82,131,110,181,68,123,45,138,126,143,160,173,18,199,12,7,136,89,46,164,4,84,122,25,23,77,57,186,170,176,72,154,172,59,11,182,139,135,191,48,50,56,92,147,67,32,61,38,165,193,9,28,16,91,88,70,71,162,20,188,144,184,8,157,78,128,101,86,76,80,100,30,134,27,195,97,58,151,175,6,1,117,2,169,142,137,158,62,120,3,95,149,107,55,14,13,111,112,148,83,129,24,150,103,140,69,159,40,116,105,99,106,194,180,178,192,10,66,145,102,185,171,0,85,104,17,53,183,146,63,31,29,65,125,190,109,130,5,39,113,43,187,179,96,141,98,114,64,79,177,47,132,75,163,133,81,153,166,189,33,35,36,22,52,93,19,87,121,51];False
2701;6881;9582;[108,155,90,41,127,60,42,119,26,161,115,152,49,54,197,168,74,37,94,118,124,44,34,198,174,196,167,15,156,21,73,82,131,110,181,68,123,45,138,126,143,160,173,18,199,12,7,136,89,46,164,4,84,122,25,23,77,57,186,170,176,72,154,172,59,11,182,139,135,191,48,50,56,92,147,67,32,61,38,165,193,28,9,16,91,88,70,71,162,20,188,144,184,146,157,78,128,101,86,76,80,100,30,134,27,195,97,58,151,175,6,1,117,2,169,142,137,158,62,120,3,95,149,107,55,14,13,111,112,148,83,129,24,150,103,140,69,159,40,116,105,99,106,194,180,178,192,10,66,145,102,185,171,0,85,104,17,53,183,8,63,31,29,65,125,190,109,130,5,39,113,43,187,179,96,141,98,114,64,79,177,47,132,75,163,133,81,153,166,189,33,35,36,22,52,93,19,87,121,51];False
2804;6824;9628;[4,183,65,41,127,60,42,119,26,161,115,152,49,54,197,168,74,37,94,118,124,44,34,198,174,196,167,15,156,21,73,82,131,110,181,68,123,45,138,126,143,160,173,18,199,12,7,136,89,46,164,108,84,122,25,23,77,57,186,170,176,72,154,172,59,11,182,139,135,191,48,50,56,92,147,67,32,61,38,165,193,28,9,16,91,88,70,71,162,20,188,144,184,8,157,78,128,101,86,76,80,100,30,134,27,195,97,58,151,175,6,1,117,2,169,142,137,158,62,120,3,95,149,107,55,14,13,111,112,148,83,129,24,150,103,140,69,159,40,116,105,99,106,194,180,178,192,10,66,145,102,185,171,0,85,104,17,53,155,146,63,31,29,90,125,190,109,130,5,39,113,43,187,179,96,141,98,114,64,79,177,47,132,75,163,133,81,153,166,189,33,35,36,22,52,93,19,87,121,51];False
2777;6834;9611;[108,183,65,41,127,60,42,119,26,161,115,152,49,54,197,168,74,37,94,118,124,44,69,198,174,196,167,15,156,21,73,82,131,110,181,68,123,45,138,126,143,160,173,18,199,12,7,136,89,46,164,4,84,122,25,23,77,57,186,170,176,72,154,172,59,11,182,139,135,191,48,50,56,92,147,67,32,61,38,165,193,28,9,16,91,88,70,71,162,20,188,144,184,8,157,78,128,101,86,76,80,100,30,134,27,195,97,58,151,175,6,1,117,2,169,142,137,158,62,120,3,95,149,107,55,14,13,111,112,148,83,129,24,150,103,140,34,159,40,116,105,99,106,194,180,178,192,10,66,145,102,185,171,0,85,104,17,53,155,146,63,31,29,90,125,190,109,130,5,39,113,43,187,179,96,141,98,114,64,79,177,47,132,75,163,133,81,153,166,189,33,35,36,22,52,93,19,87,121,51];False
2806;6822;9628;[108,183,65,41,127,60,42,119,26,161,115,152,49,54,197,168,74,37,94,118,124,44,34,198,174,196,167,15,156,21,73,82,131,110,181,68,123,45,55,126,143,160,173,18,199,12,7,136,89,46,164,4,84,122,25,23,77,57,186,170,176,72,154,172,59,11,182,139,135,191,48,50,56,92,147,67,32,61,38,165,193,28,9,16,91,88,70,71,162,20,188,144,184,8,157,78,128,101,86,76,80,100,30,134,27,195,97,58,151,175,6,1,117,2,169,142,137,158,62,120,3,95,149,107,138,14,13,111,112,148,83,129,24,150,103,140,69,159,40,116,105,99,106,194,180,178,192,10,66,145,102,185,171,0,85,104,17,53,155,146,63,31,29,90,125,190,109,130,5,39,113,43,187,179,96,141,98,114,64,79,177,47,132,75,163,133,81,153,166,189,33,35,36,22,52,93,19,87,121,51];False
2764;6846;9610;[108,183,65,41,127,60,42,119,26,161,115,152,49,54,197,168,74,37,94,118,124,44,34,198,174,196,167,15,156,21,73,82,131,110,181,68,123,45,138,126,143,160,173,18,199,12,7,136,89,46,164,4,84,122,24,23,77,57,186,170,176,72,154,172,59,11,182,139,135,191,48,50,56,92,147,67,32,61,38,165,193,28,9,16,91,88,70,71,162,20,188,144,184,8,157,78,128,101,86,76,80,100,30,134,27,195,97,58,151,175,6,1,117,2,169,142,137,158,62,120,3,95,149,107,55,14,13,111,112,148,83,129,25,150,103,140,69,159,40,116,105,99,106,194,180,178,192,10,66,145,102,185,171,0,85,104,17,53,155,146,63,31,29,90,125,190,109,130,5,39,113,43,187,179,96,141,98,114,64,79,177,47,132,75,163,133,81,153,166,189,33,35,36,22,52,93,19,87,121,51];False
2774;6842;9616;[108,183,65,41,127,60,42,119,26,161,115,152,49,54,197,168,74,37,94,118,124,44,34,198,174,196,167,15,156,21,73,82,131,110,181,68,123,45,138,126,143,160,173,18,199,12,7,136,89,46,164,4,84,122,25,23,77,57,186,170,176,72,154,172,59,11,182,139,135,191,50,48,56,92,147,67,32,61,38,165,193,28,9,16,91,88,70,71,162,20,188,144,184,8,157,78,128,101,86,76,80,100,30,134,27,195,97,58,151,175,6,1,117,2,169,142,137,158,62,120,3,95,149,107,55,14,13,111,112,148,83,129,24,150,103,140,69,159,40,116,105,99,106,194,180,178,192,10,66,145,102,185,171,0,85,104,17,53,155,146,63,31,29,90,125,190,109,130,5,39,113,43,187,179,96,141,98,114,64,79,177,47,132,75,163,133,81,153,166,189,33,35,36,22,52,93,19,87,121,51];False
2767;6842;9609;[108,183,65,41,127,60,42,119,26,161,115,152,49,54,197,168,74,37,94,118,124,44,34,198,174,196,167,15,156,21,73,82,131,110,181,68,123,45,138,126,143,160,173,18,199,12,7,136,89,46,164,4,84,122,25,23,77,57,186,170,176,72,154,172,59,11,182,139,135,191,48,50,56,92,147,67,112,61,38,165,193,28,9,16,91,88,70,71,162,20,188,144,184,8,157,78,128,101,86,76,80,100,30,134,27,195,97,58,151,175,6,1,117,2,169,142,137,158,62,120,3,95,149,107,55,14,13,111,32,148,83,129,24,150,103,140,69,159,40,116,105,99,106,194,180,178,192,10,66,145,102,185,171,0,85,104,17,53,155,146,63,31,29,90,125,190,109,130,5,39,113,43,187,179,96,141,98,114,64,79,177,47,132,75,163,133,81,153,166,189,33,35,36,22,52,93,19,87,121,51];False
2796;6819;9615;[108,183,65,41,127,60,42,119,26,161,115,152,49,54,197,168,74,37,94,118,124,44,34,198,174,196,167,15,156,21,73,82,131,110,181,68,123,45,138,126,143,160,173,18,199,12,7,136,89,46,164,4,84,122,25,23,77,57,186,170,176,72,154,172,59,11,182,139,135,191,48,50,56,92,147,67,32,61,38,165,193,9,28,16,91,88,70,71,162,20,188,144,184,8,157,78,128,101,86,76,80,100,30,134,27,195,97,58,151,175,6,1,117,2,169,142,137,158,62,120,3,95,149,107,55,14,13,111,112,148,83,129,24,150,103,140,69,159,40,116,105,99,106,194,180,178,192,10,66,145,102,185,171,0,85,104,17,53,155,146,63,31,29,90,125,190,109,130,5,39,113,43,187,179,96,141,98,114,64,79,177,47,132,75,163,133,81,153,166,189,33,35,36,22,52,93,19,87,121,51];False
2695;6879;9574;[108,183,65,41,127,60,42,119,26,161,115,152,49,54,197,168,74,37,94,118,124,44,34,198,174,196,167,15,156,21,73,82,131,110,181,68,123,45,138,126,143,160,173,18,199,12,7,136,89,46,164,4,84,122,25,23,77,57,186,170,176,72,154,172,59,11,182,139,135,191,48,50,56,92,147,67,32,61,38,165,193,28,9,16,91,88,70,71,162,20,188,144,184,8,63,78,128,101,86,76,80,100,30,134,27,195,97,58,151,175,6,1,117,2,169,142,137,158,62,120,3,95,149,107,55,14,13,111,112,148,83,129,24,150,103,140,69,159,40,116,105,99,106,194,180,178,192,10,66,145,102,185,171,0,85,104,17,53,155,146,157,31,29,90,125,190,109,130,5,39,113,43,187,179,96,141,98,114,64,79,177,47,132,75,163,133,81,153,166,189,33,35,36,22,52,93,19,87,121,51];False
2996;6745;9741;[198,29,90,41,127,60,42,119,26,161,115,152,49,54,197,168,74,37,94,118,124,44,34,108,174,196,167,15,156,21,73,82,131,110,181,68,123,45,138,126,143,160,173,18,199,12,7,136,89,46,164,4,84,122,25,23,77,57,186,170,176,72,154,172,59,11,182,139,135,191,48,50,56,92,147,67,32,61,38,165,193,157,190,16,91,88,70,71,162,20,188,144,184,8,9,78,128,101,86,76,80,100,30,134,27,195,97,58,151,175,6,1,117,2,169,142,137,158,62,120,3,95,149,107,55,14,13,111,52,148,83,129,24,150,103,140,69,159,40,116,105,99,106,194,180,178,192,10,66,145,102,185,171,0,85,104,17,53,155,146,63,31,183,65,125,28,109,130,5,39,113,43,187,179,96,141,98,114,64,79,177,47,132,75,163,133,81,153,166,189,33,35,36,22,112,93,19,87,121,51];False
3049;6724;9773;[198,29,90,41,127,60,42,119,26,161,115,152,49,54,197,168,74,37,94,118,124,44,34,108,174,196,167,15,156,21,73,82,131,110,181,68,123,45,138,126,143,160,173,18,199,12,7,136,89,46,164,4,84,122,25,23,77,57,186,170,176,72,154,172,59,11,182,139,135,191,48,50,56,92,147,67,32,61,38,165,193,9,190,16,91,88,70,71,162,20,188,144,184,8,157,78,128,101,86,76,80,100,30,134,27,195,97,58,151,175,6,1,117,2,169,142,137,158,62,120,3,95,149,107,55,14,13,111,52,148,83,129,24,150,103,105,69,159,40,116,140,99,106,194,180,178,192,10,66,145,102,185,171,0,85,104,17,53,155,146,63,31,183,65,125,28,109,130,5,39,113,43,187,179,96,141,98,114,64,79,177,47,132,75,163,133,81,153,166,189,33,35,36,22,112,93,19,87,121,51];False
2801;6811;9612;[198,29,90,41,127,60,42,119,26,161,115,152,49,54,197,168,74,37,94,118,124,44,34,108,8,196,167,15,156,21,73,82,131,110,181,68,123,45,138,126,143,160,173,18,199,12,7,136,89,46,164,4,84,122,25,23,77,57,186,170,176,72,154,172,59,11,182,139,135,191,48,50,56,92,147,67,32,61,38,165,193,157,33,16,91,88,70,71,162,20,188,144,184,174,9,78,128,101,86,76,80,100,30,134,27,195,97,58,151,175,6,1,117,2,169,142,137,158,62,120,3,95,149,107,55,14,13,111,112,148,83,129,24,150,103,140,69,159,40,116,105,99,106,194,180,178,192,10,66,145,102,185,171,0,85,104,17,53,155,146,63,31,183,65,125,190,109,130,5,39,113,43,187,179,96,141,98,114,64,79,177,47,132,75,163,133,81,153,166,189,28,35,36,22,52,93,19,87,121,51];False
2949;6755;9704;[198,29,90,41,127,60,42,119,26,161,115,152,49,54,197,168,74,37,94,118,124,44,34,108,174,196,167,15,156,21,73,82,131,110,181,68,123,45,138,126,143,160,173,18,199,12,7,136,89,46,164,4,84,122,25,23,77,57,186,170,176,72,154,172,59,11,182,139,135,191,48,50,56,92,147,67,32,61,38,165,193,157,33,16,91,88,70,71,162,20,188,144,184,8,9,78,128,101,86,76,80,100,30,134,27,195,97,58,151,175,6,1,117,2,169,142,137,158,62,120,3,95,149,107,55,14,13,111,52,148,83,129,24,150,103,140,69,159,40,116,105,99,106,194,180,178,192,10,66,145,102,185,171,0,85,104,17,53,155,146,63,31,183,65,125,190,109,130,5,39,113,43,187,179,96,141,98,114,64,79,177,47,132,75,163,133,81,153,166,189,28,35,36,22,112,93,19,87,121,51];False
2926;6766;9692;[198,29,90,41,127,60,42,119,26,161,115,152,49,54,197,168,74,37,94,118,124,44,34,108,174,196,167,15,156,21,73,82,131,110,181,68,123,45,138,126,143,160,173,18,199,12,7,136,89,46,164,4,84,122,25,23,77,57,186,170,176,72,154,172,59,11,182,139,135,191,48,50,56,92,147,67,32,61,38,165,193,157,33,16,91,88,70,71,162,20,188,144,184,8,9,78,128,101,86,76,80,100,30,134,27,195,97,58,151,175,6,1,117,2,169,142,137,158,62,120,3,95,149,107,55,14,13,111,112,148,83,129,24,150,103,105,69,159,40,116,140,99,106,194,180,178,192,10,66,145,102,185,171,0,85,104,17,53,155,146,63,31,183,65,125,190,109,130,5,39,113,43,187,179,96,141,98,114,64,79,177,47,132,75,163,133,81,153,166,189,28,35,36,22,52,93,19,87,121,51];False
2762;6835;9597;[198,183,90,41,127,60,42,119,26,161,115,152,49,54,197,168,74,37,94,118,124,44,34,108,174,196,167,15,156,21,73,82,131,110,181,68,123,45,138,126,143,160,173,18,199,12,7,136,89,46,164,4,84,122,25,23,77,57,186,170,176,72,154,172,59,11,182,139,135,191,48,50,56,92,147,67,32,61,38,165,193,9,33,16,91,88,70,71,162,20,188,144,184,35,157,78,128,101,86,76,80,100,30,134,27,195,97,58,151,175,6,1,117,2,169,142,137,158,62,120,3,95,149,107,55,14,13,111,112,148,83,129,24,150,103,140,69,159,40,116,105,99,106,194,180,178,192,10,66,145,102,185,171,0,85,104,17,53,155,146,63,31,29,65,125,190,109,130,5,39,113,43,187,179,96,141,98,114,64,79,177,47,132,75,163,133,81,153,166,189,28,8,36,22,52,93,19,87,121,51];False
2744;6845;9589;[198,29,90,41,127,60,42,119,26,161,115,152,49,54,197,168,74,37,94,118,124,44,34,108,106,196,167,15,156,21,73,82,131,110,181,68,123,45,138,126,143,160,173,18,199,12,7,136,89,46,164,4,84,122,25,23,77,57,186,170,176,72,154,172,59,11,182,139,135,191,48,50,56,92,147,67,32,61,38,165,193,9,33,16,91,88,70,71,162,20,188,144,184,35,157,78,128,101,86,76,80,100,30,134,27,195,97,58,151,175,6,1,117,2,169,142,137,158,62,120,3,95,149,107,55,14,13,111,112,148,83,129,24,150,103,140,69,159,40,116,105,99,174,194,180,178,192,10,66,145,102,185,171,0,85,104,17,53,155,146,63,31,183,65,125,190,109,130,5,39,113,43,187,179,96,141,98,114,64,79,177,47,132,75,163,133,81,153,166,189,28,8,36,22,52,93,19,87,121,51];False
2785;6832;9617;[198,29,90,41,127,60,42,119,26,161,115,152,49,54,197,168,74,37,94,118,124,44,34,108,17,196,167,15,156,21,73,82,131,110,181,68,123,45,138,126,143,160,173,18,199,12,7,136,89,46,164,4,84,122,25,23,77,57,186,170,176,72,154,172,59,11,182,139,135,191,48,50,56,92,147,67,32,61,38,165,193,9,33,16,91,88,70,71,162,20,188,144,184,35,157,78,128,101,86,76,80,100,30,134,27,195,97,58,151,175,6,1,117,2,169,142,137,158,62,120,3,95,149,107,55,14,13,111,112,148,83,129,24,150,103,140,69,159,40,116,105,99,106,194,180,178,192,10,66,145,102,185,171,0,85,104,174,53,155,146,63,31,183,65,125,190,109,130,5,39,113,43,187,179,96,141,98,114,64,79,177,47,132,75,163,133,81,153,166,189,28,8,36,22,52,93,19,87,121,51];False
2756;6836;9592;[198,29,90,41,127,60,42,119,26,161,115,152,49,54,197,168,74,37,94,118,124,44,34,108,174,196,167,15,156,21,73,82,131,110,25,68,123,45,138,126,143,160,173,18,199,12,7,136,89,46,164,4,84,122,181,23,77,57,186,170,176,72,154,172,59,11,182,139,135,191,48,50,56,92,147,67,32,61,38,165,193,9,33,16,91,88,70,71,162,20,188,144,184,35,157,78,128,101,86,76,80,100,30,134,27,195,97,58,151,175,6,1,117,2,169,142,137,158,62,120,3,95,149,107,55,14,13,111,112,148,83,129,24,150,103,140,69,159,40,116,105,99,106,194,180,178,192,10,66,145,102,185,171,0,85,104,17,53,155,146,63,31,183,65,125,190,109,130,5,39,113,43,187,179,96,141,98,114,64,79,177,47,132,75,163,133,81,153,166,189,28,8,36,22,52,93,19,87,121,51];False
2812;6805;9617;[198,29,90,41,127,60,42,119,26,161,115,152,49,54,197,168,74,37,94,118,124,44,34,108,174,196,167,15,156,21,73,82,131,110,181,68,123,45,55,126,143,160,173,18,199,12,7,136,89,46,164,4,84,122,25,23,77,57,186,170,176,72,154,172,59,11,182,139,135,191,48,50,56,92,147,67,32,61,38,165,193,9,33,16,91,88,70,71,162,20,188,144,184,35,157,78,128,101,86,76,80,100,30,134,27,195,97,58,151,175,6,1,117,2,169,142,137,158,62,120,3,95,149,107,138,14,13,111,112,148,83,129,24,150,103,140,69,159,40,116,105,99,106,194,180,178,192,10,66,145,102,185,171,0,85,104,17,53,155,146,63,31,183,65,125,190,109,130,5,39,113,43,187,179,96,141,98,114,64,79,177,47,132,75,163,133,81,153,166,189,28,8,36,22,52,93,19,87,121,51];False
2784;6827;9611;[198,29,90,41,127,60,42,119,26,161,115,152,49,54,197,168,74,37,94,118,124,44,34,108,174,196,167,15,156,21,73,82,131,110,181,68,123,45,138,126,143,160,173,18,199,12,7,136,89,46,164,4,84,113,25,23,77,57,186,170,176,72,154,172,59,11,182,139,135,191,48,50,56,92,147,67,32,61,38,165,193,9,33,16,91,88,70,71,162,20,188,144,184,35,157,78,128,101,86,76,80,100,30,134,27,195,97,58,151,175,6,1,117,2,169,142,137,158,62,120,3,95,149,107,55,14,13,111,112,148,83,129,24,150,103,140,69,159,40,116,105,99,106,194,180,178,192,10,66,145,102,185,171,0,85,104,17,53,155,146,63,31,183,65,125,190,109,130,5,39,122,43,187,179,96,141,98,114,64,79,177,47,132,75,163,133,81,153,166,189,28,8,36,22,52,93,19,87,121,51];False
2770;6829;9599;[198,29,90,41,127,60,42,119,26,161,115,152,49,54,197,168,74,37,94,118,124,44,34,108,174,196,167,15,156,21,73,82,131,110,181,68,123,45,138,126,143,160,173,18,199,12,7,136,89,46,164,4,84,122,24,23,77,57,186,170,176,72,154,172,59,11,182,139,135,191,48,50,56,92,147,67,32,61,38,165,193,9,33,16,91,88,70,71,162,20,188,144,184,35,157,78,128,101,86,76,80,100,30,134,27,195,97,58,151,175,6,1,117,2,169,142,137,158,62,120,3,95,149,107,55,14,13,111,112,148,83,129,25,150,103,140,69,159,40,116,105,99,106,194,180,178,192,10,66,145,102,185,171,0,85,104,17,53,155,146,63,31,183,65,125,190,109,130,5,39,113,43,187,179,96,141,98,114,64,79,177,47,132,75,163,133,81,153,166,189,28,8,36,22,52,93,19,87,121,51];False
2795;6822;9617;[198,29,90,41,127,60,42,119,26,161,115,152,49,54,197,168,74,37,94,118,124,44,34,108,174,196,167,15,156,21,73,82,131,110,181,68,123,45,138,126,143,160,173,18,199,12,7,136,89,46,164,4,84,122,25,23,77,57,186,170,176,72,150,172,59,11,182,139,135,191,48,50,56,92,147,67,32,61,38,165,193,9,33,16,91,88,70,71,162,20,188,144,184,35,157,78,128,101,86,76,80,100,30,134,27,195,97,58,151,175,6,1,117,2,169,142,137,158,62,120,3,95,149,107,55,14,13,111,112,148,83,129,24,154,103,140,69,159,40,116,105,99,106,194,180,178,192,10,66,145,102,185,171,0,85,104,17,53,155,146,63,31,183,65,125,190,109,130,5,39,113,43,187,179,96,141,98,114,64,79,177,47,132,75,163,133,81,153,166,189,28,8,36,22,52,93,19,87,121,51];False
2780;6825;9605;[198,29,90,41,127,60,42,119,26,161,115,152,49,54,197,168,74,37,94,118,124,44,34,108,174,196,167,15,156,21,73,82,131,110,181,68,123,45,138,126,143,160,173,18,199,12,7,136,89,46,164,4,84,122,25,23,77,57,186,170,176,72,154,172,59,11,182,139,135,191,50,48,56,92,147,67,32,61,38,165,193,9,33,16,91,88,70,71,162,20,188,144,184,35,157,78,128,101,86,76,80,100,30,134,27,195,97,58,151,175,6,1,117,2,169,142,137,158,62,120,3,95,149,107,55,14,13,111,112,148,83,129,24,150,103,140,69,159,40,116,105,99,106,194,180,178,192,10,66,145,102,185,171,0,85,104,17,53,155,146,63,31,183,65,125,190,109,130,5,39,113,43,187,179,96,141,98,114,64,79,177,47,132,75,163,133,81,153,166,189,28,8,36,22,52,93,19,87,121,51];False
2773;6825;9598;[198,29,90,41,127,60,42,119,26,161,115,152,49,54,197,168,74,37,94,118,124,44,34,108,174,196,167,15,156,21,73,82,131,110,181,68,123,45,138,126,143,160,173,18,199,12,7,136,89,46,164,4,84,122,25,23,77,57,186,170,176,72,154,172,59,11,182,139,135,191,48,50,56,92,147,67,112,61,38,165,193,9,33,16,91,88,70,71,162,20,188,144,184,35,157,78,128,101,86,76,80,100,30,134,27,195,97,58,151,175,6,1,117,2,169,142,137,158,62,120,3,95,149,107,55,14,13,111,32,148,83,129,24,150,103,140,69,159,40,116,105,99,106,194,180,178,192,10,66,145,102,185,171,0,85,104,17,53,155,146,63,31,183,65,125,190,109,130,5,39,113,43,187,179,96,141,98,114,64,79,177,47,132,75,163,133,81,153,166,189,28,8,36,22,52,93,19,87,121,51];False
2833;6793;9626;[198,29,90,41,127,60,42,119,26,161,115,152,49,54,197,168,74,37,94,118,124,44,34,108,174,196,167,15,156,21,73,82,131,110,181,68,123,45,138,126,143,160,173,18,199,12,7,136,89,46,164,4,84,122,25,23,77,57,186,170,176,72,154,172,59,11,182,139,135,191,48,50,56,92,147,67,32,61,19,165,193,9,33,16,91,88,70,71,162,20,188,144,184,35,157,78,128,101,86,76,80,100,30,134,27,195,97,58,151,175,6,1,117,2,169,142,137,158,62,120,3,95,149,107,55,14,13,111,112,148,83,129,24,150,103,140,69,159,40,116,105,99,106,194,180,178,192,10,66,145,102,185,171,0,85,104,17,53,155,146,63,31,183,65,125,190,109,130,5,39,113,43,187,179,96,141,98,114,64,79,177,47,132,75,163,133,81,153,166,189,28,8,36,22,52,93,38,87,121,51];False
2850;6787;9637;[198,29,90,41,127,60,42,119,26,161,115,152,49,54,197,168,74,37,94,118,124,44,34,108,174,196,167,15,156,21,73,82,131,110,181,68,123,45,138,126,143,160,173,18,199,12,7,136,89,46,164,4,84,122,25,23,77,57,186,170,176,72,154,172,59,11,182,139,135,191,48,50,56,92,147,67,32,61,38,165,193,9,33,16,91,88,70,71,162,20,188,144,184,35,157,78,128,101,86,76,80,100,30,134,27,2,97,58,151,175,6,1,117,195,169,142,137,158,62,120,3,95,149,107,55,14,13,111,112,148,83,129,24,150,103,140,69,159,40,116,105,99,106,194,180,178,192,10,66,145,102,185,171,0,85,104,17,53,155,146,63,31,183,65,125,190,109,130,5,39,113,43,187,179,96,141,98,114,64,79,177,47,132,75,163,133,81,153,166,189,28,8,36,22,52,93,19,87,121,51];False
2839;6791;9630;[198,29,90,41,127,60,42,119,26,161,115,152,49,54,197,168,74,37,94,118,124,44,34,108,174,196,167,15,156,21,73,82,131,110,181,68,123,45,138,126,143,160,173,18,199,12,7,136,89,46,164,4,84,122,25,23,77,57,186,170,176,72,154,172,59,11,182,139,135,191,48,50,56,92,147,67,32,61,38,165,193,9,33,16,91,88,70,71,162,20,188,144,184,35,157,78,128,101,86,76,80,100,30,134,27,195,97,58,151,175,6,1,117,2,169,142,163,158,62,120,3,95,149,107,55,14,13,111,112,148,83,129,24,150,103,140,69,159,40,116,105,99,106,194,180,178,192,10,66,145,102,185,171,0,85,104,17,53,155,146,63,31,183,65,125,190,109,130,5,39,113,43,187,179,96,141,98,114,64,79,177,47,132,75,137,133,81,153,166,189,28,8,36,22,52,93,19,87,121,51];False
2908;6761;9669;[198,29,90,41,127,60,42,119,26,161,115,152,49,54,197,168,74,37,94,118,124,44,34,108,174,196,167,15,156,21,73,82,131,110,181,68,123,45,138,126,143,160,173,18,199,12,7,136,89,46,164,4,84,122,25,23,77,57,186,170,176,72,154,172,59,11,182,139,135,191,48,50,56,92,147,67,32,61,38,165,193,9,33,16,91,88,70,71,162,20,188,144,184,35,157,78,128,101,86,76,80,100,30,134,27,195,97,58,151,175,6,1,117,2,169,142,137,158,62,120,3,95,149,107,55,14,13,111,52,148,83,129,24,150,103,140,69,159,40,116,105,99,106,194,180,178,192,10,66,145,102,185,171,0,85,104,17,53,155,146,63,31,183,65,125,190,109,130,5,39,113,43,187,179,96,141,98,114,64,79,177,47,132,75,163,133,81,153,166,189,28,8,36,22,112,93,19,87,121,51];False
2885;6772;9657;[198,29,90,41,127,60,42,119,26,161,115,152,49,54,197,168,74,37,94,118,124,44,34,108,174,196,167,15,156,21,73,82,131,110,181,68,123,45,138,126,143,160,173,18,199,12,7,136,89,46,164,4,84,122,25,23,77,57,186,170,176,72,154,172,59,11,182,139,135,191,48,50,56,92,147,67,32,61,38,165,193,9,33,16,91,88,70,71,162,20,188,144,184,35,157,78,128,101,86,76,80,100,30,134,27,195,97,58,151,175,6,1,117,2,169,142,137,158,62,120,3,95,149,107,55,14,13,111,112,148,83,129,24,150,103,105,69,159,40,116,140,99,106,194,180,178,192,10,66,145,102,185,171,0,85,104,17,53,155,146,63,31,183,65,125,190,109,130,5,39,113,43,187,179,96,141,98,114,64,79,177,47,132,75,163,133,81,153,166,189,28,8,36,22,52,93,19,87,121,51];False
2780;6824;9604;[198,29,90,41,127,60,42,119,26,161,115,152,49,54,197,168,74,37,94,118,124,44,34,108,174,196,167,15,156,21,73,82,131,110,181,68,123,45,138,126,143,160,173,18,199,12,7,136,89,46,164,4,84,122,25,23,77,57,186,170,176,72,154,172,59,11,182,139,135,191,48,50,56,92,147,67,32,61,38,165,193,9,33,16,91,88,70,71,162,20,188,144,184,35,157,78,128,101,86,76,80,100,30,134,27,195,97,58,151,175,6,1,117,2,169,142,137,158,62,120,3,95,149,107,55,14,13,111,112,148,83,129,24,150,103,140,69,159,8,116,105,99,106,194,180,178,192,10,66,145,102,185,171,0,85,104,17,53,155,146,63,31,183,65,125,190,109,130,5,39,113,43,187,179,96,141,98,114,64,79,177,47,132,75,163,133,81,153,166,189,28,40,36,22,52,93,19,87,121,51];False
2991;6746;9737;[198,29,90,41,127,60,42,119,26,161,115,152,49,54,197,168,74,37,94,118,124,44,34,108,174,196,167,15,156,21,73,82,131,110,181,68,123,45,138,126,143,160,173,18,199,12,7,136,89,46,164,4,84,122,25,23,77,57,186,170,176,72,154,172,59,11,182,139,135,191,48,50,56,92,147,67,32,61,38,165,193,9,33,16,91,88,70,71,162,20,188,144,184,8,157,78,128,101,86,76,80,100,30,134,27,195,97,58,151,175,6,1,117,2,169,142,163,158,62,120,3,95,149,107,55,14,13,111,52,148,83,129,24,150,103,140,69,159,40,116,105,99,106,194,180,178,192,10,66,145,102,185,171,0,85,104,17,53,155,146,63,31,183,65,125,190,109,130,5,39,113,43,187,179,96,141,98,114,64,79,177,47,132,75,137,133,81,153,166,189,28,35,36,22,112,93,19,87,121,51];False
3037;6727;9764;[198,29,90,41,127,60,42,119,26,161,115,152,49,54,197,168,74,37,94,118,124,44,34,108,174,196,167,15,156,21,73,82,131,110,181,68,123,45,138,126,143,160,173,18,199,12,7,136,89,46,164,4,84,122,25,23,77,57,186,170,176,72,154,172,59,11,182,139,135,191,48,50,56,92,147,67,32,61,38,165,193,9,33,16,91,88,70,71,162,20,188,144,184,8,157,78,128,101,86,76,80,100,30,134,27,195,97,58,151,175,6,1,117,2,169,142,137,158,62,120,3,95,149,107,55,14,13,111,52,148,83,129,24,150,103,105,69,159,40,116,140,99,106,194,180,178,192,10,66,145,102,185,171,0,85,104,17,53,155,146,63,31,183,65,125,190,109,130,5,39,113,43,187,179,96,141,98,114,64,79,177,47,132,75,163,133,81,153,166,189,28,35,36,22,112,93,19,87,121,51];False
3167;6688;9855;[198,174,90,41,127,60,42,47,26,161,115,152,49,54,197,123,74,37,94,118,124,168,34,108,44,196,167,15,156,21,73,82,131,110,181,68,9,45,138,126,143,160,173,18,199,12,7,136,89,46,164,4,84,122,25,23,77,57,186,170,176,72,154,172,59,11,182,139,135,191,48,50,56,92,147,67,32,61,38,165,193,28,65,16,91,88,70,71,162,20,188,144,184,8,157,78,128,101,86,76,80,100,30,134,27,195,97,58,151,175,6,1,117,2,169,142,137,158,62,120,3,95,149,107,55,14,13,111,52,148,83,129,24,150,103,105,69,159,40,116,104,99,106,194,180,178,192,10,66,145,102,185,171,0,85,140,17,53,155,146,63,31,183,29,125,190,109,130,5,39,113,43,187,179,96,141,98,114,64,79,177,119,132,75,163,133,81,153,166,189,33,35,36,22,112,93,19,87,121,51];False
3058;6719;9777;[198,29,90,41,127,60,177,47,26,161,115,152,49,54,197,168,74,37,94,118,124,44,34,108,174,196,167,15,156,21,73,82,131,110,181,68,123,45,138,126,143,160,173,18,199,12,7,136,89,46,164,4,84,122,25,23,77,57,186,170,176,72,154,172,59,11,182,139,135,191,48,50,56,92,147,67,32,61,38,165,193,9,190,16,91,88,70,71,162,20,188,144,184,8,157,78,128,101,86,76,80,100,30,134,27,195,97,58,151,175,6,1,117,2,169,142,137,158,62,120,3,95,149,107,55,14,13,111,52,148,83,129,24,150,103,140,69,159,40,116,105,99,106,194,180,178,192,10,66,145,102,185,171,0,85,104,17,53,155,146,63,31,183,65,125,28,109,130,5,39,113,43,187,179,96,141,98,114,64,79,42,119,132,75,163,133,81,153,166,189,33,35,36,22,112,93,19,87,121,51];False
3147;6693;9840;[198,29,90,41,127,60,177,47,26,161,115,152,49,54,197,168,74,37,94,118,124,44,34,108,174,196,167,15,156,21,73,82,131,110,181,68,123,45,138,126,143,160,173,18,199,12,7,136,89,46,164,4,84,122,25,23,77,57,186,170,176,72,154,172,59,11,182,139,135,191,48,50,56,92,147,67,32,61,19,165,193,28,9,16,91,88,70,71,162,20,188,144,184,8,157,78,128,101,86,76,80,100,30,134,27,195,97,58,151,175,6,1,117,2,169,142,137,158,62,120,3,95,149,107,55,14,13,111,52,148,83,129,24,150,103,105,69,159,40,116,140,99,106,194,180,178,192,10,66,145,102,185,171,0,85,104,17,53,155,146,63,31,183,65,125,190,109,130,5,39,113,43,187,179,96,141,98,114,64,79,42,119,132,75,163,133,81,153,166,189,33,35,36,22,112,93,38,87,121,51];False
3046;6722;9768;[198,29,90,41,127,60,177,47,26,161,115,152,49,54,197,168,74,37,94,118,124,44,34,108,174,196,167,15,156,21,73,82,131,110,181,68,123,45,138,126,143,160,173,18,199,12,7,136,89,46,164,4,84,122,25,23,77,57,186,170,176,72,154,172,59,11,182,139,135,191,48,50,56,92,147,67,32,61,38,165,193,9,33,16,91,88,70,71,162,20,188,144,184,8,157,78,128,101,86,76,80,100,30,134,27,195,97,58,151,175,6,1,117,2,169,142,137,158,62,120,3,95,149,107,55,14,13,111,52,148,83,129,24,150,103,140,69,159,40,116,105,99,106,194,180,178,192,10,66,145,102,185,171,0,85,104,17,53,155,146,63,31,183,65,125,190,109,130,5,39,113,43,187,179,96,141,98,114,64,79,42,119,132,75,163,133,81,153,166,189,28,35,36,22,112,93,19,87,121,51];False
3164;6687;9851;[198,29,90,41,127,60,177,47,26,161,115,152,49,54,197,168,74,37,94,118,124,44,34,108,174,196,167,15,156,21,73,82,131,110,181,68,123,45,138,126,143,160,173,18,199,12,7,136,89,46,164,4,84,122,25,23,77,57,186,170,176,72,154,172,59,11,182,139,135,191,48,50,56,92,147,67,32,61,38,165,193,28,9,16,91,88,70,71,162,20,188,144,184,8,157,78,128,101,86,76,80,100,30,134,27,2,97,58,151,175,6,1,117,195,169,142,137,158,62,120,3,95,149,107,55,14,13,111,52,148,83,129,24,150,103,105,69,159,40,116,140,99,106,194,180,178,192,10,66,145,102,185,171,0,85,104,17,53,155,146,63,31,183,65,125,190,109,130,5,39,113,43,187,179,96,141,98,114,64,79,42,119,132,75,163,133,81,153,166,189,33,35,36,22,112,93,19,87,121,51];False
3125;6700;9825;[198,29,90,41,127,60,177,47,26,161,115,152,49,54,197,168,74,37,94,118,124,44,34,108,174,196,167,15,156,21,73,82,131,110,181,68,140,45,138,126,143,160,173,18,199,12,7,136,89,46,164,4,84,122,25,23,77,57,186,170,176,72,154,172,59,11,182,139,135,191,48,50,56,92,147,67,32,61,38,165,193,28,9,16,91,88,70,71,162,20,188,144,184,8,157,78,128,101,86,76,80,100,30,134,27,195,97,58,151,175,6,1,117,2,169,142,137,158,62,120,3,95,149,107,55,14,13,111,52,148,83,129,24,150,103,105,69,159,40,116,123,99,106,194,180,178,192,10,66,145,102,185,171,0,85,104,17,53,155,146,63,31,183,65,125,190,109,130,5,39,113,43,187,179,96,141,98,114,64,79,42,119,132,75,163,133,81,153,166,189,33,35,36,22,112,93,19,87,121,51];False
3116;6702;9818;[198,29,90,41,127,60,177,47,26,161,115,152,49,54,197,168,74,37,94,118,124,44,34,108,174,196,167,15,156,21,73,82,131,110,181,68,123,45,138,126,143,160,173,18,199,12,7,136,89,46,164,4,84,122,25,23,77,57,186,170,176,72,154,172,59,11,182,139,135,191,48,50,56,92,147,67,32,61,38,165,193,9,28,16,91,88,70,71,162,20,188,144,184,8,157,78,128,101,86,76,80,100,30,134,27,195,97,58,151,175,6,1,117,2,169,142,137,158,62,120,3,95,149,107,55,14,13,111,52,148,83,129,24,150,103,105,69,159,40,116,140,99,106,194,180,178,192,10,66,145,102,185,171,0,85,104,17,53,155,146,63,31,183,65,125,190,109,130,5,39,113,43,187,179,96,141,98,114,64,79,42,119,132,75,163,133,81,153,166,189,33,35,36,22,112,93,19,87,121,51];False
3153;6691;9844;[198,29,90,41,127,60,177,47,26,161,115,152,49,54,197,168,74,37,94,118,124,44,34,108,174,196,167,15,156,21,73,82,131,110,181,68,123,45,138,126,143,160,173,18,199,12,7,136,89,46,164,4,84,122,25,23,77,57,186,170,176,72,154,172,59,11,182,139,135,191,48,50,56,92,147,67,32,61,38,165,193,28,9,16,91,88,70,71,162,20,188,144,184,8,157,78,128,101,86,76,80,100,30,134,27,195,97,58,151,175,6,1,117,2,169,142,163,158,62,120,3,95,149,107,55,14,13,111,52,148,83,129,24,150,103,105,69,159,40,116,140,99,106,194,180,178,192,10,66,145,102,185,171,0,85,104,17,53,155,146,63,31,183,65,125,190,109,130,5,39,113,43,187,179,96,141,98,114,64,79,42,119,132,75,137,133,81,153,166,189,33,35,36,22,112,93,19,87,121,51];False
3104;6705;9809;[198,29,90,41,127,60,177,47,26,161,115,152,49,54,197,168,74,37,94,118,124,44,34,108,174,196,167,15,156,21,73,82,131,110,181,68,123,45,138,126,143,160,173,18,199,12,7,136,89,46,164,4,84,122,25,23,77,57,186,170,176,72,154,172,59,11,182,139,135,191,48,50,56,92,147,67,32,61,38,165,193,28,9,16,91,88,70,71,162,20,188,144,184,8,157,78,128,101,86,76,80,100,30,134,27,195,97,58,151,175,6,1,117,2,169,142,137,158,62,120,3,95,149,107,55,14,13,111,52,148,83,129,24,150,103,105,69,159,40,104,140,99,106,194,180,178,192,10,66,145,102,185,171,0,85,116,17,53,155,146,63,31,183,65,125,190,109,130,5,39,113,43,187,179,96,141,98,114,64,79,42,119,132,75,163,133,81,153,166,189,33,35,36,22,112,93,19,87,121,51];False
3104;6703;9807;[198,29,90,41,127,60,177,47,26,161,115,152,49,54,197,168,74,37,94,118,124,44,34,108,174,196,167,15,156,21,73,82,131,110,181,68,123,45,138,126,143,160,173,18,199,12,7,136,89,46,164,4,84,122,25,23,77,57,186,170,176,72,154,172,59,11,182,139,135,191,48,50,56,92,147,67,32,61,38,165,193,28,9,16,91,88,70,71,162,20,188,144,184,8,157,78,128,101,86,76,80,100,30,134,27,195,97,58,151,175,6,1,117,2,169,142,137,158,62,120,3,95,149,107,55,14,13,111,52,148,83,129,24,150,103,105,69,159,40,116,104,99,106,194,180,178,192,10,66,145,102,185,171,0,85,140,17,53,155,146,63,31,183,65,125,190,109,130,5,39,113,43,187,179,96,141,98,114,64,79,42,119,132,75,163,133,81,153,166,189,33,35,36,22,112,93,19,87,121,51];False
3102;6705;9807;[198,29,90,41,127,60,42,47,26,161,115,152,49,54,197,168,74,37,94,118,124,44,34,108,174,196,167,15,156,21,73,82,131,110,181,68,123,45,138,126,143,160,173,18,199,12,7,136,89,46,164,4,84,122,25,23,77,57,186,170,176,72,154,172,59,11,182,139,135,191,48,50,56,92,147,67,32,61,38,165,193,9,190,16,91,88,70,71,162,20,188,144,184,8,157,78,128,101,86,76,80,100,30,134,27,195,97,58,151,175,6,1,117,2,169,142,137,158,62,120,3,95,149,107,55,14,13,111,52,148,83,129,24,150,103,105,69,159,40,116,140,99,106,194,180,178,192,10,66,145,102,185,171,0,85,104,17,53,155,146,63,31,183,65,125,28,109,130,5,39,113,43,187,179,96,141,98,114,64,79,177,119,132,75,163,133,81,153,166,189,33,35,36,22,112,93,19,87,121,51];False
3024;6730;9754;[198,29,90,41,127,60,42,47,26,161,115,152,49,54,197,168,74,37,94,118,124,44,34,108,174,196,167,15,156,21,73,82,131,110,181,68,123,45,138,126,143,160,173,18,199,12,7,136,89,46,164,4,84,122,25,23,77,57,186,170,176,72,154,172,59,11,182,139,135,191,48,50,56,92,147,67,32,61,38,165,193,9,190,16,91,88,70,71,162,20,188,144,184,8,157,78,128,101,86,76,80,100,30,134,27,195,97,58,151,175,6,1,117,2,169,142,137,158,62,120,3,95,149,107,55,14,13,111,52,148,83,129,24,150,103,140,69,159,40,116,105,99,106,194,180,178,192,10,66,145,102,185,171,0,85,104,17,53,155,146,63,31,183,65,125,28,109,130,5,39,113,43,187,179,96,177,98,114,64,79,141,119,132,75,163,133,81,153,166,189,33,35,36,22,112,93,19,87,121,51];False
2984;6747;9731;[198,29,90,41,127,60,42,47,26,161,115,152,49,54,197,168,74,37,94,118,124,44,34,108,174,196,167,15,156,21,73,82,131,110,181,68,123,45,138,126,143,160,173,18,199,12,7,136,89,46,164,4,84,122,25,23,77,57,186,170,176,72,154,172,59,11,182,139,135,191,48,50,56,92,147,67,32,61,38,165,193,9,190,16,91,88,70,71,162,20,188,144,184,8,157,78,128,101,86,76,80,100,30,134,27,195,97,58,151,175,6,1,117,2,169,142,137,158,62,120,3,95,149,107,55,14,13,111,112,148,83,129,24,150,103,105,69,159,40,116,104,99,106,194,180,178,192,10,66,145,102,185,171,0,85,140,17,53,155,146,63,31,183,65,125,28,109,130,5,39,113,43,187,179,96,141,98,114,64,79,177,119,132,75,163,133,81,153,166,189,33,35,36,22,52,93,19,87,121,51];False
3001;6741;9742;[198,29,90,41,127,60,42,47,26,161,115,152,49,54,197,168,74,37,94,118,124,44,34,108,174,196,167,15,156,21,73,82,131,110,181,68,123,45,138,126,143,160,173,18,199,12,7,136,89,46,164,4,84,122,25,23,77,57,186,170,176,72,154,172,59,11,182,139,135,191,48,50,56,92,147,67,32,61,38,165,193,9,190,16,91,88,70,71,162,20,188,144,184,8,157,78,128,101,86,76,80,100,30,134,27,195,97,58,151,175,6,1,117,2,169,142,137,158,62,120,3,95,149,107,55,14,13,111,112,148,83,129,24,150,103,105,69,159,40,116,140,99,106,194,180,178,192,10,66,145,102,185,171,0,85,104,17,53,155,146,63,31,183,65,125,28,109,130,5,39,113,43,187,179,96,177,98,114,64,79,141,119,132,75,163,133,81,153,166,189,33,35,36,22,52,93,19,87,121,51];False
2894;6767;9661;[198,29,90,41,127,60,177,47,26,161,115,152,49,54,197,168,74,37,94,118,124,44,34,108,174,196,167,15,156,21,73,82,131,110,181,68,123,45,138,126,143,160,173,18,199,12,7,136,89,46,164,4,84,122,25,23,77,57,186,170,176,72,154,172,59,11,182,139,135,191,48,50,56,92,147,67,32,61,38,165,193,9,33,16,91,88,70,71,162,20,188,144,184,35,157,78,128,101,86,76,80,100,30,134,27,195,97,58,151,175,6,1,117,2,169,142,137,158,62,120,3,95,149,107,55,14,13,111,112,148,83,129,24,150,103,140,69,159,40,116,105,99,106,194,180,178,192,10,66,145,102,185,171,0,85,104,17,53,155,146,63,31,183,65,125,190,109,130,5,39,113,43,187,179,96,141,98,114,64,79,42,119,132,75,163,133,81,153,166,189,28,8,36,22,52,93,19,87,121,51];False
2865;6786;9651;[198,29,90,41,127,60,42,47,26,161,115,152,49,54,197,168,74,37,94,118,124,44,34,108,174,196,167,15,156,21,73,82,131,110,181,68,123,45,55,126,143,160,173,18,199,12,7,136,89,46,164,4,84,122,25,23,77,57,186,170,176,72,154,172,59,11,182,139,135,191,48,50,56,92,147,67,32,61,38,165,193,9,33,16,91,88,70,71,162,20,188,144,184,35,157,78,128,101,86,76,80,100,30,134,27,195,97,58,151,175,6,1,117,2,169,142,137,158,62,120,3,95,149,107,138,14,13,111,112,148,83,129,24,150,103,140,69,159,40,116,105,99,106,194,180,178,192,10,66,145,102,185,171,0,85,104,17,53,155,146,63,31,183,65,125,190,109,130,5,39,113,43,187,179,96,141,98,114,64,79,177,119,132,75,163,133,81,153,166,189,28,8,36,22,52,93,19,87,121,51];False
2961;6742;9703;[198,29,90,41,127,60,42,47,26,161,115,152,49,54,197,168,74,37,94,118,124,44,34,108,174,196,167,15,156,21,73,82,131,110,181,68,123,45,138,126,143,160,173,18,199,12,7,136,89,46,164,4,84,122,25,23,77,57,186,170,176,72,154,172,59,11,182,139,135,191,48,50,56,92,147,67,32,61,38,165,193,9,33,16,91,88,70,71,162,20,188,144,184,35,157,78,128,101,86,76,80,100,30,134,27,195,97,58,151,175,6,1,117,2,169,142,137,158,62,120,3,95,149,107,55,14,13,111,52,148,83,129,24,150,103,140,69,159,40,116,105,99,106,194,180,178,192,10,66,145,102,185,171,0,85,104,17,53,155,146,63,31,183,65,125,190,109,130,5,39,113,43,187,179,96,141,98,114,64,79,177,119,132,75,163,133,81,153,166,189,28,8,36,22,112,93,19,87,121,51];False
2938;6753;9691;[198,29,90,41,127,60,42,47,26,161,115,152,49,54,197,168,74,37,94,118,124,44,34,108,174,196,167,15,156,21,73,82,131,110,181,68,123,45,138,126,143,160,173,18,199,12,7,136,89,46,164,4,84,122,25,23,77,57,186,170,176,72,154,172,59,11,182,139,135,191,48,50,56,92,147,67,32,61,38,165,193,9,33,16,91,88,70,71,162,20,188,144,184,35,157,78,128,101,86,76,80,100,30,134,27,195,97,58,151,175,6,1,117,2,169,142,137,158,62,120,3,95,149,107,55,14,13,111,112,148,83,129,24,150,103,105,69,159,40,116,140,99,106,194,180,178,192,10,66,145,102,185,171,0,85,104,17,53,155,146,63,31,183,65,125,190,109,130,5,39,113,43,187,179,96,141,98,114,64,79,177,119,132,75,163,133,81,153,166,189,28,8,36,22,52,93,19,87,121,51];False
2860;6778;9638;[198,29,90,41,127,60,42,47,26,161,115,152,49,54,197,168,74,37,94,118,124,44,34,108,174,196,167,15,156,21,73,82,131,110,181,68,123,45,138,126,143,160,173,18,199,12,7,136,89,46,164,4,84,122,25,23,77,57,186,170,176,72,154,172,59,11,182,139,135,191,48,50,56,92,147,67,32,61,38,165,193,9,33,16,91,88,70,71,162,20,188,144,184,35,157,78,128,101,86,76,80,100,30,134,27,195,97,58,151,175,6,1,117,2,169,142,137,158,62,120,3,95,149,107,55,14,13,111,112,148,83,129,24,150,103,140,69,159,40,116,105,99,106,194,180,178,192,10,66,145,102,185,171,0,85,104,17,53,155,146,63,31,183,65,125,190,109,130,5,39,113,43,187,179,96,177,98,114,64,79,141,119,132,75,163,133,81,153,166,189,28,8,36,22,52,93,19,87,121,51];False
3002;6736;9738;[198,29,90,41,127,60,42,47,26,161,115,152,49,54,197,168,74,37,94,118,124,44,34,108,174,196,167,15,156,21,73,82,131,110,181,68,123,45,138,126,143,160,173,18,199,12,7,136,89,46,164,4,84,122,25,23,77,57,186,170,176,72,154,172,59,11,182,139,135,191,48,50,56,92,147,67,32,61,38,165,193,157,33,16,91,88,70,71,162,20,188,144,184,8,9,78,128,101,86,76,80,100,30,134,27,195,97,58,151,175,6,1,117,2,169,142,137,158,62,120,3,95,149,107,55,14,13,111,52,148,83,129,24,150,103,140,69,159,40,116,105,99,106,194,180,178,192,10,66,145,102,185,171,0,85,104,17,53,155,146,63,31,183,65,125,190,109,130,5,39,113,43,187,179,96,141,98,114,64,79,177,119,132,75,163,133,81,153,166,189,28,35,36,22,112,93,19,87,121,51];False
3090;6708;9798;[198,29,90,41,127,60,42,47,26,161,115,152,49,54,197,168,74,37,94,118,124,44,34,108,174,196,167,15,156,21,73,82,131,110,181,68,123,45,138,126,143,160,173,18,199,12,7,136,89,46,164,4,84,122,25,23,77,57,186,170,176,72,154,172,59,11,182,139,135,191,48,50,56,92,147,67,32,61,38,165,193,9,33,16,91,88,70,71,162,20,188,144,184,8,157,78,128,101,86,76,80,100,30,134,27,195,97,58,151,175,6,1,117,2,169,142,137,158,62,120,3,95,149,107,55,14,13,111,52,148,83,129,24,150,103,105,69,159,40,116,140,99,106,194,180,178,192,10,66,145,102,185,171,0,85,104,17,53,155,146,63,31,183,65,125,190,109,130,5,39,113,43,187,179,96,141,98,114,64,79,177,119,132,75,163,133,81,153,166,189,28,35,36,22,112,93,19,87,121,51];False
3074;6718;9792;[198,29,90,41,127,60,42,47,26,161,115,152,49,54,197,168,74,37,94,118,124,44,34,108,174,196,167,15,156,21,73,82,131,110,181,68,123,45,138,126,143,160,173,18,199,12,7,136,89,46,164,4,84,122,25,23,77,57,186,170,176,72,154,172,59,11,182,139,135,191,48,50,56,92,147,67,32,61,38,165,193,9,33,16,91,88,70,71,162,20,188,144,184,8,157,78,128,101,86,76,80,100,30,134,27,195,97,58,151,175,6,1,117,2,169,142,137,158,62,120,3,95,149,107,55,14,13,111,52,148,83,129,24,150,103,140,69,159,40,116,105,99,106,194,180,178,192,109,66,145,102,185,171,0,85,104,17,53,155,146,63,31,183,65,125,190,10,130,5,39,113,43,187,179,96,141,98,114,64,79,177,119,132,75,163,133,81,153,166,189,28,35,36,22,112,93,19,87,121,51];False
3012;6733;9745;[198,29,90,41,127,60,42,47,26,161,115,152,49,54,197,168,74,37,94,118,124,44,34,108,174,196,167,15,156,21,73,82,131,110,181,68,123,45,138,126,143,160,173,18,199,12,7,136,89,46,164,4,84,122,25,23,77,57,186,170,176,72,154,172,59,11,182,139,135,191,48,50,56,92,147,67,32,61,38,165,193,9,33,16,91,88,70,71,162,20,188,144,184,8,157,78,128,101,86,76,80,100,30,134,27,195,97,58,151,175,6,1,117,2,169,142,137,158,62,120,3,95,149,107,55,14,13,111,52,148,83,129,24,150,103,140,69,159,40,116,105,99,106,194,180,178,192,10,66,145,102,185,171,0,85,104,17,53,155,146,63,31,183,65,125,190,109,130,5,39,113,43,187,179,96,177,98,114,64,79,141,119,132,75,163,133,81,153,166,189,28,35,36,22,112,93,19,87,121,51];False
3070;6714;9784;[198,29,90,41,127,60,42,47,26,161,115,152,49,54,197,168,74,37,94,118,124,44,34,108,174,196,167,15,156,21,73,82,131,110,181,68,123,45,138,126,143,160,173,18,199,12,7,136,89,46,164,4,84,122,25,23,77,57,186,170,176,72,154,172,59,11,182,139,135,191,48,50,56,92,147,67,32,61,38,165,193,28,9,16,91,88,70,71,162,20,188,144,184,8,157,78,128,101,86,76,80,100,30,134,27,195,97,58,151,175,6,1,117,2,169,142,137,158,62,120,3,95,149,107,55,14,13,111,52,148,83,129,24,150,103,105,69,159,40,116,104,99,106,194,180,178,192,10,66,145,102,185,171,0,85,140,17,53,155,146,63,31,183,65,125,190,109,130,5,39,113,43,187,179,96,177,98,114,64,79,141,119,132,75,163,133,81,153,166,189,33,35,36,22,112,93,19,87,121,51];False
2739;6866;9605;[198,155,90,41,127,60,42,119,26,161,115,152,49,54,197,168,74,37,94,118,124,44,34,108,156,196,167,15,174,21,73,82,131,110,181,68,123,45,138,126,143,160,173,18,199,12,7,136,89,46,164,4,84,122,25,23,77,57,186,170,176,72,154,172,59,11,182,139,135,191,48,50,56,92,147,67,32,61,38,165,193,28,9,16,91,88,70,71,162,20,188,144,184,8,157,78,128,101,86,76,80,100,30,134,27,195,97,58,151,175,6,1,117,2,169,142,137,158,62,120,3,95,149,107,55,14,13,111,112,148,83,129,24,150,103,140,69,159,40,116,105,99,106,194,180,178,192,10,66,145,102,185,171,0,85,104,17,53,183,146,63,31,29,65,125,190,109,130,5,39,113,43,187,179,96,141,98,114,64,79,177,47,132,75,163,133,81,153,166,189,33,35,36,22,52,93,19,87,121,51];False
2739;6856;9595;[198,155,90,41,127,60,42,119,26,161,115,152,49,54,197,168,74,37,94,118,124,44,34,108,106,196,167,15,156,21,73,82,131,110,181,68,123,45,138,126,143,160,173,18,199,12,7,136,89,46,164,4,84,122,25,23,77,57,186,170,176,72,154,172,59,11,182,139,135,191,48,50,56,92,147,67,32,61,38,165,193,28,9,16,91,88,70,71,162,20,188,144,184,8,157,78,128,101,86,76,80,100,30,134,27,195,97,58,151,175,6,1,117,2,169,142,137,158,62,120,3,95,149,107,55,14,13,111,112,148,83,129,24,150,103,140,69,159,40,116,105,99,174,194,180,178,192,10,66,145,102,185,171,0,85,104,17,53,183,146,63,31,29,65,125,190,109,130,5,39,113,43,187,179,96,141,98,114,64,79,177,47,132,75,163,133,81,153,166,189,33,35,36,22,52,93,19,87,121,51];False
2725;6865;9590;[198,155,90,41,127,60,42,119,26,161,115,152,49,54,197,168,74,37,94,118,124,44,34,108,146,196,167,15,156,21,73,82,131,110,181,68,123,45,138,126,143,160,173,18,199,12,7,136,89,46,164,4,84,122,25,23,77,57,186,170,176,72,154,172,59,11,182,139,135,191,48,50,56,92,147,67,32,61,38,165,193,28,9,16,91,88,70,71,162,20,188,144,184,8,157,78,128,101,86,76,80,100,30,134,27,195,97,58,151,175,6,1,117,2,169,142,137,158,62,120,3,95,149,107,55,14,13,111,112,148,83,129,24,150,103,140,69,159,40,116,105,99,106,194,180,178,192,10,66,145,102,185,171,0,85,104,17,53,183,174,63,31,29,65,125,190,109,130,5,39,113,43,187,179,96,141,98,114,64,79,177,47,132,75,163,133,81,153,166,189,33,35,36,22,52,93,19,87,121,51];False
2797;6813;9610;[198,155,90,41,127,60,42,119,26,161,115,152,49,54,197,168,74,37,94,118,124,44,34,108,174,196,167,15,156,21,73,82,131,110,181,68,123,45,138,126,143,160,173,18,199,12,7,136,89,46,164,4,84,122,25,23,77,57,186,170,176,72,154,172,59,11,182,139,135,191,48,50,56,92,147,67,32,61,38,165,193,9,28,16,91,88,70,71,162,20,188,144,184,8,157,78,128,101,86,76,80,100,30,134,27,195,97,58,151,175,6,1,117,2,169,142,137,158,62,120,3,95,149,107,55,14,13,111,112,148,83,129,24,150,103,140,69,159,40,116,105,99,106,194,180,178,192,10,66,145,102,185,171,0,85,104,17,53,183,146,63,31,29,65,125,190,109,130,5,39,113,43,187,179,96,141,98,114,64,79,177,47,132,75,163,133,81,153,166,189,33,35,36,22,52,93,19,87,121,51];False
2703;6865;9568;[198,155,90,41,127,60,42,119,26,161,115,152,49,54,197,168,74,37,94,118,124,44,34,108,174,196,167,15,156,21,73,82,131,110,181,68,123,45,138,126,143,160,173,18,199,12,7,136,89,46,164,4,84,122,25,23,77,57,186,170,176,72,154,172,59,11,182,139,135,191,48,50,56,92,147,67,32,61,38,165,193,28,9,16,91,88,70,71,162,20,188,144,184,146,157,78,128,101,86,76,80,100,30,134,27,195,97,58,151,175,6,1,117,2,169,142,137,158,62,120,3,95,149,107,55,14,13,111,112,148,83,129,24,150,103,140,69,159,40,116,105,99,106,194,180,178,192,10,66,145,102,185,171,0,85,104,17,53,183,8,63,31,29,65,125,190,109,130,5,39,113,43,187,179,96,141,98,114,64,79,177,47,132,75,163,133,81,153,166,189,33,35,36,22,52,93,19,87,121,51];False
2696;6873;9569;[198,155,90,41,127,60,42,119,26,161,115,152,49,54,197,168,74,37,94,118,124,44,34,108,174,196,167,15,156,21,73,82,131,110,181,68,123,45,138,126,143,160,173,18,199,12,7,136,89,46,164,4,84,122,25,23,77,57,186,170,176,72,154,172,59,11,182,139,135,191,48,50,56,92,147,67,32,61,38,165,193,28,9,16,91,88,70,71,162,20,188,144,184,8,63,78,128,101,86,76,80,100,30,134,27,195,97,58,151,175,6,1,117,2,169,142,137,158,62,120,3,95,149,107,55,14,13,111,112,148,83,129,24,150,103,140,69,159,40,116,105,99,106,194,180,178,192,10,66,145,102,185,171,0,85,104,17,53,183,146,157,31,29,65,125,190,109,130,5,39,113,43,187,179,96,141,98,114,64,79,177,47,132,75,163,133,81,153,166,189,33,35,36,22,52,93,19,87,121,51];False
2730;6859;9589;[156,155,90,41,127,60,42,119,26,161,115,152,49,54,197,168,74,37,94,118,124,44,34,198,174,196,167,15,108,21,73,82,131,110,181,68,123,45,138,126,143,160,173,18,199,12,7,136,89,46,164,4,84,122,25,23,77,57,186,170,176,72,154,172,59,11,182,139,135,191,48,50,56,92,147,67,32,61,38,165,193,9,28,16,91,88,70,71,162,20,188,144,184,8,157,78,128,101,86,76,80,100,30,134,27,195,97,58,151,175,6,1,117,2,169,142,137,158,62,120,3,95,149,107,55,14,13,111,112,148,83,129,24,150,103,140,69,159,40,116,105,99,106,194,180,178,192,10,66,145,102,185,171,0,85,104,17,53,183,146,63,31,29,65,125,190,109,130,5,39,113,43,187,179,96,141,98,114,64,79,177,47,132,75,163,133,81,153,166,189,33,35,36,22,52,93,19,87,121,51];False
2796;6815;9611;[108,183,65,41,127,60,42,119,26,161,115,152,49,54,197,168,74,37,94,118,124,44,34,198,174,196,167,15,156,21,73,82,131,110,181,68,123,45,138,126,143,160,173,18,199,12,7,136,89,46,164,4,84,122,25,23,77,57,186,170,176,72,154,172,59,11,182,139,135,191,48,50,56,92,147,67,32,61,38,165,193,9,33,16,91,88,70,71,162,20,188,144,184,8,157,78,128,101,86,76,80,100,30,134,27,195,97,58,151,175,6,1,117,2,169,142,137,158,62,120,3,95,149,107,55,14,13,111,112,148,83,129,24,150,103,140,69,159,40,116,105,99,106,194,180,178,192,10,66,145,102,185,171,0,85,104,17,53,155,146,63,31,29,90,125,190,109,130,5,39,113,43,187,179,96,141,98,114,64,79,177,47,132,75,163,133,81,153,166,189,28,35,36,22,52,93,19,87,121,51];False
2682;6885;9567;[108,183,65,41,127,60,42,119,26,161,115,152,49,54,197,168,74,37,94,118,124,44,34,198,174,196,167,15,156,21,73,82,131,110,181,68,123,45,138,126,143,160,173,18,199,12,7,136,89,46,164,4,84,122,25,23,77,57,186,170,176,72,154,172,59,11,182,139,135,191,48,50,56,92,147,67,32,61,38,165,193,9,28,16,91,88,70,71,162,20,188,144,184,8,63,78,128,101,86,76,80,100,30,134,27,195,97,58,151,175,6,1,117,2,169,142,137,158,62,120,3,95,149,107,55,14,13,111,112,148,83,129,24,150,103,140,69,159,40,116,105,99,106,194,180,178,192,10,66,145,102,185,171,0,85,104,17,53,155,146,157,31,29,90,125,190,109,130,5,39,113,43,187,179,96,141,98,114,64,79,177,47,132,75,163,133,81,153,166,189,33,35,36,22,52,93,19,87,121,51];False
2814;6804;9618;[198,29,90,41,127,60,42,119,26,161,115,152,49,54,197,168,74,37,94,118,124,44,34,108,35,196,167,15,156,21,73,82,131,110,181,68,123,45,138,126,143,160,173,18,199,12,7,136,89,46,164,4,84,122,25,23,77,57,186,170,176,72,154,172,59,11,182,139,135,191,48,50,56,92,147,67,32,61,38,165,193,157,33,16,91,88,70,71,162,20,188,144,184,174,9,78,128,101,86,76,80,100,30,134,27,195,97,58,151,175,6,1,117,2,169,142,137,158,62,120,3,95,149,107,55,14,13,111,112,148,83,129,24,150,103,140,69,159,40,116,105,99,106,194,180,178,192,10,66,145,102,185,171,0,85,104,17,53,155,146,63,31,183,65,125,190,109,130,5,39,113,43,187,179,96,141,98,114,64,79,177,47,132,75,163,133,81,153,166,189,28,8,36,22,52,93,19,87,121,51];False
2742;6851;9593;[198,29,90,41,127,60,42,119,26,161,115,152,49,54,197,168,74,37,94,118,124,44,34,108,8,196,167,15,156,21,73,82,131,110,25,68,123,45,138,126,143,160,173,18,199,12,7,136,89,46,164,4,84,122,181,23,77,57,186,170,176,72,154,172,59,11,182,139,135,191,48,50,56,92,147,67,32,61,38,165,193,157,33,16,91,88,70,71,162,20,188,144,184,174,9,78,128,101,86,76,80,100,30,134,27,195,97,58,151,175,6,1,117,2,169,142,137,158,62,120,3,95,149,107,55,14,13,111,112,148,83,129,24,150,103,140,69,159,40,116,105,99,106,194,180,178,192,10,66,145,102,185,171,0,85,104,17,53,155,146,63,31,183,65,125,190,109,130,5,39,113,43,187,179,96,141,98,114,64,79,177,47,132,75,163,133,81,153,166,189,28,35,36,22,52,93,19,87,121,51];False
2731;6846;9577;[108,183,90,41,127,60,42,119,26,161,115,152,49,54,197,168,74,37,94,118,124,44,34,198,174,196,167,15,156,21,73,82,131,110,181,68,123,45,138,126,143,160,173,18,199,12,7,136,89,46,164,4,84,122,25,23,77,57,186,170,176,72,154,172,59,11,182,139,135,191,48,50,56,92,147,67,32,61,38,165,193,9,33,16,91,88,70,71,162,20,188,144,184,35,157,78,128,101,86,76,80,100,30,134,27,195,97,58,151,175,6,1,117,2,169,142,137,158,62,120,3,95,149,107,55,14,13,111,112,148,83,129,24,150,103,140,69,159,40,116,105,99,106,194,180,178,192,10,66,145,102,185,171,0,85,104,17,53,155,146,63,31,29,65,125,190,109,130,5,39,113,43,187,179,96,141,98,114,64,79,177,47,132,75,163,133,81,153,166,189,28,8,36,22,52,93,19,87,121,51];False
2760;6827;9587;[198,124,90,41,127,60,42,119,26,161,115,152,49,54,197,168,74,37,94,118,183,44,34,108,174,196,167,15,156,21,73,82,131,110,181,68,123,45,138,126,143,160,173,18,199,12,7,136,89,46,164,4,84,122,25,23,77,57,186,170,176,72,154,172,59,11,182,139,135,191,48,50,56,92,147,67,32,61,38,165,193,9,33,16,91,88,70,71,162,20,188,144,184,35,157,78,128,101,86,76,80,100,30,134,27,195,97,58,151,175,6,1,117,2,169,142,137,158,62,120,3,95,149,107,55,14,13,111,112,148,83,129,24,150,103,140,69,159,40,116,105,99,106,194,180,178,192,10,66,145,102,185,171,0,85,104,17,53,155,146,63,31,29,65,125,190,109,130,5,39,113,43,187,179,96,141,98,114,64,79,177,47,132,75,163,133,81,153,166,189,28,8,36,22,52,93,19,87,121,51];False
2691;6884;9575;[198,183,90,41,127,60,42,119,26,161,115,152,49,54,197,168,74,37,94,118,124,44,34,108,106,196,167,15,156,21,73,82,131,110,181,68,123,45,138,126,143,160,173,18,199,12,7,136,89,46,164,4,84,122,25,23,77,57,186,170,176,72,154,172,59,11,182,139,135,191,48,50,56,92,147,67,32,61,38,165,193,9,33,16,91,88,70,71,162,20,188,144,184,35,157,78,128,101,86,76,80,100,30,134,27,195,97,58,151,175,6,1,117,2,169,142,137,158,62,120,3,95,149,107,55,14,13,111,112,148,83,129,24,150,103,140,69,159,40,116,105,99,174,194,180,178,192,10,66,145,102,185,171,0,85,104,17,53,155,146,63,31,29,65,125,190,109,130,5,39,113,43,187,179,96,141,98,114,64,79,177,47,132,75,163,133,81,153,166,189,28,8,36,22,52,93,19,87,121,51];False
2681;6868;9549;[198,29,90,41,127,60,42,119,26,161,115,152,49,54,197,168,74,37,94,118,124,44,34,108,106,196,167,15,156,21,73,82,131,110,181,68,123,45,138,126,143,160,173,18,199,12,7,136,89,46,164,4,84,122,25,23,77,57,186,170,176,72,154,172,59,11,182,139,135,191,48,194,56,92,147,67,32,61,38,165,193,9,33,16,91,88,70,71,162,20,188,144,184,35,157,78,128,101,86,76,80,100,30,134,27,195,97,58,151,175,6,1,117,2,169,142,137,158,62,120,3,95,149,107,55,14,13,111,112,148,83,129,24,150,103,140,69,159,40,116,105,99,174,50,180,178,192,10,66,145,102,185,171,0,85,104,17,53,155,146,63,31,183,65,125,190,109,130,5,39,113,43,187,179,96,141,98,114,64,79,177,47,132,75,163,133,81,153,166,189,28,8,36,22,52,93,19,87,121,51];False
2721;6864;9585;[198,29,90,41,127,60,42,119,26,161,115,152,49,54,197,168,74,37,94,118,124,44,34,108,174,196,167,15,156,21,73,82,131,110,25,68,123,45,138,126,143,160,173,18,199,12,7,136,89,46,164,4,84,122,181,23,77,57,186,170,176,72,154,172,59,11,182,139,135,191,48,50,56,92,147,67,32,61,38,165,193,9,33,16,91,88,70,71,162,20,188,144,184,35,157,78,128,101,86,76,80,100,30,134,27,195,97,58,151,175,6,1,117,2,169,142,137,158,62,120,3,95,149,107,55,14,13,111,112,148,83,129,24,150,103,140,69,159,8,116,105,99,106,194,180,178,192,10,66,145,102,185,171,0,85,104,17,53,155,146,63,31,183,65,125,190,109,130,5,39,113,43,187,179,96,141,98,114,64,79,177,47,132,75,163,133,81,153,166,189,28,40,36,22,52,93,19,87,121,51];False
2720;6864;9584;[198,183,90,41,127,60,42,119,26,161,115,152,49,54,197,168,74,37,94,118,124,44,34,108,174,196,167,15,156,21,73,82,131,110,181,68,123,45,138,126,143,160,173,18,199,12,7,136,89,46,164,4,84,122,25,23,77,57,186,170,176,72,154,172,59,11,182,139,135,191,48,50,56,92,147,67,112,61,38,165,193,9,33,16,91,88,70,71,162,20,188,144,184,35,157,78,128,101,86,76,80,100,30,134,27,195,97,58,151,175,6,1,117,2,169,142,137,158,62,120,3,95,149,107,55,14,13,111,32,148,83,129,24,150,103,140,69,159,40,116,105,99,106,194,180,178,192,10,66,145,102,185,171,0,85,104,17,53,155,146,63,31,29,65,125,190,109,130,5,39,113,43,187,179,96,141,98,114,64,79,177,47,132,75,163,133,81,153,166,189,28,8,36,22,52,93,19,87,121,51];False
2728;6858;9586;[198,29,90,41,127,60,42,119,26,161,115,152,49,54,197,168,74,37,94,118,124,44,34,108,174,196,167,15,156,21,73,82,131,110,181,68,123,45,138,126,143,160,173,18,199,12,7,136,89,46,164,4,84,122,24,23,77,57,186,170,176,72,154,172,59,11,182,139,135,191,48,50,56,92,147,67,112,61,38,165,193,9,33,16,91,88,70,71,162,20,188,144,184,35,157,78,128,101,86,76,80,100,30,134,27,195,97,58,151,175,6,1,117,2,169,142,137,158,62,120,3,95,149,107,55,14,13,111,32,148,83,129,25,150,103,140,69,159,40,116,105,99,106,194,180,178,192,10,66,145,102,185,171,0,85,104,17,53,155,146,63,31,183,65,125,190,109,130,5,39,113,43,187,179,96,141,98,114,64,79,177,47,132,75,163,133,81,153,166,189,28,8,36,22,52,93,19,87,121,51];False
2791;6822;9613;[198,29,90,41,127,60,42,119,26,161,115,152,49,54,197,168,74,37,94,118,124,44,34,108,174,196,167,15,156,21,73,82,131,110,181,68,123,45,138,126,143,160,173,18,199,12,7,136,89,46,164,4,84,122,25,23,77,57,186,170,176,72,154,172,59,11,182,139,135,191,48,50,56,92,147,67,112,61,19,165,193,9,33,16,91,88,70,71,162,20,188,144,184,35,157,78,128,101,86,76,80,100,30,134,27,195,97,58,151,175,6,1,117,2,169,142,137,158,62,120,3,95,149,107,55,14,13,111,32,148,83,129,24,150,103,140,69,159,40,116,105,99,106,194,180,178,192,10,66,145,102,185,171,0,85,104,17,53,155,146,63,31,183,65,125,190,109,130,5,39,113,43,187,179,96,141,98,114,64,79,177,47,132,75,163,133,81,153,166,189,28,8,36,22,52,93,38,87,121,51];False
2926;6758;9684;[198,29,90,41,127,60,42,119,26,161,115,152,49,54,197,168,74,37,94,118,124,44,34,108,174,196,167,15,156,21,73,82,131,110,181,68,123,45,138,126,143,160,173,18,199,12,7,136,89,46,164,4,84,122,25,23,77,57,186,170,176,72,154,172,59,11,182,139,135,191,48,50,56,92,147,67,32,61,19,165,193,9,33,16,91,88,70,71,162,20,188,144,184,35,157,78,128,101,86,76,80,100,30,134,27,195,97,58,151,175,6,1,117,2,169,142,137,158,62,120,3,95,149,107,55,14,13,111,52,148,83,129,24,150,103,140,69,159,40,116,105,99,106,194,180,178,192,10,66,145,102,185,171,0,85,104,17,53,155,146,63,31,183,65,125,190,109,130,5,39,113,43,187,179,96,141,98,114,64,79,177,47,132,75,163,133,81,153,166,189,28,8,36,22,112,93,38,87,121,51];False
2943;6752;9695;[198,29,90,41,127,60,42,119,26,161,115,152,49,54,197,168,74,37,94,118,124,44,34,108,174,196,167,15,156,21,73,82,131,110,181,68,123,45,138,126,143,160,173,18,199,12,7,136,89,46,164,4,84,122,25,23,77,57,186,170,176,72,154,172,59,11,182,139,135,191,48,50,56,92,147,67,32,61,38,165,193,9,33,16,91,88,70,71,162,20,188,144,184,35,157,78,128,101,86,76,80,100,30,134,27,2,97,58,151,175,6,1,117,195,169,142,137,158,62,120,3,95,149,107,55,14,13,111,52,148,83,129,24,150,103,140,69,159,40,116,105,99,106,194,180,178,192,10,66,145,102,185,171,0,85,104,17,53,155,146,63,31,183,65,125,190,109,130,5,39,113,43,187,179,96,141,98,114,64,79,177,47,132,75,163,133,81,153,166,189,28,8,36,22,112,93,19,87,121,51];False
2932;6756;9688;[198,29,90,41,127,60,42,119,26,161,115,152,49,54,197,168,74,37,94,118,124,44,34,108,174,196,167,15,156,21,73,82,131,110,181,68,123,45,138,126,143,160,173,18,199,12,7,136,89,46,164,4,84,122,25,23,77,57,186,170,176,72,154,172,59,11,182,139,135,191,48,50,56,92,147,67,32,61,38,165,193,9,33,16,91,88,70,71,162,20,188,144,184,35,157,78,128,101,86,76,80,100,30,134,27,195,97,58,151,175,6,1,117,2,169,142,163,158,62,120,3,95,149,107,55,14,13,111,52,148,83,129,24,150,103,140,69,159,40,116,105,99,106,194,180,178,192,10,66,145,102,185,171,0,85,104,17,53,155,146,63,31,183,65,125,190,109,130,5,39,113,43,187,179,96,141,98,114,64,79,177,47,132,75,137,133,81,153,166,189,28,8,36,22,112,93,19,87,121,51];False
2978;6737;9715;[198,29,90,41,127,60,42,119,26,161,115,152,49,54,197,168,74,37,94,118,124,44,34,108,174,196,167,15,156,21,73,82,131,110,181,68,123,45,138,126,143,160,173,18,199,12,7,136,89,46,164,4,84,122,25,23,77,57,186,170,176,72,154,172,59,11,182,139,135,191,48,50,56,92,147,67,32,61,38,165,193,9,33,16,91,88,70,71,162,20,188,144,184,35,157,78,128,101,86,76,80,100,30,134,27,195,97,58,151,175,6,1,117,2,169,142,137,158,62,120,3,95,149,107,55,14,13,111,52,148,83,129,24,150,103,105,69,159,40,116,140,99,106,194,180,178,192,10,66,145,102,185,171,0,85,104,17,53,155,146,63,31,183,65,125,190,109,130,5,39,113,43,187,179,96,141,98,114,64,79,177,47,132,75,163,133,81,153,166,189,28,8,36,22,112,93,19,87,121,51];False
2881;6776;9657;[198,29,90,41,127,60,42,119,26,161,115,152,49,54,197,168,74,37,94,118,124,44,34,108,174,196,167,15,156,21,73,82,131,110,181,68,140,45,138,126,143,160,173,18,199,12,7,136,89,46,164,4,84,122,25,23,77,57,186,170,176,72,154,172,59,11,182,139,135,191,48,50,56,92,147,67,32,61,38,165,193,9,33,16,91,88,70,71,162,20,188,144,184,35,157,78,128,101,86,76,80,100,30,134,27,195,97,58,151,175,6,1,117,2,169,142,137,158,62,120,3,95,149,107,55,14,13,111,112,148,83,129,24,150,103,105,69,159,40,116,123,99,106,194,180,178,192,10,66,145,102,185,171,0,85,104,17,53,155,146,63,31,183,65,125,190,109,130,5,39,113,43,187,179,96,141,98,114,64,79,177,47,132,75,163,133,81,153,166,189,28,8,36,22,52,93,19,87,121,51];False
2727;6863;9590;[198,183,90,41,127,60,42,119,26,161,115,152,49,54,197,168,74,37,94,118,124,44,34,108,174,196,167,15,156,21,73,82,131,110,181,68,123,45,138,126,143,160,173,18,199,12,7,136,89,46,164,4,84,122,25,23,77,57,186,170,176,72,154,172,59,11,182,139,135,191,48,50,56,92,147,67,32,61,38,165,193,9,33,16,91,88,70,71,162,20,188,144,184,35,157,78,128,101,86,76,80,100,30,134,27,195,97,58,151,175,6,1,117,2,169,142,137,158,62,120,3,95,149,107,55,14,13,111,112,148,83,129,24,150,103,140,69,159,8,116,105,99,106,194,180,178,192,10,66,145,102,185,171,0,85,104,17,53,155,146,63,31,29,65,125,190,109,130,5,39,113,43,187,179,96,141,98,114,64,79,177,47,132,75,163,133,81,153,166,189,28,40,36,22,52,93,19,87,121,51];False
2790;6822;9612;[198,29,90,41,127,60,42,119,26,161,115,152,49,54,197,168,74,37,94,118,124,44,34,108,174,196,167,15,156,21,73,82,131,110,181,68,123,45,138,126,143,160,173,18,199,12,7,136,89,46,164,4,84,122,25,23,77,57,186,170,176,72,154,172,59,11,182,139,135,191,48,50,56,92,147,67,32,61,40,165,193,9,33,16,91,88,70,71,162,20,188,144,184,35,157,78,128,101,86,76,80,100,30,134,27,195,97,58,151,175,6,1,117,2,169,142,137,158,62,120,3,95,149,107,55,14,13,111,112,148,83,129,24,150,103,140,69,159,8,116,105,99,106,194,180,178,192,10,66,145,102,185,171,0,85,104,17,53,155,146,63,31,183,65,125,190,109,130,5,39,113,43,187,179,96,141,98,114,64,79,177,47,132,75,163,133,81,153,166,189,28,38,36,22,52,93,19,87,121,51];False
3019;6731;9750;[198,29,90,41,127,60,42,119,26,161,115,152,49,54,197,168,74,37,94,118,124,44,34,108,174,196,167,15,156,21,73,82,131,110,181,68,123,45,138,126,143,160,173,18,199,12,7,136,89,46,164,4,84,122,25,23,77,57,186,170,176,72,154,172,59,11,182,139,135,191,48,50,56,92,147,67,32,61,38,165,193,157,33,16,91,88,70,71,162,20,188,144,184,8,9,78,128,101,86,76,80,100,30,134,27,195,97,58,151,175,6,1,117,2,169,142,137,158,62,120,3,95,149,107,55,14,13,111,52,148,83,129,24,150,103,105,69,159,40,116,140,99,106,194,180,178,192,10,66,145,102,185,171,0,85,104,17,53,155,146,63,31,183,65,125,190,109,130,5,39,113,43,187,179,96,141,98,114,64,79,177,47,132,75,163,133,81,153,166,189,28,35,36,22,112,93,19,87,121,51];False
3128;6695;9823;[198,29,90,41,127,60,177,47,26,161,115,152,49,54,197,168,74,37,94,118,124,44,34,108,174,196,167,15,156,21,73,82,131,110,181,68,123,45,138,126,143,160,173,18,199,12,7,136,89,46,164,4,84,122,25,23,77,57,186,170,176,72,154,172,59,11,182,139,135,191,48,50,56,92,147,67,32,61,38,165,193,9,190,16,91,88,70,71,162,20,188,144,184,8,157,78,128,101,86,76,80,100,30,134,27,195,97,58,151,175,6,1,117,2,169,142,137,158,62,120,3,95,149,107,55,14,13,111,52,148,83,129,24,150,103,105,69,159,40,116,140,99,106,194,180,178,192,10,66,145,102,185,171,0,85,104,17,53,155,146,63,31,183,65,125,28,109,130,5,39,113,43,187,179,96,141,98,114,64,79,42,119,132,75,163,133,81,153,166,189,33,35,36,22,112,93,19,87,121,51];False
3122;6700;9822;[198,29,90,41,127,60,177,47,26,161,115,152,49,54,197,168,74,37,94,118,124,44,34,108,174,196,167,15,156,21,73,82,131,110,181,68,123,45,138,126,143,160,173,18,199,12,7,136,89,46,164,4,84,122,25,23,77,57,186,170,176,72,154,172,59,11,182,139,135,191,48,50,56,92,147,67,32,61,19,165,193,28,9,16,91,88,70,71,162,20,188,144,184,8,157,78,128,101,86,76,80,100,30,134,27,195,97,58,151,175,6,1,117,2,169,142,137,158,62,120,3,95,149,107,55,14,13,111,52,148,83,129,24,150,103,105,69,159,40,116,104,99,106,194,180,178,192,10,66,145,102,185,171,0,85,140,17,53,155,146,63,31,183,65,125,190,109,130,5,39,113,43,187,179,96,141,98,114,64,79,42,119,132,75,163,133,81,153,166,189,33,35,36,22,112,93,38,87,121,51];False
3028;6726;9754;[198,29,90,41,127,60,177,47,26,161,115,152,49,54,197,168,74,37,94,118,124,44,34,108,174,196,167,15,156,21,73,82,131,110,181,68,123,45,138,126,143,160,173,18,199,12,7,136,89,46,164,4,84,122,25,23,77,57,186,170,176,72,154,172,59,11,182,139,135,191,48,50,56,92,147,67,32,61,38,165,193,157,33,16,91,88,70,71,162,20,188,144,184,8,9,78,128,101,86,76,80,100,30,134,27,195,97,58,151,175,6,1,117,2,169,142,137,158,62,120,3,95,149,107,55,14,13,111,52,148,83,129,24,150,103,140,69,159,40,116,105,99,106,194,180,178,192,10,66,145,102,185,171,0,85,104,17,53,155,146,63,31,183,65,125,190,109,130,5,39,113,43,187,179,96,141,98,114,64,79,42,119,132,75,163,133,81,153,166,189,28,35,36,22,112,93,19,87,121,51];False
2987;6732;9719;[198,29,90,41,127,60,177,47,26,161,115,152,49,54,197,168,74,37,94,118,124,44,34,108,174,196,167,15,156,21,73,82,131,110,181,68,123,45,138,126,143,160,173,18,199,12,7,136,89,46,164,4,84,122,25,23,77,57,186,170,176,72,154,172,59,11,182,139,135,191,48,50,56,92,147,67,32,61,38,165,193,9,33,16,91,88,70,71,162,20,188,144,184,35,157,78,128,101,86,76,80,100,30,134,27,195,97,58,151,175,6,1,117,2,169,142,137,158,62,120,3,95,149,107,55,14,13,111,52,148,83,129,24,150,103,140,69,159,40,116,105,99,106,194,180,178,192,10,66,145,102,185,171,0,85,104,17,53,155,146,63,31,183,65,125,190,109,130,5,39,113,43,187,179,96,141,98,114,64,79,42,119,132,75,163,133,81,153,166,189,28,8,36,22,112,93,19,87,121,51];False
3116;6698;9814;[198,29,90,41,127,60,177,47,26,161,115,152,49,54,197,168,74,37,94,118,124,44,34,108,174,196,167,15,156,21,73,82,131,110,181,68,123,45,138,126,143,160,173,18,199,12,7,136,89,46,164,4,84,122,25,23,77,57,186,170,176,72,154,172,59,11,182,139,135,191,48,50,56,92,147,67,32,61,38,165,193,9,33,16,91,88,70,71,162,20,188,144,184,8,157,78,128,101,86,76,80,100,30,134,27,195,97,58,151,175,6,1,117,2,169,142,137,158,62,120,3,95,149,107,55,14,13,111,52,148,83,129,24,150,103,105,69,159,40,116,140,99,106,194,180,178,192,10,66,145,102,185,171,0,85,104,17,53,155,146,63,31,183,65,125,190,109,130,5,39,113,43,187,179,96,141,98,114,64,79,42,119,132,75,163,133,81,153,166,189,28,35,36,22,112,93,19,87,121,51];False
3139;6694;9833;[198,29,90,41,127,60,177,47,26,161,115,152,49,54,197,168,74,37,94,118,124,44,34,108,174,196,167,15,156,21,73,82,131,110,181,68,123,45,138,126,143,160,173,18,199,12,7,136,89,46,164,4,84,122,25,23,77,57,186,170,176,72,154,172,59,11,182,139,135,191,48,50,56,92,147,67,32,61,38,165,193,28,9,16,91,88,70,71,162,20,188,144,184,8,157,78,128,101,86,76,80,100,30,134,27,2,97,58,151,175,6,1,117,195,169,142,137,158,62,120,3,95,149,107,55,14,13,111,52,148,83,129,24,150,103,105,69,159,40,116,104,99,106,194,180,178,192,10,66,145,102,185,171,0,85,140,17,53,155,146,63,31,183,65,125,190,109,130,5,39,113,43,187,179,96,141,98,114,64,79,42,119,132,75,163,133,81,153,166,189,33,35,36,22,112,93,19,87,121,51];False
3158;6689;9847;[198,29,90,41,127,60,177,47,26,161,115,152,49,54,197,168,74,37,94,118,124,44,34,108,174,196,167,15,156,21,73,82,131,110,181,68,123,45,138,126,143,160,173,18,199,12,7,136,89,46,164,4,84,122,25,23,77,57,186,170,176,72,154,172,59,11,182,139,135,191,48,50,56,92,147,67,32,61,38,165,193,28,9,16,91,88,70,71,162,20,188,144,184,8,157,78,128,101,86,76,80,100,30,134,27,195,97,58,151,175,6,1,117,2,169,142,137,158,62,120,3,95,149,107,55,14,13,111,52,148,83,129,24,150,103,105,69,159,40,116,104,99,106,194,180,178,192,109,66,145,102,185,171,0,85,140,17,53,155,146,63,31,183,65,125,190,10,130,5,39,113,43,187,179,96,141,98,114,64,79,42,119,132,75,163,133,81,153,166,189,33,35,36,22,112,93,19,87,121,51];False
3077;6712;9789;[198,29,90,41,127,60,42,47,26,161,115,152,49,54,197,168,74,37,94,118,124,44,34,108,174,196,167,15,156,21,73,82,131,110,181,68,123,45,138,126,143,160,173,18,199,12,7,136,89,46,164,4,84,122,25,23,77,57,186,170,176,72,154,172,59,11,182,139,135,191,48,50,56,92,147,67,32,61,38,165,193,9,190,16,91,88,70,71,162,20,188,144,184,8,157,78,128,101,86,76,80,100,30,134,27,195,97,58,151,175,6,1,117,2,169,142,137,158,62,120,3,95,149,107,55,14,13,111,52,148,83,129,24,150,103,105,69,159,40,116,104,99,106,194,180,178,192,10,66,145,102,185,171,0,85,140,17,53,155,146,63,31,183,65,125,28,109,130,5,39,113,43,187,179,96,141,98,114,64,79,177,119,132,75,163,133,81,153,166,189,33,35,36,22,112,93,19,87,121,51];False
3094;6706;9800;[198,29,90,41,127,60,42,47,26,161,115,152,49,54,197,168,74,37,94,118,124,44,34,108,174,196,167,15,156,21,73,82,131,110,181,68,123,45,138,126,143,160,173,18,199,12,7,136,89,46,164,4,84,122,25,23,77,57,186,170,176,72,154,172,59,11,182,139,135,191,48,50,56,92,147,67,32,61,38,165,193,9,190,16,91,88,70,71,162,20,188,144,184,8,157,78,128,101,86,76,80,100,30,134,27,195,97,58,151,175,6,1,117,2,169,142,137,158,62,120,3,95,149,107,55,14,13,111,52,148,83,129,24,150,103,105,69,159,40,116,140,99,106,194,180,178,192,10,66,145,102,185,171,0,85,104,17,53,155,146,63,31,183,65,125,28,109,130,5,39,113,43,187,179,96,177,98,114,64,79,141,119,132,75,163,133,81,153,166,189,33,35,36,22,112,93,19,87,121,51];False
2958;6751;9709;[198,29,90,41,127,60,42,47,26,161,115,152,49,54,197,168,74,37,94,118,124,44,34,108,174,196,167,15,156,21,73,82,131,110,181,68,123,45,55,126,143,160,173,18,199,12,7,136,89,46,164,4,84,122,25,23,77,57,186,170,176,72,154,172,59,11,182,139,135,191,48,50,56,92,147,67,32,61,38,165,193,9,33,16,91,88,70,71,162,20,188,144,184,35,157,78,128,101,86,76,80,100,30,134,27,195,97,58,151,175,6,1,117,2,169,142,137,158,62,120,3,95,149,107,138,14,13,111,52,148,83,129,24,150,103,140,69,159,40,116,105,99,106,194,180,178,192,10,66,145,102,185,171,0,85,104,17,53,155,146,63,31,183,65,125,190,109,130,5,39,113,43,187,179,96,141,98,114,64,79,177,119,132,75,163,133,81,153,166,189,28,8,36,22,112,93,19,87,121,51];False
3031;6718;9749;[198,29,90,41,127,60,42,47,26,161,115,152,49,54,197,168,74,37,94,118,124,44,34,108,174,196,167,15,156,21,73,82,131,110,181,68,123,45,138,126,143,160,173,18,199,12,7,136,89,46,164,4,84,122,25,23,77,57,186,170,176,72,154,172,59,11,182,139,135,191,48,50,56,92,147,67,32,61,38,165,193,9,33,16,91,88,70,71,162,20,188,144,184,35,157,78,128,101,86,76,80,100,30,134,27,195,97,58,151,175,6,1,117,2,169,142,137,158,62,120,3,95,149,107,55,14,13,111,52,148,83,129,24,150,103,105,69,159,40,116,140,99,106,194,180,178,192,10,66,145,102,185,171,0,85,104,17,53,155,146,63,31,183,65,125,190,109,130,5,39,113,43,187,179,96,141,98,114,64,79,177,119,132,75,163,133,81,153,166,189,28,8,36,22,112,93,19,87,121,51];True
3015;6728;9743;[198,29,90,41,127,60,42,47,26,161,115,152,49,54,197,168,74,37,94,118,124,44,34,108,174,196,167,15,156,21,73,82,131,110,181,68,123,45,138,126,143,160,173,18,199,12,7,136,89,46,164,4,84,122,25,23,77,57,186,170,176,72,154,172,59,11,182,139,135,191,48,50,56,92,147,67,32,61,38,165,193,9,33,16,91,88,70,71,162,20,188,144,184,35,157,78,128,101,86,76,80,100,30,134,27,195,97,58,151,175,6,1,117,2,169,142,137,158,62,120,3,95,149,107,55,14,13,111,52,148,83,129,24,150,103,140,69,159,40,116,105,99,106,194,180,178,192,109,66,145,102,185,171,0,85,104,17,53,155,146,63,31,183,65,125,190,10,130,5,39,113,43,187,179,96,141,98,114,64,79,177,119,132,75,163,133,81,153,166,189,28,8,36,22,112,93,19,87,121,51];False
2953;6743;9696;[198,29,90,41,127,60,42,47,26,161,115,152,49,54,197,168,74,37,94,118,124,44,34,108,174,196,167,15,156,21,73,82,131,110,181,68,123,45,138,126,143,160,173,18,199,12,7,136,89,46,164,4,84,122,25,23,77,57,186,170,176,72,154,172,59,11,182,139,135,191,48,50,56,92,147,67,32,61,38,165,193,9,33,16,91,88,70,71,162,20,188,144,184,35,157,78,128,101,86,76,80,100,30,134,27,195,97,58,151,175,6,1,117,2,169,142,137,158,62,120,3,95,149,107,55,14,13,111,52,148,83,129,24,150,103,140,69,159,40,116,105,99,106,194,180,178,192,10,66,145,102,185,171,0,85,104,17,53,155,146,63,31,183,65,125,190,109,130,5,39,113,43,187,179,96,177,98,114,64,79,141,119,132,75,163,133,81,153,166,189,28,8,36,22,112,93,19,87,121,51];False
2913;6760;9673;[198,29,90,41,127,60,42,47,26,161,115,152,49,54,197,168,74,37,94,118,124,44,34,108,174,196,167,15,156,21,73,82,131,110,181,68,123,45,138,126,143,160,173,18,199,12,7,136,89,46,164,4,84,122,25,23,77,57,186,170,176,72,154,172,59,11,182,139,135,191,48,50,56,92,147,67,32,61,38,165,193,9,33,16,91,88,70,71,162,20,188,144,184,35,157,78,128,101,86,76,80,100,30,134,27,195,97,58,151,175,6,1,117,2,169,142,137,158,62,120,3,95,149,107,55,14,13,111,112,148,83,129,24,150,103,105,69,159,40,116,104,99,106,194,180,178,192,10,66,145,102,185,171,0,85,140,17,53,155,146,63,31,183,65,125,190,109,130,5,39,113,43,187,179,96,141,98,114,64,79,177,119,132,75,163,133,81,153,166,189,28,8,36,22,52,93,19,87,121,51];False
2930;6754;9684;[198,29,90,41,127,60,42,47,26,161,115,152,49,54,197,168,74,37,94,118,124,44,34,108,174,196,167,15,156,21,73,82,131,110,181,68,123,45,138,126,143,160,173,18,199,12,7,136,89,46,164,4,84,122,25,23,77,57,186,170,176,72,154,172,59,11,182,139,135,191,48,50,56,92,147,67,32,61,38,165,193,9,33,16,91,88,70,71,162,20,188,144,184,35,157,78,128,101,86,76,80,100,30,134,27,195,97,58,151,175,6,1,117,2,169,142,137,158,62,120,3,95,149,107,55,14,13,111,112,148,83,129,24,150,103,105,69,159,40,116,140,99,106,194,180,178,192,10,66,145,102,185,171,0,85,104,17,53,155,146,63,31,183,65,125,190,109,130,5,39,113,43,187,179,96,177,98,114,64,79,141,119,132,75,163,133,81,153,166,189,28,8,36,22,52,93,19,87,121,51];False
2878;6775;9653;[198,29,90,41,127,60,42,47,26,161,115,152,49,54,197,168,74,37,94,118,124,44,34,108,174,196,167,15,156,21,73,82,131,110,181,68,123,45,138,126,143,160,173,18,199,12,7,136,89,46,164,4,84,122,25,23,77,57,186,170,176,72,154,172,59,11,182,139,135,191,48,50,56,92,147,67,32,61,19,165,193,9,33,16,91,88,70,71,162,20,188,144,184,35,157,78,128,101,86,76,80,100,30,134,27,195,97,58,151,175,6,1,117,2,169,142,137,158,62,120,3,95,149,107,55,14,13,111,112,148,83,129,24,150,103,140,69,159,40,116,105,99,106,194,180,178,192,10,66,145,102,185,171,0,85,104,17,53,155,146,63,31,183,65,125,190,109,130,5,39,113,43,187,179,96,177,98,114,64,79,141,119,132,75,163,133,81,153,166,189,28,8,36,22,52,93,38,87,121,51];False
2884;6773;9657;[198,29,90,41,127,60,42,47,26,161,115,152,49,54,197,168,74,37,94,118,124,44,34,108,174,196,167,15,156,21,73,82,131,110,181,68,123,45,138,126,143,160,173,18,199,12,7,136,89,46,164,4,84,122,25,23,77,57,186,170,176,72,154,172,59,11,182,139,135,191,48,50,56,92,147,67,32,61,38,165,193,9,33,16,91,88,70,71,162,20,188,144,184,35,157,78,128,101,86,76,80,100,30,134,27,195,97,58,151,175,6,1,117,2,169,142,163,158,62,120,3,95,149,107,55,14,13,111,112,148,83,129,24,150,103,140,69,159,40,116,105,99,106,194,180,178,192,10,66,145,102,185,171,0,85,104,17,53,155,146,63,31,183,65,125,190,109,130,5,39,113,43,187,179,96,177,98,114,64,79,141,119,132,75,137,133,81,153,166,189,28,8,36,22,52,93,19,87,121,51];False
3072;6712;9784;[198,29,90,41,127,60,42,47,26,161,115,152,49,54,197,168,74,37,94,118,124,44,34,108,174,196,167,15,156,21,73,82,131,110,181,68,123,45,138,126,143,160,173,18,199,12,7,136,89,46,164,4,84,122,25,23,77,57,186,170,176,72,154,172,59,11,182,139,135,191,48,50,56,92,147,67,32,61,38,165,193,157,33,16,91,88,70,71,162,20,188,144,184,8,9,78,128,101,86,76,80,100,30,134,27,195,97,58,151,175,6,1,117,2,169,142,137,158,62,120,3,95,149,107,55,14,13,111,52,148,83,129,24,150,103,105,69,159,40,116,140,99,106,194,180,178,192,10,66,145,102,185,171,0,85,104,17,53,155,146,63,31,183,65,125,190,109,130,5,39,113,43,187,179,96,141,98,114,64,79,177,119,132,75,163,133,81,153,166,189,28,35,36,22,112,93,19,87,121,51];False
3065;6717;9782;[198,29,90,41,127,60,42,47,26,161,115,152,49,54,197,168,74,37,94,118,124,44,34,108,174,196,167,15,156,21,73,82,131,110,181,68,123,45,138,126,143,160,173,18,199,12,7,136,89,46,164,4,84,122,25,23,77,57,186,170,176,72,154,172,59,11,182,139,135,191,48,50,56,92,147,67,32,61,38,165,193,9,33,16,91,88,70,71,162,20,188,144,184,8,157,78,128,101,86,76,80,100,30,134,27,195,97,58,151,175,6,1,117,2,169,142,137,158,62,120,3,95,149,107,55,14,13,111,52,148,83,129,24,150,103,105,69,159,40,104,140,99,106,194,180,178,192,10,66,145,102,185,171,0,85,116,17,53,155,146,63,31,183,65,125,190,109,130,5,39,113,43,187,179,96,141,98,114,64,79,177,119,132,75,163,133,81,153,166,189,28,35,36,22,112,93,19,87,121,51];False
3065;6715;9780;[198,29,90,41,127,60,42,47,26,161,115,152,49,54,197,168,74,37,94,118,124,44,34,108,174,196,167,15,156,21,73,82,131,110,181,68,123,45,138,126,143,160,173,18,199,12,7,136,89,46,164,4,84,122,25,23,77,57,186,170,176,72,154,172,59,11,182,139,135,191,48,50,56,92,147,67,32,61,38,165,193,9,33,16,91,88,70,71,162,20,188,144,184,8,157,78,128,101,86,76,80,100,30,134,27,195,97,58,151,175,6,1,117,2,169,142,137,158,62,120,3,95,149,107,55,14,13,111,52,148,83,129,24,150,103,105,69,159,40,116,104,99,106,194,180,178,192,10,66,145,102,185,171,0,85,140,17,53,155,146,63,31,183,65,125,190,109,130,5,39,113,43,187,179,96,141,98,114,64,79,177,119,132,75,163,133,81,153,166,189,28,35,36,22,112,93,19,87,121,51];False
3082;6709;9791;[198,29,90,41,127,60,42,47,26,161,115,152,49,54,197,168,74,37,94,118,124,44,34,108,174,196,167,15,156,21,73,82,131,110,181,68,123,45,138,126,143,160,173,18,199,12,7,136,89,46,164,4,84,122,25,23,77,57,186,170,176,72,154,172,59,11,182,139,135,191,48,50,56,92,147,67,32,61,38,165,193,9,33,16,91,88,70,71,162,20,188,144,184,8,157,78,128,101,86,76,80,100,30,134,27,195,97,58,151,175,6,1,117,2,169,142,137,158,62,120,3,95,149,107,55,14,13,111,52,148,83,129,24,150,103,105,69,159,40,116,140,99,106,194,180,178,192,10,66,145,102,185,171,0,85,104,17,53,155,146,63,31,183,65,125,190,109,130,5,39,113,43,187,179,96,177,98,114,64,79,141,119,132,75,163,133,81,153,166,189,28,35,36,22,112,93,19,87,121,51];False
2726;6862;9588;[198,155,90,41,127,60,42,119,26,161,115,152,49,54,197,168,74,37,94,118,124,44,34,108,106,196,167,15,156,21,73,82,131,110,181,68,123,45,138,126,143,160,173,18,199,12,7,136,89,46,164,4,84,122,25,23,77,57,186,170,176,72,154,172,59,11,182,139,135,191,48,50,56,92,147,67,32,61,38,165,193,9,28,16,91,88,70,71,162,20,188,144,184,8,157,78,128,101,86,76,80,100,30,134,27,195,97,58,151,175,6,1,117,2,169,142,137,158,62,120,3,95,149,107,55,14,13,111,112,148,83,129,24,150,103,140,69,159,40,116,105,99,174,194,180,178,192,10,66,145,102,185,171,0,85,104,17,53,183,146,63,31,29,65,125,190,109,130,5,39,113,43,187,179,96,141,98,114,64,79,177,47,132,75,163,133,81,153,166,189,33,35,36,22,52,93,19,87,121,51];False
2755;6842;9597;[198,155,90,41,127,60,42,119,26,161,115,152,49,54,197,168,74,37,94,118,124,44,34,108,174,196,167,15,156,21,73,82,131,110,181,68,123,45,138,126,143,160,173,18,199,12,7,136,89,46,164,4,84,122,25,23,77,57,186,170,176,72,154,172,59,11,182,139,135,191,48,50,56,92,147,67,112,61,38,165,193,9,28,16,91,88,70,71,162,20,188,144,184,8,157,78,128,101,86,76,80,100,30,134,27,195,97,58,151,175,6,1,117,2,169,142,137,158,62,120,3,95,149,107,55,14,13,111,32,148,83,129,24,150,103,140,69,159,40,116,105,99,106,194,180,178,192,10,66,145,102,185,171,0,85,104,17,53,183,146,63,31,29,65,125,190,109,130,5,39,113,43,187,179,96,141,98,114,64,79,177,47,132,75,163,133,81,153,166,189,33,35,36,22,52,93,19,87,121,51];False
2809;6806;9615;[198,155,90,41,127,60,42,119,26,161,115,152,49,54,197,168,74,37,94,118,124,44,34,108,174,196,167,15,156,21,73,82,131,110,181,68,123,45,138,126,143,160,173,18,199,12,7,136,89,46,164,4,84,122,25,23,77,57,186,170,176,72,154,172,59,11,182,139,135,191,48,50,56,92,147,67,32,61,38,165,193,9,190,16,91,88,70,71,162,20,188,144,184,8,157,78,128,101,86,76,80,100,30,134,27,195,97,58,151,175,6,1,117,2,169,142,137,158,62,120,3,95,149,107,55,14,13,111,112,148,83,129,24,150,103,140,69,159,40,116,105,99,106,194,180,178,192,10,66,145,102,185,171,0,85,104,17,53,183,146,63,31,29,65,125,28,109,130,5,39,113,43,187,179,96,141,98,114,64,79,177,47,132,75,163,133,81,153,166,189,33,35,36,22,52,93,19,87,121,51];False
2797;6809;9606;[198,155,90,41,127,60,42,119,26,161,115,152,49,54,197,168,74,37,94,118,124,44,34,108,174,196,167,15,156,21,73,82,131,110,181,68,123,45,138,126,143,160,173,18,199,12,7,136,89,46,164,4,84,122,25,23,77,57,186,170,176,72,154,172,59,11,182,139,135,191,48,50,56,92,147,67,32,61,38,165,193,9,33,16,91,88,70,71,162,20,188,144,184,8,157,78,128,101,86,76,80,100,30,134,27,195,97,58,151,175,6,1,117,2,169,142,137,158,62,120,3,95,149,107,55,14,13,111,112,148,83,129,24,150,103,140,69,159,40,116,105,99,106,194,180,178,192,10,66,145,102,185,171,0,85,104,17,53,183,146,63,31,29,65,125,190,109,130,5,39,113,43,187,179,96,141,98,114,64,79,177,47,132,75,163,133,81,153,166,189,28,35,36,22,52,93,19,87,121,51];False
2663;6885;9548;[198,155,90,41,127,60,42,119,26,161,115,152,49,54,197,168,74,37,94,118,124,44,34,108,8,196,167,15,156,21,73,82,131,110,181,68,123,45,138,126,143,160,173,18,199,12,7,136,89,46,164,4,84,122,25,23,77,57,186,170,176,72,154,172,59,11,182,139,135,191,48,50,56,92,147,67,32,61,38,165,193,28,9,16,91,88,70,71,162,20,188,144,184,146,157,78,128,101,86,76,80,100,30,134,27,195,97,58,151,175,6,1,117,2,169,142,137,158,62,120,3,95,149,107,55,14,13,111,112,148,83,129,24,150,103,140,69,159,40,116,105,99,106,194,180,178,192,10,66,145,102,185,171,0,85,104,17,53,183,174,63,31,29,65,125,190,109,130,5,39,113,43,187,179,96,141,98,114,64,79,177,47,132,75,163,133,81,153,166,189,33,35,36,22,52,93,19,87,121,51];False
2721;6862;9583;[198,155,90,41,127,60,42,119,26,161,115,152,49,54,197,168,74,37,94,118,124,44,34,108,174,196,167,15,156,21,73,82,131,110,181,68,123,45,138,126,143,160,173,18,199,12,7,136,89,46,164,4,84,122,25,23,77,57,186,170,176,72,154,172,59,11,182,139,135,191,48,50,56,92,147,67,32,61,19,165,193,28,9,16,91,88,70,71,162,20,188,144,184,146,157,78,128,101,86,76,80,100,30,134,27,195,97,58,151,175,6,1,117,2,169,142,137,158,62,120,3,95,149,107,55,14,13,111,112,148,83,129,24,150,103,140,69,159,40,116,105,99,106,194,180,178,192,10,66,145,102,185,171,0,85,104,17,53,183,8,63,31,29,65,125,190,109,130,5,39,113,43,187,179,96,141,98,114,64,79,177,47,132,75,163,133,81,153,166,189,33,35,36,22,52,93,38,87,121,51];False
2727;6860;9587;[198,155,90,41,127,60,42,119,26,161,115,152,49,54,197,168,74,37,94,118,124,44,34,108,174,196,167,15,156,21,73,82,131,110,181,68,123,45,138,126,143,160,173,18,199,12,7,136,89,46,164,4,84,122,25,23,77,57,186,170,176,72,154,172,59,11,182,139,135,191,48,50,56,92,147,67,32,61,38,165,193,28,9,16,91,88,70,71,162,20,188,144,184,146,157,78,128,101,86,76,80,100,30,134,27,195,97,58,151,175,6,1,117,2,169,142,163,158,62,120,3,95,149,107,55,14,13,111,112,148,83,129,24,150,103,140,69,159,40,116,105,99,106,194,180,178,192,10,66,145,102,185,171,0,85,104,17,53,183,8,63,31,29,65,125,190,109,130,5,39,113,43,187,179,96,141,98,114,64,79,177,47,132,75,137,133,81,153,166,189,33,35,36,22,52,93,19,87,121,51];False
2754;6844;9598;[108,183,65,41,127,60,42,119,26,161,115,152,49,54,197,168,74,37,94,118,124,44,34,198,174,196,167,15,156,21,73,82,131,110,181,68,123,45,138,126,143,160,173,18,199,12,7,136,89,46,164,4,84,122,25,23,77,57,186,170,176,72,154,172,59,11,182,139,135,191,48,50,56,92,147,67,112,61,38,165,193,9,33,16,91,88,70,71,162,20,188,144,184,8,157,78,128,101,86,76,80,100,30,134,27,195,97,58,151,175,6,1,117,2,169,142,137,158,62,120,3,95,149,107,55,14,13,111,32,148,83,129,24,150,103,140,69,159,40,116,105,99,106,194,180,178,192,10,66,145,102,185,171,0,85,104,17,53,155,146,63,31,29,90,125,190,109,130,5,39,113,43,187,179,96,141,98,114,64,79,177,47,132,75,163,133,81,153,166,189,28,35,36,22,52,93,19,87,121,51];False
2778;6819;9597;[108,183,65,41,127,60,42,119,26,161,115,152,49,54,197,168,74,37,94,118,124,44,34,198,174,196,167,15,156,21,73,82,131,110,181,68,123,45,138,126,143,160,173,18,199,12,7,136,89,46,164,4,84,122,25,23,77,57,186,170,176,72,154,172,59,11,182,139,135,191,48,50,56,92,147,67,32,61,38,165,193,157,33,16,91,88,70,71,162,20,188,144,184,8,9,78,128,101,86,76,80,100,30,134,27,195,97,58,151,175,6,1,117,2,169,142,137,158,62,120,3,95,149,107,55,14,13,111,112,148,83,129,24,150,103,140,69,159,40,116,105,99,106,194,180,178,192,10,66,145,102,185,171,0,85,104,17,53,155,146,63,31,29,90,125,190,109,130,5,39,113,43,187,179,96,141,98,114,64,79,177,47,132,75,163,133,81,153,166,189,28,35,36,22,52,93,19,87,121,51];False
2737;6825;9562;[108,183,65,41,127,60,42,119,26,161,115,152,49,54,197,168,74,37,94,118,124,44,34,198,174,196,167,15,156,21,73,82,131,110,181,68,123,45,138,126,143,160,173,18,199,12,7,136,89,46,164,4,84,122,25,23,77,57,186,170,176,72,154,172,59,11,182,139,135,191,48,50,56,92,147,67,32,61,38,165,193,9,33,16,91,88,70,71,162,20,188,144,184,35,157,78,128,101,86,76,80,100,30,134,27,195,97,58,151,175,6,1,117,2,169,142,137,158,62,120,3,95,149,107,55,14,13,111,112,148,83,129,24,150,103,140,69,159,40,116,105,99,106,194,180,178,192,10,66,145,102,185,171,0,85,104,17,53,155,146,63,31,29,90,125,190,109,130,5,39,113,43,187,179,96,141,98,114,64,79,177,47,132,75,163,133,81,153,166,189,28,8,36,22,52,93,19,87,121,51];False
2726;6857;9583;[4,183,90,41,127,60,42,119,26,161,115,152,49,54,197,168,74,37,94,118,124,44,34,198,174,196,167,15,156,21,73,82,131,110,181,68,123,45,138,126,143,160,173,18,199,12,7,136,89,46,164,108,84,122,25,23,77,57,186,170,176,72,154,172,59,11,182,139,135,191,48,50,56,92,147,67,32,61,38,165,193,9,33,16,91,88,70,71,162,20,188,144,184,35,157,78,128,101,86,76,80,100,30,134,27,195,97,58,151,175,6,1,117,2,169,142,137,158,62,120,3,95,149,107,55,14,13,111,112,148,83,129,24,150,103,140,69,159,40,116,105,99,106,194,180,178,192,10,66,145,102,185,171,0,85,104,17,53,155,146,63,31,29,65,125,190,109,130,5,39,113,43,187,179,96,141,98,114,64,79,177,47,132,75,163,133,81,153,166,189,28,8,36,22,52,93,19,87,121,51];False
2736;6835;9571;[108,155,90,41,127,60,42,119,26,161,115,152,49,54,197,168,74,37,94,118,124,44,34,198,174,196,167,15,156,21,73,82,131,110,181,68,123,45,138,126,143,160,173,18,199,12,7,136,89,46,164,4,84,122,25,23,77,57,186,170,176,72,154,172,59,11,182,139,135,191,48,50,56,92,147,67,32,61,38,165,193,9,33,16,91,88,70,71,162,20,188,144,184,35,157,78,128,101,86,76,80,100,30,134,27,195,97,58,151,175,6,1,117,2,169,142,137,158,62,120,3,95,149,107,55,14,13,111,112,148,83,129,24,150,103,140,69,159,40,116,105,99,106,194,180,178,192,10,66,145,102,185,171,0,85,104,17,53,183,146,63,31,29,65,125,190,109,130,5,39,113,43,187,179,96,141,98,114,64,79,177,47,132,75,163,133,81,153,166,189,28,8,36,22,52,93,19,87,121,51];False
2699;6867;9566;[108,183,90,41,127,60,42,119,26,161,115,152,49,54,197,168,74,37,94,118,124,44,69,198,174,196,167,15,156,21,73,82,131,110,181,68,123,45,138,126,143,160,173,18,199,12,7,136,89,46,164,4,84,122,25,23,77,57,186,170,176,72,154,172,59,11,182,139,135,191,48,50,56,92,147,67,32,61,38,165,193,9,33,16,91,88,70,71,162,20,188,144,184,35,157,78,128,101,86,76,80,100,30,134,27,195,97,58,151,175,6,1,117,2,169,142,137,158,62,120,3,95,149,107,55,14,13,111,112,148,83,129,24,150,103,140,34,159,40,116,105,99,106,194,180,178,192,10,66,145,102,185,171,0,85,104,17,53,155,146,63,31,29,65,125,190,109,130,5,39,113,43,187,179,96,141,98,114,64,79,177,47,132,75,163,133,81,153,166,189,28,8,36,22,52,93,19,87,121,51];False
2728;6855;9583;[108,183,90,41,127,60,42,119,26,161,115,152,49,54,197,168,74,37,94,118,124,44,34,198,174,196,167,15,156,21,73,82,131,110,181,68,123,45,55,126,143,160,173,18,199,12,7,136,89,46,164,4,84,122,25,23,77,57,186,170,176,72,154,172,59,11,182,139,135,191,48,50,56,92,147,67,32,61,38,165,193,9,33,16,91,88,70,71,162,20,188,144,184,35,157,78,128,101,86,76,80,100,30,134,27,195,97,58,151,175,6,1,117,2,169,142,137,158,62,120,3,95,149,107,138,14,13,111,112,148,83,129,24,150,103,140,69,159,40,116,105,99,106,194,180,178,192,10,66,145,102,185,171,0,85,104,17,53,155,146,63,31,29,65,125,190,109,130,5,39,113,43,187,179,96,141,98,114,64,79,177,47,132,75,163,133,81,153,166,189,28,8,36,22,52,93,19,87,121,51];False
2678;6877;9555;[198,29,90,41,127,60,42,119,26,161,115,152,49,54,197,168,74,37,94,118,124,44,34,108,106,196,167,15,156,21,73,82,131,110,181,68,123,45,55,126,143,160,173,18,199,12,7,136,89,46,164,4,84,122,25,23,77,57,186,170,176,72,154,172,59,11,182,139,135,191,48,194,56,92,147,67,32,61,38,165,193,9,33,16,91,88,70,71,162,20,188,144,184,35,157,78,128,101,86,76,80,100,30,134,27,195,97,58,151,175,6,1,117,2,169,142,137,158,62,120,3,95,149,107,138,14,13,111,112,148,83,129,24,150,103,140,69,159,40,116,105,99,174,50,180,178,192,10,66,145,102,185,171,0,85,104,17,53,155,146,63,31,183,65,125,190,109,130,5,39,113,43,187,179,96,141,98,114,64,79,177,47,132,75,163,133,81,153,166,189,28,8,36,22,52,93,19,87,121,51];False
2626;6882;9508;[198,29,90,41,127,60,42,119,26,161,115,152,49,54,197,168,74,37,94,118,124,44,34,108,106,196,167,15,156,21,73,82,131,110,181,68,123,45,138,126,143,160,173,18,199,12,7,136,89,50,164,4,84,122,25,23,77,57,186,170,176,72,154,172,59,11,182,139,135,191,48,194,56,92,147,67,32,61,38,165,193,9,33,16,91,88,70,71,162,20,188,144,184,35,157,78,128,101,86,76,80,100,30,134,27,195,97,58,151,175,6,1,117,2,169,142,137,158,62,120,3,95,149,107,55,14,13,111,112,148,83,129,24,150,103,140,69,159,40,116,105,99,174,46,180,178,192,10,66,145,102,185,171,0,85,104,17,53,155,146,63,31,183,65,125,190,109,130,5,39,113,43,187,179,96,141,98,114,64,79,177,47,132,75,163,133,81,153,166,189,28,8,36,22,52,93,19,87,121,51];False
2632;6881;9513;[198,29,90,41,127,60,42,119,26,161,115,152,49,54,197,168,74,37,94,118,124,44,34,108,106,196,167,15,156,21,73,82,131,110,181,68,123,45,138,126,143,160,173,18,199,12,7,136,89,46,180,4,84,122,25,23,77,57,186,170,176,72,154,172,59,11,182,139,135,191,48,194,56,92,147,67,32,61,38,165,193,9,33,16,91,88,70,71,162,20,188,144,184,35,157,78,128,101,86,76,80,100,30,134,27,195,97,58,151,175,6,1,117,2,169,142,137,158,62,120,3,95,149,107,55,14,13,111,112,148,83,129,24,150,103,140,69,159,40,116,105,99,174,50,164,178,192,10,66,145,102,185,171,0,85,104,17,53,155,146,63,31,183,65,125,190,109,130,5,39,113,43,187,179,96,141,98,114,64,79,177,47,132,75,163,133,81,153,166,189,28,8,36,22,52,93,19,87,121,51];False
2715;6855;9570;[198,29,90,41,127,60,42,119,26,161,115,152,49,54,197,168,74,37,94,118,124,44,34,108,106,196,167,15,156,21,73,82,131,110,181,68,123,45,138,126,143,160,173,18,199,12,7,136,89,46,164,4,84,122,25,23,77,57,186,170,176,72,154,172,59,11,182,139,135,191,105,194,56,92,147,67,32,61,38,165,193,9,33,16,91,88,70,71,162,20,188,144,184,35,157,78,128,101,86,76,80,100,30,134,27,195,97,58,151,175,6,1,117,2,169,142,137,158,62,120,3,95,149,107,55,14,13,111,112,148,83,129,24,150,103,140,69,159,40,116,48,99,174,50,180,178,192,10,66,145,102,185,171,0,85,104,17,53,155,146,63,31,183,65,125,190,109,130,5,39,113,43,187,179,96,141,98,114,64,79,177,47,132,75,163,133,81,153,166,189,28,8,36,22,52,93,19,87,121,51];False
2695;6865;9560;[198,29,90,41,127,60,42,119,26,161,115,152,49,54,197,168,74,37,94,118,124,44,34,108,106,196,167,15,156,21,73,82,131,110,181,68,123,45,138,126,143,160,173,18,199,12,7,136,89,46,164,4,84,122,25,23,77,57,186,170,176,72,154,172,59,11,182,139,135,191,50,194,56,92,147,67,32,61,38,165,193,9,33,16,91,88,70,71,162,20,188,144,184,35,157,78,128,101,86,76,80,100,30,134,27,195,97,58,151,175,6,1,117,2,169,142,137,158,62,120,3,95,149,107,55,14,13,111,112,148,83,129,24,150,103,140,69,159,40,116,105,99,174,48,180,178,192,10,66,145,102,185,171,0,85,104,17,53,155,146,63,31,183,65,125,190,109,130,5,39,113,43,187,179,96,141,98,114,64,79,177,47,132,75,163,133,81,153,166,189,28,8,36,22,52,93,19,87,121,51];False
2705;6863;9568;[198,29,90,41,127,60,42,119,26,161,115,152,49,54,197,168,74,37,94,118,124,44,34,108,106,196,167,15,156,21,73,82,131,110,181,68,123,45,138,126,143,160,173,18,199,12,7,136,89,46,164,4,84,122,25,23,77,57,186,170,176,72,154,172,59,11,182,139,135,191,48,194,56,92,147,67,32,61,38,165,193,9,33,16,91,88,70,71,162,20,188,144,184,35,157,78,128,101,86,76,80,100,30,134,27,195,97,58,151,175,6,1,117,2,169,142,163,158,62,120,3,95,149,107,55,14,13,111,112,148,83,129,24,150,103,140,69,159,40,116,105,99,174,50,180,178,192,10,66,145,102,185,171,0,85,104,17,53,155,146,63,31,183,65,125,190,109,130,5,39,113,43,187,179,96,141,98,114,64,79,177,47,132,75,137,133,81,153,166,189,28,8,36,22,52,93,19,87,121,51];False
3013;6728;9741;[198,29,90,41,127,60,42,119,26,161,115,152,49,54,197,168,74,37,94,118,124,44,34,108,174,196,167,15,156,21,73,82,131,110,181,68,123,45,138,126,143,160,173,18,199,12,7,136,89,46,164,4,84,122,25,23,77,57,186,170,176,72,154,172,59,11,182,139,135,191,48,50,56,92,147,67,32,61,38,165,193,9,33,16,91,88,70,71,162,20,188,144,184,35,157,78,128,101,86,76,80,100,30,134,27,2,97,58,151,175,6,1,117,195,169,142,137,158,62,120,3,95,149,107,55,14,13,111,52,148,83,129,24,150,103,105,69,159,40,116,140,99,106,194,180,178,192,10,66,145,102,185,171,0,85,104,17,53,155,146,63,31,183,65,125,190,109,130,5,39,113,43,187,179,96,141,98,114,64,79,177,47,132,75,163,133,81,153,166,189,28,8,36,22,112,93,19,87,121,51];False
2974;6741;9715;[198,29,90,41,127,60,42,119,26,161,115,152,49,54,197,168,74,37,94,118,124,44,34,108,174,196,167,15,156,21,73,82,131,110,181,68,140,45,138,126,143,160,173,18,199,12,7,136,89,46,164,4,84,122,25,23,77,57,186,170,176,72,154,172,59,11,182,139,135,191,48,50,56,92,147,67,32,61,38,165,193,9,33,16,91,88,70,71,162,20,188,144,184,35,157,78,128,101,86,76,80,100,30,134,27,195,97,58,151,175,6,1,117,2,169,142,137,158,62,120,3,95,149,107,55,14,13,111,52,148,83,129,24,150,103,105,69,159,40,116,123,99,106,194,180,178,192,10,66,145,102,185,171,0,85,104,17,53,155,146,63,31,183,65,125,190,109,130,5,39,113,43,187,179,96,141,98,114,64,79,177,47,132,75,163,133,81,153,166,189,28,8,36,22,112,93,19,87,121,51];False
3146;6692;9838;[198,29,90,41,127,60,177,47,26,161,115,152,49,54,197,168,74,37,94,118,124,44,34,108,174,196,167,15,156,21,73,82,131,110,181,68,123,45,138,126,143,160,173,18,199,12,7,136,89,46,164,4,84,122,25,23,77,57,186,170,176,72,154,172,59,11,182,139,135,191,48,50,56,92,147,67,32,61,19,165,193,9,190,16,91,88,70,71,162,20,188,144,184,8,157,78,128,101,86,76,80,100,30,134,27,195,97,58,151,175,6,1,117,2,169,142,137,158,62,120,3,95,149,107,55,14,13,111,52,148,83,129,24,150,103,105,69,159,40,116,140,99,106,194,180,178,192,10,66,145,102,185,171,0,85,104,17,53,155,146,63,31,183,65,125,28,109,130,5,39,113,43,187,179,96,141,98,114,64,79,42,119,132,75,163,133,81,153,166,189,33,35,36,22,112,93,38,87,121,51];False
3145;6692;9837;[198,29,90,41,127,60,177,47,26,161,115,152,49,54,197,168,74,37,94,118,124,44,34,108,174,196,167,15,156,21,73,82,131,110,181,68,123,45,138,126,143,160,173,18,199,12,7,136,89,46,164,4,84,122,25,23,77,57,186,170,176,72,154,172,59,11,182,139,135,191,48,50,56,92,147,67,32,61,38,165,193,157,190,16,91,88,70,71,162,20,188,144,184,8,9,78,128,101,86,76,80,100,30,134,27,195,97,58,151,175,6,1,117,2,169,142,137,158,62,120,3,95,149,107,55,14,13,111,52,148,83,129,24,150,103,105,69,159,40,116,140,99,106,194,180,178,192,10,66,145,102,185,171,0,85,104,17,53,155,146,63,31,183,65,125,28,109,130,5,39,113,43,187,179,96,141,98,114,64,79,42,119,132,75,163,133,81,153,166,189,33,35,36,22,112,93,19,87,121,51];False
3164;6685;9849;[198,29,90,41,127,60,177,47,26,161,115,152,49,54,197,168,74,37,94,118,124,44,34,108,174,196,167,15,156,21,73,82,131,110,181,68,123,45,138,126,143,160,173,18,199,12,7,136,89,46,164,4,84,122,25,23,77,57,186,170,176,72,154,172,59,11,182,139,135,191,48,50,56,92,147,67,32,61,38,165,193,109,190,16,91,88,70,71,162,20,188,144,184,8,157,78,128,101,86,76,80,100,30,134,27,195,97,58,151,175,6,1,117,2,169,142,137,158,62,120,3,95,149,107,55,14,13,111,52,148,83,129,24,150,103,105,69,159,40,116,140,99,106,194,180,178,192,10,66,145,102,185,171,0,85,104,17,53,155,146,63,31,183,65,125,28,9,130,5,39,113,43,187,179,96,141,98,114,64,79,42,119,132,75,163,133,81,153,166,189,33,35,36,22,112,93,19,87,121,51];False
3163;6686;9849;[198,29,90,41,127,60,177,47,26,161,115,152,49,54,197,168,74,37,94,118,124,44,34,108,174,196,167,15,156,21,73,82,131,110,181,68,123,45,138,126,143,160,173,18,199,12,7,136,89,46,164,4,84,122,25,23,77,57,186,170,176,72,154,172,59,11,182,139,135,191,48,50,56,92,147,67,32,61,38,165,193,9,190,16,91,88,70,71,162,20,188,144,184,8,157,78,128,101,86,76,80,100,30,134,27,2,97,58,151,175,6,1,117,195,169,142,137,158,62,120,3,95,149,107,55,14,13,111,52,148,83,129,24,150,103,105,69,159,40,116,140,99,106,194,180,178,192,10,66,145,102,185,171,0,85,104,17,53,155,146,63,31,183,65,125,28,109,130,5,39,113,43,187,179,96,141,98,114,64,79,42,119,132,75,163,133,81,153,166,189,33,35,36,22,112,93,19,87,121,51];False
3152;6690;9842;[198,29,90,41,127,60,177,47,26,161,115,152,49,54,197,168,74,37,94,118,124,44,34,108,174,196,167,15,156,21,73,82,131,110,181,68,123,45,138,126,143,160,173,18,199,12,7,136,89,46,164,4,84,122,25,23,77,57,186,170,176,72,154,172,59,11,182,139,135,191,48,50,56,92,147,67,32,61,38,165,193,9,190,16,91,88,70,71,162,20,188,144,184,8,157,78,128,101,86,76,80,100,30,134,27,195,97,58,151,175,6,1,117,2,169,142,163,158,62,120,3,95,149,107,55,14,13,111,52,148,83,129,24,150,103,105,69,159,40,116,140,99,106,194,180,178,192,10,66,145,102,185,171,0,85,104,17,53,155,146,63,31,183,65,125,28,109,130,5,39,113,43,187,179,96,141,98,114,64,79,42,119,132,75,137,133,81,153,166,189,33,35,36,22,112,93,19,87,121,51];False
3103;6704;9807;[198,29,90,41,127,60,177,47,26,161,115,152,49,54,197,168,74,37,94,118,124,44,34,108,174,196,167,15,156,21,73,82,131,110,181,68,123,45,138,126,143,160,173,18,199,12,7,136,89,46,164,4,84,122,25,23,77,57,186,170,176,72,154,172,59,11,182,139,135,191,48,50,56,92,147,67,32,61,38,165,193,9,190,16,91,88,70,71,162,20,188,144,184,8,157,78,128,101,86,76,80,100,30,134,27,195,97,58,151,175,6,1,117,2,169,142,137,158,62,120,3,95,149,107,55,14,13,111,52,148,83,129,24,150,103,105,69,159,40,104,140,99,106,194,180,178,192,10,66,145,102,185,171,0,85,116,17,53,155,146,63,31,183,65,125,28,109,130,5,39,113,43,187,179,96,141,98,114,64,79,42,119,132,75,163,133,81,153,166,189,33,35,36,22,112,93,19,87,121,51];False
3103;6702;9805;[198,29,90,41,127,60,177,47,26,161,115,152,49,54,197,168,74,37,94,118,124,44,34,108,174,196,167,15,156,21,73,82,131,110,181,68,123,45,138,126,143,160,173,18,199,12,7,136,89,46,164,4,84,122,25,23,77,57,186,170,176,72,154,172,59,11,182,139,135,191,48,50,56,92,147,67,32,61,38,165,193,9,190,16,91,88,70,71,162,20,188,144,184,8,157,78,128,101,86,76,80,100,30,134,27,195,97,58,151,175,6,1,117,2,169,142,137,158,62,120,3,95,149,107,55,14,13,111,52,148,83,129,24,150,103,105,69,159,40,116,104,99,106,194,180,178,192,10,66,145,102,185,171,0,85,140,17,53,155,146,63,31,183,65,125,28,109,130,5,39,113,43,187,179,96,141,98,114,64,79,42,119,132,75,163,133,81,153,166,189,33,35,36,22,112,93,19,87,121,51];False
3063;6717;9780;[198,29,90,41,127,60,177,47,26,161,115,152,49,54,197,168,74,37,94,118,124,44,34,108,174,196,167,15,156,21,73,82,131,110,181,68,123,45,138,126,143,160,173,18,199,12,7,136,89,46,164,4,84,122,25,23,77,57,186,170,176,72,154,172,59,11,182,139,135,191,48,50,56,92,147,67,32,61,38,165,193,157,33,16,91,88,70,71,162,20,188,144,184,8,9,78,128,101,86,76,80,100,30,134,27,2,97,58,151,175,6,1,117,195,169,142,137,158,62,120,3,95,149,107,55,14,13,111,52,148,83,129,24,150,103,140,69,159,40,116,105,99,106,194,180,178,192,10,66,145,102,185,171,0,85,104,17,53,155,146,63,31,183,65,125,190,109,130,5,39,113,43,187,179,96,141,98,114,64,79,42,119,132,75,163,133,81,153,166,189,28,35,36,22,112,93,19,87,121,51];False
3098;6702;9800;[198,29,90,41,127,60,177,47,26,161,115,152,49,54,197,168,74,37,94,118,124,44,34,108,174,196,167,15,156,21,73,82,131,110,181,68,123,45,138,126,143,160,173,18,199,12,7,136,89,46,164,4,84,122,25,23,77,57,186,170,176,72,154,172,59,11,182,139,135,191,48,50,56,92,147,67,32,61,38,165,193,157,33,16,91,88,70,71,162,20,188,144,184,8,9,78,128,101,86,76,80,100,30,134,27,195,97,58,151,175,6,1,117,2,169,142,137,158,62,120,3,95,149,107,55,14,13,111,52,148,83,129,24,150,103,105,69,159,40,116,140,99,106,194,180,178,192,10,66,145,102,185,171,0,85,104,17,53,155,146,63,31,183,65,125,190,109,130,5,39,113,43,187,179,96,141,98,114,64,79,42,119,132,75,163,133,81,153,166,189,28,35,36,22,112,93,19,87,121,51];False
3005;6729;9734;[198,29,90,41,127,60,177,47,26,161,115,152,49,54,197,168,74,37,94,118,124,44,34,108,174,196,167,15,156,21,73,82,131,110,181,68,123,45,138,126,143,160,173,18,199,12,7,136,89,46,164,4,84,122,25,23,77,57,186,170,176,72,154,172,59,11,182,139,135,191,48,50,56,92,147,67,32,61,19,165,193,9,33,16,91,88,70,71,162,20,188,144,184,35,157,78,128,101,86,76,80,100,30,134,27,195,97,58,151,175,6,1,117,2,169,142,137,158,62,120,3,95,149,107,55,14,13,111,52,148,83,129,24,150,103,140,69,159,40,116,105,99,106,194,180,178,192,10,66,145,102,185,171,0,85,104,17,53,155,146,63,31,183,65,125,190,109,130,5,39,113,43,187,179,96,141,98,114,64,79,42,119,132,75,163,133,81,153,166,189,28,8,36,22,112,93,38,87,121,51];False
3022;6723;9745;[198,29,90,41,127,60,177,47,26,161,115,152,49,54,197,168,74,37,94,118,124,44,34,108,174,196,167,15,156,21,73,82,131,110,181,68,123,45,138,126,143,160,173,18,199,12,7,136,89,46,164,4,84,122,25,23,77,57,186,170,176,72,154,172,59,11,182,139,135,191,48,50,56,92,147,67,32,61,38,165,193,9,33,16,91,88,70,71,162,20,188,144,184,35,157,78,128,101,86,76,80,100,30,134,27,2,97,58,151,175,6,1,117,195,169,142,137,158,62,120,3,95,149,107,55,14,13,111,52,148,83,129,24,150,103,140,69,159,40,116,105,99,106,194,180,178,192,10,66,145,102,185,171,0,85,104,17,53,155,146,63,31,183,65,125,190,109,130,5,39,113,43,187,179,96,141,98,114,64,79,42,119,132,75,163,133,81,153,166,189,28,8,36,22,112,93,19,87,121,51];False
3011;6727;9738;[198,29,90,41,127,60,177,47,26,161,115,152,49,54,197,168,74,37,94,118,124,44,34,108,174,196,167,15,156,21,73,82,131,110,181,68,123,45,138,126,143,160,173,18,199,12,7,136,89,46,164,4,84,122,25,23,77,57,186,170,176,72,154,172,59,11,182,139,135,191,48,50,56,92,147,67,32,61,38,165,193,9,33,16,91,88,70,71,162,20,188,144,184,35,157,78,128,101,86,76,80,100,30,134,27,195,97,58,151,175,6,1,117,2,169,142,163,158,62,120,3,95,149,107,55,14,13,111,52,148,83,129,24,150,103,140,69,159,40,116,105,99,106,194,180,178,192,10,66,145,102,185,171,0,85,104,17,53,155,146,63,31,183,65,125,190,109,130,5,39,113,43,187,179,96,141,98,114,64,79,42,119,132,75,137,133,81,153,166,189,28,8,36,22,112,93,19,87,121,51];False
3057;6708;9765;[198,29,90,41,127,60,177,47,26,161,115,152,49,54,197,168,74,37,94,118,124,44,34,108,174,196,167,15,156,21,73,82,131,110,181,68,123,45,138,126,143,160,173,18,199,12,7,136,89,46,164,4,84,122,25,23,77,57,186,170,176,72,154,172,59,11,182,139,135,191,48,50,56,92,147,67,32,61,38,165,193,9,33,16,91,88,70,71,162,20,188,144,184,35,157,78,128,101,86,76,80,100,30,134,27,195,97,58,151,175,6,1,117,2,169,142,137,158,62,120,3,95,149,107,55,14,13,111,52,148,83,129,24,150,103,105,69,159,40,116,140,99,106,194,180,178,192,10,66,145,102,185,171,0,85,104,17,53,155,146,63,31,183,65,125,190,109,130,5,39,113,43,187,179,96,141,98,114,64,79,42,119,132,75,163,133,81,153,166,189,28,8,36,22,112,93,19,87,121,51];True
3151;6689;9840;[198,29,90,41,127,60,177,47,26,161,115,152,49,54,197,168,74,37,94,118,124,44,34,108,174,196,167,15,156,21,73,82,131,110,181,68,123,45,138,126,143,160,173,18,199,12,7,136,89,46,164,4,84,122,25,23,77,57,186,170,176,72,154,172,59,11,182,139,135,191,48,50,56,92,147,67,32,61,38,165,193,9,33,16,91,88,70,71,162,20,188,144,184,8,157,78,128,101,86,76,80,100,30,134,27,2,97,58,151,175,6,1,117,195,169,142,137,158,62,120,3,95,149,107,55,14,13,111,52,148,83,129,24,150,103,105,69,159,40,116,140,99,106,194,180,178,192,10,66,145,102,185,171,0,85,104,17,53,155,146,63,31,183,65,125,190,109,130,5,39,113,43,187,179,96,141,98,114,64,79,42,119,132,75,163,133,81,153,166,189,28,35,36,22,112,93,19,87,121,51];False
3140;6693;9833;[198,29,90,41,127,60,177,47,26,161,115,152,49,54,197,168,74,37,94,118,124,44,34,108,174,196,167,15,156,21,73,82,131,110,181,68,123,45,138,126,143,160,173,18,199,12,7,136,89,46,164,4,84,122,25,23,77,57,186,170,176,72,154,172,59,11,182,139,135,191,48,50,56,92,147,67,32,61,38,165,193,9,33,16,91,88,70,71,162,20,188,144,184,8,157,78,128,101,86,76,80,100,30,134,27,195,97,58,151,175,6,1,117,2,169,142,163,158,62,120,3,95,149,107,55,14,13,111,52,148,83,129,24,150,103,105,69,159,40,116,140,99,106,194,180,178,192,10,66,145,102,185,171,0,85,104,17,53,155,146,63,31,183,65,125,190,109,130,5,39,113,43,187,179,96,141,98,114,64,79,42,119,132,75,137,133,81,153,166,189,28,35,36,22,112,93,19,87,121,51];False
3091;6707;9798;[198,29,90,41,127,60,177,47,26,161,115,152,49,54,197,168,74,37,94,118,124,44,34,108,174,196,167,15,156,21,73,82,131,110,181,68,123,45,138,126,143,160,173,18,199,12,7,136,89,46,164,4,84,122,25,23,77,57,186,170,176,72,154,172,59,11,182,139,135,191,48,50,56,92,147,67,32,61,38,165,193,9,33,16,91,88,70,71,162,20,188,144,184,8,157,78,128,101,86,76,80,100,30,134,27,195,97,58,151,175,6,1,117,2,169,142,137,158,62,120,3,95,149,107,55,14,13,111,52,148,83,129,24,150,103,105,69,159,40,104,140,99,106,194,180,178,192,10,66,145,102,185,171,0,85,116,17,53,155,146,63,31,183,65,125,190,109,130,5,39,113,43,187,179,96,141,98,114,64,79,42,119,132,75,163,133,81,153,166,189,28,35,36,22,112,93,19,87,121,51];False
3091;6705;9796;[198,29,90,41,127,60,177,47,26,161,115,152,49,54,197,168,74,37,94,118,124,44,34,108,174,196,167,15,156,21,73,82,131,110,181,68,123,45,138,126,143,160,173,18,199,12,7,136,89,46,164,4,84,122,25,23,77,57,186,170,176,72,154,172,59,11,182,139,135,191,48,50,56,92,147,67,32,61,38,165,193,9,33,16,91,88,70,71,162,20,188,144,184,8,157,78,128,101,86,76,80,100,30,134,27,195,97,58,151,175,6,1,117,2,169,142,137,158,62,120,3,95,149,107,55,14,13,111,52,148,83,129,24,150,103,105,69,159,40,116,104,99,106,194,180,178,192,10,66,145,102,185,171,0,85,140,17,53,155,146,63,31,183,65,125,190,109,130,5,39,113,43,187,179,96,141,98,114,64,79,42,119,132,75,163,133,81,153,166,189,28,35,36,22,112,93,19,87,121,51];False
3170;6684;9854;[198,29,90,41,127,60,177,47,26,161,115,152,49,54,197,168,74,37,94,118,124,44,34,108,174,196,167,15,156,21,73,82,131,110,181,68,123,45,138,126,143,160,173,18,199,12,7,136,89,46,164,4,84,122,25,23,77,57,186,170,176,72,154,172,59,11,182,139,135,191,48,50,56,92,147,67,32,61,38,165,193,9,33,16,91,88,70,71,162,20,188,144,184,8,157,78,128,101,86,76,80,100,30,134,27,195,97,58,151,175,6,1,117,2,169,142,137,158,62,120,3,95,149,107,55,14,13,111,52,148,83,129,24,150,103,105,69,159,40,116,140,99,106,194,180,178,192,109,66,145,102,185,171,0,85,104,17,53,155,146,63,31,183,65,125,190,10,130,5,39,113,43,187,179,96,141,98,114,64,79,42,119,132,75,163,133,81,153,166,189,28,35,36,22,112,93,19,87,121,51];False
3193;6680;9873;[198,29,90,41,127,60,177,47,26,161,115,152,49,54,197,168,74,37,94,118,124,44,34,108,174,196,167,15,156,21,73,82,131,110,181,68,123,45,138,126,143,160,173,18,199,12,7,136,89,46,164,4,84,122,25,23,77,57,186,170,176,72,154,172,59,11,182,139,135,191,48,50,56,92,147,67,32,61,38,165,193,28,9,16,91,88,70,71,162,20,188,144,184,8,157,78,128,101,86,76,80,100,30,134,27,2,97,58,151,175,6,1,117,195,169,142,137,158,62,120,3,95,149,107,55,14,13,111,52,148,83,129,24,150,103,105,69,159,40,116,104,99,106,194,180,178,192,109,66,145,102,185,171,0,85,140,17,53,155,146,63,31,183,65,125,190,10,130,5,39,113,43,187,179,96,141,98,114,64,79,42,119,132,75,163,133,81,153,166,189,33,35,36,22,112,93,19,87,121,51];False
3027;6722;9749;[198,29,90,41,127,60,42,47,26,161,115,152,49,54,197,168,74,37,94,118,124,44,34,108,174,196,167,15,156,21,73,82,131,110,181,68,140,45,138,126,143,160,173,18,199,12,7,136,89,46,164,4,84,122,25,23,77,57,186,170,176,72,154,172,59,11,182,139,135,191,48,50,56,92,147,67,32,61,38,165,193,9,33,16,91,88,70,71,162,20,188,144,184,35,157,78,128,101,86,76,80,100,30,134,27,195,97,58,151,175,6,1,117,2,169,142,137,158,62,120,3,95,149,107,55,14,13,111,52,148,83,129,24,150,103,105,69,159,40,116,123,99,106,194,180,178,192,10,66,145,102,185,171,0,85,104,17,53,155,146,63,31,183,65,125,190,109,130,5,39,113,43,187,179,96,141,98,114,64,79,177,119,132,75,163,133,81,153,166,189,28,8,36,22,112,93,19,87,121,51];False
3049;6715;9764;[198,29,90,41,127,60,42,47,26,161,115,152,49,54,197,168,74,37,94,118,124,44,34,108,174,196,167,15,156,21,73,82,131,110,181,68,123,45,138,126,143,160,173,18,199,12,7,136,89,46,164,4,84,122,25,23,77,57,186,170,176,72,154,172,59,11,182,139,135,191,48,50,56,92,147,67,32,61,19,165,193,9,33,16,91,88,70,71,162,20,188,144,184,35,157,78,128,101,86,76,80,100,30,134,27,195,97,58,151,175,6,1,117,2,169,142,137,158,62,120,3,95,149,107,55,14,13,111,52,148,83,129,24,150,103,105,69,159,40,116,140,99,106,194,180,178,192,10,66,145,102,185,171,0,85,104,17,53,155,146,63,31,183,65,125,190,109,130,5,39,113,43,187,179,96,141,98,114,64,79,177,119,132,75,163,133,81,153,166,189,28,8,36,22,112,93,38,87,121,51];False
3055;6713;9768;[198,29,90,41,127,60,42,47,26,161,115,152,49,54,197,168,74,37,94,118,124,44,34,108,174,196,167,15,156,21,73,82,131,110,181,68,123,45,138,126,143,160,173,18,199,12,7,136,89,46,164,4,84,122,25,23,77,57,186,170,176,72,154,172,59,11,182,139,135,191,48,50,56,92,147,67,32,61,38,165,193,9,33,16,91,88,70,71,162,20,188,144,184,35,157,78,128,101,86,76,80,100,30,134,27,195,97,58,151,175,6,1,117,2,169,142,163,158,62,120,3,95,149,107,55,14,13,111,52,148,83,129,24,150,103,105,69,159,40,116,140,99,106,194,180,178,192,10,66,145,102,185,171,0,85,104,17,53,155,146,63,31,183,65,125,190,109,130,5,39,113,43,187,179,96,141,98,114,64,79,177,119,132,75,137,133,81,153,166,189,28,8,36,22,112,93,19,87,121,51];False
3006;6727;9733;[198,29,90,41,127,60,42,47,26,161,115,152,49,54,197,168,74,37,94,118,124,44,34,108,174,196,167,15,156,21,73,82,131,110,181,68,123,45,138,126,143,160,173,18,199,12,7,136,89,46,164,4,84,122,25,23,77,57,186,170,176,72,154,172,59,11,182,139,135,191,48,50,56,92,147,67,32,61,38,165,193,9,33,16,91,88,70,71,162,20,188,144,184,35,157,78,128,101,86,76,80,100,30,134,27,195,97,58,151,175,6,1,117,2,169,142,137,158,62,120,3,95,149,107,55,14,13,111,52,148,83,129,24,150,103,105,69,159,40,104,140,99,106,194,180,178,192,10,66,145,102,185,171,0,85,116,17,53,155,146,63,31,183,65,125,190,109,130,5,39,113,43,187,179,96,141,98,114,64,79,177,119,132,75,163,133,81,153,166,189,28,8,36,22,112,93,19,87,121,51];False
3006;6725;9731;[198,29,90,41,127,60,42,47,26,161,115,152,49,54,197,168,74,37,94,118,124,44,34,108,174,196,167,15,156,21,73,82,131,110,181,68,123,45,138,126,143,160,173,18,199,12,7,136,89,46,164,4,84,122,25,23,77,57,186,170,176,72,154,172,59,11,182,139,135,191,48,50,56,92,147,67,32,61,38,165,193,9,33,16,91,88,70,71,162,20,188,144,184,35,157,78,128,101,86,76,80,100,30,134,27,195,97,58,151,175,6,1,117,2,169,142,137,158,62,120,3,95,149,107,55,14,13,111,52,148,83,129,24,150,103,105,69,159,40,116,104,99,106,194,180,178,192,10,66,145,102,185,171,0,85,140,17,53,155,146,63,31,183,65,125,190,109,130,5,39,113,43,187,179,96,141,98,114,64,79,177,119,132,75,163,133,81,153,166,189,28,8,36,22,112,93,19,87,121,51];True
3085;6704;9789;[198,29,90,41,127,60,42,47,26,161,115,152,49,54,197,168,74,37,94,118,124,44,34,108,174,196,167,15,156,21,73,82,131,110,181,68,123,45,138,126,143,160,173,18,199,12,7,136,89,46,164,4,84,122,25,23,77,57,186,170,176,72,154,172,59,11,182,139,135,191,48,50,56,92,147,67,32,61,38,165,193,9,33,16,91,88,70,71,162,20,188,144,184,35,157,78,128,101,86,76,80,100,30,134,27,195,97,58,151,175,6,1,117,2,169,142,137,158,62,120,3,95,149,107,55,14,13,111,52,148,83,129,24,150,103,105,69,159,40,116,140,99,106,194,180,178,192,109,66,145,102,185,171,0,85,104,17,53,155,146,63,31,183,65,125,190,10,130,5,39,113,43,187,179,96,141,98,114,64,79,177,119,132,75,163,133,81,153,166,189,28,8,36,22,112,93,19,87,121,51];False
3023;6719;9742;[198,29,90,41,127,60,42,47,26,161,115,152,49,54,197,168,74,37,94,118,124,44,34,108,174,196,167,15,156,21,73,82,131,110,181,68,123,45,138,126,143,160,173,18,199,12,7,136,89,46,164,4,84,122,25,23,77,57,186,170,176,72,154,172,59,11,182,139,135,191,48,50,56,92,147,67,32,61,38,165,193,9,33,16,91,88,70,71,162,20,188,144,184,35,157,78,128,101,86,76,80,100,30,134,27,195,97,58,151,175,6,1,117,2,169,142,137,158,62,120,3,95,149,107,55,14,13,111,52,148,83,129,24,150,103,105,69,159,40,116,140,99,106,194,180,178,192,10,66,145,102,185,171,0,85,104,17,53,155,146,63,31,183,65,125,190,109,130,5,39,113,43,187,179,96,177,98,114,64,79,141,119,132,75,163,133,81,153,166,189,28,8,36,22,112,93,19,87,121,51];True
2971;6740;9711;[198,29,90,41,127,60,42,47,26,161,115,152,49,54,197,168,74,37,94,118,124,44,34,108,174,196,167,15,156,21,73,82,131,110,181,68,123,45,138,126,143,160,173,18,199,12,7,136,89,46,164,4,84,122,25,23,77,57,186,170,176,72,154,172,59,11,182,139,135,191,48,50,56,92,147,67,32,61,19,165,193,9,33,16,91,88,70,71,162,20,188,144,184,35,157,78,128,101,86,76,80,100,30,134,27,195,97,58,151,175,6,1,117,2,169,142,137,158,62,120,3,95,149,107,55,14,13,111,52,148,83,129,24,150,103,140,69,159,40,116,105,99,106,194,180,178,192,10,66,145,102,185,171,0,85,104,17,53,155,146,63,31,183,65,125,190,109,130,5,39,113,43,187,179,96,177,98,114,64,79,141,119,132,75,163,133,81,153,166,189,28,8,36,22,112,93,38,87,121,51];False
2977;6738;9715;[198,29,90,41,127,60,42,47,26,161,115,152,49,54,197,168,74,37,94,118,124,44,34,108,174,196,167,15,156,21,73,82,131,110,181,68,123,45,138,126,143,160,173,18,199,12,7,136,89,46,164,4,84,122,25,23,77,57,186,170,176,72,154,172,59,11,182,139,135,191,48,50,56,92,147,67,32,61,38,165,193,9,33,16,91,88,70,71,162,20,188,144,184,35,157,78,128,101,86,76,80,100,30,134,27,195,97,58,151,175,6,1,117,2,169,142,163,158,62,120,3,95,149,107,55,14,13,111,52,148,83,129,24,150,103,140,69,159,40,116,105,99,106,194,180,178,192,10,66,145,102,185,171,0,85,104,17,53,155,146,63,31,183,65,125,190,109,130,5,39,113,43,187,179,96,177,98,114,64,79,141,119,132,75,137,133,81,153,166,189,28,8,36,22,112,93,19,87,121,51];False
2939;6750;9689;[198,29,90,41,127,60,177,47,26,161,115,152,49,54,197,168,74,37,94,118,124,44,34,108,174,196,167,15,156,21,73,82,131,110,181,68,123,45,138,126,143,160,173,18,199,12,7,136,89,46,164,4,84,122,25,23,77,57,186,170,176,72,154,172,59,11,182,139,135,191,48,50,56,92,147,67,32,61,38,165,193,9,33,16,91,88,70,71,162,20,188,144,184,35,157,78,128,101,86,76,80,100,30,134,27,195,97,58,151,175,6,1,117,2,169,142,137,158,62,120,3,95,149,107,55,14,13,111,112,148,83,129,24,150,103,105,69,159,40,116,104,99,106,194,180,178,192,10,66,145,102,185,171,0,85,140,17,53,155,146,63,31,183,65,125,190,109,130,5,39,113,43,187,179,96,141,98,114,64,79,42,119,132,75,163,133,81,153,166,189,28,8,36,22,52,93,19,87,121,51];False
2905;6761;9666;[198,29,90,41,127,60,42,47,26,161,115,152,49,54,197,168,74,37,94,118,124,44,34,108,174,196,167,15,156,21,73,82,131,110,181,68,123,45,138,126,143,160,173,18,199,12,7,136,89,46,164,4,84,122,25,23,77,57,186,170,176,72,154,172,59,11,182,139,135,191,48,50,56,92,147,67,32,61,38,165,193,9,33,16,91,88,70,71,162,20,188,144,184,35,157,78,128,101,86,76,80,100,30,134,27,195,97,58,151,175,6,1,117,2,169,142,137,158,62,120,3,95,149,107,55,14,13,111,112,148,83,129,24,150,103,105,69,159,40,116,104,99,106,194,180,178,192,10,66,145,102,185,171,0,85,140,17,53,155,146,63,31,183,65,125,190,109,130,5,39,113,43,187,179,96,177,98,114,64,79,141,119,132,75,163,133,81,153,166,189,28,8,36,22,52,93,19,87,121,51];False
2702;6864;9566;[198,155,90,41,127,60,42,119,26,161,115,152,49,54,197,168,74,37,94,118,124,44,34,108,174,196,167,15,156,21,73,82,131,110,181,68,123,45,138,126,143,160,173,18,199,12,7,136,89,46,164,4,84,122,25,23,77,57,186,170,176,72,154,172,59,11,182,139,135,191,48,50,56,92,147,67,32,61,38,165,193,9,190,16,91,88,70,71,162,20,188,144,184,146,157,78,128,101,86,76,80,100,30,134,27,195,97,58,151,175,6,1,117,2,169,142,137,158,62,120,3,95,149,107,55,14,13,111,112,148,83,129,24,150,103,140,69,159,40,116,105,99,106,194,180,178,192,10,66,145,102,185,171,0,85,104,17,53,183,8,63,31,29,65,125,28,109,130,5,39,113,43,187,179,96,141,98,114,64,79,177,47,132,75,163,133,81,153,166,189,33,35,36,22,52,93,19,87,121,51];False
2794;6818;9612;[198,155,90,41,127,60,42,119,26,161,115,152,49,54,197,168,74,37,94,118,124,44,34,108,174,196,167,15,156,21,73,82,131,110,181,68,123,45,55,126,143,160,173,18,199,12,7,136,89,46,164,4,84,122,25,23,77,57,186,170,176,72,154,172,59,11,182,139,135,191,48,50,56,92,147,67,32,61,38,165,193,9,33,16,91,88,70,71,162,20,188,144,184,8,157,78,128,101,86,76,80,100,30,134,27,195,97,58,151,175,6,1,117,2,169,142,137,158,62,120,3,95,149,107,138,14,13,111,112,148,83,129,24,150,103,140,69,159,40,116,105,99,106,194,180,178,192,10,66,145,102,185,171,0,85,104,17,53,183,146,63,31,29,65,125,190,109,130,5,39,113,43,187,179,96,141,98,114,64,79,177,47,132,75,163,133,81,153,166,189,28,35,36,22,52,93,19,87,121,51];False
2779;6813;9592;[198,155,90,41,127,60,42,119,26,161,115,152,49,54,197,168,74,37,94,118,124,44,34,108,174,196,167,15,156,21,73,82,131,110,181,68,123,45,138,126,143,160,173,18,199,12,7,136,89,46,164,4,84,122,25,23,77,57,186,170,176,72,154,172,59,11,182,139,135,191,48,50,56,92,147,67,32,61,38,165,193,157,33,16,91,88,70,71,162,20,188,144,184,8,9,78,128,101,86,76,80,100,30,134,27,195,97,58,151,175,6,1,117,2,169,142,137,158,62,120,3,95,149,107,55,14,13,111,112,148,83,129,24,150,103,140,69,159,40,116,105,99,106,194,180,178,192,10,66,145,102,185,171,0,85,104,17,53,183,146,63,31,29,65,125,190,109,130,5,39,113,43,187,179,96,141,98,114,64,79,177,47,132,75,163,133,81,153,166,189,28,35,36,22,52,93,19,87,121,51];False
2690;6867;9557;[198,155,90,41,127,60,42,119,26,161,115,152,49,54,197,168,74,37,94,118,124,44,34,108,174,196,167,15,156,21,73,82,131,110,181,68,123,45,138,126,143,160,173,18,199,12,7,136,89,46,164,4,84,122,25,23,77,57,186,170,176,72,154,172,59,11,182,139,135,191,48,50,56,92,147,67,32,61,38,165,193,9,33,16,91,88,70,71,162,20,188,144,184,146,157,78,128,101,86,76,80,100,30,134,27,195,97,58,151,175,6,1,117,2,169,142,137,158,62,120,3,95,149,107,55,14,13,111,112,148,83,129,24,150,103,140,69,159,40,116,105,99,106,194,180,178,192,10,66,145,102,185,171,0,85,104,17,53,183,8,63,31,29,65,125,190,109,130,5,39,113,43,187,179,96,141,98,114,64,79,177,47,132,75,163,133,81,153,166,189,28,35,36,22,52,93,19,87,121,51];False
2738;6819;9557;[198,155,90,41,127,60,42,119,26,161,115,152,49,54,197,168,74,37,94,118,124,44,34,108,174,196,167,15,156,21,73,82,131,110,181,68,123,45,138,126,143,160,173,18,199,12,7,136,89,46,164,4,84,122,25,23,77,57,186,170,176,72,154,172,59,11,182,139,135,191,48,50,56,92,147,67,32,61,38,165,193,9,33,16,91,88,70,71,162,20,188,144,184,35,157,78,128,101,86,76,80,100,30,134,27,195,97,58,151,175,6,1,117,2,169,142,137,158,62,120,3,95,149,107,55,14,13,111,112,148,83,129,24,150,103,140,69,159,40,116,105,99,106,194,180,178,192,10,66,145,102,185,171,0,85,104,17,53,183,146,63,31,29,65,125,190,109,130,5,39,113,43,187,179,96,141,98,114,64,79,177,47,132,75,163,133,81,153,166,189,28,8,36,22,52,93,19,87,121,51];True
2768;6814;9582;[198,183,65,41,127,60,42,119,26,161,115,152,49,54,197,168,74,37,94,118,124,44,34,108,174,196,167,15,156,21,73,82,131,110,181,68,123,45,138,126,143,160,173,18,199,12,7,136,89,46,164,4,84,122,25,23,77,57,186,170,176,72,154,172,59,11,182,139,135,191,48,50,56,92,147,67,32,61,38,165,193,9,33,16,91,88,70,71,162,20,188,144,184,35,157,78,128,101,86,76,80,100,30,134,27,195,97,58,151,175,6,1,117,2,169,142,137,158,62,120,3,95,149,107,55,14,13,111,112,148,83,129,24,150,103,140,69,159,40,116,105,99,106,194,180,178,192,10,66,145,102,185,171,0,85,104,17,53,155,146,63,31,29,90,125,190,109,130,5,39,113,43,187,179,96,141,98,114,64,79,177,47,132,75,163,133,81,153,166,189,28,8,36,22,52,93,19,87,121,51];False
2732;6836;9568;[4,183,65,41,127,60,42,119,26,161,115,152,49,54,197,168,74,37,94,118,124,44,34,198,174,196,167,15,156,21,73,82,131,110,181,68,123,45,138,126,143,160,173,18,199,12,7,136,89,46,164,108,84,122,25,23,77,57,186,170,176,72,154,172,59,11,182,139,135,191,48,50,56,92,147,67,32,61,38,165,193,9,33,16,91,88,70,71,162,20,188,144,184,35,157,78,128,101,86,76,80,100,30,134,27,195,97,58,151,175,6,1,117,2,169,142,137,158,62,120,3,95,149,107,55,14,13,111,112,148,83,129,24,150,103,140,69,159,40,116,105,99,106,194,180,178,192,10,66,145,102,185,171,0,85,104,17,53,155,146,63,31,29,90,125,190,109,130,5,39,113,43,187,179,96,141,98,114,64,79,177,47,132,75,163,133,81,153,166,189,28,8,36,22,52,93,19,87,121,51];False
2790;6806;9596;[108,183,65,41,127,60,42,47,26,161,115,152,49,54,197,168,74,37,94,118,124,44,34,198,174,196,167,15,156,21,73,82,131,110,181,68,123,45,138,126,143,160,173,18,199,12,7,136,89,46,164,4,84,122,25,23,77,57,186,170,176,72,154,172,59,11,182,139,135,191,48,50,56,92,147,67,32,61,38,165,193,9,33,16,91,88,70,71,162,20,188,144,184,35,157,78,128,101,86,76,80,100,30,134,27,195,97,58,151,175,6,1,117,2,169,142,137,158,62,120,3,95,149,107,55,14,13,111,112,148,83,129,24,150,103,140,69,159,40,116,105,99,106,194,180,178,192,10,66,145,102,185,171,0,85,104,17,53,155,146,63,31,29,90,125,190,109,130,5,39,113,43,187,179,96,141,98,114,64,79,177,119,132,75,163,133,81,153,166,189,28,8,36,22,52,93,19,87,121,51];False
2705;6846;9551;[108,183,65,41,127,60,42,119,26,161,115,152,49,54,197,168,74,37,94,118,124,44,69,198,174,196,167,15,156,21,73,82,131,110,181,68,123,45,138,126,143,160,173,18,199,12,7,136,89,46,164,4,84,122,25,23,77,57,186,170,176,72,154,172,59,11,182,139,135,191,48,50,56,92,147,67,32,61,38,165,193,9,33,16,91,88,70,71,162,20,188,144,184,35,157,78,128,101,86,76,80,100,30,134,27,195,97,58,151,175,6,1,117,2,169,142,137,158,62,120,3,95,149,107,55,14,13,111,112,148,83,129,24,150,103,140,34,159,40,116,105,99,106,194,180,178,192,10,66,145,102,185,171,0,85,104,17,53,155,146,63,31,29,90,125,190,109,130,5,39,113,43,187,179,96,141,98,114,64,79,177,47,132,75,163,133,81,153,166,189,28,8,36,22,52,93,19,87,121,51];False
2678;6865;9543;[108,183,65,41,127,60,42,119,26,161,115,152,49,54,197,168,74,37,94,118,124,44,34,198,174,196,167,15,156,21,73,82,131,110,25,68,123,45,138,126,143,160,173,18,199,12,7,136,89,46,164,4,84,122,181,23,77,57,186,170,176,72,154,172,59,11,182,139,135,191,48,50,56,92,147,67,32,61,38,165,193,9,33,16,91,88,70,71,162,20,188,144,184,35,157,78,128,101,86,76,80,100,30,134,27,195,97,58,151,175,6,1,117,2,169,142,137,158,62,120,3,95,149,107,55,14,13,111,112,148,83,129,24,150,103,140,69,159,40,116,105,99,106,194,180,178,192,10,66,145,102,185,171,0,85,104,17,53,155,146,63,31,29,90,125,190,109,130,5,39,113,43,187,179,96,141,98,114,64,79,177,47,132,75,163,133,81,153,166,189,28,8,36,22,52,93,19,87,121,51];False
2734;6834;9568;[108,183,65,41,127,60,42,119,26,161,115,152,49,54,197,168,74,37,94,118,124,44,34,198,174,196,167,15,156,21,73,82,131,110,181,68,123,45,55,126,143,160,173,18,199,12,7,136,89,46,164,4,84,122,25,23,77,57,186,170,176,72,154,172,59,11,182,139,135,191,48,50,56,92,147,67,32,61,38,165,193,9,33,16,91,88,70,71,162,20,188,144,184,35,157,78,128,101,86,76,80,100,30,134,27,195,97,58,151,175,6,1,117,2,169,142,137,158,62,120,3,95,149,107,138,14,13,111,112,148,83,129,24,150,103,140,69,159,40,116,105,99,106,194,180,178,192,10,66,145,102,185,171,0,85,104,17,53,155,146,63,31,29,90,125,190,109,130,5,39,113,43,187,179,96,141,98,114,64,79,177,47,132,75,163,133,81,153,166,189,28,8,36,22,52,93,19,87,121,51];False
2692;6858;9550;[108,183,65,41,127,60,42,119,26,161,115,152,49,54,197,168,74,37,94,118,124,44,34,198,174,196,167,15,156,21,73,82,131,110,181,68,123,45,138,126,143,160,173,18,199,12,7,136,89,46,164,4,84,122,24,23,77,57,186,170,176,72,154,172,59,11,182,139,135,191,48,50,56,92,147,67,32,61,38,165,193,9,33,16,91,88,70,71,162,20,188,144,184,35,157,78,128,101,86,76,80,100,30,134,27,195,97,58,151,175,6,1,117,2,169,142,137,158,62,120,3,95,149,107,55,14,13,111,112,148,83,129,25,150,103,140,69,159,40,116,105,99,106,194,180,178,192,10,66,145,102,185,171,0,85,104,17,53,155,146,63,31,29,90,125,190,109,130,5,39,113,43,187,179,96,141,98,114,64,79,177,47,132,75,163,133,81,153,166,189,28,8,36,22,52,93,19,87,121,51];False
2726;6844;9570;[108,183,65,41,127,60,42,119,26,161,115,152,49,54,197,168,74,37,94,118,124,44,34,198,174,196,167,15,156,21,73,82,131,110,181,68,123,45,138,126,143,160,173,18,199,12,7,136,89,46,164,4,84,122,25,23,77,57,186,170,176,72,154,172,59,11,182,139,146,191,48,50,56,92,147,67,32,61,38,165,193,9,33,16,91,88,70,71,162,20,188,144,184,35,157,78,128,101,86,76,80,100,30,134,27,195,97,58,151,175,6,1,117,2,169,142,137,158,62,120,3,95,149,107,55,14,13,111,112,148,83,129,24,150,103,140,69,159,40,116,105,99,106,194,180,178,192,10,66,145,102,185,171,0,85,104,17,53,155,135,63,31,29,90,125,190,109,130,5,39,113,43,187,179,96,141,98,114,64,79,177,47,132,75,163,133,81,153,166,189,28,8,36,22,52,93,19,87,121,51];False
2702;6854;9556;[108,183,65,41,127,60,42,119,26,161,115,152,49,54,197,168,74,37,94,118,124,44,34,198,174,196,167,15,156,21,73,82,131,110,181,68,123,45,138,126,143,160,173,18,199,12,7,136,89,46,164,4,84,122,25,23,77,57,186,170,176,72,154,172,59,11,182,139,135,191,50,48,56,92,147,67,32,61,38,165,193,9,33,16,91,88,70,71,162,20,188,144,184,35,157,78,128,101,86,76,80,100,30,134,27,195,97,58,151,175,6,1,117,2,169,142,137,158,62,120,3,95,149,107,55,14,13,111,112,148,83,129,24,150,103,140,69,159,40,116,105,99,106,194,180,178,192,10,66,145,102,185,171,0,85,104,17,53,155,146,63,31,29,90,125,190,109,130,5,39,113,43,187,179,96,141,98,114,64,79,177,47,132,75,163,133,81,153,166,189,28,8,36,22,52,93,19,87,121,51];False
2695;6854;9549;[108,183,65,41,127,60,42,119,26,161,115,152,49,54,197,168,74,37,94,118,124,44,34,198,174,196,167,15,156,21,73,82,131,110,181,68,123,45,138,126,143,160,173,18,199,12,7,136,89,46,164,4,84,122,25,23,77,57,186,170,176,72,154,172,59,11,182,139,135,191,48,50,56,92,147,67,112,61,38,165,193,9,33,16,91,88,70,71,162,20,188,144,184,35,157,78,128,101,86,76,80,100,30,134,27,195,97,58,151,175,6,1,117,2,169,142,137,158,62,120,3,95,149,107,55,14,13,111,32,148,83,129,24,150,103,140,69,159,40,116,105,99,106,194,180,178,192,10,66,145,102,185,171,0,85,104,17,53,155,146,63,31,29,90,125,190,109,130,5,39,113,43,187,179,96,141,98,114,64,79,177,47,132,75,163,133,81,153,166,189,28,8,36,22,52,93,19,87,121,51];False
2830;6790;9620;[108,183,65,41,127,60,42,119,26,161,115,152,49,54,197,168,74,37,94,118,124,44,34,198,174,196,167,15,156,21,73,82,131,110,181,68,123,45,138,126,143,160,173,18,199,12,7,136,89,46,164,4,84,122,25,23,77,57,186,170,176,72,154,172,59,11,182,139,135,191,48,50,56,92,147,67,32,61,38,165,193,9,33,16,91,88,70,71,162,20,188,144,184,35,157,78,128,101,86,76,80,100,30,134,27,195,97,58,151,175,6,1,117,2,169,142,137,158,62,120,3,95,149,107,55,14,13,111,52,148,83,129,24,150,103,140,69,159,40,116,105,99,106,194,180,178,192,10,66,145,102,185,171,0,85,104,17,53,155,146,63,31,29,90,125,190,109,130,5,39,113,43,187,179,96,141,98,114,64,79,177,47,132,75,163,133,81,153,166,189,28,8,36,22,112,93,19,87,121,51];False
2807;6801;9608;[108,183,65,41,127,60,42,119,26,161,115,152,49,54,197,168,74,37,94,118,124,44,34,198,174,196,167,15,156,21,73,82,131,110,181,68,123,45,138,126,143,160,173,18,199,12,7,136,89,46,164,4,84,122,25,23,77,57,186,170,176,72,154,172,59,11,182,139,135,191,48,50,56,92,147,67,32,61,38,165,193,9,33,16,91,88,70,71,162,20,188,144,184,35,157,78,128,101,86,76,80,100,30,134,27,195,97,58,151,175,6,1,117,2,169,142,137,158,62,120,3,95,149,107,55,14,13,111,112,148,83,129,24,150,103,105,69,159,40,116,140,99,106,194,180,178,192,10,66,145,102,185,171,0,85,104,17,53,155,146,63,31,29,90,125,190,109,130,5,39,113,43,187,179,96,141,98,114,64,79,177,47,132,75,163,133,81,153,166,189,28,8,36,22,52,93,19,87,121,51];False
2702;6853;9555;[108,183,65,41,127,60,42,119,26,161,115,152,49,54,197,168,74,37,94,118,124,44,34,198,174,196,167,15,156,21,73,82,131,110,181,68,123,45,138,126,143,160,173,18,199,12,7,136,89,46,164,4,84,122,25,23,77,57,186,170,176,72,154,172,59,11,182,139,135,191,48,50,56,92,147,67,32,61,38,165,193,9,33,16,91,88,70,71,162,20,188,144,184,35,157,78,128,101,86,76,80,100,30,134,27,195,97,58,151,175,6,1,117,2,169,142,137,158,62,120,3,95,149,107,55,14,13,111,112,148,83,129,24,150,103,140,69,159,8,116,105,99,106,194,180,178,192,10,66,145,102,185,171,0,85,104,17,53,155,146,63,31,29,90,125,190,109,130,5,39,113,43,187,179,96,141,98,114,64,79,177,47,132,75,163,133,81,153,166,189,28,40,36,22,52,93,19,87,121,51];False
2668;6879;9547;[194,29,90,41,127,60,42,119,26,161,115,152,49,54,197,168,74,37,94,118,124,44,34,108,106,196,167,15,156,21,73,82,131,110,181,68,123,45,138,126,143,160,173,18,199,12,7,136,89,50,164,4,84,122,25,23,77,57,186,170,176,72,154,172,59,11,182,139,135,191,48,198,56,92,147,67,32,61,38,165,193,9,33,16,91,88,70,71,162,20,188,144,184,35,157,78,128,101,86,76,80,100,30,134,27,195,97,58,151,175,6,1,117,2,169,142,137,158,62,120,3,95,149,107,55,14,13,111,112,148,83,129,24,150,103,140,69,159,40,116,105,99,174,46,180,178,192,10,66,145,102,185,171,0,85,104,17,53,155,146,63,31,183,65,125,190,109,130,5,39,113,43,187,179,96,141,98,114,64,79,177,47,132,75,163,133,81,153,166,189,28,8,36,22,52,93,19,87,121,51];False
2679;6863;9542;[198,29,90,41,127,60,42,47,26,161,115,152,49,54,197,168,74,37,94,118,124,44,34,108,106,196,167,15,156,21,73,82,131,110,181,68,123,45,138,126,143,160,173,18,199,12,7,136,89,50,164,4,84,122,25,23,77,57,186,170,176,72,154,172,59,11,182,139,135,191,48,194,56,92,147,67,32,61,38,165,193,9,33,16,91,88,70,71,162,20,188,144,184,35,157,78,128,101,86,76,80,100,30,134,27,195,97,58,151,175,6,1,117,2,169,142,137,158,62,120,3,95,149,107,55,14,13,111,112,148,83,129,24,150,103,140,69,159,40,116,105,99,174,46,180,178,192,10,66,145,102,185,171,0,85,104,17,53,155,146,63,31,183,65,125,190,109,130,5,39,113,43,187,179,96,141,98,114,64,79,177,119,132,75,163,133,81,153,166,189,28,8,36,22,52,93,19,87,121,51];False
2623;6891;9514;[198,29,90,41,127,60,42,119,26,161,115,152,49,54,197,168,74,37,94,118,124,44,34,108,106,196,167,15,156,21,73,82,131,110,181,68,123,45,55,126,143,160,173,18,199,12,7,136,89,50,164,4,84,122,25,23,77,57,186,170,176,72,154,172,59,11,182,139,135,191,48,194,56,92,147,67,32,61,38,165,193,9,33,16,91,88,70,71,162,20,188,144,184,35,157,78,128,101,86,76,80,100,30,134,27,195,97,58,151,175,6,1,117,2,169,142,137,158,62,120,3,95,149,107,138,14,13,111,112,148,83,129,24,150,103,140,69,159,40,116,105,99,174,46,180,178,192,10,66,145,102,185,171,0,85,104,17,53,155,146,63,31,183,65,125,190,109,130,5,39,113,43,187,179,96,141,98,114,64,79,177,47,132,75,163,133,81,153,166,189,28,8,36,22,52,93,19,87,121,51];False
2663;6875;9538;[198,29,90,41,127,60,42,119,26,161,115,152,49,54,197,168,74,37,94,118,124,44,34,108,106,196,167,15,156,21,73,82,131,110,181,68,123,45,138,126,143,160,173,18,199,12,7,136,89,50,180,4,84,122,25,23,77,57,186,170,176,72,154,172,59,11,182,139,135,191,48,194,56,92,147,67,32,61,38,165,193,9,33,16,91,88,70,71,162,20,188,144,184,35,157,78,128,101,86,76,80,100,30,134,27,195,97,58,151,175,6,1,117,2,169,142,137,158,62,120,3,95,149,107,55,14,13,111,112,148,83,129,24,150,103,140,69,159,40,116,105,99,174,46,164,178,192,10,66,145,102,185,171,0,85,104,17,53,155,146,63,31,183,65,125,190,109,130,5,39,113,43,187,179,96,141,98,114,64,79,177,47,132,75,163,133,81,153,166,189,28,8,36,22,52,93,19,87,121,51];False
2660;6869;9529;[198,29,90,41,127,60,42,119,26,161,115,152,49,54,197,168,74,37,94,118,124,44,34,108,106,196,167,15,156,21,73,82,131,110,181,68,123,45,138,126,143,160,173,18,199,12,7,136,89,50,164,4,84,122,25,23,77,57,186,170,176,72,154,172,59,11,182,139,135,191,105,194,56,92,147,67,32,61,38,165,193,9,33,16,91,88,70,71,162,20,188,144,184,35,157,78,128,101,86,76,80,100,30,134,27,195,97,58,151,175,6,1,117,2,169,142,137,158,62,120,3,95,149,107,55,14,13,111,112,148,83,129,24,150,103,140,69,159,40,116,48,99,174,46,180,178,192,10,66,145,102,185,171,0,85,104,17,53,155,146,63,31,183,65,125,190,109,130,5,39,113,43,187,179,96,141,98,114,64,79,177,47,132,75,163,133,81,153,166,189,28,8,36,22,52,93,19,87,121,51];False
2644;6879;9523;[198,29,90,41,127,60,42,119,26,161,115,152,49,54,197,168,74,37,94,118,124,44,34,108,106,196,167,15,156,21,73,82,131,110,181,68,123,45,138,126,143,160,173,18,199,12,7,136,89,50,164,4,84,122,25,23,77,57,186,170,176,72,154,172,59,11,182,139,135,191,48,194,56,92,147,67,32,61,19,165,193,9,33,16,91,88,70,71,162,20,188,144,184,35,157,78,128,101,86,76,80,100,30,134,27,195,97,58,151,175,6,1,117,2,169,142,137,158,62,120,3,95,149,107,55,14,13,111,112,148,83,129,24,150,103,140,69,159,40,116,105,99,174,46,180,178,192,10,66,145,102,185,171,0,85,104,17,53,155,146,63,31,183,65,125,190,109,130,5,39,113,43,187,179,96,141,98,114,64,79,177,47,132,75,163,133,81,153,166,189,28,8,36,22,52,93,38,87,121,51];False
2650;6877;9527;[198,29,90,41,127,60,42,119,26,161,115,152,49,54,197,168,74,37,94,118,124,44,34,108,106,196,167,15,156,21,73,82,131,110,181,68,123,45,138,126,143,160,173,18,199,12,7,136,89,50,164,4,84,122,25,23,77,57,186,170,176,72,154,172,59,11,182,139,135,191,48,194,56,92,147,67,32,61,38,165,193,9,33,16,91,88,70,71,162,20,188,144,184,35,157,78,128,101,86,76,80,100,30,134,27,195,97,58,151,175,6,1,117,2,169,142,163,158,62,120,3,95,149,107,55,14,13,111,112,148,83,129,24,150,103,140,69,159,40,116,105,99,174,46,180,178,192,10,66,145,102,185,171,0,85,104,17,53,155,146,63,31,183,65,125,190,109,130,5,39,113,43,187,179,96,141,98,114,64,79,177,47,132,75,137,133,81,153,166,189,28,8,36,22,52,93,19,87,121,51];False
2685;6862;9547;[198,29,90,41,127,60,42,47,26,161,115,152,49,54,197,168,74,37,94,118,124,44,34,108,106,196,167,15,156,21,73,82,131,110,181,68,123,45,138,126,143,160,173,18,199,12,7,136,89,46,180,4,84,122,25,23,77,57,186,170,176,72,154,172,59,11,182,139,135,191,48,194,56,92,147,67,32,61,38,165,193,9,33,16,91,88,70,71,162,20,188,144,184,35,157,78,128,101,86,76,80,100,30,134,27,195,97,58,151,175,6,1,117,2,169,142,137,158,62,120,3,95,149,107,55,14,13,111,112,148,83,129,24,150,103,140,69,159,40,116,105,99,174,50,164,178,192,10,66,145,102,185,171,0,85,104,17,53,155,146,63,31,183,65,125,190,109,130,5,39,113,43,187,179,96,141,98,114,64,79,177,119,132,75,163,133,81,153,166,189,28,8,36,22,52,93,19,87,121,51];False
2618;6888;9506;[198,29,90,41,127,60,42,119,26,161,115,152,49,54,197,168,74,37,94,118,124,44,34,4,106,196,167,15,156,21,73,82,131,110,181,68,123,45,138,126,143,160,173,18,199,12,7,136,89,46,180,108,84,122,25,23,77,57,186,170,176,72,154,172,59,11,182,139,135,191,48,194,56,92,147,67,32,61,38,165,193,9,33,16,91,88,70,71,162,20,188,144,184,35,157,78,128,101,86,76,80,100,30,134,27,195,97,58,151,175,6,1,117,2,169,142,137,158,62,120,3,95,149,107,55,14,13,111,112,148,83,129,24,150,103,140,69,159,40,116,105,99,174,50,164,178,192,10,66,145,102,185,171,0,85,104,17,53,155,146,63,31,183,65,125,190,109,130,5,39,113,43,187,179,96,141,98,114,64,79,177,47,132,75,163,133,81,153,166,189,28,8,36,22,52,93,19,87,121,51];False
2666;6868;9534;[198,29,90,41,127,60,42,119,26,161,115,152,49,54,197,168,74,37,94,118,124,44,34,108,106,196,167,15,156,21,73,82,131,110,181,68,123,45,138,126,143,160,173,18,199,12,7,136,89,46,180,4,84,122,25,23,77,57,186,170,176,72,154,172,59,11,182,139,135,191,105,194,56,92,147,67,32,61,38,165,193,9,33,16,91,88,70,71,162,20,188,144,184,35,157,78,128,101,86,76,80,100,30,134,27,195,97,58,151,175,6,1,117,2,169,142,137,158,62,120,3,95,149,107,55,14,13,111,112,148,83,129,24,150,103,140,69,159,40,116,48,99,174,50,164,178,192,10,66,145,102,185,171,0,85,104,17,53,155,146,63,31,183,65,125,190,109,130,5,39,113,43,187,179,96,141,98,114,64,79,177,47,132,75,163,133,81,153,166,189,28,8,36,22,52,93,19,87,121,51];False
2647;6877;9524;[198,29,90,41,127,60,42,119,26,161,115,152,49,54,197,168,74,37,94,118,124,44,34,108,106,196,167,15,156,21,73,82,131,110,181,68,123,45,138,126,143,160,173,18,199,12,7,136,89,46,180,4,84,122,25,23,77,57,186,170,176,72,154,172,59,11,182,139,135,191,50,194,56,92,147,67,32,61,38,165,193,9,33,16,91,88,70,71,162,20,188,144,184,35,157,78,128,101,86,76,80,100,30,134,27,195,97,58,151,175,6,1,117,2,169,142,137,158,62,120,3,95,149,107,55,14,13,111,112,148,83,129,24,150,103,140,69,159,40,116,105,99,174,48,164,178,192,10,66,145,102,185,171,0,85,104,17,53,155,146,63,31,183,65,125,190,109,130,5,39,113,43,187,179,96,141,98,114,64,79,177,47,132,75,163,133,81,153,166,189,28,8,36,22,52,93,19,87,121,51];False
2656;6876;9532;[198,29,90,41,127,60,42,119,26,161,115,152,49,54,197,168,74,37,94,118,124,44,34,108,106,196,167,15,156,21,73,82,131,110,181,68,123,45,138,126,143,160,173,18,199,12,7,136,89,46,180,4,84,122,25,23,77,57,186,170,176,72,154,172,59,11,182,139,135,191,48,194,56,92,147,67,32,61,38,165,193,9,33,16,91,88,70,71,162,20,188,144,184,35,157,78,128,101,86,76,80,100,30,134,27,195,97,58,151,175,6,1,117,2,169,142,163,158,62,120,3,95,149,107,55,14,13,111,112,148,83,129,24,150,103,140,69,159,40,116,105,99,174,50,164,178,192,10,66,145,102,185,171,0,85,104,17,53,155,146,63,31,183,65,125,190,109,130,5,39,113,43,187,179,96,141,98,114,64,79,177,47,132,75,137,133,81,153,166,189,28,8,36,22,52,93,19,87,121,51];False
3180;6683;9863;[198,29,90,41,127,60,177,47,26,161,115,152,49,54,197,168,74,37,94,118,124,44,34,108,174,196,167,15,156,21,73,82,131,110,181,68,123,45,138,126,143,160,173,18,199,12,7,136,89,46,164,4,84,122,25,23,77,57,186,170,176,72,154,172,59,11,182,139,135,191,48,50,56,92,147,67,32,61,38,165,193,157,190,16,91,88,70,71,162,20,188,144,184,8,9,78,128,101,86,76,80,100,30,134,27,2,97,58,151,175,6,1,117,195,169,142,137,158,62,120,3,95,149,107,55,14,13,111,52,148,83,129,24,150,103,105,69,159,40,116,140,99,106,194,180,178,192,10,66,145,102,185,171,0,85,104,17,53,155,146,63,31,183,65,125,28,109,130,5,39,113,43,187,179,96,141,98,114,64,79,42,119,132,75,163,133,81,153,166,189,33,35,36,22,112,93,19,87,121,51];False
3156;6688;9844;[198,29,90,41,127,60,177,47,26,161,115,152,49,54,197,168,74,37,94,118,124,44,34,108,174,196,167,15,156,21,73,82,131,110,181,68,123,45,138,126,143,160,173,18,199,12,7,136,89,46,164,4,84,122,25,23,77,57,186,170,176,72,154,172,59,11,182,139,135,191,48,50,56,92,147,67,32,61,38,165,193,16,190,109,91,88,70,71,162,20,188,144,184,8,157,78,128,101,86,76,80,100,30,134,27,195,97,58,151,175,6,1,117,2,169,142,137,158,62,120,3,95,149,107,55,14,13,111,52,148,83,129,24,150,103,105,69,159,40,116,140,99,106,194,180,178,192,10,66,145,102,185,171,0,85,104,17,53,155,146,63,31,183,65,125,28,9,130,5,39,113,43,187,179,96,141,98,114,64,79,42,119,132,75,163,133,81,153,166,189,33,35,36,22,112,93,19,87,121,51];False
3188;6680;9868;[198,29,90,41,127,60,177,47,26,161,115,152,49,54,197,168,74,37,94,118,124,44,34,108,174,196,167,15,156,21,73,82,131,110,181,68,123,45,138,126,143,160,173,18,199,12,7,136,89,46,164,4,84,122,25,23,77,57,186,170,176,72,154,172,59,11,182,139,135,191,48,50,56,92,147,67,32,61,38,165,193,109,190,16,91,88,70,71,162,20,188,144,184,8,157,78,128,101,86,76,80,100,30,134,27,195,97,58,151,175,6,1,117,2,169,142,163,158,62,120,3,95,149,107,55,14,13,111,52,148,83,129,24,150,103,105,69,159,40,116,140,99,106,194,180,178,192,10,66,145,102,185,171,0,85,104,17,53,155,146,63,31,183,65,125,28,9,130,5,39,113,43,187,179,96,141,98,114,64,79,42,119,132,75,137,133,81,153,166,189,33,35,36,22,112,93,19,87,121,51];False
3139;6692;9831;[198,29,90,41,127,60,177,47,26,161,115,152,49,54,197,168,74,37,94,118,124,44,34,108,174,196,167,15,156,21,73,82,131,110,181,68,123,45,138,126,143,160,173,18,199,12,7,136,89,46,164,4,84,122,25,23,77,57,186,170,176,72,154,172,59,11,182,139,135,191,48,50,56,92,147,67,32,61,38,165,193,109,190,16,91,88,70,71,162,20,188,144,184,8,157,78,128,101,86,76,80,100,30,134,27,195,97,58,151,175,6,1,117,2,169,142,137,158,62,120,3,95,149,107,55,14,13,111,52,148,83,129,24,150,103,105,69,159,40,116,104,99,106,194,180,178,192,10,66,145,102,185,171,0,85,140,17,53,155,146,63,31,183,65,125,28,9,130,5,39,113,43,187,179,96,141,98,114,64,79,42,119,132,75,163,133,81,153,166,189,33,35,36,22,112,93,19,87,121,51];False
3187;6681;9868;[198,29,90,41,127,60,177,47,26,161,115,152,49,54,197,168,74,37,94,118,124,44,34,108,174,196,167,15,156,21,73,82,131,110,181,68,123,45,138,126,143,160,173,18,199,12,7,136,89,46,164,4,84,122,25,23,77,57,186,170,176,72,154,172,59,11,182,139,135,191,48,50,56,92,147,67,32,61,38,165,193,9,190,16,91,88,70,71,162,20,188,144,184,8,157,78,128,101,86,76,80,100,30,134,27,2,97,58,151,175,6,1,117,195,169,142,163,158,62,120,3,95,149,107,55,14,13,111,52,148,83,129,24,150,103,105,69,159,40,116,140,99,106,194,180,178,192,10,66,145,102,185,171,0,85,104,17,53,155,146,63,31,183,65,125,28,109,130,5,39,113,43,187,179,96,141,98,114,64,79,42,119,132,75,137,133,81,153,166,189,33,35,36,22,112,93,19,87,121,51];False
3138;6693;9831;[198,29,90,41,127,60,177,47,26,161,115,152,49,54,197,168,74,37,94,118,124,44,34,108,174,196,167,15,156,21,73,82,131,110,181,68,123,45,138,126,143,160,173,18,199,12,7,136,89,46,164,4,84,122,25,23,77,57,186,170,176,72,154,172,59,11,182,139,135,191,48,50,56,92,147,67,32,61,38,165,193,9,190,16,91,88,70,71,162,20,188,144,184,8,157,78,128,101,86,76,80,100,30,134,27,2,97,58,151,175,6,1,117,195,169,142,137,158,62,120,3,95,149,107,55,14,13,111,52,148,83,129,24,150,103,105,69,159,40,116,104,99,106,194,180,178,192,10,66,145,102,185,171,0,85,140,17,53,155,146,63,31,183,65,125,28,109,130,5,39,113,43,187,179,96,141,98,114,64,79,42,119,132,75,163,133,81,153,166,189,33,35,36,22,112,93,19,87,121,51];False
3133;6693;9826;[198,29,90,41,127,60,177,47,26,161,115,152,49,54,197,168,74,37,94,118,124,44,34,108,174,196,167,15,156,21,73,82,131,110,181,68,123,45,138,126,143,160,173,18,199,12,7,136,89,46,164,4,84,122,25,23,77,57,186,170,176,72,154,172,59,11,182,139,135,191,48,50,56,92,147,67,32,61,38,165,193,157,33,16,91,88,70,71,162,20,188,144,184,8,9,78,128,101,86,76,80,100,30,134,27,2,97,58,151,175,6,1,117,195,169,142,137,158,62,120,3,95,149,107,55,14,13,111,52,148,83,129,24,150,103,105,69,159,40,116,140,99,106,194,180,178,192,10,66,145,102,185,171,0,85,104,17,53,155,146,63,31,183,65,125,190,109,130,5,39,113,43,187,179,96,141,98,114,64,79,42,119,132,75,163,133,81,153,166,189,28,35,36,22,112,93,19,87,121,51];False
3122;6697;9819;[198,29,90,41,127,60,177,47,26,161,115,152,49,54,197,168,74,37,94,118,124,44,34,108,174,196,167,15,156,21,73,82,131,110,181,68,123,45,138,126,143,160,173,18,199,12,7,136,89,46,164,4,84,122,25,23,77,57,186,170,176,72,154,172,59,11,182,139,135,191,48,50,56,92,147,67,32,61,38,165,193,157,33,16,91,88,70,71,162,20,188,144,184,8,9,78,128,101,86,76,80,100,30,134,27,195,97,58,151,175,6,1,117,2,169,142,163,158,62,120,3,95,149,107,55,14,13,111,52,148,83,129,24,150,103,105,69,159,40,116,140,99,106,194,180,178,192,10,66,145,102,185,171,0,85,104,17,53,155,146,63,31,183,65,125,190,109,130,5,39,113,43,187,179,96,141,98,114,64,79,42,119,132,75,137,133,81,153,166,189,28,35,36,22,112,93,19,87,121,51];False
3152;6688;9840;[198,29,90,41,127,60,177,47,26,161,115,152,49,54,197,168,74,37,94,118,124,44,34,108,174,196,167,15,156,21,73,82,131,110,181,68,123,45,138,126,143,160,173,18,199,12,7,136,89,46,164,4,84,122,25,23,77,57,186,170,176,72,154,172,59,11,182,139,135,191,48,50,56,92,147,67,32,61,38,165,193,157,33,16,91,88,70,71,162,20,188,144,184,8,9,78,128,101,86,76,80,100,30,134,27,195,97,58,151,175,6,1,117,2,169,142,137,158,62,120,3,95,149,107,55,14,13,111,52,148,83,129,24,150,103,105,69,159,40,116,140,99,106,194,180,178,192,109,66,145,102,185,171,0,85,104,17,53,155,146,63,31,183,65,125,190,10,130,5,39,113,43,187,179,96,141,98,114,64,79,42,119,132,75,163,133,81,153,166,189,28,35,36,22,112,93,19,87,121,51];False
3075;6705;9780;[198,29,90,41,127,60,177,47,26,161,115,152,49,54,197,168,74,37,94,118,124,44,34,108,174,196,167,15,156,21,73,82,131,110,181,68,123,45,138,126,143,160,173,18,199,12,7,136,89,46,164,4,84,122,25,23,77,57,186,170,176,72,154,172,59,11,182,139,135,191,48,50,56,92,147,67,32,61,19,165,193,9,33,16,91,88,70,71,162,20,188,144,184,35,157,78,128,101,86,76,80,100,30,134,27,195,97,58,151,175,6,1,117,2,169,142,137,158,62,120,3,95,149,107,55,14,13,111,52,148,83,129,24,150,103,105,69,159,40,116,140,99,106,194,180,178,192,10,66,145,102,185,171,0,85,104,17,53,155,146,63,31,183,65,125,190,109,130,5,39,113,43,187,179,96,141,98,114,64,79,42,119,132,75,163,133,81,153,166,189,28,8,36,22,112,93,38,87,121,51];True
3092;6699;9791;[198,29,90,41,127,60,177,47,26,161,115,152,49,54,197,168,74,37,94,118,124,44,34,108,174,196,167,15,156,21,73,82,131,110,181,68,123,45,138,126,143,160,173,18,199,12,7,136,89,46,164,4,84,122,25,23,77,57,186,170,176,72,154,172,59,11,182,139,135,191,48,50,56,92,147,67,32,61,38,165,193,9,33,16,91,88,70,71,162,20,188,144,184,35,157,78,128,101,86,76,80,100,30,134,27,2,97,58,151,175,6,1,117,195,169,142,137,158,62,120,3,95,149,107,55,14,13,111,52,148,83,129,24,150,103,105,69,159,40,116,140,99,106,194,180,178,192,10,66,145,102,185,171,0,85,104,17,53,155,146,63,31,183,65,125,190,109,130,5,39,113,43,187,179,96,141,98,114,64,79,42,119,132,75,163,133,81,153,166,189,28,8,36,22,112,93,19,87,121,51];False
3053;6712;9765;[198,29,90,41,127,60,177,47,26,161,115,152,49,54,197,168,74,37,94,118,124,44,34,108,174,196,167,15,156,21,73,82,131,110,181,68,140,45,138,126,143,160,173,18,199,12,7,136,89,46,164,4,84,122,25,23,77,57,186,170,176,72,154,172,59,11,182,139,135,191,48,50,56,92,147,67,32,61,38,165,193,9,33,16,91,88,70,71,162,20,188,144,184,35,157,78,128,101,86,76,80,100,30,134,27,195,97,58,151,175,6,1,117,2,169,142,137,158,62,120,3,95,149,107,55,14,13,111,52,148,83,129,24,150,103,105,69,159,40,116,123,99,106,194,180,178,192,10,66,145,102,185,171,0,85,104,17,53,155,146,63,31,183,65,125,190,109,130,5,39,113,43,187,179,96,141,98,114,64,79,42,119,132,75,163,133,81,153,166,189,28,8,36,22,112,93,19,87,121,51];False
3136;6692;9828;[198,29,90,41,127,60,177,47,26,161,115,152,49,54,197,168,74,37,94,118,124,44,34,108,174,196,167,15,156,21,73,82,131,110,181,68,123,45,138,126,143,160,173,18,171,12,7,136,89,46,164,4,84,122,25,23,77,57,186,170,176,72,154,172,59,11,182,139,135,191,48,50,56,92,147,67,32,61,38,165,193,9,33,16,91,88,70,71,162,20,188,144,184,35,157,78,128,101,86,76,80,100,30,134,27,195,97,58,151,175,6,1,117,2,169,142,137,158,62,120,3,95,149,107,55,14,13,111,52,148,83,129,24,150,103,105,69,159,40,116,140,99,106,194,180,178,192,10,66,145,102,185,199,0,85,104,17,53,155,146,63,31,183,65,125,190,109,130,5,39,113,43,187,179,96,141,98,114,64,79,42,119,132,75,163,133,81,153,166,189,28,8,36,22,112,93,19,87,121,51];False
3081;6703;9784;[198,29,90,41,127,60,177,47,26,161,115,152,49,54,197,168,74,37,94,118,124,44,34,108,174,196,167,15,156,21,73,82,131,110,181,68,123,45,138,126,143,160,173,18,199,12,7,136,89,46,164,4,84,122,25,23,77,57,186,170,176,72,154,172,59,11,182,139,135,191,48,50,56,92,147,67,32,61,38,165,193,9,33,16,91,88,70,71,162,20,188,144,184,35,157,78,128,101,86,76,80,100,30,134,27,195,97,58,151,175,6,1,117,2,169,142,163,158,62,120,3,95,149,107,55,14,13,111,52,148,83,129,24,150,103,105,69,159,40,116,140,99,106,194,180,178,192,10,66,145,102,185,171,0,85,104,17,53,155,146,63,31,183,65,125,190,109,130,5,39,113,43,187,179,96,141,98,114,64,79,42,119,132,75,137,133,81,153,166,189,28,8,36,22,112,93,19,87,121,51];True
3032;6717;9749;[198,29,90,41,127,60,177,47,26,161,115,152,49,54,197,168,74,37,94,118,124,44,34,108,174,196,167,15,156,21,73,82,131,110,181,68,123,45,138,126,143,160,173,18,199,12,7,136,89,46,164,4,84,122,25,23,77,57,186,170,176,72,154,172,59,11,182,139,135,191,48,50,56,92,147,67,32,61,38,165,193,9,33,16,91,88,70,71,162,20,188,144,184,35,157,78,128,101,86,76,80,100,30,134,27,195,97,58,151,175,6,1,117,2,169,142,137,158,62,120,3,95,149,107,55,14,13,111,52,148,83,129,24,150,103,105,69,159,40,104,140,99,106,194,180,178,192,10,66,145,102,185,171,0,85,116,17,53,155,146,63,31,183,65,125,190,109,130,5,39,113,43,187,179,96,141,98,114,64,79,42,119,132,75,163,133,81,153,166,189,28,8,36,22,112,93,19,87,121,51];False
3032;6715;9747;[198,29,90,41,127,60,177,47,26,161,115,152,49,54,197,168,74,37,94,118,124,44,34,108,174,196,167,15,156,21,73,82,131,110,181,68,123,45,138,126,143,160,173,18,199,12,7,136,89,46,164,4,84,122,25,23,77,57,186,170,176,72,154,172,59,11,182,139,135,191,48,50,56,92,147,67,32,61,38,165,193,9,33,16,91,88,70,71,162,20,188,144,184,35,157,78,128,101,86,76,80,100,30,134,27,195,97,58,151,175,6,1,117,2,169,142,137,158,62,120,3,95,149,107,55,14,13,111,52,148,83,129,24,150,103,105,69,159,40,116,104,99,106,194,180,178,192,10,66,145,102,185,171,0,85,140,17,53,155,146,63,31,183,65,125,190,109,130,5,39,113,43,187,179,96,141,98,114,64,79,42,119,132,75,163,133,81,153,166,189,28,8,36,22,112,93,19,87,121,51];True
3111;6694;9805;[198,29,90,41,127,60,177,47,26,161,115,152,49,54,197,168,74,37,94,118,124,44,34,108,174,196,167,15,156,21,73,82,131,110,181,68,123,45,138,126,143,160,173,18,199,12,7,136,89,46,164,4,84,122,25,23,77,57,186,170,176,72,154,172,59,11,182,139,135,191,48,50,56,92,147,67,32,61,38,165,193,9,33,16,91,88,70,71,162,20,188,144,184,35,157,78,128,101,86,76,80,100,30,134,27,195,97,58,151,175,6,1,117,2,169,142,137,158,62,120,3,95,149,107,55,14,13,111,52,148,83,129,24,150,103,105,69,159,40,116,140,99,106,194,180,178,192,109,66,145,102,185,171,0,85,104,17,53,155,146,63,31,183,65,125,190,10,130,5,39,113,43,187,179,96,141,98,114,64,79,42,119,132,75,163,133,81,153,166,189,28,8,36,22,112,93,19,87,121,51];False
3194;6679;9873;[198,29,90,41,127,60,177,47,26,161,115,152,49,54,197,168,74,37,94,118,124,44,34,108,174,196,167,15,156,21,73,82,131,110,181,68,123,45,138,126,143,160,173,18,199,12,7,136,89,46,164,4,84,122,25,23,77,57,186,170,176,72,154,172,59,11,182,139,135,191,48,50,56,92,147,67,32,61,38,165,193,9,33,16,91,88,70,71,162,20,188,144,184,8,157,78,128,101,86,76,80,100,30,134,27,195,97,58,151,175,6,1,117,2,169,142,163,158,62,120,3,95,149,107,55,14,13,111,52,148,83,129,24,150,103,105,69,159,40,116,140,99,106,194,180,178,192,109,66,145,102,185,171,0,85,104,17,53,155,146,63,31,183,65,125,190,10,130,5,39,113,43,187,179,96,141,98,114,64,79,42,119,132,75,137,133,81,153,166,189,28,35,36,22,112,93,19,87,121,51];False
3145;6691;9836;[198,29,90,41,127,60,177,47,26,161,115,152,49,54,197,168,74,37,94,118,124,44,34,108,174,196,167,15,156,21,73,82,131,110,181,68,123,45,138,126,143,160,173,18,199,12,7,136,89,46,164,4,84,122,25,23,77,57,186,170,176,72,154,172,59,11,182,139,135,191,48,50,56,92,147,67,32,61,38,165,193,9,33,16,91,88,70,71,162,20,188,144,184,8,157,78,128,101,86,76,80,100,30,134,27,195,97,58,151,175,6,1,117,2,169,142,137,158,62,120,3,95,149,107,55,14,13,111,52,148,83,129,24,150,103,105,69,159,40,116,104,99,106,194,180,178,192,109,66,145,102,185,171,0,85,140,17,53,155,146,63,31,183,65,125,190,10,130,5,39,113,43,187,179,96,141,98,114,64,79,42,119,132,75,163,133,81,153,166,189,28,35,36,22,112,93,19,87,121,51];False
2998;6726;9724;[198,29,90,41,127,60,42,47,26,161,115,152,49,54,197,168,74,37,94,118,124,44,34,108,174,196,167,15,156,21,73,82,131,110,181,68,123,45,138,126,143,160,173,18,199,12,7,136,89,46,164,4,84,122,25,23,77,57,186,170,176,72,154,172,59,11,182,139,135,191,48,50,56,92,147,67,32,61,38,165,193,9,33,16,91,88,70,71,162,20,188,144,184,35,157,78,128,101,86,76,80,100,30,134,27,195,97,58,151,175,6,1,117,2,169,142,137,158,62,120,3,95,149,107,55,14,13,111,52,148,83,129,24,150,103,105,69,159,40,116,104,99,106,194,180,178,192,10,66,145,102,185,171,0,85,140,17,53,155,146,63,31,183,65,125,190,109,130,5,39,113,43,187,179,96,177,98,114,64,79,141,119,132,75,163,133,81,153,166,189,28,8,36,22,112,93,19,87,121,51];True
3019;6723;9742;[198,29,90,41,127,60,42,47,26,161,115,152,49,54,197,168,74,37,94,118,124,44,34,108,174,196,167,15,156,21,73,82,131,110,181,68,140,45,138,126,143,160,173,18,199,12,7,136,89,46,164,4,84,122,25,23,77,57,186,170,176,72,154,172,59,11,182,139,135,191,48,50,56,92,147,67,32,61,38,165,193,9,33,16,91,88,70,71,162,20,188,144,184,35,157,78,128,101,86,76,80,100,30,134,27,195,97,58,151,175,6,1,117,2,169,142,137,158,62,120,3,95,149,107,55,14,13,111,52,148,83,129,24,150,103,105,69,159,40,116,123,99,106,194,180,178,192,10,66,145,102,185,171,0,85,104,17,53,155,146,63,31,183,65,125,190,109,130,5,39,113,43,187,179,96,177,98,114,64,79,141,119,132,75,163,133,81,153,166,189,28,8,36,22,112,93,19,87,121,51];False
3047;6714;9761;[198,29,90,41,127,60,42,47,26,161,115,152,49,54,197,168,74,37,94,118,124,44,34,108,174,196,167,15,156,21,73,82,131,110,181,68,123,45,138,126,143,160,173,18,199,12,7,136,89,46,164,4,84,122,25,23,77,57,186,170,176,72,154,172,59,11,182,139,135,191,48,50,56,92,147,67,32,61,38,165,193,9,33,16,91,88,70,71,162,20,188,144,184,35,157,78,128,101,86,76,80,100,30,134,27,195,97,58,151,175,6,1,117,2,169,142,163,158,62,120,3,95,149,107,55,14,13,111,52,148,83,129,24,150,103,105,69,159,40,116,140,99,106,194,180,178,192,10,66,145,102,185,171,0,85,104,17,53,155,146,63,31,183,65,125,190,109,130,5,39,113,43,187,179,96,177,98,114,64,79,141,119,132,75,137,133,81,153,166,189,28,8,36,22,112,93,19,87,121,51];True
2923;6758;9681;[198,29,90,41,127,60,42,47,26,161,115,152,49,54,197,168,74,37,94,118,124,44,34,108,174,196,167,15,156,21,73,82,131,110,181,68,123,45,138,126,143,160,173,18,199,12,7,136,89,46,164,4,84,122,25,23,77,57,186,170,176,72,154,172,59,11,182,139,135,191,48,50,56,92,147,67,32,61,19,165,193,9,33,16,91,88,70,71,162,20,188,144,184,35,157,78,128,101,86,76,80,100,30,134,27,195,97,58,151,175,6,1,117,2,169,142,137,158,62,120,3,95,149,107,55,14,13,111,112,148,83,129,24,150,103,105,69,159,40,116,104,99,106,194,180,178,192,10,66,145,102,185,171,0,85,140,17,53,155,146,63,31,183,65,125,190,109,130,5,39,113,43,187,179,96,177,98,114,64,79,141,119,132,75,163,133,81,153,166,189,28,8,36,22,52,93,38,87,121,51];False
2929;6756;9685;[198,29,90,41,127,60,42,47,26,161,115,152,49,54,197,168,74,37,94,118,124,44,34,108,174,196,167,15,156,21,73,82,131,110,181,68,123,45,138,126,143,160,173,18,199,12,7,136,89,46,164,4,84,122,25,23,77,57,186,170,176,72,154,172,59,11,182,139,135,191,48,50,56,92,147,67,32,61,38,165,193,9,33,16,91,88,70,71,162,20,188,144,184,35,157,78,128,101,86,76,80,100,30,134,27,195,97,58,151,175,6,1,117,2,169,142,163,158,62,120,3,95,149,107,55,14,13,111,112,148,83,129,24,150,103,105,69,159,40,116,104,99,106,194,180,178,192,10,66,145,102,185,171,0,85,140,17,53,155,146,63,31,183,65,125,190,109,130,5,39,113,43,187,179,96,177,98,114,64,79,141,119,132,75,137,133,81,153,166,189,28,8,36,22,52,93,19,87,121,51];False
2724;6834;9558;[198,155,90,41,127,60,42,119,26,161,115,152,49,54,197,168,74,37,94,118,124,44,34,108,8,196,167,15,156,21,73,82,131,110,181,68,123,45,138,126,143,160,173,18,199,12,7,136,89,46,164,4,84,122,25,23,77,57,186,170,176,72,154,172,59,11,182,139,135,191,48,50,56,92,147,67,32,61,38,165,193,157,33,16,91,88,70,71,162,20,188,144,184,174,9,78,128,101,86,76,80,100,30,134,27,195,97,58,151,175,6,1,117,2,169,142,137,158,62,120,3,95,149,107,55,14,13,111,112,148,83,129,24,150,103,140,69,159,40,116,105,99,106,194,180,178,192,10,66,145,102,185,171,0,85,104,17,53,183,146,63,31,29,65,125,190,109,130,5,39,113,43,187,179,96,141,98,114,64,79,177,47,132,75,163,133,81,153,166,189,28,35,36,22,52,93,19,87,121,51];False
2849;6789;9638;[198,155,90,41,127,60,42,119,26,161,115,152,49,54,197,168,74,37,94,118,124,44,34,108,174,196,167,15,156,21,73,82,131,110,181,68,123,45,138,126,143,160,173,18,199,12,7,136,89,46,164,4,84,122,25,23,77,57,186,170,176,72,154,172,59,11,182,139,135,191,48,50,56,92,147,67,32,61,38,165,193,157,33,16,91,88,70,71,162,20,188,144,184,8,9,78,128,101,86,76,80,100,30,134,27,195,97,58,151,175,6,1,117,2,169,142,137,158,62,120,3,95,149,107,55,14,13,111,112,148,83,129,24,150,103,105,69,159,40,116,140,99,106,194,180,178,192,10,66,145,102,185,171,0,85,104,17,53,183,146,63,31,29,65,125,190,109,130,5,39,113,43,187,179,96,141,98,114,64,79,177,47,132,75,163,133,81,153,166,189,28,35,36,22,52,93,19,87,121,51];False
2791;6800;9591;[198,155,90,41,127,60,42,47,26,161,115,152,49,54,197,168,74,37,94,118,124,44,34,108,174,196,167,15,156,21,73,82,131,110,181,68,123,45,138,126,143,160,173,18,199,12,7,136,89,46,164,4,84,122,25,23,77,57,186,170,176,72,154,172,59,11,182,139,135,191,48,50,56,92,147,67,32,61,38,165,193,9,33,16,91,88,70,71,162,20,188,144,184,35,157,78,128,101,86,76,80,100,30,134,27,195,97,58,151,175,6,1,117,2,169,142,137,158,62,120,3,95,149,107,55,14,13,111,112,148,83,129,24,150,103,140,69,159,40,116,105,99,106,194,180,178,192,10,66,145,102,185,171,0,85,104,17,53,183,146,63,31,29,65,125,190,109,130,5,39,113,43,187,179,96,141,98,114,64,79,177,119,132,75,163,133,81,153,166,189,28,8,36,22,52,93,19,87,121,51];True
2679;6859;9538;[198,155,90,41,127,60,42,119,26,161,115,152,49,54,197,168,74,37,94,118,124,44,34,108,174,196,167,15,156,21,73,82,131,110,25,68,123,45,138,126,143,160,173,18,199,12,7,136,89,46,164,4,84,122,181,23,77,57,186,170,176,72,154,172,59,11,182,139,135,191,48,50,56,92,147,67,32,61,38,165,193,9,33,16,91,88,70,71,162,20,188,144,184,35,157,78,128,101,86,76,80,100,30,134,27,195,97,58,151,175,6,1,117,2,169,142,137,158,62,120,3,95,149,107,55,14,13,111,112,148,83,129,24,150,103,140,69,159,40,116,105,99,106,194,180,178,192,10,66,145,102,185,171,0,85,104,17,53,183,146,63,31,29,65,125,190,109,130,5,39,113,43,187,179,96,141,98,114,64,79,177,47,132,75,163,133,81,153,166,189,28,8,36,22,52,93,19,87,121,51];False
2735;6828;9563;[198,155,90,41,127,60,42,119,26,161,115,152,49,54,197,168,74,37,94,118,124,44,34,108,174,196,167,15,156,21,73,82,131,110,181,68,123,45,55,126,143,160,173,18,199,12,7,136,89,46,164,4,84,122,25,23,77,57,186,170,176,72,154,172,59,11,182,139,135,191,48,50,56,92,147,67,32,61,38,165,193,9,33,16,91,88,70,71,162,20,188,144,184,35,157,78,128,101,86,76,80,100,30,134,27,195,97,58,151,175,6,1,117,2,169,142,137,158,62,120,3,95,149,107,138,14,13,111,112,148,83,129,24,150,103,140,69,159,40,116,105,99,106,194,180,178,192,10,66,145,102,185,171,0,85,104,17,53,183,146,63,31,29,65,125,190,109,130,5,39,113,43,187,179,96,141,98,114,64,79,177,47,132,75,163,133,81,153,166,189,28,8,36,22,52,93,19,87,121,51];False
2693;6852;9545;[198,155,90,41,127,60,42,119,26,161,115,152,49,54,197,168,74,37,94,118,124,44,34,108,174,196,167,15,156,21,73,82,131,110,181,68,123,45,138,126,143,160,173,18,199,12,7,136,89,46,164,4,84,122,24,23,77,57,186,170,176,72,154,172,59,11,182,139,135,191,48,50,56,92,147,67,32,61,38,165,193,9,33,16,91,88,70,71,162,20,188,144,184,35,157,78,128,101,86,76,80,100,30,134,27,195,97,58,151,175,6,1,117,2,169,142,137,158,62,120,3,95,149,107,55,14,13,111,112,148,83,129,25,150,103,140,69,159,40,116,105,99,106,194,180,178,192,10,66,145,102,185,171,0,85,104,17,53,183,146,63,31,29,65,125,190,109,130,5,39,113,43,187,179,96,141,98,114,64,79,177,47,132,75,163,133,81,153,166,189,28,8,36,22,52,93,19,87,121,51];False
2718;6845;9563;[198,155,90,41,127,60,42,119,26,161,115,152,49,54,197,168,74,37,94,118,124,44,34,108,174,196,167,15,156,21,73,82,131,110,181,68,123,45,138,126,143,160,173,18,199,12,7,136,89,46,164,4,84,122,25,23,77,57,186,170,176,72,150,172,59,11,182,139,135,191,48,50,56,92,147,67,32,61,38,165,193,9,33,16,91,88,70,71,162,20,188,144,184,35,157,78,128,101,86,76,80,100,30,134,27,195,97,58,151,175,6,1,117,2,169,142,137,158,62,120,3,95,149,107,55,14,13,111,112,148,83,129,24,154,103,140,69,159,40,116,105,99,106,194,180,178,192,10,66,145,102,185,171,0,85,104,17,53,183,146,63,31,29,65,125,190,109,130,5,39,113,43,187,179,96,141,98,114,64,79,177,47,132,75,163,133,81,153,166,189,28,8,36,22,52,93,19,87,121,51];False
2720;6842;9562;[198,155,90,41,127,60,42,119,26,161,115,152,49,54,197,168,74,37,94,118,124,44,34,108,174,196,167,15,156,21,73,82,131,110,181,68,123,45,138,126,143,160,173,18,199,12,7,136,89,46,164,4,84,122,25,23,77,57,186,170,176,72,154,172,59,11,182,139,55,191,48,50,56,92,147,67,32,61,38,165,193,9,33,16,91,88,70,71,162,20,188,144,184,35,157,78,128,101,86,76,80,100,30,134,27,195,97,58,151,175,6,1,117,2,169,142,137,158,62,120,3,95,149,107,135,14,13,111,112,148,83,129,24,150,103,140,69,159,40,116,105,99,106,194,180,178,192,10,66,145,102,185,171,0,85,104,17,53,183,146,63,31,29,65,125,190,109,130,5,39,113,43,187,179,96,141,98,114,64,79,177,47,132,75,163,133,81,153,166,189,28,8,36,22,52,93,19,87,121,51];False
2703;6848;9551;[198,155,90,41,127,60,42,119,26,161,115,152,49,54,197,168,74,37,94,118,124,44,34,108,174,196,167,15,156,21,73,82,131,110,181,68,123,45,138,126,143,160,173,18,199,12,7,136,89,46,164,4,84,122,25,23,77,57,186,170,176,72,154,172,59,11,182,139,135,191,50,48,56,92,147,67,32,61,38,165,193,9,33,16,91,88,70,71,162,20,188,144,184,35,157,78,128,101,86,76,80,100,30,134,27,195,97,58,151,175,6,1,117,2,169,142,137,158,62,120,3,95,149,107,55,14,13,111,112,148,83,129,24,150,103,140,69,159,40,116,105,99,106,194,180,178,192,10,66,145,102,185,171,0,85,104,17,53,183,146,63,31,29,65,125,190,109,130,5,39,113,43,187,179,96,141,98,114,64,79,177,47,132,75,163,133,81,153,166,189,28,8,36,22,52,93,19,87,121,51];False
2696;6848;9544;[198,155,90,41,127,60,42,119,26,161,115,152,49,54,197,168,74,37,94,118,124,44,34,108,174,196,167,15,156,21,73,82,131,110,181,68,123,45,138,126,143,160,173,18,199,12,7,136,89,46,164,4,84,122,25,23,77,57,186,170,176,72,154,172,59,11,182,139,135,191,48,50,56,92,147,67,112,61,38,165,193,9,33,16,91,88,70,71,162,20,188,144,184,35,157,78,128,101,86,76,80,100,30,134,27,195,97,58,151,175,6,1,117,2,169,142,137,158,62,120,3,95,149,107,55,14,13,111,32,148,83,129,24,150,103,140,69,159,40,116,105,99,106,194,180,178,192,10,66,145,102,185,171,0,85,104,17,53,183,146,63,31,29,65,125,190,109,130,5,39,113,43,187,179,96,141,98,114,64,79,177,47,132,75,163,133,81,153,166,189,28,8,36,22,52,93,19,87,121,51];False
2756;6816;9572;[198,155,90,41,127,60,42,119,26,161,115,152,49,54,197,168,74,37,94,118,124,44,34,108,174,196,167,15,156,21,73,82,131,110,181,68,123,45,138,126,143,160,173,18,199,12,7,136,89,46,164,4,84,122,25,23,77,57,186,170,176,72,154,172,59,11,182,139,135,191,48,50,56,92,147,67,32,61,19,165,193,9,33,16,91,88,70,71,162,20,188,144,184,35,157,78,128,101,86,76,80,100,30,134,27,195,97,58,151,175,6,1,117,2,169,142,137,158,62,120,3,95,149,107,55,14,13,111,112,148,83,129,24,150,103,140,69,159,40,116,105,99,106,194,180,178,192,10,66,145,102,185,171,0,85,104,17,53,183,146,63,31,29,65,125,190,109,130,5,39,113,43,187,179,96,141,98,114,64,79,177,47,132,75,163,133,81,153,166,189,28,8,36,22,52,93,38,87,121,51];False
2773;6810;9583;[198,155,90,41,127,60,42,119,26,161,115,152,49,54,197,168,74,37,94,118,124,44,34,108,174,196,167,15,156,21,73,82,131,110,181,68,123,45,138,126,143,160,173,18,199,12,7,136,89,46,164,4,84,122,25,23,77,57,186,170,176,72,154,172,59,11,182,139,135,191,48,50,56,92,147,67,32,61,38,165,193,9,33,16,91,88,70,71,162,20,188,144,184,35,157,78,128,101,86,76,80,100,30,134,27,2,97,58,151,175,6,1,117,195,169,142,137,158,62,120,3,95,149,107,55,14,13,111,112,148,83,129,24,150,103,140,69,159,40,116,105,99,106,194,180,178,192,10,66,145,102,185,171,0,85,104,17,53,183,146,63,31,29,65,125,190,109,130,5,39,113,43,187,179,96,141,98,114,64,79,177,47,132,75,163,133,81,153,166,189,28,8,36,22,52,93,19,87,121,51];False
2762;6814;9576;[198,155,90,41,127,60,42,119,26,161,115,152,49,54,197,168,74,37,94,118,124,44,34,108,174,196,167,15,156,21,73,82,131,110,181,68,123,45,138,126,143,160,173,18,199,12,7,136,89,46,164,4,84,122,25,23,77,57,186,170,176,72,154,172,59,11,182,139,135,191,48,50,56,92,147,67,32,61,38,165,193,9,33,16,91,88,70,71,162,20,188,144,184,35,157,78,128,101,86,76,80,100,30,134,27,195,97,58,151,175,6,1,117,2,169,142,163,158,62,120,3,95,149,107,55,14,13,111,112,148,83,129,24,150,103,140,69,159,40,116,105,99,106,194,180,178,192,10,66,145,102,185,171,0,85,104,17,53,183,146,63,31,29,65,125,190,109,130,5,39,113,43,187,179,96,141,98,114,64,79,177,47,132,75,137,133,81,153,166,189,28,8,36,22,52,93,19,87,121,51];False
2831;6784;9615;[198,155,90,41,127,60,42,119,26,161,115,152,49,54,197,168,74,37,94,118,124,44,34,108,174,196,167,15,156,21,73,82,131,110,181,68,123,45,138,126,143,160,173,18,199,12,7,136,89,46,164,4,84,122,25,23,77,57,186,170,176,72,154,172,59,11,182,139,135,191,48,50,56,92,147,67,32,61,38,165,193,9,33,16,91,88,70,71,162,20,188,144,184,35,157,78,128,101,86,76,80,100,30,134,27,195,97,58,151,175,6,1,117,2,169,142,137,158,62,120,3,95,149,107,55,14,13,111,52,148,83,129,24,150,103,140,69,159,40,116,105,99,106,194,180,178,192,10,66,145,102,185,171,0,85,104,17,53,183,146,63,31,29,65,125,190,109,130,5,39,113,43,187,179,96,141,98,114,64,79,177,47,132,75,163,133,81,153,166,189,28,8,36,22,112,93,19,87,121,51];False
2808;6795;9603;[198,155,90,41,127,60,42,119,26,161,115,152,49,54,197,168,74,37,94,118,124,44,34,108,174,196,167,15,156,21,73,82,131,110,181,68,123,45,138,126,143,160,173,18,199,12,7,136,89,46,164,4,84,122,25,23,77,57,186,170,176,72,154,172,59,11,182,139,135,191,48,50,56,92,147,67,32,61,38,165,193,9,33,16,91,88,70,71,162,20,188,144,184,35,157,78,128,101,86,76,80,100,30,134,27,195,97,58,151,175,6,1,117,2,169,142,137,158,62,120,3,95,149,107,55,14,13,111,112,148,83,129,24,150,103,105,69,159,40,116,140,99,106,194,180,178,192,10,66,145,102,185,171,0,85,104,17,53,183,146,63,31,29,65,125,190,109,130,5,39,113,43,187,179,96,141,98,114,64,79,177,47,132,75,163,133,81,153,166,189,28,8,36,22,52,93,19,87,121,51];True
2703;6847;9550;[198,155,90,41,127,60,42,119,26,161,115,152,49,54,197,168,74,37,94,118,124,44,34,108,174,196,167,15,156,21,73,82,131,110,181,68,123,45,138,126,143,160,173,18,199,12,7,136,89,46,164,4,84,122,25,23,77,57,186,170,176,72,154,172,59,11,182,139,135,191,48,50,56,92,147,67,32,61,38,165,193,9,33,16,91,88,70,71,162,20,188,144,184,35,157,78,128,101,86,76,80,100,30,134,27,195,97,58,151,175,6,1,117,2,169,142,137,158,62,120,3,95,149,107,55,14,13,111,112,148,83,129,24,150,103,140,69,159,8,116,105,99,106,194,180,178,192,10,66,145,102,185,171,0,85,104,17,53,183,146,63,31,29,65,125,190,109,130,5,39,113,43,187,179,96,141,98,114,64,79,177,47,132,75,163,133,81,153,166,189,28,40,36,22,52,93,19,87,121,51];False
2883;6771;9654;[108,183,65,41,127,60,42,47,26,161,115,152,49,54,197,168,74,37,94,118,124,44,34,198,174,196,167,15,156,21,73,82,131,110,181,68,123,45,138,126,143,160,173,18,199,12,7,136,89,46,164,4,84,122,25,23,77,57,186,170,176,72,154,172,59,11,182,139,135,191,48,50,56,92,147,67,32,61,38,165,193,9,33,16,91,88,70,71,162,20,188,144,184,35,157,78,128,101,86,76,80,100,30,134,27,195,97,58,151,175,6,1,117,2,169,142,137,158,62,120,3,95,149,107,55,14,13,111,52,148,83,129,24,150,103,140,69,159,40,116,105,99,106,194,180,178,192,10,66,145,102,185,171,0,85,104,17,53,155,146,63,31,29,90,125,190,109,130,5,39,113,43,187,179,96,141,98,114,64,79,177,119,132,75,163,133,81,153,166,189,28,8,36,22,112,93,19,87,121,51];False
2782;6807;9589;[108,183,65,41,127,60,42,47,26,161,115,152,49,54,197,168,74,37,94,118,124,44,34,198,174,196,167,15,156,21,73,82,131,110,181,68,123,45,138,126,143,160,173,18,199,12,7,136,89,46,164,4,84,122,25,23,77,57,186,170,176,72,154,172,59,11,182,139,135,191,48,50,56,92,147,67,32,61,38,165,193,9,33,16,91,88,70,71,162,20,188,144,184,35,157,78,128,101,86,76,80,100,30,134,27,195,97,58,151,175,6,1,117,2,169,142,137,158,62,120,3,95,149,107,55,14,13,111,112,148,83,129,24,150,103,140,69,159,40,116,105,99,106,194,180,178,192,10,66,145,102,185,171,0,85,104,17,53,155,146,63,31,29,90,125,190,109,130,5,39,113,43,187,179,96,177,98,114,64,79,141,119,132,75,163,133,81,153,166,189,28,8,36,22,52,93,19,87,121,51];True
2711;6840;9551;[53,183,65,41,127,60,42,119,26,161,115,152,49,54,197,168,74,37,94,118,124,44,69,198,174,196,167,15,156,21,73,82,131,110,181,68,123,45,138,126,143,160,173,18,199,12,7,136,89,46,164,4,84,122,25,23,77,57,186,170,176,72,154,172,59,11,182,139,135,191,48,50,56,92,147,67,32,61,38,165,193,9,33,16,91,88,70,71,162,20,188,144,184,35,157,78,128,101,86,76,80,100,30,134,27,195,97,58,151,175,6,1,117,2,169,142,137,158,62,120,3,95,149,107,55,14,13,111,112,148,83,129,24,150,103,140,34,159,40,116,105,99,106,194,180,178,192,10,66,145,102,185,171,0,85,104,17,108,155,146,63,31,29,90,125,190,109,130,5,39,113,43,187,179,96,141,98,114,64,79,177,47,132,75,163,133,81,153,166,189,28,8,36,22,52,93,19,87,121,51];False
2628;6880;9508;[108,183,65,41,127,60,42,119,26,161,115,152,49,54,197,168,74,37,94,118,124,44,34,198,174,196,167,15,156,21,73,82,131,110,181,68,123,45,138,126,143,160,173,18,199,12,7,136,89,46,164,4,84,122,24,23,77,57,186,170,176,72,154,172,59,11,182,139,135,191,48,50,56,92,147,67,32,61,38,165,193,9,33,16,91,88,70,71,162,20,188,144,184,35,157,78,128,101,86,76,80,100,30,134,27,195,97,58,151,175,6,1,117,2,169,142,137,158,62,120,3,95,149,107,55,14,13,111,112,148,83,129,25,116,103,140,69,159,40,150,105,99,106,194,180,178,192,10,66,145,102,185,171,0,85,104,17,53,155,146,63,31,29,90,125,190,109,130,5,39,113,43,187,179,96,141,98,114,64,79,177,47,132,75,163,133,81,153,166,189,28,8,36,22,52,93,19,87,121,51];False
2900;6766;9666;[108,183,65,41,127,60,42,119,26,161,115,152,49,54,197,168,74,37,94,118,124,44,34,198,174,196,167,15,156,21,73,82,131,110,181,68,123,45,138,126,143,160,173,18,199,12,7,136,89,46,164,4,84,122,25,23,77,57,186,170,176,72,154,172,59,11,182,139,135,191,48,50,56,92,147,67,32,61,38,165,193,9,33,16,91,88,70,71,162,20,188,144,184,35,157,78,128,101,86,76,80,100,30,134,27,195,97,58,151,175,6,1,117,2,169,142,137,158,62,120,3,95,149,107,55,14,13,111,52,148,83,129,24,150,103,105,69,159,40,116,140,99,106,194,180,178,192,10,66,145,102,185,171,0,85,104,17,53,155,146,63,31,29,90,125,190,109,130,5,39,113,43,187,179,96,141,98,114,64,79,177,47,132,75,163,133,81,153,166,189,28,8,36,22,112,93,19,87,121,51];False
2646;6878;9524;[198,29,90,41,127,60,42,119,26,161,115,152,49,54,197,168,74,37,94,118,124,44,34,108,106,196,167,15,156,21,73,82,131,110,181,68,123,45,138,126,143,160,173,18,199,12,7,136,89,50,164,4,84,122,25,23,77,57,186,170,176,72,154,172,59,11,182,139,135,183,105,194,56,92,147,67,32,61,38,165,193,9,33,16,91,88,70,71,162,20,188,144,184,35,157,78,128,101,86,76,80,100,30,134,27,195,97,58,151,175,6,1,117,2,169,142,137,158,62,120,3,95,149,107,55,14,13,111,112,148,83,129,24,150,103,140,69,159,40,116,48,99,174,46,180,178,192,10,66,145,102,185,171,0,85,104,17,53,155,146,63,31,191,65,125,190,109,130,5,39,113,43,187,179,96,141,98,114,64,79,177,47,132,75,163,133,81,153,166,189,28,8,36,22,52,93,19,87,121,51];False
2651;6872;9523;[198,29,90,41,127,60,42,119,26,161,115,152,49,54,197,168,74,37,94,118,124,44,34,108,106,196,167,15,156,21,73,82,131,110,181,68,123,45,138,126,143,160,173,18,199,12,7,136,89,50,164,4,84,122,25,23,77,57,186,170,176,72,154,172,59,11,182,139,135,191,55,194,56,92,147,67,32,61,38,165,193,9,33,16,91,88,70,71,162,20,188,144,184,35,157,78,128,101,86,76,80,100,30,134,27,195,97,58,151,175,6,1,117,2,169,142,137,158,62,120,3,95,149,107,105,14,13,111,112,148,83,129,24,150,103,140,69,159,40,116,48,99,174,46,180,178,192,10,66,145,102,185,171,0,85,104,17,53,155,146,63,31,183,65,125,190,109,130,5,39,113,43,187,179,96,141,98,114,64,79,177,47,132,75,163,133,81,153,166,189,28,8,36,22,52,93,19,87,121,51];False
2659;6870;9529;[198,29,90,41,127,60,42,119,26,161,115,152,49,54,197,168,74,37,94,118,124,44,34,108,106,196,167,15,156,21,73,82,131,110,181,68,123,45,138,126,143,160,173,18,199,12,7,136,89,50,164,4,84,122,25,23,77,57,186,170,176,72,154,172,59,11,182,139,135,191,140,194,56,92,147,67,32,61,38,165,193,9,33,16,91,88,70,71,162,20,188,144,184,35,157,78,128,101,86,76,80,100,30,134,27,195,97,58,151,175,6,1,117,2,169,142,137,158,62,120,3,95,149,107,55,14,13,111,112,148,83,129,24,150,103,105,69,159,40,116,48,99,174,46,180,178,192,10,66,145,102,185,171,0,85,104,17,53,155,146,63,31,183,65,125,190,109,130,5,39,113,43,187,179,96,141,98,114,64,79,177,47,132,75,163,133,81,153,166,189,28,8,36,22,52,93,19,87,121,51];False
2615;6897;9512;[198,29,90,41,127,60,42,119,26,161,115,152,49,54,197,168,74,37,94,118,124,44,34,4,106,196,167,15,156,21,73,82,131,110,181,68,123,45,55,126,143,160,173,18,199,12,7,136,89,46,180,108,84,122,25,23,77,57,186,170,176,72,154,172,59,11,182,139,135,191,48,194,56,92,147,67,32,61,38,165,193,9,33,16,91,88,70,71,162,20,188,144,184,35,157,78,128,101,86,76,80,100,30,134,27,195,97,58,151,175,6,1,117,2,169,142,137,158,62,120,3,95,149,107,138,14,13,111,112,148,83,129,24,150,103,140,69,159,40,116,105,99,174,50,164,178,192,10,66,145,102,185,171,0,85,104,17,53,155,146,63,31,183,65,125,190,109,130,5,39,113,43,187,179,96,141,98,114,64,79,177,47,132,75,163,133,81,153,166,189,28,8,36,22,52,93,19,87,121,51];False
2657;6871;9528;[198,29,90,41,127,60,42,119,26,161,115,152,49,54,197,168,74,37,94,118,124,44,34,108,106,196,167,15,156,21,73,82,131,110,181,68,123,45,138,126,143,160,173,18,199,12,7,136,89,46,180,4,84,122,25,23,77,57,186,170,176,72,154,172,59,11,182,139,135,191,55,194,56,92,147,67,32,61,38,165,193,9,33,16,91,88,70,71,162,20,188,144,184,35,157,78,128,101,86,76,80,100,30,134,27,195,97,58,151,175,6,1,117,2,169,142,137,158,62,120,3,95,149,107,105,14,13,111,112,148,83,129,24,150,103,140,69,159,40,116,48,99,174,50,164,178,192,10,66,145,102,185,171,0,85,104,17,53,155,146,63,31,183,65,125,190,109,130,5,39,113,43,187,179,96,141,98,114,64,79,177,47,132,75,163,133,81,153,166,189,28,8,36,22,52,93,19,87,121,51];False
3187;6679;9866;[198,29,90,41,127,60,177,47,26,161,115,152,49,54,197,168,74,37,94,118,124,44,34,108,174,196,167,15,156,21,73,82,131,110,181,68,123,45,138,126,143,160,173,18,199,12,7,136,89,46,164,4,84,122,25,23,77,57,186,170,176,72,154,172,59,11,182,139,135,191,48,50,56,92,147,67,32,61,38,165,193,157,33,16,91,88,70,71,162,20,188,144,184,8,9,78,128,101,86,76,80,100,30,134,27,2,97,58,151,175,6,1,117,195,169,142,137,158,62,120,3,95,149,107,55,14,13,111,52,148,83,129,24,150,103,105,69,159,40,116,140,99,106,194,180,178,192,109,66,145,102,185,171,0,85,104,17,53,155,146,63,31,183,65,125,190,10,130,5,39,113,43,187,179,96,141,98,114,64,79,42,119,132,75,163,133,81,153,166,189,28,35,36,22,112,93,19,87,121,51];False
3176;6683;9859;[198,29,90,41,127,60,177,47,26,161,115,152,49,54,197,168,74,37,94,118,124,44,34,108,174,196,167,15,156,21,73,82,131,110,181,68,123,45,138,126,143,160,173,18,199,12,7,136,89,46,164,4,84,122,25,23,77,57,186,170,176,72,154,172,59,11,182,139,135,191,48,50,56,92,147,67,32,61,38,165,193,157,33,16,91,88,70,71,162,20,188,144,184,8,9,78,128,101,86,76,80,100,30,134,27,195,97,58,151,175,6,1,117,2,169,142,163,158,62,120,3,95,149,107,55,14,13,111,52,148,83,129,24,150,103,105,69,159,40,116,140,99,106,194,180,178,192,109,66,145,102,185,171,0,85,104,17,53,155,146,63,31,183,65,125,190,10,130,5,39,113,43,187,179,96,141,98,114,64,79,42,119,132,75,137,133,81,153,166,189,28,35,36,22,112,93,19,87,121,51];False
3143;6687;9830;[198,29,90,41,127,60,177,47,26,161,115,152,49,54,197,168,74,37,94,118,124,44,34,108,174,196,167,15,156,21,73,82,131,110,181,68,123,45,138,126,143,160,173,18,199,12,7,136,89,46,164,4,84,122,25,23,77,57,186,170,176,72,154,172,59,11,182,139,135,191,48,50,56,92,147,67,32,61,9,165,193,19,33,16,91,88,70,71,162,20,188,144,184,35,157,78,128,101,86,76,80,100,30,134,27,195,97,58,151,175,6,1,117,2,169,142,137,158,62,120,3,95,149,107,55,14,13,111,52,148,83,129,24,150,103,105,69,159,40,116,140,99,106,194,180,178,192,10,66,145,102,185,171,0,85,104,17,53,155,146,63,31,183,65,125,190,109,130,5,39,113,43,187,179,96,141,98,114,64,79,42,119,132,75,163,133,81,153,166,189,28,8,36,22,112,93,38,87,121,51];False
3110;6696;9806;[198,29,90,41,127,60,177,47,26,161,115,152,49,54,197,168,74,37,94,118,124,44,34,108,174,196,167,15,156,21,73,82,131,110,181,68,123,45,138,126,143,160,173,18,199,12,7,136,89,46,164,4,84,122,25,23,77,57,186,170,176,72,154,172,59,11,182,139,135,191,48,50,56,92,147,67,32,61,19,165,193,9,33,16,91,88,70,71,162,20,188,144,184,35,157,78,128,101,86,76,80,100,30,134,27,2,97,58,151,175,6,1,117,195,169,142,137,158,62,120,3,95,149,107,55,14,13,111,52,148,83,129,24,150,103,105,69,159,40,116,140,99,106,194,180,178,192,10,66,145,102,185,171,0,85,104,17,53,155,146,63,31,183,65,125,190,109,130,5,39,113,43,187,179,96,141,98,114,64,79,42,119,132,75,163,133,81,153,166,189,28,8,36,22,112,93,38,87,121,51];False
3050;6712;9762;[198,29,90,41,127,60,177,47,26,161,115,152,49,54,197,168,74,37,94,118,124,44,34,108,174,196,167,15,156,21,73,82,131,110,181,68,123,45,138,126,143,160,173,18,199,12,7,136,89,46,164,4,84,122,25,23,77,57,186,170,176,72,154,172,59,11,182,139,135,191,48,50,56,92,147,67,32,61,19,165,193,9,33,16,91,88,70,71,162,20,188,144,184,35,157,78,128,101,86,76,80,100,30,134,27,195,97,58,151,175,6,1,117,2,169,142,137,158,62,120,3,95,149,107,55,14,13,111,52,148,83,129,24,150,103,105,69,159,40,116,104,99,106,194,180,178,192,10,66,145,102,185,171,0,85,140,17,53,155,146,63,31,183,65,125,190,109,130,5,39,113,43,187,179,96,141,98,114,64,79,42,119,132,75,163,133,81,153,166,189,28,8,36,22,112,93,38,87,121,51];True
3129;6691;9820;[198,29,90,41,127,60,177,47,26,161,115,152,49,54,197,168,74,37,94,118,124,44,34,108,174,196,167,15,156,21,73,82,131,110,181,68,123,45,138,126,143,160,173,18,199,12,7,136,89,46,164,4,84,122,25,23,77,57,186,170,176,72,154,172,59,11,182,139,135,191,48,50,56,92,147,67,32,61,19,165,193,9,33,16,91,88,70,71,162,20,188,144,184,35,157,78,128,101,86,76,80,100,30,134,27,195,97,58,151,175,6,1,117,2,169,142,137,158,62,120,3,95,149,107,55,14,13,111,52,148,83,129,24,150,103,105,69,159,40,116,140,99,106,194,180,178,192,109,66,145,102,185,171,0,85,104,17,53,155,146,63,31,183,65,125,190,10,130,5,39,113,43,187,179,96,141,98,114,64,79,42,119,132,75,163,133,81,153,166,189,28,8,36,22,112,93,38,87,121,51];False
3171;6683;9854;[198,29,90,41,127,60,177,47,26,161,115,152,49,54,197,168,74,37,94,118,124,44,34,108,174,196,167,15,156,21,73,82,131,110,181,68,123,45,138,126,143,160,173,18,171,12,7,136,89,46,164,4,84,122,25,23,77,57,186,170,176,72,154,172,59,11,182,139,135,191,48,50,56,92,147,67,32,61,38,165,193,9,33,16,91,88,70,71,162,20,188,144,184,35,157,78,128,101,86,76,80,100,30,134,27,2,97,58,151,175,6,1,117,195,169,142,137,158,62,120,3,95,149,107,55,14,13,111,52,148,83,129,24,150,103,105,69,159,40,116,140,99,106,194,180,178,192,10,66,145,102,185,199,0,85,104,17,53,155,146,63,31,183,65,125,190,109,130,5,39,113,43,187,179,96,141,98,114,64,79,42,119,132,75,163,133,81,153,166,189,28,8,36,22,112,93,19,87,121,51];False
3067;6706;9773;[198,29,90,41,127,60,177,47,26,161,115,152,49,54,197,168,74,37,94,118,124,44,34,108,174,196,167,15,156,21,73,82,131,110,181,68,123,45,138,126,143,160,173,18,199,12,7,136,89,46,164,4,84,122,25,23,77,57,186,170,176,72,154,172,59,11,182,139,135,191,48,50,56,92,147,67,32,61,38,165,193,9,33,16,91,88,70,71,162,20,188,144,184,35,157,78,128,101,86,76,80,100,30,134,27,2,97,58,151,175,6,1,117,195,169,142,137,158,62,120,3,95,149,107,55,14,13,111,52,148,83,129,24,150,103,105,69,159,40,116,104,99,106,194,180,178,192,10,66,145,102,185,171,0,85,140,17,53,155,146,63,31,183,65,125,190,109,130,5,39,113,43,187,179,96,141,98,114,64,79,42,119,132,75,163,133,81,153,166,189,28,8,36,22,112,93,19,87,121,51];True
3146;6685;9831;[198,29,90,41,127,60,177,47,26,161,115,152,49,54,197,168,74,37,94,118,124,44,34,108,174,196,167,15,156,21,73,82,131,110,181,68,123,45,138,126,143,160,173,18,199,12,7,136,89,46,164,4,84,122,25,23,77,57,186,170,176,72,154,172,59,11,182,139,135,191,48,50,56,92,147,67,32,61,38,165,193,9,33,16,91,88,70,71,162,20,188,144,184,35,157,78,128,101,86,76,80,100,30,134,27,2,97,58,151,175,6,1,117,195,169,142,137,158,62,120,3,95,149,107,55,14,13,111,52,148,83,129,24,150,103,105,69,159,40,116,140,99,106,194,180,178,192,109,66,145,102,185,171,0,85,104,17,53,155,146,63,31,183,65,125,190,10,130,5,39,113,43,187,179,96,141,98,114,64,79,42,119,132,75,163,133,81,153,166,189,28,8,36,22,112,93,19,87,121,51];False
3056;6710;9766;[198,29,90,41,127,60,177,47,26,161,115,152,49,54,197,168,74,37,94,118,124,44,34,108,174,196,167,15,156,21,73,82,131,110,181,68,123,45,138,126,143,160,173,18,199,12,7,136,89,46,164,4,84,122,25,23,77,57,186,170,176,72,154,172,59,11,182,139,135,191,48,50,56,92,147,67,32,61,38,165,193,9,33,16,91,88,70,71,162,20,188,144,184,35,157,78,128,101,86,76,80,100,30,134,27,195,97,58,151,175,6,1,117,2,169,142,163,158,62,120,3,95,149,107,55,14,13,111,52,148,83,129,24,150,103,105,69,159,40,116,104,99,106,194,180,178,192,10,66,145,102,185,171,0,85,140,17,53,155,146,63,31,183,65,125,190,109,130,5,39,113,43,187,179,96,141,98,114,64,79,42,119,132,75,137,133,81,153,166,189,28,8,36,22,112,93,19,87,121,51];True
3135;6689;9824;[198,29,90,41,127,60,177,47,26,161,115,152,49,54,197,168,74,37,94,118,124,44,34,108,174,196,167,15,156,21,73,82,131,110,181,68,123,45,138,126,143,160,173,18,199,12,7,136,89,46,164,4,84,122,25,23,77,57,186,170,176,72,154,172,59,11,182,139,135,191,48,50,56,92,147,67,32,61,38,165,193,9,33,16,91,88,70,71,162,20,188,144,184,35,157,78,128,101,86,76,80,100,30,134,27,195,97,58,151,175,6,1,117,2,169,142,163,158,62,120,3,95,149,107,55,14,13,111,52,148,83,129,24,150,103,105,69,159,40,116,140,99,106,194,180,178,192,109,66,145,102,185,171,0,85,104,17,53,155,146,63,31,183,65,125,190,10,130,5,39,113,43,187,179,96,141,98,114,64,79,42,119,132,75,137,133,81,153,166,189,28,8,36,22,112,93,19,87,121,51];False
3086;6701;9787;[198,29,90,41,127,60,177,47,26,161,115,152,49,54,197,168,74,37,94,118,124,44,34,108,174,196,167,15,156,21,73,82,131,110,181,68,123,45,138,126,143,160,173,18,199,12,7,136,89,46,164,4,84,122,25,23,77,57,186,170,176,72,154,172,59,11,182,139,135,191,48,50,56,92,147,67,32,61,38,165,193,9,33,16,91,88,70,71,162,20,188,144,184,35,157,78,128,101,86,76,80,100,30,134,27,195,97,58,151,175,6,1,117,2,169,142,137,158,62,120,3,95,149,107,55,14,13,111,52,148,83,129,24,150,103,105,69,159,40,116,104,99,106,194,180,178,192,109,66,145,102,185,171,0,85,140,17,53,155,146,63,31,183,65,125,190,10,130,5,39,113,43,187,179,96,141,98,114,64,79,42,119,132,75,163,133,81,153,166,189,28,8,36,22,112,93,19,87,121,51];True
3107;6698;9805;[198,29,90,41,127,60,177,47,26,161,115,152,49,54,197,168,74,37,94,118,124,44,34,108,174,196,167,15,156,21,73,82,131,110,181,68,140,45,138,126,143,160,173,18,199,12,7,136,89,46,164,4,84,122,25,23,77,57,186,170,176,72,154,172,59,11,182,139,135,191,48,50,56,92,147,67,32,61,38,165,193,9,33,16,91,88,70,71,162,20,188,144,184,35,157,78,128,101,86,76,80,100,30,134,27,195,97,58,151,175,6,1,117,2,169,142,137,158,62,120,3,95,149,107,55,14,13,111,52,148,83,129,24,150,103,105,69,159,40,116,123,99,106,194,180,178,192,109,66,145,102,185,171,0,85,104,17,53,155,146,63,31,183,65,125,190,10,130,5,39,113,43,187,179,96,141,98,114,64,79,42,119,132,75,163,133,81,153,166,189,28,8,36,22,112,93,19,87,121,51];False
3190;6678;9868;[198,29,90,41,127,60,177,47,26,161,115,152,49,54,197,168,74,37,94,118,124,44,34,108,174,196,167,15,156,21,73,82,131,110,181,68,123,45,138,126,143,160,173,18,171,12,7,136,89,46,164,4,84,122,25,23,77,57,186,170,176,72,154,172,59,11,182,139,135,191,48,50,56,92,147,67,32,61,38,165,193,9,33,16,91,88,70,71,162,20,188,144,184,35,157,78,128,101,86,76,80,100,30,134,27,195,97,58,151,175,6,1,117,2,169,142,137,158,62,120,3,95,149,107,55,14,13,111,52,148,83,129,24,150,103,105,69,159,40,116,140,99,106,194,180,178,192,109,66,145,102,185,199,0,85,104,17,53,155,146,63,31,183,65,125,190,10,130,5,39,113,43,187,179,96,141,98,114,64,79,42,119,132,75,163,133,81,153,166,189,28,8,36,22,112,93,19,87,121,51];False
3016;6723;9739;[198,29,90,41,127,60,42,47,26,161,115,152,49,54,197,168,74,37,94,118,124,44,34,108,174,196,167,15,156,21,73,82,131,110,181,68,123,45,138,126,143,160,173,18,199,12,7,136,89,46,164,4,84,122,25,23,77,57,186,170,176,72,154,172,59,11,182,139,135,191,48,50,56,92,147,67,32,61,19,165,193,9,33,16,91,88,70,71,162,20,188,144,184,35,157,78,128,101,86,76,80,100,30,134,27,195,97,58,151,175,6,1,117,2,169,142,137,158,62,120,3,95,149,107,55,14,13,111,52,148,83,129,24,150,103,105,69,159,40,116,104,99,106,194,180,178,192,10,66,145,102,185,171,0,85,140,17,53,155,146,63,31,183,65,125,190,109,130,5,39,113,43,187,179,96,177,98,114,64,79,141,119,132,75,163,133,81,153,166,189,28,8,36,22,112,93,38,87,121,51];False
3022;6721;9743;[198,29,90,41,127,60,42,47,26,161,115,152,49,54,197,168,74,37,94,118,124,44,34,108,174,196,167,15,156,21,73,82,131,110,181,68,123,45,138,126,143,160,173,18,199,12,7,136,89,46,164,4,84,122,25,23,77,57,186,170,176,72,154,172,59,11,182,139,135,191,48,50,56,92,147,67,32,61,38,165,193,9,33,16,91,88,70,71,162,20,188,144,184,35,157,78,128,101,86,76,80,100,30,134,27,195,97,58,151,175,6,1,117,2,169,142,163,158,62,120,3,95,149,107,55,14,13,111,52,148,83,129,24,150,103,105,69,159,40,116,104,99,106,194,180,178,192,10,66,145,102,185,171,0,85,140,17,53,155,146,63,31,183,65,125,190,109,130,5,39,113,43,187,179,96,177,98,114,64,79,141,119,132,75,137,133,81,153,166,189,28,8,36,22,112,93,19,87,121,51];True
2817;6790;9607;[198,155,90,41,127,60,177,47,26,161,115,152,49,54,197,168,74,37,94,118,124,44,34,108,174,196,167,15,156,21,73,82,131,110,181,68,123,45,138,126,143,160,173,18,199,12,7,136,89,46,164,4,84,122,25,23,77,57,186,170,176,72,154,172,59,11,182,139,135,191,48,50,56,92,147,67,32,61,38,165,193,9,33,16,91,88,70,71,162,20,188,144,184,35,157,78,128,101,86,76,80,100,30,134,27,195,97,58,151,175,6,1,117,2,169,142,137,158,62,120,3,95,149,107,55,14,13,111,112,148,83,129,24,150,103,140,69,159,40,116,105,99,106,194,180,178,192,10,66,145,102,185,171,0,85,104,17,53,183,146,63,31,29,65,125,190,109,130,5,39,113,43,187,179,96,141,98,114,64,79,42,119,132,75,163,133,81,153,166,189,28,8,36,22,52,93,19,87,121,51];False
2884;6765;9649;[198,155,90,41,127,60,42,47,26,161,115,152,49,54,197,168,74,37,94,118,124,44,34,108,174,196,167,15,156,21,73,82,131,110,181,68,123,45,138,126,143,160,173,18,199,12,7,136,89,46,164,4,84,122,25,23,77,57,186,170,176,72,154,172,59,11,182,139,135,191,48,50,56,92,147,67,32,61,38,165,193,9,33,16,91,88,70,71,162,20,188,144,184,35,157,78,128,101,86,76,80,100,30,134,27,195,97,58,151,175,6,1,117,2,169,142,137,158,62,120,3,95,149,107,55,14,13,111,52,148,83,129,24,150,103,140,69,159,40,116,105,99,106,194,180,178,192,10,66,145,102,185,171,0,85,104,17,53,183,146,63,31,29,65,125,190,109,130,5,39,113,43,187,179,96,141,98,114,64,79,177,119,132,75,163,133,81,153,166,189,28,8,36,22,112,93,19,87,121,51];True
2861;6776;9637;[198,155,90,41,127,60,42,47,26,161,115,152,49,54,197,168,74,37,94,118,124,44,34,108,174,196,167,15,156,21,73,82,131,110,181,68,123,45,138,126,143,160,173,18,199,12,7,136,89,46,164,4,84,122,25,23,77,57,186,170,176,72,154,172,59,11,182,139,135,191,48,50,56,92,147,67,32,61,38,165,193,9,33,16,91,88,70,71,162,20,188,144,184,35,157,78,128,101,86,76,80,100,30,134,27,195,97,58,151,175,6,1,117,2,169,142,137,158,62,120,3,95,149,107,55,14,13,111,112,148,83,129,24,150,103,105,69,159,40,116,140,99,106,194,180,178,192,10,66,145,102,185,171,0,85,104,17,53,183,146,63,31,29,65,125,190,109,130,5,39,113,43,187,179,96,141,98,114,64,79,177,119,132,75,163,133,81,153,166,189,28,8,36,22,52,93,19,87,121,51];True
2783;6801;9584;[198,155,90,41,127,60,42,47,26,161,115,152,49,54,197,168,74,37,94,118,124,44,34,108,174,196,167,15,156,21,73,82,131,110,181,68,123,45,138,126,143,160,173,18,199,12,7,136,89,46,164,4,84,122,25,23,77,57,186,170,176,72,154,172,59,11,182,139,135,191,48,50,56,92,147,67,32,61,38,165,193,9,33,16,91,88,70,71,162,20,188,144,184,35,157,78,128,101,86,76,80,100,30,134,27,195,97,58,151,175,6,1,117,2,169,142,137,158,62,120,3,95,149,107,55,14,13,111,112,148,83,129,24,150,103,140,69,159,40,116,105,99,106,194,180,178,192,10,66,145,102,185,171,0,85,104,17,53,183,146,63,31,29,65,125,190,109,130,5,39,113,43,187,179,96,177,98,114,64,79,141,119,132,75,163,133,81,153,166,189,28,8,36,22,52,93,19,87,121,51];True
2629;6874;9503;[198,155,90,41,127,60,42,119,26,161,115,152,49,54,197,168,74,37,94,118,124,44,34,108,174,196,167,15,156,21,73,82,131,110,181,68,123,45,138,126,143,160,173,18,199,12,7,136,89,46,164,4,84,122,24,23,77,57,186,170,176,72,154,172,59,11,182,139,135,191,48,50,56,92,147,67,32,61,38,165,193,9,33,16,91,88,70,71,162,20,188,144,184,35,157,78,128,101,86,76,80,100,30,134,27,195,97,58,151,175,6,1,117,2,169,142,137,158,62,120,3,95,149,107,55,14,13,111,112,148,83,129,25,116,103,140,69,159,40,150,105,99,106,194,180,178,192,10,66,145,102,185,171,0,85,104,17,53,183,146,63,31,29,65,125,190,109,130,5,39,113,43,187,179,96,141,98,114,64,79,177,47,132,75,163,133,81,153,166,189,28,8,36,22,52,93,19,87,121,51];False
2849;6781;9630;[198,155,90,41,127,60,42,119,26,161,115,152,49,54,197,168,74,37,94,118,124,44,34,108,174,196,167,15,156,21,73,82,131,110,181,68,123,45,138,126,143,160,173,18,199,12,7,136,89,46,164,4,84,122,25,23,77,57,186,170,176,72,154,172,59,11,182,139,135,191,48,50,56,92,147,67,32,61,19,165,193,9,33,16,91,88,70,71,162,20,188,144,184,35,157,78,128,101,86,76,80,100,30,134,27,195,97,58,151,175,6,1,117,2,169,142,137,158,62,120,3,95,149,107,55,14,13,111,52,148,83,129,24,150,103,140,69,159,40,116,105,99,106,194,180,178,192,10,66,145,102,185,171,0,85,104,17,53,183,146,63,31,29,65,125,190,109,130,5,39,113,43,187,179,96,141,98,114,64,79,177,47,132,75,163,133,81,153,166,189,28,8,36,22,112,93,38,87,121,51];False
2866;6775;9641;[198,155,90,41,127,60,42,119,26,161,115,152,49,54,197,168,74,37,94,118,124,44,34,108,174,196,167,15,156,21,73,82,131,110,181,68,123,45,138,126,143,160,173,18,199,12,7,136,89,46,164,4,84,122,25,23,77,57,186,170,176,72,154,172,59,11,182,139,135,191,48,50,56,92,147,67,32,61,38,165,193,9,33,16,91,88,70,71,162,20,188,144,184,35,157,78,128,101,86,76,80,100,30,134,27,2,97,58,151,175,6,1,117,195,169,142,137,158,62,120,3,95,149,107,55,14,13,111,52,148,83,129,24,150,103,140,69,159,40,116,105,99,106,194,180,178,192,10,66,145,102,185,171,0,85,104,17,53,183,146,63,31,29,65,125,190,109,130,5,39,113,43,187,179,96,141,98,114,64,79,177,47,132,75,163,133,81,153,166,189,28,8,36,22,112,93,19,87,121,51];False
2855;6779;9634;[198,155,90,41,127,60,42,119,26,161,115,152,49,54,197,168,74,37,94,118,124,44,34,108,174,196,167,15,156,21,73,82,131,110,181,68,123,45,138,126,143,160,173,18,199,12,7,136,89,46,164,4,84,122,25,23,77,57,186,170,176,72,154,172,59,11,182,139,135,191,48,50,56,92,147,67,32,61,38,165,193,9,33,16,91,88,70,71,162,20,188,144,184,35,157,78,128,101,86,76,80,100,30,134,27,195,97,58,151,175,6,1,117,2,169,142,163,158,62,120,3,95,149,107,55,14,13,111,52,148,83,129,24,150,103,140,69,159,40,116,105,99,106,194,180,178,192,10,66,145,102,185,171,0,85,104,17,53,183,146,63,31,29,65,125,190,109,130,5,39,113,43,187,179,96,141,98,114,64,79,177,47,132,75,137,133,81,153,166,189,28,8,36,22,112,93,19,87,121,51];False
2901;6760;9661;[198,155,90,41,127,60,42,119,26,161,115,152,49,54,197,168,74,37,94,118,124,44,34,108,174,196,167,15,156,21,73,82,131,110,181,68,123,45,138,126,143,160,173,18,199,12,7,136,89,46,164,4,84,122,25,23,77,57,186,170,176,72,154,172,59,11,182,139,135,191,48,50,56,92,147,67,32,61,38,165,193,9,33,16,91,88,70,71,162,20,188,144,184,35,157,78,128,101,86,76,80,100,30,134,27,195,97,58,151,175,6,1,117,2,169,142,137,158,62,120,3,95,149,107,55,14,13,111,52,148,83,129,24,150,103,105,69,159,40,116,140,99,106,194,180,178,192,10,66,145,102,185,171,0,85,104,17,53,183,146,63,31,29,65,125,190,109,130,5,39,113,43,187,179,96,141,98,114,64,79,177,47,132,75,163,133,81,153,166,189,28,8,36,22,112,93,19,87,121,51];True
2804;6799;9603;[198,155,90,41,127,60,42,119,26,161,115,152,49,54,197,168,74,37,94,118,124,44,34,108,174,196,167,15,156,21,73,82,131,110,181,68,140,45,138,126,143,160,173,18,199,12,7,136,89,46,164,4,84,122,25,23,77,57,186,170,176,72,154,172,59,11,182,139,135,191,48,50,56,92,147,67,32,61,38,165,193,9,33,16,91,88,70,71,162,20,188,144,184,35,157,78,128,101,86,76,80,100,30,134,27,195,97,58,151,175,6,1,117,2,169,142,137,158,62,120,3,95,149,107,55,14,13,111,112,148,83,129,24,150,103,105,69,159,40,116,123,99,106,194,180,178,192,10,66,145,102,185,171,0,85,104,17,53,183,146,63,31,29,65,125,190,109,130,5,39,113,43,187,179,96,141,98,114,64,79,177,47,132,75,163,133,81,153,166,189,28,8,36,22,52,93,19,87,121,51];False
2875;6772;9647;[108,183,65,41,127,60,42,47,26,161,115,152,49,54,197,168,74,37,94,118,124,44,34,198,174,196,167,15,156,21,73,82,131,110,181,68,123,45,138,126,143,160,173,18,199,12,7,136,89,46,164,4,84,122,25,23,77,57,186,170,176,72,154,172,59,11,182,139,135,191,48,50,56,92,147,67,32,61,38,165,193,9,33,16,91,88,70,71,162,20,188,144,184,35,157,78,128,101,86,76,80,100,30,134,27,195,97,58,151,175,6,1,117,2,169,142,137,158,62,120,3,95,149,107,55,14,13,111,52,148,83,129,24,150,103,140,69,159,40,116,105,99,106,194,180,178,192,10,66,145,102,185,171,0,85,104,17,53,155,146,63,31,29,90,125,190,109,130,5,39,113,43,187,179,96,177,98,114,64,79,141,119,132,75,163,133,81,153,166,189,28,8,36,22,112,93,19,87,121,51];True
2659;6869;9528;[198,183,65,41,127,60,42,119,26,161,115,152,49,54,197,168,74,37,94,118,124,44,34,108,174,196,167,15,156,21,73,82,131,110,181,68,123,45,138,126,143,160,173,18,199,12,7,136,89,46,164,4,84,122,24,23,77,57,186,170,176,72,154,172,59,11,182,139,135,191,48,50,56,92,147,67,32,61,38,165,193,9,33,16,91,88,70,71,162,20,188,144,184,35,157,78,128,101,86,76,80,100,30,134,27,195,97,58,151,175,6,1,117,2,169,142,137,158,62,120,3,95,149,107,55,14,13,111,112,148,83,129,25,116,103,140,69,159,40,150,105,99,106,194,180,178,192,10,66,145,102,185,171,0,85,104,17,53,155,146,63,31,29,90,125,190,109,130,5,39,113,43,187,179,96,141,98,114,64,79,177,47,132,75,163,133,81,153,166,189,28,8,36,22,52,93,19,87,121,51];False
2596;6901;9497;[108,183,65,41,127,60,42,119,26,161,115,152,49,54,197,168,74,37,94,118,124,44,69,198,174,196,167,15,156,21,73,82,131,110,181,68,123,45,138,126,143,160,173,18,199,12,7,136,89,46,164,4,84,122,24,23,77,57,186,170,176,72,154,172,59,11,182,139,135,191,48,50,56,92,147,67,32,61,38,165,193,9,33,16,91,88,70,71,162,20,188,144,184,35,157,78,128,101,86,76,80,100,30,134,27,195,97,58,151,175,6,1,117,2,169,142,137,158,62,120,3,95,149,107,55,14,13,111,112,148,83,129,25,116,103,140,34,159,40,150,105,99,106,194,180,178,192,10,66,145,102,185,171,0,85,104,17,53,155,146,63,31,29,90,125,190,109,130,5,39,113,43,187,179,96,141,98,114,64,79,177,47,132,75,163,133,81,153,166,189,28,8,36,22,52,93,19,87,121,51];False
2614;6886;9500;[108,183,65,41,127,60,42,119,26,161,115,152,49,54,197,168,74,37,94,118,124,44,34,198,174,196,167,15,156,21,73,82,131,110,181,68,123,45,138,126,143,160,173,18,199,12,7,136,89,46,164,4,84,122,24,23,77,57,186,170,176,72,154,172,59,11,182,139,135,191,48,50,56,92,147,67,32,61,40,165,193,9,33,16,91,88,70,71,162,20,188,144,184,35,157,78,128,101,86,76,80,100,30,134,27,195,97,58,151,175,6,1,117,2,169,142,137,158,62,120,3,95,149,107,55,14,13,111,112,148,83,129,25,116,103,140,69,159,38,150,105,99,106,194,180,178,192,10,66,145,102,185,171,0,85,104,17,53,155,146,63,31,29,90,125,190,109,130,5,39,113,43,187,179,96,141,98,114,64,79,177,47,132,75,163,133,81,153,166,189,28,8,36,22,52,93,19,87,121,51];False
2675;6849;9524;[108,183,65,41,127,60,42,119,26,161,115,152,49,54,197,168,74,37,94,118,124,44,34,198,174,196,167,15,156,21,73,82,131,110,181,68,123,45,138,126,143,160,173,18,199,12,7,136,89,46,164,4,84,122,24,23,77,57,186,170,176,72,154,172,59,11,182,139,135,191,48,50,56,92,147,67,32,61,38,165,193,9,33,16,91,88,70,71,162,20,188,144,184,35,157,78,128,101,86,76,80,100,30,134,27,195,97,58,151,175,6,1,117,2,169,142,137,158,62,120,3,95,149,107,55,14,13,111,112,148,83,129,25,116,103,105,69,159,40,150,140,99,106,194,180,178,192,10,66,145,102,185,171,0,85,104,17,53,155,146,63,31,29,90,125,190,109,130,5,39,113,43,187,179,96,141,98,114,64,79,177,47,132,75,163,133,81,153,166,189,28,8,36,22,52,93,19,87,121,51];False
3195;6671;9866;[198,29,90,41,127,60,177,47,26,161,115,152,49,54,197,168,74,37,94,118,124,44,34,108,174,196,167,15,156,21,73,82,131,110,181,68,123,45,138,126,143,160,173,18,199,12,7,136,89,46,164,4,84,122,25,23,77,57,186,170,176,72,154,172,59,11,182,139,135,191,48,50,56,92,147,67,32,61,184,165,193,19,33,16,91,88,70,71,162,20,188,144,9,35,157,78,128,101,86,76,80,100,30,134,27,195,97,58,151,175,6,1,117,2,169,142,137,158,62,120,3,95,149,107,55,14,13,111,52,148,83,129,24,150,103,105,69,159,40,116,140,99,106,194,180,178,192,10,66,145,102,185,171,0,85,104,17,53,155,146,63,31,183,65,125,190,109,130,5,39,113,43,187,179,96,141,98,114,64,79,42,119,132,75,163,133,81,153,166,189,28,8,36,22,112,93,38,87,121,51];True
3178;6678;9856;[198,29,90,41,127,60,177,47,26,161,115,152,49,54,197,168,74,37,94,118,124,44,34,108,174,196,167,15,156,21,73,82,131,110,181,68,123,45,138,126,143,160,173,18,199,12,7,136,89,46,164,4,84,122,25,23,77,57,186,170,176,72,154,172,59,11,182,139,135,191,48,50,56,92,147,67,32,61,9,165,193,19,33,16,91,88,70,71,162,20,188,144,184,35,157,78,128,101,86,76,80,100,30,134,27,2,97,58,151,175,6,1,117,195,169,142,137,158,62,120,3,95,149,107,55,14,13,111,52,148,83,129,24,150,103,105,69,159,40,116,140,99,106,194,180,178,192,10,66,145,102,185,171,0,85,104,17,53,155,146,63,31,183,65,125,190,109,130,5,39,113,43,187,179,96,141,98,114,64,79,42,119,132,75,163,133,81,153,166,189,28,8,36,22,112,93,38,87,121,51];False
3167;6682;9849;[198,29,90,41,127,60,177,47,26,161,115,152,49,54,197,168,74,37,94,118,124,44,34,108,174,196,167,15,156,21,73,82,131,110,181,68,123,45,138,126,143,160,173,18,199,12,7,136,89,46,164,4,84,122,25,23,77,57,186,170,176,72,154,172,59,11,182,139,135,191,48,50,56,92,147,67,32,61,9,165,193,19,33,16,91,88,70,71,162,20,188,144,184,35,157,78,128,101,86,76,80,100,30,134,27,195,97,58,151,175,6,1,117,2,169,142,163,158,62,120,3,95,149,107,55,14,13,111,52,148,83,129,24,150,103,105,69,159,40,116,140,99,106,194,180,178,192,10,66,145,102,185,171,0,85,104,17,53,155,146,63,31,183,65,125,190,109,130,5,39,113,43,187,179,96,141,98,114,64,79,42,119,132,75,137,133,81,153,166,189,28,8,36,22,112,93,38,87,121,51];False
3164;6682;9846;[198,29,90,41,127,60,177,47,26,161,115,152,49,54,197,168,74,37,94,118,124,44,34,108,174,196,167,15,156,21,73,82,131,110,181,68,123,45,138,126,143,160,173,18,199,12,7,136,89,46,164,4,84,122,25,23,77,57,186,170,176,72,154,172,59,11,182,139,135,191,48,50,56,92,147,67,32,61,19,165,193,9,33,16,91,88,70,71,162,20,188,144,184,35,157,78,128,101,86,76,80,100,30,134,27,2,97,58,151,175,6,1,117,195,169,142,137,158,62,120,3,95,149,107,55,14,13,111,52,148,83,129,24,150,103,105,69,159,40,116,140,99,106,194,180,178,192,109,66,145,102,185,171,0,85,104,17,53,155,146,63,31,183,65,125,190,10,130,5,39,113,43,187,179,96,141,98,114,64,79,42,119,132,75,163,133,81,153,166,189,28,8,36,22,112,93,38,87,121,51];False
3104;6698;9802;[198,29,90,41,127,60,177,47,26,161,115,152,49,54,197,168,74,37,94,118,124,44,34,108,174,196,167,15,156,21,73,82,131,110,181,68,123,45,138,126,143,160,173,18,199,12,7,136,89,46,164,4,84,122,25,23,77,57,186,170,176,72,154,172,59,11,182,139,135,191,48,50,56,92,147,67,32,61,19,165,193,9,33,16,91,88,70,71,162,20,188,144,184,35,157,78,128,101,86,76,80,100,30,134,27,195,97,58,151,175,6,1,117,2,169,142,137,158,62,120,3,95,149,107,55,14,13,111,52,148,83,129,24,150,103,105,69,159,40,116,104,99,106,194,180,178,192,109,66,145,102,185,171,0,85,140,17,53,155,146,63,31,183,65,125,190,10,130,5,39,113,43,187,179,96,141,98,114,64,79,42,119,132,75,163,133,81,153,166,189,28,8,36,22,112,93,38,87,121,51];False
3121;6692;9813;[198,29,90,41,127,60,177,47,26,161,115,152,49,54,197,168,74,37,94,118,124,44,34,108,174,196,167,15,156,21,73,82,131,110,181,68,123,45,138,126,143,160,173,18,199,12,7,136,89,46,164,4,84,122,25,23,77,57,186,170,176,72,154,172,59,11,182,139,135,191,48,50,56,92,147,67,32,61,38,165,193,9,33,16,91,88,70,71,162,20,188,144,184,35,157,78,128,101,86,76,80,100,30,134,27,2,97,58,151,175,6,1,117,195,169,142,137,158,62,120,3,95,149,107,55,14,13,111,52,148,83,129,24,150,103,105,69,159,40,116,104,99,106,194,180,178,192,109,66,145,102,185,171,0,85,140,17,53,155,146,63,31,183,65,125,190,10,130,5,39,113,43,187,179,96,141,98,114,64,79,42,119,132,75,163,133,81,153,166,189,28,8,36,22,112,93,19,87,121,51];False
3170;6680;9850;[198,29,90,41,127,60,177,47,26,161,115,152,49,54,197,168,74,37,94,118,124,44,34,108,174,196,167,15,156,21,73,82,131,110,181,68,123,45,138,126,143,160,173,18,199,12,7,136,89,46,164,4,84,122,25,23,77,57,186,170,176,72,154,172,59,11,182,139,135,191,48,50,56,92,147,67,32,61,38,165,193,9,33,16,91,88,70,71,162,20,188,144,184,35,157,78,128,101,86,76,80,100,30,134,27,2,97,58,151,175,6,1,117,195,169,142,163,158,62,120,3,95,149,107,55,14,13,111,52,148,83,129,24,150,103,105,69,159,40,116,140,99,106,194,180,178,192,109,66,145,102,185,171,0,85,104,17,53,155,146,63,31,183,65,125,190,10,130,5,39,113,43,187,179,96,141,98,114,64,79,42,119,132,75,137,133,81,153,166,189,28,8,36,22,112,93,19,87,121,51];False
2910;6755;9665;[198,155,90,41,127,60,177,47,26,161,115,152,49,54,197,168,74,37,94,118,124,44,34,108,174,196,167,15,156,21,73,82,131,110,181,68,123,45,138,126,143,160,173,18,199,12,7,136,89,46,164,4,84,122,25,23,77,57,186,170,176,72,154,172,59,11,182,139,135,191,48,50,56,92,147,67,32,61,38,165,193,9,33,16,91,88,70,71,162,20,188,144,184,35,157,78,128,101,86,76,80,100,30,134,27,195,97,58,151,175,6,1,117,2,169,142,137,158,62,120,3,95,149,107,55,14,13,111,52,148,83,129,24,150,103,140,69,159,40,116,105,99,106,194,180,178,192,10,66,145,102,185,171,0,85,104,17,53,183,146,63,31,29,65,125,190,109,130,5,39,113,43,187,179,96,141,98,114,64,79,42,119,132,75,163,133,81,153,166,189,28,8,36,22,112,93,19,87,121,51];True
2954;6741;9695;[198,155,90,41,127,60,42,47,26,161,115,152,49,54,197,168,74,37,94,118,124,44,34,108,174,196,167,15,156,21,73,82,131,110,181,68,123,45,138,126,143,160,173,18,199,12,7,136,89,46,164,4,84,122,25,23,77,57,186,170,176,72,154,172,59,11,182,139,135,191,48,50,56,92,147,67,32,61,38,165,193,9,33,16,91,88,70,71,162,20,188,144,184,35,157,78,128,101,86,76,80,100,30,134,27,195,97,58,151,175,6,1,117,2,169,142,137,158,62,120,3,95,149,107,55,14,13,111,52,148,83,129,24,150,103,105,69,159,40,116,140,99,106,194,180,178,192,10,66,145,102,185,171,0,85,104,17,53,183,146,63,31,29,65,125,190,109,130,5,39,113,43,187,179,96,141,98,114,64,79,177,119,132,75,163,133,81,153,166,189,28,8,36,22,112,93,19,87,121,51];True
2938;6751;9689;[198,155,90,41,127,60,42,47,26,161,115,152,49,54,197,168,74,37,94,118,124,44,34,108,174,196,167,15,156,21,73,82,131,110,181,68,123,45,138,126,143,160,173,18,199,12,7,136,89,46,164,4,84,122,25,23,77,57,186,170,176,72,154,172,59,11,182,139,135,191,48,50,56,92,147,67,32,61,38,165,193,9,33,16,91,88,70,71,162,20,188,144,184,35,157,78,128,101,86,76,80,100,30,134,27,195,97,58,151,175,6,1,117,2,169,142,137,158,62,120,3,95,149,107,55,14,13,111,52,148,83,129,24,150,103,140,69,159,40,116,105,99,106,194,180,178,192,109,66,145,102,185,171,0,85,104,17,53,183,146,63,31,29,65,125,190,10,130,5,39,113,43,187,179,96,141,98,114,64,79,177,119,132,75,163,133,81,153,166,189,28,8,36,22,112,93,19,87,121,51];False
2876;6766;9642;[198,155,90,41,127,60,42,47,26,161,115,152,49,54,197,168,74,37,94,118,124,44,34,108,174,196,167,15,156,21,73,82,131,110,181,68,123,45,138,126,143,160,173,18,199,12,7,136,89,46,164,4,84,122,25,23,77,57,186,170,176,72,154,172,59,11,182,139,135,191,48,50,56,92,147,67,32,61,38,165,193,9,33,16,91,88,70,71,162,20,188,144,184,35,157,78,128,101,86,76,80,100,30,134,27,195,97,58,151,175,6,1,117,2,169,142,137,158,62,120,3,95,149,107,55,14,13,111,52,148,83,129,24,150,103,140,69,159,40,116,105,99,106,194,180,178,192,10,66,145,102,185,171,0,85,104,17,53,183,146,63,31,29,65,125,190,109,130,5,39,113,43,187,179,96,177,98,114,64,79,141,119,132,75,163,133,81,153,166,189,28,8,36,22,112,93,19,87,121,51];True
2836;6783;9619;[198,155,90,41,127,60,42,47,26,161,115,152,49,54,197,168,74,37,94,118,124,44,34,108,174,196,167,15,156,21,73,82,131,110,181,68,123,45,138,126,143,160,173,18,199,12,7,136,89,46,164,4,84,122,25,23,77,57,186,170,176,72,154,172,59,11,182,139,135,191,48,50,56,92,147,67,32,61,38,165,193,9,33,16,91,88,70,71,162,20,188,144,184,35,157,78,128,101,86,76,80,100,30,134,27,195,97,58,151,175,6,1,117,2,169,142,137,158,62,120,3,95,149,107,55,14,13,111,112,148,83,129,24,150,103,105,69,159,40,116,104,99,106,194,180,178,192,10,66,145,102,185,171,0,85,140,17,53,183,146,63,31,29,65,125,190,109,130,5,39,113,43,187,179,96,141,98,114,64,79,177,119,132,75,163,133,81,153,166,189,28,8,36,22,52,93,19,87,121,51];True
2853;6777;9630;[198,155,90,41,127,60,42,47,26,161,115,152,49,54,197,168,74,37,94,118,124,44,34,108,174,196,167,15,156,21,73,82,131,110,181,68,123,45,138,126,143,160,173,18,199,12,7,136,89,46,164,4,84,122,25,23,77,57,186,170,176,72,154,172,59,11,182,139,135,191,48,50,56,92,147,67,32,61,38,165,193,9,33,16,91,88,70,71,162,20,188,144,184,35,157,78,128,101,86,76,80,100,30,134,27,195,97,58,151,175,6,1,117,2,169,142,137,158,62,120,3,95,149,107,55,14,13,111,112,148,83,129,24,150,103,105,69,159,40,116,140,99,106,194,180,178,192,10,66,145,102,185,171,0,85,104,17,53,183,146,63,31,29,65,125,190,109,130,5,39,113,43,187,179,96,177,98,114,64,79,141,119,132,75,163,133,81,153,166,189,28,8,36,22,52,93,19,87,121,51];True
2801;6798;9599;[198,155,90,41,127,60,42,47,26,161,115,152,49,54,197,168,74,37,94,118,124,44,34,108,174,196,167,15,156,21,73,82,131,110,181,68,123,45,138,126,143,160,173,18,199,12,7,136,89,46,164,4,84,122,25,23,77,57,186,170,176,72,154,172,59,11,182,139,135,191,48,50,56,92,147,67,32,61,19,165,193,9,33,16,91,88,70,71,162,20,188,144,184,35,157,78,128,101,86,76,80,100,30,134,27,195,97,58,151,175,6,1,117,2,169,142,137,158,62,120,3,95,149,107,55,14,13,111,112,148,83,129,24,150,103,140,69,159,40,116,105,99,106,194,180,178,192,10,66,145,102,185,171,0,85,104,17,53,183,146,63,31,29,65,125,190,109,130,5,39,113,43,187,179,96,177,98,114,64,79,141,119,132,75,163,133,81,153,166,189,28,8,36,22,52,93,38,87,121,51];False
2807;6796;9603;[198,155,90,41,127,60,42,47,26,161,115,152,49,54,197,168,74,37,94,118,124,44,34,108,174,196,167,15,156,21,73,82,131,110,181,68,123,45,138,126,143,160,173,18,199,12,7,136,89,46,164,4,84,122,25,23,77,57,186,170,176,72,154,172,59,11,182,139,135,191,48,50,56,92,147,67,32,61,38,165,193,9,33,16,91,88,70,71,162,20,188,144,184,35,157,78,128,101,86,76,80,100,30,134,27,195,97,58,151,175,6,1,117,2,169,142,163,158,62,120,3,95,149,107,55,14,13,111,112,148,83,129,24,150,103,140,69,159,40,116,105,99,106,194,180,178,192,10,66,145,102,185,171,0,85,104,17,53,183,146,63,31,29,65,125,190,109,130,5,39,113,43,187,179,96,177,98,114,64,79,141,119,132,75,137,133,81,153,166,189,28,8,36,22,52,93,19,87,121,51];False
2611;6897;9508;[198,155,90,41,127,60,42,119,26,161,115,152,49,54,197,168,74,37,94,118,124,44,34,108,174,196,167,15,156,21,73,82,131,110,181,68,123,45,138,126,143,160,173,18,199,12,7,136,89,46,164,4,84,122,24,23,77,57,186,170,176,72,154,172,59,11,182,139,55,191,48,50,56,92,147,67,32,61,38,165,193,9,33,16,91,88,70,71,162,20,188,144,184,35,157,78,128,101,86,76,80,100,30,134,27,195,97,58,151,175,6,1,117,2,169,142,137,158,62,120,3,95,149,107,135,14,13,111,112,148,83,129,25,116,103,140,69,159,40,150,105,99,106,194,180,178,192,10,66,145,102,185,171,0,85,104,17,53,183,146,63,31,29,65,125,190,109,130,5,39,113,43,187,179,96,141,98,114,64,79,177,47,132,75,163,133,81,153,166,189,28,8,36,22,52,93,19,87,121,51];False
2594;6903;9497;[198,155,90,41,127,60,42,119,26,161,115,152,49,54,197,168,74,37,94,118,124,44,34,108,174,196,167,15,156,21,73,82,131,110,181,68,123,45,138,126,143,160,173,18,199,12,7,136,89,46,164,4,84,122,24,23,77,57,186,170,176,72,154,172,59,11,182,139,135,191,50,48,56,92,147,67,32,61,38,165,193,9,33,16,91,88,70,71,162,20,188,144,184,35,157,78,128,101,86,76,80,100,30,134,27,195,97,58,151,175,6,1,117,2,169,142,137,158,62,120,3,95,149,107,55,14,13,111,112,148,83,129,25,116,103,140,69,159,40,150,105,99,106,194,180,178,192,10,66,145,102,185,171,0,85,104,17,53,183,146,63,31,29,65,125,190,109,130,5,39,113,43,187,179,96,141,98,114,64,79,177,47,132,75,163,133,81,153,166,189,28,8,36,22,52,93,19,87,121,51];False
2587;6903;9490;[198,155,90,41,127,60,42,119,26,161,115,152,49,54,197,168,74,37,94,118,124,44,34,108,174,196,167,15,156,21,73,82,131,110,181,68,123,45,138,126,143,160,173,18,199,12,7,136,89,46,164,4,84,122,24,23,77,57,186,170,176,72,154,172,59,11,182,139,135,191,48,50,56,92,147,67,112,61,38,165,193,9,33,16,91,88,70,71,162,20,188,144,184,35,157,78,128,101,86,76,80,100,30,134,27,195,97,58,151,175,6,1,117,2,169,142,137,158,62,120,3,95,149,107,55,14,13,111,32,148,83,129,25,116,103,140,69,159,40,150,105,99,106,194,180,178,192,10,66,145,102,185,171,0,85,104,17,53,183,146,63,31,29,65,125,190,109,130,5,39,113,43,187,179,96,141,98,114,64,79,177,47,132,75,163,133,81,153,166,189,28,8,36,22,52,93,19,87,121,51];False
2615;6880;9495;[198,155,90,41,127,60,42,119,26,161,115,152,49,54,197,168,74,37,94,118,124,44,34,108,174,196,167,15,156,21,73,82,131,110,181,68,123,45,138,126,143,160,173,18,199,12,7,136,89,46,164,4,84,122,24,23,77,57,186,170,176,72,154,172,59,11,182,139,135,191,48,50,56,92,147,67,32,61,40,165,193,9,33,16,91,88,70,71,162,20,188,144,184,35,157,78,128,101,86,76,80,100,30,134,27,195,97,58,151,175,6,1,117,2,169,142,137,158,62,120,3,95,149,107,55,14,13,111,112,148,83,129,25,116,103,140,69,159,38,150,105,99,106,194,180,178,192,10,66,145,102,185,171,0,85,104,17,53,183,146,63,31,29,65,125,190,109,130,5,39,113,43,187,179,96,141,98,114,64,79,177,47,132,75,163,133,81,153,166,189,28,8,36,22,52,93,19,87,121,51];False
2647;6871;9518;[198,155,90,41,127,60,42,119,26,161,115,152,49,54,197,168,74,37,94,118,124,44,34,108,174,196,167,15,156,21,73,82,131,110,181,68,123,45,138,126,143,160,173,18,199,12,7,136,89,46,164,4,84,122,24,23,77,57,186,170,176,72,154,172,59,11,182,139,135,191,48,50,56,92,147,67,32,61,19,165,193,9,33,16,91,88,70,71,162,20,188,144,184,35,157,78,128,101,86,76,80,100,30,134,27,195,97,58,151,175,6,1,117,2,169,142,137,158,62,120,3,95,149,107,55,14,13,111,112,148,83,129,25,116,103,140,69,159,40,150,105,99,106,194,180,178,192,10,66,145,102,185,171,0,85,104,17,53,183,146,63,31,29,65,125,190,109,130,5,39,113,43,187,179,96,141,98,114,64,79,177,47,132,75,163,133,81,153,166,189,28,8,36,22,52,93,38,87,121,51];False
2664;6865;9529;[198,155,90,41,127,60,42,119,26,161,115,152,49,54,197,168,74,37,94,118,124,44,34,108,174,196,167,15,156,21,73,82,131,110,181,68,123,45,138,126,143,160,173,18,199,12,7,136,89,46,164,4,84,122,24,23,77,57,186,170,176,72,154,172,59,11,182,139,135,191,48,50,56,92,147,67,32,61,38,165,193,9,33,16,91,88,70,71,162,20,188,144,184,35,157,78,128,101,86,76,80,100,30,134,27,2,97,58,151,175,6,1,117,195,169,142,137,158,62,120,3,95,149,107,55,14,13,111,112,148,83,129,25,116,103,140,69,159,40,150,105,99,106,194,180,178,192,10,66,145,102,185,171,0,85,104,17,53,183,146,63,31,29,65,125,190,109,130,5,39,113,43,187,179,96,141,98,114,64,79,177,47,132,75,163,133,81,153,166,189,28,8,36,22,52,93,19,87,121,51];False
2653;6869;9522;[198,155,90,41,127,60,42,119,26,161,115,152,49,54,197,168,74,37,94,118,124,44,34,108,174,196,167,15,156,21,73,82,131,110,181,68,123,45,138,126,143,160,173,18,199,12,7,136,89,46,164,4,84,122,24,23,77,57,186,170,176,72,154,172,59,11,182,139,135,191,48,50,56,92,147,67,32,61,38,165,193,9,33,16,91,88,70,71,162,20,188,144,184,35,157,78,128,101,86,76,80,100,30,134,27,195,97,58,151,175,6,1,117,2,169,142,163,158,62,120,3,95,149,107,55,14,13,111,112,148,83,129,25,116,103,140,69,159,40,150,105,99,106,194,180,178,192,10,66,145,102,185,171,0,85,104,17,53,183,146,63,31,29,65,125,190,109,130,5,39,113,43,187,179,96,141,98,114,64,79,177,47,132,75,137,133,81,153,166,189,28,8,36,22,52,93,19,87,121,51];False
2722;6839;9561;[198,155,90,41,127,60,42,119,26,161,115,152,49,54,197,168,74,37,94,118,124,44,34,108,174,196,167,15,156,21,73,82,131,110,181,68,123,45,138,126,143,160,173,18,199,12,7,136,89,46,164,4,84,122,24,23,77,57,186,170,176,72,154,172,59,11,182,139,135,191,48,50,56,92,147,67,32,61,38,165,193,9,33,16,91,88,70,71,162,20,188,144,184,35,157,78,128,101,86,76,80,100,30,134,27,195,97,58,151,175,6,1,117,2,169,142,137,158,62,120,3,95,149,107,55,14,13,111,52,148,83,129,25,116,103,140,69,159,40,150,105,99,106,194,180,178,192,10,66,145,102,185,171,0,85,104,17,53,183,146,63,31,29,65,125,190,109,130,5,39,113,43,187,179,96,141,98,114,64,79,177,47,132,75,163,133,81,153,166,189,28,8,36,22,112,93,19,87,121,51];False
2676;6843;9519;[198,155,90,41,127,60,42,119,26,161,115,152,49,54,197,168,74,37,94,118,124,44,34,108,174,196,167,15,156,21,73,82,131,110,181,68,123,45,138,126,143,160,173,18,199,12,7,136,89,46,164,4,84,122,24,23,77,57,186,170,176,72,154,172,59,11,182,139,135,191,48,50,56,92,147,67,32,61,38,165,193,9,33,16,91,88,70,71,162,20,188,144,184,35,157,78,128,101,86,76,80,100,30,134,27,195,97,58,151,175,6,1,117,2,169,142,137,158,62,120,3,95,149,107,55,14,13,111,112,148,83,129,25,116,103,105,69,159,40,150,140,99,106,194,180,178,192,10,66,145,102,185,171,0,85,104,17,53,183,146,63,31,29,65,125,190,109,130,5,39,113,43,187,179,96,141,98,114,64,79,177,47,132,75,163,133,81,153,166,189,28,8,36,22,52,93,19,87,121,51];False
2936;6751;9687;[198,155,90,41,127,60,42,119,26,161,115,152,49,54,197,168,74,37,94,118,124,44,34,108,174,196,167,15,156,21,73,82,131,110,181,68,123,45,138,126,143,160,173,18,199,12,7,136,89,46,164,4,84,122,25,23,77,57,186,170,176,72,154,172,59,11,182,139,135,191,48,50,56,92,147,67,32,61,38,165,193,9,33,16,91,88,70,71,162,20,188,144,184,35,157,78,128,101,86,76,80,100,30,134,27,2,97,58,151,175,6,1,117,195,169,142,137,158,62,120,3,95,149,107,55,14,13,111,52,148,83,129,24,150,103,105,69,159,40,116,140,99,106,194,180,178,192,10,66,145,102,185,171,0,85,104,17,53,183,146,63,31,29,65,125,190,109,130,5,39,113,43,187,179,96,141,98,114,64,79,177,47,132,75,163,133,81,153,166,189,28,8,36,22,112,93,19,87,121,51];False
2897;6764;9661;[198,155,90,41,127,60,42,119,26,161,115,152,49,54,197,168,74,37,94,118,124,44,34,108,174,196,167,15,156,21,73,82,131,110,181,68,140,45,138,126,143,160,173,18,199,12,7,136,89,46,164,4,84,122,25,23,77,57,186,170,176,72,154,172,59,11,182,139,135,191,48,50,56,92,147,67,32,61,38,165,193,9,33,16,91,88,70,71,162,20,188,144,184,35,157,78,128,101,86,76,80,100,30,134,27,195,97,58,151,175,6,1,117,2,169,142,137,158,62,120,3,95,149,107,55,14,13,111,52,148,83,129,24,150,103,105,69,159,40,116,123,99,106,194,180,178,192,10,66,145,102,185,171,0,85,104,17,53,183,146,63,31,29,65,125,190,109,130,5,39,113,43,187,179,96,141,98,114,64,79,177,47,132,75,163,133,81,153,166,189,28,8,36,22,112,93,19,87,121,51];False
2945;6748;9693;[108,183,65,41,127,60,42,47,26,161,115,152,49,54,197,168,74,37,94,118,124,44,34,198,174,196,167,15,156,21,73,82,131,110,181,68,123,45,138,126,143,160,173,18,199,12,7,136,89,46,164,4,84,122,25,23,77,57,186,170,176,72,154,172,59,11,182,139,135,191,48,50,56,92,147,67,32,61,38,165,193,9,33,16,91,88,70,71,162,20,188,144,184,35,157,78,128,101,86,76,80,100,30,134,27,195,97,58,151,175,6,1,117,2,169,142,137,158,62,120,3,95,149,107,55,14,13,111,52,148,83,129,24,150,103,105,69,159,40,116,140,99,106,194,180,178,192,10,66,145,102,185,171,0,85,104,17,53,155,146,63,31,29,90,125,190,109,130,5,39,113,43,187,179,96,177,98,114,64,79,141,119,132,75,163,133,81,153,166,189,28,8,36,22,112,93,19,87,121,51];False
2602;6895;9497;[53,183,65,41,127,60,42,119,26,161,115,152,49,54,197,168,74,37,94,118,124,44,69,198,174,196,167,15,156,21,73,82,131,110,181,68,123,45,138,126,143,160,173,18,199,12,7,136,89,46,164,4,84,122,24,23,77,57,186,170,176,72,154,172,59,11,182,139,135,191,48,50,56,92,147,67,32,61,38,165,193,9,33,16,91,88,70,71,162,20,188,144,184,35,157,78,128,101,86,76,80,100,30,134,27,195,97,58,151,175,6,1,117,2,169,142,137,158,62,120,3,95,149,107,55,14,13,111,112,148,83,129,25,116,103,140,34,159,40,150,105,99,106,194,180,178,192,10,66,145,102,185,171,0,85,104,17,108,155,146,63,31,29,90,125,190,109,130,5,39,113,43,187,179,96,141,98,114,64,79,177,47,132,75,163,133,81,153,166,189,28,8,36,22,52,93,19,87,121,51];False
2661;6855;9516;[108,183,65,41,127,60,42,119,26,161,115,152,49,54,197,168,74,37,94,118,124,44,34,198,174,196,167,15,156,21,73,82,131,110,181,68,123,45,138,126,143,160,173,18,199,12,7,136,89,46,164,4,84,122,24,23,77,57,186,170,176,72,154,172,59,11,182,139,135,191,48,50,56,92,147,67,32,61,40,165,193,9,33,16,91,88,70,71,162,20,188,144,184,35,157,78,128,101,86,76,80,100,30,134,27,195,97,58,151,175,6,1,117,2,169,142,137,158,62,120,3,95,149,107,55,14,13,111,112,148,83,129,25,116,103,105,69,159,38,150,140,99,106,194,180,178,192,10,66,145,102,185,171,0,85,104,17,53,155,146,63,31,29,90,125,190,109,130,5,39,113,43,187,179,96,141,98,114,64,79,177,47,132,75,163,133,81,153,166,189,28,8,36,22,52,93,19,87,121,51];False
2706;6838;9544;[198,183,65,41,127,60,42,119,26,161,115,152,49,54,197,168,74,37,94,118,124,44,34,108,174,196,167,15,156,21,73,82,131,110,181,68,123,45,138,126,143,160,173,18,199,12,7,136,89,46,164,4,84,122,24,23,77,57,186,170,176,72,154,172,59,11,182,139,135,191,48,50,56,92,147,67,32,61,38,165,193,9,33,16,91,88,70,71,162,20,188,144,184,35,157,78,128,101,86,76,80,100,30,134,27,195,97,58,151,175,6,1,117,2,169,142,137,158,62,120,3,95,149,107,55,14,13,111,112,148,83,129,25,116,103,105,69,159,40,150,140,99,106,194,180,178,192,10,66,145,102,185,171,0,85,104,17,53,155,146,63,31,29,90,125,190,109,130,5,39,113,43,187,179,96,141,98,114,64,79,177,47,132,75,163,133,81,153,166,189,28,8,36,22,52,93,19,87,121,51];False
2728;6830;9558;[108,183,65,41,127,60,42,47,26,161,115,152,49,54,197,168,74,37,94,118,124,44,34,198,174,196,167,15,156,21,73,82,131,110,181,68,123,45,138,126,143,160,173,18,199,12,7,136,89,46,164,4,84,122,24,23,77,57,186,170,176,72,154,172,59,11,182,139,135,191,48,50,56,92,147,67,32,61,38,165,193,9,33,16,91,88,70,71,162,20,188,144,184,35,157,78,128,101,86,76,80,100,30,134,27,195,97,58,151,175,6,1,117,2,169,142,137,158,62,120,3,95,149,107,55,14,13,111,112,148,83,129,25,116,103,105,69,159,40,150,140,99,106,194,180,178,192,10,66,145,102,185,171,0,85,104,17,53,155,146,63,31,29,90,125,190,109,130,5,39,113,43,187,179,96,141,98,114,64,79,177,119,132,75,163,133,81,153,166,189,28,8,36,22,52,93,19,87,121,51];False
3169;6681;9850;[198,29,90,41,127,60,42,47,26,161,115,152,49,54,197,168,74,37,94,118,124,44,34,108,174,196,167,15,156,21,73,82,131,110,181,68,123,45,138,126,143,160,173,18,199,12,7,136,89,46,164,4,84,122,25,23,77,57,186,170,176,72,154,172,59,11,182,139,135,191,48,50,56,92,147,67,32,61,184,165,193,19,33,16,91,88,70,71,162,20,188,144,9,35,157,78,128,101,86,76,80,100,30,134,27,195,97,58,151,175,6,1,117,2,169,142,137,158,62,120,3,95,149,107,55,14,13,111,52,148,83,129,24,150,103,105,69,159,40,116,140,99,106,194,180,178,192,10,66,145,102,185,171,0,85,104,17,53,155,146,63,31,183,65,125,190,109,130,5,39,113,43,187,179,96,141,98,114,64,79,177,119,132,75,163,133,81,153,166,189,28,8,36,22,112,93,38,87,121,51];False
3191;6675;9866;[198,29,90,41,127,60,177,47,26,161,115,152,49,54,197,168,74,37,94,118,124,44,34,108,174,196,167,15,156,21,73,82,131,110,181,68,140,45,138,126,143,160,173,18,199,12,7,136,89,46,164,4,84,122,25,23,77,57,186,170,176,72,154,172,59,11,182,139,135,191,48,50,56,92,147,67,32,61,184,165,193,19,33,16,91,88,70,71,162,20,188,144,9,35,157,78,128,101,86,76,80,100,30,134,27,195,97,58,151,175,6,1,117,2,169,142,137,158,62,120,3,95,149,107,55,14,13,111,52,148,83,129,24,150,103,105,69,159,40,116,123,99,106,194,180,178,192,10,66,145,102,185,171,0,85,104,17,53,155,146,63,31,183,65,125,190,109,130,5,39,113,43,187,179,96,141,98,114,64,79,42,119,132,75,163,133,81,153,166,189,28,8,36,22,112,93,38,87,121,51];False
3156;6681;9837;[198,29,90,41,127,60,177,47,26,161,115,152,49,54,197,168,74,37,94,118,124,44,34,108,174,196,167,15,156,21,73,82,131,110,181,68,123,45,138,126,143,160,173,18,199,12,7,136,89,46,164,4,84,122,25,23,77,57,186,170,176,72,154,172,59,11,182,139,135,191,48,50,56,92,147,67,32,61,28,165,193,19,33,16,91,88,70,71,162,20,188,144,9,35,157,78,128,101,86,76,80,100,30,134,27,195,97,58,151,175,6,1,117,2,169,142,137,158,62,120,3,95,149,107,55,14,13,111,52,148,83,129,24,150,103,105,69,159,40,116,140,99,106,194,180,178,192,10,66,145,102,185,171,0,85,104,17,53,155,146,63,31,183,65,125,190,109,130,5,39,113,43,187,179,96,141,98,114,64,79,42,119,132,75,163,133,81,153,166,189,184,8,36,22,112,93,38,87,121,51];False
3230;6662;9892;[198,29,90,41,127,60,177,47,26,161,115,152,49,54,197,168,74,37,94,118,124,44,34,108,174,196,167,15,156,21,73,82,131,110,181,68,123,45,138,126,143,160,173,18,199,12,7,136,89,46,164,4,84,122,25,23,77,57,186,170,176,72,154,172,59,11,182,139,135,191,48,50,56,92,147,67,32,61,184,165,193,19,33,16,91,88,70,71,162,20,188,144,9,35,157,78,128,101,86,76,80,100,30,134,27,2,97,58,151,175,6,1,117,195,169,142,137,158,62,120,3,95,149,107,55,14,13,111,52,148,83,129,24,150,103,105,69,159,40,116,140,99,106,194,180,178,192,10,66,145,102,185,171,0,85,104,17,53,155,146,63,31,183,65,125,190,109,130,5,39,113,43,187,179,96,141,98,114,64,79,42,119,132,75,163,133,81,153,166,189,28,8,36,22,112,93,38,87,121,51];True
3219;6666;9885;[198,29,90,41,127,60,177,47,26,161,115,152,49,54,197,168,74,37,94,118,124,44,34,108,174,196,167,15,156,21,73,82,131,110,181,68,123,45,138,126,143,160,173,18,199,12,7,136,89,46,164,4,84,122,25,23,77,57,186,170,176,72,154,172,59,11,182,139,135,191,48,50,56,92,147,67,32,61,184,165,193,19,33,16,91,88,70,71,162,20,188,144,9,35,157,78,128,101,86,76,80,100,30,134,27,195,97,58,151,175,6,1,117,2,169,142,163,158,62,120,3,95,149,107,55,14,13,111,52,148,83,129,24,150,103,105,69,159,40,116,140,99,106,194,180,178,192,10,66,145,102,185,171,0,85,104,17,53,155,146,63,31,183,65,125,190,109,130,5,39,113,43,187,179,96,141,98,114,64,79,42,119,132,75,137,133,81,153,166,189,28,8,36,22,112,93,38,87,121,51];False
3170;6678;9848;[198,29,90,41,127,60,177,47,26,161,115,152,49,54,197,168,74,37,94,118,124,44,34,108,174,196,167,15,156,21,73,82,131,110,181,68,123,45,138,126,143,160,173,18,199,12,7,136,89,46,164,4,84,122,25,23,77,57,186,170,176,72,154,172,59,11,182,139,135,191,48,50,56,92,147,67,32,61,184,165,193,19,33,16,91,88,70,71,162,20,188,144,9,35,157,78,128,101,86,76,80,100,30,134,27,195,97,58,151,175,6,1,117,2,169,142,137,158,62,120,3,95,149,107,55,14,13,111,52,148,83,129,24,150,103,105,69,159,40,116,104,99,106,194,180,178,192,10,66,145,102,185,171,0,85,140,17,53,155,146,63,31,183,65,125,190,109,130,5,39,113,43,187,179,96,141,98,114,64,79,42,119,132,75,163,133,81,153,166,189,28,8,36,22,112,93,38,87,121,51];False
3249;6657;9906;[198,29,90,41,127,60,177,47,26,161,115,152,49,54,197,168,74,37,94,118,124,44,34,108,174,196,167,15,156,21,73,82,131,110,181,68,123,45,138,126,143,160,173,18,199,12,7,136,89,46,164,4,84,122,25,23,77,57,186,170,176,72,154,172,59,11,182,139,135,191,48,50,56,92,147,67,32,61,184,165,193,19,33,16,91,88,70,71,162,20,188,144,9,35,157,78,128,101,86,76,80,100,30,134,27,195,97,58,151,175,6,1,117,2,169,142,137,158,62,120,3,95,149,107,55,14,13,111,52,148,83,129,24,150,103,105,69,159,40,116,140,99,106,194,180,178,192,109,66,145,102,185,171,0,85,104,17,53,155,146,63,31,183,65,125,190,10,130,5,39,113,43,187,179,96,141,98,114,64,79,42,119,132,75,163,133,81,153,166,189,28,8,36,22,112,93,38,87,121,51];True
2928;6752;9680;[198,155,90,41,127,60,177,47,26,161,115,152,49,54,197,168,74,37,94,118,124,44,34,108,174,196,167,15,156,21,73,82,131,110,181,68,123,45,138,126,143,160,173,18,199,12,7,136,89,46,164,4,84,122,25,23,77,57,186,170,176,72,154,172,59,11,182,139,135,191,48,50,56,92,147,67,32,61,19,165,193,9,33,16,91,88,70,71,162,20,188,144,184,35,157,78,128,101,86,76,80,100,30,134,27,195,97,58,151,175,6,1,117,2,169,142,137,158,62,120,3,95,149,107,55,14,13,111,52,148,83,129,24,150,103,140,69,159,40,116,105,99,106,194,180,178,192,10,66,145,102,185,171,0,85,104,17,53,183,146,63,31,29,65,125,190,109,130,5,39,113,43,187,179,96,141,98,114,64,79,42,119,132,75,163,133,81,153,166,189,28,8,36,22,112,93,38,87,121,51];False
2945;6746;9691;[198,155,90,41,127,60,177,47,26,161,115,152,49,54,197,168,74,37,94,118,124,44,34,108,174,196,167,15,156,21,73,82,131,110,181,68,123,45,138,126,143,160,173,18,199,12,7,136,89,46,164,4,84,122,25,23,77,57,186,170,176,72,154,172,59,11,182,139,135,191,48,50,56,92,147,67,32,61,38,165,193,9,33,16,91,88,70,71,162,20,188,144,184,35,157,78,128,101,86,76,80,100,30,134,27,2,97,58,151,175,6,1,117,195,169,142,137,158,62,120,3,95,149,107,55,14,13,111,52,148,83,129,24,150,103,140,69,159,40,116,105,99,106,194,180,178,192,10,66,145,102,185,171,0,85,104,17,53,183,146,63,31,29,65,125,190,109,130,5,39,113,43,187,179,96,141,98,114,64,79,42,119,132,75,163,133,81,153,166,189,28,8,36,22,112,93,19,87,121,51];False
2934;6750;9684;[198,155,90,41,127,60,177,47,26,161,115,152,49,54,197,168,74,37,94,118,124,44,34,108,174,196,167,15,156,21,73,82,131,110,181,68,123,45,138,126,143,160,173,18,199,12,7,136,89,46,164,4,84,122,25,23,77,57,186,170,176,72,154,172,59,11,182,139,135,191,48,50,56,92,147,67,32,61,38,165,193,9,33,16,91,88,70,71,162,20,188,144,184,35,157,78,128,101,86,76,80,100,30,134,27,195,97,58,151,175,6,1,117,2,169,142,163,158,62,120,3,95,149,107,55,14,13,111,52,148,83,129,24,150,103,140,69,159,40,116,105,99,106,194,180,178,192,10,66,145,102,185,171,0,85,104,17,53,183,146,63,31,29,65,125,190,109,130,5,39,113,43,187,179,96,141,98,114,64,79,42,119,132,75,137,133,81,153,166,189,28,8,36,22,112,93,19,87,121,51];False
2980;6731;9711;[198,155,90,41,127,60,177,47,26,161,115,152,49,54,197,168,74,37,94,118,124,44,34,108,174,196,167,15,156,21,73,82,131,110,181,68,123,45,138,126,143,160,173,18,199,12,7,136,89,46,164,4,84,122,25,23,77,57,186,170,176,72,154,172,59,11,182,139,135,191,48,50,56,92,147,67,32,61,38,165,193,9,33,16,91,88,70,71,162,20,188,144,184,35,157,78,128,101,86,76,80,100,30,134,27,195,97,58,151,175,6,1,117,2,169,142,137,158,62,120,3,95,149,107,55,14,13,111,52,148,83,129,24,150,103,105,69,159,40,116,140,99,106,194,180,178,192,10,66,145,102,185,171,0,85,104,17,53,183,146,63,31,29,65,125,190,109,130,5,39,113,43,187,179,96,141,98,114,64,79,42,119,132,75,163,133,81,153,166,189,28,8,36,22,112,93,19,87,121,51];True
2950;6745;9695;[198,155,90,41,127,60,42,47,26,161,115,152,49,54,197,168,74,37,94,118,124,44,34,108,174,196,167,15,156,21,73,82,131,110,181,68,140,45,138,126,143,160,173,18,199,12,7,136,89,46,164,4,84,122,25,23,77,57,186,170,176,72,154,172,59,11,182,139,135,191,48,50,56,92,147,67,32,61,38,165,193,9,33,16,91,88,70,71,162,20,188,144,184,35,157,78,128,101,86,76,80,100,30,134,27,195,97,58,151,175,6,1,117,2,169,142,137,158,62,120,3,95,149,107,55,14,13,111,52,148,83,129,24,150,103,105,69,159,40,116,123,99,106,194,180,178,192,10,66,145,102,185,171,0,85,104,17,53,183,146,63,31,29,65,125,190,109,130,5,39,113,43,187,179,96,141,98,114,64,79,177,119,132,75,163,133,81,153,166,189,28,8,36,22,112,93,19,87,121,51];False
2972;6738;9710;[198,155,90,41,127,60,42,47,26,161,115,152,49,54,197,168,74,37,94,118,124,44,34,108,174,196,167,15,156,21,73,82,131,110,181,68,123,45,138,126,143,160,173,18,199,12,7,136,89,46,164,4,84,122,25,23,77,57,186,170,176,72,154,172,59,11,182,139,135,191,48,50,56,92,147,67,32,61,19,165,193,9,33,16,91,88,70,71,162,20,188,144,184,35,157,78,128,101,86,76,80,100,30,134,27,195,97,58,151,175,6,1,117,2,169,142,137,158,62,120,3,95,149,107,55,14,13,111,52,148,83,129,24,150,103,105,69,159,40,116,140,99,106,194,180,178,192,10,66,145,102,185,171,0,85,104,17,53,183,146,63,31,29,65,125,190,109,130,5,39,113,43,187,179,96,141,98,114,64,79,177,119,132,75,163,133,81,153,166,189,28,8,36,22,112,93,38,87,121,51];False
2978;6736;9714;[198,155,90,41,127,60,42,47,26,161,115,152,49,54,197,168,74,37,94,118,124,44,34,108,174,196,167,15,156,21,73,82,131,110,181,68,123,45,138,126,143,160,173,18,199,12,7,136,89,46,164,4,84,122,25,23,77,57,186,170,176,72,154,172,59,11,182,139,135,191,48,50,56,92,147,67,32,61,38,165,193,9,33,16,91,88,70,71,162,20,188,144,184,35,157,78,128,101,86,76,80,100,30,134,27,195,97,58,151,175,6,1,117,2,169,142,163,158,62,120,3,95,149,107,55,14,13,111,52,148,83,129,24,150,103,105,69,159,40,116,140,99,106,194,180,178,192,10,66,145,102,185,171,0,85,104,17,53,183,146,63,31,29,65,125,190,109,130,5,39,113,43,187,179,96,141,98,114,64,79,177,119,132,75,137,133,81,153,166,189,28,8,36,22,112,93,19,87,121,51];False
2929;6750;9679;[198,155,90,41,127,60,42,47,26,161,115,152,49,54,197,168,74,37,94,118,124,44,34,108,174,196,167,15,156,21,73,82,131,110,181,68,123,45,138,126,143,160,173,18,199,12,7,136,89,46,164,4,84,122,25,23,77,57,186,170,176,72,154,172,59,11,182,139,135,191,48,50,56,92,147,67,32,61,38,165,193,9,33,16,91,88,70,71,162,20,188,144,184,35,157,78,128,101,86,76,80,100,30,134,27,195,97,58,151,175,6,1,117,2,169,142,137,158,62,120,3,95,149,107,55,14,13,111,52,148,83,129,24,150,103,105,69,159,40,104,140,99,106,194,180,178,192,10,66,145,102,185,171,0,85,116,17,53,183,146,63,31,29,65,125,190,109,130,5,39,113,43,187,179,96,141,98,114,64,79,177,119,132,75,163,133,81,153,166,189,28,8,36,22,112,93,19,87,121,51];False
2929;6748;9677;[198,155,90,41,127,60,42,47,26,161,115,152,49,54,197,168,74,37,94,118,124,44,34,108,174,196,167,15,156,21,73,82,131,110,181,68,123,45,138,126,143,160,173,18,199,12,7,136,89,46,164,4,84,122,25,23,77,57,186,170,176,72,154,172,59,11,182,139,135,191,48,50,56,92,147,67,32,61,38,165,193,9,33,16,91,88,70,71,162,20,188,144,184,35,157,78,128,101,86,76,80,100,30,134,27,195,97,58,151,175,6,1,117,2,169,142,137,158,62,120,3,95,149,107,55,14,13,111,52,148,83,129,24,150,103,105,69,159,40,116,104,99,106,194,180,178,192,10,66,145,102,185,171,0,85,140,17,53,183,146,63,31,29,65,125,190,109,130,5,39,113,43,187,179,96,141,98,114,64,79,177,119,132,75,163,133,81,153,166,189,28,8,36,22,112,93,19,87,121,51];True
2946;6742;9688;[198,155,90,41,127,60,42,47,26,161,115,152,49,54,197,168,74,37,94,118,124,44,34,108,174,196,167,15,156,21,73,82,131,110,181,68,123,45,138,126,143,160,173,18,199,12,7,136,89,46,164,4,84,122,25,23,77,57,186,170,176,72,154,172,59,11,182,139,135,191,48,50,56,92,147,67,32,61,38,165,193,9,33,16,91,88,70,71,162,20,188,144,184,35,157,78,128,101,86,76,80,100,30,134,27,195,97,58,151,175,6,1,117,2,169,142,137,158,62,120,3,95,149,107,55,14,13,111,52,148,83,129,24,150,103,105,69,159,40,116,140,99,106,194,180,178,192,10,66,145,102,185,171,0,85,104,17,53,183,146,63,31,29,65,125,190,109,130,5,39,113,43,187,179,96,177,98,114,64,79,141,119,132,75,163,133,81,153,166,189,28,8,36,22,112,93,19,87,121,51];True
2894;6763;9657;[198,155,90,41,127,60,42,47,26,161,115,152,49,54,197,168,74,37,94,118,124,44,34,108,174,196,167,15,156,21,73,82,131,110,181,68,123,45,138,126,143,160,173,18,199,12,7,136,89,46,164,4,84,122,25,23,77,57,186,170,176,72,154,172,59,11,182,139,135,191,48,50,56,92,147,67,32,61,19,165,193,9,33,16,91,88,70,71,162,20,188,144,184,35,157,78,128,101,86,76,80,100,30,134,27,195,97,58,151,175,6,1,117,2,169,142,137,158,62,120,3,95,149,107,55,14,13,111,52,148,83,129,24,150,103,140,69,159,40,116,105,99,106,194,180,178,192,10,66,145,102,185,171,0,85,104,17,53,183,146,63,31,29,65,125,190,109,130,5,39,113,43,187,179,96,177,98,114,64,79,141,119,132,75,163,133,81,153,166,189,28,8,36,22,112,93,38,87,121,51];True
2900;6761;9661;[198,155,90,41,127,60,42,47,26,161,115,152,49,54,197,168,74,37,94,118,124,44,34,108,174,196,167,15,156,21,73,82,131,110,181,68,123,45,138,126,143,160,173,18,199,12,7,136,89,46,164,4,84,122,25,23,77,57,186,170,176,72,154,172,59,11,182,139,135,191,48,50,56,92,147,67,32,61,38,165,193,9,33,16,91,88,70,71,162,20,188,144,184,35,157,78,128,101,86,76,80,100,30,134,27,195,97,58,151,175,6,1,117,2,169,142,163,158,62,120,3,95,149,107,55,14,13,111,52,148,83,129,24,150,103,140,69,159,40,116,105,99,106,194,180,178,192,10,66,145,102,185,171,0,85,104,17,53,183,146,63,31,29,65,125,190,109,130,5,39,113,43,187,179,96,177,98,114,64,79,141,119,132,75,137,133,81,153,166,189,28,8,36,22,112,93,19,87,121,51];True
2862;6773;9635;[198,155,90,41,127,60,177,47,26,161,115,152,49,54,197,168,74,37,94,118,124,44,34,108,174,196,167,15,156,21,73,82,131,110,181,68,123,45,138,126,143,160,173,18,199,12,7,136,89,46,164,4,84,122,25,23,77,57,186,170,176,72,154,172,59,11,182,139,135,191,48,50,56,92,147,67,32,61,38,165,193,9,33,16,91,88,70,71,162,20,188,144,184,35,157,78,128,101,86,76,80,100,30,134,27,195,97,58,151,175,6,1,117,2,169,142,137,158,62,120,3,95,149,107,55,14,13,111,112,148,83,129,24,150,103,105,69,159,40,116,104,99,106,194,180,178,192,10,66,145,102,185,171,0,85,140,17,53,183,146,63,31,29,65,125,190,109,130,5,39,113,43,187,179,96,141,98,114,64,79,42,119,132,75,163,133,81,153,166,189,28,8,36,22,52,93,19,87,121,51];True
2828;6784;9612;[198,155,90,41,127,60,42,47,26,161,115,152,49,54,197,168,74,37,94,118,124,44,34,108,174,196,167,15,156,21,73,82,131,110,181,68,123,45,138,126,143,160,173,18,199,12,7,136,89,46,164,4,84,122,25,23,77,57,186,170,176,72,154,172,59,11,182,139,135,191,48,50,56,92,147,67,32,61,38,165,193,9,33,16,91,88,70,71,162,20,188,144,184,35,157,78,128,101,86,76,80,100,30,134,27,195,97,58,151,175,6,1,117,2,169,142,137,158,62,120,3,95,149,107,55,14,13,111,112,148,83,129,24,150,103,105,69,159,40,116,104,99,106,194,180,178,192,10,66,145,102,185,171,0,85,140,17,53,183,146,63,31,29,65,125,190,109,130,5,39,113,43,187,179,96,177,98,114,64,79,141,119,132,75,163,133,81,153,166,189,28,8,36,22,52,93,19,87,121,51];True
2573;6909;9482;[198,155,90,41,127,60,42,119,26,161,115,152,49,54,197,168,74,37,94,118,124,44,34,108,174,196,167,15,156,21,73,82,131,110,181,68,123,45,138,126,143,160,173,18,199,12,7,136,89,46,164,4,84,122,24,23,77,57,186,170,176,72,154,172,59,11,182,139,135,191,48,50,56,92,147,67,112,61,40,165,193,9,33,16,91,88,70,71,162,20,188,144,184,35,157,78,128,101,86,76,80,100,30,134,27,195,97,58,151,175,6,1,117,2,169,142,137,158,62,120,3,95,149,107,55,14,13,111,32,148,83,129,25,116,103,140,69,159,38,150,105,99,106,194,180,178,192,10,66,145,102,185,171,0,85,104,17,53,183,146,63,31,29,65,125,190,109,130,5,39,113,43,187,179,96,141,98,114,64,79,177,47,132,75,163,133,81,153,166,189,28,8,36,22,52,93,19,87,121,51];False
2634;6872;9506;[198,155,90,41,127,60,42,119,26,161,115,152,49,54,197,168,74,37,94,118,124,44,34,108,174,196,167,15,156,21,73,82,131,110,181,68,123,45,138,126,143,160,173,18,199,12,7,136,89,46,164,4,84,122,24,23,77,57,186,170,176,72,154,172,59,11,182,139,135,191,48,50,56,92,147,67,112,61,38,165,193,9,33,16,91,88,70,71,162,20,188,144,184,35,157,78,128,101,86,76,80,100,30,134,27,195,97,58,151,175,6,1,117,2,169,142,137,158,62,120,3,95,149,107,55,14,13,111,32,148,83,129,25,116,103,105,69,159,40,150,140,99,106,194,180,178,192,10,66,145,102,185,171,0,85,104,17,53,183,146,63,31,29,65,125,190,109,130,5,39,113,43,187,179,96,141,98,114,64,79,177,47,132,75,163,133,81,153,166,189,28,8,36,22,52,93,19,87,121,51];False
2612;6889;9501;[198,155,90,41,127,60,42,119,26,161,115,152,49,54,197,168,74,37,94,118,124,44,34,108,174,196,167,15,156,21,73,82,131,110,181,68,123,45,55,126,143,160,173,18,199,12,7,136,89,46,164,4,84,122,24,23,77,57,186,170,176,72,154,172,59,11,182,139,135,191,48,50,56,92,147,67,32,61,40,165,193,9,33,16,91,88,70,71,162,20,188,144,184,35,157,78,128,101,86,76,80,100,30,134,27,195,97,58,151,175,6,1,117,2,169,142,137,158,62,120,3,95,149,107,138,14,13,111,112,148,83,129,25,116,103,140,69,159,38,150,105,99,106,194,180,178,192,10,66,145,102,185,171,0,85,104,17,53,183,146,63,31,29,65,125,190,109,130,5,39,113,43,187,179,96,141,98,114,64,79,177,47,132,75,163,133,81,153,166,189,28,8,36,22,52,93,19,87,121,51];False
2662;6849;9511;[198,155,90,41,127,60,42,119,26,161,115,152,49,54,197,168,74,37,94,118,124,44,34,108,174,196,167,15,156,21,73,82,131,110,181,68,123,45,138,126,143,160,173,18,199,12,7,136,89,46,164,4,84,122,24,23,77,57,186,170,176,72,154,172,59,11,182,139,135,191,48,50,56,92,147,67,32,61,40,165,193,9,33,16,91,88,70,71,162,20,188,144,184,35,157,78,128,101,86,76,80,100,30,134,27,195,97,58,151,175,6,1,117,2,169,142,137,158,62,120,3,95,149,107,55,14,13,111,112,148,83,129,25,116,103,105,69,159,38,150,140,99,106,194,180,178,192,10,66,145,102,185,171,0,85,104,17,53,183,146,63,31,29,65,125,190,109,130,5,39,113,43,187,179,96,141,98,114,64,79,177,47,132,75,163,133,81,153,166,189,28,8,36,22,52,93,19,87,121,51];False
2694;6840;9534;[198,155,90,41,127,60,42,119,26,161,115,152,49,54,197,168,74,37,94,118,124,44,34,108,174,196,167,15,156,21,73,82,131,110,181,68,123,45,138,126,143,160,173,18,199,12,7,136,89,46,164,4,84,122,24,23,77,57,186,170,176,72,154,172,59,11,182,139,135,191,48,50,56,92,147,67,32,61,19,165,193,9,33,16,91,88,70,71,162,20,188,144,184,35,157,78,128,101,86,76,80,100,30,134,27,195,97,58,151,175,6,1,117,2,169,142,137,158,62,120,3,95,149,107,55,14,13,111,112,148,83,129,25,116,103,105,69,159,40,150,140,99,106,194,180,178,192,10,66,145,102,185,171,0,85,104,17,53,183,146,63,31,29,65,125,190,109,130,5,39,113,43,187,179,96,141,98,114,64,79,177,47,132,75,163,133,81,153,166,189,28,8,36,22,52,93,38,87,121,51];False
2700;6838;9538;[198,155,90,41,127,60,42,119,26,161,115,152,49,54,197,168,74,37,94,118,124,44,34,108,174,196,167,15,156,21,73,82,131,110,181,68,123,45,138,126,143,160,173,18,199,12,7,136,89,46,164,4,84,122,24,23,77,57,186,170,176,72,154,172,59,11,182,139,135,191,48,50,56,92,147,67,32,61,38,165,193,9,33,16,91,88,70,71,162,20,188,144,184,35,157,78,128,101,86,76,80,100,30,134,27,195,97,58,151,175,6,1,117,2,169,142,163,158,62,120,3,95,149,107,55,14,13,111,112,148,83,129,25,116,103,105,69,159,40,150,140,99,106,194,180,178,192,10,66,145,102,185,171,0,85,104,17,53,183,146,63,31,29,65,125,190,109,130,5,39,113,43,187,179,96,141,98,114,64,79,177,47,132,75,137,133,81,153,166,189,28,8,36,22,52,93,19,87,121,51];False
2729;6824;9553;[198,155,90,41,127,60,42,47,26,161,115,152,49,54,197,168,74,37,94,118,124,44,34,108,174,196,167,15,156,21,73,82,131,110,181,68,123,45,138,126,143,160,173,18,199,12,7,136,89,46,164,4,84,122,24,23,77,57,186,170,176,72,154,172,59,11,182,139,135,191,48,50,56,92,147,67,32,61,38,165,193,9,33,16,91,88,70,71,162,20,188,144,184,35,157,78,128,101,86,76,80,100,30,134,27,195,97,58,151,175,6,1,117,2,169,142,137,158,62,120,3,95,149,107,55,14,13,111,112,148,83,129,25,116,103,105,69,159,40,150,140,99,106,194,180,178,192,10,66,145,102,185,171,0,85,104,17,53,183,146,63,31,29,65,125,190,109,130,5,39,113,43,187,179,96,141,98,114,64,79,177,119,132,75,163,133,81,153,166,189,28,8,36,22,52,93,19,87,121,51];True
2605;6892;9497;[198,155,90,41,127,60,42,119,26,161,115,152,49,54,197,168,74,37,94,118,124,44,34,108,106,196,167,15,156,21,73,82,131,110,181,68,123,45,138,126,143,160,173,18,199,12,7,136,89,46,164,4,84,122,24,23,77,57,186,170,176,72,154,172,59,11,182,139,135,191,48,50,56,92,147,67,32,61,38,165,193,9,33,16,91,88,70,71,162,20,188,144,184,35,157,78,128,101,86,76,80,100,30,134,27,195,97,58,151,175,6,1,117,2,169,142,137,158,62,120,3,95,149,107,55,14,13,111,112,148,83,129,25,116,103,105,69,159,40,150,140,99,174,194,180,178,192,10,66,145,102,185,171,0,85,104,17,53,183,146,63,31,29,65,125,190,109,130,5,39,113,43,187,179,96,141,98,114,64,79,177,47,132,75,163,133,81,153,166,189,28,8,36,22,52,93,19,87,121,51];False
2591;6901;9492;[198,155,90,41,127,60,42,119,26,161,115,152,49,54,197,168,74,37,94,118,124,44,34,108,146,196,167,15,156,21,73,82,131,110,181,68,123,45,138,126,143,160,173,18,199,12,7,136,89,46,164,4,84,122,24,23,77,57,186,170,176,72,154,172,59,11,182,139,135,191,48,50,56,92,147,67,32,61,38,165,193,9,33,16,91,88,70,71,162,20,188,144,184,35,157,78,128,101,86,76,80,100,30,134,27,195,97,58,151,175,6,1,117,2,169,142,137,158,62,120,3,95,149,107,55,14,13,111,112,148,83,129,25,116,103,105,69,159,40,150,140,99,106,194,180,178,192,10,66,145,102,185,171,0,85,104,17,53,183,174,63,31,29,65,125,190,109,130,5,39,113,43,187,179,96,141,98,114,64,79,177,47,132,75,163,133,81,153,166,189,28,8,36,22,52,93,19,87,121,51];False
2658;6866;9524;[198,155,90,41,127,60,42,119,26,161,115,152,49,54,197,168,74,37,94,118,124,44,34,108,174,196,167,15,156,21,73,82,131,110,181,68,123,45,138,126,143,160,173,18,199,12,7,136,89,46,164,4,84,122,24,23,77,57,186,170,176,72,154,172,59,11,182,139,55,191,48,50,56,92,147,67,32,61,38,165,193,9,33,16,91,88,70,71,162,20,188,144,184,35,157,78,128,101,86,76,80,100,30,134,27,195,97,58,151,175,6,1,117,2,169,142,137,158,62,120,3,95,149,107,135,14,13,111,112,148,83,129,25,116,103,105,69,159,40,150,140,99,106,194,180,178,192,10,66,145,102,185,171,0,85,104,17,53,183,146,63,31,29,65,125,190,109,130,5,39,113,43,187,179,96,141,98,114,64,79,177,47,132,75,163,133,81,153,166,189,28,8,36,22,52,93,19,87,121,51];False
2711;6834;9545;[198,155,90,41,127,60,42,119,26,161,115,152,49,54,197,168,74,37,94,118,124,44,34,108,174,196,167,15,156,21,73,82,131,110,181,68,123,45,138,126,143,160,173,18,199,12,7,136,89,46,164,4,84,122,24,23,77,57,186,170,176,72,154,172,59,11,182,139,135,191,48,50,56,92,147,67,32,61,38,165,193,9,33,16,91,88,70,71,162,20,188,144,184,35,157,78,128,101,86,76,80,100,30,134,27,2,97,58,151,175,6,1,117,195,169,142,137,158,62,120,3,95,149,107,55,14,13,111,112,148,83,129,25,116,103,105,69,159,40,150,140,99,106,194,180,178,192,10,66,145,102,185,171,0,85,104,17,53,183,146,63,31,29,65,125,190,109,130,5,39,113,43,187,179,96,141,98,114,64,79,177,47,132,75,163,133,81,153,166,189,28,8,36,22,52,93,19,87,121,51];False
2769;6808;9577;[198,155,90,41,127,60,42,119,26,161,115,152,49,54,197,168,74,37,94,118,124,44,34,108,174,196,167,15,156,21,73,82,131,110,181,68,123,45,138,126,143,160,173,18,199,12,7,136,89,46,164,4,84,122,24,23,77,57,186,170,176,72,154,172,59,11,182,139,135,191,48,50,56,92,147,67,32,61,38,165,193,9,33,16,91,88,70,71,162,20,188,144,184,35,157,78,128,101,86,76,80,100,30,134,27,195,97,58,151,175,6,1,117,2,169,142,137,158,62,120,3,95,149,107,55,14,13,111,52,148,83,129,25,116,103,105,69,159,40,150,140,99,106,194,180,178,192,10,66,145,102,185,171,0,85,104,17,53,183,146,63,31,29,65,125,190,109,130,5,39,113,43,187,179,96,141,98,114,64,79,177,47,132,75,163,133,81,153,166,189,28,8,36,22,112,93,19,87,121,51];True
2588;6901;9489;[53,183,65,41,127,60,42,119,26,161,115,152,49,54,197,168,74,37,94,118,124,44,69,198,174,196,167,15,156,21,73,82,131,110,181,68,123,45,138,126,143,160,173,18,199,12,7,136,89,46,164,4,84,122,24,23,77,57,186,170,176,72,154,172,59,11,182,139,135,191,48,50,56,92,147,67,32,61,40,165,193,9,33,16,91,88,70,71,162,20,188,144,184,35,157,78,128,101,86,76,80,100,30,134,27,195,97,58,151,175,6,1,117,2,169,142,137,158,62,120,3,95,149,107,55,14,13,111,112,148,83,129,25,116,103,140,34,159,38,150,105,99,106,194,180,178,192,10,66,145,102,185,171,0,85,104,17,108,155,146,63,31,29,90,125,190,109,130,5,39,113,43,187,179,96,141,98,114,64,79,177,47,132,75,163,133,81,153,166,189,28,8,36,22,52,93,19,87,121,51];False
2656;6866;9522;[4,183,65,41,127,60,42,119,26,161,115,152,49,54,197,168,74,37,94,118,124,44,34,198,174,196,167,15,156,21,73,82,131,110,181,68,123,45,138,126,143,160,173,18,199,12,7,136,89,46,164,108,84,122,24,23,77,57,186,170,176,72,154,172,59,11,182,139,135,191,48,50,56,92,147,67,32,61,40,165,193,9,33,16,91,88,70,71,162,20,188,144,184,35,157,78,128,101,86,76,80,100,30,134,27,195,97,58,151,175,6,1,117,2,169,142,137,158,62,120,3,95,149,107,55,14,13,111,112,148,83,129,25,116,103,105,69,159,38,150,140,99,106,194,180,178,192,10,66,145,102,185,171,0,85,104,17,53,155,146,63,31,29,90,125,190,109,130,5,39,113,43,187,179,96,141,98,114,64,79,177,47,132,75,163,133,81,153,166,189,28,8,36,22,52,93,19,87,121,51];False
2658;6864;9522;[108,183,65,41,127,60,42,119,26,161,115,152,49,54,197,168,74,37,94,118,124,44,34,198,174,196,167,15,156,21,73,82,131,110,181,68,123,45,55,126,143,160,173,18,199,12,7,136,89,46,164,4,84,122,24,23,77,57,186,170,176,72,154,172,59,11,182,139,135,191,48,50,56,92,147,67,32,61,40,165,193,9,33,16,91,88,70,71,162,20,188,144,184,35,157,78,128,101,86,76,80,100,30,134,27,195,97,58,151,175,6,1,117,2,169,142,137,158,62,120,3,95,149,107,138,14,13,111,112,148,83,129,25,116,103,105,69,159,38,150,140,99,106,194,180,178,192,10,66,145,102,185,171,0,85,104,17,53,155,146,63,31,29,90,125,190,109,130,5,39,113,43,187,179,96,141,98,114,64,79,177,47,132,75,163,133,81,153,166,189,28,8,36,22,52,93,19,87,121,51];False
2720;6831;9551;[108,183,65,41,127,60,42,47,26,161,115,152,49,54,197,168,74,37,94,118,124,44,34,198,174,196,167,15,156,21,73,82,131,110,181,68,123,45,138,126,143,160,173,18,199,12,7,136,89,46,164,4,84,122,24,23,77,57,186,170,176,72,154,172,59,11,182,139,135,191,48,50,56,92,147,67,32,61,38,165,193,9,33,16,91,88,70,71,162,20,188,144,184,35,157,78,128,101,86,76,80,100,30,134,27,195,97,58,151,175,6,1,117,2,169,142,137,158,62,120,3,95,149,107,55,14,13,111,112,148,83,129,25,116,103,105,69,159,40,150,140,99,106,194,180,178,192,10,66,145,102,185,171,0,85,104,17,53,155,146,63,31,29,90,125,190,109,130,5,39,113,43,187,179,96,177,98,114,64,79,141,119,132,75,163,133,81,153,166,189,28,8,36,22,52,93,19,87,121,51];False
3121;6686;9807;[198,29,90,41,127,60,177,47,26,161,115,152,49,54,197,168,74,37,94,118,124,44,34,108,174,196,167,15,156,21,73,82,131,110,181,68,140,184,138,126,143,160,173,18,199,12,7,136,89,46,164,4,84,122,25,23,77,57,186,170,176,72,154,172,59,11,182,139,135,191,48,50,56,92,147,67,32,61,45,165,193,19,33,16,91,88,70,71,162,20,188,144,9,35,157,78,128,101,86,76,80,100,30,134,27,195,97,58,151,175,6,1,117,2,169,142,137,158,62,120,3,95,149,107,55,14,13,111,52,148,83,129,24,150,103,105,69,159,40,116,123,99,106,194,180,178,192,10,66,145,102,185,171,0,85,104,17,53,155,146,63,31,183,65,125,190,109,130,5,39,113,43,187,179,96,141,98,114,64,79,42,119,132,75,163,133,81,153,166,189,28,8,36,22,112,93,38,87,121,51];True
3215;6670;9885;[198,29,90,41,127,60,177,47,26,161,115,152,49,54,197,168,74,37,94,118,124,44,34,108,174,196,167,15,156,21,73,82,131,110,181,68,140,45,138,126,143,160,173,18,199,12,7,136,89,46,164,4,84,122,25,23,77,57,186,170,176,72,154,172,59,11,182,139,135,191,48,50,56,92,147,67,32,61,184,165,193,19,33,16,91,88,70,71,162,20,188,144,9,35,157,78,128,101,86,76,80,100,30,134,27,195,97,58,151,175,6,1,117,2,169,142,163,158,62,120,3,95,149,107,55,14,13,111,52,148,83,129,24,150,103,105,69,159,40,116,123,99,106,194,180,178,192,10,66,145,102,185,171,0,85,104,17,53,155,146,63,31,183,65,125,190,109,130,5,39,113,43,187,179,96,141,98,114,64,79,42,119,132,75,137,133,81,153,166,189,28,8,36,22,112,93,38,87,121,51];False
3191;6672;9863;[198,29,90,41,127,60,177,47,26,161,115,152,49,54,197,168,74,37,94,118,124,44,34,108,174,196,167,15,156,21,73,82,131,110,181,68,123,45,138,126,143,160,173,18,199,12,7,136,89,46,164,4,84,122,25,23,77,57,186,170,176,72,154,172,59,11,182,139,135,191,48,50,56,92,147,67,32,61,28,165,193,19,33,16,91,88,70,71,162,20,188,144,9,35,157,78,128,101,86,76,80,100,30,134,27,2,97,58,151,175,6,1,117,195,169,142,137,158,62,120,3,95,149,107,55,14,13,111,52,148,83,129,24,150,103,105,69,159,40,116,140,99,106,194,180,178,192,10,66,145,102,185,171,0,85,104,17,53,155,146,63,31,183,65,125,190,109,130,5,39,113,43,187,179,96,141,98,114,64,79,42,119,132,75,163,133,81,153,166,189,184,8,36,22,112,93,38,87,121,51];False
3180;6676;9856;[198,29,90,41,127,60,177,47,26,161,115,152,49,54,197,168,74,37,94,118,124,44,34,108,174,196,167,15,156,21,73,82,131,110,181,68,123,45,138,126,143,160,173,18,199,12,7,136,89,46,164,4,84,122,25,23,77,57,186,170,176,72,154,172,59,11,182,139,135,191,48,50,56,92,147,67,32,61,28,165,193,19,33,16,91,88,70,71,162,20,188,144,9,35,157,78,128,101,86,76,80,100,30,134,27,195,97,58,151,175,6,1,117,2,169,142,163,158,62,120,3,95,149,107,55,14,13,111,52,148,83,129,24,150,103,105,69,159,40,116,140,99,106,194,180,178,192,10,66,145,102,185,171,0,85,104,17,53,155,146,63,31,183,65,125,190,109,130,5,39,113,43,187,179,96,141,98,114,64,79,42,119,132,75,137,133,81,153,166,189,184,8,36,22,112,93,38,87,121,51];False
3210;6667;9877;[198,29,90,41,127,60,177,47,26,161,115,152,49,54,197,168,74,37,94,118,124,44,34,108,174,196,167,15,156,21,73,82,131,110,181,68,123,45,138,126,143,160,173,18,199,12,7,136,89,46,164,4,84,122,25,23,77,57,186,170,176,72,154,172,59,11,182,139,135,191,48,50,56,92,147,67,32,61,28,165,193,19,33,16,91,88,70,71,162,20,188,144,9,35,157,78,128,101,86,76,80,100,30,134,27,195,97,58,151,175,6,1,117,2,169,142,137,158,62,120,3,95,149,107,55,14,13,111,52,148,83,129,24,150,103,105,69,159,40,116,140,99,106,194,180,178,192,109,66,145,102,185,171,0,85,104,17,53,155,146,63,31,183,65,125,190,10,130,5,39,113,43,187,179,96,141,98,114,64,79,42,119,132,75,163,133,81,153,166,189,184,8,36,22,112,93,38,87,121,51];False
3205;6669;9874;[198,29,90,41,127,60,177,47,26,161,115,152,49,54,197,168,74,37,94,118,124,44,34,108,174,196,167,15,156,21,73,82,131,110,181,68,123,45,138,126,143,160,173,18,199,12,7,136,89,46,164,4,84,122,25,23,77,57,186,170,176,72,154,172,59,11,182,139,135,191,48,50,56,92,147,67,32,61,184,165,193,19,33,16,91,88,70,71,162,20,188,144,9,35,157,78,128,101,86,76,80,100,30,134,27,2,97,58,151,175,6,1,117,195,169,142,137,158,62,120,3,95,149,107,55,14,13,111,52,148,83,129,24,150,103,105,69,159,40,116,104,99,106,194,180,178,192,10,66,145,102,185,171,0,85,140,17,53,155,146,63,31,183,65,125,190,109,130,5,39,113,43,187,179,96,141,98,114,64,79,42,119,132,75,163,133,81,153,166,189,28,8,36,22,112,93,38,87,121,51];False
3284;6648;9932;[198,29,90,41,127,60,177,47,26,161,115,152,49,54,197,168,74,37,94,118,124,44,34,108,174,196,167,15,156,21,73,82,131,110,181,68,123,45,138,126,143,160,173,18,199,12,7,136,89,46,164,4,84,122,25,23,77,57,186,170,176,72,154,172,59,11,182,139,135,191,48,50,56,92,147,67,32,61,184,165,193,19,33,16,91,88,70,71,162,20,188,144,9,35,157,78,128,101,86,76,80,100,30,134,27,2,97,58,151,175,6,1,117,195,169,142,137,158,62,120,3,95,149,107,55,14,13,111,52,148,83,129,24,150,103,105,69,159,40,116,140,99,106,194,180,178,192,109,66,145,102,185,171,0,85,104,17,53,155,146,63,31,183,65,125,190,10,130,5,39,113,43,187,179,96,141,98,114,64,79,42,119,132,75,163,133,81,153,166,189,28,8,36,22,112,93,38,87,121,51];True
3273;6652;9925;[198,29,90,41,127,60,177,47,26,161,115,152,49,54,197,168,74,37,94,118,124,44,34,108,174,196,167,15,156,21,73,82,131,110,181,68,123,45,138,126,143,160,173,18,199,12,7,136,89,46,164,4,84,122,25,23,77,57,186,170,176,72,154,172,59,11,182,139,135,191,48,50,56,92,147,67,32,61,184,165,193,19,33,16,91,88,70,71,162,20,188,144,9,35,157,78,128,101,86,76,80,100,30,134,27,195,97,58,151,175,6,1,117,2,169,142,163,158,62,120,3,95,149,107,55,14,13,111,52,148,83,129,24,150,103,105,69,159,40,116,140,99,106,194,180,178,192,109,66,145,102,185,171,0,85,104,17,53,155,146,63,31,183,65,125,190,10,130,5,39,113,43,187,179,96,141,98,114,64,79,42,119,132,75,137,133,81,153,166,189,28,8,36,22,112,93,38,87,121,51];True
3224;6664;9888;[198,29,90,41,127,60,177,47,26,161,115,152,49,54,197,168,74,37,94,118,124,44,34,108,174,196,167,15,156,21,73,82,131,110,181,68,123,45,138,126,143,160,173,18,199,12,7,136,89,46,164,4,84,122,25,23,77,57,186,170,176,72,154,172,59,11,182,139,135,191,48,50,56,92,147,67,32,61,184,165,193,19,33,16,91,88,70,71,162,20,188,144,9,35,157,78,128,101,86,76,80,100,30,134,27,195,97,58,151,175,6,1,117,2,169,142,137,158,62,120,3,95,149,107,55,14,13,111,52,148,83,129,24,150,103,105,69,159,40,116,104,99,106,194,180,178,192,109,66,145,102,185,171,0,85,140,17,53,155,146,63,31,183,65,125,190,10,130,5,39,113,43,187,179,96,141,98,114,64,79,42,119,132,75,163,133,81,153,166,189,28,8,36,22,112,93,38,87,121,51];False
3015;6722;9737;[198,155,90,41,127,60,177,47,26,161,115,152,49,54,197,168,74,37,94,118,124,44,34,108,174,196,167,15,156,21,73,82,131,110,181,68,123,45,138,126,143,160,173,18,199,12,7,136,89,46,164,4,84,122,25,23,77,57,186,170,176,72,154,172,59,11,182,139,135,191,48,50,56,92,147,67,32,61,38,165,193,9,33,16,91,88,70,71,162,20,188,144,184,35,157,78,128,101,86,76,80,100,30,134,27,2,97,58,151,175,6,1,117,195,169,142,137,158,62,120,3,95,149,107,55,14,13,111,52,148,83,129,24,150,103,105,69,159,40,116,140,99,106,194,180,178,192,10,66,145,102,185,171,0,85,104,17,53,183,146,63,31,29,65,125,190,109,130,5,39,113,43,187,179,96,141,98,114,64,79,42,119,132,75,163,133,81,153,166,189,28,8,36,22,112,93,19,87,121,51];True
2976;6735;9711;[198,155,90,41,127,60,177,47,26,161,115,152,49,54,197,168,74,37,94,118,124,44,34,108,174,196,167,15,156,21,73,82,131,110,181,68,140,45,138,126,143,160,173,18,199,12,7,136,89,46,164,4,84,122,25,23,77,57,186,170,176,72,154,172,59,11,182,139,135,191,48,50,56,92,147,67,32,61,38,165,193,9,33,16,91,88,70,71,162,20,188,144,184,35,157,78,128,101,86,76,80,100,30,134,27,195,97,58,151,175,6,1,117,2,169,142,137,158,62,120,3,95,149,107,55,14,13,111,52,148,83,129,24,150,103,105,69,159,40,116,123,99,106,194,180,178,192,10,66,145,102,185,171,0,85,104,17,53,183,146,63,31,29,65,125,190,109,130,5,39,113,43,187,179,96,141,98,114,64,79,42,119,132,75,163,133,81,153,166,189,28,8,36,22,112,93,19,87,121,51];False
2955;6740;9695;[198,155,90,41,127,60,177,47,26,161,115,152,49,54,197,168,74,37,94,118,124,44,34,108,174,196,167,15,156,21,73,82,131,110,181,68,123,45,138,126,143,160,173,18,199,12,7,136,89,46,164,4,84,122,25,23,77,57,186,170,176,72,154,172,59,11,182,139,135,191,48,50,56,92,147,67,32,61,38,165,193,9,33,16,91,88,70,71,162,20,188,144,184,35,157,78,128,101,86,76,80,100,30,134,27,195,97,58,151,175,6,1,117,2,169,142,137,158,62,120,3,95,149,107,55,14,13,111,52,148,83,129,24,150,103,105,69,159,40,104,140,99,106,194,180,178,192,10,66,145,102,185,171,0,85,116,17,53,183,146,63,31,29,65,125,190,109,130,5,39,113,43,187,179,96,141,98,114,64,79,42,119,132,75,163,133,81,153,166,189,28,8,36,22,112,93,19,87,121,51];False
2955;6738;9693;[198,155,90,41,127,60,177,47,26,161,115,152,49,54,197,168,74,37,94,118,124,44,34,108,174,196,167,15,156,21,73,82,131,110,181,68,123,45,138,126,143,160,173,18,199,12,7,136,89,46,164,4,84,122,25,23,77,57,186,170,176,72,154,172,59,11,182,139,135,191,48,50,56,92,147,67,32,61,38,165,193,9,33,16,91,88,70,71,162,20,188,144,184,35,157,78,128,101,86,76,80,100,30,134,27,195,97,58,151,175,6,1,117,2,169,142,137,158,62,120,3,95,149,107,55,14,13,111,52,148,83,129,24,150,103,105,69,159,40,116,104,99,106,194,180,178,192,10,66,145,102,185,171,0,85,140,17,53,183,146,63,31,29,65,125,190,109,130,5,39,113,43,187,179,96,141,98,114,64,79,42,119,132,75,163,133,81,153,166,189,28,8,36,22,112,93,19,87,121,51];True
2921;6749;9670;[198,155,90,41,127,60,42,47,26,161,115,152,49,54,197,168,74,37,94,118,124,44,34,108,174,196,167,15,156,21,73,82,131,110,181,68,123,45,138,126,143,160,173,18,199,12,7,136,89,46,164,4,84,122,25,23,77,57,186,170,176,72,154,172,59,11,182,139,135,191,48,50,56,92,147,67,32,61,38,165,193,9,33,16,91,88,70,71,162,20,188,144,184,35,157,78,128,101,86,76,80,100,30,134,27,195,97,58,151,175,6,1,117,2,169,142,137,158,62,120,3,95,149,107,55,14,13,111,52,148,83,129,24,150,103,105,69,159,40,116,104,99,106,194,180,178,192,10,66,145,102,185,171,0,85,140,17,53,183,146,63,31,29,65,125,190,109,130,5,39,113,43,187,179,96,177,98,114,64,79,141,119,132,75,163,133,81,153,166,189,28,8,36,22,112,93,19,87,121,51];True
2942;6746;9688;[198,155,90,41,127,60,42,47,26,161,115,152,49,54,197,168,74,37,94,118,124,44,34,108,174,196,167,15,156,21,73,82,131,110,181,68,140,45,138,126,143,160,173,18,199,12,7,136,89,46,164,4,84,122,25,23,77,57,186,170,176,72,154,172,59,11,182,139,135,191,48,50,56,92,147,67,32,61,38,165,193,9,33,16,91,88,70,71,162,20,188,144,184,35,157,78,128,101,86,76,80,100,30,134,27,195,97,58,151,175,6,1,117,2,169,142,137,158,62,120,3,95,149,107,55,14,13,111,52,148,83,129,24,150,103,105,69,159,40,116,123,99,106,194,180,178,192,10,66,145,102,185,171,0,85,104,17,53,183,146,63,31,29,65,125,190,109,130,5,39,113,43,187,179,96,177,98,114,64,79,141,119,132,75,163,133,81,153,166,189,28,8,36,22,112,93,19,87,121,51];False
2970;6737;9707;[198,155,90,41,127,60,42,47,26,161,115,152,49,54,197,168,74,37,94,118,124,44,34,108,174,196,167,15,156,21,73,82,131,110,181,68,123,45,138,126,143,160,173,18,199,12,7,136,89,46,164,4,84,122,25,23,77,57,186,170,176,72,154,172,59,11,182,139,135,191,48,50,56,92,147,67,32,61,38,165,193,9,33,16,91,88,70,71,162,20,188,144,184,35,157,78,128,101,86,76,80,100,30,134,27,195,97,58,151,175,6,1,117,2,169,142,163,158,62,120,3,95,149,107,55,14,13,111,52,148,83,129,24,150,103,105,69,159,40,116,140,99,106,194,180,178,192,10,66,145,102,185,171,0,85,104,17,53,183,146,63,31,29,65,125,190,109,130,5,39,113,43,187,179,96,177,98,114,64,79,141,119,132,75,137,133,81,153,166,189,28,8,36,22,112,93,19,87,121,51];True
2846;6781;9627;[198,155,90,41,127,60,42,47,26,161,115,152,49,54,197,168,74,37,94,118,124,44,34,108,174,196,167,15,156,21,73,82,131,110,181,68,123,45,138,126,143,160,173,18,199,12,7,136,89,46,164,4,84,122,25,23,77,57,186,170,176,72,154,172,59,11,182,139,135,191,48,50,56,92,147,67,32,61,19,165,193,9,33,16,91,88,70,71,162,20,188,144,184,35,157,78,128,101,86,76,80,100,30,134,27,195,97,58,151,175,6,1,117,2,169,142,137,158,62,120,3,95,149,107,55,14,13,111,112,148,83,129,24,150,103,105,69,159,40,116,104,99,106,194,180,178,192,10,66,145,102,185,171,0,85,140,17,53,183,146,63,31,29,65,125,190,109,130,5,39,113,43,187,179,96,177,98,114,64,79,141,119,132,75,163,133,81,153,166,189,28,8,36,22,52,93,38,87,121,51];True
2852;6779;9631;[198,155,90,41,127,60,42,47,26,161,115,152,49,54,197,168,74,37,94,118,124,44,34,108,174,196,167,15,156,21,73,82,131,110,181,68,123,45,138,126,143,160,173,18,199,12,7,136,89,46,164,4,84,122,25,23,77,57,186,170,176,72,154,172,59,11,182,139,135,191,48,50,56,92,147,67,32,61,38,165,193,9,33,16,91,88,70,71,162,20,188,144,184,35,157,78,128,101,86,76,80,100,30,134,27,195,97,58,151,175,6,1,117,2,169,142,163,158,62,120,3,95,149,107,55,14,13,111,112,148,83,129,24,150,103,105,69,159,40,116,104,99,106,194,180,178,192,10,66,145,102,185,171,0,85,140,17,53,183,146,63,31,29,65,125,190,109,130,5,39,113,43,187,179,96,177,98,114,64,79,141,119,132,75,137,133,81,153,166,189,28,8,36,22,52,93,19,87,121,51];False
2620;6878;9498;[198,155,90,41,127,60,42,119,26,161,115,152,49,54,197,168,74,37,94,118,124,44,34,108,174,196,167,15,156,21,73,82,131,110,181,68,123,45,138,126,143,160,173,18,199,12,7,136,89,46,164,4,84,122,24,23,77,57,186,170,176,72,154,172,59,11,182,139,135,191,48,50,56,92,147,67,112,61,40,165,193,9,33,16,91,88,70,71,162,20,188,144,184,35,157,78,128,101,86,76,80,100,30,134,27,195,97,58,151,175,6,1,117,2,169,142,137,158,62,120,3,95,149,107,55,14,13,111,32,148,83,129,25,116,103,105,69,159,38,150,140,99,106,194,180,178,192,10,66,145,102,185,171,0,85,104,17,53,183,146,63,31,29,65,125,190,109,130,5,39,113,43,187,179,96,141,98,114,64,79,177,47,132,75,163,133,81,153,166,189,28,8,36,22,52,93,19,87,121,51];False
2652;6869;9521;[198,155,90,41,127,60,42,119,26,161,115,152,49,54,197,168,74,37,94,118,124,44,34,108,174,196,167,15,156,21,73,82,131,110,181,68,123,45,138,126,143,160,173,18,199,12,7,136,89,46,164,4,84,122,24,23,77,57,186,170,176,72,154,172,59,11,182,139,135,191,48,50,56,92,147,67,112,61,19,165,193,9,33,16,91,88,70,71,162,20,188,144,184,35,157,78,128,101,86,76,80,100,30,134,27,195,97,58,151,175,6,1,117,2,169,142,137,158,62,120,3,95,149,107,55,14,13,111,32,148,83,129,25,116,103,105,69,159,40,150,140,99,106,194,180,178,192,10,66,145,102,185,171,0,85,104,17,53,183,146,63,31,29,65,125,190,109,130,5,39,113,43,187,179,96,141,98,114,64,79,177,47,132,75,163,133,81,153,166,189,28,8,36,22,52,93,38,87,121,51];False
2659;6858;9517;[198,155,90,41,127,60,42,119,26,161,115,152,49,54,197,168,74,37,94,118,124,44,34,108,174,196,167,15,156,21,73,82,131,110,181,68,123,45,55,126,143,160,173,18,199,12,7,136,89,46,164,4,84,122,24,23,77,57,186,170,176,72,154,172,59,11,182,139,135,191,48,50,56,92,147,67,32,61,40,165,193,9,33,16,91,88,70,71,162,20,188,144,184,35,157,78,128,101,86,76,80,100,30,134,27,195,97,58,151,175,6,1,117,2,169,142,137,158,62,120,3,95,149,107,138,14,13,111,112,148,83,129,25,116,103,105,69,159,38,150,140,99,106,194,180,178,192,10,66,145,102,185,171,0,85,104,17,53,183,146,63,31,29,65,125,190,109,130,5,39,113,43,187,179,96,141,98,114,64,79,177,47,132,75,163,133,81,153,166,189,28,8,36,22,52,93,19,87,121,51];False
2715;6830;9545;[198,155,90,41,127,60,42,47,26,161,115,152,49,54,197,168,74,37,94,118,124,44,34,108,174,196,167,15,156,21,73,82,131,110,181,68,123,45,138,126,143,160,173,18,199,12,7,136,89,46,164,4,84,122,24,23,77,57,186,170,176,72,154,172,59,11,182,139,135,191,48,50,56,92,147,67,32,61,40,165,193,9,33,16,91,88,70,71,162,20,188,144,184,35,157,78,128,101,86,76,80,100,30,134,27,195,97,58,151,175,6,1,117,2,169,142,137,158,62,120,3,95,149,107,55,14,13,111,112,148,83,129,25,116,103,105,69,159,38,150,140,99,106,194,180,178,192,10,66,145,102,185,171,0,85,104,17,53,183,146,63,31,29,65,125,190,109,130,5,39,113,43,187,179,96,141,98,114,64,79,177,119,132,75,163,133,81,153,166,189,28,8,36,22,52,93,19,87,121,51];False
2591;6898;9489;[198,155,90,41,127,60,42,119,26,161,115,152,49,54,197,168,74,37,94,118,124,44,34,108,106,196,167,15,156,21,73,82,131,110,181,68,123,45,138,126,143,160,173,18,199,12,7,136,89,46,164,4,84,122,24,23,77,57,186,170,176,72,154,172,59,11,182,139,135,191,48,50,56,92,147,67,32,61,40,165,193,9,33,16,91,88,70,71,162,20,188,144,184,35,157,78,128,101,86,76,80,100,30,134,27,195,97,58,151,175,6,1,117,2,169,142,137,158,62,120,3,95,149,107,55,14,13,111,112,148,83,129,25,116,103,105,69,159,38,150,140,99,174,194,180,178,192,10,66,145,102,185,171,0,85,104,17,53,183,146,63,31,29,65,125,190,109,130,5,39,113,43,187,179,96,141,98,114,64,79,177,47,132,75,163,133,81,153,166,189,28,8,36,22,52,93,19,87,121,51];False
2650;6870;9520;[198,155,90,41,127,60,42,119,26,161,115,152,49,54,197,168,74,37,94,118,124,44,34,108,174,196,167,15,156,21,73,82,131,110,181,68,123,45,138,126,143,160,173,18,199,12,7,136,89,46,164,4,84,122,24,23,77,57,186,170,176,72,154,172,59,11,182,139,135,191,48,50,56,92,147,67,32,61,40,165,193,9,33,16,91,88,70,71,162,20,188,144,184,35,157,78,128,101,86,76,166,100,30,134,27,195,97,58,151,175,6,1,117,2,169,142,137,158,62,120,3,95,149,107,55,14,13,111,112,148,83,129,25,116,103,105,69,159,38,150,140,99,106,194,180,178,192,10,66,145,102,185,171,0,85,104,17,53,183,146,63,31,29,65,125,190,109,130,5,39,113,43,187,179,96,141,98,114,64,79,177,47,132,75,163,133,81,153,80,189,28,8,36,22,52,93,19,87,121,51];False
2755;6814;9569;[198,155,90,41,127,60,42,119,26,161,115,152,49,54,197,168,74,37,94,118,124,44,34,108,174,196,167,15,156,21,73,82,131,110,181,68,123,45,138,126,143,160,173,18,199,12,7,136,89,46,164,4,84,122,24,23,77,57,186,170,176,72,154,172,59,11,182,139,135,191,48,50,56,92,147,67,32,61,40,165,193,9,33,16,91,88,70,71,162,20,188,144,184,35,157,78,128,101,86,76,80,100,30,134,27,195,97,58,151,175,6,1,117,2,169,142,137,158,62,120,3,95,149,107,55,14,13,111,52,148,83,129,25,116,103,105,69,159,38,150,140,99,106,194,180,178,192,10,66,145,102,185,171,0,85,104,17,53,183,146,63,31,29,65,125,190,109,130,5,39,113,43,187,179,96,141,98,114,64,79,177,47,132,75,163,133,81,153,166,189,28,8,36,22,112,93,19,87,121,51];True
2822;6789;9611;[198,155,90,41,127,60,42,47,26,161,115,152,49,54,197,168,74,37,94,118,124,44,34,108,174,196,167,15,156,21,73,82,131,110,181,68,123,45,138,126,143,160,173,18,199,12,7,136,89,46,164,4,84,122,24,23,77,57,186,170,176,72,154,172,59,11,182,139,135,191,48,50,56,92,147,67,32,61,38,165,193,9,33,16,91,88,70,71,162,20,188,144,184,35,157,78,128,101,86,76,80,100,30,134,27,195,97,58,151,175,6,1,117,2,169,142,137,158,62,120,3,95,149,107,55,14,13,111,52,148,83,129,25,116,103,105,69,159,40,150,140,99,106,194,180,178,192,10,66,145,102,185,171,0,85,104,17,53,183,146,63,31,29,65,125,190,109,130,5,39,113,43,187,179,96,141,98,114,64,79,177,119,132,75,163,133,81,153,166,189,28,8,36,22,112,93,19,87,121,51];True
2721;6825;9546;[198,155,90,41,127,60,42,47,26,161,115,152,49,54,197,168,74,37,94,118,124,44,34,108,174,196,167,15,156,21,73,82,131,110,181,68,123,45,138,126,143,160,173,18,199,12,7,136,89,46,164,4,84,122,24,23,77,57,186,170,176,72,154,172,59,11,182,139,135,191,48,50,56,92,147,67,32,61,38,165,193,9,33,16,91,88,70,71,162,20,188,144,184,35,157,78,128,101,86,76,80,100,30,134,27,195,97,58,151,175,6,1,117,2,169,142,137,158,62,120,3,95,149,107,55,14,13,111,112,148,83,129,25,116,103,105,69,159,40,150,140,99,106,194,180,178,192,10,66,145,102,185,171,0,85,104,17,53,183,146,63,31,29,65,125,190,109,130,5,39,113,43,187,179,96,177,98,114,64,79,141,119,132,75,163,133,81,153,166,189,28,8,36,22,52,93,19,87,121,51];True
2598;6890;9488;[4,105,65,41,127,60,42,119,26,161,115,152,49,54,197,168,74,37,94,118,124,44,34,198,174,196,167,15,156,21,73,82,131,110,181,68,123,45,138,126,143,160,173,18,199,12,7,136,89,46,164,108,84,122,24,23,77,57,186,170,176,72,154,172,59,11,182,139,135,191,48,50,56,92,147,67,32,61,40,165,193,9,33,16,91,88,70,71,162,20,188,144,184,35,157,78,128,101,86,76,80,100,30,134,27,195,97,58,151,175,6,1,117,2,169,142,137,158,62,120,3,95,149,107,55,14,13,111,112,148,83,129,25,116,103,183,69,159,38,150,140,99,106,194,180,178,192,10,66,145,102,185,171,0,85,104,17,53,155,146,63,31,29,90,125,190,109,130,5,39,113,43,187,179,96,141,98,114,64,79,177,47,132,75,163,133,81,153,166,189,28,8,36,22,52,93,19,87,121,51];False
3095;6696;9791;[198,29,90,41,127,60,42,47,26,161,115,152,49,54,197,168,74,37,94,118,124,44,34,108,174,196,167,15,156,21,73,82,131,110,181,68,140,184,138,126,143,160,173,18,199,12,7,136,89,46,164,4,84,122,25,23,77,57,186,170,176,72,154,172,59,11,182,139,135,191,48,50,56,92,147,67,32,61,45,165,193,19,33,16,91,88,70,71,162,20,188,144,9,35,157,78,128,101,86,76,80,100,30,134,27,195,97,58,151,175,6,1,117,2,169,142,137,158,62,120,3,95,149,107,55,14,13,111,52,148,83,129,24,150,103,105,69,159,40,116,123,99,106,194,180,178,192,10,66,145,102,185,171,0,85,104,17,53,155,146,63,31,183,65,125,190,109,130,5,39,113,43,187,179,96,141,98,114,64,79,177,119,132,75,163,133,81,153,166,189,28,8,36,22,112,93,38,87,121,51];True
3200;6670;9870;[198,29,90,41,127,60,177,47,26,161,115,152,49,54,197,168,74,37,94,118,124,44,34,108,174,196,167,15,156,21,73,82,131,110,181,68,140,184,138,126,143,160,173,18,171,12,7,136,89,46,164,4,84,122,25,23,77,57,186,170,176,72,154,172,59,11,182,139,135,191,48,50,56,92,147,67,32,61,45,165,193,19,33,16,91,88,70,71,162,20,188,144,9,35,157,78,128,101,86,76,80,100,30,134,27,195,97,58,151,175,6,1,117,2,169,142,137,158,62,120,3,95,149,107,55,14,13,111,52,148,83,129,24,150,103,105,69,159,40,116,123,99,106,194,180,178,192,10,66,145,102,185,199,0,85,104,17,53,155,146,63,31,183,65,125,190,109,130,5,39,113,43,187,179,96,141,98,114,64,79,42,119,132,75,163,133,81,153,166,189,28,8,36,22,112,93,38,87,121,51];False
3111;6693;9804;[198,29,90,41,127,60,177,47,26,161,115,152,49,54,197,168,74,37,94,118,124,44,34,108,174,196,167,15,156,21,73,82,131,110,181,68,140,184,138,126,143,160,173,18,199,12,7,136,89,46,164,4,84,122,25,23,77,57,186,170,176,72,154,172,59,11,182,139,135,191,48,50,56,92,147,67,32,61,45,165,193,19,33,16,91,88,70,71,162,20,188,144,9,38,157,78,128,101,86,76,80,100,30,134,27,195,97,58,151,175,6,1,117,2,169,142,137,158,62,120,3,95,149,107,55,14,13,111,52,148,83,129,24,150,103,105,69,159,40,116,123,99,106,194,180,178,192,10,66,145,102,185,171,0,85,104,17,53,155,146,63,31,183,65,125,190,109,130,5,39,113,43,187,179,96,141,98,114,64,79,42,119,132,75,163,133,81,153,166,189,28,8,36,22,112,93,35,87,121,51];False
3156;6677;9833;[198,29,90,41,127,60,177,47,26,161,115,152,49,54,197,168,74,37,94,118,124,44,34,108,174,196,167,15,156,21,73,82,131,110,181,68,140,184,138,126,143,160,173,18,199,12,7,136,89,46,164,4,84,122,25,23,77,57,186,170,176,72,154,172,59,11,182,139,135,191,48,50,56,92,147,67,32,61,45,165,193,19,33,16,91,88,70,71,162,20,188,144,9,35,157,78,128,101,86,76,80,100,30,134,27,2,97,58,151,175,6,1,117,195,169,142,137,158,62,120,3,95,149,107,55,14,13,111,52,148,83,129,24,150,103,105,69,159,40,116,123,99,106,194,180,178,192,10,66,145,102,185,171,0,85,104,17,53,155,146,63,31,183,65,125,190,109,130,5,39,113,43,187,179,96,141,98,114,64,79,42,119,132,75,163,133,81,153,166,189,28,8,36,22,112,93,38,87,121,51];True
3145;6681;9826;[198,29,90,41,127,60,177,47,26,161,115,152,49,54,197,168,74,37,94,118,124,44,34,108,174,196,167,15,156,21,73,82,131,110,181,68,140,184,138,126,143,160,173,18,199,12,7,136,89,46,164,4,84,122,25,23,77,57,186,170,176,72,154,172,59,11,182,139,135,191,48,50,56,92,147,67,32,61,45,165,193,19,33,16,91,88,70,71,162,20,188,144,9,35,157,78,128,101,86,76,80,100,30,134,27,195,97,58,151,175,6,1,117,2,169,142,163,158,62,120,3,95,149,107,55,14,13,111,52,148,83,129,24,150,103,105,69,159,40,116,123,99,106,194,180,178,192,10,66,145,102,185,171,0,85,104,17,53,155,146,63,31,183,65,125,190,109,130,5,39,113,43,187,179,96,141,98,114,64,79,42,119,132,75,137,133,81,153,166,189,28,8,36,22,112,93,38,87,121,51];True
3175;6672;9847;[198,29,90,41,127,60,177,47,26,161,115,152,49,54,197,168,74,37,94,118,124,44,34,108,174,196,167,15,156,21,73,82,131,110,181,68,140,184,138,126,143,160,173,18,199,12,7,136,89,46,164,4,84,122,25,23,77,57,186,170,176,72,154,172,59,11,182,139,135,191,48,50,56,92,147,67,32,61,45,165,193,19,33,16,91,88,70,71,162,20,188,144,9,35,157,78,128,101,86,76,80,100,30,134,27,195,97,58,151,175,6,1,117,2,169,142,137,158,62,120,3,95,149,107,55,14,13,111,52,148,83,129,24,150,103,105,69,159,40,116,123,99,106,194,180,178,192,109,66,145,102,185,171,0,85,104,17,53,155,146,63,31,183,65,125,190,10,130,5,39,113,43,187,179,96,141,98,114,64,79,42,119,132,75,163,133,81,153,166,189,28,8,36,22,112,93,38,87,121,51];True
3245;6658;9903;[198,29,90,41,127,60,177,47,26,161,115,152,49,54,197,168,74,37,94,118,124,44,34,108,174,196,167,15,156,21,73,82,131,110,181,68,123,45,138,126,143,160,173,18,199,12,7,136,89,46,164,4,84,122,25,23,77,57,186,170,176,72,154,172,59,11,182,139,135,191,48,50,56,92,147,67,32,61,28,165,193,19,33,16,91,88,70,71,162,20,188,144,9,35,157,78,128,101,86,76,80,100,30,134,27,2,97,58,151,175,6,1,117,195,169,142,137,158,62,120,3,95,149,107,55,14,13,111,52,148,83,129,24,150,103,105,69,159,40,116,140,99,106,194,180,178,192,109,66,145,102,185,171,0,85,104,17,53,155,146,63,31,183,65,125,190,10,130,5,39,113,43,187,179,96,141,98,114,64,79,42,119,132,75,163,133,81,153,166,189,184,8,36,22,112,93,38,87,121,51];False
3259;6655;9914;[198,29,90,41,127,60,177,47,26,161,115,152,49,54,197,168,74,37,94,118,124,44,34,108,174,196,167,15,156,21,73,82,131,110,181,68,123,45,138,126,143,160,173,18,199,12,7,136,89,46,164,4,84,122,25,23,77,57,186,170,176,72,154,172,59,11,182,139,135,191,48,50,56,92,147,67,32,61,184,165,193,19,33,16,91,88,70,71,162,20,188,144,9,35,157,78,128,101,86,76,80,100,30,134,27,2,97,58,151,175,6,1,117,195,169,142,137,158,62,120,3,95,149,107,55,14,13,111,52,148,83,129,24,150,103,105,69,159,40,116,104,99,106,194,180,178,192,109,66,145,102,185,171,0,85,140,17,53,155,146,63,31,183,65,125,190,10,130,5,39,113,43,187,179,96,141,98,114,64,79,42,119,132,75,163,133,81,153,166,189,28,8,36,22,112,93,38,87,121,51];True
2990;6729;9719;[198,155,90,41,127,60,177,47,26,161,115,152,49,54,197,168,74,37,94,118,124,44,34,108,174,196,167,15,156,21,73,82,131,110,181,68,123,45,138,126,143,160,173,18,199,12,7,136,89,46,164,4,84,122,25,23,77,57,186,170,176,72,154,172,59,11,182,139,135,191,48,50,56,92,147,67,32,61,38,165,193,9,33,16,91,88,70,71,162,20,188,144,184,35,157,78,128,101,86,76,80,100,30,134,27,2,97,58,151,175,6,1,117,195,169,142,137,158,62,120,3,95,149,107,55,14,13,111,52,148,83,129,24,150,103,105,69,159,40,116,104,99,106,194,180,178,192,10,66,145,102,185,171,0,85,140,17,53,183,146,63,31,29,65,125,190,109,130,5,39,113,43,187,179,96,141,98,114,64,79,42,119,132,75,163,133,81,153,166,189,28,8,36,22,112,93,19,87,121,51];True
2973;6735;9708;[198,155,90,41,127,60,177,47,26,161,115,152,49,54,197,168,74,37,94,118,124,44,34,108,174,196,167,15,156,21,73,82,131,110,181,68,123,45,138,126,143,160,173,18,199,12,7,136,89,46,164,4,84,122,25,23,77,57,186,170,176,72,154,172,59,11,182,139,135,191,48,50,56,92,147,67,32,61,19,165,193,9,33,16,91,88,70,71,162,20,188,144,184,35,157,78,128,101,86,76,80,100,30,134,27,195,97,58,151,175,6,1,117,2,169,142,137,158,62,120,3,95,149,107,55,14,13,111,52,148,83,129,24,150,103,105,69,159,40,116,104,99,106,194,180,178,192,10,66,145,102,185,171,0,85,140,17,53,183,146,63,31,29,65,125,190,109,130,5,39,113,43,187,179,96,141,98,114,64,79,42,119,132,75,163,133,81,153,166,189,28,8,36,22,112,93,38,87,121,51];True
2979;6733;9712;[198,155,90,41,127,60,177,47,26,161,115,152,49,54,197,168,74,37,94,118,124,44,34,108,174,196,167,15,156,21,73,82,131,110,181,68,123,45,138,126,143,160,173,18,199,12,7,136,89,46,164,4,84,122,25,23,77,57,186,170,176,72,154,172,59,11,182,139,135,191,48,50,56,92,147,67,32,61,38,165,193,9,33,16,91,88,70,71,162,20,188,144,184,35,157,78,128,101,86,76,80,100,30,134,27,195,97,58,151,175,6,1,117,2,169,142,163,158,62,120,3,95,149,107,55,14,13,111,52,148,83,129,24,150,103,105,69,159,40,116,104,99,106,194,180,178,192,10,66,145,102,185,171,0,85,140,17,53,183,146,63,31,29,65,125,190,109,130,5,39,113,43,187,179,96,141,98,114,64,79,42,119,132,75,137,133,81,153,166,189,28,8,36,22,112,93,19,87,121,51];True
3009;6724;9733;[198,155,90,41,127,60,177,47,26,161,115,152,49,54,197,168,74,37,94,118,124,44,34,108,174,196,167,15,156,21,73,82,131,110,181,68,123,45,138,126,143,160,173,18,199,12,7,136,89,46,164,4,84,122,25,23,77,57,186,170,176,72,154,172,59,11,182,139,135,191,48,50,56,92,147,67,32,61,38,165,193,9,33,16,91,88,70,71,162,20,188,144,184,35,157,78,128,101,86,76,80,100,30,134,27,195,97,58,151,175,6,1,117,2,169,142,137,158,62,120,3,95,149,107,55,14,13,111,52,148,83,129,24,150,103,105,69,159,40,116,104,99,106,194,180,178,192,109,66,145,102,185,171,0,85,140,17,53,183,146,63,31,29,65,125,190,10,130,5,39,113,43,187,179,96,141,98,114,64,79,42,119,132,75,163,133,81,153,166,189,28,8,36,22,112,93,19,87,121,51];True
2939;6746;9685;[198,155,90,41,127,60,42,47,26,161,115,152,49,54,197,168,74,37,94,118,124,44,34,108,174,196,167,15,156,21,73,82,131,110,181,68,123,45,138,126,143,160,173,18,199,12,7,136,89,46,164,4,84,122,25,23,77,57,186,170,176,72,154,172,59,11,182,139,135,191,48,50,56,92,147,67,32,61,19,165,193,9,33,16,91,88,70,71,162,20,188,144,184,35,157,78,128,101,86,76,80,100,30,134,27,195,97,58,151,175,6,1,117,2,169,142,137,158,62,120,3,95,149,107,55,14,13,111,52,148,83,129,24,150,103,105,69,159,40,116,104,99,106,194,180,178,192,10,66,145,102,185,171,0,85,140,17,53,183,146,63,31,29,65,125,190,109,130,5,39,113,43,187,179,96,177,98,114,64,79,141,119,132,75,163,133,81,153,166,189,28,8,36,22,112,93,38,87,121,51];True
2945;6744;9689;[198,155,90,41,127,60,42,47,26,161,115,152,49,54,197,168,74,37,94,118,124,44,34,108,174,196,167,15,156,21,73,82,131,110,181,68,123,45,138,126,143,160,173,18,199,12,7,136,89,46,164,4,84,122,25,23,77,57,186,170,176,72,154,172,59,11,182,139,135,191,48,50,56,92,147,67,32,61,38,165,193,9,33,16,91,88,70,71,162,20,188,144,184,35,157,78,128,101,86,76,80,100,30,134,27,195,97,58,151,175,6,1,117,2,169,142,163,158,62,120,3,95,149,107,55,14,13,111,52,148,83,129,24,150,103,105,69,159,40,116,104,99,106,194,180,178,192,10,66,145,102,185,171,0,85,140,17,53,183,146,63,31,29,65,125,190,109,130,5,39,113,43,187,179,96,177,98,114,64,79,141,119,132,75,137,133,81,153,166,189,28,8,36,22,112,93,19,87,121,51];True
2707;6831;9538;[198,155,90,41,127,60,42,47,26,161,115,152,49,54,197,168,74,37,94,118,124,44,34,108,174,196,167,15,156,21,73,82,131,110,181,68,123,45,138,126,143,160,173,18,199,12,7,136,89,46,164,4,84,122,24,23,77,57,186,170,176,72,154,172,59,11,182,139,135,191,48,50,56,92,147,67,32,61,40,165,193,9,33,16,91,88,70,71,162,20,188,144,184,35,157,78,128,101,86,76,80,100,30,134,27,195,97,58,151,175,6,1,117,2,169,142,137,158,62,120,3,95,149,107,55,14,13,111,112,148,83,129,25,116,103,105,69,159,38,150,140,99,106,194,180,178,192,10,66,145,102,185,171,0,85,104,17,53,183,146,63,31,29,65,125,190,109,130,5,39,113,43,187,179,96,177,98,114,64,79,141,119,132,75,163,133,81,153,166,189,28,8,36,22,52,93,19,87,121,51];False
2528;6921;9449;[198,155,90,41,127,60,42,119,26,161,115,152,49,54,197,168,74,37,94,118,124,44,34,108,106,196,167,15,156,21,73,82,131,110,181,68,123,45,138,126,143,160,173,18,199,12,7,136,89,46,164,4,84,122,24,23,77,57,186,170,176,72,154,172,59,11,182,139,135,191,48,194,56,92,147,67,32,61,40,165,193,9,33,16,91,88,70,71,162,20,188,144,184,35,157,78,128,101,86,76,80,100,30,134,27,195,97,58,151,175,6,1,117,2,169,142,137,158,62,120,3,95,149,107,55,14,13,111,112,148,83,129,25,116,103,105,69,159,38,150,140,99,174,50,180,178,192,10,66,145,102,185,171,0,85,104,17,53,183,146,63,31,29,65,125,190,109,130,5,39,113,43,187,179,96,141,98,114,64,79,177,47,132,75,163,133,81,153,166,189,28,8,36,22,52,93,19,87,121,51];False
2848;6779;9627;[198,155,90,41,127,60,177,47,26,161,115,152,49,54,197,168,74,37,94,118,124,44,34,108,174,196,167,15,156,21,73,82,131,110,181,68,123,45,138,126,143,160,173,18,199,12,7,136,89,46,164,4,84,122,24,23,77,57,186,170,176,72,154,172,59,11,182,139,135,191,48,50,56,92,147,67,32,61,38,165,193,9,33,16,91,88,70,71,162,20,188,144,184,35,157,78,128,101,86,76,80,100,30,134,27,195,97,58,151,175,6,1,117,2,169,142,137,158,62,120,3,95,149,107,55,14,13,111,52,148,83,129,25,116,103,105,69,159,40,150,140,99,106,194,180,178,192,10,66,145,102,185,171,0,85,104,17,53,183,146,63,31,29,65,125,190,109,130,5,39,113,43,187,179,96,141,98,114,64,79,42,119,132,75,163,133,81,153,166,189,28,8,36,22,112,93,19,87,121,51];True
2814;6790;9604;[198,155,90,41,127,60,42,47,26,161,115,152,49,54,197,168,74,37,94,118,124,44,34,108,174,196,167,15,156,21,73,82,131,110,181,68,123,45,138,126,143,160,173,18,199,12,7,136,89,46,164,4,84,122,24,23,77,57,186,170,176,72,154,172,59,11,182,139,135,191,48,50,56,92,147,67,32,61,38,165,193,9,33,16,91,88,70,71,162,20,188,144,184,35,157,78,128,101,86,76,80,100,30,134,27,195,97,58,151,175,6,1,117,2,169,142,137,158,62,120,3,95,149,107,55,14,13,111,52,148,83,129,25,116,103,105,69,159,40,150,140,99,106,194,180,178,192,10,66,145,102,185,171,0,85,104,17,53,183,146,63,31,29,65,125,190,109,130,5,39,113,43,187,179,96,177,98,114,64,79,141,119,132,75,163,133,81,153,166,189,28,8,36,22,112,93,19,87,121,51];True
2612;6884;9496;[4,105,65,41,127,60,42,119,26,161,115,152,49,54,197,168,74,37,94,118,124,44,34,198,174,196,167,15,156,21,73,82,131,110,181,68,123,45,138,126,143,160,173,18,199,12,7,136,89,46,164,108,84,122,24,23,77,57,186,170,176,72,154,172,59,11,182,139,135,191,48,50,56,92,147,67,32,61,38,165,193,9,33,16,91,88,70,71,162,20,188,144,184,35,157,78,128,101,86,76,80,100,30,134,27,195,97,58,151,175,6,1,117,2,169,142,137,158,62,120,3,95,149,107,55,14,13,111,112,148,83,129,25,116,103,183,69,159,40,150,140,99,106,194,180,178,192,10,66,145,102,185,171,0,85,104,17,53,155,146,63,31,29,90,125,190,109,130,5,39,113,43,187,179,96,141,98,114,64,79,177,47,132,75,163,133,81,153,166,189,28,8,36,22,52,93,19,87,121,51];False
2586;6890;9476;[4,105,65,41,127,60,42,119,26,161,115,152,49,54,197,168,74,37,94,118,124,44,34,198,174,196,167,15,156,21,73,82,131,110,181,68,123,45,138,126,143,160,173,18,199,12,7,136,89,46,164,108,84,122,24,23,77,57,186,170,176,72,154,172,59,11,182,139,135,191,48,50,56,92,147,67,32,61,40,165,193,9,33,103,91,88,70,71,162,20,188,144,184,35,157,78,128,101,86,76,80,100,30,134,27,195,97,58,151,175,6,1,117,2,169,142,137,158,62,120,3,95,149,107,55,14,13,111,112,148,83,129,25,116,16,183,69,159,38,150,140,99,106,194,180,178,192,10,66,145,102,185,171,0,85,104,17,53,155,146,63,31,29,90,125,190,109,130,5,39,113,43,187,179,96,141,98,114,64,79,177,47,132,75,163,133,81,153,166,189,28,8,36,22,52,93,19,87,121,51];False
3119;6691;9810;[198,29,90,41,127,60,42,47,26,161,115,152,49,54,197,168,74,37,94,118,124,44,34,108,174,196,167,15,156,21,73,82,131,110,181,68,140,184,138,126,143,160,173,18,199,12,7,136,89,46,164,4,84,122,25,23,77,57,186,170,176,72,154,172,59,11,182,139,135,191,48,50,56,92,147,67,32,61,45,165,193,19,33,16,91,88,70,71,162,20,188,144,9,35,157,78,128,101,86,76,80,100,30,134,27,195,97,58,151,175,6,1,117,2,169,142,163,158,62,120,3,95,149,107,55,14,13,111,52,148,83,129,24,150,103,105,69,159,40,116,123,99,106,194,180,178,192,10,66,145,102,185,171,0,85,104,17,53,155,146,63,31,183,65,125,190,109,130,5,39,113,43,187,179,96,141,98,114,64,79,177,119,132,75,137,133,81,153,166,189,28,8,36,22,112,93,38,87,121,51];True
3087;6697;9784;[198,29,90,41,127,60,42,47,26,161,115,152,49,54,197,168,74,37,94,118,124,44,34,108,174,196,167,15,156,21,73,82,131,110,181,68,140,184,138,126,143,160,173,18,199,12,7,136,89,46,164,4,84,122,25,23,77,57,186,170,176,72,154,172,59,11,182,139,135,191,48,50,56,92,147,67,32,61,45,165,193,19,33,16,91,88,70,71,162,20,188,144,9,35,157,78,128,101,86,76,80,100,30,134,27,195,97,58,151,175,6,1,117,2,169,142,137,158,62,120,3,95,149,107,55,14,13,111,52,148,83,129,24,150,103,105,69,159,40,116,123,99,106,194,180,178,192,10,66,145,102,185,171,0,85,104,17,53,155,146,63,31,183,65,125,190,109,130,5,39,113,43,187,179,96,177,98,114,64,79,141,119,132,75,163,133,81,153,166,189,28,8,36,22,112,93,38,87,121,51];True
3235;6661;9896;[198,29,90,41,127,60,177,47,26,161,115,152,49,54,197,168,74,37,94,118,124,44,34,108,174,196,167,15,156,21,73,82,131,110,181,68,140,184,138,126,143,160,173,18,171,12,7,136,89,46,164,4,84,122,25,23,77,57,186,170,176,72,154,172,59,11,182,139,135,191,48,50,56,92,147,67,32,61,45,165,193,19,33,16,91,88,70,71,162,20,188,144,9,35,157,78,128,101,86,76,80,100,30,134,27,2,97,58,151,175,6,1,117,195,169,142,137,158,62,120,3,95,149,107,55,14,13,111,52,148,83,129,24,150,103,105,69,159,40,116,123,99,106,194,180,178,192,10,66,145,102,185,199,0,85,104,17,53,155,146,63,31,183,65,125,190,109,130,5,39,113,43,187,179,96,141,98,114,64,79,42,119,132,75,163,133,81,153,166,189,28,8,36,22,112,93,38,87,121,51];False
3254;6656;9910;[198,29,90,41,127,60,177,47,26,161,115,152,49,54,197,168,74,37,94,118,124,44,34,108,174,196,167,15,156,21,73,82,131,110,181,68,140,184,138,126,143,160,173,18,171,12,7,136,89,46,164,4,84,122,25,23,77,57,186,170,176,72,154,172,59,11,182,139,135,191,48,50,56,92,147,67,32,61,45,165,193,19,33,16,91,88,70,71,162,20,188,144,9,35,157,78,128,101,86,76,80,100,30,134,27,195,97,58,151,175,6,1,117,2,169,142,137,158,62,120,3,95,149,107,55,14,13,111,52,148,83,129,24,150,103,105,69,159,40,116,123,99,106,194,180,178,192,109,66,145,102,185,199,0,85,104,17,53,155,146,63,31,183,65,125,190,10,130,5,39,113,43,187,179,96,141,98,114,64,79,42,119,132,75,163,133,81,153,166,189,28,8,36,22,112,93,38,87,121,51];True
3210;6663;9873;[198,29,90,41,127,60,177,47,26,161,115,152,49,54,197,168,74,37,94,118,124,44,34,108,174,196,167,15,156,21,73,82,131,110,181,68,140,184,138,126,143,160,173,18,199,12,7,136,89,46,164,4,84,122,25,23,77,57,186,170,176,72,154,172,59,11,182,139,135,191,48,50,56,92,147,67,32,61,45,165,193,19,33,16,91,88,70,71,162,20,188,144,9,35,157,78,128,101,86,76,80,100,30,134,27,2,97,58,151,175,6,1,117,195,169,142,137,158,62,120,3,95,149,107,55,14,13,111,52,148,83,129,24,150,103,105,69,159,40,116,123,99,106,194,180,178,192,109,66,145,102,185,171,0,85,104,17,53,155,146,63,31,183,65,125,190,10,130,5,39,113,43,187,179,96,141,98,114,64,79,42,119,132,75,163,133,81,153,166,189,28,8,36,22,112,93,38,87,121,51];True
3199;6667;9866;[198,29,90,41,127,60,177,47,26,161,115,152,49,54,197,168,74,37,94,118,124,44,34,108,174,196,167,15,156,21,73,82,131,110,181,68,140,184,138,126,143,160,173,18,199,12,7,136,89,46,164,4,84,122,25,23,77,57,186,170,176,72,154,172,59,11,182,139,135,191,48,50,56,92,147,67,32,61,45,165,193,19,33,16,91,88,70,71,162,20,188,144,9,35,157,78,128,101,86,76,80,100,30,134,27,195,97,58,151,175,6,1,117,2,169,142,163,158,62,120,3,95,149,107,55,14,13,111,52,148,83,129,24,150,103,105,69,159,40,116,123,99,106,194,180,178,192,109,66,145,102,185,171,0,85,104,17,53,155,146,63,31,183,65,125,190,10,130,5,39,113,43,187,179,96,141,98,114,64,79,42,119,132,75,137,133,81,153,166,189,28,8,36,22,112,93,38,87,121,51];True
3269;6653;9922;[198,29,90,41,127,60,177,47,26,161,115,152,49,54,197,168,74,37,94,118,124,44,34,108,174,196,167,15,156,21,73,82,131,110,181,68,123,45,138,126,143,160,173,18,199,12,7,136,89,46,164,4,84,122,25,23,77,57,186,170,176,72,154,172,59,11,182,139,135,191,48,50,56,92,147,67,32,61,28,165,193,19,33,16,91,88,70,71,162,20,188,144,9,35,157,78,128,101,86,76,80,100,30,134,27,2,97,58,151,175,6,1,117,195,169,142,163,158,62,120,3,95,149,107,55,14,13,111,52,148,83,129,24,150,103,105,69,159,40,116,140,99,106,194,180,178,192,109,66,145,102,185,171,0,85,104,17,53,155,146,63,31,183,65,125,190,10,130,5,39,113,43,187,179,96,141,98,114,64,79,42,119,132,75,137,133,81,153,166,189,184,8,36,22,112,93,38,87,121,51];True
2800;6796;9596;[198,155,90,41,127,60,42,47,26,161,115,152,49,54,197,168,74,37,94,118,124,44,34,108,174,196,167,15,156,21,73,82,131,110,181,68,123,45,138,126,143,160,173,18,199,12,7,136,89,46,164,4,84,122,24,23,77,57,186,170,176,72,154,172,59,11,182,139,135,191,48,50,56,92,147,67,32,61,40,165,193,9,33,16,91,88,70,71,162,20,188,144,184,35,157,78,128,101,86,76,80,100,30,134,27,195,97,58,151,175,6,1,117,2,169,142,137,158,62,120,3,95,149,107,55,14,13,111,52,148,83,129,25,116,103,105,69,159,38,150,140,99,106,194,180,178,192,10,66,145,102,185,171,0,85,104,17,53,183,146,63,31,29,65,125,190,109,130,5,39,113,43,187,179,96,177,98,114,64,79,141,119,132,75,163,133,81,153,166,189,28,8,36,22,112,93,19,87,121,51];True
2560;6888;9448;[198,174,90,41,127,60,42,119,26,161,115,152,49,54,197,168,74,37,94,118,124,44,34,108,106,196,167,15,156,21,73,82,131,110,181,68,123,45,138,126,143,160,173,18,199,12,7,136,89,46,164,4,84,122,24,23,77,57,186,170,176,72,154,172,59,11,182,139,135,191,48,194,56,92,147,67,32,61,40,165,193,9,33,16,91,88,70,71,162,20,188,144,184,35,157,78,128,101,86,76,80,100,30,134,27,195,97,58,151,175,6,1,117,2,169,142,137,158,62,120,3,95,149,107,55,14,13,111,112,148,83,129,25,116,103,105,69,159,38,150,140,99,155,50,180,178,192,10,66,145,102,185,171,0,85,104,17,53,183,146,63,31,29,65,125,190,109,130,5,39,113,43,187,179,96,141,98,114,64,79,177,47,132,75,163,133,81,153,166,189,28,8,36,22,52,93,19,87,121,51];False
2473;6935;9408;[198,155,90,41,127,60,42,119,26,161,115,152,49,54,197,168,74,37,94,118,124,44,34,108,106,196,167,15,156,21,73,82,131,110,181,68,123,45,138,126,143,160,173,18,199,12,7,136,89,50,164,4,84,122,24,23,77,57,186,170,176,72,154,172,59,11,182,139,135,191,48,194,56,92,147,67,32,61,40,165,193,9,33,16,91,88,70,71,162,20,188,144,184,35,157,78,128,101,86,76,80,100,30,134,27,195,97,58,151,175,6,1,117,2,169,142,137,158,62,120,3,95,149,107,55,14,13,111,112,148,83,129,25,116,103,105,69,159,38,150,140,99,174,46,180,178,192,10,66,145,102,185,171,0,85,104,17,53,183,146,63,31,29,65,125,190,109,130,5,39,113,43,187,179,96,141,98,114,64,79,177,47,132,75,163,133,81,153,166,189,28,8,36,22,52,93,19,87,121,51];False
2479;6934;9413;[198,155,90,41,127,60,42,119,26,161,115,152,49,54,197,168,74,37,94,118,124,44,34,108,106,196,167,15,156,21,73,82,131,110,181,68,123,45,138,126,143,160,173,18,199,12,7,136,89,46,180,4,84,122,24,23,77,57,186,170,176,72,154,172,59,11,182,139,135,191,48,194,56,92,147,67,32,61,40,165,193,9,33,16,91,88,70,71,162,20,188,144,184,35,157,78,128,101,86,76,80,100,30,134,27,195,97,58,151,175,6,1,117,2,169,142,137,158,62,120,3,95,149,107,55,14,13,111,112,148,83,129,25,116,103,105,69,159,38,150,140,99,174,50,164,178,192,10,66,145,102,185,171,0,85,104,17,53,183,146,63,31,29,65,125,190,109,130,5,39,113,43,187,179,96,141,98,114,64,79,177,47,132,75,163,133,81,153,166,189,28,8,36,22,52,93,19,87,121,51];False
2600;6884;9484;[4,105,65,41,127,60,42,119,26,161,115,152,49,54,197,168,74,37,94,118,124,44,34,198,174,196,167,15,156,21,73,82,131,110,181,68,123,45,138,126,143,160,173,18,199,12,7,136,89,46,164,108,84,122,24,23,77,57,186,170,176,72,154,172,59,11,182,139,135,191,48,50,56,92,147,67,32,61,38,165,193,9,33,103,91,88,70,71,162,20,188,144,184,35,157,78,128,101,86,76,80,100,30,134,27,195,97,58,151,175,6,1,117,2,169,142,137,158,62,120,3,95,149,107,55,14,13,111,112,148,83,129,25,116,16,183,69,159,40,150,140,99,106,194,180,178,192,10,66,145,102,185,171,0,85,104,17,53,155,146,63,31,29,90,125,190,109,130,5,39,113,43,187,179,96,141,98,114,64,79,177,47,132,75,163,133,81,153,166,189,28,8,36,22,52,93,19,87,121,51];False
3111;6692;9803;[198,29,90,41,127,60,42,47,26,161,115,152,49,54,197,168,74,37,94,118,124,44,34,108,174,196,167,15,156,21,73,82,131,110,181,68,140,184,138,126,143,160,173,18,199,12,7,136,89,46,164,4,84,122,25,23,77,57,186,170,176,72,154,172,59,11,182,139,135,191,48,50,56,92,147,67,32,61,45,165,193,19,33,16,91,88,70,71,162,20,188,144,9,35,157,78,128,101,86,76,80,100,30,134,27,195,97,58,151,175,6,1,117,2,169,142,163,158,62,120,3,95,149,107,55,14,13,111,52,148,83,129,24,150,103,105,69,159,40,116,123,99,106,194,180,178,192,10,66,145,102,185,171,0,85,104,17,53,155,146,63,31,183,65,125,190,109,130,5,39,113,43,187,179,96,177,98,114,64,79,141,119,132,75,137,133,81,153,166,189,28,8,36,22,112,93,38,87,121,51];True
3077;6704;9781;[198,29,90,41,127,60,42,47,26,161,115,152,49,54,197,168,74,37,94,118,124,44,34,108,174,196,167,15,156,21,73,82,131,110,181,68,140,184,138,126,143,160,173,18,199,12,7,136,89,46,164,4,84,122,25,23,77,57,186,170,176,72,154,172,59,11,182,139,135,191,48,50,56,92,147,67,32,61,45,165,193,19,33,16,91,88,70,71,162,20,188,144,9,38,157,78,128,101,86,76,80,100,30,134,27,195,97,58,151,175,6,1,117,2,169,142,137,158,62,120,3,95,149,107,55,14,13,111,52,148,83,129,24,150,103,105,69,159,40,116,123,99,106,194,180,178,192,10,66,145,102,185,171,0,85,104,17,53,155,146,63,31,183,65,125,190,109,130,5,39,113,43,187,179,96,177,98,114,64,79,141,119,132,75,163,133,81,153,166,189,28,8,36,22,112,93,35,87,121,51];True
3141;6683;9824;[198,29,90,41,127,60,42,47,26,161,115,152,49,54,197,168,74,37,94,118,124,44,34,108,174,196,167,15,156,21,73,82,131,110,181,68,140,184,138,126,143,160,173,18,199,12,7,136,89,46,164,4,84,122,25,23,77,57,186,170,176,72,154,172,59,11,182,139,135,191,48,50,56,92,147,67,32,61,45,165,193,19,33,16,91,88,70,71,162,20,188,144,9,35,157,78,128,101,86,76,80,100,30,134,27,195,97,58,151,175,6,1,117,2,169,142,137,158,62,120,3,95,149,107,55,14,13,111,52,148,83,129,24,150,103,105,69,159,40,116,123,99,106,194,180,178,192,109,66,145,102,185,171,0,85,104,17,53,155,146,63,31,183,65,125,190,10,130,5,39,113,43,187,179,96,177,98,114,64,79,141,119,132,75,163,133,81,153,166,189,28,8,36,22,112,93,38,87,121,51];True
3289;6647;9936;[198,29,90,41,127,60,177,47,26,161,115,152,49,54,197,168,74,37,94,118,124,44,34,108,174,196,167,15,156,21,73,82,131,110,181,68,140,184,138,126,143,160,173,18,171,12,7,136,89,46,164,4,84,122,25,23,77,57,186,170,176,72,154,172,59,11,182,139,135,191,48,50,56,92,147,67,32,61,45,165,193,19,33,16,91,88,70,71,162,20,188,144,9,35,157,78,128,101,86,76,80,100,30,134,27,2,97,58,151,175,6,1,117,195,169,142,137,158,62,120,3,95,149,107,55,14,13,111,52,148,83,129,24,150,103,105,69,159,40,116,123,99,106,194,180,178,192,109,66,145,102,185,199,0,85,104,17,53,155,146,63,31,183,65,125,190,10,130,5,39,113,43,187,179,96,141,98,114,64,79,42,119,132,75,163,133,81,153,166,189,28,8,36,22,112,93,38,87,121,51];True
3234;6658;9892;[198,29,90,41,127,60,177,47,26,161,115,152,49,54,197,168,74,37,94,118,124,44,34,108,174,196,167,15,156,21,73,82,131,110,181,68,140,184,138,126,143,160,173,18,199,12,7,136,89,46,164,4,84,122,25,23,77,57,186,170,176,72,154,172,59,11,182,139,135,191,48,50,56,92,147,67,32,61,45,165,193,19,33,16,91,88,70,71,162,20,188,144,9,35,157,78,128,101,86,76,80,100,30,134,27,2,97,58,151,175,6,1,117,195,169,142,163,158,62,120,3,95,149,107,55,14,13,111,52,148,83,129,24,150,103,105,69,159,40,116,123,99,106,194,180,178,192,109,66,145,102,185,171,0,85,104,17,53,155,146,63,31,183,65,125,190,10,130,5,39,113,43,187,179,96,141,98,114,64,79,42,119,132,75,137,133,81,153,166,189,28,8,36,22,112,93,38,87,121,51];True
2613;6869;9482;[198,174,90,41,127,60,42,47,26,161,115,152,49,54,197,168,74,37,94,118,124,44,34,108,106,196,167,15,156,21,73,82,131,110,181,68,123,45,138,126,143,160,173,18,199,12,7,136,89,46,164,4,84,122,24,23,77,57,186,170,176,72,154,172,59,11,182,139,135,191,48,194,56,92,147,67,32,61,40,165,193,9,33,16,91,88,70,71,162,20,188,144,184,35,157,78,128,101,86,76,80,100,30,134,27,195,97,58,151,175,6,1,117,2,169,142,137,158,62,120,3,95,149,107,55,14,13,111,112,148,83,129,25,116,103,105,69,159,38,150,140,99,155,50,180,178,192,10,66,145,102,185,171,0,85,104,17,53,183,146,63,31,29,65,125,190,109,130,5,39,113,43,187,179,96,141,98,114,64,79,177,119,132,75,163,133,81,153,166,189,28,8,36,22,52,93,19,87,121,51];False
2591;6887;9478;[198,174,90,41,127,60,42,119,26,161,115,152,49,54,197,168,74,37,94,118,124,50,34,108,106,196,167,15,156,21,73,82,131,110,181,68,123,45,138,126,143,160,173,18,199,12,7,136,89,46,164,4,84,122,24,23,77,57,186,170,176,72,154,172,59,11,182,139,135,191,48,194,56,92,147,67,32,61,40,165,193,9,33,16,91,88,70,71,162,20,188,144,184,35,157,78,128,101,86,76,80,100,30,134,27,195,97,58,151,175,6,1,117,2,169,142,137,158,62,120,3,95,149,107,55,14,13,111,112,148,83,129,25,116,103,105,69,159,38,150,140,99,155,44,180,178,192,10,66,145,102,185,171,0,85,104,17,53,183,146,63,31,29,65,125,190,109,130,5,39,113,43,187,179,96,141,98,114,64,79,177,47,132,75,163,133,81,153,166,189,28,8,36,22,52,93,19,87,121,51];False
2557;6897;9454;[198,174,90,41,127,60,42,119,26,161,115,152,49,54,197,168,74,37,94,118,124,44,34,108,106,196,167,15,156,21,73,82,131,110,181,68,123,45,55,126,143,160,173,18,199,12,7,136,89,46,164,4,84,122,24,23,77,57,186,170,176,72,154,172,59,11,182,139,135,191,48,194,56,92,147,67,32,61,40,165,193,9,33,16,91,88,70,71,162,20,188,144,184,35,157,78,128,101,86,76,80,100,30,134,27,195,97,58,151,175,6,1,117,2,169,142,137,158,62,120,3,95,149,107,138,14,13,111,112,148,83,129,25,116,103,105,69,159,38,150,140,99,155,50,180,178,192,10,66,145,102,185,171,0,85,104,17,53,183,146,63,31,29,65,125,190,109,130,5,39,113,43,187,179,96,141,98,114,64,79,177,47,132,75,163,133,81,153,166,189,28,8,36,22,52,93,19,87,121,51];False
2511;6901;9412;[198,174,90,41,127,60,42,119,26,161,115,152,49,54,197,168,74,37,94,118,124,44,34,108,106,196,167,15,156,21,73,82,131,110,181,68,123,45,138,126,143,160,173,18,199,12,7,136,89,46,180,4,84,122,24,23,77,57,186,170,176,72,154,172,59,11,182,139,135,191,48,194,56,92,147,67,32,61,40,165,193,9,33,16,91,88,70,71,162,20,188,144,184,35,157,78,128,101,86,76,80,100,30,134,27,195,97,58,151,175,6,1,117,2,169,142,137,158,62,120,3,95,149,107,55,14,13,111,112,148,83,129,25,116,103,105,69,159,38,150,140,99,155,50,164,178,192,10,66,145,102,185,171,0,85,104,17,53,183,146,63,31,29,65,125,190,109,130,5,39,113,43,187,179,96,141,98,114,64,79,177,47,132,75,163,133,81,153,166,189,28,8,36,22,52,93,19,87,121,51];True
2574;6882;9456;[198,174,90,41,127,60,42,119,26,161,115,152,49,54,197,168,74,37,94,118,124,44,34,108,106,196,167,15,156,21,73,82,131,110,181,68,123,45,138,126,143,160,173,18,199,12,7,136,89,46,164,4,84,122,24,23,77,57,186,170,176,72,154,172,59,11,182,139,135,191,48,194,56,92,147,67,32,61,38,165,193,9,33,16,91,88,70,71,162,20,188,144,184,35,157,78,128,101,86,76,80,100,30,134,27,195,97,58,151,175,6,1,117,2,169,142,137,158,62,120,3,95,149,107,55,14,13,111,112,148,83,129,25,116,103,105,69,159,40,150,140,99,155,50,180,178,192,10,66,145,102,185,171,0,85,104,17,53,183,146,63,31,29,65,125,190,109,130,5,39,113,43,187,179,96,141,98,114,64,79,177,47,132,75,163,133,81,153,166,189,28,8,36,22,52,93,19,87,121,51];False
2600;6878;9478;[198,174,90,41,127,60,42,119,26,161,115,152,49,54,197,168,74,37,94,118,124,44,34,108,106,196,167,15,156,21,73,82,131,110,181,68,123,45,138,126,143,160,173,18,199,12,7,136,89,46,164,4,84,122,24,23,77,57,186,170,176,72,154,172,59,11,182,139,135,191,48,194,56,92,147,67,32,61,19,165,193,9,33,16,91,88,70,71,162,20,188,144,184,35,157,78,128,101,86,76,80,100,30,134,27,195,97,58,151,175,6,1,117,2,169,142,137,158,62,120,3,95,149,107,55,14,13,111,112,148,83,129,25,116,103,105,69,159,38,150,140,99,155,50,180,178,192,10,66,145,102,185,171,0,85,104,17,53,183,146,63,31,29,65,125,190,109,130,5,39,113,43,187,179,96,141,98,114,64,79,177,47,132,75,163,133,81,153,166,189,28,8,36,22,52,93,40,87,121,51];False
2595;6879;9474;[198,174,90,41,127,60,42,119,26,161,115,152,49,54,197,168,74,37,94,118,124,44,34,108,106,196,167,15,156,21,73,82,131,110,181,68,123,45,138,126,143,160,173,18,199,12,7,136,89,46,164,4,84,122,24,23,77,57,186,170,176,72,154,172,59,11,182,139,135,191,48,194,56,92,147,67,32,61,40,165,193,9,33,16,91,88,70,71,162,20,188,144,184,35,157,78,128,101,86,76,80,100,30,134,27,2,97,58,151,175,6,1,117,195,169,142,137,158,62,120,3,95,149,107,55,14,13,111,112,148,83,129,25,116,103,105,69,159,38,150,140,99,155,50,180,178,192,10,66,145,102,185,171,0,85,104,17,53,183,146,63,31,29,65,125,190,109,130,5,39,113,43,187,179,96,141,98,114,64,79,177,47,132,75,163,133,81,153,166,189,28,8,36,22,52,93,19,87,121,51];False
2653;6853;9506;[198,174,90,41,127,60,42,119,26,161,115,152,49,54,197,168,74,37,94,118,124,44,34,108,106,196,167,15,156,21,73,82,131,110,181,68,123,45,138,126,143,160,173,18,199,12,7,136,89,46,164,4,84,122,24,23,77,57,186,170,176,72,154,172,59,11,182,139,135,191,48,194,56,92,147,67,32,61,40,165,193,9,33,16,91,88,70,71,162,20,188,144,184,35,157,78,128,101,86,76,80,100,30,134,27,195,97,58,151,175,6,1,117,2,169,142,137,158,62,120,3,95,149,107,55,14,13,111,52,148,83,129,25,116,103,105,69,159,38,150,140,99,155,50,180,178,192,10,66,145,102,185,171,0,85,104,17,53,183,146,63,31,29,65,125,190,109,130,5,39,113,43,187,179,96,141,98,114,64,79,177,47,132,75,163,133,81,153,166,189,28,8,36,22,112,93,19,87,121,51];False
2487;6929;9416;[198,155,90,41,127,60,42,119,26,161,115,152,49,54,197,168,74,37,94,118,124,44,34,108,106,196,167,15,156,21,73,82,131,110,181,68,123,45,138,126,143,160,173,18,199,12,7,136,89,50,164,4,84,122,24,23,77,57,186,170,176,72,154,172,59,11,182,139,135,191,48,194,56,92,147,67,32,61,38,165,193,9,33,16,91,88,70,71,162,20,188,144,184,35,157,78,128,101,86,76,80,100,30,134,27,195,97,58,151,175,6,1,117,2,169,142,137,158,62,120,3,95,149,107,55,14,13,111,112,148,83,129,25,116,103,105,69,159,40,150,140,99,174,46,180,178,192,10,66,145,102,185,171,0,85,104,17,53,183,146,63,31,29,65,125,190,109,130,5,39,113,43,187,179,96,141,98,114,64,79,177,47,132,75,163,133,81,153,166,189,28,8,36,22,52,93,19,87,121,51];False
2508;6926;9434;[198,155,90,41,127,60,42,119,26,161,115,152,49,54,197,168,74,37,94,118,124,44,34,108,106,196,167,15,156,21,73,82,131,110,181,68,123,45,138,126,143,160,173,18,199,12,7,136,89,50,164,4,84,122,24,23,77,57,186,170,176,72,154,172,59,11,182,139,135,191,48,194,56,92,147,67,32,61,40,165,193,9,33,16,91,88,70,71,162,20,188,144,184,35,157,78,128,101,86,76,80,100,30,134,27,2,97,58,151,175,6,1,117,195,169,142,137,158,62,120,3,95,149,107,55,14,13,111,112,148,83,129,25,116,103,105,69,159,38,150,140,99,174,46,180,178,192,10,66,145,102,185,171,0,85,104,17,53,183,146,63,31,29,65,125,190,109,130,5,39,113,43,187,179,96,141,98,114,64,79,177,47,132,75,163,133,81,153,166,189,28,8,36,22,52,93,19,87,121,51];False
2493;6928;9421;[198,155,90,41,127,60,42,119,26,161,115,152,49,54,197,168,74,37,94,118,124,44,34,108,106,196,167,15,156,21,73,82,131,110,181,68,123,45,138,126,143,160,173,18,199,12,7,136,89,46,180,4,84,122,24,23,77,57,186,170,176,72,154,172,59,11,182,139,135,191,48,194,56,92,147,67,32,61,38,165,193,9,33,16,91,88,70,71,162,20,188,144,184,35,157,78,128,101,86,76,80,100,30,134,27,195,97,58,151,175,6,1,117,2,169,142,137,158,62,120,3,95,149,107,55,14,13,111,112,148,83,129,25,116,103,105,69,159,40,150,140,99,174,50,164,178,192,10,66,145,102,185,171,0,85,104,17,53,183,146,63,31,29,65,125,190,109,130,5,39,113,43,187,179,96,141,98,114,64,79,177,47,132,75,163,133,81,153,166,189,28,8,36,22,52,93,19,87,121,51];False
2639;6859;9498;[198,174,90,41,127,60,177,47,26,161,115,152,49,54,197,168,74,37,94,118,124,44,34,108,106,196,167,15,156,21,73,82,131,110,181,68,123,45,138,126,143,160,173,18,199,12,7,136,89,46,164,4,84,122,24,23,77,57,186,170,176,72,154,172,59,11,182,139,135,191,48,194,56,92,147,67,32,61,40,165,193,9,33,16,91,88,70,71,162,20,188,144,184,35,157,78,128,101,86,76,80,100,30,134,27,195,97,58,151,175,6,1,117,2,169,142,137,158,62,120,3,95,149,107,55,14,13,111,112,148,83,129,25,116,103,105,69,159,38,150,140,99,155,50,180,178,192,10,66,145,102,185,171,0,85,104,17,53,183,146,63,31,29,65,125,190,109,130,5,39,113,43,187,179,96,141,98,114,64,79,42,119,132,75,163,133,81,153,166,189,28,8,36,22,52,93,19,87,121,51];False
2564;6882;9446;[198,174,90,41,127,60,42,47,26,161,115,152,49,54,197,168,74,37,94,118,124,44,34,108,106,196,167,15,156,21,73,82,131,110,181,68,123,45,138,126,143,160,173,18,199,12,7,136,89,46,180,4,84,122,24,23,77,57,186,170,176,72,154,172,59,11,182,139,135,191,48,194,56,92,147,67,32,61,40,165,193,9,33,16,91,88,70,71,162,20,188,144,184,35,157,78,128,101,86,76,80,100,30,134,27,195,97,58,151,175,6,1,117,2,169,142,137,158,62,120,3,95,149,107,55,14,13,111,112,148,83,129,25,116,103,105,69,159,38,150,140,99,155,50,164,178,192,10,66,145,102,185,171,0,85,104,17,53,183,146,63,31,29,65,125,190,109,130,5,39,113,43,187,179,96,141,98,114,64,79,177,119,132,75,163,133,81,153,166,189,28,8,36,22,52,93,19,87,121,51];True
2627;6863;9490;[198,174,90,41,127,60,42,47,26,161,115,152,49,54,197,168,74,37,94,118,124,44,34,108,106,196,167,15,156,21,73,82,131,110,181,68,123,45,138,126,143,160,173,18,199,12,7,136,89,46,164,4,84,122,24,23,77,57,186,170,176,72,154,172,59,11,182,139,135,191,48,194,56,92,147,67,32,61,38,165,193,9,33,16,91,88,70,71,162,20,188,144,184,35,157,78,128,101,86,76,80,100,30,134,27,195,97,58,151,175,6,1,117,2,169,142,137,158,62,120,3,95,149,107,55,14,13,111,112,148,83,129,25,116,103,105,69,159,40,150,140,99,155,50,180,178,192,10,66,145,102,185,171,0,85,104,17,53,183,146,63,31,29,65,125,190,109,130,5,39,113,43,187,179,96,141,98,114,64,79,177,119,132,75,163,133,81,153,166,189,28,8,36,22,52,93,19,87,121,51];False
2706;6834;9540;[198,174,90,41,127,60,42,47,26,161,115,152,49,54,197,168,74,37,94,118,124,44,34,108,106,196,167,15,156,21,73,82,131,110,181,68,123,45,138,126,143,160,173,18,199,12,7,136,89,46,164,4,84,122,24,23,77,57,186,170,176,72,154,172,59,11,182,139,135,191,48,194,56,92,147,67,32,61,40,165,193,9,33,16,91,88,70,71,162,20,188,144,184,35,157,78,128,101,86,76,80,100,30,134,27,195,97,58,151,175,6,1,117,2,169,142,137,158,62,120,3,95,149,107,55,14,13,111,52,148,83,129,25,116,103,105,69,159,38,150,140,99,155,50,180,178,192,10,66,145,102,185,171,0,85,104,17,53,183,146,63,31,29,65,125,190,109,130,5,39,113,43,187,179,96,141,98,114,64,79,177,119,132,75,163,133,81,153,166,189,28,8,36,22,112,93,19,87,121,51];False
2605;6870;9475;[198,174,90,41,127,60,42,47,26,161,115,152,49,54,197,168,74,37,94,118,124,44,34,108,106,196,167,15,156,21,73,82,131,110,181,68,123,45,138,126,143,160,173,18,199,12,7,136,89,46,164,4,84,122,24,23,77,57,186,170,176,72,154,172,59,11,182,139,135,191,48,194,56,92,147,67,32,61,40,165,193,9,33,16,91,88,70,71,162,20,188,144,184,35,157,78,128,101,86,76,80,100,30,134,27,195,97,58,151,175,6,1,117,2,169,142,137,158,62,120,3,95,149,107,55,14,13,111,112,148,83,129,25,116,103,105,69,159,38,150,140,99,155,50,180,178,192,10,66,145,102,185,171,0,85,104,17,53,183,146,63,31,29,65,125,190,109,130,5,39,113,43,187,179,96,177,98,114,64,79,141,119,132,75,163,133,81,153,166,189,28,8,36,22,52,93,19,87,121,51];False
2508;6910;9418;[198,174,90,41,127,60,42,119,26,161,115,152,49,54,197,168,74,37,94,118,124,44,34,108,106,196,167,15,156,21,73,82,131,110,181,68,123,45,55,126,143,160,173,18,199,12,7,136,89,46,180,4,84,122,24,23,77,57,186,170,176,72,154,172,59,11,182,139,135,191,48,194,56,92,147,67,32,61,40,165,193,9,33,16,91,88,70,71,162,20,188,144,184,35,157,78,128,101,86,76,80,100,30,134,27,195,97,58,151,175,6,1,117,2,169,142,137,158,62,120,3,95,149,107,138,14,13,111,112,148,83,129,25,116,103,105,69,159,38,150,140,99,155,50,164,178,192,10,66,145,102,185,171,0,85,104,17,53,183,146,63,31,29,65,125,190,109,130,5,39,113,43,187,179,96,141,98,114,64,79,177,47,132,75,163,133,81,153,166,189,28,8,36,22,52,93,19,87,121,51];False
2497;6908;9405;[198,174,90,41,127,60,42,119,26,161,115,152,49,54,197,168,74,37,94,118,124,44,34,4,106,196,167,15,156,21,73,82,131,110,181,68,123,45,138,126,143,160,173,18,199,12,7,136,89,46,180,108,84,122,24,23,77,57,186,170,176,72,154,172,59,11,182,139,135,191,48,194,56,92,147,67,32,61,40,165,193,9,33,16,91,88,70,71,162,20,188,144,184,35,157,78,128,101,86,76,80,100,30,134,27,195,97,58,151,175,6,1,117,2,169,142,137,158,62,120,3,95,149,107,55,14,13,111,112,148,83,129,25,116,103,105,69,159,38,150,140,99,155,50,164,178,192,10,66,145,102,185,171,0,85,104,17,53,183,146,63,31,29,65,125,190,109,130,5,39,113,43,187,179,96,141,98,114,64,79,177,47,132,75,163,133,81,153,166,189,28,8,36,22,52,93,19,87,121,51];True
2555;6900;9455;[198,174,90,41,127,60,42,119,26,161,115,152,49,54,197,168,74,37,94,118,124,44,34,108,106,196,167,15,156,155,73,82,131,110,181,68,123,45,138,126,143,160,173,18,199,12,7,136,89,46,180,4,84,122,24,23,77,57,186,170,176,72,154,172,59,11,182,139,135,191,48,194,56,92,147,67,32,61,40,165,193,9,33,16,91,88,70,71,162,20,188,144,184,35,157,78,128,101,86,76,80,100,30,134,27,195,97,58,151,175,6,1,117,2,169,142,137,158,62,120,3,95,149,107,55,14,13,111,112,148,83,129,25,116,103,105,69,159,38,150,140,99,21,50,164,178,192,10,66,145,102,185,171,0,85,104,17,53,183,146,63,31,29,65,125,190,109,130,5,39,113,43,187,179,96,141,98,114,64,79,177,47,132,75,163,133,81,153,166,189,28,8,36,22,52,93,19,87,121,51];False
2493;6924;9417;[198,174,90,41,127,60,42,119,26,161,115,152,49,54,197,168,74,37,94,118,124,44,34,108,106,196,167,15,156,21,73,82,131,110,181,68,123,45,138,126,143,160,173,18,199,12,7,136,89,46,180,4,84,122,24,23,77,57,186,170,176,72,154,172,59,11,182,139,55,191,48,194,56,92,147,67,32,61,40,165,193,9,33,16,91,88,70,71,162,20,188,144,184,35,157,78,128,101,86,76,80,100,30,134,27,195,97,58,151,175,6,1,117,2,169,142,137,158,62,120,3,95,149,107,135,14,13,111,112,148,83,129,25,116,103,105,69,159,38,150,140,99,155,50,164,178,192,10,66,145,102,185,171,0,85,104,17,53,183,146,63,31,29,65,125,190,109,130,5,39,113,43,187,179,96,141,98,114,64,79,177,47,132,75,163,133,81,153,166,189,28,8,36,22,52,93,19,87,121,51];False
2469;6930;9399;[198,174,90,41,127,60,42,119,26,161,115,152,49,54,197,168,74,37,94,118,124,44,34,108,106,196,167,15,156,21,73,82,131,110,181,68,123,45,138,126,143,160,173,18,199,12,7,136,89,46,180,4,84,122,24,23,77,57,186,170,176,72,154,172,59,11,182,139,135,191,48,194,56,92,147,67,112,61,40,165,193,9,33,16,91,88,70,71,162,20,188,144,184,35,157,78,128,101,86,76,80,100,30,134,27,195,97,58,151,175,6,1,117,2,169,142,137,158,62,120,3,95,149,107,55,14,13,111,32,148,83,129,25,116,103,105,69,159,38,150,140,99,155,50,164,178,192,10,66,145,102,185,171,0,85,104,17,53,183,146,63,31,29,65,125,190,109,130,5,39,113,43,187,179,96,141,98,114,64,79,177,47,132,75,163,133,81,153,166,189,28,8,36,22,52,93,19,87,121,51];True
2525;6895;9420;[198,174,90,41,127,60,42,119,26,161,115,152,49,54,197,168,74,37,94,118,124,44,34,108,106,196,167,15,156,21,73,82,131,110,181,68,123,45,138,126,143,160,173,18,199,12,7,136,89,46,180,4,84,122,24,23,77,57,186,170,176,72,154,172,59,11,182,139,135,191,48,194,56,92,147,67,32,61,38,165,193,9,33,16,91,88,70,71,162,20,188,144,184,35,157,78,128,101,86,76,80,100,30,134,27,195,97,58,151,175,6,1,117,2,169,142,137,158,62,120,3,95,149,107,55,14,13,111,112,148,83,129,25,116,103,105,69,159,40,150,140,99,155,50,164,178,192,10,66,145,102,185,171,0,85,104,17,53,183,146,63,31,29,65,125,190,109,130,5,39,113,43,187,179,96,141,98,114,64,79,177,47,132,75,163,133,81,153,166,189,28,8,36,22,52,93,19,87,121,51];True
2551;6891;9442;[198,174,90,41,127,60,42,119,26,161,115,152,49,54,197,168,74,37,94,118,124,44,34,108,106,196,167,15,156,21,73,82,131,110,181,68,123,45,138,126,143,160,173,18,199,12,7,136,89,46,180,4,84,122,24,23,77,57,186,170,176,72,154,172,59,11,182,139,135,191,48,194,56,92,147,67,32,61,19,165,193,9,33,16,91,88,70,71,162,20,188,144,184,35,157,78,128,101,86,76,80,100,30,134,27,195,97,58,151,175,6,1,117,2,169,142,137,158,62,120,3,95,149,107,55,14,13,111,112,148,83,129,25,116,103,105,69,159,38,150,140,99,155,50,164,178,192,10,66,145,102,185,171,0,85,104,17,53,183,146,63,31,29,65,125,190,109,130,5,39,113,43,187,179,96,141,98,114,64,79,177,47,132,75,163,133,81,153,166,189,28,8,36,22,52,93,40,87,121,51];False
2546;6892;9438;[198,174,90,41,127,60,42,119,26,161,115,152,49,54,197,168,74,37,94,118,124,44,34,108,106,196,167,15,156,21,73,82,131,110,181,68,123,45,138,126,143,160,173,18,199,12,7,136,89,46,180,4,84,122,24,23,77,57,186,170,176,72,154,172,59,11,182,139,135,191,48,194,56,92,147,67,32,61,40,165,193,9,33,16,91,88,70,71,162,20,188,144,184,35,157,78,128,101,86,76,80,100,30,134,27,2,97,58,151,175,6,1,117,195,169,142,137,158,62,120,3,95,149,107,55,14,13,111,112,148,83,129,25,116,103,105,69,159,38,150,140,99,155,50,164,178,192,10,66,145,102,185,171,0,85,104,17,53,183,146,63,31,29,65,125,190,109,130,5,39,113,43,187,179,96,141,98,114,64,79,177,47,132,75,163,133,81,153,166,189,28,8,36,22,52,93,19,87,121,51];False
2604;6866;9470;[198,174,90,41,127,60,42,119,26,161,115,152,49,54,197,168,74,37,94,118,124,44,34,108,106,196,167,15,156,21,73,82,131,110,181,68,123,45,138,126,143,160,173,18,199,12,7,136,89,46,180,4,84,122,24,23,77,57,186,170,176,72,154,172,59,11,182,139,135,191,48,194,56,92,147,67,32,61,40,165,193,9,33,16,91,88,70,71,162,20,188,144,184,35,157,78,128,101,86,76,80,100,30,134,27,195,97,58,151,175,6,1,117,2,169,142,137,158,62,120,3,95,149,107,55,14,13,111,52,148,83,129,25,116,103,105,69,159,38,150,140,99,155,50,164,178,192,10,66,145,102,185,171,0,85,104,17,53,183,146,63,31,29,65,125,190,109,130,5,39,113,43,187,179,96,141,98,114,64,79,177,47,132,75,163,133,81,153,166,189,28,8,36,22,112,93,19,87,121,51];True
2464;6932;9396;[198,174,90,41,127,60,42,119,26,161,115,152,49,54,197,168,74,37,94,118,124,44,34,108,106,196,167,15,156,21,73,82,131,110,181,68,123,45,138,126,143,160,173,18,199,12,7,136,89,46,180,4,84,122,24,23,77,57,186,170,176,72,154,172,59,11,182,139,135,191,48,194,56,92,147,67,32,61,40,165,193,9,33,16,91,88,70,71,162,20,188,144,184,35,157,78,128,101,86,76,80,100,30,134,27,195,97,58,151,175,6,1,117,2,169,142,137,158,62,120,3,95,149,107,55,14,13,111,112,148,83,129,25,116,103,140,69,159,38,150,105,99,155,50,164,178,192,10,66,145,102,185,171,0,85,104,17,53,183,146,63,31,29,65,125,190,109,130,5,39,113,43,187,179,96,141,98,114,64,79,177,47,132,75,163,133,81,153,166,189,28,8,36,22,52,93,19,87,121,51];True
2592;6879;9471;[198,174,90,41,127,60,42,119,26,161,115,152,49,54,197,168,74,37,94,118,124,44,34,108,106,196,167,15,156,21,73,82,131,110,181,68,123,45,138,126,143,160,173,18,199,12,7,136,89,46,164,4,84,122,24,23,77,57,186,170,176,72,154,172,59,11,182,139,135,191,48,194,56,92,147,67,32,61,19,165,193,9,33,16,91,88,70,71,162,20,188,144,184,35,157,78,128,101,86,76,80,100,30,134,27,195,97,58,151,175,6,1,117,2,169,142,137,158,62,120,3,95,149,107,55,14,13,111,112,148,83,129,25,116,103,105,69,159,40,150,140,99,155,50,180,178,192,10,66,145,102,185,171,0,85,104,17,53,183,146,63,31,29,65,125,190,109,130,5,39,113,43,187,179,96,141,98,114,64,79,177,47,132,75,163,133,81,153,166,189,28,8,36,22,52,93,38,87,121,51];False
2667;6847;9514;[198,174,90,41,127,60,42,119,26,161,115,152,49,54,197,168,74,37,94,118,124,44,34,108,106,196,167,15,156,21,73,82,131,110,181,68,123,45,138,126,143,160,173,18,199,12,7,136,89,46,164,4,84,122,24,23,77,57,186,170,176,72,154,172,59,11,182,139,135,191,48,194,56,92,147,67,32,61,38,165,193,9,33,16,91,88,70,71,162,20,188,144,184,35,157,78,128,101,86,76,80,100,30,134,27,195,97,58,151,175,6,1,117,2,169,142,137,158,62,120,3,95,149,107,55,14,13,111,52,148,83,129,25,116,103,105,69,159,40,150,140,99,155,50,180,178,192,10,66,145,102,185,171,0,85,104,17,53,183,146,63,31,29,65,125,190,109,130,5,39,113,43,187,179,96,141,98,114,64,79,177,47,132,75,163,133,81,153,166,189,28,8,36,22,112,93,19,87,121,51];False
2590;6872;9462;[198,174,90,41,127,60,177,47,26,161,115,152,49,54,197,168,74,37,94,118,124,44,34,108,106,196,167,15,156,21,73,82,131,110,181,68,123,45,138,126,143,160,173,18,199,12,7,136,89,46,180,4,84,122,24,23,77,57,186,170,176,72,154,172,59,11,182,139,135,191,48,194,56,92,147,67,32,61,40,165,193,9,33,16,91,88,70,71,162,20,188,144,184,35,157,78,128,101,86,76,80,100,30,134,27,195,97,58,151,175,6,1,117,2,169,142,137,158,62,120,3,95,149,107,55,14,13,111,112,148,83,129,25,116,103,105,69,159,38,150,140,99,155,50,164,178,192,10,66,145,102,185,171,0,85,104,17,53,183,146,63,31,29,65,125,190,109,130,5,39,113,43,187,179,96,141,98,114,64,79,42,119,132,75,163,133,81,153,166,189,28,8,36,22,52,93,19,87,121,51];True
2550;6889;9439;[198,174,90,41,127,60,42,47,26,161,115,152,49,54,197,168,74,37,94,118,124,44,34,4,106,196,167,15,156,21,73,82,131,110,181,68,123,45,138,126,143,160,173,18,199,12,7,136,89,46,180,108,84,122,24,23,77,57,186,170,176,72,154,172,59,11,182,139,135,191,48,194,56,92,147,67,32,61,40,165,193,9,33,16,91,88,70,71,162,20,188,144,184,35,157,78,128,101,86,76,80,100,30,134,27,195,97,58,151,175,6,1,117,2,169,142,137,158,62,120,3,95,149,107,55,14,13,111,112,148,83,129,25,116,103,105,69,159,38,150,140,99,155,50,164,178,192,10,66,145,102,185,171,0,85,104,17,53,183,146,63,31,29,65,125,190,109,130,5,39,113,43,187,179,96,141,98,114,64,79,177,119,132,75,163,133,81,153,166,189,28,8,36,22,52,93,19,87,121,51];True
2578;6876;9454;[198,174,90,41,127,60,42,47,26,161,115,152,49,54,197,168,74,37,94,118,124,44,34,108,106,196,167,15,156,21,73,82,131,110,181,68,123,45,138,126,143,160,173,18,199,12,7,136,89,46,180,4,84,122,24,23,77,57,186,170,176,72,154,172,59,11,182,139,135,191,48,194,56,92,147,67,32,61,38,165,193,9,33,16,91,88,70,71,162,20,188,144,184,35,157,78,128,101,86,76,80,100,30,134,27,195,97,58,151,175,6,1,117,2,169,142,137,158,62,120,3,95,149,107,55,14,13,111,112,148,83,129,25,116,103,105,69,159,40,150,140,99,155,50,164,178,192,10,66,145,102,185,171,0,85,104,17,53,183,146,63,31,29,65,125,190,109,130,5,39,113,43,187,179,96,141,98,114,64,79,177,119,132,75,163,133,81,153,166,189,28,8,36,22,52,93,19,87,121,51];True
2657;6847;9504;[198,174,90,41,127,60,42,47,26,161,115,152,49,54,197,168,74,37,94,118,124,44,34,108,106,196,167,15,156,21,73,82,131,110,181,68,123,45,138,126,143,160,173,18,199,12,7,136,89,46,180,4,84,122,24,23,77,57,186,170,176,72,154,172,59,11,182,139,135,191,48,194,56,92,147,67,32,61,40,165,193,9,33,16,91,88,70,71,162,20,188,144,184,35,157,78,128,101,86,76,80,100,30,134,27,195,97,58,151,175,6,1,117,2,169,142,137,158,62,120,3,95,149,107,55,14,13,111,52,148,83,129,25,116,103,105,69,159,38,150,140,99,155,50,164,178,192,10,66,145,102,185,171,0,85,104,17,53,183,146,63,31,29,65,125,190,109,130,5,39,113,43,187,179,96,141,98,114,64,79,177,119,132,75,163,133,81,153,166,189,28,8,36,22,112,93,19,87,121,51];True
2556;6883;9439;[198,174,90,41,127,60,42,47,26,161,115,152,49,54,197,168,74,37,94,118,124,44,34,108,106,196,167,15,156,21,73,82,131,110,181,68,123,45,138,126,143,160,173,18,199,12,7,136,89,46,180,4,84,122,24,23,77,57,186,170,176,72,154,172,59,11,182,139,135,191,48,194,56,92,147,67,32,61,40,165,193,9,33,16,91,88,70,71,162,20,188,144,184,35,157,78,128,101,86,76,80,100,30,134,27,195,97,58,151,175,6,1,117,2,169,142,137,158,62,120,3,95,149,107,55,14,13,111,112,148,83,129,25,116,103,105,69,159,38,150,140,99,155,50,164,178,192,10,66,145,102,185,171,0,85,104,17,53,183,146,63,31,29,65,125,190,109,130,5,39,113,43,187,179,96,177,98,114,64,79,141,119,132,75,163,133,81,153,166,189,28,8,36,22,52,93,19,87,121,51];True
2651;6858;9509;[198,174,90,41,127,60,42,47,26,161,115,152,49,54,197,168,74,37,94,118,124,44,34,108,106,196,167,15,156,21,73,82,131,110,181,68,123,45,138,126,143,160,173,18,199,12,7,136,89,46,164,4,84,122,24,23,77,57,186,170,176,72,154,172,59,11,182,139,135,191,48,194,56,92,147,67,32,61,38,165,193,9,33,16,91,88,70,71,162,20,188,144,184,35,157,78,128,101,86,76,80,100,30,134,27,195,97,58,151,175,6,1,117,2,169,142,163,158,62,120,3,95,149,107,55,14,13,111,112,148,83,129,25,116,103,105,69,159,40,150,140,99,155,50,180,178,192,10,66,145,102,185,171,0,85,104,17,53,183,146,63,31,29,65,125,190,109,130,5,39,113,43,187,179,96,141,98,114,64,79,177,119,132,75,137,133,81,153,166,189,28,8,36,22,52,93,19,87,121,51];False
2720;6828;9548;[198,174,90,41,127,60,42,47,26,161,115,152,49,54,197,168,74,37,94,118,124,44,34,108,106,196,167,15,156,21,73,82,131,110,181,68,123,45,138,126,143,160,173,18,199,12,7,136,89,46,164,4,84,122,24,23,77,57,186,170,176,72,154,172,59,11,182,139,135,191,48,194,56,92,147,67,32,61,38,165,193,9,33,16,91,88,70,71,162,20,188,144,184,35,157,78,128,101,86,76,80,100,30,134,27,195,97,58,151,175,6,1,117,2,169,142,137,158,62,120,3,95,149,107,55,14,13,111,52,148,83,129,25,116,103,105,69,159,40,150,140,99,155,50,180,178,192,10,66,145,102,185,171,0,85,104,17,53,183,146,63,31,29,65,125,190,109,130,5,39,113,43,187,179,96,141,98,114,64,79,177,119,132,75,163,133,81,153,166,189,28,8,36,22,112,93,19,87,121,51];False
2619;6864;9483;[198,174,90,41,127,60,42,47,26,161,115,152,49,54,197,168,74,37,94,118,124,44,34,108,106,196,167,15,156,21,73,82,131,110,181,68,123,45,138,126,143,160,173,18,199,12,7,136,89,46,164,4,84,122,24,23,77,57,186,170,176,72,154,172,59,11,182,139,135,191,48,194,56,92,147,67,32,61,38,165,193,9,33,16,91,88,70,71,162,20,188,144,184,35,157,78,128,101,86,76,80,100,30,134,27,195,97,58,151,175,6,1,117,2,169,142,137,158,62,120,3,95,149,107,55,14,13,111,112,148,83,129,25,116,103,105,69,159,40,150,140,99,155,50,180,178,192,10,66,145,102,185,171,0,85,104,17,53,183,146,63,31,29,65,125,190,109,130,5,39,113,43,187,179,96,177,98,114,64,79,141,119,132,75,163,133,81,153,166,189,28,8,36,22,52,93,19,87,121,51];False
2698;6835;9533;[198,174,90,41,127,60,42,47,26,161,115,152,49,54,197,168,74,37,94,118,124,44,34,108,106,196,167,15,156,21,73,82,131,110,181,68,123,45,138,126,143,160,173,18,199,12,7,136,89,46,164,4,84,122,24,23,77,57,186,170,176,72,154,172,59,11,182,139,135,191,48,194,56,92,147,67,32,61,40,165,193,9,33,16,91,88,70,71,162,20,188,144,184,35,157,78,128,101,86,76,80,100,30,134,27,195,97,58,151,175,6,1,117,2,169,142,137,158,62,120,3,95,149,107,55,14,13,111,52,148,83,129,25,116,103,105,69,159,38,150,140,99,155,50,180,178,192,10,66,145,102,185,171,0,85,104,17,53,183,146,63,31,29,65,125,190,109,130,5,39,113,43,187,179,96,177,98,114,64,79,141,119,132,75,163,133,81,153,166,189,28,8,36,22,112,93,19,87,121,51];False
2494;6917;9411;[198,174,90,41,127,60,42,119,26,161,115,152,49,54,197,168,74,37,94,118,124,44,34,4,106,196,167,15,156,21,73,82,131,110,181,68,123,45,55,126,143,160,173,18,199,12,7,136,89,46,180,108,84,122,24,23,77,57,186,170,176,72,154,172,59,11,182,139,135,191,48,194,56,92,147,67,32,61,40,165,193,9,33,16,91,88,70,71,162,20,188,144,184,35,157,78,128,101,86,76,80,100,30,134,27,195,97,58,151,175,6,1,117,2,169,142,137,158,62,120,3,95,149,107,138,14,13,111,112,148,83,129,25,116,103,105,69,159,38,150,140,99,155,50,164,178,192,10,66,145,102,185,171,0,85,104,17,53,183,146,63,31,29,65,125,190,109,130,5,39,113,43,187,179,96,141,98,114,64,79,177,47,132,75,163,133,81,153,166,189,28,8,36,22,52,93,19,87,121,51];True
2490;6920;9410;[198,174,90,41,127,60,42,119,26,161,115,152,49,54,197,168,74,37,94,118,124,44,34,4,106,196,167,15,156,21,73,82,131,110,181,68,123,45,138,126,143,160,173,18,199,12,7,136,89,46,180,108,84,122,24,23,77,57,186,170,176,72,154,172,59,11,182,139,178,191,48,194,56,92,147,67,32,61,40,165,193,9,33,16,91,88,70,71,162,20,188,144,184,35,157,78,128,101,86,76,80,100,30,134,27,195,97,58,151,175,6,1,117,2,169,142,137,158,62,120,3,95,149,107,55,14,13,111,112,148,83,129,25,116,103,105,69,159,38,150,140,99,155,50,164,135,192,10,66,145,102,185,171,0,85,104,17,53,183,146,63,31,29,65,125,190,109,130,5,39,113,43,187,179,96,141,98,114,64,79,177,47,132,75,163,133,81,153,166,189,28,8,36,22,52,93,19,87,121,51];True
2455;6937;9392;[198,174,90,41,127,60,42,119,26,161,115,152,49,54,197,168,74,37,94,118,124,44,34,4,106,196,167,15,156,21,73,82,131,110,181,68,123,45,138,126,143,160,173,18,199,12,7,136,89,46,180,108,84,122,24,23,77,57,186,170,176,72,154,172,59,11,182,139,135,191,48,194,56,92,147,67,112,61,40,165,193,9,33,16,91,88,70,71,162,20,188,144,184,35,157,78,128,101,86,76,80,100,30,134,27,195,97,58,151,175,6,1,117,2,169,142,137,158,62,120,3,95,149,107,55,14,13,111,32,148,83,129,25,116,103,105,69,159,38,150,140,99,155,50,164,178,192,10,66,145,102,185,171,0,85,104,17,53,183,146,63,31,29,65,125,190,109,130,5,39,113,43,187,179,96,141,98,114,64,79,177,47,132,75,163,133,81,153,166,189,28,8,36,22,52,93,19,87,121,51];True
2485;6929;9414;[198,174,90,41,127,60,42,119,26,161,115,152,49,54,197,168,74,37,94,118,124,44,34,4,106,196,167,15,156,21,73,82,131,110,181,68,123,45,138,126,143,160,173,18,199,12,7,136,89,46,180,108,84,122,24,23,77,57,186,170,176,72,154,172,59,11,182,139,135,191,48,194,56,92,147,67,32,61,40,165,193,9,33,16,91,88,70,71,162,20,188,144,184,35,157,78,128,101,86,76,166,100,30,134,27,195,97,58,151,175,6,1,117,2,169,142,137,158,62,120,3,95,149,107,55,14,13,111,112,148,83,129,25,116,103,105,69,159,38,150,140,99,155,50,164,178,192,10,66,145,102,185,171,0,85,104,17,53,183,146,63,31,29,65,125,190,109,130,5,39,113,43,187,179,96,141,98,114,64,79,177,47,132,75,163,133,81,153,80,189,28,8,36,22,52,93,19,87,121,51];False
2450;6939;9389;[198,174,90,41,127,60,42,119,26,161,115,152,49,54,197,168,74,37,94,118,124,44,34,4,106,196,167,15,156,21,73,82,131,110,181,68,123,45,138,126,143,160,173,18,199,12,7,136,89,46,180,108,84,122,24,23,77,57,186,170,176,72,154,172,59,11,182,139,135,191,48,194,56,92,147,67,32,61,40,165,193,9,33,16,91,88,70,71,162,20,188,144,184,35,157,78,128,101,86,76,80,100,30,134,27,195,97,58,151,175,6,1,117,2,169,142,137,158,62,120,3,95,149,107,55,14,13,111,112,148,83,129,25,116,103,140,69,159,38,150,105,99,155,50,164,178,192,10,66,145,102,185,171,0,85,104,17,53,183,146,63,31,29,65,125,190,109,130,5,39,113,43,187,179,96,141,98,114,64,79,177,47,132,75,163,133,81,153,166,189,28,8,36,22,52,93,19,87,121,51];True
2483;6924;9407;[198,174,90,41,127,60,42,119,26,161,115,152,49,54,197,168,74,37,94,118,124,44,34,108,106,196,167,15,156,21,73,82,131,110,181,68,123,45,138,126,143,160,173,18,199,12,7,136,89,46,180,4,84,122,24,23,77,57,186,170,176,72,154,172,59,11,182,139,135,191,48,194,56,92,147,67,112,61,38,165,193,9,33,16,91,88,70,71,162,20,188,144,184,35,157,78,128,101,86,76,80,100,30,134,27,195,97,58,151,175,6,1,117,2,169,142,137,158,62,120,3,95,149,107,55,14,13,111,32,148,83,129,25,116,103,105,69,159,40,150,140,99,155,50,164,178,192,10,66,145,102,185,171,0,85,104,17,53,183,146,63,31,29,65,125,190,109,130,5,39,113,43,187,179,96,141,98,114,64,79,177,47,132,75,163,133,81,153,166,189,28,8,36,22,52,93,19,87,121,51];True
2543;6892;9435;[198,174,90,41,127,60,42,119,26,161,115,152,49,54,197,168,74,37,94,118,124,44,34,108,106,196,167,15,156,21,73,82,131,110,181,68,123,45,138,126,143,160,173,18,199,12,7,136,89,46,180,4,84,122,24,23,77,57,186,170,176,72,154,172,59,11,182,139,135,191,48,194,56,92,147,67,32,61,19,165,193,9,33,16,91,88,70,71,162,20,188,144,184,35,157,78,128,101,86,76,80,100,30,134,27,195,97,58,151,175,6,1,117,2,169,142,137,158,62,120,3,95,149,107,55,14,13,111,112,148,83,129,25,116,103,105,69,159,40,150,140,99,155,50,164,178,192,10,66,145,102,185,171,0,85,104,17,53,183,146,63,31,29,65,125,190,109,130,5,39,113,43,187,179,96,141,98,114,64,79,177,47,132,75,163,133,81,153,166,189,28,8,36,22,52,93,38,87,121,51];False
2549;6890;9439;[198,174,90,41,127,60,42,119,26,161,115,152,49,54,197,168,74,37,94,118,124,44,34,108,106,196,167,15,156,21,73,82,131,110,181,68,123,45,138,126,143,160,173,18,199,12,7,136,89,46,180,4,84,122,24,23,77,57,186,170,176,72,154,172,59,11,182,139,135,191,48,194,56,92,147,67,32,61,38,165,193,9,33,16,91,88,70,71,162,20,188,144,184,35,157,78,128,101,86,76,80,100,30,134,27,195,97,58,151,175,6,1,117,2,169,142,163,158,62,120,3,95,149,107,55,14,13,111,112,148,83,129,25,116,103,105,69,159,40,150,140,99,155,50,164,178,192,10,66,145,102,185,171,0,85,104,17,53,183,146,63,31,29,65,125,190,109,130,5,39,113,43,187,179,96,141,98,114,64,79,177,47,132,75,137,133,81,153,166,189,28,8,36,22,52,93,19,87,121,51];False
2618;6860;9478;[198,174,90,41,127,60,42,119,26,161,115,152,49,54,197,168,74,37,94,118,124,44,34,108,106,196,167,15,156,21,73,82,131,110,181,68,123,45,138,126,143,160,173,18,199,12,7,136,89,46,180,4,84,122,24,23,77,57,186,170,176,72,154,172,59,11,182,139,135,191,48,194,56,92,147,67,32,61,38,165,193,9,33,16,91,88,70,71,162,20,188,144,184,35,157,78,128,101,86,76,80,100,30,134,27,195,97,58,151,175,6,1,117,2,169,142,137,158,62,120,3,95,149,107,55,14,13,111,52,148,83,129,25,116,103,105,69,159,40,150,140,99,155,50,164,178,192,10,66,145,102,185,171,0,85,104,17,53,183,146,63,31,29,65,125,190,109,130,5,39,113,43,187,179,96,141,98,114,64,79,177,47,132,75,163,133,81,153,166,189,28,8,36,22,112,93,19,87,121,51];True
2478;6926;9404;[198,174,90,41,127,60,42,119,26,161,115,152,49,54,197,168,74,37,94,118,124,44,34,108,106,196,167,15,156,21,73,82,131,110,181,68,123,45,138,126,143,160,173,18,199,12,7,136,89,46,180,4,84,122,24,23,77,57,186,170,176,72,154,172,59,11,182,139,135,191,48,194,56,92,147,67,32,61,38,165,193,9,33,16,91,88,70,71,162,20,188,144,184,35,157,78,128,101,86,76,80,100,30,134,27,195,97,58,151,175,6,1,117,2,169,142,137,158,62,120,3,95,149,107,55,14,13,111,112,148,83,129,25,116,103,140,69,159,40,150,105,99,155,50,164,178,192,10,66,145,102,185,171,0,85,104,17,53,183,146,63,31,29,65,125,190,109,130,5,39,113,43,187,179,96,141,98,114,64,79,177,47,132,75,163,133,81,153,166,189,28,8,36,22,52,93,19,87,121,51];True
2644;6856;9500;[198,174,90,41,127,60,42,119,26,161,115,152,49,54,197,168,74,37,94,118,124,44,34,108,106,196,167,15,156,21,73,82,131,110,181,68,123,45,138,126,143,160,173,18,199,12,7,136,89,46,180,4,84,122,24,23,77,57,186,170,176,72,154,172,59,11,182,139,135,191,48,194,56,92,147,67,32,61,19,165,193,9,33,16,91,88,70,71,162,20,188,144,184,35,157,78,128,101,86,76,80,100,30,134,27,195,97,58,151,175,6,1,117,2,169,142,137,158,62,120,3,95,149,107,55,14,13,111,52,148,83,129,25,116,103,105,69,159,38,150,140,99,155,50,164,178,192,10,66,145,102,185,171,0,85,104,17,53,183,146,63,31,29,65,125,190,109,130,5,39,113,43,187,179,96,141,98,114,64,79,177,47,132,75,163,133,81,153,166,189,28,8,36,22,112,93,40,87,121,51];False
2639;6857;9496;[198,174,90,41,127,60,42,119,26,161,115,152,49,54,197,168,74,37,94,118,124,44,34,108,106,196,167,15,156,21,73,82,131,110,181,68,123,45,138,126,143,160,173,18,199,12,7,136,89,46,180,4,84,122,24,23,77,57,186,170,176,72,154,172,59,11,182,139,135,191,48,194,56,92,147,67,32,61,40,165,193,9,33,16,91,88,70,71,162,20,188,144,184,35,157,78,128,101,86,76,80,100,30,134,27,2,97,58,151,175,6,1,117,195,169,142,137,158,62,120,3,95,149,107,55,14,13,111,52,148,83,129,25,116,103,105,69,159,38,150,140,99,155,50,164,178,192,10,66,145,102,185,171,0,85,104,17,53,183,146,63,31,29,65,125,190,109,130,5,39,113,43,187,179,96,141,98,114,64,79,177,47,132,75,163,133,81,153,166,189,28,8,36,22,112,93,19,87,121,51];False
2576;6879;9455;[198,174,90,41,127,60,177,47,26,161,115,152,49,54,197,168,74,37,94,118,124,44,34,4,106,196,167,15,156,21,73,82,131,110,181,68,123,45,138,126,143,160,173,18,199,12,7,136,89,46,180,108,84,122,24,23,77,57,186,170,176,72,154,172,59,11,182,139,135,191,48,194,56,92,147,67,32,61,40,165,193,9,33,16,91,88,70,71,162,20,188,144,184,35,157,78,128,101,86,76,80,100,30,134,27,195,97,58,151,175,6,1,117,2,169,142,137,158,62,120,3,95,149,107,55,14,13,111,112,148,83,129,25,116,103,105,69,159,38,150,140,99,155,50,164,178,192,10,66,145,102,185,171,0,85,104,17,53,183,146,63,31,29,65,125,190,109,130,5,39,113,43,187,179,96,141,98,114,64,79,42,119,132,75,163,133,81,153,166,189,28,8,36,22,52,93,19,87,121,51];False
2683;6837;9520;[198,174,90,41,127,60,177,47,26,161,115,152,49,54,197,168,74,37,94,118,124,44,34,108,106,196,167,15,156,21,73,82,131,110,181,68,123,45,138,126,143,160,173,18,199,12,7,136,89,46,180,4,84,122,24,23,77,57,186,170,176,72,154,172,59,11,182,139,135,191,48,194,56,92,147,67,32,61,40,165,193,9,33,16,91,88,70,71,162,20,188,144,184,35,157,78,128,101,86,76,80,100,30,134,27,195,97,58,151,175,6,1,117,2,169,142,137,158,62,120,3,95,149,107,55,14,13,111,52,148,83,129,25,116,103,105,69,159,38,150,140,99,155,50,164,178,192,10,66,145,102,185,171,0,85,104,17,53,183,146,63,31,29,65,125,190,109,130,5,39,113,43,187,179,96,141,98,114,64,79,42,119,132,75,163,133,81,153,166,189,28,8,36,22,112,93,19,87,121,51];True
2643;6854;9497;[198,174,90,41,127,60,42,47,26,161,115,152,49,54,197,168,74,37,94,118,124,44,34,4,106,196,167,15,156,21,73,82,131,110,181,68,123,45,138,126,143,160,173,18,199,12,7,136,89,46,180,108,84,122,24,23,77,57,186,170,176,72,154,172,59,11,182,139,135,191,48,194,56,92,147,67,32,61,40,165,193,9,33,16,91,88,70,71,162,20,188,144,184,35,157,78,128,101,86,76,80,100,30,134,27,195,97,58,151,175,6,1,117,2,169,142,137,158,62,120,3,95,149,107,55,14,13,111,52,148,83,129,25,116,103,105,69,159,38,150,140,99,155,50,164,178,192,10,66,145,102,185,171,0,85,104,17,53,183,146,63,31,29,65,125,190,109,130,5,39,113,43,187,179,96,141,98,114,64,79,177,119,132,75,163,133,81,153,166,189,28,8,36,22,112,93,19,87,121,51];True
2542;6890;9432;[198,174,90,41,127,60,42,47,26,161,115,152,49,54,197,168,74,37,94,118,124,44,34,4,106,196,167,15,156,21,73,82,131,110,181,68,123,45,138,126,143,160,173,18,199,12,7,136,89,46,180,108,84,122,24,23,77,57,186,170,176,72,154,172,59,11,182,139,135,191,48,194,56,92,147,67,32,61,40,165,193,9,33,16,91,88,70,71,162,20,188,144,184,35,157,78,128,101,86,76,80,100,30,134,27,195,97,58,151,175,6,1,117,2,169,142,137,158,62,120,3,95,149,107,55,14,13,111,112,148,83,129,25,116,103,105,69,159,38,150,140,99,155,50,164,178,192,10,66,145,102,185,171,0,85,104,17,53,183,146,63,31,29,65,125,190,109,130,5,39,113,43,187,179,96,177,98,114,64,79,141,119,132,75,163,133,81,153,166,189,28,8,36,22,52,93,19,87,121,51];True
2602;6871;9473;[198,174,90,41,127,60,42,47,26,161,115,152,49,54,197,168,74,37,94,118,124,44,34,108,106,196,167,15,156,21,73,82,131,110,181,68,123,45,138,126,143,160,173,18,199,12,7,136,89,46,180,4,84,122,24,23,77,57,186,170,176,72,154,172,59,11,182,139,135,191,48,194,56,92,147,67,32,61,38,165,193,9,33,16,91,88,70,71,162,20,188,144,184,35,157,78,128,101,86,76,80,100,30,134,27,195,97,58,151,175,6,1,117,2,169,142,163,158,62,120,3,95,149,107,55,14,13,111,112,148,83,129,25,116,103,105,69,159,40,150,140,99,155,50,164,178,192,10,66,145,102,185,171,0,85,104,17,53,183,146,63,31,29,65,125,190,109,130,5,39,113,43,187,179,96,141,98,114,64,79,177,119,132,75,137,133,81,153,166,189,28,8,36,22,52,93,19,87,121,51];True
2671;6841;9512;[198,174,90,41,127,60,42,47,26,161,115,152,49,54,197,168,74,37,94,118,124,44,34,108,106,196,167,15,156,21,73,82,131,110,181,68,123,45,138,126,143,160,173,18,199,12,7,136,89,46,180,4,84,122,24,23,77,57,186,170,176,72,154,172,59,11,182,139,135,191,48,194,56,92,147,67,32,61,38,165,193,9,33,16,91,88,70,71,162,20,188,144,184,35,157,78,128,101,86,76,80,100,30,134,27,195,97,58,151,175,6,1,117,2,169,142,137,158,62,120,3,95,149,107,55,14,13,111,52,148,83,129,25,116,103,105,69,159,40,150,140,99,155,50,164,178,192,10,66,145,102,185,171,0,85,104,17,53,183,146,63,31,29,65,125,190,109,130,5,39,113,43,187,179,96,141,98,114,64,79,177,119,132,75,163,133,81,153,166,189,28,8,36,22,112,93,19,87,121,51];True
2570;6877;9447;[198,174,90,41,127,60,42,47,26,161,115,152,49,54,197,168,74,37,94,118,124,44,34,108,106,196,167,15,156,21,73,82,131,110,181,68,123,45,138,126,143,160,173,18,199,12,7,136,89,46,180,4,84,122,24,23,77,57,186,170,176,72,154,172,59,11,182,139,135,191,48,194,56,92,147,67,32,61,38,165,193,9,33,16,91,88,70,71,162,20,188,144,184,35,157,78,128,101,86,76,80,100,30,134,27,195,97,58,151,175,6,1,117,2,169,142,137,158,62,120,3,95,149,107,55,14,13,111,112,148,83,129,25,116,103,105,69,159,40,150,140,99,155,50,164,178,192,10,66,145,102,185,171,0,85,104,17,53,183,146,63,31,29,65,125,190,109,130,5,39,113,43,187,179,96,177,98,114,64,79,141,119,132,75,163,133,81,153,166,189,28,8,36,22,52,93,19,87,121,51];True
2649;6848;9497;[198,174,90,41,127,60,42,47,26,161,115,152,49,54,197,168,74,37,94,118,124,44,34,108,106,196,167,15,156,21,73,82,131,110,181,68,123,45,138,126,143,160,173,18,199,12,7,136,89,46,180,4,84,122,24,23,77,57,186,170,176,72,154,172,59,11,182,139,135,191,48,194,56,92,147,67,32,61,40,165,193,9,33,16,91,88,70,71,162,20,188,144,184,35,157,78,128,101,86,76,80,100,30,134,27,195,97,58,151,175,6,1,117,2,169,142,137,158,62,120,3,95,149,107,55,14,13,111,52,148,83,129,25,116,103,105,69,159,38,150,140,99,155,50,164,178,192,10,66,145,102,185,171,0,85,104,17,53,183,146,63,31,29,65,125,190,109,130,5,39,113,43,187,179,96,177,98,114,64,79,141,119,132,75,163,133,81,153,166,189,28,8,36,22,112,93,19,87,121,51];True
2746;6818;9564;[198,174,90,41,127,60,177,47,26,161,115,152,49,54,197,168,74,37,94,118,124,44,34,108,106,196,167,15,156,21,73,82,131,110,181,68,123,45,138,126,143,160,173,18,199,12,7,136,89,46,164,4,84,122,24,23,77,57,186,170,176,72,154,172,59,11,182,139,135,191,48,194,56,92,147,67,32,61,38,165,193,9,33,16,91,88,70,71,162,20,188,144,184,35,157,78,128,101,86,76,80,100,30,134,27,195,97,58,151,175,6,1,117,2,169,142,137,158,62,120,3,95,149,107,55,14,13,111,52,148,83,129,25,116,103,105,69,159,40,150,140,99,155,50,180,178,192,10,66,145,102,185,171,0,85,104,17,53,183,146,63,31,29,65,125,190,109,130,5,39,113,43,187,179,96,141,98,114,64,79,42,119,132,75,163,133,81,153,166,189,28,8,36,22,112,93,19,87,121,51];True
2712;6829;9541;[198,174,90,41,127,60,42,47,26,161,115,152,49,54,197,168,74,37,94,118,124,44,34,108,106,196,167,15,156,21,73,82,131,110,181,68,123,45,138,126,143,160,173,18,199,12,7,136,89,46,164,4,84,122,24,23,77,57,186,170,176,72,154,172,59,11,182,139,135,191,48,194,56,92,147,67,32,61,38,165,193,9,33,16,91,88,70,71,162,20,188,144,184,35,157,78,128,101,86,76,80,100,30,134,27,195,97,58,151,175,6,1,117,2,169,142,137,158,62,120,3,95,149,107,55,14,13,111,52,148,83,129,25,116,103,105,69,159,40,150,140,99,155,50,180,178,192,10,66,145,102,185,171,0,85,104,17,53,183,146,63,31,29,65,125,190,109,130,5,39,113,43,187,179,96,177,98,114,64,79,141,119,132,75,163,133,81,153,166,189,28,8,36,22,112,93,19,87,121,51];True
2636;6857;9493;[198,174,90,41,127,60,42,119,26,161,115,152,49,54,197,168,74,37,94,118,124,44,34,108,106,196,167,15,156,21,73,82,131,110,181,68,123,45,138,126,143,160,173,18,199,12,7,136,89,46,180,4,84,122,24,23,77,57,186,170,176,72,154,172,59,11,182,139,135,191,48,194,56,92,147,67,32,61,19,165,193,9,33,16,91,88,70,71,162,20,188,144,184,35,157,78,128,101,86,76,80,100,30,134,27,195,97,58,151,175,6,1,117,2,169,142,137,158,62,120,3,95,149,107,55,14,13,111,52,148,83,129,25,116,103,105,69,159,40,150,140,99,155,50,164,178,192,10,66,145,102,185,171,0,85,104,17,53,183,146,63,31,29,65,125,190,109,130,5,39,113,43,187,179,96,141,98,114,64,79,177,47,132,75,163,133,81,153,166,189,28,8,36,22,112,93,38,87,121,51];False
2642;6855;9497;[198,174,90,41,127,60,42,119,26,161,115,152,49,54,197,168,74,37,94,118,124,44,34,108,106,196,167,15,156,21,73,82,131,110,181,68,123,45,138,126,143,160,173,18,199,12,7,136,89,46,180,4,84,122,24,23,77,57,186,170,176,72,154,172,59,11,182,139,135,191,48,194,56,92,147,67,32,61,38,165,193,9,33,16,91,88,70,71,162,20,188,144,184,35,157,78,128,101,86,76,80,100,30,134,27,195,97,58,151,175,6,1,117,2,169,142,163,158,62,120,3,95,149,107,55,14,13,111,52,148,83,129,25,116,103,105,69,159,40,150,140,99,155,50,164,178,192,10,66,145,102,185,171,0,85,104,17,53,183,146,63,31,29,65,125,190,109,130,5,39,113,43,187,179,96,141,98,114,64,79,177,47,132,75,137,133,81,153,166,189,28,8,36,22,112,93,19,87,121,51];False
2669;6844;9513;[198,174,90,41,127,60,177,47,26,161,115,152,49,54,197,168,74,37,94,118,124,44,34,4,106,196,167,15,156,21,73,82,131,110,181,68,123,45,138,126,143,160,173,18,199,12,7,136,89,46,180,108,84,122,24,23,77,57,186,170,176,72,154,172,59,11,182,139,135,191,48,194,56,92,147,67,32,61,40,165,193,9,33,16,91,88,70,71,162,20,188,144,184,35,157,78,128,101,86,76,80,100,30,134,27,195,97,58,151,175,6,1,117,2,169,142,137,158,62,120,3,95,149,107,55,14,13,111,52,148,83,129,25,116,103,105,69,159,38,150,140,99,155,50,164,178,192,10,66,145,102,185,171,0,85,104,17,53,183,146,63,31,29,65,125,190,109,130,5,39,113,43,187,179,96,141,98,114,64,79,42,119,132,75,163,133,81,153,166,189,28,8,36,22,112,93,19,87,121,51];False
2697;6831;9528;[198,174,90,41,127,60,177,47,26,161,115,152,49,54,197,168,74,37,94,118,124,44,34,108,106,196,167,15,156,21,73,82,131,110,181,68,123,45,138,126,143,160,173,18,199,12,7,136,89,46,180,4,84,122,24,23,77,57,186,170,176,72,154,172,59,11,182,139,135,191,48,194,56,92,147,67,32,61,38,165,193,9,33,16,91,88,70,71,162,20,188,144,184,35,157,78,128,101,86,76,80,100,30,134,27,195,97,58,151,175,6,1,117,2,169,142,137,158,62,120,3,95,149,107,55,14,13,111,52,148,83,129,25,116,103,105,69,159,40,150,140,99,155,50,164,178,192,10,66,145,102,185,171,0,85,104,17,53,183,146,63,31,29,65,125,190,109,130,5,39,113,43,187,179,96,141,98,114,64,79,42,119,132,75,163,133,81,153,166,189,28,8,36,22,112,93,19,87,121,51];True
2718;6828;9546;[198,174,90,41,127,60,177,47,26,161,115,152,49,54,197,168,74,37,94,118,124,44,34,108,106,196,167,15,156,21,73,82,131,110,181,68,123,45,138,126,143,160,173,18,199,12,7,136,89,46,180,4,84,122,24,23,77,57,186,170,176,72,154,172,59,11,182,139,135,191,48,194,56,92,147,67,32,61,40,165,193,9,33,16,91,88,70,71,162,20,188,144,184,35,157,78,128,101,86,76,80,100,30,134,27,2,97,58,151,175,6,1,117,195,169,142,137,158,62,120,3,95,149,107,55,14,13,111,52,148,83,129,25,116,103,105,69,159,38,150,140,99,155,50,164,178,192,10,66,145,102,185,171,0,85,104,17,53,183,146,63,31,29,65,125,190,109,130,5,39,113,43,187,179,96,141,98,114,64,79,42,119,132,75,163,133,81,153,166,189,28,8,36,22,112,93,19,87,121,51];False
2737;6823;9560;[198,174,90,41,127,60,177,47,26,161,115,152,49,54,197,168,74,37,94,118,124,44,34,108,106,196,167,15,156,21,73,82,131,110,181,68,123,45,138,126,143,160,173,18,199,12,7,136,89,46,180,4,84,122,24,23,77,57,186,170,176,72,154,172,59,11,182,139,135,191,48,194,56,92,147,67,32,61,40,165,193,9,33,16,91,88,70,71,162,20,188,144,184,35,157,78,128,101,86,76,80,100,30,134,27,195,97,58,151,175,6,1,117,2,169,142,137,158,62,120,3,95,149,107,55,14,13,111,52,148,83,129,25,116,103,105,69,159,38,150,140,99,155,50,164,178,192,109,66,145,102,185,171,0,85,104,17,53,183,146,63,31,29,65,125,190,10,130,5,39,113,43,187,179,96,141,98,114,64,79,42,119,132,75,163,133,81,153,166,189,28,8,36,22,112,93,19,87,121,51];False
2635;6855;9490;[198,174,90,41,127,60,42,47,26,161,115,152,49,54,197,168,74,37,94,118,124,44,34,4,106,196,167,15,156,21,73,82,131,110,181,68,123,45,138,126,143,160,173,18,199,12,7,136,89,46,180,108,84,122,24,23,77,57,186,170,176,72,154,172,59,11,182,139,135,191,48,194,56,92,147,67,32,61,40,165,193,9,33,16,91,88,70,71,162,20,188,144,184,35,157,78,128,101,86,76,80,100,30,134,27,195,97,58,151,175,6,1,117,2,169,142,137,158,62,120,3,95,149,107,55,14,13,111,52,148,83,129,25,116,103,105,69,159,38,150,140,99,155,50,164,178,192,10,66,145,102,185,171,0,85,104,17,53,183,146,63,31,29,65,125,190,109,130,5,39,113,43,187,179,96,177,98,114,64,79,141,119,132,75,163,133,81,153,166,189,28,8,36,22,112,93,19,87,121,51];True
2695;6836;9531;[198,174,90,41,127,60,42,47,26,161,115,152,49,54,197,168,74,37,94,118,124,44,34,108,106,196,167,15,156,21,73,82,131,110,181,68,123,45,138,126,143,160,173,18,199,12,7,136,89,46,180,4,84,122,24,23,77,57,186,170,176,72,154,172,59,11,182,139,135,191,48,194,56,92,147,67,32,61,38,165,193,9,33,16,91,88,70,71,162,20,188,144,184,35,157,78,128,101,86,76,80,100,30,134,27,195,97,58,151,175,6,1,117,2,169,142,163,158,62,120,3,95,149,107,55,14,13,111,52,148,83,129,25,116,103,105,69,159,40,150,140,99,155,50,164,178,192,10,66,145,102,185,171,0,85,104,17,53,183,146,63,31,29,65,125,190,109,130,5,39,113,43,187,179,96,141,98,114,64,79,177,119,132,75,137,133,81,153,166,189,28,8,36,22,112,93,19,87,121,51];True
2663;6842;9505;[198,174,90,41,127,60,42,47,26,161,115,152,49,54,197,168,74,37,94,118,124,44,34,108,106,196,167,15,156,21,73,82,131,110,181,68,123,45,138,126,143,160,173,18,199,12,7,136,89,46,180,4,84,122,24,23,77,57,186,170,176,72,154,172,59,11,182,139,135,191,48,194,56,92,147,67,32,61,38,165,193,9,33,16,91,88,70,71,162,20,188,144,184,35,157,78,128,101,86,76,80,100,30,134,27,195,97,58,151,175,6,1,117,2,169,142,137,158,62,120,3,95,149,107,55,14,13,111,52,148,83,129,25,116,103,105,69,159,40,150,140,99,155,50,164,178,192,10,66,145,102,185,171,0,85,104,17,53,183,146,63,31,29,65,125,190,109,130,5,39,113,43,187,179,96,177,98,114,64,79,141,119,132,75,163,133,81,153,166,189,28,8,36,22,112,93,19,87,121,51];True
2588;6874;9462;[198,174,90,41,127,60,42,47,26,161,115,152,49,54,197,168,74,37,94,118,124,44,34,108,106,196,167,15,156,21,73,82,131,110,181,68,123,45,138,126,143,160,173,18,199,12,7,136,89,46,180,4,84,122,24,23,77,57,186,170,176,72,154,172,59,11,182,139,135,191,48,194,56,92,147,67,32,61,19,165,193,9,33,16,91,88,70,71,162,20,188,144,184,35,157,78,128,101,86,76,80,100,30,134,27,195,97,58,151,175,6,1,117,2,169,142,137,158,62,120,3,95,149,107,55,14,13,111,112,148,83,129,25,116,103,105,69,159,40,150,140,99,155,50,164,178,192,10,66,145,102,185,171,0,85,104,17,53,183,146,63,31,29,65,125,190,109,130,5,39,113,43,187,179,96,177,98,114,64,79,141,119,132,75,163,133,81,153,166,189,28,8,36,22,52,93,38,87,121,51];True
2715;6828;9543;[198,174,90,41,127,60,177,47,26,161,115,152,49,54,197,168,74,37,94,118,124,44,34,108,106,196,167,15,156,21,73,82,131,110,181,68,123,45,138,126,143,160,173,18,199,12,7,136,89,46,180,4,84,122,24,23,77,57,186,170,176,72,154,172,59,11,182,139,135,191,48,194,56,92,147,67,32,61,19,165,193,9,33,16,91,88,70,71,162,20,188,144,184,35,157,78,128,101,86,76,80,100,30,134,27,195,97,58,151,175,6,1,117,2,169,142,137,158,62,120,3,95,149,107,55,14,13,111,52,148,83,129,25,116,103,105,69,159,40,150,140,99,155,50,164,178,192,10,66,145,102,185,171,0,85,104,17,53,183,146,63,31,29,65,125,190,109,130,5,39,113,43,187,179,96,141,98,114,64,79,42,119,132,75,163,133,81,153,166,189,28,8,36,22,112,93,38,87,121,51];True
2732;6822;9554;[198,174,90,41,127,60,177,47,26,161,115,152,49,54,197,168,74,37,94,118,124,44,34,108,106,196,167,15,156,21,73,82,131,110,181,68,123,45,138,126,143,160,173,18,199,12,7,136,89,46,180,4,84,122,24,23,77,57,186,170,176,72,154,172,59,11,182,139,135,191,48,194,56,92,147,67,32,61,38,165,193,9,33,16,91,88,70,71,162,20,188,144,184,35,157,78,128,101,86,76,80,100,30,134,27,2,97,58,151,175,6,1,117,195,169,142,137,158,62,120,3,95,149,107,55,14,13,111,52,148,83,129,25,116,103,105,69,159,40,150,140,99,155,50,164,178,192,10,66,145,102,185,171,0,85,104,17,53,183,146,63,31,29,65,125,190,109,130,5,39,113,43,187,179,96,141,98,114,64,79,42,119,132,75,163,133,81,153,166,189,28,8,36,22,112,93,19,87,121,51];True
2751;6817;9568;[198,174,90,41,127,60,177,47,26,161,115,152,49,54,197,168,74,37,94,118,124,44,34,108,106,196,167,15,156,21,73,82,131,110,181,68,123,45,138,126,143,160,173,18,199,12,7,136,89,46,180,4,84,122,24,23,77,57,186,170,176,72,154,172,59,11,182,139,135,191,48,194,56,92,147,67,32,61,38,165,193,9,33,16,91,88,70,71,162,20,188,144,184,35,157,78,128,101,86,76,80,100,30,134,27,195,97,58,151,175,6,1,117,2,169,142,137,158,62,120,3,95,149,107,55,14,13,111,52,148,83,129,25,116,103,105,69,159,40,150,140,99,155,50,164,178,192,109,66,145,102,185,171,0,85,104,17,53,183,146,63,31,29,65,125,190,10,130,5,39,113,43,187,179,96,141,98,114,64,79,42,119,132,75,163,133,81,153,166,189,28,8,36,22,112,93,19,87,121,51];True
2681;6839;9520;[198,174,90,41,127,60,42,47,26,161,115,152,49,54,197,168,74,37,94,118,124,44,34,108,106,196,167,15,156,21,73,82,131,110,181,68,123,45,138,126,143,160,173,18,199,12,7,136,89,46,180,4,84,122,24,23,77,57,186,170,176,72,154,172,59,11,182,139,135,191,48,194,56,92,147,67,32,61,19,165,193,9,33,16,91,88,70,71,162,20,188,144,184,35,157,78,128,101,86,76,80,100,30,134,27,195,97,58,151,175,6,1,117,2,169,142,137,158,62,120,3,95,149,107,55,14,13,111,52,148,83,129,25,116,103,105,69,159,40,150,140,99,155,50,164,178,192,10,66,145,102,185,171,0,85,104,17,53,183,146,63,31,29,65,125,190,109,130,5,39,113,43,187,179,96,177,98,114,64,79,141,119,132,75,163,133,81,153,166,189,28,8,36,22,112,93,38,87,121,51];True
1722;7313;9035;[34,6,129,70,19,87,121,178,127,132,130,84,77,112,93,147,66,157,103,105,74,188,144,9,142,117,167,61,45,65,41,49,78,128,42,57,197,168,145,126,143,160,91,1,33,124,180,196,36,46,140,92,82,23,189,81,0,85,22,26,176,193,109,20,170,166,38,139,63,118,48,194,182,198,174,184,35,67,32,72,163,25,51,50,190,10,165,113,156,71,44,138,37,94,173,18,131,119,11,59,80,100,30,134,148,195,97,58,158,43,7,101,181,68,123,90,149,60,54,151,110,187,39,107,55,14,13,172,12,89,75,125,15,135,53,183,69,159,164,4,28,155,73,99,106,136,115,152,2,161,102,86,133,76,122,116,17,8,16,56,21,108,192,40,104,31,29,154,52,179,27,185,111,96,171,141,98,114,64,79,177,47,88,5,186,199,83,153,150,24,95,137,175,62,120,3,169,191,162,146];False
1714;7312;9026;[34,4,168,70,19,87,121,178,127,132,130,84,77,112,93,147,66,157,103,105,74,188,144,9,142,117,167,61,45,65,41,49,78,128,42,57,197,125,145,126,143,160,91,1,33,124,180,196,36,46,140,92,82,23,189,81,0,85,22,26,176,193,109,20,170,166,38,139,63,118,48,194,182,198,174,184,35,67,32,72,163,25,51,50,190,10,165,113,156,71,44,138,37,94,173,18,131,119,11,59,80,100,30,134,148,195,97,58,158,43,7,101,181,68,123,6,149,60,54,151,110,187,39,107,55,14,13,172,12,89,75,129,15,135,53,183,69,159,164,90,28,155,73,99,106,136,115,152,2,161,102,86,133,76,122,116,17,8,16,56,21,108,192,40,104,31,29,154,52,179,27,185,111,96,171,141,98,114,64,79,177,47,88,5,186,199,83,153,150,24,95,137,175,62,120,3,169,191,162,146];True
1630;7374;9004;[34,4,129,70,19,87,121,178,127,7,130,84,77,112,93,147,66,157,103,105,74,188,144,9,142,117,167,61,45,65,41,49,78,128,42,57,197,168,145,126,143,160,91,1,33,124,180,196,36,46,140,92,82,23,189,81,0,85,22,26,176,193,109,20,170,166,38,139,63,118,48,194,182,198,174,184,35,67,32,72,163,25,51,50,190,10,165,113,156,71,44,138,37,94,173,18,131,119,11,59,80,100,30,134,148,195,97,58,158,43,115,101,181,68,123,6,149,60,54,151,110,187,39,107,55,14,13,172,12,89,75,125,15,135,53,183,69,159,164,90,28,155,73,99,106,136,132,152,2,161,102,86,133,76,122,116,17,8,16,56,21,108,192,40,104,31,29,154,52,179,27,185,111,96,171,141,98,114,64,79,177,47,88,5,186,199,83,153,150,24,95,137,175,62,120,3,169,191,162,146];True
1625;7396;9021;[34,4,129,70,19,87,121,178,127,132,130,84,77,112,93,147,66,157,103,105,74,188,144,9,7,117,167,61,45,65,41,49,78,128,42,57,197,168,145,126,143,160,91,1,33,124,180,196,36,46,140,92,82,23,189,81,0,85,22,26,176,193,109,20,170,166,38,139,63,118,48,194,182,198,174,184,35,67,32,72,163,25,51,50,190,10,165,113,156,71,44,138,37,94,173,18,131,119,11,59,80,100,30,134,148,195,97,58,158,43,175,101,181,68,123,6,149,60,54,151,110,187,39,107,55,14,13,172,12,89,75,125,15,135,53,183,69,159,164,90,28,155,73,99,106,136,115,152,2,161,102,86,133,76,122,116,17,8,16,56,21,108,192,40,104,31,29,154,52,179,27,185,111,96,171,141,98,114,64,79,177,47,88,5,186,199,83,153,150,24,95,137,142,62,120,3,169,191,162,146];False
1648;7360;9008;[34,4,129,70,19,87,121,178,127,132,130,84,77,112,93,147,66,157,103,105,74,188,144,9,142,117,57,61,45,65,41,49,78,128,42,101,197,168,145,126,143,160,91,1,33,124,180,196,36,46,140,92,82,23,189,81,0,85,22,26,176,193,109,20,170,166,38,139,63,118,48,194,182,198,174,184,35,67,32,72,163,25,51,50,190,10,165,113,156,71,44,138,37,94,173,18,131,119,11,59,80,100,30,134,148,195,97,58,158,43,7,167,181,68,123,6,149,60,54,151,110,187,39,107,55,14,13,172,12,89,75,125,15,135,53,183,69,159,164,90,28,155,73,99,106,136,115,152,2,161,102,86,133,76,122,116,17,8,16,56,21,108,192,40,104,31,29,154,52,179,27,185,111,96,171,141,98,114,64,79,177,47,88,5,186,199,83,153,150,24,95,137,175,62,120,3,169,191,162,146];False
1676;7333;9009;[34,4,129,70,19,87,121,178,127,132,130,84,77,112,93,147,66,157,103,105,74,188,144,9,142,117,167,61,45,65,41,49,78,128,42,57,197,168,145,126,143,160,91,1,33,124,180,196,36,46,140,92,82,23,189,7,0,85,22,26,176,193,109,20,170,166,38,139,63,118,48,194,182,198,174,184,35,67,32,72,163,25,51,50,190,10,165,113,156,71,44,138,37,94,173,18,131,119,11,59,80,100,30,134,148,195,97,58,158,43,187,101,181,68,123,6,149,60,54,151,110,81,39,107,55,14,13,172,12,89,75,125,15,135,53,183,69,159,164,90,28,155,73,99,106,136,115,152,2,161,102,86,133,76,122,116,17,8,16,56,21,108,192,40,104,31,29,154,52,179,27,185,111,96,171,141,98,114,64,79,177,47,88,5,186,199,83,153,150,24,95,137,175,62,120,3,169,191,162,146];False
1751;7290;9041;[34,4,109,70,19,87,121,178,127,132,130,84,77,112,93,147,66,157,103,105,74,188,144,9,142,117,167,61,45,65,41,49,78,128,42,57,197,125,145,126,143,160,91,1,33,124,180,196,36,46,140,92,82,23,189,81,0,85,22,26,176,193,168,20,170,166,38,139,63,118,48,194,182,198,174,184,35,67,32,72,163,25,51,50,190,10,165,113,156,71,44,138,37,94,173,18,131,119,11,59,80,100,30,134,148,195,97,58,158,43,7,101,181,68,123,6,149,60,54,151,110,187,39,107,55,14,13,172,12,89,75,129,15,135,53,183,69,159,164,90,28,155,73,99,106,136,115,152,2,161,102,86,133,76,122,116,17,8,16,56,21,108,192,40,104,31,29,154,52,179,27,185,111,96,171,141,98,114,64,79,177,47,88,5,186,199,83,153,150,24,95,137,175,62,120,3,169,191,162,146];True
1729;7307;9036;[34,4,168,70,19,87,121,178,111,132,130,84,77,112,93,147,66,157,103,105,74,188,144,9,142,117,167,61,45,65,41,49,78,128,42,57,197,125,145,126,143,160,91,1,33,124,180,196,36,46,140,92,82,23,189,81,0,85,22,26,176,193,109,20,170,166,38,139,63,118,48,194,182,198,174,184,35,67,32,72,163,25,51,50,190,10,165,113,156,71,44,138,37,94,173,18,131,119,11,59,80,100,30,134,148,195,97,58,158,43,7,101,181,68,123,6,149,60,54,151,110,187,39,107,55,14,13,172,12,89,75,129,15,135,53,183,69,159,164,90,28,155,73,99,106,136,115,152,2,161,102,86,133,76,122,116,17,8,16,56,21,108,192,40,104,31,29,154,52,179,27,185,127,96,171,141,98,114,64,79,177,47,88,5,186,199,83,153,150,24,95,137,175,62,120,3,169,191,162,146];False
1719;7307;9026;[34,4,168,70,19,87,121,178,127,132,130,84,77,112,93,147,66,157,103,105,74,188,144,9,142,117,167,61,45,138,41,49,78,128,42,57,197,125,145,126,143,160,91,1,33,124,180,196,36,46,140,92,82,23,189,81,0,85,22,26,176,193,109,20,170,166,38,139,63,118,48,194,182,198,174,184,35,67,32,72,163,25,51,50,190,10,165,113,156,71,44,65,37,94,173,18,131,119,11,59,80,100,30,134,148,195,97,58,158,43,7,101,181,68,123,6,149,60,54,151,110,187,39,107,55,14,13,172,12,89,75,129,15,135,53,183,69,159,164,90,28,155,73,99,106,136,115,152,2,161,102,86,133,76,122,116,17,8,16,56,21,108,192,40,104,31,29,154,52,179,27,185,111,96,171,141,98,114,64,79,177,47,88,5,186,199,83,153,150,24,95,137,175,62,120,3,169,191,162,146];True
1737;7303;9040;[34,4,168,70,19,87,121,178,127,132,130,84,77,112,93,147,66,157,103,105,74,188,144,9,142,117,167,61,45,65,41,49,78,128,42,57,197,125,145,126,143,160,91,1,33,124,180,196,36,46,140,92,82,23,189,81,0,85,22,26,176,193,109,20,170,166,38,139,63,118,48,194,182,198,174,184,35,67,32,72,163,25,51,50,190,10,165,113,156,71,44,138,37,94,173,18,131,119,11,59,80,100,30,134,148,195,97,58,158,43,7,101,181,68,123,6,137,60,54,151,110,187,39,107,55,14,13,172,12,89,75,129,15,135,53,183,69,159,164,90,28,155,73,99,106,136,115,152,2,161,102,86,133,76,122,116,17,8,16,56,21,108,192,40,104,31,29,154,52,179,27,185,111,96,171,141,98,114,64,79,177,47,88,5,186,199,83,153,150,24,95,149,175,62,120,3,169,191,162,146];False
1629;7386;9015;[34,4,129,70,19,87,121,178,127,7,130,84,77,112,93,147,66,157,103,105,74,188,9,144,142,117,167,61,45,65,41,49,78,128,42,57,197,168,145,126,143,160,91,1,33,124,180,196,36,46,140,92,82,23,189,81,0,85,22,26,176,193,109,20,170,166,38,139,63,118,48,194,182,198,174,184,35,67,32,72,163,25,51,50,190,10,165,113,156,71,44,138,37,94,173,18,131,119,11,59,80,100,30,134,148,195,97,58,158,43,115,101,181,68,123,6,149,60,54,151,110,187,39,107,55,14,13,172,12,89,75,125,15,135,53,183,69,159,164,90,28,155,73,99,106,136,132,152,2,161,102,86,133,76,122,116,17,8,16,56,21,108,192,40,104,31,29,154,52,179,27,185,111,96,171,141,98,114,64,79,177,47,88,5,186,199,83,153,150,24,95,137,175,62,120,3,169,191,162,146];False
1635;7369;9004;[34,4,129,70,19,87,121,178,127,7,130,84,77,112,93,147,66,157,103,105,74,188,144,9,142,117,167,61,45,138,41,49,78,128,42,57,197,168,145,126,143,160,91,1,33,124,180,196,36,46,140,92,82,23,189,81,0,85,22,26,176,193,109,20,170,166,38,139,63,118,48,194,182,198,174,184,35,67,32,72,163,25,51,50,190,10,165,113,156,71,44,65,37,94,173,18,131,119,11,59,80,100,30,134,148,195,97,58,158,43,115,101,181,68,123,6,149,60,54,151,110,187,39,107,55,14,13,172,12,89,75,125,15,135,53,183,69,159,164,90,28,155,73,99,106,136,132,152,2,161,102,86,133,76,122,116,17,8,16,56,21,108,192,40,104,31,29,154,52,179,27,185,111,96,171,141,98,114,64,79,177,47,88,5,186,199,83,153,150,24,95,137,175,62,120,3,169,191,162,146];False
1619;7391;9010;[34,4,129,70,19,87,121,178,127,7,130,84,77,112,93,147,66,157,103,105,74,188,144,9,142,117,167,61,45,65,41,49,78,128,42,57,197,168,145,126,35,160,91,1,33,124,180,196,36,46,140,92,82,23,189,81,0,85,22,26,176,193,109,20,170,166,38,139,63,118,48,194,182,198,174,184,143,67,32,72,163,25,51,50,190,10,165,113,156,71,44,138,37,94,173,18,131,119,11,59,80,100,30,134,148,195,97,58,158,43,115,101,181,68,123,6,149,60,54,151,110,187,39,107,55,14,13,172,12,89,75,125,15,135,53,183,69,159,164,90,28,155,73,99,106,136,132,152,2,161,102,86,133,76,122,116,17,8,16,56,21,108,192,40,104,31,29,154,52,179,27,185,111,96,171,141,98,114,64,79,177,47,88,5,186,199,83,153,150,24,95,137,175,62,120,3,169,191,162,146];False
1617;7386;9003;[34,4,129,70,19,87,121,178,127,7,130,84,77,112,93,147,66,157,103,105,74,188,144,9,142,117,167,61,45,65,41,49,78,128,42,57,197,168,145,126,143,160,91,1,33,124,180,196,36,46,140,92,82,23,189,81,0,85,22,26,176,193,109,20,170,166,38,139,63,118,48,194,182,198,174,184,35,67,32,72,163,25,51,50,190,10,165,113,156,71,44,138,37,94,173,18,131,119,11,59,80,100,30,134,148,195,97,58,158,2,115,101,181,68,123,6,149,60,54,151,110,187,39,107,55,14,13,172,12,89,75,125,15,135,53,183,69,159,164,90,28,155,73,99,106,136,132,152,43,161,102,86,133,76,122,116,17,8,16,56,21,108,192,40,104,31,29,154,52,179,27,185,111,96,171,141,98,114,64,79,177,47,88,5,186,199,83,153,150,24,95,137,175,62,120,3,169,191,162,146];True
1652;7359;9011;[34,4,129,70,19,87,121,178,127,7,130,84,77,112,93,147,66,157,103,105,74,188,144,9,142,117,167,61,45,65,41,49,78,128,42,57,197,168,145,126,143,160,91,1,33,124,180,196,36,46,140,92,82,23,189,81,0,85,22,26,176,193,109,20,170,166,38,139,63,118,48,194,182,198,174,184,35,67,32,72,163,25,51,50,190,10,165,113,156,71,44,138,37,94,173,18,131,119,11,59,80,100,30,134,148,195,97,58,158,43,75,101,181,68,123,6,149,60,54,151,110,187,39,107,55,14,13,172,12,89,115,125,15,135,53,183,69,159,164,90,28,155,73,99,106,136,132,152,2,161,102,86,133,76,122,116,17,8,16,56,21,108,192,40,104,31,29,154,52,179,27,185,111,96,171,141,98,114,64,79,177,47,88,5,186,199,83,153,150,24,95,137,175,62,120,3,169,191,162,146];False
1611;7419;9030;[34,4,129,70,19,87,121,178,127,7,130,84,77,112,93,147,66,157,103,105,74,188,144,9,142,117,167,61,45,65,41,49,78,128,42,57,197,168,145,126,143,160,91,1,33,124,180,196,36,46,140,92,82,23,189,81,0,85,22,26,176,193,109,20,170,166,38,139,63,118,48,194,182,198,174,184,35,67,32,72,163,25,51,50,190,10,165,113,156,71,44,138,37,94,173,18,131,119,11,59,80,100,30,134,148,195,97,58,158,43,115,101,181,68,123,6,149,60,54,151,110,187,39,107,55,14,13,172,12,89,75,125,15,108,53,183,69,159,164,90,28,155,73,99,106,136,132,152,2,161,102,86,133,76,122,116,17,8,16,56,21,135,192,40,104,31,29,154,52,179,27,185,111,96,171,141,98,114,64,79,177,47,88,5,186,199,83,153,150,24,95,137,175,62,120,3,169,191,162,146];False
1663;7355;9018;[34,4,129,70,19,87,121,178,111,132,130,84,77,112,93,147,66,157,103,105,74,188,144,9,142,117,57,61,45,65,41,49,78,128,42,101,197,168,145,126,143,160,91,1,33,124,180,196,36,46,140,92,82,23,189,81,0,85,22,26,176,193,109,20,170,166,38,139,63,118,48,194,182,198,174,184,35,67,32,72,163,25,51,50,190,10,165,113,156,71,44,138,37,94,173,18,131,119,11,59,80,100,30,134,148,195,97,58,158,43,7,167,181,68,123,6,149,60,54,151,110,187,39,107,55,14,13,172,12,89,75,125,15,135,53,183,69,159,164,90,28,155,73,99,106,136,115,152,2,161,102,86,133,76,122,116,17,8,16,56,21,108,192,40,104,31,29,154,52,179,27,185,127,96,171,141,98,114,64,79,177,47,88,5,186,199,83,153,150,24,95,137,175,62,120,3,169,191,162,146];False
1653;7355;9008;[34,4,129,70,19,87,121,178,127,132,130,84,77,112,93,147,66,157,103,105,74,188,144,9,142,117,57,61,45,138,41,49,78,128,42,101,197,168,145,126,143,160,91,1,33,124,180,196,36,46,140,92,82,23,189,81,0,85,22,26,176,193,109,20,170,166,38,139,63,118,48,194,182,198,174,184,35,67,32,72,163,25,51,50,190,10,165,113,156,71,44,65,37,94,173,18,131,119,11,59,80,100,30,134,148,195,97,58,158,43,7,167,181,68,123,6,149,60,54,151,110,187,39,107,55,14,13,172,12,89,75,125,15,135,53,183,69,159,164,90,28,155,73,99,106,136,115,152,2,161,102,86,133,76,122,116,17,8,16,56,21,108,192,40,104,31,29,154,52,179,27,185,111,96,171,141,98,114,64,79,177,47,88,5,186,199,83,153,150,24,95,137,175,62,120,3,169,191,162,146];False
1594;7403;8997;[34,4,129,70,19,87,121,178,127,132,130,84,77,112,93,147,66,157,103,105,74,188,144,9,142,117,57,61,45,65,41,49,78,128,42,101,197,168,145,126,143,160,91,1,33,124,180,196,36,46,140,92,82,23,189,81,0,85,22,26,176,193,109,20,170,166,38,139,63,118,48,194,182,198,174,184,35,67,32,72,163,25,51,50,190,10,165,113,156,71,44,138,37,94,173,18,131,119,11,59,80,100,30,134,148,195,97,58,158,43,7,136,181,68,123,6,149,60,54,151,110,187,39,107,55,14,13,172,12,89,75,125,15,135,53,183,69,159,164,90,28,155,73,99,106,167,115,152,2,161,102,86,133,76,122,116,17,8,16,56,21,108,192,40,104,31,29,154,52,179,27,185,111,96,171,141,98,114,64,79,177,47,88,5,186,199,83,153,150,24,95,137,175,62,120,3,169,191,162,146];False
1691;7328;9019;[34,4,129,70,19,87,121,178,111,132,130,84,77,112,93,147,66,157,103,105,74,188,144,9,142,117,167,61,45,65,41,49,78,128,42,57,197,168,145,126,143,160,91,1,33,124,180,196,36,46,140,92,82,23,189,7,0,85,22,26,176,193,109,20,170,166,38,139,63,118,48,194,182,198,174,184,35,67,32,72,163,25,51,50,190,10,165,113,156,71,44,138,37,94,173,18,131,119,11,59,80,100,30,134,148,195,97,58,158,43,187,101,181,68,123,6,149,60,54,151,110,81,39,107,55,14,13,172,12,89,75,125,15,135,53,183,69,159,164,90,28,155,73,99,106,136,115,152,2,161,102,86,133,76,122,116,17,8,16,56,21,108,192,40,104,31,29,154,52,179,27,185,127,96,171,141,98,114,64,79,177,47,88,5,186,199,83,153,150,24,95,137,175,62,120,3,169,191,162,146];False
1675;7345;9020;[34,4,129,70,19,87,121,178,127,132,130,84,77,112,93,147,66,157,103,105,74,188,9,144,142,117,167,61,45,65,41,49,78,128,42,57,197,168,145,126,143,160,91,1,33,124,180,196,36,46,140,92,82,23,189,7,0,85,22,26,176,193,109,20,170,166,38,139,63,118,48,194,182,198,174,184,35,67,32,72,163,25,51,50,190,10,165,113,156,71,44,138,37,94,173,18,131,119,11,59,80,100,30,134,148,195,97,58,158,43,187,101,181,68,123,6,149,60,54,151,110,81,39,107,55,14,13,172,12,89,75,125,15,135,53,183,69,159,164,90,28,155,73,99,106,136,115,152,2,161,102,86,133,76,122,116,17,8,16,56,21,108,192,40,104,31,29,154,52,179,27,185,111,96,171,141,98,114,64,79,177,47,88,5,186,199,83,153,150,24,95,137,175,62,120,3,169,191,162,146];False
1681;7328;9009;[34,4,129,70,19,87,121,178,127,132,130,84,77,112,93,147,66,157,103,105,74,188,144,9,142,117,167,61,45,138,41,49,78,128,42,57,197,168,145,126,143,160,91,1,33,124,180,196,36,46,140,92,82,23,189,7,0,85,22,26,176,193,109,20,170,166,38,139,63,118,48,194,182,198,174,184,35,67,32,72,163,25,51,50,190,10,165,113,156,71,44,65,37,94,173,18,131,119,11,59,80,100,30,134,148,195,97,58,158,43,187,101,181,68,123,6,149,60,54,151,110,81,39,107,55,14,13,172,12,89,75,125,15,135,53,183,69,159,164,90,28,155,73,99,106,136,115,152,2,161,102,86,133,76,122,116,17,8,16,56,21,108,192,40,104,31,29,154,52,179,27,185,111,96,171,141,98,114,64,79,177,47,88,5,186,199,83,153,150,24,95,137,175,62,120,3,169,191,162,146];True
1665;7350;9015;[34,4,129,70,19,87,121,178,127,132,130,84,77,112,93,147,66,157,103,105,74,188,144,9,142,117,167,61,45,65,41,49,78,128,42,57,197,168,145,126,35,160,91,1,33,124,180,196,36,46,140,92,82,23,189,7,0,85,22,26,176,193,109,20,170,166,38,139,63,118,48,194,182,198,174,184,143,67,32,72,163,25,51,50,190,10,165,113,156,71,44,138,37,94,173,18,131,119,11,59,80,100,30,134,148,195,97,58,158,43,187,101,181,68,123,6,149,60,54,151,110,81,39,107,55,14,13,172,12,89,75,125,15,135,53,183,69,159,164,90,28,155,73,99,106,136,115,152,2,161,102,86,133,76,122,116,17,8,16,56,21,108,192,40,104,31,29,154,52,179,27,185,111,96,171,141,98,114,64,79,177,47,88,5,186,199,83,153,150,24,95,137,175,62,120,3,169,191,162,146];False
1704;7321;9025;[34,4,129,70,19,87,121,178,127,132,130,84,77,112,93,147,66,157,103,105,74,188,144,9,142,117,167,61,45,65,41,49,78,128,42,57,197,168,145,126,143,160,91,1,33,124,180,196,36,46,140,92,82,24,189,7,0,85,22,26,176,193,109,20,170,166,38,139,63,118,48,194,182,198,174,184,35,67,32,72,163,25,51,50,190,10,165,113,156,71,44,138,37,94,173,18,131,119,11,59,80,100,30,134,148,195,97,58,158,43,187,101,181,68,123,6,149,60,54,151,110,81,39,107,55,14,13,172,12,89,75,125,15,135,53,183,69,159,164,90,28,155,73,99,106,136,115,152,2,161,102,86,133,76,122,116,17,8,16,56,21,108,192,40,104,31,29,154,52,179,27,185,111,96,171,141,98,114,64,79,177,47,88,5,186,199,83,153,150,23,95,137,175,62,120,3,169,191,162,146];False
1656;7342;8998;[34,4,129,70,19,87,121,178,127,132,130,84,77,112,93,147,66,157,103,105,74,188,144,9,142,117,167,61,45,65,41,49,78,128,42,57,197,168,145,126,143,160,91,1,33,124,180,196,36,46,140,92,82,23,189,7,0,85,22,26,176,193,109,20,170,166,38,139,63,118,48,194,182,198,174,184,35,67,32,72,163,25,51,50,190,10,165,113,156,71,44,138,37,94,173,18,131,119,11,59,80,100,30,134,148,195,97,58,158,43,52,101,181,68,123,6,149,60,54,151,110,81,39,107,55,14,13,172,12,89,75,125,15,135,53,183,69,159,164,90,28,155,73,99,106,136,115,152,2,161,102,86,133,76,122,116,17,8,16,56,21,108,192,40,104,31,29,154,187,179,27,185,111,96,171,141,98,114,64,79,177,47,88,5,186,199,83,153,150,24,95,137,175,62,120,3,169,191,162,146];True
1699;7324;9023;[34,4,129,70,19,87,121,178,127,132,130,84,77,112,93,147,66,157,103,105,74,188,144,9,142,117,167,61,45,65,41,49,78,128,42,57,197,168,145,126,143,160,91,1,33,124,180,196,36,46,140,92,82,23,189,7,0,85,22,26,176,193,109,20,170,166,38,139,63,118,48,194,182,198,174,184,35,67,32,72,163,25,51,50,190,10,165,113,156,71,44,138,37,94,173,18,131,119,11,59,80,100,30,134,148,195,97,58,158,43,187,101,181,68,123,6,137,60,54,151,110,81,39,107,55,14,13,172,12,89,75,125,15,135,53,183,69,159,164,90,28,155,73,99,106,136,115,152,2,161,102,86,133,76,122,116,17,8,16,56,21,108,192,40,104,31,29,154,52,179,27,185,111,96,171,141,98,114,64,79,177,47,88,5,186,199,83,153,150,24,95,149,175,62,120,3,169,191,162,146];False
1766;7285;9051;[34,4,109,70,19,87,121,178,111,132,130,84,77,112,93,147,66,157,103,105,74,188,144,9,142,117,167,61,45,65,41,49,78,128,42,57,197,125,145,126,143,160,91,1,33,124,180,196,36,46,140,92,82,23,189,81,0,85,22,26,176,193,168,20,170,166,38,139,63,118,48,194,182,198,174,184,35,67,32,72,163,25,51,50,190,10,165,113,156,71,44,138,37,94,173,18,131,119,11,59,80,100,30,134,148,195,97,58,158,43,7,101,181,68,123,6,149,60,54,151,110,187,39,107,55,14,13,172,12,89,75,129,15,135,53,183,69,159,164,90,28,155,73,99,106,136,115,152,2,161,102,86,133,76,122,116,17,8,16,56,21,108,192,40,104,31,29,154,52,179,27,185,127,96,171,141,98,114,64,79,177,47,88,5,186,199,83,153,150,24,95,137,175,62,120,3,169,191,162,146];False
1756;7285;9041;[34,4,109,70,19,87,121,178,127,132,130,84,77,112,93,147,66,157,103,105,74,188,144,9,142,117,167,61,45,138,41,49,78,128,42,57,197,125,145,126,143,160,91,1,33,124,180,196,36,46,140,92,82,23,189,81,0,85,22,26,176,193,168,20,170,166,38,139,63,118,48,194,182,198,174,184,35,67,32,72,163,25,51,50,190,10,165,113,156,71,44,65,37,94,173,18,131,119,11,59,80,100,30,134,148,195,97,58,158,43,7,101,181,68,123,6,149,60,54,151,110,187,39,107,55,14,13,172,12,89,75,129,15,135,53,183,69,159,164,90,28,155,73,99,106,136,115,152,2,161,102,86,133,76,122,116,17,8,16,56,21,108,192,40,104,31,29,154,52,179,27,185,111,96,171,141,98,114,64,79,177,47,88,5,186,199,83,153,150,24,95,137,175,62,120,3,169,191,162,146];True
1779;7278;9057;[34,4,109,70,19,87,121,178,127,132,130,84,77,112,93,147,66,157,103,105,74,188,144,9,142,117,167,61,45,65,41,49,78,128,42,57,197,125,145,126,143,160,91,1,33,124,180,196,36,46,140,92,82,24,189,81,0,85,22,26,176,193,168,20,170,166,38,139,63,118,48,194,182,198,174,184,35,67,32,72,163,25,51,50,190,10,165,113,156,71,44,138,37,94,173,18,131,119,11,59,80,100,30,134,148,195,97,58,158,43,7,101,181,68,123,6,149,60,54,151,110,187,39,107,55,14,13,172,12,89,75,129,15,135,53,183,69,159,164,90,28,155,73,99,106,136,115,152,2,161,102,86,133,76,122,116,17,8,16,56,21,108,192,40,104,31,29,154,52,179,27,185,111,96,171,141,98,114,64,79,177,47,88,5,186,199,83,153,150,23,95,137,175,62,120,3,169,191,162,146];False
1789;7276;9065;[34,4,109,70,19,87,121,178,127,132,130,84,77,112,93,147,66,157,103,105,74,188,144,9,142,117,167,61,45,65,41,49,78,128,42,57,197,125,145,126,143,160,91,1,33,124,180,196,36,46,140,92,82,23,189,81,0,85,22,26,176,193,168,20,67,166,38,139,63,118,48,194,182,198,174,184,35,170,32,72,163,25,51,50,190,10,165,113,156,71,44,138,37,94,173,18,131,119,11,59,80,100,30,134,148,195,97,58,158,43,7,101,181,68,123,6,149,60,54,151,110,187,39,107,55,14,13,172,12,89,75,129,15,135,53,183,69,159,164,90,28,155,73,99,106,136,115,152,2,161,102,86,133,76,122,116,17,8,16,56,21,108,192,40,104,31,29,154,52,179,27,185,111,96,171,141,98,114,64,79,177,47,88,5,186,199,83,153,150,24,95,137,175,62,120,3,169,191,162,146];False
1803;7271;9074;[34,4,109,70,19,87,121,178,127,132,130,84,77,112,93,147,66,157,103,105,74,188,144,9,142,117,167,61,45,65,41,49,78,128,42,57,197,125,145,126,143,160,91,1,33,124,180,196,36,46,140,92,82,23,189,81,0,85,22,26,176,193,168,20,170,166,38,139,63,118,48,194,29,198,174,184,35,67,32,72,163,25,51,50,190,10,165,113,156,71,44,138,37,94,173,18,131,119,11,59,80,100,30,134,148,195,97,58,158,43,7,101,181,68,123,6,149,60,54,151,110,187,39,107,55,14,13,172,12,89,75,129,15,135,53,183,69,159,164,90,28,155,73,99,106,136,115,152,2,161,102,86,133,76,122,116,17,8,16,56,21,108,192,40,104,31,182,154,52,179,27,185,111,96,171,141,98,114,64,79,177,47,88,5,186,199,83,153,150,24,95,137,175,62,120,3,169,191,162,146];False
1774;7281;9055;[34,4,109,70,19,87,121,178,127,132,130,84,77,112,93,147,66,157,103,105,74,188,144,9,142,117,167,61,45,65,41,49,78,128,42,57,197,125,145,126,143,160,91,1,33,124,180,196,36,46,140,92,82,23,189,81,0,85,22,26,176,193,168,20,170,166,38,139,63,118,48,194,182,198,174,184,35,67,32,72,163,25,51,50,190,10,165,113,156,71,44,138,37,94,173,18,131,119,11,59,80,100,30,134,148,195,97,58,158,43,7,101,181,68,123,6,137,60,54,151,110,187,39,107,55,14,13,172,12,89,75,129,15,135,53,183,69,159,164,90,28,155,73,99,106,136,115,152,2,161,102,86,133,76,122,116,17,8,16,56,21,108,192,40,104,31,29,154,52,179,27,185,111,96,171,141,98,114,64,79,177,47,88,5,186,199,83,153,150,24,95,149,175,62,120,3,169,191,162,146];False
1734;7302;9036;[34,4,168,70,19,87,121,178,111,132,130,84,77,112,93,147,66,157,103,105,74,188,144,9,142,117,167,61,45,138,41,49,78,128,42,57,197,125,145,126,143,160,91,1,33,124,180,196,36,46,140,92,82,23,189,81,0,85,22,26,176,193,109,20,170,166,38,139,63,118,48,194,182,198,174,184,35,67,32,72,163,25,51,50,190,10,165,113,156,71,44,65,37,94,173,18,131,119,11,59,80,100,30,134,148,195,97,58,158,43,7,101,181,68,123,6,149,60,54,151,110,187,39,107,55,14,13,172,12,89,75,129,15,135,53,183,69,159,164,90,28,155,73,99,106,136,115,152,2,161,102,86,133,76,122,116,17,8,16,56,21,108,192,40,104,31,29,154,52,179,27,185,127,96,171,141,98,114,64,79,177,47,88,5,186,199,83,153,150,24,95,137,175,62,120,3,169,191,162,146];True
1742;7298;9040;[34,4,168,70,19,87,121,178,127,132,130,84,77,112,93,147,66,157,103,105,74,188,144,9,142,117,167,61,45,138,41,49,78,128,42,57,197,125,145,126,143,160,91,1,33,124,180,196,36,46,140,92,82,23,189,81,0,85,22,26,176,193,109,20,170,166,38,139,63,118,48,194,182,198,174,184,35,67,32,72,163,25,51,50,190,10,165,113,156,71,44,65,37,94,173,18,131,119,11,59,80,100,30,134,148,195,97,58,158,43,7,101,181,68,123,6,137,60,54,151,110,187,39,107,55,14,13,172,12,89,75,129,15,135,53,183,69,159,164,90,28,155,73,99,106,136,115,152,2,161,102,86,133,76,122,116,17,8,16,56,21,108,192,40,104,31,29,154,52,179,27,185,111,96,171,141,98,114,64,79,177,47,88,5,186,199,83,153,150,24,95,149,175,62,120,3,169,191,162,146];True
1646;7367;9013;[34,4,129,70,19,87,121,178,127,7,130,84,77,112,93,147,66,157,103,105,74,188,144,9,142,117,167,61,45,138,41,115,78,128,42,57,197,168,145,126,143,160,91,1,33,124,180,196,36,46,140,92,82,23,189,81,0,85,22,26,176,193,109,20,170,166,38,139,63,118,48,194,182,198,174,184,35,67,32,72,163,25,51,50,190,10,165,113,156,71,44,65,37,94,173,18,131,119,11,59,80,100,30,134,148,195,97,58,158,43,49,101,181,68,123,6,149,60,54,151,110,187,39,107,55,14,13,172,12,89,75,125,15,135,53,183,69,159,164,90,28,155,73,99,106,136,132,152,2,161,102,86,133,76,122,116,17,8,16,56,21,108,192,40,104,31,29,154,52,179,27,185,111,96,171,141,98,114,64,79,177,47,88,5,186,199,83,153,150,24,95,137,175,62,120,3,169,191,162,146];False
1622;7381;9003;[34,4,129,70,19,87,121,178,127,7,130,84,77,112,93,147,66,157,103,105,74,188,144,9,142,117,167,61,45,138,41,49,78,128,42,57,197,168,145,126,143,160,91,1,33,124,180,196,36,46,140,92,82,23,189,81,0,85,22,26,176,193,109,20,170,166,38,139,63,118,48,194,182,198,174,184,35,67,32,72,163,25,51,50,190,10,165,113,156,71,44,65,37,94,173,18,131,119,11,59,80,100,30,134,148,195,97,58,158,2,115,101,181,68,123,6,149,60,54,151,110,187,39,107,55,14,13,172,12,89,75,125,15,135,53,183,69,159,164,90,28,155,73,99,106,136,132,152,43,161,102,86,133,76,122,116,17,8,16,56,21,108,192,40,104,31,29,154,52,179,27,185,111,96,171,141,98,114,64,79,177,47,88,5,186,199,83,153,150,24,95,137,175,62,120,3,169,191,162,146];True
1593;7441;9034;[34,195,129,70,19,87,121,178,127,7,130,84,77,112,93,147,66,157,103,105,74,188,144,9,142,117,167,61,45,65,41,49,78,128,42,57,197,168,145,126,143,160,91,1,33,124,180,196,36,46,140,92,82,23,189,81,0,85,22,26,176,193,109,20,170,166,38,139,63,118,48,194,182,198,174,184,35,67,32,72,163,25,51,50,190,10,165,113,156,71,44,138,37,94,173,18,131,119,11,59,80,100,30,134,148,4,97,58,158,2,115,101,181,68,123,6,149,60,54,151,110,187,39,107,55,14,13,172,12,89,75,125,15,135,53,183,69,159,164,90,28,155,73,99,106,136,132,152,43,161,102,86,133,76,122,116,17,8,16,56,21,108,192,40,104,31,29,154,52,179,27,185,111,96,171,141,98,114,64,79,177,47,88,5,186,199,83,153,150,24,95,137,175,62,120,3,169,191,162,146];False
1616;7398;9014;[34,4,129,70,19,87,121,178,127,7,130,84,77,112,93,147,66,157,103,105,74,188,9,144,142,117,167,61,45,65,41,49,78,128,42,57,197,168,145,126,143,160,91,1,33,124,180,196,36,46,140,92,82,23,189,81,0,85,22,26,176,193,109,20,170,166,38,139,63,118,48,194,182,198,174,184,35,67,32,72,163,25,51,50,190,10,165,113,156,71,44,138,37,94,173,18,131,119,11,59,80,100,30,134,148,195,97,58,158,2,115,101,181,68,123,6,149,60,54,151,110,187,39,107,55,14,13,172,12,89,75,125,15,135,53,183,69,159,164,90,28,155,73,99,106,136,132,152,43,161,102,86,133,76,122,116,17,8,16,56,21,108,192,40,104,31,29,154,52,179,27,185,111,96,171,141,98,114,64,79,177,47,88,5,186,199,83,153,150,24,95,137,175,62,120,3,169,191,162,146];False
1599;7398;8997;[34,4,129,70,19,87,121,178,127,132,130,84,77,112,93,147,66,157,103,105,74,188,144,9,142,117,57,61,45,138,41,49,78,128,42,101,197,168,145,126,143,160,91,1,33,124,180,196,36,46,140,92,82,23,189,81,0,85,22,26,176,193,109,20,170,166,38,139,63,118,48,194,182,198,174,184,35,67,32,72,163,25,51,50,190,10,165,113,156,71,44,65,37,94,173,18,131,119,11,59,80,100,30,134,148,195,97,58,158,43,7,136,181,68,123,6,149,60,54,151,110,187,39,107,55,14,13,172,12,89,75,125,15,135,53,183,69,159,164,90,28,155,73,99,106,167,115,152,2,161,102,86,133,76,122,116,17,8,16,56,21,108,192,40,104,31,29,154,52,179,27,185,111,96,171,141,98,114,64,79,177,47,88,5,186,199,83,153,150,24,95,137,175,62,120,3,169,191,162,146];True
1587;7455;9042;[146,4,129,70,19,87,121,178,127,132,130,84,77,112,93,147,66,157,103,105,74,188,144,9,142,117,57,61,45,65,41,49,78,128,42,101,197,168,145,126,143,160,91,1,33,124,180,196,36,46,140,92,82,23,189,81,0,85,22,26,176,193,109,20,170,166,38,139,63,118,48,194,182,198,174,184,35,67,32,72,163,25,51,50,190,10,165,113,156,71,44,138,37,94,173,18,131,119,11,59,80,100,30,134,148,195,97,58,158,43,7,136,181,68,123,6,149,60,54,151,110,187,39,107,55,14,13,172,12,89,75,125,15,135,53,183,69,159,164,90,28,155,73,99,106,167,115,152,2,161,102,86,133,76,122,116,17,8,16,56,21,108,192,40,104,31,29,154,52,179,27,185,111,96,171,141,98,114,64,79,177,47,88,5,186,199,83,153,150,24,95,137,175,62,120,3,169,191,162,34];False
1570;7458;9028;[34,195,129,70,19,87,121,178,127,132,130,84,77,112,93,147,66,157,103,105,74,188,144,9,142,117,57,61,45,65,41,49,78,128,42,101,197,168,145,126,143,160,91,1,33,124,180,196,36,46,140,92,82,23,189,81,0,85,22,26,176,193,109,20,170,166,38,139,63,118,48,194,182,198,174,184,35,67,32,72,163,25,51,50,190,10,165,113,156,71,44,138,37,94,173,18,131,119,11,59,80,100,30,134,148,4,97,58,158,43,7,136,181,68,123,6,149,60,54,151,110,187,39,107,55,14,13,172,12,89,75,125,15,135,53,183,69,159,164,90,28,155,73,99,106,167,115,152,2,161,102,86,133,76,122,116,17,8,16,56,21,108,192,40,104,31,29,154,52,179,27,185,111,96,171,141,98,114,64,79,177,47,88,5,186,199,83,153,150,24,95,137,175,62,120,3,169,191,162,146];False
1593;7415;9008;[34,4,129,70,19,87,121,178,127,132,130,84,77,112,93,147,66,157,103,105,74,188,9,144,142,117,57,61,45,65,41,49,78,128,42,101,197,168,145,126,143,160,91,1,33,124,180,196,36,46,140,92,82,23,189,81,0,85,22,26,176,193,109,20,170,166,38,139,63,118,48,194,182,198,174,184,35,67,32,72,163,25,51,50,190,10,165,113,156,71,44,138,37,94,173,18,131,119,11,59,80,100,30,134,148,195,97,58,158,43,7,136,181,68,123,6,149,60,54,151,110,187,39,107,55,14,13,172,12,89,75,125,15,135,53,183,69,159,164,90,28,155,73,99,106,167,115,152,2,161,102,86,133,76,122,116,17,8,16,56,21,108,192,40,104,31,29,154,52,179,27,185,111,96,171,141,98,114,64,79,177,47,88,5,186,199,83,153,150,24,95,137,175,62,120,3,169,191,162,146];False
1591;7430;9021;[34,4,129,70,19,87,121,178,127,132,130,84,77,112,93,147,66,157,103,105,74,188,144,9,142,117,57,61,45,65,41,115,78,128,42,101,197,168,145,126,143,160,91,1,33,124,180,196,36,46,140,92,82,23,189,81,0,85,22,26,176,193,109,20,170,166,38,139,63,118,48,194,182,198,174,184,35,67,32,72,163,25,51,50,190,10,165,113,156,71,44,138,37,94,173,18,131,119,11,59,80,100,30,134,148,195,97,58,158,43,7,136,181,68,123,6,149,60,54,151,110,187,39,107,55,14,13,172,12,89,75,125,15,135,53,183,69,159,164,90,28,155,73,99,106,167,49,152,2,161,102,86,133,76,122,116,17,8,16,56,21,108,192,40,104,31,29,154,52,179,27,185,111,96,171,141,98,114,64,79,177,47,88,5,186,199,83,153,150,24,95,137,175,62,120,3,169,191,162,146];False
1583;7420;9003;[34,4,129,70,19,87,121,178,127,132,130,84,77,112,93,147,66,157,103,105,74,188,144,9,142,117,57,61,45,65,41,49,78,128,42,101,197,168,145,126,35,160,91,1,33,124,180,196,36,46,140,92,82,23,189,81,0,85,22,26,176,193,109,20,170,166,38,139,63,118,48,194,182,198,174,184,143,67,32,72,163,25,51,50,190,10,165,113,156,71,44,138,37,94,173,18,131,119,11,59,80,100,30,134,148,195,97,58,158,43,7,136,181,68,123,6,149,60,54,151,110,187,39,107,55,14,13,172,12,89,75,125,15,135,53,183,69,159,164,90,28,155,73,99,106,167,115,152,2,161,102,86,133,76,122,116,17,8,16,56,21,108,192,40,104,31,29,154,52,179,27,185,111,96,171,141,98,114,64,79,177,47,88,5,186,199,83,153,150,24,95,137,175,62,120,3,169,191,162,146];False
1575;7448;9023;[34,4,129,70,19,87,121,178,127,132,130,84,77,112,93,147,66,157,103,105,74,188,144,9,142,117,57,61,45,65,41,49,78,128,42,101,197,168,145,126,143,160,91,1,33,124,180,196,36,46,140,92,82,23,189,81,0,85,22,26,176,193,109,20,170,166,38,139,63,118,48,194,182,198,174,184,35,67,32,72,163,25,51,50,190,10,165,113,156,71,44,138,37,94,173,18,131,119,11,59,80,100,30,134,148,195,97,58,158,43,7,136,181,68,123,6,149,60,54,151,110,187,39,107,55,14,13,172,12,89,75,125,15,108,53,183,69,159,164,90,28,155,73,99,106,167,115,152,2,161,102,86,133,76,122,116,17,8,16,56,21,135,192,40,104,31,29,154,52,179,27,185,111,96,171,141,98,114,64,79,177,47,88,5,186,199,83,153,150,24,95,137,175,62,120,3,169,191,162,146];False
1588;7406;8994;[34,4,129,70,19,87,121,178,127,132,130,84,77,112,93,147,66,157,103,105,74,188,144,9,142,117,57,61,45,65,41,49,78,128,42,101,197,168,145,126,143,160,91,1,33,124,180,196,36,46,140,92,82,23,189,81,0,85,22,26,176,193,109,20,170,166,38,139,63,118,48,194,182,198,174,184,35,67,32,72,163,25,51,50,190,10,165,113,156,71,44,138,37,94,173,18,131,119,11,59,80,100,30,134,148,195,97,58,158,43,7,136,181,68,123,6,149,60,54,151,110,187,39,107,55,14,13,172,12,89,75,125,15,135,53,183,69,159,164,90,28,155,73,99,106,95,115,152,2,161,102,86,133,76,122,116,17,8,16,56,21,108,192,40,104,31,29,154,52,179,27,185,111,96,171,141,98,114,64,79,177,47,88,5,186,199,83,153,150,24,167,137,175,62,120,3,169,191,162,146];True
1696;7323;9019;[34,4,129,70,19,87,121,178,111,132,130,84,77,112,93,147,66,157,103,105,74,188,144,9,142,117,167,61,45,138,41,49,78,128,42,57,197,168,145,126,143,160,91,1,33,124,180,196,36,46,140,92,82,23,189,7,0,85,22,26,176,193,109,20,170,166,38,139,63,118,48,194,182,198,174,184,35,67,32,72,163,25,51,50,190,10,165,113,156,71,44,65,37,94,173,18,131,119,11,59,80,100,30,134,148,195,97,58,158,43,187,101,181,68,123,6,149,60,54,151,110,81,39,107,55,14,13,172,12,89,75,125,15,135,53,183,69,159,164,90,28,155,73,99,106,136,115,152,2,161,102,86,133,76,122,116,17,8,16,56,21,108,192,40,104,31,29,154,52,179,27,185,127,96,171,141,98,114,64,79,177,47,88,5,186,199,83,153,150,24,95,137,175,62,120,3,169,191,162,146];True
1709;7316;9025;[34,4,129,70,19,87,121,178,127,132,130,84,77,112,93,147,66,157,103,105,74,188,144,9,142,117,167,61,45,138,41,49,78,128,42,57,197,168,145,126,143,160,91,1,33,124,180,196,36,46,140,92,82,24,189,7,0,85,22,26,176,193,109,20,170,166,38,139,63,118,48,194,182,198,174,184,35,67,32,72,163,25,51,50,190,10,165,113,156,71,44,65,37,94,173,18,131,119,11,59,80,100,30,134,148,195,97,58,158,43,187,101,181,68,123,6,149,60,54,151,110,81,39,107,55,14,13,172,12,89,75,125,15,135,53,183,69,159,164,90,28,155,73,99,106,136,115,152,2,161,102,86,133,76,122,116,17,8,16,56,21,108,192,40,104,31,29,154,52,179,27,185,111,96,171,141,98,114,64,79,177,47,88,5,186,199,83,153,150,23,95,137,175,62,120,3,169,191,162,146];True
1661;7337;8998;[34,4,129,70,19,87,121,178,127,132,130,84,77,112,93,147,66,157,103,105,74,188,144,9,142,117,167,61,45,138,41,49,78,128,42,57,197,168,145,126,143,160,91,1,33,124,180,196,36,46,140,92,82,23,189,7,0,85,22,26,176,193,109,20,170,166,38,139,63,118,48,194,182,198,174,184,35,67,32,72,163,25,51,50,190,10,165,113,156,71,44,65,37,94,173,18,131,119,11,59,80,100,30,134,148,195,97,58,158,43,52,101,181,68,123,6,149,60,54,151,110,81,39,107,55,14,13,172,12,89,75,125,15,135,53,183,69,159,164,90,28,155,73,99,106,136,115,152,2,161,102,86,133,76,122,116,17,8,16,56,21,108,192,40,104,31,29,154,187,179,27,185,111,96,171,141,98,114,64,79,177,47,88,5,186,199,83,153,150,24,95,137,175,62,120,3,169,191,162,146];True
1704;7319;9023;[34,4,129,70,19,87,121,178,127,132,130,84,77,112,93,147,66,157,103,105,74,188,144,9,142,117,167,61,45,138,41,49,78,128,42,57,197,168,145,126,143,160,91,1,33,124,180,196,36,46,140,92,82,23,189,7,0,85,22,26,176,193,109,20,170,166,38,139,63,118,48,194,182,198,174,184,35,67,32,72,163,25,51,50,190,10,165,113,156,71,44,65,37,94,173,18,131,119,11,59,80,100,30,134,148,195,97,58,158,43,187,101,181,68,123,6,137,60,54,151,110,81,39,107,55,14,13,172,12,89,75,125,15,135,53,183,69,159,164,90,28,155,73,99,106,136,115,152,2,161,102,86,133,76,122,116,17,8,16,56,21,108,192,40,104,31,29,154,52,179,27,185,111,96,171,141,98,114,64,79,177,47,88,5,186,199,83,153,150,24,95,149,175,62,120,3,169,191,162,146];True
1655;7354;9009;[34,4,129,70,19,87,121,178,127,132,130,84,77,112,93,147,66,157,103,105,74,188,9,144,142,117,167,61,45,65,41,49,78,128,42,57,197,168,145,126,143,160,91,1,33,124,180,196,36,46,140,92,82,23,189,7,0,85,22,26,176,193,109,20,170,166,38,139,63,118,48,194,182,198,174,184,35,67,32,72,163,25,51,50,190,10,165,113,156,71,44,138,37,94,173,18,131,119,11,59,80,100,30,134,148,195,97,58,158,43,52,101,181,68,123,6,149,60,54,151,110,81,39,107,55,14,13,172,12,89,75,125,15,135,53,183,69,159,164,90,28,155,73,99,106,136,115,152,2,161,102,86,133,76,122,116,17,8,16,56,21,108,192,40,104,31,29,154,187,179,27,185,111,96,171,141,98,114,64,79,177,47,88,5,186,199,83,153,150,24,95,137,175,62,120,3,169,191,162,146];False
1645;7359;9004;[34,4,129,70,19,87,121,178,127,132,130,84,77,112,93,147,66,157,103,105,74,188,144,9,142,117,167,61,45,65,41,49,78,128,42,57,197,168,145,126,35,160,91,1,33,124,180,196,36,46,140,92,82,23,189,7,0,85,22,26,176,193,109,20,170,166,38,139,63,118,48,194,182,198,174,184,143,67,32,72,163,25,51,50,190,10,165,113,156,71,44,138,37,94,173,18,131,119,11,59,80,100,30,134,148,195,97,58,158,43,52,101,181,68,123,6,149,60,54,151,110,81,39,107,55,14,13,172,12,89,75,125,15,135,53,183,69,159,164,90,28,155,73,99,106,136,115,152,2,161,102,86,133,76,122,116,17,8,16,56,21,108,192,40,104,31,29,154,187,179,27,185,111,96,171,141,98,114,64,79,177,47,88,5,186,199,83,153,150,24,95,137,175,62,120,3,169,191,162,146];True
1771;7280;9051;[34,4,109,70,19,87,121,178,111,132,130,84,77,112,93,147,66,157,103,105,74,188,144,9,142,117,167,61,45,138,41,49,78,128,42,57,197,125,145,126,143,160,91,1,33,124,180,196,36,46,140,92,82,23,189,81,0,85,22,26,176,193,168,20,170,166,38,139,63,118,48,194,182,198,174,184,35,67,32,72,163,25,51,50,190,10,165,113,156,71,44,65,37,94,173,18,131,119,11,59,80,100,30,134,148,195,97,58,158,43,7,101,181,68,123,6,149,60,54,151,110,187,39,107,55,14,13,172,12,89,75,129,15,135,53,183,69,159,164,90,28,155,73,99,106,136,115,152,2,161,102,86,133,76,122,116,17,8,16,56,21,108,192,40,104,31,29,154,52,179,27,185,127,96,171,141,98,114,64,79,177,47,88,5,186,199,83,153,150,24,95,137,175,62,120,3,169,191,162,146];True
1784;7273;9057;[34,4,109,70,19,87,121,178,127,132,130,84,77,112,93,147,66,157,103,105,74,188,144,9,142,117,167,61,45,138,41,49,78,128,42,57,197,125,145,126,143,160,91,1,33,124,180,196,36,46,140,92,82,24,189,81,0,85,22,26,176,193,168,20,170,166,38,139,63,118,48,194,182,198,174,184,35,67,32,72,163,25,51,50,190,10,165,113,156,71,44,65,37,94,173,18,131,119,11,59,80,100,30,134,148,195,97,58,158,43,7,101,181,68,123,6,149,60,54,151,110,187,39,107,55,14,13,172,12,89,75,129,15,135,53,183,69,159,164,90,28,155,73,99,106,136,115,152,2,161,102,86,133,76,122,116,17,8,16,56,21,108,192,40,104,31,29,154,52,179,27,185,111,96,171,141,98,114,64,79,177,47,88,5,186,199,83,153,150,23,95,137,175,62,120,3,169,191,162,146];True
1794;7271;9065;[34,4,109,70,19,87,121,178,127,132,130,84,77,112,93,147,66,157,103,105,74,188,144,9,142,117,167,61,45,138,41,49,78,128,42,57,197,125,145,126,143,160,91,1,33,124,180,196,36,46,140,92,82,23,189,81,0,85,22,26,176,193,168,20,67,166,38,139,63,118,48,194,182,198,174,184,35,170,32,72,163,25,51,50,190,10,165,113,156,71,44,65,37,94,173,18,131,119,11,59,80,100,30,134,148,195,97,58,158,43,7,101,181,68,123,6,149,60,54,151,110,187,39,107,55,14,13,172,12,89,75,129,15,135,53,183,69,159,164,90,28,155,73,99,106,136,115,152,2,161,102,86,133,76,122,116,17,8,16,56,21,108,192,40,104,31,29,154,52,179,27,185,111,96,171,141,98,114,64,79,177,47,88,5,186,199,83,153,150,24,95,137,175,62,120,3,169,191,162,146];True
1808;7266;9074;[34,4,109,70,19,87,121,178,127,132,130,84,77,112,93,147,66,157,103,105,74,188,144,9,142,117,167,61,45,138,41,49,78,128,42,57,197,125,145,126,143,160,91,1,33,124,180,196,36,46,140,92,82,23,189,81,0,85,22,26,176,193,168,20,170,166,38,139,63,118,48,194,29,198,174,184,35,67,32,72,163,25,51,50,190,10,165,113,156,71,44,65,37,94,173,18,131,119,11,59,80,100,30,134,148,195,97,58,158,43,7,101,181,68,123,6,149,60,54,151,110,187,39,107,55,14,13,172,12,89,75,129,15,135,53,183,69,159,164,90,28,155,73,99,106,136,115,152,2,161,102,86,133,76,122,116,17,8,16,56,21,108,192,40,104,31,182,154,52,179,27,185,111,96,171,141,98,114,64,79,177,47,88,5,186,199,83,153,150,24,95,137,175,62,120,3,169,191,162,146];False
1779;7276;9055;[34,4,109,70,19,87,121,178,127,132,130,84,77,112,93,147,66,157,103,105,74,188,144,9,142,117,167,61,45,138,41,49,78,128,42,57,197,125,145,126,143,160,91,1,33,124,180,196,36,46,140,92,82,23,189,81,0,85,22,26,176,193,168,20,170,166,38,139,63,118,48,194,182,198,174,184,35,67,32,72,163,25,51,50,190,10,165,113,156,71,44,65,37,94,173,18,131,119,11,59,80,100,30,134,148,195,97,58,158,43,7,101,181,68,123,6,137,60,54,151,110,187,39,107,55,14,13,172,12,89,75,129,15,135,53,183,69,159,164,90,28,155,73,99,106,136,115,152,2,161,102,86,133,76,122,116,17,8,16,56,21,108,192,40,104,31,29,154,52,179,27,185,111,96,171,141,98,114,64,79,177,47,88,5,186,199,83,153,150,24,95,149,175,62,120,3,169,191,162,146];True
1614;7393;9007;[34,4,129,70,19,87,121,178,111,132,130,84,77,112,93,147,66,157,103,105,74,188,144,9,142,117,57,61,45,138,41,49,78,128,42,101,197,168,145,126,143,160,91,1,33,124,180,196,36,46,140,92,82,23,189,81,0,85,22,26,176,193,109,20,170,166,38,139,63,118,48,194,182,198,174,184,35,67,32,72,163,25,51,50,190,10,165,113,156,71,44,65,37,94,173,18,131,119,11,59,80,100,30,134,148,195,97,58,158,43,7,136,181,68,123,6,149,60,54,151,110,187,39,107,55,14,13,172,12,89,75,125,15,135,53,183,69,159,164,90,28,155,73,99,106,167,115,152,2,161,102,86,133,76,122,116,17,8,16,56,21,108,192,40,104,31,29,154,52,179,27,185,127,96,171,141,98,114,64,79,177,47,88,5,186,199,83,153,150,24,95,137,175,62,120,3,169,191,162,146];True
1580;7443;9023;[34,4,129,70,19,87,121,178,127,132,130,84,77,112,93,147,66,157,103,105,74,188,144,9,142,117,57,61,45,138,41,49,78,128,42,101,197,168,145,126,143,160,91,1,33,124,180,196,36,46,140,92,82,23,189,81,0,85,22,26,176,193,109,20,170,166,38,139,63,118,48,194,182,198,174,184,35,67,32,72,163,25,51,50,190,10,165,113,156,71,44,65,37,94,173,18,131,119,11,59,80,100,30,134,148,195,97,58,158,43,7,136,181,68,123,6,149,60,54,151,110,187,39,107,55,14,13,172,12,89,75,125,15,108,53,183,69,159,164,90,28,155,73,99,106,167,115,152,2,161,102,86,133,76,122,116,17,8,16,56,21,135,192,40,104,31,29,154,52,179,27,185,111,96,171,141,98,114,64,79,177,47,88,5,186,199,83,153,150,24,95,137,175,62,120,3,169,191,162,146];False
1593;7401;8994;[34,4,129,70,19,87,121,178,127,132,130,84,77,112,93,147,66,157,103,105,74,188,144,9,142,117,57,61,45,138,41,49,78,128,42,101,197,168,145,126,143,160,91,1,33,124,180,196,36,46,140,92,82,23,189,81,0,85,22,26,176,193,109,20,170,166,38,139,63,118,48,194,182,198,174,184,35,67,32,72,163,25,51,50,190,10,165,113,156,71,44,65,37,94,173,18,131,119,11,59,80,100,30,134,148,195,97,58,158,43,7,136,181,68,123,6,149,60,54,151,110,187,39,107,55,14,13,172,12,89,75,125,15,135,53,183,69,159,164,90,28,155,73,99,106,95,115,152,2,161,102,86,133,76,122,116,17,8,16,56,21,108,192,40,104,31,29,154,52,179,27,185,111,96,171,141,98,114,64,79,177,47,88,5,186,199,83,153,150,24,167,137,175,62,120,3,169,191,162,146];True
1569;7470;9039;[34,195,129,70,19,87,121,178,127,132,130,84,77,112,93,147,66,157,103,105,74,188,9,144,142,117,57,61,45,65,41,49,78,128,42,101,197,168,145,126,143,160,91,1,33,124,180,196,36,46,140,92,82,23,189,81,0,85,22,26,176,193,109,20,170,166,38,139,63,118,48,194,182,198,174,184,35,67,32,72,163,25,51,50,190,10,165,113,156,71,44,138,37,94,173,18,131,119,11,59,80,100,30,134,148,4,97,58,158,43,7,136,181,68,123,6,149,60,54,151,110,187,39,107,55,14,13,172,12,89,75,125,15,135,53,183,69,159,164,90,28,155,73,99,106,167,115,152,2,161,102,86,133,76,122,116,17,8,16,56,21,108,192,40,104,31,29,154,52,179,27,185,111,96,171,141,98,114,64,79,177,47,88,5,186,199,83,153,150,24,95,137,175,62,120,3,169,191,162,146];False
1559;7475;9034;[34,195,129,70,19,87,121,178,127,132,130,84,77,112,93,147,66,157,103,105,74,188,144,9,142,117,57,61,45,65,41,49,78,128,42,101,197,168,145,126,35,160,91,1,33,124,180,196,36,46,140,92,82,23,189,81,0,85,22,26,176,193,109,20,170,166,38,139,63,118,48,194,182,198,174,184,143,67,32,72,163,25,51,50,190,10,165,113,156,71,44,138,37,94,173,18,131,119,11,59,80,100,30,134,148,4,97,58,158,43,7,136,181,68,123,6,149,60,54,151,110,187,39,107,55,14,13,172,12,89,75,125,15,135,53,183,69,159,164,90,28,155,73,99,106,167,115,152,2,161,102,86,133,76,122,116,17,8,16,56,21,108,192,40,104,31,29,154,52,179,27,185,111,96,171,141,98,114,64,79,177,47,88,5,186,199,83,153,150,24,95,137,175,62,120,3,169,191,162,146];False
1551;7503;9054;[34,195,129,70,19,87,121,178,127,132,130,84,77,112,93,147,66,157,103,105,74,188,144,9,142,117,57,61,45,65,41,49,78,128,42,101,197,168,145,126,143,160,91,1,33,124,180,196,36,46,140,92,82,23,189,81,0,85,22,26,176,193,109,20,170,166,38,139,63,118,48,194,182,198,174,184,35,67,32,72,163,25,51,50,190,10,165,113,156,71,44,138,37,94,173,18,131,119,11,59,80,100,30,134,148,4,97,58,158,43,7,136,181,68,123,6,149,60,54,151,110,187,39,107,55,14,13,172,12,89,75,125,15,108,53,183,69,159,164,90,28,155,73,99,106,167,115,152,2,161,102,86,133,76,122,116,17,8,16,56,21,135,192,40,104,31,29,154,52,179,27,185,111,96,171,141,98,114,64,79,177,47,88,5,186,199,83,153,150,24,95,137,175,62,120,3,169,191,162,146];False
1564;7461;9025;[34,195,129,70,19,87,121,178,127,132,130,84,77,112,93,147,66,157,103,105,74,188,144,9,142,117,57,61,45,65,41,49,78,128,42,101,197,168,145,126,143,160,91,1,33,124,180,196,36,46,140,92,82,23,189,81,0,85,22,26,176,193,109,20,170,166,38,139,63,118,48,194,182,198,174,184,35,67,32,72,163,25,51,50,190,10,165,113,156,71,44,138,37,94,173,18,131,119,11,59,80,100,30,134,148,4,97,58,158,43,7,136,181,68,123,6,149,60,54,151,110,187,39,107,55,14,13,172,12,89,75,125,15,135,53,183,69,159,164,90,28,155,73,99,106,95,115,152,2,161,102,86,133,76,122,116,17,8,16,56,21,108,192,40,104,31,29,154,52,179,27,185,111,96,171,141,98,114,64,79,177,47,88,5,186,199,83,153,150,24,167,137,175,62,120,3,169,191,162,146];False
1582;7432;9014;[34,4,129,70,19,87,121,178,127,132,130,84,77,112,93,147,66,157,103,105,74,188,9,144,142,117,57,61,45,65,41,49,78,128,42,101,197,168,145,126,35,160,91,1,33,124,180,196,36,46,140,92,82,23,189,81,0,85,22,26,176,193,109,20,170,166,38,139,63,118,48,194,182,198,174,184,143,67,32,72,163,25,51,50,190,10,165,113,156,71,44,138,37,94,173,18,131,119,11,59,80,100,30,134,148,195,97,58,158,43,7,136,181,68,123,6,149,60,54,151,110,187,39,107,55,14,13,172,12,89,75,125,15,135,53,183,69,159,164,90,28,155,73,99,106,167,115,152,2,161,102,86,133,76,122,116,17,8,16,56,21,108,192,40,104,31,29,154,52,179,27,185,111,96,171,141,98,114,64,79,177,47,88,5,186,199,83,153,150,24,95,137,175,62,120,3,169,191,162,146];False
1569;7428;8997;[34,4,129,70,19,87,121,178,127,132,130,84,77,112,93,147,66,157,103,105,74,188,144,184,142,117,57,61,45,65,41,49,78,128,42,101,197,168,145,126,35,160,91,1,33,124,180,196,36,46,140,92,82,23,189,81,0,85,22,26,176,193,109,20,170,166,38,139,63,118,48,194,182,198,174,9,143,67,32,72,163,25,51,50,190,10,165,113,156,71,44,138,37,94,173,18,131,119,11,59,80,100,30,134,148,195,97,58,158,43,7,136,181,68,123,6,149,60,54,151,110,187,39,107,55,14,13,172,12,89,75,125,15,135,53,183,69,159,164,90,28,155,73,99,106,167,115,152,2,161,102,86,133,76,122,116,17,8,16,56,21,108,192,40,104,31,29,154,52,179,27,185,111,96,171,141,98,114,64,79,177,47,88,5,186,199,83,153,150,24,95,137,175,62,120,3,169,191,162,146];False
1577;7423;9000;[34,4,129,70,19,87,121,178,127,132,130,84,77,112,93,147,66,157,103,105,74,188,144,9,142,117,57,61,45,65,41,49,78,128,42,101,197,168,145,126,35,160,91,1,33,124,180,196,36,46,140,92,82,23,189,81,0,85,22,26,176,193,109,20,170,166,38,139,63,118,48,194,182,198,174,184,143,67,32,72,163,25,51,50,190,10,165,113,156,71,44,138,37,94,173,18,131,119,11,59,80,100,30,134,148,195,97,58,158,43,7,136,181,68,123,6,149,60,54,151,110,187,39,107,55,14,13,172,12,89,75,125,15,135,53,183,69,159,164,90,28,155,73,99,106,95,115,152,2,161,102,86,133,76,122,116,17,8,16,56,21,108,192,40,104,31,29,154,52,179,27,185,111,96,171,141,98,114,64,79,177,47,88,5,186,199,83,153,150,24,167,137,175,62,120,3,169,191,162,146];False
1587;7418;9005;[34,4,129,70,19,87,121,178,127,132,130,84,77,112,93,147,66,157,103,105,74,188,9,144,142,117,57,61,45,65,41,49,78,128,42,101,197,168,145,126,143,160,91,1,33,124,180,196,36,46,140,92,82,23,189,81,0,85,22,26,176,193,109,20,170,166,38,139,63,118,48,194,182,198,174,184,35,67,32,72,163,25,51,50,190,10,165,113,156,71,44,138,37,94,173,18,131,119,11,59,80,100,30,134,148,195,97,58,158,43,7,136,181,68,123,6,149,60,54,151,110,187,39,107,55,14,13,172,12,89,75,125,15,135,53,183,69,159,164,90,28,155,73,99,106,95,115,152,2,161,102,86,133,76,122,116,17,8,16,56,21,108,192,40,104,31,29,154,52,179,27,185,111,96,171,141,98,114,64,79,177,47,88,5,186,199,83,153,150,24,167,137,175,62,120,3,169,191,162,146];False
1676;7332;9008;[34,4,129,70,19,87,121,178,111,132,130,84,77,112,93,147,66,157,103,105,74,188,144,9,142,117,167,61,45,138,41,49,78,128,42,57,197,168,145,126,143,160,91,1,33,124,180,196,36,46,140,92,82,23,189,7,0,85,22,26,176,193,109,20,170,166,38,139,63,118,48,194,182,198,174,184,35,67,32,72,163,25,51,50,190,10,165,113,156,71,44,65,37,94,173,18,131,119,11,59,80,100,30,134,148,195,97,58,158,43,52,101,181,68,123,6,149,60,54,151,110,81,39,107,55,14,13,172,12,89,75,125,15,135,53,183,69,159,164,90,28,155,73,99,106,136,115,152,2,161,102,86,133,76,122,116,17,8,16,56,21,108,192,40,104,31,29,154,187,179,27,185,127,96,171,141,98,114,64,79,177,47,88,5,186,199,83,153,150,24,95,137,175,62,120,3,169,191,162,146];True
1689;7325;9014;[34,4,129,70,19,87,121,178,127,132,130,84,77,112,93,147,66,157,103,105,74,188,144,9,142,117,167,61,45,138,41,49,78,128,42,57,197,168,145,126,143,160,91,1,33,124,180,196,36,46,140,92,82,24,189,7,0,85,22,26,176,193,109,20,170,166,38,139,63,118,48,194,182,198,174,184,35,67,32,72,163,25,51,50,190,10,165,113,156,71,44,65,37,94,173,18,131,119,11,59,80,100,30,134,148,195,97,58,158,43,52,101,181,68,123,6,149,60,54,151,110,81,39,107,55,14,13,172,12,89,75,125,15,135,53,183,69,159,164,90,28,155,73,99,106,136,115,152,2,161,102,86,133,76,122,116,17,8,16,56,21,108,192,40,104,31,29,154,187,179,27,185,111,96,171,141,98,114,64,79,177,47,88,5,186,199,83,153,150,23,95,137,175,62,120,3,169,191,162,146];True
1650;7354;9004;[34,4,129,70,19,87,121,178,127,132,130,84,77,112,93,147,66,157,103,105,74,188,144,9,142,117,167,61,45,138,41,49,78,128,42,57,197,168,145,126,35,160,91,1,33,124,180,196,36,46,140,92,82,23,189,7,0,85,22,26,176,193,109,20,170,166,38,139,63,118,48,194,182,198,174,184,143,67,32,72,163,25,51,50,190,10,165,113,156,71,44,65,37,94,173,18,131,119,11,59,80,100,30,134,148,195,97,58,158,43,52,101,181,68,123,6,149,60,54,151,110,81,39,107,55,14,13,172,12,89,75,125,15,135,53,183,69,159,164,90,28,155,73,99,106,136,115,152,2,161,102,86,133,76,122,116,17,8,16,56,21,108,192,40,104,31,29,154,187,179,27,185,111,96,171,141,98,114,64,79,177,47,88,5,186,199,83,153,150,24,95,137,175,62,120,3,169,191,162,146];True
1675;7335;9010;[34,4,129,70,19,87,121,178,127,132,130,84,77,112,93,147,66,157,103,105,74,188,144,9,142,117,167,61,45,138,41,49,78,128,42,57,197,168,145,126,143,160,91,1,33,124,180,196,36,46,140,92,82,23,189,7,0,85,22,26,176,193,109,20,170,166,38,139,63,118,48,194,182,198,174,184,35,67,32,72,163,25,51,50,190,10,165,113,156,71,44,65,37,94,173,18,131,119,11,59,80,100,30,134,148,195,97,58,158,43,101,52,181,68,123,6,149,60,54,151,110,81,39,107,55,14,13,172,12,89,75,125,15,135,53,183,69,159,164,90,28,155,73,99,106,136,115,152,2,161,102,86,133,76,122,116,17,8,16,56,21,108,192,40,104,31,29,154,187,179,27,185,111,96,171,141,98,114,64,79,177,47,88,5,186,199,83,153,150,24,95,137,175,62,120,3,169,191,162,146];True
1631;7367;8998;[34,4,129,70,19,87,121,178,127,132,130,84,77,112,93,147,66,157,103,105,74,188,144,184,142,117,167,61,45,65,41,49,78,128,42,57,197,168,145,126,35,160,91,1,33,124,180,196,36,46,140,92,82,23,189,7,0,85,22,26,176,193,109,20,170,166,38,139,63,118,48,194,182,198,174,9,143,67,32,72,163,25,51,50,190,10,165,113,156,71,44,138,37,94,173,18,131,119,11,59,80,100,30,134,148,195,97,58,158,43,52,101,181,68,123,6,149,60,54,151,110,81,39,107,55,14,13,172,12,89,75,125,15,135,53,183,69,159,164,90,28,155,73,99,106,136,115,152,2,161,102,86,133,76,122,116,17,8,16,56,21,108,192,40,104,31,29,154,187,179,27,185,111,96,171,141,98,114,64,79,177,47,88,5,186,199,83,153,150,24,95,137,175,62,120,3,169,191,162,146];True
1799;7268;9067;[34,4,109,70,19,87,121,178,111,132,130,84,77,112,93,147,66,157,103,105,74,188,144,9,142,117,167,61,45,138,41,49,78,128,42,57,197,125,145,126,143,160,91,1,33,124,180,196,36,46,140,92,82,24,189,81,0,85,22,26,176,193,168,20,170,166,38,139,63,118,48,194,182,198,174,184,35,67,32,72,163,25,51,50,190,10,165,113,156,71,44,65,37,94,173,18,131,119,11,59,80,100,30,134,148,195,97,58,158,43,7,101,181,68,123,6,149,60,54,151,110,187,39,107,55,14,13,172,12,89,75,129,15,135,53,183,69,159,164,90,28,155,73,99,106,136,115,152,2,161,102,86,133,76,122,116,17,8,16,56,21,108,192,40,104,31,29,154,52,179,27,185,127,96,171,141,98,114,64,79,177,47,88,5,186,199,83,153,150,23,95,137,175,62,120,3,169,191,162,146];True
1823;7261;9084;[34,4,109,70,19,87,121,178,111,132,130,84,77,112,93,147,66,157,103,105,74,188,144,9,142,117,167,61,45,138,41,49,78,128,42,57,197,125,145,126,143,160,91,1,33,124,180,196,36,46,140,92,82,23,189,81,0,85,22,26,176,193,168,20,170,166,38,139,63,118,48,194,29,198,174,184,35,67,32,72,163,25,51,50,190,10,165,113,156,71,44,65,37,94,173,18,131,119,11,59,80,100,30,134,148,195,97,58,158,43,7,101,181,68,123,6,149,60,54,151,110,187,39,107,55,14,13,172,12,89,75,129,15,135,53,183,69,159,164,90,28,155,73,99,106,136,115,152,2,161,102,86,133,76,122,116,17,8,16,56,21,108,192,40,104,31,182,154,52,179,27,185,127,96,171,141,98,114,64,79,177,47,88,5,186,199,83,153,150,24,95,137,175,62,120,3,169,191,162,146];False
1822;7259;9081;[34,4,109,70,19,87,121,178,127,132,130,84,77,112,93,147,66,157,103,105,74,188,144,9,142,117,167,61,45,138,41,49,78,128,42,57,197,125,145,126,143,160,91,1,33,124,180,196,36,46,140,92,82,24,189,81,0,85,22,26,176,193,168,20,67,166,38,139,63,118,48,194,182,198,174,184,35,170,32,72,163,25,51,50,190,10,165,113,156,71,44,65,37,94,173,18,131,119,11,59,80,100,30,134,148,195,97,58,158,43,7,101,181,68,123,6,149,60,54,151,110,187,39,107,55,14,13,172,12,89,75,129,15,135,53,183,69,159,164,90,28,155,73,99,106,136,115,152,2,161,102,86,133,76,122,116,17,8,16,56,21,108,192,40,104,31,29,154,52,179,27,185,111,96,171,141,98,114,64,79,177,47,88,5,186,199,83,153,150,23,95,137,175,62,120,3,169,191,162,146];True
1816;7265;9081;[34,4,109,70,19,87,121,178,127,132,130,84,77,112,93,147,66,157,103,105,74,188,144,9,142,117,167,61,45,138,41,49,78,128,42,57,197,125,145,126,143,160,91,1,33,124,180,196,36,46,140,92,82,24,189,81,0,85,22,26,176,193,168,20,170,166,38,139,63,118,48,194,31,198,174,184,35,67,32,72,163,25,51,50,190,10,165,113,156,71,44,65,37,94,173,18,131,119,11,59,80,100,30,134,148,195,97,58,158,43,7,101,181,68,123,6,149,60,54,151,110,187,39,107,55,14,13,172,12,89,75,129,15,135,53,183,69,159,164,90,28,155,73,99,106,136,115,152,2,161,102,86,133,76,122,116,17,8,16,56,21,108,192,40,104,182,29,154,52,179,27,185,111,96,171,141,98,114,64,79,177,47,88,5,186,199,83,153,150,23,95,137,175,62,120,3,169,191,162,146];False
1836;7254;9090;[34,4,109,70,19,87,121,178,127,132,130,84,77,112,93,147,66,157,103,105,74,188,144,9,142,117,167,61,45,138,41,49,78,128,42,57,197,125,145,126,143,160,91,1,33,124,180,196,36,46,140,92,82,24,189,81,0,85,22,26,176,193,168,20,170,166,38,139,63,118,48,194,29,198,174,184,35,67,32,72,163,25,51,50,190,10,165,113,156,71,44,65,37,94,173,18,131,119,11,59,80,100,30,134,148,195,97,58,158,43,7,101,181,68,123,6,149,60,54,151,110,187,39,107,55,14,13,172,12,89,75,129,15,135,53,183,69,159,164,90,28,155,73,99,106,136,115,152,2,161,102,86,133,76,122,116,17,8,16,56,21,108,192,40,104,31,182,154,52,179,27,185,111,96,171,141,98,114,64,79,177,47,88,5,186,199,83,153,150,23,95,137,175,62,120,3,169,191,162,146];True
1807;7264;9071;[34,4,109,70,19,87,121,178,127,132,130,84,77,112,93,147,66,157,103,105,74,188,144,9,142,117,167,61,45,138,41,49,78,128,42,57,197,125,145,126,143,160,91,1,33,124,180,196,36,46,140,92,82,24,189,81,0,85,22,26,176,193,168,20,170,166,38,139,63,118,48,194,182,198,174,184,35,67,32,72,163,25,51,50,190,10,165,113,156,71,44,65,37,94,173,18,131,119,11,59,80,100,30,134,148,195,97,58,158,43,7,101,181,68,123,6,137,60,54,151,110,187,39,107,55,14,13,172,12,89,75,129,15,135,53,183,69,159,164,90,28,155,73,99,106,136,115,152,2,161,102,86,133,76,122,116,17,8,16,56,21,108,192,40,104,31,29,154,52,179,27,185,111,96,171,141,98,114,64,79,177,47,88,5,186,199,83,153,150,23,95,149,175,62,120,3,169,191,162,146];True
1846;7252;9098;[34,4,109,70,19,87,121,178,127,132,130,84,77,112,93,147,66,157,103,105,74,188,144,9,142,117,167,61,45,138,41,49,78,128,42,57,197,125,145,126,143,160,91,1,33,124,180,196,36,46,140,92,82,23,189,81,0,85,22,26,176,193,168,20,67,166,38,139,63,118,48,194,29,198,174,184,35,170,32,72,163,25,51,50,190,10,165,113,156,71,44,65,37,94,173,18,131,119,11,59,80,100,30,134,148,195,97,58,158,43,7,101,181,68,123,6,149,60,54,151,110,187,39,107,55,14,13,172,12,89,75,129,15,135,53,183,69,159,164,90,28,155,73,99,106,136,115,152,2,161,102,86,133,76,122,116,17,8,16,56,21,108,192,40,104,31,182,154,52,179,27,185,111,96,171,141,98,114,64,79,177,47,88,5,186,199,83,153,150,24,95,137,175,62,120,3,169,191,162,146];False
1817;7262;9079;[34,4,109,70,19,87,121,178,127,132,130,84,77,112,93,147,66,157,103,105,74,188,144,9,142,117,167,61,45,138,41,49,78,128,42,57,197,125,145,126,143,160,91,1,33,124,180,196,36,46,140,92,82,23,189,81,0,85,22,26,176,193,168,20,67,166,38,139,63,118,48,194,182,198,174,184,35,170,32,72,163,25,51,50,190,10,165,113,156,71,44,65,37,94,173,18,131,119,11,59,80,100,30,134,148,195,97,58,158,43,7,101,181,68,123,6,137,60,54,151,110,187,39,107,55,14,13,172,12,89,75,129,15,135,53,183,69,159,164,90,28,155,73,99,106,136,115,152,2,161,102,86,133,76,122,116,17,8,16,56,21,108,192,40,104,31,29,154,52,179,27,185,111,96,171,141,98,114,64,79,177,47,88,5,186,199,83,153,150,24,95,149,175,62,120,3,169,191,162,146];True
1831;7257;9088;[34,4,109,70,19,87,121,178,127,132,130,84,77,112,93,147,66,157,103,105,74,188,144,9,142,117,167,61,45,138,41,49,78,128,42,57,197,125,145,126,143,160,91,1,33,124,180,196,36,46,140,92,82,23,189,81,0,85,22,26,176,193,168,20,170,166,38,139,63,118,48,194,29,198,174,184,35,67,32,72,163,25,51,50,190,10,165,113,156,71,44,65,37,94,173,18,131,119,11,59,80,100,30,134,148,195,97,58,158,43,7,101,181,68,123,6,137,60,54,151,110,187,39,107,55,14,13,172,12,89,75,129,15,135,53,183,69,159,164,90,28,155,73,99,106,136,115,152,2,161,102,86,133,76,122,116,17,8,16,56,21,108,192,40,104,31,182,154,52,179,27,185,111,96,171,141,98,114,64,79,177,47,88,5,186,199,83,153,150,24,95,149,175,62,120,3,169,191,162,146];True
1608;7396;9004;[34,4,129,70,19,87,121,178,111,132,130,84,77,112,93,147,66,157,103,105,74,188,144,9,142,117,57,61,45,138,41,49,78,128,42,101,197,168,145,126,143,160,91,1,33,124,180,196,36,46,140,92,82,23,189,81,0,85,22,26,176,193,109,20,170,166,38,139,63,118,48,194,182,198,174,184,35,67,32,72,163,25,51,50,190,10,165,113,156,71,44,65,37,94,173,18,131,119,11,59,80,100,30,134,148,195,97,58,158,43,7,136,181,68,123,6,149,60,54,151,110,187,39,107,55,14,13,172,12,89,75,125,15,135,53,183,69,159,164,90,28,155,73,99,106,95,115,152,2,161,102,86,133,76,122,116,17,8,16,56,21,108,192,40,104,31,29,154,52,179,27,185,127,96,171,141,98,114,64,79,177,47,88,5,186,199,83,153,150,24,167,137,175,62,120,3,169,191,162,146];True
1582;7418;9000;[34,4,129,70,19,87,121,178,127,132,130,84,77,112,93,147,66,157,103,105,74,188,144,9,142,117,57,61,45,138,41,49,78,128,42,101,197,168,145,126,35,160,91,1,33,124,180,196,36,46,140,92,82,23,189,81,0,85,22,26,176,193,109,20,170,166,38,139,63,118,48,194,182,198,174,184,143,67,32,72,163,25,51,50,190,10,165,113,156,71,44,65,37,94,173,18,131,119,11,59,80,100,30,134,148,195,97,58,158,43,7,136,181,68,123,6,149,60,54,151,110,187,39,107,55,14,13,172,12,89,75,125,15,135,53,183,69,159,164,90,28,155,73,99,106,95,115,152,2,161,102,86,133,76,122,116,17,8,16,56,21,108,192,40,104,31,29,154,52,179,27,185,111,96,171,141,98,114,64,79,177,47,88,5,186,199,83,153,150,24,167,137,175,62,120,3,169,191,162,146];True
1558;7487;9045;[34,195,129,70,19,87,121,178,127,132,130,84,77,112,93,147,66,157,103,105,74,188,9,144,142,117,57,61,45,65,41,49,78,128,42,101,197,168,145,126,35,160,91,1,33,124,180,196,36,46,140,92,82,23,189,81,0,85,22,26,176,193,109,20,170,166,38,139,63,118,48,194,182,198,174,184,143,67,32,72,163,25,51,50,190,10,165,113,156,71,44,138,37,94,173,18,131,119,11,59,80,100,30,134,148,4,97,58,158,43,7,136,181,68,123,6,149,60,54,151,110,187,39,107,55,14,13,172,12,89,75,125,15,135,53,183,69,159,164,90,28,155,73,99,106,167,115,152,2,161,102,86,133,76,122,116,17,8,16,56,21,108,192,40,104,31,29,154,52,179,27,185,111,96,171,141,98,114,64,79,177,47,88,5,186,199,83,153,150,24,95,137,175,62,120,3,169,191,162,146];False
1545;7483;9028;[34,195,129,70,19,87,121,178,127,132,130,84,77,112,93,147,66,157,103,105,74,188,144,184,142,117,57,61,45,65,41,49,78,128,42,101,197,168,145,126,35,160,91,1,33,124,180,196,36,46,140,92,82,23,189,81,0,85,22,26,176,193,109,20,170,166,38,139,63,118,48,194,182,198,174,9,143,67,32,72,163,25,51,50,190,10,165,113,156,71,44,138,37,94,173,18,131,119,11,59,80,100,30,134,148,4,97,58,158,43,7,136,181,68,123,6,149,60,54,151,110,187,39,107,55,14,13,172,12,89,75,125,15,135,53,183,69,159,164,90,28,155,73,99,106,167,115,152,2,161,102,86,133,76,122,116,17,8,16,56,21,108,192,40,104,31,29,154,52,179,27,185,111,96,171,141,98,114,64,79,177,47,88,5,186,199,83,153,150,24,95,137,175,62,120,3,169,191,162,146];True
1539;7542;9081;[34,195,129,70,19,87,121,178,127,132,130,84,77,112,93,147,66,157,103,105,74,188,144,9,142,117,57,61,45,65,41,49,78,128,42,101,197,168,145,126,35,160,91,1,33,124,180,196,36,46,140,92,82,23,189,81,0,85,22,26,176,193,109,20,170,166,38,139,63,118,48,194,182,198,174,184,143,67,32,72,163,25,51,50,190,10,165,113,156,71,44,138,37,94,173,18,131,119,11,59,80,100,30,134,148,4,97,58,158,43,7,136,181,68,123,27,149,60,54,151,110,187,39,107,55,14,13,172,12,89,75,125,15,135,53,183,69,159,164,90,28,155,73,99,106,167,115,152,2,161,102,86,133,76,122,116,17,8,16,56,21,108,192,40,104,31,29,154,52,179,6,185,111,96,171,141,98,114,64,79,177,47,88,5,186,199,83,153,150,24,95,137,175,62,120,3,169,191,162,146];True
1540;7520;9060;[34,195,129,70,19,87,121,178,127,132,130,84,77,112,93,147,66,157,103,105,74,188,144,9,142,117,57,61,45,65,41,49,78,128,42,101,197,168,145,126,35,160,91,1,33,124,180,196,36,46,140,92,82,23,189,81,0,85,22,26,176,193,109,20,170,166,38,139,63,118,48,194,182,198,174,184,143,67,32,72,163,25,51,50,190,10,165,113,156,71,44,138,37,94,173,18,131,119,11,59,80,100,30,134,148,4,97,58,158,43,7,136,181,68,123,6,149,60,54,151,110,187,39,107,55,14,13,172,12,89,75,125,15,108,53,183,69,159,164,90,28,155,73,99,106,167,115,152,2,161,102,86,133,76,122,116,17,8,16,56,21,135,192,40,104,31,29,154,52,179,27,185,111,96,171,141,98,114,64,79,177,47,88,5,186,199,83,153,150,24,95,137,175,62,120,3,169,191,162,146];True
1553;7478;9031;[34,195,129,70,19,87,121,178,127,132,130,84,77,112,93,147,66,157,103,105,74,188,144,9,142,117,57,61,45,65,41,49,78,128,42,101,197,168,145,126,35,160,91,1,33,124,180,196,36,46,140,92,82,23,189,81,0,85,22,26,176,193,109,20,170,166,38,139,63,118,48,194,182,198,174,184,143,67,32,72,163,25,51,50,190,10,165,113,156,71,44,138,37,94,173,18,131,119,11,59,80,100,30,134,148,4,97,58,158,43,7,136,181,68,123,6,149,60,54,151,110,187,39,107,55,14,13,172,12,89,75,125,15,135,53,183,69,159,164,90,28,155,73,99,106,95,115,152,2,161,102,86,133,76,122,116,17,8,16,56,21,108,192,40,104,31,29,154,52,179,27,185,111,96,171,141,98,114,64,79,177,47,88,5,186,199,83,153,150,24,167,137,175,62,120,3,169,191,162,146];False
1563;7473;9036;[34,195,129,70,19,87,121,178,127,132,130,84,77,112,93,147,66,157,103,105,74,188,9,144,142,117,57,61,45,65,41,49,78,128,42,101,197,168,145,126,143,160,91,1,33,124,180,196,36,46,140,92,82,23,189,81,0,85,22,26,176,193,109,20,170,166,38,139,63,118,48,194,182,198,174,184,35,67,32,72,163,25,51,50,190,10,165,113,156,71,44,138,37,94,173,18,131,119,11,59,80,100,30,134,148,4,97,58,158,43,7,136,181,68,123,6,149,60,54,151,110,187,39,107,55,14,13,172,12,89,75,125,15,135,53,183,69,159,164,90,28,155,73,99,106,95,115,152,2,161,102,86,133,76,122,116,17,8,16,56,21,108,192,40,104,31,29,154,52,179,27,185,111,96,171,141,98,114,64,79,177,47,88,5,186,199,83,153,150,24,167,137,175,62,120,3,169,191,162,146];False
1574;7423;8997;[34,4,129,70,19,87,121,178,127,132,130,84,77,112,93,147,66,157,103,105,74,188,144,184,142,117,57,61,45,138,41,49,78,128,42,101,197,168,145,126,35,160,91,1,33,124,180,196,36,46,140,92,82,23,189,81,0,85,22,26,176,193,109,20,170,166,38,139,63,118,48,194,182,198,174,9,143,67,32,72,163,25,51,50,190,10,165,113,156,71,44,65,37,94,173,18,131,119,11,59,80,100,30,134,148,195,97,58,158,43,7,136,181,68,123,6,149,60,54,151,110,187,39,107,55,14,13,172,12,89,75,125,15,135,53,183,69,159,164,90,28,155,73,99,106,167,115,152,2,161,102,86,133,76,122,116,17,8,16,56,21,108,192,40,104,31,29,154,52,179,27,185,111,96,171,141,98,114,64,79,177,47,88,5,186,199,83,153,150,24,95,137,175,62,120,3,169,191,162,146];True
1566;7455;9021;[34,4,129,70,19,87,121,178,127,132,130,84,77,112,93,147,66,157,103,105,74,188,144,184,142,117,57,61,45,65,41,115,78,128,42,101,197,168,145,126,35,160,91,1,33,124,180,196,36,46,140,92,82,23,189,81,0,85,22,26,176,193,109,20,170,166,38,139,63,118,48,194,182,198,174,9,143,67,32,72,163,25,51,50,190,10,165,113,156,71,44,138,37,94,173,18,131,119,11,59,80,100,30,134,148,195,97,58,158,43,7,136,181,68,123,6,149,60,54,151,110,187,39,107,55,14,13,172,12,89,75,125,15,135,53,183,69,159,164,90,28,155,73,99,106,167,49,152,2,161,102,86,133,76,122,116,17,8,16,56,21,108,192,40,104,31,29,154,52,179,27,185,111,96,171,141,98,114,64,79,177,47,88,5,186,199,83,153,150,24,95,137,175,62,120,3,169,191,162,146];False
1555;7468;9023;[34,4,129,70,19,87,121,178,127,132,130,84,77,112,93,147,66,157,103,105,74,188,144,184,142,117,57,61,45,65,41,49,78,128,42,101,197,168,145,126,35,160,91,1,33,124,180,196,36,46,140,92,82,23,189,81,0,85,22,26,176,193,109,20,170,166,38,139,63,118,48,194,182,198,15,9,143,67,32,72,163,25,51,50,190,10,165,113,156,71,44,138,37,94,173,18,131,119,11,59,80,100,30,134,148,195,97,58,158,43,7,136,181,68,123,6,149,60,54,151,110,187,39,107,55,14,13,172,12,89,75,125,174,135,53,183,69,159,164,90,28,155,73,99,106,167,115,152,2,161,102,86,133,76,122,116,17,8,16,56,21,108,192,40,104,31,29,154,52,179,27,185,111,96,171,141,98,114,64,79,177,47,88,5,186,199,83,153,150,24,95,137,175,62,120,3,169,191,162,146];True
1550;7473;9023;[34,4,129,70,19,87,121,178,127,132,130,84,77,112,93,147,66,157,103,105,74,188,144,184,142,117,57,61,45,65,41,49,78,128,42,101,197,168,145,126,35,160,91,1,33,124,180,196,36,46,140,92,82,23,189,81,0,85,22,26,176,193,109,20,170,166,38,139,63,118,48,194,182,198,174,9,143,67,32,72,163,25,51,50,190,10,165,113,156,71,44,138,37,94,173,18,131,119,11,59,80,100,30,134,148,195,97,58,158,43,7,136,181,68,123,6,149,60,54,151,110,187,39,107,55,14,13,172,12,89,75,125,15,108,53,183,69,159,164,90,28,155,73,99,106,167,115,152,2,161,102,86,133,76,122,116,17,8,16,56,21,135,192,40,104,31,29,154,52,179,27,185,111,96,171,141,98,114,64,79,177,47,88,5,186,199,83,153,150,24,95,137,175,62,120,3,169,191,162,146];True
1563;7431;8994;[34,4,129,70,19,87,121,178,127,132,130,84,77,112,93,147,66,157,103,105,74,188,144,184,142,117,57,61,45,65,41,49,78,128,42,101,197,168,145,126,35,160,91,1,33,124,180,196,36,46,140,92,82,23,189,81,0,85,22,26,176,193,109,20,170,166,38,139,63,118,48,194,182,198,174,9,143,67,32,72,163,25,51,50,190,10,165,113,156,71,44,138,37,94,173,18,131,119,11,59,80,100,30,134,148,195,97,58,158,43,7,136,181,68,123,6,149,60,54,151,110,187,39,107,55,14,13,172,12,89,75,125,15,135,53,183,69,159,164,90,28,155,73,99,106,95,115,152,2,161,102,86,133,76,122,116,17,8,16,56,21,108,192,40,104,31,29,154,52,179,27,185,111,96,171,141,98,114,64,79,177,47,88,5,186,199,83,153,150,24,167,137,175,62,120,3,169,191,162,146];True
1636;7362;8998;[34,4,129,70,19,87,121,178,127,132,130,84,77,112,93,147,66,157,103,105,74,188,144,184,142,117,167,61,45,138,41,49,78,128,42,57,197,168,145,126,35,160,91,1,33,124,180,196,36,46,140,92,82,23,189,7,0,85,22,26,176,193,109,20,170,166,38,139,63,118,48,194,182,198,174,9,143,67,32,72,163,25,51,50,190,10,165,113,156,71,44,65,37,94,173,18,131,119,11,59,80,100,30,134,148,195,97,58,158,43,52,101,181,68,123,6,149,60,54,151,110,81,39,107,55,14,13,172,12,89,75,125,15,135,53,183,69,159,164,90,28,155,73,99,106,136,115,152,2,161,102,86,133,76,122,116,17,8,16,56,21,108,192,40,104,31,29,154,187,179,27,185,111,96,171,141,98,114,64,79,177,47,88,5,186,199,83,153,150,24,95,137,175,62,120,3,169,191,162,146];True
1851;7249;9100;[34,4,109,70,19,87,121,178,111,132,130,84,77,112,93,147,66,157,103,105,74,188,144,9,142,117,167,61,45,138,41,49,78,128,42,57,197,125,145,126,143,160,91,1,33,124,180,196,36,46,140,92,82,24,189,81,0,85,22,26,176,193,168,20,170,166,38,139,63,118,48,194,29,198,174,184,35,67,32,72,163,25,51,50,190,10,165,113,156,71,44,65,37,94,173,18,131,119,11,59,80,100,30,134,148,195,97,58,158,43,7,101,181,68,123,6,149,60,54,151,110,187,39,107,55,14,13,172,12,89,75,129,15,135,53,183,69,159,164,90,28,155,73,99,106,136,115,152,2,161,102,86,133,76,122,116,17,8,16,56,21,108,192,40,104,31,182,154,52,179,27,185,127,96,171,141,98,114,64,79,177,47,88,5,186,199,83,153,150,23,95,137,175,62,120,3,169,191,162,146];True
1815;7263;9078;[34,4,109,70,19,87,121,178,111,132,130,84,77,112,93,147,66,157,103,105,74,188,144,9,142,117,167,61,45,138,41,49,78,128,42,57,197,125,145,126,143,160,91,1,33,124,180,196,36,46,140,92,82,24,189,81,0,85,22,26,176,193,168,20,170,166,38,139,63,118,48,194,182,198,174,184,35,67,32,72,163,25,51,50,190,10,165,113,156,71,44,65,37,94,173,18,131,119,11,59,80,100,30,134,148,195,97,58,158,43,7,101,181,68,123,6,149,60,54,151,110,187,39,107,55,14,13,172,12,89,75,129,15,135,53,183,69,159,164,90,28,155,73,99,106,136,115,152,2,161,102,86,133,76,52,116,17,8,16,56,21,108,192,40,104,31,29,154,122,179,27,185,127,96,171,141,98,114,64,79,177,47,88,5,186,199,83,153,150,23,95,137,175,62,120,3,169,191,162,146];True
1874;7240;9114;[34,4,109,70,19,87,121,178,127,132,130,84,77,112,93,147,66,157,103,105,74,188,144,9,142,117,167,61,45,138,41,49,78,128,42,57,197,125,145,126,143,160,91,1,33,124,180,196,36,46,140,92,82,24,189,81,0,85,22,26,176,193,168,20,67,166,38,139,63,118,48,194,29,198,174,184,35,170,32,72,163,25,51,50,190,10,165,113,156,71,44,65,37,94,173,18,131,119,11,59,80,100,30,134,148,195,97,58,158,43,7,101,181,68,123,6,149,60,54,151,110,187,39,107,55,14,13,172,12,89,75,129,15,135,53,183,69,159,164,90,28,155,73,99,106,136,115,152,2,161,102,86,133,76,122,116,17,8,16,56,21,108,192,40,104,31,182,154,52,179,27,185,111,96,171,141,98,114,64,79,177,47,88,5,186,199,83,153,150,23,95,137,175,62,120,3,169,191,162,146];True
1845;7250;9095;[34,4,109,70,19,87,121,178,127,132,130,84,77,112,93,147,66,157,103,105,74,188,144,9,142,117,167,61,45,138,41,49,78,128,42,57,197,125,145,126,143,160,91,1,33,124,180,196,36,46,140,92,82,24,189,81,0,85,22,26,176,193,168,20,67,166,38,139,63,118,48,194,182,198,174,184,35,170,32,72,163,25,51,50,190,10,165,113,156,71,44,65,37,94,173,18,131,119,11,59,80,100,30,134,148,195,97,58,158,43,7,101,181,68,123,6,137,60,54,151,110,187,39,107,55,14,13,172,12,89,75,129,15,135,53,183,69,159,164,90,28,155,73,99,106,136,115,152,2,161,102,86,133,76,122,116,17,8,16,56,21,108,192,40,104,31,29,154,52,179,27,185,111,96,171,141,98,114,64,79,177,47,88,5,186,199,83,153,150,23,95,149,175,62,120,3,169,191,162,146];True
1857;7245;9102;[34,4,109,70,19,87,121,178,127,132,130,84,77,112,93,147,66,157,103,105,74,188,144,9,142,117,167,61,45,138,41,49,78,128,42,57,197,125,145,126,143,160,91,1,182,124,180,196,36,46,140,92,82,24,189,81,0,85,22,26,176,193,168,20,170,166,38,139,63,118,48,194,29,198,174,184,35,67,32,72,163,25,51,50,190,10,165,113,156,71,44,65,37,94,173,18,131,119,11,59,80,100,30,134,148,195,97,58,158,43,7,101,181,68,123,6,149,60,54,151,110,187,39,107,55,14,13,172,12,89,75,129,15,135,53,183,69,159,164,90,28,155,73,99,106,136,115,152,2,161,102,86,133,76,122,116,17,8,16,56,21,108,192,40,104,31,33,154,52,179,27,185,111,96,171,141,98,114,64,79,177,47,88,5,186,199,83,153,150,23,95,137,175,62,120,3,169,191,162,146];True
1924;7228;9152;[34,4,109,70,19,87,121,178,127,132,130,84,77,112,93,147,66,157,103,105,74,188,144,9,142,117,167,61,45,138,41,49,78,128,42,57,197,125,145,126,143,160,91,1,33,124,180,196,36,46,140,92,82,24,189,81,0,85,22,26,176,193,168,20,170,166,38,139,63,118,48,194,29,198,174,184,35,67,32,72,163,25,51,50,190,10,165,113,156,71,44,65,37,94,173,18,131,119,11,59,80,100,30,134,148,195,97,58,158,43,7,101,181,68,123,6,149,60,54,151,110,187,39,107,55,14,13,172,12,89,75,129,15,135,53,183,69,159,164,90,28,155,73,99,106,136,115,152,2,161,102,86,133,76,122,116,17,8,16,56,21,108,192,40,104,31,191,154,52,179,27,185,111,96,171,141,98,114,64,79,177,47,88,5,186,199,83,153,150,23,95,137,175,62,120,3,169,182,162,146];True
1869;7243;9112;[34,4,109,70,19,87,121,178,127,132,130,84,77,112,93,147,66,157,103,105,74,188,144,9,142,117,167,61,45,138,41,49,78,128,42,57,197,125,145,126,143,160,91,1,33,124,180,196,36,46,140,92,82,23,189,81,0,85,22,26,176,193,168,20,67,166,38,139,63,118,48,194,29,198,174,184,35,170,32,72,163,25,51,50,190,10,165,113,156,71,44,65,37,94,173,18,131,119,11,59,80,100,30,134,148,195,97,58,158,43,7,101,181,68,123,6,137,60,54,151,110,187,39,107,55,14,13,172,12,89,75,129,15,135,53,183,69,159,164,90,28,155,73,99,106,136,115,152,2,161,102,86,133,76,122,116,17,8,16,56,21,108,192,40,104,31,182,154,52,179,27,185,111,96,171,141,98,114,64,79,177,47,88,5,186,199,83,153,150,24,95,149,175,62,120,3,169,191,162,146];True
1852;7248;9100;[34,4,109,70,19,87,121,178,127,132,130,84,77,112,93,147,66,157,103,105,74,188,144,9,142,117,167,61,45,138,41,49,78,128,42,57,197,125,145,126,143,160,91,1,182,124,180,196,36,46,140,92,82,23,189,81,0,85,22,26,176,193,168,20,170,166,38,139,63,118,48,194,29,198,174,184,35,67,32,72,163,25,51,50,190,10,165,113,156,71,44,65,37,94,173,18,131,119,11,59,80,100,30,134,148,195,97,58,158,43,7,101,181,68,123,6,137,60,54,151,110,187,39,107,55,14,13,172,12,89,75,129,15,135,53,183,69,159,164,90,28,155,73,99,106,136,115,152,2,161,102,86,133,76,122,116,17,8,16,56,21,108,192,40,104,31,33,154,52,179,27,185,111,96,171,141,98,114,64,79,177,47,88,5,186,199,83,153,150,24,95,149,175,62,120,3,169,191,162,146];True
1919;7231;9150;[34,4,109,70,19,87,121,178,127,132,130,84,77,112,93,147,66,157,103,105,74,188,144,9,142,117,167,61,45,138,41,49,78,128,42,57,197,125,145,126,143,160,91,1,33,124,180,196,36,46,140,92,82,23,189,81,0,85,22,26,176,193,168,20,170,166,38,139,63,118,48,194,29,198,174,184,35,67,32,72,163,25,51,50,190,10,165,113,156,71,44,65,37,94,173,18,131,119,11,59,80,100,30,134,148,195,97,58,158,43,7,101,181,68,123,6,137,60,54,151,110,187,39,107,55,14,13,172,12,89,75,129,15,135,53,183,69,159,164,90,28,155,73,99,106,136,115,152,2,161,102,86,133,76,122,116,17,8,16,56,21,108,192,40,104,31,191,154,52,179,27,185,111,96,171,141,98,114,64,79,177,47,88,5,186,199,83,153,150,24,95,149,175,62,120,3,169,182,162,146];True
1568;7426;8994;[34,4,129,70,19,87,121,178,127,132,130,84,77,112,93,147,66,157,103,105,74,188,144,184,142,117,57,61,45,138,41,49,78,128,42,101,197,168,145,126,35,160,91,1,33,124,180,196,36,46,140,92,82,23,189,81,0,85,22,26,176,193,109,20,170,166,38,139,63,118,48,194,182,198,174,9,143,67,32,72,163,25,51,50,190,10,165,113,156,71,44,65,37,94,173,18,131,119,11,59,80,100,30,134,148,195,97,58,158,43,7,136,181,68,123,6,149,60,54,151,110,187,39,107,55,14,13,172,12,89,75,125,15,135,53,183,69,159,164,90,28,155,73,99,106,95,115,152,2,161,102,86,133,76,122,116,17,8,16,56,21,108,192,40,104,31,29,154,52,179,27,185,111,96,171,141,98,114,64,79,177,47,88,5,186,199,83,153,150,24,167,137,175,62,120,3,169,191,162,146];True
