utilA;utilB;utilSum;contract;pareto
2083;7240;9323;[50,190,121,162,19,9,149,178,111,132,130,84,77,112,93,147,66,157,103,105,74,188,144,31,142,117,167,61,45,138,41,49,78,128,42,57,197,146,118,126,143,160,91,1,33,124,180,196,36,46,140,92,82,23,189,81,0,85,22,26,176,193,109,20,170,95,38,139,65,4,70,194,34,198,174,184,35,67,32,72,163,25,51,8,16,125,11,113,156,71,165,87,37,94,173,18,131,110,101,59,80,100,30,134,148,195,97,58,175,151,7,191,181,68,123,6,137,158,54,52,119,187,39,107,55,14,13,172,12,89,75,129,15,135,53,183,69,159,164,90,28,155,73,99,106,136,115,152,2,161,102,86,133,76,122,116,104,17,145,56,21,108,192,40,169,182,29,154,60,177,27,43,127,96,171,141,98,114,64,79,179,47,88,5,186,199,83,153,166,24,150,10,185,62,120,3,168,44,48,63];False
2067;7236;9303;[50,190,121,162,19,90,149,178,111,132,130,84,77,112,93,147,66,157,103,105,74,188,144,31,142,117,167,61,45,138,41,49,78,128,42,57,197,146,118,126,143,160,91,1,33,124,180,196,36,46,140,92,82,23,189,81,0,85,22,26,176,193,109,20,170,95,38,139,65,4,70,194,34,198,174,184,35,67,32,72,163,25,51,8,16,125,11,113,156,71,165,87,37,94,173,18,131,110,101,59,80,100,30,134,148,195,97,58,175,151,7,191,181,68,123,6,137,158,54,52,119,187,39,107,55,14,13,172,12,89,75,129,15,135,53,183,69,159,164,9,28,155,73,99,106,136,115,152,2,161,102,86,133,76,122,116,104,17,145,56,21,108,192,40,169,182,29,154,60,177,27,43,127,96,171,141,98,114,64,79,179,47,88,5,186,199,83,153,166,24,150,10,185,62,120,3,168,44,48,63];True
2032;7295;9327;[50,190,187,162,19,87,121,178,127,132,130,84,77,112,93,147,66,157,103,105,74,188,144,31,142,117,167,61,45,138,41,49,78,128,42,57,197,146,118,126,143,160,91,1,33,124,180,196,36,46,140,92,82,23,189,81,0,85,22,26,176,193,109,20,170,95,38,139,9,4,70,194,34,198,174,184,35,67,32,72,163,25,51,8,16,125,11,113,156,71,165,65,37,94,173,18,131,110,101,59,80,100,30,134,148,195,97,58,175,151,7,191,181,68,123,6,137,158,54,52,119,149,39,107,55,14,13,172,12,89,75,129,15,135,53,183,69,159,164,90,28,155,73,99,106,136,115,152,2,161,102,86,133,76,122,116,104,17,145,56,21,108,192,40,169,182,29,154,60,177,27,43,111,96,171,141,98,114,64,79,179,47,88,5,186,199,83,153,166,24,150,10,185,62,120,3,168,44,48,63];True
2042;7271;9313;[146,118,129,162,19,87,121,178,127,132,130,84,77,112,93,147,66,157,103,105,74,188,144,31,142,117,167,61,45,138,41,49,78,128,42,57,197,50,190,126,143,160,91,1,33,124,180,196,36,46,140,92,82,23,189,81,0,85,22,26,176,193,109,20,170,95,38,139,9,4,70,194,34,198,174,184,35,67,32,72,163,25,51,8,16,125,11,113,156,71,165,65,37,94,173,18,131,110,101,59,80,100,30,134,148,195,97,58,175,151,7,191,181,68,123,6,137,158,54,52,119,187,39,107,55,14,13,172,12,89,75,149,15,135,53,183,69,159,164,90,28,155,73,99,106,136,115,152,2,161,102,86,133,76,122,116,104,17,145,56,21,108,192,40,169,182,29,154,60,177,27,43,111,96,171,141,98,114,64,79,179,47,88,5,186,199,83,153,166,24,150,10,185,62,120,3,168,44,48,63];True
2009;7336;9345;[9,143,149,162,19,87,121,178,127,132,130,84,77,112,93,147,66,157,103,105,74,188,144,31,142,117,167,61,45,138,41,49,78,128,42,57,197,50,190,126,118,160,91,1,33,124,180,196,36,46,140,92,82,23,189,81,0,85,22,26,176,193,109,20,170,95,38,139,146,4,70,194,34,198,174,184,35,67,32,72,163,25,51,8,16,125,11,113,156,71,165,65,37,94,173,18,131,110,101,59,80,100,30,134,148,195,97,58,175,151,7,191,181,68,123,6,137,158,54,52,119,187,39,107,55,14,13,172,12,89,75,129,15,135,53,183,69,159,164,90,28,155,73,99,106,136,115,152,2,161,102,86,133,76,122,116,104,17,145,56,21,108,192,40,169,182,29,154,60,177,27,43,111,96,171,141,98,114,64,79,179,47,88,5,186,199,83,153,166,24,150,10,185,62,120,3,168,44,48,63];False
2117;7227;9344;[50,190,121,162,109,9,149,178,111,132,130,84,77,112,93,147,66,157,103,105,74,188,144,31,142,117,167,61,45,138,41,49,78,128,42,57,197,146,118,126,143,160,91,1,33,124,180,196,36,46,140,92,82,23,189,81,0,85,22,26,176,193,19,20,170,95,38,139,65,4,70,194,34,198,174,184,35,67,32,72,163,25,51,8,16,125,11,113,156,71,165,87,37,94,173,18,131,110,101,59,80,100,30,134,148,195,97,58,151,175,7,191,181,68,123,6,137,158,54,52,119,187,39,107,55,14,13,172,12,89,75,129,15,135,53,183,69,159,164,90,28,155,73,99,106,136,115,152,2,161,102,86,133,76,122,116,104,17,145,56,21,108,192,40,169,182,29,154,60,177,27,43,127,96,171,141,98,114,64,79,179,47,88,5,186,199,83,153,166,24,150,10,185,62,120,3,168,44,48,63];False
2088;7223;9311;[50,190,121,178,147,9,149,19,172,12,130,84,77,112,93,162,66,157,103,105,74,188,144,31,142,117,167,61,45,138,41,49,78,128,42,57,197,146,118,126,143,160,91,1,33,124,180,196,36,46,140,92,82,23,189,81,0,85,22,26,176,193,109,20,170,95,38,139,65,4,70,194,34,198,174,184,35,67,32,72,163,25,51,8,16,125,11,113,156,71,165,87,37,94,173,18,131,110,101,59,80,100,30,134,148,195,97,58,175,151,7,191,181,68,123,6,137,158,54,52,119,187,39,107,55,14,13,111,132,89,75,129,15,135,53,183,69,159,164,90,28,155,73,99,106,136,115,152,2,161,102,86,133,76,122,116,104,17,145,56,21,108,192,40,169,182,29,154,60,177,27,43,127,96,171,141,98,114,64,79,179,47,88,5,186,199,83,153,166,24,150,10,185,62,120,3,168,44,48,63];True
2168;7201;9369;[50,4,121,178,147,9,149,19,172,12,130,84,77,112,93,118,66,157,103,105,74,188,144,31,142,117,167,61,45,138,41,49,78,128,42,57,197,146,162,126,143,160,91,1,33,124,180,196,36,46,140,92,82,23,189,81,0,85,22,26,176,193,109,190,170,95,38,139,65,20,70,194,34,198,174,87,35,67,32,72,163,25,51,8,16,125,11,113,156,71,165,184,37,94,173,18,131,110,101,59,80,100,30,134,148,195,97,58,175,151,7,191,181,68,123,6,137,158,54,52,119,187,39,107,55,14,13,111,132,89,75,129,15,135,53,183,69,159,164,90,28,155,73,99,106,136,115,152,2,161,102,86,133,76,122,116,104,17,145,56,21,108,192,40,169,182,29,154,60,177,27,43,127,96,171,141,98,114,64,79,179,47,88,5,186,199,83,153,166,24,150,10,185,62,120,3,168,44,48,63];False
1996;7402;9398;[50,102,12,22,26,93,147,3,2,130,84,117,77,112,106,136,66,157,103,105,74,188,144,118,10,0,167,61,45,138,41,49,78,128,42,57,37,121,162,126,143,160,91,1,33,124,94,196,36,182,140,92,82,23,189,81,87,85,104,46,146,193,9,178,170,95,38,139,19,20,51,149,34,194,180,123,176,67,32,72,163,25,70,65,16,190,11,113,156,71,165,184,31,8,173,18,131,110,101,59,80,100,30,134,148,195,97,137,175,151,7,191,181,68,198,142,58,158,54,52,119,187,39,107,55,14,13,111,132,89,75,4,15,135,53,183,69,159,164,90,28,155,73,99,109,24,115,152,35,161,172,86,133,76,122,116,44,125,145,56,21,108,192,40,169,129,29,154,60,177,27,43,127,96,171,141,98,114,64,79,179,47,88,5,186,199,83,153,166,174,150,6,185,62,120,197,168,17,48,63];False
2141;7199;9340;[50,190,121,162,147,9,149,19,172,12,130,84,77,112,93,178,66,157,103,105,74,188,144,31,142,117,167,61,45,138,41,49,78,128,42,57,197,146,118,126,143,160,91,1,33,124,180,196,36,46,140,92,82,23,189,81,0,85,22,26,176,193,109,20,170,95,38,139,65,4,70,194,34,198,174,184,35,67,32,72,163,25,51,8,16,125,11,113,156,71,165,87,37,94,173,18,131,110,101,59,80,100,30,134,148,195,97,58,175,151,7,191,181,68,123,6,137,158,54,52,119,187,39,107,55,14,13,111,132,89,75,129,15,135,53,183,69,159,164,90,28,155,73,99,106,136,115,152,2,161,102,86,133,76,122,116,104,17,145,56,21,108,192,40,169,182,29,154,60,177,27,43,127,96,171,141,98,114,64,79,179,47,88,5,186,199,83,153,166,24,150,10,185,62,120,3,168,44,48,63];True
2258;7165;9423;[50,4,28,162,147,9,149,19,172,132,130,84,77,112,93,178,66,157,103,105,74,188,144,31,142,117,167,61,45,138,41,49,78,128,42,57,197,146,118,126,143,160,91,1,33,124,180,196,36,46,140,92,82,23,189,81,0,85,22,26,176,193,109,190,170,95,38,139,65,20,70,194,34,198,174,184,35,67,32,72,163,25,51,8,16,125,11,113,156,71,165,87,37,94,173,18,131,110,101,59,80,100,30,134,148,195,97,58,175,151,7,191,181,68,123,6,137,158,54,52,119,187,39,107,55,14,13,111,12,89,75,129,15,135,53,183,69,159,164,90,121,155,73,99,106,136,115,152,2,161,102,86,133,76,122,116,104,17,145,56,21,108,192,40,169,182,29,154,60,177,27,43,127,96,171,141,98,114,64,79,179,47,88,5,186,199,83,153,166,24,150,10,185,62,120,3,168,44,48,63];True
1939;7435;9374;[180,172,12,22,26,93,147,3,2,130,84,117,77,112,106,24,66,157,103,105,74,188,144,118,10,0,167,61,45,138,41,49,78,128,42,57,37,121,162,126,143,160,91,1,33,124,94,196,36,182,140,92,82,23,189,81,87,85,104,46,146,193,9,178,170,95,38,139,19,20,51,149,34,194,136,123,176,67,32,72,163,25,70,65,16,190,11,113,156,71,165,184,31,8,173,18,131,110,101,59,80,100,30,134,148,195,97,137,175,151,7,191,181,68,198,142,58,158,54,52,119,187,39,107,55,14,13,111,132,89,75,4,15,135,53,183,69,159,164,90,28,155,73,99,109,50,115,152,35,161,102,86,133,76,122,116,44,125,145,56,21,108,192,40,169,129,29,154,60,177,27,43,127,96,171,141,98,114,64,79,179,47,88,5,186,199,83,153,166,174,150,6,185,62,120,197,168,17,48,63];False
1928;7452;9380;[9,172,12,22,26,178,147,3,2,130,84,117,77,112,106,24,66,157,103,105,74,188,144,118,10,0,167,61,45,138,41,49,78,128,42,57,37,121,162,126,143,160,91,1,33,124,94,196,36,182,140,92,82,23,189,81,87,85,104,46,146,193,136,93,170,95,38,139,19,20,51,149,34,194,180,123,176,67,32,72,163,25,70,65,16,190,11,113,156,71,165,184,31,8,173,18,131,110,101,59,80,100,30,134,148,195,97,137,175,151,7,191,181,68,198,142,58,158,54,52,119,187,39,107,55,14,13,111,132,89,75,4,15,135,53,183,69,159,164,90,28,155,73,99,109,50,115,152,35,161,102,86,133,76,122,116,44,125,145,56,21,108,192,40,169,129,29,154,60,177,27,43,127,96,171,141,98,114,64,79,179,47,88,5,186,199,83,153,166,174,150,6,185,62,120,197,168,17,48,63];False
2257;7172;9429;[50,4,121,162,147,9,149,19,172,12,130,84,77,112,93,178,66,157,103,105,74,188,144,31,142,117,167,61,45,138,41,49,78,128,42,57,197,146,118,126,143,160,91,1,33,124,180,196,36,46,140,92,82,67,189,81,0,85,22,26,176,193,109,190,170,95,38,139,65,20,70,194,34,198,174,87,35,23,32,72,163,25,51,8,16,125,11,113,156,71,165,184,37,94,173,18,131,110,101,59,80,100,30,134,148,195,97,58,175,151,7,191,181,68,123,6,137,158,54,52,119,187,39,107,55,14,13,111,132,89,75,129,15,135,53,183,69,159,164,90,28,155,73,99,106,136,115,152,2,161,102,86,133,76,122,116,104,17,145,56,21,108,192,40,169,182,29,154,60,177,27,43,127,96,171,141,98,114,64,79,179,47,88,5,186,199,83,153,166,24,150,10,185,62,120,3,168,44,48,63];False
2006;7394;9400;[50,172,12,22,26,178,147,3,2,130,84,117,77,112,106,118,66,157,103,105,74,188,93,31,6,87,167,61,45,138,41,49,78,128,42,57,37,121,162,126,143,160,91,1,33,124,94,196,36,182,140,92,82,23,189,81,0,85,104,46,146,193,9,144,170,95,38,139,19,20,51,149,34,194,180,123,176,67,32,72,137,161,136,65,16,190,11,113,156,71,165,184,174,8,173,18,131,110,101,59,80,100,30,134,148,195,97,58,175,151,7,191,181,68,198,142,163,158,54,52,119,187,39,107,55,14,13,111,132,89,75,4,15,135,53,183,69,159,164,90,28,155,73,99,109,70,115,152,35,25,102,86,133,76,122,116,44,125,145,56,21,108,192,40,169,129,29,154,60,177,27,43,127,96,171,141,98,114,64,79,179,47,88,5,186,199,83,153,166,24,150,10,185,62,120,197,168,17,48,63];False
1998;7397;9395;[50,172,12,22,26,178,147,3,2,130,84,117,77,112,106,118,66,157,103,105,74,188,144,31,6,0,167,61,45,138,41,49,78,128,42,57,37,121,162,126,143,160,91,1,33,124,94,196,36,182,140,92,82,23,189,81,87,85,104,46,146,193,9,93,170,95,38,139,19,20,51,149,34,194,180,123,176,67,32,72,137,25,136,65,16,190,11,113,156,71,165,184,174,8,173,18,131,110,101,59,80,100,30,134,148,195,97,58,175,151,7,191,181,68,198,142,163,158,54,52,119,187,39,107,55,14,13,111,132,89,75,4,15,135,53,183,69,159,164,90,28,155,73,99,109,70,115,152,35,161,102,86,133,76,122,116,44,125,145,56,21,108,192,40,169,129,29,154,60,177,27,43,127,96,171,141,98,114,64,79,179,47,88,5,186,199,83,153,166,24,150,10,185,62,120,197,168,17,48,63];False
1980;7405;9385;[50,172,12,22,26,178,147,3,2,130,84,175,77,112,106,118,66,157,103,105,74,188,93,31,6,87,167,61,45,138,41,49,78,128,42,57,37,121,162,126,143,160,91,1,33,124,94,196,36,182,140,92,82,23,189,81,0,85,104,46,146,193,9,144,170,95,38,139,19,20,51,149,34,194,180,123,176,67,32,72,137,25,136,65,16,190,11,113,156,71,165,184,174,8,173,18,131,110,101,59,80,100,30,134,148,195,97,58,117,151,7,191,181,68,198,142,163,158,54,52,29,187,39,107,55,14,13,111,132,89,75,4,15,135,53,183,69,159,164,90,28,155,73,99,109,70,115,152,35,161,102,86,133,76,122,116,44,125,145,56,21,108,192,40,169,129,119,154,60,177,27,43,127,96,171,141,98,114,64,79,179,47,88,5,186,199,83,153,166,24,150,10,185,62,120,197,168,17,48,63];True
1925;7480;9405;[104,172,12,22,26,178,147,3,2,130,84,117,77,112,106,24,66,157,103,105,74,188,93,118,10,0,167,61,45,138,41,49,78,128,42,57,37,121,162,126,143,160,91,1,33,124,94,196,36,182,140,92,82,23,189,81,87,85,136,46,146,193,9,144,170,95,38,139,19,20,51,149,34,194,180,123,176,67,32,72,163,25,70,65,16,190,11,113,156,71,165,184,31,8,173,18,131,110,101,59,80,100,30,134,148,195,97,137,175,151,7,191,181,68,198,142,58,158,54,52,119,187,39,107,55,14,13,111,132,89,75,4,15,135,53,183,69,159,164,90,28,155,73,99,109,50,115,152,35,161,102,86,133,76,122,116,44,125,145,56,21,108,192,40,169,129,29,154,60,177,27,43,127,96,171,141,98,114,64,79,179,47,88,5,186,199,83,153,166,174,150,6,185,62,120,197,168,17,48,63];False
1875;7553;9428;[104,172,12,22,26,178,147,3,2,130,84,117,77,112,193,24,66,157,103,105,74,188,93,118,10,0,167,61,45,138,41,44,78,128,42,57,37,121,162,126,143,160,91,1,33,124,94,196,36,46,140,92,82,23,189,81,87,106,136,49,146,85,9,144,170,95,38,139,19,20,51,149,34,194,180,123,176,67,32,72,163,25,70,65,16,190,11,113,156,71,165,184,31,8,173,18,131,110,101,59,80,100,30,134,148,195,97,137,175,151,7,191,181,68,198,142,58,158,54,52,119,187,39,107,55,14,13,111,132,89,75,4,15,135,53,183,69,159,164,90,28,155,73,99,109,50,115,152,35,161,102,86,133,76,122,116,182,125,145,56,21,108,192,40,169,129,29,154,60,177,27,43,127,96,171,141,98,114,64,79,179,47,88,5,186,199,83,153,166,174,150,6,185,62,120,197,168,17,48,63];True
1891;7542;9433;[104,172,12,22,26,178,147,3,2,130,84,117,77,112,193,24,66,157,103,105,74,188,144,118,10,0,101,61,45,138,41,182,78,128,42,57,37,121,162,126,143,160,91,1,33,124,94,196,36,46,140,92,82,23,189,81,87,106,136,49,146,85,9,93,170,95,38,139,19,20,51,149,34,194,180,123,176,67,32,72,163,25,70,65,16,190,11,113,156,71,165,184,31,8,173,18,131,110,167,59,80,100,30,134,148,195,97,137,175,151,7,191,181,68,198,142,58,158,54,52,119,187,39,107,55,14,13,111,132,89,75,4,15,135,53,183,69,159,164,90,28,155,73,99,109,50,115,152,35,161,102,86,133,76,122,116,44,125,145,56,21,108,192,40,169,129,29,154,60,177,27,43,127,96,171,141,98,114,64,79,179,47,88,5,186,199,83,153,166,174,150,6,185,62,120,197,168,17,48,63];False
1826;7615;9441;[104,172,12,22,81,93,147,3,35,87,84,117,77,112,193,24,66,157,103,105,74,188,144,118,10,0,101,61,45,138,41,44,78,128,42,57,37,121,162,126,143,160,91,1,33,124,94,196,36,46,140,92,82,23,189,49,130,106,136,26,146,85,9,178,170,95,38,139,19,20,51,149,34,194,180,123,176,67,32,72,163,25,70,182,16,190,11,113,156,71,165,184,31,8,173,18,131,110,167,59,80,100,30,134,148,195,97,137,175,151,7,191,181,68,198,142,58,158,54,52,29,187,39,107,55,14,13,111,132,89,75,4,15,135,53,183,69,159,164,90,28,155,73,99,109,50,115,152,2,161,102,86,133,76,122,116,65,125,145,56,21,108,192,40,169,129,119,154,60,177,27,43,127,96,171,141,98,114,64,79,179,47,88,5,186,199,83,153,166,174,150,6,185,62,120,197,168,17,48,63];True
1862;7562;9424;[104,172,12,22,81,93,147,3,35,61,84,117,77,112,193,24,66,157,103,105,74,188,144,118,10,0,167,38,45,138,41,44,78,128,42,57,37,121,162,126,143,160,91,1,33,124,94,196,36,46,140,92,82,23,189,49,130,106,136,26,146,85,9,178,170,95,182,139,19,20,51,149,34,194,180,123,176,67,32,72,163,25,70,87,16,190,11,113,156,71,165,184,31,8,173,18,131,110,101,59,80,100,30,134,148,195,97,137,175,151,7,191,181,68,198,142,58,158,54,52,29,187,39,107,55,14,13,111,132,89,75,4,15,135,53,183,69,159,164,90,28,155,73,99,109,50,115,152,2,161,102,86,133,76,122,116,65,125,145,56,21,108,192,40,169,129,119,154,60,177,27,43,127,96,171,141,98,114,64,79,179,47,88,5,186,199,83,153,166,174,150,6,185,62,120,197,168,17,48,63];True
1823;7620;9443;[104,172,12,22,81,93,147,3,2,130,84,117,77,112,193,24,66,157,103,105,74,188,144,118,10,110,167,61,45,138,41,44,78,128,42,57,37,121,162,126,143,160,91,1,33,124,94,196,36,46,140,92,82,23,189,49,87,106,136,26,146,85,9,178,170,95,38,139,19,20,51,149,34,194,180,123,176,67,32,72,163,25,70,65,16,190,11,113,156,71,165,184,31,8,173,18,131,0,101,59,80,100,30,134,148,195,97,137,175,151,7,191,181,68,198,142,58,158,54,52,29,187,39,107,55,14,13,111,132,89,75,4,15,135,53,183,69,159,164,90,28,155,73,99,109,50,115,152,35,161,102,86,133,76,122,116,182,125,145,56,21,108,192,40,169,129,119,154,60,177,27,43,127,96,171,141,98,114,64,79,179,47,88,5,186,199,83,153,166,174,150,6,185,62,120,197,168,17,48,63];True
1894;7532;9426;[104,172,12,22,26,178,147,3,2,130,84,117,77,112,193,24,66,157,103,105,74,188,93,118,10,110,167,61,45,138,41,88,78,128,42,57,37,121,162,126,143,160,91,1,33,124,94,196,36,46,140,92,82,23,189,81,87,106,136,49,146,85,9,144,170,95,38,139,19,20,51,149,34,194,180,123,176,67,32,72,163,25,70,65,16,190,11,113,156,71,165,184,31,8,173,18,131,0,101,59,80,100,30,134,148,195,97,137,175,151,7,191,181,68,198,142,58,158,54,52,119,187,39,107,55,14,13,111,132,89,75,4,15,135,53,183,69,159,164,90,28,155,73,99,109,50,115,152,35,161,102,86,133,76,122,116,44,125,145,56,21,108,192,40,169,129,29,154,60,177,27,43,127,96,171,141,98,114,64,79,179,47,182,5,186,199,83,153,166,174,150,6,185,62,120,197,168,17,48,63];False
1822;7626;9448;[104,172,12,22,81,93,147,3,35,182,84,117,77,112,193,24,66,157,103,105,74,188,144,118,10,0,101,61,45,138,41,44,78,128,42,57,37,121,162,126,143,160,91,1,33,124,94,196,36,46,140,92,82,23,189,49,130,106,136,26,146,85,9,178,170,95,38,139,19,20,51,149,34,194,180,123,176,67,32,72,163,25,70,87,16,190,11,113,156,71,165,184,31,8,173,18,131,110,167,59,80,100,30,134,148,195,97,137,175,151,7,191,181,68,198,142,58,158,54,52,29,187,39,107,55,14,13,111,132,89,75,4,15,135,53,183,69,159,164,90,28,155,73,99,109,50,115,152,2,161,102,86,133,76,122,116,65,125,145,56,21,108,192,40,169,129,119,154,60,177,27,43,127,96,171,141,98,114,64,79,179,47,88,5,186,199,83,153,166,174,150,6,185,62,120,197,168,17,48,63];True
1901;7528;9429;[104,172,12,22,26,93,147,3,2,130,84,117,77,112,106,24,66,157,103,105,74,188,144,118,10,0,167,61,45,138,41,88,78,128,42,57,37,121,162,126,143,160,91,1,33,124,94,196,36,46,140,92,82,23,189,81,87,85,136,49,146,193,9,178,170,95,38,139,19,20,51,149,34,194,180,123,176,67,32,72,163,25,70,65,16,190,11,113,156,71,165,184,31,8,173,18,131,110,101,59,80,100,30,134,148,195,97,137,175,151,7,191,181,68,198,142,58,158,54,52,119,187,39,107,55,14,13,111,132,89,75,4,15,135,53,183,69,159,164,90,28,155,73,99,109,50,115,152,35,161,102,86,133,76,122,116,44,125,145,56,21,108,192,40,169,129,29,154,60,177,27,43,127,96,171,141,98,114,64,79,179,47,182,5,186,199,83,153,166,174,150,6,185,62,120,197,168,17,48,63];False
1890;7539;9429;[104,172,12,22,26,178,147,3,2,130,84,117,77,112,193,24,66,157,103,105,74,188,144,118,10,110,167,61,45,138,41,88,78,128,42,57,37,121,162,126,143,160,91,1,33,124,94,196,36,46,140,92,82,23,189,81,87,106,136,49,146,85,9,93,170,95,38,139,19,20,51,149,34,194,180,123,176,67,32,72,163,25,70,65,16,190,11,113,156,71,165,184,31,8,173,18,131,0,101,59,80,100,30,134,148,195,97,137,175,151,7,191,181,68,198,142,58,158,54,52,119,187,39,107,55,14,13,111,132,89,75,4,15,135,53,183,69,159,164,90,28,155,73,99,109,50,115,152,35,161,102,86,133,76,122,116,44,125,145,56,21,108,192,40,169,129,29,154,60,177,27,43,127,96,171,141,98,114,64,79,179,47,182,5,186,199,83,153,166,174,150,6,185,62,120,197,168,17,48,63];False
1890;7525;9415;[104,172,12,22,26,93,147,3,2,130,84,117,77,112,193,24,66,157,103,105,74,188,144,118,10,110,167,61,45,138,41,182,78,128,42,57,37,121,162,126,143,160,91,1,33,124,94,196,36,46,140,92,82,23,189,81,87,106,136,49,146,85,9,178,170,95,38,139,19,20,51,149,34,194,180,123,176,67,32,72,163,25,70,65,16,190,11,113,156,71,165,184,31,8,173,18,131,0,101,59,80,100,30,134,148,195,97,137,175,151,7,191,181,68,198,142,58,158,54,52,29,187,39,107,55,14,13,111,132,89,75,4,15,135,53,183,69,159,164,90,28,155,73,99,109,50,115,152,35,161,102,86,133,76,122,116,44,125,145,56,21,108,192,40,169,129,119,154,60,177,27,43,127,96,171,141,98,114,64,79,179,47,88,5,186,199,83,153,166,174,150,6,185,62,120,197,168,17,48,63];False
1913;7503;9416;[118,172,12,22,26,178,147,3,2,130,84,117,77,112,106,136,66,157,103,105,74,188,93,31,6,0,101,61,45,138,41,49,78,128,42,57,37,121,162,126,143,160,91,1,33,124,94,196,36,182,140,92,82,23,189,81,87,85,104,46,146,193,9,144,170,95,38,139,19,20,51,149,34,194,180,123,176,67,32,72,163,25,70,65,16,190,11,113,156,71,165,184,50,8,173,18,131,110,167,59,80,100,30,134,148,195,97,137,175,151,7,191,181,68,198,142,58,158,54,52,119,187,39,107,55,14,13,111,132,89,75,4,15,135,53,183,69,159,164,90,28,155,73,99,109,24,115,152,35,161,102,86,133,76,122,116,44,125,145,56,21,108,192,40,169,129,29,154,60,177,27,43,127,96,171,141,98,114,64,79,179,47,88,5,186,199,83,153,166,174,150,10,185,62,120,197,168,17,48,63];True
1871;7560;9431;[104,172,12,22,26,178,147,3,2,130,84,117,77,112,193,24,66,157,103,105,74,188,144,118,10,0,167,61,45,138,41,44,78,128,42,57,37,121,162,126,143,160,91,1,33,124,94,196,36,46,140,92,82,23,189,81,87,106,136,49,146,85,9,93,170,95,38,139,19,20,51,149,34,194,180,123,176,67,32,72,163,25,70,65,16,190,11,113,156,71,165,184,31,8,173,18,131,110,101,59,80,100,30,134,148,195,97,137,175,151,7,191,181,68,198,142,58,158,54,52,119,187,39,107,55,14,13,111,132,89,75,4,15,135,53,183,69,159,164,90,28,155,73,99,109,50,115,152,35,161,102,86,133,76,122,116,182,125,145,56,21,108,192,40,169,129,29,154,60,177,27,43,127,96,171,141,98,114,64,79,179,47,88,5,186,199,83,153,166,174,150,6,185,62,120,197,168,17,48,63];True
1819;7645;9464;[104,172,12,22,81,93,147,3,35,87,84,117,77,112,193,24,66,157,103,105,74,188,144,118,10,110,167,61,45,138,41,44,78,128,42,57,37,121,162,126,143,160,91,1,33,124,94,196,36,46,140,92,82,23,189,49,130,106,136,26,146,85,9,178,170,95,38,139,19,20,51,149,34,194,180,123,176,67,32,72,163,25,70,182,16,190,11,113,156,71,165,184,31,8,173,18,131,0,101,59,80,100,30,134,148,195,97,137,175,151,7,191,181,68,198,142,58,158,54,52,29,187,39,107,55,14,13,111,132,89,75,4,15,135,53,183,69,159,164,90,28,155,73,99,109,50,115,152,2,161,102,86,133,153,122,116,65,125,145,56,21,108,192,40,169,129,119,154,60,177,27,43,127,96,171,141,98,114,64,79,179,47,88,5,186,199,83,76,166,174,150,6,185,62,120,197,168,17,48,63];True
1818;7646;9464;[104,172,12,22,81,93,147,3,35,61,84,117,77,112,193,24,66,157,103,105,74,188,144,118,10,110,167,182,45,138,41,44,78,128,42,57,37,121,162,126,143,160,91,1,33,124,94,196,36,46,140,92,82,23,189,49,130,106,136,26,146,85,9,178,170,95,38,139,19,20,51,149,34,194,180,123,176,67,32,72,163,25,70,87,16,190,11,113,156,71,165,184,31,8,173,18,131,0,101,59,80,100,30,134,148,195,97,137,175,151,7,191,181,68,198,142,58,158,54,52,29,187,39,107,55,14,13,111,132,89,75,4,15,135,53,183,69,159,164,90,28,155,73,99,109,50,115,152,2,161,102,86,133,153,122,116,65,125,145,56,21,108,192,40,169,129,119,154,60,177,27,43,127,96,171,141,98,114,64,79,179,47,88,5,186,199,83,76,166,174,150,6,185,62,120,197,168,17,48,63];True
1806;7655;9461;[180,172,12,22,26,178,120,3,2,130,84,117,77,112,31,29,66,157,103,105,74,188,93,109,147,0,101,61,45,138,126,143,78,128,42,57,37,121,162,146,118,160,91,1,33,124,94,196,52,182,140,92,82,23,189,81,87,85,104,20,167,193,9,144,170,95,38,139,19,194,51,149,34,127,175,123,176,67,32,72,137,25,70,65,16,190,11,113,156,71,165,184,125,8,173,18,131,110,41,59,80,100,30,134,148,195,97,58,6,43,7,191,181,68,198,142,163,158,54,36,119,187,39,107,55,14,13,197,132,89,75,4,15,135,53,183,69,159,164,90,28,155,73,99,106,136,115,152,35,161,102,86,133,76,122,116,49,46,145,56,21,108,192,40,169,129,24,154,60,177,27,151,111,96,171,141,98,114,64,79,179,47,88,5,186,199,83,153,166,174,150,10,185,62,44,50,168,17,48,63];True
1838;7598;9436;[118,172,12,22,26,178,120,3,2,130,84,117,77,112,31,29,66,157,103,105,74,188,144,109,147,0,101,61,45,138,146,180,78,128,42,57,37,121,162,126,143,160,91,1,33,124,94,196,36,182,140,92,82,23,189,81,87,85,104,20,167,193,9,93,170,95,38,139,19,194,51,149,34,127,175,123,176,67,32,72,137,25,70,65,16,190,11,113,156,71,165,184,125,8,173,18,131,110,41,59,80,100,30,134,148,195,97,58,6,151,7,191,181,68,198,142,163,158,54,52,119,187,39,107,55,14,13,197,132,89,75,4,15,135,53,183,69,159,164,90,28,155,73,99,106,136,115,152,35,161,102,86,133,76,122,116,49,46,145,56,21,108,192,40,169,129,24,154,60,177,27,43,111,96,171,141,98,114,64,79,179,47,88,5,186,199,83,153,166,174,150,10,185,62,44,50,168,17,48,63];True
2334;7136;9470;[50,146,180,178,9,37,82,4,172,12,130,117,77,112,93,118,66,157,103,105,74,188,144,31,142,2,167,61,45,138,41,49,78,128,42,57,3,121,162,126,143,160,91,1,33,124,94,196,36,46,140,92,147,23,189,81,0,85,22,26,176,193,109,190,170,95,38,139,65,20,51,149,34,198,174,184,84,67,32,72,163,25,70,19,16,125,11,113,156,71,165,87,194,8,173,18,131,110,101,59,80,100,30,134,148,195,97,58,175,151,7,191,181,68,123,6,137,158,54,52,119,187,39,107,55,14,13,111,132,89,75,129,15,135,53,183,69,159,164,90,28,155,73,99,106,136,115,152,35,161,102,86,133,76,122,116,104,17,145,56,21,108,192,40,169,182,29,154,60,177,27,43,127,96,171,141,98,114,64,79,179,47,88,5,186,199,83,153,166,24,150,10,185,62,120,197,168,44,48,63];True
2295;7152;9447;[50,146,180,178,9,37,147,4,172,12,130,117,77,112,93,118,66,157,103,105,74,188,144,31,142,163,167,61,45,138,41,49,78,128,42,57,3,121,162,126,143,160,91,1,33,124,94,196,36,46,140,92,82,23,189,81,0,85,22,26,176,193,109,190,170,95,38,139,65,20,51,149,34,198,174,87,84,67,32,72,35,25,70,19,16,125,11,113,156,71,165,184,194,8,173,18,131,110,101,59,80,100,30,134,148,195,97,58,175,151,7,191,181,68,123,6,137,158,54,52,119,187,39,107,55,14,13,111,132,89,75,129,15,135,53,183,69,159,164,90,28,155,73,99,106,136,115,152,2,161,102,86,133,76,122,116,104,17,145,56,21,108,192,40,169,182,29,154,60,177,27,43,127,96,171,141,98,114,64,79,179,47,88,5,186,199,83,153,166,24,150,10,185,62,120,197,168,44,48,63];False
1832;7611;9443;[118,172,12,22,26,178,120,3,2,130,84,117,77,112,31,29,66,157,103,105,74,188,144,109,147,0,101,61,45,138,126,180,78,128,42,57,37,121,162,146,143,160,91,1,33,124,94,196,36,182,140,92,82,23,189,81,87,85,104,20,167,193,9,93,170,95,38,139,19,194,51,149,34,127,175,123,176,67,32,72,137,25,70,65,16,190,11,113,156,71,165,184,125,8,173,18,131,110,41,59,80,100,30,134,148,195,97,58,6,151,7,191,181,68,198,142,163,158,54,52,119,187,39,107,55,14,13,197,132,89,75,4,15,135,53,183,69,159,164,90,28,155,73,99,106,136,115,152,35,161,102,86,133,76,122,116,49,46,145,56,21,108,192,40,169,129,24,154,60,177,27,43,111,96,171,141,98,114,64,79,179,47,88,5,186,199,83,153,166,174,150,10,185,62,44,50,168,17,48,63];True
2402;7124;9526;[50,146,180,147,9,37,82,4,172,12,130,117,77,112,93,184,66,157,103,105,74,188,144,31,149,2,167,61,45,138,41,49,78,128,42,57,3,121,162,126,143,160,91,1,33,124,94,196,36,46,140,92,178,23,189,81,0,85,22,26,176,193,109,190,170,95,38,139,65,20,51,142,34,198,174,118,84,67,32,72,163,25,70,19,16,125,11,113,156,71,165,87,194,8,173,18,131,110,101,59,80,100,30,134,148,195,97,58,175,151,7,191,181,68,123,6,137,158,54,52,119,187,39,107,55,14,13,111,132,89,75,129,15,135,53,183,69,159,164,90,28,155,73,99,106,136,115,152,35,161,102,86,133,76,122,116,104,17,145,56,21,108,192,40,169,182,29,154,60,177,27,43,127,96,171,141,98,114,64,79,179,47,88,5,186,199,83,153,166,24,150,10,185,62,120,197,168,44,48,63];True
1778;7699;9477;[180,172,12,22,26,178,120,3,2,130,84,117,77,112,31,24,66,157,103,105,74,188,144,109,147,0,101,61,45,55,126,143,78,128,42,57,37,121,162,146,118,160,91,1,33,124,94,196,52,182,140,92,82,23,189,81,87,85,104,20,167,193,9,93,170,95,38,139,19,194,51,149,34,127,175,123,176,67,32,72,137,25,70,65,16,190,11,113,156,71,165,184,125,8,173,18,131,110,41,59,80,100,30,134,148,195,97,58,6,43,7,191,181,68,198,142,163,158,54,36,119,187,39,107,138,14,13,197,132,89,75,4,15,135,53,183,69,159,164,90,28,155,73,99,106,136,115,152,35,161,102,86,133,76,122,116,49,46,145,56,21,108,192,40,169,129,29,154,60,177,27,151,111,96,171,141,98,114,64,79,179,47,88,5,186,199,83,153,166,174,150,10,185,62,44,50,168,17,48,63];True
1660;7837;9497;[180,172,12,22,26,178,120,3,2,130,106,117,77,112,31,29,66,157,103,44,74,188,93,90,100,0,101,61,45,138,126,185,78,128,42,57,37,121,162,146,118,10,91,1,33,124,94,196,36,182,140,92,82,23,189,81,87,85,104,20,167,193,164,67,62,95,38,139,19,194,51,149,34,127,175,123,136,144,32,72,137,25,170,65,16,190,11,113,156,71,165,184,125,8,173,18,131,110,41,59,80,147,30,134,148,195,97,58,6,43,7,191,181,68,198,142,163,158,54,52,119,187,39,107,55,14,13,197,132,89,75,4,15,135,53,183,69,159,9,105,28,155,73,99,84,70,115,152,35,161,102,86,133,76,122,116,49,46,145,56,21,108,192,40,169,129,24,154,60,177,27,151,111,96,171,141,98,114,64,79,179,47,88,5,186,199,83,153,166,174,150,160,143,109,176,50,168,17,48,63];True
1755;7723;9478;[180,172,12,22,26,176,120,3,2,130,84,117,77,112,31,29,66,157,103,105,74,188,93,90,100,0,101,61,45,138,126,185,78,128,42,57,37,121,162,146,118,10,91,1,33,124,94,196,36,182,140,92,82,23,189,81,87,85,104,20,167,193,164,144,62,95,38,139,19,194,51,149,34,127,175,123,136,67,32,72,137,25,170,65,16,190,11,113,156,71,165,184,125,8,173,18,131,110,41,59,80,147,30,134,148,195,97,58,6,43,7,191,181,68,198,142,163,158,54,52,119,187,39,107,55,14,13,197,132,89,75,4,15,135,53,183,69,159,9,178,28,155,73,99,106,70,115,152,35,161,102,86,133,76,122,116,49,46,145,56,21,108,192,40,169,129,24,154,60,177,27,151,111,96,171,141,98,114,64,79,179,47,88,5,186,199,83,153,166,174,150,160,143,109,44,50,168,17,48,63];False
1644;7856;9500;[180,172,12,22,26,178,120,3,2,130,106,117,77,112,31,29,66,157,103,44,74,188,93,90,100,0,101,61,45,138,126,185,78,128,42,57,37,121,162,146,118,10,91,1,33,124,94,196,36,182,140,92,82,23,189,81,87,85,104,20,167,193,164,144,62,95,38,139,19,194,51,149,34,127,175,123,136,67,32,72,137,25,170,65,16,190,11,113,156,71,165,184,125,8,173,18,131,110,41,59,80,147,30,134,148,195,97,58,6,43,7,191,181,68,198,142,163,158,54,52,119,187,39,107,55,14,13,197,132,89,75,4,15,135,53,183,69,159,9,105,28,155,73,99,84,70,115,152,35,161,102,86,133,76,122,116,49,46,145,56,21,108,192,40,169,129,24,154,60,177,27,151,111,96,171,141,98,114,64,79,179,47,88,5,186,199,83,153,166,174,150,160,143,109,176,50,168,17,48,63];True
2286;7141;9427;[50,146,180,178,9,37,147,4,172,12,130,117,77,112,93,184,66,157,103,105,74,188,144,31,142,2,167,61,45,138,41,49,78,128,42,57,3,121,162,126,143,160,91,1,33,124,94,196,36,46,140,92,82,23,189,81,0,85,22,26,176,193,109,190,170,95,38,139,65,20,51,149,34,198,174,118,84,67,32,72,163,25,70,19,16,125,11,113,156,71,165,87,194,8,173,18,131,110,101,59,80,100,30,134,148,195,97,58,175,151,7,191,181,68,123,6,137,158,54,52,119,187,39,107,55,14,13,111,132,89,75,129,15,135,53,183,69,159,164,90,28,155,73,99,106,136,115,152,35,161,102,86,133,76,122,116,104,17,145,56,21,108,192,40,169,182,29,154,60,177,27,43,127,96,171,141,98,114,64,79,179,47,88,5,186,199,83,153,166,24,150,10,185,62,120,197,168,44,48,63];True
1763;7721;9484;[180,172,12,22,26,178,120,3,2,130,84,117,77,112,31,29,66,157,103,105,74,188,144,9,147,0,101,61,45,138,126,185,78,128,42,57,37,121,162,146,118,160,91,1,33,124,94,196,52,182,140,92,82,23,189,81,87,85,104,20,167,193,109,93,170,95,38,139,19,194,51,149,34,127,175,123,176,67,32,72,137,25,70,65,16,190,11,113,156,71,165,184,125,8,173,18,131,110,41,59,80,100,30,134,148,195,97,58,6,43,7,191,181,68,198,142,163,158,54,36,119,187,39,107,55,14,13,197,132,89,75,4,15,135,53,183,69,159,164,90,28,155,73,99,106,136,115,152,35,161,102,86,133,76,122,116,49,46,145,56,21,108,192,40,169,129,24,154,60,177,27,151,111,96,171,141,98,114,64,79,179,47,88,5,186,199,83,153,166,174,150,10,143,62,44,50,168,17,48,63];False
1742;7717;9459;[180,172,12,22,26,176,120,3,2,130,84,117,77,112,31,29,66,157,103,105,74,188,93,90,100,0,101,61,45,55,126,185,78,128,42,57,37,121,162,146,118,10,91,1,33,124,94,196,36,182,140,92,82,23,189,81,87,85,104,20,167,193,164,67,62,95,38,139,19,194,51,149,34,127,175,123,136,144,32,72,137,25,170,65,16,190,11,113,156,71,165,184,125,8,173,18,131,110,41,59,80,147,30,134,148,195,97,58,6,43,7,191,181,68,198,142,163,158,54,52,119,187,39,107,138,178,13,197,132,89,75,4,15,135,53,183,69,159,9,14,28,155,73,99,106,70,115,152,35,161,102,86,133,76,122,116,49,46,145,56,21,108,192,40,169,129,24,154,60,177,27,151,111,96,171,141,98,114,64,79,179,47,88,5,186,199,83,153,166,174,150,160,143,109,44,50,168,17,48,63];True
1649;7853;9502;[180,172,12,22,26,178,120,3,2,130,84,117,77,112,31,29,66,157,103,44,74,188,93,90,100,0,101,61,45,55,126,185,78,128,42,57,37,121,162,146,118,10,91,1,33,124,94,196,52,182,140,92,82,23,189,81,87,85,104,20,167,193,164,144,62,95,38,139,19,194,51,149,34,127,175,123,136,67,32,72,137,25,170,65,16,190,11,113,156,71,165,184,125,8,173,18,131,110,41,59,80,147,30,134,148,195,97,58,6,43,7,191,181,68,198,142,163,158,54,36,119,187,39,107,138,14,13,197,132,89,75,4,15,135,53,183,69,159,9,105,28,155,73,99,106,70,115,152,35,161,102,86,133,76,122,116,49,46,145,56,21,108,192,40,169,129,24,154,60,177,27,151,111,96,171,141,98,114,64,79,179,47,88,5,186,199,83,153,166,174,150,160,143,109,176,50,168,17,48,63];True
1735;7767;9502;[180,172,12,22,26,176,120,3,2,130,84,117,77,112,31,29,66,157,103,44,74,188,93,90,100,0,101,61,45,138,126,185,78,128,42,57,37,121,162,146,118,10,91,1,33,124,94,196,36,182,140,92,82,23,189,81,87,85,104,20,167,193,136,67,62,95,38,139,19,194,51,149,34,127,175,123,164,144,32,72,137,25,170,65,16,190,11,113,156,71,165,184,125,8,173,18,131,110,41,59,80,147,30,134,148,195,97,58,6,43,7,191,181,68,198,142,163,158,54,52,119,187,39,107,55,14,13,197,132,89,75,4,15,135,53,183,69,159,9,105,28,155,73,99,106,70,115,152,35,161,102,86,133,76,122,116,49,46,145,56,21,108,192,40,169,129,24,154,60,177,27,151,111,96,171,141,98,114,64,79,179,47,88,5,186,199,83,153,166,174,150,160,143,109,178,50,168,17,48,63];False
1734;7766;9500;[180,172,12,22,26,178,120,3,2,130,84,117,77,112,31,29,66,157,103,105,74,188,93,70,147,0,101,61,45,55,126,185,78,128,42,57,37,121,162,146,118,10,91,1,33,124,94,196,52,182,140,92,82,23,189,81,87,85,104,20,167,193,9,144,109,95,38,139,19,194,51,149,34,127,175,123,176,67,32,72,137,25,170,65,16,190,11,113,156,71,165,184,125,8,173,18,131,110,41,59,80,100,30,134,148,195,97,58,6,43,7,191,181,68,198,142,163,158,54,36,119,187,39,107,138,14,13,197,132,89,75,4,15,135,53,183,69,159,164,90,28,155,73,99,106,136,115,152,35,161,102,86,133,76,122,116,49,46,145,56,21,108,192,40,169,129,24,154,60,177,27,151,111,96,171,141,98,114,64,79,179,47,88,5,186,199,83,153,166,174,150,160,143,62,44,50,168,17,48,63];True
2315;7138;9453;[50,21,180,178,9,37,147,4,172,12,130,117,77,112,93,184,66,157,103,105,74,188,144,31,142,2,167,61,45,138,41,49,78,128,42,57,3,121,162,126,143,160,91,1,33,124,94,196,36,46,140,92,82,23,189,81,0,85,22,26,176,193,109,190,170,95,38,139,65,20,51,149,34,198,174,118,84,67,32,72,163,25,70,19,16,125,11,113,156,71,165,87,194,8,173,18,131,110,101,59,80,100,30,134,148,195,97,58,175,151,7,191,181,68,123,6,137,158,54,52,119,187,39,107,55,14,13,111,132,89,75,129,15,135,53,183,69,159,164,90,28,155,73,99,106,136,115,152,35,161,102,86,133,76,122,116,104,17,145,56,146,108,192,40,169,182,29,154,60,177,27,43,127,96,171,141,98,114,64,79,179,47,88,5,186,199,83,153,166,24,150,10,185,62,120,197,168,44,48,63];True
1640;7893;9533;[180,172,12,22,26,178,120,3,2,130,106,117,77,112,31,29,66,157,103,188,74,44,93,90,100,0,101,61,45,55,126,185,78,128,42,57,37,121,162,146,118,10,91,1,33,124,94,196,36,182,140,92,82,23,189,81,87,85,104,20,167,193,164,144,62,95,38,139,19,194,51,149,34,127,175,123,136,67,32,72,137,25,170,65,16,190,11,113,156,71,165,184,125,8,173,18,131,110,41,59,80,147,30,134,148,195,97,58,6,43,7,191,181,68,198,142,163,158,54,52,119,187,39,107,138,14,13,197,132,89,75,4,15,135,53,183,69,159,9,105,28,155,73,99,84,70,115,152,35,161,102,86,133,76,122,116,49,46,145,56,21,108,192,40,169,129,24,154,60,177,27,151,111,96,171,141,98,114,64,79,179,47,88,5,186,199,83,153,166,174,150,160,143,109,176,50,168,17,48,63];True
1638;7925;9563;[180,172,12,22,26,178,120,3,2,130,106,117,77,112,31,24,66,157,103,188,74,44,93,90,100,0,101,61,45,55,126,185,78,128,42,57,37,121,162,146,118,10,91,1,33,124,94,196,36,182,140,92,82,23,189,81,87,85,104,20,167,193,164,144,62,95,38,139,19,194,51,149,34,127,175,123,136,67,32,72,137,25,170,65,16,190,11,113,156,71,165,184,125,8,173,18,131,110,41,59,80,147,30,134,148,195,97,58,6,43,7,191,181,68,198,142,163,158,54,52,119,187,39,107,138,14,13,197,132,89,75,4,15,135,53,183,69,159,9,105,28,155,73,99,84,70,115,152,35,161,102,86,133,76,122,116,49,46,145,56,21,108,192,40,169,129,29,154,60,177,27,151,111,96,171,141,98,114,64,79,179,47,88,5,186,199,83,153,166,174,150,160,143,109,176,50,168,17,48,63];True
2426;7122;9548;[50,146,180,4,109,29,147,37,172,12,130,117,77,112,93,184,66,157,103,105,74,188,144,31,6,2,167,61,45,138,41,49,78,128,42,57,3,121,162,126,143,160,91,1,33,124,94,196,36,46,140,92,82,23,189,81,0,85,22,26,176,193,9,178,170,95,38,139,65,20,51,149,34,198,174,118,84,67,32,72,163,25,70,19,16,190,11,113,156,71,165,87,194,8,173,18,131,110,101,59,80,100,30,134,148,195,97,58,175,151,7,191,181,68,123,142,137,158,54,52,119,187,39,107,55,14,13,111,132,89,75,129,15,135,53,183,69,159,164,90,28,155,73,99,106,136,115,152,35,161,102,86,133,76,122,116,104,125,145,56,21,108,192,40,169,182,44,154,60,177,27,43,127,96,171,141,98,114,64,79,179,47,88,5,186,199,83,153,166,24,150,10,185,62,120,197,168,17,48,63];False
2426;7113;9539;[50,146,147,37,109,44,180,4,172,12,130,117,77,112,93,184,66,157,103,105,74,188,144,31,6,2,167,61,45,138,41,49,78,128,42,57,3,121,162,126,143,160,91,1,33,124,94,196,36,46,140,92,82,23,189,81,0,85,22,26,176,193,9,178,170,95,38,139,65,20,51,149,34,198,174,118,84,67,32,72,163,25,70,19,16,190,11,113,156,71,165,87,194,8,173,18,131,110,101,59,80,100,30,134,148,195,97,58,175,151,7,191,181,68,123,142,137,158,54,52,119,187,39,107,55,14,13,111,132,89,75,129,15,135,53,183,69,159,164,90,28,155,73,99,106,136,115,152,35,161,102,86,133,76,122,116,104,125,145,56,21,108,192,40,169,182,29,154,60,177,27,43,127,96,171,141,98,114,64,79,179,47,88,5,186,199,83,153,166,24,150,10,185,62,120,197,168,17,48,63];True
2583;7083;9666;[50,146,180,37,109,44,51,4,172,12,130,117,77,112,93,184,66,157,103,105,74,188,144,31,6,2,167,61,45,138,41,49,78,128,42,57,3,121,162,126,143,160,91,1,33,124,94,196,36,46,140,92,147,23,189,81,0,85,22,26,176,193,9,178,170,95,38,139,65,20,82,149,34,198,174,118,84,67,32,72,163,25,70,19,16,190,11,113,156,71,165,87,194,8,173,18,131,110,101,59,80,100,30,134,148,195,97,58,175,151,7,191,181,68,123,142,137,158,54,52,119,187,39,107,55,14,13,111,132,89,75,129,15,135,53,183,69,159,164,90,28,155,73,99,106,136,115,152,35,161,102,86,133,76,122,116,104,125,145,56,21,108,192,40,169,182,29,154,60,177,27,43,127,96,171,141,98,114,64,79,179,47,88,5,186,199,83,153,166,24,150,10,185,62,120,197,168,17,48,63];True
2753;7082;9835;[50,146,180,37,109,17,82,149,172,12,130,117,77,112,93,184,66,157,103,105,74,188,144,31,6,2,167,61,45,138,41,49,78,128,42,57,3,121,162,126,143,160,91,1,33,124,94,196,36,46,140,92,147,23,189,81,0,85,22,26,176,193,9,178,170,95,38,139,65,20,51,4,34,198,174,118,84,67,32,72,163,25,70,19,16,190,11,113,156,71,165,87,194,8,173,18,131,110,101,59,80,100,30,134,148,195,97,58,175,151,7,191,181,68,123,142,137,158,54,52,119,187,39,107,55,14,13,111,132,89,75,129,15,135,53,183,69,159,164,90,28,155,73,99,106,136,115,152,35,161,102,86,133,76,122,116,104,125,145,56,21,108,192,40,169,182,29,154,60,177,27,43,127,96,171,141,98,114,64,79,179,47,88,5,186,199,83,153,166,24,150,10,185,62,120,197,168,44,48,63];False
2612;7080;9692;[50,21,180,37,109,44,51,4,172,12,130,117,77,112,93,184,66,157,103,105,74,188,144,31,6,2,167,61,45,138,41,49,78,128,42,57,3,121,162,126,143,160,91,1,33,124,94,196,36,46,140,92,147,23,189,81,0,85,22,26,176,193,9,178,170,95,38,139,65,20,82,149,34,198,174,118,84,67,32,72,163,25,70,19,16,190,11,113,156,71,165,87,194,8,173,18,131,110,101,59,80,100,30,134,148,195,97,58,175,151,7,191,181,68,123,142,137,158,54,52,119,187,39,107,55,14,13,111,132,89,75,129,15,135,53,183,69,159,164,90,28,155,73,99,106,136,115,152,35,161,102,86,133,76,122,116,104,125,145,56,146,108,192,40,169,182,29,154,60,177,27,43,127,96,171,141,98,114,64,79,179,47,88,5,186,199,83,153,166,24,150,10,185,62,120,197,168,17,48,63];True
2580;7085;9665;[198,174,149,142,193,109,147,118,172,12,130,117,77,112,93,10,66,157,103,105,74,188,144,31,8,87,167,61,45,138,41,49,78,128,42,57,3,121,162,126,143,160,91,1,33,124,178,196,36,44,140,92,82,23,189,81,0,85,22,26,176,46,9,35,170,95,38,139,19,20,51,50,34,194,180,4,84,67,32,72,163,25,70,65,16,37,195,113,156,71,165,184,146,94,173,18,131,110,101,59,80,100,30,134,148,11,97,58,175,151,7,191,181,68,123,190,137,158,54,52,119,187,39,107,55,14,13,111,132,89,75,129,15,135,53,183,69,159,164,90,28,155,73,99,106,136,115,152,2,161,102,86,133,76,122,116,104,125,145,56,21,108,192,40,169,182,29,154,60,177,27,43,127,96,171,141,98,114,64,79,179,47,88,5,186,199,83,153,166,24,150,6,185,62,120,197,168,17,48,63];True
2740;7077;9817;[198,118,174,149,193,109,147,142,172,12,130,117,77,112,93,10,66,157,103,105,74,188,144,31,8,87,167,61,45,138,41,49,78,128,42,57,3,121,162,126,143,160,91,1,33,124,178,196,36,44,140,92,82,23,189,81,0,85,22,26,176,46,9,35,170,95,38,139,19,20,51,50,34,194,180,4,84,67,32,72,163,25,70,65,16,37,195,113,156,71,165,184,146,94,173,18,131,110,101,59,80,100,30,134,148,11,97,58,175,151,7,191,181,68,123,190,137,158,54,52,119,187,39,107,55,14,13,111,132,89,75,129,15,135,53,183,69,159,164,90,28,155,73,99,106,136,115,152,2,161,102,86,133,76,122,116,104,125,145,56,21,108,192,40,169,182,29,154,60,177,27,43,127,96,171,141,98,114,64,79,179,47,88,5,186,199,83,153,166,24,150,6,185,62,120,197,168,17,48,63];True
1586;8596;10182;[189,49,102,122,114,3,2,129,72,105,99,73,140,178,192,10,123,17,8,94,173,18,25,120,24,197,15,9,150,143,67,60,147,65,124,142,130,22,38,21,135,14,75,151,7,153,187,127,39,107,101,76,50,53,93,27,30,134,58,86,181,82,23,12,54,158,121,168,117,98,78,110,81,52,106,118,183,83,26,79,185,148,167,61,59,36,46,5,41,133,96,157,138,45,188,87,66,126,198,159,174,1,51,29,154,156,160,71,69,190,43,128,85,164,111,88,40,37,145,139,33,13,172,195,182,109,141,35,6,56,92,194,31,171,152,57,186,113,196,89,162,146,28,74,4,97,131,0,199,62,44,34,108,20,55,155,184,161,80,137,177,169,191,11,104,180,163,170,95,91,90,125,149,32,68,63,100,116,175,165,193,16,136,144,70,19,64,103,112,84,77,115,179,176,42,47,132,166,119,48];True
1624;8587;10211;[92,41,49,122,114,3,2,129,72,105,99,73,140,178,192,10,123,17,8,94,173,18,25,120,24,197,15,9,150,143,67,60,147,65,124,142,130,22,38,21,135,14,75,151,7,153,187,127,39,107,101,76,50,53,93,27,30,134,58,86,181,82,23,12,54,158,121,168,117,98,78,110,81,52,106,118,183,83,26,79,185,148,167,61,59,36,46,5,102,133,96,157,138,45,188,87,66,126,198,159,174,1,51,29,154,156,160,71,69,190,43,128,85,164,111,88,40,37,145,139,33,13,172,195,182,109,141,35,6,56,189,194,31,171,152,57,186,113,196,89,162,146,28,74,4,97,131,0,199,62,44,34,108,20,55,155,184,161,80,137,177,169,191,11,104,180,163,170,95,91,90,125,149,32,68,63,100,116,175,165,193,16,136,144,70,19,64,103,112,84,77,115,179,176,42,47,132,166,119,48];True
2065;7245;9310;[50,190,121,162,19,90,149,178,127,132,130,84,77,112,93,147,66,157,103,105,74,188,144,31,142,117,167,61,45,138,41,49,78,128,42,57,197,146,118,126,143,160,91,1,33,124,180,196,36,46,140,92,82,23,189,81,0,85,22,26,176,193,109,20,170,95,38,139,65,4,70,194,34,198,174,184,35,67,32,72,163,25,51,8,16,125,11,113,156,71,165,87,37,94,173,18,131,110,101,59,80,100,30,134,148,195,97,58,175,151,7,191,181,68,123,6,137,158,54,52,119,187,39,107,55,14,13,172,12,89,75,129,15,135,53,183,69,159,164,9,28,155,73,99,106,136,115,152,2,161,102,86,133,76,122,116,104,17,145,56,21,108,192,40,169,182,29,154,60,177,27,43,111,96,171,141,98,114,64,79,179,47,88,5,186,199,83,153,166,24,150,10,185,62,120,3,168,44,48,63];True
2035;7292;9327;[50,190,187,147,19,87,121,178,127,132,130,84,77,112,93,162,66,157,103,105,74,188,144,31,142,117,167,61,45,138,41,49,78,128,42,57,197,146,118,126,143,160,91,1,33,124,180,196,36,46,140,92,82,23,189,81,0,85,22,26,176,193,109,20,170,95,38,139,9,4,70,194,34,198,174,184,35,67,32,72,163,25,51,8,16,125,11,113,156,71,165,65,37,94,173,18,131,110,101,59,80,100,30,134,148,195,97,58,175,151,7,191,181,68,123,6,137,158,54,52,119,149,39,107,55,14,13,172,12,89,75,129,15,135,53,183,69,159,164,90,28,155,73,99,106,136,115,152,2,161,102,86,133,76,122,116,104,17,145,56,21,108,192,40,169,182,29,154,60,177,27,43,111,96,171,141,98,114,64,79,179,47,88,5,186,199,83,153,166,24,150,10,185,62,120,3,168,44,48,63];True
2060;7258;9318;[50,118,129,162,19,87,121,178,127,132,130,84,77,112,93,147,66,157,103,105,74,188,144,31,142,117,167,61,45,138,41,49,78,128,42,57,197,146,190,126,143,160,91,1,33,124,180,196,36,46,140,92,82,23,189,81,0,85,22,26,176,193,109,20,170,95,38,139,9,4,70,194,34,198,174,184,35,67,32,72,163,25,51,8,16,125,11,113,156,71,165,65,37,94,173,18,131,110,101,59,80,100,30,134,148,195,97,58,175,151,7,191,181,68,123,6,137,158,54,52,119,187,39,107,55,14,13,172,12,89,75,149,15,135,53,183,69,159,164,90,28,155,73,99,106,136,115,152,2,161,102,86,133,76,122,116,104,17,145,56,21,108,192,40,169,182,29,154,60,177,27,43,111,96,171,141,98,114,64,79,179,47,88,5,186,199,83,153,166,24,150,10,185,62,120,3,168,44,48,63];True
1996;7325;9321;[9,143,129,162,19,87,121,178,127,132,130,84,77,112,93,147,66,157,103,105,74,188,144,31,142,117,167,61,45,138,41,49,78,128,42,57,197,50,190,126,118,160,91,1,33,124,180,196,36,46,140,92,82,23,189,81,0,85,22,26,176,193,109,20,170,95,38,139,146,4,70,194,34,198,174,184,35,67,32,72,163,25,51,8,16,125,11,113,156,71,165,65,37,94,173,18,131,110,101,59,80,100,30,134,148,195,97,58,175,151,7,191,181,68,123,6,137,158,54,52,119,187,39,107,55,14,13,172,12,89,75,149,15,135,53,183,69,159,164,90,28,155,73,99,106,136,115,152,2,161,102,86,133,76,122,116,104,17,145,56,21,108,192,40,169,182,29,154,60,177,27,43,111,96,171,141,98,114,64,79,179,47,88,5,186,199,83,153,166,24,150,10,185,62,120,3,168,44,48,63];True
2116;7217;9333;[50,190,121,178,9,147,149,19,172,12,130,84,77,112,93,162,66,157,103,105,74,188,144,31,142,117,167,61,45,138,41,49,78,128,42,57,197,146,118,126,143,160,91,1,33,124,180,196,36,46,140,92,82,23,189,81,0,85,22,26,176,193,109,20,170,95,38,139,65,4,70,194,34,198,174,184,35,67,32,72,163,25,51,8,16,125,11,113,156,71,165,87,37,94,173,18,131,110,101,59,80,100,30,134,148,195,97,58,175,151,7,191,181,68,123,6,137,158,54,52,119,187,39,107,55,14,13,111,132,89,75,129,15,135,53,183,69,159,164,90,28,155,73,99,106,136,115,152,2,161,102,86,133,76,122,116,104,17,145,56,21,108,192,40,169,182,29,154,60,177,27,43,127,96,171,141,98,114,64,79,179,47,88,5,186,199,83,153,166,24,150,10,185,62,120,3,168,44,48,63];True
2241;7173;9414;[50,20,121,162,147,9,149,19,172,12,130,84,77,112,93,178,66,157,103,105,74,188,144,31,142,117,167,61,45,138,41,49,78,128,42,57,197,146,118,126,143,160,91,1,33,124,180,196,36,46,140,92,82,23,189,81,0,85,22,26,176,193,109,190,170,95,38,139,65,4,70,194,34,198,174,184,35,67,32,72,163,25,51,8,16,125,11,113,156,71,165,87,37,94,173,18,131,110,101,59,80,100,30,134,148,195,97,58,175,151,7,191,181,68,123,6,137,158,54,52,119,187,39,107,55,14,13,111,132,89,75,129,15,135,53,183,69,159,164,90,28,155,73,99,106,136,115,152,2,161,102,86,133,76,122,116,104,17,145,56,21,108,192,40,169,182,29,154,60,177,27,43,127,96,171,141,98,114,64,79,179,47,88,5,186,199,83,153,166,24,150,10,185,62,120,3,168,44,48,63];False
2212;7170;9382;[50,4,28,162,147,9,149,19,172,12,130,84,77,112,93,178,66,157,103,105,74,188,144,31,142,117,167,61,45,138,41,49,78,128,42,57,197,146,118,126,143,160,91,1,33,124,180,196,36,46,140,92,82,23,189,81,0,85,22,26,176,193,109,190,170,95,38,139,65,20,70,194,34,198,174,184,35,67,32,72,163,25,51,8,16,125,11,113,156,71,165,87,37,94,173,18,131,110,101,59,80,100,30,134,148,195,97,58,175,151,7,191,181,68,123,6,137,158,54,52,119,187,39,107,55,14,13,111,132,89,75,129,15,135,53,183,69,159,164,90,121,155,73,99,106,136,115,152,2,161,102,86,133,76,122,116,104,17,145,56,21,108,192,40,169,182,29,154,60,177,27,43,127,96,171,141,98,114,64,79,179,47,88,5,186,199,83,153,166,24,150,10,185,62,120,3,168,44,48,63];True
1916;7457;9373;[180,172,12,22,123,93,147,3,2,130,84,117,77,112,106,24,66,157,103,105,74,188,144,118,10,0,167,61,45,138,41,49,78,128,42,57,37,121,162,126,143,160,91,1,33,124,94,196,36,182,140,92,82,23,189,81,87,85,104,46,146,193,9,178,170,95,38,139,19,20,51,149,34,194,136,26,176,67,32,72,163,25,70,65,16,190,11,113,156,71,165,184,31,8,173,18,131,110,101,59,80,100,30,134,148,195,97,137,175,151,7,191,181,68,198,142,58,158,54,52,119,187,39,107,55,14,13,111,132,89,75,4,15,135,53,183,69,159,164,90,28,155,73,99,109,50,115,152,35,161,102,86,133,76,122,116,44,125,145,56,21,108,192,40,169,129,29,154,60,177,27,43,127,96,171,141,98,114,64,79,179,47,88,5,186,199,83,153,166,174,150,6,185,62,120,197,168,17,48,63];True
1928;7434;9362;[90,172,12,22,26,178,147,3,2,130,84,117,77,112,106,24,66,157,103,105,74,188,144,118,10,0,167,61,45,138,41,49,78,128,42,57,37,121,162,126,143,160,91,1,33,124,94,196,36,182,140,92,82,23,189,81,87,85,104,46,146,193,136,93,170,95,38,139,19,20,51,149,34,194,180,123,176,67,32,72,163,25,70,65,16,190,11,113,156,71,165,184,31,8,173,18,131,110,101,59,80,100,30,134,148,195,97,137,175,151,7,191,181,68,198,142,58,158,54,52,119,187,39,107,55,14,13,111,132,89,75,4,15,135,53,183,69,159,164,9,28,155,73,99,109,50,115,152,35,161,102,86,133,76,122,116,44,125,145,56,21,108,192,40,169,129,29,154,60,177,27,43,127,96,171,141,98,114,64,79,179,47,88,5,186,199,83,153,166,174,150,6,185,62,120,197,168,17,48,63];True
1983;7392;9375;[50,172,12,22,26,178,147,3,2,130,84,117,77,112,106,118,66,157,103,105,74,188,93,31,6,87,167,61,45,138,41,49,78,128,42,57,37,121,162,126,143,160,91,1,33,124,94,196,36,182,140,92,82,23,189,81,0,85,104,46,146,193,9,144,170,95,38,139,19,20,51,149,34,194,180,123,176,67,32,72,137,25,136,65,16,190,11,113,156,71,165,184,174,8,173,18,131,110,101,59,80,100,30,134,148,195,97,58,175,151,7,191,181,68,198,142,163,158,54,52,29,187,39,107,55,14,13,111,132,89,75,4,15,135,53,183,69,159,164,90,28,155,73,99,109,70,115,152,35,161,102,86,133,76,122,116,44,125,145,56,21,108,192,40,169,129,119,154,60,177,27,43,127,96,171,141,98,114,64,79,179,47,88,5,186,199,83,153,166,24,150,10,185,62,120,197,168,17,48,63];True
1882;7520;9402;[104,172,12,22,26,178,147,3,2,130,84,117,77,112,193,24,66,157,103,105,74,188,93,118,10,0,167,61,45,138,41,44,78,128,42,57,37,121,162,126,143,160,91,1,33,124,94,196,36,46,140,92,82,23,189,81,87,106,136,116,146,85,9,144,170,95,38,139,19,20,51,149,34,194,180,123,176,67,32,72,163,25,70,65,16,190,11,113,156,71,165,184,31,8,173,18,131,110,101,59,80,100,30,134,148,195,97,137,175,151,7,191,181,68,198,142,58,158,54,52,119,187,39,107,55,14,13,111,132,89,75,4,15,135,53,183,69,159,164,90,28,155,73,99,109,50,115,152,35,161,102,86,133,76,122,49,182,125,145,56,21,108,192,40,169,129,29,154,60,177,27,43,127,96,171,141,98,114,64,79,179,47,88,5,186,199,83,153,166,174,150,6,185,62,120,197,168,17,48,63];True
